simulation_files/asc_files/Depth____69.0.asc
NCOLS       411
NROWS       131
XLLCENTER    2538020.000000
YLLCENTER    1152390.000000
CELLSIZE           1.000
NODATA_VALUE     -9999.0
[rows 0 to 25 of 131, columns 300 to 359 of 411]
-9999.000 -9999.000 -9999.000 -9999.000 -9999.000 -9999.000 -9999.000 -9999.000 -9999.000 -9999.000 -9999.000 -9999.000 -9999.000 -9999.000 -9999.000 -9999.000 -9999.000 -9999.000 -9999.000 -9999.000 -9999.000 -9999.000 -9999.000 -9999.000 -9999.000 -9999.000 -9999.000 -9999.000 -9999.000 -9999.000 -9999.000 -9999.000 -9999.000 -9999.000 -9999.000 -9999.000 -9999.000 -9999.000 -9999.000 -9999.000 -9999.000 -9999.000 -9999.000 -9999.000 -9999.000 -9999.000 -9999.000 -9999.000 -9999.000 -9999.000 -9999.000 -9999.000 -9999.000 -9999.000 -9999.000 -9999.000 -9999.000 -9999.000 -9999.000 -9999.000
-9999.000 -9999.000 -9999.000 -9999.000 -9999.000 -9999.000 -9999.000 -9999.000 -9999.000 -9999.000 -9999.000 -9999.000 -9999.000 -9999.000 -9999.000 -9999.000 -9999.000 -9999.000 -9999.000 -9999.000 -9999.000 -9999.000 -9999.000 -9999.000 -9999.000 -9999.000 -9999.000 -9999.000 -9999.000 -9999.000 -9999.000 -9999.000 -9999.000 -9999.000 -9999.000 -9999.000 -9999.000 -9999.000 -9999.000 -9999.000 -9999.000 -9999.000 -9999.000 -9999.000 -9999.000 -9999.000 -9999.000 -9999.000 -9999.000 -9999.000 -9999.000 -9999.000 -9999.000 -9999.000 -9999.000 -9999.000 -9999.000 -9999.000 -9999.000 -9999.000
-9999.000 -9999.000 -9999.000 -9999.000 -9999.000 -9999.000 -9999.000 -9999.000 -9999.000 -9999.000 -9999.000 -9999.000 -9999.000 -9999.000 -9999.000 -9999.000 -9999.000 -9999.000 -9999.000 -9999.000 -9999.000 -9999.000 -9999.000 -9999.000 -9999.000 -9999.000 -9999.000 -9999.000 -9999.000 -9999.000 -9999.000 -9999.000 -9999.000 -9999.000 -9999.000 -9999.000 -9999.000 -9999.000 -9999.000 -9999.000 -9999.000 -9999.000 -9999.000 -9999.000 -9999.000 -9999.000 -9999.000 -9999.000 -9999.000 -9999.000 -9999.000 -9999.000 -9999.000 -9999.000 -9999.000 -9999.000 -9999.000 -9999.000 -9999.000 -9999.000
-9999.000 -9999.000 -9999.000 -9999.000 -9999.000 -9999.000 -9999.000 -9999.000 -9999.000 -9999.000 -9999.000 -9999.000 -9999.000 -9999.000 -9999.000 -9999.000 -9999.000 -9999.000 -9999.000 -9999.000 -9999.000 -9999.000 -9999.000 -9999.000 -9999.000 -9999.000 -9999.000 -9999.000 -9999.000 -9999.000 -9999.000 -9999.000 -9999.000 -9999.000 -9999.000 -9999.000 -9999.000 -9999.000 -9999.000 -9999.000 -9999.000 -9999.000 -9999.000 -9999.000 -9999.000 -9999.000 -9999.000 -9999.000 -9999.000 -9999.000 -9999.000 -9999.000 -9999.000 -9999.000 -9999.000 -9999.000 -9999.000 -9999.000 -9999.000 -9999.000
-9999.000 -9999.000 -9999.000 -9999.000 -9999.000 -9999.000 -9999.000 -9999.000 -9999.000 -9999.000 -9999.000 -9999.000 -9999.000 -9999.000 -9999.000 -9999.000 -9999.000 -9999.000 -9999.000 -9999.000 -9999.000 -9999.000 -9999.000 -9999.000 -9999.000 -9999.000 -9999.000 -9999.000 -9999.000 -9999.000 -9999.000 -9999.000 -9999.000 -9999.000 -9999.000 -9999.000 -9999.000 -9999.000 -9999.000 -9999.000 -9999.000 -9999.000 -9999.000 -9999.000 -9999.000 -9999.000 -9999.000 -9999.000 -9999.000 -9999.000 -9999.000 -9999.000 -9999.000 -9999.000 -9999.000 -9999.000 -9999.000 -9999.000 -9999.000 -9999.000
-9999.000 -9999.000 -9999.000 -9999.000 -9999.000 -9999.000 -9999.000 -9999.000 -9999.000 -9999.000 -9999.000 -9999.000 -9999.000 -9999.000 -9999.000 -9999.000 -9999.000 -9999.000 -9999.000 -9999.000 -9999.000 -9999.000 -9999.000 -9999.000 -9999.000 -9999.000 -9999.000 -9999.000 -9999.000 -9999.000 -9999.000 -9999.000 -9999.000 -9999.000 -9999.000 -9999.000 -9999.000 -9999.000 -9999.000 -9999.000 -9999.000 -9999.000 -9999.000 -9999.000 -9999.000 -9999.000 -9999.000 -9999.000 -9999.000 -9999.000 -9999.000 -9999.000 -9999.000 -9999.000 -9999.000 -9999.000 -9999.000 -9999.000 -9999.000 -9999.000
-9999.000 -9999.000 -9999.000 -9999.000 -9999.000 -9999.000 -9999.000 -9999.000 -9999.000 -9999.000 -9999.000 -9999.000 -9999.000 -9999.000 -9999.000 -9999.000 -9999.000 -9999.000 -9999.000 -9999.000 -9999.000 -9999.000 -9999.000 -9999.000 -9999.000 -9999.000 -9999.000 -9999.000 -9999.000 -9999.000 -9999.000 -9999.000 -9999.000 -9999.000 -9999.000 -9999.000 -9999.000 -9999.000 -9999.000 -9999.000 -9999.000 -9999.000 -9999.000 -9999.000 -9999.000 -9999.000 -9999.000 -9999.000 -9999.000 -9999.000 -9999.000 -9999.000 -9999.000 -9999.000 -9999.000 -9999.000 -9999.000 -9999.000 -9999.000 -9999.000
-9999.000 -9999.000 -9999.000 -9999.000 -9999.000 -9999.000 -9999.000 -9999.000 -9999.000 -9999.000 -9999.000 -9999.000 -9999.000 -9999.000 -9999.000 -9999.000 -9999.000 -9999.000 -9999.000 -9999.000 -9999.000 -9999.000 -9999.000 -9999.000 -9999.000 -9999.000 -9999.000 -9999.000 -9999.000 -9999.000 -9999.000 -9999.000 -9999.000 -9999.000 -9999.000 -9999.000 -9999.000 -9999.000 -9999.000 -9999.000 -9999.000 -9999.000 -9999.000 -9999.000 -9999.000 -9999.000 -9999.000 -9999.000 -9999.000 -9999.000 -9999.000 -9999.000 -9999.000 -9999.000 -9999.000 -9999.000 -9999.000 -9999.000 -9999.000 -9999.000
-9999.000 -9999.000 -9999.000 -9999.000 -9999.000 -9999.000 -9999.000 0.2792078E-01 0.3509874E-01 0.4525052E-01 0.5733297E-01 -9999.000 -9999.000 -9999.000 -9999.000 -9999.000 -9999.000 -9999.000 -9999.000 -9999.000 -9999.000 -9999.000 -9999.000 -9999.000 -9999.000 -9999.000 -9999.000 -9999.000 -9999.000 -9999.000 -9999.000 -9999.000 -9999.000 -9999.000 -9999.000 -9999.000 -9999.000 -9999.000 -9999.000 -9999.000 -9999.000 -9999.000 -9999.000 -9999.000 -9999.000 -9999.000 -9999.000 -9999.000 -9999.000 -9999.000 -9999.000 -9999.000 -9999.000 -9999.000 -9999.000 -9999.000 -9999.000 -9999.000 -9999.000 -9999.000
-9999.000 -9999.000 -9999.000 -9999.000 -9999.000 -9999.000 0.2539981E-01 0.3894568E-01 0.4741586E-01 0.5308087E-01 0.7150495E-01 0.7836706E-01 0.8786853E-01 0.9609375E-01 0.1086366 0.1178210 -9999.000 -9999.000 -9999.000 -9999.000 -9999.000 -9999.000 -9999.000 -9999.000 -9999.000 -9999.000 -9999.000 -9999.000 -9999.000 -9999.000 -9999.000 -9999.000 -9999.000 -9999.000 -9999.000 -9999.000 -9999.000 -9999.000 -9999.000 -9999.000 -9999.000 -9999.000 -9999.000 -9999.000 -9999.000 -9999.000 -9999.000 -9999.000 -9999.000 -9999.000 -9999.000 -9999.000 -9999.000 -9999.000 -9999.000 -9999.000 -9999.000 -9999.000 -9999.000 -9999.000
0.1399772 0.1602765 0.1553384 0.1380019 0.1248335 0.1057207 0.8756273E-01 0.9273986E-01 0.1155444 0.1180625 0.1191580 0.1335758 0.1334131 0.1392386 0.1493585 0.1580131 0.1644914 0.1728747 0.2006811 0.2155616 0.2443266 0.2547536 0.2518194 0.2533630 0.2652831 0.2860224 0.3091078 0.3283436 0.3505890 0.3650158 0.3574513 0.3511444 0.3487404 0.3455348 0.3428787 0.3420191 0.3443409 0.3463220 0.3458484 0.3412727 0.3348103 0.3286572 0.3233584 0.3174188 0.3098410 0.2981957 0.2852490 0.2727755 0.2606097 0.2501626 0.2389558 0.2221635 0.1955202 0.1548339 0.1114785 0.9736182E-01 0.9749948E-01 0.1021659 0.1156452 0.1275731
0.2613312 0.2586700 0.2466805 0.2345380 0.2437097 0.2458558 0.2477724 0.2603285 0.2736867 0.2684782 0.2557535 0.2518132 0.2535795 0.2486578 0.2518048 0.2586163 0.2611995 0.2640216 0.2707794 0.2826171 0.2928862 0.3060919 0.3117643 0.3085167 0.3136753 0.3319318 0.3534100 0.3622354 0.3650623 0.3679735 0.3685801 0.3638933 0.3609056 0.3595200 0.3579081 0.3561030 0.3557005 0.3548914 0.3526613 0.3485515 0.3427065 0.3361917 0.3289872 0.3208879 0.3099300 0.2962444 0.2833712 0.2699704 0.2565511 0.2441415 0.2345880 0.2201171 0.2012436 0.1907748 0.1649141 0.1431810 0.1215552 0.1128172 0.1178054 0.1287573
0.3858024 0.3706653 0.3616471 0.3667478 0.3788672 0.3877540 0.4030564 0.4099034 0.4057458 0.3988053 0.3977303 0.3908871 0.3857863 0.3813347 0.3922463 0.3974808 0.3971904 0.3959747 0.4043764 0.4084988 0.4108189 0.4173947 0.4201937 0.4167533 0.4174566 0.4296322 0.4267387 0.4189281 0.4078724 0.4052425 0.4013843 0.3956117 0.3963132 0.3961659 0.3948281 0.3929924 0.3933263 0.3885955 0.3824419 0.3779239 0.3745338 0.3663294 0.3564902 0.3466547 0.3327602 0.3180826 0.3053132 0.2961527 0.2848526 0.2783272 0.2757422 0.2704504 0.2638146 0.2576966 0.2501009 0.2373413 0.2082799 0.2043371 0.1928243 0.1898961
0.4775829 0.4581432 0.4496157 0.4588421 0.4628254 0.4698090 0.4807449 0.4811558 0.4773107 0.4737375 0.4769832 0.4753955 0.4749904 0.4752754 0.4773935 0.4818199 0.4833544 0.4884063 0.4963507 0.4995373 0.5011430 0.5047919 0.5086864 0.5059250 0.5042975 0.4965561 0.4813774 0.4666143 0.4579391 0.4520822 0.4456854 0.4413241 0.4451364 0.4450446 0.4433003 0.4434792 0.4373809 0.4279009 0.4187581 0.4132025 0.4056969 0.3972110 0.3902133 0.3816396 0.3711346 0.3606684 0.3578876 0.3501465 0.3433110 0.3422216 0.3430025 0.3412276 0.3413631 0.3497374 0.3474696 0.3459832 0.3465385 0.3639820 0.3483062 0.3481023
0.5806645 0.5576781 0.5383746 0.5336547 0.5253302 0.5191221 0.5185656 0.5148612 0.5110946 0.5119203 0.5136806 0.5161485 0.5177899 0.5181536 0.5207397 0.5225032 0.5265325 0.5341342 0.5412140 0.5468432 0.5513718 0.5564021 0.5547762 0.5507240 0.5441170 0.5350019 0.5218347 0.5087733 0.5015098 0.4928056 0.4866993 0.4833732 0.4847596 0.4826212 0.4786203 0.4743990 0.4668578 0.4586035 0.4513223 0.4457791 0.4382461 0.4318275 0.4285443 0.4266097 0.4214416 0.4199378 0.4194256 0.4152292 0.4107868 0.4113073 0.4117035 0.4112380 0.4194601 0.4280486 0.4362343 0.4463436 0.4668451 0.4857979 0.4914848 0.4960154
0.6837349 0.6684672 0.6445977 0.6211766 0.5916408 0.5708926 0.5598682 0.5491456 0.5439514 0.5434377 0.5462752 0.5516546 0.5530862 0.5549082 0.5575009 0.5593586 0.5627689 0.5671898 0.5720683 0.5748479 0.5790519 0.5792675 0.5755644 0.5715523 0.5691173 0.5650424 0.5571783 0.5506853 0.5408410 0.5297479 0.5205078 0.5168147 0.5132102 0.5091412 0.5035595 0.5008983 0.4969307 0.4919099 0.4906610 0.4861070 0.4811496 0.4768594 0.4791619 0.4771477 0.4747921 0.4746888 0.4780347 0.4768387 0.4755018 0.4813485 0.4801073 0.4807448 0.4851314 0.4999608 0.5102064 0.5231447 0.5440090 0.5559346 0.5620875 0.5642465
0.7535749 0.7448476 0.7288558 0.7049738 0.6738235 0.6464911 0.6264140 0.6078560 0.5988510 0.5964911 0.6001641 0.6018171 0.6026500 0.6085823 0.6083916 0.6077685 0.6091927 0.6136341 0.6116826 0.6084620 0.6049554 0.6035933 0.5991368 0.5941336 0.5941258 0.5919313 0.5871906 0.5796095 0.5731384 0.5642196 0.5555149 0.5515210 0.5467536 0.5426844 0.5403695 0.5418200 0.5388144 0.5363572 0.5391727 0.5393422 0.5371971 0.5374909 0.5409524 0.5388065 0.5376885 0.5403587 0.5444932 0.5445446 0.5503774 0.5575285 0.5601748 0.5631663 0.5723333 0.5805555 0.5842534 0.5890067 0.6001501 0.6094682 0.6164804 0.6296378
0.7624608 0.7563200 0.7503170 0.7438115 0.7307764 0.7119804 0.6968340 0.6760958 0.6609687 0.6528406 0.6502793 0.6477170 0.6471552 0.6481827 0.6462387 0.6443442 0.6442537 0.6425836 0.6378568 0.6327583 0.6278385 0.6231162 0.6174462 0.6105403 0.6040652 0.5994967 0.5946812 0.5892853 0.5862506 0.5840641 0.5817130 0.5821609 0.5824559 0.5820306 0.5849361 0.5870140 0.5869961 0.5871427 0.5930179 0.5963154 0.5965915 0.6047994 0.6075648 0.6079407 0.6100438 0.6215320 0.6228560 0.6249200 0.6300449 0.6448719 0.6503390 0.6557824 0.6669266 0.6666296 0.6650042 0.6633533 0.6697726 0.6710358 0.6768866 0.6923975
0.7388308 0.7404909 0.7432404 0.7484934 0.7518587 0.7518971 0.7459462 0.7323169 0.7134444 0.6953157 0.6760526 0.6637313 0.6568706 0.6503654 0.6465408 0.6446213 0.6389445 0.6329444 0.6274883 0.6222208 0.6113076 0.6056889 0.6004526 0.5944075 0.5857768 0.5830255 0.5815143 0.5808234 0.5836813 0.5870562 0.5903859 0.5943558 0.5976948 0.6010171 0.6047190 0.6091961 0.6132006 0.6184119 0.6250374 0.6309779 0.6361543 0.6443419 0.6533779 0.6599169 0.6683871 0.6768479 0.6836648 0.6904107 0.7003527 0.7099537 0.7165554 0.7246622 0.7333030 0.7364356 0.7372871 0.7412498 0.7398934 0.7389429 0.7403512 0.7501761
0.7055312 0.7147138 0.7227998 0.7333835 0.7424452 0.7494266 0.7543729 0.7532904 0.7444983 0.7266666 0.6999802 0.6727164 0.6488864 0.6295218 0.6171050 0.6080740 0.5977567 0.5889969 0.5834420 0.5760305 0.5680484 0.5643376 0.5618439 0.5571647 0.5563261 0.5586173 0.5610990 0.5634456 0.5682676 0.5735493 0.5770942 0.5822546 0.5864409 0.5910415 0.5951343 0.6006444 0.6077027 0.6147133 0.6243497 0.6346580 0.6450260 0.6543711 0.6655385 0.6764599 0.6868906 0.6974481 0.7078104 0.7178715 0.7270067 0.7361952 0.7441339 0.7530093 0.7620846 0.7692828 0.7757945 0.7821587 0.7846302 0.7853186 0.7852847 0.7842189
0.6767706 0.6873263 0.6962792 0.7083523 0.7192082 0.7260129 0.7342679 0.7402519 0.7418346 0.7379613 0.7229183 0.6960368 0.6639772 0.6256421 0.5914759 0.5693189 0.5533331 0.5443642 0.5381192 0.5337037 0.5282159 0.5276508 0.5286728 0.5288984 0.5322310 0.5363369 0.5398400 0.5427589 0.5475068 0.5516779 0.5558767 0.5618090 0.5670874 0.5717639 0.5769792 0.5842594 0.5926912 0.6010055 0.6102095 0.6208835 0.6306945 0.6414014 0.6537330 0.6666084 0.6776264 0.6891379 0.7011460 0.7122355 0.7220192 0.7331376 0.7437941 0.7534039 0.7634909 0.7728504 0.7809613 0.7882313 0.7950146 0.7994079 0.8014345 0.7974929
0.6623941 0.6712275 0.6791647 0.6881385 0.6962466 0.7033124 0.7107186 0.7160321 0.7189466 0.7196620 0.7155289 0.7048228 0.6852977 0.6554116 0.6164486 0.5831469 0.5531604 0.5314802 0.5199035 0.5143504 0.5119307 0.5123178 0.5147040 0.5165697 0.5195911 0.5228483 0.5256701 0.5303798 0.5344747 0.5393166 0.5438917 0.5497637 0.5553494 0.5630508 0.5689081 0.5752845 0.5827839 0.5900839 0.5979658 0.6061605 0.6147907 0.6247221 0.6356866 0.6468833 0.6571504 0.6688258 0.6809469 0.6927747 0.7038186 0.7166283 0.7279915 0.7384901 0.7499964 0.7606664 0.7695152 0.7774413 0.7849019 0.7896868 0.7914096 0.7907264
0.6602603 0.6674267 0.6746670 0.6808940 0.6862777 0.6899970 0.6946168 0.6985858 0.6995026 0.7007043 0.7008062 0.6998090 0.6984795 0.6914669 0.6740884 0.6520933 0.6193118 0.5826024 0.5561440 0.5403668 0.5288720 0.5239728 0.5233411 0.5241273 0.5254037 0.5283614 0.5324236 0.5366497 0.5411693 0.5476786 0.5543063 0.5597799 0.5664317 0.5738370 0.5790877 0.5842995 0.5908484 0.5964407 0.6015968 0.6075240 0.6151315 0.6233946 0.6316372 0.6397920 0.6481062 0.6562160 0.6658290 0.6758922 0.6877156 0.6998972 0.7121150 0.7223875 0.7335852 0.7447871 0.7540818 0.7622838 0.7710461 0.7759743 0.7763222 0.7752489
0.6568005 0.6604041 0.6651852 0.6696409 0.6717706 0.6730621 0.6766729 0.6806909 0.6853039 0.6912179 0.6970476 0.7041932 0.7119014 0.7187868 0.7234467 0.7273758 0.7184490 0.6906541 0.6611351 0.6248361 0.5909466 0.5691555 0.5617385 0.5557847 0.5524458 0.5514450 0.5563606 0.5598322 0.5633304 0.5710141 0.5766692 0.5822281 0.5879584 0.5965434 0.6016054 0.6065555 0.6146952 0.6192369 0.6240010 0.6291576 0.6370386 0.6411641 0.6458088 0.6516289 0.6581696 0.6644657 0.6717220 0.6796148 0.6882240 0.6983074 0.7090676 0.7201533 0.7303239 0.7402463 0.7489502 0.7561469 0.7617148 0.7648841 0.7665389 0.7685596
0.6429850 0.6409259 0.6420382 0.6439114 0.6429980 0.6485605 0.6562488 0.6647677 0.6721606 0.6823944 0.6927464 0.7043153 0.7169944 0.7304648 0.7441596 0.7591135 0.7680897 0.7680075 0.7560351 0.7360210 0.6946113 0.6548053 0.6285707 0.6063367 0.5947063 0.5910910 0.5917393 0.5909916 0.5917732 0.5974489 0.6023307 0.6074990 0.6146612 0.6219452 0.6277040 0.6332658 0.6415504 0.6476437 0.6528972 0.6600663 0.6656853 0.6673412 0.6692591 0.6740728 0.6781247 0.6828367 0.6889862 0.6931742 0.6980910 0.7049204 0.7127476 0.7202171 0.7277253 0.7351884 0.7409569 0.7466355 0.7523862 0.7563612 0.7622892 0.7690356
0.5957625 0.5937813 0.5970766 0.6009252 0.6006380 0.6093594 0.6207641 0.6299216 0.6408499 0.6549724 0.6700991 0.6836541 0.6991113 0.7166768 0.7335707 0.7536238 0.7742314 0.7913442 0.7974799 0.7967360 0.7801148 0.7513774 0.7139645 0.6739176 0.6440718 0.6307994 0.6220150 0.6179879 0.6161739 0.6185500 0.6216611 0.6261050 0.6330276 0.6390395 0.6452041 0.6516387 0.6590879 0.6651294 0.6707519 0.6767247 0.6839438 0.6880999 0.6900787 0.6920798 0.6942743 0.6965236 0.6982225 0.6992706 0.7011556 0.7035013 0.7060158 0.7099812 0.7143691 0.7173780 0.7204934 0.7262281 0.7344954 0.7426342 0.7540408 0.7666075
