simulation_files/asc_files/Depth____76.0.asc
NCOLS       411
NROWS       131
XLLCENTER    2538020.000000
YLLCENTER    1152390.000000
CELLSIZE           1.000
NODATA_VALUE     -9999.0
[rows 26 to 51 of 131, columns 240 to 299 of 411]
1.112182 1.212433 1.282883 1.329020 1.356482 1.374231 1.384267 1.382276 1.380859 1.370405 1.380133 1.376052 1.337793 1.291846 1.021951 0.7766895 0.7431282 0.7461930 0.7265702 0.6799090 0.6218248 0.5710776 0.5386066 0.5185602 0.4991878 0.4821813 0.4703774 0.4615631 0.4552068 0.4534419 0.4527121 0.4553910 0.4560225 0.4619430 0.4682501 0.4702767 0.4724916 0.4792159 0.4855455 0.4823511 0.4864557 0.4912025 0.4900234 0.4929726 0.5000401 0.5080055 0.5108866 0.5180219 0.5260563 0.5242952 0.5270155 0.5345883 0.5436585 0.5432312 0.5507224 0.5573523 0.5562577 0.5562789 0.5605975 0.5643618
1.092882 1.217941 1.287888 1.327905 1.358923 1.386338 1.403383 1.420097 1.434438 1.434291 1.425325 1.400699 1.369765 1.331368 1.206378 0.8752798 0.7065552 0.7222937 0.7390609 0.7326357 0.7025924 0.6532535 0.6009413 0.5578130 0.5358591 0.5111679 0.4914692 0.4719202 0.4514167 0.4359001 0.4270868 0.4169936 0.4071193 0.4035047 0.4031925 0.3975888 0.4006533 0.4048323 0.4084047 0.4044844 0.4083760 0.4097159 0.4051945 0.4104636 0.4173215 0.4222505 0.4225884 0.4291275 0.4348995 0.4366618 0.4358961 0.4438200 0.4492865 0.4541956 0.4647297 0.4738013 0.4772318 0.4808157 0.4883975 0.4901986
1.073129 1.218913 1.292910 1.328724 1.364487 1.398117 1.431000 1.468265 1.492735 1.503703 1.491679 1.460798 1.428809 1.394427 1.307018 1.039692 0.7484419 0.7014823 0.7151389 0.7431798 0.7568130 0.7343171 0.6886685 0.6271990 0.5818534 0.5485034 0.5378372 0.5246558 0.4966907 0.4781086 0.4589362 0.4336876 0.4112765 0.3905634 0.3759406 0.3639900 0.3555891 0.3513467 0.3448935 0.3417907 0.3416956 0.3425864 0.3402216 0.3425540 0.3465817 0.3447658 0.3480765 0.3518760 0.3559113 0.3531762 0.3588212 0.3662024 0.3711496 0.3765061 0.3865551 0.3972446 0.4008391 0.4133248 0.4257264 0.4344857
1.042221 1.239025 1.299551 1.338891 1.377368 1.415426 1.461132 1.510727 1.540553 1.553935 1.546087 1.514421 1.481330 1.444464 1.394362 1.194973 0.8655869 0.7074431 0.7143348 0.7259163 0.7504153 0.7707397 0.7632015 0.7124368 0.6494678 0.5860432 0.5569139 0.5499256 0.5471680 0.5400896 0.5196198 0.5035852 0.4729706 0.4488683 0.4291350 0.4008872 0.3754356 0.3527944 0.3357772 0.3201179 0.3097725 0.3036015 0.2996374 0.2988184 0.2987593 0.2973468 0.2994260 0.3015768 0.3031799 0.3049428 0.3095458 0.3141222 0.3168660 0.3207698 0.3273858 0.3319910 0.3402762 0.3529854 0.3663521 0.3741141
0.8931209 1.254311 1.312265 1.354579 1.394380 1.431895 1.480112 1.527054 1.557665 1.570461 1.563936 1.546316 1.522433 1.490331 1.449572 1.317954 0.9209311 0.7352252 0.7291054 0.7332513 0.7454071 0.7698293 0.7890928 0.7930997 0.7584238 0.6873104 0.6049717 0.5490533 0.5510888 0.5603838 0.5618735 0.5538693 0.5376266 0.5170666 0.5072590 0.4873890 0.4588855 0.4246360 0.4003581 0.3701985 0.3433172 0.3287255 0.3103389 0.2971742 0.2898021 0.2873504 0.2858147 0.2844711 0.2850414 0.2865778 0.2889577 0.2924403 0.2924918 0.2933391 0.2934085 0.2951868 0.2963175 0.3036531 0.3110571 0.3149252
-9999.000 -9999.000 1.335795 1.376093 1.416777 1.453419 1.499631 1.536609 1.558675 1.568704 1.572714 1.563376 1.548680 1.525846 1.496363 1.421446 1.077743 0.7850002 0.7624896 0.7623777 0.7630686 0.7773829 0.7993592 0.8169669 0.8276798 0.8009994 0.7324919 0.6113599 0.5727523 0.5632028 0.5791373 0.5896379 0.5889741 0.5808536 0.5680142 0.5474136 0.5218853 0.4930845 0.4804523 0.4570583 0.4330309 0.4141019 0.3867830 0.3563482 0.3358297 0.3241739 0.3107979 0.2992326 0.2917671 0.2859549 0.2824915 0.2806474 0.2779519 0.2742314 0.2699344 0.2650278 0.2630215 0.2662197 0.2687212 0.2687842
-9999.000 -9999.000 -9999.000 -9999.000 1.443960 1.485709 1.536232 1.564720 1.577448 1.577318 1.579663 1.576970 1.565063 1.548957 1.524856 1.451698 1.150708 0.8617089 0.8063951 0.8042666 0.7995192 0.7962443 0.8124673 0.8354265 0.8552499 0.8643213 0.8466531 0.7507104 0.6638599 0.5948514 0.5997080 0.6061500 0.6137576 0.6218235 0.6103779 0.5928665 0.5666981 0.5392451 0.5241659 0.5157887 0.5008967 0.4930542 0.4820528 0.4551920 0.4318126 0.4021204 0.3792685 0.3577719 0.3413201 0.3163860 0.2931936 0.2787227 0.2625113 0.2502205 0.2416773 0.2338740 0.2339641 0.2374024 0.2389974 0.2358251
-9999.000 -9999.000 -9999.000 -9999.000 -9999.000 1.523796 1.582883 1.612263 1.607751 1.596861 1.594588 1.587232 1.573982 1.562248 1.540213 1.472515 1.237289 0.9320673 0.8432435 0.8356986 0.8264669 0.8210285 0.8295510 0.8500874 0.8771932 0.9021752 0.9225368 0.9137729 0.8238475 0.6953611 0.6325234 0.6210107 0.6224548 0.6215257 0.6242670 0.6225954 0.6077086 0.5998189 0.5819041 0.5699210 0.5588484 0.5443050 0.5373672 0.5261604 0.5084907 0.4801144 0.4501943 0.4312266 0.4131958 0.3893455 0.3580337 0.3248858 0.2871675 0.2524973 0.2296844 0.2185146 0.2175750 0.2190752 0.2176120 0.2159254
-9999.000 -9999.000 -9999.000 -9999.000 -9999.000 -9999.000 -9999.000 1.634306 1.622579 1.611709 1.609085 1.601133 1.582271 1.565284 1.534008 1.491030 1.318508 0.9952598 0.8675982 0.8527761 0.8489823 0.8455805 0.8453662 0.8598599 0.8942958 0.9430609 0.9758710 1.014922 0.9673114 0.8572520 0.7106971 0.6188606 0.6135676 0.6214574 0.6251223 0.6332216 0.6328798 0.6333215 0.6300394 0.6298638 0.6131181 0.5933629 0.5738611 0.5636725 0.5614372 0.5374826 0.4981404 0.4708336 0.4492665 0.4321823 0.4158750 0.3979487 0.3681734 0.3317991 0.2928170 0.2643544 0.2357427 0.2205214 0.2141188 0.2121843
-9999.000 -9999.000 -9999.000 -9999.000 -9999.000 -9999.000 -9999.000 -9999.000 -9999.000 1.616124 1.617272 1.611494 1.591344 1.567867 1.536376 1.508478 1.399408 1.133140 0.9112059 0.8582320 0.8621598 0.8688239 0.8667358 0.8723239 0.9017968 0.9477027 0.9950727 1.034435 1.043576 0.9808731 0.8492075 0.6884218 0.6272478 0.6071721 0.6200668 0.6376022 0.6477078 0.6537942 0.6500112 0.6498497 0.6515679 0.6436267 0.6226499 0.6047550 0.5865344 0.5697336 0.5417798 0.5112497 0.4797791 0.4530842 0.4391596 0.4336113 0.4306923 0.4279166 0.4264449 0.3944370 0.3366223 0.2801308 0.2449234 0.2252083
-9999.000 -9999.000 -9999.000 -9999.000 -9999.000 -9999.000 -9999.000 -9999.000 -9999.000 -9999.000 1.621822 1.617292 1.609556 1.588183 1.548661 1.509225 1.451181 1.250506 1.002360 0.8735682 0.8653713 0.8822325 0.8903197 0.8871732 0.8931414 0.9170140 0.9650334 1.008832 1.048864 1.033472 0.9712299 0.8428315 0.7161020 0.6423084 0.6197488 0.6350539 0.6513905 0.6638755 0.6701133 0.6705612 0.6704396 0.6683654 0.6661385 0.6410173 0.6181766 0.5967557 0.5766452 0.5592439 0.5344596 0.5022026 0.4792029 0.4666402 0.4634890 0.4712122 0.4852237 0.4910987 0.4718031 0.4315856 0.3775767 0.3181223
-9999.000 -9999.000 -9999.000 -9999.000 -9999.000 -9999.000 -9999.000 -9999.000 -9999.000 -9999.000 -9999.000 -9999.000 1.617097 1.597840 1.554805 1.506831 1.459262 1.322992 1.094919 0.9209970 0.8774071 0.8844687 0.8978311 0.8931456 0.8792989 0.8655388 0.8983349 0.9438149 1.008135 1.035327 1.032860 0.9798321 0.8540971 0.7462673 0.6863444 0.6587448 0.6477196 0.6611474 0.6716268 0.6749815 0.6725938 0.6642991 0.6670985 0.6588972 0.6468800 0.6373148 0.6193660 0.6114934 0.5965716 0.5747811 0.5481508 0.5153128 0.4982987 0.4949949 0.4949996 0.5080981 0.5223409 0.5287321 0.5176956 0.4849391
-9999.000 -9999.000 -9999.000 -9999.000 -9999.000 -9999.000 -9999.000 -9999.000 -9999.000 -9999.000 -9999.000 -9999.000 -9999.000 -9999.000 1.550785 1.512475 1.455006 1.379671 1.187225 1.004180 0.9158944 0.8933938 0.8903897 0.8862774 0.8696888 0.8343503 0.8145956 0.8471144 0.9264225 0.9849949 1.032442 1.049783 0.9513036 0.8453667 0.7658833 0.7248851 0.6828448 0.6492944 0.6438566 0.6462075 0.6478070 0.6422038 0.6445120 0.6577008 0.6679312 0.6743279 0.6660485 0.6571047 0.6450874 0.6335391 0.6235904 0.5973787 0.5557430 0.5351466 0.5252020 0.5133656 0.5149168 0.5253041 0.5442480 0.5631354
-9999.000 -9999.000 -9999.000 -9999.000 -9999.000 -9999.000 -9999.000 -9999.000 -9999.000 -9999.000 -9999.000 -9999.000 -9999.000 -9999.000 -9999.000 -9999.000 1.450998 1.365871 1.214308 1.054196 0.9690283 0.9304697 0.9041323 0.8744739 0.8704021 0.8500922 0.7801538 0.7290626 0.7915663 0.8869600 0.9684911 1.047988 1.039148 0.9381475 0.8047764 0.7517689 0.7238069 0.6706971 0.6263006 0.6023990 0.6110350 0.6155081 0.6286887 0.6406118 0.6579785 0.6748868 0.6812020 0.6824725 0.6784053 0.6686816 0.6568050 0.6351634 0.6108068 0.5803998 0.5667966 0.5488566 0.5379076 0.5359313 0.5474661 0.5683077
-9999.000 -9999.000 -9999.000 -9999.000 -9999.000 -9999.000 -9999.000 -9999.000 -9999.000 -9999.000 -9999.000 -9999.000 -9999.000 -9999.000 -9999.000 -9999.000 -9999.000 1.331558 1.185466 1.072296 1.028113 0.9888747 0.9358959 0.8789518 0.8552285 0.8435847 0.7809362 0.5918490 0.5572868 0.6748943 0.8219281 0.9733136 1.031190 0.9766294 0.8632371 0.7402645 0.6953991 0.6896887 0.6481730 0.6073005 0.5782828 0.5808546 0.5955939 0.6046626 0.6198216 0.6373833 0.6580709 0.6644505 0.6734904 0.6666876 0.6608459 0.6547818 0.6410220 0.6204557 0.6030970 0.5931352 0.5808453 0.5735870 0.5736950 0.5768134
-9999.000 -9999.000 -9999.000 -9999.000 -9999.000 -9999.000 -9999.000 -9999.000 -9999.000 -9999.000 -9999.000 -9999.000 -9999.000 -9999.000 -9999.000 -9999.000 -9999.000 -9999.000 -9999.000 1.101066 1.074856 1.024772 0.9478960 0.8621369 0.8086348 0.7713466 0.6861942 0.4521844 0.3239951 0.4027941 0.5777167 0.7324980 0.8650297 0.9080466 0.8922988 0.7503086 0.6684207 0.6484266 0.6521444 0.6377764 0.5855754 0.5501519 0.5401293 0.5459432 0.5591525 0.5721438 0.5948855 0.6059793 0.6297803 0.6348467 0.6387055 0.6392191 0.6414033 0.6379094 0.6244835 0.6163085 0.6044557 0.6048778 0.5962394 0.5722189
-9999.000 -9999.000 -9999.000 -9999.000 -9999.000 -9999.000 -9999.000 -9999.000 -9999.000 -9999.000 -9999.000 -9999.000 -9999.000 -9999.000 -9999.000 -9999.000 -9999.000 -9999.000 -9999.000 -9999.000 1.067191 1.006684 0.9005437 0.7913967 0.7084533 0.6267286 0.5067172 0.2940809 0.1785458 0.2051266 0.2581547 0.3419563 0.6159008 0.7095664 0.8053658 0.7544938 0.6746608 0.5940704 0.5925578 0.6081907 0.6140280 0.5550987 0.4981847 0.4750492 0.4835195 0.4928850 0.5173533 0.5410572 0.5730872 0.5977464 0.6157339 0.6243445 0.6239924 0.6227095 0.6128333 0.5920302 0.5675845 0.5626685 0.5300096 0.4970351
-9999.000 -9999.000 -9999.000 -9999.000 -9999.000 -9999.000 -9999.000 -9999.000 -9999.000 -9999.000 -9999.000 -9999.000 -9999.000 -9999.000 -9999.000 -9999.000 -9999.000 -9999.000 -9999.000 -9999.000 -9999.000 -9999.000 0.8186881 0.7056542 0.5937555 0.4816220 0.2687282 0.1350904 0.3702159E-01 0.7295450E-01 -9999.000 0.1535361 -9999.000 0.4442514 0.5912018 0.6387788 0.6361724 0.5718129 0.4923872 0.5069182 0.5732683 0.5586551 0.5036252 0.4337046 0.4205419 0.4282190 0.4506252 0.4799841 0.5161264 0.5605955 0.5788877 0.5876554 0.5793144 0.5659492 0.5544505 0.5256310 0.4946578 0.4699459 0.4615212 0.4488791
-9999.000 -9999.000 -9999.000 -9999.000 -9999.000 -9999.000 -9999.000 -9999.000 -9999.000 -9999.000 -9999.000 -9999.000 -9999.000 -9999.000 -9999.000 -9999.000 -9999.000 -9999.000 -9999.000 -9999.000 -9999.000 -9999.000 -9999.000 -9999.000 0.5037179 0.3396836 0.1505037 -9999.000 -9999.000 -9999.000 -9999.000 -9999.000 -9999.000 0.1836430 0.3003183 0.4066354 0.4673575 0.4937445 0.3712437 0.3668522 0.4498215 0.5116361 0.5217709 0.4624349 0.3948907 0.3808133 0.3967368 0.4136853 0.4365924 0.4708434 0.4922255 0.5010342 0.5115845 0.5039810 0.5003376 0.4827199 0.4649209 0.4285296 0.4252013 0.4269225
-9999.000 -9999.000 -9999.000 -9999.000 -9999.000 -9999.000 -9999.000 -9999.000 -9999.000 -9999.000 -9999.000 -9999.000 -9999.000 -9999.000 -9999.000 -9999.000 -9999.000 -9999.000 -9999.000 -9999.000 -9999.000 -9999.000 -9999.000 -9999.000 -9999.000 0.1768387 -9999.000 -9999.000 -9999.000 -9999.000 -9999.000 -9999.000 -9999.000 -9999.000 -9999.000 0.2105219 0.2488311 0.2413330 0.2000552 0.1843065 0.2722615 0.3672874 0.4649595 0.5003949 0.4153748 0.3437546 0.3252139 0.3289683 0.3411994 0.3519443 0.3869872 0.4169683 0.4521422 0.4695810 0.4874618 0.4868446 0.4821187 0.4614621 0.4336794 0.4074254
-9999.000 -9999.000 -9999.000 -9999.000 -9999.000 -9999.000 -9999.000 -9999.000 -9999.000 -9999.000 -9999.000 -9999.000 -9999.000 -9999.000 -9999.000 -9999.000 -9999.000 -9999.000 -9999.000 -9999.000 -9999.000 -9999.000 -9999.000 -9999.000 -9999.000 -9999.000 -9999.000 -9999.000 -9999.000 -9999.000 -9999.000 -9999.000 -9999.000 -9999.000 -9999.000 -9999.000 -9999.000 0.3724191E-01 -9999.000 0.6137576E-01 0.1218299 0.1881751 0.2991806 0.3982673 0.3982700 0.3186641 0.2510340 0.2485430 0.2638238 0.2758037 0.3067441 0.3302497 0.3814861 0.4177531 0.4589532 0.4810518 0.4925503 0.4941264 0.4691533 0.4342495
-9999.000 -9999.000 -9999.000 -9999.000 -9999.000 -9999.000 -9999.000 -9999.000 -9999.000 -9999.000 -9999.000 -9999.000 -9999.000 -9999.000 -9999.000 -9999.000 -9999.000 -9999.000 -9999.000 -9999.000 -9999.000 -9999.000 -9999.000 -9999.000 -9999.000 -9999.000 -9999.000 -9999.000 -9999.000 -9999.000 -9999.000 -9999.000 -9999.000 -9999.000 -9999.000 -9999.000 -9999.000 -9999.000 -9999.000 -9999.000 -9999.000 -9999.000 -9999.000 0.1746040 0.2714378 0.2833023 0.2251945 0.1883396 0.1882136 0.2089727 0.2331405 0.2591688 0.2927513 0.3365396 0.3864697 0.4326561 0.4711917 0.4956191 0.4988811 0.4862978
-9999.000 -9999.000 -9999.000 -9999.000 -9999.000 -9999.000 -9999.000 -9999.000 -9999.000 -9999.000 -9999.000 -9999.000 -9999.000 -9999.000 -9999.000 -9999.000 -9999.000 -9999.000 -9999.000 -9999.000 -9999.000 -9999.000 -9999.000 -9999.000 -9999.000 -9999.000 -9999.000 -9999.000 -9999.000 -9999.000 -9999.000 -9999.000 -9999.000 -9999.000 -9999.000 -9999.000 -9999.000 -9999.000 -9999.000 -9999.000 -9999.000 -9999.000 -9999.000 0.2216904E-01 0.1075918 0.1639862 0.1879382 0.1343935 0.1214697 0.1281537 0.1531109 0.1807256 0.2087936 0.2413077 0.2788323 0.3392446 0.3946580 0.4620396 0.4896759 0.5048960
-9999.000 -9999.000 -9999.000 -9999.000 -9999.000 -9999.000 -9999.000 -9999.000 -9999.000 -9999.000 -9999.000 -9999.000 -9999.000 -9999.000 -9999.000 -9999.000 -9999.000 -9999.000 -9999.000 -9999.000 -9999.000 -9999.000 -9999.000 -9999.000 -9999.000 -9999.000 -9999.000 -9999.000 -9999.000 -9999.000 -9999.000 -9999.000 -9999.000 -9999.000 -9999.000 -9999.000 -9999.000 -9999.000 -9999.000 -9999.000 -9999.000 -9999.000 -9999.000 -9999.000 -9999.000 0.4061360E-01 0.7870667E-01 0.6363280E-01 0.5989315E-01 0.6240218E-01 0.7548253E-01 0.8924605E-01 0.1186923 0.1474648 0.1693969 0.2169031 0.2592505 0.3409954 0.4091966 0.4614386
-9999.000 -9999.000 -9999.000 -9999.000 -9999.000 -9999.000 -9999.000 -9999.000 -9999.000 -9999.000 -9999.000 -9999.000 -9999.000 -9999.000 -9999.000 -9999.000 -9999.000 -9999.000 -9999.000 -9999.000 -9999.000 -9999.000 -9999.000 -9999.000 -9999.000 -9999.000 -9999.000 -9999.000 -9999.000 -9999.000 -9999.000 -9999.000 -9999.000 -9999.000 -9999.000 -9999.000 -9999.000 -9999.000 -9999.000 -9999.000 -9999.000 -9999.000 -9999.000 -9999.000 -9999.000 -9999.000 -9999.000 -9999.000 0.2296344E-01 -9999.000 0.2776200E-01 0.3065078E-01 0.3715126E-01 0.5737987E-01 0.7288281E-01 0.9391317E-01 0.1185044 0.1586338 0.2393217 0.3181108
-9999.000 -9999.000 -9999.000 -9999.000 -9999.000 -9999.000 -9999.000 -9999.000 -9999.000 -9999.000 -9999.000 -9999.000 -9999.000 -9999.000 -9999.000 -9999.000 -9999.000 -9999.000 -9999.000 -9999.000 -9999.000 -9999.000 -9999.000 -9999.000 -9999.000 -9999.000 -9999.000 -9999.000 -9999.000 -9999.000 -9999.000 -9999.000 -9999.000 -9999.000 -9999.000 -9999.000 -9999.000 -9999.000 -9999.000 -9999.000 -9999.000 -9999.000 -9999.000 -9999.000 -9999.000 -9999.000 -9999.000 -9999.000 -9999.000 -9999.000 -9999.000 -9999.000 -9999.000 -9999.000 0.2214236E-01 -9999.000 0.3347660E-01 0.3932401E-01 0.8790227E-01 0.1559660
