simulation_files/asc_files/Depth____50.0.asc
NCOLS       411
NROWS       131
XLLCENTER    2538020.000000
YLLCENTER    1152390.000000
CELLSIZE           1.000
NODATA_VALUE     -9999.0
[rows 0 to 25 of 131, columns 300 to 359 of 411]
-9999.000 -9999.000 -9999.000 -9999.000 -9999.000 -9999.000 -9999.000 -9999.000 -9999.000 -9999.000 -9999.000 -9999.000 -9999.000 -9999.000 -9999.000 -9999.000 -9999.000 -9999.000 -9999.000 -9999.000 -9999.000 -9999.000 -9999.000 -9999.000 -9999.000 -9999.000 -9999.000 -9999.000 -9999.000 -9999.000 -9999.000 -9999.000 -9999.000 -9999.000 -9999.000 -9999.000 -9999.000 -9999.000 -9999.000 -9999.000 -9999.000 -9999.000 -9999.000 -9999.000 -9999.000 -9999.000 -9999.000 -9999.000 -9999.000 -9999.000 -9999.000 -9999.000 -9999.000 -9999.000 -9999.000 -9999.000 -9999.000 -9999.000 -9999.000 -9999.000
-9999.000 -9999.000 -9999.000 -9999.000 -9999.000 -9999.000 -9999.000 -9999.000 -9999.000 -9999.000 -9999.000 -9999.000 -9999.000 -9999.000 -9999.000 -9999.000 -9999.000 -9999.000 -9999.000 -9999.000 -9999.000 -9999.000 -9999.000 -9999.000 -9999.000 -9999.000 -9999.000 -9999.000 -9999.000 -9999.000 -9999.000 -9999.000 -9999.000 -9999.000 -9999.000 -9999.000 -9999.000 -9999.000 -9999.000 -9999.000 -9999.000 -9999.000 -9999.000 -9999.000 -9999.000 -9999.000 -9999.000 -9999.000 -9999.000 -9999.000 -9999.000 -9999.000 -9999.000 -9999.000 -9999.000 -9999.000 -9999.000 -9999.000 -9999.000 -9999.000
-9999.000 -9999.000 -9999.000 -9999.000 -9999.000 -9999.000 -9999.000 -9999.000 -9999.000 -9999.000 -9999.000 -9999.000 -9999.000 -9999.000 -9999.000 -9999.000 -9999.000 -9999.000 -9999.000 -9999.000 -9999.000 -9999.000 -9999.000 -9999.000 -9999.000 -9999.000 -9999.000 -9999.000 -9999.000 -9999.000 -9999.000 -9999.000 -9999.000 -9999.000 -9999.000 -9999.000 -9999.000 -9999.000 -9999.000 -9999.000 -9999.000 -9999.000 -9999.000 -9999.000 -9999.000 -9999.000 -9999.000 -9999.000 -9999.000 -9999.000 -9999.000 -9999.000 -9999.000 -9999.000 -9999.000 -9999.000 -9999.000 -9999.000 -9999.000 -9999.000
-9999.000 -9999.000 -9999.000 -9999.000 -9999.000 -9999.000 -9999.000 -9999.000 -9999.000 -9999.000 -9999.000 -9999.000 -9999.000 -9999.000 -9999.000 -9999.000 -9999.000 -9999.000 -9999.000 -9999.000 -9999.000 -9999.000 -9999.000 -9999.000 -9999.000 -9999.000 -9999.000 -9999.000 -9999.000 -9999.000 -9999.000 -9999.000 -9999.000 -9999.000 -9999.000 -9999.000 -9999.000 -9999.000 -9999.000 -9999.000 -9999.000 -9999.000 -9999.000 -9999.000 -9999.000 -9999.000 -9999.000 -9999.000 -9999.000 -9999.000 -9999.000 -9999.000 -9999.000 -9999.000 -9999.000 -9999.000 -9999.000 -9999.000 -9999.000 -9999.000
-9999.000 -9999.000 -9999.000 -9999.000 -9999.000 -9999.000 -9999.000 -9999.000 -9999.000 -9999.000 -9999.000 -9999.000 -9999.000 -9999.000 -9999.000 -9999.000 -9999.000 -9999.000 -9999.000 -9999.000 -9999.000 -9999.000 -9999.000 -9999.000 -9999.000 -9999.000 -9999.000 -9999.000 -9999.000 -9999.000 -9999.000 -9999.000 -9999.000 -9999.000 -9999.000 -9999.000 -9999.000 -9999.000 -9999.000 -9999.000 -9999.000 -9999.000 -9999.000 -9999.000 -9999.000 -9999.000 -9999.000 -9999.000 -9999.000 -9999.000 -9999.000 -9999.000 -9999.000 -9999.000 -9999.000 -9999.000 -9999.000 -9999.000 -9999.000 -9999.000
-9999.000 -9999.000 -9999.000 -9999.000 -9999.000 -9999.000 -9999.000 -9999.000 -9999.000 -9999.000 -9999.000 -9999.000 -9999.000 -9999.000 -9999.000 -9999.000 -9999.000 -9999.000 -9999.000 -9999.000 -9999.000 -9999.000 -9999.000 -9999.000 -9999.000 -9999.000 -9999.000 -9999.000 -9999.000 -9999.000 -9999.000 -9999.000 -9999.000 -9999.000 -9999.000 -9999.000 -9999.000 -9999.000 -9999.000 -9999.000 -9999.000 -9999.000 -9999.000 -9999.000 -9999.000 -9999.000 -9999.000 -9999.000 -9999.000 -9999.000 -9999.000 -9999.000 -9999.000 -9999.000 -9999.000 -9999.000 -9999.000 -9999.000 -9999.000 -9999.000
-9999.000 -9999.000 -9999.000 -9999.000 -9999.000 -9999.000 -9999.000 -9999.000 -9999.000 -9999.000 -9999.000 -9999.000 -9999.000 -9999.000 -9999.000 -9999.000 -9999.000 -9999.000 -9999.000 -9999.000 -9999.000 -9999.000 -9999.000 -9999.000 -9999.000 -9999.000 -9999.000 -9999.000 -9999.000 -9999.000 -9999.000 -9999.000 -9999.000 -9999.000 -9999.000 -9999.000 -9999.000 -9999.000 -9999.000 -9999.000 -9999.000 -9999.000 -9999.000 -9999.000 -9999.000 -9999.000 -9999.000 -9999.000 -9999.000 -9999.000 -9999.000 -9999.000 -9999.000 -9999.000 -9999.000 -9999.000 -9999.000 -9999.000 -9999.000 -9999.000
-9999.000 -9999.000 -9999.000 -9999.000 -9999.000 -9999.000 -9999.000 -9999.000 -9999.000 -9999.000 -9999.000 -9999.000 -9999.000 -9999.000 -9999.000 -9999.000 -9999.000 -9999.000 -9999.000 -9999.000 -9999.000 -9999.000 -9999.000 -9999.000 -9999.000 -9999.000 -9999.000 -9999.000 -9999.000 -9999.000 -9999.000 -9999.000 -9999.000 -9999.000 -9999.000 -9999.000 -9999.000 -9999.000 -9999.000 -9999.000 -9999.000 -9999.000 -9999.000 -9999.000 -9999.000 -9999.000 -9999.000 -9999.000 -9999.000 -9999.000 -9999.000 -9999.000 -9999.000 -9999.000 -9999.000 -9999.000 -9999.000 -9999.000 -9999.000 -9999.000
-9999.000 -9999.000 -9999.000 -9999.000 -9999.000 -9999.000 -9999.000 -9999.000 -9999.000 -9999.000 -9999.000 -9999.000 -9999.000 -9999.000 -9999.000 -9999.000 -9999.000 -9999.000 -9999.000 -9999.000 -9999.000 -9999.000 -9999.000 -9999.000 -9999.000 -9999.000 -9999.000 -9999.000 -9999.000 -9999.000 -9999.000 -9999.000 -9999.000 -9999.000 -9999.000 -9999.000 -9999.000 -9999.000 -9999.000 -9999.000 -9999.000 -9999.000 -9999.000 -9999.000 -9999.000 -9999.000 -9999.000 -9999.000 -9999.000 -9999.000 -9999.000 -9999.000 -9999.000 -9999.000 -9999.000 -9999.000 -9999.000 -9999.000 -9999.000 -9999.000
-9999.000 -9999.000 -9999.000 -9999.000 -9999.000 -9999.000 -9999.000 -9999.000 -9999.000 -9999.000 0.1715602E-01 0.2535828E-01 0.3674852E-01 0.5119216E-01 0.6598230E-01 0.7577178E-01 -9999.000 -9999.000 -9999.000 -9999.000 -9999.000 -9999.000 -9999.000 -9999.000 -9999.000 -9999.000 -9999.000 -9999.000 -9999.000 -9999.000 -9999.000 -9999.000 -9999.000 -9999.000 -9999.000 -9999.000 -9999.000 -9999.000 -9999.000 -9999.000 -9999.000 -9999.000 -9999.000 -9999.000 -9999.000 -9999.000 -9999.000 -9999.000 -9999.000 -9999.000 -9999.000 -9999.000 -9999.000 -9999.000 -9999.000 -9999.000 -9999.000 -9999.000 -9999.000 -9999.000
0.1324971 0.1219364 0.9137155E-01 0.6948062E-01 0.6024073E-01 0.4339017E-01 -9999.000 -9999.000 -9999.000 -9999.000 0.4288244E-01 0.6178361E-01 0.7034217E-01 0.8143760E-01 0.9504346E-01 0.1058654 0.1130899 0.1196422 0.1404030 0.1465621 0.1623865 0.1678935 0.1666382 0.1692399 0.1801219 0.1992198 0.2202274 0.2390538 0.2596524 0.2743793 0.2697894 0.2645883 0.2632163 0.2608751 0.2589829 0.2593104 0.2622839 0.2654130 0.2668070 0.2641446 0.2587024 0.2535601 0.2496136 0.2429452 0.2309105 0.2136960 0.1956407 0.1790906 0.1629862 0.1529151 0.1450717 0.1451010 0.1433134 0.1113225 0.7503284E-01 0.5817179E-01 0.5792866E-01 0.6236644E-01 0.7485088E-01 0.9180472E-01
0.2613961 0.2239857 0.1806541 0.1538609 0.1483005 0.1332343 0.1352653 0.1516010 0.1618405 0.1626556 0.1624307 0.1779728 0.1886227 0.1840189 0.1883237 0.1942594 0.1954564 0.1959462 0.1990664 0.2061384 0.2096105 0.2186509 0.2241813 0.2207781 0.2257258 0.2432923 0.2647895 0.2727571 0.2753271 0.2788196 0.2809520 0.2773180 0.2751999 0.2746819 0.2734300 0.2718802 0.2722938 0.2731280 0.2725953 0.2699090 0.2647493 0.2583086 0.2511718 0.2419015 0.2285386 0.2116895 0.1972643 0.1834402 0.1691909 0.1580441 0.1532783 0.1483692 0.1382807 0.1324277 0.1127030 0.9383649E-01 0.7638194E-01 0.6945715E-01 0.7088419E-01 0.8021344E-01
0.3868189 0.3473841 0.3073356 0.2832619 0.2713695 0.2616990 0.2700769 0.2852463 0.2977837 0.3109555 0.3286397 0.3282278 0.3219103 0.3141260 0.3218659 0.3232024 0.3185894 0.3134810 0.3186220 0.3206561 0.3217041 0.3276054 0.3297280 0.3260857 0.3267566 0.3397886 0.3393794 0.3314592 0.3195702 0.3167723 0.3139089 0.3090006 0.3103250 0.3112954 0.3103860 0.3079064 0.3078202 0.3039205 0.2981301 0.2937351 0.2899451 0.2817943 0.2724398 0.2646841 0.2531870 0.2401429 0.2291121 0.2220221 0.2107745 0.2026485 0.1980729 0.1903596 0.1836866 0.1796702 0.1742339 0.1633886 0.1365832 0.1288521 0.1166184 0.1109238
0.4591867 0.4415723 0.4215810 0.4146324 0.3958023 0.3851570 0.3959285 0.4012249 0.4070872 0.4123850 0.4159477 0.4115161 0.4054180 0.4012065 0.3992105 0.4000233 0.3980961 0.4003281 0.4071025 0.4092732 0.4103448 0.4140740 0.4183730 0.4172167 0.4161012 0.4089532 0.3965752 0.3825507 0.3721139 0.3653248 0.3589134 0.3545715 0.3583374 0.3583623 0.3564087 0.3556174 0.3485696 0.3386859 0.3296283 0.3244632 0.3181873 0.3117092 0.3072280 0.3017006 0.2946804 0.2872364 0.2864802 0.2795438 0.2717152 0.2675698 0.2639617 0.2571184 0.2524683 0.2568888 0.2518478 0.2474505 0.2425229 0.2518365 0.2381483 0.2445420
0.5356932 0.5378903 0.5371807 0.5425060 0.5316751 0.5105960 0.4989869 0.4793323 0.4631096 0.4552913 0.4477384 0.4439571 0.4403163 0.4372491 0.4371970 0.4365937 0.4386924 0.4454358 0.4522901 0.4576896 0.4621765 0.4682423 0.4675568 0.4652272 0.4596831 0.4514393 0.4392050 0.4266995 0.4182305 0.4080211 0.4008597 0.3965057 0.3969781 0.3942654 0.3899147 0.3856427 0.3779823 0.3692322 0.3626923 0.3582739 0.3519892 0.3474004 0.3461591 0.3456768 0.3423569 0.3422759 0.3419053 0.3378015 0.3328668 0.3313546 0.3286145 0.3232236 0.3255069 0.3284555 0.3313985 0.3372636 0.3550465 0.3751452 0.3836376 0.3881963
0.6084330 0.6221866 0.6333514 0.6447314 0.6400943 0.6254558 0.6032896 0.5630695 0.5272387 0.4989251 0.4819009 0.4758329 0.4704929 0.4700224 0.4719819 0.4727364 0.4761444 0.4810871 0.4863736 0.4899658 0.4952649 0.4967919 0.4944963 0.4908123 0.4885793 0.4844760 0.4762084 0.4694362 0.4585913 0.4459099 0.4352446 0.4305960 0.4261284 0.4214928 0.4156599 0.4130480 0.4095465 0.4048359 0.4032766 0.3985692 0.3941829 0.3901389 0.3923289 0.3907144 0.3884910 0.3879225 0.3909157 0.3899391 0.3889861 0.3947058 0.3924152 0.3913112 0.3922213 0.4036999 0.4103552 0.4206632 0.4415188 0.4534133 0.4585854 0.4556884
0.6604067 0.6722070 0.6809748 0.6850127 0.6841975 0.6803253 0.6733968 0.6562408 0.6319318 0.6010812 0.5760987 0.5507793 0.5315701 0.5278542 0.5244472 0.5235117 0.5254678 0.5319403 0.5316178 0.5290610 0.5261177 0.5259482 0.5210857 0.5155628 0.5155637 0.5131415 0.5077416 0.4989815 0.4917536 0.4820695 0.4721280 0.4671003 0.4614699 0.4565888 0.4538253 0.4547162 0.4513094 0.4494603 0.4510566 0.4493020 0.4467212 0.4461545 0.4480507 0.4458761 0.4447839 0.4460247 0.4498540 0.4505258 0.4567875 0.4643251 0.4668457 0.4704420 0.4803784 0.4891659 0.4928874 0.4970324 0.5056015 0.5101884 0.5112664 0.5197160
0.6591298 0.6661629 0.6708197 0.6801189 0.6885248 0.6948056 0.7016582 0.7061544 0.7061696 0.6970972 0.6802279 0.6500257 0.6178878 0.5958694 0.5785107 0.5690011 0.5667861 0.5657543 0.5619538 0.5569047 0.5520146 0.5476304 0.5415510 0.5340954 0.5270922 0.5217090 0.5159978 0.5096508 0.5056661 0.5027920 0.4993817 0.4987571 0.4980699 0.4961284 0.4987716 0.4994378 0.4977848 0.4972555 0.5030602 0.5037605 0.5030801 0.5097993 0.5103307 0.5097139 0.5119919 0.5228107 0.5241006 0.5264788 0.5314700 0.5465765 0.5512282 0.5575873 0.5698132 0.5728318 0.5733439 0.5738701 0.5790438 0.5769444 0.5777115 0.5899810
0.6211191 0.6277595 0.6353792 0.6494464 0.6652895 0.6784869 0.6943534 0.7097327 0.7219172 0.7290553 0.7287365 0.7178130 0.6922285 0.6612074 0.6205055 0.5904427 0.5714972 0.5604681 0.5538413 0.5483785 0.5373086 0.5312384 0.5255010 0.5193563 0.5099512 0.5059546 0.5034365 0.5021521 0.5041097 0.5068071 0.5089894 0.5116243 0.5133116 0.5148483 0.5178686 0.5203332 0.5221100 0.5252470 0.5304436 0.5351625 0.5395123 0.5465003 0.5544950 0.5597650 0.5670426 0.5753696 0.5818250 0.5878976 0.5972326 0.6058306 0.6121399 0.6195999 0.6289280 0.6343035 0.6378563 0.6450364 0.6480031 0.6487474 0.6508051 0.6610208
0.5771405 0.5865323 0.5951854 0.6098212 0.6248913 0.6394266 0.6587990 0.6780723 0.6936053 0.7052726 0.7154510 0.7205329 0.7168033 0.6999387 0.6623733 0.6121622 0.5678629 0.5357139 0.5172540 0.5055117 0.4957322 0.4905468 0.4870407 0.4816346 0.4800128 0.4813612 0.4831755 0.4846784 0.4885175 0.4928468 0.4952759 0.4989595 0.5013795 0.5047374 0.5064802 0.5101496 0.5159580 0.5212557 0.5289517 0.5376994 0.5470059 0.5550942 0.5646881 0.5739749 0.5826634 0.5923124 0.6016103 0.6097797 0.6179446 0.6262056 0.6343899 0.6433460 0.6537880 0.6626713 0.6712976 0.6808749 0.6881808 0.6942861 0.7006068 0.7049894
0.5433555 0.5528803 0.5612152 0.5738473 0.5869935 0.5976620 0.6136354 0.6306596 0.6419082 0.6580450 0.6710383 0.6824115 0.6858731 0.6876016 0.6770448 0.6447713 0.5976085 0.5411934 0.4969255 0.4725289 0.4589998 0.4541714 0.4531665 0.4520859 0.4543743 0.4578573 0.4608142 0.4626535 0.4665277 0.4698502 0.4730398 0.4781944 0.4826153 0.4856481 0.4888826 0.4945178 0.5015042 0.5084992 0.5158959 0.5246847 0.5327336 0.5414605 0.5515409 0.5621023 0.5711519 0.5810800 0.5915862 0.6012304 0.6101425 0.6209774 0.6321451 0.6427449 0.6540032 0.6646702 0.6751321 0.6852076 0.6951968 0.7040831 0.7111631 0.7144716
0.5272804 0.5346352 0.5418998 0.5508598 0.5590142 0.5671639 0.5780514 0.5883794 0.5987584 0.6107544 0.6220407 0.6336485 0.6413303 0.6481880 0.6533733 0.6500484 0.6349197 0.5979196 0.5449411 0.4990301 0.4608674 0.4437005 0.4397224 0.4397485 0.4412840 0.4438064 0.4461566 0.4495678 0.4533380 0.4577446 0.4607574 0.4661518 0.4713419 0.4763811 0.4812512 0.4862916 0.4919691 0.4980558 0.5034646 0.5099980 0.5172303 0.5254367 0.5347275 0.5442657 0.5529627 0.5630572 0.5737783 0.5845079 0.5946261 0.6064703 0.6177804 0.6285655 0.6405889 0.6525054 0.6632964 0.6736035 0.6841115 0.6919842 0.6968741 0.6998733
0.5261624 0.5307369 0.5354588 0.5410083 0.5466887 0.5503285 0.5553587 0.5616300 0.5659275 0.5736591 0.5829246 0.5942812 0.6058706 0.6208967 0.6354967 0.6489862 0.6594691 0.6581463 0.6388361 0.6024460 0.5417599 0.4892778 0.4611621 0.4507815 0.4478585 0.4489929 0.4520107 0.4552347 0.4590295 0.4646054 0.4700209 0.4744789 0.4798035 0.4859259 0.4904773 0.4945838 0.4996249 0.5044424 0.5081947 0.5117445 0.5180358 0.5248913 0.5320889 0.5402121 0.5478825 0.5560319 0.5648591 0.5739378 0.5834634 0.5940283 0.6054318 0.6154987 0.6264452 0.6382593 0.6494077 0.6592697 0.6700016 0.6772612 0.6798178 0.6805654
0.5280059 0.5290059 0.5311961 0.5332552 0.5347899 0.5355638 0.5367639 0.5394401 0.5436486 0.5504989 0.5598513 0.5709463 0.5859362 0.6056617 0.6275148 0.6500366 0.6727728 0.6928122 0.7091207 0.7140306 0.6860684 0.6244675 0.5652493 0.5104302 0.4818330 0.4729418 0.4754821 0.4776668 0.4801357 0.4866457 0.4911955 0.4955706 0.4999968 0.5076486 0.5122760 0.5164627 0.5237957 0.5278101 0.5318168 0.5353033 0.5422030 0.5451908 0.5484921 0.5540319 0.5608799 0.5673565 0.5748287 0.5835613 0.5911559 0.5996259 0.6094289 0.6197457 0.6288253 0.6384216 0.6476668 0.6556920 0.6619603 0.6661209 0.6685167 0.6698802
0.5202305 0.5176135 0.5175346 0.5174711 0.5148307 0.5163270 0.5192741 0.5244195 0.5295674 0.5374658 0.5465349 0.5571986 0.5700460 0.5878055 0.6096697 0.6341557 0.6639572 0.6940207 0.7223123 0.7491345 0.7642944 0.7568808 0.7214100 0.6457142 0.5682966 0.5259304 0.5122126 0.5075942 0.5074993 0.5119012 0.5156152 0.5197228 0.5256988 0.5320719 0.5373522 0.5426179 0.5505849 0.5560894 0.5612183 0.5682235 0.5734761 0.5748317 0.5758663 0.5806962 0.5850375 0.5889548 0.5955516 0.6008824 0.6058659 0.6118638 0.6194530 0.6262874 0.6327959 0.6391853 0.6445290 0.6503239 0.6554446 0.6587756 0.6631124 0.6683693
0.4808172 0.4770961 0.4776846 0.4788354 0.4757295 0.4807773 0.4879091 0.4933209 0.5008229 0.5113529 0.5227492 0.5326438 0.5446770 0.5597111 0.5748122 0.5960864 0.6240406 0.6565902 0.6851352 0.7221039 0.7593926 0.7844687 0.7950971 0.7711062 0.7048894 0.6434813 0.5771679 0.5419809 0.5327642 0.5331885 0.5346805 0.5379810 0.5443660 0.5493490 0.5546045 0.5604721 0.5678217 0.5739454 0.5797740 0.5862591 0.5939648 0.5980713 0.6002281 0.6026567 0.6047865 0.6068377 0.6086472 0.6102822 0.6125213 0.6151972 0.6173286 0.6204894 0.6238820 0.6260867 0.6286460 0.6335771 0.6398968 0.6455349 0.6548577 0.6655105
