simulation_files/asc_files/Depth____185.0.asc
NCOLS       411
NROWS       131
XLLCENTER    2538020.000000
YLLCENTER    1152390.000000
CELLSIZE           1.000
NODATA_VALUE     -9999.0
[rows 0 to 26 of 131, columns 177 to 235 of 411]
-9999.000 -9999.000 -9999.000 -9999.000 -9999.000 -9999.000 -9999.000 -9999.000 -9999.000 -9999.000 -9999.000 -9999.000 -9999.000 -9999.000 -9999.000 -9999.000 -9999.000 -9999.000 -9999.000 -9999.000 -9999.000 -9999.000 -9999.000 -9999.000 -9999.000 -9999.000 -9999.000 -9999.000 -9999.000 -9999.000 -9999.000 -9999.000 -9999.000 -9999.000 -9999.000 -9999.000 -9999.000 -9999.000 -9999.000 -9999.000 -9999.000 -9999.000 -9999.000 -9999.000 -9999.000 -9999.000 -9999.000 -9999.000 -9999.000 -9999.000 -9999.000 -9999.000 -9999.000 -9999.000 -9999.000 -9999.000 -9999.000 -9999.000 -9999.000
-9999.000 -9999.000 -9999.000 -9999.000 -9999.000 -9999.000 -9999.000 -9999.000 -9999.000 -9999.000 -9999.000 -9999.000 -9999.000 -9999.000 -9999.000 -9999.000 -9999.000 -9999.000 -9999.000 -9999.000 -9999.000 -9999.000 -9999.000 -9999.000 -9999.000 -9999.000 -9999.000 -9999.000 -9999.000 -9999.000 -9999.000 -9999.000 -9999.000 -9999.000 -9999.000 -9999.000 -9999.000 -9999.000 -9999.000 -9999.000 -9999.000 -9999.000 -9999.000 -9999.000 -9999.000 -9999.000 -9999.000 -9999.000 -9999.000 -9999.000 -9999.000 -9999.000 -9999.000 -9999.000 -9999.000 -9999.000 -9999.000 -9999.000 -9999.000
-9999.000 -9999.000 -9999.000 -9999.000 -9999.000 -9999.000 -9999.000 -9999.000 -9999.000 -9999.000 -9999.000 -9999.000 -9999.000 -9999.000 -9999.000 -9999.000 -9999.000 -9999.000 -9999.000 -9999.000 -9999.000 -9999.000 -9999.000 -9999.000 -9999.000 -9999.000 -9999.000 -9999.000 -9999.000 -9999.000 -9999.000 -9999.000 -9999.000 -9999.000 -9999.000 -9999.000 -9999.000 -9999.000 -9999.000 -9999.000 -9999.000 -9999.000 -9999.000 -9999.000 -9999.000 -9999.000 -9999.000 -9999.000 -9999.000 -9999.000 -9999.000 -9999.000 -9999.000 -9999.000 -9999.000 -9999.000 0.1938584 0.1520224 0.1992735
-9999.000 -9999.000 -9999.000 -9999.000 -9999.000 -9999.000 -9999.000 -9999.000 -9999.000 -9999.000 -9999.000 -9999.000 -9999.000 -9999.000 -9999.000 -9999.000 -9999.000 -9999.000 -9999.000 -9999.000 -9999.000 -9999.000 -9999.000 -9999.000 -9999.000 -9999.000 -9999.000 -9999.000 -9999.000 -9999.000 -9999.000 -9999.000 -9999.000 -9999.000 -9999.000 -9999.000 -9999.000 -9999.000 -9999.000 -9999.000 -9999.000 -9999.000 -9999.000 -9999.000 -9999.000 -9999.000 -9999.000 -9999.000 -9999.000 -9999.000 -9999.000 0.7248249 0.6890467 0.6059940 0.5121128 0.3968913 0.3149684 0.2935230 0.3624923
-9999.000 -9999.000 -9999.000 -9999.000 -9999.000 -9999.000 -9999.000 -9999.000 -9999.000 -9999.000 -9999.000 -9999.000 -9999.000 -9999.000 -9999.000 -9999.000 -9999.000 -9999.000 -9999.000 -9999.000 -9999.000 -9999.000 -9999.000 -9999.000 -9999.000 -9999.000 -9999.000 -9999.000 -9999.000 -9999.000 -9999.000 -9999.000 -9999.000 -9999.000 -9999.000 -9999.000 -9999.000 -9999.000 -9999.000 -9999.000 -9999.000 -9999.000 -9999.000 -9999.000 -9999.000 -9999.000 -9999.000 0.2436045 0.4454325 0.6772661 0.8001790 0.8233562 0.8468876 0.8118274 0.7544025 0.6777767 0.6446309 0.6471409 0.6501129
-9999.000 -9999.000 -9999.000 -9999.000 -9999.000 -9999.000 -9999.000 -9999.000 -9999.000 -9999.000 -9999.000 -9999.000 -9999.000 -9999.000 -9999.000 -9999.000 -9999.000 -9999.000 -9999.000 -9999.000 -9999.000 -9999.000 -9999.000 -9999.000 -9999.000 -9999.000 -9999.000 -9999.000 -9999.000 -9999.000 -9999.000 -9999.000 -9999.000 -9999.000 -9999.000 -9999.000 -9999.000 -9999.000 -9999.000 -9999.000 -9999.000 -9999.000 -9999.000 0.2491067 0.2537137 0.3155271 0.3307956 0.3329546 0.5908450 0.8363037 1.017228 1.145465 1.171503 1.149894 1.104725 1.033106 1.025769 1.018567 0.9921160
-9999.000 -9999.000 -9999.000 -9999.000 -9999.000 -9999.000 -9999.000 -9999.000 -9999.000 -9999.000 -9999.000 -9999.000 -9999.000 -9999.000 -9999.000 -9999.000 -9999.000 -9999.000 -9999.000 -9999.000 -9999.000 -9999.000 -9999.000 -9999.000 -9999.000 -9999.000 -9999.000 -9999.000 -9999.000 -9999.000 -9999.000 -9999.000 -9999.000 -9999.000 -9999.000 -9999.000 -9999.000 -9999.000 -9999.000 1.826792 1.698477 1.404093 0.7441906 0.4444192 0.4883610 0.5931429 0.7005188 0.7862707 0.9920312 1.200897 1.383304 1.493181 1.518314 1.516826 1.483029 1.423756 1.379013 1.378324 1.350438
-9999.000 -9999.000 -9999.000 -9999.000 -9999.000 -9999.000 -9999.000 -9999.000 -9999.000 -9999.000 -9999.000 -9999.000 -9999.000 -9999.000 -9999.000 -9999.000 -9999.000 -9999.000 -9999.000 -9999.000 -9999.000 -9999.000 -9999.000 -9999.000 -9999.000 -9999.000 -9999.000 -9999.000 -9999.000 -9999.000 -9999.000 -9999.000 -9999.000 -9999.000 -9999.000 -9999.000 2.099366 2.080418 2.050066 1.913824 1.751633 1.417264 0.9496793 0.8016703 0.9041733 1.066535 1.220698 1.320078 1.486007 1.629880 1.770888 1.865034 1.865199 1.854994 1.808071 1.758301 1.729315 1.716967 1.682232
-9999.000 -9999.000 -9999.000 -9999.000 -9999.000 -9999.000 -9999.000 -9999.000 -9999.000 -9999.000 -9999.000 -9999.000 -9999.000 -9999.000 -9999.000 -9999.000 -9999.000 -9999.000 -9999.000 -9999.000 -9999.000 -9999.000 -9999.000 -9999.000 -9999.000 -9999.000 -9999.000 -9999.000 -9999.000 -9999.000 -9999.000 1.818755 1.862144 1.921494 1.989365 2.051253 2.081670 2.086710 2.002973 1.833683 1.626546 1.340460 1.212774 1.243991 1.322802 1.507544 1.696301 1.838673 1.932419 2.008260 2.096027 2.155160 2.149071 2.156141 2.073526 2.025113 2.001595 1.985171 1.925304
-9999.000 -9999.000 -9999.000 -9999.000 -9999.000 -9999.000 -9999.000 -9999.000 -9999.000 -9999.000 -9999.000 -9999.000 -9999.000 -9999.000 -9999.000 -9999.000 -9999.000 -9999.000 -9999.000 -9999.000 -9999.000 -9999.000 -9999.000 -9999.000 -9999.000 -9999.000 -9999.000 1.588000 1.687762 1.752281 1.766258 1.789517 1.824629 1.885012 1.944247 1.983392 2.013179 1.988775 1.839387 1.618111 1.432957 1.363045 1.431603 1.541982 1.671407 1.854818 2.036432 2.162137 2.228399 2.265675 2.302748 2.321923 2.313975 2.279113 2.229707 2.182533 2.132084 2.079407 2.017696
0.7487442 0.7662451 0.7911775 0.8120956 0.8467165 0.8989656 0.9637732 1.006810 1.014993 0.9339374 0.7815430 0.6529929 0.5925520 0.5747972 0.5701168 0.5691327 0.5725154 0.5850410 0.6060824 0.6315397 0.6612182 0.7078405 0.8178846 1.177759 1.395411 1.442773 1.496324 1.591417 1.687591 1.728215 1.734530 1.734627 1.754003 1.815142 1.862307 1.906067 1.934575 1.809818 1.569958 1.400742 1.362490 1.454170 1.588883 1.718757 1.877227 2.060840 2.202529 2.287262 2.338532 2.355504 2.374190 2.370882 2.352115 2.309431 2.267021 2.195136 2.121696 2.052960 1.991334
0.7539152 0.7740597 0.7977035 0.8256486 0.8676850 0.9259201 0.9846747 1.013061 0.9888378 0.9156529 0.8204242 0.7300455 0.6600032 0.6171845 0.5983860 0.5935078 0.5989011 0.6145900 0.6400233 0.6747860 0.7259145 0.8167970 1.000970 1.246405 1.394181 1.454229 1.524220 1.606507 1.675295 1.698206 1.684366 1.682687 1.713134 1.752907 1.794664 1.812780 1.718481 1.527902 1.388573 1.371174 1.445670 1.561308 1.686227 1.821597 1.970699 2.110129 2.215470 2.282569 2.316616 2.323726 2.319712 2.318677 2.301800 2.260851 2.194390 2.100963 1.999094 1.923525 1.870934
0.7700684 0.7944030 0.8229597 0.8625235 0.9198026 0.9838612 1.026221 1.019041 0.9672061 0.9154794 0.8841322 0.8504881 0.7967690 0.7325751 0.6828159 0.6605314 0.6630997 0.6822028 0.7168890 0.7699180 0.8536188 0.9882568 1.179878 1.342763 1.414415 1.487114 1.566741 1.636132 1.677724 1.673753 1.654138 1.669668 1.703332 1.726258 1.738766 1.669509 1.486446 1.344927 1.342549 1.419040 1.528526 1.640135 1.752269 1.874582 2.003965 2.113994 2.191645 2.249114 2.274306 2.256286 2.233633 2.225652 2.203227 2.123537 2.021794 1.905543 1.812939 1.757917 1.737671
0.7947791 0.8266889 0.8671087 0.9217111 0.9837434 1.028158 1.031040 0.9977171 0.9630994 0.9464612 0.9427955 0.9415944 0.9324246 0.8994646 0.8467556 0.7985321 0.7744956 0.7819974 0.8241184 0.9020370 1.017638 1.164980 1.300130 1.379621 1.444692 1.523809 1.602901 1.663948 1.677675 1.659679 1.665225 1.694092 1.716136 1.719444 1.636525 1.465376 1.341168 1.332045 1.401591 1.499926 1.600906 1.702566 1.807404 1.915540 2.016236 2.091114 2.156154 2.205558 2.221638 2.177825 2.127659 2.076681 1.984908 1.872853 1.789377 1.736784 1.699704 1.700444 1.719291
0.8328636 0.8729904 0.9226203 0.9770328 1.019851 1.033379 1.017441 0.9945339 0.9871535 0.9914204 0.9990877 1.012467 1.034261 1.049622 1.043172 1.013342 0.9754961 0.9577207 0.9833106 1.057127 1.167564 1.284052 1.366390 1.418490 1.484308 1.558322 1.624690 1.665197 1.660566 1.650874 1.676445 1.706888 1.707555 1.643794 1.488438 1.346499 1.325515 1.389808 1.482300 1.576209 1.665590 1.759099 1.855894 1.944983 2.020112 2.075159 2.126054 2.171099 2.163565 2.073610 1.963001 1.830448 1.684608 1.631511 1.630202 1.655510 1.681670 1.709051 1.749799
0.8791490 0.9239429 0.9717413 1.010278 1.027586 1.023854 1.015005 1.015163 1.026155 1.041009 1.058492 1.085884 1.126018 1.169952 1.207171 1.231648 1.242057 1.245808 1.253436 1.275634 1.316526 1.366931 1.406866 1.456942 1.524716 1.587322 1.636596 1.640444 1.618078 1.632242 1.666938 1.683642 1.632226 1.479502 1.342094 1.318432 1.371790 1.456169 1.540670 1.621732 1.706048 1.792190 1.864034 1.941854 1.999579 2.039077 2.076314 2.082241 1.981028 1.802739 1.635629 1.524231 1.467038 1.496525 1.551784 1.602548 1.652491 1.694196 1.741286
0.9285283 0.9635040 0.9978660 1.018511 1.027838 1.032341 1.038793 1.051898 1.072284 1.101035 1.140070 1.187433 1.239649 1.293323 1.348713 1.410852 1.482248 1.558028 1.618443 1.630622 1.581937 1.510186 1.478245 1.505443 1.557237 1.604235 1.621302 1.600102 1.588266 1.607272 1.618358 1.566430 1.434370 1.311589 1.286860 1.337335 1.410626 1.484079 1.555282 1.628782 1.698406 1.769110 1.839414 1.901413 1.945585 1.965893 1.964065 1.852238 1.603164 1.411217 1.319619 1.307832 1.334500 1.390507 1.460604 1.523782 1.590397 1.642556 1.683956
0.9603822 0.9900257 1.014865 1.032627 1.047465 1.061759 1.074964 1.092771 1.121915 1.166427 1.224030 1.282834 1.338678 1.393857 1.454893 1.528860 1.612851 1.706087 1.804179 1.880183 1.877238 1.790247 1.675886 1.595277 1.585720 1.607252 1.598520 1.564506 1.568316 1.580094 1.538301 1.404811 1.265316 1.229701 1.275259 1.346053 1.415298 1.479026 1.543304 1.591876 1.648555 1.709684 1.769834 1.827280 1.852402 1.821668 1.664682 1.418340 1.208942 1.147825 1.162348 1.192899 1.239893 1.297516 1.370402 1.443065 1.519726 1.585348 1.635375
0.9940323 1.018010 1.044550 1.064439 1.084527 1.104526 1.124289 1.154009 1.198554 1.254936 1.317067 1.376744 1.429398 1.481222 1.543928 1.620625 1.706944 1.799231 1.889254 1.960809 2.003130 2.020057 1.988688 1.874176 1.719921 1.611628 1.567771 1.549868 1.554292 1.516027 1.395166 1.262833 1.205716 1.225237 1.279391 1.338129 1.399772 1.454322 1.513697 1.558541 1.608725 1.658843 1.707505 1.746921 1.700524 1.535540 1.276912 1.079649 1.017957 1.041689 1.081685 1.125429 1.177034 1.234923 1.301484 1.384844 1.476153 1.559207 1.630851
1.037323 1.066545 1.090732 1.111329 1.133071 1.157754 1.189305 1.238074 1.298450 1.359440 1.415531 1.464248 1.506156 1.551195 1.610757 1.685513 1.770720 1.861464 1.942165 1.998087 2.040908 2.101161 2.173702 2.176380 2.011180 1.741563 1.581821 1.540448 1.516105 1.413721 1.270546 1.195715 1.202769 1.241674 1.288396 1.329065 1.382961 1.434365 1.485940 1.535016 1.580777 1.623116 1.647576 1.578505 1.355707 1.124701 0.9831198 0.9492474 0.9766667 1.017439 1.063590 1.115423 1.171407 1.232104 1.302225 1.383424 1.487171 1.587706 1.683130
1.090879 1.121582 1.143776 1.163676 1.188247 1.222425 1.271541 1.332250 1.393981 1.447715 1.490699 1.526723 1.562443 1.607439 1.665171 1.735718 1.817181 1.900776 1.971081 2.021196 2.066575 2.127301 2.206816 2.289332 2.306292 2.076985 1.723774 1.542821 1.430698 1.281701 1.198128 1.193563 1.227472 1.263379 1.297496 1.341322 1.389269 1.435943 1.491666 1.536533 1.573236 1.580311 1.504526 1.290080 1.022523 0.9095655 0.9057769 0.9400783 0.9822657 1.029817 1.083237 1.142871 1.203505 1.268185 1.342929 1.427091 1.529553 1.644925 1.754489
1.152931 1.180346 1.201192 1.223118 1.254911 1.297288 1.347379 1.397789 1.444121 1.485684 1.523744 1.562924 1.606606 1.656706 1.713790 1.778951 1.851259 1.920653 1.979173 2.033654 2.088850 2.149133 2.219649 2.301099 2.390175 2.337796 2.023301 1.624282 1.353888 1.221312 1.188197 1.207745 1.245297 1.276617 1.312176 1.354349 1.403975 1.453170 1.497185 1.532806 1.523550 1.405895 1.187066 0.9664812 0.8894793 0.8893766 0.9178057 0.9570394 1.000936 1.050999 1.108771 1.169918 1.236273 1.306556 1.387278 1.469908 1.564282 1.683966 1.802787
1.215705 1.238830 1.255981 1.284457 1.322702 1.362278 1.399555 1.430831 1.457678 1.487225 1.525460 1.575581 1.635529 1.697586 1.755705 1.816398 1.879097 1.934206 1.975643 2.034638 2.105780 2.168380 2.233710 2.302009 2.374583 2.443230 2.362035 1.802305 1.401097 1.262364 1.225082 1.239124 1.262576 1.282240 1.318797 1.363896 1.410141 1.451271 1.478168 1.459630 1.316086 1.105311 0.9208839 0.8571239 0.8720619 0.9007281 0.9338567 0.9707219 1.011847 1.059159 1.112193 1.172514 1.240946 1.311857 1.387647 1.471249 1.563627 1.667871 1.787534
1.256833 1.274496 1.300265 1.335820 1.372016 1.404020 1.430402 1.451325 1.469886 1.492911 1.527758 1.580258 1.650622 1.725043 1.789000 1.847563 1.902241 1.945557 1.983531 2.035154 2.107752 2.181403 2.245416 2.304616 2.364798 2.435219 2.395309 1.975767 1.562112 1.415869 1.347480 1.317883 1.310488 1.313293 1.329397 1.355492 1.383637 1.408627 1.378169 1.202108 0.9790099 0.8427647 0.8092434 0.8207425 0.8518325 0.8839774 0.9133804 0.9484130 0.9869384 1.029126 1.065952 1.118927 1.181700 1.241470 1.316571 1.398462 1.485948 1.575912 1.700460
1.258722 1.281467 1.318071 1.358524 1.393615 1.421613 1.443347 1.462262 1.482175 1.507798 1.543857 1.598323 1.678268 1.762625 1.827368 1.876358 1.926450 1.962224 1.997277 2.034507 2.098793 2.183427 2.251494 2.303903 2.350133 2.417404 2.431093 2.068377 1.725945 1.626538 1.537139 1.452099 1.415637 1.388506 1.364826 1.350190 1.330816 1.267586 1.094307 0.8651836 0.7452014 0.7218266 0.7358816 0.7584133 0.7878886 0.8134940 0.8396104 0.8745361 0.9121398 0.9450350 0.9810429 1.025541 1.075422 1.123320 1.183550 1.262138 1.335923 1.425470 1.541556
1.256245 1.287604 1.323205 1.358142 1.390392 1.418870 1.443310 1.467301 1.495657 1.531957 1.580927 1.649004 1.732701 1.812408 1.871923 1.911982 1.944820 1.981567 2.014377 2.046379 2.093938 2.169102 2.243834 2.294285 2.333198 2.389728 2.365350 2.086577 1.803768 1.762741 1.722800 1.626829 1.523518 1.493999 1.453343 1.398593 1.278990 1.075028 0.8274602 0.6815164 0.6452713 0.6504665 0.6643747 0.6848086 0.7089870 0.7357084 0.7582483 0.7890103 0.8229836 0.8499233 0.8873367 0.9263363 0.9660237 0.9958436 1.046355 1.110450 1.179912 1.260033 1.369536
1.263895 1.296321 1.326927 1.355075 1.382740 1.411487 1.439671 1.470182 1.508626 1.557984 1.622129 1.702085 1.787612 1.861300 1.912192 1.944346 1.965487 1.996185 2.025738 2.049761 2.080070 2.141466 2.214615 2.263217 2.291519 2.332101 2.335035 2.072171 1.814978 1.785125 1.785542 1.760600 1.658243 1.542152 1.513537 1.427611 1.192365 0.9057318 0.7254419 0.6633122 0.6388412 0.6348991 0.6405493 0.6502308 0.6646991 0.6825145 0.7026290 0.7274663 0.7540202 0.7751757 0.8047014 0.8362510 0.8621166 0.8891160 0.9240214 0.9686405 1.016920 1.089608 1.191984
