simulation_files/asc_files/Depth____197.0.asc
NCOLS       411
NROWS       131
XLLCENTER    2538020.000000
YLLCENTER    1152390.000000
CELLSIZE           1.000
NODATA_VALUE     -9999.0
[rows 54 to 80 of 131, columns 59 to 117 of 411]
0.6483533 0.6674186 0.7001501 0.7465083 0.8035599 0.8670556 0.9284757 0.9736527 1.003685 1.035532 1.073231 1.112701 1.154961 1.210087 1.266377 1.311990 1.358285 1.398377 1.433557 1.463489 1.486186 1.504567 1.504245 1.480001 1.442667 1.401384 1.385646 1.386127 1.392331 1.395584 1.405284 1.435266 1.463583 1.472778 1.490400 1.528802 1.573164 1.606517 1.617874 1.613988 1.595811 1.558527 1.518933 1.505874 1.498901 1.483992 1.483328 1.510365 1.547068 1.610678 1.670141 1.703364 1.703580 1.678373 1.638656 1.598599 1.569379 1.555851 1.567667
0.6475488 0.6827478 0.7292760 0.7830877 0.8398560 0.8926125 0.9340369 0.9637678 0.9910339 1.024153 1.064701 1.112005 1.168774 1.228769 1.280496 1.325199 1.363012 1.392900 1.417844 1.442379 1.469813 1.483860 1.466122 1.420882 1.364943 1.327924 1.316553 1.317753 1.318424 1.322568 1.345778 1.372420 1.384456 1.395605 1.427660 1.473916 1.517276 1.547900 1.567505 1.583214 1.589784 1.585031 1.559191 1.516562 1.465628 1.443739 1.443318 1.468986 1.466582 1.488336 1.556872 1.617862 1.613859 1.607486 1.575934 1.547970 1.514814 1.500678 1.513108
0.6752660 0.7158084 0.7607689 0.8075053 0.8524025 0.8894806 0.9167527 0.9405460 0.9699545 1.007907 1.054172 1.111390 1.179925 1.242558 1.289995 1.328579 1.356029 1.374342 1.387334 1.402695 1.422727 1.421243 1.383178 1.322811 1.263724 1.236927 1.235066 1.240632 1.245201 1.260173 1.290326 1.307702 1.314228 1.332156 1.373465 1.421397 1.457526 1.480146 1.501199 1.531562 1.557460 1.570099 1.578192 1.536507 1.460167 1.405769 1.379377 1.398670 1.406354 1.380170 1.429680 1.505632 1.498556 1.507545 1.491120 1.476657 1.458864 1.450088 1.451910
0.7170139 0.7535498 0.7908587 0.8272544 0.8585841 0.8817654 0.9001219 0.9241703 0.9601673 1.005342 1.056405 1.120653 1.187035 1.238078 1.274076 1.300160 1.317960 1.327610 1.333973 1.341904 1.345716 1.321536 1.263528 1.201021 1.160354 1.151126 1.159575 1.168220 1.181496 1.212290 1.234216 1.244041 1.258127 1.285204 1.325755 1.363717 1.384808 1.399193 1.413705 1.437571 1.481910 1.509091 1.540087 1.506756 1.446748 1.402513 1.337845 1.327288 1.341318 1.327010 1.322581 1.356977 1.393341 1.380278 1.395751 1.391540 1.386667 1.381202 1.384071
0.7582379 0.7922962 0.8254878 0.8548850 0.8774386 0.8934269 0.9092767 0.9353290 0.9756062 1.023326 1.075374 1.130721 1.175579 1.204977 1.224270 1.237061 1.243897 1.248504 1.253751 1.254476 1.239582 1.191179 1.123283 1.075354 1.060131 1.068331 1.083475 1.099295 1.126227 1.154927 1.167885 1.179956 1.202660 1.235738 1.270248 1.289894 1.293380 1.303774 1.322002 1.325558 1.373728 1.419902 1.463690 1.447776 1.418430 1.411494 1.334840 1.249093 1.248413 1.240616 1.229250 1.246066 1.267838 1.278010 1.293903 1.308684 1.310877 1.316299 1.320413
0.7863242 0.8257499 0.8592984 0.8825072 0.8974642 0.9096113 0.9258649 0.9532698 0.9927714 1.034929 1.080491 1.121445 1.141746 1.153318 1.157987 1.160716 1.155479 1.158630 1.162275 1.162335 1.142695 1.072737 1.007195 0.9857608 0.9897455 1.006013 1.016820 1.034391 1.070386 1.088636 1.092617 1.112698 1.131665 1.164055 1.194970 1.196810 1.194216 1.201988 1.224121 1.229251 1.265373 1.317046 1.369356 1.376727 1.375730 1.383554 1.285813 1.158867 1.130947 1.129272 1.133280 1.156322 1.175579 1.192351 1.206580 1.222662 1.233602 1.241792 1.248937
0.8032019 0.8430878 0.8691659 0.8819449 0.8900488 0.9004974 0.9183883 0.9464920 0.9821955 1.020131 1.056544 1.081565 1.091367 1.092990 1.090633 1.083604 1.075943 1.072746 1.074141 1.075590 1.044340 0.9849231 0.9469535 0.9403725 0.9478562 0.9542732 0.9596047 0.9750354 0.9891661 0.9915392 1.003181 1.025059 1.047572 1.067146 1.069881 1.069643 1.082767 1.108094 1.134178 1.161554 1.196608 1.225133 1.271301 1.261935 1.262732 1.227127 1.093080 1.004532 0.9893180 1.007629 1.058064 1.095282 1.113738 1.123592 1.127355 1.134957 1.140193 1.136557 1.140612
0.8142518 0.8407729 0.8505862 0.8508228 0.8538446 0.8632896 0.8827992 0.9124939 0.9485875 0.9822914 1.011118 1.027247 1.030117 1.030819 1.028370 1.018039 1.008553 1.004095 1.006406 1.007826 0.9649077 0.9124565 0.8953749 0.8973561 0.9025385 0.8992592 0.9002867 0.9101083 0.9070158 0.9055776 0.9118590 0.9254642 0.9400454 0.9558083 0.9437161 0.9474022 0.9756097 1.014481 1.048384 1.090767 1.119149 1.133929 1.107069 1.032461 0.9905281 0.9489412 0.8689763 0.8214702 0.8706889 0.9293003 0.9948182 1.049623 1.067499 1.067003 1.060938 1.054792 1.036532 1.007429 1.001858
0.8035382 0.8081251 0.8026909 0.7992534 0.8026409 0.8151086 0.8369077 0.8690359 0.9020532 0.9282905 0.9479499 0.9558248 0.9593474 0.9704999 0.9743545 0.9656174 0.9567984 0.9546611 0.9588428 0.9363667 0.8845423 0.8486213 0.8375944 0.8356231 0.8274853 0.8165561 0.8169967 0.8147725 0.8106561 0.8064760 0.8122446 0.8247340 0.8362314 0.8434393 0.8403662 0.8505284 0.8735645 0.8881975 0.9216933 0.9411208 0.9105267 0.8964318 0.7496519 0.6462212 0.6107674 0.6402937 0.6483419 0.7056477 0.8002953 0.8759852 0.9400961 0.9870539 1.004265 0.9929155 0.9653388 0.9292376 0.8866665 0.8460996 0.8186001
0.7674855 0.7574667 0.7477659 0.7470293 0.7539196 0.7697670 0.7952942 0.8288328 0.8584182 0.8802754 0.8951695 0.9000155 0.9086813 0.9269630 0.9332887 0.9245949 0.9160765 0.9151109 0.9085002 0.8670312 0.8131767 0.7848985 0.7723638 0.7614360 0.7456572 0.7345251 0.7335782 0.7277042 0.7246615 0.7345705 0.7413818 0.7529072 0.7548093 0.7462441 0.7381428 0.7475999 0.7497899 0.7346733 0.6971423 0.6319956 0.4590026 0.3595049 0.2915455 0.2856468 0.3562085 0.4781674 0.5530801 0.6441074 0.7476882 0.8223743 0.8713887 0.9032484 0.9063156 0.8778068 0.8360248 0.7775028 0.7234065 0.6788493 0.6139745
0.7133775 0.7003163 0.6979637 0.7024603 0.7139313 0.7358129 0.7680996 0.8031491 0.8304894 0.8537143 0.8650691 0.8693154 0.8838665 0.8990159 0.8984500 0.8860354 0.8773592 0.8754522 0.8486329 0.7894050 0.7435522 0.7197456 0.7010964 0.6839678 0.6700089 0.6688554 0.6685930 0.6673212 0.6780953 0.6897626 0.6941427 0.6930094 0.6770812 0.6566267 0.6291605 0.6221690 0.5826680 0.5219269 0.3902939 0.2677450 0.1101476 0.5230467E-01 0.1020242 0.1854087 0.2826852 0.4157732 0.5325432 0.6212969 0.6969089 0.7563224 0.7847967 0.8002257 0.7759221 0.7322362 0.6547832 0.5654569 0.5025758 0.4507738 0.4029381
0.6675667 0.6615600 0.6653486 0.6764021 0.6961327 0.7264219 0.7625330 0.7958968 0.8233361 0.8429904 0.8512985 0.8585183 0.8704671 0.8752038 0.8660296 0.8510762 0.8402173 0.8219940 0.7741284 0.7140750 0.6739676 0.6496580 0.6307597 0.6186296 0.6163341 0.6205827 0.6236514 0.6275299 0.6375547 0.6430680 0.6315341 0.6151720 0.5836790 0.5539349 0.5240975 0.4876842 0.4347096 0.3148749 0.1489994 0.7224463E-01 -9999.000 0.7184675E-01 0.9050542E-01 0.1663925 0.2693350 0.3793736 0.4803815 0.5546246 0.6229896 0.6640517 0.6987131 0.6718422 0.6309413 0.5475330 0.4184162 0.2735161 0.2211838 0.1955291 0.1558934
0.6357170 0.6398420 0.6535753 0.6720982 0.7007810 0.7385355 0.7759016 0.8059698 0.8340260 0.8474012 0.8504323 0.8582905 0.8642977 0.8551526 0.8340469 0.8142280 0.8003748 0.7640417 0.6926874 0.6360549 0.6073792 0.5878428 0.5763212 0.5763875 0.5864503 0.5870420 0.5840969 0.5920433 0.5947549 0.5849947 0.5731306 0.5421591 0.5042167 0.4965456 0.4897520 0.4590348 0.4054079 0.2572423 0.1004853 -9999.000 0.1156676E-01 -9999.000 0.6701434E-01 0.1427958 0.2438796 0.3388055 0.4224364 0.4871430 0.5398104 0.5789804 0.5776893 0.5480994 0.5041124 0.3838115 0.1964548 0.7874911E-01 -9999.000 -9999.000 -9999.000
0.6264549 0.6398858 0.6589837 0.6847898 0.7194666 0.7571111 0.7892316 0.8166174 0.8356007 0.8407333 0.8405272 0.8399383 0.8300671 0.8073667 0.7829757 0.7645018 0.7383926 0.6821813 0.6164479 0.5750916 0.5544529 0.5434329 0.5437704 0.5497688 0.5556337 0.5553066 0.5620028 0.5705134 0.5726237 0.5666408 0.5672743 0.5671689 0.5471519 0.5486217 0.5554794 0.5335826 0.4667126 0.3215944 0.1608511 -9999.000 -9999.000 -9999.000 0.3431743E-01 0.1041374 0.1911597 0.2754546 0.3382424 0.3956376 0.4474578 0.4740154 0.4615593 0.4284249 0.3918191 0.2760699 0.1275262 -9999.000 -9999.000 -9999.000 -9999.000
0.6341992 0.6509057 0.6738365 0.7033274 0.7402952 0.7739604 0.7981130 0.8168021 0.8196612 0.8076335 0.7955632 0.7829796 0.7611266 0.7324275 0.7128607 0.7001814 0.6695718 0.6048803 0.5504195 0.5292731 0.5202014 0.5195599 0.5291096 0.5402832 0.5452922 0.5662402 0.5868859 0.6107942 0.6275996 0.6360181 0.6313570 0.6235406 0.6264209 0.6041831 0.5839861 0.5567333 0.5024148 0.3979552 0.2093096 -9999.000 -9999.000 -9999.000 -9999.000 -9999.000 0.1015385 0.1630551 0.2228087 0.2880065 0.3527521 0.3723774 0.3502084 0.3153169 0.2850605 0.1881189 0.1000354 -9999.000 -9999.000 -9999.000 -9999.000
0.6435780 0.6623928 0.6864745 0.7150243 0.7459042 0.7639159 0.7803265 0.7784789 0.7600472 0.7366696 0.7180648 0.7016011 0.6819803 0.6648428 0.6570130 0.6476109 0.6087179 0.5544376 0.5286171 0.5239456 0.5300153 0.5414867 0.5700779 0.5918379 0.6136434 0.6443036 0.6785836 0.6994339 0.7054073 0.6959250 0.6697147 0.6415120 0.6173802 0.5934075 0.5679370 0.5518052 0.5076720 0.3921407 0.2147043 -9999.000 -9999.000 -9999.000 -9999.000 -9999.000 0.3089026E-01 0.6502788E-01 0.1335415 0.1931104 0.2480968 0.2654415 0.2359467 0.1902986 0.1521575 -9999.000 -9999.000 -9999.000 -9999.000 -9999.000 -9999.000
0.6545967 0.6734473 0.6895713 0.7099365 0.7233611 0.7235737 0.7154570 0.6987601 0.6748230 0.6591597 0.6512685 0.6458883 0.6402035 0.6386310 0.6404904 0.6287562 0.5937786 0.5547326 0.5549954 0.5678443 0.5806014 0.6084799 0.6457134 0.6761352 0.6928775 0.7116223 0.7168275 0.7155732 0.6985395 0.6730902 0.6412596 0.6121333 0.5946666 0.5799991 0.5623770 0.5417100 0.4903493 0.3534527 0.1642252 -9999.000 -9999.000 -9999.000 -9999.000 -9999.000 -9999.000 0.2379582E-01 0.6086367E-01 0.1041334 0.1432213 0.1456136 0.1195805 0.9319371E-01 0.6547527E-01 -9999.000 -9999.000 -9999.000 -9999.000 -9999.000 -9999.000
0.6598007 0.6667571 0.6731750 0.6742812 0.6668104 0.6549268 0.6515257 0.6300338 0.6276732 0.6311375 0.6379400 0.6418481 0.6465347 0.6575370 0.6665695 0.6490200 0.6131157 0.5986171 0.6065480 0.6315306 0.6537612 0.6770644 0.7047035 0.7109867 0.7136795 0.7091355 0.6940067 0.6811758 0.6585170 0.6302877 0.6053158 0.5874078 0.5746807 0.5585751 0.5442815 0.5295359 0.4697216 0.3033264 -9999.000 -9999.000 -9999.000 -9999.000 -9999.000 -9999.000 -9999.000 -9999.000 -9999.000 -9999.000 0.5483388E-01 0.4490740E-01 0.2893550E-01 0.1312815E-01 -9999.000 -9999.000 -9999.000 -9999.000 -9999.000 -9999.000 -9999.000
0.6767235 0.6526272 0.6561522 0.6591128 0.6351539 0.6182208 0.6452165 0.6486931 0.6505571 0.6649485 0.6734494 0.6798272 0.6945034 0.7081579 0.7070017 0.6824756 0.6513001 0.6394488 0.6559713 0.6688027 0.6844923 0.6976101 0.7038626 0.6992115 0.6934671 0.6813877 0.6608723 0.6445885 0.6119542 0.5950264 0.5799826 0.5672294 0.5575124 0.5456687 0.5324566 0.5040100 0.3998575 0.1706625 -9999.000 -9999.000 -9999.000 -9999.000 -9999.000 -9999.000 -9999.000 -9999.000 -9999.000 -9999.000 -9999.000 -9999.000 -9999.000 -9999.000 -9999.000 -9999.000 -9999.000 -9999.000 -9999.000 -9999.000 -9999.000
0.7833118 0.7706643 0.7812654 0.8133516 0.8094769 0.8105241 0.8064710 0.7953067 0.7940774 0.8390254 0.8509427 0.8186667 0.8463050 0.8222526 0.7917258 0.7331459 0.6774061 0.6711218 0.6720499 0.6767558 0.6845362 0.6914935 0.6867155 0.6768868 0.6641700 0.6495828 0.6240059 0.6102678 0.5897616 0.5764858 0.5705193 0.5643575 0.5548883 0.5481673 0.5301818 0.4542083 0.3638969 -9999.000 -9999.000 -9999.000 -9999.000 -9999.000 -9999.000 -9999.000 -9999.000 -9999.000 -9999.000 -9999.000 -9999.000 -9999.000 -9999.000 -9999.000 -9999.000 -9999.000 -9999.000 -9999.000 -9999.000 -9999.000 -9999.000
0.8807070 0.9149698 0.9504700 0.9815356 1.026403 1.034293 1.026216 1.060341 1.025354 1.003730 1.010775 1.013197 1.001449 0.9863740 0.9366517 0.8693987 0.8160313 0.7861067 0.7592086 0.7393685 0.7265888 0.7228430 0.6919771 0.6694627 0.6489341 0.6321511 0.5986550 0.5868138 0.5810641 0.5783210 0.5756609 0.5739946 0.5735865 0.5698149 0.5384944 0.3921454 -9999.000 -9999.000 -9999.000 -9999.000 -9999.000 -9999.000 -9999.000 -9999.000 -9999.000 -9999.000 -9999.000 -9999.000 -9999.000 -9999.000 -9999.000 -9999.000 -9999.000 -9999.000 -9999.000 -9999.000 -9999.000 -9999.000 -9999.000
0.8894849 0.9334989 0.9765746 1.014934 1.060389 1.098482 1.117242 1.145253 1.155582 1.131424 1.111310 1.086556 1.088957 1.091128 1.061120 1.001139 0.9693390 0.9638296 0.9441571 0.9175127 0.8879516 0.8471395 0.7941641 0.7413798 0.6959474 0.6647299 0.6155077 0.5867200 0.5874377 0.5895636 0.5901988 0.5956916 0.5973239 0.5947174 0.5322108 0.3452497 -9999.000 -9999.000 -9999.000 -9999.000 -9999.000 -9999.000 -9999.000 -9999.000 -9999.000 -9999.000 -9999.000 -9999.000 -9999.000 -9999.000 -9999.000 -9999.000 -9999.000 -9999.000 -9999.000 -9999.000 -9999.000 -9999.000 -9999.000
0.9073808 0.9449785 0.9756296 1.001638 1.052992 1.088438 1.116911 1.148114 1.177945 1.210711 1.191022 1.164670 1.128971 1.112453 1.064917 1.017022 1.019914 1.015933 1.037753 1.030638 1.025443 0.9715864 0.9244556 0.8603048 0.7518529 0.6987660 0.6362383 0.5729912 0.5837378 0.5954687 0.6009581 0.6136883 0.6232962 0.6209551 0.5272552 -9999.000 -9999.000 -9999.000 -9999.000 -9999.000 -9999.000 -9999.000 -9999.000 -9999.000 -9999.000 -9999.000 -9999.000 -9999.000 -9999.000 -9999.000 -9999.000 -9999.000 -9999.000 -9999.000 -9999.000 -9999.000 -9999.000 -9999.000 -9999.000
0.9479342 0.9686502 0.9871819 1.008720 1.049265 1.077846 1.109853 1.137934 1.168291 1.209444 1.247893 1.246331 1.203141 1.172002 1.086052 1.010349 0.9884912 0.9884677 0.9803237 1.012758 0.9911437 0.9739928 0.9151318 0.8489863 0.7094744 0.6052123 0.5418284 0.4757355 0.5072538 0.5590165 0.6047409 0.6231525 0.6360484 0.6148921 0.5105368 -9999.000 -9999.000 -9999.000 -9999.000 -9999.000 -9999.000 -9999.000 -9999.000 -9999.000 -9999.000 -9999.000 -9999.000 -9999.000 -9999.000 -9999.000 -9999.000 -9999.000 -9999.000 -9999.000 -9999.000 -9999.000 -9999.000 -9999.000 -9999.000
0.9946983 1.016259 1.027767 1.043605 1.062167 1.084722 1.112159 1.130971 1.153091 1.192114 1.235271 1.258338 1.254541 1.228755 1.151772 1.050477 0.9745536 0.9107879 0.8324304 0.7272843 0.7638052 0.6820750 0.6758006 0.6167145 0.4220730 0.3152914 0.2310071 -9999.000 0.3291416 0.4758968 0.5809689 0.6175102 0.6336909 0.5699804 0.4233118 -9999.000 -9999.000 -9999.000 -9999.000 -9999.000 -9999.000 -9999.000 -9999.000 -9999.000 -9999.000 -9999.000 -9999.000 -9999.000 -9999.000 -9999.000 -9999.000 -9999.000 -9999.000 -9999.000 -9999.000 -9999.000 -9999.000 -9999.000 -9999.000
1.024642 1.057938 1.091088 1.104438 1.105837 1.100219 1.116635 1.129554 1.147028 1.177751 1.211781 1.243416 1.246862 1.228057 1.177385 1.093381 0.9918065 0.7346817 0.5184446 0.3042333 -9999.000 -9999.000 -9999.000 -9999.000 -9999.000 -9999.000 -9999.000 -9999.000 -9999.000 0.2625371 0.3832723 0.5580361 0.6154783 0.5253107 0.2650583 -9999.000 -9999.000 -9999.000 -9999.000 -9999.000 -9999.000 -9999.000 -9999.000 -9999.000 -9999.000 -9999.000 -9999.000 -9999.000 -9999.000 -9999.000 -9999.000 -9999.000 -9999.000 -9999.000 -9999.000 -9999.000 -9999.000 -9999.000 -9999.000
1.026205 1.076141 1.125068 1.165169 1.170537 1.146629 1.132735 1.135587 1.145157 1.172588 1.195567 1.211223 1.214158 1.185933 1.139418 1.040227 0.8242024 0.4103668 -9999.000 -9999.000 -9999.000 -9999.000 -9999.000 -9999.000 -9999.000 -9999.000 -9999.000 -9999.000 -9999.000 -9999.000 0.2035947 0.3841957 0.4199843 0.3341520 -9999.000 -9999.000 -9999.000 -9999.000 -9999.000 -9999.000 -9999.000 -9999.000 -9999.000 -9999.000 -9999.000 -9999.000 -9999.000 -9999.000 -9999.000 -9999.000 -9999.000 -9999.000 -9999.000 -9999.000 -9999.000 -9999.000 -9999.000 -9999.000 -9999.000
