simulation_files/asc_files/Depth____149.0.asc
NCOLS       411
NROWS       131
XLLCENTER    2538020.000000
YLLCENTER    1152390.000000
CELLSIZE           1.000
NODATA_VALUE     -9999.0
[rows 0 to 26 of 131, columns 295 to 353 of 411]
-9999.000 -9999.000 -9999.000 -9999.000 -9999.000 -9999.000 -9999.000 -9999.000 -9999.000 -9999.000 -9999.000 -9999.000 -9999.000 -9999.000 -9999.000 -9999.000 -9999.000 -9999.000 -9999.000 -9999.000 -9999.000 -9999.000 -9999.000 -9999.000 -9999.000 -9999.000 -9999.000 -9999.000 -9999.000 -9999.000 -9999.000 -9999.000 -9999.000 -9999.000 -9999.000 -9999.000 -9999.000 -9999.000 -9999.000 -9999.000 -9999.000 -9999.000 -9999.000 -9999.000 -9999.000 -9999.000 -9999.000 -9999.000 -9999.000 -9999.000 -9999.000 -9999.000 -9999.000 -9999.000 -9999.000 -9999.000 -9999.000 -9999.000 -9999.000
-9999.000 -9999.000 -9999.000 -9999.000 -9999.000 -9999.000 -9999.000 -9999.000 -9999.000 -9999.000 -9999.000 -9999.000 -9999.000 -9999.000 -9999.000 -9999.000 -9999.000 -9999.000 -9999.000 -9999.000 -9999.000 -9999.000 -9999.000 -9999.000 -9999.000 -9999.000 -9999.000 -9999.000 -9999.000 -9999.000 -9999.000 -9999.000 -9999.000 -9999.000 -9999.000 -9999.000 -9999.000 -9999.000 -9999.000 -9999.000 -9999.000 -9999.000 -9999.000 -9999.000 -9999.000 -9999.000 -9999.000 -9999.000 -9999.000 -9999.000 -9999.000 -9999.000 -9999.000 -9999.000 -9999.000 -9999.000 -9999.000 -9999.000 -9999.000
-9999.000 -9999.000 -9999.000 -9999.000 -9999.000 -9999.000 -9999.000 -9999.000 -9999.000 -9999.000 -9999.000 -9999.000 -9999.000 -9999.000 -9999.000 -9999.000 -9999.000 -9999.000 -9999.000 -9999.000 -9999.000 -9999.000 -9999.000 -9999.000 -9999.000 -9999.000 -9999.000 -9999.000 -9999.000 -9999.000 -9999.000 -9999.000 -9999.000 -9999.000 -9999.000 -9999.000 -9999.000 -9999.000 -9999.000 -9999.000 -9999.000 -9999.000 -9999.000 -9999.000 -9999.000 -9999.000 -9999.000 -9999.000 -9999.000 -9999.000 -9999.000 -9999.000 -9999.000 -9999.000 -9999.000 -9999.000 -9999.000 -9999.000 -9999.000
-9999.000 -9999.000 -9999.000 -9999.000 -9999.000 -9999.000 -9999.000 -9999.000 -9999.000 -9999.000 -9999.000 -9999.000 -9999.000 -9999.000 -9999.000 -9999.000 -9999.000 -9999.000 -9999.000 -9999.000 -9999.000 -9999.000 -9999.000 -9999.000 -9999.000 -9999.000 -9999.000 -9999.000 -9999.000 -9999.000 -9999.000 -9999.000 -9999.000 -9999.000 -9999.000 -9999.000 -9999.000 -9999.000 -9999.000 -9999.000 -9999.000 -9999.000 -9999.000 -9999.000 -9999.000 -9999.000 -9999.000 -9999.000 -9999.000 -9999.000 -9999.000 -9999.000 -9999.000 -9999.000 -9999.000 -9999.000 -9999.000 -9999.000 -9999.000
-9999.000 -9999.000 -9999.000 -9999.000 -9999.000 -9999.000 -9999.000 -9999.000 -9999.000 -9999.000 -9999.000 -9999.000 -9999.000 -9999.000 -9999.000 -9999.000 -9999.000 -9999.000 -9999.000 -9999.000 -9999.000 -9999.000 -9999.000 -9999.000 -9999.000 -9999.000 -9999.000 -9999.000 -9999.000 -9999.000 -9999.000 -9999.000 -9999.000 -9999.000 -9999.000 -9999.000 -9999.000 -9999.000 -9999.000 -9999.000 -9999.000 -9999.000 -9999.000 -9999.000 -9999.000 -9999.000 -9999.000 -9999.000 -9999.000 -9999.000 -9999.000 -9999.000 -9999.000 -9999.000 -9999.000 -9999.000 -9999.000 -9999.000 -9999.000
-9999.000 -9999.000 -9999.000 -9999.000 -9999.000 -9999.000 -9999.000 -9999.000 -9999.000 -9999.000 -9999.000 -9999.000 -9999.000 -9999.000 -9999.000 -9999.000 -9999.000 -9999.000 -9999.000 -9999.000 -9999.000 -9999.000 -9999.000 -9999.000 -9999.000 -9999.000 -9999.000 -9999.000 -9999.000 -9999.000 -9999.000 -9999.000 -9999.000 -9999.000 -9999.000 -9999.000 -9999.000 -9999.000 -9999.000 -9999.000 -9999.000 -9999.000 -9999.000 -9999.000 -9999.000 -9999.000 -9999.000 -9999.000 -9999.000 -9999.000 -9999.000 -9999.000 -9999.000 -9999.000 -9999.000 -9999.000 -9999.000 -9999.000 -9999.000
-9999.000 -9999.000 -9999.000 -9999.000 -9999.000 -9999.000 -9999.000 -9999.000 -9999.000 -9999.000 -9999.000 -9999.000 -9999.000 -9999.000 -9999.000 -9999.000 -9999.000 -9999.000 -9999.000 -9999.000 -9999.000 -9999.000 -9999.000 -9999.000 -9999.000 -9999.000 -9999.000 -9999.000 -9999.000 -9999.000 -9999.000 -9999.000 -9999.000 -9999.000 -9999.000 -9999.000 -9999.000 -9999.000 -9999.000 -9999.000 -9999.000 -9999.000 -9999.000 -9999.000 -9999.000 -9999.000 -9999.000 -9999.000 -9999.000 -9999.000 -9999.000 -9999.000 -9999.000 -9999.000 -9999.000 -9999.000 -9999.000 -9999.000 -9999.000
-9999.000 -9999.000 -9999.000 -9999.000 -9999.000 -9999.000 -9999.000 -9999.000 0.3821203E-01 0.4608385E-01 0.5100222E-01 -9999.000 -9999.000 -9999.000 -9999.000 -9999.000 -9999.000 -9999.000 -9999.000 -9999.000 -9999.000 -9999.000 -9999.000 -9999.000 -9999.000 -9999.000 -9999.000 -9999.000 -9999.000 -9999.000 -9999.000 -9999.000 -9999.000 -9999.000 -9999.000 -9999.000 -9999.000 -9999.000 -9999.000 -9999.000 -9999.000 -9999.000 -9999.000 -9999.000 -9999.000 -9999.000 -9999.000 -9999.000 -9999.000 -9999.000 -9999.000 -9999.000 -9999.000 -9999.000 -9999.000 -9999.000 -9999.000 -9999.000 -9999.000
-9999.000 -9999.000 -9999.000 -9999.000 -9999.000 -9999.000 -9999.000 0.3383172E-01 0.5019046E-01 0.6140045E-01 0.6423674E-01 0.7337139E-01 0.8817424E-01 0.9941679E-01 0.1081721 0.1174051 -9999.000 -9999.000 -9999.000 -9999.000 -9999.000 -9999.000 -9999.000 -9999.000 -9999.000 -9999.000 -9999.000 -9999.000 -9999.000 -9999.000 -9999.000 -9999.000 -9999.000 -9999.000 -9999.000 -9999.000 -9999.000 -9999.000 -9999.000 -9999.000 -9999.000 -9999.000 -9999.000 -9999.000 -9999.000 -9999.000 -9999.000 -9999.000 -9999.000 -9999.000 -9999.000 -9999.000 -9999.000 -9999.000 -9999.000 -9999.000 -9999.000 -9999.000 -9999.000
-9999.000 -9999.000 -9999.000 -9999.000 -9999.000 -9999.000 0.5245169E-01 0.7491529E-01 0.9500484E-01 0.1098304 0.1095148 0.1084386 0.1180704 0.1274430 0.1280952 0.1463660 0.1473194 0.1526246 0.1570246 0.1659101 0.1747885 -9999.000 -9999.000 -9999.000 -9999.000 -9999.000 -9999.000 -9999.000 -9999.000 -9999.000 -9999.000 -9999.000 -9999.000 -9999.000 -9999.000 -9999.000 -9999.000 -9999.000 -9999.000 -9999.000 -9999.000 -9999.000 -9999.000 -9999.000 -9999.000 -9999.000 -9999.000 -9999.000 -9999.000 -9999.000 -9999.000 -9999.000 -9999.000 -9999.000 -9999.000 -9999.000 -9999.000 -9999.000 -9999.000
-9999.000 0.1230029 0.1257994 0.1542497 0.1816004 0.2160832 0.2712853 0.3008617 0.2930057 0.2747003 0.2422296 0.2182980 0.2076914 0.2190114 0.2130967 0.2082530 0.2200311 0.2167232 0.2183505 0.2254196 0.2323254 0.2384110 0.2495097 0.2908909 0.3208539 0.3720594 0.3945417 0.3948806 0.3981947 0.4118306 0.4330997 0.4543861 0.4724315 0.4929851 0.5052389 0.4966326 0.4910855 0.4889506 0.4864328 0.4844195 0.4835031 0.4843101 0.4852013 0.4843064 0.4812254 0.4769071 0.4733333 0.4704982 0.4672022 0.4619996 0.4524992 0.4410045 0.4281895 0.4134734 0.3957907 0.3748558 0.3470947 0.3130638 0.2640809
0.2819228 0.3015209 0.3537595 0.3978030 0.4370627 0.4876439 0.5020799 0.4875147 0.4477335 0.4211619 0.3948851 0.3731629 0.3669767 0.3690089 0.3590140 0.3459678 0.3426971 0.3450194 0.3400658 0.3453328 0.3580422 0.3633638 0.3702130 0.3824983 0.4017348 0.4233586 0.4456043 0.4540742 0.4536945 0.4605016 0.4785325 0.4971888 0.5035927 0.5055517 0.5081722 0.5094888 0.5053166 0.5024121 0.5011163 0.4992200 0.4968482 0.4957758 0.4944508 0.4922006 0.4891484 0.4849332 0.4805651 0.4757498 0.4696154 0.4601317 0.4466943 0.4304364 0.4133541 0.3954995 0.3765665 0.3585240 0.3370710 0.3145762 0.3074113
0.5138234 0.5339677 0.5661204 0.5851909 0.5967647 0.5959816 0.5708732 0.5381696 0.5131640 0.5016538 0.4942894 0.4950983 0.4948939 0.4907825 0.4857550 0.4884653 0.4865998 0.4866915 0.4874656 0.5063516 0.5184983 0.5241950 0.5289692 0.5419768 0.5486277 0.5524910 0.5597670 0.5631471 0.5604964 0.5599013 0.5703148 0.5663828 0.5586843 0.5485912 0.5475565 0.5446657 0.5391549 0.5398002 0.5390359 0.5369415 0.5344096 0.5346375 0.5300063 0.5237334 0.5192056 0.5155957 0.5065071 0.4944611 0.4811036 0.4657773 0.4495391 0.4344815 0.4232201 0.4105637 0.4030174 0.4006999 0.3958732 0.3898413 0.3885974
0.6820246 0.7004159 0.6984220 0.6838218 0.6553707 0.6193574 0.5867031 0.5645462 0.5579111 0.5531281 0.5546964 0.5638869 0.5666692 0.5682162 0.5713920 0.5826140 0.5871784 0.5929111 0.5990207 0.6070767 0.6176246 0.6228039 0.6308764 0.6406005 0.6438122 0.6449637 0.6474495 0.6498140 0.6454358 0.6411244 0.6334344 0.6199655 0.6079317 0.6012953 0.5968469 0.5911402 0.5868217 0.5904378 0.5897638 0.5869963 0.5864263 0.5801151 0.5700095 0.5586682 0.5493102 0.5374964 0.5240712 0.5121449 0.5007899 0.4886276 0.4780963 0.4766559 0.4712662 0.4670857 0.4697128 0.4760890 0.4793818 0.4836556 0.4979226
0.7677622 0.7518486 0.7251160 0.6957709 0.6658444 0.6424923 0.6251236 0.6133411 0.6114007 0.6082568 0.6067552 0.6117721 0.6148296 0.6180238 0.6266874 0.6338651 0.6408171 0.6464677 0.6514469 0.6589947 0.6636515 0.6689947 0.6767126 0.6830248 0.6876541 0.6909101 0.6942868 0.6915278 0.6860633 0.6800230 0.6732442 0.6618770 0.6514430 0.6459426 0.6382950 0.6326674 0.6291266 0.6298193 0.6269090 0.6216358 0.6153945 0.6046697 0.5933117 0.5830289 0.5734715 0.5620319 0.5522948 0.5472955 0.5458652 0.5411737 0.5410031 0.5419856 0.5404557 0.5394685 0.5449706 0.5516397 0.5563610 0.5692395 0.5815288
0.8043607 0.7691233 0.7341562 0.7095378 0.6998140 0.6915134 0.6844554 0.6796743 0.6782756 0.6701521 0.6658741 0.6665624 0.6637057 0.6646264 0.6688811 0.6748678 0.6833406 0.6871971 0.6914599 0.6957625 0.6976176 0.7002461 0.7041578 0.7078930 0.7104806 0.7135490 0.7134219 0.7107537 0.7080995 0.7072487 0.7046525 0.6980067 0.6926342 0.6836377 0.6731299 0.6640152 0.6593665 0.6544795 0.6486274 0.6410985 0.6364634 0.6295964 0.6215337 0.6188534 0.6134545 0.6073832 0.6023837 0.6055248 0.6041398 0.6033579 0.6049362 0.6103696 0.6102760 0.6101024 0.6183342 0.6200483 0.6232291 0.6308752 0.6489577
0.8362367 0.8128783 0.7894779 0.7698725 0.7598993 0.7524793 0.7439474 0.7391526 0.7337550 0.7269517 0.7241257 0.7234741 0.7207236 0.7215085 0.7243360 0.7309659 0.7346782 0.7371278 0.7433633 0.7426167 0.7413578 0.7414581 0.7450104 0.7429760 0.7400650 0.7378689 0.7372748 0.7338827 0.7308317 0.7319548 0.7301319 0.7257345 0.7185773 0.7115196 0.7023957 0.6931572 0.6881021 0.6823075 0.6771402 0.6733592 0.6739821 0.6716169 0.6689384 0.6718992 0.6727732 0.6710542 0.6719637 0.6767286 0.6757231 0.6755384 0.6792315 0.6854278 0.6860939 0.6918114 0.6985923 0.6998628 0.7009671 0.7099830 0.7203423
0.8556904 0.8469900 0.8352808 0.8211676 0.8078044 0.7930247 0.7807592 0.7737977 0.7668620 0.7634663 0.7628064 0.7645496 0.7654464 0.7683255 0.7714280 0.7745333 0.7752447 0.7758493 0.7770367 0.7755095 0.7738422 0.7732033 0.7716358 0.7675698 0.7630096 0.7592599 0.7556244 0.7508168 0.7446866 0.7384350 0.7338199 0.7288560 0.7228230 0.7185371 0.7156692 0.7133522 0.7130967 0.7133198 0.7132552 0.7170830 0.7203444 0.7213818 0.7238590 0.7326283 0.7368312 0.7389326 0.7487479 0.7514289 0.7531774 0.7551385 0.7671699 0.7690386 0.7716611 0.7762753 0.7911183 0.7948467 0.7975097 0.8049929 0.8030959
0.8466945 0.8429632 0.8389360 0.8315105 0.8236510 0.8158530 0.8080501 0.8010721 0.7925061 0.7857995 0.7825971 0.7802306 0.7800254 0.7803288 0.7791592 0.7783461 0.7777385 0.7749005 0.7710460 0.7707786 0.7701918 0.7652138 0.7602936 0.7558870 0.7514322 0.7407737 0.7358774 0.7305766 0.7245409 0.7150153 0.7118641 0.7099470 0.7086318 0.7107839 0.7141488 0.7183585 0.7226691 0.7273876 0.7324899 0.7387730 0.7463084 0.7523523 0.7599240 0.7688459 0.7760952 0.7831195 0.7926313 0.8024562 0.8095481 0.8181949 0.8267174 0.8334142 0.8404532 0.8511473 0.8604011 0.8662872 0.8728427 0.8792547 0.8781499
0.8211668 0.8230758 0.8247070 0.8243376 0.8238620 0.8244314 0.8229156 0.8196292 0.8128015 0.8042203 0.7955236 0.7855703 0.7767423 0.7684003 0.7601783 0.7547645 0.7498905 0.7434338 0.7378673 0.7340590 0.7291240 0.7206900 0.7130315 0.7084652 0.7011842 0.6929658 0.6895988 0.6868540 0.6818343 0.6811224 0.6834226 0.6861965 0.6888654 0.6940625 0.7000868 0.7048005 0.7107949 0.7168634 0.7239105 0.7298545 0.7384795 0.7476279 0.7565128 0.7679139 0.7802634 0.7934746 0.8046815 0.8170689 0.8289755 0.8402658 0.8513831 0.8619093 0.8718144 0.8816231 0.8896069 0.8964717 0.9037829 0.9117787 0.9156185
0.8021257 0.8058253 0.8100756 0.8136143 0.8175353 0.8217786 0.8239632 0.8240938 0.8234073 0.8187694 0.8111454 0.7991591 0.7835079 0.7664591 0.7481123 0.7320651 0.7201538 0.7074101 0.6961625 0.6857284 0.6773331 0.6668336 0.6619132 0.6575651 0.6534333 0.6479300 0.6486264 0.6500609 0.6509304 0.6552241 0.6602232 0.6645996 0.6683538 0.6741236 0.6794353 0.6846528 0.6914221 0.6980458 0.7039303 0.7103090 0.7190974 0.7293522 0.7402252 0.7520329 0.7652778 0.7773192 0.7902847 0.8045461 0.8192034 0.8317999 0.8449661 0.8581945 0.8698315 0.8793947 0.8894044 0.8984485 0.9065691 0.9145508 0.9211304
0.8017417 0.8055821 0.8104837 0.8157157 0.8193645 0.8227631 0.8251883 0.8265667 0.8274128 0.8265580 0.8223773 0.8144401 0.8037366 0.7884683 0.7665993 0.7418582 0.7169733 0.6949479 0.6755997 0.6600269 0.6486493 0.6402416 0.6349320 0.6318252 0.6295189 0.6291305 0.6312743 0.6346424 0.6376989 0.6418169 0.6466710 0.6502885 0.6558401 0.6617852 0.6680436 0.6732825 0.6808386 0.6877767 0.6965331 0.7038909 0.7117730 0.7206819 0.7299489 0.7389260 0.7484128 0.7583087 0.7702761 0.7831793 0.7964406 0.8085304 0.8226792 0.8368928 0.8497727 0.8607469 0.8731142 0.8838200 0.8933479 0.9030430 0.9112778
0.8185243 0.8216738 0.8254353 0.8300507 0.8324304 0.8344235 0.8373356 0.8380450 0.8374959 0.8356027 0.8304429 0.8223152 0.8135601 0.8033783 0.7890076 0.7700101 0.7468518 0.7273604 0.7050098 0.6848969 0.6723975 0.6599003 0.6499977 0.6448095 0.6430096 0.6410535 0.6407987 0.6422146 0.6448398 0.6478856 0.6527125 0.6581560 0.6634265 0.6690321 0.6767129 0.6848221 0.6919549 0.7000936 0.7085331 0.7148999 0.7209735 0.7281375 0.7349057 0.7412326 0.7480616 0.7569448 0.7663225 0.7759091 0.7850752 0.7945274 0.8055564 0.8175135 0.8287066 0.8410062 0.8539241 0.8663213 0.8761577 0.8864700 0.8962571
0.8343833 0.8361096 0.8388849 0.8419911 0.8433407 0.8443394 0.8443191 0.8442149 0.8426801 0.8383214 0.8323432 0.8260386 0.8195628 0.8138774 0.8077717 0.8001432 0.7934325 0.7834366 0.7681310 0.7509600 0.7388548 0.7226781 0.7050938 0.6963777 0.6874721 0.6802315 0.6756920 0.6761687 0.6749959 0.6743699 0.6753496 0.6822360 0.6872777 0.6920347 0.7011633 0.7082472 0.7151805 0.7217902 0.7311350 0.7371296 0.7425453 0.7510986 0.7565891 0.7625348 0.7686234 0.7773943 0.7822138 0.7876525 0.7941902 0.8013438 0.8082897 0.8164818 0.8260360 0.8365809 0.8475942 0.8588293 0.8693827 0.8796301 0.8892464
0.8336307 0.8352334 0.8325937 0.8329109 0.8339267 0.8345091 0.8302543 0.8285200 0.8265147 0.8215265 0.8211999 0.8219848 0.8221836 0.8230980 0.8229621 0.8222307 0.8223306 0.8222237 0.8177386 0.8111441 0.8086893 0.7955642 0.7785938 0.7621377 0.7492876 0.7342869 0.7255158 0.7222846 0.7177765 0.7146946 0.7144231 0.7167769 0.7180374 0.7206273 0.7278981 0.7338100 0.7400542 0.7478968 0.7557381 0.7624155 0.7686056 0.7779620 0.7847592 0.7904444 0.7978691 0.8033952 0.8057409 0.8082081 0.8134195 0.8180697 0.8224344 0.8279981 0.8337173 0.8400553 0.8476285 0.8554842 0.8636617 0.8719075 0.8801063
0.7895090 0.7892592 0.7845488 0.7862360 0.7879043 0.7856361 0.7825778 0.7849963 0.7877713 0.7864398 0.7931274 0.8015041 0.8072102 0.8135776 0.8207481 0.8271237 0.8325549 0.8375824 0.8405176 0.8434857 0.8450201 0.8425383 0.8347136 0.8240130 0.8085079 0.7899044 0.7753444 0.7623807 0.7524321 0.7467328 0.7451753 0.7432939 0.7428156 0.7432328 0.7474822 0.7519001 0.7571230 0.7644168 0.7714414 0.7787265 0.7858646 0.7948519 0.8018837 0.8074013 0.8132876 0.8198972 0.8238356 0.8259825 0.8280005 0.8303590 0.8328420 0.8344914 0.8355814 0.8379914 0.8406877 0.8434991 0.8481764 0.8534188 0.8572687
0.7049513 0.7037765 0.7035653 0.7076582 0.7115294 0.7053978 0.7097524 0.7156138 0.7225022 0.7230841 0.7341909 0.7458634 0.7525017 0.7665291 0.7806986 0.7935273 0.8028409 0.8139965 0.8228373 0.8281459 0.8305111 0.8370207 0.8403671 0.8396330 0.8352078 0.8246095 0.8094253 0.7910105 0.7711553 0.7567779 0.7484297 0.7456798 0.7460793 0.7470932 0.7490053 0.7524758 0.7569236 0.7614338 0.7672458 0.7734335 0.7787647 0.7845895 0.7903215 0.7960587 0.7978334 0.8034435 0.8095690 0.8109960 0.8130762 0.8156027 0.8173850 0.8134502 0.8137183 0.8142462 0.8125749 0.8111891 0.8134219 0.8163639 0.8152592
