simulation_files/asc_files/Depth____159.0.asc
NCOLS       411
NROWS       131
XLLCENTER    2538020.000000
YLLCENTER    1152390.000000
CELLSIZE           1.000
NODATA_VALUE     -9999.0
[rows 27 to 53 of 131, columns 295 to 353 of 411]
0.6127634 0.6181510 0.6227833 0.6315239 0.6342720 0.6381816 0.6451394 0.6527040 0.6564246 0.6633306 0.6745397 0.6874114 0.6958950 0.7092708 0.7252369 0.7365083 0.7504854 0.7636183 0.7742580 0.7780455 0.7866504 0.7972736 0.8056603 0.8134577 0.8209486 0.8246091 0.8239964 0.8171314 0.8013469 0.7815197 0.7612711 0.7436911 0.7337188 0.7283602 0.7278138 0.7281993 0.7294307 0.7294906 0.7335300 0.7361556 0.7346845 0.7387349 0.7427563 0.7440213 0.7431070 0.7495174 0.7579149 0.7625013 0.7638077 0.7671642 0.7650070 0.7616587 0.7611837 0.7604448 0.7553704 0.7523279 0.7540460 0.7522442 0.7552594
0.5286888 0.5353179 0.5507513 0.5656658 0.5767965 0.5856147 0.5977533 0.6079149 0.6139718 0.6227923 0.6319202 0.6411741 0.6495751 0.6631121 0.6765204 0.6865747 0.7016287 0.7157450 0.7260697 0.7347551 0.7458362 0.7577981 0.7690023 0.7806749 0.7942464 0.8063119 0.8195093 0.8313869 0.8355828 0.8308268 0.8133778 0.7813030 0.7494119 0.7199011 0.7013973 0.6916959 0.6826262 0.6792013 0.6793959 0.6806582 0.6756716 0.6768197 0.6792613 0.6738247 0.6765365 0.6814418 0.6889174 0.6887250 0.6966722 0.7028888 0.7039559 0.7024895 0.7035849 0.7028600 0.6964550 0.6960119 0.6966964 0.6972242 0.6969980
0.4624161 0.4729199 0.4888009 0.5048339 0.5152218 0.5291762 0.5452079 0.5604166 0.5686617 0.5790954 0.5893441 0.5952568 0.6063580 0.6187036 0.6314879 0.6388546 0.6533821 0.6693077 0.6800728 0.6964175 0.7122556 0.7274987 0.7387139 0.7516362 0.7633197 0.7731398 0.7832120 0.7991006 0.8155540 0.8301817 0.8375955 0.8263248 0.7906695 0.7419696 0.6960433 0.6631088 0.6414674 0.6300806 0.6243147 0.6190409 0.6138334 0.6136976 0.6150802 0.6106784 0.6120892 0.6147141 0.6144716 0.6141030 0.6211573 0.6318819 0.6372414 0.6451601 0.6543236 0.6567936 0.6589710 0.6596855 0.6590691 0.6552680 0.6563618
0.4293293 0.4312249 0.4401000 0.4501770 0.4572994 0.4699963 0.4846872 0.4995914 0.5142488 0.5315990 0.5440106 0.5493665 0.5589498 0.5691679 0.5779838 0.5861221 0.6005345 0.6177915 0.6329049 0.6531283 0.6751649 0.6938403 0.7099507 0.7247622 0.7352165 0.7381423 0.7347484 0.7322887 0.7243493 0.7151402 0.7204780 0.7330403 0.7304717 0.7208823 0.6975269 0.6609092 0.6256310 0.6011229 0.5855852 0.5738751 0.5684194 0.5644071 0.5616366 0.5548443 0.5551911 0.5574377 0.5513003 0.5507953 0.5524373 0.5575516 0.5569712 0.5698192 0.5835615 0.5966071 0.5962210 0.6057461 0.6133295 0.6107439 0.6156599
0.4050682 0.4050612 0.4090718 0.4132218 0.4161827 0.4219454 0.4314805 0.4442665 0.4648188 0.4865460 0.5025740 0.5105553 0.5185097 0.5270461 0.5327627 0.5431569 0.5565564 0.5735260 0.5903063 0.6139625 0.6373025 0.6530497 0.6708886 0.6850605 0.6919069 0.6666575 0.6454106 0.6183781 0.5913869 0.5559811 0.5463866 0.5562584 0.5799795 0.6250058 0.6501351 0.6392656 0.6071952 0.5793729 0.5609493 0.5512974 0.5447121 0.5363621 0.5270083 0.5197532 0.5197658 0.5215089 0.5190214 0.5153523 0.5132787 0.5096307 0.5055723 0.5038708 0.5024148 0.4979123 0.5008035 0.5191399 0.5399878 0.5539282 0.5678670
0.3817777 0.3843258 0.3891023 0.3925396 0.3933458 0.3965907 0.4044160 0.4210426 0.4442427 0.4659147 0.4807424 0.4893557 0.4969129 0.5043970 0.5116601 0.5208770 0.5330747 0.5464907 0.5612947 0.5760606 0.5844856 0.5757150 0.5591633 0.5501283 0.5293205 0.5165287 0.5104573 0.5004951 0.4849141 0.4735764 0.4670794 0.4736870 0.4995213 0.5427576 0.5746237 0.5706145 0.5512641 0.5331298 0.5279322 0.5250108 0.5223352 0.5137434 0.5026401 0.4981890 0.5018532 0.5068610 0.5029958 0.4995773 0.4922675 0.4760488 0.4629903 0.4518865 0.4414241 0.4310004 0.4328266 0.4532685 0.4834531 0.5047246 0.5216291
0.3717209 0.3758095 0.3810152 0.3844978 0.3867825 0.3924234 0.4046135 0.4269322 0.4509306 0.4699401 0.4820545 0.4874804 0.4921517 0.4979988 0.5043272 0.5107301 0.5176040 0.5181776 0.5170557 0.5049543 0.4797812 0.4355564 0.4109224 0.3973027 0.3889928 0.4005411 0.4210615 0.4397826 0.4532992 0.4639502 0.4701555 0.4804590 0.4969325 0.5116937 0.5117033 0.4924766 0.4756174 0.4685082 0.4680862 0.4685897 0.4686537 0.4656772 0.4593027 0.4571932 0.4628712 0.4615806 0.4558853 0.4484941 0.4380555 0.4208191 0.4113873 0.4064406 0.4019533 0.4006588 0.4127261 0.4377580 0.4648731 0.4814863 0.4922450
0.3799003 0.3831567 0.3873334 0.3921170 0.3966160 0.4058685 0.4237349 0.4489701 0.4711823 0.4865846 0.4927941 0.4935771 0.4949898 0.4976477 0.4974560 0.4937182 0.4849852 0.4629231 0.4335408 0.4020834 0.3669072 0.3448746 0.3346916 0.3321092 0.3368823 0.3526945 0.3748121 0.3995836 0.4241348 0.4522404 0.4751613 0.4966119 0.5175231 0.5228684 0.5043175 0.4711926 0.4403089 0.4242512 0.4184254 0.4135408 0.4079298 0.4032920 0.3941594 0.3933287 0.3934840 0.3793260 0.3682769 0.3599573 0.3526722 0.3460110 0.3521485 0.3608299 0.3715060 0.3895011 0.4172893 0.4462965 0.4664681 0.4761503 0.4815068
0.4009828 0.4002893 0.4009747 0.4062934 0.4134208 0.4262791 0.4491721 0.4728459 0.4911938 0.5000420 0.4998949 0.4954849 0.4911263 0.4798711 0.4645471 0.4425670 0.4156553 0.3837692 0.3630197 0.3446250 0.3311443 0.3246059 0.3224796 0.3228547 0.3293237 0.3417019 0.3579136 0.3774572 0.3998939 0.4271825 0.4554871 0.4863475 0.5175993 0.5339171 0.5286094 0.5093234 0.4799175 0.4502492 0.4219048 0.3930074 0.3715362 0.3542731 0.3404746 0.3302774 0.3201840 0.3035731 0.2941868 0.2911722 0.2880355 0.2955370 0.3096747 0.3300069 0.3576934 0.3938951 0.4279374 0.4525058 0.4656024 0.4718704 0.4749503
0.4362618 0.4289205 0.4262174 0.4281519 0.4353512 0.4508611 0.4698156 0.4869468 0.4981456 0.4989304 0.4892426 0.4738889 0.4528413 0.4249096 0.3997605 0.3768923 0.3572083 0.3482031 0.3432458 0.3385047 0.3347999 0.3317862 0.3306677 0.3328232 0.3382096 0.3475029 0.3607492 0.3773840 0.3964886 0.4180917 0.4438240 0.4751236 0.5106081 0.5344270 0.5410433 0.5389725 0.5286882 0.5073798 0.4803255 0.4373772 0.3973310 0.3634661 0.3290925 0.3024175 0.2829927 0.2695914 0.2644311 0.2658506 0.2736188 0.2897167 0.3131017 0.3450414 0.3821459 0.4140385 0.4369625 0.4482366 0.4520764 0.4539472 0.4544432
0.4996649 0.4764856 0.4739571 0.4682761 0.4684337 0.4757121 0.4880045 0.4939701 0.4920849 0.4731504 0.4483454 0.4206223 0.3948606 0.3704082 0.3569666 0.3487402 0.3456319 0.3462886 0.3468716 0.3457595 0.3441528 0.3421997 0.3414352 0.3433263 0.3495090 0.3583891 0.3714341 0.3881981 0.4060340 0.4267204 0.4514145 0.4804767 0.5093785 0.5332673 0.5441778 0.5456116 0.5441092 0.5399492 0.5303358 0.5079983 0.4791307 0.4526050 0.4110369 0.3691852 0.3431236 0.3186001 0.2987786 0.2884061 0.2916782 0.3017176 0.3212514 0.3659575 0.4012864 0.4228914 0.4359417 0.4543207 0.4550449 0.4516201 0.4456626
0.6967820 0.5999695 0.5458518 0.5176825 0.5080253 0.5039204 0.4949740 0.4770508 0.4527443 0.4165661 0.3889072 0.3685472 0.3537359 0.3471460 0.3453963 0.3456442 0.3476760 0.3502524 0.3520853 0.3528097 0.3524935 0.3524804 0.3535017 0.3585417 0.3648792 0.3750761 0.3898959 0.4068340 0.4257483 0.4477113 0.4748612 0.5021093 0.5278587 0.5447428 0.5498246 0.5478514 0.5454337 0.5426106 0.5389390 0.5339692 0.5271056 0.5235495 0.5116051 0.4941950 0.4781753 0.4709322 0.4543957 0.4559564 0.4873340 0.5069074 0.5300401 0.5649632 0.6017575 0.6020412 0.6050370 0.6052682 0.5843345 0.5603851 0.5459362
0.9108136 0.8089290 0.7064296 0.6126595 0.5517182 0.5120011 0.4739753 0.4340489 0.3968347 0.3638650 0.3475165 0.3397057 0.3377727 0.3393244 0.3415026 0.3446746 0.3486898 0.3520734 0.3547983 0.3567891 0.3593941 0.3619707 0.3660702 0.3720900 0.3786665 0.3897147 0.4048645 0.4223560 0.4412288 0.4634016 0.4886673 0.5155273 0.5390648 0.5518530 0.5529615 0.5499324 0.5477857 0.5473391 0.5483815 0.5515549 0.5591074 0.5683679 0.5775134 0.5857274 0.6010177 0.6140455 0.6306458 0.6693640 0.7168175 0.7610308 0.7955646 0.8309730 0.8304654 0.8158535 0.8004681 0.7826629 0.7576168 0.7349398 0.7360842
1.035534 0.9872103 0.8934463 0.7484545 0.6085116 0.4958227 0.4239236 0.3852619 0.3606749 0.3464907 0.3381256 0.3336969 0.3322663 0.3342460 0.3385995 0.3435410 0.3476335 0.3517463 0.3552675 0.3585294 0.3636125 0.3680136 0.3725877 0.3780451 0.3855064 0.3975509 0.4129335 0.4297963 0.4485112 0.4698517 0.4943345 0.5209314 0.5444703 0.5577777 0.5608755 0.5600400 0.5606021 0.5641277 0.5679508 0.5760798 0.5907123 0.6055561 0.6245945 0.6505018 0.6850406 0.7206166 0.7614710 0.8115048 0.8616290 0.8967604 0.9184566 0.9193042 0.9011635 0.8766651 0.8524571 0.8309213 0.8141805 0.8065930 0.8096607
1.025744 0.9859330 0.9417282 0.8509504 0.7210371 0.5863818 0.4592216 0.3784726 0.3441927 0.3359457 0.3328983 0.3303231 0.3289449 0.3307906 0.3352680 0.3394186 0.3434670 0.3483129 0.3524075 0.3564185 0.3623085 0.3670710 0.3710344 0.3760916 0.3845299 0.3969489 0.4124805 0.4305050 0.4509893 0.4739711 0.4985864 0.5241254 0.5482754 0.5661914 0.5767616 0.5830987 0.5919298 0.5994692 0.6068363 0.6158449 0.6338114 0.6510201 0.6731289 0.7093347 0.7478576 0.7942833 0.8438424 0.8930303 0.9273141 0.9465259 0.9446372 0.9255940 0.8993398 0.8723500 0.8498526 0.8338879 0.8234460 0.8227976 0.8352934
0.9242804 0.9063082 0.8786895 0.8475216 0.8004978 0.7286036 0.6152295 0.4833337 0.4018687 0.3499824 0.3301047 0.3262493 0.3260016 0.3282097 0.3315110 0.3327693 0.3354350 0.3397754 0.3425132 0.3474684 0.3530636 0.3576319 0.3610540 0.3667063 0.3758911 0.3892481 0.4056474 0.4254949 0.4476595 0.4709098 0.4943011 0.5189792 0.5455936 0.5709770 0.5915110 0.6079946 0.6252050 0.6399048 0.6542343 0.6718315 0.6928552 0.7125706 0.7364546 0.7727200 0.8029616 0.8333506 0.8627337 0.8838363 0.8965563 0.8982434 0.8847445 0.8716536 0.8641905 0.8586176 0.8591296 0.8563977 0.8535999 0.8586268 0.8686708
0.8302160 0.8245857 0.8184050 0.8194008 0.8197324 0.8045192 0.7659662 0.6961475 0.5982585 0.4680312 0.3721325 0.3341494 0.3233903 0.3242328 0.3240372 0.3234550 0.3242148 0.3266159 0.3285340 0.3327921 0.3379746 0.3413035 0.3458381 0.3520503 0.3620177 0.3756570 0.3934909 0.4136135 0.4318267 0.4505467 0.4715720 0.4981553 0.5290254 0.5621887 0.5900603 0.6142631 0.6372097 0.6610288 0.6850368 0.7142618 0.7430552 0.7740248 0.8066188 0.8450720 0.8666520 0.8786023 0.8821834 0.8721611 0.8535585 0.8311357 0.8114747 0.8131524 0.8276832 0.8510810 0.8725390 0.8823468 0.8881197 0.9008526 0.9050573
0.8095442 0.8016211 0.7992993 0.8102086 0.8179176 0.8203168 0.8182694 0.8129451 0.7644656 0.6946394 0.5761960 0.4787697 0.3823534 0.3319295 0.3186002 0.3146279 0.3135149 0.3129891 0.3126190 0.3146101 0.3182072 0.3198781 0.3247218 0.3298737 0.3382090 0.3480032 0.3641768 0.3843977 0.3995668 0.4132380 0.4372772 0.4683422 0.5046392 0.5411179 0.5706851 0.5967069 0.6237163 0.6548765 0.6876062 0.7221584 0.7618599 0.8039852 0.8455760 0.8819180 0.9053957 0.9148531 0.9141722 0.9006921 0.8751187 0.8531932 0.8408584 0.8369774 0.8487801 0.8747294 0.8842902 0.8823876 0.8847149 0.8862840 0.8758832
0.8397266 0.8285134 0.8179782 0.8119132 0.8092011 0.8140338 0.8229958 0.8271749 0.8234609 0.8174460 0.7765661 0.7018801 0.5676009 0.4333520 0.3512370 0.3125545 0.3031752 0.3019943 0.3017654 0.3020840 0.3024990 0.3029935 0.3041460 0.3070949 0.3103053 0.3171206 0.3274090 0.3387602 0.3483643 0.3662510 0.3955971 0.4329111 0.4726979 0.5112122 0.5425122 0.5676286 0.5967030 0.6299012 0.6662638 0.7030934 0.7457029 0.7901947 0.8287358 0.8617380 0.8847706 0.8987111 0.8971261 0.9044519 0.9095839 0.9177085 0.9330729 0.9518850 0.9714774 0.9796128 0.9384164 0.8873072 0.8381200 0.7676936 0.7077812
0.8617303 0.8553162 0.8451166 0.8267081 0.8141507 0.8133979 0.8131467 0.8072175 0.8102594 0.8143516 0.8103911 0.8093190 0.7717471 0.6562141 0.5246452 0.3832853 0.3066599 0.3020588 0.2989595 0.2987480 0.2969943 0.2940491 0.2911473 0.2892643 0.2883519 0.2906779 0.2946576 0.3009322 0.3135881 0.3370542 0.3680105 0.4031086 0.4399711 0.4793585 0.5124690 0.5407922 0.5706544 0.6040364 0.6404718 0.6790603 0.7182488 0.7529595 0.7765233 0.7908720 0.8026955 0.8071741 0.8191009 0.8395408 0.8688635 0.9066486 0.9630357 1.023117 1.068263 1.077585 1.025512 0.9099657 0.7344312 0.5802668 0.4866214
0.8431364 0.8611763 0.8653073 0.8523886 0.8413670 0.8311304 0.8267446 0.8122709 0.7957219 0.7959565 0.8083283 0.8215569 0.8321765 0.8156098 0.7613233 0.6298994 0.4761653 0.3687594 0.3130920 0.2982701 0.2976102 0.2959248 0.2919294 0.2879275 0.2871919 0.2870474 0.2899471 0.2995822 0.3180005 0.3386627 0.3590410 0.3812702 0.4155345 0.4586997 0.4951570 0.5207041 0.5489720 0.5819682 0.6175341 0.6540712 0.6840896 0.7044087 0.7085301 0.7131812 0.7162304 0.7176574 0.7307245 0.7450223 0.7671237 0.8078740 0.8831256 0.9626186 1.021890 1.021901 0.9467045 0.7901821 0.6207015 0.4709604 0.3645049
0.7801240 0.8233611 0.8640221 0.8662836 0.8619568 0.8594243 0.8548556 0.8475460 0.8227335 0.8045416 0.7941266 0.8101708 0.8279568 0.8537415 0.8553867 0.8330115 0.7407167 0.6049690 0.4459708 0.3495191 0.3175018 0.3105947 0.3116009 0.3137785 0.3183881 0.3209295 0.3262130 0.3367215 0.3491770 0.3587462 0.3710902 0.3918164 0.4255269 0.4625364 0.4857674 0.5043454 0.5339129 0.5656332 0.5930800 0.6161543 0.6305531 0.6311074 0.6279551 0.6261392 0.6299463 0.6317501 0.6389534 0.6455962 0.6489593 0.6869506 0.7526783 0.8155845 0.8333731 0.7822993 0.6570193 0.5569407 0.5178508 0.4566953 0.3945370
0.6719612 0.7192102 0.7915978 0.8257404 0.8461137 0.8524123 0.8592761 0.8709973 0.8693570 0.8438015 0.8151189 0.7998961 0.8100184 0.8312572 0.8557552 0.8739543 0.8695705 0.8580683 0.7421887 0.5632304 0.4259387 0.3411300 0.3357107 0.3454695 0.3549731 0.3634211 0.3693185 0.3761134 0.3751961 0.3780125 0.3879060 0.4036985 0.4282011 0.4458351 0.4426614 0.4613479 0.4945746 0.5229057 0.5338517 0.5444995 0.5443562 0.5310167 0.5248288 0.5223143 0.5220335 0.5187663 0.5261417 0.5355639 0.5451403 0.5723936 0.6072534 0.6062150 0.5651641 0.5079580 0.4432200 0.4130720 0.4294291 0.4288762 0.4017430
0.5161698 0.5605102 0.6183386 0.6849138 0.7416642 0.7790649 0.7988491 0.8169405 0.8698342 0.8665559 0.8535984 0.8227991 0.8098815 0.8121619 0.8336668 0.8639138 0.9016329 0.9360765 0.9263309 0.8655206 0.7405211 0.5363455 0.3986260 0.3548595 0.3531527 0.3602804 0.3614598 0.3604711 0.3627361 0.3675101 0.3709506 0.3750539 0.3772294 0.3707965 0.3707752 0.3957086 0.4242869 0.4345339 0.4409143 0.4440293 0.4380215 0.4199376 0.4139167 0.4159486 0.4088737 0.4160201 0.4313161 0.4537714 0.4713246 0.5029885 0.5205108 0.5015442 0.4678718 0.4522495 0.4128863 0.3675041 0.3429262 0.3407155 0.3001319
0.3452731 0.3764061 0.4108061 0.4780777 0.5510480 0.6153917 0.6808135 0.7172249 0.7700842 0.8279522 0.8630593 0.8600580 0.8438560 0.8452314 0.8464066 0.8647174 0.8849396 0.9258685 0.9777931 1.034687 0.9873733 0.9019914 0.6529726 0.4871661 0.3469745 0.3208194 0.3119396 0.3119891 0.3159717 0.3187815 0.3109694 0.3055634 0.2966353 0.2945474 0.3071267 0.3361871 0.3578894 0.3628638 0.3679321 0.3681225 0.3615976 0.3495082 0.3485934 0.3567602 0.3672608 0.3814877 0.4079681 0.4475547 0.4954866 0.5257760 0.5338749 0.5190299 0.4825210 0.4446215 0.3987909 0.3378068 0.2871921 0.2281013 0.1319289
0.1925348 0.2415120 0.2808343 0.3221308 0.3822036 0.4446914 0.5335985 0.6120637 0.6745911 0.7401950 0.8013946 0.8638338 0.8821182 0.8968039 0.8864048 0.8826718 0.8812617 0.9033009 0.9546268 1.005272 1.040093 1.062098 1.002479 0.8334238 0.6145964 0.3554656 0.2659974 0.2640596 0.2650768 0.2600450 0.2507926 0.2452255 0.2475144 0.2644418 0.2922126 0.3169752 0.3320122 0.3384099 0.3415999 0.3416625 0.3382466 0.3380761 0.3482469 0.3688391 0.4066417 0.4432252 0.4841817 0.5372500 0.5703220 0.5800022 0.5643988 0.5271002 0.4774314 0.4225750 0.3642955 0.2823415 0.2110386 0.1383991 0.7565474E-01
0.1106953 0.1480338 0.1876904 0.2287284 0.2754531 0.3209748 0.3960594 0.4886688 0.5835226 0.6533059 0.7020866 0.7629307 0.8220328 0.8734234 0.8893554 0.8873492 0.8872467 0.8899997 0.9131173 0.9458601 1.009262 1.054607 1.086234 1.069371 0.9033878 0.6461060 0.4666814 0.2971706 0.2585317 0.2431210 0.2301271 0.2300278 0.2511396 0.2862649 0.3142270 0.3332925 0.3456811 0.3577750 0.3672426 0.3826482 0.4153311 0.4316393 0.4569490 0.4963007 0.5429884 0.5749445 0.6031160 0.6214644 0.6136384 0.6008856 0.5666615 0.5086797 0.4485354 0.3907885 0.2751206 0.1607909 0.8646778E-01 0.3816277E-01 0.3382246E-01
