simulation_files/asc_files/Depth____125.0.asc
NCOLS       411
NROWS       131
XLLCENTER    2538020.000000
YLLCENTER    1152390.000000
CELLSIZE           1.000
NODATA_VALUE     -9999.0
[rows 0 to 26 of 131, columns 177 to 235 of 411]
-9999.000 -9999.000 -9999.000 -9999.000 -9999.000 -9999.000 -9999.000 -9999.000 -9999.000 -9999.000 -9999.000 -9999.000 -9999.000 -9999.000 -9999.000 -9999.000 -9999.000 -9999.000 -9999.000 -9999.000 -9999.000 -9999.000 -9999.000 -9999.000 -9999.000 -9999.000 -9999.000 -9999.000 -9999.000 -9999.000 -9999.000 -9999.000 -9999.000 -9999.000 -9999.000 -9999.000 -9999.000 -9999.000 -9999.000 -9999.000 -9999.000 -9999.000 -9999.000 -9999.000 -9999.000 -9999.000 -9999.000 -9999.000 -9999.000 -9999.000 -9999.000 -9999.000 -9999.000 -9999.000 -9999.000 -9999.000 -9999.000 -9999.000 -9999.000
-9999.000 -9999.000 -9999.000 -9999.000 -9999.000 -9999.000 -9999.000 -9999.000 -9999.000 -9999.000 -9999.000 -9999.000 -9999.000 -9999.000 -9999.000 -9999.000 -9999.000 -9999.000 -9999.000 -9999.000 -9999.000 -9999.000 -9999.000 -9999.000 -9999.000 -9999.000 -9999.000 -9999.000 -9999.000 -9999.000 -9999.000 -9999.000 -9999.000 -9999.000 -9999.000 -9999.000 -9999.000 -9999.000 -9999.000 -9999.000 -9999.000 -9999.000 -9999.000 -9999.000 -9999.000 -9999.000 -9999.000 -9999.000 -9999.000 -9999.000 -9999.000 -9999.000 -9999.000 -9999.000 -9999.000 -9999.000 -9999.000 -9999.000 -9999.000
-9999.000 -9999.000 -9999.000 -9999.000 -9999.000 -9999.000 -9999.000 -9999.000 -9999.000 -9999.000 -9999.000 -9999.000 -9999.000 -9999.000 -9999.000 -9999.000 -9999.000 -9999.000 -9999.000 -9999.000 -9999.000 -9999.000 -9999.000 -9999.000 -9999.000 -9999.000 -9999.000 -9999.000 -9999.000 -9999.000 -9999.000 -9999.000 -9999.000 -9999.000 -9999.000 -9999.000 -9999.000 -9999.000 -9999.000 -9999.000 -9999.000 -9999.000 -9999.000 -9999.000 -9999.000 -9999.000 -9999.000 -9999.000 -9999.000 -9999.000 -9999.000 -9999.000 -9999.000 -9999.000 -9999.000 -9999.000 0.3800368 0.3635341 0.3230485
-9999.000 -9999.000 -9999.000 -9999.000 -9999.000 -9999.000 -9999.000 -9999.000 -9999.000 -9999.000 -9999.000 -9999.000 -9999.000 -9999.000 -9999.000 -9999.000 -9999.000 -9999.000 -9999.000 -9999.000 -9999.000 -9999.000 -9999.000 -9999.000 -9999.000 -9999.000 -9999.000 -9999.000 -9999.000 -9999.000 -9999.000 -9999.000 -9999.000 -9999.000 -9999.000 -9999.000 -9999.000 -9999.000 -9999.000 -9999.000 -9999.000 -9999.000 -9999.000 -9999.000 -9999.000 -9999.000 -9999.000 -9999.000 -9999.000 -9999.000 -9999.000 0.8221574 0.8051851 0.7472078 0.6794341 0.5814224 0.5199992 0.5079847 0.5134769
-9999.000 -9999.000 -9999.000 -9999.000 -9999.000 -9999.000 -9999.000 -9999.000 -9999.000 -9999.000 -9999.000 -9999.000 -9999.000 -9999.000 -9999.000 -9999.000 -9999.000 -9999.000 -9999.000 -9999.000 -9999.000 -9999.000 -9999.000 -9999.000 -9999.000 -9999.000 -9999.000 -9999.000 -9999.000 -9999.000 -9999.000 -9999.000 -9999.000 -9999.000 -9999.000 -9999.000 -9999.000 -9999.000 -9999.000 -9999.000 -9999.000 -9999.000 -9999.000 -9999.000 -9999.000 -9999.000 -9999.000 0.2454907 0.4682501 0.7235171 0.8702801 0.9163327 0.9587695 0.9495744 0.9326056 0.8853288 0.8506308 0.8297694 0.8155409
-9999.000 -9999.000 -9999.000 -9999.000 -9999.000 -9999.000 -9999.000 -9999.000 -9999.000 -9999.000 -9999.000 -9999.000 -9999.000 -9999.000 -9999.000 -9999.000 -9999.000 -9999.000 -9999.000 -9999.000 -9999.000 -9999.000 -9999.000 -9999.000 -9999.000 -9999.000 -9999.000 -9999.000 -9999.000 -9999.000 -9999.000 -9999.000 -9999.000 -9999.000 -9999.000 -9999.000 -9999.000 -9999.000 -9999.000 -9999.000 -9999.000 -9999.000 -9999.000 0.1189548 0.1595815 0.2357156 0.2931199 0.3207658 0.5987526 0.8657279 1.074610 1.235492 1.283598 1.294595 1.298095 1.242115 1.209768 1.189950 1.164955
-9999.000 -9999.000 -9999.000 -9999.000 -9999.000 -9999.000 -9999.000 -9999.000 -9999.000 -9999.000 -9999.000 -9999.000 -9999.000 -9999.000 -9999.000 -9999.000 -9999.000 -9999.000 -9999.000 -9999.000 -9999.000 -9999.000 -9999.000 -9999.000 -9999.000 -9999.000 -9999.000 -9999.000 -9999.000 -9999.000 -9999.000 -9999.000 -9999.000 -9999.000 -9999.000 -9999.000 -9999.000 -9999.000 -9999.000 1.458863 1.270820 0.9956549 0.4916787 0.3140586 0.3624665 0.4810880 0.6331968 0.7648607 0.9786419 1.206792 1.425633 1.570604 1.629882 1.661474 1.662943 1.611703 1.548111 1.543160 1.530124
-9999.000 -9999.000 -9999.000 -9999.000 -9999.000 -9999.000 -9999.000 -9999.000 -9999.000 -9999.000 -9999.000 -9999.000 -9999.000 -9999.000 -9999.000 -9999.000 -9999.000 -9999.000 -9999.000 -9999.000 -9999.000 -9999.000 -9999.000 -9999.000 -9999.000 -9999.000 -9999.000 -9999.000 -9999.000 -9999.000 -9999.000 -9999.000 -9999.000 -9999.000 -9999.000 -9999.000 1.902359 1.829460 1.762234 1.549604 1.334042 1.060359 0.7493715 0.6847909 0.7700619 0.9280515 1.140783 1.289850 1.455615 1.619236 1.795659 1.926218 1.962105 1.984385 1.968694 1.926737 1.896047 1.885762 1.858428
-9999.000 -9999.000 -9999.000 -9999.000 -9999.000 -9999.000 -9999.000 -9999.000 -9999.000 -9999.000 -9999.000 -9999.000 -9999.000 -9999.000 -9999.000 -9999.000 -9999.000 -9999.000 -9999.000 -9999.000 -9999.000 -9999.000 -9999.000 -9999.000 -9999.000 -9999.000 -9999.000 -9999.000 -9999.000 -9999.000 -9999.000 1.703578 1.739430 1.787547 1.845416 1.894060 1.891816 1.825412 1.649727 1.430837 1.270436 1.126923 1.083864 1.130377 1.248470 1.367255 1.615521 1.805872 1.899711 1.994375 2.109666 2.206893 2.236752 2.268515 2.224449 2.183550 2.158765 2.153199 2.103074
-9999.000 -9999.000 -9999.000 -9999.000 -9999.000 -9999.000 -9999.000 -9999.000 -9999.000 -9999.000 -9999.000 -9999.000 -9999.000 -9999.000 -9999.000 -9999.000 -9999.000 -9999.000 -9999.000 -9999.000 -9999.000 -9999.000 -9999.000 -9999.000 -9999.000 -9999.000 -9999.000 1.486729 1.576675 1.632980 1.648033 1.673457 1.703394 1.753671 1.798042 1.816412 1.780241 1.639411 1.431159 1.277085 1.219658 1.243692 1.338358 1.458282 1.588098 1.732204 1.949308 2.126771 2.205770 2.259122 2.316384 2.363351 2.390945 2.393235 2.368315 2.335118 2.304123 2.269388 2.207760
0.7391841 0.7622548 0.7754918 0.8153401 0.8426786 0.8948909 0.9910566 1.043541 1.006279 0.8479358 0.6721848 0.5731417 0.5413324 0.5345815 0.5325726 0.5308924 0.5328565 0.5437454 0.5612061 0.5817292 0.6064326 0.6493838 0.7547778 1.092260 1.294893 1.346979 1.404245 1.491901 1.576752 1.610140 1.615998 1.617542 1.633748 1.686290 1.714665 1.717700 1.591838 1.365129 1.227984 1.212064 1.259495 1.371670 1.513014 1.650686 1.764365 1.928187 2.142481 2.255648 2.322644 2.355246 2.398668 2.416978 2.429495 2.421178 2.404286 2.375061 2.340658 2.291133 2.213775
0.7478831 0.7675030 0.7894414 0.8230527 0.8625803 0.9274183 1.007671 1.038843 0.9729783 0.8516751 0.7389185 0.6507718 0.5931556 0.5656631 0.5561674 0.5540619 0.5584775 0.5724124 0.5953728 0.6269544 0.6737296 0.7587021 0.9314690 1.157556 1.294190 1.355990 1.427904 1.507087 1.567087 1.582253 1.566598 1.564378 1.593360 1.621824 1.607538 1.500654 1.326833 1.212050 1.205024 1.267053 1.368994 1.490189 1.610696 1.719303 1.851589 2.023804 2.166456 2.252354 2.306592 2.340653 2.363573 2.385136 2.392654 2.390114 2.385248 2.367986 2.315985 2.227972 2.111054
0.7627565 0.7873695 0.8131177 0.8566255 0.9101138 0.9913905 1.056972 1.047199 0.9509137 0.8725631 0.8357972 0.7852406 0.7176764 0.6582017 0.6235075 0.6123971 0.6188130 0.6396186 0.6732925 0.7245646 0.8046960 0.9317301 1.110710 1.258442 1.322454 1.393227 1.468716 1.535076 1.572804 1.562582 1.542442 1.554295 1.578766 1.561402 1.461067 1.290558 1.176005 1.183728 1.251530 1.349656 1.460425 1.567368 1.665543 1.755223 1.897922 2.060120 2.157334 2.225285 2.270775 2.296792 2.313409 2.321138 2.328077 2.333186 2.345781 2.331383 2.221331 2.026557 1.844827
0.7839505 0.8134526 0.8554316 0.9129788 0.9873757 1.058722 1.071093 1.012971 0.9491951 0.9224578 0.9132469 0.9004225 0.8719973 0.8201461 0.7591639 0.7180893 0.7091827 0.7295938 0.7766095 0.8532188 0.9638283 1.102660 1.229012 1.304628 1.368190 1.442215 1.511524 1.566507 1.575615 1.554872 1.557603 1.581837 1.559586 1.443682 1.285482 1.186361 1.184488 1.248781 1.340063 1.437143 1.531815 1.621572 1.703175 1.809044 1.941623 2.047517 2.134907 2.192037 2.238097 2.254009 2.256998 2.254836 2.259552 2.278697 2.258621 2.137963 1.895781 1.686427 1.575592
0.8145791 0.8555044 0.9136089 0.9832619 1.048701 1.077545 1.048380 0.9988305 0.9781951 0.9797219 0.9804594 0.9850681 0.9947151 0.9903179 0.9586263 0.9119063 0.8741552 0.8689971 0.9096607 0.9935999 1.104778 1.216155 1.294922 1.345985 1.410132 1.479920 1.539106 1.574367 1.564006 1.550856 1.569594 1.564863 1.466383 1.308625 1.201390 1.194101 1.252489 1.338080 1.428690 1.513944 1.593409 1.671946 1.756851 1.860176 1.964953 2.039600 2.109888 2.167567 2.204306 2.214109 2.205800 2.190347 2.160956 2.113889 1.974007 1.748239 1.544756 1.487794 1.495134
0.8565236 0.9121849 0.9794951 1.042401 1.072130 1.056353 1.025283 1.015162 1.024592 1.037090 1.047298 1.064866 1.095147 1.129533 1.152838 1.155202 1.137697 1.117783 1.120314 1.158216 1.225644 1.291771 1.336230 1.386140 1.448313 1.504549 1.551650 1.551215 1.525508 1.534100 1.541548 1.452751 1.299325 1.204567 1.199573 1.251136 1.328263 1.409677 1.487387 1.559955 1.631487 1.706979 1.785312 1.882361 1.958147 2.009287 2.062975 2.112077 2.133463 2.140227 2.108040 2.026901 1.856258 1.651820 1.481751 1.386665 1.394009 1.417940 1.448328
0.9194281 0.9722551 1.026635 1.054541 1.053887 1.042660 1.041034 1.053000 1.073083 1.098858 1.132565 1.173510 1.218683 1.265765 1.313819 1.364642 1.416565 1.458950 1.472483 1.448333 1.406705 1.381907 1.394391 1.436252 1.484543 1.526730 1.538789 1.513117 1.495623 1.480145 1.393808 1.254348 1.169648 1.175247 1.230534 1.301326 1.371763 1.437707 1.500945 1.564897 1.627616 1.696792 1.781445 1.864836 1.921057 1.950483 1.986072 2.023055 2.024508 1.984763 1.833845 1.575337 1.329736 1.223162 1.219341 1.267238 1.325471 1.369421 1.402886
0.9673878 1.010467 1.039917 1.049442 1.051018 1.059731 1.072450 1.090950 1.119513 1.162486 1.220239 1.279265 1.330641 1.378856 1.429031 1.489660 1.561101 1.643205 1.721941 1.744344 1.681337 1.574479 1.500699 1.493899 1.515757 1.541950 1.521374 1.478411 1.462193 1.384163 1.231284 1.130599 1.129525 1.178289 1.244805 1.310780 1.373531 1.431384 1.487241 1.530408 1.583258 1.651321 1.730813 1.807293 1.845377 1.870431 1.896719 1.916395 1.803965 1.563024 1.296284 1.093826 1.045572 1.075239 1.140527 1.211608 1.283738 1.343933 1.391562
1.003141 1.030724 1.049358 1.059631 1.073950 1.093110 1.114054 1.144876 1.190704 1.250347 1.317399 1.380444 1.432836 1.478949 1.529234 1.590891 1.663753 1.744953 1.825141 1.883119 1.892063 1.848340 1.755454 1.643709 1.581900 1.551970 1.502737 1.456892 1.374009 1.238958 1.136945 1.114952 1.145718 1.195883 1.249151 1.300787 1.356102 1.405808 1.459823 1.500227 1.549608 1.617194 1.688972 1.742895 1.766074 1.780992 1.784327 1.686888 1.386332 1.118178 0.9686642 0.9491820 0.9912679 1.044802 1.108054 1.191256 1.278791 1.357570 1.427880
1.041105 1.062578 1.077032 1.090970 1.110741 1.135572 1.168188 1.218569 1.282563 1.350008 1.413319 1.467479 1.512411 1.554984 1.604784 1.667445 1.741069 1.817466 1.884261 1.939412 1.979822 2.016335 2.011595 1.898636 1.737659 1.611951 1.512435 1.413493 1.269074 1.145243 1.111499 1.135048 1.176907 1.218167 1.256707 1.292457 1.339925 1.386548 1.434949 1.483152 1.538140 1.601837 1.656933 1.693892 1.702990 1.654047 1.493235 1.199629 0.9844888 0.9091134 0.9192219 0.9689830 1.024225 1.082530 1.154326 1.232691 1.331880 1.426242 1.517908
1.081157 1.100752 1.116552 1.134337 1.156525 1.189869 1.239321 1.303117 1.370079 1.430989 1.480733 1.521574 1.559667 1.605369 1.662798 1.727819 1.800498 1.875469 1.929760 1.969647 2.018142 2.070637 2.126641 2.142068 1.988604 1.720845 1.547166 1.357852 1.196657 1.133250 1.139074 1.172327 1.207906 1.237743 1.265759 1.305310 1.348322 1.391486 1.444740 1.492136 1.551426 1.606451 1.644487 1.650330 1.558094 1.357986 1.092188 0.9076281 0.8804948 0.9180101 0.9705144 1.030637 1.088280 1.149707 1.222999 1.303897 1.400365 1.509782 1.613390
1.129657 1.148327 1.166259 1.186346 1.214259 1.255501 1.307041 1.361237 1.412485 1.459295 1.501742 1.543342 1.588592 1.641887 1.704937 1.773889 1.845589 1.914625 1.962115 1.996560 2.046063 2.102735 2.166465 2.242304 2.179157 1.871466 1.558700 1.351565 1.237501 1.197530 1.197442 1.213198 1.235237 1.255703 1.284147 1.320749 1.367137 1.415534 1.461043 1.510510 1.562842 1.603472 1.606401 1.475608 1.224473 0.9967747 0.8814016 0.8729853 0.9114410 0.9607507 1.018875 1.077162 1.139009 1.205175 1.281612 1.358954 1.448815 1.565307 1.680153
1.183498 1.200605 1.216455 1.239739 1.274720 1.315240 1.354139 1.386900 1.417402 1.450027 1.489249 1.539605 1.602926 1.669573 1.731021 1.802416 1.880997 1.941884 1.986218 2.018650 2.066372 2.126605 2.192307 2.266070 2.333666 2.022484 1.485055 1.354062 1.330208 1.322964 1.298440 1.274035 1.277523 1.278462 1.301669 1.337350 1.379365 1.420092 1.460606 1.507018 1.541543 1.525028 1.391736 1.128889 0.9288493 0.8480595 0.8555758 0.8920740 0.9333465 0.9795898 1.030756 1.088078 1.152515 1.218913 1.289721 1.368835 1.457937 1.560880 1.680803
1.222114 1.235103 1.254975 1.285850 1.321820 1.354851 1.381671 1.402673 1.420999 1.443344 1.477303 1.530682 1.605339 1.685269 1.751898 1.819220 1.898037 1.960413 2.002845 2.041951 2.086613 2.145161 2.213117 2.285570 2.338214 2.073347 1.585224 1.376440 1.387716 1.411859 1.419752 1.393804 1.363033 1.341331 1.335158 1.348350 1.369179 1.396156 1.432237 1.462857 1.433519 1.271312 1.020452 0.8194243 0.7918819 0.8108424 0.8412184 0.8765362 0.9134647 0.9534777 0.9876315 1.037281 1.096782 1.153803 1.225939 1.305409 1.391091 1.482601 1.611236
1.226941 1.244458 1.274290 1.312216 1.346070 1.372430 1.393067 1.410218 1.425940 1.446717 1.480244 1.535541 1.620731 1.712650 1.782853 1.833305 1.904599 1.977492 2.021345 2.060593 2.100197 2.153530 2.225230 2.293482 2.372626 2.212376 1.610724 1.420335 1.431656 1.451224 1.472826 1.477503 1.470628 1.442763 1.405919 1.376593 1.354095 1.353216 1.359525 1.296945 1.119189 0.8911299 0.7301895 0.6974065 0.7213296 0.7473220 0.7731436 0.8060632 0.8411000 0.8712377 0.9044851 0.9464043 0.9945740 1.042200 1.102770 1.181542 1.257968 1.351268 1.472819
1.224721 1.252768 1.286696 1.320110 1.349306 1.373556 1.393391 1.411603 1.433283 1.463029 1.507261 1.574408 1.662552 1.750044 1.817721 1.865520 1.910601 1.977888 2.038604 2.077155 2.110787 2.156199 2.222930 2.292104 2.357634 2.208982 1.802976 1.519973 1.475424 1.461093 1.467176 1.490875 1.519955 1.525847 1.507665 1.463264 1.403151 1.353790 1.268386 1.066346 0.8141890 0.6574473 0.6160114 0.6267672 0.6484521 0.6736544 0.6944078 0.7225817 0.7540142 0.7793098 0.8150533 0.8531453 0.8931701 0.9256588 0.9787667 1.046588 1.122584 1.210825 1.327408
1.228597 1.261632 1.294556 1.323416 1.349826 1.375017 1.396444 1.416841 1.445480 1.486302 1.543243 1.620013 1.707870 1.788452 1.848243 1.892512 1.922376 1.976379 2.041090 2.081551 2.106398 2.138388 2.198997 2.265086 2.322196 2.242180 1.902916 1.639703 1.570815 1.509500 1.468086 1.463660 1.491071 1.517247 1.529832 1.524080 1.497873 1.409754 1.152268 0.8355605 0.6533769 0.6000373 0.5953273 0.6003706 0.6117053 0.6265897 0.6439618 0.6663664 0.6909744 0.7117076 0.7410500 0.7734907 0.8027004 0.8344930 0.8747457 0.9263042 0.9844390 1.065960 1.175792
