simulation_files/asc_files/Depth____164.0.asc
NCOLS       411
NROWS       131
XLLCENTER    2538020.000000
YLLCENTER    1152390.000000
CELLSIZE           1.000
NODATA_VALUE     -9999.0
[rows 0 to 26 of 131, columns 236 to 294 of 411]
-9999.000 -9999.000 -9999.000 -9999.000 -9999.000 -9999.000 -9999.000 -9999.000 -9999.000 -9999.000 -9999.000 -9999.000 -9999.000 -9999.000 -9999.000 -9999.000 -9999.000 -9999.000 -9999.000 -9999.000 -9999.000 -9999.000 -9999.000 -9999.000 -9999.000 -9999.000 -9999.000 -9999.000 -9999.000 -9999.000 -9999.000 -9999.000 -9999.000 -9999.000 -9999.000 -9999.000 -9999.000 -9999.000 -9999.000 -9999.000 -9999.000 -9999.000 -9999.000 -9999.000 -9999.000 -9999.000 -9999.000 -9999.000 -9999.000 -9999.000 -9999.000 -9999.000 -9999.000 -9999.000 -9999.000 -9999.000 -9999.000 -9999.000 -9999.000
0.3111756E-01 -9999.000 -9999.000 -9999.000 -9999.000 -9999.000 -9999.000 -9999.000 -9999.000 -9999.000 -9999.000 -9999.000 -9999.000 -9999.000 -9999.000 -9999.000 -9999.000 -9999.000 -9999.000 -9999.000 -9999.000 -9999.000 -9999.000 -9999.000 -9999.000 -9999.000 -9999.000 -9999.000 -9999.000 -9999.000 -9999.000 -9999.000 -9999.000 -9999.000 -9999.000 -9999.000 -9999.000 -9999.000 -9999.000 -9999.000 -9999.000 -9999.000 -9999.000 -9999.000 -9999.000 -9999.000 -9999.000 -9999.000 -9999.000 -9999.000 -9999.000 -9999.000 -9999.000 -9999.000 -9999.000 -9999.000 -9999.000 -9999.000 -9999.000
0.1519807 0.4888827E-01 -9999.000 -9999.000 -9999.000 -9999.000 -9999.000 -9999.000 -9999.000 -9999.000 -9999.000 -9999.000 -9999.000 -9999.000 -9999.000 -9999.000 -9999.000 -9999.000 0.8194123E-01 0.1035856 0.1012973 0.1030393 0.1002084 0.9638078E-01 0.6823968E-01 -9999.000 -9999.000 -9999.000 -9999.000 -9999.000 -9999.000 -9999.000 -9999.000 -9999.000 -9999.000 -9999.000 -9999.000 -9999.000 -9999.000 -9999.000 -9999.000 -9999.000 -9999.000 -9999.000 -9999.000 -9999.000 -9999.000 -9999.000 -9999.000 -9999.000 -9999.000 -9999.000 -9999.000 -9999.000 -9999.000 -9999.000 -9999.000 -9999.000 -9999.000
0.3395566 0.1913954 0.1081764 -9999.000 -9999.000 -9999.000 -9999.000 -9999.000 -9999.000 -9999.000 -9999.000 -9999.000 -9999.000 -9999.000 -9999.000 0.1190136 0.1248419 0.1522626 0.1914060 0.2299041 0.2600260 0.2785012 0.2820970 0.2713337 0.2359236 0.1548232 -9999.000 -9999.000 -9999.000 -9999.000 -9999.000 -9999.000 -9999.000 -9999.000 -9999.000 -9999.000 -9999.000 -9999.000 -9999.000 -9999.000 -9999.000 -9999.000 -9999.000 -9999.000 -9999.000 -9999.000 -9999.000 -9999.000 -9999.000 -9999.000 -9999.000 -9999.000 -9999.000 -9999.000 -9999.000 -9999.000 -9999.000 -9999.000 -9999.000
0.6194592 0.5008595 0.3677051 0.2825486 0.1952706 0.1314372 -9999.000 -9999.000 -9999.000 -9999.000 0.1365319 0.1262571 0.1544191 0.2309017 0.2976065 0.3076384 0.2905055 0.3244734 0.3787655 0.4368112 0.4715501 0.4918980 0.4807907 0.4670708 0.4277175 0.3183533 0.1992421 0.1204294 -9999.000 -9999.000 -9999.000 0.1102242 0.1370125 0.1333792 0.1100589 0.7574367E-01 -9999.000 -9999.000 -9999.000 -9999.000 -9999.000 -9999.000 -9999.000 -9999.000 -9999.000 -9999.000 -9999.000 -9999.000 -9999.000 -9999.000 -9999.000 -9999.000 -9999.000 -9999.000 -9999.000 -9999.000 -9999.000 -9999.000 -9999.000
0.9402331 0.8322895 0.7159308 0.6229403 0.5230893 0.4295498 0.3521799 0.2650480 0.2656111 0.3635540 0.4046082 0.4226770 0.4737182 0.5657829 0.6252549 0.6186615 0.5791835 0.5769542 0.5993189 0.6393668 0.6868746 0.6883732 0.6731631 0.6564734 0.6206047 0.5118495 0.3832688 0.3135539 0.2707492 0.2523054 0.2564474 0.3108054 0.3358153 0.3197854 0.2556470 0.1785888 0.1187748 0.7005214E-01 0.6782273E-01 0.6348760E-01 0.5378860E-01 -9999.000 -9999.000 -9999.000 -9999.000 -9999.000 -9999.000 -9999.000 -9999.000 -9999.000 -9999.000 -9999.000 -9999.000 -9999.000 -9999.000 -9999.000 -9999.000 -9999.000 -9999.000
1.271858 1.166189 1.057244 0.9978615 0.8840189 0.7719124 0.7092619 0.6352788 0.6273421 0.7781422 0.8107089 0.8188342 0.8579437 0.9411479 0.9640006 0.9381301 0.8828390 0.8538451 0.8341535 0.8493073 0.8805556 0.8794244 0.8624566 0.8517982 0.8100004 0.7109841 0.6067658 0.5515184 0.5337019 0.5178871 0.5313176 0.5617978 0.5640136 0.5232963 0.4526698 0.3532101 0.2528084 0.1975787 0.1946526 0.1868290 0.1652746 0.1340001 0.8181138E-01 -9999.000 -9999.000 -9999.000 -9999.000 -9999.000 -9999.000 -9999.000 -9999.000 -9999.000 -9999.000 -9999.000 -9999.000 -9999.000 -9999.000 -9999.000 -9999.000
1.596278 1.491837 1.407059 1.322099 1.214199 1.107873 1.030077 0.9747157 0.9868257 1.113638 1.146872 1.165595 1.205838 1.255946 1.260720 1.222557 1.174833 1.109281 1.067812 1.057717 1.078170 1.062304 1.042998 1.049099 1.001149 0.9144590 0.8331000 0.8226093 0.8097595 0.7952250 0.7837758 0.8100507 0.7890884 0.7256850 0.6408762 0.5268651 0.4267632 0.3702283 0.3681720 0.3559887 0.3243559 0.2785013 0.2167122 0.1734054 0.1326308 0.1023852 0.8014085E-01 -9999.000 -9999.000 -9999.000 -9999.000 -9999.000 -9999.000 -9999.000 -9999.000 -9999.000 -9999.000 -9999.000 -9999.000
1.836440 1.738935 1.661466 1.565935 1.469447 1.366098 1.282406 1.229381 1.218944 1.309193 1.342444 1.392819 1.437415 1.464949 1.456721 1.424896 1.375260 1.314303 1.268289 1.249732 1.238162 1.214266 1.193358 1.181738 1.156387 1.105250 1.073352 1.064486 1.058486 1.045958 1.047242 1.033389 0.9860413 0.9069940 0.8132732 0.6999503 0.6028333 0.5596610 0.5405524 0.5243546 0.4854309 0.4429128 0.3835383 0.3290915 0.2965006 0.2464371 0.2031381 0.1690787 0.1443280 0.1178589 0.8206686E-01 -9999.000 -9999.000 -9999.000 -9999.000 -9999.000 -9999.000 -9999.000 -9999.000
1.936303 1.860182 1.781209 1.696165 1.606670 1.520208 1.432547 1.367043 1.351303 1.387367 1.447287 1.514919 1.567667 1.577937 1.559404 1.524490 1.486869 1.436406 1.391081 1.362412 1.333862 1.308523 1.288992 1.286642 1.274957 1.252048 1.241650 1.241067 1.239703 1.232645 1.233463 1.207061 1.153877 1.073975 0.9923373 0.8872221 0.7970233 0.7504499 0.7167837 0.6955290 0.6613834 0.6224249 0.5642739 0.5033915 0.4504669 0.4098660 0.3617338 0.3271281 0.2853554 0.2257942 0.1631601 0.1099006 -9999.000 -9999.000 -9999.000 -9999.000 -9999.000 -9999.000 -9999.000
1.915890 1.852916 1.791764 1.727805 1.661971 1.599493 1.525185 1.459805 1.431322 1.450883 1.500176 1.572012 1.633818 1.649407 1.629497 1.593682 1.550007 1.499315 1.453706 1.421045 1.395826 1.376437 1.365469 1.361974 1.358934 1.353364 1.348715 1.348133 1.342786 1.339630 1.331178 1.304832 1.257305 1.198416 1.125017 1.039571 0.9601323 0.9159711 0.8859703 0.8575271 0.8287586 0.7789735 0.7273841 0.6678944 0.6184066 0.5669403 0.5112095 0.4589705 0.3966841 0.3275922 0.2507033 0.1723860 0.1087024 0.6786457E-01 -9999.000 -9999.000 -9999.000 -9999.000 -9999.000
1.817591 1.783471 1.757369 1.730023 1.707161 1.674791 1.602080 1.531980 1.511758 1.532067 1.581169 1.649812 1.713292 1.723081 1.694065 1.644722 1.580326 1.522832 1.479306 1.456021 1.442610 1.432261 1.428485 1.426952 1.420815 1.412553 1.411570 1.407966 1.398942 1.385333 1.369232 1.343150 1.303185 1.259791 1.205812 1.145039 1.091892 1.057230 1.025525 0.9979515 0.9665993 0.9093998 0.8401290 0.7671706 0.6939271 0.6321755 0.5679222 0.4980364 0.4298625 0.3713090 0.3244830 0.2875362 0.2539829 0.2291513 0.2439231 0.2453192 0.2457784 0.2633831 0.2722459
1.744271 1.760286 1.775805 1.777388 1.780640 1.774528 1.703789 1.619602 1.602776 1.628963 1.678414 1.738196 1.784459 1.791156 1.758742 1.687788 1.603803 1.540476 1.506020 1.502042 1.503611 1.500910 1.499577 1.488052 1.460697 1.442115 1.438101 1.439206 1.430739 1.410712 1.388813 1.367744 1.339187 1.300529 1.257416 1.206468 1.166571 1.136577 1.108525 1.073835 1.022426 0.9377304 0.8352666 0.7312016 0.6594324 0.5999340 0.5455711 0.5030656 0.4709352 0.4498933 0.4410308 0.4455011 0.4406797 0.4440551 0.4685251 0.4734105 0.4842858 0.5047406 0.5071734
1.775833 1.817385 1.847811 1.862706 1.884702 1.888772 1.830598 1.742971 1.706038 1.732215 1.777700 1.827161 1.845109 1.841386 1.797969 1.718952 1.633333 1.565895 1.536503 1.550092 1.568996 1.574809 1.574086 1.551914 1.506270 1.466529 1.462537 1.471023 1.467377 1.448179 1.419953 1.394651 1.364913 1.323035 1.277796 1.228852 1.187224 1.148645 1.098490 1.021117 0.9214322 0.8227419 0.7341652 0.6609994 0.6216716 0.5967014 0.5836886 0.5786362 0.5758619 0.5770258 0.5925763 0.6009289 0.6044627 0.6218374 0.6332910 0.6396652 0.6461281 0.6656985 0.6739475
1.808057 1.851712 1.894670 1.922633 1.949919 1.974352 1.957908 1.867441 1.793118 1.813285 1.852022 1.869251 1.866765 1.842455 1.799800 1.737548 1.663039 1.597648 1.579622 1.604930 1.634419 1.642669 1.630913 1.605149 1.556785 1.512494 1.507138 1.519227 1.517798 1.493524 1.458034 1.419598 1.375207 1.323375 1.270226 1.217766 1.158023 1.081157 0.9835914 0.8596315 0.7718244 0.7104594 0.6750411 0.6611167 0.6552562 0.6562708 0.6695475 0.6780244 0.6884766 0.7040464 0.7269486 0.7367086 0.7419649 0.7500785 0.7610370 0.7625889 0.7704950 0.7780934 0.7756107
1.775311 1.823420 1.878208 1.925689 1.972022 2.016267 2.029766 1.974387 1.867377 1.836489 1.852501 1.845930 1.822630 1.792340 1.765812 1.739783 1.684065 1.631435 1.635355 1.678372 1.717467 1.669451 1.629391 1.604376 1.562749 1.528747 1.533262 1.548497 1.539859 1.506016 1.461336 1.407684 1.346396 1.281288 1.209588 1.118409 1.013746 0.9160344 0.8329946 0.7663551 0.7373455 0.7252695 0.7271192 0.7327459 0.7397917 0.7494550 0.7706942 0.7862671 0.8008437 0.8267137 0.8421458 0.8537977 0.8606224 0.8731434 0.8693737 0.8638335 0.8619565 0.8528392 0.8323518
1.723499 1.782040 1.852421 1.925893 1.986521 2.041288 2.073796 2.024136 1.879773 1.792329 1.776676 1.765892 1.753432 1.745084 1.743441 1.738792 1.709931 1.701444 1.749480 1.880034 1.952488 1.772467 1.569962 1.534366 1.495285 1.491484 1.512573 1.523226 1.499941 1.461422 1.408636 1.337814 1.244860 1.148849 1.028728 0.9126562 0.8418397 0.7976099 0.7759346 0.7729084 0.7762236 0.7849659 0.8003518 0.8126366 0.8261045 0.8426578 0.8617648 0.8753173 0.8887925 0.9068689 0.9177415 0.9259682 0.9327812 0.9368105 0.9314417 0.9209160 0.9069392 0.8877661 0.8617118
1.683083 1.756948 1.834740 1.912244 1.979667 2.031545 2.069828 2.043324 1.916715 1.766568 1.700147 1.706458 1.718312 1.725907 1.739072 1.755574 1.771700 1.814163 1.902256 2.107237 2.381821 2.097688 1.563452 1.436086 1.418552 1.428097 1.440011 1.428275 1.385245 1.329616 1.251074 1.142186 1.015249 0.9152578 0.8243362 0.7734270 0.7625104 0.7663212 0.7760319 0.7901654 0.8059202 0.8221965 0.8397609 0.8564340 0.8717040 0.8872284 0.9007997 0.9126091 0.9224128 0.9297957 0.9355383 0.9396161 0.9400771 0.9381435 0.9317730 0.9197852 0.9018662 0.8845051 0.8689922
1.691572 1.767996 1.845746 1.917847 1.981351 2.028410 2.053189 2.023505 1.923409 1.794886 1.709491 1.697531 1.720252 1.748149 1.778829 1.816399 1.876716 1.978965 2.132828 2.359293 2.637700 2.496140 1.761496 1.349372 1.347359 1.351066 1.334184 1.272882 1.194573 1.090529 0.9775751 0.8448097 0.7784614 0.7420629 0.7284466 0.7252196 0.7363538 0.7538611 0.7742149 0.7948894 0.8137379 0.8302962 0.8441395 0.8578616 0.8701021 0.8792904 0.8891607 0.8983419 0.9035574 0.9042722 0.9053175 0.9039170 0.8969557 0.8889360 0.8824493 0.8721914 0.8622834 0.8565033 0.8516727
1.753943 1.823553 1.897741 1.960583 2.023287 2.065886 2.083690 2.063510 1.981871 1.866890 1.768187 1.738421 1.770580 1.827716 1.882879 1.949965 2.036523 2.174112 2.329422 2.523199 2.741385 2.741494 2.178421 1.538160 1.288690 1.250331 1.178685 1.059110 0.9199416 0.8096957 0.7295635 0.6912709 0.6823534 0.6858282 0.6948628 0.7101144 0.7295456 0.7494880 0.7673526 0.7840061 0.7991193 0.8099744 0.8203676 0.8298285 0.8380094 0.8410612 0.8468702 0.8522965 0.8494680 0.8507671 0.8465641 0.8393758 0.8233122 0.8185429 0.8171788 0.8133203 0.8164233 0.8203520 0.8226832
1.830807 1.896904 1.963213 2.024416 2.084817 2.130561 2.143136 2.122110 2.068262 1.999711 1.897332 1.839736 1.869766 1.942368 2.026162 2.104241 2.197994 2.329718 2.481288 2.633369 2.782213 2.839447 2.727763 2.020209 1.251697 1.112645 0.9625762 0.8108880 0.7223148 0.6772471 0.6613112 0.6617210 0.6674517 0.6793495 0.6982858 0.7158887 0.7327566 0.7473452 0.7594747 0.7702314 0.7794248 0.7862673 0.7929865 0.7980617 0.7999661 0.7985570 0.7984555 0.7976994 0.7929576 0.7877961 0.7851235 0.7806846 0.7766417 0.7744694 0.7748676 0.7770618 0.7826721 0.7915183 0.7982786
1.879449 1.941485 2.003485 2.076740 2.142534 2.196288 2.211350 2.194448 2.159323 2.120633 2.035180 1.968025 1.972207 2.039305 2.126733 2.218257 2.324938 2.457056 2.575558 2.684721 2.783068 2.860047 2.895946 2.356546 1.517074 0.9664645 0.8146435 0.7327034 0.6951122 0.6825648 0.6849253 0.6913534 0.6996248 0.7121356 0.7273993 0.7370676 0.7446741 0.7532843 0.7601796 0.7659521 0.7706415 0.7732554 0.7746962 0.7746891 0.7708763 0.7691113 0.7663998 0.7638215 0.7626186 0.7627296 0.7643603 0.7671997 0.7674973 0.7675266 0.7687345 0.7725654 0.7777401 0.7867866 0.7954375
1.862593 1.943789 2.010306 2.097114 2.168042 2.214880 2.250370 2.253769 2.228942 2.195697 2.161868 2.095358 2.064647 2.106271 2.189764 2.308057 2.422393 2.535338 2.633781 2.725223 2.799553 2.862823 2.932695 2.785888 1.503519 0.9507744 0.8656720 0.8036357 0.7599491 0.7404363 0.7385049 0.7381359 0.7423352 0.7489376 0.7561583 0.7592970 0.7615698 0.7633859 0.7641653 0.7648674 0.7648869 0.7635170 0.7617864 0.7598238 0.7593710 0.7606157 0.7624438 0.7650371 0.7682329 0.7711902 0.7742472 0.7784607 0.7814910 0.7843346 0.7908071 0.7959121 0.8012496 0.8073025 0.8146800
1.786856 1.893914 1.977951 2.060760 2.135840 2.206930 2.257297 2.267837 2.254577 2.255409 2.227332 2.159275 2.119340 2.150267 2.234168 2.348898 2.468610 2.564297 2.641586 2.706714 2.770887 2.837467 2.943020 2.552360 1.571242 1.044428 0.9939496 0.9422344 0.8848800 0.8432421 0.8064283 0.7781044 0.7691369 0.7676415 0.7660317 0.7654861 0.7643659 0.7614332 0.7577941 0.7544674 0.7490934 0.7472284 0.7464627 0.7480138 0.7492160 0.7539460 0.7598032 0.7649121 0.7716087 0.7778007 0.7837805 0.7903956 0.7967292 0.8037387 0.8124674 0.8203769 0.8254743 0.8295437 0.8331955
1.639367 1.773587 1.891643 1.996507 2.101492 2.192784 2.256789 2.267414 2.274688 2.290695 2.252373 2.198423 2.167526 2.182166 2.249860 2.334391 2.438756 2.535608 2.595060 2.647688 2.702230 2.761744 2.862583 2.604715 1.675948 1.207845 1.076117 1.038676 0.9920223 0.9521392 0.8935387 0.8396756 0.7871778 0.7553367 0.7416584 0.7365989 0.7343602 0.7284357 0.7273471 0.7249504 0.7191670 0.7200739 0.7223434 0.7242029 0.7255911 0.7316321 0.7394142 0.7443498 0.7533975 0.7628682 0.7710469 0.7800461 0.7904603 0.8013527 0.8109672 0.8194992 0.8256323 0.8290290 0.8315419
1.460037 1.619529 1.796420 1.942630 2.074279 2.197057 2.273623 2.302416 2.326703 2.332557 2.288823 2.235105 2.205496 2.211427 2.241403 2.305926 2.386731 2.458367 2.517173 2.569429 2.619574 2.656063 2.650042 2.380883 1.804802 1.374599 1.173274 1.072828 1.045214 1.009415 0.9709166 0.9143723 0.8420638 0.7700029 0.7138556 0.6844956 0.6661338 0.6589835 0.6589181 0.6626574 0.6588172 0.6651209 0.6723693 0.6714007 0.6777028 0.6853539 0.6938820 0.6961741 0.7057763 0.7162329 0.7254120 0.7331583 0.7447514 0.7545068 0.7596461 0.7702157 0.7798497 0.7852253 0.7844394
1.274923 1.466983 1.677560 1.868301 2.048693 2.208681 2.311826 2.367125 2.384321 2.382872 2.346878 2.292246 2.271489 2.248164 2.253854 2.288913 2.341922 2.403966 2.459487 2.510249 2.545966 2.559061 2.512965 2.188644 1.766962 1.592076 1.304155 1.076611 1.037063 1.015857 0.9945577 0.9614854 0.9118649 0.8575638 0.7765064 0.6956996 0.6372861 0.5998646 0.5863199 0.5822279 0.5839088 0.5920873 0.6011416 0.6009672 0.6071674 0.6139228 0.6151247 0.6203736 0.6294582 0.6396503 0.6435220 0.6521573 0.6622722 0.6620761 0.6667227 0.6765111 0.6877465 0.6883462 0.6973930
