simulation_files/asc_files/Depth____94.0.asc
NCOLS       411
NROWS       131
XLLCENTER    2538020.000000
YLLCENTER    1152390.000000
CELLSIZE           1.000
NODATA_VALUE     -9999.0
[rows 0 to 26 of 131, columns 295 to 353 of 411]
-9999.000 -9999.000 -9999.000 -9999.000 -9999.000 -9999.000 -9999.000 -9999.000 -9999.000 -9999.000 -9999.000 -9999.000 -9999.000 -9999.000 -9999.000 -9999.000 -9999.000 -9999.000 -9999.000 -9999.000 -9999.000 -9999.000 -9999.000 -9999.000 -9999.000 -9999.000 -9999.000 -9999.000 -9999.000 -9999.000 -9999.000 -9999.000 -9999.000 -9999.000 -9999.000 -9999.000 -9999.000 -9999.000 -9999.000 -9999.000 -9999.000 -9999.000 -9999.000 -9999.000 -9999.000 -9999.000 -9999.000 -9999.000 -9999.000 -9999.000 -9999.000 -9999.000 -9999.000 -9999.000 -9999.000 -9999.000 -9999.000 -9999.000 -9999.000
-9999.000 -9999.000 -9999.000 -9999.000 -9999.000 -9999.000 -9999.000 -9999.000 -9999.000 -9999.000 -9999.000 -9999.000 -9999.000 -9999.000 -9999.000 -9999.000 -9999.000 -9999.000 -9999.000 -9999.000 -9999.000 -9999.000 -9999.000 -9999.000 -9999.000 -9999.000 -9999.000 -9999.000 -9999.000 -9999.000 -9999.000 -9999.000 -9999.000 -9999.000 -9999.000 -9999.000 -9999.000 -9999.000 -9999.000 -9999.000 -9999.000 -9999.000 -9999.000 -9999.000 -9999.000 -9999.000 -9999.000 -9999.000 -9999.000 -9999.000 -9999.000 -9999.000 -9999.000 -9999.000 -9999.000 -9999.000 -9999.000 -9999.000 -9999.000
-9999.000 -9999.000 -9999.000 -9999.000 -9999.000 -9999.000 -9999.000 -9999.000 -9999.000 -9999.000 -9999.000 -9999.000 -9999.000 -9999.000 -9999.000 -9999.000 -9999.000 -9999.000 -9999.000 -9999.000 -9999.000 -9999.000 -9999.000 -9999.000 -9999.000 -9999.000 -9999.000 -9999.000 -9999.000 -9999.000 -9999.000 -9999.000 -9999.000 -9999.000 -9999.000 -9999.000 -9999.000 -9999.000 -9999.000 -9999.000 -9999.000 -9999.000 -9999.000 -9999.000 -9999.000 -9999.000 -9999.000 -9999.000 -9999.000 -9999.000 -9999.000 -9999.000 -9999.000 -9999.000 -9999.000 -9999.000 -9999.000 -9999.000 -9999.000
-9999.000 -9999.000 -9999.000 -9999.000 -9999.000 -9999.000 -9999.000 -9999.000 -9999.000 -9999.000 -9999.000 -9999.000 -9999.000 -9999.000 -9999.000 -9999.000 -9999.000 -9999.000 -9999.000 -9999.000 -9999.000 -9999.000 -9999.000 -9999.000 -9999.000 -9999.000 -9999.000 -9999.000 -9999.000 -9999.000 -9999.000 -9999.000 -9999.000 -9999.000 -9999.000 -9999.000 -9999.000 -9999.000 -9999.000 -9999.000 -9999.000 -9999.000 -9999.000 -9999.000 -9999.000 -9999.000 -9999.000 -9999.000 -9999.000 -9999.000 -9999.000 -9999.000 -9999.000 -9999.000 -9999.000 -9999.000 -9999.000 -9999.000 -9999.000
-9999.000 -9999.000 -9999.000 -9999.000 -9999.000 -9999.000 -9999.000 -9999.000 -9999.000 -9999.000 -9999.000 -9999.000 -9999.000 -9999.000 -9999.000 -9999.000 -9999.000 -9999.000 -9999.000 -9999.000 -9999.000 -9999.000 -9999.000 -9999.000 -9999.000 -9999.000 -9999.000 -9999.000 -9999.000 -9999.000 -9999.000 -9999.000 -9999.000 -9999.000 -9999.000 -9999.000 -9999.000 -9999.000 -9999.000 -9999.000 -9999.000 -9999.000 -9999.000 -9999.000 -9999.000 -9999.000 -9999.000 -9999.000 -9999.000 -9999.000 -9999.000 -9999.000 -9999.000 -9999.000 -9999.000 -9999.000 -9999.000 -9999.000 -9999.000
-9999.000 -9999.000 -9999.000 -9999.000 -9999.000 -9999.000 -9999.000 -9999.000 -9999.000 -9999.000 -9999.000 -9999.000 -9999.000 -9999.000 -9999.000 -9999.000 -9999.000 -9999.000 -9999.000 -9999.000 -9999.000 -9999.000 -9999.000 -9999.000 -9999.000 -9999.000 -9999.000 -9999.000 -9999.000 -9999.000 -9999.000 -9999.000 -9999.000 -9999.000 -9999.000 -9999.000 -9999.000 -9999.000 -9999.000 -9999.000 -9999.000 -9999.000 -9999.000 -9999.000 -9999.000 -9999.000 -9999.000 -9999.000 -9999.000 -9999.000 -9999.000 -9999.000 -9999.000 -9999.000 -9999.000 -9999.000 -9999.000 -9999.000 -9999.000
-9999.000 -9999.000 -9999.000 -9999.000 -9999.000 -9999.000 -9999.000 -9999.000 -9999.000 -9999.000 -9999.000 -9999.000 -9999.000 -9999.000 -9999.000 -9999.000 -9999.000 -9999.000 -9999.000 -9999.000 -9999.000 -9999.000 -9999.000 -9999.000 -9999.000 -9999.000 -9999.000 -9999.000 -9999.000 -9999.000 -9999.000 -9999.000 -9999.000 -9999.000 -9999.000 -9999.000 -9999.000 -9999.000 -9999.000 -9999.000 -9999.000 -9999.000 -9999.000 -9999.000 -9999.000 -9999.000 -9999.000 -9999.000 -9999.000 -9999.000 -9999.000 -9999.000 -9999.000 -9999.000 -9999.000 -9999.000 -9999.000 -9999.000 -9999.000
-9999.000 -9999.000 -9999.000 -9999.000 -9999.000 -9999.000 -9999.000 -9999.000 -9999.000 0.2505577E-01 0.3149026E-01 -9999.000 -9999.000 -9999.000 -9999.000 -9999.000 -9999.000 -9999.000 -9999.000 -9999.000 -9999.000 -9999.000 -9999.000 -9999.000 -9999.000 -9999.000 -9999.000 -9999.000 -9999.000 -9999.000 -9999.000 -9999.000 -9999.000 -9999.000 -9999.000 -9999.000 -9999.000 -9999.000 -9999.000 -9999.000 -9999.000 -9999.000 -9999.000 -9999.000 -9999.000 -9999.000 -9999.000 -9999.000 -9999.000 -9999.000 -9999.000 -9999.000 -9999.000 -9999.000 -9999.000 -9999.000 -9999.000 -9999.000 -9999.000
-9999.000 -9999.000 -9999.000 -9999.000 -9999.000 -9999.000 -9999.000 -9999.000 0.2013301E-01 0.3535999E-01 0.4621595E-01 0.5130693E-01 0.6323909E-01 0.7603488E-01 0.8701053E-01 0.9924425E-01 -9999.000 -9999.000 -9999.000 -9999.000 -9999.000 -9999.000 -9999.000 -9999.000 -9999.000 -9999.000 -9999.000 -9999.000 -9999.000 -9999.000 -9999.000 -9999.000 -9999.000 -9999.000 -9999.000 -9999.000 -9999.000 -9999.000 -9999.000 -9999.000 -9999.000 -9999.000 -9999.000 -9999.000 -9999.000 -9999.000 -9999.000 -9999.000 -9999.000 -9999.000 -9999.000 -9999.000 -9999.000 -9999.000 -9999.000 -9999.000 -9999.000 -9999.000 -9999.000
-9999.000 -9999.000 -9999.000 -9999.000 -9999.000 -9999.000 -9999.000 0.2624931E-01 0.3140435E-01 0.5982613E-01 0.7108931E-01 0.7685701E-01 0.9088097E-01 0.1015405 0.1048042 0.1251862 0.1296506 0.1368034 0.1418520 0.1506163 0.1601938 -9999.000 -9999.000 -9999.000 -9999.000 -9999.000 -9999.000 -9999.000 -9999.000 -9999.000 -9999.000 -9999.000 -9999.000 -9999.000 -9999.000 -9999.000 -9999.000 -9999.000 -9999.000 -9999.000 -9999.000 -9999.000 -9999.000 -9999.000 -9999.000 -9999.000 -9999.000 -9999.000 -9999.000 -9999.000 -9999.000 -9999.000 -9999.000 -9999.000 -9999.000 -9999.000 -9999.000 -9999.000 -9999.000
-9999.000 -9999.000 0.1371118 0.1406655 0.1387151 0.1584243 0.1847684 0.1901675 0.2067036 0.2274096 0.2009083 0.1825069 0.1772570 0.1900758 0.1861595 0.1842028 0.1970294 0.1953359 0.1980799 0.2050681 0.2121662 0.2179319 0.2276648 0.2641748 0.2886182 0.3325053 0.3509398 0.3501059 0.3532688 0.3665968 0.3884732 0.4104211 0.4295378 0.4512688 0.4655791 0.4575227 0.4521131 0.4499532 0.4467839 0.4437838 0.4420256 0.4421074 0.4413090 0.4395801 0.4353801 0.4304889 0.4268646 0.4242654 0.4211960 0.4164953 0.4072997 0.3955792 0.3817873 0.3660505 0.3483551 0.3266360 0.2976347 0.2659488 0.2248603
0.2204361 0.2302630 0.2805894 0.3287477 0.3568581 0.3914124 0.4043385 0.4069087 0.4098343 0.4025961 0.3716883 0.3473494 0.3409844 0.3436617 0.3343507 0.3215214 0.3171979 0.3185439 0.3130535 0.3172423 0.3288891 0.3333727 0.3386642 0.3489951 0.3654146 0.3829850 0.4023309 0.4100252 0.4089039 0.4156074 0.4344947 0.4547433 0.4624000 0.4649544 0.4681735 0.4695473 0.4652810 0.4620914 0.4600570 0.4574218 0.4543244 0.4526647 0.4507340 0.4481168 0.4445880 0.4401210 0.4357744 0.4310048 0.4247488 0.4148970 0.4011700 0.3853924 0.3687212 0.3518146 0.3345594 0.3188408 0.2984315 0.2765217 0.2703244
0.4510557 0.4654842 0.4912794 0.5067757 0.5172234 0.5272512 0.5198884 0.5066320 0.4944499 0.4823759 0.4717036 0.4716804 0.4710851 0.4662753 0.4602990 0.4611155 0.4576003 0.4558478 0.4545595 0.4710365 0.4814603 0.4856387 0.4885192 0.5005852 0.5063709 0.5089517 0.5161920 0.5198332 0.5171764 0.5176251 0.5292337 0.5259765 0.5185247 0.5081958 0.5066348 0.5031907 0.4972437 0.4972977 0.4961264 0.4938064 0.4910627 0.4914462 0.4873515 0.4815606 0.4769456 0.4735282 0.4644940 0.4529965 0.4401212 0.4240621 0.4078277 0.3939382 0.3843502 0.3732302 0.3672887 0.3661618 0.3620128 0.3554021 0.3525158
0.6241087 0.6390297 0.6324331 0.6185416 0.6016069 0.5865913 0.5645416 0.5453617 0.5366512 0.5295352 0.5300461 0.5382357 0.5399013 0.5393852 0.5404564 0.5492167 0.5523709 0.5572567 0.5613865 0.5675301 0.5763384 0.5804557 0.5874052 0.5969686 0.6006938 0.6016740 0.6049318 0.6082776 0.6049053 0.6017758 0.5935951 0.5796090 0.5667843 0.5593035 0.5538746 0.5473703 0.5424915 0.5456673 0.5451012 0.5430998 0.5436890 0.5379498 0.5281188 0.5180513 0.5099536 0.4992013 0.4864458 0.4753196 0.4636131 0.4518537 0.4419555 0.4413589 0.4363342 0.4324202 0.4354289 0.4414014 0.4440810 0.4476777 0.4604005
0.7251430 0.7158472 0.6931568 0.6666328 0.6417125 0.6212339 0.6035402 0.5903244 0.5864579 0.5815952 0.5786701 0.5814484 0.5817787 0.5827973 0.5897162 0.5956863 0.6017163 0.6065716 0.6104890 0.6170350 0.6210650 0.6261059 0.6340419 0.6409986 0.6462028 0.6499372 0.6540410 0.6518614 0.6473952 0.6409453 0.6327747 0.6206811 0.6090433 0.6023822 0.5937126 0.5872757 0.5832798 0.5839206 0.5820522 0.5787295 0.5739222 0.5649967 0.5537220 0.5435341 0.5360865 0.5264624 0.5176940 0.5127425 0.5107228 0.5066124 0.5073369 0.5083933 0.5064322 0.5048131 0.5099855 0.5155216 0.5186263 0.5300447 0.5414043
0.7819481 0.7622304 0.7347583 0.7105213 0.6945969 0.6757921 0.6616215 0.6523687 0.6484382 0.6385759 0.6321552 0.6302932 0.6255178 0.6255923 0.6290173 0.6343201 0.6422297 0.6458856 0.6500967 0.6546481 0.6567705 0.6598074 0.6640663 0.6681917 0.6710785 0.6743134 0.6740597 0.6711093 0.6681434 0.6666321 0.6633103 0.6559162 0.6494868 0.6396165 0.6284338 0.6188672 0.6144438 0.6101328 0.6056719 0.5999108 0.5962811 0.5907992 0.5841407 0.5814671 0.5759775 0.5710321 0.5669387 0.5698776 0.5684175 0.5680825 0.5701733 0.5752059 0.5751396 0.5745479 0.5823754 0.5832779 0.5850769 0.5910549 0.6074522
0.8282284 0.8144521 0.7953295 0.7759806 0.7620032 0.7466672 0.7289852 0.7165444 0.7048227 0.6928220 0.6865310 0.6841488 0.6804745 0.6808979 0.6832750 0.6895936 0.6933621 0.6959942 0.7029009 0.7027722 0.7020654 0.7026847 0.7063098 0.7040949 0.7010049 0.6986848 0.6977234 0.6937859 0.6901091 0.6907216 0.6885592 0.6835628 0.6757489 0.6683485 0.6589978 0.6498254 0.6451549 0.6403085 0.6358837 0.6327487 0.6345187 0.6316418 0.6302126 0.6338710 0.6340879 0.6327829 0.6344625 0.6388801 0.6376797 0.6378035 0.6414532 0.6472798 0.6480781 0.6537397 0.6604933 0.6619540 0.6636674 0.6725478 0.6808928
0.8433962 0.8383796 0.8301592 0.8178272 0.8043996 0.7885028 0.7722456 0.7597790 0.7460511 0.7348213 0.7279757 0.7271263 0.7261101 0.7284283 0.7312387 0.7342759 0.7351005 0.7359212 0.7375518 0.7363473 0.7349572 0.7343883 0.7326084 0.7284693 0.7237301 0.7197092 0.7157668 0.7106437 0.7040872 0.6976324 0.6929142 0.6876604 0.6816709 0.6774953 0.6745651 0.6721263 0.6723027 0.6732045 0.6736405 0.6779977 0.6802893 0.6819186 0.6829877 0.6922579 0.6964591 0.6986130 0.7084498 0.7111270 0.7128715 0.7148602 0.7266355 0.7284966 0.7311205 0.7358035 0.7506527 0.7546563 0.7577285 0.7677913 0.7655841
0.8243824 0.8209161 0.8185476 0.8132600 0.8068197 0.8008849 0.7949938 0.7887959 0.7798537 0.7697713 0.7623847 0.7537270 0.7473906 0.7442534 0.7418088 0.7399516 0.7386823 0.7366799 0.7325098 0.7320031 0.7312216 0.7260085 0.7208578 0.7164926 0.7118694 0.7010651 0.6959851 0.6908139 0.6846264 0.6755199 0.6725795 0.6709012 0.6698961 0.6719987 0.6751850 0.6791895 0.6837612 0.6884983 0.6934878 0.6993376 0.7053880 0.7112499 0.7180259 0.7273650 0.7344973 0.7411096 0.7505569 0.7601802 0.7672654 0.7758651 0.7842679 0.7910509 0.7983336 0.8091561 0.8185780 0.8245372 0.8312594 0.8389205 0.8398196
0.7839758 0.7867448 0.7897685 0.7933797 0.7947190 0.7970507 0.7995680 0.8002729 0.7984501 0.7934900 0.7863400 0.7739250 0.7591106 0.7447209 0.7310228 0.7208534 0.7139117 0.7070949 0.7004363 0.6954192 0.6899300 0.6812357 0.6735595 0.6689616 0.6618180 0.6539964 0.6508106 0.6483731 0.6438163 0.6432567 0.6456201 0.6485869 0.6511563 0.6562478 0.6620322 0.6663438 0.6722769 0.6779613 0.6841783 0.6891614 0.6972402 0.7061183 0.7147617 0.7262452 0.7380055 0.7503385 0.7612155 0.7734690 0.7853105 0.7964020 0.8074412 0.8181514 0.8285268 0.8386578 0.8471376 0.8544142 0.8624180 0.8711817 0.8764087
0.7535335 0.7603053 0.7678024 0.7739567 0.7804165 0.7866283 0.7923661 0.7958457 0.7990560 0.7993237 0.7969671 0.7903135 0.7769984 0.7595337 0.7358395 0.7119376 0.6922294 0.6754744 0.6605786 0.6483605 0.6391565 0.6282047 0.6233135 0.6192416 0.6155498 0.6107360 0.6115619 0.6130546 0.6139717 0.6181581 0.6229581 0.6273040 0.6306341 0.6360745 0.6411136 0.6460018 0.6525362 0.6589254 0.6647893 0.6711758 0.6797319 0.6894701 0.6994629 0.7105358 0.7231290 0.7346139 0.7471116 0.7610854 0.7752343 0.7873452 0.8007020 0.8138767 0.8255369 0.8358617 0.8465587 0.8564625 0.8653966 0.8744935 0.8822239
0.7474512 0.7541164 0.7613369 0.7689616 0.7764390 0.7834536 0.7892560 0.7931021 0.7959780 0.7972340 0.7963287 0.7939434 0.7881383 0.7766824 0.7591229 0.7344443 0.7040761 0.6755941 0.6501713 0.6292390 0.6150701 0.6046307 0.5982591 0.5949401 0.5928927 0.5928242 0.5951176 0.5980548 0.6009362 0.6053688 0.6095822 0.6133216 0.6181636 0.6236449 0.6293130 0.6348272 0.6421083 0.6490395 0.6581694 0.6656768 0.6731866 0.6812272 0.6897660 0.6985021 0.7076649 0.7171475 0.7285878 0.7410605 0.7537568 0.7653457 0.7792165 0.7930544 0.8058770 0.8175450 0.8305426 0.8419629 0.8522738 0.8629311 0.8721650
0.7600981 0.7650706 0.7708665 0.7774969 0.7831062 0.7887829 0.7944506 0.7985661 0.8014287 0.8018026 0.7999585 0.7962550 0.7899044 0.7807182 0.7709537 0.7579360 0.7385782 0.7185261 0.6926019 0.6665450 0.6492149 0.6318461 0.6178595 0.6103867 0.6074691 0.6049272 0.6046686 0.6059173 0.6085646 0.6114779 0.6156670 0.6207784 0.6256299 0.6308716 0.6380705 0.6459841 0.6532157 0.6614455 0.6700574 0.6763892 0.6822190 0.6891469 0.6955739 0.7015671 0.7082053 0.7168626 0.7260144 0.7352428 0.7444341 0.7533721 0.7631878 0.7749052 0.7867787 0.7992655 0.8124829 0.8252676 0.8355430 0.8464594 0.8569482
0.7720968 0.7752561 0.7796931 0.7841493 0.7874879 0.7909163 0.7934246 0.7968029 0.7989558 0.7983230 0.7958463 0.7934874 0.7899154 0.7863991 0.7827971 0.7787814 0.7760214 0.7711323 0.7598108 0.7431014 0.7288445 0.7079749 0.6838206 0.6703048 0.6569275 0.6463348 0.6400124 0.6399655 0.6386322 0.6376321 0.6381994 0.6445575 0.6492061 0.6535776 0.6622008 0.6690386 0.6758642 0.6826152 0.6921175 0.6981641 0.7036019 0.7122847 0.7177317 0.7234696 0.7294966 0.7380879 0.7428701 0.7481463 0.7547697 0.7618862 0.7685225 0.7767867 0.7865801 0.7969304 0.8081631 0.8194467 0.8301830 0.8405160 0.8503176
0.7682195 0.7709578 0.7694183 0.7708437 0.7731553 0.7756692 0.7734836 0.7747524 0.7764117 0.7744140 0.7777828 0.7822926 0.7868510 0.7909535 0.7941126 0.7967457 0.7993656 0.8022956 0.8021251 0.8002445 0.8005358 0.7882784 0.7688143 0.7481927 0.7302226 0.7085097 0.6946649 0.6884044 0.6819534 0.6780787 0.6772305 0.6790047 0.6794720 0.6814946 0.6884043 0.6940189 0.7002500 0.7083194 0.7162359 0.7231616 0.7294350 0.7387942 0.7459027 0.7518782 0.7593802 0.7648787 0.7674453 0.7701038 0.7754655 0.7805049 0.7854121 0.7912930 0.7967409 0.8028394 0.8102605 0.8181710 0.8261938 0.8341625 0.8421311
0.7221660 0.7225628 0.7186423 0.7212155 0.7239943 0.7229926 0.7214560 0.7257560 0.7309709 0.7318441 0.7417043 0.7535534 0.7628930 0.7732451 0.7848337 0.7958903 0.8044665 0.8126574 0.8189806 0.8248044 0.8299405 0.8315538 0.8265116 0.8151353 0.7977754 0.7753838 0.7554129 0.7362959 0.7211288 0.7120462 0.7090431 0.7058879 0.7041508 0.7041636 0.7080369 0.7119339 0.7170104 0.7246548 0.7315941 0.7387425 0.7461223 0.7549946 0.7624920 0.7687922 0.7750053 0.7820928 0.7865768 0.7890746 0.7913198 0.7944092 0.7974991 0.7992192 0.8007214 0.8029608 0.8053372 0.8082105 0.8126843 0.8174130 0.8209468
0.6379450 0.6372311 0.6375029 0.6423203 0.6469891 0.6417150 0.6472152 0.6540904 0.6622647 0.6640928 0.6770186 0.6908079 0.6995129 0.7168877 0.7347773 0.7518218 0.7649484 0.7811261 0.7942537 0.8026741 0.8075747 0.8177068 0.8245238 0.8258126 0.8237260 0.8147037 0.7986498 0.7763932 0.7498391 0.7288163 0.7154316 0.7096093 0.7085359 0.7088047 0.7100100 0.7128128 0.7166652 0.7211719 0.7269335 0.7329714 0.7383575 0.7444146 0.7507515 0.7570723 0.7593698 0.7658188 0.7726735 0.7745060 0.7770145 0.7803289 0.7824923 0.7789582 0.7795404 0.7801078 0.7783582 0.7770067 0.7790454 0.7814894 0.7800257
