simulation_files/asc_files/Depth____158.0.asc
NCOLS       411
NROWS       131
XLLCENTER    2538020.000000
YLLCENTER    1152390.000000
CELLSIZE           1.000
NODATA_VALUE     -9999.0
[rows 27 to 53 of 131, columns 236 to 294 of 411]
1.111379 1.269702 1.529018 1.804703 2.047693 2.260990 2.376505 2.425218 2.444515 2.438544 2.402132 2.372829 2.340056 2.282741 2.271483 2.318683 2.395580 2.465666 2.513215 2.538008 2.534380 2.459296 2.087768 1.737434 1.692204 1.648472 1.490463 1.214574 1.052205 0.9960801 0.9836104 0.9725174 0.9577544 0.9297225 0.8854279 0.8151385 0.7456664 0.6633896 0.5963791 0.5508904 0.5290595 0.5255735 0.5287039 0.5261211 0.5313834 0.5341308 0.5307468 0.5371691 0.5445447 0.5495183 0.5495844 0.5567187 0.5635737 0.5665434 0.5669724 0.5768043 0.5837676 0.5899882 0.6023020
0.9147305 1.058685 1.308492 1.637254 2.025699 2.293600 2.433951 2.473834 2.494425 2.488092 2.455578 2.445344 2.416688 2.341797 2.293065 2.321631 2.400478 2.481839 2.541073 2.549840 2.501176 2.283098 1.920042 1.725090 1.694930 1.681230 1.608483 1.364672 1.139255 1.013180 0.9822836 0.9656565 0.9600480 0.9514580 0.9444628 0.9218320 0.8853197 0.8163372 0.7203295 0.6372117 0.5544371 0.5012136 0.4777550 0.4691800 0.4681623 0.4697616 0.4681790 0.4704261 0.4742516 0.4718794 0.4744247 0.4775303 0.4812633 0.4785800 0.4848505 0.4929224 0.4983905 0.5045322 0.5161348
0.7262578 0.8189300 0.9842853 1.265045 1.966215 2.365030 2.487270 2.532221 2.544134 2.532470 2.505706 2.500771 2.463932 2.356220 2.267319 2.308177 2.396923 2.504495 2.573214 2.561953 2.398896 2.056585 1.797049 1.739112 1.715236 1.697127 1.667889 1.493488 1.250508 1.070052 1.010624 0.9755094 0.9566119 0.9508746 0.9505318 0.9465338 0.9336268 0.9268763 0.8892918 0.8354412 0.7336611 0.6224450 0.5389847 0.4750525 0.4438827 0.4324995 0.4279181 0.4274257 0.4279262 0.4270805 0.4293395 0.4310628 0.4318784 0.4329930 0.4369002 0.4409509 0.4438661 0.4482856 0.4562957
0.6167881 0.6447192 0.6873998 0.7943437 1.711895 2.429725 2.545634 2.589096 2.590899 2.568418 2.532728 2.510512 2.453264 2.323927 2.231035 2.260033 2.361013 2.550429 2.614340 2.442523 2.184192 1.946633 1.821345 1.771490 1.742652 1.720577 1.693935 1.645410 1.418478 1.173278 1.066477 1.017435 0.9863123 0.9627008 0.9625303 0.9595712 0.9583681 0.9537069 0.9541709 0.9384344 0.8966106 0.8164137 0.7326357 0.6304168 0.5383570 0.4882454 0.4428197 0.4195638 0.4131136 0.4129247 0.4150845 0.4166845 0.4186153 0.4207000 0.4227782 0.4253215 0.4254226 0.4259375 0.4265755
-9999.000 -9999.000 -9999.000 -9999.000 -9999.000 -9999.000 2.599626 2.635011 2.631549 2.598239 2.544963 2.478595 2.387846 2.253770 2.164651 2.206213 2.314609 2.484121 2.441928 2.224074 2.070931 1.956708 1.882543 1.818511 1.781695 1.768688 1.745290 1.710383 1.580104 1.292295 1.143378 1.083954 1.055886 1.017770 0.9974929 0.9831373 0.9810892 0.9796092 0.9786244 0.9699534 0.9531644 0.9255272 0.8970695 0.8369993 0.7497535 0.6688290 0.5757285 0.4927594 0.4440709 0.4226233 0.4163212 0.4156327 0.4164686 0.4173071 0.4178476 0.4175312 0.4152250 0.4117317 0.4081030
-9999.000 -9999.000 -9999.000 -9999.000 -9999.000 -9999.000 -9999.000 -9999.000 2.648431 2.619348 2.554911 2.477072 2.335358 2.188734 2.121371 2.137221 2.238883 2.313844 2.223914 2.101930 2.016873 1.999231 1.943432 1.865330 1.821593 1.818267 1.801267 1.770526 1.710051 1.518800 1.248950 1.159017 1.143090 1.110923 1.063346 1.014696 1.000963 0.9962887 0.9920094 0.9862840 0.9737320 0.9620741 0.9480253 0.9288118 0.9000752 0.8552211 0.7865265 0.6876652 0.5923466 0.4908558 0.4347991 0.4163892 0.4114226 0.4095442 0.4076780 0.4020336 0.3965052 0.3909354 0.3859547
-9999.000 -9999.000 -9999.000 -9999.000 -9999.000 -9999.000 -9999.000 -9999.000 -9999.000 2.613710 2.553897 2.468189 2.308684 2.150772 2.056303 2.071302 2.146546 2.158382 2.076975 2.048258 2.062881 2.054182 2.002269 1.927263 1.856577 1.856946 1.851180 1.837107 1.814809 1.696250 1.436422 1.248388 1.213746 1.193416 1.142830 1.074069 1.029386 0.9985919 0.9960533 0.9966245 0.9935519 0.9974822 0.9918049 0.9866362 0.9747974 0.9520567 0.9151692 0.8685205 0.8024287 0.6954304 0.5651809 0.4804379 0.4303393 0.4041367 0.3927937 0.3845100 0.3777794 0.3729732 0.3704253
-9999.000 -9999.000 -9999.000 -9999.000 -9999.000 -9999.000 -9999.000 -9999.000 -9999.000 -9999.000 -9999.000 2.408232 2.244036 2.100972 2.031133 2.025620 2.042021 2.032479 2.040450 2.081630 2.102141 2.081839 2.036714 1.969108 1.899924 1.898917 1.911582 1.908215 1.909972 1.855141 1.632372 1.374075 1.263144 1.232260 1.202099 1.161884 1.094539 1.026989 1.007808 1.005141 1.007950 1.013217 1.018917 1.025201 1.011760 0.9914048 0.9666837 0.9362595 0.9235801 0.8784485 0.7830338 0.6745886 0.5498559 0.4555529 0.4077146 0.3875132 0.3766105 0.3733230 0.3749289
-9999.000 -9999.000 -9999.000 -9999.000 -9999.000 -9999.000 -9999.000 -9999.000 -9999.000 -9999.000 -9999.000 -9999.000 -9999.000 2.056013 2.031086 2.024277 2.005436 2.003156 2.057821 2.121706 2.140441 2.112467 2.066529 2.009324 1.942309 1.937932 1.971096 1.963710 1.964386 1.938144 1.771952 1.528177 1.326441 1.255368 1.228933 1.217622 1.176763 1.103695 1.053687 1.018265 1.014425 1.018493 1.022520 1.029752 1.033500 1.026267 1.005963 0.9802839 0.9510790 0.9308880 0.8999934 0.8515138 0.7662833 0.6430534 0.5442281 0.4617540 0.4144329 0.3992221 0.4009526
-9999.000 -9999.000 -9999.000 -9999.000 -9999.000 -9999.000 -9999.000 -9999.000 -9999.000 -9999.000 -9999.000 -9999.000 -9999.000 -9999.000 2.035210 2.030674 2.028864 2.068473 2.121116 2.177309 2.175697 2.139851 2.094654 2.043829 1.981181 1.958958 1.988408 1.972135 1.958119 1.947391 1.862067 1.654607 1.411135 1.311226 1.242444 1.229583 1.226407 1.201324 1.129035 1.063536 1.022926 1.020345 1.024369 1.029310 1.035900 1.036868 1.035041 1.015542 0.9902643 0.9667686 0.9486281 0.9424407 0.9196328 0.8542693 0.7667210 0.6599485 0.5535523 0.4843945 0.4506802
-9999.000 -9999.000 -9999.000 -9999.000 -9999.000 -9999.000 -9999.000 -9999.000 -9999.000 -9999.000 -9999.000 -9999.000 -9999.000 -9999.000 -9999.000 -9999.000 2.099825 2.144185 2.190074 2.219867 2.203476 2.159423 2.112072 2.064751 2.009770 1.970978 1.957508 1.931526 1.911376 1.907456 1.881458 1.730415 1.491916 1.386482 1.291226 1.230810 1.236693 1.249057 1.231295 1.158244 1.066684 1.024720 1.015965 1.019969 1.025054 1.030007 1.038139 1.043322 1.036712 1.029845 1.008189 1.000281 0.9913116 0.9777134 0.9489793 0.8826118 0.7862915 0.6865381 0.5606109
-9999.000 -9999.000 -9999.000 -9999.000 -9999.000 -9999.000 -9999.000 -9999.000 -9999.000 -9999.000 -9999.000 -9999.000 -9999.000 -9999.000 -9999.000 -9999.000 -9999.000 -9999.000 2.225319 2.242127 2.222391 2.187925 2.137832 2.085883 2.023363 1.980572 1.935293 1.897437 1.880653 1.868547 1.890087 1.792069 1.544223 1.438652 1.358942 1.247258 1.225347 1.233324 1.266007 1.236328 1.161901 1.062930 1.011100 0.9982180 1.007701 1.018277 1.032234 1.058819 1.076550 1.084559 1.072934 1.058593 1.044837 1.038476 1.033604 1.018363 0.9768039 0.9203710 0.8331151
-9999.000 -9999.000 -9999.000 -9999.000 -9999.000 -9999.000 -9999.000 -9999.000 -9999.000 -9999.000 -9999.000 -9999.000 -9999.000 -9999.000 -9999.000 -9999.000 -9999.000 -9999.000 -9999.000 -9999.000 2.235029 2.204616 2.169540 2.120278 2.062811 2.010952 1.963495 1.911132 1.866150 1.842108 1.874553 1.827682 1.562628 1.398562 1.386825 1.305127 1.211002 1.179668 1.214800 1.233486 1.226050 1.149284 1.045205 0.9857741 0.9890059 1.003458 1.029637 1.049844 1.076499 1.100679 1.105175 1.103384 1.091812 1.081217 1.069765 1.060222 1.046509 1.028795 0.9935741
-9999.000 -9999.000 -9999.000 -9999.000 -9999.000 -9999.000 -9999.000 -9999.000 -9999.000 -9999.000 -9999.000 -9999.000 -9999.000 -9999.000 -9999.000 -9999.000 -9999.000 -9999.000 -9999.000 -9999.000 -9999.000 2.214978 2.185449 2.154307 2.111777 2.060146 1.997530 1.930474 1.863036 1.813503 1.811519 1.770675 1.397563 1.216118 1.268517 1.302574 1.202589 1.124536 1.131030 1.171047 1.210042 1.223053 1.140688 1.044822 0.9763656 0.9800044 0.9994401 1.016647 1.042462 1.073240 1.102475 1.111835 1.112370 1.099592 1.086691 1.078903 1.069312 1.061448 1.050451
-9999.000 -9999.000 -9999.000 -9999.000 -9999.000 -9999.000 -9999.000 -9999.000 -9999.000 -9999.000 -9999.000 -9999.000 -9999.000 -9999.000 -9999.000 -9999.000 -9999.000 -9999.000 -9999.000 -9999.000 -9999.000 -9999.000 -9999.000 2.177542 2.139529 2.080820 2.000879 1.922864 1.836522 1.739963 1.677111 1.543884 1.221227 0.9557723 1.024510 1.165756 1.170502 1.091314 1.057864 1.084636 1.141403 1.210670 1.208173 1.145619 1.017681 0.9571317 0.9527653 0.9670955 0.9895323 1.013620 1.049137 1.069407 1.092624 1.087563 1.076855 1.062080 1.050066 1.044985 1.041043
-9999.000 -9999.000 -9999.000 -9999.000 -9999.000 -9999.000 -9999.000 -9999.000 -9999.000 -9999.000 -9999.000 -9999.000 -9999.000 -9999.000 -9999.000 -9999.000 -9999.000 -9999.000 -9999.000 -9999.000 -9999.000 -9999.000 -9999.000 -9999.000 2.120143 2.047032 1.935847 1.824784 1.726544 1.622263 1.487994 1.283059 1.027037 0.7347554 0.7192936 0.8417844 1.056257 1.025738 0.9843194 0.9824834 1.029383 1.104058 1.175478 1.199872 1.123491 0.9837572 0.9027721 0.8973672 0.9105736 0.9261156 0.9552251 0.9842469 1.020981 1.032078 1.026961 1.007122 0.9840175 0.9625639 0.9512835
-9999.000 -9999.000 -9999.000 -9999.000 -9999.000 -9999.000 -9999.000 -9999.000 -9999.000 -9999.000 -9999.000 -9999.000 -9999.000 -9999.000 -9999.000 -9999.000 -9999.000 -9999.000 -9999.000 -9999.000 -9999.000 -9999.000 -9999.000 -9999.000 -9999.000 -9999.000 1.840214 1.716261 1.584374 1.465398 1.247362 1.011985 0.7552293 0.4949600 0.4430542 0.5616408 0.7921085 0.8478510 0.8294400 0.8320934 0.8707954 0.9365828 1.044536 1.116053 1.166146 1.036512 0.8841771 0.8073653 0.8056598 0.8111992 0.8362633 0.8570904 0.8932882 0.9278228 0.9368127 0.9151126 0.9034716 0.8641614 0.8471887
-9999.000 -9999.000 -9999.000 -9999.000 -9999.000 -9999.000 -9999.000 -9999.000 -9999.000 -9999.000 -9999.000 -9999.000 -9999.000 -9999.000 -9999.000 -9999.000 -9999.000 -9999.000 -9999.000 -9999.000 -9999.000 -9999.000 -9999.000 -9999.000 -9999.000 -9999.000 -9999.000 -9999.000 1.474270 1.300559 1.035280 0.7551119 0.4369693 0.2508985 0.1896694 0.2903250 0.4051551 0.5650371 0.6165161 0.5744691 0.5991655 0.6664038 0.7813886 0.9051425 1.048973 1.036297 0.9180630 0.7504769 0.6975918 0.7006205 0.7237446 0.7417487 0.7737653 0.8142446 0.8454243 0.8585251 0.8574822 0.8417346 0.8262817
-9999.000 -9999.000 -9999.000 -9999.000 -9999.000 -9999.000 -9999.000 -9999.000 -9999.000 -9999.000 -9999.000 -9999.000 -9999.000 -9999.000 -9999.000 -9999.000 -9999.000 -9999.000 -9999.000 -9999.000 -9999.000 -9999.000 -9999.000 -9999.000 -9999.000 -9999.000 -9999.000 -9999.000 -9999.000 1.119833 0.7966968 0.4921507 0.2085704 -9999.000 0.5423898E-01 -9999.000 -9999.000 -9999.000 0.2525923 0.2700940 0.2486619 0.2659739 0.4167305 0.5715130 0.7755633 0.8979894 0.9289244 0.8031682 0.6454668 0.6016236 0.6391877 0.6628637 0.6916363 0.7247892 0.7721286 0.8135364 0.8433528 0.8531526 0.8537499
-9999.000 -9999.000 -9999.000 -9999.000 -9999.000 -9999.000 -9999.000 -9999.000 -9999.000 -9999.000 -9999.000 -9999.000 -9999.000 -9999.000 -9999.000 -9999.000 -9999.000 -9999.000 -9999.000 -9999.000 -9999.000 -9999.000 -9999.000 -9999.000 -9999.000 -9999.000 -9999.000 -9999.000 -9999.000 -9999.000 -9999.000 -9999.000 -9999.000 -9999.000 -9999.000 -9999.000 -9999.000 -9999.000 -9999.000 0.7218283E-01 -9999.000 0.5619335E-01 0.1115956 0.2423966 0.4175807 0.6661756 0.8041373 0.8536727 0.6987948 0.5719041 0.5511919 0.5856894 0.6229753 0.6519244 0.7014032 0.7436044 0.7981153 0.8326698 0.8615070
-9999.000 -9999.000 -9999.000 -9999.000 -9999.000 -9999.000 -9999.000 -9999.000 -9999.000 -9999.000 -9999.000 -9999.000 -9999.000 -9999.000 -9999.000 -9999.000 -9999.000 -9999.000 -9999.000 -9999.000 -9999.000 -9999.000 -9999.000 -9999.000 -9999.000 -9999.000 -9999.000 -9999.000 -9999.000 -9999.000 -9999.000 -9999.000 -9999.000 -9999.000 -9999.000 -9999.000 -9999.000 -9999.000 -9999.000 -9999.000 -9999.000 -9999.000 -9999.000 0.1029115 0.2618281 0.3768495 0.5055971 0.7009321 0.7114355 0.6026887 0.4847381 0.4900744 0.5259970 0.5716343 0.6132892 0.6608321 0.7137784 0.7641473 0.8136232
-9999.000 -9999.000 -9999.000 -9999.000 -9999.000 -9999.000 -9999.000 -9999.000 -9999.000 -9999.000 -9999.000 -9999.000 -9999.000 -9999.000 -9999.000 -9999.000 -9999.000 -9999.000 -9999.000 -9999.000 -9999.000 -9999.000 -9999.000 -9999.000 -9999.000 -9999.000 -9999.000 -9999.000 -9999.000 -9999.000 -9999.000 -9999.000 -9999.000 -9999.000 -9999.000 -9999.000 -9999.000 -9999.000 -9999.000 -9999.000 -9999.000 -9999.000 -9999.000 -9999.000 -9999.000 -9999.000 0.2445958 0.3613274 0.5568763 0.5706640 0.4829130 0.4137886 0.4061633 0.4491154 0.5040971 0.5613149 0.6116579 0.6650945 0.7226015
-9999.000 -9999.000 -9999.000 -9999.000 -9999.000 -9999.000 -9999.000 -9999.000 -9999.000 -9999.000 -9999.000 -9999.000 -9999.000 -9999.000 -9999.000 -9999.000 -9999.000 -9999.000 -9999.000 -9999.000 -9999.000 -9999.000 -9999.000 -9999.000 -9999.000 -9999.000 -9999.000 -9999.000 -9999.000 -9999.000 -9999.000 -9999.000 -9999.000 -9999.000 -9999.000 -9999.000 -9999.000 -9999.000 -9999.000 -9999.000 -9999.000 -9999.000 -9999.000 -9999.000 -9999.000 -9999.000 -9999.000 0.1170729 0.2563694 0.3593364 0.4439563 0.3732166 0.3264262 0.3216574 0.3787567 0.4391193 0.5047374 0.5599797 0.5997037
-9999.000 -9999.000 -9999.000 -9999.000 -9999.000 -9999.000 -9999.000 -9999.000 -9999.000 -9999.000 -9999.000 -9999.000 -9999.000 -9999.000 -9999.000 -9999.000 -9999.000 -9999.000 -9999.000 -9999.000 -9999.000 -9999.000 -9999.000 -9999.000 -9999.000 -9999.000 -9999.000 -9999.000 -9999.000 -9999.000 -9999.000 -9999.000 -9999.000 -9999.000 -9999.000 -9999.000 -9999.000 -9999.000 -9999.000 -9999.000 -9999.000 -9999.000 -9999.000 -9999.000 -9999.000 -9999.000 -9999.000 -9999.000 -9999.000 0.1360328 0.2361910 0.2954903 0.2703543 0.2335580 0.2487869 0.2803116 0.3426948 0.4056313 0.4592804
-9999.000 -9999.000 -9999.000 -9999.000 -9999.000 -9999.000 -9999.000 -9999.000 -9999.000 -9999.000 -9999.000 -9999.000 -9999.000 -9999.000 -9999.000 -9999.000 -9999.000 -9999.000 -9999.000 -9999.000 -9999.000 -9999.000 -9999.000 -9999.000 -9999.000 -9999.000 -9999.000 -9999.000 -9999.000 -9999.000 -9999.000 -9999.000 -9999.000 -9999.000 -9999.000 -9999.000 -9999.000 -9999.000 -9999.000 -9999.000 -9999.000 -9999.000 -9999.000 -9999.000 -9999.000 -9999.000 -9999.000 -9999.000 -9999.000 -9999.000 0.6585621E-01 0.1408117 0.1812257 0.1663099 0.1513646 0.1600037 0.1855278 0.2457097 0.2981076
-9999.000 -9999.000 -9999.000 -9999.000 -9999.000 -9999.000 -9999.000 -9999.000 -9999.000 -9999.000 -9999.000 -9999.000 -9999.000 -9999.000 -9999.000 -9999.000 -9999.000 -9999.000 -9999.000 -9999.000 -9999.000 -9999.000 -9999.000 -9999.000 -9999.000 -9999.000 -9999.000 -9999.000 -9999.000 -9999.000 -9999.000 -9999.000 -9999.000 -9999.000 -9999.000 -9999.000 -9999.000 -9999.000 -9999.000 -9999.000 -9999.000 -9999.000 -9999.000 -9999.000 -9999.000 -9999.000 -9999.000 -9999.000 -9999.000 -9999.000 -9999.000 -9999.000 0.8603659E-01 0.1016919 0.9815017E-01 0.9376446E-01 0.9859642E-01 0.1283229 0.1639212
-9999.000 -9999.000 -9999.000 -9999.000 -9999.000 -9999.000 -9999.000 -9999.000 -9999.000 -9999.000 -9999.000 -9999.000 -9999.000 -9999.000 -9999.000 -9999.000 -9999.000 -9999.000 -9999.000 -9999.000 -9999.000 -9999.000 -9999.000 -9999.000 -9999.000 -9999.000 -9999.000 -9999.000 -9999.000 -9999.000 -9999.000 -9999.000 -9999.000 -9999.000 -9999.000 -9999.000 -9999.000 -9999.000 -9999.000 -9999.000 -9999.000 -9999.000 -9999.000 -9999.000 -9999.000 -9999.000 -9999.000 -9999.000 -9999.000 -9999.000 -9999.000 -9999.000 -9999.000 0.5152523E-01 0.6487809E-01 0.6431159E-01 0.5981541E-01 0.7336004E-01 0.8900627E-01
