simulation_files/asc_files/Depth____95.0.asc
NCOLS       411
NROWS       131
XLLCENTER    2538020.000000
YLLCENTER    1152390.000000
CELLSIZE           1.000
NODATA_VALUE     -9999.0
[rows 27 to 53 of 131, columns 118 to 176 of 411]
-9999.000 1.325527 1.315013 1.311241 1.324056 1.353601 1.393378 1.432401 1.479432 1.520447 1.551814 1.560359 1.527415 1.485741 1.445481 1.413762 1.384357 1.358761 1.289859 1.063759 0.9320822 0.9567321 0.9732488 0.9951929 1.034855 1.073880 1.100867 1.069246 0.9749322 0.9402381 0.9392172 0.8381479 0.6689135 0.5565523 0.5152078 0.5343158 0.5553185 0.5736452 0.5939612 0.6206651 0.6490421 0.6704532 0.6934995 0.7181650 0.7410358 0.7654303 0.7933072 0.8173290 0.8416568 0.8746017 0.9067963 0.9415398 0.9716161 0.9942224 1.009039 1.017319 1.023162 1.020451 1.016407
1.337000 1.322931 1.309654 1.298044 1.300347 1.326752 1.367715 1.410973 1.457891 1.507658 1.547121 1.559478 1.537157 1.505066 1.467789 1.429265 1.390934 1.375429 1.303418 1.068221 0.9559159 0.9644748 0.9793688 1.002981 1.039822 1.079966 1.084219 1.032745 0.9670205 0.9203111 0.8088459 0.6673775 0.5701846 0.5619364 0.5823132 0.5987536 0.6237763 0.6450160 0.6688237 0.6927459 0.7107302 0.7288612 0.7444716 0.7564471 0.7734583 0.7930258 0.8166040 0.8373011 0.8633610 0.8944887 0.9253809 0.9522748 0.9760888 0.9928498 1.001836 1.007837 1.011644 1.012641 1.017775
1.331625 1.309825 1.292824 1.278462 1.275109 1.298515 1.336618 1.379467 1.428222 1.482534 1.531581 1.555275 1.549974 1.523139 1.491150 1.448636 1.400995 1.381610 1.344929 1.110837 1.029142 1.011944 1.007713 1.021395 1.054015 1.077970 1.039864 0.9707166 0.8905152 0.7977600 0.6648068 0.6068452 0.6031737 0.6159037 0.6412094 0.6604533 0.6841400 0.7016148 0.7155920 0.7301283 0.7452168 0.7549824 0.7632894 0.7742386 0.7863838 0.8044317 0.8222641 0.8459060 0.8783063 0.9062184 0.9355764 0.9625061 0.9832231 0.9922188 1.000168 1.007137 1.010030 1.014894 1.025728
1.326804 1.298507 1.276066 1.259820 1.253432 1.269101 1.304983 1.350667 1.407849 1.468303 1.518371 1.543021 1.541395 1.524282 1.499758 1.460728 1.399274 1.359603 1.277454 1.153550 1.110242 1.085195 1.060645 1.048797 1.060833 1.049281 0.9532418 0.8305691 0.7439253 0.6593748 0.6107675 0.6221836 0.6462711 0.6611162 0.6850631 0.7016598 0.7151827 0.7228276 0.7318885 0.7387567 0.7469508 0.7510935 0.7586444 0.7729701 0.7876591 0.8080962 0.8318445 0.8572859 0.8845491 0.9192366 0.9485685 0.9726065 0.9887838 1.000409 1.010378 1.016242 1.020416 1.027275 1.037643
1.319198 1.288882 1.265082 1.249759 1.242238 1.246281 1.270813 1.321097 1.387045 1.445105 1.490881 1.513399 1.514463 1.514048 1.506846 1.459822 1.384947 1.318998 1.211025 1.152726 1.126125 1.137440 1.128605 1.114800 1.081788 0.9812012 0.8416677 0.7217259 0.6473598 0.6243390 0.6319600 0.6499314 0.6688908 0.6850506 0.7016904 0.7053320 0.7136052 0.7127990 0.7160362 0.7192326 0.7271409 0.7347076 0.7486225 0.7673358 0.7907606 0.8139652 0.8440873 0.8727794 0.9019223 0.9346819 0.9646256 0.9849791 1.000219 1.015971 1.022513 1.024586 1.027973 1.032586 1.037015
1.308589 1.276392 1.251662 1.244432 1.239111 1.228077 1.240891 1.290289 1.354677 1.414163 1.459227 1.480558 1.479827 1.485337 1.494285 1.454099 1.361985 1.234776 1.127857 1.095678 1.119651 1.149624 1.167313 1.171941 1.090778 0.8907328 0.7393690 0.6729783 0.6443166 0.6439719 0.6508515 0.6553689 0.6624240 0.6669793 0.6748289 0.6739616 0.6796847 0.6843878 0.6858856 0.6920142 0.7020669 0.7164260 0.7415818 0.7683781 0.7949838 0.8306897 0.8631767 0.8959424 0.9296110 0.9628599 0.9831241 0.9955063 1.007319 1.018413 1.018833 1.016456 1.014690 1.010770 1.007632
1.269845 1.230297 1.208499 1.223577 1.240022 1.223689 1.212933 1.258901 1.324798 1.375511 1.413731 1.433136 1.433397 1.437076 1.449103 1.415517 1.301173 1.160745 1.092687 1.089748 1.114896 1.156454 1.179233 1.140679 1.019419 0.8420361 0.7507389 0.7146146 0.6827392 0.6598567 0.6440012 0.6342695 0.6310269 0.6307606 0.6298377 0.6285109 0.6352837 0.6453737 0.6530357 0.6690625 0.6871678 0.7186873 0.7469348 0.7785361 0.8112929 0.8454449 0.8850205 0.9225208 0.9510074 0.9773647 0.9902343 0.9956973 0.9995778 0.9974107 0.9913508 0.9793805 0.9686120 0.9583385 0.9485445
1.214710 1.165088 1.161764 1.199155 1.230235 1.224172 1.210531 1.234230 1.287553 1.335236 1.366678 1.379158 1.376587 1.380715 1.379113 1.312317 1.190688 1.103285 1.087103 1.110134 1.148503 1.168658 1.143330 1.030217 0.8999098 0.8241525 0.7815095 0.7571301 0.7265829 0.6874927 0.6484613 0.6209353 0.6092527 0.6011353 0.5975125 0.5965239 0.6099492 0.6226326 0.6376855 0.6647676 0.6915939 0.7192710 0.7570281 0.7923041 0.8275737 0.8614392 0.8957047 0.9318323 0.9516523 0.9678918 0.9696049 0.9699527 0.9769397 0.9617324 0.9386796 0.9211728 0.9065327 0.9000899 0.8852154
1.131295 1.081418 1.108976 1.163384 1.205116 1.211919 1.209809 1.224681 1.253792 1.290287 1.318907 1.326420 1.320854 1.319931 1.280752 1.183608 1.090361 1.065063 1.089133 1.132893 1.164657 1.130751 1.032304 0.8917265 0.8023015 0.7739452 0.7621197 0.7498091 0.7386935 0.7207497 0.7000079 0.6709363 0.6340274 0.6137182 0.5927765 0.5972480 0.6124802 0.6268682 0.6483925 0.6758353 0.7054757 0.7317866 0.7615067 0.7946296 0.8295048 0.8575103 0.8825284 0.8965404 0.9088173 0.9118891 0.9079475 0.9091698 0.9067971 0.8927536 0.8762360 0.8644411 0.8577223 0.8509876 0.8310836
1.085443 1.036711 1.062878 1.109509 1.154149 1.185851 1.208140 1.223263 1.235318 1.257983 1.275799 1.272005 1.263732 1.246510 1.149299 1.039220 1.008325 1.027945 1.070907 1.115381 1.102924 1.008094 0.8739243 0.7849247 0.7507705 0.7336727 0.7249456 0.7199351 0.7219742 0.7300993 0.7345396 0.7338867 0.7107623 0.6824894 0.6675175 0.6410998 0.6360482 0.6456849 0.6677652 0.6887775 0.7134221 0.7378843 0.7654009 0.7903741 0.8132177 0.8216980 0.8279771 0.8316627 0.8291007 0.8272685 0.8260192 0.8289085 0.8219323 0.8110679 0.8074089 0.8064706 0.8151225 0.8067637 0.7797202
1.048001 1.022494 1.039506 1.065681 1.094790 1.129792 1.178922 1.225441 1.232397 1.230341 1.232167 1.224731 1.209278 1.149025 1.034941 0.9601766 0.9568838 0.9839900 1.015970 1.022606 0.9508436 0.8354264 0.7690622 0.7324383 0.7128963 0.7073505 0.7051882 0.7039512 0.7131891 0.7283085 0.7452513 0.7651663 0.7808211 0.7989490 0.7856356 0.7419162 0.7215263 0.6989915 0.7041217 0.7113847 0.7229063 0.7397259 0.7536501 0.7607990 0.7620555 0.7596606 0.7585986 0.7587835 0.7509258 0.7413168 0.7453876 0.7445669 0.7358036 0.7282184 0.7272337 0.7349592 0.7389316 0.7231410 0.6976271
1.047137 1.032488 1.032194 1.038659 1.057330 1.099141 1.166959 1.230223 1.244043 1.217925 1.192518 1.173411 1.127992 1.000909 0.9040450 0.8940670 0.9083394 0.9268710 0.9178442 0.8670372 0.7524306 0.7024782 0.6976862 0.6976427 0.6973996 0.7046355 0.7119850 0.7193151 0.7293250 0.7432567 0.7572592 0.7793807 0.8080632 0.8297097 0.8435241 0.8624679 0.8568982 0.8226690 0.7905133 0.7527095 0.7328728 0.7311729 0.7289743 0.7180621 0.7011182 0.6906743 0.6907350 0.6939896 0.6871531 0.6773144 0.6709023 0.6588252 0.6421608 0.6385509 0.6350237 0.6382127 0.6232887 0.5850410 0.5420956
1.064128 1.062778 1.052958 1.042303 1.055234 1.100235 1.173972 1.246393 1.256035 1.207821 1.155905 1.109417 1.011573 0.8856700 0.8438306 0.8481134 0.8553577 0.8407220 0.7976837 0.7279275 0.6457344 0.6508889 0.6654698 0.6781237 0.6927793 0.7155552 0.7335572 0.7500389 0.7628351 0.7708707 0.7812437 0.7909058 0.7943518 0.8103552 0.8335073 0.8709651 0.9018198 0.9153157 0.8881949 0.8411014 0.7863241 0.7254629 0.6961533 0.6760387 0.6563719 0.6424949 0.6435729 0.6408517 0.6330886 0.6231571 0.6040295 0.5784937 0.5584193 0.5388403 0.5292097 0.5085979 0.4580417 0.3926150 0.3175295
1.076825 1.097673 1.100119 1.092229 1.090436 1.107454 1.154521 1.217971 1.247291 1.190500 1.105835 0.9873123 0.8503628 0.7886231 0.7845404 0.7931734 0.7795274 0.7433797 0.6759413 0.6384249 0.6199951 0.6382243 0.6554208 0.6706127 0.6919122 0.7232550 0.7484307 0.7664329 0.7803455 0.7909153 0.7922034 0.7931129 0.7848643 0.7827235 0.7806950 0.8049037 0.8345867 0.8688950 0.9078959 0.9099887 0.8828339 0.8130069 0.7327805 0.6754634 0.6413193 0.6241145 0.6162705 0.6050912 0.5893571 0.5678964 0.5335057 0.4948808 0.4597607 0.4280722 0.3979899 0.3411537 0.2596040 0.1773025 0.1128258
1.103734 1.125726 1.131813 1.129028 1.115648 1.110397 1.128193 1.168502 1.198419 1.170997 1.054203 0.8721153 0.7621038 0.7429258 0.7417233 0.7248769 0.6843324 0.6318252 0.6041650 0.6013120 0.6184051 0.6376368 0.6520133 0.6673880 0.6853343 0.7114978 0.7308577 0.7444929 0.7524552 0.7605546 0.7660402 0.7681633 0.7665371 0.7621286 0.7503395 0.7415218 0.7604138 0.7993668 0.8502849 0.8927412 0.9097452 0.8891463 0.8205742 0.7512894 0.6858845 0.6360440 0.6042153 0.5846596 0.5598265 0.5274538 0.4785277 0.4371201 0.3882901 0.3485196 0.2800922 0.1838030 0.1032384 0.5137444E-01 0.2236006E-01
1.116605 1.127771 1.124850 1.121444 1.114011 1.102008 1.099047 1.118690 1.140596 1.094401 0.9363014 0.7874738 0.7393059 0.7302265 0.7053196 0.6519596 0.5941165 0.5683777 0.5780292 0.5911085 0.6068404 0.6243940 0.6397090 0.6517627 0.6596511 0.6697407 0.6764851 0.6830684 0.6874194 0.6997538 0.7149983 0.7289298 0.7439208 0.7557857 0.7582584 0.7490868 0.7335091 0.7356286 0.7656828 0.8066000 0.8363150 0.8432701 0.8291094 0.8078790 0.7473753 0.6862595 0.6093253 0.5296772 0.4731036 0.4255603 0.3879530 0.3526528 0.3003900 0.2306176 0.1451176 0.7928192E-01 0.4252634E-01 -9999.000 -9999.000
1.096037 1.097517 1.091399 1.085691 1.083814 1.091553 1.095430 1.094234 1.095213 1.003435 0.8331412 0.7389432 0.7370236 0.7200056 0.6732088 0.6133501 0.5762892 0.5637565 0.5687177 0.5768410 0.5811098 0.5882554 0.5994704 0.6056531 0.6069306 0.6138686 0.6198558 0.6246944 0.6322953 0.6454679 0.6712256 0.6983008 0.7274126 0.7498369 0.7652798 0.7767594 0.7814419 0.7453348 0.6943484 0.7104033 0.7215572 0.7168775 0.7401014 0.7355054 0.7416492 0.6853783 0.6058758 0.4839387 0.3828843 0.3167146 0.2823629 0.2390406 0.1689740 0.1029185 -9999.000 -9999.000 -9999.000 -9999.000 -9999.000
1.052738 1.047420 1.044117 1.043545 1.044631 1.059104 1.085829 1.106667 1.070446 0.9062985 0.7540458 0.7203175 0.7149388 0.6824257 0.6338764 0.5976235 0.5782972 0.5710661 0.5636898 0.5611001 0.5528247 0.5446760 0.5409118 0.5459904 0.5545191 0.5659553 0.5792864 0.5923745 0.6000632 0.6138213 0.6327506 0.6582485 0.6819664 0.7104346 0.7378576 0.7522133 0.7877384 0.8112020 0.7309904 0.5989410 0.5765027 0.5486459 0.5666311 0.5965808 0.6021193 0.5846233 0.5309280 0.4512370 0.3474683 0.2518144 0.1904844 0.1331466 0.8362904E-01 -9999.000 -9999.000 -9999.000 -9999.000 -9999.000 -9999.000
1.007338 0.9977806 0.9955023 1.007666 1.018009 1.036565 1.073137 1.115044 1.066029 0.8409597 0.6969440 0.6804360 0.6576705 0.6202334 0.5893510 0.5777507 0.5729174 0.5669482 0.5551144 0.5380567 0.5246571 0.5122458 0.5117476 0.5184060 0.5261124 0.5365963 0.5455168 0.5570527 0.5711203 0.5822004 0.5916210 0.5941918 0.6006080 0.6230103 0.6557517 0.6774913 0.6935068 0.7206564 0.7427406 0.5808841 0.4269956 0.3896344 0.3968326 0.4108106 0.4367094 0.4419211 0.3935976 0.3646016 0.2949411 0.1968945 0.1277548 0.7420586E-01 -9999.000 -9999.000 -9999.000 -9999.000 -9999.000 -9999.000 -9999.000
0.9656868 0.9614177 0.9587249 0.9652448 0.9912287 1.015880 1.042045 1.085022 1.053825 0.8341213 0.6756581 0.6143829 0.5644955 0.5353180 0.5294098 0.5314445 0.5388332 0.5411254 0.5316048 0.5156783 0.5039195 0.4956341 0.4996061 0.5092085 0.5150239 0.5153141 0.5117005 0.5100229 0.5056617 0.5194262 0.5287204 0.4789370 0.4672789 0.4625900 0.4270030 0.4550284 0.4825086 0.4912125 0.5439411 0.4736992 0.3117517 0.2573930 0.2453353 0.2337936 0.2399513 0.2592088 0.2758929 0.2419183 0.2082678 0.1602237 0.1222912 0.5445735E-01 -9999.000 -9999.000 -9999.000 -9999.000 -9999.000 -9999.000 -9999.000
0.9185336 0.9274347 0.9295480 0.9355006 0.9566276 0.9864856 1.018707 1.034690 0.9771092 0.8157869 0.6594181 0.5750783 0.5159772 0.4879069 0.4814743 0.4871612 0.4999395 0.5049068 0.4966476 0.4845697 0.4812631 0.4804446 0.4832952 0.4913896 0.4892017 0.4844775 0.4649161 0.4262601 0.3921073 0.3544109 0.3367801 0.2713880 0.2361727 0.2181275 0.2133227 0.2010105 0.1998713 0.2459768 0.2582668 0.2520123 0.1945555 0.1441755 0.1134626 0.9346712E-01 0.9567010E-01 0.1234774 0.1689918 0.1861201 -9999.000 -9999.000 -9999.000 -9999.000 -9999.000 -9999.000 -9999.000 -9999.000 -9999.000 -9999.000 -9999.000
0.8732434 0.8967902 0.9012369 0.9046260 0.9172154 0.9414463 0.9728899 0.9899403 0.9111344 0.7561667 0.6443101 0.5747750 0.5159341 0.4856288 0.4794688 0.4769879 0.4730533 0.4682263 0.4575761 0.4441216 0.4393564 0.4345962 0.4203695 0.4208668 0.3919975 0.3530064 0.3320834 0.2992800 0.2667652 0.2313831 0.1869938 0.1140880 -9999.000 -9999.000 -9999.000 -9999.000 -9999.000 -9999.000 -9999.000 -9999.000 0.7051406E-01 0.5183848E-01 0.3427819E-01 0.2328234E-01 0.3595548E-01 -9999.000 -9999.000 -9999.000 -9999.000 -9999.000 -9999.000 -9999.000 -9999.000 -9999.000 -9999.000 -9999.000 -9999.000 -9999.000 -9999.000
0.8231085 0.8474590 0.8623663 0.8674965 0.8740294 0.8866671 0.9083968 0.9293892 0.8317633 0.6483167 0.5909726 0.5722506 0.5432573 0.5193686 0.5111492 0.4978557 0.4687908 0.4288950 0.3992199 0.3810336 0.3307743 0.3182340 0.2533597 0.2044617 0.1762570 -9999.000 -9999.000 -9999.000 -9999.000 -9999.000 -9999.000 -9999.000 -9999.000 -9999.000 -9999.000 -9999.000 -9999.000 -9999.000 -9999.000 -9999.000 -9999.000 -9999.000 -9999.000 -9999.000 -9999.000 -9999.000 -9999.000 -9999.000 -9999.000 -9999.000 -9999.000 -9999.000 -9999.000 -9999.000 -9999.000 -9999.000 -9999.000 -9999.000 -9999.000
0.7647076 0.7791730 0.8023236 0.8180720 0.8232061 0.8281165 0.8277981 0.8445702 0.7151427 0.5319083 0.5003533 0.5201030 0.5391140 0.5280060 0.5206920 0.5087684 0.4444880 0.3651955 0.2946022 0.2305448 0.1753780 0.1166045 0.9642698E-01 -9999.000 -9999.000 -9999.000 -9999.000 -9999.000 -9999.000 -9999.000 -9999.000 -9999.000 -9999.000 -9999.000 -9999.000 -9999.000 -9999.000 -9999.000 -9999.000 -9999.000 -9999.000 -9999.000 -9999.000 -9999.000 -9999.000 -9999.000 -9999.000 -9999.000 -9999.000 -9999.000 -9999.000 -9999.000 -9999.000 -9999.000 -9999.000 -9999.000 -9999.000 -9999.000 -9999.000
0.6941681 0.6844744 0.7117604 0.7339966 0.7485278 0.7543081 0.7435327 0.7211803 0.5997711 0.4648642 0.3941343 0.4181803 0.4692484 0.4706419 0.4469478 0.3948234 0.3196935 0.2453435 -9999.000 -9999.000 -9999.000 -9999.000 -9999.000 -9999.000 -9999.000 -9999.000 -9999.000 -9999.000 -9999.000 -9999.000 -9999.000 -9999.000 -9999.000 -9999.000 -9999.000 -9999.000 -9999.000 -9999.000 -9999.000 -9999.000 -9999.000 -9999.000 -9999.000 -9999.000 -9999.000 -9999.000 -9999.000 -9999.000 -9999.000 -9999.000 -9999.000 -9999.000 -9999.000 -9999.000 -9999.000 -9999.000 -9999.000 -9999.000 -9999.000
0.6227446 0.6180838 0.6264905 0.6464133 0.6627000 0.6670020 0.6429184 0.5748535 0.4684097 0.3632617 0.2947715 0.3052272 0.3302546 0.3001691 0.2405900 0.1742207 -9999.000 -9999.000 -9999.000 -9999.000 -9999.000 -9999.000 -9999.000 -9999.000 -9999.000 -9999.000 -9999.000 -9999.000 -9999.000 -9999.000 -9999.000 -9999.000 -9999.000 -9999.000 -9999.000 -9999.000 -9999.000 -9999.000 -9999.000 -9999.000 -9999.000 -9999.000 -9999.000 -9999.000 -9999.000 -9999.000 -9999.000 -9999.000 -9999.000 -9999.000 -9999.000 -9999.000 -9999.000 -9999.000 -9999.000 -9999.000 -9999.000 -9999.000 -9999.000
0.5437800 0.5586861 0.5629905 0.5735239 0.5735990 0.5598799 0.5119842 0.4163515 0.3058583 0.2191042 0.1689997 0.1657539 0.1518037 0.1276704 0.7140105E-01 -9999.000 -9999.000 -9999.000 -9999.000 -9999.000 -9999.000 -9999.000 -9999.000 -9999.000 -9999.000 -9999.000 -9999.000 -9999.000 -9999.000 -9999.000 -9999.000 -9999.000 -9999.000 -9999.000 -9999.000 -9999.000 -9999.000 -9999.000 -9999.000 -9999.000 -9999.000 -9999.000 -9999.000 -9999.000 -9999.000 -9999.000 -9999.000 -9999.000 -9999.000 -9999.000 -9999.000 -9999.000 -9999.000 -9999.000 -9999.000 -9999.000 -9999.000 -9999.000 -9999.000
