simulation_files/asc_files/Depth____128.0.asc
NCOLS       411
NROWS       131
XLLCENTER    2538020.000000
YLLCENTER    1152390.000000
CELLSIZE           1.000
NODATA_VALUE     -9999.0
[rows 54 to 80 of 131, columns 0 to 58 of 411]
-9999.000 -9999.000 -9999.000 -9999.000 -9999.000 -9999.000 -9999.000 -9999.000 -9999.000 -9999.000 -9999.000 -9999.000 0.3538729 0.3744805 0.4027272 0.4328698 0.4513691 0.4614001 0.4634975 0.4676599 0.4745219 0.4849163 0.5049412 0.5268960 0.5527639 0.5864187 0.6245172 0.6741241 0.7314800 0.8155186 0.9039318 0.9468605 0.9876144 0.9841033 0.8640372 0.7021158 0.6826215 0.7001703 0.7124770 0.7086891 0.6972656 0.6797176 0.6707787 0.6700791 0.6746456 0.6834259 0.6933304 0.7019633 0.7024513 0.6949117 0.6822581 0.6647737 0.6419682 0.6138491 0.5846149 0.5604012 0.5433985 0.5319494 0.5279869
-9999.000 -9999.000 -9999.000 -9999.000 -9999.000 -9999.000 -9999.000 -9999.000 -9999.000 -9999.000 -9999.000 -9999.000 0.3500840 0.3650490 0.3781923 0.3921587 0.4135389 0.4276356 0.4409350 0.4536010 0.4736193 0.4986114 0.5228830 0.5421764 0.5633371 0.5909560 0.6215533 0.6608793 0.7103778 0.7784707 0.8347136 0.8812471 0.9620806 1.022294 1.001412 0.8249975 0.7016964 0.6930701 0.6980843 0.6913390 0.6724948 0.6612513 0.6560846 0.6592004 0.6688925 0.6786550 0.6881417 0.6919174 0.6832227 0.6604159 0.6276986 0.5921520 0.5598461 0.5336297 0.5169938 0.5078401 0.5041631 0.5047029 0.5120788
-9999.000 -9999.000 -9999.000 -9999.000 -9999.000 -9999.000 -9999.000 -9999.000 -9999.000 -9999.000 -9999.000 -9999.000 0.3404598 0.3415245 0.3440484 0.3524970 0.3747123 0.4012820 0.4325319 0.4592975 0.4889621 0.5163094 0.5348906 0.5522024 0.5691638 0.5909143 0.6148039 0.6468400 0.6855894 0.7314315 0.7761897 0.8244181 0.9034623 1.023923 1.042793 0.9645042 0.7721274 0.6965545 0.6767626 0.6685149 0.6546391 0.6489997 0.6462533 0.6509342 0.6593703 0.6674638 0.6657897 0.6534868 0.6269885 0.5852270 0.5400530 0.5028405 0.4807055 0.4730048 0.4780999 0.4857683 0.4937400 0.5057256 0.5253757
-9999.000 -9999.000 -9999.000 -9999.000 -9999.000 -9999.000 -9999.000 -9999.000 -9999.000 -9999.000 -9999.000 0.3310248 0.3247296 0.3228294 0.3255791 0.3367968 0.3583033 0.3962877 0.4332898 0.4775039 0.5019202 0.5204236 0.5365485 0.5523699 0.5732795 0.5875073 0.6068192 0.6325877 0.6689992 0.7057237 0.7403649 0.7822872 0.8804103 0.9983445 1.040725 1.032876 0.8873224 0.6973907 0.6591231 0.6462884 0.6397167 0.6395073 0.6399654 0.6430341 0.6466343 0.6408738 0.6237542 0.5806961 0.5345906 0.4937036 0.4669861 0.4541614 0.4527927 0.4633429 0.4802591 0.4946778 0.5104938 0.5337740 0.5625704
-9999.000 -9999.000 -9999.000 -9999.000 -9999.000 -9999.000 -9999.000 -9999.000 -9999.000 -9999.000 -9999.000 0.3095414 0.3105490 0.3149743 0.3238320 0.3379721 0.3579153 0.4005857 0.4421006 0.4796637 0.4981115 0.5136091 0.5293204 0.5448400 0.5627794 0.5797783 0.5954402 0.6207246 0.6537267 0.6858570 0.7104277 0.7540310 0.8363748 0.9567658 1.017433 1.046250 1.000352 0.7827678 0.6559220 0.6352638 0.6306444 0.6318230 0.6341722 0.6330135 0.6219091 0.5853586 0.5336845 0.4818599 0.4505563 0.4383385 0.4367732 0.4492293 0.4661543 0.4891420 0.5075321 0.5253046 0.5479464 0.5758785 0.6051884
-9999.000 -9999.000 -9999.000 -9999.000 -9999.000 -9999.000 -9999.000 -9999.000 -9999.000 -9999.000 -9999.000 0.2871301 0.3017922 0.3122382 0.3265545 0.3449035 0.3686417 0.4007480 0.4316341 0.4583367 0.4792947 0.4962254 0.5105704 0.5277614 0.5474465 0.5676429 0.5926205 0.6159304 0.6445058 0.6755713 0.6989863 0.7345929 0.8038328 0.9022065 0.9701944 1.028158 1.030381 0.8781743 0.6922068 0.6302092 0.6260137 0.6252840 0.6171099 0.5998460 0.5534858 0.4876839 0.4414762 0.4053890 0.4083890 0.4184475 0.4360014 0.4583396 0.4778614 0.5023677 0.5194808 0.5436214 0.5714456 0.6019294 0.6323785
-9999.000 -9999.000 -9999.000 -9999.000 -9999.000 -9999.000 -9999.000 -9999.000 -9999.000 -9999.000 0.2437745 0.2598327 0.2892488 0.3131938 0.3325905 0.3512640 0.3696780 0.3913492 0.4118154 0.4295928 0.4459055 0.4599061 0.4791035 0.5020739 0.5295094 0.5574102 0.5915463 0.6212406 0.6454081 0.6691637 0.6900873 0.7211607 0.7813111 0.8577843 0.9209724 0.9887482 1.037576 0.9828213 0.7302244 0.6350749 0.6158245 0.5973837 0.5599342 0.5081030 0.4435528 0.3964308 0.3818839 0.3816921 0.3978315 0.4202794 0.4450929 0.4620804 0.4775926 0.4960073 0.5179068 0.5445175 0.5759358 0.6103584 0.6494539
-9999.000 -9999.000 -9999.000 -9999.000 -9999.000 -9999.000 -9999.000 -9999.000 -9999.000 -9999.000 0.2182872 0.2368085 0.2671994 0.3091043 0.3341866 0.3504910 0.3592841 0.3675608 0.3741565 0.3858806 0.3993911 0.4202507 0.4476339 0.4793424 0.5134887 0.5490683 0.5845091 0.6236195 0.6464478 0.6629374 0.6786426 0.7099212 0.7589544 0.8284766 0.8677629 0.9356037 1.002535 1.002334 0.7874656 0.6155984 0.5762093 0.5222013 0.4588861 0.3938652 0.3673974 0.3579486 0.3581696 0.3795046 0.4007381 0.4195979 0.4379393 0.4512859 0.4706927 0.4915215 0.5165787 0.5473125 0.5858051 0.6230473 0.6662184
-9999.000 -9999.000 -9999.000 -9999.000 -9999.000 -9999.000 -9999.000 -9999.000 -9999.000 -9999.000 0.2108492 0.2202935 0.2491249 0.2890447 0.3239164 0.3407913 0.3449210 0.3426707 0.3425995 0.3481278 0.3602402 0.3812485 0.4137808 0.4474875 0.4979531 0.5347465 0.5798566 0.6183720 0.6399517 0.6514085 0.6672559 0.7081648 0.7405462 0.7837693 0.8197102 0.8779088 0.9437317 0.9691735 0.7737309 0.5808156 0.5049121 0.4375382 0.3904978 0.3606076 0.3452984 0.3509836 0.3661480 0.3837736 0.3997972 0.4165266 0.4302120 0.4479737 0.4725782 0.4980744 0.5326477 0.5625761 0.6025667 0.6416074 0.6723988
-9999.000 -9999.000 -9999.000 -9999.000 -9999.000 -9999.000 -9999.000 -9999.000 -9999.000 -9999.000 0.2190597 0.2171549 0.2352789 0.2650547 0.3016830 0.3297159 0.3341505 0.3299920 0.3278340 0.3295513 0.3383886 0.3608171 0.3917527 0.4234256 0.4720307 0.5099739 0.5605587 0.5980325 0.6252204 0.6417128 0.6644593 0.6988909 0.7202994 0.7513950 0.7752611 0.8268279 0.8852179 0.9125067 0.7017862 0.4757213 0.4109247 0.3694626 0.3515903 0.3478137 0.3555924 0.3708364 0.3861999 0.4013703 0.4121361 0.4297050 0.4396223 0.4649000 0.4973603 0.5284467 0.5601328 0.5870858 0.6193959 0.6391643 0.6526865
-9999.000 -9999.000 -9999.000 -9999.000 -9999.000 -9999.000 -9999.000 -9999.000 -9999.000 0.2375354 0.2280131 0.2113346 0.2216871 0.2429416 0.2778473 0.3155706 0.3299399 0.3302240 0.3296344 0.3296812 0.3314905 0.3524075 0.3817589 0.4123790 0.4465880 0.4872812 0.5207742 0.5717452 0.6045229 0.6294943 0.6526855 0.6898694 0.7031829 0.7221296 0.7424835 0.7799763 0.8266214 0.8057505 0.6043318 0.4199459 0.3621718 0.3535246 0.3592334 0.3718644 0.3897620 0.4090057 0.4228178 0.4361757 0.4454881 0.4618440 0.4799771 0.5031111 0.5365837 0.5578785 0.5824955 0.5988197 0.6140722 0.6143050 0.6148089
-9999.000 -9999.000 -9999.000 -9999.000 -9999.000 -9999.000 -9999.000 -9999.000 -9999.000 0.2469829 0.2376432 0.2198797 0.2212302 0.2351241 0.2636071 0.2965891 0.3208912 0.3315225 0.3358856 0.3394972 0.3462901 0.3625078 0.3815289 0.4042761 0.4331417 0.4587806 0.4894450 0.5280720 0.5769759 0.6142519 0.6399226 0.6731399 0.6878343 0.7009821 0.7184114 0.7457611 0.7748600 0.6917599 0.4920502 0.3696833 0.3620914 0.3736716 0.3908164 0.4151314 0.4332189 0.4501427 0.4622193 0.4746758 0.4825981 0.4979082 0.5160796 0.5335672 0.5545990 0.5669853 0.5779908 0.5848142 0.5848943 0.5773970 0.5678459
-9999.000 -9999.000 -9999.000 -9999.000 -9999.000 -9999.000 -9999.000 -9999.000 -9999.000 0.2771394 0.2650427 0.2472170 0.2468779 0.2506344 0.2616772 0.2783258 0.3009102 0.3237612 0.3395263 0.3508604 0.3642483 0.3789954 0.3940192 0.4093972 0.4241907 0.4393042 0.4612402 0.4963299 0.5481305 0.5935657 0.6249195 0.6553880 0.6732493 0.6829718 0.6943123 0.7042677 0.7097110 0.5765997 0.4014094 0.3565636 0.3746972 0.4000054 0.4267741 0.4536984 0.4701152 0.4823427 0.4865664 0.4935700 0.5017136 0.5141054 0.5295478 0.5425042 0.5547143 0.5582641 0.5575503 0.5542634 0.5473212 0.5393913 0.5254565
-9999.000 -9999.000 -9999.000 -9999.000 -9999.000 -9999.000 -9999.000 -9999.000 -9999.000 0.2993271 0.2861153 0.2752785 0.2720443 0.2742332 0.2679348 0.2738355 0.2914216 0.3150584 0.3381497 0.3579896 0.3757171 0.3927982 0.4046566 0.4145972 0.4205963 0.4277818 0.4431525 0.4665246 0.5204198 0.5620340 0.6020661 0.6335730 0.6568502 0.6685704 0.6725238 0.6700764 0.6174570 0.4615213 0.3649586 0.3721134 0.3970023 0.4305410 0.4613561 0.4846663 0.4915348 0.4944062 0.4934624 0.4972428 0.5066290 0.5164555 0.5260329 0.5333050 0.5388435 0.5338480 0.5287151 0.5224343 0.5185179 0.5117767 0.5094428
-9999.000 -9999.000 -9999.000 -9999.000 -9999.000 -9999.000 -9999.000 -9999.000 0.3091847 0.2921150 0.2838214 0.2766817 0.2726009 0.2719297 0.2712413 0.2768702 0.2932587 0.3126951 0.3396176 0.3551352 0.3732285 0.3964372 0.4075534 0.4147125 0.4172616 0.4210091 0.4305490 0.4445755 0.4827645 0.5294795 0.5759018 0.6190350 0.6463076 0.6629278 0.6605871 0.6269940 0.5086201 0.4049712 0.3805545 0.4073407 0.4451313 0.4714272 0.4916197 0.4984393 0.4934740 0.4900040 0.4914203 0.4969819 0.5045450 0.5135927 0.5156374 0.5165368 0.5145232 0.5092785 0.5052710 0.5043200 0.5060003 0.5085987 0.5159427
-9999.000 -9999.000 -9999.000 -9999.000 -9999.000 -9999.000 -9999.000 -9999.000 0.3270603 0.2992013 0.2684476 0.2614775 0.2573405 0.2563228 0.2604396 0.2715989 0.2878590 0.3091820 0.3354729 0.3496557 0.3627545 0.3812664 0.3944365 0.4015475 0.4092306 0.4179138 0.4252444 0.4372189 0.4588831 0.5056141 0.5544842 0.6059663 0.6391125 0.6612302 0.6497096 0.5768084 0.4601367 0.4085802 0.4234600 0.4589670 0.4953437 0.5056379 0.5095166 0.5011643 0.4926299 0.4866513 0.4866227 0.4910122 0.4956768 0.4985149 0.4983074 0.4967737 0.4955315 0.4941986 0.4990016 0.5050873 0.5101060 0.5202980 0.5329698
-9999.000 -9999.000 -9999.000 -9999.000 -9999.000 -9999.000 -9999.000 -9999.000 0.3794295 0.3379945 0.2693696 0.2540107 0.2430146 0.2415021 0.2471772 0.2567591 0.2765722 0.3010315 0.3200886 0.3325611 0.3433591 0.3591101 0.3694221 0.3779183 0.3895547 0.4031705 0.4153951 0.4310227 0.4544012 0.4906329 0.5428435 0.5878436 0.6232488 0.6454785 0.6257847 0.5292263 0.4582846 0.4685961 0.4983074 0.5146824 0.5245725 0.5168427 0.5080773 0.4966045 0.4899407 0.4820047 0.4771525 0.4790645 0.4815048 0.4824963 0.4837686 0.4850930 0.4916250 0.4975936 0.5070969 0.5150159 0.5260276 0.5376876 0.5526054
-9999.000 -9999.000 -9999.000 -9999.000 -9999.000 -9999.000 -9999.000 -9999.000 0.3441515 0.3262710 0.3019422 0.2521532 0.2384307 0.2328670 0.2355789 0.2466665 0.2669780 0.2917249 0.3085339 0.3178331 0.3253269 0.3348433 0.3446194 0.3558726 0.3668379 0.3784432 0.3942973 0.4155408 0.4420035 0.4725529 0.5087198 0.5508636 0.5944983 0.6183577 0.6033169 0.5342070 0.5062166 0.5383795 0.5516823 0.5465616 0.5323534 0.5155880 0.4995450 0.4904676 0.4824545 0.4761499 0.4736389 0.4785783 0.4826151 0.4868471 0.4919540 0.4970532 0.5070043 0.5159290 0.5255190 0.5326601 0.5458234 0.5532806 0.5645290
-9999.000 -9999.000 -9999.000 -9999.000 -9999.000 -9999.000 -9999.000 0.1880672 0.1830221 0.2387718 0.2631780 0.2492282 0.2230862 0.2229290 0.2238053 0.2387252 0.2614083 0.2873134 0.2996086 0.3068631 0.3119404 0.3197866 0.3280355 0.3349916 0.3430919 0.3520956 0.3640301 0.3868819 0.4217004 0.4618337 0.4892040 0.5226326 0.5618362 0.6083333 0.6109692 0.5489369 0.5511892 0.5665755 0.5611709 0.5479321 0.5297159 0.5126575 0.4973753 0.4865621 0.4805238 0.4841004 0.4914014 0.5021789 0.5124360 0.5172556 0.5325277 0.5408035 0.5504052 0.5628296 0.5706743 0.5695171 0.5770662 0.5800992 0.5794621
-9999.000 -9999.000 -9999.000 -9999.000 -9999.000 -9999.000 -9999.000 0.9646021E-01 0.1300162 0.1474481 0.1921225 0.2098463 0.1990903 0.2008614 0.2136636 0.2388741 0.2624461 0.2808872 0.2923063 0.2987661 0.3030805 0.3076640 0.3136846 0.3191954 0.3246296 0.3312274 0.3451624 0.3724553 0.4118166 0.4431458 0.4745471 0.5112948 0.5523518 0.6072230 0.6318034 0.5816741 0.5666671 0.5587451 0.5433143 0.5312498 0.5206189 0.5092985 0.4950220 0.4889571 0.4911418 0.5035501 0.5189182 0.5372982 0.5510457 0.5701035 0.5860135 0.5975576 0.6131218 0.6235885 0.6314204 0.6392008 0.6409771 0.6430880 0.6412367
-9999.000 -9999.000 -9999.000 -9999.000 -9999.000 -9999.000 -9999.000 0.6953818E-01 0.9373602E-01 0.1071856 0.1222887 0.1592543 0.1706183 0.1904139 0.2133336 0.2405553 0.2645847 0.2783684 0.2866963 0.2926147 0.2963577 0.3003909 0.3074147 0.3122768 0.3174494 0.3247805 0.3380473 0.3661649 0.4054475 0.4435126 0.4794770 0.5222790 0.5714827 0.6134765 0.6317367 0.5872449 0.5557782 0.5350352 0.5241676 0.5185097 0.5142815 0.5061062 0.4979734 0.4995596 0.5107275 0.5301361 0.5492963 0.5672134 0.5844367 0.6021573 0.6213329 0.6351733 0.6510838 0.6613490 0.6672826 0.6696392 0.6710533 0.6796550 0.6890922
-9999.000 -9999.000 -9999.000 -9999.000 -9999.000 -9999.000 -9999.000 0.6167855E-01 0.7552170E-01 0.9129857E-01 0.1085888 0.1354653 0.1665709 0.1936858 0.2225963 0.2492998 0.2648411 0.2735693 0.2777344 0.2830660 0.2871514 0.2954434 0.3034445 0.3090341 0.3159181 0.3276022 0.3470790 0.3742158 0.4119007 0.4586206 0.5116626 0.5545112 0.5906400 0.6140737 0.6112512 0.5616951 0.5316612 0.5174155 0.5163285 0.5184386 0.5140914 0.5081140 0.5080868 0.5189761 0.5355307 0.5560939 0.5726965 0.5915966 0.6081282 0.6265911 0.6410375 0.6524359 0.6679699 0.6741706 0.6737067 0.6686187 0.6666570 0.6814133 0.7032801
-9999.000 -9999.000 -9999.000 -9999.000 -9999.000 -9999.000 0.6285049E-01 0.7027953E-01 0.8504161E-01 0.1009662 0.1189350 0.1433154 0.1727643 0.1997430 0.2268593 0.2516063 0.2626692 0.2705763 0.2749238 0.2778789 0.2828795 0.2899918 0.2999871 0.3073347 0.3192635 0.3344208 0.3548813 0.3839226 0.4245769 0.4733510 0.5431046 0.5815067 0.5941720 0.6056519 0.5879676 0.5390235 0.5122475 0.5077442 0.5136501 0.5179840 0.5160038 0.5145452 0.5235197 0.5415552 0.5625007 0.5770092 0.5936492 0.6064302 0.6193751 0.6364965 0.6493754 0.6592610 0.6681512 0.6719398 0.6692604 0.6649932 0.6722985 0.6941512 0.7255114
-9999.000 -9999.000 -9999.000 -9999.000 -9999.000 -9999.000 0.8292320E-01 0.9101993E-01 0.1054140 0.1201741 0.1377347 0.1565916 0.1799386 0.2046335 0.2289715 0.2500770 0.2653336 0.2746837 0.2790434 0.2837915 0.2883212 0.2948091 0.2996575 0.3096664 0.3253108 0.3455632 0.3751967 0.4173499 0.4506116 0.4872249 0.5347466 0.5550546 0.5664852 0.5868002 0.5546887 0.5132306 0.4992448 0.5021764 0.5096773 0.5117737 0.5128720 0.5207538 0.5394519 0.5650913 0.5817283 0.5937254 0.6042832 0.6158374 0.6252640 0.6369966 0.6454570 0.6531170 0.6574489 0.6605899 0.6618131 0.6659754 0.6829492 0.7262438 0.7596938
-9999.000 -9999.000 -9999.000 -9999.000 -9999.000 -9999.000 0.1329353 0.1355382 0.1432764 0.1583380 0.1742864 0.1904907 0.2134894 0.2315019 0.2482501 0.2669435 0.2809233 0.2912395 0.2965466 0.2997331 0.3045702 0.3114364 0.3174529 0.3281541 0.3455582 0.3729625 0.4071290 0.4381751 0.4586791 0.4822494 0.5023817 0.5086252 0.5263808 0.5507271 0.5286049 0.4962127 0.4925988 0.4986286 0.5038247 0.5038237 0.5093063 0.5240001 0.5491604 0.5729552 0.5886160 0.5963116 0.6027903 0.6138036 0.6208486 0.6283835 0.6348921 0.6419543 0.6469915 0.6481219 0.6525033 0.6657125 0.6936487 0.7348463 0.7772915
-9999.000 -9999.000 -9999.000 -9999.000 -9999.000 -9999.000 0.1924977 0.1957545 0.2065071 0.2204998 0.2381872 0.2517563 0.2667116 0.2820086 0.2967082 0.3085062 0.3190628 0.3230196 0.3261471 0.3260445 0.3309454 0.3373003 0.3465642 0.3571779 0.3787306 0.3999098 0.4278358 0.4472170 0.4573915 0.4677283 0.4710685 0.4685252 0.4815799 0.5045891 0.4932317 0.4778508 0.4846295 0.4946095 0.4989130 0.5024461 0.5162525 0.5400990 0.5602306 0.5749292 0.5778838 0.5770828 0.5761569 0.5944664 0.6071198 0.6203210 0.6301161 0.6373689 0.6433542 0.6436550 0.6474705 0.6672015 0.7007224 0.7415175 0.7793902
-9999.000 -9999.000 -9999.000 -9999.000 -9999.000 0.2196810 0.2261277 0.2355488 0.2483654 0.2680731 0.2873048 0.3027976 0.3159577 0.3278942 0.3398984 0.3460051 0.3496758 0.3515149 0.3505789 0.3501459 0.3531931 0.3585219 0.3686006 0.3835769 0.4006776 0.4180858 0.4407878 0.4512476 0.4538728 0.4583915 0.4536849 0.4485983 0.4599495 0.4742326 0.4617322 0.4661160 0.4741448 0.4878461 0.5003843 0.5130878 0.5373897 0.5579488 0.5695745 0.5730161 0.5690844 0.5584317 0.5610833 0.5768840 0.6022290 0.6203186 0.6330023 0.6406837 0.6456872 0.6462762 0.6523343 0.6710737 0.7022850 0.7416622 0.7828761
