simulation_files/asc_files/Depth____172.0.asc
NCOLS       411
NROWS       131
XLLCENTER    2538020.000000
YLLCENTER    1152390.000000
CELLSIZE           1.000
NODATA_VALUE     -9999.0
[rows 0 to 26 of 131, columns 295 to 353 of 411]
-9999.000 -9999.000 -9999.000 -9999.000 -9999.000 -9999.000 -9999.000 -9999.000 -9999.000 -9999.000 -9999.000 -9999.000 -9999.000 -9999.000 -9999.000 -9999.000 -9999.000 -9999.000 -9999.000 -9999.000 -9999.000 -9999.000 -9999.000 -9999.000 -9999.000 -9999.000 -9999.000 -9999.000 -9999.000 -9999.000 -9999.000 -9999.000 -9999.000 -9999.000 -9999.000 -9999.000 -9999.000 -9999.000 -9999.000 -9999.000 -9999.000 -9999.000 -9999.000 -9999.000 -9999.000 -9999.000 -9999.000 -9999.000 -9999.000 -9999.000 -9999.000 -9999.000 -9999.000 -9999.000 -9999.000 -9999.000 -9999.000 -9999.000 -9999.000
-9999.000 -9999.000 -9999.000 -9999.000 -9999.000 -9999.000 -9999.000 -9999.000 -9999.000 -9999.000 -9999.000 -9999.000 -9999.000 -9999.000 -9999.000 -9999.000 -9999.000 -9999.000 -9999.000 -9999.000 -9999.000 -9999.000 -9999.000 -9999.000 -9999.000 -9999.000 -9999.000 -9999.000 -9999.000 -9999.000 -9999.000 -9999.000 -9999.000 -9999.000 -9999.000 -9999.000 -9999.000 -9999.000 -9999.000 -9999.000 -9999.000 -9999.000 -9999.000 -9999.000 -9999.000 -9999.000 -9999.000 -9999.000 -9999.000 -9999.000 -9999.000 -9999.000 -9999.000 -9999.000 -9999.000 -9999.000 -9999.000 -9999.000 -9999.000
-9999.000 -9999.000 -9999.000 -9999.000 -9999.000 -9999.000 -9999.000 -9999.000 -9999.000 -9999.000 -9999.000 -9999.000 -9999.000 -9999.000 -9999.000 -9999.000 -9999.000 -9999.000 -9999.000 -9999.000 -9999.000 -9999.000 -9999.000 -9999.000 -9999.000 -9999.000 -9999.000 -9999.000 -9999.000 -9999.000 -9999.000 -9999.000 -9999.000 -9999.000 -9999.000 -9999.000 -9999.000 -9999.000 -9999.000 -9999.000 -9999.000 -9999.000 -9999.000 -9999.000 -9999.000 -9999.000 -9999.000 -9999.000 -9999.000 -9999.000 -9999.000 -9999.000 -9999.000 -9999.000 -9999.000 -9999.000 -9999.000 -9999.000 -9999.000
-9999.000 -9999.000 -9999.000 -9999.000 -9999.000 -9999.000 -9999.000 -9999.000 -9999.000 -9999.000 -9999.000 -9999.000 -9999.000 -9999.000 -9999.000 -9999.000 -9999.000 -9999.000 -9999.000 -9999.000 -9999.000 -9999.000 -9999.000 -9999.000 -9999.000 -9999.000 -9999.000 -9999.000 -9999.000 -9999.000 -9999.000 -9999.000 -9999.000 -9999.000 -9999.000 -9999.000 -9999.000 -9999.000 -9999.000 -9999.000 -9999.000 -9999.000 -9999.000 -9999.000 -9999.000 -9999.000 -9999.000 -9999.000 -9999.000 -9999.000 -9999.000 -9999.000 -9999.000 -9999.000 -9999.000 -9999.000 -9999.000 -9999.000 -9999.000
-9999.000 -9999.000 -9999.000 -9999.000 -9999.000 -9999.000 -9999.000 -9999.000 -9999.000 -9999.000 -9999.000 -9999.000 -9999.000 -9999.000 -9999.000 -9999.000 -9999.000 -9999.000 -9999.000 -9999.000 -9999.000 -9999.000 -9999.000 -9999.000 -9999.000 -9999.000 -9999.000 -9999.000 -9999.000 -9999.000 -9999.000 -9999.000 -9999.000 -9999.000 -9999.000 -9999.000 -9999.000 -9999.000 -9999.000 -9999.000 -9999.000 -9999.000 -9999.000 -9999.000 -9999.000 -9999.000 -9999.000 -9999.000 -9999.000 -9999.000 -9999.000 -9999.000 -9999.000 -9999.000 -9999.000 -9999.000 -9999.000 -9999.000 -9999.000
-9999.000 -9999.000 -9999.000 -9999.000 -9999.000 -9999.000 -9999.000 -9999.000 -9999.000 -9999.000 -9999.000 -9999.000 -9999.000 -9999.000 -9999.000 -9999.000 -9999.000 -9999.000 -9999.000 -9999.000 -9999.000 -9999.000 -9999.000 -9999.000 -9999.000 -9999.000 -9999.000 -9999.000 -9999.000 -9999.000 -9999.000 -9999.000 -9999.000 -9999.000 -9999.000 -9999.000 -9999.000 -9999.000 -9999.000 -9999.000 -9999.000 -9999.000 -9999.000 -9999.000 -9999.000 -9999.000 -9999.000 -9999.000 -9999.000 -9999.000 -9999.000 -9999.000 -9999.000 -9999.000 -9999.000 -9999.000 -9999.000 -9999.000 -9999.000
-9999.000 -9999.000 -9999.000 -9999.000 -9999.000 -9999.000 -9999.000 -9999.000 -9999.000 -9999.000 -9999.000 -9999.000 -9999.000 -9999.000 -9999.000 -9999.000 -9999.000 -9999.000 -9999.000 -9999.000 -9999.000 -9999.000 -9999.000 -9999.000 -9999.000 -9999.000 -9999.000 -9999.000 -9999.000 -9999.000 -9999.000 -9999.000 -9999.000 -9999.000 -9999.000 -9999.000 -9999.000 -9999.000 -9999.000 -9999.000 -9999.000 -9999.000 -9999.000 -9999.000 -9999.000 -9999.000 -9999.000 -9999.000 -9999.000 -9999.000 -9999.000 -9999.000 -9999.000 -9999.000 -9999.000 -9999.000 -9999.000 -9999.000 -9999.000
-9999.000 -9999.000 -9999.000 -9999.000 -9999.000 -9999.000 -9999.000 -9999.000 0.3745957E-01 0.4593861E-01 0.5098727E-01 -9999.000 -9999.000 -9999.000 -9999.000 -9999.000 -9999.000 -9999.000 -9999.000 -9999.000 -9999.000 -9999.000 -9999.000 -9999.000 -9999.000 -9999.000 -9999.000 -9999.000 -9999.000 -9999.000 -9999.000 -9999.000 -9999.000 -9999.000 -9999.000 -9999.000 -9999.000 -9999.000 -9999.000 -9999.000 -9999.000 -9999.000 -9999.000 -9999.000 -9999.000 -9999.000 -9999.000 -9999.000 -9999.000 -9999.000 -9999.000 -9999.000 -9999.000 -9999.000 -9999.000 -9999.000 -9999.000 -9999.000 -9999.000
-9999.000 -9999.000 -9999.000 -9999.000 -9999.000 -9999.000 -9999.000 0.3178795E-01 0.4996500E-01 0.6131748E-01 0.6420312E-01 0.7335988E-01 0.8810367E-01 0.9924981E-01 0.1076705 0.1172247 -9999.000 -9999.000 -9999.000 -9999.000 -9999.000 -9999.000 -9999.000 -9999.000 -9999.000 -9999.000 -9999.000 -9999.000 -9999.000 -9999.000 -9999.000 -9999.000 -9999.000 -9999.000 -9999.000 -9999.000 -9999.000 -9999.000 -9999.000 -9999.000 -9999.000 -9999.000 -9999.000 -9999.000 -9999.000 -9999.000 -9999.000 -9999.000 -9999.000 -9999.000 -9999.000 -9999.000 -9999.000 -9999.000 -9999.000 -9999.000 -9999.000 -9999.000 -9999.000
-9999.000 -9999.000 -9999.000 -9999.000 -9999.000 -9999.000 -9999.000 0.7373732E-01 0.9479150E-01 0.1099408 0.1095147 0.1084057 0.1179550 0.1273395 0.1278809 0.1463877 0.1473990 0.1524367 0.1569970 0.1657397 0.1745052 -9999.000 -9999.000 -9999.000 -9999.000 -9999.000 -9999.000 -9999.000 -9999.000 -9999.000 -9999.000 -9999.000 -9999.000 -9999.000 -9999.000 -9999.000 -9999.000 -9999.000 -9999.000 -9999.000 -9999.000 -9999.000 -9999.000 -9999.000 -9999.000 -9999.000 -9999.000 -9999.000 -9999.000 -9999.000 -9999.000 -9999.000 -9999.000 -9999.000 -9999.000 -9999.000 -9999.000 -9999.000 -9999.000
-9999.000 0.1239347 0.1261666 0.1543116 0.1811259 0.2152256 0.2707189 0.3000401 0.2931461 0.2750344 0.2422799 0.2182505 0.2076172 0.2189061 0.2130579 0.2083249 0.2198707 0.2165874 0.2183291 0.2253096 0.2322475 0.2384509 0.2495793 0.2908660 0.3207038 0.3718766 0.3942741 0.3946754 0.3983708 0.4118295 0.4329230 0.4542890 0.4719027 0.4928477 0.5052283 0.4966274 0.4910289 0.4888939 0.4863287 0.4842569 0.4833869 0.4843770 0.4852672 0.4841630 0.4809937 0.4767788 0.4733123 0.4704186 0.4669949 0.4617781 0.4523229 0.4408037 0.4280530 0.4134303 0.3958947 0.3749952 0.3473974 0.3134295 0.2641225
0.2825042 0.3018607 0.3534824 0.3971236 0.4364329 0.4873471 0.5015538 0.4872043 0.4478124 0.4211627 0.3947220 0.3729503 0.3668518 0.3689594 0.3590327 0.3460254 0.3425232 0.3449226 0.3399958 0.3451970 0.3579758 0.3635167 0.3702207 0.3824417 0.4016021 0.4232490 0.4455150 0.4539842 0.4537229 0.4604993 0.4783222 0.4969485 0.5033000 0.5053811 0.5081528 0.5094832 0.5052754 0.5023847 0.5010632 0.4991204 0.4968111 0.4957934 0.4944128 0.4920356 0.4889760 0.4848613 0.4805400 0.4756473 0.4694380 0.4599502 0.4465431 0.4302918 0.4132271 0.3954674 0.3766628 0.3586300 0.3372622 0.3147576 0.3073025
0.5140551 0.5337461 0.5654704 0.5845177 0.5964061 0.5958046 0.5706824 0.5380997 0.5131925 0.5016112 0.4941669 0.4950021 0.4948924 0.4907622 0.4857341 0.4884410 0.4865698 0.4866681 0.4873488 0.5059320 0.5183825 0.5243771 0.5286332 0.5417876 0.5485128 0.5521695 0.5597161 0.5630688 0.5602739 0.5598041 0.5702411 0.5661904 0.5585203 0.5484945 0.5475560 0.5446676 0.5391227 0.5398154 0.5390987 0.5369119 0.5344174 0.5345610 0.5298508 0.5234133 0.5189481 0.5154239 0.5064269 0.4943498 0.4809531 0.4656339 0.4493807 0.4343726 0.4230978 0.4104644 0.4030796 0.4007396 0.3959215 0.3897960 0.3883113
0.6815351 0.6994413 0.6975353 0.6833087 0.6550956 0.6192452 0.5865873 0.5645733 0.5578193 0.5531179 0.5546748 0.5639009 0.5666772 0.5681823 0.5713545 0.5825306 0.5870713 0.5928389 0.5989146 0.6069615 0.6176291 0.6233010 0.6307290 0.6405019 0.6437655 0.6446555 0.6472681 0.6495162 0.6450916 0.6410121 0.6333970 0.6199169 0.6078503 0.6012126 0.5967594 0.5910634 0.5867429 0.5903738 0.5897470 0.5869683 0.5863693 0.5799184 0.5697571 0.5584097 0.5490345 0.5372955 0.5239144 0.5120044 0.5005855 0.4885728 0.4778635 0.4765259 0.4713229 0.4670210 0.4698047 0.4761521 0.4793762 0.4834814 0.4977066
0.7669324 0.7510718 0.7246108 0.6954461 0.6656801 0.6423710 0.6250540 0.6132755 0.6112788 0.6083136 0.6067508 0.6117849 0.6147744 0.6179657 0.6266181 0.6338315 0.6406953 0.6463406 0.6512847 0.6589297 0.6637449 0.6690221 0.6766347 0.6830073 0.6875891 0.6907659 0.6941821 0.6912281 0.6859543 0.6799249 0.6731844 0.6619079 0.6513982 0.6458872 0.6381693 0.6325380 0.6290026 0.6296976 0.6268670 0.6216305 0.6153322 0.6045016 0.5930603 0.5828798 0.5732756 0.5618167 0.5520847 0.5471621 0.5457133 0.5410339 0.5407680 0.5417987 0.5404983 0.5395090 0.5450606 0.5516737 0.5563037 0.5691783 0.5815923
0.8036008 0.7687677 0.7341738 0.7094532 0.6997372 0.6914242 0.6844085 0.6795946 0.6782163 0.6702042 0.6658497 0.6664421 0.6635774 0.6646374 0.6688542 0.6749404 0.6832850 0.6872163 0.6914957 0.6956611 0.6977654 0.7003714 0.7041686 0.7077971 0.7104274 0.7134826 0.7133536 0.7107078 0.7080984 0.7072822 0.7047461 0.6980935 0.6926808 0.6836227 0.6730405 0.6638929 0.6592468 0.6544505 0.6486248 0.6410855 0.6364191 0.6294527 0.6214454 0.6188666 0.6133859 0.6072204 0.6022128 0.6054765 0.6041754 0.6033206 0.6048509 0.6102432 0.6101753 0.6102138 0.6184621 0.6200374 0.6231406 0.6308837 0.6490899
0.8357597 0.8125755 0.7893152 0.7697313 0.7597345 0.7522951 0.7438080 0.7390628 0.7337439 0.7269399 0.7240721 0.7234010 0.7205863 0.7214165 0.7242248 0.7309184 0.7345859 0.7370796 0.7433354 0.7424231 0.7414211 0.7416825 0.7452520 0.7429378 0.7400522 0.7378543 0.7372552 0.7338832 0.7308101 0.7319496 0.7302252 0.7258074 0.7186207 0.7115632 0.7023472 0.6930013 0.6879766 0.6823359 0.6771542 0.6732931 0.6739216 0.6714151 0.6689145 0.6720044 0.6727567 0.6709603 0.6719030 0.6767563 0.6757023 0.6754551 0.6791640 0.6853117 0.6860616 0.6919000 0.6986274 0.6997637 0.7008347 0.7099865 0.7204900
0.8555610 0.8468657 0.8351307 0.8211058 0.8077536 0.7929090 0.7805941 0.7737012 0.7668955 0.7634619 0.7627388 0.7644973 0.7652970 0.7682559 0.7713689 0.7745230 0.7752171 0.7759089 0.7770694 0.7754470 0.7738543 0.7732224 0.7716992 0.7676439 0.7630516 0.7592306 0.7556114 0.7508213 0.7445826 0.7384351 0.7338744 0.7288546 0.7229126 0.7186501 0.7156861 0.7132947 0.7130410 0.7133108 0.7134347 0.7171252 0.7202955 0.7213285 0.7238506 0.7326903 0.7367900 0.7389567 0.7488150 0.7513472 0.7532072 0.7550079 0.7671072 0.7688062 0.7715586 0.7762322 0.7910275 0.7946510 0.7973169 0.8049889 0.8031619
0.8466123 0.8429068 0.8388766 0.8314025 0.8235771 0.8158657 0.8079693 0.8010859 0.7925515 0.7858209 0.7826094 0.7802706 0.7800841 0.7804378 0.7792157 0.7783296 0.7776524 0.7749221 0.7710867 0.7708013 0.7702752 0.7652226 0.7602951 0.7560138 0.7515430 0.7408095 0.7358791 0.7306698 0.7244111 0.7151495 0.7119929 0.7100113 0.7088336 0.7110095 0.7142414 0.7183833 0.7227475 0.7274699 0.7327076 0.7389183 0.7463514 0.7523525 0.7599363 0.7688819 0.7761209 0.7831731 0.7926789 0.8024090 0.8095076 0.8181059 0.8265717 0.8332864 0.8403953 0.8511105 0.8603130 0.8661649 0.8727766 0.8792197 0.8781394
0.8210831 0.8229877 0.8245887 0.8242445 0.8237911 0.8244057 0.8228156 0.8196729 0.8128167 0.8041962 0.7955273 0.7856744 0.7769396 0.7686541 0.7603459 0.7547995 0.7498339 0.7433619 0.7378175 0.7340455 0.7291266 0.7207161 0.7130848 0.7084984 0.7011726 0.6929460 0.6895587 0.6867213 0.6816815 0.6811022 0.6835126 0.6862401 0.6890710 0.6944150 0.7003127 0.7047198 0.7111135 0.7172123 0.7239416 0.7299381 0.7387036 0.7477979 0.7564793 0.7680536 0.7804002 0.7936447 0.8047230 0.8170724 0.8290662 0.8402188 0.8513227 0.8618296 0.8718098 0.8816145 0.8895216 0.8963860 0.9038028 0.9117242 0.9155730
0.8020142 0.8056823 0.8099329 0.8134978 0.8174490 0.8216459 0.8239334 0.8240852 0.8233335 0.8186653 0.8111123 0.7992466 0.7837187 0.7667616 0.7483058 0.7321371 0.7200470 0.7072509 0.6961950 0.6858361 0.6773592 0.6668289 0.6619320 0.6575983 0.6534263 0.6479535 0.6486673 0.6499885 0.6507857 0.6551325 0.6601845 0.6645074 0.6684788 0.6743988 0.6797049 0.6849280 0.6918069 0.6983273 0.7040009 0.7103880 0.7193067 0.7294709 0.7403039 0.7521557 0.7653915 0.7774024 0.7903924 0.8046179 0.8191719 0.8316794 0.8450130 0.8582323 0.8696986 0.8793860 0.8894025 0.8984367 0.9066187 0.9145930 0.9211964
0.8016225 0.8054231 0.8102880 0.8155305 0.8192363 0.8226331 0.8251308 0.8265632 0.8273810 0.8264686 0.8223424 0.8145050 0.8038640 0.7886267 0.7667592 0.7419843 0.7170262 0.6950038 0.6757130 0.6601513 0.6487121 0.6402704 0.6349333 0.6318003 0.6295613 0.6293567 0.6314271 0.6347301 0.6378229 0.6417007 0.6463446 0.6502931 0.6562433 0.6619905 0.6679836 0.6736958 0.6810998 0.6880660 0.6966494 0.7041391 0.7119764 0.7208712 0.7300684 0.7389816 0.7485904 0.7584117 0.7704338 0.7832945 0.7964454 0.8084944 0.8227198 0.8368730 0.8496163 0.8607226 0.8732254 0.8839500 0.8933608 0.9029996 0.9113340
0.8183599 0.8214168 0.8251677 0.8297913 0.8321833 0.8342957 0.8372886 0.8380500 0.8374808 0.8354914 0.8305104 0.8224259 0.8136914 0.8035562 0.7892206 0.7702085 0.7470299 0.7275184 0.7051110 0.6849726 0.6723710 0.6598534 0.6499674 0.6447711 0.6430749 0.6412488 0.6409111 0.6422853 0.6449753 0.6479649 0.6527284 0.6582224 0.6635435 0.6691426 0.6767551 0.6848718 0.6920426 0.7002364 0.7087589 0.7150621 0.7211183 0.7281444 0.7346713 0.7410416 0.7481450 0.7570526 0.7664155 0.7760273 0.7850564 0.7945634 0.8054681 0.8175496 0.8287892 0.8410025 0.8540103 0.8664643 0.8761359 0.8863187 0.8961744
0.8341965 0.8357666 0.8386372 0.8417123 0.8431378 0.8441532 0.8442584 0.8442016 0.8427221 0.8384333 0.8325380 0.8262187 0.8196779 0.8139493 0.8080231 0.8004229 0.7936653 0.7835886 0.7682620 0.7509869 0.7387980 0.7226275 0.7051692 0.6964674 0.6875432 0.6802859 0.6756884 0.6761466 0.6750353 0.6743665 0.6754013 0.6821936 0.6873066 0.6921267 0.7012523 0.7082924 0.7152285 0.7220479 0.7315228 0.7371731 0.7425480 0.7511358 0.7564843 0.7623659 0.7686892 0.7774451 0.7822228 0.7877409 0.7940947 0.8012070 0.8083103 0.8163801 0.8261341 0.8365766 0.8475912 0.8588023 0.8693279 0.8795659 0.8892388
0.8334175 0.8350466 0.8324544 0.8328278 0.8338581 0.8343167 0.8302096 0.8285154 0.8265789 0.8217509 0.8214071 0.8220826 0.8222717 0.8231452 0.8230862 0.8224239 0.8224437 0.8223894 0.8178773 0.8112729 0.8086824 0.7956163 0.7787767 0.7623244 0.7494416 0.7344084 0.7255925 0.7222580 0.7177768 0.7146560 0.7143883 0.7167927 0.7180285 0.7206455 0.7279386 0.7337054 0.7401579 0.7481541 0.7559928 0.7623831 0.7685366 0.7780503 0.7847967 0.7904622 0.7979990 0.8033142 0.8056397 0.8082323 0.8131694 0.8180236 0.8224140 0.8279868 0.8337472 0.8399875 0.8475384 0.8554259 0.8636744 0.8719595 0.8802043
0.7892828 0.7890048 0.7843936 0.7861924 0.7879739 0.7855876 0.7825594 0.7850094 0.7878374 0.7866100 0.7932501 0.8014426 0.8071743 0.8136109 0.8208112 0.8272121 0.8326659 0.8377627 0.8406670 0.8435297 0.8449480 0.8426389 0.8349607 0.8240573 0.8085256 0.7900708 0.7754360 0.7623763 0.7524029 0.7465555 0.7450864 0.7433130 0.7427148 0.7432941 0.7474459 0.7515857 0.7571078 0.7647429 0.7716549 0.7788256 0.7859976 0.7948814 0.8018771 0.8073675 0.8133394 0.8197998 0.8236620 0.8259372 0.8279311 0.8303019 0.8327573 0.8343436 0.8354893 0.8378134 0.8404941 0.8436050 0.8482609 0.8535506 0.8574506
0.7047925 0.7036344 0.7034634 0.7076844 0.7115856 0.7054023 0.7096870 0.7155986 0.7225751 0.7232377 0.7342365 0.7457384 0.7523486 0.7664081 0.7806259 0.7934659 0.8027907 0.8139682 0.8228313 0.8281428 0.8304620 0.8371304 0.8405652 0.8397060 0.8352072 0.8247493 0.8095114 0.7910626 0.7711547 0.7566930 0.7483607 0.7456697 0.7461768 0.7472702 0.7488422 0.7522904 0.7568273 0.7615146 0.7674076 0.7735103 0.7786664 0.7842202 0.7900667 0.7959648 0.7978142 0.8033837 0.8094261 0.8108306 0.8129405 0.8154836 0.8172636 0.8133665 0.8135719 0.8141348 0.8124128 0.8113920 0.8135081 0.8164322 0.8153074
