simulation_files/asc_files/Depth____145.0.asc
NCOLS       411
NROWS       131
XLLCENTER    2538020.000000
YLLCENTER    1152390.000000
CELLSIZE           1.000
NODATA_VALUE     -9999.0
[rows 0 to 26 of 131, columns 177 to 235 of 411]
-9999.000 -9999.000 -9999.000 -9999.000 -9999.000 -9999.000 -9999.000 -9999.000 -9999.000 -9999.000 -9999.000 -9999.000 -9999.000 -9999.000 -9999.000 -9999.000 -9999.000 -9999.000 -9999.000 -9999.000 -9999.000 -9999.000 -9999.000 -9999.000 -9999.000 -9999.000 -9999.000 -9999.000 -9999.000 -9999.000 -9999.000 -9999.000 -9999.000 -9999.000 -9999.000 -9999.000 -9999.000 -9999.000 -9999.000 -9999.000 -9999.000 -9999.000 -9999.000 -9999.000 -9999.000 -9999.000 -9999.000 -9999.000 -9999.000 -9999.000 -9999.000 -9999.000 -9999.000 -9999.000 -9999.000 -9999.000 -9999.000 -9999.000 -9999.000
-9999.000 -9999.000 -9999.000 -9999.000 -9999.000 -9999.000 -9999.000 -9999.000 -9999.000 -9999.000 -9999.000 -9999.000 -9999.000 -9999.000 -9999.000 -9999.000 -9999.000 -9999.000 -9999.000 -9999.000 -9999.000 -9999.000 -9999.000 -9999.000 -9999.000 -9999.000 -9999.000 -9999.000 -9999.000 -9999.000 -9999.000 -9999.000 -9999.000 -9999.000 -9999.000 -9999.000 -9999.000 -9999.000 -9999.000 -9999.000 -9999.000 -9999.000 -9999.000 -9999.000 -9999.000 -9999.000 -9999.000 -9999.000 -9999.000 -9999.000 -9999.000 -9999.000 -9999.000 -9999.000 -9999.000 -9999.000 -9999.000 -9999.000 -9999.000
-9999.000 -9999.000 -9999.000 -9999.000 -9999.000 -9999.000 -9999.000 -9999.000 -9999.000 -9999.000 -9999.000 -9999.000 -9999.000 -9999.000 -9999.000 -9999.000 -9999.000 -9999.000 -9999.000 -9999.000 -9999.000 -9999.000 -9999.000 -9999.000 -9999.000 -9999.000 -9999.000 -9999.000 -9999.000 -9999.000 -9999.000 -9999.000 -9999.000 -9999.000 -9999.000 -9999.000 -9999.000 -9999.000 -9999.000 -9999.000 -9999.000 -9999.000 -9999.000 -9999.000 -9999.000 -9999.000 -9999.000 -9999.000 -9999.000 -9999.000 -9999.000 -9999.000 -9999.000 -9999.000 -9999.000 -9999.000 0.3146023 0.3152405 0.2980690
-9999.000 -9999.000 -9999.000 -9999.000 -9999.000 -9999.000 -9999.000 -9999.000 -9999.000 -9999.000 -9999.000 -9999.000 -9999.000 -9999.000 -9999.000 -9999.000 -9999.000 -9999.000 -9999.000 -9999.000 -9999.000 -9999.000 -9999.000 -9999.000 -9999.000 -9999.000 -9999.000 -9999.000 -9999.000 -9999.000 -9999.000 -9999.000 -9999.000 -9999.000 -9999.000 -9999.000 -9999.000 -9999.000 -9999.000 -9999.000 -9999.000 -9999.000 -9999.000 -9999.000 -9999.000 -9999.000 -9999.000 -9999.000 -9999.000 -9999.000 -9999.000 0.8403379 0.8074827 0.7239395 0.6342473 0.5250300 0.4616088 0.4536138 0.4753545
-9999.000 -9999.000 -9999.000 -9999.000 -9999.000 -9999.000 -9999.000 -9999.000 -9999.000 -9999.000 -9999.000 -9999.000 -9999.000 -9999.000 -9999.000 -9999.000 -9999.000 -9999.000 -9999.000 -9999.000 -9999.000 -9999.000 -9999.000 -9999.000 -9999.000 -9999.000 -9999.000 -9999.000 -9999.000 -9999.000 -9999.000 -9999.000 -9999.000 -9999.000 -9999.000 -9999.000 -9999.000 -9999.000 -9999.000 -9999.000 -9999.000 -9999.000 -9999.000 -9999.000 -9999.000 -9999.000 -9999.000 0.2788822 0.5013774 0.7536860 0.8958798 0.9341239 0.9634200 0.9279226 0.8827286 0.8273453 0.7991423 0.7784062 0.7613299
-9999.000 -9999.000 -9999.000 -9999.000 -9999.000 -9999.000 -9999.000 -9999.000 -9999.000 -9999.000 -9999.000 -9999.000 -9999.000 -9999.000 -9999.000 -9999.000 -9999.000 -9999.000 -9999.000 -9999.000 -9999.000 -9999.000 -9999.000 -9999.000 -9999.000 -9999.000 -9999.000 -9999.000 -9999.000 -9999.000 -9999.000 -9999.000 -9999.000 -9999.000 -9999.000 -9999.000 -9999.000 -9999.000 -9999.000 -9999.000 -9999.000 -9999.000 -9999.000 0.1817377 0.2141428 0.2852231 0.3354130 0.3647038 0.6403783 0.9014557 1.102596 1.250838 1.284572 1.265471 1.244518 1.187110 1.158306 1.132765 1.097905
-9999.000 -9999.000 -9999.000 -9999.000 -9999.000 -9999.000 -9999.000 -9999.000 -9999.000 -9999.000 -9999.000 -9999.000 -9999.000 -9999.000 -9999.000 -9999.000 -9999.000 -9999.000 -9999.000 -9999.000 -9999.000 -9999.000 -9999.000 -9999.000 -9999.000 -9999.000 -9999.000 -9999.000 -9999.000 -9999.000 -9999.000 -9999.000 -9999.000 -9999.000 -9999.000 -9999.000 -9999.000 -9999.000 -9999.000 1.679232 1.527113 1.225535 0.6206534 0.3943457 0.4451753 0.5546971 0.6921236 0.8075956 1.029525 1.252428 1.457870 1.588473 1.629045 1.637165 1.619652 1.561413 1.496029 1.478303 1.453113
-9999.000 -9999.000 -9999.000 -9999.000 -9999.000 -9999.000 -9999.000 -9999.000 -9999.000 -9999.000 -9999.000 -9999.000 -9999.000 -9999.000 -9999.000 -9999.000 -9999.000 -9999.000 -9999.000 -9999.000 -9999.000 -9999.000 -9999.000 -9999.000 -9999.000 -9999.000 -9999.000 -9999.000 -9999.000 -9999.000 -9999.000 -9999.000 -9999.000 -9999.000 -9999.000 -9999.000 2.028008 1.995059 1.950687 1.772923 1.580211 1.256472 0.8608159 0.7717254 0.8686950 1.024083 1.207399 1.332502 1.511150 1.671318 1.833513 1.948051 1.965622 1.968776 1.932843 1.881213 1.840033 1.815934 1.775172
-9999.000 -9999.000 -9999.000 -9999.000 -9999.000 -9999.000 -9999.000 -9999.000 -9999.000 -9999.000 -9999.000 -9999.000 -9999.000 -9999.000 -9999.000 -9999.000 -9999.000 -9999.000 -9999.000 -9999.000 -9999.000 -9999.000 -9999.000 -9999.000 -9999.000 -9999.000 -9999.000 -9999.000 -9999.000 -9999.000 -9999.000 1.772180 1.814634 1.869542 1.932532 1.987876 2.011021 2.002913 1.876780 1.669322 1.463456 1.241131 1.170319 1.206315 1.315670 1.475592 1.683732 1.851386 1.955633 2.046828 2.151481 2.228733 2.240118 2.264102 2.195900 2.139884 2.109056 2.082228 2.015257
-9999.000 -9999.000 -9999.000 -9999.000 -9999.000 -9999.000 -9999.000 -9999.000 -9999.000 -9999.000 -9999.000 -9999.000 -9999.000 -9999.000 -9999.000 -9999.000 -9999.000 -9999.000 -9999.000 -9999.000 -9999.000 -9999.000 -9999.000 -9999.000 -9999.000 -9999.000 -9999.000 1.548815 1.643132 1.700580 1.714468 1.741942 1.777714 1.834416 1.886518 1.917355 1.934023 1.869076 1.673231 1.462923 1.333439 1.314558 1.403647 1.515647 1.656352 1.833230 2.024852 2.174137 2.254919 2.305279 2.354812 2.386275 2.395909 2.383100 2.342828 2.295071 2.247831 2.186171 2.105703
0.7798892 0.7973270 0.8209718 0.8487861 0.8749617 0.9310068 1.013151 1.055005 1.001568 0.8412006 0.6768043 0.5878325 0.5600647 0.5549831 0.5542485 0.5535581 0.5560274 0.5670864 0.5848940 0.6061096 0.6312680 0.6754410 0.7848019 1.138244 1.352605 1.406467 1.461993 1.552889 1.642837 1.678001 1.681896 1.685103 1.707441 1.766482 1.803158 1.839886 1.821009 1.629865 1.402367 1.306646 1.320049 1.424914 1.562274 1.699464 1.853118 2.034798 2.200022 2.301479 2.366099 2.392644 2.428997 2.438553 2.435941 2.413073 2.384085 2.330313 2.264768 2.173402 2.083429
0.7848959 0.8040119 0.8282107 0.8577181 0.8976426 0.9624525 1.030941 1.040314 0.9674443 0.8569344 0.7519746 0.6675674 0.6118082 0.5854417 0.5768808 0.5758276 0.5812058 0.5959095 0.6194333 0.6516583 0.6998406 0.7877418 0.9669398 1.203617 1.348958 1.414836 1.487830 1.568156 1.631883 1.649934 1.633984 1.632566 1.665228 1.703257 1.732558 1.704269 1.555726 1.373872 1.295187 1.325648 1.417891 1.537330 1.661452 1.792109 1.942395 2.098519 2.220934 2.297589 2.344357 2.369836 2.382920 2.395105 2.394147 2.384030 2.360225 2.290571 2.172493 2.050242 1.951102
0.8001994 0.8201168 0.8517102 0.8904925 0.9499136 1.020686 1.063303 1.025369 0.9455453 0.8946197 0.8618165 0.8098747 0.7411843 0.6800144 0.6444243 0.6337374 0.6411352 0.6631570 0.6981268 0.7509432 0.8338601 0.9663085 1.151869 1.305176 1.371967 1.446528 1.526752 1.595495 1.635996 1.629986 1.609255 1.623205 1.655480 1.667553 1.646010 1.517581 1.335096 1.259008 1.301084 1.392075 1.504343 1.614940 1.725877 1.842890 1.979209 2.111166 2.204987 2.267624 2.304031 2.315872 2.316326 2.312734 2.320478 2.321692 2.284757 2.153161 1.963646 1.813621 1.729495
0.8186427 0.8483420 0.8913072 0.9477852 1.015458 1.060160 1.047995 0.9974605 0.9613356 0.9493784 0.9435277 0.9316049 0.9031433 0.8494034 0.7856330 0.7421514 0.7322472 0.7531230 0.8016990 0.8815805 0.9963126 1.140389 1.272472 1.351450 1.415924 1.490182 1.563506 1.621132 1.638565 1.620816 1.623093 1.653739 1.668328 1.621595 1.483471 1.325534 1.258705 1.291587 1.376622 1.476027 1.575651 1.675531 1.778908 1.890910 2.001797 2.088795 2.171292 2.231147 2.261212 2.260297 2.238599 2.228929 2.225614 2.167548 2.032350 1.862464 1.699709 1.624596 1.605423
0.8485467 0.8896113 0.9440205 1.001744 1.047989 1.056547 1.031191 1.005954 1.002927 1.007691 1.010510 1.017221 1.028760 1.025460 0.9937563 0.9450021 0.9041839 0.8968991 0.9369729 1.022752 1.137748 1.253751 1.336447 1.391097 1.457865 1.527992 1.588116 1.627198 1.627638 1.614357 1.636457 1.664429 1.630471 1.505147 1.342197 1.260325 1.288696 1.368405 1.462019 1.552409 1.639966 1.732122 1.830425 1.925679 2.010014 2.075403 2.138068 2.195783 2.219448 2.204120 2.164309 2.108119 1.996769 1.845490 1.687158 1.594996 1.562589 1.569344 1.594212
0.8884490 0.9377493 0.9905406 1.033536 1.049977 1.042689 1.034388 1.038269 1.051336 1.064638 1.075861 1.095230 1.128057 1.165294 1.191745 1.197363 1.180662 1.159181 1.159726 1.194711 1.260551 1.329377 1.376326 1.428324 1.493777 1.551584 1.594192 1.609698 1.591172 1.593333 1.627460 1.611361 1.490368 1.335783 1.262640 1.282778 1.353875 1.438383 1.519939 1.598775 1.681479 1.768069 1.843373 1.927112 1.992470 2.041505 2.084901 2.130146 2.134689 2.079792 1.955491 1.779337 1.566969 1.448930 1.435241 1.457635 1.491690 1.519393 1.553668
0.9355213 0.9748452 1.013915 1.037789 1.047895 1.054463 1.064631 1.080029 1.100534 1.126399 1.160252 1.201927 1.248982 1.298945 1.350955 1.407815 1.466620 1.514150 1.531573 1.506606 1.455019 1.419035 1.428541 1.473885 1.525187 1.564137 1.584055 1.574767 1.558765 1.567695 1.545734 1.431434 1.291244 1.229744 1.255860 1.322234 1.396131 1.465865 1.534847 1.607460 1.677410 1.749633 1.824340 1.892530 1.944543 1.972731 2.005737 2.022938 1.945386 1.753261 1.507523 1.311411 1.222637 1.243005 1.305477 1.365477 1.424742 1.467126 1.500816
0.9675881 1.000203 1.027765 1.047489 1.064973 1.083676 1.099891 1.118790 1.147704 1.190912 1.248512 1.307356 1.359373 1.409247 1.463481 1.530265 1.610101 1.697891 1.782211 1.815835 1.756995 1.634870 1.541601 1.523472 1.546098 1.567234 1.571046 1.542386 1.528573 1.520265 1.412493 1.254333 1.179217 1.200075 1.261176 1.332341 1.398200 1.459983 1.523027 1.571880 1.630207 1.694710 1.760577 1.825984 1.860347 1.882991 1.895202 1.796974 1.511100 1.244719 1.103675 1.067597 1.100175 1.155077 1.226597 1.299214 1.372672 1.433106 1.478496
1.000843 1.026326 1.054077 1.075537 1.098177 1.120700 1.142390 1.173657 1.220062 1.280020 1.347039 1.409796 1.462204 1.509091 1.561723 1.626998 1.706132 1.796197 1.883351 1.946513 1.967520 1.934379 1.833230 1.695301 1.598649 1.571747 1.549471 1.519883 1.492860 1.397665 1.255809 1.170978 1.168306 1.211395 1.267265 1.322691 1.381338 1.434982 1.494866 1.540489 1.593440 1.648408 1.705866 1.753887 1.770777 1.764004 1.658401 1.398232 1.088540 0.9685150 0.9675880 1.006602 1.057092 1.113675 1.179722 1.264292 1.354016 1.434123 1.502363
1.043706 1.073288 1.097782 1.118699 1.140912 1.165833 1.198248 1.249042 1.313490 1.380968 1.444295 1.498567 1.544012 1.587341 1.638969 1.702190 1.776864 1.861222 1.940149 1.996525 2.041294 2.096051 2.110632 2.002635 1.794505 1.629779 1.545803 1.496517 1.417000 1.272493 1.167419 1.154381 1.188114 1.232814 1.275399 1.313951 1.365406 1.416103 1.468847 1.520609 1.570240 1.620323 1.667244 1.695158 1.643183 1.473030 1.212923 0.9799364 0.9083938 0.9242350 0.9672140 1.020725 1.076582 1.136547 1.209543 1.290629 1.393263 1.490487 1.582351
1.096183 1.126957 1.148860 1.168341 1.190563 1.223450 1.272547 1.335864 1.402827 1.463495 1.513048 1.554334 1.593696 1.640812 1.699423 1.766317 1.837801 1.910245 1.974940 2.025687 2.071530 2.131389 2.205109 2.247541 2.140738 1.831411 1.575708 1.465985 1.303410 1.183802 1.155552 1.179060 1.217985 1.252223 1.283598 1.326619 1.373828 1.420474 1.477131 1.525192 1.572702 1.614470 1.636573 1.589390 1.361265 1.097786 0.9112893 0.8741368 0.9089999 0.9566640 1.011221 1.072331 1.131758 1.195137 1.270234 1.353237 1.453244 1.565706 1.669525
1.156596 1.184020 1.204359 1.224239 1.252406 1.293690 1.344613 1.397459 1.447734 1.493904 1.535963 1.577938 1.624594 1.679471 1.743528 1.814718 1.886757 1.948922 1.996977 2.044295 2.095967 2.153244 2.225003 2.314802 2.346664 2.126878 1.727267 1.433174 1.263087 1.185767 1.184993 1.210472 1.241934 1.267509 1.300022 1.340988 1.391577 1.443174 1.490251 1.533888 1.574395 1.594209 1.512480 1.258024 1.008403 0.8846737 0.8660342 0.8997793 0.9440234 0.9940102 1.052707 1.113219 1.178178 1.246406 1.324407 1.403697 1.495185 1.613498 1.728831
1.217056 1.239780 1.255518 1.279981 1.315970 1.357203 1.395888 1.428323 1.456778 1.487770 1.526674 1.577231 1.640950 1.708279 1.772748 1.844726 1.922623 1.982361 2.014717 2.056349 2.113580 2.169657 2.240033 2.316435 2.396536 2.404823 1.931321 1.420779 1.325239 1.273838 1.257470 1.255187 1.270585 1.282002 1.312836 1.354584 1.400623 1.443756 1.482895 1.517885 1.517043 1.428514 1.199314 0.9466815 0.8502211 0.8509338 0.8831212 0.9220458 0.9632629 1.010268 1.062821 1.121743 1.188091 1.256420 1.328772 1.409334 1.499471 1.602810 1.722419
1.254602 1.271080 1.293793 1.327179 1.364097 1.397836 1.425425 1.446968 1.464947 1.486413 1.519853 1.572907 1.646972 1.726871 1.796084 1.863869 1.939297 2.000972 2.038156 2.074889 2.123434 2.182880 2.252674 2.320620 2.394803 2.408318 2.066121 1.547755 1.412933 1.388072 1.379227 1.358237 1.339724 1.330371 1.336679 1.357785 1.383753 1.412967 1.445026 1.441088 1.315483 1.076330 0.8702557 0.7902273 0.8052779 0.8372420 0.8690898 0.9044764 0.9426043 0.9838680 1.019408 1.070503 1.131324 1.189443 1.262291 1.342490 1.428273 1.519206 1.647702
1.253651 1.273663 1.308065 1.348966 1.385960 1.414885 1.436994 1.455108 1.472483 1.494510 1.528015 1.583092 1.666263 1.755660 1.826100 1.879989 1.947263 2.018571 2.059679 2.092977 2.132498 2.187117 2.260339 2.323337 2.384974 2.457149 2.160895 1.638950 1.536462 1.500144 1.476577 1.458150 1.449588 1.423648 1.393528 1.371755 1.356687 1.358357 1.330006 1.181080 0.9543143 0.7727398 0.7055048 0.7169215 0.7471046 0.7739381 0.7996477 0.8335018 0.8697813 0.9011368 0.9356591 0.9789721 1.028148 1.076211 1.137027 1.215971 1.291954 1.384563 1.505322
1.247520 1.277138 1.313339 1.349985 1.383208 1.411680 1.435198 1.456584 1.480977 1.513414 1.559860 1.627845 1.713905 1.797733 1.862568 1.910033 1.956527 2.019989 2.076357 2.110701 2.140914 2.186560 2.255423 2.317020 2.374343 2.409336 2.199872 1.790316 1.637890 1.599611 1.543376 1.513365 1.515494 1.518895 1.495029 1.446176 1.387556 1.323615 1.165441 0.9031305 0.7009396 0.6317504 0.6300264 0.6483667 0.6722958 0.6980553 0.7195214 0.7488864 0.7815374 0.8079089 0.8447528 0.8837318 0.9243927 0.9571792 1.010511 1.078667 1.154521 1.241835 1.357011
1.251782 1.284694 1.317276 1.347213 1.375652 1.404113 1.430534 1.457316 1.491140 1.536669 1.598014 1.676821 1.763183 1.840135 1.896021 1.937076 1.969105 2.019726 2.079845 2.115604 2.135960 2.167555 2.230366 2.288216 2.334784 2.370018 2.229716 1.842299 1.695990 1.663849 1.623412 1.571702 1.529163 1.521251 1.534572 1.521164 1.465065 1.293104 0.9813700 0.7279752 0.6284252 0.6100258 0.6123181 0.6202744 0.6329345 0.6487661 0.6675487 0.6912613 0.7169859 0.7384382 0.7685460 0.8015077 0.8308762 0.8628258 0.9035680 0.9558604 1.014380 1.095970 1.205287
