simulation_files/asc_files/Depth____65.0.asc
NCOLS       411
NROWS       131
XLLCENTER    2538020.000000
YLLCENTER    1152390.000000
CELLSIZE           1.000
NODATA_VALUE     -9999.0
[rows 0 to 25 of 131, columns 240 to 299 of 411]
-9999.000 -9999.000 -9999.000 -9999.000 -9999.000 -9999.000 -9999.000 -9999.000 -9999.000 -9999.000 -9999.000 -9999.000 -9999.000 -9999.000 -9999.000 -9999.000 -9999.000 -9999.000 -9999.000 -9999.000 -9999.000 -9999.000 -9999.000 -9999.000 -9999.000 -9999.000 -9999.000 -9999.000 -9999.000 -9999.000 -9999.000 -9999.000 -9999.000 -9999.000 -9999.000 -9999.000 -9999.000 -9999.000 -9999.000 -9999.000 -9999.000 -9999.000 -9999.000 -9999.000 -9999.000 -9999.000 -9999.000 -9999.000 -9999.000 -9999.000 -9999.000 -9999.000 -9999.000 -9999.000 -9999.000 -9999.000 -9999.000 -9999.000 -9999.000 -9999.000
-9999.000 -9999.000 -9999.000 -9999.000 -9999.000 -9999.000 -9999.000 -9999.000 -9999.000 -9999.000 -9999.000 -9999.000 -9999.000 -9999.000 -9999.000 -9999.000 -9999.000 -9999.000 -9999.000 -9999.000 -9999.000 -9999.000 -9999.000 -9999.000 -9999.000 -9999.000 -9999.000 -9999.000 -9999.000 -9999.000 -9999.000 -9999.000 -9999.000 -9999.000 -9999.000 -9999.000 -9999.000 -9999.000 -9999.000 -9999.000 -9999.000 -9999.000 -9999.000 -9999.000 -9999.000 -9999.000 -9999.000 -9999.000 -9999.000 -9999.000 -9999.000 -9999.000 -9999.000 -9999.000 -9999.000 -9999.000 -9999.000 -9999.000 -9999.000 -9999.000
-9999.000 -9999.000 -9999.000 -9999.000 -9999.000 -9999.000 -9999.000 -9999.000 -9999.000 -9999.000 -9999.000 -9999.000 -9999.000 -9999.000 -9999.000 -9999.000 -9999.000 -9999.000 -9999.000 -9999.000 -9999.000 -9999.000 -9999.000 -9999.000 -9999.000 -9999.000 -9999.000 -9999.000 -9999.000 -9999.000 -9999.000 -9999.000 -9999.000 -9999.000 -9999.000 -9999.000 -9999.000 -9999.000 -9999.000 -9999.000 -9999.000 -9999.000 -9999.000 -9999.000 -9999.000 -9999.000 -9999.000 -9999.000 -9999.000 -9999.000 -9999.000 -9999.000 -9999.000 -9999.000 -9999.000 -9999.000 -9999.000 -9999.000 -9999.000 -9999.000
-9999.000 -9999.000 -9999.000 -9999.000 -9999.000 -9999.000 -9999.000 -9999.000 -9999.000 -9999.000 -9999.000 -9999.000 -9999.000 -9999.000 -9999.000 -9999.000 -9999.000 -9999.000 -9999.000 -9999.000 -9999.000 -9999.000 -9999.000 -9999.000 -9999.000 -9999.000 -9999.000 -9999.000 -9999.000 -9999.000 -9999.000 -9999.000 -9999.000 -9999.000 -9999.000 -9999.000 -9999.000 -9999.000 -9999.000 -9999.000 -9999.000 -9999.000 -9999.000 -9999.000 -9999.000 -9999.000 -9999.000 -9999.000 -9999.000 -9999.000 -9999.000 -9999.000 -9999.000 -9999.000 -9999.000 -9999.000 -9999.000 -9999.000 -9999.000 -9999.000
-9999.000 -9999.000 -9999.000 -9999.000 -9999.000 -9999.000 -9999.000 -9999.000 -9999.000 -9999.000 -9999.000 -9999.000 -9999.000 -9999.000 -9999.000 -9999.000 -9999.000 -9999.000 -9999.000 -9999.000 -9999.000 -9999.000 -9999.000 -9999.000 -9999.000 -9999.000 -9999.000 -9999.000 -9999.000 -9999.000 -9999.000 -9999.000 -9999.000 -9999.000 -9999.000 -9999.000 -9999.000 -9999.000 -9999.000 -9999.000 -9999.000 -9999.000 -9999.000 -9999.000 -9999.000 -9999.000 -9999.000 -9999.000 -9999.000 -9999.000 -9999.000 -9999.000 -9999.000 -9999.000 -9999.000 -9999.000 -9999.000 -9999.000 -9999.000 -9999.000
-9999.000 -9999.000 -9999.000 -9999.000 -9999.000 -9999.000 -9999.000 -9999.000 -9999.000 -9999.000 -9999.000 -9999.000 -9999.000 -9999.000 -9999.000 -9999.000 -9999.000 -9999.000 -9999.000 -9999.000 -9999.000 -9999.000 -9999.000 -9999.000 -9999.000 -9999.000 -9999.000 -9999.000 -9999.000 -9999.000 -9999.000 -9999.000 -9999.000 -9999.000 -9999.000 -9999.000 -9999.000 -9999.000 -9999.000 -9999.000 -9999.000 -9999.000 -9999.000 -9999.000 -9999.000 -9999.000 -9999.000 -9999.000 -9999.000 -9999.000 -9999.000 -9999.000 -9999.000 -9999.000 -9999.000 -9999.000 -9999.000 -9999.000 -9999.000 -9999.000
-9999.000 -9999.000 -9999.000 -9999.000 -9999.000 -9999.000 -9999.000 -9999.000 -9999.000 -9999.000 -9999.000 -9999.000 -9999.000 -9999.000 0.3440416E-01 -9999.000 -9999.000 -9999.000 -9999.000 -9999.000 -9999.000 -9999.000 -9999.000 -9999.000 -9999.000 -9999.000 -9999.000 -9999.000 -9999.000 -9999.000 -9999.000 -9999.000 -9999.000 -9999.000 -9999.000 -9999.000 -9999.000 -9999.000 -9999.000 -9999.000 -9999.000 -9999.000 -9999.000 -9999.000 -9999.000 -9999.000 -9999.000 -9999.000 -9999.000 -9999.000 -9999.000 -9999.000 -9999.000 -9999.000 -9999.000 -9999.000 -9999.000 -9999.000 -9999.000 -9999.000
0.1331018 0.1300196 0.1526556 0.1487188 0.1442623 0.1557294 0.1942187 0.2358029 0.2449037 0.2636496 0.2455277 0.1757918 0.1614476 0.1476298 0.1403275 0.1753258 0.1650864 0.1176351 0.8636716E-01 0.7776029E-01 0.5806464E-01 0.6328319E-01 0.4042063E-01 0.3463633E-01 0.3781902E-01 0.2325025E-01 -9999.000 -9999.000 -9999.000 -9999.000 -9999.000 -9999.000 -9999.000 -9999.000 -9999.000 -9999.000 -9999.000 -9999.000 -9999.000 -9999.000 -9999.000 -9999.000 -9999.000 -9999.000 -9999.000 -9999.000 -9999.000 -9999.000 -9999.000 -9999.000 -9999.000 -9999.000 -9999.000 -9999.000 -9999.000 -9999.000 -9999.000 -9999.000 -9999.000 -9999.000
0.3043715 0.2981070 0.3089721 0.3126815 0.3245280 0.3359883 0.3628094 0.3975540 0.4098496 0.4122918 0.3677350 0.3242329 0.3275947 0.3204714 0.3212953 0.3291681 0.2876835 0.2374274 0.2081651 0.1897399 0.1751218 0.1663660 0.1734761 0.1660786 0.1498869 0.1306016 0.1174665 0.9117698E-01 0.6262743E-01 0.4501752E-01 -9999.000 -9999.000 -9999.000 -9999.000 -9999.000 -9999.000 -9999.000 -9999.000 -9999.000 -9999.000 0.9363407E-01 0.8257474E-01 0.6155376E-01 0.4005096E-01 0.3553966E-01 0.2633293E-01 -9999.000 -9999.000 -9999.000 -9999.000 -9999.000 -9999.000 -9999.000 -9999.000 -9999.000 -9999.000 -9999.000 -9999.000 -9999.000 -9999.000
0.5037322 0.4998328 0.4789407 0.4839548 0.4850154 0.4872055 0.5052979 0.5140878 0.5156654 0.4854694 0.4502046 0.4426953 0.4563298 0.4477240 0.4296576 0.3976594 0.3535064 0.3363553 0.3265681 0.3334930 0.3269306 0.3249639 0.3312618 0.3139085 0.2837887 0.2502490 0.2333438 0.2032770 0.1785000 0.1633174 0.1783913 0.1849681 0.1902445 0.2014637 0.1958330 0.1884265 0.1870363 0.1921681 0.1873332 0.1771509 0.1668148 0.1537876 0.1290125 0.1127358 0.9535870E-01 0.7416929E-01 0.5264760E-01 0.3584090E-01 -9999.000 -9999.000 -9999.000 -9999.000 -9999.000 -9999.000 -9999.000 -9999.000 -9999.000 -9999.000 -9999.000 -9999.000
0.5878706 0.5829988 0.5714739 0.5703446 0.5629181 0.5656987 0.5681990 0.5588505 0.5392111 0.5159207 0.5056584 0.5046767 0.4958234 0.4782657 0.4576961 0.4403096 0.4261297 0.4235939 0.4252137 0.4263127 0.4206172 0.4117628 0.4012783 0.3865320 0.3681918 0.3570863 0.3481291 0.3371203 0.3275990 0.3355175 0.3411251 0.3424446 0.3439547 0.3583456 0.3500996 0.3345589 0.3314194 0.3209822 0.3061568 0.2889928 0.2754930 0.2525397 0.2264229 0.2067882 0.1895173 0.1685654 0.1424041 0.1318518 0.1108522 0.8757698E-01 0.8294449E-01 -9999.000 -9999.000 -9999.000 -9999.000 -9999.000 -9999.000 0.5241192E-01 0.7052855E-01 0.9626175E-01
0.6259845 0.6268731 0.6264473 0.6197202 0.6154119 0.6074650 0.5884971 0.5641733 0.5425681 0.5290306 0.5211754 0.5111819 0.4986850 0.4871391 0.4785796 0.4794731 0.4793473 0.4787431 0.4768151 0.4701100 0.4582237 0.4454762 0.4383851 0.4295160 0.4241380 0.4256183 0.4336428 0.4386367 0.4494672 0.4724713 0.4810304 0.4848098 0.4827548 0.4744486 0.4531107 0.4273679 0.4075750 0.3870458 0.3683085 0.3542435 0.3443586 0.3311353 0.3158177 0.3042505 0.2961954 0.2867924 0.2847732 0.2763280 0.2576522 0.2388684 0.2417854 0.2341464 0.2200126 0.2150371 0.1961118 0.1696567 0.1581435 0.1891547 0.2103838 0.2237365
0.6618521 0.6695554 0.6691578 0.6610314 0.6479319 0.6263502 0.6009284 0.5769515 0.5590345 0.5441915 0.5321267 0.5254532 0.5195360 0.5167103 0.5171369 0.5165115 0.5121134 0.5065058 0.5010492 0.4941436 0.4865659 0.4834784 0.4825743 0.4827076 0.4861305 0.4995556 0.5122160 0.5232098 0.5383577 0.5474017 0.5498854 0.5450659 0.5306136 0.5093906 0.4864246 0.4640177 0.4471664 0.4310700 0.4178885 0.4150625 0.4099016 0.4067550 0.4036450 0.4091451 0.4044361 0.4021308 0.4050638 0.4108869 0.4069355 0.4080551 0.4253591 0.4247787 0.4237734 0.4287893 0.4157570 0.4029327 0.4012887 0.4130386 0.4040016 0.3861501
0.7050086 0.7047974 0.6978487 0.6844603 0.6645595 0.6418240 0.6212256 0.6053284 0.5890749 0.5754875 0.5648070 0.5637055 0.5603236 0.5580754 0.5593847 0.5536464 0.5467680 0.5411835 0.5408730 0.5373231 0.5363167 0.5396565 0.5481119 0.5517240 0.5590900 0.5706429 0.5753235 0.5777693 0.5781835 0.5743203 0.5634413 0.5488285 0.5325374 0.5167503 0.5034970 0.4949333 0.4872032 0.4784093 0.4712762 0.4743998 0.4750925 0.4771243 0.4862474 0.4926674 0.4959114 0.4992497 0.5108881 0.5171786 0.5204053 0.5314511 0.5400377 0.5457789 0.5500927 0.5610889 0.5619006 0.5589368 0.5633545 0.5497621 0.5266320 0.4940646
0.7090274 0.7003527 0.6898877 0.6744559 0.6583902 0.6452598 0.6329560 0.6226409 0.6129720 0.6047118 0.5997489 0.5963309 0.5931234 0.5909439 0.5917817 0.5905059 0.5885941 0.5927438 0.5968243 0.6009378 0.6066883 0.6188833 0.6253469 0.6263129 0.6282937 0.6251314 0.6175262 0.6077569 0.5987880 0.5860182 0.5715290 0.5593394 0.5491561 0.5393358 0.5319261 0.5318448 0.5287373 0.5264116 0.5254069 0.5323161 0.5347609 0.5398565 0.5516561 0.5592796 0.5681019 0.5796367 0.5946408 0.6011085 0.6052507 0.6098088 0.6148777 0.6161179 0.6231817 0.6313261 0.6341029 0.6313849 0.6286267 0.6175915 0.6057383 0.5980537
0.6787775 0.6497312 0.6350557 0.6174355 0.6128485 0.6102524 0.6070037 0.6053196 0.6057663 0.6052037 0.6024855 0.5984140 0.5948794 0.5947682 0.5986722 0.6052502 0.6130561 0.6219468 0.6322881 0.6429213 0.6525334 0.6599256 0.6642815 0.6621646 0.6546698 0.6437177 0.6326299 0.6219220 0.6117585 0.6037863 0.5972691 0.5934155 0.5889524 0.5829159 0.5778372 0.5799650 0.5802846 0.5813756 0.5886216 0.5942459 0.5992905 0.6047721 0.6174263 0.6270598 0.6368641 0.6531638 0.6624304 0.6684468 0.6713056 0.6758625 0.6715002 0.6674862 0.6696901 0.6738041 0.6750810 0.6739078 0.6777536 0.6754062 0.6751056 0.6849693
0.6536179 0.5887649 0.5613402 0.5526629 0.5544756 0.5593244 0.5624689 0.5692817 0.5780139 0.5845886 0.5846976 0.5809794 0.5770772 0.5760178 0.5833662 0.5937348 0.6045278 0.6121801 0.6220189 0.6321373 0.6351364 0.6386497 0.6403031 0.6392240 0.6306676 0.6252317 0.6200903 0.6143292 0.6085393 0.6055454 0.6049082 0.6080231 0.6115110 0.6136810 0.6165371 0.6238323 0.6284137 0.6343802 0.6421968 0.6478421 0.6542439 0.6623295 0.6705135 0.6762238 0.6820525 0.6896808 0.6951959 0.6996205 0.7034022 0.7063249 0.7066014 0.7064980 0.7098810 0.7157069 0.7189635 0.7251601 0.7332279 0.7379596 0.7417533 0.7480902
0.7483886 0.6295143 0.5479014 0.5097377 0.5076166 0.5127658 0.5145950 0.5233353 0.5329704 0.5427193 0.5449015 0.5480572 0.5477821 0.5485478 0.5579573 0.5673334 0.5738250 0.5756854 0.5808450 0.5852194 0.5820870 0.5805265 0.5813317 0.5814255 0.5811084 0.5861447 0.5904506 0.5922862 0.5919177 0.5914547 0.5911455 0.5948475 0.6037406 0.6139768 0.6224544 0.6309059 0.6399085 0.6481768 0.6541726 0.6601979 0.6668168 0.6714893 0.6766258 0.6807767 0.6832085 0.6827073 0.6857319 0.6904413 0.6945814 0.7032527 0.7123270 0.7208078 0.7296322 0.7359704 0.7412321 0.7470921 0.7565822 0.7629710 0.7649615 0.7593018
0.8286936 0.7523031 0.6485814 0.5496482 0.4966748 0.4883385 0.4894503 0.4928500 0.4973457 0.5016019 0.5071623 0.5137789 0.5204765 0.5280372 0.5330005 0.5378322 0.5374534 0.5371665 0.5359211 0.5340410 0.5276288 0.5271781 0.5297019 0.5295801 0.5370443 0.5451893 0.5536457 0.5581142 0.5640046 0.5666534 0.5685732 0.5686857 0.5782451 0.5898266 0.5969232 0.6069412 0.6155764 0.6224343 0.6254058 0.6318764 0.6378915 0.6396452 0.6433804 0.6472372 0.6485428 0.6487192 0.6540995 0.6604293 0.6661841 0.6756564 0.6882667 0.6989565 0.7075156 0.7152291 0.7212833 0.7231764 0.7244526 0.7274354 0.7258460 0.7236857
0.8851574 0.8720820 0.8119263 0.7057942 0.5749698 0.5125163 0.5003218 0.4954765 0.4954226 0.4981936 0.5010769 0.5060343 0.5123184 0.5182732 0.5207704 0.5202226 0.5172828 0.5137598 0.5096020 0.5049085 0.5018172 0.5018686 0.5033509 0.5048434 0.5067706 0.5098534 0.5125427 0.5153034 0.5195744 0.5247981 0.5298014 0.5375743 0.5477569 0.5567380 0.5635058 0.5718348 0.5794642 0.5825722 0.5867756 0.5905500 0.5939937 0.5919988 0.5946269 0.5993879 0.6014378 0.6100815 0.6183018 0.6254370 0.6282091 0.6364638 0.6461528 0.6500948 0.6578589 0.6657768 0.6694509 0.6660587 0.6685798 0.6726107 0.6769994 0.6805335
0.9404704 0.9577205 0.9345561 0.8745245 0.7605814 0.6570606 0.5656769 0.5317018 0.5257052 0.5241113 0.5225718 0.5202516 0.5197311 0.5210239 0.5225828 0.5221920 0.5209759 0.5175741 0.5152263 0.5134844 0.5086602 0.5065940 0.5047504 0.5058008 0.5032934 0.5009247 0.4995720 0.5009395 0.5024246 0.5070368 0.5154047 0.5242788 0.5326039 0.5392542 0.5440764 0.5490065 0.5521903 0.5528241 0.5550156 0.5566418 0.5567195 0.5566446 0.5606219 0.5664129 0.5725177 0.5804782 0.5901584 0.5970341 0.6002717 0.6021228 0.6041276 0.6039419 0.6067279 0.6137282 0.6172252 0.6188582 0.6254969 0.6337911 0.6404083 0.6495692
0.9845309 1.003556 1.013896 0.9888785 0.9272948 0.8319925 0.7004737 0.6109800 0.5741342 0.5585390 0.5494003 0.5431617 0.5376240 0.5362409 0.5358054 0.5349817 0.5347298 0.5347094 0.5346608 0.5350982 0.5338664 0.5314909 0.5316330 0.5301917 0.5258585 0.5222258 0.5227446 0.5228230 0.5231989 0.5267270 0.5329564 0.5357662 0.5383875 0.5412844 0.5428071 0.5438916 0.5444044 0.5437308 0.5449611 0.5470077 0.5496838 0.5538184 0.5587139 0.5647536 0.5728585 0.5784730 0.5837591 0.5871248 0.5862933 0.5831154 0.5817818 0.5822621 0.5850794 0.5918626 0.5977553 0.6036285 0.6110500 0.6190613 0.6270167 0.6359004
0.9902061 1.004885 1.025396 1.030368 1.009260 0.9411649 0.8806813 0.7735963 0.6585954 0.5936359 0.5683175 0.5624806 0.5565707 0.5510038 0.5477499 0.5457521 0.5439494 0.5447720 0.5462928 0.5520197 0.5528747 0.5543885 0.5573690 0.5586898 0.5572756 0.5562167 0.5578961 0.5569159 0.5566647 0.5576769 0.5586296 0.5559756 0.5545884 0.5538956 0.5525719 0.5522140 0.5531951 0.5549890 0.5571561 0.5613866 0.5669542 0.5725653 0.5778185 0.5832663 0.5866946 0.5876946 0.5882271 0.5889340 0.5886744 0.5882745 0.5912913 0.5947984 0.5981344 0.6032058 0.6095010 0.6134098 0.6170441 0.6226305 0.6290831 0.6352347
0.9427009 0.9647140 0.9815018 0.9923154 0.9996190 0.9934740 0.9713380 0.8918389 0.7870788 0.6683864 0.6009570 0.5564476 0.5503491 0.5483656 0.5456748 0.5410322 0.5391264 0.5395627 0.5441017 0.5507254 0.5562924 0.5577389 0.5595052 0.5625980 0.5671673 0.5728020 0.5730627 0.5738314 0.5741818 0.5742682 0.5720873 0.5701514 0.5684571 0.5680816 0.5662543 0.5658475 0.5671850 0.5683472 0.5710292 0.5742501 0.5769184 0.5809161 0.5844021 0.5865121 0.5891417 0.5905766 0.5920854 0.5939875 0.5968194 0.6010048 0.6068266 0.6127628 0.6168886 0.6207861 0.6245205 0.6260715 0.6271720 0.6292012 0.6317034 0.6346208
0.8743543 0.9007069 0.9307973 0.9542099 0.9757433 0.9757844 0.9604549 0.9442009 0.9004130 0.8138372 0.6804085 0.5679905 0.5077628 0.5041414 0.5034556 0.5035587 0.5056098 0.5085673 0.5124359 0.5172442 0.5150016 0.5176343 0.5189377 0.5255695 0.5311541 0.5390958 0.5385313 0.5433365 0.5472449 0.5478362 0.5510851 0.5545518 0.5567859 0.5552094 0.5570917 0.5584746 0.5579360 0.5606643 0.5631953 0.5639916 0.5627108 0.5649441 0.5682005 0.5681385 0.5720132 0.5760998 0.5791143 0.5831683 0.5893311 0.5968053 0.6036061 0.6103350 0.6157488 0.6185111 0.6208079 0.6230712 0.6250560 0.6219152 0.6215349 0.6227066
0.8224666 0.8615650 0.9053655 0.9323583 0.9642080 0.9669494 0.9557495 0.9483254 0.9454172 0.9052136 0.8330596 0.6549424 0.4991992 0.4509966 0.4429026 0.4456926 0.4504450 0.4479911 0.4480021 0.4463663 0.4469530 0.4504908 0.4517882 0.4587633 0.4630828 0.4650237 0.4654796 0.4667098 0.4657404 0.4719788 0.4814296 0.4912667 0.4920870 0.4984004 0.5042527 0.5105342 0.5084184 0.5133496 0.5182246 0.5140271 0.5169371 0.5208487 0.5244826 0.5223139 0.5270887 0.5322331 0.5366477 0.5408743 0.5492134 0.5559342 0.5583302 0.5659898 0.5734463 0.5773984 0.5760729 0.5807708 0.5805215 0.5762760 0.5777084 0.5794195
