simulation_files/asc_files/Depth____152.0.asc
NCOLS       411
NROWS       131
XLLCENTER    2538020.000000
YLLCENTER    1152390.000000
CELLSIZE           1.000
NODATA_VALUE     -9999.0
[rows 54 to 80 of 131, columns 59 to 117 of 411]
0.6089933 0.6269796 0.6579076 0.7023765 0.7573579 0.8182493 0.8762680 0.9176734 0.9443637 0.9730559 1.007870 1.044788 1.084769 1.136942 1.190332 1.234157 1.277566 1.320211 1.346445 1.356741 1.378886 1.411814 1.440493 1.468061 1.489419 1.505141 1.526573 1.526070 1.450010 1.352730 1.341331 1.363334 1.384506 1.383828 1.391671 1.421964 1.469284 1.515768 1.537632 1.541921 1.538854 1.532732 1.517089 1.504687 1.486541 1.455647 1.446742 1.442719 1.446706 1.501014 1.561211 1.586293 1.574881 1.549649 1.501168 1.453565 1.416660 1.392954 1.391146
0.6076185 0.6419135 0.6874777 0.7400164 0.7948451 0.8449487 0.8833916 0.9103018 0.9350206 0.9655830 1.003215 1.047654 1.100956 1.156986 1.205155 1.246133 1.284235 1.312703 1.324863 1.339521 1.371922 1.403915 1.422152 1.430241 1.433596 1.440165 1.446804 1.414628 1.327709 1.272106 1.277458 1.297552 1.303447 1.307303 1.330693 1.371390 1.417043 1.454104 1.482228 1.500844 1.508940 1.521065 1.515955 1.498412 1.467762 1.424463 1.406965 1.414860 1.375226 1.376042 1.446675 1.504799 1.488783 1.476016 1.437667 1.401993 1.358878 1.335890 1.336916
0.6338698 0.6733991 0.7175106 0.7631216 0.8062774 0.8412089 0.8664367 0.8884807 0.9162302 0.9523770 0.9967298 1.051251 1.114611 1.172636 1.216099 1.250630 1.278626 1.291423 1.290518 1.302725 1.334340 1.357182 1.362847 1.359479 1.355108 1.357500 1.352573 1.299986 1.214054 1.189258 1.210339 1.226009 1.228099 1.242219 1.278717 1.323634 1.363093 1.388590 1.413224 1.446035 1.467470 1.490831 1.498496 1.482746 1.458102 1.392995 1.342825 1.343079 1.325092 1.274001 1.315458 1.390664 1.377063 1.375880 1.352687 1.328768 1.301028 1.283887 1.279037
0.6750002 0.7100842 0.7457579 0.7804598 0.8101107 0.8318048 0.8491472 0.8723827 0.9071442 0.9511553 1.001921 1.062229 1.122523 1.170572 1.202621 1.227051 1.242751 1.241772 1.236868 1.246741 1.268960 1.277000 1.274880 1.269166 1.269655 1.274234 1.253761 1.177628 1.123745 1.130354 1.147930 1.153191 1.160423 1.187280 1.229395 1.270036 1.299692 1.313886 1.325905 1.346958 1.390079 1.422882 1.444737 1.430049 1.412871 1.381669 1.312318 1.281576 1.270275 1.232274 1.219017 1.243362 1.273265 1.252434 1.257799 1.244379 1.230475 1.216144 1.213270
0.7168033 0.7490078 0.7799027 0.8067774 0.8273940 0.8425396 0.8581519 0.8837073 0.9227397 0.9693577 1.019670 1.070560 1.111785 1.139341 1.156398 1.167389 1.168658 1.162647 1.161591 1.170236 1.180151 1.177608 1.170104 1.168016 1.175885 1.177329 1.136365 1.070657 1.053055 1.069913 1.076405 1.079814 1.095691 1.128140 1.165610 1.193709 1.208793 1.219186 1.237892 1.240223 1.279695 1.323305 1.362230 1.367222 1.360351 1.362700 1.302083 1.208605 1.183831 1.153445 1.132315 1.139131 1.151554 1.154399 1.160523 1.167041 1.160952 1.155270 1.152612
0.7475129 0.7845645 0.8159353 0.8365011 0.8494777 0.8605187 0.8762675 0.9028404 0.9404738 0.9807539 1.022375 1.058413 1.077092 1.087651 1.093250 1.093773 1.079563 1.070793 1.076933 1.089796 1.100799 1.095313 1.087923 1.089118 1.103650 1.098782 1.029336 0.9747127 0.9951520 1.004482 0.9999361 1.007772 1.026951 1.053443 1.084537 1.098213 1.097918 1.100303 1.126390 1.141825 1.176147 1.216396 1.261938 1.289262 1.306885 1.312034 1.235802 1.108681 1.066033 1.046821 1.037571 1.050514 1.061573 1.071984 1.079229 1.087268 1.090300 1.087792 1.088193
0.7668133 0.8040500 0.8279380 0.8393404 0.8463116 0.8556749 0.8725456 0.8991397 0.9327650 0.9670240 0.9978487 1.018810 1.027547 1.028983 1.026054 1.013758 0.9972026 0.9919851 1.001742 1.021898 1.038937 1.042650 1.040291 1.045057 1.048599 1.008908 0.9402679 0.9134057 0.9168265 0.9105803 0.9130194 0.9287477 0.9460648 0.9602508 0.9699629 0.9733263 0.9752781 0.9879880 1.014590 1.048737 1.096862 1.127780 1.162240 1.163669 1.180220 1.151471 1.028176 0.9360495 0.9098936 0.9236347 0.9567872 0.9884275 1.001636 1.006891 1.004911 1.006465 1.005750 0.9958529 0.9947303
0.7779914 0.8020539 0.8102915 0.8099618 0.8123741 0.8213498 0.8400636 0.8681935 0.9022002 0.9317261 0.9544412 0.9671778 0.9697265 0.9689761 0.9646900 0.9471917 0.9316016 0.9321096 0.9470784 0.9752766 0.9964983 1.001166 1.000288 1.004820 0.9947374 0.9262956 0.8568977 0.8466352 0.8377265 0.8278715 0.8282295 0.8376299 0.8469881 0.8589441 0.8598165 0.8589831 0.8674453 0.8906382 0.9162005 0.9502561 0.9753602 1.016120 1.008254 0.9118984 0.8926999 0.8604617 0.7908211 0.7435477 0.7842107 0.8380600 0.8942739 0.9420919 0.9574860 0.9526895 0.9415142 0.9295611 0.9078201 0.8763367 0.8670651
0.7674175 0.7706771 0.7645016 0.7605690 0.7633616 0.7751114 0.7956865 0.8262583 0.8567116 0.8787590 0.8940446 0.9005211 0.9031459 0.9109185 0.9104926 0.8956687 0.8871421 0.8927252 0.9132086 0.9382074 0.9502391 0.9495972 0.9458466 0.9404496 0.8932114 0.8107661 0.7692567 0.7559986 0.7452434 0.7354978 0.7374984 0.7480687 0.7594846 0.7705222 0.7685948 0.7709467 0.7804172 0.7858080 0.8023145 0.7984021 0.7405865 0.7206610 0.6105963 0.5141413 0.5007165 0.5435889 0.5593973 0.6153432 0.7057785 0.7788040 0.8385801 0.8809911 0.8945492 0.8786264 0.8464429 0.8065810 0.7617595 0.7196817 0.6897417
0.7286114 0.7177889 0.7086452 0.7075916 0.7139133 0.7291423 0.7535829 0.7855714 0.8120786 0.8298141 0.8421729 0.8472877 0.8550805 0.8698505 0.8718310 0.8594740 0.8550806 0.8646663 0.8855709 0.9029098 0.9041363 0.8946407 0.8818307 0.8551797 0.7827973 0.7061991 0.6828471 0.6727416 0.6640705 0.6711654 0.6771940 0.6892519 0.6948352 0.6938393 0.6861121 0.6860453 0.6825248 0.6672280 0.6284445 0.5368108 0.3624195 0.2604362 0.1795604 0.1971131 0.2559870 0.3737554 0.4545852 0.5457913 0.6473092 0.7211027 0.7687492 0.7980374 0.7982664 0.7657511 0.7194883 0.6566724 0.6001409 0.5537559 0.4868957
0.6703394 0.6578478 0.6557205 0.6596170 0.6705134 0.6914648 0.7229823 0.7564106 0.7803027 0.7996578 0.8102566 0.8157057 0.8289702 0.8424826 0.8387832 0.8272796 0.8256432 0.8366346 0.8544301 0.8609019 0.8506155 0.8304437 0.8088318 0.7580492 0.6703009 0.6289570 0.6220553 0.6161695 0.6246011 0.6351593 0.6416733 0.6433812 0.6344223 0.6198686 0.5925559 0.5827706 0.5457874 0.4880611 0.3635824 0.2363570 0.8887607E-01 -9999.000 0.3982905E-01 0.9976332E-01 0.1905236 0.3115312 0.4291178 0.5179547 0.5934983 0.6529960 0.6809762 0.6951953 0.6690523 0.6212606 0.5384708 0.4439470 0.3793736 0.3251314 0.2825335
0.6289901 0.6236503 0.6276292 0.6384746 0.6574643 0.6864097 0.7211709 0.7523525 0.7767515 0.7947246 0.8033265 0.8102715 0.8201655 0.8220360 0.8112496 0.7999962 0.7982948 0.8055884 0.8125372 0.8056997 0.7837369 0.7565035 0.7220264 0.6597970 0.5984282 0.5812389 0.5815125 0.5829138 0.5923684 0.5993513 0.5923495 0.5813569 0.5573407 0.5297485 0.4991193 0.4637908 0.4086915 0.2931242 0.1369048 -9999.000 -9999.000 0.5974316E-01 0.3751422E-01 0.7086851E-01 0.1696603 0.2738628 0.3736939 0.4482204 0.5173820 0.5592997 0.5940560 0.5667181 0.5243726 0.4380282 0.3030647 0.2042683 0.1858980 -9999.000 -9999.000
0.5983944 0.6025682 0.6159167 0.6342965 0.6624009 0.6995222 0.7357191 0.7627678 0.7878335 0.8016804 0.8058024 0.8129640 0.8166450 0.8034422 0.7838779 0.7706048 0.7661307 0.7680701 0.7642979 0.7439729 0.7144099 0.6884391 0.6546354 0.5859824 0.5557673 0.5515200 0.5461081 0.5536439 0.5569665 0.5502558 0.5408193 0.5154336 0.4821666 0.4710569 0.4565810 0.4223316 0.3666234 0.2232062 0.7911165E-01 -9999.000 -9999.000 -9999.000 -9999.000 0.6162455E-01 0.1391428 0.2311628 0.3142567 0.3793422 0.4332426 0.4731761 0.4719896 0.4417155 0.3958117 0.2758721 0.1312278 -9999.000 -9999.000 -9999.000 -9999.000
0.5902846 0.6027920 0.6214260 0.6467062 0.6810270 0.7182769 0.7487888 0.7735782 0.7917849 0.7981369 0.7989733 0.7970207 0.7832743 0.7596075 0.7395541 0.7279546 0.7225975 0.7169289 0.7023624 0.6787222 0.6553011 0.6334164 0.5914561 0.5506889 0.5282185 0.5229023 0.5271078 0.5348863 0.5368527 0.5307994 0.5333898 0.5372725 0.5117915 0.5105865 0.5102331 0.4830568 0.4235252 0.2714943 0.1169489 -9999.000 -9999.000 -9999.000 -9999.000 -9999.000 0.8759617E-01 0.1659997 0.2289694 0.2876759 0.3410456 0.3682278 0.3553053 0.3206330 0.2814325 0.1854050 -9999.000 -9999.000 -9999.000 -9999.000 -9999.000
0.6011097 0.6171015 0.6398234 0.6686450 0.7043467 0.7366210 0.7585881 0.7752089 0.7788709 0.7687505 0.7570370 0.7414924 0.7152830 0.6893437 0.6758799 0.6710834 0.6704692 0.6644965 0.6489222 0.6292463 0.6137962 0.5970163 0.5516030 0.5259261 0.5173683 0.5337001 0.5515478 0.5731685 0.5892481 0.5971537 0.5968650 0.5969283 0.5991193 0.5734322 0.5510747 0.5197393 0.4624365 0.3551893 0.1675041 -9999.000 -9999.000 -9999.000 -9999.000 -9999.000 0.3687153E-01 0.7683716E-01 0.1216538 0.1798575 0.2467757 0.2666621 0.2435974 0.2059651 0.1719127 0.9481512E-01 0.3099289E-01 -9999.000 -9999.000 -9999.000 -9999.000
0.6128905 0.6315007 0.6554239 0.6834025 0.7129817 0.7289745 0.7429105 0.7403212 0.7227921 0.7005145 0.6812013 0.6605461 0.6400146 0.6279254 0.6259936 0.6307185 0.6355410 0.6344607 0.6282588 0.6216850 0.6154945 0.6003039 0.5808837 0.5683983 0.5834698 0.6109858 0.6424988 0.6628598 0.6699026 0.6643986 0.6446326 0.6220333 0.5995955 0.5718695 0.5415745 0.5215101 0.4723126 0.3543565 0.1748170 -9999.000 -9999.000 -9999.000 -9999.000 -9999.000 -9999.000 -9999.000 0.5535043E-01 0.9497171E-01 0.1437651 0.1585251 0.1362093 0.9222530E-01 0.7036534E-01 -9999.000 -9999.000 -9999.000 -9999.000 -9999.000 -9999.000
0.6259771 0.6441382 0.6597638 0.6797092 0.6921324 0.6906253 0.6811036 0.6642713 0.6411146 0.6258763 0.6160267 0.6073573 0.6031082 0.6060935 0.6154320 0.6284406 0.6403608 0.6477830 0.6568175 0.6660229 0.6650324 0.6509174 0.6398037 0.6485517 0.6602353 0.6760723 0.6810828 0.6815035 0.6657465 0.6437739 0.6176853 0.5947217 0.5769534 0.5600427 0.5395082 0.5144988 0.4594165 0.3189667 0.1270003 -9999.000 -9999.000 -9999.000 -9999.000 -9999.000 -9999.000 -9999.000 -9999.000 -9999.000 0.6035844E-01 0.6773261E-01 -9999.000 -9999.000 -9999.000 -9999.000 -9999.000 -9999.000 -9999.000 -9999.000 -9999.000
0.6299755 0.6381065 0.6445336 0.6455480 0.6369426 0.6241181 0.6207631 0.5994291 0.5967988 0.6002081 0.6014237 0.6030469 0.6099741 0.6221760 0.6408307 0.6617502 0.6769766 0.6891155 0.7035380 0.7227935 0.7245609 0.6984515 0.6781973 0.6750695 0.6747443 0.6681814 0.6529726 0.6422460 0.6216964 0.5974813 0.5803600 0.5695281 0.5558833 0.5381336 0.5216990 0.5044635 0.4422136 0.3362529 -9999.000 -9999.000 -9999.000 -9999.000 -9999.000 -9999.000 -9999.000 -9999.000 -9999.000 -9999.000 -9999.000 -9999.000 -9999.000 -9999.000 -9999.000 -9999.000 -9999.000 -9999.000 -9999.000 -9999.000 -9999.000
0.6290685 0.6087230 0.6158931 0.6164085 0.5966933 0.5886592 0.6222122 0.6314295 0.6340280 0.6460076 0.6466729 0.6497139 0.6645125 0.6801650 0.6990619 0.7152637 0.7285059 0.7346355 0.7432973 0.7463424 0.7350000 0.6954113 0.6688102 0.6570477 0.6497141 0.6371853 0.6158700 0.6023888 0.5707111 0.5561147 0.5483222 0.5419173 0.5351874 0.5242378 0.5106395 0.4819899 0.4088525 -9999.000 -9999.000 -9999.000 -9999.000 -9999.000 -9999.000 -9999.000 -9999.000 -9999.000 -9999.000 -9999.000 -9999.000 -9999.000 -9999.000 -9999.000 -9999.000 -9999.000 -9999.000 -9999.000 -9999.000 -9999.000 -9999.000
0.7211726 0.7016628 0.7155589 0.7452054 0.7402531 0.7514779 0.7652893 0.7797570 0.7922058 0.8382734 0.8573619 0.8404394 0.8743433 0.8726739 0.8736558 0.8813781 0.8712980 0.8406028 0.8127257 0.7856095 0.7492469 0.7047367 0.6570552 0.6426229 0.6266178 0.6124768 0.5869804 0.5747523 0.5500500 0.5317350 0.5269684 0.5268637 0.5243073 0.5248954 0.5096034 0.4355942 0.3470324 -9999.000 -9999.000 -9999.000 -9999.000 -9999.000 -9999.000 -9999.000 -9999.000 -9999.000 -9999.000 -9999.000 -9999.000 -9999.000 -9999.000 -9999.000 -9999.000 -9999.000 -9999.000 -9999.000 -9999.000 -9999.000 -9999.000
0.8458859 0.8748132 0.9033169 0.9296189 0.9608012 0.9586992 0.9468064 0.9688683 0.9656437 0.9553427 0.9961096 1.010467 1.019703 1.044716 1.056918 1.053955 1.069868 1.056487 1.024688 0.9860059 0.8812029 0.8161415 0.7388670 0.6902770 0.6540624 0.6307537 0.5836916 0.5650040 0.5502772 0.5308476 0.5226456 0.5276461 0.5402169 0.5479955 0.5216792 0.3754334 -9999.000 -9999.000 -9999.000 -9999.000 -9999.000 -9999.000 -9999.000 -9999.000 -9999.000 -9999.000 -9999.000 -9999.000 -9999.000 -9999.000 -9999.000 -9999.000 -9999.000 -9999.000 -9999.000 -9999.000 -9999.000 -9999.000 -9999.000
0.8750246 0.9139448 0.9557937 0.9960070 1.033099 1.053968 1.056175 1.057177 1.043656 1.019344 1.024424 1.025894 1.046822 1.082852 1.114295 1.128550 1.145677 1.154361 1.157048 1.126373 1.074968 0.9664114 0.8890220 0.8186064 0.7486393 0.6950593 0.6252624 0.5766673 0.5649120 0.5485449 0.5422199 0.5519861 0.5676309 0.5773138 0.5224029 0.3698484 -9999.000 -9999.000 -9999.000 -9999.000 -9999.000 -9999.000 -9999.000 -9999.000 -9999.000 -9999.000 -9999.000 -9999.000 -9999.000 -9999.000 -9999.000 -9999.000 -9999.000 -9999.000 -9999.000 -9999.000 -9999.000 -9999.000 -9999.000
0.9044591 0.9359953 0.9659701 0.9961355 1.042105 1.074625 1.099205 1.117888 1.121035 1.099180 1.069920 1.044920 1.049845 1.084236 1.118250 1.143103 1.148621 1.153569 1.154188 1.140504 1.094501 1.026128 0.9617384 0.8999685 0.7944347 0.7304297 0.6473097 0.5662737 0.5620889 0.5670753 0.5658623 0.5804204 0.5982167 0.6042332 0.5232189 -9999.000 -9999.000 -9999.000 -9999.000 -9999.000 -9999.000 -9999.000 -9999.000 -9999.000 -9999.000 -9999.000 -9999.000 -9999.000 -9999.000 -9999.000 -9999.000 -9999.000 -9999.000 -9999.000 -9999.000 -9999.000 -9999.000 -9999.000 -9999.000
0.9509651 0.9700049 0.9896800 1.009157 1.044223 1.073607 1.106292 1.134944 1.153114 1.165518 1.162160 1.116777 1.085294 1.097536 1.121399 1.143034 1.141926 1.135090 1.120879 1.089811 1.031027 0.9861913 0.9216291 0.8630413 0.7361563 0.6306684 0.5598818 0.4847335 0.4857690 0.5375555 0.5842714 0.6011386 0.6125844 0.5922641 0.4688268 -9999.000 -9999.000 -9999.000 -9999.000 -9999.000 -9999.000 -9999.000 -9999.000 -9999.000 -9999.000 -9999.000 -9999.000 -9999.000 -9999.000 -9999.000 -9999.000 -9999.000 -9999.000 -9999.000 -9999.000 -9999.000 -9999.000 -9999.000 -9999.000
0.9877480 1.017537 1.036427 1.051600 1.064054 1.083395 1.109436 1.132803 1.154573 1.182702 1.206018 1.194239 1.170177 1.144468 1.136861 1.137763 1.121755 1.072443 1.003958 0.8967161 0.8209222 0.6884463 0.6755817 0.5378959 0.4640039 0.4022620 -9999.000 -9999.000 0.3085296 0.4614905 0.5699308 0.5991962 0.6083419 0.5436901 0.3727896 -9999.000 -9999.000 -9999.000 -9999.000 -9999.000 -9999.000 -9999.000 -9999.000 -9999.000 -9999.000 -9999.000 -9999.000 -9999.000 -9999.000 -9999.000 -9999.000 -9999.000 -9999.000 -9999.000 -9999.000 -9999.000 -9999.000 -9999.000 -9999.000
0.9996876 1.040430 1.093198 1.110714 1.112085 1.105084 1.115290 1.133526 1.153084 1.177909 1.202583 1.219920 1.220638 1.189579 1.156284 1.133426 1.087501 0.8778196 0.7586191 -9999.000 -9999.000 -9999.000 -9999.000 0.1494685 -9999.000 -9999.000 -9999.000 -9999.000 -9999.000 0.2513920 0.3726392 0.5405562 0.5900498 0.5067790 -9999.000 -9999.000 -9999.000 -9999.000 -9999.000 -9999.000 -9999.000 -9999.000 -9999.000 -9999.000 -9999.000 -9999.000 -9999.000 -9999.000 -9999.000 -9999.000 -9999.000 -9999.000 -9999.000 -9999.000 -9999.000 -9999.000 -9999.000 -9999.000 -9999.000
0.9907561 1.046848 1.106788 1.152524 1.166779 1.151363 1.136184 1.139500 1.152787 1.177909 1.195401 1.206701 1.206983 1.183908 1.144150 1.068136 0.8766599 0.5138700 -9999.000 -9999.000 -9999.000 -9999.000 -9999.000 -9999.000 -9999.000 -9999.000 -9999.000 -9999.000 -9999.000 -9999.000 0.1915435 0.3657311 0.4007119 0.3370280 -9999.000 -9999.000 -9999.000 -9999.000 -9999.000 -9999.000 -9999.000 -9999.000 -9999.000 -9999.000 -9999.000 -9999.000 -9999.000 -9999.000 -9999.000 -9999.000 -9999.000 -9999.000 -9999.000 -9999.000 -9999.000 -9999.000 -9999.000 -9999.000 -9999.000
