simulation_files/asc_files/Depth____96.0.asc
NCOLS       411
NROWS       131
XLLCENTER    2538020.000000
YLLCENTER    1152390.000000
CELLSIZE           1.000
NODATA_VALUE     -9999.0
[rows 0 to 25 of 131, columns 295 to 353 of 411]
-9999.000 -9999.000 -9999.000 -9999.000 -9999.000 -9999.000 -9999.000 -9999.000 -9999.000 -9999.000 -9999.000 -9999.000 -9999.000 -9999.000 -9999.000 -9999.000 -9999.000 -9999.000 -9999.000 -9999.000 -9999.000 -9999.000 -9999.000 -9999.000 -9999.000 -9999.000 -9999.000 -9999.000 -9999.000 -9999.000 -9999.000 -9999.000 -9999.000 -9999.000 -9999.000 -9999.000 -9999.000 -9999.000 -9999.000 -9999.000 -9999.000 -9999.000 -9999.000 -9999.000 -9999.000 -9999.000 -9999.000 -9999.000 -9999.000 -9999.000 -9999.000 -9999.000 -9999.000 -9999.000 -9999.000 -9999.000 -9999.000 -9999.000 -9999.000
-9999.000 -9999.000 -9999.000 -9999.000 -9999.000 -9999.000 -9999.000 -9999.000 -9999.000 -9999.000 -9999.000 -9999.000 -9999.000 -9999.000 -9999.000 -9999.000 -9999.000 -9999.000 -9999.000 -9999.000 -9999.000 -9999.000 -9999.000 -9999.000 -9999.000 -9999.000 -9999.000 -9999.000 -9999.000 -9999.000 -9999.000 -9999.000 -9999.000 -9999.000 -9999.000 -9999.000 -9999.000 -9999.000 -9999.000 -9999.000 -9999.000 -9999.000 -9999.000 -9999.000 -9999.000 -9999.000 -9999.000 -9999.000 -9999.000 -9999.000 -9999.000 -9999.000 -9999.000 -9999.000 -9999.000 -9999.000 -9999.000 -9999.000 -9999.000
-9999.000 -9999.000 -9999.000 -9999.000 -9999.000 -9999.000 -9999.000 -9999.000 -9999.000 -9999.000 -9999.000 -9999.000 -9999.000 -9999.000 -9999.000 -9999.000 -9999.000 -9999.000 -9999.000 -9999.000 -9999.000 -9999.000 -9999.000 -9999.000 -9999.000 -9999.000 -9999.000 -9999.000 -9999.000 -9999.000 -9999.000 -9999.000 -9999.000 -9999.000 -9999.000 -9999.000 -9999.000 -9999.000 -9999.000 -9999.000 -9999.000 -9999.000 -9999.000 -9999.000 -9999.000 -9999.000 -9999.000 -9999.000 -9999.000 -9999.000 -9999.000 -9999.000 -9999.000 -9999.000 -9999.000 -9999.000 -9999.000 -9999.000 -9999.000
-9999.000 -9999.000 -9999.000 -9999.000 -9999.000 -9999.000 -9999.000 -9999.000 -9999.000 -9999.000 -9999.000 -9999.000 -9999.000 -9999.000 -9999.000 -9999.000 -9999.000 -9999.000 -9999.000 -9999.000 -9999.000 -9999.000 -9999.000 -9999.000 -9999.000 -9999.000 -9999.000 -9999.000 -9999.000 -9999.000 -9999.000 -9999.000 -9999.000 -9999.000 -9999.000 -9999.000 -9999.000 -9999.000 -9999.000 -9999.000 -9999.000 -9999.000 -9999.000 -9999.000 -9999.000 -9999.000 -9999.000 -9999.000 -9999.000 -9999.000 -9999.000 -9999.000 -9999.000 -9999.000 -9999.000 -9999.000 -9999.000 -9999.000 -9999.000
-9999.000 -9999.000 -9999.000 -9999.000 -9999.000 -9999.000 -9999.000 -9999.000 -9999.000 -9999.000 -9999.000 -9999.000 -9999.000 -9999.000 -9999.000 -9999.000 -9999.000 -9999.000 -9999.000 -9999.000 -9999.000 -9999.000 -9999.000 -9999.000 -9999.000 -9999.000 -9999.000 -9999.000 -9999.000 -9999.000 -9999.000 -9999.000 -9999.000 -9999.000 -9999.000 -9999.000 -9999.000 -9999.000 -9999.000 -9999.000 -9999.000 -9999.000 -9999.000 -9999.000 -9999.000 -9999.000 -9999.000 -9999.000 -9999.000 -9999.000 -9999.000 -9999.000 -9999.000 -9999.000 -9999.000 -9999.000 -9999.000 -9999.000 -9999.000
-9999.000 -9999.000 -9999.000 -9999.000 -9999.000 -9999.000 -9999.000 -9999.000 -9999.000 -9999.000 -9999.000 -9999.000 -9999.000 -9999.000 -9999.000 -9999.000 -9999.000 -9999.000 -9999.000 -9999.000 -9999.000 -9999.000 -9999.000 -9999.000 -9999.000 -9999.000 -9999.000 -9999.000 -9999.000 -9999.000 -9999.000 -9999.000 -9999.000 -9999.000 -9999.000 -9999.000 -9999.000 -9999.000 -9999.000 -9999.000 -9999.000 -9999.000 -9999.000 -9999.000 -9999.000 -9999.000 -9999.000 -9999.000 -9999.000 -9999.000 -9999.000 -9999.000 -9999.000 -9999.000 -9999.000 -9999.000 -9999.000 -9999.000 -9999.000
-9999.000 -9999.000 -9999.000 -9999.000 -9999.000 -9999.000 -9999.000 -9999.000 -9999.000 -9999.000 -9999.000 -9999.000 -9999.000 -9999.000 -9999.000 -9999.000 -9999.000 -9999.000 -9999.000 -9999.000 -9999.000 -9999.000 -9999.000 -9999.000 -9999.000 -9999.000 -9999.000 -9999.000 -9999.000 -9999.000 -9999.000 -9999.000 -9999.000 -9999.000 -9999.000 -9999.000 -9999.000 -9999.000 -9999.000 -9999.000 -9999.000 -9999.000 -9999.000 -9999.000 -9999.000 -9999.000 -9999.000 -9999.000 -9999.000 -9999.000 -9999.000 -9999.000 -9999.000 -9999.000 -9999.000 -9999.000 -9999.000 -9999.000 -9999.000
-9999.000 -9999.000 -9999.000 -9999.000 -9999.000 -9999.000 -9999.000 -9999.000 -9999.000 0.3251823E-01 0.3926799E-01 -9999.000 -9999.000 -9999.000 -9999.000 -9999.000 -9999.000 -9999.000 -9999.000 -9999.000 -9999.000 -9999.000 -9999.000 -9999.000 -9999.000 -9999.000 -9999.000 -9999.000 -9999.000 -9999.000 -9999.000 -9999.000 -9999.000 -9999.000 -9999.000 -9999.000 -9999.000 -9999.000 -9999.000 -9999.000 -9999.000 -9999.000 -9999.000 -9999.000 -9999.000 -9999.000 -9999.000 -9999.000 -9999.000 -9999.000 -9999.000 -9999.000 -9999.000 -9999.000 -9999.000 -9999.000 -9999.000 -9999.000 -9999.000
-9999.000 -9999.000 -9999.000 -9999.000 -9999.000 -9999.000 -9999.000 -9999.000 0.2504832E-01 0.4125602E-01 0.5199807E-01 0.5777167E-01 0.7017666E-01 0.8177886E-01 0.9128888E-01 0.1021205 -9999.000 -9999.000 -9999.000 -9999.000 -9999.000 -9999.000 -9999.000 -9999.000 -9999.000 -9999.000 -9999.000 -9999.000 -9999.000 -9999.000 -9999.000 -9999.000 -9999.000 -9999.000 -9999.000 -9999.000 -9999.000 -9999.000 -9999.000 -9999.000 -9999.000 -9999.000 -9999.000 -9999.000 -9999.000 -9999.000 -9999.000 -9999.000 -9999.000 -9999.000 -9999.000 -9999.000 -9999.000 -9999.000 -9999.000 -9999.000 -9999.000 -9999.000 -9999.000
-9999.000 -9999.000 -9999.000 -9999.000 -9999.000 -9999.000 -9999.000 0.3701909E-01 0.3799297E-01 0.6869848E-01 0.8004893E-01 0.8345673E-01 0.9709374E-01 0.1068838 0.1091398 0.1281045 0.1319849 0.1382865 0.1426520 0.1514308 0.1601940 -9999.000 -9999.000 -9999.000 -9999.000 -9999.000 -9999.000 -9999.000 -9999.000 -9999.000 -9999.000 -9999.000 -9999.000 -9999.000 -9999.000 -9999.000 -9999.000 -9999.000 -9999.000 -9999.000 -9999.000 -9999.000 -9999.000 -9999.000 -9999.000 -9999.000 -9999.000 -9999.000 -9999.000 -9999.000 -9999.000 -9999.000 -9999.000 -9999.000 -9999.000 -9999.000 -9999.000 -9999.000 -9999.000
-9999.000 -9999.000 0.1511571 0.1550947 0.1469614 0.1644837 0.1969782 0.2063255 0.2208792 0.2410756 0.2127988 0.1900715 0.1827559 0.1953405 0.1902909 0.1872472 0.1996622 0.1970969 0.1991377 0.2058987 0.2121490 0.2173821 0.2270680 0.2641946 0.2892030 0.3338583 0.3530307 0.3530073 0.3569386 0.3709902 0.3926743 0.4158204 0.4353987 0.4579996 0.4724946 0.4641422 0.4587470 0.4568046 0.4542379 0.4521272 0.4513437 0.4528292 0.4534734 0.4528766 0.4490387 0.4439751 0.4397526 0.4362840 0.4323748 0.4266455 0.4165383 0.4044710 0.3907913 0.3745173 0.3552932 0.3324577 0.3030573 0.2702698 0.2259813
0.2307654 0.2426629 0.2941888 0.3407180 0.3665756 0.4038164 0.4167810 0.4191548 0.4202217 0.4121490 0.3785509 0.3529536 0.3454113 0.3476326 0.3373456 0.3241246 0.3193102 0.3198895 0.3139558 0.3179882 0.3293319 0.3338425 0.3395563 0.3503709 0.3672492 0.3851586 0.4049835 0.4132027 0.4128058 0.4202421 0.4393111 0.4598718 0.4677830 0.4707510 0.4744863 0.4762415 0.4723589 0.4697194 0.4685505 0.4668149 0.4645362 0.4636338 0.4624113 0.4602724 0.4567778 0.4521383 0.4473705 0.4420446 0.4353504 0.4251784 0.4110397 0.3947848 0.3773885 0.3589460 0.3397653 0.3223483 0.3008938 0.2781797 0.2711938
0.4619479 0.4779369 0.5043018 0.5193407 0.5288828 0.5366711 0.5276338 0.5135862 0.5006293 0.4881489 0.4767046 0.4759268 0.4746747 0.4693139 0.4628576 0.4632232 0.4591933 0.4569605 0.4555949 0.4722924 0.4831900 0.4880614 0.4916362 0.5043020 0.5100999 0.5126100 0.5200104 0.5237217 0.5214114 0.5220941 0.5338134 0.5307056 0.5236105 0.5136978 0.5129347 0.5103212 0.5051542 0.5061455 0.5057119 0.5039232 0.5014424 0.5015708 0.4972969 0.4914794 0.4869469 0.4832614 0.4738749 0.4622142 0.4494850 0.4338540 0.4175377 0.4029979 0.3923597 0.3795951 0.3721162 0.3696817 0.3643119 0.3569007 0.3538933
0.6341642 0.6492303 0.6427015 0.6290848 0.6102888 0.5920093 0.5690970 0.5501533 0.5415411 0.5343025 0.5343889 0.5421443 0.5433744 0.5424642 0.5431494 0.5515955 0.5544746 0.5590535 0.5634531 0.5702620 0.5798931 0.5846608 0.5920096 0.6016670 0.6051938 0.6060620 0.6095741 0.6127346 0.6091177 0.6060690 0.5980059 0.5842901 0.5720521 0.5653931 0.5609944 0.5554435 0.5514278 0.5552550 0.5548039 0.5526388 0.5526766 0.5462329 0.5360732 0.5260719 0.5179248 0.5068709 0.4940709 0.4832462 0.4719467 0.4603832 0.4502605 0.4495417 0.4440964 0.4391432 0.4410470 0.4462518 0.4478884 0.4506859 0.4636149
0.7342990 0.7229144 0.6988159 0.6720218 0.6465523 0.6254225 0.6079765 0.5949311 0.5911140 0.5862386 0.5830084 0.5856910 0.5856872 0.5863751 0.5930540 0.5988958 0.6048394 0.6097869 0.6140511 0.6212255 0.6257092 0.6310410 0.6390379 0.6460162 0.6511620 0.6549750 0.6591267 0.6566767 0.6519316 0.6455383 0.6375984 0.6259658 0.6150025 0.6094689 0.6018700 0.5962340 0.5926980 0.5934530 0.5910437 0.5867512 0.5814056 0.5722371 0.5610692 0.5510164 0.5434137 0.5335889 0.5250307 0.5206069 0.5188264 0.5142733 0.5147217 0.5162554 0.5141656 0.5121591 0.5162648 0.5210090 0.5234964 0.5349586 0.5470377
0.7901473 0.7672369 0.7374631 0.7114266 0.6960382 0.6791660 0.6657028 0.6568321 0.6532129 0.6435989 0.6369805 0.6351473 0.6300562 0.6298278 0.6330995 0.6382634 0.6461322 0.6500222 0.6546233 0.6594054 0.6616488 0.6647804 0.6691248 0.6735044 0.6764769 0.6797423 0.6793114 0.6763125 0.6733677 0.6720572 0.6690792 0.6622864 0.6567258 0.6476275 0.6371195 0.6279783 0.6235525 0.6189269 0.6139660 0.6075391 0.6035176 0.5981578 0.5916635 0.5893131 0.5836962 0.5788140 0.5749083 0.5780232 0.5767053 0.5759878 0.5774825 0.5832211 0.5827373 0.5818068 0.5887664 0.5888707 0.5903401 0.5966790 0.6139540
0.8352248 0.8191761 0.7987266 0.7782238 0.7644009 0.7497294 0.7323440 0.7203741 0.7092365 0.6977958 0.6917113 0.6894232 0.6856799 0.6856761 0.6879604 0.6944088 0.6979523 0.7007271 0.7077949 0.7077957 0.7071182 0.7078128 0.7117721 0.7097496 0.7068121 0.7044710 0.7035306 0.6996858 0.6961691 0.6971051 0.6952738 0.6908691 0.6836366 0.6766395 0.6675309 0.6585491 0.6538536 0.6485932 0.6439210 0.6406651 0.6423020 0.6398074 0.6384069 0.6421912 0.6422140 0.6410541 0.6428382 0.6472282 0.6460518 0.6461368 0.6495829 0.6554557 0.6557592 0.6607380 0.6667041 0.6674205 0.6687938 0.6779873 0.6870378
0.8498520 0.8439240 0.8349327 0.8224833 0.8092290 0.7930035 0.7760537 0.7633600 0.7496572 0.7388898 0.7325468 0.7320309 0.7312463 0.7331633 0.7360345 0.7392602 0.7399644 0.7410369 0.7427607 0.7416916 0.7403512 0.7399376 0.7384452 0.7344893 0.7299106 0.7260450 0.7223047 0.7172956 0.7110135 0.7048860 0.7003914 0.6955017 0.6898290 0.6858803 0.6831257 0.6807608 0.6809511 0.6815703 0.6819721 0.6862674 0.6887601 0.6906805 0.6917343 0.7009834 0.7050723 0.7072617 0.7171069 0.7196474 0.7213394 0.7232635 0.7350162 0.7365096 0.7386146 0.7426207 0.7566318 0.7598480 0.7624972 0.7726395 0.7709856
0.8308974 0.8273802 0.8249346 0.8196836 0.8131346 0.8071977 0.8004642 0.7934631 0.7835986 0.7728846 0.7652314 0.7568484 0.7512219 0.7483899 0.7462241 0.7447440 0.7437166 0.7419459 0.7379718 0.7376058 0.7370302 0.7321343 0.7271011 0.7229119 0.7184521 0.7079497 0.7030918 0.6979883 0.6921475 0.6832559 0.6803911 0.6787130 0.6779408 0.6803720 0.6838433 0.6879852 0.6926544 0.6972649 0.7022046 0.7079362 0.7141016 0.7201384 0.7269286 0.7362023 0.7431699 0.7497590 0.7591647 0.7686829 0.7757043 0.7842258 0.7925397 0.7989336 0.8055982 0.8157638 0.8243437 0.8296712 0.8359293 0.8435274 0.8445428
0.7917726 0.7947289 0.7978334 0.8010191 0.8017937 0.8042840 0.8060569 0.8062625 0.8035425 0.7973491 0.7888926 0.7754045 0.7608292 0.7470987 0.7340562 0.7248419 0.7186100 0.7122535 0.7060035 0.7013521 0.6962197 0.6878299 0.6803033 0.6758998 0.6690141 0.6612948 0.6581784 0.6557318 0.6511613 0.6507876 0.6532725 0.6562665 0.6593289 0.6647863 0.6708306 0.6754780 0.6813620 0.6869896 0.6929910 0.6977895 0.7057492 0.7147683 0.7236438 0.7348855 0.7463933 0.7587971 0.7696098 0.7818729 0.7937638 0.8047605 0.8156618 0.8259178 0.8356593 0.8451929 0.8527721 0.8595112 0.8670686 0.8757426 0.8809663
0.7624361 0.7692511 0.7765990 0.7823892 0.7883921 0.7941545 0.7993538 0.8024740 0.8052969 0.8046476 0.8016243 0.7923256 0.7773410 0.7602017 0.7368044 0.7139255 0.6955653 0.6797159 0.6657238 0.6542150 0.6455754 0.6349328 0.6300083 0.6260086 0.6224266 0.6175802 0.6185251 0.6198934 0.6208307 0.6253052 0.6302989 0.6348421 0.6386439 0.6445788 0.6500212 0.6551220 0.6614786 0.6677018 0.6733547 0.6794842 0.6879931 0.6977607 0.7077251 0.7185853 0.7311245 0.7425524 0.7550552 0.7691678 0.7835621 0.7959653 0.8087620 0.8215275 0.8328088 0.8424919 0.8524980 0.8617219 0.8704570 0.8793232 0.8870001
0.7566183 0.7632904 0.7704078 0.7778326 0.7849173 0.7914233 0.7966552 0.7999248 0.8022278 0.8026463 0.8014195 0.7981347 0.7907300 0.7783849 0.7600874 0.7351782 0.7054350 0.6779146 0.6535689 0.6338042 0.6203553 0.6103918 0.6041686 0.6009378 0.5990516 0.5990311 0.6014892 0.6043922 0.6073409 0.6120190 0.6165435 0.6207361 0.6259079 0.6317351 0.6378863 0.6434628 0.6507147 0.6575409 0.6663564 0.6735346 0.6810439 0.6890498 0.6975034 0.7061601 0.7152654 0.7247121 0.7361584 0.7487970 0.7616354 0.7735600 0.7871075 0.8007368 0.8133605 0.8245242 0.8368746 0.8478081 0.8578895 0.8683923 0.8775959
0.7693765 0.7743405 0.7800733 0.7866261 0.7919648 0.7973042 0.8024631 0.8059699 0.8080639 0.8072564 0.8046386 0.8006079 0.7933137 0.7834903 0.7729924 0.7591273 0.7393884 0.7193569 0.6938812 0.6687045 0.6521014 0.6356325 0.6224004 0.6154136 0.6129058 0.6105469 0.6104452 0.6117431 0.6145209 0.6177597 0.6223202 0.6279414 0.6332725 0.6387804 0.6462039 0.6541998 0.6613498 0.6694072 0.6777362 0.6838282 0.6895778 0.6964643 0.7028982 0.7089671 0.7155666 0.7242230 0.7333847 0.7426583 0.7520265 0.7611679 0.7709502 0.7824781 0.7941100 0.8062663 0.8188083 0.8312446 0.8414129 0.8521846 0.8626839
0.7814980 0.7846916 0.7888600 0.7932382 0.7966285 0.7996625 0.8018880 0.8047509 0.8063329 0.8049865 0.8018248 0.7985238 0.7941899 0.7899614 0.7856991 0.7809867 0.7775965 0.7724737 0.7608195 0.7436088 0.7289399 0.7086322 0.6860462 0.6735189 0.6611034 0.6511708 0.6452644 0.6454344 0.6442824 0.6436081 0.6445306 0.6513079 0.6564613 0.6610524 0.6698149 0.6768270 0.6836297 0.6902963 0.6996246 0.7053983 0.7107024 0.7192890 0.7246909 0.7304961 0.7365783 0.7452282 0.7499665 0.7552956 0.7619650 0.7691974 0.7758898 0.7840085 0.7935189 0.8035231 0.8143180 0.8252435 0.8357990 0.8461401 0.8561148
0.7774370 0.7801656 0.7783846 0.7798718 0.7822027 0.7844380 0.7820349 0.7829301 0.7842217 0.7818653 0.7846118 0.7883319 0.7920084 0.7954815 0.7978213 0.7998300 0.8019069 0.8046196 0.8041841 0.8017144 0.8008862 0.7875987 0.7684877 0.7490883 0.7320740 0.7116711 0.6988845 0.6933260 0.6873480 0.6837868 0.6832709 0.6854767 0.6863383 0.6885150 0.6956298 0.7014881 0.7076646 0.7156846 0.7235826 0.7302470 0.7364075 0.7456606 0.7526723 0.7586783 0.7662985 0.7718506 0.7742917 0.7769678 0.7822631 0.7873248 0.7921659 0.7979893 0.8030423 0.8088715 0.8160056 0.8235733 0.8314625 0.8395855 0.8478975
0.7311066 0.7314489 0.7275749 0.7301308 0.7328785 0.7316810 0.7300233 0.7341988 0.7391973 0.7398629 0.7492361 0.7605648 0.7693241 0.7790563 0.7898910 0.8002525 0.8083985 0.8160412 0.8220368 0.8276567 0.8322347 0.8318949 0.8256291 0.8146844 0.7977640 0.7761610 0.7572253 0.7394925 0.7254892 0.7171721 0.7145746 0.7119228 0.7106116 0.7104838 0.7149038 0.7190988 0.7240936 0.7317471 0.7386686 0.7458138 0.7531090 0.7617630 0.7693008 0.7755519 0.7817926 0.7888806 0.7934515 0.7958739 0.7980813 0.8009063 0.8038570 0.8055178 0.8064769 0.8084620 0.8105594 0.8131570 0.8175030 0.8224584 0.8262871
