simulation_files/asc_files/Depth____29.0.asc
NCOLS       411
NROWS       131
XLLCENTER    2538020.000000
YLLCENTER    1152390.000000
CELLSIZE           1.000
NODATA_VALUE     -9999.0
[rows 0 to 25 of 131, columns 300 to 359 of 411]
-9999.000 -9999.000 -9999.000 -9999.000 -9999.000 -9999.000 -9999.000 -9999.000 -9999.000 -9999.000 -9999.000 -9999.000 -9999.000 -9999.000 -9999.000 -9999.000 -9999.000 -9999.000 -9999.000 -9999.000 -9999.000 -9999.000 -9999.000 -9999.000 -9999.000 -9999.000 -9999.000 -9999.000 -9999.000 -9999.000 -9999.000 -9999.000 -9999.000 -9999.000 -9999.000 -9999.000 -9999.000 -9999.000 -9999.000 -9999.000 -9999.000 -9999.000 -9999.000 -9999.000 -9999.000 -9999.000 -9999.000 -9999.000 -9999.000 -9999.000 -9999.000 -9999.000 -9999.000 -9999.000 -9999.000 -9999.000 -9999.000 -9999.000 -9999.000 -9999.000
-9999.000 -9999.000 -9999.000 -9999.000 -9999.000 -9999.000 -9999.000 -9999.000 -9999.000 -9999.000 -9999.000 -9999.000 -9999.000 -9999.000 -9999.000 -9999.000 -9999.000 -9999.000 -9999.000 -9999.000 -9999.000 -9999.000 -9999.000 -9999.000 -9999.000 -9999.000 -9999.000 -9999.000 -9999.000 -9999.000 -9999.000 -9999.000 -9999.000 -9999.000 -9999.000 -9999.000 -9999.000 -9999.000 -9999.000 -9999.000 -9999.000 -9999.000 -9999.000 -9999.000 -9999.000 -9999.000 -9999.000 -9999.000 -9999.000 -9999.000 -9999.000 -9999.000 -9999.000 -9999.000 -9999.000 -9999.000 -9999.000 -9999.000 -9999.000 -9999.000
-9999.000 -9999.000 -9999.000 -9999.000 -9999.000 -9999.000 -9999.000 -9999.000 -9999.000 -9999.000 -9999.000 -9999.000 -9999.000 -9999.000 -9999.000 -9999.000 -9999.000 -9999.000 -9999.000 -9999.000 -9999.000 -9999.000 -9999.000 -9999.000 -9999.000 -9999.000 -9999.000 -9999.000 -9999.000 -9999.000 -9999.000 -9999.000 -9999.000 -9999.000 -9999.000 -9999.000 -9999.000 -9999.000 -9999.000 -9999.000 -9999.000 -9999.000 -9999.000 -9999.000 -9999.000 -9999.000 -9999.000 -9999.000 -9999.000 -9999.000 -9999.000 -9999.000 -9999.000 -9999.000 -9999.000 -9999.000 -9999.000 -9999.000 -9999.000 -9999.000
-9999.000 -9999.000 -9999.000 -9999.000 -9999.000 -9999.000 -9999.000 -9999.000 -9999.000 -9999.000 -9999.000 -9999.000 -9999.000 -9999.000 -9999.000 -9999.000 -9999.000 -9999.000 -9999.000 -9999.000 -9999.000 -9999.000 -9999.000 -9999.000 -9999.000 -9999.000 -9999.000 -9999.000 -9999.000 -9999.000 -9999.000 -9999.000 -9999.000 -9999.000 -9999.000 -9999.000 -9999.000 -9999.000 -9999.000 -9999.000 -9999.000 -9999.000 -9999.000 -9999.000 -9999.000 -9999.000 -9999.000 -9999.000 -9999.000 -9999.000 -9999.000 -9999.000 -9999.000 -9999.000 -9999.000 -9999.000 -9999.000 -9999.000 -9999.000 -9999.000
-9999.000 -9999.000 -9999.000 -9999.000 -9999.000 -9999.000 -9999.000 -9999.000 -9999.000 -9999.000 -9999.000 -9999.000 -9999.000 -9999.000 -9999.000 -9999.000 -9999.000 -9999.000 -9999.000 -9999.000 -9999.000 -9999.000 -9999.000 -9999.000 -9999.000 -9999.000 -9999.000 -9999.000 -9999.000 -9999.000 -9999.000 -9999.000 -9999.000 -9999.000 -9999.000 -9999.000 -9999.000 -9999.000 -9999.000 -9999.000 -9999.000 -9999.000 -9999.000 -9999.000 -9999.000 -9999.000 -9999.000 -9999.000 -9999.000 -9999.000 -9999.000 -9999.000 -9999.000 -9999.000 -9999.000 -9999.000 -9999.000 -9999.000 -9999.000 -9999.000
-9999.000 -9999.000 -9999.000 -9999.000 -9999.000 -9999.000 -9999.000 -9999.000 -9999.000 -9999.000 -9999.000 -9999.000 -9999.000 -9999.000 -9999.000 -9999.000 -9999.000 -9999.000 -9999.000 -9999.000 -9999.000 -9999.000 -9999.000 -9999.000 -9999.000 -9999.000 -9999.000 -9999.000 -9999.000 -9999.000 -9999.000 -9999.000 -9999.000 -9999.000 -9999.000 -9999.000 -9999.000 -9999.000 -9999.000 -9999.000 -9999.000 -9999.000 -9999.000 -9999.000 -9999.000 -9999.000 -9999.000 -9999.000 -9999.000 -9999.000 -9999.000 -9999.000 -9999.000 -9999.000 -9999.000 -9999.000 -9999.000 -9999.000 -9999.000 -9999.000
-9999.000 -9999.000 -9999.000 -9999.000 -9999.000 -9999.000 -9999.000 -9999.000 -9999.000 -9999.000 -9999.000 -9999.000 -9999.000 -9999.000 -9999.000 -9999.000 -9999.000 -9999.000 -9999.000 -9999.000 -9999.000 -9999.000 -9999.000 -9999.000 -9999.000 -9999.000 -9999.000 -9999.000 -9999.000 -9999.000 -9999.000 -9999.000 -9999.000 -9999.000 -9999.000 -9999.000 -9999.000 -9999.000 -9999.000 -9999.000 -9999.000 -9999.000 -9999.000 -9999.000 -9999.000 -9999.000 -9999.000 -9999.000 -9999.000 -9999.000 -9999.000 -9999.000 -9999.000 -9999.000 -9999.000 -9999.000 -9999.000 -9999.000 -9999.000 -9999.000
-9999.000 -9999.000 -9999.000 -9999.000 -9999.000 -9999.000 -9999.000 -9999.000 -9999.000 -9999.000 -9999.000 -9999.000 -9999.000 -9999.000 -9999.000 -9999.000 -9999.000 -9999.000 -9999.000 -9999.000 -9999.000 -9999.000 -9999.000 -9999.000 -9999.000 -9999.000 -9999.000 -9999.000 -9999.000 -9999.000 -9999.000 -9999.000 -9999.000 -9999.000 -9999.000 -9999.000 -9999.000 -9999.000 -9999.000 -9999.000 -9999.000 -9999.000 -9999.000 -9999.000 -9999.000 -9999.000 -9999.000 -9999.000 -9999.000 -9999.000 -9999.000 -9999.000 -9999.000 -9999.000 -9999.000 -9999.000 -9999.000 -9999.000 -9999.000 -9999.000
-9999.000 -9999.000 -9999.000 -9999.000 -9999.000 -9999.000 -9999.000 -9999.000 -9999.000 -9999.000 -9999.000 -9999.000 -9999.000 -9999.000 -9999.000 -9999.000 -9999.000 -9999.000 -9999.000 -9999.000 -9999.000 -9999.000 -9999.000 -9999.000 -9999.000 -9999.000 -9999.000 -9999.000 -9999.000 -9999.000 -9999.000 -9999.000 -9999.000 -9999.000 -9999.000 -9999.000 -9999.000 -9999.000 -9999.000 -9999.000 -9999.000 -9999.000 -9999.000 -9999.000 -9999.000 -9999.000 -9999.000 -9999.000 -9999.000 -9999.000 -9999.000 -9999.000 -9999.000 -9999.000 -9999.000 -9999.000 -9999.000 -9999.000 -9999.000 -9999.000
-9999.000 -9999.000 -9999.000 -9999.000 -9999.000 -9999.000 -9999.000 -9999.000 -9999.000 -9999.000 -9999.000 -9999.000 -9999.000 -9999.000 -9999.000 -9999.000 -9999.000 -9999.000 -9999.000 -9999.000 -9999.000 -9999.000 -9999.000 -9999.000 -9999.000 -9999.000 -9999.000 -9999.000 -9999.000 -9999.000 -9999.000 -9999.000 -9999.000 -9999.000 -9999.000 -9999.000 -9999.000 -9999.000 -9999.000 -9999.000 -9999.000 -9999.000 -9999.000 -9999.000 -9999.000 -9999.000 -9999.000 -9999.000 -9999.000 -9999.000 -9999.000 -9999.000 -9999.000 -9999.000 -9999.000 -9999.000 -9999.000 -9999.000 -9999.000 -9999.000
-9999.000 -9999.000 -9999.000 -9999.000 -9999.000 -9999.000 -9999.000 -9999.000 -9999.000 -9999.000 -9999.000 -9999.000 -9999.000 -9999.000 -9999.000 -9999.000 -9999.000 -9999.000 -9999.000 -9999.000 -9999.000 0.1030075E-01 -9999.000 -9999.000 -9999.000 -9999.000 -9999.000 -9999.000 -9999.000 -9999.000 0.2302696E-01 0.1649406E-01 0.2274743E-01 0.2470542E-01 0.2064494E-01 0.1741709E-01 0.3400449E-01 0.4418568E-01 0.4958404E-01 0.5671753E-01 0.5770408E-01 0.5943833E-01 0.6076277E-01 0.5961765E-01 0.6020843E-01 0.5367016E-01 0.4397232E-01 0.3889685E-01 0.3205918E-01 0.3182541E-01 0.3378457E-01 0.3684776E-01 0.4407815E-01 0.3287013E-01 0.1679855E-01 -9999.000 -9999.000 -9999.000 -9999.000 -9999.000
-9999.000 -9999.000 -9999.000 -9999.000 -9999.000 -9999.000 -9999.000 -9999.000 -9999.000 -9999.000 -9999.000 -9999.000 -9999.000 -9999.000 -9999.000 -9999.000 -9999.000 -9999.000 0.7187799E-01 0.6824845E-01 0.5407644E-01 0.4179479E-01 0.4078378E-01 0.3209085E-01 -9999.000 -9999.000 -9999.000 0.2772004E-01 0.2747824E-01 0.3585557E-01 0.5005169E-01 0.4399040E-01 0.4583947E-01 0.4952252E-01 0.4815652E-01 0.5085035E-01 0.5485614E-01 0.6075484E-01 0.6510861E-01 0.7011324E-01 0.7151012E-01 0.7240627E-01 0.7219111E-01 0.7281587E-01 0.7049035E-01 0.6469488E-01 0.6276788E-01 0.6046612E-01 0.5447463E-01 0.5282990E-01 0.5385042E-01 0.5165855E-01 0.4958451E-01 0.4577586E-01 0.3404585E-01 -9999.000 -9999.000 -9999.000 -9999.000 -9999.000
-9999.000 -9999.000 -9999.000 -9999.000 -9999.000 -9999.000 -9999.000 -9999.000 -9999.000 -9999.000 0.6560629E-01 0.7533392E-01 0.8775099E-01 0.9424889E-01 0.1051532 0.1123732 0.1125943 0.1129424 0.1181650 0.1143698 0.1056251 0.1038908 0.9803762E-01 0.8665234E-01 0.8245011E-01 0.8981875E-01 0.9118743E-01 0.8747876E-01 0.8523765E-01 0.9250598E-01 0.9606521E-01 0.8809004E-01 0.9178152E-01 0.9514912E-01 0.9753308E-01 0.9976740E-01 0.1051198 0.1066716 0.1070741 0.1088941 0.1143588 0.1139037 0.1148226 0.1186988 0.1144388 0.1111047 0.1091495 0.1097546 0.1042527 0.1012188 0.9977899E-01 0.9039002E-01 0.8387061E-01 0.7692918E-01 0.6774873E-01 0.5745743E-01 0.4285380E-01 0.3400960E-01 -9999.000 -9999.000
-9999.000 -9999.000 -9999.000 -9999.000 -9999.000 -9999.000 -9999.000 0.4767445E-01 0.8013885E-01 0.1051947 0.1375639 0.1568073 0.1706949 0.1802481 0.1841476 0.1876095 0.1850937 0.1818714 0.1827109 0.1795796 0.1737691 0.1709682 0.1713798 0.1693619 0.1710895 0.1711997 0.1652467 0.1593834 0.1586147 0.1555477 0.1513188 0.1452467 0.1490971 0.1535268 0.1577326 0.1648146 0.1673992 0.1632814 0.1613122 0.1638862 0.1644500 0.1648850 0.1685177 0.1696584 0.1670458 0.1639549 0.1671279 0.1638212 0.1587208 0.1558925 0.1524361 0.1437244 0.1360581 0.1354607 0.1263282 0.1152842 0.1061931 0.1047643 0.9772547E-01 0.1149002
-9999.000 -9999.000 -9999.000 -9999.000 -9999.000 -9999.000 0.8025069E-01 0.1205646 0.1504044 0.1720894 0.1856194 0.1978690 0.2080272 0.2120730 0.2152316 0.2142959 0.2135054 0.2124239 0.2131964 0.2155249 0.2179465 0.2234318 0.2240920 0.2268276 0.2322999 0.2345217 0.2282483 0.2204311 0.2187511 0.2123365 0.2074332 0.2047161 0.2095329 0.2114524 0.2141135 0.2181868 0.2179888 0.2156331 0.2127530 0.2150047 0.2125121 0.2123155 0.2139220 0.2155527 0.2140679 0.2126580 0.2123848 0.2092082 0.2045101 0.2019738 0.1985944 0.1926648 0.1906491 0.1908759 0.1889400 0.1872945 0.1916659 0.1982250 0.1895030 0.1865630
-9999.000 -9999.000 -9999.000 0.2927925E-01 0.7647882E-01 0.1266438 0.1793198 0.1993742 0.2086510 0.2162955 0.2239275 0.2348823 0.2410882 0.2449211 0.2459926 0.2455652 0.2477436 0.2498525 0.2525442 0.2558591 0.2645157 0.2697244 0.2719962 0.2743628 0.2824299 0.2864509 0.2836711 0.2826290 0.2776027 0.2706538 0.2643324 0.2654130 0.2656569 0.2648582 0.2629804 0.2663888 0.2656943 0.2642091 0.2657379 0.2637048 0.2614370 0.2583842 0.2591925 0.2550164 0.2513468 0.2482073 0.2466922 0.2437637 0.2409174 0.2417626 0.2391897 0.2366317 0.2349478 0.2394049 0.2418976 0.2445929 0.2537014 0.2550637 0.2533321 0.2504858
-9999.000 -9999.000 -9999.000 0.9358003E-01 0.1549138 0.2153816 0.2481038 0.2596231 0.2681180 0.2752244 0.2838864 0.2890136 0.2928102 0.2996984 0.2992830 0.2975457 0.3001027 0.3087953 0.3116064 0.3126399 0.3165393 0.3243597 0.3261974 0.3262436 0.3324419 0.3359365 0.3355284 0.3325060 0.3328868 0.3280313 0.3226512 0.3235165 0.3221945 0.3197393 0.3183768 0.3219369 0.3184289 0.3162182 0.3179805 0.3153870 0.3110877 0.3071811 0.3052035 0.2981896 0.2924464 0.2892901 0.2870934 0.2833405 0.2840818 0.2863110 0.2858052 0.2853093 0.2889170 0.2920632 0.2921832 0.2931280 0.2984721 0.3023058 0.3033216 0.3097328
-9999.000 -9999.000 -9999.000 0.1362403 0.2207780 0.2639451 0.2883446 0.3038528 0.3164961 0.3256014 0.3331221 0.3378670 0.3424722 0.3469419 0.3478785 0.3479506 0.3522917 0.3574671 0.3594731 0.3608540 0.3643776 0.3677419 0.3678063 0.3669138 0.3660319 0.3664733 0.3661161 0.3665517 0.3679155 0.3685016 0.3683412 0.3712876 0.3724780 0.3713565 0.3732899 0.3717639 0.3682990 0.3653394 0.3671520 0.3641479 0.3592192 0.3591482 0.3539784 0.3486423 0.3432137 0.3462963 0.3411720 0.3382252 0.3378260 0.3442633 0.3436203 0.3440854 0.3505790 0.3509123 0.3508671 0.3523939 0.3596712 0.3623514 0.3674655 0.3827478
-9999.000 -9999.000 -9999.000 0.1458604 0.2284501 0.2736510 0.2986481 0.3171868 0.3305811 0.3377910 0.3434139 0.3513692 0.3575717 0.3601504 0.3620341 0.3638055 0.3659042 0.3665372 0.3678917 0.3700440 0.3691192 0.3687313 0.3692360 0.3700280 0.3690086 0.3715776 0.3742388 0.3781939 0.3827854 0.3871653 0.3905603 0.3936407 0.3946626 0.3947096 0.3946601 0.3932469 0.3900928 0.3883830 0.3884668 0.3873235 0.3853771 0.3848576 0.3846777 0.3830343 0.3819574 0.3813486 0.3806012 0.3805348 0.3818423 0.3835932 0.3849953 0.3881748 0.3944865 0.3986446 0.4028175 0.4113322 0.4186598 0.4274113 0.4390784 0.4607416
-9999.000 -9999.000 -9999.000 0.1066616 0.2027384 0.2641459 0.2875750 0.3033263 0.3142790 0.3199326 0.3266339 0.3351402 0.3412095 0.3445693 0.3474923 0.3492848 0.3491340 0.3484977 0.3488966 0.3486911 0.3475652 0.3487280 0.3510438 0.3519633 0.3547446 0.3595411 0.3649790 0.3702137 0.3762556 0.3814508 0.3838216 0.3856237 0.3857083 0.3849062 0.3808493 0.3781994 0.3765996 0.3748698 0.3776191 0.3792846 0.3810342 0.3799533 0.3819659 0.3834846 0.3827851 0.3839615 0.3856345 0.3873298 0.3873814 0.3912972 0.3967813 0.4034949 0.4128611 0.4216907 0.4317763 0.4449761 0.4582983 0.4731221 0.4906357 0.5088153
-9999.000 -9999.000 -9999.000 0.6823051E-01 0.1844646 0.2557046 0.2700605 0.2807002 0.2888715 0.2962870 0.3041524 0.3124140 0.3187435 0.3241161 0.3278233 0.3308420 0.3321028 0.3323866 0.3308139 0.3290162 0.3264420 0.3274181 0.3294518 0.3309001 0.3349707 0.3401119 0.3454821 0.3499113 0.3552793 0.3586528 0.3605017 0.3627586 0.3625816 0.3588262 0.3537093 0.3517401 0.3519235 0.3518029 0.3519736 0.3538916 0.3546056 0.3562791 0.3596746 0.3634776 0.3655058 0.3680117 0.3720786 0.3762801 0.3797183 0.3864429 0.3955128 0.4050116 0.4165287 0.4287449 0.4419243 0.4581171 0.4735733 0.4885704 0.5040744 0.5164507
-9999.000 -9999.000 -9999.000 0.9408947E-01 0.1872125 0.2450400 0.2615837 0.2719239 0.2817288 0.2897826 0.2977406 0.3054016 0.3126507 0.3185841 0.3233807 0.3285113 0.3328646 0.3354513 0.3343132 0.3313631 0.3254672 0.3214237 0.3211806 0.3224870 0.3249428 0.3285788 0.3305036 0.3344894 0.3372486 0.3394878 0.3390384 0.3417912 0.3419669 0.3404294 0.3389991 0.3386104 0.3374697 0.3364338 0.3351630 0.3348268 0.3356382 0.3378884 0.3412021 0.3452618 0.3492693 0.3536299 0.3592532 0.3660868 0.3735818 0.3832275 0.3939020 0.4050122 0.4172342 0.4301977 0.4433667 0.4561688 0.4682193 0.4796602 0.4905781 0.5004643
-9999.000 -9999.000 0.8606716E-01 0.1532064 0.2294539 0.2589486 0.2737488 0.2837843 0.2950453 0.3030146 0.3106780 0.3179143 0.3255898 0.3316759 0.3381801 0.3467182 0.3539476 0.3596540 0.3644594 0.3676144 0.3611964 0.3504967 0.3423023 0.3372644 0.3344336 0.3347313 0.3349462 0.3348867 0.3353867 0.3366517 0.3384835 0.3403368 0.3416756 0.3420727 0.3418050 0.3429993 0.3448763 0.3453443 0.3433486 0.3405456 0.3402695 0.3412160 0.3422028 0.3448762 0.3494064 0.3543926 0.3602380 0.3689472 0.3780424 0.3878678 0.3980574 0.4087054 0.4193078 0.4301301 0.4424920 0.4530636 0.4643228 0.4734388 0.4815720 0.4871809
-9999.000 -9999.000 0.1314873 0.1992188 0.2526578 0.2771082 0.2929594 0.3045832 0.3156556 0.3230490 0.3297112 0.3375065 0.3442435 0.3511044 0.3599040 0.3715998 0.3828709 0.3925459 0.4034130 0.4123721 0.4171023 0.4119254 0.4042996 0.3871426 0.3698855 0.3589113 0.3569645 0.3542723 0.3522023 0.3544937 0.3549980 0.3553845 0.3556696 0.3580886 0.3590024 0.3617607 0.3671921 0.3690994 0.3702722 0.3700579 0.3725354 0.3700805 0.3671596 0.3676019 0.3711585 0.3746732 0.3808782 0.3905136 0.3986310 0.4073959 0.4171941 0.4286127 0.4372167 0.4463258 0.4561042 0.4633873 0.4702479 0.4770295 0.4827242 0.4852995
-9999.000 -9999.000 0.1610392 0.2399965 0.2739717 0.2927704 0.3073130 0.3187383 0.3281778 0.3356990 0.3422947 0.3493585 0.3563542 0.3637197 0.3730323 0.3853852 0.3984657 0.4119373 0.4257206 0.4401122 0.4515611 0.4593642 0.4621276 0.4528407 0.4333402 0.4125204 0.3955510 0.3818894 0.3761857 0.3762779 0.3753809 0.3748077 0.3765251 0.3796534 0.3818180 0.3857819 0.3921268 0.3962997 0.4002481 0.4062935 0.4097189 0.4082043 0.4048193 0.4069394 0.4082926 0.4093638 0.4153846 0.4205599 0.4268105 0.4341605 0.4439861 0.4518823 0.4581503 0.4640910 0.4706349 0.4746931 0.4792012 0.4843229 0.4880121 0.4901537
-9999.000 0.8046652E-01 0.1512780 0.2319551 0.2596170 0.2796154 0.2957992 0.3065422 0.3155194 0.3247315 0.3330019 0.3389321 0.3459825 0.3537595 0.3603418 0.3696042 0.3821111 0.3973356 0.4084709 0.4251081 0.4429815 0.4555680 0.4691024 0.4793355 0.4801876 0.4718608 0.4507100 0.4235668 0.4038539 0.3971479 0.3930513 0.3915152 0.3944868 0.3969543 0.4000679 0.4042020 0.4103724 0.4150906 0.4202155 0.4271444 0.4352638 0.4388900 0.4394233 0.4407059 0.4414199 0.4418125 0.4428868 0.4450521 0.4478126 0.4520314 0.4568590 0.4620841 0.4658917 0.4696077 0.4727840 0.4753781 0.4787609 0.4815834 0.4853489 0.4892866
