simulation_files/asc_files/Depth____138.0.asc
NCOLS       411
NROWS       131
XLLCENTER    2538020.000000
YLLCENTER    1152390.000000
CELLSIZE           1.000
NODATA_VALUE     -9999.0
[rows 27 to 53 of 131, columns 59 to 117 of 411]
-9999.000 -9999.000 -9999.000 -9999.000 -9999.000 -9999.000 -9999.000 -9999.000 -9999.000 -9999.000 -9999.000 -9999.000 -9999.000 -9999.000 -9999.000 -9999.000 -9999.000 -9999.000 -9999.000 -9999.000 -9999.000 -9999.000 -9999.000 -9999.000 -9999.000 -9999.000 -9999.000 -9999.000 -9999.000 -9999.000 -9999.000 -9999.000 -9999.000 -9999.000 -9999.000 -9999.000 -9999.000 -9999.000 -9999.000 -9999.000 -9999.000 -9999.000 -9999.000 -9999.000 -9999.000 -9999.000 -9999.000 -9999.000 -9999.000 -9999.000 -9999.000 -9999.000 -9999.000 -9999.000 -9999.000 -9999.000 -9999.000 -9999.000 -9999.000
-9999.000 -9999.000 -9999.000 -9999.000 -9999.000 -9999.000 -9999.000 -9999.000 -9999.000 -9999.000 -9999.000 -9999.000 -9999.000 -9999.000 -9999.000 -9999.000 -9999.000 -9999.000 -9999.000 -9999.000 -9999.000 -9999.000 -9999.000 -9999.000 -9999.000 -9999.000 -9999.000 -9999.000 -9999.000 -9999.000 -9999.000 -9999.000 -9999.000 -9999.000 -9999.000 -9999.000 -9999.000 -9999.000 -9999.000 -9999.000 -9999.000 -9999.000 -9999.000 -9999.000 -9999.000 -9999.000 -9999.000 -9999.000 -9999.000 -9999.000 -9999.000 -9999.000 -9999.000 -9999.000 -9999.000 -9999.000 -9999.000 2.108186 2.068062
-9999.000 -9999.000 -9999.000 -9999.000 -9999.000 -9999.000 -9999.000 -9999.000 -9999.000 -9999.000 -9999.000 -9999.000 -9999.000 -9999.000 -9999.000 -9999.000 -9999.000 -9999.000 -9999.000 -9999.000 -9999.000 -9999.000 -9999.000 -9999.000 -9999.000 -9999.000 -9999.000 -9999.000 -9999.000 -9999.000 -9999.000 -9999.000 -9999.000 -9999.000 -9999.000 -9999.000 -9999.000 -9999.000 -9999.000 -9999.000 -9999.000 -9999.000 -9999.000 -9999.000 -9999.000 -9999.000 -9999.000 -9999.000 -9999.000 -9999.000 -9999.000 -9999.000 -9999.000 -9999.000 2.207034 2.183894 2.160042 2.112661 2.072599
-9999.000 -9999.000 -9999.000 -9999.000 -9999.000 -9999.000 -9999.000 -9999.000 -9999.000 -9999.000 -9999.000 -9999.000 -9999.000 -9999.000 -9999.000 -9999.000 -9999.000 -9999.000 -9999.000 -9999.000 -9999.000 -9999.000 -9999.000 -9999.000 -9999.000 -9999.000 -9999.000 -9999.000 -9999.000 -9999.000 -9999.000 -9999.000 -9999.000 -9999.000 -9999.000 -9999.000 -9999.000 -9999.000 -9999.000 -9999.000 -9999.000 -9999.000 -9999.000 -9999.000 -9999.000 -9999.000 -9999.000 -9999.000 -9999.000 -9999.000 -9999.000 2.263698 2.251760 2.233742 2.214193 2.190964 2.164884 2.119851 2.072133
-9999.000 -9999.000 -9999.000 -9999.000 -9999.000 -9999.000 -9999.000 -9999.000 -9999.000 -9999.000 -9999.000 -9999.000 -9999.000 -9999.000 -9999.000 -9999.000 -9999.000 -9999.000 -9999.000 -9999.000 -9999.000 -9999.000 -9999.000 -9999.000 -9999.000 -9999.000 -9999.000 -9999.000 -9999.000 -9999.000 -9999.000 -9999.000 -9999.000 -9999.000 -9999.000 -9999.000 -9999.000 -9999.000 -9999.000 -9999.000 -9999.000 -9999.000 -9999.000 -9999.000 -9999.000 -9999.000 -9999.000 -9999.000 2.068112 2.211296 2.252553 2.262395 2.252104 2.229719 2.207271 2.186424 2.158450 2.118281 2.069604
-9999.000 -9999.000 -9999.000 -9999.000 -9999.000 -9999.000 -9999.000 -9999.000 -9999.000 -9999.000 -9999.000 -9999.000 -9999.000 -9999.000 -9999.000 -9999.000 -9999.000 -9999.000 -9999.000 -9999.000 -9999.000 -9999.000 -9999.000 -9999.000 -9999.000 -9999.000 -9999.000 -9999.000 -9999.000 -9999.000 -9999.000 -9999.000 -9999.000 -9999.000 -9999.000 -9999.000 -9999.000 -9999.000 -9999.000 -9999.000 -9999.000 -9999.000 -9999.000 -9999.000 -9999.000 -9999.000 1.643935 1.838775 2.010592 2.161299 2.239243 2.252746 2.247047 2.221906 2.198471 2.177839 2.151704 2.115261 2.069423
-9999.000 -9999.000 -9999.000 -9999.000 -9999.000 -9999.000 -9999.000 -9999.000 -9999.000 -9999.000 -9999.000 -9999.000 -9999.000 -9999.000 -9999.000 -9999.000 -9999.000 -9999.000 -9999.000 -9999.000 -9999.000 -9999.000 -9999.000 -9999.000 -9999.000 -9999.000 -9999.000 -9999.000 -9999.000 -9999.000 -9999.000 -9999.000 -9999.000 -9999.000 -9999.000 -9999.000 -9999.000 -9999.000 -9999.000 -9999.000 -9999.000 -9999.000 1.247106 1.288590 1.375658 1.475798 1.592508 1.734188 1.946214 2.111716 2.202766 2.238461 2.233227 2.213400 2.189706 2.168113 2.139184 2.098902 2.048649
-9999.000 -9999.000 -9999.000 -9999.000 -9999.000 -9999.000 -9999.000 -9999.000 -9999.000 -9999.000 -9999.000 -9999.000 -9999.000 -9999.000 -9999.000 -9999.000 -9999.000 -9999.000 -9999.000 -9999.000 -9999.000 -9999.000 -9999.000 -9999.000 -9999.000 -9999.000 -9999.000 -9999.000 -9999.000 -9999.000 -9999.000 -9999.000 -9999.000 -9999.000 -9999.000 -9999.000 -9999.000 -9999.000 -9999.000 1.175333 1.184397 1.206275 1.234261 1.278488 1.338338 1.416118 1.506340 1.623608 1.787705 1.983667 2.147240 2.211416 2.214474 2.201076 2.182687 2.160548 2.130338 2.086677 2.031905
-9999.000 -9999.000 -9999.000 -9999.000 -9999.000 -9999.000 -9999.000 -9999.000 -9999.000 -9999.000 -9999.000 -9999.000 -9999.000 -9999.000 -9999.000 -9999.000 -9999.000 -9999.000 -9999.000 -9999.000 -9999.000 -9999.000 -9999.000 -9999.000 -9999.000 -9999.000 -9999.000 -9999.000 -9999.000 -9999.000 -9999.000 -9999.000 -9999.000 -9999.000 -9999.000 -9999.000 1.261665 1.219422 1.191778 1.180336 1.183958 1.203589 1.227100 1.266018 1.311787 1.353367 1.401979 1.483380 1.641837 1.863480 2.065521 2.169104 2.189769 2.182665 2.167260 2.143441 2.110663 2.068661 2.010070
-9999.000 -9999.000 -9999.000 -9999.000 -9999.000 -9999.000 -9999.000 -9999.000 -9999.000 -9999.000 -9999.000 -9999.000 -9999.000 -9999.000 -9999.000 -9999.000 -9999.000 -9999.000 -9999.000 -9999.000 -9999.000 -9999.000 -9999.000 -9999.000 -9999.000 -9999.000 -9999.000 -9999.000 -9999.000 -9999.000 -9999.000 -9999.000 -9999.000 -9999.000 1.468752 1.372027 1.290016 1.237714 1.208085 1.196737 1.199458 1.213326 1.236455 1.269071 1.300884 1.318543 1.336185 1.402884 1.551095 1.743656 1.966516 2.111636 2.153754 2.156478 2.147336 2.127074 2.095843 2.056413 2.004957
-9999.000 -9999.000 -9999.000 -9999.000 -9999.000 -9999.000 -9999.000 -9999.000 -9999.000 -9999.000 -9999.000 -9999.000 -9999.000 -9999.000 -9999.000 -9999.000 -9999.000 -9999.000 -9999.000 -9999.000 -9999.000 -9999.000 -9999.000 -9999.000 -9999.000 -9999.000 -9999.000 -9999.000 -9999.000 -9999.000 1.685698 1.559845 1.517462 1.511300 1.473448 1.389712 1.313913 1.271921 1.246975 1.233260 1.230518 1.239092 1.257170 1.281815 1.298696 1.297210 1.305872 1.374056 1.505495 1.662773 1.881100 2.042675 2.110390 2.124926 2.118875 2.101462 2.075331 2.042600 2.002858
-9999.000 -9999.000 -9999.000 -9999.000 -9999.000 -9999.000 -9999.000 -9999.000 -9999.000 -9999.000 -9999.000 -9999.000 -9999.000 -9999.000 -9999.000 -9999.000 -9999.000 -9999.000 -9999.000 -9999.000 -9999.000 -9999.000 -9999.000 -9999.000 -9999.000 -9999.000 -9999.000 -9999.000 1.872409 1.840825 1.723859 1.567583 1.521204 1.506093 1.460917 1.374008 1.318679 1.298126 1.289021 1.282959 1.280034 1.283000 1.293593 1.308499 1.303657 1.287517 1.302122 1.386289 1.485451 1.626801 1.811951 1.965224 2.049956 2.081230 2.082641 2.070011 2.052197 2.033136 2.007114
-9999.000 -9999.000 -9999.000 -9999.000 -9999.000 -9999.000 -9999.000 -9999.000 -9999.000 -9999.000 -9999.000 -9999.000 -9999.000 -9999.000 -9999.000 -9999.000 -9999.000 -9999.000 -9999.000 -9999.000 -9999.000 -9999.000 -9999.000 -9999.000 1.805719 1.840528 1.863143 1.873314 1.875789 1.861299 1.761157 1.608236 1.527497 1.493427 1.431295 1.355588 1.318258 1.312667 1.316693 1.323806 1.331990 1.339596 1.346181 1.341398 1.318120 1.301464 1.327447 1.406298 1.506211 1.632334 1.804266 1.941722 2.012798 2.040590 2.048897 2.042594 2.030983 2.018006 1.998343
0.8305039 0.8274202 0.8270818 0.8377588 0.8758467 0.9374586 0.9932072 1.015533 1.012786 0.9941740 0.9557529 0.8943279 0.8305015 0.7855245 0.7570556 0.7388612 0.7304107 0.7302990 0.7369990 0.7610720 0.8556760 1.340579 1.681531 1.742499 1.782325 1.815657 1.846587 1.859071 1.869892 1.883303 1.819861 1.627451 1.532761 1.489169 1.401790 1.329413 1.315259 1.319611 1.329318 1.346301 1.367300 1.388395 1.404884 1.385769 1.346110 1.329594 1.359894 1.450323 1.531378 1.647616 1.789901 1.903485 1.971252 2.004082 2.019400 2.020932 2.014982 2.009905 2.000964
0.8297677 0.8298906 0.8347299 0.8492978 0.8805670 0.9281751 0.9733465 0.9950033 0.9901131 0.9657968 0.9289316 0.8851329 0.8404015 0.8003295 0.7689764 0.7491059 0.7425641 0.7519228 0.7841260 0.8639100 1.073326 1.411105 1.646290 1.724916 1.767687 1.795414 1.817919 1.835410 1.854140 1.875574 1.832542 1.682922 1.554540 1.471502 1.381147 1.330114 1.322305 1.327617 1.339561 1.360119 1.385897 1.415340 1.430422 1.414517 1.390884 1.391325 1.435769 1.506235 1.567481 1.655367 1.760619 1.861461 1.933598 1.975997 1.999256 2.009414 2.013232 2.016093 2.015940
0.8365158 0.8413482 0.8500478 0.8633331 0.8813723 0.9078267 0.9351025 0.9465104 0.9364353 0.9129420 0.8889069 0.8702733 0.8525329 0.8293517 0.8025202 0.7830794 0.7829168 0.8100032 0.8757926 1.006414 1.240799 1.488506 1.619216 1.694794 1.744253 1.773052 1.794552 1.810893 1.831652 1.861833 1.858773 1.720676 1.573133 1.461567 1.364277 1.333229 1.332914 1.338026 1.349606 1.370714 1.398452 1.429371 1.441022 1.427786 1.421901 1.446009 1.512436 1.586233 1.634838 1.708933 1.773178 1.846332 1.914592 1.964772 1.997280 2.015060 2.023508 2.028633 2.029447
0.8550387 0.8613436 0.8679272 0.8745253 0.8788046 0.8774556 0.8749515 0.8726651 0.8660494 0.8581880 0.8537096 0.8540693 0.8569403 0.8593155 0.8587556 0.8591669 0.8734440 0.9164496 1.000975 1.152149 1.331644 1.470770 1.572165 1.653404 1.709625 1.746348 1.770708 1.789232 1.810941 1.840218 1.844498 1.754012 1.593470 1.448042 1.369673 1.349602 1.348495 1.354488 1.366835 1.384081 1.410960 1.434142 1.437999 1.435706 1.448032 1.500180 1.586759 1.670805 1.730521 1.786661 1.840384 1.876692 1.933778 1.984175 2.018885 2.034210 2.033786 2.028308 2.018477
0.8734035 0.8771792 0.8773811 0.8725898 0.8585966 0.8347236 0.8155339 0.8113175 0.8159052 0.8231805 0.8313398 0.8430942 0.8615536 0.8877206 0.9194066 0.9550501 0.9979507 1.056522 1.145457 1.272248 1.385279 1.461251 1.533786 1.607229 1.668085 1.713345 1.743327 1.765321 1.788275 1.817547 1.834075 1.767307 1.603207 1.447872 1.381922 1.367970 1.366471 1.374628 1.388913 1.405024 1.424901 1.439039 1.443267 1.452113 1.482500 1.555066 1.657587 1.755653 1.824928 1.882049 1.921279 1.936980 1.961049 1.991530 2.014965 2.024904 2.018286 2.001387 1.985437
0.8807526 0.8789202 0.8696222 0.8501075 0.8216818 0.7948380 0.7807432 0.7825299 0.7960249 0.8119490 0.8282364 0.8488193 0.8777866 0.9197397 0.9755919 1.041953 1.113970 1.192424 1.293807 1.387646 1.440620 1.476980 1.516651 1.562586 1.621026 1.676332 1.713198 1.738064 1.762621 1.789782 1.813242 1.776180 1.605074 1.450650 1.406268 1.390329 1.387475 1.396496 1.413223 1.435685 1.450370 1.454956 1.463479 1.484804 1.535229 1.619437 1.725260 1.823834 1.892111 1.934983 1.953645 1.959112 1.966879 1.979406 1.985672 1.984319 1.975358 1.956760 1.934091
0.8707258 0.8562752 0.8341743 0.8109514 0.7925945 0.7822295 0.7796982 0.7848665 0.7983399 0.8187447 0.8457077 0.8796174 0.9199180 0.9697349 1.033298 1.111213 1.202156 1.308013 1.412198 1.479528 1.508759 1.524574 1.533113 1.544010 1.577444 1.628883 1.674687 1.705958 1.731161 1.755829 1.776613 1.739531 1.602127 1.477852 1.437576 1.426242 1.423972 1.430850 1.449355 1.477295 1.499929 1.509780 1.521500 1.555387 1.616920 1.694266 1.775106 1.848049 1.902805 1.937970 1.946301 1.919590 1.929595 1.940985 1.938691 1.932752 1.926074 1.913101 1.893587
0.8436141 0.8252184 0.8075822 0.7965255 0.7912757 0.7893380 0.7907118 0.7953807 0.8068679 0.8308973 0.8686963 0.9150982 0.9634587 1.013033 1.070290 1.142692 1.237153 1.357333 1.463112 1.521194 1.547549 1.562327 1.559907 1.551059 1.562970 1.595408 1.641119 1.677440 1.704053 1.724815 1.744882 1.726616 1.581499 1.476038 1.460153 1.461406 1.471532 1.485627 1.509244 1.537462 1.568034 1.582134 1.588209 1.614639 1.664344 1.722853 1.776118 1.827083 1.880925 1.914204 1.915346 1.890220 1.880304 1.890457 1.890984 1.877534 1.869691 1.862978 1.848803
0.8068020 0.8023021 0.7999797 0.7994121 0.7988014 0.7974007 0.7965252 0.8006557 0.8167877 0.8495661 0.8952705 0.9456122 0.9962408 1.046943 1.101350 1.168668 1.260788 1.366905 1.457345 1.518020 1.554570 1.568447 1.564124 1.561275 1.566455 1.579632 1.610149 1.647998 1.677318 1.695330 1.705545 1.673306 1.568006 1.495771 1.489507 1.504737 1.531143 1.565870 1.595401 1.610971 1.620359 1.623580 1.625266 1.638826 1.668590 1.705831 1.739961 1.778755 1.827725 1.868210 1.880428 1.855319 1.838099 1.837905 1.837668 1.831844 1.823464 1.819928 1.812416
0.7710058 0.7805964 0.7902619 0.7958986 0.7958461 0.7924394 0.7912982 0.8014897 0.8280654 0.8685432 0.9159886 0.9649112 1.015130 1.067691 1.123403 1.190200 1.274705 1.359882 1.431879 1.490798 1.532241 1.546924 1.547467 1.553065 1.560198 1.566803 1.588341 1.621198 1.648719 1.663572 1.667026 1.636329 1.549437 1.514727 1.533452 1.558791 1.592940 1.638059 1.666627 1.660454 1.638174 1.620958 1.614729 1.625440 1.646819 1.662542 1.676885 1.704705 1.754620 1.816986 1.834702 1.824664 1.806821 1.794044 1.798046 1.796080 1.789993 1.784387 1.773263
0.7350105 0.7450585 0.7556255 0.7644259 0.7702036 0.7758925 0.7888822 0.8153111 0.8515667 0.8914703 0.9322317 0.9767305 1.026850 1.081032 1.140039 1.212341 1.286369 1.347141 1.400377 1.451681 1.486159 1.498315 1.510921 1.524681 1.533734 1.543404 1.562262 1.591617 1.617902 1.631195 1.632697 1.597947 1.535757 1.539077 1.574616 1.595595 1.625494 1.668127 1.694935 1.674345 1.627207 1.593509 1.579248 1.591218 1.623939 1.624342 1.602027 1.629272 1.695200 1.752208 1.784270 1.782835 1.773378 1.761113 1.760099 1.756191 1.752214 1.747284 1.732249
0.6966845 0.6953541 0.6987944 0.7099252 0.7293145 0.7589237 0.7985914 0.8414471 0.8811879 0.9170083 0.9515309 0.9905339 1.036874 1.089556 1.151151 1.221254 1.283412 1.331363 1.374410 1.412173 1.432196 1.442619 1.461673 1.480829 1.494162 1.508590 1.532787 1.566958 1.596532 1.609390 1.604719 1.568107 1.525811 1.539738 1.567959 1.582012 1.609186 1.651096 1.676893 1.657864 1.612424 1.570415 1.544944 1.553069 1.585444 1.587072 1.567878 1.567527 1.634529 1.699253 1.736517 1.744919 1.739635 1.731255 1.726100 1.715865 1.702648 1.694081 1.679319
0.6526758 0.6462545 0.6480447 0.6616932 0.6915539 0.7423643 0.8065676 0.8643910 0.9052468 0.9369210 0.9687517 1.003423 1.043509 1.091288 1.154169 1.216590 1.266234 1.309674 1.350176 1.375578 1.379627 1.390786 1.416756 1.443734 1.466201 1.489172 1.521258 1.559648 1.588954 1.592171 1.570083 1.517945 1.488965 1.509575 1.515481 1.525562 1.558809 1.608804 1.630612 1.620804 1.599342 1.562416 1.526812 1.522385 1.541999 1.541972 1.529711 1.542975 1.599896 1.658833 1.688677 1.710578 1.707531 1.701785 1.686407 1.660844 1.632207 1.613320 1.598130
0.6128663 0.6149479 0.6265446 0.6518637 0.6945315 0.7539834 0.8211848 0.8784775 0.9169240 0.9471254 0.9790428 1.012821 1.049195 1.095898 1.151456 1.201952 1.246358 1.289551 1.322553 1.335955 1.344113 1.364317 1.393941 1.426178 1.456587 1.486205 1.517504 1.544371 1.555237 1.539913 1.494419 1.445712 1.435510 1.443712 1.446316 1.465132 1.507132 1.548405 1.566682 1.573207 1.572601 1.559708 1.539881 1.524215 1.510514 1.497661 1.499285 1.513985 1.547175 1.599189 1.646224 1.674190 1.669928 1.658626 1.634011 1.594240 1.551716 1.539027 1.537141
