simulation_files/asc_files/Depth____58.0.asc
NCOLS       411
NROWS       131
XLLCENTER    2538020.000000
YLLCENTER    1152390.000000
CELLSIZE           1.000
NODATA_VALUE     -9999.0
[rows 27 to 53 of 131, columns 295 to 353 of 411]
0.3861483 0.3879432 0.3898921 0.3952156 0.3951491 0.3960705 0.3998350 0.4039419 0.4045029 0.4082667 0.4160124 0.4256009 0.4307698 0.4421281 0.4580219 0.4691025 0.4852809 0.5024441 0.5183882 0.5267048 0.5432147 0.5643624 0.5844288 0.6091273 0.6424247 0.6814475 0.7140490 0.7601938 0.7957625 0.8065162 0.7843466 0.7142969 0.6330962 0.5842837 0.5690652 0.5648095 0.5626140 0.5602549 0.5619591 0.5627831 0.5603193 0.5627360 0.5655086 0.5662291 0.5651361 0.5710215 0.5794877 0.5848098 0.5871995 0.5911556 0.5893745 0.5859072 0.5848041 0.5831961 0.5770403 0.5723379 0.5721958 0.5685748 0.5696574
0.3153267 0.3167882 0.3264170 0.3355982 0.3418604 0.3464833 0.3540652 0.3599655 0.3612924 0.3657767 0.3708291 0.3761947 0.3804378 0.3900337 0.3999922 0.4069253 0.4212111 0.4361011 0.4477578 0.4598915 0.4782683 0.4990529 0.5185948 0.5397185 0.5659870 0.5919727 0.6262806 0.6754786 0.7345549 0.7894405 0.8371696 0.8278645 0.7513120 0.6410054 0.5683405 0.5410022 0.5281114 0.5210536 0.5181261 0.5168911 0.5109102 0.5102370 0.5106837 0.5048638 0.5059270 0.5088568 0.5155173 0.5153227 0.5229511 0.5292501 0.5307385 0.5291441 0.5293383 0.5271715 0.5189685 0.5164583 0.5150275 0.5134874 0.5111567
0.2536739 0.2598993 0.2697242 0.2797943 0.2844873 0.2930579 0.3036535 0.3134133 0.3159291 0.3218141 0.3272171 0.3280605 0.3344479 0.3423495 0.3506062 0.3535891 0.3642628 0.3772800 0.3849015 0.4016586 0.4208303 0.4426848 0.4604064 0.4853649 0.5102947 0.5326393 0.5532943 0.5843489 0.6244392 0.6712948 0.7451254 0.8150924 0.8239876 0.7468222 0.6223068 0.5389638 0.5040223 0.4862397 0.4759478 0.4684077 0.4614923 0.4592986 0.4588721 0.4541935 0.4526485 0.4516582 0.4502243 0.4484962 0.4531931 0.4617221 0.4660048 0.4727592 0.4805506 0.4814779 0.4816185 0.4797132 0.4765289 0.4704154 0.4687887
0.2189699 0.2182950 0.2241881 0.2293349 0.2305343 0.2363823 0.2442565 0.2523224 0.2607010 0.2721138 0.2796156 0.2795887 0.2846640 0.2907209 0.2948253 0.2977505 0.3064109 0.3179951 0.3267007 0.3416741 0.3612401 0.3800487 0.4003950 0.4265652 0.4517926 0.4687348 0.4780535 0.4861009 0.4824540 0.4801789 0.5090283 0.5717920 0.6398012 0.6930123 0.6740854 0.5891456 0.5145388 0.4740740 0.4510931 0.4366257 0.4291568 0.4226413 0.4180128 0.4124616 0.4109403 0.4086051 0.3995157 0.3951414 0.3936310 0.3955910 0.3920763 0.4011210 0.4118408 0.4222187 0.4202185 0.4269250 0.4317606 0.4265065 0.4284327
0.1937987 0.1895079 0.1900381 0.1900479 0.1879365 0.1880356 0.1895969 0.1925008 0.2056236 0.2210390 0.2321986 0.2345240 0.2371959 0.2409082 0.2400070 0.2456965 0.2535702 0.2637071 0.2722650 0.2899492 0.3099713 0.3233998 0.3416208 0.3592177 0.3724752 0.3515609 0.3393249 0.3246223 0.3109448 0.2881191 0.2924025 0.3243817 0.3971922 0.5247427 0.6091555 0.5819321 0.5084505 0.4605808 0.4350694 0.4228675 0.4145843 0.4039749 0.3928153 0.3855803 0.3856994 0.3860563 0.3812215 0.3738732 0.3667720 0.3596004 0.3514534 0.3444736 0.3387531 0.3313199 0.3303983 0.3444756 0.3620339 0.3725580 0.3822495
0.1635165 0.1619412 0.1628218 0.1618066 0.1555921 0.1523762 0.1507916 0.1547644 0.1694850 0.1847846 0.1945823 0.1973627 0.2002012 0.2025979 0.2031477 0.2063387 0.2128455 0.2201849 0.2320339 0.2493739 0.2643832 0.2642527 0.2479573 0.2297602 0.2057183 0.1951013 0.1968433 0.2016482 0.2034531 0.2065051 0.2138427 0.2366110 0.2949968 0.4120100 0.5201402 0.5164490 0.4520800 0.4149504 0.4039216 0.3986706 0.3944486 0.3834116 0.3695855 0.3648724 0.3691700 0.3770781 0.3741817 0.3689797 0.3586833 0.3401910 0.3229454 0.3059094 0.2893725 0.2750949 0.2707980 0.2844703 0.3095401 0.3267467 0.3390177
0.1390622 0.1410232 0.1425469 0.1395465 0.1342982 0.1302509 0.1312361 0.1391008 0.1537583 0.1672556 0.1718842 0.1723126 0.1741698 0.1762890 0.1757342 0.1788390 0.1831243 0.1892829 0.2024888 0.2139956 0.2091411 0.1758722 0.1471487 0.1265864 0.1180141 0.1268351 0.1440111 0.1617142 0.1750769 0.1907455 0.2062494 0.2270701 0.2697795 0.3530898 0.4267834 0.4244259 0.3846403 0.3603697 0.3557523 0.3529636 0.3481438 0.3401074 0.3306088 0.3276391 0.3337860 0.3358459 0.3308660 0.3216793 0.3095862 0.2905158 0.2768656 0.2690267 0.2606451 0.2533807 0.2577111 0.2757028 0.2976381 0.3099830 0.3156997
0.1327736 0.1352479 0.1345765 0.1309399 0.1261045 0.1227185 0.1255979 0.1356086 0.1491868 0.1594646 0.1606917 0.1569995 0.1549195 0.1558320 0.1580519 0.1602271 0.1633621 0.1687313 0.1798959 0.1764637 0.1442711 0.1123075 0.9586803E-01 0.9135835E-01 0.9296317E-01 0.9971523E-01 0.1104382 0.1245473 0.1397254 0.1618987 0.1859996 0.2091430 0.2474085 0.3090980 0.3553615 0.3549358 0.3343082 0.3180981 0.3153153 0.3124145 0.3026561 0.2924887 0.2818690 0.2802548 0.2810789 0.2692133 0.2556493 0.2441313 0.2359098 0.2301782 0.2327412 0.2395743 0.2485152 0.2637853 0.2857388 0.3119935 0.3291850 0.3295388 0.3237530
0.1372188 0.1341564 0.1284892 0.1222399 0.1188426 0.1169916 0.1209687 0.1311422 0.1475780 0.1582071 0.1558715 0.1498670 0.1453587 0.1467411 0.1488263 0.1493758 0.1498488 0.1534228 0.1646210 0.1506909 0.1132746 0.9194677E-01 0.8449438E-01 0.8295665E-01 0.8465948E-01 0.8734390E-01 0.9302860E-01 0.1024879 0.1141730 0.1313388 0.1528987 0.1815819 0.2244978 0.2707922 0.2954866 0.3007114 0.2972851 0.2837644 0.2755750 0.2735326 0.2657458 0.2535397 0.2435327 0.2349361 0.2246284 0.2078873 0.1976824 0.1947853 0.1950121 0.2037831 0.2185132 0.2398557 0.2729440 0.3146421 0.3558789 0.3871344 0.4090158 0.4076756 0.4009546
0.1397312 0.1313561 0.1208180 0.1128802 0.1088153 0.1102188 0.1187756 0.1318210 0.1471737 0.1542558 0.1492739 0.1431457 0.1424851 0.1448760 0.1461308 0.1452596 0.1428427 0.1484355 0.1540731 0.1291189 0.1020627 0.9216290E-01 0.8753303E-01 0.8601818E-01 0.8599624E-01 0.8826737E-01 0.9142736E-01 0.9764150E-01 0.1058093 0.1156300 0.1341888 0.1588367 0.2010910 0.2504872 0.2702428 0.2769563 0.2851518 0.2688552 0.2461424 0.2388306 0.2319235 0.2198964 0.2087961 0.1971812 0.1857798 0.1771461 0.1752423 0.1781213 0.1859535 0.2017763 0.2262056 0.2622096 0.3107659 0.3614631 0.4042185 0.4315183 0.4462754 0.4557814 0.4612303
0.1445384 0.1320356 0.1233881 0.1157050 0.1102427 0.1126261 0.1234855 0.1335970 0.1480036 0.1531321 0.1458351 0.1396503 0.1414166 0.1434643 0.1424446 0.1384364 0.1361845 0.1421570 0.1432154 0.1217223 0.1034451 0.9560363E-01 0.9139461E-01 0.8926647E-01 0.8971779E-01 0.9231850E-01 0.9476793E-01 0.9896516E-01 0.1044722 0.1127958 0.1263211 0.1493973 0.1821366 0.2281980 0.2586132 0.2691411 0.2858396 0.2805174 0.2342317 0.2144992 0.2073104 0.1964950 0.1877101 0.1806894 0.1758256 0.1752154 0.1781912 0.1852339 0.2005413 0.2239241 0.2548015 0.2976119 0.3424193 0.3799233 0.4061593 0.4241199 0.4355352 0.4457678 0.4546215
0.1772765 0.1623090 0.1565506 0.1519200 0.1491598 0.1566606 0.1705273 0.1782716 0.1881748 0.1906470 0.1696571 0.1547726 0.1493476 0.1431123 0.1357968 0.1300936 0.1312073 0.1361515 0.1300869 0.1158324 0.1038053 0.9680082E-01 0.9300757E-01 0.9086730E-01 0.9179893E-01 0.9350096E-01 0.9594804E-01 0.9945900E-01 0.1045691 0.1120387 0.1253314 0.1480730 0.1809000 0.2281804 0.2589103 0.2707208 0.2907090 0.2928259 0.2441978 0.2047104 0.1916958 0.1802450 0.1738381 0.1713008 0.1716364 0.1748139 0.1815254 0.1939955 0.2168966 0.2492630 0.2900484 0.3354679 0.3755539 0.3992785 0.4115369 0.4192780 0.4249665 0.4309563 0.4370261
0.2477487 0.2317038 0.2213927 0.2170869 0.2235460 0.2543209 0.2803362 0.3054484 0.3136167 0.3008462 0.2584679 0.2245723 0.1972810 0.1670181 0.1453295 0.1332904 0.1302259 0.1276316 0.1203775 0.1136064 0.1061592 0.9930635E-01 0.9519718E-01 0.9248638E-01 0.9222448E-01 0.9363025E-01 0.9508404E-01 0.9942265E-01 0.1039078 0.1084654 0.1212007 0.1423461 0.1782835 0.2289690 0.2612436 0.2741730 0.2938227 0.3041509 0.2545324 0.2063317 0.1877678 0.1785201 0.1739172 0.1729055 0.1762395 0.1810988 0.1908768 0.2124851 0.2451665 0.2852706 0.3290412 0.3741119 0.4009376 0.4117453 0.4124870 0.4092341 0.4045053 0.3996742 0.3952106
0.3029565 0.2993626 0.2870677 0.2829323 0.2900770 0.3095368 0.3456270 0.3696986 0.3634150 0.3416122 0.3190344 0.2783454 0.2369986 0.2028769 0.1761299 0.1589502 0.1405014 0.1245734 0.1158116 0.1106595 0.1064298 0.1017519 0.9785603E-01 0.9402397E-01 0.9244089E-01 0.9467680E-01 0.9629461E-01 0.9951112E-01 0.1043038 0.1095020 0.1229490 0.1435168 0.1769677 0.2264650 0.2641297 0.2778068 0.2942294 0.3060880 0.2726104 0.2194474 0.2044635 0.1973310 0.1944376 0.1969557 0.2049451 0.2149789 0.2330681 0.2648955 0.3061448 0.3437097 0.3779129 0.3987576 0.4042238 0.4008526 0.3889474 0.3731427 0.3584265 0.3437316 0.3438883
0.3085779 0.3235939 0.3327498 0.3444872 0.3548607 0.3644064 0.3700311 0.3524277 0.3128925 0.2978102 0.2978404 0.2752239 0.2472629 0.2279818 0.2106004 0.1916858 0.1637472 0.1373820 0.1188852 0.1093729 0.1070868 0.1043046 0.9995739E-01 0.9579529E-01 0.9478126E-01 0.9910569E-01 0.1005118 0.1029622 0.1090363 0.1181110 0.1325602 0.1522789 0.1849479 0.2319991 0.2664619 0.2815495 0.3014130 0.3131420 0.2763765 0.2412481 0.2332464 0.2317761 0.2331000 0.2434053 0.2540658 0.2721906 0.2983434 0.3380860 0.3688023 0.3933109 0.4068369 0.4019556 0.3853525 0.3646764 0.3379824 0.3176457 0.3010661 0.2903049 0.2857846
0.2895829 0.3214692 0.3469644 0.3609790 0.3799661 0.3779702 0.3447723 0.3039274 0.2740676 0.2631052 0.2577334 0.2496809 0.2451576 0.2409120 0.2319609 0.2170880 0.1941492 0.1679125 0.1461326 0.1197387 0.1079879 0.1056318 0.1021351 0.9917710E-01 0.9939774E-01 0.1025484 0.1060826 0.1096884 0.1184532 0.1305705 0.1437301 0.1626881 0.1940443 0.2359213 0.2673962 0.2858219 0.3049321 0.3041058 0.2747049 0.2557196 0.2566622 0.2610032 0.2683961 0.2828156 0.3000435 0.3217553 0.3477942 0.3710768 0.3875864 0.3956578 0.3866588 0.3626560 0.3377764 0.3119448 0.2934551 0.2779115 0.2656094 0.2580981 0.2557739
0.2386030 0.2570546 0.2866490 0.2903338 0.3007777 0.2947611 0.2858647 0.2729492 0.2692400 0.2631365 0.2508412 0.2455279 0.2445495 0.2460497 0.2464145 0.2397953 0.2263342 0.2063094 0.1856306 0.1431516 0.1129966 0.1067155 0.1037098 0.1014248 0.1016870 0.1046091 0.1096006 0.1177537 0.1273215 0.1363862 0.1449546 0.1621063 0.1955322 0.2354434 0.2632949 0.2856594 0.2994763 0.2794648 0.2552270 0.2530984 0.2584998 0.2658253 0.2765221 0.2918717 0.3098708 0.3277008 0.3414937 0.3530916 0.3576345 0.3507777 0.3246452 0.3013648 0.2848546 0.2743500 0.2656315 0.2543244 0.2395182 0.2281244 0.2244562
0.1636632 0.1716652 0.1844234 0.2073927 0.2088358 0.2330971 0.2504992 0.2575118 0.2604607 0.2620381 0.2563401 0.2463812 0.2398437 0.2373970 0.2378920 0.2395635 0.2393236 0.2388010 0.2326566 0.2216163 0.1651538 0.1149188 0.1035665 0.1016928 0.1019230 0.1052963 0.1112330 0.1181345 0.1223389 0.1260089 0.1340169 0.1507658 0.1837975 0.2247205 0.2535525 0.2718719 0.2738242 0.2563268 0.2428749 0.2428235 0.2476601 0.2560327 0.2672154 0.2803520 0.2932691 0.3031611 0.3079763 0.3084293 0.3041108 0.2854819 0.2593259 0.2418199 0.2368322 0.2386645 0.2391448 0.2265023 0.2086469 0.1962408 0.1891558
0.1343844 0.1378807 0.1441143 0.1618829 0.1787031 0.2046396 0.2261881 0.2348820 0.2406724 0.2456853 0.2460386 0.2422883 0.2376049 0.2318888 0.2297409 0.2307797 0.2364824 0.2465890 0.2568142 0.2681764 0.2497832 0.1886694 0.1256862 0.9832036E-01 0.9587377E-01 0.9782121E-01 0.1023122 0.1054474 0.1059756 0.1074922 0.1161490 0.1358671 0.1683138 0.2072440 0.2363828 0.2510534 0.2464311 0.2317981 0.2284485 0.2295283 0.2353064 0.2454838 0.2573271 0.2686371 0.2752299 0.2777204 0.2742169 0.2707575 0.2598580 0.2343738 0.2127572 0.2032196 0.2081121 0.2197178 0.2197282 0.1998122 0.1803270 0.1677234 0.1575930
0.1360863 0.1382998 0.1459038 0.1586644 0.1725460 0.1892676 0.2082756 0.2194878 0.2240479 0.2274374 0.2326451 0.2452518 0.2490628 0.2472951 0.2414058 0.2409081 0.2389695 0.2464261 0.2550237 0.2662222 0.3001195 0.2816343 0.1877744 0.1121338 0.9405272E-01 0.8940194E-01 0.8924089E-01 0.8974622E-01 0.9233505E-01 0.9808626E-01 0.1093117 0.1287944 0.1565372 0.1897189 0.2146317 0.2226913 0.2168921 0.2097505 0.2105369 0.2162480 0.2259185 0.2375754 0.2477273 0.2528767 0.2531513 0.2487654 0.2458455 0.2407091 0.2272132 0.2068776 0.1943973 0.1956984 0.2060611 0.2126475 0.1987760 0.1739877 0.1553069 0.1425982 0.1278832
0.1205937 0.1321391 0.1424525 0.1574677 0.1740407 0.1912035 0.2086405 0.2201111 0.2162013 0.2123368 0.2197712 0.2346273 0.2492061 0.2573740 0.2606631 0.2594520 0.2594121 0.2604012 0.2623897 0.2627998 0.2785099 0.2993385 0.2692233 0.1786950 0.1138182 0.9386993E-01 0.8791374E-01 0.8701974E-01 0.9149490E-01 0.9962389E-01 0.1077933 0.1160054 0.1309920 0.1647975 0.1908204 0.1903422 0.1867841 0.1873132 0.1936330 0.2066863 0.2199118 0.2313518 0.2367819 0.2370887 0.2330253 0.2294491 0.2313850 0.2273709 0.2120621 0.1931805 0.1886688 0.1975603 0.2066335 0.2008940 0.1786590 0.1550494 0.1394143 0.1229503 0.1055192
0.7457490E-01 0.9549016E-01 0.1235860 0.1403894 0.1644508 0.1936261 0.2141210 0.2338739 0.2290333 0.2124800 0.1939868 0.2056805 0.2222666 0.2474571 0.2621445 0.2708783 0.2814569 0.2885173 0.2942796 0.2905859 0.2932907 0.3109675 0.3212725 0.2738980 0.1974325 0.1348064 0.1091048 0.1033192 0.1020708 0.1024203 0.1035225 0.1044300 0.1214172 0.1544665 0.1733212 0.1704069 0.1711061 0.1784545 0.1908185 0.2052850 0.2179269 0.2252162 0.2259476 0.2229747 0.2203953 0.2243872 0.2307223 0.2253324 0.2000903 0.1779875 0.1842572 0.1995773 0.2027206 0.1877423 0.1633446 0.1453985 0.1286659 0.1059006 0.7874623E-01
-9999.000 0.4765910E-01 0.6494379E-01 0.9274606E-01 0.1170622 0.1480692 0.1843265 0.2199383 0.2460485 0.2341878 0.2007030 0.1789554 0.1883769 0.2101008 0.2382230 0.2624059 0.2797224 0.3003220 0.3172015 0.3299535 0.3353202 0.3423349 0.3603640 0.3706936 0.3208221 0.2255905 0.1520795 0.1356503 0.1234745 0.1165253 0.1130938 0.1190186 0.1459943 0.1736087 0.1655536 0.1521398 0.1595650 0.1735633 0.1873548 0.2007638 0.2104493 0.2133653 0.2115486 0.2084609 0.2093170 0.2159442 0.2210693 0.2117922 0.1857665 0.1734085 0.1860888 0.1997621 0.1981539 0.1823820 0.1638687 0.1430297 0.1203020 0.9563554E-01 0.6947232E-01
-9999.000 -9999.000 -9999.000 0.3805473E-01 0.5380336E-01 0.6007143E-01 0.1099644 0.1388885 0.2195433 0.2386615 0.2298933 0.1908364 0.1745171 0.1708964 0.1956455 0.2243550 0.2543962 0.2793503 0.3079671 0.3372605 0.3568824 0.3719855 0.3922579 0.4098340 0.4057407 0.3490078 0.2545252 0.1743689 0.1393959 0.1358919 0.1348606 0.1441082 0.1576937 0.1514872 0.1296146 0.1244671 0.1374728 0.1536163 0.1680491 0.1797397 0.1885718 0.1888615 0.1859481 0.1838694 0.1831877 0.1870315 0.1901382 0.1884573 0.1776175 0.1828565 0.2048921 0.2267106 0.2288994 0.2119403 0.1858372 0.1580831 0.1364948 0.1059906 0.7504036E-01
-9999.000 -9999.000 -9999.000 -9999.000 -9999.000 0.1940433E-01 -9999.000 0.6457085E-01 0.1211028 0.1945370 0.2289636 0.2180298 0.1915437 0.1782073 0.1652368 0.1796628 0.2068255 0.2388931 0.2805572 0.3147989 0.3459354 0.3829924 0.4071071 0.4367362 0.4596812 0.4677929 0.4039020 0.2938186 0.1890755 0.1461218 0.1267104 0.1300491 0.1245480 0.1041925 0.9046241E-01 0.9923913E-01 0.1168695 0.1333891 0.1461077 0.1550230 0.1626664 0.1625723 0.1590688 0.1566702 0.1564339 0.1592503 0.1683265 0.1817491 0.2024762 0.2240992 0.2525512 0.2737710 0.2652467 0.2385849 0.1972037 0.1541668 0.1224003 0.8744735E-01 0.5922094E-01
-9999.000 -9999.000 -9999.000 -9999.000 -9999.000 -9999.000 -9999.000 -9999.000 -9999.000 0.1291903 0.1773558 0.2028157 0.2032066 0.2054320 0.1809846 0.1693616 0.1661936 0.1917803 0.2316324 0.2678162 0.3131327 0.3623465 0.3987294 0.4372547 0.4782657 0.5144974 0.5133016 0.4860367 0.3811541 0.2336563 0.1239774 0.9982584E-01 0.8732227E-01 0.7749391E-01 0.8379871E-01 0.1012790 0.1185566 0.1337625 0.1424081 0.1486765 0.1531527 0.1512905 0.1467631 0.1440056 0.1481608 0.1652613 0.1963173 0.2407937 0.2745072 0.2956580 0.3090292 0.2997203 0.2550978 0.1933154 0.1476817 0.1063140 0.7678794E-01 -9999.000 -9999.000
-9999.000 -9999.000 -9999.000 -9999.000 -9999.000 -9999.000 -9999.000 -9999.000 -9999.000 -9999.000 0.1029437 0.1264777 0.1490195 0.1712591 0.1862535 0.1737545 0.1622740 0.1574402 0.1764906 0.2001937 0.2612896 0.3171506 0.3664821 0.4116592 0.4635047 0.5235999 0.5546294 0.5570562 0.5039078 0.4196341 0.2846057 0.1662167 0.1113649 0.1032175 0.1059117 0.1154247 0.1306495 0.1428423 0.1489169 0.1542823 0.1603836 0.1589681 0.1573548 0.1684765 0.2048613 0.2490245 0.2995221 0.3432088 0.3561691 0.3485266 0.3216898 0.2787736 0.2176274 0.1503288 0.9583259E-01 -9999.000 -9999.000 -9999.000 -9999.000
