simulation_files/asc_files/Depth____129.0.asc
NCOLS       411
NROWS       131
XLLCENTER    2538020.000000
YLLCENTER    1152390.000000
CELLSIZE           1.000
NODATA_VALUE     -9999.0
[rows 27 to 53 of 131, columns 59 to 117 of 411]
-9999.000 -9999.000 -9999.000 -9999.000 -9999.000 -9999.000 -9999.000 -9999.000 -9999.000 -9999.000 -9999.000 -9999.000 -9999.000 -9999.000 -9999.000 -9999.000 -9999.000 -9999.000 -9999.000 -9999.000 -9999.000 -9999.000 -9999.000 -9999.000 -9999.000 -9999.000 -9999.000 -9999.000 -9999.000 -9999.000 -9999.000 -9999.000 -9999.000 -9999.000 -9999.000 -9999.000 -9999.000 -9999.000 -9999.000 -9999.000 -9999.000 -9999.000 -9999.000 -9999.000 -9999.000 -9999.000 -9999.000 -9999.000 -9999.000 -9999.000 -9999.000 -9999.000 -9999.000 -9999.000 -9999.000 -9999.000 -9999.000 -9999.000 -9999.000
-9999.000 -9999.000 -9999.000 -9999.000 -9999.000 -9999.000 -9999.000 -9999.000 -9999.000 -9999.000 -9999.000 -9999.000 -9999.000 -9999.000 -9999.000 -9999.000 -9999.000 -9999.000 -9999.000 -9999.000 -9999.000 -9999.000 -9999.000 -9999.000 -9999.000 -9999.000 -9999.000 -9999.000 -9999.000 -9999.000 -9999.000 -9999.000 -9999.000 -9999.000 -9999.000 -9999.000 -9999.000 -9999.000 -9999.000 -9999.000 -9999.000 -9999.000 -9999.000 -9999.000 -9999.000 -9999.000 -9999.000 -9999.000 -9999.000 -9999.000 -9999.000 -9999.000 -9999.000 -9999.000 -9999.000 -9999.000 -9999.000 2.143309 2.119031
-9999.000 -9999.000 -9999.000 -9999.000 -9999.000 -9999.000 -9999.000 -9999.000 -9999.000 -9999.000 -9999.000 -9999.000 -9999.000 -9999.000 -9999.000 -9999.000 -9999.000 -9999.000 -9999.000 -9999.000 -9999.000 -9999.000 -9999.000 -9999.000 -9999.000 -9999.000 -9999.000 -9999.000 -9999.000 -9999.000 -9999.000 -9999.000 -9999.000 -9999.000 -9999.000 -9999.000 -9999.000 -9999.000 -9999.000 -9999.000 -9999.000 -9999.000 -9999.000 -9999.000 -9999.000 -9999.000 -9999.000 -9999.000 -9999.000 -9999.000 -9999.000 -9999.000 -9999.000 -9999.000 2.183124 2.175640 2.168624 2.144585 2.123861
-9999.000 -9999.000 -9999.000 -9999.000 -9999.000 -9999.000 -9999.000 -9999.000 -9999.000 -9999.000 -9999.000 -9999.000 -9999.000 -9999.000 -9999.000 -9999.000 -9999.000 -9999.000 -9999.000 -9999.000 -9999.000 -9999.000 -9999.000 -9999.000 -9999.000 -9999.000 -9999.000 -9999.000 -9999.000 -9999.000 -9999.000 -9999.000 -9999.000 -9999.000 -9999.000 -9999.000 -9999.000 -9999.000 -9999.000 -9999.000 -9999.000 -9999.000 -9999.000 -9999.000 -9999.000 -9999.000 -9999.000 -9999.000 -9999.000 -9999.000 -9999.000 2.204052 2.200007 2.191419 2.184115 2.177066 2.168044 2.144698 2.123199
-9999.000 -9999.000 -9999.000 -9999.000 -9999.000 -9999.000 -9999.000 -9999.000 -9999.000 -9999.000 -9999.000 -9999.000 -9999.000 -9999.000 -9999.000 -9999.000 -9999.000 -9999.000 -9999.000 -9999.000 -9999.000 -9999.000 -9999.000 -9999.000 -9999.000 -9999.000 -9999.000 -9999.000 -9999.000 -9999.000 -9999.000 -9999.000 -9999.000 -9999.000 -9999.000 -9999.000 -9999.000 -9999.000 -9999.000 -9999.000 -9999.000 -9999.000 -9999.000 -9999.000 -9999.000 -9999.000 -9999.000 -9999.000 1.992554 2.136704 2.182675 2.198982 2.197420 2.185231 2.175244 2.169579 2.158103 2.136286 2.118375
-9999.000 -9999.000 -9999.000 -9999.000 -9999.000 -9999.000 -9999.000 -9999.000 -9999.000 -9999.000 -9999.000 -9999.000 -9999.000 -9999.000 -9999.000 -9999.000 -9999.000 -9999.000 -9999.000 -9999.000 -9999.000 -9999.000 -9999.000 -9999.000 -9999.000 -9999.000 -9999.000 -9999.000 -9999.000 -9999.000 -9999.000 -9999.000 -9999.000 -9999.000 -9999.000 -9999.000 -9999.000 -9999.000 -9999.000 -9999.000 -9999.000 -9999.000 -9999.000 -9999.000 -9999.000 -9999.000 1.580857 1.767836 1.935778 2.085668 2.166839 2.185572 2.188202 2.174197 2.162407 2.155528 2.145834 2.128058 2.109496
-9999.000 -9999.000 -9999.000 -9999.000 -9999.000 -9999.000 -9999.000 -9999.000 -9999.000 -9999.000 -9999.000 -9999.000 -9999.000 -9999.000 -9999.000 -9999.000 -9999.000 -9999.000 -9999.000 -9999.000 -9999.000 -9999.000 -9999.000 -9999.000 -9999.000 -9999.000 -9999.000 -9999.000 -9999.000 -9999.000 -9999.000 -9999.000 -9999.000 -9999.000 -9999.000 -9999.000 -9999.000 -9999.000 -9999.000 -9999.000 -9999.000 -9999.000 1.204344 1.239955 1.319346 1.416993 1.530749 1.667372 1.872934 2.035939 2.128704 2.170030 2.171911 2.163143 2.150522 2.141625 2.129785 2.109664 2.087148
-9999.000 -9999.000 -9999.000 -9999.000 -9999.000 -9999.000 -9999.000 -9999.000 -9999.000 -9999.000 -9999.000 -9999.000 -9999.000 -9999.000 -9999.000 -9999.000 -9999.000 -9999.000 -9999.000 -9999.000 -9999.000 -9999.000 -9999.000 -9999.000 -9999.000 -9999.000 -9999.000 -9999.000 -9999.000 -9999.000 -9999.000 -9999.000 -9999.000 -9999.000 -9999.000 -9999.000 -9999.000 -9999.000 -9999.000 1.170803 1.167642 1.177317 1.195351 1.232126 1.286330 1.359286 1.444184 1.557225 1.717902 1.909323 2.072299 2.142534 2.151051 2.146228 2.140007 2.128709 2.113514 2.089534 2.063626
-9999.000 -9999.000 -9999.000 -9999.000 -9999.000 -9999.000 -9999.000 -9999.000 -9999.000 -9999.000 -9999.000 -9999.000 -9999.000 -9999.000 -9999.000 -9999.000 -9999.000 -9999.000 -9999.000 -9999.000 -9999.000 -9999.000 -9999.000 -9999.000 -9999.000 -9999.000 -9999.000 -9999.000 -9999.000 -9999.000 -9999.000 -9999.000 -9999.000 -9999.000 -9999.000 -9999.000 1.440049 1.330005 1.232813 1.187681 1.175873 1.182319 1.194789 1.224527 1.264825 1.301885 1.342698 1.419316 1.574699 1.791774 1.989768 2.098729 2.125721 2.126248 2.121422 2.109381 2.090174 2.066095 2.038473
-9999.000 -9999.000 -9999.000 -9999.000 -9999.000 -9999.000 -9999.000 -9999.000 -9999.000 -9999.000 -9999.000 -9999.000 -9999.000 -9999.000 -9999.000 -9999.000 -9999.000 -9999.000 -9999.000 -9999.000 -9999.000 -9999.000 -9999.000 -9999.000 -9999.000 -9999.000 -9999.000 -9999.000 -9999.000 -9999.000 -9999.000 -9999.000 -9999.000 -9999.000 1.521852 1.529433 1.471944 1.346006 1.254253 1.217610 1.203347 1.201611 1.211076 1.235061 1.260799 1.270854 1.281577 1.342964 1.486669 1.675126 1.892176 2.038422 2.087718 2.098204 2.097461 2.087260 2.068335 2.045247 2.022068
-9999.000 -9999.000 -9999.000 -9999.000 -9999.000 -9999.000 -9999.000 -9999.000 -9999.000 -9999.000 -9999.000 -9999.000 -9999.000 -9999.000 -9999.000 -9999.000 -9999.000 -9999.000 -9999.000 -9999.000 -9999.000 -9999.000 -9999.000 -9999.000 -9999.000 -9999.000 -9999.000 -9999.000 -9999.000 -9999.000 1.571049 1.530456 1.528405 1.520689 1.516496 1.523145 1.479068 1.363707 1.284817 1.258623 1.246440 1.240482 1.243851 1.259303 1.267805 1.255952 1.256609 1.318755 1.445036 1.598309 1.810378 1.970140 2.042889 2.064993 2.068650 2.059794 2.043647 2.025626 2.009120
-9999.000 -9999.000 -9999.000 -9999.000 -9999.000 -9999.000 -9999.000 -9999.000 -9999.000 -9999.000 -9999.000 -9999.000 -9999.000 -9999.000 -9999.000 -9999.000 -9999.000 -9999.000 -9999.000 -9999.000 -9999.000 -9999.000 -9999.000 -9999.000 -9999.000 -9999.000 -9999.000 -9999.000 1.702938 1.653844 1.578479 1.534744 1.527101 1.519613 1.511499 1.510949 1.461761 1.350873 1.299750 1.293110 1.292696 1.291031 1.293772 1.299972 1.283463 1.255606 1.260504 1.336702 1.430384 1.567294 1.746903 1.896596 1.982910 2.019806 2.029426 2.026686 2.016742 2.007444 1.997049
-9999.000 -9999.000 -9999.000 -9999.000 -9999.000 -9999.000 -9999.000 -9999.000 -9999.000 -9999.000 -9999.000 -9999.000 -9999.000 -9999.000 -9999.000 -9999.000 -9999.000 -9999.000 -9999.000 -9999.000 -9999.000 -9999.000 -9999.000 -9999.000 1.693089 1.726298 1.745411 1.742248 1.717771 1.669097 1.598084 1.546415 1.526506 1.516673 1.508983 1.493540 1.428396 1.339795 1.307299 1.312168 1.323494 1.336070 1.347997 1.342350 1.309025 1.280144 1.294984 1.364860 1.458551 1.578160 1.744429 1.877352 1.949790 1.980101 1.993411 1.996723 1.993672 1.989353 1.983043
0.7800136 0.7763725 0.7742285 0.7824251 0.8196290 0.8839411 0.9417797 0.9574153 0.9430907 0.9117493 0.8642101 0.8050247 0.7534422 0.7203854 0.6993760 0.6858934 0.6804381 0.6822156 0.6903522 0.7149767 0.8067731 1.266146 1.583590 1.636638 1.671879 1.701340 1.730819 1.738149 1.720810 1.684273 1.611963 1.553992 1.527392 1.514566 1.509855 1.489199 1.397147 1.313670 1.307388 1.320413 1.340118 1.363612 1.392392 1.382843 1.339268 1.315748 1.337881 1.417402 1.491763 1.600126 1.735115 1.844682 1.912452 1.947782 1.964604 1.972711 1.975502 1.977717 1.977908
0.7795688 0.7782371 0.7815011 0.7951254 0.8267981 0.8764858 0.9215988 0.9350563 0.9183002 0.8853866 0.8452734 0.8036759 0.7648802 0.7323349 0.7080412 0.6935228 0.6905230 0.7019351 0.7348567 0.8128559 1.013236 1.332404 1.550832 1.621009 1.658436 1.682046 1.703248 1.719178 1.714980 1.680561 1.621590 1.570034 1.539363 1.522330 1.512539 1.466565 1.373520 1.314110 1.309007 1.325902 1.350630 1.381311 1.403904 1.394880 1.371529 1.370567 1.414433 1.481528 1.534424 1.614539 1.713622 1.809416 1.880313 1.924683 1.949983 1.963699 1.974073 1.983029 1.989387
0.7850076 0.7882868 0.7966550 0.8114225 0.8315938 0.8591880 0.8844036 0.8850621 0.8656042 0.8392989 0.8160451 0.7987538 0.7813418 0.7594351 0.7361703 0.7216941 0.7252678 0.7539798 0.8190282 0.9455085 1.170274 1.404756 1.525315 1.593602 1.637022 1.659925 1.677767 1.700187 1.710018 1.680238 1.619877 1.574716 1.551015 1.533532 1.519947 1.460226 1.352749 1.308683 1.310647 1.329686 1.358027 1.390984 1.409064 1.399365 1.390931 1.412056 1.481345 1.561628 1.607788 1.669378 1.732372 1.802083 1.867925 1.918464 1.952325 1.973388 1.986324 1.996531 2.002947
0.8016489 0.8088452 0.8180858 0.8277100 0.8340933 0.8318987 0.8224906 0.8119884 0.8025815 0.7949454 0.7905523 0.7898985 0.7912988 0.7919321 0.7897760 0.7900800 0.8053382 0.8487105 0.9314005 1.076806 1.249798 1.383494 1.479303 1.554941 1.605415 1.634863 1.653205 1.674529 1.695927 1.678527 1.620150 1.575007 1.555841 1.547029 1.524214 1.444500 1.350519 1.317632 1.320056 1.337416 1.366757 1.394059 1.402971 1.401948 1.411137 1.458204 1.544907 1.636671 1.703955 1.753416 1.799609 1.836881 1.893608 1.944053 1.978732 1.997372 2.000129 1.998935 1.993155
0.8207951 0.8291350 0.8346896 0.8331017 0.8184269 0.7898530 0.7629623 0.7538256 0.7581551 0.7657517 0.7736975 0.7842610 0.8005920 0.8236357 0.8510555 0.8821514 0.9209696 0.9759742 1.061284 1.182776 1.292221 1.367363 1.438762 1.509741 1.566051 1.604163 1.626536 1.646749 1.673566 1.672558 1.624437 1.577566 1.557033 1.552373 1.525341 1.437482 1.351423 1.328872 1.334248 1.352770 1.377466 1.396527 1.404613 1.413767 1.441661 1.510055 1.610892 1.713149 1.792765 1.849850 1.882380 1.897628 1.923599 1.955516 1.980852 1.992575 1.988152 1.974965 1.962125
0.8346692 0.8394141 0.8364311 0.8177270 0.7825056 0.7474792 0.7284909 0.7281473 0.7406648 0.7562071 0.7720578 0.7918578 0.8189904 0.8576165 0.9084709 0.9685895 1.033831 1.105833 1.199947 1.287461 1.337133 1.374602 1.416612 1.464549 1.520035 1.568716 1.598883 1.618229 1.640082 1.653409 1.626825 1.585023 1.560449 1.554682 1.530004 1.431390 1.356620 1.341735 1.351310 1.376786 1.399709 1.410152 1.420811 1.441167 1.489345 1.573348 1.678673 1.778904 1.853701 1.902037 1.917043 1.921694 1.931139 1.946552 1.956076 1.956568 1.948422 1.932707 1.913484
0.8383904 0.8307413 0.8084642 0.7770491 0.7488598 0.7325746 0.7278431 0.7319137 0.7440420 0.7629849 0.7883602 0.8204580 0.8586838 0.9059369 0.9658858 1.038524 1.122536 1.220121 1.315401 1.374874 1.399627 1.414731 1.425777 1.440217 1.474424 1.522397 1.562954 1.588311 1.605018 1.614164 1.606877 1.588070 1.571046 1.557777 1.519400 1.440007 1.378689 1.366288 1.381285 1.412696 1.443210 1.459894 1.474056 1.507025 1.566728 1.644769 1.728098 1.803515 1.862047 1.901327 1.910985 1.884423 1.895781 1.909817 1.912389 1.909222 1.903081 1.891305 1.874039
0.8240115 0.8044608 0.7768118 0.7551871 0.7438885 0.7393973 0.7391323 0.7422360 0.7517429 0.7736624 0.8089160 0.8524667 0.8982095 0.9454606 1.000247 1.069475 1.158799 1.270241 1.366323 1.416063 1.437966 1.450890 1.449197 1.442886 1.456879 1.488577 1.530520 1.562978 1.580885 1.586507 1.579958 1.573171 1.573987 1.565876 1.524778 1.444298 1.401592 1.405330 1.433540 1.469075 1.506796 1.525641 1.535968 1.563427 1.611891 1.669118 1.724948 1.780638 1.838674 1.875535 1.879061 1.856006 1.848988 1.860564 1.865027 1.858078 1.851469 1.845379 1.832191
0.7860822 0.7725957 0.7607970 0.7542725 0.7507241 0.7473085 0.7444767 0.7467915 0.7603966 0.7902583 0.8329023 0.8801118 0.9277079 0.9756526 1.027549 1.092034 1.180186 1.280147 1.362009 1.414680 1.446285 1.457988 1.453558 1.451371 1.457176 1.470568 1.499844 1.534240 1.555993 1.559740 1.552651 1.552256 1.565085 1.570749 1.531996 1.467681 1.448047 1.473490 1.509889 1.536797 1.552356 1.560308 1.566888 1.583966 1.614799 1.650611 1.685030 1.728341 1.782619 1.827432 1.842394 1.820674 1.808381 1.809860 1.811850 1.811697 1.807732 1.807064 1.801192
0.7419372 0.7424623 0.7456784 0.7479788 0.7461841 0.7409806 0.7377275 0.7461161 0.7700357 0.8072958 0.8514895 0.8973630 0.9443877 0.9936584 1.046168 1.109540 1.190020 1.270370 1.336157 1.388811 1.425559 1.437697 1.437457 1.442815 1.449821 1.456662 1.477859 1.507866 1.528640 1.531746 1.525961 1.531317 1.554882 1.581564 1.561910 1.504977 1.499933 1.537119 1.569714 1.575469 1.561575 1.551450 1.551066 1.566531 1.591225 1.606346 1.620114 1.651643 1.706314 1.773979 1.794635 1.787902 1.775801 1.767963 1.774134 1.775876 1.773948 1.775124 1.767940
0.6983148 0.7022590 0.7087904 0.7153459 0.7193012 0.7234993 0.7337881 0.7576636 0.7914938 0.8285659 0.8662003 0.9077131 0.9544913 1.005147 1.060288 1.128048 1.197241 1.253238 1.302022 1.349269 1.380325 1.390589 1.401943 1.414422 1.422877 1.432760 1.451259 1.477295 1.496555 1.501260 1.503507 1.521262 1.550504 1.583628 1.578341 1.534858 1.532158 1.566745 1.588875 1.574216 1.538860 1.517169 1.511033 1.529292 1.565482 1.566391 1.545052 1.573899 1.644245 1.705596 1.742366 1.745452 1.740089 1.733192 1.736763 1.737127 1.737994 1.741084 1.732000
0.6549735 0.6499767 0.6511834 0.6606050 0.6776363 0.7043636 0.7408278 0.7818290 0.8199110 0.8529002 0.8843031 0.9202765 0.9630459 1.011913 1.069278 1.134328 1.191119 1.234251 1.273448 1.308177 1.326248 1.335878 1.353657 1.371011 1.383456 1.397830 1.421275 1.451322 1.473852 1.481178 1.488435 1.511086 1.539437 1.560304 1.547410 1.515074 1.519137 1.551004 1.565477 1.544680 1.509735 1.482277 1.469370 1.487653 1.523986 1.526197 1.509260 1.511481 1.579624 1.647200 1.690222 1.704939 1.703670 1.700084 1.702210 1.697170 1.689233 1.688667 1.682123
0.6081537 0.5998363 0.6000460 0.6118868 0.6388454 0.6859990 0.7477269 0.8029750 0.8426558 0.8714331 0.9003269 0.9318532 0.9683982 1.011963 1.070208 1.127872 1.172256 1.210798 1.247538 1.270183 1.273511 1.285023 1.309739 1.334808 1.356590 1.379579 1.410858 1.444258 1.465834 1.464827 1.463112 1.479568 1.498423 1.505376 1.473605 1.451253 1.471059 1.505056 1.512718 1.501642 1.484947 1.458789 1.435440 1.450759 1.476573 1.475698 1.468380 1.485871 1.543676 1.603713 1.635815 1.669084 1.668032 1.665968 1.659910 1.641911 1.620262 1.608390 1.602396
0.5671375 0.5680884 0.5781356 0.6009941 0.6405580 0.6974845 0.7629126 0.8176915 0.8533393 0.8809570 0.9097410 0.9401967 0.9731626 1.015728 1.066240 1.111822 1.151852 1.190720 1.219983 1.231385 1.239165 1.259158 1.287887 1.318676 1.348384 1.377817 1.407054 1.428830 1.433283 1.422558 1.415100 1.418508 1.424046 1.411761 1.386706 1.385926 1.411171 1.434470 1.446235 1.454638 1.456041 1.446480 1.435553 1.434674 1.431701 1.423688 1.431865 1.454960 1.491651 1.539984 1.588231 1.624501 1.625834 1.618852 1.603004 1.574705 1.544217 1.538521 1.543229
