simulation_files/asc_files/Depth____89.0.asc
NCOLS       411
NROWS       131
XLLCENTER    2538020.000000
YLLCENTER    1152390.000000
CELLSIZE           1.000
NODATA_VALUE     -9999.0
[rows 0 to 26 of 131, columns 177 to 235 of 411]
-9999.000 -9999.000 -9999.000 -9999.000 -9999.000 -9999.000 -9999.000 -9999.000 -9999.000 -9999.000 -9999.000 -9999.000 -9999.000 -9999.000 -9999.000 -9999.000 -9999.000 -9999.000 -9999.000 -9999.000 -9999.000 -9999.000 -9999.000 -9999.000 -9999.000 -9999.000 -9999.000 -9999.000 -9999.000 -9999.000 -9999.000 -9999.000 -9999.000 -9999.000 -9999.000 -9999.000 -9999.000 -9999.000 -9999.000 -9999.000 -9999.000 -9999.000 -9999.000 -9999.000 -9999.000 -9999.000 -9999.000 -9999.000 -9999.000 -9999.000 -9999.000 -9999.000 -9999.000 -9999.000 -9999.000 -9999.000 -9999.000 -9999.000 -9999.000
-9999.000 -9999.000 -9999.000 -9999.000 -9999.000 -9999.000 -9999.000 -9999.000 -9999.000 -9999.000 -9999.000 -9999.000 -9999.000 -9999.000 -9999.000 -9999.000 -9999.000 -9999.000 -9999.000 -9999.000 -9999.000 -9999.000 -9999.000 -9999.000 -9999.000 -9999.000 -9999.000 -9999.000 -9999.000 -9999.000 -9999.000 -9999.000 -9999.000 -9999.000 -9999.000 -9999.000 -9999.000 -9999.000 -9999.000 -9999.000 -9999.000 -9999.000 -9999.000 -9999.000 -9999.000 -9999.000 -9999.000 -9999.000 -9999.000 -9999.000 -9999.000 -9999.000 -9999.000 -9999.000 -9999.000 -9999.000 -9999.000 -9999.000 -9999.000
-9999.000 -9999.000 -9999.000 -9999.000 -9999.000 -9999.000 -9999.000 -9999.000 -9999.000 -9999.000 -9999.000 -9999.000 -9999.000 -9999.000 -9999.000 -9999.000 -9999.000 -9999.000 -9999.000 -9999.000 -9999.000 -9999.000 -9999.000 -9999.000 -9999.000 -9999.000 -9999.000 -9999.000 -9999.000 -9999.000 -9999.000 -9999.000 -9999.000 -9999.000 -9999.000 -9999.000 -9999.000 -9999.000 -9999.000 -9999.000 -9999.000 -9999.000 -9999.000 -9999.000 -9999.000 -9999.000 -9999.000 -9999.000 -9999.000 -9999.000 -9999.000 -9999.000 -9999.000 -9999.000 -9999.000 -9999.000 -9999.000 -9999.000 -9999.000
-9999.000 -9999.000 -9999.000 -9999.000 -9999.000 -9999.000 -9999.000 -9999.000 -9999.000 -9999.000 -9999.000 -9999.000 -9999.000 -9999.000 -9999.000 -9999.000 -9999.000 -9999.000 -9999.000 -9999.000 -9999.000 -9999.000 -9999.000 -9999.000 -9999.000 -9999.000 -9999.000 -9999.000 -9999.000 -9999.000 -9999.000 -9999.000 -9999.000 -9999.000 -9999.000 -9999.000 -9999.000 -9999.000 -9999.000 -9999.000 -9999.000 -9999.000 -9999.000 -9999.000 -9999.000 -9999.000 -9999.000 -9999.000 -9999.000 -9999.000 -9999.000 0.7280537E-01 0.8221810E-01 -9999.000 0.5513704E-01 -9999.000 -9999.000 0.5115495E-01 0.7874088E-01
-9999.000 -9999.000 -9999.000 -9999.000 -9999.000 -9999.000 -9999.000 -9999.000 -9999.000 -9999.000 -9999.000 -9999.000 -9999.000 -9999.000 -9999.000 -9999.000 -9999.000 -9999.000 -9999.000 -9999.000 -9999.000 -9999.000 -9999.000 -9999.000 -9999.000 -9999.000 -9999.000 -9999.000 -9999.000 -9999.000 -9999.000 -9999.000 -9999.000 -9999.000 -9999.000 -9999.000 -9999.000 -9999.000 -9999.000 -9999.000 -9999.000 -9999.000 -9999.000 -9999.000 -9999.000 -9999.000 -9999.000 -9999.000 -9999.000 -9999.000 0.1265415 0.1691107 0.2273278 0.2411918 0.2456596 0.2224130 0.2665598 0.2727830 0.2880483
-9999.000 -9999.000 -9999.000 -9999.000 -9999.000 -9999.000 -9999.000 -9999.000 -9999.000 -9999.000 -9999.000 -9999.000 -9999.000 -9999.000 -9999.000 -9999.000 -9999.000 -9999.000 -9999.000 -9999.000 -9999.000 -9999.000 -9999.000 -9999.000 -9999.000 -9999.000 -9999.000 -9999.000 -9999.000 -9999.000 -9999.000 -9999.000 -9999.000 -9999.000 -9999.000 -9999.000 -9999.000 -9999.000 -9999.000 -9999.000 -9999.000 -9999.000 -9999.000 -9999.000 -9999.000 -9999.000 -9999.000 -9999.000 -9999.000 0.1894457 0.3223671 0.4945370 0.5592485 0.5853079 0.6067648 0.5800534 0.5893891 0.6115959 0.6191796
-9999.000 -9999.000 -9999.000 -9999.000 -9999.000 -9999.000 -9999.000 -9999.000 -9999.000 -9999.000 -9999.000 -9999.000 -9999.000 -9999.000 -9999.000 -9999.000 -9999.000 -9999.000 -9999.000 -9999.000 -9999.000 -9999.000 -9999.000 -9999.000 -9999.000 -9999.000 -9999.000 -9999.000 -9999.000 -9999.000 -9999.000 -9999.000 -9999.000 -9999.000 -9999.000 -9999.000 -9999.000 -9999.000 -9999.000 0.9343004 0.8008637 0.5824674 0.2874361 0.1044623 -9999.000 -9999.000 -9999.000 0.1981848 0.3168837 0.4764128 0.6843086 0.8373363 0.9085118 0.9552600 0.9773715 0.9556911 0.9285633 0.9684847 0.9939645
-9999.000 -9999.000 -9999.000 -9999.000 -9999.000 -9999.000 -9999.000 -9999.000 -9999.000 -9999.000 -9999.000 -9999.000 -9999.000 -9999.000 -9999.000 -9999.000 -9999.000 -9999.000 -9999.000 -9999.000 -9999.000 -9999.000 -9999.000 -9999.000 -9999.000 -9999.000 -9999.000 -9999.000 -9999.000 -9999.000 -9999.000 -9999.000 -9999.000 -9999.000 -9999.000 -9999.000 1.287152 1.158605 1.069303 0.9767079 0.8553084 0.6339335 0.3908382 0.2671043 0.3194145 0.4181251 0.4938206 0.5645709 0.7256444 0.8885733 1.067945 1.204401 1.248809 1.287811 1.295940 1.280899 1.283661 1.316020 1.330566
-9999.000 -9999.000 -9999.000 -9999.000 -9999.000 -9999.000 -9999.000 -9999.000 -9999.000 -9999.000 -9999.000 -9999.000 -9999.000 -9999.000 -9999.000 -9999.000 -9999.000 -9999.000 -9999.000 -9999.000 -9999.000 -9999.000 -9999.000 -9999.000 -9999.000 -9999.000 -9999.000 -9999.000 -9999.000 -9999.000 -9999.000 1.250039 1.258632 1.275686 1.310483 1.325281 1.254804 1.130188 1.004795 0.9175425 0.8255441 0.7096020 0.6177316 0.6193258 0.7065451 0.8085306 0.9271263 1.058016 1.193757 1.284612 1.401948 1.506301 1.543495 1.591096 1.566153 1.550419 1.557185 1.591608 1.585592
-9999.000 -9999.000 -9999.000 -9999.000 -9999.000 -9999.000 -9999.000 -9999.000 -9999.000 -9999.000 -9999.000 -9999.000 -9999.000 -9999.000 -9999.000 -9999.000 -9999.000 -9999.000 -9999.000 -9999.000 -9999.000 -9999.000 -9999.000 -9999.000 -9999.000 -9999.000 -9999.000 1.045356 1.134930 1.206728 1.216752 1.223346 1.228588 1.246504 1.255441 1.207274 1.101199 0.9840084 0.8906664 0.8316517 0.7993728 0.8080644 0.8647352 0.9584483 1.056267 1.142815 1.263362 1.412370 1.517270 1.569736 1.632274 1.687131 1.724971 1.740199 1.729067 1.718404 1.716412 1.720297 1.704969
0.2294750 0.2391514 0.2510256 0.2662167 0.2868757 0.3185717 0.3553285 0.3928380 0.4292952 0.4683536 0.5072107 0.5409485 0.5648986 0.5776111 0.5702670 0.5473686 0.5309198 0.5316489 0.5449310 0.5544376 0.5536694 0.5565155 0.5951699 0.8253907 0.9697418 0.9711344 0.9844689 1.053840 1.134026 1.181960 1.185479 1.165151 1.154618 1.171461 1.133302 1.023488 0.9009831 0.8289993 0.8084980 0.8144922 0.8534428 0.9369554 1.050915 1.158991 1.235601 1.310751 1.449082 1.590142 1.657729 1.692063 1.740867 1.768267 1.790638 1.796334 1.787496 1.773571 1.766937 1.759984 1.738537
0.2363854 0.2473197 0.2607795 0.2786005 0.3038341 0.3386070 0.3789108 0.4178086 0.4549723 0.4938353 0.5298675 0.5576142 0.5790003 0.5890302 0.5826667 0.5675144 0.5567720 0.5595148 0.5711442 0.5825050 0.5968386 0.6329351 0.7364727 0.8957171 0.9833077 0.9938177 1.022812 1.079638 1.133755 1.153389 1.130544 1.105907 1.091203 1.039242 0.9368861 0.8382508 0.7895370 0.7904576 0.8237663 0.8824321 0.9651557 1.061696 1.154643 1.229497 1.300066 1.402814 1.526397 1.615232 1.666717 1.705819 1.738345 1.771398 1.788239 1.795624 1.790386 1.777215 1.762934 1.751687 1.721082
0.2545034 0.2671537 0.2842595 0.3083683 0.3429084 0.3877876 0.4344419 0.4741585 0.5086344 0.5441191 0.5713083 0.5886392 0.6067112 0.6150093 0.6118412 0.6072435 0.6056728 0.6134810 0.6284979 0.6504570 0.6906391 0.7670655 0.8978172 1.022045 1.050748 1.047761 1.076670 1.122630 1.148529 1.135513 1.093679 1.064000 1.007919 0.8984647 0.8003399 0.7643856 0.7781270 0.8206618 0.8855575 0.9663464 1.053421 1.136279 1.207802 1.267389 1.344750 1.455710 1.556692 1.615429 1.651339 1.684857 1.718228 1.745265 1.766439 1.775165 1.774264 1.760650 1.744032 1.720368 1.657117
0.2808262 0.2969783 0.3207263 0.3547787 0.4015616 0.4546312 0.5027205 0.5369957 0.5667845 0.5927520 0.6061764 0.6167331 0.6287643 0.6372331 0.6447026 0.6516754 0.6592025 0.6718423 0.6974512 0.7429252 0.8148451 0.9182117 1.035711 1.119341 1.140780 1.140414 1.159317 1.176662 1.168060 1.126231 1.076289 1.002543 0.8958969 0.8117143 0.7806282 0.7924804 0.8340556 0.8964935 0.9700813 1.045665 1.118189 1.185107 1.244705 1.314404 1.404158 1.487017 1.559925 1.608767 1.641177 1.664053 1.691160 1.717475 1.738832 1.751730 1.750776 1.733761 1.696134 1.625741 1.527201
0.3146168 0.3360012 0.3690119 0.4141823 0.4695542 0.5246055 0.5666060 0.5931998 0.6163631 0.6307091 0.6326431 0.6372029 0.6488449 0.6642356 0.6814792 0.6964105 0.7107848 0.7346027 0.7799190 0.8486077 0.9372196 1.038208 1.133680 1.201917 1.234229 1.252067 1.262576 1.244724 1.193903 1.111045 1.017207 0.9133308 0.8300956 0.8043862 0.8192805 0.8579286 0.9150410 0.9823369 1.050849 1.115272 1.174858 1.233661 1.296494 1.368596 1.447587 1.515149 1.566217 1.608219 1.635671 1.648784 1.664402 1.682306 1.694630 1.705871 1.693855 1.648502 1.558927 1.474867 1.414930
0.3595089 0.3873442 0.4299379 0.4860089 0.5451328 0.5947570 0.6228986 0.6434425 0.6573332 0.6570315 0.6544910 0.6605009 0.6782276 0.7018476 0.7241033 0.7442070 0.7661189 0.8088133 0.8745575 0.9554136 1.043114 1.127380 1.203101 1.257606 1.299416 1.346352 1.360349 1.317578 1.204298 1.054138 0.9234383 0.8420550 0.8183227 0.8327710 0.8715388 0.9241876 0.9843043 1.045399 1.103012 1.157194 1.210925 1.267442 1.323635 1.394446 1.454781 1.503855 1.542737 1.577945 1.596212 1.602994 1.608927 1.611439 1.599579 1.575661 1.524040 1.419504 1.352351 1.333363 1.344184
0.4330149 0.4685886 0.5237311 0.5811357 0.6321823 0.6642722 0.6797343 0.6869326 0.6854071 0.6829138 0.6887827 0.7057198 0.7294752 0.7525713 0.7742486 0.7999644 0.8415979 0.9042904 0.9788905 1.055842 1.128442 1.195965 1.255342 1.300332 1.346089 1.395116 1.410454 1.330560 1.156146 0.9859130 0.8849265 0.8466772 0.8498106 0.8772427 0.9178341 0.9655337 1.016521 1.066376 1.114064 1.161734 1.208316 1.258591 1.317308 1.378394 1.423125 1.450005 1.480950 1.504518 1.508286 1.510837 1.503093 1.466687 1.383859 1.315439 1.255872 1.213800 1.217775 1.246579 1.286774
0.5191267 0.5735248 0.6324191 0.6914798 0.7365441 0.7544913 0.7553661 0.7418232 0.7253805 0.7238933 0.7382793 0.7625593 0.7833846 0.7979185 0.8145111 0.8471084 0.9029169 0.9727622 1.044884 1.114554 1.175814 1.233802 1.284992 1.321930 1.366456 1.408034 1.397952 1.241061 1.053599 0.9661102 0.9315255 0.9194006 0.9205145 0.9301873 0.9493945 0.9789866 1.016653 1.057746 1.100005 1.131600 1.169771 1.216628 1.270599 1.324609 1.352571 1.378010 1.400037 1.410562 1.398727 1.372120 1.314553 1.201789 1.113706 1.069376 1.072009 1.100223 1.146646 1.193092 1.240584
0.6092955 0.6658105 0.7365049 0.7918759 0.8282842 0.8446232 0.8420768 0.8286081 0.8247057 0.8342377 0.8497762 0.8573908 0.8532493 0.8507776 0.8647307 0.9010140 0.9526069 1.012530 1.076421 1.138490 1.196060 1.251601 1.299402 1.340592 1.379658 1.384932 1.268997 1.094572 1.001750 0.9862623 1.000146 1.018470 1.026941 1.022622 1.012625 1.005195 1.016277 1.039791 1.074225 1.103273 1.139366 1.181460 1.229035 1.262124 1.278029 1.303254 1.317835 1.310889 1.260804 1.185158 1.083687 0.9811441 0.9435955 0.9520462 0.9893438 1.047074 1.113899 1.173634 1.235452
0.7001821 0.7673463 0.8265314 0.8707037 0.8939858 0.9034028 0.9034387 0.9097507 0.9390202 0.9721827 0.9920865 0.9871345 0.9646400 0.9494631 0.9547626 0.9769308 1.007841 1.047484 1.093498 1.142292 1.195644 1.253578 1.304212 1.347403 1.368621 1.305086 1.126080 0.9979731 0.9864977 1.009395 1.046801 1.083791 1.112509 1.123509 1.112657 1.090566 1.060065 1.048961 1.061486 1.090972 1.127946 1.168533 1.200500 1.219189 1.234731 1.247934 1.238101 1.175031 1.069155 0.9666606 0.9015096 0.8803403 0.8992903 0.9352514 0.9850422 1.048516 1.129061 1.205796 1.283899
0.7921500 0.8544068 0.9021706 0.9274924 0.9368279 0.9403969 0.9490235 0.9819892 1.028120 1.063563 1.077043 1.073675 1.069308 1.077556 1.093655 1.107023 1.114633 1.119523 1.128147 1.146716 1.189959 1.245994 1.298009 1.340948 1.310971 1.147914 1.007690 0.9787138 0.9989317 1.035051 1.074350 1.113512 1.148224 1.176185 1.194326 1.202175 1.175920 1.142176 1.107263 1.107683 1.140393 1.174588 1.193376 1.204471 1.212129 1.193381 1.121554 0.9973371 0.9001078 0.8531728 0.8541538 0.8837135 0.9227986 0.9683377 1.024939 1.092917 1.176264 1.268739 1.359299
0.8793255 0.9309657 0.9631753 0.9713893 0.9711755 0.9749571 0.9945654 1.031972 1.066011 1.085014 1.093220 1.103617 1.128603 1.165601 1.203845 1.237833 1.258743 1.255479 1.230880 1.205629 1.206300 1.236021 1.282060 1.291082 1.184737 1.022892 0.9596409 0.9801497 1.015315 1.053842 1.090338 1.124501 1.159488 1.189405 1.222709 1.259152 1.290969 1.294064 1.246076 1.184064 1.157950 1.177105 1.187995 1.198576 1.177941 1.086038 0.9532985 0.8470716 0.8221404 0.8352851 0.8689894 0.9127406 0.9604346 1.012335 1.073881 1.138236 1.219784 1.316692 1.414065
0.9640925 1.002738 1.008017 1.000318 0.9946880 1.001428 1.024409 1.046379 1.055285 1.059994 1.072878 1.103253 1.155292 1.210137 1.257291 1.303647 1.351331 1.385062 1.387803 1.368955 1.313740 1.252881 1.258890 1.207702 1.030930 0.9426890 0.9535059 0.9864113 1.021240 1.058413 1.095495 1.128150 1.154042 1.185299 1.228830 1.279710 1.335506 1.380173 1.383169 1.307437 1.204944 1.163671 1.165360 1.141285 1.052974 0.9229849 0.8229753 0.7935110 0.8079781 0.8380072 0.8775796 0.9241075 0.9768279 1.031924 1.091011 1.156741 1.231890 1.318462 1.419386
1.024818 1.031708 1.021589 1.011339 1.011865 1.024167 1.037077 1.039043 1.033928 1.035160 1.053770 1.097192 1.162362 1.229807 1.284005 1.330474 1.379786 1.428503 1.476504 1.522123 1.515674 1.418823 1.246769 1.058698 0.9446425 0.9297978 0.9591567 0.9923632 1.022946 1.055733 1.089238 1.117493 1.144590 1.180267 1.222621 1.272814 1.326024 1.377815 1.426566 1.450503 1.298345 1.109633 1.084561 0.9782445 0.8414994 0.7616031 0.7401227 0.7596475 0.7867346 0.8190367 0.8470446 0.8879054 0.9379442 0.9872127 1.047198 1.112818 1.181900 1.255270 1.357247
1.035421 1.023142 1.009149 1.007923 1.018657 1.032396 1.035534 1.029138 1.024669 1.030222 1.054212 1.103923 1.177515 1.253410 1.310270 1.352898 1.392788 1.438804 1.495291 1.564341 1.636200 1.660546 1.368539 0.9605126 0.8925727 0.9230562 0.9602787 0.9913275 1.015456 1.041558 1.069604 1.094564 1.123430 1.159415 1.198948 1.240044 1.278280 1.327707 1.388986 1.457214 1.377133 1.101241 0.8729064 0.7339366 0.6653340 0.6530366 0.6668291 0.6946057 0.7255437 0.7525194 0.7820781 0.8182686 0.8589401 0.8985960 0.9474552 1.009592 1.066084 1.132306 1.218398
1.013411 0.9996536 0.9930720 0.9997002 1.013001 1.020870 1.020079 1.018899 1.025557 1.045107 1.083594 1.143188 1.216571 1.286633 1.338485 1.377151 1.410382 1.447556 1.506798 1.572446 1.646476 1.710426 1.529969 1.115020 0.9199203 0.9172418 0.9420839 0.9724027 0.9930187 1.013230 1.032654 1.050679 1.078406 1.105671 1.148604 1.173570 1.189799 1.237960 1.303199 1.377254 1.465904 1.218396 0.7684287 0.5795683 0.5610941 0.5752456 0.5927569 0.6200577 0.6500874 0.6744888 0.7077781 0.7421784 0.7763398 0.8006235 0.8382835 0.8844159 0.9281175 0.9719774 1.036904
0.9931076 0.9843392 0.9851721 0.9944882 1.004403 1.008201 1.008798 1.014678 1.033014 1.067563 1.119549 1.185668 1.257214 1.320158 1.363019 1.395127 1.426239 1.457170 1.508599 1.567775 1.626178 1.690960 1.632207 1.300953 1.067068 0.9713099 0.9324693 0.9336018 0.9438354 0.9662656 0.9850581 1.004629 1.026829 1.045639 1.081641 1.091675 1.106524 1.167575 1.253359 1.328639 1.402168 1.305446 0.8066133 0.5385690 0.5140567 0.5264375 0.5452837 0.5689903 0.5942356 0.6156147 0.6433779 0.6713863 0.6916418 0.7067542 0.7213599 0.7369940 0.7438864 0.7675047 0.8176259
