simulation_files/asc_files/Depth____83.0.asc
NCOLS       411
NROWS       131
XLLCENTER    2538020.000000
YLLCENTER    1152390.000000
CELLSIZE           1.000
NODATA_VALUE     -9999.0
[rows 27 to 53 of 131, columns 236 to 294 of 411]
0.6475814 0.7463038 0.9161059 1.098027 1.256817 1.392490 1.467991 1.505851 1.531760 1.552935 1.565494 1.581340 1.592692 1.588788 1.575286 1.543627 1.501143 1.403622 1.107546 0.8264741 0.8026100 0.8194454 0.8520503 0.8668690 0.8485936 0.8021200 0.7400224 0.6819765 0.6572967 0.6361246 0.6164539 0.5933816 0.5560241 0.5247943 0.5014678 0.4744324 0.4513151 0.4370205 0.4310218 0.4235400 0.4255507 0.4296257 0.4337166 0.4304941 0.4348746 0.4368346 0.4328366 0.4387174 0.4459378 0.4511482 0.4513916 0.4578521 0.4637336 0.4655594 0.4649424 0.4732526 0.4788662 0.4837628 0.4941725
0.5111530 0.6017934 0.7638382 0.9805550 1.228519 1.391081 1.474973 1.508961 1.540179 1.569746 1.599106 1.634944 1.655541 1.662454 1.643177 1.602450 1.561743 1.513336 1.275886 0.9162356 0.8016978 0.8052688 0.8130102 0.8518423 0.8800519 0.8719734 0.8320871 0.7535347 0.6897718 0.6393996 0.6368194 0.6326189 0.6142241 0.5939366 0.5686544 0.5320709 0.4922798 0.4520066 0.4212904 0.4008952 0.3861087 0.3788478 0.3718841 0.3689004 0.3688539 0.3699520 0.3678221 0.3700090 0.3739305 0.3720509 0.3753367 0.3791062 0.3831076 0.3801193 0.3859693 0.3936205 0.3986018 0.4038557 0.4138353
0.3762851 0.4370587 0.5489443 0.7385936 1.182771 1.410911 1.482229 1.522718 1.558389 1.593701 1.636588 1.683620 1.708321 1.714893 1.696880 1.655343 1.618044 1.581908 1.406986 1.070627 0.8441848 0.8211690 0.8193509 0.8265629 0.8629306 0.8923752 0.8900819 0.8407886 0.7682138 0.6834311 0.6353732 0.6243633 0.6319207 0.6351997 0.6225076 0.6143733 0.5784427 0.5516727 0.5148774 0.4688446 0.4277091 0.3932650 0.3698913 0.3517217 0.3401524 0.3334573 0.3289836 0.3269654 0.3261538 0.3240608 0.3258147 0.3284028 0.3297550 0.3313649 0.3360286 0.3407557 0.3435555 0.3474003 0.3543308
0.2874677 0.3077066 0.3430602 0.4279088 1.012426 1.426649 1.496272 1.542802 1.582186 1.616485 1.661750 1.704194 1.728287 1.733273 1.716568 1.688795 1.660392 1.633215 1.534219 1.105286 0.8734999 0.8553417 0.8464447 0.8374950 0.8499177 0.8832752 0.9075148 0.9116797 0.8834489 0.8066328 0.6972907 0.6210633 0.6211471 0.6347081 0.6460853 0.6484831 0.6391858 0.6246042 0.6123348 0.5833475 0.5415758 0.4910784 0.4549938 0.4141914 0.3820054 0.3657461 0.3458731 0.3306545 0.3212804 0.3168617 0.3126351 0.3112185 0.3118322 0.3133723 0.3157363 0.3192963 0.3195633 0.3204331 0.3206608
-9999.000 -9999.000 -9999.000 -9999.000 -9999.000 -9999.000 1.522697 1.567970 1.608971 1.643207 1.685669 1.716036 1.730725 1.732979 1.725996 1.707145 1.687270 1.666667 1.586808 1.249048 0.9452428 0.9025241 0.8902394 0.8736036 0.8652915 0.8836853 0.9109359 0.9323508 0.9467609 0.9219232 0.8431881 0.6962537 0.6465547 0.6331543 0.6532125 0.6683840 0.6762950 0.6767514 0.6689569 0.6506070 0.6227119 0.5852799 0.5625042 0.5230910 0.4864915 0.4600994 0.4290678 0.3967291 0.3742251 0.3597362 0.3421126 0.3277504 0.3188386 0.3124113 0.3089735 0.3072905 0.3047965 0.3014143 0.2975886
-9999.000 -9999.000 -9999.000 -9999.000 -9999.000 -9999.000 -9999.000 -9999.000 1.638299 1.678423 1.722862 1.745241 1.749712 1.742026 1.734971 1.721720 1.699661 1.683412 1.581687 1.357770 1.050627 0.9573657 0.9420162 0.9223945 0.9057433 0.8964913 0.9145597 0.9449076 0.9702682 0.9839832 0.9674977 0.8536894 0.7487474 0.6659991 0.6697310 0.6778836 0.6888841 0.7027755 0.6981512 0.6877465 0.6671382 0.6439725 0.6219401 0.6030007 0.5789854 0.5541999 0.5293317 0.4966663 0.4719180 0.4424346 0.4172968 0.3908898 0.3691352 0.3396926 0.3149450 0.3018766 0.2873925 0.2769809 0.2697489
-9999.000 -9999.000 -9999.000 -9999.000 -9999.000 -9999.000 -9999.000 -9999.000 -9999.000 1.714322 1.765286 1.789517 1.780295 1.762474 1.749586 1.728705 1.701321 1.682840 1.620764 1.397283 1.167680 1.022149 0.9885964 0.9674263 0.9403577 0.9225433 0.9290880 0.9529318 0.9886777 1.023237 1.048047 1.034069 0.9216807 0.7799051 0.7090891 0.6844631 0.6858269 0.6929551 0.7019293 0.7069630 0.6991902 0.6971410 0.6823982 0.6719821 0.6567445 0.6317439 0.6030477 0.5767674 0.5514337 0.5197293 0.4899061 0.4695261 0.4478276 0.4176684 0.3793611 0.3426520 0.3044031 0.2727897 0.2541107
-9999.000 -9999.000 -9999.000 -9999.000 -9999.000 -9999.000 -9999.000 -9999.000 -9999.000 -9999.000 -9999.000 1.809182 1.794258 1.777196 1.763383 1.737127 1.697566 1.660953 1.587457 1.473315 1.278381 1.083033 1.019619 0.9974877 0.9783111 0.9600794 0.9503023 0.9630784 1.004209 1.060724 1.098939 1.135852 1.070881 0.9470056 0.8012015 0.7079208 0.6875212 0.6842381 0.6955208 0.7106189 0.7167020 0.7220577 0.7227826 0.7260129 0.7090616 0.6861444 0.6590548 0.6321496 0.6150902 0.5814147 0.5381629 0.5100785 0.4886738 0.4708486 0.4514245 0.4286414 0.3898618 0.3456472 0.3047783
-9999.000 -9999.000 -9999.000 -9999.000 -9999.000 -9999.000 -9999.000 -9999.000 -9999.000 -9999.000 -9999.000 -9999.000 -9999.000 1.777638 1.765478 1.738745 1.691066 1.642436 1.585486 1.536804 1.378847 1.188350 1.062016 1.018673 1.009792 1.002339 0.9870872 0.9839520 1.010398 1.056420 1.109306 1.150910 1.151057 1.069102 0.9330404 0.7985478 0.7322906 0.6943292 0.6982855 0.7075455 0.7234663 0.7350090 0.7359731 0.7382234 0.7424145 0.7360849 0.7149725 0.6858002 0.6550467 0.6263280 0.5907047 0.5558692 0.5212936 0.4959785 0.4850756 0.4793746 0.4728294 0.4601060 0.4462786
-9999.000 -9999.000 -9999.000 -9999.000 -9999.000 -9999.000 -9999.000 -9999.000 -9999.000 -9999.000 -9999.000 -9999.000 -9999.000 -9999.000 1.753641 1.727028 1.697759 1.654540 1.597952 1.545886 1.455185 1.289911 1.132376 1.047422 1.033150 1.035475 1.028215 1.006197 0.9974701 1.014190 1.065436 1.116268 1.159023 1.131272 1.048490 0.9221945 0.8234416 0.7614558 0.7189325 0.7123287 0.7158379 0.7347244 0.7467340 0.7523191 0.7560477 0.7553421 0.7526140 0.7270203 0.6994713 0.6722087 0.6440327 0.6203735 0.5868264 0.5500745 0.5270502 0.5154179 0.5138161 0.5202981 0.5300161
-9999.000 -9999.000 -9999.000 -9999.000 -9999.000 -9999.000 -9999.000 -9999.000 -9999.000 -9999.000 -9999.000 -9999.000 -9999.000 -9999.000 -9999.000 -9999.000 1.686448 1.653968 1.600489 1.547180 1.485884 1.364613 1.206101 1.089863 1.057510 1.052207 1.045960 1.015677 0.9812192 0.9517980 0.9869865 1.043561 1.115617 1.141642 1.125288 1.042197 0.9282023 0.8489182 0.8026288 0.7586365 0.7232131 0.7244517 0.7376854 0.7481223 0.7496189 0.7464150 0.7511415 0.7484409 0.7386758 0.7283414 0.7039378 0.6901539 0.6652542 0.6329877 0.5993449 0.5660531 0.5506644 0.5478590 0.5468461
-9999.000 -9999.000 -9999.000 -9999.000 -9999.000 -9999.000 -9999.000 -9999.000 -9999.000 -9999.000 -9999.000 -9999.000 -9999.000 -9999.000 -9999.000 -9999.000 -9999.000 -9999.000 1.593917 1.556408 1.497476 1.428944 1.283508 1.148433 1.088045 1.070551 1.043966 1.012455 0.9818673 0.9270817 0.8991400 0.9391348 1.029761 1.088026 1.137260 1.139600 1.012978 0.9092938 0.8717775 0.8335425 0.7805231 0.7224339 0.7039630 0.7060874 0.7175783 0.7229440 0.7328895 0.7513171 0.7647723 0.7714955 0.7604105 0.7473429 0.7278424 0.7062139 0.6869491 0.6557498 0.6102413 0.5901901 0.5812712
-9999.000 -9999.000 -9999.000 -9999.000 -9999.000 -9999.000 -9999.000 -9999.000 -9999.000 -9999.000 -9999.000 -9999.000 -9999.000 -9999.000 -9999.000 -9999.000 -9999.000 -9999.000 -9999.000 -9999.000 1.504130 1.433364 1.308073 1.185737 1.128040 1.107297 1.068743 1.010770 1.008525 0.9573449 0.8497047 0.8003243 0.8726265 0.9880558 1.081901 1.161937 1.111546 0.9752293 0.8659460 0.8443860 0.8268222 0.7662065 0.6999581 0.6621063 0.6750542 0.6880208 0.7152240 0.7322376 0.7549985 0.7765226 0.7821682 0.7807726 0.7724276 0.7550759 0.7332319 0.7019169 0.6714656 0.6388180 0.6253994
-9999.000 -9999.000 -9999.000 -9999.000 -9999.000 -9999.000 -9999.000 -9999.000 -9999.000 -9999.000 -9999.000 -9999.000 -9999.000 -9999.000 -9999.000 -9999.000 -9999.000 -9999.000 -9999.000 -9999.000 -9999.000 1.410847 1.295006 1.217156 1.195851 1.165114 1.102793 1.022498 0.9926680 0.9548236 0.8523826 0.6520717 0.6451605 0.7825554 0.9346145 1.069089 1.111259 1.025767 0.8847542 0.8037599 0.7899429 0.7993099 0.7502349 0.6923544 0.6407935 0.6445717 0.6673173 0.6865296 0.7103652 0.7354862 0.7614007 0.7688922 0.7754002 0.7653397 0.7525555 0.7385363 0.7151236 0.6851164 0.6640951
-9999.000 -9999.000 -9999.000 -9999.000 -9999.000 -9999.000 -9999.000 -9999.000 -9999.000 -9999.000 -9999.000 -9999.000 -9999.000 -9999.000 -9999.000 -9999.000 -9999.000 -9999.000 -9999.000 -9999.000 -9999.000 -9999.000 -9999.000 1.259732 1.245361 1.196201 1.108370 1.000170 0.9439143 0.8945748 0.7894037 0.5294759 0.4031919 0.4956901 0.6621181 0.8004036 0.9469207 0.9992526 0.9433077 0.7887434 0.7347782 0.7524965 0.7668561 0.7482168 0.6710672 0.6167344 0.6016441 0.6149606 0.6384822 0.6610760 0.6939141 0.7110053 0.7389099 0.7416630 0.7411809 0.7365645 0.7295941 0.7161475 0.6901628
-9999.000 -9999.000 -9999.000 -9999.000 -9999.000 -9999.000 -9999.000 -9999.000 -9999.000 -9999.000 -9999.000 -9999.000 -9999.000 -9999.000 -9999.000 -9999.000 -9999.000 -9999.000 -9999.000 -9999.000 -9999.000 -9999.000 -9999.000 -9999.000 1.233597 1.167128 1.052182 0.9350836 0.8488190 0.7627691 0.6355131 0.3780690 0.2325174 0.2531962 0.3121055 0.4001830 0.7023450 0.8291026 0.8984773 0.8043280 0.7116541 0.6674102 0.6987452 0.7288383 0.7278117 0.6420295 0.5634064 0.5390348 0.5535582 0.5718735 0.6055549 0.6390393 0.6820932 0.7098398 0.7235756 0.7276177 0.7185178 0.7096588 0.6849084
-9999.000 -9999.000 -9999.000 -9999.000 -9999.000 -9999.000 -9999.000 -9999.000 -9999.000 -9999.000 -9999.000 -9999.000 -9999.000 -9999.000 -9999.000 -9999.000 -9999.000 -9999.000 -9999.000 -9999.000 -9999.000 -9999.000 -9999.000 -9999.000 -9999.000 -9999.000 0.9648416 0.8470673 0.7257515 0.6125522 0.3985715 0.2320415 0.7034100E-01 0.8269182E-01 0.1132851 0.1868787 0.3199555 0.5430796 0.7063603 0.7215520 0.6770631 0.6039589 0.5895257 0.6266155 0.7005733 0.6686414 0.5851145 0.4959556 0.4822001 0.4929809 0.5230526 0.5625833 0.6086605 0.6597842 0.6786723 0.6838734 0.6720168 0.6483591 0.6304920
-9999.000 -9999.000 -9999.000 -9999.000 -9999.000 -9999.000 -9999.000 -9999.000 -9999.000 -9999.000 -9999.000 -9999.000 -9999.000 -9999.000 -9999.000 -9999.000 -9999.000 -9999.000 -9999.000 -9999.000 -9999.000 -9999.000 -9999.000 -9999.000 -9999.000 -9999.000 -9999.000 -9999.000 0.6244597 0.4552502 0.2672313 -9999.000 -9999.000 -9999.000 -9999.000 -9999.000 -9999.000 0.2759540 0.4208937 0.4908387 0.5102336 0.5107775 0.4350523 0.4775814 0.5764767 0.6365158 0.6339792 0.5308348 0.4405584 0.4341559 0.4510645 0.4722756 0.5024807 0.5466273 0.5804479 0.5973755 0.6072926 0.5954633 0.5870564
-9999.000 -9999.000 -9999.000 -9999.000 -9999.000 -9999.000 -9999.000 -9999.000 -9999.000 -9999.000 -9999.000 -9999.000 -9999.000 -9999.000 -9999.000 -9999.000 -9999.000 -9999.000 -9999.000 -9999.000 -9999.000 -9999.000 -9999.000 -9999.000 -9999.000 -9999.000 -9999.000 -9999.000 -9999.000 0.2798962 -9999.000 -9999.000 -9999.000 -9999.000 -9999.000 -9999.000 -9999.000 -9999.000 -9999.000 0.2811320 0.3077911 0.2643237 0.2119277 0.2424068 0.3748977 0.4981663 0.5938644 0.5912170 0.4429338 0.3699448 0.3711235 0.3771760 0.3943075 0.4184839 0.4686140 0.5171137 0.5599912 0.5782894 0.5892504
-9999.000 -9999.000 -9999.000 -9999.000 -9999.000 -9999.000 -9999.000 -9999.000 -9999.000 -9999.000 -9999.000 -9999.000 -9999.000 -9999.000 -9999.000 -9999.000 -9999.000 -9999.000 -9999.000 -9999.000 -9999.000 -9999.000 -9999.000 -9999.000 -9999.000 -9999.000 -9999.000 -9999.000 -9999.000 -9999.000 -9999.000 -9999.000 -9999.000 -9999.000 -9999.000 -9999.000 -9999.000 -9999.000 -9999.000 -9999.000 -9999.000 0.8522832E-01 0.3628329E-01 0.7710776E-01 0.1714506 0.3048564 0.4159720 0.5484133 0.4646720 0.3425117 0.2941768 0.3029387 0.3185054 0.3319527 0.3737948 0.4119520 0.4859116 0.5337011 0.5773862
-9999.000 -9999.000 -9999.000 -9999.000 -9999.000 -9999.000 -9999.000 -9999.000 -9999.000 -9999.000 -9999.000 -9999.000 -9999.000 -9999.000 -9999.000 -9999.000 -9999.000 -9999.000 -9999.000 -9999.000 -9999.000 -9999.000 -9999.000 -9999.000 -9999.000 -9999.000 -9999.000 -9999.000 -9999.000 -9999.000 -9999.000 -9999.000 -9999.000 -9999.000 -9999.000 -9999.000 -9999.000 -9999.000 -9999.000 -9999.000 -9999.000 -9999.000 -9999.000 -9999.000 -9999.000 -9999.000 0.2065222 0.3160213 0.3945460 0.3385559 0.2471600 0.2368973 0.2470643 0.2638805 0.2887372 0.3214415 0.3743710 0.4406592 0.5114660
-9999.000 -9999.000 -9999.000 -9999.000 -9999.000 -9999.000 -9999.000 -9999.000 -9999.000 -9999.000 -9999.000 -9999.000 -9999.000 -9999.000 -9999.000 -9999.000 -9999.000 -9999.000 -9999.000 -9999.000 -9999.000 -9999.000 -9999.000 -9999.000 -9999.000 -9999.000 -9999.000 -9999.000 -9999.000 -9999.000 -9999.000 -9999.000 -9999.000 -9999.000 -9999.000 -9999.000 -9999.000 -9999.000 -9999.000 -9999.000 -9999.000 -9999.000 -9999.000 -9999.000 -9999.000 -9999.000 -9999.000 0.1319441 0.2062451 0.2074568 0.1998347 0.1726129 0.1711351 0.1834627 0.2074580 0.2344742 0.2652378 0.3161386 0.3816063
-9999.000 -9999.000 -9999.000 -9999.000 -9999.000 -9999.000 -9999.000 -9999.000 -9999.000 -9999.000 -9999.000 -9999.000 -9999.000 -9999.000 -9999.000 -9999.000 -9999.000 -9999.000 -9999.000 -9999.000 -9999.000 -9999.000 -9999.000 -9999.000 -9999.000 -9999.000 -9999.000 -9999.000 -9999.000 -9999.000 -9999.000 -9999.000 -9999.000 -9999.000 -9999.000 -9999.000 -9999.000 -9999.000 -9999.000 -9999.000 -9999.000 -9999.000 -9999.000 -9999.000 -9999.000 -9999.000 -9999.000 -9999.000 -9999.000 0.7183563E-01 0.1014811 0.1056587 0.1010457 0.1023261 0.1213035 0.1395374 0.1673417 0.1999707 0.2332808
-9999.000 -9999.000 -9999.000 -9999.000 -9999.000 -9999.000 -9999.000 -9999.000 -9999.000 -9999.000 -9999.000 -9999.000 -9999.000 -9999.000 -9999.000 -9999.000 -9999.000 -9999.000 -9999.000 -9999.000 -9999.000 -9999.000 -9999.000 -9999.000 -9999.000 -9999.000 -9999.000 -9999.000 -9999.000 -9999.000 -9999.000 -9999.000 -9999.000 -9999.000 -9999.000 -9999.000 -9999.000 -9999.000 -9999.000 -9999.000 -9999.000 -9999.000 -9999.000 -9999.000 -9999.000 -9999.000 -9999.000 -9999.000 -9999.000 -9999.000 -9999.000 -9999.000 0.5188653E-01 0.3889476E-01 0.4985851E-01 0.5222672E-01 0.6712024E-01 0.8873717E-01 0.1072684
-9999.000 -9999.000 -9999.000 -9999.000 -9999.000 -9999.000 -9999.000 -9999.000 -9999.000 -9999.000 -9999.000 -9999.000 -9999.000 -9999.000 -9999.000 -9999.000 -9999.000 -9999.000 -9999.000 -9999.000 -9999.000 -9999.000 -9999.000 -9999.000 -9999.000 -9999.000 -9999.000 -9999.000 -9999.000 -9999.000 -9999.000 -9999.000 -9999.000 -9999.000 -9999.000 -9999.000 -9999.000 -9999.000 -9999.000 -9999.000 -9999.000 -9999.000 -9999.000 -9999.000 -9999.000 -9999.000 -9999.000 -9999.000 -9999.000 -9999.000 -9999.000 -9999.000 -9999.000 -9999.000 -9999.000 -9999.000 -9999.000 0.2746463E-01 0.3728802E-01
-9999.000 -9999.000 -9999.000 -9999.000 -9999.000 -9999.000 -9999.000 -9999.000 -9999.000 -9999.000 -9999.000 -9999.000 -9999.000 -9999.000 -9999.000 -9999.000 -9999.000 -9999.000 -9999.000 -9999.000 -9999.000 -9999.000 -9999.000 -9999.000 -9999.000 -9999.000 -9999.000 -9999.000 -9999.000 -9999.000 -9999.000 -9999.000 -9999.000 -9999.000 -9999.000 -9999.000 -9999.000 -9999.000 -9999.000 -9999.000 -9999.000 -9999.000 -9999.000 -9999.000 -9999.000 -9999.000 -9999.000 -9999.000 -9999.000 -9999.000 -9999.000 -9999.000 -9999.000 -9999.000 -9999.000 -9999.000 -9999.000 -9999.000 -9999.000
-9999.000 -9999.000 -9999.000 -9999.000 -9999.000 -9999.000 -9999.000 -9999.000 -9999.000 -9999.000 -9999.000 -9999.000 -9999.000 -9999.000 -9999.000 -9999.000 -9999.000 -9999.000 -9999.000 -9999.000 -9999.000 -9999.000 -9999.000 -9999.000 -9999.000 -9999.000 -9999.000 -9999.000 -9999.000 -9999.000 -9999.000 -9999.000 -9999.000 -9999.000 -9999.000 -9999.000 -9999.000 -9999.000 -9999.000 -9999.000 -9999.000 -9999.000 -9999.000 -9999.000 -9999.000 -9999.000 -9999.000 -9999.000 -9999.000 -9999.000 -9999.000 -9999.000 -9999.000 -9999.000 -9999.000 -9999.000 -9999.000 -9999.000 -9999.000
