simulation_files/asc_files/Depth____91.0.asc
NCOLS       411
NROWS       131
XLLCENTER    2538020.000000
YLLCENTER    1152390.000000
CELLSIZE           1.000
NODATA_VALUE     -9999.0
[rows 0 to 25 of 131, columns 300 to 359 of 411]
-9999.000 -9999.000 -9999.000 -9999.000 -9999.000 -9999.000 -9999.000 -9999.000 -9999.000 -9999.000 -9999.000 -9999.000 -9999.000 -9999.000 -9999.000 -9999.000 -9999.000 -9999.000 -9999.000 -9999.000 -9999.000 -9999.000 -9999.000 -9999.000 -9999.000 -9999.000 -9999.000 -9999.000 -9999.000 -9999.000 -9999.000 -9999.000 -9999.000 -9999.000 -9999.000 -9999.000 -9999.000 -9999.000 -9999.000 -9999.000 -9999.000 -9999.000 -9999.000 -9999.000 -9999.000 -9999.000 -9999.000 -9999.000 -9999.000 -9999.000 -9999.000 -9999.000 -9999.000 -9999.000 -9999.000 -9999.000 -9999.000 -9999.000 -9999.000 -9999.000
-9999.000 -9999.000 -9999.000 -9999.000 -9999.000 -9999.000 -9999.000 -9999.000 -9999.000 -9999.000 -9999.000 -9999.000 -9999.000 -9999.000 -9999.000 -9999.000 -9999.000 -9999.000 -9999.000 -9999.000 -9999.000 -9999.000 -9999.000 -9999.000 -9999.000 -9999.000 -9999.000 -9999.000 -9999.000 -9999.000 -9999.000 -9999.000 -9999.000 -9999.000 -9999.000 -9999.000 -9999.000 -9999.000 -9999.000 -9999.000 -9999.000 -9999.000 -9999.000 -9999.000 -9999.000 -9999.000 -9999.000 -9999.000 -9999.000 -9999.000 -9999.000 -9999.000 -9999.000 -9999.000 -9999.000 -9999.000 -9999.000 -9999.000 -9999.000 -9999.000
-9999.000 -9999.000 -9999.000 -9999.000 -9999.000 -9999.000 -9999.000 -9999.000 -9999.000 -9999.000 -9999.000 -9999.000 -9999.000 -9999.000 -9999.000 -9999.000 -9999.000 -9999.000 -9999.000 -9999.000 -9999.000 -9999.000 -9999.000 -9999.000 -9999.000 -9999.000 -9999.000 -9999.000 -9999.000 -9999.000 -9999.000 -9999.000 -9999.000 -9999.000 -9999.000 -9999.000 -9999.000 -9999.000 -9999.000 -9999.000 -9999.000 -9999.000 -9999.000 -9999.000 -9999.000 -9999.000 -9999.000 -9999.000 -9999.000 -9999.000 -9999.000 -9999.000 -9999.000 -9999.000 -9999.000 -9999.000 -9999.000 -9999.000 -9999.000 -9999.000
-9999.000 -9999.000 -9999.000 -9999.000 -9999.000 -9999.000 -9999.000 -9999.000 -9999.000 -9999.000 -9999.000 -9999.000 -9999.000 -9999.000 -9999.000 -9999.000 -9999.000 -9999.000 -9999.000 -9999.000 -9999.000 -9999.000 -9999.000 -9999.000 -9999.000 -9999.000 -9999.000 -9999.000 -9999.000 -9999.000 -9999.000 -9999.000 -9999.000 -9999.000 -9999.000 -9999.000 -9999.000 -9999.000 -9999.000 -9999.000 -9999.000 -9999.000 -9999.000 -9999.000 -9999.000 -9999.000 -9999.000 -9999.000 -9999.000 -9999.000 -9999.000 -9999.000 -9999.000 -9999.000 -9999.000 -9999.000 -9999.000 -9999.000 -9999.000 -9999.000
-9999.000 -9999.000 -9999.000 -9999.000 -9999.000 -9999.000 -9999.000 -9999.000 -9999.000 -9999.000 -9999.000 -9999.000 -9999.000 -9999.000 -9999.000 -9999.000 -9999.000 -9999.000 -9999.000 -9999.000 -9999.000 -9999.000 -9999.000 -9999.000 -9999.000 -9999.000 -9999.000 -9999.000 -9999.000 -9999.000 -9999.000 -9999.000 -9999.000 -9999.000 -9999.000 -9999.000 -9999.000 -9999.000 -9999.000 -9999.000 -9999.000 -9999.000 -9999.000 -9999.000 -9999.000 -9999.000 -9999.000 -9999.000 -9999.000 -9999.000 -9999.000 -9999.000 -9999.000 -9999.000 -9999.000 -9999.000 -9999.000 -9999.000 -9999.000 -9999.000
-9999.000 -9999.000 -9999.000 -9999.000 -9999.000 -9999.000 -9999.000 -9999.000 -9999.000 -9999.000 -9999.000 -9999.000 -9999.000 -9999.000 -9999.000 -9999.000 -9999.000 -9999.000 -9999.000 -9999.000 -9999.000 -9999.000 -9999.000 -9999.000 -9999.000 -9999.000 -9999.000 -9999.000 -9999.000 -9999.000 -9999.000 -9999.000 -9999.000 -9999.000 -9999.000 -9999.000 -9999.000 -9999.000 -9999.000 -9999.000 -9999.000 -9999.000 -9999.000 -9999.000 -9999.000 -9999.000 -9999.000 -9999.000 -9999.000 -9999.000 -9999.000 -9999.000 -9999.000 -9999.000 -9999.000 -9999.000 -9999.000 -9999.000 -9999.000 -9999.000
-9999.000 -9999.000 -9999.000 -9999.000 -9999.000 -9999.000 -9999.000 -9999.000 -9999.000 -9999.000 -9999.000 -9999.000 -9999.000 -9999.000 -9999.000 -9999.000 -9999.000 -9999.000 -9999.000 -9999.000 -9999.000 -9999.000 -9999.000 -9999.000 -9999.000 -9999.000 -9999.000 -9999.000 -9999.000 -9999.000 -9999.000 -9999.000 -9999.000 -9999.000 -9999.000 -9999.000 -9999.000 -9999.000 -9999.000 -9999.000 -9999.000 -9999.000 -9999.000 -9999.000 -9999.000 -9999.000 -9999.000 -9999.000 -9999.000 -9999.000 -9999.000 -9999.000 -9999.000 -9999.000 -9999.000 -9999.000 -9999.000 -9999.000 -9999.000 -9999.000
-9999.000 -9999.000 -9999.000 -9999.000 0.1959148E-01 0.2604930E-01 -9999.000 -9999.000 -9999.000 -9999.000 -9999.000 -9999.000 -9999.000 -9999.000 -9999.000 -9999.000 -9999.000 -9999.000 -9999.000 -9999.000 -9999.000 -9999.000 -9999.000 -9999.000 -9999.000 -9999.000 -9999.000 -9999.000 -9999.000 -9999.000 -9999.000 -9999.000 -9999.000 -9999.000 -9999.000 -9999.000 -9999.000 -9999.000 -9999.000 -9999.000 -9999.000 -9999.000 -9999.000 -9999.000 -9999.000 -9999.000 -9999.000 -9999.000 -9999.000 -9999.000 -9999.000 -9999.000 -9999.000 -9999.000 -9999.000 -9999.000 -9999.000 -9999.000 -9999.000 -9999.000
-9999.000 -9999.000 -9999.000 -9999.000 0.2970575E-01 0.4044140E-01 0.4581818E-01 0.6063175E-01 0.7503133E-01 0.8545184E-01 0.9652967E-01 -9999.000 -9999.000 -9999.000 -9999.000 -9999.000 -9999.000 -9999.000 -9999.000 -9999.000 -9999.000 -9999.000 -9999.000 -9999.000 -9999.000 -9999.000 -9999.000 -9999.000 -9999.000 -9999.000 -9999.000 -9999.000 -9999.000 -9999.000 -9999.000 -9999.000 -9999.000 -9999.000 -9999.000 -9999.000 -9999.000 -9999.000 -9999.000 -9999.000 -9999.000 -9999.000 -9999.000 -9999.000 -9999.000 -9999.000 -9999.000 -9999.000 -9999.000 -9999.000 -9999.000 -9999.000 -9999.000 -9999.000 -9999.000 -9999.000
-9999.000 -9999.000 0.2649490E-01 0.2498132E-01 0.4854200E-01 0.6127066E-01 0.6979312E-01 0.8858424E-01 0.1004728 0.1027819 0.1211244 0.1256660 0.1322205 0.1369969 0.1459573 0.1554327 -9999.000 -9999.000 -9999.000 -9999.000 -9999.000 -9999.000 -9999.000 -9999.000 -9999.000 -9999.000 -9999.000 -9999.000 -9999.000 -9999.000 -9999.000 -9999.000 -9999.000 -9999.000 -9999.000 -9999.000 -9999.000 -9999.000 -9999.000 -9999.000 -9999.000 -9999.000 -9999.000 -9999.000 -9999.000 -9999.000 -9999.000 -9999.000 -9999.000 -9999.000 -9999.000 -9999.000 -9999.000 -9999.000 -9999.000 -9999.000 -9999.000 -9999.000 -9999.000 -9999.000
0.1497613 0.1738323 0.1730033 0.1831485 0.2123171 0.1949725 0.1769022 0.1738784 0.1869082 0.1823390 0.1792362 0.1918144 0.1894392 0.1920610 0.1991983 0.2059184 0.2115301 0.2212820 0.2570529 0.2799174 0.3224157 0.3404900 0.3395162 0.3422740 0.3551229 0.3757016 0.3973609 0.4152164 0.4363310 0.4493751 0.4419063 0.4364206 0.4346338 0.4322558 0.4302765 0.4297566 0.4322313 0.4337730 0.4336942 0.4300365 0.4246106 0.4196959 0.4156465 0.4116286 0.4061628 0.3959776 0.3838093 0.3708552 0.3566784 0.3402875 0.3200545 0.2948212 0.2637028 0.2182427 0.1669811 0.1486378 0.1482061 0.1532811 0.1742622 0.1915586
0.3752341 0.3847638 0.3845472 0.3911228 0.3957887 0.3705900 0.3444952 0.3375318 0.3395212 0.3295966 0.3161852 0.3110224 0.3114230 0.3055907 0.3095362 0.3205979 0.3247508 0.3299779 0.3401213 0.3563913 0.3730646 0.3918692 0.3990330 0.3974100 0.4034966 0.4215019 0.4411674 0.4482421 0.4503512 0.4534280 0.4549568 0.4509976 0.4483977 0.4473348 0.4457320 0.4437610 0.4433867 0.4426329 0.4407934 0.4372806 0.4323353 0.4271569 0.4215801 0.4150760 0.4052285 0.3913661 0.3757886 0.3596771 0.3429482 0.3251101 0.3088224 0.2899540 0.2692319 0.2606140 0.2344764 0.2139295 0.1877771 0.1767723 0.1823042 0.1886468
0.5115034 0.5046222 0.4939894 0.4866415 0.4777533 0.4682246 0.4678683 0.4670999 0.4617800 0.4550727 0.4550071 0.4505707 0.4478556 0.4458394 0.4617214 0.4716121 0.4753681 0.4778962 0.4896470 0.4958801 0.4984231 0.5050084 0.5081545 0.5049506 0.5046972 0.5158870 0.5121561 0.5045975 0.4943464 0.4933160 0.4902622 0.4848959 0.4857873 0.4853059 0.4835234 0.4811084 0.4815492 0.4773033 0.4715176 0.4668820 0.4631184 0.4537746 0.4424960 0.4304132 0.4151760 0.3992302 0.3851280 0.3749613 0.3628976 0.3558274 0.3536143 0.3486892 0.3428338 0.3393661 0.3377764 0.3323414 0.3063831 0.3078127 0.2919647 0.2828448
0.5747989 0.5558642 0.5393312 0.5314817 0.5248740 0.5255761 0.5337582 0.5351071 0.5340627 0.5342777 0.5420168 0.5443744 0.5484554 0.5519132 0.5574798 0.5658327 0.5696013 0.5763710 0.5858691 0.5894840 0.5908008 0.5935398 0.5965060 0.5925878 0.5892244 0.5810334 0.5668531 0.5541858 0.5471394 0.5422221 0.5362075 0.5318545 0.5355189 0.5350340 0.5326335 0.5326065 0.5260310 0.5157469 0.5055711 0.4972636 0.4863418 0.4741625 0.4642549 0.4537048 0.4423464 0.4324028 0.4313981 0.4258142 0.4209985 0.4232528 0.4285980 0.4306818 0.4338786 0.4465473 0.4482422 0.4511424 0.4542745 0.4715334 0.4560267 0.4567952
0.6146561 0.5978454 0.5849693 0.5812782 0.5765635 0.5736255 0.5760128 0.5757595 0.5763268 0.5825956 0.5877024 0.5929471 0.5973161 0.6007472 0.6069090 0.6105460 0.6153561 0.6232183 0.6301639 0.6352668 0.6389257 0.6425828 0.6400382 0.6352768 0.6289804 0.6210882 0.6093220 0.5979452 0.5916163 0.5832303 0.5772614 0.5737328 0.5744964 0.5719610 0.5672748 0.5615298 0.5522538 0.5409138 0.5307829 0.5231713 0.5135975 0.5057139 0.5019958 0.5004411 0.4962992 0.4967218 0.4978636 0.4957319 0.4937188 0.4984706 0.5034519 0.5062045 0.5175398 0.5291331 0.5394395 0.5500382 0.5691145 0.5856935 0.5895361 0.5942426
0.6735913 0.6583147 0.6479289 0.6432375 0.6328898 0.6261726 0.6239340 0.6186357 0.6180728 0.6213317 0.6259454 0.6332240 0.6366800 0.6406286 0.6448796 0.6467367 0.6496196 0.6537816 0.6577679 0.6602040 0.6631226 0.6625931 0.6594518 0.6565381 0.6553127 0.6524451 0.6454877 0.6393553 0.6296556 0.6187574 0.6095082 0.6052147 0.6007368 0.5957021 0.5887687 0.5843745 0.5787281 0.5720900 0.5695611 0.5642957 0.5596977 0.5557480 0.5593804 0.5583727 0.5572048 0.5596286 0.5647966 0.5650621 0.5641379 0.5720149 0.5726340 0.5743500 0.5800728 0.5968624 0.6096098 0.6241686 0.6444525 0.6560147 0.6611673 0.6651772
0.7469867 0.7277755 0.7137422 0.7005036 0.6872148 0.6800632 0.6771926 0.6732697 0.6732745 0.6754749 0.6815083 0.6846644 0.6871826 0.6938873 0.6935166 0.6925556 0.6929472 0.6964374 0.6939272 0.6904439 0.6873958 0.6862113 0.6824639 0.6788840 0.6799268 0.6781617 0.6735362 0.6659391 0.6587993 0.6497912 0.6407833 0.6360370 0.6307785 0.6258964 0.6223109 0.6237850 0.6206461 0.6190040 0.6225962 0.6231259 0.6222877 0.6236768 0.6285370 0.6276413 0.6271078 0.6313816 0.6375490 0.6384798 0.6441362 0.6510500 0.6527407 0.6544715 0.6632431 0.6715434 0.6767942 0.6849058 0.6983340 0.7090970 0.7171905 0.7309090
0.7874835 0.7707635 0.7577136 0.7432118 0.7307368 0.7225698 0.7206773 0.7188745 0.7205949 0.7234575 0.7263707 0.7266676 0.7274603 0.7288612 0.7274400 0.7257104 0.7248441 0.7228407 0.7183587 0.7134015 0.7089713 0.7047631 0.6997281 0.6934391 0.6873276 0.6828481 0.6778663 0.6721231 0.6683368 0.6657310 0.6634110 0.6633564 0.6638978 0.6639322 0.6682104 0.6706105 0.6716343 0.6725463 0.6811780 0.6856214 0.6882183 0.6979635 0.7006731 0.7025984 0.7047283 0.7169874 0.7191067 0.7218438 0.7266329 0.7416678 0.7457890 0.7490108 0.7591741 0.7569073 0.7542858 0.7552230 0.7645730 0.7685059 0.7760663 0.7913920
0.7948897 0.7898545 0.7848474 0.7768923 0.7671162 0.7591273 0.7496854 0.7419212 0.7374782 0.7345485 0.7324160 0.7308178 0.7285204 0.7240668 0.7233150 0.7221822 0.7167071 0.7111385 0.7062472 0.7013002 0.6904564 0.6852940 0.6802629 0.6743626 0.6656274 0.6628099 0.6612221 0.6604791 0.6630109 0.6664894 0.6706868 0.6750535 0.6793882 0.6837617 0.6894381 0.6955532 0.7012082 0.7080866 0.7170532 0.7241042 0.7307782 0.7401258 0.7498787 0.7571836 0.7660874 0.7748167 0.7818577 0.7893027 0.8001987 0.8096553 0.8155039 0.8218139 0.8295678 0.8307551 0.8290104 0.8314964 0.8310183 0.8305252 0.8329799 0.8429420
0.7876394 0.7904847 0.7921368 0.7924542 0.7894407 0.7828857 0.7708938 0.7557696 0.7403231 0.7256183 0.7144708 0.7067973 0.6994645 0.6923505 0.6869284 0.6810527 0.6719688 0.6639040 0.6589014 0.6514647 0.6435696 0.6404598 0.6381383 0.6337356 0.6335528 0.6362519 0.6391696 0.6423363 0.6475193 0.6533342 0.6579078 0.6639362 0.6695283 0.6753426 0.6806393 0.6882383 0.6966637 0.7052871 0.7164232 0.7278685 0.7401711 0.7509860 0.7633147 0.7753761 0.7867463 0.7979759 0.8087826 0.8191726 0.8292223 0.8377819 0.8450064 0.8522886 0.8609567 0.8663488 0.8703724 0.8743230 0.8743554 0.8722426 0.8701597 0.8677456
0.7751910 0.7809130 0.7851279 0.7891786 0.7913786 0.7897531 0.7847703 0.7728411 0.7562603 0.7323567 0.7077571 0.6869241 0.6690464 0.6531625 0.6401790 0.6304176 0.6189873 0.6136592 0.6091890 0.6051813 0.6003741 0.6013249 0.6028728 0.6039500 0.6086111 0.6138395 0.6183448 0.6224184 0.6281760 0.6333397 0.6385277 0.6454126 0.6521463 0.6582474 0.6645728 0.6723618 0.6812948 0.6907419 0.7013170 0.7136190 0.7250050 0.7372979 0.7510194 0.7653474 0.7777160 0.7906948 0.8037167 0.8154633 0.8255318 0.8363037 0.8461929 0.8548318 0.8637577 0.8713267 0.8775227 0.8831146 0.8865496 0.8881170 0.8861130 0.8774082
0.7703476 0.7765946 0.7811898 0.7844431 0.7863176 0.7862584 0.7850818 0.7805891 0.7704008 0.7539211 0.7301759 0.7003347 0.6714129 0.6449597 0.6225725 0.6072152 0.5958306 0.5887067 0.5849559 0.5825603 0.5823641 0.5847207 0.5877613 0.5908094 0.5957490 0.6004439 0.6047051 0.6102474 0.6163917 0.6226085 0.6280200 0.6347755 0.6415042 0.6498060 0.6564935 0.6639688 0.6726753 0.6812697 0.6897459 0.6986840 0.7079845 0.7191677 0.7313283 0.7439880 0.7555052 0.7688705 0.7824631 0.7953743 0.8068115 0.8196016 0.8307839 0.8409120 0.8516205 0.8608533 0.8680802 0.8741201 0.8792737 0.8819720 0.8813401 0.8764415
0.7748326 0.7808283 0.7851214 0.7882386 0.7893417 0.7880270 0.7852832 0.7800176 0.7717029 0.7628510 0.7509624 0.7331174 0.7141249 0.6888121 0.6622177 0.6435275 0.6244804 0.6091473 0.6008438 0.5972893 0.5944288 0.5941731 0.5955811 0.5984964 0.6018327 0.6064330 0.6119582 0.6173762 0.6231199 0.6306544 0.6384867 0.6452060 0.6527850 0.6609437 0.6672767 0.6734824 0.6806827 0.6870413 0.6929160 0.6994814 0.7079381 0.7168494 0.7259024 0.7349894 0.7437447 0.7530385 0.7642873 0.7758923 0.7883538 0.8011799 0.8137022 0.8239535 0.8348387 0.8452851 0.8535618 0.8608331 0.8676041 0.8701147 0.8686198 0.8648482
0.7766089 0.7790554 0.7823001 0.7847392 0.7844587 0.7825921 0.7812067 0.7786171 0.7759466 0.7730510 0.7697602 0.7680938 0.7639102 0.7539818 0.7392997 0.7254622 0.7029646 0.6772309 0.6623701 0.6477573 0.6363170 0.6296712 0.6296621 0.6285871 0.6279021 0.6288064 0.6353302 0.6404719 0.6450250 0.6535231 0.6603692 0.6670765 0.6737369 0.6832388 0.6893764 0.6950605 0.7037124 0.7090163 0.7146594 0.7206345 0.7290762 0.7336761 0.7388560 0.7453327 0.7524226 0.7588204 0.7666403 0.7758441 0.7858298 0.7966662 0.8079955 0.8186023 0.8288272 0.8386066 0.8469345 0.8537815 0.8584467 0.8606559 0.8621589 0.8610528
0.7616219 0.7591999 0.7603602 0.7621591 0.7604711 0.7642427 0.7695606 0.7748185 0.7794071 0.7833128 0.7862168 0.7901140 0.7936717 0.7941294 0.7936984 0.7951074 0.7830872 0.7637959 0.7424966 0.7233204 0.7000541 0.6850330 0.6781707 0.6715375 0.6679284 0.6673699 0.6694323 0.6703024 0.6724398 0.6792515 0.6851012 0.6913147 0.6996063 0.7077462 0.7144077 0.7209285 0.7299976 0.7369201 0.7428488 0.7502983 0.7559173 0.7581949 0.7607009 0.7660695 0.7710120 0.7760033 0.7817603 0.7867756 0.7924317 0.7996012 0.8072719 0.8151083 0.8229409 0.8307946 0.8365152 0.8425848 0.8487867 0.8536509 0.8602450 0.8658540
0.7095546 0.7078162 0.7119731 0.7171278 0.7179825 0.7278252 0.7398493 0.7493386 0.7599234 0.7722498 0.7838155 0.7935553 0.8024472 0.8098060 0.8165816 0.8224829 0.8249992 0.8207204 0.8095567 0.7922012 0.7689593 0.7476638 0.7271616 0.7109220 0.7013972 0.6985214 0.6960066 0.6947102 0.6945472 0.6984986 0.7028213 0.7080437 0.7158171 0.7229387 0.7299561 0.7372658 0.7458276 0.7532387 0.7594183 0.7657208 0.7729145 0.7773556 0.7795809 0.7817406 0.7846271 0.7875166 0.7893702 0.7906170 0.7928791 0.7952401 0.7978165 0.8021439 0.8067974 0.8101560 0.8140798 0.8210188 0.8308923 0.8400209 0.8525369 0.8667191
