simulation_files/asc_files/Depth____109.0.asc
NCOLS       411
NROWS       131
XLLCENTER    2538020.000000
YLLCENTER    1152390.000000
CELLSIZE           1.000
NODATA_VALUE     -9999.0
[rows 26 to 51 of 131, columns 295 to 353 of 411]
0.6953049 0.6944434 0.6948123 0.6997894 0.7045256 0.6992712 0.7050358 0.7122307 0.7202918 0.7218833 0.7341260 0.7469002 0.7544381 0.7695493 0.7846801 0.7982144 0.8079759 0.8194140 0.8283105 0.8333431 0.8352603 0.8410413 0.8438448 0.8425093 0.8375038 0.8264088 0.8102719 0.7912479 0.7710963 0.7563014 0.7477397 0.7448802 0.7452920 0.7462779 0.7480786 0.7511184 0.7556285 0.7602356 0.7658894 0.7720690 0.7773015 0.7826497 0.7882510 0.7938369 0.7955975 0.8010288 0.8069679 0.8083286 0.8103778 0.8129943 0.8147235 0.8108447 0.8110366 0.8116521 0.8101336 0.8090134 0.8113516 0.8143567 0.8132513
0.6021603 0.6073926 0.6122985 0.6216332 0.6250275 0.6296809 0.6378358 0.6466985 0.6514320 0.6594006 0.6716350 0.6857797 0.6953268 0.7098446 0.7269794 0.7391479 0.7540916 0.7680128 0.7791564 0.7830390 0.7915295 0.8017729 0.8097668 0.8169689 0.8237042 0.8266782 0.8253206 0.8178986 0.8017535 0.7814461 0.7609168 0.7432137 0.7331001 0.7276193 0.7269742 0.7272528 0.7284807 0.7285387 0.7326588 0.7352880 0.7338372 0.7378021 0.7417629 0.7429630 0.7419285 0.7480881 0.7562766 0.7606427 0.7618948 0.7651791 0.7629158 0.7594563 0.7588898 0.7580242 0.7528771 0.7497634 0.7515186 0.7497457 0.7527277
0.5174258 0.5237259 0.5390119 0.5540679 0.5655982 0.5749125 0.5880478 0.5992291 0.6062889 0.6164110 0.6266101 0.6368520 0.6461802 0.6609510 0.6755012 0.6863659 0.7025629 0.7177981 0.7290166 0.7384406 0.7502432 0.7626267 0.7737954 0.7852590 0.7981797 0.8094205 0.8220674 0.8331134 0.8363660 0.8312005 0.8134435 0.7810735 0.7489502 0.7192921 0.7007551 0.6910143 0.6819460 0.6785698 0.6788785 0.6802233 0.6752962 0.6764688 0.6789070 0.6735294 0.6761285 0.6809307 0.6882436 0.6879428 0.6956751 0.7016767 0.7025860 0.7008551 0.7017120 0.7007911 0.6941589 0.6934926 0.6940414 0.6944612 0.6941338
0.4497240 0.4606385 0.4756503 0.4916111 0.5020554 0.5163537 0.5329617 0.5490586 0.5580910 0.5696622 0.5811234 0.5876811 0.5998001 0.6133200 0.6273464 0.6354179 0.6510293 0.6681647 0.6797036 0.6972251 0.7142056 0.7305845 0.7425370 0.7561942 0.7681950 0.7778064 0.7873449 0.8018614 0.8172086 0.8311723 0.8379626 0.8263759 0.7905221 0.7416462 0.6956842 0.6626865 0.6410623 0.6296481 0.6240250 0.6188752 0.6137516 0.6136513 0.6151234 0.6107406 0.6121032 0.6147294 0.6144933 0.6141048 0.6210479 0.6315678 0.6367445 0.6443589 0.6532250 0.6554656 0.6573176 0.6576798 0.6567790 0.6528300 0.6537200
0.4136117 0.4164777 0.4251951 0.4347030 0.4416493 0.4546318 0.4697669 0.4849314 0.4999738 0.5182755 0.5318449 0.5378592 0.5485236 0.5599284 0.5698739 0.5788456 0.5942992 0.6126706 0.6285103 0.6497591 0.6730958 0.6929598 0.7103448 0.7269867 0.7388066 0.7423990 0.7393885 0.7368140 0.7282125 0.7180114 0.7221865 0.7338751 0.7310632 0.7211569 0.6975476 0.6606154 0.6252674 0.6008884 0.5853919 0.5737836 0.5684643 0.5645247 0.5617909 0.5550660 0.5553020 0.5576560 0.5515590 0.5510056 0.5525522 0.5576226 0.5569022 0.5697098 0.5832758 0.5961622 0.5955025 0.6047695 0.6121231 0.6093517 0.6140018
0.3857588 0.3858477 0.3902692 0.3942633 0.3970408 0.4031150 0.4127871 0.4252686 0.4459708 0.4682980 0.4852780 0.4940673 0.5031282 0.5130232 0.5194307 0.5310890 0.5455609 0.5636365 0.5810008 0.6056728 0.6303505 0.6471361 0.6664704 0.6827969 0.6915224 0.6672726 0.6478065 0.6222836 0.5956901 0.5602492 0.5501730 0.5588885 0.5821190 0.6263164 0.6506440 0.6392116 0.6070981 0.5793023 0.5609105 0.5512707 0.5447799 0.5364918 0.5271508 0.5199332 0.5199357 0.5217057 0.5191894 0.5154726 0.5133976 0.5097058 0.5056083 0.5038844 0.5023908 0.4978729 0.5005348 0.5187193 0.5395087 0.5532995 0.5670991
0.3586468 0.3612816 0.3661029 0.3697076 0.3702771 0.3736592 0.3810233 0.3967970 0.4198621 0.4418282 0.4572785 0.4666349 0.4755065 0.4843701 0.4926325 0.5031234 0.5165403 0.5307891 0.5464906 0.5625347 0.5725511 0.5655234 0.5506636 0.5432878 0.5237941 0.5123667 0.5084787 0.5017711 0.4876498 0.4772133 0.4716128 0.4788122 0.5046608 0.5467710 0.5774700 0.5718855 0.5516678 0.5332570 0.5279083 0.5251144 0.5223124 0.5137759 0.5026751 0.4983049 0.5019113 0.5069469 0.5030531 0.4996541 0.4924241 0.4763147 0.4633171 0.4522219 0.4416086 0.4309304 0.4325619 0.4528870 0.4830343 0.5041787 0.5209679
0.3454210 0.3493971 0.3542814 0.3573726 0.3599516 0.3655173 0.3768561 0.3977185 0.4209468 0.4398663 0.4522031 0.4591170 0.4649493 0.4719034 0.4788514 0.4871137 0.4951203 0.4973300 0.4981737 0.4884004 0.4654266 0.4227666 0.3996336 0.3875074 0.3804266 0.3931908 0.4152946 0.4368265 0.4518574 0.4646361 0.4729486 0.4852741 0.5037166 0.5196608 0.5193038 0.4979495 0.4783892 0.4695894 0.4684748 0.4687143 0.4686932 0.4656969 0.4593353 0.4572522 0.4629424 0.4617079 0.4560404 0.4486868 0.4383629 0.4211063 0.4114355 0.4061770 0.4014091 0.4002553 0.4125299 0.4374111 0.4644257 0.4809626 0.4916743
0.3508852 0.3543379 0.3579217 0.3621301 0.3667008 0.3755787 0.3921686 0.4156693 0.4369202 0.4522691 0.4594365 0.4614875 0.4638823 0.4677461 0.4693920 0.4674032 0.4605591 0.4409540 0.4137007 0.3843938 0.3506551 0.3296906 0.3205692 0.3191145 0.3244207 0.3408536 0.3646420 0.3915055 0.4176323 0.4482217 0.4738998 0.4971499 0.5207751 0.5306523 0.5150334 0.4828056 0.4491473 0.4290976 0.4217717 0.4151144 0.4085904 0.4036002 0.3943966 0.3935195 0.3936673 0.3795968 0.3685061 0.3600515 0.3526446 0.3458933 0.3517483 0.3600701 0.3709772 0.3895167 0.4171976 0.4459340 0.4660509 0.4757271 0.4811552
0.3692422 0.3685074 0.3693514 0.3744482 0.3812854 0.3932037 0.4146351 0.4369640 0.4548171 0.4640915 0.4652908 0.4630884 0.4601896 0.4521462 0.4395071 0.4198255 0.3945483 0.3627777 0.3412199 0.3234133 0.3108227 0.3051969 0.3041733 0.3052950 0.3117589 0.3247605 0.3424192 0.3633963 0.3873765 0.4173869 0.4484795 0.4820695 0.5157676 0.5353574 0.5338145 0.5180176 0.4916304 0.4622520 0.4323888 0.4003045 0.3759169 0.3570155 0.3417484 0.3309029 0.3204775 0.3038042 0.2943448 0.2910777 0.2879192 0.2955420 0.3095643 0.3298205 0.3579253 0.3941146 0.4276830 0.4520159 0.4650832 0.4713548 0.4744677
0.4157505 0.3974535 0.3917524 0.3931793 0.4003066 0.4156525 0.4349941 0.4525001 0.4646771 0.4684093 0.4617755 0.4496501 0.4316222 0.4055875 0.3806082 0.3564378 0.3355722 0.3251660 0.3188888 0.3139484 0.3104400 0.3086195 0.3087538 0.3114981 0.3167713 0.3270538 0.3414129 0.3583391 0.3777438 0.4013792 0.4300389 0.4635713 0.5018791 0.5291727 0.5383791 0.5399755 0.5340367 0.5165240 0.4918073 0.4501740 0.4090592 0.3734766 0.3361525 0.3067890 0.2852203 0.2705106 0.2646462 0.2656987 0.2734680 0.2897202 0.3131091 0.3450101 0.3819452 0.4135720 0.4363364 0.4477449 0.4518577 0.4536341 0.4539451
0.5369174 0.4732185 0.4552585 0.4375069 0.4341666 0.4412583 0.4562618 0.4666772 0.4692315 0.4581196 0.4362838 0.4097214 0.3830865 0.3554322 0.3384386 0.3268197 0.3219792 0.3219507 0.3217474 0.3203950 0.3193026 0.3179422 0.3184101 0.3206634 0.3268002 0.3354781 0.3481716 0.3644279 0.3822487 0.4034323 0.4290733 0.4596672 0.4916777 0.5190580 0.5338598 0.5401210 0.5419143 0.5402138 0.5341129 0.5160067 0.4900532 0.4656924 0.4249498 0.3816603 0.3532935 0.3257216 0.3027398 0.2897519 0.2910583 0.2993480 0.3177468 0.3617821 0.3966452 0.4185844 0.4326012 0.4508050 0.4518803 0.4486374 0.4431164
0.7466875 0.6693929 0.5991373 0.5317531 0.4956765 0.4854187 0.4799976 0.4683967 0.4497003 0.4172737 0.3865676 0.3616791 0.3435612 0.3333969 0.3284132 0.3259073 0.3262128 0.3279605 0.3289697 0.3292463 0.3287289 0.3285524 0.3298066 0.3350248 0.3408504 0.3502944 0.3643525 0.3804627 0.3985670 0.4198831 0.4463661 0.4742059 0.5018664 0.5215487 0.5292339 0.5324745 0.5348193 0.5355152 0.5361891 0.5348920 0.5310025 0.5294035 0.5200291 0.5051210 0.4906845 0.4838305 0.4656500 0.4645460 0.4938221 0.5102207 0.5298244 0.5619443 0.5967790 0.5945559 0.5965341 0.5966149 0.5752251 0.5511187 0.5365578
0.8780417 0.8276862 0.7668623 0.6877553 0.6089466 0.5526967 0.4983840 0.4510317 0.4084835 0.3686340 0.3449309 0.3324663 0.3286521 0.3287340 0.3287209 0.3298294 0.3324593 0.3344958 0.3361844 0.3372965 0.3388907 0.3405982 0.3440621 0.3493702 0.3547199 0.3647538 0.3790444 0.3953726 0.4126793 0.4330576 0.4563698 0.4814711 0.5045680 0.5178816 0.5206856 0.5217668 0.5246264 0.5282702 0.5348277 0.5436111 0.5551364 0.5679322 0.5800633 0.5907516 0.6077042 0.6230419 0.6418610 0.6822431 0.7308605 0.7751378 0.8084668 0.8427804 0.8395538 0.8217231 0.8040433 0.7847606 0.7579569 0.7336296 0.7340296
0.9536904 0.9258003 0.8915511 0.8338097 0.7364944 0.6049878 0.4887851 0.4121957 0.3683964 0.3463226 0.3349467 0.3284124 0.3264852 0.3274870 0.3304287 0.3330293 0.3359571 0.3391699 0.3425481 0.3454652 0.3485350 0.3516666 0.3559477 0.3601252 0.3653334 0.3756408 0.3902516 0.4051266 0.4216294 0.4407661 0.4624812 0.4853312 0.5054330 0.5164132 0.5191745 0.5197324 0.5230032 0.5295962 0.5391190 0.5529248 0.5719994 0.5927582 0.6171694 0.6467698 0.6841321 0.7232517 0.7676570 0.8208579 0.8738652 0.9116162 0.9350248 0.9368997 0.9197137 0.8951532 0.8697092 0.8463683 0.8273268 0.8175466 0.8182687
0.9720329 0.9355850 0.9097129 0.8599211 0.7826050 0.6795583 0.5590208 0.4492294 0.3742670 0.3403470 0.3304215 0.3264125 0.3243962 0.3259196 0.3293747 0.3323282 0.3364875 0.3409601 0.3451238 0.3492450 0.3535177 0.3574298 0.3611510 0.3650966 0.3713107 0.3822961 0.3962055 0.4114015 0.4286838 0.4489086 0.4701915 0.4912434 0.5107123 0.5237588 0.5305824 0.5349558 0.5438754 0.5529301 0.5635006 0.5769212 0.5981567 0.6205415 0.6485234 0.6884779 0.7326986 0.7843275 0.8388305 0.8907375 0.9292680 0.9524074 0.9535440 0.9373964 0.9150577 0.8917735 0.8720732 0.8574625 0.8470613 0.8457121 0.8577708
0.9032491 0.8707838 0.8371337 0.7978736 0.7609950 0.7268722 0.6720537 0.5825666 0.4889215 0.4015077 0.3486887 0.3314187 0.3237505 0.3242514 0.3264549 0.3282153 0.3317806 0.3361922 0.3393994 0.3441063 0.3495322 0.3540883 0.3574811 0.3620789 0.3697464 0.3823793 0.3981974 0.4160918 0.4355804 0.4563899 0.4758177 0.4961700 0.5175534 0.5377886 0.5522734 0.5638163 0.5778995 0.5893377 0.6019568 0.6192872 0.6412091 0.6641471 0.6923187 0.7312843 0.7670509 0.8038502 0.8381450 0.8639967 0.8822087 0.8890805 0.8789454 0.8702014 0.8679756 0.8664842 0.8720006 0.8755279 0.8777048 0.8845639 0.8950429
0.8130026 0.7942417 0.7703176 0.7620542 0.7525093 0.7495810 0.7379088 0.7195618 0.6789189 0.5795800 0.4604983 0.3830929 0.3339060 0.3229175 0.3212902 0.3209153 0.3219649 0.3244857 0.3266391 0.3308722 0.3360350 0.3391833 0.3434254 0.3493650 0.3585959 0.3716467 0.3892588 0.4092004 0.4270930 0.4438578 0.4623643 0.4859990 0.5136096 0.5424899 0.5651885 0.5835341 0.6025253 0.6204639 0.6389461 0.6646710 0.6895811 0.7183292 0.7499762 0.7875092 0.8119171 0.8284661 0.8356677 0.8324177 0.8209668 0.8046583 0.7895628 0.7962237 0.8153836 0.8425464 0.8651161 0.8787724 0.8903258 0.9078233 0.9155086
0.7884264 0.7743676 0.7568035 0.7565026 0.7547996 0.7543242 0.7613985 0.7734024 0.7708721 0.7454143 0.6709501 0.5910631 0.4758437 0.3794567 0.3309471 0.3144769 0.3121407 0.3112520 0.3097601 0.3118989 0.3153153 0.3163322 0.3203408 0.3255941 0.3334143 0.3428361 0.3588677 0.3792571 0.3944070 0.4072626 0.4301185 0.4600851 0.4952400 0.5303769 0.5580497 0.5814117 0.6052346 0.6315426 0.6587415 0.6892429 0.7233015 0.7592299 0.7964038 0.8290967 0.8489673 0.8567270 0.8557457 0.8431025 0.8209775 0.8039802 0.7982679 0.8022089 0.8214007 0.8526097 0.8656707 0.8658614 0.8697274 0.8717272 0.8627400
0.8156931 0.8028818 0.7882539 0.7731638 0.7581166 0.7475309 0.7576976 0.7715188 0.7810623 0.7964578 0.7936323 0.7667670 0.6846276 0.5547517 0.4358654 0.3468165 0.3077001 0.2999556 0.2987429 0.2987049 0.2987079 0.2987752 0.2997518 0.3025820 0.3057653 0.3126197 0.3228239 0.3339168 0.3428383 0.3600159 0.3886843 0.4257335 0.4652560 0.5030476 0.5333703 0.5575854 0.5853085 0.6166647 0.6506597 0.6862896 0.7260784 0.7667081 0.8036502 0.8321740 0.8501456 0.8589463 0.8561562 0.8576859 0.8580423 0.8651761 0.8796075 0.8987288 0.9215575 0.9369831 0.9073775 0.8663328 0.8211745 0.7495470 0.6869613
0.8351181 0.8283153 0.8203879 0.8002359 0.7800263 0.7610359 0.7438345 0.7352547 0.7510537 0.7682602 0.7826626 0.8006482 0.7988408 0.7529531 0.6744419 0.5114942 0.3636823 0.3166794 0.2980349 0.2947913 0.2925782 0.2894797 0.2866175 0.2846475 0.2839626 0.2864871 0.2902912 0.2962736 0.3083066 0.3314502 0.3622874 0.3975176 0.4342135 0.4730382 0.5054471 0.5330879 0.5622037 0.5946464 0.6302564 0.6683727 0.7069385 0.7407799 0.7634958 0.7769375 0.7874989 0.7904108 0.7989880 0.8147503 0.8387704 0.8719170 0.9218752 0.9743065 1.013953 1.021660 0.9754267 0.8774315 0.7194835 0.5702494 0.4743257
0.8186989 0.8305559 0.8345562 0.8266948 0.8159068 0.7975804 0.7737765 0.7387920 0.7205001 0.7310046 0.7570961 0.7841898 0.8123395 0.8258623 0.8185200 0.7483632 0.6128704 0.4685796 0.3569229 0.3028741 0.2929943 0.2906845 0.2870904 0.2834751 0.2828358 0.2826458 0.2855077 0.2950655 0.3136614 0.3343304 0.3549169 0.3771807 0.4111972 0.4547090 0.4902649 0.5157701 0.5435546 0.5762859 0.6123745 0.6489249 0.6785873 0.6980383 0.7022746 0.7065012 0.7092172 0.7098367 0.7208327 0.7333434 0.7536560 0.7907879 0.8594491 0.9317795 0.9839305 0.9787010 0.8998220 0.7490090 0.5953170 0.4615814 0.3608204
0.7657654 0.8002890 0.8268893 0.8335192 0.8351089 0.8350915 0.8209200 0.7955098 0.7476327 0.7245940 0.7196224 0.7540148 0.7863969 0.8245518 0.8425668 0.8531810 0.8325024 0.7423211 0.5744906 0.4188745 0.3440408 0.3112898 0.3071592 0.3091823 0.3137277 0.3158541 0.3208218 0.3313986 0.3451805 0.3557559 0.3681870 0.3890844 0.4230864 0.4600011 0.4825470 0.5012863 0.5314952 0.5640736 0.5924947 0.6158782 0.6300888 0.6302896 0.6269607 0.6248230 0.6275345 0.6283196 0.6348744 0.6410936 0.6448433 0.6810498 0.7411021 0.8019992 0.8131433 0.7589466 0.6314417 0.5178042 0.4735851 0.4299456 0.3846625
0.6608946 0.7072190 0.7703157 0.7909291 0.8094447 0.8266896 0.8334162 0.8369441 0.8187419 0.7703318 0.7286145 0.7234853 0.7464817 0.7814297 0.8175409 0.8519040 0.8844498 0.9062601 0.8570122 0.7149252 0.5557499 0.4001360 0.3388966 0.3421901 0.3517978 0.3602903 0.3657671 0.3728022 0.3721658 0.3754352 0.3852195 0.4020844 0.4271195 0.4445628 0.4413673 0.4607652 0.4947573 0.5238391 0.5355755 0.5464805 0.5471145 0.5340638 0.5270197 0.5231770 0.5209953 0.5156595 0.5212109 0.5288215 0.5362293 0.5623333 0.5979825 0.5983968 0.5506273 0.4882220 0.4212894 0.3782800 0.3764440 0.3834709 0.3792690
0.4929807 0.5432750 0.6053956 0.6612734 0.7049180 0.7337524 0.7682469 0.7888584 0.8337496 0.8139340 0.7776910 0.7307277 0.7252040 0.7433005 0.7845940 0.8315990 0.8805495 0.9287778 0.9640138 0.9592042 0.8895102 0.6962278 0.4941802 0.3809806 0.3508539 0.3583493 0.3606775 0.3602491 0.3617941 0.3660945 0.3700690 0.3747471 0.3769961 0.3708746 0.3720683 0.3977862 0.4270541 0.4383348 0.4448055 0.4484009 0.4432610 0.4232205 0.4143132 0.4134032 0.4015891 0.4035392 0.4136477 0.4319915 0.4425612 0.4693584 0.4873797 0.4710201 0.4434588 0.4270196 0.3888420 0.3436121 0.3123195 0.3014273 0.2883046
0.3130911 0.3491474 0.3877486 0.4613129 0.5282942 0.5788605 0.6344596 0.6797847 0.7466592 0.7910724 0.8045165 0.7801732 0.7527686 0.7578318 0.7777635 0.8096390 0.8489735 0.9000294 0.9650687 1.022246 1.033147 1.028629 0.8425167 0.6093180 0.3939947 0.3300825 0.3105077 0.3111364 0.3150382 0.3185975 0.3113766 0.3062955 0.2976613 0.2962164 0.3103619 0.3402529 0.3623086 0.3673773 0.3717619 0.3717019 0.3641171 0.3473719 0.3410830 0.3436969 0.3474394 0.3538515 0.3738642 0.4035130 0.4402477 0.4676874 0.4756492 0.4636250 0.4436831 0.4212580 0.3793621 0.3202245 0.2692101 0.2331024 0.1551985
