simulation_files/asc_files/Depth____111.0.asc
NCOLS       411
NROWS       131
XLLCENTER    2538020.000000
YLLCENTER    1152390.000000
CELLSIZE           1.000
NODATA_VALUE     -9999.0
[rows 0 to 25 of 131, columns 236 to 294 of 411]
-9999.000 -9999.000 -9999.000 -9999.000 -9999.000 -9999.000 -9999.000 -9999.000 -9999.000 -9999.000 -9999.000 -9999.000 -9999.000 -9999.000 -9999.000 -9999.000 -9999.000 -9999.000 -9999.000 -9999.000 -9999.000 -9999.000 -9999.000 -9999.000 -9999.000 -9999.000 -9999.000 -9999.000 -9999.000 -9999.000 -9999.000 -9999.000 -9999.000 -9999.000 -9999.000 -9999.000 -9999.000 -9999.000 -9999.000 -9999.000 -9999.000 -9999.000 -9999.000 -9999.000 -9999.000 -9999.000 -9999.000 -9999.000 -9999.000 -9999.000 -9999.000 -9999.000 -9999.000 -9999.000 -9999.000 -9999.000 -9999.000 -9999.000 -9999.000
-9999.000 -9999.000 -9999.000 -9999.000 -9999.000 -9999.000 -9999.000 -9999.000 -9999.000 -9999.000 -9999.000 -9999.000 -9999.000 -9999.000 -9999.000 -9999.000 -9999.000 -9999.000 -9999.000 -9999.000 -9999.000 -9999.000 -9999.000 -9999.000 -9999.000 -9999.000 -9999.000 -9999.000 -9999.000 -9999.000 -9999.000 -9999.000 -9999.000 -9999.000 -9999.000 -9999.000 -9999.000 -9999.000 -9999.000 -9999.000 -9999.000 -9999.000 -9999.000 -9999.000 -9999.000 -9999.000 -9999.000 -9999.000 -9999.000 -9999.000 -9999.000 -9999.000 -9999.000 -9999.000 -9999.000 -9999.000 -9999.000 -9999.000 -9999.000
0.8372722E-01 -9999.000 -9999.000 -9999.000 -9999.000 -9999.000 -9999.000 -9999.000 -9999.000 -9999.000 -9999.000 -9999.000 -9999.000 -9999.000 -9999.000 -9999.000 -9999.000 -9999.000 -9999.000 -9999.000 -9999.000 -9999.000 -9999.000 -9999.000 -9999.000 -9999.000 -9999.000 -9999.000 -9999.000 -9999.000 -9999.000 -9999.000 -9999.000 -9999.000 -9999.000 -9999.000 -9999.000 -9999.000 -9999.000 -9999.000 -9999.000 -9999.000 -9999.000 -9999.000 -9999.000 -9999.000 -9999.000 -9999.000 -9999.000 -9999.000 -9999.000 -9999.000 -9999.000 -9999.000 -9999.000 -9999.000 -9999.000 -9999.000 -9999.000
0.2747300 0.2044215 0.1677776 0.1283594 -9999.000 -9999.000 -9999.000 -9999.000 -9999.000 -9999.000 -9999.000 -9999.000 -9999.000 -9999.000 -9999.000 -9999.000 -9999.000 -9999.000 -9999.000 -9999.000 0.3486644E-01 0.4665816E-01 0.5297030E-01 -9999.000 -9999.000 -9999.000 -9999.000 -9999.000 -9999.000 -9999.000 -9999.000 -9999.000 -9999.000 -9999.000 -9999.000 -9999.000 -9999.000 -9999.000 -9999.000 -9999.000 -9999.000 -9999.000 -9999.000 -9999.000 -9999.000 -9999.000 -9999.000 -9999.000 -9999.000 -9999.000 -9999.000 -9999.000 -9999.000 -9999.000 -9999.000 -9999.000 -9999.000 -9999.000 -9999.000
0.6036431 0.5043314 0.4315026 0.3988960 0.2955763 0.2200127 0.1457041 -9999.000 -9999.000 -9999.000 -9999.000 -9999.000 -9999.000 -9999.000 -9999.000 -9999.000 -9999.000 0.4665362E-01 0.1023530 0.1483447 0.1650903 0.1968373 0.1898812 0.1824121 0.1461180 0.8281931E-01 -9999.000 -9999.000 -9999.000 -9999.000 -9999.000 -9999.000 -9999.000 -9999.000 -9999.000 -9999.000 -9999.000 -9999.000 -9999.000 -9999.000 -9999.000 -9999.000 -9999.000 -9999.000 -9999.000 -9999.000 -9999.000 -9999.000 -9999.000 -9999.000 -9999.000 -9999.000 -9999.000 -9999.000 -9999.000 -9999.000 -9999.000 -9999.000 -9999.000
0.9565538 0.8605858 0.7817995 0.6981275 0.5818096 0.4863124 0.3865943 0.2684015 0.1439171 0.7252720E-01 0.4382396E-01 -9999.000 0.6472715E-01 0.7109336E-01 0.8968360E-01 0.9859553E-01 0.1149597 0.1740557 0.2498386 0.3247286 0.3939307 0.4073675 0.3927672 0.3674760 0.3225080 0.2227465 -9999.000 -9999.000 -9999.000 -9999.000 -9999.000 0.7010268E-01 0.8770402E-01 0.9177322E-01 0.5149668E-01 -9999.000 -9999.000 -9999.000 -9999.000 -9999.000 -9999.000 -9999.000 -9999.000 -9999.000 -9999.000 -9999.000 -9999.000 -9999.000 -9999.000 -9999.000 -9999.000 -9999.000 -9999.000 -9999.000 -9999.000 -9999.000 -9999.000 -9999.000 -9999.000
1.303228 1.203114 1.101543 1.027453 0.8948664 0.7816322 0.6866036 0.5801380 0.4237429 0.2649772 0.1996226 0.2680379 0.2613440 0.3267759 0.3232205 0.2904433 0.3051300 0.3920498 0.4691801 0.5408996 0.6017381 0.6149550 0.5977313 0.5776739 0.5255171 0.4179458 0.3092397 0.2435994 0.2132967 0.1966311 0.2124628 0.2452612 0.2505800 0.2140437 0.1658897 0.1003557 -9999.000 -9999.000 -9999.000 -9999.000 -9999.000 -9999.000 -9999.000 -9999.000 -9999.000 -9999.000 -9999.000 -9999.000 -9999.000 -9999.000 -9999.000 -9999.000 -9999.000 -9999.000 -9999.000 -9999.000 -9999.000 -9999.000 -9999.000
1.624396 1.521298 1.430054 1.331311 1.206630 1.086544 0.9745023 0.8487431 0.7329264 0.6104265 0.5272324 0.5461323 0.5923398 0.6608253 0.6046908 0.5412513 0.5674833 0.6250783 0.6954872 0.7544997 0.8141229 0.8139506 0.7942118 0.7921098 0.7291695 0.6263188 0.5315604 0.5109733 0.4922916 0.4767072 0.4663032 0.4944598 0.4780862 0.4205472 0.3375421 0.2222588 0.1610909 0.1210928 0.7527425E-01 0.4172831E-01 -9999.000 -9999.000 -9999.000 -9999.000 -9999.000 -9999.000 -9999.000 -9999.000 -9999.000 -9999.000 -9999.000 -9999.000 -9999.000 -9999.000 -9999.000 -9999.000 -9999.000 -9999.000 -9999.000
1.866440 1.764909 1.673955 1.563611 1.440573 1.317030 1.200855 1.063944 0.9554162 0.8472337 0.7556374 0.7513917 0.8074714 0.8506190 0.7934641 0.7584783 0.7867182 0.8359890 0.8945105 0.9476065 0.9770348 0.9707926 0.9516361 0.9312628 0.8895235 0.8189414 0.7717508 0.7542491 0.7443067 0.7294694 0.7296041 0.7184190 0.6791411 0.6087982 0.5116298 0.3945731 0.3081317 0.2673419 0.1824395 0.1211774 0.1029154 0.9739406E-01 0.8561784E-01 0.7037667E-01 0.8924794E-01 0.7332911E-01 0.5256948E-01 0.4074064E-01 0.2941708E-01 0.1583177E-01 -9999.000 -9999.000 -9999.000 -9999.000 -9999.000 -9999.000 -9999.000 -9999.000 -9999.000
1.968363 1.874075 1.771441 1.657852 1.541312 1.427407 1.306840 1.178468 1.059550 0.9569815 0.8639377 0.8290313 0.8954311 0.9313291 0.9305378 0.9478748 0.9925643 1.016461 1.040231 1.063728 1.068141 1.060795 1.046477 1.036718 1.010764 0.9682015 0.9432728 0.9353566 0.9309274 0.9198999 0.9165785 0.8911673 0.8499002 0.7828144 0.6903743 0.5719481 0.4654744 0.3886839 0.3137718 0.2649798 0.2482399 0.2468877 0.2284869 0.2044026 0.1810363 0.1590638 0.1281445 0.1048963 0.8321708E-01 0.5868456E-01 0.3953215E-01 0.2382445E-01 -9999.000 -9999.000 -9999.000 -9999.000 -9999.000 -9999.000 -9999.000
1.933808 1.809363 1.683272 1.566704 1.461499 1.359233 1.274836 1.184027 1.092809 1.004252 0.9231388 0.8806412 0.8978349 0.9580377 1.038375 1.115846 1.151345 1.144432 1.121096 1.102346 1.105961 1.109144 1.106530 1.102571 1.093651 1.074245 1.055619 1.049254 1.041214 1.034063 1.019500 0.9935049 0.9637637 0.8913389 0.7647068 0.6408350 0.5351927 0.4702784 0.4301273 0.3997797 0.3814102 0.3592266 0.3345272 0.3079488 0.2875955 0.2585055 0.2263343 0.2015176 0.1791959 0.1520638 0.1228935 0.1088521 0.8509143E-01 0.6869116E-01 -9999.000 -9999.000 -9999.000 -9999.000 -9999.000
1.668539 1.510965 1.390420 1.315169 1.241024 1.195625 1.160547 1.119533 1.064620 1.008515 0.9579559 0.9232749 0.9443627 1.010571 1.128448 1.229744 1.250998 1.226839 1.176315 1.134627 1.130259 1.138481 1.142930 1.145003 1.141360 1.127708 1.117013 1.107737 1.096110 1.079757 1.057777 1.019329 0.9591507 0.8437612 0.7178986 0.6285293 0.5708366 0.5349141 0.5006677 0.4693363 0.4473301 0.4237470 0.4020730 0.3857463 0.3733591 0.3549189 0.3337423 0.3176704 0.3064871 0.2909021 0.2847511 0.2726076 0.2502922 0.2303052 0.2445149 0.2449777 0.2446588 0.2616787 0.2699416
1.310844 1.237427 1.215749 1.202110 1.190112 1.180324 1.165774 1.150458 1.141022 1.110835 1.080734 1.070411 1.089640 1.113374 1.205969 1.302183 1.312111 1.271693 1.218257 1.174867 1.163400 1.167807 1.173551 1.172714 1.164262 1.152321 1.141584 1.129060 1.109401 1.075572 1.016451 0.9290005 0.8037642 0.7004194 0.6395246 0.6045338 0.5791710 0.5574914 0.5363764 0.5158573 0.5028414 0.4871797 0.4734223 0.4731459 0.4656654 0.4591368 0.4518534 0.4573427 0.4489099 0.4421266 0.4433603 0.4502336 0.4447454 0.4467851 0.4705325 0.4746180 0.4841390 0.5029556 0.5039094
1.286419 1.307178 1.315528 1.316613 1.327980 1.329931 1.322689 1.324517 1.321337 1.308207 1.300496 1.342859 1.379994 1.355357 1.306107 1.354410 1.347236 1.295950 1.241263 1.212363 1.206975 1.207205 1.208021 1.197738 1.183300 1.171051 1.157387 1.124153 1.059373 0.9536812 0.8494562 0.7516373 0.6757054 0.6329518 0.6129869 0.6006981 0.5917341 0.5819676 0.5739594 0.5704836 0.5668447 0.5593283 0.5533213 0.5596505 0.5605441 0.5618163 0.5718954 0.5780523 0.5797524 0.5818647 0.5975222 0.6057411 0.6093587 0.6256087 0.6359052 0.6410230 0.6455679 0.6633415 0.6704966
1.348151 1.380264 1.405654 1.421960 1.445610 1.463339 1.475429 1.491049 1.514981 1.532433 1.579828 1.679453 1.811650 1.639816 1.392764 1.369680 1.336999 1.288152 1.255203 1.245644 1.243734 1.243398 1.234600 1.220050 1.203282 1.171367 1.111000 1.016840 0.8888324 0.7811360 0.7099224 0.6687989 0.6532121 0.6455195 0.6400454 0.6383037 0.6365299 0.6313343 0.6279563 0.6339715 0.6331552 0.6321446 0.6332614 0.6449251 0.6492152 0.6571724 0.6744381 0.6834581 0.6932633 0.7075599 0.7293190 0.7392717 0.7458422 0.7530646 0.7626589 0.7636151 0.7708216 0.7784624 0.7767044
1.344329 1.383346 1.426298 1.463364 1.503913 1.545103 1.579611 1.627382 1.668908 1.719933 1.809615 1.975464 2.180426 2.090850 1.598358 1.344707 1.285761 1.246757 1.235262 1.236704 1.233737 1.218663 1.202661 1.176467 1.121458 1.026823 0.9325935 0.8387454 0.7619877 0.7174128 0.6975675 0.6910064 0.6901964 0.6902528 0.6916001 0.6959730 0.6983262 0.6969339 0.6955645 0.7028912 0.7066297 0.7107612 0.7237266 0.7336619 0.7420696 0.7517570 0.7724059 0.7876892 0.8020904 0.8277516 0.8428298 0.8544664 0.8616419 0.8737479 0.8705478 0.8657692 0.8650609 0.8578093 0.8394348
1.340525 1.385291 1.445878 1.504537 1.560503 1.622691 1.685100 1.749946 1.819219 1.903447 2.040812 2.225398 2.458428 2.436112 1.809269 1.360788 1.231595 1.193315 1.178022 1.170736 1.158508 1.119540 1.069911 1.002007 0.8905643 0.8048047 0.7469028 0.7161204 0.7014578 0.7007544 0.7021849 0.7048755 0.7085765 0.7122256 0.7193895 0.7297204 0.7375286 0.7440797 0.7513137 0.7639049 0.7725334 0.7839853 0.7998613 0.8120240 0.8254777 0.8415271 0.8602395 0.8737924 0.8874465 0.9058451 0.9172397 0.9257777 0.9329133 0.9375787 0.9343812 0.9252987 0.9128432 0.8958175 0.8711820
1.353828 1.410780 1.474816 1.550261 1.615736 1.683601 1.764401 1.847249 1.930499 2.030002 2.174695 2.337804 2.515323 2.693412 2.374509 1.551026 1.236027 1.162070 1.115000 1.075766 1.022391 0.9305823 0.8514020 0.7745753 0.7009174 0.6668528 0.6588100 0.6622184 0.6701565 0.6822262 0.6932198 0.7023215 0.7088167 0.7131110 0.7181645 0.7269683 0.7401301 0.7549904 0.7706055 0.7869186 0.8029892 0.8192715 0.8363723 0.8527252 0.8678200 0.8831191 0.8969800 0.9091544 0.9192689 0.9273162 0.9340099 0.9391369 0.9406813 0.9407207 0.9366322 0.9271845 0.9095088 0.8929695 0.8771412
1.418574 1.479052 1.549604 1.630137 1.704887 1.779081 1.870225 1.961398 2.046016 2.159231 2.293404 2.428864 2.567625 2.677350 2.518935 1.870411 1.348196 1.170444 1.045957 0.9325958 0.8141848 0.7247705 0.6653945 0.6314913 0.6134201 0.6139383 0.6209705 0.6282961 0.6414026 0.6558837 0.6703546 0.6813573 0.6927874 0.7007343 0.7070938 0.7153200 0.7318962 0.7516258 0.7706112 0.7897777 0.8072942 0.8234655 0.8368746 0.8508719 0.8637363 0.8734818 0.8839190 0.8936089 0.8992837 0.9007793 0.9036678 0.9043074 0.8997349 0.8946058 0.8892105 0.8788678 0.8684525 0.8625183 0.8575371
1.526756 1.585707 1.654630 1.735578 1.818614 1.908125 1.994508 2.087040 2.161483 2.268543 2.392058 2.500479 2.614143 2.721042 2.651185 2.003925 1.425756 1.168288 0.9964728 0.8300902 0.7166349 0.6541289 0.6216742 0.6047874 0.5990262 0.6012864 0.6077432 0.6155256 0.6231083 0.6313680 0.6407505 0.6511331 0.6628690 0.6760197 0.6899896 0.7062975 0.7247065 0.7427606 0.7586133 0.7748256 0.7900111 0.8007333 0.8114289 0.8215278 0.8305702 0.8344627 0.8410346 0.8473726 0.8456163 0.8479206 0.8482096 0.8424332 0.8271237 0.8228459 0.8209344 0.8164551 0.8194973 0.8235722 0.8261266
1.639899 1.706813 1.780643 1.857944 1.955689 2.038275 2.127026 2.204941 2.280748 2.386261 2.475229 2.563087 2.659016 2.773961 2.680145 1.892711 1.384965 1.193488 1.031320 0.8832241 0.7936463 0.7186973 0.6843653 0.6655112 0.6321039 0.6235204 0.6225030 0.6292515 0.6316465 0.6355553 0.6411845 0.6516086 0.6611041 0.6747226 0.6927962 0.7085276 0.7233415 0.7368278 0.7484670 0.7596416 0.7694875 0.7768010 0.7842002 0.7901472 0.7930200 0.7927616 0.7938990 0.7946596 0.7917117 0.7888423 0.7879324 0.7826895 0.7774574 0.7750534 0.7754374 0.7777162 0.7836090 0.7929093 0.8000489
1.731952 1.803106 1.875795 1.953984 2.055632 2.147619 2.219467 2.299591 2.375286 2.459109 2.528935 2.600753 2.677021 2.781857 2.662960 1.780468 1.253715 1.199795 1.155317 1.074994 0.9716199 0.8780591 0.8163451 0.7837946 0.7408493 0.6975675 0.6807352 0.6722833 0.6677385 0.6689439 0.6769522 0.6849819 0.6932609 0.7044011 0.7175204 0.7262074 0.7339421 0.7428344 0.7497926 0.7561888 0.7614354 0.7646560 0.7668642 0.7682504 0.7661965 0.7657989 0.7640535 0.7623166 0.7615699 0.7618277 0.7634775 0.7656876 0.7657014 0.7656883 0.7673235 0.7715015 0.7772187 0.7868185 0.7959581
1.756260 1.844144 1.915054 2.005947 2.121308 2.202202 2.287647 2.353840 2.424575 2.484550 2.544371 2.606378 2.673286 2.738992 2.631383 1.678523 1.231664 1.231157 1.238785 1.213522 1.139109 1.052341 0.9645260 0.9239337 0.8782829 0.8233463 0.7888956 0.7553149 0.7318096 0.7236296 0.7263657 0.7280981 0.7325937 0.7388494 0.7455405 0.7484380 0.7514149 0.7541388 0.7553739 0.7567281 0.7576206 0.7574397 0.7569929 0.7560215 0.7561332 0.7578144 0.7598818 0.7624394 0.7653773 0.7680817 0.7710618 0.7753365 0.7784592 0.7812812 0.7878108 0.7935042 0.7993267 0.8058849 0.8137494
1.713810 1.823657 1.913388 2.012782 2.115232 2.208948 2.281366 2.344049 2.405689 2.469888 2.525891 2.577700 2.612253 2.666838 2.458056 1.716488 1.250080 1.232562 1.249004 1.271703 1.264338 1.209360 1.118595 1.044029 0.9878271 0.9523869 0.9182083 0.8730747 0.8279299 0.7959091 0.7743606 0.7589009 0.7553528 0.7560444 0.7567347 0.7569938 0.7560492 0.7539677 0.7509131 0.7484665 0.7441329 0.7432487 0.7431579 0.7446643 0.7456557 0.7503599 0.7560198 0.7609232 0.7674148 0.7734244 0.7793207 0.7858682 0.7924076 0.7994469 0.8082965 0.8167295 0.8224241 0.8269772 0.8308566
1.598130 1.736833 1.860877 1.967522 2.075993 2.177288 2.263051 2.323347 2.380875 2.435242 2.479775 2.507017 2.519194 2.502048 2.377271 1.858508 1.329578 1.211264 1.226660 1.252323 1.285517 1.311566 1.267417 1.176922 1.095368 1.035847 1.002857 0.9703031 0.9218043 0.8800632 0.8325464 0.7892192 0.7540892 0.7346059 0.7283831 0.7281124 0.7278420 0.7224913 0.7219650 0.7201210 0.7147309 0.7158371 0.7181930 0.7201047 0.7215855 0.7275613 0.7350978 0.7398396 0.7486516 0.7579330 0.7658963 0.7748559 0.7852278 0.7962380 0.8060425 0.8148759 0.8214877 0.8250716 0.8277898
1.450913 1.608751 1.780485 1.911361 2.028191 2.154327 2.248602 2.314112 2.376939 2.415916 2.440618 2.452711 2.432881 2.386096 2.266825 1.901445 1.382309 1.208443 1.202895 1.221156 1.247863 1.277184 1.298598 1.266452 1.170092 1.071898 1.028551 0.9986268 0.9798991 0.9432764 0.8986170 0.8422841 0.7809985 0.7222018 0.6825949 0.6650603 0.6535585 0.6512983 0.6532197 0.6574537 0.6536908 0.6599393 0.6673282 0.6664033 0.6729476 0.6807427 0.6893098 0.6915728 0.7011437 0.7115300 0.7205530 0.7281620 0.7395424 0.7492255 0.7543923 0.7649824 0.7746508 0.7800745 0.7793846
