simulation_files/asc_files/Depth____126.0.asc
NCOLS       411
NROWS       131
XLLCENTER    2538020.000000
YLLCENTER    1152390.000000
CELLSIZE           1.000
NODATA_VALUE     -9999.0
[rows 27 to 53 of 131, columns 295 to 353 of 411]
0.6125897 0.6178870 0.6225494 0.6314656 0.6344263 0.6386673 0.6457435 0.6531863 0.6570106 0.6640709 0.6754656 0.6885664 0.6972862 0.7110269 0.7273978 0.7389944 0.7532224 0.7664554 0.7769957 0.7806601 0.7889618 0.7992290 0.8073411 0.8148441 0.8219514 0.8252759 0.8243249 0.8174032 0.8016457 0.7816211 0.7613823 0.7438939 0.7338885 0.7284442 0.7277837 0.7281409 0.7293483 0.7293969 0.7334106 0.7360348 0.7346208 0.7386024 0.7425728 0.7438277 0.7428762 0.7492694 0.7577417 0.7623461 0.7636935 0.7670777 0.7650131 0.7617047 0.7612508 0.7605111 0.7553961 0.7523537 0.7541399 0.7523449 0.7552700
0.5285667 0.5351793 0.5505315 0.5655444 0.5769418 0.5859128 0.5980151 0.6081840 0.6143922 0.6233796 0.6326638 0.6420746 0.6506518 0.6644168 0.6782224 0.6885605 0.7039303 0.7183415 0.7288896 0.7377218 0.7488305 0.7606848 0.7715930 0.7830376 0.7961081 0.8076703 0.8207897 0.8322823 0.8359045 0.8310042 0.8134872 0.7813324 0.7494593 0.7198503 0.7013561 0.6916340 0.6825221 0.6790973 0.6793133 0.6806121 0.6756095 0.6767515 0.6792043 0.6738173 0.6764301 0.6813572 0.6888302 0.6886463 0.6965695 0.7028148 0.7039398 0.7025128 0.7036235 0.7029246 0.6964994 0.6960106 0.6966833 0.6972207 0.6969511
0.4623077 0.4734125 0.4886961 0.5048568 0.5153847 0.5293354 0.5453252 0.5606083 0.5689843 0.5795545 0.5898407 0.5958146 0.6070522 0.6195383 0.6326760 0.6402910 0.6550524 0.6712962 0.6823572 0.6990432 0.7151801 0.7306978 0.7420857 0.7550253 0.7665152 0.7759514 0.7856715 0.8006517 0.8163916 0.8307319 0.8377530 0.8262867 0.7906904 0.7422093 0.6960311 0.6631359 0.6413918 0.6299517 0.6241362 0.6190588 0.6138383 0.6136725 0.6151617 0.6107450 0.6120823 0.6147073 0.6144801 0.6141256 0.6211510 0.6318570 0.6372085 0.6451099 0.6542710 0.6567652 0.6589457 0.6596416 0.6590022 0.6551780 0.6562605
0.4288383 0.4315932 0.4403865 0.4501387 0.4575803 0.4702833 0.4849974 0.4998758 0.5146197 0.5320389 0.5445191 0.5498496 0.5595155 0.5698295 0.5788026 0.5871601 0.6016878 0.6191350 0.6345148 0.6550173 0.6773968 0.6964796 0.7130503 0.7285005 0.7391472 0.7418531 0.7382047 0.7353565 0.7268938 0.7169897 0.7215444 0.7335469 0.7308638 0.7209294 0.6975556 0.6609130 0.6255525 0.6009830 0.5855071 0.5739049 0.5684585 0.5644502 0.5617786 0.5550225 0.5551586 0.5575142 0.5513710 0.5508057 0.5524185 0.5576152 0.5569159 0.5697951 0.5834834 0.5965038 0.5961926 0.6056695 0.6132503 0.6106365 0.6155453
0.4049878 0.4051174 0.4092837 0.4133174 0.4164316 0.4223423 0.4318796 0.4447187 0.4653294 0.4871111 0.5030988 0.5111555 0.5191032 0.5277004 0.5335598 0.5440406 0.5575793 0.5745034 0.5913987 0.6151397 0.6385258 0.6545437 0.6726895 0.6879472 0.6953875 0.6700452 0.6488925 0.6219059 0.5947238 0.5590465 0.5489035 0.5578160 0.5811951 0.6254023 0.6502959 0.6390610 0.6070019 0.5793318 0.5609734 0.5512869 0.5446958 0.5363961 0.5270822 0.5197948 0.5197495 0.5215282 0.5190292 0.5153536 0.5133907 0.5097925 0.5056896 0.5039611 0.5025349 0.4980564 0.5007992 0.5191069 0.5399217 0.5538532 0.5677765
0.3817895 0.3846035 0.3893381 0.3927738 0.3937309 0.3971033 0.4049561 0.4216281 0.4448606 0.4666224 0.4814835 0.4902024 0.4977354 0.5052463 0.5126275 0.5219457 0.5341868 0.5475544 0.5623523 0.5769938 0.5852758 0.5765009 0.5601047 0.5513361 0.5308371 0.5185121 0.5130059 0.5034594 0.4881283 0.4770300 0.4706635 0.4771215 0.5024585 0.5448476 0.5759405 0.5710964 0.5513900 0.5332376 0.5277832 0.5249615 0.5222822 0.5137251 0.5026691 0.4981865 0.5018580 0.5068372 0.5030304 0.4995978 0.4924554 0.4764572 0.4635052 0.4523868 0.4418267 0.4312181 0.4328094 0.4533051 0.4833951 0.5045826 0.5215024
0.3719290 0.3760453 0.3813447 0.3849193 0.3873183 0.3929753 0.4052705 0.4276126 0.4517102 0.4708907 0.4831673 0.4886152 0.4930837 0.4990532 0.5055021 0.5118956 0.5186910 0.5191165 0.5178231 0.5055759 0.4804030 0.4361757 0.4117029 0.3979789 0.3898874 0.4016533 0.4224607 0.4417316 0.4559686 0.4671754 0.4738560 0.4846325 0.5016131 0.5164695 0.5157936 0.4953004 0.4770341 0.4691171 0.4683326 0.4686817 0.4686858 0.4657146 0.4593612 0.4572647 0.4629421 0.4616957 0.4560602 0.4487531 0.4384811 0.4212269 0.4115825 0.4063508 0.4016359 0.4004999 0.4127769 0.4376891 0.4647409 0.4812933 0.4920263
0.3803100 0.3835395 0.3878600 0.3927832 0.3973885 0.4066710 0.4246170 0.4499420 0.4722503 0.4878139 0.4940870 0.4948816 0.4962384 0.4987512 0.4984564 0.4945425 0.4855950 0.4633460 0.4339287 0.4026510 0.3676563 0.3458798 0.3357042 0.3331297 0.3377656 0.3537818 0.3759546 0.4009975 0.4258055 0.4543236 0.4778582 0.4997566 0.5217192 0.5286559 0.5106354 0.4774854 0.4447978 0.4266084 0.4201162 0.4143623 0.4083313 0.4035556 0.3943893 0.3935404 0.3937145 0.3796144 0.3685582 0.3601515 0.3528195 0.3459941 0.3519009 0.3603105 0.3711078 0.3895965 0.4173761 0.4461559 0.4662946 0.4759687 0.4813464
0.4016930 0.4009573 0.4017814 0.4072509 0.4144946 0.4274187 0.4503975 0.4741051 0.4924580 0.5012271 0.5007214 0.4964831 0.4920888 0.4805125 0.4649971 0.4428657 0.4158141 0.3839971 0.3634953 0.3454691 0.3321787 0.3258215 0.3237300 0.3242918 0.3305752 0.3429712 0.3591761 0.3786166 0.4011976 0.4286869 0.4572354 0.4886057 0.5204001 0.5376348 0.5333229 0.5149962 0.4864979 0.4564974 0.4271304 0.3966055 0.3736799 0.3556719 0.3412752 0.3307699 0.3204938 0.3037850 0.2942795 0.2911551 0.2879950 0.2955262 0.3096227 0.3298120 0.3579495 0.3941978 0.4279614 0.4523207 0.4653575 0.4716573 0.4748117
0.4375596 0.4300429 0.4273632 0.4294416 0.4367297 0.4522057 0.4712017 0.4883388 0.4993905 0.4998286 0.4898557 0.4743488 0.4530993 0.4250023 0.3998824 0.3771490 0.3575538 0.3487140 0.3439386 0.3394274 0.3359121 0.3329001 0.3319578 0.3343063 0.3397630 0.3493341 0.3625644 0.3788398 0.3980006 0.4200100 0.4458333 0.4772635 0.5128398 0.5369912 0.5434414 0.5418411 0.5327721 0.5126592 0.4861490 0.4435123 0.4027743 0.3680960 0.3325277 0.3047090 0.2843096 0.2702440 0.2646926 0.2658577 0.2735561 0.2897228 0.3131164 0.3450709 0.3821224 0.4138979 0.4368331 0.4483276 0.4523642 0.4540837 0.4543242
0.5026788 0.4785190 0.4757563 0.4696320 0.4697379 0.4769719 0.4892518 0.4950057 0.4926958 0.4734306 0.4483525 0.4205347 0.3948785 0.3705567 0.3572620 0.3492036 0.3461628 0.3469908 0.3475959 0.3466103 0.3452555 0.3433897 0.3428471 0.3449181 0.3512544 0.3602782 0.3734553 0.3903904 0.4084469 0.4292671 0.4540350 0.4830407 0.5116467 0.5351083 0.5459105 0.5473712 0.5458925 0.5420483 0.5331623 0.5121119 0.4842691 0.4584574 0.4171954 0.3749607 0.3482959 0.3229528 0.3023513 0.2911776 0.2940197 0.3036037 0.3226743 0.3669920 0.4019186 0.4231669 0.4359730 0.4542390 0.4550471 0.4516180 0.4455387
0.6999187 0.6058715 0.5513329 0.5205096 0.5093182 0.5046252 0.4953436 0.4771543 0.4527013 0.4166370 0.3887803 0.3685224 0.3539135 0.3474045 0.3457601 0.3461641 0.3482307 0.3509496 0.3528360 0.3537293 0.3535622 0.3537348 0.3550768 0.3601688 0.3666572 0.3770326 0.3920241 0.4091501 0.4282560 0.4504059 0.4776264 0.5048328 0.5303417 0.5469284 0.5518430 0.5497331 0.5472732 0.5445230 0.5409179 0.5362299 0.5298847 0.5266924 0.5154989 0.4989925 0.4837757 0.4771187 0.4606483 0.4617661 0.4926349 0.5117083 0.5341112 0.5681783 0.6042891 0.6039114 0.6064580 0.6063675 0.5848767 0.5606370 0.5461634
0.9066621 0.8112341 0.7138406 0.6211901 0.5576422 0.5142722 0.4740078 0.4335854 0.3965999 0.3639241 0.3475908 0.3398952 0.3378362 0.3395296 0.3418462 0.3451388 0.3492334 0.3527428 0.3556904 0.3577867 0.3604604 0.3632204 0.3675328 0.3736264 0.3802206 0.3913466 0.4066313 0.4242374 0.4432536 0.4655595 0.4909778 0.5180241 0.5416207 0.5543652 0.5554780 0.5524383 0.5502626 0.5497429 0.5506070 0.5536650 0.5611735 0.5705288 0.5800472 0.5887283 0.6043610 0.6177672 0.6347083 0.6736218 0.7212217 0.7654496 0.7998249 0.8350483 0.8342048 0.8191538 0.8033155 0.7852095 0.7595181 0.7361892 0.7368938
1.023170 0.9793982 0.8942765 0.7601757 0.6225268 0.5048455 0.4274222 0.3862116 0.3612615 0.3472549 0.3386932 0.3341250 0.3328178 0.3350730 0.3393214 0.3434890 0.3477873 0.3523730 0.3561118 0.3593202 0.3643493 0.3687894 0.3734731 0.3790823 0.3864749 0.3985530 0.4140220 0.4309871 0.4498429 0.4713196 0.4959739 0.5228870 0.5467816 0.5604472 0.5638449 0.5632385 0.5639274 0.5674704 0.5711466 0.5791223 0.5936691 0.6082840 0.6271268 0.6528579 0.6873710 0.7230912 0.7641838 0.8145509 0.8650059 0.9004684 0.9224523 0.9235972 0.9057881 0.8811728 0.8567501 0.8346326 0.8172340 0.8091181 0.8115917
1.010457 0.9724554 0.9320352 0.8495141 0.7306207 0.6026292 0.4734577 0.3866476 0.3464706 0.3367591 0.3333917 0.3307728 0.3295778 0.3315223 0.3358262 0.3393927 0.3433593 0.3487255 0.3528821 0.3569279 0.3626540 0.3672693 0.3713482 0.3766045 0.3848432 0.3972831 0.4129531 0.4311113 0.4517300 0.4747961 0.4996294 0.5255466 0.5501266 0.5685432 0.5796408 0.5864999 0.5957409 0.6036177 0.6112111 0.6202446 0.6381855 0.6551161 0.6767747 0.7125877 0.7505509 0.7965618 0.8457961 0.8947640 0.9291733 0.9487750 0.9474071 0.9289169 0.9034439 0.8768302 0.8544988 0.8388325 0.8284341 0.8275762 0.8403685
0.9083100 0.8901948 0.8638333 0.8357013 0.7974407 0.7370800 0.6315938 0.5016896 0.4136726 0.3548451 0.3318888 0.3271029 0.3264454 0.3283271 0.3317009 0.3330657 0.3356807 0.3400193 0.3425975 0.3476197 0.3530595 0.3575251 0.3610188 0.3667520 0.3756184 0.3888685 0.4056055 0.4255600 0.4479177 0.4710890 0.4945385 0.5194404 0.5463570 0.5720990 0.5932778 0.6104278 0.6282724 0.6437908 0.6587968 0.6769095 0.6982808 0.7181630 0.7418084 0.7778903 0.8075169 0.8371899 0.8658342 0.8861982 0.8982185 0.8993565 0.8859262 0.8732981 0.8664462 0.8612082 0.8622609 0.8603648 0.8582632 0.8635950 0.8736396
0.8156469 0.8083014 0.8022768 0.8038789 0.8069580 0.7991293 0.7690080 0.7100948 0.6199301 0.4841338 0.3805190 0.3372898 0.3241279 0.3243039 0.3243981 0.3236033 0.3242514 0.3267382 0.3284907 0.3327435 0.3377062 0.3409898 0.3456753 0.3520337 0.3616208 0.3752859 0.3932706 0.4131570 0.4315081 0.4504036 0.4714569 0.4980831 0.5289692 0.5622393 0.5904035 0.6151214 0.6385890 0.6632367 0.6880796 0.7179115 0.7475966 0.7793185 0.8123284 0.8511312 0.8729613 0.8848237 0.8882271 0.8774578 0.8577775 0.8337922 0.8128021 0.8136708 0.8280725 0.8517035 0.8732775 0.8834672 0.8898115 0.9027995 0.9075745
0.7994225 0.7878729 0.7796393 0.7902624 0.7993952 0.8072980 0.8116746 0.8126785 0.7763374 0.7118252 0.5935508 0.4932803 0.3904151 0.3347998 0.3190209 0.3146483 0.3135028 0.3129982 0.3126225 0.3145886 0.3182320 0.3197171 0.3245747 0.3296704 0.3381070 0.3478053 0.3640554 0.3843067 0.3993570 0.4132874 0.4371299 0.4680658 0.5042587 0.5406136 0.5701188 0.5961946 0.6233116 0.6548323 0.6881257 0.7231124 0.7635433 0.8065926 0.8489059 0.8859370 0.9104428 0.9209241 0.9209475 0.9080995 0.8828637 0.8606173 0.8472073 0.8415618 0.8514766 0.8760869 0.8842994 0.8817957 0.8840602 0.8853432 0.8748739
0.8317303 0.8183234 0.8026620 0.7931300 0.7870144 0.7933405 0.8105276 0.8219215 0.8248028 0.8260280 0.7906218 0.7193505 0.5843057 0.4450445 0.3575735 0.3143400 0.3032249 0.3018399 0.3016199 0.3019308 0.3023031 0.3028474 0.3040072 0.3068919 0.3102351 0.3172001 0.3275314 0.3390748 0.3484792 0.3661056 0.3953961 0.4325230 0.4720983 0.5104565 0.5415753 0.5665005 0.5954714 0.6286150 0.6650451 0.7018230 0.7445382 0.7893744 0.8279317 0.8616506 0.8856099 0.9008410 0.8999666 0.9087449 0.9157795 0.9250666 0.9413584 0.9609309 0.9797945 0.9859533 0.9411957 0.8870120 0.8360078 0.7648040 0.7048037
0.8523366 0.8460506 0.8361153 0.8147859 0.7955860 0.7886097 0.7891626 0.7917321 0.8037043 0.8155489 0.8168153 0.8212818 0.7858974 0.6728087 0.5420068 0.3936841 0.3093629 0.3027202 0.2986987 0.2983695 0.2966878 0.2938306 0.2909310 0.2890830 0.2882639 0.2906519 0.2945792 0.3011435 0.3135654 0.3368054 0.3677767 0.4026296 0.4392491 0.4783920 0.5112270 0.5392647 0.5688586 0.6019590 0.6380274 0.6761784 0.7151237 0.7497989 0.7732937 0.7876097 0.7997552 0.8044807 0.8170326 0.8387086 0.8693999 0.9082612 0.9664738 1.029481 1.077723 1.088122 1.033627 0.9133270 0.7336471 0.5769525 0.4836130
0.8303601 0.8447330 0.8527503 0.8432938 0.8301893 0.8095586 0.7977602 0.7833244 0.7788654 0.7891833 0.8097021 0.8281706 0.8407842 0.8265310 0.7758587 0.6472510 0.4912691 0.3778487 0.3158422 0.2978690 0.2968960 0.2952372 0.2912921 0.2874076 0.2867667 0.2867545 0.2897873 0.2997064 0.3178472 0.3379898 0.3589371 0.3806819 0.4147360 0.4576300 0.4938530 0.5191189 0.5470356 0.5795487 0.6144519 0.6502650 0.6797218 0.6996053 0.7034457 0.7079159 0.7109225 0.7119472 0.7250791 0.7398241 0.7620409 0.8027102 0.8790781 0.9618788 1.027162 1.032329 0.9574040 0.7975882 0.6246330 0.4702502 0.3620906
0.7795506 0.8129736 0.8377920 0.8498569 0.8540601 0.8506563 0.8340613 0.8172749 0.7932944 0.7867579 0.7880040 0.8127941 0.8351668 0.8608699 0.8636684 0.8446904 0.7579120 0.6237418 0.4592742 0.3547898 0.3187360 0.3098364 0.3106526 0.3128678 0.3174827 0.3198486 0.3248194 0.3354042 0.3484639 0.3582405 0.3705135 0.3910525 0.4244755 0.4612760 0.4842374 0.5025749 0.5317551 0.5628437 0.5896088 0.6122084 0.6261280 0.6260034 0.6222933 0.6201473 0.6235470 0.6248885 0.6318457 0.6383303 0.6413446 0.6788001 0.7443809 0.8077119 0.8353871 0.7946011 0.6701939 0.5650248 0.5238275 0.4627974 0.3947508
0.6844891 0.7274019 0.7841074 0.8034545 0.8264602 0.8479946 0.8483771 0.8489518 0.8391911 0.8165707 0.7963838 0.7953865 0.8125778 0.8376899 0.8617497 0.8798979 0.8790617 0.8706642 0.7608352 0.5814412 0.4377628 0.3451436 0.3350104 0.3445567 0.3540070 0.3622942 0.3676191 0.3744966 0.3740828 0.3770748 0.3863197 0.4020512 0.4266824 0.4438921 0.4403656 0.4587947 0.4914666 0.5192536 0.5298172 0.5401575 0.5398222 0.5265071 0.5200966 0.5172581 0.5168756 0.5137126 0.5210678 0.5308889 0.5416204 0.5698255 0.6036540 0.6057803 0.5748280 0.5222117 0.4596710 0.4283983 0.4371799 0.4392512 0.4095895
0.5234768 0.5712755 0.6304232 0.6812047 0.7233737 0.7548096 0.7868210 0.8007730 0.8451477 0.8368810 0.8214635 0.7972931 0.7983328 0.8129804 0.8396521 0.8695104 0.9066611 0.9421321 0.9380341 0.8823701 0.7612611 0.5545916 0.4072944 0.3560320 0.3523057 0.3594072 0.3609091 0.3601887 0.3617424 0.3660480 0.3695715 0.3736234 0.3757556 0.3692293 0.3689387 0.3934286 0.4215986 0.4318511 0.4380528 0.4412091 0.4351123 0.4173042 0.4115157 0.4140508 0.4083871 0.4164014 0.4323438 0.4562115 0.4769198 0.5116305 0.5300442 0.5153278 0.4905500 0.4706677 0.4326727 0.3880747 0.3590983 0.3549656 0.3263159
0.3437396 0.3789776 0.4172059 0.4878397 0.5516171 0.6034275 0.6644345 0.7076507 0.7561107 0.8041793 0.8300532 0.8203847 0.8160054 0.8343612 0.8484031 0.8702167 0.8911206 0.9311206 0.9820848 1.038621 0.9991685 0.9239525 0.6769163 0.4980729 0.3478916 0.3204660 0.3113727 0.3116607 0.3151879 0.3179242 0.3101747 0.3046755 0.2955983 0.2934547 0.3057251 0.3343509 0.3560564 0.3615658 0.3668101 0.3672966 0.3607624 0.3492203 0.3498199 0.3593485 0.3713277 0.3876155 0.4171176 0.4601546 0.5104997 0.5420845 0.5503981 0.5368857 0.5032627 0.4653683 0.4190321 0.3599502 0.3103536 0.2717638 0.1646291
0.1907394 0.2398922 0.2814736 0.3262065 0.3907281 0.4513091 0.5262002 0.5994483 0.6647751 0.7280132 0.7851438 0.8311380 0.8396069 0.8566703 0.8752169 0.8842957 0.8891678 0.9105985 0.9588634 1.007638 1.045828 1.068397 1.016630 0.8500132 0.6275975 0.3555974 0.2657441 0.2636407 0.2644362 0.2594679 0.2503174 0.2445594 0.2466847 0.2634191 0.2908168 0.3153516 0.3312950 0.3385457 0.3427997 0.3434158 0.3404580 0.3429427 0.3559511 0.3778991 0.4191905 0.4580214 0.5021819 0.5563735 0.5891982 0.5994396 0.5839725 0.5471942 0.4967894 0.4396550 0.3796169 0.3018088 0.2298405 0.1631851 0.8514467E-01
0.1111044 0.1471977 0.1873319 0.2284958 0.2787813 0.3295520 0.3970434 0.4729704 0.5532880 0.6293517 0.6834738 0.7503377 0.7907599 0.8299748 0.8463762 0.8654164 0.8903957 0.8982124 0.9210674 0.9516854 1.013556 1.059679 1.090286 1.078900 0.9175082 0.6446774 0.4425815 0.2687888 0.2397212 0.2303398 0.2233891 0.2289494 0.2513488 0.2874846 0.3175907 0.3405855 0.3591368 0.3799349 0.3946512 0.4126178 0.4454771 0.4604519 0.4841140 0.5208709 0.5665037 0.5968652 0.6227035 0.6402762 0.6320560 0.6191811 0.5857821 0.5280767 0.4669220 0.4065820 0.2896113 0.1730551 0.8368474E-01 0.5273582E-01 0.3321773E-01
