simulation_files/asc_files/Depth____71.0.asc
NCOLS       411
NROWS       131
XLLCENTER    2538020.000000
YLLCENTER    1152390.000000
CELLSIZE           1.000
NODATA_VALUE     -9999.0
[rows 0 to 25 of 131, columns 180 to 239 of 411]
-9999.000 -9999.000 -9999.000 -9999.000 -9999.000 -9999.000 -9999.000 -9999.000 -9999.000 -9999.000 -9999.000 -9999.000 -9999.000 -9999.000 -9999.000 -9999.000 -9999.000 -9999.000 -9999.000 -9999.000 -9999.000 -9999.000 -9999.000 -9999.000 -9999.000 -9999.000 -9999.000 -9999.000 -9999.000 -9999.000 -9999.000 -9999.000 -9999.000 -9999.000 -9999.000 -9999.000 -9999.000 -9999.000 -9999.000 -9999.000 -9999.000 -9999.000 -9999.000 -9999.000 -9999.000 -9999.000 -9999.000 -9999.000 -9999.000 -9999.000 -9999.000 -9999.000 -9999.000 -9999.000 -9999.000 -9999.000 -9999.000 -9999.000 -9999.000 -9999.000
-9999.000 -9999.000 -9999.000 -9999.000 -9999.000 -9999.000 -9999.000 -9999.000 -9999.000 -9999.000 -9999.000 -9999.000 -9999.000 -9999.000 -9999.000 -9999.000 -9999.000 -9999.000 -9999.000 -9999.000 -9999.000 -9999.000 -9999.000 -9999.000 -9999.000 -9999.000 -9999.000 -9999.000 -9999.000 -9999.000 -9999.000 -9999.000 -9999.000 -9999.000 -9999.000 -9999.000 -9999.000 -9999.000 -9999.000 -9999.000 -9999.000 -9999.000 -9999.000 -9999.000 -9999.000 -9999.000 -9999.000 -9999.000 -9999.000 -9999.000 -9999.000 -9999.000 -9999.000 -9999.000 -9999.000 -9999.000 -9999.000 -9999.000 -9999.000 -9999.000
-9999.000 -9999.000 -9999.000 -9999.000 -9999.000 -9999.000 -9999.000 -9999.000 -9999.000 -9999.000 -9999.000 -9999.000 -9999.000 -9999.000 -9999.000 -9999.000 -9999.000 -9999.000 -9999.000 -9999.000 -9999.000 -9999.000 -9999.000 -9999.000 -9999.000 -9999.000 -9999.000 -9999.000 -9999.000 -9999.000 -9999.000 -9999.000 -9999.000 -9999.000 -9999.000 -9999.000 -9999.000 -9999.000 -9999.000 -9999.000 -9999.000 -9999.000 -9999.000 -9999.000 -9999.000 -9999.000 -9999.000 -9999.000 -9999.000 -9999.000 -9999.000 -9999.000 -9999.000 -9999.000 -9999.000 -9999.000 -9999.000 -9999.000 -9999.000 -9999.000
-9999.000 -9999.000 -9999.000 -9999.000 -9999.000 -9999.000 -9999.000 -9999.000 -9999.000 -9999.000 -9999.000 -9999.000 -9999.000 -9999.000 -9999.000 -9999.000 -9999.000 -9999.000 -9999.000 -9999.000 -9999.000 -9999.000 -9999.000 -9999.000 -9999.000 -9999.000 -9999.000 -9999.000 -9999.000 -9999.000 -9999.000 -9999.000 -9999.000 -9999.000 -9999.000 -9999.000 -9999.000 -9999.000 -9999.000 -9999.000 -9999.000 -9999.000 -9999.000 -9999.000 -9999.000 -9999.000 -9999.000 -9999.000 -9999.000 -9999.000 -9999.000 -9999.000 -9999.000 -9999.000 -9999.000 -9999.000 -9999.000 -9999.000 -9999.000 -9999.000
-9999.000 -9999.000 -9999.000 -9999.000 -9999.000 -9999.000 -9999.000 -9999.000 -9999.000 -9999.000 -9999.000 -9999.000 -9999.000 -9999.000 -9999.000 -9999.000 -9999.000 -9999.000 -9999.000 -9999.000 -9999.000 -9999.000 -9999.000 -9999.000 -9999.000 -9999.000 -9999.000 -9999.000 -9999.000 -9999.000 -9999.000 -9999.000 -9999.000 -9999.000 -9999.000 -9999.000 -9999.000 -9999.000 -9999.000 -9999.000 -9999.000 -9999.000 -9999.000 -9999.000 -9999.000 -9999.000 -9999.000 -9999.000 -9999.000 -9999.000 -9999.000 -9999.000 -9999.000 -9999.000 -9999.000 -9999.000 -9999.000 -9999.000 -9999.000 -9999.000
-9999.000 -9999.000 -9999.000 -9999.000 -9999.000 -9999.000 -9999.000 -9999.000 -9999.000 -9999.000 -9999.000 -9999.000 -9999.000 -9999.000 -9999.000 -9999.000 -9999.000 -9999.000 -9999.000 -9999.000 -9999.000 -9999.000 -9999.000 -9999.000 -9999.000 -9999.000 -9999.000 -9999.000 -9999.000 -9999.000 -9999.000 -9999.000 -9999.000 -9999.000 -9999.000 -9999.000 -9999.000 -9999.000 -9999.000 -9999.000 -9999.000 -9999.000 -9999.000 -9999.000 -9999.000 -9999.000 -9999.000 -9999.000 -9999.000 -9999.000 -9999.000 -9999.000 -9999.000 -9999.000 -9999.000 -9999.000 -9999.000 -9999.000 -9999.000 -9999.000
-9999.000 -9999.000 -9999.000 -9999.000 -9999.000 -9999.000 -9999.000 -9999.000 -9999.000 -9999.000 -9999.000 -9999.000 -9999.000 -9999.000 -9999.000 -9999.000 -9999.000 -9999.000 -9999.000 -9999.000 -9999.000 -9999.000 -9999.000 -9999.000 -9999.000 -9999.000 -9999.000 -9999.000 -9999.000 -9999.000 -9999.000 -9999.000 -9999.000 -9999.000 -9999.000 -9999.000 0.6401920 0.5743514 0.4054081 0.1872112 -9999.000 -9999.000 -9999.000 -9999.000 -9999.000 -9999.000 -9999.000 -9999.000 0.1425454 0.1308248 0.1307747 0.1363561 0.1468388 0.9288220E-01 -9999.000 -9999.000 -9999.000 -9999.000 -9999.000 -9999.000
-9999.000 -9999.000 -9999.000 -9999.000 -9999.000 -9999.000 -9999.000 -9999.000 -9999.000 -9999.000 -9999.000 -9999.000 -9999.000 -9999.000 -9999.000 -9999.000 -9999.000 -9999.000 -9999.000 -9999.000 -9999.000 -9999.000 -9999.000 -9999.000 -9999.000 -9999.000 -9999.000 -9999.000 -9999.000 -9999.000 -9999.000 -9999.000 -9999.000 0.8702743 0.7977264 0.7159142 0.6567637 0.6054375 0.4715455 0.2731433 0.1256265 -9999.000 -9999.000 0.1418019 0.1475577 0.1769931 0.2645265 0.3759406 0.4231955 0.4233466 0.4345708 0.4219370 0.3978286 0.3815427 0.3936323 0.3932975 0.3196117 0.2033191 0.1564928 0.1553496
-9999.000 -9999.000 -9999.000 -9999.000 -9999.000 -9999.000 -9999.000 -9999.000 -9999.000 -9999.000 -9999.000 -9999.000 -9999.000 -9999.000 -9999.000 -9999.000 -9999.000 -9999.000 -9999.000 -9999.000 -9999.000 -9999.000 -9999.000 -9999.000 -9999.000 -9999.000 -9999.000 -9999.000 0.8871081 0.8691234 0.8693281 0.8818808 0.8771543 0.8500657 0.7753666 0.6869011 0.6359046 0.5849505 0.5032431 0.3869174 0.3125597 0.3400631 0.3836270 0.4562231 0.4989765 0.5292569 0.6051440 0.6908250 0.7514113 0.7429461 0.7687854 0.7252498 0.7013775 0.6901071 0.7055874 0.6804991 0.5783233 0.4366484 0.4034370 0.3584373
-9999.000 -9999.000 -9999.000 -9999.000 -9999.000 -9999.000 -9999.000 -9999.000 -9999.000 -9999.000 -9999.000 -9999.000 -9999.000 -9999.000 -9999.000 -9999.000 -9999.000 -9999.000 -9999.000 -9999.000 -9999.000 -9999.000 -9999.000 -9999.000 0.8071235 0.8506475 0.8831954 0.8868131 0.8732330 0.8516080 0.8451745 0.8419044 0.8118721 0.7566836 0.6856235 0.6216388 0.5789510 0.5440232 0.5243403 0.5281376 0.5572649 0.5977807 0.6636200 0.7698414 0.8322397 0.8639819 0.9065413 0.9362012 0.9484655 0.9508319 0.9381384 0.9141361 0.9015029 0.9031714 0.9331131 0.8785557 0.6895061 0.5801742 0.5610000 0.5333314
0.8464289E-01 0.9336103E-01 0.1119897 0.1440589 0.1760816 0.2102071 0.2443499 0.2781893 0.3291872 0.3726869 0.4248485 0.4963921 0.5416254 0.4403277 0.3574551 0.3677261 0.3793215 0.3851866 0.3938441 0.4200880 0.5792037 0.7152045 0.7654149 0.7942627 0.8270369 0.8619069 0.8715609 0.8645425 0.8304776 0.7884786 0.7772332 0.7588269 0.6988877 0.6273614 0.5738749 0.5526968 0.5440049 0.5527338 0.5913293 0.6540922 0.7205132 0.7685980 0.8464076 0.9570384 0.9926604 1.026352 1.044679 1.057486 1.048129 1.034561 1.006294 0.9929443 0.9967017 1.031721 1.109194 1.054695 0.7991818 0.6617444 0.6262782 0.6038955
0.9365562E-01 0.1055331 0.1292396 0.1627161 0.1973205 0.2306350 0.2637798 0.3018917 0.3483222 0.3929834 0.4467792 0.5122499 0.5371937 0.4633614 0.3963199 0.3966397 0.4065716 0.4163286 0.4366775 0.5016069 0.6278406 0.7270757 0.7770897 0.8314341 0.8786096 0.8939159 0.8708206 0.8282977 0.7788683 0.7366836 0.6916806 0.6304320 0.5717690 0.5380280 0.5336184 0.5489876 0.5776644 0.6220883 0.6804576 0.7415822 0.7975525 0.8621308 0.9379605 0.9946032 1.027537 1.048315 1.058158 1.057876 1.046553 1.026582 1.018275 1.027560 1.053162 1.104422 1.159422 1.160414 0.9921024 0.7992809 0.6907919 0.6513058
0.1166217 0.1371994 0.1703609 0.2111047 0.2483631 0.2784133 0.3137566 0.3504962 0.3897530 0.4273284 0.4825430 0.5480026 0.5776649 0.4978282 0.4436806 0.4525448 0.4642169 0.4830338 0.5222046 0.5970704 0.7095322 0.7811487 0.8230336 0.8877509 0.9510069 0.9693499 0.9050035 0.8190032 0.7452610 0.6788684 0.6047028 0.5432924 0.5179483 0.5245930 0.5500145 0.5874917 0.6355094 0.6907898 0.7471831 0.8003313 0.8542336 0.9177212 0.9755245 1.008444 1.029145 1.035540 1.028073 1.017002 1.006363 1.007379 1.026413 1.057945 1.099976 1.149076 1.159347 1.140963 1.104118 1.037283 0.8914018 0.7676577
0.1494869 0.1806814 0.2242506 0.2699147 0.3057844 0.3351558 0.3712092 0.4053836 0.4293825 0.4666021 0.5243684 0.5836473 0.5905701 0.5285721 0.4997673 0.5085181 0.5289019 0.5666202 0.6249347 0.6960276 0.7704801 0.8371458 0.8872452 0.9469127 1.020912 1.065177 0.9845600 0.8306562 0.7099875 0.6171999 0.5583629 0.5354881 0.5408580 0.5654364 0.6045596 0.6522321 0.7026693 0.7528132 0.8024905 0.8534108 0.9071907 0.9538901 0.9846867 1.006701 1.012182 1.003685 0.9878222 0.9853067 0.9957766 1.021295 1.057290 1.096046 1.128931 1.151931 1.148894 1.153516 1.190872 1.209290 1.148456 1.002577
0.1881931 0.2289967 0.2784606 0.3247995 0.3606250 0.3920317 0.4271850 0.4519448 0.4675943 0.5067073 0.5649986 0.6148159 0.6098714 0.5567872 0.5451836 0.5632475 0.5982475 0.6513419 0.7138898 0.7742253 0.8327034 0.8938753 0.9456059 1.002955 1.081209 1.145902 1.053782 0.8390809 0.6804886 0.5999836 0.5713920 0.5726604 0.5932351 0.6282541 0.6737113 0.7223752 0.7684185 0.8120903 0.8568975 0.9019172 0.9405693 0.9684886 0.9854925 0.9928021 0.9845317 0.9715326 0.9658587 0.9766067 1.000047 1.035024 1.072424 1.104713 1.126653 1.140694 1.155877 1.174399 1.212754 1.257260 1.268032 1.218744
0.2324841 0.2813523 0.3329854 0.3766882 0.4109880 0.4446669 0.4798622 0.4888069 0.5030598 0.5535617 0.6105583 0.6545108 0.6254822 0.5847710 0.5898242 0.6209929 0.6716666 0.7310642 0.7877270 0.8381477 0.8868012 0.9413308 0.9941304 1.046039 1.120516 1.190982 1.057987 0.8088042 0.6918464 0.6410888 0.6217660 0.6276334 0.6520689 0.6874588 0.7290411 0.7709176 0.8107537 0.8496477 0.8862258 0.9127937 0.9366155 0.9489719 0.9458343 0.9388412 0.9335282 0.9318886 0.9432933 0.9630574 0.9884740 1.014066 1.038808 1.060043 1.071715 1.095196 1.128073 1.156736 1.182435 1.214512 1.232743 1.222151
0.2881611 0.3399283 0.3890076 0.4295615 0.4619929 0.4939498 0.5148808 0.5259034 0.5599332 0.6151382 0.6680470 0.6777807 0.6411440 0.6242589 0.6478351 0.6934492 0.7481905 0.8005161 0.8477480 0.8897224 0.9311214 0.9773806 1.026773 1.080931 1.143034 1.123076 0.9513404 0.7968418 0.7530651 0.7378476 0.7230218 0.7123990 0.7146453 0.7306593 0.7541288 0.7805019 0.8096858 0.8388532 0.8668359 0.8885236 0.8968781 0.8895075 0.8664426 0.8579335 0.8599547 0.8690115 0.8929902 0.9189028 0.9383851 0.9473684 0.9623383 0.9791455 0.9958733 1.026019 1.062259 1.092696 1.101018 1.113346 1.136699 1.137937
0.3375702 0.3901492 0.4392031 0.4767362 0.4975795 0.5225633 0.5334107 0.5570505 0.6151110 0.6714510 0.7131451 0.6808528 0.6415206 0.6550111 0.6936169 0.7464059 0.7954787 0.8382055 0.8772212 0.9130200 0.9509707 0.9908099 1.037362 1.092644 1.135600 1.028492 0.8276588 0.7818626 0.7946585 0.8139832 0.8220163 0.8119231 0.7915052 0.7738886 0.7664399 0.7712157 0.7816627 0.7989218 0.8155564 0.8242252 0.8165108 0.7914651 0.7781070 0.7803466 0.7922733 0.8064203 0.8270110 0.8462992 0.8514845 0.8627502 0.8795333 0.9036779 0.9243967 0.9515866 0.9763187 0.9871638 1.002166 1.011803 1.031383 1.047169
0.3894096 0.4399522 0.4872864 0.5137732 0.5279633 0.5398536 0.5597079 0.6088178 0.6706026 0.7183306 0.7046533 0.6583935 0.6502500 0.6795608 0.7242938 0.7715046 0.8153982 0.8548837 0.8894821 0.9263401 0.9628321 0.9987673 1.044626 1.093449 1.044010 0.8870754 0.7979939 0.8003748 0.8270836 0.8538328 0.8753879 0.8856407 0.8775113 0.8533368 0.8224928 0.7800485 0.7667512 0.7655103 0.7590313 0.7470087 0.7290658 0.7103123 0.7109335 0.7193336 0.7311961 0.7414425 0.7554106 0.7658251 0.7731398 0.7908496 0.8133207 0.8371254 0.8567217 0.8774322 0.8918685 0.9025749 0.9271081 0.9540690 0.9775443 1.006421
0.4734677 0.5205096 0.5590705 0.5712340 0.5768507 0.5878758 0.6179992 0.6740270 0.7265401 0.7414845 0.6840257 0.6410483 0.6566327 0.6938574 0.7376722 0.7782303 0.8166029 0.8523740 0.8878076 0.9296015 0.9665696 1.001807 1.045997 1.056758 0.9381624 0.7988988 0.7900612 0.8199289 0.8517327 0.8789092 0.9014234 0.9189421 0.9281011 0.9328556 0.9183878 0.8688932 0.8015031 0.7511725 0.7111014 0.6840796 0.6679966 0.6634718 0.6693516 0.6788732 0.6854824 0.6931574 0.7025508 0.7155398 0.7315243 0.7529599 0.7763623 0.7960818 0.8174568 0.8387611 0.8588556 0.8803854 0.9141911 0.9609352 0.9932366 1.027413
0.5727323 0.6172000 0.6377375 0.6423578 0.6473955 0.6677099 0.7087523 0.7470634 0.7674517 0.7209778 0.6578427 0.6502336 0.6725752 0.7058419 0.7418544 0.7770717 0.8101373 0.8389919 0.8782928 0.9218310 0.9592924 1.000058 1.038091 0.9590460 0.8169229 0.7778101 0.7996324 0.8322372 0.8637044 0.8905588 0.9130177 0.9326761 0.9551429 0.9753110 1.000087 0.9850994 0.8996894 0.8014525 0.7140145 0.6677289 0.6500334 0.6452730 0.6464097 0.6516416 0.6582914 0.6690508 0.6830090 0.7015553 0.7223174 0.7428289 0.7638059 0.7862155 0.8124826 0.8431788 0.8773928 0.9139730 0.9517686 0.9964495 1.042704 1.083515
0.6638161 0.6935341 0.6990675 0.6996086 0.7106731 0.7417240 0.7813939 0.8038304 0.7791621 0.7039671 0.6604266 0.6704049 0.6923133 0.7172982 0.7437722 0.7710720 0.7966544 0.8246797 0.8642794 0.9052564 0.9454752 0.9857376 0.9669600 0.8476362 0.7626119 0.7753914 0.8044879 0.8331451 0.8599416 0.8884703 0.9123524 0.9377452 0.9681038 1.001558 1.025895 1.018116 0.9674325 0.8939047 0.8004811 0.7156005 0.6678090 0.6457124 0.6404479 0.6416275 0.6480219 0.6607075 0.6789813 0.6990204 0.7200975 0.7412638 0.7625277 0.7874217 0.8192337 0.8593310 0.9048371 0.9510608 0.9922226 1.030137 1.077462 1.127733
0.7372737 0.7403791 0.7309942 0.7295569 0.7474085 0.7875289 0.8182807 0.8296435 0.7725539 0.7053460 0.6981924 0.7053258 0.7169917 0.7324835 0.7509153 0.7689920 0.7830376 0.8088812 0.8464249 0.8829930 0.9277360 0.9577636 0.8609270 0.7460692 0.7518121 0.7740952 0.7990123 0.8231912 0.8476489 0.8686963 0.8961801 0.9290336 0.9688551 1.003042 1.015354 1.001205 0.9730585 0.9421186 0.8908228 0.8145762 0.7369722 0.6723478 0.6436542 0.6375895 0.6418653 0.6528643 0.6667178 0.6815502 0.7004262 0.7231837 0.7451915 0.7713994 0.8069380 0.8507971 0.8986681 0.9508865 0.9999306 1.039220 1.080192 1.131551
0.7658216 0.7572926 0.7486507 0.7553962 0.7828581 0.8123196 0.8224075 0.7950040 0.7474541 0.7381815 0.7586176 0.7671949 0.7657493 0.7665087 0.7716885 0.7780273 0.7876523 0.8051033 0.8286837 0.8607052 0.8887731 0.8514105 0.7603512 0.7251877 0.7481605 0.7689754 0.7879563 0.8053022 0.8227976 0.8430296 0.8702028 0.9043037 0.9336103 0.9567042 0.9597556 0.9502530 0.9333379 0.9219494 0.9084643 0.8807684 0.8200163 0.7256053 0.6485810 0.6107342 0.6094576 0.6209412 0.6332205 0.6362521 0.6498758 0.6696497 0.6877721 0.7170721 0.7536413 0.7958881 0.8379582 0.8952583 0.9558026 1.004592 1.047019 1.085793
0.7658783 0.7576612 0.7578204 0.7779113 0.8141160 0.8280799 0.8095880 0.7568487 0.7291066 0.7693965 0.8203242 0.8416971 0.8428502 0.8384933 0.8321050 0.8192579 0.8162932 0.8206671 0.8279474 0.8414808 0.8248421 0.7401176 0.6829984 0.7085202 0.7347338 0.7500871 0.7652664 0.7801561 0.7941348 0.8062570 0.8275687 0.8534404 0.8650293 0.8702308 0.8739208 0.8721163 0.8666113 0.8612353 0.8570102 0.8540575 0.8337666 0.7773061 0.6924062 0.6104285 0.5599844 0.5537177 0.5600461 0.5701713 0.5839299 0.5987030 0.6128286 0.6360535 0.6714241 0.7050401 0.7450013 0.7961834 0.8626150 0.9233455 0.9738042 1.002927
0.7523331 0.7531447 0.7689509 0.8014904 0.8278033 0.8200745 0.7799473 0.7482985 0.7641526 0.8169759 0.8675617 0.8941430 0.9011744 0.9091185 0.9107583 0.8972853 0.8822254 0.8725676 0.8657953 0.8246339 0.7361384 0.6648742 0.6554832 0.6745472 0.6970200 0.7098691 0.7213296 0.7360307 0.7482687 0.7560573 0.7598410 0.7703189 0.7708836 0.7681628 0.7844343 0.7909850 0.7988255 0.7969839 0.7912805 0.7954628 0.8011827 0.7891016 0.7494637 0.6846967 0.5978045 0.5247159 0.4961067 0.5048818 0.5235900 0.5393287 0.5464278 0.5639312 0.5916355 0.6229845 0.6555451 0.6993558 0.7549930 0.8162658 0.8862218 0.9280839
