simulation_files/asc_files/Depth____66.0.asc
NCOLS       411
NROWS       131
XLLCENTER    2538020.000000
YLLCENTER    1152390.000000
CELLSIZE           1.000
NODATA_VALUE     -9999.0
[rows 0 to 25 of 131, columns 180 to 239 of 411]
-9999.000 -9999.000 -9999.000 -9999.000 -9999.000 -9999.000 -9999.000 -9999.000 -9999.000 -9999.000 -9999.000 -9999.000 -9999.000 -9999.000 -9999.000 -9999.000 -9999.000 -9999.000 -9999.000 -9999.000 -9999.000 -9999.000 -9999.000 -9999.000 -9999.000 -9999.000 -9999.000 -9999.000 -9999.000 -9999.000 -9999.000 -9999.000 -9999.000 -9999.000 -9999.000 -9999.000 -9999.000 -9999.000 -9999.000 -9999.000 -9999.000 -9999.000 -9999.000 -9999.000 -9999.000 -9999.000 -9999.000 -9999.000 -9999.000 -9999.000 -9999.000 -9999.000 -9999.000 -9999.000 -9999.000 -9999.000 -9999.000 -9999.000 -9999.000 -9999.000
-9999.000 -9999.000 -9999.000 -9999.000 -9999.000 -9999.000 -9999.000 -9999.000 -9999.000 -9999.000 -9999.000 -9999.000 -9999.000 -9999.000 -9999.000 -9999.000 -9999.000 -9999.000 -9999.000 -9999.000 -9999.000 -9999.000 -9999.000 -9999.000 -9999.000 -9999.000 -9999.000 -9999.000 -9999.000 -9999.000 -9999.000 -9999.000 -9999.000 -9999.000 -9999.000 -9999.000 -9999.000 -9999.000 -9999.000 -9999.000 -9999.000 -9999.000 -9999.000 -9999.000 -9999.000 -9999.000 -9999.000 -9999.000 -9999.000 -9999.000 -9999.000 -9999.000 -9999.000 -9999.000 -9999.000 -9999.000 -9999.000 -9999.000 -9999.000 -9999.000
-9999.000 -9999.000 -9999.000 -9999.000 -9999.000 -9999.000 -9999.000 -9999.000 -9999.000 -9999.000 -9999.000 -9999.000 -9999.000 -9999.000 -9999.000 -9999.000 -9999.000 -9999.000 -9999.000 -9999.000 -9999.000 -9999.000 -9999.000 -9999.000 -9999.000 -9999.000 -9999.000 -9999.000 -9999.000 -9999.000 -9999.000 -9999.000 -9999.000 -9999.000 -9999.000 -9999.000 -9999.000 -9999.000 -9999.000 -9999.000 -9999.000 -9999.000 -9999.000 -9999.000 -9999.000 -9999.000 -9999.000 -9999.000 -9999.000 -9999.000 -9999.000 -9999.000 -9999.000 -9999.000 -9999.000 -9999.000 -9999.000 -9999.000 -9999.000 -9999.000
-9999.000 -9999.000 -9999.000 -9999.000 -9999.000 -9999.000 -9999.000 -9999.000 -9999.000 -9999.000 -9999.000 -9999.000 -9999.000 -9999.000 -9999.000 -9999.000 -9999.000 -9999.000 -9999.000 -9999.000 -9999.000 -9999.000 -9999.000 -9999.000 -9999.000 -9999.000 -9999.000 -9999.000 -9999.000 -9999.000 -9999.000 -9999.000 -9999.000 -9999.000 -9999.000 -9999.000 -9999.000 -9999.000 -9999.000 -9999.000 -9999.000 -9999.000 -9999.000 -9999.000 -9999.000 -9999.000 -9999.000 -9999.000 -9999.000 -9999.000 -9999.000 -9999.000 -9999.000 -9999.000 -9999.000 -9999.000 -9999.000 -9999.000 -9999.000 -9999.000
-9999.000 -9999.000 -9999.000 -9999.000 -9999.000 -9999.000 -9999.000 -9999.000 -9999.000 -9999.000 -9999.000 -9999.000 -9999.000 -9999.000 -9999.000 -9999.000 -9999.000 -9999.000 -9999.000 -9999.000 -9999.000 -9999.000 -9999.000 -9999.000 -9999.000 -9999.000 -9999.000 -9999.000 -9999.000 -9999.000 -9999.000 -9999.000 -9999.000 -9999.000 -9999.000 -9999.000 -9999.000 -9999.000 -9999.000 -9999.000 -9999.000 -9999.000 -9999.000 -9999.000 -9999.000 -9999.000 -9999.000 -9999.000 -9999.000 -9999.000 -9999.000 -9999.000 -9999.000 -9999.000 -9999.000 -9999.000 -9999.000 -9999.000 -9999.000 -9999.000
-9999.000 -9999.000 -9999.000 -9999.000 -9999.000 -9999.000 -9999.000 -9999.000 -9999.000 -9999.000 -9999.000 -9999.000 -9999.000 -9999.000 -9999.000 -9999.000 -9999.000 -9999.000 -9999.000 -9999.000 -9999.000 -9999.000 -9999.000 -9999.000 -9999.000 -9999.000 -9999.000 -9999.000 -9999.000 -9999.000 -9999.000 -9999.000 -9999.000 -9999.000 -9999.000 -9999.000 -9999.000 -9999.000 -9999.000 -9999.000 -9999.000 -9999.000 -9999.000 -9999.000 -9999.000 -9999.000 -9999.000 -9999.000 -9999.000 -9999.000 -9999.000 -9999.000 -9999.000 -9999.000 -9999.000 -9999.000 -9999.000 -9999.000 -9999.000 -9999.000
-9999.000 -9999.000 -9999.000 -9999.000 -9999.000 -9999.000 -9999.000 -9999.000 -9999.000 -9999.000 -9999.000 -9999.000 -9999.000 -9999.000 -9999.000 -9999.000 -9999.000 -9999.000 -9999.000 -9999.000 -9999.000 -9999.000 -9999.000 -9999.000 -9999.000 -9999.000 -9999.000 -9999.000 -9999.000 -9999.000 -9999.000 -9999.000 -9999.000 -9999.000 -9999.000 -9999.000 0.5443862 0.4762660 0.3165160 0.1453113 -9999.000 -9999.000 -9999.000 -9999.000 -9999.000 -9999.000 -9999.000 -9999.000 -9999.000 -9999.000 -9999.000 -9999.000 -9999.000 -9999.000 -9999.000 -9999.000 -9999.000 -9999.000 -9999.000 -9999.000
-9999.000 -9999.000 -9999.000 -9999.000 -9999.000 -9999.000 -9999.000 -9999.000 -9999.000 -9999.000 -9999.000 -9999.000 -9999.000 -9999.000 -9999.000 -9999.000 -9999.000 -9999.000 -9999.000 -9999.000 -9999.000 -9999.000 -9999.000 -9999.000 -9999.000 -9999.000 -9999.000 -9999.000 -9999.000 -9999.000 -9999.000 -9999.000 -9999.000 0.8130823 0.7373353 0.6361357 0.5613499 0.5058696 0.3813782 0.2447369 -9999.000 -9999.000 -9999.000 -9999.000 -9999.000 0.1126586 0.1276786 0.2285845 0.3073333 0.2905809 0.2353639 0.1788650 0.1932050 0.1933028 0.1825476 0.1926211 0.1663058 0.1337315 0.1536517 0.1757353
-9999.000 -9999.000 -9999.000 -9999.000 -9999.000 -9999.000 -9999.000 -9999.000 -9999.000 -9999.000 -9999.000 -9999.000 -9999.000 -9999.000 -9999.000 -9999.000 -9999.000 -9999.000 -9999.000 -9999.000 -9999.000 -9999.000 -9999.000 -9999.000 -9999.000 -9999.000 -9999.000 -9999.000 0.7899511 0.7860435 0.7990327 0.8156141 0.8201802 0.7888130 0.7042963 0.5959897 0.5320044 0.4852875 0.4215269 0.3403215 0.2799557 0.2947513 0.2953796 0.3668348 0.4134309 0.4030291 0.4365440 0.5199269 0.5685386 0.5511173 0.5581489 0.4083649 0.3189000 0.3541539 0.4141876 0.4276690 0.3944417 0.3666328 0.3910733 0.3671627
-9999.000 -9999.000 -9999.000 -9999.000 -9999.000 -9999.000 -9999.000 -9999.000 -9999.000 -9999.000 -9999.000 -9999.000 -9999.000 -9999.000 -9999.000 -9999.000 -9999.000 -9999.000 -9999.000 -9999.000 -9999.000 -9999.000 -9999.000 -9999.000 0.6634407 0.7100432 0.7604036 0.7768784 0.7762223 0.7677143 0.7707562 0.7755188 0.7499453 0.6801473 0.5901491 0.5176507 0.4790237 0.4581756 0.4519986 0.4601366 0.4756912 0.5103080 0.5652419 0.6530197 0.6959287 0.6993562 0.7250053 0.7498646 0.7558304 0.7512697 0.7141268 0.6444073 0.5797824 0.5620597 0.5799763 0.5666906 0.5433896 0.5470757 0.5422464 0.5185659
-9999.000 0.2775573E-01 0.6199067E-01 0.9053386E-01 0.1146549 0.1487813 0.1761266 0.2151052 0.2523616 0.2943462 0.3413856 0.3977238 0.4489641 0.4044262 0.3210482 0.3355253 0.3516260 0.3622626 0.3695982 0.3705908 0.4937820 0.6200378 0.6686551 0.6752835 0.6826227 0.7156157 0.7461627 0.7580364 0.7440566 0.7164693 0.7091306 0.6899263 0.6203225 0.5250843 0.4686722 0.4575337 0.4633434 0.4823509 0.5180679 0.5718377 0.6264366 0.6784646 0.7532803 0.8320547 0.8292582 0.8378074 0.8561275 0.8559421 0.8510021 0.8340134 0.7994871 0.7931495 0.7690682 0.7159807 0.6929187 0.6365812 0.6092782 0.6100648 0.5979433 0.5857070
0.3097489E-01 0.5180585E-01 0.7722886E-01 0.1055093 0.1345552 0.1657921 0.1992044 0.2372099 0.2735891 0.3135059 0.3628304 0.4174523 0.4563860 0.4211479 0.3644924 0.3644044 0.3797549 0.3901871 0.4011411 0.4434972 0.5401597 0.6261333 0.6764220 0.7121563 0.7321951 0.7430973 0.7466374 0.7358895 0.7088002 0.6730070 0.6212306 0.5486746 0.4797375 0.4470475 0.4519187 0.4767116 0.5112566 0.5546433 0.6068205 0.6628545 0.7175989 0.7746505 0.8225565 0.8398610 0.8443171 0.8564756 0.8626199 0.8590276 0.8529163 0.8408793 0.8409490 0.8758368 0.9073298 0.8874510 0.7857751 0.6848417 0.6441911 0.6339007 0.6277719 0.6278532
0.6139816E-01 0.8788155E-01 0.1152920 0.1472746 0.1813244 0.2116415 0.2459292 0.2835237 0.3124864 0.3498545 0.4014319 0.4582453 0.4974367 0.4586789 0.4086819 0.4211720 0.4356762 0.4485092 0.4691096 0.5279785 0.6172014 0.6683376 0.7130107 0.7652215 0.7984082 0.8022611 0.7788380 0.7406421 0.6882928 0.6150586 0.5268586 0.4607237 0.4398260 0.4563900 0.4889108 0.5306871 0.5782375 0.6286413 0.6798478 0.7275864 0.7700650 0.8073318 0.8260690 0.8279526 0.8372325 0.8444677 0.8385825 0.8384641 0.8404622 0.8534422 0.8933328 0.9368834 0.9694076 0.9745928 0.9029154 0.7919898 0.7093119 0.6727188 0.6651757 0.6671418
0.1000081 0.1270036 0.1621275 0.2003148 0.2340545 0.2677757 0.3051083 0.3331368 0.3538525 0.3890065 0.4426059 0.4969184 0.5216852 0.4895457 0.4657695 0.4756937 0.4932038 0.5176843 0.5571099 0.6131278 0.6767189 0.7220449 0.7624936 0.8150831 0.8643317 0.8886611 0.8531139 0.7574366 0.6410140 0.5427778 0.4848995 0.4689882 0.4825662 0.5132217 0.5541493 0.6001668 0.6466615 0.6910517 0.7306700 0.7636388 0.7887747 0.8055406 0.8155123 0.8255658 0.8334969 0.8344262 0.8340262 0.8444507 0.8677711 0.9069429 0.9493163 0.9826929 1.003595 1.015365 0.9984668 0.9350961 0.8466727 0.7620181 0.7217305 0.7113464
0.1366347 0.1721963 0.2144612 0.2560211 0.2909229 0.3268853 0.3600321 0.3745474 0.3888963 0.4278248 0.4829096 0.5312722 0.5454176 0.5171884 0.5070881 0.5242128 0.5519400 0.5914636 0.6384283 0.6829148 0.7317945 0.7758874 0.8171352 0.8671476 0.9217339 0.9599177 0.9038438 0.7485753 0.6024240 0.5280525 0.5103340 0.5208077 0.5464277 0.5827063 0.6248419 0.6667452 0.7036815 0.7341364 0.7582743 0.7770183 0.7908877 0.8028651 0.8147469 0.8282895 0.8353013 0.8383210 0.8509463 0.8722094 0.9049402 0.9438796 0.9733984 0.9947540 1.008767 1.019815 1.033526 1.034724 0.9949589 0.9118091 0.8005022 0.7377915
0.1778330 0.2208133 0.2676632 0.3118824 0.3444440 0.3786408 0.3995865 0.4030283 0.4270764 0.4757335 0.5330287 0.5678545 0.5615330 0.5401966 0.5474371 0.5748012 0.6171346 0.6666208 0.7074029 0.7387788 0.7787063 0.8197714 0.8683341 0.9142762 0.9629038 0.9831605 0.8655462 0.7044433 0.6191287 0.5805398 0.5695355 0.5800702 0.6049594 0.6373937 0.6716439 0.7013037 0.7242280 0.7407747 0.7536946 0.7661256 0.7788188 0.7900877 0.7993982 0.8110058 0.8227859 0.8360651 0.8567230 0.8815193 0.9050011 0.9229886 0.9383880 0.9526798 0.9608465 0.9820242 1.011955 1.037887 1.041431 1.002295 0.8965820 0.7827919
0.2251831 0.2740557 0.3242364 0.3635333 0.3917197 0.4123869 0.4232058 0.4441284 0.4883760 0.5430558 0.5817815 0.5850840 0.5718299 0.5743164 0.5996771 0.6413403 0.6896153 0.7295571 0.7573662 0.7859099 0.8195685 0.8584201 0.9052519 0.9486348 0.9593478 0.8851056 0.7617735 0.6981737 0.6908652 0.6840846 0.6666467 0.6491374 0.6471057 0.6588231 0.6737026 0.6859516 0.6955504 0.7076870 0.7210107 0.7334130 0.7460756 0.7548447 0.7571770 0.7678210 0.7820170 0.7982724 0.8238235 0.8462440 0.8567723 0.8567235 0.8649856 0.8779083 0.8907444 0.9166685 0.9504163 0.9783762 0.9880791 0.9929217 0.9592828 0.8446571
0.2604409 0.3132201 0.3615536 0.3866865 0.4067677 0.4251710 0.4405092 0.4874075 0.5437601 0.5899445 0.5985836 0.5813817 0.5811910 0.6053171 0.6441512 0.6904140 0.7305336 0.7547173 0.7754654 0.8105629 0.8453562 0.8773762 0.9233688 0.9487206 0.8900158 0.7706209 0.7047818 0.7168954 0.7399967 0.7592157 0.7578956 0.7295466 0.6881052 0.6621396 0.6548293 0.6538371 0.6598407 0.6646547 0.6723090 0.6844314 0.6984021 0.7018358 0.7071750 0.7180793 0.7332495 0.7477735 0.7654023 0.7772045 0.7740990 0.7784041 0.7904740 0.8098921 0.8270906 0.8508953 0.8761418 0.8896754 0.9030355 0.9082137 0.9085284 0.8824823
0.3119276 0.3610827 0.3932686 0.4068102 0.4182722 0.4385067 0.4793752 0.5378097 0.5875219 0.6041634 0.5914333 0.5825274 0.5982760 0.6315876 0.6709623 0.7081279 0.7356567 0.7573197 0.7880157 0.8279632 0.8623216 0.8960982 0.9203488 0.8737938 0.7746339 0.7170294 0.7166270 0.7413845 0.7677822 0.7886541 0.8006446 0.7958638 0.7626999 0.7052269 0.6589686 0.6348682 0.6307237 0.6301322 0.6339748 0.6434825 0.6500055 0.6516393 0.6606930 0.6720515 0.6841328 0.6908271 0.6977639 0.7009572 0.7022544 0.7149825 0.7339562 0.7554797 0.7757009 0.7954756 0.8082649 0.8159393 0.8315129 0.8465133 0.8563237 0.8683277
0.3670885 0.4065639 0.4261849 0.4353199 0.4517969 0.4864652 0.5400693 0.5920985 0.6183504 0.6088538 0.5871377 0.5870647 0.6122112 0.6463478 0.6785347 0.7045951 0.7244088 0.7508950 0.7921218 0.8354355 0.8698907 0.8931569 0.8727470 0.7844596 0.7125106 0.7114116 0.7326724 0.7590235 0.7833162 0.8016586 0.8142984 0.8231630 0.8212741 0.7899804 0.7313021 0.6688151 0.6321854 0.6236199 0.6238811 0.6238346 0.6225806 0.6236004 0.6299210 0.6394483 0.6451487 0.6477987 0.6503007 0.6573084 0.6703540 0.6898768 0.7118702 0.7329323 0.7529192 0.7692191 0.7803801 0.7899128 0.8125428 0.8454655 0.8622454 0.8821225
0.4342524 0.4568775 0.4683590 0.4814854 0.5128702 0.5627271 0.6086407 0.6355853 0.6298077 0.6027840 0.5895707 0.6015191 0.6273232 0.6537218 0.6764391 0.6925711 0.7116904 0.7457785 0.7898693 0.8309018 0.8620705 0.8440966 0.7743910 0.7179779 0.7103558 0.7255650 0.7450836 0.7657201 0.7851514 0.8022865 0.8176638 0.8300934 0.8442775 0.8585425 0.8484392 0.7841344 0.7080760 0.6693764 0.6410602 0.6269114 0.6206470 0.6175639 0.6160693 0.6183966 0.6217050 0.6278205 0.6378599 0.6529948 0.6717118 0.6916202 0.7123435 0.7334816 0.7546946 0.7755533 0.7964456 0.8176188 0.8426891 0.8767437 0.9078598 0.9310777
0.4909034 0.5019173 0.5113993 0.5321570 0.5710344 0.6143598 0.6422092 0.6461951 0.6261494 0.6045552 0.6041590 0.6202565 0.6398447 0.6568841 0.6696007 0.6816779 0.7052527 0.7410845 0.7793143 0.8073545 0.8024893 0.7523034 0.7042417 0.6972273 0.7142328 0.7327936 0.7487509 0.7627265 0.7763768 0.7941922 0.8130540 0.8324839 0.8551099 0.8873304 0.9129169 0.8945337 0.8390950 0.7708754 0.6987964 0.6535365 0.6333072 0.6222360 0.6153475 0.6122952 0.6133368 0.6220347 0.6374119 0.6557355 0.6756768 0.6958745 0.7166280 0.7395816 0.7653810 0.7943738 0.8249130 0.8529304 0.8764067 0.9062859 0.9427347 0.9753007
0.5302877 0.5314257 0.5417337 0.5681243 0.6044100 0.6298951 0.6399378 0.6272846 0.6102818 0.6127014 0.6290092 0.6441563 0.6534955 0.6624139 0.6668505 0.6783844 0.7058819 0.7352332 0.7561242 0.7500323 0.7090214 0.6733154 0.6776163 0.6944340 0.7129323 0.7286823 0.7430598 0.7525225 0.7638627 0.7763809 0.7987400 0.8275297 0.8631030 0.9037916 0.9374763 0.9412126 0.9154401 0.8634723 0.7871411 0.7180277 0.6681026 0.6337512 0.6165246 0.6098919 0.6103083 0.6173049 0.6276458 0.6400203 0.6575171 0.6785532 0.6980320 0.7208063 0.7509047 0.7856862 0.8198605 0.8543578 0.8834200 0.9073016 0.9417967 0.9792588
0.5672854 0.5703136 0.5866536 0.6112580 0.6300701 0.6338015 0.6200055 0.6008393 0.5993347 0.6221219 0.6526153 0.6706088 0.6760830 0.6773251 0.6810667 0.6949103 0.7126087 0.7190441 0.6996717 0.6608064 0.6364444 0.6441518 0.6670607 0.6880601 0.7056749 0.7194593 0.7304290 0.7386620 0.7469977 0.7586918 0.7801089 0.8122590 0.8481559 0.8850398 0.9169031 0.9266975 0.9073886 0.8826908 0.8413578 0.7831599 0.7192190 0.6520818 0.6056516 0.5820764 0.5807704 0.5882569 0.5960175 0.5941791 0.6040083 0.6208557 0.6349046 0.6597154 0.6901138 0.7238571 0.7556474 0.8003280 0.8427701 0.8714714 0.9040802 0.9352617
0.5968802 0.6126300 0.6374079 0.6592375 0.6667283 0.6519110 0.6219725 0.6058833 0.6148629 0.6537627 0.6946606 0.7090599 0.7106554 0.7122283 0.7184872 0.7243541 0.7186279 0.6902583 0.6415751 0.6052500 0.6032393 0.6222907 0.6463817 0.6694923 0.6894013 0.6998931 0.7094042 0.7176031 0.7254230 0.7327932 0.7510805 0.7774733 0.8009807 0.8267409 0.8574296 0.8644721 0.8433480 0.8271997 0.8131608 0.7897131 0.7504274 0.6888305 0.6207763 0.5632657 0.5292114 0.5234538 0.5247226 0.5284340 0.5357224 0.5457103 0.5556073 0.5737284 0.6021361 0.6274471 0.6598353 0.7042427 0.7585878 0.8010841 0.8375728 0.8632952
0.6118441 0.6377146 0.6634860 0.6790841 0.6758103 0.6571533 0.6422088 0.6453411 0.6722164 0.7188092 0.7552690 0.7616415 0.7562494 0.7593305 0.7676253 0.7564120 0.7158993 0.6624214 0.6215713 0.6024919 0.5996147 0.6060454 0.6184795 0.6328523 0.6516100 0.6631751 0.6725682 0.6816173 0.6880937 0.6931976 0.7016607 0.7152229 0.7229029 0.7380729 0.7761508 0.7874783 0.7738273 0.7601610 0.7547482 0.7525864 0.7440111 0.7186576 0.6769488 0.6201940 0.5510904 0.4930897 0.4654074 0.4648221 0.4739496 0.4834025 0.4860605 0.4989778 0.5204976 0.5451476 0.5722593 0.6119746 0.6611464 0.7099952 0.7668633 0.8039649
