simulation_files/asc_files/Depth____122.0.asc
NCOLS       411
NROWS       131
XLLCENTER    2538020.000000
YLLCENTER    1152390.000000
CELLSIZE           1.000
NODATA_VALUE     -9999.0
[rows 0 to 26 of 131, columns 236 to 294 of 411]
-9999.000 -9999.000 -9999.000 -9999.000 -9999.000 -9999.000 -9999.000 -9999.000 -9999.000 -9999.000 -9999.000 -9999.000 -9999.000 -9999.000 -9999.000 -9999.000 -9999.000 -9999.000 -9999.000 -9999.000 -9999.000 -9999.000 -9999.000 -9999.000 -9999.000 -9999.000 -9999.000 -9999.000 -9999.000 -9999.000 -9999.000 -9999.000 -9999.000 -9999.000 -9999.000 -9999.000 -9999.000 -9999.000 -9999.000 -9999.000 -9999.000 -9999.000 -9999.000 -9999.000 -9999.000 -9999.000 -9999.000 -9999.000 -9999.000 -9999.000 -9999.000 -9999.000 -9999.000 -9999.000 -9999.000 -9999.000 -9999.000 -9999.000 -9999.000
0.6825233E-01 0.3624408E-01 -9999.000 -9999.000 -9999.000 -9999.000 -9999.000 -9999.000 -9999.000 -9999.000 -9999.000 -9999.000 -9999.000 -9999.000 -9999.000 -9999.000 -9999.000 -9999.000 -9999.000 -9999.000 -9999.000 -9999.000 -9999.000 -9999.000 -9999.000 -9999.000 -9999.000 -9999.000 -9999.000 -9999.000 -9999.000 -9999.000 -9999.000 -9999.000 -9999.000 -9999.000 -9999.000 -9999.000 -9999.000 -9999.000 -9999.000 -9999.000 -9999.000 -9999.000 -9999.000 -9999.000 -9999.000 -9999.000 -9999.000 -9999.000 -9999.000 -9999.000 -9999.000 -9999.000 -9999.000 -9999.000 -9999.000 -9999.000 -9999.000
0.1944721 0.8092471E-01 -9999.000 -9999.000 -9999.000 -9999.000 -9999.000 -9999.000 -9999.000 -9999.000 -9999.000 -9999.000 -9999.000 -9999.000 -9999.000 -9999.000 -9999.000 -9999.000 -9999.000 -9999.000 -9999.000 -9999.000 -9999.000 -9999.000 -9999.000 -9999.000 -9999.000 -9999.000 -9999.000 -9999.000 -9999.000 -9999.000 -9999.000 -9999.000 -9999.000 -9999.000 -9999.000 -9999.000 -9999.000 -9999.000 -9999.000 -9999.000 -9999.000 -9999.000 -9999.000 -9999.000 -9999.000 -9999.000 -9999.000 -9999.000 -9999.000 -9999.000 -9999.000 -9999.000 -9999.000 -9999.000 -9999.000 -9999.000 -9999.000
0.4340530 0.3043066 0.2335754 0.1925009 0.1606183 0.1130747 -9999.000 -9999.000 -9999.000 -9999.000 -9999.000 -9999.000 -9999.000 -9999.000 -9999.000 -9999.000 -9999.000 -9999.000 0.7618733E-01 0.1270191 0.1406674 0.1526882 0.1517017 0.1319314 0.1051155 -9999.000 -9999.000 -9999.000 -9999.000 -9999.000 -9999.000 -9999.000 -9999.000 -9999.000 -9999.000 -9999.000 -9999.000 -9999.000 -9999.000 -9999.000 -9999.000 -9999.000 -9999.000 -9999.000 -9999.000 -9999.000 -9999.000 -9999.000 -9999.000 -9999.000 -9999.000 -9999.000 -9999.000 -9999.000 -9999.000 -9999.000 -9999.000 -9999.000 -9999.000
0.7552994 0.6539385 0.5413461 0.4919462 0.4523022 0.3583701 0.2166962 0.1370316 0.7086498E-01 -9999.000 0.1374778E-01 0.1003085E-01 0.1328606E-01 0.9255535E-01 0.1319288 0.1251200 0.8802834E-01 0.1340523 0.2009839 0.2865648 0.3347722 0.3611516 0.3435771 0.3143858 0.2624178 0.1711465 0.7513298E-01 -9999.000 -9999.000 -9999.000 -9999.000 -9999.000 -9999.000 -9999.000 -9999.000 -9999.000 -9999.000 -9999.000 -9999.000 -9999.000 -9999.000 -9999.000 -9999.000 -9999.000 -9999.000 -9999.000 -9999.000 -9999.000 -9999.000 -9999.000 -9999.000 -9999.000 -9999.000 -9999.000 -9999.000 -9999.000 -9999.000 -9999.000 -9999.000
1.102843 1.007405 0.9168976 0.8442461 0.7605821 0.6356672 0.4998627 0.3870895 0.2535466 0.1624729 0.1221600 0.1638903 0.2305872 0.3032243 0.3470972 0.3251246 0.2653141 0.3073915 0.4108788 0.4940668 0.5624221 0.5726834 0.5517427 0.5179555 0.4662402 0.3439166 0.2123711 -9999.000 -9999.000 -9999.000 -9999.000 0.1116494 0.1608327 0.1341359 0.9245654E-01 -9999.000 -9999.000 -9999.000 -9999.000 -9999.000 -9999.000 -9999.000 -9999.000 -9999.000 -9999.000 -9999.000 -9999.000 -9999.000 -9999.000 -9999.000 -9999.000 -9999.000 -9999.000 -9999.000 -9999.000 -9999.000 -9999.000 -9999.000 -9999.000
1.449476 1.349781 1.248510 1.177458 1.060081 0.9284977 0.8454593 0.7023432 0.5766370 0.4403152 0.3715537 0.4840296 0.5745100 0.6584804 0.6785268 0.6341451 0.5505430 0.5619998 0.6285096 0.7036730 0.7688258 0.7821463 0.7589412 0.7291306 0.6658774 0.5445446 0.4161924 0.3371261 0.2967707 0.2695690 0.2763977 0.3010836 0.2984972 0.2556607 0.2075083 0.1521558 -9999.000 -9999.000 -9999.000 -9999.000 -9999.000 -9999.000 -9999.000 -9999.000 -9999.000 -9999.000 -9999.000 -9999.000 -9999.000 -9999.000 -9999.000 -9999.000 -9999.000 -9999.000 -9999.000 -9999.000 -9999.000 -9999.000 -9999.000
1.771529 1.670151 1.582252 1.486468 1.365425 1.251626 1.133638 1.000658 0.8851818 0.7840887 0.7193697 0.8201491 0.9251164 0.9775761 0.9677604 0.8918882 0.8184012 0.7917415 0.8375548 0.9085977 0.9823835 0.9854577 0.9554315 0.9393907 0.8626449 0.7457240 0.6350729 0.5977199 0.5677363 0.5458113 0.5300109 0.5518312 0.5268949 0.4620123 0.3800407 0.2725373 0.1970847 0.1283909 0.1086649 0.9443994E-01 0.7222288E-01 -9999.000 -9999.000 -9999.000 -9999.000 -9999.000 -9999.000 -9999.000 -9999.000 -9999.000 -9999.000 -9999.000 -9999.000 -9999.000 -9999.000 -9999.000 -9999.000 -9999.000 -9999.000
2.011323 1.912066 1.828421 1.722810 1.601674 1.482074 1.362632 1.223533 1.100997 1.007291 0.9412116 1.021975 1.117992 1.153171 1.132660 1.063838 0.9974914 0.9745773 1.016894 1.092541 1.143558 1.139986 1.109496 1.072633 1.014560 0.9299896 0.8682637 0.8372368 0.8177932 0.7982066 0.7940094 0.7756331 0.7260786 0.6468805 0.5573675 0.4536112 0.3444113 0.2709107 0.2478431 0.2241132 0.1691631 0.1032760 0.7619844E-01 -9999.000 0.8086568E-01 0.8372493E-01 0.5943142E-01 0.3573802E-01 0.2624700E-01 0.1745234E-01 -9999.000 -9999.000 -9999.000 -9999.000 -9999.000 -9999.000 -9999.000 -9999.000 -9999.000
2.111402 2.027058 1.935639 1.829311 1.715290 1.601107 1.473812 1.337825 1.207762 1.101744 1.043342 1.074575 1.153196 1.198029 1.205355 1.162440 1.122551 1.108853 1.151353 1.218897 1.243705 1.230098 1.197913 1.169417 1.126301 1.072059 1.035376 1.015962 1.003303 0.9887219 0.9807445 0.9480706 0.8948303 0.8158960 0.7405875 0.6456035 0.5379203 0.4631004 0.4117811 0.3506370 0.2789378 0.2417394 0.2181343 0.1946028 0.1719770 0.1510184 0.1215523 0.9950920E-01 0.7938358E-01 0.5646109E-01 0.3834424E-01 0.2312040E-01 -9999.000 -9999.000 -9999.000 -9999.000 -9999.000 -9999.000 -9999.000
2.098203 2.005769 1.903697 1.792932 1.682369 1.568973 1.462139 1.351583 1.245002 1.155240 1.095370 1.089182 1.132387 1.202946 1.266880 1.292947 1.286531 1.262170 1.263415 1.282528 1.282586 1.274698 1.256321 1.229486 1.200799 1.173074 1.146211 1.128641 1.114553 1.104715 1.085158 1.047924 0.9993841 0.9414238 0.8726748 0.7678808 0.6433566 0.5582198 0.4884876 0.4174405 0.3771390 0.3513191 0.3269987 0.3011779 0.2817690 0.2531045 0.2210004 0.1970286 0.1753883 0.1481454 0.1201268 0.1070883 0.8414968E-01 0.6821820E-01 -9999.000 -9999.000 -9999.000 -9999.000 -9999.000
1.931514 1.799779 1.678276 1.583099 1.486123 1.415574 1.356046 1.296700 1.234206 1.183136 1.147996 1.142709 1.185332 1.264861 1.362432 1.434121 1.431804 1.396418 1.369061 1.369345 1.320427 1.286850 1.287083 1.269619 1.245184 1.224501 1.208051 1.187575 1.170667 1.153958 1.130170 1.085794 1.027717 0.9571075 0.8635332 0.7507758 0.6428059 0.5695763 0.5135245 0.4694198 0.4434861 0.4186969 0.3973434 0.3813689 0.3692054 0.3507610 0.3293635 0.3137334 0.3027225 0.2870293 0.2813890 0.2701262 0.2488503 0.2295595 0.2443231 0.2456343 0.2461661 0.2638538 0.2728876
1.613795 1.507660 1.459142 1.421927 1.393370 1.372787 1.349637 1.325074 1.307631 1.279263 1.260034 1.268007 1.307765 1.376712 1.476741 1.564082 1.560912 1.493684 1.454881 1.448417 1.359073 1.309974 1.317699 1.300947 1.274753 1.253848 1.232930 1.210583 1.187496 1.158749 1.111090 1.041390 0.9356209 0.8242754 0.7236017 0.6448884 0.5904058 0.5591194 0.5345232 0.5133609 0.5003821 0.4846815 0.4709135 0.4705890 0.4627303 0.4557664 0.4480987 0.4535498 0.4451565 0.4384650 0.4398937 0.4468823 0.4419023 0.4446376 0.4691045 0.4741481 0.4849905 0.5051957 0.5075178
1.459653 1.473787 1.485531 1.484376 1.489323 1.488748 1.475934 1.465131 1.450768 1.434157 1.426920 1.457488 1.485160 1.537274 1.609432 1.684944 1.685359 1.598736 1.525321 1.491920 1.407391 1.361124 1.352637 1.325980 1.296823 1.271596 1.247287 1.215291 1.165135 1.078977 0.9815571 0.8715191 0.7650652 0.6825374 0.6322544 0.6046800 0.5918519 0.5813027 0.5731639 0.5697159 0.5661800 0.5586843 0.5524100 0.5583727 0.5587211 0.5593115 0.5689049 0.5749325 0.5768032 0.5791770 0.5949295 0.6026092 0.6058181 0.6229820 0.6343780 0.6407513 0.6468691 0.6657766 0.6734858
1.477990 1.508447 1.536659 1.550718 1.568015 1.583407 1.589516 1.588547 1.589200 1.587896 1.605520 1.636418 1.664480 1.705117 1.788296 1.879207 1.826322 1.658985 1.552520 1.486040 1.427235 1.399735 1.374614 1.344714 1.315578 1.280064 1.230207 1.151402 1.026348 0.8960371 0.7914454 0.7158325 0.6689968 0.6506816 0.6417101 0.6391727 0.6374649 0.6322005 0.6288867 0.6348740 0.6339880 0.6329050 0.6337679 0.6450196 0.6488294 0.6562433 0.6730758 0.6816294 0.6914131 0.7061835 0.7285911 0.7384071 0.7437100 0.7516739 0.7622507 0.7634845 0.7708814 0.7779028 0.7749913
1.441862 1.483314 1.529436 1.565054 1.597808 1.630110 1.653729 1.674549 1.684635 1.697812 1.728512 1.776731 1.821481 1.878221 2.007495 2.163902 2.127421 1.719356 1.488574 1.430466 1.397840 1.370586 1.341723 1.307514 1.253429 1.163201 1.066156 0.9543681 0.8425843 0.7625335 0.7189921 0.6993365 0.6939188 0.6928902 0.6938526 0.6983166 0.7006694 0.6993426 0.6979822 0.7052482 0.7088830 0.7127375 0.7255292 0.7350999 0.7430425 0.7523949 0.7730613 0.7880222 0.8023131 0.8280731 0.8436378 0.8554315 0.8622436 0.8744754 0.8704575 0.8646397 0.8624178 0.8531087 0.8326736
1.414088 1.461825 1.522597 1.579337 1.624253 1.669814 1.710997 1.744211 1.769658 1.796952 1.845049 1.906729 1.972362 2.061514 2.232149 2.502833 2.423574 1.787745 1.404808 1.345309 1.320067 1.274670 1.222607 1.151652 1.028057 0.9169262 0.8242704 0.7607786 0.7197343 0.7090753 0.7068025 0.7083407 0.7119457 0.7156487 0.7229132 0.7335357 0.7412800 0.7477589 0.7550387 0.7675661 0.7759514 0.7871115 0.8028141 0.8147671 0.8279240 0.8437635 0.8627298 0.8762691 0.8897608 0.9079444 0.9188417 0.9270901 0.9338571 0.9377829 0.9324621 0.9220181 0.9081479 0.8891607 0.8633184
1.411090 1.468483 1.530589 1.598868 1.655942 1.705917 1.759624 1.808185 1.846304 1.883301 1.941175 2.009384 2.102460 2.216573 2.387751 2.591282 2.820449 2.218435 1.410098 1.265530 1.201741 1.098177 0.9996271 0.8943768 0.7781757 0.7111747 0.6808664 0.6721284 0.6755254 0.6863217 0.6967900 0.7061416 0.7131256 0.7175981 0.7228637 0.7319072 0.7451343 0.7600199 0.7756733 0.7918840 0.8077041 0.8236312 0.8405678 0.8567316 0.8717532 0.8871319 0.9009831 0.9130151 0.9227774 0.9303360 0.9361844 0.9404043 0.9409620 0.9392370 0.9330209 0.9213566 0.9037988 0.8867233 0.8715334
1.462851 1.521671 1.588104 1.660695 1.725643 1.782334 1.844745 1.902487 1.944451 1.993590 2.052819 2.130696 2.238660 2.374272 2.520541 2.683266 2.808854 2.433439 1.663069 1.158588 0.9945050 0.8544498 0.7479121 0.6781869 0.6336975 0.6242478 0.6274660 0.6329143 0.6455099 0.6599464 0.6747712 0.6863763 0.6978029 0.7057824 0.7122419 0.7206088 0.7371466 0.7568685 0.7762034 0.7955928 0.8135048 0.8296498 0.8432460 0.8570465 0.8693789 0.8786176 0.8887439 0.8980030 0.9030940 0.9037902 0.9055936 0.9048564 0.8979410 0.8903329 0.8841919 0.8741881 0.8644078 0.8587887 0.8540568
1.565483 1.620387 1.685769 1.759107 1.832949 1.908427 1.967483 2.032727 2.070327 2.113803 2.178049 2.257888 2.367320 2.495376 2.616725 2.748190 2.869940 2.617887 1.771566 1.075633 0.8453092 0.7245616 0.6578302 0.6221850 0.6083904 0.6076281 0.6128953 0.6203875 0.6279982 0.6363838 0.6459948 0.6565011 0.6683673 0.6817117 0.6959375 0.7125940 0.7314180 0.7500694 0.7667685 0.7829180 0.7977219 0.8084075 0.8188671 0.8284228 0.8366916 0.8397982 0.8457779 0.8513676 0.8485451 0.8498709 0.8475889 0.8411290 0.8242977 0.8199112 0.8188589 0.8150640 0.8182235 0.8221703 0.8244225
1.677999 1.739359 1.807864 1.881784 1.972889 2.045444 2.106936 2.164327 2.203250 2.261140 2.315357 2.396611 2.491328 2.590375 2.703744 2.818924 2.934556 2.645817 1.639843 1.035350 0.8764610 0.7792181 0.7275899 0.6958253 0.6485844 0.6334827 0.6298937 0.6361760 0.6378141 0.6414976 0.6471126 0.6577559 0.6675574 0.6816851 0.7003578 0.7165753 0.7319540 0.7458547 0.7577770 0.7684999 0.7775862 0.7843750 0.7911462 0.7962609 0.7982284 0.7969494 0.7971551 0.7968931 0.7926984 0.7880773 0.7857448 0.7811974 0.7770797 0.7750651 0.7756818 0.7780922 0.7839214 0.7929770 0.7998350
1.767007 1.833209 1.902284 1.983550 2.081114 2.163460 2.219054 2.273047 2.321312 2.379387 2.432484 2.501586 2.568704 2.648251 2.746781 2.865992 2.968860 2.539789 1.552202 1.165933 1.051886 0.9482025 0.8761826 0.8346708 0.7807208 0.7242854 0.6990865 0.6846851 0.6766985 0.6765877 0.6844527 0.6926369 0.7011316 0.7127117 0.7263095 0.7352661 0.7429499 0.7516446 0.7582537 0.7640369 0.7687214 0.7713600 0.7728044 0.7729476 0.7693137 0.7678946 0.7653373 0.7630443 0.7620070 0.7622821 0.7639925 0.7669234 0.7673580 0.7674398 0.7688062 0.7729253 0.7784007 0.7878202 0.7967521
1.785890 1.875941 1.951272 2.045423 2.154367 2.227484 2.298356 2.347950 2.399252 2.448547 2.504848 2.559453 2.615866 2.676704 2.750534 2.883264 2.909406 2.211604 1.468506 1.291684 1.212297 1.120039 1.028485 0.9873783 0.9357306 0.8718681 0.8283632 0.7833401 0.7503136 0.7368005 0.7371380 0.7375340 0.7415910 0.7477168 0.7542741 0.7570769 0.7596387 0.7617815 0.7624666 0.7630679 0.7631815 0.7619689 0.7603348 0.7585104 0.7582016 0.7595984 0.7615329 0.7641337 0.7672414 0.7701677 0.7733728 0.7777878 0.7809589 0.7838737 0.7903982 0.7958545 0.8013659 0.8076810 0.8154469
1.742517 1.860891 1.956805 2.057079 2.156275 2.245560 2.312403 2.365723 2.414964 2.472363 2.528448 2.579774 2.619715 2.668822 2.728588 2.838331 2.838292 2.032156 1.369925 1.358339 1.339144 1.273538 1.179194 1.106469 1.050930 1.012310 0.9733878 0.9214527 0.8655760 0.8257705 0.7948445 0.7721224 0.7655997 0.7646671 0.7642074 0.7641075 0.7628228 0.7600749 0.7562854 0.7529804 0.7477222 0.7460320 0.7452777 0.7467949 0.7480248 0.7527511 0.7585763 0.7637904 0.7704312 0.7765931 0.7825943 0.7892701 0.7957104 0.8027216 0.8115366 0.8197213 0.8251460 0.8294870 0.8332056
1.625406 1.775710 1.905941 2.021966 2.132553 2.232404 2.316326 2.369290 2.420405 2.474812 2.523932 2.561813 2.590124 2.618211 2.659655 2.723762 2.627766 1.867131 1.416265 1.373824 1.376972 1.381299 1.319844 1.227205 1.148717 1.091956 1.057298 1.024002 0.9718276 0.9271748 0.8704917 0.8188457 0.7730749 0.7467548 0.7367970 0.7342652 0.7330838 0.7273665 0.7262296 0.7237661 0.7179961 0.7189352 0.7212216 0.7230402 0.7244731 0.7305031 0.7381462 0.7431594 0.7521488 0.7615904 0.7696741 0.7787355 0.7891358 0.8000122 0.8097168 0.8183923 0.8248562 0.8283744 0.8309225
1.474565 1.646139 1.830262 1.976994 2.106970 2.238053 2.329637 2.387610 2.448443 2.489667 2.521463 2.543961 2.555051 2.572398 2.593348 2.611821 2.479664 1.862349 1.425246 1.372164 1.370162 1.367747 1.356663 1.298127 1.201638 1.118249 1.079985 1.053186 1.032055 0.9920686 0.9475143 0.8868175 0.8162687 0.7484304 0.6992743 0.6757383 0.6606801 0.6562481 0.6575299 0.6616545 0.6578231 0.6640121 0.6712133 0.6701542 0.6765043 0.6841308 0.6926669 0.6949736 0.7045729 0.7150151 0.7241189 0.7317992 0.7432843 0.7529683 0.7583166 0.7689713 0.7786210 0.7840324 0.7833500
1.303173 1.498786 1.711047 1.899532 2.075311 2.238635 2.352844 2.430254 2.471194 2.503285 2.530285 2.547227 2.555378 2.559959 2.564490 2.556559 2.495775 1.878682 1.382256 1.354578 1.345344 1.332096 1.326134 1.312548 1.265946 1.184503 1.091953 1.043635 1.024542 1.006949 0.9835941 0.9456636 0.8900863 0.8307279 0.7476020 0.6703359 0.6191735 0.5898869 0.5818353 0.5800690 0.5823528 0.5908784 0.6000116 0.5996519 0.6057939 0.6126075 0.6138607 0.6191146 0.6282335 0.6384553 0.6423121 0.6508767 0.6609247 0.6607592 0.6655231 0.6753821 0.6865717 0.6871197 0.6961790
