simulation_files/asc_files/Depth____162.0.asc
NCOLS       411
NROWS       131
XLLCENTER    2538020.000000
YLLCENTER    1152390.000000
CELLSIZE           1.000
NODATA_VALUE     -9999.0
[rows 0 to 26 of 131, columns 236 to 294 of 411]
-9999.000 -9999.000 -9999.000 -9999.000 -9999.000 -9999.000 -9999.000 -9999.000 -9999.000 -9999.000 -9999.000 -9999.000 -9999.000 -9999.000 -9999.000 -9999.000 -9999.000 -9999.000 -9999.000 -9999.000 -9999.000 -9999.000 -9999.000 -9999.000 -9999.000 -9999.000 -9999.000 -9999.000 -9999.000 -9999.000 -9999.000 -9999.000 -9999.000 -9999.000 -9999.000 -9999.000 -9999.000 -9999.000 -9999.000 -9999.000 -9999.000 -9999.000 -9999.000 -9999.000 -9999.000 -9999.000 -9999.000 -9999.000 -9999.000 -9999.000 -9999.000 -9999.000 -9999.000 -9999.000 -9999.000 -9999.000 -9999.000 -9999.000 -9999.000
0.3541636E-01 -9999.000 -9999.000 -9999.000 -9999.000 -9999.000 -9999.000 -9999.000 -9999.000 -9999.000 -9999.000 -9999.000 -9999.000 -9999.000 -9999.000 -9999.000 -9999.000 -9999.000 -9999.000 -9999.000 -9999.000 -9999.000 -9999.000 -9999.000 -9999.000 -9999.000 -9999.000 -9999.000 -9999.000 -9999.000 -9999.000 -9999.000 -9999.000 -9999.000 -9999.000 -9999.000 -9999.000 -9999.000 -9999.000 -9999.000 -9999.000 -9999.000 -9999.000 -9999.000 -9999.000 -9999.000 -9999.000 -9999.000 -9999.000 -9999.000 -9999.000 -9999.000 -9999.000 -9999.000 -9999.000 -9999.000 -9999.000 -9999.000 -9999.000
0.1548840 0.5409573E-01 -9999.000 -9999.000 -9999.000 -9999.000 -9999.000 -9999.000 -9999.000 -9999.000 -9999.000 -9999.000 -9999.000 -9999.000 -9999.000 -9999.000 -9999.000 -9999.000 0.4667511E-01 0.8300961E-01 0.1116619 0.1413885 0.1138540 0.9560466E-01 0.6554312E-01 -9999.000 -9999.000 -9999.000 -9999.000 -9999.000 -9999.000 -9999.000 -9999.000 -9999.000 -9999.000 -9999.000 -9999.000 -9999.000 -9999.000 -9999.000 -9999.000 -9999.000 -9999.000 -9999.000 -9999.000 -9999.000 -9999.000 -9999.000 -9999.000 -9999.000 -9999.000 -9999.000 -9999.000 -9999.000 -9999.000 -9999.000 -9999.000 -9999.000 -9999.000
0.3445274 0.2019783 0.1174092 -9999.000 -9999.000 -9999.000 -9999.000 -9999.000 -9999.000 -9999.000 -9999.000 -9999.000 -9999.000 -9999.000 -9999.000 0.1368784 0.1523818 0.1463382 0.1626654 0.2199079 0.2574835 0.2778308 0.2813927 0.2684409 0.2312038 0.1502021 -9999.000 -9999.000 -9999.000 -9999.000 -9999.000 -9999.000 -9999.000 -9999.000 -9999.000 -9999.000 -9999.000 -9999.000 -9999.000 -9999.000 -9999.000 -9999.000 -9999.000 -9999.000 -9999.000 -9999.000 -9999.000 -9999.000 -9999.000 -9999.000 -9999.000 -9999.000 -9999.000 -9999.000 -9999.000 -9999.000 -9999.000 -9999.000 -9999.000
0.6181956 0.4997594 0.3662422 0.2833466 0.1907053 0.1260718 0.8367769E-01 -9999.000 -9999.000 -9999.000 0.1062616 0.1417136 0.1737497 0.2226615 0.3021662 0.3178749 0.3099593 0.3275428 0.3635350 0.4288228 0.4665960 0.4883086 0.4771473 0.4623981 0.4221687 0.3129429 0.1851166 0.1049863 0.7721199E-01 0.7083339E-01 -9999.000 0.1041113 0.1294421 0.1234913 0.9825015E-01 0.6233646E-01 -9999.000 -9999.000 -9999.000 -9999.000 -9999.000 -9999.000 -9999.000 -9999.000 -9999.000 -9999.000 -9999.000 -9999.000 -9999.000 -9999.000 -9999.000 -9999.000 -9999.000 -9999.000 -9999.000 -9999.000 -9999.000 -9999.000 -9999.000
0.9351056 0.8239616 0.7124546 0.6174986 0.4981296 0.3966710 0.3169650 0.2267772 0.1845925 0.2453570 0.3252297 0.3877320 0.4566520 0.5589623 0.6253004 0.6217299 0.5809548 0.5704547 0.5876884 0.6302684 0.6809977 0.6840321 0.6692998 0.6523543 0.6160629 0.5070172 0.3790306 0.3080639 0.2615150 0.2433207 0.2522601 0.3089029 0.3325716 0.3150420 0.2499023 0.1704949 0.1107975 0.6256017E-01 0.5943106E-01 0.5757850E-01 0.5102264E-01 -9999.000 -9999.000 -9999.000 -9999.000 -9999.000 -9999.000 -9999.000 -9999.000 -9999.000 -9999.000 -9999.000 -9999.000 -9999.000 -9999.000 -9999.000 -9999.000 -9999.000 -9999.000
1.262796 1.152298 1.040334 0.9652590 0.8363000 0.7411609 0.6789859 0.5661426 0.5169891 0.6234883 0.7323330 0.7831952 0.8419504 0.9384934 0.9648226 0.9364490 0.8768583 0.8428512 0.8224127 0.8404969 0.8747897 0.8755989 0.8595493 0.8491099 0.8071766 0.7076693 0.6030832 0.5478055 0.5302542 0.5152442 0.5296483 0.5604912 0.5623556 0.5209734 0.4494761 0.3490273 0.2476920 0.1912357 0.1875358 0.1808088 0.1612123 0.1322207 0.8295888E-01 -9999.000 -9999.000 -9999.000 -9999.000 -9999.000 -9999.000 -9999.000 -9999.000 -9999.000 -9999.000 -9999.000 -9999.000 -9999.000 -9999.000 -9999.000 -9999.000
1.580798 1.470413 1.378533 1.283370 1.172270 1.073798 0.9863338 0.9111146 0.8850789 1.018976 1.112235 1.143388 1.200302 1.263935 1.265149 1.217795 1.164118 1.096324 1.056532 1.049865 1.073394 1.059544 1.041351 1.047964 0.9999583 0.9125299 0.8301321 0.8187994 0.8062244 0.7922680 0.7816953 0.8085293 0.7878235 0.7242147 0.6385103 0.5233525 0.4220782 0.3643298 0.3619716 0.3507084 0.3209793 0.2771848 0.2164811 0.1724878 0.1296029 0.9559361E-01 -9999.000 -9999.000 -9999.000 -9999.000 -9999.000 -9999.000 -9999.000 -9999.000 -9999.000 -9999.000 -9999.000 -9999.000 -9999.000
1.819107 1.714263 1.629936 1.526692 1.423101 1.320913 1.236267 1.179144 1.155215 1.260319 1.326288 1.380787 1.441553 1.477608 1.461892 1.418362 1.362991 1.301571 1.258326 1.243399 1.234597 1.212389 1.192584 1.181651 1.156257 1.104113 1.070834 1.060909 1.054920 1.042889 1.044662 1.031280 0.9842572 0.9053667 0.8111312 0.6970481 0.5990848 0.5550833 0.5357266 0.5203648 0.4832979 0.4422474 0.3823336 0.3249439 0.2916823 0.2390913 0.1929071 0.1589652 0.1342526 0.1102365 0.7784965E-01 -9999.000 -9999.000 -9999.000 -9999.000 -9999.000 -9999.000 -9999.000 -9999.000
1.919984 1.837014 1.751425 1.659613 1.563165 1.473981 1.385999 1.322504 1.310003 1.353168 1.413620 1.495935 1.568002 1.586806 1.561847 1.517542 1.475944 1.426263 1.384077 1.358881 1.331921 1.307389 1.288373 1.286670 1.274996 1.250775 1.238994 1.237391 1.236021 1.229332 1.230413 1.204387 1.151457 1.071864 0.9898762 0.8843011 0.7941016 0.7470147 0.7130533 0.6924572 0.6599268 0.6217779 0.5615438 0.4972060 0.4456687 0.4036662 0.3528895 0.3197286 0.2790374 0.2188500 0.1582266 0.1008507 0.4238695E-01 -9999.000 -9999.000 -9999.000 -9999.000 -9999.000 -9999.000
1.900460 1.832086 1.766717 1.698544 1.626415 1.557068 1.475761 1.411428 1.387209 1.412471 1.464761 1.543969 1.622561 1.650914 1.633479 1.593587 1.547741 1.496281 1.451443 1.419440 1.394532 1.374798 1.363335 1.359878 1.357243 1.350943 1.345265 1.344075 1.338670 1.335402 1.327364 1.301665 1.254520 1.195817 1.121524 1.036905 0.9577839 0.9130911 0.8825441 0.8543038 0.8283000 0.7815199 0.7227213 0.6570627 0.6139890 0.5619141 0.5013378 0.4538269 0.3919488 0.3140789 0.2390696 0.1664430 0.1036245 0.6828837E-01 -9999.000 -9999.000 -9999.000 -9999.000 -9999.000
1.804512 1.768748 1.741719 1.711926 1.679923 1.626461 1.538157 1.472987 1.463741 1.494004 1.550041 1.631096 1.712969 1.738028 1.711610 1.660760 1.590419 1.527165 1.480078 1.453646 1.439232 1.427880 1.422753 1.420112 1.414331 1.406759 1.406863 1.403610 1.393721 1.378879 1.363736 1.339541 1.301082 1.257901 1.201726 1.142279 1.091483 1.055946 1.022790 0.9964265 0.9647836 0.9042459 0.8311763 0.7527048 0.6854218 0.6236622 0.5563792 0.4894988 0.4216258 0.3587208 0.3169435 0.2856527 0.2541499 0.2297604 0.2444758 0.2456819 0.2461042 0.2636481 0.2726859
1.736441 1.751726 1.764261 1.761299 1.750868 1.717022 1.623436 1.546267 1.552385 1.594625 1.657268 1.736752 1.805966 1.829443 1.802664 1.725735 1.625265 1.545238 1.501811 1.491869 1.492190 1.489476 1.487390 1.473404 1.445177 1.432308 1.433305 1.436341 1.424196 1.401032 1.381472 1.363640 1.337286 1.300160 1.250742 1.201818 1.165642 1.135238 1.106214 1.075874 1.013602 0.9184565 0.8154059 0.7147307 0.6458347 0.5870761 0.5359151 0.4963007 0.4657146 0.4463026 0.4404815 0.4457805 0.4409863 0.4443288 0.4686838 0.4736904 0.4846170 0.5049738 0.5075319
1.769655 1.807455 1.831516 1.838525 1.847918 1.829874 1.748420 1.666288 1.656563 1.704887 1.767569 1.837359 1.877859 1.890988 1.860317 1.775628 1.665125 1.569848 1.521944 1.527035 1.543538 1.550981 1.553387 1.532155 1.481371 1.448791 1.456422 1.468381 1.461744 1.438488 1.412616 1.391645 1.363669 1.321617 1.269390 1.221994 1.184017 1.144380 1.090840 1.009601 0.9028416 0.8013169 0.7170395 0.6489367 0.6130128 0.5907082 0.5804693 0.5769154 0.5751895 0.5767023 0.5925813 0.6009094 0.6045826 0.6220037 0.6334789 0.6399235 0.6464188 0.6658014 0.6739825
1.795326 1.833583 1.870055 1.891413 1.915247 1.928228 1.889225 1.792559 1.749405 1.794147 1.851228 1.887438 1.905550 1.900208 1.863371 1.788362 1.690394 1.599094 1.562123 1.577721 1.601643 1.610279 1.606197 1.583155 1.529484 1.492812 1.499424 1.516088 1.510962 1.486059 1.453888 1.418526 1.373778 1.317896 1.262145 1.212513 1.149440 1.067900 0.9660621 0.8390181 0.7534783 0.6985302 0.6677935 0.6572408 0.6529098 0.6552611 0.6694320 0.6781998 0.6886679 0.7038420 0.7266088 0.7365406 0.7419280 0.7501022 0.7610404 0.7624879 0.7703264 0.7778225 0.7753288
1.756645 1.803914 1.857224 1.900659 1.943449 1.980601 1.976537 1.912423 1.829023 1.826359 1.864199 1.877970 1.870736 1.852070 1.814846 1.766244 1.695704 1.629865 1.626438 1.665293 1.692704 1.633074 1.602212 1.580458 1.537694 1.513655 1.526945 1.545216 1.535154 1.501676 1.458326 1.404057 1.339742 1.271350 1.197915 1.103550 0.9962875 0.8985137 0.8183639 0.7566704 0.7310838 0.7217485 0.7258580 0.7323966 0.7399972 0.7496217 0.7707788 0.7862483 0.8006842 0.8263522 0.8418307 0.8535859 0.8604510 0.8728714 0.8690722 0.8634907 0.8615312 0.8524224 0.8320817
1.709010 1.767489 1.837401 1.908939 1.964692 2.013678 2.035427 1.976919 1.852256 1.795493 1.801022 1.802291 1.793541 1.786216 1.771354 1.750115 1.714508 1.704868 1.760492 1.897739 1.937948 1.728304 1.541448 1.508877 1.476446 1.482990 1.508488 1.519054 1.496850 1.459158 1.403910 1.328588 1.230082 1.131635 1.011276 0.8955642 0.8285863 0.7887898 0.7710893 0.7710078 0.7752686 0.7847720 0.8006732 0.8129351 0.8265216 0.8427916 0.8616742 0.8751936 0.8884803 0.9065091 0.9173727 0.9256192 0.9323882 0.9363227 0.9309592 0.9204709 0.9065529 0.8875086 0.8616482
1.672121 1.745661 1.822673 1.899226 1.962312 2.008061 2.039207 2.011933 1.900054 1.774092 1.721913 1.734985 1.747998 1.752804 1.763496 1.770639 1.778070 1.826556 1.925281 2.138790 2.389636 2.047227 1.532059 1.416884 1.407636 1.423448 1.436525 1.424361 1.380825 1.322097 1.237954 1.124029 0.9959288 0.8986744 0.8123261 0.7663694 0.7588638 0.7644901 0.7752723 0.7900761 0.8061452 0.8225352 0.8400163 0.8565064 0.8716083 0.8870488 0.9006231 0.9124199 0.9221104 0.9294725 0.9351437 0.9392362 0.9396845 0.9377328 0.9313069 0.9195011 0.9017278 0.8844860 0.8692782
1.683288 1.758864 1.835081 1.904840 1.964623 2.007157 2.030116 2.007685 1.921706 1.806370 1.728807 1.720605 1.744231 1.769611 1.797334 1.832354 1.889451 1.997892 2.158657 2.383986 2.644842 2.452527 1.711990 1.339082 1.342480 1.347505 1.329637 1.265527 1.181718 1.071887 0.9579979 0.8281361 0.7679378 0.7364281 0.7252728 0.7237837 0.7359156 0.7542403 0.7747018 0.7952588 0.8139773 0.8303799 0.8441013 0.8577710 0.8699299 0.8791165 0.8889734 0.8981200 0.9032755 0.9039554 0.9049654 0.9036605 0.8967643 0.8887894 0.8823422 0.8721537 0.8622746 0.8565931 0.8518461
1.745737 1.813280 1.885481 1.946353 2.007438 2.048737 2.067333 2.057821 1.988974 1.882612 1.788069 1.757765 1.787859 1.842392 1.896402 1.964592 2.049444 2.191340 2.349440 2.539384 2.748783 2.711625 2.125737 1.513784 1.284152 1.243576 1.167548 1.042436 0.9005307 0.7929981 0.7191169 0.6862897 0.6801819 0.6849352 0.6947543 0.7104613 0.7299672 0.7499327 0.7675136 0.7840490 0.7990280 0.8097755 0.8201912 0.8296925 0.8378341 0.8408965 0.8466483 0.8520873 0.8493035 0.8504910 0.8463805 0.8393573 0.8234198 0.8186537 0.8173049 0.8134405 0.8165755 0.8205240 0.8227817
1.820645 1.885082 1.951070 2.012587 2.073924 2.119980 2.136158 2.123891 2.077685 2.015258 1.914866 1.853328 1.878966 1.950144 2.035106 2.114594 2.208841 2.342638 2.494131 2.644299 2.784696 2.829772 2.683074 1.960437 1.242347 1.096604 0.9435377 0.7951360 0.7119305 0.6722757 0.6592068 0.6610687 0.6673255 0.6796536 0.6987708 0.7163925 0.7329390 0.7474086 0.7593605 0.7700930 0.7791993 0.7860314 0.7927955 0.7978642 0.7997290 0.7983314 0.7982612 0.7975777 0.7928780 0.7877403 0.7851230 0.7807499 0.7767300 0.7745473 0.7749358 0.7771260 0.7827475 0.7916054 0.7983583
1.869780 1.931672 1.994902 2.069218 2.136278 2.190564 2.208326 2.197615 2.167577 2.132586 2.047810 1.975840 1.975462 2.042413 2.132832 2.226677 2.334780 2.468939 2.586122 2.692944 2.787491 2.862760 2.876835 2.297847 1.459967 0.9491434 0.8037068 0.7272201 0.6928585 0.6818611 0.6849264 0.6916197 0.7000453 0.7125510 0.7276612 0.7371903 0.7446839 0.7532420 0.7601124 0.7658256 0.7704076 0.7730908 0.7744985 0.7745656 0.7707319 0.7689815 0.7662682 0.7638426 0.7626739 0.7627205 0.7643832 0.7672077 0.7674730 0.7674559 0.7686869 0.7725668 0.7777563 0.7868013 0.7954452
1.855200 1.937337 2.005340 2.092933 2.164855 2.212187 2.249346 2.255319 2.233753 2.202437 2.169284 2.100410 2.064873 2.106363 2.193830 2.316160 2.432434 2.546587 2.644058 2.733838 2.806893 2.875834 2.945384 2.679478 1.406984 0.9437685 0.8629659 0.8024768 0.7596942 0.7406458 0.7388832 0.7385080 0.7426531 0.7491544 0.7562738 0.7593328 0.7615089 0.7633270 0.7641078 0.7647140 0.7647342 0.7634948 0.7618215 0.7598664 0.7593794 0.7606035 0.7624276 0.7650316 0.7681820 0.7710917 0.7741785 0.7784016 0.7814379 0.7841566 0.7907159 0.7959406 0.8012676 0.8072818 0.8146614
1.781853 1.890333 1.975576 2.058957 2.134314 2.205682 2.256172 2.267037 2.254816 2.256972 2.230438 2.163748 2.117178 2.147044 2.235303 2.355045 2.479201 2.576105 2.652760 2.717386 2.781264 2.855714 2.945448 2.459818 1.496860 1.042330 0.9940676 0.9419757 0.8845045 0.8431605 0.8064827 0.7782222 0.7692781 0.7677857 0.7661756 0.7656435 0.7643778 0.7614806 0.7577989 0.7544707 0.7490790 0.7473018 0.7465352 0.7481062 0.7492608 0.7538980 0.7597871 0.7649501 0.7715314 0.7777258 0.7837190 0.7902912 0.7966707 0.8035024 0.8122904 0.8203222 0.8254411 0.8294571 0.8330450
1.636811 1.771914 1.890769 1.996167 2.101027 2.192092 2.255334 2.264892 2.272544 2.289536 2.252916 2.203436 2.165831 2.174789 2.248160 2.337704 2.448415 2.548471 2.608515 2.661187 2.715946 2.776945 2.870435 2.508704 1.603760 1.198448 1.075402 1.039817 0.9916382 0.9513380 0.8929561 0.8392582 0.7870236 0.7553573 0.7417792 0.7367087 0.7344726 0.7284824 0.7273238 0.7249755 0.7192342 0.7201447 0.7224533 0.7242624 0.7257593 0.7316142 0.7393518 0.7444659 0.7533753 0.7628798 0.7709349 0.7798720 0.7902171 0.8011758 0.8107814 0.8194642 0.8256009 0.8289809 0.8314570
1.459624 1.619830 1.797119 1.943424 2.074605 2.196760 2.272258 2.299716 2.323765 2.330001 2.287391 2.240244 2.201581 2.203259 2.236682 2.307063 2.395636 2.471828 2.532224 2.584922 2.634276 2.668412 2.636543 2.306011 1.747866 1.362751 1.167551 1.070927 1.044868 1.008486 0.9699342 0.9133844 0.8413040 0.7694279 0.7136011 0.6844430 0.6661392 0.6590179 0.6589570 0.6627171 0.6589209 0.6651406 0.6724057 0.6714660 0.6778699 0.6854276 0.6939563 0.6962350 0.7057975 0.7162594 0.7253532 0.7330388 0.7445238 0.7543172 0.7595493 0.7701432 0.7797483 0.7850748 0.7843250
1.276553 1.468851 1.679355 1.869762 2.049556 2.208853 2.311149 2.365158 2.381929 2.380398 2.343606 2.295658 2.269697 2.239306 2.244263 2.284639 2.349512 2.418732 2.476267 2.526665 2.560260 2.569687 2.483032 2.115171 1.745595 1.584691 1.291751 1.071778 1.036771 1.015499 0.9940155 0.9607365 0.9109597 0.8566028 0.7755340 0.6949035 0.6368622 0.5996487 0.5862563 0.5821764 0.5839838 0.5921253 0.6012447 0.6010277 0.6072633 0.6141320 0.6152508 0.6204038 0.6294856 0.6397041 0.6435534 0.6520941 0.6621527 0.6619921 0.6667069 0.6765227 0.6876979 0.6882378 0.6973050
