simulation_files/asc_files/Depth____77.0.asc
NCOLS       411
NROWS       131
XLLCENTER    2538020.000000
YLLCENTER    1152390.000000
CELLSIZE           1.000
NODATA_VALUE     -9999.0
[rows 0 to 26 of 131, columns 295 to 353 of 411]
-9999.000 -9999.000 -9999.000 -9999.000 -9999.000 -9999.000 -9999.000 -9999.000 -9999.000 -9999.000 -9999.000 -9999.000 -9999.000 -9999.000 -9999.000 -9999.000 -9999.000 -9999.000 -9999.000 -9999.000 -9999.000 -9999.000 -9999.000 -9999.000 -9999.000 -9999.000 -9999.000 -9999.000 -9999.000 -9999.000 -9999.000 -9999.000 -9999.000 -9999.000 -9999.000 -9999.000 -9999.000 -9999.000 -9999.000 -9999.000 -9999.000 -9999.000 -9999.000 -9999.000 -9999.000 -9999.000 -9999.000 -9999.000 -9999.000 -9999.000 -9999.000 -9999.000 -9999.000 -9999.000 -9999.000 -9999.000 -9999.000 -9999.000 -9999.000
-9999.000 -9999.000 -9999.000 -9999.000 -9999.000 -9999.000 -9999.000 -9999.000 -9999.000 -9999.000 -9999.000 -9999.000 -9999.000 -9999.000 -9999.000 -9999.000 -9999.000 -9999.000 -9999.000 -9999.000 -9999.000 -9999.000 -9999.000 -9999.000 -9999.000 -9999.000 -9999.000 -9999.000 -9999.000 -9999.000 -9999.000 -9999.000 -9999.000 -9999.000 -9999.000 -9999.000 -9999.000 -9999.000 -9999.000 -9999.000 -9999.000 -9999.000 -9999.000 -9999.000 -9999.000 -9999.000 -9999.000 -9999.000 -9999.000 -9999.000 -9999.000 -9999.000 -9999.000 -9999.000 -9999.000 -9999.000 -9999.000 -9999.000 -9999.000
-9999.000 -9999.000 -9999.000 -9999.000 -9999.000 -9999.000 -9999.000 -9999.000 -9999.000 -9999.000 -9999.000 -9999.000 -9999.000 -9999.000 -9999.000 -9999.000 -9999.000 -9999.000 -9999.000 -9999.000 -9999.000 -9999.000 -9999.000 -9999.000 -9999.000 -9999.000 -9999.000 -9999.000 -9999.000 -9999.000 -9999.000 -9999.000 -9999.000 -9999.000 -9999.000 -9999.000 -9999.000 -9999.000 -9999.000 -9999.000 -9999.000 -9999.000 -9999.000 -9999.000 -9999.000 -9999.000 -9999.000 -9999.000 -9999.000 -9999.000 -9999.000 -9999.000 -9999.000 -9999.000 -9999.000 -9999.000 -9999.000 -9999.000 -9999.000
-9999.000 -9999.000 -9999.000 -9999.000 -9999.000 -9999.000 -9999.000 -9999.000 -9999.000 -9999.000 -9999.000 -9999.000 -9999.000 -9999.000 -9999.000 -9999.000 -9999.000 -9999.000 -9999.000 -9999.000 -9999.000 -9999.000 -9999.000 -9999.000 -9999.000 -9999.000 -9999.000 -9999.000 -9999.000 -9999.000 -9999.000 -9999.000 -9999.000 -9999.000 -9999.000 -9999.000 -9999.000 -9999.000 -9999.000 -9999.000 -9999.000 -9999.000 -9999.000 -9999.000 -9999.000 -9999.000 -9999.000 -9999.000 -9999.000 -9999.000 -9999.000 -9999.000 -9999.000 -9999.000 -9999.000 -9999.000 -9999.000 -9999.000 -9999.000
-9999.000 -9999.000 -9999.000 -9999.000 -9999.000 -9999.000 -9999.000 -9999.000 -9999.000 -9999.000 -9999.000 -9999.000 -9999.000 -9999.000 -9999.000 -9999.000 -9999.000 -9999.000 -9999.000 -9999.000 -9999.000 -9999.000 -9999.000 -9999.000 -9999.000 -9999.000 -9999.000 -9999.000 -9999.000 -9999.000 -9999.000 -9999.000 -9999.000 -9999.000 -9999.000 -9999.000 -9999.000 -9999.000 -9999.000 -9999.000 -9999.000 -9999.000 -9999.000 -9999.000 -9999.000 -9999.000 -9999.000 -9999.000 -9999.000 -9999.000 -9999.000 -9999.000 -9999.000 -9999.000 -9999.000 -9999.000 -9999.000 -9999.000 -9999.000
-9999.000 -9999.000 -9999.000 -9999.000 -9999.000 -9999.000 -9999.000 -9999.000 -9999.000 -9999.000 -9999.000 -9999.000 -9999.000 -9999.000 -9999.000 -9999.000 -9999.000 -9999.000 -9999.000 -9999.000 -9999.000 -9999.000 -9999.000 -9999.000 -9999.000 -9999.000 -9999.000 -9999.000 -9999.000 -9999.000 -9999.000 -9999.000 -9999.000 -9999.000 -9999.000 -9999.000 -9999.000 -9999.000 -9999.000 -9999.000 -9999.000 -9999.000 -9999.000 -9999.000 -9999.000 -9999.000 -9999.000 -9999.000 -9999.000 -9999.000 -9999.000 -9999.000 -9999.000 -9999.000 -9999.000 -9999.000 -9999.000 -9999.000 -9999.000
-9999.000 -9999.000 -9999.000 -9999.000 -9999.000 -9999.000 -9999.000 -9999.000 -9999.000 -9999.000 -9999.000 -9999.000 -9999.000 -9999.000 -9999.000 -9999.000 -9999.000 -9999.000 -9999.000 -9999.000 -9999.000 -9999.000 -9999.000 -9999.000 -9999.000 -9999.000 -9999.000 -9999.000 -9999.000 -9999.000 -9999.000 -9999.000 -9999.000 -9999.000 -9999.000 -9999.000 -9999.000 -9999.000 -9999.000 -9999.000 -9999.000 -9999.000 -9999.000 -9999.000 -9999.000 -9999.000 -9999.000 -9999.000 -9999.000 -9999.000 -9999.000 -9999.000 -9999.000 -9999.000 -9999.000 -9999.000 -9999.000 -9999.000 -9999.000
-9999.000 -9999.000 -9999.000 -9999.000 -9999.000 -9999.000 -9999.000 -9999.000 -9999.000 -9999.000 -9999.000 -9999.000 -9999.000 -9999.000 -9999.000 -9999.000 -9999.000 -9999.000 -9999.000 -9999.000 -9999.000 -9999.000 -9999.000 -9999.000 -9999.000 -9999.000 -9999.000 -9999.000 -9999.000 -9999.000 -9999.000 -9999.000 -9999.000 -9999.000 -9999.000 -9999.000 -9999.000 -9999.000 -9999.000 -9999.000 -9999.000 -9999.000 -9999.000 -9999.000 -9999.000 -9999.000 -9999.000 -9999.000 -9999.000 -9999.000 -9999.000 -9999.000 -9999.000 -9999.000 -9999.000 -9999.000 -9999.000 -9999.000 -9999.000
-9999.000 -9999.000 -9999.000 -9999.000 -9999.000 -9999.000 -9999.000 -9999.000 -9999.000 -9999.000 0.1476535E-01 0.2391130E-01 0.3631068E-01 0.4894118E-01 0.6184619E-01 0.7461526E-01 -9999.000 -9999.000 -9999.000 -9999.000 -9999.000 -9999.000 -9999.000 -9999.000 -9999.000 -9999.000 -9999.000 -9999.000 -9999.000 -9999.000 -9999.000 -9999.000 -9999.000 -9999.000 -9999.000 -9999.000 -9999.000 -9999.000 -9999.000 -9999.000 -9999.000 -9999.000 -9999.000 -9999.000 -9999.000 -9999.000 -9999.000 -9999.000 -9999.000 -9999.000 -9999.000 -9999.000 -9999.000 -9999.000 -9999.000 -9999.000 -9999.000 -9999.000 -9999.000
-9999.000 -9999.000 -9999.000 -9999.000 -9999.000 -9999.000 -9999.000 -9999.000 -9999.000 -9999.000 0.3096729E-01 0.4377260E-01 0.5979927E-01 0.7047083E-01 0.7476594E-01 0.9206355E-01 0.9816055E-01 0.1058855 0.1113820 0.1218190 0.1301508 -9999.000 -9999.000 -9999.000 -9999.000 -9999.000 -9999.000 -9999.000 -9999.000 -9999.000 -9999.000 -9999.000 -9999.000 -9999.000 -9999.000 -9999.000 -9999.000 -9999.000 -9999.000 -9999.000 -9999.000 -9999.000 -9999.000 -9999.000 -9999.000 -9999.000 -9999.000 -9999.000 -9999.000 -9999.000 -9999.000 -9999.000 -9999.000 -9999.000 -9999.000 -9999.000 -9999.000 -9999.000 -9999.000
-9999.000 -9999.000 0.8641531E-01 0.1138855 0.1422103 0.1699121 0.1940310 0.1913935 0.1757204 0.1697726 0.1367281 0.1312664 0.1321311 0.1472372 0.1440552 0.1429687 0.1565653 0.1544811 0.1581107 0.1664135 0.1738746 0.1798736 0.1887266 0.2195134 0.2376397 0.2715940 0.2851343 0.2833067 0.2861624 0.2990207 0.3208860 0.3433249 0.3629716 0.3856613 0.4005435 0.3924104 0.3861633 0.3833796 0.3796532 0.3764147 0.3749186 0.3767343 0.3783784 0.3778230 0.3732483 0.3667847 0.3611594 0.3569119 0.3523907 0.3461550 0.3349545 0.3216365 0.3081904 0.2951638 0.2827828 0.2680301 0.2476343 0.2192885 0.1771124
0.1707891 0.1732697 0.2147717 0.2448696 0.2670462 0.2981483 0.3020641 0.2955257 0.2881996 0.3067232 0.3079936 0.2997035 0.2973416 0.2997132 0.2908424 0.2782370 0.2737734 0.2749280 0.2698130 0.2726156 0.2798400 0.2828804 0.2865912 0.2947394 0.3084034 0.3213665 0.3372332 0.3440429 0.3415903 0.3475921 0.3667909 0.3878574 0.3963708 0.3993319 0.4025495 0.4033506 0.3987338 0.3955577 0.3938509 0.3917539 0.3893679 0.3884657 0.3872840 0.3848216 0.3804193 0.3744809 0.3684772 0.3621519 0.3546877 0.3442270 0.3305454 0.3163782 0.3017391 0.2871115 0.2726770 0.2603363 0.2442164 0.2249408 0.2158997
0.4052758 0.4066753 0.4226898 0.4242737 0.4253413 0.4305851 0.4221335 0.4164472 0.4203894 0.4274048 0.4279914 0.4325559 0.4316021 0.4252558 0.4183439 0.4182194 0.4125738 0.4087081 0.4053036 0.4175154 0.4238264 0.4248817 0.4251135 0.4349595 0.4398735 0.4429244 0.4503986 0.4540054 0.4504031 0.4507874 0.4634338 0.4600518 0.4522867 0.4415566 0.4393720 0.4358417 0.4302123 0.4309954 0.4307735 0.4291213 0.4267132 0.4266645 0.4214693 0.4147414 0.4097132 0.4059942 0.3975839 0.3871413 0.3758286 0.3609492 0.3459837 0.3331570 0.3239353 0.3125881 0.3061530 0.3040898 0.2993627 0.2935145 0.2884581
0.5756843 0.5822111 0.5677543 0.5464263 0.5230679 0.5119876 0.4984238 0.4907549 0.4935604 0.4920297 0.4933193 0.5002832 0.4998591 0.4971194 0.4951785 0.5003542 0.5002842 0.5014822 0.5028991 0.5065326 0.5127476 0.5150301 0.5207177 0.5293849 0.5328015 0.5344827 0.5382984 0.5422525 0.5392521 0.5365511 0.5288381 0.5137535 0.4995808 0.4913986 0.4858624 0.4796773 0.4753638 0.4791832 0.4790870 0.4772213 0.4769074 0.4704666 0.4604444 0.4505521 0.4439848 0.4353980 0.4257592 0.4175555 0.4078750 0.3966168 0.3859875 0.3839742 0.3776857 0.3722836 0.3732561 0.3766085 0.3769118 0.3784565 0.3888319
0.6710521 0.6671107 0.6497919 0.6281683 0.6074164 0.5873888 0.5683887 0.5542603 0.5504167 0.5439921 0.5386835 0.5388163 0.5365934 0.5345019 0.5374693 0.5401495 0.5438300 0.5467046 0.5487661 0.5531640 0.5559792 0.5601127 0.5676632 0.5747322 0.5803153 0.5844751 0.5891524 0.5875883 0.5829422 0.5759238 0.5668797 0.5541060 0.5415685 0.5346963 0.5262096 0.5200453 0.5163294 0.5171524 0.5149165 0.5109644 0.5064680 0.4983448 0.4895484 0.4815988 0.4752711 0.4668088 0.4594047 0.4557936 0.4539001 0.4490718 0.4483136 0.4487478 0.4464672 0.4438541 0.4471627 0.4502370 0.4509627 0.4602504 0.4703421
0.7257693 0.7223227 0.7111999 0.7004763 0.6953462 0.6772874 0.6544783 0.6326217 0.6181157 0.5992827 0.5863783 0.5804580 0.5731882 0.5709348 0.5720275 0.5755243 0.5817032 0.5842001 0.5874174 0.5907906 0.5925791 0.5956694 0.6001463 0.6051039 0.6078476 0.6109268 0.6107365 0.6073837 0.6033475 0.6008917 0.5969472 0.5892726 0.5828681 0.5731811 0.5622149 0.5528237 0.5487278 0.5445550 0.5398500 0.5338956 0.5311166 0.5269306 0.5218576 0.5205204 0.5159564 0.5111533 0.5068673 0.5097785 0.5082821 0.5067712 0.5081193 0.5133053 0.5135311 0.5134240 0.5207324 0.5206831 0.5213053 0.5257629 0.5413541
0.7788050 0.7782434 0.7739791 0.7673214 0.7624700 0.7543877 0.7358370 0.7133039 0.6894167 0.6642895 0.6465883 0.6358290 0.6266807 0.6243705 0.6251217 0.6300521 0.6326892 0.6343988 0.6410050 0.6407435 0.6401636 0.6410938 0.6451213 0.6434640 0.6404269 0.6366149 0.6349849 0.6304410 0.6255526 0.6254796 0.6231517 0.6182860 0.6107437 0.6041250 0.5951915 0.5864951 0.5823408 0.5773531 0.5727941 0.5697783 0.5715103 0.5691304 0.5672574 0.5706409 0.5715349 0.5706574 0.5718989 0.5759775 0.5748827 0.5743793 0.5778033 0.5837708 0.5852341 0.5918850 0.5994503 0.6016282 0.6036644 0.6124285 0.6204774
0.7976209 0.7991624 0.7984329 0.7923217 0.7816753 0.7740663 0.7646599 0.7526426 0.7375374 0.7199536 0.7025857 0.6919842 0.6803863 0.6755715 0.6751104 0.6768364 0.6766594 0.6767585 0.6781471 0.6767846 0.6753852 0.6750523 0.6732350 0.6687717 0.6637028 0.6587685 0.6539908 0.6482601 0.6412756 0.6346714 0.6299253 0.6248946 0.6194362 0.6159097 0.6134883 0.6115838 0.6120805 0.6125493 0.6125418 0.6163834 0.6185819 0.6192480 0.6198595 0.6269048 0.6313241 0.6337473 0.6428668 0.6453011 0.6472616 0.6493807 0.6613280 0.6636422 0.6666948 0.6722526 0.6883162 0.6934164 0.6974459 0.7077284 0.7069818
0.7721743 0.7697028 0.7692258 0.7652856 0.7618070 0.7616040 0.7610543 0.7609514 0.7599743 0.7558914 0.7501037 0.7383024 0.7231511 0.7085052 0.6976507 0.6892745 0.6850296 0.6813507 0.6766090 0.6752003 0.6737825 0.6681883 0.6625050 0.6574321 0.6522614 0.6412639 0.6357341 0.6302627 0.6240559 0.6152795 0.6124542 0.6108441 0.6101468 0.6125513 0.6160343 0.6204349 0.6248504 0.6288131 0.6328985 0.6376631 0.6429085 0.6476118 0.6536972 0.6617358 0.6684728 0.6748708 0.6839467 0.6934054 0.7005062 0.7093847 0.7183012 0.7255756 0.7328221 0.7433504 0.7534899 0.7603062 0.7672125 0.7749618 0.7772660
0.7161074 0.7183137 0.7228004 0.7276448 0.7313331 0.7385446 0.7451669 0.7505406 0.7568690 0.7615719 0.7633928 0.7598781 0.7494293 0.7331554 0.7125098 0.6905562 0.6729240 0.6592943 0.6491075 0.6420266 0.6349258 0.6251673 0.6168381 0.6117754 0.6044635 0.5964620 0.5928770 0.5904984 0.5859236 0.5852728 0.5877038 0.5904594 0.5933225 0.5982992 0.6039660 0.6083921 0.6139105 0.6192529 0.6245443 0.6289669 0.6358785 0.6436175 0.6514998 0.6619667 0.6725037 0.6835734 0.6941858 0.7059803 0.7174736 0.7283016 0.7395201 0.7504115 0.7609032 0.7702343 0.7792249 0.7870291 0.7947341 0.8033545 0.8100187
0.6741968 0.6807702 0.6892127 0.6961473 0.7050274 0.7148579 0.7241853 0.7315541 0.7404397 0.7477270 0.7514586 0.7539902 0.7530736 0.7484267 0.7324804 0.7067508 0.6772773 0.6503053 0.6224085 0.6020308 0.5883420 0.5761160 0.5694583 0.5647531 0.5607372 0.5555391 0.5554747 0.5570457 0.5576498 0.5613695 0.5661262 0.5701315 0.5737865 0.5790431 0.5837570 0.5886858 0.5951935 0.6014270 0.6067250 0.6125915 0.6203278 0.6289055 0.6376723 0.6473728 0.6584683 0.6688966 0.6802799 0.6933230 0.7068549 0.7184029 0.7309669 0.7437666 0.7550099 0.7649629 0.7757000 0.7859149 0.7949972 0.8043998 0.8131180
0.6626191 0.6696362 0.6772001 0.6849514 0.6933812 0.7021022 0.7102865 0.7175872 0.7252571 0.7313843 0.7358164 0.7391388 0.7401741 0.7388876 0.7330577 0.7200128 0.6992760 0.6708443 0.6371670 0.6036238 0.5800953 0.5613490 0.5495263 0.5434715 0.5401562 0.5390263 0.5404434 0.5435215 0.5455557 0.5490372 0.5535485 0.5562250 0.5615996 0.5671078 0.5724520 0.5775113 0.5842787 0.5905732 0.5981569 0.6045093 0.6111186 0.6185229 0.6264505 0.6346585 0.6431656 0.6523219 0.6625919 0.6740981 0.6859350 0.6967331 0.7094692 0.7223656 0.7345377 0.7460252 0.7586452 0.7696639 0.7799942 0.7910671 0.8010970
0.6730338 0.6777679 0.6838878 0.6905317 0.6963276 0.7024087 0.7086913 0.7146806 0.7203658 0.7246761 0.7268699 0.7291665 0.7299750 0.7275172 0.7246858 0.7195891 0.7129516 0.7038799 0.6857681 0.6593459 0.6358786 0.6077660 0.5827520 0.5674449 0.5595865 0.5536249 0.5514890 0.5521394 0.5537666 0.5559005 0.5596899 0.5640009 0.5686995 0.5739568 0.5809655 0.5882219 0.5944024 0.6013616 0.6089219 0.6145322 0.6199604 0.6267197 0.6325624 0.6380899 0.6443454 0.6523109 0.6606888 0.6692372 0.6776795 0.6861185 0.6951363 0.7054638 0.7163480 0.7284435 0.7410422 0.7531883 0.7634407 0.7744236 0.7850733
0.6862215 0.6879508 0.6910327 0.6943156 0.6972513 0.7007370 0.7034743 0.7076199 0.7114871 0.7129693 0.7133952 0.7158144 0.7180897 0.7206325 0.7234737 0.7259171 0.7296486 0.7324636 0.7330601 0.7290762 0.7231314 0.7035923 0.6719418 0.6486861 0.6237750 0.6032948 0.5909448 0.5878955 0.5846245 0.5826038 0.5823438 0.5878957 0.5920833 0.5960213 0.6041812 0.6103823 0.6163753 0.6223810 0.6313171 0.6367365 0.6418474 0.6502630 0.6550746 0.6602468 0.6656784 0.6736686 0.6778419 0.6826251 0.6887293 0.6951813 0.7018103 0.7094707 0.7180183 0.7276232 0.7381254 0.7492546 0.7598479 0.7699826 0.7797488
0.6848787 0.6860460 0.6828171 0.6825739 0.6838472 0.6855409 0.6828202 0.6840021 0.6863516 0.6854426 0.6907356 0.6983762 0.7064712 0.7133097 0.7221445 0.7306982 0.7399297 0.7493472 0.7574770 0.7649742 0.7738675 0.7735730 0.7615162 0.7418726 0.7188444 0.6844409 0.6581133 0.6432384 0.6302976 0.6233259 0.6214808 0.6225199 0.6224257 0.6239175 0.6300435 0.6354007 0.6409990 0.6486275 0.6561615 0.6622952 0.6680879 0.6767059 0.6830410 0.6885862 0.6959289 0.7012384 0.7031293 0.7051830 0.7102411 0.7143879 0.7193470 0.7254890 0.7302724 0.7359597 0.7431346 0.7509385 0.7585978 0.7661301 0.7736805
0.6414688 0.6410488 0.6364965 0.6377303 0.6391831 0.6371589 0.6346339 0.6378172 0.6420773 0.6423085 0.6516863 0.6639182 0.6737618 0.6850205 0.6996175 0.7146346 0.7278456 0.7422134 0.7568165 0.7704461 0.7846418 0.7970005 0.8038054 0.8010139 0.7890729 0.7658269 0.7390381 0.7093115 0.6814292 0.6632971 0.6562823 0.6509249 0.6480881 0.6471303 0.6502684 0.6538053 0.6586073 0.6657730 0.6722271 0.6786370 0.6854366 0.6932432 0.6996793 0.7057419 0.7118484 0.7189496 0.7229749 0.7250085 0.7270379 0.7295709 0.7321425 0.7344895 0.7357803 0.7380696 0.7405726 0.7433274 0.7474858 0.7518410 0.7548271
0.5617967 0.5603536 0.5600136 0.5638202 0.5672339 0.5607515 0.5649316 0.5702640 0.5767673 0.5773353 0.5886873 0.6011585 0.6086552 0.6250905 0.6430900 0.6605430 0.6743698 0.6938328 0.7122242 0.7273093 0.7387933 0.7586819 0.7757908 0.7881880 0.7981273 0.7990634 0.7895476 0.7681535 0.7320018 0.6974308 0.6717444 0.6578149 0.6534556 0.6524969 0.6534569 0.6556139 0.6592035 0.6631529 0.6682440 0.6736896 0.6787029 0.6839319 0.6896037 0.6954123 0.6973430 0.7033447 0.7098842 0.7116015 0.7140500 0.7169514 0.7188079 0.7152476 0.7156504 0.7162421 0.7145300 0.7131560 0.7150163 0.7172013 0.7151498
