simulation_files/asc_files/Depth____85.0.asc
NCOLS       411
NROWS       131
XLLCENTER    2538020.000000
YLLCENTER    1152390.000000
CELLSIZE           1.000
NODATA_VALUE     -9999.0
[rows 0 to 26 of 131, columns 295 to 353 of 411]
-9999.000 -9999.000 -9999.000 -9999.000 -9999.000 -9999.000 -9999.000 -9999.000 -9999.000 -9999.000 -9999.000 -9999.000 -9999.000 -9999.000 -9999.000 -9999.000 -9999.000 -9999.000 -9999.000 -9999.000 -9999.000 -9999.000 -9999.000 -9999.000 -9999.000 -9999.000 -9999.000 -9999.000 -9999.000 -9999.000 -9999.000 -9999.000 -9999.000 -9999.000 -9999.000 -9999.000 -9999.000 -9999.000 -9999.000 -9999.000 -9999.000 -9999.000 -9999.000 -9999.000 -9999.000 -9999.000 -9999.000 -9999.000 -9999.000 -9999.000 -9999.000 -9999.000 -9999.000 -9999.000 -9999.000 -9999.000 -9999.000 -9999.000 -9999.000
-9999.000 -9999.000 -9999.000 -9999.000 -9999.000 -9999.000 -9999.000 -9999.000 -9999.000 -9999.000 -9999.000 -9999.000 -9999.000 -9999.000 -9999.000 -9999.000 -9999.000 -9999.000 -9999.000 -9999.000 -9999.000 -9999.000 -9999.000 -9999.000 -9999.000 -9999.000 -9999.000 -9999.000 -9999.000 -9999.000 -9999.000 -9999.000 -9999.000 -9999.000 -9999.000 -9999.000 -9999.000 -9999.000 -9999.000 -9999.000 -9999.000 -9999.000 -9999.000 -9999.000 -9999.000 -9999.000 -9999.000 -9999.000 -9999.000 -9999.000 -9999.000 -9999.000 -9999.000 -9999.000 -9999.000 -9999.000 -9999.000 -9999.000 -9999.000
-9999.000 -9999.000 -9999.000 -9999.000 -9999.000 -9999.000 -9999.000 -9999.000 -9999.000 -9999.000 -9999.000 -9999.000 -9999.000 -9999.000 -9999.000 -9999.000 -9999.000 -9999.000 -9999.000 -9999.000 -9999.000 -9999.000 -9999.000 -9999.000 -9999.000 -9999.000 -9999.000 -9999.000 -9999.000 -9999.000 -9999.000 -9999.000 -9999.000 -9999.000 -9999.000 -9999.000 -9999.000 -9999.000 -9999.000 -9999.000 -9999.000 -9999.000 -9999.000 -9999.000 -9999.000 -9999.000 -9999.000 -9999.000 -9999.000 -9999.000 -9999.000 -9999.000 -9999.000 -9999.000 -9999.000 -9999.000 -9999.000 -9999.000 -9999.000
-9999.000 -9999.000 -9999.000 -9999.000 -9999.000 -9999.000 -9999.000 -9999.000 -9999.000 -9999.000 -9999.000 -9999.000 -9999.000 -9999.000 -9999.000 -9999.000 -9999.000 -9999.000 -9999.000 -9999.000 -9999.000 -9999.000 -9999.000 -9999.000 -9999.000 -9999.000 -9999.000 -9999.000 -9999.000 -9999.000 -9999.000 -9999.000 -9999.000 -9999.000 -9999.000 -9999.000 -9999.000 -9999.000 -9999.000 -9999.000 -9999.000 -9999.000 -9999.000 -9999.000 -9999.000 -9999.000 -9999.000 -9999.000 -9999.000 -9999.000 -9999.000 -9999.000 -9999.000 -9999.000 -9999.000 -9999.000 -9999.000 -9999.000 -9999.000
-9999.000 -9999.000 -9999.000 -9999.000 -9999.000 -9999.000 -9999.000 -9999.000 -9999.000 -9999.000 -9999.000 -9999.000 -9999.000 -9999.000 -9999.000 -9999.000 -9999.000 -9999.000 -9999.000 -9999.000 -9999.000 -9999.000 -9999.000 -9999.000 -9999.000 -9999.000 -9999.000 -9999.000 -9999.000 -9999.000 -9999.000 -9999.000 -9999.000 -9999.000 -9999.000 -9999.000 -9999.000 -9999.000 -9999.000 -9999.000 -9999.000 -9999.000 -9999.000 -9999.000 -9999.000 -9999.000 -9999.000 -9999.000 -9999.000 -9999.000 -9999.000 -9999.000 -9999.000 -9999.000 -9999.000 -9999.000 -9999.000 -9999.000 -9999.000
-9999.000 -9999.000 -9999.000 -9999.000 -9999.000 -9999.000 -9999.000 -9999.000 -9999.000 -9999.000 -9999.000 -9999.000 -9999.000 -9999.000 -9999.000 -9999.000 -9999.000 -9999.000 -9999.000 -9999.000 -9999.000 -9999.000 -9999.000 -9999.000 -9999.000 -9999.000 -9999.000 -9999.000 -9999.000 -9999.000 -9999.000 -9999.000 -9999.000 -9999.000 -9999.000 -9999.000 -9999.000 -9999.000 -9999.000 -9999.000 -9999.000 -9999.000 -9999.000 -9999.000 -9999.000 -9999.000 -9999.000 -9999.000 -9999.000 -9999.000 -9999.000 -9999.000 -9999.000 -9999.000 -9999.000 -9999.000 -9999.000 -9999.000 -9999.000
-9999.000 -9999.000 -9999.000 -9999.000 -9999.000 -9999.000 -9999.000 -9999.000 -9999.000 -9999.000 -9999.000 -9999.000 -9999.000 -9999.000 -9999.000 -9999.000 -9999.000 -9999.000 -9999.000 -9999.000 -9999.000 -9999.000 -9999.000 -9999.000 -9999.000 -9999.000 -9999.000 -9999.000 -9999.000 -9999.000 -9999.000 -9999.000 -9999.000 -9999.000 -9999.000 -9999.000 -9999.000 -9999.000 -9999.000 -9999.000 -9999.000 -9999.000 -9999.000 -9999.000 -9999.000 -9999.000 -9999.000 -9999.000 -9999.000 -9999.000 -9999.000 -9999.000 -9999.000 -9999.000 -9999.000 -9999.000 -9999.000 -9999.000 -9999.000
-9999.000 -9999.000 -9999.000 -9999.000 -9999.000 -9999.000 -9999.000 -9999.000 -9999.000 -9999.000 0.2088636E-01 -9999.000 -9999.000 -9999.000 -9999.000 -9999.000 -9999.000 -9999.000 -9999.000 -9999.000 -9999.000 -9999.000 -9999.000 -9999.000 -9999.000 -9999.000 -9999.000 -9999.000 -9999.000 -9999.000 -9999.000 -9999.000 -9999.000 -9999.000 -9999.000 -9999.000 -9999.000 -9999.000 -9999.000 -9999.000 -9999.000 -9999.000 -9999.000 -9999.000 -9999.000 -9999.000 -9999.000 -9999.000 -9999.000 -9999.000 -9999.000 -9999.000 -9999.000 -9999.000 -9999.000 -9999.000 -9999.000 -9999.000 -9999.000
-9999.000 -9999.000 -9999.000 -9999.000 -9999.000 -9999.000 -9999.000 -9999.000 -9999.000 0.1336762E-01 0.2488673E-01 0.3564209E-01 0.4983989E-01 0.6512388E-01 0.7691762E-01 0.8947650E-01 -9999.000 -9999.000 -9999.000 -9999.000 -9999.000 -9999.000 -9999.000 -9999.000 -9999.000 -9999.000 -9999.000 -9999.000 -9999.000 -9999.000 -9999.000 -9999.000 -9999.000 -9999.000 -9999.000 -9999.000 -9999.000 -9999.000 -9999.000 -9999.000 -9999.000 -9999.000 -9999.000 -9999.000 -9999.000 -9999.000 -9999.000 -9999.000 -9999.000 -9999.000 -9999.000 -9999.000 -9999.000 -9999.000 -9999.000 -9999.000 -9999.000 -9999.000 -9999.000
-9999.000 -9999.000 -9999.000 -9999.000 -9999.000 -9999.000 -9999.000 0.1630404E-01 -9999.000 0.2743878E-01 0.4949562E-01 0.6284466E-01 0.7694793E-01 0.8937503E-01 0.9255819E-01 0.1105319 0.1154484 0.1219909 0.1265594 0.1367061 0.1470338 -9999.000 -9999.000 -9999.000 -9999.000 -9999.000 -9999.000 -9999.000 -9999.000 -9999.000 -9999.000 -9999.000 -9999.000 -9999.000 -9999.000 -9999.000 -9999.000 -9999.000 -9999.000 -9999.000 -9999.000 -9999.000 -9999.000 -9999.000 -9999.000 -9999.000 -9999.000 -9999.000 -9999.000 -9999.000 -9999.000 -9999.000 -9999.000 -9999.000 -9999.000 -9999.000 -9999.000 -9999.000 -9999.000
-9999.000 -9999.000 0.1062552 0.1329469 0.1305293 0.1254460 0.1583262 0.1477659 0.1615290 0.1727451 0.1738568 0.1643321 0.1588799 0.1717019 0.1672285 0.1649847 0.1779479 0.1756478 0.1786035 0.1871442 0.1948574 0.2004071 0.2094462 0.2425248 0.2632745 0.3023090 0.3176016 0.3155141 0.3177332 0.3299623 0.3503992 0.3723513 0.3910636 0.4134263 0.4279848 0.4207256 0.4156707 0.4140205 0.4116452 0.4096547 0.4093229 0.4120291 0.4134025 0.4126044 0.4079609 0.4016116 0.3959624 0.3914497 0.3871152 0.3812537 0.3706272 0.3580943 0.3445466 0.3290995 0.3119225 0.2910545 0.2652809 0.2354088 0.1945155
0.1863783 0.1922887 0.2369034 0.2744994 0.3073289 0.3439532 0.3480847 0.3497538 0.3504468 0.3635315 0.3478884 0.3267658 0.3219522 0.3240656 0.3144285 0.3015562 0.2974565 0.2991425 0.2940433 0.2970269 0.3053970 0.3089267 0.3133961 0.3224963 0.3373087 0.3520790 0.3688856 0.3749254 0.3723423 0.3783306 0.3967783 0.4174911 0.4255728 0.4283312 0.4317065 0.4334172 0.4296150 0.4271624 0.4262097 0.4247502 0.4229902 0.4226871 0.4216353 0.4192424 0.4150218 0.4094979 0.4038111 0.3977308 0.3907939 0.3803206 0.3659160 0.3507040 0.3346389 0.3172685 0.2991997 0.2831417 0.2645054 0.2444128 0.2365857
0.4166532 0.4244321 0.4482029 0.4595611 0.4707214 0.4808523 0.4744724 0.4675460 0.4644949 0.4600296 0.4532675 0.4541495 0.4538338 0.4484928 0.4416495 0.4413913 0.4367498 0.4342560 0.4313337 0.4445454 0.4528602 0.4555238 0.4569591 0.4676425 0.4729187 0.4746533 0.4812955 0.4843251 0.4805870 0.4815409 0.4939477 0.4908813 0.4834416 0.4728699 0.4712088 0.4680814 0.4627354 0.4636780 0.4634217 0.4618358 0.4595246 0.4598401 0.4553519 0.4492089 0.4440047 0.4398374 0.4313053 0.4205818 0.4083323 0.3927428 0.3765991 0.3624096 0.3515678 0.3390026 0.3316427 0.3292001 0.3241411 0.3180882 0.3142858
0.5912893 0.6045685 0.5961086 0.5811151 0.5633241 0.5517997 0.5361289 0.5229055 0.5177980 0.5121396 0.5129431 0.5211423 0.5221248 0.5205469 0.5199371 0.5265951 0.5277803 0.5305612 0.5333378 0.5373271 0.5447213 0.5475936 0.5535784 0.5623174 0.5655351 0.5666806 0.5696821 0.5739380 0.5704012 0.5684484 0.5604123 0.5458047 0.5325316 0.5248925 0.5197451 0.5135736 0.5090980 0.5127470 0.5123070 0.5099649 0.5098337 0.5031856 0.4929327 0.4828389 0.4749960 0.4649788 0.4537725 0.4442742 0.4337170 0.4219293 0.4112574 0.4091637 0.4021646 0.3970619 0.3989092 0.4037215 0.4053596 0.4080204 0.4203840
0.6983668 0.6926287 0.6721035 0.6442679 0.6211177 0.6020831 0.5852811 0.5725041 0.5690238 0.5640115 0.5603316 0.5619445 0.5610029 0.5603135 0.5653907 0.5697418 0.5739914 0.5775241 0.5799771 0.5852649 0.5882137 0.5924697 0.5998608 0.6065671 0.6116692 0.6155910 0.6203984 0.6186828 0.6146840 0.6084764 0.5998792 0.5873465 0.5756302 0.5692731 0.5610024 0.5547937 0.5508429 0.5514376 0.5489916 0.5445340 0.5389071 0.5297204 0.5187095 0.5094822 0.5028808 0.4942123 0.4863581 0.4821279 0.4798741 0.4749491 0.4740862 0.4748614 0.4721603 0.4701767 0.4744260 0.4789092 0.4809323 0.4916846 0.5028754
0.7573725 0.7468248 0.7270948 0.7067959 0.6927712 0.6711793 0.6523851 0.6389607 0.6315689 0.6192983 0.6109852 0.6074054 0.6013447 0.5999118 0.6022956 0.6064209 0.6129379 0.6157466 0.6189881 0.6227551 0.6242369 0.6267861 0.6308278 0.6348764 0.6375402 0.6411131 0.6412717 0.6384685 0.6355210 0.6338923 0.6305453 0.6232904 0.6172725 0.6078023 0.5969121 0.5874145 0.5829391 0.5783594 0.5733550 0.5665467 0.5625254 0.5571823 0.5507578 0.5486746 0.5439096 0.5390280 0.5348662 0.5378353 0.5361247 0.5346493 0.5360623 0.5413931 0.5418066 0.5410813 0.5489669 0.5491182 0.5501972 0.5554273 0.5718868
0.8052866 0.7985672 0.7871699 0.7742264 0.7641845 0.7500476 0.7284066 0.7101495 0.6929827 0.6755611 0.6650344 0.6598042 0.6546065 0.6540336 0.6558588 0.6612000 0.6639121 0.6658663 0.6721251 0.6714122 0.6702494 0.6706032 0.6740511 0.6716987 0.6685406 0.6659545 0.6650455 0.6613427 0.6575132 0.6581155 0.6562104 0.6516592 0.6443462 0.6375405 0.6285430 0.6195476 0.6150396 0.6098016 0.6048862 0.6012643 0.6024722 0.5995228 0.5976517 0.6010666 0.6016902 0.6003601 0.6013910 0.6054626 0.6039964 0.6034104 0.6071952 0.6135445 0.6150980 0.6210930 0.6282010 0.6298875 0.6316610 0.6403493 0.6482260
0.8208290 0.8181560 0.8132043 0.8052882 0.7952505 0.7849499 0.7694253 0.7550288 0.7394155 0.7238931 0.7114926 0.7064283 0.7017150 0.7017937 0.7040254 0.7063833 0.7062983 0.7064641 0.7074840 0.7057763 0.7038443 0.7029171 0.7008831 0.6965204 0.6918010 0.6876200 0.6835460 0.6785524 0.6721087 0.6658735 0.6615402 0.6568214 0.6513778 0.6478681 0.6453051 0.6430224 0.6432173 0.6437759 0.6437247 0.6477650 0.6496093 0.6500072 0.6507517 0.6590523 0.6631776 0.6652867 0.6742523 0.6764200 0.6777317 0.6798265 0.6920123 0.6945305 0.6978467 0.7029147 0.7180295 0.7225873 0.7263663 0.7366008 0.7340429
0.7978469 0.7943057 0.7930439 0.7889660 0.7851532 0.7834245 0.7803254 0.7766461 0.7712445 0.7623722 0.7543765 0.7425986 0.7312908 0.7228580 0.7174581 0.7137194 0.7114711 0.7082090 0.7031899 0.7020463 0.7007118 0.6950713 0.6896015 0.6848571 0.6801440 0.6694170 0.6644441 0.6594737 0.6536450 0.6450334 0.6424528 0.6410970 0.6405153 0.6432541 0.6466880 0.6507622 0.6551642 0.6593821 0.6636051 0.6688423 0.6743504 0.6793807 0.6858303 0.6943843 0.7010270 0.7072094 0.7158924 0.7250823 0.7319950 0.7406834 0.7495162 0.7567684 0.7644071 0.7753039 0.7846901 0.7909017 0.7975759 0.8053021 0.8069295
0.7498852 0.7526606 0.7570969 0.7612585 0.7643288 0.7696265 0.7740255 0.7770421 0.7801830 0.7799930 0.7767284 0.7667735 0.7519019 0.7345906 0.7164902 0.7011169 0.6902990 0.6810547 0.6727270 0.6664359 0.6600783 0.6508175 0.6428098 0.6380546 0.6309800 0.6234235 0.6205490 0.6183228 0.6141113 0.6139551 0.6166559 0.6195902 0.6226934 0.6279758 0.6339169 0.6382438 0.6441295 0.6495799 0.6552586 0.6599930 0.6674916 0.6757350 0.6840133 0.6944661 0.7050871 0.7162079 0.7264576 0.7380044 0.7495726 0.7605727 0.7719980 0.7828761 0.7933367 0.8032563 0.8115862 0.8190056 0.8264285 0.8350116 0.8412373
0.7142595 0.7211834 0.7294354 0.7362834 0.7445794 0.7532029 0.7600772 0.7653140 0.7716370 0.7754012 0.7760937 0.7737050 0.7667995 0.7542815 0.7306204 0.7039906 0.6780977 0.6559758 0.6367187 0.6213383 0.6103968 0.5989373 0.5934844 0.5892500 0.5857269 0.5813390 0.5825273 0.5840711 0.5851521 0.5895592 0.5944819 0.5988666 0.6027570 0.6084235 0.6137239 0.6187882 0.6255125 0.6320710 0.6378460 0.6440919 0.6519439 0.6605453 0.6692942 0.6793029 0.6909424 0.7014416 0.7129358 0.7257399 0.7390336 0.7511646 0.7643341 0.7771585 0.7888292 0.7987609 0.8093481 0.8191730 0.8280452 0.8372246 0.8454154
0.7056085 0.7125521 0.7199495 0.7276852 0.7358737 0.7441932 0.7515092 0.7575155 0.7628180 0.7660743 0.7674554 0.7674161 0.7654915 0.7590393 0.7460213 0.7261983 0.6974642 0.6661792 0.6360639 0.6096468 0.5917644 0.5783777 0.5702550 0.5661091 0.5640073 0.5641322 0.5667656 0.5695324 0.5726918 0.5772979 0.5814665 0.5854981 0.5906452 0.5963729 0.6024516 0.6078848 0.6149021 0.6215793 0.6288465 0.6354155 0.6421964 0.6498851 0.6583502 0.6667478 0.6756508 0.6846131 0.6950876 0.7064285 0.7181663 0.7294589 0.7427014 0.7558201 0.7684762 0.7799666 0.7927158 0.8037128 0.8138721 0.8247792 0.8344720
0.7166990 0.7218006 0.7280093 0.7346782 0.7402986 0.7462031 0.7525858 0.7583343 0.7627181 0.7651540 0.7653312 0.7640490 0.7609373 0.7547607 0.7472020 0.7386065 0.7251725 0.7092781 0.6846020 0.6562355 0.6350069 0.6126119 0.5944519 0.5843289 0.5800952 0.5770093 0.5766534 0.5777400 0.5806272 0.5837108 0.5878820 0.5931105 0.5982061 0.6037081 0.6109177 0.6183435 0.6247898 0.6320926 0.6398552 0.6458035 0.6516548 0.6586741 0.6650148 0.6705841 0.6767157 0.6846814 0.6930716 0.7016118 0.7100950 0.7186606 0.7278337 0.7385501 0.7497545 0.7620137 0.7748257 0.7871339 0.7973554 0.8083094 0.8189651
0.7291472 0.7320375 0.7361129 0.7404137 0.7438404 0.7470394 0.7494233 0.7532611 0.7564372 0.7569873 0.7561717 0.7562917 0.7554310 0.7545682 0.7536482 0.7522213 0.7526668 0.7512631 0.7455555 0.7336305 0.7211651 0.6984269 0.6694010 0.6521230 0.6345610 0.6210361 0.6132190 0.6126095 0.6111157 0.6101514 0.6104933 0.6166669 0.6213134 0.6257263 0.6339983 0.6403584 0.6465703 0.6530036 0.6623482 0.6682331 0.6737726 0.6824809 0.6874858 0.6925945 0.6979376 0.7060821 0.7101542 0.7149622 0.7210466 0.7277803 0.7344198 0.7420251 0.7510234 0.7607357 0.7714417 0.7826698 0.7932273 0.8033630 0.8131519
0.7262338 0.7287034 0.7265302 0.7275512 0.7296685 0.7317106 0.7292382 0.7306785 0.7327466 0.7312690 0.7357496 0.7419062 0.7482203 0.7538548 0.7599025 0.7647793 0.7707458 0.7762449 0.7791157 0.7811927 0.7852043 0.7773401 0.7596836 0.7378427 0.7169443 0.6900785 0.6720951 0.6633288 0.6548793 0.6504360 0.6493627 0.6509062 0.6513313 0.6530968 0.6597215 0.6651920 0.6710006 0.6790737 0.6871848 0.6937458 0.7000665 0.7090006 0.7154198 0.7208764 0.7281216 0.7333817 0.7351253 0.7371476 0.7420647 0.7468312 0.7520403 0.7577625 0.7627657 0.7685540 0.7757901 0.7835411 0.7912128 0.7987607 0.8062968
0.6813950 0.6815542 0.6774941 0.6796240 0.6819089 0.6806189 0.6786712 0.6826440 0.6874447 0.6879965 0.6976469 0.7097247 0.7192470 0.7304493 0.7439814 0.7570134 0.7682609 0.7793322 0.7888251 0.7981482 0.8066134 0.8131226 0.8125101 0.8036685 0.7878418 0.7641168 0.7409286 0.7173309 0.6974476 0.6854834 0.6814250 0.6779937 0.6761368 0.6755535 0.6793231 0.6832844 0.6881834 0.6958245 0.7027625 0.7095929 0.7167239 0.7250357 0.7319105 0.7379483 0.7441324 0.7508777 0.7547341 0.7566237 0.7583197 0.7608360 0.7637197 0.7659382 0.7676190 0.7701852 0.7726343 0.7753289 0.7795207 0.7838307 0.7868311
0.5993071 0.5982358 0.5983715 0.6029066 0.6072245 0.6018690 0.6066865 0.6128218 0.6202600 0.6214323 0.6335167 0.6465739 0.6547075 0.6718146 0.6898800 0.7075048 0.7212580 0.7392458 0.7550128 0.7665079 0.7741710 0.7885501 0.7996197 0.8054837 0.8083491 0.8030388 0.7886391 0.7657230 0.7346351 0.7080420 0.6906958 0.6827381 0.6810224 0.6809056 0.6817761 0.6844165 0.6882421 0.6925811 0.6981214 0.7040256 0.7091889 0.7148961 0.7208217 0.7268496 0.7288171 0.7348011 0.7412008 0.7426167 0.7446371 0.7474321 0.7494363 0.7460064 0.7468286 0.7478366 0.7462973 0.7450294 0.7469528 0.7490939 0.7472747
