simulation_files/asc_files/Depth____179.0.asc
NCOLS       411
NROWS       131
XLLCENTER    2538020.000000
YLLCENTER    1152390.000000
CELLSIZE           1.000
NODATA_VALUE     -9999.0
[rows 27 to 53 of 131, columns 295 to 353 of 411]
0.6125110 0.6179421 0.6225197 0.6311764 0.6339933 0.6378461 0.6447149 0.6522765 0.6561154 0.6631785 0.6743676 0.6871395 0.6956020 0.7090745 0.7250682 0.7362887 0.7502499 0.7633702 0.7739655 0.7777745 0.7864269 0.7970878 0.8054881 0.8132564 0.8207673 0.8245618 0.8239918 0.8171610 0.8013898 0.7815353 0.7612976 0.7437390 0.7339401 0.7285416 0.7278916 0.7281632 0.7293612 0.7294385 0.7335022 0.7361330 0.7347013 0.7386979 0.7428026 0.7441261 0.7432337 0.7496602 0.7580514 0.7625823 0.7639127 0.7672988 0.7651461 0.7617365 0.7613032 0.7605408 0.7554255 0.7523853 0.7541276 0.7523204 0.7552535
0.5284834 0.5352007 0.5504965 0.5652003 0.5764577 0.5853053 0.5973732 0.6075258 0.6136960 0.6226040 0.6316907 0.6408693 0.6493380 0.6629753 0.6763667 0.6862762 0.7013574 0.7155457 0.7258445 0.7344827 0.7455558 0.7575994 0.7687346 0.7804695 0.7941154 0.8062762 0.8195362 0.8314125 0.8355766 0.8307549 0.8133021 0.7812509 0.7494682 0.7199428 0.7014617 0.6916935 0.6825409 0.6791152 0.6793670 0.6806762 0.6756523 0.6768047 0.6793595 0.6739901 0.6766858 0.6816008 0.6890756 0.6887538 0.6967006 0.7029059 0.7040271 0.7025244 0.7036197 0.7029740 0.6965519 0.6960679 0.6967735 0.6972973 0.6969792
0.4621275 0.4728254 0.4884411 0.5044632 0.5149458 0.5289071 0.5449000 0.5601143 0.5684093 0.5788675 0.5890356 0.5948546 0.6060823 0.6185088 0.6312472 0.6385080 0.6530981 0.6691579 0.6799168 0.6961736 0.7119313 0.7272250 0.7383846 0.7514178 0.7631935 0.7729919 0.7831446 0.7990709 0.8154246 0.8299704 0.8373680 0.8261301 0.7906474 0.7420651 0.6962097 0.6632338 0.6414387 0.6300013 0.6242266 0.6191882 0.6138862 0.6136538 0.6151992 0.6108107 0.6121601 0.6148205 0.6146119 0.6141805 0.6211794 0.6318638 0.6372324 0.6451052 0.6542914 0.6568350 0.6590414 0.6597665 0.6591580 0.6552936 0.6563375
0.4290565 0.4309683 0.4397102 0.4498107 0.4570894 0.4697872 0.4845441 0.4993648 0.5140393 0.5313420 0.5436545 0.5489068 0.5584728 0.5687793 0.5777050 0.5858641 0.6003045 0.6176835 0.6328393 0.6529988 0.6748923 0.6934993 0.7096025 0.7245025 0.7349633 0.7378168 0.7344635 0.7320648 0.7241077 0.7150153 0.7204027 0.7328660 0.7304318 0.7209109 0.6976227 0.6610587 0.6256611 0.6010706 0.5857005 0.5740020 0.5685711 0.5644588 0.5617041 0.5549586 0.5550766 0.5575107 0.5513675 0.5508590 0.5524366 0.5575549 0.5569562 0.5697743 0.5835166 0.5965973 0.5964612 0.6057574 0.6133977 0.6107137 0.6156253
0.4046994 0.4048412 0.4086752 0.4127585 0.4158234 0.4216983 0.4312798 0.4440533 0.4646241 0.4862844 0.5021026 0.5100446 0.5179665 0.5265600 0.5323776 0.5428653 0.5563539 0.5733932 0.5902244 0.6138713 0.6370085 0.6526710 0.6704173 0.6847580 0.6916786 0.6662951 0.6450542 0.6181480 0.5911872 0.5560699 0.5464970 0.5560579 0.5799358 0.6249696 0.6500827 0.6392010 0.6071304 0.5793412 0.5610778 0.5513578 0.5448007 0.5364513 0.5270690 0.5197737 0.5196697 0.5214315 0.5189056 0.5152733 0.5133037 0.5096684 0.5055868 0.5038617 0.5024269 0.4979745 0.5008929 0.5191676 0.5399816 0.5539177 0.5678193
0.3814006 0.3841370 0.3886302 0.3919712 0.3930131 0.3963792 0.4042339 0.4208597 0.4440268 0.4655857 0.4802122 0.4887981 0.4963477 0.5038662 0.5112196 0.5205976 0.5329187 0.5463417 0.5610751 0.5757505 0.5841058 0.5752954 0.5587761 0.5499111 0.5293237 0.5165135 0.5102763 0.5000721 0.4846284 0.4735596 0.4670053 0.4735013 0.4992126 0.5427085 0.5746379 0.5705997 0.5512123 0.5331554 0.5277540 0.5250727 0.5223525 0.5138219 0.5027595 0.4982816 0.5018208 0.5068064 0.5029926 0.4994844 0.4922269 0.4760420 0.4629493 0.4518747 0.4414621 0.4310272 0.4328789 0.4534067 0.4835463 0.5047035 0.5215723
0.3712733 0.3754035 0.3805075 0.3840531 0.3864881 0.3921242 0.4043846 0.4266802 0.4506668 0.4695072 0.4815800 0.4869258 0.4915935 0.4975108 0.5039200 0.5104783 0.5174135 0.5179096 0.5166304 0.5045057 0.4794240 0.4352550 0.4106610 0.3969209 0.3888487 0.4004416 0.4209049 0.4395020 0.4531381 0.4637109 0.4698039 0.4801577 0.4966161 0.5116321 0.5116964 0.4924554 0.4755619 0.4684888 0.4680708 0.4685647 0.4686355 0.4657223 0.4594003 0.4572767 0.4628781 0.4615365 0.4557990 0.4483970 0.4380980 0.4207714 0.4112895 0.4063104 0.4019047 0.4006886 0.4127220 0.4377637 0.4648948 0.4814325 0.4921342
0.3794955 0.3827355 0.3868529 0.3916828 0.3962799 0.4055568 0.4234854 0.4487075 0.4708486 0.4862241 0.4924445 0.4932068 0.4946229 0.4972840 0.4971349 0.4934473 0.4846725 0.4625160 0.4331263 0.4017366 0.3666293 0.3446979 0.3345184 0.3318886 0.3364752 0.3524407 0.3744064 0.3995941 0.4239311 0.4520355 0.4750250 0.4963671 0.5172847 0.5227465 0.5042024 0.4710390 0.4402359 0.4242324 0.4184548 0.4134568 0.4078458 0.4033350 0.3942418 0.3933945 0.3934946 0.3793635 0.3682949 0.3599705 0.3528374 0.3460392 0.3521441 0.3606976 0.3715198 0.3896287 0.4173017 0.4462824 0.4664535 0.4760387 0.4813502
0.4006565 0.3999102 0.4004943 0.4058367 0.4130812 0.4259695 0.4489057 0.4725638 0.4908460 0.4997364 0.4995164 0.4952580 0.4909606 0.4796921 0.4643954 0.4424463 0.4154296 0.3834668 0.3627577 0.3443551 0.3308238 0.3243362 0.3222841 0.3227985 0.3291890 0.3416187 0.3574651 0.3769982 0.3995230 0.4269193 0.4552245 0.4861770 0.5174627 0.5337524 0.5284368 0.5091326 0.4797516 0.4500956 0.4217525 0.3928621 0.3713974 0.3542237 0.3405266 0.3303336 0.3202372 0.3036269 0.2942873 0.2912183 0.2879694 0.2956098 0.3098605 0.3298600 0.3578469 0.3939923 0.4280175 0.4525861 0.4656861 0.4717418 0.4747115
0.4360622 0.4286609 0.4258971 0.4278875 0.4351138 0.4505683 0.4695328 0.4866406 0.4978659 0.4986864 0.4890670 0.4738743 0.4528868 0.4249266 0.3997575 0.3768339 0.3570558 0.3480172 0.3430938 0.3382892 0.3345051 0.3313378 0.3303975 0.3326098 0.3370633 0.3473804 0.3603389 0.3772831 0.3959393 0.4177019 0.4434901 0.4747972 0.5103343 0.5341633 0.5408359 0.5387918 0.5285407 0.5072154 0.4801131 0.4371134 0.3970472 0.3632616 0.3290265 0.3024100 0.2830270 0.2696916 0.2646137 0.2659924 0.2737011 0.2898897 0.3133405 0.3451833 0.3822326 0.4140997 0.4370411 0.4483489 0.4521630 0.4539613 0.4543618
0.4999060 0.4764529 0.4738975 0.4681457 0.4683264 0.4754893 0.4878253 0.4937701 0.4919818 0.4732968 0.4485536 0.4209130 0.3950999 0.3704867 0.3569853 0.3486786 0.3454991 0.3461292 0.3467174 0.3455082 0.3438870 0.3418084 0.3411419 0.3431287 0.3492322 0.3580223 0.3710465 0.3877449 0.4055548 0.4262640 0.4509819 0.4800253 0.5088882 0.5327797 0.5438109 0.5453681 0.5439094 0.5398123 0.5301778 0.5077419 0.4787743 0.4522402 0.4107984 0.3690559 0.3430106 0.3185820 0.2987791 0.2883845 0.2915733 0.3016058 0.3211472 0.3657499 0.4011010 0.4227735 0.4359924 0.4543070 0.4548940 0.4514707 0.4454568
0.6980974 0.6007348 0.5462360 0.5178250 0.5081405 0.5040127 0.4950208 0.4771537 0.4529939 0.4169820 0.3892038 0.3688661 0.3540106 0.3471717 0.3454896 0.3457005 0.3476390 0.3502388 0.3519184 0.3526651 0.3522519 0.3521585 0.3532358 0.3583213 0.3646416 0.3747656 0.3895137 0.4064111 0.4252747 0.4472155 0.4743535 0.5015638 0.5272607 0.5441481 0.5492924 0.5474145 0.5450672 0.5423411 0.5387477 0.5337884 0.5268920 0.5233563 0.5114625 0.4940817 0.4780310 0.4707811 0.4542540 0.4557954 0.4871291 0.5066028 0.5296342 0.5645090 0.6012786 0.6016175 0.6047885 0.6051839 0.5841235 0.5602504 0.5458890
0.9122659 0.8100882 0.7073062 0.6132144 0.5522249 0.5124708 0.4743594 0.4344430 0.3972889 0.3642652 0.3477093 0.3398904 0.3379031 0.3392873 0.3415056 0.3448268 0.3486734 0.3521538 0.3547312 0.3567187 0.3591544 0.3616915 0.3658930 0.3720430 0.3785349 0.3894854 0.4046060 0.4220760 0.4408577 0.4629336 0.4881544 0.5149535 0.5384256 0.5511805 0.5523051 0.5493326 0.5472686 0.5469286 0.5480923 0.5513594 0.5589707 0.5683017 0.5775075 0.5857442 0.6010125 0.6140075 0.6305525 0.6692549 0.7166543 0.7607665 0.7951245 0.8304845 0.8301160 0.8156641 0.8001784 0.7824443 0.7574823 0.7348078 0.7359702
1.036524 0.9882779 0.8945302 0.7494657 0.6094942 0.4966306 0.4244688 0.3856805 0.3610103 0.3466754 0.3383449 0.3338506 0.3326034 0.3344421 0.3386193 0.3434934 0.3476013 0.3518549 0.3553440 0.3584609 0.3634205 0.3678361 0.3726551 0.3782713 0.3854431 0.3973836 0.4128113 0.4296358 0.4482748 0.4694875 0.4939084 0.5204438 0.5438889 0.5571077 0.5601568 0.5593375 0.5599664 0.5635926 0.5675381 0.5757728 0.5904937 0.6054519 0.6245801 0.6505212 0.6850705 0.7206556 0.7614789 0.8115224 0.8616805 0.8968017 0.9183562 0.9187771 0.9008002 0.8766805 0.8524377 0.8307605 0.8141065 0.8064827 0.8095523
1.026613 0.9868934 0.9427638 0.8519263 0.7217127 0.5868511 0.4597115 0.3789065 0.3443699 0.3360148 0.3328029 0.3302723 0.3290123 0.3308822 0.3352258 0.3393444 0.3433970 0.3483223 0.3524679 0.3563752 0.3621858 0.3670712 0.3712549 0.3763932 0.3843668 0.3968855 0.4124709 0.4304490 0.4508845 0.4737545 0.4982690 0.5237310 0.5478319 0.5656438 0.5760980 0.5823872 0.5912484 0.5988513 0.6063017 0.6154001 0.6334481 0.6507638 0.6729839 0.7092497 0.7477983 0.7942372 0.8438099 0.8930217 0.9274248 0.9467449 0.9448744 0.9256488 0.8991400 0.8724385 0.8499135 0.8338752 0.8233832 0.8226881 0.8351578
0.9250804 0.9071336 0.8795137 0.8481119 0.8006412 0.7283967 0.6152842 0.4838082 0.4023030 0.3503103 0.3302181 0.3263681 0.3259927 0.3280708 0.3314790 0.3328496 0.3353905 0.3397358 0.3425049 0.3475084 0.3530121 0.3578123 0.3612417 0.3669781 0.3758736 0.3891948 0.4057358 0.4255468 0.4477478 0.4708195 0.4941253 0.5188171 0.5454070 0.5707356 0.5911177 0.6074837 0.6246709 0.6393515 0.6536830 0.6712926 0.6923360 0.7121133 0.7361168 0.7724502 0.8027154 0.8331171 0.8625165 0.8836930 0.8965648 0.8983936 0.8849814 0.8719822 0.8643081 0.8587251 0.8591838 0.8563791 0.8534279 0.8583675 0.8684712
0.8307044 0.8254120 0.8191509 0.8199937 0.8201277 0.8044344 0.7653625 0.6958250 0.5985981 0.4686890 0.3727887 0.3343845 0.3233899 0.3240521 0.3241969 0.3234888 0.3241217 0.3265914 0.3285942 0.3329632 0.3380685 0.3415079 0.3458979 0.3521482 0.3621160 0.3757667 0.3936579 0.4136854 0.4318173 0.4503882 0.4714869 0.4981138 0.5289648 0.5620984 0.5898744 0.6139886 0.6368926 0.6606660 0.6846363 0.7138343 0.7425774 0.7735356 0.8061740 0.8446536 0.8662661 0.8782269 0.8817862 0.8718078 0.8533551 0.8311281 0.8115877 0.8132791 0.8278226 0.8511622 0.8725971 0.8823043 0.8879830 0.9005592 0.9048419
0.8099777 0.8026448 0.8002422 0.8109848 0.8185856 0.8205413 0.8177817 0.8123279 0.7643246 0.6950190 0.5770227 0.4797575 0.3830112 0.3321017 0.3185603 0.3146921 0.3135507 0.3131144 0.3125668 0.3147073 0.3182456 0.3198338 0.3246025 0.3297442 0.3381958 0.3480872 0.3641294 0.3844239 0.3993936 0.4132138 0.4372449 0.4683193 0.5046532 0.5411065 0.5706180 0.5965847 0.6235454 0.6546770 0.6873903 0.7219137 0.7615487 0.8036069 0.8451828 0.8815437 0.9050222 0.9144181 0.9136167 0.9000363 0.8745008 0.8526976 0.8405431 0.8369226 0.8489731 0.8750063 0.8845067 0.8824740 0.8846448 0.8861661 0.8757685
0.8402401 0.8297602 0.8195342 0.8131114 0.8100428 0.8146945 0.8231822 0.8272226 0.8230748 0.8172643 0.7767163 0.7026137 0.5687752 0.4343956 0.3518617 0.3128227 0.3032934 0.3020442 0.3017689 0.3021604 0.3025163 0.3029431 0.3040566 0.3069381 0.3102612 0.3171111 0.3273923 0.3387183 0.3482037 0.3662014 0.3955839 0.4328984 0.4727325 0.5112860 0.5424631 0.5675408 0.5965535 0.6297400 0.6661270 0.7030088 0.7455775 0.7899957 0.8284916 0.8615371 0.8845663 0.8983876 0.8966307 0.9037225 0.9087017 0.9167496 0.9321267 0.9511619 0.9711162 0.9795468 0.9385263 0.8872732 0.8380006 0.7677071 0.7079118
0.8614964 0.8557760 0.8466304 0.8282883 0.8154407 0.8145416 0.8142592 0.8081694 0.8102958 0.8138886 0.8100768 0.8090525 0.7719107 0.6571072 0.5260253 0.3842588 0.3070431 0.3021696 0.2990617 0.2989408 0.2971526 0.2941426 0.2912062 0.2891187 0.2882522 0.2905444 0.2944607 0.3008590 0.3134955 0.3370331 0.3680409 0.4031739 0.4400671 0.4794765 0.5125274 0.5407833 0.5705511 0.6038918 0.6403471 0.6789677 0.7181686 0.7528918 0.7764458 0.7907948 0.8026535 0.8070503 0.8188014 0.8390534 0.8681778 0.9058006 0.9618868 1.021829 1.066921 1.076379 1.025103 0.9098625 0.7344849 0.5803807 0.4868877
0.8414788 0.8600737 0.8648812 0.8532783 0.8426544 0.8322782 0.8275947 0.8128364 0.7959775 0.7957327 0.8078147 0.8209078 0.8316137 0.8154482 0.7617309 0.6309910 0.4775319 0.3698007 0.3136381 0.2985137 0.2977834 0.2960818 0.2920336 0.2879241 0.2871445 0.2869899 0.2899212 0.2996097 0.3180444 0.3384856 0.3592749 0.3813963 0.4156511 0.4588237 0.4952433 0.5207349 0.5489403 0.5818721 0.6174309 0.6539331 0.6839773 0.7041811 0.7084494 0.7131139 0.7162776 0.7176527 0.7306256 0.7449097 0.7670168 0.8077327 0.8826155 0.9616113 1.020091 1.019852 0.9457000 0.7899649 0.6207907 0.4711506 0.3647519
0.7771428 0.8192795 0.8614313 0.8650830 0.8619302 0.8600650 0.8552985 0.8479392 0.8232667 0.8046791 0.7937218 0.8094609 0.8270787 0.8529620 0.8549342 0.8330503 0.7420506 0.6068306 0.4476238 0.3504821 0.3180320 0.3108644 0.3117241 0.3138037 0.3184505 0.3210989 0.3264614 0.3371416 0.3496734 0.3590484 0.3713502 0.3919270 0.4256271 0.4626565 0.4858070 0.5043370 0.5338861 0.5655202 0.5928989 0.6159533 0.6303818 0.6309526 0.6278709 0.6261127 0.6299849 0.6317755 0.6390248 0.6457858 0.6492993 0.6873311 0.7531199 0.8156498 0.8320090 0.7798967 0.6557548 0.5560232 0.5171164 0.4566888 0.3947284
0.6715483 0.7165527 0.7865029 0.8230496 0.8451195 0.8527038 0.8595960 0.8710664 0.8695321 0.8439542 0.8150333 0.7994411 0.8091171 0.8298542 0.8548324 0.8734674 0.8699113 0.8588343 0.7440550 0.5655171 0.4278365 0.3419969 0.3357668 0.3454182 0.3549118 0.3636451 0.3695795 0.3759716 0.3753646 0.3781015 0.3879232 0.4037040 0.4284566 0.4462531 0.4425757 0.4612847 0.4945641 0.5227589 0.5336374 0.5442426 0.5441332 0.5308405 0.5247235 0.5222371 0.5219815 0.5186810 0.5261271 0.5356686 0.5453056 0.5725333 0.6074025 0.6058271 0.5636034 0.5062603 0.4417611 0.4113797 0.4278538 0.4284706 0.4019955
0.5190555 0.5621455 0.6189249 0.6847625 0.7424627 0.7798063 0.7996461 0.8175417 0.8696746 0.8665882 0.8538772 0.8229610 0.8094062 0.8110229 0.8325538 0.8632105 0.9013132 0.9359909 0.9271748 0.8672942 0.7431992 0.5389472 0.4000217 0.3551851 0.3530656 0.3602100 0.3612747 0.3602590 0.3626333 0.3673848 0.3708939 0.3751114 0.3773674 0.3709551 0.3708166 0.3957320 0.4243174 0.4346408 0.4409745 0.4439725 0.4379052 0.4197636 0.4136736 0.4157296 0.4085092 0.4156082 0.4308387 0.4536220 0.4710632 0.5026357 0.5199217 0.5003390 0.4656162 0.4501822 0.4112509 0.3665066 0.3416171 0.3389369 0.3007728
0.3467891 0.3785287 0.4134380 0.4799457 0.5530010 0.6181796 0.6821323 0.7190422 0.7718211 0.8284593 0.8628996 0.8604440 0.8439612 0.8448492 0.8453834 0.8636469 0.8841800 0.9254465 0.9776851 1.034490 0.9884110 0.9045889 0.6565246 0.4893137 0.3477426 0.3210254 0.3118771 0.3119835 0.3160023 0.3187832 0.3109871 0.3056487 0.2966951 0.2947584 0.3075169 0.3364867 0.3580217 0.3629839 0.3680692 0.3679630 0.3613438 0.3489214 0.3477804 0.3558792 0.3662313 0.3806083 0.4070737 0.4468149 0.4949225 0.5258075 0.5339321 0.5188226 0.4816365 0.4429148 0.3971880 0.3374972 0.2866633 0.2271813 0.1334329
0.1936701 0.2422572 0.2818798 0.3216215 0.3812511 0.4441641 0.5332107 0.6106103 0.6776780 0.7412481 0.8006083 0.8635287 0.8822445 0.8968049 0.8858456 0.8817385 0.8802804 0.9026973 0.9540717 1.004736 1.040104 1.062302 1.004126 0.8365020 0.6181532 0.3569742 0.2659385 0.2639619 0.2649148 0.2599636 0.2509393 0.2453923 0.2476665 0.2646118 0.2924168 0.3170196 0.3319061 0.3379696 0.3409339 0.3407693 0.3368549 0.3364075 0.3462945 0.3664824 0.4041602 0.4410223 0.4824123 0.5362274 0.5704157 0.5800612 0.5649267 0.5277809 0.4778746 0.4214453 0.3609558 0.2816122 0.2060909 0.1383196 0.7550443E-01
0.1112710 0.1482617 0.1881082 0.2283241 0.2733233 0.3197046 0.3950826 0.4847494 0.5795199 0.6511057 0.6986987 0.7644646 0.8208740 0.8732458 0.8889733 0.8861760 0.8860099 0.8893212 0.9125322 0.9451971 1.008996 1.054557 1.086420 1.070898 0.9060740 0.6478769 0.4670890 0.2957028 0.2551734 0.2392645 0.2273526 0.2292031 0.2512914 0.2861446 0.3138196 0.3325066 0.3442378 0.3552335 0.3635781 0.3779894 0.4092340 0.4254096 0.4513453 0.4910841 0.5383588 0.5711878 0.5990542 0.6194136 0.6140005 0.6004450 0.5668071 0.5089144 0.4491936 0.3903853 0.2704772 0.1590195 0.7499827E-01 0.3823200E-01 0.3389674E-01
