simulation_files/asc_files/Depth____63.0.asc
NCOLS       411
NROWS       131
XLLCENTER    2538020.000000
YLLCENTER    1152390.000000
CELLSIZE           1.000
NODATA_VALUE     -9999.0
[rows 0 to 25 of 131, columns 240 to 299 of 411]
-9999.000 -9999.000 -9999.000 -9999.000 -9999.000 -9999.000 -9999.000 -9999.000 -9999.000 -9999.000 -9999.000 -9999.000 -9999.000 -9999.000 -9999.000 -9999.000 -9999.000 -9999.000 -9999.000 -9999.000 -9999.000 -9999.000 -9999.000 -9999.000 -9999.000 -9999.000 -9999.000 -9999.000 -9999.000 -9999.000 -9999.000 -9999.000 -9999.000 -9999.000 -9999.000 -9999.000 -9999.000 -9999.000 -9999.000 -9999.000 -9999.000 -9999.000 -9999.000 -9999.000 -9999.000 -9999.000 -9999.000 -9999.000 -9999.000 -9999.000 -9999.000 -9999.000 -9999.000 -9999.000 -9999.000 -9999.000 -9999.000 -9999.000 -9999.000 -9999.000
-9999.000 -9999.000 -9999.000 -9999.000 -9999.000 -9999.000 -9999.000 -9999.000 -9999.000 -9999.000 -9999.000 -9999.000 -9999.000 -9999.000 -9999.000 -9999.000 -9999.000 -9999.000 -9999.000 -9999.000 -9999.000 -9999.000 -9999.000 -9999.000 -9999.000 -9999.000 -9999.000 -9999.000 -9999.000 -9999.000 -9999.000 -9999.000 -9999.000 -9999.000 -9999.000 -9999.000 -9999.000 -9999.000 -9999.000 -9999.000 -9999.000 -9999.000 -9999.000 -9999.000 -9999.000 -9999.000 -9999.000 -9999.000 -9999.000 -9999.000 -9999.000 -9999.000 -9999.000 -9999.000 -9999.000 -9999.000 -9999.000 -9999.000 -9999.000 -9999.000
-9999.000 -9999.000 -9999.000 -9999.000 -9999.000 -9999.000 -9999.000 -9999.000 -9999.000 -9999.000 -9999.000 -9999.000 -9999.000 -9999.000 -9999.000 -9999.000 -9999.000 -9999.000 -9999.000 -9999.000 -9999.000 -9999.000 -9999.000 -9999.000 -9999.000 -9999.000 -9999.000 -9999.000 -9999.000 -9999.000 -9999.000 -9999.000 -9999.000 -9999.000 -9999.000 -9999.000 -9999.000 -9999.000 -9999.000 -9999.000 -9999.000 -9999.000 -9999.000 -9999.000 -9999.000 -9999.000 -9999.000 -9999.000 -9999.000 -9999.000 -9999.000 -9999.000 -9999.000 -9999.000 -9999.000 -9999.000 -9999.000 -9999.000 -9999.000 -9999.000
-9999.000 -9999.000 -9999.000 -9999.000 -9999.000 -9999.000 -9999.000 -9999.000 -9999.000 -9999.000 -9999.000 -9999.000 -9999.000 -9999.000 -9999.000 -9999.000 -9999.000 -9999.000 -9999.000 -9999.000 -9999.000 -9999.000 -9999.000 -9999.000 -9999.000 -9999.000 -9999.000 -9999.000 -9999.000 -9999.000 -9999.000 -9999.000 -9999.000 -9999.000 -9999.000 -9999.000 -9999.000 -9999.000 -9999.000 -9999.000 -9999.000 -9999.000 -9999.000 -9999.000 -9999.000 -9999.000 -9999.000 -9999.000 -9999.000 -9999.000 -9999.000 -9999.000 -9999.000 -9999.000 -9999.000 -9999.000 -9999.000 -9999.000 -9999.000 -9999.000
-9999.000 -9999.000 -9999.000 -9999.000 -9999.000 -9999.000 -9999.000 -9999.000 -9999.000 -9999.000 -9999.000 -9999.000 -9999.000 -9999.000 -9999.000 -9999.000 -9999.000 -9999.000 -9999.000 -9999.000 -9999.000 -9999.000 -9999.000 -9999.000 -9999.000 -9999.000 -9999.000 -9999.000 -9999.000 -9999.000 -9999.000 -9999.000 -9999.000 -9999.000 -9999.000 -9999.000 -9999.000 -9999.000 -9999.000 -9999.000 -9999.000 -9999.000 -9999.000 -9999.000 -9999.000 -9999.000 -9999.000 -9999.000 -9999.000 -9999.000 -9999.000 -9999.000 -9999.000 -9999.000 -9999.000 -9999.000 -9999.000 -9999.000 -9999.000 -9999.000
-9999.000 -9999.000 -9999.000 -9999.000 -9999.000 -9999.000 -9999.000 -9999.000 -9999.000 -9999.000 -9999.000 -9999.000 -9999.000 -9999.000 -9999.000 -9999.000 -9999.000 -9999.000 -9999.000 -9999.000 -9999.000 -9999.000 -9999.000 -9999.000 -9999.000 -9999.000 -9999.000 -9999.000 -9999.000 -9999.000 -9999.000 -9999.000 -9999.000 -9999.000 -9999.000 -9999.000 -9999.000 -9999.000 -9999.000 -9999.000 -9999.000 -9999.000 -9999.000 -9999.000 -9999.000 -9999.000 -9999.000 -9999.000 -9999.000 -9999.000 -9999.000 -9999.000 -9999.000 -9999.000 -9999.000 -9999.000 -9999.000 -9999.000 -9999.000 -9999.000
-9999.000 -9999.000 -9999.000 -9999.000 -9999.000 -9999.000 -9999.000 -9999.000 -9999.000 -9999.000 -9999.000 -9999.000 -9999.000 -9999.000 -9999.000 -9999.000 -9999.000 -9999.000 -9999.000 -9999.000 -9999.000 -9999.000 -9999.000 -9999.000 -9999.000 -9999.000 -9999.000 -9999.000 -9999.000 -9999.000 -9999.000 -9999.000 -9999.000 -9999.000 -9999.000 -9999.000 -9999.000 -9999.000 -9999.000 -9999.000 -9999.000 -9999.000 -9999.000 -9999.000 -9999.000 -9999.000 -9999.000 -9999.000 -9999.000 -9999.000 -9999.000 -9999.000 -9999.000 -9999.000 -9999.000 -9999.000 -9999.000 -9999.000 -9999.000 -9999.000
0.1240130 0.1262898 0.1476464 0.1384312 0.1338293 0.1497329 0.1787473 0.2178630 0.2325606 0.2554420 0.2264070 0.1578446 0.1510508 0.1378466 0.1330821 0.1631099 0.1460697 0.1065495 0.7660053E-01 0.8164831E-01 0.6432687E-01 0.6140545E-01 0.5598620E-01 0.3617273E-01 0.3746264E-01 -9999.000 0.1919372E-01 -9999.000 -9999.000 -9999.000 -9999.000 -9999.000 -9999.000 -9999.000 -9999.000 -9999.000 -9999.000 -9999.000 -9999.000 -9999.000 -9999.000 -9999.000 -9999.000 -9999.000 -9999.000 -9999.000 -9999.000 -9999.000 -9999.000 -9999.000 -9999.000 -9999.000 -9999.000 -9999.000 -9999.000 -9999.000 -9999.000 -9999.000 -9999.000 -9999.000
0.2959534 0.2931840 0.3023324 0.3013618 0.3076138 0.3272538 0.3473070 0.3821794 0.3999857 0.4020777 0.3516239 0.3112401 0.3164678 0.3070224 0.3063328 0.3123462 0.2712584 0.2221919 0.1934358 0.1757778 0.1628595 0.1562616 0.1695686 0.1653995 0.1509961 0.1267608 0.1007278 0.7569710E-01 0.5707230E-01 -9999.000 -9999.000 -9999.000 -9999.000 -9999.000 -9999.000 -9999.000 -9999.000 -9999.000 -9999.000 -9999.000 0.8435751E-01 0.7510456E-01 0.5517119E-01 0.4496662E-01 0.3761019E-01 0.2353920E-01 0.1278569E-01 -9999.000 -9999.000 -9999.000 -9999.000 -9999.000 -9999.000 -9999.000 -9999.000 -9999.000 -9999.000 -9999.000 -9999.000 -9999.000
0.4965518 0.4882712 0.4631037 0.4674690 0.4704703 0.4787302 0.4931005 0.5044808 0.5073838 0.4737108 0.4377289 0.4307700 0.4413494 0.4322002 0.4131737 0.3808476 0.3378893 0.3210983 0.3118234 0.3197939 0.3132468 0.3107220 0.3162770 0.2984931 0.2698897 0.2363594 0.2194952 0.1899518 0.1665248 0.1566069 0.1639385 0.1693018 0.1749224 0.1856136 0.1867363 0.1792921 0.1736398 0.1791455 0.1753879 0.1670652 0.1586191 0.1470261 0.1234358 0.1082557 0.9191424E-01 0.6959702E-01 0.4673262E-01 0.3288703E-01 -9999.000 -9999.000 -9999.000 -9999.000 -9999.000 -9999.000 -9999.000 -9999.000 -9999.000 -9999.000 -9999.000 -9999.000
0.5762711 0.5674489 0.5552190 0.5587973 0.5544561 0.5579272 0.5591543 0.5513751 0.5306067 0.5050940 0.4936382 0.4917064 0.4814889 0.4634806 0.4422336 0.4249673 0.4112808 0.4095570 0.4120451 0.4136035 0.4077736 0.3985307 0.3881037 0.3731135 0.3544376 0.3428136 0.3333535 0.3217897 0.3118310 0.3192125 0.3246257 0.3257860 0.3283481 0.3436122 0.3361908 0.3213888 0.3194167 0.3103055 0.2971481 0.2815519 0.2693160 0.2471002 0.2214546 0.2023416 0.1858114 0.1657562 0.1404388 0.1306323 0.1101919 0.8796582E-01 0.8538148E-01 -9999.000 -9999.000 -9999.000 -9999.000 -9999.000 -9999.000 0.5438509E-01 0.6806588E-01 0.9263138E-01
0.6118289 0.6134277 0.6168391 0.6135233 0.6085862 0.5991729 0.5808079 0.5562973 0.5329613 0.5181037 0.5091139 0.4981997 0.4852782 0.4730974 0.4643198 0.4657174 0.4662009 0.4664142 0.4648788 0.4581085 0.4459341 0.4328662 0.4252764 0.4158083 0.4097836 0.4106057 0.4181069 0.4225615 0.4328620 0.4559761 0.4651264 0.4699116 0.4688230 0.4624451 0.4424744 0.4180898 0.3996271 0.3798673 0.3616200 0.3478237 0.3381119 0.3252817 0.3104472 0.2996041 0.2926356 0.2844360 0.2836649 0.2766553 0.2596608 0.2428763 0.2481102 0.2429388 0.2320906 0.2278042 0.2089309 0.1820714 0.1683745 0.1955888 0.2133980 0.2236835
0.6500220 0.6608506 0.6633587 0.6548356 0.6402359 0.6186771 0.5931064 0.5684788 0.5494370 0.5340195 0.5209054 0.5132768 0.5068577 0.5038460 0.5046667 0.5045544 0.5003976 0.4948206 0.4890932 0.4817687 0.4738079 0.4703676 0.4689454 0.4685664 0.4715998 0.4845774 0.4970199 0.5080474 0.5237229 0.5335600 0.5375163 0.5336384 0.5209275 0.5011455 0.4788223 0.4566437 0.4404682 0.4245580 0.4113665 0.4087346 0.4037192 0.4008520 0.3984190 0.4047636 0.4010792 0.4000129 0.4043544 0.4118424 0.4094283 0.4122248 0.4309780 0.4316934 0.4316139 0.4365640 0.4236094 0.4106074 0.4085656 0.4197737 0.4104891 0.3895128
0.6968800 0.6982840 0.6910720 0.6768566 0.6572334 0.6349508 0.6138925 0.5972071 0.5798511 0.5654914 0.5538245 0.5518925 0.5482781 0.5461711 0.5478559 0.5423164 0.5353151 0.5291622 0.5282223 0.5244169 0.5230949 0.5261025 0.5342307 0.5377699 0.5454967 0.5574991 0.5626780 0.5658386 0.5669633 0.5644152 0.5551261 0.5414540 0.5255689 0.5100979 0.4967614 0.4879227 0.4802732 0.4716017 0.4646425 0.4680843 0.4691458 0.4715770 0.4812634 0.4883750 0.4925192 0.4968988 0.5096334 0.5169676 0.5208851 0.5324768 0.5412915 0.5470924 0.5512794 0.5610022 0.5612975 0.5583301 0.5625545 0.5505329 0.5298306 0.4978419
0.7021310 0.6950828 0.6834848 0.6678679 0.6519106 0.6384791 0.6255479 0.6143108 0.6036042 0.5944544 0.5888400 0.5849279 0.5814477 0.5790927 0.5798469 0.5785101 0.5764931 0.5798859 0.5835133 0.5877132 0.5935877 0.6060590 0.6128547 0.6146404 0.6177671 0.6155813 0.6085985 0.5996606 0.5917906 0.5799229 0.5658744 0.5534862 0.5426950 0.5325525 0.5249600 0.5244794 0.5212479 0.5189949 0.5184663 0.5258956 0.5288597 0.5346569 0.5469831 0.5549497 0.5642945 0.5762899 0.5914151 0.5979757 0.6019286 0.6058742 0.6097747 0.6102468 0.6159168 0.6226424 0.6252584 0.6232393 0.6213648 0.6129338 0.6044884 0.6003041
0.6581688 0.6420613 0.6294102 0.6113098 0.6058780 0.6027121 0.5986109 0.5959873 0.5955995 0.5943730 0.5911301 0.5867429 0.5828928 0.5824349 0.5861960 0.5924019 0.6002464 0.6094321 0.6199083 0.6309911 0.6411976 0.6495561 0.6548076 0.6536662 0.6472688 0.6372336 0.6265284 0.6159734 0.6062304 0.5983204 0.5915570 0.5873071 0.5822996 0.5759870 0.5707181 0.5726710 0.5724984 0.5735843 0.5813658 0.5873701 0.5927686 0.5991324 0.6122396 0.6219405 0.6317562 0.6476647 0.6564179 0.6616048 0.6635821 0.6663079 0.6607083 0.6557215 0.6566473 0.6600570 0.6617107 0.6619308 0.6671857 0.6671897 0.6700321 0.6831907
0.5952592 0.5704782 0.5536881 0.5459001 0.5467501 0.5506064 0.5528313 0.5590294 0.5672278 0.5731672 0.5727751 0.5687818 0.5647663 0.5636988 0.5711099 0.5815643 0.5926801 0.6009496 0.6114078 0.6222717 0.6263403 0.6308380 0.6334324 0.6331948 0.6253611 0.6202463 0.6151814 0.6092726 0.6032858 0.5999416 0.5988687 0.6017470 0.6048254 0.6067736 0.6094601 0.6166253 0.6208647 0.6264466 0.6343973 0.6402169 0.6467906 0.6549076 0.6632346 0.6688884 0.6743716 0.6811316 0.6858502 0.6893221 0.6920428 0.6937245 0.6932125 0.6923999 0.6950257 0.7004906 0.7039828 0.7113297 0.7207548 0.7270037 0.7328222 0.7421670
0.6156287 0.5431225 0.5114946 0.4979596 0.4994178 0.5040068 0.5047057 0.5125639 0.5217209 0.5309830 0.5327853 0.5359353 0.5355933 0.5366083 0.5464430 0.5563746 0.5636796 0.5663349 0.5722120 0.5773774 0.5752767 0.5745870 0.5760302 0.5766157 0.5764860 0.5814482 0.5855348 0.5871308 0.5865026 0.5857131 0.5850129 0.5882808 0.5967005 0.6066808 0.6149456 0.6230116 0.6316431 0.6396541 0.6455146 0.6515452 0.6581277 0.6624547 0.6672608 0.6711691 0.6732270 0.6717933 0.6741714 0.6783123 0.6815502 0.6893432 0.6979765 0.7061072 0.7145812 0.7209620 0.7264990 0.7329725 0.7435977 0.7511189 0.7548216 0.7512554
0.7163151 0.6224807 0.5460946 0.4981090 0.4798963 0.4788134 0.4802834 0.4825464 0.4859723 0.4898443 0.4953052 0.5019347 0.5088362 0.5168947 0.5227247 0.5284070 0.5291367 0.5298251 0.5293969 0.5283108 0.5226298 0.5223553 0.5250030 0.5248904 0.5323867 0.5402297 0.5485377 0.5528227 0.5584981 0.5609005 0.5623233 0.5618674 0.5708441 0.5821038 0.5888059 0.5983007 0.6063496 0.6128554 0.6157530 0.6222539 0.6280747 0.6293722 0.6326293 0.6360898 0.6370275 0.6366493 0.6416876 0.6477337 0.6530205 0.6619529 0.6741037 0.6844569 0.6929216 0.7007334 0.7070544 0.7094091 0.7111841 0.7147103 0.7139498 0.7128682
0.8270985 0.7737742 0.6766825 0.5981183 0.5183838 0.4914611 0.4884412 0.4861965 0.4847962 0.4869941 0.4897302 0.4948101 0.5015126 0.5082598 0.5118363 0.5124035 0.5106680 0.5081179 0.5046009 0.5004025 0.4975513 0.4975274 0.4989825 0.5005230 0.5022229 0.5048781 0.5072973 0.5097905 0.5138062 0.5187866 0.5232563 0.5303152 0.5399007 0.5483380 0.5546985 0.5625175 0.5696062 0.5720754 0.5760424 0.5800578 0.5833362 0.5808657 0.5831104 0.5878477 0.5896102 0.5979098 0.6059736 0.6130512 0.6156140 0.6235542 0.6329824 0.6369002 0.6445473 0.6522309 0.6557792 0.6525750 0.6552694 0.6592879 0.6636208 0.6674036
0.9004761 0.9032829 0.8400525 0.7674637 0.6617554 0.5831667 0.5284156 0.5197935 0.5170834 0.5148274 0.5124399 0.5100851 0.5100620 0.5122706 0.5149804 0.5156798 0.5155948 0.5126971 0.5107122 0.5092682 0.5045747 0.5025080 0.5006213 0.5018751 0.4990783 0.4961568 0.4943606 0.4953306 0.4963877 0.5006017 0.5084141 0.5165756 0.5241934 0.5300586 0.5343851 0.5388913 0.5418639 0.5419551 0.5434133 0.5450423 0.5453327 0.5452244 0.5491981 0.5551726 0.5612191 0.5689320 0.5784914 0.5853998 0.5885355 0.5901917 0.5920608 0.5919260 0.5946806 0.6011630 0.6042435 0.6055882 0.6118987 0.6199884 0.6265126 0.6357620
0.9510758 0.9649462 0.9648686 0.9089896 0.8244817 0.7269277 0.6167861 0.5626242 0.5500560 0.5444711 0.5408077 0.5344899 0.5292985 0.5287691 0.5291380 0.5290793 0.5294795 0.5299891 0.5303074 0.5309703 0.5298702 0.5275751 0.5278399 0.5263949 0.5217281 0.5176022 0.5176525 0.5172575 0.5171154 0.5200583 0.5256123 0.5275893 0.5290581 0.5310799 0.5323327 0.5329478 0.5332084 0.5330462 0.5334900 0.5350125 0.5378536 0.5424344 0.5476653 0.5536556 0.5620464 0.5677393 0.5729013 0.5763002 0.5753339 0.5719254 0.5704849 0.5709132 0.5735338 0.5796556 0.5852942 0.5907806 0.5974973 0.6052640 0.6132291 0.6220999
0.9591368 0.9722001 0.9838912 0.9755311 0.9378428 0.8523596 0.7675210 0.6713508 0.5982806 0.5626045 0.5598656 0.5558098 0.5495172 0.5443640 0.5416098 0.5401486 0.5388692 0.5401587 0.5421024 0.5479537 0.5488545 0.5504814 0.5533763 0.5545318 0.5527653 0.5512923 0.5525670 0.5511644 0.5504860 0.5509611 0.5511510 0.5475538 0.5448912 0.5433583 0.5416243 0.5407809 0.5415131 0.5435063 0.5458248 0.5499942 0.5557579 0.5617266 0.5674643 0.5730497 0.5765671 0.5778579 0.5781476 0.5785375 0.5779932 0.5772936 0.5801188 0.5834203 0.5862888 0.5911504 0.5977758 0.6009707 0.6038537 0.6091044 0.6155062 0.6214943
0.9100874 0.9295961 0.9458945 0.9531869 0.9579291 0.9510767 0.9105205 0.8048877 0.6789346 0.5920820 0.5553899 0.5495307 0.5462500 0.5425442 0.5401095 0.5358971 0.5344601 0.5351661 0.5398994 0.5465477 0.5520802 0.5534479 0.5550086 0.5578747 0.5621505 0.5674119 0.5673414 0.5676259 0.5675656 0.5669133 0.5640359 0.5612855 0.5586984 0.5576048 0.5552006 0.5544168 0.5557910 0.5570777 0.5599551 0.5634686 0.5666486 0.5708981 0.5749227 0.5771220 0.5795965 0.5812012 0.5824589 0.5839527 0.5862856 0.5898991 0.5952708 0.6009858 0.6048623 0.6087070 0.6123495 0.6136067 0.6144359 0.6160839 0.6183034 0.6209837
0.8410731 0.8675307 0.8968126 0.9181456 0.9424165 0.9489560 0.9342117 0.8911286 0.8075706 0.6935870 0.5760043 0.5154132 0.4982499 0.4996000 0.4980517 0.4985332 0.5010256 0.5039574 0.5078944 0.5128596 0.5105301 0.5129915 0.5140580 0.5204891 0.5257457 0.5333542 0.5322861 0.5365995 0.5399473 0.5399120 0.5426662 0.5456113 0.5473261 0.5453393 0.5467812 0.5479478 0.5473835 0.5502278 0.5530469 0.5541571 0.5532221 0.5556325 0.5591641 0.5593521 0.5629471 0.5669389 0.5697041 0.5733400 0.5788044 0.5857657 0.5923807 0.5991022 0.6045055 0.6072993 0.6092182 0.6109151 0.6126150 0.6091473 0.6085761 0.6095485
0.7853438 0.8248570 0.8668397 0.8967129 0.9358100 0.9413198 0.9315470 0.9210999 0.9097130 0.8250893 0.6978481 0.5346986 0.4446841 0.4296645 0.4369336 0.4406216 0.4456507 0.4434387 0.4435561 0.4418213 0.4421874 0.4455310 0.4465078 0.4531650 0.4571075 0.4585694 0.4585955 0.4595651 0.4579221 0.4639750 0.4729102 0.4824530 0.4829688 0.4889379 0.4945045 0.5005954 0.4984402 0.5034577 0.5084975 0.5045671 0.5077385 0.5118397 0.5158116 0.5136881 0.5182166 0.5232857 0.5274087 0.5312986 0.5391381 0.5455254 0.5477857 0.5553905 0.5627768 0.5665673 0.5649439 0.5692238 0.5686615 0.5641716 0.5652296 0.5666625
