simulation_files/asc_files/Depth____80.0.asc
NCOLS       411
NROWS       131
XLLCENTER    2538020.000000
YLLCENTER    1152390.000000
CELLSIZE           1.000
NODATA_VALUE     -9999.0
[rows 0 to 25 of 131, columns 240 to 299 of 411]
-9999.000 -9999.000 -9999.000 -9999.000 -9999.000 -9999.000 -9999.000 -9999.000 -9999.000 -9999.000 -9999.000 -9999.000 -9999.000 -9999.000 -9999.000 -9999.000 -9999.000 -9999.000 -9999.000 -9999.000 -9999.000 -9999.000 -9999.000 -9999.000 -9999.000 -9999.000 -9999.000 -9999.000 -9999.000 -9999.000 -9999.000 -9999.000 -9999.000 -9999.000 -9999.000 -9999.000 -9999.000 -9999.000 -9999.000 -9999.000 -9999.000 -9999.000 -9999.000 -9999.000 -9999.000 -9999.000 -9999.000 -9999.000 -9999.000 -9999.000 -9999.000 -9999.000 -9999.000 -9999.000 -9999.000 -9999.000 -9999.000 -9999.000 -9999.000 -9999.000
-9999.000 -9999.000 -9999.000 -9999.000 -9999.000 -9999.000 -9999.000 -9999.000 -9999.000 -9999.000 -9999.000 -9999.000 -9999.000 -9999.000 -9999.000 -9999.000 -9999.000 -9999.000 -9999.000 -9999.000 -9999.000 -9999.000 -9999.000 -9999.000 -9999.000 -9999.000 -9999.000 -9999.000 -9999.000 -9999.000 -9999.000 -9999.000 -9999.000 -9999.000 -9999.000 -9999.000 -9999.000 -9999.000 -9999.000 -9999.000 -9999.000 -9999.000 -9999.000 -9999.000 -9999.000 -9999.000 -9999.000 -9999.000 -9999.000 -9999.000 -9999.000 -9999.000 -9999.000 -9999.000 -9999.000 -9999.000 -9999.000 -9999.000 -9999.000 -9999.000
-9999.000 -9999.000 -9999.000 -9999.000 -9999.000 -9999.000 -9999.000 -9999.000 -9999.000 -9999.000 -9999.000 -9999.000 -9999.000 -9999.000 -9999.000 -9999.000 -9999.000 -9999.000 -9999.000 -9999.000 -9999.000 -9999.000 -9999.000 -9999.000 -9999.000 -9999.000 -9999.000 -9999.000 -9999.000 -9999.000 -9999.000 -9999.000 -9999.000 -9999.000 -9999.000 -9999.000 -9999.000 -9999.000 -9999.000 -9999.000 -9999.000 -9999.000 -9999.000 -9999.000 -9999.000 -9999.000 -9999.000 -9999.000 -9999.000 -9999.000 -9999.000 -9999.000 -9999.000 -9999.000 -9999.000 -9999.000 -9999.000 -9999.000 -9999.000 -9999.000
-9999.000 -9999.000 -9999.000 -9999.000 -9999.000 -9999.000 -9999.000 -9999.000 -9999.000 -9999.000 -9999.000 -9999.000 -9999.000 -9999.000 -9999.000 -9999.000 -9999.000 -9999.000 -9999.000 -9999.000 -9999.000 -9999.000 -9999.000 -9999.000 -9999.000 -9999.000 -9999.000 -9999.000 -9999.000 -9999.000 -9999.000 -9999.000 -9999.000 -9999.000 -9999.000 -9999.000 -9999.000 -9999.000 -9999.000 -9999.000 -9999.000 -9999.000 -9999.000 -9999.000 -9999.000 -9999.000 -9999.000 -9999.000 -9999.000 -9999.000 -9999.000 -9999.000 -9999.000 -9999.000 -9999.000 -9999.000 -9999.000 -9999.000 -9999.000 -9999.000
-9999.000 -9999.000 -9999.000 -9999.000 -9999.000 -9999.000 -9999.000 -9999.000 -9999.000 -9999.000 -9999.000 -9999.000 -9999.000 -9999.000 -9999.000 -9999.000 -9999.000 -9999.000 -9999.000 -9999.000 -9999.000 -9999.000 -9999.000 -9999.000 -9999.000 -9999.000 -9999.000 -9999.000 -9999.000 -9999.000 -9999.000 -9999.000 -9999.000 -9999.000 -9999.000 -9999.000 -9999.000 -9999.000 -9999.000 -9999.000 -9999.000 -9999.000 -9999.000 -9999.000 -9999.000 -9999.000 -9999.000 -9999.000 -9999.000 -9999.000 -9999.000 -9999.000 -9999.000 -9999.000 -9999.000 -9999.000 -9999.000 -9999.000 -9999.000 -9999.000
0.1416188 -9999.000 -9999.000 0.2532951E-01 -9999.000 -9999.000 -9999.000 -9999.000 -9999.000 -9999.000 -9999.000 -9999.000 -9999.000 -9999.000 -9999.000 -9999.000 -9999.000 -9999.000 -9999.000 -9999.000 -9999.000 -9999.000 -9999.000 -9999.000 -9999.000 -9999.000 -9999.000 -9999.000 -9999.000 -9999.000 -9999.000 -9999.000 -9999.000 -9999.000 -9999.000 -9999.000 -9999.000 -9999.000 -9999.000 -9999.000 -9999.000 -9999.000 -9999.000 -9999.000 -9999.000 -9999.000 -9999.000 -9999.000 -9999.000 -9999.000 -9999.000 -9999.000 -9999.000 -9999.000 -9999.000 -9999.000 -9999.000 -9999.000 -9999.000 -9999.000
0.4086781 0.3054138 0.2325284 0.1596955 0.1417689 0.1780464 0.2191881 0.1920270 0.2286873 0.2684614 0.2528911 0.1240584 0.6281876E-01 -9999.000 0.5904448E-01 0.6988190E-01 0.6362157E-01 0.5111821E-01 -9999.000 -9999.000 -9999.000 -9999.000 -9999.000 -9999.000 -9999.000 -9999.000 -9999.000 -9999.000 -9999.000 -9999.000 -9999.000 -9999.000 -9999.000 -9999.000 -9999.000 -9999.000 -9999.000 -9999.000 -9999.000 -9999.000 -9999.000 -9999.000 -9999.000 -9999.000 -9999.000 -9999.000 -9999.000 -9999.000 -9999.000 -9999.000 -9999.000 -9999.000 -9999.000 -9999.000 -9999.000 -9999.000 -9999.000 -9999.000 -9999.000 -9999.000
0.7270252 0.6263156 0.5301513 0.4441610 0.4068931 0.4459134 0.4531073 0.4431570 0.4783293 0.5209808 0.4299154 0.2654263 0.2150823 0.2109061 0.2269764 0.2363901 0.1905724 0.1479515 0.1189364 0.9199003E-01 0.6659901E-01 0.7214358E-01 0.7955294E-01 0.1004668 0.4575910E-01 0.4365151E-01 0.2520922E-01 -9999.000 0.2377966E-01 -9999.000 -9999.000 -9999.000 -9999.000 -9999.000 -9999.000 -9999.000 -9999.000 -9999.000 -9999.000 -9999.000 -9999.000 -9999.000 -9999.000 -9999.000 -9999.000 -9999.000 -9999.000 -9999.000 -9999.000 -9999.000 -9999.000 -9999.000 -9999.000 -9999.000 -9999.000 -9999.000 -9999.000 -9999.000 -9999.000 -9999.000
0.9733886 0.8683324 0.7887668 0.7331020 0.7212342 0.7352489 0.7161411 0.7105011 0.7187183 0.6720274 0.5342992 0.4183463 0.4048738 0.4067951 0.4006938 0.3680135 0.3151580 0.2774712 0.2527936 0.2372328 0.2263955 0.2145318 0.2282495 0.2231561 0.1886413 0.1561796 0.1453021 0.1248328 0.9626395E-01 0.8272686E-01 0.8312756E-01 0.7673103E-01 0.7704146E-01 0.1019248 0.9773634E-01 0.9069713E-01 0.8159426E-01 0.7570003E-01 -9999.000 -9999.000 0.1086384 0.7478862E-01 0.5921099E-01 0.5104378E-01 0.3981446E-01 0.2477174E-01 -9999.000 -9999.000 -9999.000 -9999.000 -9999.000 -9999.000 -9999.000 -9999.000 -9999.000 -9999.000 -9999.000 -9999.000 -9999.000 -9999.000
1.103317 1.040123 0.9863479 0.9480893 0.9162447 0.8900129 0.8626225 0.8427373 0.7675944 0.6352887 0.5404825 0.5212202 0.5294164 0.5094211 0.4671549 0.4272773 0.4009727 0.3881447 0.3805508 0.3918599 0.3864450 0.3855689 0.3877393 0.3703499 0.3380668 0.3081503 0.2901320 0.2589557 0.2321926 0.2166231 0.2259611 0.2211230 0.2262253 0.2492441 0.2426232 0.2263494 0.2201001 0.2257375 0.2138253 0.1979511 0.1800611 0.1625075 0.1345922 0.1123686 0.9252333E-01 0.6882066E-01 0.4538117E-01 0.2893711E-01 -9999.000 -9999.000 -9999.000 -9999.000 -9999.000 -9999.000 -9999.000 -9999.000 -9999.000 -9999.000 -9999.000 -9999.000
1.167754 1.161654 1.176012 1.185961 1.118186 0.9849196 0.8974957 0.8125507 0.6886826 0.6020354 0.5740140 0.5666406 0.5480086 0.5221813 0.4972014 0.4870086 0.4810677 0.4803546 0.4824972 0.4853519 0.4804341 0.4705901 0.4595030 0.4449875 0.4269198 0.4168000 0.4080345 0.3976995 0.3884459 0.3972976 0.4038990 0.4027034 0.3988033 0.4075715 0.3924625 0.3702135 0.3592969 0.3430796 0.3239937 0.3022029 0.2845242 0.2578300 0.2276317 0.2054111 0.1857297 0.1609451 0.1308488 0.1169968 0.9172473E-01 0.6580258E-01 0.5845365E-01 -9999.000 -9999.000 -9999.000 -9999.000 -9999.000 -9999.000 0.9819161E-01 0.1269891 0.1564231
1.246125 1.293116 1.379008 1.484291 1.354827 1.001933 0.8010773 0.6866134 0.6120582 0.5870109 0.5743263 0.5589832 0.5436583 0.5335132 0.5304419 0.5362086 0.5374539 0.5368931 0.5352132 0.5288450 0.5171422 0.5046475 0.4982383 0.4899991 0.4852625 0.4872088 0.4955880 0.5012315 0.5116660 0.5323160 0.5381800 0.5373558 0.5265391 0.5080227 0.4790702 0.4476198 0.4236187 0.4012409 0.3808163 0.3650903 0.3534740 0.3374755 0.3187495 0.3043416 0.2937140 0.2798843 0.2728445 0.2590379 0.2347477 0.2107318 0.2089663 0.1989376 0.1871715 0.1897931 0.1849403 0.1773853 0.1828266 0.2258727 0.2566444 0.2796168
1.359162 1.447205 1.569649 1.711583 1.557939 0.9401630 0.6903567 0.6337932 0.6090657 0.5930771 0.5800470 0.5745809 0.5707348 0.5705338 0.5734495 0.5740290 0.5702590 0.5651283 0.5599752 0.5534909 0.5464120 0.5445323 0.5444608 0.5449328 0.5485783 0.5614902 0.5721598 0.5805478 0.5906237 0.5939904 0.5896885 0.5762451 0.5525693 0.5268907 0.5025061 0.4791094 0.4622342 0.4454108 0.4310255 0.4283459 0.4221303 0.4174672 0.4120194 0.4161510 0.4089624 0.4033864 0.4042038 0.4083114 0.4008211 0.3990319 0.4165069 0.4157780 0.4182311 0.4292923 0.4201818 0.4090236 0.4129324 0.4318594 0.4347365 0.4378833
1.514606 1.610945 1.744664 1.894947 1.539977 0.8767897 0.6752611 0.6508296 0.6354643 0.6232058 0.6144070 0.6162560 0.6152425 0.6143170 0.6161515 0.6111997 0.6053136 0.6005330 0.6010554 0.5981928 0.5973855 0.6015783 0.6103695 0.6127203 0.6167839 0.6224972 0.6219347 0.6191784 0.6133987 0.6018171 0.5851100 0.5652097 0.5474050 0.5322710 0.5200795 0.5125353 0.5057204 0.4964876 0.4892051 0.4928047 0.4935018 0.4953898 0.5043740 0.5105569 0.5129728 0.5153309 0.5287849 0.5362101 0.5402583 0.5540532 0.5634324 0.5683014 0.5714186 0.5844735 0.5853597 0.5811728 0.5893916 0.5759001 0.5555192 0.5343463
1.630240 1.728260 1.817219 1.806210 1.569452 1.047405 0.7138947 0.6696272 0.6604800 0.6543633 0.6515010 0.6499237 0.6483545 0.6471629 0.6490438 0.6488664 0.6481566 0.6532208 0.6578898 0.6617999 0.6662339 0.6750101 0.6773882 0.6743532 0.6692911 0.6590722 0.6458222 0.6308308 0.6160629 0.6006505 0.5864956 0.5761482 0.5686211 0.5605186 0.5546142 0.5562508 0.5535060 0.5512533 0.5504257 0.5581142 0.5609506 0.5673028 0.5814289 0.5903738 0.6007753 0.6147650 0.6337617 0.6426979 0.6497085 0.6584800 0.6684108 0.6701646 0.6770434 0.6848842 0.6839902 0.6797093 0.6747250 0.6554321 0.6308172 0.6101984
1.655872 1.723795 1.718352 1.576562 1.443564 1.256306 0.9481649 0.7171457 0.6550087 0.6561111 0.6549123 0.6525749 0.6505990 0.6519132 0.6574536 0.6642797 0.6715817 0.6785939 0.6871978 0.6949575 0.6995348 0.6998990 0.6985446 0.6917648 0.6793858 0.6643742 0.6508572 0.6386635 0.6289488 0.6219948 0.6178203 0.6166179 0.6144463 0.6100610 0.6067452 0.6106367 0.6119954 0.6140470 0.6229433 0.6294785 0.6352994 0.6425009 0.6593965 0.6726784 0.6861584 0.7084305 0.7220076 0.7318587 0.7384383 0.7493862 0.7492670 0.7474663 0.7498589 0.7516493 0.7451467 0.7351903 0.7294846 0.7153482 0.7005608 0.6929795
1.534201 1.533859 1.480874 1.437052 1.417627 1.402123 1.190013 0.8460586 0.6588094 0.6358033 0.6368437 0.6344469 0.6313717 0.6307005 0.6374761 0.6462933 0.6550081 0.6587771 0.6645118 0.6693136 0.6647232 0.6628268 0.6606714 0.6572317 0.6474311 0.6425383 0.6385360 0.6348172 0.6315888 0.6302587 0.6320523 0.6376358 0.6424051 0.6458286 0.6503124 0.6589023 0.6642657 0.6723882 0.6841205 0.6931579 0.7032375 0.7147790 0.7283959 0.7388198 0.7496530 0.7639561 0.7744819 0.7832026 0.7905613 0.7961941 0.7975003 0.7975409 0.7983616 0.7982606 0.7919663 0.7869281 0.7839135 0.7767946 0.7680237 0.7619593
1.352073 1.347018 1.350030 1.365040 1.384465 1.383361 1.371482 1.196599 0.8010777 0.6000608 0.5976621 0.5977724 0.5961061 0.5950081 0.6019582 0.6085531 0.6119127 0.6086179 0.6088029 0.6080131 0.6007378 0.5981979 0.5995491 0.6012007 0.6028538 0.6093203 0.6152884 0.6192616 0.6214263 0.6230703 0.6249957 0.6304822 0.6403721 0.6518143 0.6628597 0.6741088 0.6854243 0.6966477 0.7075940 0.7183606 0.7292328 0.7393723 0.7492015 0.7583194 0.7660420 0.7719967 0.7786398 0.7858388 0.7905907 0.7976043 0.8041421 0.8090239 0.8116924 0.8101181 0.8066737 0.8045115 0.8048728 0.8014665 0.7948591 0.7856156
1.246358 1.279320 1.319600 1.357538 1.381054 1.385555 1.369199 1.296633 1.053605 0.7373864 0.5708620 0.5642389 0.5640072 0.5665295 0.5665455 0.5674429 0.5617067 0.5570815 0.5534526 0.5514794 0.5472019 0.5490929 0.5540876 0.5568907 0.5655257 0.5749473 0.5843863 0.5911643 0.6001428 0.6054703 0.6089943 0.6115051 0.6227902 0.6367198 0.6479273 0.6618789 0.6745866 0.6857737 0.6935314 0.7034980 0.7129894 0.7190484 0.7269262 0.7353141 0.7408454 0.7436542 0.7490718 0.7544967 0.7578680 0.7643114 0.7732355 0.7783984 0.7804409 0.7824170 0.7834678 0.7807819 0.7776723 0.7766044 0.7726849 0.7692833
1.264079 1.319793 1.365850 1.404674 1.424973 1.427089 1.398520 1.363912 1.283719 0.9865203 0.6642733 0.5739214 0.5594993 0.5504599 0.5469154 0.5406296 0.5350531 0.5313927 0.5287844 0.5269161 0.5265560 0.5284871 0.5316851 0.5349377 0.5390991 0.5446420 0.5496845 0.5548077 0.5613074 0.5687979 0.5764382 0.5869010 0.5996599 0.6118611 0.6228440 0.6350521 0.6464841 0.6540901 0.6622588 0.6693608 0.6764856 0.6791220 0.6851684 0.6923527 0.6942431 0.7008486 0.7069702 0.7116603 0.7101782 0.7152148 0.7212068 0.7204200 0.7243442 0.7295370 0.7308360 0.7271748 0.7294606 0.7341603 0.7391059 0.7426766
1.338254 1.391662 1.437339 1.464604 1.478524 1.486707 1.456906 1.409405 1.380970 1.276025 0.9424019 0.6496936 0.5985541 0.5689467 0.5534149 0.5448547 0.5429079 0.5400558 0.5393668 0.5398394 0.5367425 0.5364788 0.5361561 0.5396579 0.5398447 0.5398885 0.5410479 0.5449967 0.5487439 0.5560679 0.5678258 0.5795041 0.5907994 0.6007167 0.6094042 0.6177685 0.6249952 0.6303143 0.6359940 0.6401967 0.6433079 0.6454545 0.6495420 0.6544820 0.6583228 0.6635700 0.6709703 0.6743022 0.6735921 0.6724893 0.6719646 0.6702819 0.6726478 0.6795736 0.6842835 0.6876155 0.6943429 0.7029202 0.7103190 0.7194427
1.395399 1.451021 1.485318 1.511359 1.522298 1.531817 1.509264 1.457691 1.432875 1.432566 1.233739 0.8803648 0.6993983 0.6514117 0.6117814 0.5828913 0.5707574 0.5666041 0.5654463 0.5666006 0.5657067 0.5642386 0.5662890 0.5671485 0.5652398 0.5639895 0.5674249 0.5703894 0.5738670 0.5807530 0.5901700 0.5959983 0.6019949 0.6082746 0.6123462 0.6164831 0.6204997 0.6233404 0.6259716 0.6293029 0.6331100 0.6375002 0.6414864 0.6453399 0.6505720 0.6541585 0.6577130 0.6585292 0.6553312 0.6516402 0.6494865 0.6503729 0.6543262 0.6624241 0.6703453 0.6775112 0.6845030 0.6921980 0.7003419 0.7090920
1.418802 1.463397 1.501605 1.516589 1.529939 1.541930 1.531426 1.487310 1.458141 1.468485 1.494394 1.170818 0.8308056 0.7726828 0.7083350 0.6591465 0.6240707 0.6045492 0.5949795 0.5943921 0.5933916 0.5927455 0.5967694 0.5997781 0.6006155 0.6019161 0.6064603 0.6080937 0.6106465 0.6145679 0.6184853 0.6192153 0.6213557 0.6235531 0.6243018 0.6255196 0.6283722 0.6318831 0.6348645 0.6392160 0.6442223 0.6487930 0.6529812 0.6566480 0.6589124 0.6596952 0.6595687 0.6596281 0.6590028 0.6591085 0.6632764 0.6668671 0.6709783 0.6765191 0.6836237 0.6883098 0.6931717 0.6995169 0.7066857 0.7127798
1.374771 1.431843 1.463793 1.474531 1.496329 1.519926 1.512909 1.477382 1.462095 1.475386 1.505330 1.393772 1.074903 0.8586993 0.8364583 0.7765443 0.7107012 0.6671690 0.6364794 0.6223468 0.6143501 0.6097690 0.6074127 0.6100393 0.6160175 0.6239498 0.6257166 0.6284901 0.6310856 0.6340329 0.6343056 0.6344420 0.6346509 0.6358102 0.6356584 0.6357955 0.6359656 0.6375413 0.6393118 0.6429039 0.6445514 0.6481799 0.6522764 0.6544959 0.6576397 0.6604242 0.6627578 0.6660593 0.6698074 0.6745242 0.6817046 0.6884858 0.6927032 0.6963831 0.6999442 0.7012509 0.7032121 0.7065603 0.7107387 0.7146110
1.306599 1.370276 1.414645 1.435617 1.462917 1.480731 1.472762 1.461253 1.455692 1.459623 1.487588 1.487966 1.267097 0.9589923 0.8549133 0.8494057 0.8233459 0.7673501 0.7032940 0.6605734 0.6342584 0.6136218 0.5987741 0.5906108 0.5939143 0.5963150 0.5970284 0.6017130 0.6055887 0.6069187 0.6117755 0.6166944 0.6195048 0.6178240 0.6199371 0.6210789 0.6194278 0.6218440 0.6242476 0.6252813 0.6245558 0.6275830 0.6320216 0.6329082 0.6378087 0.6435594 0.6484602 0.6550713 0.6630607 0.6716996 0.6796321 0.6868399 0.6917847 0.6948088 0.6972591 0.6992656 0.7006160 0.6977733 0.6984421 0.7004687
1.251264 1.334595 1.393419 1.424444 1.454186 1.463684 1.461705 1.458073 1.448251 1.443940 1.460541 1.474883 1.375826 1.107900 0.8950209 0.8344010 0.8421031 0.8337806 0.7871610 0.7154882 0.6591080 0.6247804 0.6017366 0.5839633 0.5639887 0.5511391 0.5424727 0.5374022 0.5354895 0.5354530 0.5408027 0.5492003 0.5489118 0.5544972 0.5602262 0.5666176 0.5642056 0.5697129 0.5752779 0.5715237 0.5756156 0.5807510 0.5860062 0.5849524 0.5915817 0.5990464 0.6062791 0.6119250 0.6210857 0.6285315 0.6318784 0.6402646 0.6480118 0.6521488 0.6507576 0.6552990 0.6549781 0.6506688 0.6524866 0.6545167
