simulation_files/asc_files/Depth____135.0.asc
NCOLS       411
NROWS       131
XLLCENTER    2538020.000000
YLLCENTER    1152390.000000
CELLSIZE           1.000
NODATA_VALUE     -9999.0
[rows 27 to 53 of 131, columns 295 to 353 of 411]
0.6130399 0.6182875 0.6228885 0.6317861 0.6347396 0.6388554 0.6457020 0.6529501 0.6567131 0.6637474 0.6750159 0.6879116 0.6963905 0.7099672 0.7261770 0.7375901 0.7515998 0.7646701 0.7751739 0.7788242 0.7872824 0.7978235 0.8061927 0.8139012 0.8213340 0.8249786 0.8242335 0.8172175 0.8012919 0.7814116 0.7610996 0.7436139 0.7337529 0.7283913 0.7277633 0.7280996 0.7293019 0.7293426 0.7334594 0.7361451 0.7346902 0.7386664 0.7427647 0.7440484 0.7431768 0.7496376 0.7580303 0.7625070 0.7638343 0.7672853 0.7651792 0.7617833 0.7613304 0.7605724 0.7553932 0.7523694 0.7541566 0.7523446 0.7551895
0.5289046 0.5355877 0.5508713 0.5660291 0.5773866 0.5862744 0.5982209 0.6081291 0.6142060 0.6231253 0.6322156 0.6414643 0.6498548 0.6636089 0.6772564 0.6874122 0.7025403 0.7167290 0.7270685 0.7356892 0.7466704 0.7585665 0.7697110 0.7812674 0.7947293 0.8066854 0.8198583 0.8316589 0.8357920 0.8310192 0.8134365 0.7812703 0.7493887 0.7198279 0.7013290 0.6915856 0.6824333 0.6789935 0.6792458 0.6805905 0.6756282 0.6767942 0.6792319 0.6737644 0.6765194 0.6814587 0.6889951 0.6886969 0.6966876 0.7029681 0.7041198 0.7026115 0.7037364 0.7029759 0.6964829 0.6959997 0.6967084 0.6971998 0.6968816
0.4626451 0.4731962 0.4889086 0.5052811 0.5156619 0.5296006 0.5455137 0.5606171 0.5689153 0.5793688 0.5896187 0.5954711 0.6064819 0.6190004 0.6320510 0.6394116 0.6539074 0.6699622 0.6808311 0.6972671 0.7131458 0.7284378 0.7396746 0.7524923 0.7640435 0.7737999 0.7838799 0.7996049 0.8160004 0.8305502 0.8378212 0.8264822 0.7909050 0.7420996 0.6960726 0.6630652 0.6412894 0.6298425 0.6240136 0.6189853 0.6138242 0.6136611 0.6150526 0.6105776 0.6119457 0.6146286 0.6144411 0.6140503 0.6211210 0.6318872 0.6373254 0.6453370 0.6545565 0.6569609 0.6590291 0.6596948 0.6590625 0.6552257 0.6562987
0.4297589 0.4313024 0.4401918 0.4504521 0.4576959 0.4702641 0.4850101 0.4997917 0.5145631 0.5318626 0.5443084 0.5496253 0.5590289 0.5692989 0.5784145 0.5864105 0.6006906 0.6180232 0.6332292 0.6536107 0.6757994 0.6945883 0.7108220 0.7258470 0.7362774 0.7391618 0.7358583 0.7333561 0.7251911 0.7156707 0.7207494 0.7332019 0.7304680 0.7208925 0.6976728 0.6609321 0.6254537 0.6009001 0.5853581 0.5739537 0.5684964 0.5644458 0.5617196 0.5548295 0.5549644 0.5573306 0.5511620 0.5507123 0.5522734 0.5574627 0.5568216 0.5697979 0.5836659 0.5967130 0.5964640 0.6057003 0.6133412 0.6106934 0.6156260
0.4053465 0.4053340 0.4092440 0.4134886 0.4165549 0.4222342 0.4316821 0.4444882 0.4651455 0.4869194 0.5028786 0.5108642 0.5186934 0.5272048 0.5329030 0.5432597 0.5565678 0.5734746 0.5902764 0.6140390 0.6375717 0.6534703 0.6715226 0.6863351 0.6932462 0.6677777 0.6465747 0.6194548 0.5921204 0.5565518 0.5468067 0.5566108 0.5800365 0.6251395 0.6502752 0.6392090 0.6071494 0.5793406 0.5608586 0.5513793 0.5447931 0.5364332 0.5271117 0.5197512 0.5196581 0.5214442 0.5188985 0.5153109 0.5133497 0.5096611 0.5055450 0.5038233 0.5023534 0.4978441 0.5005873 0.5189331 0.5398172 0.5538066 0.5678401
0.3818656 0.3845348 0.3892076 0.3927020 0.3936641 0.3968468 0.4045761 0.4212413 0.4444865 0.4662137 0.4810090 0.4896217 0.4970749 0.5044681 0.5116541 0.5209051 0.5331313 0.5465178 0.5613367 0.5761780 0.5847204 0.5760519 0.5596053 0.5505722 0.5297128 0.5171065 0.5112064 0.5011990 0.4855257 0.4742597 0.4680904 0.4743740 0.5003422 0.5431295 0.5748057 0.5707477 0.5513521 0.5332111 0.5278568 0.5249129 0.5223803 0.5138948 0.5029173 0.4984089 0.5018754 0.5068082 0.5029529 0.4996830 0.4926022 0.4763435 0.4632836 0.4522368 0.4416649 0.4309937 0.4325244 0.4531470 0.4832826 0.5045438 0.5216061
0.3716752 0.3757365 0.3810792 0.3846605 0.3870122 0.3926308 0.4048265 0.4271180 0.4511253 0.4701509 0.4822266 0.4874790 0.4920811 0.4980209 0.5042950 0.5107514 0.5176890 0.5183082 0.5171950 0.5050762 0.4797553 0.4353417 0.4107981 0.3969178 0.3887564 0.4006019 0.4212349 0.4400233 0.4539321 0.4647779 0.4712734 0.4815762 0.4984627 0.5130582 0.5127364 0.4932209 0.4759175 0.4685516 0.4680459 0.4685319 0.4686554 0.4657775 0.4594864 0.4573931 0.4630142 0.4617302 0.4561073 0.4487663 0.4384669 0.4211076 0.4114780 0.4062582 0.4015768 0.4003618 0.4126204 0.4376316 0.4647653 0.4813685 0.4921962
0.3798981 0.3830686 0.3873509 0.3922376 0.3968262 0.4060819 0.4239424 0.4491416 0.4712898 0.4866327 0.4927978 0.4935590 0.4949252 0.4975811 0.4974444 0.4937701 0.4850438 0.4628960 0.4333932 0.4017725 0.3664434 0.3445534 0.3343919 0.3317580 0.3366009 0.3525596 0.3746997 0.3996013 0.4242957 0.4527176 0.4756705 0.4975045 0.5189864 0.5249038 0.5062536 0.4731626 0.4416288 0.4248063 0.4188940 0.4135990 0.4080089 0.4034526 0.3943975 0.3936124 0.3936921 0.3794574 0.3683858 0.3599549 0.3526707 0.3458313 0.3517506 0.3601427 0.3710619 0.3895417 0.4173756 0.4462523 0.4664208 0.4760995 0.4815018
0.4010405 0.4002736 0.4009610 0.4063744 0.4135995 0.4264371 0.4492671 0.4728697 0.4911400 0.4999087 0.4997923 0.4955118 0.4910774 0.4797238 0.4644787 0.4425390 0.4154694 0.3834437 0.3626885 0.3442267 0.3307529 0.3243796 0.3222167 0.3228557 0.3294268 0.3415735 0.3575699 0.3771558 0.3997981 0.4271641 0.4556440 0.4868488 0.5182645 0.5348821 0.5301500 0.5113278 0.4821232 0.4522040 0.4234666 0.3940315 0.3721461 0.3547879 0.3408941 0.3305753 0.3202521 0.3033927 0.2939787 0.2908072 0.2876969 0.2950716 0.3091808 0.3294151 0.3579575 0.3942762 0.4280535 0.4525205 0.4656347 0.4719055 0.4749907
0.4360475 0.4288177 0.4261993 0.4282165 0.4354979 0.4509610 0.4697862 0.4868178 0.4979547 0.4987394 0.4890382 0.4736524 0.4525645 0.4245982 0.3995203 0.3766792 0.3569785 0.3479527 0.3429591 0.3382108 0.3346073 0.3315345 0.3305126 0.3327473 0.3379978 0.3475028 0.3604825 0.3770782 0.3961564 0.4179103 0.4437671 0.4751510 0.5107075 0.5346643 0.5414863 0.5398420 0.5300971 0.5091852 0.4823119 0.4394695 0.3991298 0.3650372 0.3302499 0.3030780 0.2831535 0.2694296 0.2641898 0.2654530 0.2732794 0.2895043 0.3130558 0.3452559 0.3825212 0.4142786 0.4370373 0.4482467 0.4520866 0.4540093 0.4545133
0.4996188 0.4764509 0.4739540 0.4681852 0.4683189 0.4755927 0.4877696 0.4936798 0.4917577 0.4727287 0.4478944 0.4201814 0.3944526 0.3700793 0.3568115 0.3486382 0.3455286 0.3461327 0.3466247 0.3454358 0.3439188 0.3420183 0.3413593 0.3433014 0.3494859 0.3583184 0.3713145 0.3879816 0.4058118 0.4265148 0.4512150 0.4802711 0.5091861 0.5331145 0.5441499 0.5457903 0.5444625 0.5405013 0.5312186 0.5094192 0.4809829 0.4546660 0.4131643 0.3709408 0.3444048 0.3195020 0.2993791 0.2887756 0.2919927 0.3021849 0.3217157 0.3664406 0.4016857 0.4230668 0.4359504 0.4541088 0.4547679 0.4513914 0.4454658
0.6969594 0.6013661 0.5473374 0.5182110 0.5079519 0.5035017 0.4944232 0.4764465 0.4521515 0.4158862 0.3883882 0.3681276 0.3535742 0.3469049 0.3453713 0.3456168 0.3475377 0.3501006 0.3517905 0.3525402 0.3522984 0.3523315 0.3535467 0.3585987 0.3648745 0.3750760 0.3898679 0.4067372 0.4256210 0.4475608 0.4746498 0.5018061 0.5274903 0.5444195 0.5495727 0.5476941 0.5453900 0.5426119 0.5390704 0.5342950 0.5277451 0.5244058 0.5128519 0.4957550 0.4798339 0.4725827 0.4559511 0.4574356 0.4889233 0.5085200 0.5314995 0.5661130 0.6025908 0.6026191 0.6054699 0.6054449 0.5843132 0.5603101 0.5460611
0.9093157 0.8099061 0.7093640 0.6158213 0.5538226 0.5127611 0.4735483 0.4332646 0.3960831 0.3634012 0.3473171 0.3393772 0.3375813 0.3390390 0.3413105 0.3446382 0.3484921 0.3518643 0.3544525 0.3565913 0.3593675 0.3619388 0.3661649 0.3722593 0.3786354 0.3896452 0.4048233 0.4222284 0.4410541 0.4631897 0.4883930 0.5151266 0.5385579 0.5512965 0.5523968 0.5493717 0.5472263 0.5467198 0.5478514 0.5511870 0.5589325 0.5684583 0.5779389 0.5864493 0.6019366 0.6152400 0.6320871 0.6710868 0.7188527 0.7632667 0.7977379 0.8328745 0.8320842 0.8173405 0.8017516 0.7837154 0.7583960 0.7353654 0.7363793
1.031229 0.9849716 0.8946094 0.7532221 0.6139844 0.4999702 0.4254818 0.3855054 0.3606055 0.3464510 0.3382391 0.3335996 0.3323922 0.3342717 0.3385109 0.3433226 0.3474185 0.3514548 0.3550811 0.3585455 0.3636780 0.3680791 0.3727352 0.3782667 0.3853665 0.3973877 0.4128852 0.4296706 0.4483044 0.4695914 0.4940287 0.5204978 0.5439305 0.5570376 0.5600456 0.5590781 0.5595207 0.5629863 0.5668945 0.5751432 0.5899044 0.6050116 0.6243544 0.6505455 0.6853792 0.7213912 0.7626534 0.8130549 0.8634399 0.8987886 0.9204853 0.9213279 0.9032550 0.8787491 0.8544460 0.8326304 0.8155445 0.8075302 0.8101807
1.020142 0.9813104 0.9386455 0.8510092 0.7247198 0.5932810 0.4664406 0.3831129 0.3457439 0.3362283 0.3329581 0.3302801 0.3290006 0.3308105 0.3353199 0.3392778 0.3432904 0.3481065 0.3523563 0.3567106 0.3624310 0.3670747 0.3710086 0.3762930 0.3844107 0.3968602 0.4124387 0.4304002 0.4507839 0.4737324 0.4982924 0.5237257 0.5476797 0.5653494 0.5757379 0.5818747 0.5905694 0.5980835 0.6054964 0.6145539 0.6325315 0.6498282 0.6721018 0.7085176 0.7474473 0.7943110 0.8443307 0.8938071 0.9283867 0.9478683 0.9459880 0.9270742 0.9012553 0.8744797 0.8521010 0.8364551 0.8260886 0.8253074 0.8379974
0.9180586 0.9009528 0.8737469 0.8441766 0.7997228 0.7318169 0.6240427 0.4940192 0.4101038 0.3542390 0.3316405 0.3266859 0.3260251 0.3280927 0.3314993 0.3327751 0.3353839 0.3396672 0.3425191 0.3477708 0.3532593 0.3576296 0.3609971 0.3668553 0.3757098 0.3891155 0.4055784 0.4253595 0.4474973 0.4706907 0.4940310 0.5186669 0.5451309 0.5703358 0.5906182 0.6068625 0.6239544 0.6385816 0.6528836 0.6704048 0.6913030 0.7109167 0.7348216 0.7711741 0.8016673 0.8322596 0.8618931 0.8832654 0.8964117 0.8984750 0.8850827 0.8721895 0.8650878 0.8597217 0.8605271 0.8584169 0.8561251 0.8614863 0.8715286
0.8243283 0.8195000 0.8142846 0.8155672 0.8171285 0.8029778 0.7672505 0.7029174 0.6104902 0.4816769 0.3807000 0.3378055 0.3238530 0.3240518 0.3240823 0.3233872 0.3242706 0.3265161 0.3285947 0.3328415 0.3380004 0.3413665 0.3457942 0.3521082 0.3620277 0.3755309 0.3933602 0.4134577 0.4316799 0.4501975 0.4712313 0.4978211 0.5285985 0.5616696 0.5893842 0.6134260 0.6362640 0.6599904 0.6839365 0.7130889 0.7416903 0.7724714 0.8049301 0.8432785 0.8648119 0.8767131 0.8802051 0.8702716 0.8519267 0.8298839 0.8105188 0.8124680 0.8273170 0.8510146 0.8726879 0.8827298 0.8889121 0.9018527 0.9065693
0.8047901 0.7964993 0.7943266 0.8052850 0.8139625 0.8173942 0.8158154 0.8115107 0.7689354 0.7055368 0.5913117 0.4942396 0.3925690 0.3359075 0.3191421 0.3145249 0.3134198 0.3129756 0.3127236 0.3147716 0.3181752 0.3198698 0.3248376 0.3298439 0.3381456 0.3477866 0.3637970 0.3841265 0.3991886 0.4129386 0.4369259 0.4679901 0.5042927 0.5406708 0.5701421 0.5960563 0.6229969 0.6541187 0.6868368 0.7214076 0.7610665 0.8030558 0.8444758 0.8806185 0.9038179 0.9129400 0.9119156 0.8980712 0.8721793 0.8501984 0.8381466 0.8347848 0.8472943 0.8737376 0.8836067 0.8819817 0.8844700 0.8860092 0.8754770
0.8350109 0.8231685 0.8122851 0.8069413 0.8038607 0.8100414 0.8203088 0.8247501 0.8212314 0.8194104 0.7846570 0.7164693 0.5861920 0.4486229 0.3601923 0.3153422 0.3033711 0.3019477 0.3016957 0.3019257 0.3022006 0.3028222 0.3042305 0.3070658 0.3103196 0.3172133 0.3274702 0.3387127 0.3480751 0.3659466 0.3953167 0.4326265 0.4723883 0.5108335 0.5420442 0.5671033 0.5960363 0.6291727 0.6655416 0.7024552 0.7452246 0.7897469 0.8281993 0.8610763 0.8839490 0.8975982 0.8956970 0.9025446 0.9070635 0.9147120 0.9297875 0.9484250 0.9684921 0.9774954 0.9371515 0.8864414 0.8372591 0.7664409 0.7060615
0.8576722 0.8504537 0.8398551 0.8227817 0.8099002 0.8077960 0.8084092 0.8041192 0.8074257 0.8123825 0.8109924 0.8133213 0.7815672 0.6743614 0.5475475 0.3982573 0.3107500 0.3033670 0.2990465 0.2984892 0.2968186 0.2940172 0.2912664 0.2892236 0.2883457 0.2906680 0.2945108 0.3007606 0.3132508 0.3367917 0.3678479 0.4028701 0.4396979 0.4790383 0.5121030 0.5403640 0.5701193 0.6034375 0.6398566 0.6785089 0.7177767 0.7525210 0.7760629 0.7903954 0.8021956 0.8065587 0.8183363 0.8385312 0.8674585 0.9047103 0.9603170 1.019580 1.064319 1.074038 1.023283 0.9084676 0.7326791 0.5783231 0.4846979
0.8399296 0.8559927 0.8590595 0.8473802 0.8362772 0.8243008 0.8191341 0.8064086 0.7925384 0.7935960 0.8055470 0.8196037 0.8323051 0.8218285 0.7757316 0.6519418 0.4973011 0.3820573 0.3179707 0.2986961 0.2975155 0.2958472 0.2918512 0.2878809 0.2871578 0.2868506 0.2896757 0.2994731 0.3179675 0.3384243 0.3592636 0.3810806 0.4153932 0.4585061 0.4948946 0.5203898 0.5485660 0.5816319 0.6171700 0.6536713 0.6837129 0.7038951 0.7081626 0.7127910 0.7157945 0.7171126 0.7301485 0.7444178 0.7663418 0.8066403 0.8811101 0.9595451 1.017656 1.017114 0.9426730 0.7870577 0.6183581 0.4691103 0.3630777
0.7799879 0.8176670 0.8560962 0.8592967 0.8559057 0.8532641 0.8469651 0.8387356 0.8172795 0.8022498 0.7921725 0.8070229 0.8248781 0.8517503 0.8573995 0.8432224 0.7624533 0.6302774 0.4656014 0.3589300 0.3211448 0.3109892 0.3115744 0.3137520 0.3183108 0.3206740 0.3259721 0.3367526 0.3493026 0.3586723 0.3711272 0.3918283 0.4254127 0.4623770 0.4855109 0.5041422 0.5337330 0.5655194 0.5929171 0.6158388 0.6302239 0.6308725 0.6277735 0.6259235 0.6296416 0.6313291 0.6384617 0.6450636 0.6482531 0.6859238 0.7513115 0.8137410 0.8294287 0.7758047 0.6511812 0.5522286 0.5150082 0.4555251 0.3940943
0.6793066 0.7212941 0.7840012 0.8176918 0.8388519 0.8475986 0.8537458 0.8625649 0.8598679 0.8387977 0.8137375 0.7978914 0.8064097 0.8260491 0.8518938 0.8739187 0.8780598 0.8725386 0.7668508 0.5905802 0.4462084 0.3494015 0.3362442 0.3454716 0.3549850 0.3635159 0.3691157 0.3759981 0.3750786 0.3778433 0.3877138 0.4038263 0.4283983 0.4461533 0.4422931 0.4613712 0.4946848 0.5230164 0.5338098 0.5442597 0.5441349 0.5309222 0.5247857 0.5222822 0.5219355 0.5184625 0.5255703 0.5347285 0.5438438 0.5707106 0.6055527 0.6043136 0.5610612 0.5017552 0.4373660 0.4077084 0.4257451 0.4277389 0.4017548
0.5239825 0.5686759 0.6241448 0.6812216 0.7334120 0.7707117 0.7943280 0.8131829 0.8590136 0.8567931 0.8484723 0.8217579 0.8079090 0.8068355 0.8278554 0.8611081 0.9017499 0.9395604 0.9392065 0.8881337 0.7716599 0.5666209 0.4152189 0.3590470 0.3532601 0.3602823 0.3614433 0.3607366 0.3630146 0.3676662 0.3710674 0.3751733 0.3774895 0.3709712 0.3706958 0.3957459 0.4245144 0.4347218 0.4409505 0.4440012 0.4378873 0.4197407 0.4137215 0.4157160 0.4082328 0.4148441 0.4292346 0.4515663 0.4681764 0.4984865 0.5154660 0.4968867 0.4633644 0.4465446 0.4077191 0.3629644 0.3383765 0.3370762 0.2996199
0.3470940 0.3821978 0.4207530 0.4857510 0.5515436 0.6063609 0.6716305 0.7162213 0.7732503 0.8210241 0.8496294 0.8549083 0.8435086 0.8445309 0.8402687 0.8584255 0.8804058 0.9237045 0.9791803 1.035673 1.000510 0.9340135 0.6939558 0.5104640 0.3536110 0.3228669 0.3118442 0.3123038 0.3160736 0.3188741 0.3111082 0.3056932 0.2968512 0.2947724 0.3072808 0.3362261 0.3578890 0.3628380 0.3679759 0.3679910 0.3611077 0.3486982 0.3476596 0.3556116 0.3653835 0.3786897 0.4043251 0.4432874 0.4913502 0.5214539 0.5268520 0.5126367 0.4782825 0.4414668 0.3956598 0.3349221 0.2826068 0.2230740 0.1315609
0.1958999 0.2447909 0.2863781 0.3327759 0.3922527 0.4499208 0.5243401 0.6014938 0.6745161 0.7422368 0.7979417 0.8463998 0.8723836 0.8987040 0.8854548 0.8770380 0.8719098 0.8969409 0.9505682 1.000747 1.039998 1.064919 1.020249 0.8652842 0.6524958 0.3727078 0.2664675 0.2641925 0.2651523 0.2601694 0.2508434 0.2452405 0.2475890 0.2646364 0.2922331 0.3168134 0.3318489 0.3380540 0.3410682 0.3409238 0.3369927 0.3364245 0.3460461 0.3659293 0.4031507 0.4393053 0.4800036 0.5340342 0.5688439 0.5781062 0.5608661 0.5236535 0.4749625 0.4206493 0.3611558 0.2786433 0.2065429 0.1333402 0.7330937E-01
0.1112861 0.1498924 0.1911879 0.2323701 0.2819345 0.3299626 0.3998843 0.4783910 0.5575175 0.6417554 0.6978701 0.7576670 0.8062670 0.8616501 0.8911485 0.8857206 0.8775050 0.8788428 0.9054227 0.9393867 1.002786 1.049626 1.084028 1.082838 0.9319550 0.6716511 0.4829489 0.3016744 0.2605714 0.2460694 0.2332111 0.2317138 0.2511605 0.2866433 0.3146271 0.3336879 0.3466459 0.3593358 0.3688225 0.3849797 0.4184753 0.4339200 0.4577710 0.4961147 0.5421775 0.5732976 0.6002783 0.6206964 0.6149230 0.6004020 0.5651987 0.5062020 0.4470255 0.3887336 0.2711583 0.1656323 0.8479907E-01 0.3717888E-01 0.3381745E-01
