simulation_files/asc_files/Depth____30.0.asc
NCOLS       411
NROWS       131
XLLCENTER    2538020.000000
YLLCENTER    1152390.000000
CELLSIZE           1.000
NODATA_VALUE     -9999.0
[rows 0 to 25 of 131, columns 300 to 359 of 411]
-9999.000 -9999.000 -9999.000 -9999.000 -9999.000 -9999.000 -9999.000 -9999.000 -9999.000 -9999.000 -9999.000 -9999.000 -9999.000 -9999.000 -9999.000 -9999.000 -9999.000 -9999.000 -9999.000 -9999.000 -9999.000 -9999.000 -9999.000 -9999.000 -9999.000 -9999.000 -9999.000 -9999.000 -9999.000 -9999.000 -9999.000 -9999.000 -9999.000 -9999.000 -9999.000 -9999.000 -9999.000 -9999.000 -9999.000 -9999.000 -9999.000 -9999.000 -9999.000 -9999.000 -9999.000 -9999.000 -9999.000 -9999.000 -9999.000 -9999.000 -9999.000 -9999.000 -9999.000 -9999.000 -9999.000 -9999.000 -9999.000 -9999.000 -9999.000 -9999.000
-9999.000 -9999.000 -9999.000 -9999.000 -9999.000 -9999.000 -9999.000 -9999.000 -9999.000 -9999.000 -9999.000 -9999.000 -9999.000 -9999.000 -9999.000 -9999.000 -9999.000 -9999.000 -9999.000 -9999.000 -9999.000 -9999.000 -9999.000 -9999.000 -9999.000 -9999.000 -9999.000 -9999.000 -9999.000 -9999.000 -9999.000 -9999.000 -9999.000 -9999.000 -9999.000 -9999.000 -9999.000 -9999.000 -9999.000 -9999.000 -9999.000 -9999.000 -9999.000 -9999.000 -9999.000 -9999.000 -9999.000 -9999.000 -9999.000 -9999.000 -9999.000 -9999.000 -9999.000 -9999.000 -9999.000 -9999.000 -9999.000 -9999.000 -9999.000 -9999.000
-9999.000 -9999.000 -9999.000 -9999.000 -9999.000 -9999.000 -9999.000 -9999.000 -9999.000 -9999.000 -9999.000 -9999.000 -9999.000 -9999.000 -9999.000 -9999.000 -9999.000 -9999.000 -9999.000 -9999.000 -9999.000 -9999.000 -9999.000 -9999.000 -9999.000 -9999.000 -9999.000 -9999.000 -9999.000 -9999.000 -9999.000 -9999.000 -9999.000 -9999.000 -9999.000 -9999.000 -9999.000 -9999.000 -9999.000 -9999.000 -9999.000 -9999.000 -9999.000 -9999.000 -9999.000 -9999.000 -9999.000 -9999.000 -9999.000 -9999.000 -9999.000 -9999.000 -9999.000 -9999.000 -9999.000 -9999.000 -9999.000 -9999.000 -9999.000 -9999.000
-9999.000 -9999.000 -9999.000 -9999.000 -9999.000 -9999.000 -9999.000 -9999.000 -9999.000 -9999.000 -9999.000 -9999.000 -9999.000 -9999.000 -9999.000 -9999.000 -9999.000 -9999.000 -9999.000 -9999.000 -9999.000 -9999.000 -9999.000 -9999.000 -9999.000 -9999.000 -9999.000 -9999.000 -9999.000 -9999.000 -9999.000 -9999.000 -9999.000 -9999.000 -9999.000 -9999.000 -9999.000 -9999.000 -9999.000 -9999.000 -9999.000 -9999.000 -9999.000 -9999.000 -9999.000 -9999.000 -9999.000 -9999.000 -9999.000 -9999.000 -9999.000 -9999.000 -9999.000 -9999.000 -9999.000 -9999.000 -9999.000 -9999.000 -9999.000 -9999.000
-9999.000 -9999.000 -9999.000 -9999.000 -9999.000 -9999.000 -9999.000 -9999.000 -9999.000 -9999.000 -9999.000 -9999.000 -9999.000 -9999.000 -9999.000 -9999.000 -9999.000 -9999.000 -9999.000 -9999.000 -9999.000 -9999.000 -9999.000 -9999.000 -9999.000 -9999.000 -9999.000 -9999.000 -9999.000 -9999.000 -9999.000 -9999.000 -9999.000 -9999.000 -9999.000 -9999.000 -9999.000 -9999.000 -9999.000 -9999.000 -9999.000 -9999.000 -9999.000 -9999.000 -9999.000 -9999.000 -9999.000 -9999.000 -9999.000 -9999.000 -9999.000 -9999.000 -9999.000 -9999.000 -9999.000 -9999.000 -9999.000 -9999.000 -9999.000 -9999.000
-9999.000 -9999.000 -9999.000 -9999.000 -9999.000 -9999.000 -9999.000 -9999.000 -9999.000 -9999.000 -9999.000 -9999.000 -9999.000 -9999.000 -9999.000 -9999.000 -9999.000 -9999.000 -9999.000 -9999.000 -9999.000 -9999.000 -9999.000 -9999.000 -9999.000 -9999.000 -9999.000 -9999.000 -9999.000 -9999.000 -9999.000 -9999.000 -9999.000 -9999.000 -9999.000 -9999.000 -9999.000 -9999.000 -9999.000 -9999.000 -9999.000 -9999.000 -9999.000 -9999.000 -9999.000 -9999.000 -9999.000 -9999.000 -9999.000 -9999.000 -9999.000 -9999.000 -9999.000 -9999.000 -9999.000 -9999.000 -9999.000 -9999.000 -9999.000 -9999.000
-9999.000 -9999.000 -9999.000 -9999.000 -9999.000 -9999.000 -9999.000 -9999.000 -9999.000 -9999.000 -9999.000 -9999.000 -9999.000 -9999.000 -9999.000 -9999.000 -9999.000 -9999.000 -9999.000 -9999.000 -9999.000 -9999.000 -9999.000 -9999.000 -9999.000 -9999.000 -9999.000 -9999.000 -9999.000 -9999.000 -9999.000 -9999.000 -9999.000 -9999.000 -9999.000 -9999.000 -9999.000 -9999.000 -9999.000 -9999.000 -9999.000 -9999.000 -9999.000 -9999.000 -9999.000 -9999.000 -9999.000 -9999.000 -9999.000 -9999.000 -9999.000 -9999.000 -9999.000 -9999.000 -9999.000 -9999.000 -9999.000 -9999.000 -9999.000 -9999.000
-9999.000 -9999.000 -9999.000 -9999.000 -9999.000 -9999.000 -9999.000 -9999.000 -9999.000 -9999.000 -9999.000 -9999.000 -9999.000 -9999.000 -9999.000 -9999.000 -9999.000 -9999.000 -9999.000 -9999.000 -9999.000 -9999.000 -9999.000 -9999.000 -9999.000 -9999.000 -9999.000 -9999.000 -9999.000 -9999.000 -9999.000 -9999.000 -9999.000 -9999.000 -9999.000 -9999.000 -9999.000 -9999.000 -9999.000 -9999.000 -9999.000 -9999.000 -9999.000 -9999.000 -9999.000 -9999.000 -9999.000 -9999.000 -9999.000 -9999.000 -9999.000 -9999.000 -9999.000 -9999.000 -9999.000 -9999.000 -9999.000 -9999.000 -9999.000 -9999.000
-9999.000 -9999.000 -9999.000 -9999.000 -9999.000 -9999.000 -9999.000 -9999.000 -9999.000 -9999.000 -9999.000 -9999.000 -9999.000 -9999.000 -9999.000 -9999.000 -9999.000 -9999.000 -9999.000 -9999.000 -9999.000 -9999.000 -9999.000 -9999.000 -9999.000 -9999.000 -9999.000 -9999.000 -9999.000 -9999.000 -9999.000 -9999.000 -9999.000 -9999.000 -9999.000 -9999.000 -9999.000 -9999.000 -9999.000 -9999.000 -9999.000 -9999.000 -9999.000 -9999.000 -9999.000 -9999.000 -9999.000 -9999.000 -9999.000 -9999.000 -9999.000 -9999.000 -9999.000 -9999.000 -9999.000 -9999.000 -9999.000 -9999.000 -9999.000 -9999.000
-9999.000 -9999.000 -9999.000 -9999.000 -9999.000 -9999.000 -9999.000 -9999.000 -9999.000 -9999.000 -9999.000 -9999.000 -9999.000 -9999.000 -9999.000 -9999.000 -9999.000 -9999.000 -9999.000 -9999.000 -9999.000 -9999.000 -9999.000 -9999.000 -9999.000 -9999.000 -9999.000 -9999.000 -9999.000 -9999.000 -9999.000 -9999.000 -9999.000 -9999.000 -9999.000 -9999.000 -9999.000 -9999.000 -9999.000 -9999.000 -9999.000 -9999.000 -9999.000 -9999.000 -9999.000 -9999.000 -9999.000 -9999.000 -9999.000 -9999.000 -9999.000 -9999.000 -9999.000 -9999.000 -9999.000 -9999.000 -9999.000 -9999.000 -9999.000 -9999.000
-9999.000 -9999.000 -9999.000 -9999.000 -9999.000 -9999.000 -9999.000 -9999.000 -9999.000 -9999.000 -9999.000 -9999.000 -9999.000 -9999.000 -9999.000 -9999.000 -9999.000 -9999.000 0.2547481E-01 -9999.000 -9999.000 0.1131732E-01 0.1027012E-01 -9999.000 -9999.000 -9999.000 -9999.000 -9999.000 0.1274943E-01 0.2293845E-01 0.3569899E-01 0.3711128E-01 0.3994090E-01 0.3997294E-01 0.3825710E-01 0.4360086E-01 0.5857954E-01 0.6632939E-01 0.7103976E-01 0.7831180E-01 0.7593917E-01 0.7316808E-01 0.7576972E-01 0.7487166E-01 0.7450495E-01 0.6904091E-01 0.6081044E-01 0.5765773E-01 0.4899890E-01 0.4696510E-01 0.4534001E-01 0.4613817E-01 0.5283669E-01 0.3674778E-01 0.1915056E-01 -9999.000 -9999.000 -9999.000 -9999.000 -9999.000
-9999.000 -9999.000 -9999.000 -9999.000 -9999.000 -9999.000 -9999.000 0.3173359E-01 0.3609123E-01 0.4096849E-01 0.3841038E-01 0.3799131E-01 -9999.000 -9999.000 -9999.000 -9999.000 -9999.000 -9999.000 0.6728555E-01 0.6541610E-01 0.6322508E-01 0.4883569E-01 0.4201901E-01 0.3406654E-01 0.2611622E-01 -9999.000 0.3825157E-01 0.4197204E-01 0.4432717E-01 0.4982109E-01 0.6002252E-01 0.5920529E-01 0.5951336E-01 0.6124829E-01 0.6350612E-01 0.6792251E-01 0.7509289E-01 0.7946359E-01 0.8311324E-01 0.8764620E-01 0.8663848E-01 0.8575796E-01 0.8590723E-01 0.8609064E-01 0.8399963E-01 0.7802299E-01 0.7594396E-01 0.7300692E-01 0.6591434E-01 0.6327296E-01 0.6220380E-01 0.5793943E-01 0.5397771E-01 0.4786383E-01 0.3562439E-01 -9999.000 -9999.000 -9999.000 -9999.000 -9999.000
-9999.000 -9999.000 -9999.000 -9999.000 -9999.000 0.5008083E-01 0.7763181E-01 0.9782763E-01 0.1050187 0.1102867 0.1173226 0.1157945 0.1178364 0.1183066 0.1274320 0.1343081 0.1346262 0.1339666 0.1345193 0.1263604 0.1184410 0.1157998 0.1092373 0.9781745E-01 0.8949287E-01 0.1051460 0.1033523 0.1033802 0.1013283 0.1070752 0.1068088 0.1018833 0.1040320 0.1069700 0.1108830 0.1143459 0.1204928 0.1208883 0.1214833 0.1229507 0.1280894 0.1278122 0.1284609 0.1320847 0.1271236 0.1227063 0.1192444 0.1184247 0.1119419 0.1076378 0.1050819 0.9444137E-01 0.8656835E-01 0.7870389E-01 0.6974509E-01 0.5943571E-01 0.3826299E-01 0.3419746E-01 -9999.000 -9999.000
-9999.000 -9999.000 0.5081833E-01 0.7476399E-01 0.1028976 0.1234609 0.1516511 0.1658503 0.1768625 0.1837432 0.1959625 0.2006533 0.2045117 0.2071025 0.2083381 0.2108269 0.2060215 0.2018075 0.2001188 0.1953990 0.1890231 0.1863435 0.1870942 0.1853089 0.1872801 0.1886387 0.1826377 0.1754609 0.1725703 0.1691946 0.1636568 0.1582356 0.1623582 0.1659042 0.1698188 0.1776554 0.1801378 0.1763947 0.1747932 0.1776883 0.1783142 0.1784671 0.1813410 0.1817453 0.1780342 0.1738804 0.1757466 0.1717051 0.1659351 0.1624769 0.1586624 0.1495185 0.1412035 0.1399722 0.1300987 0.1185475 0.1074480 0.1081727 0.1020759 0.1119239
-9999.000 0.9731481E-01 0.1332882 0.1636840 0.1805122 0.1899080 0.2024259 0.2112722 0.2199818 0.2301153 0.2362857 0.2413757 0.2447349 0.2422326 0.2408721 0.2373774 0.2332439 0.2308443 0.2303796 0.2318355 0.2332867 0.2399990 0.2412748 0.2446435 0.2491300 0.2508143 0.2447015 0.2357836 0.2330577 0.2259922 0.2201824 0.2170897 0.2222016 0.2231892 0.2261190 0.2307963 0.2310874 0.2293622 0.2264814 0.2282581 0.2253298 0.2242677 0.2246984 0.2254536 0.2234366 0.2217856 0.2214430 0.2182982 0.2137472 0.2114172 0.2079774 0.2014227 0.1987691 0.1981383 0.1951735 0.1930017 0.1977203 0.2048167 0.1981468 0.1997915
0.1375886 0.1924360 0.2227143 0.2416332 0.2460462 0.2491861 0.2541337 0.2540690 0.2574275 0.2625550 0.2670183 0.2721713 0.2737701 0.2715022 0.2693795 0.2669082 0.2661021 0.2665916 0.2681593 0.2712734 0.2793096 0.2855266 0.2880722 0.2918680 0.2985839 0.3012135 0.2986319 0.2970006 0.2911695 0.2835822 0.2766231 0.2773825 0.2773300 0.2766335 0.2754259 0.2791966 0.2785670 0.2772411 0.2782978 0.2754580 0.2722027 0.2682672 0.2683659 0.2640980 0.2607218 0.2581482 0.2574850 0.2550554 0.2526390 0.2540097 0.2516550 0.2485496 0.2461863 0.2506897 0.2526824 0.2551481 0.2653234 0.2678178 0.2680492 0.2677185
0.2165572 0.2570011 0.2762076 0.2875388 0.2940989 0.3003630 0.3059614 0.3063673 0.3079344 0.3113223 0.3176608 0.3189646 0.3195882 0.3226737 0.3194305 0.3167941 0.3177916 0.3254711 0.3265052 0.3269644 0.3308273 0.3387259 0.3406132 0.3407791 0.3499461 0.3502531 0.3493187 0.3456456 0.3450025 0.3395962 0.3337274 0.3348447 0.3333274 0.3312646 0.3305711 0.3342940 0.3303542 0.3274392 0.3286474 0.3254529 0.3204166 0.3160636 0.3140318 0.3075631 0.3025156 0.3002332 0.2991652 0.2963150 0.2977085 0.3004621 0.3003390 0.3000323 0.3037444 0.3068313 0.3068596 0.3076848 0.3135363 0.3180790 0.3201671 0.3279990
0.2600633 0.2829092 0.2979839 0.3098838 0.3205493 0.3304922 0.3410584 0.3475563 0.3531611 0.3591143 0.3651515 0.3659783 0.3678841 0.3699382 0.3686464 0.3673236 0.3700727 0.3741055 0.3748985 0.3754016 0.3788186 0.3822344 0.3821465 0.3813986 0.3805684 0.3795460 0.3776780 0.3776847 0.3786169 0.3790715 0.3789705 0.3814576 0.3827443 0.3820016 0.3842903 0.3831272 0.3792915 0.3749652 0.3762509 0.3727578 0.3674997 0.3674765 0.3628631 0.3584215 0.3537303 0.3579897 0.3539759 0.3519431 0.3523581 0.3595133 0.3597745 0.3607637 0.3669396 0.3668906 0.3670511 0.3681481 0.3760084 0.3792599 0.3851332 0.4015242
0.2572175 0.2821532 0.2977560 0.3118012 0.3252011 0.3370373 0.3481513 0.3587749 0.3674127 0.3733242 0.3788010 0.3829957 0.3853808 0.3864164 0.3857448 0.3848545 0.3848204 0.3836747 0.3838542 0.3848626 0.3840898 0.3837721 0.3842208 0.3835968 0.3816329 0.3831324 0.3846482 0.3878612 0.3923002 0.3967324 0.4001438 0.4025765 0.4038457 0.4042991 0.4044516 0.4030593 0.3994980 0.3970093 0.3967367 0.3952313 0.3931753 0.3931045 0.3938189 0.3930101 0.3927737 0.3933707 0.3937751 0.3946374 0.3969636 0.3996596 0.4020562 0.4057469 0.4112856 0.4149618 0.4189214 0.4277611 0.4359809 0.4457120 0.4583520 0.4806626
0.2461219 0.2733130 0.2853915 0.2979268 0.3101496 0.3208137 0.3323362 0.3433487 0.3517748 0.3579164 0.3652501 0.3716270 0.3751433 0.3763650 0.3764176 0.3750679 0.3721347 0.3686263 0.3660508 0.3643616 0.3629435 0.3638662 0.3654826 0.3653792 0.3673337 0.3710871 0.3751745 0.3791531 0.3847297 0.3898267 0.3920378 0.3938609 0.3942432 0.3937828 0.3897722 0.3867733 0.3848137 0.3827083 0.3852498 0.3867538 0.3883611 0.3882169 0.3910906 0.3933637 0.3939807 0.3962341 0.3988405 0.4014890 0.4027112 0.4074987 0.4132629 0.4199420 0.4285958 0.4373093 0.4477631 0.4618832 0.4762886 0.4922956 0.5106276 0.5290911
0.2385988 0.2629914 0.2700869 0.2809846 0.2925378 0.3019319 0.3116894 0.3209836 0.3269714 0.3355428 0.3430203 0.3507562 0.3564664 0.3621622 0.3656179 0.3664174 0.3654556 0.3610984 0.3536929 0.3481724 0.3440063 0.3433243 0.3440749 0.3445512 0.3476737 0.3515161 0.3553971 0.3586229 0.3635081 0.3667083 0.3683960 0.3706137 0.3708102 0.3673788 0.3621870 0.3598791 0.3595493 0.3589639 0.3589496 0.3608970 0.3620012 0.3645872 0.3688365 0.3734128 0.3764853 0.3805282 0.3851432 0.3898279 0.3946106 0.4020827 0.4108484 0.4201628 0.4316168 0.4437662 0.4577098 0.4745696 0.4907172 0.5071437 0.5234466 0.5363947
0.2378035 0.2591406 0.2688560 0.2786737 0.2886613 0.2974282 0.3051062 0.3129023 0.3208355 0.3280868 0.3351862 0.3422433 0.3497477 0.3572988 0.3641177 0.3696757 0.3736193 0.3746275 0.3699937 0.3636708 0.3525146 0.3428887 0.3381641 0.3366883 0.3373481 0.3394739 0.3397993 0.3429040 0.3452270 0.3473756 0.3468004 0.3492904 0.3505714 0.3501020 0.3482092 0.3470031 0.3446836 0.3426217 0.3413618 0.3413168 0.3427955 0.3459139 0.3502614 0.3551493 0.3602620 0.3667062 0.3731108 0.3804162 0.3888194 0.3984045 0.4083658 0.4193418 0.4316407 0.4443203 0.4573695 0.4704929 0.4834274 0.4958830 0.5075840 0.5183402
0.2536499 0.2730177 0.2846608 0.2933838 0.3014518 0.3104639 0.3162838 0.3225604 0.3308062 0.3365845 0.3427980 0.3494810 0.3581239 0.3659140 0.3747643 0.3848637 0.3936364 0.4014061 0.4080228 0.4116603 0.4026163 0.3859977 0.3696236 0.3565105 0.3477096 0.3449907 0.3439910 0.3435060 0.3434664 0.3445179 0.3466252 0.3483637 0.3498116 0.3520961 0.3526333 0.3524350 0.3527722 0.3513290 0.3487513 0.3465438 0.3468910 0.3486094 0.3508845 0.3550748 0.3603009 0.3671085 0.3748178 0.3838764 0.3935817 0.4026296 0.4118654 0.4220759 0.4322444 0.4427407 0.4545550 0.4650278 0.4779084 0.4875660 0.4955509 0.5017364
0.2734305 0.2919332 0.3045239 0.3132270 0.3208734 0.3279893 0.3334572 0.3392400 0.3465712 0.3512525 0.3564695 0.3632683 0.3706609 0.3789015 0.3892559 0.4026952 0.4159087 0.4278760 0.4421136 0.4550538 0.4627220 0.4595458 0.4498006 0.4243186 0.3943273 0.3733321 0.3675385 0.3632300 0.3605086 0.3626867 0.3634009 0.3642423 0.3642222 0.3683069 0.3702712 0.3716166 0.3758131 0.3760987 0.3767027 0.3762072 0.3790171 0.3768604 0.3752227 0.3776605 0.3825768 0.3875908 0.3951451 0.4050431 0.4129201 0.4211322 0.4302891 0.4408302 0.4489469 0.4574462 0.4667217 0.4743415 0.4816733 0.4890668 0.4943392 0.4972222
0.2899605 0.3053764 0.3170905 0.3252430 0.3315249 0.3374311 0.3431550 0.3486984 0.3536262 0.3579461 0.3628458 0.3683605 0.3750635 0.3831656 0.3933383 0.4060872 0.4214442 0.4378397 0.4543601 0.4723924 0.4888211 0.5018628 0.5088553 0.5012590 0.4755737 0.4424010 0.4144044 0.3935481 0.3855080 0.3851884 0.3847921 0.3850193 0.3873241 0.3908326 0.3930487 0.3959431 0.4007927 0.4039896 0.4076462 0.4131347 0.4163324 0.4148643 0.4130886 0.4169552 0.4197927 0.4223049 0.4289567 0.4341793 0.4400337 0.4467263 0.4554762 0.4624970 0.4684872 0.4739450 0.4799460 0.4847260 0.4896507 0.4943869 0.4974784 0.5002635
0.2716000 0.2873048 0.3013433 0.3103639 0.3133735 0.3200475 0.3275384 0.3317960 0.3363013 0.3420592 0.3482455 0.3526141 0.3591048 0.3664140 0.3719808 0.3810852 0.3944810 0.4113848 0.4243246 0.4447544 0.4684699 0.4868607 0.5056596 0.5220651 0.5267455 0.5159833 0.4855599 0.4474645 0.4187446 0.4083995 0.4044970 0.4033662 0.4064882 0.4090311 0.4116411 0.4147962 0.4197441 0.4234189 0.4286009 0.4353159 0.4433731 0.4465398 0.4479128 0.4505719 0.4520341 0.4533708 0.4550250 0.4572716 0.4596877 0.4633215 0.4670969 0.4715470 0.4751778 0.4780583 0.4804936 0.4834387 0.4872946 0.4897134 0.4932710 0.4983263
