simulation_files/asc_files/Depth____75.0.asc
NCOLS       411
NROWS       131
XLLCENTER    2538020.000000
YLLCENTER    1152390.000000
CELLSIZE           1.000
NODATA_VALUE     -9999.0
[rows 0 to 26 of 131, columns 177 to 235 of 411]
-9999.000 -9999.000 -9999.000 -9999.000 -9999.000 -9999.000 -9999.000 -9999.000 -9999.000 -9999.000 -9999.000 -9999.000 -9999.000 -9999.000 -9999.000 -9999.000 -9999.000 -9999.000 -9999.000 -9999.000 -9999.000 -9999.000 -9999.000 -9999.000 -9999.000 -9999.000 -9999.000 -9999.000 -9999.000 -9999.000 -9999.000 -9999.000 -9999.000 -9999.000 -9999.000 -9999.000 -9999.000 -9999.000 -9999.000 -9999.000 -9999.000 -9999.000 -9999.000 -9999.000 -9999.000 -9999.000 -9999.000 -9999.000 -9999.000 -9999.000 -9999.000 -9999.000 -9999.000 -9999.000 -9999.000 -9999.000 -9999.000 -9999.000 -9999.000
-9999.000 -9999.000 -9999.000 -9999.000 -9999.000 -9999.000 -9999.000 -9999.000 -9999.000 -9999.000 -9999.000 -9999.000 -9999.000 -9999.000 -9999.000 -9999.000 -9999.000 -9999.000 -9999.000 -9999.000 -9999.000 -9999.000 -9999.000 -9999.000 -9999.000 -9999.000 -9999.000 -9999.000 -9999.000 -9999.000 -9999.000 -9999.000 -9999.000 -9999.000 -9999.000 -9999.000 -9999.000 -9999.000 -9999.000 -9999.000 -9999.000 -9999.000 -9999.000 -9999.000 -9999.000 -9999.000 -9999.000 -9999.000 -9999.000 -9999.000 -9999.000 -9999.000 -9999.000 -9999.000 -9999.000 -9999.000 -9999.000 -9999.000 -9999.000
-9999.000 -9999.000 -9999.000 -9999.000 -9999.000 -9999.000 -9999.000 -9999.000 -9999.000 -9999.000 -9999.000 -9999.000 -9999.000 -9999.000 -9999.000 -9999.000 -9999.000 -9999.000 -9999.000 -9999.000 -9999.000 -9999.000 -9999.000 -9999.000 -9999.000 -9999.000 -9999.000 -9999.000 -9999.000 -9999.000 -9999.000 -9999.000 -9999.000 -9999.000 -9999.000 -9999.000 -9999.000 -9999.000 -9999.000 -9999.000 -9999.000 -9999.000 -9999.000 -9999.000 -9999.000 -9999.000 -9999.000 -9999.000 -9999.000 -9999.000 -9999.000 -9999.000 -9999.000 -9999.000 -9999.000 -9999.000 -9999.000 -9999.000 -9999.000
-9999.000 -9999.000 -9999.000 -9999.000 -9999.000 -9999.000 -9999.000 -9999.000 -9999.000 -9999.000 -9999.000 -9999.000 -9999.000 -9999.000 -9999.000 -9999.000 -9999.000 -9999.000 -9999.000 -9999.000 -9999.000 -9999.000 -9999.000 -9999.000 -9999.000 -9999.000 -9999.000 -9999.000 -9999.000 -9999.000 -9999.000 -9999.000 -9999.000 -9999.000 -9999.000 -9999.000 -9999.000 -9999.000 -9999.000 -9999.000 -9999.000 -9999.000 -9999.000 -9999.000 -9999.000 -9999.000 -9999.000 -9999.000 -9999.000 -9999.000 -9999.000 -9999.000 -9999.000 -9999.000 -9999.000 -9999.000 -9999.000 -9999.000 -9999.000
-9999.000 -9999.000 -9999.000 -9999.000 -9999.000 -9999.000 -9999.000 -9999.000 -9999.000 -9999.000 -9999.000 -9999.000 -9999.000 -9999.000 -9999.000 -9999.000 -9999.000 -9999.000 -9999.000 -9999.000 -9999.000 -9999.000 -9999.000 -9999.000 -9999.000 -9999.000 -9999.000 -9999.000 -9999.000 -9999.000 -9999.000 -9999.000 -9999.000 -9999.000 -9999.000 -9999.000 -9999.000 -9999.000 -9999.000 -9999.000 -9999.000 -9999.000 -9999.000 -9999.000 -9999.000 -9999.000 -9999.000 -9999.000 -9999.000 -9999.000 -9999.000 -9999.000 -9999.000 -9999.000 -9999.000 0.2023844E-01 -9999.000 -9999.000 -9999.000
-9999.000 -9999.000 -9999.000 -9999.000 -9999.000 -9999.000 -9999.000 -9999.000 -9999.000 -9999.000 -9999.000 -9999.000 -9999.000 -9999.000 -9999.000 -9999.000 -9999.000 -9999.000 -9999.000 -9999.000 -9999.000 -9999.000 -9999.000 -9999.000 -9999.000 -9999.000 -9999.000 -9999.000 -9999.000 -9999.000 -9999.000 -9999.000 -9999.000 -9999.000 -9999.000 -9999.000 -9999.000 -9999.000 -9999.000 -9999.000 -9999.000 -9999.000 -9999.000 -9999.000 -9999.000 -9999.000 -9999.000 -9999.000 -9999.000 -9999.000 0.1448469 0.2269888 0.2447463 0.2604262 0.2366848 0.2020138 0.2417595 0.2530696 0.2181220
-9999.000 -9999.000 -9999.000 -9999.000 -9999.000 -9999.000 -9999.000 -9999.000 -9999.000 -9999.000 -9999.000 -9999.000 -9999.000 -9999.000 -9999.000 -9999.000 -9999.000 -9999.000 -9999.000 -9999.000 -9999.000 -9999.000 -9999.000 -9999.000 -9999.000 -9999.000 -9999.000 -9999.000 -9999.000 -9999.000 -9999.000 -9999.000 -9999.000 -9999.000 -9999.000 -9999.000 -9999.000 -9999.000 -9999.000 0.7888112 0.7277791 0.5754252 0.3378330 -9999.000 -9999.000 -9999.000 -9999.000 -9999.000 0.1355223 0.2504343 0.3932927 0.4920211 0.5423118 0.5784946 0.5889862 0.5505296 0.5077319 0.5162358 0.5156573
-9999.000 -9999.000 -9999.000 -9999.000 -9999.000 -9999.000 -9999.000 -9999.000 -9999.000 -9999.000 -9999.000 -9999.000 -9999.000 -9999.000 -9999.000 -9999.000 -9999.000 -9999.000 -9999.000 -9999.000 -9999.000 -9999.000 -9999.000 -9999.000 -9999.000 -9999.000 -9999.000 -9999.000 -9999.000 -9999.000 -9999.000 -9999.000 -9999.000 -9999.000 -9999.000 -9999.000 1.093745 0.9890719 0.8745396 0.7987480 0.7515514 0.6381470 0.4221980 0.2143425 0.2458758 0.3006904 0.3215245 0.3523398 0.4570733 0.5977241 0.7514885 0.8543783 0.8791095 0.9043938 0.8912284 0.8551703 0.8379164 0.8502205 0.8546816
-9999.000 -9999.000 -9999.000 -9999.000 -9999.000 -9999.000 -9999.000 -9999.000 -9999.000 -9999.000 -9999.000 -9999.000 -9999.000 -9999.000 -9999.000 -9999.000 -9999.000 -9999.000 -9999.000 -9999.000 -9999.000 -9999.000 -9999.000 -9999.000 -9999.000 -9999.000 -9999.000 -9999.000 -9999.000 -9999.000 -9999.000 1.061189 1.048145 1.056925 1.090686 1.105844 1.056172 0.9467877 0.8210112 0.7628926 0.7231630 0.6632933 0.5645821 0.5026735 0.5284720 0.6383657 0.7209592 0.7911991 0.8933358 0.9774774 1.071743 1.151052 1.167281 1.185780 1.126262 1.100256 1.098294 1.108944 1.076144
-9999.000 -9999.000 -9999.000 -9999.000 -9999.000 -9999.000 -9999.000 -9999.000 -9999.000 -9999.000 -9999.000 -9999.000 -9999.000 -9999.000 -9999.000 -9999.000 -9999.000 -9999.000 -9999.000 -9999.000 -9999.000 -9999.000 -9999.000 -9999.000 -9999.000 -9999.000 -9999.000 0.9532687 1.001616 1.042181 1.051377 1.041196 1.023942 1.026066 1.032753 0.9953167 0.9083203 0.8088379 0.7363402 0.7048515 0.6912233 0.6930205 0.7126542 0.7606017 0.8326761 0.9358331 1.045248 1.142893 1.208602 1.245285 1.287494 1.316135 1.321281 1.288563 1.254505 1.236573 1.209779 1.174282 1.126645
0.9719842E-01 0.1028592 0.1100860 0.1159836 0.1297207 0.1538709 0.1882949 0.2223210 0.2539094 0.2946707 0.3347320 0.3817398 0.4308128 0.4864024 0.5603851 0.5307467 0.4096388 0.3952577 0.4114231 0.4318618 0.4445771 0.4564417 0.4806971 0.6607719 0.8262143 0.8914048 0.9297334 0.9727137 1.011625 1.024273 1.022058 0.9849115 0.9438543 0.9403815 0.9101630 0.8241427 0.7290783 0.6752809 0.6691121 0.6795587 0.7055627 0.7574882 0.8341646 0.9247893 1.021052 1.117693 1.195805 1.282576 1.327452 1.352932 1.376519 1.372591 1.350124 1.289491 1.255873 1.218515 1.179226 1.154372 1.136397
0.1033029 0.1097409 0.1175104 0.1273064 0.1441833 0.1721771 0.2085891 0.2439870 0.2769860 0.3162341 0.3583969 0.4018937 0.4501903 0.5099997 0.5668282 0.5337048 0.4485159 0.4259109 0.4409660 0.4586293 0.4749511 0.5009222 0.5742780 0.7158429 0.8347320 0.9019555 0.9668118 1.024210 1.042601 1.015235 0.9696093 0.9158775 0.8679705 0.8114537 0.7354432 0.6684649 0.6384556 0.6443491 0.6714903 0.7136564 0.7722209 0.8461869 0.9291053 1.013746 1.095961 1.169175 1.231264 1.281061 1.313352 1.327306 1.325977 1.310610 1.272097 1.219419 1.185898 1.166840 1.154852 1.163172 1.178364
0.1191031 0.1257720 0.1365934 0.1517096 0.1776239 0.2151901 0.2587673 0.2964938 0.3268695 0.3676890 0.4092159 0.4449204 0.4877559 0.5489559 0.6020900 0.5575502 0.4802744 0.4812571 0.4974955 0.5162587 0.5414547 0.5903993 0.6815480 0.8060990 0.8873201 0.9480348 1.021791 1.096934 1.117493 1.036480 0.9394804 0.8555449 0.7775702 0.6928174 0.6310908 0.6139579 0.6295176 0.6638835 0.7118261 0.7712236 0.8386705 0.9103987 0.9821570 1.051515 1.117853 1.176529 1.223055 1.255800 1.269404 1.254834 1.229055 1.192982 1.162843 1.143259 1.141804 1.151902 1.172732 1.195163 1.214293
0.1383099 0.1480093 0.1627805 0.1860201 0.2224859 0.2715953 0.3214333 0.3536428 0.3847952 0.4262218 0.4634908 0.4885862 0.5296301 0.5886223 0.6145910 0.5687173 0.5323633 0.5366988 0.5544879 0.5830631 0.6291898 0.6996897 0.7871713 0.8721476 0.9431610 1.008212 1.080292 1.166868 1.209050 1.095934 0.9210749 0.7902689 0.6968249 0.6428085 0.6266653 0.6392025 0.6719574 0.7193938 0.7754970 0.8346532 0.8954460 0.9571532 1.016953 1.073965 1.126561 1.168446 1.200482 1.210138 1.195622 1.154712 1.126900 1.115688 1.119499 1.137723 1.158693 1.180771 1.199434 1.215279 1.229124
0.1595597 0.1725308 0.1935815 0.2261662 0.2733526 0.3307171 0.3789348 0.4062218 0.4405212 0.4832095 0.5100316 0.5266667 0.5688321 0.6218127 0.6302161 0.5881371 0.5728615 0.5861787 0.6125972 0.6577956 0.7206838 0.7941691 0.8665027 0.9339190 0.9995086 1.063633 1.133940 1.226791 1.280267 1.135652 0.9018667 0.7529826 0.6804492 0.6575922 0.6645675 0.6910845 0.7333522 0.7859022 0.8410613 0.8943751 0.9466170 0.9986332 1.047604 1.089921 1.126760 1.155578 1.167206 1.150527 1.114807 1.078981 1.071609 1.081782 1.104998 1.134859 1.163566 1.183735 1.194841 1.213123 1.239733
0.1816911 0.1994131 0.2292663 0.2717399 0.3288210 0.3907428 0.4269716 0.4509883 0.4932209 0.5342641 0.5448164 0.5636068 0.6172906 0.6635856 0.6444480 0.6110455 0.6167655 0.6355077 0.6773872 0.7383039 0.8061330 0.8709161 0.9281558 0.9837366 1.045115 1.106655 1.173366 1.261414 1.308186 1.090041 0.8629916 0.7740103 0.7295830 0.7122773 0.7197490 0.7465815 0.7867129 0.8337550 0.8820549 0.9290424 0.9737330 1.014016 1.045629 1.076278 1.096214 1.092505 1.073941 1.050761 1.026807 1.022312 1.031582 1.047200 1.065213 1.090681 1.117336 1.130678 1.149212 1.178347 1.212315
0.2123672 0.2357044 0.2777629 0.3305467 0.3924854 0.4438959 0.4719194 0.4993141 0.5374220 0.5632875 0.5804109 0.6212995 0.6774650 0.6919983 0.6618955 0.6502275 0.6671719 0.7017090 0.7572453 0.8195687 0.8779687 0.9300350 0.9768775 1.023756 1.075923 1.134716 1.202248 1.270933 1.196154 0.9761470 0.8503525 0.8342954 0.8278788 0.8185259 0.8082742 0.8079852 0.8228202 0.8491660 0.8814860 0.9164364 0.9506476 0.9833909 1.010666 1.025289 1.018696 0.9795420 0.9524191 0.9385550 0.9341697 0.9461131 0.9590570 0.9687457 0.9746209 0.9965728 1.024178 1.049435 1.082045 1.111664 1.136861
0.2452488 0.2801506 0.3269188 0.3823695 0.4452526 0.4917547 0.5089403 0.5316887 0.5626565 0.5768505 0.6071664 0.6692285 0.7274163 0.7045046 0.6662818 0.6790247 0.7048297 0.7538284 0.8137023 0.8678879 0.9158391 0.9586212 0.9995036 1.040913 1.085799 1.141851 1.209860 1.257333 1.067054 0.8562594 0.8535509 0.8708902 0.8958780 0.9111123 0.9067149 0.8869509 0.8673766 0.8597794 0.8669428 0.8798781 0.9004900 0.9214707 0.9351368 0.9266602 0.8877829 0.8573007 0.8459467 0.8472237 0.8457521 0.8511598 0.8592094 0.8587112 0.8714799 0.8948062 0.9279058 0.9579300 0.9919891 1.016573 1.025357
0.2992127 0.3295313 0.3846598 0.4388032 0.4936894 0.5302720 0.5455849 0.5637582 0.5792567 0.6022031 0.6520793 0.7193918 0.7305171 0.6853858 0.6722632 0.6932525 0.7337281 0.7860331 0.8385364 0.8874201 0.9316111 0.9716580 1.010845 1.050074 1.093106 1.147979 1.209062 1.123200 0.9255926 0.8531437 0.8719191 0.9007493 0.9300267 0.9556429 0.9726415 0.9725099 0.9528795 0.9233938 0.8795583 0.8621293 0.8600208 0.8575909 0.8475524 0.8207717 0.7832974 0.7684675 0.7636170 0.7625051 0.7549463 0.7573768 0.7626099 0.7663905 0.7824323 0.8059045 0.8336490 0.8635455 0.9017049 0.9304117 0.9505923
0.3752152 0.4256946 0.4756917 0.5274239 0.5747621 0.5996845 0.6052836 0.6174908 0.6297480 0.6620853 0.7188088 0.7647099 0.7267686 0.6682552 0.6742728 0.7026327 0.7484250 0.7971756 0.8424192 0.8857329 0.9278450 0.9696542 1.011509 1.052023 1.096016 1.149196 1.160452 0.9944444 0.8401004 0.8566493 0.8886753 0.9219054 0.9502272 0.9746872 0.9967815 1.014424 1.029795 1.021347 0.9801539 0.9157181 0.8616820 0.8127721 0.7699260 0.7357368 0.7133036 0.7041494 0.6995364 0.6918783 0.6892806 0.6934611 0.7033863 0.7157160 0.7348274 0.7580481 0.7830212 0.8179109 0.8640751 0.9132124 0.9501856
0.4687987 0.5226555 0.5759286 0.6251501 0.6687476 0.6839604 0.6886642 0.6951968 0.7182583 0.7619203 0.8024761 0.7789947 0.7006339 0.6757013 0.6882419 0.7195952 0.7586514 0.7980271 0.8365435 0.8744343 0.9137898 0.9564196 0.9999212 1.043675 1.092257 1.140441 1.038400 0.8653926 0.8349450 0.8631181 0.8964000 0.9282149 0.9556796 0.9795298 1.001553 1.030817 1.064113 1.092710 1.092124 1.040852 0.9473276 0.8320361 0.7440961 0.6979534 0.6738547 0.6628738 0.6572410 0.6547136 0.6601613 0.6712347 0.6873226 0.7073671 0.7298711 0.7554695 0.7880733 0.8290711 0.8807258 0.9423373 0.9996727
0.5564793 0.6119161 0.6656220 0.7106401 0.7433521 0.7508592 0.7518742 0.7639767 0.7993236 0.8426339 0.8446355 0.7769893 0.7073942 0.6990084 0.7143277 0.7406531 0.7691712 0.7975131 0.8265450 0.8584200 0.8953361 0.9366363 0.9799962 1.026962 1.075492 1.057740 0.9151973 0.8156873 0.8358189 0.8655731 0.8938194 0.9199979 0.9473501 0.9714525 0.9987146 1.033341 1.077904 1.117173 1.126988 1.096753 1.021244 0.9124164 0.7968018 0.7098292 0.6604460 0.6459803 0.6429173 0.6459217 0.6553310 0.6705554 0.6903588 0.7144991 0.7420689 0.7735207 0.8144010 0.8581048 0.9082424 0.9740781 1.041693
0.6456195 0.7030737 0.7444960 0.7780156 0.7906683 0.7843885 0.7788838 0.7985530 0.8439939 0.8748382 0.8461569 0.7679087 0.7457678 0.7526273 0.7629382 0.7738986 0.7881609 0.8058657 0.8245499 0.8468444 0.8763467 0.9122470 0.9550663 1.006279 1.049693 0.9415561 0.8032424 0.8091164 0.8337086 0.8587375 0.8830844 0.9063564 0.9241406 0.9495663 0.9848792 1.028405 1.076795 1.116297 1.118850 1.080882 1.018871 0.9573062 0.8789705 0.7840794 0.6923823 0.6472384 0.6393548 0.6445836 0.6541035 0.6667863 0.6842230 0.7095243 0.7424247 0.7785725 0.8184704 0.8626616 0.9119887 0.9689467 1.036135
0.7285212 0.7659807 0.7952088 0.8118485 0.8096422 0.7977950 0.7988656 0.8257869 0.8552287 0.8479533 0.7989464 0.7644408 0.7799986 0.8136451 0.8338697 0.8392103 0.8403185 0.8417025 0.8452794 0.8552684 0.8717065 0.8946494 0.9304544 0.9715032 0.9378843 0.8273858 0.7796265 0.8051536 0.8284647 0.8492495 0.8673764 0.8830837 0.9006127 0.9276270 0.9634993 1.005579 1.045130 1.069782 1.065425 1.009627 0.9584244 0.9277662 0.9039936 0.8563790 0.7560386 0.6460894 0.6050381 0.6117229 0.6271652 0.6396079 0.6467009 0.6678554 0.6987535 0.7294637 0.7693208 0.8115443 0.8578189 0.9052217 0.9756625
0.7669179 0.7933788 0.8167009 0.8226456 0.8130053 0.8025354 0.8173130 0.8502710 0.8613726 0.8206499 0.7587974 0.7553334 0.8031694 0.8595109 0.8930676 0.9101020 0.9226832 0.9253064 0.9167365 0.9075654 0.9022306 0.9034225 0.9161370 0.9178686 0.8191622 0.7327282 0.7607692 0.7915097 0.8108599 0.8303827 0.8475841 0.8592829 0.8711033 0.8952112 0.9287969 0.9600856 0.9765304 0.9779005 0.9533834 0.9067808 0.8754056 0.8605538 0.8547754 0.8462062 0.7945941 0.6866707 0.5874430 0.5475356 0.5581989 0.5724353 0.5872078 0.6059294 0.6280416 0.6489581 0.6775766 0.7173483 0.7538641 0.8011410 0.8655596
0.7727461 0.7994280 0.8142305 0.8124042 0.8052201 0.8131568 0.8404477 0.8652590 0.8495894 0.7955236 0.7659622 0.7898725 0.8451938 0.8969104 0.9288911 0.9497942 0.9726424 0.9920910 1.002208 0.9981218 0.9830610 0.9694766 0.9366008 0.8317372 0.7259970 0.7040985 0.7277036 0.7558192 0.7736698 0.7916666 0.8105387 0.8225637 0.8325468 0.8425214 0.8685479 0.8850325 0.8790199 0.8643217 0.8385396 0.8185025 0.8052855 0.7970090 0.7963118 0.8088603 0.8021075 0.7457267 0.6526538 0.5517628 0.5041970 0.5020106 0.5230830 0.5445233 0.5618802 0.5693281 0.5893951 0.6190335 0.6516858 0.6900722 0.7471564
0.7718967 0.7959051 0.8039655 0.7997247 0.8026181 0.8272906 0.8606936 0.8732770 0.8376001 0.7891363 0.7927180 0.8378202 0.8931765 0.9346933 0.9574331 0.9728574 0.9930268 1.015472 1.040852 1.055219 1.055135 1.048324 0.9726308 0.7943973 0.6885763 0.6815704 0.6884751 0.7009967 0.7090872 0.7282128 0.7491700 0.7738672 0.7901450 0.7976081 0.8005886 0.7905195 0.7675532 0.7564552 0.7634440 0.7690827 0.7659281 0.7665310 0.7759330 0.7951528 0.7913883 0.7706276 0.7516877 0.6431370 0.5120270 0.4633970 0.4717604 0.4906962 0.5011632 0.5064768 0.5142536 0.5284701 0.5438256 0.5733087 0.6216036
