simulation_files/asc_files/Depth____110.0.asc
NCOLS       411
NROWS       131
XLLCENTER    2538020.000000
YLLCENTER    1152390.000000
CELLSIZE           1.000
NODATA_VALUE     -9999.0
[rows 27 to 53 of 131, columns 236 to 294 of 411]
1.080249 1.216174 1.446037 1.685767 1.900258 2.090950 2.209476 2.272623 2.312450 2.345979 2.363345 2.358549 2.337807 2.267443 2.156618 1.968470 1.623161 1.264840 1.189878 1.168866 1.154235 1.155146 1.175236 1.210296 1.233352 1.218228 1.146639 1.041761 0.9634434 0.9239905 0.9246929 0.9225215 0.9070273 0.8725701 0.8240496 0.7515555 0.6823340 0.6103512 0.5581307 0.5244560 0.5126402 0.5136801 0.5183660 0.5163956 0.5219250 0.5248486 0.5214833 0.5280848 0.5355512 0.5406878 0.5409025 0.5484833 0.5556996 0.5589277 0.5596273 0.5699160 0.5771267 0.5833700 0.5955694
0.8668510 0.9873429 1.203370 1.487986 1.832740 2.066868 2.197872 2.246121 2.285091 2.310686 2.336500 2.349104 2.338998 2.291999 2.192175 2.096671 1.803630 1.353099 1.215268 1.194528 1.168382 1.156545 1.154554 1.174296 1.213153 1.243837 1.222701 1.131114 1.040986 0.9302504 0.9036897 0.9058829 0.9130196 0.9087686 0.9015233 0.8735306 0.8253708 0.7473092 0.6532585 0.5800101 0.5132202 0.4757433 0.4597141 0.4550293 0.4558590 0.4583282 0.4566908 0.4592063 0.4632802 0.4609524 0.4635710 0.4671869 0.4713964 0.4687898 0.4756275 0.4844100 0.4902619 0.4964937 0.5081238
0.6774697 0.7495389 0.8845393 1.122056 1.732799 2.077594 2.180477 2.226709 2.255444 2.280098 2.312138 2.343270 2.334349 2.282166 2.216599 2.158165 1.928644 1.493772 1.278240 1.226904 1.206931 1.184602 1.172666 1.171065 1.187214 1.220114 1.247567 1.208807 1.131048 1.006645 0.9199076 0.8870139 0.8917570 0.9038073 0.9097679 0.9111563 0.8931159 0.8828117 0.8342184 0.7691123 0.6648980 0.5633738 0.4938432 0.4452538 0.4240256 0.4163051 0.4127890 0.4132448 0.4141709 0.4131808 0.4154097 0.4173455 0.4184355 0.4197600 0.4243701 0.4293785 0.4328425 0.4374683 0.4457646
0.5737615 0.5898732 0.6199855 0.7040884 1.483513 2.084507 2.170715 2.207489 2.230885 2.253361 2.284164 2.307869 2.290844 2.254831 2.225555 2.186265 1.982994 1.615886 1.333007 1.260109 1.241811 1.225000 1.206507 1.190398 1.186137 1.204796 1.241201 1.261809 1.236317 1.152896 1.012124 0.9060781 0.8894602 0.8963939 0.9122127 0.9225938 0.9238635 0.9187877 0.9159991 0.8940888 0.8428739 0.7554482 0.6733016 0.5770309 0.4960312 0.4542320 0.4173424 0.3999351 0.3955404 0.3954726 0.3976564 0.3994510 0.4012397 0.4036450 0.4063438 0.4096591 0.4104039 0.4119176 0.4133288
-9999.000 -9999.000 -9999.000 -9999.000 -9999.000 -9999.000 2.178158 2.208687 2.222065 2.229716 2.256667 2.259746 2.240035 2.223606 2.224673 2.178086 2.018995 1.761731 1.504650 1.324894 1.282513 1.269049 1.252027 1.227017 1.210620 1.211814 1.241608 1.275943 1.293550 1.261185 1.168182 1.002830 0.9384325 0.9094403 0.9226518 0.9334063 0.9434349 0.9477920 0.9469259 0.9361673 0.9163272 0.8834983 0.8505223 0.7844681 0.6946826 0.6169378 0.5313179 0.4589999 0.4178836 0.4004677 0.3957321 0.3953974 0.3961912 0.3971629 0.3981372 0.3983373 0.3967649 0.3943102 0.3916596
-9999.000 -9999.000 -9999.000 -9999.000 -9999.000 -9999.000 -9999.000 -9999.000 2.224590 2.236889 2.251662 2.248802 2.224183 2.209478 2.209768 2.154173 2.032611 1.812216 1.621121 1.436156 1.341578 1.313034 1.299596 1.278978 1.252404 1.236267 1.247944 1.285858 1.318892 1.333402 1.299003 1.161509 1.054696 0.9706375 0.9543348 0.9449801 0.9517911 0.9625251 0.9634782 0.9576969 0.9421705 0.9268480 0.9105350 0.8877825 0.8565413 0.8082239 0.7363446 0.6393706 0.5502280 0.4593264 0.4108549 0.3944378 0.3891972 0.3870633 0.3853931 0.3800600 0.3751575 0.3701690 0.3657902
-9999.000 -9999.000 -9999.000 -9999.000 -9999.000 -9999.000 -9999.000 -9999.000 -9999.000 2.246359 2.262743 2.264111 2.235793 2.209505 2.191986 2.126329 2.021304 1.877029 1.732430 1.529831 1.415108 1.356486 1.338751 1.321468 1.294151 1.270553 1.273287 1.297324 1.344853 1.391108 1.401293 1.343341 1.207235 1.091562 1.017345 0.9639647 0.9532935 0.9550083 0.9635044 0.9720330 0.9664183 0.9657820 0.9577922 0.9520042 0.9399696 0.9158750 0.8749760 0.8248900 0.7578909 0.6544583 0.5335085 0.4566726 0.4101739 0.3830906 0.3700107 0.3610585 0.3541497 0.3496653 0.3473975
-9999.000 -9999.000 -9999.000 -9999.000 -9999.000 -9999.000 -9999.000 -9999.000 -9999.000 -9999.000 -9999.000 2.268869 2.238196 2.208024 2.181221 2.125837 2.036629 1.946670 1.817422 1.650357 1.494691 1.391474 1.360986 1.348069 1.336513 1.325025 1.310961 1.317833 1.363996 1.429126 1.461799 1.457924 1.338578 1.211623 1.105846 1.029029 0.9808693 0.9522805 0.9590714 0.9732161 0.9814094 0.9883384 0.9899905 0.9929051 0.9790875 0.9582342 0.9324391 0.9004502 0.8874054 0.8387864 0.7429732 0.6430070 0.5325788 0.4444059 0.3927818 0.3684848 0.3530394 0.3481324 0.3493826
-9999.000 -9999.000 -9999.000 -9999.000 -9999.000 -9999.000 -9999.000 -9999.000 -9999.000 -9999.000 -9999.000 -9999.000 -9999.000 2.196394 2.165675 2.119651 2.050626 1.977067 1.879868 1.765291 1.584943 1.460918 1.393705 1.367672 1.366744 1.372031 1.359275 1.344432 1.359692 1.405299 1.462655 1.496763 1.439714 1.306987 1.181331 1.119016 1.053789 0.9898058 0.9754607 0.9730278 0.9872700 0.9997070 1.001323 1.002200 1.004741 0.9975490 0.9763547 0.9490985 0.9189419 0.8965525 0.8631060 0.8128302 0.7325811 0.6271219 0.5435200 0.4640715 0.4061634 0.3780287 0.3744446
-9999.000 -9999.000 -9999.000 -9999.000 -9999.000 -9999.000 -9999.000 -9999.000 -9999.000 -9999.000 -9999.000 -9999.000 -9999.000 -9999.000 2.139477 2.103720 2.068816 2.002179 1.909687 1.800569 1.671663 1.544650 1.450548 1.396378 1.384114 1.383885 1.384896 1.358655 1.335948 1.342560 1.405848 1.468149 1.491433 1.404838 1.272353 1.185018 1.131560 1.077727 1.016219 0.9886899 0.9837160 0.9983925 1.008626 1.012412 1.014772 1.013851 1.008982 0.9870993 0.9602135 0.9362263 0.9172694 0.9035104 0.8728785 0.8134248 0.7452588 0.6639546 0.5705661 0.4963863 0.4477021
-9999.000 -9999.000 -9999.000 -9999.000 -9999.000 -9999.000 -9999.000 -9999.000 -9999.000 -9999.000 -9999.000 -9999.000 -9999.000 -9999.000 -9999.000 -9999.000 2.040585 1.986085 1.900715 1.809110 1.720407 1.621714 1.511833 1.422238 1.389804 1.375667 1.366871 1.352647 1.318960 1.279572 1.316194 1.391075 1.478442 1.473217 1.381716 1.251347 1.193067 1.162085 1.111879 1.044800 0.9941309 0.9865385 0.9970823 1.007871 1.009990 1.011510 1.016608 1.017388 1.007789 0.9984991 0.9755244 0.9644356 0.9498556 0.9272064 0.8968533 0.8447814 0.7821392 0.7178780 0.6079584
-9999.000 -9999.000 -9999.000 -9999.000 -9999.000 -9999.000 -9999.000 -9999.000 -9999.000 -9999.000 -9999.000 -9999.000 -9999.000 -9999.000 -9999.000 -9999.000 -9999.000 -9999.000 1.877867 1.817676 1.747101 1.688147 1.568389 1.449494 1.392137 1.378324 1.348927 1.333527 1.316257 1.265146 1.226484 1.275275 1.397206 1.460243 1.447618 1.337161 1.228671 1.182446 1.182103 1.127210 1.044201 0.9839708 0.9690115 0.9772401 0.9897576 0.9995326 1.012952 1.035977 1.049659 1.053622 1.040138 1.024849 1.008714 0.9941014 0.9835157 0.9611078 0.9187376 0.8830552 0.8313455
-9999.000 -9999.000 -9999.000 -9999.000 -9999.000 -9999.000 -9999.000 -9999.000 -9999.000 -9999.000 -9999.000 -9999.000 -9999.000 -9999.000 -9999.000 -9999.000 -9999.000 -9999.000 -9999.000 -9999.000 1.762892 1.699821 1.583685 1.472798 1.419192 1.409771 1.370694 1.319869 1.331464 1.293703 1.187336 1.121521 1.211992 1.353585 1.426965 1.430582 1.278143 1.161702 1.164082 1.156377 1.119549 1.028958 0.9649654 0.9455226 0.9644565 0.9806297 1.007646 1.028189 1.053301 1.074059 1.075392 1.070933 1.057107 1.041532 1.025032 1.007327 0.9861322 0.9599989 0.9352193
-9999.000 -9999.000 -9999.000 -9999.000 -9999.000 -9999.000 -9999.000 -9999.000 -9999.000 -9999.000 -9999.000 -9999.000 -9999.000 -9999.000 -9999.000 -9999.000 -9999.000 -9999.000 -9999.000 -9999.000 -9999.000 1.681508 1.575928 1.512018 1.495728 1.460749 1.402732 1.322305 1.294595 1.275697 1.167155 0.9412068 0.9401234 1.100292 1.266299 1.391655 1.316271 1.159429 1.091763 1.116805 1.135559 1.108826 1.022491 0.9479575 0.9356213 0.9516405 0.9735590 0.9918746 1.018095 1.047199 1.071673 1.077737 1.075978 1.061411 1.046413 1.034585 1.018720 1.001471 0.9840305
-9999.000 -9999.000 -9999.000 -9999.000 -9999.000 -9999.000 -9999.000 -9999.000 -9999.000 -9999.000 -9999.000 -9999.000 -9999.000 -9999.000 -9999.000 -9999.000 -9999.000 -9999.000 -9999.000 -9999.000 -9999.000 -9999.000 -9999.000 1.558601 1.543511 1.493270 1.408039 1.291755 1.235990 1.198370 1.077388 0.7891727 0.6360207 0.7649041 0.9773197 1.164006 1.273543 1.200121 1.056658 1.036300 1.081993 1.135305 1.096984 1.015722 0.9224868 0.9062052 0.9214598 0.9364718 0.9604930 0.9847958 1.019769 1.038324 1.057589 1.051685 1.041466 1.026324 1.016576 1.012944 0.9994492
-9999.000 -9999.000 -9999.000 -9999.000 -9999.000 -9999.000 -9999.000 -9999.000 -9999.000 -9999.000 -9999.000 -9999.000 -9999.000 -9999.000 -9999.000 -9999.000 -9999.000 -9999.000 -9999.000 -9999.000 -9999.000 -9999.000 -9999.000 -9999.000 1.531245 1.465081 1.350217 1.230651 1.144603 1.059655 0.9302141 0.6245093 0.4162869 0.4727364 0.6239336 0.7959366 1.100258 1.165196 1.049412 0.9571295 0.9753788 1.047105 1.101335 1.093244 0.9869705 0.8905379 0.8549419 0.8666886 0.8854974 0.9057757 0.9371058 0.9691883 1.005601 1.017484 1.014254 1.000809 0.9799328 0.9646895 0.9480836
-9999.000 -9999.000 -9999.000 -9999.000 -9999.000 -9999.000 -9999.000 -9999.000 -9999.000 -9999.000 -9999.000 -9999.000 -9999.000 -9999.000 -9999.000 -9999.000 -9999.000 -9999.000 -9999.000 -9999.000 -9999.000 -9999.000 -9999.000 -9999.000 -9999.000 -9999.000 1.262061 1.143200 1.020867 0.9072426 0.6872625 0.4186637 0.1935661 0.2223455 0.3548659 0.5159168 0.7529157 0.9538790 0.9829630 0.8645334 0.8383986 0.8862133 0.9923774 1.052855 1.061788 0.9298587 0.8075733 0.7786904 0.7940709 0.8100956 0.8384433 0.8672475 0.9082473 0.9459520 0.9517680 0.9315099 0.9131599 0.8711154 0.8504518
-9999.000 -9999.000 -9999.000 -9999.000 -9999.000 -9999.000 -9999.000 -9999.000 -9999.000 -9999.000 -9999.000 -9999.000 -9999.000 -9999.000 -9999.000 -9999.000 -9999.000 -9999.000 -9999.000 -9999.000 -9999.000 -9999.000 -9999.000 -9999.000 -9999.000 -9999.000 -9999.000 -9999.000 0.9179339 0.7474832 0.4816000 0.2405610 0.6024029E-01 0.7720967E-01 0.1386096 0.2527621 0.3778249 0.6112903 0.7397008 0.6555411 0.6030436 0.6374954 0.7487861 0.8737204 1.010187 0.9639324 0.8297861 0.6990189 0.6887121 0.7020156 0.7317892 0.7533043 0.7884498 0.8313554 0.8603385 0.8647709 0.8578088 0.8334373 0.8152821
-9999.000 -9999.000 -9999.000 -9999.000 -9999.000 -9999.000 -9999.000 -9999.000 -9999.000 -9999.000 -9999.000 -9999.000 -9999.000 -9999.000 -9999.000 -9999.000 -9999.000 -9999.000 -9999.000 -9999.000 -9999.000 -9999.000 -9999.000 -9999.000 -9999.000 -9999.000 -9999.000 -9999.000 -9999.000 0.5721075 0.2659216 -9999.000 -9999.000 -9999.000 -9999.000 -9999.000 0.1090674 0.2250610 0.3116338 0.3290910 0.2673584 0.2656157 0.4059229 0.5636067 0.7729617 0.8824252 0.8660140 0.7076225 0.5969192 0.5892211 0.6297739 0.6559097 0.6883833 0.7220783 0.7729969 0.8149077 0.8386737 0.8417921 0.8368553
-9999.000 -9999.000 -9999.000 -9999.000 -9999.000 -9999.000 -9999.000 -9999.000 -9999.000 -9999.000 -9999.000 -9999.000 -9999.000 -9999.000 -9999.000 -9999.000 -9999.000 -9999.000 -9999.000 -9999.000 -9999.000 -9999.000 -9999.000 -9999.000 -9999.000 -9999.000 -9999.000 -9999.000 -9999.000 -9999.000 -9999.000 -9999.000 -9999.000 -9999.000 -9999.000 -9999.000 -9999.000 -9999.000 -9999.000 0.9185169E-01 -9999.000 0.6187630E-01 0.1134199 0.2309356 0.4012213 0.6435483 0.7663382 0.7407053 0.5818451 0.5058774 0.5253448 0.5628184 0.6037542 0.6368288 0.6919208 0.7369510 0.7942839 0.8246740 0.8436306
-9999.000 -9999.000 -9999.000 -9999.000 -9999.000 -9999.000 -9999.000 -9999.000 -9999.000 -9999.000 -9999.000 -9999.000 -9999.000 -9999.000 -9999.000 -9999.000 -9999.000 -9999.000 -9999.000 -9999.000 -9999.000 -9999.000 -9999.000 -9999.000 -9999.000 -9999.000 -9999.000 -9999.000 -9999.000 -9999.000 -9999.000 -9999.000 -9999.000 -9999.000 -9999.000 -9999.000 -9999.000 -9999.000 -9999.000 -9999.000 -9999.000 -9999.000 -9999.000 0.8377059E-01 0.2373152 0.3660470 0.4921316 0.6622710 0.5887251 0.4856451 0.4220736 0.4517259 0.4961573 0.5466853 0.5949915 0.6477573 0.7064087 0.7592678 0.8062811
-9999.000 -9999.000 -9999.000 -9999.000 -9999.000 -9999.000 -9999.000 -9999.000 -9999.000 -9999.000 -9999.000 -9999.000 -9999.000 -9999.000 -9999.000 -9999.000 -9999.000 -9999.000 -9999.000 -9999.000 -9999.000 -9999.000 -9999.000 -9999.000 -9999.000 -9999.000 -9999.000 -9999.000 -9999.000 -9999.000 -9999.000 -9999.000 -9999.000 -9999.000 -9999.000 -9999.000 -9999.000 -9999.000 -9999.000 -9999.000 -9999.000 -9999.000 -9999.000 -9999.000 -9999.000 -9999.000 0.2291953 0.3359766 0.4858066 0.4608328 0.3704405 0.3543591 0.3733843 0.4199834 0.4788455 0.5429053 0.5994849 0.6583551 0.7204430
-9999.000 -9999.000 -9999.000 -9999.000 -9999.000 -9999.000 -9999.000 -9999.000 -9999.000 -9999.000 -9999.000 -9999.000 -9999.000 -9999.000 -9999.000 -9999.000 -9999.000 -9999.000 -9999.000 -9999.000 -9999.000 -9999.000 -9999.000 -9999.000 -9999.000 -9999.000 -9999.000 -9999.000 -9999.000 -9999.000 -9999.000 -9999.000 -9999.000 -9999.000 -9999.000 -9999.000 -9999.000 -9999.000 -9999.000 -9999.000 -9999.000 -9999.000 -9999.000 -9999.000 -9999.000 -9999.000 -9999.000 0.8418900E-01 0.2354234 0.3076116 0.3126587 0.2725260 0.2679797 0.2879194 0.3467450 0.4105039 0.4837451 0.5450503 0.5898964
-9999.000 -9999.000 -9999.000 -9999.000 -9999.000 -9999.000 -9999.000 -9999.000 -9999.000 -9999.000 -9999.000 -9999.000 -9999.000 -9999.000 -9999.000 -9999.000 -9999.000 -9999.000 -9999.000 -9999.000 -9999.000 -9999.000 -9999.000 -9999.000 -9999.000 -9999.000 -9999.000 -9999.000 -9999.000 -9999.000 -9999.000 -9999.000 -9999.000 -9999.000 -9999.000 -9999.000 -9999.000 -9999.000 -9999.000 -9999.000 -9999.000 -9999.000 -9999.000 -9999.000 -9999.000 -9999.000 -9999.000 -9999.000 -9999.000 0.1310430 0.1608400 0.1778649 0.1746045 0.1737719 0.2079201 0.2436410 0.3104872 0.3802109 0.4390137
-9999.000 -9999.000 -9999.000 -9999.000 -9999.000 -9999.000 -9999.000 -9999.000 -9999.000 -9999.000 -9999.000 -9999.000 -9999.000 -9999.000 -9999.000 -9999.000 -9999.000 -9999.000 -9999.000 -9999.000 -9999.000 -9999.000 -9999.000 -9999.000 -9999.000 -9999.000 -9999.000 -9999.000 -9999.000 -9999.000 -9999.000 -9999.000 -9999.000 -9999.000 -9999.000 -9999.000 -9999.000 -9999.000 -9999.000 -9999.000 -9999.000 -9999.000 -9999.000 -9999.000 -9999.000 -9999.000 -9999.000 -9999.000 -9999.000 -9999.000 0.3497626E-01 -9999.000 0.9790390E-01 0.8647042E-01 0.1010344 0.1209503 0.1503221 0.2127187 0.2703091
-9999.000 -9999.000 -9999.000 -9999.000 -9999.000 -9999.000 -9999.000 -9999.000 -9999.000 -9999.000 -9999.000 -9999.000 -9999.000 -9999.000 -9999.000 -9999.000 -9999.000 -9999.000 -9999.000 -9999.000 -9999.000 -9999.000 -9999.000 -9999.000 -9999.000 -9999.000 -9999.000 -9999.000 -9999.000 -9999.000 -9999.000 -9999.000 -9999.000 -9999.000 -9999.000 -9999.000 -9999.000 -9999.000 -9999.000 -9999.000 -9999.000 -9999.000 -9999.000 -9999.000 -9999.000 -9999.000 -9999.000 -9999.000 -9999.000 -9999.000 -9999.000 -9999.000 -9999.000 0.3601690E-01 0.3968027E-01 0.4932225E-01 0.6276691E-01 0.9421989E-01 0.1327434
-9999.000 -9999.000 -9999.000 -9999.000 -9999.000 -9999.000 -9999.000 -9999.000 -9999.000 -9999.000 -9999.000 -9999.000 -9999.000 -9999.000 -9999.000 -9999.000 -9999.000 -9999.000 -9999.000 -9999.000 -9999.000 -9999.000 -9999.000 -9999.000 -9999.000 -9999.000 -9999.000 -9999.000 -9999.000 -9999.000 -9999.000 -9999.000 -9999.000 -9999.000 -9999.000 -9999.000 -9999.000 -9999.000 -9999.000 -9999.000 -9999.000 -9999.000 -9999.000 -9999.000 -9999.000 -9999.000 -9999.000 -9999.000 -9999.000 -9999.000 -9999.000 -9999.000 -9999.000 -9999.000 -9999.000 -9999.000 0.2257366E-01 0.3972083E-01 0.5880704E-01
