simulation_files/asc_files/Depth____87.0.asc
NCOLS       411
NROWS       131
XLLCENTER    2538020.000000
YLLCENTER    1152390.000000
CELLSIZE           1.000
NODATA_VALUE     -9999.0
[rows 0 to 25 of 131, columns 300 to 359 of 411]
-9999.000 -9999.000 -9999.000 -9999.000 -9999.000 -9999.000 -9999.000 -9999.000 -9999.000 -9999.000 -9999.000 -9999.000 -9999.000 -9999.000 -9999.000 -9999.000 -9999.000 -9999.000 -9999.000 -9999.000 -9999.000 -9999.000 -9999.000 -9999.000 -9999.000 -9999.000 -9999.000 -9999.000 -9999.000 -9999.000 -9999.000 -9999.000 -9999.000 -9999.000 -9999.000 -9999.000 -9999.000 -9999.000 -9999.000 -9999.000 -9999.000 -9999.000 -9999.000 -9999.000 -9999.000 -9999.000 -9999.000 -9999.000 -9999.000 -9999.000 -9999.000 -9999.000 -9999.000 -9999.000 -9999.000 -9999.000 -9999.000 -9999.000 -9999.000 -9999.000
-9999.000 -9999.000 -9999.000 -9999.000 -9999.000 -9999.000 -9999.000 -9999.000 -9999.000 -9999.000 -9999.000 -9999.000 -9999.000 -9999.000 -9999.000 -9999.000 -9999.000 -9999.000 -9999.000 -9999.000 -9999.000 -9999.000 -9999.000 -9999.000 -9999.000 -9999.000 -9999.000 -9999.000 -9999.000 -9999.000 -9999.000 -9999.000 -9999.000 -9999.000 -9999.000 -9999.000 -9999.000 -9999.000 -9999.000 -9999.000 -9999.000 -9999.000 -9999.000 -9999.000 -9999.000 -9999.000 -9999.000 -9999.000 -9999.000 -9999.000 -9999.000 -9999.000 -9999.000 -9999.000 -9999.000 -9999.000 -9999.000 -9999.000 -9999.000 -9999.000
-9999.000 -9999.000 -9999.000 -9999.000 -9999.000 -9999.000 -9999.000 -9999.000 -9999.000 -9999.000 -9999.000 -9999.000 -9999.000 -9999.000 -9999.000 -9999.000 -9999.000 -9999.000 -9999.000 -9999.000 -9999.000 -9999.000 -9999.000 -9999.000 -9999.000 -9999.000 -9999.000 -9999.000 -9999.000 -9999.000 -9999.000 -9999.000 -9999.000 -9999.000 -9999.000 -9999.000 -9999.000 -9999.000 -9999.000 -9999.000 -9999.000 -9999.000 -9999.000 -9999.000 -9999.000 -9999.000 -9999.000 -9999.000 -9999.000 -9999.000 -9999.000 -9999.000 -9999.000 -9999.000 -9999.000 -9999.000 -9999.000 -9999.000 -9999.000 -9999.000
-9999.000 -9999.000 -9999.000 -9999.000 -9999.000 -9999.000 -9999.000 -9999.000 -9999.000 -9999.000 -9999.000 -9999.000 -9999.000 -9999.000 -9999.000 -9999.000 -9999.000 -9999.000 -9999.000 -9999.000 -9999.000 -9999.000 -9999.000 -9999.000 -9999.000 -9999.000 -9999.000 -9999.000 -9999.000 -9999.000 -9999.000 -9999.000 -9999.000 -9999.000 -9999.000 -9999.000 -9999.000 -9999.000 -9999.000 -9999.000 -9999.000 -9999.000 -9999.000 -9999.000 -9999.000 -9999.000 -9999.000 -9999.000 -9999.000 -9999.000 -9999.000 -9999.000 -9999.000 -9999.000 -9999.000 -9999.000 -9999.000 -9999.000 -9999.000 -9999.000
-9999.000 -9999.000 -9999.000 -9999.000 -9999.000 -9999.000 -9999.000 -9999.000 -9999.000 -9999.000 -9999.000 -9999.000 -9999.000 -9999.000 -9999.000 -9999.000 -9999.000 -9999.000 -9999.000 -9999.000 -9999.000 -9999.000 -9999.000 -9999.000 -9999.000 -9999.000 -9999.000 -9999.000 -9999.000 -9999.000 -9999.000 -9999.000 -9999.000 -9999.000 -9999.000 -9999.000 -9999.000 -9999.000 -9999.000 -9999.000 -9999.000 -9999.000 -9999.000 -9999.000 -9999.000 -9999.000 -9999.000 -9999.000 -9999.000 -9999.000 -9999.000 -9999.000 -9999.000 -9999.000 -9999.000 -9999.000 -9999.000 -9999.000 -9999.000 -9999.000
-9999.000 -9999.000 -9999.000 -9999.000 -9999.000 -9999.000 -9999.000 -9999.000 -9999.000 -9999.000 -9999.000 -9999.000 -9999.000 -9999.000 -9999.000 -9999.000 -9999.000 -9999.000 -9999.000 -9999.000 -9999.000 -9999.000 -9999.000 -9999.000 -9999.000 -9999.000 -9999.000 -9999.000 -9999.000 -9999.000 -9999.000 -9999.000 -9999.000 -9999.000 -9999.000 -9999.000 -9999.000 -9999.000 -9999.000 -9999.000 -9999.000 -9999.000 -9999.000 -9999.000 -9999.000 -9999.000 -9999.000 -9999.000 -9999.000 -9999.000 -9999.000 -9999.000 -9999.000 -9999.000 -9999.000 -9999.000 -9999.000 -9999.000 -9999.000 -9999.000
-9999.000 -9999.000 -9999.000 -9999.000 -9999.000 -9999.000 -9999.000 -9999.000 -9999.000 -9999.000 -9999.000 -9999.000 -9999.000 -9999.000 -9999.000 -9999.000 -9999.000 -9999.000 -9999.000 -9999.000 -9999.000 -9999.000 -9999.000 -9999.000 -9999.000 -9999.000 -9999.000 -9999.000 -9999.000 -9999.000 -9999.000 -9999.000 -9999.000 -9999.000 -9999.000 -9999.000 -9999.000 -9999.000 -9999.000 -9999.000 -9999.000 -9999.000 -9999.000 -9999.000 -9999.000 -9999.000 -9999.000 -9999.000 -9999.000 -9999.000 -9999.000 -9999.000 -9999.000 -9999.000 -9999.000 -9999.000 -9999.000 -9999.000 -9999.000 -9999.000
-9999.000 -9999.000 -9999.000 -9999.000 -9999.000 0.2821078E-01 -9999.000 -9999.000 -9999.000 -9999.000 -9999.000 -9999.000 -9999.000 -9999.000 -9999.000 -9999.000 -9999.000 -9999.000 -9999.000 -9999.000 -9999.000 -9999.000 -9999.000 -9999.000 -9999.000 -9999.000 -9999.000 -9999.000 -9999.000 -9999.000 -9999.000 -9999.000 -9999.000 -9999.000 -9999.000 -9999.000 -9999.000 -9999.000 -9999.000 -9999.000 -9999.000 -9999.000 -9999.000 -9999.000 -9999.000 -9999.000 -9999.000 -9999.000 -9999.000 -9999.000 -9999.000 -9999.000 -9999.000 -9999.000 -9999.000 -9999.000 -9999.000 -9999.000 -9999.000 -9999.000
-9999.000 -9999.000 -9999.000 -9999.000 0.2087672E-01 0.3439011E-01 0.4182562E-01 0.5379720E-01 0.6665781E-01 0.7755034E-01 0.8888788E-01 -9999.000 -9999.000 -9999.000 -9999.000 -9999.000 -9999.000 -9999.000 -9999.000 -9999.000 -9999.000 -9999.000 -9999.000 -9999.000 -9999.000 -9999.000 -9999.000 -9999.000 -9999.000 -9999.000 -9999.000 -9999.000 -9999.000 -9999.000 -9999.000 -9999.000 -9999.000 -9999.000 -9999.000 -9999.000 -9999.000 -9999.000 -9999.000 -9999.000 -9999.000 -9999.000 -9999.000 -9999.000 -9999.000 -9999.000 -9999.000 -9999.000 -9999.000 -9999.000 -9999.000 -9999.000 -9999.000 -9999.000 -9999.000 -9999.000
-9999.000 -9999.000 0.2430552E-01 -9999.000 -9999.000 0.5559574E-01 0.6559874E-01 0.7986835E-01 0.8987474E-01 0.9263271E-01 0.1097214 0.1144390 0.1214870 0.1271475 0.1382788 0.1491455 -9999.000 -9999.000 -9999.000 -9999.000 -9999.000 -9999.000 -9999.000 -9999.000 -9999.000 -9999.000 -9999.000 -9999.000 -9999.000 -9999.000 -9999.000 -9999.000 -9999.000 -9999.000 -9999.000 -9999.000 -9999.000 -9999.000 -9999.000 -9999.000 -9999.000 -9999.000 -9999.000 -9999.000 -9999.000 -9999.000 -9999.000 -9999.000 -9999.000 -9999.000 -9999.000 -9999.000 -9999.000 -9999.000 -9999.000 -9999.000 -9999.000 -9999.000 -9999.000 -9999.000
0.1342354 0.1599579 0.1606367 0.1743561 0.1986147 0.1808207 0.1663980 0.1591023 0.1713096 0.1669225 0.1644780 0.1777674 0.1761520 0.1799715 0.1893141 0.1977983 0.2039454 0.2135064 0.2475262 0.2692862 0.3100341 0.3268854 0.3254364 0.3282119 0.3409848 0.3621129 0.3838344 0.4018585 0.4229910 0.4362927 0.4280627 0.4220785 0.4199890 0.4173067 0.4151371 0.4142916 0.4164278 0.4179068 0.4175585 0.4138430 0.4086253 0.4040292 0.4000779 0.3957046 0.3897620 0.3792076 0.3668435 0.3535717 0.3390001 0.3229753 0.3038004 0.2801947 0.2506908 0.2062147 0.1558058 0.1372053 0.1354069 0.1360094 0.1526199 0.1678808
0.3537305 0.3617537 0.3601282 0.3614639 0.3740233 0.3542274 0.3283815 0.3207306 0.3236363 0.3143605 0.3019575 0.2985237 0.3010018 0.2966609 0.3005249 0.3097716 0.3139345 0.3189854 0.3287959 0.3445177 0.3604861 0.3785512 0.3853872 0.3832400 0.3893608 0.4076609 0.4276398 0.4348553 0.4367077 0.4393043 0.4403683 0.4363275 0.4337392 0.4326207 0.4308276 0.4285767 0.4279103 0.4269422 0.4249402 0.4214707 0.4167708 0.4117232 0.4058135 0.3986927 0.3882835 0.3741105 0.3591426 0.3435983 0.3268779 0.3093937 0.2939772 0.2761332 0.2561984 0.2475619 0.2213505 0.2003092 0.1743173 0.1629723 0.1672377 0.1731682
0.4887712 0.4828325 0.4745529 0.4700325 0.4641033 0.4558081 0.4547004 0.4542409 0.4493098 0.4429448 0.4433780 0.4392838 0.4373409 0.4351338 0.4493311 0.4584907 0.4619099 0.4641497 0.4757202 0.4818755 0.4844105 0.4916117 0.4949058 0.4909528 0.4910776 0.5022418 0.4984247 0.4903298 0.4794802 0.4779164 0.4749811 0.4699024 0.4710875 0.4707315 0.4687986 0.4662236 0.4665036 0.4620688 0.4560443 0.4510796 0.4472524 0.4386243 0.4275700 0.4150865 0.3999036 0.3843582 0.3708163 0.3608354 0.3487233 0.3412930 0.3388202 0.3339760 0.3283961 0.3248512 0.3224188 0.3157757 0.2897017 0.2914424 0.2768672 0.2700585
0.5573624 0.5408542 0.5270447 0.5207325 0.5138111 0.5140127 0.5223459 0.5237936 0.5225854 0.5224403 0.5297186 0.5313937 0.5347108 0.5379566 0.5427099 0.5508156 0.5545030 0.5613720 0.5708956 0.5747650 0.5762529 0.5792051 0.5829197 0.5786321 0.5753042 0.5666236 0.5519596 0.5387447 0.5314274 0.5265284 0.5206269 0.5164604 0.5202954 0.5200828 0.5179007 0.5177222 0.5111604 0.5008709 0.4907584 0.4828392 0.4723587 0.4606472 0.4508704 0.4405056 0.4294850 0.4196532 0.4185370 0.4123423 0.4073610 0.4087834 0.4135021 0.4152223 0.4184304 0.4308816 0.4318267 0.4338096 0.4365336 0.4543884 0.4393179 0.4407396
0.6045333 0.5877683 0.5749543 0.5710060 0.5658260 0.5624115 0.5645783 0.5639409 0.5634946 0.5690805 0.5738184 0.5786143 0.5824531 0.5854168 0.5912001 0.5947109 0.5996646 0.6077210 0.6149287 0.6203617 0.6241855 0.6282526 0.6257310 0.6209738 0.6140924 0.6056048 0.5934256 0.5820559 0.5760207 0.5677637 0.5615906 0.5577687 0.5585747 0.5565408 0.5525344 0.5472043 0.5382182 0.5272598 0.5176106 0.5105906 0.5015100 0.4934557 0.4895021 0.4877993 0.4834067 0.4835154 0.4848161 0.4824457 0.4799907 0.4842363 0.4885772 0.4908005 0.5019340 0.5133166 0.5233420 0.5335994 0.5528679 0.5695127 0.5737961 0.5787665
0.6701442 0.6521736 0.6397701 0.6334469 0.6220071 0.6141526 0.6112171 0.6053572 0.6040660 0.6067431 0.6111121 0.6180194 0.6212444 0.6248431 0.6290083 0.6309573 0.6339411 0.6383557 0.6425892 0.6451526 0.6482467 0.6477923 0.6444801 0.6412040 0.6395249 0.6363689 0.6294714 0.6236889 0.6142144 0.6032879 0.5938185 0.5895402 0.5853943 0.5806456 0.5741222 0.5702743 0.5653075 0.5592461 0.5568248 0.5512373 0.5465274 0.5426257 0.5460386 0.5449153 0.5435037 0.5457837 0.5513801 0.5515361 0.5505085 0.5581293 0.5583966 0.5596833 0.5652275 0.5815519 0.5941599 0.6085567 0.6288994 0.6405939 0.6462113 0.6493087
0.7476138 0.7263202 0.7092209 0.6936317 0.6778336 0.6683924 0.6639322 0.6592146 0.6587635 0.6607538 0.6666402 0.6695278 0.6719077 0.6784683 0.6779935 0.6771432 0.6776188 0.6812162 0.6789493 0.6754916 0.6724063 0.6710210 0.6670491 0.6631038 0.6637636 0.6619876 0.6576422 0.6504674 0.6435801 0.6345697 0.6256893 0.6213818 0.6165109 0.6118665 0.6083631 0.6095883 0.6066814 0.6054494 0.6090921 0.6092346 0.6082330 0.6096434 0.6141904 0.6132166 0.6126710 0.6169289 0.6233023 0.6244429 0.6303654 0.6374680 0.6390748 0.6407585 0.6493733 0.6572031 0.6619799 0.6697345 0.6829696 0.6939462 0.7019523 0.7150994
0.7849235 0.7688737 0.7543574 0.7389559 0.7243894 0.7134228 0.7095801 0.7061687 0.7068769 0.7092516 0.7120961 0.7122506 0.7128912 0.7141199 0.7125728 0.7108484 0.7099964 0.7079775 0.7034707 0.6984590 0.6938922 0.6894851 0.6842484 0.6776995 0.6714303 0.6671325 0.6625498 0.6572024 0.6536164 0.6512564 0.6492397 0.6496283 0.6502641 0.6505473 0.6547273 0.6569069 0.6573169 0.6583502 0.6669343 0.6712043 0.6735725 0.6829999 0.6855894 0.6875185 0.6897057 0.7020190 0.7041534 0.7071752 0.7122831 0.7274795 0.7319155 0.7354754 0.7456603 0.7432105 0.7400981 0.7405676 0.7495649 0.7534403 0.7608957 0.7760272
0.7864815 0.7829137 0.7786263 0.7721258 0.7624315 0.7542364 0.7437939 0.7337674 0.7267656 0.7223035 0.7192325 0.7174190 0.7147505 0.7100643 0.7091152 0.7078912 0.7023646 0.6968164 0.6917113 0.6867182 0.6755688 0.6702962 0.6649938 0.6591110 0.6504110 0.6481354 0.6469812 0.6463500 0.6490085 0.6528431 0.6572118 0.6617760 0.6660151 0.6704733 0.6757903 0.6816426 0.6869268 0.6936200 0.7024177 0.7093618 0.7158578 0.7249704 0.7346531 0.7419228 0.7507640 0.7595030 0.7664956 0.7739887 0.7849623 0.7944565 0.8006681 0.8073065 0.8151254 0.8169458 0.8153827 0.8175235 0.8169435 0.8164313 0.8187850 0.8287111
0.7751191 0.7792338 0.7818984 0.7839488 0.7821045 0.7772024 0.7671729 0.7526646 0.7360561 0.7191595 0.7052454 0.6956275 0.6872504 0.6794712 0.6735607 0.6675462 0.6585043 0.6504054 0.6453570 0.6378477 0.6297036 0.6263887 0.6239509 0.6196148 0.6195529 0.6224784 0.6255466 0.6286317 0.6342491 0.6402909 0.6449953 0.6508786 0.6565960 0.6622997 0.6673928 0.6749550 0.6835318 0.6920889 0.7027909 0.7137103 0.7251037 0.7357272 0.7478846 0.7597561 0.7709317 0.7822102 0.7929400 0.8032982 0.8132509 0.8217585 0.8293103 0.8367613 0.8454053 0.8517183 0.8563245 0.8602030 0.8606396 0.8590259 0.8572907 0.8549538
0.7604173 0.7669901 0.7721640 0.7772622 0.7802351 0.7795657 0.7765413 0.7685105 0.7550763 0.7312120 0.7055863 0.6813352 0.6609419 0.6428164 0.6281754 0.6180979 0.6068742 0.6014212 0.5969563 0.5928580 0.5877513 0.5885510 0.5898432 0.5907551 0.5953432 0.6005496 0.6049648 0.6089433 0.6149061 0.6203020 0.6256788 0.6324776 0.6391802 0.6451588 0.6515623 0.6593908 0.6681484 0.6773394 0.6876692 0.6996778 0.7105474 0.7223881 0.7359164 0.7497718 0.7618339 0.7747682 0.7875026 0.7990927 0.8091602 0.8198033 0.8297716 0.8386370 0.8477868 0.8559102 0.8626001 0.8683943 0.8723296 0.8744711 0.8734765 0.8654790
0.7527337 0.7598047 0.7654782 0.7700314 0.7727678 0.7734968 0.7725542 0.7698619 0.7624859 0.7484415 0.7279728 0.6993495 0.6690178 0.6399787 0.6150118 0.5983144 0.5857881 0.5780307 0.5738765 0.5712114 0.5706340 0.5728781 0.5754112 0.5781475 0.5829524 0.5875684 0.5917129 0.5970678 0.6029814 0.6092392 0.6152014 0.6217389 0.6285467 0.6363435 0.6430618 0.6498462 0.6575762 0.6664500 0.6751539 0.6843473 0.6937331 0.7045677 0.7165544 0.7286953 0.7399677 0.7531685 0.7662402 0.7787802 0.7903725 0.8031297 0.8142005 0.8244567 0.8353200 0.8448826 0.8524239 0.8588596 0.8644754 0.8676026 0.8676287 0.8637006
0.7552551 0.7616759 0.7669763 0.7709771 0.7731379 0.7728797 0.7709149 0.7672492 0.7604386 0.7520880 0.7425371 0.7280913 0.7118138 0.6871123 0.6595560 0.6393445 0.6181668 0.6009249 0.5913081 0.5870004 0.5834364 0.5826795 0.5835221 0.5861634 0.5893974 0.5939129 0.5994275 0.6046818 0.6102824 0.6177343 0.6254339 0.6320433 0.6394885 0.6474411 0.6534587 0.6593074 0.6664119 0.6729366 0.6789323 0.6854444 0.6937669 0.7025860 0.7115040 0.7202432 0.7287821 0.7381213 0.7489249 0.7598771 0.7723326 0.7851492 0.7973849 0.8076269 0.8186130 0.8291625 0.8375573 0.8450262 0.8522571 0.8552109 0.8539577 0.8508271
0.7560958 0.7585953 0.7624086 0.7654706 0.7658764 0.7648311 0.7645676 0.7631455 0.7616209 0.7600413 0.7579639 0.7574731 0.7553242 0.7490816 0.7366463 0.7240819 0.7014912 0.6732533 0.6566562 0.6399493 0.6267916 0.6188659 0.6180739 0.6165884 0.6157586 0.6164475 0.6228509 0.6277238 0.6321956 0.6405829 0.6471296 0.6536213 0.6602895 0.6696864 0.6757702 0.6813086 0.6899596 0.6952126 0.7007603 0.7064947 0.7148899 0.7193940 0.7247390 0.7310106 0.7376987 0.7442109 0.7520648 0.7607655 0.7705627 0.7813261 0.7925094 0.8030829 0.8132087 0.8229715 0.8312642 0.8380741 0.8428940 0.8451310 0.8463902 0.8456404
0.7404098 0.7381208 0.7396418 0.7417862 0.7404234 0.7448327 0.7507506 0.7568568 0.7622498 0.7676851 0.7719907 0.7772864 0.7820321 0.7843334 0.7860060 0.7896489 0.7808710 0.7625797 0.7404359 0.7197015 0.6936530 0.6762621 0.6677862 0.6600680 0.6559272 0.6549752 0.6567022 0.6573536 0.6594218 0.6660511 0.6716239 0.6777879 0.6861013 0.6941720 0.7009355 0.7072932 0.7162154 0.7230412 0.7289062 0.7364679 0.7420438 0.7441361 0.7466666 0.7517378 0.7566028 0.7618153 0.7675895 0.7723872 0.7780573 0.7851962 0.7928673 0.8005583 0.8081729 0.8157774 0.8213551 0.8271132 0.8330677 0.8374961 0.8439716 0.8497232
0.6886410 0.6869377 0.6912130 0.6963510 0.6971636 0.7070855 0.7191933 0.7287898 0.7399896 0.7532604 0.7660505 0.7772568 0.7877345 0.7965950 0.8053318 0.8129098 0.8184841 0.8167951 0.8069415 0.7899897 0.7657729 0.7425703 0.7198616 0.7014951 0.6904522 0.6865793 0.6832923 0.6816947 0.6815894 0.6855014 0.6892359 0.6944709 0.7025221 0.7093823 0.7162376 0.7233810 0.7318297 0.7391163 0.7455327 0.7518681 0.7591515 0.7634870 0.7658587 0.7679796 0.7706892 0.7736597 0.7757539 0.7770997 0.7793780 0.7816536 0.7842816 0.7884952 0.7929520 0.7959657 0.7994501 0.8059386 0.8152549 0.8240342 0.8363660 0.8502059
