simulation_files/asc_files/Depth____186.0.asc
NCOLS       411
NROWS       131
XLLCENTER    2538020.000000
YLLCENTER    1152390.000000
CELLSIZE           1.000
NODATA_VALUE     -9999.0
[rows 27 to 53 of 131, columns 295 to 353 of 411]
0.6125996 0.6178805 0.6225443 0.6313843 0.6341659 0.6380288 0.6448666 0.6523295 0.6559996 0.6629858 0.6743078 0.6871251 0.6954998 0.7089127 0.7249887 0.7363295 0.7502761 0.7633317 0.7738848 0.7776133 0.7861865 0.7968519 0.8053742 0.8133352 0.8208828 0.8246689 0.8240766 0.8171948 0.8013087 0.7814111 0.7611997 0.7436903 0.7337238 0.7282939 0.7276710 0.7280599 0.7293019 0.7294017 0.7335554 0.7361948 0.7346693 0.7386451 0.7427223 0.7440313 0.7431495 0.7495890 0.7580092 0.7625237 0.7638638 0.7672545 0.7651007 0.7617568 0.7612591 0.7604065 0.7553384 0.7523846 0.7541773 0.7523653 0.7552942
0.5284961 0.5351540 0.5504868 0.5654281 0.5767227 0.5855121 0.5975022 0.6075669 0.6135889 0.6224933 0.6317134 0.6409635 0.6492679 0.6627921 0.6763135 0.6864168 0.7014169 0.7154821 0.7257505 0.7343464 0.7453163 0.7572515 0.7684975 0.7803047 0.7940276 0.8062676 0.8195377 0.8314643 0.8356333 0.8308986 0.8134632 0.7814044 0.7494518 0.7198250 0.7012948 0.6915866 0.6824903 0.6790957 0.6793617 0.6806833 0.6756949 0.6768097 0.6792098 0.6737918 0.6765359 0.6814310 0.6889760 0.6886973 0.6966732 0.7029336 0.7040354 0.7025687 0.7036483 0.7028871 0.6964298 0.6960249 0.6967472 0.6972575 0.6969893
0.4620812 0.4726451 0.4884414 0.5045674 0.5151403 0.5290613 0.5449906 0.5601104 0.5683147 0.5787585 0.5889931 0.5949978 0.6060816 0.6184346 0.6313406 0.6387696 0.6531919 0.6690351 0.6797857 0.6961120 0.7118394 0.7270317 0.7382467 0.7511669 0.7629283 0.7728652 0.7830719 0.7989909 0.8155699 0.8302747 0.8376937 0.8264426 0.7907431 0.7419172 0.6960660 0.6630564 0.6413681 0.6299022 0.6241605 0.6190649 0.6139113 0.6137401 0.6151050 0.6106143 0.6120329 0.6146580 0.6144193 0.6140513 0.6211208 0.6318394 0.6372808 0.6452538 0.6544274 0.6568457 0.6589826 0.6597071 0.6590860 0.6552430 0.6563667
0.4290798 0.4307650 0.4398268 0.4498886 0.4571399 0.4698298 0.4844126 0.4992966 0.5139247 0.5311929 0.5437045 0.5491040 0.5586512 0.5688957 0.5777928 0.5860219 0.6003360 0.6174968 0.6326433 0.6528673 0.6748362 0.6934889 0.7096013 0.7243817 0.7347658 0.7377215 0.7344341 0.7320287 0.7241719 0.7150198 0.7203517 0.7328557 0.7303407 0.7207827 0.6975001 0.6608051 0.6254789 0.6009792 0.5853642 0.5738658 0.5685265 0.5645737 0.5617766 0.5547463 0.5550213 0.5573889 0.5511751 0.5507181 0.5522767 0.5573907 0.5568149 0.5698071 0.5836129 0.5965729 0.5963612 0.6057810 0.6133149 0.6106778 0.6156908
0.4047029 0.4047094 0.4087397 0.4129940 0.4159753 0.4216989 0.4311242 0.4439467 0.4645232 0.4861744 0.5022119 0.5102724 0.5182202 0.5267084 0.5324714 0.5430035 0.5564347 0.5731877 0.5901045 0.6137345 0.6369671 0.6529402 0.6708150 0.6850037 0.6916819 0.6662920 0.6451793 0.6179648 0.5909061 0.5555627 0.5461277 0.5558679 0.5799179 0.6249269 0.6499032 0.6391471 0.6073434 0.5794481 0.5608523 0.5512512 0.5447398 0.5365058 0.5270847 0.5196674 0.5196619 0.5214299 0.5189319 0.5153796 0.5133249 0.5095986 0.5054908 0.5037911 0.5023668 0.4977390 0.5006352 0.5190598 0.5398609 0.5538433 0.5678948
0.3812813 0.3839802 0.3886114 0.3923276 0.3931686 0.3963026 0.4040695 0.4207472 0.4439000 0.4655296 0.4803663 0.4890532 0.4966377 0.5040432 0.5113606 0.5207315 0.5329328 0.5462593 0.5611532 0.5759122 0.5843301 0.5756765 0.5591247 0.5500326 0.5291744 0.5162514 0.5101621 0.5000631 0.4843199 0.4731396 0.4667223 0.4734947 0.4991526 0.5425778 0.5743385 0.5706128 0.5514224 0.5332263 0.5277992 0.5249992 0.5222714 0.5138334 0.5028126 0.4982636 0.5019325 0.5068687 0.5029992 0.4995841 0.4923142 0.4759525 0.4628538 0.4518055 0.4414665 0.4308398 0.4325810 0.4531406 0.4832807 0.5046099 0.5216623
0.3711378 0.3752587 0.3805590 0.3842596 0.3865659 0.3920980 0.4043534 0.4266181 0.4504908 0.4694903 0.4816714 0.4871737 0.4918847 0.4976593 0.5040739 0.5105741 0.5174190 0.5179784 0.5168386 0.5047368 0.4795159 0.4353229 0.4107392 0.3969264 0.3887519 0.4003322 0.4208894 0.4395852 0.4530732 0.4635859 0.4696102 0.4800917 0.4964774 0.5113526 0.5112795 0.4922213 0.4754893 0.4684346 0.4680229 0.4685144 0.4686038 0.4657032 0.4593942 0.4573198 0.4629853 0.4616940 0.4559165 0.4484425 0.4380376 0.4207650 0.4112630 0.4064420 0.4020154 0.4006430 0.4125114 0.4375192 0.4647999 0.4814041 0.4922680
0.3794179 0.3826645 0.3869366 0.3918641 0.3963869 0.4055845 0.4234634 0.4485819 0.4706351 0.4861019 0.4924567 0.4933187 0.4947579 0.4974209 0.4973227 0.4936245 0.4847076 0.4626038 0.4332577 0.4017247 0.3665741 0.3447935 0.3346069 0.3319335 0.3366882 0.3525793 0.3744504 0.3994524 0.4240950 0.4520969 0.4749523 0.4964592 0.5173336 0.5225165 0.5038533 0.4707682 0.4399743 0.4240027 0.4182827 0.4134141 0.4079285 0.4033141 0.3942010 0.3934509 0.3935474 0.3793960 0.3682851 0.3598502 0.3525967 0.3460336 0.3520637 0.3606928 0.3715425 0.3895863 0.4171995 0.4461861 0.4664006 0.4760408 0.4814894
0.4005899 0.3998833 0.4005628 0.4060296 0.4132285 0.4260312 0.4488931 0.4724514 0.4906807 0.4995577 0.4996278 0.4953714 0.4910474 0.4798273 0.4645692 0.4426828 0.4154287 0.3834737 0.3627616 0.3442893 0.3308797 0.3245762 0.3224306 0.3227579 0.3293457 0.3418559 0.3577013 0.3771642 0.3996766 0.4271401 0.4554878 0.4863791 0.5175941 0.5338209 0.5284147 0.5090189 0.4794611 0.4496992 0.4214008 0.3926466 0.3713539 0.3541892 0.3404614 0.3303521 0.3202118 0.3036012 0.2942484 0.2909902 0.2879893 0.2956036 0.3096877 0.3298036 0.3578342 0.3939350 0.4279856 0.4525086 0.4655716 0.4718234 0.4749673
0.4358959 0.4286310 0.4259616 0.4279975 0.4352398 0.4506751 0.4695938 0.4867458 0.4980003 0.4988135 0.4892094 0.4739284 0.4529015 0.4249575 0.3997634 0.3768138 0.3570269 0.3479955 0.3430682 0.3382523 0.3345436 0.3315318 0.3304779 0.3327475 0.3373922 0.3474390 0.3603190 0.3773604 0.3962155 0.4179204 0.4437827 0.4750618 0.5105367 0.5343889 0.5409614 0.5388699 0.5284779 0.5069927 0.4798576 0.4367946 0.3968061 0.3630202 0.3287104 0.3021807 0.2828337 0.2695455 0.2644367 0.2657698 0.2737469 0.2899153 0.3132187 0.3451417 0.3823110 0.4141932 0.4370226 0.4482306 0.4520773 0.4540468 0.4545891
0.4994525 0.4762910 0.4738575 0.4681616 0.4683421 0.4755198 0.4878998 0.4939268 0.4921410 0.4733511 0.4485419 0.4207624 0.3949608 0.3704211 0.3569523 0.3486497 0.3454779 0.3460943 0.3466732 0.3455274 0.3440168 0.3420571 0.3413899 0.3432892 0.3492890 0.3581589 0.3712018 0.3878868 0.4056807 0.4264214 0.4511895 0.4802939 0.5092058 0.5331381 0.5440914 0.5455801 0.5440916 0.5399183 0.5302121 0.5076993 0.4787057 0.4520911 0.4103798 0.3684453 0.3424675 0.3181547 0.2984116 0.2881565 0.2915697 0.3017013 0.3212578 0.3660104 0.4013136 0.4227821 0.4357602 0.4539319 0.4547649 0.4514415 0.4454903
0.6970968 0.5999172 0.5457901 0.5177367 0.5080716 0.5039652 0.4950479 0.4772303 0.4529704 0.4168188 0.3890975 0.3686676 0.3538910 0.3471490 0.3454701 0.3456603 0.3474857 0.3500789 0.3518789 0.3526196 0.3523710 0.3523471 0.3534291 0.3584071 0.3646755 0.3748819 0.3896516 0.4065117 0.4254233 0.4473994 0.4745721 0.5018123 0.5275635 0.5445273 0.5496640 0.5477503 0.5453857 0.5425492 0.5388357 0.5338104 0.5268914 0.5233151 0.5113092 0.4937685 0.4776008 0.4702651 0.4537247 0.4553783 0.4869408 0.5067214 0.5299728 0.5649379 0.6016839 0.6018136 0.6046478 0.6048183 0.5842130 0.5603007 0.5458192
0.9116133 0.8092372 0.7065014 0.6127216 0.5518850 0.5122891 0.4742420 0.4342782 0.3970387 0.3639287 0.3476068 0.3397347 0.3376801 0.3392400 0.3415445 0.3447381 0.3485089 0.3518631 0.3546009 0.3566689 0.3593501 0.3620191 0.3661213 0.3721190 0.3785015 0.3895633 0.4046983 0.4221251 0.4409955 0.4631748 0.4883914 0.5151789 0.5386730 0.5514952 0.5526568 0.5496692 0.5475734 0.5471419 0.5482214 0.5514301 0.5590243 0.5683213 0.5774654 0.5856536 0.6008597 0.6137706 0.6302359 0.6688527 0.7162550 0.7604882 0.7950233 0.8303771 0.8299547 0.8155642 0.8001124 0.7824432 0.7577387 0.7351821 0.7365681
1.036377 0.9879780 0.8939171 0.7484328 0.6083626 0.4959081 0.4240906 0.3854625 0.3608369 0.3466559 0.3382287 0.3336785 0.3322158 0.3344431 0.3388796 0.3435014 0.3475685 0.3516037 0.3552854 0.3586378 0.3635237 0.3679794 0.3726855 0.3782026 0.3854609 0.3974181 0.4128184 0.4296582 0.4483634 0.4697013 0.4941215 0.5206174 0.5440801 0.5573065 0.5604289 0.5596195 0.5601899 0.5637660 0.5676934 0.5759355 0.5906736 0.6056218 0.6247267 0.6506586 0.6851716 0.7206696 0.7614161 0.8113091 0.8612947 0.8962874 0.9178171 0.9181625 0.8999324 0.8758577 0.8518522 0.8304584 0.8139056 0.8065202 0.8100109
1.026634 0.9868911 0.9425976 0.8513031 0.7206719 0.5857114 0.4587967 0.3783344 0.3441303 0.3358513 0.3326820 0.3300187 0.3288333 0.3307138 0.3353699 0.3393102 0.3433420 0.3482365 0.3525571 0.3566127 0.3621585 0.3668068 0.3708974 0.3762867 0.3845077 0.3968828 0.4124295 0.4304744 0.4509208 0.4738411 0.4983835 0.5238777 0.5479172 0.5657151 0.5762569 0.5825782 0.5914059 0.5990091 0.6064940 0.6156198 0.6337040 0.6510642 0.6733006 0.7096038 0.7481635 0.7945748 0.8441049 0.8932823 0.9274603 0.9465292 0.9445073 0.9251088 0.8983646 0.8716237 0.8490456 0.8329660 0.8224483 0.8215679 0.8337861
0.9251396 0.9071703 0.8794907 0.8479540 0.8004804 0.7279408 0.6143404 0.4827175 0.4014982 0.3498841 0.3301289 0.3262654 0.3259050 0.3279960 0.3314335 0.3327453 0.3353128 0.3397027 0.3425748 0.3475966 0.3530427 0.3574665 0.3609002 0.3667832 0.3758542 0.3891744 0.4058749 0.4256036 0.4476004 0.4707164 0.4941888 0.5188195 0.5453628 0.5706591 0.5911902 0.6075465 0.6247386 0.6394536 0.6538556 0.6715261 0.6926421 0.7124846 0.7365211 0.7729397 0.8033003 0.8337619 0.8631906 0.8843141 0.8970276 0.8986965 0.8851902 0.8720080 0.8642268 0.8584849 0.8587458 0.8557049 0.8526938 0.8574568 0.8679894
0.8305638 0.8251443 0.8191061 0.8198322 0.8201644 0.8043615 0.7650624 0.6950868 0.5973338 0.4673272 0.3717818 0.3339523 0.3231954 0.3239931 0.3238547 0.3234877 0.3242272 0.3265853 0.3285766 0.3328452 0.3378910 0.3413171 0.3458124 0.3521828 0.3620500 0.3755327 0.3935912 0.4134995 0.4316036 0.4505063 0.4716764 0.4981317 0.5288818 0.5620259 0.5898535 0.6140150 0.6369200 0.6607165 0.6847427 0.7140004 0.7428021 0.7737947 0.8064556 0.8450152 0.8667267 0.8787434 0.8824134 0.8725309 0.8539638 0.8317078 0.8122140 0.8139734 0.8284717 0.8517569 0.8732204 0.8829425 0.8884463 0.9012361 0.9058781
0.8102460 0.8024047 0.7998099 0.8106975 0.8184698 0.8205472 0.8179340 0.8122225 0.7635262 0.6937634 0.5753767 0.4781726 0.3819810 0.3316462 0.3183911 0.3145750 0.3137427 0.3130651 0.3126878 0.3148833 0.3181544 0.3201216 0.3248784 0.3299840 0.3383198 0.3478784 0.3638505 0.3842849 0.3994349 0.4133441 0.4373225 0.4683079 0.5045864 0.5410562 0.5705763 0.5966199 0.6236164 0.6547595 0.6874750 0.7220255 0.7616982 0.8037856 0.8453661 0.8817367 0.9052356 0.9146820 0.9140020 0.9005284 0.8749739 0.8531560 0.8410481 0.8374267 0.8495847 0.8758690 0.8856329 0.8839854 0.8866362 0.8880101 0.8767039
0.8411026 0.8299576 0.8192201 0.8127609 0.8096984 0.8146275 0.8234448 0.8274944 0.8229491 0.8167133 0.7756097 0.7010471 0.5669458 0.4328011 0.3508973 0.3125118 0.3032410 0.3019575 0.3017119 0.3019698 0.3023888 0.3030876 0.3042658 0.3071424 0.3104459 0.3172353 0.3274753 0.3388170 0.3482398 0.3662003 0.3955943 0.4329112 0.4726936 0.5112015 0.5425377 0.5676363 0.5967063 0.6298887 0.6661822 0.7030107 0.7456624 0.7901586 0.8286710 0.8616256 0.8846432 0.8984970 0.8968255 0.9040753 0.9091542 0.9172157 0.9326441 0.9515452 0.9715327 0.9801990 0.9396282 0.8888865 0.8396350 0.7685392 0.7077265
0.8630477 0.8566996 0.8466818 0.8280882 0.8151279 0.8143439 0.8144674 0.8089000 0.8107245 0.8138681 0.8096545 0.8083911 0.7708801 0.6554764 0.5241367 0.3830228 0.3066733 0.3020484 0.2990053 0.2987096 0.2970521 0.2943419 0.2912817 0.2892057 0.2884845 0.2907466 0.2945409 0.3008654 0.3134065 0.3369830 0.3680117 0.4031097 0.4399495 0.4793562 0.5125213 0.5408474 0.5707250 0.6040821 0.6404529 0.6790549 0.7182724 0.7529802 0.7765047 0.7907913 0.8025538 0.8069309 0.8188332 0.8392803 0.8685270 0.9062171 0.9625140 1.022566 1.067677 1.077242 1.026068 0.9109377 0.7347002 0.5799899 0.4862811
0.8429391 0.8612440 0.8655711 0.8533409 0.8425017 0.8320195 0.8277472 0.8138978 0.7968420 0.7963636 0.8078919 0.8206676 0.8312574 0.8149792 0.7608084 0.6294446 0.4760340 0.3687854 0.3131374 0.2983874 0.2978094 0.2961310 0.2919961 0.2879336 0.2872700 0.2870368 0.2899023 0.2996072 0.3181001 0.3385325 0.3593868 0.3813473 0.4155786 0.4587490 0.4952261 0.5208356 0.5490342 0.5821074 0.6176172 0.6541164 0.6841378 0.7042941 0.7085292 0.7131122 0.7160771 0.7173904 0.7304972 0.7448573 0.7669275 0.8076706 0.8828552 0.9621183 1.020699 1.020262 0.9456070 0.7896684 0.6204261 0.4705847 0.3643714
0.7771434 0.8197557 0.8620058 0.8654477 0.8621865 0.8602020 0.8554578 0.8483552 0.8242219 0.8061174 0.7947558 0.8095773 0.8269598 0.8528036 0.8547404 0.8323144 0.7406303 0.6049825 0.4460499 0.3497033 0.3177727 0.3109089 0.3117946 0.3139412 0.3185094 0.3209460 0.3262653 0.3370696 0.3497353 0.3591914 0.3716257 0.3920883 0.4256481 0.4626640 0.4858479 0.5044686 0.5340162 0.5657662 0.5931740 0.6161801 0.6305290 0.6310824 0.6278914 0.6259927 0.6297018 0.6314198 0.6386433 0.6452844 0.6486554 0.6868559 0.7528471 0.8155865 0.8319799 0.7788425 0.6543453 0.5561054 0.5177720 0.4566525 0.3945662
0.6706302 0.7166006 0.7868858 0.8234905 0.8456344 0.8533025 0.8600886 0.8714014 0.8699797 0.8451183 0.8164192 0.8002249 0.8094469 0.8299984 0.8548391 0.8733152 0.8693384 0.8579337 0.7422275 0.5634817 0.4264200 0.3416326 0.3358572 0.3456141 0.3551569 0.3636990 0.3694559 0.3760296 0.3752768 0.3780794 0.3879827 0.4038026 0.4284641 0.4462339 0.4425683 0.4614348 0.4947099 0.5230789 0.5338887 0.5444897 0.5443084 0.5309561 0.5246737 0.5220263 0.5216213 0.5182334 0.5255216 0.5348404 0.5443522 0.5718034 0.6070545 0.6059323 0.5635721 0.5048893 0.4405489 0.4123188 0.4296508 0.4289658 0.4016716
0.5186500 0.5626333 0.6200003 0.6849724 0.7424004 0.7804474 0.8003966 0.8181781 0.8699482 0.8670219 0.8548701 0.8243415 0.8102573 0.8112255 0.8325060 0.8630602 0.9012479 0.9358431 0.9262164 0.8656778 0.7411008 0.5370884 0.3990817 0.3549681 0.3531357 0.3603544 0.3614870 0.3604377 0.3626676 0.3674928 0.3710213 0.3752132 0.3774382 0.3708970 0.3706957 0.3957585 0.4244572 0.4348163 0.4409934 0.4441350 0.4379603 0.4197745 0.4136501 0.4154251 0.4080410 0.4149979 0.4298755 0.4524857 0.4696134 0.5013250 0.5190741 0.5002030 0.4663082 0.4502028 0.4112164 0.3670947 0.3435175 0.3405235 0.2997185
0.3466847 0.3790409 0.4148508 0.4809677 0.5529158 0.6172699 0.6823332 0.7200108 0.7730648 0.8291959 0.8632868 0.8614945 0.8450287 0.8456528 0.8455096 0.8636325 0.8841101 0.9254263 0.9775048 1.034207 0.9875897 0.9028136 0.6542450 0.4879818 0.3471501 0.3208678 0.3119134 0.3120490 0.3158704 0.3187506 0.3109955 0.3056783 0.2968525 0.2947931 0.3072588 0.3362786 0.3580543 0.3630994 0.3680740 0.3680617 0.3612904 0.3489087 0.3478557 0.3556326 0.3656535 0.3794718 0.4056920 0.4451964 0.4931329 0.5239326 0.5322811 0.5182404 0.4819591 0.4440805 0.3983994 0.3390113 0.2889613 0.2286101 0.1321368
0.1941200 0.2427002 0.2830184 0.3234633 0.3821186 0.4433778 0.5318457 0.6098959 0.6791659 0.7430684 0.8013210 0.8637750 0.8832411 0.8982904 0.8868526 0.8821802 0.8802235 0.9026566 0.9541615 1.004948 1.039995 1.062166 1.003219 0.8344100 0.6154621 0.3558521 0.2660748 0.2640546 0.2649573 0.2599811 0.2508384 0.2452250 0.2476881 0.2647843 0.2924528 0.3170018 0.3321559 0.3384011 0.3414213 0.3410368 0.3369885 0.3364910 0.3462273 0.3660090 0.4030780 0.4394767 0.4806380 0.5342952 0.5685530 0.5784223 0.5638077 0.5279799 0.4787165 0.4227883 0.3626702 0.2827515 0.2141580 0.1409242 0.7607892E-01
0.1117034 0.1483203 0.1884565 0.2295493 0.2745538 0.3201023 0.3940524 0.4822171 0.5760463 0.6526725 0.7007290 0.7642234 0.8217038 0.8744070 0.8907398 0.8875939 0.8864421 0.8893207 0.9126635 0.9454970 1.009037 1.054654 1.086628 1.070136 0.9044311 0.6470097 0.4668755 0.2962299 0.2566617 0.2409294 0.2284119 0.2294476 0.2514064 0.2863774 0.3141492 0.3329497 0.3448255 0.3561836 0.3647181 0.3794914 0.4109694 0.4269158 0.4521894 0.4915052 0.5379790 0.5702371 0.5975191 0.6176124 0.6125300 0.5996223 0.5668870 0.5101290 0.4510896 0.3930059 0.2679108 0.1588320 -9999.000 0.4375282E-01 0.3375026E-01
