simulation_files/asc_files/Depth____124.0.asc
NCOLS       411
NROWS       131
XLLCENTER    2538020.000000
YLLCENTER    1152390.000000
CELLSIZE           1.000
NODATA_VALUE     -9999.0
[rows 27 to 53 of 131, columns 59 to 117 of 411]
-9999.000 -9999.000 -9999.000 -9999.000 -9999.000 -9999.000 -9999.000 -9999.000 -9999.000 -9999.000 -9999.000 -9999.000 -9999.000 -9999.000 -9999.000 -9999.000 -9999.000 -9999.000 -9999.000 -9999.000 -9999.000 -9999.000 -9999.000 -9999.000 -9999.000 -9999.000 -9999.000 -9999.000 -9999.000 -9999.000 -9999.000 -9999.000 -9999.000 -9999.000 -9999.000 -9999.000 -9999.000 -9999.000 -9999.000 -9999.000 -9999.000 -9999.000 -9999.000 -9999.000 -9999.000 -9999.000 -9999.000 -9999.000 -9999.000 -9999.000 -9999.000 -9999.000 -9999.000 -9999.000 -9999.000 -9999.000 -9999.000 -9999.000 -9999.000
-9999.000 -9999.000 -9999.000 -9999.000 -9999.000 -9999.000 -9999.000 -9999.000 -9999.000 -9999.000 -9999.000 -9999.000 -9999.000 -9999.000 -9999.000 -9999.000 -9999.000 -9999.000 -9999.000 -9999.000 -9999.000 -9999.000 -9999.000 -9999.000 -9999.000 -9999.000 -9999.000 -9999.000 -9999.000 -9999.000 -9999.000 -9999.000 -9999.000 -9999.000 -9999.000 -9999.000 -9999.000 -9999.000 -9999.000 -9999.000 -9999.000 -9999.000 -9999.000 -9999.000 -9999.000 -9999.000 -9999.000 -9999.000 -9999.000 -9999.000 -9999.000 -9999.000 -9999.000 -9999.000 -9999.000 -9999.000 -9999.000 2.091066 2.067012
-9999.000 -9999.000 -9999.000 -9999.000 -9999.000 -9999.000 -9999.000 -9999.000 -9999.000 -9999.000 -9999.000 -9999.000 -9999.000 -9999.000 -9999.000 -9999.000 -9999.000 -9999.000 -9999.000 -9999.000 -9999.000 -9999.000 -9999.000 -9999.000 -9999.000 -9999.000 -9999.000 -9999.000 -9999.000 -9999.000 -9999.000 -9999.000 -9999.000 -9999.000 -9999.000 -9999.000 -9999.000 -9999.000 -9999.000 -9999.000 -9999.000 -9999.000 -9999.000 -9999.000 -9999.000 -9999.000 -9999.000 -9999.000 -9999.000 -9999.000 -9999.000 -9999.000 -9999.000 -9999.000 2.132347 2.125060 2.117523 2.092604 2.071255
-9999.000 -9999.000 -9999.000 -9999.000 -9999.000 -9999.000 -9999.000 -9999.000 -9999.000 -9999.000 -9999.000 -9999.000 -9999.000 -9999.000 -9999.000 -9999.000 -9999.000 -9999.000 -9999.000 -9999.000 -9999.000 -9999.000 -9999.000 -9999.000 -9999.000 -9999.000 -9999.000 -9999.000 -9999.000 -9999.000 -9999.000 -9999.000 -9999.000 -9999.000 -9999.000 -9999.000 -9999.000 -9999.000 -9999.000 -9999.000 -9999.000 -9999.000 -9999.000 -9999.000 -9999.000 -9999.000 -9999.000 -9999.000 -9999.000 -9999.000 -9999.000 2.147295 2.145581 2.139103 2.133292 2.126705 2.117366 2.093482 2.070104
-9999.000 -9999.000 -9999.000 -9999.000 -9999.000 -9999.000 -9999.000 -9999.000 -9999.000 -9999.000 -9999.000 -9999.000 -9999.000 -9999.000 -9999.000 -9999.000 -9999.000 -9999.000 -9999.000 -9999.000 -9999.000 -9999.000 -9999.000 -9999.000 -9999.000 -9999.000 -9999.000 -9999.000 -9999.000 -9999.000 -9999.000 -9999.000 -9999.000 -9999.000 -9999.000 -9999.000 -9999.000 -9999.000 -9999.000 -9999.000 -9999.000 -9999.000 -9999.000 -9999.000 -9999.000 -9999.000 -9999.000 -9999.000 1.933779 2.076441 2.123227 2.141488 2.142464 2.132610 2.124494 2.119329 2.108052 2.086511 2.066392
-9999.000 -9999.000 -9999.000 -9999.000 -9999.000 -9999.000 -9999.000 -9999.000 -9999.000 -9999.000 -9999.000 -9999.000 -9999.000 -9999.000 -9999.000 -9999.000 -9999.000 -9999.000 -9999.000 -9999.000 -9999.000 -9999.000 -9999.000 -9999.000 -9999.000 -9999.000 -9999.000 -9999.000 -9999.000 -9999.000 -9999.000 -9999.000 -9999.000 -9999.000 -9999.000 -9999.000 -9999.000 -9999.000 -9999.000 -9999.000 -9999.000 -9999.000 -9999.000 -9999.000 -9999.000 -9999.000 1.529848 1.711733 1.877050 2.025098 2.106574 2.127760 2.133158 2.121465 2.111807 2.105739 2.096413 2.079140 2.059269
-9999.000 -9999.000 -9999.000 -9999.000 -9999.000 -9999.000 -9999.000 -9999.000 -9999.000 -9999.000 -9999.000 -9999.000 -9999.000 -9999.000 -9999.000 -9999.000 -9999.000 -9999.000 -9999.000 -9999.000 -9999.000 -9999.000 -9999.000 -9999.000 -9999.000 -9999.000 -9999.000 -9999.000 -9999.000 -9999.000 -9999.000 -9999.000 -9999.000 -9999.000 -9999.000 -9999.000 -9999.000 -9999.000 -9999.000 -9999.000 -9999.000 -9999.000 1.161587 1.196425 1.272550 1.369244 1.480779 1.613580 1.814477 1.974804 2.067642 2.111662 2.117376 2.110157 2.099760 2.091995 2.081039 2.061952 2.038764
-9999.000 -9999.000 -9999.000 -9999.000 -9999.000 -9999.000 -9999.000 -9999.000 -9999.000 -9999.000 -9999.000 -9999.000 -9999.000 -9999.000 -9999.000 -9999.000 -9999.000 -9999.000 -9999.000 -9999.000 -9999.000 -9999.000 -9999.000 -9999.000 -9999.000 -9999.000 -9999.000 -9999.000 -9999.000 -9999.000 -9999.000 -9999.000 -9999.000 -9999.000 -9999.000 -9999.000 -9999.000 -9999.000 -9999.000 1.136386 1.129072 1.136483 1.153171 1.188536 1.240889 1.312383 1.395127 1.504773 1.661272 1.849165 2.010604 2.083069 2.095686 2.092844 2.088565 2.079106 2.065358 2.043161 2.017437
-9999.000 -9999.000 -9999.000 -9999.000 -9999.000 -9999.000 -9999.000 -9999.000 -9999.000 -9999.000 -9999.000 -9999.000 -9999.000 -9999.000 -9999.000 -9999.000 -9999.000 -9999.000 -9999.000 -9999.000 -9999.000 -9999.000 -9999.000 -9999.000 -9999.000 -9999.000 -9999.000 -9999.000 -9999.000 -9999.000 -9999.000 -9999.000 -9999.000 -9999.000 -9999.000 -9999.000 1.520441 1.516300 1.352092 1.171045 1.141419 1.144533 1.154583 1.181584 1.220450 1.256497 1.294939 1.368052 1.519032 1.732651 1.928280 2.038326 2.069644 2.072924 2.069947 2.059897 2.042888 2.020843 1.993942
-9999.000 -9999.000 -9999.000 -9999.000 -9999.000 -9999.000 -9999.000 -9999.000 -9999.000 -9999.000 -9999.000 -9999.000 -9999.000 -9999.000 -9999.000 -9999.000 -9999.000 -9999.000 -9999.000 -9999.000 -9999.000 -9999.000 -9999.000 -9999.000 -9999.000 -9999.000 -9999.000 -9999.000 -9999.000 -9999.000 -9999.000 -9999.000 -9999.000 -9999.000 1.492180 1.500959 1.516186 1.518395 1.394524 1.227871 1.177005 1.169156 1.174149 1.193966 1.217790 1.226128 1.235366 1.293746 1.432608 1.617431 1.831673 1.977024 2.029996 2.044007 2.045553 2.037694 2.021444 2.001069 1.979383
-9999.000 -9999.000 -9999.000 -9999.000 -9999.000 -9999.000 -9999.000 -9999.000 -9999.000 -9999.000 -9999.000 -9999.000 -9999.000 -9999.000 -9999.000 -9999.000 -9999.000 -9999.000 -9999.000 -9999.000 -9999.000 -9999.000 -9999.000 -9999.000 -9999.000 -9999.000 -9999.000 -9999.000 -9999.000 -9999.000 1.534507 1.498593 1.484295 1.485221 1.486036 1.491737 1.503961 1.518482 1.427021 1.279206 1.227962 1.215699 1.213452 1.223606 1.228214 1.213012 1.212250 1.271904 1.393421 1.542697 1.751239 1.909573 1.984238 2.009601 2.016067 2.010764 1.997676 1.982959 1.968805
-9999.000 -9999.000 -9999.000 -9999.000 -9999.000 -9999.000 -9999.000 -9999.000 -9999.000 -9999.000 -9999.000 -9999.000 -9999.000 -9999.000 -9999.000 -9999.000 -9999.000 -9999.000 -9999.000 -9999.000 -9999.000 -9999.000 -9999.000 -9999.000 -9999.000 -9999.000 -9999.000 -9999.000 1.612244 1.585093 1.539209 1.500468 1.486505 1.481982 1.479557 1.478469 1.489327 1.500615 1.424673 1.305342 1.273028 1.268744 1.269177 1.271580 1.249843 1.217366 1.219536 1.292593 1.382228 1.514020 1.689445 1.836933 1.923465 1.962846 1.975352 1.976203 1.971217 1.965730 1.959457
-9999.000 -9999.000 -9999.000 -9999.000 -9999.000 -9999.000 -9999.000 -9999.000 -9999.000 -9999.000 -9999.000 -9999.000 -9999.000 -9999.000 -9999.000 -9999.000 -9999.000 -9999.000 -9999.000 -9999.000 -9999.000 -9999.000 -9999.000 -9999.000 1.591761 1.621970 1.638338 1.635844 1.620244 1.592735 1.546944 1.504312 1.482824 1.474236 1.470980 1.468511 1.473785 1.469878 1.403238 1.320659 1.299490 1.308979 1.321820 1.315013 1.278851 1.247497 1.259510 1.325193 1.414287 1.528490 1.687636 1.817657 1.889584 1.922009 1.937922 1.944806 1.947476 1.948879 1.947450
0.7529749 0.7459946 0.7380958 0.7384434 0.7673869 0.8295249 0.8947113 0.9255499 0.9275049 0.9154628 0.8893117 0.8382959 0.7715334 0.7184579 0.6844101 0.6616640 0.6488752 0.6461990 0.6503191 0.6694735 0.7506211 1.176545 1.479632 1.539324 1.573069 1.599117 1.624756 1.628682 1.617558 1.599218 1.554269 1.504761 1.477352 1.462293 1.461276 1.458251 1.459081 1.454615 1.380932 1.311069 1.308001 1.329721 1.360967 1.349829 1.305427 1.284028 1.307804 1.381967 1.451656 1.553985 1.681450 1.785681 1.852112 1.888318 1.907798 1.918893 1.926542 1.935360 1.941913
0.7526908 0.7463340 0.7438807 0.7512680 0.7778485 0.8259883 0.8776736 0.9071558 0.9097739 0.8927766 0.8620639 0.8213436 0.7748685 0.7300566 0.6935079 0.6692207 0.6587396 0.6634018 0.6889590 0.7568720 0.9398775 1.237788 1.448769 1.523168 1.561561 1.582935 1.601326 1.612947 1.609238 1.590151 1.553399 1.510058 1.478299 1.459942 1.451996 1.450319 1.447756 1.422761 1.360555 1.314204 1.313880 1.342018 1.365677 1.354887 1.331102 1.332616 1.380846 1.447930 1.495830 1.572135 1.664702 1.753392 1.820646 1.864758 1.891648 1.909015 1.924086 1.938849 1.951773
0.7582826 0.7554699 0.7587456 0.7694415 0.7873744 0.8155205 0.8495071 0.8676099 0.8635367 0.8426410 0.8169509 0.7958938 0.7769119 0.7515499 0.7202134 0.6954999 0.6896188 0.7087048 0.7630663 0.8765709 1.083929 1.305339 1.426187 1.498301 1.543610 1.566149 1.583522 1.599953 1.602523 1.581681 1.544708 1.504882 1.477747 1.460615 1.448065 1.443237 1.438721 1.409080 1.341869 1.306241 1.313359 1.345537 1.364753 1.353585 1.345308 1.366796 1.440249 1.524485 1.568161 1.626554 1.685580 1.748642 1.809315 1.858036 1.892353 1.916043 1.933648 1.948815 1.961307
0.7749013 0.7769947 0.7822679 0.7896592 0.7961885 0.7998360 0.8021715 0.8014789 0.7941008 0.7827350 0.7742113 0.7716858 0.7725872 0.7719938 0.7657383 0.7577263 0.7620907 0.7946379 0.8664060 0.9985552 1.159262 1.288648 1.386494 1.464539 1.515853 1.546610 1.567020 1.584024 1.594814 1.577135 1.533789 1.493543 1.472551 1.461821 1.449938 1.438268 1.428640 1.393207 1.334490 1.307842 1.317072 1.341756 1.352027 1.351402 1.361319 1.408880 1.496825 1.592449 1.660234 1.707863 1.751256 1.783792 1.834786 1.881456 1.915835 1.936725 1.944145 1.947337 1.947963
0.7948952 0.7999339 0.8030140 0.8011508 0.7894906 0.7674690 0.7462840 0.7374449 0.7384710 0.7423077 0.7476837 0.7564463 0.7707970 0.7911979 0.8142840 0.8385024 0.8684364 0.9141053 0.9891415 1.098758 1.200551 1.275954 1.351271 1.425081 1.481836 1.521072 1.547008 1.566034 1.582470 1.574127 1.531180 1.485384 1.463260 1.456189 1.448748 1.436291 1.420838 1.384219 1.333110 1.313447 1.320885 1.337919 1.347617 1.358489 1.388227 1.457411 1.558261 1.663696 1.744487 1.799753 1.829821 1.842017 1.864160 1.892201 1.915470 1.928937 1.928304 1.919566 1.910716
0.8116902 0.8140553 0.8085546 0.7907326 0.7593778 0.7261454 0.7053556 0.7032508 0.7139860 0.7272894 0.7407849 0.7574794 0.7809599 0.8151580 0.8609047 0.9160554 0.9755976 1.039873 1.122371 1.198502 1.244544 1.284574 1.331912 1.384808 1.441453 1.491151 1.523792 1.544557 1.560572 1.564349 1.531839 1.485746 1.459719 1.447927 1.443060 1.437825 1.416917 1.375758 1.335905 1.326667 1.334689 1.346246 1.358511 1.380931 1.431975 1.517683 1.622496 1.724152 1.801812 1.847840 1.861228 1.863205 1.869371 1.881670 1.889362 1.890538 1.885633 1.874452 1.859851
0.8186200 0.8071875 0.7823831 0.7509499 0.7229563 0.7056046 0.6996118 0.7021363 0.7120577 0.7285267 0.7512045 0.7801280 0.8144208 0.8572344 0.9132700 0.9824682 1.061735 1.151355 1.235841 1.286559 1.308633 1.325967 1.341977 1.361830 1.399785 1.449968 1.492209 1.518063 1.532228 1.534714 1.517656 1.490259 1.466178 1.447279 1.438848 1.435881 1.415432 1.376385 1.350593 1.353670 1.372223 1.389163 1.406298 1.441951 1.504575 1.584471 1.668071 1.745575 1.807320 1.844476 1.852015 1.824511 1.832655 1.843866 1.845111 1.841927 1.837968 1.830019 1.817474
0.8025364 0.7786576 0.7492191 0.7273937 0.7154028 0.7099073 0.7082615 0.7090126 0.7155971 0.7350379 0.7677086 0.8083905 0.8509677 0.8952620 0.9472719 1.013084 1.097429 1.200583 1.287157 1.330541 1.350676 1.365157 1.367075 1.365630 1.384397 1.419182 1.463300 1.495723 1.510773 1.511034 1.495542 1.482475 1.471241 1.452773 1.439447 1.440622 1.431038 1.396077 1.383024 1.399182 1.431492 1.451379 1.463678 1.494687 1.546098 1.603924 1.660568 1.722300 1.779976 1.812157 1.814503 1.793651 1.785047 1.794256 1.796860 1.789831 1.784868 1.781994 1.773710
0.7592777 0.7435018 0.7315635 0.7248632 0.7201952 0.7150181 0.7102778 0.7105975 0.7214045 0.7484597 0.7889107 0.8338607 0.8792821 0.9250313 0.9743161 1.035273 1.117753 1.210316 1.285380 1.333469 1.363603 1.376707 1.374967 1.376632 1.386590 1.403441 1.434530 1.468683 1.487480 1.484705 1.472098 1.468689 1.470944 1.467818 1.458079 1.453526 1.451072 1.441882 1.446371 1.460826 1.474858 1.483262 1.490845 1.510813 1.546345 1.582017 1.615764 1.666384 1.724637 1.756875 1.773970 1.754634 1.741940 1.742242 1.742873 1.742173 1.739421 1.741445 1.739645
0.7104067 0.7099030 0.7135579 0.7157815 0.7127174 0.7054272 0.7003985 0.7071240 0.7289801 0.7641482 0.8063230 0.8501793 0.8951793 0.9422938 0.9923589 1.052200 1.127028 1.201426 1.262608 1.311945 1.347361 1.360581 1.362479 1.371536 1.382302 1.391891 1.414046 1.443100 1.460415 1.456674 1.447057 1.452862 1.470743 1.490064 1.494469 1.488330 1.485115 1.484667 1.492824 1.490143 1.479962 1.472199 1.471212 1.488171 1.517825 1.533110 1.548517 1.588159 1.646705 1.703425 1.719945 1.716524 1.705736 1.697977 1.703235 1.704270 1.703016 1.706593 1.703096
0.6652104 0.6678020 0.6734471 0.6791129 0.6826684 0.6859403 0.6949397 0.7171237 0.7496201 0.7849914 0.8205968 0.8601371 0.9048002 0.9532015 1.005788 1.069204 1.133444 1.185706 1.231201 1.276329 1.306542 1.318034 1.331168 1.346761 1.358610 1.370295 1.388863 1.412236 1.426378 1.425432 1.426494 1.445269 1.474590 1.507402 1.523854 1.513517 1.499416 1.500627 1.495335 1.475476 1.453717 1.435993 1.431533 1.454689 1.486179 1.481177 1.470504 1.507682 1.582225 1.632545 1.665395 1.670070 1.665986 1.659636 1.663305 1.662583 1.663935 1.669582 1.663460
0.6217599 0.6150739 0.6145935 0.6227643 0.6397515 0.6661458 0.7013550 0.7410507 0.7778809 0.8090126 0.8384824 0.8725469 0.9132878 0.9599435 1.013936 1.074349 1.127421 1.167964 1.204689 1.237665 1.255583 1.266875 1.286463 1.306428 1.321362 1.336764 1.359075 1.384639 1.400570 1.404051 1.412985 1.439073 1.470572 1.497091 1.503264 1.486464 1.474154 1.472238 1.458545 1.437963 1.417060 1.396612 1.391802 1.414559 1.440018 1.434664 1.427538 1.438429 1.513668 1.573984 1.611989 1.626375 1.625474 1.622706 1.625426 1.619946 1.611837 1.612864 1.610587
0.5749738 0.5655648 0.5648471 0.5757133 0.6020123 0.6478933 0.7083648 0.7623278 0.8002670 0.8272459 0.8544337 0.8841995 0.9187296 0.9604215 1.013698 1.068065 1.110159 1.145867 1.180141 1.200248 1.204866 1.218417 1.244989 1.273009 1.296126 1.319808 1.347392 1.374345 1.387341 1.384996 1.389782 1.412163 1.436208 1.451484 1.438685 1.417137 1.418429 1.411637 1.397761 1.394896 1.382008 1.364028 1.357260 1.377299 1.387623 1.382871 1.381859 1.407449 1.469478 1.526274 1.556132 1.586923 1.585665 1.585215 1.580070 1.561987 1.540300 1.529238 1.526394
0.5349580 0.5356077 0.5451242 0.5671279 0.6051438 0.6601733 0.7239795 0.7770047 0.8108170 0.8367510 0.8639326 0.8927832 0.9241432 0.9632414 1.009886 1.053840 1.091751 1.127440 1.152737 1.162228 1.171991 1.194116 1.224976 1.257660 1.288440 1.316708 1.340523 1.354107 1.352358 1.343046 1.343027 1.354158 1.367099 1.367059 1.351773 1.346229 1.345935 1.338260 1.339420 1.345037 1.343831 1.344226 1.350686 1.353190 1.342533 1.333698 1.344951 1.372834 1.413352 1.459147 1.504309 1.538872 1.538681 1.534281 1.519802 1.492235 1.462168 1.457595 1.464827
