simulation_files/asc_files/Depth____108.0.asc
NCOLS       411
NROWS       131
XLLCENTER    2538020.000000
YLLCENTER    1152390.000000
CELLSIZE           1.000
NODATA_VALUE     -9999.0
[rows 27 to 53 of 131, columns 118 to 176 of 411]
-9999.000 1.598531 1.603184 1.618771 1.650003 1.689960 1.734425 1.777421 1.829449 1.878351 1.921872 1.932946 1.891254 1.835626 1.789706 1.781116 1.738750 1.361345 1.131636 1.144004 1.202337 1.252656 1.280816 1.296591 1.319032 1.352938 1.398735 1.369236 1.247034 1.200771 1.241555 1.135701 0.8625892 0.6399858 0.5850441 0.6084362 0.6310721 0.6513805 0.6745570 0.7036493 0.7331760 0.7568960 0.7818096 0.8079514 0.8323360 0.8586681 0.8883521 0.9147428 0.9413764 0.9761842 1.007785 1.041581 1.067637 1.082651 1.086267 1.080700 1.077101 1.077834 1.086328
1.593059 1.589356 1.589956 1.599721 1.620478 1.658459 1.706890 1.752423 1.807929 1.865848 1.917582 1.929419 1.898639 1.853214 1.810682 1.791587 1.772472 1.581657 1.173949 1.166861 1.212578 1.248836 1.280928 1.293855 1.311884 1.341748 1.379587 1.345126 1.252543 1.221684 1.152809 0.9188342 0.7105078 0.6385260 0.6583252 0.6764619 0.7040012 0.7271699 0.7525728 0.7781238 0.7978056 0.8178367 0.8353161 0.8486449 0.8675864 0.8890819 0.9144530 0.9364991 0.9635325 0.9937113 1.021445 1.041740 1.055906 1.059350 1.053175 1.048255 1.051935 1.064167 1.085904
1.587619 1.572863 1.570749 1.578319 1.591389 1.625491 1.671670 1.716135 1.770934 1.832818 1.888843 1.915106 1.900507 1.860500 1.821971 1.795319 1.768498 1.653024 1.367025 1.241851 1.259025 1.269309 1.287942 1.295394 1.309790 1.334038 1.354751 1.307811 1.224146 1.158524 0.9708509 0.7571620 0.7046068 0.6944275 0.7215516 0.7422051 0.7672514 0.7858786 0.8012369 0.8176961 0.8345548 0.8462039 0.8564986 0.8701997 0.8836993 0.9036914 0.9228952 0.9470839 0.9783711 1.003043 1.026254 1.042381 1.048113 1.043115 1.035909 1.037536 1.046413 1.064118 1.091161
1.582125 1.557269 1.550578 1.559694 1.569759 1.587810 1.634757 1.681226 1.740694 1.806506 1.859825 1.886595 1.875344 1.845282 1.816509 1.791294 1.756642 1.655356 1.448032 1.320474 1.303009 1.294881 1.286053 1.285258 1.293567 1.314504 1.317001 1.237118 1.127781 0.9732924 0.7934422 0.7209757 0.7258062 0.7417303 0.7674284 0.7853935 0.7999878 0.8091130 0.8199535 0.8280616 0.8382592 0.8436926 0.8540351 0.8712162 0.8876626 0.9098163 0.9343734 0.9593328 0.9851352 1.013731 1.033123 1.043401 1.044776 1.041126 1.042916 1.050053 1.063847 1.082223 1.100775
1.580476 1.548456 1.541874 1.554366 1.563379 1.568959 1.594843 1.648373 1.711382 1.769401 1.816254 1.840806 1.837423 1.818045 1.795982 1.771923 1.742855 1.666774 1.474692 1.384390 1.347418 1.311805 1.288217 1.273713 1.277616 1.292902 1.272521 1.156744 0.9708355 0.7958792 0.7267669 0.7290889 0.7487271 0.7667928 0.7850783 0.7900371 0.8002182 0.8009435 0.8053236 0.8094095 0.8187077 0.8298266 0.8474590 0.8673046 0.8924839 0.9171816 0.9468470 0.9742013 1.000467 1.025406 1.041243 1.047021 1.048305 1.053408 1.059293 1.068846 1.082867 1.095257 1.102487
1.587688 1.551188 1.537270 1.552794 1.564539 1.560949 1.570946 1.615396 1.673064 1.726443 1.769749 1.793279 1.793740 1.779767 1.761041 1.746892 1.733386 1.628814 1.465086 1.385132 1.381052 1.360941 1.333348 1.293726 1.292629 1.279182 1.199215 1.012409 0.8112804 0.7358548 0.7256854 0.7324128 0.7423160 0.7486019 0.7585413 0.7589855 0.7659325 0.7720759 0.7746995 0.7827066 0.7954374 0.8133523 0.8402375 0.8679966 0.8963040 0.9328741 0.9648508 0.9954674 1.021835 1.041362 1.048431 1.050399 1.053827 1.060375 1.066352 1.074728 1.081343 1.080796 1.077434
1.583574 1.549994 1.523166 1.534644 1.562171 1.563596 1.555534 1.584306 1.640028 1.679580 1.713867 1.737006 1.742369 1.729626 1.709267 1.700610 1.699091 1.602181 1.440345 1.384518 1.404176 1.431233 1.424328 1.396398 1.360740 1.262518 1.074716 0.8545540 0.7328885 0.7115144 0.7092701 0.7064834 0.7084529 0.7116066 0.7129545 0.7134255 0.7211898 0.7326597 0.7421237 0.7609152 0.7814488 0.8157768 0.8446976 0.8777608 0.9115068 0.9454766 0.9828224 1.014815 1.031239 1.042256 1.045638 1.045755 1.045339 1.045152 1.048593 1.049077 1.044585 1.035459 1.025417
1.576513 1.545553 1.511586 1.513192 1.541133 1.557866 1.554152 1.563071 1.601904 1.638322 1.662152 1.684646 1.686478 1.666569 1.643687 1.641279 1.631553 1.524185 1.400972 1.379989 1.432276 1.478424 1.500621 1.496501 1.454717 1.269185 0.9124164 0.7596974 0.7059294 0.6868571 0.6787176 0.6762323 0.6759397 0.6764929 0.6773343 0.6793396 0.6943383 0.7091344 0.7271129 0.7569710 0.7856369 0.8144048 0.8542439 0.8913745 0.9271771 0.9592710 0.9877420 1.011961 1.018735 1.022534 1.016302 1.013956 1.019445 1.010293 1.005788 0.9988419 0.9874771 0.9814392 0.9698807
1.566298 1.545499 1.500293 1.480685 1.508744 1.539912 1.547319 1.548442 1.566335 1.594709 1.618029 1.630641 1.628427 1.601201 1.575094 1.572195 1.566255 1.457788 1.359670 1.384270 1.440878 1.492082 1.526655 1.539451 1.463574 1.087165 0.8465100 0.7470456 0.7074382 0.6871342 0.6692327 0.6555329 0.6538902 0.6576684 0.6619085 0.6724145 0.6936219 0.7119971 0.7375482 0.7665505 0.7976805 0.8259672 0.8577109 0.8922967 0.9259283 0.9490314 0.9652409 0.9685243 0.9676140 0.9604729 0.9520643 0.9505583 0.9485934 0.9461580 0.9444693 0.9400873 0.9353350 0.9328879 0.9235819
1.561134 1.550784 1.520085 1.474828 1.469625 1.509888 1.538812 1.541571 1.541713 1.557133 1.574499 1.580227 1.566991 1.535966 1.511071 1.507479 1.473022 1.361552 1.313704 1.367675 1.424725 1.471738 1.502530 1.505192 1.311597 0.9666873 0.8157640 0.7806161 0.7548787 0.7355416 0.7126178 0.6871085 0.6768596 0.6761878 0.6818798 0.6919112 0.7061117 0.7259972 0.7532173 0.7769353 0.8043647 0.8312060 0.8602373 0.8842771 0.9017539 0.9040290 0.9014683 0.8953881 0.8821012 0.8726556 0.8711546 0.8716962 0.8695642 0.8716494 0.8766870 0.8730818 0.8805686 0.8810448 0.8721001
1.558293 1.556625 1.530908 1.483188 1.460692 1.481068 1.517146 1.544868 1.541232 1.529187 1.532491 1.531457 1.515123 1.487025 1.466608 1.458414 1.391394 1.277166 1.255986 1.312974 1.376433 1.422103 1.452147 1.358901 1.022341 0.8364253 0.8063345 0.8017772 0.7994951 0.8003623 0.7960715 0.7806403 0.7667946 0.7590062 0.7423926 0.7288265 0.7391289 0.7555261 0.7751222 0.7928861 0.8084709 0.8277695 0.8417568 0.8464728 0.8432332 0.8332628 0.8237742 0.8144458 0.8001662 0.7879138 0.7930781 0.7934895 0.7954357 0.7979992 0.7963604 0.7982420 0.7999159 0.7909357 0.7729311
1.546114 1.555439 1.540686 1.496200 1.472877 1.494259 1.538246 1.574892 1.569309 1.523888 1.498505 1.482216 1.457827 1.427262 1.411548 1.398264 1.295433 1.197827 1.210470 1.259205 1.298253 1.352193 1.335469 1.131406 0.8835875 0.8115660 0.8189985 0.8289651 0.8385036 0.8466785 0.8522984 0.8576766 0.8552562 0.8557239 0.8388954 0.8234763 0.8137355 0.7961599 0.7990287 0.7982054 0.8050014 0.8067865 0.8044613 0.7894577 0.7696113 0.7545702 0.7468362 0.7440184 0.7345526 0.7246617 0.7216643 0.7200559 0.7159447 0.7174847 0.7090780 0.7071573 0.6914270 0.6585172 0.6151502
1.527860 1.540456 1.540271 1.509457 1.495815 1.533296 1.595627 1.653469 1.639540 1.553858 1.477504 1.437392 1.402366 1.369394 1.359690 1.314970 1.208395 1.159488 1.179556 1.207195 1.227255 1.273553 1.170435 0.9251035 0.8045657 0.8200883 0.8404155 0.8597819 0.8750862 0.8849515 0.8928387 0.8987886 0.9057111 0.9045970 0.9118824 0.9146810 0.9015314 0.8729127 0.8401357 0.8150721 0.7857956 0.7700124 0.7529264 0.7272431 0.7088759 0.6959417 0.6929770 0.6875709 0.6801508 0.6715668 0.6598218 0.6525115 0.6420775 0.6224038 0.6102739 0.5879956 0.5451199 0.4866703 0.4140646
1.529718 1.527648 1.533842 1.518794 1.517656 1.542566 1.594497 1.667544 1.715268 1.633059 1.495390 1.398630 1.341956 1.312345 1.298639 1.203799 1.107380 1.119076 1.152228 1.172402 1.198243 1.165401 0.9735213 0.8082487 0.7959406 0.8263793 0.8526333 0.8711579 0.8876923 0.9031329 0.9090730 0.9156971 0.9149371 0.9086376 0.9018031 0.9177997 0.9237911 0.9363494 0.9222811 0.8872088 0.8282244 0.7669495 0.7194114 0.6899806 0.6632661 0.6485166 0.6411676 0.6322458 0.6193240 0.6026014 0.5853132 0.5657925 0.5314639 0.4972027 0.4682686 0.4159600 0.3444541 0.2644561 0.1851469
1.563380 1.529904 1.518809 1.503254 1.500943 1.515512 1.554377 1.615197 1.674086 1.701860 1.635089 1.466542 1.337013 1.283397 1.239761 1.131298 1.075304 1.094294 1.123555 1.145068 1.160134 0.9992080 0.8352020 0.7759524 0.7883085 0.8139964 0.8316216 0.8451282 0.8546332 0.8674110 0.8797573 0.8867981 0.8927398 0.8950388 0.8923879 0.8825563 0.8836386 0.9036325 0.9533477 0.9494566 0.9206516 0.8485472 0.7577113 0.7082873 0.6555771 0.6128808 0.5953697 0.5800055 0.5553099 0.5251515 0.5060967 0.4678974 0.4082074 0.3730532 0.3165016 0.2363119 0.1543209 0.8712063E-01 0.4599096E-01
1.630170 1.563931 1.494474 1.458255 1.445228 1.452306 1.483504 1.537300 1.596702 1.648310 1.651647 1.574029 1.446204 1.331052 1.204602 1.074904 1.057443 1.083286 1.096611 1.090059 1.023589 0.8435604 0.7591433 0.7548467 0.7627968 0.7731541 0.7793949 0.7849817 0.7887311 0.8011102 0.8184084 0.8368010 0.8582938 0.8837131 0.9040079 0.9066027 0.8900314 0.8713737 0.8788917 0.9074735 0.9237355 0.8969337 0.8437506 0.7854484 0.6904575 0.6300624 0.5808206 0.5396949 0.4983046 0.4697651 0.4399450 0.3819823 0.3243056 0.2674465 0.1857592 0.1048371 0.5444503E-01 -9999.000 -9999.000
1.647765 1.577505 1.479208 1.415767 1.392908 1.388834 1.408693 1.451160 1.497206 1.555865 1.591220 1.599958 1.555817 1.482604 1.325184 1.151205 1.093680 1.071737 1.067141 1.012624 0.8788594 0.7299776 0.7080205 0.7118030 0.7121272 0.7181413 0.7248413 0.7309485 0.7377712 0.7488410 0.7696317 0.7944499 0.8305430 0.8624644 0.8857446 0.9100485 0.9338120 0.9175195 0.8441363 0.8004876 0.8060343 0.7991170 0.8143588 0.8001421 0.7558003 0.6632654 0.5580409 0.4470921 0.3857094 0.3697728 0.3306733 0.2650698 0.2208461 0.1583765 0.7217369E-01 0.4795412E-01 -9999.000 -9999.000 -9999.000
1.644301 1.604410 1.499497 1.403323 1.355877 1.340540 1.352411 1.387478 1.427389 1.467008 1.501304 1.531779 1.558286 1.546445 1.415051 1.286213 1.214339 1.130559 0.9902041 0.8913423 0.7491670 0.6680207 0.6607880 0.6629741 0.6669208 0.6741734 0.6859589 0.6987111 0.7087795 0.7234710 0.7410035 0.7603435 0.7773277 0.8064370 0.8374786 0.8536145 0.8963511 0.9436302 0.9125502 0.7415371 0.6522174 0.6132430 0.6280207 0.6535556 0.6640228 0.6293069 0.5272454 0.4041321 0.3141744 0.2507985 0.1962941 0.1527616 0.1108674 0.6022863E-01 0.2706332E-01 0.2178965E-01 -9999.000 -9999.000 -9999.000
1.606822 1.601102 1.537136 1.431718 1.362031 1.323872 1.326916 1.351800 1.377777 1.403222 1.427143 1.440984 1.450748 1.462767 1.385946 1.327208 1.343849 1.271443 1.042510 0.8058372 0.6806728 0.6354738 0.6362636 0.6445901 0.6497318 0.6555374 0.6602367 0.6675803 0.6792319 0.6934184 0.7101914 0.7140864 0.7149607 0.7197623 0.7402718 0.7696475 0.7854322 0.8113905 0.8620993 0.7802405 0.5544277 0.4645856 0.4504625 0.4636788 0.4914136 0.5103610 0.4404757 0.3694867 0.2920302 0.1942201 0.1192486 0.9473233E-01 -9999.000 -9999.000 -9999.000 -9999.000 -9999.000 -9999.000 -9999.000
1.561384 1.569855 1.547224 1.488309 1.413485 1.355240 1.328062 1.331351 1.341019 1.349294 1.360390 1.359766 1.343644 1.294778 1.225083 1.199005 1.281434 1.326766 1.133891 0.8825586 0.7150828 0.6436075 0.6314145 0.6346900 0.6453008 0.6468082 0.6396552 0.6323794 0.6232305 0.6292201 0.6413003 0.6010124 0.5938907 0.5858391 0.5314131 0.5369135 0.5626247 0.5735719 0.6324766 0.6133791 0.4870450 0.3598060 0.3108101 0.2871397 0.2906922 0.3135171 0.3242885 0.2850096 0.2434820 0.1727645 0.1174006 0.7978749E-01 -9999.000 -9999.000 -9999.000 -9999.000 -9999.000 -9999.000 -9999.000
1.515081 1.533496 1.529389 1.505008 1.465262 1.418174 1.377052 1.345565 1.330642 1.324042 1.313190 1.303824 1.274541 1.194025 1.083709 1.052521 1.118367 1.213137 1.107919 0.9296840 0.8590268 0.7534512 0.6862277 0.6454839 0.6135089 0.6141277 0.5985968 0.5601981 0.5226791 0.4821108 0.4357192 0.3778384 0.3458366 0.3289129 0.2708452 0.2278661 0.2637800 0.3011987 0.3103497 0.3536013 0.3704393 0.2769525 0.1854795 0.1334070 0.1360974 0.1700547 0.2131342 0.2312945 -9999.000 -9999.000 -9999.000 -9999.000 -9999.000 -9999.000 -9999.000 -9999.000 -9999.000 -9999.000 -9999.000
1.471538 1.497586 1.501914 1.498115 1.481651 1.452896 1.419468 1.388948 1.353772 1.314398 1.286725 1.259860 1.233351 1.137279 1.003579 0.9570946 0.9924226 1.030613 0.9703914 0.9087571 0.9092058 0.8736710 0.7757152 0.7170456 0.5674550 0.4843196 0.4512954 0.3873345 0.3415623 0.2491640 0.1960325 0.1793477 -9999.000 -9999.000 0.4938991E-01 0.7977367E-01 -9999.000 -9999.000 -9999.000 0.1388132 0.1701281 0.1437911 0.8937770E-01 0.4828370E-01 0.6772854E-01 -9999.000 -9999.000 -9999.000 -9999.000 -9999.000 -9999.000 -9999.000 -9999.000 -9999.000 -9999.000 -9999.000 -9999.000 -9999.000 -9999.000
1.431491 1.451257 1.462484 1.464027 1.463984 1.448821 1.429325 1.405116 1.375277 1.335681 1.284708 1.234201 1.177811 1.106929 0.9892960 0.9197133 0.9040046 0.8949829 0.8603107 0.8357508 0.8263701 0.8150002 0.6938803 0.5946866 0.4511172 0.2485551 0.1826417 0.1912574 -9999.000 0.9419670E-01 0.7066339E-01 -9999.000 -9999.000 -9999.000 -9999.000 -9999.000 -9999.000 -9999.000 -9999.000 -9999.000 -9999.000 -9999.000 -9999.000 -9999.000 -9999.000 -9999.000 -9999.000 -9999.000 -9999.000 -9999.000 -9999.000 -9999.000 -9999.000 -9999.000 -9999.000 -9999.000 -9999.000 -9999.000 -9999.000
1.379114 1.392761 1.409082 1.419469 1.423144 1.418172 1.400096 1.393549 1.367219 1.333542 1.272874 1.204739 1.137280 1.062352 0.9775343 0.8950449 0.8306090 0.7875720 0.7397397 0.6754456 0.6352910 0.5235353 0.4061437 0.2537430 0.1738580 -9999.000 -9999.000 0.4128418E-01 -9999.000 -9999.000 -9999.000 -9999.000 -9999.000 -9999.000 -9999.000 -9999.000 -9999.000 -9999.000 -9999.000 -9999.000 -9999.000 -9999.000 -9999.000 -9999.000 -9999.000 -9999.000 -9999.000 -9999.000 -9999.000 -9999.000 -9999.000 -9999.000 -9999.000 -9999.000 -9999.000 -9999.000 -9999.000 -9999.000 -9999.000
1.318049 1.312973 1.336177 1.354153 1.368438 1.371921 1.360162 1.354913 1.332362 1.292196 1.216229 1.136399 1.069484 0.9978876 0.9018648 0.7884906 0.6778042 0.5668539 0.4755577 0.3718425 0.2292189 0.1985178 0.1817253 -9999.000 -9999.000 -9999.000 -9999.000 -9999.000 -9999.000 -9999.000 -9999.000 -9999.000 -9999.000 -9999.000 -9999.000 -9999.000 -9999.000 -9999.000 -9999.000 -9999.000 -9999.000 -9999.000 -9999.000 -9999.000 -9999.000 -9999.000 -9999.000 -9999.000 -9999.000 -9999.000 -9999.000 -9999.000 -9999.000 -9999.000 -9999.000 -9999.000 -9999.000 -9999.000 -9999.000
1.244812 1.256609 1.274256 1.296967 1.314074 1.319467 1.310168 1.293510 1.266735 1.205811 1.122815 1.043513 0.9665010 0.8664214 0.7359968 0.5731570 0.4110372 0.3122726 -9999.000 0.1111499 0.4248280E-01 -9999.000 -9999.000 -9999.000 -9999.000 -9999.000 -9999.000 -9999.000 -9999.000 -9999.000 -9999.000 -9999.000 -9999.000 -9999.000 -9999.000 -9999.000 -9999.000 -9999.000 -9999.000 -9999.000 -9999.000 -9999.000 -9999.000 -9999.000 -9999.000 -9999.000 -9999.000 -9999.000 -9999.000 -9999.000 -9999.000 -9999.000 -9999.000 -9999.000 -9999.000 -9999.000 -9999.000 -9999.000 -9999.000
1.182989 1.203512 1.227729 1.248543 1.259927 1.255550 1.230439 1.191240 1.146308 1.068834 0.9974387 0.9249543 0.7686097 0.6285475 0.4390652 0.2801643 0.1565357 0.3023264E-01 -9999.000 -9999.000 -9999.000 -9999.000 -9999.000 -9999.000 -9999.000 -9999.000 -9999.000 -9999.000 -9999.000 -9999.000 -9999.000 -9999.000 -9999.000 -9999.000 -9999.000 -9999.000 -9999.000 -9999.000 -9999.000 -9999.000 -9999.000 -9999.000 -9999.000 -9999.000 -9999.000 -9999.000 -9999.000 -9999.000 -9999.000 -9999.000 -9999.000 -9999.000 -9999.000 -9999.000 -9999.000 -9999.000 -9999.000 -9999.000 -9999.000
