simulation_files/asc_files/Depth____35.0.asc
NCOLS       411
NROWS       131
XLLCENTER    2538020.000000
YLLCENTER    1152390.000000
CELLSIZE           1.000
NODATA_VALUE     -9999.0
[rows 0 to 25 of 131, columns 300 to 359 of 411]
-9999.000 -9999.000 -9999.000 -9999.000 -9999.000 -9999.000 -9999.000 -9999.000 -9999.000 -9999.000 -9999.000 -9999.000 -9999.000 -9999.000 -9999.000 -9999.000 -9999.000 -9999.000 -9999.000 -9999.000 -9999.000 -9999.000 -9999.000 -9999.000 -9999.000 -9999.000 -9999.000 -9999.000 -9999.000 -9999.000 -9999.000 -9999.000 -9999.000 -9999.000 -9999.000 -9999.000 -9999.000 -9999.000 -9999.000 -9999.000 -9999.000 -9999.000 -9999.000 -9999.000 -9999.000 -9999.000 -9999.000 -9999.000 -9999.000 -9999.000 -9999.000 -9999.000 -9999.000 -9999.000 -9999.000 -9999.000 -9999.000 -9999.000 -9999.000 -9999.000
-9999.000 -9999.000 -9999.000 -9999.000 -9999.000 -9999.000 -9999.000 -9999.000 -9999.000 -9999.000 -9999.000 -9999.000 -9999.000 -9999.000 -9999.000 -9999.000 -9999.000 -9999.000 -9999.000 -9999.000 -9999.000 -9999.000 -9999.000 -9999.000 -9999.000 -9999.000 -9999.000 -9999.000 -9999.000 -9999.000 -9999.000 -9999.000 -9999.000 -9999.000 -9999.000 -9999.000 -9999.000 -9999.000 -9999.000 -9999.000 -9999.000 -9999.000 -9999.000 -9999.000 -9999.000 -9999.000 -9999.000 -9999.000 -9999.000 -9999.000 -9999.000 -9999.000 -9999.000 -9999.000 -9999.000 -9999.000 -9999.000 -9999.000 -9999.000 -9999.000
-9999.000 -9999.000 -9999.000 -9999.000 -9999.000 -9999.000 -9999.000 -9999.000 -9999.000 -9999.000 -9999.000 -9999.000 -9999.000 -9999.000 -9999.000 -9999.000 -9999.000 -9999.000 -9999.000 -9999.000 -9999.000 -9999.000 -9999.000 -9999.000 -9999.000 -9999.000 -9999.000 -9999.000 -9999.000 -9999.000 -9999.000 -9999.000 -9999.000 -9999.000 -9999.000 -9999.000 -9999.000 -9999.000 -9999.000 -9999.000 -9999.000 -9999.000 -9999.000 -9999.000 -9999.000 -9999.000 -9999.000 -9999.000 -9999.000 -9999.000 -9999.000 -9999.000 -9999.000 -9999.000 -9999.000 -9999.000 -9999.000 -9999.000 -9999.000 -9999.000
-9999.000 -9999.000 -9999.000 -9999.000 -9999.000 -9999.000 -9999.000 -9999.000 -9999.000 -9999.000 -9999.000 -9999.000 -9999.000 -9999.000 -9999.000 -9999.000 -9999.000 -9999.000 -9999.000 -9999.000 -9999.000 -9999.000 -9999.000 -9999.000 -9999.000 -9999.000 -9999.000 -9999.000 -9999.000 -9999.000 -9999.000 -9999.000 -9999.000 -9999.000 -9999.000 -9999.000 -9999.000 -9999.000 -9999.000 -9999.000 -9999.000 -9999.000 -9999.000 -9999.000 -9999.000 -9999.000 -9999.000 -9999.000 -9999.000 -9999.000 -9999.000 -9999.000 -9999.000 -9999.000 -9999.000 -9999.000 -9999.000 -9999.000 -9999.000 -9999.000
-9999.000 -9999.000 -9999.000 -9999.000 -9999.000 -9999.000 -9999.000 -9999.000 -9999.000 -9999.000 -9999.000 -9999.000 -9999.000 -9999.000 -9999.000 -9999.000 -9999.000 -9999.000 -9999.000 -9999.000 -9999.000 -9999.000 -9999.000 -9999.000 -9999.000 -9999.000 -9999.000 -9999.000 -9999.000 -9999.000 -9999.000 -9999.000 -9999.000 -9999.000 -9999.000 -9999.000 -9999.000 -9999.000 -9999.000 -9999.000 -9999.000 -9999.000 -9999.000 -9999.000 -9999.000 -9999.000 -9999.000 -9999.000 -9999.000 -9999.000 -9999.000 -9999.000 -9999.000 -9999.000 -9999.000 -9999.000 -9999.000 -9999.000 -9999.000 -9999.000
-9999.000 -9999.000 -9999.000 -9999.000 -9999.000 -9999.000 -9999.000 -9999.000 -9999.000 -9999.000 -9999.000 -9999.000 -9999.000 -9999.000 -9999.000 -9999.000 -9999.000 -9999.000 -9999.000 -9999.000 -9999.000 -9999.000 -9999.000 -9999.000 -9999.000 -9999.000 -9999.000 -9999.000 -9999.000 -9999.000 -9999.000 -9999.000 -9999.000 -9999.000 -9999.000 -9999.000 -9999.000 -9999.000 -9999.000 -9999.000 -9999.000 -9999.000 -9999.000 -9999.000 -9999.000 -9999.000 -9999.000 -9999.000 -9999.000 -9999.000 -9999.000 -9999.000 -9999.000 -9999.000 -9999.000 -9999.000 -9999.000 -9999.000 -9999.000 -9999.000
-9999.000 -9999.000 -9999.000 -9999.000 -9999.000 -9999.000 -9999.000 -9999.000 -9999.000 -9999.000 -9999.000 -9999.000 -9999.000 -9999.000 -9999.000 -9999.000 -9999.000 -9999.000 -9999.000 -9999.000 -9999.000 -9999.000 -9999.000 -9999.000 -9999.000 -9999.000 -9999.000 -9999.000 -9999.000 -9999.000 -9999.000 -9999.000 -9999.000 -9999.000 -9999.000 -9999.000 -9999.000 -9999.000 -9999.000 -9999.000 -9999.000 -9999.000 -9999.000 -9999.000 -9999.000 -9999.000 -9999.000 -9999.000 -9999.000 -9999.000 -9999.000 -9999.000 -9999.000 -9999.000 -9999.000 -9999.000 -9999.000 -9999.000 -9999.000 -9999.000
-9999.000 -9999.000 -9999.000 -9999.000 -9999.000 -9999.000 -9999.000 -9999.000 -9999.000 -9999.000 -9999.000 -9999.000 -9999.000 -9999.000 -9999.000 -9999.000 -9999.000 -9999.000 -9999.000 -9999.000 -9999.000 -9999.000 -9999.000 -9999.000 -9999.000 -9999.000 -9999.000 -9999.000 -9999.000 -9999.000 -9999.000 -9999.000 -9999.000 -9999.000 -9999.000 -9999.000 -9999.000 -9999.000 -9999.000 -9999.000 -9999.000 -9999.000 -9999.000 -9999.000 -9999.000 -9999.000 -9999.000 -9999.000 -9999.000 -9999.000 -9999.000 -9999.000 -9999.000 -9999.000 -9999.000 -9999.000 -9999.000 -9999.000 -9999.000 -9999.000
-9999.000 -9999.000 -9999.000 -9999.000 -9999.000 -9999.000 -9999.000 -9999.000 -9999.000 -9999.000 -9999.000 -9999.000 -9999.000 -9999.000 -9999.000 -9999.000 -9999.000 -9999.000 -9999.000 -9999.000 -9999.000 -9999.000 -9999.000 -9999.000 -9999.000 -9999.000 -9999.000 -9999.000 -9999.000 -9999.000 -9999.000 -9999.000 -9999.000 -9999.000 -9999.000 -9999.000 -9999.000 -9999.000 -9999.000 -9999.000 -9999.000 -9999.000 -9999.000 -9999.000 -9999.000 -9999.000 -9999.000 -9999.000 -9999.000 -9999.000 -9999.000 -9999.000 -9999.000 -9999.000 -9999.000 -9999.000 -9999.000 -9999.000 -9999.000 -9999.000
-9999.000 -9999.000 -9999.000 -9999.000 -9999.000 -9999.000 -9999.000 -9999.000 -9999.000 -9999.000 -9999.000 -9999.000 -9999.000 -9999.000 -9999.000 -9999.000 -9999.000 -9999.000 -9999.000 -9999.000 -9999.000 -9999.000 -9999.000 -9999.000 -9999.000 -9999.000 -9999.000 -9999.000 -9999.000 -9999.000 -9999.000 -9999.000 -9999.000 -9999.000 -9999.000 -9999.000 -9999.000 -9999.000 -9999.000 -9999.000 -9999.000 -9999.000 -9999.000 -9999.000 -9999.000 -9999.000 -9999.000 -9999.000 -9999.000 -9999.000 -9999.000 -9999.000 -9999.000 -9999.000 -9999.000 -9999.000 -9999.000 -9999.000 -9999.000 -9999.000
-9999.000 -9999.000 -9999.000 -9999.000 -9999.000 -9999.000 -9999.000 -9999.000 -9999.000 -9999.000 -9999.000 -9999.000 -9999.000 -9999.000 -9999.000 -9999.000 -9999.000 -9999.000 0.4665871E-01 0.4025661E-01 0.3777487E-01 0.3133234E-01 0.1841254E-01 0.2223934E-01 0.5178529E-01 0.6387630E-01 0.8066997E-01 0.1003474 0.1307356 0.1491962 0.1438002 0.1392950 0.1407953 0.1409611 0.1411562 0.1417231 0.1450345 0.1513510 0.1542003 0.1539931 0.1525908 0.1497261 0.1494171 0.1462167 0.1406394 0.1305912 0.1168417 0.1089548 0.9140181E-01 0.8145809E-01 0.7845712E-01 0.7391729E-01 0.7404509E-01 0.5160417E-01 0.2345328E-01 0.1038431E-01 0.1416678E-01 0.1839550E-01 0.2465433E-01 0.3495992E-01
0.1592418 0.1603691 0.1287426 0.1024851 0.9802754E-01 0.8394166E-01 0.7299004E-01 0.6757357E-01 0.6279131E-01 0.5942135E-01 0.5898308E-01 -9999.000 -9999.000 -9999.000 -9999.000 0.8724258E-01 0.7749676E-01 0.8403915E-01 0.8497173E-01 0.8294339E-01 0.7366276E-01 0.7283002E-01 0.7411674E-01 0.7226875E-01 0.8498586E-01 0.1045344 0.1277178 0.1432183 0.1497163 0.1558481 0.1568585 0.1534601 0.1535263 0.1551437 0.1557646 0.1553448 0.1571493 0.1607203 0.1621830 0.1617650 0.1610041 0.1590190 0.1566407 0.1521572 0.1451292 0.1334909 0.1243351 0.1152913 0.1014171 0.9172528E-01 0.8646150E-01 0.7811807E-01 0.7081167E-01 0.6184784E-01 0.4332208E-01 0.2855876E-01 0.2244251E-01 0.2106714E-01 0.2382961E-01 0.2944489E-01
0.2464812 0.2318878 0.2101602 0.1957171 0.1856289 0.1740527 0.1707735 0.1683201 0.1624783 0.1612928 0.1711725 0.1729051 0.1756315 0.1770392 0.1881116 0.1958888 0.1947928 0.1849219 0.1819234 0.1759782 0.1703823 0.1728918 0.1753054 0.1762482 0.1828540 0.2039747 0.2127741 0.2121705 0.2008937 0.1965158 0.1910049 0.1853441 0.1882722 0.1913451 0.1929420 0.1938182 0.1975232 0.1968319 0.1949047 0.1937086 0.1951018 0.1942139 0.1903258 0.1880285 0.1790073 0.1699177 0.1607540 0.1547259 0.1441726 0.1337279 0.1272723 0.1151810 0.1045898 0.9510861E-01 0.8646767E-01 0.7241152E-01 0.5509381E-01 0.4918493E-01 0.4433757E-01 0.5037326E-01
0.3227040 0.3058038 0.2875363 0.2813387 0.2701659 0.2644934 0.2699581 0.2654950 0.2606086 0.2590709 0.2671997 0.2688490 0.2704986 0.2727319 0.2723669 0.2696163 0.2610972 0.2562368 0.2580275 0.2577503 0.2568167 0.2609690 0.2692070 0.2741781 0.2825491 0.2844989 0.2753044 0.2630100 0.2539856 0.2472768 0.2389106 0.2330868 0.2388758 0.2421033 0.2443097 0.2487139 0.2496017 0.2440918 0.2399411 0.2395679 0.2359981 0.2339878 0.2325382 0.2295723 0.2231009 0.2162406 0.2142709 0.2069137 0.1977809 0.1905961 0.1844951 0.1741639 0.1647696 0.1638813 0.1552518 0.1456911 0.1368371 0.1382864 0.1233224 0.1494578
0.3736014 0.3709515 0.3647478 0.3651598 0.3588827 0.3518748 0.3531928 0.3464617 0.3347635 0.3290148 0.3209901 0.3183347 0.3144232 0.3082265 0.3031114 0.2979102 0.2941793 0.2955856 0.2999012 0.3064805 0.3129315 0.3241154 0.3290213 0.3337427 0.3353836 0.3321232 0.3200884 0.3073045 0.3018645 0.2947488 0.2889996 0.2858812 0.2907511 0.2915770 0.2923893 0.2933985 0.2903627 0.2866891 0.2816847 0.2797977 0.2737760 0.2688370 0.2675654 0.2660075 0.2622121 0.2593409 0.2573783 0.2529974 0.2469130 0.2436428 0.2401828 0.2338171 0.2336437 0.2332979 0.2330052 0.2343919 0.2450718 0.2608910 0.2661978 0.2801024
0.4255616 0.4301651 0.4332543 0.4374431 0.4321616 0.4273358 0.4243657 0.4145384 0.4032836 0.3872965 0.3711091 0.3616823 0.3475559 0.3381847 0.3342262 0.3316253 0.3326659 0.3359173 0.3416030 0.3478660 0.3577279 0.3645763 0.3669286 0.3683186 0.3703215 0.3696142 0.3632629 0.3589482 0.3521296 0.3442048 0.3366677 0.3366258 0.3365254 0.3354835 0.3317246 0.3321032 0.3290792 0.3244739 0.3228714 0.3173628 0.3116011 0.3050384 0.3033820 0.2992226 0.2951998 0.2930113 0.2940665 0.2935970 0.2925555 0.2971254 0.2968597 0.2960757 0.2962985 0.3065909 0.3114981 0.3196963 0.3379609 0.3474997 0.3527156 0.3523211
0.4661039 0.4687037 0.4708784 0.4718017 0.4708110 0.4711202 0.4725750 0.4709629 0.4686900 0.4623262 0.4538292 0.4386407 0.4192139 0.4080976 0.3945747 0.3865404 0.3872108 0.3958546 0.3980982 0.4003693 0.4027301 0.4087326 0.4077912 0.4048729 0.4097737 0.4096460 0.4065004 0.4017165 0.3992882 0.3929804 0.3862972 0.3850265 0.3832157 0.3803216 0.3764182 0.3762705 0.3719823 0.3664236 0.3654377 0.3609199 0.3554695 0.3511745 0.3488993 0.3437202 0.3401409 0.3402723 0.3431354 0.3441563 0.3502796 0.3577220 0.3614493 0.3656136 0.3750305 0.3840808 0.3894008 0.3947454 0.4040831 0.4093727 0.4090268 0.4119477
0.4621160 0.4638024 0.4654471 0.4730331 0.4798561 0.4868289 0.4946917 0.5029158 0.5097076 0.5153686 0.5181984 0.5128074 0.5011860 0.4891329 0.4708123 0.4528800 0.4458665 0.4446184 0.4431930 0.4428542 0.4429394 0.4432853 0.4408979 0.4375340 0.4353554 0.4328292 0.4291355 0.4268818 0.4262169 0.4252691 0.4235738 0.4239192 0.4236831 0.4205051 0.4207298 0.4176715 0.4125567 0.4087875 0.4090957 0.4071027 0.4026998 0.4055901 0.4025960 0.4003092 0.3991200 0.4069305 0.4068732 0.4080175 0.4130484 0.4269584 0.4329838 0.4394280 0.4513072 0.4559639 0.4597817 0.4634568 0.4715417 0.4730244 0.4757953 0.4890711
0.4310283 0.4340111 0.4384333 0.4489935 0.4616303 0.4722815 0.4854695 0.4994035 0.5117713 0.5210073 0.5312057 0.5389174 0.5416345 0.5395952 0.5257414 0.5024147 0.4806814 0.4608935 0.4520395 0.4479050 0.4407253 0.4384863 0.4379772 0.4349240 0.4311704 0.4295391 0.4287963 0.4298565 0.4326813 0.4353477 0.4368551 0.4372836 0.4366810 0.4348271 0.4345289 0.4329189 0.4304811 0.4303256 0.4319611 0.4329309 0.4337002 0.4370091 0.4409372 0.4432570 0.4468254 0.4507616 0.4542840 0.4587221 0.4659681 0.4737897 0.4806897 0.4886225 0.4979586 0.5048753 0.5115281 0.5218364 0.5304161 0.5393716 0.5498913 0.5700524
0.3944871 0.4001872 0.4052842 0.4158259 0.4270234 0.4378492 0.4529468 0.4686667 0.4820992 0.4934806 0.5066019 0.5194675 0.5292748 0.5357693 0.5370887 0.5268248 0.5043104 0.4757021 0.4479748 0.4291038 0.4178768 0.4144163 0.4135770 0.4110338 0.4108280 0.4123342 0.4141565 0.4156158 0.4190038 0.4219673 0.4218340 0.4222033 0.4207886 0.4200261 0.4173600 0.4165903 0.4185747 0.4206081 0.4258657 0.4305838 0.4357724 0.4386194 0.4434683 0.4489314 0.4528943 0.4583798 0.4643824 0.4702458 0.4756930 0.4829498 0.4910391 0.5005415 0.5114861 0.5229769 0.5358059 0.5511127 0.5662112 0.5817305 0.5979538 0.6133580
0.3662852 0.3722624 0.3773129 0.3863893 0.3961714 0.4038913 0.4162336 0.4303755 0.4405367 0.4549311 0.4680111 0.4819177 0.4922024 0.5040443 0.5145406 0.5213721 0.5177380 0.5003851 0.4674883 0.4329590 0.4092130 0.3944667 0.3885442 0.3859521 0.3874134 0.3896208 0.3914322 0.3919998 0.3942919 0.3949836 0.3946574 0.3958469 0.3959942 0.3943031 0.3925497 0.3940834 0.3974864 0.4005266 0.4040002 0.4091098 0.4128286 0.4175079 0.4235987 0.4304885 0.4358260 0.4423608 0.4497174 0.4570891 0.4638936 0.4734919 0.4841070 0.4953918 0.5089523 0.5238518 0.5392117 0.5553471 0.5719654 0.5876653 0.6014260 0.6137466
0.3551374 0.3599355 0.3651479 0.3718161 0.3784034 0.3850836 0.3937927 0.4035656 0.4141647 0.4260016 0.4380483 0.4509703 0.4633076 0.4759654 0.4894360 0.5011871 0.5115755 0.5160851 0.5075164 0.4873725 0.4505040 0.4110993 0.3863394 0.3758039 0.3737013 0.3739190 0.3731805 0.3743719 0.3752339 0.3758672 0.3748041 0.3779871 0.3801898 0.3810934 0.3817889 0.3823366 0.3839848 0.3855352 0.3877325 0.3910323 0.3940405 0.3990569 0.4049818 0.4114546 0.4178223 0.4259374 0.4344765 0.4440464 0.4538925 0.4653333 0.4768833 0.4887060 0.5018321 0.5155954 0.5288400 0.5417868 0.5555797 0.5680559 0.5788877 0.5895325
0.3615454 0.3658584 0.3692152 0.3735865 0.3783245 0.3842861 0.3901525 0.3971256 0.4053161 0.4142224 0.4245508 0.4365321 0.4493167 0.4639338 0.4799614 0.4960230 0.5120515 0.5272374 0.5395782 0.5448002 0.5284834 0.4893586 0.4439747 0.4060881 0.3832720 0.3757693 0.3739031 0.3740633 0.3740080 0.3749132 0.3775199 0.3807383 0.3844709 0.3878340 0.3889498 0.3895200 0.3916956 0.3926454 0.3923902 0.3924831 0.3947279 0.3984364 0.4029261 0.4091149 0.4157142 0.4233433 0.4321508 0.4421896 0.4527469 0.4635562 0.4745434 0.4847235 0.4949949 0.5059061 0.5185060 0.5302624 0.5428161 0.5525121 0.5592908 0.5651883
0.3772282 0.3788763 0.3808334 0.3836189 0.3869872 0.3906287 0.3944516 0.3996696 0.4059443 0.4121956 0.4200198 0.4293694 0.4404876 0.4553271 0.4736533 0.4928846 0.5133209 0.5345606 0.5550062 0.5740732 0.5885345 0.5879994 0.5676941 0.5146981 0.4515983 0.4099971 0.3984168 0.3927636 0.3916534 0.3945071 0.3961466 0.3984971 0.4010395 0.4067833 0.4093438 0.4112024 0.4163348 0.4174296 0.4183244 0.4188074 0.4225145 0.4221886 0.4228464 0.4274117 0.4335526 0.4393684 0.4476474 0.4580727 0.4670119 0.4761799 0.4863814 0.4973245 0.5062158 0.5151240 0.5241779 0.5320592 0.5392952 0.5452679 0.5493944 0.5526090
0.3859749 0.3849810 0.3856325 0.3875647 0.3890363 0.3920164 0.3947946 0.3994181 0.4031072 0.4083277 0.4141044 0.4217083 0.4302863 0.4421477 0.4577402 0.4752273 0.4977588 0.5224845 0.5478354 0.5741286 0.5998320 0.6208231 0.6337627 0.6228952 0.5752052 0.5101020 0.4568511 0.4258301 0.4182031 0.4195110 0.4195987 0.4213808 0.4246655 0.4292737 0.4331479 0.4365302 0.4427575 0.4465297 0.4497801 0.4551645 0.4586550 0.4579192 0.4570160 0.4613980 0.4648789 0.4681658 0.4749717 0.4814404 0.4877294 0.4940412 0.5029449 0.5108589 0.5177837 0.5236300 0.5289721 0.5339725 0.5391233 0.5429143 0.5465298 0.5497479
0.3684735 0.3652697 0.3660392 0.3670743 0.3649404 0.3681828 0.3730918 0.3763417 0.3800744 0.3863519 0.3928387 0.3985886 0.4064670 0.4159631 0.4241919 0.4373077 0.4560842 0.4790416 0.4981303 0.5271823 0.5616833 0.5897238 0.6196208 0.6470993 0.6519098 0.6278449 0.5686433 0.5016266 0.4570894 0.4443487 0.4408418 0.4404791 0.4442692 0.4470217 0.4510443 0.4553281 0.4617699 0.4667222 0.4720022 0.4782632 0.4853336 0.4877023 0.4883261 0.4903896 0.4917169 0.4929876 0.4946773 0.4968964 0.4997920 0.5033525 0.5069058 0.5112536 0.5153108 0.5179767 0.5201719 0.5239841 0.5282312 0.5316744 0.5382643 0.5448284
