simulation_files/asc_files/Depth____130.0.asc
NCOLS       411
NROWS       131
XLLCENTER    2538020.000000
YLLCENTER    1152390.000000
CELLSIZE           1.000
NODATA_VALUE     -9999.0
[rows 27 to 53 of 131, columns 59 to 117 of 411]
-9999.000 -9999.000 -9999.000 -9999.000 -9999.000 -9999.000 -9999.000 -9999.000 -9999.000 -9999.000 -9999.000 -9999.000 -9999.000 -9999.000 -9999.000 -9999.000 -9999.000 -9999.000 -9999.000 -9999.000 -9999.000 -9999.000 -9999.000 -9999.000 -9999.000 -9999.000 -9999.000 -9999.000 -9999.000 -9999.000 -9999.000 -9999.000 -9999.000 -9999.000 -9999.000 -9999.000 -9999.000 -9999.000 -9999.000 -9999.000 -9999.000 -9999.000 -9999.000 -9999.000 -9999.000 -9999.000 -9999.000 -9999.000 -9999.000 -9999.000 -9999.000 -9999.000 -9999.000 -9999.000 -9999.000 -9999.000 -9999.000 -9999.000 -9999.000
-9999.000 -9999.000 -9999.000 -9999.000 -9999.000 -9999.000 -9999.000 -9999.000 -9999.000 -9999.000 -9999.000 -9999.000 -9999.000 -9999.000 -9999.000 -9999.000 -9999.000 -9999.000 -9999.000 -9999.000 -9999.000 -9999.000 -9999.000 -9999.000 -9999.000 -9999.000 -9999.000 -9999.000 -9999.000 -9999.000 -9999.000 -9999.000 -9999.000 -9999.000 -9999.000 -9999.000 -9999.000 -9999.000 -9999.000 -9999.000 -9999.000 -9999.000 -9999.000 -9999.000 -9999.000 -9999.000 -9999.000 -9999.000 -9999.000 -9999.000 -9999.000 -9999.000 -9999.000 -9999.000 -9999.000 -9999.000 -9999.000 2.144976 2.121675
-9999.000 -9999.000 -9999.000 -9999.000 -9999.000 -9999.000 -9999.000 -9999.000 -9999.000 -9999.000 -9999.000 -9999.000 -9999.000 -9999.000 -9999.000 -9999.000 -9999.000 -9999.000 -9999.000 -9999.000 -9999.000 -9999.000 -9999.000 -9999.000 -9999.000 -9999.000 -9999.000 -9999.000 -9999.000 -9999.000 -9999.000 -9999.000 -9999.000 -9999.000 -9999.000 -9999.000 -9999.000 -9999.000 -9999.000 -9999.000 -9999.000 -9999.000 -9999.000 -9999.000 -9999.000 -9999.000 -9999.000 -9999.000 -9999.000 -9999.000 -9999.000 -9999.000 -9999.000 -9999.000 2.186026 2.177580 2.169881 2.145859 2.126002
-9999.000 -9999.000 -9999.000 -9999.000 -9999.000 -9999.000 -9999.000 -9999.000 -9999.000 -9999.000 -9999.000 -9999.000 -9999.000 -9999.000 -9999.000 -9999.000 -9999.000 -9999.000 -9999.000 -9999.000 -9999.000 -9999.000 -9999.000 -9999.000 -9999.000 -9999.000 -9999.000 -9999.000 -9999.000 -9999.000 -9999.000 -9999.000 -9999.000 -9999.000 -9999.000 -9999.000 -9999.000 -9999.000 -9999.000 -9999.000 -9999.000 -9999.000 -9999.000 -9999.000 -9999.000 -9999.000 -9999.000 -9999.000 -9999.000 -9999.000 -9999.000 2.211080 2.205536 2.195660 2.187140 2.178808 2.169049 2.145686 2.124758
-9999.000 -9999.000 -9999.000 -9999.000 -9999.000 -9999.000 -9999.000 -9999.000 -9999.000 -9999.000 -9999.000 -9999.000 -9999.000 -9999.000 -9999.000 -9999.000 -9999.000 -9999.000 -9999.000 -9999.000 -9999.000 -9999.000 -9999.000 -9999.000 -9999.000 -9999.000 -9999.000 -9999.000 -9999.000 -9999.000 -9999.000 -9999.000 -9999.000 -9999.000 -9999.000 -9999.000 -9999.000 -9999.000 -9999.000 -9999.000 -9999.000 -9999.000 -9999.000 -9999.000 -9999.000 -9999.000 -9999.000 -9999.000 2.003541 2.147354 2.192056 2.206794 2.203371 2.189516 2.177847 2.170985 2.159253 2.137001 2.119422
-9999.000 -9999.000 -9999.000 -9999.000 -9999.000 -9999.000 -9999.000 -9999.000 -9999.000 -9999.000 -9999.000 -9999.000 -9999.000 -9999.000 -9999.000 -9999.000 -9999.000 -9999.000 -9999.000 -9999.000 -9999.000 -9999.000 -9999.000 -9999.000 -9999.000 -9999.000 -9999.000 -9999.000 -9999.000 -9999.000 -9999.000 -9999.000 -9999.000 -9999.000 -9999.000 -9999.000 -9999.000 -9999.000 -9999.000 -9999.000 -9999.000 -9999.000 -9999.000 -9999.000 -9999.000 -9999.000 1.588123 1.777472 1.946452 2.096346 2.176366 2.193827 2.194635 2.178772 2.164897 2.156768 2.146827 2.128657 2.109903
-9999.000 -9999.000 -9999.000 -9999.000 -9999.000 -9999.000 -9999.000 -9999.000 -9999.000 -9999.000 -9999.000 -9999.000 -9999.000 -9999.000 -9999.000 -9999.000 -9999.000 -9999.000 -9999.000 -9999.000 -9999.000 -9999.000 -9999.000 -9999.000 -9999.000 -9999.000 -9999.000 -9999.000 -9999.000 -9999.000 -9999.000 -9999.000 -9999.000 -9999.000 -9999.000 -9999.000 -9999.000 -9999.000 -9999.000 -9999.000 -9999.000 -9999.000 1.208512 1.244659 1.325373 1.422345 1.537841 1.675802 1.882875 2.046189 2.138047 2.178063 2.178743 2.168494 2.153351 2.143104 2.130652 2.109940 2.087220
-9999.000 -9999.000 -9999.000 -9999.000 -9999.000 -9999.000 -9999.000 -9999.000 -9999.000 -9999.000 -9999.000 -9999.000 -9999.000 -9999.000 -9999.000 -9999.000 -9999.000 -9999.000 -9999.000 -9999.000 -9999.000 -9999.000 -9999.000 -9999.000 -9999.000 -9999.000 -9999.000 -9999.000 -9999.000 -9999.000 -9999.000 -9999.000 -9999.000 -9999.000 -9999.000 -9999.000 -9999.000 -9999.000 -9999.000 1.172728 1.170389 1.180786 1.199205 1.236669 1.291474 1.365035 1.451958 1.566138 1.726749 1.918597 2.081126 2.150045 2.157583 2.151570 2.143503 2.130692 2.114604 2.089765 2.063491
-9999.000 -9999.000 -9999.000 -9999.000 -9999.000 -9999.000 -9999.000 -9999.000 -9999.000 -9999.000 -9999.000 -9999.000 -9999.000 -9999.000 -9999.000 -9999.000 -9999.000 -9999.000 -9999.000 -9999.000 -9999.000 -9999.000 -9999.000 -9999.000 -9999.000 -9999.000 -9999.000 -9999.000 -9999.000 -9999.000 -9999.000 -9999.000 -9999.000 -9999.000 -9999.000 -9999.000 1.410614 1.312124 1.228868 1.188217 1.177737 1.185063 1.198049 1.228703 1.269549 1.307393 1.350585 1.427766 1.583111 1.800346 1.998209 2.106589 2.132329 2.131239 2.124897 2.111727 2.091467 2.066459 2.038209
-9999.000 -9999.000 -9999.000 -9999.000 -9999.000 -9999.000 -9999.000 -9999.000 -9999.000 -9999.000 -9999.000 -9999.000 -9999.000 -9999.000 -9999.000 -9999.000 -9999.000 -9999.000 -9999.000 -9999.000 -9999.000 -9999.000 -9999.000 -9999.000 -9999.000 -9999.000 -9999.000 -9999.000 -9999.000 -9999.000 -9999.000 -9999.000 -9999.000 -9999.000 1.522417 1.521272 1.443121 1.325814 1.250631 1.217070 1.204083 1.203539 1.213963 1.238985 1.265540 1.277072 1.288878 1.350766 1.494988 1.683428 1.900321 2.046859 2.095417 2.103345 2.101319 2.090284 2.070180 2.046033 2.021784
-9999.000 -9999.000 -9999.000 -9999.000 -9999.000 -9999.000 -9999.000 -9999.000 -9999.000 -9999.000 -9999.000 -9999.000 -9999.000 -9999.000 -9999.000 -9999.000 -9999.000 -9999.000 -9999.000 -9999.000 -9999.000 -9999.000 -9999.000 -9999.000 -9999.000 -9999.000 -9999.000 -9999.000 -9999.000 -9999.000 1.580588 1.535002 1.529227 1.518394 1.515694 1.517723 1.452294 1.343289 1.282121 1.258913 1.247070 1.241852 1.246216 1.262785 1.272441 1.262125 1.263607 1.326372 1.453346 1.606716 1.818609 1.978719 2.051025 2.071026 2.073026 2.063224 2.046001 2.027016 2.008986
-9999.000 -9999.000 -9999.000 -9999.000 -9999.000 -9999.000 -9999.000 -9999.000 -9999.000 -9999.000 -9999.000 -9999.000 -9999.000 -9999.000 -9999.000 -9999.000 -9999.000 -9999.000 -9999.000 -9999.000 -9999.000 -9999.000 -9999.000 -9999.000 -9999.000 -9999.000 -9999.000 -9999.000 1.727228 1.672427 1.588263 1.539220 1.531135 1.518892 1.510306 1.504758 1.432753 1.334825 1.300419 1.295743 1.295163 1.293282 1.296257 1.303114 1.287815 1.261391 1.267241 1.344181 1.438558 1.575851 1.755485 1.905263 1.991350 2.027181 2.035594 2.031674 2.020300 2.009762 1.998252
-9999.000 -9999.000 -9999.000 -9999.000 -9999.000 -9999.000 -9999.000 -9999.000 -9999.000 -9999.000 -9999.000 -9999.000 -9999.000 -9999.000 -9999.000 -9999.000 -9999.000 -9999.000 -9999.000 -9999.000 -9999.000 -9999.000 -9999.000 -9999.000 1.712632 1.746799 1.767969 1.766820 1.743060 1.690488 1.610306 1.552543 1.531403 1.518680 1.507560 1.480216 1.402479 1.327816 1.310037 1.316750 1.328346 1.340502 1.351824 1.346087 1.313430 1.285481 1.301220 1.372000 1.466524 1.586857 1.753462 1.886419 1.958902 1.988859 2.001361 2.003565 1.998932 1.992969 1.985291
0.7905003 0.7868151 0.7847181 0.7930135 0.8287711 0.8881482 0.9406552 0.9553366 0.9451016 0.9173716 0.8713304 0.8122993 0.7604257 0.7269867 0.7057928 0.6923696 0.6870570 0.6889760 0.6974736 0.7223413 0.8151849 1.279340 1.600686 1.654506 1.690494 1.720869 1.752010 1.761843 1.747123 1.708274 1.627117 1.563344 1.533529 1.521392 1.510595 1.469512 1.365454 1.309703 1.312407 1.326602 1.346760 1.370261 1.397985 1.387441 1.344369 1.321214 1.343613 1.424342 1.499557 1.608709 1.744347 1.854360 1.922331 1.957687 1.974095 1.981326 1.983124 1.983621 1.982193
0.7898945 0.7886477 0.7915664 0.8045159 0.8343769 0.8798331 0.9202743 0.9339045 0.9205749 0.8905584 0.8519701 0.8108724 0.7719636 0.7391382 0.7146281 0.7000893 0.6972170 0.7089226 0.7423205 0.8212106 1.023586 1.346184 1.567386 1.638527 1.676552 1.700704 1.722599 1.741041 1.740308 1.704841 1.640218 1.583263 1.549227 1.530867 1.511131 1.442273 1.351103 1.311860 1.314890 1.332889 1.357824 1.388852 1.410807 1.400795 1.377787 1.377085 1.420904 1.488313 1.541961 1.622979 1.722644 1.819170 1.890585 1.935169 1.960276 1.973509 1.983090 1.990842 1.995083
0.7956248 0.7986765 0.8059405 0.8190643 0.8369545 0.8602548 0.8807661 0.8843022 0.8687123 0.8445072 0.8225276 0.8058927 0.7885706 0.7666245 0.7432573 0.7287852 0.7326044 0.7618441 0.8276885 0.9555210 1.182289 1.419080 1.541218 1.610293 1.654400 1.677904 1.695984 1.719845 1.733871 1.705294 1.640591 1.591236 1.565098 1.545524 1.518600 1.428361 1.333496 1.312225 1.317368 1.337350 1.365187 1.398532 1.416458 1.405951 1.398479 1.420114 1.489317 1.569309 1.615457 1.677737 1.740983 1.811287 1.877818 1.928735 1.962671 1.983523 1.995776 2.004804 2.009584
0.8127567 0.8185272 0.8255398 0.8323155 0.8346804 0.8276233 0.8179302 0.8124088 0.8062347 0.8002670 0.7968819 0.7968815 0.7986492 0.7995449 0.7977245 0.7984224 0.8141258 0.8581957 0.9418354 1.088655 1.263139 1.397877 1.494291 1.570479 1.621713 1.652041 1.671230 1.693088 1.716513 1.701739 1.641434 1.593456 1.574670 1.562745 1.518255 1.413980 1.337538 1.321265 1.327989 1.345672 1.374169 1.401243 1.410026 1.408934 1.418951 1.467275 1.554334 1.645287 1.712453 1.761963 1.808052 1.845605 1.902728 1.953472 1.988221 2.006655 2.008429 2.006011 1.999120
0.8321163 0.8376792 0.8389244 0.8322298 0.8131031 0.7832565 0.7603451 0.7564147 0.7625864 0.7713007 0.7800317 0.7911900 0.8080458 0.8316131 0.8597356 0.8916712 0.9313257 0.9872434 1.073539 1.196201 1.306528 1.381956 1.453287 1.524543 1.581635 1.620627 1.643852 1.664174 1.691778 1.692855 1.644331 1.596750 1.578815 1.570851 1.518313 1.408839 1.342609 1.333794 1.343455 1.361903 1.385304 1.403933 1.411928 1.421149 1.449727 1.519392 1.621046 1.722560 1.801831 1.858872 1.891084 1.906223 1.932154 1.963953 1.989299 2.000670 1.995378 1.980853 1.967066
0.8445910 0.8452153 0.8345580 0.8095025 0.7746454 0.7444657 0.7302308 0.7320650 0.7456993 0.7620473 0.7785650 0.7989232 0.8266367 0.8659439 0.9176251 0.9786759 1.044861 1.117887 1.213323 1.301975 1.352019 1.389359 1.431041 1.478811 1.535007 1.584570 1.615350 1.634612 1.656520 1.670365 1.643809 1.604744 1.584107 1.576756 1.519469 1.405109 1.353668 1.347830 1.361730 1.386956 1.408282 1.418008 1.428706 1.449386 1.498121 1.582631 1.688762 1.788999 1.863069 1.911398 1.926243 1.930575 1.939674 1.954718 1.963888 1.963906 1.954968 1.937937 1.917373
0.8425473 0.8279924 0.8002466 0.7695237 0.7464592 0.7344553 0.7316056 0.7365489 0.7496232 0.7693906 0.7953557 0.8279994 0.8667675 0.9146147 0.9752624 1.048663 1.133555 1.232263 1.328812 1.389250 1.414231 1.429159 1.440005 1.454237 1.488539 1.536972 1.577900 1.603344 1.620162 1.628968 1.622024 1.607056 1.595558 1.576221 1.512024 1.423849 1.378198 1.375135 1.392924 1.424299 1.453512 1.469086 1.482730 1.515949 1.576287 1.654551 1.737926 1.813528 1.871887 1.911140 1.920787 1.893524 1.904558 1.917997 1.919938 1.916229 1.909619 1.897009 1.878296
0.8220279 0.7976265 0.7708576 0.7538751 0.7461168 0.7432744 0.7439563 0.7479242 0.7582178 0.7806396 0.8163517 0.8604368 0.9066986 0.9543821 1.009681 1.079503 1.169604 1.282265 1.379530 1.430064 1.452071 1.464830 1.462983 1.456517 1.470335 1.501962 1.543980 1.576494 1.594703 1.600678 1.593943 1.589567 1.596764 1.586868 1.515922 1.431038 1.407462 1.417542 1.447609 1.481749 1.519007 1.537308 1.546462 1.573098 1.622086 1.680008 1.735601 1.790931 1.848926 1.885850 1.889281 1.865560 1.858039 1.869275 1.873034 1.865388 1.858187 1.852241 1.837915
0.7819676 0.7691626 0.7605522 0.7567134 0.7547392 0.7523051 0.7502334 0.7529946 0.7672747 0.7975568 0.8406401 0.8883061 0.9363733 0.9847817 1.037141 1.102250 1.191171 1.292052 1.374914 1.428237 1.459975 1.471513 1.466873 1.464559 1.470190 1.483331 1.512147 1.546352 1.568297 1.572602 1.566230 1.568040 1.585011 1.585423 1.527126 1.462817 1.456762 1.488448 1.524941 1.550313 1.566213 1.574090 1.580061 1.596053 1.626308 1.662556 1.696987 1.739502 1.793371 1.837767 1.853299 1.831190 1.818258 1.819279 1.820769 1.819951 1.815017 1.813777 1.807828
0.7402804 0.7434580 0.7494756 0.7529819 0.7517327 0.7468555 0.7441472 0.7527714 0.7771795 0.8147511 0.8594016 0.9056801 0.9531735 1.003006 1.056106 1.120239 1.201583 1.282779 1.349352 1.402427 1.439191 1.451159 1.450656 1.455820 1.462424 1.468809 1.489385 1.519066 1.539714 1.543310 1.538428 1.545950 1.572797 1.594729 1.556769 1.503700 1.512194 1.554434 1.586227 1.590090 1.576472 1.565962 1.565668 1.580831 1.604591 1.619485 1.633291 1.664086 1.717743 1.784774 1.805844 1.799308 1.786448 1.778000 1.783726 1.784832 1.782014 1.782040 1.774510
0.7004080 0.7065533 0.7147514 0.7216583 0.7255748 0.7293446 0.7403015 0.7648774 0.7987842 0.8361165 0.8741331 0.9161192 0.9634632 1.014802 1.070725 1.139482 1.209743 1.266734 1.316152 1.363517 1.394379 1.404213 1.415341 1.427636 1.435586 1.444705 1.462639 1.488319 1.507357 1.512084 1.515094 1.535263 1.566105 1.594537 1.575428 1.536463 1.546086 1.585299 1.607382 1.591265 1.554539 1.531907 1.525271 1.543533 1.580005 1.580647 1.559238 1.587909 1.656717 1.717489 1.753728 1.757386 1.751442 1.743799 1.746732 1.746411 1.746370 1.748285 1.738520
0.6597852 0.6560244 0.6578438 0.6672704 0.6845177 0.7116100 0.7484125 0.7892200 0.8272719 0.8605706 0.8923355 0.9288294 0.9722604 1.021966 1.080347 1.146598 1.204593 1.248725 1.288457 1.323160 1.340793 1.349828 1.367329 1.384420 1.396334 1.410057 1.432968 1.462591 1.484851 1.492050 1.499838 1.524258 1.553109 1.568546 1.546602 1.519400 1.533523 1.569791 1.585594 1.564263 1.527415 1.498357 1.484338 1.502063 1.538844 1.541282 1.524372 1.526597 1.594238 1.660784 1.702156 1.717400 1.716391 1.711964 1.712923 1.706941 1.698114 1.696706 1.689400
0.6146323 0.6068646 0.6071830 0.6190099 0.6465306 0.6943492 0.7556891 0.8104326 0.8502500 0.8791690 0.9084918 0.9407039 0.9779649 1.022420 1.081947 1.140873 1.186455 1.225876 1.263100 1.285591 1.288263 1.299071 1.323234 1.347795 1.369314 1.391582 1.422635 1.455893 1.477058 1.476079 1.474955 1.492705 1.511715 1.510755 1.472642 1.458480 1.485618 1.524420 1.533850 1.523076 1.504450 1.476272 1.451325 1.465774 1.492103 1.491636 1.484091 1.501042 1.558702 1.618201 1.649134 1.681555 1.681928 1.679288 1.671778 1.652421 1.629640 1.617060 1.610723
0.5741358 0.5753227 0.5853753 0.6084091 0.6484004 0.7053947 0.7706014 0.8253258 0.8610658 0.8888885 0.9181331 0.9493260 0.9830632 1.026591 1.078399 1.125242 1.166315 1.205930 1.235429 1.246450 1.253562 1.272853 1.300658 1.331213 1.360647 1.389232 1.418500 1.440477 1.444841 1.434498 1.427804 1.431800 1.434673 1.416125 1.390653 1.395469 1.426077 1.453521 1.467422 1.476079 1.476550 1.465470 1.452696 1.451267 1.448740 1.440930 1.448546 1.470536 1.506830 1.555447 1.602815 1.637579 1.640195 1.633221 1.616195 1.586525 1.554634 1.547658 1.551800
