simulation_files/asc_files/Depth____165.0.asc
NCOLS       411
NROWS       131
XLLCENTER    2538020.000000
YLLCENTER    1152390.000000
CELLSIZE           1.000
NODATA_VALUE     -9999.0
[rows 27 to 53 of 131, columns 118 to 176 of 411]
-9999.000 2.111618 2.130942 2.181813 2.265776 2.345659 2.421461 2.485439 2.556424 2.616003 2.664909 2.676181 2.632126 2.572865 2.526142 2.506469 2.494315 2.480414 2.457836 2.402322 2.346538 2.339887 2.359877 2.391362 2.425359 2.434998 2.404846 2.065494 1.651824 1.508718 1.369283 1.066986 0.7560621 0.7064532 0.7178231 0.7422048 0.7645811 0.7853927 0.8097869 0.8399279 0.8704785 0.8958361 0.9223011 0.9495713 0.9745268 1.000466 1.029047 1.052526 1.074905 1.102992 1.125629 1.148119 1.162942 1.169817 1.176394 1.185815 1.200934 1.222137 1.249921
2.102041 2.101077 2.111052 2.148823 2.219027 2.303853 2.386253 2.452331 2.523254 2.595106 2.651235 2.664369 2.631103 2.582095 2.535339 2.509096 2.488852 2.469862 2.443275 2.405583 2.370937 2.360079 2.376766 2.397022 2.417619 2.426797 2.411747 2.302123 1.886818 1.470517 1.099708 0.8544820 0.7492783 0.7659357 0.7905406 0.8094295 0.8383359 0.8624871 0.8893487 0.9162602 0.9369252 0.9578085 0.9752873 0.9884457 1.006462 1.025727 1.047958 1.065847 1.087249 1.108827 1.126639 1.137910 1.144815 1.149765 1.158988 1.175531 1.201363 1.234371 1.269756
2.095387 2.080500 2.089265 2.105968 2.170509 2.257507 2.336708 2.402225 2.472533 2.546926 2.611295 2.640536 2.625592 2.582688 2.539597 2.510566 2.488836 2.467499 2.445650 2.415446 2.391134 2.378957 2.386683 2.402930 2.416209 2.423896 2.421482 2.408938 2.094999 1.374390 0.8883493 0.8007850 0.8047228 0.8252038 0.8547702 0.8772701 0.9036903 0.9236300 0.9402021 0.9574675 0.9749288 0.9864115 0.9954292 1.007293 1.018821 1.035025 1.050280 1.067942 1.089783 1.105411 1.119974 1.129440 1.135149 1.141451 1.158467 1.183360 1.216051 1.251579 1.284725
2.082142 2.049563 2.063496 2.076711 2.116966 2.202186 2.290040 2.356307 2.434405 2.511462 2.573773 2.603671 2.592374 2.560617 2.529871 2.504377 2.478210 2.455567 2.431715 2.405204 2.386035 2.375970 2.378161 2.395089 2.405254 2.412421 2.419645 2.413832 2.128681 1.267465 0.8168495 0.8255504 0.8558098 0.8724471 0.9002358 0.9195783 0.9358306 0.9473648 0.9599341 0.9684181 0.9787294 0.9830178 0.9914368 1.005665 1.018854 1.036011 1.053765 1.070954 1.086766 1.105006 1.118205 1.127572 1.138881 1.156556 1.182286 1.211912 1.242872 1.270662 1.295094
2.045465 2.013548 2.047603 2.069569 2.096389 2.152867 2.231130 2.311775 2.395998 2.465093 2.518821 2.548417 2.546346 2.526250 2.503913 2.479900 2.459853 2.436226 2.411820 2.379352 2.356139 2.346829 2.351616 2.362485 2.378940 2.398431 2.415277 2.432347 2.175963 1.308433 0.8788815 0.8531957 0.8753878 0.8946560 0.9144890 0.9219239 0.9362565 0.9393369 0.9445139 0.9483470 0.9575295 0.9671987 0.9828759 0.9996853 1.019834 1.038310 1.059424 1.077611 1.094142 1.111144 1.125985 1.139243 1.159113 1.188825 1.215024 1.241731 1.264649 1.282133 1.296199
2.090104 1.979428 2.023331 2.067067 2.090557 2.126408 2.189872 2.267130 2.345431 2.411824 2.462112 2.490440 2.494399 2.482350 2.463990 2.443795 2.429210 2.404145 2.373244 2.341099 2.314328 2.306228 2.318043 2.335294 2.359999 2.396861 2.426224 2.451985 2.341377 1.370697 0.8439657 0.8538442 0.8647997 0.8726624 0.8866383 0.8907420 0.8997024 0.9072156 0.9099329 0.9182411 0.9309506 0.9478510 0.9729415 0.9972681 1.020761 1.048568 1.071678 1.092650 1.111778 1.129670 1.142322 1.158052 1.183360 1.211907 1.232637 1.249113 1.260949 1.265972 1.268095
2.120111 1.980821 1.968700 2.028802 2.087329 2.111023 2.153686 2.224802 2.299456 2.353980 2.396113 2.423225 2.433179 2.426764 2.411103 2.394783 2.381768 2.365931 2.336816 2.307226 2.283164 2.283483 2.303649 2.334724 2.363673 2.406511 2.439494 2.458258 2.308832 1.554221 0.8374684 0.8239860 0.8284279 0.8338655 0.8373623 0.8385551 0.8474320 0.8607383 0.8711289 0.8908263 0.9114838 0.9450605 0.9714867 1.001016 1.030076 1.056870 1.084799 1.108856 1.125283 1.143589 1.158717 1.174113 1.191941 1.206842 1.219556 1.224167 1.224864 1.220213 1.216611
2.152291 2.003938 1.944827 1.983833 2.046111 2.087235 2.123428 2.185483 2.252575 2.300482 2.336458 2.361424 2.371427 2.365702 2.351625 2.339272 2.332157 2.322720 2.305131 2.285687 2.279813 2.286626 2.312334 2.342928 2.368518 2.398453 2.426946 2.437233 2.359304 1.706614 0.9147601 0.7903140 0.7919213 0.7945252 0.7967420 0.7988377 0.8147015 0.8301808 0.8487411 0.8785767 0.9067207 0.9351198 0.9717079 1.003797 1.033622 1.060170 1.084202 1.107844 1.121305 1.138440 1.150193 1.163083 1.179514 1.182854 1.180683 1.179702 1.173975 1.167064 1.167634
2.147574 2.034512 1.933579 1.934617 1.990602 2.042126 2.084553 2.143964 2.206336 2.251226 2.282943 2.304486 2.313076 2.307586 2.296372 2.286619 2.283187 2.282752 2.276462 2.265703 2.264916 2.276749 2.300516 2.324128 2.340996 2.368911 2.387294 2.398672 2.384811 1.832698 0.9766123 0.7772599 0.7683204 0.7719172 0.7771441 0.7884695 0.8099386 0.8284504 0.8537955 0.8808907 0.9098139 0.9361392 0.9646395 0.9921747 1.019126 1.038330 1.054653 1.064041 1.075884 1.085019 1.095961 1.109604 1.120064 1.124126 1.127814 1.131477 1.128956 1.128294 1.129548
2.135325 2.076301 1.990930 1.926788 1.927647 1.978915 2.032763 2.100531 2.167157 2.212825 2.241059 2.256025 2.259323 2.253573 2.246643 2.242224 2.240616 2.240231 2.238472 2.230173 2.225413 2.227474 2.246442 2.268495 2.288720 2.307168 2.332369 2.353327 2.395781 1.959638 1.197436 0.9104391 0.8407917 0.8162192 0.7950144 0.8041069 0.8188448 0.8379878 0.8637960 0.8861850 0.9104696 0.9330835 0.9557347 0.9729395 0.9855350 0.9871571 0.9876708 0.9926160 0.9954642 1.005238 1.018187 1.031344 1.039801 1.046693 1.063214 1.073894 1.078173 1.090669 1.090340
2.118503 2.082732 2.021193 1.953005 1.912259 1.918805 1.959320 2.030899 2.132045 2.181145 2.204570 2.214802 2.217046 2.215114 2.212194 2.207953 2.201669 2.194759 2.189507 2.173253 2.154487 2.146442 2.173376 2.201047 2.228652 2.246095 2.268782 2.295942 2.350431 1.980923 1.406687 1.182732 1.079819 1.004630 0.9038728 0.8462290 0.8467863 0.8615852 0.8789568 0.8944926 0.9068000 0.9207267 0.9282400 0.9274503 0.9223271 0.9167507 0.9130607 0.9174171 0.9206211 0.9218353 0.9385198 0.9502332 0.9580944 0.9667928 0.9778543 0.9857207 0.9974749 1.004445 0.9960034
2.107781 2.080890 2.043120 1.984810 1.927778 1.908618 1.936722 2.006926 2.089326 2.144457 2.168332 2.174552 2.174401 2.173333 2.169438 2.162464 2.151508 2.138450 2.130893 2.115882 2.069874 2.055941 2.075623 2.123018 2.154419 2.180875 2.204058 2.250934 2.268482 1.891276 1.476084 1.362270 1.289649 1.234757 1.141734 1.044699 0.9686544 0.9080908 0.9016230 0.8923506 0.8914739 0.8901679 0.8842006 0.8664118 0.8489509 0.8431044 0.8456585 0.8547110 0.8589270 0.8578028 0.8634468 0.8689683 0.8693439 0.8791424 0.8825801 0.8821824 0.8864436 0.8678524 0.8283404
2.091070 2.070134 2.046031 2.020548 1.968512 1.934582 1.944534 1.991589 2.056354 2.101604 2.123213 2.129569 2.128231 2.121489 2.120063 2.110277 2.093580 2.076745 2.072466 2.063167 2.000147 1.974840 2.001915 2.056629 2.091450 2.114643 2.140742 2.190531 2.190517 1.895898 1.568188 1.466315 1.418597 1.369227 1.354771 1.309422 1.189052 1.063943 0.9868879 0.9290795 0.8720632 0.8444558 0.8259856 0.8025142 0.7915315 0.7914181 0.7995577 0.8052671 0.8079857 0.8051099 0.8000268 0.7946409 0.7897011 0.7786375 0.7653159 0.7608473 0.7357627 0.6767663 0.6042343
2.085623 2.072666 2.060120 2.048275 2.023224 1.977066 1.948429 1.957981 2.002124 2.044997 2.065626 2.069254 2.066411 2.061458 2.054334 2.044743 2.030216 2.018121 2.010213 2.004522 1.955219 1.932308 1.957927 1.995433 2.019492 2.042111 2.067483 2.106782 2.113010 1.852546 1.611109 1.539765 1.478321 1.423050 1.384736 1.388238 1.348105 1.301825 1.190281 1.073568 0.9740051 0.8761112 0.8083745 0.7777569 0.7518523 0.7531365 0.7607588 0.7657375 0.7625854 0.7530478 0.7433965 0.7296253 0.7042663 0.6682531 0.6398045 0.6128459 0.5449117 0.4474885 0.3543325
2.096764 2.087179 2.076256 2.061653 2.027870 1.971967 1.924740 1.913476 1.931929 1.967708 1.995938 1.998964 1.999203 2.000900 1.999217 1.995619 1.987484 1.973001 1.960059 1.951593 1.933403 1.907922 1.921977 1.941380 1.952049 1.963288 1.964477 1.989708 1.967788 1.797792 1.625208 1.563535 1.511811 1.449091 1.391480 1.366596 1.373279 1.373789 1.346984 1.237197 1.138641 1.048227 0.9281975 0.8570844 0.7822275 0.7111831 0.6998019 0.6962561 0.6776563 0.6603981 0.6498181 0.6286261 0.5795375 0.5254214 0.5043853 0.4416072 0.3262775 0.2227604 0.1465939
2.103079 2.087660 2.069133 2.047315 2.014970 1.948438 1.879011 1.854903 1.867247 1.898573 1.927337 1.939857 1.943372 1.951443 1.957908 1.958226 1.952159 1.940240 1.925323 1.911120 1.895350 1.876010 1.877847 1.879107 1.869145 1.858668 1.852025 1.851656 1.821398 1.709364 1.608117 1.560308 1.529660 1.481854 1.429169 1.378628 1.357182 1.372301 1.387102 1.308929 1.207395 1.139396 1.080042 1.040265 0.8940776 0.7790117 0.6649074 0.6079693 0.5553358 0.5307790 0.5102837 0.4663527 0.4031492 0.3557372 0.3048073 0.2075321 0.1083840 0.5434520E-01 0.2937871E-01
2.078324 2.053701 2.028870 2.009364 1.989101 1.927466 1.828458 1.796377 1.803175 1.833637 1.860108 1.883351 1.896407 1.910846 1.923803 1.928452 1.920388 1.907811 1.894747 1.878504 1.862384 1.841427 1.824158 1.805855 1.781778 1.763914 1.751426 1.739908 1.723794 1.672675 1.612747 1.581985 1.548764 1.509730 1.471352 1.407023 1.357219 1.346706 1.347502 1.332457 1.219728 1.104146 1.065631 1.065851 1.063704 0.9412714 0.8335383 0.6846832 0.5555644 0.4836689 0.4203192 0.3424006 0.2717254 0.2385678 0.1619651 0.8618629E-01 0.3222258E-01 -9999.000 -9999.000
2.035469 2.008022 1.975246 1.949957 1.945901 1.912026 1.809843 1.751050 1.761315 1.782803 1.812748 1.842271 1.861938 1.880004 1.895244 1.895062 1.879590 1.864220 1.852705 1.839258 1.829074 1.805442 1.771655 1.741956 1.720748 1.703512 1.695481 1.687790 1.673086 1.648935 1.618072 1.590237 1.558651 1.518968 1.479778 1.416379 1.352430 1.311089 1.299146 1.266379 1.166274 1.042738 0.9572177 0.9261994 0.9302629 0.9355302 0.8881496 0.7868646 0.6599664 0.5438062 0.4049944 0.2848445 0.1978674 0.1458826 0.9111997E-01 0.4239322E-01 -9999.000 -9999.000 -9999.000
1.979010 1.956249 1.925349 1.892949 1.895858 1.890294 1.797802 1.737728 1.732341 1.747555 1.768630 1.794262 1.814904 1.834783 1.849605 1.849153 1.828605 1.816982 1.808656 1.799276 1.792954 1.774070 1.746375 1.716301 1.695043 1.681600 1.671574 1.662008 1.647455 1.624943 1.602413 1.567735 1.530073 1.488011 1.426555 1.364613 1.286849 1.211539 1.185096 1.143956 1.044934 0.9474502 0.8599189 0.7870442 0.7679506 0.7774711 0.7599959 0.7269600 0.6594432 0.5758352 0.4539244 0.3302596 0.1837133 0.1017773 0.4871311E-01 -9999.000 -9999.000 -9999.000 -9999.000
1.928308 1.912577 1.888653 1.853449 1.837926 1.856428 1.817549 1.739156 1.711285 1.713631 1.724131 1.741565 1.758464 1.772662 1.786676 1.787643 1.772392 1.770337 1.767961 1.762900 1.762848 1.753895 1.734179 1.707399 1.683387 1.666833 1.650929 1.635519 1.605697 1.581320 1.555338 1.486967 1.427085 1.360279 1.268261 1.162606 1.064537 0.9861356 0.9735777 0.9454282 0.8966237 0.8273017 0.7395359 0.6416895 0.5862037 0.5941393 0.6288918 0.6057891 0.5822572 0.5267535 0.4669401 0.3965934 -9999.000 -9999.000 -9999.000 -9999.000 -9999.000 -9999.000 -9999.000
1.875545 1.865655 1.849336 1.821223 1.800988 1.796844 1.782419 1.743645 1.703713 1.691942 1.682451 1.687723 1.696929 1.713622 1.729850 1.742219 1.746878 1.742871 1.742757 1.738822 1.744168 1.744209 1.727736 1.695210 1.659809 1.629307 1.595140 1.553333 1.507413 1.448991 1.402239 1.298862 1.215209 1.102669 0.9820326 0.8582111 0.7097424 0.6697818 0.6698337 0.7004836 0.7353960 0.6826856 0.5999934 0.5007927 0.4439329 0.4594943 0.5267134 0.5592189 -9999.000 -9999.000 -9999.000 -9999.000 -9999.000 -9999.000 -9999.000 -9999.000 -9999.000 -9999.000 -9999.000
1.834520 1.825307 1.815864 1.798157 1.774034 1.757332 1.740021 1.713765 1.691272 1.665025 1.644646 1.638720 1.652078 1.670928 1.691731 1.715682 1.727329 1.724063 1.723386 1.718651 1.723299 1.723847 1.692604 1.641798 1.576409 1.514861 1.447730 1.353281 1.299748 1.207453 1.134736 1.014659 0.8924148 0.7756012 0.6543831 0.5350606 0.3914199 0.3515784 0.3280511 0.3874601 0.5059799 0.5246637 0.4958833 0.4346786 0.3807925 -9999.000 -9999.000 -9999.000 -9999.000 -9999.000 -9999.000 -9999.000 -9999.000 -9999.000 -9999.000 -9999.000 -9999.000 -9999.000 -9999.000
1.787683 1.779590 1.767968 1.755989 1.737805 1.711259 1.690003 1.669638 1.651072 1.628127 1.607274 1.590220 1.593127 1.620967 1.656271 1.682720 1.689143 1.682760 1.679272 1.677820 1.645524 1.631333 1.554721 1.459538 1.338603 1.238624 1.148693 1.057284 0.9804174 0.8961916 0.8049528 0.6976911 0.6012296 0.4888000 0.3687191 0.2887711 0.1767946 0.1413469 -9999.000 0.2031959 0.3078526 -9999.000 -9999.000 -9999.000 -9999.000 -9999.000 -9999.000 -9999.000 -9999.000 -9999.000 -9999.000 -9999.000 -9999.000 -9999.000 -9999.000 -9999.000 -9999.000 -9999.000 -9999.000
1.727547 1.721798 1.715722 1.705970 1.690736 1.666871 1.632544 1.620117 1.596735 1.585471 1.560525 1.532286 1.525162 1.570976 1.608352 1.621983 1.605270 1.580957 1.555899 1.516377 1.463663 1.361405 1.259494 1.054873 0.9318553 0.7891378 0.6988635 0.6692733 0.6308720 0.5635855 0.4840389 0.3954152 0.3152277 0.2126106 0.1225286 -9999.000 -9999.000 0.1691833E-01 -9999.000 -9999.000 -9999.000 -9999.000 -9999.000 -9999.000 -9999.000 -9999.000 -9999.000 -9999.000 -9999.000 -9999.000 -9999.000 -9999.000 -9999.000 -9999.000 -9999.000 -9999.000 -9999.000 -9999.000 -9999.000
1.648518 1.629952 1.637145 1.636355 1.632915 1.617693 1.584634 1.563030 1.545740 1.526745 1.484366 1.446889 1.459140 1.499263 1.516100 1.484575 1.423991 1.347687 1.250743 1.190377 1.072785 0.9698185 0.8514829 0.6809555 0.5350352 0.3930001 0.3378153 0.2716586 0.2837939 0.2640744 0.1779216 0.1291324 0.1145823 0.8238408E-01 -9999.000 -9999.000 -9999.000 -9999.000 -9999.000 -9999.000 -9999.000 -9999.000 -9999.000 -9999.000 -9999.000 -9999.000 -9999.000 -9999.000 -9999.000 -9999.000 -9999.000 -9999.000 -9999.000 -9999.000 -9999.000 -9999.000 -9999.000 -9999.000 -9999.000
1.564072 1.561884 1.569605 1.582012 1.584977 1.573743 1.534593 1.499697 1.477517 1.435268 1.383516 1.348131 1.355193 1.356107 1.323815 1.221585 1.094092 0.9521201 0.8508651 0.7745286 0.6426981 0.5770073 0.4425703 -9999.000 -9999.000 -9999.000 -9999.000 -9999.000 -9999.000 -9999.000 -9999.000 -9999.000 -9999.000 -9999.000 -9999.000 -9999.000 -9999.000 -9999.000 -9999.000 -9999.000 -9999.000 -9999.000 -9999.000 -9999.000 -9999.000 -9999.000 -9999.000 -9999.000 -9999.000 -9999.000 -9999.000 -9999.000 -9999.000 -9999.000 -9999.000 -9999.000 -9999.000 -9999.000 -9999.000
1.495717 1.501524 1.519184 1.535044 1.539615 1.525105 1.464419 1.396518 1.350420 1.288966 1.252203 1.221126 1.140080 1.096787 1.006910 0.8382448 0.6693848 0.4987715 0.4350541 0.3572946 0.2656606 0.2381656 -9999.000 -9999.000 -9999.000 -9999.000 -9999.000 -9999.000 -9999.000 -9999.000 -9999.000 -9999.000 -9999.000 -9999.000 -9999.000 -9999.000 -9999.000 -9999.000 -9999.000 -9999.000 -9999.000 -9999.000 -9999.000 -9999.000 -9999.000 -9999.000 -9999.000 -9999.000 -9999.000 -9999.000 -9999.000 -9999.000 -9999.000 -9999.000 -9999.000 -9999.000 -9999.000 -9999.000 -9999.000
