simulation_files/asc_files/Depth____40.0.asc
NCOLS       411
NROWS       131
XLLCENTER    2538020.000000
YLLCENTER    1152390.000000
CELLSIZE           1.000
NODATA_VALUE     -9999.0
[rows 26 to 51 of 131, columns 300 to 359 of 411]
0.3541572 0.3523279 0.3505709 0.3507683 0.3452515 0.3478847 0.3520115 0.3522642 0.3599253 0.3685806 0.3779427 0.3847163 0.3975096 0.4090146 0.4180754 0.4243058 0.4413288 0.4585126 0.4753952 0.5042539 0.5401994 0.5774235 0.6189903 0.6731380 0.7210609 0.7557293 0.7401148 0.6486264 0.5480193 0.4974902 0.4855970 0.4836531 0.4845097 0.4861223 0.4889547 0.4912565 0.4952636 0.5003142 0.5057001 0.5079613 0.5143137 0.5213799 0.5238402 0.5259876 0.5286654 0.5303036 0.5276414 0.5283716 0.5294616 0.5286699 0.5274734 0.5288297 0.5301520 0.5272660 0.5300087 0.5339982 0.5392078 0.5427000 0.5533547 0.5656778
0.3032541 0.3009394 0.2976630 0.2917256 0.2884730 0.2889891 0.2923874 0.2919407 0.2967286 0.3050757 0.3087327 0.3180325 0.3283358 0.3376419 0.3387701 0.3473590 0.3609734 0.3731119 0.3888779 0.4122093 0.4409192 0.4656561 0.5107617 0.5660724 0.6242295 0.6873871 0.7458117 0.7578879 0.6945269 0.5617171 0.4828794 0.4724256 0.4671267 0.4654868 0.4642280 0.4605580 0.4616869 0.4639867 0.4637797 0.4615025 0.4668857 0.4758441 0.4816344 0.4843328 0.4884378 0.4867892 0.4838848 0.4834473 0.4822686 0.4770216 0.4729496 0.4728153 0.4685892 0.4683950 0.4724023 0.4779698 0.4797334 0.4865549 0.4966859 0.5101298
0.2554329 0.2602255 0.2609301 0.2561625 0.2526688 0.2496979 0.2476375 0.2459147 0.2489648 0.2527969 0.2533333 0.2591727 0.2651815 0.2684217 0.2710708 0.2790116 0.2907708 0.3026433 0.3166346 0.3368426 0.3558694 0.3809121 0.4164318 0.4626746 0.5137562 0.5837001 0.6736436 0.7621425 0.7948884 0.6850982 0.5181714 0.4530338 0.4347219 0.4298205 0.4267944 0.4203972 0.4186816 0.4177175 0.4101218 0.4085815 0.4109828 0.4171180 0.4177903 0.4256030 0.4320999 0.4335050 0.4324719 0.4329348 0.4302418 0.4214429 0.4181333 0.4158531 0.4129719 0.4083261 0.4113447 0.4147180 0.4161391 0.4247029 0.4340702 0.4394363
0.2011905 0.2108067 0.2190260 0.2180914 0.2188967 0.2174657 0.2122558 0.2112675 0.2113298 0.2120390 0.2085971 0.2100829 0.2126905 0.2105032 0.2159886 0.2230474 0.2330686 0.2390504 0.2544137 0.2716721 0.2887499 0.3061960 0.3329496 0.3639493 0.3943388 0.4504102 0.5254157 0.6122501 0.7003283 0.7766626 0.6608722 0.4679709 0.4043741 0.3919593 0.3845256 0.3784435 0.3757910 0.3740319 0.3685578 0.3657994 0.3637530 0.3603048 0.3583737 0.3626859 0.3699667 0.3736864 0.3802332 0.3872644 0.3873715 0.3863635 0.3822817 0.3766700 0.3676650 0.3636823 0.3639857 0.3663577 0.3648235 0.3699553 0.3791767 0.3861863
0.1467841 0.1513185 0.1571522 0.1659779 0.1779037 0.1821703 0.1782801 0.1766641 0.1745335 0.1708413 0.1660216 0.1649089 0.1653309 0.1631215 0.1647269 0.1694287 0.1729080 0.1773185 0.1880180 0.2006295 0.2106394 0.2202581 0.2343760 0.2345947 0.2255281 0.2323389 0.2602879 0.3078471 0.4148314 0.5874166 0.7003471 0.5993292 0.4250569 0.3704832 0.3533626 0.3463422 0.3403333 0.3360283 0.3322349 0.3327205 0.3302859 0.3215908 0.3149505 0.3108716 0.3101755 0.3049734 0.3124826 0.3214889 0.3303140 0.3265623 0.3310903 0.3327773 0.3246476 0.3235831 0.3240409 0.3247899 0.3230782 0.3299793 0.3335953 0.3373793
0.1049802 0.1028763 0.1012831 0.1119203 0.1299147 0.1427989 0.1440185 0.1429602 0.1401618 0.1335887 0.1303763 0.1269422 0.1254924 0.1239167 0.1267129 0.1295593 0.1265250 0.1281720 0.1304470 0.1343740 0.1291437 0.1291380 0.1186360 0.1065715 0.9231031E-01 0.8980397E-01 0.9682426E-01 0.1234057 0.2053977 0.3675457 0.5845310 0.5928851 0.4355674 0.3589591 0.3378324 0.3253118 0.3145153 0.3047262 0.3001645 0.3045565 0.3092289 0.3079057 0.3015482 0.2925157 0.2823665 0.2721360 0.2625065 0.2537991 0.2440706 0.2405595 0.2514878 0.2673894 0.2759893 0.2819657 0.2853152 0.2862579 0.2874841 0.2896225 0.2930836 0.2997162
0.7590757E-01 0.7195801E-01 0.7179823E-01 0.8247148E-01 0.9929267E-01 0.1107821 0.1129221 0.1138930 0.1115738 0.1073807 0.1046694 0.1018734 0.9940139E-01 0.1007155 0.1047462 0.1052625 0.9975066E-01 0.9022900E-01 0.8040804E-01 0.6955043E-01 0.6147319E-01 0.5493808E-01 0.4837326E-01 0.4860533E-01 0.5523684E-01 0.6450406E-01 0.6881681E-01 0.7924091E-01 0.1183792 0.2341052 0.4107346 0.4956806 0.3764839 0.3334941 0.3220048 0.3029416 0.2839539 0.2675975 0.2636937 0.2729119 0.2874451 0.2907192 0.2907841 0.2831828 0.2641567 0.2464121 0.2264365 0.2065904 0.1907589 0.1853915 0.1966572 0.2208769 0.2360054 0.2439393 0.2474624 0.2493490 0.2552107 0.2600204 0.2647327 0.2669172
0.5985320E-01 0.5881561E-01 0.6209536E-01 0.7337905E-01 0.9148819E-01 0.1034939 0.1010323 0.9502230E-01 0.9303314E-01 0.9144144E-01 0.9072858E-01 0.8900490E-01 0.8600000E-01 0.8719216E-01 0.8864977E-01 0.8518572E-01 0.7014877E-01 0.5327479E-01 0.3713590E-01 -9999.000 -9999.000 -9999.000 -9999.000 -9999.000 0.3214237E-01 0.4292649E-01 0.5047623E-01 0.5891987E-01 0.8488953E-01 0.1589597 0.2677137 0.3166628 0.2768474 0.2725668 0.2857120 0.2723673 0.2458118 0.2262324 0.2195077 0.2263833 0.2335950 0.2351216 0.2300452 0.2196769 0.2005914 0.1888115 0.1828049 0.1753555 0.1660335 0.1680740 0.1851641 0.2076184 0.2181770 0.2211948 0.2235614 0.2236264 0.2272306 0.2310945 0.2353760 0.2346770
0.5277492E-01 0.5277146E-01 0.5767186E-01 0.6982746E-01 0.8808131E-01 0.1005113 0.9684179E-01 0.8776066E-01 0.8552442E-01 0.8477237E-01 0.8207501E-01 0.7868950E-01 0.7546329E-01 0.7383403E-01 0.7246310E-01 0.6277148E-01 0.4375850E-01 0.2669749E-01 -9999.000 -9999.000 -9999.000 -9999.000 -9999.000 -9999.000 -9999.000 0.2504906E-01 0.3282439E-01 0.4571417E-01 0.6538597E-01 0.1063221 0.1607865 0.1840867 0.1724021 0.1969274 0.2282749 0.2340355 0.2145704 0.1871510 0.1755047 0.1754536 0.1689159 0.1547697 0.1401287 0.1292768 0.1205471 0.1228859 0.1290805 0.1351364 0.1413339 0.1593205 0.1835869 0.2015453 0.2078932 0.2087335 0.2074038 0.2048084 0.2046619 0.2076759 0.2090469 0.2059144
0.4807048E-01 0.4792016E-01 0.5416513E-01 0.6801636E-01 0.8674681E-01 0.9896857E-01 0.9006130E-01 0.7998066E-01 0.7991321E-01 0.7691721E-01 0.7243674E-01 0.6646595E-01 0.6104138E-01 0.5888870E-01 0.5632115E-01 0.4366773E-01 0.2572660E-01 -9999.000 -9999.000 -9999.000 -9999.000 -9999.000 -9999.000 -9999.000 -9999.000 -9999.000 0.1915633E-01 0.3286286E-01 0.4990990E-01 0.6675418E-01 0.8400792E-01 0.9513297E-01 0.1075409 0.1324094 0.1571291 0.1727014 0.1745570 0.1650250 0.1508807 0.1383688 0.1149127 0.9273722E-01 0.8326172E-01 0.8002573E-01 0.8416436E-01 0.8871937E-01 0.9577579E-01 0.1083693 0.1324049 0.1629626 0.1901408 0.2021512 0.2028811 0.2014772 0.1972762 0.1924315 0.1886052 0.1870729 0.1856784 0.1849653
0.4671726E-01 0.4843596E-01 0.5833240E-01 0.7379484E-01 0.8981428E-01 0.9522280E-01 0.8255577E-01 0.7507440E-01 0.7273518E-01 0.6729710E-01 0.6084603E-01 0.5361965E-01 0.4770846E-01 0.4571719E-01 0.4254911E-01 0.2783877E-01 0.1466460E-01 -9999.000 -9999.000 -9999.000 -9999.000 -9999.000 -9999.000 -9999.000 -9999.000 -9999.000 -9999.000 -9999.000 -9999.000 0.3319842E-01 0.4515776E-01 0.5486007E-01 0.6833934E-01 0.8504299E-01 0.1018756 0.1148384 0.1266991 0.1353353 0.1328624 0.1150286 0.8512940E-01 0.6818578E-01 0.6582827E-01 0.6885748E-01 0.7551826E-01 0.8313435E-01 0.9468011E-01 0.1154447 0.1438805 0.1727668 0.1914522 0.1982809 0.1991915 0.1969378 0.1910076 0.1808592 0.1737212 0.1711775 0.1700577 0.1692934
0.4663239E-01 0.5073489E-01 0.6429338E-01 0.7883643E-01 0.9109877E-01 0.9208610E-01 0.7305387E-01 0.6800555E-01 0.6433137E-01 0.5705449E-01 0.4907469E-01 0.4334200E-01 0.3891482E-01 0.3572900E-01 0.3123638E-01 0.2033470E-01 -9999.000 -9999.000 -9999.000 -9999.000 -9999.000 -9999.000 -9999.000 -9999.000 -9999.000 -9999.000 -9999.000 -9999.000 -9999.000 -9999.000 -9999.000 0.3226396E-01 0.4267211E-01 0.5577684E-01 0.7147003E-01 0.8529349E-01 0.9475974E-01 0.1060978 0.1153926 0.1082146 0.7682300E-01 0.6072364E-01 0.5876908E-01 0.6174292E-01 0.6862588E-01 0.7766963E-01 0.9143033E-01 0.1125777 0.1385042 0.1613071 0.1727446 0.1763181 0.1765123 0.1760154 0.1683858 0.1589068 0.1537252 0.1512943 0.1504968 0.1482745
0.5755945E-01 0.5983554E-01 0.7109675E-01 0.8105733E-01 0.8835260E-01 0.8058503E-01 0.6435037E-01 0.5737423E-01 0.5270299E-01 0.4600554E-01 0.3934968E-01 0.3545004E-01 0.3057879E-01 0.2366258E-01 0.1988018E-01 -9999.000 -9999.000 -9999.000 -9999.000 -9999.000 -9999.000 -9999.000 -9999.000 -9999.000 -9999.000 -9999.000 -9999.000 -9999.000 -9999.000 -9999.000 -9999.000 -9999.000 0.2924112E-01 0.4123324E-01 0.5776745E-01 0.7598723E-01 0.8557652E-01 0.9394554E-01 0.1026702 0.1032214 0.7858337E-01 0.5611635E-01 0.5571342E-01 0.6091002E-01 0.6891500E-01 0.8113235E-01 0.9929037E-01 0.1235665 0.1456308 0.1609069 0.1667765 0.1643413 0.1599200 0.1560059 0.1472235 0.1373346 0.1330581 0.1302945 0.1271320 0.1250949
0.7044370E-01 0.7859981E-01 0.8303769E-01 0.8728246E-01 0.8436626E-01 0.6371132E-01 0.4961397E-01 0.4126487E-01 0.3683515E-01 0.3169319E-01 0.2815912E-01 0.2341454E-01 0.2035070E-01 0.1385445E-01 -9999.000 -9999.000 -9999.000 -9999.000 -9999.000 -9999.000 -9999.000 -9999.000 -9999.000 -9999.000 -9999.000 -9999.000 -9999.000 -9999.000 -9999.000 -9999.000 -9999.000 -9999.000 -9999.000 -9999.000 0.5115887E-01 0.6952726E-01 0.8038021E-01 0.8831722E-01 0.9668800E-01 0.9980417E-01 0.8016989E-01 0.5874630E-01 0.5560525E-01 0.6183204E-01 0.7275793E-01 0.9112262E-01 0.1173976 0.1425902 0.1596932 0.1688126 0.1712023 0.1667445 0.1577738 0.1446799 0.1315470 0.1236359 0.1192279 0.1154768 0.1120173 0.1089152
0.8107609E-01 0.8877396E-01 0.8909852E-01 0.8305675E-01 0.6162340E-01 0.4183514E-01 0.3189610E-01 0.2495745E-01 0.2275890E-01 0.1937929E-01 0.1710959E-01 -9999.000 -9999.000 -9999.000 -9999.000 -9999.000 -9999.000 -9999.000 -9999.000 -9999.000 -9999.000 -9999.000 -9999.000 -9999.000 -9999.000 -9999.000 -9999.000 -9999.000 -9999.000 -9999.000 -9999.000 -9999.000 -9999.000 0.2397094E-01 0.4561373E-01 0.6514602E-01 0.7602222E-01 0.8352522E-01 0.9034955E-01 0.9517544E-01 0.8995051E-01 0.7055427E-01 0.6323907E-01 0.7419052E-01 0.9131732E-01 0.1170489 0.1453178 0.1665098 0.1767732 0.1811435 0.1785789 0.1657718 0.1451314 0.1293435 0.1177989 0.1113293 0.1078850 0.1042538 0.1032104 0.1027689
0.7500749E-01 0.7652206E-01 0.7261002E-01 0.5435332E-01 0.3428084E-01 0.2196670E-01 -9999.000 -9999.000 -9999.000 -9999.000 -9999.000 -9999.000 -9999.000 -9999.000 -9999.000 -9999.000 -9999.000 -9999.000 -9999.000 -9999.000 -9999.000 -9999.000 -9999.000 -9999.000 -9999.000 -9999.000 -9999.000 -9999.000 -9999.000 -9999.000 -9999.000 -9999.000 -9999.000 0.2897631E-01 0.5019412E-01 0.6670597E-01 0.7643740E-01 0.8358349E-01 0.8977847E-01 0.9417174E-01 0.9705933E-01 0.9505588E-01 0.9732947E-01 0.1084463 0.1297573 0.1584447 0.1848326 0.1977027 0.1979264 0.1925912 0.1791887 0.1566068 0.1290504 0.1092184 0.1052477 0.1000872 0.9734002E-01 0.9741345E-01 0.1002156 0.1020409
0.5791388E-01 0.4966272E-01 0.4163182E-01 0.2378169E-01 -9999.000 -9999.000 -9999.000 -9999.000 -9999.000 -9999.000 -9999.000 -9999.000 -9999.000 -9999.000 -9999.000 -9999.000 -9999.000 -9999.000 -9999.000 -9999.000 -9999.000 -9999.000 -9999.000 -9999.000 -9999.000 -9999.000 -9999.000 -9999.000 -9999.000 -9999.000 -9999.000 -9999.000 -9999.000 0.3552498E-01 0.5615635E-01 0.7021080E-01 0.7957092E-01 0.8677030E-01 0.9233751E-01 0.9782353E-01 0.1099032 0.1268062 0.1415248 0.1578304 0.1765884 0.1985371 0.2114466 0.2088273 0.1956381 0.1800611 0.1644551 0.1404107 0.1128785 0.1012734 0.9668234E-01 0.9579133E-01 0.9468557E-01 0.9922074E-01 0.1046913 0.1009422
0.3214095E-01 0.2757975E-01 -9999.000 -9999.000 -9999.000 -9999.000 -9999.000 -9999.000 -9999.000 -9999.000 -9999.000 -9999.000 -9999.000 -9999.000 -9999.000 -9999.000 -9999.000 -9999.000 -9999.000 -9999.000 -9999.000 -9999.000 -9999.000 -9999.000 -9999.000 -9999.000 -9999.000 -9999.000 -9999.000 -9999.000 -9999.000 -9999.000 -9999.000 0.3724118E-01 0.5503485E-01 0.6966608E-01 0.7957403E-01 0.8842608E-01 0.9625125E-01 0.1030363 0.1151011 0.1317418 0.1510044 0.1696162 0.1837302 0.1920185 0.1929859 0.1814969 0.1647628 0.1581635 0.1554452 0.1354707 0.1055568 0.9479518E-01 0.9498810E-01 0.1003587 0.1050388 0.1067569 0.1011601 0.8185958E-01
-9999.000 -9999.000 -9999.000 -9999.000 -9999.000 -9999.000 -9999.000 -9999.000 -9999.000 -9999.000 -9999.000 -9999.000 -9999.000 -9999.000 -9999.000 -9999.000 -9999.000 -9999.000 -9999.000 -9999.000 -9999.000 -9999.000 -9999.000 -9999.000 -9999.000 -9999.000 -9999.000 -9999.000 -9999.000 -9999.000 -9999.000 -9999.000 -9999.000 -9999.000 0.4618867E-01 0.6183844E-01 0.7426762E-01 0.8702760E-01 0.9992092E-01 0.1087563 0.1166530 0.1272493 0.1390871 0.1503006 0.1561839 0.1550586 0.1479775 0.1349365 0.1263488 0.1398017 0.1526971 0.1370114 0.1066222 0.9923858E-01 0.1061161 0.1135407 0.1159123 0.1092587 0.8881107E-01 0.5494473E-01
-9999.000 -9999.000 -9999.000 -9999.000 -9999.000 -9999.000 -9999.000 -9999.000 -9999.000 -9999.000 -9999.000 -9999.000 -9999.000 -9999.000 -9999.000 -9999.000 -9999.000 -9999.000 -9999.000 -9999.000 -9999.000 -9999.000 -9999.000 -9999.000 -9999.000 -9999.000 -9999.000 -9999.000 -9999.000 -9999.000 -9999.000 -9999.000 -9999.000 -9999.000 0.3544380E-01 0.5329199E-01 0.6914675E-01 0.8706289E-01 0.1071337 0.1165406 0.1201398 0.1257849 0.1337483 0.1389059 0.1362786 0.1277461 0.1139331 0.1000366 0.1051053 0.1343526 0.1536841 0.1396074 0.1163900 0.1128468 0.1219151 0.1219522 0.1154532 0.9344087E-01 0.5607118E-01 0.3453363E-01
-9999.000 -9999.000 -9999.000 -9999.000 -9999.000 -9999.000 -9999.000 -9999.000 -9999.000 -9999.000 -9999.000 -9999.000 -9999.000 -9999.000 -9999.000 -9999.000 -9999.000 -9999.000 -9999.000 -9999.000 -9999.000 -9999.000 -9999.000 -9999.000 -9999.000 -9999.000 -9999.000 -9999.000 -9999.000 -9999.000 -9999.000 -9999.000 -9999.000 -9999.000 0.3127813E-01 0.4776579E-01 0.6832439E-01 0.9206565E-01 0.1123342 0.1181771 0.1165278 0.1190065 0.1267348 0.1288374 0.1221947 0.1105915 0.9717922E-01 0.9142867E-01 0.1081310 0.1395257 0.1617324 0.1575703 0.1325051 0.1244447 0.1260536 0.1150774 0.9711830E-01 0.6382667E-01 0.3546315E-01 -9999.000
-9999.000 -9999.000 -9999.000 -9999.000 -9999.000 -9999.000 -9999.000 -9999.000 -9999.000 -9999.000 -9999.000 -9999.000 -9999.000 -9999.000 -9999.000 -9999.000 -9999.000 -9999.000 -9999.000 -9999.000 -9999.000 -9999.000 -9999.000 -9999.000 -9999.000 -9999.000 -9999.000 -9999.000 -9999.000 -9999.000 -9999.000 -9999.000 -9999.000 -9999.000 0.2367388E-01 0.4688503E-01 0.7397165E-01 0.9994723E-01 0.1191312 0.1180715 0.1113751 0.1164127 0.1275521 0.1246274 0.1108992 0.9944360E-01 0.9238371E-01 0.9709378E-01 0.1227476 0.1569006 0.1823826 0.1728326 0.1398104 0.1276227 0.1119058 0.9307962E-01 0.6735926E-01 0.4011429E-01 -9999.000 -9999.000
-9999.000 -9999.000 -9999.000 -9999.000 -9999.000 -9999.000 -9999.000 -9999.000 -9999.000 -9999.000 -9999.000 -9999.000 -9999.000 -9999.000 -9999.000 -9999.000 -9999.000 -9999.000 -9999.000 -9999.000 -9999.000 -9999.000 -9999.000 -9999.000 -9999.000 -9999.000 -9999.000 -9999.000 -9999.000 -9999.000 -9999.000 -9999.000 -9999.000 -9999.000 0.2840642E-01 0.5781858E-01 0.8389410E-01 0.1029189 0.1161237 0.1172390 0.1133591 0.1254567 0.1414077 0.1234585 0.9696976E-01 0.8945537E-01 0.9400128E-01 0.1150322 0.1526009 0.1886248 0.2077485 0.1863136 0.1399204 0.1089042 0.8913945E-01 0.6772157E-01 0.4733435E-01 -9999.000 -9999.000 -9999.000
-9999.000 -9999.000 -9999.000 -9999.000 -9999.000 -9999.000 -9999.000 -9999.000 -9999.000 -9999.000 -9999.000 -9999.000 -9999.000 -9999.000 -9999.000 -9999.000 -9999.000 -9999.000 -9999.000 -9999.000 -9999.000 -9999.000 -9999.000 -9999.000 -9999.000 -9999.000 -9999.000 -9999.000 -9999.000 -9999.000 -9999.000 -9999.000 -9999.000 -9999.000 0.2917212E-01 0.5359548E-01 0.7180889E-01 0.8724593E-01 0.9945529E-01 0.1057669 0.1100199 0.1247173 0.1370751 0.1162190 0.9040456E-01 0.9129482E-01 0.1177561 0.1640901 0.2112115 0.2404094 0.2369000 0.1981028 0.1444684 0.1057141 0.8166824E-01 0.6245475E-01 0.3909310E-01 -9999.000 -9999.000 -9999.000
-9999.000 -9999.000 -9999.000 -9999.000 -9999.000 -9999.000 -9999.000 -9999.000 -9999.000 -9999.000 -9999.000 -9999.000 -9999.000 -9999.000 -9999.000 -9999.000 -9999.000 -9999.000 -9999.000 -9999.000 -9999.000 -9999.000 -9999.000 -9999.000 -9999.000 -9999.000 -9999.000 -9999.000 -9999.000 -9999.000 -9999.000 -9999.000 -9999.000 -9999.000 0.2190287E-01 0.4151749E-01 0.5642224E-01 0.6627196E-01 0.7404370E-01 0.7942928E-01 0.8870014E-01 0.9763463E-01 0.1132161 0.1215010 0.1287778 0.1450936 0.2046215 0.2531526 0.2766591 0.2783832 0.2602021 0.2332779 0.1811547 0.1340310 0.9526107E-01 0.6339206E-01 -9999.000 -9999.000 -9999.000 -9999.000
-9999.000 -9999.000 -9999.000 -9999.000 -9999.000 -9999.000 -9999.000 -9999.000 -9999.000 -9999.000 -9999.000 -9999.000 -9999.000 -9999.000 -9999.000 -9999.000 -9999.000 -9999.000 -9999.000 -9999.000 -9999.000 -9999.000 -9999.000 -9999.000 -9999.000 -9999.000 -9999.000 -9999.000 -9999.000 -9999.000 -9999.000 -9999.000 -9999.000 -9999.000 0.1543859E-01 0.3323183E-01 0.4871887E-01 0.5570568E-01 0.6052617E-01 0.6718464E-01 0.7244760E-01 0.8178642E-01 0.1162587 0.1952315 0.2530217 0.2649241 0.2703265 0.2837455 0.2932369 0.2807479 0.2450467 0.2093972 0.1680758 0.1073106 0.7939674E-01 -9999.000 -9999.000 -9999.000 -9999.000 -9999.000
