simulation_files/asc_files/Depth____180.0.asc
NCOLS       411
NROWS       131
XLLCENTER    2538020.000000
YLLCENTER    1152390.000000
CELLSIZE           1.000
NODATA_VALUE     -9999.0
[rows 27 to 53 of 131, columns 118 to 176 of 411]
-9999.000 2.187969 2.180872 2.205546 2.274639 2.347346 2.419107 2.480550 2.549700 2.608492 2.656855 2.667163 2.622081 2.561464 2.513339 2.492865 2.480406 2.466577 2.443326 2.386784 2.326305 2.309948 2.320523 2.335701 2.345154 2.350687 2.369545 2.388281 2.399420 2.321996 1.817422 1.103893 0.7440882 0.7039662 0.7163112 0.7403565 0.7628428 0.7836956 0.8079174 0.8380506 0.8684217 0.8940133 0.9205892 0.9478491 0.9730309 0.9993749 1.028649 1.052406 1.074808 1.102934 1.125613 1.148298 1.163372 1.170435 1.176964 1.186069 1.200561 1.221199 1.248481
2.214343 2.187969 2.172063 2.178997 2.230315 2.307073 2.384741 2.446940 2.516958 2.587795 2.643282 2.655542 2.621270 2.571181 2.524060 2.496971 2.475459 2.455380 2.426913 2.387046 2.348842 2.331785 2.339703 2.352599 2.361988 2.372219 2.383623 2.400727 2.409606 2.415047 1.834266 0.9747348 0.7481284 0.7651878 0.7890540 0.8075005 0.8359512 0.8597660 0.8860986 0.9126615 0.9330027 0.9537575 0.9715816 0.9852967 1.003523 1.023137 1.046115 1.064533 1.086152 1.107840 1.125542 1.136513 1.143869 1.149331 1.159018 1.175743 1.201320 1.233840 1.268862
2.219724 2.174841 2.152073 2.139423 2.182436 2.262517 2.336243 2.397748 2.466517 2.539572 2.602832 2.631293 2.615902 2.572070 2.529744 2.499241 2.474511 2.451442 2.427238 2.394846 2.368233 2.351328 2.354340 2.364596 2.376479 2.388100 2.395588 2.405429 2.417244 2.389742 1.854272 0.9565987 0.8052602 0.8252110 0.8540126 0.8758074 0.9014360 0.9206651 0.9365972 0.9531818 0.9702273 0.9815492 0.9907973 1.002848 1.014452 1.030773 1.046317 1.064433 1.086809 1.102503 1.117226 1.126655 1.132607 1.139258 1.156715 1.182041 1.215079 1.250161 1.282422
2.228968 2.166245 2.134480 2.116846 2.133290 2.209598 2.290859 2.353243 2.429164 2.504320 2.565205 2.594399 2.582979 2.551155 2.520127 2.492703 2.463950 2.438866 2.411271 2.385178 2.362367 2.347898 2.346373 2.361242 2.372687 2.388849 2.399178 2.406405 2.428849 2.369349 1.792326 0.9981339 0.8575200 0.8731103 0.9001911 0.9187107 0.9339733 0.9446954 0.9566749 0.9646125 0.9744252 0.9785408 0.9866949 1.000612 1.013726 1.030808 1.048404 1.065565 1.081019 1.099464 1.112982 1.123081 1.135258 1.153332 1.179333 1.209153 1.240058 1.267621 1.291444
2.241465 2.158776 2.126978 2.114326 2.118983 2.164836 2.235554 2.311337 2.392730 2.459425 2.511524 2.540108 2.537702 2.517918 2.494778 2.467865 2.445550 2.419441 2.388826 2.355677 2.330164 2.315545 2.318823 2.331573 2.351103 2.376292 2.399414 2.422885 2.452381 2.433009 1.753810 0.9465546 0.8775282 0.8956662 0.9148859 0.9218972 0.9353210 0.9379159 0.9426387 0.9461180 0.9545344 0.9638491 0.9788098 0.9951419 1.014751 1.032652 1.053188 1.070719 1.086595 1.103292 1.118442 1.132336 1.153264 1.183259 1.209371 1.236527 1.259128 1.276278 1.289836
2.252425 2.183191 2.118055 2.118744 2.119498 2.144068 2.198807 2.270079 2.345310 2.409554 2.457279 2.484199 2.487264 2.474666 2.455287 2.432799 2.414941 2.387126 2.352118 2.316801 2.283952 2.273505 2.286797 2.307531 2.336343 2.380682 2.418537 2.449818 2.479930 2.489893 1.899021 1.048666 0.8666084 0.8744947 0.8876314 0.8915244 0.9002263 0.9076217 0.9102305 0.9181738 0.9303669 0.9467619 0.9708693 0.9943057 1.016792 1.043273 1.065258 1.084954 1.103227 1.120791 1.133527 1.149521 1.174579 1.202400 1.222688 1.239036 1.250764 1.255855 1.257998
2.230217 2.187618 2.123420 2.097712 2.119880 2.134080 2.168444 2.232031 2.302969 2.355735 2.395109 2.420116 2.428578 2.421228 2.404388 2.385679 2.369235 2.348245 2.315468 2.281286 2.249604 2.248457 2.272595 2.307372 2.339664 2.389579 2.431569 2.461425 2.490228 2.466010 1.985304 1.137947 0.8475258 0.8390427 0.8405407 0.8405865 0.8491851 0.8621731 0.8731382 0.8928006 0.9133427 0.9460070 0.9717473 1.000292 1.028016 1.053336 1.079566 1.102093 1.118052 1.135603 1.150090 1.164835 1.181672 1.195095 1.206595 1.210411 1.210899 1.206296 1.201943
2.201306 2.174347 2.122240 2.088471 2.094573 2.115983 2.144852 2.197924 2.260423 2.306962 2.339916 2.362563 2.370179 2.362528 2.346847 2.331700 2.320369 2.305816 2.283360 2.256592 2.242878 2.248741 2.276994 2.309707 2.337604 2.372821 2.417365 2.447955 2.477036 2.474109 1.976733 1.147931 0.9006109 0.8458172 0.8202526 0.8090762 0.8218965 0.8351316 0.8531772 0.8831797 0.9106474 0.9388473 0.9744005 1.005438 1.033945 1.059041 1.081999 1.104404 1.117390 1.133580 1.144201 1.155509 1.169545 1.170846 1.166478 1.164092 1.157916 1.150615 1.149050
2.171699 2.148482 2.116648 2.071694 2.061083 2.079870 2.111096 2.161596 2.218920 2.262118 2.291478 2.310415 2.315842 2.307654 2.294405 2.281750 2.274825 2.269262 2.255749 2.232439 2.221231 2.231896 2.258428 2.286090 2.305890 2.342013 2.374997 2.411392 2.448182 2.475021 1.902266 1.187388 1.092088 0.9925919 0.8928206 0.8543015 0.8492238 0.8479140 0.8640212 0.8907210 0.9173434 0.9419057 0.9693513 0.9960347 1.021854 1.040134 1.055765 1.064584 1.075933 1.084615 1.094527 1.106754 1.114678 1.115565 1.115770 1.116559 1.113552 1.112516 1.112736
2.155855 2.134874 2.110695 2.076880 2.037887 2.031286 2.066502 2.124272 2.186103 2.229695 2.254967 2.266580 2.265519 2.257111 2.247122 2.238351 2.231742 2.228521 2.218104 2.189989 2.173222 2.174460 2.203454 2.232816 2.253572 2.274606 2.312149 2.349719 2.402089 2.392814 1.830440 1.285479 1.233848 1.178696 1.143118 1.051681 0.9488335 0.9085322 0.9016066 0.9065061 0.9252437 0.9442853 0.9647534 0.9801562 0.9917391 0.9933945 0.9932929 0.9968462 0.9987620 1.007800 1.020220 1.032333 1.039306 1.044308 1.056752 1.064054 1.072238 1.080356 1.080708
2.143154 2.122845 2.099194 2.067783 2.029455 2.000004 2.006449 2.063854 2.157934 2.203202 2.222744 2.228873 2.226359 2.219850 2.211637 2.200855 2.187396 2.177538 2.170863 2.125735 2.081697 2.082180 2.127280 2.164071 2.188985 2.209466 2.238682 2.273319 2.342345 2.299367 1.728905 1.354202 1.312943 1.333272 1.323787 1.282554 1.209619 1.111555 1.048695 0.9893055 0.9539227 0.9540819 0.9518647 0.9459060 0.9379476 0.9304425 0.9262553 0.9298581 0.9316473 0.9312926 0.9452045 0.9548921 0.9600607 0.9671164 0.9757623 0.9855651 0.9965093 1.002738 0.9941507
2.134976 2.115261 2.091944 2.063492 2.028298 1.994053 1.992985 2.045849 2.121875 2.171887 2.190491 2.191501 2.184297 2.175565 2.164428 2.148678 2.128780 2.113997 2.114811 2.069856 1.986396 1.983095 2.025729 2.084011 2.115484 2.141816 2.166163 2.212401 2.285530 2.180018 1.671734 1.425677 1.384325 1.369098 1.373057 1.390528 1.398703 1.374954 1.303525 1.209780 1.109829 1.014288 0.9662111 0.9246795 0.8858697 0.8737906 0.8727602 0.8804942 0.8835071 0.8810195 0.8838074 0.8860098 0.8816156 0.8869963 0.8867213 0.8865710 0.8856023 0.8732977 0.8356667
2.121832 2.106493 2.089678 2.074663 2.047680 2.012373 1.998005 2.031820 2.092779 2.133964 2.147924 2.147301 2.137604 2.121091 2.112083 2.094622 2.066269 2.049801 2.061376 2.027916 1.918449 1.903846 1.955921 2.021209 2.055145 2.077260 2.101617 2.142257 2.209383 2.118533 1.716286 1.527212 1.460915 1.415711 1.386022 1.389760 1.410981 1.423923 1.411301 1.354850 1.297145 1.202275 1.055711 0.9927995 0.9276735 0.8804630 0.8579094 0.8555849 0.8554217 0.8507426 0.8444065 0.8371639 0.8279006 0.8142032 0.7999253 0.7826128 0.7573699 0.6982287 0.6142816
2.120155 2.111788 2.102921 2.096237 2.081491 2.041111 1.998960 1.996557 2.038515 2.080800 2.088825 2.084807 2.077359 2.064743 2.048867 2.030064 2.002075 1.988894 2.000092 1.980787 1.878493 1.868948 1.918994 1.966999 1.991362 2.011083 2.032710 2.058248 2.115124 2.041670 1.735263 1.590616 1.528649 1.453889 1.396052 1.372381 1.369718 1.389203 1.413223 1.393865 1.336831 1.292888 1.229739 1.125707 1.060304 0.9826745 0.9216394 0.8804156 0.8571539 0.8365568 0.8196764 0.8022502 0.7767861 0.7451245 0.7191124 0.6930855 0.6387300 0.5170289 0.3779428
2.133749 2.126356 2.115248 2.102783 2.077509 2.026866 1.970110 1.948213 1.963677 2.004670 2.027211 2.014867 2.013914 2.011165 1.998621 1.982951 1.961507 1.945725 1.940989 1.928597 1.884582 1.861049 1.893872 1.922942 1.935699 1.943481 1.939850 1.952198 1.963319 1.892461 1.711804 1.596995 1.550504 1.487192 1.407977 1.356358 1.349027 1.360400 1.386609 1.383246 1.335263 1.271947 1.234883 1.202372 1.161138 1.116559 1.055171 0.9639877 0.8785509 0.8280018 0.7960997 0.7527864 0.6880461 0.6292496 0.6004174 0.5609221 0.5156862 0.4067788 0.2238364
2.140396 2.128772 2.108228 2.081266 2.050432 1.995734 1.922437 1.889331 1.900622 1.935434 1.961555 1.963077 1.959776 1.964477 1.961559 1.949072 1.927840 1.910848 1.902585 1.886708 1.866783 1.848333 1.863995 1.873620 1.868403 1.854950 1.840011 1.829153 1.817072 1.758732 1.652159 1.582038 1.549986 1.507985 1.439339 1.390187 1.370625 1.346899 1.342293 1.350363 1.308366 1.236475 1.192427 1.183282 1.194014 1.178551 1.149740 1.050815 0.9261403 0.8305656 0.7773283 0.7094176 0.6144340 0.5267993 0.4600948 0.3875502 0.3192911 0.2377295 0.1169625
2.116071 2.099377 2.073616 2.042316 2.010623 1.962036 1.873635 1.831133 1.839532 1.872606 1.899275 1.913806 1.918080 1.926998 1.932783 1.925970 1.903930 1.879659 1.866610 1.853967 1.841002 1.828409 1.823551 1.814548 1.796869 1.778410 1.758921 1.738289 1.719526 1.686076 1.630668 1.591184 1.555429 1.522149 1.471229 1.428296 1.382350 1.348611 1.311694 1.298819 1.269407 1.193281 1.133134 1.093552 1.096620 1.088463 1.062933 1.026367 0.9109276 0.7919683 0.7120722 0.6329845 0.5386792 0.4656862 0.3620121 0.2894268 0.2151901 0.1588624 0.5678168E-01
2.066945 2.050140 2.028439 1.996338 1.965245 1.929211 1.849006 1.787742 1.794199 1.822004 1.854349 1.878155 1.888348 1.899544 1.906845 1.895562 1.865991 1.836910 1.822108 1.813155 1.810940 1.802476 1.782337 1.762241 1.746432 1.730056 1.717687 1.701319 1.673556 1.649638 1.620235 1.585485 1.553863 1.518401 1.471495 1.425773 1.365293 1.316427 1.284902 1.220770 1.175381 1.092380 1.018167 0.9641764 0.9447666 0.9396057 0.9235781 0.8955627 0.8272828 0.7232317 0.6153496 0.5186441 0.4235622 0.3452613 0.2845075 0.2365503 0.1851281 0.1449545 0.8470916E-01
2.007446 1.990113 1.978140 1.953648 1.927458 1.902357 1.830542 1.773471 1.764689 1.783958 1.810525 1.833858 1.848283 1.860524 1.867014 1.855167 1.819684 1.792967 1.777789 1.773217 1.777834 1.775616 1.761415 1.739603 1.722623 1.709358 1.696561 1.679909 1.654405 1.627207 1.600057 1.560026 1.520681 1.478799 1.413047 1.356354 1.285462 1.208342 1.179719 1.135489 1.045236 0.9593315 0.8738929 0.8019904 0.7828464 0.7991761 0.7728309 0.7698433 0.7216336 0.6208231 0.5236458 0.4477485 0.3541762 0.2823655 0.2373779 -9999.000 -9999.000 -9999.000 -9999.000
1.960273 1.941538 1.929990 1.914521 1.889356 1.870732 1.836583 1.773369 1.744054 1.747523 1.763961 1.783423 1.796826 1.803266 1.807312 1.798201 1.768629 1.750966 1.736977 1.737321 1.747294 1.754258 1.748817 1.728613 1.707536 1.690904 1.672770 1.651337 1.615706 1.586806 1.551403 1.482863 1.420152 1.350215 1.257971 1.148814 1.057673 0.9777394 0.9733904 0.9580581 0.9088664 0.8242075 0.7298897 0.6404292 0.5993394 0.6189915 0.6611113 0.6469494 0.6188306 0.5563585 0.4952983 0.4211217 -9999.000 -9999.000 -9999.000 -9999.000 -9999.000 -9999.000 -9999.000
1.915735 1.897081 1.885556 1.873003 1.853862 1.832068 1.805983 1.770315 1.736175 1.726083 1.721462 1.730693 1.740372 1.751107 1.757013 1.759614 1.752583 1.728906 1.715523 1.715946 1.731482 1.743413 1.739736 1.713072 1.680520 1.650765 1.614736 1.569230 1.519239 1.456075 1.404399 1.297636 1.211460 1.097637 0.9740627 0.8487956 0.7005629 0.6603350 0.6711458 0.7157520 0.7514079 0.6877590 0.5983816 0.5019599 0.4556546 0.4793745 0.5559784 0.5933098 -9999.000 -9999.000 -9999.000 -9999.000 -9999.000 -9999.000 -9999.000 -9999.000 -9999.000 -9999.000 -9999.000
1.882549 1.865925 1.852203 1.841324 1.824852 1.800417 1.772568 1.743528 1.719525 1.696418 1.681124 1.683407 1.699744 1.714559 1.726008 1.740109 1.741509 1.723401 1.708898 1.706141 1.718606 1.726008 1.702292 1.656574 1.594863 1.534506 1.466436 1.369222 1.312167 1.215786 1.139344 1.015279 0.8911073 0.7723943 0.6488993 0.5264477 0.3851011 0.3493948 0.3265435 0.3982596 0.5219614 0.5356223 0.4999055 0.4366520 0.3894086 -9999.000 -9999.000 -9999.000 -9999.000 -9999.000 -9999.000 -9999.000 -9999.000 -9999.000 -9999.000 -9999.000 -9999.000 -9999.000 -9999.000
1.834350 1.826457 1.811953 1.799521 1.783487 1.755901 1.728044 1.701278 1.679917 1.656761 1.639399 1.630527 1.645419 1.669288 1.694953 1.712411 1.710182 1.692983 1.677503 1.674502 1.647577 1.636223 1.563958 1.472304 1.354390 1.256540 1.166498 1.073160 0.9932140 0.9054796 0.8109917 0.7015172 0.6037696 0.4898503 0.3677262 0.2826418 0.1724339 -9999.000 -9999.000 0.2132841 0.3241709 -9999.000 -9999.000 -9999.000 -9999.000 -9999.000 -9999.000 -9999.000 -9999.000 -9999.000 -9999.000 -9999.000 -9999.000 -9999.000 -9999.000 -9999.000 -9999.000 -9999.000 -9999.000
1.772986 1.768965 1.762911 1.752087 1.735983 1.710513 1.671993 1.653310 1.625145 1.611590 1.587364 1.564638 1.568755 1.615627 1.647836 1.655459 1.632132 1.598246 1.563190 1.521042 1.469033 1.367276 1.267876 1.064774 0.9445952 0.8034123 0.7139301 0.6834472 0.6434847 0.5745484 0.4934718 0.4039162 0.3235346 0.2199788 0.1304642 -9999.000 -9999.000 -9999.000 -9999.000 -9999.000 -9999.000 -9999.000 -9999.000 -9999.000 -9999.000 -9999.000 -9999.000 -9999.000 -9999.000 -9999.000 -9999.000 -9999.000 -9999.000 -9999.000 -9999.000 -9999.000 -9999.000 -9999.000 -9999.000
1.695129 1.677883 1.686214 1.685238 1.679351 1.661597 1.624388 1.596434 1.573486 1.550031 1.505623 1.470283 1.490828 1.533115 1.549371 1.520987 1.457459 1.372345 1.265709 1.198714 1.079565 0.9753476 0.8573840 0.6867177 0.5426403 0.4015232 0.3332120 0.2693777 0.2956264 0.2771377 0.1945881 0.1455054 0.1279676 0.9426307E-01 -9999.000 -9999.000 -9999.000 -9999.000 -9999.000 -9999.000 -9999.000 -9999.000 -9999.000 -9999.000 -9999.000 -9999.000 -9999.000 -9999.000 -9999.000 -9999.000 -9999.000 -9999.000 -9999.000 -9999.000 -9999.000 -9999.000 -9999.000 -9999.000 -9999.000
1.611370 1.610473 1.619442 1.632913 1.632075 1.618124 1.574349 1.533193 1.505280 1.457539 1.403216 1.369345 1.379680 1.378844 1.350115 1.261967 1.133429 0.9813063 0.8686943 0.7828934 0.6463482 0.5797794 0.4449601 -9999.000 -9999.000 -9999.000 -9999.000 -9999.000 -9999.000 -9999.000 -9999.000 -9999.000 -9999.000 -9999.000 -9999.000 -9999.000 -9999.000 -9999.000 -9999.000 -9999.000 -9999.000 -9999.000 -9999.000 -9999.000 -9999.000 -9999.000 -9999.000 -9999.000 -9999.000 -9999.000 -9999.000 -9999.000 -9999.000 -9999.000 -9999.000 -9999.000 -9999.000 -9999.000 -9999.000
1.543427 1.549960 1.567667 1.584142 1.586905 1.570750 1.504393 1.429721 1.376902 1.307347 1.272929 1.248676 1.172894 1.118237 1.026180 0.8724058 0.7129666 0.5286184 0.4541576 0.3644849 0.2662854 0.2363090 -9999.000 -9999.000 -9999.000 -9999.000 -9999.000 -9999.000 -9999.000 -9999.000 -9999.000 -9999.000 -9999.000 -9999.000 -9999.000 -9999.000 -9999.000 -9999.000 -9999.000 -9999.000 -9999.000 -9999.000 -9999.000 -9999.000 -9999.000 -9999.000 -9999.000 -9999.000 -9999.000 -9999.000 -9999.000 -9999.000 -9999.000 -9999.000 -9999.000 -9999.000 -9999.000 -9999.000 -9999.000
