simulation_files/asc_files/Depth____193.0.asc
NCOLS       411
NROWS       131
XLLCENTER    2538020.000000
YLLCENTER    1152390.000000
CELLSIZE           1.000
NODATA_VALUE     -9999.0
[rows 0 to 26 of 131, columns 295 to 353 of 411]
-9999.000 -9999.000 -9999.000 -9999.000 -9999.000 -9999.000 -9999.000 -9999.000 -9999.000 -9999.000 -9999.000 -9999.000 -9999.000 -9999.000 -9999.000 -9999.000 -9999.000 -9999.000 -9999.000 -9999.000 -9999.000 -9999.000 -9999.000 -9999.000 -9999.000 -9999.000 -9999.000 -9999.000 -9999.000 -9999.000 -9999.000 -9999.000 -9999.000 -9999.000 -9999.000 -9999.000 -9999.000 -9999.000 -9999.000 -9999.000 -9999.000 -9999.000 -9999.000 -9999.000 -9999.000 -9999.000 -9999.000 -9999.000 -9999.000 -9999.000 -9999.000 -9999.000 -9999.000 -9999.000 -9999.000 -9999.000 -9999.000 -9999.000 -9999.000
-9999.000 -9999.000 -9999.000 -9999.000 -9999.000 -9999.000 -9999.000 -9999.000 -9999.000 -9999.000 -9999.000 -9999.000 -9999.000 -9999.000 -9999.000 -9999.000 -9999.000 -9999.000 -9999.000 -9999.000 -9999.000 -9999.000 -9999.000 -9999.000 -9999.000 -9999.000 -9999.000 -9999.000 -9999.000 -9999.000 -9999.000 -9999.000 -9999.000 -9999.000 -9999.000 -9999.000 -9999.000 -9999.000 -9999.000 -9999.000 -9999.000 -9999.000 -9999.000 -9999.000 -9999.000 -9999.000 -9999.000 -9999.000 -9999.000 -9999.000 -9999.000 -9999.000 -9999.000 -9999.000 -9999.000 -9999.000 -9999.000 -9999.000 -9999.000
-9999.000 -9999.000 -9999.000 -9999.000 -9999.000 -9999.000 -9999.000 -9999.000 -9999.000 -9999.000 -9999.000 -9999.000 -9999.000 -9999.000 -9999.000 -9999.000 -9999.000 -9999.000 -9999.000 -9999.000 -9999.000 -9999.000 -9999.000 -9999.000 -9999.000 -9999.000 -9999.000 -9999.000 -9999.000 -9999.000 -9999.000 -9999.000 -9999.000 -9999.000 -9999.000 -9999.000 -9999.000 -9999.000 -9999.000 -9999.000 -9999.000 -9999.000 -9999.000 -9999.000 -9999.000 -9999.000 -9999.000 -9999.000 -9999.000 -9999.000 -9999.000 -9999.000 -9999.000 -9999.000 -9999.000 -9999.000 -9999.000 -9999.000 -9999.000
-9999.000 -9999.000 -9999.000 -9999.000 -9999.000 -9999.000 -9999.000 -9999.000 -9999.000 -9999.000 -9999.000 -9999.000 -9999.000 -9999.000 -9999.000 -9999.000 -9999.000 -9999.000 -9999.000 -9999.000 -9999.000 -9999.000 -9999.000 -9999.000 -9999.000 -9999.000 -9999.000 -9999.000 -9999.000 -9999.000 -9999.000 -9999.000 -9999.000 -9999.000 -9999.000 -9999.000 -9999.000 -9999.000 -9999.000 -9999.000 -9999.000 -9999.000 -9999.000 -9999.000 -9999.000 -9999.000 -9999.000 -9999.000 -9999.000 -9999.000 -9999.000 -9999.000 -9999.000 -9999.000 -9999.000 -9999.000 -9999.000 -9999.000 -9999.000
-9999.000 -9999.000 -9999.000 -9999.000 -9999.000 -9999.000 -9999.000 -9999.000 -9999.000 -9999.000 -9999.000 -9999.000 -9999.000 -9999.000 -9999.000 -9999.000 -9999.000 -9999.000 -9999.000 -9999.000 -9999.000 -9999.000 -9999.000 -9999.000 -9999.000 -9999.000 -9999.000 -9999.000 -9999.000 -9999.000 -9999.000 -9999.000 -9999.000 -9999.000 -9999.000 -9999.000 -9999.000 -9999.000 -9999.000 -9999.000 -9999.000 -9999.000 -9999.000 -9999.000 -9999.000 -9999.000 -9999.000 -9999.000 -9999.000 -9999.000 -9999.000 -9999.000 -9999.000 -9999.000 -9999.000 -9999.000 -9999.000 -9999.000 -9999.000
-9999.000 -9999.000 -9999.000 -9999.000 -9999.000 -9999.000 -9999.000 -9999.000 -9999.000 -9999.000 -9999.000 -9999.000 -9999.000 -9999.000 -9999.000 -9999.000 -9999.000 -9999.000 -9999.000 -9999.000 -9999.000 -9999.000 -9999.000 -9999.000 -9999.000 -9999.000 -9999.000 -9999.000 -9999.000 -9999.000 -9999.000 -9999.000 -9999.000 -9999.000 -9999.000 -9999.000 -9999.000 -9999.000 -9999.000 -9999.000 -9999.000 -9999.000 -9999.000 -9999.000 -9999.000 -9999.000 -9999.000 -9999.000 -9999.000 -9999.000 -9999.000 -9999.000 -9999.000 -9999.000 -9999.000 -9999.000 -9999.000 -9999.000 -9999.000
-9999.000 -9999.000 -9999.000 -9999.000 -9999.000 -9999.000 -9999.000 -9999.000 -9999.000 -9999.000 -9999.000 -9999.000 -9999.000 -9999.000 -9999.000 -9999.000 -9999.000 -9999.000 -9999.000 -9999.000 -9999.000 -9999.000 -9999.000 -9999.000 -9999.000 -9999.000 -9999.000 -9999.000 -9999.000 -9999.000 -9999.000 -9999.000 -9999.000 -9999.000 -9999.000 -9999.000 -9999.000 -9999.000 -9999.000 -9999.000 -9999.000 -9999.000 -9999.000 -9999.000 -9999.000 -9999.000 -9999.000 -9999.000 -9999.000 -9999.000 -9999.000 -9999.000 -9999.000 -9999.000 -9999.000 -9999.000 -9999.000 -9999.000 -9999.000
-9999.000 -9999.000 -9999.000 -9999.000 -9999.000 -9999.000 -9999.000 -9999.000 0.3742477E-01 0.4584019E-01 0.5086184E-01 -9999.000 -9999.000 -9999.000 -9999.000 -9999.000 -9999.000 -9999.000 -9999.000 -9999.000 -9999.000 -9999.000 -9999.000 -9999.000 -9999.000 -9999.000 -9999.000 -9999.000 -9999.000 -9999.000 -9999.000 -9999.000 -9999.000 -9999.000 -9999.000 -9999.000 -9999.000 -9999.000 -9999.000 -9999.000 -9999.000 -9999.000 -9999.000 -9999.000 -9999.000 -9999.000 -9999.000 -9999.000 -9999.000 -9999.000 -9999.000 -9999.000 -9999.000 -9999.000 -9999.000 -9999.000 -9999.000 -9999.000 -9999.000
-9999.000 -9999.000 -9999.000 -9999.000 -9999.000 -9999.000 -9999.000 0.3329666E-01 0.4998157E-01 0.6130062E-01 0.6419491E-01 0.7340667E-01 0.8825151E-01 0.9925958E-01 0.1075312 0.1171973 -9999.000 -9999.000 -9999.000 -9999.000 -9999.000 -9999.000 -9999.000 -9999.000 -9999.000 -9999.000 -9999.000 -9999.000 -9999.000 -9999.000 -9999.000 -9999.000 -9999.000 -9999.000 -9999.000 -9999.000 -9999.000 -9999.000 -9999.000 -9999.000 -9999.000 -9999.000 -9999.000 -9999.000 -9999.000 -9999.000 -9999.000 -9999.000 -9999.000 -9999.000 -9999.000 -9999.000 -9999.000 -9999.000 -9999.000 -9999.000 -9999.000 -9999.000 -9999.000
-9999.000 -9999.000 -9999.000 -9999.000 -9999.000 -9999.000 0.5149251E-01 0.7375677E-01 0.9484146E-01 0.1099327 0.1095548 0.1085481 0.1181855 0.1274281 0.1278314 0.1464353 0.1473868 0.1523404 0.1569805 0.1658254 0.1744367 -9999.000 -9999.000 -9999.000 -9999.000 -9999.000 -9999.000 -9999.000 -9999.000 -9999.000 -9999.000 -9999.000 -9999.000 -9999.000 -9999.000 -9999.000 -9999.000 -9999.000 -9999.000 -9999.000 -9999.000 -9999.000 -9999.000 -9999.000 -9999.000 -9999.000 -9999.000 -9999.000 -9999.000 -9999.000 -9999.000 -9999.000 -9999.000 -9999.000 -9999.000 -9999.000 -9999.000 -9999.000 -9999.000
-9999.000 0.1236498 0.1262147 0.1546612 0.1813341 0.2152736 0.2708640 0.3000735 0.2931069 0.2749922 0.2423676 0.2185158 0.2077560 0.2189107 0.2130362 0.2083790 0.2198975 0.2165023 0.2182579 0.2253153 0.2321209 0.2382615 0.2495452 0.2909067 0.3205804 0.3719413 0.3943683 0.3946325 0.3982057 0.4120214 0.4326568 0.4542116 0.4717419 0.4926146 0.5050756 0.4965147 0.4909220 0.4888574 0.4863372 0.4842984 0.4833831 0.4843440 0.4853204 0.4842152 0.4810149 0.4767130 0.4732416 0.4705062 0.4672463 0.4619705 0.4524220 0.4409142 0.4281129 0.4134949 0.3958290 0.3747387 0.3471584 0.3134511 0.2643837
0.2821287 0.3017278 0.3536966 0.3972335 0.4363708 0.4874642 0.5016832 0.4872010 0.4477430 0.4211339 0.3948462 0.3731124 0.3668224 0.3688118 0.3589434 0.3460145 0.3425259 0.3448471 0.3399413 0.3453085 0.3579762 0.3633546 0.3702191 0.3824549 0.4015456 0.4232866 0.4455882 0.4539362 0.4535984 0.4605530 0.4783536 0.4969380 0.5031994 0.5051743 0.5079856 0.5093976 0.5052197 0.5023219 0.5010299 0.4991387 0.4966917 0.4957119 0.4944417 0.4920971 0.4889655 0.4847795 0.4805157 0.4757696 0.4696066 0.4600280 0.4466236 0.4303728 0.4133025 0.3955238 0.3765838 0.3585774 0.3372089 0.3147345 0.3075473
0.5138217 0.5336943 0.5655700 0.5845132 0.5961557 0.5956568 0.5706812 0.5380776 0.5132148 0.5016734 0.4942257 0.4950319 0.4948369 0.4906554 0.4856450 0.4884195 0.4864908 0.4864879 0.4873142 0.5062966 0.5183079 0.5242452 0.5289616 0.5418117 0.5483459 0.5521506 0.5595997 0.5629226 0.5601600 0.5597407 0.5701789 0.5661525 0.5584428 0.5483616 0.5474478 0.5446474 0.5391650 0.5397825 0.5389728 0.5368790 0.5342851 0.5343360 0.5297388 0.5234400 0.5189142 0.5153284 0.5064263 0.4944739 0.4810327 0.4656456 0.4494078 0.4343996 0.4231605 0.4105376 0.4030993 0.4008364 0.3959170 0.3897681 0.3886359
0.6818170 0.6995290 0.6975390 0.6831205 0.6548915 0.6191948 0.5866267 0.5645079 0.5579490 0.5532466 0.5546944 0.5638598 0.5666403 0.5681511 0.5713007 0.5824784 0.5870291 0.5927005 0.5988573 0.6070080 0.6175662 0.6228551 0.6308998 0.6404487 0.6435004 0.6444837 0.6472297 0.6495129 0.6450589 0.6409856 0.6332802 0.6197917 0.6077076 0.6012306 0.5967765 0.5911007 0.5868416 0.5903433 0.5895189 0.5867267 0.5860667 0.5797710 0.5697442 0.5584390 0.5490854 0.5373306 0.5240989 0.5121659 0.5007182 0.4885090 0.4778384 0.4765283 0.4714202 0.4671590 0.4698853 0.4762788 0.4794165 0.4835932 0.4979952
0.7670931 0.7511078 0.7246677 0.6954586 0.6656634 0.6425118 0.6250800 0.6132407 0.6113458 0.6084522 0.6068103 0.6118104 0.6148205 0.6179861 0.6265907 0.6337203 0.6406681 0.6463584 0.6512826 0.6589922 0.6636826 0.6690195 0.6765868 0.6828051 0.6873433 0.6906404 0.6941120 0.6912062 0.6859676 0.6799510 0.6731715 0.6619140 0.6513279 0.6459847 0.6383167 0.6325807 0.6289604 0.6295329 0.6266559 0.6214081 0.6151294 0.6044936 0.5931541 0.5828317 0.5733023 0.5619431 0.5523129 0.5474367 0.5459067 0.5410819 0.5407948 0.5419323 0.5406579 0.5396591 0.5451787 0.5518339 0.5563898 0.5692855 0.5817307
0.8036343 0.7686874 0.7341401 0.7095929 0.6999194 0.6916381 0.6844719 0.6796376 0.6781883 0.6701666 0.6658670 0.6664549 0.6636236 0.6645632 0.6688650 0.6748398 0.6833057 0.6872757 0.6915250 0.6957939 0.6976752 0.7003139 0.7040556 0.7076940 0.7103519 0.7134471 0.7132962 0.7107389 0.7081506 0.7072837 0.7047033 0.6980952 0.6926820 0.6836703 0.6731616 0.6638782 0.6590900 0.6542616 0.6485021 0.6410173 0.6363382 0.6293696 0.6213509 0.6187483 0.6132989 0.6073047 0.6023412 0.6056790 0.6042534 0.6033061 0.6048551 0.6102493 0.6102889 0.6102931 0.6185428 0.6202640 0.6232730 0.6309354 0.6491035
0.8357332 0.8125581 0.7892894 0.7698049 0.7599360 0.7525544 0.7439983 0.7391573 0.7336712 0.7268453 0.7240364 0.7233885 0.7205047 0.7214386 0.7243006 0.7309363 0.7346095 0.7370185 0.7432876 0.7424302 0.7413158 0.7414424 0.7448486 0.7428734 0.7400449 0.7378585 0.7372267 0.7339071 0.7308746 0.7319314 0.7301680 0.7257652 0.7186345 0.7115890 0.7024213 0.6930952 0.6878383 0.6822072 0.6770984 0.6733666 0.6739143 0.6713593 0.6687735 0.6719131 0.6727227 0.6710154 0.6719666 0.6768589 0.6758013 0.6755233 0.6792072 0.6853354 0.6861141 0.6920084 0.6987821 0.6999528 0.7010194 0.7100974 0.7205010
0.8554005 0.8467730 0.8350331 0.8210720 0.8078457 0.7930404 0.7806681 0.7739706 0.7668198 0.7634497 0.7628016 0.7645006 0.7651786 0.7682472 0.7713308 0.7744612 0.7751381 0.7757947 0.7770407 0.7754764 0.7738107 0.7731120 0.7715627 0.7674964 0.7629705 0.7592736 0.7556279 0.7508436 0.7447030 0.7384675 0.7338829 0.7289179 0.7229819 0.7187360 0.7157734 0.7133552 0.7130326 0.7132128 0.7133704 0.7170806 0.7201649 0.7212595 0.7237899 0.7326945 0.7368315 0.7389811 0.7487458 0.7514369 0.7532217 0.7549609 0.7671255 0.7688043 0.7715440 0.7763063 0.7911253 0.7947177 0.7973253 0.8050276 0.8032108
0.8464274 0.8426757 0.8386564 0.8313747 0.8236317 0.8158924 0.8080769 0.8011461 0.7925178 0.7858352 0.7826736 0.7802878 0.7800027 0.7803392 0.7792398 0.7783553 0.7776344 0.7748668 0.7710429 0.7708343 0.7701178 0.7650719 0.7603076 0.7559222 0.7516035 0.7409295 0.7359307 0.7306265 0.7245644 0.7150714 0.7119293 0.7099665 0.7088429 0.7110046 0.7142184 0.7184456 0.7228317 0.7274745 0.7326810 0.7388547 0.7462253 0.7522242 0.7598393 0.7688629 0.7761072 0.7831501 0.7926245 0.8023296 0.8093952 0.8180306 0.8266053 0.8333300 0.8403914 0.8511461 0.8603444 0.8662290 0.8727100 0.8791263 0.8781438
0.8209758 0.8228563 0.8244881 0.8242786 0.8237899 0.8243728 0.8228031 0.8195386 0.8127306 0.8042425 0.7955935 0.7857065 0.7768927 0.7685588 0.7602708 0.7547601 0.7498236 0.7433343 0.7377610 0.7340302 0.7291717 0.7207790 0.7131504 0.7086499 0.7014549 0.6932470 0.6897481 0.6868686 0.6817698 0.6811816 0.6836109 0.6862505 0.6891432 0.6942850 0.7001290 0.7049462 0.7109955 0.7171625 0.7239916 0.7300700 0.7386704 0.7478343 0.7565016 0.7680277 0.7805324 0.7937997 0.8047445 0.8170451 0.8289575 0.8401698 0.8513168 0.8618473 0.8717962 0.8815866 0.8894244 0.8964412 0.9037575 0.9116306 0.9154716
0.8019476 0.8055981 0.8098821 0.8134342 0.8173549 0.8215783 0.8237704 0.8239261 0.8232383 0.8186351 0.8110731 0.7992142 0.7837045 0.7667679 0.7483804 0.7322500 0.7201082 0.7073254 0.6962232 0.6857995 0.6775004 0.6670484 0.6621300 0.6578594 0.6537617 0.6483303 0.6488738 0.6500827 0.6508636 0.6552742 0.6603790 0.6646772 0.6685334 0.6742737 0.6796199 0.6849262 0.6916209 0.6981881 0.7040860 0.7104164 0.7192083 0.7294425 0.7401779 0.7519058 0.7652015 0.7772492 0.7901926 0.8044681 0.8193381 0.8318521 0.8450482 0.8581262 0.8696172 0.8792498 0.8892565 0.8983151 0.9066004 0.9145601 0.9210051
0.8016166 0.8054048 0.8102565 0.8154388 0.8190983 0.8225256 0.8249994 0.8264886 0.8273029 0.8263318 0.8221866 0.8143366 0.8037208 0.7885635 0.7668250 0.7421649 0.7173036 0.6953839 0.6761377 0.6605083 0.6490700 0.6405001 0.6350747 0.6320670 0.6297606 0.6295438 0.6316366 0.6349688 0.6378982 0.6412523 0.6463634 0.6508064 0.6560828 0.6617476 0.6682148 0.6742281 0.6808768 0.6876070 0.6965836 0.7041336 0.7119847 0.7208678 0.7300066 0.7388626 0.7484711 0.7583299 0.7702930 0.7830926 0.7965815 0.8086811 0.8228827 0.8366744 0.8493435 0.8606249 0.8731068 0.8837899 0.8933122 0.9029385 0.9111324
0.8183470 0.8214626 0.8251254 0.8296858 0.8320770 0.8340882 0.8369782 0.8379270 0.8373913 0.8354161 0.8303464 0.8222828 0.8135394 0.8034646 0.7892019 0.7702775 0.7472250 0.7277944 0.7054770 0.6853574 0.6728069 0.6600966 0.6500468 0.6449276 0.6431218 0.6412493 0.6409962 0.6425712 0.6452347 0.6478724 0.6525875 0.6580704 0.6634069 0.6691209 0.6768363 0.6850454 0.6921355 0.7001260 0.7086025 0.7150276 0.7211288 0.7281448 0.7346699 0.7410558 0.7481019 0.7569717 0.7662699 0.7758550 0.7850964 0.7946735 0.8058747 0.8174322 0.8283294 0.8410256 0.8538763 0.8662833 0.8760677 0.8862562 0.8960196
0.8341315 0.8359070 0.8387652 0.8417103 0.8430172 0.8439985 0.8440950 0.8440196 0.8425740 0.8383237 0.8324473 0.8261706 0.8196181 0.8139690 0.8079431 0.8004016 0.7936371 0.7835858 0.7683018 0.7511527 0.7391159 0.7228596 0.7050711 0.6964015 0.6875630 0.6802746 0.6756439 0.6762125 0.6751545 0.6744719 0.6753375 0.6821631 0.6873083 0.6922223 0.7012435 0.7083737 0.7153671 0.7219857 0.7312641 0.7371856 0.7425930 0.7510705 0.7564226 0.7624440 0.7687245 0.7774737 0.7822312 0.7876007 0.7941048 0.8012215 0.8082748 0.8164312 0.8261227 0.8365640 0.8475087 0.8587079 0.8692428 0.8794554 0.8891048
0.8333262 0.8352096 0.8327098 0.8328589 0.8337103 0.8342876 0.8302213 0.8285101 0.8265943 0.8217342 0.8213924 0.8220578 0.8221479 0.8231066 0.8229646 0.8224325 0.8225120 0.8223420 0.8178428 0.8112598 0.8088376 0.7956713 0.7785311 0.7621329 0.7494189 0.7343873 0.7255810 0.7224181 0.7179554 0.7148011 0.7145250 0.7168110 0.7180389 0.7207639 0.7280522 0.7337692 0.7401632 0.7480052 0.7558161 0.7624158 0.7685954 0.7779919 0.7847147 0.7904605 0.7979733 0.8035392 0.8058571 0.8082038 0.8131472 0.8179043 0.8223562 0.8280718 0.8337986 0.8399630 0.8474614 0.8553405 0.8636138 0.8719468 0.8801699
0.7892920 0.7891069 0.7845727 0.7862841 0.7879510 0.7856487 0.7826788 0.7851065 0.7878993 0.7866164 0.7932143 0.8014488 0.8070554 0.8134547 0.8206586 0.8271618 0.8326100 0.8376656 0.8405042 0.8434844 0.8450641 0.8424808 0.8345412 0.8238246 0.8084980 0.7900957 0.7755128 0.7626288 0.7525791 0.7467493 0.7453212 0.7433479 0.7426796 0.7434214 0.7476843 0.7515909 0.7568680 0.7644661 0.7713904 0.7786732 0.7858610 0.7949190 0.8018076 0.8072322 0.8130843 0.8196814 0.8237180 0.8258619 0.8278148 0.8303063 0.8328509 0.8343752 0.8355471 0.8377975 0.8404830 0.8435239 0.8482984 0.8536484 0.8574619
0.7048805 0.7037795 0.7036259 0.7077982 0.7116250 0.7055356 0.7099385 0.7157735 0.7226324 0.7232418 0.7342490 0.7457393 0.7523085 0.7663656 0.7805645 0.7933486 0.8026136 0.8138522 0.8227586 0.8280795 0.8304827 0.8369177 0.8401778 0.8394403 0.8350834 0.8246982 0.8095385 0.7912155 0.7712975 0.7568213 0.7485070 0.7457668 0.7460877 0.7473980 0.7491825 0.7522982 0.7567414 0.7614475 0.7673067 0.7734246 0.7787236 0.7843944 0.7901624 0.7959959 0.7978351 0.8033734 0.8094216 0.8108050 0.8128843 0.8155967 0.8173300 0.8133381 0.8136105 0.8141047 0.8125217 0.8114308 0.8136558 0.8165625 0.8153146
