simulation_files/asc/Depth____133.0.asc
NCOLS        79
NROWS        79
XLLCENTER         -1.500000
YLLCENTER         -4.800000
CELLSIZE           0.100
NODATA_VALUE     -9999.0
[rows 0 to 25 of 79, columns 0 to 58 of 79]
-9999.000 -9999.000 -9999.000 -9999.000 -9999.000 -9999.000 -9999.000 -9999.000 -9999.000 -9999.000 -9999.000 -9999.000 -9999.000 -9999.000 -9999.000 0.5060853 0.5062830 0.5062578 0.5061786 0.5060589 0.5059088 0.5057384 0.5055565 0.5053704 0.5051853 0.5049995 0.5047949 0.5045287 0.5041173 0.5041073 0.5041073 -9999.000 -9999.000 -9999.000 -9999.000 -9999.000 -9999.000 -9999.000 -9999.000 -9999.000 -9999.000 -9999.000 -9999.000 -9999.000 -9999.000 -9999.000 -9999.000 -9999.000 -9999.000 -9999.000 -9999.000 -9999.000 -9999.000 -9999.000 -9999.000 -9999.000 -9999.000 -9999.000 -9999.000
-9999.000 -9999.000 -9999.000 -9999.000 -9999.000 -9999.000 -9999.000 -9999.000 -9999.000 -9999.000 -9999.000 -9999.000 -9999.000 -9999.000 -9999.000 0.5079117 0.5081080 0.5080818 0.5080118 0.5079096 0.5077837 0.5076421 0.5074928 0.5073416 0.5071939 0.5070484 0.5068900 0.5066803 0.5063403 0.5063828 0.5063828 -9999.000 -9999.000 -9999.000 -9999.000 -9999.000 -9999.000 -9999.000 -9999.000 -9999.000 -9999.000 -9999.000 -9999.000 -9999.000 -9999.000 -9999.000 -9999.000 -9999.000 -9999.000 -9999.000 -9999.000 -9999.000 -9999.000 -9999.000 -9999.000 -9999.000 -9999.000 -9999.000 -9999.000
-9999.000 -9999.000 -9999.000 -9999.000 -9999.000 -9999.000 -9999.000 -9999.000 -9999.000 -9999.000 -9999.000 -9999.000 -9999.000 -9999.000 -9999.000 0.5098717 0.5100948 0.5100730 0.5100076 0.5099108 0.5097911 0.5096571 0.5095167 0.5093753 0.5092378 0.5091019 0.5089500 0.5087398 0.5083853 0.5084223 0.5084223 -9999.000 -9999.000 -9999.000 -9999.000 -9999.000 -9999.000 -9999.000 -9999.000 -9999.000 -9999.000 -9999.000 -9999.000 -9999.000 -9999.000 -9999.000 -9999.000 -9999.000 -9999.000 -9999.000 -9999.000 -9999.000 -9999.000 -9999.000 -9999.000 -9999.000 -9999.000 -9999.000 -9999.000
-9999.000 -9999.000 -9999.000 -9999.000 -9999.000 -9999.000 -9999.000 -9999.000 -9999.000 -9999.000 -9999.000 -9999.000 -9999.000 -9999.000 -9999.000 0.5118665 0.5121083 0.5120886 0.5120249 0.5119296 0.5118116 0.5116795 0.5115411 0.5114023 0.5112672 0.5111333 0.5109805 0.5107633 0.5103873 0.5104034 0.5104034 -9999.000 -9999.000 -9999.000 -9999.000 -9999.000 -9999.000 -9999.000 -9999.000 -9999.000 -9999.000 -9999.000 -9999.000 -9999.000 -9999.000 -9999.000 -9999.000 -9999.000 -9999.000 -9999.000 -9999.000 -9999.000 -9999.000 -9999.000 -9999.000 -9999.000 -9999.000 -9999.000 -9999.000
-9999.000 -9999.000 -9999.000 -9999.000 -9999.000 -9999.000 -9999.000 -9999.000 -9999.000 -9999.000 -9999.000 -9999.000 -9999.000 -9999.000 -9999.000 0.5138811 0.5141365 0.5141172 0.5140533 0.5139570 0.5138374 0.5137035 0.5135633 0.5134228 0.5132858 0.5131496 0.5129919 0.5127630 0.5123591 0.5123404 0.5123404 -9999.000 -9999.000 -9999.000 -9999.000 -9999.000 -9999.000 -9999.000 -9999.000 -9999.000 -9999.000 -9999.000 -9999.000 -9999.000 -9999.000 -9999.000 -9999.000 -9999.000 -9999.000 -9999.000 -9999.000 -9999.000 -9999.000 -9999.000 -9999.000 -9999.000 -9999.000 -9999.000 -9999.000
-9999.000 -9999.000 -9999.000 -9999.000 -9999.000 -9999.000 -9999.000 -9999.000 -9999.000 -9999.000 -9999.000 -9999.000 -9999.000 -9999.000 -9999.000 0.5159059 0.5161719 0.5161521 0.5160868 0.5159878 0.5158647 0.5157267 0.5155823 0.5154374 0.5152959 0.5151547 0.5149893 0.5147451 0.5143065 0.5142379 0.5142379 -9999.000 -9999.000 -9999.000 -9999.000 -9999.000 -9999.000 -9999.000 -9999.000 -9999.000 -9999.000 -9999.000 -9999.000 -9999.000 -9999.000 -9999.000 -9999.000 -9999.000 -9999.000 -9999.000 -9999.000 -9999.000 -9999.000 -9999.000 -9999.000 -9999.000 -9999.000 -9999.000 -9999.000
-9999.000 -9999.000 -9999.000 -9999.000 -9999.000 -9999.000 -9999.000 -9999.000 -9999.000 -9999.000 -9999.000 -9999.000 -9999.000 -9999.000 -9999.000 0.5179349 0.5182095 0.5181884 0.5181210 0.5180185 0.5178909 0.5177476 0.5175973 0.5174463 0.5172986 0.5171506 0.5169749 0.5167118 0.5162312 0.5160943 0.5160943 -9999.000 -9999.000 -9999.000 -9999.000 -9999.000 -9999.000 -9999.000 -9999.000 -9999.000 -9999.000 -9999.000 -9999.000 -9999.000 -9999.000 -9999.000 -9999.000 -9999.000 -9999.000 -9999.000 -9999.000 -9999.000 -9999.000 -9999.000 -9999.000 -9999.000 -9999.000 -9999.000 -9999.000
-9999.000 -9999.000 -9999.000 -9999.000 -9999.000 -9999.000 -9999.000 -9999.000 -9999.000 -9999.000 -9999.000 -9999.000 -9999.000 -9999.000 -9999.000 0.5199634 0.5202454 0.5202225 0.5201528 0.5200466 0.5199139 0.5197645 0.5196077 0.5194497 0.5192944 0.5191381 0.5189498 0.5186635 0.5181319 0.5179023 0.5179023 -9999.000 -9999.000 -9999.000 -9999.000 -9999.000 -9999.000 -9999.000 -9999.000 -9999.000 -9999.000 -9999.000 -9999.000 -9999.000 -9999.000 -9999.000 -9999.000 -9999.000 -9999.000 -9999.000 -9999.000 -9999.000 -9999.000 -9999.000 -9999.000 -9999.000 -9999.000 -9999.000 -9999.000
-9999.000 -9999.000 -9999.000 -9999.000 -9999.000 -9999.000 -9999.000 -9999.000 -9999.000 -9999.000 -9999.000 -9999.000 -9999.000 -9999.000 -9999.000 0.5219874 0.5222759 0.5222509 0.5221788 0.5220689 0.5219311 0.5217757 0.5216119 0.5214462 0.5212826 0.5211166 0.5209134 0.5205992 0.5200052 0.5196491 0.5196491 -9999.000 -9999.000 -9999.000 -9999.000 -9999.000 -9999.000 -9999.000 -9999.000 -9999.000 -9999.000 -9999.000 -9999.000 -9999.000 -9999.000 -9999.000 -9999.000 -9999.000 -9999.000 -9999.000 -9999.000 -9999.000 -9999.000 -9999.000 -9999.000 -9999.000 -9999.000 -9999.000 -9999.000
-9999.000 -9999.000 -9999.000 -9999.000 -9999.000 -9999.000 -9999.000 -9999.000 -9999.000 -9999.000 -9999.000 -9999.000 -9999.000 -9999.000 -9999.000 0.5240028 0.5242973 0.5242696 0.5241951 0.5240816 0.5239390 0.5237778 0.5236073 0.5234340 0.5232614 0.5230848 0.5228640 0.5225161 0.5218458 0.5213142 0.5213142 -9999.000 -9999.000 -9999.000 -9999.000 -9999.000 -9999.000 -9999.000 -9999.000 -9999.000 -9999.000 -9999.000 -9999.000 -9999.000 -9999.000 -9999.000 -9999.000 -9999.000 -9999.000 -9999.000 -9999.000 -9999.000 -9999.000 -9999.000 -9999.000 -9999.000 -9999.000 -9999.000 -9999.000
-9999.000 -9999.000 -9999.000 -9999.000 -9999.000 -9999.000 -9999.000 -9999.000 -9999.000 -9999.000 -9999.000 -9999.000 -9999.000 -9999.000 -9999.000 0.5260056 0.5263056 0.5262744 0.5261971 0.5260798 0.5259327 0.5257661 0.5255893 0.5254087 0.5252272 0.5250393 0.5247980 0.5244092 0.5236444 0.5228647 0.5228647 -9999.000 -9999.000 -9999.000 -9999.000 -9999.000 -9999.000 -9999.000 -9999.000 -9999.000 -9999.000 -9999.000 -9999.000 -9999.000 -9999.000 -9999.000 -9999.000 -9999.000 -9999.000 -9999.000 -9999.000 -9999.000 -9999.000 -9999.000 -9999.000 -9999.000 -9999.000 -9999.000 -9999.000
-9999.000 -9999.000 -9999.000 -9999.000 -9999.000 -9999.000 -9999.000 -9999.000 -9999.000 -9999.000 -9999.000 -9999.000 -9999.000 -9999.000 -9999.000 0.5279915 0.5282969 0.5282606 0.5281796 0.5280579 0.5279058 0.5277339 0.5275514 0.5273641 0.5271738 0.5269740 0.5267088 0.5262700 0.5253870 0.5242467 0.5242467 -9999.000 -9999.000 -9999.000 -9999.000 -9999.000 -9999.000 -9999.000 -9999.000 -9999.000 -9999.000 -9999.000 -9999.000 -9999.000 -9999.000 -9999.000 -9999.000 -9999.000 -9999.000 -9999.000 -9999.000 -9999.000 -9999.000 -9999.000 -9999.000 -9999.000 -9999.000 -9999.000 -9999.000
-9999.000 -9999.000 -9999.000 -9999.000 -9999.000 -9999.000 -9999.000 -9999.000 -9999.000 -9999.000 -9999.000 -9999.000 -9999.000 -9999.000 -9999.000 0.5299560 0.5302672 0.5302236 0.5301369 0.5300090 0.5298507 0.5296728 0.5294842 0.5292901 0.5290908 0.5288782 0.5285845 0.5280833 0.5270493 0.5253672 0.5253672 -9999.000 -9999.000 -9999.000 -9999.000 -9999.000 -9999.000 -9999.000 -9999.000 -9999.000 -9999.000 -9999.000 -9999.000 -9999.000 -9999.000 -9999.000 -9999.000 -9999.000 -9999.000 -9999.000 -9999.000 -9999.000 -9999.000 -9999.000 -9999.000 -9999.000 -9999.000 -9999.000 -9999.000
-9999.000 -9999.000 -9999.000 -9999.000 -9999.000 -9999.000 -9999.000 -9999.000 -9999.000 -9999.000 -9999.000 -9999.000 -9999.000 -9999.000 -9999.000 0.5318822 0.5322046 0.5321528 0.5320593 0.5319241 0.5317582 0.5315728 0.5313767 0.5311744 0.5309640 0.5307354 0.5304052 0.5298226 0.5285897 0.5260604 0.5260604 -9999.000 -9999.000 -9999.000 -9999.000 -9999.000 -9999.000 -9999.000 -9999.000 -9999.000 -9999.000 -9999.000 -9999.000 -9999.000 -9999.000 -9999.000 -9999.000 -9999.000 -9999.000 -9999.000 -9999.000 -9999.000 -9999.000 -9999.000 -9999.000 -9999.000 -9999.000 -9999.000 -9999.000
-9999.000 -9999.000 -9999.000 -9999.000 -9999.000 -9999.000 -9999.000 -9999.000 -9999.000 -9999.000 -9999.000 -9999.000 -9999.000 -9999.000 -9999.000 0.5321656 0.5334670 0.5337659 0.5339211 0.5339509 0.5338838 0.5337471 0.5335652 0.5333551 0.5331235 0.5328649 0.5324716 0.5317422 0.5301326 0.5255735 0.5255735 -9999.000 -9999.000 -9999.000 -9999.000 -9999.000 -9999.000 -9999.000 -9999.000 -9999.000 -9999.000 -9999.000 -9999.000 -9999.000 -9999.000 -9999.000 -9999.000 -9999.000 -9999.000 -9999.000 -9999.000 -9999.000 -9999.000 -9999.000 -9999.000 -9999.000 -9999.000 -9999.000 -9999.000
0.5701746 0.5701746 0.5574348 0.5430204 0.5393370 0.5393370 0.5362468 0.5310618 0.5310618 0.5266950 0.5266950 0.5228816 0.5211356 0.5194798 0.5179029 0.5179029 0.5386565 0.5389349 0.5392188 0.5397857 0.5407032 0.5419281 0.5433634 0.5448646 0.5462082 0.5470234 0.5464395 0.5429140 0.5328158 0.5018934 0.5018934 0.3292856 0.3055751 0.2979658 0.2961361 0.2961361 0.2956914 0.2956914 0.3094177 0.3094177 0.3252403 0.4059588 0.4059588 0.4407447 0.4407447 0.4482804 0.4482804 0.4482804 0.4414837 0.4414837 0.4325241 0.4325241 0.4230326 0.4230326 0.4140754 0.4140754 0.4063812 0.4063812 0.4063812
0.5687332 0.5687332 0.5552420 0.5422451 0.5385561 0.5385561 0.5354625 0.5302821 0.5302821 0.5259281 0.5259281 0.5221282 0.5203889 0.5187393 0.5171685 0.5171685 0.5335609 0.5339788 0.5326370 0.5309373 0.5295435 0.5287321 0.5285849 0.5290743 0.5302192 0.5320565 0.5331082 0.5324513 0.5272956 0.5090730 0.5090730 0.3879457 0.3464892 0.3112386 0.3031586 0.3031586 0.2982241 0.2982241 0.3102179 0.3102179 0.3241282 0.3873412 0.3873412 0.4388823 0.4388823 0.4494027 0.4494027 0.4494027 0.4420060 0.4420060 0.4327984 0.4327984 0.4232029 0.4232029 0.4141795 0.4141795 0.4064059 0.4064059 0.4064059
0.5679289 0.5679289 0.5542752 0.5422600 0.5385673 0.5385673 0.5354595 0.5302589 0.5302589 0.5258974 0.5258974 0.5220943 0.5203536 0.5187023 0.5171296 0.5171296 0.5298162 0.5301884 0.5276375 0.5241293 0.5207708 0.5180702 0.5162267 0.5152823 0.5152479 0.5160925 0.5169260 0.5169147 0.5139880 0.5021071 0.5021071 0.4164328 0.3736362 0.3263685 0.3141472 0.3141472 0.3066578 0.3066578 0.3197155 0.3197155 0.3328095 0.3799850 0.3799850 0.4315732 0.4315732 0.4491222 0.4491222 0.4491222 0.4423680 0.4423680 0.4330016 0.4330016 0.4232621 0.4232621 0.4141952 0.4141952 0.4064848 0.4064848 0.4064848
0.5672846 0.5672846 0.5535157 0.5422778 0.5385988 0.5385988 0.5354804 0.5302601 0.5302601 0.5258942 0.5258942 0.5220928 0.5203531 0.5187022 0.5171298 0.5171298 0.5259832 0.5258185 0.5222139 0.5172208 0.5122162 0.5078941 0.5045547 0.5022912 0.5011252 0.5010284 0.5013806 0.5013987 0.4993574 0.4904718 0.4904718 0.4326822 0.3926072 0.3424825 0.3291821 0.3291821 0.3232634 0.3232634 0.3380631 0.3380631 0.3492698 0.3805657 0.3805657 0.4217246 0.4217246 0.4454621 0.4454621 0.4454621 0.4407930 0.4407930 0.4319939 0.4319939 0.4224544 0.4224544 0.4136041 0.4136041 0.4061694 0.4061694 0.4061694
0.5667924 0.5667924 0.5529402 0.5422866 0.5386298 0.5386298 0.5355033 0.5302624 0.5302624 0.5258917 0.5258917 0.5220920 0.5203530 0.5187028 0.5171309 0.5171309 0.5219908 0.5206022 0.5158103 0.5094575 0.5029820 0.4971927 0.4924809 0.4889980 0.4867847 0.4858147 0.4856507 0.4855973 0.4842204 0.4777852 0.4777852 0.4386151 0.4041070 0.3585088 0.3480517 0.3480517 0.3486898 0.3486898 0.3632789 0.3632789 0.3704931 0.3861538 0.3861538 0.4120091 0.4120091 0.4379684 0.4379684 0.4379684 0.4367318 0.4367318 0.4296014 0.4296014 0.4208860 0.4208860 0.4126065 0.4126065 0.4056976 0.4056976 0.4056976
0.5664456 0.5664456 0.5525372 0.5422891 0.5386550 0.5386550 0.5355234 0.5302649 0.5302649 0.5258895 0.5258895 0.5220911 0.5203530 0.5187033 0.5171319 0.5171319 0.5177900 0.5145118 0.5082508 0.5005468 0.4927177 0.4855855 0.4795949 0.4749524 0.4717310 0.4699208 0.4692193 0.4690419 0.4682049 0.4638313 0.4638313 0.4375415 0.4100800 0.3763369 0.3727862 0.3727862 0.3816410 0.3816410 0.3908193 0.3908193 0.3923036 0.3941040 0.3941040 0.4051228 0.4051228 0.4279333 0.4279333 0.4279333 0.4302270 0.4302270 0.4256523 0.4256523 0.4184712 0.4184712 0.4112225 0.4112225 0.4051605 0.4051605 0.4051605
0.5662398 0.5662398 0.5522985 0.5422888 0.5386714 0.5386714 0.5355369 0.5302666 0.5302666 0.5258880 0.5258880 0.5220906 0.5203530 0.5187037 0.5171324 0.5171324 0.5131765 0.5074350 0.4993665 0.4902383 0.4811350 0.4727892 0.4656404 0.4599232 0.4557418 0.4531129 0.4518409 0.4514656 0.4510394 0.4484335 0.4484335 0.4317247 0.4129739 0.4002141 0.4059586 0.4059586 0.4176980 0.4176980 0.4159174 0.4159174 0.4115466 0.4026767 0.4026767 0.4019607 0.4019607 0.4173654 0.4173654 0.4173654 0.4219218 0.4219218 0.4201697 0.4201697 0.4151252 0.4151252 0.4094231 0.4094231 0.4045800 0.4045800 0.4045800
0.5661714 0.5661714 0.5522195 0.5422883 0.5386770 0.5386770 0.5355418 0.5302674 0.5302674 0.5258875 0.5258875 0.5220904 0.5203530 0.5187039 0.5171326 0.5171326 0.5077986 0.4991173 0.4889150 0.4782464 0.4679174 0.4584931 0.4503425 0.4436871 0.4386435 0.4352519 0.4334009 0.4327556 0.4326103 0.4316161 0.4316161 0.4231740 0.4166787 0.4345634 0.4466672 0.4466672 0.4504010 0.4504010 0.4360673 0.4360673 0.4271855 0.4110476 0.4110476 0.4019784 0.4019784 0.4080003 0.4080003 0.4080003 0.4128444 0.4128444 0.4134549 0.4134549 0.4108651 0.4108651 0.4071825 0.4071825 0.4039467 0.4039467 0.4039467
0.5662397 0.5662397 0.5522986 0.5422888 0.5386714 0.5386714 0.5355369 0.5302667 0.5302667 0.5258879 0.5258879 0.5220905 0.5203530 0.5187038 0.5171323 0.5171323 0.5011430 0.4891235 0.4765221 0.4642050 0.4526923 0.4423342 0.4333731 0.4259709 0.4202268 0.4161892 0.4138063 0.4128595 0.4129188 0.4137502 0.4137502 0.4149545 0.4282385 0.4786904 0.4876911 0.4876911 0.4753051 0.4753051 0.4513789 0.4513789 0.4396630 0.4188699 0.4188699 0.4040910 0.4040910 0.4007821 0.4007821 0.4007821 0.4040693 0.4040693 0.4060649 0.4060649 0.4058692 0.4058692 0.4045339 0.4045339 0.4032510 0.4032510 0.4032510
0.5664456 0.5664456 0.5525373 0.5422891 0.5386550 0.5386550 0.5355233 0.5302649 0.5302649 0.5258894 0.5258894 0.5220912 0.5203531 0.5187035 0.5171318 0.5171318 0.4924740 0.4767788 0.4616137 0.4476083 0.4349931 0.4238783 0.4143394 0.4064375 0.4002216 0.3957254 0.3929305 0.3917230 0.3920816 0.3960781 0.3960781 0.4136588 0.4578534 0.5226740 0.5196068 0.5196068 0.4924445 0.4924445 0.4630624 0.4630624 0.4497315 0.4259201 0.4259201 0.4072553 0.4072553 0.3958702 0.3958702 0.3958702 0.3964242 0.3964242 0.3986909 0.3986909 0.4004895 0.4004895 0.4016055 0.4016055 0.4025047 0.4025047 0.4025047
0.5667923 0.5667923 0.5529404 0.5422866 0.5386297 0.5386297 0.5355033 0.5302626 0.5302626 0.5258917 0.5258917 0.5220920 0.5203531 0.5187029 0.5171310 0.5171310 0.4806942 0.4610594 0.4433181 0.4277274 0.4141974 0.4025807 0.3927616 0.3846717 0.3782820 0.3735891 0.3705823 0.3692620 0.3705320 0.3825887 0.3825887 0.4323238 0.5111588 0.5534949 0.5400848 0.5400848 0.5041992 0.5041992 0.4720792 0.4720792 0.4578397 0.4319640 0.4319640 0.4106607 0.4106607 0.3929180 0.3929180 0.3929180 0.3903523 0.3903523 0.3919988 0.3919988 0.3952065 0.3952065 0.3986301 0.3986301 0.4017554 0.4017554 0.4017554
