simulation_files/asc/Depth____68.0.asc
NCOLS       411
NROWS       131
XLLCENTER    2538020.000000
YLLCENTER    1152390.000000
CELLSIZE           1.000
NODATA_VALUE     -9999.0
[rows 0 to 25 of 131, columns 300 to 359 of 411]
-9999.000 -9999.000 -9999.000 -9999.000 -9999.000 -9999.000 -9999.000 -9999.000 -9999.000 -9999.000 -9999.000 -9999.000 -9999.000 -9999.000 -9999.000 -9999.000 -9999.000 -9999.000 -9999.000 -9999.000 -9999.000 -9999.000 -9999.000 -9999.000 -9999.000 -9999.000 -9999.000 -9999.000 -9999.000 -9999.000 -9999.000 -9999.000 -9999.000 -9999.000 -9999.000 -9999.000 -9999.000 -9999.000 -9999.000 -9999.000 -9999.000 -9999.000 -9999.000 -9999.000 -9999.000 -9999.000 -9999.000 -9999.000 -9999.000 -9999.000 -9999.000 -9999.000 -9999.000 -9999.000 -9999.000 -9999.000 -9999.000 -9999.000 -9999.000 -9999.000
-9999.000 -9999.000 -9999.000 -9999.000 -9999.000 -9999.000 -9999.000 -9999.000 -9999.000 -9999.000 -9999.000 -9999.000 -9999.000 -9999.000 -9999.000 -9999.000 -9999.000 -9999.000 -9999.000 -9999.000 -9999.000 -9999.000 -9999.000 -9999.000 -9999.000 -9999.000 -9999.000 -9999.000 -9999.000 -9999.000 -9999.000 -9999.000 -9999.000 -9999.000 -9999.000 -9999.000 -9999.000 -9999.000 -9999.000 -9999.000 -9999.000 -9999.000 -9999.000 -9999.000 -9999.000 -9999.000 -9999.000 -9999.000 -9999.000 -9999.000 -9999.000 -9999.000 -9999.000 -9999.000 -9999.000 -9999.000 -9999.000 -9999.000 -9999.000 -9999.000
-9999.000 -9999.000 -9999.000 -9999.000 -9999.000 -9999.000 -9999.000 -9999.000 -9999.000 -9999.000 -9999.000 -9999.000 -9999.000 -9999.000 -9999.000 -9999.000 -9999.000 -9999.000 -9999.000 -9999.000 -9999.000 -9999.000 -9999.000 -9999.000 -9999.000 -9999.000 -9999.000 -9999.000 -9999.000 -9999.000 -9999.000 -9999.000 -9999.000 -9999.000 -9999.000 -9999.000 -9999.000 -9999.000 -9999.000 -9999.000 -9999.000 -9999.000 -9999.000 -9999.000 -9999.000 -9999.000 -9999.000 -9999.000 -9999.000 -9999.000 -9999.000 -9999.000 -9999.000 -9999.000 -9999.000 -9999.000 -9999.000 -9999.000 -9999.000 -9999.000
-9999.000 -9999.000 -9999.000 -9999.000 -9999.000 -9999.000 -9999.000 -9999.000 -9999.000 -9999.000 -9999.000 -9999.000 -9999.000 -9999.000 -9999.000 -9999.000 -9999.000 -9999.000 -9999.000 -9999.000 -9999.000 -9999.000 -9999.000 -9999.000 -9999.000 -9999.000 -9999.000 -9999.000 -9999.000 -9999.000 -9999.000 -9999.000 -9999.000 -9999.000 -9999.000 -9999.000 -9999.000 -9999.000 -9999.000 -9999.000 -9999.000 -9999.000 -9999.000 -9999.000 -9999.000 -9999.000 -9999.000 -9999.000 -9999.000 -9999.000 -9999.000 -9999.000 -9999.000 -9999.000 -9999.000 -9999.000 -9999.000 -9999.000 -9999.000 -9999.000
-9999.000 -9999.000 -9999.000 -9999.000 -9999.000 -9999.000 -9999.000 -9999.000 -9999.000 -9999.000 -9999.000 -9999.000 -9999.000 -9999.000 -9999.000 -9999.000 -9999.000 -9999.000 -9999.000 -9999.000 -9999.000 -9999.000 -9999.000 -9999.000 -9999.000 -9999.000 -9999.000 -9999.000 -9999.000 -9999.000 -9999.000 -9999.000 -9999.000 -9999.000 -9999.000 -9999.000 -9999.000 -9999.000 -9999.000 -9999.000 -9999.000 -9999.000 -9999.000 -9999.000 -9999.000 -9999.000 -9999.000 -9999.000 -9999.000 -9999.000 -9999.000 -9999.000 -9999.000 -9999.000 -9999.000 -9999.000 -9999.000 -9999.000 -9999.000 -9999.000
-9999.000 -9999.000 -9999.000 -9999.000 -9999.000 -9999.000 -9999.000 -9999.000 -9999.000 -9999.000 -9999.000 -9999.000 -9999.000 -9999.000 -9999.000 -9999.000 -9999.000 -9999.000 -9999.000 -9999.000 -9999.000 -9999.000 -9999.000 -9999.000 -9999.000 -9999.000 -9999.000 -9999.000 -9999.000 -9999.000 -9999.000 -9999.000 -9999.000 -9999.000 -9999.000 -9999.000 -9999.000 -9999.000 -9999.000 -9999.000 -9999.000 -9999.000 -9999.000 -9999.000 -9999.000 -9999.000 -9999.000 -9999.000 -9999.000 -9999.000 -9999.000 -9999.000 -9999.000 -9999.000 -9999.000 -9999.000 -9999.000 -9999.000 -9999.000 -9999.000
-9999.000 -9999.000 -9999.000 -9999.000 -9999.000 -9999.000 -9999.000 -9999.000 -9999.000 -9999.000 -9999.000 -9999.000 -9999.000 -9999.000 -9999.000 -9999.000 -9999.000 -9999.000 -9999.000 -9999.000 -9999.000 -9999.000 -9999.000 -9999.000 -9999.000 -9999.000 -9999.000 -9999.000 -9999.000 -9999.000 -9999.000 -9999.000 -9999.000 -9999.000 -9999.000 -9999.000 -9999.000 -9999.000 -9999.000 -9999.000 -9999.000 -9999.000 -9999.000 -9999.000 -9999.000 -9999.000 -9999.000 -9999.000 -9999.000 -9999.000 -9999.000 -9999.000 -9999.000 -9999.000 -9999.000 -9999.000 -9999.000 -9999.000 -9999.000 -9999.000
-9999.000 -9999.000 -9999.000 -9999.000 -9999.000 -9999.000 -9999.000 -9999.000 -9999.000 -9999.000 -9999.000 -9999.000 -9999.000 -9999.000 -9999.000 -9999.000 -9999.000 -9999.000 -9999.000 -9999.000 -9999.000 -9999.000 -9999.000 -9999.000 -9999.000 -9999.000 -9999.000 -9999.000 -9999.000 -9999.000 -9999.000 -9999.000 -9999.000 -9999.000 -9999.000 -9999.000 -9999.000 -9999.000 -9999.000 -9999.000 -9999.000 -9999.000 -9999.000 -9999.000 -9999.000 -9999.000 -9999.000 -9999.000 -9999.000 -9999.000 -9999.000 -9999.000 -9999.000 -9999.000 -9999.000 -9999.000 -9999.000 -9999.000 -9999.000 -9999.000
-9999.000 -9999.000 -9999.000 -9999.000 -9999.000 -9999.000 -9999.000 0.2021048E-01 0.3204584E-01 0.4501148E-01 0.5804374E-01 -9999.000 -9999.000 -9999.000 -9999.000 -9999.000 -9999.000 -9999.000 -9999.000 -9999.000 -9999.000 -9999.000 -9999.000 -9999.000 -9999.000 -9999.000 -9999.000 -9999.000 -9999.000 -9999.000 -9999.000 -9999.000 -9999.000 -9999.000 -9999.000 -9999.000 -9999.000 -9999.000 -9999.000 -9999.000 -9999.000 -9999.000 -9999.000 -9999.000 -9999.000 -9999.000 -9999.000 -9999.000 -9999.000 -9999.000 -9999.000 -9999.000 -9999.000 -9999.000 -9999.000 -9999.000 -9999.000 -9999.000 -9999.000 -9999.000
-9999.000 -9999.000 -9999.000 -9999.000 -9999.000 -9999.000 -9999.000 0.3158153E-01 0.4486743E-01 0.5238864E-01 0.7203102E-01 0.7922236E-01 0.8881042E-01 0.9635768E-01 0.1074672 0.1145751 -9999.000 -9999.000 -9999.000 -9999.000 -9999.000 -9999.000 -9999.000 -9999.000 -9999.000 -9999.000 -9999.000 -9999.000 -9999.000 -9999.000 -9999.000 -9999.000 -9999.000 -9999.000 -9999.000 -9999.000 -9999.000 -9999.000 -9999.000 -9999.000 -9999.000 -9999.000 -9999.000 -9999.000 -9999.000 -9999.000 -9999.000 -9999.000 -9999.000 -9999.000 -9999.000 -9999.000 -9999.000 -9999.000 -9999.000 -9999.000 -9999.000 -9999.000 -9999.000 -9999.000
0.1347537 0.1552552 0.1509630 0.1348957 0.1235574 0.9526943E-01 0.8339580E-01 0.8839159E-01 0.1139625 0.1177103 0.1193212 0.1335278 0.1328071 0.1377544 0.1465894 0.1538416 0.1593951 0.1671660 0.1945504 0.2086828 0.2362567 0.2467535 0.2447616 0.2472592 0.2594426 0.2804698 0.3036975 0.3230914 0.3457838 0.3609599 0.3542066 0.3491313 0.3476600 0.3452635 0.3432337 0.3427204 0.3452974 0.3474372 0.3470237 0.3422819 0.3353504 0.3285477 0.3221724 0.3147516 0.3053526 0.2915036 0.2769566 0.2633344 0.2505506 0.2398078 0.2287787 0.2136575 0.1904975 0.1535415 0.1125344 0.1006060 0.1038761 0.1128679 0.1307138 0.1449019
0.2571502 0.2546335 0.2428238 0.2316837 0.2421971 0.2422606 0.2429819 0.2578316 0.2728814 0.2682063 0.2548784 0.2499280 0.2504843 0.2448030 0.2472667 0.2534686 0.2556984 0.2581519 0.2645991 0.2759686 0.2855134 0.2987459 0.3050761 0.3024901 0.3081091 0.3265586 0.3481818 0.3571556 0.3604102 0.3641608 0.3659461 0.3622162 0.3599737 0.3591863 0.3579535 0.3562434 0.3558065 0.3548044 0.3523235 0.3476318 0.3411574 0.3340322 0.3261292 0.3170578 0.3051748 0.2907110 0.2776637 0.2641200 0.2501032 0.2367705 0.2272046 0.2140201 0.1974768 0.1895222 0.1659162 0.1463363 0.1267571 0.1188604 0.1214879 0.1310991
0.3831862 0.3677167 0.3586918 0.3639309 0.3757668 0.3839406 0.3995877 0.4076167 0.4039841 0.3967777 0.3948054 0.3871344 0.3814350 0.3765758 0.3871676 0.3922756 0.3918879 0.3904131 0.3985559 0.4022913 0.4043969 0.4111935 0.4142750 0.4111664 0.4122587 0.4248029 0.4219493 0.4144011 0.4039656 0.4022489 0.3991924 0.3940117 0.3950853 0.3950850 0.3937551 0.3915899 0.3914009 0.3859293 0.3791184 0.3736935 0.3693693 0.3609500 0.3513817 0.3420712 0.3288464 0.3148542 0.3025911 0.2935167 0.2815691 0.2739771 0.2707909 0.2659164 0.2606051 0.2560484 0.2501406 0.2389311 0.2102821 0.2050233 0.1883183 0.1798631
0.4777326 0.4574636 0.4483036 0.4569725 0.4602741 0.4670379 0.4781731 0.4786043 0.4744163 0.4702942 0.4730395 0.4711396 0.4706356 0.4707507 0.4726319 0.4769413 0.4784106 0.4833074 0.4910777 0.4941462 0.4957272 0.4995815 0.5039291 0.5013279 0.4998087 0.4924512 0.4774907 0.4630328 0.4548815 0.4494667 0.4433488 0.4391044 0.4427007 0.4423755 0.4401900 0.4396128 0.4327893 0.4224770 0.4124611 0.4063455 0.3990091 0.3911669 0.3850802 0.3773897 0.3677196 0.3579125 0.3553467 0.3475139 0.3401495 0.3385200 0.3393864 0.3380002 0.3385875 0.3475741 0.3459232 0.3447541 0.3445430 0.3596964 0.3415950 0.3377062
0.5830017 0.5598974 0.5396181 0.5333610 0.5237319 0.5168412 0.5156607 0.5114286 0.5072509 0.5078449 0.5094187 0.5118191 0.5136243 0.5139171 0.5163292 0.5179718 0.5219695 0.5296283 0.5367313 0.5424716 0.5472262 0.5525629 0.5512463 0.5473028 0.5406137 0.5317373 0.5189217 0.5061307 0.4991353 0.4904201 0.4840483 0.4803124 0.4811654 0.4786062 0.4741735 0.4690547 0.4603920 0.4513585 0.4439750 0.4387758 0.4319543 0.4263214 0.4238097 0.4224385 0.4176605 0.4165783 0.4160989 0.4123072 0.4077137 0.4083659 0.4091508 0.4083149 0.4159921 0.4245938 0.4329627 0.4427850 0.4619843 0.4788417 0.4827369 0.4858061
0.6848201 0.6711693 0.6481541 0.6235092 0.5910593 0.5688295 0.5565062 0.5451175 0.5398825 0.5391086 0.5417273 0.5471985 0.5488255 0.5506158 0.5533179 0.5551390 0.5586608 0.5633461 0.5685373 0.5716210 0.5760784 0.5764010 0.5728000 0.5689605 0.5667156 0.5628413 0.5551264 0.5487789 0.5389026 0.5274796 0.5176274 0.5133034 0.5091278 0.5045368 0.4984416 0.4951374 0.4902371 0.4846408 0.4836935 0.4797453 0.4754983 0.4717219 0.4743653 0.4725401 0.4705384 0.4706393 0.4742895 0.4738507 0.4729985 0.4785897 0.4775842 0.4778236 0.4816835 0.4964641 0.5066057 0.5194320 0.5393015 0.5494671 0.5538432 0.5548037
0.7527797 0.7448976 0.7302425 0.7069809 0.6743479 0.6454567 0.6241654 0.6043168 0.5948774 0.5921226 0.5953702 0.5971105 0.5980937 0.6041711 0.6042984 0.6036824 0.6054573 0.6102147 0.6086554 0.6058130 0.6024862 0.6011646 0.5968868 0.5921929 0.5924932 0.5904682 0.5857218 0.5780938 0.5714771 0.5620382 0.5526443 0.5480217 0.5425527 0.5377418 0.5347570 0.5357932 0.5326469 0.5300312 0.5330531 0.5334758 0.5315975 0.5322257 0.5358377 0.5338032 0.5330904 0.5360823 0.5407174 0.5412814 0.5477353 0.5553420 0.5577416 0.5600958 0.5690771 0.5774612 0.5811336 0.5855311 0.5957491 0.6036378 0.6093593 0.6220933
0.7607751 0.7545271 0.7482075 0.7426750 0.7293320 0.7107307 0.6953589 0.6738709 0.6579792 0.6489402 0.6458215 0.6431094 0.6424791 0.6438161 0.6421979 0.6403584 0.6406530 0.6392578 0.6348285 0.6301230 0.6254612 0.6209342 0.6155109 0.6089129 0.6027521 0.5982842 0.5933865 0.5879589 0.5846977 0.5818352 0.5788051 0.5785522 0.5781087 0.5768864 0.5790295 0.5805950 0.5806925 0.5808820 0.5873845 0.5910165 0.5908988 0.5993304 0.6019330 0.6026942 0.6050971 0.6169486 0.6191973 0.6212062 0.6271515 0.6422001 0.6474258 0.6524370 0.6635382 0.6635361 0.6620057 0.6599775 0.6656651 0.6659145 0.6708341 0.6862059
0.7354160 0.7369801 0.7393505 0.7446964 0.7485356 0.7487908 0.7433330 0.7303243 0.7117383 0.6933793 0.6732456 0.6600549 0.6525530 0.6461364 0.6425549 0.6407546 0.6354233 0.6296205 0.6245102 0.6196018 0.6088260 0.6035598 0.5985562 0.5928230 0.5845437 0.5819233 0.5802480 0.5794385 0.5820564 0.5848559 0.5877706 0.5911435 0.5938184 0.5964457 0.5995113 0.6033581 0.6067743 0.6114563 0.6184660 0.6250540 0.6303483 0.6386574 0.6477068 0.6543955 0.6631222 0.6719412 0.6792735 0.6865006 0.6969190 0.7068486 0.7133796 0.7212045 0.7297651 0.7329353 0.7337624 0.7373148 0.7355035 0.7338237 0.7345837 0.7441851
0.7008797 0.7097445 0.7173626 0.7278760 0.7371222 0.7443105 0.7498603 0.7497176 0.7420263 0.7252272 0.6989753 0.6712418 0.6465296 0.6262979 0.6134161 0.6043173 0.5940541 0.5854432 0.5801659 0.5730002 0.5652419 0.5619004 0.5598062 0.5554788 0.5549000 0.5572418 0.5596180 0.5619516 0.5665233 0.5713725 0.5745103 0.5789839 0.5826681 0.5866278 0.5900230 0.5949022 0.6014950 0.6085934 0.6183768 0.6287843 0.6391560 0.6484837 0.6596090 0.6705854 0.6812550 0.6922510 0.7032402 0.7137479 0.7232541 0.7328296 0.7408061 0.7494546 0.7583983 0.7653839 0.7716454 0.7775791 0.7795766 0.7796604 0.7791128 0.7779405
0.6719471 0.6818084 0.6901794 0.7019176 0.7126982 0.7196454 0.7283359 0.7350269 0.7370000 0.7344497 0.7208825 0.6953982 0.6629504 0.6247265 0.5893755 0.5663144 0.5499229 0.5406933 0.5344873 0.5303177 0.5250357 0.5248619 0.5263386 0.5269997 0.5306320 0.5347986 0.5382380 0.5410425 0.5456272 0.5494208 0.5530015 0.5583208 0.5631554 0.5671563 0.5716301 0.5783899 0.5867062 0.5952506 0.6045050 0.6151536 0.6249480 0.6355297 0.6478844 0.6607801 0.6718092 0.6839539 0.6965550 0.7079368 0.7181062 0.7294273 0.7402254 0.7498285 0.7596827 0.7687541 0.7766046 0.7834303 0.7895226 0.7933742 0.7949861 0.7910781
0.6577493 0.6657711 0.6730117 0.6815195 0.6893659 0.6963609 0.7039130 0.7094875 0.7127948 0.7141073 0.7109138 0.7015251 0.6832934 0.6548324 0.6164054 0.5827532 0.5518642 0.5289396 0.5166018 0.5110229 0.5086968 0.5094427 0.5122157 0.5144969 0.5179660 0.5213328 0.5240996 0.5284877 0.5324408 0.5368360 0.5406356 0.5461759 0.5516115 0.5583112 0.5635255 0.5696256 0.5767262 0.5843737 0.5922412 0.6005190 0.6092415 0.6191148 0.6302705 0.6416827 0.6520174 0.6641399 0.6765075 0.6884473 0.6998611 0.7128290 0.7242991 0.7348857 0.7462550 0.7565998 0.7651098 0.7725802 0.7794698 0.7837740 0.7852186 0.7845227
0.6558687 0.6623212 0.6687756 0.6745466 0.6796750 0.6832287 0.6876118 0.6915026 0.6925538 0.6941270 0.6948955 0.6947906 0.6942733 0.6887844 0.6731838 0.6524759 0.6203464 0.5830931 0.5552637 0.5383631 0.5260967 0.5211661 0.5208620 0.5219849 0.5236204 0.5267920 0.5309293 0.5349599 0.5389438 0.5448398 0.5508875 0.5559755 0.5620777 0.5688786 0.5738722 0.5788060 0.5850708 0.5904895 0.5957423 0.6018249 0.6096139 0.6180646 0.6267148 0.6350490 0.6436920 0.6521558 0.6620953 0.6722757 0.6840218 0.6964942 0.7085884 0.7188851 0.7300532 0.7409337 0.7498878 0.7577367 0.7659203 0.7702248 0.7701144 0.7688667
0.6528830 0.6558395 0.6601714 0.6641361 0.6660192 0.6668685 0.6700165 0.6737589 0.6783563 0.6844821 0.6906805 0.6984934 0.7067034 0.7143249 0.7200340 0.7249390 0.7178686 0.6928328 0.6643532 0.6264152 0.5906460 0.5674054 0.5597530 0.5537967 0.5505832 0.5497645 0.5547086 0.5581742 0.5612216 0.5683748 0.5735459 0.5787228 0.5837912 0.5918505 0.5966837 0.6011245 0.6090661 0.6134305 0.6181766 0.6234239 0.6314201 0.6358527 0.6410100 0.6469904 0.6537904 0.6605377 0.6681443 0.6773594 0.6863244 0.6959804 0.7063701 0.7172548 0.7270545 0.7366943 0.7450648 0.7518726 0.7569303 0.7594891 0.7604310 0.7619844
0.6394211 0.6369055 0.6376782 0.6388871 0.6378230 0.6426880 0.6500747 0.6585098 0.6657460 0.6760214 0.6863868 0.6981974 0.7112586 0.7250903 0.7393869 0.7546934 0.7645284 0.7662011 0.7581137 0.7397300 0.6976584 0.6567074 0.6291258 0.6054984 0.5932142 0.5894180 0.5900570 0.5891963 0.5895923 0.5948123 0.5991719 0.6039256 0.6107101 0.6174719 0.6228272 0.6279479 0.6359934 0.6418755 0.6471324 0.6545898 0.6600181 0.6618729 0.6643029 0.6693841 0.6738485 0.6789666 0.6853795 0.6903835 0.6956861 0.7021469 0.7101146 0.7175919 0.7248186 0.7319353 0.7373917 0.7425927 0.7477615 0.7510899 0.7563500 0.7625968
0.5926994 0.5900591 0.5929584 0.5962294 0.5955734 0.6037371 0.6148083 0.6240474 0.6349743 0.6489617 0.6639197 0.6773930 0.6930405 0.7107365 0.7277778 0.7480535 0.7686617 0.7863655 0.7953868 0.7968820 0.7823683 0.7548250 0.7175455 0.6763274 0.6444341 0.6302231 0.6206980 0.6163155 0.6140474 0.6161090 0.6187218 0.6226791 0.6291930 0.6347416 0.6404052 0.6464195 0.6536631 0.6595714 0.6652818 0.6715924 0.6786084 0.6823594 0.6847262 0.6872484 0.6896876 0.6922286 0.6942597 0.6953559 0.6978510 0.7008624 0.7037730 0.7076481 0.7117437 0.7143948 0.7172000 0.7223840 0.7300653 0.7375230 0.7483868 0.7605263
