simulation_files/asc/Depth____153.0.asc
NCOLS        79
NROWS        79
XLLCENTER         -1.500000
YLLCENTER         -4.800000
CELLSIZE           0.100
NODATA_VALUE     -9999.0
[rows 0 to 25 of 79, columns 0 to 58 of 79]
-9999.000 -9999.000 -9999.000 -9999.000 -9999.000 -9999.000 -9999.000 -9999.000 -9999.000 -9999.000 -9999.000 -9999.000 -9999.000 -9999.000 -9999.000 0.5904573 0.5906817 0.5906503 0.5905598 0.5904220 0.5902490 0.5900556 0.5898486 0.5896384 0.5894331 0.5892363 0.5890397 0.5888115 0.5884460 0.5883967 0.5883967 -9999.000 -9999.000 -9999.000 -9999.000 -9999.000 -9999.000 -9999.000 -9999.000 -9999.000 -9999.000 -9999.000 -9999.000 -9999.000 -9999.000 -9999.000 -9999.000 -9999.000 -9999.000 -9999.000 -9999.000 -9999.000 -9999.000 -9999.000 -9999.000 -9999.000 -9999.000 -9999.000 -9999.000
-9999.000 -9999.000 -9999.000 -9999.000 -9999.000 -9999.000 -9999.000 -9999.000 -9999.000 -9999.000 -9999.000 -9999.000 -9999.000 -9999.000 -9999.000 0.5922281 0.5924554 0.5924275 0.5923529 0.5922415 0.5921032 0.5919503 0.5917879 0.5916247 0.5914672 0.5913183 0.5911711 0.5909969 0.5907002 0.5907185 0.5907185 -9999.000 -9999.000 -9999.000 -9999.000 -9999.000 -9999.000 -9999.000 -9999.000 -9999.000 -9999.000 -9999.000 -9999.000 -9999.000 -9999.000 -9999.000 -9999.000 -9999.000 -9999.000 -9999.000 -9999.000 -9999.000 -9999.000 -9999.000 -9999.000 -9999.000 -9999.000 -9999.000 -9999.000
-9999.000 -9999.000 -9999.000 -9999.000 -9999.000 -9999.000 -9999.000 -9999.000 -9999.000 -9999.000 -9999.000 -9999.000 -9999.000 -9999.000 -9999.000 0.5941778 0.5944298 0.5944066 0.5943372 0.5942316 0.5941002 0.5939554 0.5938021 0.5936486 0.5935010 0.5933616 0.5932215 0.5930498 0.5927439 0.5927567 0.5927567 -9999.000 -9999.000 -9999.000 -9999.000 -9999.000 -9999.000 -9999.000 -9999.000 -9999.000 -9999.000 -9999.000 -9999.000 -9999.000 -9999.000 -9999.000 -9999.000 -9999.000 -9999.000 -9999.000 -9999.000 -9999.000 -9999.000 -9999.000 -9999.000 -9999.000 -9999.000 -9999.000 -9999.000
-9999.000 -9999.000 -9999.000 -9999.000 -9999.000 -9999.000 -9999.000 -9999.000 -9999.000 -9999.000 -9999.000 -9999.000 -9999.000 -9999.000 -9999.000 0.5961702 0.5964368 0.5964149 0.5963466 0.5962419 0.5961110 0.5959672 0.5958149 0.5956627 0.5955166 0.5953783 0.5952381 0.5950624 0.5947414 0.5947327 0.5947327 -9999.000 -9999.000 -9999.000 -9999.000 -9999.000 -9999.000 -9999.000 -9999.000 -9999.000 -9999.000 -9999.000 -9999.000 -9999.000 -9999.000 -9999.000 -9999.000 -9999.000 -9999.000 -9999.000 -9999.000 -9999.000 -9999.000 -9999.000 -9999.000 -9999.000 -9999.000 -9999.000 -9999.000
-9999.000 -9999.000 -9999.000 -9999.000 -9999.000 -9999.000 -9999.000 -9999.000 -9999.000 -9999.000 -9999.000 -9999.000 -9999.000 -9999.000 -9999.000 0.5981835 0.5984593 0.5984368 0.5983673 0.5982603 0.5981264 0.5979797 0.5978243 0.5976690 0.5975200 0.5973787 0.5972343 0.5970508 0.5967095 0.5966655 0.5966655 -9999.000 -9999.000 -9999.000 -9999.000 -9999.000 -9999.000 -9999.000 -9999.000 -9999.000 -9999.000 -9999.000 -9999.000 -9999.000 -9999.000 -9999.000 -9999.000 -9999.000 -9999.000 -9999.000 -9999.000 -9999.000 -9999.000 -9999.000 -9999.000 -9999.000 -9999.000 -9999.000 -9999.000
-9999.000 -9999.000 -9999.000 -9999.000 -9999.000 -9999.000 -9999.000 -9999.000 -9999.000 -9999.000 -9999.000 -9999.000 -9999.000 -9999.000 -9999.000 0.6002056 0.6004877 0.6004636 0.6003915 0.6002806 0.6001417 0.5999900 0.5998291 0.5996684 0.5995141 0.5993676 0.5992168 0.5990228 0.5986562 0.5985629 0.5985629 -9999.000 -9999.000 -9999.000 -9999.000 -9999.000 -9999.000 -9999.000 -9999.000 -9999.000 -9999.000 -9999.000 -9999.000 -9999.000 -9999.000 -9999.000 -9999.000 -9999.000 -9999.000 -9999.000 -9999.000 -9999.000 -9999.000 -9999.000 -9999.000 -9999.000 -9999.000 -9999.000 -9999.000
-9999.000 -9999.000 -9999.000 -9999.000 -9999.000 -9999.000 -9999.000 -9999.000 -9999.000 -9999.000 -9999.000 -9999.000 -9999.000 -9999.000 -9999.000 0.6022299 0.6025167 0.6024901 0.6024147 0.6022989 0.6021538 0.6019960 0.6018284 0.6016609 0.6015002 0.6013470 0.6011885 0.6009818 0.6005847 0.6004255 0.6004255 -9999.000 -9999.000 -9999.000 -9999.000 -9999.000 -9999.000 -9999.000 -9999.000 -9999.000 -9999.000 -9999.000 -9999.000 -9999.000 -9999.000 -9999.000 -9999.000 -9999.000 -9999.000 -9999.000 -9999.000 -9999.000 -9999.000 -9999.000 -9999.000 -9999.000 -9999.000 -9999.000 -9999.000
-9999.000 -9999.000 -9999.000 -9999.000 -9999.000 -9999.000 -9999.000 -9999.000 -9999.000 -9999.000 -9999.000 -9999.000 -9999.000 -9999.000 -9999.000 0.6042523 0.6045428 0.6045132 0.6044340 0.6043128 0.6041608 0.6039961 0.6038209 0.6036460 0.6034780 0.6033176 0.6031501 0.6029287 0.6024954 0.6022491 0.6022491 -9999.000 -9999.000 -9999.000 -9999.000 -9999.000 -9999.000 -9999.000 -9999.000 -9999.000 -9999.000 -9999.000 -9999.000 -9999.000 -9999.000 -9999.000 -9999.000 -9999.000 -9999.000 -9999.000 -9999.000 -9999.000 -9999.000 -9999.000 -9999.000 -9999.000 -9999.000 -9999.000 -9999.000
-9999.000 -9999.000 -9999.000 -9999.000 -9999.000 -9999.000 -9999.000 -9999.000 -9999.000 -9999.000 -9999.000 -9999.000 -9999.000 -9999.000 -9999.000 0.6062697 0.6065636 0.6065306 0.6064471 0.6063200 0.6061606 0.6059887 0.6058053 0.6056224 0.6054466 0.6052784 0.6051010 0.6048626 0.6043863 0.6040244 0.6040244 -9999.000 -9999.000 -9999.000 -9999.000 -9999.000 -9999.000 -9999.000 -9999.000 -9999.000 -9999.000 -9999.000 -9999.000 -9999.000 -9999.000 -9999.000 -9999.000 -9999.000 -9999.000 -9999.000 -9999.000 -9999.000 -9999.000 -9999.000 -9999.000 -9999.000 -9999.000 -9999.000 -9999.000
-9999.000 -9999.000 -9999.000 -9999.000 -9999.000 -9999.000 -9999.000 -9999.000 -9999.000 -9999.000 -9999.000 -9999.000 -9999.000 -9999.000 -9999.000 0.6082795 0.6085770 0.6085401 0.6084521 0.6083186 0.6081513 0.6079718 0.6077799 0.6075885 0.6074046 0.6072280 0.6070397 0.6067815 0.6062537 0.6057364 0.6057364 -9999.000 -9999.000 -9999.000 -9999.000 -9999.000 -9999.000 -9999.000 -9999.000 -9999.000 -9999.000 -9999.000 -9999.000 -9999.000 -9999.000 -9999.000 -9999.000 -9999.000 -9999.000 -9999.000 -9999.000 -9999.000 -9999.000 -9999.000 -9999.000 -9999.000 -9999.000 -9999.000 -9999.000
-9999.000 -9999.000 -9999.000 -9999.000 -9999.000 -9999.000 -9999.000 -9999.000 -9999.000 -9999.000 -9999.000 -9999.000 -9999.000 -9999.000 -9999.000 0.6102790 0.6105806 0.6105396 0.6104466 0.6103064 0.6101307 0.6099434 0.6097423 0.6095419 0.6093495 0.6091638 0.6089631 0.6086815 0.6080912 0.6073618 0.6073618 -9999.000 -9999.000 -9999.000 -9999.000 -9999.000 -9999.000 -9999.000 -9999.000 -9999.000 -9999.000 -9999.000 -9999.000 -9999.000 -9999.000 -9999.000 -9999.000 -9999.000 -9999.000 -9999.000 -9999.000 -9999.000 -9999.000 -9999.000 -9999.000 -9999.000 -9999.000 -9999.000 -9999.000
-9999.000 -9999.000 -9999.000 -9999.000 -9999.000 -9999.000 -9999.000 -9999.000 -9999.000 -9999.000 -9999.000 -9999.000 -9999.000 -9999.000 -9999.000 0.6122646 0.6125716 0.6125258 0.6124278 0.6122804 0.6120956 0.6119002 0.6116893 0.6114794 0.6112776 0.6110820 0.6108668 0.6105568 0.6098898 0.6088642 0.6088642 -9999.000 -9999.000 -9999.000 -9999.000 -9999.000 -9999.000 -9999.000 -9999.000 -9999.000 -9999.000 -9999.000 -9999.000 -9999.000 -9999.000 -9999.000 -9999.000 -9999.000 -9999.000 -9999.000 -9999.000 -9999.000 -9999.000 -9999.000 -9999.000 -9999.000 -9999.000 -9999.000 -9999.000
-9999.000 -9999.000 -9999.000 -9999.000 -9999.000 -9999.000 -9999.000 -9999.000 -9999.000 -9999.000 -9999.000 -9999.000 -9999.000 -9999.000 -9999.000 0.6142314 0.6145458 0.6144951 0.6143914 0.6142364 0.6140417 0.6138378 0.6136162 0.6133959 0.6131838 0.6129766 0.6127439 0.6123987 0.6116354 0.6101858 0.6101858 -9999.000 -9999.000 -9999.000 -9999.000 -9999.000 -9999.000 -9999.000 -9999.000 -9999.000 -9999.000 -9999.000 -9999.000 -9999.000 -9999.000 -9999.000 -9999.000 -9999.000 -9999.000 -9999.000 -9999.000 -9999.000 -9999.000 -9999.000 -9999.000 -9999.000 -9999.000 -9999.000 -9999.000
-9999.000 -9999.000 -9999.000 -9999.000 -9999.000 -9999.000 -9999.000 -9999.000 -9999.000 -9999.000 -9999.000 -9999.000 -9999.000 -9999.000 -9999.000 0.6161627 0.6164917 0.6164377 0.6163301 0.6161683 0.6159641 0.6157514 0.6155179 0.6152858 0.6150614 0.6148397 0.6145847 0.6141940 0.6133075 0.6112338 0.6112338 -9999.000 -9999.000 -9999.000 -9999.000 -9999.000 -9999.000 -9999.000 -9999.000 -9999.000 -9999.000 -9999.000 -9999.000 -9999.000 -9999.000 -9999.000 -9999.000 -9999.000 -9999.000 -9999.000 -9999.000 -9999.000 -9999.000 -9999.000 -9999.000 -9999.000 -9999.000 -9999.000 -9999.000
-9999.000 -9999.000 -9999.000 -9999.000 -9999.000 -9999.000 -9999.000 -9999.000 -9999.000 -9999.000 -9999.000 -9999.000 -9999.000 -9999.000 -9999.000 0.6163303 0.6177557 0.6181145 0.6182985 0.6183248 0.6182216 0.6180487 0.6178056 0.6175342 0.6172547 0.6169700 0.6166390 0.6161298 0.6149670 0.6113101 0.6113101 -9999.000 -9999.000 -9999.000 -9999.000 -9999.000 -9999.000 -9999.000 -9999.000 -9999.000 -9999.000 -9999.000 -9999.000 -9999.000 -9999.000 -9999.000 -9999.000 -9999.000 -9999.000 -9999.000 -9999.000 -9999.000 -9999.000 -9999.000 -9999.000 -9999.000 -9999.000 -9999.000 -9999.000
0.6813015 0.6813015 0.6662692 0.6510019 0.6471822 0.6471822 0.6439700 0.6385783 0.6385783 0.6340488 0.6340488 0.6301017 0.6282957 0.6265824 0.6249503 0.6249503 0.6214217 0.6212648 0.6213874 0.6218703 0.6227601 0.6242811 0.6259781 0.6279005 0.6298999 0.6317123 0.6327121 0.6314253 0.6238956 0.5954103 0.5954103 0.4105854 0.3811963 0.3658270 0.3606841 0.3606841 0.3532990 0.3532990 0.3593466 0.3593466 0.3712056 0.4189613 0.4189613 0.5078255 0.5078255 0.5348955 0.5348955 0.5348955 0.5314234 0.5314234 0.5216754 0.5216754 0.5098657 0.5098657 0.4979820 0.4979820 0.4872493 0.4872493 0.4872493
0.6794821 0.6794821 0.6638709 0.6500748 0.6462547 0.6462547 0.6430432 0.6376611 0.6376611 0.6331463 0.6331463 0.6292144 0.6274154 0.6257091 0.6240839 0.6240839 0.6206945 0.6186537 0.6160902 0.6134894 0.6112484 0.6097103 0.6088737 0.6088222 0.6095260 0.6108544 0.6124930 0.6141261 0.6124095 0.5988812 0.5988812 0.4722344 0.4254569 0.3812809 0.3694475 0.3694475 0.3571956 0.3571956 0.3621222 0.3621222 0.3730329 0.4140716 0.4140716 0.4911118 0.4911118 0.5344253 0.5344253 0.5344253 0.5317622 0.5317622 0.5220652 0.5220652 0.5102197 0.5102197 0.4983358 0.4983358 0.4876302 0.4876302 0.4876302
0.6784580 0.6784580 0.6628394 0.6500842 0.6462583 0.6462583 0.6430329 0.6376327 0.6376327 0.6331112 0.6331112 0.6291751 0.6273741 0.6256654 0.6240379 0.6240379 0.6201872 0.6164246 0.6116308 0.6066121 0.6019644 0.5981080 0.5951727 0.5932506 0.5923560 0.5924190 0.5932198 0.5944085 0.5938023 0.5854633 0.5854633 0.5026472 0.4540313 0.3972455 0.3808731 0.3808731 0.3658139 0.3658139 0.3736660 0.3736660 0.3856710 0.4215328 0.4215328 0.4800190 0.4800190 0.5301167 0.5301167 0.5301167 0.5304248 0.5304248 0.5216249 0.5216249 0.5100196 0.5100196 0.4982745 0.4982745 0.4876803 0.4876803 0.4876803
0.6776331 0.6776331 0.6620222 0.6501035 0.6462859 0.6462859 0.6430491 0.6376322 0.6376322 0.6331086 0.6331086 0.6291740 0.6273736 0.6256654 0.6240380 0.6240380 0.6192198 0.6137012 0.6067680 0.5995125 0.5926906 0.5867881 0.5820143 0.5784663 0.5761592 0.5750351 0.5749213 0.5755220 0.5752714 0.5696400 0.5696400 0.5161821 0.4724537 0.4131984 0.3954102 0.3954102 0.3823816 0.3823816 0.3956131 0.3956131 0.4080385 0.4355435 0.4355435 0.4730532 0.4730532 0.5207495 0.5207495 0.5207495 0.5254532 0.5254532 0.5190020 0.5190020 0.5084660 0.5084660 0.4973023 0.4973023 0.4871522 0.4871522 0.4871522
0.6770000 0.6770000 0.6613983 0.6501165 0.6463140 0.6463140 0.6430672 0.6376327 0.6376327 0.6331064 0.6331064 0.6291736 0.6273740 0.6256661 0.6240391 0.6240391 0.6175928 0.6101686 0.6010913 0.5916691 0.5827624 0.5749027 0.5683591 0.5632533 0.5596107 0.5573801 0.5564123 0.5564454 0.5563483 0.5527372 0.5527372 0.5181465 0.4818952 0.4276506 0.4125966 0.4125966 0.4086831 0.4086831 0.4268993 0.4268993 0.4369718 0.4521219 0.4521219 0.4700983 0.4700983 0.5080107 0.5080107 0.5080107 0.5167906 0.5167906 0.5138987 0.5138987 0.5054545 0.5054545 0.4955184 0.4955184 0.4862548 0.4862548 0.4862548
0.6765527 0.6765527 0.6609585 0.6501238 0.6463376 0.6463376 0.6430835 0.6376334 0.6376334 0.6331045 0.6331045 0.6291732 0.6273742 0.6256667 0.6240398 0.6240398 0.6151081 0.6055461 0.5942843 0.5827588 0.5718659 0.5621471 0.5538996 0.5472695 0.5423021 0.5389644 0.5371349 0.5365871 0.5365021 0.5344085 0.5344085 0.5123842 0.4843625 0.4420903 0.4348564 0.4348564 0.4453824 0.4453824 0.4626751 0.4626751 0.4669605 0.4680656 0.4680656 0.4704975 0.4704975 0.4947848 0.4947848 0.4947848 0.5055478 0.5055478 0.5064151 0.5064151 0.5008779 0.5008779 0.4928813 0.4928813 0.4850279 0.4850279 0.4850279
0.6762863 0.6762863 0.6606968 0.6501272 0.6463531 0.6463531 0.6430945 0.6376341 0.6376341 0.6331033 0.6331033 0.6291729 0.6273743 0.6256671 0.6240403 0.6240403 0.6115066 0.5995037 0.5859830 0.5724123 0.5596533 0.5482138 0.5383831 0.5303133 0.5240647 0.5196255 0.5169071 0.5157269 0.5155043 0.5145153 0.5145153 0.5012491 0.4819947 0.4610415 0.4668934 0.4668934 0.4893781 0.4893781 0.4962550 0.4962550 0.4930824 0.4818758 0.4818758 0.4732874 0.4732874 0.4834043 0.4834043 0.4834043 0.4933577 0.4933577 0.4970757 0.4970757 0.4947675 0.4947675 0.4893327 0.4893327 0.4834475 0.4834475 0.4834475
0.6761979 0.6761979 0.6606099 0.6501282 0.6463585 0.6463585 0.6430985 0.6376343 0.6376343 0.6331028 0.6331028 0.6291727 0.6273744 0.6256672 0.6240405 0.6240405 0.6064259 0.5916215 0.5757424 0.5601823 0.5456995 0.5327213 0.5214900 0.5121375 0.5047223 0.4992464 0.4956516 0.4938032 0.4933162 0.4931460 0.4931460 0.4865874 0.4778269 0.4915998 0.5118096 0.5118096 0.5326573 0.5326573 0.5229374 0.5229374 0.5134051 0.4935069 0.4935069 0.4775878 0.4775878 0.4750138 0.4750138 0.4750138 0.4817861 0.4817861 0.4867375 0.4867375 0.4873742 0.4873742 0.4848912 0.4848912 0.4814931 0.4814931 0.4814931
0.6762863 0.6762863 0.6606968 0.6501273 0.6463531 0.6463531 0.6430945 0.6376340 0.6376340 0.6331033 0.6331033 0.6291729 0.6273744 0.6256671 0.6240402 0.6240402 0.5993432 0.5813352 0.5629912 0.5455129 0.5294824 0.5151976 0.5028144 0.4924130 0.4840289 0.4776623 0.4732757 0.4707803 0.4699791 0.4706335 0.4706335 0.4707685 0.4777262 0.5389661 0.5646927 0.5646927 0.5667437 0.5667437 0.5421761 0.5421761 0.5286390 0.5033789 0.5033789 0.4826309 0.4826309 0.4696772 0.4696772 0.4696772 0.4719196 0.4719196 0.4763890 0.4763890 0.4791849 0.4791849 0.4797135 0.4797135 0.4791895 0.4791895 0.4791895
0.6765526 0.6765526 0.6609585 0.6501238 0.6463377 0.6463377 0.6430834 0.6376334 0.6376334 0.6331046 0.6331046 0.6291732 0.6273742 0.6256668 0.6240398 0.6240398 0.5894784 0.5678481 0.5469626 0.5276883 0.5103495 0.4950600 0.4818495 0.4707168 0.4616491 0.4546281 0.4496222 0.4465861 0.4455830 0.4478662 0.4478662 0.4587165 0.4930044 0.5974759 0.6116076 0.6116076 0.5890531 0.5890531 0.5558698 0.5558698 0.5402709 0.5117981 0.5117981 0.4877927 0.4877927 0.4668443 0.4668443 0.4668443 0.4642511 0.4642511 0.4669248 0.4669248 0.4708635 0.4708635 0.4741277 0.4741277 0.4766477 0.4766477 0.4766477
0.6770000 0.6770000 0.6613984 0.6501166 0.6463141 0.6463141 0.6430673 0.6376326 0.6376326 0.6331064 0.6331064 0.6291736 0.6273740 0.6256661 0.6240390 0.6240390 0.5756149 0.5499802 0.5265785 0.5057495 0.4874586 0.4715753 0.4579636 0.4465130 0.4371427 0.4297986 0.4244414 0.4210825 0.4203972 0.4276556 0.4276556 0.4621541 0.5378460 0.6479385 0.6409632 0.6409632 0.6027336 0.6027336 0.5659106 0.5659106 0.5493504 0.5188247 0.5188247 0.4925840 0.4925840 0.4657619 0.4657619 0.4657619 0.4587753 0.4587753 0.4589807 0.4589807 0.4631270 0.4631270 0.4686051 0.4686051 0.4740699 0.4740699 0.4740699
