simulation_files/asc/Depth____8.0.asc
NCOLS        79
NROWS        79
XLLCENTER         -1.500000
YLLCENTER         -4.800000
CELLSIZE           0.100
NODATA_VALUE     -9999.0
[rows 0 to 24 of 79, columns 0 to 56 of 79]
-9999.000 -9999.000 -9999.000 -9999.000 -9999.000 -9999.000 -9999.000 -9999.000 -9999.000 -9999.000 -9999.000 -9999.000 -9999.000 -9999.000 -9999.000 0.4927633E-01 0.4898497E-01 0.4892727E-01 0.4890601E-01 0.4889817E-01 0.4889529E-01 0.4889427E-01 0.4889402E-01 0.4889427E-01 0.4889529E-01 0.4889817E-01 0.4890601E-01 0.4892727E-01 0.4898497E-01 0.4927633E-01 0.4927633E-01 -9999.000 -9999.000 -9999.000 -9999.000 -9999.000 -9999.000 -9999.000 -9999.000 -9999.000 -9999.000 -9999.000 -9999.000 -9999.000 -9999.000 -9999.000 -9999.000 -9999.000 -9999.000 -9999.000 -9999.000 -9999.000 -9999.000 -9999.000 -9999.000 -9999.000 -9999.000
-9999.000 -9999.000 -9999.000 -9999.000 -9999.000 -9999.000 -9999.000 -9999.000 -9999.000 -9999.000 -9999.000 -9999.000 -9999.000 -9999.000 -9999.000 0.4962840E-01 0.4921949E-01 0.4910666E-01 0.4905203E-01 0.4902700E-01 0.4901608E-01 0.4901168E-01 0.4901051E-01 0.4901167E-01 0.4901608E-01 0.4902700E-01 0.4905203E-01 0.4910666E-01 0.4921948E-01 0.4962840E-01 0.4962840E-01 -9999.000 -9999.000 -9999.000 -9999.000 -9999.000 -9999.000 -9999.000 -9999.000 -9999.000 -9999.000 -9999.000 -9999.000 -9999.000 -9999.000 -9999.000 -9999.000 -9999.000 -9999.000 -9999.000 -9999.000 -9999.000 -9999.000 -9999.000 -9999.000 -9999.000 -9999.000
-9999.000 -9999.000 -9999.000 -9999.000 -9999.000 -9999.000 -9999.000 -9999.000 -9999.000 -9999.000 -9999.000 -9999.000 -9999.000 -9999.000 -9999.000 0.4987095E-01 0.4944429E-01 0.4929905E-01 0.4921195E-01 0.4916428E-01 0.4914022E-01 0.4912934E-01 0.4912627E-01 0.4912934E-01 0.4914021E-01 0.4916428E-01 0.4921194E-01 0.4929905E-01 0.4944428E-01 0.4987094E-01 0.4987094E-01 -9999.000 -9999.000 -9999.000 -9999.000 -9999.000 -9999.000 -9999.000 -9999.000 -9999.000 -9999.000 -9999.000 -9999.000 -9999.000 -9999.000 -9999.000 -9999.000 -9999.000 -9999.000 -9999.000 -9999.000 -9999.000 -9999.000 -9999.000 -9999.000 -9999.000 -9999.000
-9999.000 -9999.000 -9999.000 -9999.000 -9999.000 -9999.000 -9999.000 -9999.000 -9999.000 -9999.000 -9999.000 -9999.000 -9999.000 -9999.000 -9999.000 0.5003799E-01 0.4964356E-01 0.4949009E-01 0.4938032E-01 0.4931039E-01 0.4927034E-01 0.4925048E-01 0.4924455E-01 0.4925048E-01 0.4927034E-01 0.4931039E-01 0.4938032E-01 0.4949009E-01 0.4964356E-01 0.5003799E-01 0.5003799E-01 -9999.000 -9999.000 -9999.000 -9999.000 -9999.000 -9999.000 -9999.000 -9999.000 -9999.000 -9999.000 -9999.000 -9999.000 -9999.000 -9999.000 -9999.000 -9999.000 -9999.000 -9999.000 -9999.000 -9999.000 -9999.000 -9999.000 -9999.000 -9999.000 -9999.000 -9999.000
-9999.000 -9999.000 -9999.000 -9999.000 -9999.000 -9999.000 -9999.000 -9999.000 -9999.000 -9999.000 -9999.000 -9999.000 -9999.000 -9999.000 -9999.000 0.5015639E-01 0.4981291E-01 0.4966926E-01 0.4954989E-01 0.4946299E-01 0.4940753E-01 0.4937769E-01 0.4936838E-01 0.4937769E-01 0.4940753E-01 0.4946300E-01 0.4954989E-01 0.4966926E-01 0.4981291E-01 0.5015639E-01 0.5015639E-01 -9999.000 -9999.000 -9999.000 -9999.000 -9999.000 -9999.000 -9999.000 -9999.000 -9999.000 -9999.000 -9999.000 -9999.000 -9999.000 -9999.000 -9999.000 -9999.000 -9999.000 -9999.000 -9999.000 -9999.000 -9999.000 -9999.000 -9999.000 -9999.000 -9999.000 -9999.000
-9999.000 -9999.000 -9999.000 -9999.000 -9999.000 -9999.000 -9999.000 -9999.000 -9999.000 -9999.000 -9999.000 -9999.000 -9999.000 -9999.000 -9999.000 0.5024543E-01 0.4995426E-01 0.4983086E-01 0.4971407E-01 0.4961839E-01 0.4955120E-01 0.4951246E-01 0.4949992E-01 0.4951246E-01 0.4955120E-01 0.4961839E-01 0.4971407E-01 0.4983086E-01 0.4995427E-01 0.5024544E-01 0.5024544E-01 -9999.000 -9999.000 -9999.000 -9999.000 -9999.000 -9999.000 -9999.000 -9999.000 -9999.000 -9999.000 -9999.000 -9999.000 -9999.000 -9999.000 -9999.000 -9999.000 -9999.000 -9999.000 -9999.000 -9999.000 -9999.000 -9999.000 -9999.000 -9999.000 -9999.000 -9999.000
-9999.000 -9999.000 -9999.000 -9999.000 -9999.000 -9999.000 -9999.000 -9999.000 -9999.000 -9999.000 -9999.000 -9999.000 -9999.000 -9999.000 -9999.000 0.5031800E-01 0.5007236E-01 0.4997329E-01 0.4986834E-01 0.4977265E-01 0.4969956E-01 0.4965482E-01 0.4963987E-01 0.4965482E-01 0.4969957E-01 0.4977265E-01 0.4986833E-01 0.4997331E-01 0.5007236E-01 0.5031800E-01 0.5031800E-01 -9999.000 -9999.000 -9999.000 -9999.000 -9999.000 -9999.000 -9999.000 -9999.000 -9999.000 -9999.000 -9999.000 -9999.000 -9999.000 -9999.000 -9999.000 -9999.000 -9999.000 -9999.000 -9999.000 -9999.000 -9999.000 -9999.000 -9999.000 -9999.000 -9999.000 -9999.000
-9999.000 -9999.000 -9999.000 -9999.000 -9999.000 -9999.000 -9999.000 -9999.000 -9999.000 -9999.000 -9999.000 -9999.000 -9999.000 -9999.000 -9999.000 0.5038210E-01 0.5017263E-01 0.5009780E-01 0.5001041E-01 0.4992249E-01 0.4985010E-01 0.4980340E-01 0.4978736E-01 0.4980340E-01 0.4985010E-01 0.4992249E-01 0.5001041E-01 0.5009780E-01 0.5017264E-01 0.5038211E-01 0.5038211E-01 -9999.000 -9999.000 -9999.000 -9999.000 -9999.000 -9999.000 -9999.000 -9999.000 -9999.000 -9999.000 -9999.000 -9999.000 -9999.000 -9999.000 -9999.000 -9999.000 -9999.000 -9999.000 -9999.000 -9999.000 -9999.000 -9999.000 -9999.000 -9999.000 -9999.000 -9999.000
-9999.000 -9999.000 -9999.000 -9999.000 -9999.000 -9999.000 -9999.000 -9999.000 -9999.000 -9999.000 -9999.000 -9999.000 -9999.000 -9999.000 -9999.000 0.5044257E-01 0.5026023E-01 0.5020715E-01 0.5013997E-01 0.5006566E-01 0.5000009E-01 0.4995580E-01 0.4994021E-01 0.4995578E-01 0.5000009E-01 0.5006566E-01 0.5013997E-01 0.5020715E-01 0.5026023E-01 0.5044257E-01 0.5044257E-01 -9999.000 -9999.000 -9999.000 -9999.000 -9999.000 -9999.000 -9999.000 -9999.000 -9999.000 -9999.000 -9999.000 -9999.000 -9999.000 -9999.000 -9999.000 -9999.000 -9999.000 -9999.000 -9999.000 -9999.000 -9999.000 -9999.000 -9999.000 -9999.000 -9999.000 -9999.000
-9999.000 -9999.000 -9999.000 -9999.000 -9999.000 -9999.000 -9999.000 -9999.000 -9999.000 -9999.000 -9999.000 -9999.000 -9999.000 -9999.000 -9999.000 0.5050211E-01 0.5033940E-01 0.5030470E-01 0.5025805E-01 0.5020095E-01 0.5014699E-01 0.5010890E-01 0.5009522E-01 0.5010891E-01 0.5014700E-01 0.5020096E-01 0.5025807E-01 0.5030472E-01 0.5033942E-01 0.5050213E-01 0.5050213E-01 -9999.000 -9999.000 -9999.000 -9999.000 -9999.000 -9999.000 -9999.000 -9999.000 -9999.000 -9999.000 -9999.000 -9999.000 -9999.000 -9999.000 -9999.000 -9999.000 -9999.000 -9999.000 -9999.000 -9999.000 -9999.000 -9999.000 -9999.000 -9999.000 -9999.000 -9999.000
-9999.000 -9999.000 -9999.000 -9999.000 -9999.000 -9999.000 -9999.000 -9999.000 -9999.000 -9999.000 -9999.000 -9999.000 -9999.000 -9999.000 -9999.000 0.5056228E-01 0.5041356E-01 0.5039376E-01 0.5036637E-01 0.5032795E-01 0.5028861E-01 0.5025952E-01 0.5024884E-01 0.5025954E-01 0.5028862E-01 0.5032796E-01 0.5036639E-01 0.5039377E-01 0.5041358E-01 0.5056229E-01 0.5056229E-01 -9999.000 -9999.000 -9999.000 -9999.000 -9999.000 -9999.000 -9999.000 -9999.000 -9999.000 -9999.000 -9999.000 -9999.000 -9999.000 -9999.000 -9999.000 -9999.000 -9999.000 -9999.000 -9999.000 -9999.000 -9999.000 -9999.000 -9999.000 -9999.000 -9999.000 -9999.000
-9999.000 -9999.000 -9999.000 -9999.000 -9999.000 -9999.000 -9999.000 -9999.000 -9999.000 -9999.000 -9999.000 -9999.000 -9999.000 -9999.000 -9999.000 0.5062398E-01 0.5048519E-01 0.5047717E-01 0.5046690E-01 0.5044683E-01 0.5042331E-01 0.5040468E-01 0.5039763E-01 0.5040469E-01 0.5042332E-01 0.5044684E-01 0.5046691E-01 0.5047718E-01 0.5048519E-01 0.5062398E-01 0.5062398E-01 -9999.000 -9999.000 -9999.000 -9999.000 -9999.000 -9999.000 -9999.000 -9999.000 -9999.000 -9999.000 -9999.000 -9999.000 -9999.000 -9999.000 -9999.000 -9999.000 -9999.000 -9999.000 -9999.000 -9999.000 -9999.000 -9999.000 -9999.000 -9999.000 -9999.000 -9999.000
-9999.000 -9999.000 -9999.000 -9999.000 -9999.000 -9999.000 -9999.000 -9999.000 -9999.000 -9999.000 -9999.000 -9999.000 -9999.000 -9999.000 -9999.000 0.5068777E-01 0.5055609E-01 0.5055721E-01 0.5056139E-01 0.5055806E-01 0.5054987E-01 0.5054191E-01 0.5053865E-01 0.5054191E-01 0.5054988E-01 0.5055806E-01 0.5056139E-01 0.5055722E-01 0.5055609E-01 0.5068777E-01 0.5068777E-01 -9999.000 -9999.000 -9999.000 -9999.000 -9999.000 -9999.000 -9999.000 -9999.000 -9999.000 -9999.000 -9999.000 -9999.000 -9999.000 -9999.000 -9999.000 -9999.000 -9999.000 -9999.000 -9999.000 -9999.000 -9999.000 -9999.000 -9999.000 -9999.000 -9999.000 -9999.000
-9999.000 -9999.000 -9999.000 -9999.000 -9999.000 -9999.000 -9999.000 -9999.000 -9999.000 -9999.000 -9999.000 -9999.000 -9999.000 -9999.000 -9999.000 0.5075397E-01 0.5062748E-01 0.5063550E-01 0.5065130E-01 0.5066217E-01 0.5066760E-01 0.5066939E-01 0.5066967E-01 0.5066938E-01 0.5066760E-01 0.5066218E-01 0.5065130E-01 0.5063551E-01 0.5062748E-01 0.5075397E-01 0.5075397E-01 -9999.000 -9999.000 -9999.000 -9999.000 -9999.000 -9999.000 -9999.000 -9999.000 -9999.000 -9999.000 -9999.000 -9999.000 -9999.000 -9999.000 -9999.000 -9999.000 -9999.000 -9999.000 -9999.000 -9999.000 -9999.000 -9999.000 -9999.000 -9999.000 -9999.000 -9999.000
-9999.000 -9999.000 -9999.000 -9999.000 -9999.000 -9999.000 -9999.000 -9999.000 -9999.000 -9999.000 -9999.000 -9999.000 -9999.000 -9999.000 -9999.000 0.9478441E-01 0.7701503E-01 0.6100008E-01 0.5482317E-01 0.5228281E-01 0.5132262E-01 0.5097902E-01 0.5085723E-01 0.5080999E-01 0.5078465E-01 0.5076270E-01 0.5073873E-01 0.5071348E-01 0.5070022E-01 0.5082285E-01 0.5082285E-01 -9999.000 -9999.000 -9999.000 -9999.000 -9999.000 -9999.000 -9999.000 -9999.000 -9999.000 -9999.000 -9999.000 -9999.000 -9999.000 -9999.000 -9999.000 -9999.000 -9999.000 -9999.000 -9999.000 -9999.000 -9999.000 -9999.000 -9999.000 -9999.000 -9999.000 -9999.000
0.5912625E-01 0.5912625E-01 0.5703276E-01 0.9143323E-01 0.9492302E-01 0.9492302E-01 0.9707073E-01 0.1009030 0.1009030 0.1040616 0.1040616 0.1065778 0.1076549 0.1086421 0.1094369 0.1094369 0.1092492 0.1003765 0.8428258E-01 0.6788310E-01 0.5895913E-01 0.5448534E-01 0.5252809E-01 0.5172832E-01 0.5137980E-01 0.5115381E-01 0.5084963E-01 0.5019253E-01 0.4847160E-01 0.4234539E-01 0.4234539E-01 0.1229449E-01 0.1147787E-01 0.1042781E-01 0.1032857E-01 0.1032857E-01 -9999.000 -9999.000 -9999.000 -9999.000 -9999.000 -9999.000 -9999.000 -9999.000 -9999.000 -9999.000 -9999.000 -9999.000 -9999.000 -9999.000 -9999.000 -9999.000 -9999.000 -9999.000 -9999.000 -9999.000 -9999.000
0.5881968E-01 0.5881968E-01 0.5645788E-01 0.9155740E-01 0.9507312E-01 0.9507312E-01 0.9717789E-01 0.1010269 0.1010269 0.1042820 0.1042820 0.1069525 0.1081114 0.1091666 0.1100863 0.1100863 0.1120972 0.1095204 0.1062923 0.1000644 0.8635203E-01 0.7129838E-01 0.6172511E-01 0.5634844E-01 0.5366343E-01 0.5223909E-01 0.5108774E-01 0.4943687E-01 0.4622658E-01 0.3818438E-01 0.3818438E-01 0.1329183E-01 0.1069219E-01 0.1058117E-01 0.1024673E-01 0.1024673E-01 0.1084208E-01 0.1084208E-01 -9999.000 -9999.000 -9999.000 -9999.000 -9999.000 -9999.000 -9999.000 -9999.000 -9999.000 -9999.000 -9999.000 -9999.000 -9999.000 -9999.000 -9999.000 -9999.000 -9999.000 -9999.000 -9999.000
0.5871203E-01 0.5871203E-01 0.5643586E-01 0.9129533E-01 0.9499013E-01 0.9499013E-01 0.9706847E-01 0.1009229 0.1009229 0.1042088 0.1042088 0.1069018 0.1080643 0.1091155 0.1100568 0.1100568 0.1123701 0.1103002 0.1081250 0.1061295 0.1033452 0.9725708E-01 0.8449540E-01 0.7131621E-01 0.6202013E-01 0.5614370E-01 0.5232240E-01 0.4894644E-01 0.4444570E-01 0.3594525E-01 0.3594525E-01 0.1472480E-01 0.1158837E-01 0.1213290E-01 0.1232913E-01 0.1232913E-01 0.1045909E-01 0.1045909E-01 0.1226126E-01 0.1226126E-01 -9999.000 -9999.000 -9999.000 -9999.000 -9999.000 -9999.000 -9999.000 -9999.000 -9999.000 -9999.000 -9999.000 -9999.000 -9999.000 -9999.000 -9999.000 -9999.000 -9999.000
0.5864934E-01 0.5864934E-01 0.5635196E-01 0.9077103E-01 0.9490630E-01 0.9490630E-01 0.9700975E-01 0.1008702 0.1008702 0.1041411 0.1041411 0.1068017 0.1079470 0.1089809 0.1099199 0.1099199 0.1121686 0.1104289 0.1083516 0.1064491 0.1045459 0.1024952 0.9930642E-01 0.9163917E-01 0.7903519E-01 0.6729273E-01 0.5797566E-01 0.5077777E-01 0.4410045E-01 0.3507923E-01 0.3507923E-01 0.1693755E-01 0.1412244E-01 0.1493995E-01 0.1338411E-01 0.1338411E-01 0.1012880E-01 0.1012880E-01 0.1333385E-01 0.1333385E-01 0.1484860E-01 0.1601344E-01 0.1601344E-01 0.1606264E-01 0.1606264E-01 0.1421680E-01 0.1421680E-01 0.1421680E-01 -9999.000 -9999.000 -9999.000 -9999.000 -9999.000 -9999.000 -9999.000 -9999.000 -9999.000
0.5861313E-01 0.5861313E-01 0.5628700E-01 0.8991203E-01 0.9479495E-01 0.9479495E-01 0.9697598E-01 0.1008449 0.1008449 0.1040733 0.1040733 0.1066743 0.1077934 0.1088041 0.1097270 0.1097270 0.1117160 0.1102911 0.1082900 0.1062853 0.1042781 0.1022829 0.1000731 0.9719522E-01 0.9200516E-01 0.8157807E-01 0.6924269E-01 0.5749062E-01 0.4705783E-01 0.3622161E-01 0.3622161E-01 0.1952624E-01 0.1633673E-01 0.1553849E-01 0.1340959E-01 0.1340959E-01 0.1005344E-01 0.1005344E-01 0.1432133E-01 0.1432133E-01 0.1585761E-01 0.1707173E-01 0.1707173E-01 0.1747155E-01 0.1747155E-01 0.1810084E-01 0.1810084E-01 0.1810084E-01 0.1803323E-01 0.1803323E-01 0.1621782E-01 0.1621782E-01 -9999.000 -9999.000 -9999.000 -9999.000 -9999.000
0.5859284E-01 0.5859284E-01 0.5624488E-01 0.8863809E-01 0.9466285E-01 0.9466285E-01 0.9697564E-01 0.1008478 0.1008478 0.1040046 0.1040046 0.1065176 0.1075975 0.1085723 0.1094606 0.1094606 0.1110576 0.1099095 0.1080106 0.1059305 0.1037763 0.1015866 0.9925669E-01 0.9666003E-01 0.9340464E-01 0.8841576E-01 0.7931666E-01 0.6718879E-01 0.5409553E-01 0.4062483E-01 0.4062483E-01 0.2338578E-01 0.1855452E-01 0.1641782E-01 0.1363198E-01 0.1363198E-01 0.1017126E-01 0.1017126E-01 0.1586168E-01 0.1586168E-01 0.1713108E-01 0.1822056E-01 0.1822056E-01 0.1857471E-01 0.1857471E-01 0.1893017E-01 0.1893017E-01 0.1893017E-01 0.1889878E-01 0.1889878E-01 0.1900501E-01 0.1900501E-01 0.1853034E-01 0.1853034E-01 0.1027934E-01 0.1027934E-01 -9999.000
0.5858260E-01 0.5858260E-01 0.5622156E-01 0.8681665E-01 0.9451271E-01 0.9451271E-01 0.9702237E-01 0.1008861 0.1008861 0.1039361 0.1039361 0.1063247 0.1073453 0.1082619 0.1090886 0.1090886 0.1101994 0.1092593 0.1074876 0.1053831 0.1031224 0.1007633 0.9824530E-01 0.9549485E-01 0.9234400E-01 0.8845837E-01 0.8290248E-01 0.7412050E-01 0.6214332E-01 0.4775512E-01 0.4775512E-01 0.2938896E-01 0.2200106E-01 0.1672799E-01 0.1392020E-01 0.1392020E-01 0.1210441E-01 0.1210441E-01 0.1787704E-01 0.1787704E-01 0.1865280E-01 0.1948859E-01 0.1948859E-01 0.1973667E-01 0.1973667E-01 0.1987761E-01 0.1987761E-01 0.1987761E-01 0.1956637E-01 0.1956637E-01 0.1944413E-01 0.1944413E-01 0.1949696E-01 0.1949696E-01 0.1922376E-01 0.1922376E-01 -9999.000
0.5857947E-01 0.5857947E-01 0.5621411E-01 0.8425163E-01 0.9432085E-01 0.9432085E-01 0.9712052E-01 0.1009649 0.1009649 0.1038672 0.1038672 0.1060864 0.1070205 0.1078475 0.1085763 0.1085763 0.1091276 0.1083041 0.1066684 0.1045923 0.1022825 0.9981638E-01 0.9716332E-01 0.9426767E-01 0.9102142E-01 0.8725598E-01 0.8265502E-01 0.7638439E-01 0.6733024E-01 0.5464916E-01 0.5464916E-01 0.3663144E-01 0.2716272E-01 0.1526160E-01 0.1464288E-01 0.1464288E-01 0.1923707E-01 0.1923707E-01 0.2100825E-01 0.2100825E-01 0.2081413E-01 0.2083164E-01 0.2083164E-01 0.2085827E-01 0.2085827E-01 0.2084157E-01 0.2084157E-01 0.2084157E-01 0.2040108E-01 0.2040108E-01 0.2011740E-01 0.2011740E-01 0.1990427E-01 0.1990427E-01 0.1980332E-01 0.1980332E-01 0.1879871E-01
0.5858259E-01 0.5858259E-01 0.5622155E-01 0.8073506E-01 0.9404641E-01 0.9404641E-01 0.9727825E-01 0.1010870 0.1010870 0.1037961 0.1037961 0.1057919 0.1066056 0.1073030 0.1078864 0.1078864 0.1078037 0.1070004 0.1054874 0.1034841 0.1011862 0.9868395E-01 0.9596928E-01 0.9299891E-01 0.8969321E-01 0.8593693E-01 0.8156066E-01 0.7622888E-01 0.6917758E-01 0.5895197E-01 0.5895197E-01 0.4297366E-01 0.3295064E-01 0.1931399E-01 0.1750109E-01 0.1750109E-01 0.2881538E-01 0.2881538E-01 0.2489833E-01 0.2489833E-01 0.2404677E-01 0.2303319E-01 0.2303319E-01 0.2238863E-01 0.2238863E-01 0.2185402E-01 0.2185402E-01 0.2185402E-01 0.2125565E-01 0.2125565E-01 0.2079806E-01 0.2079806E-01 0.2043006E-01 0.2043006E-01 0.2020457E-01 0.2020457E-01 0.1998865E-01
0.5859284E-01 0.5859284E-01 0.5624488E-01 0.7622608E-01 0.9364113E-01 0.9364113E-01 0.9748727E-01 0.1012515 0.1012515 0.1037180 0.1037180 0.1054273 0.1060807 0.1065988 0.1069735 0.1069735 0.1061489 0.1052846 0.1038659 0.1019673 0.9974018E-01 0.9727408E-01 0.9457564E-01 0.9161083E-01 0.8831740E-01 0.8460695E-01 0.8036474E-01 0.7540946E-01 0.6929532E-01 0.6076939E-01 0.6076939E-01 0.4721060E-01 0.3784826E-01 0.3054524E-01 0.4169651E-01 0.4169651E-01 0.3851676E-01 0.3851676E-01 0.3075929E-01 0.3075929E-01 0.2887096E-01 0.2632457E-01 0.2632457E-01 0.2462072E-01 0.2462072E-01 0.2307389E-01 0.2307389E-01 0.2307389E-01 0.2216190E-01 0.2216190E-01 0.2148425E-01 0.2148425E-01 0.2096541E-01 0.2096541E-01 0.2064779E-01 0.2064779E-01 0.2039052E-01
