simulation_files/asc/Depth____170.0.asc
NCOLS       216
NROWS       273
XLLCENTER        494.688995
YLLCENTER        787.867981
CELLSIZE           0.500
NODATA_VALUE     -9999.0
[rows 182 to 207 of 273, columns 120 to 179 of 216]
-9999.000 -9999.000 -9999.000 -9999.000 -9999.000 -9999.000 -9999.000 -9999.000 -9999.000 0.1023959 0.1797080 0.2674234 0.2725468 0.2196381 0.1428153 0.9385844E-01 0.5131440E-01 0.5871860E-01 0.7930624E-01 0.7577555E-01 0.8713789E-01 0.1539413 0.2356132 0.2228028 0.2430738 0.2945107 0.3014556 0.2737927 0.2916060 0.3339867 0.3667727 0.3954029 0.3736485 0.3323473 0.3104875 0.3192702 0.3186588 0.3192777 0.2865664 0.2302166 0.1510569 0.6984676E-01 -9999.000 -9999.000 -9999.000 -9999.000 -9999.000 -9999.000 -9999.000 -9999.000 -9999.000 -9999.000 -9999.000 -9999.000 -9999.000 -9999.000 -9999.000 -9999.000 -9999.000 -9999.000
-9999.000 -9999.000 -9999.000 -9999.000 -9999.000 -9999.000 -9999.000 -9999.000 0.2172547E-01 0.5935081E-01 0.1576742 0.2374493 0.2656511 0.2412357 0.1948807 0.1372609 0.8163169E-01 0.6225908E-01 0.7290535E-01 0.6809927E-01 0.7471254E-01 0.1215568 0.1752334 0.1970214 0.2435759 0.3190275 0.3388767 0.2869804 0.2987368 0.3724331 0.4002231 0.4102098 0.4005825 0.3535585 0.3405715 0.3327038 0.3309532 0.3333693 0.3157535 0.2934413 0.2041591 0.9603390E-01 -9999.000 -9999.000 -9999.000 -9999.000 -9999.000 -9999.000 -9999.000 -9999.000 -9999.000 -9999.000 -9999.000 -9999.000 -9999.000 -9999.000 -9999.000 -9999.000 -9999.000 -9999.000
-9999.000 -9999.000 -9999.000 -9999.000 -9999.000 -9999.000 -9999.000 -9999.000 -9999.000 0.3846041E-01 0.1320753 0.2361300 0.2713553 0.2699935 0.2362544 0.1829590 0.1268592 0.7900904E-01 0.6859042E-01 0.6196837E-01 0.7159791E-01 0.8743039E-01 0.1061967 0.1362247 0.1994965 0.2818425 0.3260161 0.3079138 0.3329796 0.3815964 0.3588959 0.3475535 0.3548301 0.3368616 0.2888970 0.2812775 0.2900374 0.3104749 0.3196702 0.3072939 0.2559940 0.1455091 0.7176260E-01 -9999.000 -9999.000 -9999.000 -9999.000 -9999.000 -9999.000 -9999.000 -9999.000 -9999.000 -9999.000 -9999.000 -9999.000 -9999.000 -9999.000 -9999.000 -9999.000 -9999.000
-9999.000 -9999.000 -9999.000 -9999.000 -9999.000 -9999.000 -9999.000 -9999.000 -9999.000 0.2520299E-01 0.1366842 0.2353217 0.2827916 0.2875433 0.2693137 0.2225530 0.1556637 0.9670814E-01 0.7578996E-01 0.7600888E-01 0.8620626E-01 0.8219859E-01 0.8060497E-01 0.1098986 0.1590346 0.2180254 0.2670358 0.2904783 0.3494573 0.3200711 0.2526156 0.2779980 0.2961608 0.2214999 0.1843193 0.1613855 0.2015303 0.2285722 0.2639705 0.2751643 0.2399816 0.1778921 0.1385991 0.8174353E-01 -9999.000 -9999.000 -9999.000 -9999.000 -9999.000 -9999.000 -9999.000 -9999.000 -9999.000 -9999.000 -9999.000 -9999.000 -9999.000 -9999.000 -9999.000 -9999.000
-9999.000 -9999.000 -9999.000 -9999.000 -9999.000 -9999.000 -9999.000 -9999.000 -9999.000 -9999.000 -9999.000 0.2094759 0.2735185 0.2878218 0.2820402 0.2345125 0.1598181 0.9698033E-01 0.7037149E-01 0.6505015E-01 0.7951622E-01 0.7826522E-01 0.8172671E-01 0.1174015 0.1737166 0.2169522 0.2498887 0.2639742 0.2774027 0.2284786 0.2034518 0.3137437 0.3335869 0.2819560 0.2073223 0.1849286 0.2016849 0.2196699 0.2330240 0.2424563 0.2331371 0.2030032 0.1711039 0.1263349 -9999.000 -9999.000 -9999.000 -9999.000 -9999.000 -9999.000 -9999.000 -9999.000 -9999.000 -9999.000 -9999.000 -9999.000 -9999.000 -9999.000 -9999.000 -9999.000
-9999.000 -9999.000 -9999.000 -9999.000 -9999.000 -9999.000 -9999.000 -9999.000 -9999.000 -9999.000 -9999.000 0.1823157 0.2465999 0.2598148 0.2652269 0.2174280 0.1295250 0.8982859E-01 0.7251587E-01 0.5395499E-01 0.5340603E-01 0.6983970E-01 0.8632950E-01 0.1369105 0.2069043 0.2295277 0.2146576 0.1939448 0.2121463 0.2182419 0.2283755 0.3159088 0.3823030 0.3602914 0.2956507 0.2259229 0.2347177 0.2542330 0.2411064 0.2228011 0.2234632 0.1944989 0.1551713 0.1124982 -9999.000 -9999.000 -9999.000 -9999.000 -9999.000 -9999.000 -9999.000 -9999.000 -9999.000 -9999.000 -9999.000 -9999.000 -9999.000 -9999.000 -9999.000 -9999.000
-9999.000 -9999.000 -9999.000 -9999.000 -9999.000 -9999.000 -9999.000 -9999.000 -9999.000 -9999.000 0.5636252E-01 0.1610750 0.2264824 0.2269343 0.2393328 0.2131321 0.1541863 0.1279545 0.1032218 0.7521800E-01 0.5107931E-01 0.4684717E-01 0.7015456E-01 0.1169422 0.1449566 0.1575776 0.1853927 0.1910727 0.2373209 0.2719525 0.2532980 0.2852979 0.3339751 0.3146422 0.2796872 0.2505128 0.2452540 0.2305638 0.2005721 0.2161029 0.2344265 0.2278051 0.2158934 0.1805937 0.1417364 0.7648336E-01 -9999.000 -9999.000 -9999.000 -9999.000 -9999.000 -9999.000 -9999.000 -9999.000 -9999.000 -9999.000 -9999.000 -9999.000 -9999.000 -9999.000
-9999.000 -9999.000 -9999.000 -9999.000 -9999.000 -9999.000 -9999.000 -9999.000 -9999.000 -9999.000 -9999.000 0.1276597 0.1920919 0.2225753 0.2436734 0.2402209 0.2165197 0.1922209 0.1504596 0.1241925 0.7435672E-01 0.3348100E-01 0.4162539E-01 0.7003310E-01 0.8064938E-01 0.1133849 0.1967922 0.2410682 0.2852500 0.3122532 0.3006213 0.2862083 0.2750897 0.2437179 0.2537230 0.2647240 0.2604636 0.2108123 0.2114965 0.2505963 0.2692254 0.2668653 0.2810915 0.2634903 0.2215520 0.1305602 0.4213560E-01 -9999.000 -9999.000 -9999.000 -9999.000 -9999.000 -9999.000 -9999.000 -9999.000 -9999.000 -9999.000 -9999.000 -9999.000 -9999.000
-9999.000 -9999.000 -9999.000 -9999.000 -9999.000 -9999.000 -9999.000 -9999.000 -9999.000 -9999.000 -9999.000 -9999.000 0.1367017 0.1906811 0.2274800 0.2444685 0.2498308 0.2456950 0.1985262 0.1673042 0.1151785 0.4023905E-01 0.2687529E-01 0.3703376E-01 0.5687303E-01 0.1076919 0.1875762 0.2426777 0.2836667 0.3120162 0.2980338 0.2981253 0.3072115 0.2750771 0.2741850 0.3221614 0.2851155 0.2492609 0.2823726 0.3154440 0.3166851 0.3095010 0.3307283 0.3127792 0.2683267 0.1715704 0.5180451E-01 -9999.000 -9999.000 -9999.000 -9999.000 -9999.000 -9999.000 -9999.000 -9999.000 -9999.000 -9999.000 -9999.000 -9999.000 -9999.000
-9999.000 -9999.000 -9999.000 -9999.000 -9999.000 -9999.000 -9999.000 -9999.000 -9999.000 -9999.000 -9999.000 -9999.000 0.7625607E-01 0.1354442 0.1894517 0.2263846 0.2641611 0.2741525 0.2470854 0.2183527 0.1651471 0.8635452E-01 0.5032168E-01 0.5324958E-01 0.5751228E-01 0.8412965E-01 0.1346316 0.1963577 0.2480173 0.2819059 0.2733862 0.2841249 0.3004996 0.2649984 0.2950062 0.3346313 0.2829424 0.2895237 0.3533376 0.3808956 0.3526931 0.3501555 0.3680883 0.3097880 0.2443226 0.1483349 0.5076826E-01 0.2351082E-01 -9999.000 -9999.000 -9999.000 -9999.000 -9999.000 -9999.000 -9999.000 -9999.000 -9999.000 -9999.000 -9999.000 -9999.000
-9999.000 -9999.000 -9999.000 -9999.000 -9999.000 -9999.000 -9999.000 -9999.000 -9999.000 -9999.000 -9999.000 -9999.000 -9999.000 0.8775683E-01 0.1469904 0.2111214 0.2428632 0.2772512 0.2887658 0.2530479 0.1945155 0.1374790 0.9292310E-01 0.6411388E-01 0.5000732E-01 0.4978782E-01 0.8201132E-01 0.1552556 0.2276204 0.2669603 0.2338532 0.2267771 0.2286638 0.2439823 0.3185376 0.3434457 0.2956496 0.3187661 0.3959925 0.4134728 0.3822570 0.3443512 0.2843973 0.2180028 0.1787217 0.1388861 0.1001772 0.6301891E-01 -9999.000 -9999.000 -9999.000 -9999.000 -9999.000 -9999.000 -9999.000 -9999.000 -9999.000 -9999.000 -9999.000 -9999.000
-9999.000 -9999.000 -9999.000 -9999.000 -9999.000 -9999.000 -9999.000 -9999.000 -9999.000 -9999.000 -9999.000 -9999.000 -9999.000 0.6286204E-01 0.1338291 0.1546194 0.1407850 0.2025562 0.2606686 0.2447209 0.2189443 0.1799137 0.1253709 0.8406503E-01 0.5325645E-01 0.3072612E-01 0.4414389E-01 0.1152013 0.2015552 0.2264451 0.1631374 0.2029257 0.2409594 0.2640191 0.3330163 0.3581048 0.3312399 0.3503529 0.3871125 0.3990736 0.3483443 0.2488305 0.2164099 0.1814865 0.1982595 0.2153655 0.1937126 0.1545857 0.1202573 -9999.000 -9999.000 -9999.000 -9999.000 -9999.000 -9999.000 -9999.000 -9999.000 -9999.000 -9999.000 -9999.000
-9999.000 -9999.000 -9999.000 -9999.000 -9999.000 -9999.000 -9999.000 -9999.000 -9999.000 -9999.000 -9999.000 -9999.000 -9999.000 -9999.000 0.9299756E-01 0.9813024E-01 -9999.000 0.7759915E-01 0.1517789 0.2018467 0.2398168 0.2106490 0.1768595 0.1298688 0.9270455E-01 0.6508900E-01 0.4880071E-01 0.8906971E-01 0.1641810 0.1666938 0.1430841 0.2065587 0.2630213 0.2862530 0.3226958 0.3519811 0.3488069 0.3452598 0.3568352 0.3519197 0.2989270 0.2887721 0.2670507 0.2628360 0.2881686 0.2917243 0.2815577 0.2720522 0.1985680 0.1047013 -9999.000 -9999.000 -9999.000 -9999.000 -9999.000 -9999.000 -9999.000 -9999.000 -9999.000 -9999.000
-9999.000 -9999.000 -9999.000 -9999.000 -9999.000 -9999.000 -9999.000 -9999.000 -9999.000 -9999.000 -9999.000 -9999.000 -9999.000 -9999.000 -9999.000 -9999.000 0.4097055E-01 0.6428830E-01 0.1000013 0.1480172 0.1981365 0.2028124 0.1810782 0.1309853 0.8876165E-01 0.6503434E-01 0.4748683E-01 0.5702386E-01 0.9485043E-01 0.1195663 0.1392099 0.1857372 0.2469515 0.2749863 0.3015081 0.3203115 0.3320060 0.3279031 0.3391927 0.3496070 0.3506708 0.3587939 0.3375157 0.3253899 0.3203460 0.3207270 0.3072659 0.2893103 0.2167103 0.1268487 -9999.000 -9999.000 -9999.000 -9999.000 -9999.000 -9999.000 -9999.000 -9999.000 -9999.000 -9999.000
-9999.000 -9999.000 -9999.000 -9999.000 -9999.000 -9999.000 -9999.000 -9999.000 -9999.000 -9999.000 -9999.000 -9999.000 -9999.000 -9999.000 -9999.000 -9999.000 0.5491542E-01 0.9762222E-01 0.9902680E-01 0.1146295 0.1497413 0.1672285 0.1584380 0.1251085 0.8486776E-01 0.5108724E-01 0.2675164E-01 -9999.000 -9999.000 0.6014717E-01 0.1120348 0.1522274 0.1946865 0.2192211 0.2634475 0.3112291 0.3168249 0.3113794 0.3400521 0.3917072 0.4112881 0.4092234 0.3560287 0.3230334 0.3372589 0.3389437 0.3042763 0.2446916 0.1630866 0.1156284 0.5532067E-01 -9999.000 -9999.000 -9999.000 -9999.000 -9999.000 -9999.000 -9999.000 -9999.000 -9999.000
-9999.000 -9999.000 -9999.000 -9999.000 -9999.000 -9999.000 -9999.000 -9999.000 -9999.000 -9999.000 -9999.000 -9999.000 -9999.000 -9999.000 -9999.000 -9999.000 -9999.000 0.8371041E-01 0.7660920E-01 0.8904271E-01 0.9422016E-01 0.1328478 0.1617290 0.1462318 0.1138584 0.7523891E-01 0.3494213E-01 -9999.000 -9999.000 -9999.000 0.6137892E-01 0.1122804 0.1303397 0.1411757 0.2023686 0.2664943 0.2677091 0.2690891 0.3320713 0.4030162 0.4320263 0.4020147 0.3404414 0.3098378 0.3056815 0.2651882 0.2301789 0.1784825 0.1404054 0.1202862 -9999.000 -9999.000 -9999.000 -9999.000 -9999.000 -9999.000 -9999.000 -9999.000 -9999.000 -9999.000
-9999.000 -9999.000 -9999.000 -9999.000 -9999.000 -9999.000 -9999.000 -9999.000 -9999.000 -9999.000 -9999.000 -9999.000 -9999.000 -9999.000 -9999.000 -9999.000 -9999.000 0.6728963E-01 0.1190998 0.7673119E-01 0.4924929E-01 0.8556822E-01 0.1272619 0.1321259 0.1263584 0.1031505 0.5242265E-01 0.2260999E-01 -9999.000 -9999.000 -9999.000 0.6741837E-01 0.8244311E-01 0.9881644E-01 0.1437293 0.1963560 0.2107369 0.2580429 0.3427440 0.3860289 0.3862632 0.3547842 0.3120028 0.2765921 0.2594288 0.1999680 0.1704259 0.1504879 0.1551580 0.1502644 0.1207686 -9999.000 -9999.000 -9999.000 -9999.000 -9999.000 -9999.000 -9999.000 -9999.000 -9999.000
-9999.000 -9999.000 -9999.000 -9999.000 -9999.000 -9999.000 -9999.000 -9999.000 -9999.000 -9999.000 -9999.000 -9999.000 -9999.000 -9999.000 -9999.000 -9999.000 -9999.000 0.7701918E-01 0.1292401 0.6896232E-01 0.4489799E-01 0.8202620E-01 0.1036961 0.1003378 0.1243684 0.1075887 -9999.000 0.1458972E-01 -9999.000 -9999.000 -9999.000 -9999.000 0.4706131E-01 0.9721904E-01 0.1569228 0.1972967 0.2285486 0.2817628 0.3079252 0.3310950 0.3191111 0.2967073 0.2835966 0.2907391 0.2645866 0.2564127 0.2358411 0.1782581 0.1808979 0.2048551 0.1792919 0.9066145E-01 -9999.000 -9999.000 -9999.000 -9999.000 -9999.000 -9999.000 -9999.000 -9999.000
-9999.000 -9999.000 -9999.000 -9999.000 -9999.000 -9999.000 -9999.000 -9999.000 -9999.000 -9999.000 -9999.000 -9999.000 -9999.000 -9999.000 -9999.000 0.2113642E-01 0.7881410E-01 0.1276176 0.8763768E-01 0.5603372E-01 0.8868241E-01 0.1401632 0.1492392 0.1084018 0.1168096 0.9848628E-01 0.4948992E-01 -9999.000 -9999.000 -9999.000 -9999.000 -9999.000 0.2594232E-01 0.9040716E-01 0.1786212 0.2337569 0.2644032 0.2501679 0.2329427 0.2413643 0.2685458 0.2441075 0.2576638 0.3026302 0.2932673 0.3042856 0.2790888 0.2204557 0.2081907 0.2401323 0.2150345 0.1014221 0.4652822E-01 -9999.000 -9999.000 -9999.000 -9999.000 -9999.000 -9999.000 -9999.000
-9999.000 -9999.000 -9999.000 -9999.000 -9999.000 -9999.000 -9999.000 -9999.000 -9999.000 -9999.000 -9999.000 -9999.000 -9999.000 -9999.000 -9999.000 -9999.000 0.6423771E-01 0.1330179 0.1117203 0.8425059E-01 0.1599840 0.2098614 0.1923543 0.1420212 0.1346645 0.1047035 0.4142438E-01 -9999.000 -9999.000 -9999.000 -9999.000 -9999.000 -9999.000 0.7509605E-01 0.1483416 0.1854132 0.2059603 0.2125999 0.2145514 0.2238110 0.2270518 0.2023188 0.2050996 0.2848071 0.3155439 0.3025002 0.2705183 0.2343012 0.2234786 0.2342044 0.2191915 0.1195474 0.5623555E-01 -9999.000 -9999.000 -9999.000 -9999.000 -9999.000 -9999.000 -9999.000
-9999.000 -9999.000 -9999.000 -9999.000 -9999.000 -9999.000 -9999.000 -9999.000 -9999.000 -9999.000 -9999.000 -9999.000 -9999.000 -9999.000 -9999.000 -9999.000 -9999.000 0.8374520E-01 0.1007688 0.1046016 0.1570770 0.1872813 0.1753749 0.1874028 0.1873895 0.1347594 0.5700035E-01 0.2211674E-01 -9999.000 -9999.000 -9999.000 -9999.000 -9999.000 0.5261743E-01 0.8248050E-01 0.8800291E-01 0.1317426 0.1752725 0.2172885 0.2226117 0.2286221 0.2179554 0.2120814 0.2660052 0.2980896 0.2996067 0.2794219 0.2402536 0.2408492 0.2533813 0.2069414 0.1429380 0.1098076 0.4569437E-01 -9999.000 -9999.000 -9999.000 -9999.000 -9999.000 -9999.000
-9999.000 -9999.000 -9999.000 -9999.000 -9999.000 -9999.000 -9999.000 -9999.000 -9999.000 -9999.000 -9999.000 -9999.000 -9999.000 -9999.000 -9999.000 -9999.000 -9999.000 -9999.000 0.6932461E-01 0.8391234E-01 0.1175561 0.1292327 0.1385132 0.1888864 0.2140982 0.1648029 0.9823328E-01 0.4325125E-01 -9999.000 -9999.000 -9999.000 -9999.000 -9999.000 -9999.000 0.7517491E-01 0.9970899E-01 0.1228417 0.1554779 0.1800673 0.1966337 0.2329349 0.2672119 0.2716129 0.2762936 0.2653265 0.2883486 0.2671546 0.2418435 0.2707222 0.2941311 0.2481905 0.2138703 0.1915079 0.1195971 -9999.000 -9999.000 -9999.000 -9999.000 -9999.000 -9999.000
-9999.000 -9999.000 -9999.000 -9999.000 -9999.000 -9999.000 -9999.000 -9999.000 -9999.000 -9999.000 -9999.000 -9999.000 -9999.000 -9999.000 -9999.000 -9999.000 -9999.000 0.4840412E-01 0.8136602E-01 0.6306263E-01 0.6311639E-01 0.9288678E-01 0.1228343 0.1699013 0.2086451 0.1840157 0.1348313 0.7141050E-01 0.3490017E-01 -9999.000 -9999.000 -9999.000 -9999.000 -9999.000 0.7026949E-01 0.1049209 0.1320630 0.1477660 0.1668293 0.1818219 0.2030580 0.2431283 0.2572710 0.2392494 0.2220563 0.2045915 0.1959319 0.2191510 0.2920655 0.3343196 0.3037815 0.2700182 0.2411296 0.2065932 0.1784682 -9999.000 -9999.000 -9999.000 -9999.000 -9999.000
-9999.000 -9999.000 -9999.000 -9999.000 -9999.000 -9999.000 -9999.000 -9999.000 -9999.000 -9999.000 -9999.000 -9999.000 -9999.000 -9999.000 -9999.000 -9999.000 -9999.000 -9999.000 0.4776318E-01 -9999.000 0.3462883E-01 0.1168059 0.1699938 0.1984978 0.1865021 0.1505097 0.1232767 0.8704919E-01 0.4421039E-01 -9999.000 -9999.000 -9999.000 -9999.000 -9999.000 -9999.000 0.5696024E-01 0.9655339E-01 0.1294940 0.1732939 0.1910246 0.2051045 0.2308843 0.2486615 0.1993691 0.1336433 0.9982454E-01 0.1255003 0.2175327 0.3111425 0.3595385 0.3063429 0.2787149 0.2520399 0.2242573 0.1681553 0.8528245E-01 -9999.000 -9999.000 -9999.000 -9999.000
-9999.000 -9999.000 -9999.000 -9999.000 -9999.000 -9999.000 -9999.000 -9999.000 -9999.000 -9999.000 -9999.000 -9999.000 -9999.000 -9999.000 -9999.000 -9999.000 -9999.000 -9999.000 0.1826201E-01 0.2218598E-01 0.4687541E-01 0.1435950 0.2247550 0.2389083 0.1939431 0.1566556 0.1266124 0.1014261 0.5721313E-01 -9999.000 -9999.000 -9999.000 -9999.000 -9999.000 -9999.000 0.3537390E-01 0.7150006E-01 0.1255808 0.1745441 0.2063350 0.2435648 0.2536353 0.2561158 0.2069609 0.1575101 0.1535001 0.1830772 0.2546193 0.2980918 0.2784291 0.2518847 0.2727011 0.2629594 0.2031261 0.1740313 0.1243217 0.4892906E-01 -9999.000 -9999.000 -9999.000
-9999.000 -9999.000 -9999.000 -9999.000 -9999.000 -9999.000 -9999.000 -9999.000 -9999.000 -9999.000 -9999.000 -9999.000 -9999.000 -9999.000 -9999.000 -9999.000 -9999.000 -9999.000 0.1463612E-01 0.3321897E-01 0.6752793E-01 0.1578916 0.2381589 0.2290691 0.1919919 0.1533138 0.1243713 0.1035342 0.7172543E-01 -9999.000 -9999.000 -9999.000 -9999.000 -9999.000 -9999.000 -9999.000 0.5020450E-01 0.1219823 0.1964626 0.2425851 0.2964277 0.3122427 0.2751977 0.2334076 0.2406972 0.3273240 0.3787550 0.3599407 0.3070431 0.2476566 0.2706524 0.3244649 0.3083317 0.2191347 0.1917443 0.1812075 0.1094070 -9999.000 -9999.000 -9999.000
