simulation_files/asc/Depth____000066.asc
NCOLS        79
NROWS        79
XLLCENTER         -1.500000
YLLCENTER         -4.800000
CELLSIZE           0.100
NODATA_VALUE     -9999.0
[rows 0 to 25 of 79, columns 0 to 57 of 79]
-9999.000 -9999.000 -9999.000 -9999.000 -9999.000 -9999.000 -9999.000 -9999.000 -9999.000 -9999.000 -9999.000 -9999.000 -9999.000 -9999.000 -9999.000 0.2842408 0.2843740 0.2842923 0.2841557 0.2839787 0.2837663 0.2835216 0.2832478 0.2829483 0.2826278 0.2822928 0.2819519 0.2816165 0.2813176 0.2816066 0.2816066 -9999.000 -9999.000 -9999.000 -9999.000 -9999.000 -9999.000 -9999.000 -9999.000 -9999.000 -9999.000 -9999.000 -9999.000 -9999.000 -9999.000 -9999.000 -9999.000 -9999.000 -9999.000 -9999.000 -9999.000 -9999.000 -9999.000 -9999.000 -9999.000 -9999.000 -9999.000 -9999.000
-9999.000 -9999.000 -9999.000 -9999.000 -9999.000 -9999.000 -9999.000 -9999.000 -9999.000 -9999.000 -9999.000 -9999.000 -9999.000 -9999.000 -9999.000 0.2861364 0.2862900 0.2862089 0.2860802 0.2859161 0.2857208 0.2854972 0.2852487 0.2849792 0.2846936 0.2843977 0.2840977 0.2837997 0.2835229 0.2837966 0.2837966 -9999.000 -9999.000 -9999.000 -9999.000 -9999.000 -9999.000 -9999.000 -9999.000 -9999.000 -9999.000 -9999.000 -9999.000 -9999.000 -9999.000 -9999.000 -9999.000 -9999.000 -9999.000 -9999.000 -9999.000 -9999.000 -9999.000 -9999.000 -9999.000 -9999.000 -9999.000 -9999.000
-9999.000 -9999.000 -9999.000 -9999.000 -9999.000 -9999.000 -9999.000 -9999.000 -9999.000 -9999.000 -9999.000 -9999.000 -9999.000 -9999.000 -9999.000 0.2881492 0.2883455 0.2882648 0.2881366 0.2879748 0.2877833 0.2875648 0.2873217 0.2870571 0.2867745 0.2864779 0.2861714 0.2858593 0.2855612 0.2858710 0.2858710 -9999.000 -9999.000 -9999.000 -9999.000 -9999.000 -9999.000 -9999.000 -9999.000 -9999.000 -9999.000 -9999.000 -9999.000 -9999.000 -9999.000 -9999.000 -9999.000 -9999.000 -9999.000 -9999.000 -9999.000 -9999.000 -9999.000 -9999.000 -9999.000 -9999.000 -9999.000 -9999.000
-9999.000 -9999.000 -9999.000 -9999.000 -9999.000 -9999.000 -9999.000 -9999.000 -9999.000 -9999.000 -9999.000 -9999.000 -9999.000 -9999.000 -9999.000 0.2901993 0.2904308 0.2903485 0.2902184 0.2900551 0.2898625 0.2896425 0.2893971 0.2891282 0.2888383 0.2885300 0.2882062 0.2878695 0.2875393 0.2878734 0.2878734 -9999.000 -9999.000 -9999.000 -9999.000 -9999.000 -9999.000 -9999.000 -9999.000 -9999.000 -9999.000 -9999.000 -9999.000 -9999.000 -9999.000 -9999.000 -9999.000 -9999.000 -9999.000 -9999.000 -9999.000 -9999.000 -9999.000 -9999.000 -9999.000 -9999.000 -9999.000 -9999.000
-9999.000 -9999.000 -9999.000 -9999.000 -9999.000 -9999.000 -9999.000 -9999.000 -9999.000 -9999.000 -9999.000 -9999.000 -9999.000 -9999.000 -9999.000 0.2922776 0.2925373 0.2924509 0.2923163 0.2921482 0.2919501 0.2917235 0.2914694 0.2911892 0.2908840 0.2905555 0.2902050 0.2898336 0.2894602 0.2898095 0.2898095 -9999.000 -9999.000 -9999.000 -9999.000 -9999.000 -9999.000 -9999.000 -9999.000 -9999.000 -9999.000 -9999.000 -9999.000 -9999.000 -9999.000 -9999.000 -9999.000 -9999.000 -9999.000 -9999.000 -9999.000 -9999.000 -9999.000 -9999.000 -9999.000 -9999.000 -9999.000 -9999.000
-9999.000 -9999.000 -9999.000 -9999.000 -9999.000 -9999.000 -9999.000 -9999.000 -9999.000 -9999.000 -9999.000 -9999.000 -9999.000 -9999.000 -9999.000 0.2943763 0.2946572 0.2945645 0.2944231 0.2942474 0.2940403 0.2938027 0.2935350 0.2932374 0.2929101 0.2925534 0.2921671 0.2917503 0.2913205 0.2916762 0.2916762 -9999.000 -9999.000 -9999.000 -9999.000 -9999.000 -9999.000 -9999.000 -9999.000 -9999.000 -9999.000 -9999.000 -9999.000 -9999.000 -9999.000 -9999.000 -9999.000 -9999.000 -9999.000 -9999.000 -9999.000 -9999.000 -9999.000 -9999.000 -9999.000 -9999.000 -9999.000 -9999.000
-9999.000 -9999.000 -9999.000 -9999.000 -9999.000 -9999.000 -9999.000 -9999.000 -9999.000 -9999.000 -9999.000 -9999.000 -9999.000 -9999.000 -9999.000 0.2964887 0.2967840 0.2966826 0.2965327 0.2963471 0.2961282 0.2958762 0.2955903 0.2952698 0.2949136 0.2945204 0.2940882 0.2936135 0.2931105 0.2934617 0.2934617 -9999.000 -9999.000 -9999.000 -9999.000 -9999.000 -9999.000 -9999.000 -9999.000 -9999.000 -9999.000 -9999.000 -9999.000 -9999.000 -9999.000 -9999.000 -9999.000 -9999.000 -9999.000 -9999.000 -9999.000 -9999.000 -9999.000 -9999.000 -9999.000 -9999.000 -9999.000 -9999.000
-9999.000 -9999.000 -9999.000 -9999.000 -9999.000 -9999.000 -9999.000 -9999.000 -9999.000 -9999.000 -9999.000 -9999.000 -9999.000 -9999.000 -9999.000 0.2986087 0.2989120 0.2987996 0.2986396 0.2984424 0.2982094 0.2979396 0.2976314 0.2972824 0.2968901 0.2964512 0.2959609 0.2954120 0.2948135 0.2951445 0.2951445 -9999.000 -9999.000 -9999.000 -9999.000 -9999.000 -9999.000 -9999.000 -9999.000 -9999.000 -9999.000 -9999.000 -9999.000 -9999.000 -9999.000 -9999.000 -9999.000 -9999.000 -9999.000 -9999.000 -9999.000 -9999.000 -9999.000 -9999.000 -9999.000 -9999.000 -9999.000 -9999.000
-9999.000 -9999.000 -9999.000 -9999.000 -9999.000 -9999.000 -9999.000 -9999.000 -9999.000 -9999.000 -9999.000 -9999.000 -9999.000 -9999.000 -9999.000 0.3007305 0.3010354 0.3009098 0.3007383 0.3005280 0.3002787 0.2999883 0.2996534 0.2992699 0.2988333 0.2983374 0.2977735 0.2971289 0.2964037 0.2966887 0.2966887 -9999.000 -9999.000 -9999.000 -9999.000 -9999.000 -9999.000 -9999.000 -9999.000 -9999.000 -9999.000 -9999.000 -9999.000 -9999.000 -9999.000 -9999.000 -9999.000 -9999.000 -9999.000 -9999.000 -9999.000 -9999.000 -9999.000 -9999.000 -9999.000 -9999.000 -9999.000 -9999.000
-9999.000 -9999.000 -9999.000 -9999.000 -9999.000 -9999.000 -9999.000 -9999.000 -9999.000 -9999.000 -9999.000 -9999.000 -9999.000 -9999.000 -9999.000 0.3028475 0.3031483 0.3030071 0.3028230 0.3025981 0.3023304 0.3020160 0.3016497 0.3012249 0.3007340 0.3001665 0.2995085 0.2987388 0.2978424 0.2980361 0.2980361 -9999.000 -9999.000 -9999.000 -9999.000 -9999.000 -9999.000 -9999.000 -9999.000 -9999.000 -9999.000 -9999.000 -9999.000 -9999.000 -9999.000 -9999.000 -9999.000 -9999.000 -9999.000 -9999.000 -9999.000 -9999.000 -9999.000 -9999.000 -9999.000 -9999.000 -9999.000 -9999.000
-9999.000 -9999.000 -9999.000 -9999.000 -9999.000 -9999.000 -9999.000 -9999.000 -9999.000 -9999.000 -9999.000 -9999.000 -9999.000 -9999.000 -9999.000 0.3049513 0.3052436 0.3050845 0.3048866 0.3046455 0.3043570 0.3040150 0.3036115 0.3031366 0.3025784 0.3019207 0.3011407 0.3002039 0.2990698 0.2990890 0.2990890 -9999.000 -9999.000 -9999.000 -9999.000 -9999.000 -9999.000 -9999.000 -9999.000 -9999.000 -9999.000 -9999.000 -9999.000 -9999.000 -9999.000 -9999.000 -9999.000 -9999.000 -9999.000 -9999.000 -9999.000 -9999.000 -9999.000 -9999.000 -9999.000 -9999.000 -9999.000 -9999.000
-9999.000 -9999.000 -9999.000 -9999.000 -9999.000 -9999.000 -9999.000 -9999.000 -9999.000 -9999.000 -9999.000 -9999.000 -9999.000 -9999.000 -9999.000 0.3070307 0.3073121 0.3071332 0.3069202 0.3066611 0.3063487 0.3059741 0.3055257 0.3049893 0.3043466 0.3035725 0.3026309 0.3014653 0.2999904 0.2996719 0.2996719 -9999.000 -9999.000 -9999.000 -9999.000 -9999.000 -9999.000 -9999.000 -9999.000 -9999.000 -9999.000 -9999.000 -9999.000 -9999.000 -9999.000 -9999.000 -9999.000 -9999.000 -9999.000 -9999.000 -9999.000 -9999.000 -9999.000 -9999.000 -9999.000 -9999.000 -9999.000 -9999.000
-9999.000 -9999.000 -9999.000 -9999.000 -9999.000 -9999.000 -9999.000 -9999.000 -9999.000 -9999.000 -9999.000 -9999.000 -9999.000 -9999.000 -9999.000 0.3090695 0.3093410 0.3091408 0.3089114 0.3086317 0.3082912 0.3078772 0.3073734 0.3067592 0.3060074 0.3050793 0.3039172 0.3024267 0.3004414 0.2994380 0.2994380 -9999.000 -9999.000 -9999.000 -9999.000 -9999.000 -9999.000 -9999.000 -9999.000 -9999.000 -9999.000 -9999.000 -9999.000 -9999.000 -9999.000 -9999.000 -9999.000 -9999.000 -9999.000 -9999.000 -9999.000 -9999.000 -9999.000 -9999.000 -9999.000 -9999.000 -9999.000 -9999.000
-9999.000 -9999.000 -9999.000 -9999.000 -9999.000 -9999.000 -9999.000 -9999.000 -9999.000 -9999.000 -9999.000 -9999.000 -9999.000 -9999.000 -9999.000 0.3110317 0.3113050 0.3110854 0.3108397 0.3105377 0.3101642 0.3097016 0.3091269 0.3084104 0.3075113 0.3063697 0.3048913 0.3029138 0.3001158 0.2976017 0.2976017 -9999.000 -9999.000 -9999.000 -9999.000 -9999.000 -9999.000 -9999.000 -9999.000 -9999.000 -9999.000 -9999.000 -9999.000 -9999.000 -9999.000 -9999.000 -9999.000 -9999.000 -9999.000 -9999.000 -9999.000 -9999.000 -9999.000 -9999.000 -9999.000 -9999.000 -9999.000 -9999.000
-9999.000 -9999.000 -9999.000 -9999.000 -9999.000 -9999.000 -9999.000 -9999.000 -9999.000 -9999.000 -9999.000 -9999.000 -9999.000 -9999.000 -9999.000 0.3118774 0.3128188 0.3128000 0.3126794 0.3124433 0.3120861 0.3115925 0.3109365 0.3100792 0.3089633 0.3074980 0.3055289 0.3027631 0.2985310 0.2917640 0.2917640 -9999.000 -9999.000 -9999.000 -9999.000 -9999.000 -9999.000 -9999.000 -9999.000 -9999.000 -9999.000 -9999.000 -9999.000 -9999.000 -9999.000 -9999.000 -9999.000 -9999.000 -9999.000 -9999.000 -9999.000 -9999.000 -9999.000 -9999.000 -9999.000 -9999.000 -9999.000 -9999.000
0.2723316 0.2723316 0.2621976 0.2550249 0.2525930 0.2525930 0.2505659 0.2472930 0.2472930 0.2446412 0.2446412 0.2466520 0.2845848 0.3007983 0.3102856 0.3102856 0.3202886 0.3208081 0.3211720 0.3212601 0.3209656 0.3201863 0.3188356 0.3168416 0.3141158 0.3104760 0.3054812 0.2980154 0.2849001 0.2505274 0.2505274 0.1229828 0.9860782E-01 0.9529085E-01 0.1003626 0.1003626 0.1160987 0.1160987 0.1394726 0.1394726 0.1782937 0.2070745 0.2070745 0.2104131 0.2104131 0.2092635 0.2092635 0.2092635 0.2044920 0.2044920 0.1998356 0.1998356 0.1959505 0.1959505 0.1902164 0.1902164 0.1865384 0.1865384
0.2712569 0.2712569 0.2615177 0.2545739 0.2521698 0.2521698 0.2501541 0.2468884 0.2468884 0.2442421 0.2442421 0.2447966 0.2799578 0.3003236 0.3077926 0.3077926 0.3137306 0.3141329 0.3145828 0.3150322 0.3153763 0.3154667 0.3151203 0.3141164 0.3121846 0.3089717 0.3039570 0.2962152 0.2836532 0.2589431 0.2589431 0.1688547 0.1396189 0.1187445 0.1156954 0.1156954 0.1198802 0.1198802 0.1371773 0.1371773 0.1625214 0.2072216 0.2072216 0.2109763 0.2109763 0.2090209 0.2090209 0.2090209 0.2041592 0.2041592 0.1994980 0.1994980 0.1962535 0.1962535 0.1899455 0.1899455 0.1862908 0.1862908
0.2706821 0.2706821 0.2612852 0.2545317 0.2521524 0.2521524 0.2501451 0.2468777 0.2468777 0.2442261 0.2442261 0.2439767 0.2751526 0.2991699 0.3050147 0.3050147 0.3086492 0.3085295 0.3084974 0.3085694 0.3086720 0.3086691 0.3083757 0.3075601 0.3059338 0.3031220 0.2985955 0.2915024 0.2801381 0.2595077 0.2595077 0.1907797 0.1616872 0.1353253 0.1294207 0.1294207 0.1288166 0.1288166 0.1411300 0.1411300 0.1572742 0.2022160 0.2022160 0.2121950 0.2121950 0.2094124 0.2094124 0.2094124 0.2041699 0.2041699 0.1994344 0.1994344 0.1956015 0.1956015 0.1902515 0.1902515 0.1864274 0.1864274
0.2702252 0.2702252 0.2610949 0.2544960 0.2521444 0.2521444 0.2501481 0.2468816 0.2468816 0.2442257 0.2442257 0.2433945 0.2697654 0.2977299 0.3023952 0.3023952 0.3040101 0.3033261 0.3027900 0.3024274 0.3021710 0.3018909 0.3014057 0.3004875 0.2988564 0.2961607 0.2919286 0.2854454 0.2753411 0.2575886 0.2575886 0.2042121 0.1776162 0.1508621 0.1445420 0.1445420 0.1425147 0.1425147 0.1503465 0.1503465 0.1593297 0.1934177 0.1934177 0.2106824 0.2106824 0.2092646 0.2092646 0.2092646 0.2040454 0.2040454 0.1991685 0.1991685 0.1951085 0.1951085 0.1902510 0.1902510 0.1864020 0.1864020
0.2698722 0.2698722 0.2609524 0.2544631 0.2521373 0.2521373 0.2501520 0.2468866 0.2468866 0.2442262 0.2442262 0.2429697 0.2639134 0.2958778 0.2997487 0.2997487 0.2992939 0.2979649 0.2969120 0.2961362 0.2955504 0.2950118 0.2943330 0.2932884 0.2916110 0.2889808 0.2849957 0.2791002 0.2702722 0.2551297 0.2551297 0.2124547 0.1896399 0.1659748 0.1609075 0.1609075 0.1593815 0.1593815 0.1629691 0.1629691 0.1666206 0.1862668 0.1862668 0.2054962 0.2054962 0.2081198 0.2081198 0.2081198 0.2034162 0.2034162 0.1985591 0.1985591 0.1943811 0.1943811 0.1899365 0.1899365 0.1862420 0.1862420
0.2696232 0.2696232 0.2608509 0.2544368 0.2521318 0.2521318 0.2501556 0.2468913 0.2468913 0.2442268 0.2442268 0.2426639 0.2580610 0.2934214 0.2971070 0.2971070 0.2942958 0.2921952 0.2905693 0.2893769 0.2884946 0.2877523 0.2869429 0.2858320 0.2841594 0.2816329 0.2779204 0.2726510 0.2652000 0.2525668 0.2525668 0.2182696 0.1997795 0.1819763 0.1789847 0.1789847 0.1776681 0.1776681 0.1765661 0.1765661 0.1762813 0.1834418 0.1834418 0.1983937 0.1983937 0.2053320 0.2053320 0.2053320 0.2019366 0.2019366 0.1974964 0.1974964 0.1934163 0.1934163 0.1893822 0.1893822 0.1859966 0.1859966
0.2694758 0.2694758 0.2607895 0.2544199 0.2521283 0.2521283 0.2501582 0.2468945 0.2468945 0.2442273 0.2442273 0.2424464 0.2532244 0.2895582 0.2946018 0.2946018 0.2888825 0.2858544 0.2835715 0.2819318 0.2807651 0.2798667 0.2789983 0.2779043 0.2763186 0.2739651 0.2705735 0.2660156 0.2602248 0.2505007 0.2505007 0.2235068 0.2101045 0.1999251 0.1985687 0.1985687 0.1954107 0.1954107 0.1893423 0.1893423 0.1861885 0.1846092 0.1846092 0.1922434 0.1922434 0.2009213 0.2009213 0.2009213 0.1993472 0.1993472 0.1958167 0.1958167 0.1921534 0.1921534 0.1886339 0.1886339 0.1856984 0.1856984
0.2694269 0.2694269 0.2607689 0.2544141 0.2521271 0.2521271 0.2501591 0.2468957 0.2468957 0.2442275 0.2442275 0.2422932 0.2498816 0.2842786 0.2922603 0.2922603 0.2828603 0.2787583 0.2757332 0.2736041 0.2721497 0.2711314 0.2702730 0.2692854 0.2678814 0.2657833 0.2627686 0.2590873 0.2555923 0.2496999 0.2496999 0.2301839 0.2227595 0.2195664 0.2181792 0.2181792 0.2109804 0.2109804 0.2004555 0.2004555 0.1952861 0.1881429 0.1881429 0.1887298 0.1887298 0.1956670 0.1956670 0.1956670 0.1956936 0.1956936 0.1934111 0.1934111 0.1905229 0.1905229 0.1876993 0.1876993 0.1853629 0.1853629
0.2694758 0.2694758 0.2607895 0.2544199 0.2521283 0.2521283 0.2501582 0.2468946 0.2468946 0.2442273 0.2442273 0.2421864 0.2474020 0.2784252 0.2901466 0.2901466 0.2760201 0.2706964 0.2668527 0.2641928 0.2624309 0.2613100 0.2605218 0.2597356 0.2586235 0.2568792 0.2543087 0.2518708 0.2520981 0.2515291 0.2515291 0.2402928 0.2391969 0.2389702 0.2357755 0.2357755 0.2236946 0.2236946 0.2097541 0.2097541 0.2032050 0.1925900 0.1925900 0.1878330 0.1878330 0.1906336 0.1906336 0.1906336 0.1913815 0.1913815 0.1903327 0.1903327 0.1884920 0.1884920 0.1865761 0.1865761 0.1850024 0.1850024
0.2696232 0.2696232 0.2608509 0.2544368 0.2521318 0.2521318 0.2501557 0.2468913 0.2468913 0.2442267 0.2442267 0.2421129 0.2456268 0.2725455 0.2881562 0.2881562 0.2679889 0.2614586 0.2567306 0.2534596 0.2513690 0.2501665 0.2495050 0.2490059 0.2482915 0.2470171 0.2450486 0.2447305 0.2513203 0.2575112 0.2575112 0.2552755 0.2588988 0.2558795 0.2502202 0.2502202 0.2336897 0.2336897 0.2173543 0.2173543 0.2098572 0.1970410 0.1970410 0.1886712 0.1886712 0.1865919 0.1865919 0.1865919 0.1870055 0.1870055 0.1868273 0.1868273 0.1861187 0.1861187 0.1852874 0.1852874 0.1846267 0.1846267
0.2698722 0.2698722 0.2609524 0.2544631 0.2521374 0.2521374 0.2501520 0.2468866 0.2468866 0.2442262 0.2442262 0.2420634 0.2443871 0.2671733 0.2860630 0.2860630 0.2584822 0.2506130 0.2448997 0.2410084 0.2386198 0.2373938 0.2369417 0.2368376 0.2366501 0.2359853 0.2348574 0.2387080 0.2561133 0.2693965 0.2693965 0.2748716 0.2786300 0.2698751 0.2621988 0.2621988 0.2414014 0.2414014 0.2234032 0.2234032 0.2152457 0.2010167 0.2010167 0.1903281 0.1903281 0.1838007 0.1838007 0.1838007 0.1831062 0.1831062 0.1832725 0.1832725 0.1835796 0.1835796 0.1839058 0.1839058 0.1842507 0.1842507
