simulation_files/asc/Depth____184.0.asc
NCOLS        79
NROWS        79
XLLCENTER         -1.500000
YLLCENTER         -4.800000
CELLSIZE           0.100
NODATA_VALUE     -9999.0
[rows 0 to 25 of 79, columns 0 to 58 of 79]
-9999.000 -9999.000 -9999.000 -9999.000 -9999.000 -9999.000 -9999.000 -9999.000 -9999.000 -9999.000 -9999.000 -9999.000 -9999.000 -9999.000 -9999.000 0.7118199 0.7123019 0.7125224 0.7125597 0.7123909 0.7121292 0.7118319 0.7115197 0.7112139 0.7109311 0.7106693 0.7104293 0.7101876 0.7098437 0.7098148 0.7098148 -9999.000 -9999.000 -9999.000 -9999.000 -9999.000 -9999.000 -9999.000 -9999.000 -9999.000 -9999.000 -9999.000 -9999.000 -9999.000 -9999.000 -9999.000 -9999.000 -9999.000 -9999.000 -9999.000 -9999.000 -9999.000 -9999.000 -9999.000 -9999.000 -9999.000 -9999.000 -9999.000 -9999.000
-9999.000 -9999.000 -9999.000 -9999.000 -9999.000 -9999.000 -9999.000 -9999.000 -9999.000 -9999.000 -9999.000 -9999.000 -9999.000 -9999.000 -9999.000 0.7136123 0.7140484 0.7142280 0.7142575 0.7141191 0.7139100 0.7136773 0.7134365 0.7132040 0.7129925 0.7127988 0.7126228 0.7124429 0.7121696 0.7122216 0.7122216 -9999.000 -9999.000 -9999.000 -9999.000 -9999.000 -9999.000 -9999.000 -9999.000 -9999.000 -9999.000 -9999.000 -9999.000 -9999.000 -9999.000 -9999.000 -9999.000 -9999.000 -9999.000 -9999.000 -9999.000 -9999.000 -9999.000 -9999.000 -9999.000 -9999.000 -9999.000 -9999.000 -9999.000
-9999.000 -9999.000 -9999.000 -9999.000 -9999.000 -9999.000 -9999.000 -9999.000 -9999.000 -9999.000 -9999.000 -9999.000 -9999.000 -9999.000 -9999.000 0.7155297 0.7160028 0.7161957 0.7162355 0.7161030 0.7158992 0.7156733 0.7154404 0.7152170 0.7150156 0.7148314 0.7146634 0.7144879 0.7142100 0.7142593 0.7142593 -9999.000 -9999.000 -9999.000 -9999.000 -9999.000 -9999.000 -9999.000 -9999.000 -9999.000 -9999.000 -9999.000 -9999.000 -9999.000 -9999.000 -9999.000 -9999.000 -9999.000 -9999.000 -9999.000 -9999.000 -9999.000 -9999.000 -9999.000 -9999.000 -9999.000 -9999.000 -9999.000 -9999.000
-9999.000 -9999.000 -9999.000 -9999.000 -9999.000 -9999.000 -9999.000 -9999.000 -9999.000 -9999.000 -9999.000 -9999.000 -9999.000 -9999.000 -9999.000 0.7174948 0.7179925 0.7181938 0.7182387 0.7181055 0.7179005 0.7176737 0.7174403 0.7172172 0.7170169 0.7168337 0.7166661 0.7164887 0.7162006 0.7162307 0.7162307 -9999.000 -9999.000 -9999.000 -9999.000 -9999.000 -9999.000 -9999.000 -9999.000 -9999.000 -9999.000 -9999.000 -9999.000 -9999.000 -9999.000 -9999.000 -9999.000 -9999.000 -9999.000 -9999.000 -9999.000 -9999.000 -9999.000 -9999.000 -9999.000 -9999.000 -9999.000 -9999.000 -9999.000
-9999.000 -9999.000 -9999.000 -9999.000 -9999.000 -9999.000 -9999.000 -9999.000 -9999.000 -9999.000 -9999.000 -9999.000 -9999.000 -9999.000 -9999.000 0.7194779 0.7199955 0.7202030 0.7202505 0.7201135 0.7199034 0.7196720 0.7194342 0.7192073 0.7190043 0.7188181 0.7186475 0.7184650 0.7181625 0.7181602 0.7181602 -9999.000 -9999.000 -9999.000 -9999.000 -9999.000 -9999.000 -9999.000 -9999.000 -9999.000 -9999.000 -9999.000 -9999.000 -9999.000 -9999.000 -9999.000 -9999.000 -9999.000 -9999.000 -9999.000 -9999.000 -9999.000 -9999.000 -9999.000 -9999.000 -9999.000 -9999.000 -9999.000 -9999.000
-9999.000 -9999.000 -9999.000 -9999.000 -9999.000 -9999.000 -9999.000 -9999.000 -9999.000 -9999.000 -9999.000 -9999.000 -9999.000 -9999.000 -9999.000 0.7214662 0.7220016 0.7222143 0.7222630 0.7221202 0.7219032 0.7216655 0.7214212 0.7211884 0.7209809 0.7207900 0.7206144 0.7204248 0.7201042 0.7200572 0.7200572 -9999.000 -9999.000 -9999.000 -9999.000 -9999.000 -9999.000 -9999.000 -9999.000 -9999.000 -9999.000 -9999.000 -9999.000 -9999.000 -9999.000 -9999.000 -9999.000 -9999.000 -9999.000 -9999.000 -9999.000 -9999.000 -9999.000 -9999.000 -9999.000 -9999.000 -9999.000 -9999.000 -9999.000
-9999.000 -9999.000 -9999.000 -9999.000 -9999.000 -9999.000 -9999.000 -9999.000 -9999.000 -9999.000 -9999.000 -9999.000 -9999.000 -9999.000 -9999.000 0.7234538 0.7240062 0.7242231 0.7242722 0.7241223 0.7238973 0.7236524 0.7234007 0.7231608 0.7229478 0.7227508 0.7225693 0.7223710 0.7220286 0.7219225 0.7219225 -9999.000 -9999.000 -9999.000 -9999.000 -9999.000 -9999.000 -9999.000 -9999.000 -9999.000 -9999.000 -9999.000 -9999.000 -9999.000 -9999.000 -9999.000 -9999.000 -9999.000 -9999.000 -9999.000 -9999.000 -9999.000 -9999.000 -9999.000 -9999.000 -9999.000 -9999.000 -9999.000 -9999.000
-9999.000 -9999.000 -9999.000 -9999.000 -9999.000 -9999.000 -9999.000 -9999.000 -9999.000 -9999.000 -9999.000 -9999.000 -9999.000 -9999.000 -9999.000 0.7254379 0.7260069 0.7262272 0.7262762 0.7261179 0.7258842 0.7256313 0.7253714 0.7251240 0.7249049 0.7247010 0.7245125 0.7243040 0.7239357 0.7237527 0.7237527 -9999.000 -9999.000 -9999.000 -9999.000 -9999.000 -9999.000 -9999.000 -9999.000 -9999.000 -9999.000 -9999.000 -9999.000 -9999.000 -9999.000 -9999.000 -9999.000 -9999.000 -9999.000 -9999.000 -9999.000 -9999.000 -9999.000 -9999.000 -9999.000 -9999.000 -9999.000 -9999.000 -9999.000
-9999.000 -9999.000 -9999.000 -9999.000 -9999.000 -9999.000 -9999.000 -9999.000 -9999.000 -9999.000 -9999.000 -9999.000 -9999.000 -9999.000 -9999.000 0.7274168 0.7280024 0.7282251 0.7282732 0.7281055 0.7278625 0.7276013 0.7273327 0.7270771 0.7268515 0.7266400 0.7264436 0.7262231 0.7258241 0.7255406 0.7255406 -9999.000 -9999.000 -9999.000 -9999.000 -9999.000 -9999.000 -9999.000 -9999.000 -9999.000 -9999.000 -9999.000 -9999.000 -9999.000 -9999.000 -9999.000 -9999.000 -9999.000 -9999.000 -9999.000 -9999.000 -9999.000 -9999.000 -9999.000 -9999.000 -9999.000 -9999.000 -9999.000 -9999.000
-9999.000 -9999.000 -9999.000 -9999.000 -9999.000 -9999.000 -9999.000 -9999.000 -9999.000 -9999.000 -9999.000 -9999.000 -9999.000 -9999.000 -9999.000 0.7293891 0.7299913 0.7302155 0.7302620 0.7300836 0.7298306 0.7295609 0.7292832 0.7290190 0.7287868 0.7285668 0.7283614 0.7281270 0.7276914 0.7272758 0.7272758 -9999.000 -9999.000 -9999.000 -9999.000 -9999.000 -9999.000 -9999.000 -9999.000 -9999.000 -9999.000 -9999.000 -9999.000 -9999.000 -9999.000 -9999.000 -9999.000 -9999.000 -9999.000 -9999.000 -9999.000 -9999.000 -9999.000 -9999.000 -9999.000 -9999.000 -9999.000 -9999.000 -9999.000
-9999.000 -9999.000 -9999.000 -9999.000 -9999.000 -9999.000 -9999.000 -9999.000 -9999.000 -9999.000 -9999.000 -9999.000 -9999.000 -9999.000 -9999.000 0.7313532 0.7319721 0.7321967 0.7322406 0.7320502 0.7317865 0.7315083 0.7312211 0.7309482 0.7307092 0.7304798 0.7302644 0.7300136 0.7295341 0.7289429 0.7289429 -9999.000 -9999.000 -9999.000 -9999.000 -9999.000 -9999.000 -9999.000 -9999.000 -9999.000 -9999.000 -9999.000 -9999.000 -9999.000 -9999.000 -9999.000 -9999.000 -9999.000 -9999.000 -9999.000 -9999.000 -9999.000 -9999.000 -9999.000 -9999.000 -9999.000 -9999.000 -9999.000 -9999.000
-9999.000 -9999.000 -9999.000 -9999.000 -9999.000 -9999.000 -9999.000 -9999.000 -9999.000 -9999.000 -9999.000 -9999.000 -9999.000 -9999.000 -9999.000 0.7333068 0.7339430 0.7341665 0.7342069 0.7340026 0.7337277 0.7334406 0.7331439 0.7328619 0.7326163 0.7323766 0.7321501 0.7318801 0.7313478 0.7305198 0.7305198 -9999.000 -9999.000 -9999.000 -9999.000 -9999.000 -9999.000 -9999.000 -9999.000 -9999.000 -9999.000 -9999.000 -9999.000 -9999.000 -9999.000 -9999.000 -9999.000 -9999.000 -9999.000 -9999.000 -9999.000 -9999.000 -9999.000 -9999.000 -9999.000 -9999.000 -9999.000 -9999.000 -9999.000
-9999.000 -9999.000 -9999.000 -9999.000 -9999.000 -9999.000 -9999.000 -9999.000 -9999.000 -9999.000 -9999.000 -9999.000 -9999.000 -9999.000 -9999.000 0.7352428 0.7358979 0.7361193 0.7361569 0.7359386 0.7356517 0.7353559 0.7350489 0.7347577 0.7345057 0.7342546 0.7340155 0.7337225 0.7331260 0.7319728 0.7319728 -9999.000 -9999.000 -9999.000 -9999.000 -9999.000 -9999.000 -9999.000 -9999.000 -9999.000 -9999.000 -9999.000 -9999.000 -9999.000 -9999.000 -9999.000 -9999.000 -9999.000 -9999.000 -9999.000 -9999.000 -9999.000 -9999.000 -9999.000 -9999.000 -9999.000 -9999.000 -9999.000 -9999.000
-9999.000 -9999.000 -9999.000 -9999.000 -9999.000 -9999.000 -9999.000 -9999.000 -9999.000 -9999.000 -9999.000 -9999.000 -9999.000 -9999.000 -9999.000 0.7369380 0.7376612 0.7379480 0.7380928 0.7379108 0.7376143 0.7373074 0.7369850 0.7366779 0.7364132 0.7361435 0.7358851 0.7355605 0.7348821 0.7332755 0.7332755 -9999.000 -9999.000 -9999.000 -9999.000 -9999.000 -9999.000 -9999.000 -9999.000 -9999.000 -9999.000 -9999.000 -9999.000 -9999.000 -9999.000 -9999.000 -9999.000 -9999.000 -9999.000 -9999.000 -9999.000 -9999.000 -9999.000 -9999.000 -9999.000 -9999.000 -9999.000 -9999.000 -9999.000
-9999.000 -9999.000 -9999.000 -9999.000 -9999.000 -9999.000 -9999.000 -9999.000 -9999.000 -9999.000 -9999.000 -9999.000 -9999.000 -9999.000 -9999.000 0.7264066 0.7348482 0.7395200 0.7426495 0.7432002 0.7423721 0.7415354 0.7407154 0.7399697 0.7393408 0.7387638 0.7382515 0.7376925 0.7367026 0.7337645 0.7337645 -9999.000 -9999.000 -9999.000 -9999.000 -9999.000 -9999.000 -9999.000 -9999.000 -9999.000 -9999.000 -9999.000 -9999.000 -9999.000 -9999.000 -9999.000 -9999.000 -9999.000 -9999.000 -9999.000 -9999.000 -9999.000 -9999.000 -9999.000 -9999.000 -9999.000 -9999.000 -9999.000 -9999.000
0.8292574 0.8292574 0.8317451 0.8072925 0.8027120 0.8027120 0.7991046 0.7931496 0.7931496 0.7882026 0.7882026 0.7839407 0.7820020 0.7801654 0.7784179 0.7784179 0.7434285 0.7421753 0.7409728 0.7398314 0.7409574 0.7426165 0.7445911 0.7470691 0.7501110 0.7528024 0.7551755 0.7560215 0.7514746 0.7261034 0.7261034 0.5220875 0.4838884 0.4584377 0.4495856 0.4495856 0.4343554 0.4343554 0.4298971 0.4298971 0.4361027 0.4727937 0.4727937 0.5452491 0.5452491 0.6435843 0.6435843 0.6435843 0.6519573 0.6519573 0.6448284 0.6448284 0.6313077 0.6313077 0.6160498 0.6160498 0.6013156 0.6013156 0.6013156
0.8261912 0.8261912 0.8306118 0.8063360 0.8016474 0.8016474 0.7979993 0.7920403 0.7920403 0.7871124 0.7871124 0.7828692 0.7809386 0.7791103 0.7773706 0.7773706 0.7479624 0.7421707 0.7372026 0.7326267 0.7293202 0.7268549 0.7251968 0.7245085 0.7248924 0.7260235 0.7278463 0.7298490 0.7304232 0.7237534 0.7237534 0.5883317 0.5337024 0.4775487 0.4610024 0.4610024 0.4396763 0.4396763 0.4346351 0.4346351 0.4406076 0.4739278 0.4739278 0.5349737 0.5349737 0.6340138 0.6340138 0.6340138 0.6493657 0.6493657 0.6443878 0.6443878 0.6315832 0.6315832 0.6166293 0.6166293 0.6020301 0.6020301 0.6020301
0.8246761 0.8246761 0.8301016 0.8064600 0.8017166 0.8017166 0.7980063 0.7920017 0.7920017 0.7870681 0.7870681 0.7828223 0.7808892 0.7790584 0.7773159 0.7773159 0.7515490 0.7420977 0.7335275 0.7256634 0.7190543 0.7136520 0.7094091 0.7063856 0.7046547 0.7040496 0.7044894 0.7056359 0.7063262 0.7022458 0.7022458 0.6195292 0.5640717 0.4950906 0.4733722 0.4733722 0.4478972 0.4478972 0.4465533 0.4465533 0.4555791 0.4899949 0.4899949 0.5385349 0.5385349 0.6227499 0.6227499 0.6227499 0.6430832 0.6430832 0.6416193 0.6416193 0.6303961 0.6303961 0.6160972 0.6160972 0.6018178 0.6018178 0.6018178
0.8236589 0.8236589 0.8293335 0.8065853 0.8018228 0.8018228 0.7980499 0.7919951 0.7919951 0.7870625 0.7870625 0.7828216 0.7808895 0.7790592 0.7773168 0.7773168 0.7540542 0.7416136 0.7296507 0.7185422 0.7088103 0.7006102 0.6939544 0.6888511 0.6853104 0.6832043 0.6824104 0.6826589 0.6831040 0.6806500 0.6806500 0.6296872 0.5817941 0.5113192 0.4876319 0.4876319 0.4630225 0.4630225 0.4698658 0.4698658 0.4826991 0.5151121 0.5151121 0.5474905 0.5474905 0.6089258 0.6089258 0.6089258 0.6316603 0.6316603 0.6348189 0.6348189 0.6266217 0.6266217 0.6139448 0.6139448 0.6006126 0.6006126 0.6006126
0.8231233 0.8231233 0.8283294 0.8067132 0.8019336 0.8019336 0.7980987 0.7919896 0.7919896 0.7870572 0.7870572 0.7828215 0.7808906 0.7790607 0.7773184 0.7773184 0.7550904 0.7400827 0.7250241 0.7108292 0.6981121 0.6871618 0.6780733 0.6708642 0.6655225 0.6619403 0.6599753 0.6593810 0.6595157 0.6581724 0.6581724 0.6268381 0.5886988 0.5242752 0.5026219 0.5026219 0.4874514 0.4874514 0.5059330 0.5059330 0.5203518 0.5436948 0.5436948 0.5582718 0.5582718 0.5950680 0.5950680 0.5950680 0.6167277 0.6167277 0.6242167 0.6242167 0.6201335 0.6201335 0.6101383 0.6101383 0.5985183 0.5985183 0.5985183
0.8230581 0.8230581 0.8271439 0.8068522 0.8020375 0.8020375 0.7981414 0.7919794 0.7919794 0.7870478 0.7870478 0.7828181 0.7808886 0.7790591 0.7773167 0.7773167 0.7543838 0.7369545 0.7190626 0.7020133 0.6865256 0.6729723 0.6615143 0.6522010 0.6450254 0.6399053 0.6367067 0.6352099 0.6349213 0.6342861 0.6342861 0.6154438 0.5870525 0.5347310 0.5202115 0.5202115 0.5243824 0.5243824 0.5517446 0.5517446 0.5624588 0.5703036 0.5703036 0.5687653 0.5687653 0.5835035 0.5835035 0.5835035 0.6008206 0.6008206 0.6108936 0.6108936 0.6111035 0.6111035 0.6046132 0.6046132 0.5954922 0.5954922 0.5954922
0.8237204 0.8237204 0.8255597 0.8069677 0.8021191 0.8021191 0.7981808 0.7919831 0.7919831 0.7870492 0.7870492 0.7828204 0.7808907 0.7790608 0.7773181 0.7773181 0.7516762 0.7317283 0.7111720 0.6915129 0.6735225 0.6576050 0.6439536 0.6326428 0.6236786 0.6170050 0.6125119 0.6100180 0.6091526 0.6088684 0.6088684 0.5981516 0.5789901 0.5463093 0.5458992 0.5458992 0.5747778 0.5747778 0.5989974 0.5989974 0.6010212 0.5920630 0.5920630 0.5783150 0.5783150 0.5753821 0.5753821 0.5753821 0.5861761 0.5861761 0.5963500 0.5963500 0.6000376 0.6000376 0.5974157 0.5974157 0.5914805 0.5914805 0.5914805
0.8238321 0.8238321 0.8251120 0.8070161 0.8021498 0.8021498 0.7981941 0.7919824 0.7919824 0.7870481 0.7870481 0.7828206 0.7808911 0.7790614 0.7773185 0.7773185 0.7466047 0.7238510 0.7007014 0.6786629 0.6584725 0.6405053 0.6249442 0.6118620 0.6012695 0.5931286 0.5873567 0.5838153 0.5822485 0.5820652 0.5820652 0.5769328 0.5671123 0.5665008 0.5873424 0.5873424 0.6323943 0.6323943 0.6387193 0.6387193 0.6309758 0.6088607 0.6088607 0.5869721 0.5869721 0.5707126 0.5707126 0.5707126 0.5741652 0.5741652 0.5821010 0.5821010 0.5877631 0.5877631 0.5887940 0.5887940 0.5865012 0.5865012 0.5865012
0.8237199 0.8237199 0.8255600 0.8069678 0.8021191 0.8021191 0.7981808 0.7919831 0.7919831 0.7870492 0.7870492 0.7828204 0.7808906 0.7790608 0.7773179 0.7773179 0.7386203 0.7126374 0.6868902 0.6626912 0.6406360 0.6210019 0.6039096 0.5893968 0.5774578 0.5680573 0.5611324 0.5565861 0.5542887 0.5542192 0.5542192 0.5539306 0.5560291 0.6058154 0.6474641 0.6474641 0.6842583 0.6842583 0.6669143 0.6669143 0.6520820 0.6218894 0.6218894 0.5948778 0.5948778 0.5688385 0.5688385 0.5688385 0.5652469 0.5652469 0.5693513 0.5693513 0.5752876 0.5752876 0.5792439 0.5792439 0.5807218 0.5807218 0.5807218
0.8230572 0.8230572 0.8271443 0.8068523 0.8020378 0.8020378 0.7981415 0.7919794 0.7919794 0.7870477 0.7870477 0.7828181 0.7808886 0.7790592 0.7773166 0.7773166 0.7268571 0.6971412 0.6687700 0.6426561 0.6191303 0.5982924 0.5801461 0.5646555 0.5517723 0.5414451 0.5336169 0.5282285 0.5253472 0.5261015 0.5261015 0.5330428 0.5555463 0.6692728 0.7153581 0.7153581 0.7200236 0.7200236 0.6852802 0.6852802 0.6667885 0.6323257 0.6323257 0.6020408 0.6020408 0.5689003 0.5689003 0.5689003 0.5592213 0.5592213 0.5588266 0.5588266 0.5635956 0.5635956 0.5694638 0.5694638 0.5744869 0.5744869 0.5744869
0.8231221 0.8231221 0.8283302 0.8067133 0.8019338 0.8019338 0.7980989 0.7919896 0.7919896 0.7870570 0.7870570 0.7828213 0.7808905 0.7790607 0.7773183 0.7773183 0.7099091 0.6759601 0.6450160 0.6173426 0.5928604 0.5714028 0.5527993 0.5369037 0.5236008 0.5128041 0.5044492 0.4985234 0.4955932 0.5001094 0.5001094 0.5240071 0.5831040 0.7435195 0.7692081 0.7692081 0.7398857 0.7398857 0.6973724 0.6973724 0.6774129 0.6407663 0.6407663 0.6082906 0.6082906 0.5700695 0.5700695 0.5700695 0.5555288 0.5555288 0.5507693 0.5507693 0.5534897 0.5534897 0.5602534 0.5602534 0.5683003 0.5683003 0.5683003
