simulation_files/asc/Depth____81.0.asc
NCOLS       411
NROWS       131
XLLCENTER    2538020.000000
YLLCENTER    1152390.000000
CELLSIZE           1.000
NODATA_VALUE     -9999.0
[rows 26 to 51 of 131, columns 240 to 299 of 411]
1.235742 1.342916 1.414856 1.459329 1.481418 1.494694 1.501074 1.503276 1.500543 1.485320 1.491229 1.484272 1.440372 1.297509 0.9831652 0.8181927 0.8157772 0.8360087 0.8393773 0.8080373 0.7513390 0.6905028 0.6437074 0.6226177 0.5994982 0.5729726 0.5420319 0.5201668 0.5050913 0.4944164 0.4831420 0.4793546 0.4771815 0.4810473 0.4866729 0.4885027 0.4907732 0.4979074 0.5046245 0.5018900 0.5062253 0.5111562 0.5101623 0.5133094 0.5202379 0.5287875 0.5314595 0.5384024 0.5466843 0.5452905 0.5483876 0.5562334 0.5654764 0.5650574 0.5727114 0.5792668 0.5782444 0.5783929 0.5828500 0.5870780
1.214866 1.348173 1.421267 1.458810 1.485821 1.509564 1.524870 1.542317 1.554008 1.549972 1.536259 1.505985 1.468466 1.392777 1.148510 0.8294106 0.7740727 0.7906504 0.8205330 0.8327197 0.8140323 0.7682797 0.7089918 0.6546796 0.6306297 0.6088888 0.5884132 0.5663900 0.5324686 0.5044435 0.4844495 0.4614153 0.4413757 0.4296866 0.4251450 0.4180553 0.4200620 0.4238761 0.4275639 0.4240739 0.4280904 0.4296960 0.4251927 0.4303874 0.4369603 0.4418492 0.4417911 0.4479793 0.4538399 0.4558298 0.4553205 0.4635689 0.4691794 0.4742086 0.4847391 0.4936685 0.4977052 0.5017459 0.5096292 0.5123804
1.188589 1.347137 1.427529 1.461317 1.493700 1.525174 1.556493 1.592620 1.613536 1.620818 1.603233 1.566052 1.527653 1.482703 1.305784 0.9459200 0.7718686 0.7762097 0.7843807 0.8203996 0.8467370 0.8368210 0.7957761 0.7236660 0.6654677 0.6177378 0.6136937 0.6081646 0.5883758 0.5682788 0.5441097 0.5097001 0.4736089 0.4380389 0.4112760 0.3933220 0.3801533 0.3733382 0.3662555 0.3629238 0.3624726 0.3632323 0.3606546 0.3625190 0.3659465 0.3635788 0.3663458 0.3697736 0.3736782 0.3708327 0.3767916 0.3844159 0.3894871 0.3948560 0.4049243 0.4159313 0.4204258 0.4337733 0.4464943 0.4557529
1.147234 1.367734 1.434893 1.474066 1.510414 1.546732 1.590329 1.637515 1.663379 1.671873 1.657867 1.620077 1.582594 1.545470 1.427047 1.109169 0.8315488 0.7905109 0.7900886 0.7969320 0.8300953 0.8588607 0.8572356 0.8084348 0.7407835 0.6600415 0.6150117 0.6051641 0.6109013 0.6126958 0.5984957 0.5888215 0.5533669 0.5268054 0.4938230 0.4524889 0.4159307 0.3852106 0.3638163 0.3462944 0.3344331 0.3273576 0.3225874 0.3202513 0.3189593 0.3162381 0.3173802 0.3194479 0.3204594 0.3221286 0.3268828 0.3316957 0.3346234 0.3385251 0.3455443 0.3507640 0.3597803 0.3732000 0.3867749 0.3950246
0.9827405 1.383468 1.448667 1.492575 1.531650 1.566750 1.611959 1.655233 1.681638 1.689491 1.677132 1.653183 1.625635 1.596607 1.547276 1.171477 0.8528230 0.8205189 0.8143646 0.8076456 0.8193011 0.8514261 0.8766065 0.8803326 0.8517224 0.7769132 0.6734197 0.6015116 0.6016421 0.6144071 0.6239589 0.6242741 0.6137507 0.5977503 0.5856295 0.5576776 0.5186798 0.4731312 0.4411349 0.4048775 0.3754243 0.3595467 0.3398833 0.3251230 0.3154569 0.3106226 0.3055862 0.3032285 0.3032987 0.3042643 0.3064615 0.3100371 0.3103023 0.3113554 0.3116809 0.3140372 0.3156465 0.3233448 0.3312562 0.3358014
-9999.000 -9999.000 1.473665 1.515757 1.555815 1.590015 1.633077 1.665658 1.683588 1.689174 1.686794 1.671343 1.653258 1.633245 1.580308 1.326101 0.9454922 0.8642827 0.8552894 0.8425129 0.8357750 0.8530230 0.8809918 0.9015593 0.9153016 0.8909734 0.8153601 0.6737663 0.6258779 0.6125990 0.6315937 0.6463062 0.6529887 0.6518964 0.6427443 0.6231499 0.5943804 0.5577688 0.5371591 0.5023548 0.4722612 0.4492127 0.4202202 0.3902042 0.3693185 0.3556884 0.3380160 0.3227324 0.3126768 0.3048245 0.3003477 0.2981706 0.2955128 0.2921480 0.2883350 0.2840122 0.2825221 0.2861100 0.2891194 0.2898594
-9999.000 -9999.000 -9999.000 -9999.000 1.583591 1.623021 1.669171 1.694098 1.702282 1.698061 1.694943 1.685600 1.665424 1.649022 1.587823 1.407380 1.050890 0.9179237 0.9049280 0.8892441 0.8749297 0.8670618 0.8855495 0.9155491 0.9402379 0.9531581 0.9377410 0.8282199 0.7258446 0.6451066 0.6485071 0.6561254 0.6672642 0.6799938 0.6744403 0.6625893 0.6404008 0.6154278 0.5927276 0.5754029 0.5531303 0.5343119 0.5136618 0.4832683 0.4618706 0.4362331 0.4135561 0.3889830 0.3679788 0.3377253 0.3109954 0.2957178 0.2794958 0.2678702 0.2599787 0.2530031 0.2535594 0.2575845 0.2598224 0.2577131
-9999.000 -9999.000 -9999.000 -9999.000 -9999.000 1.659202 1.712635 1.739119 1.732395 1.717719 1.709201 1.692473 1.667122 1.650027 1.614549 1.440552 1.167954 0.9858599 0.9502771 0.9308422 0.9068079 0.8920813 0.8997885 0.9242926 0.9592342 0.9916342 1.016779 1.005899 0.8966310 0.7536982 0.6836842 0.6635652 0.6658430 0.6716235 0.6802632 0.6841683 0.6750504 0.6722061 0.6552468 0.6428040 0.6266484 0.6035466 0.5801411 0.5567860 0.5348010 0.5067338 0.4804564 0.4629254 0.4437022 0.4162343 0.3798956 0.3429206 0.3028248 0.2680846 0.2468030 0.2374260 0.2373035 0.2403025 0.2401111 0.2394069
-9999.000 -9999.000 -9999.000 -9999.000 -9999.000 -9999.000 -9999.000 1.759527 1.746447 1.731827 1.722221 1.701113 1.664736 1.635548 1.585161 1.493584 1.278405 1.051966 0.9818340 0.9597633 0.9417759 0.9255952 0.9188242 0.9328361 0.9738476 1.029385 1.067757 1.107380 1.046549 0.9229724 0.7716948 0.6740095 0.6600296 0.6620894 0.6735252 0.6894980 0.6942429 0.6986497 0.6987693 0.7014364 0.6833825 0.6604193 0.6337240 0.6091283 0.5943497 0.5636408 0.5240085 0.4985572 0.4791695 0.4631599 0.4459918 0.4255670 0.3900532 0.3476120 0.3058038 0.2774149 0.2515678 0.2406344 0.2370494 0.2369915
-9999.000 -9999.000 -9999.000 -9999.000 -9999.000 -9999.000 -9999.000 -9999.000 -9999.000 1.733249 1.725287 1.703847 1.660883 1.620284 1.576531 1.539536 1.378954 1.167100 1.026335 0.9809739 0.9717056 0.9630816 0.9503131 0.9508630 0.9801956 1.028016 1.080617 1.122506 1.126462 1.049362 0.9137504 0.7637475 0.6952956 0.6625089 0.6713681 0.6855826 0.7031070 0.7136584 0.7140148 0.7160944 0.7199728 0.7131594 0.6913001 0.6630622 0.6334532 0.6064992 0.5729211 0.5400186 0.5077608 0.4840052 0.4736242 0.4682059 0.4648346 0.4567339 0.4476758 0.4062994 0.3435661 0.2887988 0.2581704 0.2464107
-9999.000 -9999.000 -9999.000 -9999.000 -9999.000 -9999.000 -9999.000 -9999.000 -9999.000 -9999.000 1.716990 1.695017 1.668441 1.629747 1.582292 1.538833 1.452447 1.275866 1.101220 1.008526 0.9931656 0.9937902 0.9875955 0.9714355 0.9694427 0.9896107 1.039977 1.089898 1.132868 1.109316 1.032968 0.9057262 0.7926677 0.7234190 0.6849832 0.6858168 0.6953044 0.7149116 0.7264087 0.7315692 0.7354291 0.7352050 0.7320900 0.7052425 0.6777080 0.6493836 0.6220585 0.5997035 0.5684959 0.5339829 0.5125957 0.5015053 0.5010881 0.5089436 0.5204870 0.5200604 0.4901002 0.4392887 0.3770498 0.3165833
-9999.000 -9999.000 -9999.000 -9999.000 -9999.000 -9999.000 -9999.000 -9999.000 -9999.000 -9999.000 -9999.000 -9999.000 1.661304 1.631618 1.583939 1.536029 1.479231 1.352748 1.177748 1.050834 1.016017 1.010373 1.008773 0.9831068 0.9525534 0.9277349 0.9652395 1.020669 1.090868 1.116107 1.104254 1.032511 0.9108649 0.8185812 0.7668751 0.7262567 0.6985996 0.7049342 0.7196055 0.7298636 0.7313000 0.7267789 0.7304776 0.7251298 0.7137383 0.7031663 0.6793844 0.6668434 0.6434997 0.6129735 0.5811187 0.5500716 0.5358215 0.5331961 0.5332222 0.5468922 0.5604797 0.5607607 0.5380900 0.4878924
-9999.000 -9999.000 -9999.000 -9999.000 -9999.000 -9999.000 -9999.000 -9999.000 -9999.000 -9999.000 -9999.000 -9999.000 -9999.000 -9999.000 1.578559 1.543827 1.486550 1.415587 1.257425 1.111702 1.047167 1.028797 1.007290 0.9806382 0.9499278 0.9013980 0.8797805 0.9195432 1.006523 1.060687 1.109418 1.118686 0.9991642 0.8944112 0.8404036 0.8013448 0.7524529 0.7007099 0.6867466 0.6893188 0.6988978 0.7019991 0.7096179 0.7269283 0.7394845 0.7459446 0.7351278 0.7223143 0.7037604 0.6839311 0.6661866 0.6364792 0.5925873 0.5730650 0.5649787 0.5531351 0.5555809 0.5661966 0.5851927 0.6008689
-9999.000 -9999.000 -9999.000 -9999.000 -9999.000 -9999.000 -9999.000 -9999.000 -9999.000 -9999.000 -9999.000 -9999.000 -9999.000 -9999.000 -9999.000 -9999.000 1.489331 1.413678 1.280449 1.149703 1.088797 1.065386 1.027808 0.9751513 0.9753856 0.9263806 0.8255997 0.7846153 0.8527979 0.9623126 1.052004 1.133396 1.101797 0.9736370 0.8487977 0.8174271 0.7978416 0.7389594 0.6790217 0.6447179 0.6556891 0.6681073 0.6936803 0.7095925 0.7308054 0.7503402 0.7551274 0.7536371 0.7462125 0.7303247 0.7101734 0.6801997 0.6510065 0.6198340 0.6073305 0.5899156 0.5796422 0.5781274 0.5895786 0.6102889
-9999.000 -9999.000 -9999.000 -9999.000 -9999.000 -9999.000 -9999.000 -9999.000 -9999.000 -9999.000 -9999.000 -9999.000 -9999.000 -9999.000 -9999.000 -9999.000 -9999.000 1.387061 1.262819 1.177778 1.153185 1.120127 1.058931 0.9844509 0.9579055 0.9180730 0.8255348 0.6421756 0.6281345 0.7628724 0.9112518 1.046600 1.096118 1.022801 0.8819992 0.7840301 0.7611494 0.7674609 0.7223836 0.6716075 0.6248378 0.6276952 0.6480999 0.6657239 0.6876982 0.7102218 0.7338135 0.7402879 0.7466646 0.7373715 0.7261861 0.7134125 0.6914590 0.6632744 0.6437079 0.6338245 0.6229082 0.6156477 0.6144701 0.6152833
-9999.000 -9999.000 -9999.000 -9999.000 -9999.000 -9999.000 -9999.000 -9999.000 -9999.000 -9999.000 -9999.000 -9999.000 -9999.000 -9999.000 -9999.000 -9999.000 -9999.000 -9999.000 -9999.000 1.216063 1.199594 1.149836 1.064313 0.9617606 0.9070559 0.8555289 0.7626031 0.5179193 0.3894214 0.4805280 0.6476177 0.7820415 0.9262740 0.9844084 0.9379961 0.7761347 0.7109725 0.7211477 0.7346971 0.7210864 0.6538748 0.6023940 0.5846374 0.5954563 0.6171929 0.6385075 0.6676761 0.6820465 0.7081009 0.7110583 0.7117528 0.7090419 0.7033721 0.6904126 0.6666099 0.6561761 0.6425894 0.6426817 0.6305156 0.6007576
-9999.000 -9999.000 -9999.000 -9999.000 -9999.000 -9999.000 -9999.000 -9999.000 -9999.000 -9999.000 -9999.000 -9999.000 -9999.000 -9999.000 -9999.000 -9999.000 -9999.000 -9999.000 -9999.000 -9999.000 1.186736 1.121509 1.009204 0.8953910 0.8095035 0.7239941 0.6012219 0.3663356 0.2261037 0.2502598 0.3103324 0.3810391 0.6710259 0.7987857 0.8748684 0.7913342 0.6946284 0.6405406 0.6665015 0.6966235 0.7023013 0.6259294 0.5518540 0.5226013 0.5341678 0.5505227 0.5826877 0.6127485 0.6514518 0.6779570 0.6921529 0.6976573 0.6910145 0.6830279 0.6589009 0.6294784 0.5988906 0.5913105 0.5578878 0.5228857
-9999.000 -9999.000 -9999.000 -9999.000 -9999.000 -9999.000 -9999.000 -9999.000 -9999.000 -9999.000 -9999.000 -9999.000 -9999.000 -9999.000 -9999.000 -9999.000 -9999.000 -9999.000 -9999.000 -9999.000 -9999.000 -9999.000 0.9224409 0.8065925 0.6863729 0.5720887 0.3587252 0.1932831 0.6527823E-01 0.9758483E-01 0.1152771 0.1695663 0.2884861 0.5062118 0.6758585 0.7016249 0.6612907 0.5842723 0.5586806 0.5923425 0.6678785 0.6446839 0.5725381 0.4863557 0.4688744 0.4768453 0.5038588 0.5410321 0.5839700 0.6300971 0.6476286 0.6539260 0.6439603 0.6230081 0.6057557 0.5659086 0.5280394 0.5006184 0.4934997 0.4850032
-9999.000 -9999.000 -9999.000 -9999.000 -9999.000 -9999.000 -9999.000 -9999.000 -9999.000 -9999.000 -9999.000 -9999.000 -9999.000 -9999.000 -9999.000 -9999.000 -9999.000 -9999.000 -9999.000 -9999.000 -9999.000 -9999.000 -9999.000 -9999.000 0.5860075 0.4152635 0.2252606 -9999.000 -9999.000 -9999.000 -9999.000 -9999.000 -9999.000 0.2340637 0.3846433 0.4674159 0.4914127 0.4952458 0.4084792 0.4420776 0.5382975 0.6029179 0.6122357 0.5248457 0.4367525 0.4251229 0.4375818 0.4565971 0.4836743 0.5231990 0.5524449 0.5655057 0.5766370 0.5672786 0.5612377 0.5390051 0.5142914 0.4683238 0.4655191 0.4685626
-9999.000 -9999.000 -9999.000 -9999.000 -9999.000 -9999.000 -9999.000 -9999.000 -9999.000 -9999.000 -9999.000 -9999.000 -9999.000 -9999.000 -9999.000 -9999.000 -9999.000 -9999.000 -9999.000 -9999.000 -9999.000 -9999.000 -9999.000 -9999.000 -9999.000 0.2410483 -9999.000 -9999.000 -9999.000 -9999.000 -9999.000 -9999.000 -9999.000 -9999.000 -9999.000 0.2289324 0.2700325 0.2551067 0.1980268 0.2123844 0.3353574 0.4589011 0.5605577 0.5773461 0.4473082 0.3662550 0.3610175 0.3648419 0.3795257 0.3993234 0.4437149 0.4850700 0.5248596 0.5442062 0.5598939 0.5568824 0.5475926 0.5203842 0.4856978 0.4565545
-9999.000 -9999.000 -9999.000 -9999.000 -9999.000 -9999.000 -9999.000 -9999.000 -9999.000 -9999.000 -9999.000 -9999.000 -9999.000 -9999.000 -9999.000 -9999.000 -9999.000 -9999.000 -9999.000 -9999.000 -9999.000 -9999.000 -9999.000 -9999.000 -9999.000 -9999.000 -9999.000 -9999.000 -9999.000 -9999.000 -9999.000 -9999.000 -9999.000 -9999.000 -9999.000 0.5980429E-01 -9999.000 0.9428812E-01 -9999.000 0.5700530E-01 0.1360566 0.2639667 0.3717543 0.5065051 0.4592624 0.3405969 0.2821452 0.2894097 0.3052264 0.3164160 0.3533272 0.3861007 0.4515512 0.4954927 0.5402325 0.5591028 0.5666114 0.5642609 0.5314127 0.4901509
-9999.000 -9999.000 -9999.000 -9999.000 -9999.000 -9999.000 -9999.000 -9999.000 -9999.000 -9999.000 -9999.000 -9999.000 -9999.000 -9999.000 -9999.000 -9999.000 -9999.000 -9999.000 -9999.000 -9999.000 -9999.000 -9999.000 -9999.000 -9999.000 -9999.000 -9999.000 -9999.000 -9999.000 -9999.000 -9999.000 -9999.000 -9999.000 -9999.000 -9999.000 -9999.000 -9999.000 -9999.000 -9999.000 -9999.000 -9999.000 -9999.000 -9999.000 0.1579081 0.2619170 0.3683323 0.3387330 0.2397427 0.2219304 0.2326852 0.2505366 0.2735059 0.3016964 0.3467102 0.4043361 0.4685804 0.5166443 0.5522828 0.5711998 0.5685706 0.5506861
-9999.000 -9999.000 -9999.000 -9999.000 -9999.000 -9999.000 -9999.000 -9999.000 -9999.000 -9999.000 -9999.000 -9999.000 -9999.000 -9999.000 -9999.000 -9999.000 -9999.000 -9999.000 -9999.000 -9999.000 -9999.000 -9999.000 -9999.000 -9999.000 -9999.000 -9999.000 -9999.000 -9999.000 -9999.000 -9999.000 -9999.000 -9999.000 -9999.000 -9999.000 -9999.000 -9999.000 -9999.000 -9999.000 -9999.000 -9999.000 -9999.000 -9999.000 -9999.000 0.8300367E-01 0.1790574 0.2026586 0.1935998 0.1584290 0.1578953 0.1705563 0.1952511 0.2209190 0.2473782 0.2896042 0.3436557 0.4203116 0.4834569 0.5456592 0.5658018 0.5733462
-9999.000 -9999.000 -9999.000 -9999.000 -9999.000 -9999.000 -9999.000 -9999.000 -9999.000 -9999.000 -9999.000 -9999.000 -9999.000 -9999.000 -9999.000 -9999.000 -9999.000 -9999.000 -9999.000 -9999.000 -9999.000 -9999.000 -9999.000 -9999.000 -9999.000 -9999.000 -9999.000 -9999.000 -9999.000 -9999.000 -9999.000 -9999.000 -9999.000 -9999.000 -9999.000 -9999.000 -9999.000 -9999.000 -9999.000 -9999.000 -9999.000 -9999.000 -9999.000 -9999.000 -9999.000 0.6786894E-01 0.1022663 0.9756099E-01 0.8991522E-01 0.9165662E-01 0.1103162 0.1281442 0.1566970 0.1848004 0.2112122 0.2800983 0.3366820 0.4382153 0.4952744 0.5349925
-9999.000 -9999.000 -9999.000 -9999.000 -9999.000 -9999.000 -9999.000 -9999.000 -9999.000 -9999.000 -9999.000 -9999.000 -9999.000 -9999.000 -9999.000 -9999.000 -9999.000 -9999.000 -9999.000 -9999.000 -9999.000 -9999.000 -9999.000 -9999.000 -9999.000 -9999.000 -9999.000 -9999.000 -9999.000 -9999.000 -9999.000 -9999.000 -9999.000 -9999.000 -9999.000 -9999.000 -9999.000 -9999.000 -9999.000 -9999.000 -9999.000 -9999.000 -9999.000 -9999.000 -9999.000 -9999.000 -9999.000 -9999.000 0.4253936E-01 0.3144126E-01 0.4100635E-01 0.4345910E-01 0.5917234E-01 0.8169239E-01 0.9914313E-01 0.1254750 0.1634757 0.2274061 0.3268518 0.4039240
-9999.000 -9999.000 -9999.000 -9999.000 -9999.000 -9999.000 -9999.000 -9999.000 -9999.000 -9999.000 -9999.000 -9999.000 -9999.000 -9999.000 -9999.000 -9999.000 -9999.000 -9999.000 -9999.000 -9999.000 -9999.000 -9999.000 -9999.000 -9999.000 -9999.000 -9999.000 -9999.000 -9999.000 -9999.000 -9999.000 -9999.000 -9999.000 -9999.000 -9999.000 -9999.000 -9999.000 -9999.000 -9999.000 -9999.000 -9999.000 -9999.000 -9999.000 -9999.000 -9999.000 -9999.000 -9999.000 -9999.000 -9999.000 -9999.000 -9999.000 -9999.000 -9999.000 -9999.000 -9999.000 0.3798994E-01 0.3810668E-01 0.4437665E-01 0.5453214E-01 0.1248336 0.2119963
