simulation_files/asc/Depth____301.0.asc
NCOLS        79
NROWS        79
XLLCENTER         -1.500000
YLLCENTER         -4.800000
CELLSIZE           0.100
NODATA_VALUE     -9999.0
[rows 0 to 25 of 79, columns 0 to 58 of 79]
-9999.000 -9999.000 -9999.000 -9999.000 -9999.000 -9999.000 -9999.000 -9999.000 -9999.000 -9999.000 -9999.000 -9999.000 -9999.000 -9999.000 -9999.000 0.6985303 0.6989644 0.6990534 0.6989393 0.6987333 0.6984830 0.6982058 0.6979223 0.6976466 0.6973823 0.6971360 0.6969047 0.6966556 0.6962805 0.6962360 0.6962360 -9999.000 -9999.000 -9999.000 -9999.000 -9999.000 -9999.000 -9999.000 -9999.000 -9999.000 -9999.000 -9999.000 -9999.000 -9999.000 -9999.000 -9999.000 -9999.000 -9999.000 -9999.000 -9999.000 -9999.000 -9999.000 -9999.000 -9999.000 -9999.000 -9999.000 -9999.000 -9999.000 -9999.000
-9999.000 -9999.000 -9999.000 -9999.000 -9999.000 -9999.000 -9999.000 -9999.000 -9999.000 -9999.000 -9999.000 -9999.000 -9999.000 -9999.000 -9999.000 0.7002960 0.7007034 0.7007760 0.7006814 0.7005157 0.7003184 0.7001027 0.6998850 0.6996759 0.6994777 0.6992952 0.6991252 0.6989384 0.6986380 0.6986772 0.6986772 -9999.000 -9999.000 -9999.000 -9999.000 -9999.000 -9999.000 -9999.000 -9999.000 -9999.000 -9999.000 -9999.000 -9999.000 -9999.000 -9999.000 -9999.000 -9999.000 -9999.000 -9999.000 -9999.000 -9999.000 -9999.000 -9999.000 -9999.000 -9999.000 -9999.000 -9999.000 -9999.000 -9999.000
-9999.000 -9999.000 -9999.000 -9999.000 -9999.000 -9999.000 -9999.000 -9999.000 -9999.000 -9999.000 -9999.000 -9999.000 -9999.000 -9999.000 -9999.000 0.7022095 0.7026495 0.7027310 0.7026421 0.7024822 0.7022918 0.7020845 0.7018765 0.7016782 0.7014909 0.7013187 0.7011570 0.7009740 0.7006670 0.7007022 0.7007022 -9999.000 -9999.000 -9999.000 -9999.000 -9999.000 -9999.000 -9999.000 -9999.000 -9999.000 -9999.000 -9999.000 -9999.000 -9999.000 -9999.000 -9999.000 -9999.000 -9999.000 -9999.000 -9999.000 -9999.000 -9999.000 -9999.000 -9999.000 -9999.000 -9999.000 -9999.000 -9999.000 -9999.000
-9999.000 -9999.000 -9999.000 -9999.000 -9999.000 -9999.000 -9999.000 -9999.000 -9999.000 -9999.000 -9999.000 -9999.000 -9999.000 -9999.000 -9999.000 0.7041732 0.7046330 0.7047184 0.7046297 0.7044693 0.7042789 0.7040716 0.7038645 0.7036675 0.7034817 0.7033110 0.7031497 0.7029639 0.7026440 0.7026576 0.7026576 -9999.000 -9999.000 -9999.000 -9999.000 -9999.000 -9999.000 -9999.000 -9999.000 -9999.000 -9999.000 -9999.000 -9999.000 -9999.000 -9999.000 -9999.000 -9999.000 -9999.000 -9999.000 -9999.000 -9999.000 -9999.000 -9999.000 -9999.000 -9999.000 -9999.000 -9999.000 -9999.000 -9999.000
-9999.000 -9999.000 -9999.000 -9999.000 -9999.000 -9999.000 -9999.000 -9999.000 -9999.000 -9999.000 -9999.000 -9999.000 -9999.000 -9999.000 -9999.000 0.7061573 0.7066312 0.7067181 0.7066267 0.7064627 0.7062686 0.7060575 0.7058470 0.7056473 0.7054586 0.7052851 0.7051205 0.7049282 0.7045901 0.7045678 0.7045678 -9999.000 -9999.000 -9999.000 -9999.000 -9999.000 -9999.000 -9999.000 -9999.000 -9999.000 -9999.000 -9999.000 -9999.000 -9999.000 -9999.000 -9999.000 -9999.000 -9999.000 -9999.000 -9999.000 -9999.000 -9999.000 -9999.000 -9999.000 -9999.000 -9999.000 -9999.000 -9999.000 -9999.000
-9999.000 -9999.000 -9999.000 -9999.000 -9999.000 -9999.000 -9999.000 -9999.000 -9999.000 -9999.000 -9999.000 -9999.000 -9999.000 -9999.000 -9999.000 0.7081481 0.7086335 0.7087203 0.7086244 0.7084552 0.7082559 0.7080390 0.7078233 0.7076187 0.7074250 0.7072467 0.7070767 0.7068752 0.7065145 0.7064419 0.7064419 -9999.000 -9999.000 -9999.000 -9999.000 -9999.000 -9999.000 -9999.000 -9999.000 -9999.000 -9999.000 -9999.000 -9999.000 -9999.000 -9999.000 -9999.000 -9999.000 -9999.000 -9999.000 -9999.000 -9999.000 -9999.000 -9999.000 -9999.000 -9999.000 -9999.000 -9999.000 -9999.000 -9999.000
-9999.000 -9999.000 -9999.000 -9999.000 -9999.000 -9999.000 -9999.000 -9999.000 -9999.000 -9999.000 -9999.000 -9999.000 -9999.000 -9999.000 -9999.000 0.7101392 0.7106346 0.7107201 0.7106186 0.7104433 0.7102379 0.7100143 0.7097922 0.7095817 0.7093818 0.7091976 0.7090209 0.7088081 0.7084198 0.7082803 0.7082803 -9999.000 -9999.000 -9999.000 -9999.000 -9999.000 -9999.000 -9999.000 -9999.000 -9999.000 -9999.000 -9999.000 -9999.000 -9999.000 -9999.000 -9999.000 -9999.000 -9999.000 -9999.000 -9999.000 -9999.000 -9999.000 -9999.000 -9999.000 -9999.000 -9999.000 -9999.000 -9999.000 -9999.000
-9999.000 -9999.000 -9999.000 -9999.000 -9999.000 -9999.000 -9999.000 -9999.000 -9999.000 -9999.000 -9999.000 -9999.000 -9999.000 -9999.000 -9999.000 0.7121274 0.7126319 0.7127147 0.7126067 0.7124246 0.7122126 0.7119817 0.7117527 0.7115357 0.7113289 0.7111380 0.7109534 0.7107273 0.7103059 0.7100782 0.7100782 -9999.000 -9999.000 -9999.000 -9999.000 -9999.000 -9999.000 -9999.000 -9999.000 -9999.000 -9999.000 -9999.000 -9999.000 -9999.000 -9999.000 -9999.000 -9999.000 -9999.000 -9999.000 -9999.000 -9999.000 -9999.000 -9999.000 -9999.000 -9999.000 -9999.000 -9999.000 -9999.000 -9999.000
-9999.000 -9999.000 -9999.000 -9999.000 -9999.000 -9999.000 -9999.000 -9999.000 -9999.000 -9999.000 -9999.000 -9999.000 -9999.000 -9999.000 -9999.000 0.7141105 0.7146234 0.7147024 0.7145868 0.7143975 0.7141784 0.7139397 0.7137035 0.7134795 0.7132652 0.7130668 0.7128735 0.7126318 0.7121708 0.7118266 0.7118266 -9999.000 -9999.000 -9999.000 -9999.000 -9999.000 -9999.000 -9999.000 -9999.000 -9999.000 -9999.000 -9999.000 -9999.000 -9999.000 -9999.000 -9999.000 -9999.000 -9999.000 -9999.000 -9999.000 -9999.000 -9999.000 -9999.000 -9999.000 -9999.000 -9999.000 -9999.000 -9999.000 -9999.000
-9999.000 -9999.000 -9999.000 -9999.000 -9999.000 -9999.000 -9999.000 -9999.000 -9999.000 -9999.000 -9999.000 -9999.000 -9999.000 -9999.000 -9999.000 0.7160867 0.7166077 0.7166814 0.7165571 0.7163601 0.7161337 0.7158866 0.7156428 0.7154116 0.7151890 0.7149826 0.7147794 0.7145194 0.7140109 0.7135111 0.7135111 -9999.000 -9999.000 -9999.000 -9999.000 -9999.000 -9999.000 -9999.000 -9999.000 -9999.000 -9999.000 -9999.000 -9999.000 -9999.000 -9999.000 -9999.000 -9999.000 -9999.000 -9999.000 -9999.000 -9999.000 -9999.000 -9999.000 -9999.000 -9999.000 -9999.000 -9999.000 -9999.000 -9999.000
-9999.000 -9999.000 -9999.000 -9999.000 -9999.000 -9999.000 -9999.000 -9999.000 -9999.000 -9999.000 -9999.000 -9999.000 -9999.000 -9999.000 -9999.000 0.7180538 0.7185829 0.7186499 0.7185157 0.7183101 0.7180760 0.7178200 0.7175685 0.7173296 0.7170982 0.7168829 0.7166685 0.7163868 0.7158208 0.7151108 0.7151108 -9999.000 -9999.000 -9999.000 -9999.000 -9999.000 -9999.000 -9999.000 -9999.000 -9999.000 -9999.000 -9999.000 -9999.000 -9999.000 -9999.000 -9999.000 -9999.000 -9999.000 -9999.000 -9999.000 -9999.000 -9999.000 -9999.000 -9999.000 -9999.000 -9999.000 -9999.000 -9999.000 -9999.000
-9999.000 -9999.000 -9999.000 -9999.000 -9999.000 -9999.000 -9999.000 -9999.000 -9999.000 -9999.000 -9999.000 -9999.000 -9999.000 -9999.000 -9999.000 0.7200092 0.7205466 0.7206053 0.7204596 0.7202449 0.7200026 0.7197373 0.7194774 0.7192304 0.7189893 0.7187643 0.7185370 0.7182291 0.7175930 0.7165934 0.7165934 -9999.000 -9999.000 -9999.000 -9999.000 -9999.000 -9999.000 -9999.000 -9999.000 -9999.000 -9999.000 -9999.000 -9999.000 -9999.000 -9999.000 -9999.000 -9999.000 -9999.000 -9999.000 -9999.000 -9999.000 -9999.000 -9999.000 -9999.000 -9999.000 -9999.000 -9999.000 -9999.000 -9999.000
-9999.000 -9999.000 -9999.000 -9999.000 -9999.000 -9999.000 -9999.000 -9999.000 -9999.000 -9999.000 -9999.000 -9999.000 -9999.000 -9999.000 -9999.000 0.7219486 0.7224954 0.7225440 0.7223853 0.7221607 0.7219097 0.7216342 0.7213656 0.7211098 0.7208577 0.7206217 0.7203791 0.7200392 0.7193161 0.7179092 0.7179092 -9999.000 -9999.000 -9999.000 -9999.000 -9999.000 -9999.000 -9999.000 -9999.000 -9999.000 -9999.000 -9999.000 -9999.000 -9999.000 -9999.000 -9999.000 -9999.000 -9999.000 -9999.000 -9999.000 -9999.000 -9999.000 -9999.000 -9999.000 -9999.000 -9999.000 -9999.000 -9999.000 -9999.000
-9999.000 -9999.000 -9999.000 -9999.000 -9999.000 -9999.000 -9999.000 -9999.000 -9999.000 -9999.000 -9999.000 -9999.000 -9999.000 -9999.000 -9999.000 0.7238037 0.7243847 0.7244474 0.7242936 0.7240623 0.7238039 0.7235175 0.7232385 0.7229716 0.7227052 0.7224548 0.7221924 0.7218112 0.7209781 0.7189855 0.7189855 -9999.000 -9999.000 -9999.000 -9999.000 -9999.000 -9999.000 -9999.000 -9999.000 -9999.000 -9999.000 -9999.000 -9999.000 -9999.000 -9999.000 -9999.000 -9999.000 -9999.000 -9999.000 -9999.000 -9999.000 -9999.000 -9999.000 -9999.000 -9999.000 -9999.000 -9999.000 -9999.000 -9999.000
-9999.000 -9999.000 -9999.000 -9999.000 -9999.000 -9999.000 -9999.000 -9999.000 -9999.000 -9999.000 -9999.000 -9999.000 -9999.000 -9999.000 -9999.000 0.7186372 0.7242044 0.7269309 0.7277895 0.7274271 0.7269938 0.7265051 0.7260211 0.7255588 0.7251104 0.7246987 0.7242878 0.7237356 0.7225993 0.7190285 0.7190285 -9999.000 -9999.000 -9999.000 -9999.000 -9999.000 -9999.000 -9999.000 -9999.000 -9999.000 -9999.000 -9999.000 -9999.000 -9999.000 -9999.000 -9999.000 -9999.000 -9999.000 -9999.000 -9999.000 -9999.000 -9999.000 -9999.000 -9999.000 -9999.000 -9999.000 -9999.000 -9999.000 -9999.000
0.7976920 0.7976920 0.7992470 0.7869746 0.7792309 0.7792309 0.7758543 0.7705456 0.7705456 0.7662058 0.7662058 0.7625872 0.7609867 0.7594966 0.7580523 0.7580523 0.7295414 0.7282514 0.7268760 0.7275817 0.7288333 0.7304650 0.7327124 0.7353389 0.7379014 0.7403920 0.7422687 0.7420223 0.7354488 0.7061412 0.7061412 0.4965928 0.4601401 0.4383962 0.4310957 0.4310957 0.4196509 0.4196509 0.4220051 0.4220051 0.4328907 0.4814158 0.4814158 0.5844211 0.5844211 0.6353626 0.6353626 0.6353626 0.6356841 0.6356841 0.6254276 0.6254276 0.6113785 0.6113785 0.5967457 0.5967457 0.5832934 0.5832934 0.5832934
0.7948896 0.7948896 0.7978916 0.7851643 0.7784870 0.7784870 0.7748752 0.7694725 0.7694725 0.7651463 0.7651463 0.7615491 0.7599573 0.7584752 0.7570391 0.7570391 0.7323596 0.7271141 0.7222960 0.7186664 0.7157975 0.7136840 0.7125287 0.7123463 0.7129939 0.7144435 0.7164381 0.7182819 0.7182034 0.7070529 0.7070529 0.5651363 0.5108205 0.4571502 0.4420770 0.4420770 0.4247257 0.4247257 0.4262134 0.4262134 0.4364287 0.4789367 0.4789367 0.5584304 0.5584304 0.6319144 0.6319144 0.6319144 0.6351929 0.6351929 0.6256381 0.6256381 0.6117833 0.6117833 0.5972998 0.5972998 0.5839058 0.5839058 0.5839058
0.7938426 0.7938426 0.7968393 0.7848528 0.7787786 0.7787786 0.7749907 0.7694391 0.7694391 0.7650930 0.7650930 0.7614938 0.7599013 0.7584178 0.7569731 0.7569731 0.7344756 0.7258378 0.7177284 0.7107317 0.7048282 0.7000172 0.6964051 0.6940221 0.6927887 0.6926708 0.6935089 0.6948047 0.6951844 0.6884364 0.6884364 0.5985909 0.5426239 0.4752934 0.4550557 0.4550557 0.4342479 0.4342479 0.4396434 0.4396434 0.4520651 0.4913656 0.4913656 0.5497250 0.5497250 0.6236386 0.6236386 0.6236386 0.6317559 0.6317559 0.6243147 0.6243147 0.6112483 0.6112483 0.5970844 0.5970844 0.5838760 0.5838760 0.5838760
0.7938590 0.7938590 0.7949440 0.7847130 0.7790500 0.7790500 0.7751378 0.7694361 0.7694361 0.7650761 0.7650761 0.7614861 0.7598970 0.7584156 0.7569599 0.7569599 0.7357179 0.7241396 0.7128773 0.7027147 0.6939158 0.6865658 0.6807335 0.6764286 0.6735712 0.6720841 0.6718210 0.6724024 0.6727899 0.6685115 0.6685115 0.6116988 0.5622692 0.4927796 0.4708520 0.4708520 0.4521955 0.4521955 0.4651865 0.4651865 0.4795133 0.5117561 0.5117561 0.5482867 0.5482867 0.6101238 0.6101238 0.6101238 0.6233730 0.6233730 0.6198139 0.6198139 0.6087555 0.6087555 0.5956200 0.5956200 0.5830869 0.5830869 0.5830869
0.7936099 0.7936099 0.7936898 0.7846528 0.7792725 0.7792725 0.7752741 0.7694350 0.7694350 0.7650598 0.7650598 0.7614791 0.7598937 0.7584147 0.7569407 0.7569407 0.7357116 0.7215038 0.7072960 0.6941469 0.6825322 0.6726471 0.6645819 0.6583518 0.6538881 0.6510909 0.6498054 0.6497117 0.6500077 0.6475064 0.6475064 0.6116053 0.5713582 0.5078435 0.4887584 0.4887584 0.4809498 0.4809498 0.5025117 0.5025117 0.5155495 0.5348721 0.5348721 0.5509685 0.5509685 0.5942957 0.5942957 0.5942957 0.6107031 0.6107031 0.6119298 0.6119298 0.6041439 0.6041439 0.5929531 0.5929531 0.5817196 0.5817196 0.5817196
0.7934294 0.7934294 0.7928280 0.7846237 0.7794353 0.7794353 0.7753822 0.7694348 0.7694348 0.7650456 0.7650456 0.7614731 0.7598906 0.7584137 0.7569118 0.7569118 0.7341710 0.7174508 0.7004931 0.6845729 0.6703039 0.6579695 0.6476981 0.6395255 0.6334063 0.6292458 0.6268950 0.6260802 0.6261784 0.6249453 0.6249453 0.6027356 0.5721644 0.5218699 0.5113991 0.5113991 0.5223968 0.5223968 0.5464696 0.5464696 0.5534887 0.5563961 0.5563961 0.5558751 0.5558751 0.5794935 0.5794935 0.5794935 0.5957106 0.5957106 0.6011211 0.6011211 0.5973608 0.5973608 0.5890043 0.5890043 0.5797751 0.5797751 0.5797751
0.7933198 0.7933198 0.7923254 0.7846112 0.7795351 0.7795351 0.7754516 0.7694348 0.7694348 0.7650362 0.7650362 0.7614690 0.7598885 0.7584130 0.7568702 0.7568702 0.7308089 0.7115054 0.6919318 0.6734607 0.6567604 0.6421583 0.6298071 0.6197600 0.6119952 0.6064366 0.6029554 0.6013262 0.6010764 0.6006854 0.6006854 0.5877542 0.5669768 0.5395942 0.5446396 0.5446396 0.5744686 0.5744686 0.5887246 0.5887246 0.5867177 0.5743826 0.5743826 0.5619442 0.5619442 0.5678415 0.5678415 0.5678415 0.5806134 0.5806134 0.5883747 0.5883747 0.5885894 0.5885894 0.5837179 0.5837179 0.5771996 0.5771996 0.5771996
0.7932829 0.7932829 0.7921606 0.7846079 0.7795687 0.7795687 0.7754755 0.7694349 0.7694349 0.7650329 0.7650329 0.7614676 0.7598878 0.7584128 0.7568113 0.7568113 0.7252502 0.7031331 0.6810046 0.6601906 0.6413252 0.6247199 0.6105189 0.5987749 0.5894771 0.5825679 0.5779445 0.5754322 0.5746977 0.5748487 0.5748487 0.5687038 0.5588669 0.5693992 0.5940881 0.5940881 0.6282774 0.6282774 0.6225598 0.6225598 0.6122178 0.5889114 0.5889114 0.5685868 0.5685868 0.5599942 0.5599942 0.5599942 0.5671671 0.5671671 0.5749661 0.5749661 0.5783181 0.5783181 0.5771808 0.5771808 0.5739730 0.5739730 0.5739730
0.7933198 0.7933198 0.7923254 0.7846113 0.7795351 0.7795351 0.7754516 0.7694348 0.7694348 0.7650362 0.7650362 0.7614690 0.7598885 0.7584131 0.7567288 0.7567288 0.7169464 0.6916606 0.6669796 0.6440264 0.6233032 0.6050365 0.5893174 0.5761675 0.5655667 0.5574648 0.5517818 0.5483922 0.5471160 0.5478035 0.5478035 0.5480350 0.5536998 0.6197561 0.6570793 0.6570793 0.6721841 0.6721841 0.6464782 0.6464782 0.6307557 0.6008404 0.6008404 0.5753940 0.5753940 0.5555816 0.5555816 0.5555816 0.5563517 0.5563517 0.5621554 0.5621554 0.5673062 0.5673062 0.5696843 0.5696843 0.5701674 0.5701674 0.5701674
0.7934293 0.7934293 0.7928278 0.7846238 0.7794354 0.7794354 0.7753822 0.7694347 0.7694347 0.7650456 0.7650456 0.7614731 0.7598905 0.7584138 0.7566141 0.7566141 0.7050507 0.6761597 0.6489142 0.6240587 0.6018498 0.5823525 0.5655519 0.5514035 0.5398521 0.5308381 0.5242937 0.5201411 0.5184404 0.5204577 0.5204577 0.5306174 0.5635269 0.6885476 0.7179858 0.7179858 0.7008061 0.7008061 0.6628717 0.6628717 0.6444308 0.6108122 0.6108122 0.5819411 0.5819411 0.5537447 0.5537447 0.5537447 0.5483931 0.5483931 0.5509206 0.5509206 0.5564560 0.5564560 0.5617357 0.5617357 0.5659818 0.5659818 0.5659818
0.7936099 0.7936099 0.7936897 0.7846529 0.7792726 0.7792726 0.7752743 0.7694350 0.7694350 0.7650596 0.7650596 0.7614792 0.7598937 0.7584148 0.7564549 0.7564549 0.6881976 0.6552595 0.6255146 0.5991049 0.5759060 0.5557346 0.5384153 0.5238016 0.5117792 0.5022612 0.4951788 0.4905181 0.4889387 0.4956472 0.4956472 0.5284457 0.6062339 0.7552478 0.7587228 0.7587228 0.7173845 0.7173845 0.6744698 0.6744698 0.6548226 0.6190762 0.6190762 0.5878340 0.5878340 0.5535669 0.5535669 0.5535669 0.5430117 0.5430117 0.5418368 0.5418368 0.5466576 0.5466576 0.5540093 0.5540093 0.5617579 0.5617579 0.5617579
