simulation_files/asc/Depth____140.0.asc
NCOLS       216
NROWS       273
XLLCENTER        494.688995
YLLCENTER        787.867981
CELLSIZE           0.500
NODATA_VALUE     -9999.0
[rows 182 to 207 of 273, columns 120 to 179 of 216]
-9999.000 -9999.000 -9999.000 -9999.000 -9999.000 -9999.000 -9999.000 -9999.000 0.5348622E-01 0.1014303 0.1851139 0.2737263 0.2770995 0.2234881 0.1474816 0.9902520E-01 0.5514942E-01 0.6018605E-01 0.8146239E-01 0.7831717E-01 0.8954601E-01 0.1576338 0.2405900 0.2257868 0.2459411 0.2984626 0.3060198 0.2781400 0.2959814 0.3385148 0.3710940 0.3994846 0.3777221 0.3360793 0.3141703 0.3234951 0.3227499 0.3231113 0.2902241 0.2337572 0.1544455 0.6757294E-01 -9999.000 -9999.000 -9999.000 -9999.000 -9999.000 -9999.000 -9999.000 -9999.000 -9999.000 -9999.000 -9999.000 -9999.000 -9999.000 -9999.000 -9999.000 -9999.000 -9999.000 -9999.000
-9999.000 -9999.000 -9999.000 -9999.000 -9999.000 -9999.000 -9999.000 -9999.000 0.2162524E-01 0.6184518E-01 0.1616715 0.2412426 0.2696433 0.2453208 0.1990559 0.1422185 0.8617048E-01 0.6447824E-01 0.7702708E-01 0.7051932E-01 0.7741420E-01 0.1252761 0.1800735 0.2011641 0.2457146 0.3221655 0.3430566 0.2912953 0.3037349 0.3779599 0.4044165 0.4133692 0.4040904 0.3571241 0.3445548 0.3366405 0.3343275 0.3371486 0.3197141 0.2975883 0.2078408 0.9152651E-01 0.3254060E-01 -9999.000 -9999.000 -9999.000 -9999.000 -9999.000 -9999.000 -9999.000 -9999.000 -9999.000 -9999.000 -9999.000 -9999.000 -9999.000 -9999.000 -9999.000 -9999.000 -9999.000
-9999.000 -9999.000 -9999.000 -9999.000 -9999.000 -9999.000 -9999.000 -9999.000 -9999.000 0.4047048E-01 0.1342752 0.2398824 0.2755699 0.2743962 0.2407364 0.1879145 0.1322917 0.8245599E-01 0.7124544E-01 0.6403642E-01 0.7398474E-01 0.8919030E-01 0.1081867 0.1387346 0.1998481 0.2829439 0.3305388 0.3123926 0.3392637 0.3835753 0.3587098 0.3487858 0.3571351 0.3388316 0.2902441 0.2818601 0.2916380 0.3133677 0.3232803 0.3110061 0.2599214 0.1484379 0.7571257E-01 -9999.000 -9999.000 -9999.000 -9999.000 -9999.000 -9999.000 -9999.000 -9999.000 -9999.000 -9999.000 -9999.000 -9999.000 -9999.000 -9999.000 -9999.000 -9999.000 -9999.000
-9999.000 -9999.000 -9999.000 -9999.000 -9999.000 -9999.000 -9999.000 -9999.000 -9999.000 0.2778630E-01 0.1408505 0.2400186 0.2875063 0.2923419 0.2742813 0.2276868 0.1610352 0.9993938E-01 0.7820537E-01 0.7773003E-01 0.8808780E-01 0.8316553E-01 0.8042068E-01 0.1106166 0.1571258 0.2207731 0.2717995 0.2942922 0.3526814 0.3208070 0.2546014 0.2804690 0.2980850 0.2226019 0.1852525 0.1619230 0.2035276 0.2313483 0.2668096 0.2780997 0.2421816 0.1807841 0.1429912 0.8697055E-01 -9999.000 -9999.000 -9999.000 -9999.000 -9999.000 -9999.000 -9999.000 -9999.000 -9999.000 -9999.000 -9999.000 -9999.000 -9999.000 -9999.000 -9999.000 -9999.000
-9999.000 -9999.000 -9999.000 -9999.000 -9999.000 -9999.000 -9999.000 -9999.000 -9999.000 -9999.000 -9999.000 0.2142789 0.2783210 0.2927439 0.2871109 0.2393493 0.1626999 0.9875263E-01 0.7297448E-01 0.6701180E-01 0.8099591E-01 0.7975754E-01 0.8336468E-01 0.1186253 0.1755389 0.2201428 0.2522576 0.2625484 0.2775287 0.2304876 0.2118147 0.3179366 0.3370668 0.2855438 0.2108279 0.1885547 0.2059364 0.2236775 0.2363532 0.2451969 0.2361477 0.2060276 0.1748734 0.1299442 -9999.000 -9999.000 -9999.000 -9999.000 -9999.000 -9999.000 -9999.000 -9999.000 -9999.000 -9999.000 -9999.000 -9999.000 -9999.000 -9999.000 -9999.000 -9999.000
-9999.000 -9999.000 -9999.000 -9999.000 -9999.000 -9999.000 -9999.000 -9999.000 -9999.000 -9999.000 -9999.000 0.1873827 0.2515273 0.2647573 0.2693313 0.2202997 0.1310786 0.9193979E-01 0.7579902E-01 0.5698449E-01 0.5565685E-01 0.7215588E-01 0.8892648E-01 0.1401177 0.2089852 0.2315152 0.2143594 0.1946002 0.2148685 0.2214271 0.2329306 0.3204152 0.3865507 0.3639261 0.2988167 0.2293908 0.2390838 0.2583820 0.2445782 0.2265687 0.2270528 0.1975761 0.1584123 0.1160239 -9999.000 -9999.000 -9999.000 -9999.000 -9999.000 -9999.000 -9999.000 -9999.000 -9999.000 -9999.000 -9999.000 -9999.000 -9999.000 -9999.000 -9999.000 -9999.000
-9999.000 -9999.000 -9999.000 -9999.000 -9999.000 -9999.000 -9999.000 -9999.000 -9999.000 -9999.000 0.6259109E-01 0.1667442 0.2314598 0.2314917 0.2431279 0.2161823 0.1568991 0.1312249 0.1071606 0.7938927E-01 0.5459909E-01 0.4931386E-01 0.7320496E-01 0.1195045 0.1463371 0.1603125 0.1878951 0.1948181 0.2417856 0.2764588 0.2579085 0.2896379 0.3374462 0.3165036 0.2813306 0.2536273 0.2496134 0.2348724 0.2052186 0.2208308 0.2392001 0.2326844 0.2209420 0.1858665 0.1481518 0.8302595E-01 -9999.000 -9999.000 -9999.000 -9999.000 -9999.000 -9999.000 -9999.000 -9999.000 -9999.000 -9999.000 -9999.000 -9999.000 -9999.000 -9999.000
-9999.000 -9999.000 -9999.000 -9999.000 -9999.000 -9999.000 -9999.000 -9999.000 -9999.000 -9999.000 -9999.000 0.1331331 0.1969533 0.2272154 0.2480400 0.2443075 0.2205885 0.1966250 0.1556566 0.1302993 0.7987023E-01 0.3634165E-01 0.4368841E-01 0.7161059E-01 0.8214135E-01 0.1174761 0.1997581 0.2451134 0.2896883 0.3169329 0.3051980 0.2899084 0.2773155 0.2446243 0.2556106 0.2681911 0.2649644 0.2154420 0.2163444 0.2558987 0.2746404 0.2723620 0.2870050 0.2701135 0.2289289 0.1368323 0.4595770E-01 -9999.000 -9999.000 -9999.000 -9999.000 -9999.000 -9999.000 -9999.000 -9999.000 -9999.000 -9999.000 -9999.000 -9999.000 -9999.000
-9999.000 -9999.000 -9999.000 -9999.000 -9999.000 -9999.000 -9999.000 -9999.000 -9999.000 -9999.000 -9999.000 -9999.000 0.1415380 0.1954214 0.2321372 0.2491163 0.2546165 0.2511271 0.2044656 0.1734024 0.1216322 0.4387404E-01 0.2946446E-01 0.3932237E-01 0.5918120E-01 0.1102094 0.1907815 0.2465243 0.2878887 0.3171308 0.3021358 0.3011243 0.3095551 0.2767245 0.2774057 0.3270976 0.2901503 0.2541814 0.2877104 0.3212063 0.3225410 0.3153832 0.3371760 0.3200293 0.2755758 0.1775725 0.5325357E-01 -9999.000 -9999.000 -9999.000 -9999.000 -9999.000 -9999.000 -9999.000 -9999.000 -9999.000 -9999.000 -9999.000 -9999.000 -9999.000
-9999.000 -9999.000 -9999.000 -9999.000 -9999.000 -9999.000 -9999.000 -9999.000 -9999.000 -9999.000 -9999.000 -9999.000 0.8760624E-01 0.1399415 0.1939839 0.2309719 0.2690681 0.2794844 0.2523104 0.2243963 0.1722227 0.9193508E-01 0.5474461E-01 0.5753166E-01 0.6112945E-01 0.8688702E-01 0.1377450 0.2001431 0.2523901 0.2862585 0.2757887 0.2859031 0.3018125 0.2672503 0.2994761 0.3399296 0.2880455 0.2947897 0.3591320 0.3870222 0.3588300 0.3562906 0.3745309 0.3140001 0.2494882 0.1543453 0.5403736E-01 0.2543380E-01 -9999.000 -9999.000 -9999.000 -9999.000 -9999.000 -9999.000 -9999.000 -9999.000 -9999.000 -9999.000 -9999.000 -9999.000
-9999.000 -9999.000 -9999.000 -9999.000 -9999.000 -9999.000 -9999.000 -9999.000 -9999.000 -9999.000 -9999.000 -9999.000 -9999.000 0.9184312E-01 0.1512452 0.2155550 0.2478497 0.2829836 0.2949392 0.2603976 0.2018183 0.1427477 0.9792642E-01 0.6813129E-01 0.5434977E-01 0.5320045E-01 0.8536527E-01 0.1589354 0.2314805 0.2695710 0.2330890 0.2274041 0.2308370 0.2480766 0.3235208 0.3484303 0.3005943 0.3241595 0.4018517 0.4195849 0.3879664 0.3481416 0.2858631 0.2187767 0.1821066 0.1443802 0.1046640 0.6634400E-01 -9999.000 -9999.000 -9999.000 -9999.000 -9999.000 -9999.000 -9999.000 -9999.000 -9999.000 -9999.000 -9999.000 -9999.000
-9999.000 -9999.000 -9999.000 -9999.000 -9999.000 -9999.000 -9999.000 -9999.000 -9999.000 -9999.000 -9999.000 -9999.000 -9999.000 0.6678391E-01 0.1379050 0.1588923 0.1458202 0.2084182 0.2669872 0.2513053 0.2242763 0.1846214 0.1294838 0.8788605E-01 0.5728411E-01 0.3386118E-01 0.4690033E-01 0.1183394 0.2051000 0.2270022 0.1623365 0.2061317 0.2451311 0.2688984 0.3380401 0.3629411 0.3362625 0.3556457 0.3925862 0.4045919 0.3519972 0.2512602 0.2196553 0.1852434 0.2038014 0.2213504 0.1992648 0.1595382 0.1243565 -9999.000 -9999.000 -9999.000 -9999.000 -9999.000 -9999.000 -9999.000 -9999.000 -9999.000 -9999.000 -9999.000
-9999.000 -9999.000 -9999.000 -9999.000 -9999.000 -9999.000 -9999.000 -9999.000 -9999.000 -9999.000 -9999.000 -9999.000 -9999.000 -9999.000 0.9699628E-01 0.1022483 -9999.000 0.8238658E-01 0.1567399 0.2064730 0.2440950 0.2146466 0.1812286 0.1345677 0.9785584E-01 0.6934304E-01 0.5311196E-01 0.9194263E-01 0.1669039 0.1666696 0.1448113 0.2109263 0.2678652 0.2911013 0.3273178 0.3565534 0.3533386 0.3499249 0.3616223 0.3567021 0.3032776 0.2936488 0.2726934 0.2690685 0.2948677 0.2982569 0.2878667 0.2777954 0.2028309 0.1092309 -9999.000 -9999.000 -9999.000 -9999.000 -9999.000 -9999.000 -9999.000 -9999.000 -9999.000 -9999.000
-9999.000 -9999.000 -9999.000 -9999.000 -9999.000 -9999.000 -9999.000 -9999.000 -9999.000 -9999.000 -9999.000 -9999.000 -9999.000 -9999.000 -9999.000 -9999.000 0.4362324E-01 0.6714603E-01 0.1033403 0.1518163 0.2016054 0.2059888 0.1850570 0.1352581 0.9255215E-01 0.6887861E-01 0.5095431E-01 0.5940856E-01 0.9653422E-01 0.1207153 0.1416822 0.1896017 0.2510229 0.2788434 0.3053047 0.3242160 0.3358971 0.3324830 0.3441629 0.3546207 0.3559615 0.3645974 0.3441599 0.3323629 0.3271174 0.3269752 0.3139595 0.2946350 0.2202873 0.1329695 -9999.000 -9999.000 -9999.000 -9999.000 -9999.000 -9999.000 -9999.000 -9999.000 -9999.000 -9999.000
-9999.000 -9999.000 -9999.000 -9999.000 -9999.000 -9999.000 -9999.000 -9999.000 -9999.000 -9999.000 -9999.000 -9999.000 -9999.000 -9999.000 -9999.000 -9999.000 0.5643167E-01 0.9557570E-01 0.1012559 0.1170909 0.1521077 0.1697147 0.1618335 0.1278699 0.8755676E-01 0.5338739E-01 0.2809153E-01 -9999.000 -9999.000 0.6234995E-01 0.1148868 0.1549719 0.1978273 0.2208979 0.2662071 0.3148634 0.3211847 0.3167905 0.3457505 0.3971360 0.4168061 0.4153748 0.3619029 0.3288028 0.3420751 0.3440637 0.3073655 0.2474823 0.1664615 0.1223226 0.6241356E-01 -9999.000 -9999.000 -9999.000 -9999.000 -9999.000 -9999.000 -9999.000 -9999.000 -9999.000
-9999.000 -9999.000 -9999.000 -9999.000 -9999.000 -9999.000 -9999.000 -9999.000 -9999.000 -9999.000 -9999.000 -9999.000 -9999.000 -9999.000 -9999.000 -9999.000 -9999.000 0.7217643E-01 0.7641598E-01 0.8995815E-01 0.9495985E-01 0.1346032 0.1643358 0.1491498 0.1167006 0.7795523E-01 0.3675828E-01 -9999.000 -9999.000 -9999.000 0.6266612E-01 0.1133227 0.1325133 0.1441974 0.2067215 0.2719790 0.2745380 0.2762073 0.3383746 0.4087130 0.4374093 0.4065358 0.3440587 0.3117452 0.3068176 0.2648366 0.2307444 0.1792036 0.1431644 0.1251608 -9999.000 -9999.000 -9999.000 -9999.000 -9999.000 -9999.000 -9999.000 -9999.000 -9999.000 -9999.000
-9999.000 -9999.000 -9999.000 -9999.000 -9999.000 -9999.000 -9999.000 -9999.000 -9999.000 -9999.000 -9999.000 -9999.000 -9999.000 -9999.000 -9999.000 -9999.000 -9999.000 0.6381340E-01 0.1197496 0.7725480E-01 0.4985674E-01 0.8713505E-01 0.1297227 0.1351703 0.1294466 0.1058268 0.5437129E-01 0.2506593E-01 -9999.000 -9999.000 -9999.000 0.6469453E-01 0.8280936E-01 0.1020926 0.1489687 0.2027509 0.2188548 0.2665073 0.3492170 0.3911464 0.3907079 0.3579893 0.3141030 0.2788113 0.2623156 0.2033032 0.1744852 0.1539388 0.1579466 0.1536471 0.1046458 -9999.000 -9999.000 -9999.000 -9999.000 -9999.000 -9999.000 -9999.000 -9999.000 -9999.000
-9999.000 -9999.000 -9999.000 -9999.000 -9999.000 -9999.000 -9999.000 -9999.000 -9999.000 -9999.000 -9999.000 -9999.000 -9999.000 -9999.000 -9999.000 -9999.000 -9999.000 0.7971438E-01 0.1312766 0.6920946E-01 0.4578189E-01 0.8374598E-01 0.1060432 0.1032218 0.1276197 0.1106504 -9999.000 -9999.000 -9999.000 -9999.000 -9999.000 0.3217746E-01 0.4769299E-01 0.9972508E-01 0.1613055 0.2037396 0.2370292 0.2867520 0.3098374 0.3332269 0.3215004 0.2991845 0.2869223 0.2952218 0.2698209 0.2620435 0.2413579 0.1826304 0.1850153 0.2090764 0.1749345 0.8984223E-01 -9999.000 -9999.000 -9999.000 -9999.000 -9999.000 -9999.000 -9999.000 -9999.000
-9999.000 -9999.000 -9999.000 -9999.000 -9999.000 -9999.000 -9999.000 -9999.000 -9999.000 -9999.000 -9999.000 -9999.000 -9999.000 -9999.000 -9999.000 0.2407680E-01 0.8172863E-01 0.1312648 0.9033199E-01 0.5640423E-01 0.9049727E-01 0.1423740 0.1517554 0.1109985 0.1200614 0.1021777 0.5192198E-01 -9999.000 -9999.000 -9999.000 -9999.000 -9999.000 -9999.000 0.9359781E-01 0.1832615 0.2405497 0.2661388 0.2491475 0.2324541 0.2417618 0.2702703 0.2472667 0.2615221 0.3072448 0.2986332 0.3099149 0.2835366 0.2240982 0.2122756 0.2444436 0.2179751 0.9582940E-01 0.3504616E-01 -9999.000 -9999.000 -9999.000 -9999.000 -9999.000 -9999.000 -9999.000
-9999.000 -9999.000 -9999.000 -9999.000 -9999.000 -9999.000 -9999.000 -9999.000 -9999.000 -9999.000 -9999.000 -9999.000 -9999.000 -9999.000 -9999.000 -9999.000 0.6665442E-01 0.1359704 0.1157920 0.8557152E-01 0.1612477 0.2121711 0.1950953 0.1447467 0.1375696 0.1083002 0.3929520E-01 -9999.000 0.1005045E-01 -9999.000 -9999.000 -9999.000 -9999.000 0.7843640E-01 0.1521199 0.1863344 0.2042126 0.2135106 0.2180353 0.2266163 0.2305834 0.2062730 0.2094496 0.2897755 0.3211618 0.3078591 0.2744594 0.2375964 0.2268007 0.2378694 0.2227494 0.1236684 0.5603382E-01 -9999.000 -9999.000 -9999.000 -9999.000 -9999.000 -9999.000 -9999.000
-9999.000 -9999.000 -9999.000 -9999.000 -9999.000 -9999.000 -9999.000 -9999.000 -9999.000 -9999.000 -9999.000 -9999.000 -9999.000 -9999.000 -9999.000 -9999.000 -9999.000 0.8534244E-01 0.1043381 0.1069888 0.1586835 0.1894237 0.1780446 0.1902601 0.1904486 0.1381670 0.6062876E-01 0.2428861E-01 0.1270351E-01 -9999.000 -9999.000 -9999.000 -9999.000 0.5506141E-01 0.8403476E-01 0.8921256E-01 0.1328060 0.1783506 0.2202248 0.2263232 0.2332824 0.2229377 0.2172097 0.2715143 0.3035371 0.3050163 0.2830981 0.2436027 0.2441385 0.2566010 0.2104739 0.1473331 0.1121996 0.4406381E-01 -9999.000 -9999.000 -9999.000 -9999.000 -9999.000 -9999.000
-9999.000 -9999.000 -9999.000 -9999.000 -9999.000 -9999.000 -9999.000 -9999.000 -9999.000 -9999.000 -9999.000 -9999.000 -9999.000 -9999.000 -9999.000 -9999.000 -9999.000 -9999.000 0.7244969E-01 0.8642361E-01 0.1196775 0.1310577 0.1405575 0.1914533 0.2172429 0.1682349 0.1018094 0.4640766E-01 -9999.000 -9999.000 -9999.000 -9999.000 -9999.000 -9999.000 0.7802624E-01 0.1026275 0.1259155 0.1582218 0.1830041 0.2006139 0.2375750 0.2724204 0.2771631 0.2818659 0.2710385 0.2925330 0.2700052 0.2451084 0.2740245 0.2972292 0.2519152 0.2187189 0.1960745 0.1234164 -9999.000 -9999.000 -9999.000 -9999.000 -9999.000 -9999.000
-9999.000 -9999.000 -9999.000 -9999.000 -9999.000 -9999.000 -9999.000 -9999.000 -9999.000 -9999.000 -9999.000 -9999.000 -9999.000 -9999.000 -9999.000 -9999.000 -9999.000 0.5107540E-01 0.8370006E-01 0.6038774E-01 0.6031453E-01 0.9438250E-01 0.1248878 0.1727149 0.2120035 0.1877030 0.1385388 0.7467673E-01 0.3776515E-01 -9999.000 -9999.000 -9999.000 -9999.000 -9999.000 0.7325311E-01 0.1080667 0.1349314 0.1508862 0.1708932 0.1864651 0.2076690 0.2476058 0.2615468 0.2434496 0.2247990 0.2058847 0.1985206 0.2227965 0.2947034 0.3379739 0.3099538 0.2763819 0.2465925 0.2119092 0.1858011 -9999.000 -9999.000 -9999.000 -9999.000 -9999.000
-9999.000 -9999.000 -9999.000 -9999.000 -9999.000 -9999.000 -9999.000 -9999.000 -9999.000 -9999.000 -9999.000 -9999.000 -9999.000 -9999.000 -9999.000 -9999.000 -9999.000 -9999.000 0.4782752E-01 -9999.000 0.3479485E-01 0.1189897 0.1731022 0.2021033 0.1903063 0.1544921 0.1272711 0.9113528E-01 0.4740684E-01 -9999.000 -9999.000 -9999.000 -9999.000 -9999.000 -9999.000 0.5903399E-01 0.9843028E-01 0.1327785 0.1780475 0.1963301 0.2104440 0.2359331 0.2526930 0.2024084 0.1355518 0.1015747 0.1299408 0.2224839 0.3167066 0.3678193 0.3159156 0.2861525 0.2589117 0.2317247 0.1755575 0.9058965E-01 -9999.000 -9999.000 -9999.000 -9999.000
-9999.000 -9999.000 -9999.000 -9999.000 -9999.000 -9999.000 -9999.000 -9999.000 -9999.000 -9999.000 -9999.000 -9999.000 -9999.000 -9999.000 -9999.000 -9999.000 -9999.000 -9999.000 0.1922118E-01 0.2427650E-01 0.5077755E-01 0.1481003 0.2291284 0.2429387 0.1978821 0.1604532 0.1302772 0.1048244 0.6005323E-01 -9999.000 -9999.000 -9999.000 -9999.000 -9999.000 -9999.000 0.3682915E-01 0.7296837E-01 0.1290896 0.1799063 0.2124500 0.2497250 0.2592341 0.2608399 0.2110049 0.1607995 0.1573220 0.1883711 0.2617031 0.3069496 0.2888732 0.2587550 0.2790718 0.2693833 0.2087253 0.1790688 0.1293407 0.5317757E-01 -9999.000 -9999.000 -9999.000
-9999.000 -9999.000 -9999.000 -9999.000 -9999.000 -9999.000 -9999.000 -9999.000 -9999.000 -9999.000 -9999.000 -9999.000 -9999.000 -9999.000 -9999.000 -9999.000 -9999.000 -9999.000 0.1483437E-01 0.3550573E-01 0.7226438E-01 0.1626308 0.2426230 0.2332949 0.1960840 0.1571683 0.1279013 0.1066547 0.7431430E-01 -9999.000 -9999.000 -9999.000 -9999.000 -9999.000 -9999.000 -9999.000 0.5131163E-01 0.1262197 0.2034703 0.2495933 0.3030089 0.3185994 0.2807478 0.2379702 0.2450027 0.3323053 0.3843268 0.3660187 0.3139512 0.2530415 0.2759745 0.3304337 0.3140818 0.2233777 0.1967536 0.1866331 0.1151031 -9999.000 -9999.000 -9999.000
