simulation_files/asc/Depth____71.0.asc
NCOLS        79
NROWS        79
XLLCENTER         -1.500000
YLLCENTER         -4.800000
CELLSIZE           0.100
NODATA_VALUE     -9999.0
[rows 0 to 25 of 79, columns 0 to 57 of 79]
-9999.000 -9999.000 -9999.000 -9999.000 -9999.000 -9999.000 -9999.000 -9999.000 -9999.000 -9999.000 -9999.000 -9999.000 -9999.000 -9999.000 -9999.000 0.2948160 0.2949508 0.2948754 0.2947494 0.2945864 0.2943908 0.2941650 0.2939112 0.2936313 0.2933286 0.2930073 0.2926735 0.2923366 0.2920248 0.2923090 0.2923090 -9999.000 -9999.000 -9999.000 -9999.000 -9999.000 -9999.000 -9999.000 -9999.000 -9999.000 -9999.000 -9999.000 -9999.000 -9999.000 -9999.000 -9999.000 -9999.000 -9999.000 -9999.000 -9999.000 -9999.000 -9999.000 -9999.000 -9999.000 -9999.000 -9999.000 -9999.000 -9999.000
-9999.000 -9999.000 -9999.000 -9999.000 -9999.000 -9999.000 -9999.000 -9999.000 -9999.000 -9999.000 -9999.000 -9999.000 -9999.000 -9999.000 -9999.000 0.2967060 0.2968591 0.2967842 0.2966656 0.2965150 0.2963359 0.2961307 0.2959019 0.2956522 0.2953851 0.2951044 0.2948144 0.2945188 0.2942340 0.2945061 0.2945061 -9999.000 -9999.000 -9999.000 -9999.000 -9999.000 -9999.000 -9999.000 -9999.000 -9999.000 -9999.000 -9999.000 -9999.000 -9999.000 -9999.000 -9999.000 -9999.000 -9999.000 -9999.000 -9999.000 -9999.000 -9999.000 -9999.000 -9999.000 -9999.000 -9999.000 -9999.000 -9999.000
-9999.000 -9999.000 -9999.000 -9999.000 -9999.000 -9999.000 -9999.000 -9999.000 -9999.000 -9999.000 -9999.000 -9999.000 -9999.000 -9999.000 -9999.000 0.2987091 0.2989027 0.2988287 0.2987116 0.2985641 0.2983900 0.2981911 0.2979693 0.2977263 0.2974639 0.2971844 0.2968897 0.2965811 0.2962750 0.2965808 0.2965808 -9999.000 -9999.000 -9999.000 -9999.000 -9999.000 -9999.000 -9999.000 -9999.000 -9999.000 -9999.000 -9999.000 -9999.000 -9999.000 -9999.000 -9999.000 -9999.000 -9999.000 -9999.000 -9999.000 -9999.000 -9999.000 -9999.000 -9999.000 -9999.000 -9999.000 -9999.000 -9999.000
-9999.000 -9999.000 -9999.000 -9999.000 -9999.000 -9999.000 -9999.000 -9999.000 -9999.000 -9999.000 -9999.000 -9999.000 -9999.000 -9999.000 -9999.000 0.3007478 0.3009746 0.3008996 0.3007816 0.3006340 0.3004602 0.3002617 0.3000394 0.2997940 0.2995262 0.2992369 0.2989262 0.2985938 0.2982554 0.2985820 0.2985820 -9999.000 -9999.000 -9999.000 -9999.000 -9999.000 -9999.000 -9999.000 -9999.000 -9999.000 -9999.000 -9999.000 -9999.000 -9999.000 -9999.000 -9999.000 -9999.000 -9999.000 -9999.000 -9999.000 -9999.000 -9999.000 -9999.000 -9999.000 -9999.000 -9999.000 -9999.000 -9999.000
-9999.000 -9999.000 -9999.000 -9999.000 -9999.000 -9999.000 -9999.000 -9999.000 -9999.000 -9999.000 -9999.000 -9999.000 -9999.000 -9999.000 -9999.000 0.3028134 0.3030665 0.3029885 0.3028673 0.3027164 0.3025389 0.3023358 0.3021070 0.3018524 0.3015714 0.3012636 0.3009275 0.3005610 0.3001784 0.3005162 0.3005162 -9999.000 -9999.000 -9999.000 -9999.000 -9999.000 -9999.000 -9999.000 -9999.000 -9999.000 -9999.000 -9999.000 -9999.000 -9999.000 -9999.000 -9999.000 -9999.000 -9999.000 -9999.000 -9999.000 -9999.000 -9999.000 -9999.000 -9999.000 -9999.000 -9999.000 -9999.000 -9999.000
-9999.000 -9999.000 -9999.000 -9999.000 -9999.000 -9999.000 -9999.000 -9999.000 -9999.000 -9999.000 -9999.000 -9999.000 -9999.000 -9999.000 -9999.000 0.3048986 0.3051716 0.3050883 0.3049618 0.3048050 0.3046207 0.3044089 0.3041688 0.3038992 0.3035983 0.3032640 0.3028933 0.3024818 0.3020414 0.3023807 0.3023807 -9999.000 -9999.000 -9999.000 -9999.000 -9999.000 -9999.000 -9999.000 -9999.000 -9999.000 -9999.000 -9999.000 -9999.000 -9999.000 -9999.000 -9999.000 -9999.000 -9999.000 -9999.000 -9999.000 -9999.000 -9999.000 -9999.000 -9999.000 -9999.000 -9999.000 -9999.000 -9999.000
-9999.000 -9999.000 -9999.000 -9999.000 -9999.000 -9999.000 -9999.000 -9999.000 -9999.000 -9999.000 -9999.000 -9999.000 -9999.000 -9999.000 -9999.000 0.3069973 0.3072838 0.3071931 0.3070595 0.3068947 0.3067008 0.3064770 0.3062215 0.3059317 0.3056045 0.3052358 0.3048206 0.3043513 0.3038361 0.3041649 0.3041649 -9999.000 -9999.000 -9999.000 -9999.000 -9999.000 -9999.000 -9999.000 -9999.000 -9999.000 -9999.000 -9999.000 -9999.000 -9999.000 -9999.000 -9999.000 -9999.000 -9999.000 -9999.000 -9999.000 -9999.000 -9999.000 -9999.000 -9999.000 -9999.000 -9999.000 -9999.000 -9999.000
-9999.000 -9999.000 -9999.000 -9999.000 -9999.000 -9999.000 -9999.000 -9999.000 -9999.000 -9999.000 -9999.000 -9999.000 -9999.000 -9999.000 -9999.000 0.3091038 0.3093979 0.3092977 0.3091554 0.3089809 0.3087751 0.3085364 0.3082616 0.3079465 0.3075863 0.3071745 0.3067031 0.3061604 0.3055480 0.3058491 0.3058491 -9999.000 -9999.000 -9999.000 -9999.000 -9999.000 -9999.000 -9999.000 -9999.000 -9999.000 -9999.000 -9999.000 -9999.000 -9999.000 -9999.000 -9999.000 -9999.000 -9999.000 -9999.000 -9999.000 -9999.000 -9999.000 -9999.000 -9999.000 -9999.000 -9999.000 -9999.000 -9999.000
-9999.000 -9999.000 -9999.000 -9999.000 -9999.000 -9999.000 -9999.000 -9999.000 -9999.000 -9999.000 -9999.000 -9999.000 -9999.000 -9999.000 -9999.000 0.3112127 0.3115089 0.3113969 0.3112447 0.3110587 0.3108389 0.3105824 0.3102843 0.3099387 0.3095379 0.3090728 0.3085309 0.3078942 0.3071540 0.3073999 0.3073999 -9999.000 -9999.000 -9999.000 -9999.000 -9999.000 -9999.000 -9999.000 -9999.000 -9999.000 -9999.000 -9999.000 -9999.000 -9999.000 -9999.000 -9999.000 -9999.000 -9999.000 -9999.000 -9999.000 -9999.000 -9999.000 -9999.000 -9999.000 -9999.000 -9999.000 -9999.000 -9999.000
-9999.000 -9999.000 -9999.000 -9999.000 -9999.000 -9999.000 -9999.000 -9999.000 -9999.000 -9999.000 -9999.000 -9999.000 -9999.000 -9999.000 -9999.000 0.3133179 0.3136111 0.3134853 0.3133218 0.3131229 0.3128869 0.3126095 0.3122838 0.3119013 0.3114512 0.3109198 0.3102886 0.3095303 0.3086189 0.3087620 0.3087620 -9999.000 -9999.000 -9999.000 -9999.000 -9999.000 -9999.000 -9999.000 -9999.000 -9999.000 -9999.000 -9999.000 -9999.000 -9999.000 -9999.000 -9999.000 -9999.000 -9999.000 -9999.000 -9999.000 -9999.000 -9999.000 -9999.000 -9999.000 -9999.000 -9999.000 -9999.000 -9999.000
-9999.000 -9999.000 -9999.000 -9999.000 -9999.000 -9999.000 -9999.000 -9999.000 -9999.000 -9999.000 -9999.000 -9999.000 -9999.000 -9999.000 -9999.000 0.3154111 0.3156978 0.3155561 0.3153802 0.3151668 0.3149123 0.3146105 0.3142519 0.3138247 0.3133138 0.3126992 0.3119534 0.3110345 0.3098878 0.3098417 0.3098417 -9999.000 -9999.000 -9999.000 -9999.000 -9999.000 -9999.000 -9999.000 -9999.000 -9999.000 -9999.000 -9999.000 -9999.000 -9999.000 -9999.000 -9999.000 -9999.000 -9999.000 -9999.000 -9999.000 -9999.000 -9999.000 -9999.000 -9999.000 -9999.000 -9999.000 -9999.000 -9999.000
-9999.000 -9999.000 -9999.000 -9999.000 -9999.000 -9999.000 -9999.000 -9999.000 -9999.000 -9999.000 -9999.000 -9999.000 -9999.000 -9999.000 -9999.000 0.3174808 0.3177594 0.3176005 0.3174112 0.3171815 0.3169056 0.3165749 0.3161767 0.3156947 0.3151074 0.3143862 0.3134897 0.3123528 0.3108722 0.3104693 0.3104693 -9999.000 -9999.000 -9999.000 -9999.000 -9999.000 -9999.000 -9999.000 -9999.000 -9999.000 -9999.000 -9999.000 -9999.000 -9999.000 -9999.000 -9999.000 -9999.000 -9999.000 -9999.000 -9999.000 -9999.000 -9999.000 -9999.000 -9999.000 -9999.000 -9999.000 -9999.000 -9999.000
-9999.000 -9999.000 -9999.000 -9999.000 -9999.000 -9999.000 -9999.000 -9999.000 -9999.000 -9999.000 -9999.000 -9999.000 -9999.000 -9999.000 -9999.000 0.3195097 0.3197822 0.3196055 0.3194020 0.3191541 0.3188532 0.3184875 0.3180403 0.3174888 0.3168032 0.3159413 0.3148401 0.3133959 0.3114202 0.3103092 0.3103092 -9999.000 -9999.000 -9999.000 -9999.000 -9999.000 -9999.000 -9999.000 -9999.000 -9999.000 -9999.000 -9999.000 -9999.000 -9999.000 -9999.000 -9999.000 -9999.000 -9999.000 -9999.000 -9999.000 -9999.000 -9999.000 -9999.000 -9999.000 -9999.000 -9999.000 -9999.000 -9999.000
-9999.000 -9999.000 -9999.000 -9999.000 -9999.000 -9999.000 -9999.000 -9999.000 -9999.000 -9999.000 -9999.000 -9999.000 -9999.000 -9999.000 -9999.000 0.3214601 0.3217385 0.3215471 0.3213311 0.3210641 0.3207342 0.3203257 0.3198156 0.3191727 0.3183540 0.3172968 0.3159027 0.3140009 0.3112464 0.3086068 0.3086068 -9999.000 -9999.000 -9999.000 -9999.000 -9999.000 -9999.000 -9999.000 -9999.000 -9999.000 -9999.000 -9999.000 -9999.000 -9999.000 -9999.000 -9999.000 -9999.000 -9999.000 -9999.000 -9999.000 -9999.000 -9999.000 -9999.000 -9999.000 -9999.000 -9999.000 -9999.000 -9999.000
-9999.000 -9999.000 -9999.000 -9999.000 -9999.000 -9999.000 -9999.000 -9999.000 -9999.000 -9999.000 -9999.000 -9999.000 -9999.000 -9999.000 -9999.000 0.3222558 0.3232177 0.3232387 0.3231587 0.3229679 0.3226651 0.3222382 0.3216623 0.3208977 0.3198851 0.3185322 0.3166833 0.3140425 0.3099267 0.3030752 0.3030752 -9999.000 -9999.000 -9999.000 -9999.000 -9999.000 -9999.000 -9999.000 -9999.000 -9999.000 -9999.000 -9999.000 -9999.000 -9999.000 -9999.000 -9999.000 -9999.000 -9999.000 -9999.000 -9999.000 -9999.000 -9999.000 -9999.000 -9999.000 -9999.000 -9999.000 -9999.000 -9999.000
0.2868180 0.2868180 0.2755980 0.2682368 0.2657377 0.2657377 0.2636385 0.2602048 0.2602048 0.2574033 0.2574033 0.2550072 0.2539009 0.2859109 0.3175417 0.3175417 0.3307155 0.3312923 0.3317457 0.3319664 0.3318481 0.3312762 0.3301408 0.3283409 0.3257636 0.3222146 0.3172553 0.3097839 0.2966437 0.2622055 0.2622055 0.1315830 0.1075782 0.1053557 0.1107567 0.1107567 0.1266274 0.1266274 0.1507911 0.1507911 0.1950843 0.2182954 0.2182954 0.2214657 0.2214657 0.2202425 0.2202425 0.2202425 0.2153325 0.2153325 0.2105017 0.2105017 0.2064382 0.2064382 0.2005929 0.2005929 0.1968458 0.1968458
0.2857001 0.2857001 0.2748947 0.2677673 0.2652969 0.2652969 0.2632089 0.2597824 0.2597824 0.2569876 0.2569876 0.2545999 0.2535022 0.2773270 0.3153406 0.3153406 0.3240506 0.3244583 0.3249183 0.3254146 0.3258590 0.3261080 0.3259743 0.3252249 0.3235677 0.3206184 0.3158192 0.3082084 0.2956626 0.2708146 0.2708146 0.1782008 0.1484135 0.1274379 0.1246015 0.1246015 0.1295054 0.1295054 0.1478991 0.1478991 0.1775588 0.2188420 0.2188420 0.2220526 0.2220526 0.2199827 0.2199827 0.2199827 0.2149854 0.2149854 0.2101516 0.2101516 0.2067327 0.2067327 0.2003056 0.2003056 0.1965798 0.1965798
0.2851051 0.2851051 0.2746494 0.2677264 0.2652815 0.2652815 0.2632006 0.2597704 0.2597704 0.2569699 0.2569699 0.2545796 0.2534889 0.2697845 0.3119374 0.3119374 0.3190598 0.3188720 0.3187701 0.3188120 0.3189457 0.3190415 0.3189099 0.3183075 0.3169288 0.3143772 0.3100969 0.3032035 0.2919504 0.2712324 0.2712324 0.2008116 0.1709464 0.1438503 0.1379453 0.1379453 0.1379097 0.1379097 0.1513627 0.1513627 0.1702310 0.2152473 0.2152473 0.2234982 0.2234982 0.2204166 0.2204166 0.2204166 0.2150306 0.2150306 0.2101077 0.2101077 0.2060983 0.2060983 0.2006300 0.2006300 0.1967337 0.1967337
0.2846383 0.2846383 0.2744397 0.2676936 0.2652767 0.2652767 0.2632054 0.2597731 0.2597731 0.2569681 0.2569681 0.2545772 0.2534946 0.2637638 0.3064176 0.3064176 0.3146183 0.3137691 0.3130701 0.3125953 0.3123028 0.3120678 0.3117025 0.3109649 0.3095553 0.3070996 0.3031013 0.2968204 0.2868665 0.2690787 0.2690787 0.2145600 0.1872853 0.1596028 0.1531664 0.1531664 0.1514825 0.1514825 0.1602575 0.1602575 0.1708717 0.2070032 0.2070032 0.2224808 0.2224808 0.2203277 0.2203277 0.2203277 0.2149112 0.2149112 0.2098356 0.2098356 0.2056003 0.2056003 0.2006293 0.2006293 0.1967147 0.1967147
0.2842858 0.2842858 0.2742718 0.2676644 0.2652735 0.2652735 0.2632114 0.2597768 0.2597768 0.2569667 0.2569667 0.2545749 0.2534994 0.2599840 0.2983239 0.2983239 0.3101343 0.3085020 0.3071725 0.3061947 0.3055060 0.3049653 0.3043742 0.3034882 0.3020172 0.2996153 0.2958526 0.2901469 0.2814885 0.2663839 0.2663839 0.2229237 0.1996121 0.1751159 0.1699283 0.1699283 0.1686218 0.1686218 0.1728533 0.1728533 0.1773971 0.1994151 0.1994151 0.2178587 0.2178587 0.2192953 0.2192953 0.2192953 0.2142912 0.2142912 0.2092122 0.2092122 0.2048612 0.2048612 0.2003113 0.2003113 0.1965637 0.1965637
0.2840387 0.2840387 0.2741512 0.2676412 0.2652712 0.2652712 0.2632167 0.2597801 0.2597801 0.2569655 0.2569655 0.2545729 0.2535026 0.2574250 0.2888870 0.2888870 0.3054261 0.3028639 0.3008228 0.2993144 0.2982442 0.2974414 0.2966834 0.2957111 0.2942350 0.2919312 0.2884300 0.2833152 0.2760212 0.2635400 0.2635400 0.2288003 0.2100148 0.1916589 0.1886090 0.1886090 0.1874369 0.1874369 0.1866555 0.1866555 0.1867869 0.1957185 0.1957185 0.2109658 0.2109658 0.2166784 0.2166784 0.2166784 0.2128502 0.2128502 0.2081460 0.2081460 0.2038907 0.2038907 0.1997617 0.1997617 0.1963376 0.1963376
0.2838919 0.2838919 0.2740794 0.2676261 0.2652697 0.2652697 0.2632203 0.2597824 0.2597824 0.2569648 0.2569648 0.2545715 0.2535043 0.2557247 0.2792547 0.2792547 0.3002996 0.2966712 0.2938261 0.2917382 0.2902800 0.2892465 0.2883832 0.2874041 0.2860067 0.2838753 0.2806844 0.2762043 0.2704723 0.2611014 0.2611014 0.2342405 0.2206767 0.2102938 0.2089366 0.2089366 0.2057999 0.2057999 0.1997347 0.1997347 0.1966958 0.1961043 0.1961043 0.2045434 0.2045434 0.2124225 0.2124225 0.2124225 0.2103323 0.2103323 0.2064883 0.2064883 0.2026419 0.2026419 0.1990362 0.1990362 0.1960754 0.1960754
0.2838431 0.2838431 0.2740556 0.2676209 0.2652692 0.2652692 0.2632216 0.2597832 0.2597832 0.2569645 0.2569645 0.2545710 0.2535051 0.2546074 0.2712562 0.2712562 0.2944970 0.2897231 0.2859923 0.2832673 0.2813995 0.2801511 0.2792366 0.2783324 0.2771085 0.2752386 0.2724201 0.2686723 0.2650988 0.2599156 0.2599156 0.2413064 0.2338513 0.2307362 0.2293317 0.2293317 0.2219487 0.2219487 0.2111515 0.2111515 0.2059081 0.1991356 0.1991356 0.2004845 0.2004845 0.2072021 0.2072021 0.2072021 0.2067517 0.2067517 0.2041332 0.2041332 0.2010547 0.2010547 0.1981506 0.1981506 0.1957972 0.1957972
0.2838918 0.2838918 0.2740794 0.2676261 0.2652697 0.2652697 0.2632203 0.2597824 0.2597824 0.2569648 0.2569648 0.2545715 0.2535054 0.2538780 0.2653136 0.2653136 0.2874837 0.2817028 0.2770993 0.2737179 0.2714089 0.2699384 0.2690009 0.2682414 0.2672892 0.2657824 0.2634222 0.2607074 0.2606729 0.2616386 0.2616386 0.2519632 0.2510469 0.2509526 0.2476357 0.2476357 0.2351347 0.2351347 0.2207163 0.2207163 0.2139763 0.2033245 0.2033245 0.1990372 0.1990372 0.2020365 0.2020365 0.2020365 0.2024656 0.2024656 0.2011189 0.2011189 0.1990974 0.1990974 0.1971069 0.1971069 0.1955175 0.1955175
0.2840387 0.2840387 0.2741512 0.2676412 0.2652712 0.2652712 0.2632167 0.2597801 0.2597801 0.2569655 0.2569655 0.2545729 0.2535058 0.2534045 0.2610286 0.2610286 0.2782973 0.2722717 0.2668402 0.2627762 0.2600227 0.2583521 0.2574415 0.2569030 0.2563222 0.2552933 0.2535354 0.2525109 0.2587704 0.2681255 0.2681255 0.2677650 0.2716858 0.2685492 0.2626394 0.2626394 0.2454958 0.2454958 0.2285403 0.2285403 0.2207789 0.2076726 0.2076726 0.1994587 0.1994587 0.1977359 0.1977359 0.1977359 0.1980379 0.1980379 0.1976675 0.1976675 0.1968204 0.1968204 0.1959269 0.1959269 0.1952439 0.1952439
0.2842858 0.2842858 0.2742718 0.2676644 0.2652735 0.2652735 0.2632114 0.2597768 0.2597768 0.2569667 0.2569667 0.2545749 0.2535063 0.2530998 0.2580630 0.2580630 0.2665864 0.2605978 0.2545942 0.2499810 0.2468746 0.2450822 0.2442791 0.2440569 0.2439623 0.2435424 0.2425852 0.2448259 0.2629262 0.2812608 0.2812608 0.2883858 0.2923014 0.2830828 0.2750272 0.2750272 0.2534883 0.2534883 0.2347730 0.2347730 0.2263035 0.2116287 0.2116287 0.2008484 0.2008484 0.1946394 0.1946394 0.1946394 0.1940146 0.1940146 0.1941374 0.1941374 0.1943858 0.1943858 0.1946743 0.1946743 0.1949843 0.1949843
