simulation_files/asc/Depth____139.0.asc
NCOLS        79
NROWS        79
XLLCENTER         -1.500000
YLLCENTER         -4.800000
CELLSIZE           0.100
NODATA_VALUE     -9999.0
[rows 0 to 25 of 79, columns 0 to 58 of 79]
-9999.000 -9999.000 -9999.000 -9999.000 -9999.000 -9999.000 -9999.000 -9999.000 -9999.000 -9999.000 -9999.000 -9999.000 -9999.000 -9999.000 -9999.000 0.5320686 0.5322772 0.5322545 0.5321777 0.5320598 0.5319105 0.5317397 0.5315567 0.5313694 0.5311827 0.5309979 0.5308024 0.5305518 0.5301532 0.5301256 0.5301256 -9999.000 -9999.000 -9999.000 -9999.000 -9999.000 -9999.000 -9999.000 -9999.000 -9999.000 -9999.000 -9999.000 -9999.000 -9999.000 -9999.000 -9999.000 -9999.000 -9999.000 -9999.000 -9999.000 -9999.000 -9999.000 -9999.000 -9999.000 -9999.000 -9999.000 -9999.000 -9999.000 -9999.000
-9999.000 -9999.000 -9999.000 -9999.000 -9999.000 -9999.000 -9999.000 -9999.000 -9999.000 -9999.000 -9999.000 -9999.000 -9999.000 -9999.000 -9999.000 0.5338790 0.5340872 0.5340647 0.5339989 0.5339009 0.5337787 0.5336403 0.5334936 0.5333451 0.5331991 0.5330572 0.5329087 0.5327139 0.5323869 0.5324175 0.5324175 -9999.000 -9999.000 -9999.000 -9999.000 -9999.000 -9999.000 -9999.000 -9999.000 -9999.000 -9999.000 -9999.000 -9999.000 -9999.000 -9999.000 -9999.000 -9999.000 -9999.000 -9999.000 -9999.000 -9999.000 -9999.000 -9999.000 -9999.000 -9999.000 -9999.000 -9999.000 -9999.000 -9999.000
-9999.000 -9999.000 -9999.000 -9999.000 -9999.000 -9999.000 -9999.000 -9999.000 -9999.000 -9999.000 -9999.000 -9999.000 -9999.000 -9999.000 -9999.000 0.5358366 0.5360706 0.5360524 0.5359913 0.5358986 0.5357827 0.5356520 0.5355143 0.5353760 0.5352407 0.5351089 0.5349680 0.5347746 0.5344353 0.5344602 0.5344602 -9999.000 -9999.000 -9999.000 -9999.000 -9999.000 -9999.000 -9999.000 -9999.000 -9999.000 -9999.000 -9999.000 -9999.000 -9999.000 -9999.000 -9999.000 -9999.000 -9999.000 -9999.000 -9999.000 -9999.000 -9999.000 -9999.000 -9999.000 -9999.000 -9999.000 -9999.000 -9999.000 -9999.000
-9999.000 -9999.000 -9999.000 -9999.000 -9999.000 -9999.000 -9999.000 -9999.000 -9999.000 -9999.000 -9999.000 -9999.000 -9999.000 -9999.000 -9999.000 0.5378319 0.5380829 0.5380662 0.5380063 0.5379146 0.5377998 0.5376706 0.5375349 0.5373991 0.5372666 0.5371373 0.5369972 0.5367990 0.5364411 0.5364448 0.5364448 -9999.000 -9999.000 -9999.000 -9999.000 -9999.000 -9999.000 -9999.000 -9999.000 -9999.000 -9999.000 -9999.000 -9999.000 -9999.000 -9999.000 -9999.000 -9999.000 -9999.000 -9999.000 -9999.000 -9999.000 -9999.000 -9999.000 -9999.000 -9999.000 -9999.000 -9999.000 -9999.000 -9999.000
-9999.000 -9999.000 -9999.000 -9999.000 -9999.000 -9999.000 -9999.000 -9999.000 -9999.000 -9999.000 -9999.000 -9999.000 -9999.000 -9999.000 -9999.000 0.5398474 0.5401102 0.5400932 0.5400323 0.5399387 0.5398217 0.5396902 0.5395525 0.5394149 0.5392811 0.5391503 0.5390071 0.5387998 0.5384173 0.5383859 0.5383859 -9999.000 -9999.000 -9999.000 -9999.000 -9999.000 -9999.000 -9999.000 -9999.000 -9999.000 -9999.000 -9999.000 -9999.000 -9999.000 -9999.000 -9999.000 -9999.000 -9999.000 -9999.000 -9999.000 -9999.000 -9999.000 -9999.000 -9999.000 -9999.000 -9999.000 -9999.000 -9999.000 -9999.000
-9999.000 -9999.000 -9999.000 -9999.000 -9999.000 -9999.000 -9999.000 -9999.000 -9999.000 -9999.000 -9999.000 -9999.000 -9999.000 -9999.000 -9999.000 0.5418728 0.5421441 0.5421256 0.5420623 0.5419652 0.5418439 0.5417078 0.5415655 0.5414240 0.5412863 0.5411514 0.5410023 0.5407826 0.5403695 0.5402882 0.5402882 -9999.000 -9999.000 -9999.000 -9999.000 -9999.000 -9999.000 -9999.000 -9999.000 -9999.000 -9999.000 -9999.000 -9999.000 -9999.000 -9999.000 -9999.000 -9999.000 -9999.000 -9999.000 -9999.000 -9999.000 -9999.000 -9999.000 -9999.000 -9999.000 -9999.000 -9999.000 -9999.000 -9999.000
-9999.000 -9999.000 -9999.000 -9999.000 -9999.000 -9999.000 -9999.000 -9999.000 -9999.000 -9999.000 -9999.000 -9999.000 -9999.000 -9999.000 -9999.000 0.5439017 0.5441797 0.5441588 0.5440922 0.5439904 0.5438635 0.5437214 0.5435731 0.5434258 0.5432826 0.5431419 0.5429850 0.5427495 0.5422988 0.5421496 0.5421496 -9999.000 -9999.000 -9999.000 -9999.000 -9999.000 -9999.000 -9999.000 -9999.000 -9999.000 -9999.000 -9999.000 -9999.000 -9999.000 -9999.000 -9999.000 -9999.000 -9999.000 -9999.000 -9999.000 -9999.000 -9999.000 -9999.000 -9999.000 -9999.000 -9999.000 -9999.000 -9999.000 -9999.000
-9999.000 -9999.000 -9999.000 -9999.000 -9999.000 -9999.000 -9999.000 -9999.000 -9999.000 -9999.000 -9999.000 -9999.000 -9999.000 -9999.000 -9999.000 0.5459302 0.5462134 0.5461894 0.5461190 0.5460119 0.5458785 0.5457295 0.5455741 0.5454199 0.5452699 0.5451218 0.5449550 0.5447003 0.5442041 0.5439633 0.5439633 -9999.000 -9999.000 -9999.000 -9999.000 -9999.000 -9999.000 -9999.000 -9999.000 -9999.000 -9999.000 -9999.000 -9999.000 -9999.000 -9999.000 -9999.000 -9999.000 -9999.000 -9999.000 -9999.000 -9999.000 -9999.000 -9999.000 -9999.000 -9999.000 -9999.000 -9999.000 -9999.000 -9999.000
-9999.000 -9999.000 -9999.000 -9999.000 -9999.000 -9999.000 -9999.000 -9999.000 -9999.000 -9999.000 -9999.000 -9999.000 -9999.000 -9999.000 -9999.000 0.5479550 0.5482429 0.5482151 0.5481405 0.5480274 0.5478870 0.5477301 0.5475669 0.5474048 0.5472469 0.5470901 0.5469116 0.5466335 0.5460820 0.5457172 0.5457172 -9999.000 -9999.000 -9999.000 -9999.000 -9999.000 -9999.000 -9999.000 -9999.000 -9999.000 -9999.000 -9999.000 -9999.000 -9999.000 -9999.000 -9999.000 -9999.000 -9999.000 -9999.000 -9999.000 -9999.000 -9999.000 -9999.000 -9999.000 -9999.000 -9999.000 -9999.000 -9999.000 -9999.000
-9999.000 -9999.000 -9999.000 -9999.000 -9999.000 -9999.000 -9999.000 -9999.000 -9999.000 -9999.000 -9999.000 -9999.000 -9999.000 -9999.000 -9999.000 0.5499735 0.5502657 0.5502335 0.5501543 0.5500348 0.5498866 0.5497214 0.5495495 0.5493786 0.5492119 0.5490450 0.5488526 0.5485462 0.5479274 0.5473926 0.5473926 -9999.000 -9999.000 -9999.000 -9999.000 -9999.000 -9999.000 -9999.000 -9999.000 -9999.000 -9999.000 -9999.000 -9999.000 -9999.000 -9999.000 -9999.000 -9999.000 -9999.000 -9999.000 -9999.000 -9999.000 -9999.000 -9999.000 -9999.000 -9999.000 -9999.000 -9999.000 -9999.000 -9999.000
-9999.000 -9999.000 -9999.000 -9999.000 -9999.000 -9999.000 -9999.000 -9999.000 -9999.000 -9999.000 -9999.000 -9999.000 -9999.000 -9999.000 -9999.000 0.5519823 0.5522791 0.5522419 0.5521577 0.5520312 0.5518748 0.5517004 0.5515190 0.5513386 0.5511618 0.5509835 0.5507747 0.5504341 0.5497324 0.5489599 0.5489599 -9999.000 -9999.000 -9999.000 -9999.000 -9999.000 -9999.000 -9999.000 -9999.000 -9999.000 -9999.000 -9999.000 -9999.000 -9999.000 -9999.000 -9999.000 -9999.000 -9999.000 -9999.000 -9999.000 -9999.000 -9999.000 -9999.000 -9999.000 -9999.000 -9999.000 -9999.000 -9999.000 -9999.000
-9999.000 -9999.000 -9999.000 -9999.000 -9999.000 -9999.000 -9999.000 -9999.000 -9999.000 -9999.000 -9999.000 -9999.000 -9999.000 -9999.000 -9999.000 0.5539777 0.5542797 0.5542369 0.5541472 0.5540132 0.5538477 0.5536633 0.5534715 0.5532805 0.5530926 0.5529010 0.5526726 0.5522897 0.5514846 0.5503716 0.5503716 -9999.000 -9999.000 -9999.000 -9999.000 -9999.000 -9999.000 -9999.000 -9999.000 -9999.000 -9999.000 -9999.000 -9999.000 -9999.000 -9999.000 -9999.000 -9999.000 -9999.000 -9999.000 -9999.000 -9999.000 -9999.000 -9999.000 -9999.000 -9999.000 -9999.000 -9999.000 -9999.000 -9999.000
-9999.000 -9999.000 -9999.000 -9999.000 -9999.000 -9999.000 -9999.000 -9999.000 -9999.000 -9999.000 -9999.000 -9999.000 -9999.000 -9999.000 -9999.000 0.5559535 0.5562627 0.5562136 0.5561178 0.5559754 0.5557999 0.5556045 0.5554010 0.5551981 0.5549972 0.5547897 0.5545373 0.5541010 0.5531642 0.5515477 0.5515477 -9999.000 -9999.000 -9999.000 -9999.000 -9999.000 -9999.000 -9999.000 -9999.000 -9999.000 -9999.000 -9999.000 -9999.000 -9999.000 -9999.000 -9999.000 -9999.000 -9999.000 -9999.000 -9999.000 -9999.000 -9999.000 -9999.000 -9999.000 -9999.000 -9999.000 -9999.000 -9999.000 -9999.000
-9999.000 -9999.000 -9999.000 -9999.000 -9999.000 -9999.000 -9999.000 -9999.000 -9999.000 -9999.000 -9999.000 -9999.000 -9999.000 -9999.000 -9999.000 0.5578910 0.5582145 0.5581605 0.5580600 0.5579098 0.5577242 0.5575170 0.5573004 0.5570832 0.5568665 0.5566387 0.5563547 0.5558479 0.5547386 0.5523505 0.5523505 -9999.000 -9999.000 -9999.000 -9999.000 -9999.000 -9999.000 -9999.000 -9999.000 -9999.000 -9999.000 -9999.000 -9999.000 -9999.000 -9999.000 -9999.000 -9999.000 -9999.000 -9999.000 -9999.000 -9999.000 -9999.000 -9999.000 -9999.000 -9999.000 -9999.000 -9999.000 -9999.000 -9999.000
-9999.000 -9999.000 -9999.000 -9999.000 -9999.000 -9999.000 -9999.000 -9999.000 -9999.000 -9999.000 -9999.000 -9999.000 -9999.000 -9999.000 -9999.000 0.5581421 0.5594859 0.5598059 0.5599709 0.5599946 0.5599089 0.5597445 0.5595306 0.5592911 0.5590376 0.5587631 0.5584141 0.5577704 0.5563198 0.5520568 0.5520568 -9999.000 -9999.000 -9999.000 -9999.000 -9999.000 -9999.000 -9999.000 -9999.000 -9999.000 -9999.000 -9999.000 -9999.000 -9999.000 -9999.000 -9999.000 -9999.000 -9999.000 -9999.000 -9999.000 -9999.000 -9999.000 -9999.000 -9999.000 -9999.000 -9999.000 -9999.000 -9999.000 -9999.000
0.6054813 0.6054813 0.5910095 0.5763053 0.5725794 0.5725794 0.5694491 0.5641942 0.5641942 0.5597721 0.5597721 0.5559133 0.5541472 0.5524719 0.5508761 0.5508761 0.5641758 0.5643650 0.5646396 0.5651957 0.5661189 0.5673737 0.5688754 0.5705025 0.5720603 0.5731978 0.5731882 0.5703503 0.5610013 0.5307418 0.5307418 0.3542533 0.3290117 0.3190947 0.3161919 0.3161919 0.3135083 0.3135083 0.3249001 0.3249001 0.3395495 0.4190974 0.4190974 0.4631681 0.4631681 0.4757592 0.4757592 0.4757592 0.4695013 0.4695013 0.4601127 0.4601127 0.4498527 0.4498527 0.4399888 0.4399888 0.4313807 0.4313807 0.4313807
0.6039232 0.6039232 0.5887609 0.5754819 0.5717525 0.5717525 0.5686204 0.5633718 0.5633718 0.5589630 0.5589630 0.5551182 0.5533589 0.5516901 0.5501004 0.5501004 0.5603130 0.5600191 0.5583555 0.5564034 0.5547562 0.5536943 0.5533234 0.5536438 0.5545692 0.5561224 0.5579494 0.5579230 0.5537598 0.5368823 0.5368823 0.4140227 0.3709181 0.3329409 0.3236962 0.3236962 0.3164844 0.3164844 0.3263711 0.3263711 0.3394087 0.3966133 0.3966133 0.4579161 0.4579161 0.4767214 0.4767214 0.4767214 0.4700813 0.4700813 0.4604637 0.4604637 0.4501007 0.4501007 0.4401629 0.4401629 0.4315079 0.4315079 0.4315079
0.6030496 0.6030496 0.5877796 0.5754946 0.5717612 0.5717612 0.5686151 0.5633467 0.5633467 0.5589308 0.5589308 0.5550825 0.5533217 0.5516508 0.5500594 0.5500594 0.5575475 0.5566553 0.5534797 0.5495525 0.5458129 0.5427366 0.5405351 0.5392739 0.5389225 0.5394578 0.5406040 0.5409930 0.5387717 0.5279680 0.5279680 0.4433648 0.3985857 0.3482996 0.3347942 0.3347942 0.3250399 0.3250399 0.3366676 0.3366676 0.3494857 0.3921219 0.3921219 0.4485704 0.4485704 0.4755352 0.4755352 0.4755352 0.4701198 0.4701198 0.4605565 0.4605565 0.4501044 0.4501044 0.4401749 0.4401749 0.4315953 0.4315953 0.4315953
0.6023477 0.6023477 0.5870067 0.5755129 0.5717916 0.5717916 0.5686344 0.5633470 0.5633470 0.5589277 0.5589277 0.5550810 0.5533209 0.5516506 0.5500595 0.5500595 0.5546116 0.5527559 0.5481776 0.5425473 0.5370153 0.5322033 0.5284043 0.5257258 0.5241629 0.5236878 0.5240965 0.5243858 0.5229358 0.5150851 0.5150851 0.4588203 0.4174464 0.3643544 0.3496760 0.3496760 0.3417677 0.3417677 0.3563294 0.3563294 0.3679242 0.3967451 0.3967451 0.4383392 0.4383392 0.4702443 0.4702443 0.4702443 0.4677423 0.4677423 0.4591994 0.4591994 0.4491409 0.4491409 0.4395078 0.4395078 0.4312386 0.4312386 0.4312386
0.6018102 0.6018102 0.5864197 0.5755234 0.5718220 0.5718220 0.5686558 0.5633485 0.5633485 0.5589250 0.5589250 0.5550801 0.5533209 0.5516512 0.5500603 0.5500603 0.5513811 0.5480520 0.5419557 0.5347112 0.5275283 0.5211135 0.5158297 0.5118313 0.5091419 0.5077311 0.5074360 0.5075181 0.5066130 0.5011168 0.5011168 0.4635261 0.4283376 0.3798956 0.3680922 0.3680922 0.3677084 0.3677084 0.3835638 0.3835638 0.3915661 0.4060012 0.4060012 0.4298297 0.4298297 0.4609404 0.4609404 0.4609404 0.4624315 0.4624315 0.4561433 0.4561433 0.4472363 0.4472363 0.4383292 0.4383292 0.4306754 0.4306754 0.4306754
0.6014311 0.6014311 0.5860075 0.5755278 0.5718470 0.5718470 0.5686746 0.5633500 0.5633500 0.5589228 0.5589228 0.5550792 0.5533209 0.5516516 0.5500611 0.5500611 0.5477468 0.5424346 0.5346088 0.5257584 0.5170242 0.5091161 0.5024324 0.4971681 0.4933822 0.4910591 0.4900722 0.4898813 0.4893766 0.4858036 0.4858036 0.4609787 0.4332124 0.3967253 0.3922877 0.3922877 0.4021099 0.4021099 0.4136351 0.4136351 0.4157954 0.4166459 0.4166459 0.4248530 0.4248530 0.4495240 0.4495240 0.4495240 0.4544887 0.4544887 0.4512517 0.4512517 0.4442792 0.4442792 0.4366427 0.4366427 0.4299851 0.4299851 0.4299851
0.6012056 0.6012056 0.5857629 0.5755290 0.5718634 0.5718634 0.5686874 0.5633512 0.5633512 0.5589212 0.5589212 0.5550786 0.5533207 0.5516519 0.5500615 0.5500615 0.5434783 0.5357124 0.5259095 0.5154131 0.5052075 0.4959294 0.4879624 0.4815167 0.4766801 0.4734603 0.4717702 0.4712267 0.4709694 0.4689766 0.4689766 0.4534547 0.4343959 0.4193245 0.4256011 0.4256011 0.4407583 0.4407583 0.4411659 0.4411659 0.4369954 0.4269810 0.4269810 0.4235352 0.4235352 0.4382929 0.4382929 0.4382929 0.4448691 0.4448691 0.4446626 0.4446626 0.4402017 0.4402017 0.4344057 0.4344057 0.4291768 0.4291768 0.4291768
0.6011309 0.6011309 0.5856816 0.5755292 0.5718690 0.5718690 0.5686919 0.5633518 0.5633518 0.5589206 0.5589206 0.5550784 0.5533208 0.5516520 0.5500616 0.5500616 0.5382173 0.5275689 0.5155475 0.5033439 0.4917371 0.4812292 0.4721372 0.4646505 0.4588643 0.4548053 0.4524238 0.4514631 0.4513081 0.4506788 0.4506788 0.4428778 0.4354776 0.4531825 0.4682538 0.4682538 0.4765416 0.4765416 0.4631228 0.4631228 0.4539545 0.4364505 0.4364505 0.4250013 0.4250013 0.4289173 0.4289173 0.4289173 0.4348227 0.4348227 0.4368311 0.4368311 0.4350701 0.4350701 0.4315946 0.4315946 0.4282338 0.4282338 0.4282338
0.6012056 0.6012056 0.5857629 0.5755289 0.5718633 0.5718633 0.5686873 0.5633512 0.5633512 0.5589211 0.5589211 0.5550787 0.5533208 0.5516518 0.5500615 0.5500615 0.5314474 0.5175213 0.5030789 0.4891240 0.4761988 0.4646266 0.4546118 0.4462841 0.4397178 0.4349433 0.4319384 0.4305470 0.4304149 0.4312658 0.4312658 0.4320414 0.4432085 0.4994315 0.5132225 0.5132225 0.5038884 0.5038884 0.4795248 0.4795248 0.4672324 0.4449680 0.4449680 0.4281489 0.4281489 0.4220978 0.4220978 0.4220978 0.4254972 0.4254972 0.4284579 0.4284579 0.4291427 0.4291427 0.4282693 0.4282693 0.4271525 0.4271525 0.4271525
0.6014311 0.6014311 0.5860075 0.5755278 0.5718470 0.5718470 0.5686745 0.5633500 0.5633500 0.5589227 0.5589227 0.5550793 0.5533208 0.5516516 0.5500610 0.5500610 0.5224202 0.5048530 0.4878621 0.4721769 0.4580682 0.4456459 0.4349645 0.4260595 0.4189552 0.4136645 0.4101775 0.4084204 0.4084021 0.4118507 0.4118507 0.4269876 0.4685511 0.5488502 0.5491926 0.5491926 0.5223455 0.5223455 0.4918112 0.4918112 0.4777913 0.4524838 0.4524838 0.4320299 0.4320299 0.4177481 0.4177481 0.4177481 0.4176647 0.4176647 0.4203256 0.4203256 0.4228634 0.4228634 0.4246088 0.4246088 0.4259676 0.4259676 0.4259676
0.6018102 0.6018102 0.5864198 0.5755234 0.5718219 0.5718219 0.5686557 0.5633483 0.5633483 0.5589249 0.5589249 0.5550801 0.5533209 0.5516512 0.5500603 0.5500603 0.5100037 0.4884913 0.4689552 0.4516953 0.4366506 0.4236839 0.4126719 0.4035292 0.3962062 0.3906790 0.3869327 0.3849827 0.3856466 0.3960066 0.3960066 0.4406105 0.5203542 0.5858188 0.5712587 0.5712587 0.5346514 0.5346514 0.5011853 0.5011853 0.4862323 0.4588596 0.4588596 0.4359336 0.4359336 0.4153561 0.4153561 0.4153561 0.4116493 0.4116493 0.4131234 0.4131234 0.4167944 0.4167944 0.4209130 0.4209130 0.4247653 0.4247653 0.4247653
