simulation_files/asc/Depth____565.0.asc
NCOLS       216
NROWS       273
XLLCENTER        494.688995
YLLCENTER        787.867981
CELLSIZE           0.500
NODATA_VALUE     -9999.0
[rows 162 to 188 of 273, columns 118 to 176 of 216]
2.022562 2.698615 2.896478 2.933211 2.944566 2.953836 2.731767 2.156080 1.537281 0.6234036 0.1636051 0.9270786E-01 0.1217612 0.1628968 0.1457522 0.1350594 0.1613283 0.1738072 0.1976455 0.2072585 0.2012506 0.1572452 0.1116934 0.1186997 0.1484692 0.1547088 0.1189769 0.8035176E-01 -9999.000 -9999.000 -9999.000 -9999.000 -9999.000 -9999.000 -9999.000 -9999.000 -9999.000 -9999.000 -9999.000 -9999.000 -9999.000 -9999.000 -9999.000 -9999.000 -9999.000 -9999.000 -9999.000 -9999.000 -9999.000 -9999.000 -9999.000 -9999.000 -9999.000 -9999.000 -9999.000 -9999.000 -9999.000 -9999.000 -9999.000
1.684249 2.606077 2.889847 2.922858 2.923779 2.515435 1.800151 1.081678 0.4880557 0.1701560 0.1486726 0.1311213 0.1374376 0.1282236 0.1454292 0.1582494 0.1621571 0.1616134 0.1981883 0.2255367 0.2221762 0.1620603 0.1227660 0.1297721 0.1685329 0.1831801 0.1597670 0.1139548 0.5488648E-01 -9999.000 -9999.000 -9999.000 -9999.000 -9999.000 -9999.000 -9999.000 -9999.000 -9999.000 -9999.000 -9999.000 -9999.000 -9999.000 -9999.000 -9999.000 -9999.000 -9999.000 -9999.000 -9999.000 -9999.000 -9999.000 -9999.000 -9999.000 -9999.000 -9999.000 -9999.000 -9999.000 -9999.000 -9999.000 -9999.000
1.286491 2.316010 2.769785 2.909932 2.485561 1.555831 -9999.000 0.1774729 0.1368768 0.1085520 0.1275150 0.1153802 0.1095634 0.9700302E-01 0.1236599 0.1507911 0.1473314 0.1502606 0.1778447 0.2100227 0.2056864 0.1424642 0.1125424 0.1311359 0.1759868 0.1842987 0.1481540 0.1151108 0.5495178E-01 -9999.000 -9999.000 -9999.000 -9999.000 -9999.000 -9999.000 -9999.000 -9999.000 -9999.000 -9999.000 -9999.000 -9999.000 -9999.000 -9999.000 -9999.000 -9999.000 -9999.000 -9999.000 -9999.000 -9999.000 -9999.000 -9999.000 -9999.000 -9999.000 -9999.000 -9999.000 -9999.000 -9999.000 -9999.000 -9999.000
-9999.000 1.511464 2.327616 2.431307 1.504030 0.4938078 0.1295293 0.1450036 0.1181699 0.8643936E-01 0.7359392E-01 0.7553755E-01 0.9022745E-01 0.8802023E-01 0.1154968 0.1477531 0.1554653 0.1753648 0.2015251 0.2229211 0.1693811 0.1175565 0.1047826 0.1228221 0.1667690 0.1670429 0.1487111 0.1106597 0.6456452E-01 0.2581027E-01 -9999.000 -9999.000 -9999.000 -9999.000 -9999.000 -9999.000 -9999.000 -9999.000 -9999.000 -9999.000 -9999.000 -9999.000 -9999.000 -9999.000 -9999.000 -9999.000 -9999.000 -9999.000 -9999.000 -9999.000 -9999.000 -9999.000 -9999.000 -9999.000 -9999.000 -9999.000 -9999.000 -9999.000 -9999.000
-9999.000 0.6853910 1.379834 1.229782 0.5395062 0.1381244 0.1695355 0.1513373 0.1387874 0.1060603 0.6792113E-01 0.6466127E-01 0.7672640E-01 0.7395591E-01 0.1217857 0.1773190 0.2093778 0.2350491 0.2577530 0.2184282 0.1352285 0.1336318 0.1321560 0.1430083 0.1676260 0.1742300 0.1583100 0.1324338 0.1024227 0.5923180E-01 -9999.000 -9999.000 0.1836429E-01 -9999.000 -9999.000 -9999.000 -9999.000 -9999.000 -9999.000 -9999.000 -9999.000 -9999.000 -9999.000 -9999.000 -9999.000 -9999.000 -9999.000 -9999.000 -9999.000 -9999.000 -9999.000 -9999.000 -9999.000 -9999.000 -9999.000 -9999.000 -9999.000 -9999.000 -9999.000
-9999.000 -9999.000 -9999.000 0.3145479 0.1766725 0.2015808 0.1768951 0.1689639 0.1727050 0.1430383 0.1167375 0.1006010 0.8887323E-01 0.8562444E-01 0.1438327 0.2228641 0.2391721 0.2475974 0.2439804 0.1655894 0.9886810E-01 0.1431969 0.1540708 0.1695034 0.1756665 0.1381156 0.1292445 0.1297321 0.1194318 0.8245300E-01 -9999.000 -9999.000 -9999.000 -9999.000 -9999.000 -9999.000 -9999.000 -9999.000 -9999.000 -9999.000 -9999.000 -9999.000 -9999.000 -9999.000 -9999.000 -9999.000 -9999.000 -9999.000 -9999.000 -9999.000 -9999.000 -9999.000 -9999.000 -9999.000 -9999.000 -9999.000 -9999.000 -9999.000 -9999.000
-9999.000 -9999.000 -9999.000 0.9337443E-01 0.1971019 0.2018335 0.2026137 0.2090394 0.2124342 0.1954799 0.1776487 0.1583128 0.1326538 0.1153412 0.1449047 0.1925608 0.2076913 0.2013200 0.1655842 0.1427345 0.1039883 0.1352432 0.1581523 0.1771106 0.1704587 0.1134692 0.9727209E-01 0.1215046 0.1320380 0.1104788 0.6313347E-01 0.2359824E-01 0.1710669E-01 -9999.000 -9999.000 -9999.000 -9999.000 -9999.000 -9999.000 -9999.000 -9999.000 -9999.000 -9999.000 -9999.000 -9999.000 -9999.000 -9999.000 -9999.000 -9999.000 -9999.000 -9999.000 -9999.000 -9999.000 -9999.000 -9999.000 -9999.000 -9999.000 -9999.000 -9999.000
-9999.000 -9999.000 -9999.000 0.8509736E-01 0.1175297 0.1570914 0.2105158 0.2361288 0.2163717 0.1920389 0.1826307 0.1815688 0.1593081 0.1193416 0.1070189 0.9568677E-01 0.1371632 0.1240819 0.1368517 0.1786295 0.1451887 0.1651230 0.1965879 0.2260550 0.2176234 0.1532781 0.1164154 0.1238691 0.1381801 0.1335588 0.8675532E-01 0.4766605E-01 0.3992608E-01 -9999.000 -9999.000 -9999.000 -9999.000 -9999.000 -9999.000 -9999.000 -9999.000 -9999.000 -9999.000 -9999.000 -9999.000 -9999.000 -9999.000 -9999.000 -9999.000 -9999.000 -9999.000 -9999.000 -9999.000 -9999.000 -9999.000 -9999.000 -9999.000 -9999.000 -9999.000
-9999.000 -9999.000 -9999.000 0.3182362E-01 0.7182213E-01 0.1408447 0.2074835 0.2212494 0.2116289 0.1953231 0.1737205 0.1447616 0.1034861 0.8782667E-01 0.9597786E-01 0.1220342 0.1385729 0.1215549 0.1406598 0.1610956 0.1425468 0.1786944 0.2476182 0.2903809 0.2714904 0.1907650 0.1335107 0.1353363 0.1480751 0.1605690 0.1166848 0.7938951E-01 0.6779716E-01 0.5707188E-01 -9999.000 -9999.000 -9999.000 -9999.000 -9999.000 -9999.000 -9999.000 -9999.000 -9999.000 -9999.000 -9999.000 -9999.000 -9999.000 -9999.000 -9999.000 -9999.000 -9999.000 -9999.000 -9999.000 -9999.000 -9999.000 -9999.000 -9999.000 -9999.000 -9999.000
-9999.000 -9999.000 -9999.000 -9999.000 -9999.000 0.1008687 0.1486495 0.1820940 0.2104379 0.2316646 0.1717749 0.9104847E-01 0.5272867E-01 0.4865167E-01 0.9298982E-01 0.1614564 0.1922609 0.2103344 0.1586460 0.9685220E-01 0.8245465E-01 0.1548821 0.2656341 0.3053573 0.2570805 0.1824551 0.1470808 0.1657029 0.1897677 0.1931033 0.1467617 0.1175607 0.1199121 0.1000965 0.7760239E-01 0.7045916E-01 -9999.000 0.3465885E-01 -9999.000 -9999.000 -9999.000 -9999.000 -9999.000 -9999.000 -9999.000 -9999.000 -9999.000 -9999.000 -9999.000 -9999.000 -9999.000 -9999.000 -9999.000 -9999.000 -9999.000 -9999.000 -9999.000 -9999.000 -9999.000
-9999.000 -9999.000 -9999.000 -9999.000 -9999.000 0.5339643E-01 0.7859149E-01 0.1318106 0.1914748 0.2150981 0.1811291 0.1168342 0.8165530E-01 0.8000169E-01 0.1144479 0.1739710 0.2063255 0.2395256 0.1997989 0.1224976 0.1051438 0.1682900 0.2539798 0.2674485 0.2286711 0.1683901 0.1454848 0.1521829 0.1852299 0.2115310 0.1806614 0.1683326 0.1741578 0.1675176 0.1169749 0.9827590E-01 0.9261769E-01 0.6472253E-01 -9999.000 -9999.000 -9999.000 -9999.000 -9999.000 -9999.000 -9999.000 -9999.000 -9999.000 -9999.000 -9999.000 -9999.000 -9999.000 -9999.000 -9999.000 -9999.000 -9999.000 -9999.000 -9999.000 -9999.000 -9999.000
-9999.000 -9999.000 -9999.000 -9999.000 -9999.000 0.4531187E-01 0.8332477E-01 0.1229134 0.1696702 0.1923393 0.2009485 0.1738862 0.1302827 0.1227005 0.1471244 0.1766406 0.2009142 0.2501658 0.2568663 0.2198774 0.2076209 0.2092868 0.2186589 0.2282203 0.1686001 0.1384404 0.1206804 0.1131411 0.1392337 0.1838067 0.1732960 0.1707059 0.1848473 0.1793448 0.1528369 0.1266076 0.1244240 0.1187475 0.6224560E-01 -9999.000 -9999.000 -9999.000 -9999.000 -9999.000 -9999.000 -9999.000 -9999.000 -9999.000 -9999.000 -9999.000 -9999.000 -9999.000 -9999.000 -9999.000 -9999.000 -9999.000 -9999.000 -9999.000 -9999.000
-9999.000 -9999.000 -9999.000 -9999.000 -9999.000 -9999.000 0.1095445 0.1119520 0.1471171 0.1936193 0.2230034 0.2038271 0.1561697 0.1223239 0.1267651 0.1440823 0.1796062 0.2461343 0.2699056 0.2683588 0.2812557 0.2174581 0.1778156 0.1602684 0.1409827 0.1219357 0.1067164 0.1111587 0.1348211 0.1656598 0.1480137 0.1349941 0.1478249 0.1623939 0.1489754 0.1224592 0.1308205 0.1275011 0.7754650E-01 0.3848605E-01 -9999.000 -9999.000 -9999.000 -9999.000 -9999.000 -9999.000 -9999.000 -9999.000 -9999.000 -9999.000 -9999.000 -9999.000 -9999.000 -9999.000 -9999.000 -9999.000 -9999.000 -9999.000 -9999.000
-9999.000 -9999.000 -9999.000 -9999.000 -9999.000 -9999.000 -9999.000 0.5945292E-01 0.1046379 0.1865789 0.2352459 0.2131793 0.1562401 0.9656100E-01 0.7600288E-01 0.7925820E-01 0.1305712 0.2298198 0.2391577 0.2168629 0.1848356 0.1470347 0.1405296 0.1791958 0.2091968 0.1484946 0.1245788 0.1395148 0.1586320 0.1800704 0.1734036 0.1489928 0.1416539 0.1580927 0.1350243 0.8436649E-01 0.8258290E-01 0.1133813 0.1050151 0.8744802E-01 -9999.000 -9999.000 -9999.000 -9999.000 -9999.000 -9999.000 -9999.000 -9999.000 -9999.000 -9999.000 -9999.000 -9999.000 -9999.000 -9999.000 -9999.000 -9999.000 -9999.000 -9999.000 -9999.000
-9999.000 -9999.000 -9999.000 -9999.000 -9999.000 -9999.000 -9999.000 -9999.000 0.6440163E-01 0.1440143 0.1973543 0.1917576 0.1300004 0.6535719E-01 0.4048111E-01 0.3810400E-01 0.7625703E-01 0.1570871 0.1555911 0.1262952 0.1021734 0.1072160 0.1394996 0.2196147 0.2546651 0.2019044 0.1892440 0.2027531 0.2100984 0.2208241 0.2371556 0.2383195 0.1934796 0.1530838 0.9563554E-01 0.4187435E-01 0.7710437E-01 0.1266475 0.1398171 0.9227744E-01 0.3526831E-01 -9999.000 -9999.000 -9999.000 -9999.000 -9999.000 -9999.000 -9999.000 -9999.000 -9999.000 -9999.000 -9999.000 -9999.000 -9999.000 -9999.000 -9999.000 -9999.000 -9999.000 -9999.000
-9999.000 -9999.000 -9999.000 -9999.000 -9999.000 -9999.000 -9999.000 -9999.000 0.2953142E-01 0.8471825E-01 0.1478343 0.1635036 0.1308168 0.6435134E-01 0.3322311E-01 -9999.000 0.3206100E-01 0.7774436E-01 0.9592351E-01 0.9818089E-01 0.1234404 0.1266248 0.1359326 0.2123728 0.2574171 0.2412952 0.2339514 0.2358834 0.2127764 0.2073516 0.2611680 0.2735160 0.2363098 0.1586627 0.7278660E-01 0.6852370E-01 0.1153983 0.1326800 0.1209983 0.8958477E-01 0.4928853E-01 -9999.000 -9999.000 -9999.000 -9999.000 -9999.000 -9999.000 -9999.000 -9999.000 -9999.000 -9999.000 -9999.000 -9999.000 -9999.000 -9999.000 -9999.000 -9999.000 -9999.000 -9999.000
-9999.000 -9999.000 -9999.000 -9999.000 -9999.000 -9999.000 -9999.000 -9999.000 0.1648582E-01 0.6618979E-01 0.1372948 0.1635806 0.1529707 0.1037496 0.5667693E-01 0.3132259E-01 0.1999766E-01 0.4357719E-01 0.6321200E-01 0.8305567E-01 0.1212808 0.1577779 0.1604335 0.2041029 0.2571252 0.2472354 0.2223784 0.1889753 0.1174914 0.1249144 0.2045493 0.2226322 0.2160607 0.1643551 0.1251274 0.1381037 0.1486025 0.1376589 0.1211416 0.1300785 0.1062970 -9999.000 -9999.000 -9999.000 -9999.000 -9999.000 -9999.000 -9999.000 -9999.000 -9999.000 -9999.000 -9999.000 -9999.000 -9999.000 -9999.000 -9999.000 -9999.000 -9999.000 -9999.000
-9999.000 -9999.000 -9999.000 -9999.000 -9999.000 -9999.000 -9999.000 -9999.000 -9999.000 -9999.000 0.9411271E-01 0.1381590 0.1562972 0.1335140 0.9052287E-01 0.4166022E-01 0.1994068E-01 0.2415064E-01 0.4154518E-01 0.6434397E-01 0.1127162 0.1753976 0.1864739 0.2028862 0.2516911 0.2228397 0.1717202 0.1109252 0.1120474 0.1355292 0.1519565 0.1564093 0.1642752 0.1507503 0.1490950 0.1810895 0.1762921 0.1529501 0.1627425 0.1795239 0.1405680 -9999.000 -9999.000 -9999.000 -9999.000 -9999.000 -9999.000 -9999.000 -9999.000 -9999.000 -9999.000 -9999.000 -9999.000 -9999.000 -9999.000 -9999.000 -9999.000 -9999.000 -9999.000
-9999.000 -9999.000 -9999.000 -9999.000 -9999.000 -9999.000 -9999.000 -9999.000 -9999.000 0.2072231E-01 0.6272517E-01 0.1156922 0.1563092 0.1679006 0.1253008 0.6275759E-01 0.2303779E-01 0.2077807E-01 0.3470960E-01 0.5446577E-01 0.9260988E-01 0.1449229 0.1588618 0.1899294 0.2152581 0.1768344 0.1136448 0.8604758E-01 0.1440752 0.1892186 0.1760969 0.1476072 0.1493101 0.1351278 0.1439051 0.1922932 0.1831944 0.1553674 0.1733600 0.2074794 0.1677733 0.1014808 -9999.000 -9999.000 -9999.000 -9999.000 -9999.000 -9999.000 -9999.000 -9999.000 -9999.000 -9999.000 -9999.000 -9999.000 -9999.000 -9999.000 -9999.000 -9999.000 -9999.000
-9999.000 -9999.000 -9999.000 -9999.000 -9999.000 -9999.000 -9999.000 -9999.000 -9999.000 -9999.000 0.2408279E-01 0.5925038E-01 0.1292527 0.1724833 0.1569125 0.9944864E-01 -9999.000 -9999.000 -9999.000 -9999.000 0.5916841E-01 0.9981994E-01 0.1113397 0.1438669 0.1812409 0.1584745 0.1479114 0.1489665 0.1924980 0.2214314 0.2259359 0.1915352 0.1989330 0.1972157 0.2012901 0.2248580 0.2009617 0.1857357 0.1973765 0.2197567 0.1970948 0.1248598 0.7790142E-01 -9999.000 -9999.000 -9999.000 -9999.000 -9999.000 -9999.000 -9999.000 -9999.000 -9999.000 -9999.000 -9999.000 -9999.000 -9999.000 -9999.000 -9999.000 -9999.000
-9999.000 -9999.000 -9999.000 -9999.000 -9999.000 -9999.000 -9999.000 -9999.000 -9999.000 -9999.000 -9999.000 -9999.000 0.7881806E-01 0.1435726 0.1559659 0.1186759 0.5448010E-01 -9999.000 -9999.000 0.1693066E-01 0.3820300E-01 0.5353779E-01 0.4659968E-01 0.8137969E-01 0.1788565 0.1979661 0.1980118 0.2320555 0.2342644 0.2128922 0.2344864 0.2695987 0.2936877 0.3160670 0.2914023 0.2538892 0.2324443 0.2376861 0.2414818 0.2480168 0.2213174 0.1674064 0.1137409 -9999.000 -9999.000 -9999.000 -9999.000 -9999.000 -9999.000 -9999.000 -9999.000 -9999.000 -9999.000 -9999.000 -9999.000 -9999.000 -9999.000 -9999.000 -9999.000
-9999.000 -9999.000 -9999.000 -9999.000 -9999.000 -9999.000 -9999.000 -9999.000 -9999.000 -9999.000 -9999.000 -9999.000 0.6648612E-01 0.1405377 0.1669092 0.1396814 0.8782547E-01 0.3582163E-01 0.1753051E-01 -9999.000 0.3728951E-01 0.4048961E-01 0.2710049E-01 0.6618123E-01 0.1466216 0.1732599 0.1923821 0.2518746 0.2702575 0.2272564 0.2367824 0.3012203 0.3242699 0.3335542 0.3216319 0.2756386 0.2562140 0.2509367 0.2589427 0.2636631 0.2488782 0.2266384 0.1567472 0.6501825E-01 -9999.000 -9999.000 -9999.000 -9999.000 -9999.000 -9999.000 -9999.000 -9999.000 -9999.000 -9999.000 -9999.000 -9999.000 -9999.000 -9999.000 -9999.000
-9999.000 -9999.000 -9999.000 -9999.000 -9999.000 -9999.000 -9999.000 -9999.000 -9999.000 -9999.000 -9999.000 -9999.000 0.7216455E-01 0.1489414 0.1769471 0.1685755 0.1323489 0.7419826E-01 0.3512411E-01 0.3078344E-01 0.3630186E-01 0.3174116E-01 0.2679765E-01 0.5860592E-01 0.9487718E-01 0.1022961 0.1314409 0.2071437 0.2580118 0.2478632 0.2659941 0.3096032 0.2952813 0.2819936 0.2845384 0.2750204 0.2377264 0.2366329 0.2383243 0.2521199 0.2580196 0.2429225 0.1913798 0.1022992 -9999.000 -9999.000 -9999.000 -9999.000 -9999.000 -9999.000 -9999.000 -9999.000 -9999.000 -9999.000 -9999.000 -9999.000 -9999.000 -9999.000 -9999.000
-9999.000 -9999.000 -9999.000 -9999.000 -9999.000 -9999.000 -9999.000 -9999.000 -9999.000 -9999.000 -9999.000 -9999.000 0.6522162E-01 0.1315370 0.1791081 0.1837879 0.1650017 0.1136935 0.5132228E-01 0.3643586E-01 0.3703361E-01 0.4203758E-01 0.5371231E-01 0.7001706E-01 0.6921218E-01 0.5779156E-01 0.8699054E-01 0.1440779 0.1973272 0.2224288 0.2900906 0.2797794 0.2162597 0.2176117 0.2347307 0.1793384 0.1482243 0.1294629 0.1524736 0.1803756 0.2073345 0.2149773 0.1868312 0.1205719 0.8576325E-01 -9999.000 -9999.000 -9999.000 -9999.000 -9999.000 -9999.000 -9999.000 -9999.000 -9999.000 -9999.000 -9999.000 -9999.000 -9999.000 -9999.000
-9999.000 -9999.000 -9999.000 -9999.000 -9999.000 -9999.000 -9999.000 -9999.000 -9999.000 -9999.000 -9999.000 -9999.000 -9999.000 0.1013247 0.1665569 0.1836805 0.1745649 0.1300399 0.7670671E-01 0.3603337E-01 0.2659057E-01 0.3603097E-01 0.5786021E-01 0.6591427E-01 0.5072627E-01 0.6767866E-01 0.1136716 0.1524983 0.1855416 0.2179634 0.2388766 0.1965357 0.1589474 0.2409554 0.2677534 0.2133289 0.1444320 0.1245748 0.1391674 0.1480295 0.1650855 0.1830811 0.1774130 0.1465306 0.1087339 0.5836057E-01 -9999.000 -9999.000 -9999.000 -9999.000 -9999.000 -9999.000 -9999.000 -9999.000 -9999.000 -9999.000 -9999.000 -9999.000 -9999.000
-9999.000 -9999.000 -9999.000 -9999.000 -9999.000 -9999.000 -9999.000 -9999.000 -9999.000 -9999.000 -9999.000 -9999.000 -9999.000 0.9660267E-01 0.1452665 0.1543272 0.1668432 0.1380121 0.7197420E-01 0.3346864E-01 0.1738590E-01 0.1695532E-01 0.2764685E-01 0.3947925E-01 0.5216433E-01 0.8414358E-01 0.1545315 0.1813232 0.1825477 0.1682699 0.1668068 0.1534253 0.1568348 0.2453960 0.3107221 0.2984887 0.2448647 0.1734464 0.1667651 0.1883207 0.1943668 0.1885228 0.1821653 0.1516119 0.1027469 0.5306706E-01 -9999.000 -9999.000 -9999.000 -9999.000 -9999.000 -9999.000 -9999.000 -9999.000 -9999.000 -9999.000 -9999.000 -9999.000 -9999.000
-9999.000 -9999.000 -9999.000 -9999.000 -9999.000 -9999.000 -9999.000 -9999.000 -9999.000 -9999.000 -9999.000 -9999.000 -9999.000 0.9737528E-01 0.1279148 0.1305537 0.1546862 0.1407837 0.8977890E-01 0.5890646E-01 0.3142228E-01 -9999.000 0.1461179E-01 -9999.000 0.3895776E-01 0.6227079E-01 0.1099480 0.1274516 0.1487431 0.1450507 0.1715108 0.1998891 0.1837854 0.2226204 0.2727695 0.2867202 0.2513258 0.2027875 0.1888523 0.2030813 0.1864516 0.1724616 0.1749208 0.1619563 0.1377744 0.1005882 0.7181124E-01 0.3886094E-01 -9999.000 -9999.000 -9999.000 -9999.000 -9999.000 -9999.000 -9999.000 -9999.000 -9999.000 -9999.000 -9999.000
