simulation_files/asc/Depth____44.0.asc
NCOLS        79
NROWS        79
XLLCENTER         -1.500000
YLLCENTER         -4.800000
CELLSIZE           0.100
NODATA_VALUE     -9999.0
[rows 0 to 25 of 79, columns 0 to 56 of 79]
-9999.000 -9999.000 -9999.000 -9999.000 -9999.000 -9999.000 -9999.000 -9999.000 -9999.000 -9999.000 -9999.000 -9999.000 -9999.000 -9999.000 -9999.000 0.2281435 0.2282403 0.2281363 0.2279607 0.2277309 0.2274561 0.2271449 0.2268067 0.2264518 0.2260919 0.2257402 0.2254115 0.2251236 0.2249089 0.2252032 0.2252032 -9999.000 -9999.000 -9999.000 -9999.000 -9999.000 -9999.000 -9999.000 -9999.000 -9999.000 -9999.000 -9999.000 -9999.000 -9999.000 -9999.000 -9999.000 -9999.000 -9999.000 -9999.000 -9999.000 -9999.000 -9999.000 -9999.000 -9999.000 -9999.000 -9999.000 -9999.000
-9999.000 -9999.000 -9999.000 -9999.000 -9999.000 -9999.000 -9999.000 -9999.000 -9999.000 -9999.000 -9999.000 -9999.000 -9999.000 -9999.000 -9999.000 0.2300919 0.2302270 0.2301247 0.2299578 0.2297419 0.2294850 0.2291948 0.2288804 0.2285516 0.2282194 0.2278957 0.2275924 0.2273217 0.2271063 0.2273709 0.2273709 -9999.000 -9999.000 -9999.000 -9999.000 -9999.000 -9999.000 -9999.000 -9999.000 -9999.000 -9999.000 -9999.000 -9999.000 -9999.000 -9999.000 -9999.000 -9999.000 -9999.000 -9999.000 -9999.000 -9999.000 -9999.000 -9999.000 -9999.000 -9999.000 -9999.000 -9999.000
-9999.000 -9999.000 -9999.000 -9999.000 -9999.000 -9999.000 -9999.000 -9999.000 -9999.000 -9999.000 -9999.000 -9999.000 -9999.000 -9999.000 -9999.000 0.2321890 0.2323778 0.2322747 0.2321056 0.2318880 0.2316300 0.2313391 0.2310236 0.2306927 0.2303564 0.2300252 0.2297101 0.2294224 0.2291875 0.2294945 0.2294945 -9999.000 -9999.000 -9999.000 -9999.000 -9999.000 -9999.000 -9999.000 -9999.000 -9999.000 -9999.000 -9999.000 -9999.000 -9999.000 -9999.000 -9999.000 -9999.000 -9999.000 -9999.000 -9999.000 -9999.000 -9999.000 -9999.000 -9999.000 -9999.000 -9999.000 -9999.000
-9999.000 -9999.000 -9999.000 -9999.000 -9999.000 -9999.000 -9999.000 -9999.000 -9999.000 -9999.000 -9999.000 -9999.000 -9999.000 -9999.000 -9999.000 0.2343266 0.2345624 0.2344555 0.2342801 0.2340553 0.2337892 0.2334891 0.2331627 0.2328189 0.2324669 0.2321168 0.2317790 0.2314648 0.2312017 0.2315430 0.2315430 -9999.000 -9999.000 -9999.000 -9999.000 -9999.000 -9999.000 -9999.000 -9999.000 -9999.000 -9999.000 -9999.000 -9999.000 -9999.000 -9999.000 -9999.000 -9999.000 -9999.000 -9999.000 -9999.000 -9999.000 -9999.000 -9999.000 -9999.000 -9999.000 -9999.000 -9999.000
-9999.000 -9999.000 -9999.000 -9999.000 -9999.000 -9999.000 -9999.000 -9999.000 -9999.000 -9999.000 -9999.000 -9999.000 -9999.000 -9999.000 -9999.000 0.2364962 0.2367718 0.2366580 0.2364726 0.2362359 0.2359559 0.2356395 0.2352942 0.2349284 0.2345510 0.2341718 0.2338010 0.2334500 0.2331485 0.2335176 0.2335176 -9999.000 -9999.000 -9999.000 -9999.000 -9999.000 -9999.000 -9999.000 -9999.000 -9999.000 -9999.000 -9999.000 -9999.000 -9999.000 -9999.000 -9999.000 -9999.000 -9999.000 -9999.000 -9999.000 -9999.000 -9999.000 -9999.000 -9999.000 -9999.000 -9999.000 -9999.000
-9999.000 -9999.000 -9999.000 -9999.000 -9999.000 -9999.000 -9999.000 -9999.000 -9999.000 -9999.000 -9999.000 -9999.000 -9999.000 -9999.000 -9999.000 0.2386911 0.2389983 0.2388743 0.2386758 0.2384232 0.2381243 0.2377857 0.2374144 0.2370185 0.2366067 0.2361885 0.2357739 0.2353744 0.2350222 0.2354126 0.2354126 -9999.000 -9999.000 -9999.000 -9999.000 -9999.000 -9999.000 -9999.000 -9999.000 -9999.000 -9999.000 -9999.000 -9999.000 -9999.000 -9999.000 -9999.000 -9999.000 -9999.000 -9999.000 -9999.000 -9999.000 -9999.000 -9999.000 -9999.000 -9999.000 -9999.000 -9999.000
-9999.000 -9999.000 -9999.000 -9999.000 -9999.000 -9999.000 -9999.000 -9999.000 -9999.000 -9999.000 -9999.000 -9999.000 -9999.000 -9999.000 -9999.000 0.2409055 0.2412350 0.2410974 0.2408829 0.2406111 0.2402892 0.2399230 0.2395192 0.2390854 0.2386300 0.2381620 0.2376913 0.2372295 0.2368106 0.2372152 0.2372152 -9999.000 -9999.000 -9999.000 -9999.000 -9999.000 -9999.000 -9999.000 -9999.000 -9999.000 -9999.000 -9999.000 -9999.000 -9999.000 -9999.000 -9999.000 -9999.000 -9999.000 -9999.000 -9999.000 -9999.000 -9999.000 -9999.000 -9999.000 -9999.000 -9999.000 -9999.000
-9999.000 -9999.000 -9999.000 -9999.000 -9999.000 -9999.000 -9999.000 -9999.000 -9999.000 -9999.000 -9999.000 -9999.000 -9999.000 -9999.000 -9999.000 0.2431338 0.2434754 0.2433206 0.2430876 0.2427936 0.2424447 0.2420459 0.2416032 0.2411235 0.2406144 0.2400844 0.2395429 0.2390011 0.2384941 0.2389025 0.2389025 -9999.000 -9999.000 -9999.000 -9999.000 -9999.000 -9999.000 -9999.000 -9999.000 -9999.000 -9999.000 -9999.000 -9999.000 -9999.000 -9999.000 -9999.000 -9999.000 -9999.000 -9999.000 -9999.000 -9999.000 -9999.000 -9999.000 -9999.000 -9999.000 -9999.000 -9999.000
-9999.000 -9999.000 -9999.000 -9999.000 -9999.000 -9999.000 -9999.000 -9999.000 -9999.000 -9999.000 -9999.000 -9999.000 -9999.000 -9999.000 -9999.000 0.2453700 0.2457125 0.2455364 0.2452828 0.2449640 0.2445845 0.2441481 0.2436597 0.2431250 0.2425507 0.2419439 0.2413128 0.2406673 0.2400423 0.2404373 0.2404373 -9999.000 -9999.000 -9999.000 -9999.000 -9999.000 -9999.000 -9999.000 -9999.000 -9999.000 -9999.000 -9999.000 -9999.000 -9999.000 -9999.000 -9999.000 -9999.000 -9999.000 -9999.000 -9999.000 -9999.000 -9999.000 -9999.000 -9999.000 -9999.000 -9999.000 -9999.000
-9999.000 -9999.000 -9999.000 -9999.000 -9999.000 -9999.000 -9999.000 -9999.000 -9999.000 -9999.000 -9999.000 -9999.000 -9999.000 -9999.000 -9999.000 0.2476061 0.2479383 0.2477369 0.2474605 0.2471145 0.2467007 0.2462213 0.2456796 0.2450796 0.2444259 0.2437235 0.2429777 0.2421955 0.2414088 0.2417589 0.2417589 -9999.000 -9999.000 -9999.000 -9999.000 -9999.000 -9999.000 -9999.000 -9999.000 -9999.000 -9999.000 -9999.000 -9999.000 -9999.000 -9999.000 -9999.000 -9999.000 -9999.000 -9999.000 -9999.000 -9999.000 -9999.000 -9999.000 -9999.000 -9999.000 -9999.000 -9999.000
-9999.000 -9999.000 -9999.000 -9999.000 -9999.000 -9999.000 -9999.000 -9999.000 -9999.000 -9999.000 -9999.000 -9999.000 -9999.000 -9999.000 -9999.000 0.2498312 0.2501429 0.2499122 0.2496111 0.2492354 0.2487834 0.2482549 0.2476509 0.2469728 0.2462218 0.2453988 0.2445038 0.2435370 0.2425208 0.2427647 0.2427647 -9999.000 -9999.000 -9999.000 -9999.000 -9999.000 -9999.000 -9999.000 -9999.000 -9999.000 -9999.000 -9999.000 -9999.000 -9999.000 -9999.000 -9999.000 -9999.000 -9999.000 -9999.000 -9999.000 -9999.000 -9999.000 -9999.000 -9999.000 -9999.000 -9999.000 -9999.000
-9999.000 -9999.000 -9999.000 -9999.000 -9999.000 -9999.000 -9999.000 -9999.000 -9999.000 -9999.000 -9999.000 -9999.000 -9999.000 -9999.000 -9999.000 0.2520296 0.2523136 0.2520501 0.2517225 0.2513143 0.2508195 0.2502346 0.2495573 0.2487847 0.2479127 0.2469345 0.2458402 0.2446158 0.2432608 0.2432701 0.2432701 -9999.000 -9999.000 -9999.000 -9999.000 -9999.000 -9999.000 -9999.000 -9999.000 -9999.000 -9999.000 -9999.000 -9999.000 -9999.000 -9999.000 -9999.000 -9999.000 -9999.000 -9999.000 -9999.000 -9999.000 -9999.000 -9999.000 -9999.000 -9999.000 -9999.000 -9999.000
-9999.000 -9999.000 -9999.000 -9999.000 -9999.000 -9999.000 -9999.000 -9999.000 -9999.000 -9999.000 -9999.000 -9999.000 -9999.000 -9999.000 -9999.000 0.2541787 0.2544332 0.2541349 0.2537791 0.2533352 0.2527917 0.2521410 0.2513758 0.2504868 0.2494608 0.2482779 0.2469088 0.2453095 0.2434259 0.2429090 0.2429090 -9999.000 -9999.000 -9999.000 -9999.000 -9999.000 -9999.000 -9999.000 -9999.000 -9999.000 -9999.000 -9999.000 -9999.000 -9999.000 -9999.000 -9999.000 -9999.000 -9999.000 -9999.000 -9999.000 -9999.000 -9999.000 -9999.000 -9999.000 -9999.000 -9999.000 -9999.000
-9999.000 -9999.000 -9999.000 -9999.000 -9999.000 -9999.000 -9999.000 -9999.000 -9999.000 -9999.000 -9999.000 -9999.000 -9999.000 -9999.000 -9999.000 0.2562366 0.2564735 0.2561430 0.2557593 0.2552768 0.2546777 0.2539486 0.2530753 0.2520386 0.2508100 0.2493463 0.2475805 0.2454035 0.2426317 0.2408347 0.2408347 -9999.000 -9999.000 -9999.000 -9999.000 -9999.000 -9999.000 -9999.000 -9999.000 -9999.000 -9999.000 -9999.000 -9999.000 -9999.000 -9999.000 -9999.000 -9999.000 -9999.000 -9999.000 -9999.000 -9999.000 -9999.000 -9999.000 -9999.000 -9999.000 -9999.000 -9999.000
-9999.000 -9999.000 -9999.000 -9999.000 -9999.000 -9999.000 -9999.000 -9999.000 -9999.000 -9999.000 -9999.000 -9999.000 -9999.000 -9999.000 -9999.000 0.2574199 0.2581812 0.2579923 0.2576817 0.2572134 0.2565754 0.2557563 0.2547386 0.2534937 0.2519730 0.2500949 0.2477199 0.2445904 0.2401610 0.2343608 0.2343608 -9999.000 -9999.000 -9999.000 -9999.000 -9999.000 -9999.000 -9999.000 -9999.000 -9999.000 -9999.000 -9999.000 -9999.000 -9999.000 -9999.000 -9999.000 -9999.000 -9999.000 -9999.000 -9999.000 -9999.000 -9999.000 -9999.000 -9999.000 -9999.000 -9999.000 -9999.000
0.2005710 0.2005710 0.2139380 0.2204563 0.2233484 0.2233484 0.2261261 0.2315943 0.2315943 0.2373559 0.2373559 0.2440935 0.2481875 0.2530668 0.2590295 0.2590295 0.2657410 0.2657064 0.2653460 0.2645583 0.2633142 0.2616260 0.2595230 0.2570151 0.2540431 0.2504069 0.2456241 0.2385505 0.2260733 0.1936698 0.1936698 0.8475517E-01 0.6055496E-01 0.5264159E-01 0.5541017E-01 0.5541017E-01 0.6825019E-01 0.6825019E-01 0.8978314E-01 0.8978314E-01 0.1108985 0.1547702 0.1547702 0.1580225 0.1580225 0.1582625 0.1582625 0.1582625 0.1539970 0.1539970 0.1503972 0.1503972 0.1474917 0.1474917 0.1425712 0.1425712 0.1393994
0.1995880 0.1995880 0.2132622 0.2200984 0.2229977 0.2229977 0.2257771 0.2312434 0.2312434 0.2369923 0.2369923 0.2436224 0.2474823 0.2517508 0.2562967 0.2562967 0.2602910 0.2605649 0.2606928 0.2605911 0.2601598 0.2592903 0.2578698 0.2557794 0.2528758 0.2489425 0.2435801 0.2359564 0.2241023 0.2011625 0.2011625 0.1260361 0.1005332 0.8099624E-01 0.7720658E-01 0.7720658E-01 0.7786030E-01 0.7786030E-01 0.8988199E-01 0.8988199E-01 0.1033338 0.1532690 0.1532690 0.1584028 0.1584028 0.1582653 0.1582653 0.1582653 0.1536872 0.1536872 0.1501005 0.1501005 0.1478353 0.1478353 0.1423539 0.1423539 0.1392086
0.1996630 0.1996630 0.2123140 0.2200767 0.2229498 0.2229498 0.2256932 0.2310474 0.2310474 0.2365629 0.2365629 0.2426595 0.2460366 0.2496123 0.2532463 0.2532463 0.2559312 0.2559453 0.2558508 0.2556250 0.2551931 0.2544467 0.2532513 0.2514447 0.2488265 0.2451285 0.2399471 0.2325767 0.2215254 0.2023694 0.2023694 0.1442165 0.1196173 0.9738802E-01 0.9188757E-01 0.9188757E-01 0.8925372E-01 0.8925372E-01 0.9642821E-01 0.9642821E-01 0.1045742 0.1435806 0.1435806 0.1587885 0.1587885 0.1590099 0.1590099 0.1590099 0.1535865 0.1535865 0.1499551 0.1499551 0.1471287 0.1471287 0.1425758 0.1425758 0.1392815
0.1996250 0.1996250 0.2116404 0.2200234 0.2228737 0.2228737 0.2255821 0.2308007 0.2308007 0.2360300 0.2360300 0.2415496 0.2444677 0.2474492 0.2503769 0.2503769 0.2519128 0.2516082 0.2512191 0.2507420 0.2501168 0.2492443 0.2479946 0.2462060 0.2436776 0.2401467 0.2352386 0.2283415 0.2182446 0.2015970 0.2015970 0.1558374 0.1332444 0.1114310 0.1059835 0.1059835 0.1031076 0.1031076 0.1071303 0.1071303 0.1111309 0.1346902 0.1346902 0.1556005 0.1556005 0.1580654 0.1580654 0.1580654 0.1534833 0.1534833 0.1497100 0.1497100 0.1466538 0.1466538 0.1425635 0.1425635 0.1392185
0.1995352 0.1995352 0.2111299 0.2199633 0.2227783 0.2227783 0.2254374 0.2304914 0.2304914 0.2353984 0.2353984 0.2403123 0.2427790 0.2452035 0.2474968 0.2474968 0.2478547 0.2471875 0.2464983 0.2457712 0.2449407 0.2439080 0.2425473 0.2407056 0.2381968 0.2347856 0.2301487 0.2237728 0.2146650 0.2000673 0.2000673 0.1635759 0.1435619 0.1243854 0.1201787 0.1201787 0.1183178 0.1183178 0.1195230 0.1195230 0.1204349 0.1306093 0.1306093 0.1490863 0.1490863 0.1562340 0.1562340 0.1562340 0.1528610 0.1528610 0.1491700 0.1491700 0.1459803 0.1459803 0.1422605 0.1422605 0.1390110
0.1994544 0.1994544 0.2107514 0.2198876 0.2226648 0.2226648 0.2252691 0.2301413 0.2301413 0.2347049 0.2347049 0.2390000 0.2410168 0.2428898 0.2445496 0.2445496 0.2435648 0.2424702 0.2414665 0.2405061 0.2395008 0.2383390 0.2368925 0.2350156 0.2325413 0.2292714 0.2249487 0.2191637 0.2111105 0.1984056 0.1984056 0.1692073 0.1522774 0.1376808 0.1352739 0.1352739 0.1338479 0.1338479 0.1317063 0.1317063 0.1302387 0.1313929 0.1313929 0.1425076 0.1425076 0.1528045 0.1528045 0.1528045 0.1512828 0.1512828 0.1481582 0.1481582 0.1450638 0.1450638 0.1416971 0.1416971 0.1386703
0.1993982 0.1993982 0.2104869 0.2198010 0.2225377 0.2225377 0.2250845 0.2297689 0.2297689 0.2339843 0.2339843 0.2376634 0.2392309 0.2405408 0.2415208 0.2415208 0.2388949 0.2372902 0.2359458 0.2347658 0.2336239 0.2323836 0.2309051 0.2290452 0.2266564 0.2235865 0.2196687 0.2146137 0.2077892 0.1970936 0.1970936 0.1741824 0.1609784 0.1523388 0.1512933 0.1512933 0.1484196 0.1484196 0.1426290 0.1426290 0.1393584 0.1350665 0.1350665 0.1385291 0.1385291 0.1481741 0.1481741 0.1481741 0.1485609 0.1485609 0.1464731 0.1464731 0.1438036 0.1438036 0.1408769 0.1408769 0.1382069
0.1993741 0.1993741 0.2103231 0.2197103 0.2224049 0.2224049 0.2248942 0.2293921 0.2293921 0.2332675 0.2332675 0.2363480 0.2374706 0.2381988 0.2384183 0.2384183 0.2336802 0.2314694 0.2297544 0.2283698 0.2271349 0.2258756 0.2244311 0.2226548 0.2204175 0.2176269 0.2142610 0.2101916 0.2049591 0.1967377 0.1967377 0.1799696 0.1712421 0.1683031 0.1671552 0.1671552 0.1609966 0.1609966 0.1519478 0.1519478 0.1473778 0.1398346 0.1398346 0.1376018 0.1376018 0.1434414 0.1434414 0.1434414 0.1449328 0.1449328 0.1440281 0.1440281 0.1420958 0.1420958 0.1397814 0.1397814 0.1376189
0.1993893 0.1993893 0.2102582 0.2196207 0.2222731 0.2222731 0.2247064 0.2290262 0.2290262 0.2325811 0.2325811 0.2350958 0.2357856 0.2359181 0.2352765 0.2352765 0.2277074 0.2247868 0.2226754 0.2211102 0.2198373 0.2186314 0.2172993 0.2156837 0.2136714 0.2112557 0.2086860 0.2060781 0.2031269 0.1982432 0.1982432 0.1880648 0.1841847 0.1842208 0.1812939 0.1812939 0.1712301 0.1712301 0.1597145 0.1597145 0.1542314 0.1446676 0.1446676 0.1387729 0.1387729 0.1396187 0.1396187 0.1396187 0.1409884 0.1409884 0.1409608 0.1409608 0.1399125 0.1399125 0.1383915 0.1383915 0.1369006
0.1994469 0.1994469 0.2102927 0.2195361 0.2221484 0.2221484 0.2245295 0.2286858 0.2286858 0.2319484 0.2319484 0.2339436 0.2342243 0.2337633 0.2321656 0.2321656 0.2206840 0.2169536 0.2144317 0.2127257 0.2114899 0.2104315 0.2093101 0.2079480 0.2062418 0.2043123 0.2029863 0.2027366 0.2032301 0.2027050 0.2027050 0.1992609 0.1996465 0.1986538 0.1929015 0.1929015 0.1793132 0.1793132 0.1660686 0.1660686 0.1599361 0.1490557 0.1490557 0.1409217 0.1409217 0.1371262 0.1371262 0.1371262 0.1373617 0.1373617 0.1376128 0.1376128 0.1373578 0.1373578 0.1367341 0.1367341 0.1360628
0.1995528 0.1995528 0.2104332 0.2194587 0.2220342 0.2220342 0.2243689 0.2283814 0.2283814 0.2313881 0.2313881 0.2329229 0.2328302 0.2318021 0.2291988 0.2291988 0.2121989 0.2075831 0.2046609 0.2028729 0.2017723 0.2009908 0.2002119 0.1992245 0.1979189 0.1966041 0.1974263 0.2011430 0.2066142 0.2112861 0.2112861 0.2138970 0.2153844 0.2094748 0.2028234 0.2028234 0.1856177 0.1856177 0.1711435 0.1711435 0.1645410 0.1527864 0.1527864 0.1432888 0.1432888 0.1358483 0.1358483 0.1358483 0.1344691 0.1344691 0.1344014 0.1344014 0.1346647 0.1346647 0.1349160 0.1349160 0.1351479
