simulation_files/asc/Depth____450.0.asc
NCOLS       216
NROWS       273
XLLCENTER        494.688995
YLLCENTER        787.867981
CELLSIZE           0.500
NODATA_VALUE     -9999.0
[rows 162 to 188 of 273, columns 118 to 176 of 216]
2.064862 2.739958 2.936627 2.973209 2.984468 2.994344 2.771355 2.200734 1.571744 0.6445933 0.1801308 0.1084522 0.1384502 0.1745686 0.1576041 0.1486072 0.1770707 0.1946956 0.2196799 0.2328667 0.2266172 0.1727220 0.1294024 0.1351171 0.1644575 0.1706473 0.1339697 0.9522164E-01 -9999.000 -9999.000 -9999.000 -9999.000 -9999.000 -9999.000 -9999.000 -9999.000 -9999.000 -9999.000 -9999.000 -9999.000 -9999.000 -9999.000 -9999.000 -9999.000 -9999.000 -9999.000 -9999.000 -9999.000 -9999.000 -9999.000 -9999.000 -9999.000 -9999.000 -9999.000 -9999.000 -9999.000 -9999.000 -9999.000 -9999.000
1.724634 2.645126 2.928458 2.961397 2.961627 2.554187 1.834787 1.112323 0.5107073 0.1808108 0.1734876 0.1488955 0.1529150 0.1382764 0.1574431 0.1707769 0.1786083 0.1828843 0.2205200 0.2515846 0.2398057 0.1688663 0.1356710 0.1448349 0.1858254 0.2003525 0.1755025 0.1289470 0.6905870E-01 -9999.000 -9999.000 -9999.000 -9999.000 -9999.000 -9999.000 -9999.000 -9999.000 -9999.000 -9999.000 -9999.000 -9999.000 -9999.000 -9999.000 -9999.000 -9999.000 -9999.000 -9999.000 -9999.000 -9999.000 -9999.000 -9999.000 -9999.000 -9999.000 -9999.000 -9999.000 -9999.000 -9999.000 -9999.000 -9999.000
1.162549 2.216465 2.807665 2.947716 2.521362 1.652997 -9999.000 0.1913765 0.1472618 0.1203016 0.1482836 0.1321468 0.1221982 0.1069515 0.1367684 0.1617518 0.1620378 0.1695468 0.1975897 0.2293747 0.2122213 0.1489774 0.1269576 0.1474416 0.1951003 0.2030077 0.1635117 0.1251424 0.6242729E-01 0.2755312E-01 -9999.000 -9999.000 -9999.000 -9999.000 -9999.000 -9999.000 -9999.000 -9999.000 -9999.000 -9999.000 -9999.000 -9999.000 -9999.000 -9999.000 -9999.000 -9999.000 -9999.000 -9999.000 -9999.000 -9999.000 -9999.000 -9999.000 -9999.000 -9999.000 -9999.000 -9999.000 -9999.000 -9999.000 -9999.000
0.2272986 1.362656 2.367317 2.466992 1.529315 0.5851447 0.1640391 0.1639700 0.1348555 0.1040125 0.9139561E-01 0.9161090E-01 0.1042690 0.9727598E-01 0.1271977 0.1570616 0.1724476 0.1957868 0.2226144 0.2382736 0.1752072 0.1322403 0.1222279 0.1422556 0.1884974 0.1881641 0.1573768 0.1153652 0.7139053E-01 0.3220687E-01 -9999.000 -9999.000 -9999.000 -9999.000 -9999.000 -9999.000 -9999.000 -9999.000 -9999.000 -9999.000 -9999.000 -9999.000 -9999.000 -9999.000 -9999.000 -9999.000 -9999.000 -9999.000 -9999.000 -9999.000 -9999.000 -9999.000 -9999.000 -9999.000 -9999.000 -9999.000 -9999.000 -9999.000 -9999.000
-9999.000 0.6809022 1.296062 1.197482 0.4867339 0.1562421 0.1906764 0.1696567 0.1563904 0.1271556 0.8863450E-01 0.8472525E-01 0.9361414E-01 0.8418579E-01 0.1338559 0.1933736 0.2305926 0.2583978 0.2805988 0.2248848 0.1415615 0.1512603 0.1499985 0.1635789 0.1905629 0.1852567 0.1603047 0.1396311 0.1094943 0.6186047E-01 -9999.000 -9999.000 0.1836429E-01 -9999.000 -9999.000 -9999.000 -9999.000 -9999.000 -9999.000 -9999.000 -9999.000 -9999.000 -9999.000 -9999.000 -9999.000 -9999.000 -9999.000 -9999.000 -9999.000 -9999.000 -9999.000 -9999.000 -9999.000 -9999.000 -9999.000 -9999.000 -9999.000 -9999.000 -9999.000
-9999.000 -9999.000 -9999.000 0.2439705 0.1771091 0.2315795 0.2008301 0.1896744 0.1939559 0.1671619 0.1414687 0.1270317 0.1109189 0.9966461E-01 0.1590130 0.2435446 0.2611413 0.2675880 0.2562590 0.1691119 0.1053504 0.1586401 0.1708656 0.1865231 0.1873986 0.1447000 0.1355922 0.1421517 0.1381256 0.9298657E-01 -9999.000 -9999.000 -9999.000 -9999.000 -9999.000 -9999.000 -9999.000 -9999.000 -9999.000 -9999.000 -9999.000 -9999.000 -9999.000 -9999.000 -9999.000 -9999.000 -9999.000 -9999.000 -9999.000 -9999.000 -9999.000 -9999.000 -9999.000 -9999.000 -9999.000 -9999.000 -9999.000 -9999.000 -9999.000
-9999.000 -9999.000 -9999.000 0.1269786 0.2346160 0.2344495 0.2311039 0.2371082 0.2411090 0.2233561 0.2074591 0.1908593 0.1594828 0.1306761 0.1583819 0.2047442 0.2195198 0.2120787 0.1746797 0.1553843 0.1171426 0.1512966 0.1759125 0.1954479 0.1857454 0.1289371 0.1150061 0.1430127 0.1553957 0.1316503 0.7402171E-01 0.4034716E-01 0.3579491E-01 0.3023090E-01 -9999.000 -9999.000 -9999.000 -9999.000 -9999.000 -9999.000 -9999.000 -9999.000 -9999.000 -9999.000 -9999.000 -9999.000 -9999.000 -9999.000 -9999.000 -9999.000 -9999.000 -9999.000 -9999.000 -9999.000 -9999.000 -9999.000 -9999.000 -9999.000 -9999.000
-9999.000 -9999.000 -9999.000 0.1275080 0.1540352 0.1884406 0.2393709 0.2645362 0.2441358 0.2190495 0.2155835 0.2169718 0.1799079 0.1311665 0.1176778 0.1044023 0.1433598 0.1329290 0.1575335 0.1978705 0.1597096 0.1844480 0.2183403 0.2504873 0.2436022 0.1737099 0.1351431 0.1455102 0.1604151 0.1530995 0.1013339 0.6288037E-01 0.5325397E-01 0.3634683E-01 -9999.000 -9999.000 -9999.000 -9999.000 -9999.000 -9999.000 -9999.000 -9999.000 -9999.000 -9999.000 -9999.000 -9999.000 -9999.000 -9999.000 -9999.000 -9999.000 -9999.000 -9999.000 -9999.000 -9999.000 -9999.000 -9999.000 -9999.000 -9999.000 -9999.000
-9999.000 -9999.000 -9999.000 0.7400844E-01 0.1016753 0.1670929 0.2340599 0.2476710 0.2386815 0.2285226 0.2066523 0.1694555 0.1145414 0.9738286E-01 0.1082851 0.1327518 0.1530401 0.1436887 0.1680172 0.1828834 0.1575816 0.2000551 0.2722724 0.3179580 0.2975002 0.2078890 0.1502432 0.1550462 0.1677325 0.1790050 0.1332982 0.9670878E-01 0.8652320E-01 0.6665828E-01 0.4070133E-01 -9999.000 -9999.000 -9999.000 -9999.000 -9999.000 -9999.000 -9999.000 -9999.000 -9999.000 -9999.000 -9999.000 -9999.000 -9999.000 -9999.000 -9999.000 -9999.000 -9999.000 -9999.000 -9999.000 -9999.000 -9999.000 -9999.000 -9999.000 -9999.000
-9999.000 -9999.000 -9999.000 -9999.000 -9999.000 0.1057334 0.1699368 0.2100839 0.2345995 0.2540159 0.1993406 0.1110208 0.6916827E-01 0.6156050E-01 0.1063935 0.1782736 0.2152275 0.2338996 0.1887349 0.1182047 0.9661716E-01 0.1768272 0.2918270 0.3328523 0.2775657 0.1968174 0.1648032 0.1852343 0.2076817 0.2105933 0.1664928 0.1378881 0.1424492 0.1248123 0.9706304E-01 0.8277187E-01 0.7315824E-01 0.5637599E-01 -9999.000 -9999.000 -9999.000 -9999.000 -9999.000 -9999.000 -9999.000 -9999.000 -9999.000 -9999.000 -9999.000 -9999.000 -9999.000 -9999.000 -9999.000 -9999.000 -9999.000 -9999.000 -9999.000 -9999.000 -9999.000
-9999.000 -9999.000 -9999.000 -9999.000 -9999.000 0.6378964E-01 0.1074159 0.1598466 0.2160903 0.2463848 0.2120250 0.1459678 0.1076293 0.9975126E-01 0.1339772 0.1970528 0.2307375 0.2627652 0.2290266 0.1468774 0.1231144 0.1904697 0.2794748 0.2901233 0.2462202 0.1837616 0.1669323 0.1725936 0.2027247 0.2360079 0.2034145 0.1907821 0.1979662 0.1928180 0.1439831 0.1270523 0.1238203 0.9434072E-01 -9999.000 -9999.000 -9999.000 -9999.000 -9999.000 -9999.000 -9999.000 -9999.000 -9999.000 -9999.000 -9999.000 -9999.000 -9999.000 -9999.000 -9999.000 -9999.000 -9999.000 -9999.000 -9999.000 -9999.000 -9999.000
-9999.000 -9999.000 -9999.000 -9999.000 -9999.000 0.6454467E-01 0.1047900 0.1493853 0.1966978 0.2223068 0.2263037 0.2025977 0.1622477 0.1488990 0.1701666 0.2002161 0.2246156 0.2739839 0.2808542 0.2428018 0.2293606 0.2317740 0.2400449 0.2431316 0.1827949 0.1558353 0.1440388 0.1355234 0.1629848 0.2089879 0.1943282 0.1926643 0.2088612 0.2052048 0.1827131 0.1591775 0.1538736 0.1405996 0.8049165E-01 -9999.000 -9999.000 -9999.000 -9999.000 -9999.000 -9999.000 -9999.000 -9999.000 -9999.000 -9999.000 -9999.000 -9999.000 -9999.000 -9999.000 -9999.000 -9999.000 -9999.000 -9999.000 -9999.000 -9999.000
-9999.000 -9999.000 -9999.000 -9999.000 -9999.000 -9999.000 0.1313802 0.1369702 0.1716521 0.2151934 0.2469324 0.2308811 0.1885422 0.1545849 0.1552040 0.1685672 0.2043321 0.2705032 0.2932886 0.2909607 0.3033850 0.2356566 0.1947510 0.1735094 0.1588464 0.1388993 0.1287137 0.1340415 0.1571343 0.1870523 0.1656779 0.1567814 0.1731641 0.1897882 0.1788509 0.1528403 0.1601311 0.1606325 0.1081724 0.6215640E-01 -9999.000 -9999.000 -9999.000 -9999.000 -9999.000 -9999.000 -9999.000 -9999.000 -9999.000 -9999.000 -9999.000 -9999.000 -9999.000 -9999.000 -9999.000 -9999.000 -9999.000 -9999.000 -9999.000
-9999.000 -9999.000 -9999.000 -9999.000 -9999.000 -9999.000 -9999.000 0.8092659E-01 0.1309981 0.2135581 0.2636113 0.2414502 0.1865659 0.1297427 0.1059513 0.1007040 0.1557569 0.2563554 0.2598828 0.2344874 0.1949250 0.1603860 0.1563674 0.1957523 0.2269569 0.1663165 0.1450598 0.1623618 0.1793176 0.1979762 0.1922146 0.1723497 0.1690341 0.1859720 0.1584905 0.1043599 0.1036430 0.1337139 0.1235243 0.9599130E-01 -9999.000 -9999.000 -9999.000 -9999.000 -9999.000 -9999.000 -9999.000 -9999.000 -9999.000 -9999.000 -9999.000 -9999.000 -9999.000 -9999.000 -9999.000 -9999.000 -9999.000 -9999.000 -9999.000
-9999.000 -9999.000 -9999.000 -9999.000 -9999.000 -9999.000 -9999.000 0.2878539E-01 0.7422332E-01 0.1684167 0.2222104 0.2184843 0.1587743 0.9323713E-01 0.6309651E-01 0.5098726E-01 0.9086533E-01 0.1757769 0.1702623 0.1402200 0.1163065 0.1212143 0.1562040 0.2376516 0.2737016 0.2217829 0.2116937 0.2269852 0.2296074 0.2366368 0.2561168 0.2622328 0.2192574 0.1738298 0.1080126 0.5540692E-01 0.9553723E-01 0.1459831 0.1553156 0.1029459 0.4397794E-01 -9999.000 -9999.000 -9999.000 -9999.000 -9999.000 -9999.000 -9999.000 -9999.000 -9999.000 -9999.000 -9999.000 -9999.000 -9999.000 -9999.000 -9999.000 -9999.000 -9999.000 -9999.000
-9999.000 -9999.000 -9999.000 -9999.000 -9999.000 -9999.000 -9999.000 -9999.000 0.3861267E-01 0.1071216 0.1749597 0.1933078 0.1607650 0.8914824E-01 0.5064698E-01 0.3159088E-01 0.4138276E-01 0.8676129E-01 0.1067746 0.1150171 0.1423550 0.1463118 0.1550601 0.2320702 0.2778101 0.2621182 0.2581264 0.2557644 0.2267717 0.2215305 0.2841304 0.2935399 0.2541911 0.1694460 0.8415519E-01 0.9395997E-01 0.1375602 0.1529802 0.1365646 0.1038815 0.6645261E-01 -9999.000 -9999.000 -9999.000 -9999.000 -9999.000 -9999.000 -9999.000 -9999.000 -9999.000 -9999.000 -9999.000 -9999.000 -9999.000 -9999.000 -9999.000 -9999.000 -9999.000 -9999.000
-9999.000 -9999.000 -9999.000 -9999.000 -9999.000 -9999.000 -9999.000 -9999.000 0.2238570E-01 0.7590468E-01 0.1696534 0.1945224 0.1799944 0.1293819 0.8345110E-01 0.4945843E-01 0.3339044E-01 0.5043060E-01 0.7395758E-01 0.1004382 0.1413350 0.1797889 0.1823273 0.2258727 0.2796823 0.2704221 0.2407375 0.1963459 0.1232374 0.1409642 0.2239838 0.2383776 0.2321047 0.1784014 0.1444162 0.1633389 0.1740524 0.1572957 0.1385587 0.1509913 0.1288127 -9999.000 -9999.000 -9999.000 -9999.000 -9999.000 -9999.000 -9999.000 -9999.000 -9999.000 -9999.000 -9999.000 -9999.000 -9999.000 -9999.000 -9999.000 -9999.000 -9999.000 -9999.000
-9999.000 -9999.000 -9999.000 -9999.000 -9999.000 -9999.000 -9999.000 -9999.000 -9999.000 0.5267234E-01 0.1218268 0.1608313 0.1777875 0.1563067 0.1161908 0.6120791E-01 0.2951317E-01 0.3121326E-01 0.5255079E-01 0.8246779E-01 0.1362530 0.2000791 0.2075607 0.2236204 0.2708782 0.2359768 0.1763352 0.1143952 0.1257741 0.1519767 0.1698946 0.1728334 0.1832831 0.1673373 0.1694218 0.2059199 0.1998518 0.1718050 0.1823864 0.2026297 0.1633795 -9999.000 -9999.000 -9999.000 -9999.000 -9999.000 -9999.000 -9999.000 -9999.000 -9999.000 -9999.000 -9999.000 -9999.000 -9999.000 -9999.000 -9999.000 -9999.000 -9999.000 -9999.000
-9999.000 -9999.000 -9999.000 -9999.000 -9999.000 -9999.000 -9999.000 -9999.000 -9999.000 0.4216229E-01 0.7872486E-01 0.1303104 0.1754261 0.1909297 0.1502235 0.8163308E-01 0.3078470E-01 0.2271198E-01 0.4150661E-01 0.7311927E-01 0.1194573 0.1700419 0.1726247 0.2018668 0.2253930 0.1781611 0.1112024 0.1004440 0.1615902 0.2067288 0.1920313 0.1637361 0.1655723 0.1522296 0.1649328 0.2148920 0.2035127 0.1737837 0.1972076 0.2312856 0.1906722 0.1058549 -9999.000 -9999.000 -9999.000 -9999.000 -9999.000 -9999.000 -9999.000 -9999.000 -9999.000 -9999.000 -9999.000 -9999.000 -9999.000 -9999.000 -9999.000 -9999.000 -9999.000
-9999.000 -9999.000 -9999.000 -9999.000 -9999.000 -9999.000 -9999.000 -9999.000 -9999.000 -9999.000 -9999.000 0.8017044E-01 0.1631399 0.2097235 0.1919225 0.1262776 0.4318721E-01 0.1794064E-01 -9999.000 0.4336303E-01 0.8365553E-01 0.1173775 0.1139404 0.1519842 0.1940373 0.1707252 0.1615030 0.1668979 0.2133103 0.2411552 0.2434535 0.2093535 0.2189405 0.2197231 0.2263270 0.2499785 0.2237088 0.2108888 0.2229530 0.2443041 0.2211670 0.1447057 0.8480670E-01 -9999.000 -9999.000 -9999.000 -9999.000 -9999.000 -9999.000 -9999.000 -9999.000 -9999.000 -9999.000 -9999.000 -9999.000 -9999.000 -9999.000 -9999.000 -9999.000
-9999.000 -9999.000 -9999.000 -9999.000 -9999.000 -9999.000 -9999.000 -9999.000 -9999.000 -9999.000 -9999.000 0.4356993E-01 0.1160792 0.1868647 0.1963134 0.1483704 0.6893051E-01 0.3301203E-01 0.1294671E-01 0.2582740E-01 0.5674443E-01 0.6980120E-01 0.5456250E-01 0.1035305 0.2024745 0.2118974 0.2131860 0.2521689 0.2562838 0.2326186 0.2531862 0.2911820 0.3180050 0.3421933 0.3184427 0.2794864 0.2581336 0.2651476 0.2680430 0.2736788 0.2453186 0.1905700 0.1234151 0.4919427E-01 -9999.000 -9999.000 -9999.000 -9999.000 -9999.000 -9999.000 -9999.000 -9999.000 -9999.000 -9999.000 -9999.000 -9999.000 -9999.000 -9999.000 -9999.000
-9999.000 -9999.000 -9999.000 -9999.000 -9999.000 -9999.000 -9999.000 -9999.000 -9999.000 -9999.000 -9999.000 -9999.000 0.9904747E-01 0.1718109 0.1988827 0.1701355 0.1204632 0.6236294E-01 0.2537662E-01 0.2999147E-01 0.5591910E-01 0.5140507E-01 0.4156854E-01 0.9033679E-01 0.1669551 0.1864887 0.2088573 0.2729914 0.2921880 0.2462399 0.2576644 0.3255917 0.3501387 0.3594029 0.3481908 0.3009853 0.2835674 0.2794989 0.2863520 0.2897411 0.2734925 0.2507457 0.1718952 0.8375697E-01 -9999.000 -9999.000 -9999.000 -9999.000 -9999.000 -9999.000 -9999.000 -9999.000 -9999.000 -9999.000 -9999.000 -9999.000 -9999.000 -9999.000 -9999.000
-9999.000 -9999.000 -9999.000 -9999.000 -9999.000 -9999.000 -9999.000 -9999.000 -9999.000 -9999.000 -9999.000 -9999.000 0.9334734E-01 0.1766504 0.2062387 0.2002747 0.1640526 0.1065909 0.5352623E-01 0.3965579E-01 0.4686361E-01 0.3978402E-01 0.4457011E-01 0.7605898E-01 0.1031247 0.1134121 0.1536725 0.2312457 0.2801595 0.2678198 0.2885448 0.3351129 0.3175689 0.3049167 0.3093492 0.2998174 0.2586177 0.2601941 0.2620236 0.2746841 0.2800785 0.2657701 0.2150219 0.1204825 0.5834767E-01 -9999.000 -9999.000 -9999.000 -9999.000 -9999.000 -9999.000 -9999.000 -9999.000 -9999.000 -9999.000 -9999.000 -9999.000 -9999.000 -9999.000
-9999.000 -9999.000 -9999.000 -9999.000 -9999.000 -9999.000 -9999.000 -9999.000 -9999.000 -9999.000 -9999.000 0.1213687E-01 0.8315466E-01 0.1694682 0.2147593 0.2173393 0.1968998 0.1482429 0.7843821E-01 0.4860369E-01 0.4522201E-01 0.5424329E-01 0.6893620E-01 0.7554428E-01 0.6649381E-01 0.7278336E-01 0.1097121 0.1677809 0.2206234 0.2449644 0.3131248 0.2982992 0.2330759 0.2391494 0.2594702 0.2009217 0.1629285 0.1447094 0.1703779 0.1962143 0.2247421 0.2345848 0.2088274 0.1429824 0.1051519 -9999.000 -9999.000 -9999.000 -9999.000 -9999.000 -9999.000 -9999.000 -9999.000 -9999.000 -9999.000 -9999.000 -9999.000 -9999.000 -9999.000
-9999.000 -9999.000 -9999.000 -9999.000 -9999.000 -9999.000 -9999.000 -9999.000 -9999.000 -9999.000 -9999.000 -9999.000 -9999.000 0.1417740 0.2042413 0.2156802 0.2068593 0.1647152 0.1082814 0.5449722E-01 0.3555707E-01 0.4443374E-01 0.6480231E-01 0.6602375E-01 0.5814920E-01 0.8260475E-01 0.1321413 0.1743370 0.2081970 0.2366199 0.2513299 0.2057120 0.1772570 0.2661388 0.2930323 0.2398571 0.1646988 0.1431832 0.1555258 0.1683175 0.1884782 0.2081025 0.2026100 0.1710351 0.1334695 0.8591233E-01 -9999.000 -9999.000 -9999.000 -9999.000 -9999.000 -9999.000 -9999.000 -9999.000 -9999.000 -9999.000 -9999.000 -9999.000 -9999.000
-9999.000 -9999.000 -9999.000 -9999.000 -9999.000 -9999.000 -9999.000 -9999.000 -9999.000 -9999.000 -9999.000 -9999.000 -9999.000 0.1247615 0.1767076 0.1872904 0.2009755 0.1700650 0.9580354E-01 0.5188957E-01 0.2954320E-01 0.2303073E-01 0.3307904E-01 0.4942113E-01 0.6399196E-01 0.1015274 0.1744830 0.2005538 0.1980723 0.1805894 0.1819920 0.1707590 0.1801463 0.2702348 0.3358261 0.3168188 0.2556118 0.1846045 0.1865166 0.2138695 0.2231215 0.2126370 0.2050136 0.1723438 0.1236218 0.7494085E-01 -9999.000 -9999.000 -9999.000 -9999.000 -9999.000 -9999.000 -9999.000 -9999.000 -9999.000 -9999.000 -9999.000 -9999.000 -9999.000
-9999.000 -9999.000 -9999.000 -9999.000 -9999.000 -9999.000 -9999.000 -9999.000 -9999.000 -9999.000 -9999.000 -9999.000 -9999.000 0.1258689 0.1581559 0.1613317 0.1838905 0.1657337 0.1112562 0.7936291E-01 0.4933526E-01 0.2710170E-01 0.2053738E-01 0.2833354E-01 0.4518750E-01 0.8128274E-01 0.1260827 0.1384786 0.1619007 0.1597743 0.1927181 0.2233036 0.2070863 0.2417604 0.2909450 0.2857623 0.2558311 0.2214626 0.2156275 0.2238904 0.2000093 0.1879980 0.1955909 0.1834486 0.1609065 0.1240576 0.8718745E-01 0.5148608E-01 -9999.000 -9999.000 -9999.000 -9999.000 -9999.000 -9999.000 -9999.000 -9999.000 -9999.000 -9999.000 -9999.000
