simulation_files/asc/Depth____54.0.asc
NCOLS       411
NROWS       131
XLLCENTER    2538020.000000
YLLCENTER    1152390.000000
CELLSIZE           1.000
NODATA_VALUE     -9999.0
[rows 26 to 51 of 131, columns 240 to 299 of 411]
0.6583879 0.6875258 0.7030492 0.7180458 0.6396721 0.5939727 0.4940316 0.4059443 0.3400139 0.3216726 0.3195639 0.3267566 0.3353618 0.3402497 0.3488116 0.3535827 0.3562783 0.3562098 0.3530365 0.3506123 0.3480814 0.3494606 0.3498874 0.3560493 0.3513882 0.3524686 0.3538415 0.3549687 0.3503364 0.3513449 0.3577547 0.3650487 0.3676559 0.3747588 0.3819113 0.3850576 0.3876276 0.3939700 0.4001523 0.3970905 0.3999690 0.4031292 0.4002274 0.4011921 0.4058552 0.4110483 0.4106195 0.4157273 0.4221180 0.4191586 0.4196466 0.4237148 0.4302118 0.4295965 0.4357286 0.4408920 0.4387258 0.4373593 0.4392450 0.4402835
0.6246344 0.6723217 0.6971150 0.7053895 0.7107772 0.7018586 0.6784366 0.6223411 0.4995279 0.3855786 0.3140222 0.2836368 0.2869944 0.2950249 0.3005736 0.3030437 0.2998524 0.3018252 0.3024282 0.3031120 0.3020072 0.3039839 0.3054278 0.3062243 0.2987252 0.2973746 0.2953487 0.2971036 0.3003214 0.3013469 0.3007188 0.3039269 0.3053109 0.3098219 0.3150233 0.3132193 0.3186996 0.3239415 0.3275981 0.3230947 0.3251543 0.3250152 0.3192016 0.3227848 0.3275949 0.3302100 0.3291990 0.3350396 0.3394714 0.3392726 0.3364365 0.3413969 0.3451542 0.3498724 0.3586147 0.3659418 0.3678828 0.3696492 0.3739436 0.3727553
0.5931253 0.6581949 0.6854827 0.6886252 0.6943806 0.7053537 0.7203445 0.7281184 0.7067735 0.6306557 0.4922899 0.3597113 0.3049111 0.2603450 0.2600633 0.2611920 0.2616191 0.2630112 0.2635075 0.2640088 0.2664471 0.2694343 0.2689014 0.2701115 0.2624469 0.2638095 0.2634934 0.2634865 0.2617613 0.2633618 0.2590092 0.2576732 0.2571161 0.2595327 0.2622910 0.2597168 0.2615326 0.2649405 0.2621716 0.2608258 0.2604281 0.2607264 0.2571825 0.2584557 0.2617371 0.2589440 0.2610874 0.2636835 0.2661065 0.2620463 0.2655860 0.2709676 0.2748751 0.2798126 0.2877818 0.2958184 0.2971571 0.3064139 0.3148590 0.3202829
0.5600598 0.6590003 0.6811993 0.6862799 0.6895986 0.6952244 0.7094320 0.7417855 0.7672569 0.7499632 0.7136687 0.5994023 0.4243713 0.2814717 0.2333691 0.2284555 0.2279542 0.2282930 0.2305346 0.2319929 0.2345101 0.2340393 0.2357319 0.2367839 0.2346763 0.2357165 0.2351055 0.2358753 0.2341542 0.2349053 0.2328283 0.2290040 0.2288516 0.2279431 0.2268292 0.2237375 0.2237053 0.2238065 0.2214769 0.2202045 0.2180026 0.2167555 0.2160286 0.2158079 0.2152134 0.2134617 0.2157320 0.2167629 0.2167457 0.2174873 0.2204202 0.2235521 0.2254087 0.2282084 0.2321569 0.2342339 0.2402939 0.2500108 0.2596488 0.2637088
0.4860634 0.6586367 0.6819265 0.6903503 0.6913581 0.6912699 0.6996309 0.7267981 0.7508206 0.7599933 0.7482687 0.7205978 0.6607311 0.4679796 0.2644885 0.2174781 0.2060921 0.2037083 0.2025154 0.2021025 0.2037514 0.2061407 0.2077813 0.2081675 0.2080619 0.2079252 0.2085464 0.2109630 0.2108944 0.2136348 0.2136664 0.2136382 0.2131029 0.2149108 0.2148036 0.2133392 0.2098402 0.2068180 0.2023069 0.2005646 0.1990276 0.1973105 0.1982301 0.1984256 0.1981850 0.1984578 0.2007378 0.2021905 0.2030999 0.2043584 0.2058664 0.2073564 0.2065383 0.2053850 0.2023538 0.1998677 0.1991355 0.2049023 0.2100087 0.2109134
-9999.000 -9999.000 0.6802450 0.6854869 0.6879524 0.6877127 0.6911830 0.7025816 0.7190273 0.7327049 0.7396436 0.7394557 0.7305830 0.6736752 0.5288318 0.2857355 0.2092732 0.2011472 0.2006062 0.1928920 0.1893016 0.1930931 0.1879624 0.1891865 0.1866157 0.1882645 0.1871201 0.1876157 0.1877849 0.1931703 0.1989841 0.2013358 0.2022657 0.2047841 0.2098497 0.2101192 0.2074025 0.2004396 0.1936604 0.1931582 0.1946930 0.1942943 0.1954167 0.1970111 0.1988332 0.2005742 0.2023868 0.2036248 0.2044454 0.2049091 0.2049756 0.2040316 0.2005972 0.1939474 0.1854366 0.1766423 0.1719352 0.1720771 0.1717789 0.1695057
-9999.000 -9999.000 -9999.000 -9999.000 0.6846471 0.6878706 0.6977652 0.7020619 0.7099668 0.7199094 0.7320940 0.7385423 0.7356747 0.7193022 0.6451125 0.4974271 0.3225768 0.2490056 0.2509813 0.2344723 0.2284915 0.2212612 0.2152000 0.2040327 0.1892693 0.1740840 0.1723739 0.1727097 0.1764104 0.1823804 0.1890795 0.1940465 0.1964826 0.1997271 0.2022118 0.1992054 0.1936616 0.1887664 0.1858632 0.1856376 0.1868180 0.1869481 0.1885520 0.1905427 0.1916279 0.1934515 0.1948580 0.1958202 0.1950058 0.1952190 0.1948170 0.1880378 0.1796989 0.1698815 0.1591942 0.1481453 0.1459760 0.1464468 0.1452197 0.1387963
-9999.000 -9999.000 -9999.000 -9999.000 -9999.000 0.6994594 0.7215831 0.7339673 0.7283896 0.7262359 0.7346590 0.7362669 0.7327905 0.7235674 0.7115802 0.6344243 0.4711212 0.3396766 0.3195526 0.3241277 0.3064578 0.2994092 0.2962297 0.2814572 0.2645416 0.2306503 0.2160554 0.1703560 0.1808689 0.1827745 0.1848210 0.1876494 0.1910399 0.1941336 0.1909556 0.1837330 0.1761504 0.1720279 0.1727168 0.1753469 0.1740446 0.1720928 0.1732614 0.1743575 0.1743239 0.1748760 0.1762617 0.1753497 0.1741300 0.1735856 0.1711449 0.1618710 0.1490983 0.1383858 0.1293236 0.1244041 0.1257988 0.1272374 0.1243248 0.1189369
-9999.000 -9999.000 -9999.000 -9999.000 -9999.000 -9999.000 -9999.000 0.7568108 0.7476346 0.7413692 0.7394735 0.7376952 0.7320637 0.7248358 0.7171248 0.6953036 0.5885758 0.4195352 0.3563457 0.3520646 0.3520897 0.3633720 0.3609772 0.3701910 0.3696402 0.3672989 0.3395069 0.3155163 0.2605190 0.2239865 0.1990659 0.1846662 0.1865585 0.1863597 0.1831866 0.1741513 0.1677240 0.1640285 0.1643587 0.1664934 0.1662767 0.1643370 0.1631826 0.1619307 0.1582740 0.1566656 0.1567071 0.1541971 0.1532633 0.1521463 0.1480906 0.1370956 0.1269815 0.1200484 0.1169038 0.1183982 0.1205619 0.1195503 0.1153441 0.1101790
-9999.000 -9999.000 -9999.000 -9999.000 -9999.000 -9999.000 -9999.000 -9999.000 -9999.000 0.7431011 0.7423654 0.7423687 0.7380966 0.7310569 0.7282553 0.7241339 0.6739116 0.5546743 0.4005740 0.3307296 0.3386584 0.3556661 0.3726139 0.3892366 0.4020698 0.4180113 0.4259956 0.4353449 0.3870509 0.3530860 0.2763605 0.2097976 0.1949729 0.1898445 0.1850492 0.1761710 0.1638474 0.1623927 0.1586636 0.1576102 0.1561329 0.1544651 0.1529618 0.1525872 0.1504186 0.1469335 0.1429903 0.1402557 0.1385019 0.1355609 0.1287544 0.1227258 0.1204323 0.1205277 0.1226131 0.1247338 0.1213605 0.1144487 0.1069694 0.1026034
-9999.000 -9999.000 -9999.000 -9999.000 -9999.000 -9999.000 -9999.000 -9999.000 -9999.000 -9999.000 0.7454142 0.7490459 0.7532072 0.7576759 0.7561079 0.7524931 0.7247455 0.6557782 0.4963110 0.3376764 0.3077261 0.3226799 0.3466860 0.3679231 0.3880853 0.4154084 0.4365109 0.4564745 0.4902031 0.4542130 0.4336527 0.3341138 0.2601292 0.2145766 0.2040154 0.2017729 0.1932295 0.1867744 0.1769876 0.1663515 0.1597095 0.1574485 0.1491585 0.1510412 0.1462361 0.1420328 0.1372645 0.1343341 0.1308728 0.1257999 0.1198150 0.1174341 0.1192902 0.1235242 0.1293978 0.1308474 0.1218966 0.1090492 0.9938980E-01 0.9409814E-01
-9999.000 -9999.000 -9999.000 -9999.000 -9999.000 -9999.000 -9999.000 -9999.000 -9999.000 -9999.000 -9999.000 -9999.000 0.7755387 0.7867463 0.7903526 0.7833256 0.7538883 0.7018320 0.5820009 0.3901922 0.2865334 0.2719629 0.2944060 0.3190854 0.3445418 0.3787439 0.4126675 0.4451983 0.4869290 0.5066179 0.5056309 0.4712581 0.3657958 0.2721932 0.2431588 0.2384827 0.2422339 0.2424099 0.2354316 0.2246739 0.2069434 0.1968874 0.1799373 0.1739292 0.1620099 0.1533484 0.1457292 0.1412593 0.1357577 0.1232504 0.1167476 0.1165224 0.1171909 0.1186950 0.1283840 0.1348618 0.1236424 0.1090128 0.9910297E-01 0.9195574E-01
-9999.000 -9999.000 -9999.000 -9999.000 -9999.000 -9999.000 -9999.000 -9999.000 -9999.000 -9999.000 -9999.000 -9999.000 -9999.000 -9999.000 0.8106804 0.8065502 0.7734100 0.7339027 0.6551439 0.5058322 0.3158919 0.2264238 0.2353618 0.2580062 0.2806095 0.3144436 0.3582472 0.4053395 0.4556917 0.4798430 0.4935315 0.4975261 0.4367195 0.3586251 0.2697749 0.2601851 0.2626170 0.2659201 0.2692823 0.2706927 0.2622892 0.2439706 0.2330265 0.2165318 0.2057902 0.1948161 0.1839048 0.1731108 0.1584477 0.1464714 0.1349553 0.1292877 0.1195454 0.1191094 0.1220627 0.1238841 0.1191031 0.1139577 0.1081659 0.1001238
-9999.000 -9999.000 -9999.000 -9999.000 -9999.000 -9999.000 -9999.000 -9999.000 -9999.000 -9999.000 -9999.000 -9999.000 -9999.000 -9999.000 -9999.000 -9999.000 0.7856360 0.7496437 0.7048758 0.6129056 0.4286507 0.2382813 0.2047881 0.2121194 0.2248771 0.2401486 0.2803934 0.3183312 0.3703672 0.3998272 0.4337803 0.4661230 0.4629750 0.4233635 0.3507676 0.2891016 0.2623605 0.2606960 0.2651505 0.2696650 0.2696132 0.2571264 0.2444049 0.2329222 0.2258924 0.2206151 0.2122778 0.2002282 0.1901592 0.1831109 0.1714597 0.1539252 0.1406956 0.1280649 0.1211882 0.1133159 0.1081384 0.1106236 0.1136378 0.1141651
-9999.000 -9999.000 -9999.000 -9999.000 -9999.000 -9999.000 -9999.000 -9999.000 -9999.000 -9999.000 -9999.000 -9999.000 -9999.000 -9999.000 -9999.000 -9999.000 -9999.000 0.7567664 0.7159471 0.6639252 0.5478842 0.3297089 0.1925996 0.1761807 0.1779115 0.1618703 0.1578120 0.1778767 0.1769111 0.2293347 0.2933287 0.3780250 0.4227285 0.4362574 0.4279983 0.3316888 0.2639308 0.2466206 0.2480456 0.2494956 0.2489431 0.2390810 0.2321145 0.2217139 0.2148070 0.2093277 0.2044297 0.1991776 0.2004525 0.1961559 0.1914795 0.1873432 0.1671387 0.1410846 0.1212151 0.1113214 0.1053967 0.1061927 0.1121712 0.1244186
-9999.000 -9999.000 -9999.000 -9999.000 -9999.000 -9999.000 -9999.000 -9999.000 -9999.000 -9999.000 -9999.000 -9999.000 -9999.000 -9999.000 -9999.000 -9999.000 -9999.000 -9999.000 -9999.000 0.6783482 0.5916663 0.4230305 0.2252335 0.1387401 0.1123435 0.7367771E-01 0.5612551E-01 -9999.000 0.3479759E-01 0.7117783E-01 0.1289317 0.1766436 0.2968814 0.3702884 0.4197630 0.3589196 0.2718294 0.2144085 0.2122943 0.2075974 0.2096956 0.2059272 0.2051988 0.1958147 0.1889533 0.1800933 0.1756070 0.1722530 0.1721431 0.1717578 0.1694176 0.1641148 0.1576084 0.1450856 0.1291189 0.1217429 0.1118126 0.1069563 0.1066190 0.1153735
-9999.000 -9999.000 -9999.000 -9999.000 -9999.000 -9999.000 -9999.000 -9999.000 -9999.000 -9999.000 -9999.000 -9999.000 -9999.000 -9999.000 -9999.000 -9999.000 -9999.000 -9999.000 -9999.000 -9999.000 0.5530682 0.4197971 0.2330115 0.8803265E-01 -9999.000 -9999.000 -9999.000 -9999.000 -9999.000 -9999.000 -9999.000 0.5070440E-01 0.1315871 0.2136857 0.3239492 0.3342572 0.2875767 0.2092443 0.1676879 0.1432873 0.1515211 0.1532842 0.1620393 0.1591046 0.1528748 0.1356471 0.1291923 0.1185083 0.1182983 0.1152371 0.1140308 0.1126701 0.1227675 0.1255724 0.1332447 0.1240575 0.1201653 0.1123850 0.1053699 0.1089001
-9999.000 -9999.000 -9999.000 -9999.000 -9999.000 -9999.000 -9999.000 -9999.000 -9999.000 -9999.000 -9999.000 -9999.000 -9999.000 -9999.000 -9999.000 -9999.000 -9999.000 -9999.000 -9999.000 -9999.000 -9999.000 -9999.000 0.1912021 0.8611798E-01 -9999.000 -9999.000 -9999.000 -9999.000 -9999.000 -9999.000 -9999.000 -9999.000 -9999.000 0.7989126E-01 0.1831720 0.2239063 0.2300537 0.2099075 0.1204890 0.7528879E-01 0.7843064E-01 0.8465809E-01 0.1013228 0.1067492 0.1030227 0.8583272E-01 0.8055216E-01 0.7416367E-01 0.7626795E-01 0.8300912E-01 0.8709780E-01 0.8920173E-01 0.9166420E-01 0.9727723E-01 0.1075440 0.1136196 0.1166292 0.1107026 0.1022525 0.1220788
-9999.000 -9999.000 -9999.000 -9999.000 -9999.000 -9999.000 -9999.000 -9999.000 -9999.000 -9999.000 -9999.000 -9999.000 -9999.000 -9999.000 -9999.000 -9999.000 -9999.000 -9999.000 -9999.000 -9999.000 -9999.000 -9999.000 -9999.000 -9999.000 -9999.000 -9999.000 -9999.000 -9999.000 -9999.000 -9999.000 -9999.000 -9999.000 -9999.000 -9999.000 -9999.000 0.1028355 0.1300800 0.1231745 0.8987807E-01 0.4288933E-01 0.3108395E-01 0.3696734E-01 -9999.000 0.4416803E-01 0.6030816E-01 0.6182072E-01 0.5948499E-01 0.5999059E-01 0.6382752E-01 0.7227419E-01 0.7764473E-01 0.7820028E-01 0.7440104E-01 0.7293419E-01 0.7517406E-01 0.8166180E-01 0.8484132E-01 0.8794469E-01 0.8464035E-01 0.1037612
-9999.000 -9999.000 -9999.000 -9999.000 -9999.000 -9999.000 -9999.000 -9999.000 -9999.000 -9999.000 -9999.000 -9999.000 -9999.000 -9999.000 -9999.000 -9999.000 -9999.000 -9999.000 -9999.000 -9999.000 -9999.000 -9999.000 -9999.000 -9999.000 -9999.000 -9999.000 -9999.000 -9999.000 -9999.000 -9999.000 -9999.000 -9999.000 -9999.000 -9999.000 -9999.000 -9999.000 -9999.000 0.4157033E-01 -9999.000 -9999.000 -9999.000 -9999.000 -9999.000 -9999.000 0.3519453E-01 0.3808697E-01 0.4154686E-01 0.4003322E-01 0.4086025E-01 0.4358627E-01 0.5289941E-01 0.5879697E-01 0.5699318E-01 0.5218654E-01 0.4737308E-01 0.4892483E-01 0.4608955E-01 0.4154642E-01 0.5165080E-01 0.4892347E-01
-9999.000 -9999.000 -9999.000 -9999.000 -9999.000 -9999.000 -9999.000 -9999.000 -9999.000 -9999.000 -9999.000 -9999.000 -9999.000 -9999.000 -9999.000 -9999.000 -9999.000 -9999.000 -9999.000 -9999.000 -9999.000 -9999.000 -9999.000 -9999.000 -9999.000 -9999.000 -9999.000 -9999.000 -9999.000 -9999.000 -9999.000 -9999.000 -9999.000 -9999.000 -9999.000 -9999.000 -9999.000 -9999.000 -9999.000 -9999.000 -9999.000 -9999.000 -9999.000 -9999.000 -9999.000 0.2155808E-01 -9999.000 0.2011557E-01 0.1913303E-01 0.2217564E-01 0.2391093E-01 0.2113041E-01 0.2801138E-01 0.2863249E-01 0.2642829E-01 0.2453435E-01 0.2070177E-01 -9999.000 -9999.000 0.2432977E-01
-9999.000 -9999.000 -9999.000 -9999.000 -9999.000 -9999.000 -9999.000 -9999.000 -9999.000 -9999.000 -9999.000 -9999.000 -9999.000 -9999.000 -9999.000 -9999.000 -9999.000 -9999.000 -9999.000 -9999.000 -9999.000 -9999.000 -9999.000 -9999.000 -9999.000 -9999.000 -9999.000 -9999.000 -9999.000 -9999.000 -9999.000 -9999.000 -9999.000 -9999.000 -9999.000 -9999.000 -9999.000 -9999.000 -9999.000 -9999.000 -9999.000 -9999.000 -9999.000 -9999.000 -9999.000 -9999.000 -9999.000 -9999.000 -9999.000 -9999.000 -9999.000 -9999.000 -9999.000 -9999.000 -9999.000 -9999.000 -9999.000 -9999.000 -9999.000 0.4103666E-01
-9999.000 -9999.000 -9999.000 -9999.000 -9999.000 -9999.000 -9999.000 -9999.000 -9999.000 -9999.000 -9999.000 -9999.000 -9999.000 -9999.000 -9999.000 -9999.000 -9999.000 -9999.000 -9999.000 -9999.000 -9999.000 -9999.000 -9999.000 -9999.000 -9999.000 -9999.000 -9999.000 -9999.000 -9999.000 -9999.000 -9999.000 -9999.000 -9999.000 -9999.000 -9999.000 -9999.000 -9999.000 -9999.000 -9999.000 -9999.000 -9999.000 -9999.000 -9999.000 -9999.000 -9999.000 -9999.000 -9999.000 -9999.000 -9999.000 -9999.000 -9999.000 -9999.000 -9999.000 -9999.000 -9999.000 -9999.000 -9999.000 -9999.000 -9999.000 0.5584813E-01
-9999.000 -9999.000 -9999.000 -9999.000 -9999.000 -9999.000 -9999.000 -9999.000 -9999.000 -9999.000 -9999.000 -9999.000 -9999.000 -9999.000 -9999.000 -9999.000 -9999.000 -9999.000 -9999.000 -9999.000 -9999.000 -9999.000 -9999.000 -9999.000 -9999.000 -9999.000 -9999.000 -9999.000 -9999.000 -9999.000 -9999.000 -9999.000 -9999.000 -9999.000 -9999.000 -9999.000 -9999.000 -9999.000 -9999.000 -9999.000 -9999.000 -9999.000 -9999.000 -9999.000 -9999.000 -9999.000 -9999.000 -9999.000 -9999.000 -9999.000 -9999.000 -9999.000 -9999.000 -9999.000 -9999.000 -9999.000 -9999.000 -9999.000 -9999.000 0.3599062E-01
-9999.000 -9999.000 -9999.000 -9999.000 -9999.000 -9999.000 -9999.000 -9999.000 -9999.000 -9999.000 -9999.000 -9999.000 -9999.000 -9999.000 -9999.000 -9999.000 -9999.000 -9999.000 -9999.000 -9999.000 -9999.000 -9999.000 -9999.000 -9999.000 -9999.000 -9999.000 -9999.000 -9999.000 -9999.000 -9999.000 -9999.000 -9999.000 -9999.000 -9999.000 -9999.000 -9999.000 -9999.000 -9999.000 -9999.000 -9999.000 -9999.000 -9999.000 -9999.000 -9999.000 -9999.000 -9999.000 -9999.000 -9999.000 -9999.000 -9999.000 -9999.000 -9999.000 -9999.000 -9999.000 -9999.000 -9999.000 -9999.000 -9999.000 -9999.000 -9999.000
-9999.000 -9999.000 -9999.000 -9999.000 -9999.000 -9999.000 -9999.000 -9999.000 -9999.000 -9999.000 -9999.000 -9999.000 -9999.000 -9999.000 -9999.000 -9999.000 -9999.000 -9999.000 -9999.000 -9999.000 -9999.000 -9999.000 -9999.000 -9999.000 -9999.000 -9999.000 -9999.000 -9999.000 -9999.000 -9999.000 -9999.000 -9999.000 -9999.000 -9999.000 -9999.000 -9999.000 -9999.000 -9999.000 -9999.000 -9999.000 -9999.000 -9999.000 -9999.000 -9999.000 -9999.000 -9999.000 -9999.000 -9999.000 -9999.000 -9999.000 -9999.000 -9999.000 -9999.000 -9999.000 -9999.000 -9999.000 -9999.000 -9999.000 -9999.000 -9999.000
