simulation_files/asc/Depth____67.0.asc
NCOLS       411
NROWS       131
XLLCENTER    2538020.000000
YLLCENTER    1152390.000000
CELLSIZE           1.000
NODATA_VALUE     -9999.0
[rows 26 to 51 of 131, columns 240 to 299 of 411]
0.8085833 0.8668821 0.9245658 0.9658637 0.9947948 1.011553 1.018900 1.016702 1.016684 1.008148 1.009747 0.9915649 0.9132006 0.6880031 0.4936006 0.4149380 0.3981702 0.3945568 0.3919720 0.3889364 0.3850017 0.3861588 0.3870654 0.3946578 0.3928675 0.3954571 0.3991991 0.4024573 0.4004794 0.4035691 0.4105386 0.4178745 0.4208663 0.4286907 0.4361709 0.4393171 0.4419365 0.4487505 0.4549864 0.4515529 0.4549712 0.4588353 0.4564280 0.4582849 0.4639069 0.4704121 0.4722754 0.4788586 0.4865435 0.4845147 0.4864580 0.4930467 0.5012114 0.5002409 0.5070686 0.5131906 0.5118378 0.5116674 0.5158397 0.5194221
0.7833783 0.8641357 0.9262011 0.9647335 0.9951723 1.022338 1.036205 1.049597 1.060191 1.056415 1.048025 1.040415 1.022507 0.9427090 0.7507414 0.5232937 0.3917380 0.3939774 0.3935810 0.3870976 0.3750384 0.3591130 0.3521016 0.3543844 0.3517864 0.3501542 0.3523126 0.3549974 0.3581643 0.3590926 0.3594087 0.3606997 0.3601367 0.3628837 0.3667644 0.3639412 0.3692451 0.3744754 0.3785300 0.3745686 0.3777178 0.3781309 0.3726014 0.3766870 0.3822258 0.3860242 0.3861393 0.3926276 0.3977712 0.3990869 0.3977817 0.4049394 0.4097352 0.4140788 0.4236016 0.4318793 0.4348329 0.4380466 0.4452182 0.4471350
0.7597912 0.8623678 0.9298361 0.9647008 0.9990069 1.028200 1.054389 1.083985 1.103799 1.111854 1.104998 1.091623 1.084869 1.067157 0.9833183 0.8154378 0.5824970 0.4687822 0.4736893 0.4750433 0.4566143 0.4186309 0.3887369 0.3816018 0.3555958 0.3464428 0.3493221 0.3469099 0.3424816 0.3428086 0.3400320 0.3340410 0.3286658 0.3237826 0.3216261 0.3167825 0.3151373 0.3152621 0.3115317 0.3105353 0.3107731 0.3114341 0.3085963 0.3102883 0.3135490 0.3109767 0.3137968 0.3170928 0.3206700 0.3177263 0.3228191 0.3296773 0.3340088 0.3389396 0.3482127 0.3579115 0.3609467 0.3724409 0.3836961 0.3918728
0.7318050 0.8778295 0.9354724 0.9709739 1.005051 1.035469 1.070266 1.109042 1.136473 1.151497 1.153357 1.141927 1.130549 1.114570 1.089190 1.018511 0.8431449 0.6187648 0.5387575 0.5440084 0.5567227 0.5612456 0.5221552 0.4687507 0.4261017 0.3928056 0.3816194 0.3743638 0.3709893 0.3620881 0.3568841 0.3499692 0.3428990 0.3321292 0.3275464 0.3149183 0.3043449 0.2938179 0.2852623 0.2782724 0.2733669 0.2703659 0.2674165 0.2669691 0.2667558 0.2649604 0.2665811 0.2679099 0.2690307 0.2705998 0.2747321 0.2788699 0.2809934 0.2846164 0.2907083 0.2942501 0.3018178 0.3137442 0.3257138 0.3322317
0.6316002 0.8924650 0.9446890 0.9804309 1.012883 1.041481 1.076363 1.113712 1.142530 1.160655 1.166393 1.168805 1.169700 1.159490 1.134696 1.091471 0.9760398 0.7760956 0.6157281 0.5709159 0.5826501 0.6025569 0.6088665 0.5983416 0.5527979 0.4984999 0.4468175 0.4140150 0.4094344 0.4048629 0.3960178 0.3815645 0.3768782 0.3694041 0.3698117 0.3647834 0.3526461 0.3328461 0.3178789 0.2993124 0.2854949 0.2794406 0.2684922 0.2601495 0.2552270 0.2533346 0.2527190 0.2516991 0.2521233 0.2530781 0.2550264 0.2582524 0.2579429 0.2580326 0.2576643 0.2584111 0.2586144 0.2653910 0.2721135 0.2748420
-9999.000 -9999.000 0.9621960 0.9948363 1.026418 1.053112 1.085317 1.112439 1.135090 1.153321 1.172607 1.183922 1.194114 1.192983 1.179055 1.140641 1.070949 0.9147121 0.7081319 0.6118859 0.5962545 0.6154900 0.6349113 0.6443546 0.6487847 0.6153579 0.5573602 0.4666183 0.4454110 0.4442022 0.4430805 0.4358331 0.4257640 0.4128220 0.4140615 0.4070284 0.3963410 0.3830041 0.3765788 0.3628723 0.3475225 0.3382325 0.3215518 0.3017915 0.2880206 0.2792636 0.2696251 0.2618320 0.2569017 0.2524011 0.2492574 0.2475979 0.2449599 0.2409229 0.2358791 0.2301444 0.2269882 0.2284487 0.2300502 0.2298853
-9999.000 -9999.000 -9999.000 -9999.000 1.045522 1.078048 1.113983 1.133706 1.146509 1.155641 1.173582 1.195169 1.210302 1.216436 1.205114 1.176113 1.108227 1.002284 0.8177631 0.6268195 0.6188830 0.6340773 0.6563381 0.6742669 0.6879676 0.6906391 0.6673738 0.5844346 0.5217233 0.4709047 0.4777495 0.4863714 0.4810140 0.4737236 0.4582441 0.4370565 0.4196684 0.4095800 0.4090695 0.4084743 0.4059144 0.4002315 0.3946694 0.3779817 0.3641064 0.3420534 0.3220822 0.3045805 0.2927469 0.2735737 0.2552349 0.2424808 0.2277755 0.2158864 0.2069973 0.1979779 0.1972492 0.1990290 0.1994535 0.1957223
-9999.000 -9999.000 -9999.000 -9999.000 -9999.000 1.108631 1.155680 1.179161 1.174511 1.169495 1.182457 1.202364 1.220426 1.231314 1.228656 1.199856 1.153490 1.092298 0.9311139 0.7042605 0.6173678 0.6473936 0.6718076 0.6981592 0.7172314 0.7325812 0.7487680 0.7403296 0.6651543 0.5575887 0.5097254 0.5042053 0.5069923 0.5100765 0.4972480 0.4765731 0.4547766 0.4414058 0.4383563 0.4424213 0.4478098 0.4450355 0.4395084 0.4340114 0.4257049 0.4087452 0.3849925 0.3664794 0.3497029 0.3293866 0.3030453 0.2743284 0.2399547 0.2080750 0.1867663 0.1762018 0.1760913 0.1772723 0.1749758 0.1721162
-9999.000 -9999.000 -9999.000 -9999.000 -9999.000 -9999.000 -9999.000 1.203446 1.193304 1.187696 1.192883 1.210800 1.231304 1.241796 1.243388 1.227239 1.192888 1.139693 1.011488 0.7506403 0.6210115 0.6293791 0.6694308 0.7062363 0.7395735 0.7822134 0.8079574 0.8378748 0.8070082 0.7150146 0.5906615 0.5174207 0.5087041 0.5076679 0.5129198 0.5149546 0.4975941 0.4798463 0.4669737 0.4683200 0.4691841 0.4683619 0.4652385 0.4603660 0.4642063 0.4531912 0.4302193 0.4075898 0.3835483 0.3648899 0.3478362 0.3289227 0.2997536 0.2656518 0.2308790 0.2065116 0.1839780 0.1720332 0.1665314 0.1637235
-9999.000 -9999.000 -9999.000 -9999.000 -9999.000 -9999.000 -9999.000 -9999.000 -9999.000 1.192496 1.202044 1.223574 1.250743 1.266997 1.273074 1.271403 1.236943 1.185006 1.073546 0.8102682 0.6326095 0.6111828 0.6465413 0.6923983 0.7440042 0.7975816 0.8366204 0.8738029 0.8934799 0.8411205 0.7150609 0.5759078 0.5256618 0.5062731 0.5142522 0.5252271 0.5339840 0.5302943 0.5091645 0.4912575 0.4907736 0.4920284 0.4926404 0.4853972 0.4754383 0.4724614 0.4616685 0.4450548 0.4145309 0.3820726 0.3642682 0.3539317 0.3478235 0.3440842 0.3432551 0.3150320 0.2624308 0.2143619 0.1865472 0.1716170
-9999.000 -9999.000 -9999.000 -9999.000 -9999.000 -9999.000 -9999.000 -9999.000 -9999.000 -9999.000 1.216307 1.245642 1.281535 1.316613 1.325306 1.324019 1.287307 1.223902 1.128192 0.8994826 0.6573083 0.5959607 0.6130187 0.6540498 0.7058506 0.7661652 0.8240172 0.8747003 0.9194227 0.8928901 0.8282278 0.7093414 0.5997004 0.5335215 0.5191013 0.5302340 0.5432237 0.5604426 0.5599587 0.5471686 0.5285918 0.5170121 0.5142342 0.5095541 0.4962187 0.4847769 0.4790616 0.4735017 0.4552902 0.4241037 0.4009351 0.3859650 0.3795140 0.3843145 0.3972976 0.4028872 0.3829232 0.3445559 0.2969815 0.2484891
-9999.000 -9999.000 -9999.000 -9999.000 -9999.000 -9999.000 -9999.000 -9999.000 -9999.000 -9999.000 -9999.000 -9999.000 1.326357 1.366034 1.385865 1.381622 1.338336 1.261048 1.162788 0.9622428 0.7170918 0.6179128 0.5831738 0.5969519 0.6369307 0.7016779 0.7795838 0.8412782 0.8943671 0.8931091 0.8665744 0.8312792 0.7266181 0.6292339 0.5721429 0.5528679 0.5476661 0.5602201 0.5742077 0.5814709 0.5683179 0.5467924 0.5312696 0.5247495 0.5105726 0.5000630 0.4943267 0.4948049 0.4958546 0.4900159 0.4680747 0.4388172 0.4211644 0.4139751 0.4091933 0.4217575 0.4352376 0.4386994 0.4246746 0.3945676
-9999.000 -9999.000 -9999.000 -9999.000 -9999.000 -9999.000 -9999.000 -9999.000 -9999.000 -9999.000 -9999.000 -9999.000 -9999.000 -9999.000 1.426503 1.423859 1.374378 1.308456 1.200426 1.051081 0.8150472 0.6450049 0.5877016 0.5729845 0.5852104 0.6149923 0.6860863 0.7555660 0.8255947 0.8391760 0.8496366 0.8558607 0.8159659 0.7519760 0.6407307 0.6038491 0.5789283 0.5560456 0.5563753 0.5625431 0.5673278 0.5540979 0.5490669 0.5360093 0.5278365 0.5189521 0.5150163 0.5164225 0.5221608 0.5322311 0.5351632 0.5159929 0.4815480 0.4602062 0.4448309 0.4273249 0.4280774 0.4370943 0.4542063 0.4685003
-9999.000 -9999.000 -9999.000 -9999.000 -9999.000 -9999.000 -9999.000 -9999.000 -9999.000 -9999.000 -9999.000 -9999.000 -9999.000 -9999.000 -9999.000 -9999.000 1.389905 1.317970 1.219391 1.104639 0.9458889 0.7321985 0.6269271 0.5909764 0.5887249 0.5878440 0.5786821 0.6065735 0.6768130 0.7523014 0.7938975 0.8313993 0.8483347 0.8328512 0.7426006 0.6503618 0.6086178 0.5747063 0.5401084 0.5155697 0.5221791 0.5240285 0.5338890 0.5356635 0.5379230 0.5375795 0.5317100 0.5309784 0.5342517 0.5425886 0.5472524 0.5429626 0.5295482 0.5059127 0.4905004 0.4652718 0.4498101 0.4462068 0.4573056 0.4765006
-9999.000 -9999.000 -9999.000 -9999.000 -9999.000 -9999.000 -9999.000 -9999.000 -9999.000 -9999.000 -9999.000 -9999.000 -9999.000 -9999.000 -9999.000 -9999.000 -9999.000 1.307149 1.207009 1.117762 1.003421 0.8494067 0.6961871 0.6134370 0.5826679 0.5682429 0.5125633 0.4124439 0.4556774 0.5646591 0.6627260 0.7512080 0.7981757 0.8389800 0.8258826 0.6793688 0.5934373 0.5716560 0.5412347 0.5093816 0.4780443 0.4792586 0.4938080 0.5039942 0.5143610 0.5224279 0.5226617 0.5188940 0.5206076 0.5222507 0.5303793 0.5405485 0.5434534 0.5389551 0.5287848 0.5172687 0.4966335 0.4854932 0.4837009 0.4912711
-9999.000 -9999.000 -9999.000 -9999.000 -9999.000 -9999.000 -9999.000 -9999.000 -9999.000 -9999.000 -9999.000 -9999.000 -9999.000 -9999.000 -9999.000 -9999.000 -9999.000 -9999.000 -9999.000 1.112064 1.002800 0.8797121 0.7331391 0.6106875 0.5361904 0.5010365 0.4142622 0.2377788 0.1942566 0.2818326 0.4185603 0.5322312 0.6421322 0.7478355 0.7942365 0.6918967 0.5873364 0.5175634 0.5173172 0.5129117 0.4792919 0.4465250 0.4360687 0.4445659 0.4584401 0.4695465 0.4801403 0.4796610 0.4856139 0.4869873 0.4940223 0.5032014 0.5215573 0.5380112 0.5488601 0.5460346 0.5358194 0.5315908 0.5217978 0.5038797
-9999.000 -9999.000 -9999.000 -9999.000 -9999.000 -9999.000 -9999.000 -9999.000 -9999.000 -9999.000 -9999.000 -9999.000 -9999.000 -9999.000 -9999.000 -9999.000 -9999.000 -9999.000 -9999.000 -9999.000 0.9547750 0.8387924 0.6941031 0.5577655 0.4554066 0.3797578 0.2608443 0.1221604 -9999.000 0.1174143 0.1474100 0.2398695 0.4243247 0.5305831 0.6488924 0.6512600 0.6015522 0.5084526 0.4650212 0.4615510 0.4807311 0.4410465 0.3957474 0.3733838 0.3836742 0.3954475 0.4171693 0.4307126 0.4459920 0.4536291 0.4654014 0.4754540 0.4918142 0.5062344 0.5271489 0.5294705 0.5221754 0.5181049 0.4794440 0.4415317
-9999.000 -9999.000 -9999.000 -9999.000 -9999.000 -9999.000 -9999.000 -9999.000 -9999.000 -9999.000 -9999.000 -9999.000 -9999.000 -9999.000 -9999.000 -9999.000 -9999.000 -9999.000 -9999.000 -9999.000 -9999.000 -9999.000 0.6266531 0.4980346 0.3828324 0.2722452 0.1288368 -9999.000 -9999.000 -9999.000 -9999.000 -9999.000 -9999.000 0.2865981 0.4065594 0.4890799 0.5324523 0.5156721 0.4034659 0.3636797 0.4142484 0.4194524 0.3861259 0.3293790 0.3203826 0.3305909 0.3550049 0.3770084 0.4041675 0.4318785 0.4426669 0.4525548 0.4523448 0.4569489 0.4559246 0.4559934 0.4449024 0.4269068 0.4098589 0.3812757
-9999.000 -9999.000 -9999.000 -9999.000 -9999.000 -9999.000 -9999.000 -9999.000 -9999.000 -9999.000 -9999.000 -9999.000 -9999.000 -9999.000 -9999.000 -9999.000 -9999.000 -9999.000 -9999.000 -9999.000 -9999.000 -9999.000 -9999.000 -9999.000 0.3175525 0.1796020 0.6531192E-01 -9999.000 -9999.000 -9999.000 -9999.000 -9999.000 -9999.000 -9999.000 0.1903532 0.2655653 0.3519625 0.4214606 0.3376315 0.2516112 0.3049042 0.3671791 0.3766184 0.3339974 0.2882573 0.2768810 0.3000559 0.3237737 0.3499588 0.3766267 0.3835128 0.3807275 0.3843608 0.3751272 0.3777830 0.3704280 0.3713541 0.3664547 0.3655953 0.3595587
-9999.000 -9999.000 -9999.000 -9999.000 -9999.000 -9999.000 -9999.000 -9999.000 -9999.000 -9999.000 -9999.000 -9999.000 -9999.000 -9999.000 -9999.000 -9999.000 -9999.000 -9999.000 -9999.000 -9999.000 -9999.000 -9999.000 -9999.000 -9999.000 -9999.000 0.1165556 -9999.000 -9999.000 -9999.000 -9999.000 -9999.000 -9999.000 -9999.000 -9999.000 -9999.000 0.1076363 0.1381745 0.2196655 0.2137166 0.1371634 0.1851076 0.2543066 0.2997357 0.3310347 0.2905181 0.2602438 0.2384990 0.2483955 0.2595826 0.2664212 0.2906068 0.2985503 0.3172748 0.3249141 0.3398975 0.3480320 0.3550729 0.3539232 0.3517665 0.3402250
-9999.000 -9999.000 -9999.000 -9999.000 -9999.000 -9999.000 -9999.000 -9999.000 -9999.000 -9999.000 -9999.000 -9999.000 -9999.000 -9999.000 -9999.000 -9999.000 -9999.000 -9999.000 -9999.000 -9999.000 -9999.000 -9999.000 -9999.000 -9999.000 -9999.000 -9999.000 -9999.000 -9999.000 -9999.000 -9999.000 -9999.000 -9999.000 -9999.000 -9999.000 -9999.000 -9999.000 -9999.000 -9999.000 -9999.000 0.4114803E-01 -9999.000 -9999.000 0.1743914 0.2403875 0.2547587 0.2366872 0.1828367 0.1626608 0.1688773 0.1808373 0.2128389 0.2324924 0.2607273 0.2810441 0.3092874 0.3296892 0.3465243 0.3579807 0.3572225 0.3467586
-9999.000 -9999.000 -9999.000 -9999.000 -9999.000 -9999.000 -9999.000 -9999.000 -9999.000 -9999.000 -9999.000 -9999.000 -9999.000 -9999.000 -9999.000 -9999.000 -9999.000 -9999.000 -9999.000 -9999.000 -9999.000 -9999.000 -9999.000 -9999.000 -9999.000 -9999.000 -9999.000 -9999.000 -9999.000 -9999.000 -9999.000 -9999.000 -9999.000 -9999.000 -9999.000 -9999.000 -9999.000 -9999.000 -9999.000 -9999.000 -9999.000 -9999.000 -9999.000 0.1204557 0.1470632 0.1605019 0.1428592 0.1065550 0.1040544 0.1137787 0.1386007 0.1674103 0.1965697 0.2233061 0.2520462 0.2854850 0.3170484 0.3439371 0.3633385 0.3698771
-9999.000 -9999.000 -9999.000 -9999.000 -9999.000 -9999.000 -9999.000 -9999.000 -9999.000 -9999.000 -9999.000 -9999.000 -9999.000 -9999.000 -9999.000 -9999.000 -9999.000 -9999.000 -9999.000 -9999.000 -9999.000 -9999.000 -9999.000 -9999.000 -9999.000 -9999.000 -9999.000 -9999.000 -9999.000 -9999.000 -9999.000 -9999.000 -9999.000 -9999.000 -9999.000 -9999.000 -9999.000 -9999.000 -9999.000 -9999.000 -9999.000 -9999.000 -9999.000 -9999.000 -9999.000 0.7042590E-01 0.7286847E-01 0.5180709E-01 0.5395272E-01 0.5891217E-01 0.7205359E-01 0.8929616E-01 0.1191836 0.1466477 0.1750482 0.2108173 0.2449988 0.2995697 0.3365723 0.3681922
-9999.000 -9999.000 -9999.000 -9999.000 -9999.000 -9999.000 -9999.000 -9999.000 -9999.000 -9999.000 -9999.000 -9999.000 -9999.000 -9999.000 -9999.000 -9999.000 -9999.000 -9999.000 -9999.000 -9999.000 -9999.000 -9999.000 -9999.000 -9999.000 -9999.000 -9999.000 -9999.000 -9999.000 -9999.000 -9999.000 -9999.000 -9999.000 -9999.000 -9999.000 -9999.000 -9999.000 -9999.000 -9999.000 -9999.000 -9999.000 -9999.000 -9999.000 -9999.000 -9999.000 -9999.000 -9999.000 -9999.000 -9999.000 -9999.000 -9999.000 0.3118612E-01 0.3464793E-01 0.4215287E-01 0.6635119E-01 0.8525797E-01 0.1189362 0.1378515 0.1861112 0.2437077 0.3017221
-9999.000 -9999.000 -9999.000 -9999.000 -9999.000 -9999.000 -9999.000 -9999.000 -9999.000 -9999.000 -9999.000 -9999.000 -9999.000 -9999.000 -9999.000 -9999.000 -9999.000 -9999.000 -9999.000 -9999.000 -9999.000 -9999.000 -9999.000 -9999.000 -9999.000 -9999.000 -9999.000 -9999.000 -9999.000 -9999.000 -9999.000 -9999.000 -9999.000 -9999.000 -9999.000 -9999.000 -9999.000 -9999.000 -9999.000 -9999.000 -9999.000 -9999.000 -9999.000 -9999.000 -9999.000 -9999.000 -9999.000 -9999.000 -9999.000 -9999.000 -9999.000 -9999.000 -9999.000 -9999.000 0.2966318E-01 0.3733511E-01 0.5393512E-01 0.6478374E-01 0.1068613 0.1662543
-9999.000 -9999.000 -9999.000 -9999.000 -9999.000 -9999.000 -9999.000 -9999.000 -9999.000 -9999.000 -9999.000 -9999.000 -9999.000 -9999.000 -9999.000 -9999.000 -9999.000 -9999.000 -9999.000 -9999.000 -9999.000 -9999.000 -9999.000 -9999.000 -9999.000 -9999.000 -9999.000 -9999.000 -9999.000 -9999.000 -9999.000 -9999.000 -9999.000 -9999.000 -9999.000 -9999.000 -9999.000 -9999.000 -9999.000 -9999.000 -9999.000 -9999.000 -9999.000 -9999.000 -9999.000 -9999.000 -9999.000 -9999.000 -9999.000 -9999.000 -9999.000 -9999.000 -9999.000 -9999.000 -9999.000 -9999.000 -9999.000 -9999.000 0.2402241E-01 -9999.000
