simulation_files/asc/Depth____120.0.asc
NCOLS       411
NROWS       131
XLLCENTER    2538020.000000
YLLCENTER    1152390.000000
CELLSIZE           1.000
NODATA_VALUE     -9999.0
[rows 0 to 26 of 131, columns 177 to 235 of 411]
-9999.000 -9999.000 -9999.000 -9999.000 -9999.000 -9999.000 -9999.000 -9999.000 -9999.000 -9999.000 -9999.000 -9999.000 -9999.000 -9999.000 -9999.000 -9999.000 -9999.000 -9999.000 -9999.000 -9999.000 -9999.000 -9999.000 -9999.000 -9999.000 -9999.000 -9999.000 -9999.000 -9999.000 -9999.000 -9999.000 -9999.000 -9999.000 -9999.000 -9999.000 -9999.000 -9999.000 -9999.000 -9999.000 -9999.000 -9999.000 -9999.000 -9999.000 -9999.000 -9999.000 -9999.000 -9999.000 -9999.000 -9999.000 -9999.000 -9999.000 -9999.000 -9999.000 -9999.000 -9999.000 -9999.000 -9999.000 -9999.000 -9999.000 -9999.000
-9999.000 -9999.000 -9999.000 -9999.000 -9999.000 -9999.000 -9999.000 -9999.000 -9999.000 -9999.000 -9999.000 -9999.000 -9999.000 -9999.000 -9999.000 -9999.000 -9999.000 -9999.000 -9999.000 -9999.000 -9999.000 -9999.000 -9999.000 -9999.000 -9999.000 -9999.000 -9999.000 -9999.000 -9999.000 -9999.000 -9999.000 -9999.000 -9999.000 -9999.000 -9999.000 -9999.000 -9999.000 -9999.000 -9999.000 -9999.000 -9999.000 -9999.000 -9999.000 -9999.000 -9999.000 -9999.000 -9999.000 -9999.000 -9999.000 -9999.000 -9999.000 -9999.000 -9999.000 -9999.000 -9999.000 -9999.000 -9999.000 -9999.000 -9999.000
-9999.000 -9999.000 -9999.000 -9999.000 -9999.000 -9999.000 -9999.000 -9999.000 -9999.000 -9999.000 -9999.000 -9999.000 -9999.000 -9999.000 -9999.000 -9999.000 -9999.000 -9999.000 -9999.000 -9999.000 -9999.000 -9999.000 -9999.000 -9999.000 -9999.000 -9999.000 -9999.000 -9999.000 -9999.000 -9999.000 -9999.000 -9999.000 -9999.000 -9999.000 -9999.000 -9999.000 -9999.000 -9999.000 -9999.000 -9999.000 -9999.000 -9999.000 -9999.000 -9999.000 -9999.000 -9999.000 -9999.000 -9999.000 -9999.000 -9999.000 -9999.000 -9999.000 -9999.000 -9999.000 -9999.000 -9999.000 0.3556610 0.3392585 0.2997422
-9999.000 -9999.000 -9999.000 -9999.000 -9999.000 -9999.000 -9999.000 -9999.000 -9999.000 -9999.000 -9999.000 -9999.000 -9999.000 -9999.000 -9999.000 -9999.000 -9999.000 -9999.000 -9999.000 -9999.000 -9999.000 -9999.000 -9999.000 -9999.000 -9999.000 -9999.000 -9999.000 -9999.000 -9999.000 -9999.000 -9999.000 -9999.000 -9999.000 -9999.000 -9999.000 -9999.000 -9999.000 -9999.000 -9999.000 -9999.000 -9999.000 -9999.000 -9999.000 -9999.000 -9999.000 -9999.000 -9999.000 -9999.000 -9999.000 -9999.000 -9999.000 0.8061386 0.7842622 0.7233962 0.6562606 0.5594732 0.4984011 0.4864210 0.4939787
-9999.000 -9999.000 -9999.000 -9999.000 -9999.000 -9999.000 -9999.000 -9999.000 -9999.000 -9999.000 -9999.000 -9999.000 -9999.000 -9999.000 -9999.000 -9999.000 -9999.000 -9999.000 -9999.000 -9999.000 -9999.000 -9999.000 -9999.000 -9999.000 -9999.000 -9999.000 -9999.000 -9999.000 -9999.000 -9999.000 -9999.000 -9999.000 -9999.000 -9999.000 -9999.000 -9999.000 -9999.000 -9999.000 -9999.000 -9999.000 -9999.000 -9999.000 -9999.000 -9999.000 -9999.000 -9999.000 -9999.000 0.2334379 0.4529919 0.7090618 0.8554292 0.8996098 0.9377966 0.9251930 0.9098205 0.8656201 0.8310374 0.8104885 0.7975965
-9999.000 -9999.000 -9999.000 -9999.000 -9999.000 -9999.000 -9999.000 -9999.000 -9999.000 -9999.000 -9999.000 -9999.000 -9999.000 -9999.000 -9999.000 -9999.000 -9999.000 -9999.000 -9999.000 -9999.000 -9999.000 -9999.000 -9999.000 -9999.000 -9999.000 -9999.000 -9999.000 -9999.000 -9999.000 -9999.000 -9999.000 -9999.000 -9999.000 -9999.000 -9999.000 -9999.000 -9999.000 -9999.000 -9999.000 -9999.000 -9999.000 -9999.000 -9999.000 0.1144617 0.1529064 0.2275999 0.2828712 0.3098087 0.5855127 0.8524594 1.059415 1.217073 1.261252 1.269686 1.275868 1.222565 1.190149 1.171102 1.147648
-9999.000 -9999.000 -9999.000 -9999.000 -9999.000 -9999.000 -9999.000 -9999.000 -9999.000 -9999.000 -9999.000 -9999.000 -9999.000 -9999.000 -9999.000 -9999.000 -9999.000 -9999.000 -9999.000 -9999.000 -9999.000 -9999.000 -9999.000 -9999.000 -9999.000 -9999.000 -9999.000 -9999.000 -9999.000 -9999.000 -9999.000 -9999.000 -9999.000 -9999.000 -9999.000 -9999.000 -9999.000 -9999.000 -9999.000 1.419827 1.228126 0.9647263 0.4813692 0.3090388 0.3556729 0.4770338 0.6240769 0.7474433 0.9670878 1.194193 1.410043 1.552214 1.608466 1.638086 1.640176 1.589817 1.526712 1.523404 1.512032
-9999.000 -9999.000 -9999.000 -9999.000 -9999.000 -9999.000 -9999.000 -9999.000 -9999.000 -9999.000 -9999.000 -9999.000 -9999.000 -9999.000 -9999.000 -9999.000 -9999.000 -9999.000 -9999.000 -9999.000 -9999.000 -9999.000 -9999.000 -9999.000 -9999.000 -9999.000 -9999.000 -9999.000 -9999.000 -9999.000 -9999.000 -9999.000 -9999.000 -9999.000 -9999.000 -9999.000 1.884719 1.809305 1.731794 1.508030 1.288920 1.029409 0.7381188 0.6779257 0.7619876 0.9263266 1.133195 1.271236 1.442182 1.605114 1.779609 1.908074 1.941153 1.960910 1.944421 1.902522 1.872547 1.863940 1.838460
-9999.000 -9999.000 -9999.000 -9999.000 -9999.000 -9999.000 -9999.000 -9999.000 -9999.000 -9999.000 -9999.000 -9999.000 -9999.000 -9999.000 -9999.000 -9999.000 -9999.000 -9999.000 -9999.000 -9999.000 -9999.000 -9999.000 -9999.000 -9999.000 -9999.000 -9999.000 -9999.000 -9999.000 -9999.000 -9999.000 -9999.000 1.677945 1.715118 1.765313 1.823676 1.874028 1.875390 1.798674 1.602154 1.381010 1.232441 1.106424 1.072102 1.120433 1.238047 1.358329 1.605175 1.789542 1.883723 1.978024 2.092151 2.186647 2.214714 2.244234 2.198708 2.157848 2.133705 2.128911 2.079502
-9999.000 -9999.000 -9999.000 -9999.000 -9999.000 -9999.000 -9999.000 -9999.000 -9999.000 -9999.000 -9999.000 -9999.000 -9999.000 -9999.000 -9999.000 -9999.000 -9999.000 -9999.000 -9999.000 -9999.000 -9999.000 -9999.000 -9999.000 -9999.000 -9999.000 -9999.000 -9999.000 1.465052 1.554381 1.610112 1.624149 1.648267 1.678798 1.730798 1.776289 1.794787 1.750882 1.592725 1.377067 1.235825 1.194905 1.227814 1.323890 1.443605 1.573319 1.717947 1.934159 2.108658 2.186614 2.239736 2.296058 2.341382 2.367503 2.368123 2.342213 2.308138 2.275903 2.239430 2.176295
0.7193048 0.7379041 0.7596859 0.7888669 0.8197215 0.8901156 0.9712611 1.032262 1.078931 0.9967370 0.7672274 0.6077235 0.5429888 0.5261528 0.5212277 0.5190807 0.5206352 0.5309600 0.5478436 0.5682375 0.5925513 0.6347455 0.7381883 1.069063 1.270164 1.325118 1.383077 1.470120 1.554498 1.587294 1.591516 1.592551 1.609792 1.664014 1.693496 1.683022 1.536284 1.308548 1.189527 1.189193 1.243714 1.356292 1.495274 1.631053 1.746223 1.912043 2.124960 2.234039 2.299582 2.331800 2.374190 2.391677 2.403739 2.395355 2.379678 2.347625 2.307729 2.251080 2.169492
0.7261945 0.7453735 0.7697689 0.7998246 0.8436371 0.9144772 0.9916487 1.057236 1.066891 0.9597076 0.8062073 0.6886551 0.6101251 0.5656491 0.5479854 0.5430034 0.5465371 0.5598002 0.5822018 0.6133231 0.6596241 0.7433346 0.9127209 1.133910 1.268829 1.332860 1.406175 1.485267 1.545160 1.559536 1.541907 1.539478 1.569870 1.596952 1.568776 1.443610 1.270221 1.172983 1.181340 1.249886 1.352554 1.471518 1.590088 1.699268 1.831912 2.002821 2.144471 2.228093 2.280094 2.312663 2.334114 2.354950 2.364060 2.364949 2.364912 2.335713 2.264073 2.154369 2.023598
0.7389909 0.7649562 0.7920450 0.8327561 0.8907986 0.9777407 1.054119 1.106387 1.066719 0.9336060 0.8560982 0.8127064 0.7484372 0.6757502 0.6269470 0.6065258 0.6085588 0.6275437 0.6601152 0.7102197 0.7895856 0.9147204 1.090184 1.235520 1.299116 1.370163 1.445745 1.512582 1.550826 1.541042 1.518019 1.528912 1.551456 1.521863 1.401684 1.232143 1.138308 1.160491 1.233998 1.332527 1.440306 1.544986 1.642694 1.734714 1.875705 2.033954 2.132115 2.198398 2.241112 2.264150 2.278945 2.285700 2.297366 2.309320 2.326141 2.271295 2.098384 1.868842 1.689496
0.7593330 0.7907113 0.8302927 0.8888426 0.9695275 1.056509 1.117102 1.102235 1.013735 0.9400983 0.9156558 0.9085405 0.8915194 0.8465852 0.7823122 0.7291497 0.7081979 0.7207252 0.7641799 0.8388458 0.9468884 1.082485 1.206432 1.281503 1.345016 1.418258 1.487174 1.540067 1.554288 1.535248 1.533709 1.553982 1.514925 1.380953 1.228779 1.149417 1.161660 1.230809 1.321129 1.415294 1.507525 1.596623 1.680527 1.786833 1.915900 2.018376 2.105269 2.162983 2.205037 2.217560 2.219449 2.216800 2.231589 2.235296 2.156068 1.964244 1.700742 1.524061 1.450056
0.7878481 0.8298897 0.8878620 0.9653643 1.051074 1.115989 1.124469 1.065254 0.9977115 0.9766220 0.9768431 0.9835992 0.9991149 1.004891 0.9821831 0.9366898 0.8923207 0.8755802 0.9054908 0.9816311 1.087213 1.194934 1.272255 1.323167 1.386553 1.454773 1.511672 1.547393 1.546234 1.531515 1.540180 1.522029 1.404991 1.248058 1.163261 1.172388 1.235227 1.319452 1.406166 1.488333 1.566426 1.645630 1.732470 1.834714 1.936353 2.008514 2.076597 2.135470 2.169502 2.174866 2.165807 2.146504 2.087782 1.972077 1.757377 1.540564 1.416769 1.408761 1.428144
0.8271464 0.8853111 0.9621810 1.046798 1.114533 1.130621 1.085735 1.033624 1.021865 1.030401 1.041041 1.060341 1.093015 1.130638 1.158670 1.169304 1.160023 1.143003 1.138185 1.162452 1.217005 1.275588 1.316806 1.364497 1.425305 1.477515 1.517565 1.532297 1.512852 1.507611 1.496167 1.387176 1.239719 1.169151 1.178273 1.234915 1.310275 1.387634 1.461597 1.531772 1.602950 1.679935 1.758098 1.853494 1.928022 1.976963 2.027394 2.078819 2.098378 2.096669 2.039411 1.900060 1.654735 1.433732 1.315727 1.296864 1.328186 1.357160 1.388453
0.8944648 0.9592577 1.039657 1.098758 1.116578 1.092047 1.058409 1.050242 1.065714 1.090801 1.124118 1.165875 1.212406 1.259890 1.308312 1.360513 1.416636 1.468687 1.494375 1.474344 1.425592 1.388402 1.389273 1.422207 1.463241 1.495789 1.511372 1.500301 1.476349 1.436639 1.330497 1.196536 1.135322 1.155781 1.214745 1.283892 1.350549 1.412958 1.473271 1.535794 1.598902 1.668815 1.752160 1.833714 1.889756 1.918326 1.950812 1.987483 1.978747 1.881230 1.651843 1.362958 1.161808 1.114101 1.156768 1.214607 1.272035 1.314872 1.348861
0.9604150 1.025300 1.079379 1.103076 1.094418 1.075124 1.070578 1.085091 1.112118 1.154553 1.211011 1.268575 1.319462 1.367819 1.419592 1.480457 1.550525 1.631125 1.716487 1.753720 1.700892 1.599167 1.522266 1.503999 1.511605 1.516224 1.507408 1.469027 1.421828 1.320752 1.170195 1.095636 1.110344 1.162952 1.228205 1.290759 1.349932 1.404682 1.458534 1.501442 1.554743 1.622529 1.699859 1.775415 1.813384 1.839688 1.863072 1.857399 1.664150 1.363094 1.111888 0.9838478 0.9862420 1.033077 1.099662 1.169717 1.239465 1.298359 1.347421
1.018173 1.064105 1.091078 1.091927 1.087001 1.091328 1.107260 1.137168 1.182884 1.242895 1.308931 1.368724 1.417439 1.462544 1.514008 1.576929 1.648882 1.727311 1.809947 1.874283 1.887862 1.852667 1.768739 1.671799 1.610934 1.568607 1.508192 1.427848 1.313064 1.179369 1.099425 1.094048 1.130081 1.179450 1.230024 1.278742 1.331052 1.378515 1.431242 1.471650 1.522323 1.588278 1.657337 1.709946 1.734930 1.744142 1.725729 1.549674 1.201595 0.9685970 0.8883938 0.9145192 0.9622402 1.015644 1.078425 1.161567 1.247306 1.324883 1.395112
1.071223 1.098010 1.104066 1.100349 1.105143 1.124292 1.156559 1.207469 1.273265 1.342565 1.405564 1.456915 1.496268 1.534394 1.582805 1.646943 1.721144 1.797470 1.867989 1.926714 1.966075 2.001816 1.991335 1.892223 1.768489 1.670285 1.544482 1.381002 1.214785 1.107722 1.092260 1.121008 1.162273 1.200401 1.236133 1.269274 1.313847 1.358870 1.406598 1.455515 1.511085 1.573677 1.627313 1.662607 1.659492 1.566346 1.347542 1.052339 0.8927837 0.8645017 0.8972936 0.9510181 1.005920 1.063288 1.135115 1.212278 1.309689 1.401924 1.492519
1.112057 1.123504 1.123970 1.127492 1.142059 1.173536 1.223555 1.288443 1.357784 1.420573 1.471033 1.511147 1.546459 1.586805 1.638722 1.701665 1.774631 1.853573 1.913186 1.953727 2.002058 2.052604 2.106274 2.101256 1.950911 1.755854 1.573982 1.350315 1.192605 1.132233 1.134104 1.162602 1.193791 1.219975 1.244782 1.281246 1.321808 1.363288 1.415837 1.464234 1.524018 1.578728 1.615306 1.608885 1.466804 1.224980 0.9697656 0.8497535 0.8613925 0.9060479 0.9588618 1.018367 1.075170 1.135697 1.208187 1.287674 1.382260 1.489783 1.591546
1.149076 1.155968 1.160701 1.172340 1.196578 1.236833 1.288609 1.343527 1.396087 1.444001 1.487403 1.529774 1.575231 1.626057 1.683445 1.747430 1.817900 1.890151 1.942209 1.978737 2.027916 2.082874 2.150781 2.212474 2.110680 1.811852 1.530960 1.361627 1.275191 1.236524 1.222523 1.219869 1.227727 1.240649 1.263983 1.296538 1.340480 1.387338 1.432653 1.483074 1.535730 1.574985 1.557380 1.380707 1.111157 0.9150787 0.8466027 0.8626548 0.9047933 0.9528767 1.009880 1.067287 1.128371 1.193687 1.269475 1.345936 1.434463 1.549791 1.663091
1.190867 1.195216 1.203104 1.222101 1.255321 1.295872 1.334032 1.366870 1.397208 1.429686 1.469218 1.520650 1.585946 1.653720 1.712986 1.777700 1.854602 1.917189 1.961272 1.999112 2.047856 2.106533 2.171179 2.252643 2.286693 1.855712 1.419790 1.364603 1.365727 1.378534 1.354903 1.310067 1.293174 1.275359 1.287175 1.315638 1.354046 1.392944 1.433780 1.481013 1.511166 1.476132 1.306055 1.035267 0.8711339 0.8280422 0.8509134 0.8883224 0.9279959 0.9727514 1.022887 1.079609 1.143918 1.210678 1.281573 1.360579 1.449355 1.551502 1.669591
1.217134 1.222248 1.237152 1.265575 1.301049 1.334111 1.360591 1.380767 1.397958 1.419292 1.452793 1.506562 1.582854 1.665486 1.733933 1.797883 1.873409 1.935970 1.977581 2.018771 2.066857 2.125637 2.192838 2.276703 2.285234 1.924502 1.483719 1.374543 1.403847 1.442000 1.463428 1.442389 1.402818 1.364138 1.338182 1.336281 1.348342 1.372077 1.407859 1.436489 1.382897 1.191625 0.9442982 0.7886376 0.7830187 0.8085782 0.8395437 0.8732380 0.9096655 0.9494736 0.9848229 1.034629 1.094048 1.151539 1.223242 1.302934 1.388559 1.479360 1.605195
1.212114 1.225058 1.251969 1.289742 1.324521 1.350644 1.370539 1.386376 1.400445 1.419783 1.452499 1.507643 1.593398 1.687442 1.762419 1.816368 1.880514 1.953485 1.996456 2.037185 2.080778 2.135694 2.205759 2.282224 2.366558 2.038028 1.466649 1.399468 1.422679 1.454546 1.490522 1.506218 1.505138 1.477599 1.430949 1.386715 1.349260 1.338310 1.335983 1.253069 1.054928 0.8347325 0.7071399 0.6957062 0.7229194 0.7491664 0.7747604 0.8081218 0.8440062 0.8750800 0.9088294 0.9506418 0.9981423 1.045183 1.105242 1.183575 1.260025 1.352812 1.472651
1.202898 1.227799 1.261376 1.295713 1.325418 1.349558 1.368792 1.385670 1.405613 1.434040 1.477349 1.544026 1.631773 1.719828 1.792002 1.846952 1.890896 1.951600 2.011830 2.052483 2.091302 2.138800 2.204862 2.278861 2.323246 2.088089 1.678963 1.465384 1.437207 1.441711 1.464492 1.495824 1.529872 1.544278 1.531892 1.490215 1.424135 1.359628 1.246871 1.018539 0.7721222 0.6428741 0.6179836 0.6316257 0.6534180 0.6783591 0.6999454 0.7288660 0.7608950 0.7867319 0.8226326 0.8605821 0.9003122 0.9331569 0.9859884 1.053212 1.128574 1.216279 1.331797
1.201924 1.233570 1.267123 1.296512 1.322993 1.347929 1.368852 1.388300 1.415499 1.455301 1.511377 1.587338 1.673924 1.754171 1.817461 1.871303 1.904182 1.948282 2.009999 2.054029 2.086744 2.121655 2.180382 2.248544 2.281131 2.133771 1.806308 1.597681 1.513225 1.454238 1.434521 1.452689 1.487502 1.520396 1.532841 1.529808 1.514480 1.420644 1.136314 0.8173166 0.6515200 0.6086824 0.6051283 0.6097620 0.6207319 0.6358094 0.6536726 0.6760798 0.7006044 0.7218906 0.7516768 0.7843750 0.8138890 0.8458562 0.8857827 0.9366858 0.9940491 1.074190 1.182547
