simulation_files/asc/Depth____245.0.asc
NCOLS        79
NROWS        79
XLLCENTER         -1.500000
YLLCENTER         -4.800000
CELLSIZE           0.100
NODATA_VALUE     -9999.0
[rows 0 to 25 of 79, columns 0 to 58 of 79]
-9999.000 -9999.000 -9999.000 -9999.000 -9999.000 -9999.000 -9999.000 -9999.000 -9999.000 -9999.000 -9999.000 -9999.000 -9999.000 -9999.000 -9999.000 0.7446294 0.7451727 0.7454072 0.7454342 0.7452445 0.7449602 0.7446414 0.7443100 0.7439936 0.7436975 0.7434246 0.7431741 0.7429176 0.7425451 0.7425131 0.7425131 -9999.000 -9999.000 -9999.000 -9999.000 -9999.000 -9999.000 -9999.000 -9999.000 -9999.000 -9999.000 -9999.000 -9999.000 -9999.000 -9999.000 -9999.000 -9999.000 -9999.000 -9999.000 -9999.000 -9999.000 -9999.000 -9999.000 -9999.000 -9999.000 -9999.000 -9999.000 -9999.000 -9999.000
-9999.000 -9999.000 -9999.000 -9999.000 -9999.000 -9999.000 -9999.000 -9999.000 -9999.000 -9999.000 -9999.000 -9999.000 -9999.000 -9999.000 -9999.000 0.7464380 0.7469274 0.7471180 0.7471386 0.7469836 0.7467572 0.7465086 0.7462543 0.7460157 0.7457957 0.7455955 0.7454132 0.7452230 0.7449272 0.7449831 0.7449831 -9999.000 -9999.000 -9999.000 -9999.000 -9999.000 -9999.000 -9999.000 -9999.000 -9999.000 -9999.000 -9999.000 -9999.000 -9999.000 -9999.000 -9999.000 -9999.000 -9999.000 -9999.000 -9999.000 -9999.000 -9999.000 -9999.000 -9999.000 -9999.000 -9999.000 -9999.000 -9999.000 -9999.000
-9999.000 -9999.000 -9999.000 -9999.000 -9999.000 -9999.000 -9999.000 -9999.000 -9999.000 -9999.000 -9999.000 -9999.000 -9999.000 -9999.000 -9999.000 0.7483450 0.7488717 0.7490750 0.7491047 0.7489551 0.7487342 0.7484923 0.7482458 0.7480168 0.7478067 0.7476159 0.7474414 0.7472551 0.7469535 0.7470053 0.7470053 -9999.000 -9999.000 -9999.000 -9999.000 -9999.000 -9999.000 -9999.000 -9999.000 -9999.000 -9999.000 -9999.000 -9999.000 -9999.000 -9999.000 -9999.000 -9999.000 -9999.000 -9999.000 -9999.000 -9999.000 -9999.000 -9999.000 -9999.000 -9999.000 -9999.000 -9999.000 -9999.000 -9999.000
-9999.000 -9999.000 -9999.000 -9999.000 -9999.000 -9999.000 -9999.000 -9999.000 -9999.000 -9999.000 -9999.000 -9999.000 -9999.000 -9999.000 -9999.000 0.7503032 0.7508542 0.7510644 0.7510971 0.7509461 0.7507235 0.7504805 0.7502334 0.7500048 0.7497953 0.7496050 0.7494305 0.7492416 0.7489281 0.7489583 0.7489583 -9999.000 -9999.000 -9999.000 -9999.000 -9999.000 -9999.000 -9999.000 -9999.000 -9999.000 -9999.000 -9999.000 -9999.000 -9999.000 -9999.000 -9999.000 -9999.000 -9999.000 -9999.000 -9999.000 -9999.000 -9999.000 -9999.000 -9999.000 -9999.000 -9999.000 -9999.000 -9999.000 -9999.000
-9999.000 -9999.000 -9999.000 -9999.000 -9999.000 -9999.000 -9999.000 -9999.000 -9999.000 -9999.000 -9999.000 -9999.000 -9999.000 -9999.000 -9999.000 0.7522807 0.7528508 0.7530654 0.7530982 0.7529423 0.7527145 0.7524669 0.7522151 0.7519830 0.7517701 0.7515765 0.7513985 0.7512034 0.7508731 0.7508680 0.7508680 -9999.000 -9999.000 -9999.000 -9999.000 -9999.000 -9999.000 -9999.000 -9999.000 -9999.000 -9999.000 -9999.000 -9999.000 -9999.000 -9999.000 -9999.000 -9999.000 -9999.000 -9999.000 -9999.000 -9999.000 -9999.000 -9999.000 -9999.000 -9999.000 -9999.000 -9999.000 -9999.000 -9999.000
-9999.000 -9999.000 -9999.000 -9999.000 -9999.000 -9999.000 -9999.000 -9999.000 -9999.000 -9999.000 -9999.000 -9999.000 -9999.000 -9999.000 -9999.000 0.7542640 0.7548509 0.7550683 0.7550995 0.7549369 0.7547022 0.7544482 0.7541900 0.7539526 0.7537346 0.7535358 0.7533523 0.7531489 0.7527977 0.7527435 0.7527435 -9999.000 -9999.000 -9999.000 -9999.000 -9999.000 -9999.000 -9999.000 -9999.000 -9999.000 -9999.000 -9999.000 -9999.000 -9999.000 -9999.000 -9999.000 -9999.000 -9999.000 -9999.000 -9999.000 -9999.000 -9999.000 -9999.000 -9999.000 -9999.000 -9999.000 -9999.000 -9999.000 -9999.000
-9999.000 -9999.000 -9999.000 -9999.000 -9999.000 -9999.000 -9999.000 -9999.000 -9999.000 -9999.000 -9999.000 -9999.000 -9999.000 -9999.000 -9999.000 0.7562472 0.7568497 0.7570686 0.7570968 0.7569261 0.7566836 0.7564225 0.7561569 0.7559137 0.7556896 0.7554846 0.7552946 0.7550809 0.7547045 0.7545855 0.7545855 -9999.000 -9999.000 -9999.000 -9999.000 -9999.000 -9999.000 -9999.000 -9999.000 -9999.000 -9999.000 -9999.000 -9999.000 -9999.000 -9999.000 -9999.000 -9999.000 -9999.000 -9999.000 -9999.000 -9999.000 -9999.000 -9999.000 -9999.000 -9999.000 -9999.000 -9999.000 -9999.000 -9999.000
-9999.000 -9999.000 -9999.000 -9999.000 -9999.000 -9999.000 -9999.000 -9999.000 -9999.000 -9999.000 -9999.000 -9999.000 -9999.000 -9999.000 -9999.000 0.7582274 0.7588448 0.7590638 0.7590879 0.7589078 0.7586568 0.7583882 0.7581148 0.7578655 0.7576348 0.7574230 0.7572255 0.7570000 0.7565935 0.7563897 0.7563897 -9999.000 -9999.000 -9999.000 -9999.000 -9999.000 -9999.000 -9999.000 -9999.000 -9999.000 -9999.000 -9999.000 -9999.000 -9999.000 -9999.000 -9999.000 -9999.000 -9999.000 -9999.000 -9999.000 -9999.000 -9999.000 -9999.000 -9999.000 -9999.000 -9999.000 -9999.000 -9999.000 -9999.000
-9999.000 -9999.000 -9999.000 -9999.000 -9999.000 -9999.000 -9999.000 -9999.000 -9999.000 -9999.000 -9999.000 -9999.000 -9999.000 -9999.000 -9999.000 0.7602028 0.7608346 0.7610524 0.7610711 0.7608803 0.7606202 0.7603438 0.7600623 0.7598068 0.7595691 0.7593499 0.7591444 0.7589052 0.7584628 0.7581478 0.7581478 -9999.000 -9999.000 -9999.000 -9999.000 -9999.000 -9999.000 -9999.000 -9999.000 -9999.000 -9999.000 -9999.000 -9999.000 -9999.000 -9999.000 -9999.000 -9999.000 -9999.000 -9999.000 -9999.000 -9999.000 -9999.000 -9999.000 -9999.000 -9999.000 -9999.000 -9999.000 -9999.000 -9999.000
-9999.000 -9999.000 -9999.000 -9999.000 -9999.000 -9999.000 -9999.000 -9999.000 -9999.000 -9999.000 -9999.000 -9999.000 -9999.000 -9999.000 -9999.000 0.7621719 0.7628178 0.7630327 0.7630447 0.7628418 0.7625720 0.7622876 0.7619975 0.7617358 0.7614909 0.7612639 0.7610494 0.7607944 0.7603092 0.7598472 0.7598472 -9999.000 -9999.000 -9999.000 -9999.000 -9999.000 -9999.000 -9999.000 -9999.000 -9999.000 -9999.000 -9999.000 -9999.000 -9999.000 -9999.000 -9999.000 -9999.000 -9999.000 -9999.000 -9999.000 -9999.000 -9999.000 -9999.000 -9999.000 -9999.000 -9999.000 -9999.000 -9999.000 -9999.000
-9999.000 -9999.000 -9999.000 -9999.000 -9999.000 -9999.000 -9999.000 -9999.000 -9999.000 -9999.000 -9999.000 -9999.000 -9999.000 -9999.000 -9999.000 0.7641332 0.7647927 0.7650030 0.7650069 0.7647900 0.7645099 0.7642173 0.7639183 0.7636505 0.7633979 0.7631624 0.7629381 0.7626646 0.7621281 0.7614690 0.7614690 -9999.000 -9999.000 -9999.000 -9999.000 -9999.000 -9999.000 -9999.000 -9999.000 -9999.000 -9999.000 -9999.000 -9999.000 -9999.000 -9999.000 -9999.000 -9999.000 -9999.000 -9999.000 -9999.000 -9999.000 -9999.000 -9999.000 -9999.000 -9999.000 -9999.000 -9999.000 -9999.000 -9999.000
-9999.000 -9999.000 -9999.000 -9999.000 -9999.000 -9999.000 -9999.000 -9999.000 -9999.000 -9999.000 -9999.000 -9999.000 -9999.000 -9999.000 -9999.000 0.7660841 0.7667574 0.7669611 0.7669550 0.7667223 0.7664312 0.7661300 0.7658217 0.7655479 0.7652871 0.7650424 0.7648069 0.7645115 0.7639129 0.7629858 0.7629858 -9999.000 -9999.000 -9999.000 -9999.000 -9999.000 -9999.000 -9999.000 -9999.000 -9999.000 -9999.000 -9999.000 -9999.000 -9999.000 -9999.000 -9999.000 -9999.000 -9999.000 -9999.000 -9999.000 -9999.000 -9999.000 -9999.000 -9999.000 -9999.000 -9999.000 -9999.000 -9999.000 -9999.000
-9999.000 -9999.000 -9999.000 -9999.000 -9999.000 -9999.000 -9999.000 -9999.000 -9999.000 -9999.000 -9999.000 -9999.000 -9999.000 -9999.000 -9999.000 0.7680165 0.7687048 0.7689007 0.7688853 0.7686361 0.7683333 0.7680233 0.7677050 0.7674252 0.7671553 0.7669001 0.7666516 0.7663295 0.7656547 0.7643556 0.7643556 -9999.000 -9999.000 -9999.000 -9999.000 -9999.000 -9999.000 -9999.000 -9999.000 -9999.000 -9999.000 -9999.000 -9999.000 -9999.000 -9999.000 -9999.000 -9999.000 -9999.000 -9999.000 -9999.000 -9999.000 -9999.000 -9999.000 -9999.000 -9999.000 -9999.000 -9999.000 -9999.000 -9999.000
-9999.000 -9999.000 -9999.000 -9999.000 -9999.000 -9999.000 -9999.000 -9999.000 -9999.000 -9999.000 -9999.000 -9999.000 -9999.000 -9999.000 -9999.000 0.7696902 0.7704529 0.7707182 0.7708027 0.7705832 0.7702710 0.7699506 0.7696170 0.7693254 0.7690389 0.7687657 0.7684968 0.7681378 0.7673648 0.7655410 0.7655410 -9999.000 -9999.000 -9999.000 -9999.000 -9999.000 -9999.000 -9999.000 -9999.000 -9999.000 -9999.000 -9999.000 -9999.000 -9999.000 -9999.000 -9999.000 -9999.000 -9999.000 -9999.000 -9999.000 -9999.000 -9999.000 -9999.000 -9999.000 -9999.000 -9999.000 -9999.000 -9999.000 -9999.000
-9999.000 -9999.000 -9999.000 -9999.000 -9999.000 -9999.000 -9999.000 -9999.000 -9999.000 -9999.000 -9999.000 -9999.000 -9999.000 -9999.000 -9999.000 0.7587177 0.7676350 0.7724792 0.7754908 0.7758926 0.7750382 0.7741734 0.7733288 0.7725980 0.7719373 0.7713544 0.7708284 0.7702256 0.7691106 0.7657797 0.7657797 -9999.000 -9999.000 -9999.000 -9999.000 -9999.000 -9999.000 -9999.000 -9999.000 -9999.000 -9999.000 -9999.000 -9999.000 -9999.000 -9999.000 -9999.000 -9999.000 -9999.000 -9999.000 -9999.000 -9999.000 -9999.000 -9999.000 -9999.000 -9999.000 -9999.000 -9999.000 -9999.000 -9999.000
0.8595666 0.8595666 0.8554582 0.8471001 0.8386515 0.8386515 0.8350756 0.8296060 0.8296060 0.8252212 0.8252212 0.8215804 0.8199641 0.8184545 0.8169361 0.8169361 0.7762845 0.7748046 0.7733695 0.7724763 0.7738084 0.7756602 0.7778192 0.7807996 0.7837614 0.7865745 0.7889302 0.7894353 0.7838646 0.7556294 0.7556294 0.5383494 0.4986828 0.4733393 0.4646953 0.4646953 0.4503383 0.4503383 0.4486841 0.4486841 0.4573802 0.5016900 0.5016900 0.5881395 0.5881395 0.6761026 0.6761026 0.6761026 0.6810789 0.6810789 0.6718997 0.6718997 0.6572376 0.6572376 0.6413721 0.6413721 0.6263981 0.6263981 0.6263981
0.8564799 0.8564799 0.8535914 0.8449935 0.8377308 0.8377308 0.8339846 0.8284613 0.8284613 0.8240936 0.8240936 0.8204707 0.8188622 0.8173603 0.8158510 0.8158510 0.7808481 0.7743362 0.7688564 0.7641298 0.7608261 0.7584540 0.7569575 0.7566033 0.7571598 0.7585408 0.7605924 0.7626950 0.7630552 0.7547162 0.7547162 0.6086128 0.5514723 0.4934320 0.4766302 0.4766302 0.4558979 0.4558979 0.4535563 0.4535563 0.4618516 0.5014409 0.5014409 0.5721616 0.5721616 0.6691256 0.6691256 0.6691256 0.6794495 0.6794495 0.6717896 0.6717896 0.6576279 0.6576279 0.6420002 0.6420002 0.6271277 0.6271277 0.6271277
0.8548984 0.8548984 0.8530964 0.8444387 0.8379128 0.8379128 0.8340454 0.8284221 0.8284221 0.8240461 0.8240461 0.8204212 0.8188103 0.8173051 0.8157804 0.8157804 0.7844052 0.7737918 0.7644605 0.7562310 0.7495096 0.7441429 0.7400292 0.7372743 0.7357675 0.7354239 0.7361339 0.7374778 0.7381274 0.7330256 0.7330256 0.6426398 0.5840714 0.5121828 0.4899499 0.4899499 0.4651928 0.4651928 0.4669967 0.4669967 0.4782335 0.5170618 0.5170618 0.5715095 0.5715095 0.6581591 0.6581591 0.6581591 0.6740906 0.6740906 0.6695660 0.6695660 0.6567035 0.6567035 0.6415948 0.6415948 0.6269926 0.6269926 0.6269926
0.8538243 0.8538243 0.8526473 0.8441268 0.8381078 0.8381078 0.8341500 0.8284186 0.8284186 0.8240395 0.8240395 0.8204218 0.8188123 0.8173070 0.8157593 0.8157593 0.7868537 0.7728621 0.7599034 0.7482470 0.7382808 0.7300491 0.7234916 0.7186170 0.7153264 0.7134982 0.7129968 0.7134959 0.7140170 0.7109077 0.7109077 0.6546627 0.6035722 0.5298134 0.5056429 0.5056429 0.4824829 0.4824829 0.4928906 0.4928906 0.5073617 0.5416575 0.5416575 0.5768362 0.5768362 0.6430899 0.6430899 0.6430899 0.6632320 0.6632320 0.6634481 0.6634481 0.6533478 0.6533478 0.6396705 0.6396705 0.6259367 0.6259367 0.6259367
0.8536395 0.8536395 0.8520138 0.8440269 0.8383135 0.8383135 0.8342699 0.8284257 0.8284257 0.8240377 0.8240377 0.8204223 0.8188123 0.8173060 0.8157212 0.8157212 0.7877592 0.7708953 0.7546386 0.7397295 0.7266443 0.7155676 0.7065194 0.6994937 0.6944057 0.6911219 0.6894794 0.6891882 0.6895006 0.6877999 0.6877999 0.6528741 0.6118078 0.5443603 0.5227090 0.5227090 0.5103678 0.5103678 0.5319114 0.5319114 0.5466850 0.5693820 0.5693820 0.5847872 0.5847872 0.6270567 0.6270567 0.6270567 0.6482089 0.6482089 0.6534481 0.6534481 0.6473932 0.6473932 0.6362191 0.6362191 0.6240994 0.6240994 0.6240994
0.8532207 0.8532207 0.8523675 0.8440451 0.8384933 0.8384933 0.8343732 0.8284305 0.8284305 0.8240327 0.8240327 0.8204200 0.8188111 0.8173055 0.8156684 0.8156684 0.7868264 0.7673293 0.7480782 0.7301660 0.7141715 0.7003735 0.6888672 0.6796680 0.6727177 0.6678978 0.6650462 0.6639032 0.6638890 0.6631503 0.6631503 0.6419603 0.6111488 0.5569059 0.5435053 0.5435053 0.5517277 0.5517277 0.5797241 0.5797241 0.5893258 0.5950218 0.5950218 0.5933986 0.5933986 0.6130668 0.6130668 0.6130668 0.6315201 0.6315201 0.6404128 0.6404128 0.6388958 0.6388958 0.6311526 0.6311526 0.6214513 0.6214513 0.6214513
0.8529073 0.8529073 0.8525939 0.8441014 0.8386163 0.8386163 0.8344406 0.8284269 0.8284269 0.8240238 0.8240238 0.8204170 0.8188103 0.8173059 0.8155945 0.8155945 0.7837656 0.7616289 0.7395976 0.7189487 0.7003186 0.6840304 0.6702228 0.6589362 0.6501392 0.6437404 0.6395993 0.6374958 0.6369884 0.6368188 0.6368188 0.6247214 0.6038954 0.5717869 0.5741368 0.5741368 0.6061597 0.6061597 0.6273208 0.6273208 0.6274220 0.6160812 0.6160812 0.6019071 0.6019071 0.6027515 0.6027515 0.6027515 0.6155850 0.6155850 0.6257078 0.6257078 0.6282279 0.6282279 0.6244589 0.6244589 0.6179286 0.6179286 0.6179286
0.8527825 0.8527825 0.8527057 0.8441192 0.8386558 0.8386558 0.8344617 0.8284251 0.8284251 0.8240217 0.8240217 0.8204166 0.8188102 0.8173059 0.8154895 0.8154895 0.7781994 0.7532158 0.7285173 0.7053866 0.6844372 0.6659756 0.6501410 0.6369789 0.6264717 0.6185529 0.6131111 0.6099734 0.6088269 0.6089450 0.6089450 0.6032627 0.5929691 0.5974398 0.6219741 0.6219741 0.6655607 0.6655607 0.6662844 0.6662844 0.6567000 0.6326061 0.6326061 0.6101137 0.6101137 0.5963428 0.5963428 0.5963428 0.6020552 0.6020552 0.6108541 0.6108541 0.6160966 0.6160966 0.6163132 0.6163132 0.6135259 0.6135259 0.6135259
0.8529073 0.8529073 0.8525940 0.8441014 0.8386163 0.8386163 0.8344406 0.8284269 0.8284269 0.8240239 0.8240239 0.8204170 0.8188102 0.8173059 0.8153443 0.8153443 0.7695671 0.7413742 0.7140412 0.6886724 0.6657570 0.6455164 0.6280375 0.6133364 0.6013875 0.5921346 0.5854924 0.5813351 0.5794935 0.5799018 0.5799018 0.5799706 0.5837517 0.6443484 0.6875654 0.6875654 0.7165108 0.7165108 0.6937184 0.6937184 0.6775422 0.6457499 0.6457499 0.6179490 0.6179490 0.5932290 0.5932290 0.5932290 0.5916588 0.5916588 0.5971838 0.5971838 0.6034608 0.6034608 0.6071383 0.6071383 0.6083692 0.6083692 0.6083692
0.8532207 0.8532207 0.8523675 0.8440450 0.8384933 0.8384933 0.8343732 0.8284305 0.8284305 0.8240325 0.8240325 0.8204200 0.8188110 0.8173053 0.8151430 0.8151430 0.7569821 0.7251160 0.6951525 0.6678175 0.6433551 0.6218196 0.6031883 0.5874087 0.5744194 0.5641549 0.5565429 0.5515049 0.5490946 0.5505691 0.5505691 0.5593710 0.5876156 0.7147804 0.7567078 0.7567078 0.7504555 0.7504555 0.7119410 0.7119410 0.6924364 0.6564911 0.6564911 0.6252186 0.6252186 0.5924610 0.5924610 0.5924610 0.5843569 0.5843569 0.5855984 0.5855984 0.5913590 0.5913590 0.5975852 0.5975852 0.6027470 0.6027470 0.6027470
0.8536396 0.8536396 0.8520139 0.8440268 0.8383136 0.8383136 0.8342699 0.8284255 0.8284255 0.8240376 0.8240376 0.8204222 0.8188124 0.8173058 0.8148679 0.8148679 0.7390034 0.7029821 0.6704627 0.6415466 0.6160821 0.5938647 0.5747031 0.5584376 0.5449440 0.5341278 0.5259150 0.5202878 0.5178576 0.5236754 0.5236754 0.5527350 0.6234165 0.7910460 0.8072674 0.8072674 0.7694465 0.7694465 0.7243502 0.7243502 0.7034709 0.6652849 0.6652849 0.6316447 0.6316447 0.5931120 0.5931120 0.5931120 0.5796674 0.5796674 0.5765153 0.5765153 0.5806910 0.5806910 0.5884521 0.5884521 0.5971177 0.5971177 0.5971177
