simulation_files/asc/Depth____490.0.asc
NCOLS       216
NROWS       273
XLLCENTER        494.688995
YLLCENTER        787.867981
CELLSIZE           0.500
NODATA_VALUE     -9999.0
[rows 162 to 188 of 273, columns 118 to 176 of 216]
2.049700 2.725330 2.923285 2.960672 2.972013 2.982447 2.759538 2.187401 1.562994 0.6388689 0.1780458 0.1008705 0.1311970 0.1709937 0.1544625 0.1434911 0.1710038 0.1879565 0.2127464 0.2239560 0.2168087 0.1675195 0.1250094 0.1298270 0.1587411 0.1651893 0.1288565 0.9008190E-01 -9999.000 -9999.000 -9999.000 -9999.000 -9999.000 -9999.000 -9999.000 -9999.000 -9999.000 -9999.000 -9999.000 -9999.000 -9999.000 -9999.000 -9999.000 -9999.000 -9999.000 -9999.000 -9999.000 -9999.000 -9999.000 -9999.000 -9999.000 -9999.000 -9999.000 -9999.000 -9999.000 -9999.000 -9999.000 -9999.000 -9999.000
1.712327 2.633273 2.916054 2.949220 2.949772 2.542255 1.824892 1.103113 0.5053958 0.1788895 0.1659912 0.1418019 0.1451919 0.1352784 0.1540334 0.1651825 0.1719891 0.1757812 0.2129620 0.2426868 0.2347104 0.1689109 0.1321459 0.1391159 0.1796029 0.1945466 0.1703373 0.1240605 0.6554437E-01 -9999.000 -9999.000 -9999.000 -9999.000 -9999.000 -9999.000 -9999.000 -9999.000 -9999.000 -9999.000 -9999.000 -9999.000 -9999.000 -9999.000 -9999.000 -9999.000 -9999.000 -9999.000 -9999.000 -9999.000 -9999.000 -9999.000 -9999.000 -9999.000 -9999.000 -9999.000 -9999.000 -9999.000 -9999.000 -9999.000
1.314299 2.342386 2.795750 2.935642 2.511034 1.577108 -9999.000 0.1868614 0.1421107 0.1159079 0.1410714 0.1250724 0.1163068 0.1032963 0.1322472 0.1561322 0.1554897 0.1629710 0.1905388 0.2230340 0.2102310 0.1467883 0.1215137 0.1410236 0.1881117 0.1966975 0.1592744 0.1225447 0.6261051E-01 -9999.000 -9999.000 -9999.000 -9999.000 -9999.000 -9999.000 -9999.000 -9999.000 -9999.000 -9999.000 -9999.000 -9999.000 -9999.000 -9999.000 -9999.000 -9999.000 -9999.000 -9999.000 -9999.000 -9999.000 -9999.000 -9999.000 -9999.000 -9999.000 -9999.000 -9999.000 -9999.000 -9999.000 -9999.000 -9999.000
-9999.000 1.536018 2.355488 2.454285 1.520447 0.5051102 0.1380129 0.1565688 0.1284047 0.9861757E-01 0.8561448E-01 0.8514776E-01 0.9814780E-01 0.9354902E-01 0.1225735 0.1512318 0.1661530 0.1895334 0.2159735 0.2328412 0.1724298 0.1265275 0.1155589 0.1345347 0.1799951 0.1804075 0.1553792 0.1145062 0.7071099E-01 0.3122735E-01 -9999.000 -9999.000 -9999.000 -9999.000 -9999.000 -9999.000 -9999.000 -9999.000 -9999.000 -9999.000 -9999.000 -9999.000 -9999.000 -9999.000 -9999.000 -9999.000 -9999.000 -9999.000 -9999.000 -9999.000 -9999.000 -9999.000 -9999.000 -9999.000 -9999.000 -9999.000 -9999.000 -9999.000 -9999.000
-9999.000 0.7161642 1.413286 1.251163 0.5497465 0.1491024 0.1823575 0.1632048 0.1513621 0.1210974 0.8181774E-01 0.7683127E-01 0.8634344E-01 0.7992502E-01 0.1289481 0.1873676 0.2241018 0.2514106 0.2733513 0.2227379 0.1392671 0.1458492 0.1440325 0.1562179 0.1822305 0.1830980 0.1610075 0.1369256 0.1068413 0.6044353E-01 -9999.000 -9999.000 0.1836429E-01 -9999.000 -9999.000 -9999.000 -9999.000 -9999.000 -9999.000 -9999.000 -9999.000 -9999.000 -9999.000 -9999.000 -9999.000 -9999.000 -9999.000 -9999.000 -9999.000 -9999.000 -9999.000 -9999.000 -9999.000 -9999.000 -9999.000 -9999.000 -9999.000 -9999.000 -9999.000
-9999.000 -9999.000 -9999.000 0.3353797 0.1954692 0.2202862 0.1921472 0.1841117 0.1883738 0.1607562 0.1322778 0.1166265 0.1019019 0.9385379E-01 0.1536595 0.2371866 0.2543402 0.2618786 0.2536845 0.1688712 0.1038772 0.1546064 0.1665702 0.1832265 0.1885530 0.1454331 0.1349309 0.1386198 0.1315621 0.8986424E-01 -9999.000 -9999.000 -9999.000 -9999.000 -9999.000 -9999.000 -9999.000 -9999.000 -9999.000 -9999.000 -9999.000 -9999.000 -9999.000 -9999.000 -9999.000 -9999.000 -9999.000 -9999.000 -9999.000 -9999.000 -9999.000 -9999.000 -9999.000 -9999.000 -9999.000 -9999.000 -9999.000 -9999.000 -9999.000
-9999.000 -9999.000 -9999.000 0.1151986 0.2203166 0.2215961 0.2201262 0.2271140 0.2310230 0.2129195 0.1962015 0.1790642 0.1496958 0.1250470 0.1543366 0.2012087 0.2150415 0.2093204 0.1737847 0.1516369 0.1131245 0.1470697 0.1718227 0.1917839 0.1831473 0.1235019 0.1081969 0.1355155 0.1474867 0.1247461 0.6825497E-01 0.3448562E-01 0.2879072E-01 0.2268998E-01 -9999.000 -9999.000 -9999.000 -9999.000 -9999.000 -9999.000 -9999.000 -9999.000 -9999.000 -9999.000 -9999.000 -9999.000 -9999.000 -9999.000 -9999.000 -9999.000 -9999.000 -9999.000 -9999.000 -9999.000 -9999.000 -9999.000 -9999.000 -9999.000 -9999.000
-9999.000 -9999.000 -9999.000 0.1109912 0.1397539 0.1760141 0.2283082 0.2549541 0.2352754 0.2108449 0.2043839 0.2049774 0.1728974 0.1277083 0.1148362 0.1010539 0.1396391 0.1296365 0.1515991 0.1903544 0.1540779 0.1786017 0.2121402 0.2428989 0.2341492 0.1661035 0.1286672 0.1380529 0.1529560 0.1466745 0.9630719E-01 0.5747725E-01 0.4744283E-01 0.3138009E-01 -9999.000 -9999.000 -9999.000 -9999.000 -9999.000 -9999.000 -9999.000 -9999.000 -9999.000 -9999.000 -9999.000 -9999.000 -9999.000 -9999.000 -9999.000 -9999.000 -9999.000 -9999.000 -9999.000 -9999.000 -9999.000 -9999.000 -9999.000 -9999.000 -9999.000
-9999.000 -9999.000 -9999.000 0.5790273E-01 0.8903166E-01 0.1548976 0.2239419 0.2404504 0.2315930 0.2182735 0.1955297 0.1611248 0.1107441 0.9401649E-01 0.1034962 0.1270089 0.1473044 0.1369008 0.1588295 0.1742768 0.1515355 0.1928502 0.2642535 0.3087572 0.2888840 0.2020892 0.1443904 0.1482473 0.1612790 0.1732216 0.1279798 0.9098922E-01 0.8045879E-01 0.6127241E-01 0.3694805E-01 -9999.000 -9999.000 -9999.000 -9999.000 -9999.000 -9999.000 -9999.000 -9999.000 -9999.000 -9999.000 -9999.000 -9999.000 -9999.000 -9999.000 -9999.000 -9999.000 -9999.000 -9999.000 -9999.000 -9999.000 -9999.000 -9999.000 -9999.000 -9999.000
-9999.000 -9999.000 -9999.000 -9999.000 -9999.000 0.1043652 0.1603233 0.2032228 0.2303201 0.2493289 0.1883162 0.1036562 0.6302742E-01 0.5686843E-01 0.1006188 0.1711820 0.2081737 0.2264511 0.1801735 0.1110560 0.9156526E-01 0.1691216 0.2828255 0.3238638 0.2708531 0.1918547 0.1583816 0.1785476 0.2021442 0.2053344 0.1601674 0.1313420 0.1355309 0.1177950 0.9058251E-01 0.7444364E-01 0.6262402E-01 0.4611249E-01 -9999.000 -9999.000 -9999.000 -9999.000 -9999.000 -9999.000 -9999.000 -9999.000 -9999.000 -9999.000 -9999.000 -9999.000 -9999.000 -9999.000 -9999.000 -9999.000 -9999.000 -9999.000 -9999.000 -9999.000 -9999.000
-9999.000 -9999.000 -9999.000 -9999.000 -9999.000 0.7361953E-01 0.9911846E-01 0.1514012 0.2089266 0.2311190 0.1984223 0.1350774 0.9693904E-01 0.9291312E-01 0.1268057 0.1891004 0.2234965 0.2557518 0.2223713 0.1415540 0.1173944 0.1828610 0.2705580 0.2822929 0.2404635 0.1783740 0.1579261 0.1650773 0.1970730 0.2287446 0.1960791 0.1835533 0.1906031 0.1852966 0.1356971 0.1174664 0.1138098 0.8510241E-01 -9999.000 -9999.000 -9999.000 -9999.000 -9999.000 -9999.000 -9999.000 -9999.000 -9999.000 -9999.000 -9999.000 -9999.000 -9999.000 -9999.000 -9999.000 -9999.000 -9999.000 -9999.000 -9999.000 -9999.000 -9999.000
-9999.000 -9999.000 -9999.000 -9999.000 -9999.000 0.7174397E-01 0.1027173 0.1415384 0.1872135 0.2094353 0.2195434 0.1944900 0.1514128 0.1416002 0.1622426 0.1919685 0.2174104 0.2666485 0.2733508 0.2357678 0.2222148 0.2242748 0.2318840 0.2361221 0.1776920 0.1502801 0.1339991 0.1270714 0.1556208 0.2013904 0.1876689 0.1857165 0.2014400 0.1971079 0.1735057 0.1492182 0.1443684 0.1310433 0.6999252E-01 -9999.000 -9999.000 -9999.000 -9999.000 -9999.000 -9999.000 -9999.000 -9999.000 -9999.000 -9999.000 -9999.000 -9999.000 -9999.000 -9999.000 -9999.000 -9999.000 -9999.000 -9999.000 -9999.000 -9999.000
-9999.000 -9999.000 -9999.000 -9999.000 -9999.000 -9999.000 0.1270600 0.1257081 0.1654867 0.2108612 0.2419021 0.2237273 0.1788442 0.1456600 0.1451869 0.1603408 0.1969307 0.2623073 0.2844382 0.2818483 0.2942629 0.2282655 0.1881671 0.1677422 0.1533796 0.1338046 0.1200091 0.1258175 0.1497289 0.1802169 0.1601854 0.1496889 0.1652161 0.1812244 0.1697924 0.1438106 0.1513424 0.1517568 0.9962745E-01 0.5310390E-01 -9999.000 -9999.000 -9999.000 -9999.000 -9999.000 -9999.000 -9999.000 -9999.000 -9999.000 -9999.000 -9999.000 -9999.000 -9999.000 -9999.000 -9999.000 -9999.000 -9999.000 -9999.000 -9999.000
-9999.000 -9999.000 -9999.000 -9999.000 -9999.000 -9999.000 -9999.000 0.6913524E-01 0.1238252 0.2055836 0.2549383 0.2326867 0.1772456 0.1195719 0.9549377E-01 0.9240802E-01 0.1475475 0.2476028 0.2528185 0.2273844 0.1869571 0.1540087 0.1513718 0.1904796 0.2216106 0.1606626 0.1380868 0.1546132 0.1723111 0.1921631 0.1864101 0.1648915 0.1602926 0.1771704 0.1516299 0.9864957E-01 0.9701954E-01 0.1264437 0.1161695 0.8443549E-01 0.3278376E-01 -9999.000 -9999.000 -9999.000 -9999.000 -9999.000 -9999.000 -9999.000 -9999.000 -9999.000 -9999.000 -9999.000 -9999.000 -9999.000 -9999.000 -9999.000 -9999.000 -9999.000 -9999.000
-9999.000 -9999.000 -9999.000 -9999.000 -9999.000 -9999.000 -9999.000 -9999.000 0.7327825E-01 0.1607607 0.2147256 0.2108376 0.1514538 0.8423088E-01 0.5376085E-01 0.4366379E-01 0.8873235E-01 0.1728153 0.1660981 0.1359725 0.1111905 0.1155496 0.1507253 0.2322674 0.2681845 0.2156993 0.2043332 0.2187835 0.2232404 0.2321988 0.2507968 0.2542576 0.2103239 0.1670811 0.1054232 0.5172605E-01 0.8916212E-01 0.1385080 0.1474132 0.1052136 -9999.000 -9999.000 -9999.000 -9999.000 -9999.000 -9999.000 -9999.000 -9999.000 -9999.000 -9999.000 -9999.000 -9999.000 -9999.000 -9999.000 -9999.000 -9999.000 -9999.000 -9999.000 -9999.000
-9999.000 -9999.000 -9999.000 -9999.000 -9999.000 -9999.000 -9999.000 -9999.000 0.3927586E-01 0.9955412E-01 0.1675218 0.1868394 0.1536313 0.8022176E-01 0.4198175E-01 0.2525950E-01 0.3912026E-01 0.8343030E-01 0.1028589 0.1089678 0.1358524 0.1401414 0.1488336 0.2257408 0.2716865 0.2558612 0.2490078 0.2490372 0.2219672 0.2175778 0.2764401 0.2866011 0.2478269 0.1658926 0.8215950E-01 0.8713749E-01 0.1299519 0.1453881 0.1295444 0.1033668 0.6599428E-01 -9999.000 -9999.000 -9999.000 -9999.000 -9999.000 -9999.000 -9999.000 -9999.000 -9999.000 -9999.000 -9999.000 -9999.000 -9999.000 -9999.000 -9999.000 -9999.000 -9999.000 -9999.000
-9999.000 -9999.000 -9999.000 -9999.000 -9999.000 -9999.000 -9999.000 -9999.000 -9999.000 0.6985269E-01 0.1629570 0.1885704 0.1714477 0.1190823 0.7466093E-01 0.4181237E-01 0.2573495E-01 0.4598579E-01 0.6948365E-01 0.9377501E-01 0.1339587 0.1719294 0.1740701 0.2180394 0.2722545 0.2613554 0.2330445 0.1943286 0.1216373 0.1369131 0.2182099 0.2340440 0.2273492 0.1742506 0.1392985 0.1558385 0.1660606 0.1499353 0.1317064 0.1439346 0.1213484 -9999.000 -9999.000 -9999.000 -9999.000 -9999.000 -9999.000 -9999.000 -9999.000 -9999.000 -9999.000 -9999.000 -9999.000 -9999.000 -9999.000 -9999.000 -9999.000 -9999.000 -9999.000
-9999.000 -9999.000 -9999.000 -9999.000 -9999.000 -9999.000 -9999.000 -9999.000 -9999.000 0.4811776E-01 0.1173604 0.1531045 0.1689011 0.1469658 0.1083328 0.5404226E-01 0.2389774E-01 0.2824633E-01 0.4805080E-01 0.7516410E-01 0.1262097 0.1901320 0.1990891 0.2170194 0.2646027 0.2315543 0.1748859 0.1142033 0.1215433 0.1474030 0.1654034 0.1690795 0.1778389 0.1621397 0.1630640 0.1980805 0.1917957 0.1641744 0.1748210 0.1948721 0.1556182 -9999.000 -9999.000 -9999.000 -9999.000 -9999.000 -9999.000 -9999.000 -9999.000 -9999.000 -9999.000 -9999.000 -9999.000 -9999.000 -9999.000 -9999.000 -9999.000 -9999.000 -9999.000
-9999.000 -9999.000 -9999.000 -9999.000 -9999.000 -9999.000 -9999.000 -9999.000 -9999.000 0.3468405E-01 0.7365398E-01 0.1219432 0.1660980 0.1828464 0.1406711 0.7518024E-01 0.2910083E-01 0.2350810E-01 0.4027385E-01 0.6657815E-01 0.1068765 0.1596594 0.1680963 0.1979049 0.2217168 0.1784306 0.1127471 0.9536988E-01 0.1554618 0.2005060 0.1867347 0.1589588 0.1602109 0.1463982 0.1577572 0.2067131 0.1955610 0.1662663 0.1894450 0.2233263 0.1829255 0.1167419 -9999.000 -9999.000 -9999.000 -9999.000 -9999.000 -9999.000 -9999.000 -9999.000 -9999.000 -9999.000 -9999.000 -9999.000 -9999.000 -9999.000 -9999.000 -9999.000 -9999.000
-9999.000 -9999.000 -9999.000 -9999.000 -9999.000 -9999.000 -9999.000 -9999.000 -9999.000 -9999.000 -9999.000 0.7678881E-01 0.1486459 0.1953116 0.1779121 0.1174187 -9999.000 -9999.000 -9999.000 -9999.000 0.7227674E-01 0.1093055 0.1113829 0.1470967 0.1890446 0.1676994 0.1573178 0.1608377 0.2063801 0.2347085 0.2380166 0.2036033 0.2120619 0.2119528 0.2177059 0.2411027 0.2156387 0.2026386 0.2145843 0.2360874 0.2131354 0.1408099 0.9475387E-01 -9999.000 -9999.000 -9999.000 -9999.000 -9999.000 -9999.000 -9999.000 -9999.000 -9999.000 -9999.000 -9999.000 -9999.000 -9999.000 -9999.000 -9999.000 -9999.000
-9999.000 -9999.000 -9999.000 -9999.000 -9999.000 -9999.000 -9999.000 -9999.000 -9999.000 -9999.000 -9999.000 -9999.000 0.1002423 0.1676270 0.1805869 0.1402473 0.6487509E-01 0.2423500E-01 -9999.000 0.1987642E-01 0.4693437E-01 0.6347757E-01 0.5127821E-01 0.9613191E-01 0.1967238 0.2091090 0.2086326 0.2457397 0.2492791 0.2265697 0.2473918 0.2840147 0.3096927 0.3332741 0.3092659 0.2708356 0.2496393 0.2557563 0.2592192 0.2652771 0.2375239 0.1830869 0.1297850 -9999.000 -9999.000 -9999.000 -9999.000 -9999.000 -9999.000 -9999.000 -9999.000 -9999.000 -9999.000 -9999.000 -9999.000 -9999.000 -9999.000 -9999.000 -9999.000
-9999.000 -9999.000 -9999.000 -9999.000 -9999.000 -9999.000 -9999.000 -9999.000 -9999.000 -9999.000 -9999.000 -9999.000 0.8676605E-01 0.1595622 0.1864223 0.1584905 0.1073807 0.5136579E-01 0.2319775E-01 0.2585745E-01 0.4930311E-01 0.4881886E-01 0.3608604E-01 0.8249032E-01 0.1620554 0.1822113 0.2035822 0.2665802 0.2856009 0.2408606 0.2510541 0.3174558 0.3413331 0.3505977 0.3392645 0.2927592 0.2745268 0.2698310 0.2773448 0.2813300 0.2657169 0.2430771 0.1728602 0.8066574E-01 -9999.000 -9999.000 -9999.000 -9999.000 -9999.000 -9999.000 -9999.000 -9999.000 -9999.000 -9999.000 -9999.000 -9999.000 -9999.000 -9999.000 -9999.000
-9999.000 -9999.000 -9999.000 -9999.000 -9999.000 -9999.000 -9999.000 -9999.000 -9999.000 -9999.000 -9999.000 -9999.000 0.8918814E-01 0.1660647 0.1948268 0.1879511 0.1514544 0.9281540E-01 0.4578881E-01 0.3577453E-01 0.4352448E-01 0.3607778E-01 0.3532768E-01 0.7073007E-01 0.1021590 0.1107139 0.1476117 0.2243197 0.2736905 0.2622111 0.2815292 0.3268778 0.3104859 0.2970940 0.3006338 0.2909946 0.2522505 0.2529921 0.2544974 0.2682591 0.2738001 0.2585944 0.2074670 0.1129325 0.4897599E-01 -9999.000 -9999.000 -9999.000 -9999.000 -9999.000 -9999.000 -9999.000 -9999.000 -9999.000 -9999.000 -9999.000 -9999.000 -9999.000 -9999.000
-9999.000 -9999.000 -9999.000 -9999.000 -9999.000 -9999.000 -9999.000 -9999.000 -9999.000 -9999.000 -9999.000 -9999.000 0.8503917E-01 0.1573232 0.2029594 0.2054527 0.1842622 0.1337043 0.6408590E-01 0.4105065E-01 0.4124368E-01 0.4814203E-01 0.6269091E-01 0.7626170E-01 0.6924533E-01 0.6956175E-01 0.1025441 0.1608579 0.2137910 0.2381207 0.3052915 0.2925850 0.2280379 0.2318202 0.2499138 0.1913363 0.1569820 0.1394797 0.1656912 0.1937991 0.2199632 0.2284319 0.2014351 0.1347827 0.9552947E-01 -9999.000 -9999.000 -9999.000 -9999.000 -9999.000 -9999.000 -9999.000 -9999.000 -9999.000 -9999.000 -9999.000 -9999.000 -9999.000 -9999.000
-9999.000 -9999.000 -9999.000 -9999.000 -9999.000 -9999.000 -9999.000 -9999.000 -9999.000 -9999.000 -9999.000 -9999.000 -9999.000 0.1295354 0.1923196 0.2040890 0.1939426 0.1501621 0.9305543E-01 0.4543469E-01 0.3174254E-01 0.4178244E-01 0.6472499E-01 0.6796237E-01 0.5370864E-01 0.7724223E-01 0.1261839 0.1685847 0.2024618 0.2318089 0.2485417 0.2027438 0.1706882 0.2576439 0.2849593 0.2315568 0.1595303 0.1398557 0.1528480 0.1628389 0.1811514 0.1999617 0.1944041 0.1627075 0.1245733 0.7596043E-01 -9999.000 -9999.000 -9999.000 -9999.000 -9999.000 -9999.000 -9999.000 -9999.000 -9999.000 -9999.000 -9999.000 -9999.000 -9999.000
-9999.000 -9999.000 -9999.000 -9999.000 -9999.000 -9999.000 -9999.000 -9999.000 -9999.000 -9999.000 -9999.000 -9999.000 -9999.000 0.1131131 0.1643355 0.1740967 0.1855654 0.1552957 0.8496634E-01 0.4420625E-01 0.2455838E-01 0.2050923E-01 0.3213921E-01 0.4603199E-01 0.5970697E-01 0.9624645E-01 0.1696833 0.1966737 0.1955588 0.1789366 0.1791339 0.1654457 0.1725574 0.2626204 0.3275276 0.3152991 0.2611562 0.1863589 0.1804695 0.2044862 0.2127337 0.2041206 0.1970765 0.1653324 0.1165774 0.6691374E-01 -9999.000 -9999.000 -9999.000 -9999.000 -9999.000 -9999.000 -9999.000 -9999.000 -9999.000 -9999.000 -9999.000 -9999.000 -9999.000
-9999.000 -9999.000 -9999.000 -9999.000 -9999.000 -9999.000 -9999.000 -9999.000 -9999.000 -9999.000 -9999.000 -9999.000 -9999.000 0.1143163 0.1459625 0.1486021 0.1716758 0.1565727 0.1039115 0.7260101E-01 0.4215762E-01 0.2315680E-01 0.1853636E-01 0.2540703E-01 0.3952655E-01 0.7618361E-01 0.1253014 0.1394228 0.1590962 0.1554068 0.1859505 0.2160476 0.2009687 0.2386940 0.2876038 0.2972075 0.2572234 0.2110201 0.2005311 0.2137748 0.1923227 0.1807318 0.1874100 0.1754446 0.1524735 0.1146300 0.7706941E-01 0.4413001E-01 -9999.000 -9999.000 -9999.000 -9999.000 -9999.000 -9999.000 -9999.000 -9999.000 -9999.000 -9999.000 -9999.000
