simulation_files/asc/Depth____200.0.asc
NCOLS       411
NROWS       131
XLLCENTER    2538020.000000
YLLCENTER    1152390.000000
CELLSIZE           1.000
NODATA_VALUE     -9999.0
[rows 27 to 53 of 131, columns 59 to 117 of 411]
-9999.000 -9999.000 -9999.000 -9999.000 -9999.000 -9999.000 -9999.000 -9999.000 -9999.000 -9999.000 -9999.000 -9999.000 -9999.000 -9999.000 -9999.000 -9999.000 -9999.000 -9999.000 -9999.000 -9999.000 -9999.000 -9999.000 -9999.000 -9999.000 -9999.000 -9999.000 -9999.000 -9999.000 -9999.000 -9999.000 -9999.000 -9999.000 -9999.000 -9999.000 -9999.000 -9999.000 -9999.000 -9999.000 -9999.000 -9999.000 -9999.000 -9999.000 -9999.000 -9999.000 -9999.000 -9999.000 -9999.000 -9999.000 -9999.000 -9999.000 -9999.000 -9999.000 -9999.000 -9999.000 -9999.000 -9999.000 -9999.000 -9999.000 -9999.000
-9999.000 -9999.000 -9999.000 -9999.000 -9999.000 -9999.000 -9999.000 -9999.000 -9999.000 -9999.000 -9999.000 -9999.000 -9999.000 -9999.000 -9999.000 -9999.000 -9999.000 -9999.000 -9999.000 -9999.000 -9999.000 -9999.000 -9999.000 -9999.000 -9999.000 -9999.000 -9999.000 -9999.000 -9999.000 -9999.000 -9999.000 -9999.000 -9999.000 -9999.000 -9999.000 -9999.000 -9999.000 -9999.000 -9999.000 -9999.000 -9999.000 -9999.000 -9999.000 -9999.000 -9999.000 -9999.000 -9999.000 -9999.000 -9999.000 -9999.000 -9999.000 -9999.000 -9999.000 -9999.000 -9999.000 -9999.000 -9999.000 2.232402 2.173283
-9999.000 -9999.000 -9999.000 -9999.000 -9999.000 -9999.000 -9999.000 -9999.000 -9999.000 -9999.000 -9999.000 -9999.000 -9999.000 -9999.000 -9999.000 -9999.000 -9999.000 -9999.000 -9999.000 -9999.000 -9999.000 -9999.000 -9999.000 -9999.000 -9999.000 -9999.000 -9999.000 -9999.000 -9999.000 -9999.000 -9999.000 -9999.000 -9999.000 -9999.000 -9999.000 -9999.000 -9999.000 -9999.000 -9999.000 -9999.000 -9999.000 -9999.000 -9999.000 -9999.000 -9999.000 -9999.000 -9999.000 -9999.000 -9999.000 -9999.000 -9999.000 -9999.000 -9999.000 -9999.000 2.343212 2.320180 2.295412 2.241324 2.183758
-9999.000 -9999.000 -9999.000 -9999.000 -9999.000 -9999.000 -9999.000 -9999.000 -9999.000 -9999.000 -9999.000 -9999.000 -9999.000 -9999.000 -9999.000 -9999.000 -9999.000 -9999.000 -9999.000 -9999.000 -9999.000 -9999.000 -9999.000 -9999.000 -9999.000 -9999.000 -9999.000 -9999.000 -9999.000 -9999.000 -9999.000 -9999.000 -9999.000 -9999.000 -9999.000 -9999.000 -9999.000 -9999.000 -9999.000 -9999.000 -9999.000 -9999.000 -9999.000 -9999.000 -9999.000 -9999.000 -9999.000 -9999.000 -9999.000 -9999.000 -9999.000 2.402344 2.389477 2.370138 2.350075 2.327964 2.301802 2.256750 2.194478
-9999.000 -9999.000 -9999.000 -9999.000 -9999.000 -9999.000 -9999.000 -9999.000 -9999.000 -9999.000 -9999.000 -9999.000 -9999.000 -9999.000 -9999.000 -9999.000 -9999.000 -9999.000 -9999.000 -9999.000 -9999.000 -9999.000 -9999.000 -9999.000 -9999.000 -9999.000 -9999.000 -9999.000 -9999.000 -9999.000 -9999.000 -9999.000 -9999.000 -9999.000 -9999.000 -9999.000 -9999.000 -9999.000 -9999.000 -9999.000 -9999.000 -9999.000 -9999.000 -9999.000 -9999.000 -9999.000 -9999.000 -9999.000 2.203023 2.350999 2.392002 2.401534 2.390458 2.366106 2.343378 2.324152 2.297052 2.260041 2.215075
-9999.000 -9999.000 -9999.000 -9999.000 -9999.000 -9999.000 -9999.000 -9999.000 -9999.000 -9999.000 -9999.000 -9999.000 -9999.000 -9999.000 -9999.000 -9999.000 -9999.000 -9999.000 -9999.000 -9999.000 -9999.000 -9999.000 -9999.000 -9999.000 -9999.000 -9999.000 -9999.000 -9999.000 -9999.000 -9999.000 -9999.000 -9999.000 -9999.000 -9999.000 -9999.000 -9999.000 -9999.000 -9999.000 -9999.000 -9999.000 -9999.000 -9999.000 -9999.000 -9999.000 -9999.000 -9999.000 1.764964 1.964628 2.143838 2.300872 2.379789 2.392760 2.386362 2.358365 2.333962 2.314722 2.290096 2.258633 2.220109
-9999.000 -9999.000 -9999.000 -9999.000 -9999.000 -9999.000 -9999.000 -9999.000 -9999.000 -9999.000 -9999.000 -9999.000 -9999.000 -9999.000 -9999.000 -9999.000 -9999.000 -9999.000 -9999.000 -9999.000 -9999.000 -9999.000 -9999.000 -9999.000 -9999.000 -9999.000 -9999.000 -9999.000 -9999.000 -9999.000 -9999.000 -9999.000 -9999.000 -9999.000 -9999.000 -9999.000 -9999.000 -9999.000 -9999.000 -9999.000 -9999.000 -9999.000 1.351299 1.396416 1.487996 1.594124 1.713380 1.856815 2.077254 2.254145 2.347026 2.379093 2.372306 2.350048 2.324363 2.303378 2.276376 2.242581 2.203572
-9999.000 -9999.000 -9999.000 -9999.000 -9999.000 -9999.000 -9999.000 -9999.000 -9999.000 -9999.000 -9999.000 -9999.000 -9999.000 -9999.000 -9999.000 -9999.000 -9999.000 -9999.000 -9999.000 -9999.000 -9999.000 -9999.000 -9999.000 -9999.000 -9999.000 -9999.000 -9999.000 -9999.000 -9999.000 -9999.000 -9999.000 -9999.000 -9999.000 -9999.000 -9999.000 -9999.000 -9999.000 -9999.000 -9999.000 1.251602 1.269891 1.299877 1.335001 1.383075 1.447625 1.531405 1.624929 1.743789 1.913963 2.124064 2.295231 2.354292 2.353226 2.336719 2.315791 2.292752 2.264059 2.225521 2.183090
-9999.000 -9999.000 -9999.000 -9999.000 -9999.000 -9999.000 -9999.000 -9999.000 -9999.000 -9999.000 -9999.000 -9999.000 -9999.000 -9999.000 -9999.000 -9999.000 -9999.000 -9999.000 -9999.000 -9999.000 -9999.000 -9999.000 -9999.000 -9999.000 -9999.000 -9999.000 -9999.000 -9999.000 -9999.000 -9999.000 -9999.000 -9999.000 -9999.000 -9999.000 -9999.000 -9999.000 1.277337 1.259388 1.250012 1.252105 1.264348 1.291798 1.320733 1.363188 1.414423 1.461660 1.514527 1.602097 1.761913 1.993550 2.212927 2.312890 2.326651 2.315785 2.297275 2.271752 2.240004 2.203019 2.156754
-9999.000 -9999.000 -9999.000 -9999.000 -9999.000 -9999.000 -9999.000 -9999.000 -9999.000 -9999.000 -9999.000 -9999.000 -9999.000 -9999.000 -9999.000 -9999.000 -9999.000 -9999.000 -9999.000 -9999.000 -9999.000 -9999.000 -9999.000 -9999.000 -9999.000 -9999.000 -9999.000 -9999.000 -9999.000 -9999.000 -9999.000 -9999.000 -9999.000 -9999.000 1.389417 1.332616 1.293543 1.269909 1.261176 1.263604 1.275732 1.296535 1.323442 1.359291 1.395607 1.417586 1.440985 1.516594 1.669511 1.864413 2.101917 2.253674 2.285906 2.284095 2.271819 2.249395 2.218721 2.183598 2.143348
-9999.000 -9999.000 -9999.000 -9999.000 -9999.000 -9999.000 -9999.000 -9999.000 -9999.000 -9999.000 -9999.000 -9999.000 -9999.000 -9999.000 -9999.000 -9999.000 -9999.000 -9999.000 -9999.000 -9999.000 -9999.000 -9999.000 -9999.000 -9999.000 -9999.000 -9999.000 -9999.000 -9999.000 -9999.000 -9999.000 1.523345 1.509691 1.492121 1.458713 1.406486 1.355088 1.318691 1.299208 1.291558 1.291667 1.300540 1.316613 1.338486 1.367018 1.387705 1.389162 1.402799 1.479249 1.617446 1.777506 2.004796 2.173168 2.236219 2.245116 2.236729 2.218560 2.192181 2.163034 2.132230
-9999.000 -9999.000 -9999.000 -9999.000 -9999.000 -9999.000 -9999.000 -9999.000 -9999.000 -9999.000 -9999.000 -9999.000 -9999.000 -9999.000 -9999.000 -9999.000 -9999.000 -9999.000 -9999.000 -9999.000 -9999.000 -9999.000 -9999.000 -9999.000 -9999.000 -9999.000 -9999.000 -9999.000 1.552491 1.539242 1.521658 1.511535 1.493455 1.449281 1.402164 1.363641 1.342725 1.337859 1.334717 1.336820 1.343418 1.353171 1.369894 1.390277 1.390645 1.376649 1.396339 1.487695 1.591441 1.735882 1.923923 2.081445 2.166384 2.193502 2.192621 2.180891 2.163166 2.145689 2.126435
-9999.000 -9999.000 -9999.000 -9999.000 -9999.000 -9999.000 -9999.000 -9999.000 -9999.000 -9999.000 -9999.000 -9999.000 -9999.000 -9999.000 -9999.000 -9999.000 -9999.000 -9999.000 -9999.000 -9999.000 -9999.000 -9999.000 -9999.000 -9999.000 1.960157 1.897607 1.737645 1.612548 1.563556 1.541448 1.521430 1.505723 1.477186 1.428869 1.386919 1.364817 1.361846 1.367853 1.375446 1.386188 1.395342 1.404471 1.417002 1.419825 1.403123 1.391410 1.423371 1.507383 1.610540 1.739272 1.909513 2.046988 2.119467 2.145254 2.151890 2.147530 2.138190 2.128139 2.114962
0.9083281 0.9068782 0.9081454 0.9209465 0.9601164 1.020880 1.074384 1.094603 1.089696 1.070706 1.035310 0.9796280 0.9203861 0.8773024 0.8486685 0.8294491 0.8193924 0.8178376 0.8223369 0.8446645 0.9412443 1.467460 1.850516 1.926608 1.971409 1.925982 1.769473 1.609170 1.570576 1.543681 1.522480 1.500409 1.453783 1.400828 1.371056 1.363568 1.374447 1.383616 1.401978 1.424763 1.438833 1.455476 1.472976 1.461867 1.429448 1.420992 1.459931 1.555186 1.637085 1.753356 1.893273 2.003525 2.069771 2.102513 2.117273 2.121366 2.120440 2.118690 2.114747
0.9082960 0.9095915 0.9159060 0.9318901 0.9640276 1.011125 1.054399 1.074069 1.068350 1.044817 1.010451 0.9697597 0.9276534 0.8893395 0.8586968 0.8384691 0.8310189 0.8393664 0.8710536 0.9530426 1.176172 1.546264 1.811642 1.906383 1.960723 1.939657 1.788856 1.635483 1.575000 1.547742 1.524117 1.482715 1.427518 1.387211 1.370351 1.373080 1.383097 1.397309 1.420216 1.442985 1.465049 1.491003 1.504136 1.490452 1.473000 1.483034 1.536479 1.612589 1.677203 1.764973 1.867681 1.962719 2.028959 2.069907 2.094067 2.108135 2.119273 2.126346 2.131709
0.9155458 0.9214507 0.9312375 0.9452955 0.9638684 0.9900243 1.015885 1.026180 1.016981 0.9950127 0.9721641 0.9538590 0.9365271 0.9142709 0.8887262 0.8702634 0.8706231 0.8986501 0.9675517 1.106458 1.359470 1.632789 1.783904 1.871585 1.946377 1.960456 1.812130 1.648249 1.584874 1.551374 1.519691 1.461462 1.406382 1.380696 1.374690 1.384047 1.393825 1.411844 1.435365 1.454264 1.480921 1.511840 1.521257 1.506780 1.503920 1.535405 1.610094 1.691313 1.743943 1.818822 1.884623 1.952502 2.012156 2.059783 2.093636 2.115927 2.131166 2.140627 2.146636
0.9331257 0.9408744 0.9485765 0.9556666 0.9600214 0.9587301 0.9563490 0.9544014 0.9484730 0.9410363 0.9363825 0.9363280 0.9389066 0.9413581 0.9415030 0.9437909 0.9612149 1.009049 1.101680 1.266383 1.463797 1.620337 1.733744 1.827085 1.907216 1.935010 1.825172 1.688112 1.617127 1.566544 1.501926 1.436487 1.398796 1.383670 1.387005 1.395118 1.409437 1.431907 1.447945 1.465108 1.494011 1.518831 1.522605 1.520393 1.534900 1.587645 1.676454 1.768504 1.834701 1.889963 1.946002 1.985356 2.034528 2.082836 2.117604 2.135153 2.142069 2.141555 2.137177
0.9510262 0.9559226 0.9570904 0.9528267 0.9391996 0.9160242 0.8976561 0.8938191 0.8981287 0.9047408 0.9124115 0.9240039 0.9426154 0.9693998 1.002310 1.040651 1.088496 1.154503 1.254337 1.395652 1.523905 1.612232 1.693324 1.777784 1.857712 1.892518 1.808720 1.705805 1.653238 1.589597 1.498958 1.429318 1.399668 1.391609 1.398206 1.407669 1.426542 1.448652 1.463070 1.481524 1.505854 1.522013 1.527678 1.540354 1.573852 1.643006 1.741030 1.843380 1.920039 1.975610 2.016763 2.039292 2.063970 2.093148 2.115856 2.128124 2.127183 2.117266 2.104019
0.9584292 0.9572593 0.9485870 0.9297896 0.9022899 0.8760587 0.8620327 0.8639264 0.8769362 0.8920329 0.9079987 0.9290038 0.9591755 1.003230 1.062259 1.133282 1.211437 1.297653 1.409719 1.516639 1.581422 1.626304 1.672930 1.732191 1.801296 1.835942 1.767504 1.696697 1.671830 1.605673 1.511852 1.452049 1.417073 1.410802 1.412387 1.422104 1.443954 1.458562 1.477323 1.505150 1.527164 1.534332 1.545735 1.573598 1.626911 1.709611 1.808768 1.904962 1.980489 2.022021 2.041620 2.055703 2.065456 2.078484 2.084452 2.086874 2.088097 2.073101 2.055602
0.9484328 0.9347017 0.9132895 0.8904397 0.8722005 0.8617797 0.8591506 0.8642442 0.8776953 0.8982419 0.9258122 0.9612177 1.004175 1.057866 1.126530 1.210676 1.308719 1.422929 1.536526 1.613048 1.649777 1.669848 1.685873 1.708218 1.742370 1.752423 1.713117 1.674309 1.643722 1.587302 1.533916 1.498570 1.470569 1.452390 1.443996 1.449791 1.462322 1.475407 1.498641 1.533735 1.565153 1.583614 1.602095 1.639705 1.702863 1.781964 1.861731 1.932144 1.988843 2.023251 2.028983 2.010923 2.025046 2.033273 2.035708 2.035272 2.040712 2.032579 2.015186
0.9222250 0.9038027 0.8859787 0.8744988 0.8688219 0.8666479 0.8681246 0.8732220 0.8857125 0.9112042 0.9511281 1.000139 1.052191 1.106406 1.169147 1.247823 1.349624 1.478273 1.592808 1.658185 1.689506 1.704829 1.710977 1.711597 1.713855 1.699108 1.658773 1.640953 1.606568 1.548863 1.529151 1.524723 1.521392 1.504014 1.486847 1.490411 1.495658 1.512115 1.542844 1.580078 1.618940 1.646117 1.661696 1.690134 1.743138 1.803763 1.861664 1.918297 1.967962 1.997356 1.996446 1.975566 1.969315 1.980846 1.983401 1.978344 1.983965 1.988222 1.973976
0.8856052 0.8800731 0.8768245 0.8756456 0.8747217 0.8735993 0.8732121 0.8784658 0.8964049 0.9317407 0.9807005 1.034930 1.089976 1.145650 1.205560 1.278971 1.378141 1.492001 1.589705 1.656079 1.694235 1.712387 1.719540 1.718596 1.694970 1.649921 1.616390 1.598286 1.558448 1.523371 1.518598 1.533581 1.552052 1.556092 1.554056 1.551469 1.555773 1.578075 1.611387 1.638164 1.659543 1.675911 1.685390 1.702158 1.739558 1.781290 1.818613 1.869592 1.923259 1.950470 1.971022 1.935101 1.920692 1.925417 1.927914 1.929453 1.933973 1.941408 1.942229
0.8480037 0.8568315 0.8657861 0.8711603 0.8714105 0.8692603 0.8691746 0.8810210 0.9098560 0.9531577 1.004051 1.057284 1.112488 1.170400 1.231812 1.304701 1.395741 1.487827 1.565973 1.628556 1.671212 1.693807 1.703599 1.704417 1.672566 1.615624 1.578089 1.554539 1.514161 1.495581 1.507044 1.536730 1.572662 1.604810 1.628725 1.630792 1.633869 1.651575 1.667715 1.668926 1.664847 1.661476 1.660638 1.672549 1.704234 1.732153 1.755239 1.795804 1.852932 1.910840 1.922723 1.917312 1.884378 1.880291 1.886233 1.890055 1.894131 1.901095 1.898667
0.8085296 0.8188306 0.8301290 0.8395457 0.8465577 0.8536976 0.8690346 0.8978016 0.9365088 0.9791261 1.023041 1.071289 1.125989 1.185633 1.250636 1.329354 1.410020 1.477233 1.535976 1.588103 1.629259 1.652449 1.664487 1.663529 1.628296 1.575324 1.539463 1.501610 1.474066 1.475019 1.504203 1.546521 1.590465 1.646426 1.685282 1.689886 1.692124 1.704765 1.693009 1.665010 1.639493 1.619153 1.613360 1.629292 1.661626 1.679057 1.678654 1.717194 1.794393 1.851699 1.879583 1.877470 1.861047 1.843730 1.843487 1.846816 1.851520 1.861740 1.853718
0.7668523 0.7667859 0.7718463 0.7844296 0.8059658 0.8380508 0.8806926 0.9265261 0.9690379 1.007715 1.045291 1.087430 1.137226 1.194232 1.261505 1.338281 1.407444 1.462112 1.509122 1.550485 1.581454 1.598578 1.610081 1.606315 1.571784 1.527794 1.494066 1.465054 1.455346 1.472230 1.510433 1.553643 1.601305 1.656641 1.689268 1.693984 1.701379 1.712756 1.692663 1.647495 1.603336 1.574242 1.566507 1.582373 1.611233 1.623499 1.626722 1.647407 1.734935 1.804156 1.836996 1.840423 1.834666 1.823115 1.805880 1.799681 1.797524 1.800494 1.799669
0.7212211 0.7160287 0.7190560 0.7345112 0.7674341 0.8212015 0.8883510 0.9501876 0.9946979 1.030041 1.065081 1.102824 1.145102 1.195365 1.262942 1.331783 1.388223 1.438593 1.480753 1.517790 1.537991 1.545651 1.559338 1.558773 1.527278 1.493045 1.462303 1.449596 1.455900 1.477397 1.508483 1.534938 1.582996 1.625797 1.641316 1.650032 1.672933 1.694943 1.683529 1.636807 1.574142 1.538718 1.530392 1.544575 1.565852 1.563125 1.564633 1.607118 1.701610 1.765619 1.794278 1.805157 1.799696 1.797950 1.768045 1.738441 1.720659 1.715221 1.712505
0.6798407 0.6829131 0.6962363 0.7240687 0.7693507 0.8314815 0.9019732 0.9632301 1.006078 1.040747 1.076486 1.112923 1.151721 1.201556 1.260990 1.315938 1.365644 1.411830 1.451741 1.482905 1.501334 1.514698 1.527711 1.526978 1.504069 1.470048 1.444702 1.438237 1.446370 1.459709 1.472244 1.495108 1.531189 1.555258 1.567033 1.589894 1.624718 1.653015 1.656175 1.628435 1.580927 1.535780 1.514742 1.522581 1.529502 1.520510 1.525504 1.560626 1.629492 1.706667 1.751828 1.776027 1.759231 1.748108 1.722914 1.672277 1.632839 1.633373 1.644805
