simulation_files/asc/Depth____266.0.asc
NCOLS        79
NROWS        79
XLLCENTER         -1.500000
YLLCENTER         -4.800000
CELLSIZE           0.100
NODATA_VALUE     -9999.0
[rows 0 to 25 of 79, columns 0 to 58 of 79]
-9999.000 -9999.000 -9999.000 -9999.000 -9999.000 -9999.000 -9999.000 -9999.000 -9999.000 -9999.000 -9999.000 -9999.000 -9999.000 -9999.000 -9999.000 0.7275016 0.7280060 0.7281873 0.7281598 0.7279630 0.7276912 0.7273878 0.7270727 0.7267745 0.7264907 0.7262281 0.7259853 0.7257323 0.7253593 0.7253225 0.7253225 -9999.000 -9999.000 -9999.000 -9999.000 -9999.000 -9999.000 -9999.000 -9999.000 -9999.000 -9999.000 -9999.000 -9999.000 -9999.000 -9999.000 -9999.000 -9999.000 -9999.000 -9999.000 -9999.000 -9999.000 -9999.000 -9999.000 -9999.000 -9999.000 -9999.000 -9999.000 -9999.000 -9999.000
-9999.000 -9999.000 -9999.000 -9999.000 -9999.000 -9999.000 -9999.000 -9999.000 -9999.000 -9999.000 -9999.000 -9999.000 -9999.000 -9999.000 -9999.000 0.7292942 0.7297547 0.7299021 0.7298782 0.7297183 0.7295027 0.7292665 0.7290244 0.7287996 0.7285881 0.7283948 0.7282177 0.7280294 0.7277322 0.7277820 0.7277820 -9999.000 -9999.000 -9999.000 -9999.000 -9999.000 -9999.000 -9999.000 -9999.000 -9999.000 -9999.000 -9999.000 -9999.000 -9999.000 -9999.000 -9999.000 -9999.000 -9999.000 -9999.000 -9999.000 -9999.000 -9999.000 -9999.000 -9999.000 -9999.000 -9999.000 -9999.000 -9999.000 -9999.000
-9999.000 -9999.000 -9999.000 -9999.000 -9999.000 -9999.000 -9999.000 -9999.000 -9999.000 -9999.000 -9999.000 -9999.000 -9999.000 -9999.000 -9999.000 0.7312039 0.7317001 0.7318589 0.7318428 0.7316884 0.7314787 0.7312498 0.7310162 0.7308014 0.7306001 0.7304165 0.7302474 0.7300630 0.7297597 0.7298053 0.7298053 -9999.000 -9999.000 -9999.000 -9999.000 -9999.000 -9999.000 -9999.000 -9999.000 -9999.000 -9999.000 -9999.000 -9999.000 -9999.000 -9999.000 -9999.000 -9999.000 -9999.000 -9999.000 -9999.000 -9999.000 -9999.000 -9999.000 -9999.000 -9999.000 -9999.000 -9999.000 -9999.000 -9999.000
-9999.000 -9999.000 -9999.000 -9999.000 -9999.000 -9999.000 -9999.000 -9999.000 -9999.000 -9999.000 -9999.000 -9999.000 -9999.000 -9999.000 -9999.000 0.7331648 0.7336836 0.7338483 0.7338341 0.7336785 0.7334677 0.7332381 0.7330043 0.7327904 0.7325899 0.7324071 0.7322380 0.7320508 0.7317352 0.7317592 0.7317592 -9999.000 -9999.000 -9999.000 -9999.000 -9999.000 -9999.000 -9999.000 -9999.000 -9999.000 -9999.000 -9999.000 -9999.000 -9999.000 -9999.000 -9999.000 -9999.000 -9999.000 -9999.000 -9999.000 -9999.000 -9999.000 -9999.000 -9999.000 -9999.000 -9999.000 -9999.000 -9999.000 -9999.000
-9999.000 -9999.000 -9999.000 -9999.000 -9999.000 -9999.000 -9999.000 -9999.000 -9999.000 -9999.000 -9999.000 -9999.000 -9999.000 -9999.000 -9999.000 0.7351456 0.7356817 0.7358497 0.7358345 0.7356744 0.7354589 0.7352249 0.7349867 0.7347698 0.7345660 0.7343800 0.7342073 0.7340137 0.7336808 0.7336692 0.7336692 -9999.000 -9999.000 -9999.000 -9999.000 -9999.000 -9999.000 -9999.000 -9999.000 -9999.000 -9999.000 -9999.000 -9999.000 -9999.000 -9999.000 -9999.000 -9999.000 -9999.000 -9999.000 -9999.000 -9999.000 -9999.000 -9999.000 -9999.000 -9999.000 -9999.000 -9999.000 -9999.000 -9999.000
-9999.000 -9999.000 -9999.000 -9999.000 -9999.000 -9999.000 -9999.000 -9999.000 -9999.000 -9999.000 -9999.000 -9999.000 -9999.000 -9999.000 -9999.000 0.7371328 0.7376837 0.7378535 0.7378354 0.7376689 0.7374471 0.7372069 0.7369626 0.7367409 0.7365317 0.7363406 0.7361625 0.7359602 0.7356057 0.7355447 0.7355447 -9999.000 -9999.000 -9999.000 -9999.000 -9999.000 -9999.000 -9999.000 -9999.000 -9999.000 -9999.000 -9999.000 -9999.000 -9999.000 -9999.000 -9999.000 -9999.000 -9999.000 -9999.000 -9999.000 -9999.000 -9999.000 -9999.000 -9999.000 -9999.000 -9999.000 -9999.000 -9999.000 -9999.000
-9999.000 -9999.000 -9999.000 -9999.000 -9999.000 -9999.000 -9999.000 -9999.000 -9999.000 -9999.000 -9999.000 -9999.000 -9999.000 -9999.000 -9999.000 0.7391202 0.7396846 0.7398547 0.7398326 0.7396585 0.7394294 0.7391822 0.7389307 0.7387036 0.7384881 0.7382908 0.7381061 0.7378933 0.7375128 0.7373862 0.7373862 -9999.000 -9999.000 -9999.000 -9999.000 -9999.000 -9999.000 -9999.000 -9999.000 -9999.000 -9999.000 -9999.000 -9999.000 -9999.000 -9999.000 -9999.000 -9999.000 -9999.000 -9999.000 -9999.000 -9999.000 -9999.000 -9999.000 -9999.000 -9999.000 -9999.000 -9999.000 -9999.000 -9999.000
-9999.000 -9999.000 -9999.000 -9999.000 -9999.000 -9999.000 -9999.000 -9999.000 -9999.000 -9999.000 -9999.000 -9999.000 -9999.000 -9999.000 -9999.000 0.7411047 0.7416818 0.7418510 0.7418237 0.7416409 0.7414039 0.7411492 0.7408900 0.7406572 0.7404346 0.7402307 0.7400386 0.7398134 0.7394017 0.7391891 0.7391891 -9999.000 -9999.000 -9999.000 -9999.000 -9999.000 -9999.000 -9999.000 -9999.000 -9999.000 -9999.000 -9999.000 -9999.000 -9999.000 -9999.000 -9999.000 -9999.000 -9999.000 -9999.000 -9999.000 -9999.000 -9999.000 -9999.000 -9999.000 -9999.000 -9999.000 -9999.000 -9999.000 -9999.000
-9999.000 -9999.000 -9999.000 -9999.000 -9999.000 -9999.000 -9999.000 -9999.000 -9999.000 -9999.000 -9999.000 -9999.000 -9999.000 -9999.000 -9999.000 0.7430845 0.7436736 0.7438405 0.7438068 0.7436141 0.7433689 0.7431064 0.7428390 0.7426004 0.7423704 0.7421592 0.7419588 0.7417195 0.7412705 0.7409447 0.7409447 -9999.000 -9999.000 -9999.000 -9999.000 -9999.000 -9999.000 -9999.000 -9999.000 -9999.000 -9999.000 -9999.000 -9999.000 -9999.000 -9999.000 -9999.000 -9999.000 -9999.000 -9999.000 -9999.000 -9999.000 -9999.000 -9999.000 -9999.000 -9999.000 -9999.000 -9999.000 -9999.000 -9999.000
-9999.000 -9999.000 -9999.000 -9999.000 -9999.000 -9999.000 -9999.000 -9999.000 -9999.000 -9999.000 -9999.000 -9999.000 -9999.000 -9999.000 -9999.000 0.7450579 0.7456586 0.7458217 0.7457802 0.7455766 0.7453225 0.7450519 0.7447761 0.7445319 0.7442937 0.7440747 0.7438651 0.7436092 0.7431158 0.7426399 0.7426399 -9999.000 -9999.000 -9999.000 -9999.000 -9999.000 -9999.000 -9999.000 -9999.000 -9999.000 -9999.000 -9999.000 -9999.000 -9999.000 -9999.000 -9999.000 -9999.000 -9999.000 -9999.000 -9999.000 -9999.000 -9999.000 -9999.000 -9999.000 -9999.000 -9999.000 -9999.000 -9999.000 -9999.000
-9999.000 -9999.000 -9999.000 -9999.000 -9999.000 -9999.000 -9999.000 -9999.000 -9999.000 -9999.000 -9999.000 -9999.000 -9999.000 -9999.000 -9999.000 0.7470230 0.7476354 0.7477929 0.7477422 0.7475261 0.7472626 0.7469836 0.7466990 0.7464491 0.7462022 0.7459748 0.7457550 0.7454795 0.7449327 0.7442551 0.7442551 -9999.000 -9999.000 -9999.000 -9999.000 -9999.000 -9999.000 -9999.000 -9999.000 -9999.000 -9999.000 -9999.000 -9999.000 -9999.000 -9999.000 -9999.000 -9999.000 -9999.000 -9999.000 -9999.000 -9999.000 -9999.000 -9999.000 -9999.000 -9999.000 -9999.000 -9999.000 -9999.000 -9999.000
-9999.000 -9999.000 -9999.000 -9999.000 -9999.000 -9999.000 -9999.000 -9999.000 -9999.000 -9999.000 -9999.000 -9999.000 -9999.000 -9999.000 -9999.000 0.7489776 0.7496015 0.7497516 0.7496899 0.7494599 0.7491864 0.7488987 0.7486047 0.7483494 0.7480927 0.7478560 0.7476246 0.7473258 0.7467140 0.7457608 0.7457608 -9999.000 -9999.000 -9999.000 -9999.000 -9999.000 -9999.000 -9999.000 -9999.000 -9999.000 -9999.000 -9999.000 -9999.000 -9999.000 -9999.000 -9999.000 -9999.000 -9999.000 -9999.000 -9999.000 -9999.000 -9999.000 -9999.000 -9999.000 -9999.000 -9999.000 -9999.000 -9999.000 -9999.000
-9999.000 -9999.000 -9999.000 -9999.000 -9999.000 -9999.000 -9999.000 -9999.000 -9999.000 -9999.000 -9999.000 -9999.000 -9999.000 -9999.000 -9999.000 0.7509162 0.7515526 0.7516938 0.7516201 0.7513746 0.7510905 0.7507936 0.7504895 0.7502288 0.7499611 0.7497141 0.7494690 0.7491418 0.7484499 0.7471122 0.7471122 -9999.000 -9999.000 -9999.000 -9999.000 -9999.000 -9999.000 -9999.000 -9999.000 -9999.000 -9999.000 -9999.000 -9999.000 -9999.000 -9999.000 -9999.000 -9999.000 -9999.000 -9999.000 -9999.000 -9999.000 -9999.000 -9999.000 -9999.000 -9999.000 -9999.000 -9999.000 -9999.000 -9999.000
-9999.000 -9999.000 -9999.000 -9999.000 -9999.000 -9999.000 -9999.000 -9999.000 -9999.000 -9999.000 -9999.000 -9999.000 -9999.000 -9999.000 -9999.000 0.7526762 0.7533700 0.7535583 0.7535380 0.7533000 0.7530072 0.7526997 0.7523819 0.7521122 0.7518276 0.7515648 0.7513001 0.7509348 0.7501409 0.7482569 0.7482569 -9999.000 -9999.000 -9999.000 -9999.000 -9999.000 -9999.000 -9999.000 -9999.000 -9999.000 -9999.000 -9999.000 -9999.000 -9999.000 -9999.000 -9999.000 -9999.000 -9999.000 -9999.000 -9999.000 -9999.000 -9999.000 -9999.000 -9999.000 -9999.000 -9999.000 -9999.000 -9999.000 -9999.000
-9999.000 -9999.000 -9999.000 -9999.000 -9999.000 -9999.000 -9999.000 -9999.000 -9999.000 -9999.000 -9999.000 -9999.000 -9999.000 -9999.000 -9999.000 0.7438664 0.7515484 0.7556186 0.7578067 0.7578864 0.7571771 0.7564492 0.7557332 0.7551209 0.7545347 0.7540200 0.7535407 0.7529604 0.7518402 0.7484263 0.7484263 -9999.000 -9999.000 -9999.000 -9999.000 -9999.000 -9999.000 -9999.000 -9999.000 -9999.000 -9999.000 -9999.000 -9999.000 -9999.000 -9999.000 -9999.000 -9999.000 -9999.000 -9999.000 -9999.000 -9999.000 -9999.000 -9999.000 -9999.000 -9999.000 -9999.000 -9999.000 -9999.000 -9999.000
0.8377927 0.8377927 0.8387110 0.8248417 0.8168831 0.8168831 0.8133326 0.8078018 0.8078018 0.8033761 0.8033761 0.7997116 0.7980889 0.7965753 0.7950770 0.7950770 0.7589323 0.7575269 0.7560743 0.7557998 0.7571102 0.7588819 0.7609929 0.7640117 0.7667328 0.7694338 0.7716208 0.7718574 0.7659168 0.7372846 0.7372846 0.5228677 0.4843890 0.4603702 0.4522150 0.4522150 0.4389018 0.4389018 0.4386710 0.4386710 0.4481520 0.4939898 0.4939898 0.5870382 0.5870382 0.6611812 0.6611812 0.6611812 0.6643541 0.6643541 0.6547123 0.6547123 0.6402469 0.6402469 0.6248170 0.6248170 0.6103987 0.6103987 0.6103987
0.8347188 0.8347188 0.8372624 0.8227838 0.8160186 0.8160186 0.8122818 0.8066849 0.8066849 0.8022737 0.8022737 0.7986273 0.7970126 0.7955070 0.7940174 0.7940174 0.7628409 0.7568027 0.7515497 0.7472362 0.7440987 0.7418232 0.7404241 0.7401937 0.7407544 0.7421591 0.7441950 0.7462091 0.7463948 0.7370837 0.7370837 0.5925039 0.5363988 0.4799653 0.4637957 0.4637957 0.4442845 0.4442845 0.4433165 0.4433165 0.4523067 0.4929571 0.4929571 0.5669018 0.5669018 0.6555751 0.6555751 0.6555751 0.6631867 0.6631867 0.6547381 0.6547381 0.6406457 0.6406457 0.6254228 0.6254228 0.6110882 0.6110882 0.6110882
0.8329958 0.8329958 0.8374588 0.8222314 0.8162051 0.8162051 0.8123489 0.8066573 0.8066573 0.8022354 0.8022354 0.7985826 0.7969636 0.7954540 0.7939512 0.7939512 0.7658626 0.7559825 0.7470952 0.7393242 0.7329110 0.7277526 0.7238069 0.7212204 0.7198062 0.7195413 0.7202997 0.7216316 0.7221788 0.7165120 0.7165120 0.6263300 0.5687076 0.4984889 0.4769831 0.4769831 0.4536555 0.4536555 0.4567725 0.4567725 0.4684552 0.5074630 0.5074630 0.5632471 0.5632471 0.6455445 0.6455445 0.6455445 0.6585516 0.6585516 0.6528661 0.6528661 0.6398784 0.6398784 0.6250943 0.6250943 0.6109951 0.6109951 0.6109951
0.8315936 0.8315936 0.8377640 0.8218532 0.8163447 0.8163447 0.8124268 0.8066546 0.8066546 0.8022321 0.8022321 0.7985833 0.7969643 0.7954547 0.7939329 0.7939329 0.7678649 0.7547645 0.7424296 0.7313270 0.7217975 0.7138964 0.7075987 0.7029510 0.6998210 0.6981164 0.6977025 0.6982354 0.6987069 0.6951976 0.6951976 0.6387555 0.5882657 0.5160599 0.4927009 0.4927009 0.4711776 0.4711776 0.4825667 0.4825667 0.4970184 0.5305595 0.5305595 0.5661028 0.5661028 0.6309504 0.6309504 0.6309504 0.6485952 0.6485952 0.6473634 0.6473634 0.6368570 0.6368570 0.6233490 0.6233490 0.6100429 0.6100429 0.6100429
0.8305037 0.8305037 0.8377542 0.8215339 0.8164154 0.8164154 0.8124846 0.8066519 0.8066519 0.8022297 0.8022297 0.7985852 0.7969666 0.7954569 0.7939051 0.7939051 0.7684373 0.7525503 0.7370490 0.7227906 0.7102523 0.6996201 0.6909326 0.6842098 0.6793568 0.6762533 0.6747432 0.6745274 0.6748350 0.6728621 0.6728621 0.6375926 0.5968187 0.5307829 0.5100526 0.5100526 0.4993873 0.4993873 0.5210331 0.5210331 0.5351872 0.5566025 0.5566025 0.5721389 0.5721389 0.6148998 0.6148998 0.6148998 0.6344025 0.6344025 0.6381518 0.6381518 0.6314144 0.6314144 0.6201992 0.6201992 0.6083861 0.6083861 0.6083861
0.8297256 0.8297256 0.8376907 0.8213086 0.8164493 0.8164493 0.8125231 0.8066489 0.8066489 0.8022272 0.8022272 0.7985864 0.7969683 0.7954583 0.7938627 0.7938627 0.7672816 0.7488047 0.7303986 0.7132220 0.6978676 0.6846144 0.6735647 0.6647504 0.6581120 0.6535385 0.6508738 0.6498548 0.6498847 0.6489810 0.6489810 0.6274326 0.5967002 0.5438449 0.5314983 0.5314983 0.5408253 0.5408253 0.5674704 0.5674704 0.5761140 0.5807168 0.5807168 0.5794083 0.5794083 0.6005509 0.6005509 0.6005509 0.6182899 0.6182899 0.6259308 0.6259308 0.6235615 0.6235615 0.6155580 0.6155580 0.6060070 0.6060070 0.6060070
0.8292588 0.8292588 0.8376343 0.8211766 0.8164631 0.8164631 0.8125444 0.8066462 0.8066462 0.8022243 0.8022243 0.7985858 0.7969674 0.7954571 0.7937990 0.7937990 0.7641092 0.7430140 0.7218880 0.7020435 0.6841286 0.6684664 0.6551987 0.6443744 0.6359635 0.6298788 0.6259845 0.6240591 0.6236504 0.6234118 0.6234118 0.6110231 0.5902002 0.5597283 0.5630860 0.5630860 0.5944769 0.5944769 0.6131099 0.6131099 0.6123997 0.6006288 0.6006288 0.5870367 0.5870367 0.5897183 0.5897183 0.5897183 0.6026165 0.6026165 0.6119265 0.6119265 0.6135961 0.6135961 0.6093937 0.6093937 0.6028436 0.6028436 0.6028436
0.8291030 0.8291030 0.8376129 0.8211332 0.8164665 0.8164665 0.8125511 0.8066448 0.8066448 0.8022228 0.8022228 0.7985851 0.7969669 0.7954563 0.7937117 0.7937117 0.7585474 0.7346181 0.7108665 0.6885906 0.6684120 0.6506382 0.6354089 0.6227735 0.6127170 0.6051747 0.6000385 0.5971349 0.5961442 0.5962837 0.5962837 0.5904401 0.5802809 0.5868798 0.6115964 0.6115964 0.6518943 0.6518943 0.6501563 0.6501563 0.6402486 0.6164017 0.6164017 0.5946773 0.5946773 0.5827765 0.5827765 0.5827765 0.5890822 0.5890822 0.5975760 0.5975760 0.6021448 0.6021448 0.6018468 0.6018468 0.5988840 0.5988840 0.5988840
0.8292587 0.8292587 0.8376341 0.8211766 0.8164629 0.8164629 0.8125443 0.8066462 0.8066462 0.8022242 0.8022242 0.7985857 0.7969675 0.7954570 0.7935923 0.7935923 0.7500370 0.7229143 0.6965586 0.6720809 0.6499752 0.6304647 0.6136371 0.5995108 0.5880626 0.5792381 0.5729531 0.5690823 0.5674523 0.5679683 0.5679683 0.5680889 0.5724840 0.6351262 0.6764089 0.6764089 0.7002433 0.7002433 0.6762492 0.6762492 0.6602135 0.6290925 0.6290925 0.6021443 0.6021443 0.5791948 0.5791948 0.5791948 0.5785120 0.5785120 0.5841932 0.5841932 0.5900888 0.5900888 0.5932903 0.5932903 0.5942340 0.5942340 0.5942340
0.8297256 0.8297256 0.8376904 0.8213086 0.8164490 0.8164490 0.8125229 0.8066490 0.8066490 0.8022272 0.8022272 0.7985863 0.7969683 0.7954584 0.7934275 0.7934275 0.7377089 0.7069393 0.6779779 0.6515576 0.6279268 0.6071439 0.5891889 0.5740125 0.5615554 0.5517548 0.5445390 0.5398301 0.5376827 0.5393546 0.5393546 0.5486084 0.5784332 0.7051588 0.7426782 0.7426782 0.7321538 0.7321538 0.6937696 0.6937696 0.6746455 0.6395496 0.6395496 0.6091550 0.6091550 0.5780464 0.5780464 0.5780464 0.5709609 0.5709609 0.5727126 0.5727126 0.5784271 0.5784271 0.5843213 0.5843213 0.5891462 0.5891462 0.5891462
0.8305037 0.8305037 0.8377537 0.8215337 0.8164150 0.8164150 0.8124844 0.8066519 0.8066519 0.8022296 0.8022296 0.7985851 0.7969668 0.7954570 0.7931970 0.7931970 0.7201482 0.6852662 0.6537716 0.6257808 0.6011524 0.5796901 0.5612083 0.5455523 0.5326019 0.5222656 0.5144708 0.5092012 0.5070795 0.5132059 0.5132059 0.5435222 0.6167176 0.7781002 0.7895916 0.7895916 0.7501970 0.7501970 0.7058692 0.7058692 0.6854394 0.6481497 0.6481497 0.6153896 0.6153896 0.5784041 0.5784041 0.5784041 0.5660169 0.5660169 0.5636124 0.5636124 0.5680584 0.5680584 0.5756948 0.5756948 0.5840372 0.5840372 0.5840372
