simulation_files/asc/Depth____000235.asc
NCOLS        79
NROWS        79
XLLCENTER         -1.500000
YLLCENTER         -4.800000
CELLSIZE           0.100
NODATA_VALUE     -9999.0
[rows 0 to 25 of 79, columns 0 to 58 of 79]
-9999.000 -9999.000 -9999.000 -9999.000 -9999.000 -9999.000 -9999.000 -9999.000 -9999.000 -9999.000 -9999.000 -9999.000 -9999.000 -9999.000 -9999.000 0.7527168 0.7532776 0.7535369 0.7535900 0.7534041 0.7531143 0.7527882 0.7524494 0.7521242 0.7518222 0.7515444 0.7512902 0.7510319 0.7506596 0.7506300 0.7506300 -9999.000 -9999.000 -9999.000 -9999.000 -9999.000 -9999.000 -9999.000 -9999.000 -9999.000 -9999.000 -9999.000 -9999.000 -9999.000 -9999.000 -9999.000 -9999.000 -9999.000 -9999.000 -9999.000 -9999.000 -9999.000 -9999.000 -9999.000 -9999.000 -9999.000 -9999.000 -9999.000 -9999.000
-9999.000 -9999.000 -9999.000 -9999.000 -9999.000 -9999.000 -9999.000 -9999.000 -9999.000 -9999.000 -9999.000 -9999.000 -9999.000 -9999.000 -9999.000 0.7545329 0.7550353 0.7552460 0.7552879 0.7551356 0.7549044 0.7546501 0.7543901 0.7541448 0.7539207 0.7537171 0.7535324 0.7533413 0.7530460 0.7531050 0.7531050 -9999.000 -9999.000 -9999.000 -9999.000 -9999.000 -9999.000 -9999.000 -9999.000 -9999.000 -9999.000 -9999.000 -9999.000 -9999.000 -9999.000 -9999.000 -9999.000 -9999.000 -9999.000 -9999.000 -9999.000 -9999.000 -9999.000 -9999.000 -9999.000 -9999.000 -9999.000 -9999.000 -9999.000
-9999.000 -9999.000 -9999.000 -9999.000 -9999.000 -9999.000 -9999.000 -9999.000 -9999.000 -9999.000 -9999.000 -9999.000 -9999.000 -9999.000 -9999.000 0.7564387 0.7569793 0.7572032 0.7572548 0.7571079 0.7568819 0.7566340 0.7563817 0.7561455 0.7559311 0.7557367 0.7555597 0.7553725 0.7550716 0.7551264 0.7551264 -9999.000 -9999.000 -9999.000 -9999.000 -9999.000 -9999.000 -9999.000 -9999.000 -9999.000 -9999.000 -9999.000 -9999.000 -9999.000 -9999.000 -9999.000 -9999.000 -9999.000 -9999.000 -9999.000 -9999.000 -9999.000 -9999.000 -9999.000 -9999.000 -9999.000 -9999.000 -9999.000 -9999.000
-9999.000 -9999.000 -9999.000 -9999.000 -9999.000 -9999.000 -9999.000 -9999.000 -9999.000 -9999.000 -9999.000 -9999.000 -9999.000 -9999.000 -9999.000 0.7583957 0.7589613 0.7591926 0.7592477 0.7590994 0.7588714 0.7586223 0.7583691 0.7581331 0.7579191 0.7577251 0.7575480 0.7573581 0.7570454 0.7570787 0.7570787 -9999.000 -9999.000 -9999.000 -9999.000 -9999.000 -9999.000 -9999.000 -9999.000 -9999.000 -9999.000 -9999.000 -9999.000 -9999.000 -9999.000 -9999.000 -9999.000 -9999.000 -9999.000 -9999.000 -9999.000 -9999.000 -9999.000 -9999.000 -9999.000 -9999.000 -9999.000 -9999.000 -9999.000
-9999.000 -9999.000 -9999.000 -9999.000 -9999.000 -9999.000 -9999.000 -9999.000 -9999.000 -9999.000 -9999.000 -9999.000 -9999.000 -9999.000 -9999.000 0.7603717 0.7609571 0.7611934 0.7612490 0.7610958 0.7608624 0.7606084 0.7603505 0.7601107 0.7598934 0.7596960 0.7595152 0.7593192 0.7589901 0.7589880 0.7589880 -9999.000 -9999.000 -9999.000 -9999.000 -9999.000 -9999.000 -9999.000 -9999.000 -9999.000 -9999.000 -9999.000 -9999.000 -9999.000 -9999.000 -9999.000 -9999.000 -9999.000 -9999.000 -9999.000 -9999.000 -9999.000 -9999.000 -9999.000 -9999.000 -9999.000 -9999.000 -9999.000 -9999.000
-9999.000 -9999.000 -9999.000 -9999.000 -9999.000 -9999.000 -9999.000 -9999.000 -9999.000 -9999.000 -9999.000 -9999.000 -9999.000 -9999.000 -9999.000 0.7623532 0.7629563 0.7631959 0.7632504 0.7630902 0.7628497 0.7625893 0.7623249 0.7620797 0.7618574 0.7616547 0.7614685 0.7612642 0.7609144 0.7608636 0.7608636 -9999.000 -9999.000 -9999.000 -9999.000 -9999.000 -9999.000 -9999.000 -9999.000 -9999.000 -9999.000 -9999.000 -9999.000 -9999.000 -9999.000 -9999.000 -9999.000 -9999.000 -9999.000 -9999.000 -9999.000 -9999.000 -9999.000 -9999.000 -9999.000 -9999.000 -9999.000 -9999.000 -9999.000
-9999.000 -9999.000 -9999.000 -9999.000 -9999.000 -9999.000 -9999.000 -9999.000 -9999.000 -9999.000 -9999.000 -9999.000 -9999.000 -9999.000 -9999.000 0.7643343 0.7649540 0.7651955 0.7652475 0.7650791 0.7648306 0.7645631 0.7642913 0.7640399 0.7638118 0.7636030 0.7634102 0.7631959 0.7628213 0.7627060 0.7627060 -9999.000 -9999.000 -9999.000 -9999.000 -9999.000 -9999.000 -9999.000 -9999.000 -9999.000 -9999.000 -9999.000 -9999.000 -9999.000 -9999.000 -9999.000 -9999.000 -9999.000 -9999.000 -9999.000 -9999.000 -9999.000 -9999.000 -9999.000 -9999.000 -9999.000 -9999.000 -9999.000 -9999.000
-9999.000 -9999.000 -9999.000 -9999.000 -9999.000 -9999.000 -9999.000 -9999.000 -9999.000 -9999.000 -9999.000 -9999.000 -9999.000 -9999.000 -9999.000 0.7663122 0.7669479 0.7671901 0.7672384 0.7670603 0.7668031 0.7665281 0.7662485 0.7659907 0.7657563 0.7655407 0.7653406 0.7651148 0.7647105 0.7645110 0.7645110 -9999.000 -9999.000 -9999.000 -9999.000 -9999.000 -9999.000 -9999.000 -9999.000 -9999.000 -9999.000 -9999.000 -9999.000 -9999.000 -9999.000 -9999.000 -9999.000 -9999.000 -9999.000 -9999.000 -9999.000 -9999.000 -9999.000 -9999.000 -9999.000 -9999.000 -9999.000 -9999.000 -9999.000
-9999.000 -9999.000 -9999.000 -9999.000 -9999.000 -9999.000 -9999.000 -9999.000 -9999.000 -9999.000 -9999.000 -9999.000 -9999.000 -9999.000 -9999.000 0.7682852 0.7689365 0.7691778 0.7692212 0.7690321 0.7687656 0.7684829 0.7681952 0.7679309 0.7676899 0.7674670 0.7672589 0.7670197 0.7665803 0.7662705 0.7662705 -9999.000 -9999.000 -9999.000 -9999.000 -9999.000 -9999.000 -9999.000 -9999.000 -9999.000 -9999.000 -9999.000 -9999.000 -9999.000 -9999.000 -9999.000 -9999.000 -9999.000 -9999.000 -9999.000 -9999.000 -9999.000 -9999.000 -9999.000 -9999.000 -9999.000 -9999.000 -9999.000 -9999.000
-9999.000 -9999.000 -9999.000 -9999.000 -9999.000 -9999.000 -9999.000 -9999.000 -9999.000 -9999.000 -9999.000 -9999.000 -9999.000 -9999.000 -9999.000 0.7702520 0.7709184 0.7711573 0.7711943 0.7709927 0.7707162 0.7704256 0.7701294 0.7698587 0.7696109 0.7693802 0.7691634 0.7689087 0.7684274 0.7679720 0.7679720 -9999.000 -9999.000 -9999.000 -9999.000 -9999.000 -9999.000 -9999.000 -9999.000 -9999.000 -9999.000 -9999.000 -9999.000 -9999.000 -9999.000 -9999.000 -9999.000 -9999.000 -9999.000 -9999.000 -9999.000 -9999.000 -9999.000 -9999.000 -9999.000 -9999.000 -9999.000 -9999.000 -9999.000
-9999.000 -9999.000 -9999.000 -9999.000 -9999.000 -9999.000 -9999.000 -9999.000 -9999.000 -9999.000 -9999.000 -9999.000 -9999.000 -9999.000 -9999.000 0.7722110 0.7728922 0.7731269 0.7731560 0.7729400 0.7726528 0.7723541 0.7720492 0.7717719 0.7715171 0.7712780 0.7710515 0.7707789 0.7702473 0.7695972 0.7695972 -9999.000 -9999.000 -9999.000 -9999.000 -9999.000 -9999.000 -9999.000 -9999.000 -9999.000 -9999.000 -9999.000 -9999.000 -9999.000 -9999.000 -9999.000 -9999.000 -9999.000 -9999.000 -9999.000 -9999.000 -9999.000 -9999.000 -9999.000 -9999.000 -9999.000 -9999.000 -9999.000 -9999.000
-9999.000 -9999.000 -9999.000 -9999.000 -9999.000 -9999.000 -9999.000 -9999.000 -9999.000 -9999.000 -9999.000 -9999.000 -9999.000 -9999.000 -9999.000 0.7741597 0.7748557 0.7750841 0.7751037 0.7748712 0.7745725 0.7742655 0.7739515 0.7736677 0.7734056 0.7731572 0.7729198 0.7726260 0.7720337 0.7711190 0.7711190 -9999.000 -9999.000 -9999.000 -9999.000 -9999.000 -9999.000 -9999.000 -9999.000 -9999.000 -9999.000 -9999.000 -9999.000 -9999.000 -9999.000 -9999.000 -9999.000 -9999.000 -9999.000 -9999.000 -9999.000 -9999.000 -9999.000 -9999.000 -9999.000 -9999.000 -9999.000 -9999.000 -9999.000
-9999.000 -9999.000 -9999.000 -9999.000 -9999.000 -9999.000 -9999.000 -9999.000 -9999.000 -9999.000 -9999.000 -9999.000 -9999.000 -9999.000 -9999.000 0.7760887 0.7768009 0.7770220 0.7770336 0.7767844 0.7764735 0.7761580 0.7758342 0.7755438 0.7752737 0.7750148 0.7747646 0.7744449 0.7737781 0.7724971 0.7724971 -9999.000 -9999.000 -9999.000 -9999.000 -9999.000 -9999.000 -9999.000 -9999.000 -9999.000 -9999.000 -9999.000 -9999.000 -9999.000 -9999.000 -9999.000 -9999.000 -9999.000 -9999.000 -9999.000 -9999.000 -9999.000 -9999.000 -9999.000 -9999.000 -9999.000 -9999.000 -9999.000 -9999.000
-9999.000 -9999.000 -9999.000 -9999.000 -9999.000 -9999.000 -9999.000 -9999.000 -9999.000 -9999.000 -9999.000 -9999.000 -9999.000 -9999.000 -9999.000 0.7777133 0.7785090 0.7788107 0.7789468 0.7787424 0.7784241 0.7780980 0.7777583 0.7774542 0.7771677 0.7768896 0.7766183 0.7762619 0.7754985 0.7737026 0.7737026 -9999.000 -9999.000 -9999.000 -9999.000 -9999.000 -9999.000 -9999.000 -9999.000 -9999.000 -9999.000 -9999.000 -9999.000 -9999.000 -9999.000 -9999.000 -9999.000 -9999.000 -9999.000 -9999.000 -9999.000 -9999.000 -9999.000 -9999.000 -9999.000 -9999.000 -9999.000 -9999.000 -9999.000
-9999.000 -9999.000 -9999.000 -9999.000 -9999.000 -9999.000 -9999.000 -9999.000 -9999.000 -9999.000 -9999.000 -9999.000 -9999.000 -9999.000 -9999.000 0.7657424 0.7752306 0.7804315 0.7838264 0.7843838 0.7834663 0.7825412 0.7816397 0.7808504 0.7801560 0.7795405 0.7789921 0.7783781 0.7772649 0.7739715 0.7739715 -9999.000 -9999.000 -9999.000 -9999.000 -9999.000 -9999.000 -9999.000 -9999.000 -9999.000 -9999.000 -9999.000 -9999.000 -9999.000 -9999.000 -9999.000 -9999.000 -9999.000 -9999.000 -9999.000 -9999.000 -9999.000 -9999.000 -9999.000 -9999.000 -9999.000 -9999.000 -9999.000 -9999.000
0.8717330 0.8717330 0.8643915 0.8576564 0.8489454 0.8489454 0.8453420 0.8398758 0.8398758 0.8354933 0.8354933 0.8318569 0.8302453 0.8287406 0.8272183 0.8272183 0.7844774 0.7829612 0.7815344 0.7803538 0.7816937 0.7835823 0.7857789 0.7887096 0.7917999 0.7946640 0.7970968 0.7977254 0.7923277 0.7642804 0.7642804 0.5456482 0.5054213 0.4794568 0.4705863 0.4705863 0.4557482 0.4557482 0.4534308 0.4534308 0.4617516 0.5053083 0.5053083 0.5883977 0.5883977 0.6830331 0.6830331 0.6830331 0.6889148 0.6889148 0.6799917 0.6799917 0.6652556 0.6652556 0.6491925 0.6491925 0.6339612 0.6339612 0.6339612
0.8686499 0.8686499 0.8623711 0.8555821 0.8480442 0.8480442 0.8442580 0.8387237 0.8387237 0.8343531 0.8343531 0.8307336 0.8291295 0.8276328 0.8261201 0.8261201 0.7893484 0.7826155 0.7770279 0.7721108 0.7687281 0.7663091 0.7647719 0.7643485 0.7649063 0.7662764 0.7683343 0.7704763 0.7709174 0.7630231 0.7630231 0.6162044 0.5585783 0.4997851 0.4826890 0.4826890 0.4613897 0.4613897 0.4584014 0.4584014 0.4663609 0.5054212 0.5054212 0.5745839 0.5745839 0.6753757 0.6753757 0.6753757 0.6870483 0.6870483 0.6798100 0.6798100 0.6656383 0.6656383 0.6498291 0.6498291 0.6347082 0.6347082 0.6347082
0.8672019 0.8672019 0.8617303 0.8550831 0.8482752 0.8482752 0.8443483 0.8386918 0.8386918 0.8343053 0.8343053 0.8306817 0.8290754 0.8275755 0.8260473 0.8260473 0.7931557 0.7822028 0.7726634 0.7642196 0.7573526 0.7518861 0.7476956 0.7448559 0.7433053 0.7429250 0.7436119 0.7449601 0.7456558 0.7408102 0.7408102 0.6503206 0.5913122 0.5186443 0.4960732 0.4960732 0.4706485 0.4706485 0.4718184 0.4718184 0.4828286 0.5215469 0.5215469 0.5753812 0.5753812 0.6639895 0.6639895 0.6639895 0.6813400 0.6813400 0.6774112 0.6774112 0.6646345 0.6646345 0.6493854 0.6493854 0.6345521 0.6345521 0.6345521
0.8663014 0.8663014 0.8611701 0.8548700 0.8485442 0.8485442 0.8444943 0.8386986 0.8386986 0.8342986 0.8342986 0.8306789 0.8290736 0.8275741 0.8260213 0.8260213 0.7958104 0.7814090 0.7681599 0.7562442 0.7460727 0.7376845 0.7310051 0.7260208 0.7226526 0.7207659 0.7202227 0.7207046 0.7212469 0.7183166 0.7183166 0.6621549 0.6107855 0.5363064 0.5117600 0.5117600 0.4878259 0.4878259 0.4977314 0.4977314 0.5121898 0.5468350 0.5468350 0.5818869 0.5818869 0.6487376 0.6487376 0.6487376 0.6700589 0.6700589 0.6709933 0.6709933 0.6611131 0.6611131 0.6473718 0.6473718 0.6334445 0.6334445 0.6334445
0.8659500 0.8659500 0.8610097 0.8548692 0.8488194 0.8488194 0.8446487 0.8387078 0.8387078 0.8342921 0.8342921 0.8306774 0.8290739 0.8275751 0.8259836 0.8259836 0.7968763 0.7795620 0.7629535 0.7477384 0.7343948 0.7231066 0.7138878 0.7067173 0.7015161 0.6981462 0.6964410 0.6961134 0.6964262 0.6948463 0.6948463 0.6600726 0.6188712 0.5507777 0.5286992 0.5286992 0.5155404 0.5155404 0.5369740 0.5369740 0.5520271 0.5753544 0.5753544 0.5907503 0.5907503 0.6327541 0.6327541 0.6327541 0.6546575 0.6546575 0.6606154 0.6606154 0.6549083 0.6549083 0.6437719 0.6437719 0.6315177 0.6315177 0.6315177
0.8664824 0.8664824 0.8596881 0.8549505 0.8490484 0.8490484 0.8447787 0.8387157 0.8387157 0.8342861 0.8342861 0.8306753 0.8290730 0.8275751 0.8259264 0.8259264 0.7960461 0.7760788 0.7564346 0.7381771 0.7218811 0.7078255 0.6961032 0.6867212 0.6796218 0.6746842 0.6717435 0.6705412 0.6705046 0.6698378 0.6698378 0.6488073 0.6179594 0.5630948 0.5491960 0.5491960 0.5568205 0.5568205 0.5854030 0.5854030 0.5954685 0.6017303 0.6017303 0.6000025 0.6000025 0.6189638 0.6189638 0.6189638 0.6377169 0.6377169 0.6471964 0.6471964 0.6460993 0.6460993 0.6384975 0.6384975 0.6287374 0.6287374 0.6287374
0.8665981 0.8665981 0.8590454 0.8550106 0.8491933 0.8491933 0.8448647 0.8387241 0.8387241 0.8342845 0.8342845 0.8306748 0.8290721 0.8275740 0.8258433 0.8258433 0.7930316 0.7704148 0.7479627 0.7269379 0.7079729 0.6913902 0.6773280 0.6658230 0.6568425 0.6502946 0.6460361 0.6438475 0.6432926 0.6431503 0.6431503 0.6311826 0.6103575 0.5775261 0.5793622 0.5793622 0.6115566 0.6115566 0.6339218 0.6339218 0.6344388 0.6233525 0.6233525 0.6089324 0.6089324 0.6089101 0.6089101 0.6089101 0.6216787 0.6216787 0.6321674 0.6321674 0.6350955 0.6350955 0.6315470 0.6315470 0.6250393 0.6250393 0.6250393
0.8666358 0.8666358 0.8588342 0.8550296 0.8492413 0.8492413 0.8448935 0.8387262 0.8387262 0.8342832 0.8342832 0.8306744 0.8290719 0.8275738 0.8257295 0.8257295 0.7874628 0.7619922 0.7368534 0.7133229 0.6920122 0.6732275 0.6571082 0.6436971 0.6329768 0.6248794 0.6192927 0.6160432 0.6148225 0.6149272 0.6149272 0.6093162 0.5989688 0.6024801 0.6268092 0.6268092 0.6718489 0.6718489 0.6738221 0.6738221 0.6644251 0.6402496 0.6402496 0.6174104 0.6174104 0.6027609 0.6027609 0.6027609 0.6081681 0.6081681 0.6170876 0.6170876 0.6226426 0.6226426 0.6231135 0.6231135 0.6204207 0.6204207 0.6204207
0.8665985 0.8665985 0.8590465 0.8550112 0.8491940 0.8491940 0.8448654 0.8387241 0.8387241 0.8342840 0.8342840 0.8306744 0.8290718 0.8275737 0.8255728 0.8255728 0.7787722 0.7500830 0.7222948 0.6965089 0.6732144 0.6526315 0.6348467 0.6198748 0.6076898 0.5982345 0.5914231 0.5871298 0.5851879 0.5855441 0.5855441 0.5855901 0.5891084 0.6486817 0.6926255 0.6926255 0.7240450 0.7240450 0.7019311 0.7019311 0.6857097 0.6536177 0.6536177 0.6254212 0.6254212 0.5998700 0.5998700 0.5998700 0.5978653 0.5978653 0.6032940 0.6032940 0.6097399 0.6097399 0.6136441 0.6136441 0.6150185 0.6150185 0.6150185
0.8664833 0.8664833 0.8596907 0.8549513 0.8490499 0.8490499 0.8447801 0.8387159 0.8387159 0.8342853 0.8342853 0.8306745 0.8290719 0.8275743 0.8253589 0.8253589 0.7660705 0.7336931 0.7032608 0.6754971 0.6506441 0.6287551 0.6098058 0.5937425 0.5805024 0.5700192 0.5622199 0.5570261 0.5544934 0.5558773 0.5558773 0.5644805 0.5920314 0.7190359 0.7629959 0.7629959 0.7590210 0.7590210 0.7205145 0.7205145 0.7008390 0.6644985 0.6644985 0.6328139 0.6328139 0.5992817 0.5992817 0.5992817 0.5906882 0.5906882 0.5916706 0.5916706 0.5974378 0.5974378 0.6038155 0.6038155 0.6091385 0.6091385 0.6091385
0.8659509 0.8659509 0.8610140 0.8548698 0.8488213 0.8488213 0.8446505 0.8387082 0.8387082 0.8342911 0.8342911 0.8306763 0.8290727 0.8275743 0.8250628 0.8250628 0.7478948 0.7113413 0.6783419 0.6489915 0.6231340 0.6005621 0.5810810 0.5645288 0.5507795 0.5397373 0.5313275 0.5255314 0.5229630 0.5286443 0.5286443 0.5571455 0.6266927 0.7963421 0.8153423 0.8153423 0.7785217 0.7785217 0.7330832 0.7330832 0.7119936 0.6733849 0.6733849 0.6393294 0.6393294 0.6000693 0.6000693 0.6000693 0.5861219 0.5861219 0.5826045 0.5826045 0.5866370 0.5866370 0.5944463 0.5944463 0.6032604 0.6032604 0.6032604
