simulation_files/asc/Depth____465.0.asc
NCOLS       216
NROWS       273
XLLCENTER        494.688995
YLLCENTER        787.867981
CELLSIZE           0.500
NODATA_VALUE     -9999.0
[rows 162 to 188 of 273, columns 118 to 176 of 216]
2.059585 2.734216 2.931605 2.968919 2.980526 2.990407 2.768978 2.197723 1.617697 0.6417541 0.1801140 0.1037697 0.1360562 0.1729082 0.1561202 0.1470802 0.1756560 0.1927903 0.2171471 0.2285008 0.2209694 0.1700388 0.1278364 0.1329435 0.1619870 0.1684624 0.1319758 0.9316823E-01 -9999.000 -9999.000 -9999.000 -9999.000 -9999.000 -9999.000 -9999.000 -9999.000 -9999.000 -9999.000 -9999.000 -9999.000 -9999.000 -9999.000 -9999.000 -9999.000 -9999.000 -9999.000 -9999.000 -9999.000 -9999.000 -9999.000 -9999.000 -9999.000 -9999.000 -9999.000 -9999.000 -9999.000 -9999.000 -9999.000 -9999.000
1.721607 2.642679 2.926032 2.958808 2.959481 2.551308 1.833565 1.176204 -9999.000 0.1888218 0.1717191 0.1460134 0.1500960 0.1366013 0.1556173 0.1690044 0.1768344 0.1804343 0.2173419 0.2476147 0.2377406 0.1702524 0.1348317 0.1422406 0.1829418 0.1977777 0.1733596 0.1269153 0.6825121E-01 -9999.000 -9999.000 -9999.000 -9999.000 -9999.000 -9999.000 -9999.000 -9999.000 -9999.000 -9999.000 -9999.000 -9999.000 -9999.000 -9999.000 -9999.000 -9999.000 -9999.000 -9999.000 -9999.000 -9999.000 -9999.000 -9999.000 -9999.000 -9999.000 -9999.000 -9999.000 -9999.000 -9999.000 -9999.000 -9999.000
1.162181 2.217256 2.806996 2.947604 2.520695 1.564112 0.5205044 0.2388940 0.1651433 0.1263412 0.1462958 0.1293285 0.1195477 0.1056081 0.1351799 0.1598895 0.1601171 0.1668376 0.1944320 0.2268674 0.2113160 0.1478182 0.1242545 0.1441092 0.1914058 0.1997458 0.1615159 0.1243906 0.6507835E-01 -9999.000 -9999.000 -9999.000 -9999.000 -9999.000 -9999.000 -9999.000 -9999.000 -9999.000 -9999.000 -9999.000 -9999.000 -9999.000 -9999.000 -9999.000 -9999.000 -9999.000 -9999.000 -9999.000 -9999.000 -9999.000 -9999.000 -9999.000 -9999.000 -9999.000 -9999.000 -9999.000 -9999.000 -9999.000 -9999.000
0.2277582 1.362876 2.365144 2.466751 1.529676 0.5082658 0.1405198 0.1596406 0.1321303 0.1026950 0.9003297E-01 0.8930034E-01 0.1017347 0.9605378E-01 0.1259115 0.1558016 0.1705270 0.1930250 0.2197410 0.2356430 0.1731025 0.1293804 0.1186905 0.1377527 0.1833547 0.1837569 0.1555971 0.1156491 0.7314312E-01 0.3339001E-01 -9999.000 -9999.000 -9999.000 -9999.000 -9999.000 -9999.000 -9999.000 -9999.000 -9999.000 -9999.000 -9999.000 -9999.000 -9999.000 -9999.000 -9999.000 -9999.000 -9999.000 -9999.000 -9999.000 -9999.000 -9999.000 -9999.000 -9999.000 -9999.000 -9999.000 -9999.000 -9999.000 -9999.000 -9999.000
-9999.000 0.6766141 1.290070 1.197179 0.4874312 0.1510012 0.1864168 0.1677135 0.1559149 0.1257503 0.8648628E-01 0.8155240E-01 0.9036199E-01 0.8254352E-01 0.1323447 0.1916183 0.2280388 0.2554374 0.2777129 0.2228827 0.1399865 0.1495631 0.1477550 0.1602521 0.1867394 0.1858708 0.1623325 0.1397619 0.1101565 0.6183477E-01 -9999.000 -9999.000 0.1836429E-01 -9999.000 -9999.000 -9999.000 -9999.000 -9999.000 -9999.000 -9999.000 -9999.000 -9999.000 -9999.000 -9999.000 -9999.000 -9999.000 -9999.000 -9999.000 -9999.000 -9999.000 -9999.000 -9999.000 -9999.000 -9999.000 -9999.000 -9999.000 -9999.000 -9999.000 -9999.000
-9999.000 -9999.000 -9999.000 0.2430110 0.1729106 0.2253088 0.1969509 0.1889736 0.1936084 0.1658202 0.1377910 0.1224605 0.1066521 0.9706694E-01 0.1573960 0.2415229 0.2589614 0.2658616 0.2552746 0.1684120 0.1048390 0.1582296 0.1705261 0.1875714 0.1928238 0.1482643 0.1378700 0.1425130 0.1362117 0.9142058E-01 -9999.000 -9999.000 -9999.000 -9999.000 -9999.000 -9999.000 -9999.000 -9999.000 -9999.000 -9999.000 -9999.000 -9999.000 -9999.000 -9999.000 -9999.000 -9999.000 -9999.000 -9999.000 -9999.000 -9999.000 -9999.000 -9999.000 -9999.000 -9999.000 -9999.000 -9999.000 -9999.000 -9999.000 -9999.000
-9999.000 -9999.000 -9999.000 0.1211966 0.2263682 0.2271675 0.2258372 0.2334101 0.2372561 0.2188310 0.2025224 0.1858501 0.1547280 0.1281449 0.1574106 0.2040830 0.2184963 0.2118242 0.1748907 0.1544394 0.1163541 0.1506715 0.1756933 0.1959688 0.1870186 0.1266246 0.1119046 0.1404104 0.1526899 0.1291727 0.7202726E-01 0.3822604E-01 0.3310966E-01 0.2738235E-01 -9999.000 -9999.000 -9999.000 -9999.000 -9999.000 -9999.000 -9999.000 -9999.000 -9999.000 -9999.000 -9999.000 -9999.000 -9999.000 -9999.000 -9999.000 -9999.000 -9999.000 -9999.000 -9999.000 -9999.000 -9999.000 -9999.000 -9999.000 -9999.000 -9999.000
-9999.000 -9999.000 -9999.000 0.1183864 0.1455436 0.1817938 0.2347068 0.2618688 0.2415476 0.2168179 0.2115381 0.2121583 0.1765554 0.1300317 0.1171707 0.1035520 0.1423612 0.1321912 0.1560550 0.1958499 0.1582011 0.1825173 0.2164047 0.2476247 0.2390416 0.1699047 0.1327254 0.1429390 0.1578403 0.1508639 0.9954304E-01 0.6100122E-01 0.5113885E-01 0.3445911E-01 -9999.000 -9999.000 -9999.000 -9999.000 -9999.000 -9999.000 -9999.000 -9999.000 -9999.000 -9999.000 -9999.000 -9999.000 -9999.000 -9999.000 -9999.000 -9999.000 -9999.000 -9999.000 -9999.000 -9999.000 -9999.000 -9999.000 -9999.000 -9999.000 -9999.000
-9999.000 -9999.000 -9999.000 0.6411751E-01 0.9449626E-01 0.1608907 0.2306843 0.2472479 0.2375304 0.2250334 0.2023443 0.1655460 0.1126654 0.9611380E-01 0.1067219 0.1307577 0.1508946 0.1410065 0.1643882 0.1797755 0.1556050 0.1974796 0.2693582 0.3142945 0.2939190 0.2053310 0.1481232 0.1528204 0.1655631 0.1770650 0.1313853 0.9471339E-01 0.8442861E-01 0.6478825E-01 0.3845998E-01 -9999.000 -9999.000 -9999.000 -9999.000 -9999.000 -9999.000 -9999.000 -9999.000 -9999.000 -9999.000 -9999.000 -9999.000 -9999.000 -9999.000 -9999.000 -9999.000 -9999.000 -9999.000 -9999.000 -9999.000 -9999.000 -9999.000 -9999.000 -9999.000
-9999.000 -9999.000 -9999.000 -9999.000 -9999.000 0.1038381 0.1661828 0.2094678 0.2347885 0.2534893 0.1936532 0.1079215 0.6748650E-01 0.5984759E-01 0.1043556 0.1755759 0.2122197 0.2303777 0.1844525 0.1145933 0.9427791E-01 0.1738490 0.2885491 0.3294653 0.2746426 0.1946166 0.1628297 0.1831582 0.2059089 0.2089468 0.1641305 0.1355139 0.1400695 0.1224059 0.9133044E-01 0.7045862E-01 0.6382403E-01 0.5290049E-01 -9999.000 -9999.000 -9999.000 -9999.000 -9999.000 -9999.000 -9999.000 -9999.000 -9999.000 -9999.000 -9999.000 -9999.000 -9999.000 -9999.000 -9999.000 -9999.000 -9999.000 -9999.000 -9999.000 -9999.000 -9999.000
-9999.000 -9999.000 -9999.000 -9999.000 -9999.000 0.6459535E-01 0.1047001 0.1552393 0.2130049 0.2391546 0.2046933 0.1430449 0.1055309 0.9734738E-01 0.1313128 0.1940140 0.2275350 0.2592391 0.2254301 0.1436204 0.1199054 0.1870710 0.2761841 0.2870221 0.2434799 0.1813283 0.1640744 0.1700967 0.2007487 0.2334246 0.2006441 0.1881415 0.1953815 0.1901109 0.1410691 0.1237740 0.1202963 0.9098560E-01 -9999.000 -9999.000 -9999.000 -9999.000 -9999.000 -9999.000 -9999.000 -9999.000 -9999.000 -9999.000 -9999.000 -9999.000 -9999.000 -9999.000 -9999.000 -9999.000 -9999.000 -9999.000 -9999.000 -9999.000 -9999.000
-9999.000 -9999.000 -9999.000 -9999.000 -9999.000 0.6799760E-01 0.1082151 0.1457336 0.1932019 0.2170186 0.2232729 0.2007986 0.1596339 0.1458274 0.1671957 0.1973062 0.2215303 0.2706511 0.2777803 0.2404925 0.2267947 0.2285021 0.2366811 0.2402465 0.1801659 0.1533210 0.1409925 0.1327481 0.1601599 0.2061915 0.1920057 0.1902595 0.2062727 0.2022602 0.1793506 0.1556182 0.1504256 0.1372488 0.7301998E-01 0.2711371E-01 -9999.000 -9999.000 -9999.000 -9999.000 -9999.000 -9999.000 -9999.000 -9999.000 -9999.000 -9999.000 -9999.000 -9999.000 -9999.000 -9999.000 -9999.000 -9999.000 -9999.000 -9999.000 -9999.000
-9999.000 -9999.000 -9999.000 -9999.000 -9999.000 -9999.000 0.1334992 0.1321298 0.1730148 0.2151933 0.2459462 0.2289102 0.1850731 0.1509435 0.1522453 0.1654866 0.2011355 0.2670388 0.2900950 0.2892637 0.3027470 0.2333941 0.1920455 0.1712823 0.1564910 0.1369862 0.1262943 0.1313889 0.1542231 0.1845284 0.1638923 0.1543520 0.1704056 0.1866920 0.1754998 0.1495131 0.1569336 0.1574941 0.1052496 0.5515787E-01 -9999.000 -9999.000 -9999.000 -9999.000 -9999.000 -9999.000 -9999.000 -9999.000 -9999.000 -9999.000 -9999.000 -9999.000 -9999.000 -9999.000 -9999.000 -9999.000 -9999.000 -9999.000 -9999.000
-9999.000 -9999.000 -9999.000 -9999.000 -9999.000 -9999.000 -9999.000 0.7208665E-01 0.1298193 0.2112027 0.2607554 0.2381615 0.1826887 0.1258885 0.1028344 0.9724962E-01 0.1519874 0.2525731 0.2568928 0.2323860 0.1924902 0.1580232 0.1541587 0.1937214 0.2248593 0.1642672 0.1428310 0.1596748 0.1766510 0.1958867 0.1902786 0.1698453 0.1659198 0.1828310 0.1559304 0.1021256 0.1012771 0.1312340 0.1209741 0.9349609E-01 -9999.000 -9999.000 -9999.000 -9999.000 -9999.000 -9999.000 -9999.000 -9999.000 -9999.000 -9999.000 -9999.000 -9999.000 -9999.000 -9999.000 -9999.000 -9999.000 -9999.000 -9999.000 -9999.000
-9999.000 -9999.000 -9999.000 -9999.000 -9999.000 -9999.000 -9999.000 0.2541063E-01 0.7225468E-01 0.1654938 0.2191342 0.2153095 0.1551267 0.8936101E-01 0.6008010E-01 0.4621214E-01 0.8520806E-01 0.1728692 0.1682513 0.1381477 0.1136236 0.1186443 0.1541027 0.2353875 0.2714506 0.2194005 0.2089802 0.2239196 0.2271284 0.2351808 0.2545402 0.2594215 0.2160424 0.1715088 0.1071779 0.5407976E-01 0.9334974E-01 0.1435594 0.1525637 0.1099604 -9999.000 -9999.000 -9999.000 -9999.000 -9999.000 -9999.000 -9999.000 -9999.000 -9999.000 -9999.000 -9999.000 -9999.000 -9999.000 -9999.000 -9999.000 -9999.000 -9999.000 -9999.000 -9999.000
-9999.000 -9999.000 -9999.000 -9999.000 -9999.000 -9999.000 -9999.000 -9999.000 0.4163886E-01 0.1041199 0.1718450 0.1902703 0.1571061 0.8552476E-01 0.4864538E-01 -9999.000 0.3968408E-01 0.8490906E-01 0.1049890 0.1128854 0.1399326 0.1439615 0.1524765 0.2293573 0.2751856 0.2594576 0.2549591 0.2526120 0.2245376 0.2209744 0.2817659 0.2907992 0.2519059 0.1682308 0.8353032E-01 0.9163878E-01 0.1349362 0.1503782 0.1341133 0.1079101 0.6819771E-01 -9999.000 -9999.000 -9999.000 -9999.000 -9999.000 -9999.000 -9999.000 -9999.000 -9999.000 -9999.000 -9999.000 -9999.000 -9999.000 -9999.000 -9999.000 -9999.000 -9999.000 -9999.000
-9999.000 -9999.000 -9999.000 -9999.000 -9999.000 -9999.000 -9999.000 -9999.000 -9999.000 0.7338619E-01 0.1664291 0.1915690 0.1765391 0.1260832 0.8090033E-01 0.4843367E-01 0.3082530E-01 0.4882159E-01 0.7192019E-01 0.9802211E-01 0.1386918 0.1766850 0.1790199 0.2227307 0.2766688 0.2670206 0.2380597 0.1943560 0.1216432 0.1407220 0.2218290 0.2364840 0.2304855 0.1770337 0.1425090 0.1606852 0.1712499 0.1546885 0.1363415 0.1491101 0.1164477 0.5424678E-01 -9999.000 -9999.000 -9999.000 -9999.000 -9999.000 -9999.000 -9999.000 -9999.000 -9999.000 -9999.000 -9999.000 -9999.000 -9999.000 -9999.000 -9999.000 -9999.000 -9999.000
-9999.000 -9999.000 -9999.000 -9999.000 -9999.000 -9999.000 -9999.000 -9999.000 -9999.000 0.5032945E-01 0.1191966 0.1570425 0.1744638 0.1530840 0.1129711 0.5856651E-01 0.2820359E-01 0.3018084E-01 0.5044213E-01 0.7982236E-01 0.1325175 0.1961308 0.2042970 0.2212104 0.2685720 0.2343817 0.1758411 0.1136960 0.1239378 0.1500207 0.1681735 0.1714967 0.1819475 0.1655745 0.1672990 0.2032350 0.1971165 0.1692635 0.1800850 0.2003416 0.1558905 -9999.000 -9999.000 -9999.000 -9999.000 -9999.000 -9999.000 -9999.000 -9999.000 -9999.000 -9999.000 -9999.000 -9999.000 -9999.000 -9999.000 -9999.000 -9999.000 -9999.000 -9999.000
-9999.000 -9999.000 -9999.000 -9999.000 -9999.000 -9999.000 -9999.000 -9999.000 -9999.000 0.3934260E-01 0.7638279E-01 0.1285405 0.1721423 0.1886418 0.1460452 0.7908765E-01 0.3057948E-01 0.2419907E-01 0.4061929E-01 0.6965569E-01 0.1144314 0.1659836 0.1712762 0.2006409 0.2240599 0.1780287 0.1113061 0.9858245E-01 0.1592971 0.2043959 0.1900907 0.1620911 0.1638203 0.1503382 0.1626119 0.2121501 0.2009239 0.1713867 0.1947206 0.2288257 0.1883517 0.1007160 -9999.000 -9999.000 -9999.000 -9999.000 -9999.000 -9999.000 -9999.000 -9999.000 -9999.000 -9999.000 -9999.000 -9999.000 -9999.000 -9999.000 -9999.000 -9999.000 -9999.000
-9999.000 -9999.000 -9999.000 -9999.000 -9999.000 -9999.000 -9999.000 -9999.000 -9999.000 -9999.000 -9999.000 0.8110160E-01 0.1560552 0.2019991 0.1840747 0.1218917 0.4271929E-01 -9999.000 -9999.000 0.3908551E-01 0.7827265E-01 0.1144000 0.1137401 0.1504768 0.1921489 0.1694437 0.1598632 0.1645476 0.2106717 0.2387166 0.2413952 0.2073295 0.2166407 0.2171577 0.2235143 0.2469952 0.2210660 0.2081365 0.2201706 0.2416690 0.2187089 0.1424674 0.8254069E-01 -9999.000 -9999.000 -9999.000 -9999.000 -9999.000 -9999.000 -9999.000 -9999.000 -9999.000 -9999.000 -9999.000 -9999.000 -9999.000 -9999.000 -9999.000 -9999.000
-9999.000 -9999.000 -9999.000 -9999.000 -9999.000 -9999.000 -9999.000 -9999.000 -9999.000 -9999.000 -9999.000 0.4252983E-01 0.1089371 0.1772437 0.1890706 0.1465971 0.6525255E-01 0.2968606E-01 -9999.000 0.2384117E-01 0.5252419E-01 0.6674691E-01 0.5299933E-01 0.1008564 0.2003545 0.2107797 0.2114221 0.2496954 0.2535634 0.2302616 0.2509741 0.2886178 0.3151726 0.3392811 0.3154592 0.2765658 0.2550393 0.2618664 0.2650174 0.2708790 0.2428735 0.1884249 0.1213113 0.4723448E-01 -9999.000 -9999.000 -9999.000 -9999.000 -9999.000 -9999.000 -9999.000 -9999.000 -9999.000 -9999.000 -9999.000 -9999.000 -9999.000 -9999.000 -9999.000
-9999.000 -9999.000 -9999.000 -9999.000 -9999.000 -9999.000 -9999.000 -9999.000 -9999.000 -9999.000 -9999.000 -9999.000 0.9452362E-01 0.1671404 0.1943336 0.1662395 0.1158570 0.5850839E-01 0.2441475E-01 0.2845477E-01 0.5324001E-01 0.4966512E-01 0.3895860E-01 0.8769780E-01 0.1653128 0.1848533 0.2068174 0.2704993 0.2895620 0.2440605 0.2551889 0.3226417 0.3471132 0.3566443 0.3453273 0.2980410 0.2800192 0.2759722 0.2830109 0.2868372 0.2711639 0.2486560 0.1698708 0.8183130E-01 -9999.000 -9999.000 -9999.000 -9999.000 -9999.000 -9999.000 -9999.000 -9999.000 -9999.000 -9999.000 -9999.000 -9999.000 -9999.000 -9999.000 -9999.000
-9999.000 -9999.000 -9999.000 -9999.000 -9999.000 -9999.000 -9999.000 -9999.000 -9999.000 -9999.000 -9999.000 -9999.000 0.9603526E-01 0.1728578 0.2020277 0.1956843 0.1595553 0.1020851 0.5067100E-01 0.3877457E-01 0.4575342E-01 0.3856930E-01 0.4195140E-01 0.7478930E-01 0.1030121 0.1123298 0.1514359 0.2285490 0.2776007 0.2656247 0.2858757 0.3321465 0.3154283 0.3022517 0.3065332 0.2966244 0.2557308 0.2561432 0.2582128 0.2726483 0.2786761 0.2638485 0.2126876 0.1178931 0.5455087E-01 -9999.000 -9999.000 -9999.000 -9999.000 -9999.000 -9999.000 -9999.000 -9999.000 -9999.000 -9999.000 -9999.000 -9999.000 -9999.000 -9999.000
-9999.000 -9999.000 -9999.000 -9999.000 -9999.000 -9999.000 -9999.000 -9999.000 -9999.000 -9999.000 -9999.000 -9999.000 0.9250868E-01 0.1648557 0.2102801 0.2128542 0.1924111 0.1434066 0.7285030E-01 0.4598731E-01 0.4343131E-01 0.5228272E-01 0.6732548E-01 0.7573715E-01 0.6704091E-01 0.7184970E-01 0.1072078 0.1651915 0.2180304 0.2423747 0.3096552 0.2960098 0.2308715 0.2355674 0.2549174 0.1964183 0.1590502 0.1407039 0.1679705 0.1965681 0.2237444 0.2327001 0.2058551 0.1396179 0.1012158 -9999.000 -9999.000 -9999.000 -9999.000 -9999.000 -9999.000 -9999.000 -9999.000 -9999.000 -9999.000 -9999.000 -9999.000 -9999.000 -9999.000
-9999.000 -9999.000 -9999.000 -9999.000 -9999.000 -9999.000 -9999.000 -9999.000 -9999.000 -9999.000 -9999.000 -9999.000 -9999.000 0.1372314 0.1998790 0.2113645 0.2023081 0.1600194 0.1035177 0.5050771E-01 0.3278090E-01 0.4298440E-01 0.6437331E-01 0.6614224E-01 0.5649495E-01 0.8068224E-01 0.1297594 0.1720826 0.2060057 0.2346244 0.2504002 0.2042346 0.1737377 0.2622601 0.2887436 0.2341046 0.1592690 0.1408082 0.1577621 0.1681395 0.1862197 0.2047319 0.1990181 0.1674686 0.1298644 0.8205805E-01 -9999.000 -9999.000 -9999.000 -9999.000 -9999.000 -9999.000 -9999.000 -9999.000 -9999.000 -9999.000 -9999.000 -9999.000 -9999.000
-9999.000 -9999.000 -9999.000 -9999.000 -9999.000 -9999.000 -9999.000 -9999.000 -9999.000 -9999.000 -9999.000 -9999.000 -9999.000 0.1206581 0.1723670 0.1826042 0.1961901 0.1656478 0.9254332E-01 0.4837771E-01 0.2707016E-01 0.2210557E-01 0.3261044E-01 0.4772749E-01 0.6221196E-01 0.9963927E-01 0.1723935 0.1986935 0.1969733 0.1804355 0.1817028 0.1690172 0.1776217 0.2675375 0.3327293 0.3153817 0.2562623 0.1867708 0.1880976 0.2116905 0.2190027 0.2090517 0.2015027 0.1692224 0.1207455 0.7189485E-01 -9999.000 -9999.000 -9999.000 -9999.000 -9999.000 -9999.000 -9999.000 -9999.000 -9999.000 -9999.000 -9999.000 -9999.000 -9999.000
-9999.000 -9999.000 -9999.000 -9999.000 -9999.000 -9999.000 -9999.000 -9999.000 -9999.000 -9999.000 -9999.000 -9999.000 -9999.000 0.1221178 0.1538259 0.1565566 0.1793135 0.1616568 0.1080500 0.7596373E-01 0.4734079E-01 0.2778287E-01 0.1983502E-01 0.2717273E-01 0.4287422E-01 0.7960881E-01 0.1251030 0.1377903 0.1603969 0.1577939 0.1899566 0.2204332 0.2048071 0.2405138 0.2896668 0.2894187 0.2584704 0.2211221 0.2120268 0.2199333 0.1969662 0.1849858 0.1920336 0.1799576 0.1575608 0.1204216 0.8312390E-01 0.4998521E-01 -9999.000 -9999.000 -9999.000 -9999.000 -9999.000 -9999.000 -9999.000 -9999.000 -9999.000 -9999.000 -9999.000
