simulation_files/asc/Depth____445.0.asc
NCOLS       216
NROWS       273
XLLCENTER        494.688995
YLLCENTER        787.867981
CELLSIZE           0.500
NODATA_VALUE     -9999.0
[rows 189 to 215 of 273, columns 118 to 176 of 216]
-9999.000 -9999.000 -9999.000 -9999.000 -9999.000 -9999.000 -9999.000 -9999.000 -9999.000 -9999.000 -9999.000 -9999.000 -9999.000 0.7856251E-01 0.1265401 0.1612848 0.1876578 0.1880856 0.1649910 0.1370651 0.8771126E-01 0.5595538E-01 -9999.000 0.1507774E-01 0.2332821E-01 0.5158376E-01 0.7245820E-01 0.8562146E-01 0.1617434 0.1980573 0.2384987 0.2650441 0.2571072 0.2447711 0.2367553 0.2210799 0.2358164 0.2410772 0.2382101 0.1849879 0.1633172 0.1953401 0.2103657 0.2030930 0.2173137 0.2025403 0.1665183 0.1043120 -9999.000 -9999.000 -9999.000 -9999.000 -9999.000 -9999.000 -9999.000 -9999.000 -9999.000 -9999.000 -9999.000
-9999.000 -9999.000 -9999.000 -9999.000 -9999.000 -9999.000 -9999.000 -9999.000 -9999.000 -9999.000 -9999.000 -9999.000 -9999.000 -9999.000 0.7293896E-01 0.1292325 0.1697132 0.1881734 0.1911024 0.1791108 0.1233224 0.8005148E-01 0.4290028E-01 0.1149670E-01 -9999.000 0.2522697E-01 0.3945815E-01 0.7738559E-01 0.1498315 0.2013158 0.2397514 0.2667063 0.2556806 0.2535482 0.2686095 0.2550912 0.2497557 0.2797310 0.2416936 0.2025619 0.2284628 0.2537135 0.2505351 0.2412644 0.2598910 0.2452974 0.2120627 0.1347714 0.3656969E-01 -9999.000 -9999.000 -9999.000 -9999.000 -9999.000 -9999.000 -9999.000 -9999.000 -9999.000 -9999.000
-9999.000 -9999.000 -9999.000 -9999.000 -9999.000 -9999.000 -9999.000 -9999.000 -9999.000 -9999.000 -9999.000 -9999.000 -9999.000 -9999.000 -9999.000 0.8337972E-01 0.1318328 0.1694875 0.2022608 0.2063911 0.1673554 0.1240650 0.7894270E-01 0.3312799E-01 0.2175860E-01 0.2907337E-01 0.3273659E-01 0.5584984E-01 0.9971001E-01 0.1582302 0.2069710 0.2401748 0.2352609 0.2480768 0.2865757 0.2505416 0.2497420 0.2829081 0.2329302 0.2377094 0.2949863 0.3157341 0.2841893 0.2788160 0.2949471 0.2527552 0.2080971 0.1177541 0.2566792E-01 -9999.000 -9999.000 -9999.000 -9999.000 -9999.000 -9999.000 -9999.000 -9999.000 -9999.000 -9999.000
-9999.000 -9999.000 -9999.000 -9999.000 -9999.000 -9999.000 -9999.000 -9999.000 -9999.000 -9999.000 -9999.000 -9999.000 -9999.000 -9999.000 -9999.000 0.5107199E-01 0.9687378E-01 0.1542706 0.1824139 0.2053184 0.1981432 0.1649006 0.1290286 0.7802851E-01 0.4345933E-01 0.2933430E-01 0.2548037E-01 0.3289357E-01 0.6325326E-01 0.1196541 0.1887498 0.2316804 0.2165238 0.2186437 0.2217581 0.2037158 0.2665163 0.2915425 0.2435392 0.2637169 0.3364117 0.3497517 0.3184806 0.2913662 0.2450795 0.1854338 0.1533525 0.9925909E-01 0.5469967E-01 0.3122942E-01 -9999.000 -9999.000 -9999.000 -9999.000 -9999.000 -9999.000 -9999.000 -9999.000 -9999.000
-9999.000 -9999.000 -9999.000 -9999.000 -9999.000 -9999.000 -9999.000 -9999.000 -9999.000 -9999.000 -9999.000 -9999.000 -9999.000 -9999.000 -9999.000 -9999.000 0.8645281E-01 0.1074153 0.8734311E-01 0.1108063 0.1527062 0.1667376 0.1639688 0.1178262 0.6758734E-01 -9999.000 0.1550568E-01 -9999.000 -9999.000 0.9007444E-01 0.1635694 0.2044281 0.1609831 0.1762520 0.2055655 0.2133498 0.2800572 0.3056716 0.2781249 0.2941034 0.3291598 0.3415463 0.3021478 0.2163497 0.1763425 0.1392111 0.1463291 0.1573590 0.1334574 0.9546031E-01 0.6849133E-01 -9999.000 -9999.000 -9999.000 -9999.000 -9999.000 -9999.000 -9999.000 -9999.000
-9999.000 -9999.000 -9999.000 -9999.000 -9999.000 -9999.000 -9999.000 -9999.000 -9999.000 -9999.000 -9999.000 -9999.000 -9999.000 -9999.000 -9999.000 -9999.000 0.7978731E-01 -9999.000 -9999.000 0.2767341E-01 0.7881255E-01 0.1401181 0.1788726 0.1485660 0.1103317 0.6561198E-01 0.2652604E-01 0.1809791E-01 -9999.000 0.6097074E-01 0.1315120 0.1529001 0.1197935 0.1628997 0.2136675 0.2338347 0.2710390 0.3008114 0.2956257 0.2897719 0.3019944 0.2998677 0.2538913 0.2342142 0.2060496 0.1973277 0.2211248 0.2240708 0.2149958 0.2098212 0.1481566 -9999.000 -9999.000 -9999.000 -9999.000 -9999.000 -9999.000 -9999.000 -9999.000
-9999.000 -9999.000 -9999.000 -9999.000 -9999.000 -9999.000 -9999.000 -9999.000 -9999.000 -9999.000 -9999.000 -9999.000 -9999.000 -9999.000 -9999.000 -9999.000 -9999.000 -9999.000 -9999.000 0.4973415E-01 0.6414512E-01 0.9935163E-01 0.1463726 0.1491343 0.1228246 0.7297076E-01 0.3503279E-01 0.1575435E-01 0.1722158E-01 0.3635873E-01 0.7993444E-01 0.1188959 0.1120783 0.1429610 0.1988286 0.2265731 0.2532613 0.2711487 0.2785309 0.2730813 0.2851511 0.2968811 0.2956848 0.2981987 0.2704503 0.2566520 0.2514908 0.2526435 0.2370049 0.2327985 0.1746350 0.9172263E-01 -9999.000 -9999.000 -9999.000 -9999.000 -9999.000 -9999.000 -9999.000
-9999.000 -9999.000 -9999.000 -9999.000 -9999.000 -9999.000 -9999.000 -9999.000 -9999.000 -9999.000 -9999.000 -9999.000 -9999.000 -9999.000 -9999.000 -9999.000 -9999.000 -9999.000 0.4349567E-01 0.8615695E-01 0.9257878E-01 0.9482555E-01 0.1246750 0.1344980 0.1194992 0.8787258E-01 0.4951094E-01 -9999.000 -9999.000 -9999.000 -9999.000 -9999.000 0.8962269E-01 0.1150161 0.1557828 0.1867021 0.2194087 0.2604779 0.2640883 0.2582717 0.2867962 0.3370967 0.3544585 0.3476214 0.2929370 0.2582234 0.2721238 0.2771071 0.2639143 0.2135425 0.1448795 0.8838209E-01 -9999.000 -9999.000 -9999.000 -9999.000 -9999.000 -9999.000 -9999.000
-9999.000 -9999.000 -9999.000 -9999.000 -9999.000 -9999.000 -9999.000 -9999.000 -9999.000 -9999.000 -9999.000 -9999.000 -9999.000 -9999.000 -9999.000 -9999.000 -9999.000 -9999.000 -9999.000 0.8376703E-01 0.7697205E-01 0.8758314E-01 0.9873459E-01 0.1262388 0.1395214 0.1107526 0.8055329E-01 0.4773155E-01 0.1831803E-01 -9999.000 -9999.000 -9999.000 -9999.000 0.8661179E-01 0.1001699 0.1106637 0.1575080 0.2156560 0.2165176 0.2184772 0.2790627 0.3472401 0.3758423 0.3479862 0.2887467 0.2603238 0.2790391 0.2642349 0.2211903 0.1646599 0.1157086 0.9479565E-01 -9999.000 -9999.000 -9999.000 -9999.000 -9999.000 -9999.000 -9999.000
-9999.000 -9999.000 -9999.000 -9999.000 -9999.000 -9999.000 -9999.000 -9999.000 -9999.000 -9999.000 -9999.000 -9999.000 -9999.000 -9999.000 -9999.000 -9999.000 -9999.000 -9999.000 -9999.000 -9999.000 0.9982927E-01 0.6205535E-01 0.4547967E-01 0.8196378E-01 0.1132865 0.1141176 0.1022156 0.7887968E-01 0.3844255E-01 0.1613583E-01 -9999.000 -9999.000 -9999.000 0.4888871E-01 0.5784392E-01 0.6436152E-01 0.1023542 0.1477738 0.1562465 0.2034342 0.2825157 0.3304062 0.3346888 0.3096116 0.2783540 0.2508939 0.2448206 0.1870858 0.1357849 0.1076862 0.1175417 0.1180739 0.7871081E-01 -9999.000 -9999.000 -9999.000 -9999.000 -9999.000 -9999.000
-9999.000 -9999.000 -9999.000 -9999.000 -9999.000 -9999.000 -9999.000 -9999.000 -9999.000 -9999.000 -9999.000 -9999.000 -9999.000 -9999.000 -9999.000 -9999.000 -9999.000 -9999.000 -9999.000 -9999.000 0.9310433E-01 0.4078037E-01 0.2773716E-01 0.5815979E-01 0.8218886E-01 0.8254999E-01 0.1044065 0.9084058E-01 -9999.000 -9999.000 -9999.000 -9999.000 -9999.000 -9999.000 0.3233414E-01 0.6261443E-01 0.1122451 0.1465666 0.1739061 0.2216691 0.2571716 0.2847492 0.2766160 0.2607455 0.2512494 0.2556616 0.2257717 0.2005597 0.1764470 0.1283231 0.1304912 0.1503730 0.1201814 0.3797908E-01 -9999.000 -9999.000 -9999.000 -9999.000 -9999.000
-9999.000 -9999.000 -9999.000 -9999.000 -9999.000 -9999.000 -9999.000 -9999.000 -9999.000 -9999.000 -9999.000 -9999.000 -9999.000 -9999.000 -9999.000 -9999.000 -9999.000 -9999.000 -9999.000 0.1251177 0.6882833E-01 0.3368080E-01 0.6016127E-01 0.1056479 0.1154707 0.8083811E-01 0.9125008E-01 0.7852595E-01 0.5134398E-01 -9999.000 -9999.000 -9999.000 -9999.000 -9999.000 -9999.000 0.5842460E-01 0.1248915 0.1739714 0.2072796 0.2013658 0.1940008 0.2074248 0.2334653 0.2079005 0.2166284 0.2556172 0.2379597 0.2411971 0.2222996 0.1743619 0.1574329 0.1809107 0.1553156 0.4654115E-01 0.1258530E-01 -9999.000 -9999.000 -9999.000 -9999.000
-9999.000 -9999.000 -9999.000 -9999.000 -9999.000 -9999.000 -9999.000 -9999.000 -9999.000 -9999.000 -9999.000 -9999.000 -9999.000 -9999.000 -9999.000 -9999.000 -9999.000 -9999.000 -9999.000 0.1182434 0.9368166E-01 0.6804293E-01 0.1272400 0.1702862 0.1576630 0.1110618 0.9899750E-01 0.7011509E-01 -9999.000 -9999.000 -9999.000 -9999.000 -9999.000 -9999.000 -9999.000 0.4718276E-01 0.9952313E-01 0.1439060 0.1646597 0.1687611 0.1743429 0.1881809 0.1892564 0.1587525 0.1575243 0.2313930 0.2541602 0.2401582 0.2192303 0.1907257 0.1795388 0.1851563 0.1682980 0.8294545E-01 0.4135302E-01 -9999.000 -9999.000 -9999.000 -9999.000
-9999.000 -9999.000 -9999.000 -9999.000 -9999.000 -9999.000 -9999.000 -9999.000 -9999.000 -9999.000 -9999.000 -9999.000 -9999.000 -9999.000 -9999.000 -9999.000 -9999.000 -9999.000 -9999.000 0.6194448E-01 0.8444852E-01 0.9329650E-01 0.1346130 0.1549925 0.1431635 0.1502385 0.1398642 0.8492131E-01 -9999.000 -9999.000 -9999.000 -9999.000 -9999.000 -9999.000 -9999.000 -9999.000 0.5478113E-01 0.6179749E-01 0.9569221E-01 0.1382759 0.1872514 0.1894418 0.1805700 0.1666743 0.1568013 0.2045545 0.2345102 0.2339316 0.2306566 0.1987231 0.1962962 0.2048417 0.1627030 0.9569718E-01 0.7048077E-01 -9999.000 -9999.000 -9999.000 -9999.000
-9999.000 -9999.000 -9999.000 -9999.000 -9999.000 -9999.000 -9999.000 -9999.000 -9999.000 -9999.000 -9999.000 -9999.000 -9999.000 -9999.000 -9999.000 -9999.000 -9999.000 -9999.000 -9999.000 0.2931988E-01 0.5346390E-01 0.7419373E-01 0.1047840 0.1081770 0.1068895 0.1456108 0.1660371 0.1157243 0.5114317E-01 -9999.000 -9999.000 -9999.000 -9999.000 -9999.000 -9999.000 -9999.000 0.5081622E-01 0.5848096E-01 0.8158500E-01 0.1216454 0.1490018 0.1531731 0.1788417 0.2083771 0.2095603 0.2113604 0.1957539 0.2258731 0.2251276 0.2015725 0.2238233 0.2431511 0.1959151 0.1565282 0.1237106 0.6803301E-01 -9999.000 -9999.000 -9999.000
-9999.000 -9999.000 -9999.000 -9999.000 -9999.000 -9999.000 -9999.000 -9999.000 -9999.000 -9999.000 -9999.000 -9999.000 -9999.000 -9999.000 -9999.000 -9999.000 -9999.000 -9999.000 -9999.000 -9999.000 0.6448628E-01 0.5339146E-01 0.6112745E-01 0.7603503E-01 0.8983130E-01 0.1278686 0.1582130 0.1286881 0.8012686E-01 0.3899160E-01 -9999.000 -9999.000 -9999.000 -9999.000 -9999.000 -9999.000 0.5492980E-01 0.6647993E-01 0.9522074E-01 0.1204885 0.1363003 0.1399116 0.1537692 0.1893122 0.2001557 0.1813767 0.1709357 0.1712861 0.1634655 0.1754494 0.2406889 0.2765230 0.2421520 0.2096774 0.1660715 0.1417996 0.1194745 -9999.000 -9999.000
-9999.000 -9999.000 -9999.000 -9999.000 -9999.000 -9999.000 -9999.000 -9999.000 -9999.000 -9999.000 -9999.000 -9999.000 -9999.000 -9999.000 -9999.000 -9999.000 -9999.000 -9999.000 -9999.000 -9999.000 0.5106634E-01 -9999.000 -9999.000 0.9176518E-01 0.1315919 0.1558948 0.1387320 0.1021001 0.7737612E-01 0.4507133E-01 0.2208253E-01 -9999.000 -9999.000 -9999.000 -9999.000 -9999.000 -9999.000 0.3975317E-01 0.6999285E-01 0.1082863 0.1387846 0.1453897 0.1569122 0.1822535 0.2012747 0.1505730 0.9854608E-01 0.8109730E-01 0.9334408E-01 0.1659440 0.2499751 0.2910184 0.2397562 0.2087243 0.1790736 0.1644532 0.1263513 0.6518332E-01 -9999.000
-9999.000 -9999.000 -9999.000 -9999.000 -9999.000 -9999.000 -9999.000 -9999.000 -9999.000 -9999.000 -9999.000 -9999.000 -9999.000 -9999.000 -9999.000 -9999.000 -9999.000 -9999.000 -9999.000 -9999.000 -9999.000 -9999.000 -9999.000 0.1061510 0.1798295 0.1953058 0.1531792 0.1191991 0.8861260E-01 0.6169614E-01 0.3678645E-01 -9999.000 -9999.000 -9999.000 -9999.000 -9999.000 -9999.000 -9999.000 0.5073412E-01 0.9494546E-01 0.1318692 0.1533441 0.1912244 0.2036798 0.2070417 0.1614087 0.1212139 0.1209502 0.1387183 0.1984241 0.2354847 0.2177360 0.1963809 0.2126412 0.2035580 0.1548296 0.1190835 0.7402689E-01 -9999.000
-9999.000 -9999.000 -9999.000 -9999.000 -9999.000 -9999.000 -9999.000 -9999.000 -9999.000 -9999.000 -9999.000 -9999.000 -9999.000 -9999.000 -9999.000 -9999.000 -9999.000 -9999.000 -9999.000 -9999.000 -9999.000 0.1407391E-01 0.3697339E-01 0.1069722 0.1908288 0.1847985 0.1507926 0.1145603 0.8744966E-01 0.6801315E-01 0.4337721E-01 -9999.000 -9999.000 -9999.000 -9999.000 -9999.000 -9999.000 -9999.000 0.3672407E-01 0.8351007E-01 0.1343783 0.1805450 0.2380702 0.2562423 0.2213800 0.1864526 0.1983554 0.2781464 0.3256414 0.3057366 0.2556762 0.2021050 0.2171338 0.2677728 0.2573164 0.1820104 0.1500287 0.1305135 0.7190484E-01
-9999.000 -9999.000 -9999.000 -9999.000 -9999.000 -9999.000 -9999.000 -9999.000 -9999.000 -9999.000 -9999.000 -9999.000 -9999.000 -9999.000 -9999.000 -9999.000 -9999.000 -9999.000 -9999.000 -9999.000 -9999.000 -9999.000 0.4536103E-01 0.1065144 0.1840331 0.1866866 0.1620853 0.1372915 0.1147161 0.9156026E-01 0.4926945E-01 0.2282142E-01 -9999.000 -9999.000 -9999.000 -9999.000 -9999.000 -9999.000 -9999.000 0.4829091E-01 0.1158373 0.1981204 0.2599773 0.2938475 0.2641470 0.2306996 0.2576535 0.3312784 0.3838936 0.3452194 0.2923659 0.2518452 0.2764498 0.3305154 0.2854476 0.1608170 0.1351469 0.1530007 0.1046216
-9999.000 -9999.000 -9999.000 -9999.000 -9999.000 -9999.000 -9999.000 -9999.000 -9999.000 -9999.000 -9999.000 -9999.000 -9999.000 -9999.000 -9999.000 -9999.000 -9999.000 -9999.000 -9999.000 -9999.000 -9999.000 -9999.000 0.4684288E-01 0.9788767E-01 0.1802806 0.2026524 0.1994713 0.1732409 0.1416671 0.9777539E-01 0.5158401E-01 -9999.000 -9999.000 -9999.000 -9999.000 -9999.000 -9999.000 -9999.000 -9999.000 0.2537120E-01 0.6760583E-01 0.1365956 0.2376198 0.2769362 0.2417847 0.2339069 0.2745999 0.3197813 0.3374216 0.3287100 0.3003062 0.2849737 0.3149255 0.3373865 0.2403999 0.1335232 0.1068054 0.1330935 0.1200230
-9999.000 -9999.000 -9999.000 -9999.000 -9999.000 -9999.000 -9999.000 -9999.000 -9999.000 -9999.000 -9999.000 -9999.000 -9999.000 -9999.000 -9999.000 -9999.000 -9999.000 -9999.000 -9999.000 -9999.000 -9999.000 -9999.000 0.5602968E-01 0.8266965E-01 0.1164889 0.1530436 0.1994164 0.1967270 0.1470346 0.7833626E-01 0.4660053E-01 0.2646350E-01 -9999.000 -9999.000 -9999.000 -9999.000 -9999.000 -9999.000 -9999.000 0.2022616E-01 0.2787174E-01 0.6926147E-01 0.1589106 0.1690121 0.1437222 0.1899514 0.2640016 0.3074055 0.2886609 0.2815593 0.2994810 0.3234631 0.3379660 0.3178047 0.2063588 0.1500607 0.1251778 0.1397212 0.1510295
-9999.000 -9999.000 -9999.000 -9999.000 -9999.000 -9999.000 -9999.000 -9999.000 -9999.000 -9999.000 -9999.000 -9999.000 -9999.000 -9999.000 -9999.000 -9999.000 -9999.000 -9999.000 -9999.000 -9999.000 -9999.000 -9999.000 0.7165598E-01 0.9541339E-01 0.1017045 0.1427425 0.1903450 0.1916517 0.1303784 0.7686454E-01 0.6302842E-01 0.4575127E-01 -9999.000 -9999.000 -9999.000 -9999.000 -9999.000 -9999.000 -9999.000 0.2733098E-01 0.4563888E-01 0.6122405E-01 0.9918527E-01 0.8766906E-01 0.1231369 0.2030079 0.2873709 0.2773880 0.2206403 0.2305823 0.3057977 0.3238342 0.3220139 0.2490098 0.1928006 0.1701098 0.1697126 0.1873676 0.1982133
-9999.000 -9999.000 -9999.000 -9999.000 -9999.000 -9999.000 -9999.000 -9999.000 -9999.000 -9999.000 -9999.000 -9999.000 -9999.000 -9999.000 -9999.000 -9999.000 -9999.000 -9999.000 -9999.000 -9999.000 -9999.000 -9999.000 -9999.000 0.1097965 0.1589768 0.1774897 0.1642762 0.1483013 0.1157381 0.9485161E-01 0.7404949E-01 -9999.000 -9999.000 -9999.000 -9999.000 -9999.000 -9999.000 -9999.000 -9999.000 -9999.000 0.5787783E-01 0.8267381E-01 0.1108527 0.1205822 0.1598864 0.2291439 0.2611075 0.2334657 0.2121530 0.2147324 0.2627846 0.2608761 0.2192332 0.1995559 0.2065328 0.2109192 0.2165236 0.2448620 0.2182539
-9999.000 -9999.000 -9999.000 -9999.000 -9999.000 -9999.000 -9999.000 -9999.000 -9999.000 -9999.000 -9999.000 -9999.000 -9999.000 -9999.000 -9999.000 -9999.000 -9999.000 -9999.000 -9999.000 -9999.000 -9999.000 -9999.000 -9999.000 0.8947710E-01 0.1554149 0.1847877 0.1634352 0.1493814 0.1343003 0.1031243 0.5715680E-01 0.3117240E-01 -9999.000 -9999.000 -9999.000 -9999.000 -9999.000 -9999.000 -9999.000 -9999.000 -9999.000 0.9334217E-01 0.1279589 0.1372719 0.1713445 0.2146668 0.2111806 0.2362514 0.2564450 0.2027752 0.1520352 0.1199540 0.1334475 0.1935466 0.2574317 0.2844202 0.3007912 0.2641977 0.2249996
-9999.000 -9999.000 -9999.000 -9999.000 -9999.000 -9999.000 -9999.000 -9999.000 -9999.000 -9999.000 -9999.000 -9999.000 -9999.000 -9999.000 -9999.000 -9999.000 -9999.000 -9999.000 -9999.000 -9999.000 -9999.000 -9999.000 -9999.000 -9999.000 0.1149832 0.1645004 0.1809092 0.1739039 0.1600099 0.1213436 0.7559874E-01 0.3685993E-01 -9999.000 -9999.000 -9999.000 -9999.000 -9999.000 -9999.000 -9999.000 -9999.000 -9999.000 0.7586336E-01 0.1178101 0.1415906 0.1738907 0.1932702 0.1963133 0.2252404 0.2177088 0.1751179 0.1179452 0.1213976 0.1596423 0.2326987 0.3015963 0.3152905 0.3026055 0.2915768 0.2584659
-9999.000 -9999.000 -9999.000 -9999.000 -9999.000 -9999.000 -9999.000 -9999.000 -9999.000 -9999.000 -9999.000 -9999.000 -9999.000 -9999.000 -9999.000 -9999.000 -9999.000 -9999.000 -9999.000 -9999.000 -9999.000 -9999.000 -9999.000 -9999.000 0.6664728E-01 0.1060757 0.1336919 0.1467624 0.1525496 0.1413645 0.1010959 0.4643978E-01 0.1597683E-01 -9999.000 -9999.000 -9999.000 -9999.000 -9999.000 -9999.000 -9999.000 -9999.000 -9999.000 0.9295801E-01 0.1275375 0.1500242 0.1368232 0.1203187 0.1461362 0.1610489 0.1440195 0.1714998 0.2141747 0.2689524 0.3284188 0.3324126 0.3130528 0.2885146 0.3021295 0.2630690
