simulation_files/asc/Depth____192.0.asc
NCOLS        79
NROWS        79
XLLCENTER         -1.500000
YLLCENTER         -4.800000
CELLSIZE           0.100
NODATA_VALUE     -9999.0
[rows 0 to 25 of 79, columns 0 to 58 of 79]
-9999.000 -9999.000 -9999.000 -9999.000 -9999.000 -9999.000 -9999.000 -9999.000 -9999.000 -9999.000 -9999.000 -9999.000 -9999.000 -9999.000 -9999.000 0.7416645 0.7422072 0.7425190 0.7426541 0.7425260 0.7422537 0.7419294 0.7415875 0.7412470 0.7409396 0.7406569 0.7404004 0.7401491 0.7398034 0.7397807 0.7397807 -9999.000 -9999.000 -9999.000 -9999.000 -9999.000 -9999.000 -9999.000 -9999.000 -9999.000 -9999.000 -9999.000 -9999.000 -9999.000 -9999.000 -9999.000 -9999.000 -9999.000 -9999.000 -9999.000 -9999.000 -9999.000 -9999.000 -9999.000 -9999.000 -9999.000 -9999.000 -9999.000 -9999.000
-9999.000 -9999.000 -9999.000 -9999.000 -9999.000 -9999.000 -9999.000 -9999.000 -9999.000 -9999.000 -9999.000 -9999.000 -9999.000 -9999.000 -9999.000 0.7434906 0.7439705 0.7442234 0.7443322 0.7442263 0.7440075 0.7437528 0.7434891 0.7432301 0.7430011 0.7427928 0.7426054 0.7424195 0.7421463 0.7422076 0.7422076 -9999.000 -9999.000 -9999.000 -9999.000 -9999.000 -9999.000 -9999.000 -9999.000 -9999.000 -9999.000 -9999.000 -9999.000 -9999.000 -9999.000 -9999.000 -9999.000 -9999.000 -9999.000 -9999.000 -9999.000 -9999.000 -9999.000 -9999.000 -9999.000 -9999.000 -9999.000 -9999.000 -9999.000
-9999.000 -9999.000 -9999.000 -9999.000 -9999.000 -9999.000 -9999.000 -9999.000 -9999.000 -9999.000 -9999.000 -9999.000 -9999.000 -9999.000 -9999.000 0.7454031 0.7459227 0.7461908 0.7463120 0.7462133 0.7459994 0.7457502 0.7454934 0.7452419 0.7450222 0.7448226 0.7446426 0.7444609 0.7441834 0.7442415 0.7442415 -9999.000 -9999.000 -9999.000 -9999.000 -9999.000 -9999.000 -9999.000 -9999.000 -9999.000 -9999.000 -9999.000 -9999.000 -9999.000 -9999.000 -9999.000 -9999.000 -9999.000 -9999.000 -9999.000 -9999.000 -9999.000 -9999.000 -9999.000 -9999.000 -9999.000 -9999.000 -9999.000 -9999.000
-9999.000 -9999.000 -9999.000 -9999.000 -9999.000 -9999.000 -9999.000 -9999.000 -9999.000 -9999.000 -9999.000 -9999.000 -9999.000 -9999.000 -9999.000 0.7473634 0.7479105 0.7481884 0.7483163 0.7482187 0.7480029 0.7477521 0.7474937 0.7472414 0.7470221 0.7468227 0.7466424 0.7464586 0.7461712 0.7462097 0.7462097 -9999.000 -9999.000 -9999.000 -9999.000 -9999.000 -9999.000 -9999.000 -9999.000 -9999.000 -9999.000 -9999.000 -9999.000 -9999.000 -9999.000 -9999.000 -9999.000 -9999.000 -9999.000 -9999.000 -9999.000 -9999.000 -9999.000 -9999.000 -9999.000 -9999.000 -9999.000 -9999.000 -9999.000
-9999.000 -9999.000 -9999.000 -9999.000 -9999.000 -9999.000 -9999.000 -9999.000 -9999.000 -9999.000 -9999.000 -9999.000 -9999.000 -9999.000 -9999.000 0.7493408 0.7499108 0.7501966 0.7503286 0.7502291 0.7500080 0.7497520 0.7494886 0.7492312 0.7490088 0.7488058 0.7486219 0.7484328 0.7481313 0.7481374 0.7481374 -9999.000 -9999.000 -9999.000 -9999.000 -9999.000 -9999.000 -9999.000 -9999.000 -9999.000 -9999.000 -9999.000 -9999.000 -9999.000 -9999.000 -9999.000 -9999.000 -9999.000 -9999.000 -9999.000 -9999.000 -9999.000 -9999.000 -9999.000 -9999.000 -9999.000 -9999.000 -9999.000 -9999.000
-9999.000 -9999.000 -9999.000 -9999.000 -9999.000 -9999.000 -9999.000 -9999.000 -9999.000 -9999.000 -9999.000 -9999.000 -9999.000 -9999.000 -9999.000 0.7513223 0.7519134 0.7522060 0.7523407 0.7522378 0.7520099 0.7517470 0.7514768 0.7512125 0.7509856 0.7507772 0.7505881 0.7503917 0.7500728 0.7500341 0.7500341 -9999.000 -9999.000 -9999.000 -9999.000 -9999.000 -9999.000 -9999.000 -9999.000 -9999.000 -9999.000 -9999.000 -9999.000 -9999.000 -9999.000 -9999.000 -9999.000 -9999.000 -9999.000 -9999.000 -9999.000 -9999.000 -9999.000 -9999.000 -9999.000 -9999.000 -9999.000 -9999.000 -9999.000
-9999.000 -9999.000 -9999.000 -9999.000 -9999.000 -9999.000 -9999.000 -9999.000 -9999.000 -9999.000 -9999.000 -9999.000 -9999.000 -9999.000 -9999.000 0.7533021 0.7539137 0.7542120 0.7543488 0.7542415 0.7540058 0.7537351 0.7534573 0.7531853 0.7529534 0.7527386 0.7525432 0.7523382 0.7519984 0.7519010 0.7519010 -9999.000 -9999.000 -9999.000 -9999.000 -9999.000 -9999.000 -9999.000 -9999.000 -9999.000 -9999.000 -9999.000 -9999.000 -9999.000 -9999.000 -9999.000 -9999.000 -9999.000 -9999.000 -9999.000 -9999.000 -9999.000 -9999.000 -9999.000 -9999.000 -9999.000 -9999.000 -9999.000 -9999.000
-9999.000 -9999.000 -9999.000 -9999.000 -9999.000 -9999.000 -9999.000 -9999.000 -9999.000 -9999.000 -9999.000 -9999.000 -9999.000 -9999.000 -9999.000 0.7552770 0.7559091 0.7562124 0.7563505 0.7562382 0.7559937 0.7557150 0.7554291 0.7551489 0.7549116 0.7546899 0.7544875 0.7542728 0.7539084 0.7537348 0.7537348 -9999.000 -9999.000 -9999.000 -9999.000 -9999.000 -9999.000 -9999.000 -9999.000 -9999.000 -9999.000 -9999.000 -9999.000 -9999.000 -9999.000 -9999.000 -9999.000 -9999.000 -9999.000 -9999.000 -9999.000 -9999.000 -9999.000 -9999.000 -9999.000 -9999.000 -9999.000 -9999.000 -9999.000
-9999.000 -9999.000 -9999.000 -9999.000 -9999.000 -9999.000 -9999.000 -9999.000 -9999.000 -9999.000 -9999.000 -9999.000 -9999.000 -9999.000 -9999.000 0.7572453 0.7578980 0.7582053 0.7583439 0.7582260 0.7579722 0.7576850 0.7573909 0.7571019 0.7568595 0.7566304 0.7564204 0.7561947 0.7558013 0.7555288 0.7555288 -9999.000 -9999.000 -9999.000 -9999.000 -9999.000 -9999.000 -9999.000 -9999.000 -9999.000 -9999.000 -9999.000 -9999.000 -9999.000 -9999.000 -9999.000 -9999.000 -9999.000 -9999.000 -9999.000 -9999.000 -9999.000 -9999.000 -9999.000 -9999.000 -9999.000 -9999.000 -9999.000 -9999.000
-9999.000 -9999.000 -9999.000 -9999.000 -9999.000 -9999.000 -9999.000 -9999.000 -9999.000 -9999.000 -9999.000 -9999.000 -9999.000 -9999.000 -9999.000 0.7592052 0.7598787 0.7601890 0.7603275 0.7602029 0.7599391 0.7596434 0.7593409 0.7590429 0.7587958 0.7585587 0.7583406 0.7581022 0.7576749 0.7572730 0.7572730 -9999.000 -9999.000 -9999.000 -9999.000 -9999.000 -9999.000 -9999.000 -9999.000 -9999.000 -9999.000 -9999.000 -9999.000 -9999.000 -9999.000 -9999.000 -9999.000 -9999.000 -9999.000 -9999.000 -9999.000 -9999.000 -9999.000 -9999.000 -9999.000 -9999.000 -9999.000 -9999.000 -9999.000
-9999.000 -9999.000 -9999.000 -9999.000 -9999.000 -9999.000 -9999.000 -9999.000 -9999.000 -9999.000 -9999.000 -9999.000 -9999.000 -9999.000 -9999.000 0.7611552 0.7618496 0.7621616 0.7622989 0.7621669 0.7618922 0.7615879 0.7612769 0.7609696 0.7607183 0.7604726 0.7602457 0.7599931 0.7595255 0.7589526 0.7589526 -9999.000 -9999.000 -9999.000 -9999.000 -9999.000 -9999.000 -9999.000 -9999.000 -9999.000 -9999.000 -9999.000 -9999.000 -9999.000 -9999.000 -9999.000 -9999.000 -9999.000 -9999.000 -9999.000 -9999.000 -9999.000 -9999.000 -9999.000 -9999.000 -9999.000 -9999.000 -9999.000 -9999.000
-9999.000 -9999.000 -9999.000 -9999.000 -9999.000 -9999.000 -9999.000 -9999.000 -9999.000 -9999.000 -9999.000 -9999.000 -9999.000 -9999.000 -9999.000 0.7630931 0.7638085 0.7641205 0.7642558 0.7641150 0.7638286 0.7635157 0.7631962 0.7628794 0.7626245 0.7623696 0.7621332 0.7618641 0.7613482 0.7605461 0.7605461 -9999.000 -9999.000 -9999.000 -9999.000 -9999.000 -9999.000 -9999.000 -9999.000 -9999.000 -9999.000 -9999.000 -9999.000 -9999.000 -9999.000 -9999.000 -9999.000 -9999.000 -9999.000 -9999.000 -9999.000 -9999.000 -9999.000 -9999.000 -9999.000 -9999.000 -9999.000 -9999.000 -9999.000
-9999.000 -9999.000 -9999.000 -9999.000 -9999.000 -9999.000 -9999.000 -9999.000 -9999.000 -9999.000 -9999.000 -9999.000 -9999.000 -9999.000 -9999.000 0.7650042 0.7657427 0.7660536 0.7661906 0.7660460 0.7657492 0.7654275 0.7650992 0.7647722 0.7645141 0.7642485 0.7640014 0.7637124 0.7631381 0.7620234 0.7620234 -9999.000 -9999.000 -9999.000 -9999.000 -9999.000 -9999.000 -9999.000 -9999.000 -9999.000 -9999.000 -9999.000 -9999.000 -9999.000 -9999.000 -9999.000 -9999.000 -9999.000 -9999.000 -9999.000 -9999.000 -9999.000 -9999.000 -9999.000 -9999.000 -9999.000 -9999.000 -9999.000 -9999.000
-9999.000 -9999.000 -9999.000 -9999.000 -9999.000 -9999.000 -9999.000 -9999.000 -9999.000 -9999.000 -9999.000 -9999.000 -9999.000 -9999.000 -9999.000 0.7664801 0.7673172 0.7677259 0.7680652 0.7680508 0.7677749 0.7674404 0.7670938 0.7667439 0.7664707 0.7661809 0.7659110 0.7655900 0.7649377 0.7633924 0.7633924 -9999.000 -9999.000 -9999.000 -9999.000 -9999.000 -9999.000 -9999.000 -9999.000 -9999.000 -9999.000 -9999.000 -9999.000 -9999.000 -9999.000 -9999.000 -9999.000 -9999.000 -9999.000 -9999.000 -9999.000 -9999.000 -9999.000 -9999.000 -9999.000 -9999.000 -9999.000 -9999.000 -9999.000
-9999.000 -9999.000 -9999.000 -9999.000 -9999.000 -9999.000 -9999.000 -9999.000 -9999.000 -9999.000 -9999.000 -9999.000 -9999.000 -9999.000 -9999.000 0.7519726 0.7625293 0.7684588 0.7729607 0.7745203 0.7738273 0.7727196 0.7716398 0.7706376 0.7698362 0.7691090 0.7684893 0.7678672 0.7668619 0.7639834 0.7639834 -9999.000 -9999.000 -9999.000 -9999.000 -9999.000 -9999.000 -9999.000 -9999.000 -9999.000 -9999.000 -9999.000 -9999.000 -9999.000 -9999.000 -9999.000 -9999.000 -9999.000 -9999.000 -9999.000 -9999.000 -9999.000 -9999.000 -9999.000 -9999.000 -9999.000 -9999.000 -9999.000 -9999.000
0.8651033 0.8651033 0.8696167 0.8448444 0.8402883 0.8402883 0.8366721 0.8306824 0.8306824 0.8257075 0.8257075 0.8214294 0.8194872 0.8176512 0.8159025 0.8159025 0.7736061 0.7721858 0.7709947 0.7694268 0.7700693 0.7718372 0.7739716 0.7763438 0.7797996 0.7826874 0.7853200 0.7865649 0.7825890 0.7576761 0.7576761 0.5487524 0.5085074 0.4807660 0.4710980 0.4710980 0.4542588 0.4542588 0.4477613 0.4477613 0.4527441 0.4872362 0.4872362 0.5587592 0.5587592 0.6684407 0.6684407 0.6684407 0.6801848 0.6801848 0.6742108 0.6742108 0.6605753 0.6605753 0.6446953 0.6446953 0.6291119 0.6291119 0.6291119
0.8619446 0.8619446 0.8683128 0.8438638 0.8391806 0.8391806 0.8355215 0.8295276 0.8295276 0.8245717 0.8245717 0.8203117 0.8183780 0.8165504 0.8148099 0.8148099 0.7792875 0.7726424 0.7672421 0.7622105 0.7584893 0.7558409 0.7540624 0.7531772 0.7535607 0.7546678 0.7565153 0.7586443 0.7594776 0.7531187 0.7531187 0.6169922 0.5598955 0.5007493 0.4831307 0.4831307 0.4598817 0.4598817 0.4527962 0.4527962 0.4577528 0.4894043 0.4894043 0.5498853 0.5498853 0.6556203 0.6556203 0.6556203 0.6764344 0.6764344 0.6734007 0.6734007 0.6607761 0.6607761 0.6452835 0.6452835 0.6298735 0.6298735 0.6298735
0.8605157 0.8605157 0.8675334 0.8440241 0.8392607 0.8392607 0.8355320 0.8294892 0.8294892 0.8245260 0.8245260 0.8202623 0.8183258 0.8164952 0.8147509 0.8147509 0.7838031 0.7730590 0.7636766 0.7551574 0.7479877 0.7422072 0.7377003 0.7344142 0.7325423 0.7318264 0.7321963 0.7333549 0.7341865 0.7303763 0.7303763 0.6477813 0.5906488 0.5187343 0.4958052 0.4958052 0.4680770 0.4680770 0.4646414 0.4646414 0.4728926 0.5069193 0.5069193 0.5558605 0.5558605 0.6434109 0.6434109 0.6434109 0.6688487 0.6688487 0.6699023 0.6699023 0.6592481 0.6592481 0.6445901 0.6445901 0.6295772 0.6295772 0.6295772
0.8596960 0.8596960 0.8663455 0.8442032 0.8393881 0.8393881 0.8355846 0.8294852 0.8294852 0.8245208 0.8245208 0.8202608 0.8183251 0.8164948 0.8147488 0.8147488 0.7870697 0.7730727 0.7599925 0.7479969 0.7375211 0.7287474 0.7216603 0.7161928 0.7123973 0.7101043 0.7091799 0.7093732 0.7098799 0.7076379 0.7076379 0.6570752 0.6082040 0.5351371 0.5101534 0.5101534 0.4829600 0.4829600 0.4879865 0.4879865 0.5006484 0.5341960 0.5341960 0.5675688 0.5675688 0.6296728 0.6296728 0.6296728 0.6561065 0.6561065 0.6619777 0.6619777 0.6548110 0.6548110 0.6420777 0.6420777 0.6281679 0.6281679 0.6281679
0.8595517 0.8595517 0.8648040 0.8443650 0.8395107 0.8395107 0.8356388 0.8294822 0.8294822 0.8245155 0.8245155 0.8202590 0.8183242 0.8164940 0.8147455 0.8147455 0.7886685 0.7719619 0.7555634 0.7402755 0.7266349 0.7149273 0.7052347 0.6975301 0.6918090 0.6879435 0.6857749 0.6850618 0.6851904 0.6839980 0.6839980 0.6531366 0.6145338 0.5479115 0.5248655 0.5248655 0.5069303 0.5069303 0.5247032 0.5247032 0.5398801 0.5654349 0.5654349 0.5808707 0.5808707 0.6164907 0.6164907 0.6164907 0.6401443 0.6401443 0.6500658 0.6500658 0.6473755 0.6473755 0.6376929 0.6376929 0.6257278 0.6257278 0.6257278
0.8599122 0.8599122 0.8630761 0.8445247 0.8396295 0.8396295 0.8356923 0.8294809 0.8294809 0.8245120 0.8245120 0.8202595 0.8183255 0.8164960 0.8147436 0.8147436 0.7883273 0.7691271 0.7497465 0.7314373 0.7148659 0.7003909 0.6881669 0.6782178 0.6705327 0.6650177 0.6615247 0.6598324 0.6594642 0.6589073 0.6589073 0.6405023 0.6119853 0.5577251 0.5416523 0.5416523 0.5435465 0.5435465 0.5723158 0.5723158 0.5846125 0.5946735 0.5946735 0.5933307 0.5933307 0.6058517 0.6058517 0.6058517 0.6236604 0.6236604 0.6355027 0.6355027 0.6372221 0.6372221 0.6313881 0.6313881 0.6222017 0.6222017 0.6222017
0.8599579 0.8599579 0.8622448 0.8446080 0.8396974 0.8396974 0.8357242 0.8294796 0.8294796 0.8245093 0.8245093 0.8202591 0.8183257 0.8164964 0.8147379 0.8147379 0.7857805 0.7640278 0.7418864 0.7208432 0.7016391 0.6846647 0.6701095 0.6580331 0.6484359 0.6412538 0.6363677 0.6335905 0.6325622 0.6322702 0.6322702 0.6218836 0.6027458 0.5680320 0.5659713 0.5659713 0.5946725 0.5946725 0.6227035 0.6227035 0.6262987 0.6185232 0.6185232 0.6042318 0.6042318 0.5986592 0.5986592 0.5986592 0.6088769 0.6088769 0.6199807 0.6199807 0.6250045 0.6250045 0.6232583 0.6232583 0.6175369 0.6175369 0.6175369
0.8599682 0.8599682 0.8619762 0.8446341 0.8397199 0.8397199 0.8357352 0.8294790 0.8294790 0.8245082 0.8245082 0.8202588 0.8183257 0.8164965 0.8147290 0.8147290 0.7806714 0.7560909 0.7312919 0.7077800 0.6862766 0.6671480 0.6505725 0.6366155 0.6252823 0.6165290 0.6102666 0.6063519 0.6045352 0.6042504 0.6042504 0.5992877 0.5894110 0.5862062 0.6060261 0.6060261 0.6549361 0.6549361 0.6658236 0.6658236 0.6589291 0.6367404 0.6367404 0.6137863 0.6137863 0.5948138 0.5948138 0.5948138 0.5970532 0.5970532 0.6051033 0.6051033 0.6116974 0.6116974 0.6136319 0.6136319 0.6117766 0.6117766 0.6117766
0.8599580 0.8599580 0.8622447 0.8446079 0.8396972 0.8396972 0.8357244 0.8294796 0.8294796 0.8245093 0.8245093 0.8202591 0.8183256 0.8164964 0.8147160 0.8147160 0.7724432 0.7446056 0.7171623 0.6914285 0.6679916 0.6471228 0.6289377 0.6134685 0.6007043 0.5906057 0.5831048 0.5781014 0.5754695 0.5752032 0.5752032 0.5748529 0.5764782 0.6233161 0.6662940 0.6662940 0.7109879 0.7109879 0.6966454 0.6966454 0.6817980 0.6506407 0.6506407 0.6222883 0.6222883 0.5936119 0.5936119 0.5936119 0.5884945 0.5884945 0.5920555 0.5920555 0.5983917 0.5983917 0.6030915 0.6030915 0.6051317 0.6051317 0.6051317
0.8599123 0.8599123 0.8630760 0.8445246 0.8396292 0.8396292 0.8356925 0.8294806 0.8294806 0.8245121 0.8245121 0.8202595 0.8183257 0.8164960 0.8146970 0.8146970 0.7602067 0.7285897 0.6984845 0.6707975 0.6458514 0.6237383 0.6044543 0.5879580 0.5741953 0.5631098 0.5546407 0.5487263 0.5454383 0.5459052 0.5459052 0.5523849 0.5735297 0.6863055 0.7373597 0.7373597 0.7506777 0.7506777 0.7165012 0.7165012 0.6974601 0.6616080 0.6616080 0.6298701 0.6298701 0.5942019 0.5942019 0.5942019 0.5828805 0.5828805 0.5814835 0.5814835 0.5861127 0.5861127 0.5924189 0.5924189 0.5980102 0.5980102 0.5980102
0.8595518 0.8595518 0.8648040 0.8443650 0.8395104 0.8395104 0.8356389 0.8294820 0.8294820 0.8245155 0.8245155 0.8202590 0.8183243 0.8164940 0.8146680 0.8146680 0.7425032 0.7065826 0.6738729 0.6446123 0.6187034 0.5959659 0.5762180 0.5593041 0.5451015 0.5335183 0.5244856 0.5179880 0.5146038 0.5187548 0.5187548 0.5413863 0.5982690 0.7639417 0.7965437 0.7965437 0.7727701 0.7727701 0.7292665 0.7292665 0.7085642 0.6703938 0.6703938 0.6364297 0.6364297 0.5957761 0.5957761 0.5957761 0.5795734 0.5795734 0.5735280 0.5735280 0.5756455 0.5756455 0.5824730 0.5824730 0.5909863 0.5909863 0.5909863
