simulation_files/asc/Depth____100.0.asc
NCOLS       216
NROWS       273
XLLCENTER        494.688995
YLLCENTER        787.867981
CELLSIZE           0.500
NODATA_VALUE     -9999.0
[rows 182 to 207 of 273, columns 120 to 179 of 216]
-9999.000 -9999.000 -9999.000 -9999.000 -9999.000 -9999.000 -9999.000 -9999.000 -9999.000 0.4560115E-01 0.1327340 0.2035084 0.2041027 0.1694580 0.8704862E-01 0.3923945E-01 0.2446008E-01 0.4457572E-01 0.7423385E-01 0.7380411E-01 0.6743716E-01 0.1297054 0.2283124 0.2214805 0.2302727 0.2777523 0.2834418 0.2561347 0.2760637 0.3179220 0.3489476 0.3760196 0.3532088 0.3128360 0.2913886 0.2990349 0.3000606 0.3037986 0.2737134 0.2183904 0.1510573 0.7094362E-01 -9999.000 -9999.000 -9999.000 -9999.000 -9999.000 -9999.000 -9999.000 -9999.000 -9999.000 -9999.000 -9999.000 -9999.000 -9999.000 -9999.000 -9999.000 -9999.000 -9999.000 -9999.000
-9999.000 -9999.000 -9999.000 -9999.000 -9999.000 -9999.000 -9999.000 -9999.000 -9999.000 0.4340171E-01 0.1172894 0.1844476 0.2117234 0.1989292 0.1429553 0.7952960E-01 0.4093909E-01 0.4679109E-01 0.6773471E-01 0.5794025E-01 0.5887047E-01 0.1187150 0.1799966 0.1906904 0.2273145 0.3007340 0.3200873 0.2704710 0.2824502 0.3549151 0.3820168 0.3916655 0.3811180 0.3342843 0.3195937 0.3125520 0.3162527 0.3196002 0.3020131 0.2789178 0.1913322 0.8078310E-01 -9999.000 -9999.000 -9999.000 -9999.000 -9999.000 -9999.000 -9999.000 -9999.000 -9999.000 -9999.000 -9999.000 -9999.000 -9999.000 -9999.000 -9999.000 -9999.000 -9999.000 -9999.000
-9999.000 -9999.000 -9999.000 -9999.000 -9999.000 -9999.000 -9999.000 -9999.000 -9999.000 -9999.000 0.1017877 0.1940155 0.2322752 0.2264637 0.1877181 0.1306453 0.6977196E-01 0.5193863E-01 0.5611595E-01 0.5367435E-01 0.6317392E-01 0.8916921E-01 0.1045383 0.1204229 0.1803870 0.2621342 0.3072158 0.2906847 0.3168942 0.3649746 0.3415741 0.3306007 0.3369124 0.3225402 0.2781857 0.2748764 0.2823862 0.2982272 0.3049668 0.2922097 0.2411955 0.1344515 0.6243385E-01 -9999.000 -9999.000 -9999.000 -9999.000 -9999.000 -9999.000 -9999.000 -9999.000 -9999.000 -9999.000 -9999.000 -9999.000 -9999.000 -9999.000 -9999.000 -9999.000 -9999.000
-9999.000 -9999.000 -9999.000 -9999.000 -9999.000 -9999.000 -9999.000 -9999.000 -9999.000 0.1272320E-01 0.1047493 0.1918527 0.2372978 0.2387814 0.2194647 0.1723802 0.9596855E-01 0.6054648E-01 0.5627353E-01 0.6722193E-01 0.7985125E-01 0.7932384E-01 0.6973489E-01 0.9209317E-01 0.1394399 0.1982017 0.2482788 0.2733291 0.3391861 0.3124531 0.2420630 0.2623461 0.2825631 0.2131418 0.1772591 0.1561405 0.1898349 0.2149524 0.2483233 0.2595003 0.2313209 0.1671668 0.1267738 0.7322131E-01 -9999.000 -9999.000 -9999.000 -9999.000 -9999.000 -9999.000 -9999.000 -9999.000 -9999.000 -9999.000 -9999.000 -9999.000 -9999.000 -9999.000 -9999.000 -9999.000
-9999.000 -9999.000 -9999.000 -9999.000 -9999.000 -9999.000 -9999.000 -9999.000 -9999.000 -9999.000 -9999.000 0.1619596 0.2243493 0.2385325 0.2295294 0.1856994 0.1280463 0.6536374E-01 0.4341110E-01 0.5257717E-01 0.7209096E-01 0.7293023E-01 0.7248636E-01 0.1022329 0.1572703 0.2016991 0.2358626 0.2602891 0.2708641 0.2215267 0.1971925 0.2998406 0.3212281 0.2682754 0.1927919 0.1689558 0.1826994 0.1992956 0.2179356 0.2344580 0.2279662 0.1944314 0.1587824 0.1170686 -9999.000 -9999.000 -9999.000 -9999.000 -9999.000 -9999.000 -9999.000 -9999.000 -9999.000 -9999.000 -9999.000 -9999.000 -9999.000 -9999.000 -9999.000 -9999.000
-9999.000 -9999.000 -9999.000 -9999.000 -9999.000 -9999.000 -9999.000 -9999.000 -9999.000 -9999.000 -9999.000 0.1495975 0.2022121 0.2117252 0.2231810 0.1931220 0.1145539 0.5934657E-01 0.3329303E-01 0.2809484E-01 0.4213782E-01 0.6278500E-01 0.7866077E-01 0.1228279 0.1972081 0.2212817 0.2136257 0.1946681 0.2041735 0.2026269 0.2135312 0.3012615 0.3674281 0.3462990 0.2818380 0.2098125 0.2170119 0.2429201 0.2440884 0.2267228 0.2206544 0.1890935 0.1461618 0.1029335 -9999.000 -9999.000 -9999.000 -9999.000 -9999.000 -9999.000 -9999.000 -9999.000 -9999.000 -9999.000 -9999.000 -9999.000 -9999.000 -9999.000 -9999.000 -9999.000
-9999.000 -9999.000 -9999.000 -9999.000 -9999.000 -9999.000 -9999.000 -9999.000 -9999.000 -9999.000 -9999.000 0.1566686 0.1866171 0.1868644 0.2070334 0.1872845 0.1282196 0.8589333E-01 0.5309654E-01 0.3064702E-01 0.2720783E-01 0.4003489E-01 0.5970413E-01 0.1024192 0.1407568 0.1490865 0.1771163 0.1797377 0.2225847 0.2563534 0.2383203 0.2711378 0.3211688 0.3067850 0.2727178 0.2433880 0.2409701 0.2382773 0.2054431 0.2047921 0.2190540 0.2097529 0.1963022 0.1581571 0.1196765 0.7808739E-01 -9999.000 -9999.000 -9999.000 -9999.000 -9999.000 -9999.000 -9999.000 -9999.000 -9999.000 -9999.000 -9999.000 -9999.000 -9999.000 -9999.000
-9999.000 -9999.000 -9999.000 -9999.000 -9999.000 -9999.000 -9999.000 -9999.000 -9999.000 -9999.000 -9999.000 0.9256161E-01 0.1550291 0.1867459 0.2102894 0.2081576 0.1815350 0.1458589 0.9560776E-01 0.6312851E-01 0.3075674E-01 0.2264461E-01 0.3510756E-01 0.6648403E-01 0.8404406E-01 0.1016905 0.1861209 0.2271375 0.2702451 0.2977579 0.2869089 0.2740833 0.2656743 0.2395355 0.2511451 0.2613611 0.2591333 0.2024968 0.1953494 0.2318112 0.2485895 0.2451191 0.2576586 0.2391375 0.1990250 0.1220744 -9999.000 -9999.000 -9999.000 -9999.000 -9999.000 -9999.000 -9999.000 -9999.000 -9999.000 -9999.000 -9999.000 -9999.000 -9999.000 -9999.000
-9999.000 -9999.000 -9999.000 -9999.000 -9999.000 -9999.000 -9999.000 -9999.000 -9999.000 -9999.000 -9999.000 -9999.000 0.1012078 0.1559332 0.1938185 0.2092324 0.2095371 0.1909504 0.1351356 0.9588927E-01 0.4880241E-01 0.1709015E-01 0.1957527E-01 0.3251748E-01 0.5277114E-01 0.9877995E-01 0.1764797 0.2297770 0.2702343 0.2974968 0.2846594 0.2868102 0.2985711 0.2712318 0.2678894 0.3099163 0.2698194 0.2328102 0.2651627 0.2956208 0.2950129 0.2865706 0.3066056 0.2875081 0.2442777 0.1544737 0.4620310E-01 -9999.000 -9999.000 -9999.000 -9999.000 -9999.000 -9999.000 -9999.000 -9999.000 -9999.000 -9999.000 -9999.000 -9999.000 -9999.000
-9999.000 -9999.000 -9999.000 -9999.000 -9999.000 -9999.000 -9999.000 -9999.000 -9999.000 -9999.000 -9999.000 -9999.000 -9999.000 0.1047239 0.1561866 0.1920021 0.2232974 0.2168988 0.1780635 0.1439739 0.1004203 0.4853116E-01 0.3020983E-01 0.3500348E-01 0.4507120E-01 0.7531584E-01 0.1255078 0.1848780 0.2353187 0.2688578 0.2634110 0.2779300 0.2973662 0.2601354 0.2812989 0.3172072 0.2651724 0.2727941 0.3357227 0.3608217 0.3308493 0.3271235 0.3446095 0.2875845 0.2261063 0.1349186 0.4787268E-01 -9999.000 -9999.000 -9999.000 -9999.000 -9999.000 -9999.000 -9999.000 -9999.000 -9999.000 -9999.000 -9999.000 -9999.000 -9999.000
-9999.000 -9999.000 -9999.000 -9999.000 -9999.000 -9999.000 -9999.000 -9999.000 -9999.000 -9999.000 -9999.000 -9999.000 -9999.000 0.5426288E-01 0.1135875 0.1766298 0.1995222 0.2051648 0.2093346 0.1851382 0.1522471 0.9956670E-01 0.6228683E-01 0.3862558E-01 0.3231287E-01 0.4139435E-01 0.7509267E-01 0.1447584 0.2158454 0.2578590 0.2344432 0.2303223 0.2235079 0.2313191 0.3026726 0.3267966 0.2788623 0.3022848 0.3786642 0.3945831 0.3621464 0.3260180 0.2679925 0.2032722 0.1665531 0.1237962 0.9132969E-01 0.6215199E-01 -9999.000 -9999.000 -9999.000 -9999.000 -9999.000 -9999.000 -9999.000 -9999.000 -9999.000 -9999.000 -9999.000 -9999.000
-9999.000 -9999.000 -9999.000 -9999.000 -9999.000 -9999.000 -9999.000 -9999.000 -9999.000 -9999.000 -9999.000 -9999.000 -9999.000 0.3090012E-01 0.9881637E-01 0.1275501 0.1050839 0.1150771 0.1663659 0.1883439 0.1855007 0.1440189 0.9681031E-01 0.5249737E-01 0.2676881E-01 0.1934978E-01 0.3935238E-01 0.1055414 0.1902096 0.2244518 0.1685079 0.1935427 0.2260318 0.2484210 0.3167553 0.3416810 0.3148754 0.3338779 0.3704338 0.3810756 0.3308478 0.2351899 0.2006617 0.1660429 0.1832377 0.1994478 0.1793203 0.1415628 0.1094000 -9999.000 -9999.000 -9999.000 -9999.000 -9999.000 -9999.000 -9999.000 -9999.000 -9999.000 -9999.000 -9999.000
-9999.000 -9999.000 -9999.000 -9999.000 -9999.000 -9999.000 -9999.000 -9999.000 -9999.000 -9999.000 -9999.000 -9999.000 -9999.000 -9999.000 0.8321672E-01 -9999.000 -9999.000 0.3225199E-01 0.9139912E-01 0.1612634 0.2028251 0.1774717 0.1467944 0.9643236E-01 0.5793516E-01 0.4851956E-01 0.3564881E-01 0.8127773E-01 0.1553531 0.1672575 0.1348972 0.1894733 0.2461293 0.2707580 0.3062183 0.3355513 0.3330483 0.3289620 0.3397410 0.3336091 0.2806853 0.2709764 0.2478309 0.2434107 0.2698158 0.2743734 0.2657927 0.2587284 0.1857055 0.9227768E-01 -9999.000 -9999.000 -9999.000 -9999.000 -9999.000 -9999.000 -9999.000 -9999.000 -9999.000 -9999.000
-9999.000 -9999.000 -9999.000 -9999.000 -9999.000 -9999.000 -9999.000 -9999.000 -9999.000 -9999.000 -9999.000 -9999.000 -9999.000 -9999.000 -9999.000 -9999.000 -9999.000 0.5680249E-01 0.7580839E-01 0.1183223 0.1727954 0.1803075 0.1575720 0.1037022 0.6504233E-01 0.4193406E-01 0.2909058E-01 0.4906853E-01 0.9986693E-01 0.1239858 0.1304935 0.1707144 0.2323253 0.2582279 0.2848307 0.3043468 0.3165551 0.3114120 0.3220168 0.3323124 0.3337286 0.3414289 0.3181449 0.3061777 0.3018651 0.3035912 0.2901851 0.2738949 0.1994040 0.1096654 -9999.000 -9999.000 -9999.000 -9999.000 -9999.000 -9999.000 -9999.000 -9999.000 -9999.000 -9999.000
-9999.000 -9999.000 -9999.000 -9999.000 -9999.000 -9999.000 -9999.000 -9999.000 -9999.000 -9999.000 -9999.000 -9999.000 -9999.000 -9999.000 -9999.000 -9999.000 0.5060846E-01 0.9247287E-01 0.9797276E-01 0.1058896 0.1394101 0.1556910 0.1389627 0.1075794 0.6790808E-01 -9999.000 0.1821089E-01 -9999.000 -9999.000 0.6138479E-01 0.1036215 0.1401025 0.1798130 0.2028114 0.2481321 0.2970491 0.3022371 0.2956288 0.3239196 0.3761346 0.3956662 0.3922037 0.3386532 0.3057218 0.3221924 0.3233285 0.2895928 0.2301229 0.1515611 0.1126686 -9999.000 -9999.000 -9999.000 -9999.000 -9999.000 -9999.000 -9999.000 -9999.000 -9999.000 -9999.000
-9999.000 -9999.000 -9999.000 -9999.000 -9999.000 -9999.000 -9999.000 -9999.000 -9999.000 -9999.000 -9999.000 -9999.000 -9999.000 -9999.000 -9999.000 -9999.000 -9999.000 0.8148580E-01 0.7873661E-01 0.9250915E-01 0.9799619E-01 0.1267378 0.1468095 0.1258331 0.9617105E-01 0.6271348E-01 0.2651204E-01 -9999.000 -9999.000 -9999.000 0.4956052E-01 0.9953239E-01 0.1192557 0.1329411 0.1937390 0.2573726 0.2569789 0.2564352 0.3190759 0.3883495 0.4166598 0.3875298 0.3266991 0.2989633 0.2980454 0.2593048 0.2192119 0.1668411 0.1324858 0.1148852 -9999.000 -9999.000 -9999.000 -9999.000 -9999.000 -9999.000 -9999.000 -9999.000 -9999.000 -9999.000
-9999.000 -9999.000 -9999.000 -9999.000 -9999.000 -9999.000 -9999.000 -9999.000 -9999.000 -9999.000 -9999.000 -9999.000 -9999.000 -9999.000 -9999.000 -9999.000 -9999.000 0.6355180E-01 0.1076030 0.6975546E-01 0.4620002E-01 0.8077966E-01 0.1174029 0.1199815 0.1119212 0.8958271E-01 0.4578163E-01 0.2051562E-01 -9999.000 -9999.000 -9999.000 0.5599350E-01 0.7286433E-01 0.8996376E-01 0.1360032 0.1885637 0.2023223 0.2480052 0.3257242 0.3689247 0.3710189 0.3422788 0.3018865 0.2663301 0.2494117 0.1892810 0.1567361 0.1385338 0.1453322 0.1408137 0.1106881 -9999.000 -9999.000 -9999.000 -9999.000 -9999.000 -9999.000 -9999.000 -9999.000 -9999.000
-9999.000 -9999.000 -9999.000 -9999.000 -9999.000 -9999.000 -9999.000 -9999.000 -9999.000 -9999.000 -9999.000 -9999.000 -9999.000 -9999.000 -9999.000 -9999.000 -9999.000 -9999.000 0.1068199 0.5168366E-01 0.3761679E-01 0.7101245E-01 0.9356672E-01 0.8992589E-01 0.1109357 0.9706279E-01 -9999.000 -9999.000 -9999.000 -9999.000 -9999.000 -9999.000 0.4049697E-01 0.8238958E-01 0.1411426 0.1825894 0.2164936 0.2587086 0.2821923 0.3114111 0.3044777 0.2861719 0.2735114 0.2785359 0.2512332 0.2435265 0.2207673 0.1672792 0.1713506 0.1936060 0.1657387 0.7624878E-01 -9999.000 -9999.000 -9999.000 -9999.000 -9999.000 -9999.000 -9999.000 -9999.000
-9999.000 -9999.000 -9999.000 -9999.000 -9999.000 -9999.000 -9999.000 -9999.000 -9999.000 -9999.000 -9999.000 -9999.000 -9999.000 -9999.000 -9999.000 -9999.000 -9999.000 0.1185783 0.7332046E-01 0.4119977E-01 0.7338783E-01 0.1232806 0.1347268 0.9774728E-01 0.1054180 0.8710094E-01 0.5477341E-01 -9999.000 -9999.000 -9999.000 -9999.000 -9999.000 -9999.000 0.7817436E-01 0.1574949 0.2128019 0.2341204 0.2193754 0.2100068 0.2272232 0.2584960 0.2339726 0.2466195 0.2896698 0.2785597 0.2879376 0.2652605 0.2114957 0.2003948 0.2313276 0.2053918 0.9239790E-01 0.3988010E-01 -9999.000 -9999.000 -9999.000 -9999.000 -9999.000 -9999.000 -9999.000
-9999.000 -9999.000 -9999.000 -9999.000 -9999.000 -9999.000 -9999.000 -9999.000 -9999.000 -9999.000 -9999.000 -9999.000 -9999.000 -9999.000 -9999.000 -9999.000 -9999.000 0.1250865 0.9571207E-01 0.7037320E-01 0.1387485 0.1878691 0.1771148 0.1314051 0.1212855 0.8672106E-01 -9999.000 -9999.000 -9999.000 -9999.000 -9999.000 -9999.000 -9999.000 0.6624199E-01 0.1274555 0.1599727 0.1787917 0.1942066 0.2060294 0.2181565 0.2187856 0.1917723 0.1926583 0.2697519 0.2984071 0.2856847 0.2587076 0.2258173 0.2165919 0.2267794 0.2122113 0.1140032 0.5210676E-01 -9999.000 -9999.000 -9999.000 -9999.000 -9999.000 -9999.000 -9999.000
-9999.000 -9999.000 -9999.000 -9999.000 -9999.000 -9999.000 -9999.000 -9999.000 -9999.000 -9999.000 -9999.000 -9999.000 -9999.000 -9999.000 -9999.000 -9999.000 -9999.000 0.6975862E-01 0.8546159E-01 0.9141875E-01 0.1391252 0.1652202 0.1566433 0.1700787 0.1658797 0.1127102 0.4905245E-01 -9999.000 -9999.000 -9999.000 -9999.000 -9999.000 -9999.000 0.3718242E-01 0.6785710E-01 0.7568377E-01 0.1166799 0.1682019 0.2140248 0.2170592 0.2177372 0.2048731 0.1969738 0.2483760 0.2797417 0.2822999 0.2683269 0.2315714 0.2328158 0.2448645 0.1992860 0.1362591 0.1039619 0.4357727E-01 -9999.000 -9999.000 -9999.000 -9999.000 -9999.000 -9999.000
-9999.000 -9999.000 -9999.000 -9999.000 -9999.000 -9999.000 -9999.000 -9999.000 -9999.000 -9999.000 -9999.000 -9999.000 -9999.000 -9999.000 -9999.000 -9999.000 -9999.000 -9999.000 0.5190913E-01 0.7033480E-01 0.1057425 0.1134358 0.1186527 0.1645133 0.1899137 0.1469611 0.8139577E-01 0.2967585E-01 -9999.000 -9999.000 -9999.000 -9999.000 -9999.000 -9999.000 0.6291647E-01 0.8434368E-01 0.1097610 0.1500895 0.1778999 0.1887218 0.2210408 0.2526590 0.2553704 0.2592651 0.2475298 0.2729418 0.2575482 0.2328457 0.2611538 0.2840447 0.2385747 0.2038248 0.1792084 0.1101362 -9999.000 -9999.000 -9999.000 -9999.000 -9999.000 -9999.000
-9999.000 -9999.000 -9999.000 -9999.000 -9999.000 -9999.000 -9999.000 -9999.000 -9999.000 -9999.000 -9999.000 -9999.000 -9999.000 -9999.000 -9999.000 -9999.000 -9999.000 -9999.000 0.6172413E-01 0.4861340E-01 0.6008410E-01 0.8930676E-01 0.1087442 0.1499513 0.1869597 0.1627165 0.1088310 0.5114525E-01 0.2118275E-01 -9999.000 -9999.000 -9999.000 -9999.000 -9999.000 0.6020105E-01 0.9331034E-01 0.1229938 0.1466720 0.1647657 0.1742825 0.1929547 0.2322088 0.2450069 0.2258100 0.2113160 0.1966788 0.1873894 0.2081861 0.2786476 0.3212583 0.2918330 0.2606097 0.2229324 0.1929830 0.1637195 -9999.000 -9999.000 -9999.000 -9999.000 -9999.000
-9999.000 -9999.000 -9999.000 -9999.000 -9999.000 -9999.000 -9999.000 -9999.000 -9999.000 -9999.000 -9999.000 -9999.000 -9999.000 -9999.000 -9999.000 -9999.000 -9999.000 -9999.000 0.6045233E-01 -9999.000 -9999.000 0.1118370 0.1548857 0.1824048 0.1699379 0.1337585 0.1046337 0.6847262E-01 0.3647539E-01 -9999.000 -9999.000 -9999.000 -9999.000 -9999.000 -9999.000 -9999.000 0.8967004E-01 0.1310654 0.1698797 0.1813853 0.1944757 0.2199102 0.2365449 0.1882988 0.1251653 0.9250495E-01 0.1130977 0.1968493 0.2901932 0.3417944 0.2929190 0.2584931 0.2299454 0.2110780 0.1594697 0.8170496E-01 -9999.000 -9999.000 -9999.000 -9999.000
-9999.000 -9999.000 -9999.000 -9999.000 -9999.000 -9999.000 -9999.000 -9999.000 -9999.000 -9999.000 -9999.000 -9999.000 -9999.000 -9999.000 -9999.000 -9999.000 -9999.000 -9999.000 -9999.000 -9999.000 -9999.000 0.1294175 0.2054425 0.2202506 0.1749857 0.1372706 0.1070597 0.8466425E-01 0.5082783E-01 -9999.000 -9999.000 -9999.000 -9999.000 -9999.000 -9999.000 0.2525585E-01 0.7021000E-01 0.1241554 0.1684725 0.1939477 0.2310304 0.2385722 0.2427750 0.1980062 0.1504004 0.1463198 0.1737575 0.2369245 0.2804063 0.2681909 0.2404803 0.2589080 0.2525233 0.1993904 0.1633535 0.1153286 0.4804579E-01 -9999.000 -9999.000 -9999.000
-9999.000 -9999.000 -9999.000 -9999.000 -9999.000 -9999.000 -9999.000 -9999.000 -9999.000 -9999.000 -9999.000 -9999.000 -9999.000 -9999.000 -9999.000 -9999.000 -9999.000 -9999.000 -9999.000 0.2089964E-01 0.5762962E-01 0.1378390 0.2186512 0.2089292 0.1712472 0.1317217 0.1068540 0.8871261E-01 0.5653546E-01 -9999.000 -9999.000 -9999.000 -9999.000 -9999.000 -9999.000 -9999.000 0.5679861E-01 0.1240278 0.1827072 0.2283681 0.2834353 0.3003017 0.2657298 0.2245978 0.2331376 0.3188224 0.3695081 0.3498463 0.3028451 0.2443172 0.2596573 0.3149791 0.3036274 0.2164158 0.1864329 0.1723762 0.1013243 -9999.000 -9999.000 -9999.000
