simulation_files/asc/Depth____000350.asc
NCOLS        79
NROWS        79
XLLCENTER         -1.500000
YLLCENTER         -4.800000
CELLSIZE           0.100
NODATA_VALUE     -9999.0
[rows 0 to 25 of 79, columns 0 to 58 of 79]
-9999.000 -9999.000 -9999.000 -9999.000 -9999.000 -9999.000 -9999.000 -9999.000 -9999.000 -9999.000 -9999.000 -9999.000 -9999.000 -9999.000 -9999.000 0.6569945 0.6573054 0.6572590 0.6571326 0.6569537 0.6567353 0.6564947 0.6562472 0.6559993 0.6557600 0.6555343 0.6553158 0.6550698 0.6546870 0.6546370 0.6546370 -9999.000 -9999.000 -9999.000 -9999.000 -9999.000 -9999.000 -9999.000 -9999.000 -9999.000 -9999.000 -9999.000 -9999.000 -9999.000 -9999.000 -9999.000 -9999.000 -9999.000 -9999.000 -9999.000 -9999.000 -9999.000 -9999.000 -9999.000 -9999.000 -9999.000 -9999.000 -9999.000 -9999.000
-9999.000 -9999.000 -9999.000 -9999.000 -9999.000 -9999.000 -9999.000 -9999.000 -9999.000 -9999.000 -9999.000 -9999.000 -9999.000 -9999.000 -9999.000 0.6587445 0.6590528 0.6590133 0.6589106 0.6587680 0.6585957 0.6584079 0.6582167 0.6580269 0.6578457 0.6576772 0.6575152 0.6573290 0.6570203 0.6570494 0.6570494 -9999.000 -9999.000 -9999.000 -9999.000 -9999.000 -9999.000 -9999.000 -9999.000 -9999.000 -9999.000 -9999.000 -9999.000 -9999.000 -9999.000 -9999.000 -9999.000 -9999.000 -9999.000 -9999.000 -9999.000 -9999.000 -9999.000 -9999.000 -9999.000 -9999.000 -9999.000 -9999.000 -9999.000
-9999.000 -9999.000 -9999.000 -9999.000 -9999.000 -9999.000 -9999.000 -9999.000 -9999.000 -9999.000 -9999.000 -9999.000 -9999.000 -9999.000 -9999.000 0.6606662 0.6610016 0.6609671 0.6608700 0.6607341 0.6605695 0.6603909 0.6602100 0.6600313 0.6598613 0.6597033 0.6595496 0.6593666 0.6590497 0.6590742 0.6590742 -9999.000 -9999.000 -9999.000 -9999.000 -9999.000 -9999.000 -9999.000 -9999.000 -9999.000 -9999.000 -9999.000 -9999.000 -9999.000 -9999.000 -9999.000 -9999.000 -9999.000 -9999.000 -9999.000 -9999.000 -9999.000 -9999.000 -9999.000 -9999.000 -9999.000 -9999.000 -9999.000 -9999.000
-9999.000 -9999.000 -9999.000 -9999.000 -9999.000 -9999.000 -9999.000 -9999.000 -9999.000 -9999.000 -9999.000 -9999.000 -9999.000 -9999.000 -9999.000 0.6626359 0.6629867 0.6629531 0.6628568 0.6627215 0.6625576 0.6623799 0.6622007 0.6620237 0.6618557 0.6616994 0.6615461 0.6613597 0.6610281 0.6610307 0.6610307 -9999.000 -9999.000 -9999.000 -9999.000 -9999.000 -9999.000 -9999.000 -9999.000 -9999.000 -9999.000 -9999.000 -9999.000 -9999.000 -9999.000 -9999.000 -9999.000 -9999.000 -9999.000 -9999.000 -9999.000 -9999.000 -9999.000 -9999.000 -9999.000 -9999.000 -9999.000 -9999.000 -9999.000
-9999.000 -9999.000 -9999.000 -9999.000 -9999.000 -9999.000 -9999.000 -9999.000 -9999.000 -9999.000 -9999.000 -9999.000 -9999.000 -9999.000 -9999.000 0.6646265 0.6649870 0.6649523 0.6648542 0.6647164 0.6645495 0.6643687 0.6641868 0.6640070 0.6638365 0.6636777 0.6635209 0.6633271 0.6629754 0.6629412 0.6629412 -9999.000 -9999.000 -9999.000 -9999.000 -9999.000 -9999.000 -9999.000 -9999.000 -9999.000 -9999.000 -9999.000 -9999.000 -9999.000 -9999.000 -9999.000 -9999.000 -9999.000 -9999.000 -9999.000 -9999.000 -9999.000 -9999.000 -9999.000 -9999.000 -9999.000 -9999.000 -9999.000 -9999.000
-9999.000 -9999.000 -9999.000 -9999.000 -9999.000 -9999.000 -9999.000 -9999.000 -9999.000 -9999.000 -9999.000 -9999.000 -9999.000 -9999.000 -9999.000 0.6666245 0.6669918 0.6669548 0.6668535 0.6667117 0.6665398 0.6663539 0.6661672 0.6659824 0.6658071 0.6656436 0.6654810 0.6652771 0.6648999 0.6648142 0.6648142 -9999.000 -9999.000 -9999.000 -9999.000 -9999.000 -9999.000 -9999.000 -9999.000 -9999.000 -9999.000 -9999.000 -9999.000 -9999.000 -9999.000 -9999.000 -9999.000 -9999.000 -9999.000 -9999.000 -9999.000 -9999.000 -9999.000 -9999.000 -9999.000 -9999.000 -9999.000 -9999.000 -9999.000
-9999.000 -9999.000 -9999.000 -9999.000 -9999.000 -9999.000 -9999.000 -9999.000 -9999.000 -9999.000 -9999.000 -9999.000 -9999.000 -9999.000 -9999.000 0.6686231 0.6689957 0.6689554 0.6688504 0.6687036 0.6685258 0.6683337 0.6681409 0.6679498 0.6677684 0.6675990 0.6674291 0.6672126 0.6668047 0.6666497 0.6666497 -9999.000 -9999.000 -9999.000 -9999.000 -9999.000 -9999.000 -9999.000 -9999.000 -9999.000 -9999.000 -9999.000 -9999.000 -9999.000 -9999.000 -9999.000 -9999.000 -9999.000 -9999.000 -9999.000 -9999.000 -9999.000 -9999.000 -9999.000 -9999.000 -9999.000 -9999.000 -9999.000 -9999.000
-9999.000 -9999.000 -9999.000 -9999.000 -9999.000 -9999.000 -9999.000 -9999.000 -9999.000 -9999.000 -9999.000 -9999.000 -9999.000 -9999.000 -9999.000 0.6706186 0.6709957 0.6709514 0.6708421 0.6706898 0.6705052 0.6703063 0.6701067 0.6699084 0.6697203 0.6695439 0.6693656 0.6691342 0.6686891 0.6684424 0.6684424 -9999.000 -9999.000 -9999.000 -9999.000 -9999.000 -9999.000 -9999.000 -9999.000 -9999.000 -9999.000 -9999.000 -9999.000 -9999.000 -9999.000 -9999.000 -9999.000 -9999.000 -9999.000 -9999.000 -9999.000 -9999.000 -9999.000 -9999.000 -9999.000 -9999.000 -9999.000 -9999.000 -9999.000
-9999.000 -9999.000 -9999.000 -9999.000 -9999.000 -9999.000 -9999.000 -9999.000 -9999.000 -9999.000 -9999.000 -9999.000 -9999.000 -9999.000 -9999.000 0.6726083 0.6729897 0.6729407 0.6728266 0.6726683 0.6724765 0.6722702 0.6720632 0.6718571 0.6716615 0.6714776 0.6712895 0.6710405 0.6705509 0.6701819 0.6701819 -9999.000 -9999.000 -9999.000 -9999.000 -9999.000 -9999.000 -9999.000 -9999.000 -9999.000 -9999.000 -9999.000 -9999.000 -9999.000 -9999.000 -9999.000 -9999.000 -9999.000 -9999.000 -9999.000 -9999.000 -9999.000 -9999.000 -9999.000 -9999.000 -9999.000 -9999.000 -9999.000 -9999.000
-9999.000 -9999.000 -9999.000 -9999.000 -9999.000 -9999.000 -9999.000 -9999.000 -9999.000 -9999.000 -9999.000 -9999.000 -9999.000 -9999.000 -9999.000 0.6745899 0.6749758 0.6749215 0.6748022 0.6746375 0.6744378 0.6742235 0.6740087 0.6737941 0.6735903 0.6733980 0.6731989 0.6729291 0.6723857 0.6718522 0.6718522 -9999.000 -9999.000 -9999.000 -9999.000 -9999.000 -9999.000 -9999.000 -9999.000 -9999.000 -9999.000 -9999.000 -9999.000 -9999.000 -9999.000 -9999.000 -9999.000 -9999.000 -9999.000 -9999.000 -9999.000 -9999.000 -9999.000 -9999.000 -9999.000 -9999.000 -9999.000 -9999.000 -9999.000
-9999.000 -9999.000 -9999.000 -9999.000 -9999.000 -9999.000 -9999.000 -9999.000 -9999.000 -9999.000 -9999.000 -9999.000 -9999.000 -9999.000 -9999.000 0.6765611 0.6769519 0.6768917 0.6767667 0.6765950 0.6763868 0.6761640 0.6759409 0.6757169 0.6755041 0.6753026 0.6750907 0.6747961 0.6741872 0.6734290 0.6734290 -9999.000 -9999.000 -9999.000 -9999.000 -9999.000 -9999.000 -9999.000 -9999.000 -9999.000 -9999.000 -9999.000 -9999.000 -9999.000 -9999.000 -9999.000 -9999.000 -9999.000 -9999.000 -9999.000 -9999.000 -9999.000 -9999.000 -9999.000 -9999.000 -9999.000 -9999.000 -9999.000 -9999.000
-9999.000 -9999.000 -9999.000 -9999.000 -9999.000 -9999.000 -9999.000 -9999.000 -9999.000 -9999.000 -9999.000 -9999.000 -9999.000 -9999.000 -9999.000 0.6785184 0.6789153 0.6788484 0.6787173 0.6785381 0.6783207 0.6780887 0.6778566 0.6776222 0.6773996 0.6771874 0.6769604 0.6766356 0.6759461 0.6748748 0.6748748 -9999.000 -9999.000 -9999.000 -9999.000 -9999.000 -9999.000 -9999.000 -9999.000 -9999.000 -9999.000 -9999.000 -9999.000 -9999.000 -9999.000 -9999.000 -9999.000 -9999.000 -9999.000 -9999.000 -9999.000 -9999.000 -9999.000 -9999.000 -9999.000 -9999.000 -9999.000 -9999.000 -9999.000
-9999.000 -9999.000 -9999.000 -9999.000 -9999.000 -9999.000 -9999.000 -9999.000 -9999.000 -9999.000 -9999.000 -9999.000 -9999.000 -9999.000 -9999.000 0.6804572 0.6808622 0.6807877 0.6806499 0.6804626 0.6802351 0.6799931 0.6797511 0.6795051 0.6792712 0.6790467 0.6788013 0.6784387 0.6776484 0.6761302 0.6761302 -9999.000 -9999.000 -9999.000 -9999.000 -9999.000 -9999.000 -9999.000 -9999.000 -9999.000 -9999.000 -9999.000 -9999.000 -9999.000 -9999.000 -9999.000 -9999.000 -9999.000 -9999.000 -9999.000 -9999.000 -9999.000 -9999.000 -9999.000 -9999.000 -9999.000 -9999.000 -9999.000 -9999.000
-9999.000 -9999.000 -9999.000 -9999.000 -9999.000 -9999.000 -9999.000 -9999.000 -9999.000 -9999.000 -9999.000 -9999.000 -9999.000 -9999.000 -9999.000 0.6823581 0.6827799 0.6827004 0.6825578 0.6823634 0.6821257 0.6818731 0.6816200 0.6813601 0.6811125 0.6808725 0.6806036 0.6801925 0.6792734 0.6771005 0.6771005 -9999.000 -9999.000 -9999.000 -9999.000 -9999.000 -9999.000 -9999.000 -9999.000 -9999.000 -9999.000 -9999.000 -9999.000 -9999.000 -9999.000 -9999.000 -9999.000 -9999.000 -9999.000 -9999.000 -9999.000 -9999.000 -9999.000 -9999.000 -9999.000 -9999.000 -9999.000 -9999.000 -9999.000
-9999.000 -9999.000 -9999.000 -9999.000 -9999.000 -9999.000 -9999.000 -9999.000 -9999.000 -9999.000 -9999.000 -9999.000 -9999.000 -9999.000 -9999.000 0.6813928 0.6839762 0.6847053 0.6847874 0.6847212 0.6845306 0.6842661 0.6839627 0.6836266 0.6832932 0.6829651 0.6826000 0.6820505 0.6808311 0.6769683 0.6769683 -9999.000 -9999.000 -9999.000 -9999.000 -9999.000 -9999.000 -9999.000 -9999.000 -9999.000 -9999.000 -9999.000 -9999.000 -9999.000 -9999.000 -9999.000 -9999.000 -9999.000 -9999.000 -9999.000 -9999.000 -9999.000 -9999.000 -9999.000 -9999.000 -9999.000 -9999.000 -9999.000 -9999.000
0.7460633 0.7460633 0.7454941 0.7293903 0.7256843 0.7256843 0.7225414 0.7172768 0.7172768 0.7129824 0.7129824 0.7093854 0.7077861 0.7062944 0.7048777 0.7048777 0.6874351 0.6863772 0.6865276 0.6871907 0.6882950 0.6899693 0.6921200 0.6943563 0.6966863 0.6988453 0.7002035 0.6991779 0.6915350 0.6611189 0.6611189 0.4581439 0.4246244 0.4063256 0.4003567 0.4003567 0.3918107 0.3918107 0.3980259 0.3980259 0.4108996 0.4631485 0.4631485 0.5635661 0.5635661 0.5966443 0.5966443 0.5966443 0.5935882 0.5935882 0.5828939 0.5828939 0.5696667 0.5696667 0.5562949 0.5562949 0.5442914 0.5442914 0.5442914
0.7435642 0.7435642 0.7441679 0.7285933 0.7247576 0.7247576 0.7215565 0.7162705 0.7162705 0.7119908 0.7119908 0.7084083 0.7068152 0.7053295 0.7039189 0.7039189 0.6886733 0.6845879 0.6810133 0.6778669 0.6752949 0.6735277 0.6726680 0.6726356 0.6734408 0.6749589 0.6768690 0.6786290 0.6775464 0.6636689 0.6636689 0.5252402 0.4734845 0.4238917 0.4104711 0.4104711 0.3963899 0.3963899 0.4014320 0.4014320 0.4133542 0.4584228 0.4584228 0.5421342 0.5421342 0.5954795 0.5954795 0.5954795 0.5937616 0.5937616 0.5832657 0.5832657 0.5700418 0.5700418 0.5567470 0.5567470 0.5447765 0.5447765 0.5447765
0.7425981 0.7425981 0.7430317 0.7288240 0.7248762 0.7248762 0.7215844 0.7162333 0.7162333 0.7119481 0.7119481 0.7083644 0.7067688 0.7052797 0.7038636 0.7038636 0.6894634 0.6826504 0.6760374 0.6699603 0.6646712 0.6603919 0.6572427 0.6552044 0.6542808 0.6544060 0.6553632 0.6566864 0.6564977 0.6480101 0.6480101 0.5581440 0.5046049 0.4415319 0.4231849 0.4231849 0.4060869 0.4060869 0.4145855 0.4145855 0.4278927 0.4675473 0.4675473 0.5300912 0.5300912 0.5897900 0.5897900 0.5897900 0.5917976 0.5917976 0.5825721 0.5825721 0.5697592 0.5697592 0.5566601 0.5566601 0.5448200 0.5448200 0.5448200
0.7425149 0.7425149 0.7410421 0.7290697 0.7250351 0.7250351 0.7216495 0.7162273 0.7162273 0.7119444 0.7119444 0.7083685 0.7067744 0.7052860 0.7038645 0.7038645 0.6895673 0.6802422 0.6707785 0.6619275 0.6540943 0.6475267 0.6423519 0.6385671 0.6361443 0.6350091 0.6349843 0.6356966 0.6357637 0.6301531 0.6301531 0.5723564 0.5244424 0.4589681 0.4391644 0.4391644 0.4245487 0.4245487 0.4393705 0.4393705 0.4533052 0.4838581 0.4838581 0.5234474 0.5234474 0.5784953 0.5784953 0.5784953 0.5856048 0.5856048 0.5793246 0.5793246 0.5679038 0.5679038 0.5555349 0.5555349 0.5442301 0.5442301 0.5442301
0.7422451 0.7422451 0.7396809 0.7292699 0.7251796 0.7251796 0.7217119 0.7162193 0.7162193 0.7119375 0.7119375 0.7083682 0.7067749 0.7052868 0.7038569 0.7038569 0.6886715 0.6769583 0.6647980 0.6532810 0.6429597 0.6341339 0.6269545 0.6214468 0.6175764 0.6152578 0.6143246 0.6144556 0.6146201 0.6111445 0.6111445 0.5739379 0.5343903 0.4746371 0.4579550 0.4579550 0.4538070 0.4538070 0.4745664 0.4745664 0.4859687 0.5028102 0.5028102 0.5212675 0.5212675 0.5637950 0.5637950 0.5637950 0.5752833 0.5752833 0.5732146 0.5732146 0.5643444 0.5643444 0.5534698 0.5534698 0.5432208 0.5432208 0.5432208
0.7420550 0.7420550 0.7387108 0.7294070 0.7252905 0.7252905 0.7217624 0.7162127 0.7162127 0.7119315 0.7119315 0.7083680 0.7067757 0.7052875 0.7038453 0.7038453 0.6865244 0.6724142 0.6576851 0.6436450 0.6309466 0.6199329 0.6107789 0.6035386 0.5981916 0.5946598 0.5927934 0.5923158 0.5924532 0.5905704 0.5905704 0.5670686 0.5366477 0.4902155 0.4823245 0.4823245 0.4947129 0.4947129 0.5147004 0.5147004 0.5196402 0.5208151 0.5208151 0.5225191 0.5225191 0.5489571 0.5489571 0.5489571 0.5622206 0.5622206 0.5644116 0.5644116 0.5589731 0.5589731 0.5504069 0.5504069 0.5418220 0.5418220 0.5418220
0.7419420 0.7419420 0.7381296 0.7294872 0.7253604 0.7253604 0.7217953 0.7162083 0.7162083 0.7119274 0.7119274 0.7083679 0.7067762 0.7052880 0.7038284 0.7038284 0.6828429 0.6661939 0.6489724 0.6325640 0.6176534 0.6045960 0.5935740 0.5846586 0.5778461 0.5730755 0.5702226 0.5690600 0.5690173 0.5682805 0.5682805 0.5543025 0.5335329 0.5107328 0.5176221 0.5176221 0.5438644 0.5438644 0.5522326 0.5522326 0.5487973 0.5362628 0.5362628 0.5261186 0.5261186 0.5364627 0.5364627 0.5364627 0.5483124 0.5483124 0.5535675 0.5535675 0.5518447 0.5518447 0.5462773 0.5462773 0.5399981 0.5399981 0.5399981
0.7419046 0.7419046 0.7379361 0.7295135 0.7253842 0.7253842 0.7218066 0.7162067 0.7162067 0.7119260 0.7119260 0.7083681 0.7067765 0.7052881 0.7038041 0.7038041 0.6772552 0.6578097 0.6381145 0.6194912 0.6025766 0.5876912 0.5749956 0.5645558 0.5563741 0.5504061 0.5465550 0.5446450 0.5442827 0.5443799 0.5443799 0.5376494 0.5283308 0.5441649 0.5674912 0.5674912 0.5922397 0.5922397 0.5818968 0.5818968 0.5713387 0.5491836 0.5491836 0.5311735 0.5311735 0.5274287 0.5274287 0.5274287 0.5353019 0.5353019 0.5416940 0.5416940 0.5432690 0.5432690 0.5411080 0.5411080 0.5377237 0.5377237 0.5377237
0.7419420 0.7419420 0.7381296 0.7294871 0.7253604 0.7253604 0.7217952 0.7162083 0.7162083 0.7119274 0.7119274 0.7083680 0.7067763 0.7052879 0.7037694 0.7037694 0.6692255 0.6466321 0.6244396 0.6037617 0.5850964 0.5686719 0.5545875 0.5428746 0.5335235 0.5264943 0.5217134 0.5190556 0.5183102 0.5192425 0.5192425 0.5196828 0.5274253 0.5965657 0.6265926 0.6265926 0.6302224 0.6302224 0.6031494 0.6031494 0.5881435 0.5601044 0.5601044 0.5369168 0.5369168 0.5218060 0.5218060 0.5218060 0.5243464 0.5243464 0.5299211 0.5299211 0.5338228 0.5338228 0.5350883 0.5350883 0.5350303 0.5350303 0.5350303
0.7420550 0.7420550 0.7387109 0.7294070 0.7252907 0.7252907 0.7217624 0.7162128 0.7162128 0.7119313 0.7119313 0.7083680 0.7067757 0.7052873 0.7037206 0.7037206 0.6579391 0.6317872 0.6070731 0.5845404 0.5644463 0.5468584 0.5317686 0.5191412 0.5089304 0.5010859 0.4955456 0.4922349 0.4912163 0.4938463 0.4938463 0.5057401 0.5432808 0.6619238 0.6792173 0.6792173 0.6548869 0.6548869 0.6181971 0.6181971 0.6009310 0.5693979 0.5693979 0.5427140 0.5427140 0.5189199 0.5189199 0.5189199 0.5159252 0.5159252 0.5192437 0.5192437 0.5242749 0.5242749 0.5286051 0.5286051 0.5320504 0.5320504 0.5320504
0.7422451 0.7422451 0.7396812 0.7292699 0.7251796 0.7251796 0.7217119 0.7162194 0.7162194 0.7119374 0.7119374 0.7083681 0.7067751 0.7052867 0.7036521 0.7036521 0.6420988 0.6119843 0.5848055 0.5607309 0.5396528 0.5214003 0.5058094 0.4927447 0.4821024 0.4738046 0.4677893 0.4640498 0.4633172 0.4712678 0.4712678 0.5086144 0.5919085 0.7187089 0.7119852 0.7119852 0.6698575 0.6698575 0.6291980 0.6291980 0.6108962 0.5771459 0.5771459 0.5480587 0.5480587 0.5179138 0.5179138 0.5179138 0.5099736 0.5099736 0.5103465 0.5103465 0.5154409 0.5154409 0.5222078 0.5222078 0.5290250 0.5290250 0.5290250
