simulation_files/asc/Depth____000242.asc
NCOLS        79
NROWS        79
XLLCENTER         -1.500000
YLLCENTER         -4.800000
CELLSIZE           0.100
NODATA_VALUE     -9999.0
[rows 0 to 25 of 79, columns 0 to 58 of 79]
-9999.000 -9999.000 -9999.000 -9999.000 -9999.000 -9999.000 -9999.000 -9999.000 -9999.000 -9999.000 -9999.000 -9999.000 -9999.000 -9999.000 -9999.000 0.7470647 0.7476131 0.7478550 0.7478899 0.7477015 0.7474158 0.7470949 0.7467613 0.7464423 0.7461445 0.7458701 0.7456186 0.7453616 0.7449893 0.7449580 0.7449580 -9999.000 -9999.000 -9999.000 -9999.000 -9999.000 -9999.000 -9999.000 -9999.000 -9999.000 -9999.000 -9999.000 -9999.000 -9999.000 -9999.000 -9999.000 -9999.000 -9999.000 -9999.000 -9999.000 -9999.000 -9999.000 -9999.000 -9999.000 -9999.000 -9999.000 -9999.000 -9999.000 -9999.000
-9999.000 -9999.000 -9999.000 -9999.000 -9999.000 -9999.000 -9999.000 -9999.000 -9999.000 -9999.000 -9999.000 -9999.000 -9999.000 -9999.000 -9999.000 0.7488754 0.7493685 0.7495652 0.7495923 0.7494382 0.7492107 0.7489605 0.7487045 0.7484639 0.7482427 0.7480415 0.7478586 0.7476683 0.7473727 0.7474295 0.7474295 -9999.000 -9999.000 -9999.000 -9999.000 -9999.000 -9999.000 -9999.000 -9999.000 -9999.000 -9999.000 -9999.000 -9999.000 -9999.000 -9999.000 -9999.000 -9999.000 -9999.000 -9999.000 -9999.000 -9999.000 -9999.000 -9999.000 -9999.000 -9999.000 -9999.000 -9999.000 -9999.000 -9999.000
-9999.000 -9999.000 -9999.000 -9999.000 -9999.000 -9999.000 -9999.000 -9999.000 -9999.000 -9999.000 -9999.000 -9999.000 -9999.000 -9999.000 -9999.000 0.7507820 0.7513129 0.7515223 0.7515587 0.7514101 0.7511877 0.7509443 0.7506961 0.7504649 0.7502536 0.7500617 0.7498865 0.7497001 0.7493988 0.7494515 0.7494515 -9999.000 -9999.000 -9999.000 -9999.000 -9999.000 -9999.000 -9999.000 -9999.000 -9999.000 -9999.000 -9999.000 -9999.000 -9999.000 -9999.000 -9999.000 -9999.000 -9999.000 -9999.000 -9999.000 -9999.000 -9999.000 -9999.000 -9999.000 -9999.000 -9999.000 -9999.000 -9999.000 -9999.000
-9999.000 -9999.000 -9999.000 -9999.000 -9999.000 -9999.000 -9999.000 -9999.000 -9999.000 -9999.000 -9999.000 -9999.000 -9999.000 -9999.000 -9999.000 0.7527399 0.7532952 0.7535118 0.7535513 0.7534012 0.7531772 0.7529325 0.7526836 0.7524528 0.7522420 0.7520506 0.7518754 0.7516862 0.7513731 0.7514043 0.7514043 -9999.000 -9999.000 -9999.000 -9999.000 -9999.000 -9999.000 -9999.000 -9999.000 -9999.000 -9999.000 -9999.000 -9999.000 -9999.000 -9999.000 -9999.000 -9999.000 -9999.000 -9999.000 -9999.000 -9999.000 -9999.000 -9999.000 -9999.000 -9999.000 -9999.000 -9999.000 -9999.000 -9999.000
-9999.000 -9999.000 -9999.000 -9999.000 -9999.000 -9999.000 -9999.000 -9999.000 -9999.000 -9999.000 -9999.000 -9999.000 -9999.000 -9999.000 -9999.000 0.7547169 0.7552916 0.7555128 0.7555525 0.7553976 0.7551682 0.7549188 0.7546652 0.7544308 0.7542167 0.7540220 0.7538431 0.7536478 0.7533180 0.7533138 0.7533138 -9999.000 -9999.000 -9999.000 -9999.000 -9999.000 -9999.000 -9999.000 -9999.000 -9999.000 -9999.000 -9999.000 -9999.000 -9999.000 -9999.000 -9999.000 -9999.000 -9999.000 -9999.000 -9999.000 -9999.000 -9999.000 -9999.000 -9999.000 -9999.000 -9999.000 -9999.000 -9999.000 -9999.000
-9999.000 -9999.000 -9999.000 -9999.000 -9999.000 -9999.000 -9999.000 -9999.000 -9999.000 -9999.000 -9999.000 -9999.000 -9999.000 -9999.000 -9999.000 0.7566997 0.7572915 0.7575157 0.7575538 0.7573920 0.7571558 0.7569000 0.7566400 0.7564003 0.7561811 0.7559812 0.7557969 0.7555932 0.7552426 0.7551895 0.7551895 -9999.000 -9999.000 -9999.000 -9999.000 -9999.000 -9999.000 -9999.000 -9999.000 -9999.000 -9999.000 -9999.000 -9999.000 -9999.000 -9999.000 -9999.000 -9999.000 -9999.000 -9999.000 -9999.000 -9999.000 -9999.000 -9999.000 -9999.000 -9999.000 -9999.000 -9999.000 -9999.000 -9999.000
-9999.000 -9999.000 -9999.000 -9999.000 -9999.000 -9999.000 -9999.000 -9999.000 -9999.000 -9999.000 -9999.000 -9999.000 -9999.000 -9999.000 -9999.000 0.7586823 0.7592900 0.7595158 0.7595511 0.7593812 0.7591370 0.7588741 0.7586068 0.7583612 0.7581360 0.7579299 0.7577391 0.7575253 0.7571495 0.7570317 0.7570317 -9999.000 -9999.000 -9999.000 -9999.000 -9999.000 -9999.000 -9999.000 -9999.000 -9999.000 -9999.000 -9999.000 -9999.000 -9999.000 -9999.000 -9999.000 -9999.000 -9999.000 -9999.000 -9999.000 -9999.000 -9999.000 -9999.000 -9999.000 -9999.000 -9999.000 -9999.000 -9999.000 -9999.000
-9999.000 -9999.000 -9999.000 -9999.000 -9999.000 -9999.000 -9999.000 -9999.000 -9999.000 -9999.000 -9999.000 -9999.000 -9999.000 -9999.000 -9999.000 0.7606618 0.7612847 0.7615108 0.7615422 0.7613628 0.7611101 0.7608396 0.7605645 0.7603127 0.7600810 0.7598681 0.7596700 0.7594445 0.7590387 0.7588364 0.7588364 -9999.000 -9999.000 -9999.000 -9999.000 -9999.000 -9999.000 -9999.000 -9999.000 -9999.000 -9999.000 -9999.000 -9999.000 -9999.000 -9999.000 -9999.000 -9999.000 -9999.000 -9999.000 -9999.000 -9999.000 -9999.000 -9999.000 -9999.000 -9999.000 -9999.000 -9999.000 -9999.000 -9999.000
-9999.000 -9999.000 -9999.000 -9999.000 -9999.000 -9999.000 -9999.000 -9999.000 -9999.000 -9999.000 -9999.000 -9999.000 -9999.000 -9999.000 -9999.000 0.7626364 0.7632741 0.7634991 0.7635253 0.7633351 0.7630731 0.7627950 0.7625118 0.7622536 0.7620152 0.7617950 0.7615888 0.7613497 0.7609084 0.7605951 0.7605951 -9999.000 -9999.000 -9999.000 -9999.000 -9999.000 -9999.000 -9999.000 -9999.000 -9999.000 -9999.000 -9999.000 -9999.000 -9999.000 -9999.000 -9999.000 -9999.000 -9999.000 -9999.000 -9999.000 -9999.000 -9999.000 -9999.000 -9999.000 -9999.000 -9999.000 -9999.000 -9999.000 -9999.000
-9999.000 -9999.000 -9999.000 -9999.000 -9999.000 -9999.000 -9999.000 -9999.000 -9999.000 -9999.000 -9999.000 -9999.000 -9999.000 -9999.000 -9999.000 0.7646047 0.7652568 0.7654791 0.7654989 0.7652963 0.7650246 0.7647384 0.7644467 0.7641824 0.7639368 0.7637088 0.7634937 0.7632390 0.7627552 0.7622952 0.7622952 -9999.000 -9999.000 -9999.000 -9999.000 -9999.000 -9999.000 -9999.000 -9999.000 -9999.000 -9999.000 -9999.000 -9999.000 -9999.000 -9999.000 -9999.000 -9999.000 -9999.000 -9999.000 -9999.000 -9999.000 -9999.000 -9999.000 -9999.000 -9999.000 -9999.000 -9999.000 -9999.000 -9999.000
-9999.000 -9999.000 -9999.000 -9999.000 -9999.000 -9999.000 -9999.000 -9999.000 -9999.000 -9999.000 -9999.000 -9999.000 -9999.000 -9999.000 -9999.000 0.7665651 0.7672313 0.7674491 0.7674609 0.7672443 0.7669622 0.7666678 0.7663673 0.7660967 0.7658436 0.7656072 0.7653823 0.7651094 0.7645746 0.7639183 0.7639183 -9999.000 -9999.000 -9999.000 -9999.000 -9999.000 -9999.000 -9999.000 -9999.000 -9999.000 -9999.000 -9999.000 -9999.000 -9999.000 -9999.000 -9999.000 -9999.000 -9999.000 -9999.000 -9999.000 -9999.000 -9999.000 -9999.000 -9999.000 -9999.000 -9999.000 -9999.000 -9999.000 -9999.000
-9999.000 -9999.000 -9999.000 -9999.000 -9999.000 -9999.000 -9999.000 -9999.000 -9999.000 -9999.000 -9999.000 -9999.000 -9999.000 -9999.000 -9999.000 0.7685152 0.7691956 0.7694070 0.7694089 0.7691763 0.7688830 0.7685802 0.7682703 0.7679936 0.7677327 0.7674870 0.7672511 0.7669564 0.7663600 0.7654369 0.7654369 -9999.000 -9999.000 -9999.000 -9999.000 -9999.000 -9999.000 -9999.000 -9999.000 -9999.000 -9999.000 -9999.000 -9999.000 -9999.000 -9999.000 -9999.000 -9999.000 -9999.000 -9999.000 -9999.000 -9999.000 -9999.000 -9999.000 -9999.000 -9999.000 -9999.000 -9999.000 -9999.000 -9999.000
-9999.000 -9999.000 -9999.000 -9999.000 -9999.000 -9999.000 -9999.000 -9999.000 -9999.000 -9999.000 -9999.000 -9999.000 -9999.000 -9999.000 -9999.000 0.7704464 0.7711421 0.7713459 0.7713391 0.7710900 0.7707849 0.7704734 0.7701536 0.7698707 0.7696009 0.7693447 0.7690960 0.7687749 0.7681028 0.7668095 0.7668095 -9999.000 -9999.000 -9999.000 -9999.000 -9999.000 -9999.000 -9999.000 -9999.000 -9999.000 -9999.000 -9999.000 -9999.000 -9999.000 -9999.000 -9999.000 -9999.000 -9999.000 -9999.000 -9999.000 -9999.000 -9999.000 -9999.000 -9999.000 -9999.000 -9999.000 -9999.000 -9999.000 -9999.000
-9999.000 -9999.000 -9999.000 -9999.000 -9999.000 -9999.000 -9999.000 -9999.000 -9999.000 -9999.000 -9999.000 -9999.000 -9999.000 -9999.000 -9999.000 0.7721066 0.7728793 0.7731559 0.7732562 0.7730405 0.7727259 0.7724040 0.7720687 0.7717735 0.7714874 0.7712129 0.7709435 0.7705856 0.7698160 0.7680011 0.7680011 -9999.000 -9999.000 -9999.000 -9999.000 -9999.000 -9999.000 -9999.000 -9999.000 -9999.000 -9999.000 -9999.000 -9999.000 -9999.000 -9999.000 -9999.000 -9999.000 -9999.000 -9999.000 -9999.000 -9999.000 -9999.000 -9999.000 -9999.000 -9999.000 -9999.000 -9999.000 -9999.000 -9999.000
-9999.000 -9999.000 -9999.000 -9999.000 -9999.000 -9999.000 -9999.000 -9999.000 -9999.000 -9999.000 -9999.000 -9999.000 -9999.000 -9999.000 -9999.000 0.7608330 0.7699225 0.7748744 0.7780017 0.7784505 0.7775770 0.7766938 0.7758320 0.7750834 0.7744129 0.7738203 0.7732878 0.7726821 0.7715681 0.7682495 0.7682495 -9999.000 -9999.000 -9999.000 -9999.000 -9999.000 -9999.000 -9999.000 -9999.000 -9999.000 -9999.000 -9999.000 -9999.000 -9999.000 -9999.000 -9999.000 -9999.000 -9999.000 -9999.000 -9999.000 -9999.000 -9999.000 -9999.000 -9999.000 -9999.000 -9999.000 -9999.000 -9999.000 -9999.000
0.8626313 0.8626313 0.8586384 0.8500479 0.8416687 0.8416687 0.8381739 0.8327739 0.8327739 0.8283789 0.8283789 0.8247065 0.8230758 0.8215545 0.8200251 0.8200251 0.7787514 0.7772616 0.7758295 0.7748488 0.7761827 0.7780458 0.7802159 0.7831801 0.7861819 0.7890105 0.7913903 0.7919346 0.7864189 0.7582449 0.7582449 0.5405634 0.5007237 0.4751877 0.4664736 0.4664736 0.4519669 0.4519669 0.4501043 0.4501043 0.4586820 0.5027528 0.5027528 0.5881535 0.5881535 0.6781909 0.6781909 0.6781909 0.6834463 0.6834463 0.6743458 0.6743458 0.6596615 0.6596615 0.6437353 0.6437353 0.6286824 0.6286824 0.6286824
0.8596169 0.8596169 0.8566989 0.8479784 0.8407786 0.8407786 0.8371003 0.8316309 0.8316309 0.8272476 0.8272476 0.8235922 0.8219694 0.8204558 0.8189359 0.8189359 0.7834065 0.7768307 0.7713196 0.7665349 0.7632067 0.7608200 0.7593103 0.7589337 0.7594907 0.7608681 0.7629218 0.7650367 0.7654225 0.7572210 0.7572210 0.6109080 0.5536214 0.4953520 0.4784598 0.4784598 0.4575514 0.4575514 0.4550074 0.4550074 0.4631971 0.5026184 0.5026184 0.5728442 0.5728442 0.6710035 0.6710035 0.6710035 0.6817437 0.6817437 0.6742136 0.6742136 0.6600496 0.6600496 0.6443660 0.6443660 0.6294175 0.6294175 0.6294175
0.8581477 0.8581477 0.8561445 0.8474879 0.8410153 0.8410153 0.8371947 0.8316005 0.8316005 0.8272000 0.8272000 0.8235408 0.8219161 0.8203998 0.8188646 0.8188646 0.7870387 0.7763268 0.7669348 0.7586406 0.7518755 0.7464784 0.7423406 0.7395590 0.7380381 0.7376829 0.7383860 0.7397313 0.7403951 0.7353722 0.7353722 0.6449583 0.5862582 0.5141342 0.4917974 0.4917974 0.4668336 0.4668336 0.4684398 0.4684398 0.4796057 0.5183973 0.5183973 0.5726450 0.5726450 0.6599050 0.6599050 0.6599050 0.6762761 0.6762761 0.6719356 0.6719356 0.6591007 0.6591007 0.6439487 0.6439487 0.6292760 0.6292760 0.6292760
0.8571861 0.8571861 0.8556992 0.8472907 0.8412902 0.8412902 0.8373450 0.8316082 0.8316082 0.8271931 0.8271931 0.8235378 0.8219144 0.8203988 0.8188406 0.8188406 0.7895500 0.7754394 0.7623955 0.7506620 0.7406344 0.7323556 0.7257606 0.7208518 0.7175369 0.7156903 0.7151759 0.7156694 0.7161966 0.7131423 0.7131423 0.6569230 0.6057491 0.5317720 0.5074857 0.5074857 0.4840856 0.4840856 0.4943382 0.4943382 0.5088056 0.5432075 0.5432075 0.5783390 0.5783390 0.6447767 0.6447767 0.6447767 0.6652859 0.6652859 0.6657251 0.6657251 0.6556941 0.6556941 0.6419969 0.6419969 0.6282040 0.6282040 0.6282040
0.8567396 0.8567396 0.8556662 0.8473135 0.8415712 0.8415712 0.8375030 0.8316188 0.8316188 0.8271868 0.8271868 0.8235356 0.8219137 0.8203987 0.8188041 0.8188041 0.7905067 0.7735111 0.7571507 0.7421499 0.7289870 0.7178460 0.7087457 0.7016752 0.6965525 0.6932420 0.6915804 0.6912778 0.6915901 0.6899266 0.6899266 0.6550466 0.6139391 0.5462925 0.5245082 0.5245082 0.5119138 0.5119138 0.5334260 0.5334260 0.5482866 0.5711764 0.5711764 0.5865733 0.5865733 0.6287574 0.6287574 0.6287574 0.6501445 0.6501445 0.6556079 0.6556079 0.6496621 0.6496621 0.6385000 0.6385000 0.6263394 0.6263394 0.6263394
0.8571102 0.8571102 0.8544509 0.8474290 0.8418056 0.8418056 0.8376375 0.8316322 0.8316322 0.8271871 0.8271871 0.8235402 0.8219191 0.8204045 0.8187557 0.8187557 0.7896091 0.7699735 0.7506052 0.7325885 0.7165029 0.7026268 0.6910545 0.6817994 0.6748034 0.6699473 0.6670685 0.6659071 0.6658863 0.6651700 0.6651700 0.6440278 0.6132040 0.5587625 0.5452058 0.5452058 0.5532458 0.5532458 0.5814274 0.5814274 0.5911723 0.5970411 0.5970411 0.5953828 0.5953828 0.6148287 0.6148287 0.6148287 0.6333767 0.6333767 0.6424537 0.6424537 0.6410683 0.6410683 0.6333694 0.6333694 0.6236503 0.6236503 0.6236503
0.8571544 0.8571544 0.8538768 0.8475099 0.8419485 0.8419485 0.8377203 0.8316350 0.8316350 0.8271782 0.8271782 0.8235331 0.8219126 0.8203986 0.8186744 0.8186744 0.7865623 0.7642850 0.7421288 0.7213673 0.7026364 0.6862595 0.6723747 0.6610219 0.6521690 0.6457245 0.6415476 0.6394179 0.6388959 0.6387348 0.6387348 0.6266760 0.6058475 0.5734975 0.5756880 0.5756880 0.6077719 0.6077719 0.6293073 0.6293073 0.6295357 0.6182725 0.6182725 0.6040215 0.6040215 0.6045949 0.6045949 0.6045949 0.6174088 0.6174088 0.6276474 0.6276474 0.6302958 0.6302958 0.6265960 0.6265960 0.6200730 0.6200730 0.6200730
0.8571683 0.8571683 0.8536875 0.8475361 0.8419962 0.8419962 0.8377488 0.8316372 0.8316372 0.8271770 0.8271770 0.8235327 0.8219123 0.8203986 0.8185676 0.8185676 0.7809960 0.7558687 0.7310382 0.7077869 0.6867276 0.6681685 0.6522479 0.6390100 0.6284379 0.6204649 0.6149791 0.6118075 0.6106389 0.6107535 0.6107535 0.6050923 0.5947784 0.5989238 0.6234050 0.6234050 0.6674513 0.6674513 0.6685582 0.6685582 0.6590303 0.6349116 0.6349116 0.6123124 0.6123124 0.5982677 0.5982677 0.5982677 0.6038851 0.6038851 0.6127226 0.6127226 0.6180638 0.6180638 0.6183603 0.6183603 0.6156029 0.6156029 0.6156029
0.8571544 0.8571544 0.8538768 0.8475097 0.8419486 0.8419486 0.8377202 0.8316351 0.8316351 0.8271784 0.8271784 0.8235330 0.8219126 0.8203987 0.8184196 0.8184196 0.7723444 0.7440039 0.7165340 0.6910391 0.6680087 0.6476649 0.6300935 0.6153101 0.6032892 0.5939750 0.5872815 0.5830831 0.5812114 0.5816043 0.5816043 0.5816652 0.5853573 0.6456162 0.6890822 0.6890822 0.7187874 0.7187874 0.6961990 0.6961990 0.6800083 0.6481249 0.6481249 0.6202030 0.6202030 0.5952243 0.5952243 0.5952243 0.5935181 0.5935181 0.5990135 0.5990135 0.6053439 0.6053439 0.6090928 0.6090928 0.6103688 0.6103688 0.6103688
0.8571104 0.8571104 0.8544508 0.8474289 0.8418055 0.8418055 0.8376374 0.8316323 0.8316323 0.8271871 0.8271871 0.8235402 0.8219191 0.8204045 0.8182209 0.8182209 0.7597215 0.7277013 0.6975954 0.6701303 0.6455494 0.6239067 0.6051791 0.5893137 0.5762483 0.5659178 0.5582493 0.5531644 0.5507175 0.5521650 0.5521650 0.5609031 0.5889177 0.7160754 0.7586289 0.7586289 0.7530466 0.7530466 0.7145312 0.7145312 0.6949747 0.6589095 0.6589095 0.6275113 0.6275113 0.5945134 0.5945134 0.5945134 0.5862558 0.5862558 0.5874159 0.5874159 0.5931785 0.5931785 0.5994524 0.5994524 0.6046651 0.6046651 0.6046651
0.8567398 0.8567398 0.8556661 0.8473136 0.8415712 0.8415712 0.8375028 0.8316189 0.8316189 0.8271868 0.8271868 0.8235356 0.8219137 0.8203988 0.8179359 0.8179359 0.7416803 0.7054999 0.6728364 0.6437895 0.6182065 0.5958818 0.5766231 0.5602706 0.5466992 0.5358143 0.5275416 0.5218629 0.5193907 0.5251664 0.5251664 0.5540466 0.6243506 0.7928076 0.8097327 0.8097327 0.7721872 0.7721872 0.7269890 0.7269890 0.7060462 0.6677324 0.6677324 0.6339655 0.6339655 0.5952077 0.5952077 0.5952077 0.5816057 0.5816057 0.5783384 0.5783384 0.5824685 0.5824685 0.5902445 0.5902445 0.5989573 0.5989573 0.5989573
