simulation_files/asc/Depth____000246.asc
NCOLS        79
NROWS        79
XLLCENTER         -1.500000
YLLCENTER         -4.800000
CELLSIZE           0.100
NODATA_VALUE     -9999.0
[rows 0 to 25 of 79, columns 0 to 58 of 79]
-9999.000 -9999.000 -9999.000 -9999.000 -9999.000 -9999.000 -9999.000 -9999.000 -9999.000 -9999.000 -9999.000 -9999.000 -9999.000 -9999.000 -9999.000 0.7438168 0.7443582 0.7445903 0.7446148 0.7444249 0.7441413 0.7438233 0.7434928 0.7431775 0.7428821 0.7426098 0.7423599 0.7421036 0.7417311 0.7416989 0.7416989 -9999.000 -9999.000 -9999.000 -9999.000 -9999.000 -9999.000 -9999.000 -9999.000 -9999.000 -9999.000 -9999.000 -9999.000 -9999.000 -9999.000 -9999.000 -9999.000 -9999.000 -9999.000 -9999.000 -9999.000 -9999.000 -9999.000 -9999.000 -9999.000 -9999.000 -9999.000 -9999.000 -9999.000
-9999.000 -9999.000 -9999.000 -9999.000 -9999.000 -9999.000 -9999.000 -9999.000 -9999.000 -9999.000 -9999.000 -9999.000 -9999.000 -9999.000 -9999.000 0.7456244 0.7461125 0.7463012 0.7463198 0.7461646 0.7459389 0.7456911 0.7454374 0.7451996 0.7449802 0.7447803 0.7445984 0.7444085 0.7441126 0.7441682 0.7441682 -9999.000 -9999.000 -9999.000 -9999.000 -9999.000 -9999.000 -9999.000 -9999.000 -9999.000 -9999.000 -9999.000 -9999.000 -9999.000 -9999.000 -9999.000 -9999.000 -9999.000 -9999.000 -9999.000 -9999.000 -9999.000 -9999.000 -9999.000 -9999.000 -9999.000 -9999.000 -9999.000 -9999.000
-9999.000 -9999.000 -9999.000 -9999.000 -9999.000 -9999.000 -9999.000 -9999.000 -9999.000 -9999.000 -9999.000 -9999.000 -9999.000 -9999.000 -9999.000 0.7475315 0.7480569 0.7482582 0.7482859 0.7481362 0.7479159 0.7476748 0.7474290 0.7472008 0.7469912 0.7468007 0.7466266 0.7464405 0.7461389 0.7461904 0.7461904 -9999.000 -9999.000 -9999.000 -9999.000 -9999.000 -9999.000 -9999.000 -9999.000 -9999.000 -9999.000 -9999.000 -9999.000 -9999.000 -9999.000 -9999.000 -9999.000 -9999.000 -9999.000 -9999.000 -9999.000 -9999.000 -9999.000 -9999.000 -9999.000 -9999.000 -9999.000 -9999.000 -9999.000
-9999.000 -9999.000 -9999.000 -9999.000 -9999.000 -9999.000 -9999.000 -9999.000 -9999.000 -9999.000 -9999.000 -9999.000 -9999.000 -9999.000 -9999.000 0.7494899 0.7500395 0.7502477 0.7502784 0.7501273 0.7499053 0.7496632 0.7494167 0.7491890 0.7489799 0.7487900 0.7486158 0.7484270 0.7481134 0.7481433 0.7481433 -9999.000 -9999.000 -9999.000 -9999.000 -9999.000 -9999.000 -9999.000 -9999.000 -9999.000 -9999.000 -9999.000 -9999.000 -9999.000 -9999.000 -9999.000 -9999.000 -9999.000 -9999.000 -9999.000 -9999.000 -9999.000 -9999.000 -9999.000 -9999.000 -9999.000 -9999.000 -9999.000 -9999.000
-9999.000 -9999.000 -9999.000 -9999.000 -9999.000 -9999.000 -9999.000 -9999.000 -9999.000 -9999.000 -9999.000 -9999.000 -9999.000 -9999.000 -9999.000 0.7514676 0.7520362 0.7522488 0.7522795 0.7521237 0.7518966 0.7516497 0.7513986 0.7511673 0.7509549 0.7507616 0.7505838 0.7503888 0.7500584 0.7500529 0.7500529 -9999.000 -9999.000 -9999.000 -9999.000 -9999.000 -9999.000 -9999.000 -9999.000 -9999.000 -9999.000 -9999.000 -9999.000 -9999.000 -9999.000 -9999.000 -9999.000 -9999.000 -9999.000 -9999.000 -9999.000 -9999.000 -9999.000 -9999.000 -9999.000 -9999.000 -9999.000 -9999.000 -9999.000
-9999.000 -9999.000 -9999.000 -9999.000 -9999.000 -9999.000 -9999.000 -9999.000 -9999.000 -9999.000 -9999.000 -9999.000 -9999.000 -9999.000 -9999.000 0.7534510 0.7540363 0.7542518 0.7542808 0.7541182 0.7538843 0.7536311 0.7533736 0.7531372 0.7529196 0.7527212 0.7525379 0.7523344 0.7519830 0.7519286 0.7519286 -9999.000 -9999.000 -9999.000 -9999.000 -9999.000 -9999.000 -9999.000 -9999.000 -9999.000 -9999.000 -9999.000 -9999.000 -9999.000 -9999.000 -9999.000 -9999.000 -9999.000 -9999.000 -9999.000 -9999.000 -9999.000 -9999.000 -9999.000 -9999.000 -9999.000 -9999.000 -9999.000 -9999.000
-9999.000 -9999.000 -9999.000 -9999.000 -9999.000 -9999.000 -9999.000 -9999.000 -9999.000 -9999.000 -9999.000 -9999.000 -9999.000 -9999.000 -9999.000 0.7554342 0.7560351 0.7562521 0.7562782 0.7561074 0.7558658 0.7556055 0.7553407 0.7550985 0.7548748 0.7546703 0.7544805 0.7542669 0.7538902 0.7537708 0.7537708 -9999.000 -9999.000 -9999.000 -9999.000 -9999.000 -9999.000 -9999.000 -9999.000 -9999.000 -9999.000 -9999.000 -9999.000 -9999.000 -9999.000 -9999.000 -9999.000 -9999.000 -9999.000 -9999.000 -9999.000 -9999.000 -9999.000 -9999.000 -9999.000 -9999.000 -9999.000 -9999.000 -9999.000
-9999.000 -9999.000 -9999.000 -9999.000 -9999.000 -9999.000 -9999.000 -9999.000 -9999.000 -9999.000 -9999.000 -9999.000 -9999.000 -9999.000 -9999.000 0.7574143 0.7580301 0.7582471 0.7582692 0.7580892 0.7578390 0.7575713 0.7572987 0.7570505 0.7568203 0.7566089 0.7564118 0.7561864 0.7557796 0.7555755 0.7555755 -9999.000 -9999.000 -9999.000 -9999.000 -9999.000 -9999.000 -9999.000 -9999.000 -9999.000 -9999.000 -9999.000 -9999.000 -9999.000 -9999.000 -9999.000 -9999.000 -9999.000 -9999.000 -9999.000 -9999.000 -9999.000 -9999.000 -9999.000 -9999.000 -9999.000 -9999.000 -9999.000 -9999.000
-9999.000 -9999.000 -9999.000 -9999.000 -9999.000 -9999.000 -9999.000 -9999.000 -9999.000 -9999.000 -9999.000 -9999.000 -9999.000 -9999.000 -9999.000 0.7593895 0.7600197 0.7602355 0.7602522 0.7600616 0.7598025 0.7595270 0.7592462 0.7589918 0.7587547 0.7585362 0.7583311 0.7580920 0.7576495 0.7573341 0.7573341 -9999.000 -9999.000 -9999.000 -9999.000 -9999.000 -9999.000 -9999.000 -9999.000 -9999.000 -9999.000 -9999.000 -9999.000 -9999.000 -9999.000 -9999.000 -9999.000 -9999.000 -9999.000 -9999.000 -9999.000 -9999.000 -9999.000 -9999.000 -9999.000 -9999.000 -9999.000 -9999.000 -9999.000
-9999.000 -9999.000 -9999.000 -9999.000 -9999.000 -9999.000 -9999.000 -9999.000 -9999.000 -9999.000 -9999.000 -9999.000 -9999.000 -9999.000 -9999.000 0.7613584 0.7620025 0.7622155 0.7622256 0.7620229 0.7617541 0.7614707 0.7611815 0.7609210 0.7606766 0.7604504 0.7602364 0.7599817 0.7594964 0.7590338 0.7590338 -9999.000 -9999.000 -9999.000 -9999.000 -9999.000 -9999.000 -9999.000 -9999.000 -9999.000 -9999.000 -9999.000 -9999.000 -9999.000 -9999.000 -9999.000 -9999.000 -9999.000 -9999.000 -9999.000 -9999.000 -9999.000 -9999.000 -9999.000 -9999.000 -9999.000 -9999.000 -9999.000 -9999.000
-9999.000 -9999.000 -9999.000 -9999.000 -9999.000 -9999.000 -9999.000 -9999.000 -9999.000 -9999.000 -9999.000 -9999.000 -9999.000 -9999.000 -9999.000 0.7633193 0.7639769 0.7641854 0.7641874 0.7639709 0.7636918 0.7634002 0.7631022 0.7628357 0.7625837 0.7623491 0.7621254 0.7618523 0.7613158 0.7606560 0.7606560 -9999.000 -9999.000 -9999.000 -9999.000 -9999.000 -9999.000 -9999.000 -9999.000 -9999.000 -9999.000 -9999.000 -9999.000 -9999.000 -9999.000 -9999.000 -9999.000 -9999.000 -9999.000 -9999.000 -9999.000 -9999.000 -9999.000 -9999.000 -9999.000 -9999.000 -9999.000 -9999.000 -9999.000
-9999.000 -9999.000 -9999.000 -9999.000 -9999.000 -9999.000 -9999.000 -9999.000 -9999.000 -9999.000 -9999.000 -9999.000 -9999.000 -9999.000 -9999.000 0.7652698 0.7659411 0.7661429 0.7661350 0.7659029 0.7656129 0.7653128 0.7650055 0.7647331 0.7644730 0.7642292 0.7639945 0.7636995 0.7631009 0.7621729 0.7621729 -9999.000 -9999.000 -9999.000 -9999.000 -9999.000 -9999.000 -9999.000 -9999.000 -9999.000 -9999.000 -9999.000 -9999.000 -9999.000 -9999.000 -9999.000 -9999.000 -9999.000 -9999.000 -9999.000 -9999.000 -9999.000 -9999.000 -9999.000 -9999.000 -9999.000 -9999.000 -9999.000 -9999.000
-9999.000 -9999.000 -9999.000 -9999.000 -9999.000 -9999.000 -9999.000 -9999.000 -9999.000 -9999.000 -9999.000 -9999.000 -9999.000 -9999.000 -9999.000 0.7672019 0.7678879 0.7680820 0.7680648 0.7678163 0.7675148 0.7672060 0.7668887 0.7666105 0.7663411 0.7660869 0.7658393 0.7655177 0.7648427 0.7635423 0.7635423 -9999.000 -9999.000 -9999.000 -9999.000 -9999.000 -9999.000 -9999.000 -9999.000 -9999.000 -9999.000 -9999.000 -9999.000 -9999.000 -9999.000 -9999.000 -9999.000 -9999.000 -9999.000 -9999.000 -9999.000 -9999.000 -9999.000 -9999.000 -9999.000 -9999.000 -9999.000 -9999.000 -9999.000
-9999.000 -9999.000 -9999.000 -9999.000 -9999.000 -9999.000 -9999.000 -9999.000 -9999.000 -9999.000 -9999.000 -9999.000 -9999.000 -9999.000 -9999.000 0.7688793 0.7696387 0.7699010 0.7699816 0.7697618 0.7694511 0.7691318 0.7687995 0.7685096 0.7682236 0.7679517 0.7676837 0.7673253 0.7665522 0.7647262 0.7647262 -9999.000 -9999.000 -9999.000 -9999.000 -9999.000 -9999.000 -9999.000 -9999.000 -9999.000 -9999.000 -9999.000 -9999.000 -9999.000 -9999.000 -9999.000 -9999.000 -9999.000 -9999.000 -9999.000 -9999.000 -9999.000 -9999.000 -9999.000 -9999.000 -9999.000 -9999.000 -9999.000 -9999.000
-9999.000 -9999.000 -9999.000 -9999.000 -9999.000 -9999.000 -9999.000 -9999.000 -9999.000 -9999.000 -9999.000 -9999.000 -9999.000 -9999.000 -9999.000 0.7580014 0.7668628 0.7716738 0.7746511 0.7750398 0.7741920 0.7733338 0.7724952 0.7717703 0.7711133 0.7705342 0.7700111 0.7694103 0.7682961 0.7649623 0.7649623 -9999.000 -9999.000 -9999.000 -9999.000 -9999.000 -9999.000 -9999.000 -9999.000 -9999.000 -9999.000 -9999.000 -9999.000 -9999.000 -9999.000 -9999.000 -9999.000 -9999.000 -9999.000 -9999.000 -9999.000 -9999.000 -9999.000 -9999.000 -9999.000 -9999.000 -9999.000 -9999.000 -9999.000
0.8602584 0.8602584 0.8534348 0.8458281 0.8373956 0.8373956 0.8339028 0.8285455 0.8285455 0.8241916 0.8241916 0.8205509 0.8189328 0.8174219 0.8159044 0.8159044 0.7754549 0.7739801 0.7725462 0.7716805 0.7730124 0.7748612 0.7770168 0.7800024 0.7829517 0.7857608 0.7881102 0.7886049 0.7830195 0.7547683 0.7547683 0.5376270 0.4980153 0.4727332 0.4641123 0.4641123 0.4498054 0.4498054 0.4482238 0.4482238 0.4569613 0.5013545 0.5013545 0.5881486 0.5881486 0.6754045 0.6754045 0.6754045 0.6802859 0.6802859 0.6710805 0.6710805 0.6564260 0.6564260 0.6405807 0.6405807 0.6256331 0.6256331 0.6256331
0.8572367 0.8572367 0.8514834 0.8438191 0.8365348 0.8365348 0.8328406 0.8274042 0.8274042 0.8230630 0.8230630 0.8194412 0.8178319 0.8163293 0.8148215 0.8148215 0.7799898 0.7735012 0.7680340 0.7633267 0.7600314 0.7576645 0.7561726 0.7558254 0.7563817 0.7577645 0.7598161 0.7619155 0.7622689 0.7538854 0.7538854 0.6078564 0.5507650 0.4928009 0.4760291 0.4760291 0.4553559 0.4553559 0.4530846 0.4530846 0.4614169 0.5010648 0.5010648 0.5719487 0.5719487 0.6684967 0.6684967 0.6684967 0.6786798 0.6786798 0.6709775 0.6709775 0.6568172 0.6568172 0.6412081 0.6412081 0.6263609 0.6263609 0.6263609
0.8558457 0.8558457 0.8509490 0.8434161 0.8368111 0.8368111 0.8329498 0.8273706 0.8273706 0.8230104 0.8230104 0.8193872 0.8177767 0.8162721 0.8147504 0.8147504 0.7835238 0.7729454 0.7636364 0.7554286 0.7487224 0.7433665 0.7392609 0.7365147 0.7350124 0.7346728 0.7353858 0.7367302 0.7373757 0.7322482 0.7322482 0.6418719 0.5833483 0.5115396 0.4893413 0.4893413 0.4646549 0.4646549 0.4665278 0.4665278 0.4777895 0.5166301 0.5166301 0.5711426 0.5711426 0.6575748 0.6575748 0.6575748 0.6733564 0.6733564 0.6687710 0.6687710 0.6559008 0.6559008 0.6408065 0.6408065 0.6262283 0.6262283 0.6262283
0.8550047 0.8550047 0.8509015 0.8432809 0.8371188 0.8371188 0.8331132 0.8273731 0.8273731 0.8229955 0.8229955 0.8193789 0.8177714 0.8162686 0.8147262 0.8147262 0.7859535 0.7720046 0.7590761 0.7474464 0.7375014 0.7292862 0.7227412 0.7178781 0.7145954 0.7127732 0.7122763 0.7127779 0.7132975 0.7101696 0.7101696 0.6539150 0.6028525 0.5291672 0.5050359 0.5050359 0.4819587 0.4819587 0.4924207 0.4924207 0.5068929 0.5411507 0.5411507 0.5763430 0.5763430 0.6425259 0.6425259 0.6425259 0.6625419 0.6625419 0.6626838 0.6626838 0.6525619 0.6525619 0.6388913 0.6388913 0.6251774 0.6251774 0.6251774
0.8547003 0.8547003 0.8500264 0.8432829 0.8373981 0.8373981 0.8332746 0.8273807 0.8273807 0.8229837 0.8229837 0.8193719 0.8177667 0.8162652 0.8146874 0.8146874 0.7868453 0.7700273 0.7538063 0.7389276 0.7258682 0.7148126 0.7057813 0.6987709 0.6936945 0.6904198 0.6887844 0.6884977 0.6888111 0.6870982 0.6870982 0.6521570 0.6111043 0.5437236 0.5221177 0.5221177 0.5098642 0.5098642 0.5314189 0.5314189 0.5461615 0.5687904 0.5687904 0.5841969 0.5841969 0.6264887 0.6264887 0.6264887 0.6475587 0.6475587 0.6527227 0.6527227 0.6466328 0.6466328 0.6354553 0.6354553 0.6233490 0.6233490 0.6233490
0.8552561 0.8552561 0.8484196 0.8433325 0.8376113 0.8376113 0.8334008 0.8273834 0.8273834 0.8229715 0.8229715 0.8193676 0.8177658 0.8162668 0.8146381 0.8146381 0.7859067 0.7664570 0.7472448 0.7293661 0.7134011 0.6996281 0.6881428 0.6789620 0.6720265 0.6672181 0.6643757 0.6632395 0.6632284 0.6624831 0.6624831 0.6412778 0.6104704 0.5562953 0.5429489 0.5429489 0.5512351 0.5512351 0.5791669 0.5791669 0.5887181 0.5943529 0.5943529 0.5927406 0.5927406 0.6124791 0.6124791 0.6124791 0.6308973 0.6308973 0.6397275 0.6397275 0.6381674 0.6381674 0.6304099 0.6304099 0.6207145 0.6207145 0.6207145
0.8553914 0.8553914 0.8476027 0.8433825 0.8377464 0.8377464 0.8334832 0.8273867 0.8273867 0.8229638 0.8229638 0.8193640 0.8177639 0.8162661 0.8145636 0.8145636 0.7828414 0.7607532 0.7387636 0.7181518 0.6995550 0.6832955 0.6695126 0.6582478 0.6494684 0.6430844 0.6389549 0.6368601 0.6363580 0.6361857 0.6361857 0.6240762 0.6032516 0.5712273 0.5736333 0.5736333 0.6056364 0.6056364 0.6266676 0.6266676 0.6267233 0.6153542 0.6153542 0.6012046 0.6012046 0.6021371 0.6021371 0.6021371 0.6149738 0.6149738 0.6250564 0.6250564 0.6275339 0.6275339 0.6237424 0.6237424 0.6172100 0.6172100 0.6172100
0.8554358 0.8554358 0.8473331 0.8434001 0.8377916 0.8377916 0.8335114 0.8273878 0.8273878 0.8229610 0.8229610 0.8193627 0.8177631 0.8162659 0.8144594 0.8144594 0.7772767 0.7523423 0.7276876 0.7045963 0.6836823 0.6652524 0.6494458 0.6363080 0.6258218 0.6179204 0.6124927 0.6093660 0.6082271 0.6083464 0.6083464 0.6026576 0.5923724 0.5969587 0.6215138 0.6215138 0.6649435 0.6649435 0.6655334 0.6655334 0.6559275 0.6318402 0.6318402 0.6093826 0.6093826 0.5957013 0.5957013 0.5957013 0.6014431 0.6014431 0.6102269 0.6102269 0.6154360 0.6154360 0.6156263 0.6156263 0.6128295 0.6128295 0.6128295
0.8553913 0.8553913 0.8476027 0.8433827 0.8377464 0.8377464 0.8334832 0.8273868 0.8273868 0.8229638 0.8229638 0.8193641 0.8177639 0.8162663 0.8143151 0.8143151 0.7686502 0.7405074 0.7132198 0.6878923 0.6650144 0.6448080 0.6273593 0.6126848 0.6007592 0.5915265 0.5849007 0.5807569 0.5789254 0.5793387 0.5793387 0.5794107 0.5832239 0.6439434 0.6870775 0.6870775 0.7157612 0.7157612 0.6928967 0.6928967 0.6767232 0.6449606 0.6449606 0.6171992 0.6171992 0.5925640 0.5925640 0.5925640 0.5910373 0.5910373 0.5965703 0.5965703 0.6028281 0.6028281 0.6064819 0.6064819 0.6076983 0.6076983 0.6076983
0.8552561 0.8552561 0.8484197 0.8433325 0.8376113 0.8376113 0.8334009 0.8273834 0.8273834 0.8229713 0.8229713 0.8193678 0.8177658 0.8162671 0.8141159 0.8141159 0.7560777 0.7242628 0.6943455 0.6670529 0.6426290 0.6211286 0.6025289 0.5867778 0.5738134 0.5635708 0.5559774 0.5509549 0.5485569 0.5500405 0.5500405 0.5588649 0.5871909 0.7143672 0.7560819 0.7560819 0.7495981 0.7495981 0.7110813 0.7110813 0.6915929 0.6556868 0.6556868 0.6244555 0.6244555 0.5917771 0.5917771 0.5917771 0.5837227 0.5837227 0.5849893 0.5849893 0.5907477 0.5907477 0.5969579 0.5969579 0.6021029 0.6021029 0.6021029
0.8547002 0.8547002 0.8500264 0.8432829 0.8373981 0.8373981 0.8332747 0.8273808 0.8273808 0.8229836 0.8229836 0.8193721 0.8177667 0.8162652 0.8138394 0.8138394 0.7381150 0.7021477 0.6696764 0.6408036 0.6153783 0.5931963 0.5740665 0.5578302 0.5443621 0.5335687 0.5253758 0.5197657 0.5173493 0.5231812 0.5231812 0.5523033 0.6231179 0.7904735 0.8064554 0.8064554 0.7685375 0.7685375 0.7234744 0.7234744 0.7026153 0.6644713 0.6644713 0.6308725 0.6308725 0.5924134 0.5924134 0.5924134 0.5790201 0.5790201 0.5759047 0.5759047 0.5800940 0.5800940 0.5878497 0.5878497 0.5965002 0.5965002 0.5965002
