simulation_files/asc/Depth____000108.asc
NCOLS        79
NROWS        79
XLLCENTER         -1.500000
YLLCENTER         -4.800000
CELLSIZE           0.100
NODATA_VALUE     -9999.0
[rows 0 to 25 of 79, columns 0 to 57 of 79]
-9999.000 -9999.000 -9999.000 -9999.000 -9999.000 -9999.000 -9999.000 -9999.000 -9999.000 -9999.000 -9999.000 -9999.000 -9999.000 -9999.000 -9999.000 0.3878606 0.3880237 0.3880056 0.3879366 0.3878359 0.3877121 0.3875707 0.3874146 0.3872436 0.3870534 0.3868349 0.3865732 0.3862464 0.3858360 0.3859816 0.3859816 -9999.000 -9999.000 -9999.000 -9999.000 -9999.000 -9999.000 -9999.000 -9999.000 -9999.000 -9999.000 -9999.000 -9999.000 -9999.000 -9999.000 -9999.000 -9999.000 -9999.000 -9999.000 -9999.000 -9999.000 -9999.000 -9999.000 -9999.000 -9999.000 -9999.000 -9999.000 -9999.000
-9999.000 -9999.000 -9999.000 -9999.000 -9999.000 -9999.000 -9999.000 -9999.000 -9999.000 -9999.000 -9999.000 -9999.000 -9999.000 -9999.000 -9999.000 0.3897401 0.3899053 0.3898830 0.3898178 0.3897264 0.3896162 0.3894918 0.3893563 0.3892103 0.3890511 0.3888717 0.3886589 0.3883902 0.3880400 0.3882045 0.3882045 -9999.000 -9999.000 -9999.000 -9999.000 -9999.000 -9999.000 -9999.000 -9999.000 -9999.000 -9999.000 -9999.000 -9999.000 -9999.000 -9999.000 -9999.000 -9999.000 -9999.000 -9999.000 -9999.000 -9999.000 -9999.000 -9999.000 -9999.000 -9999.000 -9999.000 -9999.000 -9999.000
-9999.000 -9999.000 -9999.000 -9999.000 -9999.000 -9999.000 -9999.000 -9999.000 -9999.000 -9999.000 -9999.000 -9999.000 -9999.000 -9999.000 -9999.000 0.3917321 0.3919282 0.3919097 0.3918476 0.3917600 0.3916550 0.3915376 0.3914106 0.3912740 0.3911240 0.3909517 0.3907406 0.3904643 0.3900922 0.3902636 0.3902636 -9999.000 -9999.000 -9999.000 -9999.000 -9999.000 -9999.000 -9999.000 -9999.000 -9999.000 -9999.000 -9999.000 -9999.000 -9999.000 -9999.000 -9999.000 -9999.000 -9999.000 -9999.000 -9999.000 -9999.000 -9999.000 -9999.000 -9999.000 -9999.000 -9999.000 -9999.000 -9999.000
-9999.000 -9999.000 -9999.000 -9999.000 -9999.000 -9999.000 -9999.000 -9999.000 -9999.000 -9999.000 -9999.000 -9999.000 -9999.000 -9999.000 -9999.000 0.3937526 0.3939736 0.3939577 0.3938970 0.3938109 0.3937078 0.3935926 0.3934683 0.3933341 0.3931854 0.3930114 0.3927933 0.3925005 0.3920965 0.3922597 0.3922597 -9999.000 -9999.000 -9999.000 -9999.000 -9999.000 -9999.000 -9999.000 -9999.000 -9999.000 -9999.000 -9999.000 -9999.000 -9999.000 -9999.000 -9999.000 -9999.000 -9999.000 -9999.000 -9999.000 -9999.000 -9999.000 -9999.000 -9999.000 -9999.000 -9999.000 -9999.000 -9999.000
-9999.000 -9999.000 -9999.000 -9999.000 -9999.000 -9999.000 -9999.000 -9999.000 -9999.000 -9999.000 -9999.000 -9999.000 -9999.000 -9999.000 -9999.000 0.3957928 0.3960339 0.3960192 0.3959581 0.3958710 0.3957666 0.3956503 0.3955244 0.3953881 0.3952356 0.3950545 0.3948235 0.3945075 0.3940622 0.3942038 0.3942038 -9999.000 -9999.000 -9999.000 -9999.000 -9999.000 -9999.000 -9999.000 -9999.000 -9999.000 -9999.000 -9999.000 -9999.000 -9999.000 -9999.000 -9999.000 -9999.000 -9999.000 -9999.000 -9999.000 -9999.000 -9999.000 -9999.000 -9999.000 -9999.000 -9999.000 -9999.000 -9999.000
-9999.000 -9999.000 -9999.000 -9999.000 -9999.000 -9999.000 -9999.000 -9999.000 -9999.000 -9999.000 -9999.000 -9999.000 -9999.000 -9999.000 -9999.000 0.3978456 0.3981030 0.3980881 0.3980251 0.3979351 0.3978272 0.3977069 0.3975767 0.3974350 0.3972753 0.3970832 0.3968344 0.3964888 0.3959918 0.3960978 0.3960978 -9999.000 -9999.000 -9999.000 -9999.000 -9999.000 -9999.000 -9999.000 -9999.000 -9999.000 -9999.000 -9999.000 -9999.000 -9999.000 -9999.000 -9999.000 -9999.000 -9999.000 -9999.000 -9999.000 -9999.000 -9999.000 -9999.000 -9999.000 -9999.000 -9999.000 -9999.000 -9999.000
-9999.000 -9999.000 -9999.000 -9999.000 -9999.000 -9999.000 -9999.000 -9999.000 -9999.000 -9999.000 -9999.000 -9999.000 -9999.000 -9999.000 -9999.000 0.3999058 0.4001763 0.4001600 0.4000939 0.3999994 0.3998863 0.3997601 0.3996234 0.3994741 0.3993044 0.3990981 0.3988270 0.3984450 0.3978841 0.3979365 0.3979365 -9999.000 -9999.000 -9999.000 -9999.000 -9999.000 -9999.000 -9999.000 -9999.000 -9999.000 -9999.000 -9999.000 -9999.000 -9999.000 -9999.000 -9999.000 -9999.000 -9999.000 -9999.000 -9999.000 -9999.000 -9999.000 -9999.000 -9999.000 -9999.000 -9999.000 -9999.000 -9999.000
-9999.000 -9999.000 -9999.000 -9999.000 -9999.000 -9999.000 -9999.000 -9999.000 -9999.000 -9999.000 -9999.000 -9999.000 -9999.000 -9999.000 -9999.000 0.4019695 0.4022503 0.4022318 0.4021614 0.4020612 0.4019414 0.4018078 0.4016629 0.4015041 0.4013222 0.4010985 0.4008004 0.4003739 0.3997337 0.3997075 0.3997075 -9999.000 -9999.000 -9999.000 -9999.000 -9999.000 -9999.000 -9999.000 -9999.000 -9999.000 -9999.000 -9999.000 -9999.000 -9999.000 -9999.000 -9999.000 -9999.000 -9999.000 -9999.000 -9999.000 -9999.000 -9999.000 -9999.000 -9999.000 -9999.000 -9999.000 -9999.000 -9999.000
-9999.000 -9999.000 -9999.000 -9999.000 -9999.000 -9999.000 -9999.000 -9999.000 -9999.000 -9999.000 -9999.000 -9999.000 -9999.000 -9999.000 -9999.000 0.4040335 0.4043224 0.4043005 0.4042251 0.4041181 0.4039903 0.4038479 0.4036933 0.4035233 0.4033269 0.4030822 0.4027515 0.4022704 0.4015311 0.4013892 0.4013892 -9999.000 -9999.000 -9999.000 -9999.000 -9999.000 -9999.000 -9999.000 -9999.000 -9999.000 -9999.000 -9999.000 -9999.000 -9999.000 -9999.000 -9999.000 -9999.000 -9999.000 -9999.000 -9999.000 -9999.000 -9999.000 -9999.000 -9999.000 -9999.000 -9999.000 -9999.000 -9999.000
-9999.000 -9999.000 -9999.000 -9999.000 -9999.000 -9999.000 -9999.000 -9999.000 -9999.000 -9999.000 -9999.000 -9999.000 -9999.000 -9999.000 -9999.000 0.4060943 0.4063898 0.4063638 0.4062825 0.4061678 0.4060307 0.4058781 0.4057122 0.4055288 0.4053151 0.4050452 0.4046745 0.4041259 0.4032608 0.4029456 0.4029456 -9999.000 -9999.000 -9999.000 -9999.000 -9999.000 -9999.000 -9999.000 -9999.000 -9999.000 -9999.000 -9999.000 -9999.000 -9999.000 -9999.000 -9999.000 -9999.000 -9999.000 -9999.000 -9999.000 -9999.000 -9999.000 -9999.000 -9999.000 -9999.000 -9999.000 -9999.000 -9999.000
-9999.000 -9999.000 -9999.000 -9999.000 -9999.000 -9999.000 -9999.000 -9999.000 -9999.000 -9999.000 -9999.000 -9999.000 -9999.000 -9999.000 -9999.000 0.4081468 0.4084482 0.4084177 0.4083303 0.4082072 0.4080598 0.4078952 0.4077158 0.4075165 0.4072817 0.4069809 0.4065604 0.4059264 0.4048987 0.4043165 0.4043165 -9999.000 -9999.000 -9999.000 -9999.000 -9999.000 -9999.000 -9999.000 -9999.000 -9999.000 -9999.000 -9999.000 -9999.000 -9999.000 -9999.000 -9999.000 -9999.000 -9999.000 -9999.000 -9999.000 -9999.000 -9999.000 -9999.000 -9999.000 -9999.000 -9999.000 -9999.000 -9999.000
-9999.000 -9999.000 -9999.000 -9999.000 -9999.000 -9999.000 -9999.000 -9999.000 -9999.000 -9999.000 -9999.000 -9999.000 -9999.000 -9999.000 -9999.000 0.4101831 0.4104906 0.4104558 0.4103628 0.4102311 0.4100724 0.4098942 0.4096987 0.4094797 0.4092185 0.4088783 0.4083942 0.4076495 0.4064065 0.4053974 0.4053974 -9999.000 -9999.000 -9999.000 -9999.000 -9999.000 -9999.000 -9999.000 -9999.000 -9999.000 -9999.000 -9999.000 -9999.000 -9999.000 -9999.000 -9999.000 -9999.000 -9999.000 -9999.000 -9999.000 -9999.000 -9999.000 -9999.000 -9999.000 -9999.000 -9999.000 -9999.000 -9999.000
-9999.000 -9999.000 -9999.000 -9999.000 -9999.000 -9999.000 -9999.000 -9999.000 -9999.000 -9999.000 -9999.000 -9999.000 -9999.000 -9999.000 -9999.000 0.4121907 0.4125060 0.4124670 0.4123692 0.4122297 0.4120594 0.4118658 0.4116510 0.4114071 0.4111114 0.4107192 0.4101504 0.4092571 0.4077199 0.4059930 0.4059930 -9999.000 -9999.000 -9999.000 -9999.000 -9999.000 -9999.000 -9999.000 -9999.000 -9999.000 -9999.000 -9999.000 -9999.000 -9999.000 -9999.000 -9999.000 -9999.000 -9999.000 -9999.000 -9999.000 -9999.000 -9999.000 -9999.000 -9999.000 -9999.000 -9999.000 -9999.000 -9999.000
-9999.000 -9999.000 -9999.000 -9999.000 -9999.000 -9999.000 -9999.000 -9999.000 -9999.000 -9999.000 -9999.000 -9999.000 -9999.000 -9999.000 -9999.000 0.4141394 0.4144696 0.4144286 0.4143286 0.4141839 0.4140035 0.4137938 0.4135560 0.4132799 0.4129371 0.4124723 0.4117843 0.4106805 0.4087227 0.4057095 0.4057095 -9999.000 -9999.000 -9999.000 -9999.000 -9999.000 -9999.000 -9999.000 -9999.000 -9999.000 -9999.000 -9999.000 -9999.000 -9999.000 -9999.000 -9999.000 -9999.000 -9999.000 -9999.000 -9999.000 -9999.000 -9999.000 -9999.000 -9999.000 -9999.000 -9999.000 -9999.000 -9999.000
-9999.000 -9999.000 -9999.000 -9999.000 -9999.000 -9999.000 -9999.000 -9999.000 -9999.000 -9999.000 -9999.000 -9999.000 -9999.000 -9999.000 -9999.000 0.4146341 0.4157930 0.4160399 0.4161445 0.4161382 0.4160438 0.4158798 0.4156565 0.4153673 0.4149798 0.4144225 0.4135588 0.4121169 0.4094399 0.4033376 0.4033376 -9999.000 -9999.000 -9999.000 -9999.000 -9999.000 -9999.000 -9999.000 -9999.000 -9999.000 -9999.000 -9999.000 -9999.000 -9999.000 -9999.000 -9999.000 -9999.000 -9999.000 -9999.000 -9999.000 -9999.000 -9999.000 -9999.000 -9999.000 -9999.000 -9999.000 -9999.000 -9999.000
0.4162592 0.4162592 0.4014933 0.3912496 0.3879327 0.3879327 0.3851353 0.3804528 0.3804528 0.3765305 0.3765305 0.3731141 0.3715525 0.3700741 0.3716260 0.3716260 0.4231594 0.4236673 0.4240209 0.4246044 0.4253335 0.4260711 0.4266543 0.4268636 0.4263895 0.4247876 0.4213821 0.4149529 0.4024910 0.3695930 0.3695930 0.2179595 0.1976140 0.1982282 0.2016208 0.2016208 0.2110015 0.2110015 0.2368214 0.2368214 0.2778059 0.3129346 0.3129346 0.3205786 0.3205786 0.3204585 0.3204585 0.3204585 0.3147548 0.3147548 0.3087830 0.3087830 0.3009425 0.3009425 0.2950361 0.2950361 0.2901558 0.2901558
0.4147057 0.4147057 0.4005240 0.3906019 0.3873218 0.3873218 0.3845405 0.3798706 0.3798706 0.3759572 0.3759572 0.3725505 0.3709938 0.3695200 0.3697437 0.3697437 0.4161583 0.4177715 0.4167773 0.4160627 0.4159195 0.4162801 0.4169958 0.4178280 0.4184297 0.4182911 0.4166259 0.4121281 0.4022290 0.3790297 0.3790297 0.2703814 0.2359084 0.2114241 0.2079959 0.2079959 0.2117763 0.2117763 0.2319264 0.2319264 0.2613167 0.3136418 0.3136418 0.3219313 0.3219313 0.3206950 0.3206950 0.3206950 0.3147137 0.3147137 0.3092688 0.3092688 0.3007340 0.3007340 0.2948234 0.2948234 0.2899380 0.2899380
0.4138811 0.4138811 0.4001797 0.3905484 0.3873005 0.3873005 0.3845294 0.3798568 0.3798568 0.3759362 0.3759362 0.3725248 0.3709665 0.3694914 0.3691300 0.3691300 0.4092756 0.4136074 0.4115322 0.4092595 0.4077103 0.4069299 0.4068246 0.4071643 0.4076141 0.4076621 0.4065226 0.4030161 0.3951420 0.3770017 0.3770017 0.2962401 0.2607875 0.2260827 0.2187791 0.2187791 0.2187257 0.2187257 0.2355915 0.2355915 0.2558405 0.3054308 0.3054308 0.3233928 0.3233928 0.3215089 0.3215089 0.3215089 0.3150726 0.3150726 0.3088505 0.3088505 0.3011781 0.3011781 0.2950330 0.2950330 0.2900816 0.2900816
0.4132388 0.4132388 0.3998768 0.3905070 0.3872945 0.3872945 0.3845362 0.3798632 0.3798632 0.3759370 0.3759370 0.3725236 0.3709653 0.3694904 0.3687602 0.3687602 0.4015096 0.4085384 0.4064103 0.4029535 0.4001566 0.3982574 0.3972065 0.3968242 0.3968177 0.3967500 0.3958687 0.3929949 0.3866109 0.3721236 0.3721236 0.3109375 0.2788441 0.2422692 0.2339267 0.2339267 0.2328326 0.2328326 0.2463615 0.2463615 0.2594110 0.2976204 0.2976204 0.3211418 0.3211418 0.3212389 0.3212389 0.3212389 0.3147649 0.3147649 0.3082378 0.3082378 0.3009644 0.3009644 0.2947968 0.2947968 0.2899099 0.2899099
0.4127589 0.4127589 0.3996263 0.3904707 0.3872914 0.3872914 0.3845452 0.3798710 0.3798710 0.3759384 0.3759384 0.3725228 0.3709645 0.3694899 0.3685210 0.3685210 0.3933512 0.4017943 0.4003423 0.3961413 0.3922755 0.3893536 0.3874301 0.3863713 0.3859116 0.3856370 0.3848410 0.3824614 0.3770831 0.3650569 0.3650569 0.3204392 0.2919163 0.2591974 0.2526536 0.2526536 0.2532553 0.2532553 0.2622848 0.2622848 0.2690407 0.2921613 0.2921613 0.3148551 0.3148551 0.3192484 0.3192484 0.3192484 0.3135141 0.3135141 0.3070817 0.3070817 0.3002498 0.3002498 0.2943130 0.2943130 0.2896601 0.2896601
0.4124268 0.4124268 0.3994400 0.3904419 0.3872899 0.3872899 0.3845539 0.3798781 0.3798781 0.3759398 0.3759398 0.3725219 0.3709636 0.3694893 0.3683664 0.3683664 0.3854827 0.3935105 0.3928297 0.3883281 0.3836152 0.3797660 0.3770150 0.3753054 0.3744116 0.3739488 0.3732561 0.3713481 0.3669522 0.3573807 0.3573807 0.3252866 0.3019606 0.2783587 0.2755233 0.2755233 0.2776286 0.2776286 0.2800925 0.2800925 0.2813185 0.2904242 0.2904242 0.3068818 0.3068818 0.3151425 0.3151425 0.3151425 0.3110467 0.3110467 0.3052970 0.3052970 0.2991185 0.2991185 0.2936678 0.2936678 0.2894290 0.2894290
0.4122319 0.4122319 0.3993253 0.3904233 0.3872894 0.3872894 0.3845601 0.3798832 0.3798832 0.3759407 0.3759407 0.3725213 0.3709630 0.3694888 0.3682668 0.3682668 0.3781750 0.3840967 0.3836271 0.3791149 0.3738318 0.3692057 0.3656954 0.3633599 0.3620409 0.3613996 0.3608311 0.3594232 0.3560566 0.3490689 0.3490689 0.3275036 0.3117926 0.3018717 0.3024951 0.3024951 0.3024471 0.3024471 0.2969009 0.2969009 0.2936512 0.2920356 0.2920356 0.3000054 0.3000054 0.3092876 0.3092876 0.3092876 0.3072581 0.3072581 0.3027662 0.3027662 0.2975702 0.2975702 0.2928796 0.2928796 0.2892503 0.2892503
0.4121677 0.4121677 0.3992867 0.3904169 0.3872892 0.3872892 0.3845623 0.3798850 0.3798850 0.3759411 0.3759411 0.3725211 0.3709628 0.3694887 0.3682028 0.3682028 0.3712987 0.3738993 0.3726875 0.3681469 0.3625555 0.3573723 0.3532356 0.3503385 0.3486156 0.3477980 0.3473555 0.3464623 0.3442145 0.3403772 0.3403772 0.3297983 0.3253930 0.3300799 0.3310776 0.3310776 0.3243426 0.3243426 0.3112721 0.3112721 0.3047879 0.2958002 0.2958002 0.2957338 0.2957338 0.3026504 0.3026504 0.3026504 0.3023539 0.3023539 0.2994557 0.2994557 0.2955841 0.2955841 0.2919465 0.2919465 0.2891356 0.2891356
0.4122320 0.4122320 0.3993253 0.3904233 0.3872893 0.3872893 0.3845601 0.3798832 0.3798832 0.3759407 0.3759407 0.3725213 0.3709630 0.3694889 0.3681621 0.3681621 0.3644178 0.3629978 0.3600535 0.3551504 0.3493942 0.3439052 0.3393511 0.3360275 0.3339689 0.3329965 0.3326756 0.3322987 0.3313701 0.3323285 0.3323285 0.3365345 0.3473075 0.3596002 0.3569525 0.3569525 0.3417382 0.3417382 0.3230539 0.3230539 0.3144117 0.3005556 0.3005556 0.2941107 0.2941107 0.2963184 0.2963184 0.2963184 0.2968322 0.2968322 0.2954922 0.2954922 0.2931862 0.2931862 0.2908742 0.2908742 0.2890798 0.2890798
0.4124269 0.4124269 0.3994399 0.3904419 0.3872899 0.3872899 0.3845539 0.3798781 0.3798781 0.3759397 0.3759397 0.3725219 0.3709637 0.3694893 0.3681363 0.3681363 0.3568437 0.3511038 0.3456772 0.3399149 0.3339710 0.3283961 0.3236878 0.3201531 0.3179001 0.3168437 0.3166603 0.3168189 0.3177845 0.3278961 0.3278961 0.3542243 0.3790290 0.3850178 0.3772345 0.3772345 0.3549388 0.3549388 0.3326017 0.3326017 0.3225405 0.3054556 0.3054556 0.2944000 0.2944000 0.2910641 0.2910641 0.2910641 0.2913236 0.2913236 0.2911736 0.2911736 0.2904912 0.2904912 0.2896948 0.2896948 0.2890681 0.2890681
0.4127589 0.4127589 0.3996263 0.3904706 0.3872914 0.3872914 0.3845452 0.3798709 0.3798709 0.3759384 0.3759384 0.3725227 0.3709645 0.3694899 0.3681202 0.3681202 0.3476004 0.3375054 0.3292278 0.3221808 0.3159226 0.3104150 0.3058309 0.3023674 0.3001436 0.2991461 0.2991641 0.2999788 0.3046892 0.3341889 0.3341889 0.3881876 0.4134066 0.4040886 0.3927016 0.3927016 0.3648668 0.3648668 0.3402236 0.3402236 0.3291917 0.3099340 0.3099340 0.2957228 0.2957228 0.2871881 0.2871881 0.2871881 0.2863943 0.2863943 0.2869108 0.2869108 0.2877117 0.2877117 0.2884822 0.2884822 0.2890848 0.2890848
