simulation_files/asc/Depth____193.0.asc
NCOLS        79
NROWS        79
XLLCENTER         -1.500000
YLLCENTER         -4.800000
CELLSIZE           0.100
NODATA_VALUE     -9999.0
[rows 0 to 25 of 79, columns 0 to 58 of 79]
-9999.000 -9999.000 -9999.000 -9999.000 -9999.000 -9999.000 -9999.000 -9999.000 -9999.000 -9999.000 -9999.000 -9999.000 -9999.000 -9999.000 -9999.000 0.7453112 0.7458603 0.7461824 0.7463292 0.7462125 0.7459426 0.7456164 0.7452717 0.7449279 0.7446179 0.7443333 0.7440753 0.7438232 0.7434775 0.7434561 0.7434561 -9999.000 -9999.000 -9999.000 -9999.000 -9999.000 -9999.000 -9999.000 -9999.000 -9999.000 -9999.000 -9999.000 -9999.000 -9999.000 -9999.000 -9999.000 -9999.000 -9999.000 -9999.000 -9999.000 -9999.000 -9999.000 -9999.000 -9999.000 -9999.000 -9999.000 -9999.000 -9999.000 -9999.000
-9999.000 -9999.000 -9999.000 -9999.000 -9999.000 -9999.000 -9999.000 -9999.000 -9999.000 -9999.000 -9999.000 -9999.000 -9999.000 -9999.000 -9999.000 0.7471430 0.7476273 0.7478884 0.7480066 0.7479100 0.7476929 0.7474366 0.7471710 0.7469096 0.7466788 0.7464694 0.7462813 0.7460950 0.7458220 0.7458850 0.7458850 -9999.000 -9999.000 -9999.000 -9999.000 -9999.000 -9999.000 -9999.000 -9999.000 -9999.000 -9999.000 -9999.000 -9999.000 -9999.000 -9999.000 -9999.000 -9999.000 -9999.000 -9999.000 -9999.000 -9999.000 -9999.000 -9999.000 -9999.000 -9999.000 -9999.000 -9999.000 -9999.000 -9999.000
-9999.000 -9999.000 -9999.000 -9999.000 -9999.000 -9999.000 -9999.000 -9999.000 -9999.000 -9999.000 -9999.000 -9999.000 -9999.000 -9999.000 -9999.000 0.7490559 0.7495802 0.7498567 0.7499872 0.7498979 0.7496856 0.7494346 0.7491753 0.7489214 0.7486996 0.7484987 0.7483177 0.7481354 0.7478581 0.7479179 0.7479179 -9999.000 -9999.000 -9999.000 -9999.000 -9999.000 -9999.000 -9999.000 -9999.000 -9999.000 -9999.000 -9999.000 -9999.000 -9999.000 -9999.000 -9999.000 -9999.000 -9999.000 -9999.000 -9999.000 -9999.000 -9999.000 -9999.000 -9999.000 -9999.000 -9999.000 -9999.000 -9999.000 -9999.000
-9999.000 -9999.000 -9999.000 -9999.000 -9999.000 -9999.000 -9999.000 -9999.000 -9999.000 -9999.000 -9999.000 -9999.000 -9999.000 -9999.000 -9999.000 0.7510171 0.7515691 0.7518554 0.7519926 0.7519043 0.7516900 0.7514370 0.7511762 0.7509210 0.7506994 0.7504984 0.7503169 0.7501324 0.7498451 0.7498850 0.7498850 -9999.000 -9999.000 -9999.000 -9999.000 -9999.000 -9999.000 -9999.000 -9999.000 -9999.000 -9999.000 -9999.000 -9999.000 -9999.000 -9999.000 -9999.000 -9999.000 -9999.000 -9999.000 -9999.000 -9999.000 -9999.000 -9999.000 -9999.000 -9999.000 -9999.000 -9999.000 -9999.000 -9999.000
-9999.000 -9999.000 -9999.000 -9999.000 -9999.000 -9999.000 -9999.000 -9999.000 -9999.000 -9999.000 -9999.000 -9999.000 -9999.000 -9999.000 -9999.000 0.7529957 0.7535708 0.7538649 0.7540062 0.7539160 0.7536961 0.7534376 0.7531714 0.7529110 0.7526860 0.7524813 0.7522961 0.7521061 0.7518048 0.7518122 0.7518122 -9999.000 -9999.000 -9999.000 -9999.000 -9999.000 -9999.000 -9999.000 -9999.000 -9999.000 -9999.000 -9999.000 -9999.000 -9999.000 -9999.000 -9999.000 -9999.000 -9999.000 -9999.000 -9999.000 -9999.000 -9999.000 -9999.000 -9999.000 -9999.000 -9999.000 -9999.000 -9999.000 -9999.000
-9999.000 -9999.000 -9999.000 -9999.000 -9999.000 -9999.000 -9999.000 -9999.000 -9999.000 -9999.000 -9999.000 -9999.000 -9999.000 -9999.000 -9999.000 0.7549785 0.7555751 0.7558758 0.7560199 0.7559262 0.7556992 0.7554336 0.7551603 0.7548929 0.7546630 0.7544527 0.7542620 0.7540647 0.7537459 0.7537084 0.7537084 -9999.000 -9999.000 -9999.000 -9999.000 -9999.000 -9999.000 -9999.000 -9999.000 -9999.000 -9999.000 -9999.000 -9999.000 -9999.000 -9999.000 -9999.000 -9999.000 -9999.000 -9999.000 -9999.000 -9999.000 -9999.000 -9999.000 -9999.000 -9999.000 -9999.000 -9999.000 -9999.000 -9999.000
-9999.000 -9999.000 -9999.000 -9999.000 -9999.000 -9999.000 -9999.000 -9999.000 -9999.000 -9999.000 -9999.000 -9999.000 -9999.000 -9999.000 -9999.000 0.7569598 0.7575774 0.7578838 0.7580297 0.7579316 0.7576964 0.7574229 0.7571418 0.7568665 0.7566311 0.7564144 0.7562173 0.7560114 0.7556716 0.7555754 0.7555754 -9999.000 -9999.000 -9999.000 -9999.000 -9999.000 -9999.000 -9999.000 -9999.000 -9999.000 -9999.000 -9999.000 -9999.000 -9999.000 -9999.000 -9999.000 -9999.000 -9999.000 -9999.000 -9999.000 -9999.000 -9999.000 -9999.000 -9999.000 -9999.000 -9999.000 -9999.000 -9999.000 -9999.000
-9999.000 -9999.000 -9999.000 -9999.000 -9999.000 -9999.000 -9999.000 -9999.000 -9999.000 -9999.000 -9999.000 -9999.000 -9999.000 -9999.000 -9999.000 0.7589366 0.7595751 0.7598864 0.7600333 0.7599302 0.7596860 0.7594040 0.7591148 0.7588311 0.7585902 0.7583665 0.7581623 0.7579465 0.7575821 0.7574096 0.7574096 -9999.000 -9999.000 -9999.000 -9999.000 -9999.000 -9999.000 -9999.000 -9999.000 -9999.000 -9999.000 -9999.000 -9999.000 -9999.000 -9999.000 -9999.000 -9999.000 -9999.000 -9999.000 -9999.000 -9999.000 -9999.000 -9999.000 -9999.000 -9999.000 -9999.000 -9999.000 -9999.000 -9999.000
-9999.000 -9999.000 -9999.000 -9999.000 -9999.000 -9999.000 -9999.000 -9999.000 -9999.000 -9999.000 -9999.000 -9999.000 -9999.000 -9999.000 -9999.000 0.7609072 0.7615666 0.7618819 0.7620292 0.7619203 0.7616663 0.7613756 0.7610779 0.7607856 0.7605392 0.7603081 0.7600963 0.7598695 0.7594762 0.7592047 0.7592047 -9999.000 -9999.000 -9999.000 -9999.000 -9999.000 -9999.000 -9999.000 -9999.000 -9999.000 -9999.000 -9999.000 -9999.000 -9999.000 -9999.000 -9999.000 -9999.000 -9999.000 -9999.000 -9999.000 -9999.000 -9999.000 -9999.000 -9999.000 -9999.000 -9999.000 -9999.000 -9999.000 -9999.000
-9999.000 -9999.000 -9999.000 -9999.000 -9999.000 -9999.000 -9999.000 -9999.000 -9999.000 -9999.000 -9999.000 -9999.000 -9999.000 -9999.000 -9999.000 0.7628700 0.7635508 0.7638691 0.7640160 0.7639002 0.7636355 0.7633359 0.7630297 0.7627283 0.7624767 0.7622378 0.7620178 0.7617785 0.7613513 0.7609506 0.7609506 -9999.000 -9999.000 -9999.000 -9999.000 -9999.000 -9999.000 -9999.000 -9999.000 -9999.000 -9999.000 -9999.000 -9999.000 -9999.000 -9999.000 -9999.000 -9999.000 -9999.000 -9999.000 -9999.000 -9999.000 -9999.000 -9999.000 -9999.000 -9999.000 -9999.000 -9999.000 -9999.000 -9999.000
-9999.000 -9999.000 -9999.000 -9999.000 -9999.000 -9999.000 -9999.000 -9999.000 -9999.000 -9999.000 -9999.000 -9999.000 -9999.000 -9999.000 -9999.000 0.7648237 0.7655263 0.7658464 0.7659920 0.7658681 0.7655918 0.7652829 0.7649679 0.7646571 0.7644009 0.7641536 0.7639248 0.7636712 0.7632038 0.7626323 0.7626323 -9999.000 -9999.000 -9999.000 -9999.000 -9999.000 -9999.000 -9999.000 -9999.000 -9999.000 -9999.000 -9999.000 -9999.000 -9999.000 -9999.000 -9999.000 -9999.000 -9999.000 -9999.000 -9999.000 -9999.000 -9999.000 -9999.000 -9999.000 -9999.000 -9999.000 -9999.000 -9999.000 -9999.000
-9999.000 -9999.000 -9999.000 -9999.000 -9999.000 -9999.000 -9999.000 -9999.000 -9999.000 -9999.000 -9999.000 -9999.000 -9999.000 -9999.000 -9999.000 0.7667655 0.7674906 0.7678112 0.7679547 0.7678221 0.7675330 0.7672142 0.7668902 0.7665697 0.7663091 0.7660527 0.7658144 0.7655442 0.7650288 0.7642285 0.7642285 -9999.000 -9999.000 -9999.000 -9999.000 -9999.000 -9999.000 -9999.000 -9999.000 -9999.000 -9999.000 -9999.000 -9999.000 -9999.000 -9999.000 -9999.000 -9999.000 -9999.000 -9999.000 -9999.000 -9999.000 -9999.000 -9999.000 -9999.000 -9999.000 -9999.000 -9999.000 -9999.000 -9999.000
-9999.000 -9999.000 -9999.000 -9999.000 -9999.000 -9999.000 -9999.000 -9999.000 -9999.000 -9999.000 -9999.000 -9999.000 -9999.000 -9999.000 -9999.000 0.7686790 0.7694296 0.7697504 0.7698966 0.7697611 0.7694607 0.7691318 0.7687981 0.7684669 0.7682019 0.7679349 0.7676853 0.7673953 0.7668216 0.7657093 0.7657093 -9999.000 -9999.000 -9999.000 -9999.000 -9999.000 -9999.000 -9999.000 -9999.000 -9999.000 -9999.000 -9999.000 -9999.000 -9999.000 -9999.000 -9999.000 -9999.000 -9999.000 -9999.000 -9999.000 -9999.000 -9999.000 -9999.000 -9999.000 -9999.000 -9999.000 -9999.000 -9999.000 -9999.000
-9999.000 -9999.000 -9999.000 -9999.000 -9999.000 -9999.000 -9999.000 -9999.000 -9999.000 -9999.000 -9999.000 -9999.000 -9999.000 -9999.000 -9999.000 0.7701290 0.7709858 0.7714106 0.7717716 0.7717800 0.7715048 0.7711617 0.7708080 0.7704523 0.7701701 0.7698778 0.7696041 0.7692812 0.7686291 0.7670879 0.7670879 -9999.000 -9999.000 -9999.000 -9999.000 -9999.000 -9999.000 -9999.000 -9999.000 -9999.000 -9999.000 -9999.000 -9999.000 -9999.000 -9999.000 -9999.000 -9999.000 -9999.000 -9999.000 -9999.000 -9999.000 -9999.000 -9999.000 -9999.000 -9999.000 -9999.000 -9999.000 -9999.000 -9999.000
-9999.000 -9999.000 -9999.000 -9999.000 -9999.000 -9999.000 -9999.000 -9999.000 -9999.000 -9999.000 -9999.000 -9999.000 -9999.000 -9999.000 -9999.000 0.7551370 0.7659534 0.7720249 0.7766767 0.7783866 0.7777420 0.7765944 0.7754762 0.7744401 0.7736050 0.7728569 0.7722190 0.7715845 0.7705719 0.7676938 0.7676938 -9999.000 -9999.000 -9999.000 -9999.000 -9999.000 -9999.000 -9999.000 -9999.000 -9999.000 -9999.000 -9999.000 -9999.000 -9999.000 -9999.000 -9999.000 -9999.000 -9999.000 -9999.000 -9999.000 -9999.000 -9999.000 -9999.000 -9999.000 -9999.000 -9999.000 -9999.000 -9999.000 -9999.000
0.8703157 0.8703157 0.8746212 0.8495449 0.8449582 0.8449582 0.8413166 0.8353001 0.8353001 0.8303242 0.8303242 0.8260558 0.8241194 0.8222888 0.8205429 0.8205429 0.7773651 0.7759267 0.7747339 0.7731695 0.7736961 0.7754694 0.7776217 0.7800132 0.7834522 0.7863922 0.7890477 0.7903280 0.7864007 0.7615094 0.7615094 0.5519056 0.5114183 0.4834229 0.4736644 0.4736644 0.4566416 0.4566416 0.4499036 0.4499036 0.4547376 0.4889593 0.4889593 0.5603766 0.5603766 0.6714191 0.6714191 0.6714191 0.6835957 0.6835957 0.6777824 0.6777824 0.6641457 0.6641457 0.6481948 0.6481948 0.6325110 0.6325110 0.6325110
0.8670843 0.8670843 0.8734225 0.8485419 0.8438337 0.8438337 0.8401543 0.8341382 0.8341382 0.8291825 0.8291825 0.8249329 0.8230047 0.8211823 0.8194445 0.8194445 0.7831903 0.7764419 0.7709850 0.7659160 0.7621243 0.7594448 0.7576485 0.7567500 0.7571095 0.7582216 0.7600706 0.7622092 0.7630643 0.7567263 0.7567263 0.6204065 0.5630147 0.5035155 0.4857724 0.4857724 0.4622997 0.4622997 0.4549708 0.4549708 0.4597993 0.4912477 0.4912477 0.5516701 0.5516701 0.6581945 0.6581945 0.6581945 0.6796973 0.6796973 0.6769245 0.6769245 0.6643350 0.6643350 0.6487833 0.6487833 0.6332782 0.6332782 0.6332782
0.8654856 0.8654856 0.8728910 0.8486754 0.8438967 0.8438967 0.8401549 0.8340966 0.8340966 0.8291365 0.8291365 0.8248835 0.8229527 0.8211274 0.8193851 0.8193851 0.7878188 0.7769187 0.7674343 0.7588437 0.7515967 0.7457609 0.7412158 0.7379018 0.7359990 0.7352698 0.7356309 0.7367883 0.7376309 0.7338402 0.7338402 0.6511838 0.5938360 0.5215633 0.4984896 0.4984896 0.4704928 0.4704928 0.4668021 0.4668021 0.4749588 0.5089310 0.5089310 0.5579368 0.5579368 0.6458857 0.6458857 0.6458857 0.6719542 0.6719542 0.6733350 0.6733350 0.6627641 0.6627641 0.6480700 0.6480700 0.6329718 0.6329718 0.6329718
0.8644198 0.8644198 0.8720767 0.8488151 0.8440008 0.8440008 0.8401940 0.8340887 0.8340887 0.8291308 0.8291308 0.8248824 0.8229526 0.8211275 0.8193828 0.8193828 0.7911748 0.7769908 0.7637730 0.7516733 0.7411031 0.7322519 0.7251055 0.7195931 0.7157576 0.7134389 0.7124975 0.7126823 0.7131923 0.7109661 0.7109661 0.6603993 0.6113901 0.5379980 0.5128565 0.5128565 0.4853481 0.4853481 0.4901434 0.4901434 0.5027789 0.5364665 0.5364665 0.5699840 0.5699840 0.6321747 0.6321747 0.6321747 0.6590561 0.6590561 0.6652710 0.6652710 0.6582434 0.6582434 0.6455123 0.6455123 0.6315371 0.6315371 0.6315371
0.8638721 0.8638721 0.8709820 0.8489627 0.8441144 0.8441144 0.8402408 0.8340831 0.8340831 0.8291259 0.8291259 0.8248823 0.8229535 0.8211289 0.8193806 0.8193806 0.7928390 0.7759283 0.7593668 0.7439474 0.7301924 0.7183867 0.7086138 0.7008455 0.6950713 0.6911669 0.6889714 0.6882420 0.6883671 0.6871857 0.6871857 0.6563446 0.6176647 0.5507609 0.5275430 0.5275430 0.5092615 0.5092615 0.5269291 0.5269291 0.5421948 0.5680336 0.5680336 0.5836000 0.5836000 0.6190873 0.6190873 0.6190873 0.6429750 0.6429750 0.6531979 0.6531979 0.6506888 0.6506888 0.6410542 0.6410542 0.6290529 0.6290529 0.6290529
0.8638996 0.8638996 0.8696321 0.8491112 0.8442239 0.8442239 0.8402885 0.8340768 0.8340768 0.8291185 0.8291185 0.8248804 0.8229530 0.8211290 0.8193755 0.8193755 0.7925345 0.7731220 0.7535614 0.7351002 0.7183961 0.7038059 0.6914836 0.6814532 0.6737012 0.6681337 0.6646023 0.6628847 0.6625049 0.6619521 0.6619521 0.6435739 0.6150214 0.5605083 0.5442412 0.5442412 0.5458330 0.5458330 0.5747537 0.5747537 0.5872485 0.5976045 0.5976045 0.5963072 0.5963072 0.6085690 0.6085690 0.6085690 0.6264279 0.6264279 0.6384841 0.6384841 0.6403942 0.6403942 0.6346504 0.6346504 0.6254631 0.6254631 0.6254631
0.8644236 0.8644236 0.8681889 0.8492287 0.8442958 0.8442958 0.8403155 0.8340757 0.8340757 0.8291194 0.8291194 0.8248825 0.8229551 0.8211307 0.8193684 0.8193684 0.7900025 0.7680326 0.7456997 0.7244890 0.7051364 0.6880308 0.6733615 0.6611879 0.6515095 0.6442618 0.6393251 0.6365122 0.6354631 0.6351672 0.6351672 0.6248037 0.6056515 0.5706725 0.5683985 0.5683985 0.5970358 0.5970358 0.6255285 0.6255285 0.6293288 0.6217231 0.6217231 0.6073796 0.6073796 0.6014936 0.6014936 0.6014936 0.6116334 0.6116334 0.6228449 0.6228449 0.6280353 0.6280353 0.6264035 0.6264035 0.6207151 0.6207151 0.6207151
0.8645148 0.8645148 0.8677880 0.8492700 0.8443211 0.8443211 0.8403250 0.8340740 0.8340740 0.8291185 0.8291185 0.8248829 0.8229554 0.8211311 0.8193568 0.8193568 0.7848846 0.7600837 0.7350848 0.7113941 0.6897301 0.6704578 0.6537556 0.6396884 0.6282610 0.6194298 0.6131052 0.6091442 0.6072965 0.6069982 0.6069982 0.6020458 0.5921512 0.5886089 0.6082788 0.6082788 0.6576135 0.6576135 0.6690810 0.6690810 0.6623051 0.6401247 0.6401247 0.6170481 0.6170481 0.5977503 0.5977503 0.5977503 0.5998369 0.5998369 0.6078941 0.6078941 0.6146014 0.6146014 0.6166513 0.6166513 0.6148559 0.6148559 0.6148559
0.8644385 0.8644385 0.8681809 0.8492265 0.8442932 0.8442932 0.8403136 0.8340752 0.8340752 0.8291194 0.8291194 0.8248827 0.8229552 0.8211307 0.8193395 0.8193395 0.7766234 0.7485607 0.7209116 0.6949908 0.6713849 0.6503635 0.6320425 0.6164534 0.6035855 0.5933986 0.5858254 0.5807653 0.5780930 0.5778028 0.5778028 0.5774409 0.5790075 0.6254404 0.6685482 0.6685482 0.7141849 0.7141849 0.7002443 0.7002443 0.6854055 0.6541395 0.6541395 0.6256266 0.6256266 0.5966315 0.5966315 0.5966315 0.5913253 0.5913253 0.5948138 0.5948138 0.6011953 0.6011953 0.6059877 0.6059877 0.6081017 0.6081017 0.6081017
0.8639553 0.8639553 0.8695661 0.8491181 0.8442264 0.8442264 0.8402867 0.8340750 0.8340750 0.8291184 0.8291184 0.8248808 0.8229534 0.8211293 0.8193141 0.8193141 0.7643262 0.7324777 0.7021613 0.6742822 0.6491618 0.6268911 0.6074663 0.5908443 0.5769712 0.5657905 0.5572417 0.5512626 0.5479257 0.5483589 0.5483589 0.5547866 0.5757803 0.6883295 0.7399949 0.7399949 0.7543780 0.7543780 0.7202979 0.7202979 0.7011943 0.6651760 0.6651760 0.6332618 0.6332618 0.5972867 0.5972867 0.5972867 0.5857636 0.5857636 0.5842394 0.5842394 0.5888469 0.5888469 0.5952054 0.5952054 0.6008682 0.6008682 0.6008682
0.8638875 0.8638875 0.8709722 0.8489602 0.8441120 0.8441120 0.8402393 0.8340833 0.8340833 0.8291264 0.8291264 0.8248826 0.8229538 0.8211290 0.8192788 0.8192788 0.7465301 0.7103685 0.6774426 0.6479870 0.6219022 0.5990062 0.5791160 0.5620748 0.5477597 0.5360781 0.5269612 0.5203936 0.5169551 0.5210657 0.5210657 0.5435621 0.6002029 0.7663031 0.7998759 0.7998759 0.7767632 0.7767632 0.7331536 0.7331536 0.7123621 0.6740066 0.6740066 0.6398607 0.6398607 0.5989109 0.5989109 0.5989109 0.5825050 0.5825050 0.5762992 0.5762992 0.5783381 0.5783381 0.5851700 0.5851700 0.5937396 0.5937396 0.5937396
