simulation_files/asc/Depth____735.0.asc
NCOLS       216
NROWS       273
XLLCENTER        494.688995
YLLCENTER        787.867981
CELLSIZE           0.500
NODATA_VALUE     -9999.0
[rows 162 to 188 of 273, columns 118 to 176 of 216]
1.948770 2.624927 2.822833 2.859572 2.870125 2.879626 2.654539 2.077507 1.502162 -9999.000 0.1862088 0.6954241E-01 0.9680474E-01 0.1465283 0.1257172 0.1064178 0.1286447 0.1420841 0.1642747 0.1671135 0.1630336 0.1328062 0.8745784E-01 0.9172687E-01 0.1180452 0.1230989 0.9585319E-01 0.6184442E-01 -9999.000 -9999.000 -9999.000 -9999.000 -9999.000 -9999.000 -9999.000 -9999.000 -9999.000 -9999.000 -9999.000 -9999.000 -9999.000 -9999.000 -9999.000 -9999.000 -9999.000 -9999.000 -9999.000 -9999.000 -9999.000 -9999.000 -9999.000 -9999.000 -9999.000 -9999.000 -9999.000 -9999.000 -9999.000 -9999.000 -9999.000
1.870521 2.585172 2.815579 2.848807 2.849182 2.440982 1.729687 1.028769 0.4550490 0.1645386 0.1178229 0.1078849 0.1201138 0.1128203 0.1227532 0.1280302 0.1292600 0.1289547 0.1635175 0.1858367 0.1897042 0.1404197 0.9961009E-01 0.1015551 0.1365971 0.1502206 0.1276262 0.8124174E-01 0.3335224E-01 -9999.000 -9999.000 -9999.000 -9999.000 -9999.000 -9999.000 -9999.000 -9999.000 -9999.000 -9999.000 -9999.000 -9999.000 -9999.000 -9999.000 -9999.000 -9999.000 -9999.000 -9999.000 -9999.000 -9999.000 -9999.000 -9999.000 -9999.000 -9999.000 -9999.000 -9999.000 -9999.000 -9999.000 -9999.000 -9999.000
1.505177 2.241048 2.694932 2.836896 2.413386 1.498703 -9999.000 0.1566009 0.1167093 0.8968116E-01 0.1066358 0.9643364E-01 0.9431901E-01 0.7920159E-01 0.1003262 0.1223819 0.1163231 0.1176310 0.1407265 0.1725341 0.1854041 0.1277745 0.9064375E-01 0.1033381 0.1430949 0.1507154 0.1153936 0.8809562E-01 0.4199581E-01 -9999.000 -9999.000 -9999.000 -9999.000 -9999.000 -9999.000 -9999.000 -9999.000 -9999.000 -9999.000 -9999.000 -9999.000 -9999.000 -9999.000 -9999.000 -9999.000 -9999.000 -9999.000 -9999.000 -9999.000 -9999.000 -9999.000 -9999.000 -9999.000 -9999.000 -9999.000 -9999.000 -9999.000 -9999.000 -9999.000
-9999.000 1.433737 2.254116 2.358892 1.498944 0.4792616 0.1093034 0.1172051 0.9152175E-01 0.6056636E-01 0.5383657E-01 0.5481158E-01 0.6971628E-01 0.6971933E-01 0.9008864E-01 0.1159798 0.1219191 0.1399167 0.1633580 0.1920133 0.1634844 0.1016564 0.8039440E-01 0.9566826E-01 0.1333866 0.1308438 0.1191651 0.8893917E-01 0.4706155E-01 -9999.000 -9999.000 -9999.000 -9999.000 -9999.000 -9999.000 -9999.000 -9999.000 -9999.000 -9999.000 -9999.000 -9999.000 -9999.000 -9999.000 -9999.000 -9999.000 -9999.000 -9999.000 -9999.000 -9999.000 -9999.000 -9999.000 -9999.000 -9999.000 -9999.000 -9999.000 -9999.000 -9999.000 -9999.000 -9999.000
-9999.000 0.6140373 1.314563 1.159651 -9999.000 0.1192926 0.1341768 0.1187213 0.1054493 0.7163970E-01 0.3838854E-01 0.3610182E-01 0.5169399E-01 0.5376737E-01 0.9277564E-01 0.1417271 0.1715891 0.1958433 0.2190859 0.2055250 0.1270286 0.1038192 0.1015786 0.1088828 0.1287720 0.1413854 0.1364331 0.1132586 0.8338966E-01 0.5141350E-01 -9999.000 -9999.000 0.1836429E-01 -9999.000 -9999.000 -9999.000 -9999.000 -9999.000 -9999.000 -9999.000 -9999.000 -9999.000 -9999.000 -9999.000 -9999.000 -9999.000 -9999.000 -9999.000 -9999.000 -9999.000 -9999.000 -9999.000 -9999.000 -9999.000 -9999.000 -9999.000 -9999.000 -9999.000 -9999.000
-9999.000 -9999.000 -9999.000 0.2244115 0.1211835 0.1620034 0.1384258 0.1321132 0.1351218 0.1054780 0.7754027E-01 0.6270388E-01 0.5724329E-01 0.5996805E-01 0.1116121 0.1835991 0.1988736 0.2128557 0.2235053 0.1582343 0.8724886E-01 0.1147898 0.1233767 0.1342404 0.1381777 0.1149469 0.1160880 0.1159275 0.1029735 0.6687338E-01 -9999.000 -9999.000 -9999.000 -9999.000 -9999.000 -9999.000 -9999.000 -9999.000 -9999.000 -9999.000 -9999.000 -9999.000 -9999.000 -9999.000 -9999.000 -9999.000 -9999.000 -9999.000 -9999.000 -9999.000 -9999.000 -9999.000 -9999.000 -9999.000 -9999.000 -9999.000 -9999.000 -9999.000 -9999.000
-9999.000 -9999.000 -9999.000 0.6008749E-01 0.1522058 0.1592035 0.1594856 0.1659729 0.1723387 0.1547370 0.1342007 0.1137136 0.9262028E-01 0.9220849E-01 0.1203202 0.1662161 0.1765897 0.1815984 0.1527096 0.1211012 0.7890958E-01 0.1064935 0.1252969 0.1401991 0.1366138 0.8765701E-01 0.7322749E-01 0.9346133E-01 0.1000881 0.7984920E-01 0.4476267E-01 0.1298030E-01 -9999.000 -9999.000 -9999.000 -9999.000 -9999.000 -9999.000 -9999.000 -9999.000 -9999.000 -9999.000 -9999.000 -9999.000 -9999.000 -9999.000 -9999.000 -9999.000 -9999.000 -9999.000 -9999.000 -9999.000 -9999.000 -9999.000 -9999.000 -9999.000 -9999.000 -9999.000 -9999.000
-9999.000 -9999.000 -9999.000 0.4577822E-01 0.8054564E-01 0.1129629 0.1633464 0.1906813 0.1772471 0.1541768 0.1363758 0.1370616 0.1221767 0.1049801 0.9451228E-01 0.7888828E-01 0.1110444 0.1022284 0.1044591 0.1454050 0.1187951 0.1336516 0.1587709 0.1830037 0.1751188 0.1200957 0.8391979E-01 0.8873783E-01 0.1003074 0.9876732E-01 0.6431959E-01 0.2556250E-01 0.1719449E-01 -9999.000 -9999.000 -9999.000 -9999.000 -9999.000 -9999.000 -9999.000 -9999.000 -9999.000 -9999.000 -9999.000 -9999.000 -9999.000 -9999.000 -9999.000 -9999.000 -9999.000 -9999.000 -9999.000 -9999.000 -9999.000 -9999.000 -9999.000 -9999.000 -9999.000 -9999.000
-9999.000 -9999.000 -9999.000 -9999.000 0.4932032E-01 0.9480640E-01 0.1526502 0.1728506 0.1693776 0.1493856 0.1244157 0.1016382 0.8304425E-01 0.7217052E-01 0.7748859E-01 0.9667778E-01 0.1130007 0.9428407E-01 0.1012539 0.1257014 0.1182591 0.1489279 0.2050405 0.2419071 0.2260797 0.1591583 0.1020970 0.9993180E-01 0.1105454 0.1215163 0.8389275E-01 0.4721607E-01 0.3485372E-01 0.2566066E-01 -9999.000 -9999.000 -9999.000 -9999.000 -9999.000 -9999.000 -9999.000 -9999.000 -9999.000 -9999.000 -9999.000 -9999.000 -9999.000 -9999.000 -9999.000 -9999.000 -9999.000 -9999.000 -9999.000 -9999.000 -9999.000 -9999.000 -9999.000 -9999.000 -9999.000
-9999.000 -9999.000 -9999.000 -9999.000 -9999.000 0.5953436E-01 0.9268667E-01 0.1328137 0.1616382 0.1790504 0.1274220 0.6040320E-01 0.3874007E-01 0.3440181E-01 0.6945544E-01 0.1315363 0.1665713 0.1785356 0.1272686 0.7113435E-01 0.5863263E-01 0.1182012 0.2200900 0.2574631 0.2191627 0.1540926 0.1142414 0.1315556 0.1534247 0.1578272 0.1051149 0.7834237E-01 0.8103995E-01 0.5917084E-01 0.4004035E-01 0.2896864E-01 -9999.000 -9999.000 -9999.000 -9999.000 -9999.000 -9999.000 -9999.000 -9999.000 -9999.000 -9999.000 -9999.000 -9999.000 -9999.000 -9999.000 -9999.000 -9999.000 -9999.000 -9999.000 -9999.000 -9999.000 -9999.000 -9999.000 -9999.000
-9999.000 -9999.000 -9999.000 -9999.000 -9999.000 0.2883476E-01 0.4115979E-01 0.9616066E-01 0.1501657 0.1789738 0.1418120 0.7040066E-01 0.4966174E-01 0.5615727E-01 0.8623969E-01 0.1449899 0.1793701 0.2076393 0.1732730 0.9627017E-01 0.7332078E-01 0.1308122 0.2105642 0.2272799 0.1945296 0.1379530 0.1113671 0.1177232 0.1480967 0.1670196 0.1288811 0.1229157 0.1353700 0.1260985 0.6995497E-01 0.4853186E-01 0.5378007E-01 0.4331874E-01 -9999.000 -9999.000 -9999.000 -9999.000 -9999.000 -9999.000 -9999.000 -9999.000 -9999.000 -9999.000 -9999.000 -9999.000 -9999.000 -9999.000 -9999.000 -9999.000 -9999.000 -9999.000 -9999.000 -9999.000 -9999.000
-9999.000 -9999.000 -9999.000 -9999.000 -9999.000 -9999.000 0.5489762E-01 0.8844150E-01 0.1318795 0.1591563 0.1580552 0.1183085 0.8314045E-01 0.8979815E-01 0.1155359 0.1493401 0.1761774 0.2192253 0.2231711 0.1798349 0.1706145 0.1717642 0.1854054 0.2035865 0.1421908 0.1064631 0.8936196E-01 0.8160733E-01 0.9957017E-01 0.1378358 0.1256304 0.1308086 0.1464798 0.1431384 0.1018302 0.7058577E-01 0.8406450E-01 0.8248021E-01 0.4500938E-01 -9999.000 -9999.000 -9999.000 -9999.000 -9999.000 -9999.000 -9999.000 -9999.000 -9999.000 -9999.000 -9999.000 -9999.000 -9999.000 -9999.000 -9999.000 -9999.000 -9999.000 -9999.000 -9999.000 -9999.000
-9999.000 -9999.000 -9999.000 -9999.000 -9999.000 -9999.000 0.7268990E-01 0.8752654E-01 0.1142575 0.1535051 0.1766603 0.1513050 0.1065352 0.8077005E-01 0.9505147E-01 0.1274546 0.1599012 0.2130755 0.2300566 0.2305801 0.2453656 0.1928434 0.1556677 0.1399062 0.1090087 0.9096942E-01 0.7695094E-01 0.7978374E-01 0.1010829 0.1287919 0.1136005 0.1013594 0.1094987 0.1227994 0.1035685 0.7841961E-01 0.9878958E-01 0.9567073E-01 -9999.000 -9999.000 -9999.000 -9999.000 -9999.000 -9999.000 -9999.000 -9999.000 -9999.000 -9999.000 -9999.000 -9999.000 -9999.000 -9999.000 -9999.000 -9999.000 -9999.000 -9999.000 -9999.000 -9999.000 -9999.000
-9999.000 -9999.000 -9999.000 -9999.000 -9999.000 -9999.000 -9999.000 -9999.000 0.7685421E-01 0.1419377 0.1870231 0.1672101 0.1072296 0.5009104E-01 0.4649650E-01 0.6583589E-01 0.1124652 0.1941460 0.1990708 0.1903640 0.1742371 0.1326836 0.1167144 0.1489985 0.1747773 0.1153942 0.9177603E-01 0.1037816 0.1232766 0.1478511 0.1401415 0.1097374 0.9861047E-01 0.1135372 0.9756827E-01 0.5943642E-01 0.6083214E-01 0.8266750E-01 0.8058907E-01 0.5826740E-01 -9999.000 -9999.000 -9999.000 -9999.000 -9999.000 -9999.000 -9999.000 -9999.000 -9999.000 -9999.000 -9999.000 -9999.000 -9999.000 -9999.000 -9999.000 -9999.000 -9999.000 -9999.000 -9999.000
-9999.000 -9999.000 -9999.000 -9999.000 -9999.000 -9999.000 -9999.000 -9999.000 0.3670424E-01 0.1027906 0.1539530 0.1512471 0.9364764E-01 0.3024177E-01 0.1786562E-01 0.2633720E-01 0.6369163E-01 0.1262364 0.1254957 0.1089487 0.8600894E-01 0.8309638E-01 0.1057433 0.1845888 0.2172506 0.1639851 0.1510352 0.1604762 0.1705579 0.1862269 0.1980722 0.1924788 0.1413171 0.1114997 0.6665117E-01 0.2689765E-01 0.4990381E-01 0.9080297E-01 0.1023137 0.7095487E-01 -9999.000 -9999.000 -9999.000 -9999.000 -9999.000 -9999.000 -9999.000 -9999.000 -9999.000 -9999.000 -9999.000 -9999.000 -9999.000 -9999.000 -9999.000 -9999.000 -9999.000 -9999.000 -9999.000
-9999.000 -9999.000 -9999.000 -9999.000 -9999.000 -9999.000 -9999.000 -9999.000 -9999.000 0.5692856E-01 0.1136020 0.1352843 0.1035429 0.4245575E-01 0.1722596E-01 -9999.000 -9999.000 0.4818813E-01 0.6922706E-01 0.8307274E-01 0.1031321 0.9597872E-01 0.1014416 0.1753031 0.2179745 0.2015786 0.1949648 0.1972588 0.1780877 0.1726367 0.2164930 0.2225967 0.1933786 0.1308302 0.5040695E-01 0.3752331E-01 0.7900092E-01 0.9495393E-01 0.8631516E-01 0.6814654E-01 -9999.000 -9999.000 -9999.000 -9999.000 -9999.000 -9999.000 -9999.000 -9999.000 -9999.000 -9999.000 -9999.000 -9999.000 -9999.000 -9999.000 -9999.000 -9999.000 -9999.000 -9999.000 -9999.000
-9999.000 -9999.000 -9999.000 -9999.000 -9999.000 -9999.000 -9999.000 -9999.000 -9999.000 0.4439567E-01 0.1065196 0.1347631 0.1212359 0.7843325E-01 0.3205861E-01 -9999.000 -9999.000 -9999.000 0.4248362E-01 0.6400801E-01 0.9938728E-01 0.1238493 0.1188251 0.1599454 0.2151006 0.2087188 0.1911848 0.1659959 0.9897138E-01 0.9148734E-01 0.1672438 0.1879032 0.1862424 0.1397260 0.9231698E-01 0.1007968 0.1098490 0.1006912 0.8618957E-01 0.1009401 0.8389058E-01 -9999.000 -9999.000 -9999.000 -9999.000 -9999.000 -9999.000 -9999.000 -9999.000 -9999.000 -9999.000 -9999.000 -9999.000 -9999.000 -9999.000 -9999.000 -9999.000 -9999.000 -9999.000
-9999.000 -9999.000 -9999.000 -9999.000 -9999.000 -9999.000 -9999.000 -9999.000 -9999.000 -9999.000 0.6712151E-01 0.1022482 0.1246047 0.1056720 0.5758199E-01 -9999.000 -9999.000 -9999.000 0.2726168E-01 0.4374881E-01 0.8607690E-01 0.1369194 0.1412788 0.1568268 0.2105411 0.1938612 0.1539585 0.9755013E-01 0.8645801E-01 0.1090907 0.1275908 0.1332595 0.1413501 0.1193758 0.1151858 0.1439042 0.1371028 0.1138511 0.1244475 0.1425845 0.1035752 -9999.000 -9999.000 -9999.000 -9999.000 -9999.000 -9999.000 -9999.000 -9999.000 -9999.000 -9999.000 -9999.000 -9999.000 -9999.000 -9999.000 -9999.000 -9999.000 -9999.000 -9999.000
-9999.000 -9999.000 -9999.000 -9999.000 -9999.000 -9999.000 -9999.000 -9999.000 -9999.000 -9999.000 0.4655550E-01 0.9492750E-01 0.1331066 0.1306678 0.8387958E-01 0.4109633E-01 -9999.000 0.1356506E-01 0.1901809E-01 0.3062668E-01 0.6387481E-01 0.1035916 0.1144587 0.1508373 0.1901795 0.1660907 0.1018932 0.6197586E-01 0.1150641 0.1598797 0.1501066 0.1226522 0.1241140 0.1070329 0.1093568 0.1543651 0.1439652 0.1175030 0.1358132 0.1694807 0.1302167 0.6315137E-01 -9999.000 -9999.000 -9999.000 -9999.000 -9999.000 -9999.000 -9999.000 -9999.000 -9999.000 -9999.000 -9999.000 -9999.000 -9999.000 -9999.000 -9999.000 -9999.000 -9999.000
-9999.000 -9999.000 -9999.000 -9999.000 -9999.000 -9999.000 -9999.000 -9999.000 -9999.000 -9999.000 -9999.000 0.5561885E-01 0.1008424 0.1332007 0.1132848 0.5986360E-01 -9999.000 -9999.000 -9999.000 -9999.000 0.3303489E-01 0.5798698E-01 0.7273050E-01 0.1183237 0.1673958 0.1397219 0.1200540 0.1159763 0.1580700 0.1876811 0.1938152 0.1604647 0.1656596 0.1593528 0.1602584 0.1827420 0.1611313 0.1449121 0.1560204 0.1791551 0.1568571 0.8484805E-01 0.3711506E-01 -9999.000 -9999.000 -9999.000 -9999.000 -9999.000 -9999.000 -9999.000 -9999.000 -9999.000 -9999.000 -9999.000 -9999.000 -9999.000 -9999.000 -9999.000 -9999.000
-9999.000 -9999.000 -9999.000 -9999.000 -9999.000 -9999.000 -9999.000 -9999.000 -9999.000 -9999.000 -9999.000 -9999.000 0.5545141E-01 0.9989689E-01 0.1057365 0.7393484E-01 0.3343559E-01 -9999.000 -9999.000 -9999.000 -9999.000 0.2339397E-01 0.2506191E-01 0.6074179E-01 0.1445779 0.1652177 0.1668617 0.1961778 0.1959487 0.1761849 0.1994668 0.2319347 0.2520299 0.2722785 0.2469981 0.2107465 0.1890920 0.1926343 0.1967805 0.2053789 0.1805104 0.1275106 0.7544354E-01 -9999.000 -9999.000 -9999.000 -9999.000 -9999.000 -9999.000 -9999.000 -9999.000 -9999.000 -9999.000 -9999.000 -9999.000 -9999.000 -9999.000 -9999.000 -9999.000
-9999.000 -9999.000 -9999.000 -9999.000 -9999.000 -9999.000 -9999.000 -9999.000 -9999.000 -9999.000 -9999.000 -9999.000 0.4298824E-01 0.9726010E-01 0.1177719 0.9460611E-01 0.5584635E-01 -9999.000 -9999.000 -9999.000 -9999.000 0.1802004E-01 -9999.000 0.3701715E-01 0.1106769 0.1430865 0.1605234 0.2145312 0.2306986 0.1895163 0.1987071 0.2600477 0.2803590 0.2901727 0.2778054 0.2324758 0.2118916 0.2050260 0.2129506 0.2204220 0.2081703 0.1868897 0.1250987 -9999.000 -9999.000 -9999.000 -9999.000 -9999.000 -9999.000 -9999.000 -9999.000 -9999.000 -9999.000 -9999.000 -9999.000 -9999.000 -9999.000 -9999.000 -9999.000
-9999.000 -9999.000 -9999.000 -9999.000 -9999.000 -9999.000 -9999.000 -9999.000 -9999.000 -9999.000 -9999.000 -9999.000 -9999.000 0.1048448 0.1274502 0.1173775 0.8097214E-01 0.3818580E-01 0.1347597E-01 0.1611963E-01 0.1925406E-01 0.1888551E-01 -9999.000 0.3065276E-01 0.6966230E-01 0.8076876E-01 0.9710189E-01 0.1688845 0.2192371 0.2104574 0.2259739 0.2670401 0.2564772 0.2448562 0.2450436 0.2337464 0.2016207 0.1968027 0.1982388 0.2133694 0.2202950 0.2044196 0.1549988 0.7945068E-01 -9999.000 -9999.000 -9999.000 -9999.000 -9999.000 -9999.000 -9999.000 -9999.000 -9999.000 -9999.000 -9999.000 -9999.000 -9999.000 -9999.000 -9999.000
-9999.000 -9999.000 -9999.000 -9999.000 -9999.000 -9999.000 -9999.000 -9999.000 -9999.000 -9999.000 -9999.000 -9999.000 -9999.000 0.9651934E-01 0.1211921 0.1257595 0.1053831 0.5225694E-01 0.1654886E-01 0.2400681E-01 0.2438780E-01 0.2488274E-01 0.2993791E-01 0.4367094E-01 0.5485673E-01 0.4220165E-01 0.5489635E-01 0.1067538 0.1590404 0.1843014 0.2472383 0.2443608 0.1873351 0.1869836 0.2011217 0.1567963 0.1270886 0.1022917 0.1202685 0.1437064 0.1710170 0.1779244 0.1503435 0.8629861E-01 0.6566168E-01 -9999.000 -9999.000 -9999.000 -9999.000 -9999.000 -9999.000 -9999.000 -9999.000 -9999.000 -9999.000 -9999.000 -9999.000 -9999.000 -9999.000
-9999.000 -9999.000 -9999.000 -9999.000 -9999.000 -9999.000 -9999.000 -9999.000 -9999.000 -9999.000 -9999.000 -9999.000 -9999.000 -9999.000 0.9722565E-01 0.1158335 0.1111626 0.7209594E-01 0.3474698E-01 0.2261343E-01 0.2223991E-01 0.2287211E-01 0.3288231E-01 0.4447730E-01 0.3756438E-01 0.4405798E-01 0.7885936E-01 0.1132929 0.1447262 0.1783307 0.2100070 0.1704624 0.1269904 0.2022919 0.2318342 0.1762219 0.1107490 0.8714474E-01 0.1026747 0.1082566 0.1253249 0.1449484 0.1398522 0.1088238 0.7134867E-01 0.4559354E-01 -9999.000 -9999.000 -9999.000 -9999.000 -9999.000 -9999.000 -9999.000 -9999.000 -9999.000 -9999.000 -9999.000 -9999.000 -9999.000
-9999.000 -9999.000 -9999.000 -9999.000 -9999.000 -9999.000 -9999.000 -9999.000 -9999.000 -9999.000 -9999.000 -9999.000 -9999.000 0.4951979E-01 0.8190571E-01 0.9471858E-01 0.1155595 0.9403709E-01 0.4023613E-01 -9999.000 -9999.000 -9999.000 -9999.000 0.2631504E-01 0.3326775E-01 0.5355025E-01 0.1148418 0.1416874 0.1470645 0.1402500 0.1419211 0.1212566 0.1136527 0.2020437 0.2671360 0.2544087 0.2010701 0.1355941 0.1301505 0.1491648 0.1538969 0.1507534 0.1474750 0.1170945 0.6779829E-01 0.3158392E-01 -9999.000 -9999.000 -9999.000 -9999.000 -9999.000 -9999.000 -9999.000 -9999.000 -9999.000 -9999.000 -9999.000 -9999.000 -9999.000
-9999.000 -9999.000 -9999.000 -9999.000 -9999.000 -9999.000 -9999.000 -9999.000 -9999.000 -9999.000 -9999.000 -9999.000 -9999.000 0.5320021E-01 0.7721179E-01 0.8994952E-01 0.1175905 0.1074602 0.6308333E-01 0.3642160E-01 0.1630311E-01 -9999.000 -9999.000 -9999.000 0.2672223E-01 0.3214573E-01 0.7024086E-01 0.9517688E-01 0.1166410 0.1117333 0.1309780 0.1562300 0.1389389 0.1785354 0.2320568 0.2524290 0.2188703 0.1703846 0.1548419 0.1704064 0.1688706 0.1507529 0.1462703 0.1294993 0.1015190 0.7706372E-01 -9999.000 -9999.000 -9999.000 -9999.000 -9999.000 -9999.000 -9999.000 -9999.000 -9999.000 -9999.000 -9999.000 -9999.000 -9999.000
