simulation_files/asc/Depth____149.0.asc
NCOLS        79
NROWS        79
XLLCENTER         -1.500000
YLLCENTER         -4.800000
CELLSIZE           0.100
NODATA_VALUE     -9999.0
[rows 0 to 25 of 79, columns 0 to 58 of 79]
-9999.000 -9999.000 -9999.000 -9999.000 -9999.000 -9999.000 -9999.000 -9999.000 -9999.000 -9999.000 -9999.000 -9999.000 -9999.000 -9999.000 -9999.000 0.5741329 0.5743507 0.5743178 0.5742254 0.5740863 0.5739156 0.5737208 0.5735132 0.5733028 0.5730972 0.5728988 0.5726991 0.5724636 0.5720862 0.5720385 0.5720385 -9999.000 -9999.000 -9999.000 -9999.000 -9999.000 -9999.000 -9999.000 -9999.000 -9999.000 -9999.000 -9999.000 -9999.000 -9999.000 -9999.000 -9999.000 -9999.000 -9999.000 -9999.000 -9999.000 -9999.000 -9999.000 -9999.000 -9999.000 -9999.000 -9999.000 -9999.000 -9999.000 -9999.000
-9999.000 -9999.000 -9999.000 -9999.000 -9999.000 -9999.000 -9999.000 -9999.000 -9999.000 -9999.000 -9999.000 -9999.000 -9999.000 -9999.000 -9999.000 0.5759150 0.5761346 0.5761043 0.5760265 0.5759121 0.5757737 0.5756171 0.5754519 0.5752861 0.5751262 0.5749743 0.5748231 0.5746418 0.5743341 0.5743517 0.5743517 -9999.000 -9999.000 -9999.000 -9999.000 -9999.000 -9999.000 -9999.000 -9999.000 -9999.000 -9999.000 -9999.000 -9999.000 -9999.000 -9999.000 -9999.000 -9999.000 -9999.000 -9999.000 -9999.000 -9999.000 -9999.000 -9999.000 -9999.000 -9999.000 -9999.000 -9999.000 -9999.000 -9999.000
-9999.000 -9999.000 -9999.000 -9999.000 -9999.000 -9999.000 -9999.000 -9999.000 -9999.000 -9999.000 -9999.000 -9999.000 -9999.000 -9999.000 -9999.000 0.5778641 0.5781086 0.5780832 0.5780106 0.5779023 0.5777710 0.5776229 0.5774670 0.5773114 0.5771620 0.5770199 0.5768762 0.5766973 0.5763797 0.5763915 0.5763915 -9999.000 -9999.000 -9999.000 -9999.000 -9999.000 -9999.000 -9999.000 -9999.000 -9999.000 -9999.000 -9999.000 -9999.000 -9999.000 -9999.000 -9999.000 -9999.000 -9999.000 -9999.000 -9999.000 -9999.000 -9999.000 -9999.000 -9999.000 -9999.000 -9999.000 -9999.000 -9999.000 -9999.000
-9999.000 -9999.000 -9999.000 -9999.000 -9999.000 -9999.000 -9999.000 -9999.000 -9999.000 -9999.000 -9999.000 -9999.000 -9999.000 -9999.000 -9999.000 0.5798534 0.5801133 0.5800894 0.5800185 0.5799112 0.5797815 0.5796349 0.5794809 0.5793274 0.5791803 0.5790401 0.5788967 0.5787141 0.5783806 0.5783709 0.5783709 -9999.000 -9999.000 -9999.000 -9999.000 -9999.000 -9999.000 -9999.000 -9999.000 -9999.000 -9999.000 -9999.000 -9999.000 -9999.000 -9999.000 -9999.000 -9999.000 -9999.000 -9999.000 -9999.000 -9999.000 -9999.000 -9999.000 -9999.000 -9999.000 -9999.000 -9999.000 -9999.000 -9999.000
-9999.000 -9999.000 -9999.000 -9999.000 -9999.000 -9999.000 -9999.000 -9999.000 -9999.000 -9999.000 -9999.000 -9999.000 -9999.000 -9999.000 -9999.000 0.5818627 0.5821327 0.5821087 0.5820369 0.5819280 0.5817961 0.5816473 0.5814909 0.5813354 0.5811864 0.5810440 0.5808972 0.5807072 0.5803524 0.5803073 0.5803073 -9999.000 -9999.000 -9999.000 -9999.000 -9999.000 -9999.000 -9999.000 -9999.000 -9999.000 -9999.000 -9999.000 -9999.000 -9999.000 -9999.000 -9999.000 -9999.000 -9999.000 -9999.000 -9999.000 -9999.000 -9999.000 -9999.000 -9999.000 -9999.000 -9999.000 -9999.000 -9999.000 -9999.000
-9999.000 -9999.000 -9999.000 -9999.000 -9999.000 -9999.000 -9999.000 -9999.000 -9999.000 -9999.000 -9999.000 -9999.000 -9999.000 -9999.000 -9999.000 0.5838811 0.5841580 0.5841326 0.5840586 0.5839462 0.5838104 0.5836571 0.5834962 0.5833362 0.5831829 0.5830362 0.5828836 0.5826833 0.5823021 0.5822074 0.5822074 -9999.000 -9999.000 -9999.000 -9999.000 -9999.000 -9999.000 -9999.000 -9999.000 -9999.000 -9999.000 -9999.000 -9999.000 -9999.000 -9999.000 -9999.000 -9999.000 -9999.000 -9999.000 -9999.000 -9999.000 -9999.000 -9999.000 -9999.000 -9999.000 -9999.000 -9999.000 -9999.000 -9999.000
-9999.000 -9999.000 -9999.000 -9999.000 -9999.000 -9999.000 -9999.000 -9999.000 -9999.000 -9999.000 -9999.000 -9999.000 -9999.000 -9999.000 -9999.000 0.5859023 0.5861844 0.5861568 0.5860797 0.5859627 0.5858216 0.5856625 0.5854955 0.5853297 0.5851707 0.5850183 0.5848583 0.5846455 0.5842323 0.5840709 0.5840709 -9999.000 -9999.000 -9999.000 -9999.000 -9999.000 -9999.000 -9999.000 -9999.000 -9999.000 -9999.000 -9999.000 -9999.000 -9999.000 -9999.000 -9999.000 -9999.000 -9999.000 -9999.000 -9999.000 -9999.000 -9999.000 -9999.000 -9999.000 -9999.000 -9999.000 -9999.000 -9999.000 -9999.000
-9999.000 -9999.000 -9999.000 -9999.000 -9999.000 -9999.000 -9999.000 -9999.000 -9999.000 -9999.000 -9999.000 -9999.000 -9999.000 -9999.000 -9999.000 0.5879229 0.5882093 0.5881788 0.5880979 0.5879754 0.5878280 0.5876621 0.5874881 0.5873154 0.5871499 0.5869907 0.5868219 0.5865941 0.5861425 0.5858926 0.5858926 -9999.000 -9999.000 -9999.000 -9999.000 -9999.000 -9999.000 -9999.000 -9999.000 -9999.000 -9999.000 -9999.000 -9999.000 -9999.000 -9999.000 -9999.000 -9999.000 -9999.000 -9999.000 -9999.000 -9999.000 -9999.000 -9999.000 -9999.000 -9999.000 -9999.000 -9999.000 -9999.000 -9999.000
-9999.000 -9999.000 -9999.000 -9999.000 -9999.000 -9999.000 -9999.000 -9999.000 -9999.000 -9999.000 -9999.000 -9999.000 -9999.000 -9999.000 -9999.000 0.5899407 0.5902309 0.5901968 0.5901116 0.5899829 0.5898285 0.5896547 0.5894727 0.5892922 0.5891193 0.5889524 0.5887735 0.5885282 0.5880306 0.5876623 0.5876623 -9999.000 -9999.000 -9999.000 -9999.000 -9999.000 -9999.000 -9999.000 -9999.000 -9999.000 -9999.000 -9999.000 -9999.000 -9999.000 -9999.000 -9999.000 -9999.000 -9999.000 -9999.000 -9999.000 -9999.000 -9999.000 -9999.000 -9999.000 -9999.000 -9999.000 -9999.000 -9999.000 -9999.000
-9999.000 -9999.000 -9999.000 -9999.000 -9999.000 -9999.000 -9999.000 -9999.000 -9999.000 -9999.000 -9999.000 -9999.000 -9999.000 -9999.000 -9999.000 0.5919534 0.5922476 0.5922098 0.5921198 0.5919843 0.5918218 0.5916393 0.5914482 0.5912589 0.5910776 0.5909021 0.5907113 0.5904452 0.5898921 0.5893642 0.5893642 -9999.000 -9999.000 -9999.000 -9999.000 -9999.000 -9999.000 -9999.000 -9999.000 -9999.000 -9999.000 -9999.000 -9999.000 -9999.000 -9999.000 -9999.000 -9999.000 -9999.000 -9999.000 -9999.000 -9999.000 -9999.000 -9999.000 -9999.000 -9999.000 -9999.000 -9999.000 -9999.000 -9999.000
-9999.000 -9999.000 -9999.000 -9999.000 -9999.000 -9999.000 -9999.000 -9999.000 -9999.000 -9999.000 -9999.000 -9999.000 -9999.000 -9999.000 -9999.000 0.5939580 0.5942571 0.5942154 0.5941207 0.5939780 0.5938067 0.5936144 0.5934131 0.5932138 0.5930229 0.5928373 0.5926326 0.5923415 0.5917207 0.5909732 0.5909732 -9999.000 -9999.000 -9999.000 -9999.000 -9999.000 -9999.000 -9999.000 -9999.000 -9999.000 -9999.000 -9999.000 -9999.000 -9999.000 -9999.000 -9999.000 -9999.000 -9999.000 -9999.000 -9999.000 -9999.000 -9999.000 -9999.000 -9999.000 -9999.000 -9999.000 -9999.000 -9999.000 -9999.000
-9999.000 -9999.000 -9999.000 -9999.000 -9999.000 -9999.000 -9999.000 -9999.000 -9999.000 -9999.000 -9999.000 -9999.000 -9999.000 -9999.000 -9999.000 0.5959495 0.5962551 0.5962099 0.5961109 0.5959612 0.5957809 0.5955781 0.5953652 0.5951545 0.5949523 0.5947548 0.5945331 0.5942114 0.5935066 0.5924509 0.5924509 -9999.000 -9999.000 -9999.000 -9999.000 -9999.000 -9999.000 -9999.000 -9999.000 -9999.000 -9999.000 -9999.000 -9999.000 -9999.000 -9999.000 -9999.000 -9999.000 -9999.000 -9999.000 -9999.000 -9999.000 -9999.000 -9999.000 -9999.000 -9999.000 -9999.000 -9999.000 -9999.000 -9999.000
-9999.000 -9999.000 -9999.000 -9999.000 -9999.000 -9999.000 -9999.000 -9999.000 -9999.000 -9999.000 -9999.000 -9999.000 -9999.000 -9999.000 -9999.000 0.5979210 0.5982355 0.5981873 0.5980848 0.5979286 0.5977396 0.5975261 0.5973009 0.5970772 0.5968617 0.5966495 0.5964066 0.5960461 0.5952354 0.5937346 0.5937346 -9999.000 -9999.000 -9999.000 -9999.000 -9999.000 -9999.000 -9999.000 -9999.000 -9999.000 -9999.000 -9999.000 -9999.000 -9999.000 -9999.000 -9999.000 -9999.000 -9999.000 -9999.000 -9999.000 -9999.000 -9999.000 -9999.000 -9999.000 -9999.000 -9999.000 -9999.000 -9999.000 -9999.000
-9999.000 -9999.000 -9999.000 -9999.000 -9999.000 -9999.000 -9999.000 -9999.000 -9999.000 -9999.000 -9999.000 -9999.000 -9999.000 -9999.000 -9999.000 0.5998535 0.6001840 0.6001351 0.6000318 0.5998718 0.5996758 0.5994527 0.5992149 0.5989768 0.5987454 0.5985144 0.5982437 0.5978326 0.5968845 0.5947220 0.5947220 -9999.000 -9999.000 -9999.000 -9999.000 -9999.000 -9999.000 -9999.000 -9999.000 -9999.000 -9999.000 -9999.000 -9999.000 -9999.000 -9999.000 -9999.000 -9999.000 -9999.000 -9999.000 -9999.000 -9999.000 -9999.000 -9999.000 -9999.000 -9999.000 -9999.000 -9999.000 -9999.000 -9999.000
-9999.000 -9999.000 -9999.000 -9999.000 -9999.000 -9999.000 -9999.000 -9999.000 -9999.000 -9999.000 -9999.000 -9999.000 -9999.000 -9999.000 -9999.000 0.6000349 0.6014431 0.6018004 0.6019868 0.6020160 0.6019272 0.6017472 0.6015047 0.6012316 0.6009483 0.6006560 0.6003079 0.5997757 0.5985335 0.5947157 0.5947157 -9999.000 -9999.000 -9999.000 -9999.000 -9999.000 -9999.000 -9999.000 -9999.000 -9999.000 -9999.000 -9999.000 -9999.000 -9999.000 -9999.000 -9999.000 -9999.000 -9999.000 -9999.000 -9999.000 -9999.000 -9999.000 -9999.000 -9999.000 -9999.000 -9999.000 -9999.000 -9999.000 -9999.000
0.6589673 0.6589673 0.6453699 0.6301246 0.6263119 0.6263119 0.6231273 0.6178113 0.6178113 0.6133402 0.6133402 0.6094249 0.6076303 0.6059269 0.6043045 0.6043045 0.6053771 0.6053410 0.6055081 0.6060011 0.6070219 0.6083978 0.6100410 0.6118769 0.6137525 0.6153802 0.6160946 0.6144215 0.6063399 0.5773288 0.5773288 0.3948213 0.3666505 0.3528082 0.3482628 0.3482628 0.3421296 0.3421296 0.3496431 0.3496431 0.3622822 0.4144875 0.4144875 0.4960417 0.4960417 0.5186622 0.5186622 0.5186622 0.5141845 0.5141845 0.5044453 0.5044453 0.4930430 0.4930430 0.4817226 0.4817226 0.4715753 0.4715753 0.4715753
0.6572233 0.6572233 0.6430044 0.6292278 0.6254129 0.6254129 0.6222274 0.6169191 0.6169191 0.6124631 0.6124631 0.6085632 0.6067758 0.6050792 0.6034633 0.6034633 0.6037713 0.6022348 0.5999376 0.5975223 0.5954922 0.5940597 0.5933447 0.5933917 0.5941547 0.5954863 0.5970877 0.5987207 0.5960756 0.5815663 0.5815663 0.4559910 0.4102310 0.3677787 0.3566567 0.3566567 0.3457807 0.3457807 0.3520877 0.3520877 0.3635997 0.4068950 0.4068950 0.4830095 0.4830095 0.5187848 0.5187848 0.5187848 0.5146605 0.5146605 0.5048499 0.5048499 0.4933793 0.4933793 0.4820198 0.4820198 0.4718875 0.4718875 0.4718875
0.6562455 0.6562455 0.6419820 0.6292379 0.6254174 0.6254174 0.6222178 0.6168908 0.6168908 0.6124284 0.6124284 0.6085250 0.6067355 0.6050369 0.6034186 0.6034186 0.6026549 0.5996934 0.5953685 0.5906644 0.5863001 0.5826490 0.5799041 0.5781534 0.5774007 0.5775605 0.5784095 0.5796177 0.5784733 0.5694183 0.5694183 0.4861848 0.4385706 0.3835591 0.3679774 0.3679774 0.3544021 0.3544021 0.3633564 0.3633564 0.3756078 0.4122156 0.4122156 0.4718113 0.4718113 0.5154727 0.5154727 0.5154727 0.5137991 0.5137991 0.5045980 0.5045980 0.4932453 0.4932453 0.4819856 0.4819856 0.4719552 0.4719552 0.4719552
0.6554589 0.6554589 0.6411747 0.6292561 0.6254445 0.6254445 0.6222338 0.6168897 0.6168897 0.6124254 0.6124254 0.6085239 0.6067351 0.6050368 0.6034187 0.6034187 0.6011636 0.5966481 0.5903826 0.5835941 0.5771560 0.5715563 0.5670431 0.5637232 0.5616103 0.5606372 0.5606275 0.5612918 0.5607007 0.5544398 0.5544398 0.5002640 0.4571288 0.3995300 0.3826018 0.3826018 0.3710582 0.3710582 0.3847570 0.3847570 0.3969576 0.4242132 0.4242132 0.4633397 0.4633397 0.5072238 0.5072238 0.5072238 0.5096439 0.5096439 0.5023928 0.5023928 0.4918881 0.4918881 0.4811153 0.4811153 0.4714840 0.4714840 0.4714840
0.6548551 0.6548551 0.6405604 0.6292671 0.6254719 0.6254719 0.6222516 0.6168898 0.6168898 0.6124231 0.6124231 0.6085235 0.6067353 0.6050376 0.6034197 0.6034197 0.5991154 0.5928026 0.5845554 0.5757512 0.5673438 0.5598920 0.5536932 0.5488837 0.5454929 0.5434659 0.5426505 0.5427850 0.5424942 0.5383688 0.5383688 0.5029925 0.4669826 0.4142779 0.4001412 0.4001412 0.3973500 0.3973500 0.4149845 0.4149845 0.4244435 0.4390167 0.4390167 0.4585555 0.4585555 0.4952855 0.4952855 0.4952855 0.5019566 0.5019566 0.4979276 0.4979276 0.4892299 0.4892299 0.4795241 0.4795241 0.4706942 0.4706942 0.4706942
0.6544285 0.6544285 0.6401286 0.6292726 0.6254945 0.6254945 0.6222675 0.6168904 0.6168904 0.6124211 0.6124211 0.6085231 0.6067356 0.6050381 0.6034203 0.6034203 0.5963330 0.5879220 0.5776049 0.5668283 0.5565496 0.5473421 0.5395278 0.5332687 0.5286177 0.5255418 0.5239180 0.5235164 0.5233573 0.5208810 0.5208810 0.4981214 0.4701189 0.4293879 0.4230047 0.4230047 0.4335347 0.4335347 0.4491764 0.4491764 0.4527873 0.4535765 0.4535765 0.4574121 0.4574121 0.4823567 0.4823567 0.4823567 0.4916052 0.4916052 0.4912142 0.4912142 0.4851518 0.4851518 0.4771834 0.4771834 0.4696379 0.4696379 0.4696379
0.6541744 0.6541744 0.6398721 0.6292747 0.6255093 0.6255093 0.6222783 0.6168910 0.6168910 0.6124198 0.6124198 0.6085228 0.6067356 0.6050384 0.6034207 0.6034207 0.5925634 0.5817109 0.5692050 0.5564850 0.5444422 0.5336097 0.5242973 0.5166728 0.5108063 0.5066891 0.5042330 0.5032513 0.5030585 0.5018291 0.5018291 0.4879749 0.4687174 0.4494202 0.4555678 0.4555678 0.4761232 0.4761232 0.4809968 0.4809968 0.4774584 0.4664424 0.4664424 0.4591106 0.4591106 0.4708421 0.4708421 0.4708421 0.4800506 0.4800506 0.4826546 0.4826546 0.4796481 0.4796481 0.4740359 0.4740359 0.4683003 0.4683003 0.4683003
0.6540900 0.6540900 0.6397870 0.6292752 0.6255144 0.6255144 0.6222822 0.6168912 0.6168912 0.6124194 0.6124194 0.6085228 0.6067357 0.6050386 0.6034209 0.6034209 0.5874453 0.5737752 0.5589464 0.5443075 0.5306222 0.5183321 0.5076950 0.4988561 0.4918847 0.4867886 0.4835113 0.4819158 0.4815508 0.4812906 0.4812906 0.4744091 0.4659516 0.4811139 0.5001113 0.5001113 0.5172653 0.5172653 0.5062613 0.5062613 0.4967764 0.4774799 0.4774799 0.4626898 0.4626898 0.4620661 0.4620661 0.4620661 0.4688027 0.4688027 0.4729923 0.4729923 0.4729093 0.4729093 0.4700836 0.4700836 0.4666606 0.4666606 0.4666606
0.6541744 0.6541744 0.6398721 0.6292747 0.6255093 0.6255093 0.6222785 0.6168910 0.6168910 0.6124198 0.6124198 0.6085230 0.6067357 0.6050384 0.6034208 0.6034208 0.5804589 0.5635715 0.5462908 0.5297749 0.5145983 0.5010630 0.4893343 0.4795038 0.4716164 0.4656802 0.4616610 0.4594698 0.4588724 0.4596056 0.4596056 0.4598932 0.4679512 0.5285488 0.5509511 0.5509511 0.5493191 0.5493191 0.5246401 0.5246401 0.5114290 0.4869805 0.4869805 0.4672582 0.4672582 0.4562631 0.4562631 0.4562631 0.4589934 0.4589934 0.4631449 0.4631449 0.4653536 0.4653536 0.4654507 0.4654507 0.4647334 0.4647334 0.4647334
0.6544285 0.6544285 0.6401286 0.6292725 0.6254944 0.6254944 0.6222675 0.6168904 0.6168904 0.6124212 0.6124212 0.6085232 0.6067356 0.6050381 0.6034203 0.6034203 0.5708337 0.5503244 0.5305036 0.5122085 0.4957530 0.4812502 0.4687347 0.4582132 0.4496820 0.4431303 0.4385320 0.4358436 0.4351198 0.4377187 0.4377187 0.4496481 0.4860842 0.5848216 0.5946657 0.5946657 0.5704253 0.5704253 0.5379151 0.5379151 0.5227514 0.4951543 0.4951543 0.4720989 0.4720989 0.4529925 0.4529925 0.4529925 0.4512089 0.4512089 0.4539909 0.4539909 0.4575847 0.4575847 0.4604205 0.4604205 0.4626057 0.4626057 0.4626057
0.6548551 0.6548551 0.6405604 0.6292671 0.6254718 0.6254718 0.6222516 0.6168899 0.6168899 0.6124231 0.6124231 0.6085237 0.6067354 0.6050376 0.6034196 0.6034196 0.5573775 0.5328842 0.5105433 0.4906889 0.4732835 0.4581963 0.4452949 0.4344746 0.4256621 0.4188108 0.4138874 0.4109091 0.4105888 0.4186341 0.4186341 0.4558127 0.5332963 0.6312975 0.6216246 0.6216246 0.5836793 0.5836793 0.5477701 0.5477701 0.5316564 0.5020067 0.5020067 0.4766662 0.4766662 0.4515494 0.4515494 0.4515494 0.4455383 0.4455383 0.4461953 0.4461953 0.4502829 0.4502829 0.4554157 0.4554157 0.4604445 0.4604445 0.4604445
