simulation_files/asc/Depth____68.0.asc
NCOLS        79
NROWS        79
XLLCENTER         -1.500000
YLLCENTER         -4.800000
CELLSIZE           0.100
NODATA_VALUE     -9999.0
[rows 0 to 25 of 79, columns 0 to 57 of 79]
-9999.000 -9999.000 -9999.000 -9999.000 -9999.000 -9999.000 -9999.000 -9999.000 -9999.000 -9999.000 -9999.000 -9999.000 -9999.000 -9999.000 -9999.000 0.2883426 0.2884753 0.2883910 0.2882514 0.2880714 0.2878561 0.2876090 0.2873333 0.2870326 0.2867112 0.2863750 0.2860319 0.2856926 0.2853868 0.2856744 0.2856744 -9999.000 -9999.000 -9999.000 -9999.000 -9999.000 -9999.000 -9999.000 -9999.000 -9999.000 -9999.000 -9999.000 -9999.000 -9999.000 -9999.000 -9999.000 -9999.000 -9999.000 -9999.000 -9999.000 -9999.000 -9999.000 -9999.000 -9999.000 -9999.000 -9999.000 -9999.000 -9999.000
-9999.000 -9999.000 -9999.000 -9999.000 -9999.000 -9999.000 -9999.000 -9999.000 -9999.000 -9999.000 -9999.000 -9999.000 -9999.000 -9999.000 -9999.000 0.2902341 0.2903867 0.2903031 0.2901719 0.2900052 0.2898074 0.2895820 0.2893322 0.2890622 0.2887766 0.2884806 0.2881799 0.2878797 0.2875980 0.2878717 0.2878717 -9999.000 -9999.000 -9999.000 -9999.000 -9999.000 -9999.000 -9999.000 -9999.000 -9999.000 -9999.000 -9999.000 -9999.000 -9999.000 -9999.000 -9999.000 -9999.000 -9999.000 -9999.000 -9999.000 -9999.000 -9999.000 -9999.000 -9999.000 -9999.000 -9999.000 -9999.000 -9999.000
-9999.000 -9999.000 -9999.000 -9999.000 -9999.000 -9999.000 -9999.000 -9999.000 -9999.000 -9999.000 -9999.000 -9999.000 -9999.000 -9999.000 -9999.000 0.2922386 0.2924332 0.2923506 0.2922207 0.2920571 0.2918643 0.2916451 0.2914021 0.2911382 0.2908567 0.2905611 0.2902548 0.2899411 0.2896383 0.2899472 0.2899472 -9999.000 -9999.000 -9999.000 -9999.000 -9999.000 -9999.000 -9999.000 -9999.000 -9999.000 -9999.000 -9999.000 -9999.000 -9999.000 -9999.000 -9999.000 -9999.000 -9999.000 -9999.000 -9999.000 -9999.000 -9999.000 -9999.000 -9999.000 -9999.000 -9999.000 -9999.000 -9999.000
-9999.000 -9999.000 -9999.000 -9999.000 -9999.000 -9999.000 -9999.000 -9999.000 -9999.000 -9999.000 -9999.000 -9999.000 -9999.000 -9999.000 -9999.000 0.2942807 0.2945100 0.2944264 0.2942956 0.2941319 0.2939393 0.2937201 0.2934762 0.2932095 0.2929220 0.2926158 0.2922930 0.2919551 0.2916203 0.2919524 0.2919524 -9999.000 -9999.000 -9999.000 -9999.000 -9999.000 -9999.000 -9999.000 -9999.000 -9999.000 -9999.000 -9999.000 -9999.000 -9999.000 -9999.000 -9999.000 -9999.000 -9999.000 -9999.000 -9999.000 -9999.000 -9999.000 -9999.000 -9999.000 -9999.000 -9999.000 -9999.000 -9999.000
-9999.000 -9999.000 -9999.000 -9999.000 -9999.000 -9999.000 -9999.000 -9999.000 -9999.000 -9999.000 -9999.000 -9999.000 -9999.000 -9999.000 -9999.000 0.2963515 0.2966086 0.2965219 0.2963877 0.2962206 0.2960242 0.2958001 0.2955493 0.2952727 0.2949713 0.2946460 0.2942972 0.2939251 0.2935469 0.2938928 0.2938928 -9999.000 -9999.000 -9999.000 -9999.000 -9999.000 -9999.000 -9999.000 -9999.000 -9999.000 -9999.000 -9999.000 -9999.000 -9999.000 -9999.000 -9999.000 -9999.000 -9999.000 -9999.000 -9999.000 -9999.000 -9999.000 -9999.000 -9999.000 -9999.000 -9999.000 -9999.000 -9999.000
-9999.000 -9999.000 -9999.000 -9999.000 -9999.000 -9999.000 -9999.000 -9999.000 -9999.000 -9999.000 -9999.000 -9999.000 -9999.000 -9999.000 -9999.000 0.2984437 0.2987218 0.2986296 0.2984900 0.2983168 0.2981132 0.2978799 0.2976171 0.2973247 0.2970026 0.2966501 0.2962664 0.2958493 0.2954142 0.2957650 0.2957650 -9999.000 -9999.000 -9999.000 -9999.000 -9999.000 -9999.000 -9999.000 -9999.000 -9999.000 -9999.000 -9999.000 -9999.000 -9999.000 -9999.000 -9999.000 -9999.000 -9999.000 -9999.000 -9999.000 -9999.000 -9999.000 -9999.000 -9999.000 -9999.000 -9999.000 -9999.000 -9999.000
-9999.000 -9999.000 -9999.000 -9999.000 -9999.000 -9999.000 -9999.000 -9999.000 -9999.000 -9999.000 -9999.000 -9999.000 -9999.000 -9999.000 -9999.000 0.3005509 0.3008435 0.3007436 0.3005966 0.3004151 0.3002013 0.2999552 0.2996760 0.2993623 0.2990127 0.2986249 0.2981960 0.2977212 0.2972125 0.2975572 0.2975572 -9999.000 -9999.000 -9999.000 -9999.000 -9999.000 -9999.000 -9999.000 -9999.000 -9999.000 -9999.000 -9999.000 -9999.000 -9999.000 -9999.000 -9999.000 -9999.000 -9999.000 -9999.000 -9999.000 -9999.000 -9999.000 -9999.000 -9999.000 -9999.000 -9999.000 -9999.000 -9999.000
-9999.000 -9999.000 -9999.000 -9999.000 -9999.000 -9999.000 -9999.000 -9999.000 -9999.000 -9999.000 -9999.000 -9999.000 -9999.000 -9999.000 -9999.000 0.3026673 0.3029680 0.3028581 0.3027022 0.3025104 0.3022840 0.3020219 0.3017219 0.3013813 0.3009970 0.3005647 0.3000786 0.2995300 0.2989253 0.2992475 0.2992475 -9999.000 -9999.000 -9999.000 -9999.000 -9999.000 -9999.000 -9999.000 -9999.000 -9999.000 -9999.000 -9999.000 -9999.000 -9999.000 -9999.000 -9999.000 -9999.000 -9999.000 -9999.000 -9999.000 -9999.000 -9999.000 -9999.000 -9999.000 -9999.000 -9999.000 -9999.000 -9999.000
-9999.000 -9999.000 -9999.000 -9999.000 -9999.000 -9999.000 -9999.000 -9999.000 -9999.000 -9999.000 -9999.000 -9999.000 -9999.000 -9999.000 -9999.000 0.3047869 0.3050896 0.3049675 0.3048012 0.3045975 0.3043562 0.3040748 0.3037497 0.3033763 0.3029491 0.3024611 0.3019025 0.3012590 0.3005273 0.3008006 0.3008006 -9999.000 -9999.000 -9999.000 -9999.000 -9999.000 -9999.000 -9999.000 -9999.000 -9999.000 -9999.000 -9999.000 -9999.000 -9999.000 -9999.000 -9999.000 -9999.000 -9999.000 -9999.000 -9999.000 -9999.000 -9999.000 -9999.000 -9999.000 -9999.000 -9999.000 -9999.000 -9999.000
-9999.000 -9999.000 -9999.000 -9999.000 -9999.000 -9999.000 -9999.000 -9999.000 -9999.000 -9999.000 -9999.000 -9999.000 -9999.000 -9999.000 -9999.000 0.3069029 0.3072022 0.3070655 0.3068877 0.3066705 0.3064121 0.3061082 0.3057531 0.3053399 0.3048599 0.3043021 0.3036509 0.3028832 0.3019802 0.3021585 0.3021585 -9999.000 -9999.000 -9999.000 -9999.000 -9999.000 -9999.000 -9999.000 -9999.000 -9999.000 -9999.000 -9999.000 -9999.000 -9999.000 -9999.000 -9999.000 -9999.000 -9999.000 -9999.000 -9999.000 -9999.000 -9999.000 -9999.000 -9999.000 -9999.000 -9999.000 -9999.000 -9999.000
-9999.000 -9999.000 -9999.000 -9999.000 -9999.000 -9999.000 -9999.000 -9999.000 -9999.000 -9999.000 -9999.000 -9999.000 -9999.000 -9999.000 -9999.000 0.3090067 0.3092985 0.3091450 0.3089544 0.3087222 0.3084442 0.3081139 0.3077231 0.3072615 0.3067162 0.3060700 0.3052988 0.3043658 0.3032255 0.3032242 0.3032242 -9999.000 -9999.000 -9999.000 -9999.000 -9999.000 -9999.000 -9999.000 -9999.000 -9999.000 -9999.000 -9999.000 -9999.000 -9999.000 -9999.000 -9999.000 -9999.000 -9999.000 -9999.000 -9999.000 -9999.000 -9999.000 -9999.000 -9999.000 -9999.000 -9999.000 -9999.000 -9999.000
-9999.000 -9999.000 -9999.000 -9999.000 -9999.000 -9999.000 -9999.000 -9999.000 -9999.000 -9999.000 -9999.000 -9999.000 -9999.000 -9999.000 -9999.000 0.3110872 0.3113691 0.3111970 0.3109924 0.3107433 0.3104426 0.3100812 0.3096472 0.3091259 0.3084982 0.3077383 0.3068083 0.3056490 0.3041692 0.3038233 0.3038233 -9999.000 -9999.000 -9999.000 -9999.000 -9999.000 -9999.000 -9999.000 -9999.000 -9999.000 -9999.000 -9999.000 -9999.000 -9999.000 -9999.000 -9999.000 -9999.000 -9999.000 -9999.000 -9999.000 -9999.000 -9999.000 -9999.000 -9999.000 -9999.000 -9999.000 -9999.000 -9999.000
-9999.000 -9999.000 -9999.000 -9999.000 -9999.000 -9999.000 -9999.000 -9999.000 -9999.000 -9999.000 -9999.000 -9999.000 -9999.000 -9999.000 -9999.000 0.3131287 0.3134016 0.3132093 0.3129891 0.3127204 0.3123930 0.3119939 0.3115065 0.3109097 0.3101757 0.3092651 0.3081185 0.3066386 0.3046517 0.3036116 0.3036116 -9999.000 -9999.000 -9999.000 -9999.000 -9999.000 -9999.000 -9999.000 -9999.000 -9999.000 -9999.000 -9999.000 -9999.000 -9999.000 -9999.000 -9999.000 -9999.000 -9999.000 -9999.000 -9999.000 -9999.000 -9999.000 -9999.000 -9999.000 -9999.000 -9999.000 -9999.000 -9999.000
-9999.000 -9999.000 -9999.000 -9999.000 -9999.000 -9999.000 -9999.000 -9999.000 -9999.000 -9999.000 -9999.000 -9999.000 -9999.000 -9999.000 -9999.000 0.3150957 0.3153712 0.3151602 0.3149243 0.3146341 0.3142750 0.3138292 0.3132734 0.3125773 0.3116997 0.3105801 0.3091230 0.3071636 0.3043722 0.3018112 0.3018112 -9999.000 -9999.000 -9999.000 -9999.000 -9999.000 -9999.000 -9999.000 -9999.000 -9999.000 -9999.000 -9999.000 -9999.000 -9999.000 -9999.000 -9999.000 -9999.000 -9999.000 -9999.000 -9999.000 -9999.000 -9999.000 -9999.000 -9999.000 -9999.000 -9999.000 -9999.000 -9999.000
-9999.000 -9999.000 -9999.000 -9999.000 -9999.000 -9999.000 -9999.000 -9999.000 -9999.000 -9999.000 -9999.000 -9999.000 -9999.000 -9999.000 -9999.000 0.3159396 0.3168873 0.3168787 0.3167692 0.3165467 0.3162065 0.3157334 0.3151008 0.3142695 0.3131813 0.3117453 0.3098069 0.3070720 0.3028657 0.2960530 0.2960530 -9999.000 -9999.000 -9999.000 -9999.000 -9999.000 -9999.000 -9999.000 -9999.000 -9999.000 -9999.000 -9999.000 -9999.000 -9999.000 -9999.000 -9999.000 -9999.000 -9999.000 -9999.000 -9999.000 -9999.000 -9999.000 -9999.000 -9999.000 -9999.000 -9999.000 -9999.000 -9999.000
0.2796421 0.2796421 0.2677565 0.2602679 0.2578567 0.2578567 0.2558380 0.2525072 0.2525072 0.2497542 0.2497542 0.2473859 0.2617414 0.3010193 0.3133652 0.3133652 0.3244359 0.3249720 0.3253570 0.3254782 0.3252298 0.3245056 0.3232111 0.3212650 0.3185716 0.3149454 0.3099458 0.3024590 0.2893068 0.2548352 0.2548352 0.1260061 0.1017130 0.9880477E-01 0.1040359 0.1040359 0.1199382 0.1199382 0.1435613 0.1435613 0.1849608 0.2113576 0.2113576 0.2146462 0.2146462 0.2134905 0.2134905 0.2134905 0.2086759 0.2086759 0.2039601 0.2039601 0.2000123 0.2000123 0.1942427 0.1942427 0.1905466 0.1905466
0.2785569 0.2785569 0.2670784 0.2598036 0.2574226 0.2574226 0.2554177 0.2520971 0.2520971 0.2493503 0.2493503 0.2469884 0.2553770 0.2994713 0.3110289 0.3110289 0.3177990 0.3182217 0.3186831 0.3191507 0.3195271 0.3196660 0.3193825 0.3184513 0.3165942 0.3134480 0.3084800 0.3007530 0.2881618 0.2633509 0.2633509 0.1722302 0.1427639 0.1218456 0.1188837 0.1188837 0.1233887 0.1233887 0.1411414 0.1411414 0.1682614 0.2116565 0.2116565 0.2152156 0.2152156 0.2132403 0.2132403 0.2132403 0.2083374 0.2083374 0.2036180 0.2036180 0.2003125 0.2003125 0.1939660 0.1939660 0.1902927 0.1902927
0.2779829 0.2779829 0.2668444 0.2597561 0.2574020 0.2574020 0.2554075 0.2520875 0.2520875 0.2493353 0.2493353 0.2469691 0.2525129 0.2946508 0.3084042 0.3084042 0.3126863 0.3125798 0.3125483 0.3126253 0.3127464 0.3127789 0.3125370 0.3117854 0.3102297 0.3074879 0.3030218 0.2959683 0.2846069 0.2638980 0.2638980 0.1944490 0.1650465 0.1384089 0.1325090 0.1325090 0.1321510 0.1321510 0.1449385 0.1449385 0.1621736 0.2072131 0.2072131 0.2165180 0.2165180 0.2136462 0.2136462 0.2136462 0.2083587 0.2083587 0.2035601 0.2035601 0.1996662 0.1996662 0.1942779 0.1942779 0.1904351 0.1904351
0.2775353 0.2775353 0.2666428 0.2597165 0.2573913 0.2573913 0.2554096 0.2520926 0.2520926 0.2493363 0.2493363 0.2469675 0.2504826 0.2884500 0.3059516 0.3059516 0.3080519 0.3073553 0.3067988 0.3064233 0.3061714 0.3059160 0.3054744 0.3046147 0.3030504 0.3004226 0.2962511 0.2898131 0.2797303 0.2619233 0.2619233 0.2080391 0.1811640 0.1540625 0.1477068 0.1477068 0.1458384 0.1458384 0.1540560 0.1540560 0.1636738 0.1985952 0.1985952 0.2151913 0.2151913 0.2135198 0.2135198 0.2135198 0.2082365 0.2082365 0.2032922 0.2032922 0.1991717 0.1991717 0.1942774 0.1942774 0.1904122 0.1904122
0.2772001 0.2772001 0.2664789 0.2596814 0.2573823 0.2573823 0.2554127 0.2520986 0.2520986 0.2493379 0.2493379 0.2469664 0.2490541 0.2810811 0.3033424 0.3033424 0.3033657 0.3019917 0.3008905 0.3000778 0.2994776 0.2989500 0.2983058 0.2973141 0.2957006 0.2931368 0.2892113 0.2833607 0.2745681 0.2594031 0.2594031 0.2163618 0.1933359 0.1693618 0.1642614 0.1642614 0.1628460 0.1628460 0.1666906 0.1666906 0.1706799 0.1912438 0.1912438 0.2102058 0.2102058 0.2124141 0.2124141 0.2124141 0.2076098 0.2076098 0.2026772 0.2026772 0.1984400 0.1984400 0.1939617 0.1939617 0.1902555 0.1902555
0.2769677 0.2769677 0.2663581 0.2596536 0.2573753 0.2573753 0.2554157 0.2521040 0.2521040 0.2493394 0.2493394 0.2469653 0.2480607 0.2731524 0.3003531 0.3003531 0.2984157 0.2962362 0.2945285 0.2932682 0.2923465 0.2915972 0.2908105 0.2897457 0.2881337 0.2856721 0.2820159 0.2767821 0.2693729 0.2567644 0.2567644 0.2222268 0.2036093 0.1856092 0.1826099 0.1826099 0.1813667 0.1813667 0.1803861 0.1803861 0.1802538 0.1880755 0.1880755 0.2031621 0.2031621 0.2096826 0.2096826 0.2096826 0.2061409 0.2061409 0.2016112 0.2016112 0.1974721 0.1974721 0.1934087 0.1934087 0.1900174 0.1900174
0.2768311 0.2768311 0.2662843 0.2596359 0.2573709 0.2573709 0.2554178 0.2521077 0.2521077 0.2493405 0.2493405 0.2469645 0.2473763 0.2654483 0.2965614 0.2965614 0.2930686 0.2899274 0.2875237 0.2857768 0.2845384 0.2836089 0.2827474 0.2816906 0.2801617 0.2778718 0.2745309 0.2699830 0.2642234 0.2546058 0.2546058 0.2275382 0.2140989 0.2038657 0.2025202 0.2025202 0.1993727 0.1993727 0.1932970 0.1932970 0.1901808 0.1889561 0.1889561 0.1968957 0.1968957 0.2053173 0.2053173 0.2053173 0.2035707 0.2035707 0.1999354 0.1999354 0.1962120 0.1962120 0.1926678 0.1926678 0.1897326 0.1897326
0.2767861 0.2767861 0.2662595 0.2596298 0.2573694 0.2573694 0.2554186 0.2521091 0.2521091 0.2493409 0.2493409 0.2469640 0.2469080 0.2596479 0.2907527 0.2907527 0.2871606 0.2828943 0.2796978 0.2774107 0.2758421 0.2747604 0.2738870 0.2729243 0.2715725 0.2695381 0.2665675 0.2628443 0.2593373 0.2536904 0.2536904 0.2344243 0.2269984 0.2238571 0.2224667 0.2224667 0.2151846 0.2151846 0.2045441 0.2045441 0.1993406 0.1923184 0.1923184 0.1931777 0.1931777 0.2000624 0.2000624 0.2000624 0.1999341 0.1999341 0.1975418 0.1975418 0.1945935 0.1945935 0.1917496 0.1917496 0.1894183 0.1894183
0.2768312 0.2768312 0.2662843 0.2596359 0.2573709 0.2573709 0.2554178 0.2521077 0.2521077 0.2493405 0.2493405 0.2469637 0.2465894 0.2553558 0.2839447 0.2839447 0.2804361 0.2748985 0.2708355 0.2679611 0.2660352 0.2648091 0.2639749 0.2631951 0.2621284 0.2604506 0.2579240 0.2553635 0.2555350 0.2555465 0.2555465 0.2447946 0.2437727 0.2436077 0.2403611 0.2403611 0.2280964 0.2280964 0.2139610 0.2139610 0.2073335 0.1966872 0.1966872 0.1920858 0.1920858 0.1949707 0.1949707 0.1949707 0.1956207 0.1956207 0.1944789 0.1944789 0.1925846 0.1925846 0.1906535 0.1906535 0.1890878 0.1890878
0.2769678 0.2769678 0.2663581 0.2596536 0.2573753 0.2573753 0.2554157 0.2521040 0.2521040 0.2493394 0.2493394 0.2469638 0.2463740 0.2522715 0.2770131 0.2770131 0.2725149 0.2657358 0.2607177 0.2571759 0.2548690 0.2535164 0.2527745 0.2522603 0.2515836 0.2503790 0.2484461 0.2478538 0.2544107 0.2617975 0.2617975 0.2601306 0.2638764 0.2608075 0.2550406 0.2550406 0.2382474 0.2382474 0.2216616 0.2216616 0.2140576 0.2011159 0.2011159 0.1927833 0.1927833 0.1908297 0.1908297 0.1908297 0.1912167 0.1912167 0.1909848 0.1909848 0.1902411 0.1902411 0.1894026 0.1894026 0.1887501 0.1887501
0.2772002 0.2772002 0.2664789 0.2596813 0.2573823 0.2573823 0.2554127 0.2520986 0.2520986 0.2493379 0.2493379 0.2469641 0.2462303 0.2501295 0.2711577 0.2711577 0.2629786 0.2548921 0.2488529 0.2446468 0.2419945 0.2405731 0.2400028 0.2398575 0.2396958 0.2391025 0.2379804 0.2412636 0.2591188 0.2741629 0.2741629 0.2801605 0.2839800 0.2750303 0.2671955 0.2671955 0.2460812 0.2460812 0.2277931 0.2277931 0.2195100 0.2050974 0.2050974 0.1943547 0.1943547 0.1879275 0.1879275 0.1879275 0.1872659 0.1872659 0.1874313 0.1874313 0.1877346 0.1877346 0.1880660 0.1880660 0.1884178 0.1884178
