simulation_files/asc/Depth____000156.asc
NCOLS        79
NROWS        79
XLLCENTER         -1.500000
YLLCENTER         -4.800000
CELLSIZE           0.100
NODATA_VALUE     -9999.0
[rows 0 to 25 of 79, columns 0 to 58 of 79]
-9999.000 -9999.000 -9999.000 -9999.000 -9999.000 -9999.000 -9999.000 -9999.000 -9999.000 -9999.000 -9999.000 -9999.000 -9999.000 -9999.000 -9999.000 0.6026310 0.6028560 0.6028187 0.6027200 0.6025715 0.6023839 0.6021756 0.6019546 0.6017302 0.6015116 0.6013035 0.6010994 0.6008672 0.6005046 0.6004520 0.6004520 -9999.000 -9999.000 -9999.000 -9999.000 -9999.000 -9999.000 -9999.000 -9999.000 -9999.000 -9999.000 -9999.000 -9999.000 -9999.000 -9999.000 -9999.000 -9999.000 -9999.000 -9999.000 -9999.000 -9999.000 -9999.000 -9999.000 -9999.000 -9999.000 -9999.000 -9999.000 -9999.000 -9999.000
-9999.000 -9999.000 -9999.000 -9999.000 -9999.000 -9999.000 -9999.000 -9999.000 -9999.000 -9999.000 -9999.000 -9999.000 -9999.000 -9999.000 -9999.000 0.6043922 0.6046209 0.6045880 0.6045061 0.6043854 0.6042344 0.6040686 0.6038942 0.6037187 0.6035497 0.6033912 0.6032373 0.6030595 0.6027653 0.6027817 0.6027817 -9999.000 -9999.000 -9999.000 -9999.000 -9999.000 -9999.000 -9999.000 -9999.000 -9999.000 -9999.000 -9999.000 -9999.000 -9999.000 -9999.000 -9999.000 -9999.000 -9999.000 -9999.000 -9999.000 -9999.000 -9999.000 -9999.000 -9999.000 -9999.000 -9999.000 -9999.000 -9999.000 -9999.000
-9999.000 -9999.000 -9999.000 -9999.000 -9999.000 -9999.000 -9999.000 -9999.000 -9999.000 -9999.000 -9999.000 -9999.000 -9999.000 -9999.000 -9999.000 0.6063374 0.6065907 0.6065627 0.6064864 0.6063721 0.6062285 0.6060713 0.6059065 0.6057413 0.6055829 0.6054342 0.6052881 0.6051131 0.6048107 0.6048221 0.6048221 -9999.000 -9999.000 -9999.000 -9999.000 -9999.000 -9999.000 -9999.000 -9999.000 -9999.000 -9999.000 -9999.000 -9999.000 -9999.000 -9999.000 -9999.000 -9999.000 -9999.000 -9999.000 -9999.000 -9999.000 -9999.000 -9999.000 -9999.000 -9999.000 -9999.000 -9999.000 -9999.000 -9999.000
-9999.000 -9999.000 -9999.000 -9999.000 -9999.000 -9999.000 -9999.000 -9999.000 -9999.000 -9999.000 -9999.000 -9999.000 -9999.000 -9999.000 -9999.000 0.6083248 0.6085925 0.6085660 0.6084913 0.6083782 0.6082357 0.6080799 0.6079168 0.6077536 0.6075972 0.6074504 0.6073048 0.6071267 0.6068103 0.6068006 0.6068006 -9999.000 -9999.000 -9999.000 -9999.000 -9999.000 -9999.000 -9999.000 -9999.000 -9999.000 -9999.000 -9999.000 -9999.000 -9999.000 -9999.000 -9999.000 -9999.000 -9999.000 -9999.000 -9999.000 -9999.000 -9999.000 -9999.000 -9999.000 -9999.000 -9999.000 -9999.000 -9999.000 -9999.000
-9999.000 -9999.000 -9999.000 -9999.000 -9999.000 -9999.000 -9999.000 -9999.000 -9999.000 -9999.000 -9999.000 -9999.000 -9999.000 -9999.000 -9999.000 0.6103321 0.6106086 0.6105819 0.6105064 0.6103916 0.6102467 0.6100885 0.6099231 0.6097574 0.6095989 0.6094499 0.6093011 0.6091162 0.6087809 0.6087366 0.6087366 -9999.000 -9999.000 -9999.000 -9999.000 -9999.000 -9999.000 -9999.000 -9999.000 -9999.000 -9999.000 -9999.000 -9999.000 -9999.000 -9999.000 -9999.000 -9999.000 -9999.000 -9999.000 -9999.000 -9999.000 -9999.000 -9999.000 -9999.000 -9999.000 -9999.000 -9999.000 -9999.000 -9999.000
-9999.000 -9999.000 -9999.000 -9999.000 -9999.000 -9999.000 -9999.000 -9999.000 -9999.000 -9999.000 -9999.000 -9999.000 -9999.000 -9999.000 -9999.000 0.6123469 0.6126295 0.6126015 0.6125239 0.6124059 0.6122567 0.6120940 0.6119241 0.6117539 0.6115910 0.6114376 0.6112835 0.6110893 0.6107305 0.6106376 0.6106376 -9999.000 -9999.000 -9999.000 -9999.000 -9999.000 -9999.000 -9999.000 -9999.000 -9999.000 -9999.000 -9999.000 -9999.000 -9999.000 -9999.000 -9999.000 -9999.000 -9999.000 -9999.000 -9999.000 -9999.000 -9999.000 -9999.000 -9999.000 -9999.000 -9999.000 -9999.000 -9999.000 -9999.000
-9999.000 -9999.000 -9999.000 -9999.000 -9999.000 -9999.000 -9999.000 -9999.000 -9999.000 -9999.000 -9999.000 -9999.000 -9999.000 -9999.000 -9999.000 0.6143628 0.6146500 0.6146199 0.6145396 0.6144174 0.6142629 0.6140946 0.6139190 0.6137429 0.6135745 0.6134155 0.6132548 0.6130490 0.6126619 0.6125042 0.6125042 -9999.000 -9999.000 -9999.000 -9999.000 -9999.000 -9999.000 -9999.000 -9999.000 -9999.000 -9999.000 -9999.000 -9999.000 -9999.000 -9999.000 -9999.000 -9999.000 -9999.000 -9999.000 -9999.000 -9999.000 -9999.000 -9999.000 -9999.000 -9999.000 -9999.000 -9999.000 -9999.000 -9999.000
-9999.000 -9999.000 -9999.000 -9999.000 -9999.000 -9999.000 -9999.000 -9999.000 -9999.000 -9999.000 -9999.000 -9999.000 -9999.000 -9999.000 -9999.000 0.6163759 0.6166667 0.6166341 0.6165506 0.6164238 0.6162633 0.6160887 0.6159067 0.6157241 0.6155493 0.6153840 0.6152155 0.6149961 0.6145752 0.6143318 0.6143318 -9999.000 -9999.000 -9999.000 -9999.000 -9999.000 -9999.000 -9999.000 -9999.000 -9999.000 -9999.000 -9999.000 -9999.000 -9999.000 -9999.000 -9999.000 -9999.000 -9999.000 -9999.000 -9999.000 -9999.000 -9999.000 -9999.000 -9999.000 -9999.000 -9999.000 -9999.000 -9999.000 -9999.000
-9999.000 -9999.000 -9999.000 -9999.000 -9999.000 -9999.000 -9999.000 -9999.000 -9999.000 -9999.000 -9999.000 -9999.000 -9999.000 -9999.000 -9999.000 0.6183834 0.6186777 0.6186422 0.6185551 0.6184232 0.6182563 0.6180748 0.6178858 0.6176961 0.6175144 0.6173422 0.6171649 0.6169297 0.6164685 0.6161115 0.6161115 -9999.000 -9999.000 -9999.000 -9999.000 -9999.000 -9999.000 -9999.000 -9999.000 -9999.000 -9999.000 -9999.000 -9999.000 -9999.000 -9999.000 -9999.000 -9999.000 -9999.000 -9999.000 -9999.000 -9999.000 -9999.000 -9999.000 -9999.000 -9999.000 -9999.000 -9999.000 -9999.000 -9999.000
-9999.000 -9999.000 -9999.000 -9999.000 -9999.000 -9999.000 -9999.000 -9999.000 -9999.000 -9999.000 -9999.000 -9999.000 -9999.000 -9999.000 -9999.000 0.6203830 0.6206810 0.6206421 0.6205512 0.6204137 0.6202399 0.6200511 0.6198549 0.6196575 0.6194684 0.6192887 0.6191015 0.6188476 0.6183382 0.6178290 0.6178290 -9999.000 -9999.000 -9999.000 -9999.000 -9999.000 -9999.000 -9999.000 -9999.000 -9999.000 -9999.000 -9999.000 -9999.000 -9999.000 -9999.000 -9999.000 -9999.000 -9999.000 -9999.000 -9999.000 -9999.000 -9999.000 -9999.000 -9999.000 -9999.000 -9999.000 -9999.000 -9999.000 -9999.000
-9999.000 -9999.000 -9999.000 -9999.000 -9999.000 -9999.000 -9999.000 -9999.000 -9999.000 -9999.000 -9999.000 -9999.000 -9999.000 -9999.000 -9999.000 0.6223722 0.6226745 0.6226318 0.6225367 0.6223932 0.6222119 0.6220155 0.6218114 0.6216059 0.6214088 0.6212208 0.6210223 0.6207464 0.6201787 0.6194625 0.6194625 -9999.000 -9999.000 -9999.000 -9999.000 -9999.000 -9999.000 -9999.000 -9999.000 -9999.000 -9999.000 -9999.000 -9999.000 -9999.000 -9999.000 -9999.000 -9999.000 -9999.000 -9999.000 -9999.000 -9999.000 -9999.000 -9999.000 -9999.000 -9999.000 -9999.000 -9999.000 -9999.000 -9999.000
-9999.000 -9999.000 -9999.000 -9999.000 -9999.000 -9999.000 -9999.000 -9999.000 -9999.000 -9999.000 -9999.000 -9999.000 -9999.000 -9999.000 -9999.000 0.6243478 0.6246557 0.6246088 0.6245089 0.6243590 0.6241696 0.6239649 0.6237525 0.6235380 0.6233323 0.6231351 0.6229235 0.6226209 0.6219819 0.6209784 0.6209784 -9999.000 -9999.000 -9999.000 -9999.000 -9999.000 -9999.000 -9999.000 -9999.000 -9999.000 -9999.000 -9999.000 -9999.000 -9999.000 -9999.000 -9999.000 -9999.000 -9999.000 -9999.000 -9999.000 -9999.000 -9999.000 -9999.000 -9999.000 -9999.000 -9999.000 -9999.000 -9999.000 -9999.000
-9999.000 -9999.000 -9999.000 -9999.000 -9999.000 -9999.000 -9999.000 -9999.000 -9999.000 -9999.000 -9999.000 -9999.000 -9999.000 -9999.000 -9999.000 0.6263053 0.6266208 0.6265693 0.6264643 0.6263071 0.6261089 0.6258951 0.6256738 0.6254492 0.6252339 0.6250260 0.6247986 0.6244631 0.6237353 0.6223232 0.6223232 -9999.000 -9999.000 -9999.000 -9999.000 -9999.000 -9999.000 -9999.000 -9999.000 -9999.000 -9999.000 -9999.000 -9999.000 -9999.000 -9999.000 -9999.000 -9999.000 -9999.000 -9999.000 -9999.000 -9999.000 -9999.000 -9999.000 -9999.000 -9999.000 -9999.000 -9999.000 -9999.000 -9999.000
-9999.000 -9999.000 -9999.000 -9999.000 -9999.000 -9999.000 -9999.000 -9999.000 -9999.000 -9999.000 -9999.000 -9999.000 -9999.000 -9999.000 -9999.000 0.6282288 0.6285589 0.6285045 0.6283959 0.6282322 0.6280253 0.6278019 0.6275705 0.6273344 0.6271073 0.6268862 0.6266387 0.6262611 0.6254204 0.6234118 0.6234118 -9999.000 -9999.000 -9999.000 -9999.000 -9999.000 -9999.000 -9999.000 -9999.000 -9999.000 -9999.000 -9999.000 -9999.000 -9999.000 -9999.000 -9999.000 -9999.000 -9999.000 -9999.000 -9999.000 -9999.000 -9999.000 -9999.000 -9999.000 -9999.000 -9999.000 -9999.000 -9999.000 -9999.000
-9999.000 -9999.000 -9999.000 -9999.000 -9999.000 -9999.000 -9999.000 -9999.000 -9999.000 -9999.000 -9999.000 -9999.000 -9999.000 -9999.000 -9999.000 0.6283764 0.6298172 0.6301826 0.6303708 0.6303985 0.6302940 0.6301063 0.6298638 0.6295843 0.6292977 0.6290097 0.6286845 0.6281885 0.6270844 0.6235464 0.6235464 -9999.000 -9999.000 -9999.000 -9999.000 -9999.000 -9999.000 -9999.000 -9999.000 -9999.000 -9999.000 -9999.000 -9999.000 -9999.000 -9999.000 -9999.000 -9999.000 -9999.000 -9999.000 -9999.000 -9999.000 -9999.000 -9999.000 -9999.000 -9999.000 -9999.000 -9999.000 -9999.000 -9999.000
0.6968538 0.6968538 0.6821086 0.6666251 0.6627866 0.6627866 0.6595596 0.6541354 0.6541354 0.6495574 0.6495574 0.6455456 0.6437088 0.6419697 0.6403182 0.6403182 0.6332804 0.6330342 0.6331306 0.6336125 0.6344908 0.6359512 0.6377708 0.6397427 0.6418176 0.6437482 0.6449459 0.6439399 0.6368395 0.6087810 0.6087810 0.4222856 0.3919539 0.3754274 0.3698481 0.3698481 0.3615545 0.3615545 0.3664720 0.3664720 0.3777607 0.4244204 0.4244204 0.5160976 0.5160976 0.5467068 0.5467068 0.5467068 0.5440744 0.5440744 0.5343676 0.5343676 0.5222798 0.5222798 0.5099905 0.5099905 0.4988313 0.4988313 0.4988313
0.6949778 0.6949778 0.6796833 0.6656752 0.6618374 0.6618374 0.6586121 0.6531987 0.6531987 0.6486360 0.6486360 0.6446402 0.6428108 0.6410787 0.6394338 0.6394338 0.6332540 0.6308336 0.6280679 0.6253259 0.6229541 0.6212720 0.6203652 0.6202344 0.6208823 0.6221942 0.6238764 0.6254272 0.6244190 0.6116518 0.6116518 0.4842322 0.4367054 0.3912510 0.3788934 0.3788934 0.3656284 0.3656284 0.3695250 0.3695250 0.3799537 0.4202375 0.4202375 0.4966161 0.4966161 0.5456996 0.5456996 0.5456996 0.5442699 0.5442699 0.5347276 0.5347276 0.5226367 0.5226367 0.5103804 0.5103804 0.4992582 0.4992582 0.4992582
0.6939187 0.6939187 0.6786490 0.6656819 0.6618386 0.6618386 0.6586003 0.6531697 0.6531697 0.6486005 0.6486005 0.6446007 0.6427690 0.6410344 0.6393871 0.6393871 0.6332160 0.6288552 0.6237040 0.6184431 0.6135973 0.6095512 0.6064758 0.6044240 0.6034171 0.6033986 0.6041689 0.6052982 0.6050812 0.5972835 0.5972835 0.5147455 0.4654201 0.4073440 0.3903927 0.3903927 0.3742306 0.3742306 0.3812176 0.3812176 0.3930056 0.4287447 0.4287447 0.4858840 0.4858840 0.5406161 0.5406161 0.5406161 0.5425349 0.5425349 0.5341220 0.5341220 0.5223744 0.5223744 0.5102924 0.5102924 0.4992925 0.4992925 0.4992925
0.6930639 0.6930639 0.6778312 0.6656992 0.6618640 0.6618640 0.6586150 0.6531692 0.6531692 0.6485982 0.6485982 0.6446002 0.6427689 0.6410346 0.6393874 0.6393874 0.6326463 0.6263853 0.6189486 0.6113354 0.6042309 0.5980799 0.5931047 0.5893828 0.5869263 0.5856830 0.5854943 0.5860190 0.5859987 0.5808271 0.5808271 0.5278609 0.4837187 0.4232763 0.4048614 0.4048614 0.3907045 0.3907045 0.4035085 0.4035085 0.4160727 0.4439900 0.4439900 0.4802582 0.4802582 0.5304630 0.5304630 0.5304630 0.5369246 0.5369246 0.5311558 0.5311558 0.5206539 0.5206539 0.5092328 0.5092328 0.4987152 0.4987152 0.4987152
0.6924064 0.6924064 0.6772075 0.6657112 0.6618903 0.6618903 0.6586318 0.6531695 0.6531695 0.6485964 0.6485964 0.6446000 0.6427695 0.6410356 0.6393885 0.6393885 0.6313337 0.6230927 0.6133965 0.6035063 0.5942252 0.5860465 0.5792355 0.5739022 0.5700663 0.5676779 0.5665969 0.5665357 0.5665569 0.5633084 0.5633084 0.5292576 0.4928459 0.4375124 0.4217825 0.4217825 0.4169562 0.4169562 0.4355174 0.4355174 0.4460441 0.4617778 0.4617778 0.4787309 0.4787309 0.5172254 0.5172254 0.5172254 0.5275356 0.5275356 0.5255489 0.5255489 0.5173552 0.5173552 0.5072892 0.5072892 0.4977270 0.4977270 0.4977270
0.6919413 0.6919413 0.6767682 0.6657181 0.6619123 0.6619123 0.6586467 0.6531700 0.6531700 0.6485949 0.6485949 0.6445999 0.6427699 0.6410363 0.6393893 0.6393893 0.6290689 0.6186635 0.6067033 0.5946167 0.5832630 0.5731524 0.5645716 0.5576567 0.5524468 0.5489076 0.5469232 0.5462534 0.5462000 0.5443648 0.5443648 0.5228440 0.4948260 0.4514689 0.4435738 0.4435738 0.4539479 0.4539479 0.4724375 0.4724375 0.4772536 0.4787125 0.4787125 0.4802549 0.4802549 0.5038741 0.5038741 0.5038741 0.5156596 0.5156596 0.5174769 0.5174769 0.5123837 0.5123837 0.5044120 0.5044120 0.4963581 0.4963581 0.4963581
0.6916640 0.6916640 0.6765069 0.6657214 0.6619270 0.6619270 0.6586570 0.6531704 0.6531704 0.6485938 0.6485938 0.6445997 0.6427701 0.6410367 0.6393898 0.6393898 0.6255898 0.6127442 0.5984771 0.5842744 0.5709805 0.5590819 0.5488558 0.5404457 0.5339050 0.5292193 0.5263022 0.5249653 0.5247008 0.5238637 0.5238637 0.5109965 0.4917801 0.4696211 0.4751416 0.4751416 0.4989011 0.4989011 0.5073310 0.5073310 0.5044842 0.4932227 0.4932227 0.4838154 0.4838154 0.4926601 0.4926601 0.4926601 0.5030447 0.5030447 0.5075597 0.5075597 0.5058035 0.5058035 0.5005441 0.5005441 0.4945784 0.4945784 0.4945784
0.6915720 0.6915720 0.6764202 0.6657223 0.6619321 0.6619321 0.6586607 0.6531706 0.6531706 0.6485934 0.6485934 0.6445996 0.6427701 0.6410368 0.6393899 0.6393899 0.6205347 0.6048978 0.5882480 0.5720077 0.5569324 0.5434381 0.5317578 0.5220150 0.5142621 0.5084968 0.5046613 0.5026183 0.5020258 0.5019001 0.5019001 0.4955595 0.4866680 0.4992602 0.5201705 0.5201705 0.5437444 0.5437444 0.5351145 0.5351145 0.5255877 0.5052933 0.5052933 0.4886104 0.4886104 0.4845863 0.4845863 0.4845863 0.4912803 0.4912803 0.4967372 0.4967372 0.4979141 0.4979141 0.4957188 0.4957188 0.4923678 0.4923678 0.4923678
0.6916641 0.6916641 0.6765069 0.6657214 0.6619270 0.6619270 0.6586570 0.6531705 0.6531705 0.6485937 0.6485937 0.6445997 0.6427701 0.6410366 0.6393898 0.6393898 0.6133791 0.5945465 0.5754220 0.5572352 0.5405735 0.5257303 0.5128558 0.5020239 0.4932634 0.4865706 0.4819062 0.4791800 0.4782175 0.4788013 0.4788013 0.4788409 0.4852087 0.5463439 0.5743972 0.5743972 0.5794007 0.5794007 0.5550311 0.5550311 0.5412744 0.5154392 0.5154392 0.4939775 0.4939775 0.4796022 0.4796022 0.4796022 0.4814101 0.4814101 0.4860446 0.4860446 0.4892558 0.4892558 0.4901204 0.4901204 0.4897619 0.4897619 0.4897619
0.6919413 0.6919413 0.6767681 0.6657182 0.6619124 0.6619124 0.6586467 0.6531700 0.6531700 0.6485949 0.6485949 0.6445999 0.6427698 0.6410362 0.6393893 0.6393893 0.6033357 0.5808778 0.5592098 0.5392154 0.5212254 0.5053528 0.4916242 0.4800329 0.4705614 0.4631862 0.4578735 0.4545755 0.4533604 0.4554183 0.4554183 0.4655675 0.4986938 0.6062011 0.6236807 0.6236807 0.6026846 0.6026846 0.5690570 0.5690570 0.5531453 0.5240381 0.5240381 0.4993595 0.4993595 0.4770880 0.4770880 0.4770880 0.4738530 0.4738530 0.4763803 0.4763803 0.4805349 0.4805349 0.4841115 0.4841115 0.4868899 0.4868899 0.4868899
0.6924065 0.6924065 0.6772074 0.6657113 0.6618903 0.6618903 0.6586317 0.6531695 0.6531695 0.6485965 0.6485965 0.6446001 0.6427695 0.6410356 0.6393884 0.6393884 0.5891703 0.5626902 0.5385067 0.5169605 0.4980179 0.4815466 0.4674080 0.4554872 0.4456992 0.4379852 0.4323026 0.4286591 0.4277063 0.4344373 0.4344373 0.4671551 0.5421438 0.6595595 0.6550254 0.6550254 0.6167243 0.6167243 0.5792411 0.5792411 0.5623548 0.5311906 0.5311906 0.5043051 0.5043051 0.4762624 0.4762624 0.4762624 0.4685351 0.4685351 0.4683528 0.4683528 0.4724928 0.4724928 0.4782003 0.4782003 0.4839822 0.4839822 0.4839822
