simulation_files/asc/Depth____210.0.asc
NCOLS       216
NROWS       273
XLLCENTER        494.688995
YLLCENTER        787.867981
CELLSIZE           0.500
NODATA_VALUE     -9999.0
[rows 182 to 207 of 273, columns 120 to 179 of 216]
-9999.000 -9999.000 -9999.000 -9999.000 -9999.000 -9999.000 -9999.000 -9999.000 -9999.000 0.9321343E-01 0.1709796 0.2590235 0.2644599 0.2118389 0.1346400 0.8584007E-01 0.4567315E-01 0.5595204E-01 0.7798032E-01 0.7414117E-01 0.8311676E-01 0.1496026 0.2309991 0.2186787 0.2379994 0.2886641 0.2952450 0.2680741 0.2863822 0.3282815 0.3603835 0.3884467 0.3664959 0.3257895 0.3038521 0.3115126 0.3113693 0.3136689 0.2819407 0.2256257 0.1464361 0.6614871E-01 -9999.000 -9999.000 -9999.000 -9999.000 -9999.000 -9999.000 -9999.000 -9999.000 -9999.000 -9999.000 -9999.000 -9999.000 -9999.000 -9999.000 -9999.000 -9999.000 -9999.000 -9999.000
-9999.000 -9999.000 -9999.000 -9999.000 -9999.000 -9999.000 -9999.000 -9999.000 0.1953109E-01 0.5397273E-01 0.1501893 0.2301306 0.2581032 0.2336337 0.1873022 0.1296730 0.7532289E-01 0.5927411E-01 0.7052161E-01 0.6457544E-01 0.7025803E-01 0.1172632 0.1714087 0.1926806 0.2381068 0.3127228 0.3323065 0.2811319 0.2930232 0.3662695 0.3937181 0.4047536 0.3947977 0.3475557 0.3330244 0.3241515 0.3258071 0.3291300 0.3108092 0.2878057 0.1991727 0.9121697E-01 -9999.000 -9999.000 -9999.000 -9999.000 -9999.000 -9999.000 -9999.000 -9999.000 -9999.000 -9999.000 -9999.000 -9999.000 -9999.000 -9999.000 -9999.000 -9999.000 -9999.000 -9999.000
-9999.000 -9999.000 -9999.000 -9999.000 -9999.000 -9999.000 -9999.000 -9999.000 -9999.000 0.3494557E-01 0.1258068 0.2287181 0.2636211 0.2622019 0.2284608 0.1751369 0.1193001 0.7403774E-01 0.6451392E-01 0.5877275E-01 0.6734286E-01 0.8333595E-01 0.1023464 0.1306436 0.1933041 0.2752601 0.3192591 0.3019891 0.3271073 0.3756997 0.3568592 0.3430806 0.3486005 0.3312772 0.2850625 0.2794716 0.2897876 0.3073509 0.3141212 0.3019387 0.2506509 0.1414798 0.6658412E-01 -9999.000 -9999.000 -9999.000 -9999.000 -9999.000 -9999.000 -9999.000 -9999.000 -9999.000 -9999.000 -9999.000 -9999.000 -9999.000 -9999.000 -9999.000 -9999.000 -9999.000
-9999.000 -9999.000 -9999.000 -9999.000 -9999.000 -9999.000 -9999.000 -9999.000 -9999.000 0.2127287E-01 0.1292863 0.2270560 0.2745786 0.2793156 0.2609399 0.2141153 0.1472466 0.9009983E-01 0.7038015E-01 0.7252460E-01 0.8259456E-01 0.7843556E-01 0.7686865E-01 0.1032407 0.1531527 0.2110742 0.2603972 0.2849605 0.3444686 0.3166477 0.2517124 0.2701312 0.2873163 0.2184889 0.1818257 0.1597801 0.1992251 0.2223676 0.2594517 0.2707647 0.2370626 0.1738447 0.1327143 0.7531365E-01 -9999.000 -9999.000 -9999.000 -9999.000 -9999.000 -9999.000 -9999.000 -9999.000 -9999.000 -9999.000 -9999.000 -9999.000 -9999.000 -9999.000 -9999.000 -9999.000
-9999.000 -9999.000 -9999.000 -9999.000 -9999.000 -9999.000 -9999.000 -9999.000 -9999.000 -9999.000 -9999.000 0.2011231 0.2650235 0.2791289 0.2730276 0.2257996 0.1531655 0.9060752E-01 0.6372801E-01 0.6010382E-01 0.7598992E-01 0.7509189E-01 0.7799308E-01 0.1116129 0.1674527 0.2110025 0.2448369 0.2599351 0.2727183 0.2233308 0.1969689 0.3056146 0.3303404 0.2781085 0.2023886 0.1794599 0.1947441 0.2132356 0.2284450 0.2392547 0.2294132 0.1985355 0.1655411 0.1182983 -9999.000 -9999.000 -9999.000 -9999.000 -9999.000 -9999.000 -9999.000 -9999.000 -9999.000 -9999.000 -9999.000 -9999.000 -9999.000 -9999.000 -9999.000 -9999.000
-9999.000 -9999.000 -9999.000 -9999.000 -9999.000 -9999.000 -9999.000 -9999.000 -9999.000 -9999.000 0.5049794E-01 0.1659225 0.2377145 0.2507066 0.2568207 0.2114938 0.1252178 0.8459302E-01 0.6608899E-01 0.4793291E-01 0.4985924E-01 0.6771359E-01 0.8548973E-01 0.1315062 0.2025735 0.2257612 0.2114031 0.1894892 0.2067359 0.2123290 0.2222632 0.3110932 0.3776945 0.3555896 0.2912078 0.2211926 0.2289443 0.2495510 0.2389261 0.2188146 0.2184087 0.1895683 0.1496633 0.1067206 0.5473138E-01 -9999.000 -9999.000 -9999.000 -9999.000 -9999.000 -9999.000 -9999.000 -9999.000 -9999.000 -9999.000 -9999.000 -9999.000 -9999.000 -9999.000 -9999.000
-9999.000 -9999.000 -9999.000 -9999.000 -9999.000 -9999.000 -9999.000 -9999.000 -9999.000 -9999.000 -9999.000 0.1670174 0.2177866 0.2189373 0.2333024 0.2085249 0.1495319 0.1221581 0.9729628E-01 0.6861625E-01 0.4571818E-01 0.4522512E-01 0.6770344E-01 0.1117107 0.1425368 0.1539329 0.1808925 0.1855755 0.2318108 0.2664459 0.2479567 0.2803884 0.3298760 0.3126198 0.2777149 0.2470350 0.2408290 0.2269890 0.1959206 0.2088854 0.2265123 0.2197996 0.2072063 0.1701174 0.1285011 0.8598350E-01 -9999.000 -9999.000 -9999.000 -9999.000 -9999.000 -9999.000 -9999.000 -9999.000 -9999.000 -9999.000 -9999.000 -9999.000 -9999.000 -9999.000
-9999.000 -9999.000 -9999.000 -9999.000 -9999.000 -9999.000 -9999.000 -9999.000 -9999.000 -9999.000 -9999.000 0.1198921 0.1838521 0.2153436 0.2370601 0.2333333 0.2085728 0.1831826 0.1413975 0.1148735 0.6543305E-01 0.2995921E-01 0.3897429E-01 0.6682795E-01 0.7854891E-01 0.1087581 0.1919047 0.2354819 0.2800094 0.3069776 0.2950007 0.2818614 0.2725188 0.2424558 0.2513241 0.2604272 0.2549682 0.2038737 0.2038036 0.2416710 0.2595559 0.2567482 0.2698109 0.2500799 0.2062884 0.1328077 -9999.000 -9999.000 -9999.000 -9999.000 -9999.000 -9999.000 -9999.000 -9999.000 -9999.000 -9999.000 -9999.000 -9999.000 -9999.000 -9999.000
-9999.000 -9999.000 -9999.000 -9999.000 -9999.000 -9999.000 -9999.000 -9999.000 -9999.000 -9999.000 -9999.000 -9999.000 0.1289024 0.1834769 0.2204732 0.2368265 0.2412166 0.2361549 0.1895495 0.1571774 0.1037081 0.3351725E-01 0.2315176E-01 0.3401745E-01 0.5361014E-01 0.1041903 0.1830174 0.2378555 0.2790779 0.3050571 0.2926644 0.2945813 0.3038916 0.2718844 0.2692822 0.3153328 0.2776366 0.2417143 0.2740704 0.3058020 0.3062654 0.2985608 0.3189116 0.2990545 0.2517928 0.1603228 0.4848662E-01 -9999.000 -9999.000 -9999.000 -9999.000 -9999.000 -9999.000 -9999.000 -9999.000 -9999.000 -9999.000 -9999.000 -9999.000 -9999.000
-9999.000 -9999.000 -9999.000 -9999.000 -9999.000 -9999.000 -9999.000 -9999.000 -9999.000 -9999.000 -9999.000 -9999.000 0.7572109E-01 0.1281271 0.1821647 0.2188806 0.2562669 0.2663125 0.2399878 0.2093638 0.1542620 0.7718263E-01 0.4337654E-01 0.4693926E-01 0.5340111E-01 0.8030434E-01 0.1308476 0.1921408 0.2430484 0.2766991 0.2709847 0.2822461 0.2971544 0.2605916 0.2882868 0.3267472 0.2748476 0.2815888 0.3446104 0.3708741 0.3420535 0.3389887 0.3566204 0.2968981 0.2316121 0.1417627 0.4835544E-01 -9999.000 -9999.000 -9999.000 -9999.000 -9999.000 -9999.000 -9999.000 -9999.000 -9999.000 -9999.000 -9999.000 -9999.000 -9999.000
-9999.000 -9999.000 -9999.000 -9999.000 -9999.000 -9999.000 -9999.000 -9999.000 -9999.000 -9999.000 -9999.000 -9999.000 -9999.000 0.8009049E-01 0.1394445 0.2037042 0.2349242 0.2686027 0.2803285 0.2428056 0.1846675 0.1295072 0.8459761E-01 0.5713536E-01 0.4432138E-01 0.4559595E-01 0.7863537E-01 0.1513514 0.2234121 0.2637893 0.2343969 0.2239068 0.2246781 0.2378711 0.3112146 0.3356734 0.2876819 0.3106452 0.3872529 0.4038496 0.3719905 0.3343971 0.2729725 0.2070022 0.1711594 0.1342857 0.9680883E-01 0.6419888E-01 -9999.000 -9999.000 -9999.000 -9999.000 -9999.000 -9999.000 -9999.000 -9999.000 -9999.000 -9999.000 -9999.000 -9999.000
-9999.000 -9999.000 -9999.000 -9999.000 -9999.000 -9999.000 -9999.000 -9999.000 -9999.000 -9999.000 -9999.000 -9999.000 -9999.000 0.5498086E-01 0.1259708 0.1469566 0.1306732 0.1922792 0.2501372 0.2341404 0.2112041 0.1729705 0.1186798 0.7770501E-01 0.4751597E-01 0.2629292E-01 0.4109528E-01 0.1117086 0.1975234 0.2256548 0.1632178 0.1981233 0.2351026 0.2571437 0.3255959 0.3504251 0.3233314 0.3421288 0.3785687 0.3898078 0.3391283 0.2406047 0.2057425 0.1720642 0.1914799 0.2082347 0.1872964 0.1495146 0.1151400 -9999.000 -9999.000 -9999.000 -9999.000 -9999.000 -9999.000 -9999.000 -9999.000 -9999.000 -9999.000 -9999.000
-9999.000 -9999.000 -9999.000 -9999.000 -9999.000 -9999.000 -9999.000 -9999.000 -9999.000 -9999.000 -9999.000 -9999.000 -9999.000 -9999.000 0.8480564E-01 0.8998563E-01 0.4181307E-01 0.6402368E-01 0.1417484 0.1931689 0.2330275 0.2046125 0.1703102 0.1232499 0.8563089E-01 0.5975654E-01 0.4431829E-01 0.8565014E-01 0.1610953 0.1663490 0.1403352 0.2006881 0.2563623 0.2792551 0.3152636 0.3443197 0.3407737 0.3369022 0.3479467 0.3424632 0.2891670 0.2784782 0.2560854 0.2535478 0.2798906 0.2835308 0.2741119 0.2652195 0.1928778 0.9949944E-01 -9999.000 -9999.000 -9999.000 -9999.000 -9999.000 -9999.000 -9999.000 -9999.000 -9999.000 -9999.000
-9999.000 -9999.000 -9999.000 -9999.000 -9999.000 -9999.000 -9999.000 -9999.000 -9999.000 -9999.000 -9999.000 -9999.000 -9999.000 -9999.000 -9999.000 -9999.000 0.3664227E-01 0.6192857E-01 0.9480043E-01 0.1413457 0.1925770 0.1978502 0.1751861 0.1253860 0.8397023E-01 0.6052306E-01 0.4364253E-01 0.5410884E-01 0.9279190E-01 0.1182169 0.1356529 0.1793414 0.2404423 0.2679313 0.2940979 0.3125313 0.3240238 0.3193854 0.3302459 0.3407622 0.3419233 0.3495686 0.3272746 0.3171458 0.3116126 0.3132833 0.2985503 0.2845574 0.2163347 0.1272926 -9999.000 -9999.000 -9999.000 -9999.000 -9999.000 -9999.000 -9999.000 -9999.000 -9999.000 -9999.000
-9999.000 -9999.000 -9999.000 -9999.000 -9999.000 -9999.000 -9999.000 -9999.000 -9999.000 -9999.000 -9999.000 -9999.000 -9999.000 -9999.000 -9999.000 -9999.000 0.5367394E-01 0.9598635E-01 0.9694825E-01 0.1114872 0.1464143 0.1637875 0.1538704 0.1214635 0.8146843E-01 0.4822825E-01 0.2641976E-01 -9999.000 -9999.000 0.5802008E-01 0.1077214 0.1463717 0.1891067 0.2127317 0.2566028 0.3043955 0.3096989 0.3036316 0.3318970 0.3839800 0.4034947 0.3994761 0.3485698 0.3164433 0.3324733 0.3352267 0.3058281 0.2466392 0.1679162 0.1154504 0.5270250E-01 -9999.000 -9999.000 -9999.000 -9999.000 -9999.000 -9999.000 -9999.000 -9999.000 -9999.000
-9999.000 -9999.000 -9999.000 -9999.000 -9999.000 -9999.000 -9999.000 -9999.000 -9999.000 -9999.000 -9999.000 -9999.000 -9999.000 -9999.000 -9999.000 -9999.000 -9999.000 0.8315107E-01 0.7552179E-01 0.8847967E-01 0.9386505E-01 0.1307595 0.1583432 0.1424364 0.1101963 0.7205706E-01 0.3694780E-01 -9999.000 -9999.000 -9999.000 0.5478890E-01 0.1063476 0.1259421 0.1382138 0.1981798 0.2613597 0.2621962 0.2628018 0.3257501 0.3963115 0.4249539 0.3980824 0.3393723 0.3121476 0.3140861 0.2780721 0.2354638 0.1805596 0.1361465 0.1173441 -9999.000 -9999.000 -9999.000 -9999.000 -9999.000 -9999.000 -9999.000 -9999.000 -9999.000 -9999.000
-9999.000 -9999.000 -9999.000 -9999.000 -9999.000 -9999.000 -9999.000 -9999.000 -9999.000 -9999.000 -9999.000 -9999.000 -9999.000 -9999.000 -9999.000 -9999.000 -9999.000 0.7321308E-01 0.1191513 0.7584221E-01 0.4823501E-01 0.8344669E-01 0.1239483 0.1281176 0.1224308 0.9998347E-01 0.5051581E-01 0.2154743E-01 -9999.000 -9999.000 -9999.000 0.6012256E-01 0.7776462E-01 0.9521627E-01 0.1398414 0.1912004 0.2044166 0.2507327 0.3348937 0.3799082 0.3822278 0.3544652 0.3132367 0.2775913 0.2622950 0.2003472 0.1631625 0.1444121 0.1495491 0.1452449 0.1157054 -9999.000 -9999.000 -9999.000 -9999.000 -9999.000 -9999.000 -9999.000 -9999.000 -9999.000
-9999.000 -9999.000 -9999.000 -9999.000 -9999.000 -9999.000 -9999.000 -9999.000 -9999.000 -9999.000 -9999.000 -9999.000 -9999.000 -9999.000 -9999.000 -9999.000 -9999.000 -9999.000 0.1306129 0.6732289E-01 0.4333607E-01 0.7955043E-01 0.1003555 0.9632504E-01 0.1199846 0.1037948 -9999.000 0.1417838E-01 -9999.000 -9999.000 -9999.000 0.3059066E-01 0.4116323E-01 0.9223829E-01 0.1513167 0.1906862 0.2211501 0.2741032 0.3024666 0.3268433 0.3167295 0.2948855 0.2775191 0.2832434 0.2580042 0.2490362 0.2276658 0.1713505 0.1740871 0.1976195 0.1713145 0.6812112E-01 -9999.000 -9999.000 -9999.000 -9999.000 -9999.000 -9999.000 -9999.000 -9999.000
-9999.000 -9999.000 -9999.000 -9999.000 -9999.000 -9999.000 -9999.000 -9999.000 -9999.000 -9999.000 -9999.000 -9999.000 -9999.000 -9999.000 -9999.000 -9999.000 -9999.000 0.1347334 0.8617246E-01 0.5430216E-01 0.8587570E-01 0.1368620 0.1456067 0.1048467 0.1122649 0.9374923E-01 0.5701994E-01 -9999.000 -9999.000 -9999.000 -9999.000 -9999.000 0.2264756E-01 0.8568894E-01 0.1720299 0.2259257 0.2569935 0.2450019 0.2300552 0.2386693 0.2646748 0.2384640 0.2516848 0.2960424 0.2858262 0.2961419 0.2718867 0.2141517 0.2014391 0.2325242 0.2069375 0.8369892E-01 0.3276252E-01 -9999.000 -9999.000 -9999.000 -9999.000 -9999.000 -9999.000 -9999.000
-9999.000 -9999.000 -9999.000 -9999.000 -9999.000 -9999.000 -9999.000 -9999.000 -9999.000 -9999.000 -9999.000 -9999.000 -9999.000 -9999.000 -9999.000 -9999.000 0.7359554E-01 0.1332343 0.1071541 0.8199149E-01 0.1572589 0.2061929 0.1886519 0.1384019 0.1304953 0.9980482E-01 0.3697779E-01 -9999.000 -9999.000 -9999.000 -9999.000 -9999.000 -9999.000 0.7031171E-01 0.1426611 0.1808119 0.2007061 0.2072802 0.2097115 0.2193569 0.2213815 0.1963940 0.1986684 0.2777849 0.3074856 0.2945625 0.2637413 0.2282922 0.2175937 0.2279637 0.2127434 0.1136196 0.5248835E-01 -9999.000 -9999.000 -9999.000 -9999.000 -9999.000 -9999.000 -9999.000
-9999.000 -9999.000 -9999.000 -9999.000 -9999.000 -9999.000 -9999.000 -9999.000 -9999.000 -9999.000 -9999.000 -9999.000 -9999.000 -9999.000 -9999.000 -9999.000 -9999.000 0.8531041E-01 0.9808451E-01 0.1016715 0.1542849 0.1840945 0.1718488 0.1834129 0.1830503 0.1300871 0.5208112E-01 0.2064584E-01 -9999.000 -9999.000 -9999.000 -9999.000 -9999.000 0.4851310E-01 0.7801558E-01 0.8408666E-01 0.1267089 0.1705350 0.2122260 0.2172245 0.2226762 0.2121572 0.2053628 0.2583141 0.2902974 0.2915495 0.2729247 0.2342918 0.2349940 0.2474570 0.2013017 0.1359662 0.1019830 0.3983701E-01 -9999.000 -9999.000 -9999.000 -9999.000 -9999.000 -9999.000
-9999.000 -9999.000 -9999.000 -9999.000 -9999.000 -9999.000 -9999.000 -9999.000 -9999.000 -9999.000 -9999.000 -9999.000 -9999.000 -9999.000 -9999.000 -9999.000 -9999.000 -9999.000 0.6618553E-01 0.8079956E-01 0.1145425 0.1266979 0.1355065 0.1849630 0.2096459 0.1600555 0.9343056E-01 0.4100777E-01 -9999.000 -9999.000 -9999.000 -9999.000 -9999.000 -9999.000 0.6848692E-01 0.9205779E-01 0.1168559 0.1507355 0.1750365 0.1903536 0.2259950 0.2599354 0.2639649 0.2684322 0.2572126 0.2816496 0.2616361 0.2359292 0.2646767 0.2880538 0.2418515 0.2056050 0.1821649 0.1112471 -9999.000 -9999.000 -9999.000 -9999.000 -9999.000 -9999.000
-9999.000 -9999.000 -9999.000 -9999.000 -9999.000 -9999.000 -9999.000 -9999.000 -9999.000 -9999.000 -9999.000 -9999.000 -9999.000 -9999.000 -9999.000 -9999.000 -9999.000 0.4564517E-01 0.7857713E-01 0.5742490E-01 0.6122771E-01 0.9052346E-01 0.1195128 0.1656120 0.2037788 0.1787963 0.1294738 0.6597362E-01 0.3023940E-01 -9999.000 -9999.000 -9999.000 -9999.000 -9999.000 0.6959630E-01 0.9776990E-01 0.1260047 0.1435974 0.1613893 0.1756801 0.1965359 0.2363274 0.2504001 0.2327911 0.2179799 0.2022341 0.1915244 0.2130877 0.2861424 0.3275822 0.2960987 0.2677042 0.2279607 0.1984252 0.1739894 -9999.000 -9999.000 -9999.000 -9999.000 -9999.000
-9999.000 -9999.000 -9999.000 -9999.000 -9999.000 -9999.000 -9999.000 -9999.000 -9999.000 -9999.000 -9999.000 -9999.000 -9999.000 -9999.000 -9999.000 -9999.000 -9999.000 -9999.000 0.4567189E-01 0.3448924E-01 0.3358644E-01 0.1136930 0.1656530 0.1935434 0.1812684 0.1451506 0.1177388 0.8115455E-01 0.3999903E-01 -9999.000 -9999.000 -9999.000 -9999.000 -9999.000 -9999.000 0.5862385E-01 0.9389668E-01 0.1251819 0.1672566 0.1844429 0.1984690 0.2243504 0.2429882 0.1952906 0.1310951 0.9751300E-01 0.1195368 0.2101559 0.3025347 0.3487710 0.2973416 0.2612039 0.2304562 0.2150311 0.1652903 0.8366084E-01 -9999.000 -9999.000 -9999.000 -9999.000
-9999.000 -9999.000 -9999.000 -9999.000 -9999.000 -9999.000 -9999.000 -9999.000 -9999.000 -9999.000 -9999.000 -9999.000 -9999.000 -9999.000 -9999.000 -9999.000 -9999.000 -9999.000 0.1545022E-01 0.2263380E-01 0.4522308E-01 0.1379150 0.2190260 0.2335853 0.1887744 0.1516631 0.1217601 0.9671693E-01 0.5307431E-01 -9999.000 -9999.000 -9999.000 -9999.000 -9999.000 -9999.000 0.3585311E-01 0.7042642E-01 0.1213453 0.1679321 0.1990827 0.2361729 0.2465917 0.2499065 0.2018193 0.1531272 0.1480318 0.1757517 0.2449350 0.2871215 0.2677466 0.2409514 0.2579329 0.2516560 0.2030739 0.1656989 0.1163229 0.5034895E-01 -9999.000 -9999.000 -9999.000
-9999.000 -9999.000 -9999.000 -9999.000 -9999.000 -9999.000 -9999.000 -9999.000 -9999.000 -9999.000 -9999.000 -9999.000 -9999.000 -9999.000 -9999.000 -9999.000 -9999.000 -9999.000 0.1323946E-01 0.2996118E-01 0.6303664E-01 0.1517607 0.2324209 0.2237062 0.1868752 0.1484820 0.1198468 0.9933105E-01 0.6759494E-01 -9999.000 -9999.000 -9999.000 -9999.000 -9999.000 -9999.000 -9999.000 0.5002329E-01 0.1159261 0.1880437 0.2340706 0.2881933 0.3044992 0.2681454 0.2270636 0.2344538 0.3197725 0.3704173 0.3512436 0.2996681 0.2436303 0.2608360 0.3163221 0.3063690 0.2203516 0.1875808 0.1731651 0.1015487 -9999.000 -9999.000 -9999.000
