simulation_files/asc/Depth____17.0.asc
NCOLS        79
NROWS        79
XLLCENTER         -1.500000
YLLCENTER         -4.800000
CELLSIZE           0.100
NODATA_VALUE     -9999.0
[rows 0 to 24 of 79, columns 0 to 56 of 79]
-9999.000 -9999.000 -9999.000 -9999.000 -9999.000 -9999.000 -9999.000 -9999.000 -9999.000 -9999.000 -9999.000 -9999.000 -9999.000 -9999.000 -9999.000 0.4927634E-01 0.4898498E-01 0.4892727E-01 0.4890601E-01 0.4889817E-01 0.4889529E-01 0.4889428E-01 0.4889402E-01 0.4889427E-01 0.4889529E-01 0.4889816E-01 0.4890601E-01 0.4892727E-01 0.4898497E-01 0.4927633E-01 0.4927633E-01 -9999.000 -9999.000 -9999.000 -9999.000 -9999.000 -9999.000 -9999.000 -9999.000 -9999.000 -9999.000 -9999.000 -9999.000 -9999.000 -9999.000 -9999.000 -9999.000 -9999.000 -9999.000 -9999.000 -9999.000 -9999.000 -9999.000 -9999.000 -9999.000 -9999.000 -9999.000
-9999.000 -9999.000 -9999.000 -9999.000 -9999.000 -9999.000 -9999.000 -9999.000 -9999.000 -9999.000 -9999.000 -9999.000 -9999.000 -9999.000 -9999.000 0.4962839E-01 0.4921949E-01 0.4910666E-01 0.4905203E-01 0.4902700E-01 0.4901608E-01 0.4901167E-01 0.4901051E-01 0.4901167E-01 0.4901608E-01 0.4902700E-01 0.4905202E-01 0.4910665E-01 0.4921948E-01 0.4962839E-01 0.4962839E-01 -9999.000 -9999.000 -9999.000 -9999.000 -9999.000 -9999.000 -9999.000 -9999.000 -9999.000 -9999.000 -9999.000 -9999.000 -9999.000 -9999.000 -9999.000 -9999.000 -9999.000 -9999.000 -9999.000 -9999.000 -9999.000 -9999.000 -9999.000 -9999.000 -9999.000 -9999.000
-9999.000 -9999.000 -9999.000 -9999.000 -9999.000 -9999.000 -9999.000 -9999.000 -9999.000 -9999.000 -9999.000 -9999.000 -9999.000 -9999.000 -9999.000 0.4972585E-01 0.4944430E-01 0.4929905E-01 0.4921195E-01 0.4916429E-01 0.4914021E-01 0.4912935E-01 0.4912628E-01 0.4912935E-01 0.4914021E-01 0.4916429E-01 0.4921195E-01 0.4929905E-01 0.4944429E-01 0.4987095E-01 0.4987095E-01 -9999.000 -9999.000 -9999.000 -9999.000 -9999.000 -9999.000 -9999.000 -9999.000 -9999.000 -9999.000 -9999.000 -9999.000 -9999.000 -9999.000 -9999.000 -9999.000 -9999.000 -9999.000 -9999.000 -9999.000 -9999.000 -9999.000 -9999.000 -9999.000 -9999.000 -9999.000
-9999.000 -9999.000 -9999.000 -9999.000 -9999.000 -9999.000 -9999.000 -9999.000 -9999.000 -9999.000 -9999.000 -9999.000 -9999.000 -9999.000 -9999.000 0.1099969 0.1048312 0.1003222 0.9596399E-01 0.9124842E-01 0.8605506E-01 0.8052134E-01 0.7476694E-01 0.6910373E-01 0.6387437E-01 0.5942607E-01 0.5596560E-01 0.5342733E-01 0.5324309E-01 0.6097858E-01 0.6097858E-01 -9999.000 -9999.000 -9999.000 -9999.000 -9999.000 -9999.000 -9999.000 -9999.000 -9999.000 -9999.000 -9999.000 -9999.000 -9999.000 -9999.000 -9999.000 -9999.000 -9999.000 -9999.000 -9999.000 -9999.000 -9999.000 -9999.000 -9999.000 -9999.000 -9999.000 -9999.000
-9999.000 -9999.000 -9999.000 -9999.000 -9999.000 -9999.000 -9999.000 -9999.000 -9999.000 -9999.000 -9999.000 -9999.000 -9999.000 -9999.000 -9999.000 0.1305933 0.1312791 0.1314043 0.1312346 0.1308044 0.1302272 0.1295735 0.1288894 0.1282042 0.1275402 0.1269022 0.1262503 0.1253768 0.1242739 0.1238631 0.1238631 -9999.000 -9999.000 -9999.000 -9999.000 -9999.000 -9999.000 -9999.000 -9999.000 -9999.000 -9999.000 -9999.000 -9999.000 -9999.000 -9999.000 -9999.000 -9999.000 -9999.000 -9999.000 -9999.000 -9999.000 -9999.000 -9999.000 -9999.000 -9999.000 -9999.000 -9999.000
-9999.000 -9999.000 -9999.000 -9999.000 -9999.000 -9999.000 -9999.000 -9999.000 -9999.000 -9999.000 -9999.000 -9999.000 -9999.000 -9999.000 -9999.000 0.1344519 0.1347831 0.1345874 0.1343262 0.1340036 0.1336841 0.1334421 0.1333654 0.1335124 0.1338938 0.1344301 0.1349226 0.1350217 0.1343649 0.1336095 0.1336095 -9999.000 -9999.000 -9999.000 -9999.000 -9999.000 -9999.000 -9999.000 -9999.000 -9999.000 -9999.000 -9999.000 -9999.000 -9999.000 -9999.000 -9999.000 -9999.000 -9999.000 -9999.000 -9999.000 -9999.000 -9999.000 -9999.000 -9999.000 -9999.000 -9999.000 -9999.000
-9999.000 -9999.000 -9999.000 -9999.000 -9999.000 -9999.000 -9999.000 -9999.000 -9999.000 -9999.000 -9999.000 -9999.000 -9999.000 -9999.000 -9999.000 0.1374866 0.1377610 0.1374123 0.1370303 0.1366479 0.1363167 0.1360925 0.1360374 0.1361659 0.1364308 0.1367096 0.1368373 0.1366722 0.1361565 0.1359793 0.1359793 -9999.000 -9999.000 -9999.000 -9999.000 -9999.000 -9999.000 -9999.000 -9999.000 -9999.000 -9999.000 -9999.000 -9999.000 -9999.000 -9999.000 -9999.000 -9999.000 -9999.000 -9999.000 -9999.000 -9999.000 -9999.000 -9999.000 -9999.000 -9999.000 -9999.000 -9999.000
-9999.000 -9999.000 -9999.000 -9999.000 -9999.000 -9999.000 -9999.000 -9999.000 -9999.000 -9999.000 -9999.000 -9999.000 -9999.000 -9999.000 -9999.000 0.1403227 0.1406407 0.1402410 0.1398009 0.1393826 0.1390352 0.1387960 0.1386947 0.1387055 0.1387506 0.1387139 0.1385007 0.1381132 0.1375991 0.1375762 0.1375762 -9999.000 -9999.000 -9999.000 -9999.000 -9999.000 -9999.000 -9999.000 -9999.000 -9999.000 -9999.000 -9999.000 -9999.000 -9999.000 -9999.000 -9999.000 -9999.000 -9999.000 -9999.000 -9999.000 -9999.000 -9999.000 -9999.000 -9999.000 -9999.000 -9999.000 -9999.000
-9999.000 -9999.000 -9999.000 -9999.000 -9999.000 -9999.000 -9999.000 -9999.000 -9999.000 -9999.000 -9999.000 -9999.000 -9999.000 -9999.000 -9999.000 0.1430984 0.1434895 0.1430883 0.1426247 0.1421794 0.1417962 0.1414922 0.1412679 0.1410764 0.1408415 0.1404841 0.1399764 0.1393963 0.1388136 0.1387712 0.1387712 -9999.000 -9999.000 -9999.000 -9999.000 -9999.000 -9999.000 -9999.000 -9999.000 -9999.000 -9999.000 -9999.000 -9999.000 -9999.000 -9999.000 -9999.000 -9999.000 -9999.000 -9999.000 -9999.000 -9999.000 -9999.000 -9999.000 -9999.000 -9999.000 -9999.000 -9999.000
-9999.000 -9999.000 -9999.000 -9999.000 -9999.000 -9999.000 -9999.000 -9999.000 -9999.000 -9999.000 -9999.000 -9999.000 -9999.000 -9999.000 -9999.000 0.1458378 0.1463145 0.1459365 0.1454605 0.1449767 0.1445210 0.1440949 0.1436832 0.1432403 0.1427145 0.1420684 0.1413133 0.1405484 0.1398412 0.1397166 0.1397166 -9999.000 -9999.000 -9999.000 -9999.000 -9999.000 -9999.000 -9999.000 -9999.000 -9999.000 -9999.000 -9999.000 -9999.000 -9999.000 -9999.000 -9999.000 -9999.000 -9999.000 -9999.000 -9999.000 -9999.000 -9999.000 -9999.000 -9999.000 -9999.000 -9999.000 -9999.000
-9999.000 -9999.000 -9999.000 -9999.000 -9999.000 -9999.000 -9999.000 -9999.000 -9999.000 -9999.000 -9999.000 -9999.000 -9999.000 -9999.000 -9999.000 0.1485128 0.1490807 0.1487347 0.1482410 0.1476957 0.1471296 0.1465380 0.1459056 0.1452038 0.1444097 0.1435143 0.1425397 0.1415795 0.1406993 0.1404765 0.1404765 -9999.000 -9999.000 -9999.000 -9999.000 -9999.000 -9999.000 -9999.000 -9999.000 -9999.000 -9999.000 -9999.000 -9999.000 -9999.000 -9999.000 -9999.000 -9999.000 -9999.000 -9999.000 -9999.000 -9999.000 -9999.000 -9999.000 -9999.000 -9999.000 -9999.000 -9999.000
-9999.000 -9999.000 -9999.000 -9999.000 -9999.000 -9999.000 -9999.000 -9999.000 -9999.000 -9999.000 -9999.000 -9999.000 -9999.000 -9999.000 -9999.000 0.1510753 0.1517337 0.1514183 0.1508949 0.1502667 0.1495657 0.1487911 0.1479372 0.1469952 0.1459630 0.1448420 0.1436490 0.1424623 0.1413469 0.1410022 0.1410022 -9999.000 -9999.000 -9999.000 -9999.000 -9999.000 -9999.000 -9999.000 -9999.000 -9999.000 -9999.000 -9999.000 -9999.000 -9999.000 -9999.000 -9999.000 -9999.000 -9999.000 -9999.000 -9999.000 -9999.000 -9999.000 -9999.000 -9999.000 -9999.000 -9999.000 -9999.000
-9999.000 -9999.000 -9999.000 -9999.000 -9999.000 -9999.000 -9999.000 -9999.000 -9999.000 -9999.000 -9999.000 -9999.000 -9999.000 -9999.000 -9999.000 0.1534810 0.1542246 0.1539347 0.1533713 0.1526485 0.1518068 0.1508545 0.1497969 0.1486386 0.1473849 0.1460343 0.1445877 0.1430988 0.1416244 0.1410538 0.1410538 -9999.000 -9999.000 -9999.000 -9999.000 -9999.000 -9999.000 -9999.000 -9999.000 -9999.000 -9999.000 -9999.000 -9999.000 -9999.000 -9999.000 -9999.000 -9999.000 -9999.000 -9999.000 -9999.000 -9999.000 -9999.000 -9999.000 -9999.000 -9999.000 -9999.000 -9999.000
-9999.000 -9999.000 -9999.000 -9999.000 -9999.000 -9999.000 -9999.000 -9999.000 -9999.000 -9999.000 -9999.000 -9999.000 -9999.000 -9999.000 -9999.000 0.1556991 0.1565233 0.1562560 0.1556496 0.1548322 0.1538569 0.1527426 0.1515007 0.1501379 0.1486537 0.1470297 0.1452346 0.1432699 0.1411441 0.1399796 0.1399796 -9999.000 -9999.000 -9999.000 -9999.000 -9999.000 -9999.000 -9999.000 -9999.000 -9999.000 -9999.000 -9999.000 -9999.000 -9999.000 -9999.000 -9999.000 -9999.000 -9999.000 -9999.000 -9999.000 -9999.000 -9999.000 -9999.000 -9999.000 -9999.000 -9999.000 -9999.000
-9999.000 -9999.000 -9999.000 -9999.000 -9999.000 -9999.000 -9999.000 -9999.000 -9999.000 -9999.000 -9999.000 -9999.000 -9999.000 -9999.000 -9999.000 0.1574695 0.1585655 0.1583925 0.1577778 0.1568796 0.1557768 0.1545042 0.1530765 0.1514926 0.1497310 0.1477339 0.1453956 0.1425747 0.1390289 0.1355994 0.1355994 -9999.000 -9999.000 -9999.000 -9999.000 -9999.000 -9999.000 -9999.000 -9999.000 -9999.000 -9999.000 -9999.000 -9999.000 -9999.000 -9999.000 -9999.000 -9999.000 -9999.000 -9999.000 -9999.000 -9999.000 -9999.000 -9999.000 -9999.000 -9999.000 -9999.000 -9999.000
0.1306952 0.1306952 0.1337899 0.1373300 0.1390581 0.1390581 0.1406479 0.1439841 0.1439841 0.1479831 0.1479831 0.1524621 0.1549223 0.1576259 0.1606300 0.1606300 0.1640666 0.1632753 0.1618386 0.1600858 0.1581920 0.1562251 0.1541840 0.1520161 0.1496103 0.1467495 0.1429992 0.1374172 0.1274378 0.1028490 0.1028490 0.3452041E-01 0.1713368E-01 0.1409196E-01 0.1409731E-01 0.1409731E-01 0.3574734E-01 0.3574734E-01 0.4063841E-01 0.4063841E-01 0.4397061E-01 0.5553022E-01 0.5553022E-01 0.6622092E-01 0.6622092E-01 0.7469159E-01 0.7469159E-01 0.7469159E-01 0.7605856E-01 0.7605856E-01 0.7607377E-01 0.7607377E-01 0.7538047E-01 0.7538047E-01 0.7472655E-01 0.7472655E-01 0.7225485E-01
0.1300939 0.1300939 0.1336014 0.1371528 0.1389091 0.1389091 0.1405307 0.1439231 0.1439231 0.1479664 0.1479664 0.1523724 0.1546430 0.1569449 0.1592341 0.1592341 0.1613022 0.1610716 0.1602680 0.1590162 0.1574165 0.1555373 0.1534102 0.1510194 0.1482828 0.1450123 0.1408384 0.1350501 0.1260330 0.1086660 0.1086660 0.6387810E-01 0.4708429E-01 0.3451333E-01 0.3055181E-01 0.3055181E-01 0.3548622E-01 0.3548622E-01 0.4197905E-01 0.4197905E-01 0.4471098E-01 0.5543014E-01 0.5543014E-01 0.6631949E-01 0.6631949E-01 0.7439845E-01 0.7439845E-01 0.7439845E-01 0.7574861E-01 0.7574861E-01 0.7579879E-01 0.7579879E-01 0.7512891E-01 0.7512891E-01 0.7510221E-01 0.7510221E-01 0.7210115E-01
0.1297804 0.1297804 0.1334960 0.1370332 0.1387753 0.1387753 0.1403699 0.1436548 0.1436548 0.1474878 0.1474878 0.1515232 0.1535289 0.1555062 0.1574219 0.1574219 0.1588109 0.1585585 0.1578781 0.1568253 0.1554390 0.1537357 0.1517105 0.1493315 0.1465235 0.1431323 0.1388626 0.1331640 0.1248533 0.1105073 0.1105073 0.7483487E-01 0.5929187E-01 0.4506375E-01 0.4111258E-01 0.4111258E-01 0.4073293E-01 0.4073293E-01 0.4640549E-01 0.4640549E-01 0.4939333E-01 0.5717948E-01 0.5717948E-01 0.6550609E-01 0.6550609E-01 0.7367851E-01 0.7367851E-01 0.7367851E-01 0.7519711E-01 0.7519711E-01 0.7540826E-01 0.7540826E-01 0.7483146E-01 0.7483146E-01 0.7433379E-01 0.7433379E-01 0.7220946E-01
0.1294490 0.1294490 0.1333682 0.1368720 0.1385919 0.1385919 0.1401505 0.1433082 0.1433082 0.1469136 0.1469136 0.1505840 0.1523509 0.1540563 0.1556788 0.1556788 0.1564805 0.1560991 0.1553812 0.1543530 0.1530310 0.1514099 0.1494618 0.1471366 0.1443539 0.1409777 0.1367666 0.1312830 0.1236130 0.1112197 0.1112197 0.8235362E-01 0.6794014E-01 0.5402289E-01 0.5019578E-01 0.5019578E-01 0.4885670E-01 0.4885670E-01 0.5366774E-01 0.5366774E-01 0.5617153E-01 0.6059782E-01 0.6059782E-01 0.6520607E-01 0.6520607E-01 0.7198939E-01 0.7198939E-01 0.7198939E-01 0.7388259E-01 0.7388259E-01 0.7444298E-01 0.7444298E-01 0.7411258E-01 0.7411258E-01 0.7360844E-01 0.7360844E-01 0.7195701E-01
0.1291049 0.1291049 0.1332195 0.1366721 0.1383625 0.1383625 0.1398782 0.1428956 0.1428956 0.1462644 0.1462644 0.1495737 0.1511133 0.1525678 0.1539273 0.1539273 0.1541816 0.1536353 0.1528234 0.1517515 0.1504224 0.1488208 0.1469092 0.1446283 0.1418954 0.1385870 0.1345016 0.1292849 0.1222125 0.1113219 0.1113219 0.8762380E-01 0.7441469E-01 0.6197480E-01 0.5897514E-01 0.5897514E-01 0.5875481E-01 0.5875481E-01 0.6234896E-01 0.6234896E-01 0.6359952E-01 0.6474509E-01 0.6474509E-01 0.6595977E-01 0.6595977E-01 0.7017387E-01 0.7017387E-01 0.7017387E-01 0.7206317E-01 0.7206317E-01 0.7296000E-01 0.7296000E-01 0.7297140E-01 0.7297140E-01 0.7260006E-01 0.7260006E-01 0.7135952E-01
0.1287466 0.1287466 0.1330629 0.1364440 0.1380977 0.1380977 0.1395658 0.1424363 0.1424363 0.1455650 0.1455650 0.1485116 0.1498232 0.1510265 0.1521236 0.1521236 0.1518192 0.1510853 0.1501530 0.1490096 0.1476450 0.1460369 0.1441436 0.1419030 0.1392334 0.1360235 0.1321044 0.1271883 0.1206962 0.1110813 0.1110813 0.9150039E-01 0.7966658E-01 0.7001939E-01 0.6850341E-01 0.6850341E-01 0.6954764E-01 0.6954764E-01 0.7085696E-01 0.7085696E-01 0.7058454E-01 0.6903003E-01 0.6903003E-01 0.6772657E-01 0.6772657E-01 0.6888727E-01 0.6888727E-01 0.6888727E-01 0.7014980E-01 0.7014980E-01 0.7110789E-01 0.7110789E-01 0.7142697E-01 0.7142697E-01 0.7128374E-01 0.7128374E-01 0.7043090E-01
0.1283987 0.1283987 0.1329010 0.1361995 0.1378128 0.1378128 0.1392305 0.1419515 0.1419515 0.1448379 0.1448379 0.1474146 0.1484880 0.1494230 0.1502327 0.1502327 0.1493025 0.1483591 0.1472912 0.1460663 0.1446596 0.1430416 0.1411685 0.1389792 0.1363966 0.1333227 0.1296187 0.1250554 0.1191743 0.1107542 0.1107542 0.9470692E-01 0.8472524E-01 0.7917940E-01 0.7909689E-01 0.7909689E-01 0.7992490E-01 0.7992490E-01 0.7822289E-01 0.7822289E-01 0.7662661E-01 0.7311295E-01 0.7311295E-01 0.7009302E-01 0.7009302E-01 0.6847122E-01 0.6847122E-01 0.6847122E-01 0.6861165E-01 0.6861165E-01 0.6918842E-01 0.6918842E-01 0.6959830E-01 0.6959830E-01 0.6966987E-01 0.6966987E-01 0.6918045E-01
0.1280712 0.1280712 0.1327412 0.1359496 0.1375200 0.1375200 0.1388867 0.1414602 0.1414602 0.1441051 0.1441051 0.1463018 0.1471202 0.1477548 0.1482245 0.1482245 0.1465318 0.1453539 0.1441420 0.1428373 0.1413962 0.1397799 0.1379433 0.1358299 0.1333722 0.1304900 0.1270780 0.1229664 0.1178074 0.1106476 0.1106476 0.9803585E-01 0.9084857E-01 0.8955418E-01 0.8986932E-01 0.8986932E-01 0.8876312E-01 0.8876312E-01 0.8421905E-01 0.8421905E-01 0.8168612E-01 0.7683363E-01 0.7683363E-01 0.7264972E-01 0.7264972E-01 0.6885884E-01 0.6885884E-01 0.6885884E-01 0.6772501E-01 0.6772501E-01 0.6754066E-01 0.6754066E-01 0.6771354E-01 0.6771354E-01 0.6785316E-01 0.6785316E-01 0.6765214E-01
0.1277781 0.1277781 0.1325909 0.1357053 0.1372320 0.1372320 0.1385486 0.1409803 0.1409803 0.1433879 0.1433879 0.1451940 0.1457354 0.1460232 0.1460679 0.1460679 0.1433760 0.1419387 0.1405848 0.1392158 0.1377622 0.1361730 0.1344026 0.1324029 0.1301239 0.1275147 0.1245179 0.1210384 0.1168452 0.1111908 0.1111908 0.1022406 0.9937775E-01 0.9999302E-01 0.9940894E-01 0.9940894E-01 0.9576279E-01 0.9576279E-01 0.8902661E-01 0.8902661E-01 0.8588721E-01 0.8011156E-01 0.8011156E-01 0.7511641E-01 0.7511641E-01 0.6976531E-01 0.6976531E-01 0.6976531E-01 0.6748689E-01 0.6748689E-01 0.6637935E-01 0.6637935E-01 0.6602497E-01 0.6602497E-01 0.6600543E-01 0.6600543E-01 0.6594709E-01
0.1275350 0.1275350 0.1324567 0.1354770 0.1369605 0.1369605 0.1382294 0.1405290 0.1405290 0.1427084 0.1427084 0.1441172 0.1443578 0.1442401 0.1437325 0.1437325 0.1396442 0.1379331 0.1364595 0.1350623 0.1336373 0.1321179 0.1304585 0.1286262 0.1266014 0.1243865 0.1220059 0.1194803 0.1167286 0.1132575 0.1132575 0.1088542 0.1089248 0.1091251 0.1071016 0.1071016 0.1013412 0.1013412 0.9286845E-01 0.9286845E-01 0.8932541E-01 0.8288674E-01 0.8288674E-01 0.7732054E-01 0.7732054E-01 0.7089268E-01 0.7089268E-01 0.7089268E-01 0.6771645E-01 0.6771645E-01 0.6573261E-01 0.6573261E-01 0.6470580E-01 0.6470580E-01 0.6431816E-01 0.6431816E-01 0.6421618E-01
