simulation_files/asc/Depth____271.0.asc
NCOLS        79
NROWS        79
XLLCENTER         -1.500000
YLLCENTER         -4.800000
CELLSIZE           0.100
NODATA_VALUE     -9999.0
[rows 0 to 25 of 79, columns 0 to 58 of 79]
-9999.000 -9999.000 -9999.000 -9999.000 -9999.000 -9999.000 -9999.000 -9999.000 -9999.000 -9999.000 -9999.000 -9999.000 -9999.000 -9999.000 -9999.000 0.7233887 0.7238838 0.7240525 0.7240123 0.7238139 0.7235454 0.7232461 0.7229359 0.7226413 0.7223610 0.7221011 0.7218603 0.7216082 0.7212350 0.7211971 0.7211971 -9999.000 -9999.000 -9999.000 -9999.000 -9999.000 -9999.000 -9999.000 -9999.000 -9999.000 -9999.000 -9999.000 -9999.000 -9999.000 -9999.000 -9999.000 -9999.000 -9999.000 -9999.000 -9999.000 -9999.000 -9999.000 -9999.000 -9999.000 -9999.000 -9999.000 -9999.000 -9999.000 -9999.000
-9999.000 -9999.000 -9999.000 -9999.000 -9999.000 -9999.000 -9999.000 -9999.000 -9999.000 -9999.000 -9999.000 -9999.000 -9999.000 -9999.000 -9999.000 0.7251775 0.7256310 0.7257683 0.7257340 0.7255732 0.7253603 0.7251273 0.7248892 0.7246670 0.7244580 0.7242666 0.7240909 0.7239032 0.7236057 0.7236538 0.7236538 -9999.000 -9999.000 -9999.000 -9999.000 -9999.000 -9999.000 -9999.000 -9999.000 -9999.000 -9999.000 -9999.000 -9999.000 -9999.000 -9999.000 -9999.000 -9999.000 -9999.000 -9999.000 -9999.000 -9999.000 -9999.000 -9999.000 -9999.000 -9999.000 -9999.000 -9999.000 -9999.000 -9999.000
-9999.000 -9999.000 -9999.000 -9999.000 -9999.000 -9999.000 -9999.000 -9999.000 -9999.000 -9999.000 -9999.000 -9999.000 -9999.000 -9999.000 -9999.000 0.7270880 0.7275768 0.7277251 0.7276984 0.7275430 0.7273363 0.7271106 0.7268810 0.7266690 0.7264702 0.7262887 0.7261209 0.7259369 0.7256333 0.7256774 0.7256774 -9999.000 -9999.000 -9999.000 -9999.000 -9999.000 -9999.000 -9999.000 -9999.000 -9999.000 -9999.000 -9999.000 -9999.000 -9999.000 -9999.000 -9999.000 -9999.000 -9999.000 -9999.000 -9999.000 -9999.000 -9999.000 -9999.000 -9999.000 -9999.000 -9999.000 -9999.000 -9999.000 -9999.000
-9999.000 -9999.000 -9999.000 -9999.000 -9999.000 -9999.000 -9999.000 -9999.000 -9999.000 -9999.000 -9999.000 -9999.000 -9999.000 -9999.000 -9999.000 0.7290497 0.7295608 0.7297146 0.7296896 0.7295331 0.7293254 0.7290992 0.7288693 0.7286583 0.7284603 0.7282795 0.7281119 0.7279251 0.7276089 0.7276314 0.7276314 -9999.000 -9999.000 -9999.000 -9999.000 -9999.000 -9999.000 -9999.000 -9999.000 -9999.000 -9999.000 -9999.000 -9999.000 -9999.000 -9999.000 -9999.000 -9999.000 -9999.000 -9999.000 -9999.000 -9999.000 -9999.000 -9999.000 -9999.000 -9999.000 -9999.000 -9999.000 -9999.000 -9999.000
-9999.000 -9999.000 -9999.000 -9999.000 -9999.000 -9999.000 -9999.000 -9999.000 -9999.000 -9999.000 -9999.000 -9999.000 -9999.000 -9999.000 -9999.000 0.7310314 0.7315595 0.7317165 0.7316900 0.7315292 0.7313168 0.7310861 0.7308521 0.7306378 0.7304365 0.7302526 0.7300814 0.7298882 0.7295546 0.7295414 0.7295414 -9999.000 -9999.000 -9999.000 -9999.000 -9999.000 -9999.000 -9999.000 -9999.000 -9999.000 -9999.000 -9999.000 -9999.000 -9999.000 -9999.000 -9999.000 -9999.000 -9999.000 -9999.000 -9999.000 -9999.000 -9999.000 -9999.000 -9999.000 -9999.000 -9999.000 -9999.000 -9999.000 -9999.000
-9999.000 -9999.000 -9999.000 -9999.000 -9999.000 -9999.000 -9999.000 -9999.000 -9999.000 -9999.000 -9999.000 -9999.000 -9999.000 -9999.000 -9999.000 0.7330196 0.7335621 0.7337206 0.7336912 0.7335240 0.7333053 0.7330685 0.7328283 0.7326093 0.7324025 0.7322136 0.7320368 0.7318348 0.7314795 0.7314167 0.7314167 -9999.000 -9999.000 -9999.000 -9999.000 -9999.000 -9999.000 -9999.000 -9999.000 -9999.000 -9999.000 -9999.000 -9999.000 -9999.000 -9999.000 -9999.000 -9999.000 -9999.000 -9999.000 -9999.000 -9999.000 -9999.000 -9999.000 -9999.000 -9999.000 -9999.000 -9999.000 -9999.000 -9999.000
-9999.000 -9999.000 -9999.000 -9999.000 -9999.000 -9999.000 -9999.000 -9999.000 -9999.000 -9999.000 -9999.000 -9999.000 -9999.000 -9999.000 -9999.000 0.7350081 0.7355636 0.7357223 0.7356886 0.7355139 0.7352881 0.7350443 0.7347970 0.7345724 0.7343592 0.7341641 0.7339807 0.7337680 0.7333862 0.7332577 0.7332577 -9999.000 -9999.000 -9999.000 -9999.000 -9999.000 -9999.000 -9999.000 -9999.000 -9999.000 -9999.000 -9999.000 -9999.000 -9999.000 -9999.000 -9999.000 -9999.000 -9999.000 -9999.000 -9999.000 -9999.000 -9999.000 -9999.000 -9999.000 -9999.000 -9999.000 -9999.000 -9999.000 -9999.000
-9999.000 -9999.000 -9999.000 -9999.000 -9999.000 -9999.000 -9999.000 -9999.000 -9999.000 -9999.000 -9999.000 -9999.000 -9999.000 -9999.000 -9999.000 0.7369938 0.7375613 0.7377190 0.7376798 0.7374966 0.7372631 0.7370118 0.7367569 0.7365264 0.7363061 0.7361042 0.7359132 0.7356881 0.7352748 0.7350599 0.7350599 -9999.000 -9999.000 -9999.000 -9999.000 -9999.000 -9999.000 -9999.000 -9999.000 -9999.000 -9999.000 -9999.000 -9999.000 -9999.000 -9999.000 -9999.000 -9999.000 -9999.000 -9999.000 -9999.000 -9999.000 -9999.000 -9999.000 -9999.000 -9999.000 -9999.000 -9999.000 -9999.000 -9999.000
-9999.000 -9999.000 -9999.000 -9999.000 -9999.000 -9999.000 -9999.000 -9999.000 -9999.000 -9999.000 -9999.000 -9999.000 -9999.000 -9999.000 -9999.000 0.7389746 0.7395537 0.7397090 0.7396632 0.7394704 0.7392287 0.7389696 0.7387066 0.7384701 0.7382423 0.7380330 0.7378337 0.7375941 0.7371433 0.7368147 0.7368147 -9999.000 -9999.000 -9999.000 -9999.000 -9999.000 -9999.000 -9999.000 -9999.000 -9999.000 -9999.000 -9999.000 -9999.000 -9999.000 -9999.000 -9999.000 -9999.000 -9999.000 -9999.000 -9999.000 -9999.000 -9999.000 -9999.000 -9999.000 -9999.000 -9999.000 -9999.000 -9999.000 -9999.000
-9999.000 -9999.000 -9999.000 -9999.000 -9999.000 -9999.000 -9999.000 -9999.000 -9999.000 -9999.000 -9999.000 -9999.000 -9999.000 -9999.000 -9999.000 0.7409490 0.7415394 0.7416905 0.7416368 0.7414334 0.7411829 0.7409157 0.7406443 0.7404019 0.7401659 0.7399487 0.7397403 0.7394838 0.7389882 0.7385088 0.7385088 -9999.000 -9999.000 -9999.000 -9999.000 -9999.000 -9999.000 -9999.000 -9999.000 -9999.000 -9999.000 -9999.000 -9999.000 -9999.000 -9999.000 -9999.000 -9999.000 -9999.000 -9999.000 -9999.000 -9999.000 -9999.000 -9999.000 -9999.000 -9999.000 -9999.000 -9999.000 -9999.000 -9999.000
-9999.000 -9999.000 -9999.000 -9999.000 -9999.000 -9999.000 -9999.000 -9999.000 -9999.000 -9999.000 -9999.000 -9999.000 -9999.000 -9999.000 -9999.000 0.7429149 0.7435163 0.7436619 0.7435988 0.7433834 0.7431237 0.7428479 0.7425677 0.7423194 0.7420746 0.7418490 0.7416301 0.7413540 0.7408044 0.7401221 0.7401221 -9999.000 -9999.000 -9999.000 -9999.000 -9999.000 -9999.000 -9999.000 -9999.000 -9999.000 -9999.000 -9999.000 -9999.000 -9999.000 -9999.000 -9999.000 -9999.000 -9999.000 -9999.000 -9999.000 -9999.000 -9999.000 -9999.000 -9999.000 -9999.000 -9999.000 -9999.000 -9999.000 -9999.000
-9999.000 -9999.000 -9999.000 -9999.000 -9999.000 -9999.000 -9999.000 -9999.000 -9999.000 -9999.000 -9999.000 -9999.000 -9999.000 -9999.000 -9999.000 0.7448699 0.7454825 0.7456207 0.7455466 0.7453177 0.7450482 0.7447634 0.7444740 0.7442198 0.7439653 0.7437303 0.7434997 0.7431999 0.7425848 0.7416251 0.7416251 -9999.000 -9999.000 -9999.000 -9999.000 -9999.000 -9999.000 -9999.000 -9999.000 -9999.000 -9999.000 -9999.000 -9999.000 -9999.000 -9999.000 -9999.000 -9999.000 -9999.000 -9999.000 -9999.000 -9999.000 -9999.000 -9999.000 -9999.000 -9999.000 -9999.000 -9999.000 -9999.000 -9999.000
-9999.000 -9999.000 -9999.000 -9999.000 -9999.000 -9999.000 -9999.000 -9999.000 -9999.000 -9999.000 -9999.000 -9999.000 -9999.000 -9999.000 -9999.000 0.7468092 0.7474339 0.7475631 0.7474765 0.7472327 0.7469529 0.7466586 0.7463592 0.7460992 0.7458336 0.7455881 0.7453437 0.7450151 0.7443190 0.7429719 0.7429719 -9999.000 -9999.000 -9999.000 -9999.000 -9999.000 -9999.000 -9999.000 -9999.000 -9999.000 -9999.000 -9999.000 -9999.000 -9999.000 -9999.000 -9999.000 -9999.000 -9999.000 -9999.000 -9999.000 -9999.000 -9999.000 -9999.000 -9999.000 -9999.000 -9999.000 -9999.000 -9999.000 -9999.000
-9999.000 -9999.000 -9999.000 -9999.000 -9999.000 -9999.000 -9999.000 -9999.000 -9999.000 -9999.000 -9999.000 -9999.000 -9999.000 -9999.000 -9999.000 0.7485860 0.7492646 0.7494362 0.7493940 0.7491536 0.7488653 0.7485605 0.7482478 0.7479784 0.7476964 0.7474355 0.7471714 0.7468045 0.7460054 0.7441068 0.7441068 -9999.000 -9999.000 -9999.000 -9999.000 -9999.000 -9999.000 -9999.000 -9999.000 -9999.000 -9999.000 -9999.000 -9999.000 -9999.000 -9999.000 -9999.000 -9999.000 -9999.000 -9999.000 -9999.000 -9999.000 -9999.000 -9999.000 -9999.000 -9999.000 -9999.000 -9999.000 -9999.000 -9999.000
-9999.000 -9999.000 -9999.000 -9999.000 -9999.000 -9999.000 -9999.000 -9999.000 -9999.000 -9999.000 -9999.000 -9999.000 -9999.000 -9999.000 -9999.000 0.7402738 0.7476708 0.7515628 0.7535625 0.7535715 0.7528979 0.7522021 0.7515181 0.7509269 0.7503601 0.7498602 0.7493911 0.7488155 0.7476937 0.7442592 0.7442592 -9999.000 -9999.000 -9999.000 -9999.000 -9999.000 -9999.000 -9999.000 -9999.000 -9999.000 -9999.000 -9999.000 -9999.000 -9999.000 -9999.000 -9999.000 -9999.000 -9999.000 -9999.000 -9999.000 -9999.000 -9999.000 -9999.000 -9999.000 -9999.000 -9999.000 -9999.000 -9999.000 -9999.000
0.8318838 0.8318838 0.8288581 0.8192312 0.8109906 0.8109906 0.8075396 0.8022982 0.8022982 0.7980412 0.7980412 0.7944613 0.7928633 0.7913681 0.7898861 0.7898861 0.7547647 0.7533779 0.7519237 0.7517939 0.7530985 0.7548513 0.7569811 0.7599452 0.7626436 0.7653154 0.7674597 0.7676296 0.7615991 0.7328710 0.7328710 0.5191457 0.4809590 0.4572638 0.4492280 0.4492280 0.4361778 0.4361778 0.4363211 0.4363211 0.4460116 0.4922642 0.4922642 0.5869112 0.5869112 0.6575698 0.6575698 0.6575698 0.6602984 0.6602984 0.6505487 0.6505487 0.6361336 0.6361336 0.6208110 0.6208110 0.6065276 0.6065276 0.6065276
0.8289726 0.8289726 0.8269301 0.8172215 0.8101586 0.8101586 0.8065208 0.8011988 0.8011988 0.7969471 0.7969471 0.7933824 0.7917926 0.7903051 0.7888315 0.7888315 0.7585226 0.7525934 0.7473936 0.7431781 0.7400807 0.7378290 0.7364649 0.7362422 0.7368156 0.7382276 0.7402585 0.7422503 0.7423931 0.7328416 0.7328416 0.5886300 0.5327773 0.4767354 0.4607208 0.4607208 0.4415168 0.4415168 0.4409074 0.4409074 0.4500822 0.4910218 0.4910218 0.5658001 0.5658001 0.6522955 0.6522955 0.6522955 0.6592380 0.6592380 0.6506047 0.6506047 0.6365336 0.6365336 0.6214110 0.6214110 0.6072069 0.6072069 0.6072069
0.8277264 0.8277264 0.8262401 0.8167616 0.8104118 0.8104118 0.8066391 0.8011825 0.8011825 0.7969031 0.7969031 0.7933314 0.7917390 0.7902488 0.7887632 0.7887632 0.7614200 0.7517079 0.7429235 0.7352609 0.7289208 0.7238132 0.7199159 0.7173592 0.7159716 0.7157286 0.7164996 0.7178275 0.7183494 0.7125419 0.7125419 0.6224076 0.5650159 0.4952043 0.4738781 0.4738781 0.4509128 0.4509128 0.4543707 0.4543707 0.4661710 0.5052351 0.5052351 0.5613852 0.5613852 0.6425096 0.6425096 0.6425096 0.6547806 0.6547806 0.6488157 0.6488157 0.6358028 0.6358028 0.6210999 0.6210999 0.6071240 0.6071240 0.6071240
0.8270970 0.8270970 0.8259295 0.8165636 0.8106869 0.8106869 0.8068089 0.8012031 0.8012031 0.7968952 0.7968952 0.7933233 0.7917324 0.7902436 0.7887412 0.7887412 0.7633188 0.7504233 0.7382329 0.7272609 0.7178349 0.7100134 0.7037833 0.6991855 0.6960956 0.6944227 0.6940314 0.6945722 0.6950315 0.6914224 0.6914224 0.6349316 0.5845888 0.5127642 0.4896084 0.4896084 0.4685045 0.4685045 0.4801458 0.4801458 0.4945915 0.5279453 0.5279453 0.5636066 0.5636066 0.6280501 0.6280501 0.6280501 0.6450509 0.6450509 0.6434618 0.6434618 0.6328607 0.6328607 0.6193972 0.6193972 0.6061963 0.6061963 0.6061963
0.8273784 0.8273784 0.8244439 0.8164998 0.8109294 0.8109294 0.8069782 0.8012356 0.8012356 0.7968968 0.7968968 0.7933213 0.7917300 0.7902406 0.7887093 0.7887093 0.7638094 0.7481477 0.7328219 0.7187173 0.7063093 0.6957842 0.6871862 0.6805351 0.6757392 0.6726809 0.6712041 0.6710072 0.6713138 0.6692730 0.6692730 0.6339203 0.5932194 0.5275372 0.5070432 0.5070432 0.4968114 0.4968114 0.5184773 0.5184773 0.5324700 0.5535618 0.5535618 0.5691498 0.5691498 0.6120091 0.6120091 0.6120091 0.6310714 0.6310714 0.6344447 0.6344447 0.6275416 0.6275416 0.6163194 0.6163194 0.6045828 0.6045828 0.6045828
0.8273326 0.8273326 0.8236116 0.8164621 0.8111004 0.8111004 0.8071087 0.8012620 0.8012620 0.7968973 0.7968973 0.7933193 0.7917275 0.7902378 0.7886642 0.7886642 0.7625980 0.7443572 0.7261482 0.7091457 0.6939433 0.6808204 0.6698821 0.6611608 0.6545984 0.6500853 0.6474671 0.6464790 0.6465200 0.6455756 0.6455756 0.6239403 0.5932313 0.5407386 0.5286699 0.5286699 0.5382817 0.5382817 0.5645698 0.5645698 0.5729666 0.5772929 0.5772929 0.5760736 0.5760736 0.5975778 0.5975778 0.5975778 0.6151107 0.6151107 0.6224272 0.6224272 0.6198459 0.6198459 0.6117807 0.6117807 0.6022687 0.6022687 0.6022687
0.8272958 0.8272958 0.8231416 0.8164357 0.8112002 0.8112002 0.8071904 0.8012795 0.8012795 0.7968977 0.7968977 0.7933177 0.7917255 0.7902358 0.7886024 0.7886024 0.7594000 0.7385461 0.7176322 0.6979775 0.6802319 0.6647189 0.6515811 0.6408677 0.6325498 0.6265414 0.6227077 0.6208267 0.6204423 0.6201871 0.6201871 0.6077285 0.5869139 0.5568904 0.5605183 0.5605183 0.5917386 0.5917386 0.6097161 0.6097161 0.6087985 0.5969166 0.5969166 0.5834739 0.5834739 0.5866163 0.5866163 0.5866163 0.5995098 0.5995098 0.6086009 0.6086009 0.6100544 0.6100544 0.6057456 0.6057456 0.5991925 0.5991925 0.5991925
0.8272820 0.8272820 0.8229902 0.8164263 0.8112330 0.8112330 0.8072183 0.8012856 0.8012856 0.7968978 0.7968978 0.7933169 0.7917248 0.7902349 0.7885180 0.7885180 0.7538390 0.7301557 0.7066266 0.6845530 0.6645572 0.6469470 0.6318632 0.6193542 0.6094061 0.6019552 0.5968934 0.5940474 0.5930951 0.5932400 0.5932400 0.5873595 0.5772473 0.5844424 0.6092088 0.6092088 0.6486475 0.6486475 0.6462796 0.6462796 0.6362883 0.6124991 0.6124991 0.5909669 0.5909669 0.5795376 0.5795376 0.5795376 0.5859786 0.5859786 0.5943806 0.5943806 0.5987727 0.5987727 0.5983465 0.5983465 0.5953414 0.5953414 0.5953414
0.8272955 0.8272955 0.8231419 0.8164358 0.8112001 0.8112001 0.8071905 0.8012795 0.8012795 0.7968977 0.7968977 0.7933176 0.7917255 0.7902358 0.7884022 0.7884022 0.7453588 0.7184878 0.6923629 0.6680965 0.6461835 0.6268471 0.6101757 0.5961875 0.5848596 0.5761386 0.5699403 0.5661397 0.5645617 0.5651054 0.5651054 0.5652452 0.5698197 0.6330390 0.6738120 0.6738120 0.6963332 0.6963332 0.6720347 0.6720347 0.6560323 0.6250744 0.6250744 0.5983369 0.5983369 0.5758337 0.5758337 0.5758337 0.5753663 0.5753663 0.5810737 0.5810737 0.5868652 0.5868652 0.5899445 0.5899445 0.5908162 0.5908162 0.5908162
0.8273318 0.8273318 0.8236121 0.8164621 0.8111004 0.8111004 0.8071088 0.8012621 0.8012621 0.7968974 0.7968974 0.7933192 0.7917276 0.7902377 0.7882427 0.7882427 0.7330923 0.7025821 0.6738584 0.6476557 0.6242232 0.6036204 0.5858278 0.5707964 0.5584677 0.5487793 0.5416599 0.5370317 0.5349494 0.5366724 0.5366724 0.5460538 0.5763204 0.7029568 0.7393293 0.7393293 0.7277322 0.7277322 0.6893794 0.6893794 0.6703478 0.6354588 0.6354588 0.6052796 0.6052796 0.5745850 0.5745850 0.5745850 0.5677516 0.5677516 0.5696220 0.5696220 0.5753161 0.5753161 0.5811224 0.5811224 0.5858612 0.5858612 0.5858612
0.8273773 0.8273773 0.8244444 0.8164998 0.8109292 0.8109292 0.8069781 0.8012356 0.8012356 0.7968966 0.7968966 0.7933214 0.7917300 0.7902406 0.7880231 0.7880231 0.7156334 0.6810206 0.6497688 0.6219980 0.5975687 0.5762867 0.5579678 0.5424588 0.5296396 0.5194195 0.5117266 0.5065449 0.5045018 0.5107114 0.5107114 0.5413743 0.6152547 0.7750306 0.7853154 0.7853154 0.7455412 0.7455412 0.7014018 0.7014018 0.6810812 0.6440093 0.6440093 0.6114646 0.6114646 0.5748649 0.5748649 0.5748649 0.5627418 0.5627418 0.5605186 0.5605186 0.5650249 0.5650249 0.5726243 0.5726243 0.5808820 0.5808820 0.5808820
