simulation_files/asc/Depth____137.0.asc
NCOLS       411
NROWS       131
XLLCENTER    2538020.000000
YLLCENTER    1152390.000000
CELLSIZE           1.000
NODATA_VALUE     -9999.0
[rows 0 to 26 of 131, columns 236 to 294 of 411]
-9999.000 -9999.000 -9999.000 -9999.000 -9999.000 -9999.000 -9999.000 -9999.000 -9999.000 -9999.000 -9999.000 -9999.000 -9999.000 -9999.000 -9999.000 -9999.000 -9999.000 -9999.000 -9999.000 -9999.000 -9999.000 -9999.000 -9999.000 -9999.000 -9999.000 -9999.000 -9999.000 -9999.000 -9999.000 -9999.000 -9999.000 -9999.000 -9999.000 -9999.000 -9999.000 -9999.000 -9999.000 -9999.000 -9999.000 -9999.000 -9999.000 -9999.000 -9999.000 -9999.000 -9999.000 -9999.000 -9999.000 -9999.000 -9999.000 -9999.000 -9999.000 -9999.000 -9999.000 -9999.000 -9999.000 -9999.000 -9999.000 -9999.000 -9999.000
0.7371680E-01 0.4709659E-01 -9999.000 -9999.000 -9999.000 -9999.000 -9999.000 -9999.000 -9999.000 -9999.000 -9999.000 -9999.000 -9999.000 -9999.000 -9999.000 -9999.000 -9999.000 -9999.000 -9999.000 -9999.000 -9999.000 -9999.000 -9999.000 -9999.000 -9999.000 -9999.000 -9999.000 -9999.000 -9999.000 -9999.000 -9999.000 -9999.000 -9999.000 -9999.000 -9999.000 -9999.000 -9999.000 -9999.000 -9999.000 -9999.000 -9999.000 -9999.000 -9999.000 -9999.000 -9999.000 -9999.000 -9999.000 -9999.000 -9999.000 -9999.000 -9999.000 -9999.000 -9999.000 -9999.000 -9999.000 -9999.000 -9999.000 -9999.000 -9999.000
0.2041311 0.9942597E-01 -9999.000 -9999.000 -9999.000 -9999.000 -9999.000 -9999.000 -9999.000 -9999.000 -9999.000 -9999.000 -9999.000 -9999.000 -9999.000 -9999.000 -9999.000 -9999.000 -9999.000 0.6132381E-01 0.7992944E-01 0.1005764 0.9671070E-01 0.8156457E-01 -9999.000 -9999.000 -9999.000 -9999.000 -9999.000 -9999.000 -9999.000 -9999.000 -9999.000 -9999.000 -9999.000 -9999.000 -9999.000 -9999.000 -9999.000 -9999.000 -9999.000 -9999.000 -9999.000 -9999.000 -9999.000 -9999.000 -9999.000 -9999.000 -9999.000 -9999.000 -9999.000 -9999.000 -9999.000 -9999.000 -9999.000 -9999.000 -9999.000 -9999.000 -9999.000
0.4343291 0.3099435 0.2130364 0.1358433 0.1150146 -9999.000 -9999.000 -9999.000 -9999.000 -9999.000 -9999.000 -9999.000 -9999.000 -9999.000 -9999.000 -9999.000 -9999.000 0.5151642E-01 0.1232123 0.1775527 0.2055052 0.2377967 0.2440316 0.2255686 0.2055580 0.1354369 -9999.000 -9999.000 -9999.000 -9999.000 -9999.000 -9999.000 -9999.000 -9999.000 -9999.000 -9999.000 -9999.000 -9999.000 -9999.000 -9999.000 -9999.000 -9999.000 -9999.000 -9999.000 -9999.000 -9999.000 -9999.000 -9999.000 -9999.000 -9999.000 -9999.000 -9999.000 -9999.000 -9999.000 -9999.000 -9999.000 -9999.000 -9999.000 -9999.000
0.7450803 0.6405871 0.5246803 0.4604376 0.3819527 0.2593627 0.1708022 0.1095269 -9999.000 -9999.000 0.1001195E-01 0.5625497E-01 0.8050525E-01 0.1495973 0.2056163 0.1969342 0.1706249 0.1745455 0.2648139 0.3640994 0.4238477 0.4613176 0.4551728 0.4357743 0.3938114 0.2830243 0.1698144 -9999.000 -9999.000 -9999.000 -9999.000 -9999.000 -9999.000 -9999.000 -9999.000 -9999.000 -9999.000 -9999.000 -9999.000 -9999.000 -9999.000 -9999.000 -9999.000 -9999.000 -9999.000 -9999.000 -9999.000 -9999.000 -9999.000 -9999.000 -9999.000 -9999.000 -9999.000 -9999.000 -9999.000 -9999.000 -9999.000 -9999.000 -9999.000
1.084515 0.9829973 0.8876116 0.8072583 0.6859389 0.5502003 0.4481322 0.3441141 0.2265387 0.1700030 0.2052616 0.2582007 0.3104677 0.3958029 0.4364108 0.4111613 0.3653472 0.3802501 0.4661250 0.5613830 0.6414368 0.6655895 0.6605969 0.6411498 0.5995791 0.4814056 0.3398632 0.2399000 0.1688225 -9999.000 -9999.000 0.1878890 0.2098566 0.1926229 0.1264634 0.9318886E-01 0.3545738E-01 -9999.000 -9999.000 -9999.000 -9999.000 -9999.000 -9999.000 -9999.000 -9999.000 -9999.000 -9999.000 -9999.000 -9999.000 -9999.000 -9999.000 -9999.000 -9999.000 -9999.000 -9999.000 -9999.000 -9999.000 -9999.000 -9999.000
1.424393 1.316933 1.210531 1.131173 1.002366 0.8692167 0.7758248 0.6679732 0.5452873 0.4438691 0.5393564 0.6454138 0.7027022 0.7794117 0.7890864 0.7379151 0.6702599 0.6493651 0.6839792 0.7582843 0.8328826 0.8623794 0.8609725 0.8500615 0.7974299 0.6793385 0.5495650 0.4660354 0.4281667 0.4022653 0.4113004 0.4387780 0.4380400 0.3958820 0.3257126 0.2277733 0.1465620 0.1165420 0.1181491 0.1100013 0.7798644E-01 -9999.000 -9999.000 -9999.000 -9999.000 -9999.000 -9999.000 -9999.000 -9999.000 -9999.000 -9999.000 -9999.000 -9999.000 -9999.000 -9999.000 -9999.000 -9999.000 -9999.000 -9999.000
1.744276 1.634362 1.535610 1.433613 1.310198 1.187782 1.079223 0.9690981 0.8729073 0.8014979 0.8793463 1.005138 1.049236 1.100205 1.089797 1.019958 0.9517486 0.8951984 0.8980968 0.9504105 1.026335 1.051302 1.052623 1.059210 0.9917466 0.8784389 0.7655505 0.7301236 0.7027174 0.6797757 0.6641261 0.6881877 0.6648145 0.6005366 0.5173883 0.4059929 0.3080243 0.2528233 0.2523795 0.2397692 0.2046188 0.1686961 0.1261544 0.8386047E-01 -9999.000 -9999.000 -9999.000 -9999.000 -9999.000 -9999.000 -9999.000 -9999.000 -9999.000 -9999.000 -9999.000 -9999.000 -9999.000 -9999.000 -9999.000
1.986789 1.878645 1.781927 1.666536 1.546845 1.427514 1.316078 1.187664 1.092619 1.020655 1.084872 1.198467 1.244802 1.282638 1.266167 1.205428 1.139649 1.088709 1.083138 1.126119 1.177329 1.199395 1.200800 1.187091 1.139971 1.059025 0.9980627 0.9691062 0.9514350 0.9317255 0.9290382 0.9132782 0.8646924 0.7854355 0.6930535 0.5820038 0.4860909 0.4421751 0.4204869 0.4008720 0.3603159 0.3165000 0.2696344 0.2105517 0.1462751 0.7016773E-01 0.4788415E-01 0.3409381E-01 0.2540949E-01 0.1739178E-01 -9999.000 -9999.000 -9999.000 -9999.000 -9999.000 -9999.000 -9999.000 -9999.000 -9999.000
2.084858 1.992600 1.894765 1.785838 1.671131 1.557260 1.433837 1.303628 1.192348 1.130783 1.143469 1.215317 1.294733 1.350304 1.338964 1.292255 1.245858 1.206807 1.199696 1.236147 1.272471 1.290430 1.288180 1.279926 1.247238 1.197286 1.161868 1.144775 1.133332 1.119788 1.117025 1.088956 1.035145 0.9549946 0.8732771 0.7695467 0.6822313 0.6377707 0.5981735 0.5667224 0.5350877 0.4990625 0.4355206 0.3617075 0.2581007 0.1773381 0.1240955 0.9899928E-01 0.7901540E-01 0.5618244E-01 0.3929456E-01 -9999.000 -9999.000 -9999.000 -9999.000 -9999.000 -9999.000 -9999.000 -9999.000
2.069130 1.980011 1.887398 1.785417 1.678237 1.570701 1.465571 1.354689 1.252989 1.186215 1.164013 1.196828 1.272650 1.358244 1.387576 1.371356 1.341987 1.303956 1.287495 1.302383 1.326455 1.341857 1.344475 1.334144 1.315624 1.291825 1.267183 1.252291 1.238030 1.229043 1.217276 1.189553 1.142316 1.083332 1.009521 0.9265655 0.8520247 0.8160242 0.7741531 0.7292986 0.6823588 0.5983435 0.4874801 0.3881542 0.3103863 0.2575429 0.2207821 0.1961453 0.1740876 0.1473727 0.1196152 0.1086838 0.8354415E-01 0.6765603E-01 -9999.000 -9999.000 -9999.000 -9999.000 -9999.000
1.929672 1.827514 1.734851 1.652979 1.564162 1.493695 1.426242 1.352337 1.283011 1.234920 1.217713 1.244083 1.330375 1.421565 1.473064 1.484865 1.451725 1.410795 1.380224 1.378137 1.386497 1.386420 1.370700 1.362242 1.350511 1.336134 1.326153 1.312055 1.296503 1.280956 1.265193 1.237073 1.195610 1.145222 1.085494 1.032981 0.9922750 0.9435998 0.8664130 0.7676906 0.6448464 0.5404156 0.4555526 0.4018252 0.3741719 0.3507332 0.3282524 0.3123429 0.3010410 0.2857199 0.2802209 0.2690306 0.2477422 0.2285214 0.2434460 0.2448393 0.2453565 0.2631115 0.2720575
1.684910 1.610371 1.573831 1.537290 1.501385 1.469621 1.433255 1.393870 1.364898 1.334221 1.326507 1.361896 1.442743 1.531897 1.598360 1.619042 1.584198 1.534893 1.476632 1.440341 1.452584 1.428388 1.388447 1.384890 1.379642 1.372216 1.362584 1.349162 1.328458 1.307966 1.287318 1.259849 1.216090 1.159725 1.107510 1.062997 0.9885124 0.8828807 0.7602903 0.6480615 0.5514016 0.5004900 0.4735287 0.4701719 0.4615046 0.4543543 0.4466551 0.4521224 0.4437571 0.4370758 0.4385429 0.4456911 0.4408326 0.4437210 0.4682193 0.4731474 0.4839271 0.5041024 0.5063461
1.560416 1.574214 1.585018 1.580562 1.578866 1.570130 1.547290 1.525261 1.500703 1.479171 1.478759 1.525931 1.582020 1.659306 1.714079 1.734307 1.710388 1.666048 1.595006 1.504737 1.497574 1.496718 1.444255 1.417677 1.415383 1.405246 1.396538 1.380735 1.353333 1.324120 1.293553 1.251229 1.188793 1.110430 1.034536 0.9342855 0.8156524 0.7171951 0.6430983 0.5953470 0.5717084 0.5589299 0.5514919 0.5571738 0.5574478 0.5580075 0.5675312 0.5735029 0.5753401 0.5777203 0.5934678 0.6011802 0.6043563 0.6215765 0.6330569 0.6392083 0.6453387 0.6645643 0.6725217
1.567304 1.598566 1.628974 1.642609 1.656266 1.665889 1.662489 1.648399 1.635882 1.623054 1.630376 1.656639 1.694395 1.746443 1.789368 1.819128 1.819865 1.776303 1.679048 1.561624 1.540470 1.537999 1.496782 1.466057 1.453404 1.446643 1.440139 1.415725 1.376737 1.330238 1.269845 1.189468 1.072276 0.9660518 0.8585676 0.7517395 0.6819463 0.6476594 0.6330532 0.6350457 0.6332764 0.6319855 0.6327174 0.6438863 0.6475565 0.6549384 0.6717091 0.6801502 0.6898163 0.7044623 0.7269449 0.7368459 0.7421753 0.7500442 0.7609308 0.7622634 0.7699559 0.7775861 0.7750444
1.529244 1.573065 1.621598 1.657106 1.687641 1.714943 1.729478 1.734603 1.726746 1.721079 1.727498 1.748174 1.774592 1.811450 1.859118 1.911788 1.960271 1.941339 1.736033 1.573774 1.537939 1.506890 1.478799 1.467900 1.464186 1.457983 1.443141 1.403177 1.331363 1.228259 1.119912 0.9937747 0.8801454 0.8055306 0.7534547 0.7192120 0.7063774 0.7010674 0.6982409 0.7049860 0.7084759 0.7121825 0.7247455 0.7340377 0.7418824 0.7512750 0.7716686 0.7867642 0.8008725 0.8265832 0.8422018 0.8540968 0.8610004 0.8734310 0.8698165 0.8642515 0.8625494 0.8536168 0.8332477
1.495033 1.545883 1.608301 1.669062 1.712512 1.751839 1.782568 1.795208 1.793616 1.790609 1.798394 1.813712 1.837954 1.879141 1.957303 2.070504 2.235596 2.283064 1.847497 1.516639 1.465431 1.426954 1.414707 1.418449 1.411662 1.396082 1.350950 1.271640 1.134106 1.006762 0.8958074 0.8089747 0.7532719 0.7330400 0.7276139 0.7343765 0.7415418 0.7479121 0.7551831 0.7675900 0.7759180 0.7870509 0.8025367 0.8142527 0.8270820 0.8430089 0.8618200 0.8754159 0.8888498 0.9070989 0.9180906 0.9265339 0.9334601 0.9376725 0.9325571 0.9221120 0.9081912 0.8891614 0.8631468
1.481517 1.541511 1.608602 1.680282 1.737996 1.782143 1.824227 1.851963 1.857828 1.857945 1.869409 1.880289 1.905385 1.956371 2.066164 2.209401 2.397409 2.652201 2.281418 1.517829 1.378110 1.343360 1.335448 1.329671 1.291385 1.217410 1.112351 0.9818567 0.8510514 0.7810249 0.7423717 0.7229647 0.7172934 0.7184622 0.7226123 0.7317545 0.7453925 0.7605341 0.7762807 0.7924167 0.8080870 0.8238064 0.8407573 0.8569925 0.8719790 0.8873688 0.9011564 0.9130500 0.9228709 0.9304972 0.9362765 0.9405842 0.9412800 0.9394020 0.9330999 0.9210812 0.9031058 0.8857142 0.8701430
1.525337 1.586886 1.657177 1.731495 1.796503 1.847381 1.894641 1.927561 1.936793 1.947854 1.963962 1.982170 2.020153 2.099348 2.216061 2.366870 2.541679 2.735924 2.621211 1.882597 1.324292 1.282601 1.248262 1.187133 1.057647 0.9206175 0.8059150 0.7055443 0.6767849 0.6718513 0.6783008 0.6850568 0.6964801 0.7053934 0.7126316 0.7215370 0.7381960 0.7580023 0.7772822 0.7965848 0.8146169 0.8307423 0.8445144 0.8582585 0.8706330 0.8799378 0.8898906 0.8990199 0.9042874 0.9051934 0.9063144 0.9051219 0.8982970 0.8902462 0.8836635 0.8732485 0.8632379 0.8574767 0.8526729
1.622871 1.678513 1.744698 1.818241 1.893302 1.961630 2.004321 2.044072 2.050817 2.058633 2.087513 2.110322 2.151013 2.236108 2.349216 2.489475 2.631422 2.787265 2.853285 2.304493 1.563823 1.242225 1.108380 0.9446639 0.7837720 0.6930296 0.6494384 0.6317768 0.6309341 0.6372764 0.6461362 0.6565353 0.6689892 0.6828802 0.6973037 0.7140680 0.7330187 0.7517818 0.7685888 0.7847241 0.7996434 0.8104084 0.8208998 0.8304193 0.8387091 0.8419614 0.8478059 0.8532008 0.8505090 0.8518559 0.8476473 0.8403527 0.8240555 0.8191435 0.8177536 0.8139006 0.8170542 0.8210815 0.8235222
1.729019 1.790617 1.858790 1.932009 2.020866 2.090432 2.133828 2.169094 2.183525 2.209749 2.231189 2.256526 2.291687 2.358740 2.476988 2.596126 2.711239 2.822977 2.901673 2.743277 1.798544 1.159395 0.9474873 0.7710252 0.6750025 0.6427844 0.6326950 0.6362430 0.6377161 0.6417259 0.6477992 0.6590830 0.6693046 0.6833655 0.7021154 0.7184510 0.7339774 0.7480292 0.7600658 0.7707428 0.7799188 0.7867967 0.7936448 0.7988028 0.8007626 0.7994537 0.7993853 0.7986141 0.7938396 0.7885771 0.7857532 0.7811928 0.7770578 0.7747470 0.7751822 0.7775726 0.7833362 0.7923295 0.7991378
1.811696 1.877188 1.945152 2.025022 2.121183 2.203916 2.246397 2.278785 2.307383 2.334487 2.357083 2.380587 2.399811 2.453918 2.555927 2.662853 2.768420 2.871477 2.972831 2.866397 1.986656 1.130344 0.9316852 0.8491928 0.7860696 0.7256964 0.6995862 0.6854447 0.6778777 0.6781146 0.6862843 0.6946315 0.7031735 0.7148193 0.7285281 0.7375630 0.7451826 0.7537611 0.7607024 0.7665320 0.7712062 0.7739453 0.7755208 0.7755474 0.7716554 0.7698761 0.7670000 0.7643050 0.7630297 0.7630488 0.7646581 0.7676809 0.7680159 0.7679441 0.7691524 0.7731536 0.7783707 0.7875412 0.7962389
1.825939 1.913610 1.988271 2.080174 2.188757 2.262000 2.321079 2.361198 2.392891 2.412606 2.441422 2.462715 2.482219 2.523653 2.592693 2.699569 2.797277 2.898736 3.038490 2.595151 1.661401 1.250374 1.064439 0.9930379 0.9402418 0.8753838 0.8318019 0.7863479 0.7529220 0.7392643 0.7395290 0.7398410 0.7438939 0.7501082 0.7567180 0.7596414 0.7620432 0.7638438 0.7646269 0.7653745 0.7654223 0.7640934 0.7624202 0.7603701 0.7598139 0.7610367 0.7628425 0.7654270 0.7686208 0.7715215 0.7746432 0.7790083 0.7821153 0.7849015 0.7913137 0.7965676 0.8018678 0.8078786 0.8152893
1.778812 1.895601 1.989741 2.087124 2.185614 2.275545 2.341016 2.388480 2.418878 2.448976 2.480076 2.503304 2.519926 2.550924 2.606703 2.693690 2.782071 2.870431 2.992490 2.371986 1.617908 1.462377 1.272989 1.134342 1.057370 1.019399 0.9799709 0.9273702 0.8706898 0.8304776 0.7986647 0.7751596 0.7683155 0.7672067 0.7664230 0.7661534 0.7648394 0.7617900 0.7579527 0.7546514 0.7492312 0.7473520 0.7465562 0.7480568 0.7492995 0.7540105 0.7599861 0.7652612 0.7720230 0.7782172 0.7841862 0.7908400 0.7972435 0.8041737 0.8129137 0.8209366 0.8261185 0.8300473 0.8336859
1.657763 1.810333 1.937719 2.049397 2.159505 2.264074 2.351010 2.395593 2.432846 2.465992 2.492570 2.510977 2.522810 2.540395 2.580160 2.642999 2.718154 2.797859 2.620542 2.026062 1.640136 1.628110 1.514422 1.318147 1.175908 1.099527 1.065472 1.031564 0.9787900 0.9343225 0.8770845 0.8245565 0.7772538 0.7499771 0.7393419 0.7361902 0.7346897 0.7288374 0.7275845 0.7250091 0.7191186 0.7200069 0.7222781 0.7241793 0.7256483 0.7315989 0.7394137 0.7444471 0.7536661 0.7632048 0.7712530 0.7803295 0.7907686 0.8017946 0.8114311 0.8200836 0.8262008 0.8294060 0.8319063
1.503039 1.678424 1.862959 2.005702 2.135731 2.275893 2.374774 2.426958 2.473852 2.498251 2.512042 2.518590 2.514660 2.524327 2.550587 2.595261 2.644004 2.674183 2.473291 1.796147 1.597782 1.606783 1.587491 1.479679 1.267693 1.130246 1.087118 1.061667 1.039694 0.9994520 0.9557408 0.8947751 0.8235316 0.7547155 0.7035592 0.6785588 0.6627188 0.6576422 0.6585831 0.6625544 0.6587454 0.6650608 0.6723238 0.6714052 0.6776863 0.6852662 0.6938500 0.6961942 0.7059232 0.7164164 0.7255545 0.7333611 0.7450000 0.7548502 0.7600647 0.7706528 0.7802614 0.7855546 0.7847273
1.330528 1.530075 1.745159 1.934065 2.113226 2.290632 2.414511 2.487992 2.518617 2.536557 2.544893 2.539900 2.533904 2.531412 2.546975 2.574644 2.595831 2.566935 2.267052 1.714639 1.566503 1.566388 1.566115 1.535325 1.429087 1.238628 1.093422 1.051751 1.032988 1.014292 0.9901573 0.9526932 0.8980060 0.8394051 0.7562857 0.6776720 0.6246167 0.5930994 0.5835544 0.5812781 0.5835516 0.5920834 0.6012941 0.6010222 0.6071421 0.6138957 0.6150588 0.6203550 0.6294877 0.6396925 0.6435252 0.6521649 0.6623739 0.6622579 0.6669398 0.6767384 0.6879485 0.6884789 0.6974911
