simulation_files/asc/Depth____53.0.asc
NCOLS        79
NROWS        79
XLLCENTER         -1.500000
YLLCENTER         -4.800000
CELLSIZE           0.100
NODATA_VALUE     -9999.0
[rows 0 to 24 of 79, columns 0 to 57 of 79]
-9999.000 -9999.000 -9999.000 -9999.000 -9999.000 -9999.000 -9999.000 -9999.000 -9999.000 -9999.000 -9999.000 -9999.000 -9999.000 -9999.000 -9999.000 0.2530018 0.2531193 0.2530282 0.2528735 0.2526711 0.2524276 0.2521490 0.2518412 0.2515118 0.2511691 0.2508239 0.2504887 0.2501791 0.2499285 0.2502258 0.2502258 -9999.000 -9999.000 -9999.000 -9999.000 -9999.000 -9999.000 -9999.000 -9999.000 -9999.000 -9999.000 -9999.000 -9999.000 -9999.000 -9999.000 -9999.000 -9999.000 -9999.000 -9999.000 -9999.000 -9999.000 -9999.000 -9999.000 -9999.000 -9999.000 -9999.000 -9999.000 -9999.000
-9999.000 -9999.000 -9999.000 -9999.000 -9999.000 -9999.000 -9999.000 -9999.000 -9999.000 -9999.000 -9999.000 -9999.000 -9999.000 -9999.000 -9999.000 0.2549213 0.2550672 0.2549767 0.2548299 0.2546407 0.2544146 0.2541570 0.2538740 0.2535727 0.2532615 0.2529497 0.2526471 0.2523638 0.2521221 0.2523955 0.2523955 -9999.000 -9999.000 -9999.000 -9999.000 -9999.000 -9999.000 -9999.000 -9999.000 -9999.000 -9999.000 -9999.000 -9999.000 -9999.000 -9999.000 -9999.000 -9999.000 -9999.000 -9999.000 -9999.000 -9999.000 -9999.000 -9999.000 -9999.000 -9999.000 -9999.000 -9999.000 -9999.000
-9999.000 -9999.000 -9999.000 -9999.000 -9999.000 -9999.000 -9999.000 -9999.000 -9999.000 -9999.000 -9999.000 -9999.000 -9999.000 -9999.000 -9999.000 0.2569723 0.2571666 0.2570758 0.2569281 0.2567390 0.2565142 0.2562585 0.2559775 0.2556772 0.2553650 0.2550486 0.2547365 0.2544373 0.2541753 0.2544891 0.2544891 -9999.000 -9999.000 -9999.000 -9999.000 -9999.000 -9999.000 -9999.000 -9999.000 -9999.000 -9999.000 -9999.000 -9999.000 -9999.000 -9999.000 -9999.000 -9999.000 -9999.000 -9999.000 -9999.000 -9999.000 -9999.000 -9999.000 -9999.000 -9999.000 -9999.000 -9999.000 -9999.000
-9999.000 -9999.000 -9999.000 -9999.000 -9999.000 -9999.000 -9999.000 -9999.000 -9999.000 -9999.000 -9999.000 -9999.000 -9999.000 -9999.000 -9999.000 0.2590615 0.2592971 0.2592036 0.2590518 0.2588584 0.2586289 0.2583677 0.2580796 0.2577703 0.2574460 0.2571137 0.2567810 0.2564557 0.2561635 0.2565078 0.2565078 -9999.000 -9999.000 -9999.000 -9999.000 -9999.000 -9999.000 -9999.000 -9999.000 -9999.000 -9999.000 -9999.000 -9999.000 -9999.000 -9999.000 -9999.000 -9999.000 -9999.000 -9999.000 -9999.000 -9999.000 -9999.000 -9999.000 -9999.000 -9999.000 -9999.000 -9999.000 -9999.000
-9999.000 -9999.000 -9999.000 -9999.000 -9999.000 -9999.000 -9999.000 -9999.000 -9999.000 -9999.000 -9999.000 -9999.000 -9999.000 -9999.000 -9999.000 0.2611806 0.2614501 0.2613512 0.2611924 0.2609906 0.2607514 0.2604786 0.2601764 0.2598498 0.2595043 0.2591465 0.2587829 0.2584211 0.2580878 0.2584545 0.2584545 -9999.000 -9999.000 -9999.000 -9999.000 -9999.000 -9999.000 -9999.000 -9999.000 -9999.000 -9999.000 -9999.000 -9999.000 -9999.000 -9999.000 -9999.000 -9999.000 -9999.000 -9999.000 -9999.000 -9999.000 -9999.000 -9999.000 -9999.000 -9999.000 -9999.000 -9999.000 -9999.000
-9999.000 -9999.000 -9999.000 -9999.000 -9999.000 -9999.000 -9999.000 -9999.000 -9999.000 -9999.000 -9999.000 -9999.000 -9999.000 -9999.000 -9999.000 0.2633222 0.2636180 0.2635109 0.2633424 0.2631292 0.2628762 0.2625866 0.2622642 0.2619131 0.2615383 0.2611456 0.2607408 0.2603309 0.2599433 0.2603251 0.2603251 -9999.000 -9999.000 -9999.000 -9999.000 -9999.000 -9999.000 -9999.000 -9999.000 -9999.000 -9999.000 -9999.000 -9999.000 -9999.000 -9999.000 -9999.000 -9999.000 -9999.000 -9999.000 -9999.000 -9999.000 -9999.000 -9999.000 -9999.000 -9999.000 -9999.000 -9999.000 -9999.000
-9999.000 -9999.000 -9999.000 -9999.000 -9999.000 -9999.000 -9999.000 -9999.000 -9999.000 -9999.000 -9999.000 -9999.000 -9999.000 -9999.000 -9999.000 0.2654794 0.2657934 0.2656756 0.2654952 0.2652679 0.2649978 0.2646872 0.2643390 0.2639567 0.2635445 0.2631072 0.2626497 0.2621781 0.2617195 0.2621075 0.2621075 -9999.000 -9999.000 -9999.000 -9999.000 -9999.000 -9999.000 -9999.000 -9999.000 -9999.000 -9999.000 -9999.000 -9999.000 -9999.000 -9999.000 -9999.000 -9999.000 -9999.000 -9999.000 -9999.000 -9999.000 -9999.000 -9999.000 -9999.000 -9999.000 -9999.000 -9999.000 -9999.000
-9999.000 -9999.000 -9999.000 -9999.000 -9999.000 -9999.000 -9999.000 -9999.000 -9999.000 -9999.000 -9999.000 -9999.000 -9999.000 -9999.000 -9999.000 0.2676454 0.2679693 0.2678379 0.2676441 0.2674008 0.2671107 0.2667752 0.2663961 0.2659759 0.2655176 0.2650247 0.2645008 0.2639500 0.2633984 0.2637799 0.2637799 -9999.000 -9999.000 -9999.000 -9999.000 -9999.000 -9999.000 -9999.000 -9999.000 -9999.000 -9999.000 -9999.000 -9999.000 -9999.000 -9999.000 -9999.000 -9999.000 -9999.000 -9999.000 -9999.000 -9999.000 -9999.000 -9999.000 -9999.000 -9999.000 -9999.000 -9999.000 -9999.000
-9999.000 -9999.000 -9999.000 -9999.000 -9999.000 -9999.000 -9999.000 -9999.000 -9999.000 -9999.000 -9999.000 -9999.000 -9999.000 -9999.000 -9999.000 0.2698128 0.2701380 0.2699901 0.2697816 0.2695208 0.2692084 0.2688445 0.2684293 0.2679638 0.2674495 0.2668878 0.2662801 0.2656274 0.2649519 0.2653060 0.2653060 -9999.000 -9999.000 -9999.000 -9999.000 -9999.000 -9999.000 -9999.000 -9999.000 -9999.000 -9999.000 -9999.000 -9999.000 -9999.000 -9999.000 -9999.000 -9999.000 -9999.000 -9999.000 -9999.000 -9999.000 -9999.000 -9999.000 -9999.000 -9999.000 -9999.000 -9999.000 -9999.000
-9999.000 -9999.000 -9999.000 -9999.000 -9999.000 -9999.000 -9999.000 -9999.000 -9999.000 -9999.000 -9999.000 -9999.000 -9999.000 -9999.000 -9999.000 0.2719731 0.2722911 0.2721236 0.2718991 0.2716195 0.2712828 0.2708869 0.2704300 0.2699110 0.2693287 0.2686818 0.2679673 0.2671810 0.2663368 0.2666260 0.2666260 -9999.000 -9999.000 -9999.000 -9999.000 -9999.000 -9999.000 -9999.000 -9999.000 -9999.000 -9999.000 -9999.000 -9999.000 -9999.000 -9999.000 -9999.000 -9999.000 -9999.000 -9999.000 -9999.000 -9999.000 -9999.000 -9999.000 -9999.000 -9999.000 -9999.000 -9999.000 -9999.000
-9999.000 -9999.000 -9999.000 -9999.000 -9999.000 -9999.000 -9999.000 -9999.000 -9999.000 -9999.000 -9999.000 -9999.000 -9999.000 -9999.000 -9999.000 0.2741163 0.2744195 0.2742290 0.2739870 0.2736869 0.2733235 0.2728916 0.2723865 0.2718039 0.2711388 0.2703847 0.2695321 0.2685668 0.2674861 0.2676390 0.2676390 -9999.000 -9999.000 -9999.000 -9999.000 -9999.000 -9999.000 -9999.000 -9999.000 -9999.000 -9999.000 -9999.000 -9999.000 -9999.000 -9999.000 -9999.000 -9999.000 -9999.000 -9999.000 -9999.000 -9999.000 -9999.000 -9999.000 -9999.000 -9999.000 -9999.000 -9999.000 -9999.000
-9999.000 -9999.000 -9999.000 -9999.000 -9999.000 -9999.000 -9999.000 -9999.000 -9999.000 -9999.000 -9999.000 -9999.000 -9999.000 -9999.000 -9999.000 0.2762304 0.2765129 0.2762958 0.2760341 0.2757110 0.2753173 0.2748441 0.2742825 0.2736234 0.2728557 0.2719646 0.2709288 0.2697164 0.2682911 0.2681625 0.2681625 -9999.000 -9999.000 -9999.000 -9999.000 -9999.000 -9999.000 -9999.000 -9999.000 -9999.000 -9999.000 -9999.000 -9999.000 -9999.000 -9999.000 -9999.000 -9999.000 -9999.000 -9999.000 -9999.000 -9999.000 -9999.000 -9999.000 -9999.000 -9999.000 -9999.000 -9999.000 -9999.000
-9999.000 -9999.000 -9999.000 -9999.000 -9999.000 -9999.000 -9999.000 -9999.000 -9999.000 -9999.000 -9999.000 -9999.000 -9999.000 -9999.000 -9999.000 0.2782990 0.2785592 0.2783119 0.2780271 0.2776771 0.2772476 0.2767251 0.2760952 0.2753415 0.2744432 0.2733719 0.2720855 0.2705179 0.2685651 0.2678338 0.2678338 -9999.000 -9999.000 -9999.000 -9999.000 -9999.000 -9999.000 -9999.000 -9999.000 -9999.000 -9999.000 -9999.000 -9999.000 -9999.000 -9999.000 -9999.000 -9999.000 -9999.000 -9999.000 -9999.000 -9999.000 -9999.000 -9999.000 -9999.000 -9999.000 -9999.000 -9999.000 -9999.000
-9999.000 -9999.000 -9999.000 -9999.000 -9999.000 -9999.000 -9999.000 -9999.000 -9999.000 -9999.000 -9999.000 -9999.000 -9999.000 -9999.000 -9999.000 0.2802876 0.2805355 0.2802578 0.2799479 0.2795663 0.2790935 0.2785100 0.2777938 0.2769178 0.2758462 0.2745270 0.2728805 0.2707728 0.2679555 0.2658211 0.2658211 -9999.000 -9999.000 -9999.000 -9999.000 -9999.000 -9999.000 -9999.000 -9999.000 -9999.000 -9999.000 -9999.000 -9999.000 -9999.000 -9999.000 -9999.000 -9999.000 -9999.000 -9999.000 -9999.000 -9999.000 -9999.000 -9999.000 -9999.000 -9999.000 -9999.000 -9999.000 -9999.000
-9999.000 -9999.000 -9999.000 -9999.000 -9999.000 -9999.000 -9999.000 -9999.000 -9999.000 -9999.000 -9999.000 -9999.000 -9999.000 -9999.000 -9999.000 0.2813010 0.2821329 0.2820166 0.2817984 0.2814524 0.2809661 0.2803214 0.2794923 0.2784418 0.2771146 0.2754234 0.2732208 0.2702313 0.2658453 0.2595320 0.2595320 -9999.000 -9999.000 -9999.000 -9999.000 -9999.000 -9999.000 -9999.000 -9999.000 -9999.000 -9999.000 -9999.000 -9999.000 -9999.000 -9999.000 -9999.000 -9999.000 -9999.000 -9999.000 -9999.000 -9999.000 -9999.000 -9999.000 -9999.000 -9999.000 -9999.000 -9999.000 -9999.000
0.2344945 0.2344945 0.2249943 0.2187257 0.2167569 0.2167569 0.2196638 0.2498788 0.2498788 0.2572852 0.2572852 0.2650343 0.2696134 0.2750493 0.2817523 0.2817523 0.2896017 0.2898486 0.2898569 0.2895061 0.2887171 0.2874406 0.2856543 0.2833411 0.2804420 0.2767754 0.2718810 0.2646228 0.2518420 0.2184216 0.2184216 0.1010384 0.7654972E-01 0.7063267E-01 0.7456630E-01 0.7456630E-01 0.8916641E-01 0.8916641E-01 0.1116622 0.1116622 0.1381174 0.1772633 0.1772633 0.1806494 0.1806494 0.1805263 0.1805263 0.1805263 0.1756897 0.1756897 0.1715453 0.1715453 0.1681683 0.1681683 0.1627965 0.1627965 0.1593302 0.1593302
0.2335436 0.2335436 0.2244064 0.2183183 0.2163737 0.2163737 0.2188736 0.2497250 0.2497250 0.2568862 0.2568862 0.2644766 0.2688290 0.2736730 0.2789122 0.2789122 0.2835601 0.2839383 0.2842666 0.2844731 0.2844497 0.2840617 0.2831545 0.2815536 0.2790532 0.2753797 0.2700948 0.2623434 0.2501103 0.2263032 0.2263032 0.1443524 0.1171066 0.9694397E-01 0.9347176E-01 0.9347176E-01 0.9574728E-01 0.9574728E-01 0.1103403 0.1103403 0.1275816 0.1764072 0.1764072 0.1810808 0.1810808 0.1805055 0.1805055 0.1805055 0.1753608 0.1753608 0.1712265 0.1712265 0.1684895 0.1684895 0.1625601 0.1625601 0.1591211 0.1591211
0.2330108 0.2330108 0.2242405 0.2182713 0.2163486 0.2163486 0.2185195 0.2497715 0.2497715 0.2565730 0.2565730 0.2636294 0.2674885 0.2715853 0.2757818 0.2757818 0.2787954 0.2788177 0.2788202 0.2787941 0.2786618 0.2782985 0.2775435 0.2761995 0.2740222 0.2706923 0.2657500 0.2584285 0.2471460 0.2272404 0.2272404 0.1642269 0.1375978 0.1135400 0.1078236 0.1078236 0.1059951 0.1059951 0.1154623 0.1154623 0.1263902 0.1684178 0.1684178 0.1817957 0.1817957 0.1813074 0.1813074 0.1813074 0.1752977 0.1752977 0.1711147 0.1711147 0.1677992 0.1677992 0.1628203 0.1628203 0.1592204 0.1592204
0.2325826 0.2325826 0.2241115 0.2182302 0.2163311 0.2163311 0.2182095 0.2497167 0.2497167 0.2561767 0.2561767 0.2626446 0.2660168 0.2694527 0.2728239 0.2728239 0.2744057 0.2740265 0.2736607 0.2733135 0.2729188 0.2723615 0.2714875 0.2701045 0.2679757 0.2647984 0.2601558 0.2533882 0.2432004 0.2259607 0.2259607 0.1766973 0.1522619 0.1282584 0.1224000 0.1224000 0.1197844 0.1197844 0.1253636 0.1253636 0.1311553 0.1591946 0.1591946 0.1792274 0.1792274 0.1804148 0.1804148 0.1804148 0.1752326 0.1752326 0.1708767 0.1708767 0.1673210 0.1673210 0.1628184 0.1628184 0.1591775 0.1591775
0.2322569 0.2322569 0.2240094 0.2181938 0.2163154 0.2163154 0.2179472 0.2495829 0.2495829 0.2556926 0.2556926 0.2615357 0.2644213 0.2672296 0.2698519 0.2698519 0.2699440 0.2691070 0.2683708 0.2677206 0.2670776 0.2663215 0.2652992 0.2638270 0.2616849 0.2586036 0.2542313 0.2480347 0.2389663 0.2239704 0.2239704 0.1847596 0.1633499 0.1421390 0.1375309 0.1375309 0.1357033 0.1357033 0.1378067 0.1378067 0.1396987 0.1536189 0.1536189 0.1730591 0.1730591 0.1787134 0.1787134 0.1787134 0.1746302 0.1746302 0.1703275 0.1703275 0.1666329 0.1666329 0.1625163 0.1625163 0.1589932 0.1589932
0.2320290 0.2320290 0.2239344 0.2181655 0.2163028 0.2163028 0.2177357 0.2493992 0.2493992 0.2551517 0.2551517 0.2603586 0.2627609 0.2649526 0.2668322 0.2668322 0.2652066 0.2638219 0.2626882 0.2617514 0.2609008 0.2599951 0.2588714 0.2573484 0.2552234 0.2522651 0.2482030 0.2426552 0.2348097 0.2221244 0.2221244 0.1902206 0.1726862 0.1565930 0.1539003 0.1539003 0.1524047 0.1524047 0.1506021 0.1506021 0.1495329 0.1528982 0.1528982 0.1659898 0.1659898 0.1754015 0.1754015 0.1754015 0.1730770 0.1730770 0.1693036 0.1693036 0.1657017 0.1657017 0.1619575 0.1619575 0.1586963 0.1586963
0.2318943 0.2318943 0.2238883 0.2181476 0.2162941 0.2162941 0.2175740 0.2491839 0.2491839 0.2545835 0.2545835 0.2591642 0.2610931 0.2626706 0.2637731 0.2637731 0.2600433 0.2579996 0.2564219 0.2552013 0.2541803 0.2531836 0.2520267 0.2505214 0.2484763 0.2456991 0.2420246 0.2372820 0.2308763 0.2206175 0.2206175 0.1951347 0.1820791 0.1726686 0.1714476 0.1714476 0.1683332 0.1683332 0.1623486 0.1623486 0.1590667 0.1556491 0.1556491 0.1609165 0.1609165 0.1706880 0.1706880 0.1706880 0.1703497 0.1703497 0.1676074 0.1676074 0.1644375 0.1644375 0.1611662 0.1611662 0.1583057 0.1583057
0.2318498 0.2318498 0.2238728 0.2181414 0.2162901 0.2162901 0.2174591 0.2489499 0.2489499 0.2540134 0.2540134 0.2579966 0.2594699 0.2604374 0.2607069 0.2607069 0.2542889 0.2514616 0.2493843 0.2478763 0.2467192 0.2456929 0.2445785 0.2431708 0.2412810 0.2387527 0.2355746 0.2319366 0.2274390 0.2201913 0.2201913 0.2011163 0.1933487 0.1902562 0.1889239 0.1889239 0.1822039 0.1822039 0.1724725 0.1724725 0.1676085 0.1600397 0.1600397 0.1588661 0.1588661 0.1655519 0.1655519 0.1655519 0.1666058 0.1666058 0.1651347 0.1651347 0.1627416 0.1627416 0.1601315 0.1601315 0.1578253 0.1578253
0.2318945 0.2318945 0.2238883 0.2181475 0.2162910 0.2162910 0.2173881 0.2487082 0.2487082 0.2534623 0.2534623 0.2568921 0.2579369 0.2583084 0.2576891 0.2576891 0.2477322 0.2439922 0.2413583 0.2395587 0.2383017 0.2373140 0.2363281 0.2351090 0.2334593 0.2312495 0.2287227 0.2267884 0.2251101 0.2218485 0.2218485 0.2099372 0.2077698 0.2078068 0.2045337 0.2045337 0.1935177 0.1935177 0.1809290 0.1809290 0.1749641 0.1648196 0.1648196 0.1592277 0.1592277 0.1610687 0.1610687 0.1610687 0.1623733 0.1623733 0.1619849 0.1619849 0.1605804 0.1605804 0.1588362 0.1588362 0.1572581 0.1572581
0.2320293 0.2320293 0.2239343 0.2181652 0.2162966 0.2162966 0.2173564 0.2484646 0.2484646 0.2529462 0.2529462 0.2558806 0.2565334 0.2563385 0.2548017 0.2548017 0.2400900 0.2353177 0.2320778 0.2299862 0.2286652 0.2277948 0.2270428 0.2261232 0.2248159 0.2229953 0.2213715 0.2223778 0.2250703 0.2267288 0.2267288 0.2228139 0.2249855 0.2236552 0.2172973 0.2172973 0.2024379 0.2024379 0.1878411 0.1878411 0.1811045 0.1693066 0.1693066 0.1609105 0.1609105 0.1578317 0.1578317 0.1578317 0.1582965 0.1582965 0.1584657 0.1584657 0.1580385 0.1580385 0.1573051 0.1573051 0.1566151 0.1566151
