simulation_files/asc/Depth____000252.asc
NCOLS        79
NROWS        79
XLLCENTER         -1.500000
YLLCENTER         -4.800000
CELLSIZE           0.100
NODATA_VALUE     -9999.0
[rows 0 to 25 of 79, columns 0 to 58 of 79]
-9999.000 -9999.000 -9999.000 -9999.000 -9999.000 -9999.000 -9999.000 -9999.000 -9999.000 -9999.000 -9999.000 -9999.000 -9999.000 -9999.000 -9999.000 0.7389514 0.7394819 0.7396990 0.7397079 0.7395155 0.7392350 0.7389209 0.7385942 0.7382836 0.7379911 0.7377212 0.7374730 0.7372174 0.7368446 0.7368107 0.7368107 -9999.000 -9999.000 -9999.000 -9999.000 -9999.000 -9999.000 -9999.000 -9999.000 -9999.000 -9999.000 -9999.000 -9999.000 -9999.000 -9999.000 -9999.000 -9999.000 -9999.000 -9999.000 -9999.000 -9999.000 -9999.000 -9999.000 -9999.000 -9999.000 -9999.000 -9999.000 -9999.000 -9999.000
-9999.000 -9999.000 -9999.000 -9999.000 -9999.000 -9999.000 -9999.000 -9999.000 -9999.000 -9999.000 -9999.000 -9999.000 -9999.000 -9999.000 -9999.000 0.7407550 0.7412349 0.7414113 0.7414171 0.7412602 0.7410370 0.7407920 0.7405411 0.7403068 0.7400891 0.7398906 0.7397098 0.7395201 0.7392237 0.7392772 0.7392772 -9999.000 -9999.000 -9999.000 -9999.000 -9999.000 -9999.000 -9999.000 -9999.000 -9999.000 -9999.000 -9999.000 -9999.000 -9999.000 -9999.000 -9999.000 -9999.000 -9999.000 -9999.000 -9999.000 -9999.000 -9999.000 -9999.000 -9999.000 -9999.000 -9999.000 -9999.000 -9999.000 -9999.000
-9999.000 -9999.000 -9999.000 -9999.000 -9999.000 -9999.000 -9999.000 -9999.000 -9999.000 -9999.000 -9999.000 -9999.000 -9999.000 -9999.000 -9999.000 0.7426631 0.7431798 0.7433684 0.7433829 0.7432314 0.7430137 0.7427757 0.7425328 0.7423082 0.7421004 0.7419115 0.7417385 0.7415527 0.7412504 0.7412999 0.7412999 -9999.000 -9999.000 -9999.000 -9999.000 -9999.000 -9999.000 -9999.000 -9999.000 -9999.000 -9999.000 -9999.000 -9999.000 -9999.000 -9999.000 -9999.000 -9999.000 -9999.000 -9999.000 -9999.000 -9999.000 -9999.000 -9999.000 -9999.000 -9999.000 -9999.000 -9999.000 -9999.000 -9999.000
-9999.000 -9999.000 -9999.000 -9999.000 -9999.000 -9999.000 -9999.000 -9999.000 -9999.000 -9999.000 -9999.000 -9999.000 -9999.000 -9999.000 -9999.000 0.7446225 0.7451629 0.7453581 0.7453753 0.7452223 0.7450032 0.7447641 0.7445207 0.7442966 0.7440895 0.7439012 0.7437282 0.7435396 0.7432254 0.7432534 0.7432534 -9999.000 -9999.000 -9999.000 -9999.000 -9999.000 -9999.000 -9999.000 -9999.000 -9999.000 -9999.000 -9999.000 -9999.000 -9999.000 -9999.000 -9999.000 -9999.000 -9999.000 -9999.000 -9999.000 -9999.000 -9999.000 -9999.000 -9999.000 -9999.000 -9999.000 -9999.000 -9999.000 -9999.000
-9999.000 -9999.000 -9999.000 -9999.000 -9999.000 -9999.000 -9999.000 -9999.000 -9999.000 -9999.000 -9999.000 -9999.000 -9999.000 -9999.000 -9999.000 0.7466013 0.7471602 0.7473596 0.7473764 0.7472187 0.7469945 0.7467508 0.7465028 0.7462754 0.7460650 0.7458733 0.7456968 0.7455020 0.7451708 0.7451634 0.7451634 -9999.000 -9999.000 -9999.000 -9999.000 -9999.000 -9999.000 -9999.000 -9999.000 -9999.000 -9999.000 -9999.000 -9999.000 -9999.000 -9999.000 -9999.000 -9999.000 -9999.000 -9999.000 -9999.000 -9999.000 -9999.000 -9999.000 -9999.000 -9999.000 -9999.000 -9999.000 -9999.000 -9999.000
-9999.000 -9999.000 -9999.000 -9999.000 -9999.000 -9999.000 -9999.000 -9999.000 -9999.000 -9999.000 -9999.000 -9999.000 -9999.000 -9999.000 -9999.000 0.7485864 0.7491614 0.7493631 0.7493780 0.7492136 0.7489826 0.7487326 0.7484782 0.7482458 0.7480301 0.7478333 0.7476512 0.7474480 0.7470957 0.7470391 0.7470391 -9999.000 -9999.000 -9999.000 -9999.000 -9999.000 -9999.000 -9999.000 -9999.000 -9999.000 -9999.000 -9999.000 -9999.000 -9999.000 -9999.000 -9999.000 -9999.000 -9999.000 -9999.000 -9999.000 -9999.000 -9999.000 -9999.000 -9999.000 -9999.000 -9999.000 -9999.000 -9999.000 -9999.000
-9999.000 -9999.000 -9999.000 -9999.000 -9999.000 -9999.000 -9999.000 -9999.000 -9999.000 -9999.000 -9999.000 -9999.000 -9999.000 -9999.000 -9999.000 0.7505713 0.7511612 0.7513642 0.7513757 0.7512033 0.7509646 0.7507076 0.7504458 0.7502077 0.7499858 0.7497829 0.7495942 0.7493806 0.7490029 0.7488813 0.7488813 -9999.000 -9999.000 -9999.000 -9999.000 -9999.000 -9999.000 -9999.000 -9999.000 -9999.000 -9999.000 -9999.000 -9999.000 -9999.000 -9999.000 -9999.000 -9999.000 -9999.000 -9999.000 -9999.000 -9999.000 -9999.000 -9999.000 -9999.000 -9999.000 -9999.000 -9999.000 -9999.000 -9999.000
-9999.000 -9999.000 -9999.000 -9999.000 -9999.000 -9999.000 -9999.000 -9999.000 -9999.000 -9999.000 -9999.000 -9999.000 -9999.000 -9999.000 -9999.000 0.7525533 0.7531574 0.7533601 0.7533672 0.7531856 0.7529386 0.7526740 0.7524045 0.7521604 0.7519317 0.7517220 0.7515259 0.7513005 0.7508922 0.7506855 0.7506855 -9999.000 -9999.000 -9999.000 -9999.000 -9999.000 -9999.000 -9999.000 -9999.000 -9999.000 -9999.000 -9999.000 -9999.000 -9999.000 -9999.000 -9999.000 -9999.000 -9999.000 -9999.000 -9999.000 -9999.000 -9999.000 -9999.000 -9999.000 -9999.000 -9999.000 -9999.000 -9999.000 -9999.000
-9999.000 -9999.000 -9999.000 -9999.000 -9999.000 -9999.000 -9999.000 -9999.000 -9999.000 -9999.000 -9999.000 -9999.000 -9999.000 -9999.000 -9999.000 0.7545305 0.7551482 0.7553493 0.7553508 0.7551587 0.7549029 0.7546305 0.7543527 0.7541026 0.7538668 0.7536498 0.7534456 0.7532063 0.7527617 0.7524433 0.7524433 -9999.000 -9999.000 -9999.000 -9999.000 -9999.000 -9999.000 -9999.000 -9999.000 -9999.000 -9999.000 -9999.000 -9999.000 -9999.000 -9999.000 -9999.000 -9999.000 -9999.000 -9999.000 -9999.000 -9999.000 -9999.000 -9999.000 -9999.000 -9999.000 -9999.000 -9999.000 -9999.000 -9999.000
-9999.000 -9999.000 -9999.000 -9999.000 -9999.000 -9999.000 -9999.000 -9999.000 -9999.000 -9999.000 -9999.000 -9999.000 -9999.000 -9999.000 -9999.000 0.7565014 0.7571322 0.7573302 0.7573246 0.7571208 0.7568556 0.7565752 0.7562889 0.7560329 0.7557895 0.7555646 0.7553514 0.7550960 0.7546083 0.7541417 0.7541417 -9999.000 -9999.000 -9999.000 -9999.000 -9999.000 -9999.000 -9999.000 -9999.000 -9999.000 -9999.000 -9999.000 -9999.000 -9999.000 -9999.000 -9999.000 -9999.000 -9999.000 -9999.000 -9999.000 -9999.000 -9999.000 -9999.000 -9999.000 -9999.000 -9999.000 -9999.000 -9999.000 -9999.000
-9999.000 -9999.000 -9999.000 -9999.000 -9999.000 -9999.000 -9999.000 -9999.000 -9999.000 -9999.000 -9999.000 -9999.000 -9999.000 -9999.000 -9999.000 0.7584641 0.7591079 0.7593009 0.7592869 0.7590697 0.7587945 0.7585058 0.7582106 0.7579489 0.7576973 0.7574640 0.7572408 0.7569665 0.7564269 0.7557620 0.7557620 -9999.000 -9999.000 -9999.000 -9999.000 -9999.000 -9999.000 -9999.000 -9999.000 -9999.000 -9999.000 -9999.000 -9999.000 -9999.000 -9999.000 -9999.000 -9999.000 -9999.000 -9999.000 -9999.000 -9999.000 -9999.000 -9999.000 -9999.000 -9999.000 -9999.000 -9999.000 -9999.000 -9999.000
-9999.000 -9999.000 -9999.000 -9999.000 -9999.000 -9999.000 -9999.000 -9999.000 -9999.000 -9999.000 -9999.000 -9999.000 -9999.000 -9999.000 -9999.000 0.7604164 0.7610731 0.7612593 0.7612350 0.7610026 0.7607167 0.7604195 0.7601150 0.7598477 0.7595873 0.7593448 0.7591102 0.7588136 0.7582108 0.7572756 0.7572756 -9999.000 -9999.000 -9999.000 -9999.000 -9999.000 -9999.000 -9999.000 -9999.000 -9999.000 -9999.000 -9999.000 -9999.000 -9999.000 -9999.000 -9999.000 -9999.000 -9999.000 -9999.000 -9999.000 -9999.000 -9999.000 -9999.000 -9999.000 -9999.000 -9999.000 -9999.000 -9999.000 -9999.000
-9999.000 -9999.000 -9999.000 -9999.000 -9999.000 -9999.000 -9999.000 -9999.000 -9999.000 -9999.000 -9999.000 -9999.000 -9999.000 -9999.000 -9999.000 0.7623510 0.7630218 0.7631997 0.7631651 0.7629166 0.7626195 0.7623135 0.7619988 0.7617261 0.7614558 0.7612029 0.7609552 0.7606313 0.7599510 0.7586400 0.7586400 -9999.000 -9999.000 -9999.000 -9999.000 -9999.000 -9999.000 -9999.000 -9999.000 -9999.000 -9999.000 -9999.000 -9999.000 -9999.000 -9999.000 -9999.000 -9999.000 -9999.000 -9999.000 -9999.000 -9999.000 -9999.000 -9999.000 -9999.000 -9999.000 -9999.000 -9999.000 -9999.000 -9999.000
-9999.000 -9999.000 -9999.000 -9999.000 -9999.000 -9999.000 -9999.000 -9999.000 -9999.000 -9999.000 -9999.000 -9999.000 -9999.000 -9999.000 -9999.000 0.7640549 0.7647940 0.7650334 0.7650824 0.7648556 0.7645495 0.7642331 0.7639037 0.7636206 0.7633336 0.7630635 0.7627956 0.7624344 0.7616549 0.7598124 0.7598124 -9999.000 -9999.000 -9999.000 -9999.000 -9999.000 -9999.000 -9999.000 -9999.000 -9999.000 -9999.000 -9999.000 -9999.000 -9999.000 -9999.000 -9999.000 -9999.000 -9999.000 -9999.000 -9999.000 -9999.000 -9999.000 -9999.000 -9999.000 -9999.000 -9999.000 -9999.000 -9999.000 -9999.000
-9999.000 -9999.000 -9999.000 -9999.000 -9999.000 -9999.000 -9999.000 -9999.000 -9999.000 -9999.000 -9999.000 -9999.000 -9999.000 -9999.000 -9999.000 0.7537904 0.7623003 0.7668911 0.7696341 0.7699295 0.7691211 0.7683004 0.7674964 0.7668064 0.7661690 0.7656083 0.7650974 0.7645019 0.7633855 0.7600293 0.7600293 -9999.000 -9999.000 -9999.000 -9999.000 -9999.000 -9999.000 -9999.000 -9999.000 -9999.000 -9999.000 -9999.000 -9999.000 -9999.000 -9999.000 -9999.000 -9999.000 -9999.000 -9999.000 -9999.000 -9999.000 -9999.000 -9999.000 -9999.000 -9999.000 -9999.000 -9999.000 -9999.000 -9999.000
0.8543126 0.8543126 0.8468429 0.8397459 0.8314169 0.8314169 0.8279032 0.8224370 0.8224370 0.8180069 0.8180069 0.8143310 0.8127056 0.8111919 0.8096815 0.8096815 0.7705327 0.7690783 0.7676375 0.7669448 0.7682693 0.7700943 0.7722259 0.7752391 0.7781101 0.7808868 0.7831883 0.7836084 0.7779222 0.7495689 0.7495689 0.5332641 0.4939874 0.4690761 0.4605921 0.4605921 0.4465793 0.4465793 0.4454000 0.4454000 0.4543618 0.4991982 0.4991982 0.5879033 0.5879033 0.6712207 0.6712207 0.6712207 0.6755723 0.6755723 0.6662239 0.6662239 0.6516193 0.6516193 0.6358965 0.6358965 0.6211068 0.6211068 0.6211068
0.8514612 0.8514612 0.8448704 0.8378187 0.8305925 0.8305925 0.8268557 0.8213044 0.8213044 0.8168874 0.8168874 0.8132297 0.8116124 0.8101061 0.8086044 0.8086044 0.7748783 0.7685264 0.7631239 0.7585310 0.7552810 0.7529395 0.7514692 0.7511612 0.7517143 0.7531013 0.7551466 0.7572201 0.7575247 0.7488787 0.7488787 0.6033033 0.5465108 0.4890036 0.4724102 0.4724102 0.4520812 0.4520812 0.4501993 0.4501993 0.4587312 0.4986899 0.4986899 0.5704906 0.5704906 0.6647100 0.6647100 0.6647100 0.6741012 0.6741012 0.6661598 0.6661598 0.6520131 0.6520131 0.6365170 0.6365170 0.6218225 0.6218225 0.6218225
0.8502038 0.8502038 0.8446591 0.8374986 0.8308943 0.8308943 0.8269645 0.8212659 0.8212659 0.8168347 0.8168347 0.8131768 0.8115577 0.8100492 0.8085344 0.8085344 0.7782604 0.7678941 0.7587126 0.7506340 0.7440137 0.7387146 0.7346523 0.7319545 0.7304755 0.7301553 0.7308791 0.7322176 0.7328340 0.7275540 0.7275540 0.6372555 0.5790066 0.5076758 0.4856839 0.4856839 0.4614013 0.4614013 0.4636493 0.4636493 0.4750421 0.5139433 0.5139433 0.5688304 0.5688304 0.6540504 0.6540504 0.6540504 0.6689867 0.6689867 0.6640558 0.6640558 0.6511418 0.6511418 0.6361368 0.6361368 0.6217012 0.6217012 0.6217012
0.8494989 0.8494989 0.8436245 0.8373982 0.8311962 0.8311962 0.8271145 0.8212652 0.8212652 0.8168256 0.8168256 0.8131749 0.8115574 0.8100489 0.8085124 0.8085124 0.7805620 0.7668702 0.7541203 0.7426477 0.7328255 0.7247024 0.7182278 0.7134280 0.7101889 0.7083994 0.7079245 0.7084330 0.7089376 0.7057019 0.7057019 0.6494060 0.5985209 0.5252816 0.5013806 0.5013806 0.4787670 0.4787670 0.4895158 0.4895158 0.5039886 0.5380385 0.5380385 0.5733271 0.5733271 0.6391290 0.6391290 0.6391290 0.6584309 0.6584309 0.6581480 0.6581480 0.6479012 0.6479012 0.6342743 0.6342743 0.6206809 0.6206809 0.6206809
0.8496094 0.8496094 0.8418298 0.8373997 0.8314487 0.8314487 0.8272513 0.8212632 0.8212632 0.8168151 0.8168151 0.8131720 0.8115566 0.8100490 0.8084791 0.8084791 0.7813658 0.7648293 0.7488245 0.7341309 0.7212258 0.7102951 0.7013636 0.6944373 0.6894258 0.6861998 0.6845992 0.6843311 0.6846413 0.6828544 0.6828544 0.6478266 0.6068625 0.5398841 0.5185375 0.5185375 0.5067609 0.5067609 0.5283588 0.5283588 0.5429316 0.5651978 0.5651978 0.5806343 0.5806343 0.6230796 0.6230796 0.6230796 0.6436845 0.6436845 0.6484163 0.6484163 0.6421227 0.6421227 0.6309277 0.6309277 0.6189067 0.6189067 0.6189067
0.8494942 0.8494942 0.8407457 0.8374310 0.8316348 0.8316348 0.8273574 0.8212613 0.8212613 0.8168057 0.8168057 0.8131697 0.8115559 0.8100490 0.8084299 0.8084299 0.7803627 0.7612062 0.7422352 0.7245649 0.7087799 0.6951597 0.6838015 0.6747276 0.6678787 0.6631387 0.6603473 0.6592439 0.6592443 0.6584544 0.6584544 0.6371574 0.6063786 0.5525947 0.5395435 0.5395435 0.5481524 0.5481524 0.5757192 0.5757192 0.5850017 0.5903234 0.5903234 0.5887949 0.5887949 0.6089618 0.6089618 0.6089618 0.6271852 0.6271852 0.6356564 0.6356564 0.6338460 0.6338460 0.6260079 0.6260079 0.6163524 0.6163524 0.6163524
0.8494233 0.8494233 0.8401058 0.8374553 0.8317468 0.8317468 0.8274235 0.8212602 0.8212602 0.8167995 0.8167995 0.8131681 0.8115557 0.8100491 0.8083599 0.8083599 0.7772680 0.7554783 0.7337459 0.7133611 0.6949649 0.6788806 0.6652479 0.6541111 0.6454387 0.6391414 0.6350796 0.6330330 0.6325575 0.6323670 0.6323670 0.6201832 0.5993652 0.5677964 0.5704872 0.5704872 0.6023368 0.6023368 0.6226659 0.6226659 0.6224913 0.6109954 0.6109954 0.5970079 0.5970079 0.5984685 0.5984685 0.5984685 0.6113333 0.6113333 0.6211864 0.6211864 0.6234172 0.6234172 0.6194960 0.6194960 0.6129542 0.6129542 0.6129542
0.8493994 0.8493994 0.8398941 0.8374645 0.8317842 0.8317842 0.8274457 0.8212596 0.8212596 0.8167974 0.8167974 0.8131676 0.8115556 0.8100492 0.8082619 0.8082619 0.7717052 0.7470726 0.7226860 0.6998358 0.6791381 0.6609007 0.6452626 0.6322711 0.6219094 0.6141120 0.6087682 0.6057051 0.6046082 0.6047333 0.6047333 0.5990040 0.5887584 0.5939335 0.6185532 0.6185532 0.6610909 0.6610909 0.6609871 0.6609871 0.6512874 0.6272660 0.6272660 0.6050246 0.6050246 0.5918789 0.5918789 0.5918789 0.5977979 0.5977979 0.6064999 0.6064999 0.6115165 0.6115165 0.6115551 0.6115551 0.6087044 0.6087044 0.6087044
0.8494234 0.8494234 0.8401051 0.8374552 0.8317466 0.8317466 0.8274232 0.8212600 0.8212600 0.8167994 0.8167994 0.8131682 0.8115557 0.8100492 0.8081262 0.8081262 0.7631134 0.7352763 0.7082651 0.6831886 0.6605381 0.6405360 0.6232691 0.6087548 0.5969679 0.5878533 0.5813257 0.5772600 0.5754852 0.5759270 0.5759270 0.5760136 0.5799928 0.6412851 0.6839074 0.6839074 0.7111784 0.7111784 0.6879676 0.6879676 0.6718322 0.6402563 0.6402563 0.6127365 0.6127365 0.5886076 0.5886076 0.5886076 0.5873400 0.5873400 0.5929235 0.5929235 0.5990742 0.5990742 0.6025908 0.6025908 0.6037223 0.6037223 0.6037223
0.8494946 0.8494946 0.8407440 0.8374307 0.8316345 0.8316345 0.8273569 0.8212610 0.8212610 0.8168055 0.8168055 0.8131697 0.8115560 0.8100492 0.8079383 0.8079383 0.7506120 0.7191095 0.6894758 0.6624414 0.6382514 0.6169620 0.5985515 0.5829684 0.5701519 0.5600375 0.5525533 0.5476207 0.5452930 0.5468278 0.5468278 0.5557715 0.5845233 0.7116062 0.7521217 0.7521217 0.7444378 0.7444378 0.7059510 0.7059510 0.6865692 0.6509017 0.6509017 0.6199200 0.6199200 0.5877122 0.5877122 0.5877122 0.5799525 0.5799525 0.5813708 0.5813708 0.5871199 0.5871199 0.5932361 0.5932361 0.5982835 0.5982835 0.5982835
0.8496099 0.8496099 0.8418275 0.8373992 0.8314480 0.8314480 0.8272506 0.8212629 0.8212629 0.8168148 0.8168148 0.8131722 0.8115567 0.8100493 0.8076799 0.8076799 0.7327667 0.6971228 0.6649413 0.6363298 0.6111395 0.5891698 0.5702304 0.5541638 0.5408470 0.5301867 0.5221091 0.5165970 0.5142614 0.5201722 0.5201722 0.5496299 0.6211297 0.7868009 0.8014758 0.8014758 0.7631040 0.7631040 0.7182546 0.7182546 0.6975220 0.6596310 0.6596310 0.6262828 0.6262828 0.5882655 0.5882655 0.5882655 0.5751767 0.5751767 0.5722798 0.5722798 0.5765514 0.5765514 0.5842745 0.5842745 0.5928327 0.5928327 0.5928327
