simulation_files/asc/Depth____000148.asc
NCOLS        79
NROWS        79
XLLCENTER         -1.500000
YLLCENTER         -4.800000
CELLSIZE           0.100
NODATA_VALUE     -9999.0
[rows 0 to 25 of 79, columns 0 to 58 of 79]
-9999.000 -9999.000 -9999.000 -9999.000 -9999.000 -9999.000 -9999.000 -9999.000 -9999.000 -9999.000 -9999.000 -9999.000 -9999.000 -9999.000 -9999.000 0.5699766 0.5701944 0.5701621 0.5700704 0.5699332 0.5697643 0.5695716 0.5693665 0.5691587 0.5689558 0.5687594 0.5685613 0.5683255 0.5679465 0.5679011 0.5679011 -9999.000 -9999.000 -9999.000 -9999.000 -9999.000 -9999.000 -9999.000 -9999.000 -9999.000 -9999.000 -9999.000 -9999.000 -9999.000 -9999.000 -9999.000 -9999.000 -9999.000 -9999.000 -9999.000 -9999.000 -9999.000 -9999.000 -9999.000 -9999.000 -9999.000 -9999.000 -9999.000 -9999.000
-9999.000 -9999.000 -9999.000 -9999.000 -9999.000 -9999.000 -9999.000 -9999.000 -9999.000 -9999.000 -9999.000 -9999.000 -9999.000 -9999.000 -9999.000 0.5717630 0.5719822 0.5719522 0.5718747 0.5717615 0.5716242 0.5714691 0.5713056 0.5711418 0.5709839 0.5708336 0.5706837 0.5705021 0.5701930 0.5702122 0.5702122 -9999.000 -9999.000 -9999.000 -9999.000 -9999.000 -9999.000 -9999.000 -9999.000 -9999.000 -9999.000 -9999.000 -9999.000 -9999.000 -9999.000 -9999.000 -9999.000 -9999.000 -9999.000 -9999.000 -9999.000 -9999.000 -9999.000 -9999.000 -9999.000 -9999.000 -9999.000 -9999.000 -9999.000
-9999.000 -9999.000 -9999.000 -9999.000 -9999.000 -9999.000 -9999.000 -9999.000 -9999.000 -9999.000 -9999.000 -9999.000 -9999.000 -9999.000 -9999.000 0.5737138 0.5739581 0.5739328 0.5738607 0.5737537 0.5736236 0.5734769 0.5733228 0.5731693 0.5730219 0.5728815 0.5727392 0.5725598 0.5722407 0.5722540 0.5722540 -9999.000 -9999.000 -9999.000 -9999.000 -9999.000 -9999.000 -9999.000 -9999.000 -9999.000 -9999.000 -9999.000 -9999.000 -9999.000 -9999.000 -9999.000 -9999.000 -9999.000 -9999.000 -9999.000 -9999.000 -9999.000 -9999.000 -9999.000 -9999.000 -9999.000 -9999.000 -9999.000 -9999.000
-9999.000 -9999.000 -9999.000 -9999.000 -9999.000 -9999.000 -9999.000 -9999.000 -9999.000 -9999.000 -9999.000 -9999.000 -9999.000 -9999.000 -9999.000 0.5757053 0.5759652 0.5759417 0.5758712 0.5757654 0.5756369 0.5754918 0.5753396 0.5751882 0.5750432 0.5749047 0.5747628 0.5745797 0.5742444 0.5742363 0.5742363 -9999.000 -9999.000 -9999.000 -9999.000 -9999.000 -9999.000 -9999.000 -9999.000 -9999.000 -9999.000 -9999.000 -9999.000 -9999.000 -9999.000 -9999.000 -9999.000 -9999.000 -9999.000 -9999.000 -9999.000 -9999.000 -9999.000 -9999.000 -9999.000 -9999.000 -9999.000 -9999.000 -9999.000
-9999.000 -9999.000 -9999.000 -9999.000 -9999.000 -9999.000 -9999.000 -9999.000 -9999.000 -9999.000 -9999.000 -9999.000 -9999.000 -9999.000 -9999.000 0.5777177 0.5779877 0.5779641 0.5778930 0.5777855 0.5776551 0.5775077 0.5773532 0.5771998 0.5770528 0.5769123 0.5767670 0.5765764 0.5762195 0.5761759 0.5761759 -9999.000 -9999.000 -9999.000 -9999.000 -9999.000 -9999.000 -9999.000 -9999.000 -9999.000 -9999.000 -9999.000 -9999.000 -9999.000 -9999.000 -9999.000 -9999.000 -9999.000 -9999.000 -9999.000 -9999.000 -9999.000 -9999.000 -9999.000 -9999.000 -9999.000 -9999.000 -9999.000 -9999.000
-9999.000 -9999.000 -9999.000 -9999.000 -9999.000 -9999.000 -9999.000 -9999.000 -9999.000 -9999.000 -9999.000 -9999.000 -9999.000 -9999.000 -9999.000 0.5797395 0.5800166 0.5799919 0.5799187 0.5798080 0.5796738 0.5795219 0.5793626 0.5792047 0.5790534 0.5789084 0.5787573 0.5785562 0.5781727 0.5780793 0.5780793 -9999.000 -9999.000 -9999.000 -9999.000 -9999.000 -9999.000 -9999.000 -9999.000 -9999.000 -9999.000 -9999.000 -9999.000 -9999.000 -9999.000 -9999.000 -9999.000 -9999.000 -9999.000 -9999.000 -9999.000 -9999.000 -9999.000 -9999.000 -9999.000 -9999.000 -9999.000 -9999.000 -9999.000
-9999.000 -9999.000 -9999.000 -9999.000 -9999.000 -9999.000 -9999.000 -9999.000 -9999.000 -9999.000 -9999.000 -9999.000 -9999.000 -9999.000 -9999.000 0.5817639 0.5820465 0.5820199 0.5819441 0.5818291 0.5816901 0.5815324 0.5813671 0.5812031 0.5810459 0.5808949 0.5807362 0.5805222 0.5801061 0.5799460 0.5799460 -9999.000 -9999.000 -9999.000 -9999.000 -9999.000 -9999.000 -9999.000 -9999.000 -9999.000 -9999.000 -9999.000 -9999.000 -9999.000 -9999.000 -9999.000 -9999.000 -9999.000 -9999.000 -9999.000 -9999.000 -9999.000 -9999.000 -9999.000 -9999.000 -9999.000 -9999.000 -9999.000 -9999.000
-9999.000 -9999.000 -9999.000 -9999.000 -9999.000 -9999.000 -9999.000 -9999.000 -9999.000 -9999.000 -9999.000 -9999.000 -9999.000 -9999.000 -9999.000 0.5837867 0.5840738 0.5840449 0.5839660 0.5838462 0.5837018 0.5835377 0.5833655 0.5831945 0.5830305 0.5828723 0.5827044 0.5824746 0.5820193 0.5817701 0.5817701 -9999.000 -9999.000 -9999.000 -9999.000 -9999.000 -9999.000 -9999.000 -9999.000 -9999.000 -9999.000 -9999.000 -9999.000 -9999.000 -9999.000 -9999.000 -9999.000 -9999.000 -9999.000 -9999.000 -9999.000 -9999.000 -9999.000 -9999.000 -9999.000 -9999.000 -9999.000 -9999.000 -9999.000
-9999.000 -9999.000 -9999.000 -9999.000 -9999.000 -9999.000 -9999.000 -9999.000 -9999.000 -9999.000 -9999.000 -9999.000 -9999.000 -9999.000 -9999.000 0.5858048 0.5860960 0.5860642 0.5859820 0.5858571 0.5857070 0.5855359 0.5853564 0.5851778 0.5850062 0.5848398 0.5846609 0.5844125 0.5839098 0.5835413 0.5835413 -9999.000 -9999.000 -9999.000 -9999.000 -9999.000 -9999.000 -9999.000 -9999.000 -9999.000 -9999.000 -9999.000 -9999.000 -9999.000 -9999.000 -9999.000 -9999.000 -9999.000 -9999.000 -9999.000 -9999.000 -9999.000 -9999.000 -9999.000 -9999.000 -9999.000 -9999.000 -9999.000 -9999.000
-9999.000 -9999.000 -9999.000 -9999.000 -9999.000 -9999.000 -9999.000 -9999.000 -9999.000 -9999.000 -9999.000 -9999.000 -9999.000 -9999.000 -9999.000 0.5878152 0.5881106 0.5880755 0.5879896 0.5878593 0.5877032 0.5875249 0.5873376 0.5871511 0.5869712 0.5867956 0.5866043 0.5863335 0.5857733 0.5852434 0.5852434 -9999.000 -9999.000 -9999.000 -9999.000 -9999.000 -9999.000 -9999.000 -9999.000 -9999.000 -9999.000 -9999.000 -9999.000 -9999.000 -9999.000 -9999.000 -9999.000 -9999.000 -9999.000 -9999.000 -9999.000 -9999.000 -9999.000 -9999.000 -9999.000 -9999.000 -9999.000 -9999.000 -9999.000
-9999.000 -9999.000 -9999.000 -9999.000 -9999.000 -9999.000 -9999.000 -9999.000 -9999.000 -9999.000 -9999.000 -9999.000 -9999.000 -9999.000 -9999.000 0.5898150 0.5901149 0.5900761 0.5899863 0.5898499 0.5896876 0.5895016 0.5893061 0.5891111 0.5889226 0.5887371 0.5885313 0.5882339 0.5876037 0.5868517 0.5868517 -9999.000 -9999.000 -9999.000 -9999.000 -9999.000 -9999.000 -9999.000 -9999.000 -9999.000 -9999.000 -9999.000 -9999.000 -9999.000 -9999.000 -9999.000 -9999.000 -9999.000 -9999.000 -9999.000 -9999.000 -9999.000 -9999.000 -9999.000 -9999.000 -9999.000 -9999.000 -9999.000 -9999.000
-9999.000 -9999.000 -9999.000 -9999.000 -9999.000 -9999.000 -9999.000 -9999.000 -9999.000 -9999.000 -9999.000 -9999.000 -9999.000 -9999.000 -9999.000 0.5918005 0.5921060 0.5920630 0.5919687 0.5918258 0.5916567 0.5914622 0.5912580 0.5910540 0.5908561 0.5906597 0.5904372 0.5901078 0.5893912 0.5883272 0.5883272 -9999.000 -9999.000 -9999.000 -9999.000 -9999.000 -9999.000 -9999.000 -9999.000 -9999.000 -9999.000 -9999.000 -9999.000 -9999.000 -9999.000 -9999.000 -9999.000 -9999.000 -9999.000 -9999.000 -9999.000 -9999.000 -9999.000 -9999.000 -9999.000 -9999.000 -9999.000 -9999.000 -9999.000
-9999.000 -9999.000 -9999.000 -9999.000 -9999.000 -9999.000 -9999.000 -9999.000 -9999.000 -9999.000 -9999.000 -9999.000 -9999.000 -9999.000 -9999.000 0.5937667 0.5940800 0.5940320 0.5939326 0.5937822 0.5936057 0.5934017 0.5931876 0.5929737 0.5927653 0.5925563 0.5923140 0.5919453 0.5911205 0.5896057 0.5896057 -9999.000 -9999.000 -9999.000 -9999.000 -9999.000 -9999.000 -9999.000 -9999.000 -9999.000 -9999.000 -9999.000 -9999.000 -9999.000 -9999.000 -9999.000 -9999.000 -9999.000 -9999.000 -9999.000 -9999.000 -9999.000 -9999.000 -9999.000 -9999.000 -9999.000 -9999.000 -9999.000 -9999.000
-9999.000 -9999.000 -9999.000 -9999.000 -9999.000 -9999.000 -9999.000 -9999.000 -9999.000 -9999.000 -9999.000 -9999.000 -9999.000 -9999.000 -9999.000 0.5956966 0.5960246 0.5959733 0.5958701 0.5957128 0.5955290 0.5953146 0.5950894 0.5948636 0.5946423 0.5944176 0.5941499 0.5937308 0.5927668 0.5905805 0.5905805 -9999.000 -9999.000 -9999.000 -9999.000 -9999.000 -9999.000 -9999.000 -9999.000 -9999.000 -9999.000 -9999.000 -9999.000 -9999.000 -9999.000 -9999.000 -9999.000 -9999.000 -9999.000 -9999.000 -9999.000 -9999.000 -9999.000 -9999.000 -9999.000 -9999.000 -9999.000 -9999.000 -9999.000
-9999.000 -9999.000 -9999.000 -9999.000 -9999.000 -9999.000 -9999.000 -9999.000 -9999.000 -9999.000 -9999.000 -9999.000 -9999.000 -9999.000 -9999.000 0.5958897 0.5972875 0.5976359 0.5978153 0.5978405 0.5977611 0.5975870 0.5973575 0.5970989 0.5968296 0.5965481 0.5962085 0.5956703 0.5944106 0.5905499 0.5905499 -9999.000 -9999.000 -9999.000 -9999.000 -9999.000 -9999.000 -9999.000 -9999.000 -9999.000 -9999.000 -9999.000 -9999.000 -9999.000 -9999.000 -9999.000 -9999.000 -9999.000 -9999.000 -9999.000 -9999.000 -9999.000 -9999.000 -9999.000 -9999.000 -9999.000 -9999.000 -9999.000 -9999.000
0.6542585 0.6542585 0.6398492 0.6247939 0.6210029 0.6210029 0.6178159 0.6124671 0.6124671 0.6079714 0.6079714 0.6040513 0.6022578 0.6005561 0.5989354 0.5989354 0.6012971 0.6012764 0.6014384 0.6019192 0.6029754 0.6043108 0.6059479 0.6077744 0.6096342 0.6112292 0.6118920 0.6101125 0.6019067 0.5727612 0.5727612 0.3908206 0.3629608 0.3495210 0.3451359 0.3451359 0.3393380 0.3393380 0.3472437 0.3472437 0.3600896 0.4150206 0.4150206 0.4929516 0.4929516 0.5145312 0.5145312 0.5145312 0.5098375 0.5098375 0.5001134 0.5001134 0.4888135 0.4888135 0.4776284 0.4776284 0.4676222 0.4676222 0.4676222
0.6525309 0.6525309 0.6374987 0.6239039 0.6201110 0.6201110 0.6169236 0.6115831 0.6115831 0.6071016 0.6071016 0.6031964 0.6014099 0.5997149 0.5981007 0.5981007 0.5994241 0.5980111 0.5957752 0.5934025 0.5914292 0.5900277 0.5893524 0.5894361 0.5902281 0.5915753 0.5932602 0.5947328 0.5919518 0.5772039 0.5772039 0.4518871 0.4063873 0.3643792 0.3534426 0.3534426 0.3429279 0.3429279 0.3495984 0.3495984 0.3612689 0.4058011 0.4058011 0.4807039 0.4807039 0.5147695 0.5147695 0.5147695 0.5103415 0.5103415 0.5005226 0.5005226 0.4891475 0.4891475 0.4779153 0.4779153 0.4679221 0.4679221 0.4679221
0.6515608 0.6515608 0.6364809 0.6239152 0.6201168 0.6201168 0.6169151 0.6115559 0.6115559 0.6070675 0.6070675 0.6031584 0.6013699 0.5996728 0.5980564 0.5980564 0.5981259 0.5953699 0.5911618 0.5865363 0.5822464 0.5786529 0.5759652 0.5742700 0.5735677 0.5737675 0.5746819 0.5758278 0.5745932 0.5653741 0.5653741 0.4820308 0.4346785 0.3801225 0.3647439 0.3647439 0.3515502 0.3515502 0.3607887 0.3607887 0.3731049 0.4102096 0.4102096 0.4696028 0.4696028 0.5116838 0.5116838 0.5116838 0.5095864 0.5095864 0.5003136 0.5003136 0.4890293 0.4890293 0.4778880 0.4778880 0.4679934 0.4679934 0.4679934
0.6507809 0.6507809 0.6356755 0.6239347 0.6201458 0.6201458 0.6169326 0.6115558 0.6115558 0.6070646 0.6070646 0.6031573 0.6013695 0.5996727 0.5980566 0.5980566 0.5964813 0.5922266 0.5861319 0.5794623 0.5731244 0.5676073 0.5631688 0.5599184 0.5578690 0.5569496 0.5570062 0.5576560 0.5570000 0.5505984 0.5505984 0.4962490 0.4532754 0.3961045 0.3793953 0.3793953 0.3682257 0.3682257 0.3820396 0.3820396 0.3941851 0.4215223 0.4215223 0.4608823 0.4608823 0.5037183 0.5037183 0.5037183 0.5056225 0.5056225 0.4982058 0.4982058 0.4877197 0.4877197 0.4770440 0.4770440 0.4675375 0.4675375 0.4675375
0.6501828 0.6501828 0.6350614 0.6239473 0.6201749 0.6201749 0.6169520 0.6115567 0.6115567 0.6070623 0.6070623 0.6031567 0.6013697 0.5996735 0.5980575 0.5980575 0.5943120 0.5882885 0.5802557 0.5716108 0.5633340 0.5559916 0.5498890 0.5451660 0.5418528 0.5398921 0.5391457 0.5392966 0.5389668 0.5347267 0.5347267 0.4991658 0.4632317 0.4109292 0.3970237 0.3970237 0.3945052 0.3945052 0.4119893 0.4119893 0.4212983 0.4357991 0.4357991 0.4557005 0.4557005 0.4920101 0.4920101 0.4920101 0.4981765 0.4981765 0.4938938 0.4938938 0.4851473 0.4851473 0.4755015 0.4755015 0.4667764 0.4667764 0.4667764
0.6497607 0.6497607 0.6346290 0.6239540 0.6201993 0.6201993 0.6169693 0.6115577 0.6115577 0.6070603 0.6070603 0.6031563 0.6013697 0.5996741 0.5980583 0.5980583 0.5914446 0.5833322 0.5732602 0.5626780 0.5525602 0.5434892 0.5357938 0.5296401 0.5250826 0.5220874 0.5205392 0.5201768 0.5200046 0.5174425 0.5174425 0.4945118 0.4665315 0.4262046 0.4200296 0.4200296 0.4305444 0.4305444 0.4457787 0.4457787 0.4492280 0.4499772 0.4499772 0.4541827 0.4541827 0.4791951 0.4791951 0.4791951 0.4880579 0.4880579 0.4873711 0.4873711 0.4811921 0.4811921 0.4732355 0.4732355 0.4657647 0.4657647 0.4657647
0.6495095 0.6495095 0.6343719 0.6239569 0.6202152 0.6202152 0.6169810 0.6115585 0.6115585 0.6070589 0.6070589 0.6031559 0.6013697 0.5996744 0.5980588 0.5980588 0.5876262 0.5770711 0.5648292 0.5523308 0.5404760 0.5298051 0.5206338 0.5131338 0.5073773 0.5033557 0.5009850 0.5000612 0.4998806 0.4985973 0.4985973 0.4846072 0.4653667 0.4464937 0.4526999 0.4526999 0.4727667 0.4727667 0.4771608 0.4771608 0.4735404 0.4625937 0.4625937 0.4556012 0.4556012 0.4676813 0.4676813 0.4676813 0.4766808 0.4766808 0.4790111 0.4790111 0.4758407 0.4758407 0.4701896 0.4701896 0.4644902 0.4644902 0.4644902
0.6494263 0.6494263 0.6342867 0.6239576 0.6202209 0.6202209 0.6169851 0.6115587 0.6115587 0.6070584 0.6070584 0.6031557 0.6013699 0.5996745 0.5980589 0.5980589 0.5824952 0.5691172 0.5545616 0.5401633 0.5266879 0.5145810 0.5041048 0.4954081 0.4885626 0.4835762 0.4803958 0.4788742 0.4785451 0.4782663 0.4782663 0.4713126 0.4629466 0.4784358 0.4971131 0.4971131 0.5133753 0.5133753 0.5020791 0.5020791 0.4926119 0.4734767 0.4734767 0.4589894 0.4589894 0.4588315 0.4588315 0.4588315 0.4655352 0.4655352 0.4695283 0.4695283 0.4692697 0.4692697 0.4663621 0.4663621 0.4629318 0.4629318 0.4629318
0.6495096 0.6495096 0.6343721 0.6239567 0.6202153 0.6202153 0.6169810 0.6115585 0.6115585 0.6070589 0.6070589 0.6031557 0.6013699 0.5996745 0.5980588 0.5980588 0.5755309 0.5589316 0.5419275 0.5256636 0.5107119 0.4973762 0.4858246 0.4761512 0.4684032 0.4625897 0.4586783 0.4565750 0.4560349 0.4567909 0.4567909 0.4571237 0.4654639 0.5258293 0.5474172 0.5474172 0.5449359 0.5449359 0.5202489 0.5202489 0.5071216 0.4828817 0.4828817 0.4634307 0.4634307 0.4529243 0.4529243 0.4529243 0.4557594 0.4557594 0.4598204 0.4598204 0.4618804 0.4618804 0.4618701 0.4618701 0.4611019 0.4611019 0.4611019
0.6497608 0.6497608 0.6346291 0.6239539 0.6201993 0.6201993 0.6169692 0.6115577 0.6115577 0.6070603 0.6070603 0.6031561 0.6013698 0.5996741 0.5980583 0.5980583 0.5659654 0.5457447 0.5262007 0.5081620 0.4919397 0.4776465 0.4653187 0.4549648 0.4465833 0.4401643 0.4356833 0.4330942 0.4324475 0.4351293 0.4351293 0.4473342 0.4842812 0.5814915 0.5903506 0.5903506 0.5657546 0.5657546 0.5334206 0.5334206 0.5183669 0.4909928 0.4909928 0.4681858 0.4681858 0.4495496 0.4495496 0.4495496 0.4479603 0.4479603 0.4507592 0.4507592 0.4542606 0.4542606 0.4569857 0.4569857 0.4590815 0.4590815 0.4590815
0.6501828 0.6501828 0.6350616 0.6239472 0.6201749 0.6201749 0.6169520 0.6115566 0.6115566 0.6070624 0.6070624 0.6031567 0.6013697 0.5996736 0.5980574 0.5980574 0.5526126 0.5284140 0.5063491 0.4867502 0.4695785 0.4547035 0.4419939 0.4313461 0.4226887 0.4159762 0.4111763 0.4083056 0.4080852 0.4163333 0.4163333 0.4541713 0.5320106 0.6269693 0.6167647 0.6167647 0.5789044 0.5789044 0.5432277 0.5432277 0.5272270 0.4978005 0.4978005 0.4726940 0.4726940 0.4480178 0.4480178 0.4480178 0.4422504 0.4422504 0.4430144 0.4430144 0.4470798 0.4470798 0.4521186 0.4521186 0.4570289 0.4570289 0.4570289
