simulation_files/asc/Depth____000123.asc
NCOLS        79
NROWS        79
XLLCENTER         -1.500000
YLLCENTER         -4.800000
CELLSIZE           0.100
NODATA_VALUE     -9999.0
[rows 0 to 25 of 79, columns 0 to 58 of 79]
-9999.000 -9999.000 -9999.000 -9999.000 -9999.000 -9999.000 -9999.000 -9999.000 -9999.000 -9999.000 -9999.000 -9999.000 -9999.000 -9999.000 -9999.000 0.4608035 0.4609850 0.4609700 0.4609053 0.4608046 0.4606772 0.4605311 0.4603744 0.4602115 0.4600419 0.4598586 0.4596429 0.4593564 0.4589351 0.4589726 0.4589726 -9999.000 -9999.000 -9999.000 -9999.000 -9999.000 -9999.000 -9999.000 -9999.000 -9999.000 -9999.000 -9999.000 -9999.000 -9999.000 -9999.000 -9999.000 -9999.000 -9999.000 -9999.000 -9999.000 -9999.000 -9999.000 -9999.000 -9999.000 -9999.000 -9999.000 -9999.000 -9999.000 -9999.000
-9999.000 -9999.000 -9999.000 -9999.000 -9999.000 -9999.000 -9999.000 -9999.000 -9999.000 -9999.000 -9999.000 -9999.000 -9999.000 -9999.000 -9999.000 0.4626537 0.4628343 0.4628163 0.4627577 0.4626703 0.4625617 0.4624387 0.4623082 0.4621745 0.4620378 0.4618929 0.4617238 0.4614952 0.4611441 0.4612230 0.4612230 -9999.000 -9999.000 -9999.000 -9999.000 -9999.000 -9999.000 -9999.000 -9999.000 -9999.000 -9999.000 -9999.000 -9999.000 -9999.000 -9999.000 -9999.000 -9999.000 -9999.000 -9999.000 -9999.000 -9999.000 -9999.000 -9999.000 -9999.000 -9999.000 -9999.000 -9999.000 -9999.000 -9999.000
-9999.000 -9999.000 -9999.000 -9999.000 -9999.000 -9999.000 -9999.000 -9999.000 -9999.000 -9999.000 -9999.000 -9999.000 -9999.000 -9999.000 -9999.000 0.4646237 0.4648317 0.4648176 0.4647627 0.4646794 0.4645761 0.4644597 0.4643372 0.4642127 0.4640856 0.4639492 0.4637850 0.4635534 0.4631845 0.4632602 0.4632602 -9999.000 -9999.000 -9999.000 -9999.000 -9999.000 -9999.000 -9999.000 -9999.000 -9999.000 -9999.000 -9999.000 -9999.000 -9999.000 -9999.000 -9999.000 -9999.000 -9999.000 -9999.000 -9999.000 -9999.000 -9999.000 -9999.000 -9999.000 -9999.000 -9999.000 -9999.000 -9999.000 -9999.000
-9999.000 -9999.000 -9999.000 -9999.000 -9999.000 -9999.000 -9999.000 -9999.000 -9999.000 -9999.000 -9999.000 -9999.000 -9999.000 -9999.000 -9999.000 0.4666245 0.4668527 0.4668404 0.4667866 0.4667042 0.4666018 0.4664866 0.4663658 0.4662434 0.4661183 0.4659827 0.4658158 0.4655741 0.4651798 0.4652371 0.4652371 -9999.000 -9999.000 -9999.000 -9999.000 -9999.000 -9999.000 -9999.000 -9999.000 -9999.000 -9999.000 -9999.000 -9999.000 -9999.000 -9999.000 -9999.000 -9999.000 -9999.000 -9999.000 -9999.000 -9999.000 -9999.000 -9999.000 -9999.000 -9999.000 -9999.000 -9999.000 -9999.000 -9999.000
-9999.000 -9999.000 -9999.000 -9999.000 -9999.000 -9999.000 -9999.000 -9999.000 -9999.000 -9999.000 -9999.000 -9999.000 -9999.000 -9999.000 -9999.000 0.4686436 0.4688872 0.4688749 0.4688200 0.4687356 0.4686307 0.4685130 0.4683897 0.4682653 0.4681380 0.4679989 0.4678251 0.4675685 0.4671415 0.4671667 0.4671667 -9999.000 -9999.000 -9999.000 -9999.000 -9999.000 -9999.000 -9999.000 -9999.000 -9999.000 -9999.000 -9999.000 -9999.000 -9999.000 -9999.000 -9999.000 -9999.000 -9999.000 -9999.000 -9999.000 -9999.000 -9999.000 -9999.000 -9999.000 -9999.000 -9999.000 -9999.000 -9999.000 -9999.000
-9999.000 -9999.000 -9999.000 -9999.000 -9999.000 -9999.000 -9999.000 -9999.000 -9999.000 -9999.000 -9999.000 -9999.000 -9999.000 -9999.000 -9999.000 0.4706726 0.4709281 0.4709144 0.4708568 0.4707684 0.4706587 0.4705358 0.4704075 0.4702784 0.4701463 0.4700010 0.4698172 0.4695417 0.4690744 0.4690525 0.4690525 -9999.000 -9999.000 -9999.000 -9999.000 -9999.000 -9999.000 -9999.000 -9999.000 -9999.000 -9999.000 -9999.000 -9999.000 -9999.000 -9999.000 -9999.000 -9999.000 -9999.000 -9999.000 -9999.000 -9999.000 -9999.000 -9999.000 -9999.000 -9999.000 -9999.000 -9999.000 -9999.000 -9999.000
-9999.000 -9999.000 -9999.000 -9999.000 -9999.000 -9999.000 -9999.000 -9999.000 -9999.000 -9999.000 -9999.000 -9999.000 -9999.000 -9999.000 -9999.000 0.4727059 0.4729710 0.4729548 0.4728933 0.4727994 0.4726833 0.4725535 0.4724182 0.4722825 0.4721436 0.4719903 0.4717938 0.4714951 0.4709789 0.4708912 0.4708912 -9999.000 -9999.000 -9999.000 -9999.000 -9999.000 -9999.000 -9999.000 -9999.000 -9999.000 -9999.000 -9999.000 -9999.000 -9999.000 -9999.000 -9999.000 -9999.000 -9999.000 -9999.000 -9999.000 -9999.000 -9999.000 -9999.000 -9999.000 -9999.000 -9999.000 -9999.000 -9999.000 -9999.000
-9999.000 -9999.000 -9999.000 -9999.000 -9999.000 -9999.000 -9999.000 -9999.000 -9999.000 -9999.000 -9999.000 -9999.000 -9999.000 -9999.000 -9999.000 0.4747398 0.4750129 0.4749933 0.4749271 0.4748268 0.4747029 0.4745648 0.4744210 0.4742773 0.4741301 0.4739666 0.4737546 0.4734278 0.4728520 0.4726731 0.4726731 -9999.000 -9999.000 -9999.000 -9999.000 -9999.000 -9999.000 -9999.000 -9999.000 -9999.000 -9999.000 -9999.000 -9999.000 -9999.000 -9999.000 -9999.000 -9999.000 -9999.000 -9999.000 -9999.000 -9999.000 -9999.000 -9999.000 -9999.000 -9999.000 -9999.000 -9999.000 -9999.000 -9999.000
-9999.000 -9999.000 -9999.000 -9999.000 -9999.000 -9999.000 -9999.000 -9999.000 -9999.000 -9999.000 -9999.000 -9999.000 -9999.000 -9999.000 -9999.000 0.4767715 0.4770516 0.4770278 0.4769562 0.4768487 0.4767163 0.4765689 0.4764154 0.4762622 0.4761049 0.4759289 0.4756979 0.4753367 0.4746875 0.4743813 0.4743813 -9999.000 -9999.000 -9999.000 -9999.000 -9999.000 -9999.000 -9999.000 -9999.000 -9999.000 -9999.000 -9999.000 -9999.000 -9999.000 -9999.000 -9999.000 -9999.000 -9999.000 -9999.000 -9999.000 -9999.000 -9999.000 -9999.000 -9999.000 -9999.000 -9999.000 -9999.000 -9999.000 -9999.000
-9999.000 -9999.000 -9999.000 -9999.000 -9999.000 -9999.000 -9999.000 -9999.000 -9999.000 -9999.000 -9999.000 -9999.000 -9999.000 -9999.000 -9999.000 0.4787984 0.4790847 0.4790561 0.4789788 0.4788636 0.4787220 0.4785643 0.4783998 0.4782358 0.4780664 0.4778751 0.4776206 0.4772166 0.4764760 0.4759891 0.4759891 -9999.000 -9999.000 -9999.000 -9999.000 -9999.000 -9999.000 -9999.000 -9999.000 -9999.000 -9999.000 -9999.000 -9999.000 -9999.000 -9999.000 -9999.000 -9999.000 -9999.000 -9999.000 -9999.000 -9999.000 -9999.000 -9999.000 -9999.000 -9999.000 -9999.000 -9999.000 -9999.000 -9999.000
-9999.000 -9999.000 -9999.000 -9999.000 -9999.000 -9999.000 -9999.000 -9999.000 -9999.000 -9999.000 -9999.000 -9999.000 -9999.000 -9999.000 -9999.000 0.4808171 0.4811096 0.4810754 0.4809920 0.4808685 0.4807171 0.4805484 0.4803720 0.4801955 0.4800117 0.4798017 0.4795176 0.4790599 0.4782037 0.4774539 0.4774539 -9999.000 -9999.000 -9999.000 -9999.000 -9999.000 -9999.000 -9999.000 -9999.000 -9999.000 -9999.000 -9999.000 -9999.000 -9999.000 -9999.000 -9999.000 -9999.000 -9999.000 -9999.000 -9999.000 -9999.000 -9999.000 -9999.000 -9999.000 -9999.000 -9999.000 -9999.000 -9999.000 -9999.000
-9999.000 -9999.000 -9999.000 -9999.000 -9999.000 -9999.000 -9999.000 -9999.000 -9999.000 -9999.000 -9999.000 -9999.000 -9999.000 -9999.000 -9999.000 0.4828232 0.4831225 0.4830819 0.4829918 0.4828596 0.4826976 0.4825169 0.4823271 0.4821367 0.4819359 0.4817027 0.4813812 0.4808548 0.4798498 0.4787060 0.4787060 -9999.000 -9999.000 -9999.000 -9999.000 -9999.000 -9999.000 -9999.000 -9999.000 -9999.000 -9999.000 -9999.000 -9999.000 -9999.000 -9999.000 -9999.000 -9999.000 -9999.000 -9999.000 -9999.000 -9999.000 -9999.000 -9999.000 -9999.000 -9999.000 -9999.000 -9999.000 -9999.000 -9999.000
-9999.000 -9999.000 -9999.000 -9999.000 -9999.000 -9999.000 -9999.000 -9999.000 -9999.000 -9999.000 -9999.000 -9999.000 -9999.000 -9999.000 -9999.000 0.4848095 0.4851176 0.4850699 0.4849722 0.4848302 0.4846564 0.4844624 0.4842576 0.4840510 0.4838296 0.4835672 0.4831975 0.4825814 0.4813806 0.4796224 0.4796224 -9999.000 -9999.000 -9999.000 -9999.000 -9999.000 -9999.000 -9999.000 -9999.000 -9999.000 -9999.000 -9999.000 -9999.000 -9999.000 -9999.000 -9999.000 -9999.000 -9999.000 -9999.000 -9999.000 -9999.000 -9999.000 -9999.000 -9999.000 -9999.000 -9999.000 -9999.000 -9999.000 -9999.000
-9999.000 -9999.000 -9999.000 -9999.000 -9999.000 -9999.000 -9999.000 -9999.000 -9999.000 -9999.000 -9999.000 -9999.000 -9999.000 -9999.000 -9999.000 0.4867538 0.4870787 0.4870250 0.4869210 0.4867694 0.4865832 0.4863743 0.4861521 0.4859260 0.4856783 0.4853773 0.4849427 0.4842046 0.4827372 0.4799747 0.4799747 -9999.000 -9999.000 -9999.000 -9999.000 -9999.000 -9999.000 -9999.000 -9999.000 -9999.000 -9999.000 -9999.000 -9999.000 -9999.000 -9999.000 -9999.000 -9999.000 -9999.000 -9999.000 -9999.000 -9999.000 -9999.000 -9999.000 -9999.000 -9999.000 -9999.000 -9999.000 -9999.000 -9999.000
-9999.000 -9999.000 -9999.000 -9999.000 -9999.000 -9999.000 -9999.000 -9999.000 -9999.000 -9999.000 -9999.000 -9999.000 -9999.000 -9999.000 -9999.000 0.4871171 0.4883746 0.4886516 0.4887806 0.4887820 0.4886864 0.4885214 0.4883105 0.4880766 0.4878039 0.4874557 0.4869270 0.4859874 0.4840421 0.4789073 0.4789073 -9999.000 -9999.000 -9999.000 -9999.000 -9999.000 -9999.000 -9999.000 -9999.000 -9999.000 -9999.000 -9999.000 -9999.000 -9999.000 -9999.000 -9999.000 -9999.000 -9999.000 -9999.000 -9999.000 -9999.000 -9999.000 -9999.000 -9999.000 -9999.000 -9999.000 -9999.000 -9999.000 -9999.000
0.5116186 0.5116186 0.4988755 0.4850671 0.4814966 0.4814966 0.4784996 0.4734699 0.4734699 0.4692340 0.4692340 0.4655357 0.4638416 0.4622325 0.4606977 0.4606977 0.4944613 0.4949396 0.4952632 0.4958073 0.4966346 0.4976784 0.4988213 0.4999107 0.5006475 0.5006015 0.4989584 0.4942199 0.4829968 0.4511682 0.4511682 0.2861292 0.2646531 0.2608903 0.2610354 0.2610354 0.2645096 0.2645096 0.2816061 0.2816061 0.3072418 0.3749904 0.3749904 0.3970135 0.3970135 0.4004889 0.4004889 0.4004889 0.3935150 0.3935150 0.3848318 0.3848318 0.3765818 0.3765818 0.3690086 0.3690086 0.3626623 0.3626623 0.3626623
0.5103812 0.5103812 0.4968053 0.4843720 0.4807947 0.4807947 0.4777924 0.4727645 0.4727645 0.4685396 0.4685396 0.4648540 0.4631660 0.4615628 0.4600339 0.4600339 0.4876477 0.4891642 0.4882278 0.4868701 0.4858540 0.4854046 0.4856314 0.4866125 0.4877689 0.4888415 0.4890814 0.4871405 0.4801120 0.4595990 0.4595990 0.3428436 0.3041120 0.2734687 0.2673839 0.2673839 0.2662416 0.2662416 0.2812422 0.2812422 0.2997698 0.3655523 0.3655523 0.3976290 0.3976290 0.4017695 0.4017695 0.4017695 0.3939155 0.3939155 0.3849701 0.3849701 0.3766156 0.3766156 0.3689895 0.3689895 0.3625824 0.3625824 0.3625824
0.5096934 0.5096934 0.4958824 0.4843884 0.4808100 0.4808100 0.4777935 0.4727441 0.4727441 0.4685110 0.4685110 0.4648226 0.4631334 0.4615289 0.4599984 0.4599984 0.4822800 0.4847651 0.4830498 0.4801054 0.4773360 0.4752435 0.4740139 0.4737135 0.4740122 0.4746635 0.4750971 0.4743342 0.4696299 0.4551277 0.4551277 0.3700207 0.3303946 0.2882695 0.2781928 0.2781928 0.2742127 0.2742127 0.2890539 0.2890539 0.3039393 0.3560622 0.3560622 0.3951198 0.3951198 0.4017509 0.4017509 0.4017509 0.3944707 0.3944707 0.3854110 0.3854110 0.3767835 0.3767835 0.3690498 0.3690498 0.3626405 0.3626405 0.3626405
0.5091441 0.5091441 0.4951616 0.4844045 0.4808441 0.4808441 0.4778177 0.4727462 0.4727462 0.4685072 0.4685072 0.4648203 0.4631321 0.4615283 0.4599984 0.4599984 0.4768262 0.4796728 0.4775126 0.4733967 0.4691889 0.4656619 0.4631125 0.4616460 0.4610537 0.4610976 0.4612910 0.4607526 0.4572596 0.4460410 0.4460410 0.3866583 0.3492746 0.3044544 0.2933815 0.2933815 0.2901562 0.2901562 0.3047571 0.3047571 0.3159829 0.3514604 0.3514604 0.3880379 0.3880379 0.3998596 0.3998596 0.3998596 0.3936570 0.3936570 0.3848793 0.3848793 0.3762344 0.3762344 0.3685890 0.3685890 0.3623743 0.3623743 0.3623743
0.5087253 0.5087253 0.4946182 0.4844102 0.4808766 0.4808766 0.4778435 0.4727496 0.4727496 0.4685039 0.4685039 0.4648184 0.4631314 0.4615285 0.4599991 0.4599991 0.4713678 0.4735682 0.4708908 0.4658435 0.4604329 0.4556440 0.4518991 0.4493611 0.4479186 0.4473581 0.4472569 0.4468418 0.4442683 0.4356875 0.4356875 0.3943211 0.3616001 0.3211252 0.3126417 0.3126417 0.3140378 0.3140378 0.3263265 0.3263265 0.3328091 0.3515290 0.3515290 0.3785020 0.3785020 0.3949721 0.3949721 0.3949721 0.3910373 0.3910373 0.3833204 0.3833204 0.3751337 0.3751337 0.3678492 0.3678492 0.3620223 0.3620223 0.3620223
0.5084311 0.5084311 0.4942389 0.4844096 0.4809029 0.4809029 0.4778661 0.4727530 0.4727530 0.4685011 0.4685011 0.4648167 0.4631307 0.4615286 0.4599997 0.4599997 0.4660227 0.4665673 0.4630063 0.4570972 0.4506592 0.4447585 0.4399200 0.4363771 0.4341106 0.4329553 0.4325514 0.4322268 0.4304629 0.4242158 0.4242158 0.3956544 0.3693385 0.3401613 0.3374681 0.3374681 0.3438838 0.3438838 0.3497528 0.3497528 0.3507088 0.3551324 0.3551324 0.3699044 0.3699044 0.3874378 0.3874378 0.3874378 0.3864419 0.3864419 0.3805798 0.3805798 0.3734391 0.3734391 0.3668756 0.3668756 0.3616750 0.3616750 0.3616750
0.5082565 0.5082565 0.4940149 0.4844070 0.4809197 0.4809197 0.4778813 0.4727555 0.4727555 0.4684992 0.4684992 0.4648156 0.4631302 0.4615286 0.4600000 0.4600000 0.4606691 0.4587331 0.4537748 0.4469164 0.4395674 0.4327104 0.4269062 0.4224435 0.4193857 0.4176337 0.4169020 0.4166242 0.4155728 0.4114714 0.4114714 0.3928833 0.3751749 0.3651128 0.3691565 0.3691565 0.3753553 0.3753553 0.3711893 0.3711893 0.3669966 0.3607661 0.3607661 0.3643600 0.3643600 0.3785633 0.3785633 0.3785633 0.3801222 0.3801222 0.3765938 0.3765938 0.3710657 0.3710657 0.3656513 0.3656513 0.3613664 0.3613664 0.3613664
0.5081986 0.5081986 0.4939407 0.4844058 0.4809255 0.4809255 0.4778867 0.4727564 0.4727564 0.4684985 0.4684985 0.4648152 0.4631301 0.4615286 0.4600002 0.4600002 0.4549815 0.4499600 0.4430835 0.4350733 0.4268581 0.4191957 0.4125902 0.4073418 0.4035710 0.4012465 0.4001655 0.3998771 0.3994406 0.3974949 0.3974949 0.3882727 0.3833843 0.3985127 0.4055147 0.4055147 0.4032672 0.4032672 0.3887605 0.3887605 0.3807060 0.3672569 0.3672569 0.3621703 0.3621703 0.3699000 0.3699000 0.3699000 0.3727329 0.3727329 0.3714913 0.3714913 0.3679871 0.3679871 0.3641520 0.3641520 0.3610947 0.3610947 0.3610947
0.5082565 0.5082565 0.4940149 0.4844069 0.4809197 0.4809197 0.4778812 0.4727555 0.4727555 0.4684992 0.4684992 0.4648156 0.4631302 0.4615287 0.4600000 0.4600000 0.4484521 0.4399246 0.4307055 0.4213040 0.4122103 0.4038772 0.3966618 0.3908150 0.3864736 0.3836574 0.3822431 0.3819026 0.3820297 0.3827775 0.3827775 0.3855577 0.4008037 0.4375467 0.4399431 0.4399431 0.4247000 0.4247000 0.4025585 0.4025585 0.3920056 0.3738475 0.3738475 0.3625537 0.3625537 0.3626035 0.3626035 0.3626035 0.3651360 0.3651360 0.3656306 0.3656306 0.3642926 0.3642926 0.3623836 0.3623836 0.3608435 0.3608435 0.3608435
0.5084310 0.5084310 0.4942389 0.4844096 0.4809029 0.4809029 0.4778661 0.4727530 0.4727530 0.4685011 0.4685011 0.4648167 0.4631306 0.4615286 0.4599997 0.4599997 0.4403604 0.4280382 0.4162121 0.4052392 0.3952498 0.3863747 0.3787614 0.3725511 0.3678475 0.3646913 0.3630219 0.3626404 0.3634626 0.3690290 0.3690290 0.3922620 0.4347405 0.4731095 0.4661347 0.4661347 0.4400664 0.4400664 0.4134184 0.4134184 0.4013147 0.3800357 0.3800357 0.3644626 0.3644626 0.3571793 0.3571793 0.3571793 0.3581371 0.3581371 0.3595411 0.3595411 0.3602141 0.3602141 0.3604147 0.3604147 0.3605998 0.3605998 0.3605998
0.5087252 0.5087252 0.4946182 0.4844102 0.4808767 0.4808767 0.4778436 0.4727497 0.4727497 0.4685040 0.4685040 0.4648184 0.4631313 0.4615285 0.4599991 0.4599991 0.4296625 0.4133645 0.3988731 0.3863077 0.3754853 0.3662345 0.3584682 0.3521747 0.3473803 0.3441095 0.3423387 0.3420273 0.3442931 0.3615218 0.3615218 0.4204032 0.4842549 0.4975663 0.4840929 0.4840929 0.4511087 0.4511087 0.4219779 0.4219779 0.4088554 0.3854464 0.3854464 0.3669915 0.3669915 0.3535764 0.3535764 0.3535764 0.3522922 0.3522922 0.3538063 0.3538063 0.3561094 0.3561094 0.3583919 0.3583919 0.3603668 0.3603668 0.3603668
