simulation_files/asc/Depth____166.0.asc
NCOLS        79
NROWS        79
XLLCENTER         -1.500000
YLLCENTER         -4.800000
CELLSIZE           0.100
NODATA_VALUE     -9999.0
[rows 0 to 25 of 79, columns 0 to 58 of 79]
-9999.000 -9999.000 -9999.000 -9999.000 -9999.000 -9999.000 -9999.000 -9999.000 -9999.000 -9999.000 -9999.000 -9999.000 -9999.000 -9999.000 -9999.000 0.6423427 0.6426371 0.6426234 0.6425157 0.6423495 0.6421415 0.6419043 0.6416584 0.6414138 0.6411762 0.6409523 0.6407399 0.6405089 0.6401606 0.6401129 0.6401129 -9999.000 -9999.000 -9999.000 -9999.000 -9999.000 -9999.000 -9999.000 -9999.000 -9999.000 -9999.000 -9999.000 -9999.000 -9999.000 -9999.000 -9999.000 -9999.000 -9999.000 -9999.000 -9999.000 -9999.000 -9999.000 -9999.000 -9999.000 -9999.000 -9999.000 -9999.000 -9999.000 -9999.000
-9999.000 -9999.000 -9999.000 -9999.000 -9999.000 -9999.000 -9999.000 -9999.000 -9999.000 -9999.000 -9999.000 -9999.000 -9999.000 -9999.000 -9999.000 0.6440861 0.6443765 0.6443642 0.6442759 0.6441422 0.6439768 0.6437898 0.6435980 0.6434093 0.6432276 0.6430587 0.6428998 0.6427245 0.6424437 0.6424695 0.6424695 -9999.000 -9999.000 -9999.000 -9999.000 -9999.000 -9999.000 -9999.000 -9999.000 -9999.000 -9999.000 -9999.000 -9999.000 -9999.000 -9999.000 -9999.000 -9999.000 -9999.000 -9999.000 -9999.000 -9999.000 -9999.000 -9999.000 -9999.000 -9999.000 -9999.000 -9999.000 -9999.000 -9999.000
-9999.000 -9999.000 -9999.000 -9999.000 -9999.000 -9999.000 -9999.000 -9999.000 -9999.000 -9999.000 -9999.000 -9999.000 -9999.000 -9999.000 -9999.000 0.6460225 0.6463410 0.6463356 0.6462532 0.6461258 0.6459678 0.6457894 0.6456072 0.6454290 0.6452580 0.6450991 0.6449484 0.6447768 0.6444897 0.6445119 0.6445119 -9999.000 -9999.000 -9999.000 -9999.000 -9999.000 -9999.000 -9999.000 -9999.000 -9999.000 -9999.000 -9999.000 -9999.000 -9999.000 -9999.000 -9999.000 -9999.000 -9999.000 -9999.000 -9999.000 -9999.000 -9999.000 -9999.000 -9999.000 -9999.000 -9999.000 -9999.000 -9999.000 -9999.000
-9999.000 -9999.000 -9999.000 -9999.000 -9999.000 -9999.000 -9999.000 -9999.000 -9999.000 -9999.000 -9999.000 -9999.000 -9999.000 -9999.000 -9999.000 0.6480036 0.6483393 0.6483374 0.6482563 0.6481296 0.6479724 0.6477947 0.6476139 0.6474375 0.6472683 0.6471111 0.6469612 0.6467871 0.6464880 0.6464903 0.6464903 -9999.000 -9999.000 -9999.000 -9999.000 -9999.000 -9999.000 -9999.000 -9999.000 -9999.000 -9999.000 -9999.000 -9999.000 -9999.000 -9999.000 -9999.000 -9999.000 -9999.000 -9999.000 -9999.000 -9999.000 -9999.000 -9999.000 -9999.000 -9999.000 -9999.000 -9999.000 -9999.000 -9999.000
-9999.000 -9999.000 -9999.000 -9999.000 -9999.000 -9999.000 -9999.000 -9999.000 -9999.000 -9999.000 -9999.000 -9999.000 -9999.000 -9999.000 -9999.000 0.6500039 0.6503520 0.6503520 0.6502697 0.6501407 0.6499806 0.6497997 0.6496161 0.6494372 0.6492656 0.6491060 0.6489531 0.6487733 0.6484574 0.6484264 0.6484264 -9999.000 -9999.000 -9999.000 -9999.000 -9999.000 -9999.000 -9999.000 -9999.000 -9999.000 -9999.000 -9999.000 -9999.000 -9999.000 -9999.000 -9999.000 -9999.000 -9999.000 -9999.000 -9999.000 -9999.000 -9999.000 -9999.000 -9999.000 -9999.000 -9999.000 -9999.000 -9999.000 -9999.000
-9999.000 -9999.000 -9999.000 -9999.000 -9999.000 -9999.000 -9999.000 -9999.000 -9999.000 -9999.000 -9999.000 -9999.000 -9999.000 -9999.000 -9999.000 0.6520106 0.6523688 0.6523700 0.6522853 0.6521523 0.6519876 0.6518013 0.6516127 0.6514292 0.6512530 0.6510890 0.6509312 0.6507431 0.6504062 0.6503288 0.6503288 -9999.000 -9999.000 -9999.000 -9999.000 -9999.000 -9999.000 -9999.000 -9999.000 -9999.000 -9999.000 -9999.000 -9999.000 -9999.000 -9999.000 -9999.000 -9999.000 -9999.000 -9999.000 -9999.000 -9999.000 -9999.000 -9999.000 -9999.000 -9999.000 -9999.000 -9999.000 -9999.000 -9999.000
-9999.000 -9999.000 -9999.000 -9999.000 -9999.000 -9999.000 -9999.000 -9999.000 -9999.000 -9999.000 -9999.000 -9999.000 -9999.000 -9999.000 -9999.000 0.6540170 0.6543845 0.6543866 0.6542987 0.6541608 0.6539903 0.6537977 0.6536029 0.6534137 0.6532316 0.6530621 0.6528981 0.6526998 0.6523378 0.6521983 0.6521983 -9999.000 -9999.000 -9999.000 -9999.000 -9999.000 -9999.000 -9999.000 -9999.000 -9999.000 -9999.000 -9999.000 -9999.000 -9999.000 -9999.000 -9999.000 -9999.000 -9999.000 -9999.000 -9999.000 -9999.000 -9999.000 -9999.000 -9999.000 -9999.000 -9999.000 -9999.000 -9999.000 -9999.000
-9999.000 -9999.000 -9999.000 -9999.000 -9999.000 -9999.000 -9999.000 -9999.000 -9999.000 -9999.000 -9999.000 -9999.000 -9999.000 -9999.000 -9999.000 0.6560194 0.6563960 0.6563990 0.6563073 0.6561639 0.6559869 0.6557872 0.6555855 0.6553900 0.6552014 0.6550255 0.6548544 0.6546441 0.6542522 0.6540313 0.6540313 -9999.000 -9999.000 -9999.000 -9999.000 -9999.000 -9999.000 -9999.000 -9999.000 -9999.000 -9999.000 -9999.000 -9999.000 -9999.000 -9999.000 -9999.000 -9999.000 -9999.000 -9999.000 -9999.000 -9999.000 -9999.000 -9999.000 -9999.000 -9999.000 -9999.000 -9999.000 -9999.000 -9999.000
-9999.000 -9999.000 -9999.000 -9999.000 -9999.000 -9999.000 -9999.000 -9999.000 -9999.000 -9999.000 -9999.000 -9999.000 -9999.000 -9999.000 -9999.000 0.6580154 0.6584014 0.6584051 0.6583091 0.6581597 0.6579758 0.6577684 0.6575593 0.6573570 0.6571612 0.6569784 0.6567994 0.6565752 0.6561477 0.6558198 0.6558198 -9999.000 -9999.000 -9999.000 -9999.000 -9999.000 -9999.000 -9999.000 -9999.000 -9999.000 -9999.000 -9999.000 -9999.000 -9999.000 -9999.000 -9999.000 -9999.000 -9999.000 -9999.000 -9999.000 -9999.000 -9999.000 -9999.000 -9999.000 -9999.000 -9999.000 -9999.000 -9999.000 -9999.000
-9999.000 -9999.000 -9999.000 -9999.000 -9999.000 -9999.000 -9999.000 -9999.000 -9999.000 -9999.000 -9999.000 -9999.000 -9999.000 -9999.000 -9999.000 0.6600028 0.6603989 0.6604031 0.6603025 0.6601465 0.6599553 0.6597396 0.6595228 0.6593134 0.6591098 0.6589195 0.6587315 0.6584913 0.6580215 0.6575513 0.6575513 -9999.000 -9999.000 -9999.000 -9999.000 -9999.000 -9999.000 -9999.000 -9999.000 -9999.000 -9999.000 -9999.000 -9999.000 -9999.000 -9999.000 -9999.000 -9999.000 -9999.000 -9999.000 -9999.000 -9999.000 -9999.000 -9999.000 -9999.000 -9999.000 -9999.000 -9999.000 -9999.000 -9999.000
-9999.000 -9999.000 -9999.000 -9999.000 -9999.000 -9999.000 -9999.000 -9999.000 -9999.000 -9999.000 -9999.000 -9999.000 -9999.000 -9999.000 -9999.000 0.6619794 0.6623867 0.6623913 0.6622853 0.6621224 0.6619232 0.6616988 0.6614739 0.6612568 0.6610449 0.6608464 0.6606486 0.6603893 0.6598687 0.6592070 0.6592070 -9999.000 -9999.000 -9999.000 -9999.000 -9999.000 -9999.000 -9999.000 -9999.000 -9999.000 -9999.000 -9999.000 -9999.000 -9999.000 -9999.000 -9999.000 -9999.000 -9999.000 -9999.000 -9999.000 -9999.000 -9999.000 -9999.000 -9999.000 -9999.000 -9999.000 -9999.000 -9999.000 -9999.000
-9999.000 -9999.000 -9999.000 -9999.000 -9999.000 -9999.000 -9999.000 -9999.000 -9999.000 -9999.000 -9999.000 -9999.000 -9999.000 -9999.000 -9999.000 0.6639428 0.6643624 0.6643671 0.6642551 0.6640846 0.6638770 0.6636432 0.6634095 0.6631847 0.6629635 0.6627561 0.6625469 0.6622649 0.6616825 0.6607586 0.6607586 -9999.000 -9999.000 -9999.000 -9999.000 -9999.000 -9999.000 -9999.000 -9999.000 -9999.000 -9999.000 -9999.000 -9999.000 -9999.000 -9999.000 -9999.000 -9999.000 -9999.000 -9999.000 -9999.000 -9999.000 -9999.000 -9999.000 -9999.000 -9999.000 -9999.000 -9999.000 -9999.000 -9999.000
-9999.000 -9999.000 -9999.000 -9999.000 -9999.000 -9999.000 -9999.000 -9999.000 -9999.000 -9999.000 -9999.000 -9999.000 -9999.000 -9999.000 -9999.000 0.6658890 0.6663229 0.6663273 0.6662084 0.6660296 0.6658131 0.6655691 0.6653262 0.6650928 0.6648614 0.6646439 0.6644212 0.6641117 0.6634533 0.6621621 0.6621621 -9999.000 -9999.000 -9999.000 -9999.000 -9999.000 -9999.000 -9999.000 -9999.000 -9999.000 -9999.000 -9999.000 -9999.000 -9999.000 -9999.000 -9999.000 -9999.000 -9999.000 -9999.000 -9999.000 -9999.000 -9999.000 -9999.000 -9999.000 -9999.000 -9999.000 -9999.000 -9999.000 -9999.000
-9999.000 -9999.000 -9999.000 -9999.000 -9999.000 -9999.000 -9999.000 -9999.000 -9999.000 -9999.000 -9999.000 -9999.000 -9999.000 -9999.000 -9999.000 0.6677953 0.6682538 0.6682619 0.6681391 0.6679540 0.6677293 0.6674747 0.6672217 0.6669785 0.6667346 0.6665049 0.6662654 0.6659210 0.6651672 0.6633506 0.6633506 -9999.000 -9999.000 -9999.000 -9999.000 -9999.000 -9999.000 -9999.000 -9999.000 -9999.000 -9999.000 -9999.000 -9999.000 -9999.000 -9999.000 -9999.000 -9999.000 -9999.000 -9999.000 -9999.000 -9999.000 -9999.000 -9999.000 -9999.000 -9999.000 -9999.000 -9999.000 -9999.000 -9999.000
-9999.000 -9999.000 -9999.000 -9999.000 -9999.000 -9999.000 -9999.000 -9999.000 -9999.000 -9999.000 -9999.000 -9999.000 -9999.000 -9999.000 -9999.000 0.6657834 0.6690337 0.6703637 0.6707207 0.6705946 0.6703648 0.6700538 0.6697137 0.6693693 0.6690163 0.6686804 0.6683352 0.6678581 0.6668493 0.6636271 0.6636271 -9999.000 -9999.000 -9999.000 -9999.000 -9999.000 -9999.000 -9999.000 -9999.000 -9999.000 -9999.000 -9999.000 -9999.000 -9999.000 -9999.000 -9999.000 -9999.000 -9999.000 -9999.000 -9999.000 -9999.000 -9999.000 -9999.000 -9999.000 -9999.000 -9999.000 -9999.000 -9999.000 -9999.000
0.7480255 0.7480255 0.7342945 0.7170863 0.7131686 0.7131686 0.7098682 0.7043324 0.7043324 0.6997175 0.6997175 0.6957167 0.6938881 0.6921533 0.6905009 0.6905009 0.6730529 0.6721211 0.6717322 0.6722451 0.6732064 0.6745477 0.6764799 0.6787882 0.6810731 0.6833196 0.6850331 0.6848313 0.6788459 0.6520546 0.6520546 0.4596702 0.4263639 0.4063227 0.3994227 0.3994227 0.3882703 0.3882703 0.3892848 0.3892848 0.3985091 0.4410994 0.4410994 0.5328330 0.5328330 0.5835506 0.5835506 0.5835506 0.5845693 0.5845693 0.5754632 0.5754632 0.5626569 0.5626569 0.5491268 0.5491268 0.5365738 0.5365738 0.5365738
0.7456765 0.7456765 0.7321677 0.7160365 0.7121384 0.7121384 0.7088503 0.7033340 0.7033340 0.6987350 0.6987350 0.6947476 0.6929257 0.6911978 0.6895521 0.6895521 0.6748580 0.6710833 0.6674756 0.6642979 0.6615866 0.6595066 0.6582943 0.6579829 0.6584559 0.6596872 0.6614456 0.6631021 0.6630301 0.6531789 0.6531789 0.5227867 0.4728255 0.4233550 0.4093605 0.4093605 0.3928488 0.3928488 0.3931210 0.3931210 0.4017705 0.4392136 0.4392136 0.5100803 0.5100803 0.5800592 0.5800592 0.5800592 0.5840259 0.5840259 0.5756334 0.5756334 0.5630060 0.5630060 0.5496182 0.5496182 0.5371307 0.5371307 0.5371307
0.7450879 0.7450879 0.7303220 0.7160929 0.7121696 0.7121696 0.7088549 0.7033069 0.7033069 0.6986979 0.6986979 0.6947069 0.6928830 0.6911529 0.6895050 0.6895050 0.6761948 0.6698875 0.6634545 0.6573774 0.6519325 0.6473318 0.6437809 0.6413590 0.6400199 0.6397396 0.6403754 0.6414770 0.6417909 0.6358114 0.6358114 0.5536572 0.5020890 0.4399205 0.4211195 0.4211195 0.4012712 0.4012712 0.4050544 0.4050544 0.4158421 0.4509965 0.4509965 0.5033438 0.5033438 0.5723169 0.5723169 0.5723169 0.5807316 0.5807316 0.5743521 0.5743521 0.5624765 0.5624765 0.5494050 0.5494050 0.5370924 0.5370924 0.5370924
0.7444040 0.7444040 0.7290869 0.7161444 0.7122150 0.7122150 0.7088825 0.7033113 0.7033113 0.6986976 0.6986976 0.6947067 0.6928831 0.6911532 0.6895052 0.6895052 0.6768135 0.6682130 0.6590785 0.6502572 0.6422423 0.6353216 0.6296924 0.6254383 0.6225300 0.6209160 0.6204715 0.6208557 0.6211251 0.6173168 0.6173168 0.5655538 0.5200850 0.4558535 0.4353788 0.4353788 0.4171820 0.4171820 0.4279621 0.4279621 0.4407981 0.4702915 0.4702915 0.5032979 0.5032979 0.5600054 0.5600054 0.5600054 0.5728666 0.5728666 0.5700718 0.5700718 0.5600915 0.5600915 0.5479957 0.5479957 0.5363134 0.5363134 0.5363134
0.7438651 0.7438651 0.7281944 0.7161729 0.7122539 0.7122539 0.7089077 0.7033158 0.7033158 0.6986980 0.6986980 0.6947076 0.6928841 0.6911542 0.6895065 0.6895065 0.6764274 0.6656417 0.6539298 0.6424854 0.6319804 0.6227834 0.6151103 0.6090602 0.6046255 0.6017458 0.6002969 0.5999974 0.6001242 0.5978537 0.5978537 0.5652329 0.5282847 0.4694400 0.4513733 0.4513733 0.4427873 0.4427873 0.4618912 0.4618912 0.4739940 0.4922566 0.4922566 0.5068486 0.5068486 0.5457929 0.5457929 0.5457929 0.5611183 0.5611183 0.5626345 0.5626345 0.5556983 0.5556983 0.5454294 0.5454294 0.5349585 0.5349585 0.5349585
0.7434756 0.7434756 0.7275958 0.7161847 0.7122816 0.7122816 0.7089274 0.7033197 0.7033197 0.6986984 0.6986984 0.6947082 0.6928850 0.6911552 0.6895075 0.6895075 0.6747962 0.6617684 0.6475762 0.6336581 0.6207997 0.6094244 0.5997675 0.5919439 0.5859708 0.5817999 0.5793210 0.5783010 0.5781855 0.5769894 0.5769894 0.5568253 0.5287855 0.4818115 0.4713525 0.4713525 0.4800496 0.4800496 0.5024527 0.5024527 0.5093980 0.5127580 0.5127580 0.5121471 0.5121471 0.5326546 0.5326546 0.5326546 0.5473610 0.5473610 0.5525264 0.5525264 0.5492722 0.5492722 0.5416371 0.5416371 0.5330282 0.5330282 0.5330282
0.7432394 0.7432394 0.7272528 0.7161875 0.7122981 0.7122981 0.7089397 0.7033224 0.7033224 0.6986989 0.6986989 0.6947088 0.6928855 0.6911559 0.6895081 0.6895081 0.6716527 0.6561754 0.6395449 0.6233063 0.6082770 0.5948930 0.5833898 0.5738870 0.5664180 0.5609537 0.5574066 0.5555942 0.5551037 0.5545956 0.5545956 0.5428069 0.5236781 0.4971186 0.5006514 0.5006514 0.5275823 0.5275823 0.5420004 0.5420004 0.5407184 0.5298563 0.5298563 0.5182382 0.5182382 0.5224398 0.5224398 0.5224398 0.5336469 0.5336469 0.5407131 0.5407131 0.5410187 0.5410187 0.5365816 0.5365816 0.5304749 0.5304749 0.5304749
0.7431602 0.7431602 0.7271413 0.7161877 0.7123035 0.7123035 0.7089440 0.7033232 0.7033232 0.6986990 0.6986990 0.6947089 0.6928857 0.6911561 0.6895083 0.6895083 0.6666348 0.6483800 0.6292953 0.6108810 0.5938977 0.5787383 0.5656083 0.5546100 0.5457771 0.5390932 0.5344948 0.5318479 0.5308701 0.5307833 0.5307833 0.5250533 0.5157104 0.5229450 0.5448236 0.5448236 0.5776280 0.5776280 0.5740030 0.5740030 0.5648382 0.5435619 0.5435619 0.5246441 0.5246441 0.5156685 0.5156685 0.5156685 0.5215511 0.5215511 0.5283971 0.5283971 0.5314250 0.5314250 0.5303622 0.5303622 0.5272862 0.5272862 0.5272862
0.7432393 0.7432393 0.7272529 0.7161875 0.7122981 0.7122981 0.7089397 0.7033222 0.7033222 0.6986989 0.6986989 0.6947088 0.6928856 0.6911559 0.6895081 0.6895081 0.6592106 0.6377626 0.6161677 0.5957250 0.5770410 0.5604039 0.5459484 0.5337311 0.5237652 0.5160328 0.5104867 0.5070366 0.5055385 0.5058756 0.5058756 0.5057620 0.5100576 0.5675129 0.6023751 0.6023751 0.6192207 0.6192207 0.5966561 0.5966561 0.5822951 0.5547172 0.5547172 0.5310770 0.5310770 0.5119714 0.5119714 0.5119714 0.5119193 0.5119193 0.5167319 0.5167319 0.5212147 0.5212147 0.5232719 0.5232719 0.5235421 0.5235421 0.5235421
0.7434756 0.7434756 0.7275959 0.7161847 0.7122817 0.7122817 0.7089273 0.7033195 0.7033195 0.6986985 0.6986985 0.6947083 0.6928850 0.6911553 0.6895074 0.6895074 0.6485653 0.6234619 0.5993046 0.5770179 0.5569485 0.5392098 0.5238191 0.5107571 0.4999917 0.4914866 0.4851986 0.4810762 0.4791847 0.4806636 0.4806636 0.4892274 0.5174432 0.6301242 0.6596109 0.6596109 0.6466151 0.6466151 0.6120612 0.6120612 0.5950586 0.5639809 0.5639809 0.5372008 0.5372008 0.5105539 0.5105539 0.5105539 0.5049052 0.5049052 0.5065832 0.5065832 0.5112297 0.5112297 0.5157960 0.5157960 0.5194410 0.5194410 0.5194410
0.7438650 0.7438650 0.7281946 0.7161730 0.7122539 0.7122539 0.7089077 0.7033158 0.7033158 0.6986980 0.6986980 0.6947076 0.6928841 0.6911543 0.6895064 0.6895064 0.6334022 0.6042027 0.5775188 0.5536845 0.5326622 0.5143138 0.4984910 0.4850671 0.4739441 0.4650508 0.4583350 0.4537946 0.4520133 0.4576363 0.4576363 0.4860830 0.5543661 0.6929806 0.6991063 0.6991063 0.6623664 0.6623664 0.6228402 0.6228402 0.6046818 0.5716324 0.5716324 0.5426854 0.5426854 0.5105852 0.5105852 0.5105852 0.5002174 0.5002174 0.4984372 0.4984372 0.5022706 0.5022706 0.5085669 0.5085669 0.5153174 0.5153174 0.5153174
