simulation_files/asc/Depth____580.0.asc
NCOLS       216
NROWS       273
XLLCENTER        494.688995
YLLCENTER        787.867981
CELLSIZE           0.500
NODATA_VALUE     -9999.0
[rows 162 to 188 of 273, columns 118 to 176 of 216]
2.016440 2.692659 2.890120 2.926191 2.936132 2.944103 2.722735 2.152007 1.534994 0.6669904 0.1845942 0.8955133E-01 0.1188725 0.1607730 0.1434818 0.1326532 0.1591298 0.1731408 0.1955283 0.2039982 0.1986686 0.1554691 0.1127489 0.1178782 0.1463143 0.1525743 0.1169464 0.7596768E-01 -9999.000 -9999.000 -9999.000 -9999.000 -9999.000 -9999.000 -9999.000 -9999.000 -9999.000 -9999.000 -9999.000 -9999.000 -9999.000 -9999.000 -9999.000 -9999.000 -9999.000 -9999.000 -9999.000 -9999.000 -9999.000 -9999.000 -9999.000 -9999.000 -9999.000 -9999.000 -9999.000 -9999.000 -9999.000 -9999.000 -9999.000
1.677425 2.598887 2.883086 2.914909 2.913788 2.506097 1.792294 1.079348 0.4876291 0.1660931 0.1456731 0.1277586 0.1342001 0.1263046 0.1433044 0.1560303 0.1613054 0.1607616 0.1955860 0.2213577 0.2213754 0.1615914 0.1204271 0.1276018 0.1663791 0.1810353 0.1577895 0.1065263 0.4638710E-01 -9999.000 -9999.000 -9999.000 -9999.000 -9999.000 -9999.000 -9999.000 -9999.000 -9999.000 -9999.000 -9999.000 -9999.000 -9999.000 -9999.000 -9999.000 -9999.000 -9999.000 -9999.000 -9999.000 -9999.000 -9999.000 -9999.000 -9999.000 -9999.000 -9999.000 -9999.000 -9999.000 -9999.000 -9999.000 -9999.000
1.278306 2.307057 2.762728 2.901286 2.481000 1.587712 -9999.000 0.1763183 0.1337925 0.1057051 0.1257280 0.1123716 0.1063042 0.9515767E-01 0.1215720 0.1485875 0.1453335 0.1474554 0.1726604 0.2064640 0.2054522 0.1401516 0.1104664 0.1285400 0.1735706 0.1821154 0.1465720 0.1139341 0.5382608E-01 -9999.000 -9999.000 -9999.000 -9999.000 -9999.000 -9999.000 -9999.000 -9999.000 -9999.000 -9999.000 -9999.000 -9999.000 -9999.000 -9999.000 -9999.000 -9999.000 -9999.000 -9999.000 -9999.000 -9999.000 -9999.000 -9999.000 -9999.000 -9999.000 -9999.000 -9999.000 -9999.000 -9999.000 -9999.000 -9999.000
-9999.000 1.501562 2.321898 2.425451 1.639867 -9999.000 0.1234076 0.1415338 0.1151352 0.8372965E-01 0.7127668E-01 0.7233977E-01 0.8672413E-01 0.8614604E-01 0.1131058 0.1448721 0.1526670 0.1722730 0.1982908 0.2210858 0.1706888 0.1159821 0.1024175 0.1199206 0.1639772 0.1647718 0.1478720 0.1099983 0.6370419E-01 0.2496433E-01 -9999.000 -9999.000 -9999.000 -9999.000 -9999.000 -9999.000 -9999.000 -9999.000 -9999.000 -9999.000 -9999.000 -9999.000 -9999.000 -9999.000 -9999.000 -9999.000 -9999.000 -9999.000 -9999.000 -9999.000 -9999.000 -9999.000 -9999.000 -9999.000 -9999.000 -9999.000 -9999.000 -9999.000 -9999.000
-9999.000 0.6816503 1.379479 1.211401 -9999.000 0.1529964 0.1674094 0.1480484 0.1356127 0.1030000 0.6482229E-01 0.6049537E-01 0.7202564E-01 0.7108959E-01 0.1188091 0.1744287 0.2065912 0.2323374 0.2551785 0.2181704 0.1350336 0.1315289 0.1297875 0.1398257 0.1644401 0.1724651 0.1579698 0.1323031 0.1019765 0.5849694E-01 -9999.000 -9999.000 0.1836429E-01 -9999.000 -9999.000 -9999.000 -9999.000 -9999.000 -9999.000 -9999.000 -9999.000 -9999.000 -9999.000 -9999.000 -9999.000 -9999.000 -9999.000 -9999.000 -9999.000 -9999.000 -9999.000 -9999.000 -9999.000 -9999.000 -9999.000 -9999.000 -9999.000 -9999.000 -9999.000
-9999.000 -9999.000 -9999.000 0.2556535 0.1514145 0.1990904 0.1734770 0.1656847 0.1692531 0.1396258 0.1130790 0.9585759E-01 0.8264951E-01 0.7986242E-01 0.1409568 0.2202592 0.2366249 0.2454634 0.2428201 0.1655652 0.9816889E-01 0.1412352 0.1517930 0.1665018 0.1726023 0.1367595 0.1283943 0.1284767 0.1179008 0.8169410E-01 -9999.000 -9999.000 -9999.000 -9999.000 -9999.000 -9999.000 -9999.000 -9999.000 -9999.000 -9999.000 -9999.000 -9999.000 -9999.000 -9999.000 -9999.000 -9999.000 -9999.000 -9999.000 -9999.000 -9999.000 -9999.000 -9999.000 -9999.000 -9999.000 -9999.000 -9999.000 -9999.000 -9999.000 -9999.000
-9999.000 -9999.000 -9999.000 0.8986232E-01 0.1928853 0.1978325 0.1989563 0.2052791 0.2086628 0.1916766 0.1735789 0.1535628 0.1261607 0.1115575 0.1443656 0.1923528 0.2047136 0.1996597 0.1649035 0.1416937 0.1026625 0.1333399 0.1555991 0.1737316 0.1676278 0.1125317 0.9530959E-01 0.1187855 0.1290484 0.1075994 0.5475261E-01 0.2109153E-01 0.1633068E-01 -9999.000 -9999.000 -9999.000 -9999.000 -9999.000 -9999.000 -9999.000 -9999.000 -9999.000 -9999.000 -9999.000 -9999.000 -9999.000 -9999.000 -9999.000 -9999.000 -9999.000 -9999.000 -9999.000 -9999.000 -9999.000 -9999.000 -9999.000 -9999.000 -9999.000 -9999.000
-9999.000 -9999.000 -9999.000 0.8075816E-01 0.1137519 0.1533643 0.2063569 0.2318402 0.2125385 0.1884092 0.1786436 0.1777811 0.1569085 0.1197200 0.1075411 0.9222124E-01 0.1323022 0.1215226 0.1344712 0.1769656 0.1444677 0.1628027 0.1934460 0.2214725 0.2129773 0.1513676 0.1144496 0.1221929 0.1361678 0.1309812 0.8428591E-01 0.4520750E-01 0.3784817E-01 -9999.000 -9999.000 -9999.000 -9999.000 -9999.000 -9999.000 -9999.000 -9999.000 -9999.000 -9999.000 -9999.000 -9999.000 -9999.000 -9999.000 -9999.000 -9999.000 -9999.000 -9999.000 -9999.000 -9999.000 -9999.000 -9999.000 -9999.000 -9999.000 -9999.000 -9999.000
-9999.000 -9999.000 -9999.000 0.2887110E-01 0.6891325E-01 0.1370123 0.2027531 0.2170632 0.2079750 0.1914343 0.1700324 0.1426900 0.1058379 0.8712302E-01 0.9260848E-01 0.1144051 0.1333192 0.1181734 0.1372965 0.1585595 0.1420494 0.1770342 0.2443784 0.2858718 0.2690378 0.1895034 0.1302749 0.1329138 0.1462398 0.1578911 0.1144441 0.7667433E-01 0.6556140E-01 0.5557786E-01 -9999.000 -9999.000 -9999.000 -9999.000 -9999.000 -9999.000 -9999.000 -9999.000 -9999.000 -9999.000 -9999.000 -9999.000 -9999.000 -9999.000 -9999.000 -9999.000 -9999.000 -9999.000 -9999.000 -9999.000 -9999.000 -9999.000 -9999.000 -9999.000 -9999.000
-9999.000 -9999.000 -9999.000 -9999.000 -9999.000 0.9776683E-01 0.1450009 0.1791600 0.2075321 0.2283623 0.1686795 0.8869980E-01 0.5199111E-01 0.4767774E-01 0.8851186E-01 0.1554827 0.1909369 0.2096923 0.1581386 0.9517707E-01 0.8137150E-01 0.1528607 0.2626990 0.3015573 0.2554297 0.1793824 0.1422329 0.1637685 0.1880145 0.1922151 0.1437163 0.1137145 0.1171587 0.9787817E-01 0.7553285E-01 0.6177353E-01 0.4658695E-01 0.3072177E-01 -9999.000 -9999.000 -9999.000 -9999.000 -9999.000 -9999.000 -9999.000 -9999.000 -9999.000 -9999.000 -9999.000 -9999.000 -9999.000 -9999.000 -9999.000 -9999.000 -9999.000 -9999.000 -9999.000 -9999.000 -9999.000
-9999.000 -9999.000 -9999.000 -9999.000 -9999.000 0.5113183E-01 0.7592760E-01 0.1290338 0.1889278 0.2125850 0.1778445 0.1125231 0.7780670E-01 0.7751593E-01 0.1121138 0.1731121 0.2066636 0.2389857 0.1998426 0.1200992 0.1029085 0.1674198 0.2518000 0.2653111 0.2261594 0.1626573 0.1406378 0.1501869 0.1830026 0.2069367 0.1714423 0.1610552 0.1714365 0.1652870 0.1149856 0.9592974E-01 0.8993868E-01 0.6250240E-01 -9999.000 -9999.000 -9999.000 -9999.000 -9999.000 -9999.000 -9999.000 -9999.000 -9999.000 -9999.000 -9999.000 -9999.000 -9999.000 -9999.000 -9999.000 -9999.000 -9999.000 -9999.000 -9999.000 -9999.000 -9999.000
-9999.000 -9999.000 -9999.000 -9999.000 -9999.000 0.4260059E-01 0.8011277E-01 0.1205720 0.1678742 0.1901515 0.1975715 0.1696430 0.1261587 0.1198885 0.1455003 0.1761218 0.2002036 0.2483428 0.2546405 0.2154385 0.2063630 0.2090768 0.2167663 0.2259712 0.1657718 0.1350604 0.1176181 0.1104116 0.1345540 0.1771064 0.1623889 0.1651180 0.1834123 0.1773065 0.1508138 0.1239067 0.1207905 0.1076043 0.4790173E-01 -9999.000 -9999.000 -9999.000 -9999.000 -9999.000 -9999.000 -9999.000 -9999.000 -9999.000 -9999.000 -9999.000 -9999.000 -9999.000 -9999.000 -9999.000 -9999.000 -9999.000 -9999.000 -9999.000 -9999.000
-9999.000 -9999.000 -9999.000 -9999.000 -9999.000 -9999.000 0.1067461 0.1113819 0.1458928 0.1908874 0.2197034 0.2011610 0.1526735 0.1187513 0.1251323 0.1441033 0.1788734 0.2439674 0.2667217 0.2659211 0.2805384 0.2152231 0.1747058 0.1582322 0.1383508 0.1189966 0.1039537 0.1086363 0.1327145 0.1628868 0.1463988 0.1372673 0.1459927 0.1596954 0.1463148 0.1193747 0.1263586 0.1233394 0.7509266E-01 0.3885081E-01 -9999.000 -9999.000 -9999.000 -9999.000 -9999.000 -9999.000 -9999.000 -9999.000 -9999.000 -9999.000 -9999.000 -9999.000 -9999.000 -9999.000 -9999.000 -9999.000 -9999.000 -9999.000 -9999.000
-9999.000 -9999.000 -9999.000 -9999.000 -9999.000 -9999.000 -9999.000 0.6020401E-01 0.1037464 0.1835593 0.2325050 0.2116120 0.1535856 0.9244644E-01 0.7347007E-01 0.7853767E-01 0.1295985 0.2274685 0.2366902 0.2159316 0.1865908 0.1448069 0.1361674 0.1769026 0.2065609 0.1455300 0.1217600 0.1368806 0.1565989 0.1795822 0.1733826 0.1471171 0.1386016 0.1540391 0.1306371 0.8043857E-01 0.7975313E-01 0.1109613 0.1034849 0.8420388E-01 -9999.000 -9999.000 -9999.000 -9999.000 -9999.000 -9999.000 -9999.000 -9999.000 -9999.000 -9999.000 -9999.000 -9999.000 -9999.000 -9999.000 -9999.000 -9999.000 -9999.000 -9999.000 -9999.000
-9999.000 -9999.000 -9999.000 -9999.000 -9999.000 -9999.000 -9999.000 -9999.000 0.6297066E-01 0.1425275 0.1972959 0.1914534 0.1263262 0.6147778E-01 0.3734193E-01 0.3746293E-01 0.7578298E-01 0.1559854 0.1548579 0.1244839 0.9971271E-01 0.1068839 0.1371111 0.2169895 0.2518681 0.1987574 0.1861938 0.1995952 0.2074477 0.2186633 0.2346028 0.2351140 0.1891826 0.1506314 0.9399920E-01 0.3957467E-01 0.7457731E-01 0.1235943 0.1365329 0.9776647E-01 -9999.000 -9999.000 -9999.000 -9999.000 -9999.000 -9999.000 -9999.000 -9999.000 -9999.000 -9999.000 -9999.000 -9999.000 -9999.000 -9999.000 -9999.000 -9999.000 -9999.000 -9999.000 -9999.000
-9999.000 -9999.000 -9999.000 -9999.000 -9999.000 -9999.000 -9999.000 -9999.000 0.3220033E-01 0.8336441E-01 0.1457904 0.1597788 0.1255114 0.6106571E-01 0.3116238E-01 -9999.000 0.3102215E-01 0.7654589E-01 0.9512411E-01 0.9697782E-01 0.1216122 0.1248088 0.1335699 0.2097534 0.2545187 0.2381884 0.2306792 0.2328928 0.2102493 0.2048183 0.2580826 0.2698005 0.2345014 0.1599623 0.7560619E-01 0.6528114E-01 0.1123041 0.1295342 0.1181139 0.9223435E-01 0.4866953E-01 -9999.000 -9999.000 -9999.000 -9999.000 -9999.000 -9999.000 -9999.000 -9999.000 -9999.000 -9999.000 -9999.000 -9999.000 -9999.000 -9999.000 -9999.000 -9999.000 -9999.000 -9999.000
-9999.000 -9999.000 -9999.000 -9999.000 -9999.000 -9999.000 -9999.000 -9999.000 -9999.000 0.6464357E-01 0.1334791 0.1593350 0.1492909 0.1013472 0.5404547E-01 0.2891804E-01 0.1774721E-01 0.4191521E-01 0.6197153E-01 0.8177231E-01 0.1193600 0.1554840 0.1579834 0.2011708 0.2541814 0.2442981 0.2198714 0.1872960 0.1159884 0.1224041 0.2021128 0.2206495 0.2154236 0.1652916 0.1235206 0.1351296 0.1454510 0.1348014 0.1184956 0.1272643 0.1032880 -9999.000 -9999.000 -9999.000 -9999.000 -9999.000 -9999.000 -9999.000 -9999.000 -9999.000 -9999.000 -9999.000 -9999.000 -9999.000 -9999.000 -9999.000 -9999.000 -9999.000 -9999.000
-9999.000 -9999.000 -9999.000 -9999.000 -9999.000 -9999.000 -9999.000 -9999.000 -9999.000 -9999.000 0.9367128E-01 0.1350689 0.1537448 0.1313510 0.8833791E-01 0.3984907E-01 0.1866368E-01 0.2297396E-01 0.4034839E-01 0.6305920E-01 0.1107689 0.1730825 0.1837611 0.2002889 0.2493218 0.2207935 0.1705668 0.1100656 0.1099207 0.1335460 0.1504690 0.1551391 0.1634667 0.1486872 0.1463681 0.1779716 0.1731926 0.1500009 0.1598021 0.1765798 0.1376298 -9999.000 -9999.000 -9999.000 -9999.000 -9999.000 -9999.000 -9999.000 -9999.000 -9999.000 -9999.000 -9999.000 -9999.000 -9999.000 -9999.000 -9999.000 -9999.000 -9999.000 -9999.000
-9999.000 -9999.000 -9999.000 -9999.000 -9999.000 -9999.000 -9999.000 -9999.000 -9999.000 -9999.000 0.6364648E-01 0.1126361 0.1530653 0.1649780 0.1223571 0.6040642E-01 0.2191154E-01 0.1992263E-01 0.3347819E-01 0.5276309E-01 0.9053225E-01 0.1425504 0.1566789 0.1882535 0.2139175 0.1759687 0.1132743 0.8431825E-01 0.1418680 0.1871063 0.1741913 0.1454986 0.1468928 0.1327131 0.1411136 0.1891866 0.1801372 0.1525185 0.1704121 0.2044044 0.1648506 0.9855852E-01 -9999.000 -9999.000 -9999.000 -9999.000 -9999.000 -9999.000 -9999.000 -9999.000 -9999.000 -9999.000 -9999.000 -9999.000 -9999.000 -9999.000 -9999.000 -9999.000 -9999.000
-9999.000 -9999.000 -9999.000 -9999.000 -9999.000 -9999.000 -9999.000 -9999.000 -9999.000 -9999.000 0.2473357E-01 0.5772350E-01 0.1247249 0.1678942 0.1522370 0.9551222E-01 -9999.000 -9999.000 -9999.000 -9999.000 0.5716857E-01 0.9810884E-01 0.1102696 0.1424600 0.1792698 0.1566212 0.1460929 0.1466979 0.1899571 0.2190584 0.2234985 0.1887807 0.1962717 0.1943881 0.1981297 0.2215497 0.1979596 0.1826804 0.1941654 0.2165402 0.1939511 0.1217511 0.7467196E-01 -9999.000 -9999.000 -9999.000 -9999.000 -9999.000 -9999.000 -9999.000 -9999.000 -9999.000 -9999.000 -9999.000 -9999.000 -9999.000 -9999.000 -9999.000 -9999.000
-9999.000 -9999.000 -9999.000 -9999.000 -9999.000 -9999.000 -9999.000 -9999.000 -9999.000 -9999.000 -9999.000 -9999.000 0.7498305E-01 0.1388551 0.1509769 0.1145980 0.5033920E-01 -9999.000 -9999.000 -9999.000 0.3912881E-01 0.5166321E-01 0.4536322E-01 0.7903990E-01 0.1755617 0.1955718 0.1958549 0.2294122 0.2313963 0.2102159 0.2318301 0.2666897 0.2906464 0.3128222 0.2880098 0.2506160 0.2292122 0.2342957 0.2380735 0.2447255 0.2181916 0.1643339 0.1106888 -9999.000 -9999.000 -9999.000 -9999.000 -9999.000 -9999.000 -9999.000 -9999.000 -9999.000 -9999.000 -9999.000 -9999.000 -9999.000 -9999.000 -9999.000 -9999.000
-9999.000 -9999.000 -9999.000 -9999.000 -9999.000 -9999.000 -9999.000 -9999.000 -9999.000 -9999.000 -9999.000 -9999.000 0.6346174E-01 0.1366244 0.1629454 0.1362948 0.8754609E-01 -9999.000 -9999.000 0.1971353E-01 0.3564770E-01 0.3937822E-01 0.2578952E-01 0.6332178E-01 0.1434807 0.1711042 0.1900708 0.2490436 0.2673415 0.2246261 0.2339601 0.2980116 0.3209833 0.3302807 0.3182963 0.2723470 0.2527834 0.2473820 0.2554188 0.2603013 0.2457268 0.2235422 0.1537436 0.6226673E-01 -9999.000 -9999.000 -9999.000 -9999.000 -9999.000 -9999.000 -9999.000 -9999.000 -9999.000 -9999.000 -9999.000 -9999.000 -9999.000 -9999.000 -9999.000
-9999.000 -9999.000 -9999.000 -9999.000 -9999.000 -9999.000 -9999.000 -9999.000 -9999.000 -9999.000 -9999.000 -9999.000 0.6873547E-01 0.1454858 0.1734482 0.1653397 0.1288497 0.7055722E-01 0.3308856E-01 0.2890310E-01 0.3564189E-01 0.3109286E-01 0.2557435E-01 0.5604049E-01 0.9297732E-01 0.1004656 0.1285762 0.2040148 0.2550008 0.2450636 0.2628976 0.3060904 0.2922507 0.2789757 0.2812990 0.2718291 0.2349180 0.2335460 0.2353194 0.2495044 0.2553496 0.2399982 0.1884177 0.9979165E-01 -9999.000 -9999.000 -9999.000 -9999.000 -9999.000 -9999.000 -9999.000 -9999.000 -9999.000 -9999.000 -9999.000 -9999.000 -9999.000 -9999.000 -9999.000
-9999.000 -9999.000 -9999.000 -9999.000 -9999.000 -9999.000 -9999.000 -9999.000 -9999.000 -9999.000 -9999.000 -9999.000 0.6239673E-01 0.1282451 0.1755346 0.1800095 0.1611419 0.1092959 0.4872928E-01 0.3612785E-01 0.3622606E-01 0.4094268E-01 0.5170555E-01 0.6785884E-01 0.6890677E-01 0.5584744E-01 0.8422397E-01 0.1409983 0.1942006 0.2193376 0.2868288 0.2768553 0.2138889 0.2148175 0.2317874 0.1771720 0.1465594 0.1274101 0.1499001 0.1777786 0.2052405 0.2124384 0.1842353 0.1181089 0.8317104E-01 -9999.000 -9999.000 -9999.000 -9999.000 -9999.000 -9999.000 -9999.000 -9999.000 -9999.000 -9999.000 -9999.000 -9999.000 -9999.000 -9999.000
-9999.000 -9999.000 -9999.000 -9999.000 -9999.000 -9999.000 -9999.000 -9999.000 -9999.000 -9999.000 -9999.000 -9999.000 -9999.000 0.9801117E-01 0.1627848 0.1797270 0.1703098 0.1251586 0.7277366E-01 0.3310249E-01 0.2570469E-01 0.3606033E-01 0.5608758E-01 0.6429557E-01 0.4999657E-01 0.6595901E-01 0.1111856 0.1496418 0.1825613 0.2151559 0.2364954 0.1945524 0.1565645 0.2378120 0.2645793 0.2099074 0.1415422 0.1215642 0.1359252 0.1442081 0.1617588 0.1803789 0.1747185 0.1438033 0.1059775 0.5603538E-01 -9999.000 -9999.000 -9999.000 -9999.000 -9999.000 -9999.000 -9999.000 -9999.000 -9999.000 -9999.000 -9999.000 -9999.000 -9999.000
-9999.000 -9999.000 -9999.000 -9999.000 -9999.000 -9999.000 -9999.000 -9999.000 -9999.000 -9999.000 -9999.000 -9999.000 -9999.000 0.9364560E-01 0.1418540 0.1502588 0.1630861 0.1345523 0.6873949E-01 0.3041153E-01 0.1619529E-01 -9999.000 0.2615909E-01 0.3774928E-01 0.5029277E-01 0.8189063E-01 0.1518893 0.1786520 0.1801164 0.1661785 0.1645699 0.1510501 0.1538597 0.2420243 0.3073366 0.2950721 0.2414968 0.1702556 0.1636069 0.1852142 0.1912222 0.1857965 0.1795181 0.1489488 0.1000281 0.5064686E-01 -9999.000 -9999.000 -9999.000 -9999.000 -9999.000 -9999.000 -9999.000 -9999.000 -9999.000 -9999.000 -9999.000 -9999.000 -9999.000
-9999.000 -9999.000 -9999.000 -9999.000 -9999.000 -9999.000 -9999.000 -9999.000 -9999.000 -9999.000 -9999.000 -9999.000 -9999.000 0.9447507E-01 0.1247435 0.1272331 0.1517707 0.1379771 0.8736095E-01 0.5638359E-01 0.2896603E-01 -9999.000 0.1305166E-01 0.2040092E-01 0.3693467E-01 0.5985729E-01 0.1074953 0.1253010 0.1465735 0.1427850 0.1686522 0.1968208 0.1804177 0.2192240 0.2695640 0.2838003 0.2488853 0.2002780 0.1864221 0.2011418 0.1852320 0.1709541 0.1727129 0.1594376 0.1350402 0.9799270E-01 0.6948017E-01 0.3113855E-01 -9999.000 -9999.000 -9999.000 -9999.000 -9999.000 -9999.000 -9999.000 -9999.000 -9999.000 -9999.000 -9999.000
