simulation_files/asc/Depth____000340.asc
NCOLS        79
NROWS        79
XLLCENTER         -1.500000
YLLCENTER         -4.800000
CELLSIZE           0.100
NODATA_VALUE     -9999.0
[rows 0 to 25 of 79, columns 0 to 58 of 79]
-9999.000 -9999.000 -9999.000 -9999.000 -9999.000 -9999.000 -9999.000 -9999.000 -9999.000 -9999.000 -9999.000 -9999.000 -9999.000 -9999.000 -9999.000 0.6655438 0.6658805 0.6658586 0.6657336 0.6655490 0.6653239 0.6650748 0.6648211 0.6645676 0.6643232 0.6640934 0.6638726 0.6636257 0.6632454 0.6631960 0.6631960 -9999.000 -9999.000 -9999.000 -9999.000 -9999.000 -9999.000 -9999.000 -9999.000 -9999.000 -9999.000 -9999.000 -9999.000 -9999.000 -9999.000 -9999.000 -9999.000 -9999.000 -9999.000 -9999.000 -9999.000 -9999.000 -9999.000 -9999.000 -9999.000 -9999.000 -9999.000 -9999.000 -9999.000
-9999.000 -9999.000 -9999.000 -9999.000 -9999.000 -9999.000 -9999.000 -9999.000 -9999.000 -9999.000 -9999.000 -9999.000 -9999.000 -9999.000 -9999.000 0.6672966 0.6676259 0.6676066 0.6675046 0.6673571 0.6671797 0.6669853 0.6667897 0.6665959 0.6664112 0.6662400 0.6660767 0.6658901 0.6655838 0.6656146 0.6656146 -9999.000 -9999.000 -9999.000 -9999.000 -9999.000 -9999.000 -9999.000 -9999.000 -9999.000 -9999.000 -9999.000 -9999.000 -9999.000 -9999.000 -9999.000 -9999.000 -9999.000 -9999.000 -9999.000 -9999.000 -9999.000 -9999.000 -9999.000 -9999.000 -9999.000 -9999.000 -9999.000 -9999.000
-9999.000 -9999.000 -9999.000 -9999.000 -9999.000 -9999.000 -9999.000 -9999.000 -9999.000 -9999.000 -9999.000 -9999.000 -9999.000 -9999.000 -9999.000 0.6692169 0.6695745 0.6695610 0.6694645 0.6693235 0.6691537 0.6689683 0.6687830 0.6686003 0.6684268 0.6682661 0.6681110 0.6679278 0.6676137 0.6676399 0.6676399 -9999.000 -9999.000 -9999.000 -9999.000 -9999.000 -9999.000 -9999.000 -9999.000 -9999.000 -9999.000 -9999.000 -9999.000 -9999.000 -9999.000 -9999.000 -9999.000 -9999.000 -9999.000 -9999.000 -9999.000 -9999.000 -9999.000 -9999.000 -9999.000 -9999.000 -9999.000 -9999.000 -9999.000
-9999.000 -9999.000 -9999.000 -9999.000 -9999.000 -9999.000 -9999.000 -9999.000 -9999.000 -9999.000 -9999.000 -9999.000 -9999.000 -9999.000 -9999.000 0.6711860 0.6715599 0.6715478 0.6714519 0.6713113 0.6711420 0.6709574 0.6707737 0.6705926 0.6704210 0.6702619 0.6701073 0.6699209 0.6695926 0.6695968 0.6695968 -9999.000 -9999.000 -9999.000 -9999.000 -9999.000 -9999.000 -9999.000 -9999.000 -9999.000 -9999.000 -9999.000 -9999.000 -9999.000 -9999.000 -9999.000 -9999.000 -9999.000 -9999.000 -9999.000 -9999.000 -9999.000 -9999.000 -9999.000 -9999.000 -9999.000 -9999.000 -9999.000 -9999.000
-9999.000 -9999.000 -9999.000 -9999.000 -9999.000 -9999.000 -9999.000 -9999.000 -9999.000 -9999.000 -9999.000 -9999.000 -9999.000 -9999.000 -9999.000 0.6731761 0.6735607 0.6735477 0.6734498 0.6733065 0.6731341 0.6729462 0.6727598 0.6725759 0.6724017 0.6722401 0.6720821 0.6718884 0.6715406 0.6715081 0.6715081 -9999.000 -9999.000 -9999.000 -9999.000 -9999.000 -9999.000 -9999.000 -9999.000 -9999.000 -9999.000 -9999.000 -9999.000 -9999.000 -9999.000 -9999.000 -9999.000 -9999.000 -9999.000 -9999.000 -9999.000 -9999.000 -9999.000 -9999.000 -9999.000 -9999.000 -9999.000 -9999.000 -9999.000
-9999.000 -9999.000 -9999.000 -9999.000 -9999.000 -9999.000 -9999.000 -9999.000 -9999.000 -9999.000 -9999.000 -9999.000 -9999.000 -9999.000 -9999.000 0.6751738 0.6755662 0.6755509 0.6754496 0.6753021 0.6751246 0.6749315 0.6747403 0.6745513 0.6743724 0.6742060 0.6740423 0.6738386 0.6734660 0.6733823 0.6733823 -9999.000 -9999.000 -9999.000 -9999.000 -9999.000 -9999.000 -9999.000 -9999.000 -9999.000 -9999.000 -9999.000 -9999.000 -9999.000 -9999.000 -9999.000 -9999.000 -9999.000 -9999.000 -9999.000 -9999.000 -9999.000 -9999.000 -9999.000 -9999.000 -9999.000 -9999.000 -9999.000 -9999.000
-9999.000 -9999.000 -9999.000 -9999.000 -9999.000 -9999.000 -9999.000 -9999.000 -9999.000 -9999.000 -9999.000 -9999.000 -9999.000 -9999.000 -9999.000 0.6771722 0.6775711 0.6775526 0.6774470 0.6772944 0.6771109 0.6769113 0.6767143 0.6765189 0.6763338 0.6761615 0.6759906 0.6757745 0.6753719 0.6752194 0.6752194 -9999.000 -9999.000 -9999.000 -9999.000 -9999.000 -9999.000 -9999.000 -9999.000 -9999.000 -9999.000 -9999.000 -9999.000 -9999.000 -9999.000 -9999.000 -9999.000 -9999.000 -9999.000 -9999.000 -9999.000 -9999.000 -9999.000 -9999.000 -9999.000 -9999.000 -9999.000 -9999.000 -9999.000
-9999.000 -9999.000 -9999.000 -9999.000 -9999.000 -9999.000 -9999.000 -9999.000 -9999.000 -9999.000 -9999.000 -9999.000 -9999.000 -9999.000 -9999.000 0.6791677 0.6795722 0.6795496 0.6794392 0.6792809 0.6790908 0.6788841 0.6786805 0.6784779 0.6782860 0.6781068 0.6779274 0.6776966 0.6772580 0.6770142 0.6770142 -9999.000 -9999.000 -9999.000 -9999.000 -9999.000 -9999.000 -9999.000 -9999.000 -9999.000 -9999.000 -9999.000 -9999.000 -9999.000 -9999.000 -9999.000 -9999.000 -9999.000 -9999.000 -9999.000 -9999.000 -9999.000 -9999.000 -9999.000 -9999.000 -9999.000 -9999.000 -9999.000 -9999.000
-9999.000 -9999.000 -9999.000 -9999.000 -9999.000 -9999.000 -9999.000 -9999.000 -9999.000 -9999.000 -9999.000 -9999.000 -9999.000 -9999.000 -9999.000 0.6811577 0.6815674 0.6815400 0.6814241 0.6812598 0.6810625 0.6808482 0.6806377 0.6804272 0.6802276 0.6800408 0.6798519 0.6796037 0.6791217 0.6787566 0.6787566 -9999.000 -9999.000 -9999.000 -9999.000 -9999.000 -9999.000 -9999.000 -9999.000 -9999.000 -9999.000 -9999.000 -9999.000 -9999.000 -9999.000 -9999.000 -9999.000 -9999.000 -9999.000 -9999.000 -9999.000 -9999.000 -9999.000 -9999.000 -9999.000 -9999.000 -9999.000 -9999.000 -9999.000
-9999.000 -9999.000 -9999.000 -9999.000 -9999.000 -9999.000 -9999.000 -9999.000 -9999.000 -9999.000 -9999.000 -9999.000 -9999.000 -9999.000 -9999.000 0.6831399 0.6835550 0.6835218 0.6833999 0.6832291 0.6830242 0.6828018 0.6825840 0.6823649 0.6821572 0.6819620 0.6817620 0.6814933 0.6809590 0.6804311 0.6804311 -9999.000 -9999.000 -9999.000 -9999.000 -9999.000 -9999.000 -9999.000 -9999.000 -9999.000 -9999.000 -9999.000 -9999.000 -9999.000 -9999.000 -9999.000 -9999.000 -9999.000 -9999.000 -9999.000 -9999.000 -9999.000 -9999.000 -9999.000 -9999.000 -9999.000 -9999.000 -9999.000 -9999.000
-9999.000 -9999.000 -9999.000 -9999.000 -9999.000 -9999.000 -9999.000 -9999.000 -9999.000 -9999.000 -9999.000 -9999.000 -9999.000 -9999.000 -9999.000 0.6851116 0.6855326 0.6854928 0.6853644 0.6851865 0.6849735 0.6847425 0.6845171 0.6842888 0.6840721 0.6838676 0.6836551 0.6833619 0.6827639 0.6820141 0.6820141 -9999.000 -9999.000 -9999.000 -9999.000 -9999.000 -9999.000 -9999.000 -9999.000 -9999.000 -9999.000 -9999.000 -9999.000 -9999.000 -9999.000 -9999.000 -9999.000 -9999.000 -9999.000 -9999.000 -9999.000 -9999.000 -9999.000 -9999.000 -9999.000 -9999.000 -9999.000 -9999.000 -9999.000
-9999.000 -9999.000 -9999.000 -9999.000 -9999.000 -9999.000 -9999.000 -9999.000 -9999.000 -9999.000 -9999.000 -9999.000 -9999.000 -9999.000 -9999.000 0.6870698 0.6874976 0.6874501 0.6873145 0.6871290 0.6869074 0.6866671 0.6864336 0.6861952 0.6859688 0.6857539 0.6855268 0.6852038 0.6845278 0.6834695 0.6834695 -9999.000 -9999.000 -9999.000 -9999.000 -9999.000 -9999.000 -9999.000 -9999.000 -9999.000 -9999.000 -9999.000 -9999.000 -9999.000 -9999.000 -9999.000 -9999.000 -9999.000 -9999.000 -9999.000 -9999.000 -9999.000 -9999.000 -9999.000 -9999.000 -9999.000 -9999.000 -9999.000 -9999.000
-9999.000 -9999.000 -9999.000 -9999.000 -9999.000 -9999.000 -9999.000 -9999.000 -9999.000 -9999.000 -9999.000 -9999.000 -9999.000 -9999.000 -9999.000 0.6890096 0.6894462 0.6893899 0.6892462 0.6890526 0.6888213 0.6885712 0.6883290 0.6880792 0.6878419 0.6876152 0.6873704 0.6870106 0.6862373 0.6847399 0.6847399 -9999.000 -9999.000 -9999.000 -9999.000 -9999.000 -9999.000 -9999.000 -9999.000 -9999.000 -9999.000 -9999.000 -9999.000 -9999.000 -9999.000 -9999.000 -9999.000 -9999.000 -9999.000 -9999.000 -9999.000 -9999.000 -9999.000 -9999.000 -9999.000 -9999.000 -9999.000 -9999.000 -9999.000
-9999.000 -9999.000 -9999.000 -9999.000 -9999.000 -9999.000 -9999.000 -9999.000 -9999.000 -9999.000 -9999.000 -9999.000 -9999.000 -9999.000 -9999.000 0.6909084 0.6913640 0.6913021 0.6911528 0.6909525 0.6907119 0.6904510 0.6901993 0.6899360 0.6896856 0.6894441 0.6891770 0.6887702 0.6878731 0.6857353 0.6857353 -9999.000 -9999.000 -9999.000 -9999.000 -9999.000 -9999.000 -9999.000 -9999.000 -9999.000 -9999.000 -9999.000 -9999.000 -9999.000 -9999.000 -9999.000 -9999.000 -9999.000 -9999.000 -9999.000 -9999.000 -9999.000 -9999.000 -9999.000 -9999.000 -9999.000 -9999.000 -9999.000 -9999.000
-9999.000 -9999.000 -9999.000 -9999.000 -9999.000 -9999.000 -9999.000 -9999.000 -9999.000 -9999.000 -9999.000 -9999.000 -9999.000 -9999.000 -9999.000 0.6891264 0.6923279 0.6934220 0.6936188 0.6934958 0.6932603 0.6929516 0.6926231 0.6922616 0.6919084 0.6915660 0.6911938 0.6906426 0.6894472 0.6856439 0.6856439 -9999.000 -9999.000 -9999.000 -9999.000 -9999.000 -9999.000 -9999.000 -9999.000 -9999.000 -9999.000 -9999.000 -9999.000 -9999.000 -9999.000 -9999.000 -9999.000 -9999.000 -9999.000 -9999.000 -9999.000 -9999.000 -9999.000 -9999.000 -9999.000 -9999.000 -9999.000 -9999.000 -9999.000
0.7570777 0.7570777 0.7599885 0.7392595 0.7358335 0.7358335 0.7330334 0.7281414 0.7281414 0.7239727 0.7239727 0.7204127 0.7188159 0.7173197 0.7158889 0.7158889 0.6961194 0.6949415 0.6948388 0.6955171 0.6966527 0.6982802 0.7005331 0.7028100 0.7051935 0.7074270 0.7089003 0.7080321 0.7006249 0.6704113 0.6704113 0.4660602 0.4319341 0.4129231 0.4066795 0.4066795 0.3975495 0.3975495 0.4030307 0.4030307 0.4155473 0.4671548 0.4671548 0.5692973 0.5692973 0.6048248 0.6048248 0.6048248 0.6023304 0.6023304 0.5916610 0.5916610 0.5782384 0.5782384 0.5645981 0.5645981 0.5523009 0.5523009 0.5523009
0.7541825 0.7541825 0.7591358 0.7383856 0.7348371 0.7348371 0.7320064 0.7271232 0.7271232 0.7229726 0.7229726 0.7194269 0.7178371 0.7163476 0.7149237 0.7149237 0.6976860 0.6933290 0.6895121 0.6862729 0.6836399 0.6817864 0.6808951 0.6808190 0.6815921 0.6830999 0.6850328 0.6867350 0.6860567 0.6726167 0.6726167 0.5334615 0.4811708 0.4307332 0.4169733 0.4169733 0.4022368 0.4022368 0.4066179 0.4066179 0.4182333 0.4628707 0.4628707 0.5461691 0.5461691 0.6032854 0.6032854 0.6032854 0.6024013 0.6024013 0.5920108 0.5920108 0.5786226 0.5786226 0.5650742 0.5650742 0.5528135 0.5528135 0.5528135
0.7525711 0.7525711 0.7589837 0.7385031 0.7348764 0.7348764 0.7319915 0.7270827 0.7270827 0.7229314 0.7229314 0.7193829 0.7177905 0.7162982 0.7148679 0.7148679 0.6987513 0.6915354 0.6846163 0.6783564 0.6729438 0.6685470 0.6653180 0.6632050 0.6622158 0.6622921 0.6632281 0.6645098 0.6645383 0.6563620 0.6563620 0.5664935 0.5124375 0.4484789 0.4297461 0.4297461 0.4119191 0.4119191 0.4198549 0.4198549 0.4330311 0.4726663 0.4726663 0.5344357 0.5344357 0.5970907 0.5970907 0.5970907 0.6001737 0.6001737 0.5912085 0.5912085 0.5782982 0.5782982 0.5649658 0.5649658 0.5528441 0.5528441 0.5528441
0.7512840 0.7512840 0.7587735 0.7386010 0.7349361 0.7349361 0.7319998 0.7270678 0.7270678 0.7229252 0.7229252 0.7193819 0.7177901 0.7162980 0.7148610 0.7148610 0.6990875 0.6892729 0.6794343 0.6703178 0.6622906 0.6555599 0.6502594 0.6463693 0.6438569 0.6426500 0.6425782 0.6432409 0.6434338 0.6380877 0.6380877 0.5804856 0.5322417 0.4659303 0.4456985 0.4456985 0.4303177 0.4303177 0.4448604 0.4448604 0.4589030 0.4897869 0.4897869 0.5286829 0.5286829 0.5853012 0.5853012 0.5853012 0.5935614 0.5935614 0.5877331 0.5877331 0.5763294 0.5763294 0.5637802 0.5637802 0.5522190 0.5522190 0.5522190
0.7503023 0.7503023 0.7585452 0.7386743 0.7349883 0.7349883 0.7320067 0.7270521 0.7270521 0.7229192 0.7229192 0.7193818 0.7177910 0.7162991 0.7148517 0.7148517 0.6983787 0.6861277 0.6735365 0.6616848 0.6511013 0.6420582 0.6347030 0.6290504 0.6250594 0.6226435 0.6216393 0.6217104 0.6219366 0.6186689 0.6186689 0.5817275 0.5420189 0.4814845 0.4643320 0.4643320 0.4595444 0.4595444 0.4805424 0.4805424 0.4922661 0.5095435 0.5095435 0.5274217 0.5274217 0.5702935 0.5702935 0.5702935 0.5827664 0.5827664 0.5812892 0.5812892 0.5725780 0.5725780 0.5616069 0.5616069 0.5511466 0.5511466 0.5511466
0.7496122 0.7496122 0.7583427 0.7387269 0.7350277 0.7350277 0.7320109 0.7270381 0.7270381 0.7229140 0.7229140 0.7193815 0.7177915 0.7162995 0.7148365 0.7148365 0.6963589 0.6816882 0.6664883 0.6520591 0.6390396 0.6277557 0.6183769 0.6109493 0.6054465 0.6017878 0.5998238 0.5992694 0.5994185 0.5976832 0.5976832 0.5744491 0.5439839 0.4967673 0.4884031 0.4884031 0.5006528 0.5006528 0.5214620 0.5214620 0.5267745 0.5282156 0.5282156 0.5293897 0.5293897 0.5553836 0.5553836 0.5553836 0.5692913 0.5692913 0.5720965 0.5720965 0.5669434 0.5669434 0.5583823 0.5583823 0.5496505 0.5496505 0.5496505
0.7492027 0.7492027 0.7582033 0.7387578 0.7350500 0.7350500 0.7320108 0.7270259 0.7270259 0.7229077 0.7229077 0.7193789 0.7177894 0.7162976 0.7148126 0.7148126 0.6927446 0.6755285 0.6578105 0.6409733 0.6256945 0.6123205 0.6010287 0.5918844 0.5848791 0.5799492 0.5769694 0.5757073 0.5756330 0.5749808 0.5749808 0.5612221 0.5404459 0.5167684 0.5233909 0.5233909 0.5504677 0.5504677 0.5599083 0.5599083 0.5567021 0.5441414 0.5441414 0.5334807 0.5334807 0.5429978 0.5429978 0.5429978 0.5551059 0.5551059 0.5608698 0.5608698 0.5595010 0.5595010 0.5540382 0.5540382 0.5476912 0.5476912 0.5476912
0.7490670 0.7490670 0.7581536 0.7387682 0.7350575 0.7350575 0.7320107 0.7270218 0.7270218 0.7229056 0.7229056 0.7193780 0.7177887 0.7162970 0.7147809 0.7147809 0.6871632 0.6671495 0.6469409 0.6278606 0.6105421 0.5953025 0.5822991 0.5715937 0.5631855 0.5570262 0.5530188 0.5509839 0.5505517 0.5506694 0.5506694 0.5440559 0.5346463 0.5495838 0.5733349 0.5733349 0.5999362 0.5999362 0.5903483 0.5903483 0.5797943 0.5573677 0.5573677 0.5388543 0.5388543 0.5341640 0.5341640 0.5341640 0.5419671 0.5419671 0.5486742 0.5486742 0.5505937 0.5505937 0.5486108 0.5486108 0.5452433 0.5452433 0.5452433
0.7492027 0.7492027 0.7582033 0.7387578 0.7350500 0.7350500 0.7320108 0.7270259 0.7270259 0.7229079 0.7229079 0.7193790 0.7177894 0.7162976 0.7147368 0.7147368 0.6790739 0.6559104 0.6331943 0.6120408 0.5929478 0.5761425 0.5617222 0.5497151 0.5401090 0.5328615 0.5278972 0.5250893 0.5242387 0.5251215 0.5251215 0.5254898 0.5328899 0.6017723 0.6333561 0.6333561 0.6390288 0.6390288 0.6120871 0.6120871 0.5969254 0.5684829 0.5684829 0.5448105 0.5448105 0.5287632 0.5287632 0.5287632 0.5310044 0.5310044 0.5366707 0.5366707 0.5408328 0.5408328 0.5423077 0.5423077 0.5423448 0.5423448 0.5423448
0.7496124 0.7496124 0.7583428 0.7387269 0.7350277 0.7350277 0.7320110 0.7270380 0.7270380 0.7229140 0.7229140 0.7193817 0.7177914 0.7162995 0.7146763 0.7146763 0.6676582 0.6409289 0.6156836 0.5926653 0.5721309 0.5541468 0.5387035 0.5257631 0.5152775 0.5071938 0.5014488 0.4979658 0.4968092 0.4992937 0.4992937 0.5107403 0.5476555 0.6680158 0.6876344 0.6876344 0.6643936 0.6643936 0.6273805 0.6273805 0.6098908 0.5779070 0.5779070 0.5507562 0.5507562 0.5260785 0.5260785 0.5260785 0.5226507 0.5226507 0.5258572 0.5258572 0.5310158 0.5310158 0.5355392 0.5355392 0.5391411 0.5391411 0.5391411
0.7503024 0.7503024 0.7585453 0.7386743 0.7349882 0.7349882 0.7320067 0.7270520 0.7270520 0.7229192 0.7229192 0.7193819 0.7177908 0.7162991 0.7145886 0.7145886 0.6516079 0.6209025 0.5931877 0.5686261 0.5471058 0.5284541 0.5125043 0.4991189 0.4881917 0.4796426 0.4734081 0.4694794 0.4685719 0.4761883 0.4761883 0.5124134 0.5955288 0.7268026 0.7218286 0.7218286 0.6796327 0.6796327 0.6384926 0.6384926 0.6199551 0.5857474 0.5857474 0.5562064 0.5562064 0.5252350 0.5252350 0.5252350 0.5167965 0.5167965 0.5169004 0.5169004 0.5219754 0.5219754 0.5288793 0.5288793 0.5358919 0.5358919 0.5358919
