simulation_files/asc/Depth____645.0.asc
NCOLS       216
NROWS       273
XLLCENTER        494.688995
YLLCENTER        787.867981
CELLSIZE           0.500
NODATA_VALUE     -9999.0
[rows 162 to 188 of 273, columns 118 to 176 of 216]
1.991058 2.667366 2.865415 2.902619 2.912699 2.920324 2.697019 2.130941 1.560826 0.6078414 0.1520028 0.8083526E-01 0.1101046 0.1549946 0.1359333 0.1229998 0.1472040 0.1605278 0.1835474 0.1886606 0.1853903 0.1495112 0.1011389 0.1063520 0.1353769 0.1413769 0.1055181 0.6633691E-01 -9999.000 -9999.000 -9999.000 -9999.000 -9999.000 -9999.000 -9999.000 -9999.000 -9999.000 -9999.000 -9999.000 -9999.000 -9999.000 -9999.000 -9999.000 -9999.000 -9999.000 -9999.000 -9999.000 -9999.000 -9999.000 -9999.000 -9999.000 -9999.000 -9999.000 -9999.000 -9999.000 -9999.000 -9999.000 -9999.000 -9999.000
1.652812 2.574382 2.858766 2.892669 2.892064 2.483888 1.892400 1.205373 -9999.000 0.1632619 0.1347929 0.1190319 0.1268765 0.1204049 0.1343228 0.1451314 0.1494228 0.1488420 0.1830396 0.2071111 0.2109889 0.1554835 0.1098306 0.1166278 0.1550156 0.1690564 0.1459232 0.1002684 0.4321510E-01 -9999.000 -9999.000 -9999.000 -9999.000 -9999.000 -9999.000 -9999.000 -9999.000 -9999.000 -9999.000 -9999.000 -9999.000 -9999.000 -9999.000 -9999.000 -9999.000 -9999.000 -9999.000 -9999.000 -9999.000 -9999.000 -9999.000 -9999.000 -9999.000 -9999.000 -9999.000 -9999.000 -9999.000 -9999.000 -9999.000
1.254509 2.283048 2.738267 2.879389 2.457316 1.595651 -9999.000 0.2273894 0.1417375 0.1035417 0.1181929 0.1051609 0.9965608E-01 0.8871473E-01 0.1134836 0.1390020 0.1353310 0.1367340 0.1602144 0.1928178 0.2012239 0.1373496 0.9973365E-01 0.1186411 0.1621301 0.1689159 0.1331126 0.1029370 0.4497275E-01 -9999.000 -9999.000 -9999.000 -9999.000 -9999.000 -9999.000 -9999.000 -9999.000 -9999.000 -9999.000 -9999.000 -9999.000 -9999.000 -9999.000 -9999.000 -9999.000 -9999.000 -9999.000 -9999.000 -9999.000 -9999.000 -9999.000 -9999.000 -9999.000 -9999.000 -9999.000 -9999.000 -9999.000 -9999.000 -9999.000
-9999.000 1.482580 2.297966 2.398826 1.480173 0.5481221 0.1320242 0.1318581 0.1042660 0.7441937E-01 0.6396182E-01 0.6492035E-01 0.7932242E-01 0.7994324E-01 0.1042571 0.1342810 0.1416824 0.1600996 0.1838816 0.2099795 0.1707514 0.1124232 0.9302832E-01 0.1109325 0.1517744 0.1488865 0.1373257 0.1037751 0.5580411E-01 0.2170180E-01 -9999.000 -9999.000 -9999.000 -9999.000 -9999.000 -9999.000 -9999.000 -9999.000 -9999.000 -9999.000 -9999.000 -9999.000 -9999.000 -9999.000 -9999.000 -9999.000 -9999.000 -9999.000 -9999.000 -9999.000 -9999.000 -9999.000 -9999.000 -9999.000 -9999.000 -9999.000 -9999.000 -9999.000 -9999.000
-9999.000 0.6666822 1.356261 1.204569 0.5208828 0.1226478 0.1514126 0.1355011 0.1233166 0.9097358E-01 0.5539108E-01 0.5047654E-01 0.6309396E-01 0.6458001E-01 0.1084273 0.1622300 0.1931973 0.2180179 0.2404016 0.2122359 0.1319520 0.1223092 0.1192640 0.1284035 0.1494611 0.1614697 0.1538810 0.1273400 0.9490960E-01 0.5529713E-01 -9999.000 -9999.000 0.1836429E-01 -9999.000 -9999.000 -9999.000 -9999.000 -9999.000 -9999.000 -9999.000 -9999.000 -9999.000 -9999.000 -9999.000 -9999.000 -9999.000 -9999.000 -9999.000 -9999.000 -9999.000 -9999.000 -9999.000 -9999.000 -9999.000 -9999.000 -9999.000 -9999.000 -9999.000 -9999.000
-9999.000 -9999.000 -9999.000 0.2972617 0.1612035 0.1829032 0.1587059 0.1516387 0.1557536 0.1269201 0.9826184E-01 0.8283034E-01 0.7202082E-01 0.7172137E-01 0.1285452 0.2058780 0.2220825 0.2335830 0.2363731 0.1632503 0.9287189E-01 0.1310567 0.1409153 0.1547773 0.1605713 0.1303760 0.1253835 0.1243249 0.1115445 0.7707478E-01 -9999.000 -9999.000 -9999.000 -9999.000 -9999.000 -9999.000 -9999.000 -9999.000 -9999.000 -9999.000 -9999.000 -9999.000 -9999.000 -9999.000 -9999.000 -9999.000 -9999.000 -9999.000 -9999.000 -9999.000 -9999.000 -9999.000 -9999.000 -9999.000 -9999.000 -9999.000 -9999.000 -9999.000 -9999.000
-9999.000 -9999.000 -9999.000 0.7571052E-01 0.1766826 0.1832211 0.1831231 0.1898315 0.1954517 0.1777461 0.1600614 0.1415182 0.1124453 0.1044786 0.1343108 0.1805725 0.1918665 0.1936642 0.1620640 0.1334789 0.9329436E-01 0.1229264 0.1437080 0.1611503 0.1570665 0.1038280 0.8480782E-01 0.1084404 0.1186635 0.9792366E-01 0.4807960E-01 0.1855514E-01 -9999.000 -9999.000 -9999.000 -9999.000 -9999.000 -9999.000 -9999.000 -9999.000 -9999.000 -9999.000 -9999.000 -9999.000 -9999.000 -9999.000 -9999.000 -9999.000 -9999.000 -9999.000 -9999.000 -9999.000 -9999.000 -9999.000 -9999.000 -9999.000 -9999.000 -9999.000 -9999.000
-9999.000 -9999.000 -9999.000 0.6504739E-01 0.1014517 0.1374977 0.1894295 0.2157856 0.2003692 0.1774278 0.1606489 0.1637677 0.1411170 0.1134878 0.1036462 0.8676767E-01 0.1217436 0.1127942 0.1242912 0.1630369 0.1334970 0.1502909 0.1793867 0.2059470 0.1978929 0.1380579 0.1006315 0.1083790 0.1223994 0.1184108 0.7571799E-01 0.3789885E-01 0.3113654E-01 -9999.000 -9999.000 -9999.000 -9999.000 -9999.000 -9999.000 -9999.000 -9999.000 -9999.000 -9999.000 -9999.000 -9999.000 -9999.000 -9999.000 -9999.000 -9999.000 -9999.000 -9999.000 -9999.000 -9999.000 -9999.000 -9999.000 -9999.000 -9999.000 -9999.000 -9999.000
-9999.000 -9999.000 -9999.000 0.2294116E-01 0.6209609E-01 0.1166938 0.1800088 0.1988314 0.1932004 0.1741903 0.1496301 0.1248970 0.1001109 0.8290094E-01 0.8876608E-01 0.1122105 0.1280854 0.1095801 0.1226184 0.1433565 0.1311306 0.1639666 0.2288170 0.2684136 0.2520044 0.1773584 0.1177401 0.1187280 0.1321233 0.1440757 0.1036615 0.6676867E-01 0.5408412E-01 0.4492505E-01 -9999.000 -9999.000 -9999.000 -9999.000 -9999.000 -9999.000 -9999.000 -9999.000 -9999.000 -9999.000 -9999.000 -9999.000 -9999.000 -9999.000 -9999.000 -9999.000 -9999.000 -9999.000 -9999.000 -9999.000 -9999.000 -9999.000 -9999.000 -9999.000 -9999.000
-9999.000 -9999.000 -9999.000 -9999.000 -9999.000 0.7791837E-01 0.1153901 0.1545263 0.1852643 0.2063076 0.1545280 0.8031672E-01 0.5020771E-01 0.4321578E-01 0.8150259E-01 0.1475471 0.1846119 0.1988500 0.1441351 0.8296722E-01 0.7227346E-01 0.1397519 0.2464370 0.2841199 0.2405795 0.1691555 0.1333826 0.1521928 0.1758247 0.1823209 0.1296576 0.1012567 0.1052156 0.8453479E-01 0.6455647E-01 0.5575087E-01 -9999.000 -9999.000 -9999.000 -9999.000 -9999.000 -9999.000 -9999.000 -9999.000 -9999.000 -9999.000 -9999.000 -9999.000 -9999.000 -9999.000 -9999.000 -9999.000 -9999.000 -9999.000 -9999.000 -9999.000 -9999.000 -9999.000 -9999.000
-9999.000 -9999.000 -9999.000 -9999.000 -9999.000 0.4261519E-01 0.5833432E-01 0.1170202 0.1753218 0.2051483 0.1702502 0.9448725E-01 0.6421160E-01 0.6760381E-01 0.1004831 0.1616319 0.1971358 0.2281000 0.1880479 0.1096496 0.9209062E-01 0.1534451 0.2362945 0.2506591 0.2139443 0.1539879 0.1316325 0.1393798 0.1721620 0.1932576 0.1537372 0.1454503 0.1594371 0.1484289 0.9868462E-01 0.7978968E-01 0.7371216E-01 0.5009877E-01 -9999.000 -9999.000 -9999.000 -9999.000 -9999.000 -9999.000 -9999.000 -9999.000 -9999.000 -9999.000 -9999.000 -9999.000 -9999.000 -9999.000 -9999.000 -9999.000 -9999.000 -9999.000 -9999.000 -9999.000 -9999.000
-9999.000 -9999.000 -9999.000 -9999.000 -9999.000 0.3482501E-01 0.6927407E-01 0.1125567 0.1573790 0.1834333 0.1846212 0.1470774 0.1066249 0.1058696 0.1310197 0.1651287 0.1915050 0.2368893 0.2420009 0.2018308 0.1922597 0.1953645 0.2054645 0.2182210 0.1557791 0.1245797 0.1083270 0.9930364E-01 0.1200893 0.1613131 0.1474994 0.1526666 0.1703454 0.1632480 0.1323920 0.1047993 0.1077028 0.9525676E-01 0.4731963E-01 -9999.000 -9999.000 -9999.000 -9999.000 -9999.000 -9999.000 -9999.000 -9999.000 -9999.000 -9999.000 -9999.000 -9999.000 -9999.000 -9999.000 -9999.000 -9999.000 -9999.000 -9999.000 -9999.000 -9999.000
-9999.000 -9999.000 -9999.000 -9999.000 -9999.000 -9999.000 0.9565944E-01 0.1063602 0.1378399 0.1764334 0.2020897 0.1791262 0.1334375 0.1024437 0.1101562 0.1365258 0.1717715 0.2315071 0.2525555 0.2523874 0.2660011 0.2095548 0.1688738 0.1513235 0.1251776 0.1081200 0.9480553E-01 0.9680758E-01 0.1191773 0.1486142 0.1318882 0.1200770 0.1307883 0.1438869 0.1283351 0.1022296 0.1118309 0.1058441 0.7203293E-01 -9999.000 -9999.000 -9999.000 -9999.000 -9999.000 -9999.000 -9999.000 -9999.000 -9999.000 -9999.000 -9999.000 -9999.000 -9999.000 -9999.000 -9999.000 -9999.000 -9999.000 -9999.000 -9999.000 -9999.000
-9999.000 -9999.000 -9999.000 -9999.000 -9999.000 -9999.000 -9999.000 0.5806636E-01 0.9357562E-01 0.1660609 0.2135336 0.1930961 0.1386068 0.7460594E-01 0.5852757E-01 0.7084337E-01 0.1224022 0.2151311 0.2242818 0.2080981 0.1851373 0.1430958 0.1290296 0.1647845 0.1925188 0.1330373 0.1115950 0.1241040 0.1434564 0.1670089 0.1586851 0.1296698 0.1210481 0.1351668 0.1150933 0.6903506E-01 0.6880233E-01 0.9940545E-01 0.9629137E-01 0.8049001E-01 -9999.000 -9999.000 -9999.000 -9999.000 -9999.000 -9999.000 -9999.000 -9999.000 -9999.000 -9999.000 -9999.000 -9999.000 -9999.000 -9999.000 -9999.000 -9999.000 -9999.000 -9999.000 -9999.000
-9999.000 -9999.000 -9999.000 -9999.000 -9999.000 -9999.000 -9999.000 -9999.000 0.4727441E-01 0.1240295 0.1808835 0.1778978 0.1166906 0.4659820E-01 0.2523972E-01 0.3118169E-01 0.7456723E-01 0.1487129 0.1458848 0.1192762 0.9456843E-01 0.9979234E-01 0.1248606 0.2032244 0.2374534 0.1844729 0.1722687 0.1849632 0.1937959 0.2065073 0.2200054 0.2176861 0.1679174 0.1338683 0.8221093E-01 0.3440784E-01 0.6525535E-01 0.1122901 0.1250081 0.8890805E-01 -9999.000 -9999.000 -9999.000 -9999.000 -9999.000 -9999.000 -9999.000 -9999.000 -9999.000 -9999.000 -9999.000 -9999.000 -9999.000 -9999.000 -9999.000 -9999.000 -9999.000 -9999.000 -9999.000
-9999.000 -9999.000 -9999.000 -9999.000 -9999.000 -9999.000 -9999.000 -9999.000 0.2046369E-01 0.6992994E-01 0.1352522 0.1538684 0.1190537 0.4954179E-01 0.2184631E-01 -9999.000 -9999.000 0.6877995E-01 0.8689600E-01 0.9002020E-01 0.1138055 0.1147713 0.1205956 0.1951785 0.2394345 0.2230218 0.2160191 0.2194039 0.1982655 0.1923788 0.2419354 0.2498722 0.2208263 0.1528137 0.6662916E-01 0.5487916E-01 0.9983991E-01 0.1177874 0.1082448 0.8387236E-01 0.4129156E-01 -9999.000 -9999.000 -9999.000 -9999.000 -9999.000 -9999.000 -9999.000 -9999.000 -9999.000 -9999.000 -9999.000 -9999.000 -9999.000 -9999.000 -9999.000 -9999.000 -9999.000 -9999.000
-9999.000 -9999.000 -9999.000 -9999.000 -9999.000 -9999.000 -9999.000 -9999.000 -9999.000 0.5704885E-01 0.1281745 0.1536860 0.1377339 0.8641182E-01 0.4055254E-01 -9999.000 0.1469303E-01 0.3470083E-01 0.5413449E-01 0.7445239E-01 0.1105785 0.1437227 0.1424219 0.1836645 0.2369275 0.2291973 0.2080104 0.1792317 0.1095917 0.1112298 0.1914690 0.2120159 0.2089060 0.1592069 0.1127720 0.1218755 0.1319847 0.1227920 0.1073698 0.1160851 0.9088267E-01 -9999.000 -9999.000 -9999.000 -9999.000 -9999.000 -9999.000 -9999.000 -9999.000 -9999.000 -9999.000 -9999.000 -9999.000 -9999.000 -9999.000 -9999.000 -9999.000 -9999.000 -9999.000
-9999.000 -9999.000 -9999.000 -9999.000 -9999.000 -9999.000 -9999.000 -9999.000 -9999.000 -9999.000 0.9091640E-01 0.1246023 0.1395701 0.1154821 0.7963992E-01 0.3619372E-01 -9999.000 -9999.000 0.3577776E-01 0.5525067E-01 0.1000228 0.1593528 0.1655863 0.1771607 0.2335120 0.2098532 0.1641200 0.1052871 0.1004313 0.1253567 0.1455821 0.1515736 0.1592595 0.1365553 0.1340442 0.1645623 0.1594687 0.1365004 0.1465963 0.1634963 0.1242359 -9999.000 -9999.000 -9999.000 -9999.000 -9999.000 -9999.000 -9999.000 -9999.000 -9999.000 -9999.000 -9999.000 -9999.000 -9999.000 -9999.000 -9999.000 -9999.000 -9999.000 -9999.000
-9999.000 -9999.000 -9999.000 -9999.000 -9999.000 -9999.000 -9999.000 -9999.000 -9999.000 -9999.000 0.5646572E-01 0.1039614 0.1376026 0.1500673 0.1081595 0.4865206E-01 0.1767861E-01 0.1809399E-01 0.2817112E-01 0.4340115E-01 0.7762821E-01 0.1277016 0.1366302 0.1713366 0.2068535 0.1731427 0.1095969 0.7546999E-01 0.1313277 0.1766571 0.1653554 0.1375949 0.1383570 0.1226540 0.1287488 0.1756646 0.1664177 0.1392809 0.1570212 0.1907102 0.1513722 0.8500310E-01 -9999.000 -9999.000 -9999.000 -9999.000 -9999.000 -9999.000 -9999.000 -9999.000 -9999.000 -9999.000 -9999.000 -9999.000 -9999.000 -9999.000 -9999.000 -9999.000 -9999.000
-9999.000 -9999.000 -9999.000 -9999.000 -9999.000 -9999.000 -9999.000 -9999.000 -9999.000 -9999.000 -9999.000 0.5824763E-01 0.1097838 0.1519867 0.1373700 0.8021868E-01 -9999.000 -9999.000 -9999.000 -9999.000 0.4317848E-01 0.8208439E-01 0.9652278E-01 0.1349510 0.1768673 0.1467152 0.1356597 0.1347782 0.1773660 0.2067697 0.2117765 0.1772845 0.1842684 0.1810970 0.1834460 0.2065516 0.1838535 0.1681048 0.1793493 0.2020065 0.1797840 0.1077877 0.6051936E-01 -9999.000 -9999.000 -9999.000 -9999.000 -9999.000 -9999.000 -9999.000 -9999.000 -9999.000 -9999.000 -9999.000 -9999.000 -9999.000 -9999.000 -9999.000 -9999.000
-9999.000 -9999.000 -9999.000 -9999.000 -9999.000 -9999.000 -9999.000 -9999.000 -9999.000 -9999.000 -9999.000 -9999.000 0.6019105E-01 0.1202726 0.1315838 0.9775050E-01 0.4641575E-01 -9999.000 -9999.000 -9999.000 0.2441224E-01 0.3756089E-01 0.3606361E-01 0.7271559E-01 0.1624008 0.1829081 0.1842779 0.2162526 0.2174110 0.1969376 0.2190937 0.2530395 0.2758406 0.2972991 0.2721803 0.2353261 0.2138079 0.2182743 0.2222372 0.2296967 0.2038592 0.1503899 0.9701858E-01 -9999.000 -9999.000 -9999.000 -9999.000 -9999.000 -9999.000 -9999.000 -9999.000 -9999.000 -9999.000 -9999.000 -9999.000 -9999.000 -9999.000 -9999.000 -9999.000
-9999.000 -9999.000 -9999.000 -9999.000 -9999.000 -9999.000 -9999.000 -9999.000 -9999.000 -9999.000 -9999.000 -9999.000 0.5164611E-01 0.1214175 0.1456716 0.1181664 0.7321115E-01 -9999.000 -9999.000 -9999.000 0.2436827E-01 0.3089129E-01 0.1883170E-01 0.5170920E-01 0.1295219 0.1599197 0.1783648 0.2353424 0.2529107 0.2109125 0.2201625 0.2831709 0.3053871 0.3147765 0.3026753 0.2571768 0.2371442 0.2310097 0.2390512 0.2452363 0.2316234 0.2096970 0.1402727 0.4905535E-01 -9999.000 -9999.000 -9999.000 -9999.000 -9999.000 -9999.000 -9999.000 -9999.000 -9999.000 -9999.000 -9999.000 -9999.000 -9999.000 -9999.000 -9999.000
-9999.000 -9999.000 -9999.000 -9999.000 -9999.000 -9999.000 -9999.000 -9999.000 -9999.000 -9999.000 -9999.000 -9999.000 0.5376650E-01 0.1285484 0.1541645 0.1448142 0.1075545 0.5179643E-01 0.2305489E-01 0.2208480E-01 0.2859060E-01 0.2564253E-01 0.1881409E-01 0.4464476E-01 0.8183658E-01 0.9110355E-01 0.1161190 0.1901101 0.2410335 0.2317162 0.2483408 0.2906262 0.2778306 0.2653049 0.2670946 0.2578094 0.2228647 0.2200510 0.2219609 0.2367229 0.2428809 0.2268592 0.1752336 0.8756424E-01 -9999.000 -9999.000 -9999.000 -9999.000 -9999.000 -9999.000 -9999.000 -9999.000 -9999.000 -9999.000 -9999.000 -9999.000 -9999.000 -9999.000 -9999.000
-9999.000 -9999.000 -9999.000 -9999.000 -9999.000 -9999.000 -9999.000 -9999.000 -9999.000 -9999.000 -9999.000 -9999.000 0.5238886E-01 0.1124399 0.1528774 0.1587134 0.1400994 0.8806918E-01 0.3478826E-01 0.2992305E-01 0.3087019E-01 0.3500172E-01 0.4412874E-01 0.5849127E-01 0.6226090E-01 0.4904545E-01 0.7243332E-01 0.1274609 0.1804202 0.2057299 0.2712338 0.2633984 0.2028337 0.2035401 0.2207266 0.1698079 0.1402776 0.1187036 0.1386343 0.1652063 0.1935469 0.2000866 0.1718751 0.1075440 0.8064065E-01 -9999.000 -9999.000 -9999.000 -9999.000 -9999.000 -9999.000 -9999.000 -9999.000 -9999.000 -9999.000 -9999.000 -9999.000 -9999.000 -9999.000
-9999.000 -9999.000 -9999.000 -9999.000 -9999.000 -9999.000 -9999.000 -9999.000 -9999.000 -9999.000 -9999.000 -9999.000 -9999.000 0.9158944E-01 0.1392019 0.1570761 0.1489177 0.1039363 0.5557174E-01 0.2823670E-01 0.2454178E-01 0.3182371E-01 0.4930678E-01 0.5776822E-01 0.4483597E-01 0.5709516E-01 0.9798817E-01 0.1352503 0.1676177 0.2007745 0.2262524 0.1844961 0.1461606 0.2248637 0.2521952 0.1959882 0.1291805 0.1076443 0.1224271 0.1295494 0.1476694 0.1673416 0.1619361 0.1307929 0.9263397E-01 0.5588269E-01 -9999.000 -9999.000 -9999.000 -9999.000 -9999.000 -9999.000 -9999.000 -9999.000 -9999.000 -9999.000 -9999.000 -9999.000 -9999.000
-9999.000 -9999.000 -9999.000 -9999.000 -9999.000 -9999.000 -9999.000 -9999.000 -9999.000 -9999.000 -9999.000 -9999.000 -9999.000 0.8240441E-01 0.1181348 0.1279689 0.1438728 0.1185521 0.5599966E-01 0.2351643E-01 -9999.000 -9999.000 -9999.000 0.3177743E-01 0.4218234E-01 0.6889830E-01 0.1369858 0.1645717 0.1679157 0.1570632 0.1569428 0.1402155 0.1395429 0.2272856 0.2924159 0.2798387 0.2261857 0.1576531 0.1507329 0.1705053 0.1758435 0.1729190 0.1677601 0.1369952 0.8768751E-01 0.4329564E-01 -9999.000 -9999.000 -9999.000 -9999.000 -9999.000 -9999.000 -9999.000 -9999.000 -9999.000 -9999.000 -9999.000 -9999.000 -9999.000
-9999.000 -9999.000 -9999.000 -9999.000 -9999.000 -9999.000 -9999.000 -9999.000 -9999.000 -9999.000 -9999.000 -9999.000 -9999.000 0.8352867E-01 0.1024449 0.1089774 0.1367735 0.1260589 0.7792813E-01 0.4595046E-01 0.2125487E-01 -9999.000 0.1085541E-01 -9999.000 0.3466418E-01 0.5084701E-01 0.9287582E-01 0.1148664 0.1354858 0.1306592 0.1534117 0.1814426 0.1647456 0.2047615 0.2567656 0.2762151 0.2406630 0.1914104 0.1755638 0.1902251 0.1802190 0.1644648 0.1632447 0.1480647 0.1222457 0.8462735E-01 0.6825034E-01 -9999.000 -9999.000 -9999.000 -9999.000 -9999.000 -9999.000 -9999.000 -9999.000 -9999.000 -9999.000 -9999.000 -9999.000
