simulation_files/asc/Depth____000288.asc
NCOLS        79
NROWS        79
XLLCENTER         -1.500000
YLLCENTER         -4.800000
CELLSIZE           0.100
NODATA_VALUE     -9999.0
[rows 0 to 25 of 79, columns 0 to 58 of 79]
-9999.000 -9999.000 -9999.000 -9999.000 -9999.000 -9999.000 -9999.000 -9999.000 -9999.000 -9999.000 -9999.000 -9999.000 -9999.000 -9999.000 -9999.000 0.7093188 0.7097804 0.7099039 0.7098194 0.7096158 0.7093577 0.7090713 0.7087768 0.7084935 0.7082229 0.7079715 0.7077366 0.7074867 0.7071127 0.7070714 0.7070714 -9999.000 -9999.000 -9999.000 -9999.000 -9999.000 -9999.000 -9999.000 -9999.000 -9999.000 -9999.000 -9999.000 -9999.000 -9999.000 -9999.000 -9999.000 -9999.000 -9999.000 -9999.000 -9999.000 -9999.000 -9999.000 -9999.000 -9999.000 -9999.000 -9999.000 -9999.000 -9999.000 -9999.000
-9999.000 -9999.000 -9999.000 -9999.000 -9999.000 -9999.000 -9999.000 -9999.000 -9999.000 -9999.000 -9999.000 -9999.000 -9999.000 -9999.000 -9999.000 0.7110944 0.7115229 0.7116235 0.7115530 0.7113886 0.7111847 0.7109618 0.7107357 0.7105215 0.7103192 0.7101336 0.7099616 0.7097749 0.7094760 0.7095194 0.7095194 -9999.000 -9999.000 -9999.000 -9999.000 -9999.000 -9999.000 -9999.000 -9999.000 -9999.000 -9999.000 -9999.000 -9999.000 -9999.000 -9999.000 -9999.000 -9999.000 -9999.000 -9999.000 -9999.000 -9999.000 -9999.000 -9999.000 -9999.000 -9999.000 -9999.000 -9999.000 -9999.000 -9999.000
-9999.000 -9999.000 -9999.000 -9999.000 -9999.000 -9999.000 -9999.000 -9999.000 -9999.000 -9999.000 -9999.000 -9999.000 -9999.000 -9999.000 -9999.000 0.7130075 0.7134698 0.7135803 0.7135162 0.7133574 0.7131600 0.7129450 0.7127281 0.7125244 0.7123327 0.7121570 0.7119932 0.7118102 0.7115049 0.7115443 0.7115443 -9999.000 -9999.000 -9999.000 -9999.000 -9999.000 -9999.000 -9999.000 -9999.000 -9999.000 -9999.000 -9999.000 -9999.000 -9999.000 -9999.000 -9999.000 -9999.000 -9999.000 -9999.000 -9999.000 -9999.000 -9999.000 -9999.000 -9999.000 -9999.000 -9999.000 -9999.000 -9999.000 -9999.000
-9999.000 -9999.000 -9999.000 -9999.000 -9999.000 -9999.000 -9999.000 -9999.000 -9999.000 -9999.000 -9999.000 -9999.000 -9999.000 -9999.000 -9999.000 0.7149718 0.7154550 0.7155702 0.7155067 0.7153471 0.7151492 0.7149339 0.7147173 0.7145147 0.7143241 0.7141495 0.7139859 0.7138001 0.7134820 0.7134997 0.7134997 -9999.000 -9999.000 -9999.000 -9999.000 -9999.000 -9999.000 -9999.000 -9999.000 -9999.000 -9999.000 -9999.000 -9999.000 -9999.000 -9999.000 -9999.000 -9999.000 -9999.000 -9999.000 -9999.000 -9999.000 -9999.000 -9999.000 -9999.000 -9999.000 -9999.000 -9999.000 -9999.000 -9999.000
-9999.000 -9999.000 -9999.000 -9999.000 -9999.000 -9999.000 -9999.000 -9999.000 -9999.000 -9999.000 -9999.000 -9999.000 -9999.000 -9999.000 -9999.000 0.7169569 0.7174554 0.7175729 0.7175071 0.7173435 0.7171415 0.7169221 0.7167016 0.7164959 0.7163020 0.7161244 0.7159573 0.7157648 0.7154288 0.7154106 0.7154106 -9999.000 -9999.000 -9999.000 -9999.000 -9999.000 -9999.000 -9999.000 -9999.000 -9999.000 -9999.000 -9999.000 -9999.000 -9999.000 -9999.000 -9999.000 -9999.000 -9999.000 -9999.000 -9999.000 -9999.000 -9999.000 -9999.000 -9999.000 -9999.000 -9999.000 -9999.000 -9999.000 -9999.000
-9999.000 -9999.000 -9999.000 -9999.000 -9999.000 -9999.000 -9999.000 -9999.000 -9999.000 -9999.000 -9999.000 -9999.000 -9999.000 -9999.000 -9999.000 0.7189491 0.7194605 0.7195786 0.7195088 0.7193394 0.7191317 0.7189063 0.7186800 0.7184693 0.7182701 0.7180873 0.7179146 0.7177130 0.7173545 0.7172864 0.7172864 -9999.000 -9999.000 -9999.000 -9999.000 -9999.000 -9999.000 -9999.000 -9999.000 -9999.000 -9999.000 -9999.000 -9999.000 -9999.000 -9999.000 -9999.000 -9999.000 -9999.000 -9999.000 -9999.000 -9999.000 -9999.000 -9999.000 -9999.000 -9999.000 -9999.000 -9999.000 -9999.000 -9999.000
-9999.000 -9999.000 -9999.000 -9999.000 -9999.000 -9999.000 -9999.000 -9999.000 -9999.000 -9999.000 -9999.000 -9999.000 -9999.000 -9999.000 -9999.000 0.7209419 0.7214646 0.7215822 0.7215073 0.7213312 0.7211170 0.7208847 0.7206516 0.7204349 0.7202293 0.7200402 0.7198606 0.7196478 0.7192621 0.7191274 0.7191274 -9999.000 -9999.000 -9999.000 -9999.000 -9999.000 -9999.000 -9999.000 -9999.000 -9999.000 -9999.000 -9999.000 -9999.000 -9999.000 -9999.000 -9999.000 -9999.000 -9999.000 -9999.000 -9999.000 -9999.000 -9999.000 -9999.000 -9999.000 -9999.000 -9999.000 -9999.000 -9999.000 -9999.000
-9999.000 -9999.000 -9999.000 -9999.000 -9999.000 -9999.000 -9999.000 -9999.000 -9999.000 -9999.000 -9999.000 -9999.000 -9999.000 -9999.000 -9999.000 0.7229318 0.7234651 0.7235810 0.7234998 0.7233164 0.7230952 0.7228556 0.7226153 0.7223923 0.7221794 0.7219834 0.7217957 0.7215698 0.7211515 0.7209292 0.7209292 -9999.000 -9999.000 -9999.000 -9999.000 -9999.000 -9999.000 -9999.000 -9999.000 -9999.000 -9999.000 -9999.000 -9999.000 -9999.000 -9999.000 -9999.000 -9999.000 -9999.000 -9999.000 -9999.000 -9999.000 -9999.000 -9999.000 -9999.000 -9999.000 -9999.000 -9999.000 -9999.000 -9999.000
-9999.000 -9999.000 -9999.000 -9999.000 -9999.000 -9999.000 -9999.000 -9999.000 -9999.000 -9999.000 -9999.000 -9999.000 -9999.000 -9999.000 -9999.000 0.7249165 0.7254598 0.7255728 0.7254845 0.7252929 0.7250645 0.7248172 0.7245694 0.7243400 0.7241195 0.7239159 0.7237195 0.7234782 0.7230209 0.7226831 0.7226831 -9999.000 -9999.000 -9999.000 -9999.000 -9999.000 -9999.000 -9999.000 -9999.000 -9999.000 -9999.000 -9999.000 -9999.000 -9999.000 -9999.000 -9999.000 -9999.000 -9999.000 -9999.000 -9999.000 -9999.000 -9999.000 -9999.000 -9999.000 -9999.000 -9999.000 -9999.000 -9999.000 -9999.000
-9999.000 -9999.000 -9999.000 -9999.000 -9999.000 -9999.000 -9999.000 -9999.000 -9999.000 -9999.000 -9999.000 -9999.000 -9999.000 -9999.000 -9999.000 0.7268939 0.7274469 0.7275558 0.7274590 0.7272586 0.7270226 0.7267675 0.7265121 0.7262762 0.7260477 0.7258362 0.7256300 0.7253709 0.7248670 0.7243756 0.7243756 -9999.000 -9999.000 -9999.000 -9999.000 -9999.000 -9999.000 -9999.000 -9999.000 -9999.000 -9999.000 -9999.000 -9999.000 -9999.000 -9999.000 -9999.000 -9999.000 -9999.000 -9999.000 -9999.000 -9999.000 -9999.000 -9999.000 -9999.000 -9999.000 -9999.000 -9999.000 -9999.000 -9999.000
-9999.000 -9999.000 -9999.000 -9999.000 -9999.000 -9999.000 -9999.000 -9999.000 -9999.000 -9999.000 -9999.000 -9999.000 -9999.000 -9999.000 -9999.000 0.7288619 0.7294246 0.7295277 0.7294213 0.7292110 0.7289672 0.7287039 0.7284406 0.7281984 0.7279614 0.7277415 0.7275247 0.7272447 0.7266847 0.7259862 0.7259862 -9999.000 -9999.000 -9999.000 -9999.000 -9999.000 -9999.000 -9999.000 -9999.000 -9999.000 -9999.000 -9999.000 -9999.000 -9999.000 -9999.000 -9999.000 -9999.000 -9999.000 -9999.000 -9999.000 -9999.000 -9999.000 -9999.000 -9999.000 -9999.000 -9999.000 -9999.000 -9999.000 -9999.000
-9999.000 -9999.000 -9999.000 -9999.000 -9999.000 -9999.000 -9999.000 -9999.000 -9999.000 -9999.000 -9999.000 -9999.000 -9999.000 -9999.000 -9999.000 0.7308176 0.7313904 0.7314861 0.7313684 0.7311473 0.7308950 0.7306230 0.7303516 0.7301029 0.7298568 0.7296279 0.7293993 0.7290947 0.7284667 0.7274841 0.7274841 -9999.000 -9999.000 -9999.000 -9999.000 -9999.000 -9999.000 -9999.000 -9999.000 -9999.000 -9999.000 -9999.000 -9999.000 -9999.000 -9999.000 -9999.000 -9999.000 -9999.000 -9999.000 -9999.000 -9999.000 -9999.000 -9999.000 -9999.000 -9999.000 -9999.000 -9999.000 -9999.000 -9999.000
-9999.000 -9999.000 -9999.000 -9999.000 -9999.000 -9999.000 -9999.000 -9999.000 -9999.000 -9999.000 -9999.000 -9999.000 -9999.000 -9999.000 -9999.000 0.7327571 0.7333409 0.7334275 0.7332967 0.7330636 0.7328024 0.7325208 0.7322406 0.7319852 0.7317289 0.7314901 0.7312477 0.7309133 0.7302018 0.7288209 0.7288209 -9999.000 -9999.000 -9999.000 -9999.000 -9999.000 -9999.000 -9999.000 -9999.000 -9999.000 -9999.000 -9999.000 -9999.000 -9999.000 -9999.000 -9999.000 -9999.000 -9999.000 -9999.000 -9999.000 -9999.000 -9999.000 -9999.000 -9999.000 -9999.000 -9999.000 -9999.000 -9999.000 -9999.000
-9999.000 -9999.000 -9999.000 -9999.000 -9999.000 -9999.000 -9999.000 -9999.000 -9999.000 -9999.000 -9999.000 -9999.000 -9999.000 -9999.000 -9999.000 0.7345872 0.7352130 0.7353268 0.7352116 0.7349703 0.7347016 0.7344096 0.7341182 0.7338535 0.7335832 0.7333309 0.7330703 0.7326974 0.7318803 0.7299297 0.7299297 -9999.000 -9999.000 -9999.000 -9999.000 -9999.000 -9999.000 -9999.000 -9999.000 -9999.000 -9999.000 -9999.000 -9999.000 -9999.000 -9999.000 -9999.000 -9999.000 -9999.000 -9999.000 -9999.000 -9999.000 -9999.000 -9999.000 -9999.000 -9999.000 -9999.000 -9999.000 -9999.000 -9999.000
-9999.000 -9999.000 -9999.000 -9999.000 -9999.000 -9999.000 -9999.000 -9999.000 -9999.000 -9999.000 -9999.000 -9999.000 -9999.000 -9999.000 -9999.000 0.7280628 0.7344384 0.7376871 0.7390131 0.7387804 0.7382440 0.7376688 0.7371019 0.7365896 0.7360954 0.7356509 0.7352201 0.7346627 0.7335368 0.7300296 0.7300296 -9999.000 -9999.000 -9999.000 -9999.000 -9999.000 -9999.000 -9999.000 -9999.000 -9999.000 -9999.000 -9999.000 -9999.000 -9999.000 -9999.000 -9999.000 -9999.000 -9999.000 -9999.000 -9999.000 -9999.000 -9999.000 -9999.000 -9999.000 -9999.000 -9999.000 -9999.000 -9999.000 -9999.000
0.8144569 0.8144569 0.8114271 0.8011783 0.7931969 0.7931969 0.7897715 0.7844355 0.7844355 0.7800886 0.7800886 0.7764690 0.7748675 0.7733744 0.7719148 0.7719148 0.7405149 0.7391912 0.7377307 0.7381161 0.7393957 0.7410811 0.7432745 0.7460560 0.7486828 0.7512590 0.7532603 0.7532026 0.7468669 0.7178087 0.7178087 0.5064225 0.4692033 0.4465964 0.4389695 0.4389695 0.4268112 0.4268112 0.4281868 0.4281868 0.4385491 0.4860916 0.4860916 0.5856946 0.5856946 0.6450666 0.6450666 0.6450666 0.6464003 0.6464003 0.6363426 0.6363426 0.6221268 0.6221268 0.6071881 0.6071881 0.5933733 0.5933733 0.5933733
0.8117049 0.8117049 0.8097032 0.7992908 0.7924212 0.7924212 0.7887760 0.7833490 0.7833490 0.7790112 0.7790112 0.7754089 0.7738149 0.7723292 0.7708774 0.7708774 0.7437388 0.7382002 0.7331907 0.7293232 0.7263596 0.7241865 0.7229394 0.7227440 0.7233634 0.7248021 0.7268192 0.7287345 0.7287471 0.7183226 0.7183226 0.5753775 0.5203791 0.4656614 0.4501725 0.4501725 0.4320019 0.4320019 0.4325658 0.4325658 0.4423270 0.4841574 0.4841574 0.5616381 0.5616381 0.6408542 0.6408542 0.6408542 0.6456774 0.6456774 0.6364925 0.6364925 0.6225308 0.6225308 0.6077638 0.6077638 0.5940160 0.5940160 0.5940160
0.8103807 0.8103807 0.8098000 0.7989696 0.7927138 0.7927138 0.7888910 0.7833186 0.7833186 0.7789665 0.7789665 0.7753627 0.7737665 0.7722776 0.7708144 0.7708144 0.7462002 0.7370958 0.7286785 0.7213978 0.7153088 0.7103707 0.7066342 0.7041781 0.7028803 0.7027115 0.7035250 0.7048411 0.7052824 0.6989614 0.6989614 0.6089747 0.5523734 0.4839464 0.4632278 0.4632278 0.4414686 0.4414686 0.4460192 0.4460192 0.4581752 0.4973787 0.4973787 0.5547641 0.5547641 0.6319101 0.6319101 0.6319101 0.6418061 0.6418061 0.6349753 0.6349753 0.6219157 0.6219157 0.6075099 0.6075099 0.5939651 0.5939651 0.5939651
0.8095180 0.8095180 0.8092146 0.7988726 0.7930125 0.7930125 0.7890514 0.7833208 0.7833208 0.7789518 0.7789518 0.7753540 0.7737596 0.7722723 0.7707952 0.7707952 0.7477291 0.7355767 0.7239021 0.7133883 0.7043204 0.6967681 0.6907641 0.6863341 0.6833782 0.6818131 0.6814979 0.6820667 0.6824860 0.6785108 0.6785108 0.6218302 0.5719904 0.5014650 0.4789941 0.4789941 0.4592631 0.4592631 0.4716794 0.4716794 0.4860674 0.5187922 0.5187922 0.5549103 0.5549103 0.6179551 0.6179551 0.6179551 0.6328381 0.6328381 0.6301115 0.6301115 0.6192334 0.6192334 0.6059454 0.6059454 0.5931175 0.5931175 0.5931175
0.8091130 0.8091130 0.8082420 0.7988835 0.7932646 0.7932646 0.7891958 0.7833235 0.7833235 0.7789409 0.7789409 0.7753503 0.7737578 0.7722710 0.7707708 0.7707708 0.7479423 0.7330998 0.7184001 0.7048340 0.6928764 0.6827155 0.6744208 0.6680100 0.6634044 0.6604960 0.6591303 0.6589957 0.6592979 0.6570053 0.6570053 0.6213392 0.5808833 0.5164017 0.4966933 0.4966933 0.4878329 0.4878329 0.5094666 0.5094666 0.5229249 0.5430006 0.5430006 0.5588388 0.5588388 0.6020029 0.6020029 0.6020029 0.6195896 0.6195896 0.6217392 0.6217392 0.6143203 0.6143203 0.6031042 0.6031042 0.5916457 0.5916457 0.5916457
0.8094032 0.8094032 0.8066134 0.7989656 0.7934693 0.7934693 0.7893157 0.7833277 0.7833277 0.7789348 0.7789348 0.7753525 0.7737625 0.7722772 0.7707434 0.7707434 0.7465591 0.7291746 0.7116679 0.6952742 0.6805989 0.6679226 0.6573623 0.6489522 0.6426418 0.6383294 0.6358642 0.6349766 0.6350517 0.6339498 0.6339498 0.6119891 0.5813472 0.5300658 0.5188923 0.5188923 0.5293154 0.5293154 0.5543727 0.5543727 0.5619843 0.5654812 0.5654812 0.5646265 0.5646265 0.5873388 0.5873388 0.5873388 0.6041610 0.6041610 0.6104044 0.6104044 0.6071454 0.6071454 0.5989035 0.5989035 0.5895438 0.5895438 0.5895438
0.8094335 0.8094335 0.8057970 0.7990388 0.7935998 0.7935998 0.7893924 0.7833288 0.7833288 0.7789283 0.7789283 0.7753502 0.7737613 0.7722764 0.7706932 0.7706932 0.7432703 0.7232888 0.7031282 0.6841392 0.6669828 0.6519849 0.6392927 0.6289572 0.6209536 0.6152011 0.6115683 0.6098318 0.6095255 0.6091980 0.6091980 0.5964729 0.5756686 0.5471010 0.5515397 0.5515397 0.5820258 0.5820258 0.5978886 0.5978886 0.5963396 0.5841751 0.5841751 0.5712792 0.5712792 0.5759755 0.5759755 0.5759755 0.5888292 0.5888292 0.5971829 0.5971829 0.5979326 0.5979326 0.5932956 0.5932956 0.5867543 0.5867543 0.5867543
0.8094436 0.8094436 0.8055266 0.7990646 0.7936438 0.7936438 0.7894188 0.7833293 0.7833293 0.7789261 0.7789261 0.7753495 0.7737607 0.7722760 0.7706234 0.7706234 0.7377114 0.7149094 0.6921681 0.6708028 0.6514440 0.6344014 0.6198169 0.6077414 0.5981622 0.5910189 0.5862068 0.5835517 0.5827246 0.5828766 0.5828766 0.5768472 0.5668760 0.5759321 0.6007001 0.6007001 0.6372070 0.6372070 0.6329008 0.6329008 0.6226913 0.5991553 0.5991553 0.5782931 0.5782931 0.5684582 0.5684582 0.5684582 0.5753328 0.5753328 0.5834126 0.5834126 0.5872213 0.5872213 0.5863865 0.5863865 0.5832599 0.5832599 0.5832599
0.8094335 0.8094335 0.8057970 0.7990388 0.7935997 0.7935997 0.7893925 0.7833289 0.7833289 0.7789283 0.7789283 0.7753503 0.7737611 0.7722764 0.7705271 0.7705271 0.7293302 0.7033514 0.6780390 0.6545117 0.6332688 0.6145361 0.5984030 0.5848892 0.5739734 0.5656039 0.5596987 0.5561326 0.5547274 0.5553550 0.5553550 0.5555439 0.5607097 0.6255654 0.6644583 0.6644583 0.6827481 0.6827481 0.6576008 0.6576008 0.6417438 0.6113638 0.6113638 0.5853486 0.5853486 0.5643553 0.5643553 0.5643553 0.5645978 0.5645978 0.5703769 0.5703769 0.5758168 0.5758168 0.5784979 0.5784979 0.5791453 0.5791453 0.5791453
0.8094032 0.8094032 0.8066133 0.7989656 0.7934695 0.7934695 0.7893159 0.7833275 0.7833275 0.7789349 0.7789349 0.7753524 0.7737623 0.7722772 0.7703939 0.7703939 0.7172704 0.6876720 0.6597810 0.6343369 0.6115941 0.5916150 0.5743827 0.5598507 0.5479623 0.5386567 0.5318640 0.5275065 0.5256418 0.5275326 0.5275326 0.5373418 0.5690672 0.6949249 0.7274142 0.7274142 0.7125493 0.7125493 0.6743987 0.6743987 0.6556940 0.6215155 0.6215155 0.5920701 0.5920701 0.5627769 0.5627769 0.5627769 0.5567847 0.5567847 0.5590394 0.5590394 0.5646548 0.5646548 0.5701685 0.5701685 0.5746283 0.5746283 0.5746283
0.8091130 0.8091130 0.8082421 0.7988836 0.7932647 0.7932647 0.7891960 0.7833234 0.7833234 0.7789409 0.7789409 0.7753503 0.7737576 0.7722709 0.7702013 0.7702013 0.7001373 0.6664696 0.6360686 0.6090664 0.5853322 0.5646781 0.5469249 0.5319231 0.5195559 0.5097347 0.5023889 0.4975040 0.4957248 0.5022156 0.5022156 0.5340570 0.6101326 0.7640192 0.7704094 0.7704094 0.7296436 0.7296436 0.6861787 0.6861787 0.6662343 0.6299052 0.6299052 0.5980918 0.5980918 0.5628014 0.5628014 0.5628014 0.5515635 0.5515635 0.5499407 0.5499407 0.5546360 0.5546360 0.5621039 0.5621039 0.5700780 0.5700780 0.5700780
