simulation_files/asc/Depth____000119.asc
NCOLS        79
NROWS        79
XLLCENTER         -1.500000
YLLCENTER         -4.800000
CELLSIZE           0.100
NODATA_VALUE     -9999.0
[rows 0 to 25 of 79, columns 0 to 58 of 79]
-9999.000 -9999.000 -9999.000 -9999.000 -9999.000 -9999.000 -9999.000 -9999.000 -9999.000 -9999.000 -9999.000 -9999.000 -9999.000 -9999.000 -9999.000 0.4419772 0.4421480 0.4421339 0.4420701 0.4419707 0.4418453 0.4417024 0.4415478 0.4413848 0.4412123 0.4410225 0.4407968 0.4404988 0.4400757 0.4401370 0.4401370 -9999.000 -9999.000 -9999.000 -9999.000 -9999.000 -9999.000 -9999.000 -9999.000 -9999.000 -9999.000 -9999.000 -9999.000 -9999.000 -9999.000 -9999.000 -9999.000 -9999.000 -9999.000 -9999.000 -9999.000 -9999.000 -9999.000 -9999.000 -9999.000 -9999.000 -9999.000 -9999.000 -9999.000
-9999.000 -9999.000 -9999.000 -9999.000 -9999.000 -9999.000 -9999.000 -9999.000 -9999.000 -9999.000 -9999.000 -9999.000 -9999.000 -9999.000 -9999.000 0.4438359 0.4440067 0.4439889 0.4439299 0.4438421 0.4437335 0.4436114 0.4434810 0.4433456 0.4432051 0.4430537 0.4428753 0.4426362 0.4422820 0.4423794 0.4423794 -9999.000 -9999.000 -9999.000 -9999.000 -9999.000 -9999.000 -9999.000 -9999.000 -9999.000 -9999.000 -9999.000 -9999.000 -9999.000 -9999.000 -9999.000 -9999.000 -9999.000 -9999.000 -9999.000 -9999.000 -9999.000 -9999.000 -9999.000 -9999.000 -9999.000 -9999.000 -9999.000 -9999.000
-9999.000 -9999.000 -9999.000 -9999.000 -9999.000 -9999.000 -9999.000 -9999.000 -9999.000 -9999.000 -9999.000 -9999.000 -9999.000 -9999.000 -9999.000 0.4458098 0.4460084 0.4459941 0.4459382 0.4458540 0.4457501 0.4456342 0.4455117 0.4453856 0.4452549 0.4451123 0.4449388 0.4446962 0.4443235 0.4444198 0.4444198 -9999.000 -9999.000 -9999.000 -9999.000 -9999.000 -9999.000 -9999.000 -9999.000 -9999.000 -9999.000 -9999.000 -9999.000 -9999.000 -9999.000 -9999.000 -9999.000 -9999.000 -9999.000 -9999.000 -9999.000 -9999.000 -9999.000 -9999.000 -9999.000 -9999.000 -9999.000 -9999.000 -9999.000
-9999.000 -9999.000 -9999.000 -9999.000 -9999.000 -9999.000 -9999.000 -9999.000 -9999.000 -9999.000 -9999.000 -9999.000 -9999.000 -9999.000 -9999.000 0.4478135 0.4480331 0.4480204 0.4479653 0.4478815 0.4477781 0.4476633 0.4475425 0.4474186 0.4472901 0.4471481 0.4469717 0.4467180 0.4463185 0.4463983 0.4463983 -9999.000 -9999.000 -9999.000 -9999.000 -9999.000 -9999.000 -9999.000 -9999.000 -9999.000 -9999.000 -9999.000 -9999.000 -9999.000 -9999.000 -9999.000 -9999.000 -9999.000 -9999.000 -9999.000 -9999.000 -9999.000 -9999.000 -9999.000 -9999.000 -9999.000 -9999.000 -9999.000 -9999.000
-9999.000 -9999.000 -9999.000 -9999.000 -9999.000 -9999.000 -9999.000 -9999.000 -9999.000 -9999.000 -9999.000 -9999.000 -9999.000 -9999.000 -9999.000 0.4498358 0.4500717 0.4500591 0.4500027 0.4499168 0.4498108 0.4496934 0.4495701 0.4494439 0.4493127 0.4491665 0.4489818 0.4487113 0.4482768 0.4483262 0.4483262 -9999.000 -9999.000 -9999.000 -9999.000 -9999.000 -9999.000 -9999.000 -9999.000 -9999.000 -9999.000 -9999.000 -9999.000 -9999.000 -9999.000 -9999.000 -9999.000 -9999.000 -9999.000 -9999.000 -9999.000 -9999.000 -9999.000 -9999.000 -9999.000 -9999.000 -9999.000 -9999.000 -9999.000
-9999.000 -9999.000 -9999.000 -9999.000 -9999.000 -9999.000 -9999.000 -9999.000 -9999.000 -9999.000 -9999.000 -9999.000 -9999.000 -9999.000 -9999.000 0.4518690 0.4521179 0.4521042 0.4520451 0.4519553 0.4518445 0.4517219 0.4515935 0.4514619 0.4513246 0.4511705 0.4509735 0.4506808 0.4502026 0.4502062 0.4502062 -9999.000 -9999.000 -9999.000 -9999.000 -9999.000 -9999.000 -9999.000 -9999.000 -9999.000 -9999.000 -9999.000 -9999.000 -9999.000 -9999.000 -9999.000 -9999.000 -9999.000 -9999.000 -9999.000 -9999.000 -9999.000 -9999.000 -9999.000 -9999.000 -9999.000 -9999.000 -9999.000 -9999.000
-9999.000 -9999.000 -9999.000 -9999.000 -9999.000 -9999.000 -9999.000 -9999.000 -9999.000 -9999.000 -9999.000 -9999.000 -9999.000 -9999.000 -9999.000 0.4539076 0.4541672 0.4541513 0.4540887 0.4539938 0.4538768 0.4537473 0.4536118 0.4534726 0.4533269 0.4531619 0.4529487 0.4526282 0.4520959 0.4520347 0.4520347 -9999.000 -9999.000 -9999.000 -9999.000 -9999.000 -9999.000 -9999.000 -9999.000 -9999.000 -9999.000 -9999.000 -9999.000 -9999.000 -9999.000 -9999.000 -9999.000 -9999.000 -9999.000 -9999.000 -9999.000 -9999.000 -9999.000 -9999.000 -9999.000 -9999.000 -9999.000 -9999.000 -9999.000
-9999.000 -9999.000 -9999.000 -9999.000 -9999.000 -9999.000 -9999.000 -9999.000 -9999.000 -9999.000 -9999.000 -9999.000 -9999.000 -9999.000 -9999.000 0.4559476 0.4562163 0.4561974 0.4561306 0.4560298 0.4559056 0.4557681 0.4556240 0.4554757 0.4553195 0.4551409 0.4549078 0.4545533 0.4539546 0.4538027 0.4538027 -9999.000 -9999.000 -9999.000 -9999.000 -9999.000 -9999.000 -9999.000 -9999.000 -9999.000 -9999.000 -9999.000 -9999.000 -9999.000 -9999.000 -9999.000 -9999.000 -9999.000 -9999.000 -9999.000 -9999.000 -9999.000 -9999.000 -9999.000 -9999.000 -9999.000 -9999.000 -9999.000 -9999.000
-9999.000 -9999.000 -9999.000 -9999.000 -9999.000 -9999.000 -9999.000 -9999.000 -9999.000 -9999.000 -9999.000 -9999.000 -9999.000 -9999.000 -9999.000 0.4579858 0.4582624 0.4582398 0.4581682 0.4580609 0.4579287 0.4577823 0.4576287 0.4574699 0.4573015 0.4571069 0.4568498 0.4564539 0.4557736 0.4554942 0.4554942 -9999.000 -9999.000 -9999.000 -9999.000 -9999.000 -9999.000 -9999.000 -9999.000 -9999.000 -9999.000 -9999.000 -9999.000 -9999.000 -9999.000 -9999.000 -9999.000 -9999.000 -9999.000 -9999.000 -9999.000 -9999.000 -9999.000 -9999.000 -9999.000 -9999.000 -9999.000 -9999.000 -9999.000
-9999.000 -9999.000 -9999.000 -9999.000 -9999.000 -9999.000 -9999.000 -9999.000 -9999.000 -9999.000 -9999.000 -9999.000 -9999.000 -9999.000 -9999.000 0.4600192 0.4603028 0.4602759 0.4601990 0.4600844 0.4599437 0.4597874 0.4596234 0.4594528 0.4592705 0.4590572 0.4587716 0.4583255 0.4575439 0.4570822 0.4570822 -9999.000 -9999.000 -9999.000 -9999.000 -9999.000 -9999.000 -9999.000 -9999.000 -9999.000 -9999.000 -9999.000 -9999.000 -9999.000 -9999.000 -9999.000 -9999.000 -9999.000 -9999.000 -9999.000 -9999.000 -9999.000 -9999.000 -9999.000 -9999.000 -9999.000 -9999.000 -9999.000 -9999.000
-9999.000 -9999.000 -9999.000 -9999.000 -9999.000 -9999.000 -9999.000 -9999.000 -9999.000 -9999.000 -9999.000 -9999.000 -9999.000 -9999.000 -9999.000 0.4620441 0.4623346 0.4623024 0.4622197 0.4620973 0.4619470 0.4617800 0.4616045 0.4614209 0.4612227 0.4609875 0.4606677 0.4601600 0.4592509 0.4585220 0.4585220 -9999.000 -9999.000 -9999.000 -9999.000 -9999.000 -9999.000 -9999.000 -9999.000 -9999.000 -9999.000 -9999.000 -9999.000 -9999.000 -9999.000 -9999.000 -9999.000 -9999.000 -9999.000 -9999.000 -9999.000 -9999.000 -9999.000 -9999.000 -9999.000 -9999.000 -9999.000 -9999.000 -9999.000
-9999.000 -9999.000 -9999.000 -9999.000 -9999.000 -9999.000 -9999.000 -9999.000 -9999.000 -9999.000 -9999.000 -9999.000 -9999.000 -9999.000 -9999.000 0.4640553 0.4643533 0.4643152 0.4642260 0.4640950 0.4639343 0.4637554 0.4635669 0.4633684 0.4631518 0.4628904 0.4625286 0.4619432 0.4608704 0.4597359 0.4597359 -9999.000 -9999.000 -9999.000 -9999.000 -9999.000 -9999.000 -9999.000 -9999.000 -9999.000 -9999.000 -9999.000 -9999.000 -9999.000 -9999.000 -9999.000 -9999.000 -9999.000 -9999.000 -9999.000 -9999.000 -9999.000 -9999.000 -9999.000 -9999.000 -9999.000 -9999.000 -9999.000 -9999.000
-9999.000 -9999.000 -9999.000 -9999.000 -9999.000 -9999.000 -9999.000 -9999.000 -9999.000 -9999.000 -9999.000 -9999.000 -9999.000 -9999.000 -9999.000 0.4660444 0.4663519 0.4663072 0.4662111 0.4660706 0.4658982 0.4657058 0.4655024 0.4652863 0.4650473 0.4647530 0.4643371 0.4636505 0.4623613 0.4605843 0.4605843 -9999.000 -9999.000 -9999.000 -9999.000 -9999.000 -9999.000 -9999.000 -9999.000 -9999.000 -9999.000 -9999.000 -9999.000 -9999.000 -9999.000 -9999.000 -9999.000 -9999.000 -9999.000 -9999.000 -9999.000 -9999.000 -9999.000 -9999.000 -9999.000 -9999.000 -9999.000 -9999.000 -9999.000
-9999.000 -9999.000 -9999.000 -9999.000 -9999.000 -9999.000 -9999.000 -9999.000 -9999.000 -9999.000 -9999.000 -9999.000 -9999.000 -9999.000 -9999.000 0.4679871 0.4683120 0.4682621 0.4681606 0.4680115 0.4678272 0.4676199 0.4673992 0.4671612 0.4668927 0.4665540 0.4660642 0.4652384 0.4636513 0.4608013 0.4608013 -9999.000 -9999.000 -9999.000 -9999.000 -9999.000 -9999.000 -9999.000 -9999.000 -9999.000 -9999.000 -9999.000 -9999.000 -9999.000 -9999.000 -9999.000 -9999.000 -9999.000 -9999.000 -9999.000 -9999.000 -9999.000 -9999.000 -9999.000 -9999.000 -9999.000 -9999.000 -9999.000 -9999.000
-9999.000 -9999.000 -9999.000 -9999.000 -9999.000 -9999.000 -9999.000 -9999.000 -9999.000 -9999.000 -9999.000 -9999.000 -9999.000 -9999.000 -9999.000 0.4683775 0.4696089 0.4698785 0.4700028 0.4700035 0.4699095 0.4697480 0.4695428 0.4692983 0.4690044 0.4686125 0.4680162 0.4669626 0.4648489 0.4594642 0.4594642 -9999.000 -9999.000 -9999.000 -9999.000 -9999.000 -9999.000 -9999.000 -9999.000 -9999.000 -9999.000 -9999.000 -9999.000 -9999.000 -9999.000 -9999.000 -9999.000 -9999.000 -9999.000 -9999.000 -9999.000 -9999.000 -9999.000 -9999.000 -9999.000 -9999.000 -9999.000 -9999.000 -9999.000
0.4871688 0.4871688 0.4745812 0.4610001 0.4574766 0.4574766 0.4545200 0.4495583 0.4495583 0.4453717 0.4453717 0.4417066 0.4400274 0.4384343 0.4369178 0.4369178 0.4760225 0.4765618 0.4768999 0.4774518 0.4782615 0.4792486 0.4802846 0.4811728 0.4816410 0.4812172 0.4791193 0.4738794 0.4622537 0.4301085 0.4301085 0.2683847 0.2475615 0.2452184 0.2461880 0.2461880 0.2512098 0.2512098 0.2693879 0.2693879 0.3039638 0.3602264 0.3602264 0.3781175 0.3781175 0.3796551 0.3796551 0.3796551 0.3738736 0.3738736 0.3649410 0.3649410 0.3571916 0.3571916 0.3501368 0.3501368 0.3442546 0.3442546 0.3442546
0.4860157 0.4860157 0.4725621 0.4603383 0.4568075 0.4568075 0.4538449 0.4488840 0.4488840 0.4447080 0.4447080 0.4410554 0.4393822 0.4377950 0.4362838 0.4362838 0.4687197 0.4706164 0.4697776 0.4685545 0.4677142 0.4675256 0.4680065 0.4688852 0.4699704 0.4708121 0.4706758 0.4680389 0.4602412 0.4389329 0.4389329 0.3241191 0.2865442 0.2576756 0.2523541 0.2523541 0.2526202 0.2526202 0.2685730 0.2685730 0.2913404 0.3538796 0.3538796 0.3796375 0.3796375 0.3803087 0.3803087 0.3803087 0.3747652 0.3747652 0.3649514 0.3649514 0.3571358 0.3571358 0.3500481 0.3500481 0.3441245 0.3441245 0.3441245
0.4853757 0.4853757 0.4716585 0.4603547 0.4568241 0.4568241 0.4538478 0.4488648 0.4488648 0.4446805 0.4446805 0.4410252 0.4393510 0.4377626 0.4362500 0.4362500 0.4627548 0.4660800 0.4645849 0.4618287 0.4593170 0.4575545 0.4566482 0.4564618 0.4568397 0.4574380 0.4578620 0.4562325 0.4506843 0.4350929 0.4350929 0.3510982 0.3125159 0.2723691 0.2630935 0.2630935 0.2603173 0.2603173 0.2756148 0.2756148 0.2923352 0.3444984 0.3444984 0.3781894 0.3781894 0.3810030 0.3810030 0.3810030 0.3745980 0.3745980 0.3654906 0.3654906 0.3573516 0.3573516 0.3501505 0.3501505 0.3442050 0.3442050 0.3442050
0.4848649 0.4848649 0.4709551 0.4603693 0.4568585 0.4568585 0.4538729 0.4488675 0.4488675 0.4446767 0.4446767 0.4410228 0.4393497 0.4377620 0.4362499 0.4362499 0.4566306 0.4607803 0.4590823 0.4552399 0.4513513 0.4482125 0.4460575 0.4448377 0.4444227 0.4445226 0.4447237 0.4435803 0.4393446 0.4271465 0.4271465 0.3674496 0.3312612 0.2885698 0.2782957 0.2782957 0.2758417 0.2758417 0.2901604 0.2901604 0.3019365 0.3386211 0.3386211 0.3723264 0.3723264 0.3798413 0.3798413 0.3798413 0.3737722 0.3737722 0.3651030 0.3651030 0.3568875 0.3568875 0.3497286 0.3497286 0.3439524 0.3439524 0.3439524
0.4844759 0.4844759 0.4704265 0.4603729 0.4568910 0.4568910 0.4538997 0.4488716 0.4488716 0.4446733 0.4446733 0.4410208 0.4393488 0.4377620 0.4362505 0.4362505 0.4505205 0.4543507 0.4524600 0.4478401 0.4428289 0.4384861 0.4351980 0.4330130 0.4318372 0.4314238 0.4313863 0.4305415 0.4272796 0.4177382 0.4177382 0.3756568 0.3438469 0.3054113 0.2975488 0.2975488 0.2989016 0.2989016 0.3102527 0.3102527 0.3167631 0.3368659 0.3368659 0.3633798 0.3633798 0.3759938 0.3759938 0.3759938 0.3715066 0.3715066 0.3637776 0.3637776 0.3559175 0.3559175 0.3490557 0.3490557 0.3436245 0.3436245 0.3436245
0.4842027 0.4842027 0.4700585 0.4603702 0.4569170 0.4569170 0.4539230 0.4488756 0.4488756 0.4446705 0.4446705 0.4410190 0.4393480 0.4377620 0.4362509 0.4362509 0.4446397 0.4469606 0.4445070 0.4392408 0.4333153 0.4279272 0.4236051 0.4205063 0.4185964 0.4176799 0.4174066 0.4168104 0.4144464 0.4073049 0.4073049 0.3779092 0.3522460 0.3247008 0.3220907 0.3220907 0.3273502 0.3273502 0.3321262 0.3321262 0.3330892 0.3388404 0.3388404 0.3546023 0.3546023 0.3695407 0.3695407 0.3695407 0.3675373 0.3675373 0.3614077 0.3614077 0.3544298 0.3544298 0.3481909 0.3481909 0.3433138 0.3433138 0.3433138
0.4840407 0.4840407 0.4698414 0.4603662 0.4569335 0.4569335 0.4539388 0.4488785 0.4488785 0.4446685 0.4446685 0.4410178 0.4393474 0.4377620 0.4362512 0.4362512 0.4389213 0.4387612 0.4351559 0.4291817 0.4224940 0.4162331 0.4110048 0.4070624 0.4044458 0.4030248 0.4025040 0.4021051 0.4005787 0.3957142 0.3957142 0.3763972 0.3592294 0.3496257 0.3527695 0.3527695 0.3570068 0.3570068 0.3522481 0.3522481 0.3482601 0.3433000 0.3433000 0.3484160 0.3484160 0.3615158 0.3615158 0.3615158 0.3619626 0.3619626 0.3579217 0.3579217 0.3523552 0.3523552 0.3471243 0.3471243 0.3430580 0.3430580 0.3430580
0.4839871 0.4839871 0.4697696 0.4603644 0.4569391 0.4569391 0.4539444 0.4488796 0.4488796 0.4446679 0.4446679 0.4410174 0.4393471 0.4377620 0.4362513 0.4362513 0.4330599 0.4297314 0.4243472 0.4174401 0.4100570 0.4030951 0.3971310 0.3924676 0.3892110 0.3873028 0.3865188 0.3862536 0.3855008 0.3830315 0.3830315 0.3735010 0.3691395 0.3820134 0.3871316 0.3871316 0.3831977 0.3831977 0.3689089 0.3689089 0.3612489 0.3490154 0.3490154 0.3454820 0.3454820 0.3533418 0.3533418 0.3533418 0.3552794 0.3552794 0.3534000 0.3534000 0.3496602 0.3496602 0.3458368 0.3458368 0.3428601 0.3428601 0.3428601
0.4840408 0.4840408 0.4698414 0.4603662 0.4569334 0.4569334 0.4539388 0.4488786 0.4488786 0.4446686 0.4446686 0.4410178 0.4393474 0.4377620 0.4362513 0.4362513 0.4265517 0.4196118 0.4119269 0.4037869 0.3956891 0.3881744 0.3816754 0.3764725 0.3727055 0.3703778 0.3693425 0.3691584 0.3691618 0.3698325 0.3698325 0.3731991 0.3884646 0.4185932 0.4190944 0.4190944 0.4034564 0.4034564 0.3821501 0.3821501 0.3720926 0.3550934 0.3550934 0.3452182 0.3452182 0.3462032 0.3462032 0.3462032 0.3482393 0.3482393 0.3481284 0.3481284 0.3464093 0.3464093 0.3443304 0.3443304 0.3427057 0.3427057 0.3427057
0.4842027 0.4842027 0.4700585 0.4603702 0.4569169 0.4569169 0.4539231 0.4488757 0.4488757 0.4446705 0.4446705 0.4410191 0.4393479 0.4377621 0.4362510 0.4362510 0.4186807 0.4078602 0.3975437 0.3879133 0.3790450 0.3711001 0.3642822 0.3587723 0.3546929 0.3520818 0.3508612 0.3507536 0.3517012 0.3580896 0.3580896 0.3831034 0.4230481 0.4510923 0.4434562 0.4434562 0.4182175 0.4182175 0.3926664 0.3926664 0.3810919 0.3609268 0.3609268 0.3466299 0.3466299 0.3407161 0.3407161 0.3407161 0.3416074 0.3416074 0.3425681 0.3425681 0.3427937 0.3427937 0.3426571 0.3426571 0.3425773 0.3425773 0.3425773
0.4844759 0.4844759 0.4704265 0.4603730 0.4568909 0.4568909 0.4538997 0.4488717 0.4488717 0.4446733 0.4446733 0.4410209 0.4393488 0.4377620 0.4362504 0.4362504 0.4084223 0.3935803 0.3805408 0.3693256 0.3596880 0.3514478 0.3445452 0.3390024 0.3348718 0.3321875 0.3309186 0.3309819 0.3337904 0.3536463 0.3536463 0.4140296 0.4696691 0.4737689 0.4606648 0.4606648 0.4289818 0.4289818 0.4009909 0.4009909 0.3884037 0.3660831 0.3660831 0.3487982 0.3487982 0.3369456 0.3369456 0.3369456 0.3359576 0.3359576 0.3372568 0.3372568 0.3391244 0.3391244 0.3409355 0.3409355 0.3424672 0.3424672 0.3424672
