simulation_files/asc/Depth____725.0.asc
NCOLS       216
NROWS       273
XLLCENTER        494.688995
YLLCENTER        787.867981
CELLSIZE           0.500
NODATA_VALUE     -9999.0
[rows 162 to 188 of 273, columns 118 to 176 of 216]
1.955344 2.631124 2.827792 2.864608 2.875851 2.883599 2.657409 2.089272 1.552457 0.7056823 0.1592282 0.7094513E-01 0.9841530E-01 0.1477512 0.1270866 0.1082657 0.1307667 0.1442694 0.1664293 0.1695732 0.1658312 0.1352857 0.8945538E-01 0.9384325E-01 0.1202130 0.1253028 0.9053872E-01 0.5100184E-01 -9999.000 -9999.000 -9999.000 -9999.000 -9999.000 -9999.000 -9999.000 -9999.000 -9999.000 -9999.000 -9999.000 -9999.000 -9999.000 -9999.000 -9999.000 -9999.000 -9999.000 -9999.000 -9999.000 -9999.000 -9999.000 -9999.000 -9999.000 -9999.000 -9999.000 -9999.000 -9999.000 -9999.000 -9999.000 -9999.000 -9999.000
1.875761 2.589507 2.819469 2.852809 2.854891 2.445530 1.735061 1.037511 0.5624273 0.1634259 0.1172130 0.1093086 0.1212248 0.1138919 0.1242945 0.1301242 0.1315927 0.1312632 0.1657948 0.1883696 0.1922681 0.1424553 0.1014142 0.1035535 0.1389439 0.1527306 0.1297281 0.8412163E-01 0.3239626E-01 -9999.000 -9999.000 -9999.000 -9999.000 -9999.000 -9999.000 -9999.000 -9999.000 -9999.000 -9999.000 -9999.000 -9999.000 -9999.000 -9999.000 -9999.000 -9999.000 -9999.000 -9999.000 -9999.000 -9999.000 -9999.000 -9999.000 -9999.000 -9999.000 -9999.000 -9999.000 -9999.000 -9999.000 -9999.000 -9999.000
1.508782 2.244293 2.698873 2.841684 2.419407 1.501825 -9999.000 0.1576754 0.1197587 0.9491592E-01 0.1073417 0.9729963E-01 0.9514551E-01 0.8029877E-01 0.1019784 0.1244535 0.1185504 0.1198338 0.1430112 0.1749645 0.1874189 0.1290148 0.9226953E-01 0.1054308 0.1455702 0.1533407 0.1180578 0.8991097E-01 0.4000611E-01 -9999.000 -9999.000 -9999.000 -9999.000 -9999.000 -9999.000 -9999.000 -9999.000 -9999.000 -9999.000 -9999.000 -9999.000 -9999.000 -9999.000 -9999.000 -9999.000 -9999.000 -9999.000 -9999.000 -9999.000 -9999.000 -9999.000 -9999.000 -9999.000 -9999.000 -9999.000 -9999.000 -9999.000 -9999.000 -9999.000
-9999.000 1.443580 2.260761 2.365241 1.452889 0.4614168 0.1074432 0.1168330 0.9229448E-01 0.6219587E-01 0.5378394E-01 0.5537513E-01 0.7089877E-01 0.7072299E-01 0.9162178E-01 0.1179370 0.1240403 0.1420782 0.1655674 0.1940617 0.1647135 0.1026585 0.8200098E-01 0.9771164E-01 0.1357890 0.1334021 0.1219286 0.9154727E-01 0.4920759E-01 -9999.000 -9999.000 -9999.000 -9999.000 -9999.000 -9999.000 -9999.000 -9999.000 -9999.000 -9999.000 -9999.000 -9999.000 -9999.000 -9999.000 -9999.000 -9999.000 -9999.000 -9999.000 -9999.000 -9999.000 -9999.000 -9999.000 -9999.000 -9999.000 -9999.000 -9999.000 -9999.000 -9999.000 -9999.000 -9999.000
-9999.000 0.6317561 1.319407 1.175384 0.5031589 0.1109608 0.1356725 0.1206435 0.1077305 0.7407524E-01 0.4048057E-01 0.3753678E-01 0.5296181E-01 0.5483691E-01 0.9446654E-01 0.1439241 0.1738921 0.1981256 0.2212234 0.2067818 0.1280228 0.1055692 0.1032356 0.1109927 0.1313538 0.1441485 0.1390800 0.1154236 0.8525885E-01 0.5320833E-01 -9999.000 -9999.000 0.1836429E-01 -9999.000 -9999.000 -9999.000 -9999.000 -9999.000 -9999.000 -9999.000 -9999.000 -9999.000 -9999.000 -9999.000 -9999.000 -9999.000 -9999.000 -9999.000 -9999.000 -9999.000 -9999.000 -9999.000 -9999.000 -9999.000 -9999.000 -9999.000 -9999.000 -9999.000 -9999.000
-9999.000 -9999.000 -9999.000 0.2751709 0.1403384 0.1627361 0.1404550 0.1344217 0.1379173 0.1086941 0.8010235E-01 0.6471939E-01 0.5870887E-01 0.6100688E-01 0.1135344 0.1861929 0.2013253 0.2152417 0.2254047 0.1593037 0.8831393E-01 0.1165722 0.1253061 0.1367790 0.1414486 0.1183471 0.1184625 0.1175683 0.1043618 0.6837020E-01 -9999.000 -9999.000 -9999.000 -9999.000 -9999.000 -9999.000 -9999.000 -9999.000 -9999.000 -9999.000 -9999.000 -9999.000 -9999.000 -9999.000 -9999.000 -9999.000 -9999.000 -9999.000 -9999.000 -9999.000 -9999.000 -9999.000 -9999.000 -9999.000 -9999.000 -9999.000 -9999.000 -9999.000 -9999.000
-9999.000 -9999.000 -9999.000 0.6289290E-01 0.1552272 0.1618543 0.1617353 0.1685747 0.1753276 0.1581048 0.1373622 0.1162684 0.9465132E-01 0.9361699E-01 0.1219812 0.1678012 0.1783980 0.1838220 0.1546259 0.1220776 0.8082779E-01 0.1086331 0.1273153 0.1425674 0.1396937 0.9045536E-01 0.7545177E-01 0.9531090E-01 0.1023225 0.8172540E-01 0.4522911E-01 0.1301548E-01 -9999.000 -9999.000 -9999.000 -9999.000 -9999.000 -9999.000 -9999.000 -9999.000 -9999.000 -9999.000 -9999.000 -9999.000 -9999.000 -9999.000 -9999.000 -9999.000 -9999.000 -9999.000 -9999.000 -9999.000 -9999.000 -9999.000 -9999.000 -9999.000 -9999.000 -9999.000 -9999.000
-9999.000 -9999.000 -9999.000 0.4507794E-01 0.8223090E-01 0.1161048 0.1655712 0.1932078 0.1802292 0.1577864 0.1396586 0.1396347 0.1243585 0.1064273 0.9585648E-01 0.7991057E-01 0.1126223 0.1038230 0.1061787 0.1466339 0.1206731 0.1345758 0.1606581 0.1852682 0.1772459 0.1210768 0.8507858E-01 0.9060374E-01 0.1024436 0.1006238 0.6506424E-01 0.2608342E-01 0.1713490E-01 -9999.000 -9999.000 -9999.000 -9999.000 -9999.000 -9999.000 -9999.000 -9999.000 -9999.000 -9999.000 -9999.000 -9999.000 -9999.000 -9999.000 -9999.000 -9999.000 -9999.000 -9999.000 -9999.000 -9999.000 -9999.000 -9999.000 -9999.000 -9999.000 -9999.000 -9999.000
-9999.000 -9999.000 -9999.000 0.1742085E-01 0.4832656E-01 0.9713178E-01 0.1544623 0.1758239 0.1731362 0.1537627 0.1277616 0.1043242 0.8468852E-01 0.7356407E-01 0.7901034E-01 0.9903519E-01 0.1153236 0.9607871E-01 0.1028503 0.1263328 0.1175152 0.1468362 0.2072653 0.2446532 0.2286659 0.1607531 0.1035128 0.1018236 0.1127903 0.1237978 0.8580697E-01 0.4890648E-01 0.3646084E-01 0.2782897E-01 -9999.000 -9999.000 -9999.000 -9999.000 -9999.000 -9999.000 -9999.000 -9999.000 -9999.000 -9999.000 -9999.000 -9999.000 -9999.000 -9999.000 -9999.000 -9999.000 -9999.000 -9999.000 -9999.000 -9999.000 -9999.000 -9999.000 -9999.000 -9999.000 -9999.000
-9999.000 -9999.000 -9999.000 -9999.000 -9999.000 0.6109997E-01 0.9480140E-01 0.1367258 0.1660733 0.1832537 0.1305363 0.6233953E-01 0.3961949E-01 0.3521189E-01 0.7092534E-01 0.1337717 0.1686570 0.1797934 0.1283048 0.7128481E-01 0.5856651E-01 0.1201670 0.2229340 0.2602481 0.2214284 0.1555951 0.1162947 0.1337893 0.1559120 0.1605092 0.1075224 0.8055137E-01 0.8352928E-01 0.6172109E-01 0.4216140E-01 0.3080268E-01 -9999.000 -9999.000 -9999.000 -9999.000 -9999.000 -9999.000 -9999.000 -9999.000 -9999.000 -9999.000 -9999.000 -9999.000 -9999.000 -9999.000 -9999.000 -9999.000 -9999.000 -9999.000 -9999.000 -9999.000 -9999.000 -9999.000 -9999.000
-9999.000 -9999.000 -9999.000 -9999.000 -9999.000 0.3005567E-01 0.4238953E-01 0.9821705E-01 0.1528703 0.1816149 0.1448403 0.7340965E-01 0.5144444E-01 0.5738239E-01 0.8784125E-01 0.1468130 0.1809132 0.2090501 0.1746769 0.9762909E-01 0.7514585E-01 0.1331853 0.2132982 0.2297529 0.1964190 0.1393342 0.1132650 0.1199253 0.1506531 0.1698042 0.1314655 0.1254424 0.1381390 0.1289922 0.7228347E-01 0.5066388E-01 0.5311924E-01 0.3794176E-01 -9999.000 -9999.000 -9999.000 -9999.000 -9999.000 -9999.000 -9999.000 -9999.000 -9999.000 -9999.000 -9999.000 -9999.000 -9999.000 -9999.000 -9999.000 -9999.000 -9999.000 -9999.000 -9999.000 -9999.000 -9999.000
-9999.000 -9999.000 -9999.000 -9999.000 -9999.000 -9999.000 0.5558196E-01 0.8990179E-01 0.1338460 0.1613317 0.1609303 0.1222740 0.8617979E-01 0.9138309E-01 0.1168332 0.1507758 0.1774637 0.2208629 0.2250571 0.1819910 0.1729476 0.1740931 0.1874419 0.2051013 0.1430996 0.1079752 0.9126012E-01 0.8351296E-01 0.1018147 0.1403461 0.1282281 0.1335696 0.1493644 0.1458613 0.1049284 0.7353375E-01 0.8666860E-01 0.8415934E-01 0.4656312E-01 -9999.000 -9999.000 -9999.000 -9999.000 -9999.000 -9999.000 -9999.000 -9999.000 -9999.000 -9999.000 -9999.000 -9999.000 -9999.000 -9999.000 -9999.000 -9999.000 -9999.000 -9999.000 -9999.000 -9999.000
-9999.000 -9999.000 -9999.000 -9999.000 -9999.000 -9999.000 0.7354515E-01 0.8535036E-01 0.1174636 0.1558130 0.1794961 0.1548349 0.1097887 0.8282302E-01 0.9590107E-01 0.1280332 0.1607631 0.2147103 0.2322090 0.2328560 0.2478587 0.1944320 0.1570032 0.1410270 0.1108701 0.9298554E-01 0.7898616E-01 0.8183598E-01 0.1031518 0.1310072 0.1158452 0.1036713 0.1121008 0.1253179 0.1064080 0.8076610E-01 0.1003189 0.9727844E-01 -9999.000 -9999.000 -9999.000 -9999.000 -9999.000 -9999.000 -9999.000 -9999.000 -9999.000 -9999.000 -9999.000 -9999.000 -9999.000 -9999.000 -9999.000 -9999.000 -9999.000 -9999.000 -9999.000 -9999.000 -9999.000
-9999.000 -9999.000 -9999.000 -9999.000 -9999.000 -9999.000 -9999.000 0.4161241E-01 0.7531989E-01 0.1442740 0.1897922 0.1698440 0.1106437 0.5249366E-01 0.4687268E-01 0.6576110E-01 0.1130791 0.1961137 0.2015708 0.1923043 0.1757014 0.1336346 0.1180049 0.1510415 0.1770712 0.1176809 0.9411013E-01 0.1062364 0.1256526 0.1500823 0.1423247 0.1120139 0.1012467 0.1163078 0.9987720E-01 0.6039831E-01 0.6175504E-01 0.8492084E-01 0.8399169E-01 0.6264911E-01 -9999.000 -9999.000 -9999.000 -9999.000 -9999.000 -9999.000 -9999.000 -9999.000 -9999.000 -9999.000 -9999.000 -9999.000 -9999.000 -9999.000 -9999.000 -9999.000 -9999.000 -9999.000 -9999.000
-9999.000 -9999.000 -9999.000 -9999.000 -9999.000 -9999.000 -9999.000 -9999.000 0.3969013E-01 0.1075184 0.1558294 0.1532780 0.9606726E-01 0.3210191E-01 0.1825098E-01 0.2634166E-01 0.6505085E-01 0.1295968 0.1280381 0.1101392 0.8704593E-01 0.8443074E-01 0.1076837 0.1869492 0.2196855 0.1664577 0.1535416 0.1634209 0.1734277 0.1886714 0.2006109 0.1953564 0.1445334 0.1145558 0.6855218E-01 0.2680482E-01 0.5137090E-01 0.9284383E-01 0.1042382 0.7996203E-01 -9999.000 -9999.000 -9999.000 -9999.000 -9999.000 -9999.000 -9999.000 -9999.000 -9999.000 -9999.000 -9999.000 -9999.000 -9999.000 -9999.000 -9999.000 -9999.000 -9999.000 -9999.000 -9999.000
-9999.000 -9999.000 -9999.000 -9999.000 -9999.000 -9999.000 -9999.000 -9999.000 -9999.000 0.6592085E-01 0.1160439 0.1374313 0.1051854 0.4402057E-01 -9999.000 -9999.000 -9999.000 0.5211183E-01 0.7107605E-01 0.8351888E-01 0.1043196 0.9767635E-01 0.1035586 0.1777455 0.2204750 0.2040093 0.1973154 0.1997325 0.1806851 0.1750484 0.2193796 0.2257475 0.1966597 0.1336561 0.5191943E-01 0.3912607E-01 0.8125635E-01 0.9700135E-01 0.8761255E-01 0.7412219E-01 0.3698723E-01 -9999.000 -9999.000 -9999.000 -9999.000 -9999.000 -9999.000 -9999.000 -9999.000 -9999.000 -9999.000 -9999.000 -9999.000 -9999.000 -9999.000 -9999.000 -9999.000 -9999.000 -9999.000
-9999.000 -9999.000 -9999.000 -9999.000 -9999.000 -9999.000 -9999.000 -9999.000 -9999.000 0.5090103E-01 0.1101300 0.1374157 0.1232615 0.8041284E-01 0.3282313E-01 -9999.000 -9999.000 -9999.000 0.4220584E-01 0.6444879E-01 0.1006195 0.1257401 0.1212544 0.1625458 0.2176576 0.2110816 0.1931544 0.1673955 0.1000436 0.9366802E-01 0.1700053 0.1907573 0.1889255 0.1420305 0.9464575E-01 0.1033185 0.1123587 0.1029457 0.8819141E-01 0.1030940 0.7729301E-01 -9999.000 -9999.000 -9999.000 -9999.000 -9999.000 -9999.000 -9999.000 -9999.000 -9999.000 -9999.000 -9999.000 -9999.000 -9999.000 -9999.000 -9999.000 -9999.000 -9999.000 -9999.000
-9999.000 -9999.000 -9999.000 -9999.000 -9999.000 -9999.000 -9999.000 -9999.000 -9999.000 -9999.000 0.7121935E-01 0.1055118 0.1275996 0.1083221 0.5970072E-01 -9999.000 -9999.000 -9999.000 0.2699454E-01 0.4421849E-01 0.8715334E-01 0.1391327 0.1439027 0.1594048 0.2131612 0.1959565 0.1551981 0.9836459E-01 0.8775503E-01 0.1109346 0.1297779 0.1354646 0.1434009 0.1214906 0.1174507 0.1462684 0.1395351 0.1162899 0.1268865 0.1451168 0.1061795 -9999.000 -9999.000 -9999.000 -9999.000 -9999.000 -9999.000 -9999.000 -9999.000 -9999.000 -9999.000 -9999.000 -9999.000 -9999.000 -9999.000 -9999.000 -9999.000 -9999.000 -9999.000
-9999.000 -9999.000 -9999.000 -9999.000 -9999.000 -9999.000 -9999.000 -9999.000 -9999.000 -9999.000 0.4832177E-01 0.9656736E-01 0.1353836 0.1340832 0.8855067E-01 0.4343194E-01 0.1506905E-01 0.1412378E-01 0.1934034E-01 0.3051644E-01 0.6497573E-01 0.1059814 0.1173891 0.1534854 0.1924146 0.1676739 0.1028444 0.6285046E-01 0.1163260 0.1618497 0.1520139 0.1244656 0.1259320 0.1089755 0.1115343 0.1567238 0.1464286 0.1199692 0.1383262 0.1720318 0.1327817 0.6578452E-01 -9999.000 -9999.000 -9999.000 -9999.000 -9999.000 -9999.000 -9999.000 -9999.000 -9999.000 -9999.000 -9999.000 -9999.000 -9999.000 -9999.000 -9999.000 -9999.000 -9999.000
-9999.000 -9999.000 -9999.000 -9999.000 -9999.000 -9999.000 -9999.000 -9999.000 -9999.000 -9999.000 -9999.000 0.5588862E-01 0.1017980 0.1353323 0.1164045 0.6361479E-01 -9999.000 -9999.000 -9999.000 -9999.000 0.3208799E-01 0.6066606E-01 0.7550805E-01 0.1203860 0.1691024 0.1411676 0.1219216 0.1181256 0.1600315 0.1899134 0.1958150 0.1623961 0.1677528 0.1616213 0.1627484 0.1853623 0.1636406 0.1475241 0.1586858 0.1818226 0.1595658 0.8758696E-01 0.3992191E-01 -9999.000 -9999.000 -9999.000 -9999.000 -9999.000 -9999.000 -9999.000 -9999.000 -9999.000 -9999.000 -9999.000 -9999.000 -9999.000 -9999.000 -9999.000 -9999.000
-9999.000 -9999.000 -9999.000 -9999.000 -9999.000 -9999.000 -9999.000 -9999.000 -9999.000 -9999.000 -9999.000 -9999.000 0.5143563E-01 0.1015999 0.1076562 0.7594756E-01 0.3542167E-01 -9999.000 -9999.000 -9999.000 0.1553338E-01 0.2596293E-01 0.2693395E-01 0.6259014E-01 0.1465740 0.1672660 0.1689941 0.1984735 0.1983605 0.1784806 0.2016449 0.2342339 0.2545510 0.2749179 0.2497259 0.2134604 0.1918298 0.1954735 0.1996396 0.2081921 0.1832548 0.1302395 0.7814034E-01 -9999.000 -9999.000 -9999.000 -9999.000 -9999.000 -9999.000 -9999.000 -9999.000 -9999.000 -9999.000 -9999.000 -9999.000 -9999.000 -9999.000 -9999.000 -9999.000
-9999.000 -9999.000 -9999.000 -9999.000 -9999.000 -9999.000 -9999.000 -9999.000 -9999.000 -9999.000 -9999.000 -9999.000 0.4035900E-01 0.9920503E-01 0.1202397 0.9748252E-01 0.5782252E-01 -9999.000 -9999.000 -9999.000 -9999.000 0.2036258E-01 -9999.000 0.3886243E-01 0.1129534 0.1449852 0.1625867 0.2168395 0.2331538 0.1917504 0.2010643 0.2626378 0.2830802 0.2928673 0.2805156 0.2352499 0.2146923 0.2079057 0.2158812 0.2232793 0.2109170 0.1895661 0.1276968 -9999.000 -9999.000 -9999.000 -9999.000 -9999.000 -9999.000 -9999.000 -9999.000 -9999.000 -9999.000 -9999.000 -9999.000 -9999.000 -9999.000 -9999.000 -9999.000
-9999.000 -9999.000 -9999.000 -9999.000 -9999.000 -9999.000 -9999.000 -9999.000 -9999.000 -9999.000 -9999.000 -9999.000 -9999.000 0.1070497 0.1305204 0.1209706 0.8345623E-01 0.4071809E-01 -9999.000 0.1645521E-01 0.2102789E-01 0.1922077E-01 0.1300515E-01 0.3225210E-01 0.7143504E-01 0.8203024E-01 0.9882964E-01 0.1712976 0.2217160 0.2127996 0.2285674 0.2698072 0.2590450 0.2472916 0.2476372 0.2365855 0.2041674 0.1993502 0.2008248 0.2160381 0.2229471 0.2070575 0.1564790 0.7265910E-01 -9999.000 -9999.000 -9999.000 -9999.000 -9999.000 -9999.000 -9999.000 -9999.000 -9999.000 -9999.000 -9999.000 -9999.000 -9999.000 -9999.000 -9999.000
-9999.000 -9999.000 -9999.000 -9999.000 -9999.000 -9999.000 -9999.000 -9999.000 -9999.000 -9999.000 -9999.000 -9999.000 -9999.000 0.1003134 0.1255650 0.1298145 0.1090288 0.5635461E-01 0.1846459E-01 0.2478756E-01 0.2479492E-01 0.2532547E-01 0.3068391E-01 0.4524130E-01 0.5637779E-01 0.4308916E-01 0.5649804E-01 0.1090391 0.1615322 0.1868342 0.2500096 0.2468801 0.1892644 0.1889489 0.2034790 0.1586311 0.1289679 0.1039230 0.1221301 0.1461467 0.1735602 0.1804782 0.1528513 0.8886909E-01 0.6841441E-01 -9999.000 -9999.000 -9999.000 -9999.000 -9999.000 -9999.000 -9999.000 -9999.000 -9999.000 -9999.000 -9999.000 -9999.000 -9999.000 -9999.000
-9999.000 -9999.000 -9999.000 -9999.000 -9999.000 -9999.000 -9999.000 -9999.000 -9999.000 -9999.000 -9999.000 -9999.000 -9999.000 -9999.000 0.1022159 0.1189754 0.1139470 0.7651863E-01 0.3777695E-01 0.2537759E-01 0.2204799E-01 0.2339711E-01 0.3436212E-01 0.4641686E-01 0.3873265E-01 0.4537342E-01 0.8068348E-01 0.1154879 0.1471232 0.1808676 0.2123631 0.1724567 0.1287596 0.2045833 0.2339999 0.1782968 0.1127909 0.8926927E-01 0.1048806 0.1107338 0.1279045 0.1475284 0.1424650 0.1115713 0.7417936E-01 0.4845111E-01 -9999.000 -9999.000 -9999.000 -9999.000 -9999.000 -9999.000 -9999.000 -9999.000 -9999.000 -9999.000 -9999.000 -9999.000 -9999.000
-9999.000 -9999.000 -9999.000 -9999.000 -9999.000 -9999.000 -9999.000 -9999.000 -9999.000 -9999.000 -9999.000 -9999.000 -9999.000 0.5221986E-01 0.8473222E-01 0.9647688E-01 0.1192124 0.9822780E-01 0.4289702E-01 0.1632017E-01 -9999.000 -9999.000 -9999.000 0.2486743E-01 0.3445242E-01 0.5497231E-01 0.1169951 0.1439783 0.1492978 0.1422926 0.1437929 0.1230499 0.1156436 0.2046913 0.2698436 0.2571696 0.2038793 0.1381265 0.1326137 0.1518983 0.1566902 0.1532908 0.1499566 0.1197547 0.7045292E-01 0.3294464E-01 -9999.000 -9999.000 -9999.000 -9999.000 -9999.000 -9999.000 -9999.000 -9999.000 -9999.000 -9999.000 -9999.000 -9999.000 -9999.000
-9999.000 -9999.000 -9999.000 -9999.000 -9999.000 -9999.000 -9999.000 -9999.000 -9999.000 -9999.000 -9999.000 -9999.000 -9999.000 0.6242172E-01 0.7947793E-01 0.9242616E-01 0.1205643 0.1101728 0.6487188E-01 0.3674348E-01 -9999.000 -9999.000 -9999.000 -9999.000 0.2780581E-01 0.3351952E-01 0.7224344E-01 0.9714865E-01 0.1186119 0.1136768 0.1330904 0.1585259 0.1415380 0.1813240 0.2347045 0.2550015 0.2214271 0.1728720 0.1574921 0.1732023 0.1708184 0.1525019 0.1485484 0.1319193 0.1039913 0.7246047E-01 0.5310495E-01 -9999.000 -9999.000 -9999.000 -9999.000 -9999.000 -9999.000 -9999.000 -9999.000 -9999.000 -9999.000 -9999.000 -9999.000
