simulation_files/asc/Depth____000289.asc
NCOLS        79
NROWS        79
XLLCENTER         -1.500000
YLLCENTER         -4.800000
CELLSIZE           0.100
NODATA_VALUE     -9999.0
[rows 0 to 25 of 79, columns 0 to 58 of 79]
-9999.000 -9999.000 -9999.000 -9999.000 -9999.000 -9999.000 -9999.000 -9999.000 -9999.000 -9999.000 -9999.000 -9999.000 -9999.000 -9999.000 -9999.000 0.7085096 0.7089690 0.7090896 0.7090023 0.7087977 0.7085393 0.7082527 0.7079580 0.7076743 0.7074034 0.7071517 0.7069165 0.7066663 0.7062920 0.7062503 0.7062503 -9999.000 -9999.000 -9999.000 -9999.000 -9999.000 -9999.000 -9999.000 -9999.000 -9999.000 -9999.000 -9999.000 -9999.000 -9999.000 -9999.000 -9999.000 -9999.000 -9999.000 -9999.000 -9999.000 -9999.000 -9999.000 -9999.000 -9999.000 -9999.000 -9999.000 -9999.000 -9999.000 -9999.000
-9999.000 -9999.000 -9999.000 -9999.000 -9999.000 -9999.000 -9999.000 -9999.000 -9999.000 -9999.000 -9999.000 -9999.000 -9999.000 -9999.000 -9999.000 0.7102847 0.7107114 0.7108096 0.7107367 0.7105713 0.7103671 0.7101439 0.7099174 0.7097027 0.7094999 0.7093138 0.7091414 0.7089542 0.7086551 0.7086980 0.7086980 -9999.000 -9999.000 -9999.000 -9999.000 -9999.000 -9999.000 -9999.000 -9999.000 -9999.000 -9999.000 -9999.000 -9999.000 -9999.000 -9999.000 -9999.000 -9999.000 -9999.000 -9999.000 -9999.000 -9999.000 -9999.000 -9999.000 -9999.000 -9999.000 -9999.000 -9999.000 -9999.000 -9999.000
-9999.000 -9999.000 -9999.000 -9999.000 -9999.000 -9999.000 -9999.000 -9999.000 -9999.000 -9999.000 -9999.000 -9999.000 -9999.000 -9999.000 -9999.000 0.7121975 0.7126580 0.7127660 0.7126994 0.7125397 0.7123421 0.7121269 0.7119098 0.7117056 0.7115135 0.7113374 0.7111733 0.7109900 0.7106843 0.7107233 0.7107233 -9999.000 -9999.000 -9999.000 -9999.000 -9999.000 -9999.000 -9999.000 -9999.000 -9999.000 -9999.000 -9999.000 -9999.000 -9999.000 -9999.000 -9999.000 -9999.000 -9999.000 -9999.000 -9999.000 -9999.000 -9999.000 -9999.000 -9999.000 -9999.000 -9999.000 -9999.000 -9999.000 -9999.000
-9999.000 -9999.000 -9999.000 -9999.000 -9999.000 -9999.000 -9999.000 -9999.000 -9999.000 -9999.000 -9999.000 -9999.000 -9999.000 -9999.000 -9999.000 0.7141613 0.7146425 0.7147553 0.7146893 0.7145289 0.7143309 0.7141156 0.7138989 0.7136960 0.7135051 0.7133302 0.7131664 0.7129802 0.7126618 0.7126792 0.7126792 -9999.000 -9999.000 -9999.000 -9999.000 -9999.000 -9999.000 -9999.000 -9999.000 -9999.000 -9999.000 -9999.000 -9999.000 -9999.000 -9999.000 -9999.000 -9999.000 -9999.000 -9999.000 -9999.000 -9999.000 -9999.000 -9999.000 -9999.000 -9999.000 -9999.000 -9999.000 -9999.000 -9999.000
-9999.000 -9999.000 -9999.000 -9999.000 -9999.000 -9999.000 -9999.000 -9999.000 -9999.000 -9999.000 -9999.000 -9999.000 -9999.000 -9999.000 -9999.000 0.7161457 0.7166422 0.7167571 0.7166888 0.7165244 0.7163225 0.7161032 0.7158828 0.7156771 0.7154831 0.7153053 0.7151380 0.7149453 0.7146091 0.7145907 0.7145907 -9999.000 -9999.000 -9999.000 -9999.000 -9999.000 -9999.000 -9999.000 -9999.000 -9999.000 -9999.000 -9999.000 -9999.000 -9999.000 -9999.000 -9999.000 -9999.000 -9999.000 -9999.000 -9999.000 -9999.000 -9999.000 -9999.000 -9999.000 -9999.000 -9999.000 -9999.000 -9999.000 -9999.000
-9999.000 -9999.000 -9999.000 -9999.000 -9999.000 -9999.000 -9999.000 -9999.000 -9999.000 -9999.000 -9999.000 -9999.000 -9999.000 -9999.000 -9999.000 0.7181370 0.7186461 0.7187616 0.7186891 0.7185192 0.7183117 0.7180865 0.7178606 0.7176501 0.7174510 0.7172683 0.7170956 0.7168939 0.7165353 0.7164668 0.7164668 -9999.000 -9999.000 -9999.000 -9999.000 -9999.000 -9999.000 -9999.000 -9999.000 -9999.000 -9999.000 -9999.000 -9999.000 -9999.000 -9999.000 -9999.000 -9999.000 -9999.000 -9999.000 -9999.000 -9999.000 -9999.000 -9999.000 -9999.000 -9999.000 -9999.000 -9999.000 -9999.000 -9999.000
-9999.000 -9999.000 -9999.000 -9999.000 -9999.000 -9999.000 -9999.000 -9999.000 -9999.000 -9999.000 -9999.000 -9999.000 -9999.000 -9999.000 -9999.000 0.7201287 0.7206490 0.7207637 0.7206860 0.7205094 0.7202955 0.7200636 0.7198311 0.7196148 0.7194095 0.7192209 0.7190414 0.7188288 0.7184431 0.7183082 0.7183082 -9999.000 -9999.000 -9999.000 -9999.000 -9999.000 -9999.000 -9999.000 -9999.000 -9999.000 -9999.000 -9999.000 -9999.000 -9999.000 -9999.000 -9999.000 -9999.000 -9999.000 -9999.000 -9999.000 -9999.000 -9999.000 -9999.000 -9999.000 -9999.000 -9999.000 -9999.000 -9999.000 -9999.000
-9999.000 -9999.000 -9999.000 -9999.000 -9999.000 -9999.000 -9999.000 -9999.000 -9999.000 -9999.000 -9999.000 -9999.000 -9999.000 -9999.000 -9999.000 0.7221176 0.7226482 0.7227610 0.7226769 0.7224928 0.7222720 0.7220328 0.7217932 0.7215707 0.7213585 0.7211632 0.7209761 0.7207505 0.7203324 0.7201100 0.7201100 -9999.000 -9999.000 -9999.000 -9999.000 -9999.000 -9999.000 -9999.000 -9999.000 -9999.000 -9999.000 -9999.000 -9999.000 -9999.000 -9999.000 -9999.000 -9999.000 -9999.000 -9999.000 -9999.000 -9999.000 -9999.000 -9999.000 -9999.000 -9999.000 -9999.000 -9999.000 -9999.000 -9999.000
-9999.000 -9999.000 -9999.000 -9999.000 -9999.000 -9999.000 -9999.000 -9999.000 -9999.000 -9999.000 -9999.000 -9999.000 -9999.000 -9999.000 -9999.000 0.7241015 0.7246419 0.7247514 0.7246597 0.7244675 0.7242393 0.7239923 0.7237453 0.7235165 0.7232968 0.7230940 0.7228985 0.7226578 0.7222010 0.7218632 0.7218632 -9999.000 -9999.000 -9999.000 -9999.000 -9999.000 -9999.000 -9999.000 -9999.000 -9999.000 -9999.000 -9999.000 -9999.000 -9999.000 -9999.000 -9999.000 -9999.000 -9999.000 -9999.000 -9999.000 -9999.000 -9999.000 -9999.000 -9999.000 -9999.000 -9999.000 -9999.000 -9999.000 -9999.000
-9999.000 -9999.000 -9999.000 -9999.000 -9999.000 -9999.000 -9999.000 -9999.000 -9999.000 -9999.000 -9999.000 -9999.000 -9999.000 -9999.000 -9999.000 0.7260786 0.7266284 0.7267333 0.7266327 0.7264315 0.7261957 0.7259407 0.7256859 0.7254504 0.7252226 0.7250119 0.7248068 0.7245485 0.7240452 0.7235538 0.7235538 -9999.000 -9999.000 -9999.000 -9999.000 -9999.000 -9999.000 -9999.000 -9999.000 -9999.000 -9999.000 -9999.000 -9999.000 -9999.000 -9999.000 -9999.000 -9999.000 -9999.000 -9999.000 -9999.000 -9999.000 -9999.000 -9999.000 -9999.000 -9999.000 -9999.000 -9999.000 -9999.000 -9999.000
-9999.000 -9999.000 -9999.000 -9999.000 -9999.000 -9999.000 -9999.000 -9999.000 -9999.000 -9999.000 -9999.000 -9999.000 -9999.000 -9999.000 -9999.000 0.7280470 0.7286060 0.7287047 0.7285938 0.7283828 0.7281389 0.7278754 0.7276124 0.7273701 0.7271336 0.7269143 0.7266984 0.7264192 0.7258599 0.7251613 0.7251613 -9999.000 -9999.000 -9999.000 -9999.000 -9999.000 -9999.000 -9999.000 -9999.000 -9999.000 -9999.000 -9999.000 -9999.000 -9999.000 -9999.000 -9999.000 -9999.000 -9999.000 -9999.000 -9999.000 -9999.000 -9999.000 -9999.000 -9999.000 -9999.000 -9999.000 -9999.000 -9999.000 -9999.000
-9999.000 -9999.000 -9999.000 -9999.000 -9999.000 -9999.000 -9999.000 -9999.000 -9999.000 -9999.000 -9999.000 -9999.000 -9999.000 -9999.000 -9999.000 0.7300037 0.7305723 0.7306632 0.7305403 0.7303183 0.7300659 0.7297933 0.7295219 0.7292726 0.7290264 0.7287977 0.7285694 0.7282652 0.7276376 0.7266544 0.7266544 -9999.000 -9999.000 -9999.000 -9999.000 -9999.000 -9999.000 -9999.000 -9999.000 -9999.000 -9999.000 -9999.000 -9999.000 -9999.000 -9999.000 -9999.000 -9999.000 -9999.000 -9999.000 -9999.000 -9999.000 -9999.000 -9999.000 -9999.000 -9999.000 -9999.000 -9999.000 -9999.000 -9999.000
-9999.000 -9999.000 -9999.000 -9999.000 -9999.000 -9999.000 -9999.000 -9999.000 -9999.000 -9999.000 -9999.000 -9999.000 -9999.000 -9999.000 -9999.000 0.7319445 0.7325237 0.7326050 0.7324684 0.7322344 0.7319730 0.7316907 0.7314101 0.7311535 0.7308965 0.7306571 0.7304142 0.7300792 0.7293673 0.7279849 0.7279849 -9999.000 -9999.000 -9999.000 -9999.000 -9999.000 -9999.000 -9999.000 -9999.000 -9999.000 -9999.000 -9999.000 -9999.000 -9999.000 -9999.000 -9999.000 -9999.000 -9999.000 -9999.000 -9999.000 -9999.000 -9999.000 -9999.000 -9999.000 -9999.000 -9999.000 -9999.000 -9999.000 -9999.000
-9999.000 -9999.000 -9999.000 -9999.000 -9999.000 -9999.000 -9999.000 -9999.000 -9999.000 -9999.000 -9999.000 -9999.000 -9999.000 -9999.000 -9999.000 0.7337787 0.7343991 0.7345058 0.7343827 0.7341406 0.7338718 0.7335790 0.7332874 0.7330210 0.7327493 0.7324955 0.7322332 0.7318586 0.7310396 0.7290857 0.7290857 -9999.000 -9999.000 -9999.000 -9999.000 -9999.000 -9999.000 -9999.000 -9999.000 -9999.000 -9999.000 -9999.000 -9999.000 -9999.000 -9999.000 -9999.000 -9999.000 -9999.000 -9999.000 -9999.000 -9999.000 -9999.000 -9999.000 -9999.000 -9999.000 -9999.000 -9999.000 -9999.000 -9999.000
-9999.000 -9999.000 -9999.000 -9999.000 -9999.000 -9999.000 -9999.000 -9999.000 -9999.000 -9999.000 -9999.000 -9999.000 -9999.000 -9999.000 -9999.000 0.7273785 0.7336813 0.7368819 0.7381568 0.7379065 0.7373806 0.7368135 0.7362537 0.7357448 0.7352526 0.7348085 0.7343767 0.7338172 0.7326883 0.7291749 0.7291749 -9999.000 -9999.000 -9999.000 -9999.000 -9999.000 -9999.000 -9999.000 -9999.000 -9999.000 -9999.000 -9999.000 -9999.000 -9999.000 -9999.000 -9999.000 -9999.000 -9999.000 -9999.000 -9999.000 -9999.000 -9999.000 -9999.000 -9999.000 -9999.000 -9999.000 -9999.000 -9999.000 -9999.000
0.8129655 0.8129655 0.8118566 0.8001103 0.7922399 0.7922399 0.7888060 0.7834199 0.7834199 0.7790477 0.7790477 0.7754157 0.7738088 0.7723114 0.7708494 0.7708494 0.7396892 0.7383627 0.7368937 0.7373141 0.7385908 0.7402707 0.7424669 0.7452343 0.7478526 0.7504181 0.7524064 0.7523326 0.7459803 0.7169095 0.7169095 0.5056742 0.4685118 0.4459726 0.4383735 0.4383735 0.4262747 0.4262747 0.4277250 0.4277250 0.4381262 0.4857374 0.4857374 0.5855431 0.5855431 0.6443521 0.6443521 0.6443521 0.6456115 0.6456115 0.6355382 0.6355382 0.6213325 0.6213325 0.6064162 0.6064162 0.5926281 0.5926281 0.5926281
0.8101574 0.8101574 0.8102177 0.7982093 0.7914530 0.7914530 0.7878062 0.7823372 0.7823372 0.7779764 0.7779764 0.7743610 0.7727613 0.7712712 0.7698169 0.7698169 0.7428795 0.7373625 0.7323615 0.7285137 0.7255561 0.7233853 0.7221425 0.7219455 0.7225635 0.7239993 0.7260109 0.7279183 0.7279224 0.7174461 0.7174461 0.5745932 0.5196515 0.4650188 0.4495635 0.4495635 0.4314576 0.4314576 0.4320919 0.4320919 0.4418874 0.4837669 0.4837669 0.5613658 0.5613658 0.6401913 0.6401913 0.6401913 0.6449035 0.6449035 0.6356908 0.6356908 0.6217357 0.6217357 0.6069900 0.6069900 0.5932682 0.5932682 0.5932682
0.8087911 0.8087911 0.8103397 0.7978621 0.7917289 0.7917289 0.7879117 0.7823063 0.7823063 0.7779309 0.7779309 0.7743129 0.7727111 0.7712182 0.7697532 0.7697532 0.7453089 0.7362418 0.7278453 0.7205867 0.7145116 0.7095814 0.7058522 0.7033994 0.7021032 0.7019351 0.7027472 0.7040591 0.7044944 0.6981432 0.6981432 0.6081750 0.5516284 0.4832925 0.4626125 0.4626125 0.4409268 0.4409268 0.4455421 0.4455421 0.4577193 0.4969320 0.4969320 0.5543723 0.5543723 0.6312927 0.6312927 0.6312927 0.6410621 0.6410621 0.6341867 0.6341867 0.6211262 0.6211262 0.6067382 0.6067382 0.5932179 0.5932179 0.5932179
0.8078707 0.8078707 0.8097614 0.7977024 0.7919891 0.7919891 0.7880500 0.7823082 0.7823082 0.7779228 0.7779228 0.7743106 0.7727101 0.7712173 0.7697377 0.7697377 0.7468140 0.7347075 0.7230635 0.7125767 0.7035288 0.6959907 0.6899978 0.6855751 0.6826242 0.6810622 0.6807480 0.6813154 0.6817312 0.6777346 0.6777346 0.6210470 0.5712438 0.5008056 0.4783776 0.4783776 0.4587277 0.4587277 0.4711899 0.4711899 0.4855763 0.5182697 0.5182697 0.5544096 0.5544096 0.6173688 0.6173688 0.6173688 0.6321366 0.6321366 0.6293501 0.6293501 0.6184584 0.6184584 0.6051815 0.6051815 0.5923752 0.5923752 0.5923752
0.8073728 0.8073728 0.8088424 0.7976377 0.7922004 0.7922004 0.7881751 0.7823109 0.7823109 0.7779155 0.7779155 0.7743095 0.7727101 0.7712178 0.7697151 0.7697151 0.7470095 0.7322171 0.7175551 0.7040210 0.6920891 0.6819485 0.6736698 0.6672707 0.6626738 0.6597716 0.6584097 0.6582758 0.6585764 0.6562688 0.6562688 0.6205859 0.5801492 0.5157463 0.4960845 0.4960845 0.4873016 0.4873016 0.5089368 0.5089368 0.5223687 0.5423949 0.5423949 0.5582491 0.5582491 0.6014257 0.6014257 0.6014257 0.6189309 0.6189309 0.6210152 0.6210152 0.6135694 0.6135694 0.6023546 0.6023546 0.5909123 0.5909123 0.5909123
0.8072838 0.8072838 0.8076429 0.7976288 0.7923535 0.7923535 0.7882710 0.7823131 0.7823131 0.7779093 0.7779093 0.7743087 0.7727103 0.7712180 0.7696815 0.7696815 0.7456077 0.7282754 0.7108113 0.6944548 0.6798114 0.6671618 0.6566235 0.6482314 0.6419349 0.6376335 0.6351758 0.6342924 0.6343680 0.6332567 0.6332567 0.6112777 0.5806425 0.5294322 0.5183060 0.5183060 0.5287703 0.5287703 0.5537678 0.5537678 0.5613418 0.5648031 0.5648031 0.5639738 0.5639738 0.5867530 0.5867530 0.5867530 0.6035354 0.6035354 0.6097209 0.6097209 0.6064254 0.6064254 0.5981746 0.5981746 0.5888238 0.5888238 0.5888238
0.8077174 0.8077174 0.8063098 0.7976738 0.7924684 0.7924684 0.7883409 0.7823152 0.7823152 0.7779050 0.7779050 0.7743081 0.7727103 0.7712182 0.7696332 0.7696332 0.7423133 0.7223841 0.7022676 0.6833177 0.6661960 0.6512277 0.6385605 0.6282464 0.6202604 0.6145223 0.6109006 0.6091720 0.6088699 0.6085387 0.6085387 0.5958003 0.5749987 0.5465058 0.5509806 0.5509806 0.5814264 0.5814264 0.5971909 0.5971909 0.5956151 0.5834456 0.5834456 0.5705860 0.5705860 0.5753707 0.5753707 0.5753707 0.5882217 0.5882217 0.5965355 0.5965355 0.5972468 0.5972468 0.5925924 0.5925924 0.5860522 0.5860522 0.5860522
0.8077797 0.8077797 0.8059576 0.7976860 0.7925037 0.7925037 0.7883629 0.7823157 0.7823157 0.7779037 0.7779037 0.7743080 0.7727104 0.7712184 0.7695652 0.7695652 0.7367534 0.7140032 0.6913077 0.6699834 0.6506613 0.6336509 0.6190943 0.6070431 0.5974843 0.5903580 0.5855595 0.5829143 0.5820939 0.5822468 0.5822468 0.5762109 0.5662485 0.5753874 0.6001455 0.6001455 0.6365103 0.6365103 0.6321225 0.6321225 0.6219090 0.5983957 0.5983957 0.5775753 0.5775753 0.5678313 0.5678313 0.5678313 0.5747301 0.5747301 0.5827924 0.5827924 0.5865690 0.5865690 0.5857124 0.5857124 0.5825794 0.5825794 0.5825794
0.8077174 0.8077174 0.8063098 0.7976737 0.7924683 0.7924683 0.7883409 0.7823151 0.7823151 0.7779051 0.7779051 0.7743081 0.7727104 0.7712183 0.7694704 0.7694704 0.7283760 0.7024490 0.6771838 0.6536990 0.6324948 0.6137961 0.5976928 0.5842056 0.5733126 0.5649620 0.5590724 0.5555183 0.5541220 0.5547541 0.5547541 0.5549461 0.5601408 0.6250521 0.6638438 0.6638438 0.6819454 0.6819454 0.6567724 0.6567724 0.6409290 0.6105869 0.6105869 0.5846152 0.5846152 0.5637083 0.5637083 0.5637083 0.5639905 0.5639905 0.5697737 0.5697737 0.5751939 0.5751939 0.5778536 0.5778536 0.5784889 0.5784889 0.5784889
0.8072837 0.8072837 0.8076428 0.7976287 0.7923535 0.7923535 0.7882710 0.7823132 0.7823132 0.7779095 0.7779095 0.7743087 0.7727104 0.7712181 0.7693389 0.7693389 0.7163243 0.6867788 0.6589364 0.6335363 0.6108331 0.5908893 0.5736886 0.5591845 0.5473204 0.5380353 0.5312598 0.5269163 0.5250629 0.5269620 0.5269620 0.5367925 0.5685858 0.6943654 0.7266665 0.7266665 0.7116728 0.7116728 0.6735461 0.6735461 0.6548626 0.6207282 0.6207282 0.5913265 0.5913265 0.5621136 0.5621136 0.5621136 0.5561682 0.5561682 0.5584444 0.5584444 0.5640553 0.5640553 0.5695528 0.5695528 0.5739974 0.5739974 0.5739974
0.8073727 0.8073727 0.8088423 0.7976376 0.7922003 0.7922003 0.7881752 0.7823109 0.7823109 0.7779155 0.7779155 0.7743095 0.7727101 0.7712179 0.7691559 0.7691559 0.6992122 0.6655982 0.6352460 0.6082874 0.5845922 0.5639729 0.5462509 0.5312769 0.5189340 0.5091339 0.5018064 0.4969365 0.4951711 0.5016762 0.5016762 0.5335770 0.6097505 0.7633033 0.7695189 0.7695189 0.7287340 0.7287340 0.6853144 0.6853144 0.6653935 0.6291106 0.6291106 0.5973406 0.5973406 0.5621250 0.5621250 0.5621250 0.5509368 0.5509368 0.5493477 0.5493477 0.5540533 0.5540533 0.5615138 0.5615138 0.5694720 0.5694720 0.5694720
