simulation_files/asc/Depth____710.0.asc
NCOLS       216
NROWS       273
XLLCENTER        494.688995
YLLCENTER        787.867981
CELLSIZE           0.500
NODATA_VALUE     -9999.0
[rows 162 to 188 of 273, columns 118 to 176 of 216]
1.961371 2.638375 2.835782 2.872040 2.884125 2.892554 2.664093 2.089479 1.554547 0.7082503 0.1624184 0.7306991E-01 0.1000436 0.1502199 0.1297725 0.1109413 0.1339883 0.1476511 0.1698710 0.1733740 0.1691883 0.1372232 0.9238496E-01 0.9617801E-01 0.1230925 0.1281747 0.9265555E-01 0.5349067E-01 -9999.000 -9999.000 -9999.000 -9999.000 -9999.000 -9999.000 -9999.000 -9999.000 -9999.000 -9999.000 -9999.000 -9999.000 -9999.000 -9999.000 -9999.000 -9999.000 -9999.000 -9999.000 -9999.000 -9999.000 -9999.000 -9999.000 -9999.000 -9999.000 -9999.000 -9999.000 -9999.000 -9999.000 -9999.000 -9999.000 -9999.000
1.880984 2.596924 2.828097 2.861483 2.864665 2.457048 1.862903 1.141045 0.5708810 0.1678068 0.1205401 0.1108840 0.1217464 0.1150859 0.1252852 0.1330765 0.1349983 0.1346348 0.1692306 0.1919678 0.1956457 0.1449098 0.1040526 0.1064332 0.1420459 0.1556876 0.1326513 0.8717041E-01 0.3898685E-01 -9999.000 -9999.000 -9999.000 -9999.000 -9999.000 -9999.000 -9999.000 -9999.000 -9999.000 -9999.000 -9999.000 -9999.000 -9999.000 -9999.000 -9999.000 -9999.000 -9999.000 -9999.000 -9999.000 -9999.000 -9999.000 -9999.000 -9999.000 -9999.000 -9999.000 -9999.000 -9999.000 -9999.000 -9999.000 -9999.000
1.512913 2.252698 2.706869 2.847939 2.429694 1.623435 -9999.000 0.1904167 0.1297299 0.9736721E-01 0.1082813 0.9802961E-01 0.9510746E-01 0.8198177E-01 0.1042087 0.1271772 0.1215350 0.1230287 0.1464402 0.1786070 0.1903891 0.1308045 0.9452225E-01 0.1082704 0.1487650 0.1563020 0.1210268 0.9390146E-01 0.4252809E-01 -9999.000 -9999.000 -9999.000 -9999.000 -9999.000 -9999.000 -9999.000 -9999.000 -9999.000 -9999.000 -9999.000 -9999.000 -9999.000 -9999.000 -9999.000 -9999.000 -9999.000 -9999.000 -9999.000 -9999.000 -9999.000 -9999.000 -9999.000 -9999.000 -9999.000 -9999.000 -9999.000 -9999.000 -9999.000 -9999.000
-9999.000 1.447223 2.264691 2.367187 1.508912 -9999.000 0.1273566 0.1216217 0.9510096E-01 0.6318010E-01 0.5418386E-01 0.5639562E-01 0.7210444E-01 0.7237186E-01 0.9403119E-01 0.1208285 0.1272771 0.1456810 0.1693904 0.1976635 0.1666910 0.1041090 0.8434158E-01 0.1006158 0.1389428 0.1364384 0.1248304 0.9359547E-01 0.4789557E-01 0.1934796E-01 -9999.000 -9999.000 -9999.000 -9999.000 -9999.000 -9999.000 -9999.000 -9999.000 -9999.000 -9999.000 -9999.000 -9999.000 -9999.000 -9999.000 -9999.000 -9999.000 -9999.000 -9999.000 -9999.000 -9999.000 -9999.000 -9999.000 -9999.000 -9999.000 -9999.000 -9999.000 -9999.000 -9999.000 -9999.000
-9999.000 0.6253944 1.320445 1.176844 0.5224931 0.1252922 0.1415238 0.1240358 0.1107002 0.7671458E-01 0.4293098E-01 0.3990646E-01 0.5499337E-01 0.5658729E-01 0.9717514E-01 0.1473817 0.1776835 0.2022139 0.2253375 0.2090966 0.1295092 0.1082505 0.1058957 0.1141506 0.1347845 0.1472832 0.1413325 0.1175184 0.8723801E-01 0.4954915E-01 -9999.000 -9999.000 0.1836429E-01 -9999.000 -9999.000 -9999.000 -9999.000 -9999.000 -9999.000 -9999.000 -9999.000 -9999.000 -9999.000 -9999.000 -9999.000 -9999.000 -9999.000 -9999.000 -9999.000 -9999.000 -9999.000 -9999.000 -9999.000 -9999.000 -9999.000 -9999.000 -9999.000 -9999.000 -9999.000
-9999.000 -9999.000 -9999.000 0.2784741 0.1455991 0.1684632 0.1448635 0.1380444 0.1414336 0.1121660 0.8404266E-01 0.6906136E-01 0.6191395E-01 0.6293057E-01 0.1165005 0.1901513 0.2053095 0.2193021 0.2287103 0.1611264 0.8975684E-01 0.1192734 0.1281123 0.1401944 0.1451992 0.1204256 0.1194313 0.1184233 0.1052563 0.6973671E-01 -9999.000 -9999.000 -9999.000 -9999.000 -9999.000 -9999.000 -9999.000 -9999.000 -9999.000 -9999.000 -9999.000 -9999.000 -9999.000 -9999.000 -9999.000 -9999.000 -9999.000 -9999.000 -9999.000 -9999.000 -9999.000 -9999.000 -9999.000 -9999.000 -9999.000 -9999.000 -9999.000 -9999.000 -9999.000
-9999.000 -9999.000 -9999.000 0.6985721E-01 0.1618881 0.1673813 0.1658494 0.1722653 0.1791900 0.1624237 0.1422589 0.1218707 0.9938838E-01 0.9546756E-01 0.1241071 0.1702600 0.1818912 0.1875794 0.1572536 0.1245048 0.8303741E-01 0.1113033 0.1304330 0.1462900 0.1433990 0.9343263E-01 0.7705308E-01 0.9784200E-01 0.1056378 0.8618777E-01 0.4435660E-01 0.1359457E-01 -9999.000 -9999.000 -9999.000 -9999.000 -9999.000 -9999.000 -9999.000 -9999.000 -9999.000 -9999.000 -9999.000 -9999.000 -9999.000 -9999.000 -9999.000 -9999.000 -9999.000 -9999.000 -9999.000 -9999.000 -9999.000 -9999.000 -9999.000 -9999.000 -9999.000 -9999.000 -9999.000
-9999.000 -9999.000 -9999.000 0.5835942E-01 0.9136248E-01 0.1213103 0.1694400 0.1968649 0.1839871 0.1616153 0.1435442 0.1439662 0.1283884 0.1069090 0.9674414E-01 0.8153476E-01 0.1160642 0.1068996 0.1090720 0.1492030 0.1227706 0.1373522 0.1641972 0.1892448 0.1812117 0.1242222 0.8820575E-01 0.9440858E-01 0.1067330 0.1054903 0.6751500E-01 0.2823441E-01 0.1861502E-01 -9999.000 -9999.000 -9999.000 -9999.000 -9999.000 -9999.000 -9999.000 -9999.000 -9999.000 -9999.000 -9999.000 -9999.000 -9999.000 -9999.000 -9999.000 -9999.000 -9999.000 -9999.000 -9999.000 -9999.000 -9999.000 -9999.000 -9999.000 -9999.000 -9999.000 -9999.000
-9999.000 -9999.000 -9999.000 -9999.000 0.5642045E-01 0.9935404E-01 0.1566743 0.1788576 0.1765422 0.1572703 0.1316655 0.1083191 0.8820992E-01 0.7540618E-01 0.8113662E-01 0.1022951 0.1190838 0.9885529E-01 0.1057436 0.1290866 0.1199024 0.1499152 0.2112608 0.2491362 0.2331551 0.1638639 0.1062997 0.1052878 0.1166456 0.1276854 0.8932189E-01 0.5243674E-01 0.3833259E-01 0.2945393E-01 -9999.000 -9999.000 -9999.000 -9999.000 -9999.000 -9999.000 -9999.000 -9999.000 -9999.000 -9999.000 -9999.000 -9999.000 -9999.000 -9999.000 -9999.000 -9999.000 -9999.000 -9999.000 -9999.000 -9999.000 -9999.000 -9999.000 -9999.000 -9999.000 -9999.000
-9999.000 -9999.000 -9999.000 -9999.000 -9999.000 0.6039142E-01 0.9526962E-01 0.1382911 0.1690518 0.1878344 0.1351158 0.6585001E-01 0.4201216E-01 0.3708210E-01 0.7321477E-01 0.1369570 0.1719229 0.1821835 0.1313923 0.7373057E-01 0.6132430E-01 0.1237772 0.2272533 0.2645729 0.2247257 0.1579274 0.1201383 0.1376323 0.1598538 0.1648557 0.1117166 0.8446565E-01 0.8775234E-01 0.6571066E-01 0.4516361E-01 0.3376142E-01 -9999.000 -9999.000 -9999.000 -9999.000 -9999.000 -9999.000 -9999.000 -9999.000 -9999.000 -9999.000 -9999.000 -9999.000 -9999.000 -9999.000 -9999.000 -9999.000 -9999.000 -9999.000 -9999.000 -9999.000 -9999.000 -9999.000 -9999.000
-9999.000 -9999.000 -9999.000 -9999.000 -9999.000 0.3008987E-01 0.4400823E-01 0.1020353 0.1578195 0.1868289 0.1497768 0.7780296E-01 0.5426422E-01 0.5965684E-01 0.9052573E-01 0.1500153 0.1839952 0.2128160 0.1775023 0.1008738 0.7931452E-01 0.1365954 0.2174109 0.2334230 0.1989917 0.1416429 0.1173236 0.1237457 0.1547003 0.1742364 0.1355167 0.1294178 0.1425430 0.1333049 0.7661474E-01 0.5476207E-01 0.5686115E-01 0.3997637E-01 -9999.000 -9999.000 -9999.000 -9999.000 -9999.000 -9999.000 -9999.000 -9999.000 -9999.000 -9999.000 -9999.000 -9999.000 -9999.000 -9999.000 -9999.000 -9999.000 -9999.000 -9999.000 -9999.000 -9999.000 -9999.000
-9999.000 -9999.000 -9999.000 -9999.000 -9999.000 -9999.000 0.5979795E-01 0.9554078E-01 0.1395367 0.1662093 0.1655839 0.1271183 0.8863139E-01 0.9336157E-01 0.1191718 0.1538360 0.1803015 0.2247081 0.2290619 0.1868907 0.1766470 0.1779423 0.1911096 0.2075091 0.1434145 0.1105481 0.9534157E-01 0.8643670E-01 0.1050880 0.1441425 0.1317761 0.1374963 0.1536966 0.1497989 0.1101764 0.7868830E-01 0.9053611E-01 0.8695895E-01 0.4481768E-01 -9999.000 -9999.000 -9999.000 -9999.000 -9999.000 -9999.000 -9999.000 -9999.000 -9999.000 -9999.000 -9999.000 -9999.000 -9999.000 -9999.000 -9999.000 -9999.000 -9999.000 -9999.000 -9999.000 -9999.000
-9999.000 -9999.000 -9999.000 -9999.000 -9999.000 -9999.000 0.7906673E-01 0.9102544E-01 0.1227144 0.1603925 0.1839145 0.1590923 0.1129923 0.8536319E-01 0.9817038E-01 0.1304987 0.1631374 0.2192012 0.2385252 0.2374376 0.2482282 0.1976963 0.1604999 0.1429559 0.1120078 0.9620553E-01 0.8341285E-01 0.8461331E-01 0.1060226 0.1341824 0.1187073 0.1067203 0.1156972 0.1287527 0.1103284 0.8460643E-01 0.1027011 0.9839890E-01 0.6378653E-01 -9999.000 -9999.000 -9999.000 -9999.000 -9999.000 -9999.000 -9999.000 -9999.000 -9999.000 -9999.000 -9999.000 -9999.000 -9999.000 -9999.000 -9999.000 -9999.000 -9999.000 -9999.000 -9999.000 -9999.000
-9999.000 -9999.000 -9999.000 -9999.000 -9999.000 -9999.000 -9999.000 0.4638392E-01 0.8001518E-01 0.1487314 0.1944032 0.1744582 0.1157559 0.5624917E-01 0.4971063E-01 0.6780461E-01 0.1146605 0.2010538 0.2092379 0.1959184 0.1763382 0.1349119 0.1200647 0.1528569 0.1787270 0.1204394 0.9881485E-01 0.1096595 0.1290470 0.1532587 0.1453943 0.1155099 0.1049171 0.1195138 0.1023695 0.6182905E-01 0.6278091E-01 0.8763255E-01 0.8233509E-01 0.6511458E-01 -9999.000 -9999.000 -9999.000 -9999.000 -9999.000 -9999.000 -9999.000 -9999.000 -9999.000 -9999.000 -9999.000 -9999.000 -9999.000 -9999.000 -9999.000 -9999.000 -9999.000 -9999.000 -9999.000
-9999.000 -9999.000 -9999.000 -9999.000 -9999.000 -9999.000 -9999.000 -9999.000 0.4086907E-01 0.1086409 0.1614256 0.1587873 0.1008359 0.3477723E-01 0.2047289E-01 0.2775760E-01 0.6566572E-01 0.1328707 0.1315524 0.1106926 0.8856885E-01 0.8932262E-01 0.1113034 0.1889095 0.2222535 0.1693773 0.1568716 0.1676061 0.1774347 0.1920454 0.2044410 0.1998249 0.1489890 0.1181167 0.7065337E-01 0.2790450E-01 0.5390846E-01 0.9648143E-01 0.1081012 0.8345716E-01 -9999.000 -9999.000 -9999.000 -9999.000 -9999.000 -9999.000 -9999.000 -9999.000 -9999.000 -9999.000 -9999.000 -9999.000 -9999.000 -9999.000 -9999.000 -9999.000 -9999.000 -9999.000 -9999.000
-9999.000 -9999.000 -9999.000 -9999.000 -9999.000 -9999.000 -9999.000 -9999.000 -9999.000 0.6187059E-01 0.1200174 0.1405198 0.1090518 0.4377764E-01 0.1718284E-01 -9999.000 -9999.000 0.5694312E-01 0.7459879E-01 0.8316679E-01 0.1069685 0.1034797 0.1069102 0.1799579 0.2235350 0.2070713 0.2004699 0.2031730 0.1836133 0.1780049 0.2238903 0.2306110 0.2016798 0.1379660 0.5497900E-01 0.4209966E-01 0.8482576E-01 0.1007442 0.9100858E-01 0.8062337E-01 -9999.000 -9999.000 -9999.000 -9999.000 -9999.000 -9999.000 -9999.000 -9999.000 -9999.000 -9999.000 -9999.000 -9999.000 -9999.000 -9999.000 -9999.000 -9999.000 -9999.000 -9999.000 -9999.000
-9999.000 -9999.000 -9999.000 -9999.000 -9999.000 -9999.000 -9999.000 -9999.000 -9999.000 0.4980132E-01 0.1115264 0.1369345 0.1266757 0.7909785E-01 0.3424353E-01 -9999.000 -9999.000 -9999.000 0.4629591E-01 0.6729807E-01 0.1013780 0.1301697 0.1260238 0.1671850 0.2208459 0.2138798 0.1953154 0.1690415 0.1012078 0.9698788E-01 0.1743198 0.1950652 0.1932850 0.1462431 0.9860129E-01 0.1072965 0.1163327 0.1066613 0.9160588E-01 0.1130612 0.9335544E-01 -9999.000 -9999.000 -9999.000 -9999.000 -9999.000 -9999.000 -9999.000 -9999.000 -9999.000 -9999.000 -9999.000 -9999.000 -9999.000 -9999.000 -9999.000 -9999.000 -9999.000 -9999.000
-9999.000 -9999.000 -9999.000 -9999.000 -9999.000 -9999.000 -9999.000 -9999.000 -9999.000 -9999.000 0.7004447E-01 0.1092581 0.1282066 0.1062147 0.6791165E-01 -9999.000 -9999.000 -9999.000 0.2863560E-01 0.4626702E-01 0.8866082E-01 0.1435687 0.1491722 0.1625485 0.2165888 0.1980421 0.1562649 0.9926026E-01 0.9016020E-01 0.1139495 0.1332253 0.1387832 0.1467915 0.1250494 0.1211364 0.1500262 0.1435619 0.1202727 0.1307980 0.1489958 0.1101406 -9999.000 -9999.000 -9999.000 -9999.000 -9999.000 -9999.000 -9999.000 -9999.000 -9999.000 -9999.000 -9999.000 -9999.000 -9999.000 -9999.000 -9999.000 -9999.000 -9999.000 -9999.000
-9999.000 -9999.000 -9999.000 -9999.000 -9999.000 -9999.000 -9999.000 -9999.000 -9999.000 -9999.000 0.4681224E-01 0.9887757E-01 0.1305856 0.1356111 0.9261807E-01 0.3849842E-01 -9999.000 0.1522950E-01 0.2166718E-01 0.3338905E-01 0.6446677E-01 0.1109374 0.1202967 0.1558425 0.1948066 0.1685374 0.1039279 0.6519134E-01 0.1194058 0.1651197 0.1551431 0.1273493 0.1289656 0.1124273 0.1152957 0.1605292 0.1504711 0.1239618 0.1422600 0.1760034 0.1368452 0.6994078E-01 -9999.000 -9999.000 -9999.000 -9999.000 -9999.000 -9999.000 -9999.000 -9999.000 -9999.000 -9999.000 -9999.000 -9999.000 -9999.000 -9999.000 -9999.000 -9999.000 -9999.000
-9999.000 -9999.000 -9999.000 -9999.000 -9999.000 -9999.000 -9999.000 -9999.000 -9999.000 -9999.000 -9999.000 0.6269708E-01 0.1058495 0.1393514 0.1214037 0.6311272E-01 -9999.000 -9999.000 -9999.000 -9999.000 0.3319404E-01 0.6476008E-01 0.7800200E-01 0.1219905 0.1705098 0.1424077 0.1247646 0.1215136 0.1636695 0.1936315 0.1993249 0.1655644 0.1713343 0.1655716 0.1669729 0.1896220 0.1678311 0.1518210 0.1629563 0.1860074 0.1638276 0.9182221E-01 0.4409340E-01 -9999.000 -9999.000 -9999.000 -9999.000 -9999.000 -9999.000 -9999.000 -9999.000 -9999.000 -9999.000 -9999.000 -9999.000 -9999.000 -9999.000 -9999.000 -9999.000
-9999.000 -9999.000 -9999.000 -9999.000 -9999.000 -9999.000 -9999.000 -9999.000 -9999.000 -9999.000 -9999.000 -9999.000 0.5351244E-01 0.1044552 0.1107598 0.7994560E-01 0.3919409E-01 -9999.000 -9999.000 -9999.000 0.1590401E-01 0.2682944E-01 0.2741961E-01 0.6413045E-01 0.1492271 0.1705466 0.1723796 0.2021727 0.2023219 0.1824430 0.2053785 0.2381559 0.2589531 0.2794493 0.2542317 0.2179207 0.1963998 0.2001291 0.2042583 0.2125999 0.1875000 0.1343535 0.8131249E-01 -9999.000 -9999.000 -9999.000 -9999.000 -9999.000 -9999.000 -9999.000 -9999.000 -9999.000 -9999.000 -9999.000 -9999.000 -9999.000 -9999.000 -9999.000 -9999.000
-9999.000 -9999.000 -9999.000 -9999.000 -9999.000 -9999.000 -9999.000 -9999.000 -9999.000 -9999.000 -9999.000 -9999.000 0.4224992E-01 0.1021701 0.1237422 0.1013162 0.6176815E-01 -9999.000 -9999.000 -9999.000 -9999.000 0.2151513E-01 0.1337193E-01 0.4091582E-01 0.1166221 0.1482446 0.1658425 0.2205582 0.2372811 0.1960334 0.2051013 0.2667614 0.2875970 0.2972863 0.2850248 0.2397534 0.2193272 0.2126240 0.2205823 0.2277278 0.2151363 0.1936871 0.1245066 0.3355849E-01 -9999.000 -9999.000 -9999.000 -9999.000 -9999.000 -9999.000 -9999.000 -9999.000 -9999.000 -9999.000 -9999.000 -9999.000 -9999.000 -9999.000 -9999.000
-9999.000 -9999.000 -9999.000 -9999.000 -9999.000 -9999.000 -9999.000 -9999.000 -9999.000 -9999.000 -9999.000 -9999.000 -9999.000 0.1099023 0.1345253 0.1251399 0.8753579E-01 0.4372010E-01 0.1639323E-01 0.1878474E-01 0.2278499E-01 0.2054666E-01 0.1420663E-01 0.3502809E-01 0.7473040E-01 0.8448417E-01 0.1015172 0.1748301 0.2255162 0.2166979 0.2324229 0.2736080 0.2626157 0.2509518 0.2517458 0.2410668 0.2083091 0.2036443 0.2050394 0.2203166 0.2271671 0.2112009 0.1598377 0.7279595E-01 -9999.000 -9999.000 -9999.000 -9999.000 -9999.000 -9999.000 -9999.000 -9999.000 -9999.000 -9999.000 -9999.000 -9999.000 -9999.000 -9999.000 -9999.000
-9999.000 -9999.000 -9999.000 -9999.000 -9999.000 -9999.000 -9999.000 -9999.000 -9999.000 -9999.000 -9999.000 -9999.000 -9999.000 0.9817456E-01 0.1333189 0.1370443 0.1141297 0.5910875E-01 0.2007568E-01 0.2623363E-01 0.2616827E-01 0.2738143E-01 0.3331734E-01 0.4830507E-01 0.5886746E-01 0.4507320E-01 0.5915298E-01 0.1123610 0.1649883 0.1901431 0.2536998 0.2490777 0.1918307 0.1920258 0.2071241 0.1610040 0.1317602 0.1068398 0.1251436 0.1498881 0.1775873 0.1845015 0.1567372 0.9273993E-01 0.7250845E-01 -9999.000 -9999.000 -9999.000 -9999.000 -9999.000 -9999.000 -9999.000 -9999.000 -9999.000 -9999.000 -9999.000 -9999.000 -9999.000 -9999.000
-9999.000 -9999.000 -9999.000 -9999.000 -9999.000 -9999.000 -9999.000 -9999.000 -9999.000 -9999.000 -9999.000 -9999.000 -9999.000 0.7143686E-01 0.1139937 0.1263704 0.1170414 0.7797393E-01 0.3999490E-01 0.2410679E-01 0.2292127E-01 0.2515277E-01 0.3707885E-01 0.4912227E-01 0.4066068E-01 0.4794959E-01 0.8422454E-01 0.1195118 0.1513258 0.1848994 0.2143184 0.1741651 0.1335370 0.2090241 0.2376127 0.1816542 0.1160353 0.9275530E-01 0.1083519 0.1143085 0.1316571 0.1513694 0.1462696 0.1155010 0.7821455E-01 0.5227074E-01 -9999.000 -9999.000 -9999.000 -9999.000 -9999.000 -9999.000 -9999.000 -9999.000 -9999.000 -9999.000 -9999.000 -9999.000 -9999.000
-9999.000 -9999.000 -9999.000 -9999.000 -9999.000 -9999.000 -9999.000 -9999.000 -9999.000 -9999.000 -9999.000 -9999.000 -9999.000 0.5403428E-01 0.8939475E-01 0.9789073E-01 0.1206495 0.1017196 0.4438173E-01 0.1610729E-01 -9999.000 -9999.000 -9999.000 0.2659010E-01 0.3662423E-01 0.5779954E-01 0.1213069 0.1485120 0.1533759 0.1454899 0.1467614 0.1278349 0.1227318 0.2095584 0.2744603 0.2617924 0.2085399 0.1423556 0.1365379 0.1558250 0.1606131 0.1568842 0.1534962 0.1232656 0.7392913E-01 0.3613941E-01 -9999.000 -9999.000 -9999.000 -9999.000 -9999.000 -9999.000 -9999.000 -9999.000 -9999.000 -9999.000 -9999.000 -9999.000 -9999.000
-9999.000 -9999.000 -9999.000 -9999.000 -9999.000 -9999.000 -9999.000 -9999.000 -9999.000 -9999.000 -9999.000 -9999.000 -9999.000 0.6485834E-01 0.8134303E-01 0.9470228E-01 0.1246042 0.1137539 0.6770173E-01 0.3849786E-01 0.1790119E-01 -9999.000 -9999.000 -9999.000 0.2962676E-01 0.3681282E-01 0.7689200E-01 0.1010992 0.1223520 0.1175012 0.1378118 0.1643280 0.1468655 0.1863198 0.2393811 0.2595878 0.2257741 0.1770611 0.1616704 0.1772315 0.1737733 0.1554473 0.1519622 0.1352923 0.1073840 0.7539502E-01 0.5559282E-01 -9999.000 -9999.000 -9999.000 -9999.000 -9999.000 -9999.000 -9999.000 -9999.000 -9999.000 -9999.000 -9999.000 -9999.000
