simulation_files/asc/Depth____640.0.asc
NCOLS       216
NROWS       273
XLLCENTER        494.688995
YLLCENTER        787.867981
CELLSIZE           0.500
NODATA_VALUE     -9999.0
[rows 162 to 188 of 273, columns 118 to 176 of 216]
1.993356 2.669088 2.866582 2.904489 2.916184 2.924464 2.702479 2.127641 1.514660 0.6094832 0.1530559 0.8164677E-01 0.1107087 0.1553205 0.1364028 0.1238974 0.1481117 0.1613262 0.1844525 0.1897275 0.1864393 0.1503330 0.1019613 0.1072297 0.1364352 0.1425889 0.1068603 0.6781506E-01 -9999.000 -9999.000 -9999.000 -9999.000 -9999.000 -9999.000 -9999.000 -9999.000 -9999.000 -9999.000 -9999.000 -9999.000 -9999.000 -9999.000 -9999.000 -9999.000 -9999.000 -9999.000 -9999.000 -9999.000 -9999.000 -9999.000 -9999.000 -9999.000 -9999.000 -9999.000 -9999.000 -9999.000 -9999.000 -9999.000 -9999.000
1.654782 2.576266 2.859821 2.893879 2.894091 2.485454 1.773673 1.087739 0.4832464 0.1601686 0.1362522 0.1199044 0.1274772 0.1208644 0.1350027 0.1460101 0.1504747 0.1499168 0.1840189 0.2080859 0.2119217 0.1563025 0.1107758 0.1176192 0.1561894 0.1703924 0.1473818 0.1017135 0.4401499E-01 -9999.000 -9999.000 -9999.000 -9999.000 -9999.000 -9999.000 -9999.000 -9999.000 -9999.000 -9999.000 -9999.000 -9999.000 -9999.000 -9999.000 -9999.000 -9999.000 -9999.000 -9999.000 -9999.000 -9999.000 -9999.000 -9999.000 -9999.000 -9999.000 -9999.000 -9999.000 -9999.000 -9999.000 -9999.000 -9999.000
1.256095 2.284538 2.739610 2.881305 2.456338 1.513776 0.4909565 0.1873025 0.1336523 0.1007371 0.1194905 0.1060696 0.1003144 0.8930215E-01 0.1141888 0.1398853 0.1363272 0.1377247 0.1611461 0.1939182 0.2020629 0.1380321 0.1007113 0.1196862 0.1633654 0.1702490 0.1346413 0.1041974 0.4560960E-01 -9999.000 -9999.000 -9999.000 -9999.000 -9999.000 -9999.000 -9999.000 -9999.000 -9999.000 -9999.000 -9999.000 -9999.000 -9999.000 -9999.000 -9999.000 -9999.000 -9999.000 -9999.000 -9999.000 -9999.000 -9999.000 -9999.000 -9999.000 -9999.000 -9999.000 -9999.000 -9999.000 -9999.000 -9999.000 -9999.000
-9999.000 1.478702 2.298977 2.401216 1.480848 0.4807377 0.1192942 0.1318899 0.1066726 0.7542857E-01 0.6495509E-01 0.6576575E-01 0.8006473E-01 0.8045160E-01 0.1049364 0.1351387 0.1425957 0.1610702 0.1849214 0.2110566 0.1712476 0.1129368 0.9398644E-01 0.1120235 0.1530454 0.1502097 0.1384103 0.1049508 0.5670750E-01 0.2240548E-01 -9999.000 -9999.000 -9999.000 -9999.000 -9999.000 -9999.000 -9999.000 -9999.000 -9999.000 -9999.000 -9999.000 -9999.000 -9999.000 -9999.000 -9999.000 -9999.000 -9999.000 -9999.000 -9999.000 -9999.000 -9999.000 -9999.000 -9999.000 -9999.000 -9999.000 -9999.000 -9999.000 -9999.000 -9999.000
-9999.000 0.6592379 1.355655 1.155831 0.4569536 0.1267714 0.1535410 0.1365493 0.1242573 0.9202592E-01 0.5639864E-01 0.5150793E-01 0.6393464E-01 0.6504237E-01 0.1091025 0.1631279 0.1941984 0.2190587 0.2413949 0.2127374 0.1321758 0.1230720 0.1202160 0.1294927 0.1506240 0.1626837 0.1553610 0.1287562 0.9571710E-01 0.5599786E-01 -9999.000 -9999.000 0.1836429E-01 -9999.000 -9999.000 -9999.000 -9999.000 -9999.000 -9999.000 -9999.000 -9999.000 -9999.000 -9999.000 -9999.000 -9999.000 -9999.000 -9999.000 -9999.000 -9999.000 -9999.000 -9999.000 -9999.000 -9999.000 -9999.000 -9999.000 -9999.000 -9999.000 -9999.000 -9999.000
-9999.000 -9999.000 -9999.000 0.2435341 0.1404618 0.1836750 0.1599925 0.1524084 0.1566641 0.1279525 0.9952251E-01 0.8430550E-01 0.7319280E-01 0.7229173E-01 0.1291780 0.2067873 0.2231004 0.2344275 0.2368636 0.1635236 0.9309656E-01 0.1318813 0.1417242 0.1557030 0.1616432 0.1313145 0.1259890 0.1245180 0.1113517 0.7721228E-01 -9999.000 -9999.000 -9999.000 -9999.000 -9999.000 -9999.000 -9999.000 -9999.000 -9999.000 -9999.000 -9999.000 -9999.000 -9999.000 -9999.000 -9999.000 -9999.000 -9999.000 -9999.000 -9999.000 -9999.000 -9999.000 -9999.000 -9999.000 -9999.000 -9999.000 -9999.000 -9999.000 -9999.000 -9999.000
-9999.000 -9999.000 -9999.000 0.7666431E-01 0.1775667 0.1837526 0.1841272 0.1907915 0.1963853 0.1788031 0.1615741 0.1434483 0.1140903 0.1051728 0.1346003 0.1807327 0.1921456 0.1936524 0.1621792 0.1341574 0.9383227E-01 0.1236376 0.1445636 0.1621203 0.1580929 0.1048074 0.8542127E-01 0.1087016 0.1190945 0.9841330E-01 0.4827428E-01 0.1839813E-01 -9999.000 -9999.000 -9999.000 -9999.000 -9999.000 -9999.000 -9999.000 -9999.000 -9999.000 -9999.000 -9999.000 -9999.000 -9999.000 -9999.000 -9999.000 -9999.000 -9999.000 -9999.000 -9999.000 -9999.000 -9999.000 -9999.000 -9999.000 -9999.000 -9999.000 -9999.000 -9999.000
-9999.000 -9999.000 -9999.000 0.7547224E-01 0.1053461 0.1384641 0.1905386 0.2168857 0.2014750 0.1786976 0.1625840 0.1660966 0.1425558 0.1139678 0.1038010 0.8661546E-01 0.1215971 0.1124282 0.1248551 0.1641275 0.1343572 0.1512058 0.1803703 0.2070659 0.1991381 0.1393341 0.1016500 0.1092858 0.1235304 0.1197221 0.7656815E-01 0.3808502E-01 0.3196771E-01 -9999.000 -9999.000 -9999.000 -9999.000 -9999.000 -9999.000 -9999.000 -9999.000 -9999.000 -9999.000 -9999.000 -9999.000 -9999.000 -9999.000 -9999.000 -9999.000 -9999.000 -9999.000 -9999.000 -9999.000 -9999.000 -9999.000 -9999.000 -9999.000 -9999.000 -9999.000
-9999.000 -9999.000 -9999.000 -9999.000 0.6918981E-01 0.1179092 0.1814419 0.2002523 0.1946218 0.1760041 0.1517532 0.1273844 0.1010007 0.8345887E-01 0.8934802E-01 0.1128187 0.1284050 0.1101440 0.1233694 0.1443267 0.1320060 0.1648671 0.2298819 0.2695666 0.2532133 0.1786374 0.1188192 0.1197018 0.1334604 0.1456655 0.1052859 0.6750435E-01 0.5435856E-01 0.4505117E-01 -9999.000 -9999.000 -9999.000 -9999.000 -9999.000 -9999.000 -9999.000 -9999.000 -9999.000 -9999.000 -9999.000 -9999.000 -9999.000 -9999.000 -9999.000 -9999.000 -9999.000 -9999.000 -9999.000 -9999.000 -9999.000 -9999.000 -9999.000 -9999.000 -9999.000
-9999.000 -9999.000 -9999.000 -9999.000 -9999.000 0.7906320E-01 0.1169988 0.1561846 0.1868236 0.2078314 0.1558926 0.8147554E-01 0.5020233E-01 0.4359156E-01 0.8232746E-01 0.1482950 0.1852382 0.1995085 0.1449553 0.8389482E-01 0.7311978E-01 0.1407558 0.2475523 0.2853510 0.2419570 0.1703821 0.1339012 0.1529275 0.1771298 0.1835677 0.1324801 0.1029327 0.1057808 0.8526681E-01 0.6565866E-01 0.5210383E-01 0.3590539E-01 0.1964548E-01 -9999.000 -9999.000 -9999.000 -9999.000 -9999.000 -9999.000 -9999.000 -9999.000 -9999.000 -9999.000 -9999.000 -9999.000 -9999.000 -9999.000 -9999.000 -9999.000 -9999.000 -9999.000 -9999.000 -9999.000 -9999.000
-9999.000 -9999.000 -9999.000 -9999.000 -9999.000 0.4940926E-01 0.5966561E-01 0.1182189 0.1765103 0.2062217 0.1712046 0.9609809E-01 0.6531304E-01 0.6860939E-01 0.1016648 0.1625394 0.1979016 0.2289378 0.1890637 0.1105326 0.9316503E-01 0.1546557 0.2372859 0.2517639 0.2151649 0.1547704 0.1314854 0.1399402 0.1733432 0.1947891 0.1563723 0.1468317 0.1604617 0.1497275 0.9995777E-01 0.8097087E-01 0.7385649E-01 0.4895584E-01 -9999.000 -9999.000 -9999.000 -9999.000 -9999.000 -9999.000 -9999.000 -9999.000 -9999.000 -9999.000 -9999.000 -9999.000 -9999.000 -9999.000 -9999.000 -9999.000 -9999.000 -9999.000 -9999.000 -9999.000 -9999.000
-9999.000 -9999.000 -9999.000 -9999.000 -9999.000 -9999.000 0.7826411E-01 0.1136196 0.1583969 0.1843274 0.1855665 0.1492310 0.1076463 0.1069984 0.1327395 0.1658910 0.1921632 0.2381575 0.2434845 0.2031935 0.1936790 0.1965163 0.2056338 0.2180975 0.1573681 0.1250027 0.1075307 0.9969873E-01 0.1209914 0.1620749 0.1477126 0.1523084 0.1713911 0.1646359 0.1336512 0.1059269 0.1089227 0.9697761E-01 0.4918533E-01 -9999.000 -9999.000 -9999.000 -9999.000 -9999.000 -9999.000 -9999.000 -9999.000 -9999.000 -9999.000 -9999.000 -9999.000 -9999.000 -9999.000 -9999.000 -9999.000 -9999.000 -9999.000 -9999.000 -9999.000
-9999.000 -9999.000 -9999.000 -9999.000 -9999.000 -9999.000 0.9666975E-01 0.1071461 0.1386019 0.1772613 0.2031572 0.1810383 0.1346686 0.1036214 0.1116086 0.1363762 0.1719214 0.2326631 0.2539704 0.2535740 0.2672001 0.2095078 0.1679819 0.1507386 0.1272245 0.1081791 0.9374844E-01 0.9744226E-01 0.1199593 0.1492145 0.1322555 0.1200154 0.1312816 0.1448763 0.1294174 0.1032041 0.1129292 0.1070154 0.7310397E-01 -9999.000 -9999.000 -9999.000 -9999.000 -9999.000 -9999.000 -9999.000 -9999.000 -9999.000 -9999.000 -9999.000 -9999.000 -9999.000 -9999.000 -9999.000 -9999.000 -9999.000 -9999.000 -9999.000 -9999.000
-9999.000 -9999.000 -9999.000 -9999.000 -9999.000 -9999.000 -9999.000 0.5834613E-01 0.9411234E-01 0.1670956 0.2148572 0.1943971 0.1400882 0.7644389E-01 0.5947538E-01 0.7059001E-01 0.1223251 0.2158706 0.2252388 0.2085399 0.1851472 0.1431130 0.1291998 0.1660937 0.1945882 0.1339380 0.1110108 0.1250192 0.1445213 0.1679961 0.1598582 0.1304848 0.1216985 0.1359057 0.1160087 0.6978514E-01 0.6952437E-01 0.1002875 0.9720817E-01 0.8161652E-01 -9999.000 -9999.000 -9999.000 -9999.000 -9999.000 -9999.000 -9999.000 -9999.000 -9999.000 -9999.000 -9999.000 -9999.000 -9999.000 -9999.000 -9999.000 -9999.000 -9999.000 -9999.000 -9999.000
-9999.000 -9999.000 -9999.000 -9999.000 -9999.000 -9999.000 -9999.000 -9999.000 0.4786579E-01 0.1250565 0.1819581 0.1790374 0.1180895 0.4798544E-01 0.2582378E-01 0.3146885E-01 0.7493714E-01 0.1496849 0.1467369 0.1197448 0.9521124E-01 0.1007447 0.1264057 0.2051705 0.2393301 0.1858013 0.1735363 0.1861787 0.1950465 0.2077184 0.2213839 0.2191360 0.1688072 0.1347271 0.8312943E-01 0.3495249E-01 0.6599592E-01 0.1133157 0.1261594 0.9002489E-01 -9999.000 -9999.000 -9999.000 -9999.000 -9999.000 -9999.000 -9999.000 -9999.000 -9999.000 -9999.000 -9999.000 -9999.000 -9999.000 -9999.000 -9999.000 -9999.000 -9999.000 -9999.000 -9999.000
-9999.000 -9999.000 -9999.000 -9999.000 -9999.000 -9999.000 -9999.000 -9999.000 0.2162329E-01 0.7096992E-01 0.1363990 0.1550782 0.1203328 0.5055401E-01 0.2240836E-01 -9999.000 -9999.000 0.7163275E-01 0.8788818E-01 0.9083256E-01 0.1147631 0.1159533 0.1221200 0.1968768 0.2411637 0.2246581 0.2173621 0.2205603 0.1991402 0.1931896 0.2430167 0.2508748 0.2217374 0.1538242 0.6754383E-01 0.5561542E-01 0.1008818 0.1189946 0.1094226 0.8501025E-01 0.4210720E-01 -9999.000 -9999.000 -9999.000 -9999.000 -9999.000 -9999.000 -9999.000 -9999.000 -9999.000 -9999.000 -9999.000 -9999.000 -9999.000 -9999.000 -9999.000 -9999.000 -9999.000 -9999.000
-9999.000 -9999.000 -9999.000 -9999.000 -9999.000 -9999.000 -9999.000 -9999.000 -9999.000 0.5817183E-01 0.1295914 0.1551953 0.1392102 0.8771497E-01 0.4150345E-01 -9999.000 0.1552783E-01 0.3553610E-01 0.5503245E-01 0.7526981E-01 0.1114023 0.1450427 0.1440920 0.1853752 0.2386571 0.2306195 0.2090166 0.1798492 0.1099624 0.1117329 0.1921135 0.2126010 0.2097852 0.1603618 0.1137929 0.1229329 0.1332199 0.1241380 0.1086938 0.1173632 0.9214038E-01 -9999.000 -9999.000 -9999.000 -9999.000 -9999.000 -9999.000 -9999.000 -9999.000 -9999.000 -9999.000 -9999.000 -9999.000 -9999.000 -9999.000 -9999.000 -9999.000 -9999.000 -9999.000
-9999.000 -9999.000 -9999.000 -9999.000 -9999.000 -9999.000 -9999.000 -9999.000 -9999.000 -9999.000 0.9257573E-01 0.1263443 0.1411762 0.1170419 0.8136009E-01 0.3644316E-01 -9999.000 0.1950851E-01 0.3541037E-01 0.5599119E-01 0.1009963 0.1608542 0.1671878 0.1789004 0.2345642 0.2105557 0.1645958 0.1056493 0.1010946 0.1262037 0.1461974 0.1520508 0.1600317 0.1375452 0.1350716 0.1656874 0.1608012 0.1379839 0.1480617 0.1649469 0.1257614 -9999.000 -9999.000 -9999.000 -9999.000 -9999.000 -9999.000 -9999.000 -9999.000 -9999.000 -9999.000 -9999.000 -9999.000 -9999.000 -9999.000 -9999.000 -9999.000 -9999.000 -9999.000
-9999.000 -9999.000 -9999.000 -9999.000 -9999.000 -9999.000 -9999.000 -9999.000 -9999.000 -9999.000 0.5871770E-01 0.1025094 0.1389667 0.1515755 0.1096799 0.5107035E-01 0.1962234E-01 0.1827537E-01 0.2868984E-01 0.4424983E-01 0.7891184E-01 0.1290379 0.1376911 0.1718776 0.2067376 0.1727190 0.1098778 0.7627462E-01 0.1322149 0.1776175 0.1661835 0.1382387 0.1389126 0.1234231 0.1297522 0.1767968 0.1678013 0.1408204 0.1584907 0.1922098 0.1529158 0.8661226E-01 -9999.000 -9999.000 -9999.000 -9999.000 -9999.000 -9999.000 -9999.000 -9999.000 -9999.000 -9999.000 -9999.000 -9999.000 -9999.000 -9999.000 -9999.000 -9999.000 -9999.000
-9999.000 -9999.000 -9999.000 -9999.000 -9999.000 -9999.000 -9999.000 -9999.000 -9999.000 -9999.000 -9999.000 0.5293883E-01 0.1111922 0.1535014 0.1387229 0.8262693E-01 -9999.000 -9999.000 -9999.000 -9999.000 0.4445948E-01 0.8340383E-01 0.9748544E-01 0.1356614 0.1776609 0.1482902 0.1365319 0.1358096 0.1784556 0.2078741 0.2128475 0.1782011 0.1852072 0.1822231 0.1846479 0.2078289 0.1853327 0.1696362 0.1808288 0.2035165 0.1813735 0.1094268 0.6223926E-01 -9999.000 -9999.000 -9999.000 -9999.000 -9999.000 -9999.000 -9999.000 -9999.000 -9999.000 -9999.000 -9999.000 -9999.000 -9999.000 -9999.000 -9999.000 -9999.000
-9999.000 -9999.000 -9999.000 -9999.000 -9999.000 -9999.000 -9999.000 -9999.000 -9999.000 -9999.000 -9999.000 -9999.000 0.6218656E-01 0.1230183 0.1344167 0.1001473 0.4786157E-01 -9999.000 -9999.000 -9999.000 0.2517150E-01 0.3868771E-01 0.3687161E-01 0.7363245E-01 0.1638918 0.1842059 0.1852137 0.2173811 0.2186130 0.1981193 0.2202367 0.2542161 0.2771481 0.2986216 0.2735115 0.2367063 0.2153012 0.2197680 0.2237462 0.2312366 0.2054132 0.1519559 0.9860931E-01 -9999.000 -9999.000 -9999.000 -9999.000 -9999.000 -9999.000 -9999.000 -9999.000 -9999.000 -9999.000 -9999.000 -9999.000 -9999.000 -9999.000 -9999.000 -9999.000
-9999.000 -9999.000 -9999.000 -9999.000 -9999.000 -9999.000 -9999.000 -9999.000 -9999.000 -9999.000 -9999.000 -9999.000 0.5235897E-01 0.1222743 0.1471941 0.1202485 0.7514052E-01 -9999.000 -9999.000 -9999.000 0.2496053E-01 0.3150636E-01 0.1942623E-01 0.5274215E-01 0.1304797 0.1607077 0.1792916 0.2364617 0.2540753 0.2121178 0.2212998 0.2843860 0.3067414 0.3160792 0.3040094 0.2585214 0.2384808 0.2324856 0.2406479 0.2468210 0.2332088 0.2112478 0.1418032 0.5067321E-01 -9999.000 -9999.000 -9999.000 -9999.000 -9999.000 -9999.000 -9999.000 -9999.000 -9999.000 -9999.000 -9999.000 -9999.000 -9999.000 -9999.000 -9999.000
-9999.000 -9999.000 -9999.000 -9999.000 -9999.000 -9999.000 -9999.000 -9999.000 -9999.000 -9999.000 -9999.000 -9999.000 0.5432311E-01 0.1293029 0.1555869 0.1466780 0.1095797 0.5343797E-01 0.2370607E-01 0.2234205E-01 0.2909703E-01 0.2602722E-01 0.1928860E-01 0.4552197E-01 0.8229540E-01 0.9136285E-01 0.1168691 0.1909381 0.2418376 0.2323284 0.2494527 0.2918807 0.2789529 0.2663331 0.2681540 0.2589694 0.2238708 0.2211393 0.2231428 0.2382033 0.2444496 0.2281440 0.1765461 0.8894803E-01 -9999.000 -9999.000 -9999.000 -9999.000 -9999.000 -9999.000 -9999.000 -9999.000 -9999.000 -9999.000 -9999.000 -9999.000 -9999.000 -9999.000 -9999.000
-9999.000 -9999.000 -9999.000 -9999.000 -9999.000 -9999.000 -9999.000 -9999.000 -9999.000 -9999.000 -9999.000 -9999.000 0.5661458E-01 0.1151987 0.1551623 0.1605581 0.1421155 0.9004553E-01 0.3599028E-01 0.3050932E-01 0.3127176E-01 0.3540740E-01 0.4467654E-01 0.5917898E-01 0.6238995E-01 0.4932112E-01 0.7315753E-01 0.1284225 0.1813699 0.2065196 0.2724872 0.2644164 0.2035373 0.2042442 0.2216034 0.1701692 0.1408266 0.1194503 0.1395522 0.1662893 0.1942257 0.2007892 0.1727170 0.1069667 0.7177450E-01 -9999.000 -9999.000 -9999.000 -9999.000 -9999.000 -9999.000 -9999.000 -9999.000 -9999.000 -9999.000 -9999.000 -9999.000 -9999.000 -9999.000
-9999.000 -9999.000 -9999.000 -9999.000 -9999.000 -9999.000 -9999.000 -9999.000 -9999.000 -9999.000 -9999.000 -9999.000 -9999.000 0.8494678E-01 0.1410266 0.1592114 0.1510539 0.1059212 0.5716133E-01 0.2911324E-01 0.2488123E-01 0.3421371E-01 0.4973703E-01 0.5814902E-01 0.4510782E-01 0.5784084E-01 0.9922934E-01 0.1367199 0.1693736 0.2023998 0.2273485 0.1851933 0.1469828 0.2259011 0.2530122 0.1967625 0.1300981 0.1090434 0.1238376 0.1307389 0.1484835 0.1679238 0.1626335 0.1316170 0.9356166E-01 0.5670370E-01 -9999.000 -9999.000 -9999.000 -9999.000 -9999.000 -9999.000 -9999.000 -9999.000 -9999.000 -9999.000 -9999.000 -9999.000 -9999.000
-9999.000 -9999.000 -9999.000 -9999.000 -9999.000 -9999.000 -9999.000 -9999.000 -9999.000 -9999.000 -9999.000 -9999.000 -9999.000 0.7505417E-01 0.1203707 0.1302592 0.1456678 0.1201987 0.5710042E-01 0.2323259E-01 0.1442951E-01 -9999.000 -9999.000 0.3196907E-01 0.4251292E-01 0.6975620E-01 0.1384508 0.1661846 0.1693806 0.1582997 0.1579715 0.1411374 0.1407328 0.2285145 0.2936905 0.2812075 0.2276698 0.1590979 0.1522683 0.1724107 0.1780970 0.1737448 0.1684569 0.1376023 0.8830697E-01 0.4391071E-01 -9999.000 -9999.000 -9999.000 -9999.000 -9999.000 -9999.000 -9999.000 -9999.000 -9999.000 -9999.000 -9999.000 -9999.000 -9999.000
-9999.000 -9999.000 -9999.000 -9999.000 -9999.000 -9999.000 -9999.000 -9999.000 -9999.000 -9999.000 -9999.000 -9999.000 -9999.000 0.7448668E-01 0.1045430 0.1106810 0.1380749 0.1273637 0.7892084E-01 0.4645685E-01 0.2131828E-01 -9999.000 0.1084220E-01 -9999.000 0.3482386E-01 0.5204334E-01 0.9464762E-01 0.1164484 0.1367684 0.1318301 0.1546109 0.1827000 0.1660454 0.2061377 0.2581506 0.2776072 0.2418969 0.1926079 0.1767458 0.1914943 0.1810056 0.1651916 0.1639954 0.1487995 0.1231459 0.8560367E-01 0.6941449E-01 -9999.000 -9999.000 -9999.000 -9999.000 -9999.000 -9999.000 -9999.000 -9999.000 -9999.000 -9999.000 -9999.000 -9999.000
