simulation_files/asc/Depth____134.0.asc
NCOLS        79
NROWS        79
XLLCENTER         -1.500000
YLLCENTER         -4.800000
CELLSIZE           0.100
NODATA_VALUE     -9999.0
[rows 0 to 25 of 79, columns 0 to 58 of 79]
-9999.000 -9999.000 -9999.000 -9999.000 -9999.000 -9999.000 -9999.000 -9999.000 -9999.000 -9999.000 -9999.000 -9999.000 -9999.000 -9999.000 -9999.000 0.5104758 0.5106743 0.5106472 0.5105654 0.5104423 0.5102878 0.5101120 0.5099245 0.5097326 0.5095416 0.5093517 0.5091448 0.5088783 0.5084668 0.5084523 0.5084523 -9999.000 -9999.000 -9999.000 -9999.000 -9999.000 -9999.000 -9999.000 -9999.000 -9999.000 -9999.000 -9999.000 -9999.000 -9999.000 -9999.000 -9999.000 -9999.000 -9999.000 -9999.000 -9999.000 -9999.000 -9999.000 -9999.000 -9999.000 -9999.000 -9999.000 -9999.000 -9999.000 -9999.000
-9999.000 -9999.000 -9999.000 -9999.000 -9999.000 -9999.000 -9999.000 -9999.000 -9999.000 -9999.000 -9999.000 -9999.000 -9999.000 -9999.000 -9999.000 0.5122980 0.5124951 0.5124674 0.5123954 0.5122905 0.5121610 0.5120154 0.5118616 0.5117059 0.5115535 0.5114049 0.5112448 0.5110350 0.5106952 0.5107343 0.5107343 -9999.000 -9999.000 -9999.000 -9999.000 -9999.000 -9999.000 -9999.000 -9999.000 -9999.000 -9999.000 -9999.000 -9999.000 -9999.000 -9999.000 -9999.000 -9999.000 -9999.000 -9999.000 -9999.000 -9999.000 -9999.000 -9999.000 -9999.000 -9999.000 -9999.000 -9999.000 -9999.000 -9999.000
-9999.000 -9999.000 -9999.000 -9999.000 -9999.000 -9999.000 -9999.000 -9999.000 -9999.000 -9999.000 -9999.000 -9999.000 -9999.000 -9999.000 -9999.000 0.5142536 0.5144774 0.5144544 0.5143871 0.5142878 0.5141653 0.5140281 0.5138841 0.5137395 0.5135985 0.5134607 0.5133082 0.5130990 0.5127457 0.5127795 0.5127795 -9999.000 -9999.000 -9999.000 -9999.000 -9999.000 -9999.000 -9999.000 -9999.000 -9999.000 -9999.000 -9999.000 -9999.000 -9999.000 -9999.000 -9999.000 -9999.000 -9999.000 -9999.000 -9999.000 -9999.000 -9999.000 -9999.000 -9999.000 -9999.000 -9999.000 -9999.000 -9999.000 -9999.000
-9999.000 -9999.000 -9999.000 -9999.000 -9999.000 -9999.000 -9999.000 -9999.000 -9999.000 -9999.000 -9999.000 -9999.000 -9999.000 -9999.000 -9999.000 0.5162427 0.5164851 0.5164641 0.5163989 0.5163016 0.5161815 0.5160472 0.5159068 0.5157661 0.5156292 0.5154949 0.5153433 0.5151285 0.5147551 0.5147682 0.5147682 -9999.000 -9999.000 -9999.000 -9999.000 -9999.000 -9999.000 -9999.000 -9999.000 -9999.000 -9999.000 -9999.000 -9999.000 -9999.000 -9999.000 -9999.000 -9999.000 -9999.000 -9999.000 -9999.000 -9999.000 -9999.000 -9999.000 -9999.000 -9999.000 -9999.000 -9999.000 -9999.000 -9999.000
-9999.000 -9999.000 -9999.000 -9999.000 -9999.000 -9999.000 -9999.000 -9999.000 -9999.000 -9999.000 -9999.000 -9999.000 -9999.000 -9999.000 -9999.000 0.5182504 0.5185063 0.5184858 0.5184204 0.5183225 0.5182015 0.5180666 0.5179259 0.5177854 0.5176484 0.5175138 0.5173592 0.5171347 0.5167348 0.5167136 0.5167136 -9999.000 -9999.000 -9999.000 -9999.000 -9999.000 -9999.000 -9999.000 -9999.000 -9999.000 -9999.000 -9999.000 -9999.000 -9999.000 -9999.000 -9999.000 -9999.000 -9999.000 -9999.000 -9999.000 -9999.000 -9999.000 -9999.000 -9999.000 -9999.000 -9999.000 -9999.000 -9999.000 -9999.000
-9999.000 -9999.000 -9999.000 -9999.000 -9999.000 -9999.000 -9999.000 -9999.000 -9999.000 -9999.000 -9999.000 -9999.000 -9999.000 -9999.000 -9999.000 0.5202677 0.5205340 0.5205127 0.5204459 0.5203456 0.5202217 0.5200837 0.5199400 0.5197969 0.5196575 0.5195201 0.5193598 0.5191219 0.5186894 0.5186188 0.5186188 -9999.000 -9999.000 -9999.000 -9999.000 -9999.000 -9999.000 -9999.000 -9999.000 -9999.000 -9999.000 -9999.000 -9999.000 -9999.000 -9999.000 -9999.000 -9999.000 -9999.000 -9999.000 -9999.000 -9999.000 -9999.000 -9999.000 -9999.000 -9999.000 -9999.000 -9999.000 -9999.000 -9999.000
-9999.000 -9999.000 -9999.000 -9999.000 -9999.000 -9999.000 -9999.000 -9999.000 -9999.000 -9999.000 -9999.000 -9999.000 -9999.000 -9999.000 -9999.000 0.5222896 0.5225642 0.5225412 0.5224720 0.5223680 0.5222396 0.5220968 0.5219483 0.5218006 0.5216566 0.5215145 0.5213460 0.5210913 0.5206189 0.5204807 0.5204807 -9999.000 -9999.000 -9999.000 -9999.000 -9999.000 -9999.000 -9999.000 -9999.000 -9999.000 -9999.000 -9999.000 -9999.000 -9999.000 -9999.000 -9999.000 -9999.000 -9999.000 -9999.000 -9999.000 -9999.000 -9999.000 -9999.000 -9999.000 -9999.000 -9999.000 -9999.000 -9999.000 -9999.000
-9999.000 -9999.000 -9999.000 -9999.000 -9999.000 -9999.000 -9999.000 -9999.000 -9999.000 -9999.000 -9999.000 -9999.000 -9999.000 -9999.000 -9999.000 0.5243127 0.5245942 0.5245689 0.5244966 0.5243881 0.5242540 0.5241049 0.5239500 0.5237960 0.5236455 0.5234967 0.5233178 0.5230420 0.5225207 0.5222908 0.5222908 -9999.000 -9999.000 -9999.000 -9999.000 -9999.000 -9999.000 -9999.000 -9999.000 -9999.000 -9999.000 -9999.000 -9999.000 -9999.000 -9999.000 -9999.000 -9999.000 -9999.000 -9999.000 -9999.000 -9999.000 -9999.000 -9999.000 -9999.000 -9999.000 -9999.000 -9999.000 -9999.000 -9999.000
-9999.000 -9999.000 -9999.000 -9999.000 -9999.000 -9999.000 -9999.000 -9999.000 -9999.000 -9999.000 -9999.000 -9999.000 -9999.000 -9999.000 -9999.000 0.5263339 0.5266216 0.5265936 0.5265178 0.5264043 0.5262637 0.5261071 0.5259445 0.5257825 0.5256237 0.5254663 0.5252736 0.5249718 0.5243904 0.5240350 0.5240350 -9999.000 -9999.000 -9999.000 -9999.000 -9999.000 -9999.000 -9999.000 -9999.000 -9999.000 -9999.000 -9999.000 -9999.000 -9999.000 -9999.000 -9999.000 -9999.000 -9999.000 -9999.000 -9999.000 -9999.000 -9999.000 -9999.000 -9999.000 -9999.000 -9999.000 -9999.000 -9999.000 -9999.000
-9999.000 -9999.000 -9999.000 -9999.000 -9999.000 -9999.000 -9999.000 -9999.000 -9999.000 -9999.000 -9999.000 -9999.000 -9999.000 -9999.000 -9999.000 0.5283504 0.5286438 0.5286124 0.5285330 0.5284141 0.5282665 0.5281018 0.5279303 0.5277590 0.5275901 0.5274218 0.5272120 0.5268776 0.5262218 0.5256922 0.5256922 -9999.000 -9999.000 -9999.000 -9999.000 -9999.000 -9999.000 -9999.000 -9999.000 -9999.000 -9999.000 -9999.000 -9999.000 -9999.000 -9999.000 -9999.000 -9999.000 -9999.000 -9999.000 -9999.000 -9999.000 -9999.000 -9999.000 -9999.000 -9999.000 -9999.000 -9999.000 -9999.000 -9999.000
-9999.000 -9999.000 -9999.000 -9999.000 -9999.000 -9999.000 -9999.000 -9999.000 -9999.000 -9999.000 -9999.000 -9999.000 -9999.000 -9999.000 -9999.000 0.5303579 0.5306572 0.5306221 0.5305389 0.5304143 0.5302594 0.5300862 0.5299049 0.5297232 0.5295425 0.5293612 0.5291299 0.5287547 0.5280060 0.5272298 0.5272298 -9999.000 -9999.000 -9999.000 -9999.000 -9999.000 -9999.000 -9999.000 -9999.000 -9999.000 -9999.000 -9999.000 -9999.000 -9999.000 -9999.000 -9999.000 -9999.000 -9999.000 -9999.000 -9999.000 -9999.000 -9999.000 -9999.000 -9999.000 -9999.000 -9999.000 -9999.000 -9999.000 -9999.000
-9999.000 -9999.000 -9999.000 -9999.000 -9999.000 -9999.000 -9999.000 -9999.000 -9999.000 -9999.000 -9999.000 -9999.000 -9999.000 -9999.000 -9999.000 0.5323517 0.5326573 0.5326177 0.5325304 0.5323999 0.5322375 0.5320553 0.5318640 0.5316710 0.5314770 0.5312803 0.5310225 0.5305961 0.5297298 0.5285955 0.5285955 -9999.000 -9999.000 -9999.000 -9999.000 -9999.000 -9999.000 -9999.000 -9999.000 -9999.000 -9999.000 -9999.000 -9999.000 -9999.000 -9999.000 -9999.000 -9999.000 -9999.000 -9999.000 -9999.000 -9999.000 -9999.000 -9999.000 -9999.000 -9999.000 -9999.000 -9999.000 -9999.000 -9999.000
-9999.000 -9999.000 -9999.000 -9999.000 -9999.000 -9999.000 -9999.000 -9999.000 -9999.000 -9999.000 -9999.000 -9999.000 -9999.000 -9999.000 -9999.000 0.5343255 0.5346386 0.5345935 0.5345011 0.5343640 0.5341935 0.5340018 0.5337999 0.5335948 0.5333861 0.5331715 0.5328810 0.5323892 0.5313716 0.5296999 0.5296999 -9999.000 -9999.000 -9999.000 -9999.000 -9999.000 -9999.000 -9999.000 -9999.000 -9999.000 -9999.000 -9999.000 -9999.000 -9999.000 -9999.000 -9999.000 -9999.000 -9999.000 -9999.000 -9999.000 -9999.000 -9999.000 -9999.000 -9999.000 -9999.000 -9999.000 -9999.000 -9999.000 -9999.000
-9999.000 -9999.000 -9999.000 -9999.000 -9999.000 -9999.000 -9999.000 -9999.000 -9999.000 -9999.000 -9999.000 -9999.000 -9999.000 -9999.000 -9999.000 0.5362602 0.5365872 0.5365372 0.5364406 0.5362970 0.5361181 0.5359164 0.5357028 0.5354841 0.5352580 0.5350217 0.5346888 0.5341115 0.5328940 0.5303840 0.5303840 -9999.000 -9999.000 -9999.000 -9999.000 -9999.000 -9999.000 -9999.000 -9999.000 -9999.000 -9999.000 -9999.000 -9999.000 -9999.000 -9999.000 -9999.000 -9999.000 -9999.000 -9999.000 -9999.000 -9999.000 -9999.000 -9999.000 -9999.000 -9999.000 -9999.000 -9999.000 -9999.000 -9999.000
-9999.000 -9999.000 -9999.000 -9999.000 -9999.000 -9999.000 -9999.000 -9999.000 -9999.000 -9999.000 -9999.000 -9999.000 -9999.000 -9999.000 -9999.000 0.5365410 0.5378581 0.5381681 0.5383272 0.5383528 0.5382735 0.5381183 0.5379140 0.5376808 0.5374250 0.5371506 0.5367467 0.5360165 0.5344201 0.5298983 0.5298983 -9999.000 -9999.000 -9999.000 -9999.000 -9999.000 -9999.000 -9999.000 -9999.000 -9999.000 -9999.000 -9999.000 -9999.000 -9999.000 -9999.000 -9999.000 -9999.000 -9999.000 -9999.000 -9999.000 -9999.000 -9999.000 -9999.000 -9999.000 -9999.000 -9999.000 -9999.000 -9999.000 -9999.000
0.5764665 0.5764665 0.5629830 0.5485655 0.5448817 0.5448817 0.5417878 0.5365950 0.5365950 0.5322239 0.5322239 0.5284076 0.5266604 0.5250025 0.5234233 0.5234233 0.5429870 0.5432758 0.5435659 0.5441331 0.5450429 0.5462540 0.5476748 0.5491683 0.5505108 0.5513626 0.5508348 0.5473973 0.5373991 0.5065660 0.5065660 0.3333022 0.3094057 0.3014855 0.2994915 0.2994915 0.2986921 0.2986921 0.3120535 0.3120535 0.3276847 0.4085716 0.4085716 0.4446725 0.4446725 0.4529877 0.4529877 0.4529877 0.4462511 0.4462511 0.4372006 0.4372006 0.4275669 0.4275669 0.4184484 0.4184484 0.4105969 0.4105969 0.4105969
0.5750062 0.5750062 0.5607835 0.5477819 0.5440932 0.5440932 0.5409961 0.5358081 0.5358081 0.5314497 0.5314497 0.5276470 0.5259063 0.5242547 0.5226817 0.5226817 0.5380861 0.5383956 0.5370020 0.5352577 0.5338135 0.5329473 0.5327461 0.5331889 0.5342121 0.5361197 0.5372075 0.5366398 0.5316349 0.5136189 0.5136189 0.3921994 0.3504951 0.3148431 0.3065871 0.3065871 0.3012975 0.3012975 0.3129659 0.3129659 0.3267363 0.3889874 0.3889874 0.4422979 0.4422979 0.4541059 0.4541059 0.4541059 0.4467947 0.4467947 0.4374941 0.4374941 0.4277543 0.4277543 0.4185664 0.4185664 0.4106422 0.4106422 0.4106422
0.5741907 0.5741907 0.5598155 0.5477967 0.5441043 0.5441043 0.5409928 0.5357846 0.5357846 0.5314186 0.5314186 0.5276126 0.5258706 0.5242171 0.5226421 0.5226421 0.5344956 0.5346625 0.5320092 0.5284292 0.5249996 0.5222237 0.5203046 0.5192899 0.5191504 0.5199922 0.5208321 0.5208697 0.5180518 0.5063472 0.5063472 0.4208791 0.3777528 0.3300116 0.3175921 0.3175921 0.3097564 0.3097564 0.3226082 0.3226082 0.3356650 0.3820489 0.3820489 0.4346026 0.4346026 0.4536908 0.4536908 0.4536908 0.4471069 0.4471069 0.4376775 0.4376775 0.4278007 0.4278007 0.4185803 0.4185803 0.4107216 0.4107216 0.4107216
0.5735371 0.5735371 0.5590544 0.5478149 0.5441363 0.5441363 0.5410137 0.5357854 0.5357854 0.5314152 0.5314152 0.5276110 0.5258697 0.5242170 0.5226421 0.5226421 0.5308034 0.5303583 0.5265939 0.5214947 0.5163968 0.5119821 0.5085510 0.5062010 0.5049275 0.5047870 0.5051236 0.5051693 0.5032192 0.4945093 0.4945093 0.4370112 0.3967191 0.3461162 0.3325996 0.3325996 0.3263899 0.3263899 0.3411891 0.3411891 0.3524680 0.3832936 0.3832936 0.4246200 0.4246200 0.4497687 0.4497687 0.4497687 0.4454096 0.4454096 0.4366171 0.4366171 0.4269697 0.4269697 0.4179780 0.4179780 0.4103997 0.4103997 0.4103997
0.5730374 0.5730374 0.5584772 0.5478245 0.5441676 0.5441676 0.5410366 0.5357874 0.5357874 0.5314125 0.5314125 0.5276098 0.5258695 0.5242174 0.5226430 0.5226430 0.5269301 0.5252162 0.5202082 0.5137079 0.5071114 0.5012094 0.4963890 0.4928042 0.4904783 0.4894359 0.4892340 0.4891873 0.4878815 0.4816081 0.4816081 0.4427384 0.4081201 0.3620591 0.3513931 0.3513931 0.3519159 0.3519159 0.3667528 0.3667528 0.3740981 0.3895024 0.3895024 0.4150511 0.4150511 0.4419674 0.4419674 0.4419674 0.4411512 0.4411512 0.4341232 0.4341232 0.4253510 0.4253510 0.4169533 0.4169533 0.4099148 0.4099148 0.4099148
0.5726856 0.5726856 0.5580724 0.5478277 0.5441933 0.5441933 0.5410568 0.5357894 0.5357894 0.5314099 0.5314099 0.5276088 0.5258694 0.5242177 0.5226437 0.5226437 0.5228173 0.5191956 0.5126722 0.5047778 0.4967963 0.4895284 0.4834116 0.4786512 0.4753091 0.4734044 0.4726421 0.4724482 0.4716588 0.4674236 0.4674236 0.4414104 0.4139029 0.3797160 0.3760427 0.3760427 0.3851272 0.3851272 0.3947145 0.3947145 0.3963048 0.3979106 0.3979106 0.4084590 0.4084590 0.4316843 0.4316843 0.4316843 0.4344135 0.4344135 0.4300282 0.4300282 0.4228545 0.4228545 0.4155249 0.4155249 0.4093567 0.4093567 0.4093567
0.5724766 0.5724766 0.5578326 0.5478279 0.5442100 0.5442100 0.5410703 0.5357910 0.5357910 0.5314083 0.5314083 0.5276081 0.5258692 0.5242179 0.5226441 0.5226441 0.5182566 0.5121713 0.5038094 0.4944518 0.4851630 0.4766569 0.4693632 0.4635124 0.4592007 0.4564595 0.4551046 0.4546881 0.4542821 0.4517814 0.4517814 0.4352947 0.4164941 0.4033807 0.4092556 0.4092556 0.4216302 0.4216302 0.4202076 0.4202076 0.4158621 0.4067817 0.4067817 0.4056012 0.4056012 0.4209843 0.4209843 0.4209843 0.4258899 0.4258899 0.4243720 0.4243720 0.4193975 0.4193975 0.4136614 0.4136614 0.4087453 0.4087453 0.4087453
0.5724071 0.5724071 0.5577531 0.5478277 0.5442158 0.5442158 0.5410751 0.5357915 0.5357915 0.5314077 0.5314077 0.5276079 0.5258691 0.5242181 0.5226442 0.5226442 0.5128950 0.5038788 0.4933665 0.4824381 0.4718927 0.4622832 0.4539685 0.4471641 0.4419800 0.4384622 0.4365089 0.4357983 0.4356430 0.4347093 0.4347093 0.4263845 0.4197311 0.4376644 0.4503153 0.4503153 0.4548481 0.4548481 0.4406440 0.4406440 0.4317093 0.4153374 0.4153374 0.4058658 0.4058658 0.4115992 0.4115992 0.4115992 0.4166463 0.4166463 0.4174795 0.4174795 0.4150044 0.4150044 0.4113372 0.4113372 0.4080702 0.4080702 0.4080702
0.5724764 0.5724764 0.5578326 0.5478280 0.5442101 0.5442101 0.5410702 0.5357910 0.5357910 0.5314083 0.5314083 0.5276081 0.5258692 0.5242180 0.5226441 0.5226441 0.5062184 0.4938740 0.4809576 0.4683610 0.4566075 0.4460415 0.4368978 0.4293322 0.4234375 0.4192626 0.4167619 0.4157283 0.4157464 0.4165750 0.4165750 0.4176935 0.4306161 0.4821682 0.4920172 0.4920172 0.4801493 0.4801493 0.4561242 0.4561242 0.4443115 0.4232764 0.4232764 0.4081578 0.4081578 0.4044350 0.4044350 0.4044350 0.4077719 0.4077719 0.4099305 0.4099305 0.4098654 0.4098654 0.4085891 0.4085891 0.4073222 0.4073222 0.4073222
0.5726855 0.5726855 0.5580724 0.5478277 0.5441934 0.5441934 0.5410566 0.5357894 0.5357894 0.5314099 0.5314099 0.5276089 0.5258694 0.5242178 0.5226437 0.5226437 0.4974884 0.4814747 0.4659967 0.4517031 0.4388317 0.4274920 0.4177552 0.4096772 0.4033015 0.3986594 0.3957356 0.3944236 0.3947083 0.3985959 0.3985959 0.4157173 0.4595120 0.5270368 0.5246180 0.5246180 0.4974937 0.4974937 0.4678980 0.4678980 0.4544562 0.4304054 0.4304054 0.4114475 0.4114475 0.3996097 0.3996097 0.3996097 0.4000874 0.4000874 0.4024315 0.4024315 0.4043462 0.4043462 0.4055528 0.4055528 0.4065166 0.4065166 0.4065166
0.5730373 0.5730373 0.5584772 0.5478246 0.5441677 0.5441677 0.5410366 0.5357874 0.5357874 0.5314123 0.5314123 0.5276099 0.5258695 0.5242174 0.5226430 0.5226430 0.4856018 0.4656483 0.4475997 0.4317220 0.4179307 0.4060805 0.3960541 0.3877796 0.3812235 0.3763792 0.3732360 0.3717977 0.3729520 0.3846850 0.3846850 0.4334889 0.5126375 0.5587205 0.5454280 0.5454280 0.5093232 0.5093232 0.4769671 0.4769671 0.4626168 0.4365057 0.4365057 0.4149400 0.4149400 0.3967472 0.3967472 0.3967472 0.3940176 0.3940176 0.3956532 0.3956532 0.3989401 0.3989401 0.4024708 0.4024708 0.4057060 0.4057060 0.4057060
