simulation_files/asc/Depth____123.0.asc
NCOLS       411
NROWS       131
XLLCENTER    2538020.000000
YLLCENTER    1152390.000000
CELLSIZE           1.000
NODATA_VALUE     -9999.0
[rows 0 to 26 of 131, columns 295 to 353 of 411]
-9999.000 -9999.000 -9999.000 -9999.000 -9999.000 -9999.000 -9999.000 -9999.000 -9999.000 -9999.000 -9999.000 -9999.000 -9999.000 -9999.000 -9999.000 -9999.000 -9999.000 -9999.000 -9999.000 -9999.000 -9999.000 -9999.000 -9999.000 -9999.000 -9999.000 -9999.000 -9999.000 -9999.000 -9999.000 -9999.000 -9999.000 -9999.000 -9999.000 -9999.000 -9999.000 -9999.000 -9999.000 -9999.000 -9999.000 -9999.000 -9999.000 -9999.000 -9999.000 -9999.000 -9999.000 -9999.000 -9999.000 -9999.000 -9999.000 -9999.000 -9999.000 -9999.000 -9999.000 -9999.000 -9999.000 -9999.000 -9999.000 -9999.000 -9999.000
-9999.000 -9999.000 -9999.000 -9999.000 -9999.000 -9999.000 -9999.000 -9999.000 -9999.000 -9999.000 -9999.000 -9999.000 -9999.000 -9999.000 -9999.000 -9999.000 -9999.000 -9999.000 -9999.000 -9999.000 -9999.000 -9999.000 -9999.000 -9999.000 -9999.000 -9999.000 -9999.000 -9999.000 -9999.000 -9999.000 -9999.000 -9999.000 -9999.000 -9999.000 -9999.000 -9999.000 -9999.000 -9999.000 -9999.000 -9999.000 -9999.000 -9999.000 -9999.000 -9999.000 -9999.000 -9999.000 -9999.000 -9999.000 -9999.000 -9999.000 -9999.000 -9999.000 -9999.000 -9999.000 -9999.000 -9999.000 -9999.000 -9999.000 -9999.000
-9999.000 -9999.000 -9999.000 -9999.000 -9999.000 -9999.000 -9999.000 -9999.000 -9999.000 -9999.000 -9999.000 -9999.000 -9999.000 -9999.000 -9999.000 -9999.000 -9999.000 -9999.000 -9999.000 -9999.000 -9999.000 -9999.000 -9999.000 -9999.000 -9999.000 -9999.000 -9999.000 -9999.000 -9999.000 -9999.000 -9999.000 -9999.000 -9999.000 -9999.000 -9999.000 -9999.000 -9999.000 -9999.000 -9999.000 -9999.000 -9999.000 -9999.000 -9999.000 -9999.000 -9999.000 -9999.000 -9999.000 -9999.000 -9999.000 -9999.000 -9999.000 -9999.000 -9999.000 -9999.000 -9999.000 -9999.000 -9999.000 -9999.000 -9999.000
-9999.000 -9999.000 -9999.000 -9999.000 -9999.000 -9999.000 -9999.000 -9999.000 -9999.000 -9999.000 -9999.000 -9999.000 -9999.000 -9999.000 -9999.000 -9999.000 -9999.000 -9999.000 -9999.000 -9999.000 -9999.000 -9999.000 -9999.000 -9999.000 -9999.000 -9999.000 -9999.000 -9999.000 -9999.000 -9999.000 -9999.000 -9999.000 -9999.000 -9999.000 -9999.000 -9999.000 -9999.000 -9999.000 -9999.000 -9999.000 -9999.000 -9999.000 -9999.000 -9999.000 -9999.000 -9999.000 -9999.000 -9999.000 -9999.000 -9999.000 -9999.000 -9999.000 -9999.000 -9999.000 -9999.000 -9999.000 -9999.000 -9999.000 -9999.000
-9999.000 -9999.000 -9999.000 -9999.000 -9999.000 -9999.000 -9999.000 -9999.000 -9999.000 -9999.000 -9999.000 -9999.000 -9999.000 -9999.000 -9999.000 -9999.000 -9999.000 -9999.000 -9999.000 -9999.000 -9999.000 -9999.000 -9999.000 -9999.000 -9999.000 -9999.000 -9999.000 -9999.000 -9999.000 -9999.000 -9999.000 -9999.000 -9999.000 -9999.000 -9999.000 -9999.000 -9999.000 -9999.000 -9999.000 -9999.000 -9999.000 -9999.000 -9999.000 -9999.000 -9999.000 -9999.000 -9999.000 -9999.000 -9999.000 -9999.000 -9999.000 -9999.000 -9999.000 -9999.000 -9999.000 -9999.000 -9999.000 -9999.000 -9999.000
-9999.000 -9999.000 -9999.000 -9999.000 -9999.000 -9999.000 -9999.000 -9999.000 -9999.000 -9999.000 -9999.000 -9999.000 -9999.000 -9999.000 -9999.000 -9999.000 -9999.000 -9999.000 -9999.000 -9999.000 -9999.000 -9999.000 -9999.000 -9999.000 -9999.000 -9999.000 -9999.000 -9999.000 -9999.000 -9999.000 -9999.000 -9999.000 -9999.000 -9999.000 -9999.000 -9999.000 -9999.000 -9999.000 -9999.000 -9999.000 -9999.000 -9999.000 -9999.000 -9999.000 -9999.000 -9999.000 -9999.000 -9999.000 -9999.000 -9999.000 -9999.000 -9999.000 -9999.000 -9999.000 -9999.000 -9999.000 -9999.000 -9999.000 -9999.000
-9999.000 -9999.000 -9999.000 -9999.000 -9999.000 -9999.000 -9999.000 -9999.000 -9999.000 -9999.000 -9999.000 -9999.000 -9999.000 -9999.000 -9999.000 -9999.000 -9999.000 -9999.000 -9999.000 -9999.000 -9999.000 -9999.000 -9999.000 -9999.000 -9999.000 -9999.000 -9999.000 -9999.000 -9999.000 -9999.000 -9999.000 -9999.000 -9999.000 -9999.000 -9999.000 -9999.000 -9999.000 -9999.000 -9999.000 -9999.000 -9999.000 -9999.000 -9999.000 -9999.000 -9999.000 -9999.000 -9999.000 -9999.000 -9999.000 -9999.000 -9999.000 -9999.000 -9999.000 -9999.000 -9999.000 -9999.000 -9999.000 -9999.000 -9999.000
-9999.000 -9999.000 -9999.000 -9999.000 -9999.000 -9999.000 -9999.000 -9999.000 0.3718737E-01 0.4573613E-01 0.5077054E-01 -9999.000 -9999.000 -9999.000 -9999.000 -9999.000 -9999.000 -9999.000 -9999.000 -9999.000 -9999.000 -9999.000 -9999.000 -9999.000 -9999.000 -9999.000 -9999.000 -9999.000 -9999.000 -9999.000 -9999.000 -9999.000 -9999.000 -9999.000 -9999.000 -9999.000 -9999.000 -9999.000 -9999.000 -9999.000 -9999.000 -9999.000 -9999.000 -9999.000 -9999.000 -9999.000 -9999.000 -9999.000 -9999.000 -9999.000 -9999.000 -9999.000 -9999.000 -9999.000 -9999.000 -9999.000 -9999.000 -9999.000 -9999.000
-9999.000 -9999.000 -9999.000 -9999.000 -9999.000 -9999.000 -9999.000 0.3295278E-01 0.4976310E-01 0.6117962E-01 0.6409981E-01 0.7316835E-01 0.8804544E-01 0.9919785E-01 0.1076435 0.1171109 -9999.000 -9999.000 -9999.000 -9999.000 -9999.000 -9999.000 -9999.000 -9999.000 -9999.000 -9999.000 -9999.000 -9999.000 -9999.000 -9999.000 -9999.000 -9999.000 -9999.000 -9999.000 -9999.000 -9999.000 -9999.000 -9999.000 -9999.000 -9999.000 -9999.000 -9999.000 -9999.000 -9999.000 -9999.000 -9999.000 -9999.000 -9999.000 -9999.000 -9999.000 -9999.000 -9999.000 -9999.000 -9999.000 -9999.000 -9999.000 -9999.000 -9999.000 -9999.000
-9999.000 -9999.000 -9999.000 -9999.000 -9999.000 -9999.000 -9999.000 0.7606256E-01 0.9448892E-01 0.1097690 0.1093649 0.1083316 0.1179834 0.1272860 0.1277494 0.1462374 0.1471653 0.1522860 0.1568638 0.1657356 0.1744103 -9999.000 -9999.000 -9999.000 -9999.000 -9999.000 -9999.000 -9999.000 -9999.000 -9999.000 -9999.000 -9999.000 -9999.000 -9999.000 -9999.000 -9999.000 -9999.000 -9999.000 -9999.000 -9999.000 -9999.000 -9999.000 -9999.000 -9999.000 -9999.000 -9999.000 -9999.000 -9999.000 -9999.000 -9999.000 -9999.000 -9999.000 -9999.000 -9999.000 -9999.000 -9999.000 -9999.000 -9999.000 -9999.000
-9999.000 0.1239757 0.1268634 0.1553836 0.1815841 0.2142504 0.2689794 0.2990324 0.2927377 0.2748946 0.2422554 0.2183946 0.2076464 0.2188063 0.2128765 0.2081724 0.2198053 0.2164325 0.2181411 0.2252208 0.2320852 0.2381948 0.2494027 0.2907323 0.3204071 0.3716651 0.3941165 0.3944528 0.3980383 0.4110342 0.4320882 0.4536970 0.4715288 0.4924977 0.5047038 0.4961672 0.4905896 0.4885369 0.4861040 0.4842225 0.4834957 0.4845644 0.4856930 0.4848250 0.4817732 0.4775587 0.4740795 0.4712087 0.4677478 0.4622521 0.4524758 0.4408207 0.4279782 0.4133730 0.3958424 0.3748621 0.3472299 0.3133854 0.2641779
0.2824362 0.3019840 0.3535640 0.3964678 0.4345929 0.4854635 0.5004457 0.4867615 0.4475152 0.4208464 0.3945669 0.3728451 0.3665832 0.3686018 0.3587260 0.3458306 0.3423950 0.3447017 0.3397159 0.3450086 0.3577617 0.3632077 0.3700103 0.3822389 0.4013548 0.4230192 0.4452989 0.4537549 0.4534420 0.4600908 0.4776912 0.4964138 0.5027664 0.5047887 0.5076276 0.5090473 0.5048996 0.5020707 0.5008421 0.4990554 0.4967598 0.4958619 0.4947468 0.4925447 0.4895186 0.4854224 0.4811548 0.4762980 0.4699721 0.4602513 0.4466979 0.4303440 0.4131716 0.3953597 0.3764723 0.3584277 0.3370952 0.3146195 0.3073999
0.5134831 0.5329653 0.5645122 0.5832648 0.5951182 0.5950087 0.5703430 0.5378627 0.5128971 0.5012618 0.4938185 0.4946953 0.4946972 0.4905576 0.4856176 0.4882436 0.4863625 0.4863160 0.4870116 0.5057891 0.5180798 0.5239299 0.5284662 0.5414958 0.5481277 0.5517929 0.5593170 0.5626970 0.5597852 0.5596474 0.5697044 0.5656727 0.5579863 0.5478799 0.5470652 0.5442822 0.5388530 0.5396472 0.5389366 0.5368226 0.5342064 0.5344112 0.5297171 0.5234867 0.5190312 0.5155008 0.5066114 0.4946501 0.4812118 0.4658961 0.4497499 0.4346756 0.4233010 0.4105624 0.4029520 0.4005703 0.3957841 0.3897249 0.3885630
0.6808536 0.6982821 0.6964525 0.6822974 0.6544807 0.6191975 0.5865503 0.5644818 0.5578754 0.5531642 0.5546788 0.5639471 0.5666871 0.5678182 0.5709301 0.5818803 0.5866644 0.5925156 0.5985785 0.6067345 0.6174748 0.6227188 0.6303387 0.6399809 0.6431819 0.6440779 0.6467900 0.6491664 0.6447631 0.6411675 0.6331110 0.6196481 0.6074435 0.6008633 0.5964149 0.5907373 0.5864963 0.5901209 0.5896380 0.5867808 0.5860205 0.5796150 0.5694358 0.5580464 0.5487075 0.5369831 0.5237764 0.5119846 0.5006523 0.4886713 0.4783166 0.4770280 0.4718657 0.4676367 0.4701221 0.4763341 0.4794246 0.4835760 0.4979565
0.7665981 0.7505850 0.7242450 0.6952423 0.6655758 0.6424422 0.6250851 0.6133896 0.6115417 0.6085279 0.6068631 0.6116953 0.6141300 0.6171730 0.6260563 0.6333596 0.6403581 0.6459895 0.6509025 0.6585642 0.6632616 0.6684740 0.6760519 0.6824293 0.6870550 0.6903221 0.6937669 0.6911166 0.6863081 0.6802668 0.6731041 0.6619988 0.6513262 0.6458542 0.6381229 0.6323757 0.6286786 0.6292544 0.6264991 0.6214690 0.6151532 0.6041615 0.5927967 0.5824847 0.5729166 0.5614328 0.5517708 0.5469386 0.5455519 0.5409501 0.5409307 0.5422481 0.5412182 0.5403239 0.5460178 0.5525028 0.5567285 0.5693749 0.5816489
0.8041524 0.7692524 0.7345557 0.7098295 0.6999504 0.6914486 0.6842640 0.6794449 0.6780054 0.6699194 0.6655167 0.6659886 0.6630463 0.6641637 0.6684899 0.6744823 0.6829009 0.6867738 0.6909544 0.6952982 0.6972406 0.6998697 0.7036200 0.7074339 0.7101506 0.7132682 0.7130666 0.7105626 0.7081383 0.7073605 0.7047825 0.6982188 0.6928307 0.6838423 0.6733195 0.6640011 0.6591569 0.6541754 0.6480797 0.6406333 0.6362251 0.6292014 0.6211378 0.6185129 0.6131032 0.6069732 0.6018924 0.6051695 0.6037302 0.6028328 0.6044866 0.6100069 0.6102495 0.6103972 0.6190422 0.6213216 0.6244568 0.6317426 0.6492799
0.8373552 0.8140018 0.7904389 0.7705622 0.7603283 0.7525712 0.7436567 0.7386144 0.7330474 0.7262184 0.7234613 0.7229144 0.7203443 0.7211949 0.7240490 0.7307073 0.7342487 0.7367270 0.7429537 0.7421382 0.7410588 0.7413112 0.7447483 0.7426552 0.7398170 0.7376058 0.7369660 0.7336989 0.7307294 0.7319031 0.7302127 0.7258689 0.7187606 0.7117900 0.7026859 0.6933415 0.6881404 0.6824115 0.6770307 0.6727052 0.6734515 0.6712293 0.6687703 0.6717230 0.6725396 0.6707670 0.6716641 0.6765457 0.6753592 0.6749775 0.6786082 0.6846709 0.6853969 0.6913133 0.6983849 0.7002736 0.7026374 0.7123838 0.7217230
0.8576288 0.8488949 0.8370445 0.8220708 0.8088641 0.7937657 0.7810243 0.7740000 0.7665111 0.7629240 0.7620402 0.7637949 0.7649952 0.7679870 0.7712260 0.7742941 0.7748951 0.7757185 0.7768956 0.7753178 0.7736522 0.7729948 0.7713767 0.7673136 0.7628038 0.7590649 0.7553759 0.7506194 0.7445994 0.7383999 0.7338318 0.7288607 0.7229593 0.7187899 0.7159066 0.7135651 0.7131284 0.7135975 0.7137146 0.7173758 0.7197489 0.7210776 0.7237767 0.7326050 0.7366787 0.7389270 0.7487456 0.7513299 0.7529669 0.7547336 0.7667302 0.7682979 0.7708833 0.7754126 0.7901902 0.7938035 0.7966082 0.8067599 0.8049434
0.8485578 0.8447374 0.8401593 0.8324113 0.8248880 0.8171901 0.8092319 0.8021411 0.7931910 0.7861106 0.7825927 0.7799117 0.7794877 0.7800675 0.7791554 0.7781322 0.7774970 0.7748714 0.7710383 0.7707911 0.7702764 0.7652844 0.7602850 0.7558053 0.7514235 0.7409241 0.7358673 0.7305329 0.7244842 0.7150575 0.7119190 0.7098252 0.7086956 0.7109476 0.7142280 0.7184472 0.7226695 0.7275718 0.7327916 0.7389360 0.7460053 0.7521830 0.7598369 0.7688469 0.7761266 0.7832295 0.7926804 0.8023383 0.8094554 0.8181488 0.8266268 0.8332758 0.8402970 0.8508941 0.8599558 0.8654895 0.8715451 0.8784751 0.8785457
0.8226421 0.8245701 0.8259053 0.8257420 0.8254642 0.8259617 0.8243420 0.8211156 0.8141739 0.8055030 0.7966784 0.7864311 0.7771012 0.7685433 0.7602315 0.7546888 0.7498113 0.7433592 0.7378133 0.7341908 0.7293949 0.7210034 0.7133761 0.7087725 0.7014899 0.6933593 0.6898989 0.6869093 0.6817378 0.6809820 0.6832831 0.6861715 0.6889638 0.6941451 0.7000901 0.7046965 0.7109377 0.7171484 0.7240858 0.7298074 0.7385658 0.7478190 0.7567821 0.7678526 0.7803768 0.7937023 0.8048104 0.8171510 0.8290696 0.8403918 0.8514620 0.8620122 0.8719031 0.8815626 0.8894478 0.8962188 0.9032806 0.9109474 0.9148418
0.8035818 0.8073546 0.8117794 0.8154409 0.8191847 0.8233819 0.8255737 0.8256966 0.8248735 0.8201410 0.8124450 0.8004171 0.7847315 0.7674642 0.7484475 0.7322934 0.7201588 0.7073510 0.6962439 0.6860241 0.6779097 0.6674243 0.6624572 0.6581163 0.6539628 0.6485732 0.6492104 0.6502157 0.6508601 0.6551009 0.6600076 0.6646012 0.6684127 0.6740925 0.6793709 0.6845496 0.6913888 0.6981277 0.7040738 0.7104219 0.7191729 0.7294330 0.7401958 0.7518884 0.7652507 0.7774068 0.7903638 0.8046368 0.8194643 0.8318982 0.8449325 0.8581454 0.8696415 0.8791802 0.8891444 0.8980987 0.9062409 0.9141866 0.9206898
0.8031165 0.8070781 0.8120903 0.8174018 0.8210853 0.8245324 0.8269871 0.8283662 0.8290326 0.8280173 0.8237724 0.8157046 0.8048791 0.7894918 0.7674881 0.7426455 0.7176339 0.6955732 0.6762416 0.6606742 0.6493411 0.6408267 0.6351423 0.6321023 0.6298421 0.6295553 0.6318559 0.6346268 0.6376187 0.6419840 0.6464750 0.6505269 0.6560798 0.6620776 0.6681910 0.6736449 0.6804560 0.6876964 0.6966724 0.7041335 0.7119777 0.7208419 0.7300600 0.7389295 0.7485239 0.7583722 0.7703675 0.7832204 0.7966849 0.8086185 0.8225682 0.8366493 0.8494035 0.8604492 0.8728805 0.8835722 0.8930971 0.9027457 0.9110014
0.8194556 0.8227627 0.8266820 0.8314414 0.8340050 0.8361976 0.8392354 0.8401823 0.8393224 0.8373219 0.8323329 0.8241453 0.8152514 0.8050041 0.7904630 0.7712864 0.7479426 0.7282501 0.7057081 0.6854177 0.6727377 0.6600790 0.6498599 0.6447079 0.6428781 0.6409574 0.6409099 0.6421567 0.6449733 0.6481161 0.6526785 0.6581515 0.6634736 0.6692420 0.6769416 0.6850427 0.6920991 0.7001719 0.7086494 0.7149765 0.7210323 0.7282217 0.7349549 0.7412063 0.7480474 0.7568976 0.7662210 0.7757399 0.7850590 0.7946189 0.8053700 0.8173734 0.8285388 0.8407170 0.8536775 0.8661524 0.8759433 0.8861918 0.8960199
0.8347603 0.8366663 0.8396840 0.8429255 0.8445324 0.8457343 0.8460135 0.8461795 0.8448199 0.8405450 0.8347282 0.8284175 0.8218357 0.8159447 0.8097404 0.8018224 0.7948045 0.7844595 0.7688918 0.7514201 0.7391190 0.7228560 0.7051168 0.6963397 0.6874489 0.6802238 0.6757163 0.6762774 0.6751822 0.6744835 0.6754086 0.6822243 0.6873786 0.6922326 0.7012630 0.7083963 0.7153110 0.7219693 0.7312345 0.7370549 0.7424234 0.7510607 0.7565397 0.7623762 0.7684758 0.7772045 0.7820109 0.7873855 0.7939205 0.8010152 0.8080174 0.8161899 0.8259257 0.8363199 0.8473543 0.8585897 0.8691499 0.8793977 0.8890363
0.8333939 0.8353349 0.8329325 0.8334893 0.8346597 0.8355066 0.8316478 0.8303286 0.8286782 0.8239321 0.8236311 0.8243881 0.8246394 0.8253747 0.8251181 0.8242126 0.8240161 0.8237486 0.8189931 0.8120833 0.8093997 0.7961463 0.7790059 0.7624425 0.7496707 0.7346707 0.7258886 0.7226417 0.7181347 0.7150229 0.7147544 0.7170548 0.7182295 0.7208616 0.7280503 0.7339118 0.7401452 0.7480910 0.7557292 0.7622390 0.7683968 0.7777997 0.7845020 0.7902585 0.7976822 0.8032579 0.8055517 0.8079424 0.8128520 0.8175926 0.8220631 0.8276289 0.8334856 0.8397513 0.8473088 0.8552390 0.8635356 0.8718670 0.8801147
0.7888990 0.7887984 0.7843565 0.7863366 0.7882667 0.7862354 0.7834663 0.7862056 0.7893411 0.7883075 0.7951881 0.8036674 0.8095706 0.8159856 0.8231212 0.8294300 0.8346739 0.8395784 0.8422184 0.8449562 0.8463262 0.8436695 0.8356558 0.8246801 0.8091632 0.7905954 0.7758286 0.7627321 0.7527033 0.7469521 0.7454471 0.7435526 0.7428883 0.7433065 0.7475279 0.7518473 0.7571136 0.7646449 0.7714339 0.7784880 0.7857862 0.7945239 0.8014210 0.8070130 0.8128637 0.8194746 0.8234257 0.8255591 0.8275394 0.8300175 0.8325963 0.8340780 0.8352948 0.8375844 0.8403138 0.8433882 0.8482194 0.8534773 0.8574212
0.7042165 0.7032009 0.7031328 0.7074301 0.7114938 0.7055431 0.7103440 0.7161946 0.7233169 0.7241112 0.7354752 0.7474054 0.7543461 0.7687050 0.7831246 0.7960775 0.8054626 0.8165729 0.8253462 0.8304054 0.8325728 0.8386634 0.8417335 0.8407377 0.8361344 0.8254878 0.8098573 0.7912748 0.7714249 0.7569234 0.7485729 0.7457800 0.7461315 0.7471766 0.7490242 0.7523273 0.7567180 0.7613971 0.7670757 0.7732326 0.7785197 0.7840995 0.7898889 0.7956968 0.7974556 0.8030549 0.8091546 0.8105729 0.8125909 0.8152189 0.8170582 0.8131759 0.8134837 0.8139718 0.8124193 0.8112158 0.8135367 0.8163345 0.8152589
