simulation_files/asc/Depth____000116.asc
NCOLS        79
NROWS        79
XLLCENTER         -1.500000
YLLCENTER         -4.800000
CELLSIZE           0.100
NODATA_VALUE     -9999.0
[rows 0 to 25 of 79, columns 0 to 57 of 79]
-9999.000 -9999.000 -9999.000 -9999.000 -9999.000 -9999.000 -9999.000 -9999.000 -9999.000 -9999.000 -9999.000 -9999.000 -9999.000 -9999.000 -9999.000 0.4274604 0.4276254 0.4276140 0.4275534 0.4274590 0.4273405 0.4272051 0.4270577 0.4269007 0.4267318 0.4265424 0.4263133 0.4260112 0.4255922 0.4256762 0.4256762 -9999.000 -9999.000 -9999.000 -9999.000 -9999.000 -9999.000 -9999.000 -9999.000 -9999.000 -9999.000 -9999.000 -9999.000 -9999.000 -9999.000 -9999.000 -9999.000 -9999.000 -9999.000 -9999.000 -9999.000 -9999.000 -9999.000 -9999.000 -9999.000 -9999.000 -9999.000 -9999.000
-9999.000 -9999.000 -9999.000 -9999.000 -9999.000 -9999.000 -9999.000 -9999.000 -9999.000 -9999.000 -9999.000 -9999.000 -9999.000 -9999.000 -9999.000 0.4293236 0.4294898 0.4294746 0.4294186 0.4293352 0.4292328 0.4291172 0.4289930 0.4288628 0.4287254 0.4285744 0.4283929 0.4281496 0.4277975 0.4279134 0.4279134 -9999.000 -9999.000 -9999.000 -9999.000 -9999.000 -9999.000 -9999.000 -9999.000 -9999.000 -9999.000 -9999.000 -9999.000 -9999.000 -9999.000 -9999.000 -9999.000 -9999.000 -9999.000 -9999.000 -9999.000 -9999.000 -9999.000 -9999.000 -9999.000 -9999.000 -9999.000 -9999.000
-9999.000 -9999.000 -9999.000 -9999.000 -9999.000 -9999.000 -9999.000 -9999.000 -9999.000 -9999.000 -9999.000 -9999.000 -9999.000 -9999.000 -9999.000 0.4313047 0.4314992 0.4314878 0.4314353 0.4313560 0.4312588 0.4311500 0.4310342 0.4309135 0.4307859 0.4306430 0.4304654 0.4302172 0.4298452 0.4299615 0.4299615 -9999.000 -9999.000 -9999.000 -9999.000 -9999.000 -9999.000 -9999.000 -9999.000 -9999.000 -9999.000 -9999.000 -9999.000 -9999.000 -9999.000 -9999.000 -9999.000 -9999.000 -9999.000 -9999.000 -9999.000 -9999.000 -9999.000 -9999.000 -9999.000 -9999.000 -9999.000 -9999.000
-9999.000 -9999.000 -9999.000 -9999.000 -9999.000 -9999.000 -9999.000 -9999.000 -9999.000 -9999.000 -9999.000 -9999.000 -9999.000 -9999.000 -9999.000 0.4333157 0.4335321 0.4335229 0.4334718 0.4333936 0.4332978 0.4331909 0.4330775 0.4329593 0.4328336 0.4326909 0.4325089 0.4322479 0.4318472 0.4319486 0.4319486 -9999.000 -9999.000 -9999.000 -9999.000 -9999.000 -9999.000 -9999.000 -9999.000 -9999.000 -9999.000 -9999.000 -9999.000 -9999.000 -9999.000 -9999.000 -9999.000 -9999.000 -9999.000 -9999.000 -9999.000 -9999.000 -9999.000 -9999.000 -9999.000 -9999.000 -9999.000 -9999.000
-9999.000 -9999.000 -9999.000 -9999.000 -9999.000 -9999.000 -9999.000 -9999.000 -9999.000 -9999.000 -9999.000 -9999.000 -9999.000 -9999.000 -9999.000 0.4353461 0.4355797 0.4355712 0.4355195 0.4354399 0.4353424 0.4352338 0.4351187 0.4349986 0.4348703 0.4347228 0.4345315 0.4342518 0.4338142 0.4338869 0.4338869 -9999.000 -9999.000 -9999.000 -9999.000 -9999.000 -9999.000 -9999.000 -9999.000 -9999.000 -9999.000 -9999.000 -9999.000 -9999.000 -9999.000 -9999.000 -9999.000 -9999.000 -9999.000 -9999.000 -9999.000 -9999.000 -9999.000 -9999.000 -9999.000 -9999.000 -9999.000 -9999.000
-9999.000 -9999.000 -9999.000 -9999.000 -9999.000 -9999.000 -9999.000 -9999.000 -9999.000 -9999.000 -9999.000 -9999.000 -9999.000 -9999.000 -9999.000 0.4373881 0.4376357 0.4376267 0.4375730 0.4374901 0.4373887 0.4372756 0.4371561 0.4370312 0.4368972 0.4367417 0.4365371 0.4362336 0.4357500 0.4357793 0.4357793 -9999.000 -9999.000 -9999.000 -9999.000 -9999.000 -9999.000 -9999.000 -9999.000 -9999.000 -9999.000 -9999.000 -9999.000 -9999.000 -9999.000 -9999.000 -9999.000 -9999.000 -9999.000 -9999.000 -9999.000 -9999.000 -9999.000 -9999.000 -9999.000 -9999.000 -9999.000 -9999.000
-9999.000 -9999.000 -9999.000 -9999.000 -9999.000 -9999.000 -9999.000 -9999.000 -9999.000 -9999.000 -9999.000 -9999.000 -9999.000 -9999.000 -9999.000 0.4394363 0.4396954 0.4396851 0.4396284 0.4395410 0.4394340 0.4393148 0.4391888 0.4390570 0.4389150 0.4387489 0.4385274 0.4381945 0.4376546 0.4376219 0.4376219 -9999.000 -9999.000 -9999.000 -9999.000 -9999.000 -9999.000 -9999.000 -9999.000 -9999.000 -9999.000 -9999.000 -9999.000 -9999.000 -9999.000 -9999.000 -9999.000 -9999.000 -9999.000 -9999.000 -9999.000 -9999.000 -9999.000 -9999.000 -9999.000 -9999.000 -9999.000 -9999.000
-9999.000 -9999.000 -9999.000 -9999.000 -9999.000 -9999.000 -9999.000 -9999.000 -9999.000 -9999.000 -9999.000 -9999.000 -9999.000 -9999.000 -9999.000 0.4414862 0.4417553 0.4417429 0.4416828 0.4415901 0.4414766 0.4413500 0.4412160 0.4410757 0.4409236 0.4407443 0.4405024 0.4401339 0.4395249 0.4394043 0.4394043 -9999.000 -9999.000 -9999.000 -9999.000 -9999.000 -9999.000 -9999.000 -9999.000 -9999.000 -9999.000 -9999.000 -9999.000 -9999.000 -9999.000 -9999.000 -9999.000 -9999.000 -9999.000 -9999.000 -9999.000 -9999.000 -9999.000 -9999.000 -9999.000 -9999.000 -9999.000 -9999.000
-9999.000 -9999.000 -9999.000 -9999.000 -9999.000 -9999.000 -9999.000 -9999.000 -9999.000 -9999.000 -9999.000 -9999.000 -9999.000 -9999.000 -9999.000 0.4435335 0.4438114 0.4437965 0.4437328 0.4436347 0.4435141 0.4433795 0.4432365 0.4430862 0.4429223 0.4427273 0.4424605 0.4420485 0.4413539 0.4411086 0.4411086 -9999.000 -9999.000 -9999.000 -9999.000 -9999.000 -9999.000 -9999.000 -9999.000 -9999.000 -9999.000 -9999.000 -9999.000 -9999.000 -9999.000 -9999.000 -9999.000 -9999.000 -9999.000 -9999.000 -9999.000 -9999.000 -9999.000 -9999.000 -9999.000 -9999.000 -9999.000 -9999.000
-9999.000 -9999.000 -9999.000 -9999.000 -9999.000 -9999.000 -9999.000 -9999.000 -9999.000 -9999.000 -9999.000 -9999.000 -9999.000 -9999.000 -9999.000 0.4455734 0.4458595 0.4458416 0.4457742 0.4456708 0.4455433 0.4454005 0.4452480 0.4450867 0.4449092 0.4446954 0.4443985 0.4439330 0.4431312 0.4427048 0.4427048 -9999.000 -9999.000 -9999.000 -9999.000 -9999.000 -9999.000 -9999.000 -9999.000 -9999.000 -9999.000 -9999.000 -9999.000 -9999.000 -9999.000 -9999.000 -9999.000 -9999.000 -9999.000 -9999.000 -9999.000 -9999.000 -9999.000 -9999.000 -9999.000 -9999.000 -9999.000 -9999.000
-9999.000 -9999.000 -9999.000 -9999.000 -9999.000 -9999.000 -9999.000 -9999.000 -9999.000 -9999.000 -9999.000 -9999.000 -9999.000 -9999.000 -9999.000 0.4476011 0.4478946 0.4478728 0.4478017 0.4476930 0.4475591 0.4474083 0.4472463 0.4470735 0.4468805 0.4466443 0.4463104 0.4457780 0.4448398 0.4441442 0.4441442 -9999.000 -9999.000 -9999.000 -9999.000 -9999.000 -9999.000 -9999.000 -9999.000 -9999.000 -9999.000 -9999.000 -9999.000 -9999.000 -9999.000 -9999.000 -9999.000 -9999.000 -9999.000 -9999.000 -9999.000 -9999.000 -9999.000 -9999.000 -9999.000 -9999.000 -9999.000 -9999.000
-9999.000 -9999.000 -9999.000 -9999.000 -9999.000 -9999.000 -9999.000 -9999.000 -9999.000 -9999.000 -9999.000 -9999.000 -9999.000 -9999.000 -9999.000 0.4496108 0.4499115 0.4498845 0.4498087 0.4496942 0.4495537 0.4493954 0.4492241 0.4490391 0.4488289 0.4485660 0.4481860 0.4475684 0.4464533 0.4453433 0.4453433 -9999.000 -9999.000 -9999.000 -9999.000 -9999.000 -9999.000 -9999.000 -9999.000 -9999.000 -9999.000 -9999.000 -9999.000 -9999.000 -9999.000 -9999.000 -9999.000 -9999.000 -9999.000 -9999.000 -9999.000 -9999.000 -9999.000 -9999.000 -9999.000 -9999.000 -9999.000 -9999.000
-9999.000 -9999.000 -9999.000 -9999.000 -9999.000 -9999.000 -9999.000 -9999.000 -9999.000 -9999.000 -9999.000 -9999.000 -9999.000 -9999.000 -9999.000 0.4515955 0.4519040 0.4518695 0.4517871 0.4516653 0.4515170 0.4513504 0.4511693 0.4509711 0.4507409 0.4504455 0.4500068 0.4492778 0.4479270 0.4461509 0.4461509 -9999.000 -9999.000 -9999.000 -9999.000 -9999.000 -9999.000 -9999.000 -9999.000 -9999.000 -9999.000 -9999.000 -9999.000 -9999.000 -9999.000 -9999.000 -9999.000 -9999.000 -9999.000 -9999.000 -9999.000 -9999.000 -9999.000 -9999.000 -9999.000 -9999.000 -9999.000 -9999.000
-9999.000 -9999.000 -9999.000 -9999.000 -9999.000 -9999.000 -9999.000 -9999.000 -9999.000 -9999.000 -9999.000 -9999.000 -9999.000 -9999.000 -9999.000 0.4535329 0.4538557 0.4538130 0.4537232 0.4535927 0.4534348 0.4532581 0.4530649 0.4528506 0.4525951 0.4522568 0.4517389 0.4508576 0.4491810 0.4462740 0.4462740 -9999.000 -9999.000 -9999.000 -9999.000 -9999.000 -9999.000 -9999.000 -9999.000 -9999.000 -9999.000 -9999.000 -9999.000 -9999.000 -9999.000 -9999.000 -9999.000 -9999.000 -9999.000 -9999.000 -9999.000 -9999.000 -9999.000 -9999.000 -9999.000 -9999.000 -9999.000 -9999.000
-9999.000 -9999.000 -9999.000 -9999.000 -9999.000 -9999.000 -9999.000 -9999.000 -9999.000 -9999.000 -9999.000 -9999.000 -9999.000 -9999.000 -9999.000 0.4539464 0.4551505 0.4554121 0.4555365 0.4555489 0.4554795 0.4553525 0.4551819 0.4549705 0.4546980 0.4543121 0.4536832 0.4525573 0.4503140 0.4447345 0.4447345 -9999.000 -9999.000 -9999.000 -9999.000 -9999.000 -9999.000 -9999.000 -9999.000 -9999.000 -9999.000 -9999.000 -9999.000 -9999.000 -9999.000 -9999.000 -9999.000 -9999.000 -9999.000 -9999.000 -9999.000 -9999.000 -9999.000 -9999.000 -9999.000 -9999.000 -9999.000 -9999.000
0.4671998 0.4671998 0.4558866 0.4425110 0.4390236 0.4390236 0.4361113 0.4312317 0.4312317 0.4270953 0.4270953 0.4234678 0.4218070 0.4202324 0.4187339 0.4187339 0.4617992 0.4623567 0.4626919 0.4632520 0.4640689 0.4650423 0.4660262 0.4668248 0.4671327 0.4664789 0.4640583 0.4584865 0.4465845 0.4141824 0.4141824 0.2549513 0.2343826 0.2329742 0.2345966 0.2345966 0.2408116 0.2408116 0.2597738 0.2597738 0.3001040 0.3478752 0.3478752 0.3628865 0.3628865 0.3638661 0.3638661 0.3638661 0.3582515 0.3582515 0.3496340 0.3496340 0.3422284 0.3422284 0.3355371 0.3355371 0.3299641 0.3299641
0.4661132 0.4661132 0.4538938 0.4418765 0.4383802 0.4383802 0.4354609 0.4305811 0.4305811 0.4264550 0.4264550 0.4228397 0.4211848 0.4196159 0.4181228 0.4181228 0.4542697 0.4563982 0.4555755 0.4544461 0.4538291 0.4538388 0.4543886 0.4553358 0.4563949 0.4571264 0.4566021 0.4535086 0.4451349 0.4232300 0.4232300 0.3098851 0.2731127 0.2454721 0.2406992 0.2406992 0.2419948 0.2419948 0.2586107 0.2586107 0.2844355 0.3430079 0.3430079 0.3643595 0.3643595 0.3644151 0.3644151 0.3644151 0.3590791 0.3590791 0.3496011 0.3496011 0.3421268 0.3421268 0.3354135 0.3354135 0.3298094 0.3298094
0.4655139 0.4655139 0.4529947 0.4418938 0.4383980 0.4383980 0.4354650 0.4305631 0.4305631 0.4264285 0.4264285 0.4228105 0.4211547 0.4195846 0.4180903 0.4180903 0.4479170 0.4518459 0.4504194 0.4477763 0.4455173 0.4440185 0.4433088 0.4432983 0.4437720 0.4445834 0.4444938 0.4424142 0.4362421 0.4198464 0.4198464 0.3366389 0.2988239 0.2601105 0.2513977 0.2513977 0.2494491 0.2494491 0.2650257 0.2650257 0.2831168 0.3344883 0.3344883 0.3641669 0.3641669 0.3651923 0.3651923 0.3651923 0.3589254 0.3589254 0.3501431 0.3501431 0.3423682 0.3423682 0.3355356 0.3355356 0.3299024 0.3299024
0.4650375 0.4650375 0.4522962 0.4419073 0.4384325 0.4384325 0.4354911 0.4305667 0.4305667 0.4264249 0.4264249 0.4228081 0.4211533 0.4195842 0.4180905 0.4180905 0.4413021 0.4464620 0.4450006 0.4413060 0.4376941 0.4348717 0.4329946 0.4320229 0.4317833 0.4320847 0.4319847 0.4304644 0.4256728 0.4127227 0.4127227 0.3526643 0.3174276 0.2763115 0.2665857 0.2665857 0.2645963 0.2645963 0.2786686 0.2786686 0.2908912 0.3280728 0.3280728 0.3594201 0.3594201 0.3643774 0.3643774 0.3643774 0.3582374 0.3582374 0.3498309 0.3498309 0.3419631 0.3419631 0.3351472 0.3351472 0.3296634 0.3296634
0.4646755 0.4646755 0.4517724 0.4419090 0.4384646 0.4384646 0.4355187 0.4305717 0.4305717 0.4264218 0.4264218 0.4228060 0.4211525 0.4195843 0.4180913 0.4180913 0.4346851 0.4398300 0.4384449 0.4340669 0.4293648 0.4253809 0.4224356 0.4205613 0.4196276 0.4194466 0.4192541 0.4180794 0.4142847 0.4039927 0.4039927 0.3612598 0.3301832 0.2932302 0.2857592 0.2857592 0.2869748 0.2869748 0.2976599 0.2976599 0.3042412 0.3252216 0.3252216 0.3511021 0.3511021 0.3611487 0.3611487 0.3611487 0.3562768 0.3562768 0.3486618 0.3486618 0.3410814 0.3410814 0.3345225 0.3345225 0.3293528 0.3293528
0.4644216 0.4644216 0.4514086 0.4419043 0.4384900 0.4384900 0.4355426 0.4305766 0.4305766 0.4264191 0.4264191 0.4228042 0.4211517 0.4195844 0.4180919 0.4180919 0.4283713 0.4321535 0.4304984 0.4256360 0.4200795 0.4150914 0.4111662 0.4084364 0.4068332 0.4061885 0.4058879 0.4050322 0.4021772 0.3943247 0.3943247 0.3642104 0.3390606 0.3126027 0.3099660 0.3099660 0.3143455 0.3143455 0.3184183 0.3184183 0.3194357 0.3261252 0.3261252 0.3423719 0.3423719 0.3554102 0.3554102 0.3554102 0.3527593 0.3527593 0.3465438 0.3465438 0.3397319 0.3397319 0.3337307 0.3337307 0.3290668 0.3290668
0.4642713 0.4642713 0.4511943 0.4418987 0.4385062 0.4385062 0.4355586 0.4305800 0.4305800 0.4264174 0.4264174 0.4228030 0.4211512 0.4195845 0.4180923 0.4180923 0.4223476 0.4236575 0.4210908 0.4157258 0.4095060 0.4036961 0.3989113 0.3953891 0.3931392 0.3920370 0.3916041 0.3910402 0.3890936 0.3836077 0.3836077 0.3636707 0.3468732 0.3373336 0.3397653 0.3397653 0.3426818 0.3426818 0.3376222 0.3376222 0.3338214 0.3297848 0.3297848 0.3358527 0.3358527 0.3479965 0.3479965 0.3479965 0.3477089 0.3477089 0.3433961 0.3433961 0.3378553 0.3378553 0.3327667 0.3327667 0.3288426 0.3288426
0.4642215 0.4642215 0.4511235 0.4418963 0.4385117 0.4385117 0.4355642 0.4305813 0.4305813 0.4264168 0.4264168 0.4228025 0.4211510 0.4195845 0.4180925 0.4180925 0.4163301 0.4143976 0.4101982 0.4041038 0.3973210 0.3908809 0.3854071 0.3812073 0.3783689 0.3768279 0.3762335 0.3759129 0.3748473 0.3719345 0.3719345 0.3621090 0.3579566 0.3687790 0.3726040 0.3726040 0.3676758 0.3676758 0.3536564 0.3536564 0.3463086 0.3349646 0.3349646 0.3324660 0.3324660 0.3402182 0.3402182 0.3402182 0.3415312 0.3415312 0.3392680 0.3392680 0.3354126 0.3354126 0.3316141 0.3316141 0.3286871 0.3286871
0.4642713 0.4642713 0.4511943 0.4418986 0.4385062 0.4385062 0.4355586 0.4305800 0.4305800 0.4264174 0.4264174 0.4228029 0.4211513 0.4195845 0.4180923 0.4180923 0.4098206 0.4041756 0.3977273 0.3905580 0.3832026 0.3762999 0.3703455 0.3656462 0.3623393 0.3604220 0.3596617 0.3595355 0.3593778 0.3599564 0.3599564 0.3636651 0.3784270 0.4034790 0.4028394 0.4028394 0.3871403 0.3871403 0.3665129 0.3665129 0.3568337 0.3406870 0.3406870 0.3317879 0.3317879 0.3332562 0.3332562 0.3332562 0.3349062 0.3349062 0.3344012 0.3344012 0.3324530 0.3324530 0.3302721 0.3302721 0.3285865 0.3285865
0.4644216 0.4644216 0.4514087 0.4419042 0.4384901 0.4384901 0.4355426 0.4305766 0.4305766 0.4264192 0.4264192 0.4228042 0.4211518 0.4195845 0.4180919 0.4180919 0.4021065 0.3924928 0.3833960 0.3748252 0.3668188 0.3595814 0.3533707 0.3484048 0.3448195 0.3426540 0.3417758 0.3418319 0.3428467 0.3498491 0.3498491 0.3758922 0.4129756 0.4338765 0.4259968 0.4259968 0.4014909 0.4014909 0.3767869 0.3767869 0.3656136 0.3462743 0.3462743 0.3328750 0.3328750 0.3277880 0.3277880 0.3277880 0.3285673 0.3285673 0.3292121 0.3292121 0.3291428 0.3291428 0.3287833 0.3287833 0.3285218 0.3285218
0.4646754 0.4646754 0.4517725 0.4419089 0.4384646 0.4384646 0.4355187 0.4305717 0.4305717 0.4264218 0.4264218 0.4228060 0.4211526 0.4195844 0.4180912 0.4180912 0.3921772 0.3784870 0.3666138 0.3564769 0.3477713 0.3403161 0.3340810 0.3291225 0.3255149 0.3233027 0.3224251 0.3227463 0.3260556 0.3478058 0.3478058 0.4084766 0.4568799 0.4554318 0.4427168 0.4427168 0.4120588 0.4120588 0.3849417 0.3849417 0.3727614 0.3512539 0.3512539 0.3348059 0.3348059 0.3239518 0.3239518 0.3239518 0.3230936 0.3230936 0.3242060 0.3242060 0.3257631 0.3257631 0.3272494 0.3272494 0.3284793 0.3284793
