simulation_files/asc/Depth____314.0.asc
NCOLS        79
NROWS        79
XLLCENTER         -1.500000
YLLCENTER         -4.800000
CELLSIZE           0.100
NODATA_VALUE     -9999.0
[rows 0 to 25 of 79, columns 0 to 58 of 79]
-9999.000 -9999.000 -9999.000 -9999.000 -9999.000 -9999.000 -9999.000 -9999.000 -9999.000 -9999.000 -9999.000 -9999.000 -9999.000 -9999.000 -9999.000 0.6875767 0.6879783 0.6880298 0.6879120 0.6877137 0.6874725 0.6872047 0.6869332 0.6866658 0.6864091 0.6861691 0.6859421 0.6856943 0.6853183 0.6852720 0.6852720 -9999.000 -9999.000 -9999.000 -9999.000 -9999.000 -9999.000 -9999.000 -9999.000 -9999.000 -9999.000 -9999.000 -9999.000 -9999.000 -9999.000 -9999.000 -9999.000 -9999.000 -9999.000 -9999.000 -9999.000 -9999.000 -9999.000 -9999.000 -9999.000 -9999.000 -9999.000 -9999.000 -9999.000
-9999.000 -9999.000 -9999.000 -9999.000 -9999.000 -9999.000 -9999.000 -9999.000 -9999.000 -9999.000 -9999.000 -9999.000 -9999.000 -9999.000 -9999.000 0.6893381 0.6897195 0.6897610 0.6896641 0.6895050 0.6893150 0.6891065 0.6888980 0.6886949 0.6885020 0.6883241 0.6881570 0.6879708 0.6876692 0.6877055 0.6877055 -9999.000 -9999.000 -9999.000 -9999.000 -9999.000 -9999.000 -9999.000 -9999.000 -9999.000 -9999.000 -9999.000 -9999.000 -9999.000 -9999.000 -9999.000 -9999.000 -9999.000 -9999.000 -9999.000 -9999.000 -9999.000 -9999.000 -9999.000 -9999.000 -9999.000 -9999.000 -9999.000 -9999.000
-9999.000 -9999.000 -9999.000 -9999.000 -9999.000 -9999.000 -9999.000 -9999.000 -9999.000 -9999.000 -9999.000 -9999.000 -9999.000 -9999.000 -9999.000 0.6912546 0.6916672 0.6917166 0.6916254 0.6914723 0.6912894 0.6910895 0.6908910 0.6906986 0.6905167 0.6903490 0.6901902 0.6900076 0.6896990 0.6897310 0.6897310 -9999.000 -9999.000 -9999.000 -9999.000 -9999.000 -9999.000 -9999.000 -9999.000 -9999.000 -9999.000 -9999.000 -9999.000 -9999.000 -9999.000 -9999.000 -9999.000 -9999.000 -9999.000 -9999.000 -9999.000 -9999.000 -9999.000 -9999.000 -9999.000 -9999.000 -9999.000 -9999.000 -9999.000
-9999.000 -9999.000 -9999.000 -9999.000 -9999.000 -9999.000 -9999.000 -9999.000 -9999.000 -9999.000 -9999.000 -9999.000 -9999.000 -9999.000 -9999.000 0.6932212 0.6936524 0.6937049 0.6936140 0.6934607 0.6932780 0.6930783 0.6928809 0.6926900 0.6925095 0.6923433 0.6921849 0.6919992 0.6916772 0.6916875 0.6916875 -9999.000 -9999.000 -9999.000 -9999.000 -9999.000 -9999.000 -9999.000 -9999.000 -9999.000 -9999.000 -9999.000 -9999.000 -9999.000 -9999.000 -9999.000 -9999.000 -9999.000 -9999.000 -9999.000 -9999.000 -9999.000 -9999.000 -9999.000 -9999.000 -9999.000 -9999.000 -9999.000 -9999.000
-9999.000 -9999.000 -9999.000 -9999.000 -9999.000 -9999.000 -9999.000 -9999.000 -9999.000 -9999.000 -9999.000 -9999.000 -9999.000 -9999.000 -9999.000 0.6952086 0.6956528 0.6957061 0.6956126 0.6954560 0.6952699 0.6950665 0.6948660 0.6946722 0.6944889 0.6943199 0.6941580 0.6939655 0.6936249 0.6935990 0.6935990 -9999.000 -9999.000 -9999.000 -9999.000 -9999.000 -9999.000 -9999.000 -9999.000 -9999.000 -9999.000 -9999.000 -9999.000 -9999.000 -9999.000 -9999.000 -9999.000 -9999.000 -9999.000 -9999.000 -9999.000 -9999.000 -9999.000 -9999.000 -9999.000 -9999.000 -9999.000 -9999.000 -9999.000
-9999.000 -9999.000 -9999.000 -9999.000 -9999.000 -9999.000 -9999.000 -9999.000 -9999.000 -9999.000 -9999.000 -9999.000 -9999.000 -9999.000 -9999.000 0.6972032 0.6976576 0.6977102 0.6976126 0.6974512 0.6972598 0.6970507 0.6968453 0.6966464 0.6964582 0.6962844 0.6961170 0.6959150 0.6955510 0.6954744 0.6954744 -9999.000 -9999.000 -9999.000 -9999.000 -9999.000 -9999.000 -9999.000 -9999.000 -9999.000 -9999.000 -9999.000 -9999.000 -9999.000 -9999.000 -9999.000 -9999.000 -9999.000 -9999.000 -9999.000 -9999.000 -9999.000 -9999.000 -9999.000 -9999.000 -9999.000 -9999.000 -9999.000 -9999.000
-9999.000 -9999.000 -9999.000 -9999.000 -9999.000 -9999.000 -9999.000 -9999.000 -9999.000 -9999.000 -9999.000 -9999.000 -9999.000 -9999.000 -9999.000 0.6991982 0.6996615 0.6997121 0.6996094 0.6994423 0.6992449 0.6990291 0.6988177 0.6986126 0.6984183 0.6982386 0.6980643 0.6978507 0.6974584 0.6973142 0.6973142 -9999.000 -9999.000 -9999.000 -9999.000 -9999.000 -9999.000 -9999.000 -9999.000 -9999.000 -9999.000 -9999.000 -9999.000 -9999.000 -9999.000 -9999.000 -9999.000 -9999.000 -9999.000 -9999.000 -9999.000 -9999.000 -9999.000 -9999.000 -9999.000 -9999.000 -9999.000 -9999.000 -9999.000
-9999.000 -9999.000 -9999.000 -9999.000 -9999.000 -9999.000 -9999.000 -9999.000 -9999.000 -9999.000 -9999.000 -9999.000 -9999.000 -9999.000 -9999.000 0.7011903 0.7016614 0.7017091 0.7016004 0.7014270 0.7012231 0.7010000 0.7007821 0.7005702 0.7003689 0.7001825 0.7000004 0.6997731 0.6993468 0.6991133 0.6991133 -9999.000 -9999.000 -9999.000 -9999.000 -9999.000 -9999.000 -9999.000 -9999.000 -9999.000 -9999.000 -9999.000 -9999.000 -9999.000 -9999.000 -9999.000 -9999.000 -9999.000 -9999.000 -9999.000 -9999.000 -9999.000 -9999.000 -9999.000 -9999.000 -9999.000 -9999.000 -9999.000 -9999.000
-9999.000 -9999.000 -9999.000 -9999.000 -9999.000 -9999.000 -9999.000 -9999.000 -9999.000 -9999.000 -9999.000 -9999.000 -9999.000 -9999.000 -9999.000 0.7031769 0.7036555 0.7036991 0.7035835 0.7034034 0.7031925 0.7029616 0.7027370 0.7025177 0.7023091 0.7021154 0.7019244 0.7016810 0.7012141 0.7008624 0.7008624 -9999.000 -9999.000 -9999.000 -9999.000 -9999.000 -9999.000 -9999.000 -9999.000 -9999.000 -9999.000 -9999.000 -9999.000 -9999.000 -9999.000 -9999.000 -9999.000 -9999.000 -9999.000 -9999.000 -9999.000 -9999.000 -9999.000 -9999.000 -9999.000 -9999.000 -9999.000 -9999.000 -9999.000
-9999.000 -9999.000 -9999.000 -9999.000 -9999.000 -9999.000 -9999.000 -9999.000 -9999.000 -9999.000 -9999.000 -9999.000 -9999.000 -9999.000 -9999.000 0.7051561 0.7056420 0.7056804 0.7055570 0.7053695 0.7051513 0.7049121 0.7046807 0.7044536 0.7042370 0.7040354 0.7038344 0.7035721 0.7030563 0.7025466 0.7025466 -9999.000 -9999.000 -9999.000 -9999.000 -9999.000 -9999.000 -9999.000 -9999.000 -9999.000 -9999.000 -9999.000 -9999.000 -9999.000 -9999.000 -9999.000 -9999.000 -9999.000 -9999.000 -9999.000 -9999.000 -9999.000 -9999.000 -9999.000 -9999.000 -9999.000 -9999.000 -9999.000 -9999.000
-9999.000 -9999.000 -9999.000 -9999.000 -9999.000 -9999.000 -9999.000 -9999.000 -9999.000 -9999.000 -9999.000 -9999.000 -9999.000 -9999.000 -9999.000 0.7071255 0.7076190 0.7076509 0.7075187 0.7073233 0.7070974 0.7068493 0.7066107 0.7063754 0.7061502 0.7059399 0.7057276 0.7054428 0.7048679 0.7041440 0.7041440 -9999.000 -9999.000 -9999.000 -9999.000 -9999.000 -9999.000 -9999.000 -9999.000 -9999.000 -9999.000 -9999.000 -9999.000 -9999.000 -9999.000 -9999.000 -9999.000 -9999.000 -9999.000 -9999.000 -9999.000 -9999.000 -9999.000 -9999.000 -9999.000 -9999.000 -9999.000 -9999.000 -9999.000
-9999.000 -9999.000 -9999.000 -9999.000 -9999.000 -9999.000 -9999.000 -9999.000 -9999.000 -9999.000 -9999.000 -9999.000 -9999.000 -9999.000 -9999.000 0.7090824 0.7095839 0.7096081 0.7094657 0.7092617 0.7090275 0.7087700 0.7085240 0.7082797 0.7080451 0.7078252 0.7075998 0.7072880 0.7066408 0.7056211 0.7056211 -9999.000 -9999.000 -9999.000 -9999.000 -9999.000 -9999.000 -9999.000 -9999.000 -9999.000 -9999.000 -9999.000 -9999.000 -9999.000 -9999.000 -9999.000 -9999.000 -9999.000 -9999.000 -9999.000 -9999.000 -9999.000 -9999.000 -9999.000 -9999.000 -9999.000 -9999.000 -9999.000 -9999.000
-9999.000 -9999.000 -9999.000 -9999.000 -9999.000 -9999.000 -9999.000 -9999.000 -9999.000 -9999.000 -9999.000 -9999.000 -9999.000 -9999.000 -9999.000 0.7110224 0.7115334 0.7115483 0.7113944 0.7111811 0.7109380 0.7106702 0.7104162 0.7101620 0.7099167 0.7096859 0.7094448 0.7090997 0.7083630 0.7069256 0.7069256 -9999.000 -9999.000 -9999.000 -9999.000 -9999.000 -9999.000 -9999.000 -9999.000 -9999.000 -9999.000 -9999.000 -9999.000 -9999.000 -9999.000 -9999.000 -9999.000 -9999.000 -9999.000 -9999.000 -9999.000 -9999.000 -9999.000 -9999.000 -9999.000 -9999.000 -9999.000 -9999.000 -9999.000
-9999.000 -9999.000 -9999.000 -9999.000 -9999.000 -9999.000 -9999.000 -9999.000 -9999.000 -9999.000 -9999.000 -9999.000 -9999.000 -9999.000 -9999.000 0.7129029 0.7134402 0.7134577 0.7133009 0.7130809 0.7128299 0.7125510 0.7122881 0.7120215 0.7117628 0.7115180 0.7112569 0.7108692 0.7100191 0.7079785 0.7079785 -9999.000 -9999.000 -9999.000 -9999.000 -9999.000 -9999.000 -9999.000 -9999.000 -9999.000 -9999.000 -9999.000 -9999.000 -9999.000 -9999.000 -9999.000 -9999.000 -9999.000 -9999.000 -9999.000 -9999.000 -9999.000 -9999.000 -9999.000 -9999.000 -9999.000 -9999.000 -9999.000 -9999.000
-9999.000 -9999.000 -9999.000 -9999.000 -9999.000 -9999.000 -9999.000 -9999.000 -9999.000 -9999.000 -9999.000 -9999.000 -9999.000 -9999.000 -9999.000 0.7088687 0.7136431 0.7158262 0.7164589 0.7161723 0.7158043 0.7153732 0.7149497 0.7145200 0.7141064 0.7137212 0.7133271 0.7127781 0.7116284 0.7079828 0.7079828 -9999.000 -9999.000 -9999.000 -9999.000 -9999.000 -9999.000 -9999.000 -9999.000 -9999.000 -9999.000 -9999.000 -9999.000 -9999.000 -9999.000 -9999.000 -9999.000 -9999.000 -9999.000 -9999.000 -9999.000 -9999.000 -9999.000 -9999.000 -9999.000 -9999.000 -9999.000 -9999.000 -9999.000
0.7855954 0.7855954 0.7879271 0.7708254 0.7655426 0.7655426 0.7620684 0.7566043 0.7566043 0.7522113 0.7522113 0.7485663 0.7469531 0.7454499 0.7440032 0.7440032 0.7184563 0.7172083 0.7162604 0.7169582 0.7181711 0.7197639 0.7220892 0.7245605 0.7270685 0.7294805 0.7312329 0.7307863 0.7239472 0.6943272 0.6943272 0.4864855 0.4507990 0.4299549 0.4229999 0.4229999 0.4123075 0.4123075 0.4156852 0.4156852 0.4271150 0.4766808 0.4766808 0.5826616 0.5826616 0.6253501 0.6253501 0.6253501 0.6246873 0.6246873 0.6142683 0.6142683 0.6004177 0.6004177 0.5861102 0.5861102 0.5730390 0.5730390 0.5730390
0.7827594 0.7827594 0.7869076 0.7698126 0.7646164 0.7646164 0.7610415 0.7555456 0.7555456 0.7511724 0.7511724 0.7475451 0.7459388 0.7444423 0.7430024 0.7430024 0.7208489 0.7159095 0.7114221 0.7079294 0.7051398 0.7030983 0.7020565 0.7018974 0.7025864 0.7040594 0.7060403 0.7078156 0.7076254 0.6956615 0.6956615 0.5546535 0.5010013 0.4483937 0.4337515 0.4337515 0.4172550 0.4172550 0.4197010 0.4197010 0.4303842 0.4736127 0.4736127 0.5551927 0.5551927 0.6226565 0.6226565 0.6226565 0.6244206 0.6244206 0.6145369 0.6145369 0.6008188 0.6008188 0.5866390 0.5866390 0.5736188 0.5736188 0.5736188
0.7812260 0.7812260 0.7865542 0.7697957 0.7647520 0.7647520 0.7610797 0.7555024 0.7555024 0.7511228 0.7511228 0.7474955 0.7458876 0.7443891 0.7429416 0.7429416 0.7226145 0.7144611 0.7067517 0.7000055 0.6942673 0.6895847 0.6861117 0.6838139 0.6826591 0.6826064 0.6834810 0.6847643 0.6850724 0.6778347 0.6778347 0.5879768 0.5326291 0.4664031 0.4466582 0.4466582 0.4268296 0.4268296 0.4330801 0.4330801 0.4457679 0.4851921 0.4851921 0.5446905 0.5446905 0.6151018 0.6151018 0.6151018 0.6214292 0.6214292 0.6134105 0.6134105 0.6003653 0.6003653 0.5864649 0.5864649 0.5736125 0.5736125 0.5736125
0.7800324 0.7800324 0.7860844 0.7697472 0.7649033 0.7649033 0.7611575 0.7554904 0.7554904 0.7511091 0.7511091 0.7474897 0.7458836 0.7443861 0.7429292 0.7429292 0.7235540 0.7125739 0.7017916 0.6919825 0.6834434 0.6762944 0.6706445 0.6664765 0.6637319 0.6623372 0.6621397 0.6627432 0.6630936 0.6584616 0.6584616 0.6013822 0.5523310 0.4838748 0.4625005 0.4625005 0.4449302 0.4449302 0.4584727 0.4584727 0.4727262 0.5045127 0.5045127 0.5416208 0.5416208 0.6020965 0.6020965 0.6020965 0.6136565 0.6136565 0.6092774 0.6092774 0.5980628 0.5980628 0.5851015 0.5851015 0.5728824 0.5728824 0.5728824
0.7791470 0.7791470 0.7855597 0.7696913 0.7650315 0.7650315 0.7612345 0.7554811 0.7554811 0.7510960 0.7510960 0.7474845 0.7458803 0.7443840 0.7429118 0.7429118 0.7233136 0.7097684 0.6961049 0.6833922 0.6721238 0.6625168 0.6546904 0.6486527 0.6443452 0.6416742 0.6404833 0.6404415 0.6407314 0.6379836 0.6379836 0.6017365 0.5616531 0.4990958 0.4806409 0.4806409 0.4738595 0.4738595 0.4952918 0.4952918 0.5079014 0.5265123 0.5265123 0.5429999 0.5429999 0.5864464 0.5864464 0.5864464 0.6015990 0.6015990 0.6018913 0.6018913 0.5937548 0.5937548 0.5826099 0.5826099 0.5716200 0.5716200 0.5716200
0.7785156 0.7785156 0.7850749 0.7696531 0.7651275 0.7651275 0.7612987 0.7554743 0.7554743 0.7510825 0.7510825 0.7474748 0.7458712 0.7443752 0.7428793 0.7428793 0.7216096 0.7055837 0.6892179 0.6737990 0.6599495 0.6479651 0.6379928 0.6300694 0.6241554 0.6201617 0.6179398 0.6172099 0.6173354 0.6159454 0.6159454 0.5933993 0.5628488 0.5135299 0.5037555 0.5037555 0.5152392 0.5152392 0.5382695 0.5382695 0.5447072 0.5470783 0.5470783 0.5469840 0.5469840 0.5715327 0.5715327 0.5715327 0.5870767 0.5870767 0.5916241 0.5916241 0.5873679 0.5873679 0.5789137 0.5789137 0.5698331 0.5698331 0.5698331
0.7781594 0.7781594 0.7847031 0.7696282 0.7651806 0.7651806 0.7613336 0.7554638 0.7554638 0.7510706 0.7510706 0.7474709 0.7458702 0.7443766 0.7428491 0.7428491 0.7181726 0.6995748 0.6806234 0.6626979 0.6464718 0.6322775 0.6202787 0.6105320 0.6030195 0.5976694 0.5943547 0.5928469 0.5926619 0.5921934 0.5921934 0.5789943 0.5582018 0.5319992 0.5376031 0.5376031 0.5666227 0.5666227 0.5792634 0.5792634 0.5768254 0.5643688 0.5643688 0.5524458 0.5524458 0.5595960 0.5595960 0.5595960 0.5722408 0.5722408 0.5793715 0.5793715 0.5790451 0.5790451 0.5739512 0.5739512 0.5674719 0.5674719 0.5674719
0.7780434 0.7780434 0.7845536 0.7696227 0.7651982 0.7651982 0.7613455 0.7554629 0.7554629 0.7510704 0.7510704 0.7474729 0.7458723 0.7443785 0.7428026 0.7428026 0.7126081 0.6911997 0.6697132 0.6494765 0.6311257 0.6149739 0.6011706 0.5897714 0.5807686 0.5741081 0.5696888 0.5673345 0.5667039 0.5668502 0.5668502 0.5605536 0.5508349 0.5628216 0.5872996 0.5872996 0.6190283 0.6190283 0.6119522 0.6119522 0.6015033 0.5784590 0.5784590 0.5587054 0.5587054 0.5514098 0.5514098 0.5514098 0.5588602 0.5588602 0.5663438 0.5663438 0.5692245 0.5692245 0.5677898 0.5677898 0.5645138 0.5645138 0.5645138
0.7781594 0.7781594 0.7847031 0.7696282 0.7651805 0.7651805 0.7613337 0.7554640 0.7554640 0.7510707 0.7510707 0.7474709 0.7458702 0.7443766 0.7427340 0.7427340 0.7043748 0.6798026 0.6557773 0.6334230 0.6132414 0.5954595 0.5801712 0.5674003 0.5571293 0.5493102 0.5438654 0.5406681 0.5395344 0.5402870 0.5402870 0.5405555 0.5467554 0.6138814 0.6494263 0.6494263 0.6613212 0.6613212 0.6351256 0.6351256 0.6195523 0.5901183 0.5901183 0.5652594 0.5652594 0.5466748 0.5466748 0.5466748 0.5479710 0.5479710 0.5537750 0.5537750 0.5586177 0.5586177 0.5606924 0.5606924 0.5610186 0.5610186 0.5610186
0.7785155 0.7785155 0.7850750 0.7696532 0.7651274 0.7651274 0.7612987 0.7554744 0.7554744 0.7510825 0.7510825 0.7474748 0.7458712 0.7443751 0.7426369 0.7426369 0.6926287 0.6644629 0.6378851 0.6136414 0.5919896 0.5729950 0.5566455 0.5428980 0.5317006 0.5229951 0.5167156 0.5127847 0.5112642 0.5134233 0.5134233 0.5239779 0.5581805 0.6819876 0.7081988 0.7081988 0.6888184 0.6888184 0.6511410 0.6511410 0.6329700 0.5999177 0.5999177 0.5716307 0.5716307 0.5445682 0.5445682 0.5445682 0.5398674 0.5398674 0.5426559 0.5426559 0.5480952 0.5480952 0.5531337 0.5531337 0.5571671 0.5571671 0.5571671
0.7791469 0.7791469 0.7855597 0.7696913 0.7650313 0.7650313 0.7612345 0.7554812 0.7554812 0.7510961 0.7510961 0.7474846 0.7458804 0.7443840 0.7425151 0.7425151 0.6760443 0.6438516 0.6147826 0.5889865 0.5663445 0.5466771 0.5298118 0.5156055 0.5039462 0.4947496 0.4879483 0.4835298 0.4821712 0.4891312 0.4891312 0.5230227 0.6026459 0.7461563 0.7466991 0.7466991 0.7049222 0.7049222 0.6625720 0.6625720 0.6432232 0.6080611 0.6080611 0.5773952 0.5773952 0.5441800 0.5441800 0.5441800 0.5343233 0.5343233 0.5335954 0.5335954 0.5385306 0.5385306 0.5457562 0.5457562 0.5532734 0.5532734 0.5532734
