simulation_files/asc/Depth____000061.asc
NCOLS        79
NROWS        79
XLLCENTER         -1.500000
YLLCENTER         -4.800000
CELLSIZE           0.100
NODATA_VALUE     -9999.0
[rows 0 to 25 of 79, columns 0 to 57 of 79]
-9999.000 -9999.000 -9999.000 -9999.000 -9999.000 -9999.000 -9999.000 -9999.000 -9999.000 -9999.000 -9999.000 -9999.000 -9999.000 -9999.000 -9999.000 0.2728402 0.2729703 0.2728872 0.2727469 0.2725644 0.2723452 0.2720932 0.2718123 0.2715073 0.2711840 0.2708500 0.2705153 0.2701930 0.2699147 0.2702106 0.2702106 -9999.000 -9999.000 -9999.000 -9999.000 -9999.000 -9999.000 -9999.000 -9999.000 -9999.000 -9999.000 -9999.000 -9999.000 -9999.000 -9999.000 -9999.000 -9999.000 -9999.000 -9999.000 -9999.000 -9999.000 -9999.000 -9999.000 -9999.000 -9999.000 -9999.000 -9999.000 -9999.000
-9999.000 -9999.000 -9999.000 -9999.000 -9999.000 -9999.000 -9999.000 -9999.000 -9999.000 -9999.000 -9999.000 -9999.000 -9999.000 -9999.000 -9999.000 0.2747414 0.2748946 0.2748118 0.2746792 0.2745097 0.2743076 0.2740767 0.2738211 0.2735456 0.2732561 0.2729595 0.2726631 0.2723742 0.2721133 0.2723908 0.2723908 -9999.000 -9999.000 -9999.000 -9999.000 -9999.000 -9999.000 -9999.000 -9999.000 -9999.000 -9999.000 -9999.000 -9999.000 -9999.000 -9999.000 -9999.000 -9999.000 -9999.000 -9999.000 -9999.000 -9999.000 -9999.000 -9999.000 -9999.000 -9999.000 -9999.000 -9999.000 -9999.000
-9999.000 -9999.000 -9999.000 -9999.000 -9999.000 -9999.000 -9999.000 -9999.000 -9999.000 -9999.000 -9999.000 -9999.000 -9999.000 -9999.000 -9999.000 0.2767634 0.2769611 0.2768783 0.2767456 0.2765772 0.2763778 0.2761506 0.2758991 0.2756270 0.2753391 0.2750404 0.2747366 0.2744331 0.2741514 0.2744668 0.2744668 -9999.000 -9999.000 -9999.000 -9999.000 -9999.000 -9999.000 -9999.000 -9999.000 -9999.000 -9999.000 -9999.000 -9999.000 -9999.000 -9999.000 -9999.000 -9999.000 -9999.000 -9999.000 -9999.000 -9999.000 -9999.000 -9999.000 -9999.000 -9999.000 -9999.000 -9999.000 -9999.000
-9999.000 -9999.000 -9999.000 -9999.000 -9999.000 -9999.000 -9999.000 -9999.000 -9999.000 -9999.000 -9999.000 -9999.000 -9999.000 -9999.000 -9999.000 0.2788245 0.2790594 0.2789742 0.2788382 0.2786669 0.2784644 0.2782337 0.2779775 0.2776989 0.2774015 0.2770893 0.2767666 0.2764378 0.2761246 0.2764665 0.2764665 -9999.000 -9999.000 -9999.000 -9999.000 -9999.000 -9999.000 -9999.000 -9999.000 -9999.000 -9999.000 -9999.000 -9999.000 -9999.000 -9999.000 -9999.000 -9999.000 -9999.000 -9999.000 -9999.000 -9999.000 -9999.000 -9999.000 -9999.000 -9999.000 -9999.000 -9999.000 -9999.000
-9999.000 -9999.000 -9999.000 -9999.000 -9999.000 -9999.000 -9999.000 -9999.000 -9999.000 -9999.000 -9999.000 -9999.000 -9999.000 -9999.000 -9999.000 0.2809167 0.2811813 0.2810911 0.2809490 0.2807707 0.2805603 0.2803202 0.2800524 0.2797592 0.2794434 0.2791081 0.2787565 0.2783917 0.2780356 0.2783953 0.2783953 -9999.000 -9999.000 -9999.000 -9999.000 -9999.000 -9999.000 -9999.000 -9999.000 -9999.000 -9999.000 -9999.000 -9999.000 -9999.000 -9999.000 -9999.000 -9999.000 -9999.000 -9999.000 -9999.000 -9999.000 -9999.000 -9999.000 -9999.000 -9999.000 -9999.000 -9999.000 -9999.000
-9999.000 -9999.000 -9999.000 -9999.000 -9999.000 -9999.000 -9999.000 -9999.000 -9999.000 -9999.000 -9999.000 -9999.000 -9999.000 -9999.000 -9999.000 0.2830326 0.2833198 0.2832220 0.2830713 0.2828829 0.2826606 0.2824061 0.2821207 0.2818060 0.2814640 0.2810966 0.2807058 0.2802936 0.2798811 0.2802499 0.2802499 -9999.000 -9999.000 -9999.000 -9999.000 -9999.000 -9999.000 -9999.000 -9999.000 -9999.000 -9999.000 -9999.000 -9999.000 -9999.000 -9999.000 -9999.000 -9999.000 -9999.000 -9999.000 -9999.000 -9999.000 -9999.000 -9999.000 -9999.000 -9999.000 -9999.000 -9999.000 -9999.000
-9999.000 -9999.000 -9999.000 -9999.000 -9999.000 -9999.000 -9999.000 -9999.000 -9999.000 -9999.000 -9999.000 -9999.000 -9999.000 -9999.000 -9999.000 0.2851659 0.2854686 0.2853607 0.2851993 0.2849985 0.2847610 0.2844880 0.2841797 0.2838371 0.2834609 0.2830521 0.2826110 0.2821376 0.2816515 0.2820193 0.2820193 -9999.000 -9999.000 -9999.000 -9999.000 -9999.000 -9999.000 -9999.000 -9999.000 -9999.000 -9999.000 -9999.000 -9999.000 -9999.000 -9999.000 -9999.000 -9999.000 -9999.000 -9999.000 -9999.000 -9999.000 -9999.000 -9999.000 -9999.000 -9999.000 -9999.000 -9999.000 -9999.000
-9999.000 -9999.000 -9999.000 -9999.000 -9999.000 -9999.000 -9999.000 -9999.000 -9999.000 -9999.000 -9999.000 -9999.000 -9999.000 -9999.000 -9999.000 0.2873103 0.2876213 0.2875009 0.2873274 0.2871122 0.2868571 0.2865618 0.2862259 0.2858490 0.2854304 0.2849694 0.2844646 0.2839130 0.2833305 0.2836826 0.2836826 -9999.000 -9999.000 -9999.000 -9999.000 -9999.000 -9999.000 -9999.000 -9999.000 -9999.000 -9999.000 -9999.000 -9999.000 -9999.000 -9999.000 -9999.000 -9999.000 -9999.000 -9999.000 -9999.000 -9999.000 -9999.000 -9999.000 -9999.000 -9999.000 -9999.000 -9999.000 -9999.000
-9999.000 -9999.000 -9999.000 -9999.000 -9999.000 -9999.000 -9999.000 -9999.000 -9999.000 -9999.000 -9999.000 -9999.000 -9999.000 -9999.000 -9999.000 0.2894587 0.2897712 0.2896360 0.2894491 0.2892182 0.2889432 0.2886226 0.2882544 0.2878364 0.2873662 0.2868407 0.2862554 0.2856030 0.2848924 0.2852046 0.2852046 -9999.000 -9999.000 -9999.000 -9999.000 -9999.000 -9999.000 -9999.000 -9999.000 -9999.000 -9999.000 -9999.000 -9999.000 -9999.000 -9999.000 -9999.000 -9999.000 -9999.000 -9999.000 -9999.000 -9999.000 -9999.000 -9999.000 -9999.000 -9999.000 -9999.000 -9999.000 -9999.000
-9999.000 -9999.000 -9999.000 -9999.000 -9999.000 -9999.000 -9999.000 -9999.000 -9999.000 -9999.000 -9999.000 -9999.000 -9999.000 -9999.000 -9999.000 0.2916032 0.2919106 0.2917581 0.2915570 0.2913091 0.2910123 0.2906634 0.2902579 0.2897915 0.2892589 0.2886535 0.2879658 0.2871817 0.2862981 0.2865278 0.2865278 -9999.000 -9999.000 -9999.000 -9999.000 -9999.000 -9999.000 -9999.000 -9999.000 -9999.000 -9999.000 -9999.000 -9999.000 -9999.000 -9999.000 -9999.000 -9999.000 -9999.000 -9999.000 -9999.000 -9999.000 -9999.000 -9999.000 -9999.000 -9999.000 -9999.000 -9999.000 -9999.000
-9999.000 -9999.000 -9999.000 -9999.000 -9999.000 -9999.000 -9999.000 -9999.000 -9999.000 -9999.000 -9999.000 -9999.000 -9999.000 -9999.000 -9999.000 0.2937340 0.2940311 0.2938587 0.2936422 0.2933760 0.2930554 0.2926745 0.2922260 0.2917023 0.2910940 0.2903888 0.2895695 0.2886102 0.2874858 0.2875539 0.2875539 -9999.000 -9999.000 -9999.000 -9999.000 -9999.000 -9999.000 -9999.000 -9999.000 -9999.000 -9999.000 -9999.000 -9999.000 -9999.000 -9999.000 -9999.000 -9999.000 -9999.000 -9999.000 -9999.000 -9999.000 -9999.000 -9999.000 -9999.000 -9999.000 -9999.000 -9999.000 -9999.000
-9999.000 -9999.000 -9999.000 -9999.000 -9999.000 -9999.000 -9999.000 -9999.000 -9999.000 -9999.000 -9999.000 -9999.000 -9999.000 -9999.000 -9999.000 0.2958391 0.2961226 0.2959280 0.2956946 0.2954082 0.2950607 0.2946430 0.2941441 0.2935516 0.2928497 0.2920178 0.2910256 0.2898267 0.2883560 0.2881052 0.2881052 -9999.000 -9999.000 -9999.000 -9999.000 -9999.000 -9999.000 -9999.000 -9999.000 -9999.000 -9999.000 -9999.000 -9999.000 -9999.000 -9999.000 -9999.000 -9999.000 -9999.000 -9999.000 -9999.000 -9999.000 -9999.000 -9999.000 -9999.000 -9999.000 -9999.000 -9999.000 -9999.000
-9999.000 -9999.000 -9999.000 -9999.000 -9999.000 -9999.000 -9999.000 -9999.000 -9999.000 -9999.000 -9999.000 -9999.000 -9999.000 -9999.000 -9999.000 0.2979017 0.2981724 0.2979537 0.2977013 0.2973916 0.2970126 0.2965510 0.2959909 0.2953131 0.2944926 0.2934948 0.2922680 0.2907293 0.2887369 0.2878282 0.2878282 -9999.000 -9999.000 -9999.000 -9999.000 -9999.000 -9999.000 -9999.000 -9999.000 -9999.000 -9999.000 -9999.000 -9999.000 -9999.000 -9999.000 -9999.000 -9999.000 -9999.000 -9999.000 -9999.000 -9999.000 -9999.000 -9999.000 -9999.000 -9999.000 -9999.000 -9999.000 -9999.000
-9999.000 -9999.000 -9999.000 -9999.000 -9999.000 -9999.000 -9999.000 -9999.000 -9999.000 -9999.000 -9999.000 -9999.000 -9999.000 -9999.000 -9999.000 0.2998849 0.3001552 0.2999145 0.2996429 0.2993071 0.2988906 0.2983749 0.2977372 0.2969486 0.2959699 0.2947442 0.2931827 0.2911341 0.2883043 0.2859161 0.2859161 -9999.000 -9999.000 -9999.000 -9999.000 -9999.000 -9999.000 -9999.000 -9999.000 -9999.000 -9999.000 -9999.000 -9999.000 -9999.000 -9999.000 -9999.000 -9999.000 -9999.000 -9999.000 -9999.000 -9999.000 -9999.000 -9999.000 -9999.000 -9999.000 -9999.000 -9999.000 -9999.000
-9999.000 -9999.000 -9999.000 -9999.000 -9999.000 -9999.000 -9999.000 -9999.000 -9999.000 -9999.000 -9999.000 -9999.000 -9999.000 -9999.000 -9999.000 0.3007867 0.3017073 0.3016596 0.3015047 0.3012250 0.3008135 0.3002544 0.2995220 0.2985781 0.2973662 0.2957967 0.2937178 0.2908430 0.2865234 0.2798871 0.2798871 -9999.000 -9999.000 -9999.000 -9999.000 -9999.000 -9999.000 -9999.000 -9999.000 -9999.000 -9999.000 -9999.000 -9999.000 -9999.000 -9999.000 -9999.000 -9999.000 -9999.000 -9999.000 -9999.000 -9999.000 -9999.000 -9999.000 -9999.000 -9999.000 -9999.000 -9999.000 -9999.000
0.2580936 0.2580936 0.2488913 0.2417218 0.2393322 0.2393322 0.2373365 0.2340793 0.2340793 0.2355220 0.2355220 0.2805494 0.2866587 0.2930577 0.3005024 0.3005024 0.3091611 0.3096136 0.3098722 0.3098125 0.3093363 0.3083603 0.3068233 0.3046771 0.3018488 0.2981611 0.2931685 0.2857472 0.2727199 0.2386179 0.2386179 0.1146723 0.9014889E-01 0.8582678E-01 0.9052071E-01 0.9052071E-01 0.1059810 0.1059810 0.1290732 0.1290732 0.1629028 0.1959283 0.1959283 0.1993244 0.1993244 0.1982748 0.1982748 0.1982748 0.1936638 0.1936638 0.1892022 0.1892022 0.1855032 0.1855032 0.1798908 0.1798908 0.1762831 0.1762831
0.2570688 0.2570688 0.2482386 0.2412885 0.2389261 0.2389261 0.2369427 0.2336946 0.2336946 0.2340743 0.2340743 0.2806079 0.2861089 0.2917945 0.2977439 0.2977439 0.3028231 0.3032215 0.3036353 0.3040015 0.3042119 0.3041225 0.3035595 0.3023171 0.3001466 0.2967239 0.2915613 0.2837650 0.2712738 0.2468379 0.2468379 0.1596307 0.1310727 0.1104175 0.1072017 0.1072017 0.1107044 0.1107044 0.1270714 0.1270714 0.1490695 0.1957141 0.1957141 0.1998486 0.1998486 0.1980393 0.1980393 0.1980393 0.1933359 0.1933359 0.1888701 0.1888701 0.1858096 0.1858096 0.1796306 0.1796306 0.1760483 0.1760483
0.2565280 0.2565280 0.2480118 0.2412442 0.2389064 0.2389064 0.2369327 0.2336855 0.2336855 0.2334024 0.2334024 0.2804405 0.2851464 0.2899328 0.2947117 0.2947117 0.2978522 0.2977866 0.2977744 0.2978153 0.2978317 0.2976907 0.2972161 0.2961888 0.2943357 0.2913016 0.2865821 0.2793578 0.2679691 0.2475480 0.2475480 0.1808097 0.1525897 0.1270570 0.1212057 0.1212057 0.1201194 0.1201194 0.1313940 0.1313940 0.1454222 0.1896078 0.1896078 0.2008658 0.2008658 0.1983889 0.1983889 0.1983889 0.1933115 0.1933115 0.1887855 0.1887855 0.1851408 0.1851408 0.1799190 0.1799190 0.1761703 0.1761703
0.2561004 0.2561004 0.2478255 0.2412060 0.2388951 0.2388951 0.2369337 0.2336903 0.2336903 0.2328887 0.2328887 0.2800287 0.2840458 0.2880288 0.2918501 0.2918501 0.2932659 0.2927026 0.2922434 0.2918974 0.2915952 0.2912103 0.2905715 0.2894644 0.2876253 0.2847210 0.2803008 0.2736720 0.2634869 0.2458742 0.2458742 0.1938815 0.1680627 0.1423201 0.1361561 0.1361561 0.1338596 0.1338596 0.1408245 0.1408245 0.1485252 0.1805346 0.1805346 0.1989613 0.1989613 0.1981849 0.1981849 0.1981849 0.1931773 0.1931773 0.1885198 0.1885198 0.1846490 0.1846490 0.1799163 0.1799163 0.1761376 0.1761376
0.2557755 0.2557755 0.2476810 0.2411711 0.2388849 0.2388849 0.2369355 0.2336960 0.2336960 0.2324890 0.2324890 0.2794253 0.2828072 0.2860360 0.2889810 0.2889810 0.2885797 0.2874513 0.2865410 0.2858334 0.2852411 0.2846267 0.2838150 0.2825964 0.2807229 0.2778948 0.2737318 0.2676936 0.2587369 0.2436482 0.2436482 0.2019742 0.1797526 0.1569977 0.1520760 0.1520760 0.1503716 0.1503716 0.1533661 0.1533661 0.1563112 0.1738665 0.1738665 0.1933806 0.1933806 0.1969500 0.1969500 0.1969500 0.1925406 0.1925406 0.1879202 0.1879202 0.1839297 0.1839297 0.1796031 0.1796031 0.1759667 0.1759667
0.2555481 0.2555481 0.2475775 0.2411432 0.2388766 0.2388766 0.2369371 0.2337009 0.2337009 0.2321831 0.2321831 0.2787195 0.2814958 0.2840009 0.2860897 0.2860897 0.2835871 0.2817858 0.2803834 0.2793218 0.2784801 0.2776932 0.2767689 0.2754934 0.2736298 0.2709119 0.2670365 0.2616498 0.2540193 0.2413145 0.2413145 0.2077265 0.1896149 0.1724278 0.1695033 0.1695033 0.1680539 0.1680539 0.1666629 0.1666629 0.1660599 0.1717802 0.1717802 0.1862155 0.1862155 0.1940404 0.1940404 0.1940404 0.1910362 0.1910362 0.1868623 0.1868623 0.1829689 0.1829689 0.1790420 0.1790420 0.1756990 0.1756990
0.2554136 0.2554136 0.2475153 0.2411253 0.2388712 0.2388712 0.2369382 0.2337044 0.2337044 0.2319514 0.2319514 0.2779720 0.2801680 0.2819759 0.2831999 0.2831999 0.2781390 0.2755369 0.2735778 0.2721477 0.2710833 0.2701807 0.2692178 0.2679652 0.2661874 0.2636434 0.2601113 0.2555062 0.2494750 0.2394699 0.2394699 0.2128790 0.1996104 0.1896493 0.1882877 0.1882877 0.1851076 0.1851076 0.1790596 0.1790596 0.1758453 0.1735401 0.1735401 0.1803864 0.1803864 0.1895432 0.1895432 0.1895432 0.1884050 0.1884050 0.1851715 0.1851715 0.1816973 0.1816973 0.1782712 0.1782712 0.1753624 0.1753624
0.2553691 0.2553691 0.2474946 0.2411191 0.2388694 0.2388694 0.2369386 0.2337056 0.2337056 0.2317773 0.2317773 0.2772194 0.2788661 0.2800097 0.2803546 0.2803546 0.2720706 0.2685337 0.2659435 0.2641163 0.2628440 0.2618765 0.2609509 0.2598094 0.2582055 0.2559100 0.2527847 0.2492109 0.2453780 0.2388441 0.2388441 0.2192900 0.2117583 0.2084369 0.2070542 0.2070542 0.2000424 0.2000424 0.1898104 0.1898104 0.1847477 0.1774124 0.1774124 0.1773694 0.1773694 0.1843204 0.1843204 0.1843204 0.1847213 0.1847213 0.1827381 0.1827381 0.1800351 0.1800351 0.1772922 0.1772922 0.1749683 0.1749683
0.2554136 0.2554136 0.2475153 0.2411253 0.2388712 0.2388712 0.2369382 0.2337043 0.2337043 0.2316476 0.2316476 0.2764774 0.2776193 0.2781447 0.2776143 0.2776143 0.2651716 0.2605750 0.2572778 0.2550151 0.2535402 0.2525550 0.2517461 0.2508136 0.2494840 0.2475212 0.2448735 0.2428442 0.2424470 0.2406053 0.2406053 0.2289383 0.2274351 0.2269756 0.2238940 0.2238940 0.2122428 0.2122428 0.1987988 0.1987988 0.1924627 0.1820009 0.1820009 0.1769267 0.1769267 0.1794601 0.1794601 0.1794601 0.1804297 0.1804297 0.1796276 0.1796276 0.1779488 0.1779488 0.1760982 0.1760982 0.1745271 0.1745271
0.2555480 0.2555480 0.2475775 0.2411433 0.2388766 0.2388766 0.2369370 0.2337009 0.2337009 0.2315524 0.2315524 0.2757404 0.2764432 0.2764130 0.2750482 0.2750482 0.2571128 0.2513895 0.2473599 0.2446294 0.2429377 0.2419604 0.2413404 0.2407248 0.2397910 0.2382685 0.2362282 0.2368429 0.2421677 0.2461396 0.2461396 0.2431106 0.2461760 0.2431543 0.2377477 0.2377477 0.2218427 0.2218427 0.2061439 0.2061439 0.1989274 0.1864784 0.1864784 0.1780844 0.1780844 0.1756866 0.1756866 0.1756866 0.1761459 0.1761459 0.1761061 0.1761061 0.1755047 0.1755047 0.1747134 0.1747134 0.1740496 0.1740496
0.2557755 0.2557755 0.2476810 0.2411711 0.2388849 0.2388849 0.2369354 0.2336959 0.2336959 0.2314843 0.2314843 0.2749765 0.2753395 0.2748269 0.2726621 0.2726621 0.2475985 0.2406810 0.2357920 0.2325670 0.2306885 0.2297869 0.2294536 0.2292756 0.2288714 0.2279274 0.2268033 0.2325037 0.2467331 0.2571162 0.2571162 0.2616233 0.2649895 0.2565733 0.2492910 0.2492910 0.2292541 0.2292541 0.2119874 0.2119874 0.2041542 0.1904241 0.1904241 0.1799307 0.1799307 0.1731857 0.1731857 0.1731857 0.1723986 0.1723986 0.1725652 0.1725652 0.1728910 0.1728910 0.1732177 0.1732177 0.1735575 0.1735575
