simulation_files/asc/Depth____000298.asc
NCOLS        79
NROWS        79
XLLCENTER         -1.500000
YLLCENTER         -4.800000
CELLSIZE           0.100
NODATA_VALUE     -9999.0
[rows 0 to 25 of 79, columns 0 to 58 of 79]
-9999.000 -9999.000 -9999.000 -9999.000 -9999.000 -9999.000 -9999.000 -9999.000 -9999.000 -9999.000 -9999.000 -9999.000 -9999.000 -9999.000 -9999.000 0.7009966 0.7014384 0.7015355 0.7014256 0.7012196 0.7009681 0.7006897 0.7004047 0.7001283 0.6998636 0.6996171 0.6993856 0.6991370 0.6987626 0.6987194 0.6987194 -9999.000 -9999.000 -9999.000 -9999.000 -9999.000 -9999.000 -9999.000 -9999.000 -9999.000 -9999.000 -9999.000 -9999.000 -9999.000 -9999.000 -9999.000 -9999.000 -9999.000 -9999.000 -9999.000 -9999.000 -9999.000 -9999.000 -9999.000 -9999.000 -9999.000 -9999.000 -9999.000 -9999.000
-9999.000 -9999.000 -9999.000 -9999.000 -9999.000 -9999.000 -9999.000 -9999.000 -9999.000 -9999.000 -9999.000 -9999.000 -9999.000 -9999.000 -9999.000 0.7027646 0.7031782 0.7032574 0.7031661 0.7030004 0.7028021 0.7025856 0.7023669 0.7021576 0.7019594 0.7017772 0.7016073 0.7014211 0.7011216 0.7011623 0.7011623 -9999.000 -9999.000 -9999.000 -9999.000 -9999.000 -9999.000 -9999.000 -9999.000 -9999.000 -9999.000 -9999.000 -9999.000 -9999.000 -9999.000 -9999.000 -9999.000 -9999.000 -9999.000 -9999.000 -9999.000 -9999.000 -9999.000 -9999.000 -9999.000 -9999.000 -9999.000 -9999.000 -9999.000
-9999.000 -9999.000 -9999.000 -9999.000 -9999.000 -9999.000 -9999.000 -9999.000 -9999.000 -9999.000 -9999.000 -9999.000 -9999.000 -9999.000 -9999.000 0.7046790 0.7051254 0.7052137 0.7051282 0.7049682 0.7047768 0.7045686 0.7043595 0.7041609 0.7039736 0.7038015 0.7036400 0.7034576 0.7031513 0.7031880 0.7031880 -9999.000 -9999.000 -9999.000 -9999.000 -9999.000 -9999.000 -9999.000 -9999.000 -9999.000 -9999.000 -9999.000 -9999.000 -9999.000 -9999.000 -9999.000 -9999.000 -9999.000 -9999.000 -9999.000 -9999.000 -9999.000 -9999.000 -9999.000 -9999.000 -9999.000 -9999.000 -9999.000 -9999.000
-9999.000 -9999.000 -9999.000 -9999.000 -9999.000 -9999.000 -9999.000 -9999.000 -9999.000 -9999.000 -9999.000 -9999.000 -9999.000 -9999.000 -9999.000 0.7066443 0.7071106 0.7072031 0.7071176 0.7069570 0.7067655 0.7065573 0.7063490 0.7061517 0.7059658 0.7057950 0.7056339 0.7054486 0.7051293 0.7051444 0.7051444 -9999.000 -9999.000 -9999.000 -9999.000 -9999.000 -9999.000 -9999.000 -9999.000 -9999.000 -9999.000 -9999.000 -9999.000 -9999.000 -9999.000 -9999.000 -9999.000 -9999.000 -9999.000 -9999.000 -9999.000 -9999.000 -9999.000 -9999.000 -9999.000 -9999.000 -9999.000 -9999.000 -9999.000
-9999.000 -9999.000 -9999.000 -9999.000 -9999.000 -9999.000 -9999.000 -9999.000 -9999.000 -9999.000 -9999.000 -9999.000 -9999.000 -9999.000 -9999.000 0.7086304 0.7091112 0.7092054 0.7091168 0.7089524 0.7087573 0.7085452 0.7083334 0.7081333 0.7079443 0.7077708 0.7076063 0.7074143 0.7070770 0.7070561 0.7070561 -9999.000 -9999.000 -9999.000 -9999.000 -9999.000 -9999.000 -9999.000 -9999.000 -9999.000 -9999.000 -9999.000 -9999.000 -9999.000 -9999.000 -9999.000 -9999.000 -9999.000 -9999.000 -9999.000 -9999.000 -9999.000 -9999.000 -9999.000 -9999.000 -9999.000 -9999.000 -9999.000 -9999.000
-9999.000 -9999.000 -9999.000 -9999.000 -9999.000 -9999.000 -9999.000 -9999.000 -9999.000 -9999.000 -9999.000 -9999.000 -9999.000 -9999.000 -9999.000 0.7106236 0.7111162 0.7112103 0.7111170 0.7109473 0.7107469 0.7105290 0.7103118 0.7101067 0.7099127 0.7097343 0.7095643 0.7093632 0.7090032 0.7089320 0.7089320 -9999.000 -9999.000 -9999.000 -9999.000 -9999.000 -9999.000 -9999.000 -9999.000 -9999.000 -9999.000 -9999.000 -9999.000 -9999.000 -9999.000 -9999.000 -9999.000 -9999.000 -9999.000 -9999.000 -9999.000 -9999.000 -9999.000 -9999.000 -9999.000 -9999.000 -9999.000 -9999.000 -9999.000
-9999.000 -9999.000 -9999.000 -9999.000 -9999.000 -9999.000 -9999.000 -9999.000 -9999.000 -9999.000 -9999.000 -9999.000 -9999.000 -9999.000 -9999.000 0.7126175 0.7131203 0.7132131 0.7131138 0.7129378 0.7127312 0.7125067 0.7122831 0.7120721 0.7118719 0.7116874 0.7115106 0.7112982 0.7109107 0.7107726 0.7107726 -9999.000 -9999.000 -9999.000 -9999.000 -9999.000 -9999.000 -9999.000 -9999.000 -9999.000 -9999.000 -9999.000 -9999.000 -9999.000 -9999.000 -9999.000 -9999.000 -9999.000 -9999.000 -9999.000 -9999.000 -9999.000 -9999.000 -9999.000 -9999.000 -9999.000 -9999.000 -9999.000 -9999.000
-9999.000 -9999.000 -9999.000 -9999.000 -9999.000 -9999.000 -9999.000 -9999.000 -9999.000 -9999.000 -9999.000 -9999.000 -9999.000 -9999.000 -9999.000 0.7146085 0.7151206 0.7152110 0.7151046 0.7149217 0.7147084 0.7144766 0.7142461 0.7140287 0.7138215 0.7136302 0.7134457 0.7132200 0.7127994 0.7125731 0.7125731 -9999.000 -9999.000 -9999.000 -9999.000 -9999.000 -9999.000 -9999.000 -9999.000 -9999.000 -9999.000 -9999.000 -9999.000 -9999.000 -9999.000 -9999.000 -9999.000 -9999.000 -9999.000 -9999.000 -9999.000 -9999.000 -9999.000 -9999.000 -9999.000 -9999.000 -9999.000 -9999.000 -9999.000
-9999.000 -9999.000 -9999.000 -9999.000 -9999.000 -9999.000 -9999.000 -9999.000 -9999.000 -9999.000 -9999.000 -9999.000 -9999.000 -9999.000 -9999.000 0.7165943 0.7171152 0.7172020 0.7170874 0.7168970 0.7166768 0.7164371 0.7161993 0.7159751 0.7157604 0.7155617 0.7153684 0.7151273 0.7146672 0.7143244 0.7143244 -9999.000 -9999.000 -9999.000 -9999.000 -9999.000 -9999.000 -9999.000 -9999.000 -9999.000 -9999.000 -9999.000 -9999.000 -9999.000 -9999.000 -9999.000 -9999.000 -9999.000 -9999.000 -9999.000 -9999.000 -9999.000 -9999.000 -9999.000 -9999.000 -9999.000 -9999.000 -9999.000 -9999.000
-9999.000 -9999.000 -9999.000 -9999.000 -9999.000 -9999.000 -9999.000 -9999.000 -9999.000 -9999.000 -9999.000 -9999.000 -9999.000 -9999.000 -9999.000 0.7185731 0.7191026 0.7191844 0.7190604 0.7188619 0.7186344 0.7183865 0.7181412 0.7179099 0.7176870 0.7174803 0.7172772 0.7170179 0.7165105 0.7160124 0.7160124 -9999.000 -9999.000 -9999.000 -9999.000 -9999.000 -9999.000 -9999.000 -9999.000 -9999.000 -9999.000 -9999.000 -9999.000 -9999.000 -9999.000 -9999.000 -9999.000 -9999.000 -9999.000 -9999.000 -9999.000 -9999.000 -9999.000 -9999.000 -9999.000 -9999.000 -9999.000 -9999.000 -9999.000
-9999.000 -9999.000 -9999.000 -9999.000 -9999.000 -9999.000 -9999.000 -9999.000 -9999.000 -9999.000 -9999.000 -9999.000 -9999.000 -9999.000 -9999.000 0.7205426 0.7210805 0.7211560 0.7210212 0.7208140 0.7205790 0.7203224 0.7200692 0.7198305 0.7195988 0.7193833 0.7191691 0.7188884 0.7183239 0.7176160 0.7176160 -9999.000 -9999.000 -9999.000 -9999.000 -9999.000 -9999.000 -9999.000 -9999.000 -9999.000 -9999.000 -9999.000 -9999.000 -9999.000 -9999.000 -9999.000 -9999.000 -9999.000 -9999.000 -9999.000 -9999.000 -9999.000 -9999.000 -9999.000 -9999.000 -9999.000 -9999.000 -9999.000 -9999.000
-9999.000 -9999.000 -9999.000 -9999.000 -9999.000 -9999.000 -9999.000 -9999.000 -9999.000 -9999.000 -9999.000 -9999.000 -9999.000 -9999.000 -9999.000 0.7224998 0.7230468 0.7231144 0.7229672 0.7227505 0.7225075 0.7222418 0.7219803 0.7217339 0.7214924 0.7212674 0.7210405 0.7207339 0.7200997 0.7191033 0.7191033 -9999.000 -9999.000 -9999.000 -9999.000 -9999.000 -9999.000 -9999.000 -9999.000 -9999.000 -9999.000 -9999.000 -9999.000 -9999.000 -9999.000 -9999.000 -9999.000 -9999.000 -9999.000 -9999.000 -9999.000 -9999.000 -9999.000 -9999.000 -9999.000 -9999.000 -9999.000 -9999.000 -9999.000
-9999.000 -9999.000 -9999.000 -9999.000 -9999.000 -9999.000 -9999.000 -9999.000 -9999.000 -9999.000 -9999.000 -9999.000 -9999.000 -9999.000 -9999.000 0.7244405 0.7249976 0.7250556 0.7248944 0.7246675 0.7244162 0.7241405 0.7238703 0.7236155 0.7233632 0.7231273 0.7228854 0.7225472 0.7218269 0.7204246 0.7204246 -9999.000 -9999.000 -9999.000 -9999.000 -9999.000 -9999.000 -9999.000 -9999.000 -9999.000 -9999.000 -9999.000 -9999.000 -9999.000 -9999.000 -9999.000 -9999.000 -9999.000 -9999.000 -9999.000 -9999.000 -9999.000 -9999.000 -9999.000 -9999.000 -9999.000 -9999.000 -9999.000 -9999.000
-9999.000 -9999.000 -9999.000 -9999.000 -9999.000 -9999.000 -9999.000 -9999.000 -9999.000 -9999.000 -9999.000 -9999.000 -9999.000 -9999.000 -9999.000 0.7262903 0.7268842 0.7269602 0.7268050 0.7265713 0.7263128 0.7260263 0.7257457 0.7254802 0.7252137 0.7249635 0.7247021 0.7243232 0.7234936 0.7215086 0.7215086 -9999.000 -9999.000 -9999.000 -9999.000 -9999.000 -9999.000 -9999.000 -9999.000 -9999.000 -9999.000 -9999.000 -9999.000 -9999.000 -9999.000 -9999.000 -9999.000 -9999.000 -9999.000 -9999.000 -9999.000 -9999.000 -9999.000 -9999.000 -9999.000 -9999.000 -9999.000 -9999.000 -9999.000
-9999.000 -9999.000 -9999.000 -9999.000 -9999.000 -9999.000 -9999.000 -9999.000 -9999.000 -9999.000 -9999.000 -9999.000 -9999.000 -9999.000 -9999.000 0.7208646 0.7266167 0.7294692 0.7303764 0.7299984 0.7295527 0.7290533 0.7285579 0.7280900 0.7276356 0.7272198 0.7268066 0.7262549 0.7251217 0.7215626 0.7215626 -9999.000 -9999.000 -9999.000 -9999.000 -9999.000 -9999.000 -9999.000 -9999.000 -9999.000 -9999.000 -9999.000 -9999.000 -9999.000 -9999.000 -9999.000 -9999.000 -9999.000 -9999.000 -9999.000 -9999.000 -9999.000 -9999.000 -9999.000 -9999.000 -9999.000 -9999.000 -9999.000 -9999.000
0.8021842 0.8021842 0.8018248 0.7899900 0.7820224 0.7820224 0.7786394 0.7734831 0.7734831 0.7692825 0.7692825 0.7657565 0.7641863 0.7627178 0.7612829 0.7612829 0.7320817 0.7307863 0.7293073 0.7300133 0.7312758 0.7329203 0.7351581 0.7378207 0.7403994 0.7429103 0.7448151 0.7446089 0.7380824 0.7088118 0.7088118 0.4987924 0.4621599 0.4402249 0.4328538 0.4328538 0.4212520 0.4212520 0.4233882 0.4233882 0.4341585 0.4824734 0.4824734 0.5847617 0.5847617 0.6375653 0.6375653 0.6375653 0.6381145 0.6381145 0.6279032 0.6279032 0.6138175 0.6138175 0.5991151 0.5991151 0.5855796 0.5855796 0.5855796
0.7992966 0.7992966 0.8001019 0.7880468 0.7812362 0.7812362 0.7776554 0.7724122 0.7724122 0.7682182 0.7682182 0.7647092 0.7631478 0.7616876 0.7602614 0.7602614 0.7349916 0.7296777 0.7247831 0.7211178 0.7182307 0.7161038 0.7149294 0.7147460 0.7153901 0.7168403 0.7188430 0.7207050 0.7206486 0.7096369 0.7096369 0.5674460 0.5129645 0.4590526 0.4438861 0.4438861 0.4263520 0.4263520 0.4276340 0.4276340 0.4377494 0.4801140 0.4801140 0.5591724 0.5591724 0.6339497 0.6339497 0.6339497 0.6375738 0.6375738 0.6281016 0.6281016 0.6142222 0.6142222 0.5996742 0.5996742 0.5861992 0.5861992 0.5861992
0.7979993 0.7979993 0.7996253 0.7876542 0.7815069 0.7815069 0.7777791 0.7723898 0.7723898 0.7681689 0.7681689 0.7646561 0.7630934 0.7616316 0.7601966 0.7601966 0.7371865 0.7284371 0.7202353 0.7131785 0.7072369 0.7023990 0.6987609 0.6963634 0.6951183 0.6949922 0.6958284 0.6971318 0.6975274 0.6908618 0.6908618 0.6009408 0.5448188 0.4772321 0.4568845 0.4568845 0.4358619 0.4358619 0.4410700 0.4410700 0.4534349 0.4927219 0.4927219 0.5508699 0.5508699 0.6255222 0.6255222 0.6255222 0.6340408 0.6340408 0.6267365 0.6267365 0.6136709 0.6136709 0.5994515 0.5994515 0.5861658 0.5861658 0.5861658
0.7972627 0.7972627 0.7995752 0.7875290 0.7818016 0.7818016 0.7779589 0.7724075 0.7724075 0.7681566 0.7681566 0.7646458 0.7630851 0.7616249 0.7601779 0.7601779 0.7384904 0.7267735 0.7154018 0.7051585 0.6963016 0.6889088 0.6830414 0.6787114 0.6758353 0.6743343 0.6740635 0.6746456 0.6750424 0.6708232 0.6708232 0.6140046 0.5644673 0.4947314 0.4726784 0.4726784 0.4537779 0.4537779 0.4666432 0.4666432 0.4809874 0.5133451 0.5133451 0.5497847 0.5497847 0.6119030 0.6119030 0.6119030 0.6255250 0.6255250 0.6221545 0.6221545 0.6111362 0.6111362 0.5979651 0.5979651 0.5853641 0.5853641 0.5853641
0.7971014 0.7971014 0.7986763 0.7875140 0.7820609 0.7820609 0.7781325 0.7724263 0.7724263 0.7681426 0.7681426 0.7646351 0.7630777 0.7616198 0.7601534 0.7601534 0.7385297 0.7241675 0.7098361 0.6965889 0.6848975 0.6749532 0.6668402 0.6605732 0.6560819 0.6532643 0.6519656 0.6518670 0.6521680 0.6497082 0.6497082 0.6138335 0.5735224 0.5097736 0.4905439 0.4905439 0.4824967 0.4824967 0.5040795 0.5040795 0.5172147 0.5367099 0.5367099 0.5527472 0.5527472 0.5960413 0.5960413 0.5960413 0.6127211 0.6127211 0.6141592 0.6141592 0.6064566 0.6064566 0.5952591 0.5952591 0.5839734 0.5839734 0.5839734
0.7976470 0.7976470 0.7971847 0.7875292 0.7822553 0.7822553 0.7782712 0.7724471 0.7724471 0.7681382 0.7681382 0.7646316 0.7630754 0.7616184 0.7601216 0.7601216 0.7370192 0.7201371 0.7030451 0.6870130 0.6726516 0.6602420 0.6499090 0.6416867 0.6355293 0.6313396 0.6289684 0.6281427 0.6282402 0.6270352 0.6270352 0.6048635 0.5742602 0.5237253 0.5130925 0.5130925 0.5239615 0.5239615 0.5482590 0.5482590 0.5554122 0.5584520 0.5584520 0.5578538 0.5578538 0.5812662 0.5812662 0.5812662 0.5976258 0.5976258 0.6032291 0.6032291 0.5995838 0.5995838 0.5912530 0.5912530 0.5819931 0.5819931 0.5819931
0.7977831 0.7977831 0.7964654 0.7875412 0.7823743 0.7823743 0.7783597 0.7724595 0.7724595 0.7681327 0.7681327 0.7646274 0.7630726 0.7616166 0.7600762 0.7600762 0.7336704 0.7142015 0.6944867 0.6758938 0.6590894 0.6443988 0.6319733 0.6218647 0.6140502 0.6084529 0.6049429 0.6032953 0.6030380 0.6026623 0.6026623 0.5897665 0.5689691 0.5413029 0.5462105 0.5462105 0.5761890 0.5761890 0.5908043 0.5908043 0.5888992 0.5766004 0.5766004 0.5640565 0.5640565 0.5696776 0.5696776 0.5696776 0.5824715 0.5824715 0.5903718 0.5903718 0.5907105 0.5907105 0.5858930 0.5858930 0.5793686 0.5793686 0.5793686
0.7978256 0.7978256 0.7962328 0.7875437 0.7824134 0.7824134 0.7783898 0.7724641 0.7724641 0.7681307 0.7681307 0.7646260 0.7630715 0.7616161 0.7600133 0.7600133 0.7281082 0.7058244 0.6835505 0.6626074 0.6436293 0.6269252 0.6126395 0.6008238 0.5914663 0.5845088 0.5798482 0.5773092 0.5765592 0.5767133 0.5767133 0.5705888 0.5607114 0.5709021 0.5956107 0.5956107 0.6303166 0.6303166 0.6249084 0.6249084 0.6145942 0.5912336 0.5912336 0.5707853 0.5707853 0.5619051 0.5619051 0.5619051 0.5690112 0.5690112 0.5768779 0.5768779 0.5803370 0.5803370 0.5792696 0.5792696 0.5760806 0.5760806 0.5760806
0.7977831 0.7977831 0.7964652 0.7875412 0.7823743 0.7823743 0.7783597 0.7724595 0.7724595 0.7681327 0.7681327 0.7646274 0.7630725 0.7616166 0.7599266 0.7599266 0.7197835 0.6943306 0.6695009 0.6464141 0.6255717 0.6071993 0.5913877 0.5781581 0.5674896 0.5593313 0.5536030 0.5501789 0.5488789 0.5495572 0.5495572 0.5497780 0.5553259 0.6211173 0.6587926 0.6587926 0.6745951 0.6745951 0.6490054 0.6490054 0.6332506 0.6032280 0.6032280 0.5776509 0.5776509 0.5575641 0.5575641 0.5575641 0.5582129 0.5582129 0.5640132 0.5640132 0.5692331 0.5692331 0.5716822 0.5716822 0.5722036 0.5722036 0.5722036
0.7976471 0.7976471 0.7971845 0.7875293 0.7822552 0.7822552 0.7782712 0.7724471 0.7724471 0.7681382 0.7681382 0.7646317 0.7630753 0.7616184 0.7598063 0.7598063 0.7078476 0.6787879 0.6513916 0.6263997 0.6040682 0.5844611 0.5675634 0.5533301 0.5417054 0.5326289 0.5260326 0.5218387 0.5201064 0.5221003 0.5221003 0.5321846 0.5648338 0.6900588 0.7201697 0.7201697 0.7034830 0.7034830 0.6654927 0.6654927 0.6469908 0.6132430 0.6132430 0.5842394 0.5842394 0.5557877 0.5557877 0.5557877 0.5502875 0.5502875 0.5527534 0.5527534 0.5583087 0.5583087 0.5636448 0.5636448 0.5679414 0.5679414 0.5679414
0.7971015 0.7971015 0.7986763 0.7875142 0.7820606 0.7820606 0.7781324 0.7724262 0.7724262 0.7681426 0.7681426 0.7646353 0.7630775 0.7616197 0.7596388 0.7596388 0.6909312 0.6578211 0.6279234 0.6013765 0.5780544 0.5577728 0.5403552 0.5256547 0.5135560 0.5039721 0.4968336 0.4921263 0.4905071 0.4971727 0.4971727 0.5297679 0.6071950 0.7573060 0.7614110 0.7614110 0.7201790 0.7201790 0.6771349 0.6771349 0.6574187 0.6215376 0.6215376 0.5901632 0.5901632 0.5556576 0.5556576 0.5556576 0.5449435 0.5449435 0.5436653 0.5436653 0.5484582 0.5484582 0.5558389 0.5558389 0.5636414 0.5636414 0.5636414
