simulation_files/asc/Depth____620.0.asc
NCOLS       216
NROWS       273
XLLCENTER        494.688995
YLLCENTER        787.867981
CELLSIZE           0.500
NODATA_VALUE     -9999.0
[rows 162 to 188 of 273, columns 118 to 176 of 216]
2.001666 2.677764 2.875184 2.911729 2.922240 2.930609 2.707057 2.134326 1.590802 0.6892922 0.1560484 0.8257916E-01 0.1134551 0.1570728 0.1386596 0.1268249 0.1517995 0.1653796 0.1878448 0.1948822 0.1900046 0.1496208 0.1039791 0.1111086 0.1401715 0.1459548 0.1101744 0.7137905E-01 -9999.000 -9999.000 -9999.000 -9999.000 -9999.000 -9999.000 -9999.000 -9999.000 -9999.000 -9999.000 -9999.000 -9999.000 -9999.000 -9999.000 -9999.000 -9999.000 -9999.000 -9999.000 -9999.000 -9999.000 -9999.000 -9999.000 -9999.000 -9999.000 -9999.000 -9999.000 -9999.000 -9999.000 -9999.000 -9999.000 -9999.000
1.662760 2.584237 2.867274 2.900084 2.900643 2.491623 1.778906 1.067713 0.5834411 0.1803708 0.1397327 0.1227361 0.1296792 0.1224156 0.1373573 0.1490073 0.1539255 0.1533008 0.1873906 0.2114310 0.2139900 0.1572468 0.1144823 0.1221111 0.1600336 0.1738921 0.1505487 0.1050210 0.4625196E-01 -9999.000 -9999.000 -9999.000 -9999.000 -9999.000 -9999.000 -9999.000 -9999.000 -9999.000 -9999.000 -9999.000 -9999.000 -9999.000 -9999.000 -9999.000 -9999.000 -9999.000 -9999.000 -9999.000 -9999.000 -9999.000 -9999.000 -9999.000 -9999.000 -9999.000 -9999.000 -9999.000 -9999.000 -9999.000 -9999.000
1.264145 2.292933 2.746565 2.887025 2.463740 1.538953 -9999.000 0.1703310 0.1329576 0.1070311 0.1216216 0.1084485 0.1023103 0.9082591E-01 0.1162273 0.1422784 0.1388253 0.1403877 0.1640128 0.1971536 0.2034541 0.1391606 0.1051908 0.1236586 0.1670600 0.1743130 0.1389541 0.1070419 0.4761276E-01 -9999.000 -9999.000 -9999.000 -9999.000 -9999.000 -9999.000 -9999.000 -9999.000 -9999.000 -9999.000 -9999.000 -9999.000 -9999.000 -9999.000 -9999.000 -9999.000 -9999.000 -9999.000 -9999.000 -9999.000 -9999.000 -9999.000 -9999.000 -9999.000 -9999.000 -9999.000 -9999.000 -9999.000 -9999.000 -9999.000
-9999.000 1.487932 2.306351 2.404333 1.483826 0.4849937 0.1212959 0.1350961 0.1090489 0.7784521E-01 0.6697751E-01 0.6819312E-01 0.8262080E-01 0.8212082E-01 0.1071045 0.1377361 0.1454173 0.1642557 0.1885288 0.2148894 0.1713881 0.1134897 0.9634469E-01 0.1138371 0.1561844 0.1556564 0.1413348 0.1057553 0.5936667E-01 0.2308675E-01 -9999.000 -9999.000 -9999.000 -9999.000 -9999.000 -9999.000 -9999.000 -9999.000 -9999.000 -9999.000 -9999.000 -9999.000 -9999.000 -9999.000 -9999.000 -9999.000 -9999.000 -9999.000 -9999.000 -9999.000 -9999.000 -9999.000 -9999.000 -9999.000 -9999.000 -9999.000 -9999.000 -9999.000 -9999.000
-9999.000 0.6678569 1.364737 1.160735 0.4604092 0.1331702 0.1584016 0.1407374 0.1278107 0.9535254E-01 0.5934148E-01 0.5485472E-01 0.6716774E-01 0.6695251E-01 0.1116942 0.1664329 0.1978489 0.2230493 0.2456357 0.2143724 0.1324094 0.1251466 0.1226143 0.1320183 0.1548487 0.1659527 0.1550638 0.1294706 0.9853795E-01 0.5643510E-01 -9999.000 -9999.000 0.1836429E-01 -9999.000 -9999.000 -9999.000 -9999.000 -9999.000 -9999.000 -9999.000 -9999.000 -9999.000 -9999.000 -9999.000 -9999.000 -9999.000 -9999.000 -9999.000 -9999.000 -9999.000 -9999.000 -9999.000 -9999.000 -9999.000 -9999.000 -9999.000 -9999.000 -9999.000 -9999.000
-9999.000 -9999.000 -9999.000 0.2480650 0.1473973 0.1906724 0.1650006 0.1568918 0.1606294 0.1316838 0.1034766 0.8910112E-01 0.7756444E-01 0.7469449E-01 0.1319862 0.2106224 0.2271824 0.2377470 0.2385606 0.1642640 0.9361592E-01 0.1348410 0.1447705 0.1590562 0.1655672 0.1338964 0.1269587 0.1257805 0.1138582 0.7839858E-01 -9999.000 -9999.000 -9999.000 -9999.000 -9999.000 -9999.000 -9999.000 -9999.000 -9999.000 -9999.000 -9999.000 -9999.000 -9999.000 -9999.000 -9999.000 -9999.000 -9999.000 -9999.000 -9999.000 -9999.000 -9999.000 -9999.000 -9999.000 -9999.000 -9999.000 -9999.000 -9999.000 -9999.000 -9999.000
-9999.000 -9999.000 -9999.000 0.8189603E-01 0.1837473 0.1898602 0.1898504 0.1959722 0.2008255 0.1827155 0.1663274 0.1496033 0.1200508 0.1078928 0.1367909 0.1832755 0.1947006 0.1948425 0.1627356 0.1369634 0.9674447E-01 0.1269075 0.1480927 0.1659152 0.1616441 0.1080502 0.8873822E-01 0.1116846 0.1220599 0.1009482 0.5006813E-01 0.1953818E-01 -9999.000 -9999.000 -9999.000 -9999.000 -9999.000 -9999.000 -9999.000 -9999.000 -9999.000 -9999.000 -9999.000 -9999.000 -9999.000 -9999.000 -9999.000 -9999.000 -9999.000 -9999.000 -9999.000 -9999.000 -9999.000 -9999.000 -9999.000 -9999.000 -9999.000 -9999.000 -9999.000
-9999.000 -9999.000 -9999.000 0.7203174E-01 0.1083130 0.1446390 0.1955546 0.2214944 0.2048903 0.1816183 0.1687123 0.1734261 0.1483528 0.1160715 0.1051723 0.8807752E-01 0.1233143 0.1138229 0.1286347 0.1690837 0.1378779 0.1551569 0.1846754 0.2117193 0.2036771 0.1429639 0.1047848 0.1126789 0.1271899 0.1230721 0.7900876E-01 0.4036447E-01 0.3466966E-01 -9999.000 -9999.000 -9999.000 -9999.000 -9999.000 -9999.000 -9999.000 -9999.000 -9999.000 -9999.000 -9999.000 -9999.000 -9999.000 -9999.000 -9999.000 -9999.000 -9999.000 -9999.000 -9999.000 -9999.000 -9999.000 -9999.000 -9999.000 -9999.000 -9999.000 -9999.000
-9999.000 -9999.000 -9999.000 0.2518684E-01 0.6971575E-01 0.1257082 0.1884943 0.2054367 0.1991845 0.1823206 0.1597841 0.1365177 0.1064891 0.8600648E-01 0.9124282E-01 0.1152761 0.1307997 0.1134982 0.1290744 0.1499595 0.1355455 0.1691674 0.2348867 0.2750690 0.2586796 0.1826783 0.1220236 0.1232554 0.1372580 0.1495482 0.1087867 0.7054175E-01 0.5755370E-01 0.4826147E-01 -9999.000 -9999.000 -9999.000 -9999.000 -9999.000 -9999.000 -9999.000 -9999.000 -9999.000 -9999.000 -9999.000 -9999.000 -9999.000 -9999.000 -9999.000 -9999.000 -9999.000 -9999.000 -9999.000 -9999.000 -9999.000 -9999.000 -9999.000 -9999.000 -9999.000
-9999.000 -9999.000 -9999.000 -9999.000 -9999.000 0.8949714E-01 0.1311160 0.1691925 0.1991013 0.2190711 0.1601133 0.8560742E-01 0.5087269E-01 0.4518914E-01 0.8479006E-01 0.1511051 0.1880494 0.2035715 0.1508327 0.8877941E-01 0.7568080E-01 0.1450185 0.2529818 0.2910851 0.2469107 0.1740825 0.1374482 0.1568095 0.1809586 0.1875186 0.1372499 0.1068083 0.1093922 0.8940278E-01 0.6983545E-01 0.6130394E-01 -9999.000 0.2326544E-01 -9999.000 -9999.000 -9999.000 -9999.000 -9999.000 -9999.000 -9999.000 -9999.000 -9999.000 -9999.000 -9999.000 -9999.000 -9999.000 -9999.000 -9999.000 -9999.000 -9999.000 -9999.000 -9999.000 -9999.000 -9999.000
-9999.000 -9999.000 -9999.000 -9999.000 -9999.000 0.5017049E-01 0.6529596E-01 0.1210057 0.1815442 0.2055952 0.1698135 0.1020793 0.6927239E-01 0.7094605E-01 0.1052083 0.1660672 0.2006480 0.2322002 0.1937128 0.1163237 0.9612076E-01 0.1583295 0.2424274 0.2567509 0.2195232 0.1583295 0.1353513 0.1438591 0.1773575 0.1990970 0.1614104 0.1509477 0.1644101 0.1543464 0.1045224 0.8582257E-01 0.7890388E-01 0.5347569E-01 -9999.000 -9999.000 -9999.000 -9999.000 -9999.000 -9999.000 -9999.000 -9999.000 -9999.000 -9999.000 -9999.000 -9999.000 -9999.000 -9999.000 -9999.000 -9999.000 -9999.000 -9999.000 -9999.000 -9999.000 -9999.000
-9999.000 -9999.000 -9999.000 -9999.000 -9999.000 0.3945554E-01 0.7121233E-01 0.1152743 0.1621597 0.1828216 0.1882745 0.1575252 0.1134442 0.1104492 0.1373813 0.1692855 0.1945402 0.2411181 0.2475309 0.2095902 0.1963367 0.1995343 0.2092441 0.2209860 0.1606908 0.1288458 0.1112122 0.1033996 0.1251322 0.1667979 0.1523701 0.1565433 0.1759203 0.1690480 0.1385827 0.1105204 0.1114790 0.1023605 0.5599217E-01 -9999.000 -9999.000 -9999.000 -9999.000 -9999.000 -9999.000 -9999.000 -9999.000 -9999.000 -9999.000 -9999.000 -9999.000 -9999.000 -9999.000 -9999.000 -9999.000 -9999.000 -9999.000 -9999.000 -9999.000
-9999.000 -9999.000 -9999.000 -9999.000 -9999.000 -9999.000 0.1009748 0.1097540 0.1402564 0.1813224 0.2096603 0.1897076 0.1409632 0.1078598 0.1163015 0.1380973 0.1736930 0.2361445 0.2582946 0.2583875 0.2716647 0.2106602 0.1698159 0.1534344 0.1313719 0.1117505 0.9698279E-01 0.1011034 0.1240036 0.1535995 0.1367745 0.1246808 0.1357232 0.1491067 0.1333381 0.1066450 0.1168863 0.1140571 0.7174010E-01 0.3266755E-01 -9999.000 -9999.000 -9999.000 -9999.000 -9999.000 -9999.000 -9999.000 -9999.000 -9999.000 -9999.000 -9999.000 -9999.000 -9999.000 -9999.000 -9999.000 -9999.000 -9999.000 -9999.000 -9999.000
-9999.000 -9999.000 -9999.000 -9999.000 -9999.000 -9999.000 -9999.000 0.5928977E-01 0.9675124E-01 0.1727655 0.2210105 0.2004799 0.1458369 0.8175665E-01 0.6293584E-01 0.7199824E-01 0.1240189 0.2192284 0.2295666 0.2118457 0.1858478 0.1434553 0.1317602 0.1702114 0.1989731 0.1378523 0.1145111 0.1290115 0.1483635 0.1716391 0.1633654 0.1342340 0.1258812 0.1395239 0.1182774 0.7184017E-01 0.7336729E-01 0.1036804 0.9560153E-01 0.7648789E-01 -9999.000 -9999.000 -9999.000 -9999.000 -9999.000 -9999.000 -9999.000 -9999.000 -9999.000 -9999.000 -9999.000 -9999.000 -9999.000 -9999.000 -9999.000 -9999.000 -9999.000 -9999.000 -9999.000
-9999.000 -9999.000 -9999.000 -9999.000 -9999.000 -9999.000 -9999.000 -9999.000 0.5150463E-01 0.1294463 0.1861924 0.1837687 0.1226087 0.5213245E-01 0.2822131E-01 0.3238248E-01 0.7667824E-01 0.1533149 0.1501077 0.1218247 0.9587572E-01 0.1023040 0.1303024 0.2095389 0.2437641 0.1903032 0.1780103 0.1908042 0.1991250 0.2109694 0.2247153 0.2228960 0.1721881 0.1382223 0.8450063E-01 0.3618476E-01 0.6861691E-01 0.1163147 0.1288922 0.9196840E-01 -9999.000 -9999.000 -9999.000 -9999.000 -9999.000 -9999.000 -9999.000 -9999.000 -9999.000 -9999.000 -9999.000 -9999.000 -9999.000 -9999.000 -9999.000 -9999.000 -9999.000 -9999.000 -9999.000
-9999.000 -9999.000 -9999.000 -9999.000 -9999.000 -9999.000 -9999.000 -9999.000 0.2429432E-01 0.7494426E-01 0.1408413 0.1595791 0.1240475 0.5339384E-01 0.2360657E-01 -9999.000 -9999.000 0.7330861E-01 0.9026486E-01 0.9243898E-01 0.1159517 0.1177983 0.1259870 0.2015496 0.2458880 0.2292775 0.2219813 0.2247340 0.2025889 0.1969306 0.2477394 0.2546752 0.2261167 0.1582536 0.6948953E-01 0.5839130E-01 0.1045090 0.1221997 0.1118891 0.8716584E-01 0.4439542E-01 -9999.000 -9999.000 -9999.000 -9999.000 -9999.000 -9999.000 -9999.000 -9999.000 -9999.000 -9999.000 -9999.000 -9999.000 -9999.000 -9999.000 -9999.000 -9999.000 -9999.000 -9999.000
-9999.000 -9999.000 -9999.000 -9999.000 -9999.000 -9999.000 -9999.000 -9999.000 -9999.000 0.6235684E-01 0.1349680 0.1603425 0.1442440 0.9204028E-01 0.4260176E-01 0.2300623E-01 0.1510305E-01 0.3713467E-01 0.5638246E-01 0.7701388E-01 0.1132104 0.1481999 0.1500091 0.1918870 0.2442272 0.2352878 0.2127329 0.1822817 0.1121214 0.1173549 0.1964236 0.2161647 0.2144339 0.1657271 0.1158947 0.1266659 0.1371695 0.1273971 0.1116058 0.1204850 0.9558762E-01 -9999.000 -9999.000 -9999.000 -9999.000 -9999.000 -9999.000 -9999.000 -9999.000 -9999.000 -9999.000 -9999.000 -9999.000 -9999.000 -9999.000 -9999.000 -9999.000 -9999.000 -9999.000
-9999.000 -9999.000 -9999.000 -9999.000 -9999.000 -9999.000 -9999.000 -9999.000 -9999.000 -9999.000 0.9844022E-01 0.1320492 0.1464037 0.1220929 0.8053823E-01 0.3708639E-01 0.1745425E-01 0.1942930E-01 0.3570424E-01 0.5819099E-01 0.1043548 0.1653611 0.1741043 0.1876395 0.2396730 0.2138919 0.1667959 0.1072096 0.1048814 0.1300192 0.1489170 0.1551842 0.1634610 0.1408547 0.1386116 0.1698766 0.1647724 0.1416620 0.1516787 0.1685378 0.1293059 -9999.000 -9999.000 -9999.000 -9999.000 -9999.000 -9999.000 -9999.000 -9999.000 -9999.000 -9999.000 -9999.000 -9999.000 -9999.000 -9999.000 -9999.000 -9999.000 -9999.000 -9999.000
-9999.000 -9999.000 -9999.000 -9999.000 -9999.000 -9999.000 -9999.000 -9999.000 -9999.000 -9999.000 0.6453920E-01 0.1087391 0.1429658 0.1553028 0.1131654 0.5847040E-01 0.2450195E-01 0.1704460E-01 0.2899196E-01 0.4766366E-01 0.8367421E-01 0.1340253 0.1454264 0.1786162 0.2089636 0.1734070 0.1110636 0.7879589E-01 0.1349599 0.1799626 0.1682960 0.1413409 0.1419913 0.1264802 0.1333337 0.1808942 0.1717791 0.1444499 0.1621926 0.1959779 0.1565262 0.9018693E-01 -9999.000 -9999.000 -9999.000 -9999.000 -9999.000 -9999.000 -9999.000 -9999.000 -9999.000 -9999.000 -9999.000 -9999.000 -9999.000 -9999.000 -9999.000 -9999.000 -9999.000
-9999.000 -9999.000 -9999.000 -9999.000 -9999.000 -9999.000 -9999.000 -9999.000 -9999.000 -9999.000 -9999.000 0.5921777E-01 0.1149890 0.1583075 0.1431682 0.9051456E-01 -9999.000 -9999.000 -9999.000 -9999.000 0.4981327E-01 0.8969388E-01 0.1034045 0.1383418 0.1769330 0.1509124 0.1396455 0.1392713 0.1819756 0.2113343 0.2160936 0.1814383 0.1887439 0.1861472 0.1890433 0.2123489 0.1893775 0.1736922 0.1849862 0.2075496 0.1852119 0.1131530 0.6597958E-01 -9999.000 -9999.000 -9999.000 -9999.000 -9999.000 -9999.000 -9999.000 -9999.000 -9999.000 -9999.000 -9999.000 -9999.000 -9999.000 -9999.000 -9999.000 -9999.000
-9999.000 -9999.000 -9999.000 -9999.000 -9999.000 -9999.000 -9999.000 -9999.000 -9999.000 -9999.000 -9999.000 -9999.000 0.6645203E-01 0.1281406 0.1396235 0.1060123 0.4592280E-01 -9999.000 -9999.000 -9999.000 0.2991695E-01 0.4376618E-01 0.4030037E-01 0.7496354E-01 0.1673545 0.1879761 0.1887826 0.2212074 0.2226124 0.2019195 0.2239008 0.2581047 0.2814039 0.3032086 0.2783158 0.2413298 0.2198017 0.2244389 0.2282819 0.2354574 0.2093357 0.1557469 0.1023266 -9999.000 -9999.000 -9999.000 -9999.000 -9999.000 -9999.000 -9999.000 -9999.000 -9999.000 -9999.000 -9999.000 -9999.000 -9999.000 -9999.000 -9999.000 -9999.000
-9999.000 -9999.000 -9999.000 -9999.000 -9999.000 -9999.000 -9999.000 -9999.000 -9999.000 -9999.000 -9999.000 -9999.000 0.5536621E-01 0.1261376 0.1528672 0.1277082 0.7937679E-01 -9999.000 -9999.000 -9999.000 0.2784947E-01 0.3402988E-01 0.2169605E-01 0.5638068E-01 0.1348729 0.1641874 0.1828594 0.2404753 0.2583108 0.2162230 0.2254591 0.2888053 0.3113000 0.3208312 0.3087729 0.2632220 0.2432637 0.2373434 0.2453033 0.2510421 0.2371126 0.2150990 0.1456036 0.5439810E-01 -9999.000 -9999.000 -9999.000 -9999.000 -9999.000 -9999.000 -9999.000 -9999.000 -9999.000 -9999.000 -9999.000 -9999.000 -9999.000 -9999.000 -9999.000
-9999.000 -9999.000 -9999.000 -9999.000 -9999.000 -9999.000 -9999.000 -9999.000 -9999.000 -9999.000 -9999.000 -9999.000 0.5739273E-01 0.1339580 0.1624250 0.1544046 0.1181571 0.6131780E-01 0.2748368E-01 0.2398345E-01 0.3086996E-01 0.2774865E-01 0.2137054E-01 0.4905436E-01 0.8620473E-01 0.9445712E-01 0.1205522 0.1950953 0.2461058 0.2365091 0.2538839 0.2965678 0.2839485 0.2711386 0.2732308 0.2638482 0.2277445 0.2252787 0.2271963 0.2417947 0.2478535 0.2320125 0.1804498 0.9255686E-01 -9999.000 -9999.000 -9999.000 -9999.000 -9999.000 -9999.000 -9999.000 -9999.000 -9999.000 -9999.000 -9999.000 -9999.000 -9999.000 -9999.000 -9999.000
-9999.000 -9999.000 -9999.000 -9999.000 -9999.000 -9999.000 -9999.000 -9999.000 -9999.000 -9999.000 -9999.000 -9999.000 0.5156175E-01 0.1142758 0.1617695 0.1674585 0.1496134 0.9837589E-01 0.4124201E-01 0.3210545E-01 0.3283566E-01 0.3728199E-01 0.4697771E-01 0.6204906E-01 0.6484942E-01 0.5107843E-01 0.7653530E-01 0.1324659 0.1855429 0.2107415 0.2771590 0.2688859 0.2080640 0.2083111 0.2251821 0.1723107 0.1429330 0.1221556 0.1427289 0.1696959 0.1979848 0.2046985 0.1763259 0.1120517 0.8566889E-01 -9999.000 -9999.000 -9999.000 -9999.000 -9999.000 -9999.000 -9999.000 -9999.000 -9999.000 -9999.000 -9999.000 -9999.000 -9999.000 -9999.000
-9999.000 -9999.000 -9999.000 -9999.000 -9999.000 -9999.000 -9999.000 -9999.000 -9999.000 -9999.000 -9999.000 -9999.000 -9999.000 0.8471573E-01 0.1484541 0.1671102 0.1588598 0.1142146 0.6396934E-01 0.3131463E-01 0.2882517E-01 0.3612497E-01 0.5189763E-01 0.6016619E-01 0.4666625E-01 0.6006293E-01 0.1031751 0.1409792 0.1737166 0.2064710 0.2302750 0.1883375 0.1502161 0.2291072 0.2559253 0.2001291 0.1331156 0.1124624 0.1265590 0.1343599 0.1525544 0.1719770 0.1663894 0.1352652 0.9743858E-01 0.6060170E-01 -9999.000 -9999.000 -9999.000 -9999.000 -9999.000 -9999.000 -9999.000 -9999.000 -9999.000 -9999.000 -9999.000 -9999.000 -9999.000
-9999.000 -9999.000 -9999.000 -9999.000 -9999.000 -9999.000 -9999.000 -9999.000 -9999.000 -9999.000 -9999.000 -9999.000 -9999.000 0.8237687E-01 0.1288590 0.1376514 0.1521497 0.1271040 0.6280462E-01 0.2634705E-01 -9999.000 -9999.000 -9999.000 0.3404276E-01 0.4504690E-01 0.7388326E-01 0.1430129 0.1701643 0.1726004 0.1604744 0.1598911 0.1442031 0.1445700 0.2323533 0.2975970 0.2851442 0.2310376 0.1604047 0.1536078 0.1752306 0.1816305 0.1781131 0.1719734 0.1410828 0.9215402E-01 0.4807412E-01 -9999.000 -9999.000 -9999.000 -9999.000 -9999.000 -9999.000 -9999.000 -9999.000 -9999.000 -9999.000 -9999.000 -9999.000 -9999.000
-9999.000 -9999.000 -9999.000 -9999.000 -9999.000 -9999.000 -9999.000 -9999.000 -9999.000 -9999.000 -9999.000 -9999.000 -9999.000 0.8256341E-01 0.1122408 0.1155558 0.1415015 0.1302185 0.8144058E-01 0.4829714E-01 0.2228932E-01 -9999.000 -9999.000 -9999.000 0.3730247E-01 0.5384843E-01 0.9890388E-01 0.1188322 0.1397521 0.1353249 0.1593914 0.1873674 0.1705239 0.2095138 0.2601619 0.2758106 0.2410231 0.1923695 0.1786515 0.1952013 0.1824022 0.1659425 0.1660207 0.1520596 0.1274447 0.8992597E-01 0.7357205E-01 -9999.000 -9999.000 -9999.000 -9999.000 -9999.000 -9999.000 -9999.000 -9999.000 -9999.000 -9999.000 -9999.000 -9999.000
