simulation_files/asc/Depth____50.0.asc
NCOLS        79
NROWS        79
XLLCENTER         -1.500000
YLLCENTER         -4.800000
CELLSIZE           0.100
NODATA_VALUE     -9999.0
[rows 0 to 25 of 79, columns 0 to 56 of 79]
-9999.000 -9999.000 -9999.000 -9999.000 -9999.000 -9999.000 -9999.000 -9999.000 -9999.000 -9999.000 -9999.000 -9999.000 -9999.000 -9999.000 -9999.000 0.2449577 0.2450672 0.2449697 0.2448050 0.2445892 0.2443300 0.2440340 0.2437084 0.2433618 0.2430043 0.2426477 0.2423061 0.2419966 0.2417530 0.2420457 0.2420457 -9999.000 -9999.000 -9999.000 -9999.000 -9999.000 -9999.000 -9999.000 -9999.000 -9999.000 -9999.000 -9999.000 -9999.000 -9999.000 -9999.000 -9999.000 -9999.000 -9999.000 -9999.000 -9999.000 -9999.000 -9999.000 -9999.000 -9999.000 -9999.000 -9999.000 -9999.000
-9999.000 -9999.000 -9999.000 -9999.000 -9999.000 -9999.000 -9999.000 -9999.000 -9999.000 -9999.000 -9999.000 -9999.000 -9999.000 -9999.000 -9999.000 0.2468861 0.2470270 0.2469302 0.2467735 0.2465708 0.2463287 0.2460532 0.2457515 0.2454319 0.2451040 0.2447785 0.2444668 0.2441803 0.2439422 0.2442091 0.2442091 -9999.000 -9999.000 -9999.000 -9999.000 -9999.000 -9999.000 -9999.000 -9999.000 -9999.000 -9999.000 -9999.000 -9999.000 -9999.000 -9999.000 -9999.000 -9999.000 -9999.000 -9999.000 -9999.000 -9999.000 -9999.000 -9999.000 -9999.000 -9999.000 -9999.000 -9999.000
-9999.000 -9999.000 -9999.000 -9999.000 -9999.000 -9999.000 -9999.000 -9999.000 -9999.000 -9999.000 -9999.000 -9999.000 -9999.000 -9999.000 -9999.000 0.2489485 0.2491391 0.2490414 0.2488825 0.2486786 0.2484359 0.2481604 0.2478584 0.2475377 0.2472067 0.2468749 0.2465522 0.2462490 0.2459905 0.2462987 0.2462987 -9999.000 -9999.000 -9999.000 -9999.000 -9999.000 -9999.000 -9999.000 -9999.000 -9999.000 -9999.000 -9999.000 -9999.000 -9999.000 -9999.000 -9999.000 -9999.000 -9999.000 -9999.000 -9999.000 -9999.000 -9999.000 -9999.000 -9999.000 -9999.000 -9999.000 -9999.000
-9999.000 -9999.000 -9999.000 -9999.000 -9999.000 -9999.000 -9999.000 -9999.000 -9999.000 -9999.000 -9999.000 -9999.000 -9999.000 -9999.000 -9999.000 0.2510510 0.2512845 0.2511831 0.2510187 0.2508085 0.2505590 0.2502755 0.2499643 0.2496323 0.2492874 0.2489382 0.2485940 0.2482645 0.2479767 0.2483172 0.2483172 -9999.000 -9999.000 -9999.000 -9999.000 -9999.000 -9999.000 -9999.000 -9999.000 -9999.000 -9999.000 -9999.000 -9999.000 -9999.000 -9999.000 -9999.000 -9999.000 -9999.000 -9999.000 -9999.000 -9999.000 -9999.000 -9999.000 -9999.000 -9999.000 -9999.000 -9999.000
-9999.000 -9999.000 -9999.000 -9999.000 -9999.000 -9999.000 -9999.000 -9999.000 -9999.000 -9999.000 -9999.000 -9999.000 -9999.000 -9999.000 -9999.000 0.2531852 0.2534543 0.2533465 0.2531732 0.2529525 0.2526908 0.2523932 0.2520654 0.2517139 0.2513461 0.2509701 0.2505946 0.2502288 0.2499011 0.2502666 0.2502666 -9999.000 -9999.000 -9999.000 -9999.000 -9999.000 -9999.000 -9999.000 -9999.000 -9999.000 -9999.000 -9999.000 -9999.000 -9999.000 -9999.000 -9999.000 -9999.000 -9999.000 -9999.000 -9999.000 -9999.000 -9999.000 -9999.000 -9999.000 -9999.000 -9999.000 -9999.000
-9999.000 -9999.000 -9999.000 -9999.000 -9999.000 -9999.000 -9999.000 -9999.000 -9999.000 -9999.000 -9999.000 -9999.000 -9999.000 -9999.000 -9999.000 0.2553439 0.2556410 0.2555236 0.2553386 0.2551040 0.2548258 0.2545088 0.2541581 0.2537799 0.2533810 0.2529691 0.2525519 0.2521386 0.2517582 0.2521420 0.2521420 -9999.000 -9999.000 -9999.000 -9999.000 -9999.000 -9999.000 -9999.000 -9999.000 -9999.000 -9999.000 -9999.000 -9999.000 -9999.000 -9999.000 -9999.000 -9999.000 -9999.000 -9999.000 -9999.000 -9999.000 -9999.000 -9999.000 -9999.000 -9999.000 -9999.000 -9999.000
-9999.000 -9999.000 -9999.000 -9999.000 -9999.000 -9999.000 -9999.000 -9999.000 -9999.000 -9999.000 -9999.000 -9999.000 -9999.000 -9999.000 -9999.000 0.2575208 0.2578375 0.2577077 0.2575085 0.2572572 0.2569588 0.2566178 0.2562385 0.2558267 0.2553885 0.2549306 0.2544603 0.2539856 0.2535364 0.2539300 0.2539300 -9999.000 -9999.000 -9999.000 -9999.000 -9999.000 -9999.000 -9999.000 -9999.000 -9999.000 -9999.000 -9999.000 -9999.000 -9999.000 -9999.000 -9999.000 -9999.000 -9999.000 -9999.000 -9999.000 -9999.000 -9999.000 -9999.000 -9999.000 -9999.000 -9999.000 -9999.000
-9999.000 -9999.000 -9999.000 -9999.000 -9999.000 -9999.000 -9999.000 -9999.000 -9999.000 -9999.000 -9999.000 -9999.000 -9999.000 -9999.000 -9999.000 0.2597102 0.2600376 0.2598921 0.2596768 0.2594062 0.2590846 0.2587151 0.2583017 0.2578490 0.2573623 0.2568471 0.2563094 0.2557560 0.2552159 0.2556076 0.2556076 -9999.000 -9999.000 -9999.000 -9999.000 -9999.000 -9999.000 -9999.000 -9999.000 -9999.000 -9999.000 -9999.000 -9999.000 -9999.000 -9999.000 -9999.000 -9999.000 -9999.000 -9999.000 -9999.000 -9999.000 -9999.000 -9999.000 -9999.000 -9999.000 -9999.000 -9999.000
-9999.000 -9999.000 -9999.000 -9999.000 -9999.000 -9999.000 -9999.000 -9999.000 -9999.000 -9999.000 -9999.000 -9999.000 -9999.000 -9999.000 -9999.000 0.2619060 0.2622347 0.2620703 0.2618370 0.2615450 0.2611970 0.2607948 0.2603413 0.2598396 0.2592936 0.2587072 0.2580841 0.2574285 0.2567668 0.2571367 0.2571367 -9999.000 -9999.000 -9999.000 -9999.000 -9999.000 -9999.000 -9999.000 -9999.000 -9999.000 -9999.000 -9999.000 -9999.000 -9999.000 -9999.000 -9999.000 -9999.000 -9999.000 -9999.000 -9999.000 -9999.000 -9999.000 -9999.000 -9999.000 -9999.000 -9999.000 -9999.000
-9999.000 -9999.000 -9999.000 -9999.000 -9999.000 -9999.000 -9999.000 -9999.000 -9999.000 -9999.000 -9999.000 -9999.000 -9999.000 -9999.000 -9999.000 0.2641008 0.2644216 0.2642348 0.2639818 0.2636664 0.2632887 0.2628492 0.2623486 0.2617884 0.2611701 0.2604946 0.2597619 0.2589716 0.2581435 0.2584562 0.2584562 -9999.000 -9999.000 -9999.000 -9999.000 -9999.000 -9999.000 -9999.000 -9999.000 -9999.000 -9999.000 -9999.000 -9999.000 -9999.000 -9999.000 -9999.000 -9999.000 -9999.000 -9999.000 -9999.000 -9999.000 -9999.000 -9999.000 -9999.000 -9999.000 -9999.000 -9999.000
-9999.000 -9999.000 -9999.000 -9999.000 -9999.000 -9999.000 -9999.000 -9999.000 -9999.000 -9999.000 -9999.000 -9999.000 -9999.000 -9999.000 -9999.000 0.2662846 0.2665895 0.2663771 0.2661028 0.2657616 0.2653508 0.2648681 0.2643123 0.2636817 0.2629742 0.2621859 0.2613105 0.2603385 0.2592757 0.2594629 0.2594629 -9999.000 -9999.000 -9999.000 -9999.000 -9999.000 -9999.000 -9999.000 -9999.000 -9999.000 -9999.000 -9999.000 -9999.000 -9999.000 -9999.000 -9999.000 -9999.000 -9999.000 -9999.000 -9999.000 -9999.000 -9999.000 -9999.000 -9999.000 -9999.000 -9999.000 -9999.000
-9999.000 -9999.000 -9999.000 -9999.000 -9999.000 -9999.000 -9999.000 -9999.000 -9999.000 -9999.000 -9999.000 -9999.000 -9999.000 -9999.000 -9999.000 0.2684436 0.2687272 0.2684864 0.2681891 0.2678197 0.2673712 0.2668385 0.2662168 0.2655003 0.2646811 0.2637474 0.2626816 0.2614573 0.2600505 0.2599723 0.2599723 -9999.000 -9999.000 -9999.000 -9999.000 -9999.000 -9999.000 -9999.000 -9999.000 -9999.000 -9999.000 -9999.000 -9999.000 -9999.000 -9999.000 -9999.000 -9999.000 -9999.000 -9999.000 -9999.000 -9999.000 -9999.000 -9999.000 -9999.000 -9999.000 -9999.000 -9999.000
-9999.000 -9999.000 -9999.000 -9999.000 -9999.000 -9999.000 -9999.000 -9999.000 -9999.000 -9999.000 -9999.000 -9999.000 -9999.000 -9999.000 -9999.000 0.2705575 0.2708192 0.2705482 0.2702265 0.2698256 0.2693339 0.2687420 0.2680403 0.2672169 0.2662548 0.2651287 0.2638007 0.2622116 0.2602740 0.2596182 0.2596182 -9999.000 -9999.000 -9999.000 -9999.000 -9999.000 -9999.000 -9999.000 -9999.000 -9999.000 -9999.000 -9999.000 -9999.000 -9999.000 -9999.000 -9999.000 -9999.000 -9999.000 -9999.000 -9999.000 -9999.000 -9999.000 -9999.000 -9999.000 -9999.000 -9999.000 -9999.000
-9999.000 -9999.000 -9999.000 -9999.000 -9999.000 -9999.000 -9999.000 -9999.000 -9999.000 -9999.000 -9999.000 -9999.000 -9999.000 -9999.000 -9999.000 0.2725862 0.2728384 0.2725398 0.2721939 0.2717590 0.2712174 0.2705542 0.2697530 0.2687922 0.2676403 0.2662493 0.2645433 0.2623963 0.2595808 0.2575584 0.2575584 -9999.000 -9999.000 -9999.000 -9999.000 -9999.000 -9999.000 -9999.000 -9999.000 -9999.000 -9999.000 -9999.000 -9999.000 -9999.000 -9999.000 -9999.000 -9999.000 -9999.000 -9999.000 -9999.000 -9999.000 -9999.000 -9999.000 -9999.000 -9999.000 -9999.000 -9999.000
-9999.000 -9999.000 -9999.000 -9999.000 -9999.000 -9999.000 -9999.000 -9999.000 -9999.000 -9999.000 -9999.000 -9999.000 -9999.000 -9999.000 -9999.000 0.2736662 0.2744916 0.2743549 0.2740995 0.2736949 0.2731298 0.2723910 0.2714590 0.2703037 0.2688748 0.2670886 0.2648004 0.2617394 0.2573151 0.2511535 0.2511535 -9999.000 -9999.000 -9999.000 -9999.000 -9999.000 -9999.000 -9999.000 -9999.000 -9999.000 -9999.000 -9999.000 -9999.000 -9999.000 -9999.000 -9999.000 -9999.000 -9999.000 -9999.000 -9999.000 -9999.000 -9999.000 -9999.000 -9999.000 -9999.000 -9999.000 -9999.000
0.2266476 0.2266476 0.2164063 0.2116089 0.2289210 0.2289210 0.2373678 0.2443701 0.2443701 0.2509392 0.2509392 0.2583883 0.2628517 0.2681400 0.2746116 0.2746116 0.2820929 0.2822610 0.2821394 0.2816108 0.2806152 0.2791312 0.2771640 0.2747155 0.2717335 0.2680327 0.2631435 0.2559215 0.2432117 0.2100456 0.2100456 0.9535912E-01 0.7090646E-01 0.6433906E-01 0.6794631E-01 0.6794631E-01 0.8217207E-01 0.8217207E-01 0.1045393 0.1045393 0.1286545 0.1697389 0.1697389 0.1731578 0.1731578 0.1731888 0.1731888 0.1731888 0.1685430 0.1685430 0.1645891 0.1645891 0.1613922 0.1613922 0.1561808 0.1561808 0.1528289
0.2257440 0.2257440 0.2158274 0.2112499 0.2275607 0.2275607 0.2372389 0.2440058 0.2440058 0.2505131 0.2505131 0.2578407 0.2620788 0.2667705 0.2717937 0.2717937 0.2762334 0.2765935 0.2768590 0.2769502 0.2767604 0.2761644 0.2750246 0.2731899 0.2704817 0.2666526 0.2612830 0.2535278 0.2413835 0.2178162 0.2178162 0.1380601 0.1113739 0.9143776E-01 0.8787942E-01 0.8787942E-01 0.8968660E-01 0.8968660E-01 0.1035824 0.1035824 0.1193161 0.1686121 0.1686121 0.1735651 0.1735651 0.1731740 0.1731740 0.1731740 0.1682198 0.1682198 0.1642760 0.1642760 0.1617175 0.1617175 0.1559493 0.1559493 0.1526241
0.2252672 0.2252672 0.2156305 0.2112478 0.2268913 0.2268913 0.2373835 0.2438823 0.2438823 0.2501373 0.2501373 0.2569330 0.2606770 0.2646362 0.2686624 0.2686624 0.2715897 0.2716253 0.2716009 0.2714997 0.2712437 0.2707147 0.2697631 0.2682071 0.2658208 0.2623058 0.2572240 0.2498315 0.2385759 0.2188706 0.2188706 0.1574005 0.1314415 0.1080215 0.1023872 0.1023872 0.1003152 0.1003152 0.1090953 0.1090953 0.1189967 0.1599642 0.1599642 0.1741473 0.1741473 0.1739557 0.1739557 0.1739557 0.1681462 0.1681462 0.1641556 0.1641556 0.1610216 0.1610216 0.1561979 0.1561979 0.1527131
0.2248924 0.2248924 0.2154696 0.2112327 0.2263461 0.2263461 0.2374295 0.2437165 0.2437165 0.2496709 0.2496709 0.2558780 0.2591410 0.2624603 0.2657043 0.2657043 0.2673099 0.2669737 0.2666073 0.2662103 0.2657178 0.2650211 0.2639764 0.2624054 0.2600869 0.2567354 0.2519499 0.2450868 0.2348764 0.2177776 0.2177776 0.1696301 0.1457932 0.1225415 0.1168280 0.1168280 0.1141358 0.1141358 0.1192211 0.1192211 0.1243732 0.1508106 0.1508106 0.1713204 0.1713204 0.1730429 0.1730429 0.1730429 0.1680726 0.1680726 0.1639206 0.1639206 0.1605469 0.1605469 0.1561940 0.1561940 0.1526633
0.2246069 0.2246069 0.2153480 0.2111998 0.2258859 0.2258859 0.2373953 0.2434945 0.2434945 0.2491141 0.2491141 0.2546946 0.2574793 0.2601933 0.2627295 0.2627295 0.2629662 0.2622090 0.2614997 0.2608203 0.2600963 0.2592157 0.2580372 0.2563910 0.2540726 0.2508275 0.2463164 0.2400096 0.2308722 0.2159333 0.2159333 0.1776496 0.1566621 0.1361301 0.1316595 0.1316595 0.1298228 0.1298228 0.1316353 0.1316353 0.1331833 0.1457445 0.1457445 0.1649713 0.1649713 0.1712859 0.1712859 0.1712859 0.1674662 0.1674662 0.1633799 0.1633799 0.1598669 0.1598669 0.1558938 0.1558938 0.1524712
0.2244019 0.2244019 0.2152690 0.2111577 0.2254864 0.2254864 0.2373133 0.2432293 0.2432293 0.2484986 0.2484986 0.2534395 0.2557486 0.2578659 0.2596968 0.2596968 0.2583567 0.2570992 0.2560263 0.2550826 0.2541654 0.2531445 0.2518714 0.2501809 0.2478861 0.2447716 0.2405761 0.2349004 0.2269211 0.2140434 0.2140434 0.1833540 0.1658334 0.1502081 0.1476090 0.1476090 0.1461355 0.1461355 0.1442292 0.1442292 0.1430233 0.1455707 0.1455707 0.1580222 0.1580222 0.1679087 0.1679087 0.1679087 0.1659001 0.1659001 0.1623626 0.1623626 0.1589429 0.1589429 0.1553335 0.1553335 0.1521601
0.2242771 0.2242771 0.2152269 0.2111170 0.2251326 0.2251326 0.2372058 0.2429367 0.2429367 0.2478555 0.2478555 0.2521649 0.2540054 0.2555231 0.2566080 0.2566080 0.2533301 0.2514719 0.2499976 0.2487978 0.2477268 0.2466226 0.2453189 0.2436468 0.2414341 0.2385078 0.2347133 0.2298222 0.2232196 0.2127628 0.2127628 0.1881214 0.1750269 0.1658313 0.1646578 0.1646578 0.1616224 0.1616224 0.1557166 0.1557166 0.1524408 0.1486840 0.1486840 0.1533136 0.1533136 0.1631885 0.1631885 0.1631885 0.1631602 0.1631602 0.1606669 0.1606669 0.1576799 0.1576799 0.1545321 0.1545321 0.1517456
0.2242362 0.2242362 0.2152133 0.2110862 0.2248230 0.2248230 0.2370861 0.2426320 0.2426320 0.2472124 0.2472124 0.2509166 0.2523023 0.2532170 0.2534890 0.2534890 0.2477207 0.2451471 0.2432260 0.2417744 0.2405889 0.2394636 0.2382028 0.2366251 0.2345659 0.2318975 0.2286334 0.2248116 0.2200070 0.2123718 0.2123718 0.1940225 0.1860037 0.1828993 0.1816112 0.1816112 0.1750857 0.1750857 0.1655954 0.1655954 0.1608328 0.1532468 0.1532468 0.1516694 0.1516694 0.1581567 0.1581567 0.1581567 0.1594320 0.1594320 0.1581925 0.1581925 0.1559756 0.1559756 0.1534756 0.1534756 0.1512285
0.2242796 0.2242796 0.2152264 0.2110694 0.2245686 0.2245686 0.2369604 0.2423284 0.2423284 0.2465938 0.2465938 0.2497343 0.2506882 0.2510049 0.2503915 0.2503915 0.2413149 0.2379055 0.2354921 0.2337949 0.2325408 0.2314657 0.2303326 0.2289367 0.2271109 0.2247731 0.2222423 0.2200442 0.2178555 0.2137849 0.2137849 0.2028870 0.1999533 0.1999224 0.1967471 0.1967471 0.1860681 0.1860681 0.1738442 0.1738442 0.1680420 0.1580771 0.1580771 0.1523412 0.1523412 0.1538772 0.1538772 0.1538772 0.1552701 0.1552701 0.1550521 0.1550521 0.1537962 0.1537962 0.1521436 0.1521436 0.1506095
0.2244066 0.2244066 0.2152681 0.2110665 0.2243886 0.2243886 0.2368281 0.2420366 0.2420366 0.2460205 0.2460205 0.2486516 0.2492065 0.2489475 0.2473990 0.2473990 0.2338257 0.2294694 0.2265234 0.2245911 0.2233239 0.2223870 0.2214864 0.2203791 0.2188808 0.2169424 0.2155031 0.2160375 0.2178781 0.2186452 0.2186452 0.2151742 0.2165785 0.2153318 0.2091426 0.2091426 0.1947367 0.1947367 0.1805912 0.1805912 0.1740562 0.1625555 0.1625555 0.1542155 0.1542155 0.1508874 0.1508874 0.1508874 0.1513220 0.1513220 0.1515677 0.1515677 0.1512332 0.1512332 0.1505619 0.1505619 0.1498994
0.2246133 0.2246133 0.2153472 0.2110739 0.2243086 0.2243086 0.2366822 0.2417658 0.2417658 0.2455101 0.2455101 0.2476957 0.2478926 0.2470977 0.2446163 0.2446163 0.2248124 0.2194771 0.2160033 0.2138483 0.2126163 0.2119116 0.2113726 0.2106960 0.2096536 0.2081805 0.2085606 0.2139671 0.2216558 0.2280453 0.2280453 0.2312327 0.2334302 0.2269327 0.2196863 0.2196863 0.2014814 0.2014814 0.1859749 0.1859749 0.1789156 0.1664053 0.1664053 0.1564617 0.1564617 0.1491703 0.1491703 0.1491703 0.1480584 0.1480584 0.1481593 0.1481593 0.1485079 0.1485079 0.1488285 0.1488285 0.1491330
