simulation_files/asc/Depth____495.0.asc
NCOLS       216
NROWS       273
XLLCENTER        494.688995
YLLCENTER        787.867981
CELLSIZE           0.500
NODATA_VALUE     -9999.0
[rows 162 to 188 of 273, columns 118 to 176 of 216]
2.049734 2.724243 2.920565 2.957519 2.969125 2.978228 2.757026 2.183744 1.558436 0.6387847 0.1741342 0.9965767E-01 0.1322198 0.1697662 0.1524783 0.1428184 0.1703068 0.1871838 0.2119189 0.2230396 0.2159714 0.1670433 0.1244404 0.1291035 0.1579993 0.1644994 0.1283006 0.8958298E-01 -9999.000 -9999.000 -9999.000 -9999.000 -9999.000 -9999.000 -9999.000 -9999.000 -9999.000 -9999.000 -9999.000 -9999.000 -9999.000 -9999.000 -9999.000 -9999.000 -9999.000 -9999.000 -9999.000 -9999.000 -9999.000 -9999.000 -9999.000 -9999.000 -9999.000 -9999.000 -9999.000 -9999.000 -9999.000 -9999.000 -9999.000
1.711680 2.631527 2.913782 2.947283 2.949348 2.540144 1.737183 1.046211 0.5010554 0.1772973 0.1641357 0.1411337 0.1462654 0.1338526 0.1522416 0.1646481 0.1713268 0.1750978 0.2121471 0.2418051 0.2340442 0.1685174 0.1315049 0.1383088 0.1787113 0.1936855 0.1696406 0.1234926 0.6520090E-01 -9999.000 -9999.000 -9999.000 -9999.000 -9999.000 -9999.000 -9999.000 -9999.000 -9999.000 -9999.000 -9999.000 -9999.000 -9999.000 -9999.000 -9999.000 -9999.000 -9999.000 -9999.000 -9999.000 -9999.000 -9999.000 -9999.000 -9999.000 -9999.000 -9999.000 -9999.000 -9999.000 -9999.000 -9999.000 -9999.000
1.312679 2.340527 2.794557 2.935844 2.510558 1.556690 0.5117778 0.1776150 0.1449289 0.1162094 0.1399738 0.1243635 0.1158801 0.1027957 0.1318722 0.1557510 0.1550208 0.1624349 0.1898856 0.2223386 0.2098476 0.1463528 0.1207543 0.1401449 0.1871252 0.1957208 0.1584606 0.1221145 0.6231809E-01 -9999.000 -9999.000 -9999.000 -9999.000 -9999.000 -9999.000 -9999.000 -9999.000 -9999.000 -9999.000 -9999.000 -9999.000 -9999.000 -9999.000 -9999.000 -9999.000 -9999.000 -9999.000 -9999.000 -9999.000 -9999.000 -9999.000 -9999.000 -9999.000 -9999.000 -9999.000 -9999.000 -9999.000 -9999.000 -9999.000
-9999.000 1.533727 2.355560 2.453741 1.519448 0.5039155 0.1399056 0.1553390 0.1290102 0.9777488E-01 0.8479168E-01 0.8449082E-01 0.9769929E-01 0.9324685E-01 0.1222217 0.1507497 0.1655914 0.1889123 0.2152692 0.2323324 0.1721412 0.1258534 0.1147752 0.1336593 0.1790025 0.1793340 0.1549411 0.1142494 0.7038929E-01 0.3116847E-01 -9999.000 -9999.000 -9999.000 -9999.000 -9999.000 -9999.000 -9999.000 -9999.000 -9999.000 -9999.000 -9999.000 -9999.000 -9999.000 -9999.000 -9999.000 -9999.000 -9999.000 -9999.000 -9999.000 -9999.000 -9999.000 -9999.000 -9999.000 -9999.000 -9999.000 -9999.000 -9999.000 -9999.000 -9999.000
-9999.000 0.7145096 1.411499 1.194866 0.4800880 0.1500078 0.1819407 0.1626271 0.1505991 0.1203025 0.8118228E-01 0.7608845E-01 0.8577623E-01 0.7952220E-01 0.1284136 0.1866726 0.2233057 0.2505255 0.2724673 0.2225299 0.1389662 0.1450402 0.1431857 0.1552181 0.1811379 0.1822660 0.1607271 0.1365223 0.1063110 0.6031119E-01 -9999.000 -9999.000 0.1836429E-01 -9999.000 -9999.000 -9999.000 -9999.000 -9999.000 -9999.000 -9999.000 -9999.000 -9999.000 -9999.000 -9999.000 -9999.000 -9999.000 -9999.000 -9999.000 -9999.000 -9999.000 -9999.000 -9999.000 -9999.000 -9999.000 -9999.000 -9999.000 -9999.000 -9999.000 -9999.000
-9999.000 -9999.000 -9999.000 0.2733778 0.1700645 0.2199407 0.1915231 0.1833399 0.1874883 0.1599257 0.1314647 0.1157260 0.1011658 0.9324350E-01 0.1529563 0.2363160 0.2534310 0.2609658 0.2530247 0.1685665 0.1035064 0.1537928 0.1657205 0.1821859 0.1873741 0.1443506 0.1340438 0.1376771 0.1304553 0.8891880E-01 -9999.000 -9999.000 -9999.000 -9999.000 -9999.000 -9999.000 -9999.000 -9999.000 -9999.000 -9999.000 -9999.000 -9999.000 -9999.000 -9999.000 -9999.000 -9999.000 -9999.000 -9999.000 -9999.000 -9999.000 -9999.000 -9999.000 -9999.000 -9999.000 -9999.000 -9999.000 -9999.000 -9999.000 -9999.000
-9999.000 -9999.000 -9999.000 0.1153410 0.2197511 0.2209623 0.2192636 0.2261125 0.2299688 0.2118999 0.1951302 0.1778967 0.1487377 0.1243372 0.1536761 0.2005998 0.2144901 0.2087510 0.1732058 0.1508618 0.1123879 0.1461720 0.1708776 0.1907324 0.1820023 0.1222402 0.1071978 0.1344482 0.1463382 0.1235541 0.6730751E-01 0.3351613E-01 0.2728435E-01 0.2099705E-01 -9999.000 -9999.000 -9999.000 -9999.000 -9999.000 -9999.000 -9999.000 -9999.000 -9999.000 -9999.000 -9999.000 -9999.000 -9999.000 -9999.000 -9999.000 -9999.000 -9999.000 -9999.000 -9999.000 -9999.000 -9999.000 -9999.000 -9999.000 -9999.000 -9999.000
-9999.000 -9999.000 -9999.000 0.1112138 0.1390113 0.1749780 0.2271511 0.2537644 0.2341037 0.2097494 0.2032631 0.2037126 0.1719442 0.1270607 0.1143429 0.1006755 0.1394035 0.1294089 0.1508770 0.1891749 0.1531096 0.1774877 0.2110442 0.2417773 0.2330272 0.1649440 0.1277118 0.1370862 0.1519561 0.1456620 0.9513650E-01 0.5649013E-01 0.4641985E-01 0.3053776E-01 -9999.000 -9999.000 -9999.000 -9999.000 -9999.000 -9999.000 -9999.000 -9999.000 -9999.000 -9999.000 -9999.000 -9999.000 -9999.000 -9999.000 -9999.000 -9999.000 -9999.000 -9999.000 -9999.000 -9999.000 -9999.000 -9999.000 -9999.000 -9999.000 -9999.000
-9999.000 -9999.000 -9999.000 0.5705954E-01 0.8816525E-01 0.1537731 0.2226087 0.2391230 0.2303726 0.2170342 0.1943201 0.1601127 0.1101374 0.9356779E-01 0.1029768 0.1263771 0.1469230 0.1365485 0.1581900 0.1734344 0.1506621 0.1918140 0.2630665 0.3074935 0.2875940 0.2008909 0.1434975 0.1474939 0.1604482 0.1721508 0.1263108 0.8934187E-01 0.7887741E-01 0.6051055E-01 0.3735758E-01 -9999.000 -9999.000 -9999.000 -9999.000 -9999.000 -9999.000 -9999.000 -9999.000 -9999.000 -9999.000 -9999.000 -9999.000 -9999.000 -9999.000 -9999.000 -9999.000 -9999.000 -9999.000 -9999.000 -9999.000 -9999.000 -9999.000 -9999.000 -9999.000
-9999.000 -9999.000 -9999.000 -9999.000 -9999.000 0.1038758 0.1592524 0.2019529 0.2291421 0.2481761 0.1872880 0.1029202 0.6251096E-01 0.5651143E-01 0.1001229 0.1701453 0.2073474 0.2258331 0.1794978 0.1106428 0.9114077E-01 0.1683595 0.2816747 0.3224882 0.2694747 0.1907127 0.1579253 0.1780347 0.2018223 0.2046944 0.1581123 0.1293977 0.1341680 0.1170611 0.9031111E-01 0.7374502E-01 0.6165774E-01 0.4498326E-01 -9999.000 -9999.000 -9999.000 -9999.000 -9999.000 -9999.000 -9999.000 -9999.000 -9999.000 -9999.000 -9999.000 -9999.000 -9999.000 -9999.000 -9999.000 -9999.000 -9999.000 -9999.000 -9999.000 -9999.000 -9999.000
-9999.000 -9999.000 -9999.000 -9999.000 -9999.000 0.7262476E-01 0.9774708E-01 0.1502607 0.2078588 0.2300886 0.1974585 0.1341689 0.9638460E-01 0.9286793E-01 0.1269907 0.1879718 0.2219444 0.2546755 0.2212174 0.1406391 0.1165803 0.1822105 0.2696775 0.2811861 0.2392814 0.1775259 0.1574099 0.1643014 0.1965544 0.2261074 0.1940026 0.1820097 0.1893083 0.1845793 0.1349310 0.1163530 0.1125215 0.8366416E-01 -9999.000 -9999.000 -9999.000 -9999.000 -9999.000 -9999.000 -9999.000 -9999.000 -9999.000 -9999.000 -9999.000 -9999.000 -9999.000 -9999.000 -9999.000 -9999.000 -9999.000 -9999.000 -9999.000 -9999.000 -9999.000
-9999.000 -9999.000 -9999.000 -9999.000 -9999.000 0.7022006E-01 0.1013297 0.1403839 0.1860629 0.2083532 0.2184899 0.1933601 0.1507200 0.1418430 0.1639152 0.1905143 0.2153073 0.2652510 0.2721089 0.2344511 0.2206959 0.2233512 0.2312803 0.2352227 0.1763894 0.1494098 0.1333386 0.1260439 0.1541722 0.1995681 0.1876338 0.1855014 0.2005624 0.1960552 0.1723470 0.1478838 0.1429187 0.1295710 0.6835591E-01 -9999.000 -9999.000 -9999.000 -9999.000 -9999.000 -9999.000 -9999.000 -9999.000 -9999.000 -9999.000 -9999.000 -9999.000 -9999.000 -9999.000 -9999.000 -9999.000 -9999.000 -9999.000 -9999.000 -9999.000
-9999.000 -9999.000 -9999.000 -9999.000 -9999.000 -9999.000 0.1258580 0.1310239 0.1641707 0.2096687 0.2407742 0.2225162 0.1774082 0.1445382 0.1459971 0.1585995 0.1948490 0.2610000 0.2834710 0.2813644 0.2937471 0.2279816 0.1878080 0.1674308 0.1526402 0.1331329 0.1191583 0.1247654 0.1487811 0.1796985 0.1618855 0.1510227 0.1645755 0.1801589 0.1686873 0.1426103 0.1501743 0.1504716 0.9814673E-01 0.5310457E-01 -9999.000 -9999.000 -9999.000 -9999.000 -9999.000 -9999.000 -9999.000 -9999.000 -9999.000 -9999.000 -9999.000 -9999.000 -9999.000 -9999.000 -9999.000 -9999.000 -9999.000 -9999.000 -9999.000
-9999.000 -9999.000 -9999.000 -9999.000 -9999.000 -9999.000 -9999.000 0.7859968E-01 0.1223933 0.2043861 0.2538126 0.2314546 0.1758520 0.1181054 0.9506353E-01 0.9327720E-01 0.1471964 0.2464566 0.2519554 0.2274715 0.1893861 0.1548070 0.1508873 0.1901914 0.2213003 0.1598961 0.1371273 0.1535845 0.1714916 0.1919440 0.1864639 0.1647366 0.1590002 0.1760721 0.1509184 0.9804942E-01 0.9623426E-01 0.1253697 0.1149091 0.8765639E-01 -9999.000 -9999.000 -9999.000 -9999.000 -9999.000 -9999.000 -9999.000 -9999.000 -9999.000 -9999.000 -9999.000 -9999.000 -9999.000 -9999.000 -9999.000 -9999.000 -9999.000 -9999.000 -9999.000
-9999.000 -9999.000 -9999.000 -9999.000 -9999.000 -9999.000 -9999.000 -9999.000 0.7209186E-01 0.1595716 0.2136148 0.2097141 0.1505775 0.8355123E-01 0.5335477E-01 0.4157201E-01 0.8080472E-01 0.1687195 0.1656238 0.1352687 0.1108299 0.1157982 0.1500725 0.2315332 0.2674278 0.2148379 0.2033662 0.2177451 0.2224816 0.2316173 0.2497507 0.2532961 0.2101883 0.1658479 0.1051973 0.5138211E-01 0.8822901E-01 0.1373508 0.1462128 0.9540622E-01 0.3852827E-01 -9999.000 -9999.000 -9999.000 -9999.000 -9999.000 -9999.000 -9999.000 -9999.000 -9999.000 -9999.000 -9999.000 -9999.000 -9999.000 -9999.000 -9999.000 -9999.000 -9999.000 -9999.000
-9999.000 -9999.000 -9999.000 -9999.000 -9999.000 -9999.000 -9999.000 -9999.000 0.3821168E-01 0.9838251E-01 0.1662891 0.1855201 0.1522721 0.7923626E-01 0.4251689E-01 -9999.000 0.3589281E-01 0.8262605E-01 0.1025826 0.1084435 0.1349942 0.1392630 0.1479651 0.2248133 0.2707304 0.2549089 0.2481947 0.2485537 0.2222136 0.2175478 0.2754401 0.2886084 0.2484105 0.1642237 0.8138147E-01 0.8615810E-01 0.1289154 0.1444661 0.1287822 0.9703570E-01 0.6083030E-01 -9999.000 -9999.000 -9999.000 -9999.000 -9999.000 -9999.000 -9999.000 -9999.000 -9999.000 -9999.000 -9999.000 -9999.000 -9999.000 -9999.000 -9999.000 -9999.000 -9999.000 -9999.000
-9999.000 -9999.000 -9999.000 -9999.000 -9999.000 -9999.000 -9999.000 -9999.000 -9999.000 0.6889194E-01 0.1618898 0.1873380 0.1699496 0.1171088 0.7213167E-01 0.4241146E-01 0.2485437E-01 0.4553247E-01 0.6904750E-01 0.9324390E-01 0.1331559 0.1710490 0.1729454 0.2167209 0.2713778 0.2608200 0.2329792 0.1948031 0.1219103 0.1363173 0.2173620 0.2341078 0.2260218 0.1714979 0.1382603 0.1545880 0.1650351 0.1493756 0.1311181 0.1431198 0.1204976 -9999.000 -9999.000 -9999.000 -9999.000 -9999.000 -9999.000 -9999.000 -9999.000 -9999.000 -9999.000 -9999.000 -9999.000 -9999.000 -9999.000 -9999.000 -9999.000 -9999.000 -9999.000
-9999.000 -9999.000 -9999.000 -9999.000 -9999.000 -9999.000 -9999.000 -9999.000 -9999.000 0.4705890E-01 0.1163714 0.1529884 0.1691693 0.1476614 0.1084156 0.5244225E-01 0.2293094E-01 0.2765849E-01 0.4748693E-01 0.7459156E-01 0.1254849 0.1894738 0.1979563 0.2160999 0.2640515 0.2314960 0.1751496 0.1143615 0.1209208 0.1458292 0.1624735 0.1660316 0.1736629 0.1615676 0.1622379 0.1968626 0.1910171 0.1637663 0.1739969 0.1939894 0.1548426 -9999.000 -9999.000 -9999.000 -9999.000 -9999.000 -9999.000 -9999.000 -9999.000 -9999.000 -9999.000 -9999.000 -9999.000 -9999.000 -9999.000 -9999.000 -9999.000 -9999.000 -9999.000
-9999.000 -9999.000 -9999.000 -9999.000 -9999.000 -9999.000 -9999.000 -9999.000 -9999.000 0.3242737E-01 0.7234731E-01 0.1207372 0.1655661 0.1828033 0.1403826 0.7342339E-01 0.2845679E-01 0.2291178E-01 0.3954587E-01 0.6579012E-01 0.1061692 0.1590774 0.1677051 0.1974820 0.2213323 0.1783371 0.1125147 0.9495917E-01 0.1552729 0.2006565 0.1865690 0.1575954 0.1596000 0.1460074 0.1570638 0.2058320 0.1949049 0.1656311 0.1884417 0.2224946 0.1822730 0.9839332E-01 -9999.000 -9999.000 -9999.000 -9999.000 -9999.000 -9999.000 -9999.000 -9999.000 -9999.000 -9999.000 -9999.000 -9999.000 -9999.000 -9999.000 -9999.000 -9999.000 -9999.000
-9999.000 -9999.000 -9999.000 -9999.000 -9999.000 -9999.000 -9999.000 -9999.000 -9999.000 -9999.000 -9999.000 0.7508482E-01 0.1464919 0.1930376 0.1755472 0.1140903 -9999.000 -9999.000 -9999.000 -9999.000 0.7167836E-01 0.1087616 0.1109903 0.1465887 0.1884451 0.1671306 0.1567629 0.1602836 0.2058234 0.2342106 0.2376072 0.2031321 0.2114696 0.2111976 0.2167855 0.2401727 0.2148387 0.2015850 0.2135623 0.2352015 0.2124310 0.1364864 0.7937012E-01 -9999.000 -9999.000 -9999.000 -9999.000 -9999.000 -9999.000 -9999.000 -9999.000 -9999.000 -9999.000 -9999.000 -9999.000 -9999.000 -9999.000 -9999.000 -9999.000
-9999.000 -9999.000 -9999.000 -9999.000 -9999.000 -9999.000 -9999.000 -9999.000 -9999.000 -9999.000 -9999.000 -9999.000 0.9902846E-01 0.1662538 0.1790779 0.1380982 0.5791411E-01 0.2484015E-01 -9999.000 0.2142469E-01 0.4749199E-01 0.6248953E-01 0.5030810E-01 0.9505363E-01 0.1956012 0.2089209 0.2083541 0.2451871 0.2485995 0.2260104 0.2468950 0.2833727 0.3088809 0.3322461 0.3081747 0.2698569 0.2486969 0.2547018 0.2581774 0.2642747 0.2366818 0.1824152 0.1291314 -9999.000 -9999.000 -9999.000 -9999.000 -9999.000 -9999.000 -9999.000 -9999.000 -9999.000 -9999.000 -9999.000 -9999.000 -9999.000 -9999.000 -9999.000 -9999.000
-9999.000 -9999.000 -9999.000 -9999.000 -9999.000 -9999.000 -9999.000 -9999.000 -9999.000 -9999.000 -9999.000 -9999.000 0.8589011E-01 0.1589648 0.1860228 0.1582158 0.1070669 0.5020313E-01 0.2291632E-01 0.2654137E-01 0.4840508E-01 0.4877375E-01 0.3514675E-01 0.8097727E-01 0.1611063 0.1821627 0.2032980 0.2659409 0.2848531 0.2402713 0.2503618 0.3166140 0.3403930 0.3495517 0.3381273 0.2916955 0.2734503 0.2687234 0.2762205 0.2802037 0.2647027 0.2422118 0.1721596 0.8027761E-01 -9999.000 -9999.000 -9999.000 -9999.000 -9999.000 -9999.000 -9999.000 -9999.000 -9999.000 -9999.000 -9999.000 -9999.000 -9999.000 -9999.000 -9999.000
-9999.000 -9999.000 -9999.000 -9999.000 -9999.000 -9999.000 -9999.000 -9999.000 -9999.000 -9999.000 -9999.000 -9999.000 0.8798058E-01 0.1650350 0.1939204 0.1873117 0.1507888 0.9126966E-01 0.4466007E-01 0.3611648E-01 0.4424036E-01 0.3913003E-01 0.3514130E-01 0.6986680E-01 0.1018291 0.1104363 0.1467503 0.2234529 0.2728293 0.2614257 0.2806222 0.3258770 0.3095886 0.2961707 0.2996424 0.2899856 0.2514149 0.2519945 0.2533197 0.2670138 0.2726696 0.2576423 0.2067468 0.1125088 0.4848995E-01 -9999.000 -9999.000 -9999.000 -9999.000 -9999.000 -9999.000 -9999.000 -9999.000 -9999.000 -9999.000 -9999.000 -9999.000 -9999.000 -9999.000
-9999.000 -9999.000 -9999.000 -9999.000 -9999.000 -9999.000 -9999.000 -9999.000 -9999.000 -9999.000 -9999.000 -9999.000 0.8361726E-01 0.1559355 0.2017143 0.2043160 0.1830402 0.1318565 0.6262523E-01 0.4109192E-01 0.4183674E-01 0.4860120E-01 0.6229234E-01 0.7634413E-01 0.6939650E-01 0.6889995E-01 0.1016506 0.1598867 0.2127823 0.2371242 0.3042323 0.2916582 0.2272330 0.2309219 0.2489201 0.1904363 0.1564415 0.1387122 0.1645089 0.1926189 0.2187695 0.2273055 0.2002938 0.1339677 0.9489996E-01 -9999.000 -9999.000 -9999.000 -9999.000 -9999.000 -9999.000 -9999.000 -9999.000 -9999.000 -9999.000 -9999.000 -9999.000 -9999.000 -9999.000
-9999.000 -9999.000 -9999.000 -9999.000 -9999.000 -9999.000 -9999.000 -9999.000 -9999.000 -9999.000 -9999.000 -9999.000 -9999.000 0.1280311 0.1909170 0.2027245 0.1922822 0.1484828 0.9175819E-01 0.4487739E-01 0.3150538E-01 0.4124704E-01 0.6404763E-01 0.6886485E-01 0.5435964E-01 0.7668517E-01 0.1253428 0.1676059 0.2014437 0.2308716 0.2476650 0.2020574 0.1697782 0.2565228 0.2837684 0.2302989 0.1585652 0.1388194 0.1518646 0.1616980 0.1797298 0.1983257 0.1928406 0.1613617 0.1236038 0.7547151E-01 -9999.000 -9999.000 -9999.000 -9999.000 -9999.000 -9999.000 -9999.000 -9999.000 -9999.000 -9999.000 -9999.000 -9999.000 -9999.000
-9999.000 -9999.000 -9999.000 -9999.000 -9999.000 -9999.000 -9999.000 -9999.000 -9999.000 -9999.000 -9999.000 -9999.000 -9999.000 0.1115465 0.1627069 0.1720628 0.1832883 0.1537013 0.8388262E-01 0.4333847E-01 0.2394750E-01 0.1995723E-01 0.3177199E-01 0.4631296E-01 0.5944426E-01 0.9566061E-01 0.1689294 0.1957968 0.1947474 0.1782143 0.1782556 0.1645546 0.1714790 0.2614444 0.3263397 0.3142266 0.2603053 0.1853054 0.1792323 0.2031080 0.2111466 0.2028098 0.1956484 0.1638997 0.1153276 0.6628821E-01 -9999.000 -9999.000 -9999.000 -9999.000 -9999.000 -9999.000 -9999.000 -9999.000 -9999.000 -9999.000 -9999.000 -9999.000 -9999.000
-9999.000 -9999.000 -9999.000 -9999.000 -9999.000 -9999.000 -9999.000 -9999.000 -9999.000 -9999.000 -9999.000 -9999.000 -9999.000 0.1129148 0.1443696 0.1467096 0.1700066 0.1551555 0.1027383 0.7209968E-01 0.4179978E-01 0.2252396E-01 0.1799169E-01 0.2525126E-01 0.3908055E-01 0.7560071E-01 0.1246189 0.1387238 0.1583617 0.1546161 0.1848880 0.2148796 0.1997265 0.2376101 0.2865784 0.2966941 0.2565569 0.2095326 0.1989987 0.2128113 0.1918427 0.1799488 0.1861473 0.1741182 0.1511647 0.1137023 0.7702073E-01 0.4471364E-01 -9999.000 -9999.000 -9999.000 -9999.000 -9999.000 -9999.000 -9999.000 -9999.000 -9999.000 -9999.000 -9999.000
