simulation_files/asc/Depth____000034.asc
NCOLS        79
NROWS        79
XLLCENTER         -1.500000
YLLCENTER         -4.800000
CELLSIZE           0.100
NODATA_VALUE     -9999.0
[rows 0 to 25 of 79, columns 0 to 56 of 79]
-9999.000 -9999.000 -9999.000 -9999.000 -9999.000 -9999.000 -9999.000 -9999.000 -9999.000 -9999.000 -9999.000 -9999.000 -9999.000 -9999.000 -9999.000 0.1974845 0.1975338 0.1974079 0.1972036 0.1969400 0.1966296 0.1962848 0.1959180 0.1955427 0.1951730 0.1948238 0.1945113 0.1942536 0.1940802 0.1943581 0.1943581 -9999.000 -9999.000 -9999.000 -9999.000 -9999.000 -9999.000 -9999.000 -9999.000 -9999.000 -9999.000 -9999.000 -9999.000 -9999.000 -9999.000 -9999.000 -9999.000 -9999.000 -9999.000 -9999.000 -9999.000 -9999.000 -9999.000 -9999.000 -9999.000 -9999.000 -9999.000
-9999.000 -9999.000 -9999.000 -9999.000 -9999.000 -9999.000 -9999.000 -9999.000 -9999.000 -9999.000 -9999.000 -9999.000 -9999.000 -9999.000 -9999.000 0.1995036 0.1996073 0.1994851 0.1992894 0.1990382 0.1987430 0.1984152 0.1980669 0.1977109 0.1973607 0.1970297 0.1967317 0.1964798 0.1962946 0.1965348 0.1965348 -9999.000 -9999.000 -9999.000 -9999.000 -9999.000 -9999.000 -9999.000 -9999.000 -9999.000 -9999.000 -9999.000 -9999.000 -9999.000 -9999.000 -9999.000 -9999.000 -9999.000 -9999.000 -9999.000 -9999.000 -9999.000 -9999.000 -9999.000 -9999.000 -9999.000 -9999.000
-9999.000 -9999.000 -9999.000 -9999.000 -9999.000 -9999.000 -9999.000 -9999.000 -9999.000 -9999.000 -9999.000 -9999.000 -9999.000 -9999.000 -9999.000 0.2016957 0.2018595 0.2017343 0.2015326 0.2012750 0.2009732 0.2006385 0.2002828 0.1999184 0.1995578 0.1992140 0.1988999 0.1986284 0.1984238 0.1987053 0.1987053 -9999.000 -9999.000 -9999.000 -9999.000 -9999.000 -9999.000 -9999.000 -9999.000 -9999.000 -9999.000 -9999.000 -9999.000 -9999.000 -9999.000 -9999.000 -9999.000 -9999.000 -9999.000 -9999.000 -9999.000 -9999.000 -9999.000 -9999.000 -9999.000 -9999.000 -9999.000
-9999.000 -9999.000 -9999.000 -9999.000 -9999.000 -9999.000 -9999.000 -9999.000 -9999.000 -9999.000 -9999.000 -9999.000 -9999.000 -9999.000 -9999.000 0.2039238 0.2041424 0.2040105 0.2037975 0.2035266 0.2032101 0.2028591 0.2024855 0.2021013 0.2017191 0.2013514 0.2010113 0.2007120 0.2004812 0.2007992 0.2007992 -9999.000 -9999.000 -9999.000 -9999.000 -9999.000 -9999.000 -9999.000 -9999.000 -9999.000 -9999.000 -9999.000 -9999.000 -9999.000 -9999.000 -9999.000 -9999.000 -9999.000 -9999.000 -9999.000 -9999.000 -9999.000 -9999.000 -9999.000 -9999.000 -9999.000 -9999.000
-9999.000 -9999.000 -9999.000 -9999.000 -9999.000 -9999.000 -9999.000 -9999.000 -9999.000 -9999.000 -9999.000 -9999.000 -9999.000 -9999.000 -9999.000 0.2061807 0.2064476 0.2063052 0.2060765 0.2057867 0.2054485 0.2050734 0.2046730 0.2042595 0.2038454 0.2034436 0.2030673 0.2027307 0.2024649 0.2028145 0.2028145 -9999.000 -9999.000 -9999.000 -9999.000 -9999.000 -9999.000 -9999.000 -9999.000 -9999.000 -9999.000 -9999.000 -9999.000 -9999.000 -9999.000 -9999.000 -9999.000 -9999.000 -9999.000 -9999.000 -9999.000 -9999.000 -9999.000 -9999.000 -9999.000 -9999.000 -9999.000
-9999.000 -9999.000 -9999.000 -9999.000 -9999.000 -9999.000 -9999.000 -9999.000 -9999.000 -9999.000 -9999.000 -9999.000 -9999.000 -9999.000 -9999.000 0.2084611 0.2087681 0.2086112 0.2083626 0.2080491 0.2076836 0.2072775 0.2068424 0.2063906 0.2059349 0.2054885 0.2050651 0.2046800 0.2043680 0.2047443 0.2047443 -9999.000 -9999.000 -9999.000 -9999.000 -9999.000 -9999.000 -9999.000 -9999.000 -9999.000 -9999.000 -9999.000 -9999.000 -9999.000 -9999.000 -9999.000 -9999.000 -9999.000 -9999.000 -9999.000 -9999.000 -9999.000 -9999.000 -9999.000 -9999.000 -9999.000 -9999.000
-9999.000 -9999.000 -9999.000 -9999.000 -9999.000 -9999.000 -9999.000 -9999.000 -9999.000 -9999.000 -9999.000 -9999.000 -9999.000 -9999.000 -9999.000 0.2107608 0.2110973 0.2109217 0.2106495 0.2103080 0.2099099 0.2094665 0.2089894 0.2084907 0.2079833 0.2074809 0.2069978 0.2065505 0.2061777 0.2065748 0.2065748 -9999.000 -9999.000 -9999.000 -9999.000 -9999.000 -9999.000 -9999.000 -9999.000 -9999.000 -9999.000 -9999.000 -9999.000 -9999.000 -9999.000 -9999.000 -9999.000 -9999.000 -9999.000 -9999.000 -9999.000 -9999.000 -9999.000 -9999.000 -9999.000 -9999.000 -9999.000
-9999.000 -9999.000 -9999.000 -9999.000 -9999.000 -9999.000 -9999.000 -9999.000 -9999.000 -9999.000 -9999.000 -9999.000 -9999.000 -9999.000 -9999.000 0.2130764 0.2134293 0.2132301 0.2129307 0.2125570 0.2121213 0.2116345 0.2111078 0.2105532 0.2099833 0.2094118 0.2088537 0.2083268 0.2078735 0.2082834 0.2082834 -9999.000 -9999.000 -9999.000 -9999.000 -9999.000 -9999.000 -9999.000 -9999.000 -9999.000 -9999.000 -9999.000 -9999.000 -9999.000 -9999.000 -9999.000 -9999.000 -9999.000 -9999.000 -9999.000 -9999.000 -9999.000 -9999.000 -9999.000 -9999.000 -9999.000 -9999.000
-9999.000 -9999.000 -9999.000 -9999.000 -9999.000 -9999.000 -9999.000 -9999.000 -9999.000 -9999.000 -9999.000 -9999.000 -9999.000 -9999.000 -9999.000 0.2154036 0.2157580 0.2155295 0.2151994 0.2147894 0.2143109 0.2137742 0.2131898 0.2125691 0.2119239 0.2112675 0.2106150 0.2099851 0.2094237 0.2098331 0.2098331 -9999.000 -9999.000 -9999.000 -9999.000 -9999.000 -9999.000 -9999.000 -9999.000 -9999.000 -9999.000 -9999.000 -9999.000 -9999.000 -9999.000 -9999.000 -9999.000 -9999.000 -9999.000 -9999.000 -9999.000 -9999.000 -9999.000 -9999.000 -9999.000 -9999.000 -9999.000
-9999.000 -9999.000 -9999.000 -9999.000 -9999.000 -9999.000 -9999.000 -9999.000 -9999.000 -9999.000 -9999.000 -9999.000 -9999.000 -9999.000 -9999.000 0.2177357 0.2180753 0.2178119 0.2174478 0.2169977 0.2164709 0.2158768 0.2152252 0.2145261 0.2137900 0.2130285 0.2122557 0.2114898 0.2107795 0.2111638 0.2111638 -9999.000 -9999.000 -9999.000 -9999.000 -9999.000 -9999.000 -9999.000 -9999.000 -9999.000 -9999.000 -9999.000 -9999.000 -9999.000 -9999.000 -9999.000 -9999.000 -9999.000 -9999.000 -9999.000 -9999.000 -9999.000 -9999.000 -9999.000 -9999.000 -9999.000 -9999.000
-9999.000 -9999.000 -9999.000 -9999.000 -9999.000 -9999.000 -9999.000 -9999.000 -9999.000 -9999.000 -9999.000 -9999.000 -9999.000 -9999.000 -9999.000 0.2200603 0.2203697 0.2200662 0.2196656 0.2191719 0.2185912 0.2179315 0.2172012 0.2164083 0.2155608 0.2146670 0.2137374 0.2127874 0.2118643 0.2121747 0.2121747 -9999.000 -9999.000 -9999.000 -9999.000 -9999.000 -9999.000 -9999.000 -9999.000 -9999.000 -9999.000 -9999.000 -9999.000 -9999.000 -9999.000 -9999.000 -9999.000 -9999.000 -9999.000 -9999.000 -9999.000 -9999.000 -9999.000 -9999.000 -9999.000 -9999.000 -9999.000
-9999.000 -9999.000 -9999.000 -9999.000 -9999.000 -9999.000 -9999.000 -9999.000 -9999.000 -9999.000 -9999.000 -9999.000 -9999.000 -9999.000 -9999.000 0.2223565 0.2226242 0.2222766 0.2218383 0.2212982 0.2206583 0.2199238 0.2191009 0.2181945 0.2172081 0.2161438 0.2150040 0.2137948 0.2125535 0.2126850 0.2126850 -9999.000 -9999.000 -9999.000 -9999.000 -9999.000 -9999.000 -9999.000 -9999.000 -9999.000 -9999.000 -9999.000 -9999.000 -9999.000 -9999.000 -9999.000 -9999.000 -9999.000 -9999.000 -9999.000 -9999.000 -9999.000 -9999.000 -9999.000 -9999.000 -9999.000 -9999.000
-9999.000 -9999.000 -9999.000 -9999.000 -9999.000 -9999.000 -9999.000 -9999.000 -9999.000 -9999.000 -9999.000 -9999.000 -9999.000 -9999.000 -9999.000 0.2245930 0.2248144 0.2244218 0.2239457 0.2233573 0.2226526 0.2218332 0.2209011 0.2198559 0.2186931 0.2174029 0.2159709 0.2143793 0.2126312 0.2123373 0.2123373 -9999.000 -9999.000 -9999.000 -9999.000 -9999.000 -9999.000 -9999.000 -9999.000 -9999.000 -9999.000 -9999.000 -9999.000 -9999.000 -9999.000 -9999.000 -9999.000 -9999.000 -9999.000 -9999.000 -9999.000 -9999.000 -9999.000 -9999.000 -9999.000 -9999.000 -9999.000
-9999.000 -9999.000 -9999.000 -9999.000 -9999.000 -9999.000 -9999.000 -9999.000 -9999.000 -9999.000 -9999.000 -9999.000 -9999.000 -9999.000 -9999.000 0.2267196 0.2269057 0.2264727 0.2259613 0.2253236 0.2245485 0.2236323 0.2225703 0.2213525 0.2199600 0.2183605 0.2165033 0.2143117 0.2116857 0.2103040 0.2103040 -9999.000 -9999.000 -9999.000 -9999.000 -9999.000 -9999.000 -9999.000 -9999.000 -9999.000 -9999.000 -9999.000 -9999.000 -9999.000 -9999.000 -9999.000 -9999.000 -9999.000 -9999.000 -9999.000 -9999.000 -9999.000 -9999.000 -9999.000 -9999.000 -9999.000 -9999.000
-9999.000 -9999.000 -9999.000 -9999.000 -9999.000 -9999.000 -9999.000 -9999.000 -9999.000 -9999.000 -9999.000 -9999.000 -9999.000 -9999.000 -9999.000 0.2281243 0.2287204 0.2283858 0.2279127 0.2272575 0.2264139 0.2253800 0.2241480 0.2226969 0.2209853 0.2189393 0.2164312 0.2132327 0.2088995 0.2039008 0.2039008 -9999.000 -9999.000 -9999.000 -9999.000 -9999.000 -9999.000 -9999.000 -9999.000 -9999.000 -9999.000 -9999.000 -9999.000 -9999.000 -9999.000 -9999.000 -9999.000 -9999.000 -9999.000 -9999.000 -9999.000 -9999.000 -9999.000 -9999.000 -9999.000 -9999.000 -9999.000
0.1842687 0.1842687 0.1944311 0.1987620 0.2008333 0.2008333 0.2028912 0.2071348 0.2071348 0.2118861 0.2118861 0.2177106 0.2213029 0.2255661 0.2306741 0.2306741 0.2359569 0.2354150 0.2345004 0.2331729 0.2314748 0.2294696 0.2272029 0.2246686 0.2217756 0.2182944 0.2137290 0.2069573 0.1949838 0.1643253 0.1643253 0.6641441E-01 0.4323041E-01 0.3349042E-01 0.3478940E-01 0.3478940E-01 0.4444877E-01 0.4444877E-01 0.6347404E-01 0.6347404E-01 0.9677412E-01 0.1270692 0.1270692 0.1296203 0.1296203 0.1307646 0.1307646 0.1307646 0.1277315 0.1277315 0.1251006 0.1251006 0.1228633 0.1228633 0.1195198 0.1195198 0.1164603
0.1832375 0.1832375 0.1941302 0.1984800 0.2005569 0.2005569 0.2026207 0.2068793 0.2068793 0.2116420 0.2116420 0.2173553 0.2206839 0.2243135 0.2281048 0.2281048 0.2313193 0.2313300 0.2310888 0.2305182 0.2295489 0.2281235 0.2261934 0.2237044 0.2205646 0.2165853 0.2113741 0.2041085 0.1928987 0.1713115 0.1713115 0.1050106 0.8204329E-01 0.6351486E-01 0.5935039E-01 0.5935039E-01 0.5799007E-01 0.5799007E-01 0.6636285E-01 0.6636285E-01 0.8319848E-01 0.1265536 0.1265536 0.1300960 0.1300960 0.1308313 0.1308313 0.1308313 0.1274705 0.1274705 0.1248570 0.1248570 0.1231550 0.1231550 0.1193722 0.1193722 0.1163376
0.1825848 0.1825848 0.1941005 0.1984181 0.2004687 0.2004687 0.2024955 0.2066287 0.2066287 0.2111316 0.2111316 0.2162958 0.2191670 0.2221820 0.2252132 0.2252132 0.2274387 0.2273245 0.2270114 0.2264710 0.2256404 0.2244375 0.2227662 0.2205120 0.2175285 0.2136034 0.2083860 0.2012260 0.1907313 0.1727832 0.1727832 0.1209964 0.9903128E-01 0.7897896E-01 0.7374729E-01 0.7374729E-01 0.7035265E-01 0.7035265E-01 0.7506184E-01 0.7506184E-01 0.8349847E-01 0.1196403 0.1196403 0.1307635 0.1307635 0.1315528 0.1315528 0.1315528 0.1273319 0.1273319 0.1246692 0.1246692 0.1224394 0.1224394 0.1194253 0.1194253 0.1164584
0.1819872 0.1819872 0.1940597 0.1983374 0.2003532 0.2003532 0.2023318 0.2063052 0.2063052 0.2105027 0.2105027 0.2151037 0.2175590 0.2200638 0.2225175 0.2225175 0.2238546 0.2235205 0.2230121 0.2223217 0.2213991 0.2201670 0.2185248 0.2163475 0.2134758 0.2096937 0.2046771 0.1978779 0.1881949 0.1725959 0.1725959 0.1314489 0.1112377 0.9192154E-01 0.8693603E-01 0.8693603E-01 0.8398661E-01 0.8398661E-01 0.8677188E-01 0.8677188E-01 0.9036188E-01 0.1122301 0.1122301 0.1286549 0.1286549 0.1306884 0.1306884 0.1306884 0.1271851 0.1271851 0.1243746 0.1243746 0.1219499 0.1219499 0.1192120 0.1192120 0.1163790
0.1814450 0.1814450 0.1940078 0.1982347 0.2002077 0.2002077 0.2021277 0.2059130 0.2059130 0.2097716 0.2097716 0.2137961 0.2158529 0.2178904 0.2198352 0.2198352 0.2202774 0.2196791 0.2189511 0.2180802 0.2170170 0.2156870 0.2139933 0.2118157 0.2090031 0.2053565 0.2005899 0.1942399 0.1854106 0.1717004 0.1717004 0.1385633 0.1204455 0.1036083 0.9986998E-01 0.9986998E-01 0.9832314E-01 0.9832314E-01 0.9910947E-01 0.9910947E-01 0.9972042E-01 0.1089266 0.1089266 0.1237843 0.1237843 0.1291853 0.1291853 0.1291853 0.1265974 0.1265974 0.1238176 0.1238176 0.1212830 0.1212830 0.1187258 0.1187258 0.1160996
0.1809656 0.1809656 0.1939492 0.1981158 0.2000403 0.2000403 0.2018946 0.2054745 0.2054745 0.2089753 0.2089753 0.2124140 0.2140744 0.2156503 0.2170910 0.2170910 0.2165399 0.2156301 0.2146691 0.2136219 0.2124263 0.2110026 0.2092561 0.2070747 0.2043233 0.2008306 0.1963573 0.1905224 0.1825955 0.1705973 0.1705973 0.1438128 0.1281748 0.1154496 0.1134700 0.1134700 0.1126300 0.1126300 0.1106064 0.1106064 0.1090930 0.1099672 0.1099672 0.1188187 0.1188187 0.1264761 0.1264761 0.1264761 0.1252455 0.1252455 0.1228678 0.1228678 0.1204055 0.1204055 0.1180168 0.1180168 0.1156393
0.1805589 0.1805589 0.1938877 0.1979870 0.1998595 0.1998595 0.2016448 0.2050116 0.2050116 0.2081489 0.2081489 0.2109982 0.2122561 0.2133525 0.2142472 0.2142472 0.2125044 0.2112270 0.2100183 0.2088072 0.2075059 0.2060210 0.2042549 0.2021035 0.1994520 0.1961662 0.1920645 0.1868530 0.1799502 0.1697043 0.1697043 0.1484002 0.1358221 0.1284153 0.1278358 0.1278358 0.1258235 0.1258235 0.1205679 0.1205679 0.1174992 0.1135131 0.1135131 0.1159993 0.1159993 0.1229203 0.1229203 0.1229203 0.1230246 0.1230246 0.1213816 0.1213816 0.1192382 0.1192382 0.1170957 0.1170957 0.1150161
0.1802370 0.1802370 0.1938269 0.1978543 0.1996741 0.1996741 0.2013899 0.2045450 0.2045450 0.2073245 0.2073245 0.2095892 0.2104354 0.2110182 0.2112833 0.2112833 0.2080179 0.2063089 0.2048395 0.2034838 0.2021145 0.2006152 0.1988798 0.1968113 0.1943205 0.1913258 0.1877258 0.1833339 0.1777173 0.1695290 0.1695290 0.1535543 0.1447782 0.1424501 0.1420334 0.1420334 0.1370413 0.1370413 0.1288894 0.1288894 0.1247292 0.1179349 0.1179349 0.1156786 0.1156786 0.1194045 0.1194045 0.1194045 0.1201691 0.1201691 0.1193197 0.1193197 0.1177068 0.1177068 0.1159469 0.1159469 0.1142446
0.1800133 0.1800133 0.1937695 0.1977237 0.1994922 0.1994922 0.2011409 0.2040935 0.2040935 0.2065315 0.2065315 0.2082274 0.2086557 0.2086842 0.2081981 0.2081981 0.2028790 0.2006711 0.1989381 0.1974717 0.1960873 0.1946344 0.1929934 0.1910734 0.1888209 0.1862394 0.1833567 0.1801383 0.1763061 0.1707729 0.1707729 0.1605701 0.1560871 0.1563145 0.1547356 0.1547356 0.1460764 0.1460764 0.1357470 0.1357470 0.1308349 0.1223404 0.1223404 0.1170383 0.1170383 0.1166988 0.1166988 0.1166988 0.1171684 0.1171684 0.1168248 0.1168248 0.1158077 0.1158077 0.1145602 0.1145602 0.1133382
0.1799020 0.1799020 0.1937178 0.1976008 0.1993214 0.1993214 0.2009081 0.2036739 0.2036739 0.2057966 0.2057966 0.2069544 0.2069679 0.2064077 0.2050220 0.2050220 0.1968034 0.1940356 0.1920587 0.1905418 0.1892198 0.1878956 0.1864292 0.1847367 0.1828178 0.1808324 0.1790413 0.1776327 0.1764284 0.1743681 0.1743681 0.1701028 0.1696991 0.1685453 0.1655610 0.1655610 0.1532105 0.1532105 0.1413178 0.1413178 0.1358770 0.1262988 0.1262988 0.1191374 0.1191374 0.1150742 0.1150742 0.1150742 0.1145072 0.1145072 0.1141879 0.1141879 0.1136472 0.1136472 0.1129705 0.1129705 0.1123195
0.1799169 0.1799169 0.1936731 0.1974905 0.1991683 0.1991683 0.2007000 0.2033008 0.2033008 0.2051432 0.2051432 0.2058106 0.2054288 0.2042691 0.2018422 0.2018422 0.1893738 0.1860121 0.1838502 0.1823855 0.1812432 0.1801635 0.1789782 0.1776097 0.1761407 0.1750490 0.1750324 0.1765196 0.1791112 0.1814135 0.1814135 0.1826501 0.1835961 0.1784855 0.1733278 0.1733278 0.1589382 0.1589382 0.1457634 0.1457634 0.1399408 0.1296540 0.1296540 0.1213606 0.1213606 0.1143915 0.1143915 0.1143915 0.1124735 0.1124735 0.1117356 0.1117356 0.1114290 0.1114290 0.1112798 0.1112798 0.1112401
