simulation_files/asc/Depth____000015.asc
NCOLS        79
NROWS        79
XLLCENTER         -1.500000
YLLCENTER         -4.800000
CELLSIZE           0.100
NODATA_VALUE     -9999.0
[rows 0 to 24 of 79, columns 0 to 56 of 79]
-9999.000 -9999.000 -9999.000 -9999.000 -9999.000 -9999.000 -9999.000 -9999.000 -9999.000 -9999.000 -9999.000 -9999.000 -9999.000 -9999.000 -9999.000 0.4927633E-01 0.4898498E-01 0.4892727E-01 0.4890601E-01 0.4889817E-01 0.4889530E-01 0.4889427E-01 0.4889403E-01 0.4889428E-01 0.4889529E-01 0.4889817E-01 0.4890601E-01 0.4892727E-01 0.4898497E-01 0.4927633E-01 0.4927633E-01 -9999.000 -9999.000 -9999.000 -9999.000 -9999.000 -9999.000 -9999.000 -9999.000 -9999.000 -9999.000 -9999.000 -9999.000 -9999.000 -9999.000 -9999.000 -9999.000 -9999.000 -9999.000 -9999.000 -9999.000 -9999.000 -9999.000 -9999.000 -9999.000 -9999.000 -9999.000
-9999.000 -9999.000 -9999.000 -9999.000 -9999.000 -9999.000 -9999.000 -9999.000 -9999.000 -9999.000 -9999.000 -9999.000 -9999.000 -9999.000 -9999.000 0.4962840E-01 0.4921949E-01 0.4910665E-01 0.4905202E-01 0.4902700E-01 0.4901608E-01 0.4901168E-01 0.4901051E-01 0.4901168E-01 0.4901608E-01 0.4902699E-01 0.4905202E-01 0.4910666E-01 0.4921948E-01 0.4962838E-01 0.4962838E-01 -9999.000 -9999.000 -9999.000 -9999.000 -9999.000 -9999.000 -9999.000 -9999.000 -9999.000 -9999.000 -9999.000 -9999.000 -9999.000 -9999.000 -9999.000 -9999.000 -9999.000 -9999.000 -9999.000 -9999.000 -9999.000 -9999.000 -9999.000 -9999.000 -9999.000 -9999.000
-9999.000 -9999.000 -9999.000 -9999.000 -9999.000 -9999.000 -9999.000 -9999.000 -9999.000 -9999.000 -9999.000 -9999.000 -9999.000 -9999.000 -9999.000 0.4987095E-01 0.4944430E-01 0.4929906E-01 0.4921195E-01 0.4916429E-01 0.4914022E-01 0.4912935E-01 0.4912628E-01 0.4912934E-01 0.4914022E-01 0.4916429E-01 0.4921195E-01 0.4929905E-01 0.4944428E-01 0.4987095E-01 0.4987095E-01 -9999.000 -9999.000 -9999.000 -9999.000 -9999.000 -9999.000 -9999.000 -9999.000 -9999.000 -9999.000 -9999.000 -9999.000 -9999.000 -9999.000 -9999.000 -9999.000 -9999.000 -9999.000 -9999.000 -9999.000 -9999.000 -9999.000 -9999.000 -9999.000 -9999.000 -9999.000
-9999.000 -9999.000 -9999.000 -9999.000 -9999.000 -9999.000 -9999.000 -9999.000 -9999.000 -9999.000 -9999.000 -9999.000 -9999.000 -9999.000 -9999.000 0.5003800E-01 0.4964356E-01 0.4949009E-01 0.4938033E-01 0.4931039E-01 0.4927035E-01 0.4925049E-01 0.4924455E-01 0.4925049E-01 0.4927035E-01 0.4931039E-01 0.4938032E-01 0.4949008E-01 0.4964356E-01 0.5003799E-01 0.5003799E-01 -9999.000 -9999.000 -9999.000 -9999.000 -9999.000 -9999.000 -9999.000 -9999.000 -9999.000 -9999.000 -9999.000 -9999.000 -9999.000 -9999.000 -9999.000 -9999.000 -9999.000 -9999.000 -9999.000 -9999.000 -9999.000 -9999.000 -9999.000 -9999.000 -9999.000 -9999.000
-9999.000 -9999.000 -9999.000 -9999.000 -9999.000 -9999.000 -9999.000 -9999.000 -9999.000 -9999.000 -9999.000 -9999.000 -9999.000 -9999.000 -9999.000 0.5015639E-01 0.4981290E-01 0.4966925E-01 0.4954989E-01 0.4946300E-01 0.4940753E-01 0.4937769E-01 0.4936839E-01 0.4937769E-01 0.4940753E-01 0.4946299E-01 0.4954988E-01 0.4966925E-01 0.4981290E-01 0.5015639E-01 0.5015639E-01 -9999.000 -9999.000 -9999.000 -9999.000 -9999.000 -9999.000 -9999.000 -9999.000 -9999.000 -9999.000 -9999.000 -9999.000 -9999.000 -9999.000 -9999.000 -9999.000 -9999.000 -9999.000 -9999.000 -9999.000 -9999.000 -9999.000 -9999.000 -9999.000 -9999.000 -9999.000
-9999.000 -9999.000 -9999.000 -9999.000 -9999.000 -9999.000 -9999.000 -9999.000 -9999.000 -9999.000 -9999.000 -9999.000 -9999.000 -9999.000 -9999.000 0.5024543E-01 0.4995427E-01 0.4983087E-01 0.4971407E-01 0.4961839E-01 0.4955120E-01 0.4951246E-01 0.4949992E-01 0.4951246E-01 0.4955120E-01 0.4961839E-01 0.4971407E-01 0.4983086E-01 0.4995426E-01 0.5024543E-01 0.5024543E-01 -9999.000 -9999.000 -9999.000 -9999.000 -9999.000 -9999.000 -9999.000 -9999.000 -9999.000 -9999.000 -9999.000 -9999.000 -9999.000 -9999.000 -9999.000 -9999.000 -9999.000 -9999.000 -9999.000 -9999.000 -9999.000 -9999.000 -9999.000 -9999.000 -9999.000 -9999.000
-9999.000 -9999.000 -9999.000 -9999.000 -9999.000 -9999.000 -9999.000 -9999.000 -9999.000 -9999.000 -9999.000 -9999.000 -9999.000 -9999.000 -9999.000 0.1014607 0.9349477E-01 0.8535498E-01 0.7725793E-01 0.6902906E-01 0.6115104E-01 0.5455998E-01 0.5060064E-01 0.4973759E-01 0.4970910E-01 0.4977385E-01 0.4986851E-01 0.4997333E-01 0.5007235E-01 0.5031798E-01 0.5031798E-01 -9999.000 -9999.000 -9999.000 -9999.000 -9999.000 -9999.000 -9999.000 -9999.000 -9999.000 -9999.000 -9999.000 -9999.000 -9999.000 -9999.000 -9999.000 -9999.000 -9999.000 -9999.000 -9999.000 -9999.000 -9999.000 -9999.000 -9999.000 -9999.000 -9999.000 -9999.000
-9999.000 -9999.000 -9999.000 -9999.000 -9999.000 -9999.000 -9999.000 -9999.000 -9999.000 -9999.000 -9999.000 -9999.000 -9999.000 -9999.000 -9999.000 0.1270583 0.1281756 0.1281835 0.1276431 0.1265434 0.1249094 0.1225170 0.1185258 0.1117255 0.1037746 0.9596292E-01 0.8909310E-01 0.8378389E-01 0.8250526E-01 0.9345359E-01 0.9345359E-01 -9999.000 -9999.000 -9999.000 -9999.000 -9999.000 -9999.000 -9999.000 -9999.000 -9999.000 -9999.000 -9999.000 -9999.000 -9999.000 -9999.000 -9999.000 -9999.000 -9999.000 -9999.000 -9999.000 -9999.000 -9999.000 -9999.000 -9999.000 -9999.000 -9999.000 -9999.000
-9999.000 -9999.000 -9999.000 -9999.000 -9999.000 -9999.000 -9999.000 -9999.000 -9999.000 -9999.000 -9999.000 -9999.000 -9999.000 -9999.000 -9999.000 0.1324355 0.1332460 0.1330893 0.1328859 0.1327619 0.1328776 0.1332794 0.1337833 0.1340982 0.1341145 0.1338033 0.1332655 0.1326110 0.1312146 0.1296525 0.1296525 -9999.000 -9999.000 -9999.000 -9999.000 -9999.000 -9999.000 -9999.000 -9999.000 -9999.000 -9999.000 -9999.000 -9999.000 -9999.000 -9999.000 -9999.000 -9999.000 -9999.000 -9999.000 -9999.000 -9999.000 -9999.000 -9999.000 -9999.000 -9999.000 -9999.000 -9999.000
-9999.000 -9999.000 -9999.000 -9999.000 -9999.000 -9999.000 -9999.000 -9999.000 -9999.000 -9999.000 -9999.000 -9999.000 -9999.000 -9999.000 -9999.000 0.1364384 0.1372141 0.1369260 0.1366097 0.1363972 0.1363592 0.1364561 0.1365257 0.1364602 0.1361797 0.1356585 0.1349864 0.1343689 0.1337119 0.1331119 0.1331119 -9999.000 -9999.000 -9999.000 -9999.000 -9999.000 -9999.000 -9999.000 -9999.000 -9999.000 -9999.000 -9999.000 -9999.000 -9999.000 -9999.000 -9999.000 -9999.000 -9999.000 -9999.000 -9999.000 -9999.000 -9999.000 -9999.000 -9999.000 -9999.000 -9999.000 -9999.000
-9999.000 -9999.000 -9999.000 -9999.000 -9999.000 -9999.000 -9999.000 -9999.000 -9999.000 -9999.000 -9999.000 -9999.000 -9999.000 -9999.000 -9999.000 0.1398804 0.1407125 0.1403925 0.1399847 0.1396231 0.1393367 0.1390742 0.1387399 0.1382812 0.1376424 0.1368209 0.1359310 0.1352084 0.1347200 0.1345390 0.1345390 -9999.000 -9999.000 -9999.000 -9999.000 -9999.000 -9999.000 -9999.000 -9999.000 -9999.000 -9999.000 -9999.000 -9999.000 -9999.000 -9999.000 -9999.000 -9999.000 -9999.000 -9999.000 -9999.000 -9999.000 -9999.000 -9999.000 -9999.000 -9999.000 -9999.000 -9999.000
-9999.000 -9999.000 -9999.000 -9999.000 -9999.000 -9999.000 -9999.000 -9999.000 -9999.000 -9999.000 -9999.000 -9999.000 -9999.000 -9999.000 -9999.000 0.1429572 0.1438512 0.1435346 0.1430482 0.1425272 0.1419948 0.1414210 0.1407673 0.1400066 0.1391111 0.1380988 0.1370766 0.1362388 0.1356610 0.1355713 0.1355713 -9999.000 -9999.000 -9999.000 -9999.000 -9999.000 -9999.000 -9999.000 -9999.000 -9999.000 -9999.000 -9999.000 -9999.000 -9999.000 -9999.000 -9999.000 -9999.000 -9999.000 -9999.000 -9999.000 -9999.000 -9999.000 -9999.000 -9999.000 -9999.000 -9999.000 -9999.000
-9999.000 -9999.000 -9999.000 -9999.000 -9999.000 -9999.000 -9999.000 -9999.000 -9999.000 -9999.000 -9999.000 -9999.000 -9999.000 -9999.000 -9999.000 0.1457473 0.1466937 0.1463921 0.1458351 0.1451634 0.1444129 0.1435807 0.1426595 0.1416406 0.1405171 0.1393132 0.1381062 0.1370273 0.1361252 0.1358791 0.1358791 -9999.000 -9999.000 -9999.000 -9999.000 -9999.000 -9999.000 -9999.000 -9999.000 -9999.000 -9999.000 -9999.000 -9999.000 -9999.000 -9999.000 -9999.000 -9999.000 -9999.000 -9999.000 -9999.000 -9999.000 -9999.000 -9999.000 -9999.000 -9999.000 -9999.000 -9999.000
-9999.000 -9999.000 -9999.000 -9999.000 -9999.000 -9999.000 -9999.000 -9999.000 -9999.000 -9999.000 -9999.000 -9999.000 -9999.000 -9999.000 -9999.000 0.1482904 0.1492792 0.1489918 0.1483690 0.1475630 0.1466264 0.1455760 0.1444168 0.1431489 0.1417700 0.1402904 0.1387388 0.1371692 0.1355840 0.1347620 0.1347620 -9999.000 -9999.000 -9999.000 -9999.000 -9999.000 -9999.000 -9999.000 -9999.000 -9999.000 -9999.000 -9999.000 -9999.000 -9999.000 -9999.000 -9999.000 -9999.000 -9999.000 -9999.000 -9999.000 -9999.000 -9999.000 -9999.000 -9999.000 -9999.000 -9999.000 -9999.000
-9999.000 -9999.000 -9999.000 -9999.000 -9999.000 -9999.000 -9999.000 -9999.000 -9999.000 -9999.000 -9999.000 -9999.000 -9999.000 -9999.000 -9999.000 0.1503901 0.1515892 0.1513686 0.1507052 0.1497837 0.1486830 0.1474338 0.1460440 0.1445085 0.1428073 0.1409060 0.1387439 0.1362287 0.1331526 0.1301357 0.1301357 -9999.000 -9999.000 -9999.000 -9999.000 -9999.000 -9999.000 -9999.000 -9999.000 -9999.000 -9999.000 -9999.000 -9999.000 -9999.000 -9999.000 -9999.000 -9999.000 -9999.000 -9999.000 -9999.000 -9999.000 -9999.000 -9999.000 -9999.000 -9999.000 -9999.000 -9999.000
0.1287118 0.1287118 0.1310223 0.1329041 0.1335078 0.1335078 0.1341770 0.1364498 0.1364498 0.1400206 0.1400206 0.1447807 0.1475462 0.1505178 0.1536235 0.1536235 0.1569386 0.1559651 0.1544217 0.1526579 0.1508179 0.1489336 0.1469775 0.1448849 0.1425428 0.1397498 0.1361039 0.1307125 0.1210951 0.9742060E-01 0.9742060E-01 0.3266014E-01 0.1611684E-01 0.1044729E-01 0.1152956E-01 0.1152956E-01 0.2881263E-01 0.2881263E-01 0.3244229E-01 0.3244229E-01 0.3517210E-01 0.4582068E-01 0.4582068E-01 0.5719511E-01 0.5719511E-01 0.6740293E-01 0.6740293E-01 0.6740293E-01 0.6959213E-01 0.6959213E-01 0.7007036E-01 0.7007036E-01 0.6959523E-01 0.6959523E-01 0.6861344E-01 0.6861344E-01 0.6771429E-01
0.1282690 0.1282690 0.1308407 0.1327750 0.1333999 0.1333999 0.1340837 0.1363842 0.1363842 0.1399774 0.1399774 0.1446308 0.1471894 0.1497631 0.1522187 0.1522187 0.1543990 0.1540702 0.1531507 0.1518153 0.1501780 0.1483000 0.1461962 0.1438337 0.1411159 0.1378523 0.1336890 0.1279559 0.1191154 0.1021307 0.1021307 0.5932495E-01 0.4291790E-01 0.2936276E-01 0.2934725E-01 0.2934725E-01 0.2907716E-01 0.2907716E-01 0.3343153E-01 0.3343153E-01 0.3600277E-01 0.4548948E-01 0.4548948E-01 0.5633729E-01 0.5633729E-01 0.6680961E-01 0.6680961E-01 0.6680961E-01 0.6904230E-01 0.6904230E-01 0.6964624E-01 0.6964624E-01 0.6929146E-01 0.6929146E-01 0.6838358E-01 0.6838358E-01 0.6798654E-01
0.1280160 0.1280160 0.1307641 0.1326960 0.1332993 0.1332993 0.1339449 0.1361144 0.1361144 0.1394684 0.1394684 0.1437217 0.1460070 0.1482617 0.1503758 0.1503758 0.1519710 0.1516937 0.1509542 0.1498421 0.1484097 0.1466752 0.1446290 0.1422305 0.1393910 0.1359469 0.1316109 0.1258697 0.1176262 0.1035095 0.1035095 0.6978914E-01 0.5490968E-01 0.4183581E-01 0.3819432E-01 0.3819432E-01 0.3498491E-01 0.3498491E-01 0.3847298E-01 0.3847298E-01 0.4127793E-01 0.4823641E-01 0.4823641E-01 0.5595365E-01 0.5595365E-01 0.6556392E-01 0.6556392E-01 0.6556392E-01 0.6806222E-01 0.6806222E-01 0.6893285E-01 0.6893285E-01 0.6877189E-01 0.6877189E-01 0.6799464E-01 0.6799464E-01 0.6717214E-01
0.1277565 0.1277565 0.1306689 0.1325898 0.1331630 0.1331630 0.1337597 0.1357673 0.1357673 0.1388475 0.1388475 0.1426997 0.1447397 0.1467282 0.1485726 0.1485726 0.1496488 0.1492942 0.1485639 0.1475095 0.1461585 0.1445087 0.1425320 0.1401731 0.1373399 0.1338850 0.1295700 0.1239891 0.1163108 0.1040457 0.1040457 0.7676595E-01 0.6298560E-01 0.4989213E-01 0.4588313E-01 0.4588313E-01 0.4291051E-01 0.4291051E-01 0.4643474E-01 0.4643474E-01 0.4897387E-01 0.5310575E-01 0.5310575E-01 0.5674135E-01 0.5674135E-01 0.6360222E-01 0.6360222E-01 0.6360222E-01 0.6625165E-01 0.6625165E-01 0.6750941E-01 0.6750941E-01 0.6770251E-01 0.6770251E-01 0.6717978E-01 0.6717978E-01 0.6638654E-01
0.1274665 0.1274665 0.1305821 0.1324591 0.1329957 0.1329957 0.1335352 0.1353586 0.1353586 0.1381413 0.1381413 0.1415884 0.1433958 0.1451406 0.1467426 0.1467426 0.1473325 0.1468560 0.1460718 0.1450046 0.1436665 0.1420472 0.1401131 0.1378044 0.1350291 0.1316520 0.1274689 0.1221475 0.1150319 0.1042086 0.1042086 0.8175490E-01 0.6911965E-01 0.5700312E-01 0.5374865E-01 0.5374865E-01 0.5263734E-01 0.5263734E-01 0.5598992E-01 0.5598992E-01 0.5746134E-01 0.5857219E-01 0.5857219E-01 0.5893556E-01 0.5893556E-01 0.6211410E-01 0.6211410E-01 0.6211410E-01 0.6416947E-01 0.6416947E-01 0.6555134E-01 0.6555134E-01 0.6609610E-01 0.6609610E-01 0.6591816E-01 0.6591816E-01 0.6531026E-01
0.1271832 0.1271832 0.1304717 0.1323112 0.1328074 0.1328074 0.1332849 0.1349109 0.1349109 0.1373793 0.1373793 0.1404093 0.1419834 0.1434870 0.1448492 0.1448492 0.1449458 0.1443226 0.1434560 0.1423477 0.1409950 0.1393817 0.1374737 0.1352147 0.1325202 0.1292691 0.1252856 0.1202920 0.1137570 0.1041782 0.1041782 0.8552141E-01 0.7412268E-01 0.6438398E-01 0.6268529E-01 0.6268529E-01 0.6364626E-01 0.6364626E-01 0.6541224E-01 0.6541224E-01 0.6535883E-01 0.6380166E-01 0.6380166E-01 0.6195502E-01 0.6195502E-01 0.6173493E-01 0.6173493E-01 0.6173493E-01 0.6250622E-01 0.6250622E-01 0.6346723E-01 0.6346723E-01 0.6411041E-01 0.6411041E-01 0.6423081E-01 0.6423081E-01 0.6389449E-01
0.1269044 0.1269044 0.1303620 0.1321559 0.1326081 0.1326081 0.1330204 0.1344422 0.1344422 0.1365865 0.1365865 0.1391823 0.1405115 0.1417591 0.1428619 0.1428619 0.1424132 0.1416230 0.1406592 0.1395013 0.1381299 0.1365211 0.1346408 0.1324392 0.1298445 0.1267547 0.1230231 0.1184196 0.1125118 0.1041124 0.1041124 0.8868773E-01 0.7891492E-01 0.7315085E-01 0.7317172E-01 0.7317172E-01 0.7454877E-01 0.7454877E-01 0.7345786E-01 0.7345786E-01 0.7199315E-01 0.6847994E-01 0.6847994E-01 0.6520561E-01 0.6520561E-01 0.6243144E-01 0.6243144E-01 0.6243144E-01 0.6170925E-01 0.6170925E-01 0.6176224E-01 0.6176224E-01 0.6208389E-01 0.6208389E-01 0.6227500E-01 0.6227500E-01 0.6216560E-01
0.1266378 0.1266378 0.1302564 0.1319999 0.1324068 0.1324068 0.1327534 0.1339717 0.1339717 0.1357893 0.1357893 0.1379310 0.1389937 0.1399529 0.1407496 0.1407496 0.1396426 0.1386660 0.1375997 0.1363964 0.1350173 0.1334282 0.1315937 0.1294716 0.1270057 0.1241191 0.1206999 0.1165704 0.1113911 0.1042416 0.1042416 0.9194157E-01 0.8472288E-01 0.8355295E-01 0.8427680E-01 0.8427680E-01 0.8384689E-01 0.8384689E-01 0.7981671E-01 0.7981671E-01 0.7735775E-01 0.7255536E-01 0.7255536E-01 0.6833341E-01 0.6833341E-01 0.6379726E-01 0.6379726E-01 0.6379726E-01 0.6177560E-01 0.6177560E-01 0.6074599E-01 0.6074599E-01 0.6038974E-01 0.6038974E-01 0.6032698E-01 0.6032698E-01 0.6026135E-01
0.1263951 0.1263951 0.1301597 0.1318500 0.1322120 0.1322120 0.1324946 0.1335163 0.1335163 0.1350128 0.1350128 0.1366829 0.1374507 0.1380713 0.1384805 0.1384805 0.1365089 0.1353287 0.1341660 0.1329351 0.1315731 0.1300331 0.1282780 0.1262739 0.1239848 0.1213665 0.1183560 0.1148450 0.1105983 0.1048897 0.1048897 0.9602001E-01 0.9302448E-01 0.9429967E-01 0.9421811E-01 0.9421811E-01 0.9101170E-01 0.9101170E-01 0.8476358E-01 0.8476358E-01 0.8168779E-01 0.7604301E-01 0.7604301E-01 0.7115980E-01 0.7115980E-01 0.6542527E-01 0.6542527E-01 0.6542527E-01 0.6242555E-01 0.6242555E-01 0.6041675E-01 0.6041675E-01 0.5924552E-01 0.5924552E-01 0.5866494E-01 0.5866494E-01 0.5839789E-01
0.1261892 0.1261892 0.1300761 0.1317123 0.1320310 0.1320310 0.1322535 0.1330916 0.1330916 0.1342819 0.1342819 0.1354721 0.1359149 0.1361312 0.1360262 0.1360262 0.1328285 0.1314372 0.1302043 0.1289839 0.1276812 0.1262355 0.1246091 0.1227807 0.1207428 0.1185009 0.1160688 0.1134478 0.1105517 0.1069246 0.1069246 0.1024805 0.1025467 0.1036607 0.1020610 0.1020610 0.9650157E-01 0.9650157E-01 0.8863873E-01 0.8863873E-01 0.8516478E-01 0.7893983E-01 0.7893983E-01 0.7358533E-01 0.7358533E-01 0.6703418E-01 0.6703418E-01 0.6703418E-01 0.6334481E-01 0.6334481E-01 0.6057449E-01 0.6057449E-01 0.5865027E-01 0.5865027E-01 0.5744694E-01 0.5744694E-01 0.5678325E-01
