simulation_files/asc/Depth____325.0.asc
NCOLS       216
NROWS       273
XLLCENTER        494.688995
YLLCENTER        787.867981
CELLSIZE           0.500
NODATA_VALUE     -9999.0
[rows 182 to 207 of 273, columns 120 to 179 of 216]
-9999.000 -9999.000 -9999.000 -9999.000 -9999.000 -9999.000 -9999.000 -9999.000 -9999.000 0.6046829E-01 0.1508602 0.2251816 0.2321299 0.1835394 0.1055485 0.5719878E-01 0.2394324E-01 0.4249594E-01 0.7163373E-01 0.7189035E-01 0.6480626E-01 0.1253456 0.2256737 0.2188904 0.2246586 0.2712046 0.2774566 0.2522102 0.2717694 0.3119232 0.3418113 0.3681967 0.3454502 0.3055558 0.2838853 0.2909054 0.2921241 0.2960526 0.2660368 0.2106087 0.1431801 0.6390286E-01 -9999.000 -9999.000 -9999.000 -9999.000 -9999.000 -9999.000 -9999.000 -9999.000 -9999.000 -9999.000 -9999.000 -9999.000 -9999.000 -9999.000 -9999.000 -9999.000 -9999.000 -9999.000
-9999.000 -9999.000 -9999.000 -9999.000 -9999.000 -9999.000 -9999.000 -9999.000 -9999.000 0.4669819E-01 0.1282477 0.2060655 0.2330826 0.2072485 0.1593336 0.9871293E-01 0.4792240E-01 0.4669797E-01 0.6577957E-01 0.5618366E-01 0.5564937E-01 0.1138162 0.1772187 0.1880712 0.2209032 0.2935961 0.3138486 0.2656698 0.2775739 0.3480516 0.3747003 0.3852084 0.3746361 0.3272373 0.3114779 0.3048503 0.3091943 0.3114818 0.2936236 0.2703976 0.1834382 0.7365941E-01 -9999.000 -9999.000 -9999.000 -9999.000 -9999.000 -9999.000 -9999.000 -9999.000 -9999.000 -9999.000 -9999.000 -9999.000 -9999.000 -9999.000 -9999.000 -9999.000 -9999.000 -9999.000
-9999.000 -9999.000 -9999.000 -9999.000 -9999.000 -9999.000 -9999.000 -9999.000 -9999.000 -9999.000 0.1184695 0.2067707 0.2397049 0.2366565 0.2016515 0.1471314 0.8803089E-01 0.5771830E-01 0.5554781E-01 0.5102396E-01 0.5942681E-01 0.8621625E-01 0.1021850 0.1154483 0.1721125 0.2529472 0.3013543 0.2869017 0.3104720 0.3580590 0.3377303 0.3276471 0.3323441 0.3174339 0.2740430 0.2720449 0.2776105 0.2906380 0.2963231 0.2846362 0.2332803 0.1272099 0.5631750E-01 -9999.000 -9999.000 -9999.000 -9999.000 -9999.000 -9999.000 -9999.000 -9999.000 -9999.000 -9999.000 -9999.000 -9999.000 -9999.000 -9999.000 -9999.000 -9999.000 -9999.000
-9999.000 -9999.000 -9999.000 -9999.000 -9999.000 -9999.000 -9999.000 -9999.000 -9999.000 0.1322977E-01 0.1116390 0.2037637 0.2496230 0.2527854 0.2325372 0.1857919 0.1176439 0.7429136E-01 0.5763611E-01 0.6485274E-01 0.7688128E-01 0.7745576E-01 0.6792352E-01 0.8598200E-01 0.1289106 0.1893498 0.2422381 0.2661317 0.3346493 0.3120724 0.2447729 0.2589524 0.2768939 0.2102217 0.1741813 0.1542140 0.1857222 0.2098718 0.2448013 0.2546001 0.2242371 0.1583588 0.1189579 0.6661254E-01 -9999.000 -9999.000 -9999.000 -9999.000 -9999.000 -9999.000 -9999.000 -9999.000 -9999.000 -9999.000 -9999.000 -9999.000 -9999.000 -9999.000 -9999.000 -9999.000
-9999.000 -9999.000 -9999.000 -9999.000 -9999.000 -9999.000 -9999.000 -9999.000 -9999.000 -9999.000 -9999.000 0.1769695 0.2395493 0.2510140 0.2424503 0.1998738 0.1411045 0.7790366E-01 0.4864531E-01 0.5129461E-01 0.6974178E-01 0.7033037E-01 0.6913128E-01 0.9693108E-01 0.1505340 0.1957432 0.2301167 0.2550167 0.2679117 0.2179275 0.1944004 0.2906276 0.3133457 0.2601388 0.1851045 0.1623014 0.1775670 0.1967303 0.2142914 0.2268755 0.2159258 0.1868966 0.1505951 0.1063734 -9999.000 -9999.000 -9999.000 -9999.000 -9999.000 -9999.000 -9999.000 -9999.000 -9999.000 -9999.000 -9999.000 -9999.000 -9999.000 -9999.000 -9999.000 -9999.000
-9999.000 -9999.000 -9999.000 -9999.000 -9999.000 -9999.000 -9999.000 -9999.000 -9999.000 -9999.000 -9999.000 0.1595971 0.2123221 0.2235812 0.2356864 0.2002330 0.1177706 0.7162626E-01 0.4618279E-01 0.3183398E-01 0.4048852E-01 0.6026553E-01 0.7556250E-01 0.1176155 0.1929826 0.2186361 0.2118818 0.1926356 0.1994494 0.1932462 0.2042875 0.2914943 0.3575631 0.3375687 0.2741705 0.2028246 0.2082881 0.2327088 0.2321704 0.2146283 0.2105615 0.1799127 0.1351514 0.9100555E-01 -9999.000 -9999.000 -9999.000 -9999.000 -9999.000 -9999.000 -9999.000 -9999.000 -9999.000 -9999.000 -9999.000 -9999.000 -9999.000 -9999.000 -9999.000 -9999.000
-9999.000 -9999.000 -9999.000 -9999.000 -9999.000 -9999.000 -9999.000 -9999.000 -9999.000 -9999.000 -9999.000 0.1607332 0.1932744 0.1959280 0.2148320 0.1914243 0.1320585 0.1013095 0.7174066E-01 0.4282167E-01 0.3163256E-01 0.3804584E-01 0.5696197E-01 0.9749018E-01 0.1389792 0.1481545 0.1734542 0.1740093 0.2142008 0.2469849 0.2285991 0.2613606 0.3124838 0.3011963 0.2677694 0.2347563 0.2283852 0.2240620 0.1925789 0.1943744 0.2083476 0.1972084 0.1824201 0.1476360 0.1090332 0.6811015E-01 -9999.000 -9999.000 -9999.000 -9999.000 -9999.000 -9999.000 -9999.000 -9999.000 -9999.000 -9999.000 -9999.000 -9999.000 -9999.000 -9999.000
-9999.000 -9999.000 -9999.000 -9999.000 -9999.000 -9999.000 -9999.000 -9999.000 -9999.000 -9999.000 -9999.000 0.9460620E-01 0.1598235 0.1929252 0.2164714 0.2137233 0.1894286 0.1634183 0.1164501 0.8710302E-01 0.4403405E-01 0.2167606E-01 0.3193916E-01 0.6231181E-01 0.8117824E-01 0.9679770E-01 0.1782201 0.2183156 0.2609999 0.2876745 0.2774416 0.2655705 0.2591082 0.2345152 0.2435861 0.2500221 0.2449028 0.1909288 0.1847490 0.2197588 0.2352259 0.2310445 0.2441193 0.2265825 0.1881441 0.1126942 -9999.000 -9999.000 -9999.000 -9999.000 -9999.000 -9999.000 -9999.000 -9999.000 -9999.000 -9999.000 -9999.000 -9999.000 -9999.000 -9999.000
-9999.000 -9999.000 -9999.000 -9999.000 -9999.000 -9999.000 -9999.000 -9999.000 -9999.000 -9999.000 -9999.000 -9999.000 0.1052487 0.1608062 0.1992828 0.2167174 0.2203031 0.2114238 0.1585814 0.1185742 0.6735956E-01 0.1839830E-01 0.1837428E-01 0.2942388E-01 0.4854370E-01 0.9220709E-01 0.1686699 0.2218197 0.2619412 0.2883632 0.2775029 0.2791273 0.2910310 0.2638603 0.2575035 0.2965778 0.2574705 0.2218134 0.2529654 0.2818870 0.2803583 0.2713387 0.2904833 0.2720255 0.2336449 0.1466268 0.4141382E-01 -9999.000 -9999.000 -9999.000 -9999.000 -9999.000 -9999.000 -9999.000 -9999.000 -9999.000 -9999.000 -9999.000 -9999.000 -9999.000
-9999.000 -9999.000 -9999.000 -9999.000 -9999.000 -9999.000 -9999.000 -9999.000 -9999.000 -9999.000 -9999.000 -9999.000 0.5297372E-01 0.1063703 0.1616396 0.1987182 0.2324220 0.2376789 0.2016690 0.1606495 0.1116399 0.5153478E-01 0.2973246E-01 0.3335845E-01 0.4193407E-01 0.6960164E-01 0.1188825 0.1779711 0.2278184 0.2614387 0.2569163 0.2687634 0.2905383 0.2524802 0.2696511 0.3046848 0.2531049 0.2604178 0.3219048 0.3456704 0.3150844 0.3105405 0.3277175 0.2784473 0.2216161 0.1309119 0.4120342E-01 -9999.000 -9999.000 -9999.000 -9999.000 -9999.000 -9999.000 -9999.000 -9999.000 -9999.000 -9999.000 -9999.000 -9999.000 -9999.000
-9999.000 -9999.000 -9999.000 -9999.000 -9999.000 -9999.000 -9999.000 -9999.000 -9999.000 -9999.000 -9999.000 -9999.000 -9999.000 0.5965987E-01 0.1194481 0.1834021 0.2119138 0.2370989 0.2348880 0.1975882 0.1568961 0.1047833 0.6239153E-01 0.3681833E-01 0.2965532E-01 0.3962982E-01 0.7003732E-01 0.1384650 0.2084728 0.2505539 0.2287894 0.2221605 0.2202002 0.2211264 0.2898367 0.3138924 0.2658970 0.2885431 0.3640055 0.3792147 0.3479016 0.3166888 0.2649488 0.2030920 0.1629563 0.1129549 0.7871198E-01 0.4923118E-01 -9999.000 -9999.000 -9999.000 -9999.000 -9999.000 -9999.000 -9999.000 -9999.000 -9999.000 -9999.000 -9999.000 -9999.000
-9999.000 -9999.000 -9999.000 -9999.000 -9999.000 -9999.000 -9999.000 -9999.000 -9999.000 -9999.000 -9999.000 -9999.000 -9999.000 0.3633680E-01 0.1056877 0.1280440 0.1102619 0.1425034 0.1921174 0.1981339 0.1894219 0.1488316 0.9561678E-01 0.5013595E-01 0.2509286E-01 -9999.000 0.3565975E-01 0.9990278E-01 0.1833044 0.2195318 0.1632017 0.1871990 0.2199308 0.2363404 0.3036361 0.3287984 0.3013467 0.3196762 0.3559810 0.3683264 0.3243007 0.2328936 0.1957741 0.1587620 0.1689456 0.1818680 0.1615538 0.1237943 0.9257934E-01 -9999.000 -9999.000 -9999.000 -9999.000 -9999.000 -9999.000 -9999.000 -9999.000 -9999.000 -9999.000 -9999.000
-9999.000 -9999.000 -9999.000 -9999.000 -9999.000 -9999.000 -9999.000 -9999.000 -9999.000 -9999.000 -9999.000 -9999.000 -9999.000 -9999.000 0.9026684E-01 0.7053058E-01 -9999.000 0.3924585E-01 0.1014704 0.1687108 0.2101591 0.1818610 0.1450687 0.9378359E-01 0.5494864E-01 0.4695683E-01 0.3305741E-01 0.7645029E-01 0.1499801 0.1638513 0.1307417 0.1815439 0.2357563 0.2580460 0.2938261 0.3231071 0.3190913 0.3150925 0.3273601 0.3241028 0.2752012 0.2602379 0.2341717 0.2264819 0.2501410 0.2544411 0.2459926 0.2394223 0.1687901 0.7402887E-01 -9999.000 -9999.000 -9999.000 -9999.000 -9999.000 -9999.000 -9999.000 -9999.000 -9999.000 -9999.000
-9999.000 -9999.000 -9999.000 -9999.000 -9999.000 -9999.000 -9999.000 -9999.000 -9999.000 -9999.000 -9999.000 -9999.000 -9999.000 -9999.000 -9999.000 -9999.000 0.3516846E-01 0.5671396E-01 0.7881046E-01 0.1199354 0.1721936 0.1827419 0.1545161 0.1024630 0.6130394E-01 0.3682845E-01 0.2891080E-01 0.4602116E-01 0.9542536E-01 0.1199270 0.1246749 0.1613113 0.2211398 0.2474200 0.2738705 0.2924905 0.3023537 0.2979543 0.3097645 0.3211751 0.3210082 0.3258068 0.3004312 0.2870031 0.2826551 0.2847726 0.2694835 0.2611769 0.1974060 0.1063765 -9999.000 -9999.000 -9999.000 -9999.000 -9999.000 -9999.000 -9999.000 -9999.000 -9999.000 -9999.000
-9999.000 -9999.000 -9999.000 -9999.000 -9999.000 -9999.000 -9999.000 -9999.000 -9999.000 -9999.000 -9999.000 -9999.000 -9999.000 -9999.000 -9999.000 -9999.000 0.4791254E-01 0.9334408E-01 0.9783926E-01 0.1041161 0.1395301 0.1564474 0.1395184 0.1071410 0.6650724E-01 0.3480844E-01 0.1734945E-01 -9999.000 -9999.000 0.5815173E-01 0.1014373 0.1317925 0.1713211 0.1955252 0.2378092 0.2839921 0.2885245 0.2825679 0.3108802 0.3620572 0.3806734 0.3749516 0.3226008 0.2898661 0.3044551 0.3093348 0.2885039 0.2331649 0.1588458 0.1055130 -9999.000 -9999.000 -9999.000 -9999.000 -9999.000 -9999.000 -9999.000 -9999.000 -9999.000 -9999.000
-9999.000 -9999.000 -9999.000 -9999.000 -9999.000 -9999.000 -9999.000 -9999.000 -9999.000 -9999.000 -9999.000 -9999.000 -9999.000 -9999.000 -9999.000 -9999.000 -9999.000 0.8230278E-01 0.7780713E-01 0.9239576E-01 0.1014631 0.1294732 0.1471611 0.1266474 0.9576689E-01 0.5951160E-01 0.2608904E-01 -9999.000 -9999.000 -9999.000 -9999.000 0.9727104E-01 0.1124180 0.1250483 0.1821162 0.2416890 0.2410311 0.2421827 0.3032373 0.3731347 0.4021243 0.3752393 0.3171762 0.2896575 0.2994227 0.2740841 0.2300104 0.1747091 0.1280887 0.1086808 -9999.000 -9999.000 -9999.000 -9999.000 -9999.000 -9999.000 -9999.000 -9999.000 -9999.000 -9999.000
-9999.000 -9999.000 -9999.000 -9999.000 -9999.000 -9999.000 -9999.000 -9999.000 -9999.000 -9999.000 -9999.000 -9999.000 -9999.000 -9999.000 -9999.000 -9999.000 -9999.000 0.6540472E-01 0.1108284 0.7162491E-01 0.4811140E-01 0.8068714E-01 0.1154977 0.1167950 0.1107946 0.8938498E-01 0.4702177E-01 0.2031814E-01 -9999.000 -9999.000 -9999.000 0.5495321E-01 0.6682617E-01 0.8261908E-01 0.1252733 0.1728601 0.1827174 0.2270646 0.3089464 0.3563547 0.3603801 0.3346864 0.2985306 0.2661143 0.2539268 0.1929842 0.1478074 0.1263329 0.1339155 0.1326626 0.8076862E-01 -9999.000 -9999.000 -9999.000 -9999.000 -9999.000 -9999.000 -9999.000 -9999.000 -9999.000
-9999.000 -9999.000 -9999.000 -9999.000 -9999.000 -9999.000 -9999.000 -9999.000 -9999.000 -9999.000 -9999.000 -9999.000 -9999.000 -9999.000 -9999.000 -9999.000 -9999.000 -9999.000 0.1102683 0.5080557E-01 0.3638467E-01 0.7037219E-01 0.9069780E-01 0.8499960E-01 0.1072352 0.9357445E-01 -9999.000 -9999.000 -9999.000 -9999.000 -9999.000 -9999.000 0.3550336E-01 0.7533592E-01 0.1310756 0.1680864 0.1965543 0.2479028 0.2802477 0.3070553 0.2990323 0.2803891 0.2654863 0.2692486 0.2416467 0.2258171 0.2036313 0.1506240 0.1523151 0.1721890 0.1366613 0.4906412E-01 -9999.000 -9999.000 -9999.000 -9999.000 -9999.000 -9999.000 -9999.000 -9999.000
-9999.000 -9999.000 -9999.000 -9999.000 -9999.000 -9999.000 -9999.000 -9999.000 -9999.000 -9999.000 -9999.000 -9999.000 -9999.000 -9999.000 -9999.000 -9999.000 -9999.000 0.1296440 0.8260610E-01 0.4346217E-01 0.7429597E-01 0.1231390 0.1317498 0.9269156E-01 0.9832401E-01 0.8104649E-01 0.5009194E-01 -9999.000 -9999.000 -9999.000 -9999.000 -9999.000 -9999.000 0.7042311E-01 0.1465432 0.1982802 0.2321120 0.2247717 0.2146715 0.2249982 0.2499392 0.2237070 0.2350099 0.2764560 0.2628458 0.2706856 0.2502247 0.1971555 0.1815700 0.2084907 0.1841924 0.7272080E-01 0.1730294E-01 -9999.000 -9999.000 -9999.000 -9999.000 -9999.000 -9999.000 -9999.000
-9999.000 -9999.000 -9999.000 -9999.000 -9999.000 -9999.000 -9999.000 -9999.000 -9999.000 -9999.000 -9999.000 -9999.000 -9999.000 -9999.000 -9999.000 -9999.000 0.6868403E-01 0.1283370 0.1084195 0.7994423E-01 0.1438095 0.1882104 0.1723710 0.1257909 0.1164154 0.8366884E-01 0.3272248E-01 -9999.000 -9999.000 -9999.000 -9999.000 -9999.000 -9999.000 0.6296266E-01 0.1191193 0.1608378 0.1815821 0.1879892 0.1934834 0.2057366 0.2053911 0.1778674 0.1788728 0.2553023 0.2820246 0.2696961 0.2446320 0.2124708 0.2016165 0.2098207 0.1960826 0.1043776 0.4155389E-01 -9999.000 -9999.000 -9999.000 -9999.000 -9999.000 -9999.000 -9999.000
-9999.000 -9999.000 -9999.000 -9999.000 -9999.000 -9999.000 -9999.000 -9999.000 -9999.000 -9999.000 -9999.000 -9999.000 -9999.000 -9999.000 -9999.000 -9999.000 -9999.000 0.7493819E-01 0.9625358E-01 0.1041291 0.1471668 0.1675346 0.1552802 0.1684240 0.1641459 0.1106413 -9999.000 -9999.000 -9999.000 -9999.000 -9999.000 -9999.000 -9999.000 0.3575870E-01 0.6350585E-01 0.7194222E-01 0.1102801 0.1527469 0.1976129 0.2024403 0.2029957 0.1900695 0.1814711 0.2316717 0.2634722 0.2645575 0.2543709 0.2184520 0.2174664 0.2281145 0.1844843 0.1201610 0.9009796E-01 -9999.000 -9999.000 -9999.000 -9999.000 -9999.000 -9999.000 -9999.000
-9999.000 -9999.000 -9999.000 -9999.000 -9999.000 -9999.000 -9999.000 -9999.000 -9999.000 -9999.000 -9999.000 -9999.000 -9999.000 -9999.000 -9999.000 -9999.000 -9999.000 0.3485148E-01 0.6117413E-01 0.8083829E-01 0.1099221 0.1152959 0.1209766 0.1659157 0.1880282 0.1413503 0.7585415E-01 0.3013849E-01 -9999.000 -9999.000 -9999.000 -9999.000 -9999.000 -9999.000 0.5406616E-01 0.7526502E-01 0.9875543E-01 0.1356922 0.1634471 0.1734251 0.2040528 0.2355387 0.2376430 0.2406832 0.2284620 0.2571982 0.2455428 0.2200555 0.2459888 0.2674134 0.2189650 0.1797743 0.1524640 0.8538312E-01 -9999.000 -9999.000 -9999.000 -9999.000 -9999.000 -9999.000
-9999.000 -9999.000 -9999.000 -9999.000 -9999.000 -9999.000 -9999.000 -9999.000 -9999.000 -9999.000 -9999.000 -9999.000 -9999.000 -9999.000 -9999.000 -9999.000 -9999.000 -9999.000 0.7094896E-01 0.5778145E-01 0.6343259E-01 0.8575358E-01 0.1068568 0.1489175 0.1854728 0.1624188 0.1112659 0.5504189E-01 -9999.000 -9999.000 -9999.000 -9999.000 -9999.000 -9999.000 0.5548232E-01 0.8319024E-01 0.1077969 0.1329862 0.1516818 0.1591085 0.1752627 0.2127514 0.2259889 0.2097625 0.1990091 0.1911807 0.1781400 0.1943416 0.2648000 0.3023821 0.2667281 0.2342046 0.1947513 0.1676483 0.1478342 -9999.000 -9999.000 -9999.000 -9999.000 -9999.000
-9999.000 -9999.000 -9999.000 -9999.000 -9999.000 -9999.000 -9999.000 -9999.000 -9999.000 -9999.000 -9999.000 -9999.000 -9999.000 -9999.000 -9999.000 -9999.000 -9999.000 -9999.000 0.5752305E-01 -9999.000 -9999.000 0.1062224 0.1496953 0.1782835 0.1665839 0.1293676 0.1009517 0.6492010E-01 0.3733049E-01 -9999.000 -9999.000 -9999.000 -9999.000 -9999.000 -9999.000 -9999.000 0.7572093E-01 0.1194778 0.1564444 0.1662867 0.1781008 0.2035660 0.2248041 0.1748676 0.1157105 0.9003512E-01 0.1044026 0.1865259 0.2742463 0.3153529 0.2622817 0.2320744 0.2050412 0.1928167 0.1489065 0.7125229E-01 -9999.000 -9999.000 -9999.000 -9999.000
-9999.000 -9999.000 -9999.000 -9999.000 -9999.000 -9999.000 -9999.000 -9999.000 -9999.000 -9999.000 -9999.000 -9999.000 -9999.000 -9999.000 -9999.000 -9999.000 -9999.000 -9999.000 -9999.000 -9999.000 -9999.000 0.1226428 0.1992034 0.2153167 0.1717301 0.1354764 0.1060253 0.8142154E-01 0.4748135E-01 -9999.000 -9999.000 -9999.000 -9999.000 -9999.000 -9999.000 0.2408931E-01 0.6214862E-01 0.1118499 0.1534985 0.1776356 0.2147827 0.2266220 0.2306041 0.1817118 0.1367490 0.1353464 0.1567249 0.2206721 0.2586666 0.2392841 0.2188351 0.2373808 0.2309806 0.1834346 0.1462523 0.9477294E-01 0.3442486E-01 -9999.000 -9999.000 -9999.000
-9999.000 -9999.000 -9999.000 -9999.000 -9999.000 -9999.000 -9999.000 -9999.000 -9999.000 -9999.000 -9999.000 -9999.000 -9999.000 -9999.000 -9999.000 -9999.000 -9999.000 -9999.000 -9999.000 0.2304504E-01 0.5169357E-01 0.1307506 0.2127766 0.2052658 0.1696329 0.1325124 0.1046772 0.8472949E-01 0.5350140E-01 -9999.000 -9999.000 -9999.000 -9999.000 -9999.000 -9999.000 -9999.000 0.4999206E-01 0.1092766 0.1640345 0.2087751 0.2642063 0.2817112 0.2459594 0.2067072 0.2162513 0.2991033 0.3481249 0.3286295 0.2777914 0.2242221 0.2409011 0.2943624 0.2846660 0.2059634 0.1724842 0.1533427 0.7972106E-01 -9999.000 -9999.000 -9999.000
