simulation_files/asc/Depth____195.0.asc
NCOLS       216
NROWS       273
XLLCENTER        494.688995
YLLCENTER        787.867981
CELLSIZE           0.500
NODATA_VALUE     -9999.0
[rows 182 to 207 of 273, columns 120 to 179 of 216]
-9999.000 -9999.000 -9999.000 -9999.000 -9999.000 -9999.000 -9999.000 -9999.000 -9999.000 0.9629422E-01 0.1744649 0.2624390 0.2677922 0.2152375 0.1383699 0.8966275E-01 0.4851536E-01 0.5770374E-01 0.7760759E-01 0.7320203E-01 0.8469386E-01 0.1513001 0.2331767 0.2200403 0.2392758 0.2901911 0.2971498 0.2701185 0.2885003 0.3304625 0.3627011 0.3909177 0.3689145 0.3278240 0.3059831 0.3142743 0.3140938 0.3154572 0.2832419 0.2271471 0.1395611 0.5608361E-01 -9999.000 -9999.000 -9999.000 -9999.000 -9999.000 -9999.000 -9999.000 -9999.000 -9999.000 -9999.000 -9999.000 -9999.000 -9999.000 -9999.000 -9999.000 -9999.000 -9999.000 -9999.000
-9999.000 -9999.000 -9999.000 -9999.000 -9999.000 -9999.000 -9999.000 -9999.000 -9999.000 0.5748415E-01 0.1531601 0.2329969 0.2610801 0.2367919 0.1906875 0.1331959 0.7807868E-01 0.5993992E-01 0.6976031E-01 0.6617047E-01 0.7195681E-01 0.1191891 0.1736686 0.1946347 0.2394771 0.3141705 0.3341510 0.2832263 0.2951543 0.3686734 0.3962017 0.4060887 0.3961284 0.3491527 0.3355432 0.3278581 0.3272321 0.3298009 0.3122952 0.2899684 0.2010723 0.9302725E-01 -9999.000 -9999.000 -9999.000 -9999.000 -9999.000 -9999.000 -9999.000 -9999.000 -9999.000 -9999.000 -9999.000 -9999.000 -9999.000 -9999.000 -9999.000 -9999.000 -9999.000 -9999.000
-9999.000 -9999.000 -9999.000 -9999.000 -9999.000 -9999.000 -9999.000 -9999.000 -9999.000 0.3643714E-01 0.1283394 0.2316090 0.2666273 0.2653711 0.2318845 0.1786604 0.1225148 0.7563215E-01 0.6616194E-01 0.6016412E-01 0.6877167E-01 0.8486897E-01 0.1043834 0.1329138 0.1949033 0.2768335 0.3211094 0.3040760 0.3298382 0.3782380 0.3567530 0.3446013 0.3514062 0.3340967 0.2867913 0.2802468 0.2885529 0.3079735 0.3165173 0.3040451 0.2527421 0.1428862 0.6850428E-01 -9999.000 -9999.000 -9999.000 -9999.000 -9999.000 -9999.000 -9999.000 -9999.000 -9999.000 -9999.000 -9999.000 -9999.000 -9999.000 -9999.000 -9999.000 -9999.000 -9999.000
-9999.000 -9999.000 -9999.000 -9999.000 -9999.000 -9999.000 -9999.000 -9999.000 -9999.000 0.2264193E-01 0.1170609 0.2302957 0.2777755 0.2826422 0.2645796 0.2179320 0.1512150 0.9321007E-01 0.7287583E-01 0.7405437E-01 0.8368897E-01 0.7959768E-01 0.7840474E-01 0.1052373 0.1552466 0.2130148 0.2626032 0.2877436 0.3483883 0.3187368 0.2525132 0.2758785 0.2936955 0.2199893 0.1828931 0.1605848 0.1994584 0.2260014 0.2617061 0.2727352 0.2378680 0.1751489 0.1350733 0.7796752E-01 -9999.000 -9999.000 -9999.000 -9999.000 -9999.000 -9999.000 -9999.000 -9999.000 -9999.000 -9999.000 -9999.000 -9999.000 -9999.000 -9999.000 -9999.000 -9999.000
-9999.000 -9999.000 -9999.000 -9999.000 -9999.000 -9999.000 -9999.000 -9999.000 -9999.000 -9999.000 0.7759061E-01 0.2039107 0.2683457 0.2827157 0.2771017 0.2299663 0.1565964 0.9412650E-01 0.6690260E-01 0.6217137E-01 0.7711878E-01 0.7617285E-01 0.7953517E-01 0.1134438 0.1691118 0.2128828 0.2472036 0.2635827 0.2764290 0.2259295 0.2001672 0.3098741 0.3300403 0.2780910 0.2035082 0.1809828 0.1966248 0.2154693 0.2301918 0.2402069 0.2302772 0.1999169 0.1677623 0.1238842 -9999.000 -9999.000 -9999.000 -9999.000 -9999.000 -9999.000 -9999.000 -9999.000 -9999.000 -9999.000 -9999.000 -9999.000 -9999.000 -9999.000 -9999.000 -9999.000
-9999.000 -9999.000 -9999.000 -9999.000 -9999.000 -9999.000 -9999.000 -9999.000 -9999.000 -9999.000 -9999.000 0.1768566 0.2411984 0.2545276 0.2607291 0.2140073 0.1273104 0.8745621E-01 0.6939081E-01 0.5077541E-01 0.5136633E-01 0.6895954E-01 0.8720927E-01 0.1338331 0.2042128 0.2272465 0.2137058 0.1924166 0.2093060 0.2143530 0.2243971 0.3117594 0.3779903 0.3564430 0.2923456 0.2225472 0.2307419 0.2509020 0.2387870 0.2191625 0.2193917 0.1910067 0.1517828 0.1091660 -9999.000 -9999.000 -9999.000 -9999.000 -9999.000 -9999.000 -9999.000 -9999.000 -9999.000 -9999.000 -9999.000 -9999.000 -9999.000 -9999.000 -9999.000 -9999.000
-9999.000 -9999.000 -9999.000 -9999.000 -9999.000 -9999.000 -9999.000 -9999.000 -9999.000 -9999.000 -9999.000 0.1701901 0.2213137 0.2222720 0.2354308 0.2098686 0.1513406 0.1251313 0.1005128 0.7204060E-01 0.4852233E-01 0.4678248E-01 0.6981312E-01 0.1139452 0.1437682 0.1551231 0.1829688 0.1879267 0.2335557 0.2680126 0.2493713 0.2813879 0.3305823 0.3129557 0.2780671 0.2480499 0.2421913 0.2275893 0.1962159 0.2111457 0.2291618 0.2229794 0.2106292 0.1737647 0.1327329 0.7495277E-01 -9999.000 -9999.000 -9999.000 -9999.000 -9999.000 -9999.000 -9999.000 -9999.000 -9999.000 -9999.000 -9999.000 -9999.000 -9999.000 -9999.000
-9999.000 -9999.000 -9999.000 -9999.000 -9999.000 -9999.000 -9999.000 -9999.000 -9999.000 -9999.000 -9999.000 0.1227027 0.1873697 0.2182234 0.2397754 0.2365669 0.2129465 0.1886345 0.1465780 0.1197664 0.6977658E-01 0.3154044E-01 0.3992926E-01 0.6777978E-01 0.7919498E-01 0.1099614 0.1938596 0.2375983 0.2812733 0.3086522 0.2963871 0.2827370 0.2730145 0.2424637 0.2518745 0.2617235 0.2567195 0.2062180 0.2064033 0.2447278 0.2629178 0.2604096 0.2737290 0.2541561 0.2098291 0.1227856 0.4217425E-01 -9999.000 -9999.000 -9999.000 -9999.000 -9999.000 -9999.000 -9999.000 -9999.000 -9999.000 -9999.000 -9999.000 -9999.000 -9999.000
-9999.000 -9999.000 -9999.000 -9999.000 -9999.000 -9999.000 -9999.000 -9999.000 -9999.000 -9999.000 -9999.000 -9999.000 0.1321488 0.1863297 0.2234519 0.2405155 0.2458208 0.2412215 0.1936493 0.1618360 0.1089859 0.3640460E-01 0.2480443E-01 0.3499537E-01 0.5447993E-01 0.1052563 0.1845209 0.2392229 0.2805053 0.3065414 0.2939539 0.2957271 0.3049830 0.2727189 0.2707810 0.3175024 0.2801771 0.2442098 0.2767196 0.3089580 0.3098663 0.3025281 0.3231807 0.3031512 0.2547994 0.1636007 -9999.000 -9999.000 -9999.000 -9999.000 -9999.000 -9999.000 -9999.000 -9999.000 -9999.000 -9999.000 -9999.000 -9999.000 -9999.000 -9999.000
-9999.000 -9999.000 -9999.000 -9999.000 -9999.000 -9999.000 -9999.000 -9999.000 -9999.000 -9999.000 -9999.000 -9999.000 0.7233942E-01 0.1310568 0.1852344 0.2222524 0.2599141 0.2695659 0.2425062 0.2130752 0.1590180 0.8105098E-01 0.4671827E-01 0.4995881E-01 0.5452137E-01 0.8135890E-01 0.1319642 0.1933734 0.2444431 0.2782532 0.2721015 0.2832933 0.2979319 0.2618860 0.2905072 0.3294495 0.2776571 0.2841312 0.3473184 0.3741168 0.3458557 0.3432261 0.3606777 0.2977045 0.2338416 0.1442804 0.5070372E-01 0.2105868E-01 -9999.000 -9999.000 -9999.000 -9999.000 -9999.000 -9999.000 -9999.000 -9999.000 -9999.000 -9999.000 -9999.000 -9999.000
-9999.000 -9999.000 -9999.000 -9999.000 -9999.000 -9999.000 -9999.000 -9999.000 -9999.000 -9999.000 -9999.000 -9999.000 -9999.000 0.8313910E-01 0.1425140 0.2068421 0.2384561 0.2727334 0.2841217 0.2474331 0.1890333 0.1328661 0.8845265E-01 0.6035402E-01 0.4633939E-01 0.4662046E-01 0.7957295E-01 0.1525560 0.2249069 0.2650716 0.2344420 0.2240134 0.2258474 0.2399573 0.3136889 0.3382669 0.2902840 0.3131510 0.3899290 0.4068245 0.3750608 0.3359984 0.2714489 0.2050804 0.1728651 0.1386948 0.9856831E-01 0.6013488E-01 -9999.000 -9999.000 -9999.000 -9999.000 -9999.000 -9999.000 -9999.000 -9999.000 -9999.000 -9999.000 -9999.000 -9999.000
-9999.000 -9999.000 -9999.000 -9999.000 -9999.000 -9999.000 -9999.000 -9999.000 -9999.000 -9999.000 -9999.000 -9999.000 -9999.000 0.5810651E-01 0.1291292 0.1500316 0.1361492 0.1973797 0.2548604 0.2386120 0.2145802 0.1757111 0.1212603 0.7993826E-01 0.4972231E-01 0.2775894E-01 0.4219279E-01 0.1130072 0.1990412 0.2263911 0.1636155 0.1995504 0.2372282 0.2596141 0.3281184 0.3529867 0.3258542 0.3447478 0.3813017 0.3929374 0.3412769 0.2409638 0.2070138 0.1750254 0.1959862 0.2125112 0.1907098 0.1523644 0.1179394 -9999.000 -9999.000 -9999.000 -9999.000 -9999.000 -9999.000 -9999.000 -9999.000 -9999.000 -9999.000 -9999.000
-9999.000 -9999.000 -9999.000 -9999.000 -9999.000 -9999.000 -9999.000 -9999.000 -9999.000 -9999.000 -9999.000 -9999.000 -9999.000 -9999.000 0.8811259E-01 0.9335467E-01 -9999.000 0.7268621E-01 0.1458800 0.1966583 0.2355917 0.2066712 0.1723196 0.1251771 0.8806252E-01 0.6174319E-01 0.4598999E-01 0.8703857E-01 0.1623612 0.1668545 0.1417457 0.2030642 0.2588770 0.2817843 0.3178707 0.3469148 0.3434769 0.3397887 0.3513395 0.3463732 0.2931182 0.2816811 0.2599613 0.2585602 0.2849757 0.2877613 0.2777889 0.2685373 0.1959150 0.1023295 -9999.000 -9999.000 -9999.000 -9999.000 -9999.000 -9999.000 -9999.000 -9999.000 -9999.000 -9999.000
-9999.000 -9999.000 -9999.000 -9999.000 -9999.000 -9999.000 -9999.000 -9999.000 -9999.000 -9999.000 -9999.000 -9999.000 -9999.000 -9999.000 -9999.000 -9999.000 0.3818529E-01 0.6130581E-01 0.9642106E-01 0.1435635 0.1941318 0.1988233 0.1767897 0.1272415 0.8569821E-01 0.6218881E-01 0.4514930E-01 0.5533381E-01 0.9377009E-01 0.1189423 0.1372022 0.1820770 0.2430544 0.2706517 0.2968691 0.3153812 0.3268510 0.3227505 0.3340889 0.3445480 0.3451537 0.3527521 0.3311096 0.3216199 0.3160457 0.3174553 0.3026934 0.2871573 0.2170323 0.1274717 -9999.000 -9999.000 -9999.000 -9999.000 -9999.000 -9999.000 -9999.000 -9999.000 -9999.000 -9999.000
-9999.000 -9999.000 -9999.000 -9999.000 -9999.000 -9999.000 -9999.000 -9999.000 -9999.000 -9999.000 -9999.000 -9999.000 -9999.000 -9999.000 -9999.000 -9999.000 0.5195686E-01 0.9085704E-01 0.9594818E-01 0.1116401 0.1469473 0.1645116 0.1553924 0.1228429 0.8278296E-01 0.4934268E-01 0.2731238E-01 -9999.000 -9999.000 0.5871177E-01 0.1094742 0.1491602 0.1914739 0.2155968 0.2594441 0.3070549 0.3126868 0.3070136 0.3354050 0.3868191 0.4060119 0.4020189 0.3520520 0.3204326 0.3367490 0.3396362 0.3093994 0.2481262 0.1665148 0.1152177 0.5432927E-01 -9999.000 -9999.000 -9999.000 -9999.000 -9999.000 -9999.000 -9999.000 -9999.000 -9999.000
-9999.000 -9999.000 -9999.000 -9999.000 -9999.000 -9999.000 -9999.000 -9999.000 -9999.000 -9999.000 -9999.000 -9999.000 -9999.000 -9999.000 -9999.000 -9999.000 -9999.000 0.6984430E-01 0.7367830E-01 0.8774216E-01 0.9353011E-01 0.1314208 0.1596349 0.1439213 0.1116235 0.7322958E-01 0.3789730E-01 -9999.000 -9999.000 -9999.000 0.5896474E-01 0.1096860 0.1281730 0.1399296 0.2001129 0.2636695 0.2648053 0.2652457 0.3275603 0.3986454 0.4273936 0.4012050 0.3432875 0.3167956 0.3195863 0.2849035 0.2410662 0.1849854 0.1401080 0.1183414 -9999.000 -9999.000 -9999.000 -9999.000 -9999.000 -9999.000 -9999.000 -9999.000 -9999.000 -9999.000
-9999.000 -9999.000 -9999.000 -9999.000 -9999.000 -9999.000 -9999.000 -9999.000 -9999.000 -9999.000 -9999.000 -9999.000 -9999.000 -9999.000 -9999.000 -9999.000 -9999.000 0.6096304E-01 0.1158754 0.7601655E-01 0.4857870E-01 0.8426479E-01 0.1252296 0.1296978 0.1239592 0.1011809 0.5113696E-01 0.2245853E-01 -9999.000 -9999.000 -9999.000 0.6490864E-01 0.8027034E-01 0.9672016E-01 0.1411124 0.1930359 0.2069565 0.2533843 0.3378673 0.3828057 0.3852700 0.3579339 0.3165960 0.2804111 0.2653148 0.2041132 0.1673235 0.1513415 0.1585542 0.1517988 0.1195277 -9999.000 -9999.000 -9999.000 -9999.000 -9999.000 -9999.000 -9999.000 -9999.000 -9999.000
-9999.000 -9999.000 -9999.000 -9999.000 -9999.000 -9999.000 -9999.000 -9999.000 -9999.000 -9999.000 -9999.000 -9999.000 -9999.000 -9999.000 -9999.000 -9999.000 -9999.000 0.7577064E-01 0.1274489 0.6802475E-01 0.4393515E-01 0.8052305E-01 0.1017060 0.9801396E-01 0.1218121 0.1052579 -9999.000 -9999.000 -9999.000 -9999.000 -9999.000 -9999.000 0.4501749E-01 0.9392016E-01 0.1529806 0.1925419 0.2235968 0.2768622 0.3049390 0.3292595 0.3194884 0.2975192 0.2789723 0.2842996 0.2590469 0.2490737 0.2269481 0.1724376 0.1775661 0.2028014 0.1752044 0.6790690E-01 -9999.000 -9999.000 -9999.000 -9999.000 -9999.000 -9999.000 -9999.000 -9999.000
-9999.000 -9999.000 -9999.000 -9999.000 -9999.000 -9999.000 -9999.000 -9999.000 -9999.000 -9999.000 -9999.000 -9999.000 -9999.000 -9999.000 -9999.000 -9999.000 -9999.000 0.1304346 0.8598805E-01 0.5487422E-01 0.8691783E-01 0.1381925 0.1470477 0.1062930 0.1141597 0.9558735E-01 0.5903827E-01 -9999.000 -9999.000 -9999.000 -9999.000 -9999.000 0.2336498E-01 0.8647741E-01 0.1738177 0.2284032 0.2595477 0.2469784 0.2312905 0.2392234 0.2646808 0.2389062 0.2526379 0.2970424 0.2867867 0.2962910 0.2716549 0.2142421 0.2005359 0.2317127 0.2068157 0.8065789E-01 0.3200118E-01 -9999.000 -9999.000 -9999.000 -9999.000 -9999.000 -9999.000 -9999.000
-9999.000 -9999.000 -9999.000 -9999.000 -9999.000 -9999.000 -9999.000 -9999.000 -9999.000 -9999.000 -9999.000 -9999.000 -9999.000 -9999.000 -9999.000 -9999.000 0.7597129E-01 0.1354445 0.1091854 0.8284903E-01 0.1584499 0.2077701 0.1901915 0.1398529 0.1321714 0.1017273 0.4538038E-01 -9999.000 -9999.000 -9999.000 -9999.000 -9999.000 -9999.000 0.7078323E-01 0.1440605 0.1822166 0.2027851 0.2092859 0.2112727 0.2200132 0.2215964 0.1967816 0.1994580 0.2788004 0.3083166 0.2948936 0.2647319 0.2295948 0.2185783 0.2289221 0.2130479 0.1147136 0.5413030E-01 -9999.000 -9999.000 -9999.000 -9999.000 -9999.000 -9999.000 -9999.000
-9999.000 -9999.000 -9999.000 -9999.000 -9999.000 -9999.000 -9999.000 -9999.000 -9999.000 -9999.000 -9999.000 -9999.000 -9999.000 -9999.000 -9999.000 -9999.000 -9999.000 0.8683662E-01 0.9932670E-01 0.1030689 0.1556729 0.1855789 0.1733290 0.1849843 0.1847381 0.1318968 0.5405687E-01 0.2151408E-01 -9999.000 -9999.000 -9999.000 -9999.000 -9999.000 0.4924031E-01 0.7933652E-01 0.8546989E-01 0.1286153 0.1720651 0.2131508 0.2183584 0.2242087 0.2137421 0.2066998 0.2596098 0.2915588 0.2927281 0.2747041 0.2364568 0.2375582 0.2505743 0.2047334 0.1396684 0.1064881 0.4330032E-01 -9999.000 -9999.000 -9999.000 -9999.000 -9999.000 -9999.000
-9999.000 -9999.000 -9999.000 -9999.000 -9999.000 -9999.000 -9999.000 -9999.000 -9999.000 -9999.000 -9999.000 -9999.000 -9999.000 -9999.000 -9999.000 -9999.000 -9999.000 -9999.000 0.6758102E-01 0.8229595E-01 0.1159617 0.1278129 0.1366850 0.1864731 0.2113675 0.1618802 0.9524999E-01 0.4112294E-01 -9999.000 -9999.000 -9999.000 -9999.000 -9999.000 -9999.000 0.7160306E-01 0.9573034E-01 0.1193456 0.1521287 0.1761286 0.1916479 0.2273358 0.2615704 0.2657527 0.2699410 0.2583655 0.2822221 0.2630423 0.2384229 0.2673058 0.2914069 0.2456515 0.2101438 0.1880112 0.1170332 -9999.000 -9999.000 -9999.000 -9999.000 -9999.000 -9999.000
-9999.000 -9999.000 -9999.000 -9999.000 -9999.000 -9999.000 -9999.000 -9999.000 -9999.000 -9999.000 -9999.000 -9999.000 -9999.000 -9999.000 -9999.000 -9999.000 -9999.000 0.4677628E-01 0.8025728E-01 0.5760379E-01 0.5803054E-01 0.9142999E-01 0.1207685 0.1672547 0.2056618 0.1808085 0.1315636 0.6822763E-01 0.3381250E-01 -9999.000 -9999.000 -9999.000 -9999.000 -9999.000 0.6724007E-01 0.1015367 0.1296009 0.1451455 0.1633552 0.1776530 0.1980370 0.2373570 0.2509642 0.2332214 0.2176556 0.2009829 0.1915606 0.2145185 0.2881798 0.3294119 0.2974489 0.2703429 0.2319973 0.2019582 0.1734269 -9999.000 -9999.000 -9999.000 -9999.000 -9999.000
-9999.000 -9999.000 -9999.000 -9999.000 -9999.000 -9999.000 -9999.000 -9999.000 -9999.000 -9999.000 -9999.000 -9999.000 -9999.000 -9999.000 -9999.000 -9999.000 -9999.000 -9999.000 0.4616623E-01 -9999.000 0.3348769E-01 0.1148198 0.1673503 0.1954984 0.1833036 0.1472728 0.1199685 0.8354163E-01 0.4716767E-01 -9999.000 -9999.000 -9999.000 -9999.000 -9999.000 -9999.000 0.5460566E-01 0.9510016E-01 0.1265491 0.1695685 0.1868509 0.2006914 0.2261175 0.2439162 0.1954545 0.1306657 0.9702546E-01 0.1200233 0.2106738 0.3023689 0.3471315 0.2956059 0.2626704 0.2328419 0.2151766 0.1626956 0.8234830E-01 -9999.000 -9999.000 -9999.000 -9999.000
-9999.000 -9999.000 -9999.000 -9999.000 -9999.000 -9999.000 -9999.000 -9999.000 -9999.000 -9999.000 -9999.000 -9999.000 -9999.000 -9999.000 -9999.000 -9999.000 -9999.000 -9999.000 0.1588070E-01 0.2093733E-01 0.4484996E-01 0.1400167 0.2212386 0.2356263 0.1907937 0.1536942 0.1237443 0.9856925E-01 0.5870648E-01 -9999.000 -9999.000 -9999.000 -9999.000 -9999.000 -9999.000 0.3258862E-01 0.6913130E-01 0.1223768 0.1705053 0.2018700 0.2389677 0.2491751 0.2521739 0.2036456 0.1545249 0.1500248 0.1780538 0.2464099 0.2862292 0.2646034 0.2422250 0.2624219 0.2552818 0.2048085 0.1685114 0.1191442 0.5288622E-01 -9999.000 -9999.000 -9999.000
-9999.000 -9999.000 -9999.000 -9999.000 -9999.000 -9999.000 -9999.000 -9999.000 -9999.000 -9999.000 -9999.000 -9999.000 -9999.000 -9999.000 -9999.000 -9999.000 -9999.000 -9999.000 0.1347763E-01 0.3101622E-01 0.6511041E-01 0.1542665 0.2347023 0.2257574 0.1888317 0.1504063 0.1216871 0.1010284 0.6922945E-01 -9999.000 -9999.000 -9999.000 -9999.000 -9999.000 -9999.000 -9999.000 0.4816498E-01 0.1183429 0.1913264 0.2373724 0.2913372 0.3074553 0.2708763 0.2295913 0.2369578 0.3227868 0.3736898 0.3542110 0.2997890 0.2424151 0.2663377 0.3212736 0.3088680 0.2212411 0.1892589 0.1760113 0.1044055 -9999.000 -9999.000 -9999.000
