simulation_files/asc/Depth____230.0.asc
NCOLS       216
NROWS       273
XLLCENTER        494.688995
YLLCENTER        787.867981
CELLSIZE           0.500
NODATA_VALUE     -9999.0
[rows 182 to 207 of 273, columns 120 to 179 of 216]
-9999.000 -9999.000 -9999.000 -9999.000 -9999.000 -9999.000 -9999.000 -9999.000 -9999.000 0.9110627E-01 0.1673322 0.2541259 0.2592842 0.2072120 0.1302470 0.8165797E-01 0.4246724E-01 0.5596430E-01 0.7916172E-01 0.7447610E-01 0.8110479E-01 0.1471493 0.2292804 0.2164764 0.2347536 0.2850936 0.2919961 0.2653158 0.2840367 0.3256331 0.3572763 0.3849908 0.3628521 0.3223288 0.3004354 0.3078593 0.3079140 0.3104362 0.2790327 0.2228703 0.1437738 0.6423331E-01 -9999.000 -9999.000 -9999.000 -9999.000 -9999.000 -9999.000 -9999.000 -9999.000 -9999.000 -9999.000 -9999.000 -9999.000 -9999.000 -9999.000 -9999.000 -9999.000 -9999.000 -9999.000
-9999.000 -9999.000 -9999.000 -9999.000 -9999.000 -9999.000 -9999.000 -9999.000 -9999.000 0.5394702E-01 0.1458013 0.2248816 0.2532284 0.2293385 0.1835117 0.1246530 0.7091694E-01 0.5941371E-01 0.7152473E-01 0.6287761E-01 0.6809607E-01 0.1153014 0.1704105 0.1909500 0.2339110 0.3082179 0.3285474 0.2783822 0.2903499 0.3635957 0.3907547 0.4016542 0.3915303 0.3441774 0.3292245 0.3207115 0.3227725 0.3260243 0.3077966 0.2846708 0.1963688 0.8827486E-01 -9999.000 -9999.000 -9999.000 -9999.000 -9999.000 -9999.000 -9999.000 -9999.000 -9999.000 -9999.000 -9999.000 -9999.000 -9999.000 -9999.000 -9999.000 -9999.000 -9999.000 -9999.000
-9999.000 -9999.000 -9999.000 -9999.000 -9999.000 -9999.000 -9999.000 -9999.000 -9999.000 0.3394364E-01 0.1206312 0.2235697 0.2589903 0.2579037 0.2243504 0.1708813 0.1151880 0.7193283E-01 0.6214182E-01 0.5697797E-01 0.6525659E-01 0.8083472E-01 0.9971549E-01 0.1271264 0.1872628 0.2689523 0.3150493 0.2982789 0.3249770 0.3739654 0.3549397 0.3404541 0.3455164 0.3282811 0.2827489 0.2776465 0.2875983 0.3048167 0.3112360 0.2988101 0.2475810 0.1393909 0.6341719E-01 -9999.000 -9999.000 -9999.000 -9999.000 -9999.000 -9999.000 -9999.000 -9999.000 -9999.000 -9999.000 -9999.000 -9999.000 -9999.000 -9999.000 -9999.000 -9999.000 -9999.000
-9999.000 -9999.000 -9999.000 -9999.000 -9999.000 -9999.000 -9999.000 -9999.000 -9999.000 0.1656349E-01 0.1229861 0.2223506 0.2699905 0.2747178 0.2563462 0.2095672 0.1433654 0.8673968E-01 0.6757505E-01 0.7084864E-01 0.8112674E-01 0.7630590E-01 0.7334410E-01 0.9867433E-01 0.1458472 0.2050822 0.2558892 0.2815005 0.3457629 0.3180910 0.2519369 0.2674448 0.2844373 0.2165591 0.1802583 0.1586374 0.1971895 0.2201716 0.2566761 0.2677337 0.2350759 0.1709467 0.1281561 0.7031467E-01 -9999.000 -9999.000 -9999.000 -9999.000 -9999.000 -9999.000 -9999.000 -9999.000 -9999.000 -9999.000 -9999.000 -9999.000 -9999.000 -9999.000 -9999.000 -9999.000
-9999.000 -9999.000 -9999.000 -9999.000 -9999.000 -9999.000 -9999.000 -9999.000 -9999.000 -9999.000 -9999.000 0.1964915 0.2603470 0.2744150 0.2682134 0.2215011 0.1506827 0.8775072E-01 0.6048741E-01 0.5806923E-01 0.7505993E-01 0.7403005E-01 0.7588593E-01 0.1082131 0.1636909 0.2075292 0.2416100 0.2640528 0.2744387 0.2226947 0.1958851 0.3024471 0.3276637 0.2754049 0.1998581 0.1770713 0.1920736 0.2101846 0.2256070 0.2369452 0.2271463 0.1957416 0.1614040 0.1142018 -9999.000 -9999.000 -9999.000 -9999.000 -9999.000 -9999.000 -9999.000 -9999.000 -9999.000 -9999.000 -9999.000 -9999.000 -9999.000 -9999.000 -9999.000 -9999.000
-9999.000 -9999.000 -9999.000 -9999.000 -9999.000 -9999.000 -9999.000 -9999.000 -9999.000 -9999.000 -9999.000 0.1685788 0.2328996 0.2457135 0.2522934 0.2085082 0.1236386 0.8217559E-01 0.6254760E-01 0.4481886E-01 0.4857360E-01 0.6667471E-01 0.8332932E-01 0.1287483 0.2009455 0.2245195 0.2149739 0.1957458 0.2081625 0.2087830 0.2192023 0.3080200 0.3747047 0.3529333 0.2887875 0.2187799 0.2259761 0.2464628 0.2364984 0.2167682 0.2163954 0.1876210 0.1465030 0.1030156 0.5254314E-01 -9999.000 -9999.000 -9999.000 -9999.000 -9999.000 -9999.000 -9999.000 -9999.000 -9999.000 -9999.000 -9999.000 -9999.000 -9999.000 -9999.000 -9999.000
-9999.000 -9999.000 -9999.000 -9999.000 -9999.000 -9999.000 -9999.000 -9999.000 -9999.000 -9999.000 -9999.000 0.1617527 0.2131048 0.2143299 0.2292689 0.2056786 0.1472072 0.1189797 0.9320799E-01 0.6394446E-01 0.4243781E-01 0.4366181E-01 0.6589412E-01 0.1096038 0.1408455 0.1521260 0.1796196 0.1835658 0.2288947 0.2633121 0.2448725 0.2774600 0.3273312 0.3111645 0.2763388 0.2448627 0.2378125 0.2239557 0.1932712 0.2056070 0.2229742 0.2157358 0.2025254 0.1660951 0.1257682 0.8490447E-01 -9999.000 -9999.000 -9999.000 -9999.000 -9999.000 -9999.000 -9999.000 -9999.000 -9999.000 -9999.000 -9999.000 -9999.000 -9999.000 -9999.000
-9999.000 -9999.000 -9999.000 -9999.000 -9999.000 -9999.000 -9999.000 -9999.000 -9999.000 -9999.000 -9999.000 0.1149182 0.1798968 0.2111440 0.2332479 0.2302071 0.2054782 0.1793192 0.1363397 0.1085500 0.5944567E-01 0.2751216E-01 0.3923953E-01 0.6798969E-01 0.7848148E-01 0.1061789 0.1899957 0.2328910 0.2770910 0.3039737 0.2923269 0.2795343 0.2707484 0.2412654 0.2497695 0.2580162 0.2518462 0.2005624 0.2004771 0.2378534 0.2553271 0.2521232 0.2651512 0.2465732 0.2060037 0.1259300 0.4054726E-01 -9999.000 -9999.000 -9999.000 -9999.000 -9999.000 -9999.000 -9999.000 -9999.000 -9999.000 -9999.000 -9999.000 -9999.000 -9999.000
-9999.000 -9999.000 -9999.000 -9999.000 -9999.000 -9999.000 -9999.000 -9999.000 -9999.000 -9999.000 -9999.000 -9999.000 0.1254205 0.1794720 0.2169415 0.2336153 0.2377276 0.2316399 0.1844548 0.1501620 0.9474961E-01 0.2867647E-01 0.2233008E-01 0.3388803E-01 0.5273661E-01 0.1021852 0.1811966 0.2356130 0.2765972 0.3025765 0.2903648 0.2925188 0.3020358 0.2703547 0.2669543 0.3120471 0.2740186 0.2382837 0.2704279 0.3016254 0.3016122 0.2934968 0.3136418 0.2946862 0.2514396 0.1582123 0.4738863E-01 -9999.000 -9999.000 -9999.000 -9999.000 -9999.000 -9999.000 -9999.000 -9999.000 -9999.000 -9999.000 -9999.000 -9999.000 -9999.000
-9999.000 -9999.000 -9999.000 -9999.000 -9999.000 -9999.000 -9999.000 -9999.000 -9999.000 -9999.000 -9999.000 -9999.000 0.7212877E-01 0.1246436 0.1791229 0.2158441 0.2526774 0.2620670 0.2368810 0.2020927 0.1450545 0.7045208E-01 0.3963834E-01 0.4289527E-01 0.5035012E-01 0.7898561E-01 0.1296475 0.1902560 0.2409589 0.2744314 0.2693238 0.2808977 0.2961204 0.2589064 0.2850923 0.3229818 0.2710975 0.2779299 0.3407221 0.3665358 0.3371861 0.3336479 0.3511247 0.2948869 0.2329095 0.1408169 0.4898587E-01 0.2402972E-01 -9999.000 -9999.000 -9999.000 -9999.000 -9999.000 -9999.000 -9999.000 -9999.000 -9999.000 -9999.000 -9999.000 -9999.000
-9999.000 -9999.000 -9999.000 -9999.000 -9999.000 -9999.000 -9999.000 -9999.000 -9999.000 -9999.000 -9999.000 -9999.000 -9999.000 0.7735272E-01 0.1368014 0.2006501 0.2317518 0.2668678 0.2753255 0.2332190 0.1757357 0.1236569 0.7952963E-01 0.5300430E-01 0.4123923E-01 0.4501494E-01 0.7834341E-01 0.1496517 0.2214677 0.2623177 0.2348703 0.2242282 0.2231666 0.2350366 0.3076437 0.3319354 0.2839233 0.3068195 0.3833591 0.3997497 0.3680337 0.3320973 0.2732715 0.2085996 0.1711696 0.1278042 0.9455123E-01 0.6623043E-01 -9999.000 -9999.000 -9999.000 -9999.000 -9999.000 -9999.000 -9999.000 -9999.000 -9999.000 -9999.000 -9999.000 -9999.000
-9999.000 -9999.000 -9999.000 -9999.000 -9999.000 -9999.000 -9999.000 -9999.000 -9999.000 -9999.000 -9999.000 -9999.000 -9999.000 0.5260767E-01 0.1231357 0.1440887 0.1446761 0.1922616 0.2373199 0.2231232 0.2042911 0.1682256 0.1151871 0.7476488E-01 0.4597945E-01 0.2874321E-01 0.4208595E-01 0.1104721 0.1957414 0.2248501 0.1634812 0.1961732 0.2319932 0.2537453 0.3219207 0.3466857 0.3194856 0.3382057 0.3747785 0.3862863 0.3371932 0.2400162 0.2039142 0.1694646 0.1866025 0.2032165 0.1827452 0.1448037 0.1133557 -9999.000 -9999.000 -9999.000 -9999.000 -9999.000 -9999.000 -9999.000 -9999.000 -9999.000 -9999.000 -9999.000
-9999.000 -9999.000 -9999.000 -9999.000 -9999.000 -9999.000 -9999.000 -9999.000 -9999.000 -9999.000 -9999.000 -9999.000 -9999.000 -9999.000 0.8187854E-01 0.8768279E-01 -9999.000 0.7112803E-01 0.1326619 0.1845777 0.2253845 0.2004190 0.1676460 0.1205513 0.8240015E-01 0.6403801E-01 0.4251531E-01 0.8477546E-01 0.1596387 0.1659532 0.1389552 0.1975606 0.2529313 0.2758859 0.3116284 0.3405784 0.3369036 0.3330877 0.3445087 0.3394902 0.2867869 0.2749656 0.2514998 0.2479655 0.2739520 0.2776224 0.2683358 0.2590741 0.1863110 0.9199524E-01 -9999.000 -9999.000 -9999.000 -9999.000 -9999.000 -9999.000 -9999.000 -9999.000 -9999.000 -9999.000
-9999.000 -9999.000 -9999.000 -9999.000 -9999.000 -9999.000 -9999.000 -9999.000 -9999.000 -9999.000 -9999.000 -9999.000 -9999.000 -9999.000 -9999.000 -9999.000 0.4037629E-01 0.6625160E-01 0.9117012E-01 0.1325199 0.1866012 0.1985642 0.1741978 0.1229541 0.8099476E-01 0.5706317E-01 0.4105941E-01 0.5309277E-01 0.8420501E-01 0.1175543 0.1343269 0.1767292 0.2375596 0.2645431 0.2905756 0.3089111 0.3201508 0.3156277 0.3267899 0.3375091 0.3382794 0.3453997 0.3222988 0.3114325 0.3055084 0.3068323 0.2915941 0.2790598 0.2139844 0.1249753 -9999.000 -9999.000 -9999.000 -9999.000 -9999.000 -9999.000 -9999.000 -9999.000 -9999.000 -9999.000
-9999.000 -9999.000 -9999.000 -9999.000 -9999.000 -9999.000 -9999.000 -9999.000 -9999.000 -9999.000 -9999.000 -9999.000 -9999.000 -9999.000 -9999.000 -9999.000 0.5278401E-01 0.9344484E-01 0.1010141 0.1107836 0.1488333 0.1669708 0.1537936 0.1197223 0.7941817E-01 0.4616725E-01 0.2487336E-01 -9999.000 0.2087205E-01 0.5770334E-01 0.1068236 0.1443076 0.1862653 0.2097009 0.2533008 0.3008114 0.3059929 0.2999840 0.3283690 0.3804095 0.3998184 0.3953474 0.3441572 0.3116066 0.3267134 0.3288135 0.3005641 0.2436736 0.1684180 0.1143305 0.5092736E-01 -9999.000 -9999.000 -9999.000 -9999.000 -9999.000 -9999.000 -9999.000 -9999.000 -9999.000
-9999.000 -9999.000 -9999.000 -9999.000 -9999.000 -9999.000 -9999.000 -9999.000 -9999.000 -9999.000 -9999.000 -9999.000 -9999.000 -9999.000 -9999.000 -9999.000 -9999.000 0.7201977E-01 0.7756273E-01 0.9528320E-01 0.1025087 0.1334289 0.1572657 0.1408492 0.1086015 0.7052197E-01 0.3282503E-01 -9999.000 -9999.000 -9999.000 0.5407884E-01 0.1044472 0.1239507 0.1359378 0.1955421 0.2579682 0.2586268 0.2591921 0.3220129 0.3924502 0.4215368 0.3946898 0.3358953 0.3084903 0.3097559 0.2739189 0.2319794 0.1787689 0.1334385 0.1146021 -9999.000 -9999.000 -9999.000 -9999.000 -9999.000 -9999.000 -9999.000 -9999.000 -9999.000 -9999.000
-9999.000 -9999.000 -9999.000 -9999.000 -9999.000 -9999.000 -9999.000 -9999.000 -9999.000 -9999.000 -9999.000 -9999.000 -9999.000 -9999.000 -9999.000 -9999.000 -9999.000 0.5940732E-01 0.1138816 0.7770751E-01 0.4873795E-01 0.8276018E-01 0.1226347 0.1265863 0.1208813 0.9867558E-01 0.4973757E-01 0.2087522E-01 -9999.000 -9999.000 -9999.000 0.5941336E-01 0.7607012E-01 0.9353793E-01 0.1373437 0.1875409 0.2003248 0.2466648 0.3307844 0.3763869 0.3792688 0.3516723 0.3103749 0.2743276 0.2585269 0.1969969 0.1598545 0.1412549 0.1459948 0.1407934 0.1107671 -9999.000 -9999.000 -9999.000 -9999.000 -9999.000 -9999.000 -9999.000 -9999.000 -9999.000
-9999.000 -9999.000 -9999.000 -9999.000 -9999.000 -9999.000 -9999.000 -9999.000 -9999.000 -9999.000 -9999.000 -9999.000 -9999.000 -9999.000 -9999.000 -9999.000 -9999.000 0.7364870E-01 0.1219138 0.6219900E-01 0.4046380E-01 0.7830975E-01 0.9877547E-01 0.9460020E-01 0.1182787 0.1024422 -9999.000 -9999.000 -9999.000 -9999.000 -9999.000 -9999.000 0.4509156E-01 0.8985931E-01 0.1480508 0.1863030 0.2166871 0.2696263 0.2987583 0.3240309 0.3139885 0.2925726 0.2750612 0.2797228 0.2538468 0.2452358 0.2245506 0.1687452 0.1710833 0.1935003 0.1674094 0.8161158E-01 -9999.000 -9999.000 -9999.000 -9999.000 -9999.000 -9999.000 -9999.000 -9999.000
-9999.000 -9999.000 -9999.000 -9999.000 -9999.000 -9999.000 -9999.000 -9999.000 -9999.000 -9999.000 -9999.000 -9999.000 -9999.000 -9999.000 -9999.000 -9999.000 -9999.000 0.1282970 0.8505463E-01 0.5163604E-01 0.8395148E-01 0.1352833 0.1436793 0.1031596 0.1103398 0.9202736E-01 0.5573471E-01 -9999.000 -9999.000 -9999.000 -9999.000 -9999.000 -9999.000 0.8158699E-01 0.1677295 0.2209840 0.2522147 0.2409015 0.2272157 0.2370458 0.2638548 0.2378245 0.2491646 0.2921895 0.2816900 0.2929245 0.2701714 0.2126871 0.1994701 0.2305199 0.2061234 0.9071823E-01 0.3441731E-01 -9999.000 -9999.000 -9999.000 -9999.000 -9999.000 -9999.000 -9999.000
-9999.000 -9999.000 -9999.000 -9999.000 -9999.000 -9999.000 -9999.000 -9999.000 -9999.000 -9999.000 -9999.000 -9999.000 -9999.000 -9999.000 -9999.000 -9999.000 0.7329176E-01 0.1333033 0.1077295 0.8279038E-01 0.1561975 0.2039338 0.1865452 0.1366166 0.1284171 0.9762700E-01 0.3522393E-01 -9999.000 -9999.000 -9999.000 -9999.000 -9999.000 -9999.000 0.6549768E-01 0.1378675 0.1765431 0.1965735 0.2034461 0.2069814 0.2178619 0.2198482 0.1939920 0.1950815 0.2725603 0.3030391 0.2918186 0.2628565 0.2270718 0.2157289 0.2256466 0.2111383 0.1117767 0.5079899E-01 -9999.000 -9999.000 -9999.000 -9999.000 -9999.000 -9999.000 -9999.000
-9999.000 -9999.000 -9999.000 -9999.000 -9999.000 -9999.000 -9999.000 -9999.000 -9999.000 -9999.000 -9999.000 -9999.000 -9999.000 -9999.000 -9999.000 -9999.000 -9999.000 0.8186428E-01 0.9792124E-01 0.1020822 0.1531214 0.1824217 0.1703688 0.1814277 0.1806793 0.1275548 0.4960022E-01 0.1843807E-01 -9999.000 -9999.000 -9999.000 -9999.000 -9999.000 0.4598815E-01 0.7545711E-01 0.8138649E-01 0.1235742 0.1682749 0.2114873 0.2158852 0.2187210 0.2066734 0.1994129 0.2513747 0.2846494 0.2895814 0.2730879 0.2329965 0.2322996 0.2443215 0.1979877 0.1326775 0.9875044E-01 0.3772410E-01 -9999.000 -9999.000 -9999.000 -9999.000 -9999.000 -9999.000
-9999.000 -9999.000 -9999.000 -9999.000 -9999.000 -9999.000 -9999.000 -9999.000 -9999.000 -9999.000 -9999.000 -9999.000 -9999.000 -9999.000 -9999.000 -9999.000 -9999.000 0.3353718E-01 0.6511358E-01 0.8086322E-01 0.1142424 0.1262083 0.1342495 0.1827585 0.2070721 0.1573223 0.9060051E-01 0.3833758E-01 -9999.000 -9999.000 -9999.000 -9999.000 -9999.000 -9999.000 0.6612618E-01 0.8802217E-01 0.1131698 0.1496491 0.1758811 0.1891327 0.2228050 0.2548915 0.2575705 0.2622288 0.2552993 0.2831680 0.2630521 0.2340609 0.2613669 0.2843790 0.2382111 0.2018737 0.1782373 0.1079763 -9999.000 -9999.000 -9999.000 -9999.000 -9999.000 -9999.000
-9999.000 -9999.000 -9999.000 -9999.000 -9999.000 -9999.000 -9999.000 -9999.000 -9999.000 -9999.000 -9999.000 -9999.000 -9999.000 -9999.000 -9999.000 -9999.000 -9999.000 0.4094980E-01 0.8007697E-01 0.6054063E-01 0.6103026E-01 0.8954715E-01 0.1176133 0.1632281 0.2011331 0.1759464 0.1264434 0.6292043E-01 0.2885389E-01 -9999.000 -9999.000 -9999.000 -9999.000 -9999.000 0.6562589E-01 0.9279980E-01 0.1215668 0.1434067 0.1618926 0.1738033 0.1938272 0.2339328 0.2482690 0.2313841 0.2185084 0.2052018 0.1915139 0.2100449 0.2823704 0.3232144 0.2912457 0.2631467 0.2237575 0.1947241 0.1698693 -9999.000 -9999.000 -9999.000 -9999.000 -9999.000
-9999.000 -9999.000 -9999.000 -9999.000 -9999.000 -9999.000 -9999.000 -9999.000 -9999.000 -9999.000 -9999.000 -9999.000 -9999.000 -9999.000 -9999.000 -9999.000 -9999.000 -9999.000 0.4801665E-01 -9999.000 0.3380027E-01 0.1119825 0.1632637 0.1908805 0.1785844 0.1423149 0.1147427 0.7812104E-01 0.4251064E-01 -9999.000 -9999.000 -9999.000 -9999.000 -9999.000 -9999.000 0.5428114E-01 0.9032233E-01 0.1274089 0.1669098 0.1810778 0.1946150 0.2211328 0.2409852 0.1869173 0.1236067 0.9504621E-01 0.1171813 0.2063439 0.2977358 0.3433582 0.2919029 0.2561152 0.2256865 0.2105091 0.1611280 0.8118957E-01 -9999.000 -9999.000 -9999.000 -9999.000
-9999.000 -9999.000 -9999.000 -9999.000 -9999.000 -9999.000 -9999.000 -9999.000 -9999.000 -9999.000 -9999.000 -9999.000 -9999.000 -9999.000 -9999.000 -9999.000 -9999.000 -9999.000 0.1639280E-01 0.2289214E-01 0.4352038E-01 0.1350775 0.2159862 0.2307416 0.1860493 0.1489964 0.1191519 0.9418843E-01 0.5453931E-01 -9999.000 -9999.000 -9999.000 -9999.000 -9999.000 -9999.000 0.3129833E-01 0.7099002E-01 0.1220494 0.1661406 0.1942653 0.2317703 0.2414071 0.2440986 0.1942128 0.1461095 0.1459681 0.1725340 0.2405805 0.2819812 0.2628416 0.2367662 0.2536798 0.2473897 0.1992561 0.1621956 0.1127614 0.4666458E-01 -9999.000 -9999.000 -9999.000
-9999.000 -9999.000 -9999.000 -9999.000 -9999.000 -9999.000 -9999.000 -9999.000 -9999.000 -9999.000 -9999.000 -9999.000 -9999.000 -9999.000 -9999.000 -9999.000 -9999.000 -9999.000 0.1300094E-01 0.2871752E-01 0.6048513E-01 0.1485178 0.2293474 0.2208176 0.1841905 0.1459537 0.1174148 0.9696091E-01 0.6523295E-01 -9999.000 -9999.000 -9999.000 -9999.000 -9999.000 -9999.000 -9999.000 0.5475261E-01 0.1194988 0.1823324 0.2285759 0.2835301 0.2995573 0.2631085 0.2224711 0.2316520 0.3164302 0.3665765 0.3471914 0.2955727 0.2400719 0.2573262 0.3124641 0.3028882 0.2184291 0.1853301 0.1697759 0.9779823E-01 -9999.000 -9999.000 -9999.000
