simulation_files/asc/Depth____000219.asc
NCOLS        79
NROWS        79
XLLCENTER         -1.500000
YLLCENTER         -4.800000
CELLSIZE           0.100
NODATA_VALUE     -9999.0
[rows 0 to 25 of 79, columns 0 to 58 of 79]
-9999.000 -9999.000 -9999.000 -9999.000 -9999.000 -9999.000 -9999.000 -9999.000 -9999.000 -9999.000 -9999.000 -9999.000 -9999.000 -9999.000 -9999.000 0.7655159 0.7661029 0.7664008 0.7664953 0.7663173 0.7660197 0.7656828 0.7653327 0.7649934 0.7646821 0.7643963 0.7641361 0.7638748 0.7635030 0.7634767 0.7634767 -9999.000 -9999.000 -9999.000 -9999.000 -9999.000 -9999.000 -9999.000 -9999.000 -9999.000 -9999.000 -9999.000 -9999.000 -9999.000 -9999.000 -9999.000 -9999.000 -9999.000 -9999.000 -9999.000 -9999.000 -9999.000 -9999.000 -9999.000 -9999.000 -9999.000 -9999.000 -9999.000 -9999.000
-9999.000 -9999.000 -9999.000 -9999.000 -9999.000 -9999.000 -9999.000 -9999.000 -9999.000 -9999.000 -9999.000 -9999.000 -9999.000 -9999.000 -9999.000 0.7673442 0.7678659 0.7681078 0.7681836 0.7680371 0.7677991 0.7675361 0.7672674 0.7670114 0.7667806 0.7665715 0.7663827 0.7661899 0.7658956 0.7659591 0.7659591 -9999.000 -9999.000 -9999.000 -9999.000 -9999.000 -9999.000 -9999.000 -9999.000 -9999.000 -9999.000 -9999.000 -9999.000 -9999.000 -9999.000 -9999.000 -9999.000 -9999.000 -9999.000 -9999.000 -9999.000 -9999.000 -9999.000 -9999.000 -9999.000 -9999.000 -9999.000 -9999.000 -9999.000
-9999.000 -9999.000 -9999.000 -9999.000 -9999.000 -9999.000 -9999.000 -9999.000 -9999.000 -9999.000 -9999.000 -9999.000 -9999.000 -9999.000 -9999.000 0.7692482 0.7698093 0.7700652 0.7701517 0.7700105 0.7697774 0.7695204 0.7692590 0.7690115 0.7687902 0.7685900 0.7684087 0.7682196 0.7679200 0.7679791 0.7679791 -9999.000 -9999.000 -9999.000 -9999.000 -9999.000 -9999.000 -9999.000 -9999.000 -9999.000 -9999.000 -9999.000 -9999.000 -9999.000 -9999.000 -9999.000 -9999.000 -9999.000 -9999.000 -9999.000 -9999.000 -9999.000 -9999.000 -9999.000 -9999.000 -9999.000 -9999.000 -9999.000 -9999.000
-9999.000 -9999.000 -9999.000 -9999.000 -9999.000 -9999.000 -9999.000 -9999.000 -9999.000 -9999.000 -9999.000 -9999.000 -9999.000 -9999.000 -9999.000 0.7712036 0.7717906 0.7720547 0.7721453 0.7720026 0.7717671 0.7715086 0.7712460 0.7709982 0.7707773 0.7705773 0.7703956 0.7702039 0.7698927 0.7699303 0.7699303 -9999.000 -9999.000 -9999.000 -9999.000 -9999.000 -9999.000 -9999.000 -9999.000 -9999.000 -9999.000 -9999.000 -9999.000 -9999.000 -9999.000 -9999.000 -9999.000 -9999.000 -9999.000 -9999.000 -9999.000 -9999.000 -9999.000 -9999.000 -9999.000 -9999.000 -9999.000 -9999.000 -9999.000
-9999.000 -9999.000 -9999.000 -9999.000 -9999.000 -9999.000 -9999.000 -9999.000 -9999.000 -9999.000 -9999.000 -9999.000 -9999.000 -9999.000 -9999.000 0.7731771 0.7737855 0.7740552 0.7741470 0.7739992 0.7737579 0.7734944 0.7732268 0.7729748 0.7727506 0.7725471 0.7723616 0.7721639 0.7718366 0.7718390 0.7718390 -9999.000 -9999.000 -9999.000 -9999.000 -9999.000 -9999.000 -9999.000 -9999.000 -9999.000 -9999.000 -9999.000 -9999.000 -9999.000 -9999.000 -9999.000 -9999.000 -9999.000 -9999.000 -9999.000 -9999.000 -9999.000 -9999.000 -9999.000 -9999.000 -9999.000 -9999.000 -9999.000 -9999.000
-9999.000 -9999.000 -9999.000 -9999.000 -9999.000 -9999.000 -9999.000 -9999.000 -9999.000 -9999.000 -9999.000 -9999.000 -9999.000 -9999.000 -9999.000 0.7751558 0.7757832 0.7760571 0.7761484 0.7759935 0.7757447 0.7754746 0.7752005 0.7749427 0.7747135 0.7745047 0.7743138 0.7741080 0.7737606 0.7737144 0.7737144 -9999.000 -9999.000 -9999.000 -9999.000 -9999.000 -9999.000 -9999.000 -9999.000 -9999.000 -9999.000 -9999.000 -9999.000 -9999.000 -9999.000 -9999.000 -9999.000 -9999.000 -9999.000 -9999.000 -9999.000 -9999.000 -9999.000 -9999.000 -9999.000 -9999.000 -9999.000 -9999.000 -9999.000
-9999.000 -9999.000 -9999.000 -9999.000 -9999.000 -9999.000 -9999.000 -9999.000 -9999.000 -9999.000 -9999.000 -9999.000 -9999.000 -9999.000 -9999.000 0.7771337 0.7777795 0.7780560 0.7781454 0.7779819 0.7777247 0.7774474 0.7771659 0.7769016 0.7766668 0.7764518 0.7762544 0.7760389 0.7756673 0.7755572 0.7755572 -9999.000 -9999.000 -9999.000 -9999.000 -9999.000 -9999.000 -9999.000 -9999.000 -9999.000 -9999.000 -9999.000 -9999.000 -9999.000 -9999.000 -9999.000 -9999.000 -9999.000 -9999.000 -9999.000 -9999.000 -9999.000 -9999.000 -9999.000 -9999.000 -9999.000 -9999.000 -9999.000 -9999.000
-9999.000 -9999.000 -9999.000 -9999.000 -9999.000 -9999.000 -9999.000 -9999.000 -9999.000 -9999.000 -9999.000 -9999.000 -9999.000 -9999.000 -9999.000 0.7791082 0.7797717 0.7800496 0.7801359 0.7799624 0.7796960 0.7794112 0.7791220 0.7788507 0.7786101 0.7783883 0.7781838 0.7779570 0.7775565 0.7773631 0.7773631 -9999.000 -9999.000 -9999.000 -9999.000 -9999.000 -9999.000 -9999.000 -9999.000 -9999.000 -9999.000 -9999.000 -9999.000 -9999.000 -9999.000 -9999.000 -9999.000 -9999.000 -9999.000 -9999.000 -9999.000 -9999.000 -9999.000 -9999.000 -9999.000 -9999.000 -9999.000 -9999.000 -9999.000
-9999.000 -9999.000 -9999.000 -9999.000 -9999.000 -9999.000 -9999.000 -9999.000 -9999.000 -9999.000 -9999.000 -9999.000 -9999.000 -9999.000 -9999.000 0.7810776 0.7817585 0.7820363 0.7821183 0.7819332 0.7816570 0.7813645 0.7810671 0.7807889 0.7805423 0.7803132 0.7801008 0.7798612 0.7794265 0.7791241 0.7791241 -9999.000 -9999.000 -9999.000 -9999.000 -9999.000 -9999.000 -9999.000 -9999.000 -9999.000 -9999.000 -9999.000 -9999.000 -9999.000 -9999.000 -9999.000 -9999.000 -9999.000 -9999.000 -9999.000 -9999.000 -9999.000 -9999.000 -9999.000 -9999.000 -9999.000 -9999.000 -9999.000 -9999.000
-9999.000 -9999.000 -9999.000 -9999.000 -9999.000 -9999.000 -9999.000 -9999.000 -9999.000 -9999.000 -9999.000 -9999.000 -9999.000 -9999.000 -9999.000 0.7830408 0.7837388 0.7840148 0.7840911 0.7838926 0.7836058 0.7833054 0.7829998 0.7827145 0.7824619 0.7822250 0.7820039 0.7817495 0.7812743 0.7808282 0.7808282 -9999.000 -9999.000 -9999.000 -9999.000 -9999.000 -9999.000 -9999.000 -9999.000 -9999.000 -9999.000 -9999.000 -9999.000 -9999.000 -9999.000 -9999.000 -9999.000 -9999.000 -9999.000 -9999.000 -9999.000 -9999.000 -9999.000 -9999.000 -9999.000 -9999.000 -9999.000 -9999.000 -9999.000
-9999.000 -9999.000 -9999.000 -9999.000 -9999.000 -9999.000 -9999.000 -9999.000 -9999.000 -9999.000 -9999.000 -9999.000 -9999.000 -9999.000 -9999.000 0.7849962 0.7857109 0.7859834 0.7860522 0.7858384 0.7855401 0.7852318 0.7849177 0.7846252 0.7843667 0.7841213 0.7838908 0.7836193 0.7830954 0.7824577 0.7824577 -9999.000 -9999.000 -9999.000 -9999.000 -9999.000 -9999.000 -9999.000 -9999.000 -9999.000 -9999.000 -9999.000 -9999.000 -9999.000 -9999.000 -9999.000 -9999.000 -9999.000 -9999.000 -9999.000 -9999.000 -9999.000 -9999.000 -9999.000 -9999.000 -9999.000 -9999.000 -9999.000 -9999.000
-9999.000 -9999.000 -9999.000 -9999.000 -9999.000 -9999.000 -9999.000 -9999.000 -9999.000 -9999.000 -9999.000 -9999.000 -9999.000 -9999.000 -9999.000 0.7869412 0.7876727 0.7879395 0.7879995 0.7877682 0.7874576 0.7871411 0.7868180 0.7865183 0.7862538 0.7859992 0.7857582 0.7854663 0.7848839 0.7839868 0.7839868 -9999.000 -9999.000 -9999.000 -9999.000 -9999.000 -9999.000 -9999.000 -9999.000 -9999.000 -9999.000 -9999.000 -9999.000 -9999.000 -9999.000 -9999.000 -9999.000 -9999.000 -9999.000 -9999.000 -9999.000 -9999.000 -9999.000 -9999.000 -9999.000 -9999.000 -9999.000 -9999.000 -9999.000
-9999.000 -9999.000 -9999.000 -9999.000 -9999.000 -9999.000 -9999.000 -9999.000 -9999.000 -9999.000 -9999.000 -9999.000 -9999.000 -9999.000 -9999.000 0.7888632 0.7896134 0.7898741 0.7899281 0.7896805 0.7893574 0.7890327 0.7886999 0.7883925 0.7881215 0.7878562 0.7876029 0.7872864 0.7866320 0.7853769 0.7853769 -9999.000 -9999.000 -9999.000 -9999.000 -9999.000 -9999.000 -9999.000 -9999.000 -9999.000 -9999.000 -9999.000 -9999.000 -9999.000 -9999.000 -9999.000 -9999.000 -9999.000 -9999.000 -9999.000 -9999.000 -9999.000 -9999.000 -9999.000 -9999.000 -9999.000 -9999.000 -9999.000 -9999.000
-9999.000 -9999.000 -9999.000 -9999.000 -9999.000 -9999.000 -9999.000 -9999.000 -9999.000 -9999.000 -9999.000 -9999.000 -9999.000 -9999.000 -9999.000 0.7904008 0.7912501 0.7916095 0.7918299 0.7916560 0.7913320 0.7909967 0.7906466 0.7903220 0.7900345 0.7897474 0.7894716 0.7891183 0.7883697 0.7866142 0.7866142 -9999.000 -9999.000 -9999.000 -9999.000 -9999.000 -9999.000 -9999.000 -9999.000 -9999.000 -9999.000 -9999.000 -9999.000 -9999.000 -9999.000 -9999.000 -9999.000 -9999.000 -9999.000 -9999.000 -9999.000 -9999.000 -9999.000 -9999.000 -9999.000 -9999.000 -9999.000 -9999.000 -9999.000
-9999.000 -9999.000 -9999.000 -9999.000 -9999.000 -9999.000 -9999.000 -9999.000 -9999.000 -9999.000 -9999.000 -9999.000 -9999.000 -9999.000 -9999.000 0.7768758 0.7872556 0.7930096 0.7970050 0.7978115 0.7967997 0.7957847 0.7947951 0.7939135 0.7931651 0.7924970 0.7919117 0.7912786 0.7901677 0.7869266 0.7869266 -9999.000 -9999.000 -9999.000 -9999.000 -9999.000 -9999.000 -9999.000 -9999.000 -9999.000 -9999.000 -9999.000 -9999.000 -9999.000 -9999.000 -9999.000 -9999.000 -9999.000 -9999.000 -9999.000 -9999.000 -9999.000 -9999.000 -9999.000 -9999.000 -9999.000 -9999.000 -9999.000 -9999.000
0.8876768 0.8876768 0.8809835 0.8740518 0.8653949 0.8653949 0.8617781 0.8562586 0.8562586 0.8518311 0.8518311 0.8481488 0.8465123 0.8449832 0.8434233 0.8434233 0.7974511 0.7958769 0.7944633 0.7928308 0.7941743 0.7961165 0.7983698 0.8012192 0.8045120 0.8074550 0.8100073 0.8108307 0.8057159 0.7779679 0.7779679 0.5573159 0.5161992 0.4892176 0.4799741 0.4799741 0.4643478 0.4643478 0.4609379 0.4609379 0.4686307 0.5108939 0.5108939 0.5917596 0.5917596 0.6938760 0.6938760 0.6938760 0.7012996 0.7012996 0.6928443 0.6928443 0.6780166 0.6780166 0.6616465 0.6616465 0.6460046 0.6460046 0.6460046
0.8844861 0.8844861 0.8790465 0.8719227 0.8644420 0.8644420 0.8606505 0.8550783 0.8550783 0.8506703 0.8506703 0.8470074 0.8453791 0.8438581 0.8423079 0.8423079 0.8028073 0.7957302 0.7899739 0.7847588 0.7812445 0.7787473 0.7771415 0.7766045 0.7771608 0.7785107 0.7805748 0.7827762 0.7833443 0.7759580 0.7759580 0.6284800 0.5699610 0.5099193 0.4923437 0.4923437 0.4701199 0.4701199 0.4660615 0.4660615 0.4734543 0.5115932 0.5115932 0.5796142 0.5796142 0.6848438 0.6848438 0.6848438 0.6989698 0.6989698 0.6925223 0.6925223 0.6783785 0.6783785 0.6622938 0.6622938 0.6467786 0.6467786 0.6467786
0.8827903 0.8827903 0.8785915 0.8713874 0.8646324 0.8646324 0.8607067 0.8550328 0.8550328 0.8506188 0.8506188 0.8469556 0.8453251 0.8438008 0.8422335 0.8422335 0.8070089 0.7955299 0.7856643 0.7768849 0.7697831 0.7641534 0.7598363 0.7568581 0.7552343 0.7547923 0.7554383 0.7567894 0.7575555 0.7530178 0.7530178 0.6625710 0.6028683 0.5289466 0.5058290 0.5058290 0.4793135 0.4793135 0.4794173 0.4794173 0.4900289 0.5285169 0.5285169 0.5820283 0.5820283 0.6728491 0.6728491 0.6728491 0.6926467 0.6926467 0.6898069 0.6898069 0.6772314 0.6772314 0.6617814 0.6617814 0.6465854 0.6465854 0.6465854
0.8815470 0.8815470 0.8782659 0.8710883 0.8648346 0.8648346 0.8608056 0.8550235 0.8550235 0.8506096 0.8506096 0.8469551 0.8453264 0.8438025 0.8422074 0.8422074 0.8099895 0.7949532 0.7812505 0.7689270 0.7584264 0.7497840 0.7429058 0.7377421 0.7342460 0.7322623 0.7316488 0.7320997 0.7326726 0.7299614 0.7299614 0.6740383 0.6222618 0.5466472 0.5214952 0.5214952 0.4962879 0.4962879 0.5053185 0.5053185 0.5197249 0.5549182 0.5549182 0.5901037 0.5901037 0.6574561 0.6574561 0.6574561 0.6806843 0.6806843 0.6828742 0.6828742 0.6734206 0.6734206 0.6596125 0.6596125 0.6453879 0.6453879 0.6453879
0.8810843 0.8810843 0.8776865 0.8709973 0.8650541 0.8650541 0.8609262 0.8550199 0.8550199 0.8505970 0.8505970 0.8469480 0.8453207 0.8437979 0.8421605 0.8421605 0.8112955 0.7932898 0.7761350 0.7604418 0.7466897 0.7350635 0.7255692 0.7181633 0.7127778 0.7092664 0.7074561 0.7070651 0.7073739 0.7059416 0.7059416 0.6714593 0.6300804 0.5609787 0.5382106 0.5382106 0.5236846 0.5236846 0.5448660 0.5448660 0.5603595 0.5847373 0.5847373 0.6003004 0.6003004 0.6416818 0.6416818 0.6416818 0.6647120 0.6647120 0.6718698 0.6718698 0.6667884 0.6667884 0.6557564 0.6557564 0.6433067 0.6433067 0.6433067
0.8804376 0.8804376 0.8783041 0.8710242 0.8652489 0.8652489 0.8610309 0.8550127 0.8550127 0.8505859 0.8505859 0.8469475 0.8453229 0.8438012 0.8421006 0.8421006 0.8106271 0.7899373 0.7696820 0.7508840 0.7341120 0.7196465 0.7075772 0.6979001 0.6905585 0.6854289 0.6823418 0.6810390 0.6809615 0.6803787 0.6803787 0.6596209 0.6287454 0.5729023 0.5581892 0.5581892 0.5647660 0.5647660 0.5942547 0.5942547 0.6050920 0.6123317 0.6123317 0.6105348 0.6105348 0.6282926 0.6282926 0.6282926 0.6474198 0.6474198 0.6578348 0.6578348 0.6574581 0.6574581 0.6501282 0.6501282 0.6402990 0.6402990 0.6402990
0.8798272 0.8798272 0.8788937 0.8710470 0.8653464 0.8653464 0.8610789 0.8550128 0.8550128 0.8505857 0.8505857 0.8469490 0.8453241 0.8438016 0.8420105 0.8420105 0.8076917 0.7843360 0.7612290 0.7396147 0.7201203 0.7030693 0.6885999 0.6767436 0.6674671 0.6606762 0.6562256 0.6538951 0.6532581 0.6531388 0.6531388 0.6413791 0.6205737 0.5865689 0.5875428 0.5875428 0.6199167 0.6199167 0.6442689 0.6442689 0.6455046 0.6348918 0.6348918 0.6201268 0.6201268 0.6186997 0.6186997 0.6186997 0.6312681 0.6312681 0.6423023 0.6423023 0.6459037 0.6459037 0.6427467 0.6427467 0.6363007 0.6363007 0.6363007
0.8795348 0.8795348 0.8793005 0.8710582 0.8653976 0.8653976 0.8611123 0.8550135 0.8550135 0.8505833 0.8505833 0.8469476 0.8453228 0.8438003 0.8418844 0.8418844 0.8021181 0.7758958 0.7500709 0.7259142 0.7040337 0.6847370 0.6681636 0.6543548 0.6432914 0.6349049 0.6290818 0.6256483 0.6243026 0.6243705 0.6243705 0.6188666 0.6084383 0.6103280 0.6342642 0.6342642 0.6816103 0.6816103 0.6857231 0.6857231 0.6766739 0.6524100 0.6524100 0.6290362 0.6290362 0.6129836 0.6129836 0.6129836 0.6178306 0.6178306 0.6268857 0.6268857 0.6329333 0.6329333 0.6338347 0.6338347 0.6313162 0.6313162 0.6313162
0.8798273 0.8798273 0.8788936 0.8710470 0.8653464 0.8653464 0.8610789 0.8550129 0.8550129 0.8505858 0.8505858 0.8469490 0.8453241 0.8438016 0.8417137 0.8417137 0.7933366 0.7638778 0.7353780 0.7089384 0.6850460 0.6639211 0.6456500 0.6302463 0.6176828 0.6079016 0.6008159 0.5963002 0.5941926 0.5944538 0.5944538 0.5944523 0.5975376 0.6553000 0.7003494 0.7003494 0.7358515 0.7358515 0.7149670 0.7149670 0.6987004 0.6661483 0.6661483 0.6373269 0.6373269 0.6104545 0.6104545 0.6104545 0.6077076 0.6077076 0.6129244 0.6129244 0.6196124 0.6196124 0.6238828 0.6238828 0.6255004 0.6255004 0.6255004
0.8804376 0.8804376 0.8783040 0.8710242 0.8652489 0.8652489 0.8610308 0.8550128 0.8550128 0.8505861 0.8505861 0.8469474 0.8453230 0.8438011 0.8414785 0.8414785 0.7804456 0.7472723 0.7161064 0.6876704 0.6622036 0.6397566 0.6203041 0.6037896 0.5901492 0.5793152 0.5712137 0.5657663 0.5630327 0.5642619 0.5642619 0.5725325 0.5989172 0.7255282 0.7726702 0.7726702 0.7725620 0.7725620 0.7341550 0.7341550 0.7142183 0.6772548 0.6772548 0.6449151 0.6449151 0.6101538 0.6101538 0.6101538 0.6007496 0.6007496 0.6012677 0.6012677 0.6070040 0.6070040 0.6136088 0.6136088 0.6191901 0.6191901 0.6191901
0.8810843 0.8810843 0.8776863 0.8709972 0.8650540 0.8650540 0.8609262 0.8550201 0.8550201 0.8505969 0.8505969 0.8469479 0.8453207 0.8437977 0.8411518 0.8411518 0.7619620 0.7245755 0.6908235 0.6607918 0.6343172 0.6111864 0.5912004 0.5741936 0.5600374 0.5486339 0.5399069 0.5338373 0.5310426 0.5364950 0.5364950 0.5640734 0.6316398 0.8048308 0.8279101 0.8279101 0.7929319 0.7929319 0.7469840 0.7469840 0.7255649 0.6862889 0.6862889 0.6515731 0.6515731 0.6111596 0.6111596 0.6111596 0.5963925 0.5963925 0.5922511 0.5922511 0.5960094 0.5960094 0.6038629 0.6038629 0.6128980 0.6128980 0.6128980
