simulation_files/asc/Depth____395.0.asc
NCOLS       216
NROWS       273
XLLCENTER        494.688995
YLLCENTER        787.867981
CELLSIZE           0.500
NODATA_VALUE     -9999.0
[rows 162 to 188 of 273, columns 118 to 176 of 216]
2.078717 2.754164 2.953525 2.992304 3.003484 3.012514 2.791159 2.219832 1.586454 0.6544936 0.1909876 0.1149526 0.1471340 0.1818540 0.1650873 0.1557374 0.1853981 0.2032717 0.2282036 0.2419822 0.2346092 0.1775786 0.1350600 0.1425331 0.1724886 0.1785415 0.1399961 0.9056936E-01 -9999.000 -9999.000 -9999.000 -9999.000 -9999.000 -9999.000 -9999.000 -9999.000 -9999.000 -9999.000 -9999.000 -9999.000 -9999.000 -9999.000 -9999.000 -9999.000 -9999.000 -9999.000 -9999.000 -9999.000 -9999.000 -9999.000 -9999.000 -9999.000 -9999.000 -9999.000 -9999.000 -9999.000 -9999.000 -9999.000 -9999.000
1.739933 2.661540 2.946384 2.980902 2.981917 2.573691 1.766253 1.068666 0.5181138 0.1903310 0.1881991 0.1599420 0.1633375 0.1458358 0.1641915 0.1779273 0.1869358 0.1912488 0.2290941 0.2607349 0.2465261 0.1729575 0.1421301 0.1538765 0.1948076 0.2069916 0.1812306 0.1350252 0.7549960E-01 -9999.000 -9999.000 -9999.000 -9999.000 -9999.000 -9999.000 -9999.000 -9999.000 -9999.000 -9999.000 -9999.000 -9999.000 -9999.000 -9999.000 -9999.000 -9999.000 -9999.000 -9999.000 -9999.000 -9999.000 -9999.000 -9999.000 -9999.000 -9999.000 -9999.000 -9999.000 -9999.000 -9999.000 -9999.000 -9999.000
1.178956 2.234398 2.826190 2.967714 2.544293 1.584420 0.5259171 0.1846716 0.1527619 0.1297367 0.1614229 0.1432610 0.1339280 0.1150783 0.1426424 0.1686148 0.1700302 0.1773602 0.2058072 0.2377836 0.2174988 0.1530809 0.1335428 0.1569378 0.2034655 0.2071653 0.1682380 0.1299074 0.6861816E-01 -9999.000 -9999.000 -9999.000 -9999.000 -9999.000 -9999.000 -9999.000 -9999.000 -9999.000 -9999.000 -9999.000 -9999.000 -9999.000 -9999.000 -9999.000 -9999.000 -9999.000 -9999.000 -9999.000 -9999.000 -9999.000 -9999.000 -9999.000 -9999.000 -9999.000 -9999.000 -9999.000 -9999.000 -9999.000 -9999.000
0.2494897 1.381594 2.385661 2.485822 1.545806 0.5203508 0.1490112 0.1681800 0.1420281 0.1131997 0.1024922 0.1015982 0.1167796 0.1080772 0.1334247 0.1650192 0.1807215 0.2038531 0.2313167 0.2463784 0.1803572 0.1382863 0.1303156 0.1542876 0.1968605 0.1957549 0.1658696 0.1183009 0.7398090E-01 0.3552354E-01 -9999.000 -9999.000 -9999.000 -9999.000 -9999.000 -9999.000 -9999.000 -9999.000 -9999.000 -9999.000 -9999.000 -9999.000 -9999.000 -9999.000 -9999.000 -9999.000 -9999.000 -9999.000 -9999.000 -9999.000 -9999.000 -9999.000 -9999.000 -9999.000 -9999.000 -9999.000 -9999.000 -9999.000 -9999.000
-9999.000 0.7004099 1.443315 1.276872 0.5661707 0.1612816 0.1982516 0.1778702 0.1654347 0.1368377 0.9872145E-01 0.9383436E-01 0.1057729 0.9542712E-01 0.1406815 0.2017603 0.2392396 0.2676215 0.2904294 0.2306915 0.1460144 0.1590248 0.1620290 0.1760489 0.1970531 0.1891728 0.1624385 0.1414673 0.1114225 0.6307611E-01 -9999.000 -9999.000 0.1836429E-01 -9999.000 -9999.000 -9999.000 -9999.000 -9999.000 -9999.000 -9999.000 -9999.000 -9999.000 -9999.000 -9999.000 -9999.000 -9999.000 -9999.000 -9999.000 -9999.000 -9999.000 -9999.000 -9999.000 -9999.000 -9999.000 -9999.000 -9999.000 -9999.000 -9999.000 -9999.000
-9999.000 -9999.000 -9999.000 0.3568403 0.2113985 0.2416559 0.2113763 0.2007309 0.2050646 0.1775025 0.1526634 0.1394451 0.1238968 0.1092448 0.1663713 0.2522446 0.2702677 0.2764735 0.2633313 0.1719626 0.1081513 0.1658313 0.1776549 0.1895790 0.1841913 0.1435925 0.1362759 0.1459539 0.1448813 0.9872363E-01 -9999.000 -9999.000 -9999.000 -9999.000 -9999.000 -9999.000 -9999.000 -9999.000 -9999.000 -9999.000 -9999.000 -9999.000 -9999.000 -9999.000 -9999.000 -9999.000 -9999.000 -9999.000 -9999.000 -9999.000 -9999.000 -9999.000 -9999.000 -9999.000 -9999.000 -9999.000 -9999.000 -9999.000 -9999.000
-9999.000 -9999.000 -9999.000 0.1380400 0.2458609 0.2456166 0.2437557 0.2508874 0.2536669 0.2352187 0.2211676 0.2072307 0.1765782 0.1404892 0.1644773 0.2107256 0.2266179 0.2184447 0.1793817 0.1601416 0.1213318 0.1571439 0.1818214 0.2004324 0.1922435 0.1353145 0.1224722 0.1522227 0.1654090 0.1409590 0.8217399E-01 0.5134906E-01 0.4402597E-01 0.3478418E-01 -9999.000 -9999.000 -9999.000 -9999.000 -9999.000 -9999.000 -9999.000 -9999.000 -9999.000 -9999.000 -9999.000 -9999.000 -9999.000 -9999.000 -9999.000 -9999.000 -9999.000 -9999.000 -9999.000 -9999.000 -9999.000 -9999.000 -9999.000 -9999.000 -9999.000
-9999.000 -9999.000 -9999.000 0.1386624 0.1642682 0.1993085 0.2520019 0.2769211 0.2561240 0.2324519 0.2334351 0.2366135 0.1930049 0.1365453 0.1216888 0.1093925 0.1488823 0.1384413 0.1651411 0.2052310 0.1656180 0.1925407 0.2274194 0.2611127 0.2549157 0.1825381 0.1433583 0.1547838 0.1700346 0.1617073 0.1077924 0.7089751E-01 0.6089325E-01 0.4292538E-01 -9999.000 -9999.000 -9999.000 -9999.000 -9999.000 -9999.000 -9999.000 -9999.000 -9999.000 -9999.000 -9999.000 -9999.000 -9999.000 -9999.000 -9999.000 -9999.000 -9999.000 -9999.000 -9999.000 -9999.000 -9999.000 -9999.000 -9999.000 -9999.000 -9999.000
-9999.000 -9999.000 -9999.000 0.8426279E-01 0.1120226 0.1783943 0.2460887 0.2590644 0.2516934 0.2486022 0.2223754 0.1836926 0.1219220 0.1017851 0.1139789 0.1393727 0.1597896 0.1512680 0.1774636 0.1907226 0.1638642 0.2091505 0.2826132 0.3289397 0.3072370 0.2135886 0.1565253 0.1629909 0.1757186 0.1866688 0.1396721 0.1039850 0.9499909E-01 0.7429870E-01 0.4553593E-01 -9999.000 -9999.000 -9999.000 -9999.000 -9999.000 -9999.000 -9999.000 -9999.000 -9999.000 -9999.000 -9999.000 -9999.000 -9999.000 -9999.000 -9999.000 -9999.000 -9999.000 -9999.000 -9999.000 -9999.000 -9999.000 -9999.000 -9999.000 -9999.000
-9999.000 -9999.000 -9999.000 -9999.000 -9999.000 0.1156200 0.1798435 0.2198277 0.2436441 0.2575584 0.2078938 0.1229987 0.8197396E-01 0.6931684E-01 0.1140042 0.1868084 0.2233130 0.2423888 0.1967298 0.1241912 0.1018152 0.1860435 0.3027046 0.3435809 0.2841245 0.2007964 0.1726747 0.1925832 0.2154023 0.2185119 0.1737979 0.1460768 0.1517624 0.1344258 0.1060507 0.9282841E-01 0.8477479E-01 0.6473634E-01 -9999.000 -9999.000 -9999.000 -9999.000 -9999.000 -9999.000 -9999.000 -9999.000 -9999.000 -9999.000 -9999.000 -9999.000 -9999.000 -9999.000 -9999.000 -9999.000 -9999.000 -9999.000 -9999.000 -9999.000 -9999.000
-9999.000 -9999.000 -9999.000 -9999.000 -9999.000 0.6915952E-01 0.1136812 0.1622851 0.2206144 0.2539462 0.2276356 0.1664859 0.1271896 0.1123048 0.1449838 0.2069702 0.2389602 0.2695227 0.2379328 0.1513268 0.1275256 0.2000884 0.2899583 0.2991172 0.2515576 0.1884165 0.1772604 0.1799100 0.2101320 0.2444274 0.2117587 0.1999187 0.2080969 0.2034163 0.1551351 0.1391777 0.1372617 0.1010734 0.4798641E-01 -9999.000 -9999.000 -9999.000 -9999.000 -9999.000 -9999.000 -9999.000 -9999.000 -9999.000 -9999.000 -9999.000 -9999.000 -9999.000 -9999.000 -9999.000 -9999.000 -9999.000 -9999.000 -9999.000 -9999.000
-9999.000 -9999.000 -9999.000 -9999.000 -9999.000 0.6954399E-01 0.1098763 0.1534979 0.2127578 0.2464040 0.2450360 0.2208076 0.1827395 0.1653397 0.1842780 0.2110347 0.2331321 0.2828235 0.2922101 0.2534197 0.2393633 0.2422608 0.2486864 0.2497053 0.1885568 0.1610232 0.1544602 0.1435557 0.1717049 0.2184200 0.2041380 0.2026235 0.2193234 0.2162582 0.1950402 0.1725622 0.1675190 0.1507133 0.8984071E-01 -9999.000 -9999.000 -9999.000 -9999.000 -9999.000 -9999.000 -9999.000 -9999.000 -9999.000 -9999.000 -9999.000 -9999.000 -9999.000 -9999.000 -9999.000 -9999.000 -9999.000 -9999.000 -9999.000 -9999.000
-9999.000 -9999.000 -9999.000 -9999.000 -9999.000 -9999.000 0.1359258 0.1547994 0.1989333 0.2354450 0.2626914 0.2452653 0.2066542 0.1743585 0.1739707 0.1809064 0.2136269 0.2814767 0.3051117 0.3026770 0.3157691 0.2440689 0.2001937 0.1799579 0.1639457 0.1436122 0.1380442 0.1425349 0.1657183 0.1964309 0.1761885 0.1676102 0.1843038 0.2012666 0.1918186 0.1656207 0.1720295 0.1718558 0.1189832 0.7222153E-01 -9999.000 -9999.000 -9999.000 -9999.000 -9999.000 -9999.000 -9999.000 -9999.000 -9999.000 -9999.000 -9999.000 -9999.000 -9999.000 -9999.000 -9999.000 -9999.000 -9999.000 -9999.000 -9999.000
-9999.000 -9999.000 -9999.000 -9999.000 -9999.000 -9999.000 -9999.000 0.1053281 0.1533768 0.2266940 0.2780855 0.2565771 0.2020686 0.1490511 0.1268391 0.1139392 0.1651008 0.2676068 0.2696940 0.2439490 0.2045132 0.1646985 0.1585115 0.2006506 0.2323381 0.1734644 0.1543872 0.1706484 0.1873480 0.2067411 0.2019505 0.1831532 0.1801510 0.1970883 0.1672851 0.1113118 0.1118517 0.1429899 0.1332107 0.1055745 -9999.000 -9999.000 -9999.000 -9999.000 -9999.000 -9999.000 -9999.000 -9999.000 -9999.000 -9999.000 -9999.000 -9999.000 -9999.000 -9999.000 -9999.000 -9999.000 -9999.000 -9999.000 -9999.000
-9999.000 -9999.000 -9999.000 -9999.000 -9999.000 -9999.000 -9999.000 0.4177413E-01 0.8307895E-01 0.1793902 0.2337232 0.2304486 0.1719516 0.1111689 0.8236201E-01 0.5941785E-01 0.9523889E-01 0.1832348 0.1766811 0.1470420 0.1253463 0.1276455 0.1605942 0.2431885 0.2800471 0.2293187 0.2207061 0.2359017 0.2380877 0.2455047 0.2652501 0.2726913 0.2306929 0.1822298 0.1106114 0.5922783E-01 0.1040148 0.1558625 0.1657167 0.1117352 0.5025010E-01 -9999.000 -9999.000 -9999.000 -9999.000 -9999.000 -9999.000 -9999.000 -9999.000 -9999.000 -9999.000 -9999.000 -9999.000 -9999.000 -9999.000 -9999.000 -9999.000 -9999.000 -9999.000
-9999.000 -9999.000 -9999.000 -9999.000 -9999.000 -9999.000 -9999.000 -9999.000 0.5055237E-01 0.1156738 0.1827844 0.2023166 0.1735610 0.1081476 0.7190108E-01 0.4051985E-01 0.4660744E-01 0.9156303E-01 0.1125358 0.1226059 0.1533578 0.1545510 0.1598454 0.2384180 0.2849370 0.2703561 0.2687022 0.2624390 0.2351123 0.2307856 0.2947645 0.3043296 0.2640166 0.1762526 0.8909370E-01 0.1016444 0.1474752 0.1624802 0.1451381 0.1116620 0.7003507E-01 -9999.000 -9999.000 -9999.000 -9999.000 -9999.000 -9999.000 -9999.000 -9999.000 -9999.000 -9999.000 -9999.000 -9999.000 -9999.000 -9999.000 -9999.000 -9999.000 -9999.000 -9999.000
-9999.000 -9999.000 -9999.000 -9999.000 -9999.000 -9999.000 -9999.000 -9999.000 -9999.000 0.8329749E-01 0.1719137 0.1972530 0.1893119 0.1446593 0.9578964E-01 0.5524139E-01 0.3545747E-01 0.5391898E-01 0.7990379E-01 0.1079139 0.1523249 0.1879557 0.1866302 0.2326318 0.2886881 0.2807937 0.2478944 0.1966332 0.1259753 0.1480538 0.2329972 0.2472178 0.2401906 0.1860570 0.1535537 0.1731837 0.1840587 0.1661021 0.1468287 0.1597616 0.1272849 0.5970894E-01 -9999.000 -9999.000 -9999.000 -9999.000 -9999.000 -9999.000 -9999.000 -9999.000 -9999.000 -9999.000 -9999.000 -9999.000 -9999.000 -9999.000 -9999.000 -9999.000 -9999.000
-9999.000 -9999.000 -9999.000 -9999.000 -9999.000 -9999.000 -9999.000 -9999.000 -9999.000 0.5311011E-01 0.1262831 0.1770226 0.1960519 0.1732403 0.1220827 0.6545075E-01 0.3226579E-01 0.3469021E-01 0.5784589E-01 0.8912634E-01 0.1464071 0.2068889 0.2138661 0.2323310 0.2787225 0.2413153 0.1769670 0.1133673 0.1297453 0.1556789 0.1761110 0.1792335 0.1896268 0.1748657 0.1777269 0.2154865 0.2098179 0.1812406 0.1920664 0.2125162 0.1644935 0.7801528E-01 -9999.000 -9999.000 -9999.000 -9999.000 -9999.000 -9999.000 -9999.000 -9999.000 -9999.000 -9999.000 -9999.000 -9999.000 -9999.000 -9999.000 -9999.000 -9999.000 -9999.000
-9999.000 -9999.000 -9999.000 -9999.000 -9999.000 -9999.000 -9999.000 -9999.000 -9999.000 0.3612697E-01 0.9796650E-01 0.1647564 0.2031093 0.2082857 0.1577686 0.9120571E-01 0.3724791E-01 0.2232614E-01 0.4256629E-01 0.7927638E-01 0.1303249 0.1770026 0.1816752 0.2106809 0.2307833 0.1791658 0.1099868 0.1062064 0.1686185 0.2138999 0.1985980 0.1699474 0.1725172 0.1599021 0.1739530 0.2248962 0.2132305 0.1830280 0.2070588 0.2415802 0.2011184 0.9646350E-01 -9999.000 -9999.000 -9999.000 -9999.000 -9999.000 -9999.000 -9999.000 -9999.000 -9999.000 -9999.000 -9999.000 -9999.000 -9999.000 -9999.000 -9999.000 -9999.000 -9999.000
-9999.000 -9999.000 -9999.000 -9999.000 -9999.000 -9999.000 -9999.000 -9999.000 -9999.000 -9999.000 0.5007550E-01 0.1019946 0.1811979 0.2259780 0.2039754 0.1392585 0.4977382E-01 0.1990192E-01 0.2442607E-01 0.5160904E-01 0.9464788E-01 0.1207751 0.1196708 0.1616641 0.2010367 0.1748952 0.1659631 0.1733773 0.2212768 0.2488674 0.2503938 0.2167377 0.2274994 0.2294032 0.2370028 0.2609094 0.2337498 0.2212355 0.2336899 0.2549241 0.2316436 0.1515099 0.9443683E-01 -9999.000 -9999.000 -9999.000 -9999.000 -9999.000 -9999.000 -9999.000 -9999.000 -9999.000 -9999.000 -9999.000 -9999.000 -9999.000 -9999.000 -9999.000 -9999.000
-9999.000 -9999.000 -9999.000 -9999.000 -9999.000 -9999.000 -9999.000 -9999.000 -9999.000 -9999.000 -9999.000 0.4778318E-01 0.1328198 0.2030373 0.2106097 0.1629395 0.8661109E-01 0.4201340E-01 0.1711271E-01 0.3387407E-01 0.6391525E-01 0.7180251E-01 0.5956746E-01 0.1140549 0.2101612 0.2142459 0.2178847 0.2597365 0.2645861 0.2401517 0.2605173 0.3000430 0.3281891 0.3532439 0.3298675 0.2905569 0.2692295 0.2765892 0.2793733 0.2844491 0.2551171 0.1997557 0.1327918 0.5836570E-01 -9999.000 -9999.000 -9999.000 -9999.000 -9999.000 -9999.000 -9999.000 -9999.000 -9999.000 -9999.000 -9999.000 -9999.000 -9999.000 -9999.000 -9999.000
-9999.000 -9999.000 -9999.000 -9999.000 -9999.000 -9999.000 -9999.000 -9999.000 -9999.000 -9999.000 -9999.000 0.3729540E-01 0.1104190 0.1848708 0.2120923 0.1873027 0.1394311 0.7933210E-01 0.3485471E-01 0.3679029E-01 0.5974903E-01 0.5290598E-01 0.4773454E-01 0.9980543E-01 0.1708290 0.1886464 0.2145909 0.2813797 0.3005652 0.2533837 0.2657513 0.3354032 0.3608293 0.3699686 0.3590812 0.3119552 0.2951688 0.2910794 0.2976441 0.3004345 0.2833476 0.2601996 0.1808721 0.7864076E-01 -9999.000 -9999.000 -9999.000 -9999.000 -9999.000 -9999.000 -9999.000 -9999.000 -9999.000 -9999.000 -9999.000 -9999.000 -9999.000 -9999.000 -9999.000
-9999.000 -9999.000 -9999.000 -9999.000 -9999.000 -9999.000 -9999.000 -9999.000 -9999.000 -9999.000 -9999.000 -9999.000 0.1083039 0.1874770 0.2206570 0.2175669 0.1822656 0.1263675 0.6868597E-01 0.4662265E-01 0.5079180E-01 0.4477873E-01 0.5198347E-01 0.8021404E-01 0.1032502 0.1161151 0.1615223 0.2401989 0.2886826 0.2754446 0.2971919 0.3451679 0.3258931 0.3150942 0.3206390 0.3111707 0.2680472 0.2697043 0.2715752 0.2840097 0.2890803 0.2749236 0.2242777 0.1245873 0.6071747E-01 -9999.000 -9999.000 -9999.000 -9999.000 -9999.000 -9999.000 -9999.000 -9999.000 -9999.000 -9999.000 -9999.000 -9999.000 -9999.000 -9999.000
-9999.000 -9999.000 -9999.000 -9999.000 -9999.000 -9999.000 -9999.000 -9999.000 -9999.000 -9999.000 -9999.000 -9999.000 0.1137650 0.1848767 0.2309891 0.2340570 0.2136087 0.1667484 0.9725164E-01 0.5959951E-01 0.5027056E-01 0.5928208E-01 0.7234225E-01 0.7457824E-01 0.6575295E-01 0.7738643E-01 0.1181803 0.1770280 0.2297704 0.2539370 0.3218993 0.3035348 0.2391773 0.2520829 0.2730519 0.2095991 0.1694557 0.1511264 0.1785033 0.2040146 0.2334405 0.2435507 0.2179294 0.1521743 0.1152274 -9999.000 -9999.000 -9999.000 -9999.000 -9999.000 -9999.000 -9999.000 -9999.000 -9999.000 -9999.000 -9999.000 -9999.000 -9999.000 -9999.000
-9999.000 -9999.000 -9999.000 -9999.000 -9999.000 -9999.000 -9999.000 -9999.000 -9999.000 -9999.000 -9999.000 -9999.000 -9999.000 0.1581743 0.2207851 0.2322206 0.2232784 0.1811361 0.1253377 0.6450271E-01 0.3982047E-01 0.4660485E-01 0.6623311E-01 0.6677435E-01 0.6324545E-01 0.8900741E-01 0.1403355 0.1835987 0.2176875 0.2448071 0.2569696 0.2094922 0.1875444 0.2801719 0.3027430 0.2491932 0.1728626 0.1518979 0.1647492 0.1786924 0.1993643 0.2190196 0.2126711 0.1806590 0.1432607 0.9628517E-01 -9999.000 -9999.000 -9999.000 -9999.000 -9999.000 -9999.000 -9999.000 -9999.000 -9999.000 -9999.000 -9999.000 -9999.000 -9999.000
-9999.000 -9999.000 -9999.000 -9999.000 -9999.000 -9999.000 -9999.000 -9999.000 -9999.000 -9999.000 -9999.000 -9999.000 -9999.000 0.1406950 0.1932712 0.2042626 0.2170954 0.1862821 0.1085092 0.6074582E-01 0.3510902E-01 0.2508314E-01 0.3608685E-01 0.5462023E-01 0.6925102E-01 0.1085960 0.1824212 0.2083080 0.2047342 0.1872821 0.1908348 0.1810342 0.1920685 0.2786006 0.3449234 0.3257122 0.2641323 0.1929038 0.1963534 0.2237527 0.2320911 0.2186120 0.2123583 0.1797510 0.1315593 0.8323973E-01 -9999.000 -9999.000 -9999.000 -9999.000 -9999.000 -9999.000 -9999.000 -9999.000 -9999.000 -9999.000 -9999.000 -9999.000 -9999.000
-9999.000 -9999.000 -9999.000 -9999.000 -9999.000 -9999.000 -9999.000 -9999.000 -9999.000 -9999.000 -9999.000 -9999.000 -9999.000 0.1422577 0.1746202 0.1775408 0.1990032 0.1798752 0.1222822 0.8800053E-01 0.5705147E-01 0.3143341E-01 0.2459772E-01 0.3309306E-01 0.5076372E-01 0.8852472E-01 0.1320030 0.1426549 0.1671772 0.1661518 0.2018881 0.2335983 0.2161374 0.2501357 0.2993447 0.2915001 0.2617692 0.2287659 0.2237534 0.2283022 0.1998392 0.1917421 0.2031842 0.1915984 0.1703362 0.1339656 0.9689112E-01 0.6433757E-01 -9999.000 -9999.000 -9999.000 -9999.000 -9999.000 -9999.000 -9999.000 -9999.000 -9999.000 -9999.000 -9999.000
