simulation_files/asc/Depth____192.0.asc
NCOLS       411
NROWS       131
XLLCENTER    2538020.000000
YLLCENTER    1152390.000000
CELLSIZE           1.000
NODATA_VALUE     -9999.0
[rows 27 to 53 of 131, columns 118 to 176 of 411]
-9999.000 2.191231 2.196539 2.225903 2.291644 2.360352 2.427833 2.487734 2.554609 2.613195 2.661280 2.669830 2.622389 2.557305 2.505175 2.484425 2.473690 2.461621 2.439057 2.377422 2.311313 2.295680 2.308596 2.326569 2.338364 2.345860 2.361656 2.374671 2.377269 2.370939 2.304580 1.726753 0.9333090 0.7027998 0.7126424 0.7367626 0.7593701 0.7802905 0.8045390 0.8347039 0.8650246 0.8906146 0.9171468 0.9441335 0.9689787 0.9948249 1.023396 1.046721 1.069072 1.097280 1.120100 1.143300 1.159155 1.166911 1.174318 1.184161 1.198802 1.219501 1.247450
2.195310 2.183997 2.183081 2.199595 2.249358 2.321683 2.393278 2.454477 2.523341 2.593142 2.648712 2.659195 2.622129 2.567821 2.514325 2.486191 2.466889 2.447679 2.419792 2.378217 2.336742 2.317034 2.326392 2.341331 2.353525 2.366912 2.380981 2.385203 2.384630 2.379553 2.279277 1.704583 0.9963250 0.7611238 0.7846434 0.8035457 0.8321000 0.8559763 0.8824695 0.9091081 0.9295752 0.9503666 0.9680369 0.9814507 0.9992281 1.018374 1.040789 1.058870 1.080342 1.102136 1.120149 1.131552 1.139314 1.145087 1.154992 1.171672 1.197303 1.230642 1.266902
2.194474 2.166173 2.162247 2.161875 2.202939 2.278712 2.345663 2.405002 2.473088 2.544980 2.607717 2.634811 2.616621 2.569206 2.521444 2.486287 2.463600 2.441991 2.415685 2.385522 2.356558 2.335974 2.340268 2.351039 2.364226 2.376043 2.386780 2.391345 2.401170 2.407871 2.313317 1.560513 1.033037 0.8222391 0.8500079 0.8715153 0.8973688 0.9166900 0.9327356 0.9495376 0.9667262 0.9779878 0.9869479 0.9986445 1.010031 1.026063 1.041318 1.059237 1.081537 1.097536 1.112566 1.122358 1.128444 1.135016 1.152116 1.176861 1.210041 1.245974 1.278813
2.194088 2.146430 2.140443 2.138292 2.155458 2.226268 2.301705 2.358174 2.434746 2.508453 2.568776 2.596857 2.582630 2.547434 2.512634 2.482097 2.452460 2.427486 2.398485 2.371070 2.346816 2.330334 2.329066 2.342701 2.355816 2.370744 2.386098 2.405057 2.424021 2.443382 2.334801 1.626501 0.8965756 0.8758496 0.9006105 0.9171692 0.9315013 0.9417750 0.9532364 0.9605850 0.9704799 0.9744407 0.9825196 0.9963381 1.009274 1.026183 1.043773 1.061005 1.076702 1.095483 1.109333 1.119502 1.131361 1.148963 1.174447 1.204148 1.235507 1.263726 1.288305
2.193293 2.126883 2.129276 2.134113 2.140401 2.181526 2.247263 2.317649 2.395950 2.462148 2.512971 2.540992 2.536312 2.513193 2.487994 2.458547 2.434003 2.407203 2.375902 2.338676 2.309942 2.295615 2.300228 2.313307 2.332826 2.362063 2.388431 2.417218 2.449878 2.490770 2.398017 1.584275 0.9030247 0.9143623 0.9256128 0.9294535 0.9368816 0.9386324 0.9418830 0.9438551 0.9507135 0.9593296 0.9740348 0.9905935 1.010424 1.028229 1.049045 1.066883 1.083211 1.100213 1.115482 1.129216 1.149448 1.178840 1.204895 1.232233 1.255318 1.272875 1.287002
2.210317 2.135518 2.112550 2.134537 2.139828 2.159517 2.209508 2.276287 2.347611 2.410281 2.456923 2.482999 2.484317 2.469927 2.448828 2.424126 2.404076 2.372955 2.337513 2.298354 2.260520 2.252195 2.265136 2.284603 2.313124 2.361582 2.403644 2.443836 2.484274 2.526039 2.464821 1.607657 0.9614656 0.9431001 0.9286634 0.9223971 0.9197141 0.9199912 0.9191163 0.9238877 0.9325750 0.9462674 0.9679186 0.9905678 1.012670 1.039538 1.061813 1.081918 1.100484 1.118176 1.130721 1.146439 1.171132 1.198864 1.219453 1.236199 1.248150 1.253387 1.255335
2.195331 2.140110 2.099282 2.105225 2.138007 2.150082 2.177548 2.237395 2.304936 2.355488 2.393662 2.417821 2.425728 2.418071 2.400537 2.379991 2.360607 2.333891 2.299142 2.258883 2.219600 2.219878 2.244332 2.275921 2.309410 2.367895 2.419205 2.459027 2.502032 2.537104 2.391105 1.638687 1.124789 0.9966528 0.9462412 0.9176317 0.9067823 0.9008566 0.9034324 0.9155342 0.9310016 0.9573893 0.9803816 1.005195 1.028484 1.051572 1.077268 1.099715 1.115431 1.132672 1.147180 1.161841 1.178829 1.192720 1.204711 1.208801 1.208995 1.204294 1.200120
2.176965 2.133528 2.092532 2.084738 2.106719 2.130781 2.155388 2.203054 2.261941 2.306772 2.338967 2.361351 2.369240 2.362106 2.345799 2.328656 2.313583 2.292253 2.263056 2.228812 2.208204 2.214304 2.244331 2.275971 2.304480 2.345801 2.399818 2.441580 2.484647 2.522916 2.224616 1.565822 1.248453 1.149296 1.062169 0.9849205 0.9563252 0.9302779 0.9260094 0.9439239 0.9596267 0.9781099 1.007294 1.033280 1.054949 1.072063 1.088925 1.106739 1.117158 1.130584 1.140610 1.152480 1.167214 1.169292 1.165459 1.162909 1.155644 1.150586 1.149151
2.152313 2.116246 2.084345 2.060800 2.067683 2.092692 2.122128 2.168348 2.221636 2.262813 2.291495 2.310238 2.316276 2.309150 2.295651 2.281288 2.271280 2.257420 2.229684 2.191853 2.176946 2.191248 2.224049 2.250206 2.267076 2.309468 2.349493 2.399919 2.451944 2.500735 2.046525 1.315453 1.273603 1.244159 1.232570 1.175760 1.094135 1.052191 1.002191 1.012522 1.016780 1.024361 1.038681 1.062209 1.078898 1.089191 1.095830 1.093574 1.092549 1.093713 1.098556 1.106724 1.112960 1.113512 1.113990 1.114778 1.113035 1.113369 1.111494
2.141830 2.112511 2.084044 2.056543 2.034604 2.040765 2.076220 2.131163 2.188759 2.229815 2.254429 2.266212 2.266084 2.258765 2.247791 2.236663 2.226907 2.216553 2.180448 2.132400 2.114548 2.124846 2.164592 2.190393 2.205999 2.229462 2.276907 2.326800 2.393936 2.413422 1.913115 1.326680 1.275599 1.295492 1.320320 1.339065 1.292576 1.223970 1.176725 1.120548 1.087683 1.081297 1.081974 1.088239 1.089788 1.086090 1.080146 1.070501 1.058227 1.054092 1.054479 1.054588 1.050255 1.049076 1.057026 1.061195 1.070803 1.078848 1.078220
2.133121 2.107301 2.079283 2.048441 2.017463 1.999420 2.011330 2.068126 2.159799 2.202003 2.220643 2.226001 2.223498 2.218139 2.209303 2.195916 2.182169 2.170442 2.136745 2.048400 2.006458 2.030790 2.085914 2.115089 2.132211 2.152413 2.189690 2.236938 2.319522 2.308852 1.783349 1.385820 1.325518 1.336711 1.356069 1.384021 1.416853 1.433694 1.394632 1.328290 1.245351 1.196562 1.146281 1.112470 1.082973 1.062677 1.054715 1.051904 1.045298 1.040853 1.036863 1.029183 1.015674 1.008304 1.001687 0.9966872 0.9971551 0.9994926 0.9925250
2.129743 2.106750 2.079331 2.047645 2.011961 1.983785 1.989253 2.045094 2.121012 2.169466 2.184628 2.184339 2.173592 2.166276 2.157635 2.140524 2.124376 2.116824 2.091696 1.985268 1.903614 1.929895 1.980772 2.029286 2.051419 2.072048 2.100753 2.159177 2.247687 2.175527 1.707669 1.453283 1.405022 1.382235 1.380931 1.395682 1.436611 1.475070 1.488097 1.471722 1.413185 1.329864 1.251057 1.163113 1.095835 1.057385 1.043984 1.046089 1.044266 1.043144 1.037947 1.026854 1.015226 1.005039 0.9838040 0.9567954 0.9250997 0.8859950 0.8352009
2.120437 2.103548 2.083572 2.064147 2.029187 1.992863 1.985809 2.024460 2.086349 2.126375 2.137018 2.132586 2.121975 2.104327 2.101605 2.086360 2.062513 2.065539 2.052358 1.942968 1.829871 1.849393 1.906316 1.959230 1.982032 1.993729 2.019018 2.067356 2.149143 2.085681 1.721101 1.551589 1.493391 1.449078 1.411309 1.397412 1.406607 1.426977 1.466598 1.488863 1.462544 1.405380 1.325347 1.243130 1.169587 1.109415 1.071119 1.052352 1.046445 1.041082 1.031430 1.019649 1.007542 0.9887279 0.9704103 0.9480676 0.9115526 0.8036374 0.6460314
2.123142 2.113628 2.101955 2.091133 2.068781 2.016877 1.974534 1.984234 2.027837 2.064413 2.071260 2.062586 2.055114 2.042011 2.031476 2.018002 1.997323 2.005203 2.005074 1.917594 1.787182 1.811179 1.862855 1.897311 1.908060 1.914740 1.933372 1.960676 2.027975 1.978627 1.723090 1.605061 1.554429 1.495745 1.439045 1.396495 1.373007 1.378149 1.416026 1.452997 1.447268 1.402839 1.347270 1.292987 1.245280 1.187554 1.135948 1.085780 1.044947 1.014879 0.9999212 0.9877567 0.9598389 0.9156757 0.8833608 0.8611217 0.8401059 0.7455478 0.5385533
2.140919 2.131860 2.118784 2.103316 2.068955 2.001876 1.937260 1.926302 1.954546 1.984802 1.997331 1.985111 1.983493 1.980857 1.973056 1.964948 1.951965 1.954688 1.944357 1.890787 1.807837 1.800250 1.832502 1.848021 1.846478 1.839322 1.828657 1.838221 1.852478 1.809142 1.691904 1.607397 1.563432 1.518586 1.452686 1.390880 1.357870 1.364645 1.375578 1.395983 1.408552 1.374628 1.314918 1.290460 1.264699 1.230083 1.192048 1.148189 1.060797 0.9740707 0.9337421 0.9149543 0.8820200 0.8128382 0.7512685 0.7071253 0.6746466 0.6260088 0.4885237
2.152548 2.138413 2.116712 2.090390 2.053173 1.973817 1.884806 1.861353 1.886349 1.914315 1.923544 1.919274 1.919434 1.924453 1.927283 1.922519 1.910245 1.913227 1.909203 1.869758 1.825763 1.795380 1.803606 1.797753 1.779021 1.751709 1.731792 1.718585 1.709031 1.682231 1.629210 1.586058 1.551629 1.518868 1.471353 1.414709 1.372293 1.356349 1.354425 1.343610 1.347301 1.324489 1.278895 1.248493 1.242341 1.221860 1.193821 1.138536 1.055720 0.9462729 0.8557960 0.7961328 0.7528353 0.6971265 0.6292987 0.5736055 0.5283243 0.4474694 0.2976795
2.132515 2.112692 2.084229 2.055786 2.026581 1.947881 1.834052 1.799196 1.816290 1.848628 1.856364 1.855598 1.860516 1.872372 1.882556 1.885752 1.874494 1.867735 1.870504 1.849311 1.823972 1.793372 1.770665 1.744705 1.713506 1.684834 1.662696 1.646521 1.635803 1.624206 1.599110 1.571005 1.546084 1.510828 1.469741 1.427221 1.370212 1.339068 1.319382 1.297762 1.282774 1.247273 1.197658 1.157306 1.140545 1.123400 1.091426 1.046398 0.9757072 0.8752648 0.7584972 0.6671129 0.6073813 0.5674803 0.4895345 0.4584335 0.4319548 0.3272724 0.1549952
2.089374 2.071031 2.043923 2.011743 1.994687 1.938179 1.817524 1.757213 1.770314 1.794306 1.806003 1.808219 1.814726 1.827972 1.839784 1.839277 1.823723 1.815333 1.818930 1.813845 1.807546 1.780613 1.740359 1.701121 1.670403 1.645207 1.632731 1.623085 1.612864 1.603168 1.585889 1.559272 1.532169 1.498319 1.445028 1.401161 1.340098 1.295326 1.278702 1.232855 1.186660 1.121419 1.051487 1.004668 0.9917407 0.9860131 0.9626026 0.9224792 0.8535091 0.7597295 0.6487476 0.5484491 0.4713949 0.4192173 0.3847411 0.3731587 0.3502305 0.2771233 0.1364505
2.034736 2.017280 2.003865 1.973826 1.963274 1.930662 1.813119 1.748459 1.744413 1.758197 1.762361 1.761930 1.762118 1.767799 1.773348 1.774441 1.760052 1.758978 1.772021 1.778396 1.780422 1.760588 1.725762 1.686736 1.656015 1.633782 1.621698 1.611605 1.597907 1.581934 1.562410 1.529589 1.490494 1.452348 1.385016 1.323320 1.255595 1.188011 1.175450 1.152211 1.060389 0.9821843 0.9017197 0.8361910 0.8293776 0.8464636 0.8187235 0.8038369 0.7457846 0.6465738 0.5459677 0.4675864 0.3833325 0.3371933 0.3230849 -9999.000 -9999.000 -9999.000 -9999.000
1.994008 1.976075 1.961687 1.944400 1.923188 1.925410 1.860302 1.764106 1.730801 1.727133 1.721545 1.712297 1.702566 1.693001 1.690527 1.685597 1.684657 1.703816 1.733805 1.749559 1.755094 1.745136 1.717011 1.681013 1.648490 1.625057 1.606078 1.589231 1.560020 1.538601 1.512302 1.447807 1.387449 1.321866 1.232022 1.120676 1.035887 0.9624617 0.9731324 0.9692557 0.9228431 0.8423405 0.7527927 0.6719996 0.6454812 0.6697358 0.7061766 0.6831884 0.6475606 0.5806058 0.5154481 0.4365900 -9999.000 -9999.000 -9999.000 -9999.000 -9999.000 -9999.000 -9999.000
1.954994 1.940001 1.925667 1.911163 1.894877 1.880455 1.851752 1.795604 1.739580 1.716414 1.688753 1.668590 1.647809 1.632267 1.622026 1.622600 1.639479 1.670890 1.706647 1.725939 1.735428 1.731968 1.707496 1.667403 1.626666 1.591880 1.554612 1.510508 1.464103 1.405653 1.359383 1.257428 1.175332 1.065026 0.9447804 0.8229479 0.6806272 0.6510605 0.6737407 0.7215089 0.7578613 0.6969758 0.6136241 0.5281085 0.4983720 0.5314190 0.6023625 0.6329856 -9999.000 -9999.000 -9999.000 -9999.000 -9999.000 -9999.000 -9999.000 -9999.000 -9999.000 -9999.000 -9999.000
1.923860 1.914189 1.900316 1.887106 1.871207 1.850657 1.824636 1.787324 1.751045 1.705015 1.666540 1.636643 1.612393 1.591830 1.583503 1.596069 1.620619 1.648191 1.679762 1.692728 1.698959 1.699235 1.665062 1.611618 1.543536 1.479302 1.409198 1.311816 1.257021 1.164018 1.091197 0.9720279 0.8511462 0.7364078 0.6170466 0.5009761 0.3577522 0.3320091 0.3351011 0.4041163 0.5214174 0.5361300 0.5072024 0.4568245 0.4278664 -9999.000 -9999.000 -9999.000 -9999.000 -9999.000 -9999.000 -9999.000 -9999.000 -9999.000 -9999.000 -9999.000 -9999.000 -9999.000 -9999.000
1.880506 1.877380 1.865616 1.852759 1.836162 1.810816 1.784615 1.755570 1.725395 1.686172 1.646428 1.604821 1.571619 1.556867 1.559109 1.574615 1.594295 1.612638 1.632581 1.638241 1.601121 1.592711 1.518570 1.424799 1.303906 1.202049 1.109490 1.015259 0.9369012 0.8518564 0.7606893 0.6545234 0.5596178 0.4495696 0.3326288 0.2652432 0.1452114 0.1106494 0.1379065 0.2073377 0.3182394 -9999.000 -9999.000 -9999.000 -9999.000 -9999.000 -9999.000 -9999.000 -9999.000 -9999.000 -9999.000 -9999.000 -9999.000 -9999.000 -9999.000 -9999.000 -9999.000 -9999.000 -9999.000
1.823151 1.823669 1.820753 1.810646 1.794182 1.769411 1.735161 1.715650 1.682160 1.656022 1.611510 1.558469 1.517072 1.517220 1.524322 1.531456 1.531411 1.530908 1.512649 1.461121 1.403496 1.303441 1.214295 1.015386 0.8938640 0.7494261 0.6568222 0.6252166 0.5856438 0.5191475 0.4400688 0.3519059 0.2871461 0.1930027 -9999.000 -9999.000 -9999.000 0.1004589E-01 -9999.000 -9999.000 -9999.000 -9999.000 -9999.000 -9999.000 -9999.000 -9999.000 -9999.000 -9999.000 -9999.000 -9999.000 -9999.000 -9999.000 -9999.000 -9999.000 -9999.000 -9999.000 -9999.000 -9999.000 -9999.000
1.748978 1.736712 1.748237 1.747886 1.740325 1.721999 1.688621 1.664732 1.637510 1.605556 1.545136 1.479158 1.447636 1.448422 1.440285 1.410929 1.376619 1.325956 1.222386 1.135350 1.004840 0.9034399 0.7959103 0.6378003 0.4946302 0.3690625 0.3147372 0.2403986 0.2363754 0.2446528 0.1874421 -9999.000 -9999.000 -9999.000 -9999.000 -9999.000 -9999.000 -9999.000 -9999.000 -9999.000 -9999.000 -9999.000 -9999.000 -9999.000 -9999.000 -9999.000 -9999.000 -9999.000 -9999.000 -9999.000 -9999.000 -9999.000 -9999.000 -9999.000 -9999.000 -9999.000 -9999.000 -9999.000 -9999.000
1.669241 1.672082 1.684125 1.698748 1.695595 1.676984 1.637200 1.602972 1.574427 1.519395 1.449525 1.385514 1.344645 1.305856 1.250645 1.164262 1.072392 0.9576579 0.8390321 0.7277957 0.5731841 0.5228843 0.3829491 -9999.000 -9999.000 -9999.000 -9999.000 -9999.000 -9999.000 -9999.000 -9999.000 -9999.000 -9999.000 -9999.000 -9999.000 -9999.000 -9999.000 -9999.000 -9999.000 -9999.000 -9999.000 -9999.000 -9999.000 -9999.000 -9999.000 -9999.000 -9999.000 -9999.000 -9999.000 -9999.000 -9999.000 -9999.000 -9999.000 -9999.000 -9999.000 -9999.000 -9999.000 -9999.000 -9999.000
1.603295 1.614033 1.635204 1.653060 1.652371 1.630239 1.562168 1.498523 1.448390 1.372388 1.318165 1.269711 1.148965 1.053264 0.9302459 0.7799086 0.6626303 0.5239233 0.4421878 0.3750469 0.3087074 0.2083180 -9999.000 -9999.000 -9999.000 -9999.000 -9999.000 -9999.000 -9999.000 -9999.000 -9999.000 -9999.000 -9999.000 -9999.000 -9999.000 -9999.000 -9999.000 -9999.000 -9999.000 -9999.000 -9999.000 -9999.000 -9999.000 -9999.000 -9999.000 -9999.000 -9999.000 -9999.000 -9999.000 -9999.000 -9999.000 -9999.000 -9999.000 -9999.000 -9999.000 -9999.000 -9999.000 -9999.000 -9999.000
