simulation_files/asc/Depth____337.0.asc
NCOLS        79
NROWS        79
XLLCENTER         -1.500000
YLLCENTER         -4.800000
CELLSIZE           0.100
NODATA_VALUE     -9999.0
[rows 0 to 25 of 79, columns 0 to 58 of 79]
-9999.000 -9999.000 -9999.000 -9999.000 -9999.000 -9999.000 -9999.000 -9999.000 -9999.000 -9999.000 -9999.000 -9999.000 -9999.000 -9999.000 -9999.000 0.6681286 0.6684716 0.6684569 0.6683307 0.6681421 0.6679127 0.6676586 0.6674007 0.6671431 0.6668952 0.6666624 0.6664395 0.6661913 0.6658111 0.6657612 0.6657612 -9999.000 -9999.000 -9999.000 -9999.000 -9999.000 -9999.000 -9999.000 -9999.000 -9999.000 -9999.000 -9999.000 -9999.000 -9999.000 -9999.000 -9999.000 -9999.000 -9999.000 -9999.000 -9999.000 -9999.000 -9999.000 -9999.000 -9999.000 -9999.000 -9999.000 -9999.000 -9999.000 -9999.000
-9999.000 -9999.000 -9999.000 -9999.000 -9999.000 -9999.000 -9999.000 -9999.000 -9999.000 -9999.000 -9999.000 -9999.000 -9999.000 -9999.000 -9999.000 0.6698827 0.6702167 0.6702031 0.6700999 0.6699488 0.6697674 0.6695686 0.6693693 0.6691721 0.6689843 0.6688104 0.6686453 0.6684575 0.6681514 0.6681820 0.6681820 -9999.000 -9999.000 -9999.000 -9999.000 -9999.000 -9999.000 -9999.000 -9999.000 -9999.000 -9999.000 -9999.000 -9999.000 -9999.000 -9999.000 -9999.000 -9999.000 -9999.000 -9999.000 -9999.000 -9999.000 -9999.000 -9999.000 -9999.000 -9999.000 -9999.000 -9999.000 -9999.000 -9999.000
-9999.000 -9999.000 -9999.000 -9999.000 -9999.000 -9999.000 -9999.000 -9999.000 -9999.000 -9999.000 -9999.000 -9999.000 -9999.000 -9999.000 -9999.000 0.6718018 0.6721646 0.6721571 0.6720595 0.6719151 0.6717414 0.6715516 0.6713628 0.6711767 0.6710001 0.6708367 0.6706797 0.6704954 0.6701816 0.6702076 0.6702076 -9999.000 -9999.000 -9999.000 -9999.000 -9999.000 -9999.000 -9999.000 -9999.000 -9999.000 -9999.000 -9999.000 -9999.000 -9999.000 -9999.000 -9999.000 -9999.000 -9999.000 -9999.000 -9999.000 -9999.000 -9999.000 -9999.000 -9999.000 -9999.000 -9999.000 -9999.000 -9999.000 -9999.000
-9999.000 -9999.000 -9999.000 -9999.000 -9999.000 -9999.000 -9999.000 -9999.000 -9999.000 -9999.000 -9999.000 -9999.000 -9999.000 -9999.000 -9999.000 0.6737696 0.6741490 0.6741433 0.6740465 0.6739026 0.6737297 0.6735408 0.6733537 0.6731693 0.6729946 0.6728329 0.6726765 0.6724889 0.6721611 0.6721652 0.6721652 -9999.000 -9999.000 -9999.000 -9999.000 -9999.000 -9999.000 -9999.000 -9999.000 -9999.000 -9999.000 -9999.000 -9999.000 -9999.000 -9999.000 -9999.000 -9999.000 -9999.000 -9999.000 -9999.000 -9999.000 -9999.000 -9999.000 -9999.000 -9999.000 -9999.000 -9999.000 -9999.000 -9999.000
-9999.000 -9999.000 -9999.000 -9999.000 -9999.000 -9999.000 -9999.000 -9999.000 -9999.000 -9999.000 -9999.000 -9999.000 -9999.000 -9999.000 -9999.000 0.6757581 0.6761486 0.6761423 0.6760437 0.6758974 0.6757216 0.6755297 0.6753401 0.6751530 0.6749759 0.6748117 0.6746519 0.6744571 0.6741099 0.6740775 0.6740775 -9999.000 -9999.000 -9999.000 -9999.000 -9999.000 -9999.000 -9999.000 -9999.000 -9999.000 -9999.000 -9999.000 -9999.000 -9999.000 -9999.000 -9999.000 -9999.000 -9999.000 -9999.000 -9999.000 -9999.000 -9999.000 -9999.000 -9999.000 -9999.000 -9999.000 -9999.000 -9999.000 -9999.000
-9999.000 -9999.000 -9999.000 -9999.000 -9999.000 -9999.000 -9999.000 -9999.000 -9999.000 -9999.000 -9999.000 -9999.000 -9999.000 -9999.000 -9999.000 0.6777540 0.6781526 0.6781445 0.6780425 0.6778922 0.6777118 0.6775148 0.6773207 0.6771288 0.6769471 0.6767783 0.6766130 0.6764083 0.6760367 0.6759530 0.6759530 -9999.000 -9999.000 -9999.000 -9999.000 -9999.000 -9999.000 -9999.000 -9999.000 -9999.000 -9999.000 -9999.000 -9999.000 -9999.000 -9999.000 -9999.000 -9999.000 -9999.000 -9999.000 -9999.000 -9999.000 -9999.000 -9999.000 -9999.000 -9999.000 -9999.000 -9999.000 -9999.000 -9999.000
-9999.000 -9999.000 -9999.000 -9999.000 -9999.000 -9999.000 -9999.000 -9999.000 -9999.000 -9999.000 -9999.000 -9999.000 -9999.000 -9999.000 -9999.000 0.6797504 0.6801557 0.6801446 0.6800386 0.6798834 0.6796973 0.6794943 0.6792946 0.6790966 0.6789090 0.6787345 0.6785621 0.6783453 0.6779439 0.6777917 0.6777917 -9999.000 -9999.000 -9999.000 -9999.000 -9999.000 -9999.000 -9999.000 -9999.000 -9999.000 -9999.000 -9999.000 -9999.000 -9999.000 -9999.000 -9999.000 -9999.000 -9999.000 -9999.000 -9999.000 -9999.000 -9999.000 -9999.000 -9999.000 -9999.000 -9999.000 -9999.000 -9999.000 -9999.000
-9999.000 -9999.000 -9999.000 -9999.000 -9999.000 -9999.000 -9999.000 -9999.000 -9999.000 -9999.000 -9999.000 -9999.000 -9999.000 -9999.000 -9999.000 0.6817439 0.6821549 0.6821399 0.6820291 0.6818685 0.6816761 0.6814663 0.6812606 0.6810556 0.6808614 0.6806802 0.6804997 0.6802683 0.6798314 0.6795883 0.6795883 -9999.000 -9999.000 -9999.000 -9999.000 -9999.000 -9999.000 -9999.000 -9999.000 -9999.000 -9999.000 -9999.000 -9999.000 -9999.000 -9999.000 -9999.000 -9999.000 -9999.000 -9999.000 -9999.000 -9999.000 -9999.000 -9999.000 -9999.000 -9999.000 -9999.000 -9999.000 -9999.000 -9999.000
-9999.000 -9999.000 -9999.000 -9999.000 -9999.000 -9999.000 -9999.000 -9999.000 -9999.000 -9999.000 -9999.000 -9999.000 -9999.000 -9999.000 -9999.000 0.6837319 0.6841483 0.6841285 0.6840122 0.6838456 0.6836464 0.6834292 0.6832170 0.6830046 0.6828030 0.6826145 0.6824247 0.6821762 0.6816965 0.6813328 0.6813328 -9999.000 -9999.000 -9999.000 -9999.000 -9999.000 -9999.000 -9999.000 -9999.000 -9999.000 -9999.000 -9999.000 -9999.000 -9999.000 -9999.000 -9999.000 -9999.000 -9999.000 -9999.000 -9999.000 -9999.000 -9999.000 -9999.000 -9999.000 -9999.000 -9999.000 -9999.000 -9999.000 -9999.000
-9999.000 -9999.000 -9999.000 -9999.000 -9999.000 -9999.000 -9999.000 -9999.000 -9999.000 -9999.000 -9999.000 -9999.000 -9999.000 -9999.000 -9999.000 0.6857124 0.6861342 0.6861084 0.6859860 0.6858131 0.6856065 0.6853814 0.6851622 0.6849415 0.6847320 0.6845355 0.6843351 0.6840664 0.6835352 0.6830094 0.6830094 -9999.000 -9999.000 -9999.000 -9999.000 -9999.000 -9999.000 -9999.000 -9999.000 -9999.000 -9999.000 -9999.000 -9999.000 -9999.000 -9999.000 -9999.000 -9999.000 -9999.000 -9999.000 -9999.000 -9999.000 -9999.000 -9999.000 -9999.000 -9999.000 -9999.000 -9999.000 -9999.000 -9999.000
-9999.000 -9999.000 -9999.000 -9999.000 -9999.000 -9999.000 -9999.000 -9999.000 -9999.000 -9999.000 -9999.000 -9999.000 -9999.000 -9999.000 -9999.000 0.6876830 0.6881105 0.6880777 0.6879485 0.6877685 0.6875539 0.6873203 0.6870939 0.6868641 0.6866460 0.6864405 0.6862279 0.6859351 0.6853412 0.6845946 0.6845946 -9999.000 -9999.000 -9999.000 -9999.000 -9999.000 -9999.000 -9999.000 -9999.000 -9999.000 -9999.000 -9999.000 -9999.000 -9999.000 -9999.000 -9999.000 -9999.000 -9999.000 -9999.000 -9999.000 -9999.000 -9999.000 -9999.000 -9999.000 -9999.000 -9999.000 -9999.000 -9999.000 -9999.000
-9999.000 -9999.000 -9999.000 -9999.000 -9999.000 -9999.000 -9999.000 -9999.000 -9999.000 -9999.000 -9999.000 -9999.000 -9999.000 -9999.000 -9999.000 0.6896406 0.6900746 0.6900336 0.6898968 0.6897092 0.6894860 0.6892430 0.6890088 0.6887690 0.6885414 0.6883257 0.6880987 0.6877765 0.6871057 0.6860525 0.6860525 -9999.000 -9999.000 -9999.000 -9999.000 -9999.000 -9999.000 -9999.000 -9999.000 -9999.000 -9999.000 -9999.000 -9999.000 -9999.000 -9999.000 -9999.000 -9999.000 -9999.000 -9999.000 -9999.000 -9999.000 -9999.000 -9999.000 -9999.000 -9999.000 -9999.000 -9999.000 -9999.000 -9999.000
-9999.000 -9999.000 -9999.000 -9999.000 -9999.000 -9999.000 -9999.000 -9999.000 -9999.000 -9999.000 -9999.000 -9999.000 -9999.000 -9999.000 -9999.000 0.6915805 0.6920228 0.6919725 0.6918272 0.6916313 0.6913985 0.6911453 0.6909027 0.6906514 0.6904129 0.6901855 0.6899412 0.6895825 0.6888156 0.6873263 0.6873263 -9999.000 -9999.000 -9999.000 -9999.000 -9999.000 -9999.000 -9999.000 -9999.000 -9999.000 -9999.000 -9999.000 -9999.000 -9999.000 -9999.000 -9999.000 -9999.000 -9999.000 -9999.000 -9999.000 -9999.000 -9999.000 -9999.000 -9999.000 -9999.000 -9999.000 -9999.000 -9999.000 -9999.000
-9999.000 -9999.000 -9999.000 -9999.000 -9999.000 -9999.000 -9999.000 -9999.000 -9999.000 -9999.000 -9999.000 -9999.000 -9999.000 -9999.000 -9999.000 0.6934793 0.6939403 0.6938841 0.6937327 0.6935301 0.6932881 0.6930242 0.6927721 0.6925071 0.6922553 0.6920131 0.6917467 0.6913413 0.6904520 0.6883273 0.6883273 -9999.000 -9999.000 -9999.000 -9999.000 -9999.000 -9999.000 -9999.000 -9999.000 -9999.000 -9999.000 -9999.000 -9999.000 -9999.000 -9999.000 -9999.000 -9999.000 -9999.000 -9999.000 -9999.000 -9999.000 -9999.000 -9999.000 -9999.000 -9999.000 -9999.000 -9999.000 -9999.000 -9999.000
-9999.000 -9999.000 -9999.000 -9999.000 -9999.000 -9999.000 -9999.000 -9999.000 -9999.000 -9999.000 -9999.000 -9999.000 -9999.000 -9999.000 -9999.000 0.6914702 0.6948237 0.6960270 0.6962687 0.6961290 0.6958799 0.6955576 0.6952205 0.6948502 0.6944901 0.6941425 0.6937677 0.6932155 0.6920280 0.6882462 0.6882462 -9999.000 -9999.000 -9999.000 -9999.000 -9999.000 -9999.000 -9999.000 -9999.000 -9999.000 -9999.000 -9999.000 -9999.000 -9999.000 -9999.000 -9999.000 -9999.000 -9999.000 -9999.000 -9999.000 -9999.000 -9999.000 -9999.000 -9999.000 -9999.000 -9999.000 -9999.000 -9999.000 -9999.000
0.7581009 0.7581009 0.7606542 0.7475544 0.7400504 0.7400504 0.7366781 0.7314427 0.7314427 0.7271245 0.7271245 0.7235056 0.7219069 0.7204219 0.7190117 0.7190117 0.6987212 0.6975335 0.6973404 0.6980190 0.6991605 0.7007704 0.7030493 0.7053341 0.7077304 0.7099842 0.7114919 0.7106736 0.7033472 0.6732172 0.6732172 0.4685125 0.4342184 0.4149949 0.4086659 0.4086659 0.3993585 0.3993585 0.4046280 0.4046280 0.4170446 0.4684741 0.4684741 0.5710802 0.5710802 0.6073340 0.6073340 0.6073340 0.6050070 0.6050070 0.5943440 0.5943440 0.5808604 0.5808604 0.5671411 0.5671411 0.5547572 0.5547572 0.5547572
0.7554163 0.7554163 0.7593848 0.7457522 0.7393303 0.7393303 0.7357502 0.7304212 0.7304212 0.7261133 0.7261133 0.7225124 0.7209215 0.7194440 0.7180408 0.7180408 0.7003758 0.6959630 0.6920754 0.6888076 0.6861549 0.6842727 0.6833678 0.6832740 0.6840327 0.6855332 0.6874692 0.6891454 0.6886027 0.6753230 0.6753230 0.5359951 0.4835573 0.4328726 0.4190108 0.4190108 0.4040783 0.4040783 0.4082679 0.4082679 0.4197969 0.4643155 0.4643155 0.5474663 0.5474663 0.6056781 0.6056781 0.6056781 0.6050454 0.6050454 0.5946869 0.5946869 0.5812489 0.5812489 0.5676250 0.5676250 0.5552787 0.5552787 0.5552787
0.7544231 0.7544231 0.7583353 0.7453829 0.7395771 0.7395771 0.7358555 0.7303919 0.7303919 0.7260673 0.7260673 0.7224666 0.7208750 0.7193950 0.7179854 0.7179854 0.7015156 0.6942114 0.6872096 0.6808943 0.6754416 0.6710044 0.6677458 0.6656049 0.6645907 0.6646472 0.6655722 0.6668355 0.6669348 0.6588728 0.6588728 0.5690638 0.5148637 0.4506458 0.4317984 0.4317984 0.4137570 0.4137570 0.4215318 0.4215318 0.4346722 0.4743062 0.4743062 0.5358396 0.5358396 0.5993353 0.5993353 0.5993353 0.6027377 0.6027377 0.5938507 0.5938507 0.5809113 0.5809113 0.5675094 0.5675094 0.5553049 0.5553049 0.5553049
0.7544768 0.7544768 0.7564293 0.7451780 0.7397946 0.7397946 0.7359852 0.7303877 0.7303877 0.7260497 0.7260497 0.7224597 0.7208726 0.7193955 0.7179811 0.7179811 0.7019212 0.6919981 0.6820613 0.6728663 0.6647768 0.6579900 0.6526436 0.6487137 0.6461666 0.6449308 0.6448385 0.6454795 0.6457112 0.6404607 0.6404607 0.5829735 0.5346486 0.4680966 0.4477395 0.4477395 0.4321384 0.4321384 0.4466052 0.4466052 0.4606812 0.4916638 0.4916638 0.5303563 0.5303563 0.5874064 0.5874064 0.5874064 0.5960022 0.5960022 0.5903069 0.5903069 0.5789080 0.5789080 0.5663057 0.5663057 0.5546699 0.5546699 0.5546699
0.7542503 0.7542503 0.7551537 0.7450570 0.7399639 0.7399639 0.7361031 0.7303869 0.7303869 0.7260345 0.7260345 0.7224548 0.7208717 0.7193969 0.7179734 0.7179734 0.7012661 0.6888945 0.6761920 0.6642430 0.6535775 0.6444618 0.6370451 0.6313394 0.6273027 0.6248485 0.6238147 0.6238595 0.6241018 0.6209074 0.6209074 0.5840930 0.5443603 0.4836099 0.4663232 0.4663232 0.4613589 0.4613589 0.4824345 0.4824345 0.4942531 0.5116567 0.5116567 0.5293668 0.5293668 0.5723178 0.5723178 0.5723178 0.5850712 0.5850712 0.5837654 0.5837654 0.5751002 0.5751002 0.5641012 0.5641012 0.5535797 0.5535797 0.5535797
0.7540818 0.7540818 0.7542697 0.7449806 0.7400824 0.7400824 0.7361938 0.7303861 0.7303861 0.7260214 0.7260214 0.7224507 0.7208710 0.7193982 0.7179602 0.7179602 0.6992856 0.6844882 0.6691666 0.6546261 0.6415082 0.6301363 0.6206807 0.6131864 0.6076260 0.6039182 0.6019145 0.6013271 0.6014736 0.5997873 0.5997873 0.5766697 0.5462181 0.4987952 0.4903021 0.4903021 0.5025307 0.5025307 0.5235885 0.5235885 0.5290093 0.5305235 0.5305235 0.5315425 0.5315425 0.5573951 0.5573951 0.5573951 0.5714813 0.5714813 0.5744612 0.5744612 0.5693895 0.5693895 0.5608302 0.5608302 0.5520566 0.5520566 0.5520566
0.7539775 0.7539775 0.7537521 0.7449389 0.7401531 0.7401531 0.7362509 0.7303856 0.7303856 0.7260125 0.7260125 0.7224479 0.7208704 0.7193991 0.7179394 0.7179394 0.6956938 0.6783467 0.6604989 0.6435392 0.6281490 0.6146743 0.6032929 0.5940699 0.5869961 0.5820071 0.5789778 0.5776747 0.5775826 0.5769552 0.5769552 0.5632862 0.5425318 0.5186324 0.5251945 0.5251945 0.5525431 0.5525431 0.5623024 0.5623024 0.5591608 0.5465861 0.5465861 0.5357733 0.5357733 0.5450463 0.5450463 0.5450463 0.5572217 0.5572217 0.5631273 0.5631273 0.5618588 0.5618588 0.5564259 0.5564259 0.5500602 0.5500602 0.5500602
0.7539423 0.7539423 0.7535818 0.7449257 0.7401767 0.7401767 0.7362703 0.7303854 0.7303854 0.7260093 0.7260093 0.7224469 0.7208702 0.7193995 0.7179083 0.7179083 0.6901181 0.6699700 0.6496261 0.6304159 0.6129773 0.5976275 0.5845249 0.5737309 0.5652445 0.5590171 0.5549510 0.5528670 0.5524031 0.5525219 0.5525219 0.5459561 0.5365331 0.5512547 0.5751568 0.5751568 0.6023315 0.6023315 0.5929645 0.5929645 0.5824085 0.5598968 0.5598968 0.5412352 0.5412352 0.5362724 0.5362724 0.5362724 0.5440512 0.5440512 0.5508443 0.5508443 0.5528597 0.5528597 0.5509275 0.5509275 0.5475654 0.5475654 0.5475654
0.7539775 0.7539775 0.7537521 0.7449389 0.7401531 0.7401531 0.7362508 0.7303855 0.7303855 0.7260125 0.7260125 0.7224478 0.7208704 0.7193992 0.7178633 0.7178633 0.6820186 0.6587163 0.6358601 0.6145719 0.5953528 0.5784310 0.5639045 0.5518017 0.5421100 0.5347865 0.5297559 0.5268912 0.5259972 0.5268565 0.5268565 0.5272046 0.5344954 0.6033719 0.6354457 0.6354457 0.6417433 0.6417433 0.6148379 0.6148379 0.5996280 0.5710638 0.5710638 0.5472488 0.5472488 0.5309352 0.5309352 0.5309352 0.5330904 0.5330904 0.5387803 0.5387803 0.5430142 0.5430142 0.5445480 0.5445480 0.5446122 0.5446122 0.5446122
0.7540818 0.7540818 0.7542697 0.7449808 0.7400825 0.7400825 0.7361936 0.7303863 0.7303863 0.7260214 0.7260214 0.7224505 0.7208709 0.7193982 0.7177992 0.7177992 0.6705719 0.6436974 0.6183078 0.5951517 0.5744882 0.5563847 0.5408320 0.5277921 0.5172163 0.5090518 0.5032346 0.4996883 0.4984781 0.5009069 0.5009069 0.5122058 0.5488872 0.6698751 0.6902090 0.6902090 0.6673046 0.6673046 0.6301955 0.6301955 0.6126388 0.5805213 0.5805213 0.5532337 0.5532337 0.5283064 0.5283064 0.5283064 0.5247574 0.5247574 0.5279323 0.5279323 0.5331264 0.5331264 0.5377038 0.5377038 0.5413493 0.5413493 0.5413493
0.7542504 0.7542504 0.7551534 0.7450572 0.7399640 0.7399640 0.7361028 0.7303870 0.7303870 0.7260345 0.7260345 0.7224547 0.7208715 0.7193968 0.7177097 0.7177097 0.6544631 0.6236011 0.5957371 0.5710359 0.5493866 0.5306159 0.5145572 0.5010724 0.4900545 0.4814233 0.4751145 0.4711188 0.4701470 0.4776452 0.4776452 0.5134919 0.5964553 0.7292553 0.7248204 0.7248204 0.6826142 0.6826142 0.6413342 0.6413342 0.6227274 0.5883853 0.5883853 0.5587119 0.5587119 0.5275074 0.5275074 0.5275074 0.5189314 0.5189314 0.5189618 0.5189618 0.5240327 0.5240327 0.5309754 0.5309754 0.5380418 0.5380418 0.5380418
