simulation_files/asc/Depth____000237.asc
NCOLS        79
NROWS        79
XLLCENTER         -1.500000
YLLCENTER         -4.800000
CELLSIZE           0.100
NODATA_VALUE     -9999.0
[rows 0 to 25 of 79, columns 0 to 58 of 79]
-9999.000 -9999.000 -9999.000 -9999.000 -9999.000 -9999.000 -9999.000 -9999.000 -9999.000 -9999.000 -9999.000 -9999.000 -9999.000 -9999.000 -9999.000 0.7511009 0.7516582 0.7519125 0.7519604 0.7517737 0.7514851 0.7511605 0.7508232 0.7504998 0.7501990 0.7499223 0.7496689 0.7494110 0.7490386 0.7490084 0.7490084 -9999.000 -9999.000 -9999.000 -9999.000 -9999.000 -9999.000 -9999.000 -9999.000 -9999.000 -9999.000 -9999.000 -9999.000 -9999.000 -9999.000 -9999.000 -9999.000 -9999.000 -9999.000 -9999.000 -9999.000 -9999.000 -9999.000 -9999.000 -9999.000 -9999.000 -9999.000 -9999.000 -9999.000
-9999.000 -9999.000 -9999.000 -9999.000 -9999.000 -9999.000 -9999.000 -9999.000 -9999.000 -9999.000 -9999.000 -9999.000 -9999.000 -9999.000 -9999.000 0.7529155 0.7534153 0.7536220 0.7536596 0.7535068 0.7532766 0.7530234 0.7527646 0.7525208 0.7522975 0.7520946 0.7519104 0.7517195 0.7514241 0.7514824 0.7514824 -9999.000 -9999.000 -9999.000 -9999.000 -9999.000 -9999.000 -9999.000 -9999.000 -9999.000 -9999.000 -9999.000 -9999.000 -9999.000 -9999.000 -9999.000 -9999.000 -9999.000 -9999.000 -9999.000 -9999.000 -9999.000 -9999.000 -9999.000 -9999.000 -9999.000 -9999.000 -9999.000 -9999.000
-9999.000 -9999.000 -9999.000 -9999.000 -9999.000 -9999.000 -9999.000 -9999.000 -9999.000 -9999.000 -9999.000 -9999.000 -9999.000 -9999.000 -9999.000 0.7548216 0.7553594 0.7555791 0.7556264 0.7554790 0.7552540 0.7550074 0.7547563 0.7545216 0.7543080 0.7541144 0.7539380 0.7537509 0.7534499 0.7535040 0.7535040 -9999.000 -9999.000 -9999.000 -9999.000 -9999.000 -9999.000 -9999.000 -9999.000 -9999.000 -9999.000 -9999.000 -9999.000 -9999.000 -9999.000 -9999.000 -9999.000 -9999.000 -9999.000 -9999.000 -9999.000 -9999.000 -9999.000 -9999.000 -9999.000 -9999.000 -9999.000 -9999.000 -9999.000
-9999.000 -9999.000 -9999.000 -9999.000 -9999.000 -9999.000 -9999.000 -9999.000 -9999.000 -9999.000 -9999.000 -9999.000 -9999.000 -9999.000 -9999.000 0.7567789 0.7573415 0.7575686 0.7576193 0.7574704 0.7572436 0.7569957 0.7567437 0.7565092 0.7562962 0.7561030 0.7559264 0.7557368 0.7554239 0.7554565 0.7554565 -9999.000 -9999.000 -9999.000 -9999.000 -9999.000 -9999.000 -9999.000 -9999.000 -9999.000 -9999.000 -9999.000 -9999.000 -9999.000 -9999.000 -9999.000 -9999.000 -9999.000 -9999.000 -9999.000 -9999.000 -9999.000 -9999.000 -9999.000 -9999.000 -9999.000 -9999.000 -9999.000 -9999.000
-9999.000 -9999.000 -9999.000 -9999.000 -9999.000 -9999.000 -9999.000 -9999.000 -9999.000 -9999.000 -9999.000 -9999.000 -9999.000 -9999.000 -9999.000 0.7587553 0.7593375 0.7595695 0.7596206 0.7594668 0.7592346 0.7589819 0.7587252 0.7584870 0.7582707 0.7580740 0.7578939 0.7576980 0.7573686 0.7573659 0.7573659 -9999.000 -9999.000 -9999.000 -9999.000 -9999.000 -9999.000 -9999.000 -9999.000 -9999.000 -9999.000 -9999.000 -9999.000 -9999.000 -9999.000 -9999.000 -9999.000 -9999.000 -9999.000 -9999.000 -9999.000 -9999.000 -9999.000 -9999.000 -9999.000 -9999.000 -9999.000 -9999.000 -9999.000
-9999.000 -9999.000 -9999.000 -9999.000 -9999.000 -9999.000 -9999.000 -9999.000 -9999.000 -9999.000 -9999.000 -9999.000 -9999.000 -9999.000 -9999.000 0.7607372 0.7613370 0.7615721 0.7616220 0.7614613 0.7612221 0.7609630 0.7606998 0.7604562 0.7602348 0.7600330 0.7598473 0.7596431 0.7592931 0.7592415 0.7592415 -9999.000 -9999.000 -9999.000 -9999.000 -9999.000 -9999.000 -9999.000 -9999.000 -9999.000 -9999.000 -9999.000 -9999.000 -9999.000 -9999.000 -9999.000 -9999.000 -9999.000 -9999.000 -9999.000 -9999.000 -9999.000 -9999.000 -9999.000 -9999.000 -9999.000 -9999.000 -9999.000 -9999.000
-9999.000 -9999.000 -9999.000 -9999.000 -9999.000 -9999.000 -9999.000 -9999.000 -9999.000 -9999.000 -9999.000 -9999.000 -9999.000 -9999.000 -9999.000 0.7627189 0.7633351 0.7635720 0.7636192 0.7634503 0.7632031 0.7629369 0.7626664 0.7624167 0.7621894 0.7619814 0.7617891 0.7615750 0.7612000 0.7610840 0.7610840 -9999.000 -9999.000 -9999.000 -9999.000 -9999.000 -9999.000 -9999.000 -9999.000 -9999.000 -9999.000 -9999.000 -9999.000 -9999.000 -9999.000 -9999.000 -9999.000 -9999.000 -9999.000 -9999.000 -9999.000 -9999.000 -9999.000 -9999.000 -9999.000 -9999.000 -9999.000 -9999.000 -9999.000
-9999.000 -9999.000 -9999.000 -9999.000 -9999.000 -9999.000 -9999.000 -9999.000 -9999.000 -9999.000 -9999.000 -9999.000 -9999.000 -9999.000 -9999.000 0.7646974 0.7653293 0.7655668 0.7656103 0.7654318 0.7651758 0.7649021 0.7646238 0.7643678 0.7641340 0.7639193 0.7637197 0.7634940 0.7630893 0.7628890 0.7628890 -9999.000 -9999.000 -9999.000 -9999.000 -9999.000 -9999.000 -9999.000 -9999.000 -9999.000 -9999.000 -9999.000 -9999.000 -9999.000 -9999.000 -9999.000 -9999.000 -9999.000 -9999.000 -9999.000 -9999.000 -9999.000 -9999.000 -9999.000 -9999.000 -9999.000 -9999.000 -9999.000 -9999.000
-9999.000 -9999.000 -9999.000 -9999.000 -9999.000 -9999.000 -9999.000 -9999.000 -9999.000 -9999.000 -9999.000 -9999.000 -9999.000 -9999.000 -9999.000 0.7666710 0.7673182 0.7675548 0.7675933 0.7674038 0.7671385 0.7668571 0.7665707 0.7663082 0.7660678 0.7658457 0.7656382 0.7653990 0.7649590 0.7646482 0.7646482 -9999.000 -9999.000 -9999.000 -9999.000 -9999.000 -9999.000 -9999.000 -9999.000 -9999.000 -9999.000 -9999.000 -9999.000 -9999.000 -9999.000 -9999.000 -9999.000 -9999.000 -9999.000 -9999.000 -9999.000 -9999.000 -9999.000 -9999.000 -9999.000 -9999.000 -9999.000 -9999.000 -9999.000
-9999.000 -9999.000 -9999.000 -9999.000 -9999.000 -9999.000 -9999.000 -9999.000 -9999.000 -9999.000 -9999.000 -9999.000 -9999.000 -9999.000 -9999.000 0.7686384 0.7693005 0.7695346 0.7695667 0.7693647 0.7690895 0.7688001 0.7685053 0.7682363 0.7679891 0.7677591 0.7675428 0.7672881 0.7668061 0.7663493 0.7663493 -9999.000 -9999.000 -9999.000 -9999.000 -9999.000 -9999.000 -9999.000 -9999.000 -9999.000 -9999.000 -9999.000 -9999.000 -9999.000 -9999.000 -9999.000 -9999.000 -9999.000 -9999.000 -9999.000 -9999.000 -9999.000 -9999.000 -9999.000 -9999.000 -9999.000 -9999.000 -9999.000 -9999.000
-9999.000 -9999.000 -9999.000 -9999.000 -9999.000 -9999.000 -9999.000 -9999.000 -9999.000 -9999.000 -9999.000 -9999.000 -9999.000 -9999.000 -9999.000 0.7705979 0.7712747 0.7715044 0.7715285 0.7713122 0.7710265 0.7707289 0.7704253 0.7701499 0.7698956 0.7696572 0.7694311 0.7691584 0.7686259 0.7679740 0.7679740 -9999.000 -9999.000 -9999.000 -9999.000 -9999.000 -9999.000 -9999.000 -9999.000 -9999.000 -9999.000 -9999.000 -9999.000 -9999.000 -9999.000 -9999.000 -9999.000 -9999.000 -9999.000 -9999.000 -9999.000 -9999.000 -9999.000 -9999.000 -9999.000 -9999.000 -9999.000 -9999.000 -9999.000
-9999.000 -9999.000 -9999.000 -9999.000 -9999.000 -9999.000 -9999.000 -9999.000 -9999.000 -9999.000 -9999.000 -9999.000 -9999.000 -9999.000 -9999.000 0.7725471 0.7732385 0.7734619 0.7734765 0.7732439 0.7729467 0.7726408 0.7723280 0.7720461 0.7717843 0.7715366 0.7712996 0.7710055 0.7704120 0.7694950 0.7694950 -9999.000 -9999.000 -9999.000 -9999.000 -9999.000 -9999.000 -9999.000 -9999.000 -9999.000 -9999.000 -9999.000 -9999.000 -9999.000 -9999.000 -9999.000 -9999.000 -9999.000 -9999.000 -9999.000 -9999.000 -9999.000 -9999.000 -9999.000 -9999.000 -9999.000 -9999.000 -9999.000 -9999.000
-9999.000 -9999.000 -9999.000 -9999.000 -9999.000 -9999.000 -9999.000 -9999.000 -9999.000 -9999.000 -9999.000 -9999.000 -9999.000 -9999.000 -9999.000 0.7744768 0.7751842 0.7754003 0.7754066 0.7751575 0.7748481 0.7745336 0.7742109 0.7739226 0.7736525 0.7733943 0.7731444 0.7728243 0.7721559 0.7708715 0.7708715 -9999.000 -9999.000 -9999.000 -9999.000 -9999.000 -9999.000 -9999.000 -9999.000 -9999.000 -9999.000 -9999.000 -9999.000 -9999.000 -9999.000 -9999.000 -9999.000 -9999.000 -9999.000 -9999.000 -9999.000 -9999.000 -9999.000 -9999.000 -9999.000 -9999.000 -9999.000 -9999.000 -9999.000
-9999.000 -9999.000 -9999.000 -9999.000 -9999.000 -9999.000 -9999.000 -9999.000 -9999.000 -9999.000 -9999.000 -9999.000 -9999.000 -9999.000 -9999.000 0.7761121 0.7769011 0.7771956 0.7773212 0.7771133 0.7767959 0.7764709 0.7761323 0.7758307 0.7755442 0.7752671 0.7749962 0.7746393 0.7738742 0.7720730 0.7720730 -9999.000 -9999.000 -9999.000 -9999.000 -9999.000 -9999.000 -9999.000 -9999.000 -9999.000 -9999.000 -9999.000 -9999.000 -9999.000 -9999.000 -9999.000 -9999.000 -9999.000 -9999.000 -9999.000 -9999.000 -9999.000 -9999.000 -9999.000 -9999.000 -9999.000 -9999.000 -9999.000 -9999.000
-9999.000 -9999.000 -9999.000 -9999.000 -9999.000 -9999.000 -9999.000 -9999.000 -9999.000 -9999.000 -9999.000 -9999.000 -9999.000 -9999.000 -9999.000 0.7643437 0.7737155 0.7788440 0.7821615 0.7826877 0.7817830 0.7808699 0.7799798 0.7792020 0.7785145 0.7779056 0.7773617 0.7767500 0.7756366 0.7723362 0.7723362 -9999.000 -9999.000 -9999.000 -9999.000 -9999.000 -9999.000 -9999.000 -9999.000 -9999.000 -9999.000 -9999.000 -9999.000 -9999.000 -9999.000 -9999.000 -9999.000 -9999.000 -9999.000 -9999.000 -9999.000 -9999.000 -9999.000 -9999.000 -9999.000 -9999.000 -9999.000 -9999.000 -9999.000
0.8708405 0.8708405 0.8612056 0.8557907 0.8470050 0.8470050 0.8433746 0.8378654 0.8378654 0.8334485 0.8334485 0.8297904 0.8281721 0.8266636 0.8251424 0.8251424 0.7828410 0.7813327 0.7799044 0.7787819 0.7801198 0.7820010 0.7841896 0.7871296 0.7901942 0.7930483 0.7954658 0.7960700 0.7906387 0.7625559 0.7625559 0.5441995 0.5040856 0.4782446 0.4694191 0.4694191 0.4546765 0.4546765 0.4524908 0.4524908 0.4608867 0.5045934 0.5045934 0.5883613 0.5883613 0.6816577 0.6816577 0.6816577 0.6873570 0.6873570 0.6783818 0.6783818 0.6636599 0.6636599 0.6476356 0.6476356 0.6324555 0.6324555 0.6324555
0.8677686 0.8677686 0.8591347 0.8537344 0.8461083 0.8461083 0.8422905 0.8367136 0.8367136 0.8323107 0.8323107 0.8286701 0.8270598 0.8255590 0.8240474 0.8240474 0.7876506 0.7809637 0.7753985 0.7705195 0.7671521 0.7647429 0.7632135 0.7628028 0.7633602 0.7647326 0.7667889 0.7689227 0.7693475 0.7613680 0.7613680 0.6146961 0.5571679 0.4985251 0.4814879 0.4814879 0.4603016 0.4603016 0.4574420 0.4574420 0.4654685 0.5046342 0.5046342 0.5741064 0.5741064 0.6741375 0.6741375 0.6741375 0.6855385 0.6855385 0.6782148 0.6782148 0.6640443 0.6640443 0.6482708 0.6482708 0.6331991 0.6331991 0.6331991
0.8663657 0.8663657 0.8584066 0.8532606 0.8463444 0.8463444 0.8423788 0.8366783 0.8366783 0.8322611 0.8322611 0.8286183 0.8270056 0.8255020 0.8239751 0.8239751 0.7914075 0.7805250 0.7710284 0.7626277 0.7557896 0.7503429 0.7461672 0.7433436 0.7418013 0.7414280 0.7421191 0.7434659 0.7441524 0.7392574 0.7392574 0.6487941 0.5898743 0.5173624 0.4948588 0.4948588 0.4695674 0.4695674 0.4708640 0.4708640 0.4819193 0.5206593 0.5206593 0.5746135 0.5746135 0.6628345 0.6628345 0.6628345 0.6799005 0.6799005 0.6758512 0.6758512 0.6630567 0.6630567 0.6478347 0.6478347 0.6330473 0.6330473 0.6330473
0.8655248 0.8655248 0.8577376 0.8530785 0.8466212 0.8466212 0.8425233 0.8366805 0.8366805 0.8322521 0.8322521 0.8286150 0.8270037 0.8255009 0.8239498 0.8239498 0.7940206 0.7797045 0.7665150 0.7546516 0.7445208 0.7361632 0.7295077 0.7245448 0.7211914 0.7193155 0.7187799 0.7192647 0.7198028 0.7168381 0.7168381 0.6606647 0.6093522 0.5350180 0.5105467 0.5105467 0.4867671 0.4867671 0.4967734 0.4967734 0.5112345 0.5458097 0.5458097 0.5808837 0.5808837 0.6476175 0.6476175 0.6476175 0.6687038 0.6687038 0.6694939 0.6694939 0.6595687 0.6595687 0.6458393 0.6458393 0.6319498 0.6319498 0.6319498
0.8652383 0.8652383 0.8574711 0.8531099 0.8469056 0.8469056 0.8426770 0.8366859 0.8366859 0.8322439 0.8322439 0.8286128 0.8270029 0.8255010 0.8239117 0.8239117 0.7950534 0.7778336 0.7612972 0.7461439 0.7328517 0.7216052 0.7124197 0.7052774 0.7000981 0.6967443 0.6950508 0.6947298 0.6950422 0.6934390 0.6934390 0.6586389 0.6174664 0.5495041 0.5275111 0.5275111 0.5145160 0.5145160 0.5359722 0.5359722 0.5509697 0.5741702 0.5741702 0.5895653 0.5895653 0.6316229 0.6316229 0.6316229 0.6533774 0.6533774 0.6591915 0.6591915 0.6534140 0.6534140 0.6422693 0.6422693 0.6300412 0.6300412 0.6300412
0.8658400 0.8658400 0.8560597 0.8532186 0.8471427 0.8471427 0.8428073 0.8366913 0.8366913 0.8322367 0.8322367 0.8286110 0.8270022 0.8255010 0.8238553 0.8238553 0.7942008 0.7743317 0.7547683 0.7365803 0.7203444 0.7063401 0.6946605 0.6853144 0.6782439 0.6733289 0.6704052 0.6692140 0.6691815 0.6685010 0.6685010 0.6474419 0.6166034 0.5618665 0.5480677 0.5480677 0.5558125 0.5558125 0.5842785 0.5842785 0.5942513 0.6003988 0.6003988 0.5986901 0.5986901 0.6177918 0.6177918 0.6177918 0.6364865 0.6364865 0.6458491 0.6458491 0.6446676 0.6446676 0.6370366 0.6370366 0.6272877 0.6272877 0.6272877
0.8659937 0.8659937 0.8553551 0.8532949 0.8472912 0.8472912 0.8428907 0.8366949 0.8366949 0.8322321 0.8322321 0.8286098 0.8270020 0.8255011 0.8237754 0.8237754 0.7911787 0.7686624 0.7462962 0.7253476 0.7064493 0.6899251 0.6759129 0.6644507 0.6555059 0.6489866 0.6447504 0.6425775 0.6420316 0.6418839 0.6418839 0.6298924 0.6090694 0.5763881 0.5783268 0.5783268 0.6104885 0.6104885 0.6326133 0.6326133 0.6330467 0.6219083 0.6219083 0.6075360 0.6075360 0.6076859 0.6076859 0.6076859 0.6204683 0.6204683 0.6308847 0.6308847 0.6337311 0.6337311 0.6301379 0.6301379 0.6236249 0.6236249 0.6236249
0.8660444 0.8660444 0.8551221 0.8533199 0.8473408 0.8473408 0.8429188 0.8366961 0.8366961 0.8322305 0.8322305 0.8286095 0.8270018 0.8255011 0.8236641 0.8236641 0.7856107 0.7602416 0.7351928 0.7117434 0.6905048 0.6717846 0.6557216 0.6423597 0.6316807 0.6236179 0.6180589 0.6148305 0.6136238 0.6137308 0.6137308 0.6081064 0.5977717 0.6014823 0.6258504 0.6258504 0.6706029 0.6706029 0.6723257 0.6723257 0.6628906 0.6387305 0.6387305 0.6159595 0.6159595 0.6014847 0.6014847 0.6014847 0.6069536 0.6069536 0.6158494 0.6158494 0.6213425 0.6213425 0.6217620 0.6217620 0.6190501 0.6190501 0.6190501
0.8659938 0.8659938 0.8553551 0.8532951 0.8472914 0.8472914 0.8428907 0.8366949 0.8366949 0.8322321 0.8322321 0.8286098 0.8270019 0.8255011 0.8235098 0.8235098 0.7769324 0.7483461 0.7206507 0.6949494 0.6717308 0.6512164 0.6334924 0.6185738 0.6064352 0.5970196 0.5902408 0.5859735 0.5840509 0.5844167 0.5844167 0.5844672 0.5880391 0.6478219 0.6916180 0.6916180 0.7225490 0.7225490 0.7002985 0.7002985 0.6840859 0.6520532 0.6520532 0.6239349 0.6239349 0.5985492 0.5985492 0.5985492 0.5966316 0.5966316 0.6020804 0.6020804 0.6084933 0.6084933 0.6123520 0.6123520 0.6136974 0.6136974 0.6136974
0.8658401 0.8658401 0.8560597 0.8532187 0.8471431 0.8471431 0.8428074 0.8366912 0.8366912 0.8322366 0.8322366 0.8286108 0.8270022 0.8255010 0.8232981 0.8232981 0.7642531 0.7319812 0.7016442 0.6739672 0.6491932 0.6273751 0.6084895 0.5924827 0.5792922 0.5688522 0.5610895 0.5559258 0.5534166 0.5548179 0.5548179 0.5634595 0.5911499 0.7181727 0.7617378 0.7617378 0.7573182 0.7573182 0.7188092 0.7188092 0.6991677 0.6629056 0.6629056 0.6313027 0.6313027 0.5979248 0.5979248 0.5979248 0.5894294 0.5894294 0.5904645 0.5904645 0.5962309 0.5962309 0.6025788 0.6025788 0.6078696 0.6078696 0.6078696
0.8652384 0.8652384 0.8574712 0.8531103 0.8469060 0.8469060 0.8426772 0.8366859 0.8366859 0.8322436 0.8322436 0.8286127 0.8270028 0.8255010 0.8230075 0.8230075 0.7461206 0.7096758 0.6767736 0.6475106 0.6217322 0.5992311 0.5798137 0.5633186 0.5496200 0.5386224 0.5302511 0.5244877 0.5219458 0.5276532 0.5276532 0.5562631 0.6260405 0.7952182 0.8137319 0.8137319 0.7767175 0.7767175 0.7313460 0.7313460 0.7102976 0.6717729 0.6717729 0.6377999 0.6377999 0.5986851 0.5986851 0.5986851 0.5848383 0.5848383 0.5813946 0.5813946 0.5854568 0.5854568 0.5932572 0.5932572 0.6020417 0.6020417 0.6020417
