simulation_files/asc/Depth____650.0.asc
NCOLS       216
NROWS       273
XLLCENTER        494.688995
YLLCENTER        787.867981
CELLSIZE           0.500
NODATA_VALUE     -9999.0
[rows 162 to 188 of 273, columns 118 to 176 of 216]
1.987793 2.664203 2.862898 2.900550 2.910831 2.917763 2.694902 2.119118 1.692891 -9999.000 0.2015336 0.7987547E-01 0.1092407 0.1545379 0.1353617 0.1219544 0.1462167 0.1598881 0.1825976 0.1875680 0.1842878 0.1485858 0.1003271 0.1055036 0.1344447 0.1403890 0.1044957 0.6526425E-01 -9999.000 -9999.000 -9999.000 -9999.000 -9999.000 -9999.000 -9999.000 -9999.000 -9999.000 -9999.000 -9999.000 -9999.000 -9999.000 -9999.000 -9999.000 -9999.000 -9999.000 -9999.000 -9999.000 -9999.000 -9999.000 -9999.000 -9999.000 -9999.000 -9999.000 -9999.000 -9999.000 -9999.000 -9999.000 -9999.000 -9999.000
1.649440 2.571090 2.856150 2.890442 2.889469 2.479805 1.766122 1.080696 -9999.000 0.2095769 0.1354711 0.1181858 0.1262512 0.1199651 0.1336088 0.1441835 0.1484413 0.1479093 0.1820535 0.2060226 0.2099187 0.1545122 0.1090706 0.1157707 0.1540828 0.1680442 0.1447983 0.9922253E-01 0.5093444E-01 -9999.000 -9999.000 -9999.000 -9999.000 -9999.000 -9999.000 -9999.000 -9999.000 -9999.000 -9999.000 -9999.000 -9999.000 -9999.000 -9999.000 -9999.000 -9999.000 -9999.000 -9999.000 -9999.000 -9999.000 -9999.000 -9999.000 -9999.000 -9999.000 -9999.000 -9999.000 -9999.000 -9999.000 -9999.000 -9999.000
1.250995 2.279568 2.735945 2.878668 2.451653 1.591953 -9999.000 0.1840936 0.1416955 0.1111537 0.1170685 0.1043265 0.9905160E-01 0.8816891E-01 0.1127038 0.1381203 0.1344248 0.1357538 0.1591543 0.1916410 0.2002752 0.1365208 0.9920914E-01 0.1178511 0.1612069 0.1679255 0.1318583 0.1033546 0.4888494E-01 -9999.000 -9999.000 -9999.000 -9999.000 -9999.000 -9999.000 -9999.000 -9999.000 -9999.000 -9999.000 -9999.000 -9999.000 -9999.000 -9999.000 -9999.000 -9999.000 -9999.000 -9999.000 -9999.000 -9999.000 -9999.000 -9999.000 -9999.000 -9999.000 -9999.000 -9999.000 -9999.000 -9999.000 -9999.000 -9999.000
-9999.000 1.473309 2.295184 2.396579 1.474941 0.5472872 0.1335827 0.1298673 0.1049167 0.7345928E-01 0.6303066E-01 0.6406947E-01 0.7857573E-01 0.7934249E-01 0.1034367 0.1333235 0.1406495 0.1589429 0.1826021 0.2086272 0.1700652 0.1115751 0.9265086E-01 0.1104320 0.1509161 0.1479351 0.1361737 0.1023725 0.5504322E-01 0.2349713E-01 -9999.000 -9999.000 -9999.000 -9999.000 -9999.000 -9999.000 -9999.000 -9999.000 -9999.000 -9999.000 -9999.000 -9999.000 -9999.000 -9999.000 -9999.000 -9999.000 -9999.000 -9999.000 -9999.000 -9999.000 -9999.000 -9999.000 -9999.000 -9999.000 -9999.000 -9999.000 -9999.000 -9999.000 -9999.000
-9999.000 0.6534369 1.352327 1.201657 0.5188500 0.1264135 0.1508646 0.1346254 0.1224195 0.8988357E-01 0.5438750E-01 0.4949689E-01 0.6222402E-01 0.6395967E-01 0.1075424 0.1611462 0.1920171 0.2166985 0.2389868 0.2112729 0.1315482 0.1216402 0.1184312 0.1276391 0.1487047 0.1606313 0.1525793 0.1262609 0.9475141E-01 0.5557314E-01 -9999.000 -9999.000 0.1836429E-01 -9999.000 -9999.000 -9999.000 -9999.000 -9999.000 -9999.000 -9999.000 -9999.000 -9999.000 -9999.000 -9999.000 -9999.000 -9999.000 -9999.000 -9999.000 -9999.000 -9999.000 -9999.000 -9999.000 -9999.000 -9999.000 -9999.000 -9999.000 -9999.000 -9999.000 -9999.000
-9999.000 -9999.000 -9999.000 0.2929945 0.1608895 0.1823829 0.1576173 0.1505959 0.1547035 0.1258260 0.9714809E-01 0.8156612E-01 0.7093510E-01 0.7098817E-01 0.1275762 0.2046953 0.2207955 0.2323843 0.2354977 0.1627224 0.9243553E-01 0.1302039 0.1400751 0.1539582 0.1599483 0.1301870 0.1254519 0.1243010 0.1114103 0.7678980E-01 -9999.000 -9999.000 -9999.000 -9999.000 -9999.000 -9999.000 -9999.000 -9999.000 -9999.000 -9999.000 -9999.000 -9999.000 -9999.000 -9999.000 -9999.000 -9999.000 -9999.000 -9999.000 -9999.000 -9999.000 -9999.000 -9999.000 -9999.000 -9999.000 -9999.000 -9999.000 -9999.000 -9999.000 -9999.000
-9999.000 -9999.000 -9999.000 0.7435186E-01 0.1751453 0.1818508 0.1816993 0.1884709 0.1942728 0.1766163 0.1586786 0.1398738 0.1111573 0.1036791 0.1334271 0.1795867 0.1908723 0.1929330 0.1614878 0.1326620 0.9249783E-01 0.1220056 0.1427043 0.1600908 0.1562448 0.1034026 0.8465554E-01 0.1082431 0.1181586 0.9750210E-01 0.4829587E-01 0.1834803E-01 0.1522805E-01 -9999.000 -9999.000 -9999.000 -9999.000 -9999.000 -9999.000 -9999.000 -9999.000 -9999.000 -9999.000 -9999.000 -9999.000 -9999.000 -9999.000 -9999.000 -9999.000 -9999.000 -9999.000 -9999.000 -9999.000 -9999.000 -9999.000 -9999.000 -9999.000 -9999.000 -9999.000
-9999.000 -9999.000 -9999.000 0.7199213E-01 0.1027255 0.1358678 0.1878533 0.2143587 0.1991154 0.1762140 0.1590555 0.1618184 0.1398542 0.1129848 0.1030877 0.8615427E-01 0.1209680 0.1120319 0.1229706 0.1618255 0.1326693 0.1491885 0.1781579 0.2046460 0.1966884 0.1372610 0.9997818E-01 0.1075688 0.1214326 0.1176885 0.7535093E-01 0.3748666E-01 0.2860291E-01 -9999.000 -9999.000 -9999.000 -9999.000 -9999.000 -9999.000 -9999.000 -9999.000 -9999.000 -9999.000 -9999.000 -9999.000 -9999.000 -9999.000 -9999.000 -9999.000 -9999.000 -9999.000 -9999.000 -9999.000 -9999.000 -9999.000 -9999.000 -9999.000 -9999.000 -9999.000
-9999.000 -9999.000 -9999.000 -9999.000 0.6661759E-01 0.1149489 0.1782332 0.1972763 0.1917590 0.1725283 0.1476385 0.1225188 0.9934790E-01 0.8256212E-01 0.8828387E-01 0.1115269 0.1271687 0.1084876 0.1210016 0.1418624 0.1302491 0.1627850 0.2274088 0.2669078 0.2506024 0.1766225 0.1172625 0.1179802 0.1311645 0.1431450 0.1029365 0.6608227E-01 0.5346669E-01 0.4416766E-01 -9999.000 -9999.000 -9999.000 -9999.000 -9999.000 -9999.000 -9999.000 -9999.000 -9999.000 -9999.000 -9999.000 -9999.000 -9999.000 -9999.000 -9999.000 -9999.000 -9999.000 -9999.000 -9999.000 -9999.000 -9999.000 -9999.000 -9999.000 -9999.000 -9999.000
-9999.000 -9999.000 -9999.000 -9999.000 -9999.000 0.7654605E-01 0.1137163 0.1526890 0.1834433 0.2045189 0.1527740 0.7890364E-01 0.5008668E-01 0.4318034E-01 0.8102423E-01 0.1467733 0.1834977 0.1973776 0.1425339 0.8181262E-01 0.7162763E-01 0.1386088 0.2449370 0.2825406 0.2393798 0.1685080 0.1325318 0.1511124 0.1747077 0.1812526 0.1282742 0.1001306 0.1045074 0.8401451E-01 0.6402311E-01 0.5027432E-01 0.3433269E-01 0.1871740E-01 -9999.000 -9999.000 -9999.000 -9999.000 -9999.000 -9999.000 -9999.000 -9999.000 -9999.000 -9999.000 -9999.000 -9999.000 -9999.000 -9999.000 -9999.000 -9999.000 -9999.000 -9999.000 -9999.000 -9999.000 -9999.000
-9999.000 -9999.000 -9999.000 -9999.000 -9999.000 0.4150244E-01 0.5713010E-01 0.1157188 0.1737624 0.2036680 0.1688541 0.9270950E-01 0.6302444E-01 0.6683031E-01 0.9965078E-01 0.1607879 0.1961006 0.2267245 0.1864758 0.1081114 0.9134035E-01 0.1523588 0.2348429 0.2492561 0.2126872 0.1530016 0.1302796 0.1378253 0.1705265 0.1917196 0.1521958 0.1444607 0.1585183 0.1477041 0.9801908E-01 0.7876307E-01 0.7136888E-01 0.4670068E-01 -9999.000 -9999.000 -9999.000 -9999.000 -9999.000 -9999.000 -9999.000 -9999.000 -9999.000 -9999.000 -9999.000 -9999.000 -9999.000 -9999.000 -9999.000 -9999.000 -9999.000 -9999.000 -9999.000 -9999.000 -9999.000
-9999.000 -9999.000 -9999.000 -9999.000 -9999.000 0.3383835E-01 0.6812802E-01 0.1113880 0.1560728 0.1823428 0.1833509 0.1450042 0.1050037 0.1044966 0.1297720 0.1642878 0.1906593 0.2359044 0.2409347 0.2004971 0.1914843 0.1941660 0.2042605 0.2171278 0.1546272 0.1232414 0.1068903 0.9782153E-01 0.1186233 0.1599293 0.1465797 0.1521325 0.1694059 0.1625286 0.1315642 0.1036409 0.1066339 0.9417907E-01 0.5056180E-01 -9999.000 -9999.000 -9999.000 -9999.000 -9999.000 -9999.000 -9999.000 -9999.000 -9999.000 -9999.000 -9999.000 -9999.000 -9999.000 -9999.000 -9999.000 -9999.000 -9999.000 -9999.000 -9999.000 -9999.000
-9999.000 -9999.000 -9999.000 -9999.000 -9999.000 -9999.000 0.9445265E-01 0.1054391 0.1369025 0.1753633 0.2007700 0.1775292 0.1318572 0.1005552 0.1084994 0.1360211 0.1710436 0.2305217 0.2515990 0.2513642 0.2647331 0.2085643 0.1680546 0.1504825 0.1240325 0.1069341 0.9366228E-01 0.9555838E-01 0.1177005 0.1472448 0.1307641 0.1190773 0.1298622 0.1429054 0.1269946 0.1006766 0.1108035 0.1048891 -9999.000 -9999.000 -9999.000 -9999.000 -9999.000 -9999.000 -9999.000 -9999.000 -9999.000 -9999.000 -9999.000 -9999.000 -9999.000 -9999.000 -9999.000 -9999.000 -9999.000 -9999.000 -9999.000 -9999.000 -9999.000
-9999.000 -9999.000 -9999.000 -9999.000 -9999.000 -9999.000 -9999.000 0.5763771E-01 0.9279050E-01 0.1647797 0.2120480 0.1917414 0.1372766 0.7259106E-01 0.5692872E-01 0.7038011E-01 0.1216552 0.2138528 0.2230455 0.2071339 0.1844473 0.1424818 0.1283321 0.1638382 0.1913546 0.1317899 0.1104606 0.1228152 0.1420510 0.1656426 0.1575180 0.1288159 0.1196238 0.1331758 0.1123915 0.6674674E-01 0.6797945E-01 0.9858139E-01 0.1014569 0.7466948E-01 0.2872307E-01 -9999.000 -9999.000 -9999.000 -9999.000 -9999.000 -9999.000 -9999.000 -9999.000 -9999.000 -9999.000 -9999.000 -9999.000 -9999.000 -9999.000 -9999.000 -9999.000 -9999.000 -9999.000
-9999.000 -9999.000 -9999.000 -9999.000 -9999.000 -9999.000 -9999.000 -9999.000 0.4654430E-01 0.1228732 0.1797676 0.1768670 0.1156844 0.4510962E-01 0.2402588E-01 0.3058637E-01 0.7367304E-01 0.1472256 0.1447412 0.1185901 0.9402396E-01 0.9909143E-01 0.1239143 0.2021660 0.2362005 0.1830461 0.1709626 0.1834508 0.1922589 0.2052010 0.2188265 0.2163578 0.1663229 0.1323156 0.7979969E-01 0.3283079E-01 0.6422066E-01 0.1112083 0.1239373 0.8803827E-01 -9999.000 -9999.000 -9999.000 -9999.000 -9999.000 -9999.000 -9999.000 -9999.000 -9999.000 -9999.000 -9999.000 -9999.000 -9999.000 -9999.000 -9999.000 -9999.000 -9999.000 -9999.000 -9999.000
-9999.000 -9999.000 -9999.000 -9999.000 -9999.000 -9999.000 -9999.000 -9999.000 0.1957469E-01 0.6872798E-01 0.1341169 0.1529517 0.1179692 0.4820879E-01 0.2073657E-01 -9999.000 -9999.000 0.6915050E-01 0.8605436E-01 0.8947256E-01 0.1130701 0.1139345 0.1196129 0.1940431 0.2381413 0.2216367 0.2147071 0.2180147 0.1967624 0.1908958 0.2402810 0.2483253 0.2195292 0.1525684 0.6764023E-01 0.5393742E-01 0.9869076E-01 0.1166851 0.1072894 0.8305555E-01 0.4048777E-01 -9999.000 -9999.000 -9999.000 -9999.000 -9999.000 -9999.000 -9999.000 -9999.000 -9999.000 -9999.000 -9999.000 -9999.000 -9999.000 -9999.000 -9999.000 -9999.000 -9999.000 -9999.000
-9999.000 -9999.000 -9999.000 -9999.000 -9999.000 -9999.000 -9999.000 -9999.000 -9999.000 0.5586619E-01 0.1268469 0.1525810 0.1364818 0.8476200E-01 0.3881440E-01 -9999.000 0.1489382E-01 0.3375238E-01 0.5327742E-01 0.7378658E-01 0.1098196 0.1426984 0.1410773 0.1822315 0.2354435 0.2277157 0.2069137 0.1785286 0.1085861 0.1093273 0.1901099 0.2110228 0.2082387 0.1592686 0.1126294 0.1208756 0.1308561 0.1217412 0.1063996 0.1150857 0.8972748E-01 -9999.000 -9999.000 -9999.000 -9999.000 -9999.000 -9999.000 -9999.000 -9999.000 -9999.000 -9999.000 -9999.000 -9999.000 -9999.000 -9999.000 -9999.000 -9999.000 -9999.000 -9999.000
-9999.000 -9999.000 -9999.000 -9999.000 -9999.000 -9999.000 -9999.000 -9999.000 -9999.000 -9999.000 0.8676871E-01 0.1236875 0.1384551 0.1137724 0.7718739E-01 0.3335467E-01 -9999.000 0.1869970E-01 0.3412781E-01 0.5449735E-01 0.9907870E-01 0.1580571 0.1640659 0.1754722 0.2318818 0.2085492 0.1634209 0.1049076 0.9873691E-01 0.1241998 0.1448920 0.1509235 0.1586623 0.1359459 0.1333008 0.1635803 0.1583430 0.1354163 0.1455640 0.1624369 0.1231339 -9999.000 -9999.000 -9999.000 -9999.000 -9999.000 -9999.000 -9999.000 -9999.000 -9999.000 -9999.000 -9999.000 -9999.000 -9999.000 -9999.000 -9999.000 -9999.000 -9999.000 -9999.000
-9999.000 -9999.000 -9999.000 -9999.000 -9999.000 -9999.000 -9999.000 -9999.000 -9999.000 0.1830502E-01 0.5116162E-01 0.1011225 0.1369571 0.1485172 0.1061186 0.4802880E-01 0.1861257E-01 0.1792598E-01 0.2764373E-01 0.4256317E-01 0.7656107E-01 0.1263437 0.1352595 0.1700851 0.2059023 0.1726302 0.1087784 0.7385032E-01 0.1299916 0.1759772 0.1649464 0.1368630 0.1374685 0.1217702 0.1277050 0.1744965 0.1652555 0.1382009 0.1559797 0.1896714 0.1503039 0.8381745E-01 -9999.000 -9999.000 -9999.000 -9999.000 -9999.000 -9999.000 -9999.000 -9999.000 -9999.000 -9999.000 -9999.000 -9999.000 -9999.000 -9999.000 -9999.000 -9999.000 -9999.000
-9999.000 -9999.000 -9999.000 -9999.000 -9999.000 -9999.000 -9999.000 -9999.000 -9999.000 -9999.000 -9999.000 0.5337911E-01 0.1088453 0.1501332 0.1346249 0.7882597E-01 -9999.000 -9999.000 -9999.000 -9999.000 0.4207041E-01 0.8080564E-01 0.9544303E-01 0.1341783 0.1762319 0.1460117 0.1344761 0.1335292 0.1766778 0.2065590 0.2111010 0.1763366 0.1831631 0.1798837 0.1821441 0.2052268 0.1826209 0.1668893 0.1781764 0.2008878 0.1786543 0.1065702 0.5921012E-01 -9999.000 -9999.000 -9999.000 -9999.000 -9999.000 -9999.000 -9999.000 -9999.000 -9999.000 -9999.000 -9999.000 -9999.000 -9999.000 -9999.000 -9999.000 -9999.000
-9999.000 -9999.000 -9999.000 -9999.000 -9999.000 -9999.000 -9999.000 -9999.000 -9999.000 -9999.000 -9999.000 -9999.000 0.5994860E-01 0.1171214 0.1261214 0.9517999E-01 0.4720997E-01 -9999.000 -9999.000 -9999.000 0.2491070E-01 0.3678198E-01 0.3554752E-01 0.7208934E-01 0.1613996 0.1819923 0.1833318 0.2152859 0.2164817 0.1960403 0.2181243 0.2518473 0.2744767 0.2958410 0.2707232 0.2339196 0.2124172 0.2168895 0.2209273 0.2284786 0.2026934 0.1491949 0.9579243E-01 -9999.000 -9999.000 -9999.000 -9999.000 -9999.000 -9999.000 -9999.000 -9999.000 -9999.000 -9999.000 -9999.000 -9999.000 -9999.000 -9999.000 -9999.000 -9999.000
-9999.000 -9999.000 -9999.000 -9999.000 -9999.000 -9999.000 -9999.000 -9999.000 -9999.000 -9999.000 -9999.000 -9999.000 0.5339064E-01 0.1164397 0.1419328 0.1189149 0.7354190E-01 -9999.000 -9999.000 -9999.000 0.2559328E-01 0.3029446E-01 0.1839064E-01 0.5088813E-01 0.1287626 0.1589953 0.1773100 0.2342466 0.2518096 0.2098548 0.2189730 0.2818140 0.3039398 0.3133327 0.3012420 0.2557251 0.2356352 0.2295926 0.2377129 0.2439539 0.2305046 0.2086517 0.1391490 0.4783472E-01 -9999.000 -9999.000 -9999.000 -9999.000 -9999.000 -9999.000 -9999.000 -9999.000 -9999.000 -9999.000 -9999.000 -9999.000 -9999.000 -9999.000 -9999.000
-9999.000 -9999.000 -9999.000 -9999.000 -9999.000 -9999.000 -9999.000 -9999.000 -9999.000 -9999.000 -9999.000 -9999.000 -9999.000 0.1279331 0.1538334 0.1451362 0.1067878 0.5056240E-01 0.2215636E-01 0.2156039E-01 0.2786259E-01 0.2479239E-01 0.1801977E-01 0.4369891E-01 0.8125835E-01 0.9039797E-01 0.1148510 0.1889611 0.2398757 0.2305741 0.2470002 0.2891767 0.2765196 0.2640690 0.2658005 0.2563746 0.2215456 0.2187133 0.2207493 0.2357860 0.2421296 0.2260437 0.1743099 0.8652168E-01 -9999.000 -9999.000 -9999.000 -9999.000 -9999.000 -9999.000 -9999.000 -9999.000 -9999.000 -9999.000 -9999.000 -9999.000 -9999.000 -9999.000 -9999.000
-9999.000 -9999.000 -9999.000 -9999.000 -9999.000 -9999.000 -9999.000 -9999.000 -9999.000 -9999.000 -9999.000 -9999.000 -9999.000 0.1174059 0.1536218 0.1577643 0.1385162 0.8630537E-01 0.3377665E-01 0.2943959E-01 0.3030722E-01 0.3405755E-01 0.4274438E-01 0.5728407E-01 0.6188161E-01 0.4869754E-01 0.7142496E-01 0.1263057 0.1792224 0.2044653 0.2697679 0.2620865 0.2018236 0.2025376 0.2195981 0.1689875 0.1394312 0.1177915 0.1376260 0.1640256 0.1925466 0.1991537 0.1707627 0.1065883 0.8001359E-01 -9999.000 -9999.000 -9999.000 -9999.000 -9999.000 -9999.000 -9999.000 -9999.000 -9999.000 -9999.000 -9999.000 -9999.000 -9999.000 -9999.000
-9999.000 -9999.000 -9999.000 -9999.000 -9999.000 -9999.000 -9999.000 -9999.000 -9999.000 -9999.000 -9999.000 -9999.000 -9999.000 0.9325261E-01 0.1384764 0.1558203 0.1474521 0.1023492 0.5429581E-01 0.2785342E-01 0.2639800E-01 0.3268991E-01 0.4764430E-01 0.5670622E-01 0.4428227E-01 0.5632473E-01 0.9697988E-01 0.1340347 0.1662888 0.1994448 0.2250123 0.1834180 0.1451335 0.2236109 0.2510520 0.1949312 0.1282347 0.1066738 0.1213277 0.1279029 0.1461075 0.1659708 0.1605425 0.1295556 0.9187646E-01 0.5300994E-01 -9999.000 -9999.000 -9999.000 -9999.000 -9999.000 -9999.000 -9999.000 -9999.000 -9999.000 -9999.000 -9999.000 -9999.000 -9999.000
-9999.000 -9999.000 -9999.000 -9999.000 -9999.000 -9999.000 -9999.000 -9999.000 -9999.000 -9999.000 -9999.000 -9999.000 -9999.000 0.8083166E-01 0.1162928 0.1264678 0.1423228 0.1173403 0.5516870E-01 0.2332063E-01 -9999.000 -9999.000 0.2379055E-01 0.3192101E-01 0.4180709E-01 0.6746760E-01 0.1358889 0.1633719 0.1667176 0.1559776 0.1558828 0.1391021 0.1382517 0.2258905 0.2910378 0.2785069 0.2249667 0.1567043 0.1498099 0.1694709 0.1748479 0.1715671 0.1663313 0.1356052 0.8648182E-01 0.3887496E-01 -9999.000 -9999.000 -9999.000 -9999.000 -9999.000 -9999.000 -9999.000 -9999.000 -9999.000 -9999.000 -9999.000 -9999.000 -9999.000
-9999.000 -9999.000 -9999.000 -9999.000 -9999.000 -9999.000 -9999.000 -9999.000 -9999.000 -9999.000 -9999.000 -9999.000 -9999.000 0.8123715E-01 0.1002582 0.1074595 0.1356388 0.1254792 0.7749484E-01 0.4574394E-01 0.2076672E-01 -9999.000 -9999.000 0.1855263E-01 0.3242277E-01 0.4774233E-01 0.9185226E-01 0.1137936 0.1343930 0.1295798 0.1522004 0.1801322 0.1633785 0.2033285 0.2554700 0.2750159 0.2396624 0.1905003 0.1745210 0.1891832 0.1797505 0.1633159 0.1616736 0.1465407 0.1205920 0.8278477E-01 0.6656309E-01 -9999.000 -9999.000 -9999.000 -9999.000 -9999.000 -9999.000 -9999.000 -9999.000 -9999.000 -9999.000 -9999.000 -9999.000
