simulation_files/asc/Depth____60.0.asc
NCOLS       411
NROWS       131
XLLCENTER    2538020.000000
YLLCENTER    1152390.000000
CELLSIZE           1.000
NODATA_VALUE     -9999.0
[rows 26 to 51 of 131, columns 240 to 299 of 411]
0.7021125 0.7495999 0.7949337 0.8340155 0.8576463 0.8681126 0.8723660 0.8676919 0.8626052 0.7978269 0.7111441 0.5473128 0.3998341 0.3739031 0.3678811 0.3726978 0.3751219 0.3744128 0.3705575 0.3677110 0.3647459 0.3657585 0.3662211 0.3729243 0.3689906 0.3711500 0.3740010 0.3768251 0.3741054 0.3763177 0.3837439 0.3914485 0.3942585 0.4016588 0.4087145 0.4112786 0.4136041 0.4197022 0.4254894 0.4220369 0.4252272 0.4287857 0.4264413 0.4278026 0.4328589 0.4386593 0.4394408 0.4457059 0.4529324 0.4504703 0.4516152 0.4568672 0.4642170 0.4629145 0.4692833 0.4750804 0.4735927 0.4727349 0.4755325 0.4776454
0.6773858 0.7444934 0.7936467 0.8262081 0.8512209 0.8689946 0.8788434 0.8884206 0.8955736 0.8856867 0.8509164 0.7538471 0.6035337 0.4271157 0.3171443 0.3192841 0.3161601 0.3182917 0.3191285 0.3200500 0.3187842 0.3202461 0.3215076 0.3232364 0.3169274 0.3169298 0.3169790 0.3201709 0.3244945 0.3262414 0.3260730 0.3294484 0.3308792 0.3354587 0.3402341 0.3378741 0.3431831 0.3480369 0.3513900 0.3467339 0.3490497 0.3491303 0.3437011 0.3475975 0.3526581 0.3558919 0.3554205 0.3618971 0.3673182 0.3681124 0.3659605 0.3718917 0.3764776 0.3808778 0.3895988 0.3970881 0.3992793 0.4015653 0.4072541 0.4077153
0.6536839 0.7382418 0.7931363 0.8225201 0.8504967 0.8724860 0.8916392 0.9160637 0.9311039 0.9322900 0.9161067 0.8844468 0.8103240 0.6407418 0.4199522 0.2800254 0.2770964 0.2787159 0.2789490 0.2798896 0.2826313 0.2857311 0.2859327 0.2882290 0.2818809 0.2846545 0.2854636 0.2865253 0.2856376 0.2877997 0.2836888 0.2826320 0.2820939 0.2843596 0.2867551 0.2839126 0.2853688 0.2882627 0.2851042 0.2837152 0.2835230 0.2839656 0.2806092 0.2819743 0.2852151 0.2825078 0.2852686 0.2885630 0.2918704 0.2884094 0.2927034 0.2989139 0.3032582 0.3083097 0.3166167 0.3251944 0.3272325 0.3374191 0.3470937 0.3538990
0.6254477 0.7472469 0.7952642 0.8249941 0.8530478 0.8777839 0.9046149 0.9360016 0.9562696 0.9630668 0.9515028 0.9233355 0.8986219 0.8382922 0.6325362 0.4036261 0.2763052 0.2548474 0.2524838 0.2498772 0.2507143 0.2509540 0.2536326 0.2559633 0.2552625 0.2567168 0.2566197 0.2580166 0.2571663 0.2582821 0.2566343 0.2533718 0.2535364 0.2528179 0.2517127 0.2485232 0.2482066 0.2476864 0.2444908 0.2426377 0.2405593 0.2395904 0.2385909 0.2384187 0.2379985 0.2363740 0.2390933 0.2407696 0.2410797 0.2421878 0.2456244 0.2493356 0.2515376 0.2549170 0.2598005 0.2625093 0.2693186 0.2798876 0.2905691 0.2958473
0.5437082 0.7574862 0.7993328 0.8273313 0.8548974 0.8796251 0.9066826 0.9349346 0.9545837 0.9640283 0.9562378 0.9402327 0.9203463 0.8921871 0.8490314 0.6158161 0.3896695 0.2955731 0.2608943 0.2476417 0.2378846 0.2353171 0.2314641 0.2272909 0.2286234 0.2286185 0.2297595 0.2325310 0.2326574 0.2358990 0.2364209 0.2371061 0.2369977 0.2394536 0.2393615 0.2377445 0.2343174 0.2310561 0.2260698 0.2240873 0.2212717 0.2198083 0.2209288 0.2209662 0.2207119 0.2208484 0.2231779 0.2248734 0.2258986 0.2276940 0.2301819 0.2321583 0.2312177 0.2302853 0.2281028 0.2269378 0.2267919 0.2333501 0.2390341 0.2406879
-9999.000 -9999.000 0.8106411 0.8358623 0.8613993 0.8831804 0.9094600 0.9273293 0.9404629 0.9476954 0.9498458 0.9415715 0.9292920 0.9102796 0.8816634 0.8300956 0.6352445 0.4047486 0.3270868 0.3080758 0.2955177 0.2806567 0.2658983 0.2433304 0.2275884 0.2088475 0.2083112 0.2083474 0.2087084 0.2143038 0.2204087 0.2231623 0.2247954 0.2278236 0.2323354 0.2323670 0.2295967 0.2231271 0.2167368 0.2175474 0.2173250 0.2165698 0.2181121 0.2193100 0.2205891 0.2215923 0.2229878 0.2240570 0.2247584 0.2254064 0.2256265 0.2243374 0.2210412 0.2153960 0.2084343 0.2010137 0.1970783 0.1980381 0.1984539 0.1968827
-9999.000 -9999.000 -9999.000 -9999.000 0.8757844 0.9019054 0.9311391 0.9435043 0.9444229 0.9397644 0.9411361 0.9380217 0.9299400 0.9157212 0.8946407 0.8577281 0.7409109 0.5767925 0.4417111 0.3881317 0.3743211 0.3617282 0.3502148 0.3287011 0.3067525 0.2566816 0.2336898 0.1941955 0.1977032 0.2030973 0.2096728 0.2142500 0.2173311 0.2207920 0.2219311 0.2189547 0.2136798 0.2096341 0.2074957 0.2078466 0.2084859 0.2086082 0.2103974 0.2118461 0.2120920 0.2130075 0.2138087 0.2144023 0.2127534 0.2125943 0.2117095 0.2042906 0.1977138 0.1890863 0.1804813 0.1701908 0.1686470 0.1696514 0.1690368 0.1636431
-9999.000 -9999.000 -9999.000 -9999.000 -9999.000 0.9284018 0.9667042 0.9817558 0.9661480 0.9468097 0.9387304 0.9321086 0.9256394 0.9162899 0.9035827 0.8686178 0.8161409 0.7316905 0.5611540 0.4340590 0.4093462 0.4097285 0.4087402 0.4159033 0.4105231 0.3942141 0.3519078 0.2840420 0.2532627 0.2119852 0.2071487 0.2089575 0.2116824 0.2128598 0.2083285 0.2016936 0.1950956 0.1922157 0.1933177 0.1958476 0.1946423 0.1928084 0.1941496 0.1950069 0.1942113 0.1939125 0.1946113 0.1932710 0.1915240 0.1902915 0.1871860 0.1780932 0.1665331 0.1573807 0.1496223 0.1453590 0.1469142 0.1481961 0.1453270 0.1412172
-9999.000 -9999.000 -9999.000 -9999.000 -9999.000 -9999.000 -9999.000 0.9983487 0.9766377 0.9563218 0.9418587 0.9324185 0.9244529 0.9133012 0.9006185 0.8789836 0.8426295 0.7881051 0.6643746 0.4918835 0.4199389 0.4204535 0.4314542 0.4470255 0.4588822 0.4678615 0.4604580 0.4692979 0.3929619 0.3277055 0.2667075 0.2207582 0.2133902 0.2073703 0.2031946 0.1924453 0.1864540 0.1833075 0.1840285 0.1863531 0.1860063 0.1850278 0.1843582 0.1849580 0.1813263 0.1800591 0.1802297 0.1770197 0.1743853 0.1714434 0.1651882 0.1545620 0.1454118 0.1395933 0.1371277 0.1379745 0.1393439 0.1381369 0.1346032 0.1308358
-9999.000 -9999.000 -9999.000 -9999.000 -9999.000 -9999.000 -9999.000 -9999.000 -9999.000 0.9521438 0.9433616 0.9374241 0.9302624 0.9189095 0.9100050 0.9006342 0.8681759 0.8237380 0.7447340 0.5776084 0.4311413 0.4063428 0.4284789 0.4515494 0.4720842 0.4929092 0.5014407 0.5181797 0.5182018 0.4800734 0.4157152 0.3043397 0.2540096 0.2243180 0.2162833 0.2042434 0.1867993 0.1861554 0.1801124 0.1818135 0.1813139 0.1879586 0.1903326 0.1976931 0.1855372 0.1865627 0.1852641 0.1828450 0.1738898 0.1621992 0.1521907 0.1455405 0.1417634 0.1415182 0.1444790 0.1469407 0.1430906 0.1356104 0.1285320 0.1251865
-9999.000 -9999.000 -9999.000 -9999.000 -9999.000 -9999.000 -9999.000 -9999.000 -9999.000 -9999.000 0.9431425 0.9432175 0.9455837 0.9458227 0.9370406 0.9263239 0.8970351 0.8486145 0.7934530 0.6747257 0.4705520 0.3735437 0.3962707 0.4233693 0.4509981 0.4836997 0.5063691 0.5299027 0.5663211 0.5517587 0.5393784 0.4649225 0.3528398 0.2723209 0.2549225 0.2491479 0.2365820 0.2287634 0.2222219 0.2245225 0.2277457 0.2416232 0.2374827 0.2485009 0.2423263 0.2409293 0.2343879 0.2354414 0.2250310 0.2020523 0.1859589 0.1765586 0.1736833 0.1806242 0.1980280 0.2105544 0.2078767 0.1937870 0.1693865 0.1424820
-9999.000 -9999.000 -9999.000 -9999.000 -9999.000 -9999.000 -9999.000 -9999.000 -9999.000 -9999.000 -9999.000 -9999.000 0.9688031 0.9740568 0.9696426 0.9576114 0.9260824 0.8735361 0.8179196 0.7248748 0.5369226 0.3960804 0.3340293 0.3683552 0.3996280 0.4402646 0.4823448 0.5184261 0.5633074 0.5735251 0.5727136 0.5596274 0.4659132 0.3645037 0.3091020 0.2994655 0.3066228 0.3133557 0.3218329 0.3290816 0.3274388 0.3210620 0.3207253 0.3154191 0.3156043 0.3135686 0.3009364 0.2969186 0.2924411 0.2962551 0.2892374 0.2762535 0.2778554 0.2984207 0.3085936 0.3194920 0.3205125 0.3156409 0.2950218 0.2640403
-9999.000 -9999.000 -9999.000 -9999.000 -9999.000 -9999.000 -9999.000 -9999.000 -9999.000 -9999.000 -9999.000 -9999.000 -9999.000 -9999.000 0.9886159 0.9820682 0.9487803 0.9095926 0.8495693 0.7749957 0.6150392 0.4120472 0.2781444 0.2986961 0.3266231 0.3680864 0.4209805 0.4746569 0.5318167 0.5468665 0.5559106 0.5633164 0.5232161 0.4622701 0.3577731 0.3299565 0.3374986 0.3566731 0.3760333 0.3860302 0.3839539 0.3633949 0.3531320 0.3412195 0.3373490 0.3344214 0.3304592 0.3243635 0.3293222 0.3523157 0.3744061 0.3839668 0.3837024 0.3868424 0.3805452 0.3594736 0.3487355 0.3487563 0.3570216 0.3673351
-9999.000 -9999.000 -9999.000 -9999.000 -9999.000 -9999.000 -9999.000 -9999.000 -9999.000 -9999.000 -9999.000 -9999.000 -9999.000 -9999.000 -9999.000 -9999.000 0.9630058 0.9276838 0.8823210 0.8162183 0.7227454 0.4999259 0.3432843 0.2847614 0.2875505 0.2964558 0.3365840 0.3834938 0.4475929 0.4701158 0.4936528 0.5284173 0.5315832 0.5128542 0.4555996 0.3739366 0.3359637 0.3563631 0.3796023 0.3904649 0.3882593 0.3662825 0.3469567 0.3401666 0.3373544 0.3335798 0.3307487 0.3306815 0.3412749 0.3655700 0.3893485 0.4140124 0.4234388 0.4232455 0.4122963 0.3889850 0.3710022 0.3606904 0.3656764 0.3824323
-9999.000 -9999.000 -9999.000 -9999.000 -9999.000 -9999.000 -9999.000 -9999.000 -9999.000 -9999.000 -9999.000 -9999.000 -9999.000 -9999.000 -9999.000 -9999.000 -9999.000 0.9341460 0.8911713 0.8332849 0.7455350 0.6172183 0.4520971 0.3513898 0.2885979 0.2603367 0.2287992 0.2083155 0.2363217 0.2974108 0.3572137 0.4382062 0.4879605 0.5120644 0.5127616 0.4268078 0.3557692 0.3364847 0.3563350 0.3688031 0.3710988 0.3512226 0.3324772 0.3223426 0.3211654 0.3221220 0.3220104 0.3221305 0.3294531 0.3444076 0.3698984 0.3956270 0.4126647 0.4220897 0.4242411 0.4247096 0.4132740 0.3997048 0.3965851 0.4041342
-9999.000 -9999.000 -9999.000 -9999.000 -9999.000 -9999.000 -9999.000 -9999.000 -9999.000 -9999.000 -9999.000 -9999.000 -9999.000 -9999.000 -9999.000 -9999.000 -9999.000 -9999.000 -9999.000 0.8381240 0.7432109 0.6256499 0.4887186 0.3887064 0.2998252 0.1985416 0.9914273E-01 0.5297085E-01 0.5289237E-01 0.1230827 0.1884407 0.2287796 0.3540957 0.4420986 0.4888370 0.4477807 0.3788375 0.3190871 0.3163113 0.3177645 0.3318129 0.3273154 0.3132549 0.2918009 0.2856115 0.2877343 0.2917948 0.2923402 0.3005687 0.3097750 0.3254712 0.3423998 0.3676975 0.3886010 0.4181750 0.4298396 0.4395856 0.4445589 0.4447732 0.4368639
-9999.000 -9999.000 -9999.000 -9999.000 -9999.000 -9999.000 -9999.000 -9999.000 -9999.000 -9999.000 -9999.000 -9999.000 -9999.000 -9999.000 -9999.000 -9999.000 -9999.000 -9999.000 -9999.000 -9999.000 0.6990335 0.5825685 0.4475852 0.3256996 0.2139106 0.1138888 0.4252351E-01 -9999.000 -9999.000 -9999.000 -9999.000 0.7901626E-01 0.1579599 0.2864437 0.3912561 0.4028163 0.3822172 0.3306945 0.2757144 0.2465757 0.2671378 0.2866767 0.2917818 0.2564459 0.2312472 0.2191376 0.2335062 0.2443491 0.2679689 0.2831957 0.2971277 0.3021908 0.3233790 0.3396177 0.3827360 0.4111303 0.4367950 0.4547533 0.4397176 0.4085063
-9999.000 -9999.000 -9999.000 -9999.000 -9999.000 -9999.000 -9999.000 -9999.000 -9999.000 -9999.000 -9999.000 -9999.000 -9999.000 -9999.000 -9999.000 -9999.000 -9999.000 -9999.000 -9999.000 -9999.000 -9999.000 -9999.000 0.3783558 0.2555197 0.1351392 0.5170068E-01 -9999.000 -9999.000 -9999.000 -9999.000 -9999.000 -9999.000 -9999.000 0.1461786 0.2204700 0.2823755 0.3061991 0.3167542 0.2445172 0.1896047 0.1927118 0.2225758 0.2464412 0.2180632 0.1752936 0.1608626 0.1747363 0.1924415 0.2220876 0.2642834 0.2890196 0.2970983 0.3017292 0.3162929 0.3305211 0.3543639 0.3640734 0.3779194 0.3653636 0.3417741
-9999.000 -9999.000 -9999.000 -9999.000 -9999.000 -9999.000 -9999.000 -9999.000 -9999.000 -9999.000 -9999.000 -9999.000 -9999.000 -9999.000 -9999.000 -9999.000 -9999.000 -9999.000 -9999.000 -9999.000 -9999.000 -9999.000 -9999.000 -9999.000 0.9153215E-01 -9999.000 -9999.000 -9999.000 -9999.000 -9999.000 -9999.000 -9999.000 -9999.000 -9999.000 -9999.000 -9999.000 0.2078151 0.2072851 0.2037848 0.1101211 0.9974358E-01 0.1373623 0.1778225 0.1795127 0.1415628 0.1265332 0.1347987 0.1489296 0.1767507 0.2238844 0.2648125 0.3042355 0.2952045 0.2848932 0.2676067 0.2587578 0.2616909 0.2693755 0.2855135 0.2862458
-9999.000 -9999.000 -9999.000 -9999.000 -9999.000 -9999.000 -9999.000 -9999.000 -9999.000 -9999.000 -9999.000 -9999.000 -9999.000 -9999.000 -9999.000 -9999.000 -9999.000 -9999.000 -9999.000 -9999.000 -9999.000 -9999.000 -9999.000 -9999.000 -9999.000 -9999.000 -9999.000 -9999.000 -9999.000 -9999.000 -9999.000 -9999.000 -9999.000 -9999.000 -9999.000 -9999.000 -9999.000 0.1277326 -9999.000 0.3530850E-01 0.3137295E-01 0.5891169E-01 0.1044841 0.1425241 0.1318281 0.1112220 0.1075193 0.1150032 0.1284377 0.1586638 0.1987693 0.2377774 0.2505876 0.2327442 0.2195748 0.2073917 0.2112791 0.2164991 0.2333363 0.2402991
-9999.000 -9999.000 -9999.000 -9999.000 -9999.000 -9999.000 -9999.000 -9999.000 -9999.000 -9999.000 -9999.000 -9999.000 -9999.000 -9999.000 -9999.000 -9999.000 -9999.000 -9999.000 -9999.000 -9999.000 -9999.000 -9999.000 -9999.000 -9999.000 -9999.000 -9999.000 -9999.000 -9999.000 -9999.000 -9999.000 -9999.000 -9999.000 -9999.000 -9999.000 -9999.000 -9999.000 -9999.000 -9999.000 -9999.000 -9999.000 -9999.000 -9999.000 -9999.000 0.8305482E-01 0.1092957 0.9333244E-01 0.7677309E-01 0.7156873E-01 0.7183559E-01 0.7711228E-01 0.1108670 0.1347323 0.1820963 0.1978128 0.2058657 0.2010276 0.2016750 0.2100724 0.2199856 0.2283293
-9999.000 -9999.000 -9999.000 -9999.000 -9999.000 -9999.000 -9999.000 -9999.000 -9999.000 -9999.000 -9999.000 -9999.000 -9999.000 -9999.000 -9999.000 -9999.000 -9999.000 -9999.000 -9999.000 -9999.000 -9999.000 -9999.000 -9999.000 -9999.000 -9999.000 -9999.000 -9999.000 -9999.000 -9999.000 -9999.000 -9999.000 -9999.000 -9999.000 -9999.000 -9999.000 -9999.000 -9999.000 -9999.000 -9999.000 -9999.000 -9999.000 -9999.000 -9999.000 0.2820094E-01 0.5906423E-01 0.5941801E-01 0.4623416E-01 0.3308036E-01 0.2940418E-01 0.2765010E-01 0.4465370E-01 0.6712543E-01 0.1094470 0.1433361 0.1725436 0.1843626 0.1909788 0.2004550 0.2157129 0.2300589
-9999.000 -9999.000 -9999.000 -9999.000 -9999.000 -9999.000 -9999.000 -9999.000 -9999.000 -9999.000 -9999.000 -9999.000 -9999.000 -9999.000 -9999.000 -9999.000 -9999.000 -9999.000 -9999.000 -9999.000 -9999.000 -9999.000 -9999.000 -9999.000 -9999.000 -9999.000 -9999.000 -9999.000 -9999.000 -9999.000 -9999.000 -9999.000 -9999.000 -9999.000 -9999.000 -9999.000 -9999.000 -9999.000 -9999.000 -9999.000 -9999.000 -9999.000 -9999.000 -9999.000 -9999.000 -9999.000 -9999.000 -9999.000 -9999.000 -9999.000 -9999.000 -9999.000 0.4723649E-01 0.7377915E-01 0.1037537 0.1365701 0.1536467 0.1754065 0.1931862 0.2180580
-9999.000 -9999.000 -9999.000 -9999.000 -9999.000 -9999.000 -9999.000 -9999.000 -9999.000 -9999.000 -9999.000 -9999.000 -9999.000 -9999.000 -9999.000 -9999.000 -9999.000 -9999.000 -9999.000 -9999.000 -9999.000 -9999.000 -9999.000 -9999.000 -9999.000 -9999.000 -9999.000 -9999.000 -9999.000 -9999.000 -9999.000 -9999.000 -9999.000 -9999.000 -9999.000 -9999.000 -9999.000 -9999.000 -9999.000 -9999.000 -9999.000 -9999.000 -9999.000 -9999.000 -9999.000 -9999.000 -9999.000 -9999.000 -9999.000 -9999.000 -9999.000 -9999.000 -9999.000 -9999.000 0.4283230E-01 0.6620205E-01 0.8331842E-01 0.1052409 0.1293010 0.1592818
-9999.000 -9999.000 -9999.000 -9999.000 -9999.000 -9999.000 -9999.000 -9999.000 -9999.000 -9999.000 -9999.000 -9999.000 -9999.000 -9999.000 -9999.000 -9999.000 -9999.000 -9999.000 -9999.000 -9999.000 -9999.000 -9999.000 -9999.000 -9999.000 -9999.000 -9999.000 -9999.000 -9999.000 -9999.000 -9999.000 -9999.000 -9999.000 -9999.000 -9999.000 -9999.000 -9999.000 -9999.000 -9999.000 -9999.000 -9999.000 -9999.000 -9999.000 -9999.000 -9999.000 -9999.000 -9999.000 -9999.000 -9999.000 -9999.000 -9999.000 -9999.000 -9999.000 -9999.000 -9999.000 -9999.000 -9999.000 0.3153760E-01 0.4048659E-01 0.5703160E-01 0.7513992E-01
-9999.000 -9999.000 -9999.000 -9999.000 -9999.000 -9999.000 -9999.000 -9999.000 -9999.000 -9999.000 -9999.000 -9999.000 -9999.000 -9999.000 -9999.000 -9999.000 -9999.000 -9999.000 -9999.000 -9999.000 -9999.000 -9999.000 -9999.000 -9999.000 -9999.000 -9999.000 -9999.000 -9999.000 -9999.000 -9999.000 -9999.000 -9999.000 -9999.000 -9999.000 -9999.000 -9999.000 -9999.000 -9999.000 -9999.000 -9999.000 -9999.000 -9999.000 -9999.000 -9999.000 -9999.000 -9999.000 -9999.000 -9999.000 -9999.000 -9999.000 -9999.000 -9999.000 -9999.000 -9999.000 -9999.000 -9999.000 -9999.000 -9999.000 -9999.000 -9999.000
