simulation_files/asc/Depth____530.0.asc
NCOLS       216
NROWS       273
XLLCENTER        494.688995
YLLCENTER        787.867981
CELLSIZE           0.500
NODATA_VALUE     -9999.0
[rows 162 to 188 of 273, columns 118 to 176 of 216]
2.036465 2.712302 2.910147 2.946403 2.957135 2.967995 2.746278 2.172409 1.551371 0.6327558 0.1697331 0.9441456E-01 0.1254310 0.1665486 0.1497432 0.1383327 0.1654941 0.1821291 0.2065225 0.2153562 0.2086221 0.1635377 0.1166681 0.1228237 0.1529566 0.1594344 0.1235237 0.8495268E-01 -9999.000 -9999.000 -9999.000 -9999.000 -9999.000 -9999.000 -9999.000 -9999.000 -9999.000 -9999.000 -9999.000 -9999.000 -9999.000 -9999.000 -9999.000 -9999.000 -9999.000 -9999.000 -9999.000 -9999.000 -9999.000 -9999.000 -9999.000 -9999.000 -9999.000 -9999.000 -9999.000 -9999.000 -9999.000 -9999.000 -9999.000
1.696974 2.618502 2.902538 2.935266 2.935846 2.528468 1.728016 1.038736 0.4958595 0.1735323 0.1570536 0.1345801 0.1391507 0.1313194 0.1496438 0.1603832 0.1668299 0.1698231 0.2056887 0.2328548 0.2283909 0.1671856 0.1270880 0.1333786 0.1732699 0.1881239 0.1643624 0.1183321 0.5880641E-01 -9999.000 -9999.000 -9999.000 -9999.000 -9999.000 -9999.000 -9999.000 -9999.000 -9999.000 -9999.000 -9999.000 -9999.000 -9999.000 -9999.000 -9999.000 -9999.000 -9999.000 -9999.000 -9999.000 -9999.000 -9999.000 -9999.000 -9999.000 -9999.000 -9999.000 -9999.000 -9999.000 -9999.000 -9999.000 -9999.000
1.296937 2.325456 2.781449 2.922260 2.500126 1.582936 0.5045176 0.1716045 0.1392108 0.1113140 0.1339863 0.1182255 0.1105865 0.9994347E-01 0.1283573 0.1517671 0.1503388 0.1568198 0.1831884 0.2164942 0.2095624 0.1459138 0.1165006 0.1348995 0.1811870 0.1895124 0.1526545 0.1183119 0.5801392E-01 -9999.000 -9999.000 -9999.000 -9999.000 -9999.000 -9999.000 -9999.000 -9999.000 -9999.000 -9999.000 -9999.000 -9999.000 -9999.000 -9999.000 -9999.000 -9999.000 -9999.000 -9999.000 -9999.000 -9999.000 -9999.000 -9999.000 -9999.000 -9999.000 -9999.000 -9999.000 -9999.000 -9999.000 -9999.000 -9999.000
-9999.000 1.519623 2.340271 2.443390 1.569530 -9999.000 0.1318336 0.1495351 0.1231787 0.9193379E-01 0.7923435E-01 0.7849200E-01 0.9163637E-01 0.9003974E-01 0.1181803 0.1459221 0.1604480 0.1830698 0.2089494 0.2287992 0.1720151 0.1216491 0.1096196 0.1279212 0.1725174 0.1726069 0.1512547 0.1126714 0.6740254E-01 0.2662138E-01 -9999.000 -9999.000 -9999.000 -9999.000 -9999.000 -9999.000 -9999.000 -9999.000 -9999.000 -9999.000 -9999.000 -9999.000 -9999.000 -9999.000 -9999.000 -9999.000 -9999.000 -9999.000 -9999.000 -9999.000 -9999.000 -9999.000 -9999.000 -9999.000 -9999.000 -9999.000 -9999.000 -9999.000 -9999.000
-9999.000 0.6984131 1.397426 1.240632 0.5622464 0.1516375 0.1773777 0.1574949 0.1449639 0.1135377 0.7437476E-01 0.6838308E-01 0.7793301E-01 0.7545028E-01 0.1239601 0.1817001 0.2176150 0.2439071 0.2657985 0.2220876 0.1377709 0.1388536 0.1374747 0.1487584 0.1737898 0.1775537 0.1590502 0.1345040 0.1043802 0.5910947E-01 -9999.000 -9999.000 0.1836429E-01 -9999.000 -9999.000 -9999.000 -9999.000 -9999.000 -9999.000 -9999.000 -9999.000 -9999.000 -9999.000 -9999.000 -9999.000 -9999.000 -9999.000 -9999.000 -9999.000 -9999.000 -9999.000 -9999.000 -9999.000 -9999.000 -9999.000 -9999.000 -9999.000 -9999.000 -9999.000
-9999.000 -9999.000 -9999.000 0.3260339 0.1878393 0.2114976 0.1843434 0.1764212 0.1807574 0.1530472 0.1243755 0.1058200 0.9053821E-01 0.8605069E-01 0.1492245 0.2320229 0.2482035 0.2550098 0.2491242 0.1682398 0.1015087 0.1483359 0.1596479 0.1753385 0.1807096 0.1400506 0.1304954 0.1326414 0.1240523 0.8528393E-01 -9999.000 -9999.000 -9999.000 -9999.000 -9999.000 -9999.000 -9999.000 -9999.000 -9999.000 -9999.000 -9999.000 -9999.000 -9999.000 -9999.000 -9999.000 -9999.000 -9999.000 -9999.000 -9999.000 -9999.000 -9999.000 -9999.000 -9999.000 -9999.000 -9999.000 -9999.000 -9999.000 -9999.000 -9999.000
-9999.000 -9999.000 -9999.000 0.1048232 0.2095719 0.2124842 0.2113922 0.2180354 0.2222119 0.2049433 0.1858453 0.1651682 0.1367769 0.1196200 0.1522417 0.1992316 0.2116868 0.2046720 0.1695378 0.1476905 0.1084461 0.1407721 0.1644726 0.1836914 0.1756737 0.1171084 0.1012907 0.1267608 0.1378674 0.1162900 0.6123035E-01 0.2669315E-01 0.1846384E-01 0.1215996E-01 -9999.000 -9999.000 -9999.000 -9999.000 -9999.000 -9999.000 -9999.000 -9999.000 -9999.000 -9999.000 -9999.000 -9999.000 -9999.000 -9999.000 -9999.000 -9999.000 -9999.000 -9999.000 -9999.000 -9999.000 -9999.000 -9999.000 -9999.000 -9999.000 -9999.000
-9999.000 -9999.000 -9999.000 0.9983966E-01 0.1292554 0.1666631 0.2193655 0.2455429 0.2256352 0.2003848 0.1918970 0.1912899 0.1675769 0.1270479 0.1134271 0.9580756E-01 0.1368661 0.1253854 0.1451314 0.1856204 0.1498431 0.1716164 0.2039061 0.2339718 0.2252321 0.1588181 0.1215444 0.1298773 0.1443920 0.1389093 0.9022407E-01 0.5084430E-01 0.3932253E-01 0.2775886E-01 -9999.000 -9999.000 -9999.000 -9999.000 -9999.000 -9999.000 -9999.000 -9999.000 -9999.000 -9999.000 -9999.000 -9999.000 -9999.000 -9999.000 -9999.000 -9999.000 -9999.000 -9999.000 -9999.000 -9999.000 -9999.000 -9999.000 -9999.000 -9999.000 -9999.000
-9999.000 -9999.000 -9999.000 0.4631109E-01 0.8084664E-01 0.1481971 0.2159865 0.2311521 0.2213270 0.2057758 0.1839849 0.1533425 0.1103625 0.9232182E-01 0.9920331E-01 0.1219669 0.1419288 0.1310823 0.1520727 0.1689364 0.1470780 0.1856137 0.2554334 0.2990482 0.2795279 0.1953641 0.1379810 0.1409156 0.1540187 0.1663264 0.1214718 0.8391497E-01 0.7165464E-01 0.6160118E-01 -9999.000 -9999.000 -9999.000 -9999.000 -9999.000 -9999.000 -9999.000 -9999.000 -9999.000 -9999.000 -9999.000 -9999.000 -9999.000 -9999.000 -9999.000 -9999.000 -9999.000 -9999.000 -9999.000 -9999.000 -9999.000 -9999.000 -9999.000 -9999.000 -9999.000
-9999.000 -9999.000 -9999.000 -9999.000 -9999.000 0.1002545 0.1548611 0.1934034 0.2206516 0.2413112 0.1807663 0.9799847E-01 0.5787105E-01 0.5223612E-01 0.9560550E-01 0.1647981 0.2009572 0.2183908 0.1693057 0.1048112 0.8674983E-01 0.1616681 0.2737478 0.3142442 0.2632929 0.1861293 0.1517827 0.1713101 0.1959155 0.1994358 0.1528924 0.1236587 0.1271022 0.1086256 0.8715983E-01 0.7264455E-01 0.5242356E-01 0.3551691E-01 -9999.000 -9999.000 -9999.000 -9999.000 -9999.000 -9999.000 -9999.000 -9999.000 -9999.000 -9999.000 -9999.000 -9999.000 -9999.000 -9999.000 -9999.000 -9999.000 -9999.000 -9999.000 -9999.000 -9999.000 -9999.000
-9999.000 -9999.000 -9999.000 -9999.000 -9999.000 0.5706872E-01 0.8921591E-01 0.1419236 0.2006357 0.2240512 0.1903100 0.1261705 0.9023888E-01 0.8640779E-01 0.1204651 0.1822033 0.2157720 0.2468121 0.2105943 0.1330168 0.1115567 0.1749831 0.2617954 0.2745047 0.2340709 0.1726258 0.1512465 0.1585170 0.1915688 0.2199892 0.1878693 0.1755286 0.1820776 0.1763433 0.1264778 0.1085561 0.1022945 0.7557742E-01 -9999.000 -9999.000 -9999.000 -9999.000 -9999.000 -9999.000 -9999.000 -9999.000 -9999.000 -9999.000 -9999.000 -9999.000 -9999.000 -9999.000 -9999.000 -9999.000 -9999.000 -9999.000 -9999.000 -9999.000 -9999.000
-9999.000 -9999.000 -9999.000 -9999.000 -9999.000 0.5367786E-01 0.9263042E-01 0.1319355 0.1786524 0.2013792 0.2105031 0.1848248 0.1423831 0.1318444 0.1552405 0.1852284 0.2093570 0.2586699 0.2650030 0.2272042 0.2140390 0.2164865 0.2253029 0.2322084 0.1727583 0.1437586 0.1271041 0.1202415 0.1477327 0.1928532 0.1809165 0.1786763 0.1932113 0.1877025 0.1628364 0.1375955 0.1335204 0.1262089 0.6985193E-01 -9999.000 -9999.000 -9999.000 -9999.000 -9999.000 -9999.000 -9999.000 -9999.000 -9999.000 -9999.000 -9999.000 -9999.000 -9999.000 -9999.000 -9999.000 -9999.000 -9999.000 -9999.000 -9999.000 -9999.000
-9999.000 -9999.000 -9999.000 -9999.000 -9999.000 -9999.000 0.1182089 0.1218939 0.1563391 0.2022350 0.2323826 0.2138866 0.1682506 0.1334794 0.1373191 0.1533554 0.1882720 0.2543974 0.2772332 0.2747097 0.2870677 0.2226990 0.1832168 0.1638467 0.1465909 0.1270202 0.1128922 0.1184125 0.1425110 0.1734062 0.1555106 0.1444267 0.1567356 0.1713674 0.1593580 0.1333885 0.1424099 0.1431834 0.9124883E-01 0.4713448E-01 -9999.000 -9999.000 -9999.000 -9999.000 -9999.000 -9999.000 -9999.000 -9999.000 -9999.000 -9999.000 -9999.000 -9999.000 -9999.000 -9999.000 -9999.000 -9999.000 -9999.000 -9999.000 -9999.000
-9999.000 -9999.000 -9999.000 -9999.000 -9999.000 -9999.000 -9999.000 0.6888952E-01 0.1131286 0.1952817 0.2446729 0.2226204 0.1672145 0.1081084 0.8688975E-01 0.8806271E-01 0.1396117 0.2387377 0.2452392 0.2215133 0.1854357 0.1504341 0.1457219 0.1843360 0.2146840 0.1535120 0.1307526 0.1467451 0.1651695 0.1860681 0.1802329 0.1573843 0.1503933 0.1669754 0.1434107 0.9225859E-01 0.9084433E-01 0.1196139 0.1094658 0.8300695E-01 -9999.000 -9999.000 -9999.000 -9999.000 -9999.000 -9999.000 -9999.000 -9999.000 -9999.000 -9999.000 -9999.000 -9999.000 -9999.000 -9999.000 -9999.000 -9999.000 -9999.000 -9999.000 -9999.000
-9999.000 -9999.000 -9999.000 -9999.000 -9999.000 -9999.000 -9999.000 -9999.000 0.6494355E-01 0.1516738 0.2063662 0.2013882 0.1426003 0.7541429E-01 0.4707407E-01 0.3738117E-01 0.7386760E-01 0.1603583 0.1599852 0.1306835 0.1070077 0.1114726 0.1445676 0.2253602 0.2607039 0.2078954 0.1962296 0.2102629 0.2159851 0.2257385 0.2430971 0.2456897 0.2015939 0.1587894 0.1011711 0.4757008E-01 0.8252348E-01 0.1307747 0.1403252 0.9926534E-01 -9999.000 -9999.000 -9999.000 -9999.000 -9999.000 -9999.000 -9999.000 -9999.000 -9999.000 -9999.000 -9999.000 -9999.000 -9999.000 -9999.000 -9999.000 -9999.000 -9999.000 -9999.000 -9999.000
-9999.000 -9999.000 -9999.000 -9999.000 -9999.000 -9999.000 -9999.000 -9999.000 0.3273386E-01 0.9084734E-01 0.1569069 0.1753066 0.1434620 0.7115638E-01 0.3509769E-01 -9999.000 0.3269977E-01 0.8004217E-01 0.9978376E-01 0.1042829 0.1304467 0.1341276 0.1421906 0.2182978 0.2637920 0.2479056 0.2407094 0.2419227 0.2167087 0.2117527 0.2680892 0.2810637 0.2421668 0.1607105 0.7864944E-01 0.7921736E-01 0.1217249 0.1371001 0.1230333 0.9747245E-01 0.5915075E-01 -9999.000 -9999.000 -9999.000 -9999.000 -9999.000 -9999.000 -9999.000 -9999.000 -9999.000 -9999.000 -9999.000 -9999.000 -9999.000 -9999.000 -9999.000 -9999.000 -9999.000 -9999.000
-9999.000 -9999.000 -9999.000 -9999.000 -9999.000 -9999.000 -9999.000 -9999.000 -9999.000 0.6602009E-01 0.1477071 0.1720096 0.1569585 0.1049226 0.6126527E-01 0.3543284E-01 0.2343739E-01 0.4625533E-01 0.6673564E-01 0.8853828E-01 0.1279789 0.1646326 0.1656062 0.2092945 0.2640928 0.2535660 0.2269611 0.1912078 0.1190009 0.1306451 0.2109314 0.2283772 0.2209940 0.1676536 0.1329125 0.1470251 0.1551764 0.1427020 0.1260618 0.1374871 0.1135651 -9999.000 -9999.000 -9999.000 -9999.000 -9999.000 -9999.000 -9999.000 -9999.000 -9999.000 -9999.000 -9999.000 -9999.000 -9999.000 -9999.000 -9999.000 -9999.000 -9999.000 -9999.000
-9999.000 -9999.000 -9999.000 -9999.000 -9999.000 -9999.000 -9999.000 -9999.000 -9999.000 0.4108040E-01 0.1057751 0.1476083 0.1627735 0.1386413 0.9831651E-01 0.4587525E-01 0.2159061E-01 0.2580069E-01 0.4389966E-01 0.6920132E-01 0.1192728 0.1819617 0.1903990 0.2094788 0.2576928 0.2272898 0.1736088 0.1123463 0.1167190 0.1409116 0.1573632 0.1614298 0.1691625 0.1564934 0.1558573 0.1884206 0.1832344 0.1599277 0.1698894 0.1864750 0.1475216 -9999.000 -9999.000 -9999.000 -9999.000 -9999.000 -9999.000 -9999.000 -9999.000 -9999.000 -9999.000 -9999.000 -9999.000 -9999.000 -9999.000 -9999.000 -9999.000 -9999.000 -9999.000
-9999.000 -9999.000 -9999.000 -9999.000 -9999.000 -9999.000 -9999.000 -9999.000 -9999.000 0.2414515E-01 0.7713548E-01 0.1229234 0.1645954 0.1793054 0.1341960 0.6920552E-01 0.2681185E-01 0.2108130E-01 0.3611847E-01 0.5986032E-01 0.9939013E-01 0.1520104 0.1638505 0.1944045 0.2180465 0.1780280 0.1142972 0.9054576E-01 0.1497635 0.1949962 0.1814632 0.1529182 0.1547625 0.1408118 0.1505975 0.1995293 0.1904224 0.1622697 0.1803933 0.2146820 0.1748457 0.1087853 -9999.000 -9999.000 -9999.000 -9999.000 -9999.000 -9999.000 -9999.000 -9999.000 -9999.000 -9999.000 -9999.000 -9999.000 -9999.000 -9999.000 -9999.000 -9999.000 -9999.000
-9999.000 -9999.000 -9999.000 -9999.000 -9999.000 -9999.000 -9999.000 -9999.000 -9999.000 -9999.000 -9999.000 0.6444177E-01 0.1349265 0.1831016 0.1670275 0.1091612 -9999.000 -9999.000 -9999.000 -9999.000 0.6454983E-01 0.1033787 0.1091702 0.1440385 0.1841362 0.1627940 0.1522369 0.1546629 0.1992141 0.2279597 0.2320923 0.1977000 0.2053853 0.2043640 0.2092190 0.2329802 0.2084801 0.1933317 0.2050997 0.2273929 0.2046103 0.1324767 0.8600428E-01 -9999.000 -9999.000 -9999.000 -9999.000 -9999.000 -9999.000 -9999.000 -9999.000 -9999.000 -9999.000 -9999.000 -9999.000 -9999.000 -9999.000 -9999.000 -9999.000
-9999.000 -9999.000 -9999.000 -9999.000 -9999.000 -9999.000 -9999.000 -9999.000 -9999.000 -9999.000 -9999.000 -9999.000 0.8890003E-01 0.1553562 0.1688389 0.1294825 0.6364465E-01 -9999.000 -9999.000 0.1781905E-01 0.4153519E-01 0.5820657E-01 0.4852317E-01 0.8967484E-01 0.1868500 0.2030599 0.2029917 0.2385891 0.2415356 0.2196971 0.2410498 0.2767746 0.3014667 0.3243623 0.3000009 0.2621596 0.2407539 0.2463075 0.2499018 0.2560809 0.2289613 0.1748100 0.1213233 -9999.000 -9999.000 -9999.000 -9999.000 -9999.000 -9999.000 -9999.000 -9999.000 -9999.000 -9999.000 -9999.000 -9999.000 -9999.000 -9999.000 -9999.000 -9999.000
-9999.000 -9999.000 -9999.000 -9999.000 -9999.000 -9999.000 -9999.000 -9999.000 -9999.000 -9999.000 -9999.000 -9999.000 0.7636436E-01 0.1490303 0.1759484 0.1484488 0.9685572E-01 0.4176891E-01 0.1882506E-01 0.2232815E-01 0.4252676E-01 0.4539860E-01 0.3214431E-01 0.7267621E-01 0.1532776 0.1775655 0.1977087 0.2588312 0.2776621 0.2341730 0.2439753 0.3092129 0.3325233 0.3417145 0.3300284 0.2838000 0.2649899 0.2601545 0.2677937 0.2721081 0.2569835 0.2344123 0.1643162 0.7243027E-01 -9999.000 -9999.000 -9999.000 -9999.000 -9999.000 -9999.000 -9999.000 -9999.000 -9999.000 -9999.000 -9999.000 -9999.000 -9999.000 -9999.000 -9999.000
-9999.000 -9999.000 -9999.000 -9999.000 -9999.000 -9999.000 -9999.000 -9999.000 -9999.000 -9999.000 -9999.000 -9999.000 0.7828931E-01 0.1558362 0.1849675 0.1778861 0.1412858 0.8138283E-01 0.3836944E-01 0.3278109E-01 0.4056635E-01 0.3570239E-01 0.3052499E-01 0.6283622E-01 0.9804560E-01 0.1062093 0.1381727 0.2145776 0.2654834 0.2550314 0.2738788 0.3181666 0.3028462 0.2892851 0.2921907 0.2825668 0.2447256 0.2447985 0.2461848 0.2598136 0.2656538 0.2504861 0.1992137 0.1052738 0.4265672E-01 -9999.000 -9999.000 -9999.000 -9999.000 -9999.000 -9999.000 -9999.000 -9999.000 -9999.000 -9999.000 -9999.000 -9999.000 -9999.000 -9999.000
-9999.000 -9999.000 -9999.000 -9999.000 -9999.000 -9999.000 -9999.000 -9999.000 -9999.000 -9999.000 -9999.000 -9999.000 0.7299398E-01 0.1455298 0.1917386 0.1943895 0.1735636 0.1204834 0.5559667E-01 0.3924659E-01 0.3939938E-01 0.4548188E-01 0.5823729E-01 0.7385113E-01 0.7006796E-01 0.6246351E-01 0.9344021E-01 0.1514436 0.2050030 0.2302220 0.2983488 0.2869021 0.2223572 0.2245375 0.2420719 0.1851266 0.1524981 0.1347107 0.1590350 0.1870599 0.2135662 0.2215241 0.1941094 0.1273518 0.8824570E-01 -9999.000 -9999.000 -9999.000 -9999.000 -9999.000 -9999.000 -9999.000 -9999.000 -9999.000 -9999.000 -9999.000 -9999.000 -9999.000 -9999.000
-9999.000 -9999.000 -9999.000 -9999.000 -9999.000 -9999.000 -9999.000 -9999.000 -9999.000 -9999.000 -9999.000 -9999.000 -9999.000 0.1176510 0.1805757 0.1930297 0.1823761 0.1357829 0.8097382E-01 0.3877303E-01 0.2889975E-01 0.3913914E-01 0.6149712E-01 0.6857534E-01 0.5294727E-01 0.7237825E-01 0.1199273 0.1597996 0.1933176 0.2255006 0.2448562 0.2011638 0.1645834 0.2488190 0.2764092 0.2227463 0.1523039 0.1324165 0.1453159 0.1548895 0.1723102 0.1904956 0.1854972 0.1545617 0.1169573 0.6817825E-01 -9999.000 -9999.000 -9999.000 -9999.000 -9999.000 -9999.000 -9999.000 -9999.000 -9999.000 -9999.000 -9999.000 -9999.000 -9999.000
-9999.000 -9999.000 -9999.000 -9999.000 -9999.000 -9999.000 -9999.000 -9999.000 -9999.000 -9999.000 -9999.000 -9999.000 -9999.000 0.1021528 0.1522216 0.1605780 0.1716881 0.1426276 0.7547378E-01 0.3659184E-01 0.2050222E-01 0.1867252E-01 0.3015345E-01 0.4369914E-01 0.5694570E-01 0.9070313E-01 0.1617948 0.1886388 0.1892365 0.1739287 0.1722410 0.1589250 0.1639266 0.2534899 0.3186253 0.3065832 0.2528361 0.1787414 0.1718616 0.1952522 0.2024622 0.1958528 0.1891147 0.1581360 0.1096049 0.6012388E-01 -9999.000 -9999.000 -9999.000 -9999.000 -9999.000 -9999.000 -9999.000 -9999.000 -9999.000 -9999.000 -9999.000 -9999.000 -9999.000
-9999.000 -9999.000 -9999.000 -9999.000 -9999.000 -9999.000 -9999.000 -9999.000 -9999.000 -9999.000 -9999.000 -9999.000 -9999.000 0.1036855 0.1341553 0.1360263 0.1599530 0.1464274 0.9572034E-01 0.6453002E-01 0.3608847E-01 0.2066843E-01 0.1658157E-01 -9999.000 0.4232315E-01 0.6997166E-01 0.1173559 0.1338638 0.1546895 0.1508721 0.1783913 0.2071844 0.1917659 0.2298651 0.2794466 0.2907322 0.2522634 0.2048034 0.1931850 0.2083194 0.1900619 0.1766193 0.1804141 0.1680206 0.1445043 0.1068837 0.6948587E-01 0.4390811E-01 -9999.000 -9999.000 -9999.000 -9999.000 -9999.000 -9999.000 -9999.000 -9999.000 -9999.000 -9999.000 -9999.000
