simulation_files/asc/Depth____000183.asc
NCOLS        79
NROWS        79
XLLCENTER         -1.500000
YLLCENTER         -4.800000
CELLSIZE           0.100
NODATA_VALUE     -9999.0
[rows 0 to 25 of 79, columns 0 to 58 of 79]
-9999.000 -9999.000 -9999.000 -9999.000 -9999.000 -9999.000 -9999.000 -9999.000 -9999.000 -9999.000 -9999.000 -9999.000 -9999.000 -9999.000 -9999.000 0.7080021 0.7084748 0.7086824 0.7087063 0.7085353 0.7082760 0.7079818 0.7076727 0.7073708 0.7070906 0.7068309 0.7065925 0.7063515 0.7060075 0.7059777 0.7059777 -9999.000 -9999.000 -9999.000 -9999.000 -9999.000 -9999.000 -9999.000 -9999.000 -9999.000 -9999.000 -9999.000 -9999.000 -9999.000 -9999.000 -9999.000 -9999.000 -9999.000 -9999.000 -9999.000 -9999.000 -9999.000 -9999.000 -9999.000 -9999.000 -9999.000 -9999.000 -9999.000 -9999.000
-9999.000 -9999.000 -9999.000 -9999.000 -9999.000 -9999.000 -9999.000 -9999.000 -9999.000 -9999.000 -9999.000 -9999.000 -9999.000 -9999.000 -9999.000 0.7097914 0.7102207 0.7103897 0.7104083 0.7102682 0.7100611 0.7098308 0.7095921 0.7093623 0.7091523 0.7089598 0.7087847 0.7086051 0.7083315 0.7083822 0.7083822 -9999.000 -9999.000 -9999.000 -9999.000 -9999.000 -9999.000 -9999.000 -9999.000 -9999.000 -9999.000 -9999.000 -9999.000 -9999.000 -9999.000 -9999.000 -9999.000 -9999.000 -9999.000 -9999.000 -9999.000 -9999.000 -9999.000 -9999.000 -9999.000 -9999.000 -9999.000 -9999.000 -9999.000
-9999.000 -9999.000 -9999.000 -9999.000 -9999.000 -9999.000 -9999.000 -9999.000 -9999.000 -9999.000 -9999.000 -9999.000 -9999.000 -9999.000 -9999.000 0.7117110 0.7121767 0.7123588 0.7123874 0.7122531 0.7120515 0.7118279 0.7115972 0.7113765 0.7111765 0.7109934 0.7108262 0.7106508 0.7103724 0.7104204 0.7104204 -9999.000 -9999.000 -9999.000 -9999.000 -9999.000 -9999.000 -9999.000 -9999.000 -9999.000 -9999.000 -9999.000 -9999.000 -9999.000 -9999.000 -9999.000 -9999.000 -9999.000 -9999.000 -9999.000 -9999.000 -9999.000 -9999.000 -9999.000 -9999.000 -9999.000 -9999.000 -9999.000 -9999.000
-9999.000 -9999.000 -9999.000 -9999.000 -9999.000 -9999.000 -9999.000 -9999.000 -9999.000 -9999.000 -9999.000 -9999.000 -9999.000 -9999.000 -9999.000 0.7136785 0.7141687 0.7143589 0.7143924 0.7142576 0.7140546 0.7138302 0.7135990 0.7133785 0.7131795 0.7129972 0.7128302 0.7126528 0.7123640 0.7123926 0.7123926 -9999.000 -9999.000 -9999.000 -9999.000 -9999.000 -9999.000 -9999.000 -9999.000 -9999.000 -9999.000 -9999.000 -9999.000 -9999.000 -9999.000 -9999.000 -9999.000 -9999.000 -9999.000 -9999.000 -9999.000 -9999.000 -9999.000 -9999.000 -9999.000 -9999.000 -9999.000 -9999.000 -9999.000
-9999.000 -9999.000 -9999.000 -9999.000 -9999.000 -9999.000 -9999.000 -9999.000 -9999.000 -9999.000 -9999.000 -9999.000 -9999.000 -9999.000 -9999.000 0.7156646 0.7161742 0.7163708 0.7164066 0.7162681 0.7160602 0.7158313 0.7155956 0.7153712 0.7151692 0.7149838 0.7148134 0.7146307 0.7143272 0.7143234 0.7143234 -9999.000 -9999.000 -9999.000 -9999.000 -9999.000 -9999.000 -9999.000 -9999.000 -9999.000 -9999.000 -9999.000 -9999.000 -9999.000 -9999.000 -9999.000 -9999.000 -9999.000 -9999.000 -9999.000 -9999.000 -9999.000 -9999.000 -9999.000 -9999.000 -9999.000 -9999.000 -9999.000 -9999.000
-9999.000 -9999.000 -9999.000 -9999.000 -9999.000 -9999.000 -9999.000 -9999.000 -9999.000 -9999.000 -9999.000 -9999.000 -9999.000 -9999.000 -9999.000 0.7176561 0.7181833 0.7183849 0.7184219 0.7182778 0.7180633 0.7178280 0.7175859 0.7173557 0.7171488 0.7169584 0.7167829 0.7165928 0.7162707 0.7162221 0.7162221 -9999.000 -9999.000 -9999.000 -9999.000 -9999.000 -9999.000 -9999.000 -9999.000 -9999.000 -9999.000 -9999.000 -9999.000 -9999.000 -9999.000 -9999.000 -9999.000 -9999.000 -9999.000 -9999.000 -9999.000 -9999.000 -9999.000 -9999.000 -9999.000 -9999.000 -9999.000 -9999.000 -9999.000
-9999.000 -9999.000 -9999.000 -9999.000 -9999.000 -9999.000 -9999.000 -9999.000 -9999.000 -9999.000 -9999.000 -9999.000 -9999.000 -9999.000 -9999.000 0.7196469 0.7201907 0.7203966 0.7204342 0.7202832 0.7200610 0.7198186 0.7195690 0.7193319 0.7191195 0.7189230 0.7187413 0.7185421 0.7181979 0.7180901 0.7180901 -9999.000 -9999.000 -9999.000 -9999.000 -9999.000 -9999.000 -9999.000 -9999.000 -9999.000 -9999.000 -9999.000 -9999.000 -9999.000 -9999.000 -9999.000 -9999.000 -9999.000 -9999.000 -9999.000 -9999.000 -9999.000 -9999.000 -9999.000 -9999.000 -9999.000 -9999.000 -9999.000 -9999.000
-9999.000 -9999.000 -9999.000 -9999.000 -9999.000 -9999.000 -9999.000 -9999.000 -9999.000 -9999.000 -9999.000 -9999.000 -9999.000 -9999.000 -9999.000 0.7216340 0.7221941 0.7224035 0.7224410 0.7222820 0.7220514 0.7218013 0.7215438 0.7212994 0.7210810 0.7208776 0.7206889 0.7204793 0.7201089 0.7199241 0.7199241 -9999.000 -9999.000 -9999.000 -9999.000 -9999.000 -9999.000 -9999.000 -9999.000 -9999.000 -9999.000 -9999.000 -9999.000 -9999.000 -9999.000 -9999.000 -9999.000 -9999.000 -9999.000 -9999.000 -9999.000 -9999.000 -9999.000 -9999.000 -9999.000 -9999.000 -9999.000 -9999.000 -9999.000
-9999.000 -9999.000 -9999.000 -9999.000 -9999.000 -9999.000 -9999.000 -9999.000 -9999.000 -9999.000 -9999.000 -9999.000 -9999.000 -9999.000 -9999.000 0.7236153 0.7241918 0.7244038 0.7244406 0.7242726 0.7240329 0.7237748 0.7235089 0.7232568 0.7230322 0.7228215 0.7226251 0.7224036 0.7220024 0.7217171 0.7217171 -9999.000 -9999.000 -9999.000 -9999.000 -9999.000 -9999.000 -9999.000 -9999.000 -9999.000 -9999.000 -9999.000 -9999.000 -9999.000 -9999.000 -9999.000 -9999.000 -9999.000 -9999.000 -9999.000 -9999.000 -9999.000 -9999.000 -9999.000 -9999.000 -9999.000 -9999.000 -9999.000 -9999.000
-9999.000 -9999.000 -9999.000 -9999.000 -9999.000 -9999.000 -9999.000 -9999.000 -9999.000 -9999.000 -9999.000 -9999.000 -9999.000 -9999.000 -9999.000 0.7255896 0.7261825 0.7263961 0.7264316 0.7262532 0.7260038 0.7257374 0.7254627 0.7252027 0.7249718 0.7247532 0.7245485 0.7243134 0.7238757 0.7234582 0.7234582 -9999.000 -9999.000 -9999.000 -9999.000 -9999.000 -9999.000 -9999.000 -9999.000 -9999.000 -9999.000 -9999.000 -9999.000 -9999.000 -9999.000 -9999.000 -9999.000 -9999.000 -9999.000 -9999.000 -9999.000 -9999.000 -9999.000 -9999.000 -9999.000 -9999.000 -9999.000 -9999.000 -9999.000
-9999.000 -9999.000 -9999.000 -9999.000 -9999.000 -9999.000 -9999.000 -9999.000 -9999.000 -9999.000 -9999.000 -9999.000 -9999.000 -9999.000 -9999.000 0.7275551 0.7281646 0.7283788 0.7284120 0.7282220 0.7279621 0.7276872 0.7274033 0.7271351 0.7268978 0.7266707 0.7264569 0.7262062 0.7257249 0.7251318 0.7251318 -9999.000 -9999.000 -9999.000 -9999.000 -9999.000 -9999.000 -9999.000 -9999.000 -9999.000 -9999.000 -9999.000 -9999.000 -9999.000 -9999.000 -9999.000 -9999.000 -9999.000 -9999.000 -9999.000 -9999.000 -9999.000 -9999.000 -9999.000 -9999.000 -9999.000 -9999.000 -9999.000 -9999.000
-9999.000 -9999.000 -9999.000 -9999.000 -9999.000 -9999.000 -9999.000 -9999.000 -9999.000 -9999.000 -9999.000 -9999.000 -9999.000 -9999.000 -9999.000 0.7295098 0.7301364 0.7303499 0.7303798 0.7301763 0.7299053 0.7296215 0.7293281 0.7290512 0.7288077 0.7285712 0.7283472 0.7280782 0.7275448 0.7267146 0.7267146 -9999.000 -9999.000 -9999.000 -9999.000 -9999.000 -9999.000 -9999.000 -9999.000 -9999.000 -9999.000 -9999.000 -9999.000 -9999.000 -9999.000 -9999.000 -9999.000 -9999.000 -9999.000 -9999.000 -9999.000 -9999.000 -9999.000 -9999.000 -9999.000 -9999.000 -9999.000 -9999.000 -9999.000
-9999.000 -9999.000 -9999.000 -9999.000 -9999.000 -9999.000 -9999.000 -9999.000 -9999.000 -9999.000 -9999.000 -9999.000 -9999.000 -9999.000 -9999.000 0.7314472 0.7320924 0.7323043 0.7323315 0.7321138 0.7318310 0.7315382 0.7312344 0.7309486 0.7306985 0.7304514 0.7302159 0.7299250 0.7293278 0.7281716 0.7281716 -9999.000 -9999.000 -9999.000 -9999.000 -9999.000 -9999.000 -9999.000 -9999.000 -9999.000 -9999.000 -9999.000 -9999.000 -9999.000 -9999.000 -9999.000 -9999.000 -9999.000 -9999.000 -9999.000 -9999.000 -9999.000 -9999.000 -9999.000 -9999.000 -9999.000 -9999.000 -9999.000 -9999.000
-9999.000 -9999.000 -9999.000 -9999.000 -9999.000 -9999.000 -9999.000 -9999.000 -9999.000 -9999.000 -9999.000 -9999.000 -9999.000 -9999.000 -9999.000 0.7331627 0.7338730 0.7341461 0.7342703 0.7340825 0.7337892 0.7334852 0.7331660 0.7328649 0.7326022 0.7323375 0.7320839 0.7317624 0.7310840 0.7294728 0.7294728 -9999.000 -9999.000 -9999.000 -9999.000 -9999.000 -9999.000 -9999.000 -9999.000 -9999.000 -9999.000 -9999.000 -9999.000 -9999.000 -9999.000 -9999.000 -9999.000 -9999.000 -9999.000 -9999.000 -9999.000 -9999.000 -9999.000 -9999.000 -9999.000 -9999.000 -9999.000 -9999.000 -9999.000
-9999.000 -9999.000 -9999.000 -9999.000 -9999.000 -9999.000 -9999.000 -9999.000 -9999.000 -9999.000 -9999.000 -9999.000 -9999.000 -9999.000 -9999.000 0.7231030 0.7312793 0.7357864 0.7387404 0.7392185 0.7384185 0.7376092 0.7368155 0.7360964 0.7354853 0.7349264 0.7344292 0.7338815 0.7328972 0.7299557 0.7299557 -9999.000 -9999.000 -9999.000 -9999.000 -9999.000 -9999.000 -9999.000 -9999.000 -9999.000 -9999.000 -9999.000 -9999.000 -9999.000 -9999.000 -9999.000 -9999.000 -9999.000 -9999.000 -9999.000 -9999.000 -9999.000 -9999.000 -9999.000 -9999.000 -9999.000 -9999.000 -9999.000 -9999.000
0.8252251 0.8252251 0.8262210 0.8024509 0.7979359 0.7979359 0.7943727 0.7884488 0.7884488 0.7834918 0.7834918 0.7792041 0.7772505 0.7753999 0.7736390 0.7736390 0.7395782 0.7383491 0.7371498 0.7361394 0.7372611 0.7389007 0.7408552 0.7433474 0.7463359 0.7490070 0.7513529 0.7521543 0.7475410 0.7221176 0.7221176 0.5187231 0.4807832 0.4556219 0.4468721 0.4468721 0.4318440 0.4318440 0.4276446 0.4276446 0.4340019 0.4709558 0.4709558 0.5435055 0.5435055 0.6403505 0.6403505 0.6403505 0.6483161 0.6483161 0.6410598 0.6410598 0.6275638 0.6275638 0.6123899 0.6123899 0.5977663 0.5977663 0.5977663
0.8222997 0.8222997 0.8250244 0.8014958 0.7968791 0.7968791 0.7932746 0.7873451 0.7873451 0.7824069 0.7824069 0.7781380 0.7761926 0.7743498 0.7725967 0.7725967 0.7439674 0.7382874 0.7333782 0.7288919 0.7256219 0.7231758 0.7215332 0.7208712 0.7212550 0.7223915 0.7242144 0.7262045 0.7267495 0.7200444 0.7200444 0.5846964 0.5303858 0.4746136 0.4582036 0.4582036 0.4371224 0.4371224 0.4323401 0.4323401 0.4384375 0.4719519 0.4719519 0.5330510 0.5330510 0.6311812 0.6311812 0.6311812 0.6458635 0.6458635 0.6406632 0.6406632 0.6278482 0.6278482 0.6129684 0.6129684 0.5984750 0.5984750 0.5984750
0.8208836 0.8208836 0.8244256 0.8016210 0.7969553 0.7969553 0.7932863 0.7873073 0.7873073 0.7823625 0.7823625 0.7780907 0.7761427 0.7742975 0.7725415 0.7725415 0.7474369 0.7381552 0.7296926 0.7219315 0.7153909 0.7100331 0.7058226 0.7028331 0.7011204 0.7005310 0.7009818 0.7021289 0.7028029 0.6986898 0.6986898 0.6159456 0.5607024 0.4920955 0.4705320 0.4705320 0.4453461 0.4453461 0.4442633 0.4442633 0.4533795 0.4878211 0.4878211 0.5363004 0.5363004 0.6200526 0.6200526 0.6200526 0.6397456 0.6397456 0.6379833 0.6379833 0.6267016 0.6267016 0.6124552 0.6124552 0.5982725 0.5982725 0.5982725
0.8199884 0.8199884 0.8235106 0.8017592 0.7970726 0.7970726 0.7933357 0.7873018 0.7873018 0.7823564 0.7823564 0.7780892 0.7761422 0.7742974 0.7725416 0.7725416 0.7498456 0.7376102 0.7257947 0.7148124 0.7051776 0.6970491 0.6904468 0.6853893 0.6818812 0.6797997 0.6790237 0.6792800 0.6797181 0.6772371 0.6772371 0.6262151 0.5784460 0.5083026 0.4847827 0.4847827 0.4605046 0.4605046 0.4675636 0.4675636 0.4804046 0.5126519 0.5126519 0.5449052 0.5449052 0.6062362 0.6062362 0.6062362 0.6284944 0.6284944 0.6313218 0.6313218 0.6230075 0.6230075 0.6103458 0.6103458 0.5970914 0.5970914 0.5970914
0.8195926 0.8195926 0.8222602 0.8019149 0.7971974 0.7971974 0.7933930 0.7872976 0.7872976 0.7823505 0.7823505 0.7780882 0.7761424 0.7742982 0.7725425 0.7725425 0.7508101 0.7360279 0.7211457 0.7070995 0.6945043 0.6836511 0.6746387 0.6674922 0.6621982 0.6586523 0.6567137 0.6561350 0.6562700 0.6549066 0.6549066 0.6235063 0.5854252 0.5212864 0.4998152 0.4998152 0.4849936 0.4849936 0.5035342 0.5035342 0.5178410 0.5408929 0.5408929 0.5553688 0.5553688 0.5923076 0.5923076 0.5923076 0.6137000 0.6137000 0.6208839 0.6208839 0.6166349 0.6166349 0.6066092 0.6066092 0.5950384 0.5950384 0.5950384
0.8200060 0.8200060 0.8204046 0.8020779 0.7973158 0.7973158 0.7934464 0.7872951 0.7872951 0.7823461 0.7823461 0.7780882 0.7761437 0.7743001 0.7725449 0.7725449 0.7500640 0.7328709 0.7151752 0.6982931 0.6829478 0.6695131 0.6581519 0.6489183 0.6418061 0.6367353 0.6335732 0.6321009 0.6318210 0.6311739 0.6311739 0.6122708 0.5838953 0.5318331 0.5175180 0.5175180 0.5219576 0.5219576 0.5490993 0.5490993 0.5596039 0.5671712 0.5671712 0.5656167 0.5656167 0.5806347 0.5806347 0.5806347 0.5978745 0.5978745 0.6077189 0.6077189 0.6077433 0.6077433 0.6011788 0.6011788 0.5920724 0.5920724 0.5920724
0.8200833 0.8200833 0.8194222 0.8021908 0.7973948 0.7973948 0.7934820 0.7872931 0.7872931 0.7823424 0.7823424 0.7780875 0.7761438 0.7743004 0.7725454 0.7725454 0.7473369 0.7276295 0.7072819 0.6878048 0.6699732 0.6541921 0.6406567 0.6294430 0.6205585 0.6139487 0.6095049 0.6070460 0.6061996 0.6059139 0.6059139 0.5951505 0.5759878 0.5435907 0.5433916 0.5433916 0.5722373 0.5722373 0.5959424 0.5959424 0.5977694 0.5886714 0.5886714 0.5749973 0.5749973 0.5723992 0.5723992 0.5723992 0.5832546 0.5832546 0.5933024 0.5933024 0.5968225 0.5968225 0.5940957 0.5940957 0.5881397 0.5881397 0.5881397
0.8201087 0.8201087 0.8190950 0.8022281 0.7974215 0.7974215 0.7934943 0.7872924 0.7872924 0.7823412 0.7823412 0.7780873 0.7761438 0.7743006 0.7725455 0.7725455 0.7422714 0.7197605 0.6968275 0.6749818 0.6549623 0.6371456 0.6217148 0.6087446 0.5982463 0.5901831 0.5844731 0.5809785 0.5794421 0.5792697 0.5792697 0.5741124 0.5643077 0.5640633 0.5850056 0.5850056 0.6294855 0.6294855 0.6352345 0.6352345 0.6273915 0.6052937 0.6052937 0.5835411 0.5835411 0.5676255 0.5676255 0.5676255 0.5712246 0.5712246 0.5791373 0.5791373 0.5846788 0.5846788 0.5855988 0.5855988 0.5832560 0.5832560 0.5832560
0.8200828 0.8200828 0.8194227 0.8021905 0.7973948 0.7973948 0.7934822 0.7872931 0.7872931 0.7823425 0.7823425 0.7780876 0.7761437 0.7743005 0.7725453 0.7725453 0.7343197 0.7085819 0.6830565 0.6590575 0.6371816 0.6177076 0.6007562 0.5863664 0.5745332 0.5652218 0.5583704 0.5538820 0.5516261 0.5515803 0.5515803 0.5513000 0.5534872 0.6036726 0.6450620 0.6450620 0.6808002 0.6808002 0.6631060 0.6631060 0.6482833 0.6182152 0.6182152 0.5913713 0.5913713 0.5656652 0.5656652 0.5656652 0.5622634 0.5622634 0.5664293 0.5664293 0.5723104 0.5723104 0.5761733 0.5761733 0.5775836 0.5775836 0.5775836
0.8200049 0.8200049 0.8204046 0.8020777 0.7973156 0.7973156 0.7934464 0.7872949 0.7872949 0.7823460 0.7823460 0.7780881 0.7761437 0.7743000 0.7725449 0.7725449 0.7226179 0.6931515 0.6650063 0.6390966 0.6157547 0.5950822 0.5770828 0.5617220 0.5489524 0.5387225 0.5309766 0.5256553 0.5228255 0.5236166 0.5236166 0.5306258 0.5533760 0.6671665 0.7124671 0.7124671 0.7160795 0.7160795 0.6812937 0.6812937 0.6628741 0.6285849 0.6285849 0.5984801 0.5984801 0.5656580 0.5656580 0.5656580 0.5561859 0.5561859 0.5559136 0.5559136 0.5606954 0.5606954 0.5665063 0.5665063 0.5714587 0.5714587 0.5714587
0.8195958 0.8195958 0.8222544 0.8019169 0.7971970 0.7971970 0.7933925 0.7872976 0.7872976 0.7823504 0.7823504 0.7780881 0.7761425 0.7742983 0.7725426 0.7725426 0.7057601 0.6720686 0.6413541 0.6138865 0.5895895 0.5682982 0.5498437 0.5340807 0.5208949 0.5102004 0.5019335 0.4960817 0.4932100 0.4977759 0.4977759 0.5218638 0.5813912 0.7409302 0.7655547 0.7655547 0.7356846 0.7356846 0.6933069 0.6933069 0.6734400 0.6369811 0.6369811 0.6046890 0.6046890 0.5667742 0.5667742 0.5667742 0.5524440 0.5524440 0.5478452 0.5478452 0.5506377 0.5506377 0.5573903 0.5573903 0.5653767 0.5653767 0.5653767
