simulation_files/asc/Depth____420.0.asc
NCOLS       216
NROWS       273
XLLCENTER        494.688995
YLLCENTER        787.867981
CELLSIZE           0.500
NODATA_VALUE     -9999.0
[rows 162 to 188 of 273, columns 118 to 176 of 216]
2.071911 2.747406 2.944752 2.981530 2.992113 3.001977 2.781276 2.211875 1.656373 0.7302223 0.1858042 0.1108893 0.1435749 0.1787288 0.1612435 0.1524475 0.1816665 0.1994165 0.2243334 0.2378683 0.2304958 0.1741976 0.1322243 0.1396159 0.1691914 0.1749728 0.1369044 0.8827834E-01 -9999.000 -9999.000 -9999.000 -9999.000 -9999.000 -9999.000 -9999.000 -9999.000 -9999.000 -9999.000 -9999.000 -9999.000 -9999.000 -9999.000 -9999.000 -9999.000 -9999.000 -9999.000 -9999.000 -9999.000 -9999.000 -9999.000 -9999.000 -9999.000 -9999.000 -9999.000 -9999.000 -9999.000 -9999.000 -9999.000 -9999.000
1.732552 2.653232 2.937450 2.970980 2.971319 2.561630 1.842828 1.119455 0.6289719 0.2063506 0.1818947 0.1549633 0.1591972 0.1425460 0.1607246 0.1748012 0.1833762 0.1876095 0.2252337 0.2565880 0.2427021 0.1698931 0.1392733 0.1505733 0.1912433 0.2047771 0.1790864 0.1327412 0.7304961E-01 -9999.000 -9999.000 -9999.000 -9999.000 -9999.000 -9999.000 -9999.000 -9999.000 -9999.000 -9999.000 -9999.000 -9999.000 -9999.000 -9999.000 -9999.000 -9999.000 -9999.000 -9999.000 -9999.000 -9999.000 -9999.000 -9999.000 -9999.000 -9999.000 -9999.000 -9999.000 -9999.000 -9999.000 -9999.000 -9999.000
1.171305 2.225136 2.817741 2.960717 2.538097 1.632999 -9999.000 0.1942600 0.1549089 0.1325064 0.1561821 0.1381542 0.1290920 0.1122636 0.1401347 0.1658586 0.1668707 0.1738842 0.2019635 0.2337873 0.2142171 0.1503999 0.1308022 0.1540245 0.2007898 0.2073061 0.1665072 0.1286262 0.6714325E-01 -9999.000 -9999.000 -9999.000 -9999.000 -9999.000 -9999.000 -9999.000 -9999.000 -9999.000 -9999.000 -9999.000 -9999.000 -9999.000 -9999.000 -9999.000 -9999.000 -9999.000 -9999.000 -9999.000 -9999.000 -9999.000 -9999.000 -9999.000 -9999.000 -9999.000 -9999.000 -9999.000 -9999.000 -9999.000 -9999.000
0.2366541 1.371615 2.378014 2.476202 1.597678 -9999.000 0.1415810 0.1658667 0.1384480 0.1094757 0.9800635E-01 0.9692124E-01 0.1116367 0.1050648 0.1307895 0.1617219 0.1769594 0.1997617 0.2269732 0.2420514 0.1772512 0.1355570 0.1277270 0.1519294 0.1954667 0.1938466 0.1623733 0.1177056 0.7296661E-01 0.3501481E-01 -9999.000 -9999.000 -9999.000 -9999.000 -9999.000 -9999.000 -9999.000 -9999.000 -9999.000 -9999.000 -9999.000 -9999.000 -9999.000 -9999.000 -9999.000 -9999.000 -9999.000 -9999.000 -9999.000 -9999.000 -9999.000 -9999.000 -9999.000 -9999.000 -9999.000 -9999.000 -9999.000 -9999.000 -9999.000
-9999.000 0.6900435 1.302038 1.199300 0.5082710 0.1695187 0.1948344 0.1738321 0.1616751 0.1323532 0.9442394E-01 0.8897589E-01 0.1004740 0.9216218E-01 0.1373688 0.1976413 0.2346466 0.2625649 0.2851798 0.2273430 0.1436599 0.1560945 0.1590515 0.1729440 0.1941077 0.1873123 0.1616900 0.1407038 0.1103113 0.6245051E-01 -9999.000 -9999.000 0.1836429E-01 -9999.000 -9999.000 -9999.000 -9999.000 -9999.000 -9999.000 -9999.000 -9999.000 -9999.000 -9999.000 -9999.000 -9999.000 -9999.000 -9999.000 -9999.000 -9999.000 -9999.000 -9999.000 -9999.000 -9999.000 -9999.000 -9999.000 -9999.000 -9999.000 -9999.000 -9999.000
-9999.000 -9999.000 -9999.000 0.2471969 0.1842123 0.2351623 0.2059264 0.1960819 0.2006130 0.1730296 0.1473474 0.1330522 0.1175111 0.1049037 0.1626777 0.2477809 0.2655360 0.2719305 0.2596962 0.1703527 0.1068728 0.1627024 0.1746050 0.1867759 0.1823368 0.1426919 0.1353745 0.1439074 0.1416956 0.9634530E-01 -9999.000 -9999.000 -9999.000 -9999.000 -9999.000 -9999.000 -9999.000 -9999.000 -9999.000 -9999.000 -9999.000 -9999.000 -9999.000 -9999.000 -9999.000 -9999.000 -9999.000 -9999.000 -9999.000 -9999.000 -9999.000 -9999.000 -9999.000 -9999.000 -9999.000 -9999.000 -9999.000 -9999.000 -9999.000
-9999.000 -9999.000 -9999.000 0.1317006 0.2373312 0.2385810 0.2383474 0.2451885 0.2476791 0.2292223 0.2148666 0.1998338 0.1688933 0.1360673 0.1614435 0.2075069 0.2230884 0.2156057 0.1774813 0.1570581 0.1188265 0.1538174 0.1785670 0.1975020 0.1903110 0.1326903 0.1189852 0.1480958 0.1610683 0.1373407 0.7994215E-01 0.4756526E-01 0.3995469E-01 0.3081811E-01 -9999.000 -9999.000 -9999.000 -9999.000 -9999.000 -9999.000 -9999.000 -9999.000 -9999.000 -9999.000 -9999.000 -9999.000 -9999.000 -9999.000 -9999.000 -9999.000 -9999.000 -9999.000 -9999.000 -9999.000 -9999.000 -9999.000 -9999.000 -9999.000 -9999.000
-9999.000 -9999.000 -9999.000 0.1282593 0.1557051 0.1925123 0.2446681 0.2690953 0.2491357 0.2259680 0.2257105 0.2279521 0.1876529 0.1343435 0.1197855 0.1068697 0.1463426 0.1363214 0.1621105 0.2003313 0.1615917 0.1889385 0.2235940 0.2564862 0.2496869 0.1784756 0.1397533 0.1504609 0.1655752 0.1580314 0.1049944 0.6715999E-01 0.5688821E-01 0.3876862E-01 -9999.000 -9999.000 -9999.000 -9999.000 -9999.000 -9999.000 -9999.000 -9999.000 -9999.000 -9999.000 -9999.000 -9999.000 -9999.000 -9999.000 -9999.000 -9999.000 -9999.000 -9999.000 -9999.000 -9999.000 -9999.000 -9999.000 -9999.000 -9999.000 -9999.000
-9999.000 -9999.000 -9999.000 0.7341892E-01 0.1037926 0.1698939 0.2364993 0.2510994 0.2454550 0.2420201 0.2162564 0.1784230 0.1192772 0.1003250 0.1115529 0.1364551 0.1568694 0.1479420 0.1729168 0.1859916 0.1601275 0.2053618 0.2781580 0.3240034 0.3032988 0.2118079 0.1540992 0.1591290 0.1717921 0.1829972 0.1360294 0.1000091 0.9067076E-01 0.7084563E-01 0.4371362E-01 -9999.000 -9999.000 -9999.000 -9999.000 -9999.000 -9999.000 -9999.000 -9999.000 -9999.000 -9999.000 -9999.000 -9999.000 -9999.000 -9999.000 -9999.000 -9999.000 -9999.000 -9999.000 -9999.000 -9999.000 -9999.000 -9999.000 -9999.000 -9999.000
-9999.000 -9999.000 -9999.000 -9999.000 -9999.000 0.1084869 0.1699423 0.2136243 0.2397874 0.2546844 0.2056512 0.1192158 0.7513051E-01 0.6566027E-01 0.1107581 0.1830202 0.2194813 0.2380544 0.1912838 0.1195778 0.9892203E-01 0.1820714 0.2978862 0.3387434 0.2814760 0.1999593 0.1701828 0.1890318 0.2119359 0.2151337 0.1696111 0.1416711 0.1475326 0.1305894 0.1027481 0.8881738E-01 0.7933329E-01 0.5877455E-01 -9999.000 -9999.000 -9999.000 -9999.000 -9999.000 -9999.000 -9999.000 -9999.000 -9999.000 -9999.000 -9999.000 -9999.000 -9999.000 -9999.000 -9999.000 -9999.000 -9999.000 -9999.000 -9999.000 -9999.000 -9999.000
-9999.000 -9999.000 -9999.000 -9999.000 -9999.000 0.6786359E-01 0.1101243 0.1589161 0.2177540 0.2511103 0.2241065 0.1579378 0.1143621 0.1059907 0.1406371 0.2023108 0.2344051 0.2645438 0.2322040 0.1467409 0.1240761 0.1956258 0.2855798 0.2952752 0.2494009 0.1874789 0.1741993 0.1761231 0.2066384 0.2403695 0.2070425 0.1950805 0.2031801 0.1984949 0.1507431 0.1341686 0.1315900 0.9498691E-01 0.4134964E-01 -9999.000 -9999.000 -9999.000 -9999.000 -9999.000 -9999.000 -9999.000 -9999.000 -9999.000 -9999.000 -9999.000 -9999.000 -9999.000 -9999.000 -9999.000 -9999.000 -9999.000 -9999.000 -9999.000 -9999.000
-9999.000 -9999.000 -9999.000 -9999.000 -9999.000 0.7275183E-01 0.1132806 0.1518997 0.2090983 0.2417761 0.2394509 0.2117261 0.1701136 0.1584665 0.1792073 0.2051012 0.2281550 0.2776524 0.2865366 0.2483326 0.2345712 0.2370614 0.2451825 0.2472578 0.1857771 0.1599436 0.1510275 0.1394894 0.1674188 0.2139248 0.1995512 0.1979629 0.2142828 0.2114442 0.1903024 0.1670792 0.1620668 0.1447739 0.8336182E-01 -9999.000 -9999.000 -9999.000 -9999.000 -9999.000 -9999.000 -9999.000 -9999.000 -9999.000 -9999.000 -9999.000 -9999.000 -9999.000 -9999.000 -9999.000 -9999.000 -9999.000 -9999.000 -9999.000 -9999.000
-9999.000 -9999.000 -9999.000 -9999.000 -9999.000 -9999.000 0.1341274 0.1507605 0.1933418 0.2298881 0.2560977 0.2383418 0.1973399 0.1657384 0.1639262 0.1737088 0.2088100 0.2762675 0.2996092 0.2980373 0.3109860 0.2412170 0.1985733 0.1767338 0.1616362 0.1427975 0.1343647 0.1384898 0.1614546 0.1922116 0.1720238 0.1627399 0.1790289 0.1962221 0.1864256 0.1601232 0.1665826 0.1661463 0.1134164 0.6691281E-01 -9999.000 -9999.000 -9999.000 -9999.000 -9999.000 -9999.000 -9999.000 -9999.000 -9999.000 -9999.000 -9999.000 -9999.000 -9999.000 -9999.000 -9999.000 -9999.000 -9999.000 -9999.000 -9999.000
-9999.000 -9999.000 -9999.000 -9999.000 -9999.000 -9999.000 -9999.000 0.1016443 0.1490277 0.2216274 0.2713433 0.2495718 0.1947934 0.1403404 0.1155076 0.1072117 0.1616046 0.2627858 0.2655852 0.2406274 0.2021384 0.1645027 0.1586669 0.1986568 0.2296701 0.1702764 0.1504080 0.1665958 0.1833613 0.2030561 0.1979928 0.1782501 0.1748372 0.1920086 0.1618656 0.1063668 0.1074021 0.1381296 0.1279689 0.1002748 -9999.000 -9999.000 -9999.000 -9999.000 -9999.000 -9999.000 -9999.000 -9999.000 -9999.000 -9999.000 -9999.000 -9999.000 -9999.000 -9999.000 -9999.000 -9999.000 -9999.000 -9999.000 -9999.000
-9999.000 -9999.000 -9999.000 -9999.000 -9999.000 -9999.000 -9999.000 0.4016483E-01 0.8049165E-01 0.1745263 0.2284318 0.2258518 0.1681480 0.1043227 0.7324423E-01 0.5286290E-01 0.9212330E-01 0.1808347 0.1745431 0.1440982 0.1198623 0.1253525 0.1598385 0.2409669 0.2770590 0.2259876 0.2166171 0.2317264 0.2343238 0.2422262 0.2616878 0.2679640 0.2254875 0.1793859 0.1073368 0.5491361E-01 0.1001091 0.1513705 0.1603914 0.1069840 0.4713730E-01 -9999.000 -9999.000 -9999.000 -9999.000 -9999.000 -9999.000 -9999.000 -9999.000 -9999.000 -9999.000 -9999.000 -9999.000 -9999.000 -9999.000 -9999.000 -9999.000 -9999.000 -9999.000
-9999.000 -9999.000 -9999.000 -9999.000 -9999.000 -9999.000 -9999.000 -9999.000 0.4325786E-01 0.1123374 0.1806793 0.2014853 0.1709470 0.1000448 0.6327808E-01 0.3758102E-01 0.4487565E-01 0.9009688E-01 0.1102969 0.1194265 0.1472723 0.1513992 0.1592619 0.2360309 0.2818369 0.2667392 0.2639615 0.2593133 0.2314355 0.2268713 0.2898149 0.2992854 0.2594184 0.1738517 0.8710152E-01 0.9801654E-01 0.1431257 0.1584281 0.1413799 0.1084451 0.6837660E-01 -9999.000 -9999.000 -9999.000 -9999.000 -9999.000 -9999.000 -9999.000 -9999.000 -9999.000 -9999.000 -9999.000 -9999.000 -9999.000 -9999.000 -9999.000 -9999.000 -9999.000 -9999.000
-9999.000 -9999.000 -9999.000 -9999.000 -9999.000 -9999.000 -9999.000 -9999.000 0.2336006E-01 0.7799247E-01 0.1745918 0.2013978 0.1870524 0.1355259 0.8995145E-01 0.5612112E-01 0.3552838E-01 0.5213095E-01 0.7735148E-01 0.1048115 0.1465560 0.1849080 0.1862313 0.2300139 0.2847171 0.2763244 0.2447136 0.1962660 0.1245417 0.1449162 0.2288412 0.2429362 0.2362794 0.1824990 0.1493773 0.1687639 0.1796498 0.1624443 0.1435066 0.1566391 0.1238465 0.6058231E-01 -9999.000 -9999.000 -9999.000 -9999.000 -9999.000 -9999.000 -9999.000 -9999.000 -9999.000 -9999.000 -9999.000 -9999.000 -9999.000 -9999.000 -9999.000 -9999.000 -9999.000
-9999.000 -9999.000 -9999.000 -9999.000 -9999.000 -9999.000 -9999.000 -9999.000 -9999.000 0.4970928E-01 0.1276640 0.1714998 0.1851244 0.1612197 0.1221369 0.6496806E-01 0.3009314E-01 0.3327084E-01 0.5579627E-01 0.8673124E-01 0.1421359 0.2050458 0.2116105 0.2281261 0.2753879 0.2389918 0.1766137 0.1137236 0.1281002 0.1544278 0.1733950 0.1762477 0.1868347 0.1715821 0.1741071 0.2112468 0.2054204 0.1771647 0.1879079 0.2084224 0.1639174 -9999.000 -9999.000 -9999.000 -9999.000 -9999.000 -9999.000 -9999.000 -9999.000 -9999.000 -9999.000 -9999.000 -9999.000 -9999.000 -9999.000 -9999.000 -9999.000 -9999.000 -9999.000
-9999.000 -9999.000 -9999.000 -9999.000 -9999.000 -9999.000 -9999.000 -9999.000 -9999.000 0.4004287E-01 0.9088694E-01 0.1421704 0.1815532 0.1979050 0.1570153 0.8654084E-01 0.3198754E-01 0.2109059E-01 0.4095110E-01 0.7653569E-01 0.1264398 0.1746421 0.1773421 0.2066431 0.2287272 0.1786321 0.1104596 0.1038619 0.1656933 0.2108676 0.1956880 0.1672043 0.1695917 0.1566373 0.1700382 0.2204871 0.2089917 0.1790433 0.2027876 0.2371460 0.1966256 0.1083873 -9999.000 -9999.000 -9999.000 -9999.000 -9999.000 -9999.000 -9999.000 -9999.000 -9999.000 -9999.000 -9999.000 -9999.000 -9999.000 -9999.000 -9999.000 -9999.000 -9999.000
-9999.000 -9999.000 -9999.000 -9999.000 -9999.000 -9999.000 -9999.000 -9999.000 -9999.000 -9999.000 0.3410134E-01 0.8535417E-01 0.1712509 0.2179839 0.1989283 0.1299185 0.4459537E-01 0.1949247E-01 0.2360346E-01 0.4797064E-01 0.9068617E-01 0.1198546 0.1178205 0.1580263 0.1980591 0.1727830 0.1638288 0.1703814 0.2178588 0.2454955 0.2472227 0.2135549 0.2238505 0.2251683 0.2322862 0.2560047 0.2292974 0.2166250 0.2289290 0.2502914 0.2271167 0.1502216 0.9024556E-01 -9999.000 -9999.000 -9999.000 -9999.000 -9999.000 -9999.000 -9999.000 -9999.000 -9999.000 -9999.000 -9999.000 -9999.000 -9999.000 -9999.000 -9999.000 -9999.000
-9999.000 -9999.000 -9999.000 -9999.000 -9999.000 -9999.000 -9999.000 -9999.000 -9999.000 -9999.000 -9999.000 0.4674292E-01 0.1264076 0.1951296 0.2030317 0.1558848 0.7988873E-01 0.4175997E-01 0.1528411E-01 0.3025280E-01 0.6035585E-01 0.7044672E-01 0.5749948E-01 0.1097888 0.2066919 0.2127284 0.2154855 0.2563551 0.2608769 0.2366745 0.2572047 0.2963098 0.3237913 0.3483837 0.3248053 0.2856193 0.2642119 0.2714311 0.2743251 0.2797435 0.2508359 0.1957248 0.1281573 0.5166976E-01 -9999.000 -9999.000 -9999.000 -9999.000 -9999.000 -9999.000 -9999.000 -9999.000 -9999.000 -9999.000 -9999.000 -9999.000 -9999.000 -9999.000 -9999.000
-9999.000 -9999.000 -9999.000 -9999.000 -9999.000 -9999.000 -9999.000 -9999.000 -9999.000 -9999.000 -9999.000 -9999.000 0.1054026 0.1783780 0.2054626 0.1799128 0.1316659 0.7265818E-01 0.3066955E-01 0.3377330E-01 0.5783381E-01 0.5197359E-01 0.4512389E-01 0.9577316E-01 0.1683780 0.1865243 0.2117074 0.2777346 0.2968104 0.2500090 0.2623850 0.3314758 0.3562848 0.3656314 0.3544235 0.3070435 0.2898725 0.2858789 0.2926889 0.2957777 0.2790576 0.2561107 0.1707483 0.7279155E-01 -9999.000 -9999.000 -9999.000 -9999.000 -9999.000 -9999.000 -9999.000 -9999.000 -9999.000 -9999.000 -9999.000 -9999.000 -9999.000 -9999.000 -9999.000
-9999.000 -9999.000 -9999.000 -9999.000 -9999.000 -9999.000 -9999.000 -9999.000 -9999.000 -9999.000 -9999.000 -9999.000 0.9578755E-01 0.1816360 0.2143451 0.2103951 0.1747979 0.1176192 0.6039820E-01 0.4320547E-01 0.4911231E-01 0.4263858E-01 0.4902634E-01 0.7864073E-01 0.1030271 0.1144844 0.1580662 0.2364268 0.2850712 0.2722516 0.2936648 0.3414961 0.3240598 0.3107705 0.3152309 0.3057142 0.2636634 0.2655232 0.2675463 0.2801010 0.2852240 0.2709134 0.2202508 0.1211002 0.5241234E-01 -9999.000 -9999.000 -9999.000 -9999.000 -9999.000 -9999.000 -9999.000 -9999.000 -9999.000 -9999.000 -9999.000 -9999.000 -9999.000 -9999.000
-9999.000 -9999.000 -9999.000 -9999.000 -9999.000 -9999.000 -9999.000 -9999.000 -9999.000 -9999.000 -9999.000 0.1237026E-01 0.9150214E-01 0.1790093 0.2246528 0.2274061 0.2068680 0.1590527 0.8879428E-01 0.5576588E-01 0.4846279E-01 0.5738746E-01 0.7105409E-01 0.7512462E-01 0.6644262E-01 0.7600866E-01 0.1145748 0.1732199 0.2259880 0.2503587 0.3180436 0.3016642 0.2369169 0.2445817 0.2651255 0.2053689 0.1663198 0.1483343 0.1750169 0.2006275 0.2293998 0.2394625 0.2140038 0.1482258 0.1108213 -9999.000 -9999.000 -9999.000 -9999.000 -9999.000 -9999.000 -9999.000 -9999.000 -9999.000 -9999.000 -9999.000 -9999.000 -9999.000 -9999.000
-9999.000 -9999.000 -9999.000 -9999.000 -9999.000 -9999.000 -9999.000 -9999.000 -9999.000 -9999.000 -9999.000 -9999.000 -9999.000 0.1523536 0.2143736 0.2255894 0.2168150 0.1746791 0.1182900 0.6050849E-01 0.3846112E-01 0.4567789E-01 0.6553680E-01 0.6616233E-01 0.6097203E-01 0.8620096E-01 0.1367764 0.1796170 0.2135477 0.2409264 0.2535229 0.2062498 0.1797392 0.2719153 0.2985447 0.2454158 0.1693949 0.1479936 0.1605476 0.1738050 0.1945497 0.2145387 0.2087145 0.1766225 0.1389452 0.9196933E-01 -9999.000 -9999.000 -9999.000 -9999.000 -9999.000 -9999.000 -9999.000 -9999.000 -9999.000 -9999.000 -9999.000 -9999.000 -9999.000
-9999.000 -9999.000 -9999.000 -9999.000 -9999.000 -9999.000 -9999.000 -9999.000 -9999.000 -9999.000 -9999.000 -9999.000 -9999.000 0.1269368 0.1867195 0.1975355 0.2105570 0.1791633 0.1026200 0.5765187E-01 0.3360905E-01 0.2399791E-01 0.3464475E-01 0.5254241E-01 0.6691549E-01 0.1054902 0.1788239 0.2046963 0.2014586 0.1837229 0.1866270 0.1759676 0.1860547 0.2758260 0.3415982 0.3221309 0.2605165 0.1892824 0.1920740 0.2195516 0.2289256 0.2162930 0.2092485 0.1765585 0.1281294 0.7989623E-01 -9999.000 -9999.000 -9999.000 -9999.000 -9999.000 -9999.000 -9999.000 -9999.000 -9999.000 -9999.000 -9999.000 -9999.000 -9999.000
-9999.000 -9999.000 -9999.000 -9999.000 -9999.000 -9999.000 -9999.000 -9999.000 -9999.000 -9999.000 -9999.000 -9999.000 -9999.000 0.1212362 0.1677767 0.1707374 0.1924509 0.1732887 0.1171645 0.8526893E-01 0.5539530E-01 0.3023191E-01 0.2318291E-01 0.3111025E-01 0.4853626E-01 0.8535223E-01 0.1292201 0.1404670 0.1643459 0.1628282 0.1978725 0.2292677 0.2128178 0.2470659 0.2960321 0.2891108 0.2591234 0.2254903 0.2201590 0.2262650 0.1992164 0.1889301 0.1993988 0.1876604 0.1658439 0.1290487 0.9190977E-01 0.5932406E-01 -9999.000 -9999.000 -9999.000 -9999.000 -9999.000 -9999.000 -9999.000 -9999.000 -9999.000 -9999.000 -9999.000
