simulation_files/asc/Depth____32.0.asc
NCOLS       411
NROWS       131
XLLCENTER    2538020.000000
YLLCENTER    1152390.000000
CELLSIZE           1.000
NODATA_VALUE     -9999.0
[rows 0 to 25 of 131, columns 300 to 359 of 411]
-9999.000 -9999.000 -9999.000 -9999.000 -9999.000 -9999.000 -9999.000 -9999.000 -9999.000 -9999.000 -9999.000 -9999.000 -9999.000 -9999.000 -9999.000 -9999.000 -9999.000 -9999.000 -9999.000 -9999.000 -9999.000 -9999.000 -9999.000 -9999.000 -9999.000 -9999.000 -9999.000 -9999.000 -9999.000 -9999.000 -9999.000 -9999.000 -9999.000 -9999.000 -9999.000 -9999.000 -9999.000 -9999.000 -9999.000 -9999.000 -9999.000 -9999.000 -9999.000 -9999.000 -9999.000 -9999.000 -9999.000 -9999.000 -9999.000 -9999.000 -9999.000 -9999.000 -9999.000 -9999.000 -9999.000 -9999.000 -9999.000 -9999.000 -9999.000 -9999.000
-9999.000 -9999.000 -9999.000 -9999.000 -9999.000 -9999.000 -9999.000 -9999.000 -9999.000 -9999.000 -9999.000 -9999.000 -9999.000 -9999.000 -9999.000 -9999.000 -9999.000 -9999.000 -9999.000 -9999.000 -9999.000 -9999.000 -9999.000 -9999.000 -9999.000 -9999.000 -9999.000 -9999.000 -9999.000 -9999.000 -9999.000 -9999.000 -9999.000 -9999.000 -9999.000 -9999.000 -9999.000 -9999.000 -9999.000 -9999.000 -9999.000 -9999.000 -9999.000 -9999.000 -9999.000 -9999.000 -9999.000 -9999.000 -9999.000 -9999.000 -9999.000 -9999.000 -9999.000 -9999.000 -9999.000 -9999.000 -9999.000 -9999.000 -9999.000 -9999.000
-9999.000 -9999.000 -9999.000 -9999.000 -9999.000 -9999.000 -9999.000 -9999.000 -9999.000 -9999.000 -9999.000 -9999.000 -9999.000 -9999.000 -9999.000 -9999.000 -9999.000 -9999.000 -9999.000 -9999.000 -9999.000 -9999.000 -9999.000 -9999.000 -9999.000 -9999.000 -9999.000 -9999.000 -9999.000 -9999.000 -9999.000 -9999.000 -9999.000 -9999.000 -9999.000 -9999.000 -9999.000 -9999.000 -9999.000 -9999.000 -9999.000 -9999.000 -9999.000 -9999.000 -9999.000 -9999.000 -9999.000 -9999.000 -9999.000 -9999.000 -9999.000 -9999.000 -9999.000 -9999.000 -9999.000 -9999.000 -9999.000 -9999.000 -9999.000 -9999.000
-9999.000 -9999.000 -9999.000 -9999.000 -9999.000 -9999.000 -9999.000 -9999.000 -9999.000 -9999.000 -9999.000 -9999.000 -9999.000 -9999.000 -9999.000 -9999.000 -9999.000 -9999.000 -9999.000 -9999.000 -9999.000 -9999.000 -9999.000 -9999.000 -9999.000 -9999.000 -9999.000 -9999.000 -9999.000 -9999.000 -9999.000 -9999.000 -9999.000 -9999.000 -9999.000 -9999.000 -9999.000 -9999.000 -9999.000 -9999.000 -9999.000 -9999.000 -9999.000 -9999.000 -9999.000 -9999.000 -9999.000 -9999.000 -9999.000 -9999.000 -9999.000 -9999.000 -9999.000 -9999.000 -9999.000 -9999.000 -9999.000 -9999.000 -9999.000 -9999.000
-9999.000 -9999.000 -9999.000 -9999.000 -9999.000 -9999.000 -9999.000 -9999.000 -9999.000 -9999.000 -9999.000 -9999.000 -9999.000 -9999.000 -9999.000 -9999.000 -9999.000 -9999.000 -9999.000 -9999.000 -9999.000 -9999.000 -9999.000 -9999.000 -9999.000 -9999.000 -9999.000 -9999.000 -9999.000 -9999.000 -9999.000 -9999.000 -9999.000 -9999.000 -9999.000 -9999.000 -9999.000 -9999.000 -9999.000 -9999.000 -9999.000 -9999.000 -9999.000 -9999.000 -9999.000 -9999.000 -9999.000 -9999.000 -9999.000 -9999.000 -9999.000 -9999.000 -9999.000 -9999.000 -9999.000 -9999.000 -9999.000 -9999.000 -9999.000 -9999.000
-9999.000 -9999.000 -9999.000 -9999.000 -9999.000 -9999.000 -9999.000 -9999.000 -9999.000 -9999.000 -9999.000 -9999.000 -9999.000 -9999.000 -9999.000 -9999.000 -9999.000 -9999.000 -9999.000 -9999.000 -9999.000 -9999.000 -9999.000 -9999.000 -9999.000 -9999.000 -9999.000 -9999.000 -9999.000 -9999.000 -9999.000 -9999.000 -9999.000 -9999.000 -9999.000 -9999.000 -9999.000 -9999.000 -9999.000 -9999.000 -9999.000 -9999.000 -9999.000 -9999.000 -9999.000 -9999.000 -9999.000 -9999.000 -9999.000 -9999.000 -9999.000 -9999.000 -9999.000 -9999.000 -9999.000 -9999.000 -9999.000 -9999.000 -9999.000 -9999.000
-9999.000 -9999.000 -9999.000 -9999.000 -9999.000 -9999.000 -9999.000 -9999.000 -9999.000 -9999.000 -9999.000 -9999.000 -9999.000 -9999.000 -9999.000 -9999.000 -9999.000 -9999.000 -9999.000 -9999.000 -9999.000 -9999.000 -9999.000 -9999.000 -9999.000 -9999.000 -9999.000 -9999.000 -9999.000 -9999.000 -9999.000 -9999.000 -9999.000 -9999.000 -9999.000 -9999.000 -9999.000 -9999.000 -9999.000 -9999.000 -9999.000 -9999.000 -9999.000 -9999.000 -9999.000 -9999.000 -9999.000 -9999.000 -9999.000 -9999.000 -9999.000 -9999.000 -9999.000 -9999.000 -9999.000 -9999.000 -9999.000 -9999.000 -9999.000 -9999.000
-9999.000 -9999.000 -9999.000 -9999.000 -9999.000 -9999.000 -9999.000 -9999.000 -9999.000 -9999.000 -9999.000 -9999.000 -9999.000 -9999.000 -9999.000 -9999.000 -9999.000 -9999.000 -9999.000 -9999.000 -9999.000 -9999.000 -9999.000 -9999.000 -9999.000 -9999.000 -9999.000 -9999.000 -9999.000 -9999.000 -9999.000 -9999.000 -9999.000 -9999.000 -9999.000 -9999.000 -9999.000 -9999.000 -9999.000 -9999.000 -9999.000 -9999.000 -9999.000 -9999.000 -9999.000 -9999.000 -9999.000 -9999.000 -9999.000 -9999.000 -9999.000 -9999.000 -9999.000 -9999.000 -9999.000 -9999.000 -9999.000 -9999.000 -9999.000 -9999.000
-9999.000 -9999.000 -9999.000 -9999.000 -9999.000 -9999.000 -9999.000 -9999.000 -9999.000 -9999.000 -9999.000 -9999.000 -9999.000 -9999.000 -9999.000 -9999.000 -9999.000 -9999.000 -9999.000 -9999.000 -9999.000 -9999.000 -9999.000 -9999.000 -9999.000 -9999.000 -9999.000 -9999.000 -9999.000 -9999.000 -9999.000 -9999.000 -9999.000 -9999.000 -9999.000 -9999.000 -9999.000 -9999.000 -9999.000 -9999.000 -9999.000 -9999.000 -9999.000 -9999.000 -9999.000 -9999.000 -9999.000 -9999.000 -9999.000 -9999.000 -9999.000 -9999.000 -9999.000 -9999.000 -9999.000 -9999.000 -9999.000 -9999.000 -9999.000 -9999.000
-9999.000 -9999.000 -9999.000 -9999.000 -9999.000 -9999.000 -9999.000 -9999.000 -9999.000 -9999.000 -9999.000 -9999.000 -9999.000 -9999.000 -9999.000 -9999.000 -9999.000 -9999.000 -9999.000 -9999.000 -9999.000 -9999.000 -9999.000 -9999.000 -9999.000 -9999.000 -9999.000 -9999.000 -9999.000 -9999.000 -9999.000 -9999.000 -9999.000 -9999.000 -9999.000 -9999.000 -9999.000 -9999.000 -9999.000 -9999.000 -9999.000 -9999.000 -9999.000 -9999.000 -9999.000 -9999.000 -9999.000 -9999.000 -9999.000 -9999.000 -9999.000 -9999.000 -9999.000 -9999.000 -9999.000 -9999.000 -9999.000 -9999.000 -9999.000 -9999.000
-9999.000 -9999.000 -9999.000 -9999.000 -9999.000 -9999.000 -9999.000 -9999.000 -9999.000 -9999.000 -9999.000 -9999.000 -9999.000 -9999.000 -9999.000 -9999.000 -9999.000 -9999.000 0.2968666E-01 -9999.000 0.1547876E-01 0.1650478E-01 0.1503794E-01 -9999.000 -9999.000 -9999.000 -9999.000 0.3680790E-01 0.6066271E-01 0.8536323E-01 0.8792611E-01 0.8551043E-01 0.8969225E-01 0.9228722E-01 0.9398312E-01 0.9292819E-01 0.9751261E-01 0.1056857 0.1102698 0.1121270 0.1105035 0.1084752 0.1118130 0.1102169 0.1079672 0.1027043 0.9245615E-01 0.8516850E-01 0.7010286E-01 0.6414801E-01 0.5664213E-01 0.5466504E-01 0.5563897E-01 0.4034113E-01 0.2275016E-01 0.1002852E-01 -9999.000 -9999.000 0.1109426E-01 0.1902518E-01
0.5491198E-01 0.7184283E-01 0.7993966E-01 0.8309893E-01 0.8191318E-01 0.6934731E-01 0.5765783E-01 0.5156952E-01 0.4880286E-01 0.4333391E-01 -9999.000 -9999.000 -9999.000 -9999.000 -9999.000 -9999.000 -9999.000 0.7485374E-01 0.7106431E-01 0.7196077E-01 0.5365604E-01 0.5039104E-01 0.5467655E-01 0.4877920E-01 0.4581756E-01 0.5296641E-01 0.7098668E-01 0.7843562E-01 0.8141489E-01 0.9509911E-01 0.1022101 0.1009988 0.1032464 0.1069585 0.1095079 0.1101249 0.1125772 0.1167665 0.1189313 0.1197743 0.1191106 0.1190363 0.1201346 0.1177540 0.1138592 0.1060712 0.1005199 0.9319000E-01 0.8194447E-01 0.7523231E-01 0.7162790E-01 0.6564081E-01 0.5919078E-01 0.5205110E-01 0.3818453E-01 0.2625665E-01 -9999.000 -9999.000 -9999.000 0.1833355E-01
0.1323706 0.1359655 0.1345860 0.1371235 0.1379044 0.1329749 0.1365146 0.1396029 0.1359925 0.1317172 0.1415080 0.1439577 0.1419744 0.1420335 0.1511803 0.1561412 0.1580458 0.1550869 0.1520580 0.1425306 0.1359834 0.1341792 0.1303417 0.1215534 0.1178107 0.1331411 0.1391769 0.1416986 0.1385978 0.1409376 0.1397318 0.1366016 0.1401488 0.1453322 0.1491290 0.1509380 0.1555902 0.1544972 0.1537342 0.1533819 0.1564604 0.1564490 0.1563930 0.1574767 0.1498476 0.1433021 0.1367557 0.1334726 0.1248266 0.1180415 0.1132894 0.1027839 0.9328893E-01 0.8400228E-01 0.7457633E-01 0.6130500E-01 0.3963604E-01 0.3847482E-01 -9999.000 -9999.000
0.2149496 0.2144627 0.2099569 0.2129665 0.2085129 0.2083538 0.2166658 0.2186867 0.2181084 0.2206480 0.2305465 0.2333120 0.2357100 0.2374157 0.2378207 0.2362289 0.2291143 0.2227937 0.2208159 0.2173640 0.2130187 0.2126115 0.2153955 0.2146609 0.2186962 0.2207343 0.2136973 0.2051275 0.2010278 0.1971853 0.1924054 0.1886653 0.1939782 0.1993985 0.2026092 0.2093643 0.2111311 0.2065200 0.2031792 0.2048181 0.2035925 0.2022150 0.2023878 0.2017209 0.1965176 0.1913305 0.1914388 0.1859196 0.1786453 0.1735148 0.1681269 0.1583822 0.1489482 0.1468445 0.1359287 0.1237118 0.1123371 0.1135304 0.1093818 0.1223821
0.2798293 0.2854702 0.2840670 0.2869101 0.2822078 0.2763882 0.2777275 0.2749326 0.2727124 0.2775275 0.2787369 0.2799953 0.2789167 0.2734413 0.2689366 0.2629237 0.2571496 0.2554447 0.2567543 0.2603411 0.2639127 0.2722966 0.2740071 0.2759929 0.2788240 0.2793207 0.2710139 0.2611571 0.2583484 0.2521709 0.2475806 0.2455187 0.2511032 0.2523364 0.2547779 0.2582375 0.2576779 0.2554308 0.2519645 0.2512536 0.2464756 0.2440191 0.2425872 0.2420848 0.2396429 0.2380904 0.2368791 0.2326389 0.2266438 0.2231688 0.2185621 0.2113493 0.2091882 0.2080941 0.2045839 0.2034043 0.2108365 0.2218058 0.2208285 0.2312414
0.3419788 0.3500817 0.3547071 0.3586558 0.3514020 0.3428249 0.3374307 0.3288749 0.3234354 0.3189325 0.3145384 0.3125838 0.3075977 0.3015155 0.2973846 0.2938563 0.2928244 0.2947577 0.2984767 0.3030859 0.3116746 0.3176230 0.3190455 0.3204669 0.3249788 0.3272054 0.3231175 0.3210227 0.3155268 0.3084591 0.3020784 0.3031068 0.3032319 0.3023850 0.3005582 0.3033411 0.3016371 0.2990861 0.2994402 0.2951741 0.2898476 0.2841647 0.2838222 0.2794435 0.2755693 0.2732674 0.2728946 0.2701703 0.2674254 0.2692758 0.2667477 0.2639076 0.2632518 0.2707309 0.2738396 0.2793718 0.2947041 0.3015569 0.3047485 0.3058657
0.3893219 0.3924819 0.3947936 0.3958597 0.3950364 0.3938329 0.3919304 0.3871201 0.3840231 0.3788288 0.3746420 0.3672343 0.3585185 0.3562890 0.3498990 0.3462069 0.3475081 0.3563421 0.3585047 0.3601203 0.3623048 0.3687054 0.3686842 0.3672751 0.3738864 0.3744592 0.3727261 0.3687415 0.3680120 0.3625151 0.3568241 0.3576394 0.3562994 0.3538740 0.3523331 0.3546685 0.3500266 0.3457458 0.3452922 0.3415730 0.3363758 0.3314349 0.3291891 0.3234005 0.3185333 0.3168917 0.3172505 0.3152507 0.3180358 0.3225513 0.3234938 0.3246831 0.3309643 0.3372404 0.3405008 0.3445858 0.3531726 0.3586323 0.3600388 0.3660500
0.3954582 0.3966885 0.3982813 0.4035378 0.4096846 0.4162373 0.4217736 0.4263775 0.4303767 0.4319349 0.4321552 0.4274406 0.4209866 0.4172027 0.4099146 0.4037774 0.4041887 0.4070782 0.4071322 0.4072073 0.4089274 0.4105139 0.4084471 0.4057799 0.4041258 0.4027180 0.4001497 0.3995047 0.4001699 0.4001692 0.3996006 0.4016495 0.4026098 0.4013729 0.4031808 0.4001439 0.3947548 0.3907017 0.3904849 0.3875830 0.3830021 0.3839369 0.3794380 0.3760281 0.3728515 0.3784455 0.3762763 0.3749046 0.3763484 0.3853738 0.3881477 0.3914975 0.4009477 0.4037087 0.4061252 0.4094158 0.4179172 0.4202145 0.4242409 0.4397634
0.3749091 0.3791502 0.3836994 0.3923437 0.4021606 0.4104107 0.4204202 0.4313489 0.4405158 0.4463067 0.4513861 0.4549597 0.4553636 0.4547361 0.4476879 0.4379425 0.4302045 0.4220002 0.4174154 0.4155905 0.4126145 0.4099838 0.4087573 0.4064162 0.4035376 0.4045348 0.4054036 0.4081888 0.4120127 0.4156569 0.4183158 0.4200705 0.4208968 0.4207850 0.4195524 0.4164635 0.4127804 0.4110565 0.4109862 0.4103040 0.4094130 0.4105981 0.4125755 0.4131537 0.4145400 0.4166776 0.4183324 0.4205038 0.4246890 0.4290038 0.4329981 0.4386636 0.4466635 0.4525254 0.4583020 0.4682713 0.4768969 0.4860851 0.4977640 0.5197387
0.3462300 0.3526904 0.3583078 0.3677322 0.3770315 0.3854576 0.3974412 0.4097795 0.4196429 0.4273032 0.4359740 0.4446089 0.4514839 0.4562896 0.4572013 0.4511786 0.4390140 0.4236035 0.4086421 0.3985863 0.3913026 0.3884763 0.3879922 0.3864560 0.3873876 0.3906544 0.3944172 0.3976730 0.4023595 0.4065933 0.4080094 0.4089849 0.4083722 0.4070376 0.4008156 0.3976650 0.3978714 0.3968923 0.4004606 0.4031395 0.4061487 0.4072803 0.4115521 0.4152618 0.4173434 0.4211028 0.4250131 0.4290088 0.4323158 0.4374020 0.4435815 0.4518377 0.4623130 0.4729129 0.4852047 0.5005413 0.5156245 0.5312892 0.5486854 0.5662897
0.3240967 0.3305106 0.3357120 0.3435532 0.3519067 0.3582001 0.3683962 0.3794821 0.3867286 0.3969227 0.4059467 0.4160651 0.4244982 0.4344550 0.4439509 0.4492895 0.4472319 0.4367209 0.4161888 0.3949368 0.3792614 0.3696496 0.3658263 0.3642234 0.3664910 0.3700728 0.3735969 0.3759258 0.3796172 0.3815121 0.3821389 0.3834363 0.3824313 0.3779128 0.3727278 0.3716568 0.3727830 0.3736486 0.3752974 0.3787783 0.3810057 0.3847781 0.3901152 0.3958251 0.4001318 0.4050728 0.4108286 0.4167068 0.4218222 0.4299979 0.4394348 0.4500899 0.4629262 0.4767028 0.4920881 0.5091083 0.5259347 0.5424794 0.5571496 0.5700643
0.3182807 0.3232615 0.3283099 0.3340583 0.3399661 0.3458694 0.3527545 0.3604375 0.3684459 0.3767215 0.3853120 0.3950033 0.4052374 0.4164294 0.4284246 0.4387741 0.4473197 0.4517120 0.4459341 0.4329531 0.4080500 0.3811273 0.3638302 0.3561688 0.3546718 0.3563570 0.3563290 0.3587953 0.3604235 0.3614091 0.3595611 0.3615666 0.3623478 0.3614592 0.3593268 0.3588194 0.3581368 0.3579235 0.3584766 0.3602214 0.3623831 0.3666984 0.3718851 0.3777561 0.3836377 0.3902173 0.3974731 0.4056991 0.4141275 0.4245732 0.4356668 0.4475815 0.4606843 0.4741215 0.4872780 0.4998527 0.5134260 0.5265139 0.5380496 0.5488794
0.3292860 0.3334169 0.3370887 0.3409954 0.3444239 0.3499186 0.3544037 0.3598941 0.3666051 0.3728253 0.3802882 0.3895031 0.4006285 0.4130730 0.4266443 0.4407575 0.4544919 0.4674591 0.4776677 0.4833841 0.4722823 0.4443773 0.4117096 0.3838598 0.3663441 0.3606621 0.3586195 0.3577497 0.3573266 0.3578194 0.3593422 0.3609983 0.3627982 0.3650350 0.3653801 0.3654663 0.3666137 0.3663077 0.3650168 0.3639743 0.3656466 0.3682686 0.3715110 0.3766948 0.3831553 0.3899853 0.3978644 0.4072136 0.4169340 0.4268889 0.4372470 0.4480068 0.4585331 0.4696609 0.4816543 0.4922536 0.5045051 0.5141113 0.5218610 0.5280693
0.3486358 0.3508983 0.3522190 0.3544769 0.3566929 0.3592862 0.3620622 0.3664311 0.3717821 0.3765347 0.3825638 0.3902651 0.4001042 0.4127529 0.4281942 0.4453257 0.4635752 0.4812814 0.4990856 0.5155752 0.5278953 0.5278409 0.5136317 0.4741138 0.4264889 0.3935760 0.3833822 0.3767232 0.3736194 0.3756213 0.3761923 0.3771542 0.3778329 0.3824557 0.3844140 0.3860886 0.3910542 0.3917840 0.3924792 0.3925458 0.3961796 0.3948281 0.3943284 0.3977194 0.4037119 0.4090090 0.4167147 0.4266700 0.4349574 0.4437476 0.4534022 0.4642511 0.4728206 0.4816995 0.4917990 0.4988537 0.5054235 0.5113610 0.5157641 0.5191496
0.3604768 0.3598880 0.3596515 0.3603606 0.3614082 0.3636160 0.3664597 0.3700349 0.3730112 0.3768435 0.3817480 0.3879842 0.3954698 0.4059144 0.4193766 0.4350990 0.4554044 0.4769178 0.4988803 0.5220556 0.5435005 0.5601266 0.5705340 0.5621831 0.5269519 0.4787446 0.4372227 0.4087095 0.3995111 0.3991644 0.3987179 0.3991872 0.4016752 0.4054013 0.4078292 0.4105981 0.4170495 0.4207020 0.4241538 0.4296917 0.4332333 0.4325273 0.4315702 0.4357416 0.4389157 0.4418389 0.4484712 0.4539253 0.4599230 0.4667123 0.4752653 0.4822568 0.4887788 0.4947775 0.5008450 0.5052108 0.5097208 0.5136821 0.5168662 0.5193661
0.3446660 0.3425341 0.3428346 0.3435880 0.3415338 0.3446872 0.3491934 0.3510444 0.3540819 0.3587236 0.3644246 0.3688815 0.3754780 0.3842596 0.3915023 0.4026821 0.4190861 0.4396964 0.4566731 0.4821192 0.5113426 0.5344318 0.5586906 0.5803648 0.5857579 0.5700797 0.5267042 0.4744494 0.4369072 0.4243947 0.4200100 0.4188142 0.4219481 0.4237983 0.4264802 0.4296805 0.4360871 0.4409089 0.4460447 0.4527479 0.4606063 0.4638317 0.4652599 0.4677152 0.4690998 0.4704447 0.4720209 0.4739703 0.4764238 0.4804181 0.4837401 0.4873288 0.4914129 0.4940964 0.4963384 0.4998663 0.5037073 0.5060785 0.5110385 0.5158201
