simulation_files/asc/Depth____485.0.asc
NCOLS       216
NROWS       273
XLLCENTER        494.688995
YLLCENTER        787.867981
CELLSIZE           0.500
NODATA_VALUE     -9999.0
[rows 162 to 188 of 273, columns 118 to 176 of 216]
2.050861 2.726973 2.924533 2.961934 2.973796 2.982516 2.758790 2.188580 1.564273 0.6421312 0.1746712 0.1009600 0.1320323 0.1715362 0.1546239 0.1440269 0.1718790 0.1889047 0.2136817 0.2248670 0.2176705 0.1680265 0.1255746 0.1304647 0.1594248 0.1659394 0.1297338 0.9118004E-01 -9999.000 -9999.000 -9999.000 -9999.000 -9999.000 -9999.000 -9999.000 -9999.000 -9999.000 -9999.000 -9999.000 -9999.000 -9999.000 -9999.000 -9999.000 -9999.000 -9999.000 -9999.000 -9999.000 -9999.000 -9999.000 -9999.000 -9999.000 -9999.000 -9999.000 -9999.000 -9999.000 -9999.000 -9999.000 -9999.000 -9999.000
1.712249 2.633733 2.918030 2.951425 2.951493 2.543431 1.738928 1.048482 0.5046928 0.1759299 0.1661455 0.1425853 0.1458462 0.1356729 0.1545095 0.1659497 0.1728309 0.1766648 0.2138915 0.2437735 0.2353734 0.1692132 0.1327134 0.1397739 0.1803293 0.1952859 0.1711263 0.1250366 0.6674743E-01 -9999.000 -9999.000 -9999.000 -9999.000 -9999.000 -9999.000 -9999.000 -9999.000 -9999.000 -9999.000 -9999.000 -9999.000 -9999.000 -9999.000 -9999.000 -9999.000 -9999.000 -9999.000 -9999.000 -9999.000 -9999.000 -9999.000 -9999.000 -9999.000 -9999.000 -9999.000 -9999.000 -9999.000 -9999.000 -9999.000
1.313626 2.342379 2.797919 2.937625 2.515305 1.615919 0.6079963 0.1771857 0.1422146 0.1157600 0.1420714 0.1258251 0.1168342 0.1037446 0.1328193 0.1567946 0.1562403 0.1637736 0.1914742 0.2239732 0.2105582 0.1470553 0.1221457 0.1417214 0.1888728 0.1974192 0.1597932 0.1230523 0.6338670E-01 -9999.000 -9999.000 -9999.000 -9999.000 -9999.000 -9999.000 -9999.000 -9999.000 -9999.000 -9999.000 -9999.000 -9999.000 -9999.000 -9999.000 -9999.000 -9999.000 -9999.000 -9999.000 -9999.000 -9999.000 -9999.000 -9999.000 -9999.000 -9999.000 -9999.000 -9999.000 -9999.000 -9999.000 -9999.000 -9999.000
-9999.000 1.535882 2.356787 2.455439 1.524497 0.5799986 0.1570587 0.1559945 0.1293526 0.9950982E-01 0.8652572E-01 0.8594134E-01 0.9881024E-01 0.9401740E-01 0.1231945 0.1519936 0.1669687 0.1903522 0.2168656 0.2334009 0.1725421 0.1270787 0.1162362 0.1352875 0.1808430 0.1812068 0.1552350 0.1146967 0.7155485E-01 0.3211693E-01 -9999.000 -9999.000 -9999.000 -9999.000 -9999.000 -9999.000 -9999.000 -9999.000 -9999.000 -9999.000 -9999.000 -9999.000 -9999.000 -9999.000 -9999.000 -9999.000 -9999.000 -9999.000 -9999.000 -9999.000 -9999.000 -9999.000 -9999.000 -9999.000 -9999.000 -9999.000 -9999.000 -9999.000 -9999.000
-9999.000 0.7149897 1.285531 1.188426 0.4826303 0.1483406 0.1829668 0.1641794 0.1523277 0.1221578 0.8290507E-01 0.7782554E-01 0.8715120E-01 0.8046635E-01 0.1297240 0.1883376 0.2251171 0.2523971 0.2741979 0.2226600 0.1393509 0.1465535 0.1447086 0.1570085 0.1831986 0.1834526 0.1608484 0.1376361 0.1079727 0.6104279E-01 -9999.000 -9999.000 0.1836429E-01 -9999.000 -9999.000 -9999.000 -9999.000 -9999.000 -9999.000 -9999.000 -9999.000 -9999.000 -9999.000 -9999.000 -9999.000 -9999.000 -9999.000 -9999.000 -9999.000 -9999.000 -9999.000 -9999.000 -9999.000 -9999.000 -9999.000 -9999.000 -9999.000 -9999.000 -9999.000
-9999.000 -9999.000 -9999.000 0.2382124 0.1731402 0.2214668 0.1931549 0.1850924 0.1894572 0.1618887 0.1335304 0.1179429 0.1029848 0.9462503E-01 0.1546333 0.2383588 0.2554897 0.2627833 0.2539868 0.1686934 0.1039951 0.1551819 0.1671516 0.1838869 0.1892368 0.1458814 0.1355300 0.1394419 0.1325606 0.9013479E-01 -9999.000 -9999.000 -9999.000 -9999.000 -9999.000 -9999.000 -9999.000 -9999.000 -9999.000 -9999.000 -9999.000 -9999.000 -9999.000 -9999.000 -9999.000 -9999.000 -9999.000 -9999.000 -9999.000 -9999.000 -9999.000 -9999.000 -9999.000 -9999.000 -9999.000 -9999.000 -9999.000 -9999.000 -9999.000
-9999.000 -9999.000 -9999.000 0.1167389 0.2214370 0.2227689 0.2212490 0.2283573 0.2323136 0.2141990 0.1976063 0.1806391 0.1509855 0.1258031 0.1551559 0.2019688 0.2158216 0.2098278 0.1739111 0.1520838 0.1136131 0.1475565 0.1723278 0.1923646 0.1837172 0.1239862 0.1088152 0.1363752 0.1483829 0.1254908 0.6912356E-01 0.3526894E-01 0.2968966E-01 0.2379286E-01 -9999.000 -9999.000 -9999.000 -9999.000 -9999.000 -9999.000 -9999.000 -9999.000 -9999.000 -9999.000 -9999.000 -9999.000 -9999.000 -9999.000 -9999.000 -9999.000 -9999.000 -9999.000 -9999.000 -9999.000 -9999.000 -9999.000 -9999.000 -9999.000 -9999.000
-9999.000 -9999.000 -9999.000 0.1130726 0.1408916 0.1770976 0.2294596 0.2562585 0.2365588 0.2121184 0.2059530 0.2067440 0.1742002 0.1283100 0.1153996 0.1016140 0.1401528 0.1300489 0.1523623 0.1912455 0.1546866 0.1791694 0.2127488 0.2435922 0.2349562 0.1668272 0.1293822 0.1388652 0.1537698 0.1473792 0.9688779E-01 0.5813949E-01 0.4810538E-01 0.3199281E-01 -9999.000 -9999.000 -9999.000 -9999.000 -9999.000 -9999.000 -9999.000 -9999.000 -9999.000 -9999.000 -9999.000 -9999.000 -9999.000 -9999.000 -9999.000 -9999.000 -9999.000 -9999.000 -9999.000 -9999.000 -9999.000 -9999.000 -9999.000 -9999.000 -9999.000
-9999.000 -9999.000 -9999.000 0.5914716E-01 0.9006314E-01 0.1559689 0.2250929 0.2416966 0.2328780 0.2198006 0.1970803 0.1625734 0.1118207 0.9468351E-01 0.1041699 0.1277109 0.1479043 0.1375322 0.1596883 0.1749683 0.1519904 0.1935328 0.2650060 0.3096216 0.2898192 0.2028050 0.1450727 0.1490128 0.1620320 0.1739214 0.1286260 0.9170654E-01 0.8105299E-01 0.6178324E-01 0.3745975E-01 -9999.000 -9999.000 -9999.000 -9999.000 -9999.000 -9999.000 -9999.000 -9999.000 -9999.000 -9999.000 -9999.000 -9999.000 -9999.000 -9999.000 -9999.000 -9999.000 -9999.000 -9999.000 -9999.000 -9999.000 -9999.000 -9999.000 -9999.000 -9999.000
-9999.000 -9999.000 -9999.000 -9999.000 -9999.000 0.1007062 0.1612999 0.2044008 0.2315355 0.2506597 0.1894999 0.1049309 0.6416223E-01 0.5755698E-01 0.1013607 0.1719435 0.2088335 0.2270679 0.1808287 0.1114128 0.9178859E-01 0.1696269 0.2835847 0.3247288 0.2716057 0.1924362 0.1590121 0.1792498 0.2027985 0.2059854 0.1609329 0.1321908 0.1363643 0.1185362 0.9115267E-01 0.7523551E-01 0.6373671E-01 0.4717390E-01 -9999.000 -9999.000 -9999.000 -9999.000 -9999.000 -9999.000 -9999.000 -9999.000 -9999.000 -9999.000 -9999.000 -9999.000 -9999.000 -9999.000 -9999.000 -9999.000 -9999.000 -9999.000 -9999.000 -9999.000 -9999.000
-9999.000 -9999.000 -9999.000 -9999.000 -9999.000 0.6172282E-01 0.1001609 0.1524871 0.2099962 0.2321998 0.1993962 0.1366606 0.9837245E-01 0.9396266E-01 0.1278005 0.1899455 0.2242236 0.2564720 0.2230212 0.1419307 0.1178470 0.1832586 0.2711930 0.2829912 0.2410912 0.1789358 0.1585762 0.1657579 0.1977518 0.2297117 0.1970670 0.1845842 0.1915894 0.1862375 0.1366914 0.1184773 0.1148163 0.8586435E-01 -9999.000 -9999.000 -9999.000 -9999.000 -9999.000 -9999.000 -9999.000 -9999.000 -9999.000 -9999.000 -9999.000 -9999.000 -9999.000 -9999.000 -9999.000 -9999.000 -9999.000 -9999.000 -9999.000 -9999.000 -9999.000
-9999.000 -9999.000 -9999.000 -9999.000 -9999.000 0.6351459E-01 0.1039035 0.1424880 0.1881223 0.2102914 0.2203953 0.1957064 0.1528460 0.1431337 0.1637732 0.1930029 0.2182018 0.2676398 0.2745299 0.2367617 0.2232836 0.2249450 0.2324321 0.2368000 0.1783024 0.1508861 0.1346680 0.1278079 0.1565166 0.2024333 0.1887246 0.1868132 0.2025314 0.1981847 0.1745535 0.1501449 0.1451369 0.1318217 0.7081626E-01 -9999.000 -9999.000 -9999.000 -9999.000 -9999.000 -9999.000 -9999.000 -9999.000 -9999.000 -9999.000 -9999.000 -9999.000 -9999.000 -9999.000 -9999.000 -9999.000 -9999.000 -9999.000 -9999.000 -9999.000
-9999.000 -9999.000 -9999.000 -9999.000 -9999.000 -9999.000 0.1280536 0.1332558 0.1664123 0.2117194 0.2427722 0.2246591 0.1801882 0.1475270 0.1475509 0.1615198 0.1976564 0.2633501 0.2857559 0.2830044 0.2955149 0.2292691 0.1888418 0.1683739 0.1540795 0.1344112 0.1207176 0.1266362 0.1505973 0.1811477 0.1610507 0.1507233 0.1664022 0.1823099 0.1707308 0.1445750 0.1521252 0.1526686 0.1004145 0.5371323E-01 -9999.000 -9999.000 -9999.000 -9999.000 -9999.000 -9999.000 -9999.000 -9999.000 -9999.000 -9999.000 -9999.000 -9999.000 -9999.000 -9999.000 -9999.000 -9999.000 -9999.000 -9999.000 -9999.000
-9999.000 -9999.000 -9999.000 -9999.000 -9999.000 -9999.000 -9999.000 0.7709791E-01 0.1248163 0.2064746 0.2558843 0.2336081 0.1783179 0.1211654 0.9792152E-01 0.9342614E-01 0.1480276 0.2484367 0.2537707 0.2279412 0.1871053 0.1545392 0.1519833 0.1911413 0.2223280 0.1613086 0.1388570 0.1555030 0.1731909 0.1929991 0.1872598 0.1659067 0.1614665 0.1781556 0.1523583 0.9923575E-01 0.9775270E-01 0.1272292 0.1168845 0.8498725E-01 0.3303897E-01 -9999.000 -9999.000 -9999.000 -9999.000 -9999.000 -9999.000 -9999.000 -9999.000 -9999.000 -9999.000 -9999.000 -9999.000 -9999.000 -9999.000 -9999.000 -9999.000 -9999.000 -9999.000
-9999.000 -9999.000 -9999.000 -9999.000 -9999.000 -9999.000 -9999.000 0.2648149E-01 0.6929099E-01 0.1616692 0.2158284 0.2119211 0.1521566 0.8543062E-01 0.5567175E-01 0.4289357E-01 0.8190695E-01 0.1699355 0.1665636 0.1364027 0.1115056 0.1158557 0.1514262 0.2330269 0.2689716 0.2164539 0.2052536 0.2198031 0.2241148 0.2329574 0.2517033 0.2553979 0.2114975 0.1681666 0.1060063 0.5216837E-01 0.8988951E-01 0.1393666 0.1482584 0.1059718 -9999.000 -9999.000 -9999.000 -9999.000 -9999.000 -9999.000 -9999.000 -9999.000 -9999.000 -9999.000 -9999.000 -9999.000 -9999.000 -9999.000 -9999.000 -9999.000 -9999.000 -9999.000 -9999.000
-9999.000 -9999.000 -9999.000 -9999.000 -9999.000 -9999.000 -9999.000 -9999.000 0.3892137E-01 0.1005206 0.1686625 0.1876865 0.1541928 0.8114283E-01 0.4410772E-01 -9999.000 0.3675414E-01 0.8303067E-01 0.1031679 0.1095478 0.1364431 0.1407761 0.1496206 0.2266223 0.2725866 0.2567431 0.2501378 0.2498469 0.2224331 0.2181174 0.2773928 0.2867057 0.2490288 0.1671989 0.8290161E-01 0.8805960E-01 0.1309871 0.1464612 0.1305121 0.1043328 0.6714563E-01 -9999.000 -9999.000 -9999.000 -9999.000 -9999.000 -9999.000 -9999.000 -9999.000 -9999.000 -9999.000 -9999.000 -9999.000 -9999.000 -9999.000 -9999.000 -9999.000 -9999.000 -9999.000
-9999.000 -9999.000 -9999.000 -9999.000 -9999.000 -9999.000 -9999.000 -9999.000 -9999.000 0.7044249E-01 0.1636861 0.1890831 0.1723285 0.1201753 0.7588838E-01 0.4457262E-01 0.2608212E-01 0.4616434E-01 0.6976834E-01 0.9436799E-01 0.1345908 0.1727600 0.1750452 0.2190856 0.2732715 0.2624834 0.2340097 0.1945937 0.1216852 0.1376451 0.2183605 0.2337999 0.2285456 0.1756644 0.1398977 0.1568562 0.1672427 0.1511319 0.1329208 0.1452139 0.1227585 -9999.000 -9999.000 -9999.000 -9999.000 -9999.000 -9999.000 -9999.000 -9999.000 -9999.000 -9999.000 -9999.000 -9999.000 -9999.000 -9999.000 -9999.000 -9999.000 -9999.000 -9999.000
-9999.000 -9999.000 -9999.000 -9999.000 -9999.000 -9999.000 -9999.000 -9999.000 -9999.000 0.4839293E-01 0.1175620 0.1534836 0.1697333 0.1480723 0.1095534 0.5491350E-01 0.2440519E-01 0.2849363E-01 0.4836146E-01 0.7581601E-01 0.1270084 0.1911657 0.2000495 0.2179509 0.2654100 0.2320964 0.1749991 0.1141396 0.1222507 0.1485304 0.1660923 0.1697812 0.1802748 0.1631541 0.1640870 0.1991799 0.1929477 0.1654074 0.1761052 0.1962523 0.1571344 -9999.000 -9999.000 -9999.000 -9999.000 -9999.000 -9999.000 -9999.000 -9999.000 -9999.000 -9999.000 -9999.000 -9999.000 -9999.000 -9999.000 -9999.000 -9999.000 -9999.000 -9999.000
-9999.000 -9999.000 -9999.000 -9999.000 -9999.000 -9999.000 -9999.000 -9999.000 -9999.000 0.3617658E-01 0.7416302E-01 0.1229442 0.1671140 0.1838461 0.1416500 0.7575364E-01 0.2937463E-01 0.2165640E-01 0.3678483E-01 0.6452394E-01 0.1077971 0.1605613 0.1685921 0.1983665 0.2221616 0.1784815 0.1127269 0.9611642E-01 0.1563502 0.2014338 0.1875666 0.1598769 0.1610773 0.1473932 0.1587140 0.2075933 0.1964784 0.1673090 0.1905943 0.2246776 0.1844504 0.1003144 -9999.000 -9999.000 -9999.000 -9999.000 -9999.000 -9999.000 -9999.000 -9999.000 -9999.000 -9999.000 -9999.000 -9999.000 -9999.000 -9999.000 -9999.000 -9999.000 -9999.000
-9999.000 -9999.000 -9999.000 -9999.000 -9999.000 -9999.000 -9999.000 -9999.000 -9999.000 -9999.000 -9999.000 0.7821586E-01 0.1500962 0.1965150 0.1787550 0.1181778 -9999.000 -9999.000 0.2038865E-01 -9999.000 0.7318471E-01 0.1100711 0.1119763 0.1478797 0.1898309 0.1682277 0.1580940 0.1617052 0.2073689 0.2357208 0.2388971 0.2044649 0.2130173 0.2129391 0.2186479 0.2419765 0.2165368 0.2036074 0.2156314 0.2372867 0.2145801 0.1386422 0.7914096E-01 -9999.000 -9999.000 -9999.000 -9999.000 -9999.000 -9999.000 -9999.000 -9999.000 -9999.000 -9999.000 -9999.000 -9999.000 -9999.000 -9999.000 -9999.000 -9999.000
-9999.000 -9999.000 -9999.000 -9999.000 -9999.000 -9999.000 -9999.000 -9999.000 -9999.000 -9999.000 -9999.000 -9999.000 0.1018863 0.1693219 0.1820821 0.1421403 0.6698400E-01 0.2598181E-01 -9999.000 0.2034337E-01 0.4760699E-01 0.6395816E-01 0.5168605E-01 0.9705860E-01 0.1975451 0.2096332 0.2093161 0.2466450 0.2502870 0.2275180 0.2482790 0.2850064 0.3107507 0.3342566 0.3101509 0.2716607 0.2504721 0.2566271 0.2601436 0.2663123 0.2386598 0.1843859 0.1175705 0.4443223E-01 -9999.000 -9999.000 -9999.000 -9999.000 -9999.000 -9999.000 -9999.000 -9999.000 -9999.000 -9999.000 -9999.000 -9999.000 -9999.000 -9999.000 -9999.000
-9999.000 -9999.000 -9999.000 -9999.000 -9999.000 -9999.000 -9999.000 -9999.000 -9999.000 -9999.000 -9999.000 -9999.000 0.8813062E-01 0.1610264 0.1880652 0.1600703 0.1091127 0.5254497E-01 0.2177874E-01 0.2569671E-01 0.4996136E-01 0.4909350E-01 0.3660291E-01 0.8334930E-01 0.1625600 0.1825738 0.2042668 0.2674887 0.2865194 0.2415434 0.2519242 0.3184562 0.3423487 0.3514358 0.3399796 0.2934144 0.2751774 0.2705613 0.2781436 0.2822132 0.2667362 0.2442964 0.1658685 0.6749396E-01 -9999.000 -9999.000 -9999.000 -9999.000 -9999.000 -9999.000 -9999.000 -9999.000 -9999.000 -9999.000 -9999.000 -9999.000 -9999.000 -9999.000 -9999.000
-9999.000 -9999.000 -9999.000 -9999.000 -9999.000 -9999.000 -9999.000 -9999.000 -9999.000 -9999.000 -9999.000 -9999.000 0.9032092E-01 0.1672760 0.1961501 0.1893128 0.1526864 0.9501052E-01 0.4616506E-01 0.3629679E-01 0.4396052E-01 0.3668470E-01 0.3608089E-01 0.7135988E-01 0.1024413 0.1110981 0.1484395 0.2251827 0.2744867 0.2628376 0.2824029 0.3278035 0.3110533 0.2976715 0.3011728 0.2915305 0.2525029 0.2532939 0.2549501 0.2688259 0.2745542 0.2597137 0.2088918 0.1107755 0.4436656E-01 -9999.000 -9999.000 -9999.000 -9999.000 -9999.000 -9999.000 -9999.000 -9999.000 -9999.000 -9999.000 -9999.000 -9999.000 -9999.000 -9999.000
-9999.000 -9999.000 -9999.000 -9999.000 -9999.000 -9999.000 -9999.000 -9999.000 -9999.000 -9999.000 -9999.000 -9999.000 0.8622091E-01 0.1585313 0.2042491 0.2068132 0.1858287 0.1357993 0.6622105E-01 0.4235994E-01 0.4178071E-01 0.4884712E-01 0.6332638E-01 0.7635378E-01 0.6930511E-01 0.7028272E-01 0.1033933 0.1617575 0.2147455 0.2390332 0.3061246 0.2930572 0.2281948 0.2323853 0.2506136 0.1918608 0.1570250 0.1395206 0.1659586 0.1939496 0.2201800 0.2290414 0.2023924 0.1361784 0.9719597E-01 -9999.000 -9999.000 -9999.000 -9999.000 -9999.000 -9999.000 -9999.000 -9999.000 -9999.000 -9999.000 -9999.000 -9999.000 -9999.000 -9999.000
-9999.000 -9999.000 -9999.000 -9999.000 -9999.000 -9999.000 -9999.000 -9999.000 -9999.000 -9999.000 -9999.000 -9999.000 -9999.000 0.1307202 0.1937065 0.2055549 0.1955985 0.1524702 0.9578036E-01 0.4679913E-01 0.3179276E-01 0.4206922E-01 0.6497003E-01 0.6801148E-01 0.5427991E-01 0.7797239E-01 0.1269779 0.1693869 0.2033117 0.2324593 0.2488748 0.2028859 0.1709787 0.2585070 0.2856360 0.2321890 0.1599507 0.1403387 0.1531290 0.1630502 0.1813692 0.2002535 0.1949463 0.1636054 0.1260273 0.7807149E-01 -9999.000 -9999.000 -9999.000 -9999.000 -9999.000 -9999.000 -9999.000 -9999.000 -9999.000 -9999.000 -9999.000 -9999.000 -9999.000
-9999.000 -9999.000 -9999.000 -9999.000 -9999.000 -9999.000 -9999.000 -9999.000 -9999.000 -9999.000 -9999.000 -9999.000 -9999.000 0.1140911 0.1654735 0.1748902 0.1871329 0.1568435 0.8652339E-01 0.4575843E-01 0.2522368E-01 0.2066047E-01 0.3250987E-01 0.4687158E-01 0.6046266E-01 0.9713522E-01 0.1705701 0.1973705 0.1960754 0.1793514 0.1795767 0.1659419 0.1733071 0.2633725 0.3282180 0.3158468 0.2615555 0.1868381 0.1809166 0.2050478 0.2133225 0.2045991 0.1974330 0.1656538 0.1173391 0.6849350E-01 -9999.000 -9999.000 -9999.000 -9999.000 -9999.000 -9999.000 -9999.000 -9999.000 -9999.000 -9999.000 -9999.000 -9999.000 -9999.000
-9999.000 -9999.000 -9999.000 -9999.000 -9999.000 -9999.000 -9999.000 -9999.000 -9999.000 -9999.000 -9999.000 -9999.000 -9999.000 0.1153609 0.1469810 0.1496098 0.1731105 0.1572288 0.1040543 0.7308131E-01 0.4289837E-01 0.2289131E-01 0.1801120E-01 0.2598366E-01 0.4039522E-01 0.7710555E-01 0.1260389 0.1398018 0.1595285 0.1559333 0.1866650 0.2167469 0.2017302 0.2394208 0.2881539 0.2975778 0.2578356 0.2119095 0.2013042 0.2144564 0.1929686 0.1812915 0.1877931 0.1757829 0.1531790 0.1159360 0.7933270E-01 0.4721646E-01 -9999.000 -9999.000 -9999.000 -9999.000 -9999.000 -9999.000 -9999.000 -9999.000 -9999.000 -9999.000 -9999.000
