simulation_files/asc/Depth____000150.asc
NCOLS        79
NROWS        79
XLLCENTER         -1.500000
YLLCENTER         -4.800000
CELLSIZE           0.100
NODATA_VALUE     -9999.0
[rows 0 to 25 of 79, columns 0 to 58 of 79]
-9999.000 -9999.000 -9999.000 -9999.000 -9999.000 -9999.000 -9999.000 -9999.000 -9999.000 -9999.000 -9999.000 -9999.000 -9999.000 -9999.000 -9999.000 0.5782894 0.5785074 0.5784743 0.5783815 0.5782408 0.5780669 0.5778686 0.5776560 0.5774396 0.5772273 0.5770223 0.5768165 0.5765777 0.5761991 0.5761468 0.5761468 -9999.000 -9999.000 -9999.000 -9999.000 -9999.000 -9999.000 -9999.000 -9999.000 -9999.000 -9999.000 -9999.000 -9999.000 -9999.000 -9999.000 -9999.000 -9999.000 -9999.000 -9999.000 -9999.000 -9999.000 -9999.000 -9999.000 -9999.000 -9999.000 -9999.000 -9999.000 -9999.000 -9999.000
-9999.000 -9999.000 -9999.000 -9999.000 -9999.000 -9999.000 -9999.000 -9999.000 -9999.000 -9999.000 -9999.000 -9999.000 -9999.000 -9999.000 -9999.000 0.5800691 0.5802891 0.5802589 0.5801809 0.5800653 0.5799243 0.5797650 0.5795956 0.5794246 0.5792588 0.5791010 0.5789443 0.5787599 0.5784511 0.5784650 0.5784650 -9999.000 -9999.000 -9999.000 -9999.000 -9999.000 -9999.000 -9999.000 -9999.000 -9999.000 -9999.000 -9999.000 -9999.000 -9999.000 -9999.000 -9999.000 -9999.000 -9999.000 -9999.000 -9999.000 -9999.000 -9999.000 -9999.000 -9999.000 -9999.000 -9999.000 -9999.000 -9999.000 -9999.000
-9999.000 -9999.000 -9999.000 -9999.000 -9999.000 -9999.000 -9999.000 -9999.000 -9999.000 -9999.000 -9999.000 -9999.000 -9999.000 -9999.000 -9999.000 0.5820183 0.5822632 0.5822375 0.5821645 0.5820546 0.5819204 0.5817691 0.5816088 0.5814479 0.5812926 0.5811447 0.5809956 0.5808139 0.5804955 0.5805039 0.5805039 -9999.000 -9999.000 -9999.000 -9999.000 -9999.000 -9999.000 -9999.000 -9999.000 -9999.000 -9999.000 -9999.000 -9999.000 -9999.000 -9999.000 -9999.000 -9999.000 -9999.000 -9999.000 -9999.000 -9999.000 -9999.000 -9999.000 -9999.000 -9999.000 -9999.000 -9999.000 -9999.000 -9999.000
-9999.000 -9999.000 -9999.000 -9999.000 -9999.000 -9999.000 -9999.000 -9999.000 -9999.000 -9999.000 -9999.000 -9999.000 -9999.000 -9999.000 -9999.000 0.5840079 0.5842679 0.5842435 0.5841715 0.5840623 0.5839291 0.5837790 0.5836204 0.5834615 0.5833086 0.5831628 0.5830143 0.5828294 0.5824957 0.5824831 0.5824831 -9999.000 -9999.000 -9999.000 -9999.000 -9999.000 -9999.000 -9999.000 -9999.000 -9999.000 -9999.000 -9999.000 -9999.000 -9999.000 -9999.000 -9999.000 -9999.000 -9999.000 -9999.000 -9999.000 -9999.000 -9999.000 -9999.000 -9999.000 -9999.000 -9999.000 -9999.000 -9999.000 -9999.000
-9999.000 -9999.000 -9999.000 -9999.000 -9999.000 -9999.000 -9999.000 -9999.000 -9999.000 -9999.000 -9999.000 -9999.000 -9999.000 -9999.000 -9999.000 0.5860171 0.5862868 0.5862619 0.5861887 0.5860773 0.5859416 0.5857890 0.5856279 0.5854670 0.5853124 0.5851649 0.5850134 0.5848217 0.5844676 0.5844201 0.5844201 -9999.000 -9999.000 -9999.000 -9999.000 -9999.000 -9999.000 -9999.000 -9999.000 -9999.000 -9999.000 -9999.000 -9999.000 -9999.000 -9999.000 -9999.000 -9999.000 -9999.000 -9999.000 -9999.000 -9999.000 -9999.000 -9999.000 -9999.000 -9999.000 -9999.000 -9999.000 -9999.000 -9999.000
-9999.000 -9999.000 -9999.000 -9999.000 -9999.000 -9999.000 -9999.000 -9999.000 -9999.000 -9999.000 -9999.000 -9999.000 -9999.000 -9999.000 -9999.000 0.5880342 0.5883108 0.5882841 0.5882084 0.5880932 0.5879530 0.5877959 0.5876303 0.5874652 0.5873067 0.5871555 0.5869989 0.5867978 0.5864182 0.5863219 0.5863219 -9999.000 -9999.000 -9999.000 -9999.000 -9999.000 -9999.000 -9999.000 -9999.000 -9999.000 -9999.000 -9999.000 -9999.000 -9999.000 -9999.000 -9999.000 -9999.000 -9999.000 -9999.000 -9999.000 -9999.000 -9999.000 -9999.000 -9999.000 -9999.000 -9999.000 -9999.000 -9999.000 -9999.000
-9999.000 -9999.000 -9999.000 -9999.000 -9999.000 -9999.000 -9999.000 -9999.000 -9999.000 -9999.000 -9999.000 -9999.000 -9999.000 -9999.000 -9999.000 0.5900527 0.5903345 0.5903054 0.5902264 0.5901065 0.5899608 0.5897980 0.5896267 0.5894561 0.5892926 0.5891364 0.5889732 0.5887603 0.5883499 0.5881879 0.5881879 -9999.000 -9999.000 -9999.000 -9999.000 -9999.000 -9999.000 -9999.000 -9999.000 -9999.000 -9999.000 -9999.000 -9999.000 -9999.000 -9999.000 -9999.000 -9999.000 -9999.000 -9999.000 -9999.000 -9999.000 -9999.000 -9999.000 -9999.000 -9999.000 -9999.000 -9999.000 -9999.000 -9999.000
-9999.000 -9999.000 -9999.000 -9999.000 -9999.000 -9999.000 -9999.000 -9999.000 -9999.000 -9999.000 -9999.000 -9999.000 -9999.000 -9999.000 -9999.000 0.5920689 0.5923548 0.5923229 0.5922400 0.5921150 0.5919631 0.5917939 0.5916160 0.5914392 0.5912699 0.5911077 0.5909365 0.5907096 0.5902621 0.5900126 0.5900126 -9999.000 -9999.000 -9999.000 -9999.000 -9999.000 -9999.000 -9999.000 -9999.000 -9999.000 -9999.000 -9999.000 -9999.000 -9999.000 -9999.000 -9999.000 -9999.000 -9999.000 -9999.000 -9999.000 -9999.000 -9999.000 -9999.000 -9999.000 -9999.000 -9999.000 -9999.000 -9999.000 -9999.000
-9999.000 -9999.000 -9999.000 -9999.000 -9999.000 -9999.000 -9999.000 -9999.000 -9999.000 -9999.000 -9999.000 -9999.000 -9999.000 -9999.000 -9999.000 0.5940800 0.5943696 0.5943344 0.5942475 0.5941167 0.5939581 0.5937821 0.5935969 0.5934133 0.5932374 0.5930685 0.5928880 0.5926445 0.5921522 0.5917858 0.5917858 -9999.000 -9999.000 -9999.000 -9999.000 -9999.000 -9999.000 -9999.000 -9999.000 -9999.000 -9999.000 -9999.000 -9999.000 -9999.000 -9999.000 -9999.000 -9999.000 -9999.000 -9999.000 -9999.000 -9999.000 -9999.000 -9999.000 -9999.000 -9999.000 -9999.000 -9999.000 -9999.000 -9999.000
-9999.000 -9999.000 -9999.000 -9999.000 -9999.000 -9999.000 -9999.000 -9999.000 -9999.000 -9999.000 -9999.000 -9999.000 -9999.000 -9999.000 -9999.000 0.5960836 0.5963771 0.5963380 0.5962469 0.5961101 0.5959443 0.5957608 0.5955679 0.5953767 0.5951936 0.5950171 0.5948257 0.5945622 0.5940159 0.5934915 0.5934915 -9999.000 -9999.000 -9999.000 -9999.000 -9999.000 -9999.000 -9999.000 -9999.000 -9999.000 -9999.000 -9999.000 -9999.000 -9999.000 -9999.000 -9999.000 -9999.000 -9999.000 -9999.000 -9999.000 -9999.000 -9999.000 -9999.000 -9999.000 -9999.000 -9999.000 -9999.000 -9999.000 -9999.000
-9999.000 -9999.000 -9999.000 -9999.000 -9999.000 -9999.000 -9999.000 -9999.000 -9999.000 -9999.000 -9999.000 -9999.000 -9999.000 -9999.000 -9999.000 0.5980771 0.5983750 0.5983318 0.5982361 0.5980930 0.5979195 0.5977281 0.5975266 0.5973272 0.5971361 0.5969508 0.5967465 0.5964589 0.5958464 0.5951050 0.5951050 -9999.000 -9999.000 -9999.000 -9999.000 -9999.000 -9999.000 -9999.000 -9999.000 -9999.000 -9999.000 -9999.000 -9999.000 -9999.000 -9999.000 -9999.000 -9999.000 -9999.000 -9999.000 -9999.000 -9999.000 -9999.000 -9999.000 -9999.000 -9999.000 -9999.000 -9999.000 -9999.000 -9999.000
-9999.000 -9999.000 -9999.000 -9999.000 -9999.000 -9999.000 -9999.000 -9999.000 -9999.000 -9999.000 -9999.000 -9999.000 -9999.000 -9999.000 -9999.000 0.6000568 0.6003602 0.6003127 0.6002122 0.6000623 0.5998806 0.5996807 0.5994698 0.5992612 0.5990611 0.5988657 0.5986462 0.5983289 0.5976344 0.5965884 0.5965884 -9999.000 -9999.000 -9999.000 -9999.000 -9999.000 -9999.000 -9999.000 -9999.000 -9999.000 -9999.000 -9999.000 -9999.000 -9999.000 -9999.000 -9999.000 -9999.000 -9999.000 -9999.000 -9999.000 -9999.000 -9999.000 -9999.000 -9999.000 -9999.000 -9999.000 -9999.000 -9999.000 -9999.000
-9999.000 -9999.000 -9999.000 -9999.000 -9999.000 -9999.000 -9999.000 -9999.000 -9999.000 -9999.000 -9999.000 -9999.000 -9999.000 -9999.000 -9999.000 0.6020178 0.6023286 0.6022763 0.6021706 0.6020135 0.6018230 0.6016138 0.6013926 0.6011738 0.6009633 0.6007560 0.6005177 0.6001634 0.5993654 0.5978802 0.5978802 -9999.000 -9999.000 -9999.000 -9999.000 -9999.000 -9999.000 -9999.000 -9999.000 -9999.000 -9999.000 -9999.000 -9999.000 -9999.000 -9999.000 -9999.000 -9999.000 -9999.000 -9999.000 -9999.000 -9999.000 -9999.000 -9999.000 -9999.000 -9999.000 -9999.000 -9999.000 -9999.000 -9999.000
-9999.000 -9999.000 -9999.000 -9999.000 -9999.000 -9999.000 -9999.000 -9999.000 -9999.000 -9999.000 -9999.000 -9999.000 -9999.000 -9999.000 -9999.000 0.6039438 0.6042687 0.6042127 0.6041033 0.6039399 0.6037409 0.6035222 0.6032895 0.6030586 0.6028356 0.6026134 0.6023508 0.6019486 0.6010171 0.5988805 0.5988805 -9999.000 -9999.000 -9999.000 -9999.000 -9999.000 -9999.000 -9999.000 -9999.000 -9999.000 -9999.000 -9999.000 -9999.000 -9999.000 -9999.000 -9999.000 -9999.000 -9999.000 -9999.000 -9999.000 -9999.000 -9999.000 -9999.000 -9999.000 -9999.000 -9999.000 -9999.000 -9999.000 -9999.000
-9999.000 -9999.000 -9999.000 -9999.000 -9999.000 -9999.000 -9999.000 -9999.000 -9999.000 -9999.000 -9999.000 -9999.000 -9999.000 -9999.000 -9999.000 0.6041276 0.6055298 0.6058767 0.6060525 0.6060738 0.6059774 0.6057990 0.6055600 0.6052941 0.6050207 0.6047401 0.6044043 0.6038839 0.6026637 0.5988905 0.5988905 -9999.000 -9999.000 -9999.000 -9999.000 -9999.000 -9999.000 -9999.000 -9999.000 -9999.000 -9999.000 -9999.000 -9999.000 -9999.000 -9999.000 -9999.000 -9999.000 -9999.000 -9999.000 -9999.000 -9999.000 -9999.000 -9999.000 -9999.000 -9999.000 -9999.000 -9999.000 -9999.000 -9999.000
0.6645198 0.6645198 0.6505092 0.6353799 0.6315732 0.6315732 0.6283742 0.6230080 0.6230080 0.6184981 0.6184981 0.6145644 0.6127628 0.6110525 0.6094224 0.6094224 0.6093936 0.6093116 0.6094517 0.6099295 0.6109069 0.6123159 0.6139745 0.6158398 0.6177596 0.6194503 0.6202500 0.6186885 0.6107491 0.5818807 0.5818807 0.3988194 0.3703645 0.3561500 0.3514505 0.3514505 0.3449941 0.3449941 0.3521353 0.3521353 0.3645755 0.4138812 0.4138812 0.4991142 0.4991142 0.5228355 0.5228355 0.5228355 0.5185866 0.5185866 0.5088281 0.5088281 0.4973127 0.4973127 0.4858462 0.4858462 0.4755549 0.4755549 0.4755549
0.6627552 0.6627552 0.6481336 0.6344759 0.6306675 0.6306675 0.6274681 0.6221105 0.6221105 0.6176151 0.6176151 0.6136963 0.6119019 0.6101986 0.6085754 0.6085754 0.6079742 0.6063043 0.6039353 0.6014707 0.5993854 0.5979277 0.5971850 0.5972119 0.5979666 0.5993052 0.6008939 0.6025916 0.6001601 0.5859145 0.5859145 0.4601046 0.4141040 0.3712312 0.3599309 0.3599309 0.3487065 0.3487065 0.3546672 0.3546672 0.3660280 0.4080333 0.4080333 0.4852633 0.4852633 0.5228341 0.5228341 0.5228341 0.5190355 0.5190355 0.5092306 0.5092306 0.4976530 0.4976530 0.4861600 0.4861600 0.4758860 0.4758860 0.4758860
0.6617647 0.6617647 0.6471056 0.6344872 0.6306728 0.6306728 0.6274592 0.6220828 0.6220828 0.6175806 0.6175806 0.6136578 0.6118613 0.6101559 0.6085305 0.6085305 0.6069946 0.6038277 0.5993840 0.5946022 0.5901678 0.5864685 0.5836797 0.5818903 0.5811067 0.5812467 0.5820705 0.5833066 0.5822915 0.5734293 0.5734293 0.4903574 0.4425002 0.3870538 0.3712763 0.3712763 0.3573335 0.3573335 0.3660189 0.3660189 0.3782091 0.4142933 0.4142933 0.4739971 0.4739971 0.5192820 0.5192820 0.5192820 0.5180597 0.5180597 0.5089316 0.5089316 0.4975027 0.4975027 0.4861182 0.4861182 0.4759475 0.4759475 0.4759475
0.6609682 0.6609682 0.6462915 0.6345071 0.6307014 0.6307014 0.6274764 0.6220827 0.6220827 0.6175779 0.6175779 0.6136566 0.6118609 0.6101559 0.6085307 0.6085307 0.6056257 0.6008536 0.5944206 0.5875179 0.5809872 0.5753165 0.5707429 0.5673709 0.5652137 0.5642061 0.5641601 0.5648264 0.5643220 0.5582312 0.5582312 0.5042893 0.4610196 0.4030173 0.3858781 0.3858781 0.3739762 0.3739762 0.3875698 0.3875698 0.3998249 0.4269795 0.4269795 0.4658052 0.4658052 0.5107430 0.5107430 0.5107430 0.5137060 0.5137060 0.5066266 0.5066266 0.4960991 0.4960991 0.4852230 0.4852230 0.4754617 0.4754617 0.4754617
0.6603576 0.6603576 0.6456701 0.6345202 0.6307305 0.6307305 0.6274955 0.6220835 0.6220835 0.6175756 0.6175756 0.6136561 0.6118612 0.6101567 0.6085317 0.6085317 0.6036791 0.5970815 0.5886255 0.5796695 0.5711418 0.5635937 0.5573147 0.5524368 0.5489879 0.5469131 0.5460524 0.5461702 0.5459318 0.5419464 0.5419464 0.5068133 0.4707624 0.4176877 0.4033295 0.4033295 0.4002818 0.4002818 0.4180702 0.4180702 0.4276752 0.4423055 0.4423055 0.4614424 0.4614424 0.4985791 0.4985791 0.4985791 0.5057755 0.5057755 0.5020078 0.5020078 0.4933569 0.4933569 0.4835860 0.4835860 0.4746462 0.4746462 0.4746462
0.6599267 0.6599267 0.6452320 0.6345274 0.6307546 0.6307546 0.6275125 0.6220844 0.6220844 0.6175737 0.6175737 0.6136556 0.6118613 0.6101572 0.6085325 0.6085325 0.6009704 0.5922640 0.5817082 0.5707465 0.5603188 0.5509896 0.5430737 0.5367282 0.5320035 0.5288658 0.5271865 0.5267517 0.5266148 0.5242441 0.5242441 0.5017064 0.4737210 0.4326256 0.4260455 0.4260455 0.4366069 0.4366069 0.4526560 0.4526560 0.4564236 0.4572416 0.4572416 0.4606875 0.4606875 0.4855492 0.4855492 0.4855492 0.4951955 0.4951955 0.4951068 0.4951068 0.4891599 0.4891599 0.4811751 0.4811751 0.4735497 0.4735497 0.4735497
0.6596702 0.6596702 0.6449716 0.6345306 0.6307706 0.6307706 0.6275240 0.6220853 0.6220853 0.6175724 0.6175724 0.6136552 0.6118613 0.6101575 0.6085330 0.6085330 0.5972435 0.5860958 0.5733329 0.5604013 0.5481836 0.5372052 0.5277700 0.5200410 0.5140848 0.5098915 0.5073681 0.5063376 0.5061400 0.5049785 0.5049785 0.4913006 0.4720646 0.4523851 0.4584873 0.4584873 0.4795525 0.4795525 0.4849057 0.4849057 0.4814456 0.4703530 0.4703530 0.4626730 0.4626730 0.4740483 0.4740483 0.4740483 0.4834723 0.4834723 0.4863542 0.4863542 0.4835102 0.4835102 0.4779324 0.4779324 0.4721552 0.4721552 0.4721552
0.6595851 0.6595851 0.6448851 0.6345314 0.6307761 0.6307761 0.6275281 0.6220857 0.6220857 0.6175719 0.6175719 0.6136550 0.6118613 0.6101575 0.6085332 0.6085332 0.5921360 0.5781753 0.5630804 0.5482115 0.5343302 0.5218735 0.5110944 0.5021337 0.4950574 0.4898711 0.4865148 0.4848561 0.4844619 0.4842296 0.4842296 0.4774485 0.4689298 0.4838023 0.5031418 0.5031418 0.5212212 0.5212212 0.5105103 0.5105103 0.5010048 0.4815425 0.4815425 0.4664468 0.4664468 0.4653580 0.4653580 0.4653580 0.4721329 0.4721329 0.4765218 0.4765218 0.4766123 0.4766123 0.4738634 0.4738634 0.4704418 0.4704418 0.4704418
0.6596701 0.6596701 0.6449717 0.6345305 0.6307706 0.6307706 0.6275241 0.6220853 0.6220853 0.6175723 0.6175723 0.6136551 0.6118614 0.6101574 0.6085330 0.6085330 0.5851265 0.5679531 0.5504033 0.5336469 0.5182596 0.5045415 0.4926552 0.4826883 0.4746828 0.4686436 0.4645343 0.4622672 0.4616192 0.4623348 0.4623348 0.4625917 0.4703791 0.5312456 0.5545059 0.5545059 0.5537653 0.5537653 0.5290941 0.5290941 0.5157967 0.4911376 0.4911376 0.4711442 0.4711442 0.4596672 0.4596672 0.4596672 0.4622998 0.4622998 0.4665448 0.4665448 0.4689004 0.4689004 0.4690993 0.4690993 0.4684261 0.4684261 0.4684261
0.6599267 0.6599267 0.6452321 0.6345273 0.6307546 0.6307546 0.6275125 0.6220845 0.6220845 0.6175736 0.6175736 0.6136556 0.6118613 0.6101571 0.6085326 0.6085326 0.5754418 0.5546481 0.5345588 0.5160189 0.4993449 0.4846495 0.4719655 0.4612969 0.4526373 0.4459729 0.4412751 0.4385003 0.4377061 0.4402234 0.4402234 0.4518717 0.4877740 0.5881141 0.5990100 0.5990100 0.5751570 0.5751570 0.5424688 0.5424688 0.5271941 0.4993739 0.4993739 0.4760719 0.4760719 0.4565053 0.4565053 0.4565053 0.4545367 0.4545367 0.4573072 0.4573072 0.4609930 0.4609930 0.4639341 0.4639341 0.4662005 0.4662005 0.4662005
0.6603577 0.6603577 0.6456701 0.6345201 0.6307305 0.6307305 0.6274955 0.6220834 0.6220834 0.6175755 0.6175755 0.6136561 0.6118612 0.6101566 0.6085318 0.6085318 0.5618843 0.5371030 0.5144957 0.4943981 0.4767735 0.4614910 0.4484166 0.4374437 0.4284967 0.4215266 0.4164975 0.4134247 0.4130113 0.4208473 0.4208473 0.4573223 0.5343957 0.6356081 0.6265286 0.6265286 0.5885102 0.5885102 0.5523687 0.5523687 0.5361422 0.5062710 0.5062710 0.4806997 0.4806997 0.4551532 0.4551532 0.4551532 0.4489092 0.4489092 0.4494678 0.4494678 0.4535798 0.4535798 0.4588020 0.4588020 0.4639403 0.4639403 0.4639403
