simulation_files/asc/Depth____355.0.asc
NCOLS       216
NROWS       273
XLLCENTER        494.688995
YLLCENTER        787.867981
CELLSIZE           0.500
NODATA_VALUE     -9999.0
[rows 182 to 207 of 273, columns 120 to 179 of 216]
-9999.000 -9999.000 -9999.000 -9999.000 -9999.000 -9999.000 -9999.000 -9999.000 0.1840984E-01 0.5471514E-01 0.1443235 0.2171880 0.2241800 0.1756570 0.9751260E-01 0.5088189E-01 0.2079220E-01 0.3863680E-01 0.6758393E-01 0.6992905E-01 0.6161412E-01 0.1214199 0.2187942 0.2168799 0.2214002 0.2662722 0.2721355 0.2473874 0.2673172 0.3071500 0.3364076 0.3622547 0.3392204 0.2996759 0.2782775 0.2852443 0.2869869 0.2913999 0.2615560 0.2060143 0.1384255 0.5957823E-01 -9999.000 -9999.000 -9999.000 -9999.000 -9999.000 -9999.000 -9999.000 -9999.000 -9999.000 -9999.000 -9999.000 -9999.000 -9999.000 -9999.000 -9999.000 -9999.000 -9999.000 -9999.000
-9999.000 -9999.000 -9999.000 -9999.000 -9999.000 -9999.000 -9999.000 -9999.000 -9999.000 0.4267047E-01 0.1216196 0.1983238 0.2253252 0.1996033 0.1515358 0.9088398E-01 0.4218071E-01 0.4255773E-01 0.6225040E-01 0.5296370E-01 0.5153360E-01 0.1084543 0.1757170 0.1895044 0.2181288 0.2884076 0.3084229 0.2608370 0.2728432 0.3429133 0.3692433 0.3786375 0.3679834 0.3212007 0.3055210 0.2994710 0.3042358 0.3069375 0.2894814 0.2661948 0.1795272 0.7146073E-01 -9999.000 -9999.000 -9999.000 -9999.000 -9999.000 -9999.000 -9999.000 -9999.000 -9999.000 -9999.000 -9999.000 -9999.000 -9999.000 -9999.000 -9999.000 -9999.000 -9999.000 -9999.000
-9999.000 -9999.000 -9999.000 -9999.000 -9999.000 -9999.000 -9999.000 -9999.000 -9999.000 -9999.000 0.1207188 0.1995166 0.2325062 0.2293614 0.1941626 0.1390572 0.8029641E-01 0.5286573E-01 0.5265656E-01 0.4832317E-01 0.5628982E-01 0.8423727E-01 0.1037483 0.1177748 0.1677934 0.2475833 0.2961838 0.2824300 0.3051621 0.3528030 0.3328418 0.3219393 0.3277264 0.3140331 0.2709782 0.2696911 0.2743191 0.2877953 0.2936459 0.2805673 0.2293495 0.1283002 0.6589667E-01 -9999.000 -9999.000 -9999.000 -9999.000 -9999.000 -9999.000 -9999.000 -9999.000 -9999.000 -9999.000 -9999.000 -9999.000 -9999.000 -9999.000 -9999.000 -9999.000 -9999.000
-9999.000 -9999.000 -9999.000 -9999.000 -9999.000 -9999.000 -9999.000 -9999.000 -9999.000 -9999.000 0.1255368 0.1965724 0.2424784 0.2455296 0.2250683 0.1781807 0.1095004 0.6812790E-01 0.5442294E-01 0.6248022E-01 0.7480674E-01 0.7568871E-01 0.6595433E-01 0.8210237E-01 0.1243325 0.1840140 0.2368913 0.2609072 0.3289010 0.3086902 0.2432031 0.2563375 0.2760460 0.2080989 0.1720862 0.1524439 0.1826498 0.2088937 0.2407489 0.2504024 0.2218688 0.1559016 0.1204538 -9999.000 -9999.000 -9999.000 -9999.000 -9999.000 -9999.000 -9999.000 -9999.000 -9999.000 -9999.000 -9999.000 -9999.000 -9999.000 -9999.000 -9999.000 -9999.000 -9999.000
-9999.000 -9999.000 -9999.000 -9999.000 -9999.000 -9999.000 -9999.000 -9999.000 -9999.000 -9999.000 -9999.000 0.1693888 0.2323477 0.2437102 0.2348339 0.1922595 0.1346497 0.7233559E-01 0.4453378E-01 0.4900780E-01 0.6778948E-01 0.6824023E-01 0.6638493E-01 0.9340116E-01 0.1459203 0.1900881 0.2242803 0.2504827 0.2627450 0.2140884 0.1921808 0.2856842 0.3073716 0.2542232 0.1801888 0.1574789 0.1720482 0.1885770 0.2071949 0.2233216 0.2149927 0.1833344 0.1475522 0.1019922 -9999.000 -9999.000 -9999.000 -9999.000 -9999.000 -9999.000 -9999.000 -9999.000 -9999.000 -9999.000 -9999.000 -9999.000 -9999.000 -9999.000 -9999.000 -9999.000
-9999.000 -9999.000 -9999.000 -9999.000 -9999.000 -9999.000 -9999.000 -9999.000 -9999.000 -9999.000 -9999.000 0.1375353 0.2049737 0.2159082 0.2283710 0.1937750 0.1131756 0.6654192E-01 0.4069680E-01 0.2826704E-01 0.3836240E-01 0.5776277E-01 0.7260868E-01 0.1133149 0.1878277 0.2136196 0.2087342 0.1905306 0.1959544 0.1881070 0.1990781 0.2856293 0.3518409 0.3321020 0.2700271 0.1986194 0.2026563 0.2274184 0.2303484 0.2161683 0.2101949 0.1783624 0.1339604 0.8776397E-01 -9999.000 -9999.000 -9999.000 -9999.000 -9999.000 -9999.000 -9999.000 -9999.000 -9999.000 -9999.000 -9999.000 -9999.000 -9999.000 -9999.000 -9999.000 -9999.000
-9999.000 -9999.000 -9999.000 -9999.000 -9999.000 -9999.000 -9999.000 -9999.000 -9999.000 -9999.000 -9999.000 0.1372300 0.1861098 0.1886838 0.2083741 0.1859393 0.1274715 0.9598281E-01 0.6537614E-01 0.3709492E-01 0.2824810E-01 0.3585215E-01 0.5417852E-01 0.9330844E-01 0.1358179 0.1453420 0.1708539 0.1708993 0.2090225 0.2414390 0.2236057 0.2571175 0.3058451 0.2956571 0.2654441 0.2327528 0.2266900 0.2254571 0.1950266 0.1918729 0.2041990 0.1933070 0.1771449 0.1399697 0.1018723 0.6158040E-01 -9999.000 -9999.000 -9999.000 -9999.000 -9999.000 -9999.000 -9999.000 -9999.000 -9999.000 -9999.000 -9999.000 -9999.000 -9999.000 -9999.000
-9999.000 -9999.000 -9999.000 -9999.000 -9999.000 -9999.000 -9999.000 -9999.000 -9999.000 -9999.000 -9999.000 0.8823399E-01 0.1527232 0.1862558 0.2105529 0.2084092 0.1843955 0.1576137 0.1093393 0.7906927E-01 0.3825288E-01 0.1981881E-01 0.2956814E-01 0.5918039E-01 0.7871933E-01 0.9320938E-01 0.1742289 0.2134833 0.2553912 0.2820631 0.2725778 0.2594111 0.2496691 0.2298407 0.2426091 0.2496173 0.2444101 0.1898551 0.1793702 0.2134272 0.2285733 0.2241157 0.2366478 0.2192440 0.1810718 0.1063546 -9999.000 -9999.000 -9999.000 -9999.000 -9999.000 -9999.000 -9999.000 -9999.000 -9999.000 -9999.000 -9999.000 -9999.000 -9999.000 -9999.000
-9999.000 -9999.000 -9999.000 -9999.000 -9999.000 -9999.000 -9999.000 -9999.000 -9999.000 -9999.000 -9999.000 -9999.000 0.9839765E-01 0.1545587 0.1935205 0.2112782 0.2146328 0.2042556 0.1503604 0.1097674 0.5983910E-01 0.1690062E-01 0.1717567E-01 0.2740924E-01 0.4623697E-01 0.8875891E-01 0.1641479 0.2168132 0.2564037 0.2826745 0.2713428 0.2707086 0.2843487 0.2655850 0.2599857 0.2931748 0.2546287 0.2172909 0.2468977 0.2747608 0.2726185 0.2633561 0.2824015 0.2644388 0.2275686 0.1417307 0.3848694E-01 -9999.000 -9999.000 -9999.000 -9999.000 -9999.000 -9999.000 -9999.000 -9999.000 -9999.000 -9999.000 -9999.000 -9999.000 -9999.000
-9999.000 -9999.000 -9999.000 -9999.000 -9999.000 -9999.000 -9999.000 -9999.000 -9999.000 -9999.000 -9999.000 -9999.000 -9999.000 0.1036971 0.1558357 0.1929847 0.2262178 0.2303797 0.1936194 0.1524599 0.1041300 0.4812633E-01 0.2829931E-01 0.3195516E-01 0.3996892E-01 0.6630769E-01 0.1142094 0.1732252 0.2224894 0.2554551 0.2505760 0.2649342 0.2944310 0.2576168 0.2662631 0.3004737 0.2492729 0.2551037 0.3152713 0.3380684 0.3070666 0.3026080 0.3196707 0.2724388 0.2177810 0.1280898 0.3849901E-01 -9999.000 -9999.000 -9999.000 -9999.000 -9999.000 -9999.000 -9999.000 -9999.000 -9999.000 -9999.000 -9999.000 -9999.000 -9999.000
-9999.000 -9999.000 -9999.000 -9999.000 -9999.000 -9999.000 -9999.000 -9999.000 -9999.000 -9999.000 -9999.000 -9999.000 -9999.000 0.5411326E-01 0.1136612 0.1775510 0.2055397 0.2289221 0.2265647 0.1908623 0.1509141 0.9775330E-01 0.5879598E-01 0.3488255E-01 0.2884175E-01 0.3831636E-01 0.6640465E-01 0.1342960 0.2037292 0.2460386 0.2280554 0.2304279 0.2261122 0.2176491 0.2850978 0.3097342 0.2611892 0.2827974 0.3573512 0.3720011 0.3410994 0.3122158 0.2603395 0.1994912 0.1594998 0.1083063 0.7440560E-01 0.4994695E-01 -9999.000 -9999.000 -9999.000 -9999.000 -9999.000 -9999.000 -9999.000 -9999.000 -9999.000 -9999.000 -9999.000 -9999.000
-9999.000 -9999.000 -9999.000 -9999.000 -9999.000 -9999.000 -9999.000 -9999.000 -9999.000 -9999.000 -9999.000 -9999.000 -9999.000 0.3079840E-01 0.9988619E-01 0.1223005 0.1159475 0.1423704 0.1838388 0.1921059 0.1820479 0.1402273 0.9149978E-01 0.4691091E-01 0.2265414E-01 -9999.000 0.3326858E-01 0.9645494E-01 0.1791927 0.2190388 0.1676777 0.1889239 0.2155138 0.2305767 0.2984783 0.3234966 0.2964470 0.3138031 0.3496144 0.3618771 0.3197496 0.2296626 0.1897789 0.1527454 0.1629487 0.1753470 0.1550687 0.1176148 0.8914381E-01 -9999.000 -9999.000 -9999.000 -9999.000 -9999.000 -9999.000 -9999.000 -9999.000 -9999.000 -9999.000 -9999.000
-9999.000 -9999.000 -9999.000 -9999.000 -9999.000 -9999.000 -9999.000 -9999.000 -9999.000 -9999.000 -9999.000 -9999.000 -9999.000 -9999.000 0.8436831E-01 0.6498674E-01 -9999.000 0.3831020E-01 0.9519624E-01 0.1613165 0.1994079 0.1722556 0.1392937 0.8831819E-01 0.4861370E-01 0.3782213E-01 0.2960068E-01 0.7391831E-01 0.1469512 0.1626566 0.1267915 0.1757864 0.2294827 0.2527491 0.2884643 0.3179555 0.3141173 0.3092830 0.3213772 0.3182511 0.2699827 0.2528462 0.2260034 0.2188285 0.2427762 0.2470887 0.2391502 0.2335937 0.1635096 0.6900066E-01 -9999.000 -9999.000 -9999.000 -9999.000 -9999.000 -9999.000 -9999.000 -9999.000 -9999.000 -9999.000
-9999.000 -9999.000 -9999.000 -9999.000 -9999.000 -9999.000 -9999.000 -9999.000 -9999.000 -9999.000 -9999.000 -9999.000 -9999.000 -9999.000 -9999.000 -9999.000 -9999.000 0.5569416E-01 0.7457167E-01 0.1133884 0.1642586 0.1751245 0.1503636 0.9587745E-01 0.5481461E-01 0.2999533E-01 0.2541581E-01 0.4376806E-01 0.9341535E-01 0.1297973 0.1230255 0.1575917 0.2163085 0.2427964 0.2689754 0.2876615 0.2973491 0.2921315 0.3037936 0.3151170 0.3145199 0.3185300 0.2925111 0.2796027 0.2748771 0.2770800 0.2618852 0.2545900 0.1909664 0.1001806 -9999.000 -9999.000 -9999.000 -9999.000 -9999.000 -9999.000 -9999.000 -9999.000 -9999.000 -9999.000
-9999.000 -9999.000 -9999.000 -9999.000 -9999.000 -9999.000 -9999.000 -9999.000 -9999.000 -9999.000 -9999.000 -9999.000 -9999.000 -9999.000 -9999.000 -9999.000 0.5137223E-01 0.9274717E-01 0.9661387E-01 0.1012852 0.1356790 0.1521343 0.1345853 0.1029009 0.6303024E-01 0.3186987E-01 0.1486975E-01 -9999.000 -9999.000 -9999.000 0.1013565 0.1275440 0.1674292 0.1942028 0.2334071 0.2788201 0.2829974 0.2766440 0.3049847 0.3559245 0.3741271 0.3681046 0.3151867 0.2818467 0.2964975 0.3015809 0.2817633 0.2271701 0.1540799 0.1000904 -9999.000 -9999.000 -9999.000 -9999.000 -9999.000 -9999.000 -9999.000 -9999.000 -9999.000 -9999.000
-9999.000 -9999.000 -9999.000 -9999.000 -9999.000 -9999.000 -9999.000 -9999.000 -9999.000 -9999.000 -9999.000 -9999.000 -9999.000 -9999.000 -9999.000 -9999.000 -9999.000 0.8920215E-01 0.7929835E-01 0.9129713E-01 0.9955008E-01 0.1276432 0.1451468 0.1233436 0.9301761E-01 0.5717916E-01 0.2281946E-01 -9999.000 -9999.000 -9999.000 -9999.000 0.9309966E-01 0.1094716 0.1232878 0.1765367 0.2359400 0.2351101 0.2362887 0.2975298 0.3668345 0.3956442 0.3684727 0.3099973 0.2822144 0.2942387 0.2713945 0.2265688 0.1708227 0.1258017 0.1046791 0.5589020E-01 -9999.000 -9999.000 -9999.000 -9999.000 -9999.000 -9999.000 -9999.000 -9999.000 -9999.000
-9999.000 -9999.000 -9999.000 -9999.000 -9999.000 -9999.000 -9999.000 -9999.000 -9999.000 -9999.000 -9999.000 -9999.000 -9999.000 -9999.000 -9999.000 -9999.000 -9999.000 -9999.000 0.1136378 0.6968466E-01 0.4731068E-01 0.8031332E-01 0.1148230 0.1161349 0.1094463 0.8760080E-01 0.4260663E-01 0.1751093E-01 -9999.000 -9999.000 -9999.000 0.5171455E-01 0.6446204E-01 0.7917072E-01 0.1198956 0.1669218 0.1757938 0.2212777 0.3024310 0.3498464 0.3539888 0.3283598 0.2930702 0.2616468 0.2507234 0.1904484 0.1435362 0.1204527 0.1290150 0.1287362 0.7764062E-01 -9999.000 -9999.000 -9999.000 -9999.000 -9999.000 -9999.000 -9999.000 -9999.000 -9999.000
-9999.000 -9999.000 -9999.000 -9999.000 -9999.000 -9999.000 -9999.000 -9999.000 -9999.000 -9999.000 -9999.000 -9999.000 -9999.000 -9999.000 -9999.000 -9999.000 -9999.000 -9999.000 0.1097307 0.4918757E-01 0.3481159E-01 0.6840426E-01 0.8929528E-01 0.8424654E-01 0.1066466 0.9262436E-01 -9999.000 -9999.000 -9999.000 -9999.000 -9999.000 -9999.000 0.3343983E-01 0.7127504E-01 0.1257985 0.1624952 0.1904358 0.2410914 0.2739868 0.3014546 0.2936358 0.2750710 0.2610146 0.2649218 0.2367956 0.2190756 0.1962043 0.1436446 0.1451583 0.1653696 0.1292833 0.4049291E-01 -9999.000 -9999.000 -9999.000 -9999.000 -9999.000 -9999.000 -9999.000 -9999.000
-9999.000 -9999.000 -9999.000 -9999.000 -9999.000 -9999.000 -9999.000 -9999.000 -9999.000 -9999.000 -9999.000 -9999.000 -9999.000 -9999.000 -9999.000 -9999.000 -9999.000 0.1226498 0.7757397E-01 0.4161722E-01 0.7212060E-01 0.1203496 0.1298360 0.9156716E-01 0.9721960E-01 0.7962605E-01 0.4902630E-01 -9999.000 -9999.000 -9999.000 -9999.000 -9999.000 -9999.000 0.6606617E-01 0.1408967 0.1917585 0.2256790 0.2186993 0.2088534 0.2200862 0.2453956 0.2187860 0.2298933 0.2707348 0.2562203 0.2633860 0.2431567 0.1906993 0.1740481 0.1995502 0.1714344 0.5614633E-01 0.2252006E-01 -9999.000 -9999.000 -9999.000 -9999.000 -9999.000 -9999.000 -9999.000
-9999.000 -9999.000 -9999.000 -9999.000 -9999.000 -9999.000 -9999.000 -9999.000 -9999.000 -9999.000 -9999.000 -9999.000 -9999.000 -9999.000 -9999.000 -9999.000 -9999.000 0.1288201 0.1010812 0.7513142E-01 0.1398231 0.1852141 0.1710165 0.1241777 0.1134446 0.8046819E-01 -9999.000 -9999.000 -9999.000 -9999.000 -9999.000 -9999.000 -9999.000 0.5799852E-01 0.1138739 0.1566265 0.1772566 0.1829102 0.1880312 0.2004047 0.2006338 0.1728535 0.1734086 0.2490357 0.2749184 0.2627444 0.2382108 0.2066576 0.1955232 0.2025337 0.1856654 0.9558916E-01 0.4486743E-01 -9999.000 -9999.000 -9999.000 -9999.000 -9999.000 -9999.000 -9999.000
-9999.000 -9999.000 -9999.000 -9999.000 -9999.000 -9999.000 -9999.000 -9999.000 -9999.000 -9999.000 -9999.000 -9999.000 -9999.000 -9999.000 -9999.000 -9999.000 -9999.000 0.7149055E-01 0.8944304E-01 0.9802565E-01 0.1429717 0.1648623 0.1533870 0.1650573 0.1591117 0.1061309 -9999.000 -9999.000 -9999.000 -9999.000 -9999.000 -9999.000 -9999.000 0.3172153E-01 0.6141188E-01 0.6920896E-01 0.1066519 0.1487883 0.1944733 0.1990147 0.1974524 0.1842875 0.1752872 0.2246927 0.2570193 0.2569909 0.2482547 0.2133150 0.2117278 0.2213176 0.1788431 0.1123780 0.8336209E-01 0.3498899E-01 -9999.000 -9999.000 -9999.000 -9999.000 -9999.000 -9999.000
-9999.000 -9999.000 -9999.000 -9999.000 -9999.000 -9999.000 -9999.000 -9999.000 -9999.000 -9999.000 -9999.000 -9999.000 -9999.000 -9999.000 -9999.000 -9999.000 -9999.000 -9999.000 0.5493650E-01 0.7672344E-01 0.1083169 0.1131777 0.1180048 0.1617928 0.1833133 0.1368578 0.7114711E-01 0.2775556E-01 -9999.000 -9999.000 -9999.000 -9999.000 -9999.000 -9999.000 0.5484235E-01 0.7099217E-01 0.9422204E-01 0.1316871 0.1597005 0.1686187 0.1981626 0.2289480 0.2306527 0.2335011 0.2203402 0.2488711 0.2408342 0.2158485 0.2400754 0.2604684 0.2119691 0.1735786 0.1414838 0.8386638E-01 -9999.000 -9999.000 -9999.000 -9999.000 -9999.000 -9999.000
-9999.000 -9999.000 -9999.000 -9999.000 -9999.000 -9999.000 -9999.000 -9999.000 -9999.000 -9999.000 -9999.000 -9999.000 -9999.000 -9999.000 -9999.000 -9999.000 -9999.000 -9999.000 0.6651842E-01 0.5473305E-01 0.6185115E-01 0.8377530E-01 0.1037986 0.1452375 0.1812798 0.1579586 0.1069363 0.4825638E-01 0.1899592E-01 -9999.000 -9999.000 -9999.000 -9999.000 -9999.000 0.6475791E-01 0.8018030E-01 0.1040152 0.1289089 0.1477380 0.1545918 0.1700679 0.2067914 0.2194088 0.2028331 0.1921162 0.1876171 0.1759812 0.1901159 0.2587149 0.2955131 0.2599774 0.2274490 0.1848187 0.1626413 0.1422184 -9999.000 -9999.000 -9999.000 -9999.000 -9999.000
-9999.000 -9999.000 -9999.000 -9999.000 -9999.000 -9999.000 -9999.000 -9999.000 -9999.000 -9999.000 -9999.000 -9999.000 -9999.000 -9999.000 -9999.000 -9999.000 -9999.000 -9999.000 0.5475813E-01 -9999.000 -9999.000 0.1029948 0.1464046 0.1746749 0.1626570 0.1251973 0.9685239E-01 0.6093293E-01 0.3040593E-01 -9999.000 -9999.000 -9999.000 -9999.000 -9999.000 -9999.000 -9999.000 0.7245219E-01 0.1176107 0.1523205 0.1615013 0.1728513 0.1979190 0.2186752 0.1684337 0.1108980 0.8885686E-01 0.1028370 0.1817330 0.2682003 0.3091420 0.2565421 0.2271789 0.1998660 0.1876732 0.1465248 0.7782296E-01 -9999.000 -9999.000 -9999.000 -9999.000
-9999.000 -9999.000 -9999.000 -9999.000 -9999.000 -9999.000 -9999.000 -9999.000 -9999.000 -9999.000 -9999.000 -9999.000 -9999.000 -9999.000 -9999.000 -9999.000 -9999.000 -9999.000 -9999.000 -9999.000 -9999.000 0.1198588 0.1958619 0.2117555 0.1679301 0.1315278 0.1020887 0.7736596E-01 0.4323448E-01 -9999.000 -9999.000 -9999.000 -9999.000 -9999.000 -9999.000 -9999.000 0.5933169E-01 0.1077279 0.1490385 0.1721779 0.2089426 0.2207725 0.2247099 0.1762496 0.1320002 0.1314695 0.1519367 0.2151444 0.2529362 0.2340970 0.2137680 0.2325201 0.2257332 0.1779368 0.1412287 0.9089808E-01 0.3180204E-01 -9999.000 -9999.000 -9999.000
-9999.000 -9999.000 -9999.000 -9999.000 -9999.000 -9999.000 -9999.000 -9999.000 -9999.000 -9999.000 -9999.000 -9999.000 -9999.000 -9999.000 -9999.000 -9999.000 -9999.000 -9999.000 -9999.000 0.1929852E-01 0.4833784E-01 0.1268687 0.2091574 0.2014724 0.1657625 0.1287180 0.1009745 0.8093819E-01 0.4953478E-01 -9999.000 -9999.000 -9999.000 -9999.000 -9999.000 -9999.000 -9999.000 0.4497066E-01 0.1024118 0.1579704 0.2024787 0.2577308 0.2753592 0.2396877 0.2011811 0.2111904 0.2934525 0.3421354 0.3226437 0.2721074 0.2186427 0.2350906 0.2885773 0.2789560 0.2005133 0.1671093 0.1483469 0.7624119E-01 -9999.000 -9999.000 -9999.000
