simulation_files/asc/Depth____600.0.asc
NCOLS       216
NROWS       273
XLLCENTER        494.688995
YLLCENTER        787.867981
CELLSIZE           0.500
NODATA_VALUE     -9999.0
[rows 162 to 188 of 273, columns 118 to 176 of 216]
2.009072 2.685178 2.882820 2.918490 2.928344 2.938360 2.716291 2.141098 1.527420 0.6623522 0.1820110 0.8668056E-01 0.1156960 0.1587390 0.1408231 0.1294156 0.1549352 0.1690708 0.1919976 0.1993784 0.1946275 0.1533663 0.1067713 0.1141685 0.1436496 0.1495870 0.1139942 0.7545566E-01 -9999.000 -9999.000 -9999.000 -9999.000 -9999.000 -9999.000 -9999.000 -9999.000 -9999.000 -9999.000 -9999.000 -9999.000 -9999.000 -9999.000 -9999.000 -9999.000 -9999.000 -9999.000 -9999.000 -9999.000 -9999.000 -9999.000 -9999.000 -9999.000 -9999.000 -9999.000 -9999.000 -9999.000 -9999.000 -9999.000 -9999.000
1.669861 2.592305 2.876242 2.908400 2.909047 2.500947 1.909594 1.177285 0.4904774 0.1648543 0.1435656 0.1249627 0.1313300 0.1246161 0.1405430 0.1520419 0.1568369 0.1569782 0.1917210 0.2161079 0.2182120 0.1604165 0.1176371 0.1256005 0.1633450 0.1776423 0.1545980 0.1090906 0.5027964E-01 -9999.000 -9999.000 -9999.000 -9999.000 -9999.000 -9999.000 -9999.000 -9999.000 -9999.000 -9999.000 -9999.000 -9999.000 -9999.000 -9999.000 -9999.000 -9999.000 -9999.000 -9999.000 -9999.000 -9999.000 -9999.000 -9999.000 -9999.000 -9999.000 -9999.000 -9999.000 -9999.000 -9999.000 -9999.000 -9999.000
1.269694 2.300216 2.756020 2.896190 2.471465 1.544044 -9999.000 0.2074447 0.1387450 0.1045220 0.1246481 0.1103433 0.1036616 0.9297954E-01 0.1193513 0.1448407 0.1413547 0.1440892 0.1685771 0.2022248 0.2059608 0.1405491 0.1082475 0.1263999 0.1700151 0.1780293 0.1429534 0.1111017 0.5139116E-01 -9999.000 -9999.000 -9999.000 -9999.000 -9999.000 -9999.000 -9999.000 -9999.000 -9999.000 -9999.000 -9999.000 -9999.000 -9999.000 -9999.000 -9999.000 -9999.000 -9999.000 -9999.000 -9999.000 -9999.000 -9999.000 -9999.000 -9999.000 -9999.000 -9999.000 -9999.000 -9999.000 -9999.000 -9999.000 -9999.000
-9999.000 1.494276 2.314801 2.415922 1.490864 0.4872228 0.1251018 0.1402662 0.1125406 0.8101690E-01 0.6981493E-01 0.7029848E-01 0.8417949E-01 0.8372672E-01 0.1092463 0.1390373 0.1485861 0.1686441 0.1937774 0.2188999 0.1719430 0.1142845 0.9886383E-01 0.1162376 0.1595585 0.1601064 0.1450160 0.1085812 0.6179189E-01 0.2405152E-01 -9999.000 -9999.000 -9999.000 -9999.000 -9999.000 -9999.000 -9999.000 -9999.000 -9999.000 -9999.000 -9999.000 -9999.000 -9999.000 -9999.000 -9999.000 -9999.000 -9999.000 -9999.000 -9999.000 -9999.000 -9999.000 -9999.000 -9999.000 -9999.000 -9999.000 -9999.000 -9999.000 -9999.000 -9999.000
-9999.000 0.6729510 1.371289 1.219014 0.5306783 0.1363229 0.1632103 0.1447128 0.1319204 0.9952408E-01 0.6261445E-01 0.5735479E-01 0.6899837E-01 0.6867163E-01 0.1136155 0.1692813 0.2026087 0.2282423 0.2510572 0.2170875 0.1342348 0.1284379 0.1259312 0.1356698 0.1598649 0.1698795 0.1577058 0.1317511 0.1003372 0.5764205E-01 -9999.000 -9999.000 0.1836429E-01 -9999.000 -9999.000 -9999.000 -9999.000 -9999.000 -9999.000 -9999.000 -9999.000 -9999.000 -9999.000 -9999.000 -9999.000 -9999.000 -9999.000 -9999.000 -9999.000 -9999.000 -9999.000 -9999.000 -9999.000 -9999.000 -9999.000 -9999.000 -9999.000 -9999.000 -9999.000
-9999.000 -9999.000 -9999.000 0.3076257 0.1716264 0.1949168 0.1702071 0.1621655 0.1658722 0.1366088 0.1074710 0.9243842E-01 0.8019099E-01 0.7737677E-01 0.1356293 0.2159947 0.2324884 0.2421785 0.2414456 0.1656327 0.9603475E-01 0.1382888 0.1484296 0.1629625 0.1694813 0.1361961 0.1286686 0.1278002 0.1160458 0.8020001E-01 -9999.000 -9999.000 -9999.000 -9999.000 -9999.000 -9999.000 -9999.000 -9999.000 -9999.000 -9999.000 -9999.000 -9999.000 -9999.000 -9999.000 -9999.000 -9999.000 -9999.000 -9999.000 -9999.000 -9999.000 -9999.000 -9999.000 -9999.000 -9999.000 -9999.000 -9999.000 -9999.000 -9999.000 -9999.000
-9999.000 -9999.000 -9999.000 0.8741815E-01 0.1893251 0.1943560 0.1947609 0.2009372 0.2057340 0.1868833 0.1706794 0.1541036 0.1237656 0.1112275 0.1405263 0.1870663 0.1981483 0.1973502 0.1642378 0.1397776 0.9971684E-01 0.1303380 0.1518662 0.1699517 0.1647952 0.1106788 0.9270315E-01 0.1155385 0.1260407 0.1050032 0.5332607E-01 0.2086914E-01 -9999.000 -9999.000 -9999.000 -9999.000 -9999.000 -9999.000 -9999.000 -9999.000 -9999.000 -9999.000 -9999.000 -9999.000 -9999.000 -9999.000 -9999.000 -9999.000 -9999.000 -9999.000 -9999.000 -9999.000 -9999.000 -9999.000 -9999.000 -9999.000 -9999.000 -9999.000 -9999.000
-9999.000 -9999.000 -9999.000 0.7797985E-01 0.1111354 0.1500394 0.2019419 0.2278504 0.2101394 0.1861513 0.1740772 0.1783642 0.1519716 0.1188586 0.1078359 0.9024273E-01 0.1256631 0.1160946 0.1322975 0.1735491 0.1411891 0.1588008 0.1887910 0.2166653 0.2084855 0.1474005 0.1101165 0.1175769 0.1316578 0.1272884 0.8217221E-01 0.4365573E-01 0.3527909E-01 0.2445900E-01 -9999.000 -9999.000 -9999.000 -9999.000 -9999.000 -9999.000 -9999.000 -9999.000 -9999.000 -9999.000 -9999.000 -9999.000 -9999.000 -9999.000 -9999.000 -9999.000 -9999.000 -9999.000 -9999.000 -9999.000 -9999.000 -9999.000 -9999.000 -9999.000 -9999.000
-9999.000 -9999.000 -9999.000 0.2686309E-01 0.6687221E-01 0.1333112 0.1977910 0.2133046 0.2052389 0.1881217 0.1660624 0.1410245 0.1059082 0.8743215E-01 0.9381612E-01 0.1182708 0.1339007 0.1174458 0.1341012 0.1547185 0.1387062 0.1729495 0.2394025 0.2804331 0.2635886 0.1857701 0.1265717 0.1283146 0.1411707 0.1533814 0.1117064 0.7384864E-01 0.6212767E-01 0.5073982E-01 -9999.000 -9999.000 -9999.000 -9999.000 -9999.000 -9999.000 -9999.000 -9999.000 -9999.000 -9999.000 -9999.000 -9999.000 -9999.000 -9999.000 -9999.000 -9999.000 -9999.000 -9999.000 -9999.000 -9999.000 -9999.000 -9999.000 -9999.000 -9999.000 -9999.000
-9999.000 -9999.000 -9999.000 -9999.000 -9999.000 0.9794123E-01 0.1407709 0.1759448 0.2044773 0.2246311 0.1647518 0.8698573E-01 0.5041835E-01 0.4651562E-01 0.8770422E-01 0.1547296 0.1917173 0.2076088 0.1550141 0.9244213E-01 0.7832014E-01 0.1488213 0.2576678 0.2961221 0.2510797 0.1766731 0.1396095 0.1603673 0.1844917 0.1910614 0.1407915 0.1099841 0.1128939 0.9256192E-01 0.6952567E-01 0.6185407E-01 -9999.000 0.2539866E-01 -9999.000 -9999.000 -9999.000 -9999.000 -9999.000 -9999.000 -9999.000 -9999.000 -9999.000 -9999.000 -9999.000 -9999.000 -9999.000 -9999.000 -9999.000 -9999.000 -9999.000 -9999.000 -9999.000 -9999.000 -9999.000
-9999.000 -9999.000 -9999.000 -9999.000 -9999.000 0.5701264E-01 0.7206473E-01 0.1259143 0.1855249 0.2083804 0.1728896 0.1061043 0.7256603E-01 0.7433139E-01 0.1089595 0.1700182 0.2041509 0.2357991 0.1972566 0.1196411 0.9953835E-01 0.1624760 0.2469640 0.2609565 0.2229430 0.1606437 0.1382971 0.1473141 0.1807582 0.2030523 0.1656982 0.1548416 0.1670366 0.1602694 0.1084118 0.8934578E-01 0.8509899E-01 0.5952628E-01 -9999.000 -9999.000 -9999.000 -9999.000 -9999.000 -9999.000 -9999.000 -9999.000 -9999.000 -9999.000 -9999.000 -9999.000 -9999.000 -9999.000 -9999.000 -9999.000 -9999.000 -9999.000 -9999.000 -9999.000 -9999.000
-9999.000 -9999.000 -9999.000 -9999.000 -9999.000 0.4426299E-01 0.7598838E-01 0.1178185 0.1643901 0.1854374 0.1922195 0.1627547 0.1182917 0.1149962 0.1415842 0.1727474 0.1975836 0.2448122 0.2514938 0.2138121 0.2004877 0.2038009 0.2129461 0.2236209 0.1634232 0.1322714 0.1147423 0.1070313 0.1292617 0.1712930 0.1567326 0.1605704 0.1786907 0.1725491 0.1440124 0.1171508 0.1172174 0.1074585 0.6122387E-01 -9999.000 -9999.000 -9999.000 -9999.000 -9999.000 -9999.000 -9999.000 -9999.000 -9999.000 -9999.000 -9999.000 -9999.000 -9999.000 -9999.000 -9999.000 -9999.000 -9999.000 -9999.000 -9999.000 -9999.000
-9999.000 -9999.000 -9999.000 -9999.000 -9999.000 -9999.000 0.1040886 0.1096468 0.1424695 0.1859236 0.2145783 0.1950993 0.1457440 0.1127045 0.1200415 0.1409670 0.1764639 0.2401638 0.2627356 0.2625318 0.2761415 0.2129563 0.1722693 0.1558690 0.1349066 0.1155904 0.1005792 0.1047930 0.1283778 0.1584253 0.1418124 0.1316231 0.1405491 0.1540137 0.1401129 0.1136707 0.1219039 0.1184395 0.7605892E-01 0.3668367E-01 -9999.000 -9999.000 -9999.000 -9999.000 -9999.000 -9999.000 -9999.000 -9999.000 -9999.000 -9999.000 -9999.000 -9999.000 -9999.000 -9999.000 -9999.000 -9999.000 -9999.000 -9999.000 -9999.000
-9999.000 -9999.000 -9999.000 -9999.000 -9999.000 -9999.000 -9999.000 0.5844924E-01 0.9965651E-01 0.1781407 0.2262235 0.2051599 0.1493498 0.8615594E-01 0.6681708E-01 0.7501082E-01 0.1270698 0.2235528 0.2337478 0.2145953 0.1864991 0.1442225 0.1340289 0.1735293 0.2028127 0.1419449 0.1181894 0.1328294 0.1526917 0.1764069 0.1686404 0.1410965 0.1318278 0.1475654 0.1254758 0.7663465E-01 0.7643013E-01 0.1072571 0.9944805E-01 0.8061563E-01 -9999.000 -9999.000 -9999.000 -9999.000 -9999.000 -9999.000 -9999.000 -9999.000 -9999.000 -9999.000 -9999.000 -9999.000 -9999.000 -9999.000 -9999.000 -9999.000 -9999.000 -9999.000 -9999.000
-9999.000 -9999.000 -9999.000 -9999.000 -9999.000 -9999.000 -9999.000 -9999.000 0.5613484E-01 0.1341006 0.1900715 0.1871606 0.1252292 0.5609781E-01 0.3241191E-01 0.3410023E-01 0.7912782E-01 0.1573947 0.1534118 0.1239426 0.9809054E-01 0.1045686 0.1336870 0.2131904 0.2478428 0.1947453 0.1821433 0.1951503 0.2037157 0.2156349 0.2300579 0.2294966 0.1825769 0.1452215 0.9050245E-01 0.3735137E-01 0.7155103E-01 0.1201175 0.1329697 0.9547494E-01 -9999.000 -9999.000 -9999.000 -9999.000 -9999.000 -9999.000 -9999.000 -9999.000 -9999.000 -9999.000 -9999.000 -9999.000 -9999.000 -9999.000 -9999.000 -9999.000 -9999.000 -9999.000 -9999.000
-9999.000 -9999.000 -9999.000 -9999.000 -9999.000 -9999.000 -9999.000 -9999.000 0.2827542E-01 0.7854122E-01 0.1441784 0.1624180 0.1267782 0.5665181E-01 0.2593985E-01 -9999.000 -9999.000 0.7704744E-01 0.9328772E-01 0.9488758E-01 0.1190066 0.1214280 0.1296891 0.2054810 0.2501669 0.2338739 0.2265616 0.2292125 0.2074715 0.2021032 0.2539498 0.2644136 0.2300258 0.1568299 0.7257197E-01 0.6219195E-01 0.1087749 0.1263074 0.1155217 0.9032829E-01 0.4733211E-01 -9999.000 -9999.000 -9999.000 -9999.000 -9999.000 -9999.000 -9999.000 -9999.000 -9999.000 -9999.000 -9999.000 -9999.000 -9999.000 -9999.000 -9999.000 -9999.000 -9999.000 -9999.000
-9999.000 -9999.000 -9999.000 -9999.000 -9999.000 -9999.000 -9999.000 -9999.000 -9999.000 0.6542970E-01 0.1386662 0.1637512 0.1479850 0.9579940E-01 0.4786511E-01 0.2445511E-01 0.1662058E-01 0.4019678E-01 0.5907852E-01 0.7938933E-01 0.1166093 0.1517230 0.1535019 0.1964192 0.2492415 0.2399345 0.2167120 0.1854989 0.1147768 0.1198413 0.1991471 0.2179695 0.2133899 0.1625010 0.1190615 0.1317964 0.1417578 0.1314412 0.1153653 0.1241701 0.9954220E-01 -9999.000 -9999.000 -9999.000 -9999.000 -9999.000 -9999.000 -9999.000 -9999.000 -9999.000 -9999.000 -9999.000 -9999.000 -9999.000 -9999.000 -9999.000 -9999.000 -9999.000 -9999.000
-9999.000 -9999.000 -9999.000 -9999.000 -9999.000 -9999.000 -9999.000 -9999.000 -9999.000 -9999.000 0.9815628E-01 0.1358881 0.1503168 0.1258153 0.8344056E-01 0.3649147E-01 -9999.000 0.2150813E-01 0.3784147E-01 0.6061113E-01 0.1078395 0.1690585 0.1790772 0.1953128 0.2449165 0.2175253 0.1690723 0.1089278 0.1071986 0.1308210 0.1481722 0.1531615 0.1614253 0.1443130 0.1417928 0.1738344 0.1691732 0.1459763 0.1558448 0.1726753 0.1336072 -9999.000 -9999.000 -9999.000 -9999.000 -9999.000 -9999.000 -9999.000 -9999.000 -9999.000 -9999.000 -9999.000 -9999.000 -9999.000 -9999.000 -9999.000 -9999.000 -9999.000 -9999.000
-9999.000 -9999.000 -9999.000 -9999.000 -9999.000 -9999.000 -9999.000 -9999.000 -9999.000 0.2115159E-01 0.6043017E-01 0.1098903 0.1459595 0.1601030 0.1183678 0.5732087E-01 0.2071516E-01 0.1814418E-01 0.3088591E-01 0.5027349E-01 0.8752808E-01 0.1388771 0.1534790 0.1857526 0.2120776 0.1748820 0.1123827 0.8147992E-01 0.1384713 0.1836487 0.1709921 0.1424061 0.1434461 0.1290509 0.1370716 0.1853722 0.1762088 0.1485694 0.1663238 0.2002361 0.1607687 0.9446377E-01 -9999.000 -9999.000 -9999.000 -9999.000 -9999.000 -9999.000 -9999.000 -9999.000 -9999.000 -9999.000 -9999.000 -9999.000 -9999.000 -9999.000 -9999.000 -9999.000 -9999.000
-9999.000 -9999.000 -9999.000 -9999.000 -9999.000 -9999.000 -9999.000 -9999.000 -9999.000 -9999.000 -9999.000 0.5784807E-01 0.1172227 0.1630795 0.1475157 0.9107166E-01 -9999.000 -9999.000 -9999.000 -9999.000 0.5423581E-01 0.9534110E-01 0.1086527 0.1410967 0.1772394 0.1537339 0.1428554 0.1429925 0.1859966 0.2152213 0.2197038 0.1848882 0.1923978 0.1902605 0.1937004 0.2171535 0.1937912 0.1781599 0.1895466 0.2120215 0.1896153 0.1175302 0.7044492E-01 -9999.000 -9999.000 -9999.000 -9999.000 -9999.000 -9999.000 -9999.000 -9999.000 -9999.000 -9999.000 -9999.000 -9999.000 -9999.000 -9999.000 -9999.000 -9999.000
-9999.000 -9999.000 -9999.000 -9999.000 -9999.000 -9999.000 -9999.000 -9999.000 -9999.000 -9999.000 -9999.000 -9999.000 0.7046206E-01 0.1325427 0.1437764 0.1096090 0.4774516E-01 -9999.000 -9999.000 -9999.000 0.3558812E-01 0.4895065E-01 0.4372817E-01 0.7635185E-01 0.1711547 0.1917559 0.1922582 0.2252957 0.2269647 0.2059712 0.2277605 0.2623862 0.2860803 0.3081082 0.2832949 0.2461291 0.2245780 0.2294740 0.2332178 0.2401067 0.2137280 0.1600226 0.1065866 -9999.000 -9999.000 -9999.000 -9999.000 -9999.000 -9999.000 -9999.000 -9999.000 -9999.000 -9999.000 -9999.000 -9999.000 -9999.000 -9999.000 -9999.000 -9999.000
-9999.000 -9999.000 -9999.000 -9999.000 -9999.000 -9999.000 -9999.000 -9999.000 -9999.000 -9999.000 -9999.000 -9999.000 0.5973058E-01 0.1312312 0.1582944 0.1329072 0.8325744E-01 -9999.000 -9999.000 -9999.000 0.3213671E-01 0.3721572E-01 0.2387582E-01 0.5985816E-01 0.1392952 0.1676632 0.1863868 0.2447314 0.2627619 0.2202813 0.2296774 0.2934827 0.3162318 0.3257440 0.3137211 0.2679822 0.2482282 0.2425100 0.2503597 0.2557330 0.2415372 0.2193804 0.1497014 0.5837928E-01 -9999.000 -9999.000 -9999.000 -9999.000 -9999.000 -9999.000 -9999.000 -9999.000 -9999.000 -9999.000 -9999.000 -9999.000 -9999.000 -9999.000 -9999.000
-9999.000 -9999.000 -9999.000 -9999.000 -9999.000 -9999.000 -9999.000 -9999.000 -9999.000 -9999.000 -9999.000 -9999.000 0.6071763E-01 0.1406609 0.1690834 0.1603684 0.1234404 0.6579488E-01 0.3050362E-01 0.2658071E-01 0.3335578E-01 0.2945724E-01 0.2355424E-01 0.5246841E-01 0.8957697E-01 0.9780304E-01 0.1248558 0.1996075 0.2505675 0.2407240 0.2584185 0.3014537 0.2883054 0.2753590 0.2773946 0.2680981 0.2315279 0.2293927 0.2312853 0.2459539 0.2520361 0.2361628 0.1844833 0.9618256E-01 -9999.000 -9999.000 -9999.000 -9999.000 -9999.000 -9999.000 -9999.000 -9999.000 -9999.000 -9999.000 -9999.000 -9999.000 -9999.000 -9999.000 -9999.000
-9999.000 -9999.000 -9999.000 -9999.000 -9999.000 -9999.000 -9999.000 -9999.000 -9999.000 -9999.000 -9999.000 0.1089738E-01 0.5095706E-01 0.1212734 0.1687639 0.1737763 0.1553464 0.1038505 0.4486900E-01 0.3378174E-01 0.3452340E-01 0.3929567E-01 0.4948801E-01 0.6488234E-01 0.6669299E-01 0.5362298E-01 0.8052636E-01 0.1368223 0.1900022 0.2151421 0.2819817 0.2729916 0.2112544 0.2118272 0.2289176 0.1751917 0.1449981 0.1247057 0.1459316 0.1734709 0.2016912 0.2084590 0.1800906 0.1140627 0.7856768E-01 -9999.000 -9999.000 -9999.000 -9999.000 -9999.000 -9999.000 -9999.000 -9999.000 -9999.000 -9999.000 -9999.000 -9999.000 -9999.000 -9999.000
-9999.000 -9999.000 -9999.000 -9999.000 -9999.000 -9999.000 -9999.000 -9999.000 -9999.000 -9999.000 -9999.000 -9999.000 -9999.000 0.9081375E-01 0.1554369 0.1737407 0.1647764 0.1197091 0.6804594E-01 0.3074055E-01 0.2575953E-01 0.3571179E-01 0.5394972E-01 0.6197775E-01 0.4815591E-01 0.6274091E-01 0.1071104 0.1452781 0.1781360 0.2108296 0.2336996 0.1913668 0.1535055 0.2335070 0.2603820 0.2049173 0.1372602 0.1168603 0.1305250 0.1384898 0.1567886 0.1759566 0.1703726 0.1394588 0.1014497 0.5275712E-01 -9999.000 -9999.000 -9999.000 -9999.000 -9999.000 -9999.000 -9999.000 -9999.000 -9999.000 -9999.000 -9999.000 -9999.000 -9999.000
-9999.000 -9999.000 -9999.000 -9999.000 -9999.000 -9999.000 -9999.000 -9999.000 -9999.000 -9999.000 -9999.000 -9999.000 -9999.000 0.8830087E-01 0.1354376 0.1437476 0.1564511 0.1294302 0.6519665E-01 0.2883021E-01 0.1653199E-01 0.1834156E-01 -9999.000 0.3578696E-01 0.4783493E-01 0.7794031E-01 0.1473677 0.1742974 0.1763663 0.1635469 0.1626259 0.1475968 0.1490693 0.2371724 0.3024168 0.2900513 0.2363014 0.1654856 0.1587315 0.1801435 0.1863185 0.1816257 0.1753088 0.1447715 0.9605992E-01 0.4750665E-01 -9999.000 -9999.000 -9999.000 -9999.000 -9999.000 -9999.000 -9999.000 -9999.000 -9999.000 -9999.000 -9999.000 -9999.000 -9999.000
-9999.000 -9999.000 -9999.000 -9999.000 -9999.000 -9999.000 -9999.000 -9999.000 -9999.000 -9999.000 -9999.000 -9999.000 -9999.000 0.8835340E-01 0.1183809 0.1207577 0.1456353 0.1331964 0.8322887E-01 0.5255441E-01 0.2754943E-01 -9999.000 0.1266892E-01 -9999.000 0.3547380E-01 0.5580735E-01 0.1031919 0.1219818 0.1430770 0.1388041 0.1636263 0.1919740 0.1753754 0.2142269 0.2647454 0.2797154 0.2449605 0.1964103 0.1823626 0.1975805 0.1829646 0.1675109 0.1686713 0.1553678 0.1313854 0.9420474E-01 0.6647446E-01 0.3520324E-01 -9999.000 -9999.000 -9999.000 -9999.000 -9999.000 -9999.000 -9999.000 -9999.000 -9999.000 -9999.000 -9999.000
