simulation_files/asc/Depth____240.0.asc
NCOLS       216
NROWS       273
XLLCENTER        494.688995
YLLCENTER        787.867981
CELLSIZE           0.500
NODATA_VALUE     -9999.0
[rows 182 to 207 of 273, columns 120 to 179 of 216]
-9999.000 -9999.000 -9999.000 -9999.000 -9999.000 -9999.000 -9999.000 -9999.000 -9999.000 0.8912165E-01 0.1635817 0.2504395 0.2561639 0.2038173 0.1264712 0.7686801E-01 0.3804725E-01 0.5526416E-01 0.8062842E-01 0.7550562E-01 0.8021098E-01 0.1461117 0.2284530 0.2157289 0.2335707 0.2836441 0.2905292 0.2640167 0.2828698 0.3242657 0.3557006 0.3832689 0.3610416 0.3205242 0.2986303 0.3060296 0.3062337 0.3088590 0.2776805 0.2218381 0.1428047 0.6484334E-01 -9999.000 -9999.000 -9999.000 -9999.000 -9999.000 -9999.000 -9999.000 -9999.000 -9999.000 -9999.000 -9999.000 -9999.000 -9999.000 -9999.000 -9999.000 -9999.000 -9999.000 -9999.000
-9999.000 -9999.000 -9999.000 -9999.000 -9999.000 -9999.000 -9999.000 -9999.000 -9999.000 0.5184074E-01 0.1423397 0.2222225 0.2507948 0.2266320 0.1804857 0.1206353 0.6804063E-01 0.6003018E-01 0.7195698E-01 0.6196427E-01 0.6713077E-01 0.1143903 0.1696532 0.1901491 0.2326844 0.3067092 0.3270356 0.2770229 0.2889468 0.3619698 0.3889920 0.3997985 0.3896002 0.3422568 0.3271659 0.3188201 0.3210790 0.3242039 0.3058391 0.2825262 0.1948828 0.8436318E-01 -9999.000 -9999.000 -9999.000 -9999.000 -9999.000 -9999.000 -9999.000 -9999.000 -9999.000 -9999.000 -9999.000 -9999.000 -9999.000 -9999.000 -9999.000 -9999.000 -9999.000 -9999.000
-9999.000 -9999.000 -9999.000 -9999.000 -9999.000 -9999.000 -9999.000 -9999.000 -9999.000 0.3346897E-01 0.1226540 0.2213780 0.2566607 0.2555291 0.2218809 0.1685913 0.1138392 0.7200396E-01 0.6094023E-01 0.5633845E-01 0.6442347E-01 0.8007035E-01 0.9890962E-01 0.1261486 0.1858865 0.2673023 0.3136145 0.2969923 0.3235611 0.3722426 0.3531292 0.3386205 0.3435600 0.3265888 0.2814162 0.2765810 0.2862577 0.3030245 0.3089869 0.2961682 0.2445494 0.1359470 0.6204193E-01 -9999.000 -9999.000 -9999.000 -9999.000 -9999.000 -9999.000 -9999.000 -9999.000 -9999.000 -9999.000 -9999.000 -9999.000 -9999.000 -9999.000 -9999.000 -9999.000 -9999.000
-9999.000 -9999.000 -9999.000 -9999.000 -9999.000 -9999.000 -9999.000 -9999.000 -9999.000 0.2101822E-01 0.1228001 0.2197138 0.2675488 0.2724674 0.2540870 0.2074818 0.1422220 0.8549545E-01 0.6623726E-01 0.7044753E-01 0.8078111E-01 0.7571424E-01 0.7250638E-01 0.9763899E-01 0.1443902 0.2035857 0.2545467 0.2800033 0.3443625 0.3169072 0.2506934 0.2657724 0.2828348 0.2154033 0.1792644 0.1578922 0.1959595 0.2185845 0.2542544 0.2650561 0.2327476 0.1691089 0.1270482 0.6895808E-01 -9999.000 -9999.000 -9999.000 -9999.000 -9999.000 -9999.000 -9999.000 -9999.000 -9999.000 -9999.000 -9999.000 -9999.000 -9999.000 -9999.000 -9999.000 -9999.000
-9999.000 -9999.000 -9999.000 -9999.000 -9999.000 -9999.000 -9999.000 -9999.000 -9999.000 -9999.000 -9999.000 0.1937291 0.2578516 0.2721669 0.2660838 0.2198561 0.1504495 0.8663665E-01 0.5878284E-01 0.5719807E-01 0.7469652E-01 0.7359308E-01 0.7523244E-01 0.1073800 0.1625855 0.2062755 0.2402995 0.2628166 0.2732555 0.2213717 0.1946954 0.3007708 0.3260722 0.2737990 0.1983250 0.1754874 0.1904790 0.2082497 0.2239020 0.2356751 0.2262368 0.1947466 0.1598748 0.1163580 -9999.000 -9999.000 -9999.000 -9999.000 -9999.000 -9999.000 -9999.000 -9999.000 -9999.000 -9999.000 -9999.000 -9999.000 -9999.000 -9999.000 -9999.000 -9999.000
-9999.000 -9999.000 -9999.000 -9999.000 -9999.000 -9999.000 -9999.000 -9999.000 -9999.000 -9999.000 -9999.000 0.1657832 0.2302231 0.2434441 0.2510198 0.2080400 0.1235113 0.8108632E-01 0.6053436E-01 0.4299883E-01 0.4787486E-01 0.6630180E-01 0.8282181E-01 0.1279334 0.1998363 0.2234134 0.2140727 0.1948923 0.2069733 0.2070812 0.2175269 0.3062459 0.3729238 0.3513912 0.2874588 0.2174022 0.2245456 0.2455597 0.2368859 0.2173959 0.2164165 0.1866691 0.1445256 0.1014753 -9999.000 -9999.000 -9999.000 -9999.000 -9999.000 -9999.000 -9999.000 -9999.000 -9999.000 -9999.000 -9999.000 -9999.000 -9999.000 -9999.000 -9999.000 -9999.000
-9999.000 -9999.000 -9999.000 -9999.000 -9999.000 -9999.000 -9999.000 -9999.000 -9999.000 -9999.000 -9999.000 0.1590076 0.2104439 0.2122625 0.2276372 0.2041051 0.1453203 0.1164495 0.9059290E-01 0.6117678E-01 0.4057545E-01 0.4313486E-01 0.6546620E-01 0.1087569 0.1396614 0.1507327 0.1785828 0.1822935 0.2272389 0.2616124 0.2432835 0.2758558 0.3258822 0.3103685 0.2756223 0.2439461 0.2370816 0.2238847 0.1933210 0.2040169 0.2209233 0.2124565 0.1999993 0.1643325 0.1247556 0.9193507E-01 -9999.000 -9999.000 -9999.000 -9999.000 -9999.000 -9999.000 -9999.000 -9999.000 -9999.000 -9999.000 -9999.000 -9999.000 -9999.000 -9999.000
-9999.000 -9999.000 -9999.000 -9999.000 -9999.000 -9999.000 -9999.000 -9999.000 -9999.000 -9999.000 -9999.000 0.1120678 0.1771748 0.2089910 0.2310260 0.2275975 0.2026121 0.1763682 0.1339356 0.1054365 0.5564131E-01 0.2592625E-01 0.3873048E-01 0.6725799E-01 0.7864293E-01 0.1055742 0.1886413 0.2313722 0.2753979 0.3022633 0.2908219 0.2781078 0.2697449 0.2406598 0.2490635 0.2570385 0.2509169 0.1992495 0.1988299 0.2357948 0.2530198 0.2497726 0.2628803 0.2444491 0.2041140 0.1242264 0.3958206E-01 -9999.000 -9999.000 -9999.000 -9999.000 -9999.000 -9999.000 -9999.000 -9999.000 -9999.000 -9999.000 -9999.000 -9999.000 -9999.000
-9999.000 -9999.000 -9999.000 -9999.000 -9999.000 -9999.000 -9999.000 -9999.000 -9999.000 -9999.000 -9999.000 -9999.000 0.1227606 0.1773542 0.2146100 0.2309565 0.2351819 0.2296945 0.1827459 0.1460156 0.8863510E-01 0.2541210E-01 0.2157319E-01 0.3324983E-01 0.5235533E-01 0.1011276 0.1799681 0.2341313 0.2749557 0.3010012 0.2890052 0.2913554 0.3009581 0.2694362 0.2657820 0.3104139 0.2725045 0.2367397 0.2686600 0.2996038 0.2994927 0.2913305 0.3113230 0.2922561 0.2492410 0.1560387 0.4607438E-01 -9999.000 -9999.000 -9999.000 -9999.000 -9999.000 -9999.000 -9999.000 -9999.000 -9999.000 -9999.000 -9999.000 -9999.000 -9999.000
-9999.000 -9999.000 -9999.000 -9999.000 -9999.000 -9999.000 -9999.000 -9999.000 -9999.000 -9999.000 -9999.000 -9999.000 0.6987010E-01 0.1224086 0.1767509 0.2133062 0.2501157 0.2593706 0.2337151 0.1961859 0.1393664 0.6724779E-01 0.3808120E-01 0.4169051E-01 0.4925544E-01 0.7814461E-01 0.1286133 0.1888103 0.2393572 0.2728568 0.2682538 0.2799794 0.2950636 0.2577202 0.2836125 0.3213914 0.2695685 0.2762623 0.3388615 0.3645329 0.3351590 0.3316028 0.3490812 0.2937082 0.2317091 0.1389786 0.4856506E-01 -9999.000 -9999.000 -9999.000 -9999.000 -9999.000 -9999.000 -9999.000 -9999.000 -9999.000 -9999.000 -9999.000 -9999.000 -9999.000
-9999.000 -9999.000 -9999.000 -9999.000 -9999.000 -9999.000 -9999.000 -9999.000 -9999.000 -9999.000 -9999.000 -9999.000 -9999.000 0.7485311E-01 0.1343341 0.1981539 0.2289744 0.2638924 0.2716170 0.2287088 0.1742624 0.1219305 0.7710337E-01 0.5144382E-01 0.3987854E-01 0.4430597E-01 0.7744357E-01 0.1481707 0.2197603 0.2610221 0.2348164 0.2238140 0.2217551 0.2335951 0.3060298 0.3303702 0.2823253 0.3050368 0.3814218 0.3977837 0.3662916 0.3310917 0.2733373 0.2090833 0.1706049 0.1256396 0.9304697E-01 0.7074533E-01 -9999.000 -9999.000 -9999.000 -9999.000 -9999.000 -9999.000 -9999.000 -9999.000 -9999.000 -9999.000 -9999.000 -9999.000
-9999.000 -9999.000 -9999.000 -9999.000 -9999.000 -9999.000 -9999.000 -9999.000 -9999.000 -9999.000 -9999.000 -9999.000 -9999.000 0.5009551E-01 0.1206644 0.1415943 0.1419121 0.1889872 0.2336783 0.2199999 0.2021635 0.1663661 0.1131205 0.7314297E-01 0.4306559E-01 0.2478876E-01 0.4066578E-01 0.1090314 0.1939250 0.2240500 0.1637677 0.1948959 0.2303500 0.2521309 0.3202717 0.3451488 0.3178353 0.3364559 0.3728912 0.3845140 0.3360867 0.2396131 0.2034610 0.1690629 0.1851529 0.2008294 0.1799733 0.1413799 0.1098874 -9999.000 -9999.000 -9999.000 -9999.000 -9999.000 -9999.000 -9999.000 -9999.000 -9999.000 -9999.000 -9999.000
-9999.000 -9999.000 -9999.000 -9999.000 -9999.000 -9999.000 -9999.000 -9999.000 -9999.000 -9999.000 -9999.000 -9999.000 -9999.000 -9999.000 0.9014572E-01 0.8519276E-01 -9999.000 0.6834002E-01 0.1290729 0.1808978 0.2219629 0.1978040 0.1654507 0.1185417 0.8006476E-01 0.5468924E-01 0.4132463E-01 0.8345025E-01 0.1580787 0.1658056 0.1385165 0.1960356 0.2512343 0.2742223 0.3101056 0.3391622 0.3354301 0.3314819 0.3427751 0.3378799 0.2856760 0.2733541 0.2497081 0.2464365 0.2723016 0.2757346 0.2660351 0.2563291 0.1833237 0.8903241E-01 -9999.000 -9999.000 -9999.000 -9999.000 -9999.000 -9999.000 -9999.000 -9999.000 -9999.000 -9999.000
-9999.000 -9999.000 -9999.000 -9999.000 -9999.000 -9999.000 -9999.000 -9999.000 -9999.000 -9999.000 -9999.000 -9999.000 -9999.000 -9999.000 -9999.000 -9999.000 0.3951532E-01 0.6487794E-01 0.8880681E-01 0.1295331 0.1843169 0.1975250 0.1721757 0.1208261 0.7922626E-01 0.5535408E-01 0.3972102E-01 0.5206358E-01 0.9059381E-01 0.1168136 0.1333668 0.1751038 0.2360879 0.2631599 0.2893109 0.3076919 0.3187851 0.3139606 0.3248729 0.3355608 0.3361959 0.3429666 0.3196836 0.3094215 0.3040135 0.3054377 0.2900057 0.2772468 0.2116919 0.1224195 -9999.000 -9999.000 -9999.000 -9999.000 -9999.000 -9999.000 -9999.000 -9999.000 -9999.000 -9999.000
-9999.000 -9999.000 -9999.000 -9999.000 -9999.000 -9999.000 -9999.000 -9999.000 -9999.000 -9999.000 -9999.000 -9999.000 -9999.000 -9999.000 -9999.000 -9999.000 0.5307672E-01 0.9803802E-01 0.1023236 0.1104090 0.1483499 0.1660392 0.1519351 0.1183806 0.7812886E-01 0.4492596E-01 0.2251614E-01 -9999.000 -9999.000 0.5702735E-01 0.1055508 0.1431982 0.1854529 0.2092899 0.2522214 0.2992161 0.3040014 0.2978270 0.3261892 0.3781033 0.3972951 0.3925309 0.3412227 0.3091294 0.3249023 0.3273907 0.3000734 0.2429160 0.1671358 0.1126767 0.4964496E-01 -9999.000 -9999.000 -9999.000 -9999.000 -9999.000 -9999.000 -9999.000 -9999.000 -9999.000
-9999.000 -9999.000 -9999.000 -9999.000 -9999.000 -9999.000 -9999.000 -9999.000 -9999.000 -9999.000 -9999.000 -9999.000 -9999.000 -9999.000 -9999.000 -9999.000 -9999.000 0.8621488E-01 0.8092087E-01 0.9611122E-01 0.1023491 0.1327567 0.1563035 0.1396567 0.1073648 0.6915734E-01 0.3056341E-01 -9999.000 -9999.000 -9999.000 0.5109116E-01 0.1039657 0.1229096 0.1350713 0.1935051 0.2556388 0.2558836 0.2566665 0.3197140 0.3900135 0.4188308 0.3919869 0.3331506 0.3064931 0.3083179 0.2733096 0.2320043 0.1786499 0.1324584 0.1132101 -9999.000 -9999.000 -9999.000 -9999.000 -9999.000 -9999.000 -9999.000 -9999.000 -9999.000 -9999.000
-9999.000 -9999.000 -9999.000 -9999.000 -9999.000 -9999.000 -9999.000 -9999.000 -9999.000 -9999.000 -9999.000 -9999.000 -9999.000 -9999.000 -9999.000 -9999.000 -9999.000 0.6346963E-01 0.1147414 0.7665548E-01 0.4856728E-01 0.8233547E-01 0.1216270 0.1254109 0.1197166 0.9768834E-01 0.4932611E-01 0.2105790E-01 -9999.000 -9999.000 -9999.000 0.6026855E-01 0.7536309E-01 0.9126309E-01 0.1350851 0.1856542 0.1985634 0.2443518 0.3279869 0.3741345 0.3769963 0.3494296 0.3082520 0.2720447 0.2565503 0.1958750 0.1593581 0.1406765 0.1445942 0.1390509 0.1089046 -9999.000 -9999.000 -9999.000 -9999.000 -9999.000 -9999.000 -9999.000 -9999.000 -9999.000
-9999.000 -9999.000 -9999.000 -9999.000 -9999.000 -9999.000 -9999.000 -9999.000 -9999.000 -9999.000 -9999.000 -9999.000 -9999.000 -9999.000 -9999.000 -9999.000 -9999.000 0.7299203E-01 0.1203448 0.6112971E-01 0.4001954E-01 0.7754098E-01 0.9765341E-01 0.9321629E-01 0.1169859 0.1015531 -9999.000 0.1404476E-01 -9999.000 -9999.000 -9999.000 -9999.000 0.4072683E-01 0.8683014E-01 0.1454422 0.1844725 0.2153315 0.2682520 0.2981864 0.3228661 0.3127283 0.2913345 0.2729391 0.2766258 0.2506613 0.2427820 0.2236467 0.1683412 0.1698001 0.1915328 0.1651603 0.7964051E-01 -9999.000 -9999.000 -9999.000 -9999.000 -9999.000 -9999.000 -9999.000 -9999.000
-9999.000 -9999.000 -9999.000 -9999.000 -9999.000 -9999.000 -9999.000 -9999.000 -9999.000 -9999.000 -9999.000 -9999.000 -9999.000 -9999.000 -9999.000 -9999.000 -9999.000 0.1268735 0.8392884E-01 0.5128335E-01 0.8313015E-01 0.1342647 0.1424602 0.1018212 0.1088040 0.9071745E-01 0.5493725E-01 -9999.000 -9999.000 -9999.000 -9999.000 -9999.000 0.2094369E-01 0.8443409E-01 0.1646980 0.2186803 0.2511228 0.2403240 0.2275590 0.2369958 0.2624757 0.2360781 0.2469474 0.2893805 0.2784593 0.2899483 0.2689067 0.2124299 0.1985233 0.2288381 0.2042408 0.9501880E-01 0.4268880E-01 -9999.000 -9999.000 -9999.000 -9999.000 -9999.000 -9999.000 -9999.000
-9999.000 -9999.000 -9999.000 -9999.000 -9999.000 -9999.000 -9999.000 -9999.000 -9999.000 -9999.000 -9999.000 -9999.000 -9999.000 -9999.000 -9999.000 -9999.000 0.7153229E-01 0.1319571 0.1065348 0.8239562E-01 0.1552840 0.2026888 0.1851341 0.1353242 0.1270310 0.9604225E-01 0.3377158E-01 -9999.000 -9999.000 -9999.000 -9999.000 -9999.000 -9999.000 0.7239796E-01 0.1365981 0.1764019 0.1956535 0.2010557 0.2046130 0.2168796 0.2182279 0.1920491 0.1931264 0.2709486 0.3006116 0.2886904 0.2603796 0.2259296 0.2146725 0.2241861 0.2094915 0.1104561 0.5004962E-01 -9999.000 -9999.000 -9999.000 -9999.000 -9999.000 -9999.000 -9999.000
-9999.000 -9999.000 -9999.000 -9999.000 -9999.000 -9999.000 -9999.000 -9999.000 -9999.000 -9999.000 -9999.000 -9999.000 -9999.000 -9999.000 -9999.000 -9999.000 -9999.000 0.8113597E-01 0.9727693E-01 0.1011502 0.1517162 0.1809547 0.1688691 0.1801583 0.1794353 0.1262760 0.4955431E-01 -9999.000 -9999.000 -9999.000 -9999.000 -9999.000 -9999.000 0.4466067E-01 0.7510281E-01 0.8156551E-01 0.1224542 0.1664285 0.2098972 0.2143637 0.2170051 0.2049272 0.1977152 0.2503112 0.2830294 0.2850403 0.2686179 0.2306318 0.2308763 0.2427915 0.1963355 0.1311558 0.9730587E-01 0.3682654E-01 -9999.000 -9999.000 -9999.000 -9999.000 -9999.000 -9999.000
-9999.000 -9999.000 -9999.000 -9999.000 -9999.000 -9999.000 -9999.000 -9999.000 -9999.000 -9999.000 -9999.000 -9999.000 -9999.000 -9999.000 -9999.000 -9999.000 -9999.000 0.3920290E-01 0.6503672E-01 0.7974668E-01 0.1125683 0.1247443 0.1330582 0.1815996 0.2058958 0.1561678 0.9001550E-01 0.3855663E-01 -9999.000 -9999.000 -9999.000 -9999.000 -9999.000 -9999.000 0.6499034E-01 0.8670699E-01 0.1114220 0.1479834 0.1746190 0.1878370 0.2213221 0.2528747 0.2557368 0.2610816 0.2506598 0.2760722 0.2574957 0.2316382 0.2599145 0.2828410 0.2364556 0.1999064 0.1761600 0.1062744 -9999.000 -9999.000 -9999.000 -9999.000 -9999.000 -9999.000
-9999.000 -9999.000 -9999.000 -9999.000 -9999.000 -9999.000 -9999.000 -9999.000 -9999.000 -9999.000 -9999.000 -9999.000 -9999.000 -9999.000 -9999.000 -9999.000 -9999.000 -9999.000 0.7710629E-01 0.6061216E-01 0.5996464E-01 0.8859388E-01 0.1165797 0.1619145 0.1996533 0.1743686 0.1247080 0.6104078E-01 0.2694238E-01 -9999.000 -9999.000 -9999.000 -9999.000 -9999.000 0.6463553E-01 0.9167124E-01 0.1199743 0.1421526 0.1606468 0.1724348 0.1928675 0.2331677 0.2468145 0.2287051 0.2159957 0.2011661 0.1880533 0.2082431 0.2806689 0.3213442 0.2892228 0.2607966 0.2212678 0.1924593 0.1676941 -9999.000 -9999.000 -9999.000 -9999.000 -9999.000
-9999.000 -9999.000 -9999.000 -9999.000 -9999.000 -9999.000 -9999.000 -9999.000 -9999.000 -9999.000 -9999.000 -9999.000 -9999.000 -9999.000 -9999.000 -9999.000 -9999.000 -9999.000 0.4797390E-01 -9999.000 0.3353009E-01 0.1109734 0.1619086 0.1894242 0.1769910 0.1406874 0.1129819 0.7631580E-01 0.4091067E-01 -9999.000 -9999.000 -9999.000 -9999.000 -9999.000 -9999.000 0.5330152E-01 0.8894035E-01 0.1266188 0.1653067 0.1791588 0.1932509 0.2204378 0.2397706 0.1896081 0.1290325 0.9768611E-01 0.1153916 0.2043854 0.2956471 0.3410965 0.2895661 0.2536300 0.2231076 0.2080675 0.1595630 0.8107108E-01 -9999.000 -9999.000 -9999.000 -9999.000
-9999.000 -9999.000 -9999.000 -9999.000 -9999.000 -9999.000 -9999.000 -9999.000 -9999.000 -9999.000 -9999.000 -9999.000 -9999.000 -9999.000 -9999.000 -9999.000 -9999.000 -9999.000 0.1984182E-01 0.2316314E-01 0.4176587E-01 0.1334689 0.2142946 0.2291478 0.1845296 0.1475866 0.1177427 0.9275109E-01 0.5316257E-01 -9999.000 -9999.000 -9999.000 -9999.000 -9999.000 -9999.000 0.3019783E-01 0.7043837E-01 0.1209082 0.1641940 0.1917877 0.2298859 0.2403319 0.2438408 0.1929718 0.1483487 0.1475140 0.1714808 0.2385867 0.2796184 0.2607690 0.2347070 0.2513419 0.2450390 0.1973994 0.1605704 0.1113582 0.5046716E-01 -9999.000 -9999.000 -9999.000
-9999.000 -9999.000 -9999.000 -9999.000 -9999.000 -9999.000 -9999.000 -9999.000 -9999.000 -9999.000 -9999.000 -9999.000 -9999.000 -9999.000 -9999.000 -9999.000 -9999.000 -9999.000 0.1271211E-01 0.2779796E-01 0.5920499E-01 0.1467461 0.2276230 0.2191375 0.1825876 0.1444768 0.1160104 0.9571262E-01 0.6396789E-01 -9999.000 -9999.000 -9999.000 -9999.000 -9999.000 -9999.000 -9999.000 0.5458170E-01 0.1180615 0.1795270 0.2258146 0.2812588 0.2976778 0.2619582 0.2216009 0.2294490 0.3143615 0.3647762 0.3454503 0.2936616 0.2385527 0.2555184 0.3102233 0.3009141 0.2176752 0.1845020 0.1676328 0.9489158E-01 -9999.000 -9999.000 -9999.000
