simulation_files/asc/Depth____630.0.asc
NCOLS       216
NROWS       273
XLLCENTER        494.688995
YLLCENTER        787.867981
CELLSIZE           0.500
NODATA_VALUE     -9999.0
[rows 162 to 188 of 273, columns 118 to 176 of 216]
1.997586 2.673907 2.871957 2.908457 2.918924 2.926430 2.703086 2.130446 1.516673 0.6111074 0.1544367 0.8116907E-01 0.1120875 0.1562670 0.1375218 0.1253124 0.1501955 0.1636104 0.1858836 0.1927029 0.1875770 0.1475362 0.1019613 0.1087570 0.1380295 0.1442279 0.1086807 0.6996784E-01 -9999.000 -9999.000 -9999.000 -9999.000 -9999.000 -9999.000 -9999.000 -9999.000 -9999.000 -9999.000 -9999.000 -9999.000 -9999.000 -9999.000 -9999.000 -9999.000 -9999.000 -9999.000 -9999.000 -9999.000 -9999.000 -9999.000 -9999.000 -9999.000 -9999.000 -9999.000 -9999.000 -9999.000 -9999.000 -9999.000 -9999.000
1.659302 2.580540 2.864645 2.896904 2.896786 2.487413 1.773376 1.090212 0.4864026 0.1619188 0.1376961 0.1211194 0.1284451 0.1215099 0.1360807 0.1474711 0.1522903 0.1516069 0.1855380 0.2094554 0.2119876 0.1555785 0.1122094 0.1192334 0.1579709 0.1721437 0.1491944 0.1038606 0.4539434E-01 -9999.000 -9999.000 -9999.000 -9999.000 -9999.000 -9999.000 -9999.000 -9999.000 -9999.000 -9999.000 -9999.000 -9999.000 -9999.000 -9999.000 -9999.000 -9999.000 -9999.000 -9999.000 -9999.000 -9999.000 -9999.000 -9999.000 -9999.000 -9999.000 -9999.000 -9999.000 -9999.000 -9999.000 -9999.000 -9999.000
1.260946 2.288922 2.743987 2.883612 2.458544 1.516242 0.4921361 0.1897849 0.1356118 0.1016082 0.1202224 0.1071009 0.1011341 0.8991168E-01 0.1150735 0.1408900 0.1373031 0.1388042 0.1623106 0.1953958 0.2020049 0.1379128 0.1023268 0.1214228 0.1652767 0.1721980 0.1368769 0.1053537 0.4636399E-01 -9999.000 -9999.000 -9999.000 -9999.000 -9999.000 -9999.000 -9999.000 -9999.000 -9999.000 -9999.000 -9999.000 -9999.000 -9999.000 -9999.000 -9999.000 -9999.000 -9999.000 -9999.000 -9999.000 -9999.000 -9999.000 -9999.000 -9999.000 -9999.000 -9999.000 -9999.000 -9999.000 -9999.000 -9999.000 -9999.000
-9999.000 1.483333 2.303355 2.400694 1.479144 0.4810916 0.1205706 0.1337494 0.1082499 0.7644734E-01 0.6575290E-01 0.6686747E-01 0.8118155E-01 0.8114224E-01 0.1058877 0.1362004 0.1437445 0.1624258 0.1866454 0.2131216 0.1707324 0.1129548 0.9575020E-01 0.1137577 0.1549791 0.1526635 0.1392310 0.1050872 0.5862018E-01 0.2287194E-01 -9999.000 -9999.000 -9999.000 -9999.000 -9999.000 -9999.000 -9999.000 -9999.000 -9999.000 -9999.000 -9999.000 -9999.000 -9999.000 -9999.000 -9999.000 -9999.000 -9999.000 -9999.000 -9999.000 -9999.000 -9999.000 -9999.000 -9999.000 -9999.000 -9999.000 -9999.000 -9999.000 -9999.000 -9999.000
-9999.000 0.6641930 1.364093 1.161330 0.4592656 0.1323263 0.1563180 0.1388116 0.1259561 0.9350233E-01 0.5774564E-01 0.5308255E-01 0.6535761E-01 0.6580989E-01 0.1102771 0.1645966 0.1957935 0.2208051 0.2433770 0.2136158 0.1321074 0.1241850 0.1220414 0.1314958 0.1528277 0.1638870 0.1550041 0.1299209 0.9809820E-01 0.5598651E-01 -9999.000 -9999.000 0.1836429E-01 -9999.000 -9999.000 -9999.000 -9999.000 -9999.000 -9999.000 -9999.000 -9999.000 -9999.000 -9999.000 -9999.000 -9999.000 -9999.000 -9999.000 -9999.000 -9999.000 -9999.000 -9999.000 -9999.000 -9999.000 -9999.000 -9999.000 -9999.000 -9999.000 -9999.000 -9999.000
-9999.000 -9999.000 -9999.000 0.2479841 0.1433234 0.1876528 0.1626695 0.1546834 0.1584381 0.1295554 0.1013105 0.8673834E-01 0.7526977E-01 0.7325685E-01 0.1304577 0.2085391 0.2249597 0.2358173 0.2373964 0.1637585 0.9340023E-01 0.1336769 0.1434969 0.1574861 0.1630259 0.1315874 0.1266575 0.1258401 0.1130970 0.7780377E-01 -9999.000 -9999.000 -9999.000 -9999.000 -9999.000 -9999.000 -9999.000 -9999.000 -9999.000 -9999.000 -9999.000 -9999.000 -9999.000 -9999.000 -9999.000 -9999.000 -9999.000 -9999.000 -9999.000 -9999.000 -9999.000 -9999.000 -9999.000 -9999.000 -9999.000 -9999.000 -9999.000 -9999.000 -9999.000
-9999.000 -9999.000 -9999.000 0.7827627E-01 0.1801429 0.1868856 0.1873305 0.1933456 0.1982761 0.1802093 0.1638268 0.1469327 0.1170370 0.1061518 0.1355517 0.1818167 0.1931971 0.1939979 0.1621417 0.1354397 0.9543128E-01 0.1253627 0.1464823 0.1640852 0.1591125 0.1057009 0.8805137E-01 0.1110274 0.1208663 0.9966388E-01 0.4899420E-01 0.1880953E-01 0.1537794E-01 -9999.000 -9999.000 -9999.000 -9999.000 -9999.000 -9999.000 -9999.000 -9999.000 -9999.000 -9999.000 -9999.000 -9999.000 -9999.000 -9999.000 -9999.000 -9999.000 -9999.000 -9999.000 -9999.000 -9999.000 -9999.000 -9999.000 -9999.000 -9999.000 -9999.000 -9999.000
-9999.000 -9999.000 -9999.000 0.7806140E-01 0.1050622 0.1416696 0.1926617 0.2185561 0.2018673 0.1788347 0.1655673 0.1704855 0.1453674 0.1145080 0.1044082 0.8723701E-01 0.1221613 0.1128282 0.1264069 0.1665243 0.1363310 0.1531750 0.1826396 0.2098705 0.2016322 0.1416625 0.1049359 0.1120986 0.1255787 0.1211293 0.7752902E-01 0.3911496E-01 0.3004088E-01 -9999.000 -9999.000 -9999.000 -9999.000 -9999.000 -9999.000 -9999.000 -9999.000 -9999.000 -9999.000 -9999.000 -9999.000 -9999.000 -9999.000 -9999.000 -9999.000 -9999.000 -9999.000 -9999.000 -9999.000 -9999.000 -9999.000 -9999.000 -9999.000 -9999.000 -9999.000
-9999.000 -9999.000 -9999.000 -9999.000 0.6376168E-01 0.1217773 0.1842360 0.2014298 0.1947898 0.1777000 0.1565340 0.1335847 0.1051918 0.8517947E-01 0.9030835E-01 0.1140168 0.1294336 0.1116201 0.1259728 0.1472153 0.1341191 0.1670708 0.2323803 0.2725722 0.2559228 0.1804546 0.1217785 0.1227224 0.1352838 0.1473040 0.1068020 0.6892942E-01 0.5593565E-01 0.4683320E-01 -9999.000 -9999.000 -9999.000 -9999.000 -9999.000 -9999.000 -9999.000 -9999.000 -9999.000 -9999.000 -9999.000 -9999.000 -9999.000 -9999.000 -9999.000 -9999.000 -9999.000 -9999.000 -9999.000 -9999.000 -9999.000 -9999.000 -9999.000 -9999.000 -9999.000
-9999.000 -9999.000 -9999.000 -9999.000 -9999.000 0.8457587E-01 0.1253236 0.1646253 0.1938431 0.2141505 0.1591897 0.8347126E-01 0.5028852E-01 0.4470526E-01 0.8366375E-01 0.1498965 0.1865812 0.2011894 0.1475031 0.8622207E-01 0.7478943E-01 0.1429109 0.2501455 0.2881956 0.2442143 0.1719752 0.1350502 0.1549131 0.1789842 0.1855412 0.1351754 0.1047611 0.1072504 0.8724697E-01 0.6773053E-01 0.5903528E-01 -9999.000 0.2244375E-01 -9999.000 -9999.000 -9999.000 -9999.000 -9999.000 -9999.000 -9999.000 -9999.000 -9999.000 -9999.000 -9999.000 -9999.000 -9999.000 -9999.000 -9999.000 -9999.000 -9999.000 -9999.000 -9999.000 -9999.000 -9999.000
-9999.000 -9999.000 -9999.000 -9999.000 -9999.000 0.4725050E-01 0.6292622E-01 0.1195073 0.1802213 0.2094610 0.1711466 0.9764091E-01 0.6690615E-01 0.6961320E-01 0.1032971 0.1646532 0.1994344 0.2302864 0.1907369 0.1122820 0.9447005E-01 0.1564276 0.2396411 0.2539108 0.2170147 0.1562522 0.1332972 0.1418296 0.1753947 0.1970624 0.1594206 0.1487021 0.1618998 0.1518157 0.1020507 0.8344686E-01 0.7658507E-01 0.5130649E-01 -9999.000 -9999.000 -9999.000 -9999.000 -9999.000 -9999.000 -9999.000 -9999.000 -9999.000 -9999.000 -9999.000 -9999.000 -9999.000 -9999.000 -9999.000 -9999.000 -9999.000 -9999.000 -9999.000 -9999.000 -9999.000
-9999.000 -9999.000 -9999.000 -9999.000 -9999.000 0.3787527E-01 0.7005485E-01 0.1150333 0.1623334 0.1836686 0.1847156 0.1524075 0.1100446 0.1077700 0.1337774 0.1680188 0.1938748 0.2397531 0.2456369 0.2068058 0.1952251 0.1979979 0.2071663 0.2190357 0.1588646 0.1270540 0.1094471 0.1014832 0.1229120 0.1643663 0.1501176 0.1544187 0.1735347 0.1665563 0.1359069 0.1084415 0.1106999 0.9976103E-01 0.5750703E-01 -9999.000 -9999.000 -9999.000 -9999.000 -9999.000 -9999.000 -9999.000 -9999.000 -9999.000 -9999.000 -9999.000 -9999.000 -9999.000 -9999.000 -9999.000 -9999.000 -9999.000 -9999.000 -9999.000 -9999.000
-9999.000 -9999.000 -9999.000 -9999.000 -9999.000 -9999.000 0.9912888E-01 0.1084904 0.1389402 0.1769322 0.2046774 0.1854023 0.1381701 0.1052294 0.1121965 0.1383782 0.1735146 0.2345161 0.2564561 0.2560505 0.2695418 0.2106631 0.1686861 0.1516632 0.1294302 0.1099389 0.9525961E-01 0.9921501E-01 0.1218382 0.1512829 0.1344441 0.1222221 0.1334223 0.1467169 0.1310678 0.1048365 0.1143500 0.1092260 -9999.000 0.3405522E-01 -9999.000 -9999.000 -9999.000 -9999.000 -9999.000 -9999.000 -9999.000 -9999.000 -9999.000 -9999.000 -9999.000 -9999.000 -9999.000 -9999.000 -9999.000 -9999.000 -9999.000 -9999.000 -9999.000
-9999.000 -9999.000 -9999.000 -9999.000 -9999.000 -9999.000 -9999.000 0.5750608E-01 0.9440604E-01 0.1696093 0.2179242 0.1976439 0.1429994 0.7954510E-01 0.6111957E-01 0.7128075E-01 0.1228338 0.2172208 0.2274378 0.2100731 0.1856342 0.1435428 0.1301602 0.1679089 0.1968662 0.1360019 0.1126742 0.1270170 0.1464672 0.1698584 0.1616162 0.1322922 0.1236918 0.1374340 0.1167511 0.7046091E-01 0.7097453E-01 0.1018038 0.9840480E-01 0.7630644E-01 -9999.000 -9999.000 -9999.000 -9999.000 -9999.000 -9999.000 -9999.000 -9999.000 -9999.000 -9999.000 -9999.000 -9999.000 -9999.000 -9999.000 -9999.000 -9999.000 -9999.000 -9999.000 -9999.000
-9999.000 -9999.000 -9999.000 -9999.000 -9999.000 -9999.000 -9999.000 -9999.000 0.4990765E-01 0.1276373 0.1846101 0.1815085 0.1203190 0.5024875E-01 0.2720738E-01 0.3158616E-01 0.7503765E-01 0.1508537 0.1481790 0.1205698 0.9566369E-01 0.1014406 0.1280775 0.2072637 0.2415651 0.1881859 0.1759084 0.1885704 0.1972615 0.2096110 0.2231675 0.2208489 0.1700743 0.1363007 0.8336083E-01 0.3533416E-01 0.6722423E-01 0.1147930 0.1276709 0.1021702 -9999.000 -9999.000 -9999.000 -9999.000 -9999.000 -9999.000 -9999.000 -9999.000 -9999.000 -9999.000 -9999.000 -9999.000 -9999.000 -9999.000 -9999.000 -9999.000 -9999.000 -9999.000 -9999.000
-9999.000 -9999.000 -9999.000 -9999.000 -9999.000 -9999.000 -9999.000 -9999.000 0.2323591E-01 0.7294943E-01 0.1385783 0.1572007 0.1223613 0.5211950E-01 0.2285737E-01 -9999.000 -9999.000 0.7361342E-01 0.8888559E-01 0.9145796E-01 0.1151843 0.1167389 0.1239170 0.1991625 0.2435175 0.2270907 0.2199272 0.2228424 0.2011419 0.1953682 0.2455037 0.2522857 0.2236742 0.1561371 0.6781494E-01 0.5653516E-01 0.1027135 0.1206129 0.1107572 0.9612163E-01 0.5005338E-01 -9999.000 -9999.000 -9999.000 -9999.000 -9999.000 -9999.000 -9999.000 -9999.000 -9999.000 -9999.000 -9999.000 -9999.000 -9999.000 -9999.000 -9999.000 -9999.000 -9999.000 -9999.000
-9999.000 -9999.000 -9999.000 -9999.000 -9999.000 -9999.000 -9999.000 -9999.000 -9999.000 0.5371324E-01 0.1317509 0.1575235 0.1419859 0.9028601E-01 0.4227525E-01 -9999.000 0.1605781E-01 0.3675897E-01 0.5523040E-01 0.7577235E-01 0.1120777 0.1465995 0.1470952 0.1884748 0.2414362 0.2331965 0.2113620 0.1814799 0.1114032 0.1154319 0.1941856 0.2138720 0.2121630 0.1636681 0.1139713 0.1245385 0.1352049 0.1257210 0.1100947 0.1244297 0.9646802E-01 -9999.000 -9999.000 -9999.000 -9999.000 -9999.000 -9999.000 -9999.000 -9999.000 -9999.000 -9999.000 -9999.000 -9999.000 -9999.000 -9999.000 -9999.000 -9999.000 -9999.000 -9999.000
-9999.000 -9999.000 -9999.000 -9999.000 -9999.000 -9999.000 -9999.000 -9999.000 -9999.000 0.3560546E-01 0.9126912E-01 0.1284726 0.1435525 0.1199640 0.8233458E-01 0.3865919E-01 0.1659272E-01 0.1882707E-01 0.3468632E-01 0.5671741E-01 0.1025214 0.1632761 0.1705570 0.1827478 0.2372061 0.2125336 0.1662388 0.1067826 0.1035222 0.1283088 0.1469883 0.1532863 0.1616284 0.1391944 0.1368065 0.1678538 0.1627154 0.1396859 0.1496878 0.1665007 0.1272551 -9999.000 -9999.000 -9999.000 -9999.000 -9999.000 -9999.000 -9999.000 -9999.000 -9999.000 -9999.000 -9999.000 -9999.000 -9999.000 -9999.000 -9999.000 -9999.000 -9999.000 -9999.000
-9999.000 -9999.000 -9999.000 -9999.000 -9999.000 -9999.000 -9999.000 -9999.000 -9999.000 -9999.000 0.6078813E-01 0.1059374 0.1401875 0.1525380 0.1107826 0.5642548E-01 0.2351116E-01 0.1682267E-01 0.2804478E-01 0.4578845E-01 0.8118603E-01 0.1316518 0.1410379 0.1748142 0.2081557 0.1734263 0.1106264 0.7740890E-01 0.1333241 0.1781609 0.1665060 0.1396851 0.1404866 0.1248842 0.1314284 0.1788181 0.1696978 0.1424753 0.1601395 0.1938414 0.1544306 0.8804442E-01 -9999.000 -9999.000 -9999.000 -9999.000 -9999.000 -9999.000 -9999.000 -9999.000 -9999.000 -9999.000 -9999.000 -9999.000 -9999.000 -9999.000 -9999.000 -9999.000 -9999.000
-9999.000 -9999.000 -9999.000 -9999.000 -9999.000 -9999.000 -9999.000 -9999.000 -9999.000 -9999.000 -9999.000 0.5791401E-01 0.1123079 0.1552970 0.1406395 0.8815747E-01 -9999.000 -9999.000 -9999.000 -9999.000 0.4702096E-01 0.8666961E-01 0.1007235 0.1374652 0.1780229 0.1495552 0.1380542 0.1374685 0.1800119 0.2093606 0.2142601 0.1797567 0.1868869 0.1840962 0.1867859 0.2100389 0.1872442 0.1715010 0.1827110 0.2052897 0.1829966 0.1109190 0.6365400E-01 -9999.000 -9999.000 -9999.000 -9999.000 -9999.000 -9999.000 -9999.000 -9999.000 -9999.000 -9999.000 -9999.000 -9999.000 -9999.000 -9999.000 -9999.000 -9999.000
-9999.000 -9999.000 -9999.000 -9999.000 -9999.000 -9999.000 -9999.000 -9999.000 -9999.000 -9999.000 -9999.000 -9999.000 0.6385714E-01 0.1250639 0.1365335 0.1027942 0.4398431E-01 -9999.000 -9999.000 -9999.000 0.2708162E-01 0.4107965E-01 0.3865776E-01 0.7435874E-01 0.1654154 0.1860011 0.1869910 0.2191984 0.2204913 0.1999214 0.2220164 0.2560547 0.2791395 0.3008320 0.2758773 0.2389674 0.2174543 0.2219838 0.2258329 0.2331136 0.2070885 0.1534984 0.1000681 -9999.000 -9999.000 -9999.000 -9999.000 -9999.000 -9999.000 -9999.000 -9999.000 -9999.000 -9999.000 -9999.000 -9999.000 -9999.000 -9999.000 -9999.000 -9999.000
-9999.000 -9999.000 -9999.000 -9999.000 -9999.000 -9999.000 -9999.000 -9999.000 -9999.000 -9999.000 -9999.000 -9999.000 0.5373590E-01 0.1236455 0.1495407 0.1236833 0.7493034E-01 -9999.000 -9999.000 -9999.000 0.2607782E-01 0.3256710E-01 0.2039924E-01 0.5422230E-01 0.1322935 0.1623979 0.1810688 0.2383725 0.2561177 0.2142269 0.2233865 0.2865175 0.3088802 0.3184928 0.3064090 0.2608574 0.2408315 0.2348441 0.2428161 0.2486871 0.2348480 0.2128097 0.1432977 0.5209483E-01 -9999.000 -9999.000 -9999.000 -9999.000 -9999.000 -9999.000 -9999.000 -9999.000 -9999.000 -9999.000 -9999.000 -9999.000 -9999.000 -9999.000 -9999.000
-9999.000 -9999.000 -9999.000 -9999.000 -9999.000 -9999.000 -9999.000 -9999.000 -9999.000 -9999.000 -9999.000 -9999.000 0.5599322E-01 0.1318844 0.1596610 0.1507633 0.1135914 0.5698373E-01 0.2540940E-01 0.2314345E-01 0.3005147E-01 0.2683210E-01 0.2031424E-01 0.4721597E-01 0.8380595E-01 0.9257263E-01 0.1185019 0.1928547 0.2439353 0.2344729 0.2516396 0.2941607 0.2818778 0.2691861 0.2710956 0.2615036 0.2257701 0.2231762 0.2250669 0.2396157 0.2456849 0.2298107 0.1781691 0.9024961E-01 -9999.000 -9999.000 -9999.000 -9999.000 -9999.000 -9999.000 -9999.000 -9999.000 -9999.000 -9999.000 -9999.000 -9999.000 -9999.000 -9999.000 -9999.000
-9999.000 -9999.000 -9999.000 -9999.000 -9999.000 -9999.000 -9999.000 -9999.000 -9999.000 -9999.000 -9999.000 -9999.000 0.5013422E-01 0.1122063 0.1593747 0.1647617 0.1463848 0.9448190E-01 0.3856770E-01 0.3127022E-01 0.3205809E-01 0.3640182E-01 0.4605413E-01 0.6081626E-01 0.6341715E-01 0.5037627E-01 0.7479350E-01 0.1303092 0.1834564 0.2086162 0.2746841 0.2668688 0.2066068 0.2066546 0.2232183 0.1708925 0.1417255 0.1207733 0.1410190 0.1677081 0.1960255 0.2027181 0.1744086 0.1101588 0.8370540E-01 -9999.000 -9999.000 -9999.000 -9999.000 -9999.000 -9999.000 -9999.000 -9999.000 -9999.000 -9999.000 -9999.000 -9999.000 -9999.000 -9999.000
-9999.000 -9999.000 -9999.000 -9999.000 -9999.000 -9999.000 -9999.000 -9999.000 -9999.000 -9999.000 -9999.000 -9999.000 -9999.000 0.8214662E-01 0.1450278 0.1637771 0.1555529 0.1103154 0.6031413E-01 0.3033114E-01 0.2814896E-01 0.3315385E-01 0.5083623E-01 0.5943518E-01 0.4616903E-01 0.5950171E-01 0.1013908 0.1389767 0.1717349 0.2043861 0.2284883 0.1867697 0.1485742 0.2268736 0.2538095 0.1979064 0.1311629 0.1104683 0.1246453 0.1323765 0.1505717 0.1700737 0.1645432 0.1334109 0.9552309E-01 0.5854323E-01 -9999.000 -9999.000 -9999.000 -9999.000 -9999.000 -9999.000 -9999.000 -9999.000 -9999.000 -9999.000 -9999.000 -9999.000 -9999.000
-9999.000 -9999.000 -9999.000 -9999.000 -9999.000 -9999.000 -9999.000 -9999.000 -9999.000 -9999.000 -9999.000 -9999.000 -9999.000 0.7801712E-01 0.1240197 0.1342018 0.1481644 0.1231866 0.5991993E-01 0.2607247E-01 -9999.000 -9999.000 -9999.000 0.3286937E-01 0.4365529E-01 0.7196712E-01 0.1410719 0.1684463 0.1710164 0.1591817 0.1585615 0.1424035 0.1421804 0.2299064 0.2951298 0.2826706 0.2285681 0.1582719 0.1516463 0.1730721 0.1793769 0.1762215 0.1702209 0.1393063 0.9027507E-01 0.4600076E-01 -9999.000 -9999.000 -9999.000 -9999.000 -9999.000 -9999.000 -9999.000 -9999.000 -9999.000 -9999.000 -9999.000 -9999.000 -9999.000
-9999.000 -9999.000 -9999.000 -9999.000 -9999.000 -9999.000 -9999.000 -9999.000 -9999.000 -9999.000 -9999.000 -9999.000 -9999.000 0.7775435E-01 0.1082371 0.1134926 0.1395626 0.1293762 0.8115667E-01 0.4870376E-01 0.2270188E-01 -9999.000 0.1116055E-01 -9999.000 0.3547691E-01 0.5202715E-01 0.9765946E-01 0.1178404 0.1382187 0.1335240 0.1570902 0.1849500 0.1679618 0.2070438 0.2577687 0.2739091 0.2391670 0.1904646 0.1767875 0.1933504 0.1818692 0.1652614 0.1645412 0.1503341 0.1255196 0.8804375E-01 0.7192150E-01 -9999.000 -9999.000 -9999.000 -9999.000 -9999.000 -9999.000 -9999.000 -9999.000 -9999.000 -9999.000 -9999.000 -9999.000
