simulation_files/asc/Depth____347.0.asc
NCOLS        79
NROWS        79
XLLCENTER         -1.500000
YLLCENTER         -4.800000
CELLSIZE           0.100
NODATA_VALUE     -9999.0
[rows 0 to 25 of 79, columns 0 to 58 of 79]
-9999.000 -9999.000 -9999.000 -9999.000 -9999.000 -9999.000 -9999.000 -9999.000 -9999.000 -9999.000 -9999.000 -9999.000 -9999.000 -9999.000 -9999.000 0.6595232 0.6598421 0.6598008 0.6596744 0.6594942 0.6592742 0.6590315 0.6587827 0.6585335 0.6582932 0.6580667 0.6578479 0.6576018 0.6572197 0.6571698 0.6571698 -9999.000 -9999.000 -9999.000 -9999.000 -9999.000 -9999.000 -9999.000 -9999.000 -9999.000 -9999.000 -9999.000 -9999.000 -9999.000 -9999.000 -9999.000 -9999.000 -9999.000 -9999.000 -9999.000 -9999.000 -9999.000 -9999.000 -9999.000 -9999.000 -9999.000 -9999.000 -9999.000 -9999.000
-9999.000 -9999.000 -9999.000 -9999.000 -9999.000 -9999.000 -9999.000 -9999.000 -9999.000 -9999.000 -9999.000 -9999.000 -9999.000 -9999.000 -9999.000 0.6612741 0.6615888 0.6615534 0.6614507 0.6613070 0.6611336 0.6609442 0.6607522 0.6605616 0.6603799 0.6602109 0.6600489 0.6598628 0.6595548 0.6595844 0.6595844 -9999.000 -9999.000 -9999.000 -9999.000 -9999.000 -9999.000 -9999.000 -9999.000 -9999.000 -9999.000 -9999.000 -9999.000 -9999.000 -9999.000 -9999.000 -9999.000 -9999.000 -9999.000 -9999.000 -9999.000 -9999.000 -9999.000 -9999.000 -9999.000 -9999.000 -9999.000 -9999.000 -9999.000
-9999.000 -9999.000 -9999.000 -9999.000 -9999.000 -9999.000 -9999.000 -9999.000 -9999.000 -9999.000 -9999.000 -9999.000 -9999.000 -9999.000 -9999.000 0.6631958 0.6635380 0.6635076 0.6634104 0.6632733 0.6631077 0.6629274 0.6627458 0.6625663 0.6623958 0.6622372 0.6620834 0.6619005 0.6615846 0.6616094 0.6616094 -9999.000 -9999.000 -9999.000 -9999.000 -9999.000 -9999.000 -9999.000 -9999.000 -9999.000 -9999.000 -9999.000 -9999.000 -9999.000 -9999.000 -9999.000 -9999.000 -9999.000 -9999.000 -9999.000 -9999.000 -9999.000 -9999.000 -9999.000 -9999.000 -9999.000 -9999.000 -9999.000 -9999.000
-9999.000 -9999.000 -9999.000 -9999.000 -9999.000 -9999.000 -9999.000 -9999.000 -9999.000 -9999.000 -9999.000 -9999.000 -9999.000 -9999.000 -9999.000 0.6651661 0.6655238 0.6654942 0.6653977 0.6652613 0.6650962 0.6649169 0.6647369 0.6645591 0.6643904 0.6642336 0.6640801 0.6638939 0.6635634 0.6635663 0.6635663 -9999.000 -9999.000 -9999.000 -9999.000 -9999.000 -9999.000 -9999.000 -9999.000 -9999.000 -9999.000 -9999.000 -9999.000 -9999.000 -9999.000 -9999.000 -9999.000 -9999.000 -9999.000 -9999.000 -9999.000 -9999.000 -9999.000 -9999.000 -9999.000 -9999.000 -9999.000 -9999.000 -9999.000
-9999.000 -9999.000 -9999.000 -9999.000 -9999.000 -9999.000 -9999.000 -9999.000 -9999.000 -9999.000 -9999.000 -9999.000 -9999.000 -9999.000 -9999.000 0.6671574 0.6675251 0.6674940 0.6673957 0.6672567 0.6670886 0.6669062 0.6667235 0.6665429 0.6663718 0.6662124 0.6660554 0.6658618 0.6655113 0.6654775 0.6654775 -9999.000 -9999.000 -9999.000 -9999.000 -9999.000 -9999.000 -9999.000 -9999.000 -9999.000 -9999.000 -9999.000 -9999.000 -9999.000 -9999.000 -9999.000 -9999.000 -9999.000 -9999.000 -9999.000 -9999.000 -9999.000 -9999.000 -9999.000 -9999.000 -9999.000 -9999.000 -9999.000 -9999.000
-9999.000 -9999.000 -9999.000 -9999.000 -9999.000 -9999.000 -9999.000 -9999.000 -9999.000 -9999.000 -9999.000 -9999.000 -9999.000 -9999.000 -9999.000 0.6691564 0.6695310 0.6694972 0.6693956 0.6692527 0.6690797 0.6688923 0.6687047 0.6685190 0.6683430 0.6681789 0.6680162 0.6678125 0.6674367 0.6673514 0.6673514 -9999.000 -9999.000 -9999.000 -9999.000 -9999.000 -9999.000 -9999.000 -9999.000 -9999.000 -9999.000 -9999.000 -9999.000 -9999.000 -9999.000 -9999.000 -9999.000 -9999.000 -9999.000 -9999.000 -9999.000 -9999.000 -9999.000 -9999.000 -9999.000 -9999.000 -9999.000 -9999.000 -9999.000
-9999.000 -9999.000 -9999.000 -9999.000 -9999.000 -9999.000 -9999.000 -9999.000 -9999.000 -9999.000 -9999.000 -9999.000 -9999.000 -9999.000 -9999.000 0.6711562 0.6715363 0.6714987 0.6713932 0.6712455 0.6710666 0.6708729 0.6706793 0.6704873 0.6703053 0.6701351 0.6699652 0.6697489 0.6693425 0.6691881 0.6691881 -9999.000 -9999.000 -9999.000 -9999.000 -9999.000 -9999.000 -9999.000 -9999.000 -9999.000 -9999.000 -9999.000 -9999.000 -9999.000 -9999.000 -9999.000 -9999.000 -9999.000 -9999.000 -9999.000 -9999.000 -9999.000 -9999.000 -9999.000 -9999.000 -9999.000 -9999.000 -9999.000 -9999.000
-9999.000 -9999.000 -9999.000 -9999.000 -9999.000 -9999.000 -9999.000 -9999.000 -9999.000 -9999.000 -9999.000 -9999.000 -9999.000 -9999.000 -9999.000 0.6731529 0.6735378 0.6734957 0.6733857 0.6732326 0.6730471 0.6728466 0.6726463 0.6724471 0.6722582 0.6720813 0.6719028 0.6716716 0.6712283 0.6709824 0.6709824 -9999.000 -9999.000 -9999.000 -9999.000 -9999.000 -9999.000 -9999.000 -9999.000 -9999.000 -9999.000 -9999.000 -9999.000 -9999.000 -9999.000 -9999.000 -9999.000 -9999.000 -9999.000 -9999.000 -9999.000 -9999.000 -9999.000 -9999.000 -9999.000 -9999.000 -9999.000 -9999.000 -9999.000
-9999.000 -9999.000 -9999.000 -9999.000 -9999.000 -9999.000 -9999.000 -9999.000 -9999.000 -9999.000 -9999.000 -9999.000 -9999.000 -9999.000 -9999.000 0.6751441 0.6755334 0.6754858 0.6753711 0.6752120 0.6750195 0.6748116 0.6746042 0.6743972 0.6742008 0.6740162 0.6738281 0.6735793 0.6730918 0.6727239 0.6727239 -9999.000 -9999.000 -9999.000 -9999.000 -9999.000 -9999.000 -9999.000 -9999.000 -9999.000 -9999.000 -9999.000 -9999.000 -9999.000 -9999.000 -9999.000 -9999.000 -9999.000 -9999.000 -9999.000 -9999.000 -9999.000 -9999.000 -9999.000 -9999.000 -9999.000 -9999.000 -9999.000 -9999.000
-9999.000 -9999.000 -9999.000 -9999.000 -9999.000 -9999.000 -9999.000 -9999.000 -9999.000 -9999.000 -9999.000 -9999.000 -9999.000 -9999.000 -9999.000 0.6771272 0.6775210 0.6774673 0.6773473 0.6771821 0.6769819 0.6767662 0.6765512 0.6763358 0.6761312 0.6759383 0.6757391 0.6754696 0.6749287 0.6743968 0.6743968 -9999.000 -9999.000 -9999.000 -9999.000 -9999.000 -9999.000 -9999.000 -9999.000 -9999.000 -9999.000 -9999.000 -9999.000 -9999.000 -9999.000 -9999.000 -9999.000 -9999.000 -9999.000 -9999.000 -9999.000 -9999.000 -9999.000 -9999.000 -9999.000 -9999.000 -9999.000 -9999.000 -9999.000
-9999.000 -9999.000 -9999.000 -9999.000 -9999.000 -9999.000 -9999.000 -9999.000 -9999.000 -9999.000 -9999.000 -9999.000 -9999.000 -9999.000 -9999.000 0.6790997 0.6794987 0.6794381 0.6793122 0.6791404 0.6789321 0.6787079 0.6784850 0.6782604 0.6780469 0.6778448 0.6776329 0.6773386 0.6767328 0.6759768 0.6759768 -9999.000 -9999.000 -9999.000 -9999.000 -9999.000 -9999.000 -9999.000 -9999.000 -9999.000 -9999.000 -9999.000 -9999.000 -9999.000 -9999.000 -9999.000 -9999.000 -9999.000 -9999.000 -9999.000 -9999.000 -9999.000 -9999.000 -9999.000 -9999.000 -9999.000 -9999.000 -9999.000 -9999.000
-9999.000 -9999.000 -9999.000 -9999.000 -9999.000 -9999.000 -9999.000 -9999.000 -9999.000 -9999.000 -9999.000 -9999.000 -9999.000 -9999.000 -9999.000 0.6810584 0.6814637 0.6813951 0.6812630 0.6810840 0.6808669 0.6806337 0.6804022 0.6801675 0.6799444 0.6797318 0.6795050 0.6791806 0.6784949 0.6774272 0.6774272 -9999.000 -9999.000 -9999.000 -9999.000 -9999.000 -9999.000 -9999.000 -9999.000 -9999.000 -9999.000 -9999.000 -9999.000 -9999.000 -9999.000 -9999.000 -9999.000 -9999.000 -9999.000 -9999.000 -9999.000 -9999.000 -9999.000 -9999.000 -9999.000 -9999.000 -9999.000 -9999.000 -9999.000
-9999.000 -9999.000 -9999.000 -9999.000 -9999.000 -9999.000 -9999.000 -9999.000 -9999.000 -9999.000 -9999.000 -9999.000 -9999.000 -9999.000 -9999.000 0.6829983 0.6834119 0.6833346 0.6831957 0.6830088 0.6827821 0.6825390 0.6822983 0.6820523 0.6818182 0.6815936 0.6813486 0.6809869 0.6802014 0.6786889 0.6786889 -9999.000 -9999.000 -9999.000 -9999.000 -9999.000 -9999.000 -9999.000 -9999.000 -9999.000 -9999.000 -9999.000 -9999.000 -9999.000 -9999.000 -9999.000 -9999.000 -9999.000 -9999.000 -9999.000 -9999.000 -9999.000 -9999.000 -9999.000 -9999.000 -9999.000 -9999.000 -9999.000 -9999.000
-9999.000 -9999.000 -9999.000 -9999.000 -9999.000 -9999.000 -9999.000 -9999.000 -9999.000 -9999.000 -9999.000 -9999.000 -9999.000 -9999.000 -9999.000 0.6848995 0.6853306 0.6852470 0.6851033 0.6849098 0.6846733 0.6844199 0.6841688 0.6839092 0.6836619 0.6834221 0.6831542 0.6827446 0.6818318 0.6796687 0.6796687 -9999.000 -9999.000 -9999.000 -9999.000 -9999.000 -9999.000 -9999.000 -9999.000 -9999.000 -9999.000 -9999.000 -9999.000 -9999.000 -9999.000 -9999.000 -9999.000 -9999.000 -9999.000 -9999.000 -9999.000 -9999.000 -9999.000 -9999.000 -9999.000 -9999.000 -9999.000 -9999.000 -9999.000
-9999.000 -9999.000 -9999.000 -9999.000 -9999.000 -9999.000 -9999.000 -9999.000 -9999.000 -9999.000 -9999.000 -9999.000 -9999.000 -9999.000 -9999.000 0.6837783 0.6865123 0.6872885 0.6873656 0.6872945 0.6871001 0.6868300 0.6865255 0.6861866 0.6858510 0.6855215 0.6851562 0.6846074 0.6833957 0.6795502 0.6795502 -9999.000 -9999.000 -9999.000 -9999.000 -9999.000 -9999.000 -9999.000 -9999.000 -9999.000 -9999.000 -9999.000 -9999.000 -9999.000 -9999.000 -9999.000 -9999.000 -9999.000 -9999.000 -9999.000 -9999.000 -9999.000 -9999.000 -9999.000 -9999.000 -9999.000 -9999.000 -9999.000 -9999.000
0.7492893 0.7492893 0.7522882 0.7344528 0.7293293 0.7293293 0.7257327 0.7202333 0.7202333 0.7159231 0.7159231 0.7123766 0.7108131 0.7093610 0.7079856 0.7079856 0.6900195 0.6888626 0.6890044 0.6896730 0.6907854 0.6924454 0.6946288 0.6968786 0.6992263 0.7014088 0.7028017 0.7018217 0.6942452 0.6638823 0.6638823 0.4604854 0.4267877 0.4082829 0.4022355 0.4022355 0.3935280 0.3935280 0.3995520 0.3995520 0.4123372 0.4644316 0.4644316 0.5653343 0.5653343 0.5990823 0.5990823 0.5990823 0.5961739 0.5961739 0.5854793 0.5854793 0.5721902 0.5721902 0.5587347 0.5587347 0.5466441 0.5466441 0.5466441
0.7463915 0.7463915 0.7510790 0.7334969 0.7283947 0.7283947 0.7247294 0.7192094 0.7192094 0.7149219 0.7149219 0.7113953 0.7098402 0.7083955 0.7070268 0.7070268 0.6913516 0.6871717 0.6835507 0.6803787 0.6777862 0.6759913 0.6751221 0.6750772 0.6758738 0.6773902 0.6793079 0.6810514 0.6800875 0.6663345 0.6663345 0.5276791 0.4757620 0.4259201 0.4124018 0.4124018 0.3981388 0.3981388 0.4030083 0.4030083 0.4148548 0.4598230 0.4598230 0.5434291 0.5434291 0.5978162 0.5978162 0.5978162 0.5963210 0.5963210 0.5858464 0.5858464 0.5725680 0.5725680 0.5591956 0.5591956 0.5471386 0.5471386 0.5471386
0.7447608 0.7447608 0.7515000 0.7335305 0.7284929 0.7284929 0.7247521 0.7191706 0.7191706 0.7148812 0.7148812 0.7113530 0.7097950 0.7083468 0.7069718 0.7069718 0.6922164 0.6852881 0.6786003 0.6724729 0.6671461 0.6628293 0.6596546 0.6575933 0.6566501 0.6567609 0.6577121 0.6590230 0.6588981 0.6504998 0.6504998 0.5606256 0.5069293 0.4435940 0.4251361 0.4251361 0.4078371 0.4078371 0.4161918 0.4161918 0.4294704 0.4691314 0.4691314 0.5314631 0.5314631 0.5919853 0.5919853 0.5919853 0.5942847 0.5942847 0.5851232 0.5851232 0.5722749 0.5722749 0.5591036 0.5591036 0.5471786 0.5471786 0.5471786
0.7434394 0.7434394 0.7516640 0.7335310 0.7286050 0.7286050 0.7248035 0.7191526 0.7191526 0.7148693 0.7148693 0.7113510 0.7097948 0.7083466 0.7069660 0.7069660 0.6923763 0.6829231 0.6733615 0.6644372 0.6565468 0.6499293 0.6447152 0.6408980 0.6384479 0.6372912 0.6372523 0.6379495 0.6380531 0.6325189 0.6325189 0.5747756 0.5267608 0.4610399 0.4411147 0.4411147 0.4262921 0.4262921 0.4410486 0.4410486 0.4550171 0.4856641 0.4856641 0.5250587 0.5250587 0.5805496 0.5805496 0.5805496 0.5879750 0.5879750 0.5818131 0.5818131 0.5703888 0.5703888 0.5579625 0.5579625 0.5465796 0.5465796 0.5465796
0.7424217 0.7424217 0.7516252 0.7334762 0.7286890 0.7286890 0.7248519 0.7191358 0.7191358 0.7148575 0.7148575 0.7113497 0.7097952 0.7083475 0.7069584 0.7069584 0.6915293 0.6796808 0.6674058 0.6557959 0.6453986 0.6365074 0.6292742 0.6237220 0.6198143 0.6174658 0.6165107 0.6166230 0.6168050 0.6133891 0.6133891 0.5762583 0.5366614 0.4766834 0.4598714 0.4598714 0.4555567 0.4555567 0.4763897 0.4763897 0.4878797 0.5048361 0.5048361 0.5231277 0.5231277 0.5657590 0.5657590 0.5657590 0.5775210 0.5775210 0.5756108 0.5756108 0.5667767 0.5667767 0.5558679 0.5558679 0.5455536 0.5455536 0.5455536
0.7417012 0.7417012 0.7515507 0.7334142 0.7287468 0.7287468 0.7248912 0.7191221 0.7191221 0.7148469 0.7148469 0.7113486 0.7097960 0.7083487 0.7069474 0.7069474 0.6894157 0.6751671 0.6603125 0.6461641 0.6333731 0.6222793 0.6130571 0.6057596 0.6003643 0.5967932 0.5948963 0.5943943 0.5945339 0.5926933 0.5926933 0.5692687 0.5388362 0.4921879 0.4841714 0.4841714 0.4965344 0.4965344 0.5167468 0.5167468 0.5217841 0.5230225 0.5230225 0.5245737 0.5245737 0.5508958 0.5508958 0.5508958 0.5643414 0.5643414 0.5666993 0.5666993 0.5613332 0.5613332 0.5527613 0.5527613 0.5441289 0.5441289 0.5441289
0.7412721 0.7412721 0.7514865 0.7333699 0.7287807 0.7287807 0.7249171 0.7191136 0.7191136 0.7148403 0.7148403 0.7113484 0.7097970 0.7083501 0.7069308 0.7069308 0.6857507 0.6689617 0.6516073 0.6350794 0.6200633 0.6069130 0.5958106 0.5868261 0.5799547 0.5751354 0.5722436 0.5710499 0.5709963 0.5702830 0.5702830 0.5563687 0.5356053 0.5125748 0.5193998 0.5193998 0.5458806 0.5458806 0.5545318 0.5545318 0.5511524 0.5386001 0.5386001 0.5283072 0.5283072 0.5384268 0.5384268 0.5384268 0.5503532 0.5503532 0.5557483 0.5557483 0.5541184 0.5541184 0.5485734 0.5485734 0.5422691 0.5422691 0.5422691
0.7411296 0.7411296 0.7514617 0.7333543 0.7287921 0.7287921 0.7249263 0.7191111 0.7191111 0.7148383 0.7148383 0.7113484 0.7097973 0.7083501 0.7069052 0.7069052 0.6801620 0.6605754 0.6407427 0.6219926 0.6049630 0.5899749 0.5771888 0.5666698 0.5584200 0.5523941 0.5484952 0.5465468 0.5461621 0.5462642 0.5462642 0.5395693 0.5302479 0.5458510 0.5693050 0.5693050 0.5945611 0.5945611 0.5844083 0.5844083 0.5738444 0.5516047 0.5516047 0.5334496 0.5334496 0.5294443 0.5294443 0.5294443 0.5373033 0.5373033 0.5437839 0.5437839 0.5454511 0.5454511 0.5433340 0.5433340 0.5399485 0.5399485 0.5399485
0.7412721 0.7412721 0.7514864 0.7333699 0.7287807 0.7287807 0.7249171 0.7191135 0.7191135 0.7148404 0.7148404 0.7113482 0.7097970 0.7083502 0.7068701 0.7068701 0.6721166 0.6493794 0.6270461 0.6062356 0.5874487 0.5709139 0.5567313 0.5449315 0.5355043 0.5284095 0.5235731 0.5208694 0.5200914 0.5210087 0.5210087 0.5214349 0.5291389 0.5982022 0.6286696 0.6286696 0.6328485 0.6328485 0.6057945 0.6057945 0.5907395 0.5625798 0.5625798 0.5392520 0.5392520 0.5238802 0.5238802 0.5238802 0.5263418 0.5263418 0.5319446 0.5319446 0.5359174 0.5359174 0.5372369 0.5372369 0.5372002 0.5372002 0.5372002
0.7417014 0.7417014 0.7515506 0.7334142 0.7287468 0.7287468 0.7248913 0.7191221 0.7191221 0.7148470 0.7148470 0.7113485 0.7097958 0.7083488 0.7068191 0.7068191 0.6607947 0.6344942 0.6096359 0.5869678 0.5667487 0.5490469 0.5338543 0.5211351 0.5108427 0.5029268 0.4973248 0.4939617 0.4929009 0.4954898 0.4954898 0.5072741 0.5447703 0.6638047 0.6817560 0.6817560 0.6577054 0.6577054 0.6209111 0.6209111 0.6035777 0.5719107 0.5719107 0.5450909 0.5450909 0.5210478 0.5210478 0.5210478 0.5179357 0.5179357 0.5212264 0.5212264 0.5262937 0.5262937 0.5306754 0.5306754 0.5341603 0.5341603 0.5341603
0.7424217 0.7424217 0.7516251 0.7334762 0.7286891 0.7286891 0.7248520 0.7191358 0.7191358 0.7148576 0.7148576 0.7113496 0.7097951 0.7083476 0.7067483 0.7067483 0.6448944 0.6146233 0.5872971 0.5630860 0.5418826 0.5235158 0.5078215 0.4946635 0.4839376 0.4755658 0.4694851 0.4656890 0.4649044 0.4727654 0.4727654 0.5098380 0.5933275 0.7211577 0.7149261 0.7149261 0.6727514 0.6727514 0.6319442 0.6319442 0.6135717 0.5796854 0.5796854 0.5504654 0.5504654 0.5200855 0.5200855 0.5200855 0.5120084 0.5120084 0.5123096 0.5123096 0.5174009 0.5174009 0.5242057 0.5242057 0.5310751 0.5310751 0.5310751
