simulation_files/asc/Depth____332.0.asc
NCOLS        79
NROWS        79
XLLCENTER         -1.500000
YLLCENTER         -4.800000
CELLSIZE           0.100
NODATA_VALUE     -9999.0
[rows 0 to 25 of 79, columns 0 to 58 of 79]
-9999.000 -9999.000 -9999.000 -9999.000 -9999.000 -9999.000 -9999.000 -9999.000 -9999.000 -9999.000 -9999.000 -9999.000 -9999.000 -9999.000 -9999.000 0.6723777 0.6727359 0.6727377 0.6726149 0.6724260 0.6721962 0.6719409 0.6716830 0.6714254 0.6711775 0.6709450 0.6707228 0.6704757 0.6700973 0.6700488 0.6700488 -9999.000 -9999.000 -9999.000 -9999.000 -9999.000 -9999.000 -9999.000 -9999.000 -9999.000 -9999.000 -9999.000 -9999.000 -9999.000 -9999.000 -9999.000 -9999.000 -9999.000 -9999.000 -9999.000 -9999.000 -9999.000 -9999.000 -9999.000 -9999.000 -9999.000 -9999.000 -9999.000 -9999.000
-9999.000 -9999.000 -9999.000 -9999.000 -9999.000 -9999.000 -9999.000 -9999.000 -9999.000 -9999.000 -9999.000 -9999.000 -9999.000 -9999.000 -9999.000 0.6741334 0.6744800 0.6744803 0.6743799 0.6742289 0.6740478 0.6738487 0.6736503 0.6734540 0.6732672 0.6730944 0.6729304 0.6727440 0.6724398 0.6724722 0.6724722 -9999.000 -9999.000 -9999.000 -9999.000 -9999.000 -9999.000 -9999.000 -9999.000 -9999.000 -9999.000 -9999.000 -9999.000 -9999.000 -9999.000 -9999.000 -9999.000 -9999.000 -9999.000 -9999.000 -9999.000 -9999.000 -9999.000 -9999.000 -9999.000 -9999.000 -9999.000 -9999.000 -9999.000
-9999.000 -9999.000 -9999.000 -9999.000 -9999.000 -9999.000 -9999.000 -9999.000 -9999.000 -9999.000 -9999.000 -9999.000 -9999.000 -9999.000 -9999.000 0.6760526 0.6764284 0.6764352 0.6763405 0.6761957 0.6760221 0.6758318 0.6756437 0.6754583 0.6752826 0.6751202 0.6749644 0.6747814 0.6744696 0.6744976 0.6744976 -9999.000 -9999.000 -9999.000 -9999.000 -9999.000 -9999.000 -9999.000 -9999.000 -9999.000 -9999.000 -9999.000 -9999.000 -9999.000 -9999.000 -9999.000 -9999.000 -9999.000 -9999.000 -9999.000 -9999.000 -9999.000 -9999.000 -9999.000 -9999.000 -9999.000 -9999.000 -9999.000 -9999.000
-9999.000 -9999.000 -9999.000 -9999.000 -9999.000 -9999.000 -9999.000 -9999.000 -9999.000 -9999.000 -9999.000 -9999.000 -9999.000 -9999.000 -9999.000 0.6780210 0.6784140 0.6784227 0.6783285 0.6781840 0.6780107 0.6778210 0.6776344 0.6774505 0.6772766 0.6771157 0.6769603 0.6767741 0.6764483 0.6764544 0.6764544 -9999.000 -9999.000 -9999.000 -9999.000 -9999.000 -9999.000 -9999.000 -9999.000 -9999.000 -9999.000 -9999.000 -9999.000 -9999.000 -9999.000 -9999.000 -9999.000 -9999.000 -9999.000 -9999.000 -9999.000 -9999.000 -9999.000 -9999.000 -9999.000 -9999.000 -9999.000 -9999.000 -9999.000
-9999.000 -9999.000 -9999.000 -9999.000 -9999.000 -9999.000 -9999.000 -9999.000 -9999.000 -9999.000 -9999.000 -9999.000 -9999.000 -9999.000 -9999.000 0.6800106 0.6804150 0.6804234 0.6803269 0.6801795 0.6800030 0.6798098 0.6796204 0.6794338 0.6792571 0.6790936 0.6789348 0.6787413 0.6783963 0.6783659 0.6783659 -9999.000 -9999.000 -9999.000 -9999.000 -9999.000 -9999.000 -9999.000 -9999.000 -9999.000 -9999.000 -9999.000 -9999.000 -9999.000 -9999.000 -9999.000 -9999.000 -9999.000 -9999.000 -9999.000 -9999.000 -9999.000 -9999.000 -9999.000 -9999.000 -9999.000 -9999.000 -9999.000 -9999.000
-9999.000 -9999.000 -9999.000 -9999.000 -9999.000 -9999.000 -9999.000 -9999.000 -9999.000 -9999.000 -9999.000 -9999.000 -9999.000 -9999.000 -9999.000 0.6820076 0.6824206 0.6824273 0.6823272 0.6821753 0.6819937 0.6817951 0.6816010 0.6814091 0.6812276 0.6810593 0.6808948 0.6806914 0.6803222 0.6802405 0.6802405 -9999.000 -9999.000 -9999.000 -9999.000 -9999.000 -9999.000 -9999.000 -9999.000 -9999.000 -9999.000 -9999.000 -9999.000 -9999.000 -9999.000 -9999.000 -9999.000 -9999.000 -9999.000 -9999.000 -9999.000 -9999.000 -9999.000 -9999.000 -9999.000 -9999.000 -9999.000 -9999.000 -9999.000
-9999.000 -9999.000 -9999.000 -9999.000 -9999.000 -9999.000 -9999.000 -9999.000 -9999.000 -9999.000 -9999.000 -9999.000 -9999.000 -9999.000 -9999.000 0.6840054 0.6844255 0.6844295 0.6843247 0.6841676 0.6839800 0.6837749 0.6835750 0.6833767 0.6831890 0.6830147 0.6828431 0.6826274 0.6822287 0.6820784 0.6820784 -9999.000 -9999.000 -9999.000 -9999.000 -9999.000 -9999.000 -9999.000 -9999.000 -9999.000 -9999.000 -9999.000 -9999.000 -9999.000 -9999.000 -9999.000 -9999.000 -9999.000 -9999.000 -9999.000 -9999.000 -9999.000 -9999.000 -9999.000 -9999.000 -9999.000 -9999.000 -9999.000 -9999.000
-9999.000 -9999.000 -9999.000 -9999.000 -9999.000 -9999.000 -9999.000 -9999.000 -9999.000 -9999.000 -9999.000 -9999.000 -9999.000 -9999.000 -9999.000 0.6860003 0.6864268 0.6864269 0.6863169 0.6861539 0.6859598 0.6857475 0.6855413 0.6853357 0.6851411 0.6849599 0.6847800 0.6845499 0.6841158 0.6838748 0.6838748 -9999.000 -9999.000 -9999.000 -9999.000 -9999.000 -9999.000 -9999.000 -9999.000 -9999.000 -9999.000 -9999.000 -9999.000 -9999.000 -9999.000 -9999.000 -9999.000 -9999.000 -9999.000 -9999.000 -9999.000 -9999.000 -9999.000 -9999.000 -9999.000 -9999.000 -9999.000 -9999.000 -9999.000
-9999.000 -9999.000 -9999.000 -9999.000 -9999.000 -9999.000 -9999.000 -9999.000 -9999.000 -9999.000 -9999.000 -9999.000 -9999.000 -9999.000 -9999.000 0.6879898 0.6884221 0.6884176 0.6883017 0.6881325 0.6879312 0.6877112 0.6874983 0.6872849 0.6870827 0.6868941 0.6867048 0.6864575 0.6859810 0.6856196 0.6856196 -9999.000 -9999.000 -9999.000 -9999.000 -9999.000 -9999.000 -9999.000 -9999.000 -9999.000 -9999.000 -9999.000 -9999.000 -9999.000 -9999.000 -9999.000 -9999.000 -9999.000 -9999.000 -9999.000 -9999.000 -9999.000 -9999.000 -9999.000 -9999.000 -9999.000 -9999.000 -9999.000 -9999.000
-9999.000 -9999.000 -9999.000 -9999.000 -9999.000 -9999.000 -9999.000 -9999.000 -9999.000 -9999.000 -9999.000 -9999.000 -9999.000 -9999.000 -9999.000 0.6899716 0.6904098 0.6903997 0.6902772 0.6901012 0.6898924 0.6896642 0.6894444 0.6892225 0.6890122 0.6888153 0.6886154 0.6883481 0.6878205 0.6872975 0.6872975 -9999.000 -9999.000 -9999.000 -9999.000 -9999.000 -9999.000 -9999.000 -9999.000 -9999.000 -9999.000 -9999.000 -9999.000 -9999.000 -9999.000 -9999.000 -9999.000 -9999.000 -9999.000 -9999.000 -9999.000 -9999.000 -9999.000 -9999.000 -9999.000 -9999.000 -9999.000 -9999.000 -9999.000
-9999.000 -9999.000 -9999.000 -9999.000 -9999.000 -9999.000 -9999.000 -9999.000 -9999.000 -9999.000 -9999.000 -9999.000 -9999.000 -9999.000 -9999.000 0.6919432 0.6923878 0.6923710 0.6922411 0.6920579 0.6918412 0.6916042 0.6913772 0.6911461 0.6909271 0.6907212 0.6905091 0.6902177 0.6896283 0.6888855 0.6888855 -9999.000 -9999.000 -9999.000 -9999.000 -9999.000 -9999.000 -9999.000 -9999.000 -9999.000 -9999.000 -9999.000 -9999.000 -9999.000 -9999.000 -9999.000 -9999.000 -9999.000 -9999.000 -9999.000 -9999.000 -9999.000 -9999.000 -9999.000 -9999.000 -9999.000 -9999.000 -9999.000 -9999.000
-9999.000 -9999.000 -9999.000 -9999.000 -9999.000 -9999.000 -9999.000 -9999.000 -9999.000 -9999.000 -9999.000 -9999.000 -9999.000 -9999.000 -9999.000 0.6939016 0.6943532 0.6943287 0.6941907 0.6939997 0.6937743 0.6935280 0.6932935 0.6930524 0.6928237 0.6926078 0.6923816 0.6920611 0.6913959 0.6903483 0.6903483 -9999.000 -9999.000 -9999.000 -9999.000 -9999.000 -9999.000 -9999.000 -9999.000 -9999.000 -9999.000 -9999.000 -9999.000 -9999.000 -9999.000 -9999.000 -9999.000 -9999.000 -9999.000 -9999.000 -9999.000 -9999.000 -9999.000 -9999.000 -9999.000 -9999.000 -9999.000 -9999.000 -9999.000
-9999.000 -9999.000 -9999.000 -9999.000 -9999.000 -9999.000 -9999.000 -9999.000 -9999.000 -9999.000 -9999.000 -9999.000 -9999.000 -9999.000 -9999.000 0.6958420 0.6963024 0.6962690 0.6961219 0.6959224 0.6956878 0.6954312 0.6951889 0.6949365 0.6946971 0.6944695 0.6942264 0.6938699 0.6931104 0.6916299 0.6916299 -9999.000 -9999.000 -9999.000 -9999.000 -9999.000 -9999.000 -9999.000 -9999.000 -9999.000 -9999.000 -9999.000 -9999.000 -9999.000 -9999.000 -9999.000 -9999.000 -9999.000 -9999.000 -9999.000 -9999.000 -9999.000 -9999.000 -9999.000 -9999.000 -9999.000 -9999.000 -9999.000 -9999.000
-9999.000 -9999.000 -9999.000 -9999.000 -9999.000 -9999.000 -9999.000 -9999.000 -9999.000 -9999.000 -9999.000 -9999.000 -9999.000 -9999.000 -9999.000 0.6977388 0.6982194 0.6981813 0.6980279 0.6978219 0.6975787 0.6973113 0.6970603 0.6967943 0.6965419 0.6962999 0.6960352 0.6956329 0.6947535 0.6926436 0.6926436 -9999.000 -9999.000 -9999.000 -9999.000 -9999.000 -9999.000 -9999.000 -9999.000 -9999.000 -9999.000 -9999.000 -9999.000 -9999.000 -9999.000 -9999.000 -9999.000 -9999.000 -9999.000 -9999.000 -9999.000 -9999.000 -9999.000 -9999.000 -9999.000 -9999.000 -9999.000 -9999.000 -9999.000
-9999.000 -9999.000 -9999.000 -9999.000 -9999.000 -9999.000 -9999.000 -9999.000 -9999.000 -9999.000 -9999.000 -9999.000 -9999.000 -9999.000 -9999.000 0.6952320 0.6989372 0.7003822 0.7007175 0.7005411 0.7002633 0.6999144 0.6995611 0.6991760 0.6988046 0.6984494 0.6980709 0.6975182 0.6963409 0.6925836 0.6925836 -9999.000 -9999.000 -9999.000 -9999.000 -9999.000 -9999.000 -9999.000 -9999.000 -9999.000 -9999.000 -9999.000 -9999.000 -9999.000 -9999.000 -9999.000 -9999.000 -9999.000 -9999.000 -9999.000 -9999.000 -9999.000 -9999.000 -9999.000 -9999.000 -9999.000 -9999.000 -9999.000 -9999.000
0.7648386 0.7648386 0.7684878 0.7492601 0.7449903 0.7449903 0.7416102 0.7363115 0.7363115 0.7322568 0.7322568 0.7289287 0.7274373 0.7260291 0.7246611 0.7246611 0.7030530 0.7018523 0.7014793 0.7021682 0.7033320 0.7049280 0.7072594 0.7095688 0.7119948 0.7142866 0.7158490 0.7151039 0.7078787 0.6778226 0.6778226 0.4723569 0.4377505 0.4181790 0.4117196 0.4117196 0.4021323 0.4021323 0.4070396 0.4070396 0.4192757 0.4703837 0.4703837 0.5737709 0.5737709 0.6112764 0.6112764 0.6112764 0.6092585 0.6092585 0.5986269 0.5986269 0.5850579 0.5850579 0.5712104 0.5712104 0.5586788 0.5586788 0.5586788
0.7618747 0.7618747 0.7671833 0.7483092 0.7439739 0.7439739 0.7405721 0.7352773 0.7352773 0.7312419 0.7312419 0.7279300 0.7264456 0.7250439 0.7236826 0.7236826 0.7048834 0.7003370 0.6963025 0.6929858 0.6903076 0.6883909 0.6874759 0.6873676 0.6881168 0.6896175 0.6915689 0.6932353 0.6928447 0.6797674 0.6797674 0.5400127 0.4872930 0.4361831 0.4221548 0.4221548 0.4069029 0.4069029 0.4107639 0.4107639 0.4221369 0.4664386 0.4664386 0.5493486 0.5493486 0.6094210 0.6094210 0.6094210 0.6092396 0.6092396 0.5989569 0.5989569 0.5854496 0.5854496 0.5717040 0.5717040 0.5592131 0.5592131 0.5592131
0.7602062 0.7602062 0.7672958 0.7484311 0.7440254 0.7440254 0.7405570 0.7352207 0.7352207 0.7311918 0.7311918 0.7278860 0.7264012 0.7249977 0.7236300 0.7236300 0.7061766 0.6986538 0.6914772 0.6850642 0.6795524 0.6750643 0.6717732 0.6696039 0.6685652 0.6686047 0.6695253 0.6707812 0.6709630 0.6630387 0.6630387 0.5731506 0.5186818 0.4540164 0.4349770 0.4349770 0.4165729 0.4165729 0.4240595 0.4240595 0.4371293 0.4767541 0.4767541 0.5379073 0.5379073 0.6028273 0.6028273 0.6028273 0.6067961 0.6067961 0.5980645 0.5980645 0.5850906 0.5850906 0.5715785 0.5715785 0.5592349 0.5592349 0.5592349
0.7588724 0.7588724 0.7680027 0.7485738 0.7441297 0.7441297 0.7405931 0.7352128 0.7352128 0.7311918 0.7311918 0.7278913 0.7264062 0.7250013 0.7236243 0.7236243 0.7067068 0.6965089 0.6863627 0.6770260 0.6688401 0.6619789 0.6565790 0.6526070 0.6500255 0.6487637 0.6486565 0.6492856 0.6495665 0.6444291 0.6444291 0.5869722 0.5384645 0.4714852 0.4509136 0.4509136 0.4349227 0.4349227 0.4492323 0.4492323 0.4633569 0.4945122 0.4945122 0.5328833 0.5328833 0.5906618 0.5906618 0.5906618 0.5998476 0.5998476 0.5944024 0.5944024 0.5830281 0.5830281 0.5703434 0.5703434 0.5585814 0.5585814 0.5585814
0.7578431 0.7578431 0.7681983 0.7486613 0.7442103 0.7442103 0.7406185 0.7351981 0.7351981 0.7311885 0.7311885 0.7278962 0.7264115 0.7250058 0.7236151 0.7236151 0.7061483 0.6934707 0.6805303 0.6684031 0.6576058 0.6483878 0.6408923 0.6351256 0.6310407 0.6285494 0.6274912 0.6275191 0.6277878 0.6246815 0.6246815 0.5879448 0.5481086 0.4869555 0.4694303 0.4694303 0.4641244 0.4641244 0.4852958 0.4852958 0.4972741 0.5149103 0.5149103 0.5323567 0.5323567 0.5754344 0.5754344 0.5754344 0.5886787 0.5886787 0.5876883 0.5876883 0.5791191 0.5791191 0.5680812 0.5680812 0.5574570 0.5574570 0.5574570
0.7571144 0.7571144 0.7682720 0.7486851 0.7442557 0.7442557 0.7406328 0.7351854 0.7351854 0.7311860 0.7311860 0.7279007 0.7264163 0.7250101 0.7235996 0.7235996 0.7042322 0.6891147 0.6735352 0.6587885 0.6455080 0.6340060 0.6244461 0.6168691 0.6112431 0.6074842 0.6054442 0.6048321 0.6049871 0.6033642 0.6033642 0.5803387 0.5498402 0.5020108 0.4932709 0.4932709 0.5053883 0.5053883 0.5268403 0.5268403 0.5324528 0.5341179 0.5341179 0.5348911 0.5348911 0.5604895 0.5604895 0.5604895 0.5748851 0.5748851 0.5781839 0.5781839 0.5732705 0.5732705 0.5647244 0.5647244 0.5558813 0.5558813 0.5558813
0.7566801 0.7566801 0.7682886 0.7486878 0.7442777 0.7442777 0.7406392 0.7351768 0.7351768 0.7311844 0.7311844 0.7279038 0.7264196 0.7250126 0.7235740 0.7235740 0.7006709 0.6830005 0.6648819 0.6476967 0.6321195 0.6184897 0.6069807 0.5976534 0.5904956 0.5854400 0.5823607 0.5810228 0.5809224 0.5803335 0.5803335 0.5667473 0.5459671 0.5216103 0.5280109 0.5280109 0.5557205 0.5557205 0.5660180 0.5660180 0.5630002 0.5504272 0.5504272 0.5393679 0.5393679 0.5482061 0.5482061 0.5482061 0.5604926 0.5604926 0.5666555 0.5666555 0.5655764 0.5655764 0.5602063 0.5602063 0.5538113 0.5538113 0.5538113
0.7565357 0.7565357 0.7682896 0.7486875 0.7442845 0.7442845 0.7406414 0.7351743 0.7351743 0.7311842 0.7311842 0.7279050 0.7264205 0.7250131 0.7235358 0.7235358 0.6950927 0.6746238 0.6540031 0.6345542 0.6169103 0.6013856 0.5881349 0.5772170 0.5686288 0.5623189 0.5581884 0.5560569 0.5555691 0.5557007 0.5557007 0.5491875 0.5397014 0.5539366 0.5779948 0.5779948 0.6060516 0.6060516 0.5970814 0.5970814 0.5865355 0.5638973 0.5638973 0.5449902 0.5449902 0.5395403 0.5395403 0.5395403 0.5472652 0.5472652 0.5542108 0.5542108 0.5564058 0.5564058 0.5545719 0.5545719 0.5512226 0.5512226 0.5512226
0.7566800 0.7566800 0.7682887 0.7486878 0.7442776 0.7442776 0.7406393 0.7351769 0.7351769 0.7311845 0.7311845 0.7279038 0.7264194 0.7250126 0.7234819 0.7234819 0.6869602 0.6633413 0.6402055 0.6186699 0.5992332 0.5821216 0.5674310 0.5551882 0.5453789 0.5379580 0.5328491 0.5299239 0.5289905 0.5298344 0.5298344 0.5301780 0.5372732 0.6059336 0.6387123 0.6387123 0.6460298 0.6460298 0.6192112 0.6192112 0.6039280 0.5751668 0.5751668 0.5511119 0.5511119 0.5343200 0.5343200 0.5343200 0.5363081 0.5363081 0.5420335 0.5420335 0.5463986 0.5463986 0.5480435 0.5480435 0.5481591 0.5481591 0.5481591
0.7571144 0.7571144 0.7682719 0.7486851 0.7442556 0.7442556 0.7406328 0.7351854 0.7351854 0.7311861 0.7311861 0.7279007 0.7264163 0.7250100 0.7234050 0.7234050 0.6754448 0.6482563 0.6225867 0.5991796 0.5782921 0.5599900 0.5442631 0.5310717 0.5203664 0.5120923 0.5061847 0.5025660 0.5013009 0.5036746 0.5036746 0.5148665 0.5511231 0.6728362 0.6942835 0.6942835 0.6719612 0.6719612 0.6347019 0.6347019 0.6170350 0.5846936 0.5846936 0.5571729 0.5571729 0.5317959 0.5317959 0.5317959 0.5280153 0.5280153 0.5311210 0.5311210 0.5363742 0.5363742 0.5410497 0.5410497 0.5447754 0.5447754 0.5447754
0.7578431 0.7578431 0.7681983 0.7486612 0.7442102 0.7442102 0.7406185 0.7351981 0.7351981 0.7311887 0.7311887 0.7278963 0.7264114 0.7250058 0.7232966 0.7232966 0.6592237 0.6280480 0.5999051 0.5749533 0.5530797 0.5341086 0.5178722 0.5042307 0.4930767 0.4843283 0.4779204 0.4738427 0.4727986 0.4801656 0.4801656 0.5157592 0.5981726 0.7331776 0.7296265 0.7296265 0.6874226 0.6874226 0.6459049 0.6459049 0.6271797 0.5926077 0.5926077 0.5627066 0.5627066 0.5310819 0.5310819 0.5310819 0.5222437 0.5222437 0.5221249 0.5221249 0.5271762 0.5271762 0.5341839 0.5341839 0.5413471 0.5413471 0.5413471
