simulation_files/asc/Depth____000128.asc
NCOLS        79
NROWS        79
XLLCENTER         -1.500000
YLLCENTER         -4.800000
CELLSIZE           0.100
NODATA_VALUE     -9999.0
[rows 0 to 25 of 79, columns 0 to 58 of 79]
-9999.000 -9999.000 -9999.000 -9999.000 -9999.000 -9999.000 -9999.000 -9999.000 -9999.000 -9999.000 -9999.000 -9999.000 -9999.000 -9999.000 -9999.000 0.4836819 0.4838728 0.4838516 0.4837783 0.4836663 0.4835254 0.4833648 0.4831925 0.4830156 0.4828377 0.4826525 0.4824417 0.4821646 0.4817470 0.4817607 0.4817607 -9999.000 -9999.000 -9999.000 -9999.000 -9999.000 -9999.000 -9999.000 -9999.000 -9999.000 -9999.000 -9999.000 -9999.000 -9999.000 -9999.000 -9999.000 -9999.000 -9999.000 -9999.000 -9999.000 -9999.000 -9999.000 -9999.000 -9999.000 -9999.000 -9999.000 -9999.000 -9999.000 -9999.000
-9999.000 -9999.000 -9999.000 -9999.000 -9999.000 -9999.000 -9999.000 -9999.000 -9999.000 -9999.000 -9999.000 -9999.000 -9999.000 -9999.000 -9999.000 0.4855193 0.4857090 0.4856860 0.4856205 0.4855241 0.4854051 0.4852711 0.4851288 0.4849848 0.4848424 0.4846971 0.4845334 0.4843141 0.4839679 0.4840290 0.4840290 -9999.000 -9999.000 -9999.000 -9999.000 -9999.000 -9999.000 -9999.000 -9999.000 -9999.000 -9999.000 -9999.000 -9999.000 -9999.000 -9999.000 -9999.000 -9999.000 -9999.000 -9999.000 -9999.000 -9999.000 -9999.000 -9999.000 -9999.000 -9999.000 -9999.000 -9999.000 -9999.000 -9999.000
-9999.000 -9999.000 -9999.000 -9999.000 -9999.000 -9999.000 -9999.000 -9999.000 -9999.000 -9999.000 -9999.000 -9999.000 -9999.000 -9999.000 -9999.000 0.4874839 0.4877008 0.4876822 0.4876212 0.4875301 0.4874176 0.4872917 0.4871590 0.4870258 0.4868949 0.4867602 0.4866034 0.4863836 0.4860221 0.4860789 0.4860789 -9999.000 -9999.000 -9999.000 -9999.000 -9999.000 -9999.000 -9999.000 -9999.000 -9999.000 -9999.000 -9999.000 -9999.000 -9999.000 -9999.000 -9999.000 -9999.000 -9999.000 -9999.000 -9999.000 -9999.000 -9999.000 -9999.000 -9999.000 -9999.000 -9999.000 -9999.000 -9999.000 -9999.000
-9999.000 -9999.000 -9999.000 -9999.000 -9999.000 -9999.000 -9999.000 -9999.000 -9999.000 -9999.000 -9999.000 -9999.000 -9999.000 -9999.000 -9999.000 0.4894815 0.4897180 0.4897016 0.4896426 0.4895536 0.4894435 0.4893203 0.4891911 0.4890618 0.4889351 0.4888033 0.4886465 0.4884193 0.4880353 0.4880727 0.4880727 -9999.000 -9999.000 -9999.000 -9999.000 -9999.000 -9999.000 -9999.000 -9999.000 -9999.000 -9999.000 -9999.000 -9999.000 -9999.000 -9999.000 -9999.000 -9999.000 -9999.000 -9999.000 -9999.000 -9999.000 -9999.000 -9999.000 -9999.000 -9999.000 -9999.000 -9999.000 -9999.000 -9999.000
-9999.000 -9999.000 -9999.000 -9999.000 -9999.000 -9999.000 -9999.000 -9999.000 -9999.000 -9999.000 -9999.000 -9999.000 -9999.000 -9999.000 -9999.000 0.4914984 0.4917496 0.4917339 0.4916749 0.4915854 0.4914746 0.4913509 0.4912213 0.4910919 0.4909652 0.4908322 0.4906709 0.4904317 0.4900182 0.4900222 0.4900222 -9999.000 -9999.000 -9999.000 -9999.000 -9999.000 -9999.000 -9999.000 -9999.000 -9999.000 -9999.000 -9999.000 -9999.000 -9999.000 -9999.000 -9999.000 -9999.000 -9999.000 -9999.000 -9999.000 -9999.000 -9999.000 -9999.000 -9999.000 -9999.000 -9999.000 -9999.000 -9999.000 -9999.000
-9999.000 -9999.000 -9999.000 -9999.000 -9999.000 -9999.000 -9999.000 -9999.000 -9999.000 -9999.000 -9999.000 -9999.000 -9999.000 -9999.000 -9999.000 0.4935257 0.4937883 0.4937721 0.4937119 0.4936202 0.4935067 0.4933801 0.4932478 0.4931157 0.4929864 0.4928495 0.4926805 0.4924251 0.4919748 0.4919302 0.4919302 -9999.000 -9999.000 -9999.000 -9999.000 -9999.000 -9999.000 -9999.000 -9999.000 -9999.000 -9999.000 -9999.000 -9999.000 -9999.000 -9999.000 -9999.000 -9999.000 -9999.000 -9999.000 -9999.000 -9999.000 -9999.000 -9999.000 -9999.000 -9999.000 -9999.000 -9999.000 -9999.000 -9999.000
-9999.000 -9999.000 -9999.000 -9999.000 -9999.000 -9999.000 -9999.000 -9999.000 -9999.000 -9999.000 -9999.000 -9999.000 -9999.000 -9999.000 -9999.000 0.4955575 0.4958295 0.4958118 0.4957494 0.4956544 0.4955368 0.4954059 0.4952691 0.4951325 0.4949987 0.4948558 0.4946765 0.4944006 0.4939052 0.4937932 0.4937932 -9999.000 -9999.000 -9999.000 -9999.000 -9999.000 -9999.000 -9999.000 -9999.000 -9999.000 -9999.000 -9999.000 -9999.000 -9999.000 -9999.000 -9999.000 -9999.000 -9999.000 -9999.000 -9999.000 -9999.000 -9999.000 -9999.000 -9999.000 -9999.000 -9999.000 -9999.000 -9999.000 -9999.000
-9999.000 -9999.000 -9999.000 -9999.000 -9999.000 -9999.000 -9999.000 -9999.000 -9999.000 -9999.000 -9999.000 -9999.000 -9999.000 -9999.000 -9999.000 0.4975900 0.4978697 0.4978498 0.4977844 0.4976852 0.4975625 0.4974259 0.4972835 0.4971410 0.4970013 0.4968506 0.4966585 0.4963574 0.4958068 0.4956027 0.4956027 -9999.000 -9999.000 -9999.000 -9999.000 -9999.000 -9999.000 -9999.000 -9999.000 -9999.000 -9999.000 -9999.000 -9999.000 -9999.000 -9999.000 -9999.000 -9999.000 -9999.000 -9999.000 -9999.000 -9999.000 -9999.000 -9999.000 -9999.000 -9999.000 -9999.000 -9999.000 -9999.000 -9999.000
-9999.000 -9999.000 -9999.000 -9999.000 -9999.000 -9999.000 -9999.000 -9999.000 -9999.000 -9999.000 -9999.000 -9999.000 -9999.000 -9999.000 -9999.000 0.4996200 0.4999063 0.4998833 0.4998143 0.4997100 0.4995813 0.4994382 0.4992889 0.4991394 0.4989927 0.4988326 0.4986247 0.4982932 0.4976752 0.4973438 0.4973438 -9999.000 -9999.000 -9999.000 -9999.000 -9999.000 -9999.000 -9999.000 -9999.000 -9999.000 -9999.000 -9999.000 -9999.000 -9999.000 -9999.000 -9999.000 -9999.000 -9999.000 -9999.000 -9999.000 -9999.000 -9999.000 -9999.000 -9999.000 -9999.000 -9999.000 -9999.000 -9999.000 -9999.000
-9999.000 -9999.000 -9999.000 -9999.000 -9999.000 -9999.000 -9999.000 -9999.000 -9999.000 -9999.000 -9999.000 -9999.000 -9999.000 -9999.000 -9999.000 0.5016443 0.5019367 0.5019097 0.5018364 0.5017263 0.5015906 0.5014399 0.5012828 0.5011251 0.5009704 0.5007990 0.5005724 0.5002040 0.4995030 0.4989935 0.4989935 -9999.000 -9999.000 -9999.000 -9999.000 -9999.000 -9999.000 -9999.000 -9999.000 -9999.000 -9999.000 -9999.000 -9999.000 -9999.000 -9999.000 -9999.000 -9999.000 -9999.000 -9999.000 -9999.000 -9999.000 -9999.000 -9999.000 -9999.000 -9999.000 -9999.000 -9999.000 -9999.000 -9999.000
-9999.000 -9999.000 -9999.000 -9999.000 -9999.000 -9999.000 -9999.000 -9999.000 -9999.000 -9999.000 -9999.000 -9999.000 -9999.000 -9999.000 -9999.000 0.5036595 0.5039577 0.5039259 0.5038475 0.5037307 0.5035871 0.5034277 0.5032616 0.5030946 0.5029306 0.5027460 0.5024968 0.5020833 0.5012791 0.5005144 0.5005144 -9999.000 -9999.000 -9999.000 -9999.000 -9999.000 -9999.000 -9999.000 -9999.000 -9999.000 -9999.000 -9999.000 -9999.000 -9999.000 -9999.000 -9999.000 -9999.000 -9999.000 -9999.000 -9999.000 -9999.000 -9999.000 -9999.000 -9999.000 -9999.000 -9999.000 -9999.000 -9999.000 -9999.000
-9999.000 -9999.000 -9999.000 -9999.000 -9999.000 -9999.000 -9999.000 -9999.000 -9999.000 -9999.000 -9999.000 -9999.000 -9999.000 -9999.000 -9999.000 0.5056610 0.5059654 0.5059277 0.5058436 0.5057191 0.5055663 0.5053970 0.5052205 0.5050427 0.5048679 0.5046675 0.5043906 0.5039207 0.5029857 0.5018448 0.5018448 -9999.000 -9999.000 -9999.000 -9999.000 -9999.000 -9999.000 -9999.000 -9999.000 -9999.000 -9999.000 -9999.000 -9999.000 -9999.000 -9999.000 -9999.000 -9999.000 -9999.000 -9999.000 -9999.000 -9999.000 -9999.000 -9999.000 -9999.000 -9999.000 -9999.000 -9999.000 -9999.000 -9999.000
-9999.000 -9999.000 -9999.000 -9999.000 -9999.000 -9999.000 -9999.000 -9999.000 -9999.000 -9999.000 -9999.000 -9999.000 -9999.000 -9999.000 -9999.000 0.5076419 0.5079541 0.5079095 0.5078185 0.5076851 0.5075217 0.5073408 0.5071522 0.5069613 0.5067733 0.5065531 0.5062410 0.5056986 0.5045940 0.5028774 0.5028774 -9999.000 -9999.000 -9999.000 -9999.000 -9999.000 -9999.000 -9999.000 -9999.000 -9999.000 -9999.000 -9999.000 -9999.000 -9999.000 -9999.000 -9999.000 -9999.000 -9999.000 -9999.000 -9999.000 -9999.000 -9999.000 -9999.000 -9999.000 -9999.000 -9999.000 -9999.000 -9999.000 -9999.000
-9999.000 -9999.000 -9999.000 -9999.000 -9999.000 -9999.000 -9999.000 -9999.000 -9999.000 -9999.000 -9999.000 -9999.000 -9999.000 -9999.000 -9999.000 0.5095811 0.5099084 0.5098577 0.5097607 0.5096185 0.5094439 0.5092499 0.5090467 0.5088394 0.5086340 0.5083868 0.5080270 0.5073867 0.5060546 0.5034177 0.5034177 -9999.000 -9999.000 -9999.000 -9999.000 -9999.000 -9999.000 -9999.000 -9999.000 -9999.000 -9999.000 -9999.000 -9999.000 -9999.000 -9999.000 -9999.000 -9999.000 -9999.000 -9999.000 -9999.000 -9999.000 -9999.000 -9999.000 -9999.000 -9999.000 -9999.000 -9999.000 -9999.000 -9999.000
-9999.000 -9999.000 -9999.000 -9999.000 -9999.000 -9999.000 -9999.000 -9999.000 -9999.000 -9999.000 -9999.000 -9999.000 -9999.000 -9999.000 -9999.000 0.5099037 0.5111884 0.5114805 0.5116262 0.5116440 0.5115638 0.5114149 0.5112224 0.5110039 0.5107776 0.5104924 0.5100582 0.5092490 0.5074965 0.5026715 0.5026715 -9999.000 -9999.000 -9999.000 -9999.000 -9999.000 -9999.000 -9999.000 -9999.000 -9999.000 -9999.000 -9999.000 -9999.000 -9999.000 -9999.000 -9999.000 -9999.000 -9999.000 -9999.000 -9999.000 -9999.000 -9999.000 -9999.000 -9999.000 -9999.000 -9999.000 -9999.000 -9999.000 -9999.000
0.5419178 0.5419178 0.5286890 0.5144531 0.5107815 0.5107815 0.5076986 0.5025561 0.5025561 0.4982502 0.4982502 0.4944917 0.4927711 0.4911387 0.4895840 0.4895840 0.5168290 0.5172212 0.5175335 0.5180917 0.5189652 0.5201048 0.5214053 0.5227112 0.5238150 0.5242146 0.5231389 0.5190125 0.5083295 0.4769198 0.4769198 0.3077426 0.2851647 0.2795460 0.2787282 0.2787282 0.2803143 0.2803143 0.2958846 0.2958846 0.3126257 0.3914381 0.3914381 0.4199756 0.4199756 0.4244787 0.4244787 0.4244787 0.4174638 0.4174638 0.4089422 0.4089422 0.4000915 0.4000915 0.3918389 0.3918389 0.3848350 0.3848350 0.3848350
0.5405756 0.5405756 0.5265656 0.5137164 0.5100393 0.5100393 0.5069524 0.5018129 0.5018129 0.4975190 0.4975190 0.4937736 0.4920594 0.4904330 0.4888843 0.4888843 0.5108043 0.5118016 0.5106918 0.5091727 0.5079675 0.5073377 0.5073398 0.5079983 0.5095072 0.5108240 0.5115248 0.5102634 0.5042350 0.4849290 0.4849290 0.3653322 0.3253245 0.2924465 0.2853963 0.2853963 0.2824424 0.2824424 0.2960840 0.2960840 0.3106570 0.3778157 0.3778157 0.4201487 0.4201487 0.4255868 0.4255868 0.4255868 0.4178829 0.4178829 0.4091291 0.4091291 0.4001869 0.4001869 0.3918804 0.3918804 0.3848034 0.3848034 0.3848034
0.5398255 0.5398255 0.5256286 0.5137311 0.5100521 0.5100521 0.5069511 0.5017909 0.5017909 0.4974892 0.4974892 0.4937411 0.4920253 0.4903975 0.4888471 0.4888471 0.5062320 0.5076742 0.5055864 0.5023822 0.4993196 0.4969185 0.4953574 0.4946945 0.4950151 0.4957216 0.4963888 0.4960048 0.4924331 0.4796167 0.4796167 0.3928621 0.3519827 0.3074149 0.2963045 0.2963045 0.2906834 0.2906834 0.3047784 0.3047784 0.3180359 0.3688533 0.3688533 0.4149091 0.4149091 0.4258317 0.4258317 0.4258317 0.4184439 0.4184439 0.4094070 0.4094070 0.4002927 0.4002927 0.3919141 0.3919141 0.3848774 0.3848774 0.3848774
0.5392243 0.5392243 0.5248955 0.5137476 0.5100845 0.5100845 0.5069733 0.5017923 0.5017923 0.4974857 0.4974857 0.4937391 0.4920244 0.4903972 0.4888472 0.4888472 0.5015966 0.5029177 0.5000799 0.4955608 0.4909644 0.4870367 0.4840712 0.4821709 0.4814070 0.4813842 0.4816820 0.4814386 0.4788394 0.4690162 0.4690162 0.4097621 0.3710044 0.3235737 0.3114394 0.3114394 0.3070308 0.3070308 0.3218513 0.3218513 0.3327263 0.3663905 0.3663905 0.4060701 0.4060701 0.4233261 0.4233261 0.4233261 0.4174007 0.4174007 0.4086311 0.4086311 0.3995926 0.3995926 0.3913813 0.3913813 0.3845890 0.3845890 0.3845890
0.5387647 0.5387647 0.5243418 0.5137547 0.5101159 0.5101159 0.5069973 0.5017948 0.5017948 0.4974826 0.4974826 0.4937377 0.4920240 0.4903976 0.4888480 0.4888480 0.4968928 0.4972483 0.4935391 0.4878785 0.4819545 0.4766676 0.4724237 0.4693838 0.4676217 0.4668796 0.4667714 0.4665579 0.4647158 0.4574047 0.4574047 0.4167553 0.3830023 0.3399674 0.3305829 0.3305829 0.3317905 0.3317905 0.3452557 0.3452557 0.3519082 0.3690084 0.3690084 0.3960109 0.3960109 0.4172912 0.4172912 0.4172912 0.4142375 0.4142375 0.4067009 0.4067009 0.3982595 0.3982595 0.3905128 0.3905128 0.3841816 0.3841816 0.3841816
0.5384409 0.5384409 0.5239549 0.5137556 0.5101414 0.5101414 0.5070182 0.5017976 0.5017976 0.4974800 0.4974800 0.4937364 0.4920236 0.4903979 0.4888487 0.4888487 0.4921444 0.4907111 0.4857975 0.4790221 0.4719124 0.4654041 0.4599807 0.4558646 0.4531540 0.4516978 0.4511712 0.4509447 0.4497506 0.4446072 0.4446072 0.4169742 0.3899208 0.3585165 0.3555283 0.3555283 0.3632829 0.3632829 0.3706971 0.3706971 0.3717809 0.3747312 0.3747312 0.3879434 0.3879434 0.4085246 0.4085246 0.4085246 0.4088380 0.4088380 0.4034359 0.4034359 0.3962329 0.3962329 0.3893443 0.3893443 0.3837486 0.3837486 0.3837486
0.5382487 0.5382487 0.5237260 0.5137542 0.5101580 0.5101580 0.5070325 0.5017995 0.5017995 0.4974783 0.4974783 0.4937356 0.4920234 0.4903980 0.4888491 0.4888491 0.4871820 0.4832747 0.4767336 0.4687536 0.4605483 0.4529588 0.4464797 0.4413730 0.4377669 0.4355977 0.4346210 0.4343215 0.4336691 0.4304485 0.4304485 0.4126939 0.3943149 0.3831693 0.3881912 0.3881912 0.3970604 0.3970604 0.3938891 0.3938891 0.3895153 0.3818457 0.3818457 0.3834211 0.3834211 0.3987204 0.3987204 0.3987204 0.4016168 0.4016168 0.3987905 0.3987905 0.3934226 0.3934226 0.3878587 0.3878587 0.3833222 0.3833222 0.3833222
0.5381850 0.5381850 0.5236501 0.5137534 0.5101637 0.5101637 0.5070375 0.5018001 0.5018001 0.4974777 0.4974777 0.4937353 0.4920233 0.4903981 0.4888492 0.4888492 0.4816639 0.4747518 0.4661687 0.4568219 0.4475601 0.4390274 0.4316509 0.4256884 0.4212842 0.4184394 0.4169944 0.4165544 0.4163332 0.4149478 0.4149478 0.4060574 0.4002878 0.4174022 0.4269000 0.4269000 0.4272857 0.4272857 0.4126801 0.4126801 0.4041592 0.3893093 0.3893093 0.3822808 0.3822808 0.3895821 0.3895821 0.3895821 0.3934096 0.3934096 0.3929587 0.3929587 0.3898167 0.3898167 0.3860315 0.3860315 0.3828990 0.3828990 0.3828990
0.5382487 0.5382487 0.5237260 0.5137542 0.5101580 0.5101580 0.5070325 0.5017993 0.5017993 0.4974782 0.4974782 0.4937356 0.4920234 0.4903981 0.4888491 0.4888491 0.4750797 0.4647565 0.4537972 0.4429131 0.4326058 0.4232643 0.4151778 0.4085470 0.4035023 0.4000818 0.3981980 0.3975776 0.3977248 0.3985072 0.3985072 0.4004774 0.4148837 0.4592722 0.4645759 0.4645759 0.4503486 0.4503486 0.4271899 0.4271899 0.4160337 0.3965557 0.3965557 0.3835319 0.3835319 0.3822061 0.3822061 0.3822061 0.3852000 0.3852000 0.3863845 0.3863845 0.3855386 0.3855386 0.3838792 0.3838792 0.3824663 0.3824663 0.3824663
0.5384409 0.5384409 0.5239549 0.5137556 0.5101415 0.5101415 0.5070183 0.5017974 0.5017974 0.4974800 0.4974800 0.4937364 0.4920238 0.4903979 0.4888487 0.4888487 0.4667012 0.4526540 0.4391116 0.4265873 0.4152670 0.4052660 0.3966877 0.3896262 0.3841624 0.3803372 0.3781137 0.3773365 0.3779621 0.3825238 0.3825238 0.4031419 0.4470196 0.4989301 0.4933811 0.4933811 0.4665464 0.4665464 0.4384314 0.4384314 0.4257247 0.4032185 0.4032185 0.3860911 0.3860911 0.3769461 0.3769461 0.3769461 0.3778279 0.3778279 0.3796758 0.3796758 0.3808707 0.3808707 0.3814946 0.3814946 0.3820207 0.3820207 0.3820207
0.5387647 0.5387647 0.5243418 0.5137546 0.5101160 0.5101160 0.5069973 0.5017949 0.5017949 0.4974827 0.4974827 0.4937377 0.4920241 0.4903975 0.4888481 0.4888481 0.4554591 0.4374628 0.4213060 0.4071898 0.3949857 0.3845353 0.3757334 0.3685339 0.3629355 0.3589509 0.3565651 0.3557588 0.3575328 0.3714394 0.3714394 0.4270360 0.4987622 0.5260791 0.5124342 0.5124342 0.4779401 0.4779401 0.4471808 0.4471808 0.4335682 0.4089885 0.4089885 0.3890783 0.3890783 0.3736044 0.3736044 0.3736044 0.3718134 0.3718134 0.3734638 0.3734638 0.3762264 0.3762264 0.3790600 0.3790600 0.3815827 0.3815827 0.3815827
