simulation_files/asc/Depth____115.0.asc
NCOLS       216
NROWS       273
XLLCENTER        494.688995
YLLCENTER        787.867981
CELLSIZE           0.500
NODATA_VALUE     -9999.0
[rows 189 to 215 of 273, columns 118 to 176 of 216]
-9999.000 -9999.000 -9999.000 -9999.000 -9999.000 -9999.000 -9999.000 -9999.000 -9999.000 -9999.000 -9999.000 -9999.000 -9999.000 0.1230405 0.1863087 0.2165637 0.2373802 0.2340459 0.2089167 0.1785505 0.1332652 0.1077252 0.5526441E-01 0.2818769E-01 0.4206351E-01 0.7012613E-01 0.8130744E-01 0.1178968 0.1991065 0.2446942 0.2893561 0.3167492 0.3047255 0.2892947 0.2763480 0.2432426 0.2544310 0.2675136 0.2646417 0.2158958 0.2168303 0.2566521 0.2757113 0.2735058 0.2875254 0.2694779 0.2274903 0.1355890 0.4645227E-01 -9999.000 -9999.000 -9999.000 -9999.000 -9999.000 -9999.000 -9999.000 -9999.000 -9999.000 -9999.000
-9999.000 -9999.000 -9999.000 -9999.000 -9999.000 -9999.000 -9999.000 -9999.000 -9999.000 -9999.000 -9999.000 -9999.000 -9999.000 -9999.000 0.1310730 0.1842451 0.2204548 0.2366860 0.2388454 0.2288891 0.1814123 0.1448039 0.8829871E-01 0.2892649E-01 0.2628074E-01 0.3799134E-01 0.5827604E-01 0.1093825 0.1904276 0.2458368 0.2871555 0.3166119 0.3013406 0.3005189 0.3093347 0.2763985 0.2774741 0.3275075 0.2905641 0.2546763 0.2884022 0.3222428 0.3238685 0.3167966 0.3379464 0.3193596 0.2737102 0.1754145 0.5562917E-01 -9999.000 -9999.000 -9999.000 -9999.000 -9999.000 -9999.000 -9999.000 -9999.000 -9999.000 -9999.000
-9999.000 -9999.000 -9999.000 -9999.000 -9999.000 -9999.000 -9999.000 -9999.000 -9999.000 -9999.000 -9999.000 -9999.000 -9999.000 -9999.000 0.7694910E-01 0.1282452 0.1814022 0.2178159 0.2532656 0.2607966 0.2306523 0.1952982 0.1483819 0.7975816E-01 0.4833365E-01 0.5053664E-01 0.5618977E-01 0.8578707E-01 0.1373711 0.1989608 0.2512100 0.2852097 0.2745432 0.2851068 0.3011570 0.2671931 0.3001760 0.3404996 0.2885042 0.2952758 0.3597953 0.3880894 0.3602985 0.3579000 0.3755186 0.3123546 0.2484225 0.1522415 0.5791726E-01 -9999.000 -9999.000 -9999.000 -9999.000 -9999.000 -9999.000 -9999.000 -9999.000 -9999.000 -9999.000
-9999.000 -9999.000 -9999.000 -9999.000 -9999.000 -9999.000 -9999.000 -9999.000 -9999.000 -9999.000 -9999.000 -9999.000 -9999.000 -9999.000 -9999.000 0.7987947E-01 0.1381592 0.2021018 0.2328004 0.2625871 0.2634202 0.2275156 0.1881998 0.1365395 0.8921194E-01 0.6306535E-01 0.4904771E-01 0.4989376E-01 0.8387467E-01 0.1573693 0.2300232 0.2681985 0.2314246 0.2260739 0.2303337 0.2486497 0.3243916 0.3491875 0.3012891 0.3247613 0.4023144 0.4204064 0.3887696 0.3472716 0.2843577 0.2167965 0.1817263 0.1445921 0.1065902 0.7458952E-01 -9999.000 -9999.000 -9999.000 -9999.000 -9999.000 -9999.000 -9999.000 -9999.000 -9999.000
-9999.000 -9999.000 -9999.000 -9999.000 -9999.000 -9999.000 -9999.000 -9999.000 -9999.000 -9999.000 -9999.000 -9999.000 -9999.000 -9999.000 -9999.000 0.5383049E-01 0.1244108 0.1457683 0.1281309 0.1695393 0.2231938 0.2271304 0.2178281 0.1794288 0.1237775 0.8425271E-01 0.5240803E-01 0.2948333E-01 0.4525966E-01 0.1168453 0.2035530 0.2257734 0.1617494 0.2055275 0.2451354 0.2694429 0.3388519 0.3637889 0.3372266 0.3561387 0.3926050 0.4036761 0.3476905 0.2477097 0.2185446 0.1855125 0.2049803 0.2220432 0.2004524 0.1609693 0.1253538 -9999.000 -9999.000 -9999.000 -9999.000 -9999.000 -9999.000 -9999.000 -9999.000
-9999.000 -9999.000 -9999.000 -9999.000 -9999.000 -9999.000 -9999.000 -9999.000 -9999.000 -9999.000 -9999.000 -9999.000 -9999.000 -9999.000 -9999.000 -9999.000 0.8366408E-01 0.8869727E-01 -9999.000 0.5700204E-01 0.1290160 0.1956122 0.2366802 0.2085531 0.1764452 0.1297408 0.9087030E-01 0.6426700E-01 0.4899476E-01 0.9021248E-01 0.1655656 0.1668021 0.1446905 0.2104995 0.2677182 0.2913717 0.3279274 0.3574126 0.3541908 0.3497007 0.3606485 0.3544812 0.2997313 0.2933826 0.2730202 0.2706780 0.2965163 0.2992737 0.2890300 0.2791880 0.2034452 0.1087062 -9999.000 -9999.000 -9999.000 -9999.000 -9999.000 -9999.000 -9999.000
-9999.000 -9999.000 -9999.000 -9999.000 -9999.000 -9999.000 -9999.000 -9999.000 -9999.000 -9999.000 -9999.000 -9999.000 -9999.000 -9999.000 -9999.000 -9999.000 -9999.000 -9999.000 0.4504399E-01 0.6864858E-01 0.9481227E-01 0.1424391 0.1951110 0.2035992 0.1811304 0.1307196 0.8822479E-01 0.6480832E-01 0.4738379E-01 0.5190396E-01 0.9503914E-01 0.1205411 0.1407856 0.1883720 0.2502880 0.2786159 0.3057874 0.3252937 0.3357807 0.3320177 0.3435412 0.3538330 0.3561238 0.3661249 0.3465207 0.3351989 0.3288618 0.3275174 0.3151240 0.2935286 0.2161892 0.1269100 -9999.000 -9999.000 -9999.000 -9999.000 -9999.000 -9999.000 -9999.000
-9999.000 -9999.000 -9999.000 -9999.000 -9999.000 -9999.000 -9999.000 -9999.000 -9999.000 -9999.000 -9999.000 -9999.000 -9999.000 -9999.000 -9999.000 -9999.000 -9999.000 -9999.000 0.5891599E-01 0.1031533 0.1064411 0.1153259 0.1502970 0.1675655 0.1593169 0.1244037 0.8416246E-01 0.5068324E-01 0.2602602E-01 -9999.000 -9999.000 0.5512326E-01 0.1075395 0.1527661 0.1959018 0.2200128 0.2666614 0.3146940 0.3210044 0.3173635 0.3463662 0.3977377 0.4177917 0.4174680 0.3628580 0.3290913 0.3407946 0.3429835 0.3029067 0.2410247 0.1596255 0.1183264 0.5993931E-01 -9999.000 -9999.000 -9999.000 -9999.000 -9999.000 -9999.000
-9999.000 -9999.000 -9999.000 -9999.000 -9999.000 -9999.000 -9999.000 -9999.000 -9999.000 -9999.000 -9999.000 -9999.000 -9999.000 -9999.000 -9999.000 -9999.000 -9999.000 -9999.000 -9999.000 0.9051356E-01 0.8259029E-01 0.9183389E-01 0.9363550E-01 0.1313519 0.1603014 0.1455204 0.1131624 0.7393711E-01 0.3380366E-01 -9999.000 -9999.000 -9999.000 0.5025069E-01 0.1091255 0.1304724 0.1439668 0.2081950 0.2733626 0.2764603 0.2790019 0.3403242 0.4096711 0.4381395 0.4054607 0.3408409 0.3063569 0.3013103 0.2578503 0.2244619 0.1735154 0.1436740 0.1253408 -9999.000 -9999.000 -9999.000 -9999.000 -9999.000 -9999.000 -9999.000
-9999.000 -9999.000 -9999.000 -9999.000 -9999.000 -9999.000 -9999.000 -9999.000 -9999.000 -9999.000 -9999.000 -9999.000 -9999.000 -9999.000 -9999.000 -9999.000 -9999.000 -9999.000 -9999.000 0.6924860E-01 0.1194726 0.7560306E-01 0.4862130E-01 0.8529794E-01 0.1264612 0.1317599 0.1261959 0.1029363 0.5226135E-01 0.2301859E-01 -9999.000 -9999.000 -9999.000 0.6240174E-01 0.8090562E-01 0.1013157 0.1500231 0.2062136 0.2250011 0.2709006 0.3496893 0.3907900 0.3899873 0.3547093 0.3095894 0.2750530 0.2603712 0.2020849 0.1727620 0.1533753 0.1597035 0.1566531 0.1081725 -9999.000 -9999.000 -9999.000 -9999.000 -9999.000 -9999.000
-9999.000 -9999.000 -9999.000 -9999.000 -9999.000 -9999.000 -9999.000 -9999.000 -9999.000 -9999.000 -9999.000 -9999.000 -9999.000 -9999.000 -9999.000 -9999.000 -9999.000 -9999.000 -9999.000 0.7552752E-01 0.1275885 0.6735300E-01 0.4527434E-01 0.8368942E-01 0.1053289 0.1005603 0.1248455 0.1086539 -9999.000 -9999.000 -9999.000 -9999.000 -9999.000 0.3043521E-01 0.4380253E-01 0.9759297E-01 0.1589472 0.2039364 0.2382633 0.2813636 0.3030254 0.3282493 0.3156747 0.2958328 0.2861210 0.2958599 0.2711530 0.2626603 0.2384656 0.1815481 0.1861398 0.2116001 0.1783772 0.9181158E-01 -9999.000 -9999.000 -9999.000 -9999.000 -9999.000
-9999.000 -9999.000 -9999.000 -9999.000 -9999.000 -9999.000 -9999.000 -9999.000 -9999.000 -9999.000 -9999.000 -9999.000 -9999.000 -9999.000 -9999.000 -9999.000 -9999.000 -9999.000 -9999.000 0.1275809 0.8469528E-01 0.5525318E-01 0.8895628E-01 0.1418305 0.1525316 0.1115753 0.1189336 0.9928570E-01 0.4822376E-01 -9999.000 -9999.000 -9999.000 -9999.000 -9999.000 0.2754128E-01 0.9286070E-01 0.1820666 0.2393187 0.2606917 0.2425399 0.2289403 0.2420833 0.2697001 0.2461778 0.2611539 0.3080844 0.2991200 0.3070460 0.2794145 0.2224457 0.2123566 0.2453864 0.2193230 0.9512329E-01 0.3496280E-01 -9999.000 -9999.000 -9999.000 -9999.000
-9999.000 -9999.000 -9999.000 -9999.000 -9999.000 -9999.000 -9999.000 -9999.000 -9999.000 -9999.000 -9999.000 -9999.000 -9999.000 -9999.000 -9999.000 -9999.000 -9999.000 -9999.000 0.7209271E-01 0.1320946 0.1061370 0.8188568E-01 0.1581740 0.2097694 0.1950888 0.1463953 0.1383245 0.1032694 0.3535802E-01 -9999.000 -9999.000 -9999.000 -9999.000 -9999.000 -9999.000 0.7869805E-01 0.1513678 0.1825630 0.2013936 0.2136073 0.2215004 0.2321589 0.2342195 0.2072454 0.2089107 0.2904893 0.3195918 0.3053306 0.2727029 0.2366164 0.2266752 0.2382587 0.2232532 0.1237054 0.5576483E-01 -9999.000 -9999.000 -9999.000 -9999.000
-9999.000 -9999.000 -9999.000 -9999.000 -9999.000 -9999.000 -9999.000 -9999.000 -9999.000 -9999.000 -9999.000 -9999.000 -9999.000 -9999.000 -9999.000 -9999.000 -9999.000 -9999.000 -9999.000 0.8480688E-01 0.9734209E-01 0.1010375 0.1541687 0.1841413 0.1734123 0.1879208 0.1846061 0.1308703 0.5752202E-01 0.2413538E-01 -9999.000 -9999.000 -9999.000 -9999.000 -9999.000 0.5494574E-01 0.8298834E-01 0.8923322E-01 0.1334129 0.1804963 0.2226311 0.2291234 0.2362656 0.2246851 0.2174017 0.2723094 0.3032154 0.3068636 0.2830949 0.2442681 0.2454850 0.2580408 0.2113151 0.1467374 0.1100861 0.4238810E-01 -9999.000 -9999.000 -9999.000
-9999.000 -9999.000 -9999.000 -9999.000 -9999.000 -9999.000 -9999.000 -9999.000 -9999.000 -9999.000 -9999.000 -9999.000 -9999.000 -9999.000 -9999.000 -9999.000 -9999.000 -9999.000 -9999.000 -9999.000 0.6609715E-01 0.8019999E-01 0.1129623 0.1238577 0.1347028 0.1850115 0.2103586 0.1660110 0.1019332 0.4712013E-01 -9999.000 -9999.000 -9999.000 -9999.000 -9999.000 -9999.000 0.7899855E-01 0.1044132 0.1276611 0.1598245 0.1845475 0.2023468 0.2391990 0.2739776 0.2787053 0.2831930 0.2721399 0.2929741 0.2701655 0.2481231 0.2785333 0.3026374 0.2561405 0.2213042 0.1916448 0.1206220 -9999.000 -9999.000 -9999.000
-9999.000 -9999.000 -9999.000 -9999.000 -9999.000 -9999.000 -9999.000 -9999.000 -9999.000 -9999.000 -9999.000 -9999.000 -9999.000 -9999.000 -9999.000 -9999.000 -9999.000 -9999.000 -9999.000 0.4623325E-01 0.7915004E-01 0.5944977E-01 0.6010642E-01 0.9276240E-01 0.1229418 0.1697286 0.2096205 0.1893258 0.1391389 0.7423572E-01 0.3690984E-01 -9999.000 -9999.000 -9999.000 -9999.000 -9999.000 0.7470430E-01 0.1099153 0.1364743 0.1522435 0.1726987 0.1882923 0.2096177 0.2499340 0.2636954 0.2442544 0.2231792 0.2035400 0.1994409 0.2267759 0.3008219 0.3434897 0.3141669 0.2810113 0.2390079 0.2120050 0.1920725 -9999.000 -9999.000
-9999.000 -9999.000 -9999.000 -9999.000 -9999.000 -9999.000 -9999.000 -9999.000 -9999.000 -9999.000 -9999.000 -9999.000 -9999.000 -9999.000 -9999.000 -9999.000 -9999.000 -9999.000 -9999.000 -9999.000 0.4546046E-01 -9999.000 0.3544454E-01 0.1189746 0.1725655 0.2025067 0.1917959 0.1555422 0.1272598 0.8939613E-01 0.4546222E-01 -9999.000 -9999.000 -9999.000 -9999.000 -9999.000 -9999.000 0.6048419E-01 0.9934533E-01 0.1343955 0.1799835 0.1981809 0.2124619 0.2379897 0.2534421 0.2013716 0.1341381 0.1003618 0.1316815 0.2254808 0.3191638 0.3657615 0.3128102 0.2787067 0.2520169 0.2382951 0.1836141 0.9510505E-01 -9999.000
-9999.000 -9999.000 -9999.000 -9999.000 -9999.000 -9999.000 -9999.000 -9999.000 -9999.000 -9999.000 -9999.000 -9999.000 -9999.000 -9999.000 -9999.000 -9999.000 -9999.000 -9999.000 -9999.000 -9999.000 0.1924948E-01 0.2348530E-01 0.4981876E-01 0.1468527 0.2279706 0.2418284 0.1964774 0.1589720 0.1282900 0.1023298 0.5751690E-01 -9999.000 -9999.000 -9999.000 -9999.000 -9999.000 -9999.000 0.3792565E-01 0.7335156E-01 0.1306140 0.1823806 0.2150095 0.2520992 0.2610738 0.2614944 0.2116171 0.1619912 0.1594092 0.1904349 0.2626137 0.3051290 0.2837963 0.2583439 0.2808708 0.2758727 0.2202950 0.1819310 0.1318154 0.5611897E-01
-9999.000 -9999.000 -9999.000 -9999.000 -9999.000 -9999.000 -9999.000 -9999.000 -9999.000 -9999.000 -9999.000 -9999.000 -9999.000 -9999.000 -9999.000 -9999.000 -9999.000 -9999.000 -9999.000 -9999.000 0.1510365E-01 0.3542357E-01 0.7094601E-01 0.1612250 0.2410653 0.2311367 0.1934020 0.1539710 0.1248159 0.1037487 0.7174546E-01 -9999.000 -9999.000 -9999.000 -9999.000 -9999.000 -9999.000 -9999.000 0.5122799E-01 0.1281263 0.2066137 0.2524447 0.3054080 0.3208170 0.2827135 0.2400153 0.2476604 0.3355685 0.3877040 0.3685370 0.3145989 0.2550505 0.2790680 0.3360364 0.3210466 0.2257136 0.1991273 0.1894781 0.1186823
-9999.000 -9999.000 -9999.000 -9999.000 -9999.000 -9999.000 -9999.000 -9999.000 -9999.000 -9999.000 -9999.000 -9999.000 -9999.000 -9999.000 -9999.000 -9999.000 -9999.000 -9999.000 -9999.000 -9999.000 -9999.000 0.4140644E-01 0.8576371E-01 0.1621939 0.2348270 0.2339214 0.2057642 0.1774728 0.1533025 0.1278278 0.8120630E-01 0.4257019E-01 -9999.000 -9999.000 -9999.000 -9999.000 -9999.000 -9999.000 -9999.000 0.1040680 0.1923747 0.2738964 0.3310666 0.3641050 0.3264931 0.2843890 0.3136671 0.3928641 0.4466741 0.4050283 0.3480066 0.3132695 0.3427343 0.3927145 0.3246178 0.1886501 0.1794497 0.2067492 0.1596319
-9999.000 -9999.000 -9999.000 -9999.000 -9999.000 -9999.000 -9999.000 -9999.000 -9999.000 -9999.000 -9999.000 -9999.000 -9999.000 -9999.000 -9999.000 -9999.000 -9999.000 -9999.000 -9999.000 -9999.000 -9999.000 -9999.000 0.9215117E-01 0.1493857 0.2295850 0.2490731 0.2435176 0.2154248 0.1826335 0.1363053 0.8194569E-01 0.4231409E-01 -9999.000 -9999.000 -9999.000 -9999.000 -9999.000 -9999.000 -9999.000 0.6175520E-01 0.1313661 0.2103136 0.3142672 0.3459267 0.2941031 0.2828805 0.3315123 0.3819860 0.3990668 0.3865493 0.3559926 0.3483432 0.3772917 0.3829741 0.2666477 0.1731332 0.1556598 0.1871155 0.1783300
-9999.000 -9999.000 -9999.000 -9999.000 -9999.000 -9999.000 -9999.000 -9999.000 -9999.000 -9999.000 -9999.000 -9999.000 -9999.000 -9999.000 -9999.000 -9999.000 -9999.000 -9999.000 -9999.000 -9999.000 -9999.000 -9999.000 0.1039377 0.1283847 0.1579938 0.1934866 0.2412588 0.2391920 0.1877757 0.1134640 0.7810023E-01 0.5280800E-01 -9999.000 -9999.000 -9999.000 -9999.000 -9999.000 -9999.000 -9999.000 0.4992029E-01 0.7274344E-01 0.1384229 0.2243969 0.2210226 0.1863913 0.2416861 0.3259160 0.3729415 0.3492553 0.3380331 0.3555687 0.3827079 0.3875518 0.3437316 0.2366020 0.1988598 0.1771666 0.1950289 0.2129706
-9999.000 -9999.000 -9999.000 -9999.000 -9999.000 -9999.000 -9999.000 -9999.000 -9999.000 -9999.000 -9999.000 -9999.000 -9999.000 -9999.000 -9999.000 -9999.000 -9999.000 -9999.000 -9999.000 -9999.000 -9999.000 -9999.000 0.1056784 0.1406071 0.1463335 0.1872742 0.2361651 0.2306730 0.1620391 0.1061514 0.9155652E-01 0.6716186E-01 -9999.000 -9999.000 -9999.000 -9999.000 -9999.000 -9999.000 -9999.000 0.5694132E-01 0.8222973E-01 0.1035622 0.1462290 0.1273310 0.1726080 0.2642357 0.3585810 0.3378534 0.2786652 0.2861596 0.3455336 0.3557368 0.3240454 0.2649788 0.2402734 0.2257870 0.2287260 0.2498617 0.2668505
-9999.000 -9999.000 -9999.000 -9999.000 -9999.000 -9999.000 -9999.000 -9999.000 -9999.000 -9999.000 -9999.000 -9999.000 -9999.000 -9999.000 -9999.000 -9999.000 -9999.000 -9999.000 -9999.000 -9999.000 -9999.000 -9999.000 0.6013915E-01 0.1433275 0.2072641 0.2237254 0.2019079 0.1789215 0.1432181 0.1218031 0.9565217E-01 0.5119465E-01 0.1983675E-01 -9999.000 -9999.000 -9999.000 -9999.000 -9999.000 -9999.000 0.4966767E-01 0.8917801E-01 0.1272943 0.1580078 0.1707486 0.2169730 0.2923825 0.3215905 0.2945427 0.2644012 0.2369363 0.2686564 0.2477096 0.2208243 0.2409635 0.2618617 0.2712108 0.2815683 0.3153469 0.2909865
-9999.000 -9999.000 -9999.000 -9999.000 -9999.000 -9999.000 -9999.000 -9999.000 -9999.000 -9999.000 -9999.000 -9999.000 -9999.000 -9999.000 -9999.000 -9999.000 -9999.000 -9999.000 -9999.000 -9999.000 -9999.000 -9999.000 -9999.000 0.1122040 0.1978446 0.2298632 0.2030384 0.1840451 0.1703396 0.1374330 0.8639410E-01 0.4659710E-01 0.1608526E-01 -9999.000 -9999.000 -9999.000 -9999.000 -9999.000 -9999.000 -9999.000 0.7827686E-01 0.1215635 0.1778915 0.1908173 0.2292731 0.2700916 0.2656656 0.2752033 0.2764876 0.2020778 0.1413388 0.1368390 0.1708875 0.2497717 0.3200446 0.3518896 0.3720495 0.3377444 0.3003089
-9999.000 -9999.000 -9999.000 -9999.000 -9999.000 -9999.000 -9999.000 -9999.000 -9999.000 -9999.000 -9999.000 -9999.000 -9999.000 -9999.000 -9999.000 -9999.000 -9999.000 -9999.000 -9999.000 -9999.000 -9999.000 -9999.000 -9999.000 -9999.000 0.1394281 0.2021630 0.2165687 0.2105572 0.1983020 0.1611061 0.1139869 0.6381693E-01 0.2495736E-01 -9999.000 -9999.000 -9999.000 -9999.000 -9999.000 -9999.000 -9999.000 0.5426396E-01 0.1078924 0.1659954 0.1914722 0.2154986 0.2082454 0.1888657 0.2195024 0.2239250 0.1920451 0.1602073 0.1709820 0.2191643 0.2996555 0.3725884 0.3879478 0.3760676 0.3664393 0.3254051
-9999.000 -9999.000 -9999.000 -9999.000 -9999.000 -9999.000 -9999.000 -9999.000 -9999.000 -9999.000 -9999.000 -9999.000 -9999.000 -9999.000 -9999.000 -9999.000 -9999.000 -9999.000 -9999.000 -9999.000 -9999.000 -9999.000 -9999.000 -9999.000 0.9437185E-01 0.1338869 0.1665162 0.1857054 0.1929268 0.1853157 0.1452059 0.8586367E-01 0.4233399E-01 -9999.000 -9999.000 -9999.000 -9999.000 -9999.000 -9999.000 -9999.000 -9999.000 0.7429669E-01 0.1338442 0.1663799 0.1635374 0.1301280 0.1166569 0.1618639 0.1905201 0.1930971 0.2267098 0.2781292 0.3420195 0.4071667 0.4103876 0.3887886 0.3636820 0.3663563 0.3088750
