simulation_files/asc/Depth____167.0.asc
NCOLS       411
NROWS       131
XLLCENTER    2538020.000000
YLLCENTER    1152390.000000
CELLSIZE           1.000
NODATA_VALUE     -9999.0
[rows 81 to 107 of 131, columns 0 to 58 of 411]
-9999.000 -9999.000 -9999.000 -9999.000 -9999.000 0.4145574 0.4282083 0.4483286 0.4691482 0.4873989 0.5045782 0.5187290 0.5302459 0.5399506 0.5473310 0.5529041 0.5562008 0.5610132 0.5683675 0.5781756 0.5861985 0.5953312 0.6033042 0.6120254 0.6171364 0.6181243 0.6240764 0.6281547 0.6262186 0.6247189 0.6243593 0.6269519 0.6326718 0.6431425 0.6539514 0.6643709 0.6728120 0.6936011 0.7294983 0.7676732 0.7851619 0.7843583 0.7639767 0.7437833 0.7317895 0.7248352 0.7428041 0.7550458 0.7838929 0.7972049 0.8022726 0.8070414 0.8070108 0.8067028 0.8173466 0.8412615 0.8738356 0.9099641 0.9447844
-9999.000 -9999.000 -9999.000 -9999.000 -9999.000 0.4207091 0.4356044 0.4533022 0.4746465 0.4884865 0.5017149 0.5132679 0.5204508 0.5276530 0.5339858 0.5390337 0.5444080 0.5508218 0.5621894 0.5749000 0.5865594 0.5984782 0.6066955 0.6078795 0.6084407 0.6086952 0.6120497 0.6139430 0.6103764 0.6118847 0.6158837 0.6227327 0.6313993 0.6458946 0.6599402 0.6668456 0.6813494 0.7053654 0.7445140 0.7728290 0.7876924 0.7943356 0.7895491 0.7805353 0.7815455 0.7815388 0.8052135 0.8146716 0.8231646 0.8234644 0.8165834 0.8166976 0.8111333 0.8102420 0.8244091 0.8524460 0.8878729 0.9194947 0.9486375
-9999.000 -9999.000 -9999.000 -9999.000 -9999.000 0.4193758 0.4327713 0.4469144 0.4592741 0.4695099 0.4816121 0.4896095 0.4958530 0.5028103 0.5097813 0.5151027 0.5215029 0.5315591 0.5447223 0.5590176 0.5736115 0.5842478 0.5948675 0.5961054 0.5979948 0.5994709 0.5977107 0.5971197 0.5939905 0.6008561 0.6088582 0.6169884 0.6272538 0.6370319 0.6544573 0.6676058 0.6842175 0.7120305 0.7457556 0.7613519 0.7723575 0.7823461 0.8008769 0.8130400 0.8279785 0.8419348 0.8664117 0.8850329 0.8807340 0.8683856 0.8515311 0.8413091 0.8237245 0.8187036 0.8378964 0.8682139 0.9016233 0.9332252 0.9630885
-9999.000 -9999.000 -9999.000 -9999.000 -9999.000 0.4245139 0.4345372 0.4433012 0.4498255 0.4557033 0.4604219 0.4667349 0.4712149 0.4774069 0.4843940 0.4906752 0.5029476 0.5151457 0.5279453 0.5390547 0.5489714 0.5600457 0.5681880 0.5811740 0.5870712 0.5867931 0.5849491 0.5809320 0.5825104 0.5899788 0.6006252 0.6092999 0.6171373 0.6277863 0.6424616 0.6607624 0.6834763 0.7054247 0.7275456 0.7472739 0.7636438 0.7760687 0.7936795 0.8228654 0.8453434 0.8898794 0.9278121 0.9571870 0.9358924 0.9138245 0.8938538 0.8784243 0.8587428 0.8504850 0.8701911 0.9020282 0.9282648 0.9547264 0.9823313
-9999.000 -9999.000 -9999.000 -9999.000 0.4314581 0.4359692 0.4436803 0.4494195 0.4537293 0.4576903 0.4597960 0.4627353 0.4646621 0.4682713 0.4741794 0.4846592 0.5028311 0.5176359 0.5253464 0.5308178 0.5337770 0.5398951 0.5518026 0.5652425 0.5689665 0.5676293 0.5640345 0.5636753 0.5689120 0.5775629 0.5852069 0.5915728 0.6004542 0.6127042 0.6263369 0.6411106 0.6605520 0.6782424 0.7030059 0.7266126 0.7500803 0.7670055 0.7806892 0.8067171 0.8512268 0.9216393 0.9824981 1.034350 1.014146 0.9564380 0.9280726 0.9110201 0.8924407 0.8926915 0.9153748 0.9490495 0.9778491 0.9951835 1.009501
-9999.000 -9999.000 -9999.000 -9999.000 0.4447171 0.4481362 0.4549975 0.4614017 0.4666665 0.4715494 0.4732303 0.4724246 0.4731892 0.4801270 0.4889806 0.5025505 0.5230658 0.5350271 0.5371069 0.5379781 0.5383891 0.5400698 0.5495087 0.5595173 0.5591056 0.5494567 0.5449401 0.5465733 0.5531005 0.5593812 0.5637511 0.5695663 0.5784326 0.5888431 0.5996437 0.6084174 0.6237768 0.6426202 0.6612461 0.6868320 0.7069313 0.7271817 0.7514222 0.7903248 0.8716032 0.9366311 1.009768 1.069078 1.076908 1.037804 0.9770787 0.9422813 0.9160903 0.9255588 0.9514397 0.9900839 1.026113 1.048328 1.051810
-9999.000 -9999.000 -9999.000 -9999.000 0.4611479 0.4639205 0.4688501 0.4730249 0.4799785 0.4835091 0.4848907 0.4838196 0.4860985 0.4969537 0.5126069 0.5302893 0.5459300 0.5537052 0.5535677 0.5545112 0.5556897 0.5599996 0.5643190 0.5616740 0.5521905 0.5413765 0.5356921 0.5356839 0.5395991 0.5420720 0.5417121 0.5441466 0.5482237 0.5551026 0.5626291 0.5734849 0.5961541 0.6157365 0.6265380 0.6287847 0.6365307 0.6615689 0.7217002 0.8209081 0.9342460 0.9938886 1.032977 1.074719 1.100860 1.103134 1.056443 0.9883112 0.9438478 0.9439544 0.9703446 1.007113 1.042110 1.078366 1.084842
-9999.000 -9999.000 -9999.000 -9999.000 0.4818285 0.4835143 0.4855335 0.4868573 0.4875183 0.4878942 0.4881878 0.4901978 0.4966040 0.5107509 0.5270956 0.5393593 0.5488770 0.5536379 0.5565734 0.5596902 0.5612567 0.5683360 0.5675928 0.5559627 0.5424027 0.5326595 0.5281221 0.5253071 0.5251003 0.5210951 0.5162659 0.5164210 0.5214947 0.5257992 0.5361889 0.5546687 0.5806280 0.6018228 0.6043855 0.5985397 0.5941072 0.6416497 0.7462283 0.8709940 0.9844122 1.023708 1.044280 1.070796 1.095325 1.107235 1.114975 1.060665 0.9992774 0.9779167 0.9958087 1.025391 1.055098 1.080336 1.090179
-9999.000 -9999.000 -9999.000 0.5126962 0.5047297 0.5032411 0.5012195 0.4979433 0.4946031 0.4929087 0.4929839 0.4969666 0.5075447 0.5192808 0.5304826 0.5333437 0.5364868 0.5370536 0.5376482 0.5404602 0.5394644 0.5451997 0.5395575 0.5253616 0.5141137 0.5068533 0.5016277 0.5017598 0.5011162 0.4976501 0.4961603 0.4989330 0.5098538 0.5212191 0.5364299 0.5621386 0.5821042 0.5955596 0.5992457 0.6031847 0.6209366 0.6834901 0.8131962 0.9225386 0.9967383 1.023354 1.040213 1.068685 1.093521 1.109533 1.118912 1.112535 1.070138 1.037696 1.039512 1.056116 1.068762 1.076093 1.076694
-9999.000 -9999.000 -9999.000 0.5234634 0.5191899 0.5168734 0.5098822 0.5051160 0.5009749 0.4988742 0.4985076 0.5048865 0.5140225 0.5188685 0.5223881 0.5185902 0.5151970 0.5090390 0.5034685 0.4983796 0.4918499 0.4857392 0.4783121 0.4674183 0.4652643 0.4642004 0.4673648 0.4729399 0.4751829 0.4838484 0.4921223 0.5036062 0.5182047 0.5323666 0.5514362 0.5742394 0.5866621 0.5945471 0.6030819 0.6177732 0.6571298 0.7313056 0.8371629 0.9238314 0.9891712 1.015818 1.040930 1.066308 1.093409 1.112808 1.123996 1.125986 1.103981 1.083383 1.085103 1.084615 1.072777 1.047607 1.028857
-9999.000 -9999.000 -9999.000 0.5042104 0.5063430 0.5050536 0.4979068 0.4961280 0.4928212 0.4927085 0.4901684 0.4954556 0.4997062 0.4959824 0.4925078 0.4867405 0.4819528 0.4717103 0.4636021 0.4515423 0.4400112 0.4301564 0.4280902 0.4265742 0.4353663 0.4414429 0.4506132 0.4618108 0.4723054 0.4869865 0.5020359 0.5192405 0.5344564 0.5513820 0.5670326 0.5814487 0.5899074 0.5970780 0.6106471 0.6318149 0.6915843 0.7617205 0.8339360 0.8993168 0.9617780 1.008294 1.038466 1.072121 1.097850 1.116153 1.128506 1.131977 1.120748 1.103660 1.097810 1.091302 1.069434 0.9457125 0.7917001
-9999.000 -9999.000 -9999.000 0.4523969 0.4528203 0.4515237 0.4478125 0.4501148 0.4508084 0.4521436 0.4531389 0.4546039 0.4540848 0.4483972 0.4436868 0.4418373 0.4378350 0.4325013 0.4254817 0.4194263 0.4120867 0.4081017 0.4145932 0.4228984 0.4349869 0.4451388 0.4558984 0.4701374 0.4853691 0.5032274 0.5192195 0.5356723 0.5509114 0.5642692 0.5759120 0.5865001 0.5963363 0.6063424 0.6243300 0.6579720 0.7148915 0.7758949 0.8308810 0.8884132 0.9439887 0.9925120 1.033864 1.069882 1.099695 1.120504 1.134810 1.136270 1.122634 1.099586 1.079100 1.041897 0.9760067 0.7384371 0.4473263
-9999.000 -9999.000 0.4047253 0.4000722 0.3954153 0.3951484 0.3928122 0.3942974 0.3957604 0.3942370 0.4039234 0.4059507 0.4071471 0.4056018 0.4067296 0.4108639 0.4075964 0.4054280 0.4025231 0.4032660 0.4043912 0.4095807 0.4214810 0.4334238 0.4501769 0.4642568 0.4798109 0.4956415 0.5096898 0.5234659 0.5346064 0.5515999 0.5652670 0.5760237 0.5861077 0.5966575 0.6085528 0.6196072 0.6506780 0.6964273 0.7555068 0.8090506 0.8443353 0.8874087 0.9205068 0.9807378 1.028985 1.069436 1.102065 1.124710 1.139198 1.136083 1.102353 1.059114 0.9666812 0.7778855 0.5398885 -9999.000 -9999.000
-9999.000 -9999.000 0.4163737 0.3994091 0.3770528 0.3692684 0.3627423 0.3657459 0.3672422 0.3717736 0.3783107 0.3810364 0.3839583 0.3885541 0.3940665 0.3989151 0.3996394 0.4019686 0.4043918 0.4089140 0.4128725 0.4202828 0.4342899 0.4500165 0.4671407 0.4849700 0.5037367 0.5235792 0.5333637 0.5417806 0.5524207 0.5645236 0.5766597 0.5879440 0.6005537 0.6122650 0.6285575 0.6488160 0.6803643 0.7282675 0.7867130 0.8443483 0.8744025 0.9063669 0.9315798 0.9599600 1.014373 1.064181 1.106640 1.130856 1.135497 1.117155 0.9914189 0.8037130 0.6109842 0.4162926 -9999.000 -9999.000 -9999.000
-9999.000 -9999.000 0.5772807 0.5200436 0.4738761 0.4445835 0.3889813 0.3916857 0.3689207 0.3705587 0.3768003 0.3794384 0.3824956 0.3880341 0.3950447 0.4015031 0.4064855 0.4140617 0.4211467 0.4238391 0.4255459 0.4322280 0.4484045 0.4676931 0.4878072 0.5064116 0.5215778 0.5345307 0.5424658 0.5518958 0.5643333 0.5783557 0.5906859 0.6027926 0.6171765 0.6319838 0.6538591 0.6831683 0.7275112 0.7789846 0.8234148 0.8571171 0.8818862 0.9253831 0.9526223 0.9789095 1.019566 1.064749 1.105692 1.117251 1.046922 0.9127898 0.6997560 0.4298644 -9999.000 -9999.000 -9999.000 -9999.000 -9999.000
-9999.000 -9999.000 0.7512877 0.7402114 0.6833939 0.6477724 0.6082224 0.5478950 0.4910874 0.4407966 0.3950348 0.3945497 0.3922732 0.4001525 0.4070593 0.4129543 0.4190451 0.4248603 0.4313077 0.4330532 0.4368783 0.4480980 0.4642459 0.4828796 0.5007400 0.5192217 0.5300729 0.5382637 0.5470177 0.5580819 0.5714126 0.5850446 0.6012066 0.6168140 0.6351116 0.6560607 0.6808742 0.7146609 0.7570578 0.8180024 0.8541952 0.8752444 0.8773322 0.9119639 0.9497987 0.9867509 1.032552 1.048514 1.051708 0.9611859 0.8479887 -9999.000 -9999.000 -9999.000 -9999.000 -9999.000 -9999.000 -9999.000 -9999.000
-9999.000 0.8476867 0.8381808 0.8232093 0.8254746 0.8227953 0.8304233 0.8159730 0.7614125 0.6804743 0.5922138 0.4980212 0.4463200 0.4133474 0.4191938 0.4242410 0.4289950 0.4325876 0.4347617 0.4404832 0.4487956 0.4656164 0.4822934 0.4980265 0.5119273 0.5229830 0.5325220 0.5403918 0.5531542 0.5660535 0.5791539 0.5907069 0.6042304 0.6234477 0.6438986 0.6725195 0.7070356 0.7489257 0.7991177 0.8381583 0.8588218 0.8677562 0.8940465 0.9124841 0.9310760 0.9323989 0.9831103 0.8459753 0.6819276 0.4527271 -9999.000 -9999.000 -9999.000 -9999.000 -9999.000 -9999.000 -9999.000 -9999.000 -9999.000
-9999.000 0.9200522 0.8976697 0.8738708 0.8794722 0.8960453 0.9125171 0.9207635 0.9304864 0.8924440 0.8716356 0.7955209 0.6547250 0.5347627 0.4326587 0.4341619 0.4348126 0.4383849 0.4434803 0.4522351 0.4641876 0.4774649 0.4912680 0.5061592 0.5186123 0.5279801 0.5367039 0.5461886 0.5590961 0.5720748 0.5860906 0.5977884 0.6105502 0.6272017 0.6466703 0.6713936 0.7069681 0.7576656 0.8154215 0.8634198 0.8656822 0.8501311 0.8383422 0.9241722 0.8543567 0.6371872 0.5667534 -9999.000 -9999.000 -9999.000 -9999.000 -9999.000 -9999.000 -9999.000 -9999.000 -9999.000 -9999.000 -9999.000 -9999.000
-9999.000 0.9295549 0.9343210 0.9291982 0.9313313 0.9465636 0.9613546 0.9748075 0.9826193 0.9801331 0.9935966 1.019919 0.9555150 0.8223056 0.6617626 0.5102248 0.4761944 0.4444447 0.4505171 0.4627113 0.4757107 0.4893734 0.5017945 0.5130591 0.5243818 0.5343176 0.5460681 0.5568519 0.5701737 0.5831627 0.5948069 0.6063825 0.6186944 0.6348534 0.6510674 0.6753096 0.7033366 0.7431440 0.7811665 0.8058463 0.8405116 0.7914370 0.6481691 0.6094915 0.5455818 0.2591760 -9999.000 -9999.000 -9999.000 -9999.000 -9999.000 -9999.000 -9999.000 -9999.000 -9999.000 -9999.000 -9999.000 -9999.000 -9999.000
0.8875389 0.9040354 0.9322538 0.9629851 0.9861433 0.9953463 1.004285 1.015207 1.030350 1.029549 1.051359 1.075978 1.087047 1.064195 0.9996293 0.8539413 0.6693938 0.5339425 0.4636275 0.4727282 0.4852823 0.4995195 0.5128156 0.5237517 0.5349672 0.5453466 0.5559441 0.5670386 0.5800946 0.5940880 0.6052719 0.6182522 0.6321474 0.6481580 0.6644530 0.6915719 0.7219836 0.7402964 0.7511145 0.6890138 0.5699800 0.5241423 0.3942885 -9999.000 -9999.000 -9999.000 -9999.000 -9999.000 -9999.000 -9999.000 -9999.000 -9999.000 -9999.000 -9999.000 -9999.000 -9999.000 -9999.000 -9999.000 -9999.000
-9999.000 -9999.000 0.9202734 0.9747959 1.007900 1.034821 1.041747 1.050197 1.063532 1.075782 1.104113 1.120132 1.139703 1.150130 1.149842 1.142478 1.028331 0.8278829 0.6691140 0.5134780 0.5236392 0.5107340 0.5205416 0.5304750 0.5417890 0.5521414 0.5653046 0.5749791 0.5862675 0.5977329 0.6082975 0.6244402 0.6374679 0.6584829 0.6772030 0.7048226 0.7325567 0.7164307 0.6519196 0.5412156 0.3746853 -9999.000 -9999.000 -9999.000 -9999.000 -9999.000 -9999.000 -9999.000 -9999.000 -9999.000 -9999.000 -9999.000 -9999.000 -9999.000 -9999.000 -9999.000 -9999.000 -9999.000 -9999.000
-9999.000 -9999.000 -9999.000 -9999.000 1.008457 1.036269 1.053803 1.064095 1.080900 1.109900 1.139976 1.151544 1.173919 1.197845 1.209543 1.217483 1.205766 1.128201 1.021397 0.8906385 0.6981825 0.6005579 0.5332066 0.5324600 0.5388729 0.5465504 0.5586270 0.5661083 0.5751923 0.5834590 0.5953234 0.6076424 0.6144157 0.6293142 0.6401986 0.6498297 0.6089092 0.5594514 -9999.000 -9999.000 -9999.000 -9999.000 -9999.000 -9999.000 -9999.000 -9999.000 -9999.000 -9999.000 -9999.000 -9999.000 -9999.000 -9999.000 -9999.000 -9999.000 -9999.000 -9999.000 -9999.000 -9999.000 -9999.000
-9999.000 -9999.000 -9999.000 -9999.000 -9999.000 1.026040 1.040962 1.056180 1.074024 1.107445 1.148574 1.164316 1.190824 1.217624 1.249431 1.274039 1.270927 1.240790 1.217126 1.194637 1.072818 0.8979439 0.7375814 0.5985775 0.5682146 0.5364981 0.5339587 0.5360365 0.5389421 0.5414224 0.5426613 0.5523484 0.5454497 0.5462911 0.5148781 0.4520287 0.3092196 0.1939232 -9999.000 -9999.000 -9999.000 -9999.000 -9999.000 -9999.000 -9999.000 -9999.000 -9999.000 -9999.000 -9999.000 -9999.000 -9999.000 -9999.000 -9999.000 -9999.000 -9999.000 -9999.000 -9999.000 -9999.000 -9999.000
-9999.000 -9999.000 -9999.000 -9999.000 -9999.000 -9999.000 -9999.000 1.041723 1.057252 1.081519 1.115702 1.139486 1.169160 1.212019 1.266564 1.303582 1.312635 1.297997 1.285328 1.280452 1.252405 1.176301 1.054014 0.9467203 0.7619709 0.6462973 0.5608724 0.5117749 0.5062656 0.5002419 0.4914843 0.4824391 0.4572908 0.4199372 0.3478732 0.2108136 0.9277488E-01 -9999.000 -9999.000 -9999.000 -9999.000 -9999.000 -9999.000 -9999.000 -9999.000 -9999.000 -9999.000 -9999.000 -9999.000 -9999.000 -9999.000 -9999.000 -9999.000 -9999.000 -9999.000 -9999.000 -9999.000 -9999.000 -9999.000
-9999.000 -9999.000 -9999.000 -9999.000 -9999.000 -9999.000 -9999.000 -9999.000 -9999.000 1.052100 1.060408 1.076835 1.102226 1.157296 1.250026 1.295922 1.319273 1.324149 1.318417 1.312574 1.293580 1.245588 1.212469 1.160853 1.072570 0.9426722 0.8127296 0.6761477 0.5642128 0.5329305 0.4727356 0.4430974 0.4040490 0.3320773 0.2152600 0.8415878E-01 -9999.000 -9999.000 -9999.000 -9999.000 -9999.000 -9999.000 -9999.000 -9999.000 -9999.000 -9999.000 -9999.000 -9999.000 -9999.000 -9999.000 -9999.000 -9999.000 -9999.000 -9999.000 -9999.000 -9999.000 -9999.000 -9999.000 -9999.000
-9999.000 -9999.000 -9999.000 -9999.000 -9999.000 -9999.000 -9999.000 -9999.000 -9999.000 -9999.000 1.010742 1.015715 1.041469 1.082230 1.153528 1.225179 1.288243 1.312252 1.314615 1.305132 1.289169 1.256003 1.220100 1.188182 1.141140 1.111550 1.003975 0.9306481 0.8339120 0.6937016 0.5755434 0.4457591 0.3511316 0.2344959 0.1151224 -9999.000 -9999.000 -9999.000 -9999.000 -9999.000 -9999.000 -9999.000 -9999.000 -9999.000 -9999.000 -9999.000 -9999.000 -9999.000 -9999.000 -9999.000 -9999.000 -9999.000 -9999.000 -9999.000 -9999.000 -9999.000 -9999.000 -9999.000 -9999.000
-9999.000 -9999.000 -9999.000 -9999.000 -9999.000 -9999.000 -9999.000 -9999.000 -9999.000 -9999.000 -9999.000 -9999.000 1.009862 0.9981874 0.9843949 1.060950 1.162216 1.208955 1.231524 1.218560 1.214188 1.185347 1.142894 1.103651 1.066794 1.044404 0.9725506 0.9372968 0.8976264 0.7488943 0.5764150 0.3406982 0.2368688 -9999.000 0.3082176E-01 -9999.000 -9999.000 -9999.000 -9999.000 -9999.000 -9999.000 -9999.000 -9999.000 -9999.000 -9999.000 -9999.000 -9999.000 -9999.000 -9999.000 -9999.000 -9999.000 -9999.000 -9999.000 -9999.000 -9999.000 -9999.000 -9999.000 -9999.000 -9999.000
