simulation_files/asc/Depth____660.0.asc
NCOLS       216
NROWS       273
XLLCENTER        494.688995
YLLCENTER        787.867981
CELLSIZE           0.500
NODATA_VALUE     -9999.0
[rows 162 to 188 of 273, columns 118 to 176 of 216]
1.984900 2.660388 2.858179 2.895317 2.906473 2.916227 2.691895 2.116813 1.506498 0.6483652 0.1721289 0.7885311E-01 0.1076098 0.1537425 0.1341913 0.1197904 0.1441061 0.1579572 0.1804246 0.1852077 0.1818395 0.1464117 0.9860805E-01 0.1037566 0.1324841 0.1383777 0.1029764 0.6251191E-01 -9999.000 -9999.000 -9999.000 -9999.000 -9999.000 -9999.000 -9999.000 -9999.000 -9999.000 -9999.000 -9999.000 -9999.000 -9999.000 -9999.000 -9999.000 -9999.000 -9999.000 -9999.000 -9999.000 -9999.000 -9999.000 -9999.000 -9999.000 -9999.000 -9999.000 -9999.000 -9999.000 -9999.000 -9999.000 -9999.000 -9999.000
1.645446 2.565943 2.850676 2.884991 2.886449 2.478738 1.683081 1.004112 0.4722477 0.1564594 0.1317287 0.1170209 0.1250378 0.1190995 0.1320995 0.1421725 0.1458283 0.1454060 0.1798586 0.2037185 0.2076996 0.1528912 0.1080217 0.1141613 0.1522851 0.1664595 0.1435671 0.9364347E-01 0.4168601E-01 -9999.000 -9999.000 -9999.000 -9999.000 -9999.000 -9999.000 -9999.000 -9999.000 -9999.000 -9999.000 -9999.000 -9999.000 -9999.000 -9999.000 -9999.000 -9999.000 -9999.000 -9999.000 -9999.000 -9999.000 -9999.000 -9999.000 -9999.000 -9999.000 -9999.000 -9999.000 -9999.000 -9999.000 -9999.000 -9999.000
1.246952 2.274824 2.729855 2.871858 2.451269 1.544506 0.4835633 0.1581602 0.1253487 0.9724660E-01 0.1156142 0.1028975 0.9759181E-01 0.8698764E-01 0.1111620 0.1361882 0.1322194 0.1335948 0.1570992 0.1892164 0.1985470 0.1355386 0.9822991E-01 0.1164918 0.1597096 0.1669363 0.1317742 0.1037095 0.4990505E-01 -9999.000 -9999.000 -9999.000 -9999.000 -9999.000 -9999.000 -9999.000 -9999.000 -9999.000 -9999.000 -9999.000 -9999.000 -9999.000 -9999.000 -9999.000 -9999.000 -9999.000 -9999.000 -9999.000 -9999.000 -9999.000 -9999.000 -9999.000 -9999.000 -9999.000 -9999.000 -9999.000 -9999.000 -9999.000 -9999.000
-9999.000 1.469689 2.288083 2.391872 1.528565 -9999.000 0.1157116 0.1268178 0.1032086 0.7173022E-01 0.6150191E-01 0.6253421E-01 0.7719130E-01 0.7813923E-01 0.1018735 0.1313967 0.1385368 0.1566827 0.1800593 0.2060076 0.1690415 0.1104773 0.9143857E-01 0.1092351 0.1493990 0.1469200 0.1336786 0.9978719E-01 0.5334667E-01 0.2167235E-01 -9999.000 -9999.000 -9999.000 -9999.000 -9999.000 -9999.000 -9999.000 -9999.000 -9999.000 -9999.000 -9999.000 -9999.000 -9999.000 -9999.000 -9999.000 -9999.000 -9999.000 -9999.000 -9999.000 -9999.000 -9999.000 -9999.000 -9999.000 -9999.000 -9999.000 -9999.000 -9999.000 -9999.000 -9999.000
-9999.000 0.6494121 1.346810 1.148919 0.4699837 0.1321307 0.1501094 0.1324811 0.1203640 0.8781985E-01 0.5271632E-01 0.4774170E-01 0.6063586E-01 0.6269766E-01 0.1057717 0.1588980 0.1895071 0.2140138 0.2362634 0.2096081 0.1307390 0.1198369 0.1161375 0.1252618 0.1458540 0.1570851 0.1477997 0.1231879 0.9260332E-01 0.5240734E-01 -9999.000 -9999.000 0.1836429E-01 -9999.000 -9999.000 -9999.000 -9999.000 -9999.000 -9999.000 -9999.000 -9999.000 -9999.000 -9999.000 -9999.000 -9999.000 -9999.000 -9999.000 -9999.000 -9999.000 -9999.000 -9999.000 -9999.000 -9999.000 -9999.000 -9999.000 -9999.000 -9999.000 -9999.000 -9999.000
-9999.000 -9999.000 -9999.000 0.2395156 0.1375593 0.1792249 0.1551265 0.1481931 0.1523730 0.1235677 0.9481015E-01 0.7917349E-01 0.6896949E-01 0.6953979E-01 0.1256430 0.2021553 0.2180752 0.2298015 0.2335013 0.1616311 0.9143602E-01 0.1280652 0.1377140 0.1511667 0.1565012 0.1271281 0.1242133 0.1240706 0.1115184 0.7463194E-01 -9999.000 -9999.000 -9999.000 -9999.000 -9999.000 -9999.000 -9999.000 -9999.000 -9999.000 -9999.000 -9999.000 -9999.000 -9999.000 -9999.000 -9999.000 -9999.000 -9999.000 -9999.000 -9999.000 -9999.000 -9999.000 -9999.000 -9999.000 -9999.000 -9999.000 -9999.000 -9999.000 -9999.000 -9999.000
-9999.000 -9999.000 -9999.000 0.7098688E-01 0.1717653 0.1788991 0.1788790 0.1856907 0.1916546 0.1740116 0.1558241 0.1369080 0.1088070 0.1021408 0.1319192 0.1780691 0.1893955 0.1917362 0.1598563 0.1314823 0.9116400E-01 0.1200536 0.1403421 0.1573714 0.1534327 0.1009059 0.8305337E-01 0.1068156 0.1158168 0.9470608E-01 0.4727735E-01 0.1714885E-01 -9999.000 -9999.000 -9999.000 -9999.000 -9999.000 -9999.000 -9999.000 -9999.000 -9999.000 -9999.000 -9999.000 -9999.000 -9999.000 -9999.000 -9999.000 -9999.000 -9999.000 -9999.000 -9999.000 -9999.000 -9999.000 -9999.000 -9999.000 -9999.000 -9999.000 -9999.000 -9999.000
-9999.000 -9999.000 -9999.000 0.6811708E-01 0.9708686E-01 0.1329372 0.1845751 0.2111820 0.1962950 0.1735107 0.1559579 0.1584617 0.1377788 0.1119594 0.1020356 0.8535047E-01 0.1201298 0.1111548 0.1199792 0.1602742 0.1317176 0.1471045 0.1756151 0.2018695 0.1939110 0.1348355 0.9801560E-01 0.1055047 0.1192017 0.1159963 0.7403988E-01 0.3615138E-01 0.2939047E-01 -9999.000 -9999.000 -9999.000 -9999.000 -9999.000 -9999.000 -9999.000 -9999.000 -9999.000 -9999.000 -9999.000 -9999.000 -9999.000 -9999.000 -9999.000 -9999.000 -9999.000 -9999.000 -9999.000 -9999.000 -9999.000 -9999.000 -9999.000 -9999.000 -9999.000 -9999.000
-9999.000 -9999.000 -9999.000 -9999.000 0.5615839E-01 0.1115595 0.1741927 0.1937975 0.1887685 0.1695003 0.1442477 0.1192720 0.9821672E-01 0.8171563E-01 0.8688030E-01 0.1097129 0.1254147 0.1053413 0.1165238 0.1398257 0.1290438 0.1605192 0.2245128 0.2637962 0.2474303 0.1740089 0.1153401 0.1160438 0.1290330 0.1409949 0.1010719 0.6412110E-01 0.5141759E-01 0.4211340E-01 -9999.000 -9999.000 -9999.000 -9999.000 -9999.000 -9999.000 -9999.000 -9999.000 -9999.000 -9999.000 -9999.000 -9999.000 -9999.000 -9999.000 -9999.000 -9999.000 -9999.000 -9999.000 -9999.000 -9999.000 -9999.000 -9999.000 -9999.000 -9999.000 -9999.000
-9999.000 -9999.000 -9999.000 -9999.000 -9999.000 0.7345660E-01 0.1102898 0.1495373 0.1804795 0.2014365 0.1494593 0.7662562E-01 0.4949437E-01 0.4250641E-01 0.7945802E-01 0.1447706 0.1812952 0.1943341 0.1409447 0.8087997E-01 0.7004729E-01 0.1359413 0.2418867 0.2794028 0.2365746 0.1662598 0.1302142 0.1488265 0.1722894 0.1788016 0.1259464 0.9775214E-01 0.1016431 0.8066874E-01 0.6025961E-01 0.5098783E-01 -9999.000 -9999.000 -9999.000 -9999.000 -9999.000 -9999.000 -9999.000 -9999.000 -9999.000 -9999.000 -9999.000 -9999.000 -9999.000 -9999.000 -9999.000 -9999.000 -9999.000 -9999.000 -9999.000 -9999.000 -9999.000 -9999.000 -9999.000
-9999.000 -9999.000 -9999.000 -9999.000 -9999.000 0.4335159E-01 0.5453633E-01 0.1132559 0.1710828 0.2009256 0.1656278 0.9008166E-01 0.6157905E-01 0.6545130E-01 0.9777351E-01 0.1587928 0.1942668 0.2248678 0.1858483 0.1079382 0.8924963E-01 0.1496408 0.2319933 0.2464950 0.2102941 0.1510379 0.1282135 0.1355911 0.1679275 0.1886770 0.1494918 0.1419178 0.1554857 0.1443589 0.9365917E-01 0.7452719E-01 0.6936493E-01 0.4662982E-01 -9999.000 -9999.000 -9999.000 -9999.000 -9999.000 -9999.000 -9999.000 -9999.000 -9999.000 -9999.000 -9999.000 -9999.000 -9999.000 -9999.000 -9999.000 -9999.000 -9999.000 -9999.000 -9999.000 -9999.000 -9999.000
-9999.000 -9999.000 -9999.000 -9999.000 -9999.000 -9999.000 0.7277697E-01 0.1090126 0.1536585 0.1798554 0.1804127 0.1418252 0.1025882 0.1025251 0.1273865 0.1626992 0.1894928 0.2344152 0.2390090 0.1977334 0.1890577 0.1913460 0.2024730 0.2158388 0.1531958 0.1214332 0.1051187 0.9593135E-01 0.1160074 0.1567022 0.1435971 0.1492529 0.1662420 0.1589965 0.1268054 0.9906415E-01 0.1036823 0.9202855E-01 0.4882100E-01 -9999.000 -9999.000 -9999.000 -9999.000 -9999.000 -9999.000 -9999.000 -9999.000 -9999.000 -9999.000 -9999.000 -9999.000 -9999.000 -9999.000 -9999.000 -9999.000 -9999.000 -9999.000 -9999.000 -9999.000
-9999.000 -9999.000 -9999.000 -9999.000 -9999.000 -9999.000 0.9189440E-01 0.1034532 0.1349685 0.1731051 0.1979878 0.1744610 0.1292154 0.9810145E-01 0.1059562 0.1356514 0.1704386 0.2289352 0.2496862 0.2491668 0.2618739 0.2070154 0.1673501 0.1495468 0.1218867 0.1049834 0.9185734E-01 0.9363088E-01 0.1154414 0.1444533 0.1280778 0.1162783 0.1266522 0.1394172 0.1228667 0.9719256E-01 0.1085910 0.1027589 -9999.000 -9999.000 -9999.000 -9999.000 -9999.000 -9999.000 -9999.000 -9999.000 -9999.000 -9999.000 -9999.000 -9999.000 -9999.000 -9999.000 -9999.000 -9999.000 -9999.000 -9999.000 -9999.000 -9999.000 -9999.000
-9999.000 -9999.000 -9999.000 -9999.000 -9999.000 -9999.000 -9999.000 0.5661225E-01 0.9139022E-01 0.1623886 0.2091081 0.1888060 0.1338150 0.7005596E-01 0.5568040E-01 0.7017774E-01 0.1209646 0.2121579 0.2210800 0.2056209 0.1834106 0.1414917 0.1269845 0.1616429 0.1887961 0.1295428 0.1083878 0.1205414 0.1396645 0.1631667 0.1550341 0.1259368 0.1169572 0.1310386 0.1120471 0.6702721E-01 0.6680437E-01 0.9662259E-01 0.9919188E-01 0.7843061E-01 -9999.000 -9999.000 -9999.000 -9999.000 -9999.000 -9999.000 -9999.000 -9999.000 -9999.000 -9999.000 -9999.000 -9999.000 -9999.000 -9999.000 -9999.000 -9999.000 -9999.000 -9999.000 -9999.000
-9999.000 -9999.000 -9999.000 -9999.000 -9999.000 -9999.000 -9999.000 -9999.000 0.4526045E-01 0.1203091 0.1767638 0.1735774 0.1128301 0.4393882E-01 0.2399385E-01 0.3029356E-01 0.6780167E-01 0.1415305 0.1429022 0.1175528 0.9283293E-01 0.9736207E-01 0.1214636 0.1995035 0.2334165 0.1803860 0.1685570 0.1807217 0.1895898 0.2027013 0.2161503 0.2134872 0.1635510 0.1301557 0.7974459E-01 0.3304586E-01 0.6283425E-01 0.1090140 0.1215174 0.8606780E-01 -9999.000 -9999.000 -9999.000 -9999.000 -9999.000 -9999.000 -9999.000 -9999.000 -9999.000 -9999.000 -9999.000 -9999.000 -9999.000 -9999.000 -9999.000 -9999.000 -9999.000 -9999.000 -9999.000
-9999.000 -9999.000 -9999.000 -9999.000 -9999.000 -9999.000 -9999.000 -9999.000 0.1744092E-01 0.6567159E-01 0.1306018 0.1497212 0.1162835 0.4862390E-01 0.2121307E-01 -9999.000 0.2739086E-01 0.6471979E-01 0.8448466E-01 0.8838179E-01 0.1117644 0.1121623 0.1173648 0.1913255 0.2353138 0.2189616 0.2123715 0.2155786 0.1944696 0.1886086 0.2375014 0.2455103 0.2166510 0.1496190 0.6299441E-01 0.5161158E-01 0.9647197E-01 0.1141941 0.1048834 0.8098432E-01 0.3896328E-01 -9999.000 -9999.000 -9999.000 -9999.000 -9999.000 -9999.000 -9999.000 -9999.000 -9999.000 -9999.000 -9999.000 -9999.000 -9999.000 -9999.000 -9999.000 -9999.000 -9999.000 -9999.000
-9999.000 -9999.000 -9999.000 -9999.000 -9999.000 -9999.000 -9999.000 -9999.000 -9999.000 0.5166513E-01 0.1214969 0.1483091 0.1349891 0.8498240E-01 0.3927089E-01 -9999.000 0.1376659E-01 0.3242860E-01 0.5211856E-01 0.7225963E-01 0.1084246 0.1405144 0.1379626 0.1787943 0.2325731 0.2252370 0.2050941 0.1772332 0.1074998 0.1070505 0.1876359 0.2086128 0.2061300 0.1571863 0.1098250 0.1190916 0.1285577 0.1194058 0.1041236 0.1129162 0.8755248E-01 -9999.000 -9999.000 -9999.000 -9999.000 -9999.000 -9999.000 -9999.000 -9999.000 -9999.000 -9999.000 -9999.000 -9999.000 -9999.000 -9999.000 -9999.000 -9999.000 -9999.000 -9999.000
-9999.000 -9999.000 -9999.000 -9999.000 -9999.000 -9999.000 -9999.000 -9999.000 -9999.000 -9999.000 0.8318496E-01 0.1203801 0.1365328 0.1130027 0.7544801E-01 0.3160188E-01 -9999.000 0.1862972E-01 0.3338078E-01 0.5263437E-01 0.9729466E-01 0.1553841 0.1602481 0.1717201 0.2289457 0.2064104 0.1621770 0.1041006 0.9734830E-01 0.1228612 0.1438810 0.1495121 0.1570909 0.1355418 0.1319120 0.1615783 0.1559487 0.1329039 0.1430725 0.1600292 0.1207585 -9999.000 -9999.000 -9999.000 -9999.000 -9999.000 -9999.000 -9999.000 -9999.000 -9999.000 -9999.000 -9999.000 -9999.000 -9999.000 -9999.000 -9999.000 -9999.000 -9999.000 -9999.000
-9999.000 -9999.000 -9999.000 -9999.000 -9999.000 -9999.000 -9999.000 -9999.000 -9999.000 -9999.000 0.5386322E-01 0.1038495 0.1360131 0.1457637 0.1024929 0.4281948E-01 0.1630846E-01 0.1697707E-01 0.2638421E-01 0.4085212E-01 0.7425845E-01 0.1234412 0.1309785 0.1664759 0.2036905 0.1714193 0.1077839 0.7216081E-01 0.1281981 0.1746821 0.1645323 0.1364289 0.1380332 0.1221733 0.1259665 0.1721562 0.1626486 0.1356686 0.1534155 0.1870777 0.1477636 0.8118995E-01 -9999.000 -9999.000 -9999.000 -9999.000 -9999.000 -9999.000 -9999.000 -9999.000 -9999.000 -9999.000 -9999.000 -9999.000 -9999.000 -9999.000 -9999.000 -9999.000 -9999.000
-9999.000 -9999.000 -9999.000 -9999.000 -9999.000 -9999.000 -9999.000 -9999.000 -9999.000 -9999.000 -9999.000 0.6165310E-01 0.1095825 0.1489964 0.1314206 0.7071577E-01 -9999.000 -9999.000 -9999.000 -9999.000 0.3955333E-01 0.7740311E-01 0.9009703E-01 0.1307991 0.1746399 0.1444406 0.1325566 0.1311763 0.1742290 0.2044808 0.2095698 0.1752960 0.1818465 0.1769160 0.1791206 0.2022145 0.1797769 0.1639780 0.1752619 0.1980568 0.1758633 0.1037736 0.5635671E-01 -9999.000 -9999.000 -9999.000 -9999.000 -9999.000 -9999.000 -9999.000 -9999.000 -9999.000 -9999.000 -9999.000 -9999.000 -9999.000 -9999.000 -9999.000 -9999.000
-9999.000 -9999.000 -9999.000 -9999.000 -9999.000 -9999.000 -9999.000 -9999.000 -9999.000 -9999.000 -9999.000 -9999.000 0.6016185E-01 0.1154766 0.1209856 0.8925942E-01 0.4804098E-01 -9999.000 -9999.000 -9999.000 0.2387717E-01 0.3664618E-01 0.3473579E-01 0.7052905E-01 0.1591000 0.1798639 0.1810434 0.2127539 0.2139115 0.1939403 0.2162506 0.2496212 0.2715842 0.2925381 0.2673831 0.2306746 0.2091421 0.2135070 0.2176996 0.2254532 0.1997834 0.1462734 0.9295520E-01 -9999.000 -9999.000 -9999.000 -9999.000 -9999.000 -9999.000 -9999.000 -9999.000 -9999.000 -9999.000 -9999.000 -9999.000 -9999.000 -9999.000 -9999.000 -9999.000
-9999.000 -9999.000 -9999.000 -9999.000 -9999.000 -9999.000 -9999.000 -9999.000 -9999.000 -9999.000 -9999.000 -9999.000 0.5093509E-01 0.1129215 0.1365087 0.1154223 0.7136037E-01 -9999.000 -9999.000 -9999.000 0.2424825E-01 0.3001763E-01 0.1804727E-01 0.4914012E-01 0.1268412 0.1568825 0.1749118 0.2317107 0.2493019 0.2077142 0.2166335 0.2790255 0.3008084 0.3101458 0.2979364 0.2523536 0.2321506 0.2261293 0.2344250 0.2409203 0.2275721 0.2055785 0.1360171 0.4478431E-01 -9999.000 -9999.000 -9999.000 -9999.000 -9999.000 -9999.000 -9999.000 -9999.000 -9999.000 -9999.000 -9999.000 -9999.000 -9999.000 -9999.000 -9999.000
-9999.000 -9999.000 -9999.000 -9999.000 -9999.000 -9999.000 -9999.000 -9999.000 -9999.000 -9999.000 -9999.000 -9999.000 0.4047600E-01 0.1209357 0.1497822 0.1424589 0.1044081 0.4890287E-01 0.2106781E-01 0.2040742E-01 0.2667098E-01 0.2402254E-01 0.1716044E-01 0.4221437E-01 0.8052331E-01 0.8942564E-01 0.1123298 0.1864227 0.2374232 0.2282683 0.2443459 0.2861971 0.2737468 0.2613160 0.2627330 0.2529729 0.2185047 0.2155815 0.2177157 0.2329615 0.2393274 0.2229070 0.1710668 0.8341580E-01 -9999.000 -9999.000 -9999.000 -9999.000 -9999.000 -9999.000 -9999.000 -9999.000 -9999.000 -9999.000 -9999.000 -9999.000 -9999.000 -9999.000 -9999.000
-9999.000 -9999.000 -9999.000 -9999.000 -9999.000 -9999.000 -9999.000 -9999.000 -9999.000 -9999.000 -9999.000 -9999.000 -9999.000 0.1064840 0.1504858 0.1550412 0.1356020 0.8364003E-01 0.3188214E-01 0.2801195E-01 0.2924819E-01 0.3305634E-01 0.4162440E-01 0.5606873E-01 0.6172337E-01 0.4804387E-01 0.6907641E-01 0.1238159 0.1767466 0.2019575 0.2668296 0.2596040 0.1998276 0.2003099 0.2169253 0.1669965 0.1374141 0.1156824 0.1353403 0.1613309 0.1894457 0.1960235 0.1678576 0.1036526 0.8402081E-01 -9999.000 -9999.000 -9999.000 -9999.000 -9999.000 -9999.000 -9999.000 -9999.000 -9999.000 -9999.000 -9999.000 -9999.000 -9999.000 -9999.000
-9999.000 -9999.000 -9999.000 -9999.000 -9999.000 -9999.000 -9999.000 -9999.000 -9999.000 -9999.000 -9999.000 -9999.000 -9999.000 0.8417842E-01 0.1355552 0.1526143 0.1441223 0.9971811E-01 0.5221631E-01 0.2643976E-01 0.2541649E-01 0.3160987E-01 0.4706676E-01 0.5620218E-01 0.4378684E-01 0.5454797E-01 0.9456258E-01 0.1314270 0.1635753 0.1967585 0.2230439 0.1816778 0.1430497 0.2209096 0.2485393 0.1924958 0.1259581 0.1043142 0.1191486 0.1255082 0.1434000 0.1631731 0.1578716 0.1267445 0.8927516E-01 0.6282296E-01 -9999.000 -9999.000 -9999.000 -9999.000 -9999.000 -9999.000 -9999.000 -9999.000 -9999.000 -9999.000 -9999.000 -9999.000 -9999.000
-9999.000 -9999.000 -9999.000 -9999.000 -9999.000 -9999.000 -9999.000 -9999.000 -9999.000 -9999.000 -9999.000 -9999.000 -9999.000 0.7744595E-01 0.1128399 0.1231252 0.1399323 0.1148245 0.5332675E-01 0.2174582E-01 -9999.000 -9999.000 -9999.000 0.3108011E-01 0.4023937E-01 0.6543216E-01 0.1332054 0.1607318 0.1643955 0.1541769 0.1542793 0.1369838 0.1353810 0.2228735 0.2879911 0.2754617 0.2220809 0.1543102 0.1477693 0.1676136 0.1731420 0.1690713 0.1640053 0.1330216 0.8346858E-01 0.4548833E-01 -9999.000 -9999.000 -9999.000 -9999.000 -9999.000 -9999.000 -9999.000 -9999.000 -9999.000 -9999.000 -9999.000 -9999.000 -9999.000
-9999.000 -9999.000 -9999.000 -9999.000 -9999.000 -9999.000 -9999.000 -9999.000 -9999.000 -9999.000 -9999.000 -9999.000 -9999.000 0.7780848E-01 0.9678490E-01 0.1048165 0.1334664 0.1229480 0.7560742E-01 0.4458218E-01 -9999.000 -9999.000 -9999.000 0.1785629E-01 0.3068361E-01 0.4591194E-01 0.8935885E-01 0.1116122 0.1323469 0.1274071 0.1494596 0.1771198 0.1602867 0.2001763 0.2525613 0.2723145 0.2374003 0.1883317 0.1724242 0.1873941 0.1792330 0.1621159 0.1601280 0.1445367 0.1181559 0.8692899E-01 0.6644530E-01 -9999.000 -9999.000 -9999.000 -9999.000 -9999.000 -9999.000 -9999.000 -9999.000 -9999.000 -9999.000 -9999.000 -9999.000
