simulation_files/asc/Depth____000126.asc
NCOLS        79
NROWS        79
XLLCENTER         -1.500000
YLLCENTER         -4.800000
CELLSIZE           0.100
NODATA_VALUE     -9999.0
[rows 0 to 25 of 79, columns 0 to 58 of 79]
-9999.000 -9999.000 -9999.000 -9999.000 -9999.000 -9999.000 -9999.000 -9999.000 -9999.000 -9999.000 -9999.000 -9999.000 -9999.000 -9999.000 -9999.000 0.4745550 0.4747429 0.4747241 0.4746544 0.4745477 0.4744138 0.4742616 0.4740987 0.4739326 0.4737638 0.4735855 0.4733786 0.4731028 0.4726872 0.4727126 0.4727126 -9999.000 -9999.000 -9999.000 -9999.000 -9999.000 -9999.000 -9999.000 -9999.000 -9999.000 -9999.000 -9999.000 -9999.000 -9999.000 -9999.000 -9999.000 -9999.000 -9999.000 -9999.000 -9999.000 -9999.000 -9999.000 -9999.000 -9999.000 -9999.000 -9999.000 -9999.000 -9999.000 -9999.000
-9999.000 -9999.000 -9999.000 -9999.000 -9999.000 -9999.000 -9999.000 -9999.000 -9999.000 -9999.000 -9999.000 -9999.000 -9999.000 -9999.000 -9999.000 0.4763972 0.4765839 0.4765629 0.4765005 0.4764086 0.4762953 0.4761683 0.4760340 0.4758990 0.4757644 0.4756250 0.4754646 0.4752463 0.4749014 0.4749718 0.4749718 -9999.000 -9999.000 -9999.000 -9999.000 -9999.000 -9999.000 -9999.000 -9999.000 -9999.000 -9999.000 -9999.000 -9999.000 -9999.000 -9999.000 -9999.000 -9999.000 -9999.000 -9999.000 -9999.000 -9999.000 -9999.000 -9999.000 -9999.000 -9999.000 -9999.000 -9999.000 -9999.000 -9999.000
-9999.000 -9999.000 -9999.000 -9999.000 -9999.000 -9999.000 -9999.000 -9999.000 -9999.000 -9999.000 -9999.000 -9999.000 -9999.000 -9999.000 -9999.000 0.4783639 0.4785781 0.4785616 0.4785037 0.4784170 0.4783101 0.4781907 0.4780654 0.4779405 0.4778164 0.4776862 0.4775315 0.4773111 0.4769495 0.4770156 0.4770156 -9999.000 -9999.000 -9999.000 -9999.000 -9999.000 -9999.000 -9999.000 -9999.000 -9999.000 -9999.000 -9999.000 -9999.000 -9999.000 -9999.000 -9999.000 -9999.000 -9999.000 -9999.000 -9999.000 -9999.000 -9999.000 -9999.000 -9999.000 -9999.000 -9999.000 -9999.000 -9999.000 -9999.000
-9999.000 -9999.000 -9999.000 -9999.000 -9999.000 -9999.000 -9999.000 -9999.000 -9999.000 -9999.000 -9999.000 -9999.000 -9999.000 -9999.000 -9999.000 0.4803632 0.4805974 0.4805833 0.4805275 0.4804428 0.4803380 0.4802211 0.4800985 0.4799766 0.4798551 0.4797263 0.4795696 0.4793400 0.4789540 0.4790006 0.4790006 -9999.000 -9999.000 -9999.000 -9999.000 -9999.000 -9999.000 -9999.000 -9999.000 -9999.000 -9999.000 -9999.000 -9999.000 -9999.000 -9999.000 -9999.000 -9999.000 -9999.000 -9999.000 -9999.000 -9999.000 -9999.000 -9999.000 -9999.000 -9999.000 -9999.000 -9999.000 -9999.000 -9999.000
-9999.000 -9999.000 -9999.000 -9999.000 -9999.000 -9999.000 -9999.000 -9999.000 -9999.000 -9999.000 -9999.000 -9999.000 -9999.000 -9999.000 -9999.000 0.4823818 0.4826311 0.4826179 0.4825622 0.4824769 0.4823712 0.4822531 0.4821292 0.4820061 0.4818831 0.4817514 0.4815881 0.4813443 0.4809268 0.4809397 0.4809397 -9999.000 -9999.000 -9999.000 -9999.000 -9999.000 -9999.000 -9999.000 -9999.000 -9999.000 -9999.000 -9999.000 -9999.000 -9999.000 -9999.000 -9999.000 -9999.000 -9999.000 -9999.000 -9999.000 -9999.000 -9999.000 -9999.000 -9999.000 -9999.000 -9999.000 -9999.000 -9999.000 -9999.000
-9999.000 -9999.000 -9999.000 -9999.000 -9999.000 -9999.000 -9999.000 -9999.000 -9999.000 -9999.000 -9999.000 -9999.000 -9999.000 -9999.000 -9999.000 0.4844107 0.4846719 0.4846582 0.4846013 0.4845137 0.4844050 0.4842835 0.4841559 0.4840290 0.4839018 0.4837643 0.4835915 0.4833293 0.4828728 0.4828370 0.4828370 -9999.000 -9999.000 -9999.000 -9999.000 -9999.000 -9999.000 -9999.000 -9999.000 -9999.000 -9999.000 -9999.000 -9999.000 -9999.000 -9999.000 -9999.000 -9999.000 -9999.000 -9999.000 -9999.000 -9999.000 -9999.000 -9999.000 -9999.000 -9999.000 -9999.000 -9999.000 -9999.000 -9999.000
-9999.000 -9999.000 -9999.000 -9999.000 -9999.000 -9999.000 -9999.000 -9999.000 -9999.000 -9999.000 -9999.000 -9999.000 -9999.000 -9999.000 -9999.000 0.4864443 0.4867150 0.4867000 0.4866408 0.4865497 0.4864365 0.4863099 0.4861770 0.4860446 0.4859116 0.4857666 0.4855817 0.4852971 0.4847932 0.4846901 0.4846901 -9999.000 -9999.000 -9999.000 -9999.000 -9999.000 -9999.000 -9999.000 -9999.000 -9999.000 -9999.000 -9999.000 -9999.000 -9999.000 -9999.000 -9999.000 -9999.000 -9999.000 -9999.000 -9999.000 -9999.000 -9999.000 -9999.000 -9999.000 -9999.000 -9999.000 -9999.000 -9999.000 -9999.000
-9999.000 -9999.000 -9999.000 -9999.000 -9999.000 -9999.000 -9999.000 -9999.000 -9999.000 -9999.000 -9999.000 -9999.000 -9999.000 -9999.000 -9999.000 0.4884784 0.4887572 0.4887398 0.4886776 0.4885820 0.4884632 0.4883305 0.4881910 0.4880521 0.4879120 0.4877580 0.4875588 0.4872473 0.4866861 0.4864908 0.4864908 -9999.000 -9999.000 -9999.000 -9999.000 -9999.000 -9999.000 -9999.000 -9999.000 -9999.000 -9999.000 -9999.000 -9999.000 -9999.000 -9999.000 -9999.000 -9999.000 -9999.000 -9999.000 -9999.000 -9999.000 -9999.000 -9999.000 -9999.000 -9999.000 -9999.000 -9999.000 -9999.000 -9999.000
-9999.000 -9999.000 -9999.000 -9999.000 -9999.000 -9999.000 -9999.000 -9999.000 -9999.000 -9999.000 -9999.000 -9999.000 -9999.000 -9999.000 -9999.000 0.4905099 0.4907956 0.4907751 0.4907090 0.4906081 0.4904830 0.4903431 0.4901961 0.4900497 0.4899018 0.4897374 0.4895214 0.4891780 0.4885469 0.4882241 0.4882241 -9999.000 -9999.000 -9999.000 -9999.000 -9999.000 -9999.000 -9999.000 -9999.000 -9999.000 -9999.000 -9999.000 -9999.000 -9999.000 -9999.000 -9999.000 -9999.000 -9999.000 -9999.000 -9999.000 -9999.000 -9999.000 -9999.000 -9999.000 -9999.000 -9999.000 -9999.000 -9999.000 -9999.000
-9999.000 -9999.000 -9999.000 -9999.000 -9999.000 -9999.000 -9999.000 -9999.000 -9999.000 -9999.000 -9999.000 -9999.000 -9999.000 -9999.000 -9999.000 0.4925357 0.4928277 0.4928032 0.4927326 0.4926256 0.4924931 0.4923453 0.4921899 0.4920351 0.4918784 0.4917021 0.4914664 0.4910844 0.4903675 0.4898655 0.4898655 -9999.000 -9999.000 -9999.000 -9999.000 -9999.000 -9999.000 -9999.000 -9999.000 -9999.000 -9999.000 -9999.000 -9999.000 -9999.000 -9999.000 -9999.000 -9999.000 -9999.000 -9999.000 -9999.000 -9999.000 -9999.000 -9999.000 -9999.000 -9999.000 -9999.000 -9999.000 -9999.000 -9999.000
-9999.000 -9999.000 -9999.000 -9999.000 -9999.000 -9999.000 -9999.000 -9999.000 -9999.000 -9999.000 -9999.000 -9999.000 -9999.000 -9999.000 -9999.000 0.4945525 0.4948505 0.4948211 0.4947453 0.4946313 0.4944906 0.4943338 0.4941691 0.4940049 0.4938381 0.4936481 0.4933885 0.4929592 0.4921350 0.4913749 0.4913749 -9999.000 -9999.000 -9999.000 -9999.000 -9999.000 -9999.000 -9999.000 -9999.000 -9999.000 -9999.000 -9999.000 -9999.000 -9999.000 -9999.000 -9999.000 -9999.000 -9999.000 -9999.000 -9999.000 -9999.000 -9999.000 -9999.000 -9999.000 -9999.000 -9999.000 -9999.000 -9999.000 -9999.000
-9999.000 -9999.000 -9999.000 -9999.000 -9999.000 -9999.000 -9999.000 -9999.000 -9999.000 -9999.000 -9999.000 -9999.000 -9999.000 -9999.000 -9999.000 0.4965555 0.4968600 0.4968246 0.4967428 0.4966210 0.4964710 0.4963040 0.4961287 0.4959537 0.4957752 0.4955683 0.4952793 0.4947903 0.4938297 0.4926866 0.4926866 -9999.000 -9999.000 -9999.000 -9999.000 -9999.000 -9999.000 -9999.000 -9999.000 -9999.000 -9999.000 -9999.000 -9999.000 -9999.000 -9999.000 -9999.000 -9999.000 -9999.000 -9999.000 -9999.000 -9999.000 -9999.000 -9999.000 -9999.000 -9999.000 -9999.000 -9999.000 -9999.000 -9999.000
-9999.000 -9999.000 -9999.000 -9999.000 -9999.000 -9999.000 -9999.000 -9999.000 -9999.000 -9999.000 -9999.000 -9999.000 -9999.000 -9999.000 -9999.000 0.4985377 0.4988503 0.4988079 0.4987192 0.4985882 0.4984275 0.4982488 0.4980610 0.4978732 0.4976801 0.4974517 0.4971245 0.4965583 0.4954198 0.4936862 0.4936862 -9999.000 -9999.000 -9999.000 -9999.000 -9999.000 -9999.000 -9999.000 -9999.000 -9999.000 -9999.000 -9999.000 -9999.000 -9999.000 -9999.000 -9999.000 -9999.000 -9999.000 -9999.000 -9999.000 -9999.000 -9999.000 -9999.000 -9999.000 -9999.000 -9999.000 -9999.000 -9999.000 -9999.000
-9999.000 -9999.000 -9999.000 -9999.000 -9999.000 -9999.000 -9999.000 -9999.000 -9999.000 -9999.000 -9999.000 -9999.000 -9999.000 -9999.000 -9999.000 0.5004779 0.5008057 0.5007570 0.5006621 0.5005223 0.5003502 0.5001584 0.4999556 0.4997513 0.4995387 0.4992808 0.4989016 0.4982305 0.4968519 0.4941660 0.4941660 -9999.000 -9999.000 -9999.000 -9999.000 -9999.000 -9999.000 -9999.000 -9999.000 -9999.000 -9999.000 -9999.000 -9999.000 -9999.000 -9999.000 -9999.000 -9999.000 -9999.000 -9999.000 -9999.000 -9999.000 -9999.000 -9999.000 -9999.000 -9999.000 -9999.000 -9999.000 -9999.000 -9999.000
-9999.000 -9999.000 -9999.000 -9999.000 -9999.000 -9999.000 -9999.000 -9999.000 -9999.000 -9999.000 -9999.000 -9999.000 -9999.000 -9999.000 -9999.000 0.5008149 0.5020887 0.5023770 0.5025208 0.5025387 0.5024602 0.5023138 0.5021229 0.5019102 0.5016767 0.5013797 0.5009214 0.5000718 0.4982544 0.4933109 0.4933109 -9999.000 -9999.000 -9999.000 -9999.000 -9999.000 -9999.000 -9999.000 -9999.000 -9999.000 -9999.000 -9999.000 -9999.000 -9999.000 -9999.000 -9999.000 -9999.000 -9999.000 -9999.000 -9999.000 -9999.000 -9999.000 -9999.000 -9999.000 -9999.000 -9999.000 -9999.000 -9999.000 -9999.000
0.5293389 0.5293389 0.5168291 0.5027985 0.4992193 0.4992193 0.4962156 0.4911503 0.4911503 0.4868534 0.4868534 0.4830717 0.4813339 0.4796856 0.4781196 0.4781196 0.5079044 0.5083296 0.5086491 0.5092077 0.5100722 0.5111868 0.5124378 0.5136812 0.5146545 0.5148993 0.5136156 0.5092508 0.4983521 0.4667546 0.4667546 0.2991006 0.2769737 0.2721310 0.2717028 0.2717028 0.2740462 0.2740462 0.2902595 0.2902595 0.3090492 0.3850376 0.3850376 0.4109547 0.4109547 0.4154341 0.4154341 0.4154341 0.4076769 0.4076769 0.3993068 0.3993068 0.3907229 0.3907229 0.3827577 0.3827577 0.3760290 0.3760290 0.3760290
0.5280378 0.5280378 0.5147221 0.5020779 0.4984923 0.4984923 0.4954841 0.4904221 0.4904221 0.4861370 0.4861370 0.4823691 0.4806379 0.4789958 0.4774354 0.4774354 0.5015585 0.5027677 0.5017355 0.5002864 0.4991619 0.4986119 0.4986773 0.4995492 0.5009040 0.5021469 0.5026869 0.5011673 0.4947746 0.4749884 0.4749884 0.3562793 0.3168551 0.2848980 0.2782395 0.2782395 0.2760186 0.2760186 0.2902318 0.2902318 0.3057714 0.3732920 0.3732920 0.4116795 0.4116795 0.4169995 0.4169995 0.4169995 0.4080643 0.4080643 0.3994515 0.3994515 0.3907812 0.3907812 0.3827664 0.3827664 0.3759721 0.3759721 0.3759721
0.5273125 0.5273125 0.5137887 0.5020928 0.4985056 0.4985056 0.4954835 0.4904005 0.4904005 0.4861080 0.4861080 0.4823374 0.4806049 0.4789615 0.4773994 0.4773994 0.4966723 0.4985310 0.4966045 0.4935119 0.4905706 0.4882976 0.4868560 0.4863845 0.4866996 0.4874007 0.4879954 0.4874472 0.4835529 0.4699524 0.4699524 0.3837473 0.3433776 0.2997938 0.2891011 0.2891011 0.2841508 0.2841508 0.2985699 0.2985699 0.3122082 0.3639765 0.3639765 0.4073478 0.4073478 0.4167593 0.4167593 0.4167593 0.4087640 0.4087640 0.3997842 0.3997842 0.3909103 0.3909103 0.3828141 0.3828141 0.3760419 0.3760419 0.3760419
0.5267318 0.5267318 0.5130598 0.5021084 0.4985379 0.4985379 0.4955060 0.4904023 0.4904023 0.4861047 0.4861047 0.4823359 0.4806044 0.4789615 0.4773998 0.4773998 0.4917191 0.4936400 0.4910850 0.4867378 0.4823021 0.4785384 0.4757300 0.4740323 0.4733471 0.4733647 0.4736387 0.4732782 0.4704038 0.4599694 0.4599694 0.4005880 0.3623584 0.3159634 0.3042582 0.3042582 0.3003455 0.3003455 0.3150998 0.3150998 0.3259967 0.3605275 0.3605275 0.3991289 0.3991289 0.4143577 0.4143577 0.4143577 0.4079281 0.4079281 0.3991215 0.3991215 0.3902683 0.3902683 0.3823074 0.3823074 0.3757620 0.3757620 0.3757620
0.5262881 0.5262881 0.5125102 0.5021144 0.4985691 0.4985691 0.4955304 0.4904052 0.4904052 0.4861018 0.4861018 0.4823347 0.4806044 0.4789621 0.4774008 0.4774008 0.4867252 0.4877998 0.4845098 0.4791061 0.4733947 0.4683112 0.4642608 0.4614390 0.4598168 0.4591597 0.4590701 0.4587811 0.4567067 0.4488649 0.4488649 0.4078742 0.3745026 0.3324766 0.3234616 0.3234616 0.3247727 0.3247727 0.3377736 0.3377736 0.3442999 0.3620625 0.3620625 0.3891887 0.3891887 0.4087033 0.4087033 0.4087033 0.4050635 0.4050635 0.3973716 0.3973716 0.3890328 0.3890328 0.3814892 0.3814892 0.3753762 0.3753762 0.3753762
0.5259759 0.5259759 0.5121268 0.5021142 0.4985943 0.4985943 0.4955518 0.4904082 0.4904082 0.4860993 0.4860993 0.4823336 0.4806041 0.4789625 0.4774015 0.4774015 0.4817491 0.4810841 0.4767103 0.4702912 0.4634586 0.4571985 0.4520063 0.4481294 0.4456073 0.4442828 0.4438193 0.4435615 0.4421840 0.4365951 0.4365951 0.4085527 0.3817607 0.3512413 0.3483891 0.3483891 0.3556274 0.3556274 0.3624060 0.3624060 0.3634033 0.3669227 0.3669227 0.3808416 0.3808416 0.4003720 0.4003720 0.4003720 0.4000369 0.4000369 0.3943548 0.3943548 0.3871527 0.3871527 0.3804020 0.3804020 0.3749782 0.3749782 0.3749782
0.5257905 0.5257905 0.5119001 0.5021120 0.4986107 0.4986107 0.4955661 0.4904104 0.4904104 0.4860977 0.4860977 0.4823327 0.4806039 0.4789627 0.4774019 0.4774019 0.4766387 0.4734972 0.4675814 0.4600555 0.4522006 0.4449100 0.4387008 0.4338575 0.4304792 0.4284869 0.4276205 0.4273393 0.4265605 0.4229939 0.4229939 0.4048793 0.3867389 0.3760549 0.3807053 0.3807053 0.3884930 0.3884930 0.3848871 0.3848871 0.3805615 0.3734515 0.3734515 0.3758776 0.3758776 0.3908881 0.3908881 0.3908881 0.3932009 0.3932009 0.3900092 0.3900092 0.3845381 0.3845381 0.3790299 0.3790299 0.3746023 0.3746023 0.3746023
0.5257289 0.5257289 0.5118251 0.5021110 0.4986163 0.4986163 0.4955713 0.4904112 0.4904112 0.4860972 0.4860972 0.4823323 0.4806038 0.4789627 0.4774020 0.4774020 0.4710585 0.4648828 0.4569704 0.4481583 0.4393207 0.4311419 0.4240758 0.4184028 0.4142582 0.4116299 0.4103409 0.4099714 0.4096895 0.4080891 0.4080891 0.3990442 0.3936171 0.4100159 0.4185095 0.4185095 0.4177888 0.4177888 0.4031795 0.4031795 0.3948290 0.3805405 0.3805405 0.3743115 0.3743115 0.3818943 0.3818943 0.3818943 0.3853240 0.3853240 0.3844975 0.3844975 0.3811674 0.3811674 0.3773482 0.3773482 0.3742466 0.3742466 0.3742466
0.5257905 0.5257905 0.5119001 0.5021120 0.4986106 0.4986106 0.4955661 0.4904105 0.4904105 0.4860977 0.4860977 0.4823327 0.4806038 0.4789627 0.4774019 0.4774019 0.4644991 0.4548780 0.4446019 0.4343064 0.4244865 0.4155528 0.4078175 0.4015034 0.3967447 0.3935724 0.3918850 0.3913859 0.3915442 0.3923171 0.3923171 0.3945898 0.4093839 0.4508016 0.4548884 0.4548884 0.4401914 0.4401914 0.4173925 0.4173925 0.4064712 0.3875431 0.3875431 0.3752226 0.3752226 0.3745137 0.3745137 0.3745137 0.3773485 0.3773485 0.3782267 0.3782267 0.3771470 0.3771470 0.3753678 0.3753678 0.3738966 0.3738966 0.3738966
0.5259759 0.5259759 0.5121267 0.5021141 0.4985943 0.4985943 0.4955517 0.4904083 0.4904083 0.4860993 0.4860993 0.4823335 0.4806040 0.4789625 0.4774014 0.4774014 0.4562362 0.4428662 0.4299982 0.4180875 0.4072979 0.3977492 0.3895593 0.3828408 0.3776847 0.3741321 0.3721370 0.3715260 0.3722439 0.3771964 0.3771964 0.3988615 0.4423506 0.4888157 0.4826235 0.4826235 0.4560553 0.4560553 0.4284630 0.4284630 0.4160109 0.3940382 0.3940382 0.3775316 0.3775316 0.3691615 0.3691615 0.3691615 0.3701085 0.3701085 0.3717743 0.3717743 0.3727365 0.3727365 0.3731699 0.3731699 0.3735446 0.3735446 0.3735446
0.5262881 0.5262881 0.5125102 0.5021143 0.4985690 0.4985690 0.4955304 0.4904053 0.4904053 0.4861018 0.4861018 0.4823347 0.4806043 0.4789621 0.4774007 0.4774007 0.4452109 0.4278837 0.4123829 0.3988791 0.3872236 0.3772523 0.3688654 0.3620301 0.3567558 0.3530603 0.3509256 0.3503237 0.3523010 0.3675056 0.3675056 0.4245249 0.4933921 0.5148423 0.5012271 0.5012271 0.4673137 0.4673137 0.4371046 0.4371046 0.4237460 0.3996892 0.3996892 0.3803426 0.3803426 0.3656971 0.3656971 0.3656971 0.3641446 0.3641446 0.3657554 0.3657554 0.3683258 0.3683258 0.3709203 0.3709203 0.3732024 0.3732024 0.3732024
