simulation_files/asc/Depth____101.0.asc
NCOLS       411
NROWS       131
XLLCENTER    2538020.000000
YLLCENTER    1152390.000000
CELLSIZE           1.000
NODATA_VALUE     -9999.0
[rows 54 to 80 of 131, columns 59 to 117 of 411]
0.2706594 0.2840534 0.3057776 0.3362972 0.3787062 0.4350214 0.4959715 0.5333955 0.5449445 0.5591941 0.5789213 0.5997838 0.6155343 0.6417716 0.6646050 0.6765335 0.6739435 0.6539552 0.6476100 0.6604975 0.6810218 0.6967806 0.7103668 0.7217133 0.7289737 0.7341506 0.7393910 0.7353823 0.7312787 0.7305296 0.7294798 0.7240415 0.6992320 0.6759403 0.6781483 0.6923986 0.6966664 0.7095714 0.7406833 0.7545348 0.7562875 0.7844841 0.8160769 0.8135240 0.8116653 0.8138991 0.8234048 0.8612348 0.8898970 0.9282498 0.9754617 1.000573 1.001897 0.9834406 0.9319721 0.8771596 0.8342971 0.8248938 0.8274014
0.2686621 0.2925701 0.3242209 0.3634894 0.4114624 0.4625921 0.5001708 0.5163138 0.5246100 0.5395760 0.5625570 0.5881372 0.6206895 0.6522734 0.6747090 0.6825945 0.6666462 0.6484505 0.6495148 0.6677035 0.6883174 0.6986182 0.7010892 0.6957802 0.6894448 0.6888065 0.6840875 0.6763914 0.6743831 0.6751223 0.6746227 0.6609001 0.6403551 0.6346304 0.6474271 0.6603264 0.6752552 0.6988991 0.7170916 0.7233592 0.7373582 0.7615430 0.7732307 0.7624945 0.7597998 0.7579190 0.7745176 0.7972096 0.7896326 0.8008292 0.8608198 0.9112127 0.9084250 0.9084626 0.8822013 0.8530910 0.8129011 0.7870487 0.7806285
0.2878703 0.3163646 0.3488239 0.3855457 0.4258618 0.4611722 0.4795129 0.4867079 0.4978412 0.5185498 0.5455597 0.5787425 0.6232719 0.6582159 0.6776349 0.6743190 0.6466611 0.6308006 0.6366271 0.6537130 0.6656813 0.6632064 0.6560349 0.6426578 0.6330086 0.6296889 0.6201921 0.6145474 0.6169515 0.6189379 0.6163583 0.6000164 0.5876924 0.5947726 0.6143254 0.6328702 0.6571450 0.6784791 0.6890248 0.6966157 0.7160654 0.7282138 0.7235849 0.7134446 0.7071830 0.6888776 0.7029069 0.7112828 0.6930029 0.6821071 0.7285815 0.7953887 0.7911364 0.8022197 0.7951778 0.7896121 0.7759804 0.7618253 0.7431848
0.3173246 0.3444075 0.3739314 0.4070883 0.4382698 0.4555141 0.4591499 0.4651607 0.4843101 0.5136403 0.5429528 0.5848191 0.6254100 0.6508072 0.6565251 0.6290828 0.6010491 0.5970010 0.6054672 0.6167234 0.6140209 0.6038101 0.5915589 0.5794463 0.5772601 0.5699800 0.5635278 0.5668335 0.5708692 0.5740887 0.5629064 0.5477556 0.5451374 0.5576941 0.5731252 0.5969409 0.6185407 0.6252857 0.6340975 0.6419599 0.6575238 0.6532582 0.6432104 0.6371426 0.6277229 0.6144413 0.6267280 0.6302241 0.6142420 0.5917835 0.6174690 0.6464108 0.6767568 0.6702366 0.6933960 0.7009144 0.7059454 0.7010495 0.6914839
0.3441162 0.3742533 0.4062845 0.4374520 0.4590597 0.4642819 0.4631253 0.4725133 0.4972817 0.5276627 0.5591263 0.5931336 0.6142076 0.6167215 0.5941775 0.5556765 0.5370569 0.5411938 0.5512005 0.5541603 0.5441638 0.5310946 0.5194947 0.5155938 0.5169652 0.5145024 0.5180716 0.5263990 0.5323150 0.5300455 0.5153267 0.5052454 0.5086272 0.5181845 0.5315780 0.5471576 0.5481863 0.5475195 0.5555247 0.5550056 0.5667112 0.5525044 0.5451051 0.5459196 0.5489600 0.5682902 0.5637082 0.5323375 0.5178231 0.4985991 0.5049127 0.5300926 0.5479211 0.5609372 0.5841884 0.6064947 0.6195493 0.6305737 0.6263443
0.3593521 0.4006885 0.4407365 0.4679332 0.4794336 0.4757284 0.4730754 0.4871691 0.5139447 0.5371560 0.5636216 0.5829365 0.5809033 0.5627172 0.5135343 0.4778868 0.4731652 0.4775955 0.4878056 0.4881907 0.4828842 0.4741221 0.4654219 0.4718479 0.4725737 0.4745923 0.4825316 0.4881154 0.4939799 0.4841918 0.4654969 0.4631119 0.4661339 0.4686211 0.4842546 0.4873104 0.4652269 0.4612403 0.4649924 0.4602334 0.4690457 0.4535308 0.4469370 0.4483646 0.4429666 0.4874284 0.4495340 0.3999667 0.3964761 0.3975068 0.4103643 0.4362394 0.4516005 0.4664192 0.4887291 0.5140272 0.5313003 0.5413713 0.5411127
0.3720009 0.4192381 0.4536778 0.4684902 0.4672569 0.4622679 0.4642478 0.4811405 0.5036481 0.5241611 0.5417772 0.5453700 0.5291934 0.4894592 0.4464924 0.4261979 0.4223298 0.4255601 0.4336770 0.4429155 0.4480286 0.4457333 0.4464260 0.4494332 0.4499554 0.4499932 0.4479374 0.4467934 0.4396444 0.4191943 0.4076903 0.4078168 0.4069221 0.4068803 0.4088024 0.3974811 0.3853390 0.3819128 0.3839126 0.3845378 0.3769354 0.3642907 0.3571909 0.3188527 0.2728039 0.2639476 0.2426503 0.2195042 0.2496064 0.2940979 0.3392466 0.3723492 0.3857493 0.3908913 0.3966350 0.4131419 0.4271447 0.4229421 0.4139207
0.3829399 0.4218686 0.4403833 0.4384818 0.4273605 0.4232437 0.4288521 0.4500680 0.4703202 0.4872518 0.5005424 0.4939436 0.4655479 0.4215512 0.3947479 0.3879161 0.3867100 0.3931055 0.4051769 0.4203681 0.4303868 0.4316301 0.4362026 0.4360835 0.4337006 0.4254437 0.4132249 0.4049546 0.3849650 0.3635975 0.3535893 0.3470072 0.3399011 0.3419345 0.3419922 0.3279582 0.3251074 0.3250465 0.3261929 0.3205139 0.2924994 0.2441628 0.2087684 0.1650915 0.1230820 -9999.000 -9999.000 0.7781902E-01 0.1289553 0.2065043 0.2775507 0.3239642 0.3354777 0.3297353 0.3208356 0.3201947 0.3102680 0.2746951 0.2498147
0.3787556 0.3966603 0.3944089 0.3820346 0.3749197 0.3750478 0.3881511 0.4091294 0.4227153 0.4356433 0.4407941 0.4211105 0.3878877 0.3690466 0.3659168 0.3641136 0.3673904 0.3783218 0.3919711 0.4055714 0.4109060 0.4131887 0.4104551 0.4055522 0.3937966 0.3749355 0.3608635 0.3412849 0.3202575 0.3026888 0.2949408 0.2925600 0.2933807 0.2984817 0.2944524 0.2906084 0.2894927 0.2836974 0.2766782 0.2414792 0.1772500 0.1502294 -9999.000 -9999.000 -9999.000 -9999.000 -9999.000 -9999.000 -9999.000 0.1380775 0.2060895 0.2563025 0.2703654 0.2541224 0.2245626 0.1974899 0.1581921 0.1144693 0.8440115E-01
0.3461247 0.3467193 0.3347109 0.3250181 0.3243990 0.3304720 0.3491252 0.3693280 0.3808071 0.3929507 0.3912061 0.3648116 0.3417159 0.3425576 0.3492394 0.3508240 0.3571675 0.3688737 0.3809511 0.3894771 0.3893964 0.3848426 0.3728645 0.3580470 0.3359140 0.3134600 0.2965167 0.2747839 0.2595773 0.2612972 0.2606971 0.2658446 0.2676102 0.2676780 0.2654210 0.2656677 0.2624919 0.2474297 0.2150864 0.1530291 0.9115874E-01 -9999.000 -9999.000 -9999.000 -9999.000 -9999.000 -9999.000 -9999.000 -9999.000 0.7811391E-01 0.1191279 0.1581776 0.1650694 0.1412515 0.1113858 0.8497290E-01 0.5808773E-01 0.2800661E-01 0.1041970E-01
0.2964986 0.2876278 0.2795927 0.2809223 0.2844266 0.2973988 0.3228201 0.3420853 0.3613769 0.3778766 0.3696733 0.3391990 0.3320941 0.3392681 0.3405293 0.3423384 0.3480696 0.3552856 0.3637195 0.3646416 0.3594277 0.3428910 0.3232885 0.3006617 0.2767325 0.2651559 0.2487230 0.2382102 0.2438963 0.2508779 0.2545675 0.2543300 0.2512791 0.2484089 0.2449839 0.2440774 0.2258024 0.1852079 0.1123444 -9999.000 -9999.000 -9999.000 -9999.000 -9999.000 -9999.000 -9999.000 -9999.000 -9999.000 -9999.000 -9999.000 0.4470010E-01 0.6183793E-01 -9999.000 -9999.000 -9999.000 -9999.000 -9999.000 -9999.000 -9999.000
0.2395820 0.2361762 0.2395363 0.2488047 0.2607018 0.2831948 0.3114710 0.3369586 0.3623431 0.3767401 0.3649228 0.3446576 0.3416658 0.3417364 0.3371349 0.3352399 0.3354178 0.3363803 0.3364263 0.3302681 0.3146047 0.2918318 0.2710700 0.2531560 0.2434093 0.2398367 0.2339787 0.2369398 0.2476129 0.2544521 0.2492507 0.2449531 0.2415569 0.2342827 0.2237930 0.2091033 0.1602855 0.9719995E-01 0.3847130E-01 -9999.000 -9999.000 -9999.000 -9999.000 -9999.000 -9999.000 -9999.000 -9999.000 -9999.000 -9999.000 -9999.000 -9999.000 -9999.000 -9999.000 -9999.000 -9999.000 -9999.000 -9999.000 -9999.000 -9999.000
0.1822634 0.1904602 0.2108755 0.2283087 0.2482777 0.2810382 0.3101409 0.3401373 0.3685518 0.3809848 0.3644816 0.3514198 0.3531746 0.3419879 0.3308525 0.3257222 0.3188297 0.3122195 0.3038923 0.2910005 0.2678743 0.2474794 0.2360854 0.2295781 0.2363826 0.2342289 0.2346101 0.2410877 0.2532160 0.2526816 0.2421852 0.2325921 0.2231485 0.2077241 0.1861565 0.1454491 0.9013315E-01 0.4056982E-01 -9999.000 -9999.000 -9999.000 -9999.000 -9999.000 -9999.000 -9999.000 -9999.000 -9999.000 -9999.000 -9999.000 -9999.000 -9999.000 -9999.000 -9999.000 -9999.000 -9999.000 -9999.000 -9999.000 -9999.000 -9999.000
0.1245278 0.1628435 0.1913680 0.2196686 0.2502908 0.2814448 0.3099104 0.3370859 0.3557185 0.3551012 0.3409393 0.3319848 0.3244750 0.3115745 0.3029268 0.2980948 0.2902835 0.2790827 0.2664181 0.2508109 0.2345602 0.2248144 0.2236499 0.2293078 0.2379374 0.2412533 0.2428076 0.2504812 0.2561544 0.2494832 0.2331793 0.2146146 0.1930219 0.1720143 0.1442642 0.1013840 0.4580387E-01 -9999.000 -9999.000 -9999.000 -9999.000 -9999.000 -9999.000 -9999.000 -9999.000 -9999.000 -9999.000 -9999.000 -9999.000 -9999.000 -9999.000 -9999.000 -9999.000 -9999.000 -9999.000 -9999.000 -9999.000 -9999.000 -9999.000
0.7676010E-01 0.1226864 0.1668673 0.2110019 0.2505125 0.2812522 0.3062271 0.3256933 0.3283184 0.3110009 0.2898831 0.2811528 0.2710231 0.2596817 0.2585835 0.2596851 0.2546973 0.2443646 0.2331182 0.2215443 0.2137573 0.2127467 0.2191621 0.2286383 0.2388779 0.2427192 0.2452720 0.2514987 0.2538977 0.2430853 0.2207037 0.1941290 0.1679272 0.1419372 0.1100688 0.6862618E-01 0.2508923E-01 -9999.000 -9999.000 -9999.000 -9999.000 -9999.000 -9999.000 -9999.000 -9999.000 -9999.000 -9999.000 -9999.000 -9999.000 -9999.000 -9999.000 -9999.000 -9999.000 -9999.000 -9999.000 -9999.000 -9999.000 -9999.000 -9999.000
-9999.000 0.7073272E-01 0.1269525 0.1837126 0.2384957 0.2671265 0.2853537 0.2871934 0.2736866 0.2516592 0.2351009 0.2268534 0.2217483 0.2200552 0.2236202 0.2267718 0.2234015 0.2169933 0.2110875 0.2076998 0.2100528 0.2140037 0.2218055 0.2327473 0.2431749 0.2496027 0.2537002 0.2579956 0.2552190 0.2361573 0.2064100 0.1770093 0.1445498 0.1139647 0.8187032E-01 0.4890480E-01 -9999.000 -9999.000 -9999.000 -9999.000 -9999.000 -9999.000 -9999.000 -9999.000 -9999.000 -9999.000 -9999.000 -9999.000 -9999.000 -9999.000 -9999.000 -9999.000 -9999.000 -9999.000 -9999.000 -9999.000 -9999.000 -9999.000 -9999.000
-9999.000 -9999.000 0.8998933E-01 0.1406085 0.1995043 0.2308576 0.2319695 0.2235016 0.2083934 0.1960844 0.1899146 0.1891645 0.1918469 0.1962457 0.2011280 0.2027390 0.2009430 0.1986799 0.1996448 0.2032270 0.2106126 0.2218776 0.2353431 0.2520018 0.2660606 0.2695851 0.2667840 0.2637617 0.2557919 0.2316782 0.1947918 0.1613456 0.1262488 0.9920370E-01 0.7065296E-01 0.4095649E-01 0.2112590E-01 -9999.000 -9999.000 -9999.000 -9999.000 -9999.000 -9999.000 -9999.000 -9999.000 -9999.000 -9999.000 -9999.000 -9999.000 -9999.000 -9999.000 -9999.000 -9999.000 -9999.000 -9999.000 -9999.000 -9999.000 -9999.000 -9999.000
-9999.000 -9999.000 -9999.000 0.8781431E-01 0.1204959 0.1592714 0.1623954 0.1563700 0.1605494 0.1637244 0.1679261 0.1739347 0.1798619 0.1856696 0.1899978 0.1898687 0.1875602 0.1868325 0.1901876 0.2052821 0.2201161 0.2458614 0.2706764 0.2855234 0.2967647 0.2835447 0.2640047 0.2506476 0.2360368 0.2087559 0.1728832 0.1396816 0.1064936 0.7918459E-01 0.5408172E-01 0.3319239E-01 -9999.000 -9999.000 -9999.000 -9999.000 -9999.000 -9999.000 -9999.000 -9999.000 -9999.000 -9999.000 -9999.000 -9999.000 -9999.000 -9999.000 -9999.000 -9999.000 -9999.000 -9999.000 -9999.000 -9999.000 -9999.000 -9999.000 -9999.000
-9999.000 -9999.000 -9999.000 -9999.000 0.4476765E-01 0.7283421E-01 0.9583714E-01 0.1104430 0.1331893 0.1473151 0.1582180 0.1672316 0.1735603 0.1785895 0.1810619 0.1796403 0.1768640 0.1772609 0.1842276 0.2062542 0.2387730 0.2799805 0.2965953 0.3005305 0.2990415 0.2787670 0.2495445 0.2304375 0.2059784 0.1820442 0.1503220 0.1137377 0.8920254E-01 0.6555374E-01 0.4434803E-01 0.2849418E-01 -9999.000 -9999.000 -9999.000 -9999.000 -9999.000 -9999.000 -9999.000 -9999.000 -9999.000 -9999.000 -9999.000 -9999.000 -9999.000 -9999.000 -9999.000 -9999.000 -9999.000 -9999.000 -9999.000 -9999.000 -9999.000 -9999.000 -9999.000
-9999.000 -9999.000 -9999.000 -9999.000 -9999.000 -9999.000 0.4258177E-01 0.6647866E-01 0.9500709E-01 0.1153214 0.1410067 0.1575805 0.1626865 0.1694230 0.1717889 0.1697509 0.1672436 0.1692876 0.1792976 0.2050101 0.2456425 0.2852506 0.2966745 0.2915814 0.2811619 0.2587824 0.2254523 0.2041635 0.1774197 0.1516793 0.1251401 0.9680334E-01 0.7006819E-01 0.5217856E-01 0.3473351E-01 0.2173555E-01 -9999.000 -9999.000 -9999.000 -9999.000 -9999.000 -9999.000 -9999.000 -9999.000 -9999.000 -9999.000 -9999.000 -9999.000 -9999.000 -9999.000 -9999.000 -9999.000 -9999.000 -9999.000 -9999.000 -9999.000 -9999.000 -9999.000 -9999.000
-9999.000 -9999.000 -9999.000 -9999.000 -9999.000 -9999.000 -9999.000 0.2367800E-01 -9999.000 0.8442326E-01 0.1154005 0.1340704 0.1462316 0.1542233 0.1572515 0.1582976 0.1590739 0.1613213 0.1748984 0.2024215 0.2452773 0.2700597 0.2764282 0.2645406 0.2479850 0.2253996 0.1972849 0.1748329 0.1524283 0.1283467 0.1056395 0.8345173E-01 0.6101784E-01 0.4359546E-01 0.2645065E-01 -9999.000 -9999.000 -9999.000 -9999.000 -9999.000 -9999.000 -9999.000 -9999.000 -9999.000 -9999.000 -9999.000 -9999.000 -9999.000 -9999.000 -9999.000 -9999.000 -9999.000 -9999.000 -9999.000 -9999.000 -9999.000 -9999.000 -9999.000 -9999.000
-9999.000 -9999.000 -9999.000 -9999.000 -9999.000 -9999.000 -9999.000 -9999.000 -9999.000 -9999.000 0.6937282E-01 0.8582025E-01 0.1093780 0.1249924 0.1328994 0.1404809 0.1413847 0.1513772 0.1686595 0.2002907 0.2265482 0.2433330 0.2457935 0.2335308 0.2173934 0.1940255 0.1728569 0.1500106 0.1330608 0.1125156 0.9313957E-01 0.7330699E-01 0.5336030E-01 0.3566402E-01 -9999.000 -9999.000 -9999.000 -9999.000 -9999.000 -9999.000 -9999.000 -9999.000 -9999.000 -9999.000 -9999.000 -9999.000 -9999.000 -9999.000 -9999.000 -9999.000 -9999.000 -9999.000 -9999.000 -9999.000 -9999.000 -9999.000 -9999.000 -9999.000 -9999.000
-9999.000 -9999.000 -9999.000 -9999.000 -9999.000 -9999.000 -9999.000 -9999.000 -9999.000 -9999.000 -9999.000 0.4382600E-01 0.5628851E-01 0.7824861E-01 0.8569078E-01 0.1008198 0.1100547 0.1196026 0.1405998 0.1788252 0.1864876 0.2049719 0.2060197 0.2010173 0.1888513 0.1724998 0.1480392 0.1368527 0.1188547 0.1017937 0.8071420E-01 0.5782457E-01 0.3941168E-01 -9999.000 -9999.000 -9999.000 -9999.000 -9999.000 -9999.000 -9999.000 -9999.000 -9999.000 -9999.000 -9999.000 -9999.000 -9999.000 -9999.000 -9999.000 -9999.000 -9999.000 -9999.000 -9999.000 -9999.000 -9999.000 -9999.000 -9999.000 -9999.000 -9999.000 -9999.000
-9999.000 -9999.000 -9999.000 -9999.000 -9999.000 -9999.000 -9999.000 -9999.000 -9999.000 -9999.000 -9999.000 -9999.000 -9999.000 -9999.000 0.4143533E-01 0.4439047E-01 0.5476918E-01 0.6815838E-01 0.8495402E-01 0.1028509 0.1254305 0.1470362 0.1516713 0.1620729 0.1556885 0.1455678 0.1451302 0.1235795 0.1006176 0.8094042E-01 0.5803587E-01 0.3589737E-01 -9999.000 -9999.000 -9999.000 -9999.000 -9999.000 -9999.000 -9999.000 -9999.000 -9999.000 -9999.000 -9999.000 -9999.000 -9999.000 -9999.000 -9999.000 -9999.000 -9999.000 -9999.000 -9999.000 -9999.000 -9999.000 -9999.000 -9999.000 -9999.000 -9999.000 -9999.000 -9999.000
-9999.000 -9999.000 -9999.000 -9999.000 -9999.000 -9999.000 -9999.000 -9999.000 -9999.000 -9999.000 -9999.000 -9999.000 -9999.000 -9999.000 -9999.000 -9999.000 -9999.000 -9999.000 -9999.000 -9999.000 -9999.000 -9999.000 0.8780998E-01 0.9726926E-01 0.7664841E-01 0.8388060E-01 -9999.000 0.7417671E-01 -9999.000 -9999.000 -9999.000 -9999.000 -9999.000 -9999.000 -9999.000 -9999.000 -9999.000 -9999.000 -9999.000 -9999.000 -9999.000 -9999.000 -9999.000 -9999.000 -9999.000 -9999.000 -9999.000 -9999.000 -9999.000 -9999.000 -9999.000 -9999.000 -9999.000 -9999.000 -9999.000 -9999.000 -9999.000 -9999.000 -9999.000
-9999.000 -9999.000 -9999.000 -9999.000 -9999.000 -9999.000 -9999.000 -9999.000 -9999.000 -9999.000 -9999.000 -9999.000 -9999.000 -9999.000 -9999.000 -9999.000 -9999.000 -9999.000 -9999.000 -9999.000 -9999.000 -9999.000 -9999.000 -9999.000 -9999.000 -9999.000 -9999.000 -9999.000 -9999.000 -9999.000 -9999.000 -9999.000 -9999.000 -9999.000 -9999.000 -9999.000 -9999.000 -9999.000 -9999.000 -9999.000 -9999.000 -9999.000 -9999.000 -9999.000 -9999.000 -9999.000 -9999.000 -9999.000 -9999.000 -9999.000 -9999.000 -9999.000 -9999.000 -9999.000 -9999.000 -9999.000 -9999.000 -9999.000 -9999.000
-9999.000 -9999.000 -9999.000 -9999.000 -9999.000 -9999.000 -9999.000 -9999.000 -9999.000 -9999.000 -9999.000 -9999.000 -9999.000 -9999.000 -9999.000 -9999.000 -9999.000 -9999.000 -9999.000 -9999.000 -9999.000 -9999.000 -9999.000 -9999.000 -9999.000 -9999.000 -9999.000 -9999.000 -9999.000 -9999.000 -9999.000 -9999.000 -9999.000 -9999.000 -9999.000 -9999.000 -9999.000 -9999.000 -9999.000 -9999.000 -9999.000 -9999.000 -9999.000 -9999.000 -9999.000 -9999.000 -9999.000 -9999.000 -9999.000 -9999.000 -9999.000 -9999.000 -9999.000 -9999.000 -9999.000 -9999.000 -9999.000 -9999.000 -9999.000
