simulation_files/asc/Depth____187.0.asc
NCOLS       411
NROWS       131
XLLCENTER    2538020.000000
YLLCENTER    1152390.000000
CELLSIZE           1.000
NODATA_VALUE     -9999.0
[rows 27 to 53 of 131, columns 59 to 117 of 411]
-9999.000 -9999.000 -9999.000 -9999.000 -9999.000 -9999.000 -9999.000 -9999.000 -9999.000 -9999.000 -9999.000 -9999.000 -9999.000 -9999.000 -9999.000 -9999.000 -9999.000 -9999.000 -9999.000 -9999.000 -9999.000 -9999.000 -9999.000 -9999.000 -9999.000 -9999.000 -9999.000 -9999.000 -9999.000 -9999.000 -9999.000 -9999.000 -9999.000 -9999.000 -9999.000 -9999.000 -9999.000 -9999.000 -9999.000 -9999.000 -9999.000 -9999.000 -9999.000 -9999.000 -9999.000 -9999.000 -9999.000 -9999.000 -9999.000 -9999.000 -9999.000 -9999.000 -9999.000 -9999.000 -9999.000 -9999.000 -9999.000 -9999.000 -9999.000
-9999.000 -9999.000 -9999.000 -9999.000 -9999.000 -9999.000 -9999.000 -9999.000 -9999.000 -9999.000 -9999.000 -9999.000 -9999.000 -9999.000 -9999.000 -9999.000 -9999.000 -9999.000 -9999.000 -9999.000 -9999.000 -9999.000 -9999.000 -9999.000 -9999.000 -9999.000 -9999.000 -9999.000 -9999.000 -9999.000 -9999.000 -9999.000 -9999.000 -9999.000 -9999.000 -9999.000 -9999.000 -9999.000 -9999.000 -9999.000 -9999.000 -9999.000 -9999.000 -9999.000 -9999.000 -9999.000 -9999.000 -9999.000 -9999.000 -9999.000 -9999.000 -9999.000 -9999.000 -9999.000 -9999.000 -9999.000 -9999.000 2.294005 2.252188
-9999.000 -9999.000 -9999.000 -9999.000 -9999.000 -9999.000 -9999.000 -9999.000 -9999.000 -9999.000 -9999.000 -9999.000 -9999.000 -9999.000 -9999.000 -9999.000 -9999.000 -9999.000 -9999.000 -9999.000 -9999.000 -9999.000 -9999.000 -9999.000 -9999.000 -9999.000 -9999.000 -9999.000 -9999.000 -9999.000 -9999.000 -9999.000 -9999.000 -9999.000 -9999.000 -9999.000 -9999.000 -9999.000 -9999.000 -9999.000 -9999.000 -9999.000 -9999.000 -9999.000 -9999.000 -9999.000 -9999.000 -9999.000 -9999.000 -9999.000 -9999.000 -9999.000 -9999.000 -9999.000 2.373468 2.356441 2.339433 2.298712 2.262047
-9999.000 -9999.000 -9999.000 -9999.000 -9999.000 -9999.000 -9999.000 -9999.000 -9999.000 -9999.000 -9999.000 -9999.000 -9999.000 -9999.000 -9999.000 -9999.000 -9999.000 -9999.000 -9999.000 -9999.000 -9999.000 -9999.000 -9999.000 -9999.000 -9999.000 -9999.000 -9999.000 -9999.000 -9999.000 -9999.000 -9999.000 -9999.000 -9999.000 -9999.000 -9999.000 -9999.000 -9999.000 -9999.000 -9999.000 -9999.000 -9999.000 -9999.000 -9999.000 -9999.000 -9999.000 -9999.000 -9999.000 -9999.000 -9999.000 -9999.000 -9999.000 2.420194 2.409896 2.393960 2.378294 2.361374 2.342358 2.305561 2.270048
-9999.000 -9999.000 -9999.000 -9999.000 -9999.000 -9999.000 -9999.000 -9999.000 -9999.000 -9999.000 -9999.000 -9999.000 -9999.000 -9999.000 -9999.000 -9999.000 -9999.000 -9999.000 -9999.000 -9999.000 -9999.000 -9999.000 -9999.000 -9999.000 -9999.000 -9999.000 -9999.000 -9999.000 -9999.000 -9999.000 -9999.000 -9999.000 -9999.000 -9999.000 -9999.000 -9999.000 -9999.000 -9999.000 -9999.000 -9999.000 -9999.000 -9999.000 -9999.000 -9999.000 -9999.000 -9999.000 -9999.000 -9999.000 2.214681 2.363970 2.406429 2.418135 2.409742 2.388835 2.370326 2.354977 2.334431 2.300349 2.274649
-9999.000 -9999.000 -9999.000 -9999.000 -9999.000 -9999.000 -9999.000 -9999.000 -9999.000 -9999.000 -9999.000 -9999.000 -9999.000 -9999.000 -9999.000 -9999.000 -9999.000 -9999.000 -9999.000 -9999.000 -9999.000 -9999.000 -9999.000 -9999.000 -9999.000 -9999.000 -9999.000 -9999.000 -9999.000 -9999.000 -9999.000 -9999.000 -9999.000 -9999.000 -9999.000 -9999.000 -9999.000 -9999.000 -9999.000 -9999.000 -9999.000 -9999.000 -9999.000 -9999.000 -9999.000 -9999.000 1.773330 1.974786 2.154894 2.312854 2.392889 2.407820 2.403765 2.379066 2.358640 2.342586 2.323079 2.295303 2.267268
-9999.000 -9999.000 -9999.000 -9999.000 -9999.000 -9999.000 -9999.000 -9999.000 -9999.000 -9999.000 -9999.000 -9999.000 -9999.000 -9999.000 -9999.000 -9999.000 -9999.000 -9999.000 -9999.000 -9999.000 -9999.000 -9999.000 -9999.000 -9999.000 -9999.000 -9999.000 -9999.000 -9999.000 -9999.000 -9999.000 -9999.000 -9999.000 -9999.000 -9999.000 -9999.000 -9999.000 -9999.000 -9999.000 -9999.000 -9999.000 -9999.000 -9999.000 1.359128 1.404617 1.496514 1.602312 1.721547 1.866497 2.088079 2.265042 2.358977 2.393062 2.387788 2.368147 2.346124 2.328236 2.306183 2.276177 2.244972
-9999.000 -9999.000 -9999.000 -9999.000 -9999.000 -9999.000 -9999.000 -9999.000 -9999.000 -9999.000 -9999.000 -9999.000 -9999.000 -9999.000 -9999.000 -9999.000 -9999.000 -9999.000 -9999.000 -9999.000 -9999.000 -9999.000 -9999.000 -9999.000 -9999.000 -9999.000 -9999.000 -9999.000 -9999.000 -9999.000 -9999.000 -9999.000 -9999.000 -9999.000 -9999.000 -9999.000 -9999.000 -9999.000 -9999.000 1.260877 1.278895 1.308259 1.343171 1.391541 1.455984 1.539600 1.633140 1.752827 1.923742 2.133412 2.304982 2.366012 2.366444 2.351807 2.334052 2.313918 2.289498 2.255955 2.221359
-9999.000 -9999.000 -9999.000 -9999.000 -9999.000 -9999.000 -9999.000 -9999.000 -9999.000 -9999.000 -9999.000 -9999.000 -9999.000 -9999.000 -9999.000 -9999.000 -9999.000 -9999.000 -9999.000 -9999.000 -9999.000 -9999.000 -9999.000 -9999.000 -9999.000 -9999.000 -9999.000 -9999.000 -9999.000 -9999.000 -9999.000 -9999.000 -9999.000 -9999.000 -9999.000 -9999.000 1.277780 1.261298 1.256069 1.260342 1.273092 1.300511 1.329823 1.372389 1.422998 1.469916 1.522749 1.610786 1.771746 2.002447 2.219692 2.321811 2.338027 2.328844 2.312953 2.290761 2.263067 2.231036 2.194544
-9999.000 -9999.000 -9999.000 -9999.000 -9999.000 -9999.000 -9999.000 -9999.000 -9999.000 -9999.000 -9999.000 -9999.000 -9999.000 -9999.000 -9999.000 -9999.000 -9999.000 -9999.000 -9999.000 -9999.000 -9999.000 -9999.000 -9999.000 -9999.000 -9999.000 -9999.000 -9999.000 -9999.000 -9999.000 -9999.000 -9999.000 -9999.000 -9999.000 -9999.000 1.356162 1.316453 1.287223 1.269156 1.265174 1.269157 1.282549 1.304578 1.332667 1.368839 1.404817 1.426440 1.449534 1.525110 1.678601 1.873342 2.108425 2.259981 2.295544 2.295884 2.285210 2.265493 2.238914 2.208583 2.177419
-9999.000 -9999.000 -9999.000 -9999.000 -9999.000 -9999.000 -9999.000 -9999.000 -9999.000 -9999.000 -9999.000 -9999.000 -9999.000 -9999.000 -9999.000 -9999.000 -9999.000 -9999.000 -9999.000 -9999.000 -9999.000 -9999.000 -9999.000 -9999.000 -9999.000 -9999.000 -9999.000 -9999.000 -9999.000 -9999.000 1.481322 1.468439 1.447778 1.414899 1.372078 1.333816 1.306096 1.292371 1.289439 1.291242 1.302574 1.321189 1.345382 1.375209 1.396580 1.398188 1.411375 1.487537 1.626039 1.786205 2.011950 2.179486 2.243934 2.255703 2.249338 2.232120 2.209965 2.185511 2.162603
-9999.000 -9999.000 -9999.000 -9999.000 -9999.000 -9999.000 -9999.000 -9999.000 -9999.000 -9999.000 -9999.000 -9999.000 -9999.000 -9999.000 -9999.000 -9999.000 -9999.000 -9999.000 -9999.000 -9999.000 -9999.000 -9999.000 -9999.000 -9999.000 -9999.000 -9999.000 -9999.000 -9999.000 1.502611 1.493152 1.478100 1.466672 1.446897 1.408623 1.371932 1.342503 1.328121 1.327368 1.325234 1.329260 1.338386 1.350861 1.370216 1.393471 1.396554 1.383515 1.403336 1.494742 1.598632 1.743463 1.931225 2.088201 2.173149 2.202131 2.203506 2.192600 2.176865 2.163377 2.149493
-9999.000 -9999.000 -9999.000 -9999.000 -9999.000 -9999.000 -9999.000 -9999.000 -9999.000 -9999.000 -9999.000 -9999.000 -9999.000 -9999.000 -9999.000 -9999.000 -9999.000 -9999.000 -9999.000 -9999.000 -9999.000 -9999.000 -9999.000 -9999.000 1.892098 1.755411 1.614468 1.542199 1.512207 1.493280 1.474597 1.456736 1.428637 1.390855 1.361390 1.346052 1.346659 1.354030 1.361784 1.373788 1.384866 1.395825 1.409658 1.414771 1.401254 1.391567 1.424937 1.510152 1.614133 1.743441 1.914710 2.053898 2.125443 2.151916 2.160430 2.157100 2.148665 2.140919 2.132599
0.8942139 0.8935748 0.8958087 0.9094795 0.9485847 1.007789 1.058709 1.075869 1.069254 1.047919 1.009679 0.9533978 0.8985337 0.8606894 0.8357126 0.8189462 0.8106425 0.8105199 0.8161157 0.8397392 0.9379691 1.462863 1.841301 1.913168 1.942501 1.797322 1.631706 1.548429 1.520809 1.494309 1.471907 1.445627 1.403596 1.366715 1.349486 1.345289 1.357585 1.367312 1.385704 1.409245 1.425722 1.444231 1.462066 1.450551 1.420088 1.412082 1.452119 1.550218 1.634133 1.752574 1.895349 2.007912 2.074560 2.106877 2.121806 2.126703 2.125926 2.125237 2.124778
0.8943230 0.8963361 0.9033262 0.9196817 0.9514952 0.9972981 1.038305 1.055226 1.047043 1.021979 0.9872225 0.9474881 0.9076628 0.8723577 0.8447090 0.8270596 0.8216435 0.8316806 0.8650520 0.9486700 1.172854 1.541862 1.803938 1.895515 1.924853 1.827661 1.658520 1.564736 1.526978 1.498617 1.468836 1.426606 1.383804 1.357640 1.347570 1.352033 1.363194 1.378311 1.401908 1.425692 1.449161 1.476750 1.491643 1.478810 1.460733 1.468929 1.521526 1.598766 1.665737 1.756660 1.862466 1.961394 2.029389 2.070265 2.094839 2.109709 2.120139 2.127947 2.134982
0.9016073 0.9078928 0.9178133 0.9315691 0.9494728 0.9744909 0.9984116 1.006573 0.9961143 0.9746456 0.9535095 0.9368740 0.9201716 0.8983864 0.8741242 0.8577093 0.8601716 0.8899454 0.9606919 1.101088 1.355268 1.628986 1.777449 1.866867 1.923255 1.842095 1.670231 1.583527 1.536328 1.500982 1.461196 1.409078 1.372052 1.355543 1.351583 1.360718 1.371108 1.389307 1.414267 1.435079 1.462714 1.493993 1.505897 1.494267 1.491485 1.521083 1.592987 1.672329 1.725576 1.803795 1.872740 1.944384 2.006943 2.055455 2.089995 2.113150 2.127857 2.137278 2.143781
0.9188922 0.9263658 0.9335276 0.9399041 0.9432274 0.9406700 0.9373385 0.9355757 0.9310127 0.9254948 0.9223434 0.9230998 0.9259089 0.9281128 0.9280781 0.9307306 0.9491252 0.9982511 1.091904 1.257154 1.456112 1.614170 1.728706 1.825226 1.882857 1.822002 1.696423 1.619883 1.564874 1.508133 1.445422 1.397465 1.371663 1.360287 1.363978 1.371599 1.385665 1.407388 1.424072 1.443665 1.473853 1.498801 1.503861 1.504125 1.520504 1.574320 1.661905 1.748759 1.813808 1.871496 1.930215 1.972454 2.023763 2.073237 2.108693 2.128253 2.134969 2.134133 2.129106
0.9355512 0.9397791 0.9400995 0.9348810 0.9204218 0.8972633 0.8800832 0.8781712 0.8843527 0.8924467 0.9010470 0.9131481 0.9319192 0.9583710 0.9907722 1.028606 1.075950 1.141711 1.241365 1.382457 1.511545 1.601723 1.686499 1.775217 1.830696 1.783590 1.690741 1.642489 1.596434 1.526391 1.449117 1.400406 1.376899 1.369610 1.375864 1.384687 1.403338 1.424455 1.438197 1.457701 1.483187 1.500100 1.506804 1.520762 1.556245 1.628862 1.728648 1.825743 1.898715 1.955129 1.998139 2.022540 2.048702 2.079176 2.102537 2.116316 2.116688 2.105593 2.089951
0.9411740 0.9392617 0.9297238 0.9104983 0.8838444 0.8596794 0.8478343 0.8510932 0.8650586 0.8810496 0.8977595 0.9193021 0.9497207 0.9935941 1.052099 1.122311 1.199351 1.284642 1.395596 1.501719 1.565580 1.611029 1.661722 1.724071 1.768857 1.728070 1.662573 1.639108 1.608847 1.541570 1.475974 1.428855 1.396445 1.390049 1.390996 1.400124 1.421666 1.436201 1.454339 1.480771 1.501684 1.510116 1.523085 1.551709 1.606580 1.692889 1.796223 1.889383 1.958038 1.998336 2.018085 2.033576 2.045866 2.059917 2.066853 2.069288 2.071107 2.056692 2.035657
0.9292563 0.9150157 0.8941056 0.8729494 0.8568899 0.8482994 0.8468904 0.8528812 0.8670222 0.8880807 0.9159704 0.9515359 0.9946292 1.048394 1.116823 1.200226 1.297234 1.410392 1.523181 1.598647 1.633801 1.654175 1.669506 1.683422 1.687000 1.658854 1.626872 1.611407 1.579844 1.536400 1.505894 1.478484 1.451747 1.433651 1.424467 1.429482 1.441386 1.454455 1.478221 1.512039 1.540137 1.557481 1.577438 1.616743 1.681498 1.763056 1.846318 1.915777 1.966900 1.997363 2.002439 1.982948 2.000444 2.010068 2.013605 2.011741 2.017003 2.010145 1.991189
0.9024242 0.8848241 0.8688894 0.8594283 0.8553291 0.8544216 0.8568087 0.8626040 0.8754540 0.9011611 0.9409608 0.9898425 1.041844 1.096107 1.158882 1.237429 1.338632 1.466317 1.580250 1.644921 1.675151 1.694135 1.695687 1.672987 1.642959 1.600579 1.586375 1.580242 1.541583 1.511864 1.508924 1.506246 1.503965 1.487583 1.470355 1.472599 1.476323 1.491537 1.522397 1.560898 1.596666 1.620487 1.636769 1.667203 1.722485 1.782961 1.843292 1.900558 1.945629 1.970699 1.967497 1.944280 1.937322 1.952249 1.955172 1.949570 1.952105 1.957787 1.942230
0.8683401 0.8639270 0.8619029 0.8618624 0.8620339 0.8617152 0.8621864 0.8679297 0.8860871 0.9213768 0.9700811 1.024036 1.078916 1.134530 1.194486 1.267957 1.367122 1.480683 1.577676 1.643457 1.683206 1.704151 1.700171 1.666045 1.608059 1.563558 1.550936 1.533945 1.506211 1.495592 1.500252 1.516782 1.535453 1.540802 1.540283 1.537266 1.539889 1.560070 1.591212 1.617386 1.638635 1.652657 1.661492 1.680211 1.718678 1.760504 1.797130 1.849114 1.900459 1.922831 1.939818 1.898806 1.881322 1.889272 1.893250 1.893361 1.896163 1.902902 1.902690
0.8341794 0.8434979 0.8527707 0.8585281 0.8591578 0.8570316 0.8577306 0.8699842 0.8989246 0.9421989 0.9929761 1.046048 1.101054 1.158872 1.220325 1.293338 1.384595 1.476517 1.554006 1.616472 1.661976 1.685459 1.679538 1.641116 1.577550 1.534641 1.516553 1.491148 1.472851 1.475598 1.490028 1.520879 1.556387 1.589760 1.615992 1.619460 1.622447 1.637436 1.648993 1.647295 1.643752 1.639201 1.637880 1.651746 1.683517 1.711873 1.732726 1.772704 1.827794 1.881691 1.890189 1.880375 1.839175 1.836844 1.845446 1.848096 1.850778 1.856372 1.851032
0.7969204 0.8076670 0.8188989 0.8280953 0.8344172 0.8414499 0.8570760 0.8859373 0.9246197 0.9673253 1.011388 1.059725 1.114419 1.174078 1.239170 1.318060 1.398838 1.465728 1.523613 1.576422 1.620876 1.640031 1.629534 1.587049 1.534840 1.503656 1.472131 1.447778 1.446602 1.457348 1.488653 1.530560 1.574368 1.631169 1.671300 1.678715 1.683808 1.694663 1.678998 1.643762 1.617715 1.596627 1.591134 1.609590 1.643636 1.660253 1.656634 1.691697 1.766664 1.820978 1.846264 1.839121 1.815174 1.793828 1.794965 1.797893 1.802650 1.810619 1.799257
0.7565657 0.7567850 0.7616700 0.7738659 0.7947608 0.8264518 0.8686755 0.9141127 0.9564686 0.9952286 1.033048 1.075468 1.125551 1.182803 1.250300 1.327243 1.396344 1.450468 1.496715 1.539149 1.571381 1.579094 1.560965 1.521976 1.484303 1.457188 1.430280 1.423411 1.435617 1.457065 1.496181 1.538550 1.585709 1.640856 1.673498 1.680710 1.690898 1.705886 1.686063 1.632385 1.583638 1.551804 1.544458 1.563326 1.595059 1.606988 1.606276 1.623210 1.705833 1.772009 1.802272 1.801077 1.789452 1.772650 1.752193 1.745869 1.743832 1.744447 1.741065
0.7114371 0.7063483 0.7093284 0.7247404 0.7575252 0.8105031 0.8765993 0.9377527 0.9818924 1.017250 1.052550 1.090641 1.133348 1.183980 1.251715 1.320688 1.377131 1.426834 1.468431 1.506864 1.526214 1.519463 1.495432 1.465007 1.445712 1.420133 1.406187 1.422552 1.440352 1.463737 1.494969 1.521837 1.568791 1.610618 1.624689 1.632687 1.656483 1.690016 1.683729 1.626328 1.559581 1.514870 1.506534 1.523395 1.549376 1.548143 1.546911 1.584349 1.671408 1.731823 1.757916 1.763753 1.753500 1.748170 1.712684 1.680912 1.661721 1.653980 1.648368
0.6704722 0.6735051 0.6868290 0.7146574 0.7597069 0.8211373 0.8906811 0.9511971 0.9937029 1.028281 1.064110 1.100811 1.139953 1.190056 1.249494 1.304351 1.353857 1.399652 1.439930 1.471495 1.484270 1.476040 1.454900 1.437139 1.421725 1.404483 1.404503 1.417851 1.431457 1.445613 1.458603 1.483025 1.519223 1.541727 1.551666 1.571905 1.608864 1.646020 1.654517 1.625382 1.571476 1.518657 1.494223 1.502282 1.511120 1.503899 1.509364 1.541188 1.600454 1.670224 1.716207 1.734205 1.712724 1.696976 1.668054 1.613110 1.570288 1.569162 1.577748
