simulation_files/asc/Depth____115.0.asc
NCOLS        79
NROWS        79
XLLCENTER         -1.500000
YLLCENTER         -4.800000
CELLSIZE           0.100
NODATA_VALUE     -9999.0
[rows 0 to 25 of 79, columns 0 to 57 of 79]
-9999.000 -9999.000 -9999.000 -9999.000 -9999.000 -9999.000 -9999.000 -9999.000 -9999.000 -9999.000 -9999.000 -9999.000 -9999.000 -9999.000 -9999.000 0.4226853 0.4228456 0.4228324 0.4227690 0.4226712 0.4225486 0.4224084 0.4222557 0.4220926 0.4219171 0.4217204 0.4214836 0.4211752 0.4207539 0.4208421 0.4208421 -9999.000 -9999.000 -9999.000 -9999.000 -9999.000 -9999.000 -9999.000 -9999.000 -9999.000 -9999.000 -9999.000 -9999.000 -9999.000 -9999.000 -9999.000 -9999.000 -9999.000 -9999.000 -9999.000 -9999.000 -9999.000 -9999.000 -9999.000 -9999.000 -9999.000 -9999.000 -9999.000
-9999.000 -9999.000 -9999.000 -9999.000 -9999.000 -9999.000 -9999.000 -9999.000 -9999.000 -9999.000 -9999.000 -9999.000 -9999.000 -9999.000 -9999.000 0.4245525 0.4247139 0.4246966 0.4246371 0.4245495 0.4244420 0.4243205 0.4241899 0.4240526 0.4239079 0.4237491 0.4235598 0.4233100 0.4229551 0.4230734 0.4230734 -9999.000 -9999.000 -9999.000 -9999.000 -9999.000 -9999.000 -9999.000 -9999.000 -9999.000 -9999.000 -9999.000 -9999.000 -9999.000 -9999.000 -9999.000 -9999.000 -9999.000 -9999.000 -9999.000 -9999.000 -9999.000 -9999.000 -9999.000 -9999.000 -9999.000 -9999.000 -9999.000
-9999.000 -9999.000 -9999.000 -9999.000 -9999.000 -9999.000 -9999.000 -9999.000 -9999.000 -9999.000 -9999.000 -9999.000 -9999.000 -9999.000 -9999.000 0.4265327 0.4267224 0.4267085 0.4266519 0.4265676 0.4264645 0.4263491 0.4262260 0.4260976 0.4259621 0.4258109 0.4256251 0.4253699 0.4249948 0.4251140 0.4251140 -9999.000 -9999.000 -9999.000 -9999.000 -9999.000 -9999.000 -9999.000 -9999.000 -9999.000 -9999.000 -9999.000 -9999.000 -9999.000 -9999.000 -9999.000 -9999.000 -9999.000 -9999.000 -9999.000 -9999.000 -9999.000 -9999.000 -9999.000 -9999.000 -9999.000 -9999.000 -9999.000
-9999.000 -9999.000 -9999.000 -9999.000 -9999.000 -9999.000 -9999.000 -9999.000 -9999.000 -9999.000 -9999.000 -9999.000 -9999.000 -9999.000 -9999.000 0.4285413 0.4287530 0.4287409 0.4286851 0.4286013 0.4284988 0.4283844 0.4282629 0.4281362 0.4280019 0.4278501 0.4276593 0.4273907 0.4269864 0.4270910 0.4270910 -9999.000 -9999.000 -9999.000 -9999.000 -9999.000 -9999.000 -9999.000 -9999.000 -9999.000 -9999.000 -9999.000 -9999.000 -9999.000 -9999.000 -9999.000 -9999.000 -9999.000 -9999.000 -9999.000 -9999.000 -9999.000 -9999.000 -9999.000 -9999.000 -9999.000 -9999.000 -9999.000
-9999.000 -9999.000 -9999.000 -9999.000 -9999.000 -9999.000 -9999.000 -9999.000 -9999.000 -9999.000 -9999.000 -9999.000 -9999.000 -9999.000 -9999.000 0.4305684 0.4307972 0.4307855 0.4307286 0.4306428 0.4305378 0.4304208 0.4302967 0.4301672 0.4300292 0.4298717 0.4296704 0.4293821 0.4289398 0.4290162 0.4290162 -9999.000 -9999.000 -9999.000 -9999.000 -9999.000 -9999.000 -9999.000 -9999.000 -9999.000 -9999.000 -9999.000 -9999.000 -9999.000 -9999.000 -9999.000 -9999.000 -9999.000 -9999.000 -9999.000 -9999.000 -9999.000 -9999.000 -9999.000 -9999.000 -9999.000 -9999.000 -9999.000
-9999.000 -9999.000 -9999.000 -9999.000 -9999.000 -9999.000 -9999.000 -9999.000 -9999.000 -9999.000 -9999.000 -9999.000 -9999.000 -9999.000 -9999.000 0.4326062 0.4328489 0.4328363 0.4327768 0.4326872 0.4325776 0.4324555 0.4323260 0.4321907 0.4320458 0.4318788 0.4316627 0.4313489 0.4308594 0.4308925 0.4308925 -9999.000 -9999.000 -9999.000 -9999.000 -9999.000 -9999.000 -9999.000 -9999.000 -9999.000 -9999.000 -9999.000 -9999.000 -9999.000 -9999.000 -9999.000 -9999.000 -9999.000 -9999.000 -9999.000 -9999.000 -9999.000 -9999.000 -9999.000 -9999.000 -9999.000 -9999.000 -9999.000
-9999.000 -9999.000 -9999.000 -9999.000 -9999.000 -9999.000 -9999.000 -9999.000 -9999.000 -9999.000 -9999.000 -9999.000 -9999.000 -9999.000 -9999.000 0.4346491 0.4349033 0.4348888 0.4348258 0.4347311 0.4346155 0.4344867 0.4343499 0.4342066 0.4340524 0.4338731 0.4336384 0.4332933 0.4327458 0.4327167 0.4327167 -9999.000 -9999.000 -9999.000 -9999.000 -9999.000 -9999.000 -9999.000 -9999.000 -9999.000 -9999.000 -9999.000 -9999.000 -9999.000 -9999.000 -9999.000 -9999.000 -9999.000 -9999.000 -9999.000 -9999.000 -9999.000 -9999.000 -9999.000 -9999.000 -9999.000 -9999.000 -9999.000
-9999.000 -9999.000 -9999.000 -9999.000 -9999.000 -9999.000 -9999.000 -9999.000 -9999.000 -9999.000 -9999.000 -9999.000 -9999.000 -9999.000 -9999.000 0.4366929 0.4369567 0.4369394 0.4368723 0.4367717 0.4366491 0.4365124 0.4363671 0.4362143 0.4360489 0.4358549 0.4355977 0.4352150 0.4345962 0.4344795 0.4344795 -9999.000 -9999.000 -9999.000 -9999.000 -9999.000 -9999.000 -9999.000 -9999.000 -9999.000 -9999.000 -9999.000 -9999.000 -9999.000 -9999.000 -9999.000 -9999.000 -9999.000 -9999.000 -9999.000 -9999.000 -9999.000 -9999.000 -9999.000 -9999.000 -9999.000 -9999.000 -9999.000
-9999.000 -9999.000 -9999.000 -9999.000 -9999.000 -9999.000 -9999.000 -9999.000 -9999.000 -9999.000 -9999.000 -9999.000 -9999.000 -9999.000 -9999.000 0.4387344 0.4390064 0.4389856 0.4389136 0.4388064 0.4386760 0.4385306 0.4383757 0.4382122 0.4380339 0.4378227 0.4375391 0.4371110 0.4364047 0.4361632 0.4361632 -9999.000 -9999.000 -9999.000 -9999.000 -9999.000 -9999.000 -9999.000 -9999.000 -9999.000 -9999.000 -9999.000 -9999.000 -9999.000 -9999.000 -9999.000 -9999.000 -9999.000 -9999.000 -9999.000 -9999.000 -9999.000 -9999.000 -9999.000 -9999.000 -9999.000 -9999.000 -9999.000
-9999.000 -9999.000 -9999.000 -9999.000 -9999.000 -9999.000 -9999.000 -9999.000 -9999.000 -9999.000 -9999.000 -9999.000 -9999.000 -9999.000 -9999.000 0.4407702 0.4410495 0.4410242 0.4409468 0.4408325 0.4406935 0.4405386 0.4403732 0.4401977 0.4400049 0.4397738 0.4394588 0.4389756 0.4381603 0.4377382 0.4377382 -9999.000 -9999.000 -9999.000 -9999.000 -9999.000 -9999.000 -9999.000 -9999.000 -9999.000 -9999.000 -9999.000 -9999.000 -9999.000 -9999.000 -9999.000 -9999.000 -9999.000 -9999.000 -9999.000 -9999.000 -9999.000 -9999.000 -9999.000 -9999.000 -9999.000 -9999.000 -9999.000
-9999.000 -9999.000 -9999.000 -9999.000 -9999.000 -9999.000 -9999.000 -9999.000 -9999.000 -9999.000 -9999.000 -9999.000 -9999.000 -9999.000 -9999.000 0.4427969 0.4430828 0.4430521 0.4429687 0.4428463 0.4426981 0.4425327 0.4423557 0.4421670 0.4419574 0.4417030 0.4413498 0.4407986 0.4398451 0.4391540 0.4391540 -9999.000 -9999.000 -9999.000 -9999.000 -9999.000 -9999.000 -9999.000 -9999.000 -9999.000 -9999.000 -9999.000 -9999.000 -9999.000 -9999.000 -9999.000 -9999.000 -9999.000 -9999.000 -9999.000 -9999.000 -9999.000 -9999.000 -9999.000 -9999.000 -9999.000 -9999.000 -9999.000
-9999.000 -9999.000 -9999.000 -9999.000 -9999.000 -9999.000 -9999.000 -9999.000 -9999.000 -9999.000 -9999.000 -9999.000 -9999.000 -9999.000 -9999.000 0.4448091 0.4451021 0.4450649 0.4449745 0.4448432 0.4446847 0.4445077 0.4443177 0.4441137 0.4438844 0.4436014 0.4432006 0.4425628 0.4414302 0.4403240 0.4403240 -9999.000 -9999.000 -9999.000 -9999.000 -9999.000 -9999.000 -9999.000 -9999.000 -9999.000 -9999.000 -9999.000 -9999.000 -9999.000 -9999.000 -9999.000 -9999.000 -9999.000 -9999.000 -9999.000 -9999.000 -9999.000 -9999.000 -9999.000 -9999.000 -9999.000 -9999.000 -9999.000
-9999.000 -9999.000 -9999.000 -9999.000 -9999.000 -9999.000 -9999.000 -9999.000 -9999.000 -9999.000 -9999.000 -9999.000 -9999.000 -9999.000 -9999.000 0.4467991 0.4471008 0.4470559 0.4469573 0.4468158 0.4466455 0.4464552 0.4462499 0.4460275 0.4457736 0.4454540 0.4449913 0.4442391 0.4428670 0.4410904 0.4410904 -9999.000 -9999.000 -9999.000 -9999.000 -9999.000 -9999.000 -9999.000 -9999.000 -9999.000 -9999.000 -9999.000 -9999.000 -9999.000 -9999.000 -9999.000 -9999.000 -9999.000 -9999.000 -9999.000 -9999.000 -9999.000 -9999.000 -9999.000 -9999.000 -9999.000 -9999.000 -9999.000
-9999.000 -9999.000 -9999.000 -9999.000 -9999.000 -9999.000 -9999.000 -9999.000 -9999.000 -9999.000 -9999.000 -9999.000 -9999.000 -9999.000 -9999.000 0.4487421 0.4490605 0.4490089 0.4489028 0.4487509 0.4485680 0.4483624 0.4481386 0.4478926 0.4476058 0.4472361 0.4466873 0.4457763 0.4440700 0.4411479 0.4411479 -9999.000 -9999.000 -9999.000 -9999.000 -9999.000 -9999.000 -9999.000 -9999.000 -9999.000 -9999.000 -9999.000 -9999.000 -9999.000 -9999.000 -9999.000 -9999.000 -9999.000 -9999.000 -9999.000 -9999.000 -9999.000 -9999.000 -9999.000 -9999.000 -9999.000 -9999.000 -9999.000
-9999.000 -9999.000 -9999.000 -9999.000 -9999.000 -9999.000 -9999.000 -9999.000 -9999.000 -9999.000 -9999.000 -9999.000 -9999.000 -9999.000 -9999.000 0.4491712 0.4503695 0.4506229 0.4507304 0.4507192 0.4506219 0.4504611 0.4502533 0.4500016 0.4496872 0.4492579 0.4485854 0.4474167 0.4451282 0.4394942 0.4394942 -9999.000 -9999.000 -9999.000 -9999.000 -9999.000 -9999.000 -9999.000 -9999.000 -9999.000 -9999.000 -9999.000 -9999.000 -9999.000 -9999.000 -9999.000 -9999.000 -9999.000 -9999.000 -9999.000 -9999.000 -9999.000 -9999.000 -9999.000 -9999.000 -9999.000 -9999.000 -9999.000
0.4619781 0.4619781 0.4495890 0.4362170 0.4327265 0.4327265 0.4298020 0.4249077 0.4249077 0.4207917 0.4207917 0.4171970 0.4155519 0.4139917 0.4125062 0.4125062 0.4571260 0.4576951 0.4580193 0.4585560 0.4593306 0.4602340 0.4611254 0.4618063 0.4619780 0.4611756 0.4586127 0.4529309 0.4409759 0.4085733 0.4085733 0.2504034 0.2300031 0.2289110 0.2307273 0.2307273 0.2372770 0.2372770 0.2564441 0.2564441 0.2981606 0.3438635 0.3438635 0.3578677 0.3578677 0.3586671 0.3586671 0.3586671 0.3530886 0.3530886 0.3445586 0.3445586 0.3372456 0.3372456 0.3306603 0.3306603 0.3251804 0.3251804
0.4609120 0.4609120 0.4476223 0.4355895 0.4320914 0.4320914 0.4291602 0.4242652 0.4242652 0.4201587 0.4201587 0.4165762 0.4149371 0.4133824 0.4119024 0.4119024 0.4494840 0.4516692 0.4508336 0.4497386 0.4491688 0.4491797 0.4497188 0.4506210 0.4516065 0.4522062 0.4515228 0.4482622 0.4397216 0.4176942 0.4176942 0.3050109 0.2685871 0.2414071 0.2368125 0.2368125 0.2384177 0.2384177 0.2551934 0.2551934 0.2818657 0.3398309 0.3398309 0.3593490 0.3593490 0.3591775 0.3591775 0.3591775 0.3538899 0.3538899 0.3445081 0.3445081 0.3371255 0.3371255 0.3305215 0.3305215 0.3250140 0.3250140
0.4603215 0.4603215 0.4467387 0.4356058 0.4321094 0.4321094 0.4291649 0.4242474 0.4242474 0.4201321 0.4201321 0.4165470 0.4149070 0.4133514 0.4118701 0.4118701 0.4429663 0.4470789 0.4456477 0.4430416 0.4408470 0.4393976 0.4387238 0.4387204 0.4392131 0.4399300 0.4396781 0.4374376 0.4310771 0.4144862 0.4144862 0.3316737 0.2941884 0.2560219 0.2475051 0.2475051 0.2458151 0.2458151 0.2614321 0.2614321 0.2798891 0.3312550 0.3312550 0.3594143 0.3594143 0.3599482 0.3599482 0.3599482 0.3537181 0.3537181 0.3450370 0.3450370 0.3373705 0.3373705 0.3306493 0.3306493 0.3251144 0.3251144
0.4598509 0.4598509 0.4460535 0.4356181 0.4321443 0.4321443 0.4291915 0.4242510 0.4242510 0.4201280 0.4201280 0.4165441 0.4149053 0.4133506 0.4118700 0.4118700 0.4361493 0.4416446 0.4402316 0.4365804 0.4330459 0.4303013 0.4284909 0.4275612 0.4273614 0.4276114 0.4274010 0.4257465 0.4207827 0.4076368 0.4076368 0.3475771 0.3127277 0.2722137 0.2626866 0.2626866 0.2608452 0.2608452 0.2747951 0.2747951 0.2871208 0.3245770 0.3245770 0.3550023 0.3550023 0.3592067 0.3592067 0.3592067 0.3530494 0.3530494 0.3447322 0.3447322 0.3369746 0.3369746 0.3302679 0.3302679 0.3248769 0.3248769
0.4594930 0.4594930 0.4455403 0.4356190 0.4321768 0.4321768 0.4292198 0.4242560 0.4242560 0.4201244 0.4201244 0.4165416 0.4149040 0.4133505 0.4118706 0.4118706 0.4293251 0.4349223 0.4336804 0.4293715 0.4247596 0.4208747 0.4180212 0.4162178 0.4153478 0.4151552 0.4148878 0.4135955 0.4096338 0.3991362 0.3991362 0.3562830 0.3255219 0.2891449 0.2818223 0.2818223 0.2829907 0.2829907 0.2934255 0.2934255 0.3000064 0.3213260 0.3213260 0.3469175 0.3469175 0.3561473 0.3561473 0.3561473 0.3511623 0.3511623 0.3435954 0.3435954 0.3361104 0.3361104 0.3296516 0.3296516 0.3245664 0.3245664
0.4592418 0.4592418 0.4451839 0.4356138 0.4322025 0.4322025 0.4292442 0.4242608 0.4242608 0.4201214 0.4201214 0.4165394 0.4149030 0.4133503 0.4118711 0.4118711 0.4228348 0.4271257 0.4257220 0.4209795 0.4155326 0.4106608 0.4068488 0.4042156 0.4026989 0.4020804 0.4017405 0.4007887 0.3977783 0.3897257 0.3897257 0.3594517 0.3345438 0.3085258 0.3058944 0.3058944 0.3099814 0.3099814 0.3138042 0.3138042 0.3148278 0.3218518 0.3218518 0.3382327 0.3382327 0.3506248 0.3506248 0.3506248 0.3477700 0.3477700 0.3415401 0.3415401 0.3347922 0.3347922 0.3288732 0.3288732 0.3242809 0.3242809
0.4590931 0.4590931 0.4449740 0.4356080 0.4322188 0.4322188 0.4292607 0.4242643 0.4242643 0.4201194 0.4201194 0.4165378 0.4149022 0.4133502 0.4118714 0.4118714 0.4166857 0.4185075 0.4162830 0.4111072 0.4050288 0.3993534 0.3946992 0.3912953 0.3891530 0.3881120 0.3876772 0.3870459 0.3849647 0.3793038 0.3793038 0.3592305 0.3426228 0.3331589 0.3353640 0.3353640 0.3378480 0.3378480 0.3326846 0.3326846 0.3289414 0.3252255 0.3252255 0.3316144 0.3316144 0.3434064 0.3434064 0.3434064 0.3428750 0.3428750 0.3384845 0.3384845 0.3329642 0.3329642 0.3279301 0.3279301 0.3240578 0.3240578
0.4590438 0.4590438 0.4449047 0.4356056 0.4322244 0.4322244 0.4292664 0.4242656 0.4242656 0.4201187 0.4201187 0.4165373 0.4149019 0.4133502 0.4118715 0.4118715 0.4106008 0.4091518 0.4053511 0.3995179 0.3929207 0.3866385 0.3813115 0.3772473 0.3745342 0.3730843 0.3725253 0.3721722 0.3710052 0.3679760 0.3679760 0.3581215 0.3540837 0.3642398 0.3676514 0.3676514 0.3624114 0.3624114 0.3484881 0.3484881 0.3412447 0.3302075 0.3302075 0.3280708 0.3280708 0.3357577 0.3357577 0.3357577 0.3368525 0.3368525 0.3344687 0.3344687 0.3305866 0.3305866 0.3268064 0.3268064 0.3239048 0.3239048
0.4590930 0.4590930 0.4449740 0.4356080 0.4322188 0.4322188 0.4292606 0.4242643 0.4242643 0.4201194 0.4201194 0.4165379 0.4149021 0.4133502 0.4118714 0.4118714 0.4040823 0.3988827 0.3928543 0.3860042 0.3788840 0.3721693 0.3663796 0.3618303 0.3586627 0.3568598 0.3561684 0.3560474 0.3558382 0.3564234 0.3564234 0.3603169 0.3748918 0.3982614 0.3972747 0.3972747 0.3815812 0.3815812 0.3611942 0.3611942 0.3516445 0.3357926 0.3357926 0.3272391 0.3272391 0.3288523 0.3288523 0.3288523 0.3303570 0.3303570 0.3297199 0.3297199 0.3277044 0.3277044 0.3255013 0.3255013 0.3238091 0.3238091
0.4592418 0.4592418 0.4451839 0.4356138 0.4322025 0.4322025 0.4292443 0.4242608 0.4242608 0.4201215 0.4201215 0.4165394 0.4149029 0.4133504 0.4118711 0.4118711 0.3964170 0.3872158 0.3785346 0.3703174 0.3625896 0.3555737 0.3495484 0.3447461 0.3413110 0.3392766 0.3384944 0.3385925 0.3396350 0.3468953 0.3468953 0.3733248 0.4093246 0.4279295 0.4200042 0.4200042 0.3957681 0.3957681 0.3713669 0.3713669 0.3603328 0.3412804 0.3412804 0.3282002 0.3282002 0.3233853 0.3233853 0.3233853 0.3241087 0.3241087 0.3246399 0.3246399 0.3244764 0.3244764 0.3240548 0.3240548 0.3237517 0.3237517
0.4594929 0.4594929 0.4455403 0.4356191 0.4321767 0.4321767 0.4292198 0.4242560 0.4242560 0.4201245 0.4201245 0.4165416 0.4149041 0.4133506 0.4118706 0.4118706 0.3865976 0.3733001 0.3618247 0.3520507 0.3436512 0.3364459 0.3304176 0.3256362 0.3221875 0.3201174 0.3193553 0.3197522 0.3232451 0.3456929 0.3456929 0.4063979 0.4521803 0.4490939 0.4365364 0.4365364 0.4062479 0.4062479 0.3794473 0.3794473 0.3674090 0.3461854 0.3461854 0.3300353 0.3300353 0.3195196 0.3195196 0.3195196 0.3186871 0.3186871 0.3197227 0.3197227 0.3211744 0.3211744 0.3225645 0.3225645 0.3237180 0.3237180
