simulation_files/asc/Depth____62.0.asc
NCOLS       411
NROWS       131
XLLCENTER    2538020.000000
YLLCENTER    1152390.000000
CELLSIZE           1.000
NODATA_VALUE     -9999.0
[rows 26 to 51 of 131, columns 240 to 299 of 411]
0.7405059 0.7934195 0.8412156 0.8804299 0.9079768 0.9193504 0.9190796 0.9177330 0.9131720 0.8807098 0.8216182 0.6885819 0.4833128 0.3911550 0.3732092 0.3764286 0.3791559 0.3785455 0.3748824 0.3724711 0.3700268 0.3714541 0.3722581 0.3793482 0.3758439 0.3781290 0.3810452 0.3842435 0.3818617 0.3842087 0.3919268 0.3998481 0.4028124 0.4104944 0.4177149 0.4204926 0.4229039 0.4291918 0.4351852 0.4314824 0.4344589 0.4379239 0.4349219 0.4360002 0.4410488 0.4468992 0.4481644 0.4541889 0.4611648 0.4586619 0.4599071 0.4658279 0.4734073 0.4724693 0.4792300 0.4853874 0.4841907 0.4837846 0.4873383 0.4904227
0.7177357 0.7906466 0.8441938 0.8794191 0.9048856 0.9233822 0.9322465 0.9420391 0.9482598 0.9333560 0.9133736 0.8533711 0.7129637 0.5060923 0.3528371 0.3248672 0.3199104 0.3223237 0.3236859 0.3250372 0.3242589 0.3262349 0.3279036 0.3299486 0.3241332 0.3241778 0.3245192 0.3278867 0.3323076 0.3340845 0.3339541 0.3374417 0.3389198 0.3436353 0.3485544 0.3462540 0.3517571 0.3568951 0.3604496 0.3557954 0.3581563 0.3580804 0.3520286 0.3554924 0.3604195 0.3638373 0.3636496 0.3696285 0.3745755 0.3754553 0.3735345 0.3802275 0.3849208 0.3893119 0.3984498 0.4063944 0.4090564 0.4118039 0.4182748 0.4194106
0.6907074 0.7828691 0.8437351 0.8753835 0.9035351 0.9253843 0.9458271 0.9713527 0.9848520 0.9832046 0.9666810 0.9392912 0.8883962 0.7358646 0.5532362 0.3631073 0.2837582 0.2843814 0.2844715 0.2852623 0.2878009 0.2914877 0.2923092 0.2951090 0.2892091 0.2923954 0.2933272 0.2944044 0.2934122 0.2955193 0.2913352 0.2902658 0.2897928 0.2921911 0.2947155 0.2919593 0.2936334 0.2966457 0.2934251 0.2922388 0.2923776 0.2930393 0.2893882 0.2904618 0.2934555 0.2905382 0.2927881 0.2955611 0.2987805 0.2953268 0.2998813 0.3064862 0.3110697 0.3161909 0.3250099 0.3341813 0.3367059 0.3475860 0.3579774 0.3654968
0.6579791 0.7888927 0.8416214 0.8745982 0.9035241 0.9287828 0.9574200 0.9905736 1.010581 1.015551 1.002562 0.9733900 0.9430788 0.9011888 0.7764373 0.5717258 0.3592531 0.2690803 0.2633366 0.2591511 0.2578635 0.2573508 0.2603312 0.2629593 0.2627182 0.2644371 0.2643517 0.2657589 0.2648581 0.2659189 0.2641415 0.2607770 0.2609735 0.2603616 0.2594177 0.2565045 0.2564596 0.2562351 0.2531531 0.2509315 0.2494257 0.2493678 0.2484150 0.2479255 0.2472381 0.2451276 0.2471393 0.2481487 0.2482540 0.2492246 0.2527075 0.2565865 0.2590213 0.2626255 0.2682903 0.2716345 0.2788628 0.2900675 0.3013549 0.3071938
0.5666616 0.7968752 0.8433097 0.8758291 0.9053538 0.9300721 0.9578766 0.9877075 1.007771 1.016449 1.007444 0.9896836 0.9660287 0.9373923 0.9000608 0.7698362 0.5091303 0.3536718 0.2899625 0.2697459 0.2550328 0.2489898 0.2422500 0.2341676 0.2358461 0.2361512 0.2367928 0.2395836 0.2402734 0.2435289 0.2439013 0.2444817 0.2442108 0.2466509 0.2465060 0.2449102 0.2416379 0.2387611 0.2342624 0.2326010 0.2307659 0.2302430 0.2315587 0.2316997 0.2314213 0.2312748 0.2330714 0.2340708 0.2346532 0.2356860 0.2371763 0.2386801 0.2369738 0.2365052 0.2356054 0.2359047 0.2364119 0.2431045 0.2492535 0.2514968
-9999.000 -9999.000 0.8564037 0.8857610 0.9133025 0.9345166 0.9593680 0.9763765 0.9894944 0.9969396 0.9996487 0.9911618 0.9787732 0.9605182 0.9340854 0.8870846 0.7586362 0.5094734 0.3816599 0.3465019 0.3286293 0.3102802 0.2938914 0.2634253 0.2420606 0.2158376 0.2150201 0.2155739 0.2166848 0.2220036 0.2277091 0.2303218 0.2316601 0.2347057 0.2387868 0.2384341 0.2354858 0.2288822 0.2226868 0.2243783 0.2249585 0.2239403 0.2251398 0.2267391 0.2281863 0.2288254 0.2303877 0.2313598 0.2314970 0.2315779 0.2312552 0.2294487 0.2256065 0.2207453 0.2151225 0.2086474 0.2054084 0.2069132 0.2080113 0.2071041
-9999.000 -9999.000 -9999.000 -9999.000 0.9284559 0.9535496 0.9792576 0.9890722 0.9892948 0.9854763 0.9882804 0.9875200 0.9803258 0.9670957 0.9471212 0.9122096 0.8201116 0.6831913 0.5249199 0.4144983 0.4005555 0.3917159 0.3823128 0.3594779 0.3369760 0.2816441 0.2504390 0.2020760 0.2054047 0.2105031 0.2168788 0.2209629 0.2239984 0.2267586 0.2273273 0.2241915 0.2191714 0.2148977 0.2125214 0.2132721 0.2129537 0.2112053 0.2125774 0.2150389 0.2153514 0.2171954 0.2188012 0.2198682 0.2188290 0.2190302 0.2181689 0.2123905 0.2043936 0.1956690 0.1872148 0.1775410 0.1763969 0.1778778 0.1774868 0.1724232
-9999.000 -9999.000 -9999.000 -9999.000 -9999.000 0.9779332 1.011999 1.024126 1.007431 0.9890265 0.9830791 0.9786069 0.9736331 0.9662558 0.9534707 0.9203018 0.8704281 0.8067583 0.6593187 0.4988011 0.4275177 0.4299611 0.4326571 0.4414177 0.4377420 0.4264920 0.3824118 0.3127391 0.2747007 0.2238826 0.2171856 0.2192308 0.2247710 0.2216272 0.2204010 0.2131381 0.2080120 0.2042573 0.2031622 0.2061026 0.2052299 0.2046996 0.2070274 0.2095771 0.2110798 0.2121235 0.2138173 0.2190873 0.2234186 0.2228824 0.2179803 0.2102426 0.1952803 0.1780957 0.1637546 0.1549500 0.1556326 0.1567745 0.1532879 0.1480794
-9999.000 -9999.000 -9999.000 -9999.000 -9999.000 -9999.000 -9999.000 1.038112 1.015283 0.9948611 0.9823779 0.9741288 0.9680256 0.9597435 0.9490740 0.9296352 0.8956838 0.8476002 0.7590956 0.5864996 0.4520426 0.4384364 0.4521098 0.4688192 0.4812088 0.4913812 0.4905402 0.5055430 0.4341075 0.3759801 0.3096576 0.2588918 0.2545920 0.2517656 0.2517887 0.2409544 0.2348192 0.2295459 0.2278926 0.2301794 0.2308028 0.2382168 0.2377908 0.2596077 0.2812384 0.2909749 0.2947828 0.3030488 0.2974752 0.2885938 0.2760071 0.2643787 0.2427122 0.2190791 0.1956085 0.1770425 0.1588156 0.1499137 0.1456073 0.1418380
-9999.000 -9999.000 -9999.000 -9999.000 -9999.000 -9999.000 -9999.000 -9999.000 -9999.000 0.9895351 0.9811786 0.9756684 0.9699527 0.9622604 0.9575015 0.9520617 0.9252544 0.8849761 0.8240300 0.6830916 0.4955472 0.4259827 0.4473612 0.4719245 0.4944450 0.5177498 0.5299131 0.5498603 0.5661899 0.5446119 0.5007936 0.3964526 0.3458369 0.3158199 0.3108685 0.3076806 0.3041104 0.3098746 0.3045364 0.3052512 0.3089615 0.3210874 0.3366176 0.3397764 0.3637297 0.3793984 0.3844544 0.3863667 0.3781312 0.3542414 0.3312480 0.3131553 0.3010691 0.2920623 0.2933267 0.2708852 0.2201678 0.1731820 0.1483738 0.1410860
-9999.000 -9999.000 -9999.000 -9999.000 -9999.000 -9999.000 -9999.000 -9999.000 -9999.000 -9999.000 0.9794514 0.9797244 0.9836328 0.9878890 0.9846495 0.9809175 0.9571806 0.9129842 0.8601443 0.7688649 0.5619376 0.4064747 0.4131387 0.4413606 0.4717482 0.5081084 0.5359040 0.5655129 0.6161195 0.6170130 0.6153861 0.5629893 0.4601107 0.3802257 0.3704636 0.3711970 0.3773714 0.3836117 0.3868532 0.3892091 0.3966456 0.4050304 0.4109390 0.4094164 0.4115754 0.4084717 0.4095455 0.4142202 0.4127464 0.3922034 0.3668424 0.3481548 0.3372400 0.3336677 0.3413679 0.3461184 0.3226054 0.2778285 0.2242903 0.1758208
-9999.000 -9999.000 -9999.000 -9999.000 -9999.000 -9999.000 -9999.000 -9999.000 -9999.000 -9999.000 -9999.000 -9999.000 1.006601 1.016391 1.018985 1.014926 0.9885499 0.9387385 0.8816119 0.7990640 0.6207392 0.4468700 0.3589626 0.3866164 0.4179477 0.4630853 0.5122659 0.5580643 0.6225019 0.6386651 0.6361357 0.6321049 0.5505127 0.4543518 0.4028178 0.4039736 0.4170560 0.4291682 0.4408277 0.4525963 0.4576548 0.4569311 0.4544923 0.4434232 0.4327915 0.4248314 0.4217263 0.4248426 0.4305420 0.4328134 0.4143427 0.3919624 0.3752260 0.3659236 0.3552495 0.3606167 0.3681112 0.3690221 0.3472746 0.3095398
-9999.000 -9999.000 -9999.000 -9999.000 -9999.000 -9999.000 -9999.000 -9999.000 -9999.000 -9999.000 -9999.000 -9999.000 -9999.000 -9999.000 1.040458 1.040389 1.012089 0.9734594 0.9111063 0.8329367 0.6783676 0.4890900 0.3522646 0.3426857 0.3602069 0.3899241 0.4501689 0.5162174 0.5936032 0.6150941 0.6188695 0.6327731 0.6008216 0.5443421 0.4368034 0.4177052 0.4326207 0.4489273 0.4667709 0.4773602 0.4830583 0.4730902 0.4728566 0.4574446 0.4422853 0.4293144 0.4288896 0.4308808 0.4375259 0.4523916 0.4580242 0.4448111 0.4220383 0.4061374 0.3916663 0.3708488 0.3664097 0.3719203 0.3857600 0.4020936
-9999.000 -9999.000 -9999.000 -9999.000 -9999.000 -9999.000 -9999.000 -9999.000 -9999.000 -9999.000 -9999.000 -9999.000 -9999.000 -9999.000 -9999.000 -9999.000 1.025423 0.9886932 0.9364369 0.8567975 0.7570851 0.5677900 0.4337306 0.3685738 0.3584953 0.3552172 0.3712585 0.4225470 0.5027263 0.5376010 0.5668452 0.6036083 0.6108646 0.6023514 0.5294487 0.4474579 0.4210954 0.4458376 0.4727146 0.4800961 0.4683503 0.4566135 0.4605538 0.4552270 0.4481065 0.4399087 0.4316512 0.4283597 0.4329687 0.4442806 0.4536554 0.4547576 0.4499161 0.4382119 0.4277364 0.4058710 0.3918749 0.3852138 0.3926328 0.4147266
-9999.000 -9999.000 -9999.000 -9999.000 -9999.000 -9999.000 -9999.000 -9999.000 -9999.000 -9999.000 -9999.000 -9999.000 -9999.000 -9999.000 -9999.000 -9999.000 -9999.000 0.9909321 0.9369390 0.8610649 0.7609799 0.6419472 0.5124993 0.4258837 0.3801317 0.3552062 0.3072305 0.2444034 0.2817457 0.3598136 0.4388400 0.5278795 0.5787065 0.6164988 0.6074426 0.4933528 0.4158494 0.4142459 0.4455263 0.4629449 0.4523255 0.4310199 0.4219129 0.4243900 0.4303679 0.4371928 0.4296740 0.4204763 0.4105911 0.4099321 0.4176801 0.4313768 0.4438298 0.4525364 0.4541461 0.4533816 0.4412529 0.4273845 0.4231502 0.4319869
-9999.000 -9999.000 -9999.000 -9999.000 -9999.000 -9999.000 -9999.000 -9999.000 -9999.000 -9999.000 -9999.000 -9999.000 -9999.000 -9999.000 -9999.000 -9999.000 -9999.000 -9999.000 -9999.000 0.8581197 0.7546549 0.6446326 0.5262379 0.4383089 0.3637848 0.3008666 0.2011054 0.8867547E-01 0.7894137E-01 0.1648604 0.2642989 0.3293740 0.4589871 0.5601320 0.6073091 0.5298806 0.4301974 0.3645188 0.3849390 0.4158235 0.4390645 0.4131470 0.3799403 0.3721661 0.3797423 0.3878793 0.3952446 0.3890942 0.3828701 0.3736961 0.3731787 0.3811150 0.4052055 0.4327460 0.4623783 0.4724723 0.4749915 0.4736254 0.4685746 0.4539418
-9999.000 -9999.000 -9999.000 -9999.000 -9999.000 -9999.000 -9999.000 -9999.000 -9999.000 -9999.000 -9999.000 -9999.000 -9999.000 -9999.000 -9999.000 -9999.000 -9999.000 -9999.000 -9999.000 -9999.000 0.7180086 0.6127856 0.4890124 0.3718847 0.2633823 0.1759510 0.1210285 -9999.000 -9999.000 -9999.000 0.1043467 0.1359712 0.2667029 0.3856647 0.5161515 0.5142339 0.4565134 0.3671668 0.3283724 0.3372813 0.3869332 0.3987638 0.3689184 0.3127668 0.3068618 0.3075412 0.3240884 0.3346544 0.3518707 0.3530769 0.3516828 0.3474170 0.3645862 0.3836489 0.4275607 0.4489246 0.4611051 0.4672717 0.4378116 0.4025359
-9999.000 -9999.000 -9999.000 -9999.000 -9999.000 -9999.000 -9999.000 -9999.000 -9999.000 -9999.000 -9999.000 -9999.000 -9999.000 -9999.000 -9999.000 -9999.000 -9999.000 -9999.000 -9999.000 -9999.000 -9999.000 -9999.000 0.4224295 0.3038841 0.1814900 0.9322076E-01 -9999.000 -9999.000 -9999.000 -9999.000 -9999.000 -9999.000 -9999.000 0.2085334 0.3133149 0.3842975 0.4083778 0.3746732 0.2670268 0.2318385 0.3007811 0.3477453 0.3503934 0.2839867 0.2490805 0.2424468 0.2580671 0.2795128 0.3076548 0.3345377 0.3466863 0.3433864 0.3355429 0.3432696 0.3499699 0.3672010 0.3734955 0.3755450 0.3645170 0.3393942
-9999.000 -9999.000 -9999.000 -9999.000 -9999.000 -9999.000 -9999.000 -9999.000 -9999.000 -9999.000 -9999.000 -9999.000 -9999.000 -9999.000 -9999.000 -9999.000 -9999.000 -9999.000 -9999.000 -9999.000 -9999.000 -9999.000 -9999.000 -9999.000 0.1381217 -9999.000 -9999.000 -9999.000 -9999.000 -9999.000 -9999.000 -9999.000 -9999.000 -9999.000 0.1307191 0.2179972 0.2698027 0.3033777 0.2024995 0.1238225 0.1579508 0.2336565 0.2951102 0.2831485 0.2219313 0.2025082 0.2136281 0.2302363 0.2587985 0.2995927 0.3230100 0.3231023 0.2984956 0.2794786 0.2716524 0.2688614 0.2803910 0.2936839 0.3046204 0.3060854
-9999.000 -9999.000 -9999.000 -9999.000 -9999.000 -9999.000 -9999.000 -9999.000 -9999.000 -9999.000 -9999.000 -9999.000 -9999.000 -9999.000 -9999.000 -9999.000 -9999.000 -9999.000 -9999.000 -9999.000 -9999.000 -9999.000 -9999.000 -9999.000 -9999.000 -9999.000 -9999.000 -9999.000 -9999.000 -9999.000 -9999.000 -9999.000 -9999.000 -9999.000 -9999.000 -9999.000 0.1003033 0.1539770 0.1048500 0.3232629E-01 0.4501491E-01 0.9068099E-01 0.1764982 0.2543130 0.2249817 0.1834683 0.1789058 0.1918859 0.2060566 0.2294829 0.2498697 0.2512585 0.2476202 0.2358918 0.2353686 0.2392883 0.2486896 0.2574299 0.2688758 0.2682475
-9999.000 -9999.000 -9999.000 -9999.000 -9999.000 -9999.000 -9999.000 -9999.000 -9999.000 -9999.000 -9999.000 -9999.000 -9999.000 -9999.000 -9999.000 -9999.000 -9999.000 -9999.000 -9999.000 -9999.000 -9999.000 -9999.000 -9999.000 -9999.000 -9999.000 -9999.000 -9999.000 -9999.000 -9999.000 -9999.000 -9999.000 -9999.000 -9999.000 -9999.000 -9999.000 -9999.000 -9999.000 -9999.000 -9999.000 -9999.000 -9999.000 -9999.000 0.7035022E-01 0.1464132 0.1956100 0.1736607 0.1416966 0.1400485 0.1371954 0.1365982 0.1591893 0.1725634 0.2013392 0.2118611 0.2192266 0.2282883 0.2382917 0.2498759 0.2580418 0.2611382
-9999.000 -9999.000 -9999.000 -9999.000 -9999.000 -9999.000 -9999.000 -9999.000 -9999.000 -9999.000 -9999.000 -9999.000 -9999.000 -9999.000 -9999.000 -9999.000 -9999.000 -9999.000 -9999.000 -9999.000 -9999.000 -9999.000 -9999.000 -9999.000 -9999.000 -9999.000 -9999.000 -9999.000 -9999.000 -9999.000 -9999.000 -9999.000 -9999.000 -9999.000 -9999.000 -9999.000 -9999.000 -9999.000 -9999.000 -9999.000 -9999.000 -9999.000 -9999.000 0.4512880E-01 0.1130838 0.1169573 0.9155730E-01 0.7138722E-01 0.6692013E-01 0.6740984E-01 0.8373920E-01 0.1030922 0.1361734 0.1627656 0.1857400 0.2006792 0.2158004 0.2345737 0.2540678 0.2678421
-9999.000 -9999.000 -9999.000 -9999.000 -9999.000 -9999.000 -9999.000 -9999.000 -9999.000 -9999.000 -9999.000 -9999.000 -9999.000 -9999.000 -9999.000 -9999.000 -9999.000 -9999.000 -9999.000 -9999.000 -9999.000 -9999.000 -9999.000 -9999.000 -9999.000 -9999.000 -9999.000 -9999.000 -9999.000 -9999.000 -9999.000 -9999.000 -9999.000 -9999.000 -9999.000 -9999.000 -9999.000 -9999.000 -9999.000 -9999.000 -9999.000 -9999.000 -9999.000 -9999.000 -9999.000 0.3097400E-01 -9999.000 0.2433978E-01 0.2793827E-01 0.2753178E-01 0.3662186E-01 0.4343744E-01 0.6411549E-01 0.8990300E-01 0.1204464 0.1488713 0.1674605 0.1981882 0.2272555 0.2578172
-9999.000 -9999.000 -9999.000 -9999.000 -9999.000 -9999.000 -9999.000 -9999.000 -9999.000 -9999.000 -9999.000 -9999.000 -9999.000 -9999.000 -9999.000 -9999.000 -9999.000 -9999.000 -9999.000 -9999.000 -9999.000 -9999.000 -9999.000 -9999.000 -9999.000 -9999.000 -9999.000 -9999.000 -9999.000 -9999.000 -9999.000 -9999.000 -9999.000 -9999.000 -9999.000 -9999.000 -9999.000 -9999.000 -9999.000 -9999.000 -9999.000 -9999.000 -9999.000 -9999.000 -9999.000 -9999.000 -9999.000 -9999.000 -9999.000 -9999.000 -9999.000 -9999.000 -9999.000 0.3426789E-01 0.5040600E-01 0.7584116E-01 0.9345653E-01 0.1208277 0.1544127 0.1966756
-9999.000 -9999.000 -9999.000 -9999.000 -9999.000 -9999.000 -9999.000 -9999.000 -9999.000 -9999.000 -9999.000 -9999.000 -9999.000 -9999.000 -9999.000 -9999.000 -9999.000 -9999.000 -9999.000 -9999.000 -9999.000 -9999.000 -9999.000 -9999.000 -9999.000 -9999.000 -9999.000 -9999.000 -9999.000 -9999.000 -9999.000 -9999.000 -9999.000 -9999.000 -9999.000 -9999.000 -9999.000 -9999.000 -9999.000 -9999.000 -9999.000 -9999.000 -9999.000 -9999.000 -9999.000 -9999.000 -9999.000 -9999.000 -9999.000 -9999.000 -9999.000 -9999.000 -9999.000 -9999.000 -9999.000 -9999.000 0.3675120E-01 0.5170393E-01 0.6455236E-01 0.9448737E-01
-9999.000 -9999.000 -9999.000 -9999.000 -9999.000 -9999.000 -9999.000 -9999.000 -9999.000 -9999.000 -9999.000 -9999.000 -9999.000 -9999.000 -9999.000 -9999.000 -9999.000 -9999.000 -9999.000 -9999.000 -9999.000 -9999.000 -9999.000 -9999.000 -9999.000 -9999.000 -9999.000 -9999.000 -9999.000 -9999.000 -9999.000 -9999.000 -9999.000 -9999.000 -9999.000 -9999.000 -9999.000 -9999.000 -9999.000 -9999.000 -9999.000 -9999.000 -9999.000 -9999.000 -9999.000 -9999.000 -9999.000 -9999.000 -9999.000 -9999.000 -9999.000 -9999.000 -9999.000 -9999.000 -9999.000 -9999.000 -9999.000 -9999.000 -9999.000 -9999.000
