simulation_files/asc/Depth____000121.asc
NCOLS        79
NROWS        79
XLLCENTER         -1.500000
YLLCENTER         -4.800000
CELLSIZE           0.100
NODATA_VALUE     -9999.0
[rows 0 to 25 of 79, columns 0 to 58 of 79]
-9999.000 -9999.000 -9999.000 -9999.000 -9999.000 -9999.000 -9999.000 -9999.000 -9999.000 -9999.000 -9999.000 -9999.000 -9999.000 -9999.000 -9999.000 0.4514394 0.4516157 0.4516013 0.4515373 0.4514376 0.4513112 0.4511665 0.4510108 0.4508473 0.4506755 0.4504879 0.4502662 0.4499727 0.4495494 0.4495979 0.4495979 -9999.000 -9999.000 -9999.000 -9999.000 -9999.000 -9999.000 -9999.000 -9999.000 -9999.000 -9999.000 -9999.000 -9999.000 -9999.000 -9999.000 -9999.000 -9999.000 -9999.000 -9999.000 -9999.000 -9999.000 -9999.000 -9999.000 -9999.000 -9999.000 -9999.000 -9999.000 -9999.000 -9999.000
-9999.000 -9999.000 -9999.000 -9999.000 -9999.000 -9999.000 -9999.000 -9999.000 -9999.000 -9999.000 -9999.000 -9999.000 -9999.000 -9999.000 -9999.000 0.4532936 0.4534693 0.4534516 0.4533930 0.4533055 0.4531970 0.4530742 0.4529437 0.4528087 0.4526696 0.4525206 0.4523462 0.4521116 0.4517580 0.4518454 0.4518454 -9999.000 -9999.000 -9999.000 -9999.000 -9999.000 -9999.000 -9999.000 -9999.000 -9999.000 -9999.000 -9999.000 -9999.000 -9999.000 -9999.000 -9999.000 -9999.000 -9999.000 -9999.000 -9999.000 -9999.000 -9999.000 -9999.000 -9999.000 -9999.000 -9999.000 -9999.000 -9999.000 -9999.000
-9999.000 -9999.000 -9999.000 -9999.000 -9999.000 -9999.000 -9999.000 -9999.000 -9999.000 -9999.000 -9999.000 -9999.000 -9999.000 -9999.000 -9999.000 0.4552650 0.4554683 0.4554541 0.4553987 0.4553150 0.4552113 0.4550948 0.4549725 0.4548470 0.4547180 0.4545781 0.4544092 0.4541718 0.4538004 0.4538859 0.4538859 -9999.000 -9999.000 -9999.000 -9999.000 -9999.000 -9999.000 -9999.000 -9999.000 -9999.000 -9999.000 -9999.000 -9999.000 -9999.000 -9999.000 -9999.000 -9999.000 -9999.000 -9999.000 -9999.000 -9999.000 -9999.000 -9999.000 -9999.000 -9999.000 -9999.000 -9999.000 -9999.000 -9999.000
-9999.000 -9999.000 -9999.000 -9999.000 -9999.000 -9999.000 -9999.000 -9999.000 -9999.000 -9999.000 -9999.000 -9999.000 -9999.000 -9999.000 -9999.000 0.4572665 0.4574903 0.4574777 0.4574231 0.4573398 0.4572367 0.4571213 0.4570007 0.4568777 0.4567512 0.4566127 0.4564416 0.4561943 0.4557973 0.4558656 0.4558656 -9999.000 -9999.000 -9999.000 -9999.000 -9999.000 -9999.000 -9999.000 -9999.000 -9999.000 -9999.000 -9999.000 -9999.000 -9999.000 -9999.000 -9999.000 -9999.000 -9999.000 -9999.000 -9999.000 -9999.000 -9999.000 -9999.000 -9999.000 -9999.000 -9999.000 -9999.000 -9999.000 -9999.000
-9999.000 -9999.000 -9999.000 -9999.000 -9999.000 -9999.000 -9999.000 -9999.000 -9999.000 -9999.000 -9999.000 -9999.000 -9999.000 -9999.000 -9999.000 0.4592866 0.4595262 0.4595134 0.4594575 0.4593719 0.4592661 0.4591478 0.4590250 0.4589000 0.4587714 0.4586297 0.4584517 0.4581892 0.4577590 0.4577962 0.4577962 -9999.000 -9999.000 -9999.000 -9999.000 -9999.000 -9999.000 -9999.000 -9999.000 -9999.000 -9999.000 -9999.000 -9999.000 -9999.000 -9999.000 -9999.000 -9999.000 -9999.000 -9999.000 -9999.000 -9999.000 -9999.000 -9999.000 -9999.000 -9999.000 -9999.000 -9999.000 -9999.000 -9999.000
-9999.000 -9999.000 -9999.000 -9999.000 -9999.000 -9999.000 -9999.000 -9999.000 -9999.000 -9999.000 -9999.000 -9999.000 -9999.000 -9999.000 -9999.000 0.4613174 0.4615693 0.4615552 0.4614964 0.4614066 0.4612958 0.4611722 0.4610442 0.4609142 0.4607804 0.4606321 0.4604434 0.4601610 0.4596892 0.4596802 0.4596802 -9999.000 -9999.000 -9999.000 -9999.000 -9999.000 -9999.000 -9999.000 -9999.000 -9999.000 -9999.000 -9999.000 -9999.000 -9999.000 -9999.000 -9999.000 -9999.000 -9999.000 -9999.000 -9999.000 -9999.000 -9999.000 -9999.000 -9999.000 -9999.000 -9999.000 -9999.000 -9999.000 -9999.000
-9999.000 -9999.000 -9999.000 -9999.000 -9999.000 -9999.000 -9999.000 -9999.000 -9999.000 -9999.000 -9999.000 -9999.000 -9999.000 -9999.000 -9999.000 0.4633532 0.4636154 0.4635988 0.4635362 0.4634410 0.4633237 0.4631930 0.4630579 0.4629207 0.4627792 0.4626214 0.4624185 0.4621108 0.4615878 0.4615134 0.4615134 -9999.000 -9999.000 -9999.000 -9999.000 -9999.000 -9999.000 -9999.000 -9999.000 -9999.000 -9999.000 -9999.000 -9999.000 -9999.000 -9999.000 -9999.000 -9999.000 -9999.000 -9999.000 -9999.000 -9999.000 -9999.000 -9999.000 -9999.000 -9999.000 -9999.000 -9999.000 -9999.000 -9999.000
-9999.000 -9999.000 -9999.000 -9999.000 -9999.000 -9999.000 -9999.000 -9999.000 -9999.000 -9999.000 -9999.000 -9999.000 -9999.000 -9999.000 -9999.000 0.4653903 0.4656610 0.4656414 0.4655742 0.4654729 0.4653482 0.4652091 0.4650654 0.4649193 0.4647681 0.4645981 0.4643772 0.4640381 0.4634519 0.4632864 0.4632864 -9999.000 -9999.000 -9999.000 -9999.000 -9999.000 -9999.000 -9999.000 -9999.000 -9999.000 -9999.000 -9999.000 -9999.000 -9999.000 -9999.000 -9999.000 -9999.000 -9999.000 -9999.000 -9999.000 -9999.000 -9999.000 -9999.000 -9999.000 -9999.000 -9999.000 -9999.000 -9999.000 -9999.000
-9999.000 -9999.000 -9999.000 -9999.000 -9999.000 -9999.000 -9999.000 -9999.000 -9999.000 -9999.000 -9999.000 -9999.000 -9999.000 -9999.000 -9999.000 0.4674256 0.4677038 0.4676802 0.4676082 0.4675002 0.4673673 0.4672190 0.4670657 0.4669093 0.4667464 0.4665615 0.4663183 0.4659406 0.4652763 0.4649827 0.4649827 -9999.000 -9999.000 -9999.000 -9999.000 -9999.000 -9999.000 -9999.000 -9999.000 -9999.000 -9999.000 -9999.000 -9999.000 -9999.000 -9999.000 -9999.000 -9999.000 -9999.000 -9999.000 -9999.000 -9999.000 -9999.000 -9999.000 -9999.000 -9999.000 -9999.000 -9999.000 -9999.000 -9999.000
-9999.000 -9999.000 -9999.000 -9999.000 -9999.000 -9999.000 -9999.000 -9999.000 -9999.000 -9999.000 -9999.000 -9999.000 -9999.000 -9999.000 -9999.000 0.4694560 0.4697410 0.4697129 0.4696355 0.4695202 0.4693787 0.4692203 0.4690565 0.4688886 0.4687122 0.4685096 0.4682393 0.4678140 0.4670524 0.4665765 0.4665765 -9999.000 -9999.000 -9999.000 -9999.000 -9999.000 -9999.000 -9999.000 -9999.000 -9999.000 -9999.000 -9999.000 -9999.000 -9999.000 -9999.000 -9999.000 -9999.000 -9999.000 -9999.000 -9999.000 -9999.000 -9999.000 -9999.000 -9999.000 -9999.000 -9999.000 -9999.000 -9999.000 -9999.000
-9999.000 -9999.000 -9999.000 -9999.000 -9999.000 -9999.000 -9999.000 -9999.000 -9999.000 -9999.000 -9999.000 -9999.000 -9999.000 -9999.000 -9999.000 0.4714782 0.4717697 0.4717363 0.4716530 0.4715300 0.4713790 0.4712099 0.4710347 0.4708538 0.4706621 0.4704385 0.4701352 0.4696513 0.4687671 0.4680251 0.4680251 -9999.000 -9999.000 -9999.000 -9999.000 -9999.000 -9999.000 -9999.000 -9999.000 -9999.000 -9999.000 -9999.000 -9999.000 -9999.000 -9999.000 -9999.000 -9999.000 -9999.000 -9999.000 -9999.000 -9999.000 -9999.000 -9999.000 -9999.000 -9999.000 -9999.000 -9999.000 -9999.000 -9999.000
-9999.000 -9999.000 -9999.000 -9999.000 -9999.000 -9999.000 -9999.000 -9999.000 -9999.000 -9999.000 -9999.000 -9999.000 -9999.000 -9999.000 -9999.000 0.4734872 0.4737860 0.4737466 0.4736568 0.4735250 0.4733637 0.4731828 0.4729949 0.4727996 0.4725900 0.4723413 0.4719976 0.4714398 0.4703987 0.4692561 0.4692561 -9999.000 -9999.000 -9999.000 -9999.000 -9999.000 -9999.000 -9999.000 -9999.000 -9999.000 -9999.000 -9999.000 -9999.000 -9999.000 -9999.000 -9999.000 -9999.000 -9999.000 -9999.000 -9999.000 -9999.000 -9999.000 -9999.000 -9999.000 -9999.000 -9999.000 -9999.000 -9999.000 -9999.000
-9999.000 -9999.000 -9999.000 -9999.000 -9999.000 -9999.000 -9999.000 -9999.000 -9999.000 -9999.000 -9999.000 -9999.000 -9999.000 -9999.000 -9999.000 0.4754754 0.4757836 0.4757373 0.4756404 0.4754990 0.4753260 0.4751315 0.4749289 0.4747167 0.4744857 0.4742061 0.4738111 0.4731576 0.4719103 0.4701390 0.4701390 -9999.000 -9999.000 -9999.000 -9999.000 -9999.000 -9999.000 -9999.000 -9999.000 -9999.000 -9999.000 -9999.000 -9999.000 -9999.000 -9999.000 -9999.000 -9999.000 -9999.000 -9999.000 -9999.000 -9999.000 -9999.000 -9999.000 -9999.000 -9999.000 -9999.000 -9999.000 -9999.000 -9999.000
-9999.000 -9999.000 -9999.000 -9999.000 -9999.000 -9999.000 -9999.000 -9999.000 -9999.000 -9999.000 -9999.000 -9999.000 -9999.000 -9999.000 -9999.000 0.4774192 0.4777448 0.4776933 0.4775907 0.4774402 0.4772550 0.4770454 0.4768256 0.4765924 0.4763337 0.4760129 0.4755488 0.4747654 0.4732363 0.4704269 0.4704269 -9999.000 -9999.000 -9999.000 -9999.000 -9999.000 -9999.000 -9999.000 -9999.000 -9999.000 -9999.000 -9999.000 -9999.000 -9999.000 -9999.000 -9999.000 -9999.000 -9999.000 -9999.000 -9999.000 -9999.000 -9999.000 -9999.000 -9999.000 -9999.000 -9999.000 -9999.000 -9999.000 -9999.000
-9999.000 -9999.000 -9999.000 -9999.000 -9999.000 -9999.000 -9999.000 -9999.000 -9999.000 -9999.000 -9999.000 -9999.000 -9999.000 -9999.000 -9999.000 0.4777949 0.4790407 0.4793150 0.4794425 0.4794441 0.4793494 0.4791842 0.4789782 0.4787374 0.4784537 0.4780833 0.4775193 0.4765224 0.4744922 0.4692312 0.4692312 -9999.000 -9999.000 -9999.000 -9999.000 -9999.000 -9999.000 -9999.000 -9999.000 -9999.000 -9999.000 -9999.000 -9999.000 -9999.000 -9999.000 -9999.000 -9999.000 -9999.000 -9999.000 -9999.000 -9999.000 -9999.000 -9999.000 -9999.000 -9999.000 -9999.000 -9999.000 -9999.000 -9999.000
0.4994209 0.4994209 0.4867871 0.4730931 0.4695468 0.4695468 0.4665716 0.4615799 0.4615799 0.4573718 0.4573718 0.4536909 0.4520043 0.4504035 0.4488784 0.4488784 0.4852906 0.4858032 0.4861371 0.4866870 0.4875077 0.4885205 0.4896198 0.4906024 0.4912082 0.4909754 0.4891022 0.4841087 0.4726740 0.4406779 0.4406779 0.2772688 0.2561437 0.2531065 0.2536601 0.2536601 0.2579044 0.2579044 0.2755566 0.2755566 0.3057274 0.3677224 0.3677224 0.3879488 0.3879488 0.3899178 0.3899178 0.3899178 0.3840551 0.3840551 0.3749415 0.3749415 0.3669376 0.3669376 0.3596292 0.3596292 0.3535255 0.3535255 0.3535255
0.4982256 0.4982256 0.4847418 0.4724146 0.4688612 0.4688612 0.4658802 0.4608898 0.4608898 0.4566926 0.4566926 0.4530244 0.4513438 0.4497488 0.4482293 0.4482293 0.4782190 0.4799334 0.4790541 0.4777656 0.4768370 0.4764692 0.4769172 0.4777986 0.4789239 0.4798865 0.4799409 0.4776606 0.4702402 0.4493184 0.4493184 0.3335122 0.2953586 0.2656102 0.2599097 0.2599097 0.2594769 0.2594769 0.2749669 0.2749669 0.2955902 0.3598474 0.3598474 0.3894378 0.3894378 0.3906299 0.3906299 0.3906299 0.3849842 0.3849842 0.3749981 0.3749981 0.3669160 0.3669160 0.3595676 0.3595676 0.3534167 0.3534167 0.3534167
0.4975618 0.4975618 0.4838282 0.4724310 0.4688773 0.4688773 0.4658822 0.4608699 0.4608699 0.4566646 0.4566646 0.4529935 0.4513120 0.4497157 0.4481948 0.4481948 0.4725501 0.4754575 0.4738655 0.4710198 0.4683782 0.4664215 0.4654018 0.4651349 0.4654717 0.4661002 0.4665222 0.4653699 0.4602245 0.4451640 0.4451640 0.3606045 0.3214938 0.2803561 0.2706834 0.2706834 0.2673175 0.2673175 0.2824005 0.2824005 0.2981833 0.3503741 0.3503741 0.3870548 0.3870548 0.3912687 0.3912687 0.3912687 0.3848152 0.3848152 0.3755213 0.3755213 0.3671212 0.3671212 0.3596587 0.3596587 0.3534889 0.3534889 0.3534889
0.4970317 0.4970317 0.4831159 0.4724464 0.4689114 0.4689114 0.4659068 0.4608724 0.4608724 0.4566608 0.4566608 0.4529912 0.4513107 0.4497152 0.4481947 0.4481947 0.4667648 0.4702550 0.4683397 0.4643688 0.4603209 0.4569658 0.4546418 0.4532884 0.4527806 0.4528538 0.4530506 0.4522397 0.4483692 0.4366540 0.4366540 0.3771169 0.3403149 0.2965522 0.2858839 0.2858839 0.2830622 0.2830622 0.2975316 0.2975316 0.3090182 0.3451029 0.3451029 0.3804083 0.3804083 0.3898486 0.3898486 0.3898486 0.3838919 0.3838919 0.3750797 0.3750797 0.3666245 0.3666245 0.3592213 0.3592213 0.3532309 0.3532309 0.3532309
0.4966279 0.4966279 0.4825797 0.4724511 0.4689440 0.4689440 0.4659331 0.4608761 0.4608761 0.4566575 0.4566575 0.4529892 0.4513099 0.4497153 0.4481953 0.4481953 0.4609878 0.4639855 0.4617103 0.4568872 0.4516791 0.4470976 0.4435957 0.4412310 0.4399179 0.4394307 0.4393625 0.4387562 0.4358417 0.4267781 0.4267781 0.3850575 0.3527761 0.3133176 0.3051541 0.3051541 0.3065466 0.3065466 0.3183639 0.3183639 0.3248484 0.3442440 0.3442440 0.3710680 0.3710680 0.3855485 0.3855485 0.3855485 0.3814042 0.3814042 0.3736405 0.3736405 0.3655958 0.3655958 0.3585190 0.3585190 0.3528938 0.3528938 0.3528938
0.4963441 0.4963441 0.4822059 0.4724494 0.4689701 0.4689701 0.4659561 0.4608798 0.4608798 0.4566545 0.4566545 0.4529875 0.4513091 0.4497154 0.4481958 0.4481958 0.4553825 0.4567927 0.4537857 0.4482076 0.4420307 0.4363765 0.4318025 0.4284813 0.4263904 0.4253534 0.4250167 0.4245752 0.4225203 0.4158274 0.4158274 0.3868509 0.3608488 0.3324997 0.3298623 0.3298623 0.3357043 0.3357043 0.3410088 0.3410088 0.3419580 0.3470291 0.3470291 0.3623284 0.3623284 0.3785872 0.3785872 0.3785872 0.3771068 0.3771068 0.3710866 0.3710866 0.3640097 0.3640097 0.3576037 0.3576037 0.3525674 0.3525674 0.3525674
0.4961759 0.4961759 0.4819852 0.4724461 0.4689868 0.4689868 0.4659715 0.4608825 0.4608825 0.4566527 0.4566527 0.4529862 0.4513086 0.4497153 0.4481962 0.4481962 0.4498530 0.4487818 0.4444923 0.4380811 0.4310679 0.4245039 0.4189897 0.4147873 0.4119483 0.4103607 0.4097364 0.4094130 0.4081360 0.4036572 0.4036572 0.3847058 0.3672641 0.3574721 0.3610740 0.3610740 0.3662677 0.3662677 0.3617797 0.3617797 0.3576820 0.3520765 0.3520765 0.3564409 0.3564409 0.3701452 0.3701452 0.3701452 0.3711562 0.3711562 0.3673539 0.3673539 0.3617911 0.3617911 0.3564627 0.3564627 0.3522882 0.3522882 0.3522882
0.4961202 0.4961202 0.4819123 0.4724447 0.4689925 0.4689925 0.4659769 0.4608835 0.4608835 0.4566520 0.4566520 0.4529859 0.4513084 0.4497153 0.4481963 0.4481963 0.4440831 0.4398875 0.4337440 0.4262843 0.4184883 0.4111741 0.4048895 0.3999334 0.3964185 0.3943011 0.3933702 0.3931051 0.3925217 0.3903188 0.3903188 0.3809439 0.3763413 0.3904075 0.3964486 0.3964486 0.3933080 0.3933080 0.3788889 0.3788889 0.3710274 0.3581811 0.3581811 0.3538729 0.3538729 0.3617213 0.3617213 0.3617213 0.3641184 0.3641184 0.3625467 0.3625467 0.3589109 0.3589109 0.3550750 0.3550750 0.3520573 0.3520573 0.3520573
0.4961759 0.4961759 0.4819852 0.4724462 0.4689868 0.4689868 0.4659715 0.4608825 0.4608825 0.4566526 0.4566526 0.4529863 0.4513086 0.4497153 0.4481962 0.4481962 0.4375669 0.4298163 0.4213490 0.4125718 0.4039754 0.3960500 0.3891921 0.3836668 0.3796115 0.3770385 0.3758147 0.3755613 0.3756320 0.3763429 0.3763429 0.3794268 0.3947663 0.4282344 0.4296310 0.4296310 0.4141420 0.4141420 0.3924050 0.3924050 0.3820975 0.3645166 0.3645166 0.3539326 0.3539326 0.3544943 0.3544943 0.3544943 0.3567965 0.3567965 0.3569846 0.3569846 0.3554456 0.3554456 0.3534445 0.3534445 0.3518593 0.3518593 0.3518593
0.4963441 0.4963441 0.4822060 0.4724495 0.4689701 0.4689701 0.4659560 0.4608798 0.4608798 0.4566546 0.4566546 0.4529875 0.4513092 0.4497153 0.4481959 0.4481959 0.4295864 0.4180020 0.4069159 0.3966041 0.3871705 0.3787575 0.3715402 0.3656789 0.3612863 0.3584015 0.3569569 0.3567186 0.3575915 0.3635704 0.3635704 0.3877499 0.4291306 0.4622391 0.4548809 0.4548809 0.4292001 0.4292001 0.4030919 0.4030919 0.3912511 0.3705283 0.3705283 0.3555945 0.3555945 0.3490299 0.3490299 0.3490299 0.3499757 0.3499757 0.3511621 0.3511621 0.3516057 0.3516057 0.3516311 0.3516311 0.3516788 0.3516788 0.3516788
0.4966278 0.4966278 0.4825797 0.4724512 0.4689440 0.4689440 0.4659331 0.4608761 0.4608761 0.4566574 0.4566574 0.4529892 0.4513099 0.4497153 0.4481953 0.4481953 0.4191076 0.4035277 0.3897495 0.3778477 0.3676097 0.3588588 0.3515209 0.3456005 0.3411364 0.3381575 0.3366374 0.3365171 0.3389888 0.3575832 0.3575832 0.4173828 0.4773194 0.4857664 0.4724514 0.4724514 0.4401020 0.4401020 0.4115335 0.4115335 0.3986771 0.3758125 0.3758125 0.3579448 0.3579448 0.3453367 0.3453367 0.3453367 0.3442224 0.3442224 0.3456396 0.3456396 0.3477248 0.3477248 0.3497664 0.3497664 0.3515129 0.3515129 0.3515129
