simulation_files/asc/Depth____166.0.asc
NCOLS       411
NROWS       131
XLLCENTER    2538020.000000
YLLCENTER    1152390.000000
CELLSIZE           1.000
NODATA_VALUE     -9999.0
[rows 0 to 26 of 131, columns 177 to 235 of 411]
-9999.000 -9999.000 -9999.000 -9999.000 -9999.000 -9999.000 -9999.000 -9999.000 -9999.000 -9999.000 -9999.000 -9999.000 -9999.000 -9999.000 -9999.000 -9999.000 -9999.000 -9999.000 -9999.000 -9999.000 -9999.000 -9999.000 -9999.000 -9999.000 -9999.000 -9999.000 -9999.000 -9999.000 -9999.000 -9999.000 -9999.000 -9999.000 -9999.000 -9999.000 -9999.000 -9999.000 -9999.000 -9999.000 -9999.000 -9999.000 -9999.000 -9999.000 -9999.000 -9999.000 -9999.000 -9999.000 -9999.000 -9999.000 -9999.000 -9999.000 -9999.000 -9999.000 -9999.000 -9999.000 -9999.000 -9999.000 -9999.000 -9999.000 -9999.000
-9999.000 -9999.000 -9999.000 -9999.000 -9999.000 -9999.000 -9999.000 -9999.000 -9999.000 -9999.000 -9999.000 -9999.000 -9999.000 -9999.000 -9999.000 -9999.000 -9999.000 -9999.000 -9999.000 -9999.000 -9999.000 -9999.000 -9999.000 -9999.000 -9999.000 -9999.000 -9999.000 -9999.000 -9999.000 -9999.000 -9999.000 -9999.000 -9999.000 -9999.000 -9999.000 -9999.000 -9999.000 -9999.000 -9999.000 -9999.000 -9999.000 -9999.000 -9999.000 -9999.000 -9999.000 -9999.000 -9999.000 -9999.000 -9999.000 -9999.000 -9999.000 -9999.000 -9999.000 -9999.000 -9999.000 -9999.000 -9999.000 -9999.000 -9999.000
-9999.000 -9999.000 -9999.000 -9999.000 -9999.000 -9999.000 -9999.000 -9999.000 -9999.000 -9999.000 -9999.000 -9999.000 -9999.000 -9999.000 -9999.000 -9999.000 -9999.000 -9999.000 -9999.000 -9999.000 -9999.000 -9999.000 -9999.000 -9999.000 -9999.000 -9999.000 -9999.000 -9999.000 -9999.000 -9999.000 -9999.000 -9999.000 -9999.000 -9999.000 -9999.000 -9999.000 -9999.000 -9999.000 -9999.000 -9999.000 -9999.000 -9999.000 -9999.000 -9999.000 -9999.000 -9999.000 -9999.000 -9999.000 -9999.000 -9999.000 -9999.000 -9999.000 -9999.000 -9999.000 -9999.000 -9999.000 0.2308970 0.2065763 0.2506915
-9999.000 -9999.000 -9999.000 -9999.000 -9999.000 -9999.000 -9999.000 -9999.000 -9999.000 -9999.000 -9999.000 -9999.000 -9999.000 -9999.000 -9999.000 -9999.000 -9999.000 -9999.000 -9999.000 -9999.000 -9999.000 -9999.000 -9999.000 -9999.000 -9999.000 -9999.000 -9999.000 -9999.000 -9999.000 -9999.000 -9999.000 -9999.000 -9999.000 -9999.000 -9999.000 -9999.000 -9999.000 -9999.000 -9999.000 -9999.000 -9999.000 -9999.000 -9999.000 -9999.000 -9999.000 -9999.000 -9999.000 -9999.000 -9999.000 -9999.000 -9999.000 0.7732328 0.7399945 0.6584013 0.5666331 0.4517528 0.3760809 0.3599046 0.4280739
-9999.000 -9999.000 -9999.000 -9999.000 -9999.000 -9999.000 -9999.000 -9999.000 -9999.000 -9999.000 -9999.000 -9999.000 -9999.000 -9999.000 -9999.000 -9999.000 -9999.000 -9999.000 -9999.000 -9999.000 -9999.000 -9999.000 -9999.000 -9999.000 -9999.000 -9999.000 -9999.000 -9999.000 -9999.000 -9999.000 -9999.000 -9999.000 -9999.000 -9999.000 -9999.000 -9999.000 -9999.000 -9999.000 -9999.000 -9999.000 -9999.000 -9999.000 -9999.000 -9999.000 -9999.000 -9999.000 -9999.000 0.2534481 0.4641988 0.7060529 0.8386131 0.8693461 0.8967550 0.8626204 0.8105894 0.7501146 0.7255283 0.7168538 0.7106962
-9999.000 -9999.000 -9999.000 -9999.000 -9999.000 -9999.000 -9999.000 -9999.000 -9999.000 -9999.000 -9999.000 -9999.000 -9999.000 -9999.000 -9999.000 -9999.000 -9999.000 -9999.000 -9999.000 -9999.000 -9999.000 -9999.000 -9999.000 -9999.000 -9999.000 -9999.000 -9999.000 -9999.000 -9999.000 -9999.000 -9999.000 -9999.000 -9999.000 -9999.000 -9999.000 -9999.000 -9999.000 -9999.000 -9999.000 -9999.000 -9999.000 -9999.000 -9999.000 0.2592353 0.2493055 0.3054207 0.3180613 0.3417337 0.6089878 0.8598658 1.050420 1.188634 1.220122 1.199124 1.164418 1.108615 1.095863 1.077350 1.044718
-9999.000 -9999.000 -9999.000 -9999.000 -9999.000 -9999.000 -9999.000 -9999.000 -9999.000 -9999.000 -9999.000 -9999.000 -9999.000 -9999.000 -9999.000 -9999.000 -9999.000 -9999.000 -9999.000 -9999.000 -9999.000 -9999.000 -9999.000 -9999.000 -9999.000 -9999.000 -9999.000 -9999.000 -9999.000 -9999.000 -9999.000 -9999.000 -9999.000 -9999.000 -9999.000 -9999.000 -9999.000 -9999.000 -9999.000 1.822111 1.702869 1.438068 0.7768853 0.4424505 0.4629860 0.5755830 0.6914536 0.7892814 1.006910 1.218375 1.411859 1.531855 1.565166 1.567817 1.544588 1.490992 1.437915 1.426851 1.397292
-9999.000 -9999.000 -9999.000 -9999.000 -9999.000 -9999.000 -9999.000 -9999.000 -9999.000 -9999.000 -9999.000 -9999.000 -9999.000 -9999.000 -9999.000 -9999.000 -9999.000 -9999.000 -9999.000 -9999.000 -9999.000 -9999.000 -9999.000 -9999.000 -9999.000 -9999.000 -9999.000 -9999.000 -9999.000 -9999.000 -9999.000 -9999.000 -9999.000 -9999.000 -9999.000 -9999.000 2.075215 2.053227 2.025434 1.903834 1.760427 1.452364 0.9647443 0.7993371 0.8918469 1.048589 1.206293 1.316179 1.492432 1.641492 1.792996 1.897643 1.907495 1.903297 1.861820 1.814001 1.781043 1.761624 1.721695
-9999.000 -9999.000 -9999.000 -9999.000 -9999.000 -9999.000 -9999.000 -9999.000 -9999.000 -9999.000 -9999.000 -9999.000 -9999.000 -9999.000 -9999.000 -9999.000 -9999.000 -9999.000 -9999.000 -9999.000 -9999.000 -9999.000 -9999.000 -9999.000 -9999.000 -9999.000 -9999.000 -9999.000 -9999.000 -9999.000 -9999.000 1.818909 1.858221 1.911654 1.975715 2.032006 2.058228 2.061697 1.982437 1.838811 1.655372 1.363934 1.197254 1.218023 1.346456 1.503365 1.674990 1.842187 1.936011 2.015018 2.110822 2.182351 2.187071 2.200283 2.120089 2.074051 2.046808 2.025118 1.961312
-9999.000 -9999.000 -9999.000 -9999.000 -9999.000 -9999.000 -9999.000 -9999.000 -9999.000 -9999.000 -9999.000 -9999.000 -9999.000 -9999.000 -9999.000 -9999.000 -9999.000 -9999.000 -9999.000 -9999.000 -9999.000 -9999.000 -9999.000 -9999.000 -9999.000 -9999.000 -9999.000 1.584336 1.684642 1.750499 1.765508 1.789709 1.822147 1.876968 1.931209 1.964897 1.990765 1.970746 1.838439 1.636760 1.449430 1.359775 1.416458 1.530903 1.672684 1.840058 2.022649 2.166877 2.232398 2.269604 2.311102 2.342353 2.344729 2.315566 2.269392 2.223913 2.172503 2.115052 2.045725
0.7481393 0.7711367 0.7895347 0.8160475 0.8463850 0.8997710 0.9657347 1.004296 0.9860854 0.8727784 0.7236782 0.6219840 0.5818768 0.5718223 0.5694116 0.5688529 0.5720702 0.5847836 0.6058106 0.6298648 0.6583940 0.7040422 0.8138147 1.174706 1.394505 1.441615 1.493800 1.588250 1.684924 1.726298 1.733328 1.733974 1.751709 1.807743 1.849236 1.887528 1.914035 1.806016 1.588613 1.418196 1.360411 1.444384 1.583715 1.722500 1.860856 2.029936 2.202802 2.288933 2.341814 2.355834 2.377695 2.388221 2.376478 2.340040 2.303171 2.236967 2.160707 2.082536 2.010246
0.7569457 0.7773170 0.7988969 0.8275488 0.8686301 0.9266753 0.9847911 1.002079 0.9585940 0.8740632 0.7810224 0.6992658 0.6399360 0.6073382 0.5947012 0.5921384 0.5980163 0.6136378 0.6388424 0.6731447 0.7232606 0.8129870 0.9964888 1.242424 1.391916 1.452945 1.522287 1.604038 1.673279 1.696481 1.682215 1.679471 1.708190 1.745382 1.782711 1.798842 1.713857 1.537370 1.400001 1.373921 1.443029 1.561028 1.688803 1.818132 1.956167 2.095455 2.207486 2.280676 2.316402 2.325141 2.326954 2.333935 2.324209 2.293879 2.237399 2.146663 2.034195 1.944845 1.881246
0.7724075 0.7983900 0.8234053 0.8648395 0.9197451 0.9829986 1.022174 1.002016 0.9422549 0.8956457 0.8667841 0.8277822 0.7702636 0.7101588 0.6697020 0.6543053 0.6603834 0.6807146 0.7155898 0.7686517 0.8520399 0.9860677 1.177239 1.338880 1.410154 1.484557 1.564949 1.634181 1.676495 1.673018 1.652337 1.665119 1.695330 1.716567 1.728465 1.663745 1.492520 1.355399 1.345568 1.416991 1.527066 1.641805 1.753719 1.869546 1.997361 2.106506 2.180180 2.244942 2.269609 2.256515 2.246566 2.239325 2.231178 2.175622 2.081879 1.956690 1.845219 1.778181 1.752860
0.7969466 0.8277657 0.8680463 0.9229697 0.9840683 1.025537 1.022055 0.9837557 0.9514033 0.9387456 0.9352793 0.9303667 0.9149045 0.8749865 0.8212976 0.7783525 0.7615938 0.7755149 0.8212973 0.9006419 1.016530 1.164521 1.300510 1.380079 1.443923 1.520973 1.600788 1.662916 1.677733 1.660180 1.663807 1.689219 1.707626 1.706711 1.626896 1.467420 1.347191 1.334700 1.400146 1.498026 1.600209 1.702039 1.805386 1.912336 2.013806 2.088138 2.147930 2.198516 2.212612 2.180379 2.148419 2.112097 2.048394 1.946012 1.850916 1.782321 1.732211 1.726349 1.744275
0.8329378 0.8729516 0.9237360 0.9792890 1.021363 1.031688 1.012387 0.9893880 0.9843124 0.9889761 0.9951921 1.006535 1.025676 1.034823 1.021054 0.9857817 0.9473824 0.9345425 0.9678056 1.049013 1.163943 1.282853 1.366451 1.419178 1.484867 1.557464 1.623651 1.664502 1.661000 1.651003 1.674049 1.701570 1.698923 1.632783 1.482722 1.349087 1.327264 1.388101 1.479105 1.573947 1.664049 1.757133 1.853189 1.941959 2.017181 2.072652 2.119357 2.161672 2.150999 2.089042 2.014751 1.908049 1.770683 1.697756 1.674795 1.689463 1.708976 1.731455 1.770825
0.8779514 0.9246372 0.9748283 1.014181 1.030451 1.024760 1.015457 1.016298 1.027055 1.040399 1.055803 1.081395 1.120119 1.162436 1.196647 1.215855 1.217773 1.212309 1.217816 1.247302 1.300736 1.362313 1.405633 1.456149 1.523641 1.586277 1.635349 1.640176 1.618624 1.630579 1.662149 1.675477 1.619287 1.469878 1.340412 1.318025 1.369405 1.452411 1.537261 1.618790 1.703236 1.788971 1.860052 1.936493 1.994101 2.032877 2.066816 2.074095 2.001530 1.871476 1.726100 1.605851 1.521701 1.532140 1.578360 1.622671 1.668247 1.704325 1.747704
0.9291948 0.9665646 1.002565 1.023184 1.031902 1.036313 1.042980 1.055658 1.074641 1.101364 1.138227 1.183654 1.234640 1.287885 1.342960 1.404651 1.474612 1.544109 1.591596 1.590299 1.539439 1.480555 1.466196 1.502716 1.555756 1.603461 1.620749 1.599807 1.587525 1.603375 1.609371 1.551526 1.419796 1.304388 1.283879 1.333754 1.406359 1.480010 1.551583 1.625099 1.694420 1.764514 1.833463 1.893208 1.936092 1.954275 1.959253 1.881949 1.684797 1.507797 1.391405 1.349309 1.359299 1.409058 1.474425 1.532103 1.595443 1.644156 1.682494
0.9625203 0.9932903 1.018419 1.035827 1.050739 1.065570 1.078985 1.096297 1.124437 1.167587 1.223494 1.280504 1.334534 1.388518 1.449857 1.523491 1.608085 1.702775 1.800639 1.865164 1.843653 1.744002 1.634089 1.575426 1.581142 1.607880 1.597452 1.563079 1.565968 1.572772 1.522140 1.385550 1.254315 1.225490 1.271007 1.341166 1.410816 1.474901 1.539198 1.587667 1.643928 1.703929 1.761928 1.815968 1.838065 1.823479 1.710605 1.503539 1.289557 1.198191 1.190332 1.209624 1.251782 1.305958 1.375533 1.445153 1.520468 1.586061 1.636489
0.9954569 1.019643 1.045278 1.064931 1.085445 1.105791 1.125891 1.155737 1.200104 1.256369 1.318433 1.377017 1.428216 1.478628 1.539176 1.614181 1.700699 1.794676 1.886634 1.958061 1.997857 2.002958 1.947411 1.822237 1.688038 1.606163 1.567456 1.548525 1.548136 1.499939 1.374840 1.249200 1.199774 1.221443 1.274906 1.333049 1.394760 1.449638 1.509069 1.553427 1.603265 1.651448 1.697585 1.733286 1.698850 1.571902 1.350610 1.147338 1.052918 1.059964 1.093263 1.133276 1.182701 1.238517 1.303269 1.385527 1.476611 1.560809 1.633720
1.037204 1.065294 1.088185 1.108467 1.130485 1.155281 1.187266 1.236495 1.297353 1.359114 1.416335 1.465313 1.506920 1.550888 1.607787 1.680349 1.764729 1.855230 1.936180 1.993874 2.043140 2.106484 2.164491 2.137813 1.953882 1.706824 1.573856 1.538663 1.503001 1.391151 1.252869 1.188329 1.199445 1.238577 1.284433 1.324251 1.377319 1.428465 1.480193 1.529136 1.573581 1.613594 1.638325 1.585170 1.393634 1.177517 1.024664 0.9700512 0.9874300 1.024814 1.068993 1.118862 1.173334 1.233390 1.303184 1.384005 1.487452 1.588493 1.684739
1.088277 1.117339 1.138550 1.158182 1.182361 1.216139 1.265327 1.326534 1.389289 1.444638 1.489269 1.526690 1.563629 1.608109 1.664751 1.733768 1.813280 1.894728 1.962440 2.014520 2.067034 2.130725 2.209852 2.293130 2.274331 2.008261 1.686473 1.538949 1.411079 1.264501 1.190840 1.190452 1.224575 1.259964 1.293934 1.337377 1.384128 1.429269 1.484133 1.530020 1.565359 1.574153 1.511822 1.321847 1.062848 0.9367573 0.9163464 0.9448184 0.9852845 1.031873 1.084602 1.143319 1.202965 1.267195 1.342100 1.426421 1.528481 1.642944 1.750675
1.148293 1.174242 1.194207 1.215454 1.246375 1.288007 1.337766 1.388360 1.435513 1.478421 1.517926 1.558477 1.604060 1.656194 1.714662 1.779448 1.849689 1.915301 1.970228 2.026176 2.086250 2.148028 2.221418 2.312868 2.388897 2.293212 1.963061 1.597682 1.345715 1.217578 1.189445 1.209218 1.244461 1.273804 1.308417 1.350524 1.400011 1.448475 1.491287 1.524917 1.519511 1.415180 1.210991 0.9903693 0.9026062 0.8945566 0.9191566 0.9563618 0.9993939 1.049020 1.106345 1.167681 1.234171 1.304700 1.384494 1.466718 1.559806 1.674210 1.786937
1.210361 1.232186 1.248364 1.275563 1.312574 1.351397 1.388103 1.418756 1.445752 1.475708 1.514407 1.565232 1.627310 1.692676 1.755084 1.817915 1.878746 1.929312 1.967730 2.026772 2.100102 2.161208 2.232647 2.308934 2.377777 2.441286 2.280579 1.716142 1.407408 1.276053 1.236897 1.246024 1.267429 1.283227 1.316971 1.360305 1.405299 1.445666 1.472087 1.454722 1.322150 1.121187 0.9350011 0.8618481 0.8718425 0.8985668 0.9304905 0.9664906 1.006989 1.053476 1.105800 1.165946 1.234330 1.304165 1.377405 1.458808 1.548325 1.645943 1.757283
1.251488 1.268296 1.292584 1.326679 1.361675 1.392715 1.418245 1.438408 1.456292 1.478771 1.513349 1.566077 1.637613 1.714855 1.783608 1.846155 1.900785 1.941764 1.977967 2.027756 2.097863 2.171473 2.241004 2.304625 2.367092 2.435140 2.313492 1.844781 1.545226 1.434729 1.370282 1.336365 1.324791 1.323379 1.334180 1.356529 1.381263 1.403663 1.373892 1.205287 0.9879173 0.8479431 0.8092288 0.8170565 0.8463386 0.8778280 0.9064143 0.9409713 0.9786270 1.019694 1.054680 1.106107 1.167095 1.223556 1.294528 1.373332 1.457301 1.541786 1.660693
1.255494 1.276656 1.311633 1.350593 1.384313 1.411102 1.431718 1.449477 1.468117 1.492458 1.527503 1.581580 1.661116 1.746145 1.813784 1.868570 1.922124 1.959005 1.994407 2.027843 2.084782 2.168918 2.242705 2.297893 2.349452 2.423629 2.358701 1.914935 1.691608 1.630307 1.551334 1.469884 1.434494 1.407674 1.380174 1.360293 1.334699 1.268073 1.096223 0.8686326 0.7458322 0.7184946 0.7306307 0.7514608 0.7794165 0.8039504 0.8290633 0.8631126 0.8996930 0.9310068 0.9649668 1.007067 1.053690 1.096748 1.151812 1.226104 1.295930 1.382032 1.494995
1.254809 1.284743 1.319039 1.352683 1.383383 1.410036 1.432818 1.455154 1.481867 1.516736 1.564560 1.631483 1.713909 1.793149 1.852788 1.895091 1.934404 1.977413 2.012893 2.041158 2.079573 2.151563 2.229073 2.282931 2.328664 2.390311 2.298081 1.952046 1.745603 1.745437 1.717507 1.631084 1.532299 1.506183 1.472884 1.419300 1.294177 1.083237 0.8324288 0.6826354 0.6427645 0.6457455 0.6580132 0.6765203 0.6993018 0.7247190 0.7460239 0.7754225 0.8076490 0.8320023 0.8664189 0.9014755 0.9363015 0.9597456 1.005701 1.065844 1.132385 1.210575 1.319160
1.263084 1.294930 1.324799 1.351993 1.378407 1.405351 1.431404 1.459525 1.495774 1.543421 1.606309 1.684818 1.768933 1.841895 1.891023 1.921049 1.947203 1.987537 2.024050 2.046688 2.065914 2.120491 2.194067 2.246083 2.280434 2.330528 2.286211 1.945905 1.761735 1.756975 1.764478 1.749861 1.657927 1.543075 1.514004 1.434930 1.204431 0.9168444 0.7342705 0.6688146 0.6399436 0.6323781 0.6352989 0.6426101 0.6553716 0.6715256 0.6893217 0.7115628 0.7350353 0.7517894 0.7769017 0.8033739 0.8238111 0.8465824 0.8790038 0.9225857 0.9713866 1.046061 1.151054
