simulation_files/asc/Depth____000345.asc
NCOLS        79
NROWS        79
XLLCENTER         -1.500000
YLLCENTER         -4.800000
CELLSIZE           0.100
NODATA_VALUE     -9999.0
[rows 0 to 25 of 79, columns 0 to 58 of 79]
-9999.000 -9999.000 -9999.000 -9999.000 -9999.000 -9999.000 -9999.000 -9999.000 -9999.000 -9999.000 -9999.000 -9999.000 -9999.000 -9999.000 -9999.000 0.6612614 0.6615864 0.6615516 0.6614255 0.6612439 0.6610224 0.6607778 0.6605276 0.6602772 0.6600358 0.6598084 0.6595890 0.6593427 0.6589611 0.6589115 0.6589115 -9999.000 -9999.000 -9999.000 -9999.000 -9999.000 -9999.000 -9999.000 -9999.000 -9999.000 -9999.000 -9999.000 -9999.000 -9999.000 -9999.000 -9999.000 -9999.000 -9999.000 -9999.000 -9999.000 -9999.000 -9999.000 -9999.000 -9999.000 -9999.000 -9999.000 -9999.000 -9999.000 -9999.000
-9999.000 -9999.000 -9999.000 -9999.000 -9999.000 -9999.000 -9999.000 -9999.000 -9999.000 -9999.000 -9999.000 -9999.000 -9999.000 -9999.000 -9999.000 0.6630131 0.6633329 0.6633027 0.6632002 0.6630552 0.6628807 0.6626897 0.6624968 0.6623054 0.6621230 0.6619534 0.6617910 0.6616048 0.6612973 0.6613273 0.6613273 -9999.000 -9999.000 -9999.000 -9999.000 -9999.000 -9999.000 -9999.000 -9999.000 -9999.000 -9999.000 -9999.000 -9999.000 -9999.000 -9999.000 -9999.000 -9999.000 -9999.000 -9999.000 -9999.000 -9999.000 -9999.000 -9999.000 -9999.000 -9999.000 -9999.000 -9999.000 -9999.000 -9999.000
-9999.000 -9999.000 -9999.000 -9999.000 -9999.000 -9999.000 -9999.000 -9999.000 -9999.000 -9999.000 -9999.000 -9999.000 -9999.000 -9999.000 -9999.000 0.6649341 0.6652817 0.6652567 0.6651598 0.6650215 0.6648545 0.6646727 0.6644901 0.6643098 0.6641386 0.6639795 0.6638253 0.6636424 0.6633269 0.6633523 0.6633523 -9999.000 -9999.000 -9999.000 -9999.000 -9999.000 -9999.000 -9999.000 -9999.000 -9999.000 -9999.000 -9999.000 -9999.000 -9999.000 -9999.000 -9999.000 -9999.000 -9999.000 -9999.000 -9999.000 -9999.000 -9999.000 -9999.000 -9999.000 -9999.000 -9999.000 -9999.000 -9999.000 -9999.000
-9999.000 -9999.000 -9999.000 -9999.000 -9999.000 -9999.000 -9999.000 -9999.000 -9999.000 -9999.000 -9999.000 -9999.000 -9999.000 -9999.000 -9999.000 0.6669037 0.6672671 0.6672432 0.6671470 0.6670091 0.6668428 0.6666619 0.6664809 0.6663023 0.6661328 0.6659755 0.6658217 0.6656355 0.6653056 0.6653090 0.6653090 -9999.000 -9999.000 -9999.000 -9999.000 -9999.000 -9999.000 -9999.000 -9999.000 -9999.000 -9999.000 -9999.000 -9999.000 -9999.000 -9999.000 -9999.000 -9999.000 -9999.000 -9999.000 -9999.000 -9999.000 -9999.000 -9999.000 -9999.000 -9999.000 -9999.000 -9999.000 -9999.000 -9999.000
-9999.000 -9999.000 -9999.000 -9999.000 -9999.000 -9999.000 -9999.000 -9999.000 -9999.000 -9999.000 -9999.000 -9999.000 -9999.000 -9999.000 -9999.000 0.6688945 0.6692680 0.6692429 0.6691447 0.6690043 0.6688349 0.6686509 0.6684672 0.6682857 0.6681137 0.6679538 0.6677966 0.6676030 0.6672533 0.6672200 0.6672200 -9999.000 -9999.000 -9999.000 -9999.000 -9999.000 -9999.000 -9999.000 -9999.000 -9999.000 -9999.000 -9999.000 -9999.000 -9999.000 -9999.000 -9999.000 -9999.000 -9999.000 -9999.000 -9999.000 -9999.000 -9999.000 -9999.000 -9999.000 -9999.000 -9999.000 -9999.000 -9999.000 -9999.000
-9999.000 -9999.000 -9999.000 -9999.000 -9999.000 -9999.000 -9999.000 -9999.000 -9999.000 -9999.000 -9999.000 -9999.000 -9999.000 -9999.000 -9999.000 0.6708931 0.6712738 0.6712460 0.6711445 0.6710001 0.6708257 0.6706365 0.6704479 0.6702613 0.6700845 0.6699198 0.6697569 0.6695532 0.6691783 0.6690935 0.6690935 -9999.000 -9999.000 -9999.000 -9999.000 -9999.000 -9999.000 -9999.000 -9999.000 -9999.000 -9999.000 -9999.000 -9999.000 -9999.000 -9999.000 -9999.000 -9999.000 -9999.000 -9999.000 -9999.000 -9999.000 -9999.000 -9999.000 -9999.000 -9999.000 -9999.000 -9999.000 -9999.000 -9999.000
-9999.000 -9999.000 -9999.000 -9999.000 -9999.000 -9999.000 -9999.000 -9999.000 -9999.000 -9999.000 -9999.000 -9999.000 -9999.000 -9999.000 -9999.000 0.6728926 0.6732789 0.6732476 0.6731421 0.6729927 0.6728124 0.6726169 0.6724223 0.6722293 0.6720464 0.6718756 0.6717054 0.6714892 0.6710839 0.6709300 0.6709300 -9999.000 -9999.000 -9999.000 -9999.000 -9999.000 -9999.000 -9999.000 -9999.000 -9999.000 -9999.000 -9999.000 -9999.000 -9999.000 -9999.000 -9999.000 -9999.000 -9999.000 -9999.000 -9999.000 -9999.000 -9999.000 -9999.000 -9999.000 -9999.000 -9999.000 -9999.000 -9999.000 -9999.000
-9999.000 -9999.000 -9999.000 -9999.000 -9999.000 -9999.000 -9999.000 -9999.000 -9999.000 -9999.000 -9999.000 -9999.000 -9999.000 -9999.000 -9999.000 0.6748893 0.6752805 0.6752445 0.6751344 0.6749797 0.6747928 0.6745905 0.6743892 0.6741889 0.6739990 0.6738214 0.6736426 0.6734115 0.6729694 0.6727241 0.6727241 -9999.000 -9999.000 -9999.000 -9999.000 -9999.000 -9999.000 -9999.000 -9999.000 -9999.000 -9999.000 -9999.000 -9999.000 -9999.000 -9999.000 -9999.000 -9999.000 -9999.000 -9999.000 -9999.000 -9999.000 -9999.000 -9999.000 -9999.000 -9999.000 -9999.000 -9999.000 -9999.000 -9999.000
-9999.000 -9999.000 -9999.000 -9999.000 -9999.000 -9999.000 -9999.000 -9999.000 -9999.000 -9999.000 -9999.000 -9999.000 -9999.000 -9999.000 -9999.000 0.6768803 0.6772761 0.6772349 0.6771197 0.6769592 0.6767652 0.6765555 0.6763471 0.6761391 0.6759416 0.6757562 0.6755676 0.6753190 0.6748327 0.6744655 0.6744655 -9999.000 -9999.000 -9999.000 -9999.000 -9999.000 -9999.000 -9999.000 -9999.000 -9999.000 -9999.000 -9999.000 -9999.000 -9999.000 -9999.000 -9999.000 -9999.000 -9999.000 -9999.000 -9999.000 -9999.000 -9999.000 -9999.000 -9999.000 -9999.000 -9999.000 -9999.000 -9999.000 -9999.000
-9999.000 -9999.000 -9999.000 -9999.000 -9999.000 -9999.000 -9999.000 -9999.000 -9999.000 -9999.000 -9999.000 -9999.000 -9999.000 -9999.000 -9999.000 0.6788636 0.6792639 0.6792165 0.6790959 0.6789291 0.6787276 0.6785101 0.6782943 0.6780778 0.6778722 0.6776784 0.6774787 0.6772091 0.6766697 0.6761386 0.6761386 -9999.000 -9999.000 -9999.000 -9999.000 -9999.000 -9999.000 -9999.000 -9999.000 -9999.000 -9999.000 -9999.000 -9999.000 -9999.000 -9999.000 -9999.000 -9999.000 -9999.000 -9999.000 -9999.000 -9999.000 -9999.000 -9999.000 -9999.000 -9999.000 -9999.000 -9999.000 -9999.000 -9999.000
-9999.000 -9999.000 -9999.000 -9999.000 -9999.000 -9999.000 -9999.000 -9999.000 -9999.000 -9999.000 -9999.000 -9999.000 -9999.000 -9999.000 -9999.000 0.6808363 0.6812418 0.6811873 0.6810607 0.6808872 0.6806777 0.6804518 0.6802282 0.6800026 0.6797881 0.6795851 0.6793727 0.6790783 0.6784741 0.6777195 0.6777195 -9999.000 -9999.000 -9999.000 -9999.000 -9999.000 -9999.000 -9999.000 -9999.000 -9999.000 -9999.000 -9999.000 -9999.000 -9999.000 -9999.000 -9999.000 -9999.000 -9999.000 -9999.000 -9999.000 -9999.000 -9999.000 -9999.000 -9999.000 -9999.000 -9999.000 -9999.000 -9999.000 -9999.000
-9999.000 -9999.000 -9999.000 -9999.000 -9999.000 -9999.000 -9999.000 -9999.000 -9999.000 -9999.000 -9999.000 -9999.000 -9999.000 -9999.000 -9999.000 0.6827953 0.6832069 0.6831444 0.6830112 0.6828306 0.6826123 0.6823775 0.6821456 0.6819099 0.6816858 0.6814724 0.6812451 0.6809207 0.6802371 0.6791716 0.6791716 -9999.000 -9999.000 -9999.000 -9999.000 -9999.000 -9999.000 -9999.000 -9999.000 -9999.000 -9999.000 -9999.000 -9999.000 -9999.000 -9999.000 -9999.000 -9999.000 -9999.000 -9999.000 -9999.000 -9999.000 -9999.000 -9999.000 -9999.000 -9999.000 -9999.000 -9999.000 -9999.000 -9999.000
-9999.000 -9999.000 -9999.000 -9999.000 -9999.000 -9999.000 -9999.000 -9999.000 -9999.000 -9999.000 -9999.000 -9999.000 -9999.000 -9999.000 -9999.000 0.6847357 0.6851555 0.6850839 0.6849436 0.6847550 0.6845271 0.6842825 0.6840416 0.6837947 0.6835598 0.6833345 0.6830894 0.6827278 0.6819449 0.6804361 0.6804361 -9999.000 -9999.000 -9999.000 -9999.000 -9999.000 -9999.000 -9999.000 -9999.000 -9999.000 -9999.000 -9999.000 -9999.000 -9999.000 -9999.000 -9999.000 -9999.000 -9999.000 -9999.000 -9999.000 -9999.000 -9999.000 -9999.000 -9999.000 -9999.000 -9999.000 -9999.000 -9999.000 -9999.000
-9999.000 -9999.000 -9999.000 -9999.000 -9999.000 -9999.000 -9999.000 -9999.000 -9999.000 -9999.000 -9999.000 -9999.000 -9999.000 -9999.000 -9999.000 0.6866366 0.6870740 0.6869962 0.6868508 0.6866556 0.6864182 0.6861631 0.6859120 0.6856517 0.6854037 0.6851636 0.6848958 0.6844865 0.6835773 0.6814204 0.6814204 -9999.000 -9999.000 -9999.000 -9999.000 -9999.000 -9999.000 -9999.000 -9999.000 -9999.000 -9999.000 -9999.000 -9999.000 -9999.000 -9999.000 -9999.000 -9999.000 -9999.000 -9999.000 -9999.000 -9999.000 -9999.000 -9999.000 -9999.000 -9999.000 -9999.000 -9999.000 -9999.000 -9999.000
-9999.000 -9999.000 -9999.000 -9999.000 -9999.000 -9999.000 -9999.000 -9999.000 -9999.000 -9999.000 -9999.000 -9999.000 -9999.000 -9999.000 -9999.000 0.6853144 0.6881874 0.6890599 0.6891741 0.6890882 0.6888819 0.6886010 0.6882895 0.6879442 0.6876038 0.6872706 0.6869032 0.6863533 0.6851450 0.6813097 0.6813097 -9999.000 -9999.000 -9999.000 -9999.000 -9999.000 -9999.000 -9999.000 -9999.000 -9999.000 -9999.000 -9999.000 -9999.000 -9999.000 -9999.000 -9999.000 -9999.000 -9999.000 -9999.000 -9999.000 -9999.000 -9999.000 -9999.000 -9999.000 -9999.000 -9999.000 -9999.000 -9999.000 -9999.000
0.7499441 0.7499441 0.7514830 0.7378992 0.7304071 0.7304071 0.7270921 0.7220447 0.7220447 0.7179359 0.7179359 0.7145277 0.7130237 0.7116215 0.7102819 0.7102819 0.6917849 0.6906189 0.6906858 0.6913581 0.6924788 0.6941322 0.6963360 0.6985952 0.7009543 0.7031520 0.7045671 0.7036167 0.6960829 0.6657529 0.6657529 0.4620611 0.4282417 0.4095967 0.4034953 0.4034953 0.3946729 0.3946729 0.4005531 0.4005531 0.4132685 0.4652370 0.4652370 0.5664769 0.5664769 0.6007211 0.6007211 0.6007211 0.5979282 0.5979282 0.5872396 0.5872396 0.5739119 0.5739119 0.5604030 0.5604030 0.5482526 0.5482526 0.5482526
0.7472284 0.7472284 0.7498709 0.7360204 0.7296409 0.7296409 0.7261732 0.7210484 0.7210484 0.7169401 0.7169401 0.7135437 0.7120468 0.7106517 0.7093192 0.7093192 0.6931879 0.6889502 0.6852677 0.6820752 0.6794720 0.6776625 0.6767885 0.6767369 0.6775286 0.6790441 0.6809669 0.6827000 0.6818121 0.6681393 0.6681393 0.5293242 0.4772968 0.4272849 0.4136987 0.4136987 0.3993061 0.3993061 0.4040466 0.4040466 0.4158337 0.4607179 0.4607179 0.5442274 0.5442274 0.5993775 0.5993775 0.5993775 0.5980535 0.5980535 0.5876016 0.5876016 0.5742913 0.5742913 0.5608684 0.5608684 0.5487525 0.5487525 0.5487525
0.7460696 0.7460696 0.7493952 0.7356187 0.7298558 0.7298558 0.7262880 0.7210416 0.7210416 0.7169029 0.7169029 0.7134973 0.7119972 0.7106005 0.7092630 0.7092630 0.6941142 0.6870938 0.6803322 0.6741638 0.6688125 0.6644744 0.6612867 0.6592130 0.6582590 0.6583619 0.6593099 0.6606137 0.6605302 0.6521896 0.6521896 0.5623012 0.5084981 0.4449830 0.4264474 0.4264474 0.4090039 0.4090039 0.4172495 0.4172495 0.4305035 0.4701614 0.4701614 0.5323243 0.5323243 0.5934427 0.5934427 0.5934427 0.5959628 0.5959628 0.5868560 0.5868560 0.5739896 0.5739896 0.5607719 0.5607719 0.5487900 0.5487900 0.5487900
0.7455148 0.7455148 0.7492693 0.7354876 0.7300936 0.7300936 0.7264510 0.7210716 0.7210716 0.7168977 0.7168977 0.7134879 0.7119891 0.7105950 0.7092539 0.7092539 0.6943294 0.6847613 0.6751117 0.6661279 0.6581974 0.6515486 0.6463121 0.6424764 0.6400108 0.6388418 0.6387949 0.6394836 0.6396118 0.6341274 0.6341274 0.5764124 0.5283268 0.4624345 0.4424232 0.4424232 0.4274494 0.4274494 0.4421533 0.4421533 0.4561445 0.4868561 0.4868561 0.5261002 0.5261002 0.5819051 0.5819051 0.5819051 0.5895671 0.5895671 0.5834994 0.5834994 0.5720803 0.5720803 0.5596185 0.5596185 0.5481842 0.5481842 0.5481842
0.7458979 0.7458979 0.7479178 0.7354598 0.7302938 0.7302938 0.7266023 0.7211097 0.7211097 0.7169027 0.7169027 0.7134864 0.7119871 0.7105926 0.7092426 0.7092426 0.6935224 0.6815461 0.6691716 0.6574869 0.6470346 0.6381007 0.6308347 0.6252564 0.6213278 0.6189628 0.6179956 0.6180980 0.6182926 0.6149166 0.6149166 0.5778310 0.5381967 0.4780576 0.4611514 0.4611514 0.4567117 0.4567117 0.4775944 0.4775944 0.4891483 0.5061888 0.5061888 0.5243560 0.5243560 0.5670515 0.5670515 0.5670515 0.5790158 0.5790158 0.5772287 0.5772287 0.5684292 0.5684292 0.5575022 0.5575022 0.5471456 0.5471456 0.5471456
0.7459150 0.7459150 0.7471670 0.7354448 0.7304354 0.7304354 0.7267199 0.7211432 0.7211432 0.7169066 0.7169066 0.7134846 0.7119849 0.7105905 0.7092268 0.7092268 0.6914345 0.6770526 0.6620894 0.6478546 0.6349957 0.6238477 0.6145825 0.6072505 0.6018277 0.5982348 0.5963213 0.5958066 0.5959501 0.5941383 0.5941383 0.5707621 0.5403153 0.4935057 0.4853957 0.4853957 0.4977351 0.4977351 0.5181106 0.5181106 0.5232206 0.5245087 0.5245087 0.5259485 0.5259485 0.5521742 0.5521742 0.5521742 0.5657519 0.5657519 0.5682377 0.5682377 0.5629320 0.5629320 0.5543622 0.5543622 0.5457008 0.5457008 0.5457008
0.7459159 0.7459159 0.7467419 0.7354299 0.7305160 0.7305160 0.7267925 0.7211652 0.7211652 0.7169091 0.7169091 0.7134834 0.7119835 0.7105896 0.7092063 0.7092063 0.6877838 0.6708606 0.6533927 0.6367695 0.6216747 0.6084594 0.5973035 0.5882755 0.5813686 0.5765208 0.5736068 0.5723964 0.5723390 0.5716434 0.5716434 0.5577702 0.5369997 0.5137925 0.5205681 0.5205681 0.5472179 0.5472179 0.5560789 0.5560789 0.5527431 0.5401826 0.5401826 0.5297828 0.5297828 0.5397284 0.5397284 0.5397284 0.5517071 0.5517071 0.5572082 0.5572082 0.5556526 0.5556526 0.5501304 0.5501304 0.5438130 0.5438130 0.5438130
0.7459145 0.7459145 0.7466049 0.7354240 0.7305421 0.7305421 0.7268170 0.7211729 0.7211729 0.7169099 0.7169099 0.7134828 0.7119830 0.7105893 0.7091779 0.7091779 0.6821965 0.6624772 0.6425283 0.6236767 0.6065602 0.5914981 0.5786496 0.5680785 0.5597854 0.5537242 0.5497973 0.5478271 0.5474316 0.5475397 0.5475397 0.5408670 0.5315202 0.5469522 0.5704963 0.5704963 0.5961183 0.5961183 0.5861098 0.5861098 0.5755450 0.5532490 0.5532490 0.5349908 0.5349908 0.5307884 0.5307884 0.5307884 0.5386317 0.5386317 0.5451780 0.5451780 0.5469171 0.5469171 0.5448377 0.5448377 0.5414568 0.5414568 0.5414568
0.7459159 0.7459159 0.7467417 0.7354298 0.7305160 0.7305160 0.7267924 0.7211652 0.7211652 0.7169089 0.7169089 0.7134833 0.7119835 0.7105896 0.7091385 0.7091385 0.6741359 0.6512684 0.6288182 0.6079034 0.5890245 0.5724098 0.5581582 0.5462995 0.5368224 0.5296861 0.5248159 0.5220853 0.5212895 0.5221993 0.5221993 0.5226109 0.5302339 0.5992729 0.6300508 0.6300508 0.6346254 0.6346254 0.6075927 0.6075927 0.5925056 0.5642638 0.5642638 0.5408370 0.5408370 0.5252711 0.5252711 0.5252711 0.5276699 0.5276699 0.5332915 0.5332915 0.5373189 0.5373189 0.5386823 0.5386823 0.5386662 0.5386662 0.5386662
0.7459151 0.7459151 0.7471666 0.7354448 0.7304354 0.7304354 0.7267199 0.7211431 0.7211431 0.7169064 0.7169064 0.7134845 0.7119848 0.7105906 0.7090836 0.7090836 0.6627843 0.6363548 0.6113800 0.5886063 0.5682930 0.5505073 0.5352415 0.5224585 0.5121117 0.5041491 0.4985085 0.4951137 0.4940285 0.4965910 0.4965910 0.5082856 0.5456314 0.6650640 0.6834660 0.6834660 0.6596197 0.6596197 0.6227584 0.6227584 0.6053798 0.5736215 0.5736215 0.5467066 0.5467066 0.5224811 0.5224811 0.5224811 0.5192788 0.5192788 0.5225462 0.5225462 0.5276402 0.5276402 0.5320622 0.5320622 0.5355799 0.5355799 0.5355799
0.7458981 0.7458981 0.7479176 0.7354598 0.7302939 0.7302939 0.7266021 0.7211097 0.7211097 0.7169024 0.7169024 0.7134866 0.7119871 0.7105927 0.7090079 0.7090079 0.6468378 0.6164383 0.5889964 0.5646804 0.5433825 0.5249309 0.5091612 0.4959370 0.4851534 0.4767318 0.4706088 0.4667768 0.4659601 0.4737567 0.4737567 0.5106047 0.5940107 0.7228142 0.7169122 0.7169122 0.6747187 0.6747187 0.6338146 0.6338146 0.6153945 0.5814153 0.5814153 0.5521029 0.5521029 0.5215529 0.5215529 0.5215529 0.5133724 0.5133724 0.5136181 0.5136181 0.5187051 0.5187051 0.5255386 0.5255386 0.5324485 0.5324485 0.5324485
