simulation_files/asc/Depth____222.0.asc
NCOLS        79
NROWS        79
XLLCENTER         -1.500000
YLLCENTER         -4.800000
CELLSIZE           0.100
NODATA_VALUE     -9999.0
[rows 0 to 25 of 79, columns 0 to 58 of 79]
-9999.000 -9999.000 -9999.000 -9999.000 -9999.000 -9999.000 -9999.000 -9999.000 -9999.000 -9999.000 -9999.000 -9999.000 -9999.000 -9999.000 -9999.000 0.7631401 0.7637227 0.7640138 0.7641008 0.7639201 0.7636234 0.7632883 0.7629402 0.7626035 0.7622938 0.7620095 0.7617504 0.7614897 0.7611178 0.7610910 0.7610910 -9999.000 -9999.000 -9999.000 -9999.000 -9999.000 -9999.000 -9999.000 -9999.000 -9999.000 -9999.000 -9999.000 -9999.000 -9999.000 -9999.000 -9999.000 -9999.000 -9999.000 -9999.000 -9999.000 -9999.000 -9999.000 -9999.000 -9999.000 -9999.000 -9999.000 -9999.000 -9999.000 -9999.000
-9999.000 -9999.000 -9999.000 -9999.000 -9999.000 -9999.000 -9999.000 -9999.000 -9999.000 -9999.000 -9999.000 -9999.000 -9999.000 -9999.000 -9999.000 0.7649660 0.7654846 0.7657210 0.7657907 0.7656422 0.7654049 0.7651433 0.7648762 0.7646222 0.7643926 0.7641845 0.7639964 0.7638039 0.7635094 0.7635721 0.7635721 -9999.000 -9999.000 -9999.000 -9999.000 -9999.000 -9999.000 -9999.000 -9999.000 -9999.000 -9999.000 -9999.000 -9999.000 -9999.000 -9999.000 -9999.000 -9999.000 -9999.000 -9999.000 -9999.000 -9999.000 -9999.000 -9999.000 -9999.000 -9999.000 -9999.000 -9999.000 -9999.000 -9999.000
-9999.000 -9999.000 -9999.000 -9999.000 -9999.000 -9999.000 -9999.000 -9999.000 -9999.000 -9999.000 -9999.000 -9999.000 -9999.000 -9999.000 -9999.000 0.7668703 0.7674280 0.7676783 0.7677585 0.7676154 0.7673830 0.7671276 0.7668678 0.7666224 0.7664023 0.7662032 0.7660226 0.7658340 0.7655340 0.7655925 0.7655925 -9999.000 -9999.000 -9999.000 -9999.000 -9999.000 -9999.000 -9999.000 -9999.000 -9999.000 -9999.000 -9999.000 -9999.000 -9999.000 -9999.000 -9999.000 -9999.000 -9999.000 -9999.000 -9999.000 -9999.000 -9999.000 -9999.000 -9999.000 -9999.000 -9999.000 -9999.000 -9999.000 -9999.000
-9999.000 -9999.000 -9999.000 -9999.000 -9999.000 -9999.000 -9999.000 -9999.000 -9999.000 -9999.000 -9999.000 -9999.000 -9999.000 -9999.000 -9999.000 0.7688259 0.7694095 0.7696677 0.7697520 0.7696073 0.7693727 0.7691158 0.7688549 0.7686093 0.7683896 0.7681908 0.7680100 0.7678186 0.7675071 0.7675440 0.7675440 -9999.000 -9999.000 -9999.000 -9999.000 -9999.000 -9999.000 -9999.000 -9999.000 -9999.000 -9999.000 -9999.000 -9999.000 -9999.000 -9999.000 -9999.000 -9999.000 -9999.000 -9999.000 -9999.000 -9999.000 -9999.000 -9999.000 -9999.000 -9999.000 -9999.000 -9999.000 -9999.000 -9999.000
-9999.000 -9999.000 -9999.000 -9999.000 -9999.000 -9999.000 -9999.000 -9999.000 -9999.000 -9999.000 -9999.000 -9999.000 -9999.000 -9999.000 -9999.000 0.7708000 0.7714044 0.7716683 0.7717535 0.7716038 0.7713636 0.7711017 0.7708359 0.7705862 0.7703633 0.7701609 0.7699763 0.7697789 0.7694513 0.7694530 0.7694530 -9999.000 -9999.000 -9999.000 -9999.000 -9999.000 -9999.000 -9999.000 -9999.000 -9999.000 -9999.000 -9999.000 -9999.000 -9999.000 -9999.000 -9999.000 -9999.000 -9999.000 -9999.000 -9999.000 -9999.000 -9999.000 -9999.000 -9999.000 -9999.000 -9999.000 -9999.000 -9999.000 -9999.000
-9999.000 -9999.000 -9999.000 -9999.000 -9999.000 -9999.000 -9999.000 -9999.000 -9999.000 -9999.000 -9999.000 -9999.000 -9999.000 -9999.000 -9999.000 0.7727792 0.7734026 0.7736703 0.7737548 0.7735981 0.7733505 0.7730821 0.7728098 0.7725543 0.7723265 0.7721188 0.7719288 0.7717233 0.7713753 0.7713285 0.7713285 -9999.000 -9999.000 -9999.000 -9999.000 -9999.000 -9999.000 -9999.000 -9999.000 -9999.000 -9999.000 -9999.000 -9999.000 -9999.000 -9999.000 -9999.000 -9999.000 -9999.000 -9999.000 -9999.000 -9999.000 -9999.000 -9999.000 -9999.000 -9999.000 -9999.000 -9999.000 -9999.000 -9999.000
-9999.000 -9999.000 -9999.000 -9999.000 -9999.000 -9999.000 -9999.000 -9999.000 -9999.000 -9999.000 -9999.000 -9999.000 -9999.000 -9999.000 -9999.000 0.7747579 0.7753991 0.7756693 0.7757518 0.7755867 0.7753308 0.7750552 0.7747755 0.7745136 0.7742801 0.7740662 0.7738698 0.7736544 0.7732821 0.7731712 0.7731712 -9999.000 -9999.000 -9999.000 -9999.000 -9999.000 -9999.000 -9999.000 -9999.000 -9999.000 -9999.000 -9999.000 -9999.000 -9999.000 -9999.000 -9999.000 -9999.000 -9999.000 -9999.000 -9999.000 -9999.000 -9999.000 -9999.000 -9999.000 -9999.000 -9999.000 -9999.000 -9999.000 -9999.000
-9999.000 -9999.000 -9999.000 -9999.000 -9999.000 -9999.000 -9999.000 -9999.000 -9999.000 -9999.000 -9999.000 -9999.000 -9999.000 -9999.000 -9999.000 0.7767330 0.7773917 0.7776631 0.7777424 0.7775674 0.7773024 0.7770194 0.7767320 0.7764632 0.7762237 0.7760031 0.7757993 0.7755727 0.7751714 0.7749771 0.7749771 -9999.000 -9999.000 -9999.000 -9999.000 -9999.000 -9999.000 -9999.000 -9999.000 -9999.000 -9999.000 -9999.000 -9999.000 -9999.000 -9999.000 -9999.000 -9999.000 -9999.000 -9999.000 -9999.000 -9999.000 -9999.000 -9999.000 -9999.000 -9999.000 -9999.000 -9999.000 -9999.000 -9999.000
-9999.000 -9999.000 -9999.000 -9999.000 -9999.000 -9999.000 -9999.000 -9999.000 -9999.000 -9999.000 -9999.000 -9999.000 -9999.000 -9999.000 -9999.000 0.7787033 0.7793790 0.7796500 0.7797248 0.7795385 0.7792639 0.7789732 0.7786776 0.7784020 0.7781563 0.7779284 0.7777167 0.7774771 0.7770414 0.7767379 0.7767379 -9999.000 -9999.000 -9999.000 -9999.000 -9999.000 -9999.000 -9999.000 -9999.000 -9999.000 -9999.000 -9999.000 -9999.000 -9999.000 -9999.000 -9999.000 -9999.000 -9999.000 -9999.000 -9999.000 -9999.000 -9999.000 -9999.000 -9999.000 -9999.000 -9999.000 -9999.000 -9999.000 -9999.000
-9999.000 -9999.000 -9999.000 -9999.000 -9999.000 -9999.000 -9999.000 -9999.000 -9999.000 -9999.000 -9999.000 -9999.000 -9999.000 -9999.000 -9999.000 0.7806674 0.7813596 0.7816288 0.7816977 0.7814983 0.7812133 0.7809147 0.7806108 0.7803282 0.7800764 0.7798405 0.7796202 0.7793656 0.7788890 0.7784415 0.7784415 -9999.000 -9999.000 -9999.000 -9999.000 -9999.000 -9999.000 -9999.000 -9999.000 -9999.000 -9999.000 -9999.000 -9999.000 -9999.000 -9999.000 -9999.000 -9999.000 -9999.000 -9999.000 -9999.000 -9999.000 -9999.000 -9999.000 -9999.000 -9999.000 -9999.000 -9999.000 -9999.000 -9999.000
-9999.000 -9999.000 -9999.000 -9999.000 -9999.000 -9999.000 -9999.000 -9999.000 -9999.000 -9999.000 -9999.000 -9999.000 -9999.000 -9999.000 -9999.000 0.7826236 0.7833322 0.7835977 0.7836590 0.7834448 0.7831485 0.7828419 0.7825294 0.7822396 0.7819816 0.7817373 0.7815074 0.7812355 0.7807099 0.7800703 0.7800703 -9999.000 -9999.000 -9999.000 -9999.000 -9999.000 -9999.000 -9999.000 -9999.000 -9999.000 -9999.000 -9999.000 -9999.000 -9999.000 -9999.000 -9999.000 -9999.000 -9999.000 -9999.000 -9999.000 -9999.000 -9999.000 -9999.000 -9999.000 -9999.000 -9999.000 -9999.000 -9999.000 -9999.000
-9999.000 -9999.000 -9999.000 -9999.000 -9999.000 -9999.000 -9999.000 -9999.000 -9999.000 -9999.000 -9999.000 -9999.000 -9999.000 -9999.000 -9999.000 0.7845696 0.7852945 0.7855542 0.7856064 0.7853752 0.7850669 0.7847521 0.7844304 0.7841336 0.7838693 0.7836156 0.7833751 0.7830825 0.7824979 0.7815980 0.7815980 -9999.000 -9999.000 -9999.000 -9999.000 -9999.000 -9999.000 -9999.000 -9999.000 -9999.000 -9999.000 -9999.000 -9999.000 -9999.000 -9999.000 -9999.000 -9999.000 -9999.000 -9999.000 -9999.000 -9999.000 -9999.000 -9999.000 -9999.000 -9999.000 -9999.000 -9999.000 -9999.000 -9999.000
-9999.000 -9999.000 -9999.000 -9999.000 -9999.000 -9999.000 -9999.000 -9999.000 -9999.000 -9999.000 -9999.000 -9999.000 -9999.000 -9999.000 -9999.000 0.7864934 0.7872363 0.7874895 0.7875355 0.7872880 0.7869673 0.7866442 0.7863129 0.7860085 0.7857373 0.7854729 0.7852199 0.7849025 0.7842454 0.7829862 0.7829862 -9999.000 -9999.000 -9999.000 -9999.000 -9999.000 -9999.000 -9999.000 -9999.000 -9999.000 -9999.000 -9999.000 -9999.000 -9999.000 -9999.000 -9999.000 -9999.000 -9999.000 -9999.000 -9999.000 -9999.000 -9999.000 -9999.000 -9999.000 -9999.000 -9999.000 -9999.000 -9999.000 -9999.000
-9999.000 -9999.000 -9999.000 -9999.000 -9999.000 -9999.000 -9999.000 -9999.000 -9999.000 -9999.000 -9999.000 -9999.000 -9999.000 -9999.000 -9999.000 0.7880473 0.7888866 0.7892353 0.7894397 0.7892606 0.7889380 0.7886043 0.7882559 0.7879349 0.7876472 0.7873614 0.7870860 0.7867317 0.7859799 0.7842178 0.7842178 -9999.000 -9999.000 -9999.000 -9999.000 -9999.000 -9999.000 -9999.000 -9999.000 -9999.000 -9999.000 -9999.000 -9999.000 -9999.000 -9999.000 -9999.000 -9999.000 -9999.000 -9999.000 -9999.000 -9999.000 -9999.000 -9999.000 -9999.000 -9999.000 -9999.000 -9999.000 -9999.000 -9999.000
-9999.000 -9999.000 -9999.000 -9999.000 -9999.000 -9999.000 -9999.000 -9999.000 -9999.000 -9999.000 -9999.000 -9999.000 -9999.000 -9999.000 -9999.000 0.7748097 0.7850260 0.7906791 0.7945635 0.7953228 0.7943268 0.7933275 0.7923539 0.7914893 0.7907507 0.7900923 0.7895136 0.7888837 0.7877718 0.7845225 0.7845225 -9999.000 -9999.000 -9999.000 -9999.000 -9999.000 -9999.000 -9999.000 -9999.000 -9999.000 -9999.000 -9999.000 -9999.000 -9999.000 -9999.000 -9999.000 -9999.000 -9999.000 -9999.000 -9999.000 -9999.000 -9999.000 -9999.000 -9999.000 -9999.000 -9999.000 -9999.000 -9999.000 -9999.000
0.8856934 0.8856934 0.8771811 0.8712031 0.8623778 0.8623778 0.8587289 0.8531951 0.8531951 0.8487754 0.8487754 0.8451164 0.8434958 0.8419839 0.8404409 0.8404409 0.7950437 0.7934794 0.7920623 0.7905143 0.7918613 0.7937947 0.7960379 0.7989035 0.8021575 0.8050854 0.8076147 0.8083999 0.8032280 0.7754239 0.7754239 0.5551085 0.5141594 0.4873786 0.4782093 0.4782093 0.4627391 0.4627391 0.4595478 0.4595478 0.4673686 0.5099025 0.5099025 0.5909192 0.5909192 0.6918857 0.6918857 0.6918857 0.6990001 0.6990001 0.6904461 0.6904461 0.6756305 0.6756305 0.6593171 0.6593171 0.6437531 0.6437531 0.6437531
0.8825337 0.8825337 0.8751547 0.8691102 0.8614545 0.8614545 0.8576233 0.8520249 0.8520249 0.8476194 0.8476194 0.8439779 0.8423657 0.8408614 0.8393283 0.8393283 0.8003107 0.7932947 0.7875677 0.7824077 0.7789204 0.7764395 0.7748477 0.7743333 0.7748903 0.7762445 0.7783073 0.7804974 0.7810408 0.7736204 0.7736204 0.6261136 0.5678023 0.5080114 0.4905295 0.4905295 0.4684869 0.4684869 0.4646430 0.4646430 0.4721522 0.5104868 0.5104868 0.5786197 0.5786197 0.6831455 0.6831455 0.6831455 0.6967677 0.6967677 0.6901538 0.6901538 0.6759976 0.6759976 0.6599630 0.6599630 0.6445222 0.6445222 0.6445222
0.8809752 0.8809752 0.8745651 0.8686118 0.8616788 0.8616788 0.8577041 0.8519888 0.8519888 0.8475707 0.8475707 0.8439264 0.8423113 0.8408045 0.8392538 0.8392538 0.8044397 0.7930536 0.7832463 0.7745282 0.7674718 0.7618746 0.7575823 0.7546319 0.7530225 0.7525927 0.7532468 0.7545972 0.7553499 0.7507835 0.7507835 0.6602628 0.6006902 0.5270092 0.5039968 0.5039968 0.4776953 0.4776953 0.4780160 0.4780160 0.4887126 0.5272586 0.5272586 0.5807814 0.5807814 0.6712601 0.6712601 0.6712601 0.6905677 0.6905677 0.6875024 0.6875024 0.6748795 0.6748795 0.6594640 0.6594640 0.6443364 0.6443364 0.6443364
0.8799295 0.8799295 0.8740705 0.8683742 0.8619295 0.8619295 0.8578348 0.8519893 0.8519893 0.8475633 0.8475633 0.8439245 0.8423106 0.8408046 0.8392268 0.8392268 0.8073608 0.7924365 0.7788153 0.7665662 0.7561280 0.7475348 0.7406957 0.7355673 0.7320965 0.7301319 0.7295318 0.7299885 0.7305556 0.7278218 0.7278218 0.6718196 0.6201094 0.5447058 0.5196698 0.5196698 0.4947145 0.4947145 0.5039292 0.5039292 0.5183527 0.5534452 0.5534452 0.5885773 0.5885773 0.6558772 0.6558772 0.6558772 0.6787357 0.6787357 0.6806718 0.6806718 0.6711270 0.6711270 0.6573264 0.6573264 0.6431568 0.6431568 0.6431568
0.8795676 0.8795676 0.8736075 0.8683335 0.8621725 0.8621725 0.8579618 0.8519861 0.8519861 0.8475544 0.8475544 0.8439233 0.8423110 0.8408058 0.8391852 0.8391852 0.8086242 0.7907394 0.7736815 0.7580752 0.7443987 0.7328371 0.7233959 0.7160361 0.7106869 0.7072031 0.7054135 0.7050354 0.7053453 0.7038973 0.7038973 0.6693435 0.6279869 0.5590687 0.5364338 0.5364338 0.5221839 0.5221839 0.5434303 0.5434303 0.5588412 0.5830106 0.5830106 0.5985239 0.5985239 0.6400470 0.6400470 0.6400470 0.6628683 0.6628683 0.6697894 0.6697894 0.6645793 0.6645793 0.6535216 0.6535216 0.6411069 0.6411069 0.6411069
0.8795950 0.8795950 0.8732175 0.8684325 0.8624102 0.8624102 0.8580959 0.8519980 0.8519980 0.8475510 0.8475510 0.8439232 0.8423119 0.8408072 0.8391242 0.8391242 0.8079243 0.7873607 0.7672151 0.7485154 0.7318317 0.7174435 0.7054406 0.6958204 0.6885261 0.6834340 0.6803756 0.6790932 0.6790239 0.6784328 0.6784328 0.6576163 0.6267375 0.5710739 0.5565215 0.5565215 0.5633210 0.5633210 0.5926428 0.5926428 0.6033266 0.6103647 0.6103647 0.6085693 0.6085693 0.6265692 0.6265692 0.6265692 0.6456368 0.6456368 0.6558723 0.6558723 0.6553515 0.6553515 0.6479640 0.6479640 0.6381450 0.6381450 0.6381450
0.8799626 0.8799626 0.8723800 0.8685217 0.8625628 0.8625628 0.8581800 0.8520025 0.8520025 0.8475474 0.8475474 0.8439227 0.8423123 0.8408081 0.8390366 0.8390366 0.8049754 0.7817495 0.7587603 0.7372533 0.7178564 0.7008928 0.6865004 0.6747112 0.6654917 0.6587477 0.6543344 0.6520321 0.6514116 0.6512929 0.6512929 0.6394918 0.6186774 0.5848965 0.5860476 0.5860476 0.6184097 0.6184097 0.6423687 0.6423687 0.6434557 0.6327382 0.6327382 0.6180323 0.6180323 0.6168805 0.6168805 0.6168805 0.6294996 0.6294996 0.6404343 0.6404343 0.6439040 0.6439040 0.6406676 0.6406676 0.6342071 0.6342071 0.6342071
0.8801074 0.8801074 0.8719996 0.8685663 0.8626191 0.8626191 0.8582104 0.8520041 0.8520041 0.8475463 0.8475463 0.8439228 0.8423129 0.8408088 0.8389139 0.8389139 0.7994034 0.7733133 0.7476116 0.7235690 0.7017931 0.6825917 0.6661035 0.6523700 0.6413721 0.6330415 0.6272643 0.6238670 0.6225460 0.6226247 0.6226247 0.6171011 0.6066866 0.6089013 0.6329332 0.6329332 0.6798422 0.6798422 0.6835158 0.6835158 0.6743895 0.6501325 0.6501325 0.6268572 0.6268572 0.6110765 0.6110765 0.6110765 0.6160415 0.6160415 0.6250784 0.6250784 0.6310332 0.6310332 0.6318498 0.6318498 0.6292962 0.6292962 0.6292962
0.8801075 0.8801075 0.8721665 0.8685495 0.8625731 0.8625731 0.8581839 0.8520033 0.8520033 0.8475484 0.8475484 0.8439238 0.8423133 0.8408092 0.8387438 0.8387438 0.7906387 0.7613167 0.7329457 0.7066257 0.6828431 0.6618187 0.6436384 0.6283158 0.6158238 0.6061053 0.5990725 0.5946001 0.5925252 0.5928074 0.5928074 0.5928171 0.5959882 0.6541358 0.6989927 0.6989927 0.7336832 0.7336832 0.7125323 0.7125323 0.6962673 0.6637974 0.6637974 0.6350932 0.6350932 0.6084752 0.6084752 0.6084752 0.6058787 0.6058787 0.6111447 0.6111447 0.6177914 0.6177914 0.6219922 0.6219922 0.6235632 0.6235632 0.6235632
0.8796484 0.8796484 0.8731887 0.8684736 0.8624273 0.8624273 0.8581052 0.8520033 0.8520033 0.8475538 0.8475538 0.8439255 0.8423144 0.8408099 0.8385108 0.8385108 0.7777812 0.7447509 0.7137185 0.6854059 0.6600518 0.6377084 0.6183493 0.6019194 0.5883546 0.5775875 0.5695443 0.5641462 0.5614518 0.5627131 0.5627131 0.5710515 0.5976712 0.7244191 0.7709501 0.7709501 0.7700453 0.7700453 0.7315990 0.7315990 0.7117081 0.6748600 0.6748600 0.6426433 0.6426433 0.6081175 0.6081175 0.6081175 0.5988744 0.5988744 0.5994899 0.5994899 0.6052396 0.6052396 0.6118047 0.6118047 0.6173387 0.6173387 0.6173387
0.8796960 0.8796960 0.8738695 0.8684067 0.8622075 0.8622075 0.8579807 0.8519946 0.8519946 0.8475587 0.8475587 0.8439268 0.8423148 0.8408098 0.8381904 0.8381904 0.7593566 0.7221205 0.6885055 0.6585986 0.6322374 0.6092095 0.5893169 0.5723950 0.5583154 0.5469803 0.5383140 0.5322971 0.5295469 0.5350459 0.5350459 0.5628095 0.6307828 0.8033569 0.8256208 0.8256208 0.7902380 0.7902380 0.7443770 0.7443770 0.7230181 0.6838663 0.6838663 0.6492743 0.6492743 0.6090804 0.6090804 0.6090804 0.5944744 0.5944744 0.5904600 0.5904600 0.5942793 0.5942793 0.6021311 0.6021311 0.6111285 0.6111285 0.6111285
