simulation_files/asc/Depth____64.0.asc
NCOLS       411
NROWS       131
XLLCENTER    2538020.000000
YLLCENTER    1152390.000000
CELLSIZE           1.000
NODATA_VALUE     -9999.0
[rows 0 to 25 of 131, columns 300 to 359 of 411]
-9999.000 -9999.000 -9999.000 -9999.000 -9999.000 -9999.000 -9999.000 -9999.000 -9999.000 -9999.000 -9999.000 -9999.000 -9999.000 -9999.000 -9999.000 -9999.000 -9999.000 -9999.000 -9999.000 -9999.000 -9999.000 -9999.000 -9999.000 -9999.000 -9999.000 -9999.000 -9999.000 -9999.000 -9999.000 -9999.000 -9999.000 -9999.000 -9999.000 -9999.000 -9999.000 -9999.000 -9999.000 -9999.000 -9999.000 -9999.000 -9999.000 -9999.000 -9999.000 -9999.000 -9999.000 -9999.000 -9999.000 -9999.000 -9999.000 -9999.000 -9999.000 -9999.000 -9999.000 -9999.000 -9999.000 -9999.000 -9999.000 -9999.000 -9999.000 -9999.000
-9999.000 -9999.000 -9999.000 -9999.000 -9999.000 -9999.000 -9999.000 -9999.000 -9999.000 -9999.000 -9999.000 -9999.000 -9999.000 -9999.000 -9999.000 -9999.000 -9999.000 -9999.000 -9999.000 -9999.000 -9999.000 -9999.000 -9999.000 -9999.000 -9999.000 -9999.000 -9999.000 -9999.000 -9999.000 -9999.000 -9999.000 -9999.000 -9999.000 -9999.000 -9999.000 -9999.000 -9999.000 -9999.000 -9999.000 -9999.000 -9999.000 -9999.000 -9999.000 -9999.000 -9999.000 -9999.000 -9999.000 -9999.000 -9999.000 -9999.000 -9999.000 -9999.000 -9999.000 -9999.000 -9999.000 -9999.000 -9999.000 -9999.000 -9999.000 -9999.000
-9999.000 -9999.000 -9999.000 -9999.000 -9999.000 -9999.000 -9999.000 -9999.000 -9999.000 -9999.000 -9999.000 -9999.000 -9999.000 -9999.000 -9999.000 -9999.000 -9999.000 -9999.000 -9999.000 -9999.000 -9999.000 -9999.000 -9999.000 -9999.000 -9999.000 -9999.000 -9999.000 -9999.000 -9999.000 -9999.000 -9999.000 -9999.000 -9999.000 -9999.000 -9999.000 -9999.000 -9999.000 -9999.000 -9999.000 -9999.000 -9999.000 -9999.000 -9999.000 -9999.000 -9999.000 -9999.000 -9999.000 -9999.000 -9999.000 -9999.000 -9999.000 -9999.000 -9999.000 -9999.000 -9999.000 -9999.000 -9999.000 -9999.000 -9999.000 -9999.000
-9999.000 -9999.000 -9999.000 -9999.000 -9999.000 -9999.000 -9999.000 -9999.000 -9999.000 -9999.000 -9999.000 -9999.000 -9999.000 -9999.000 -9999.000 -9999.000 -9999.000 -9999.000 -9999.000 -9999.000 -9999.000 -9999.000 -9999.000 -9999.000 -9999.000 -9999.000 -9999.000 -9999.000 -9999.000 -9999.000 -9999.000 -9999.000 -9999.000 -9999.000 -9999.000 -9999.000 -9999.000 -9999.000 -9999.000 -9999.000 -9999.000 -9999.000 -9999.000 -9999.000 -9999.000 -9999.000 -9999.000 -9999.000 -9999.000 -9999.000 -9999.000 -9999.000 -9999.000 -9999.000 -9999.000 -9999.000 -9999.000 -9999.000 -9999.000 -9999.000
-9999.000 -9999.000 -9999.000 -9999.000 -9999.000 -9999.000 -9999.000 -9999.000 -9999.000 -9999.000 -9999.000 -9999.000 -9999.000 -9999.000 -9999.000 -9999.000 -9999.000 -9999.000 -9999.000 -9999.000 -9999.000 -9999.000 -9999.000 -9999.000 -9999.000 -9999.000 -9999.000 -9999.000 -9999.000 -9999.000 -9999.000 -9999.000 -9999.000 -9999.000 -9999.000 -9999.000 -9999.000 -9999.000 -9999.000 -9999.000 -9999.000 -9999.000 -9999.000 -9999.000 -9999.000 -9999.000 -9999.000 -9999.000 -9999.000 -9999.000 -9999.000 -9999.000 -9999.000 -9999.000 -9999.000 -9999.000 -9999.000 -9999.000 -9999.000 -9999.000
-9999.000 -9999.000 -9999.000 -9999.000 -9999.000 -9999.000 -9999.000 -9999.000 -9999.000 -9999.000 -9999.000 -9999.000 -9999.000 -9999.000 -9999.000 -9999.000 -9999.000 -9999.000 -9999.000 -9999.000 -9999.000 -9999.000 -9999.000 -9999.000 -9999.000 -9999.000 -9999.000 -9999.000 -9999.000 -9999.000 -9999.000 -9999.000 -9999.000 -9999.000 -9999.000 -9999.000 -9999.000 -9999.000 -9999.000 -9999.000 -9999.000 -9999.000 -9999.000 -9999.000 -9999.000 -9999.000 -9999.000 -9999.000 -9999.000 -9999.000 -9999.000 -9999.000 -9999.000 -9999.000 -9999.000 -9999.000 -9999.000 -9999.000 -9999.000 -9999.000
-9999.000 -9999.000 -9999.000 -9999.000 -9999.000 -9999.000 -9999.000 -9999.000 -9999.000 -9999.000 -9999.000 -9999.000 -9999.000 -9999.000 -9999.000 -9999.000 -9999.000 -9999.000 -9999.000 -9999.000 -9999.000 -9999.000 -9999.000 -9999.000 -9999.000 -9999.000 -9999.000 -9999.000 -9999.000 -9999.000 -9999.000 -9999.000 -9999.000 -9999.000 -9999.000 -9999.000 -9999.000 -9999.000 -9999.000 -9999.000 -9999.000 -9999.000 -9999.000 -9999.000 -9999.000 -9999.000 -9999.000 -9999.000 -9999.000 -9999.000 -9999.000 -9999.000 -9999.000 -9999.000 -9999.000 -9999.000 -9999.000 -9999.000 -9999.000 -9999.000
-9999.000 -9999.000 -9999.000 -9999.000 -9999.000 -9999.000 -9999.000 -9999.000 -9999.000 -9999.000 -9999.000 -9999.000 -9999.000 -9999.000 -9999.000 -9999.000 -9999.000 -9999.000 -9999.000 -9999.000 -9999.000 -9999.000 -9999.000 -9999.000 -9999.000 -9999.000 -9999.000 -9999.000 -9999.000 -9999.000 -9999.000 -9999.000 -9999.000 -9999.000 -9999.000 -9999.000 -9999.000 -9999.000 -9999.000 -9999.000 -9999.000 -9999.000 -9999.000 -9999.000 -9999.000 -9999.000 -9999.000 -9999.000 -9999.000 -9999.000 -9999.000 -9999.000 -9999.000 -9999.000 -9999.000 -9999.000 -9999.000 -9999.000 -9999.000 -9999.000
-9999.000 -9999.000 -9999.000 -9999.000 -9999.000 -9999.000 -9999.000 -9999.000 0.2624807E-01 0.3113750E-01 0.4442627E-01 -9999.000 -9999.000 -9999.000 -9999.000 -9999.000 -9999.000 -9999.000 -9999.000 -9999.000 -9999.000 -9999.000 -9999.000 -9999.000 -9999.000 -9999.000 -9999.000 -9999.000 -9999.000 -9999.000 -9999.000 -9999.000 -9999.000 -9999.000 -9999.000 -9999.000 -9999.000 -9999.000 -9999.000 -9999.000 -9999.000 -9999.000 -9999.000 -9999.000 -9999.000 -9999.000 -9999.000 -9999.000 -9999.000 -9999.000 -9999.000 -9999.000 -9999.000 -9999.000 -9999.000 -9999.000 -9999.000 -9999.000 -9999.000 -9999.000
-9999.000 -9999.000 -9999.000 -9999.000 -9999.000 -9999.000 -9999.000 0.2945724E-01 0.3845363E-01 0.4449334E-01 0.6038932E-01 0.6562999E-01 0.7683321E-01 0.8680556E-01 0.9983595E-01 0.1099637 -9999.000 -9999.000 -9999.000 -9999.000 -9999.000 -9999.000 -9999.000 -9999.000 -9999.000 -9999.000 -9999.000 -9999.000 -9999.000 -9999.000 -9999.000 -9999.000 -9999.000 -9999.000 -9999.000 -9999.000 -9999.000 -9999.000 -9999.000 -9999.000 -9999.000 -9999.000 -9999.000 -9999.000 -9999.000 -9999.000 -9999.000 -9999.000 -9999.000 -9999.000 -9999.000 -9999.000 -9999.000 -9999.000 -9999.000 -9999.000 -9999.000 -9999.000 -9999.000 -9999.000
0.1231521 0.1411358 0.1333381 0.1170631 0.1074727 0.8904030E-01 0.6788161E-01 0.6589209E-01 0.9309634E-01 0.1006826 0.1068200 0.1189053 0.1202022 0.1274627 0.1380047 0.1468779 0.1528050 0.1605840 0.1863771 0.1988588 0.2236211 0.2314611 0.2276408 0.2286848 0.2393683 0.2594132 0.2819843 0.3018001 0.3249710 0.3402792 0.3339075 0.3288137 0.3274863 0.3253981 0.3236847 0.3237105 0.3274180 0.3303721 0.3308008 0.3273071 0.3212410 0.3149960 0.3090332 0.3023387 0.2916925 0.2779803 0.2634383 0.2500928 0.2378279 0.2282344 0.2198996 0.2073876 0.1830029 0.1415432 0.1002761 0.8893226E-01 0.9235674E-01 0.1022754 0.1219930 0.1381901
0.2445068 0.2367107 0.2211927 0.2078058 0.2151653 0.2132781 0.2127258 0.2303434 0.2529282 0.2530161 0.2425596 0.2379809 0.2400934 0.2348666 0.2375658 0.2435986 0.2453401 0.2472888 0.2528915 0.2632586 0.2713772 0.2827697 0.2875036 0.2832790 0.2878538 0.3058433 0.3276154 0.3370394 0.3406119 0.3444061 0.3462405 0.3424896 0.3403416 0.3397532 0.3387766 0.3375339 0.3378455 0.3376073 0.3361108 0.3326058 0.3269615 0.3201251 0.3122857 0.3029653 0.2908805 0.2764520 0.2633865 0.2501422 0.2368768 0.2247402 0.2160940 0.2027994 0.1846626 0.1744628 0.1506343 0.1316581 0.1135585 0.1068396 0.1100825 0.1205988
0.3696593 0.3467468 0.3333903 0.3360534 0.3473535 0.3575902 0.3783613 0.3926327 0.3935185 0.3872600 0.3851829 0.3771984 0.3710560 0.3655329 0.3750479 0.3788222 0.3772324 0.3747582 0.3818702 0.3850075 0.3867292 0.3933517 0.3962751 0.3924499 0.3929336 0.4057057 0.4032629 0.3959011 0.3854900 0.3836327 0.3804557 0.3752316 0.3762908 0.3761746 0.3750019 0.3731397 0.3732943 0.3686030 0.3626709 0.3579988 0.3540189 0.3456933 0.3359073 0.3264855 0.3135589 0.2996323 0.2872810 0.2780911 0.2662733 0.2586600 0.2549991 0.2492512 0.2427692 0.2374156 0.2308047 0.2191555 0.1918214 0.1871650 0.1722084 0.1647619
0.4721439 0.4445202 0.4290758 0.4358386 0.4400740 0.4503761 0.4666079 0.4696876 0.4656912 0.4606902 0.4625542 0.4598020 0.4581180 0.4568313 0.4572060 0.4605988 0.4608513 0.4649140 0.4725129 0.4753969 0.4769126 0.4808297 0.4859418 0.4838394 0.4822733 0.4751864 0.4603455 0.4457220 0.4374919 0.4319365 0.4256422 0.4212555 0.4247355 0.4241856 0.4221736 0.4218201 0.4152237 0.4055538 0.3963061 0.3906890 0.3834642 0.3754933 0.3692639 0.3614910 0.3516654 0.3416965 0.3389084 0.3309665 0.3233813 0.3213039 0.3215109 0.3193357 0.3188929 0.3268074 0.3240490 0.3217057 0.3213105 0.3374275 0.3221249 0.3211285
0.5863589 0.5631176 0.5376351 0.5290573 0.5169516 0.5090117 0.5074967 0.5019720 0.4967986 0.4963386 0.4969879 0.4985326 0.4991358 0.4975546 0.4987433 0.4994328 0.5026826 0.5102015 0.5174832 0.5234733 0.5281120 0.5336708 0.5327496 0.5299294 0.5238799 0.5149534 0.5022252 0.4894479 0.4823530 0.4734725 0.4669750 0.4631829 0.4640523 0.4614856 0.4571419 0.4526833 0.4445470 0.4359561 0.4288979 0.4238375 0.4165885 0.4103689 0.4073822 0.4057070 0.4005825 0.3991015 0.3987141 0.3950232 0.3903752 0.3908034 0.3912367 0.3895475 0.3962348 0.4034970 0.4105714 0.4196515 0.4395154 0.4585599 0.4645672 0.4687455
0.6855253 0.6799001 0.6619345 0.6386581 0.5987389 0.5693136 0.5514681 0.5357440 0.5282105 0.5258908 0.5275354 0.5318714 0.5324911 0.5333711 0.5350166 0.5360303 0.5393988 0.5442808 0.5496447 0.5527976 0.5573207 0.5579623 0.5550029 0.5517569 0.5495791 0.5458288 0.5383208 0.5320711 0.5222053 0.5107379 0.5008962 0.4966979 0.4926520 0.4882941 0.4827980 0.4801833 0.4759583 0.4704554 0.4687675 0.4641567 0.4592810 0.4548742 0.4566143 0.4544543 0.4519795 0.4518985 0.4559351 0.4561246 0.4553427 0.4611669 0.4602771 0.4599393 0.4628337 0.4768114 0.4857217 0.4980015 0.5183536 0.5299470 0.5359083 0.5374626
0.7505426 0.7480979 0.7390243 0.7203745 0.6897582 0.6576840 0.6301557 0.6036130 0.5879177 0.5803432 0.5809344 0.5812013 0.5811372 0.5864981 0.5860421 0.5852334 0.5869869 0.5918162 0.5902710 0.5876394 0.5844587 0.5834189 0.5794065 0.5747705 0.5750254 0.5732863 0.5687477 0.5612763 0.5548814 0.5456205 0.5364525 0.5321415 0.5269208 0.5223604 0.5199038 0.5213350 0.5182879 0.5159327 0.5179025 0.5167711 0.5140112 0.5141028 0.5167492 0.5142693 0.5132280 0.5163323 0.5215189 0.5228157 0.5297029 0.5376897 0.5402954 0.5425690 0.5513293 0.5593193 0.5623937 0.5663020 0.5764438 0.5849779 0.5914441 0.6045421
0.7550518 0.7525727 0.7474364 0.7451303 0.7376573 0.7234071 0.7070241 0.6829418 0.6614254 0.6453942 0.6364826 0.6294558 0.6266315 0.6270289 0.6248712 0.6228308 0.6231720 0.6217180 0.6172036 0.6124491 0.6078530 0.6034885 0.5981641 0.5916454 0.5855424 0.5812468 0.5765645 0.5714152 0.5684124 0.5658274 0.5630775 0.5634082 0.5633971 0.5621788 0.5646130 0.5662721 0.5655129 0.5654139 0.5720383 0.5734837 0.5726832 0.5801933 0.5821396 0.5822953 0.5845372 0.5966383 0.5995295 0.6020730 0.6082473 0.6234454 0.6289525 0.6342755 0.6455533 0.6458255 0.6443511 0.6423719 0.6480926 0.6487341 0.6538555 0.6691731
0.7237113 0.7273755 0.7315675 0.7386515 0.7454335 0.7501830 0.7491806 0.7400070 0.7222330 0.7024657 0.6765265 0.6553762 0.6413894 0.6318710 0.6267944 0.6240492 0.6187757 0.6125304 0.6074621 0.6022513 0.5915845 0.5863414 0.5815962 0.5760540 0.5678833 0.5653160 0.5638823 0.5634050 0.5662109 0.5693940 0.5725273 0.5762889 0.5792520 0.5820546 0.5853040 0.5887326 0.5911257 0.5951951 0.6016233 0.6070313 0.6116815 0.6193037 0.6276213 0.6338913 0.6425184 0.6514729 0.6591400 0.6666408 0.6770371 0.6868117 0.6934934 0.7015019 0.7103063 0.7139027 0.7155397 0.7200579 0.7192749 0.7185689 0.7197055 0.7293040
0.6847595 0.6948423 0.7037302 0.7161536 0.7273765 0.7368995 0.7457346 0.7499172 0.7460440 0.7334521 0.7097000 0.6790363 0.6481836 0.6213061 0.6024024 0.5899280 0.5787146 0.5695104 0.5638329 0.5564742 0.5487899 0.5455510 0.5434482 0.5391962 0.5387700 0.5411892 0.5438461 0.5461982 0.5508244 0.5561062 0.5594355 0.5640072 0.5677617 0.5721661 0.5753965 0.5797656 0.5857968 0.5922699 0.6012232 0.6110676 0.6208507 0.6296840 0.6396749 0.6498049 0.6600239 0.6709127 0.6819664 0.6927372 0.7022933 0.7115768 0.7196878 0.7286374 0.7379668 0.7454690 0.7526229 0.7596580 0.7631903 0.7651711 0.7660914 0.7655534
0.6541915 0.6651312 0.6744382 0.6870149 0.6992286 0.7073963 0.7176347 0.7266221 0.7295534 0.7302216 0.7235181 0.7040905 0.6730243 0.6338025 0.5907708 0.5587087 0.5387878 0.5267600 0.5196452 0.5147155 0.5092990 0.5091446 0.5104396 0.5109576 0.5145474 0.5188628 0.5226011 0.5253475 0.5298578 0.5339820 0.5377304 0.5433388 0.5484926 0.5525474 0.5569369 0.5635816 0.5716312 0.5795755 0.5882205 0.5982011 0.6070788 0.6170543 0.6285039 0.6402781 0.6505556 0.6622136 0.6742868 0.6858282 0.6959817 0.7072909 0.7182057 0.7281056 0.7386074 0.7482995 0.7569858 0.7647270 0.7723985 0.7781667 0.7812940 0.7788813
0.6388835 0.6479979 0.6563545 0.6657449 0.6741300 0.6817283 0.6902419 0.6968247 0.7013198 0.7040015 0.7032148 0.6976406 0.6838818 0.6612672 0.6250941 0.5886582 0.5518812 0.5220290 0.5049764 0.4972546 0.4937139 0.4939009 0.4964339 0.4985511 0.5017418 0.5056297 0.5085927 0.5127980 0.5167103 0.5214058 0.5249752 0.5309868 0.5368891 0.5435779 0.5489333 0.5550015 0.5620223 0.5691670 0.5762500 0.5838743 0.5916529 0.6009809 0.6112640 0.6217705 0.6314270 0.6429996 0.6547146 0.6664234 0.6774973 0.6903187 0.7018146 0.7125626 0.7245437 0.7356964 0.7449356 0.7532517 0.7616134 0.7673094 0.7697922 0.7700695
0.6353850 0.6425026 0.6501653 0.6573175 0.6636039 0.6671759 0.6725354 0.6772961 0.6789657 0.6813209 0.6827687 0.6835322 0.6842173 0.6833607 0.6740215 0.6582246 0.6277375 0.5869560 0.5532003 0.5310977 0.5141626 0.5067655 0.5055509 0.5063817 0.5078254 0.5110813 0.5151883 0.5191539 0.5231681 0.5290744 0.5352876 0.5406753 0.5470681 0.5540943 0.5592422 0.5640906 0.5700732 0.5754666 0.5802402 0.5854563 0.5924901 0.6000385 0.6077423 0.6155275 0.6235632 0.6319196 0.6413405 0.6512029 0.6625086 0.6744110 0.6863264 0.6965587 0.7077973 0.7194264 0.7294068 0.7382388 0.7472128 0.7525990 0.7532315 0.7525150
0.6312653 0.6348623 0.6402058 0.6454762 0.6491781 0.6508412 0.6545270 0.6587559 0.6633910 0.6695181 0.6759190 0.6835031 0.6926141 0.7019755 0.7099823 0.7182134 0.7176305 0.6982275 0.6717363 0.6315166 0.5891915 0.5587834 0.5471943 0.5392459 0.5351151 0.5339427 0.5386957 0.5419637 0.5451556 0.5522921 0.5576142 0.5630529 0.5683368 0.5766555 0.5816494 0.5862356 0.5939664 0.5983988 0.6028385 0.6072383 0.6145755 0.6179540 0.6221394 0.6277609 0.6340144 0.6405346 0.6482403 0.6573131 0.6662778 0.6760278 0.6862220 0.6966123 0.7059209 0.7155439 0.7244330 0.7321073 0.7379445 0.7410893 0.7425844 0.7443912
0.6176521 0.6161017 0.6181015 0.6207222 0.6204372 0.6260956 0.6341439 0.6429485 0.6502701 0.6600129 0.6703490 0.6812775 0.6939680 0.7082395 0.7237925 0.7411046 0.7544005 0.7606664 0.7585218 0.7461237 0.7065537 0.6612118 0.6265673 0.5957226 0.5795055 0.5738608 0.5741424 0.5731209 0.5735081 0.5786465 0.5830973 0.5880647 0.5946994 0.6017483 0.6073510 0.6127401 0.6207092 0.6266307 0.6315708 0.6383167 0.6432737 0.6442319 0.6457698 0.6505714 0.6547446 0.6595573 0.6663726 0.6714416 0.6767475 0.6836686 0.6917708 0.6991791 0.7062591 0.7130105 0.7182314 0.7234746 0.7287580 0.7324797 0.7380551 0.7443862
0.5713999 0.5697213 0.5735128 0.5779158 0.5779899 0.5869084 0.5985562 0.6081346 0.6191892 0.6330653 0.6476948 0.6602352 0.6747055 0.6913595 0.7079657 0.7285907 0.7509450 0.7721648 0.7848291 0.7926505 0.7855965 0.7617843 0.7236958 0.6778042 0.6388428 0.6200817 0.6069579 0.6012757 0.5984246 0.6001795 0.6025197 0.6064763 0.6127417 0.6184213 0.6244256 0.6306367 0.6379561 0.6438908 0.6493587 0.6551663 0.6619391 0.6652045 0.6668448 0.6687962 0.6709051 0.6733249 0.6756166 0.6771608 0.6793722 0.6823485 0.6851594 0.6890693 0.6932730 0.6957222 0.6985540 0.7037341 0.7112792 0.7189526 0.7297601 0.7416971
