simulation_files/asc/Depth____44.0.asc
NCOLS       411
NROWS       131
XLLCENTER    2538020.000000
YLLCENTER    1152390.000000
CELLSIZE           1.000
NODATA_VALUE     -9999.0
[rows 0 to 25 of 131, columns 240 to 299 of 411]
-9999.000 -9999.000 -9999.000 -9999.000 -9999.000 -9999.000 -9999.000 -9999.000 -9999.000 -9999.000 -9999.000 -9999.000 -9999.000 -9999.000 -9999.000 -9999.000 -9999.000 -9999.000 -9999.000 -9999.000 -9999.000 -9999.000 -9999.000 -9999.000 -9999.000 -9999.000 -9999.000 -9999.000 -9999.000 -9999.000 -9999.000 -9999.000 -9999.000 -9999.000 -9999.000 -9999.000 -9999.000 -9999.000 -9999.000 -9999.000 -9999.000 -9999.000 -9999.000 -9999.000 -9999.000 -9999.000 -9999.000 -9999.000 -9999.000 -9999.000 -9999.000 -9999.000 -9999.000 -9999.000 -9999.000 -9999.000 -9999.000 -9999.000 -9999.000 -9999.000
-9999.000 -9999.000 -9999.000 -9999.000 -9999.000 -9999.000 -9999.000 -9999.000 -9999.000 -9999.000 -9999.000 -9999.000 -9999.000 -9999.000 -9999.000 -9999.000 -9999.000 -9999.000 -9999.000 -9999.000 -9999.000 -9999.000 -9999.000 -9999.000 -9999.000 -9999.000 -9999.000 -9999.000 -9999.000 -9999.000 -9999.000 -9999.000 -9999.000 -9999.000 -9999.000 -9999.000 -9999.000 -9999.000 -9999.000 -9999.000 -9999.000 -9999.000 -9999.000 -9999.000 -9999.000 -9999.000 -9999.000 -9999.000 -9999.000 -9999.000 -9999.000 -9999.000 -9999.000 -9999.000 -9999.000 -9999.000 -9999.000 -9999.000 -9999.000 -9999.000
-9999.000 -9999.000 -9999.000 -9999.000 -9999.000 -9999.000 -9999.000 -9999.000 -9999.000 -9999.000 -9999.000 -9999.000 -9999.000 -9999.000 -9999.000 -9999.000 -9999.000 -9999.000 -9999.000 -9999.000 -9999.000 -9999.000 -9999.000 -9999.000 -9999.000 -9999.000 -9999.000 -9999.000 -9999.000 -9999.000 -9999.000 -9999.000 -9999.000 -9999.000 -9999.000 -9999.000 -9999.000 -9999.000 -9999.000 -9999.000 -9999.000 -9999.000 -9999.000 -9999.000 -9999.000 -9999.000 -9999.000 -9999.000 -9999.000 -9999.000 -9999.000 -9999.000 -9999.000 -9999.000 -9999.000 -9999.000 -9999.000 -9999.000 -9999.000 -9999.000
-9999.000 -9999.000 -9999.000 -9999.000 -9999.000 -9999.000 -9999.000 -9999.000 -9999.000 -9999.000 -9999.000 -9999.000 -9999.000 -9999.000 -9999.000 -9999.000 -9999.000 -9999.000 -9999.000 -9999.000 -9999.000 -9999.000 -9999.000 -9999.000 -9999.000 -9999.000 -9999.000 -9999.000 -9999.000 -9999.000 -9999.000 -9999.000 -9999.000 -9999.000 -9999.000 -9999.000 -9999.000 -9999.000 -9999.000 -9999.000 -9999.000 -9999.000 -9999.000 -9999.000 -9999.000 -9999.000 -9999.000 -9999.000 -9999.000 -9999.000 -9999.000 -9999.000 -9999.000 -9999.000 -9999.000 -9999.000 -9999.000 -9999.000 -9999.000 -9999.000
-9999.000 -9999.000 -9999.000 -9999.000 -9999.000 -9999.000 -9999.000 -9999.000 -9999.000 -9999.000 -9999.000 -9999.000 -9999.000 -9999.000 -9999.000 -9999.000 -9999.000 -9999.000 -9999.000 -9999.000 -9999.000 -9999.000 -9999.000 -9999.000 -9999.000 -9999.000 -9999.000 -9999.000 -9999.000 -9999.000 -9999.000 -9999.000 -9999.000 -9999.000 -9999.000 -9999.000 -9999.000 -9999.000 -9999.000 -9999.000 -9999.000 -9999.000 -9999.000 -9999.000 -9999.000 -9999.000 -9999.000 -9999.000 -9999.000 -9999.000 -9999.000 -9999.000 -9999.000 -9999.000 -9999.000 -9999.000 -9999.000 -9999.000 -9999.000 -9999.000
-9999.000 -9999.000 -9999.000 -9999.000 -9999.000 -9999.000 -9999.000 -9999.000 -9999.000 -9999.000 -9999.000 -9999.000 -9999.000 -9999.000 -9999.000 -9999.000 -9999.000 -9999.000 -9999.000 -9999.000 -9999.000 -9999.000 -9999.000 -9999.000 -9999.000 -9999.000 -9999.000 -9999.000 -9999.000 -9999.000 -9999.000 -9999.000 -9999.000 -9999.000 -9999.000 -9999.000 -9999.000 -9999.000 -9999.000 -9999.000 -9999.000 -9999.000 -9999.000 -9999.000 -9999.000 -9999.000 -9999.000 -9999.000 -9999.000 -9999.000 -9999.000 -9999.000 -9999.000 -9999.000 -9999.000 -9999.000 -9999.000 -9999.000 -9999.000 -9999.000
-9999.000 -9999.000 -9999.000 -9999.000 -9999.000 -9999.000 -9999.000 -9999.000 -9999.000 -9999.000 -9999.000 -9999.000 -9999.000 -9999.000 -9999.000 -9999.000 -9999.000 -9999.000 -9999.000 -9999.000 -9999.000 -9999.000 -9999.000 -9999.000 -9999.000 -9999.000 -9999.000 -9999.000 -9999.000 -9999.000 -9999.000 -9999.000 -9999.000 -9999.000 -9999.000 -9999.000 -9999.000 -9999.000 -9999.000 -9999.000 -9999.000 -9999.000 -9999.000 -9999.000 -9999.000 -9999.000 -9999.000 -9999.000 -9999.000 -9999.000 -9999.000 -9999.000 -9999.000 -9999.000 -9999.000 -9999.000 -9999.000 -9999.000 -9999.000 -9999.000
-9999.000 -9999.000 -9999.000 -9999.000 -9999.000 -9999.000 0.6517614E-01 0.7196742E-01 0.7651803E-01 0.7318040E-01 0.5752105E-01 -9999.000 -9999.000 -9999.000 -9999.000 -9999.000 -9999.000 -9999.000 -9999.000 0.2770286E-01 -9999.000 -9999.000 -9999.000 -9999.000 -9999.000 -9999.000 -9999.000 -9999.000 -9999.000 -9999.000 -9999.000 -9999.000 -9999.000 -9999.000 -9999.000 -9999.000 -9999.000 -9999.000 -9999.000 -9999.000 -9999.000 -9999.000 -9999.000 -9999.000 -9999.000 -9999.000 -9999.000 -9999.000 -9999.000 -9999.000 -9999.000 -9999.000 -9999.000 -9999.000 -9999.000 -9999.000 -9999.000 -9999.000 -9999.000 -9999.000
-9999.000 0.4744246E-01 0.8371212E-01 0.1274595 0.1498580 0.1721441 0.1772241 0.1804055 0.1817789 0.1827294 0.1712402 0.1753919 0.1828688 0.1816148 0.1764401 0.1675670 0.1446265 0.1204966 0.9977813E-01 0.9640173E-01 0.1009895 0.9653538E-01 0.9884793E-01 0.9348202E-01 0.7945954E-01 0.5475175E-01 0.3998760E-01 -9999.000 -9999.000 -9999.000 -9999.000 -9999.000 -9999.000 -9999.000 -9999.000 -9999.000 -9999.000 -9999.000 -9999.000 -9999.000 -9999.000 -9999.000 -9999.000 -9999.000 -9999.000 -9999.000 -9999.000 -9999.000 -9999.000 -9999.000 -9999.000 -9999.000 -9999.000 -9999.000 -9999.000 -9999.000 -9999.000 -9999.000 -9999.000 -9999.000
0.9619543E-01 0.1406600 0.1761087 0.2059589 0.2306705 0.2530756 0.2632871 0.2675495 0.2737308 0.2728781 0.2737624 0.2755046 0.2872978 0.2806905 0.2647530 0.2489080 0.2273718 0.2124931 0.2010085 0.2038138 0.1910025 0.1842710 0.2013106 0.2017280 0.1845521 0.1509766 0.1285377 0.1090044 0.8227775E-01 0.6183598E-01 0.5787237E-01 -9999.000 -9999.000 -9999.000 -9999.000 -9999.000 -9999.000 0.7690462E-01 0.7597764E-01 0.7163197E-01 0.7534579E-01 0.7430076E-01 0.6378645E-01 0.5633472E-01 0.4774831E-01 0.3602265E-01 -9999.000 -9999.000 -9999.000 -9999.000 -9999.000 -9999.000 -9999.000 -9999.000 -9999.000 -9999.000 -9999.000 -9999.000 -9999.000 -9999.000
0.1621702 0.2115453 0.2408762 0.2615062 0.2764226 0.2907410 0.3005674 0.3072331 0.3136560 0.3171255 0.3212340 0.3237062 0.3229631 0.3159883 0.3068668 0.3020516 0.2948916 0.2914563 0.2934813 0.2976182 0.2964919 0.2902879 0.2876004 0.2783146 0.2565552 0.2327988 0.2110310 0.1920467 0.1724751 0.1672480 0.1618436 0.1543027 0.1513611 0.1633321 0.1613841 0.1497382 0.1573904 0.1599782 0.1560232 0.1506414 0.1555142 0.1460948 0.1297000 0.1185070 0.1067502 0.9176759E-01 0.7795811E-01 0.6978893E-01 0.5542162E-01 -9999.000 -9999.000 -9999.000 -9999.000 -9999.000 -9999.000 -9999.000 -9999.000 0.7437757E-01 0.9060065E-01 0.1163452
0.2262905 0.2593506 0.2831609 0.3010531 0.3158471 0.3255439 0.3317611 0.3347801 0.3390379 0.3398820 0.3406620 0.3438885 0.3441167 0.3430400 0.3421572 0.3476053 0.3490039 0.3506704 0.3545927 0.3539261 0.3471016 0.3355093 0.3205896 0.3025379 0.2860216 0.2760288 0.2728920 0.2683838 0.2690892 0.2814151 0.2856932 0.2902863 0.2965700 0.3029931 0.2934313 0.2819778 0.2779533 0.2670758 0.2559197 0.2474981 0.2407964 0.2291936 0.2139014 0.2022304 0.1942771 0.1848938 0.1825554 0.1752886 0.1615768 0.1553159 0.1615737 0.1623223 0.1631391 0.1766102 0.1766549 0.1687044 0.1687191 0.2025997 0.2278676 0.2484927
0.2761252 0.3067688 0.3284235 0.3462065 0.3619342 0.3689768 0.3730516 0.3754427 0.3766230 0.3732477 0.3725102 0.3785927 0.3807292 0.3836406 0.3882866 0.3916136 0.3904963 0.3869852 0.3833328 0.3753264 0.3642066 0.3538532 0.3433775 0.3340274 0.3290325 0.3336286 0.3386410 0.3437759 0.3574810 0.3685559 0.3772291 0.3829285 0.3874828 0.3794332 0.3662421 0.3525469 0.3410647 0.3249142 0.3109280 0.3058405 0.2981118 0.2925681 0.2874185 0.2912250 0.2873295 0.2856172 0.2900419 0.2990917 0.3006090 0.3095130 0.3373110 0.3493210 0.3617287 0.3757926 0.3735859 0.3710666 0.3753494 0.3864115 0.3871647 0.3787151
0.3262420 0.3521135 0.3736209 0.3938356 0.4090593 0.4185380 0.4242715 0.4307546 0.4279764 0.4240503 0.4222125 0.4297375 0.4317315 0.4332087 0.4372154 0.4326555 0.4260681 0.4187579 0.4132726 0.4047426 0.3973767 0.3942125 0.3950285 0.3909689 0.3927902 0.4039308 0.4091189 0.4140635 0.4221707 0.4303505 0.4309041 0.4277053 0.4199117 0.4078564 0.3952077 0.3864015 0.3774851 0.3659083 0.3571253 0.3571612 0.3557483 0.3560990 0.3631254 0.3684682 0.3722017 0.3774786 0.3928623 0.4051101 0.4152198 0.4347168 0.4502056 0.4618765 0.4695704 0.4784263 0.4803737 0.4802212 0.4795448 0.4666724 0.4497936 0.4264127
0.3460870 0.3727781 0.3963637 0.4164437 0.4332932 0.4465541 0.4568353 0.4642181 0.4673904 0.4675199 0.4690577 0.4702373 0.4697662 0.4687515 0.4688532 0.4646022 0.4592416 0.4576632 0.4554098 0.4539789 0.4545951 0.4634181 0.4688325 0.4693824 0.4740658 0.4778456 0.4775662 0.4759446 0.4792238 0.4751525 0.4679708 0.4587861 0.4471778 0.4333913 0.4223608 0.4183761 0.4121816 0.4065973 0.4038543 0.4091336 0.4106898 0.4156381 0.4274425 0.4348731 0.4444509 0.4584783 0.4774161 0.4895380 0.4987481 0.5057345 0.5089720 0.5086716 0.5112982 0.5125810 0.5096209 0.5034592 0.4923126 0.4813277 0.4738012 0.4719248
0.3201057 0.3494754 0.3748106 0.3919753 0.4120431 0.4285958 0.4412372 0.4536073 0.4667916 0.4758788 0.4793836 0.4770215 0.4724801 0.4705689 0.4715850 0.4735533 0.4757635 0.4794986 0.4852059 0.4926780 0.5014709 0.5120098 0.5214695 0.5267515 0.5279202 0.5269434 0.5218357 0.5163495 0.5103880 0.5040281 0.4979007 0.4917199 0.4833221 0.4722903 0.4637972 0.4623222 0.4596975 0.4580087 0.4637084 0.4684365 0.4728473 0.4794001 0.4944077 0.5063450 0.5175198 0.5356027 0.5461930 0.5528523 0.5548061 0.5535123 0.5436319 0.5346921 0.5289141 0.5224221 0.5146810 0.5072909 0.5054919 0.5048985 0.5094109 0.5239786
0.2731201 0.3045390 0.3287734 0.3514883 0.3734968 0.3916089 0.4050212 0.4204224 0.4383481 0.4541604 0.4591380 0.4552623 0.4487495 0.4454664 0.4516096 0.4594136 0.4670681 0.4733417 0.4828789 0.4937883 0.5014613 0.5110272 0.5208793 0.5289348 0.5304936 0.5302998 0.5265781 0.5197667 0.5120850 0.5053208 0.5005827 0.4996504 0.5002743 0.4990630 0.4991549 0.5037363 0.5059464 0.5104253 0.5180687 0.5239473 0.5305440 0.5395811 0.5502206 0.5585821 0.5654879 0.5714639 0.5749624 0.5743410 0.5708335 0.5645055 0.5566812 0.5497367 0.5442349 0.5406456 0.5374829 0.5387578 0.5446136 0.5501014 0.5574781 0.5701514
0.2285899 0.2604529 0.2896902 0.3137700 0.3365936 0.3547625 0.3657734 0.3790790 0.3913121 0.4052798 0.4092139 0.4133823 0.4130205 0.4139878 0.4242323 0.4349470 0.4433275 0.4490468 0.4578234 0.4669530 0.4722011 0.4780059 0.4843376 0.4892106 0.4910071 0.4948428 0.4969576 0.4955232 0.4910573 0.4861310 0.4814902 0.4816393 0.4884054 0.4975952 0.5051980 0.5129431 0.5213587 0.5296596 0.5368771 0.5439640 0.5504818 0.5553697 0.5610183 0.5655147 0.5664774 0.5611089 0.5566743 0.5531021 0.5465388 0.5444706 0.5444038 0.5453335 0.5475719 0.5490203 0.5496755 0.5530244 0.5618860 0.5692956 0.5755570 0.5792165
0.2068519 0.2430351 0.2706849 0.2960488 0.3176836 0.3351549 0.3484884 0.3562422 0.3598614 0.3624035 0.3672443 0.3747957 0.3833833 0.3939633 0.4036091 0.4134289 0.4199617 0.4266072 0.4320205 0.4369785 0.4382768 0.4415376 0.4443750 0.4415501 0.4452713 0.4495403 0.4546139 0.4558071 0.4587973 0.4584402 0.4572264 0.4547231 0.4632389 0.4751458 0.4832268 0.4943759 0.5039719 0.5116265 0.5154578 0.5218137 0.5266172 0.5273115 0.5292793 0.5293183 0.5235326 0.5132940 0.5088210 0.5067146 0.5045946 0.5066301 0.5125932 0.5172528 0.5213832 0.5256948 0.5287796 0.5301723 0.5335136 0.5394783 0.5427959 0.5470091
0.2275269 0.2623007 0.2851640 0.3107426 0.3309615 0.3457185 0.3580721 0.3628313 0.3617975 0.3612026 0.3626297 0.3691246 0.3783584 0.3893328 0.3989960 0.4056944 0.4116404 0.4164337 0.4185369 0.4180044 0.4168233 0.4182664 0.4198414 0.4184426 0.4156533 0.4138916 0.4125731 0.4117164 0.4128610 0.4158105 0.4190044 0.4259741 0.4366702 0.4461595 0.4536091 0.4630163 0.4714485 0.4754105 0.4797540 0.4825991 0.4837983 0.4784450 0.4747343 0.4710840 0.4621801 0.4610656 0.4616290 0.4624754 0.4597921 0.4641346 0.4700395 0.4702238 0.4758647 0.4823574 0.4853576 0.4838281 0.4884784 0.4950971 0.5013962 0.5069380
0.2641128 0.2970683 0.3269111 0.3467410 0.3612438 0.3779633 0.3870129 0.3916554 0.3949031 0.3944206 0.3927854 0.3921590 0.3955087 0.4026615 0.4102892 0.4164688 0.4240924 0.4246290 0.4259140 0.4259872 0.4209602 0.4192981 0.4198694 0.4194015 0.4136628 0.4069195 0.4016618 0.3992410 0.3968619 0.3987528 0.4068007 0.4160390 0.4258899 0.4333023 0.4387357 0.4442146 0.4479197 0.4485541 0.4483796 0.4457532 0.4402134 0.4330309 0.4293545 0.4276715 0.4261701 0.4272501 0.4315125 0.4338102 0.4332718 0.4322412 0.4317779 0.4309740 0.4343581 0.4417367 0.4463144 0.4482653 0.4543443 0.4620884 0.4679436 0.4759317
0.2953504 0.3299480 0.3589815 0.3762394 0.3898511 0.4017879 0.4122824 0.4187399 0.4232893 0.4274849 0.4301163 0.4276859 0.4260604 0.4301010 0.4336699 0.4361696 0.4397639 0.4436927 0.4446103 0.4452478 0.4436708 0.4409608 0.4400473 0.4375476 0.4329784 0.4282711 0.4263530 0.4242700 0.4227359 0.4242870 0.4302813 0.4334257 0.4364972 0.4406953 0.4425446 0.4427074 0.4408388 0.4369038 0.4319051 0.4271216 0.4225296 0.4213684 0.4214793 0.4218998 0.4256485 0.4271474 0.4295361 0.4301201 0.4265512 0.4215239 0.4185313 0.4187461 0.4211499 0.4275657 0.4341488 0.4389760 0.4438011 0.4492070 0.4551629 0.4623898
0.3060001 0.3307657 0.3557052 0.3741417 0.3916043 0.3984474 0.4120693 0.4219365 0.4346214 0.4465461 0.4569566 0.4601212 0.4581200 0.4555860 0.4545079 0.4530889 0.4516540 0.4529501 0.4538266 0.4585193 0.4584252 0.4591721 0.4601896 0.4602177 0.4592763 0.4584119 0.4597983 0.4597453 0.4607378 0.4623483 0.4644278 0.4622952 0.4600322 0.4573271 0.4532772 0.4492876 0.4452155 0.4410307 0.4374284 0.4364088 0.4373962 0.4383810 0.4398036 0.4424159 0.4437159 0.4432663 0.4422894 0.4421680 0.4408771 0.4393311 0.4406275 0.4401605 0.4403946 0.4426720 0.4481499 0.4510853 0.4532617 0.4561708 0.4610425 0.4655414
0.2712522 0.2952531 0.3107745 0.3214312 0.3393762 0.3577560 0.3767554 0.3979333 0.4203983 0.4402256 0.4509281 0.4616740 0.4619650 0.4603991 0.4585630 0.4533742 0.4495376 0.4471529 0.4493332 0.4536640 0.4577226 0.4582528 0.4592073 0.4623874 0.4683780 0.4752372 0.4766078 0.4797028 0.4822871 0.4835408 0.4817779 0.4802251 0.4744815 0.4701995 0.4628584 0.4577351 0.4544683 0.4510805 0.4498491 0.4499244 0.4505327 0.4514421 0.4526450 0.4541819 0.4552596 0.4554806 0.4558672 0.4578380 0.4597571 0.4627942 0.4668810 0.4701920 0.4708477 0.4710181 0.4717101 0.4697221 0.4688066 0.4689573 0.4713001 0.4726966
0.2167285 0.2368580 0.2494473 0.2593237 0.2786212 0.2982732 0.3199388 0.3391992 0.3611904 0.3830728 0.3995219 0.4124937 0.4156492 0.4172770 0.4157092 0.4158705 0.4168306 0.4169038 0.4177422 0.4198554 0.4156832 0.4175946 0.4193493 0.4268734 0.4346699 0.4441723 0.4455036 0.4523130 0.4571790 0.4569937 0.4586287 0.4615095 0.4602104 0.4543590 0.4518970 0.4489806 0.4462426 0.4464844 0.4470421 0.4463236 0.4439116 0.4446891 0.4466215 0.4462553 0.4483803 0.4507405 0.4528488 0.4563599 0.4616792 0.4678228 0.4736644 0.4788915 0.4818373 0.4824029 0.4807293 0.4786508 0.4761925 0.4720764 0.4707805 0.4706701
0.1616702 0.1875511 0.2064432 0.2191431 0.2360549 0.2483971 0.2615054 0.2744342 0.2914496 0.3095572 0.3222997 0.3291039 0.3350934 0.3433616 0.3520150 0.3550935 0.3592873 0.3558209 0.3541872 0.3505444 0.3497333 0.3534988 0.3561973 0.3642913 0.3701345 0.3739463 0.3765173 0.3778020 0.3758936 0.3798706 0.3876639 0.3945780 0.3914935 0.3945567 0.3977209 0.4018785 0.3990839 0.4026493 0.4067710 0.4025921 0.4048552 0.4077473 0.4107292 0.4083127 0.4119121 0.4156758 0.4190303 0.4224739 0.4295960 0.4358106 0.4383166 0.4446480 0.4505010 0.4525458 0.4496924 0.4509788 0.4476842 0.4425462 0.4418643 0.4412872
