simulation_files/asc/Depth____440.0.asc
NCOLS       216
NROWS       273
XLLCENTER        494.688995
YLLCENTER        787.867981
CELLSIZE           0.500
NODATA_VALUE     -9999.0
[rows 189 to 215 of 273, columns 118 to 176 of 216]
-9999.000 -9999.000 -9999.000 -9999.000 -9999.000 -9999.000 -9999.000 -9999.000 -9999.000 -9999.000 -9999.000 -9999.000 -9999.000 0.7974965E-01 0.1280079 0.1626617 0.1888428 0.1891199 0.1660120 0.1382988 0.8912784E-01 0.5711519E-01 0.2533451E-01 0.1472770E-01 0.2375164E-01 0.5201669E-01 0.7288712E-01 0.8616842E-01 0.1626681 0.1991129 0.2396852 0.2662683 0.2582165 0.2457389 0.2375726 0.2218109 0.2364913 0.2418008 0.2388107 0.1853737 0.1641277 0.1962186 0.2113070 0.2040229 0.2183158 0.2035685 0.1675049 0.1052596 -9999.000 -9999.000 -9999.000 -9999.000 -9999.000 -9999.000 -9999.000 -9999.000 -9999.000 -9999.000 -9999.000
-9999.000 -9999.000 -9999.000 -9999.000 -9999.000 -9999.000 -9999.000 -9999.000 -9999.000 -9999.000 -9999.000 -9999.000 -9999.000 -9999.000 0.7431317E-01 0.1305672 0.1708680 0.1892180 0.1921637 0.1803630 0.1246767 0.8141201E-01 0.3972663E-01 0.1091113E-01 -9999.000 0.2558868E-01 0.3996677E-01 0.7822428E-01 0.1508366 0.2023495 0.2408654 0.2678658 0.2566906 0.2544312 0.2694906 0.2559837 0.2504565 0.2805015 0.2424660 0.2033665 0.2294163 0.2547759 0.2516409 0.2423591 0.2609914 0.2463597 0.2128804 0.1397064 -9999.000 -9999.000 -9999.000 -9999.000 -9999.000 -9999.000 -9999.000 -9999.000 -9999.000 -9999.000 -9999.000
-9999.000 -9999.000 -9999.000 -9999.000 -9999.000 -9999.000 -9999.000 -9999.000 -9999.000 -9999.000 -9999.000 -9999.000 -9999.000 -9999.000 -9999.000 0.8467765E-01 0.1329786 0.1705473 0.2033286 0.2074430 0.1684986 0.1255883 0.7990125E-01 0.3345845E-01 0.2210416E-01 0.2948473E-01 0.3321613E-01 0.5654191E-01 0.1005078 0.1591533 0.2079882 0.2413142 0.2361648 0.2488584 0.2873795 0.2506773 0.2506521 0.2839290 0.2338430 0.2386688 0.2960754 0.3169159 0.2853791 0.2799201 0.2959876 0.2534783 0.2084621 0.1178873 0.2821117E-01 -9999.000 -9999.000 -9999.000 -9999.000 -9999.000 -9999.000 -9999.000 -9999.000 -9999.000 -9999.000
-9999.000 -9999.000 -9999.000 -9999.000 -9999.000 -9999.000 -9999.000 -9999.000 -9999.000 -9999.000 -9999.000 -9999.000 -9999.000 -9999.000 -9999.000 0.5234445E-01 0.9801246E-01 0.1553691 0.1834626 0.2063816 0.1993948 0.1663932 0.1303034 0.7891481E-01 0.4429339E-01 0.2988865E-01 0.2576387E-01 0.3326656E-01 0.6393103E-01 0.1205885 0.1897461 0.2326210 0.2169131 0.2191579 0.2220725 0.2038913 0.2676252 0.2926217 0.2445483 0.2647971 0.3375640 0.3509383 0.3196293 0.2922131 0.2453471 0.1857008 0.1536098 0.9964635E-01 0.5608036E-01 -9999.000 -9999.000 -9999.000 -9999.000 -9999.000 -9999.000 -9999.000 -9999.000 -9999.000 -9999.000
-9999.000 -9999.000 -9999.000 -9999.000 -9999.000 -9999.000 -9999.000 -9999.000 -9999.000 -9999.000 -9999.000 -9999.000 -9999.000 -9999.000 -9999.000 -9999.000 0.8758433E-01 0.1084748 0.8819762E-01 0.1118414 0.1540825 0.1680668 0.1651412 0.1190102 0.6885733E-01 -9999.000 -9999.000 -9999.000 -9999.000 0.9111120E-01 0.1645778 0.2052534 0.1611455 0.1770957 0.2064352 0.2143391 0.2812394 0.3068237 0.2792689 0.2952902 0.3302905 0.3425291 0.3028377 0.2167315 0.1767738 0.1398211 0.1473074 0.1584814 0.1347467 0.1092463 0.7160708E-01 -9999.000 -9999.000 -9999.000 -9999.000 -9999.000 -9999.000 -9999.000 -9999.000
-9999.000 -9999.000 -9999.000 -9999.000 -9999.000 -9999.000 -9999.000 -9999.000 -9999.000 -9999.000 -9999.000 -9999.000 -9999.000 -9999.000 -9999.000 -9999.000 0.6712684E-01 -9999.000 -9999.000 0.2812605E-01 0.7971142E-01 0.1412013 0.1801036 0.1498852 0.1120636 0.6357678E-01 0.2777304E-01 0.1726335E-01 -9999.000 0.6192135E-01 0.1324681 0.1533986 0.1200578 0.1635653 0.2144846 0.2347714 0.2721007 0.3020123 0.2968743 0.2909211 0.3029906 0.3006289 0.2544262 0.2350714 0.2070400 0.1984936 0.2224023 0.2254265 0.2163454 0.2110508 0.1492646 -9999.000 -9999.000 -9999.000 -9999.000 -9999.000 -9999.000 -9999.000 -9999.000
-9999.000 -9999.000 -9999.000 -9999.000 -9999.000 -9999.000 -9999.000 -9999.000 -9999.000 -9999.000 -9999.000 -9999.000 -9999.000 -9999.000 -9999.000 -9999.000 -9999.000 -9999.000 -9999.000 0.5021116E-01 0.6473342E-01 0.1001750 0.1474539 0.1503315 0.1244801 0.7454984E-01 0.3600121E-01 0.1595715E-01 0.1646266E-01 0.3260859E-01 0.8014438E-01 0.1194665 0.1126502 0.1436714 0.1995280 0.2273344 0.2541156 0.2721536 0.2796643 0.2739949 0.2859803 0.2976695 0.2965969 0.2992628 0.2717007 0.2580455 0.2529286 0.2540428 0.2383149 0.2337830 0.1753914 0.9223140E-01 -9999.000 -9999.000 -9999.000 -9999.000 -9999.000 -9999.000 -9999.000
-9999.000 -9999.000 -9999.000 -9999.000 -9999.000 -9999.000 -9999.000 -9999.000 -9999.000 -9999.000 -9999.000 -9999.000 -9999.000 -9999.000 -9999.000 -9999.000 -9999.000 -9999.000 0.4398717E-01 0.8658324E-01 0.9295654E-01 0.9530304E-01 0.1253654 0.1353654 0.1205394 0.8882667E-01 0.4991924E-01 -9999.000 -9999.000 -9999.000 -9999.000 -9999.000 0.9030781E-01 0.1156791 0.1564571 0.1874982 0.2201216 0.2608603 0.2646344 0.2588235 0.2874905 0.3381376 0.3556491 0.3488997 0.2945015 0.2600217 0.2737278 0.2785280 0.2646275 0.2139042 0.1451016 0.8880957E-01 -9999.000 -9999.000 -9999.000 -9999.000 -9999.000 -9999.000 -9999.000
-9999.000 -9999.000 -9999.000 -9999.000 -9999.000 -9999.000 -9999.000 -9999.000 -9999.000 -9999.000 -9999.000 -9999.000 -9999.000 -9999.000 -9999.000 -9999.000 -9999.000 -9999.000 -9999.000 0.8418249E-01 0.7723393E-01 0.8775702E-01 0.9860574E-01 0.1264968 0.1399603 0.1113623 0.8099279E-01 0.4746533E-01 0.1840447E-01 -9999.000 -9999.000 -9999.000 -9999.000 0.8724726E-01 0.1006290 0.1110066 0.1577983 0.2157063 0.2171107 0.2190248 0.2797905 0.3483942 0.3771792 0.3495053 0.2905210 0.2621373 0.2800045 0.2644244 0.2210730 0.1646623 0.1164256 0.9560541E-01 -9999.000 -9999.000 -9999.000 -9999.000 -9999.000 -9999.000 -9999.000
-9999.000 -9999.000 -9999.000 -9999.000 -9999.000 -9999.000 -9999.000 -9999.000 -9999.000 -9999.000 -9999.000 -9999.000 -9999.000 -9999.000 -9999.000 -9999.000 -9999.000 -9999.000 -9999.000 -9999.000 0.1005625 0.6232861E-01 0.4527870E-01 0.8188858E-01 0.1134894 0.1144041 0.1025030 0.7906394E-01 0.3868294E-01 0.1643239E-01 -9999.000 -9999.000 -9999.000 0.4943105E-01 0.5824451E-01 0.6469858E-01 0.1027281 0.1483702 0.1577676 0.2038109 0.2833165 0.3316070 0.3360930 0.3111556 0.2797533 0.2518972 0.2450053 0.1869178 0.1359311 0.1083404 0.1182187 0.1189756 0.7975967E-01 -9999.000 -9999.000 -9999.000 -9999.000 -9999.000 -9999.000
-9999.000 -9999.000 -9999.000 -9999.000 -9999.000 -9999.000 -9999.000 -9999.000 -9999.000 -9999.000 -9999.000 -9999.000 -9999.000 -9999.000 -9999.000 -9999.000 -9999.000 -9999.000 -9999.000 -9999.000 0.9384003E-01 0.4119902E-01 0.2808596E-01 0.5874688E-01 0.8270843E-01 0.8287257E-01 0.1046271 0.9084721E-01 -9999.000 -9999.000 -9999.000 -9999.000 -9999.000 -9999.000 0.3276848E-01 0.6324869E-01 0.1130801 0.1474871 0.1744982 0.2225210 0.2583823 0.2860217 0.2778884 0.2620213 0.2523312 0.2563341 0.2261650 0.2014032 0.1774491 0.1291488 0.1312883 0.1510043 0.1233403 0.4820118E-01 -9999.000 -9999.000 -9999.000 -9999.000 -9999.000
-9999.000 -9999.000 -9999.000 -9999.000 -9999.000 -9999.000 -9999.000 -9999.000 -9999.000 -9999.000 -9999.000 -9999.000 -9999.000 -9999.000 -9999.000 -9999.000 -9999.000 -9999.000 -9999.000 0.1259522 0.6963724E-01 0.3419744E-01 0.6085857E-01 0.1065288 0.1163218 0.8138890E-01 0.9160931E-01 0.7854197E-01 0.5122046E-01 -9999.000 -9999.000 -9999.000 -9999.000 -9999.000 -9999.000 0.5967227E-01 0.1265264 0.1754154 0.2090010 0.2030187 0.1953038 0.2085589 0.2346751 0.2093100 0.2178340 0.2564331 0.2387060 0.2422225 0.2235005 0.1755013 0.1585130 0.1816394 0.1588032 0.5127040E-01 -9999.000 -9999.000 -9999.000 -9999.000 -9999.000
-9999.000 -9999.000 -9999.000 -9999.000 -9999.000 -9999.000 -9999.000 -9999.000 -9999.000 -9999.000 -9999.000 -9999.000 -9999.000 -9999.000 -9999.000 -9999.000 -9999.000 -9999.000 -9999.000 0.1191146 0.9442484E-01 0.6868103E-01 0.1281699 0.1712159 0.1583524 0.1116054 0.9952131E-01 0.7045780E-01 -9999.000 -9999.000 -9999.000 -9999.000 -9999.000 -9999.000 -9999.000 0.4941579E-01 0.1017131 0.1463950 0.1668540 0.1700398 0.1749134 0.1888062 0.1902982 0.1602524 0.1586919 0.2320430 0.2548828 0.2412231 0.2204555 0.1918712 0.1807358 0.1861833 0.1689720 0.8518614E-01 0.3920000E-01 -9999.000 -9999.000 -9999.000 -9999.000
-9999.000 -9999.000 -9999.000 -9999.000 -9999.000 -9999.000 -9999.000 -9999.000 -9999.000 -9999.000 -9999.000 -9999.000 -9999.000 -9999.000 -9999.000 -9999.000 -9999.000 -9999.000 -9999.000 0.6262304E-01 0.8504390E-01 0.9381913E-01 0.1351832 0.1555409 0.1435503 0.1507337 0.1404395 0.8547648E-01 -9999.000 -9999.000 -9999.000 -9999.000 -9999.000 -9999.000 -9999.000 -9999.000 0.5467656E-01 0.6357221E-01 0.9725946E-01 0.1392279 0.1881127 0.1904318 0.1819216 0.1676753 0.1575460 0.2050369 0.2352341 0.2350904 0.2318185 0.1997334 0.1974444 0.2059294 0.1636000 0.9774370E-01 0.7175887E-01 -9999.000 -9999.000 -9999.000 -9999.000
-9999.000 -9999.000 -9999.000 -9999.000 -9999.000 -9999.000 -9999.000 -9999.000 -9999.000 -9999.000 -9999.000 -9999.000 -9999.000 -9999.000 -9999.000 -9999.000 -9999.000 -9999.000 -9999.000 0.2957448E-01 0.5382279E-01 0.7453294E-01 0.1049733 0.1085285 0.1076234 0.1463516 0.1664924 0.1165700 0.5246424E-01 -9999.000 -9999.000 -9999.000 -9999.000 -9999.000 -9999.000 -9999.000 0.4666913E-01 0.5973620E-01 0.8260427E-01 0.1223933 0.1499046 0.1547196 0.1807832 0.2100975 0.2108565 0.2123039 0.1968816 0.2272512 0.2262937 0.2025368 0.2248980 0.2442651 0.1963450 0.1567839 0.1247526 0.6882303E-01 -9999.000 -9999.000 -9999.000
-9999.000 -9999.000 -9999.000 -9999.000 -9999.000 -9999.000 -9999.000 -9999.000 -9999.000 -9999.000 -9999.000 -9999.000 -9999.000 -9999.000 -9999.000 -9999.000 -9999.000 -9999.000 -9999.000 -9999.000 0.6475059E-01 0.5366354E-01 0.6126715E-01 0.7647846E-01 0.9087198E-01 0.1292408 0.1599004 0.1303083 0.8208243E-01 0.4049582E-01 -9999.000 -9999.000 -9999.000 -9999.000 -9999.000 -9999.000 0.4601542E-01 0.7007293E-01 0.9609762E-01 0.1208125 0.1368481 0.1411597 0.1553488 0.1906994 0.2013153 0.1826226 0.1721266 0.1724551 0.1644458 0.1763856 0.2418219 0.2777505 0.2431375 0.2103365 0.1665694 0.1419838 0.1192661 -9999.000 -9999.000
-9999.000 -9999.000 -9999.000 -9999.000 -9999.000 -9999.000 -9999.000 -9999.000 -9999.000 -9999.000 -9999.000 -9999.000 -9999.000 -9999.000 -9999.000 -9999.000 -9999.000 -9999.000 -9999.000 -9999.000 0.6380729E-01 -9999.000 -9999.000 0.9234840E-01 0.1323958 0.1567383 0.1395883 0.1028853 0.7881524E-01 0.4606571E-01 0.2244671E-01 -9999.000 -9999.000 -9999.000 -9999.000 -9999.000 -9999.000 -9999.000 0.7044879E-01 0.1082923 0.1395791 0.1469988 0.1584780 0.1831459 0.2019193 0.1516833 0.9927074E-01 0.8167387E-01 0.9397779E-01 0.1668166 0.2510388 0.2920978 0.2406868 0.2096107 0.1800435 0.1656120 0.1262809 0.6421783E-01 -9999.000
-9999.000 -9999.000 -9999.000 -9999.000 -9999.000 -9999.000 -9999.000 -9999.000 -9999.000 -9999.000 -9999.000 -9999.000 -9999.000 -9999.000 -9999.000 -9999.000 -9999.000 -9999.000 -9999.000 -9999.000 -9999.000 -9999.000 -9999.000 0.1067995 0.1805157 0.1959752 0.1537701 0.1197345 0.8929211E-01 0.6240710E-01 0.3501001E-01 -9999.000 -9999.000 -9999.000 -9999.000 -9999.000 -9999.000 -9999.000 0.5072235E-01 0.9532160E-01 0.1332051 0.1554061 0.1928421 0.2049607 0.2078875 0.1619594 0.1217667 0.1216342 0.1394737 0.1993259 0.2364864 0.2187575 0.1975726 0.2141250 0.2055046 0.1584214 0.1241306 0.7640179E-01 -9999.000
-9999.000 -9999.000 -9999.000 -9999.000 -9999.000 -9999.000 -9999.000 -9999.000 -9999.000 -9999.000 -9999.000 -9999.000 -9999.000 -9999.000 -9999.000 -9999.000 -9999.000 -9999.000 -9999.000 -9999.000 -9999.000 0.1433388E-01 0.3769214E-01 0.1077519 0.1915476 0.1854295 0.1513655 0.1150966 0.8800681E-01 0.6860423E-01 0.4030416E-01 -9999.000 -9999.000 -9999.000 -9999.000 -9999.000 -9999.000 -9999.000 0.3528703E-01 0.8444155E-01 0.1368926 0.1827338 0.2395500 0.2573767 0.2222022 0.1869778 0.1990035 0.2790604 0.3266506 0.3067793 0.2567387 0.2032060 0.2183845 0.2692418 0.2590692 0.1840079 0.1517909 0.1326674 0.7308076E-01
-9999.000 -9999.000 -9999.000 -9999.000 -9999.000 -9999.000 -9999.000 -9999.000 -9999.000 -9999.000 -9999.000 -9999.000 -9999.000 -9999.000 -9999.000 -9999.000 -9999.000 -9999.000 -9999.000 -9999.000 -9999.000 -9999.000 0.4618173E-01 0.1073327 0.1847667 0.1873697 0.1627447 0.1379353 0.1153474 0.9215412E-01 0.5110911E-01 -9999.000 -9999.000 -9999.000 -9999.000 -9999.000 -9999.000 -9999.000 -9999.000 0.4968673E-01 0.1177745 0.1996340 0.2612720 0.2949750 0.2651398 0.2311349 0.2582635 0.3321989 0.3849006 0.3462554 0.2934592 0.2530364 0.2776513 0.3317540 0.2865292 0.1616748 0.1359519 0.1538203 0.1054241
-9999.000 -9999.000 -9999.000 -9999.000 -9999.000 -9999.000 -9999.000 -9999.000 -9999.000 -9999.000 -9999.000 -9999.000 -9999.000 -9999.000 -9999.000 -9999.000 -9999.000 -9999.000 -9999.000 -9999.000 -9999.000 -9999.000 0.4769791E-01 0.9867421E-01 0.1810295 0.2033994 0.2001945 0.1739426 0.1423384 0.9841067E-01 0.5216455E-01 -9999.000 -9999.000 -9999.000 -9999.000 -9999.000 -9999.000 -9999.000 -9999.000 0.2604419E-01 0.6867125E-01 0.1377204 0.2386664 0.2778061 0.2414608 0.2337808 0.2751578 0.3206618 0.3383557 0.3296821 0.3013361 0.2860664 0.3159831 0.3383308 0.2410215 0.1343224 0.1075970 0.1338255 0.1208628
-9999.000 -9999.000 -9999.000 -9999.000 -9999.000 -9999.000 -9999.000 -9999.000 -9999.000 -9999.000 -9999.000 -9999.000 -9999.000 -9999.000 -9999.000 -9999.000 -9999.000 -9999.000 -9999.000 -9999.000 -9999.000 -9999.000 0.5682517E-01 0.8336254E-01 0.1171225 0.1537411 0.2001490 0.1974464 0.1476887 0.7891912E-01 0.4723256E-01 0.2720669E-01 -9999.000 -9999.000 -9999.000 -9999.000 -9999.000 -9999.000 -9999.000 0.2090550E-01 0.2830810E-01 0.7004163E-01 0.1595157 0.1687695 0.1430900 0.1899990 0.2648706 0.3083635 0.2894304 0.2823980 0.3005114 0.3245957 0.3389195 0.3185984 0.2071406 0.1510330 0.1260973 0.1406377 0.1521045
-9999.000 -9999.000 -9999.000 -9999.000 -9999.000 -9999.000 -9999.000 -9999.000 -9999.000 -9999.000 -9999.000 -9999.000 -9999.000 -9999.000 -9999.000 -9999.000 -9999.000 -9999.000 -9999.000 -9999.000 -9999.000 -9999.000 0.5977743E-01 0.9606014E-01 0.1024470 0.1435256 0.1911809 0.1923791 0.1309839 0.7745032E-01 0.6361989E-01 0.4635513E-01 -9999.000 -9999.000 -9999.000 -9999.000 -9999.000 -9999.000 -9999.000 0.2598814E-01 0.4613247E-01 0.6265197E-01 0.1001089 0.8821727E-01 0.1237664 0.2039443 0.2885399 0.2778770 0.2211286 0.2315817 0.3068201 0.3248345 0.3228366 0.2497020 0.1937331 0.1710450 0.1706771 0.1884441 0.1994474
-9999.000 -9999.000 -9999.000 -9999.000 -9999.000 -9999.000 -9999.000 -9999.000 -9999.000 -9999.000 -9999.000 -9999.000 -9999.000 -9999.000 -9999.000 -9999.000 -9999.000 -9999.000 -9999.000 -9999.000 -9999.000 -9999.000 0.3396926E-01 0.1045207 0.1597769 0.1782732 0.1650228 0.1489231 0.1162381 0.9537912E-01 0.7463370E-01 -9999.000 -9999.000 -9999.000 -9999.000 -9999.000 -9999.000 -9999.000 -9999.000 0.2540093E-01 0.5357182E-01 0.8386051E-01 0.1120508 0.1215783 0.1608819 0.2301478 0.2618948 0.2340975 0.2129438 0.2157475 0.2635745 0.2613219 0.2197133 0.2004416 0.2074656 0.2118614 0.2175469 0.2460254 0.2194888
-9999.000 -9999.000 -9999.000 -9999.000 -9999.000 -9999.000 -9999.000 -9999.000 -9999.000 -9999.000 -9999.000 -9999.000 -9999.000 -9999.000 -9999.000 -9999.000 -9999.000 -9999.000 -9999.000 -9999.000 -9999.000 -9999.000 -9999.000 0.9029312E-01 0.1560901 0.1855460 0.1641554 0.1500429 0.1349182 0.1037122 0.5763564E-01 0.3154363E-01 -9999.000 -9999.000 -9999.000 -9999.000 -9999.000 -9999.000 -9999.000 -9999.000 -9999.000 0.9463986E-01 0.1290884 0.1381690 0.1722170 0.2156061 0.2121181 0.2373284 0.2574802 0.2035202 0.1523428 0.1201245 0.1338946 0.1945893 0.2584324 0.2854751 0.3019133 0.2653554 0.2262782
-9999.000 -9999.000 -9999.000 -9999.000 -9999.000 -9999.000 -9999.000 -9999.000 -9999.000 -9999.000 -9999.000 -9999.000 -9999.000 -9999.000 -9999.000 -9999.000 -9999.000 -9999.000 -9999.000 -9999.000 -9999.000 -9999.000 -9999.000 -9999.000 0.1156643 0.1653350 0.1822015 0.1747403 0.1607217 0.1220473 0.7610365E-01 0.3710598E-01 -9999.000 -9999.000 -9999.000 -9999.000 -9999.000 -9999.000 -9999.000 -9999.000 -9999.000 0.7717532E-01 0.1188255 0.1423468 0.1747560 0.1941805 0.1972131 0.2261016 0.2184003 0.1756191 0.1186330 0.1222180 0.1605363 0.2337025 0.3026856 0.3164175 0.3037572 0.2927805 0.2596909
-9999.000 -9999.000 -9999.000 -9999.000 -9999.000 -9999.000 -9999.000 -9999.000 -9999.000 -9999.000 -9999.000 -9999.000 -9999.000 -9999.000 -9999.000 -9999.000 -9999.000 -9999.000 -9999.000 -9999.000 -9999.000 -9999.000 -9999.000 -9999.000 0.6728521E-01 0.1062937 0.1340722 0.1475384 0.1532247 0.1420562 0.1017339 0.4689260E-01 0.1741774E-01 -9999.000 -9999.000 -9999.000 -9999.000 -9999.000 -9999.000 -9999.000 -9999.000 -9999.000 0.9382425E-01 0.1282351 0.1508011 0.1374384 0.1207926 0.1468511 0.1618421 0.1447804 0.1723191 0.2150949 0.2699502 0.3294864 0.3334326 0.3141359 0.2896818 0.3032795 0.2642008
