simulation_files/asc/Depth____000261.asc
NCOLS        79
NROWS        79
XLLCENTER         -1.500000
YLLCENTER         -4.800000
CELLSIZE           0.100
NODATA_VALUE     -9999.0
[rows 0 to 25 of 79, columns 0 to 58 of 79]
-9999.000 -9999.000 -9999.000 -9999.000 -9999.000 -9999.000 -9999.000 -9999.000 -9999.000 -9999.000 -9999.000 -9999.000 -9999.000 -9999.000 -9999.000 0.7315868 0.7321007 0.7322949 0.7322803 0.7320851 0.7318104 0.7315034 0.7311839 0.7308820 0.7305954 0.7303303 0.7300857 0.7298318 0.7294589 0.7294231 0.7294231 -9999.000 -9999.000 -9999.000 -9999.000 -9999.000 -9999.000 -9999.000 -9999.000 -9999.000 -9999.000 -9999.000 -9999.000 -9999.000 -9999.000 -9999.000 -9999.000 -9999.000 -9999.000 -9999.000 -9999.000 -9999.000 -9999.000 -9999.000 -9999.000 -9999.000 -9999.000 -9999.000 -9999.000
-9999.000 -9999.000 -9999.000 -9999.000 -9999.000 -9999.000 -9999.000 -9999.000 -9999.000 -9999.000 -9999.000 -9999.000 -9999.000 -9999.000 -9999.000 0.7333832 0.7338507 0.7340087 0.7339953 0.7338365 0.7336183 0.7333792 0.7331339 0.7329064 0.7326930 0.7324980 0.7323196 0.7321309 0.7318341 0.7318851 0.7318851 -9999.000 -9999.000 -9999.000 -9999.000 -9999.000 -9999.000 -9999.000 -9999.000 -9999.000 -9999.000 -9999.000 -9999.000 -9999.000 -9999.000 -9999.000 -9999.000 -9999.000 -9999.000 -9999.000 -9999.000 -9999.000 -9999.000 -9999.000 -9999.000 -9999.000 -9999.000 -9999.000 -9999.000
-9999.000 -9999.000 -9999.000 -9999.000 -9999.000 -9999.000 -9999.000 -9999.000 -9999.000 -9999.000 -9999.000 -9999.000 -9999.000 -9999.000 -9999.000 0.7352923 0.7357959 0.7359655 0.7359603 0.7358069 0.7355946 0.7353626 0.7351257 0.7349082 0.7347048 0.7345195 0.7343491 0.7341642 0.7338613 0.7339084 0.7339084 -9999.000 -9999.000 -9999.000 -9999.000 -9999.000 -9999.000 -9999.000 -9999.000 -9999.000 -9999.000 -9999.000 -9999.000 -9999.000 -9999.000 -9999.000 -9999.000 -9999.000 -9999.000 -9999.000 -9999.000 -9999.000 -9999.000 -9999.000 -9999.000 -9999.000 -9999.000 -9999.000 -9999.000
-9999.000 -9999.000 -9999.000 -9999.000 -9999.000 -9999.000 -9999.000 -9999.000 -9999.000 -9999.000 -9999.000 -9999.000 -9999.000 -9999.000 -9999.000 0.7372525 0.7377792 0.7379549 0.7379519 0.7377974 0.7375837 0.7373510 0.7371136 0.7368970 0.7366943 0.7365098 0.7363394 0.7361519 0.7358368 0.7358623 0.7358623 -9999.000 -9999.000 -9999.000 -9999.000 -9999.000 -9999.000 -9999.000 -9999.000 -9999.000 -9999.000 -9999.000 -9999.000 -9999.000 -9999.000 -9999.000 -9999.000 -9999.000 -9999.000 -9999.000 -9999.000 -9999.000 -9999.000 -9999.000 -9999.000 -9999.000 -9999.000 -9999.000 -9999.000
-9999.000 -9999.000 -9999.000 -9999.000 -9999.000 -9999.000 -9999.000 -9999.000 -9999.000 -9999.000 -9999.000 -9999.000 -9999.000 -9999.000 -9999.000 0.7392326 0.7397770 0.7399564 0.7399526 0.7397934 0.7395750 0.7393377 0.7390959 0.7388762 0.7386702 0.7384825 0.7383086 0.7381147 0.7377825 0.7377724 0.7377724 -9999.000 -9999.000 -9999.000 -9999.000 -9999.000 -9999.000 -9999.000 -9999.000 -9999.000 -9999.000 -9999.000 -9999.000 -9999.000 -9999.000 -9999.000 -9999.000 -9999.000 -9999.000 -9999.000 -9999.000 -9999.000 -9999.000 -9999.000 -9999.000 -9999.000 -9999.000 -9999.000 -9999.000
-9999.000 -9999.000 -9999.000 -9999.000 -9999.000 -9999.000 -9999.000 -9999.000 -9999.000 -9999.000 -9999.000 -9999.000 -9999.000 -9999.000 -9999.000 0.7412190 0.7417787 0.7419600 0.7419538 0.7417881 0.7415631 0.7413197 0.7410716 0.7408471 0.7406358 0.7404429 0.7402636 0.7400612 0.7397075 0.7396480 0.7396480 -9999.000 -9999.000 -9999.000 -9999.000 -9999.000 -9999.000 -9999.000 -9999.000 -9999.000 -9999.000 -9999.000 -9999.000 -9999.000 -9999.000 -9999.000 -9999.000 -9999.000 -9999.000 -9999.000 -9999.000 -9999.000 -9999.000 -9999.000 -9999.000 -9999.000 -9999.000 -9999.000 -9999.000
-9999.000 -9999.000 -9999.000 -9999.000 -9999.000 -9999.000 -9999.000 -9999.000 -9999.000 -9999.000 -9999.000 -9999.000 -9999.000 -9999.000 -9999.000 0.7432056 0.7437793 0.7439613 0.7439513 0.7437778 0.7435455 0.7432950 0.7430395 0.7428097 0.7425920 0.7423930 0.7422071 0.7419942 0.7416146 0.7414897 0.7414897 -9999.000 -9999.000 -9999.000 -9999.000 -9999.000 -9999.000 -9999.000 -9999.000 -9999.000 -9999.000 -9999.000 -9999.000 -9999.000 -9999.000 -9999.000 -9999.000 -9999.000 -9999.000 -9999.000 -9999.000 -9999.000 -9999.000 -9999.000 -9999.000 -9999.000 -9999.000 -9999.000 -9999.000
-9999.000 -9999.000 -9999.000 -9999.000 -9999.000 -9999.000 -9999.000 -9999.000 -9999.000 -9999.000 -9999.000 -9999.000 -9999.000 -9999.000 -9999.000 0.7451893 0.7457763 0.7459577 0.7459427 0.7457603 0.7455199 0.7452620 0.7449987 0.7447632 0.7445385 0.7443327 0.7441394 0.7439142 0.7435037 0.7432931 0.7432931 -9999.000 -9999.000 -9999.000 -9999.000 -9999.000 -9999.000 -9999.000 -9999.000 -9999.000 -9999.000 -9999.000 -9999.000 -9999.000 -9999.000 -9999.000 -9999.000 -9999.000 -9999.000 -9999.000 -9999.000 -9999.000 -9999.000 -9999.000 -9999.000 -9999.000 -9999.000 -9999.000 -9999.000
-9999.000 -9999.000 -9999.000 -9999.000 -9999.000 -9999.000 -9999.000 -9999.000 -9999.000 -9999.000 -9999.000 -9999.000 -9999.000 -9999.000 -9999.000 0.7471683 0.7477680 0.7479474 0.7479264 0.7477340 0.7474850 0.7472191 0.7469476 0.7467064 0.7464741 0.7462610 0.7460594 0.7458202 0.7453728 0.7450495 0.7450495 -9999.000 -9999.000 -9999.000 -9999.000 -9999.000 -9999.000 -9999.000 -9999.000 -9999.000 -9999.000 -9999.000 -9999.000 -9999.000 -9999.000 -9999.000 -9999.000 -9999.000 -9999.000 -9999.000 -9999.000 -9999.000 -9999.000 -9999.000 -9999.000 -9999.000 -9999.000 -9999.000 -9999.000
-9999.000 -9999.000 -9999.000 -9999.000 -9999.000 -9999.000 -9999.000 -9999.000 -9999.000 -9999.000 -9999.000 -9999.000 -9999.000 -9999.000 -9999.000 0.7491409 0.7497529 0.7499289 0.7499006 0.7496969 0.7494388 0.7491648 0.7488846 0.7486378 0.7483973 0.7481763 0.7479657 0.7477100 0.7472186 0.7467459 0.7467459 -9999.000 -9999.000 -9999.000 -9999.000 -9999.000 -9999.000 -9999.000 -9999.000 -9999.000 -9999.000 -9999.000 -9999.000 -9999.000 -9999.000 -9999.000 -9999.000 -9999.000 -9999.000 -9999.000 -9999.000 -9999.000 -9999.000 -9999.000 -9999.000 -9999.000 -9999.000 -9999.000 -9999.000
-9999.000 -9999.000 -9999.000 -9999.000 -9999.000 -9999.000 -9999.000 -9999.000 -9999.000 -9999.000 -9999.000 -9999.000 -9999.000 -9999.000 -9999.000 0.7511054 0.7517295 0.7519004 0.7518633 0.7516469 0.7513792 0.7510968 0.7508075 0.7505553 0.7503059 0.7500764 0.7498556 0.7495806 0.7490363 0.7483629 0.7483629 -9999.000 -9999.000 -9999.000 -9999.000 -9999.000 -9999.000 -9999.000 -9999.000 -9999.000 -9999.000 -9999.000 -9999.000 -9999.000 -9999.000 -9999.000 -9999.000 -9999.000 -9999.000 -9999.000 -9999.000 -9999.000 -9999.000 -9999.000 -9999.000 -9999.000 -9999.000 -9999.000 -9999.000
-9999.000 -9999.000 -9999.000 -9999.000 -9999.000 -9999.000 -9999.000 -9999.000 -9999.000 -9999.000 -9999.000 -9999.000 -9999.000 -9999.000 -9999.000 0.7530591 0.7536955 0.7538593 0.7538119 0.7535811 0.7533032 0.7530121 0.7527132 0.7524558 0.7521967 0.7519580 0.7517254 0.7514275 0.7508187 0.7498717 0.7498717 -9999.000 -9999.000 -9999.000 -9999.000 -9999.000 -9999.000 -9999.000 -9999.000 -9999.000 -9999.000 -9999.000 -9999.000 -9999.000 -9999.000 -9999.000 -9999.000 -9999.000 -9999.000 -9999.000 -9999.000 -9999.000 -9999.000 -9999.000 -9999.000 -9999.000 -9999.000 -9999.000 -9999.000
-9999.000 -9999.000 -9999.000 -9999.000 -9999.000 -9999.000 -9999.000 -9999.000 -9999.000 -9999.000 -9999.000 -9999.000 -9999.000 -9999.000 -9999.000 0.7549959 0.7556456 0.7558011 0.7557425 0.7554961 0.7552075 0.7549073 0.7545981 0.7543359 0.7540658 0.7538166 0.7535706 0.7532445 0.7525566 0.7512280 0.7512280 -9999.000 -9999.000 -9999.000 -9999.000 -9999.000 -9999.000 -9999.000 -9999.000 -9999.000 -9999.000 -9999.000 -9999.000 -9999.000 -9999.000 -9999.000 -9999.000 -9999.000 -9999.000 -9999.000 -9999.000 -9999.000 -9999.000 -9999.000 -9999.000 -9999.000 -9999.000 -9999.000 -9999.000
-9999.000 -9999.000 -9999.000 -9999.000 -9999.000 -9999.000 -9999.000 -9999.000 -9999.000 -9999.000 -9999.000 -9999.000 -9999.000 -9999.000 -9999.000 0.7567360 0.7574469 0.7576549 0.7576606 0.7574266 0.7571291 0.7568185 0.7564951 0.7562240 0.7559367 0.7556713 0.7554055 0.7550417 0.7542528 0.7523832 0.7523832 -9999.000 -9999.000 -9999.000 -9999.000 -9999.000 -9999.000 -9999.000 -9999.000 -9999.000 -9999.000 -9999.000 -9999.000 -9999.000 -9999.000 -9999.000 -9999.000 -9999.000 -9999.000 -9999.000 -9999.000 -9999.000 -9999.000 -9999.000 -9999.000 -9999.000 -9999.000 -9999.000 -9999.000
-9999.000 -9999.000 -9999.000 -9999.000 -9999.000 -9999.000 -9999.000 -9999.000 -9999.000 -9999.000 -9999.000 -9999.000 -9999.000 -9999.000 -9999.000 0.7473985 0.7553814 0.7596427 0.7620338 0.7621908 0.7614443 0.7606823 0.7599322 0.7592966 0.7586899 0.7581591 0.7576687 0.7570832 0.7559645 0.7525710 0.7525710 -9999.000 -9999.000 -9999.000 -9999.000 -9999.000 -9999.000 -9999.000 -9999.000 -9999.000 -9999.000 -9999.000 -9999.000 -9999.000 -9999.000 -9999.000 -9999.000 -9999.000 -9999.000 -9999.000 -9999.000 -9999.000 -9999.000 -9999.000 -9999.000 -9999.000 -9999.000 -9999.000 -9999.000
0.8438564 0.8438564 0.8380955 0.8303529 0.8218381 0.8218381 0.8182646 0.8128431 0.8128431 0.8084975 0.8084975 0.8048851 0.8032820 0.8017856 0.8002963 0.8002963 0.7630703 0.7616498 0.7602039 0.7597782 0.7610944 0.7628859 0.7649834 0.7680477 0.7707965 0.7735264 0.7757551 0.7760568 0.7702045 0.7416660 0.7416660 0.5265676 0.4878089 0.4634748 0.4552015 0.4552015 0.4416396 0.4416396 0.4410796 0.4410796 0.4503839 0.4958877 0.4958877 0.5874876 0.5874876 0.6647725 0.6647725 0.6647725 0.6683484 0.6683484 0.6588035 0.6588035 0.6442859 0.6442859 0.6287508 0.6287508 0.6141999 0.6141999 0.6141999
0.8409156 0.8409156 0.8360814 0.8283210 0.8209798 0.8209798 0.8172237 0.8117290 0.8117290 0.8073918 0.8073918 0.8037953 0.8021997 0.8007106 0.7992292 0.7992292 0.7671377 0.7609870 0.7556810 0.7512668 0.7480902 0.7457922 0.7443618 0.7441214 0.7446725 0.7460710 0.7481117 0.7501483 0.7503770 0.7413035 0.7413035 0.5963581 0.5400047 0.4831866 0.4668655 0.4668655 0.4470650 0.4470650 0.4457804 0.4457804 0.4546146 0.4950352 0.4950352 0.5682542 0.5682542 0.6588568 0.6588568 0.6588568 0.6670778 0.6670778 0.6587996 0.6587996 0.6446840 0.6446840 0.6293626 0.6293626 0.6148994 0.6148994 0.6148994
0.8396645 0.8396645 0.8353222 0.8278376 0.8212190 0.8212190 0.8173261 0.8117059 0.8117059 0.8073484 0.8073484 0.8037463 0.8021474 0.8006554 0.7991609 0.7991609 0.7702898 0.7602338 0.7512403 0.7433582 0.7368711 0.7316633 0.7276728 0.7250559 0.7236179 0.7233331 0.7240804 0.7254160 0.7259893 0.7204620 0.7204620 0.6302363 0.5723853 0.5017650 0.4800853 0.4800853 0.4564213 0.4564213 0.4592404 0.4592404 0.4708267 0.5098047 0.5098047 0.5652817 0.5652817 0.6486039 0.6486039 0.6486039 0.6622761 0.6622761 0.6568474 0.6568474 0.6438811 0.6438811 0.6290165 0.6290165 0.6147970 0.6147970 0.6147970
0.8390750 0.8390750 0.8348490 0.8276532 0.8215094 0.8215094 0.8174935 0.8117207 0.8117207 0.8073442 0.8073442 0.8037443 0.8021463 0.8006543 0.7991404 0.7991404 0.7724016 0.7590874 0.7466023 0.7353662 0.7257321 0.7177521 0.7113889 0.7066917 0.7035241 0.7017889 0.7013538 0.7018787 0.7023633 0.6989532 0.6989532 0.6425648 0.5919305 0.5193514 0.4957994 0.4957994 0.4738965 0.4738965 0.4850716 0.4850716 0.4995345 0.5332536 0.5332536 0.5687039 0.5687039 0.6338889 0.6338889 0.6338889 0.6521087 0.6521087 0.6512029 0.6512029 0.6407832 0.6407832 0.6272305 0.6272305 0.6138210 0.6138210 0.6138210
0.8390495 0.8390495 0.8340011 0.8275979 0.8217543 0.8217543 0.8176467 0.8117467 0.8117467 0.8073473 0.8073473 0.8037446 0.8021457 0.8006529 0.7991073 0.7991073 0.7730545 0.7569331 0.7412508 0.7268355 0.7141659 0.7034274 0.6946517 0.6878586 0.6829504 0.6798034 0.6782612 0.6780272 0.6783367 0.6764315 0.6764315 0.6412504 0.6004074 0.5340342 0.5130879 0.5130879 0.5020442 0.5020442 0.5236845 0.5236845 0.5379844 0.5596880 0.5596880 0.5751806 0.5751806 0.6178318 0.6178318 0.6178318 0.6377193 0.6377193 0.6418086 0.6418086 0.6352226 0.6352226 0.6240113 0.6240113 0.6121231 0.6121231 0.6121231
0.8391055 0.8391055 0.8332979 0.8276116 0.8219579 0.8219579 0.8177792 0.8117672 0.8117672 0.8073480 0.8073480 0.8037444 0.8021452 0.8006521 0.7990602 0.7990602 0.7719510 0.7532296 0.7346207 0.7172667 0.7017586 0.6883749 0.6772148 0.6683097 0.6615980 0.6569659 0.6542564 0.6532078 0.6532277 0.6523654 0.6523654 0.6309080 0.6001584 0.5469766 0.5343893 0.5343893 0.5434856 0.5434856 0.5704553 0.5704553 0.5793152 0.5841541 0.5841541 0.5827593 0.5827593 0.6035585 0.6035585 0.6035585 0.6214679 0.6214679 0.6293976 0.6293976 0.6272209 0.6272209 0.6192720 0.6192720 0.6096821 0.6096821 0.6096821
0.8390266 0.8390266 0.8330145 0.8276224 0.8220789 0.8220789 0.8178626 0.8117815 0.8117815 0.8073494 0.8073494 0.8037451 0.8021456 0.8006522 0.7989948 0.7989948 0.7688069 0.7474619 0.7261186 0.7060798 0.6879929 0.6721803 0.6587824 0.6478474 0.6393446 0.6331853 0.6292320 0.6272643 0.6268324 0.6266118 0.6266118 0.6142969 0.5934761 0.5626288 0.5657691 0.5657691 0.5973422 0.5973422 0.6165524 0.6165524 0.6160180 0.6043278 0.6043278 0.5905897 0.5905897 0.5928410 0.5928410 0.5928410 0.6057287 0.6057287 0.6152287 0.6152287 0.6170929 0.6170929 0.6129860 0.6129860 0.6064366 0.6064366 0.6064366
0.8389902 0.8389902 0.8329340 0.8276263 0.8221194 0.8221194 0.8178909 0.8117865 0.8117865 0.8073499 0.8073499 0.8037452 0.8021457 0.8006523 0.7989033 0.7989033 0.7632453 0.7390636 0.7150849 0.6926031 0.6722389 0.6542999 0.6389251 0.6261632 0.6159989 0.6083671 0.6031579 0.6001986 0.5991704 0.5993058 0.5993058 0.5935035 0.5833154 0.5894424 0.6141503 0.6141503 0.6552327 0.6552327 0.6540352 0.6540352 0.6441892 0.6202701 0.6202701 0.5983592 0.5983592 0.5860199 0.5860199 0.5860199 0.5921910 0.5921910 0.6007588 0.6007588 0.6054839 0.6054839 0.6053014 0.6053014 0.6023757 0.6023757 0.6023757
0.8390147 0.8390147 0.8330259 0.8276228 0.8220801 0.8220801 0.8178637 0.8117819 0.8117819 0.8073496 0.8073496 0.8037449 0.8021453 0.8006520 0.7987767 0.7987767 0.7547067 0.7273288 0.7007391 0.6760472 0.6537471 0.6340618 0.6170778 0.6028138 0.5912457 0.5823189 0.5759485 0.5720096 0.5703287 0.5708193 0.5708193 0.5709289 0.5751820 0.6374039 0.6791760 0.6791760 0.7041767 0.7041767 0.6804263 0.6804263 0.6643490 0.6330621 0.6330621 0.6059099 0.6059099 0.5825450 0.5825450 0.5825450 0.5816581 0.5816581 0.5873065 0.5873065 0.5932916 0.5932916 0.5966024 0.5966024 0.5976102 0.5976102 0.5976102
0.8390828 0.8390828 0.8333198 0.8276107 0.8219590 0.8219590 0.8177812 0.8117680 0.8117680 0.8073482 0.8073482 0.8037443 0.8021448 0.8006517 0.7986014 0.7986014 0.7423180 0.7112871 0.6820861 0.6554464 0.6316164 0.6106535 0.5925366 0.5772156 0.5646315 0.5547202 0.5474100 0.5426229 0.5404122 0.5420365 0.5420365 0.5511828 0.5806415 0.7075651 0.7461288 0.7461288 0.7365397 0.7365397 0.6981012 0.6981012 0.6788833 0.6435830 0.6435830 0.6129795 0.6129795 0.5814840 0.5814840 0.5814840 0.5741625 0.5741625 0.5757989 0.5757989 0.5815268 0.5815268 0.5874985 0.5874985 0.5924005 0.5924005 0.5924005
0.8390175 0.8390175 0.8340313 0.8275940 0.8217531 0.8217531 0.8176472 0.8117476 0.8117476 0.8073477 0.8073477 0.8037446 0.8021455 0.8006526 0.7983612 0.7983612 0.7246591 0.6895050 0.6577651 0.6295524 0.6047232 0.5830798 0.5644352 0.5486334 0.5355531 0.5251023 0.5172082 0.5118536 0.5096572 0.5157080 0.5157080 0.5457255 0.6183522 0.7813009 0.7938747 0.7938747 0.7547894 0.7547894 0.7102693 0.7102693 0.6897311 0.6522271 0.6522271 0.6192585 0.6192585 0.5819091 0.5819091 0.5819091 0.5692761 0.5692761 0.5667002 0.5667002 0.5710868 0.5710868 0.5787545 0.5787545 0.5871728 0.5871728 0.5871728
