simulation_files/asc/Depth____100.0.asc
NCOLS        79
NROWS        79
XLLCENTER         -1.500000
YLLCENTER         -4.800000
CELLSIZE           0.100
NODATA_VALUE     -9999.0
[rows 0 to 25 of 79, columns 0 to 57 of 79]
-9999.000 -9999.000 -9999.000 -9999.000 -9999.000 -9999.000 -9999.000 -9999.000 -9999.000 -9999.000 -9999.000 -9999.000 -9999.000 -9999.000 -9999.000 0.3544978 0.3546580 0.3546070 0.3545097 0.3543815 0.3542283 0.3540529 0.3538563 0.3536372 0.3533925 0.3531176 0.3528068 0.3524532 0.3520644 0.3522867 0.3522867 -9999.000 -9999.000 -9999.000 -9999.000 -9999.000 -9999.000 -9999.000 -9999.000 -9999.000 -9999.000 -9999.000 -9999.000 -9999.000 -9999.000 -9999.000 -9999.000 -9999.000 -9999.000 -9999.000 -9999.000 -9999.000 -9999.000 -9999.000 -9999.000 -9999.000 -9999.000 -9999.000
-9999.000 -9999.000 -9999.000 -9999.000 -9999.000 -9999.000 -9999.000 -9999.000 -9999.000 -9999.000 -9999.000 -9999.000 -9999.000 -9999.000 -9999.000 0.3563751 0.3565435 0.3564916 0.3564008 0.3562840 0.3561461 0.3559898 0.3558165 0.3556261 0.3554170 0.3551857 0.3549263 0.3546289 0.3542905 0.3545200 0.3545200 -9999.000 -9999.000 -9999.000 -9999.000 -9999.000 -9999.000 -9999.000 -9999.000 -9999.000 -9999.000 -9999.000 -9999.000 -9999.000 -9999.000 -9999.000 -9999.000 -9999.000 -9999.000 -9999.000 -9999.000 -9999.000 -9999.000 -9999.000 -9999.000 -9999.000 -9999.000 -9999.000
-9999.000 -9999.000 -9999.000 -9999.000 -9999.000 -9999.000 -9999.000 -9999.000 -9999.000 -9999.000 -9999.000 -9999.000 -9999.000 -9999.000 -9999.000 0.3583450 0.3585488 0.3584991 0.3584106 0.3582976 0.3581654 0.3580166 0.3578522 0.3576711 0.3574702 0.3572440 0.3569836 0.3566759 0.3563149 0.3565645 0.3565645 -9999.000 -9999.000 -9999.000 -9999.000 -9999.000 -9999.000 -9999.000 -9999.000 -9999.000 -9999.000 -9999.000 -9999.000 -9999.000 -9999.000 -9999.000 -9999.000 -9999.000 -9999.000 -9999.000 -9999.000 -9999.000 -9999.000 -9999.000 -9999.000 -9999.000 -9999.000 -9999.000
-9999.000 -9999.000 -9999.000 -9999.000 -9999.000 -9999.000 -9999.000 -9999.000 -9999.000 -9999.000 -9999.000 -9999.000 -9999.000 -9999.000 -9999.000 0.3603484 0.3605806 0.3605317 0.3604436 0.3603316 0.3602010 0.3600544 0.3598921 0.3597122 0.3595103 0.3592790 0.3590073 0.3586788 0.3582837 0.3585385 0.3585385 -9999.000 -9999.000 -9999.000 -9999.000 -9999.000 -9999.000 -9999.000 -9999.000 -9999.000 -9999.000 -9999.000 -9999.000 -9999.000 -9999.000 -9999.000 -9999.000 -9999.000 -9999.000 -9999.000 -9999.000 -9999.000 -9999.000 -9999.000 -9999.000 -9999.000 -9999.000 -9999.000
-9999.000 -9999.000 -9999.000 -9999.000 -9999.000 -9999.000 -9999.000 -9999.000 -9999.000 -9999.000 -9999.000 -9999.000 -9999.000 -9999.000 -9999.000 0.3623753 0.3626305 0.3625804 0.3624907 0.3623770 0.3622446 0.3620960 0.3619309 0.3617466 0.3615373 0.3612939 0.3610030 0.3606446 0.3602042 0.3604522 0.3604522 -9999.000 -9999.000 -9999.000 -9999.000 -9999.000 -9999.000 -9999.000 -9999.000 -9999.000 -9999.000 -9999.000 -9999.000 -9999.000 -9999.000 -9999.000 -9999.000 -9999.000 -9999.000 -9999.000 -9999.000 -9999.000 -9999.000 -9999.000 -9999.000 -9999.000 -9999.000 -9999.000
-9999.000 -9999.000 -9999.000 -9999.000 -9999.000 -9999.000 -9999.000 -9999.000 -9999.000 -9999.000 -9999.000 -9999.000 -9999.000 -9999.000 -9999.000 0.3644178 0.3646913 0.3646386 0.3645455 0.3644278 0.3642910 0.3641373 0.3639658 0.3637728 0.3635512 0.3632899 0.3629727 0.3625756 0.3620769 0.3623058 0.3623058 -9999.000 -9999.000 -9999.000 -9999.000 -9999.000 -9999.000 -9999.000 -9999.000 -9999.000 -9999.000 -9999.000 -9999.000 -9999.000 -9999.000 -9999.000 -9999.000 -9999.000 -9999.000 -9999.000 -9999.000 -9999.000 -9999.000 -9999.000 -9999.000 -9999.000 -9999.000 -9999.000
-9999.000 -9999.000 -9999.000 -9999.000 -9999.000 -9999.000 -9999.000 -9999.000 -9999.000 -9999.000 -9999.000 -9999.000 -9999.000 -9999.000 -9999.000 0.3664696 0.3667576 0.3667006 0.3666027 0.3664795 0.3663363 0.3661751 0.3659943 0.3657892 0.3655511 0.3652664 0.3649157 0.3644697 0.3638973 0.3640911 0.3640911 -9999.000 -9999.000 -9999.000 -9999.000 -9999.000 -9999.000 -9999.000 -9999.000 -9999.000 -9999.000 -9999.000 -9999.000 -9999.000 -9999.000 -9999.000 -9999.000 -9999.000 -9999.000 -9999.000 -9999.000 -9999.000 -9999.000 -9999.000 -9999.000 -9999.000 -9999.000 -9999.000
-9999.000 -9999.000 -9999.000 -9999.000 -9999.000 -9999.000 -9999.000 -9999.000 -9999.000 -9999.000 -9999.000 -9999.000 -9999.000 -9999.000 -9999.000 0.3685254 0.3688247 0.3687621 0.3686584 0.3685283 0.3683772 0.3682065 0.3680141 0.3677938 0.3675349 0.3672211 0.3668287 0.3663216 0.3656552 0.3657913 0.3657913 -9999.000 -9999.000 -9999.000 -9999.000 -9999.000 -9999.000 -9999.000 -9999.000 -9999.000 -9999.000 -9999.000 -9999.000 -9999.000 -9999.000 -9999.000 -9999.000 -9999.000 -9999.000 -9999.000 -9999.000 -9999.000 -9999.000 -9999.000 -9999.000 -9999.000 -9999.000 -9999.000
-9999.000 -9999.000 -9999.000 -9999.000 -9999.000 -9999.000 -9999.000 -9999.000 -9999.000 -9999.000 -9999.000 -9999.000 -9999.000 -9999.000 -9999.000 0.3705809 0.3708886 0.3708189 0.3707084 0.3705704 0.3704100 0.3702282 0.3700219 0.3697833 0.3694992 0.3691497 0.3687057 0.3681217 0.3673347 0.3673778 0.3673778 -9999.000 -9999.000 -9999.000 -9999.000 -9999.000 -9999.000 -9999.000 -9999.000 -9999.000 -9999.000 -9999.000 -9999.000 -9999.000 -9999.000 -9999.000 -9999.000 -9999.000 -9999.000 -9999.000 -9999.000 -9999.000 -9999.000 -9999.000 -9999.000 -9999.000 -9999.000 -9999.000
-9999.000 -9999.000 -9999.000 -9999.000 -9999.000 -9999.000 -9999.000 -9999.000 -9999.000 -9999.000 -9999.000 -9999.000 -9999.000 -9999.000 -9999.000 0.3726312 0.3729450 0.3728667 0.3727486 0.3726017 0.3724308 0.3722362 0.3720136 0.3717532 0.3714385 0.3710451 0.3705366 0.3698551 0.3689104 0.3688031 0.3688031 -9999.000 -9999.000 -9999.000 -9999.000 -9999.000 -9999.000 -9999.000 -9999.000 -9999.000 -9999.000 -9999.000 -9999.000 -9999.000 -9999.000 -9999.000 -9999.000 -9999.000 -9999.000 -9999.000 -9999.000 -9999.000 -9999.000 -9999.000 -9999.000 -9999.000 -9999.000 -9999.000
-9999.000 -9999.000 -9999.000 -9999.000 -9999.000 -9999.000 -9999.000 -9999.000 -9999.000 -9999.000 -9999.000 -9999.000 -9999.000 -9999.000 -9999.000 0.3746711 0.3749893 0.3749008 0.3747740 0.3746171 0.3744341 0.3742248 0.3739831 0.3736964 0.3733445 0.3728964 0.3723062 0.3714986 0.3703435 0.3699873 0.3699873 -9999.000 -9999.000 -9999.000 -9999.000 -9999.000 -9999.000 -9999.000 -9999.000 -9999.000 -9999.000 -9999.000 -9999.000 -9999.000 -9999.000 -9999.000 -9999.000 -9999.000 -9999.000 -9999.000 -9999.000 -9999.000 -9999.000 -9999.000 -9999.000 -9999.000 -9999.000 -9999.000
-9999.000 -9999.000 -9999.000 -9999.000 -9999.000 -9999.000 -9999.000 -9999.000 -9999.000 -9999.000 -9999.000 -9999.000 -9999.000 -9999.000 -9999.000 0.3766934 0.3770154 0.3769146 0.3767778 0.3766093 0.3764126 0.3761859 0.3759213 0.3756025 0.3752038 0.3746863 0.3739902 0.3730152 0.3715719 0.3707879 0.3707879 -9999.000 -9999.000 -9999.000 -9999.000 -9999.000 -9999.000 -9999.000 -9999.000 -9999.000 -9999.000 -9999.000 -9999.000 -9999.000 -9999.000 -9999.000 -9999.000 -9999.000 -9999.000 -9999.000 -9999.000 -9999.000 -9999.000 -9999.000 -9999.000 -9999.000 -9999.000 -9999.000
-9999.000 -9999.000 -9999.000 -9999.000 -9999.000 -9999.000 -9999.000 -9999.000 -9999.000 -9999.000 -9999.000 -9999.000 -9999.000 -9999.000 -9999.000 0.3786881 0.3790146 0.3788991 0.3787503 0.3785680 0.3783546 0.3781068 0.3778136 0.3774540 0.3769949 0.3763859 0.3755478 0.3743430 0.3724901 0.3709295 0.3709295 -9999.000 -9999.000 -9999.000 -9999.000 -9999.000 -9999.000 -9999.000 -9999.000 -9999.000 -9999.000 -9999.000 -9999.000 -9999.000 -9999.000 -9999.000 -9999.000 -9999.000 -9999.000 -9999.000 -9999.000 -9999.000 -9999.000 -9999.000 -9999.000 -9999.000 -9999.000 -9999.000
-9999.000 -9999.000 -9999.000 -9999.000 -9999.000 -9999.000 -9999.000 -9999.000 -9999.000 -9999.000 -9999.000 -9999.000 -9999.000 -9999.000 -9999.000 0.3806265 0.3809665 0.3808354 0.3806733 0.3804753 0.3802419 0.3799677 0.3796372 0.3792229 0.3786810 0.3779445 0.3769053 0.3753673 0.3729019 0.3698220 0.3698220 -9999.000 -9999.000 -9999.000 -9999.000 -9999.000 -9999.000 -9999.000 -9999.000 -9999.000 -9999.000 -9999.000 -9999.000 -9999.000 -9999.000 -9999.000 -9999.000 -9999.000 -9999.000 -9999.000 -9999.000 -9999.000 -9999.000 -9999.000 -9999.000 -9999.000 -9999.000 -9999.000
-9999.000 -9999.000 -9999.000 -9999.000 -9999.000 -9999.000 -9999.000 -9999.000 -9999.000 -9999.000 -9999.000 -9999.000 -9999.000 -9999.000 -9999.000 0.3812469 0.3823611 0.3824748 0.3824753 0.3823782 0.3822002 0.3819450 0.3815996 0.3811313 0.3804829 0.3795626 0.3782153 0.3761432 0.3726334 0.3657023 0.3657023 -9999.000 -9999.000 -9999.000 -9999.000 -9999.000 -9999.000 -9999.000 -9999.000 -9999.000 -9999.000 -9999.000 -9999.000 -9999.000 -9999.000 -9999.000 -9999.000 -9999.000 -9999.000 -9999.000 -9999.000 -9999.000 -9999.000 -9999.000 -9999.000 -9999.000 -9999.000 -9999.000
0.3607309 0.3607309 0.3512642 0.3396739 0.3368534 0.3368534 0.3345798 0.3308917 0.3308917 0.3277812 0.3277812 0.3250567 0.3238204 0.3226523 0.3432322 0.3432322 0.3900307 0.3904334 0.3909654 0.3915517 0.3920651 0.3923543 0.3922370 0.3914947 0.3898677 0.3870238 0.3824365 0.3749917 0.3615874 0.3266190 0.3266190 0.1794856 0.1569331 0.1578774 0.1633139 0.1633139 0.1773632 0.1773632 0.2147098 0.2147098 0.2509462 0.2771978 0.2771978 0.2813874 0.2813874 0.2804322 0.2804322 0.2804322 0.2749786 0.2749786 0.2692947 0.2692947 0.2643823 0.2643823 0.2580484 0.2580484 0.2540106 0.2540106
0.3600010 0.3600010 0.3495114 0.3391810 0.3363470 0.3363470 0.3340642 0.3303736 0.3303736 0.3272715 0.3272715 0.3245566 0.3233248 0.3221612 0.3334351 0.3334351 0.3839847 0.3834998 0.3831286 0.3832085 0.3836464 0.3842810 0.3848975 0.3852150 0.3848667 0.3833538 0.3799462 0.3734452 0.3614300 0.3361051 0.3361051 0.2307204 0.1975443 0.1748074 0.1722288 0.1722288 0.1782978 0.1782978 0.2044913 0.2044913 0.2363949 0.2784106 0.2784106 0.2822991 0.2822991 0.2803319 0.2803319 0.2803319 0.2747180 0.2747180 0.2689791 0.2689791 0.2646995 0.2646995 0.2577405 0.2577405 0.2537089 0.2537089
0.3595913 0.3595913 0.3487121 0.3391995 0.3363649 0.3363649 0.3340702 0.3303600 0.3303600 0.3272496 0.3272496 0.3245314 0.3232988 0.3221345 0.3289993 0.3289993 0.3798388 0.3784727 0.3767929 0.3757868 0.3753935 0.3754532 0.3757485 0.3759812 0.3757600 0.3745758 0.3717357 0.3661868 0.3559503 0.3352431 0.3352431 0.2563224 0.2222922 0.1906736 0.1842960 0.1842960 0.1855734 0.1855734 0.2049111 0.2049111 0.2277801 0.2750975 0.2750975 0.2843737 0.2843737 0.2810125 0.2810125 0.2810125 0.2749598 0.2749598 0.2690497 0.2690497 0.2641337 0.2641337 0.2581208 0.2581208 0.2538928 0.2538928
0.3592626 0.3592626 0.3481041 0.3392099 0.3363959 0.3363959 0.3340952 0.3303651 0.3303651 0.3272461 0.3272461 0.3245273 0.3232957 0.3221326 0.3261633 0.3261633 0.3752241 0.3738070 0.3709490 0.3689007 0.3676507 0.3670305 0.3668265 0.3667399 0.3663762 0.3652306 0.3626551 0.3577510 0.3489968 0.3317209 0.3317209 0.2709639 0.2403458 0.2074466 0.2001321 0.2001321 0.1995320 0.1995320 0.2130080 0.2130080 0.2274688 0.2677153 0.2677153 0.2839308 0.2839308 0.2809563 0.2809563 0.2809563 0.2747884 0.2747884 0.2687113 0.2687113 0.2635745 0.2635745 0.2580616 0.2580616 0.2538489 0.2538489
0.3590111 0.3590111 0.3476566 0.3392077 0.3364239 0.3364239 0.3341217 0.3303717 0.3303717 0.3272429 0.3272429 0.3245236 0.3232930 0.3221312 0.3243134 0.3243134 0.3685859 0.3686405 0.3647746 0.3617484 0.3596880 0.3584221 0.3577405 0.3573433 0.3568338 0.3557140 0.3533703 0.3490202 0.3415152 0.3271593 0.3271593 0.2797958 0.2537689 0.2247338 0.2188748 0.2188748 0.2187941 0.2187941 0.2264914 0.2264914 0.2337542 0.2602442 0.2602442 0.2795760 0.2795760 0.2798032 0.2798032 0.2798032 0.2739725 0.2739725 0.2679299 0.2679299 0.2627338 0.2627338 0.2576775 0.2576775 0.2537008 0.2537008
0.3588341 0.3588341 0.3473502 0.3391993 0.3364456 0.3364456 0.3341446 0.3303780 0.3303780 0.3272403 0.3272403 0.3245203 0.3232907 0.3221300 0.3231188 0.3231188 0.3595224 0.3624415 0.3578959 0.3539639 0.3511180 0.3492160 0.3480729 0.3473994 0.3468005 0.3457758 0.3437162 0.3398815 0.3333521 0.3215926 0.3215926 0.2863481 0.2650276 0.2437739 0.2407048 0.2407048 0.2409436 0.2409436 0.2420749 0.2420749 0.2435935 0.2558817 0.2558817 0.2724915 0.2724915 0.2769728 0.2769728 0.2769728 0.2722557 0.2722557 0.2666579 0.2666579 0.2616558 0.2616558 0.2571064 0.2571064 0.2535353 0.2535353
0.3587288 0.3587288 0.3471715 0.3391912 0.3364590 0.3364590 0.3341600 0.3303826 0.3303826 0.3272386 0.3272386 0.3245181 0.3232892 0.3221292 0.3223537 0.3223537 0.3494039 0.3543769 0.3500184 0.3453455 0.3417048 0.3391521 0.3375484 0.3366216 0.3359770 0.3351040 0.3333871 0.3301296 0.3247476 0.3161686 0.3161686 0.2916505 0.2767210 0.2659636 0.2652042 0.2652042 0.2629950 0.2629950 0.2570894 0.2570894 0.2543108 0.2553671 0.2553671 0.2653411 0.2653411 0.2724183 0.2724183 0.2724183 0.2694364 0.2694364 0.2647890 0.2647890 0.2603320 0.2603320 0.2564196 0.2564196 0.2534003 0.2534003
0.3586939 0.3586939 0.3471128 0.3391879 0.3364635 0.3364635 0.3341654 0.3303843 0.3303843 0.3272379 0.3272379 0.3245173 0.3232886 0.3221289 0.3218664 0.3218664 0.3391515 0.3442427 0.3406376 0.3355311 0.3311914 0.3280118 0.3259537 0.3247856 0.3241280 0.3234676 0.3221786 0.3196083 0.3156831 0.3114831 0.3114831 0.2982991 0.2920133 0.2910266 0.2902031 0.2902031 0.2824122 0.2824122 0.2702055 0.2702055 0.2644214 0.2577214 0.2577214 0.2601903 0.2601903 0.2667497 0.2667497 0.2667497 0.2655403 0.2655403 0.2622479 0.2622479 0.2587204 0.2587204 0.2556411 0.2556411 0.2533209 0.2533209
0.3587287 0.3587287 0.3471715 0.3391912 0.3364589 0.3364589 0.3341600 0.3303826 0.3303826 0.3272386 0.3272386 0.3245181 0.3232891 0.3221292 0.3215576 0.3215576 0.3291212 0.3323016 0.3292216 0.3240475 0.3192389 0.3155434 0.3130819 0.3117000 0.3110582 0.3106587 0.3098733 0.3081264 0.3063302 0.3092560 0.3092560 0.3100646 0.3133860 0.3161610 0.3126188 0.3126188 0.2981105 0.2981105 0.2811570 0.2811570 0.2733575 0.2615888 0.2615888 0.2576263 0.2576263 0.2609306 0.2609306 0.2609306 0.2608915 0.2608915 0.2590805 0.2590805 0.2568004 0.2568004 0.2547825 0.2547825 0.2533071 0.2533071
0.3588340 0.3588340 0.3473502 0.3391993 0.3364455 0.3364455 0.3341447 0.3303781 0.3303781 0.3272403 0.3272403 0.3245203 0.3232907 0.3221300 0.3213629 0.3213629 0.3191116 0.3188428 0.3154376 0.3103543 0.3053860 0.3014007 0.2986730 0.2971547 0.2965770 0.2964849 0.2962694 0.2955526 0.2975269 0.3132340 0.3132340 0.3306527 0.3399631 0.3378733 0.3306672 0.3306672 0.3103064 0.3103064 0.2901135 0.2901135 0.2809624 0.2659101 0.2659101 0.2571635 0.2571635 0.2558137 0.2558137 0.2558137 0.2560208 0.2560208 0.2554941 0.2554941 0.2546276 0.2546276 0.2538631 0.2538631 0.2533520 0.2533520
0.3590111 0.3590111 0.3476567 0.3392077 0.3364239 0.3364239 0.3341217 0.3303718 0.3303718 0.3272429 0.3272429 0.3245236 0.3232930 0.3221312 0.3212410 0.3212410 0.3083949 0.3038237 0.2990829 0.2939342 0.2890748 0.2851182 0.2823725 0.2808810 0.2804664 0.2807466 0.2811704 0.2819366 0.2919872 0.3296054 0.3296054 0.3592851 0.3659590 0.3551238 0.3450854 0.3450854 0.3196276 0.3196276 0.2972456 0.2972456 0.2871701 0.2699933 0.2699933 0.2579581 0.2579581 0.2518538 0.2518538 0.2518538 0.2514820 0.2514820 0.2518292 0.2518292 0.2523497 0.2523497 0.2529280 0.2529280 0.2534383 0.2534383
