simulation_files/asc/Depth____55.0.asc
NCOLS       411
NROWS       131
XLLCENTER    2538020.000000
YLLCENTER    1152390.000000
CELLSIZE           1.000
NODATA_VALUE     -9999.0
[rows 26 to 51 of 131, columns 240 to 299 of 411]
0.6640148 0.6971050 0.7197162 0.7326130 0.7308443 0.7180467 0.6508631 0.5576089 0.4439712 0.3711618 0.3282733 0.3280500 0.3376491 0.3432959 0.3522465 0.3572998 0.3598729 0.3595062 0.3560410 0.3533215 0.3505062 0.3517252 0.3520887 0.3584248 0.3539459 0.3552899 0.3572126 0.3589926 0.3550318 0.3564205 0.3632233 0.3706723 0.3733521 0.3804394 0.3874749 0.3902155 0.3926798 0.3986698 0.4042740 0.4006302 0.4031151 0.4058874 0.4028206 0.4037206 0.4084798 0.4140148 0.4140818 0.4196700 0.4265557 0.4239779 0.4248928 0.4297232 0.4366950 0.4358163 0.4419204 0.4471796 0.4452576 0.4442558 0.4464192 0.4474415
0.6336896 0.6846693 0.7100515 0.7169142 0.7229255 0.7342530 0.7452992 0.7200014 0.6648813 0.5307427 0.3997564 0.3183052 0.2900433 0.2968141 0.3035433 0.3063623 0.3031656 0.3049205 0.3053144 0.3057725 0.3043720 0.3061721 0.3074655 0.3084357 0.3011247 0.3001384 0.2988213 0.3011557 0.3048834 0.3062462 0.3058882 0.3092417 0.3107214 0.3152619 0.3203575 0.3183305 0.3236815 0.3285916 0.3316692 0.3267115 0.3282860 0.3276964 0.3214932 0.3249854 0.3297352 0.3325793 0.3317261 0.3381594 0.3433009 0.3435167 0.3409882 0.3465498 0.3506912 0.3557266 0.3644993 0.3719073 0.3739051 0.3760647 0.3808458 0.3797601
0.5947834 0.6618538 0.6942980 0.7063226 0.7145106 0.7272907 0.7410961 0.7641950 0.7778146 0.7430827 0.6444408 0.4844434 0.3602196 0.2870515 0.2624782 0.2634619 0.2642887 0.2659096 0.2663986 0.2668138 0.2689842 0.2718005 0.2711301 0.2724607 0.2650124 0.2668790 0.2668646 0.2672429 0.2659637 0.2679156 0.2637766 0.2626958 0.2622628 0.2648005 0.2675275 0.2649260 0.2666059 0.2697881 0.2666222 0.2648537 0.2639113 0.2636733 0.2596834 0.2606056 0.2635769 0.2607841 0.2629610 0.2660264 0.2691026 0.2655482 0.2694986 0.2753785 0.2796356 0.2849798 0.2931503 0.3014725 0.3031938 0.3128381 0.3217064 0.3274843
0.5571218 0.6529585 0.6777390 0.6896239 0.7026159 0.7197808 0.7417534 0.7773816 0.8020022 0.8044102 0.7867086 0.7296622 0.5540281 0.3864681 0.2800931 0.2304839 0.2300314 0.2308404 0.2331723 0.2345442 0.2371236 0.2366488 0.2383410 0.2394197 0.2374325 0.2386069 0.2381828 0.2392057 0.2377534 0.2388313 0.2370703 0.2335679 0.2336833 0.2329299 0.2318880 0.2287616 0.2288063 0.2288947 0.2262819 0.2246561 0.2220130 0.2201983 0.2189940 0.2181691 0.2171866 0.2153860 0.2174807 0.2187186 0.2191378 0.2204443 0.2237818 0.2273151 0.2295035 0.2326919 0.2371281 0.2395794 0.2460948 0.2562865 0.2663173 0.2708458
0.4837797 0.6506361 0.6683169 0.6740397 0.6857338 0.7020015 0.7269989 0.7610312 0.7877379 0.8013175 0.7968785 0.7780774 0.7267469 0.6284146 0.3975277 0.2344430 0.2110881 0.2089860 0.2066563 0.2061461 0.2075086 0.2101063 0.2113625 0.2111530 0.2109491 0.2108689 0.2114016 0.2138740 0.2139402 0.2169743 0.2173501 0.2177577 0.2174750 0.2195978 0.2195182 0.2179434 0.2145725 0.2116463 0.2071405 0.2054002 0.2036160 0.2015780 0.2020853 0.2018167 0.2011226 0.2009552 0.2028215 0.2040667 0.2050830 0.2066119 0.2085327 0.2104535 0.2099176 0.2091153 0.2065652 0.2046357 0.2045262 0.2109043 0.2164807 0.2176859
-9999.000 -9999.000 0.6722711 0.6774964 0.6835175 0.6912781 0.7153606 0.7395135 0.7619450 0.7775636 0.7858889 0.7780996 0.7636126 0.7333488 0.6588485 0.4002896 0.2325675 0.2226244 0.2197108 0.2081392 0.2057852 0.2088197 0.1995328 0.1957982 0.1898518 0.1906705 0.1898303 0.1902768 0.1904920 0.1960748 0.2020846 0.2046820 0.2059418 0.2088587 0.2139712 0.2143719 0.2118581 0.2050834 0.1983543 0.1981812 0.1997054 0.1992314 0.2001557 0.2013771 0.2026379 0.2037151 0.2049232 0.2056742 0.2062361 0.2065887 0.2067947 0.2061332 0.2030577 0.1968553 0.1888158 0.1805011 0.1762728 0.1770115 0.1773158 0.1755648
-9999.000 -9999.000 -9999.000 -9999.000 0.6964583 0.7110411 0.7321777 0.7462450 0.7589781 0.7652191 0.7729297 0.7750660 0.7706169 0.7603897 0.7251756 0.6199500 0.4075489 0.2903583 0.2825198 0.2778141 0.2679922 0.2556977 0.2470044 0.2316551 0.2084433 0.1776194 0.1773260 0.1753571 0.1789688 0.1849720 0.1918013 0.1967566 0.1993290 0.2027985 0.2052771 0.2025588 0.1974323 0.1930410 0.1903778 0.1903715 0.1917428 0.1919880 0.1935249 0.1952852 0.1958800 0.1970156 0.1977771 0.1981729 0.1968289 0.1967193 0.1960370 0.1893556 0.1814056 0.1721385 0.1617962 0.1512231 0.1494329 0.1504166 0.1497937 0.1438745
-9999.000 -9999.000 -9999.000 -9999.000 -9999.000 0.7369072 0.7690719 0.7854495 0.7798191 0.7721489 0.7720223 0.7704648 0.7685724 0.7637528 0.7511641 0.6985968 0.5652018 0.4046737 0.3511103 0.3520425 0.3389679 0.3338056 0.3315106 0.3248180 0.3053487 0.2626607 0.2389540 0.1877656 0.1984351 0.1879860 0.1876808 0.1902837 0.1934690 0.1961516 0.1929806 0.1859471 0.1787889 0.1751730 0.1763894 0.1794904 0.1784196 0.1767441 0.1780602 0.1791225 0.1787614 0.1788383 0.1796721 0.1781781 0.1763917 0.1753004 0.1723905 0.1631441 0.1507236 0.1405212 0.1319507 0.1274694 0.1290930 0.1306306 0.1278413 0.1228169
-9999.000 -9999.000 -9999.000 -9999.000 -9999.000 -9999.000 -9999.000 0.8077344 0.7948586 0.7835187 0.7749366 0.7694141 0.7671554 0.7609800 0.7517442 0.7352360 0.6620711 0.5099676 0.3996587 0.3645040 0.3674493 0.3779012 0.3800994 0.3906142 0.3955347 0.4010991 0.3714285 0.3586989 0.3006256 0.2524239 0.2113715 0.1885036 0.1897384 0.1886015 0.1852561 0.1757937 0.1696796 0.1663856 0.1671052 0.1698244 0.1699915 0.1683004 0.1676675 0.1667154 0.1630810 0.1612392 0.1610294 0.1582874 0.1570408 0.1554021 0.1501732 0.1392044 0.1293832 0.1228544 0.1201554 0.1218805 0.1239405 0.1227080 0.1183499 0.1131682
-9999.000 -9999.000 -9999.000 -9999.000 -9999.000 -9999.000 -9999.000 -9999.000 -9999.000 0.7818859 0.7765913 0.7745307 0.7738758 0.7698172 0.7660620 0.7617184 0.7291517 0.6436161 0.4704762 0.3517251 0.3494773 0.3660494 0.3829772 0.4014891 0.4177254 0.4353023 0.4461886 0.4569684 0.4259730 0.3864585 0.3048766 0.2197557 0.2015655 0.1941204 0.1887680 0.1794083 0.1663401 0.1651628 0.1611253 0.1606510 0.1593440 0.1579634 0.1569777 0.1570540 0.1552344 0.1517293 0.1477271 0.1448106 0.1427137 0.1391890 0.1320321 0.1261829 0.1238395 0.1238578 0.1260951 0.1280927 0.1244504 0.1172311 0.1093200 0.1045486
-9999.000 -9999.000 -9999.000 -9999.000 -9999.000 -9999.000 -9999.000 -9999.000 -9999.000 -9999.000 0.7784096 0.7827405 0.7913848 0.7993643 0.7963692 0.7923870 0.7667059 0.7137316 0.5784485 0.3918915 0.3221672 0.3298417 0.3545679 0.3775862 0.4004947 0.4294761 0.4501437 0.4700815 0.5004371 0.4716847 0.4572477 0.3598074 0.2745589 0.2212892 0.2108740 0.2081191 0.1993931 0.1918234 0.1815490 0.1706791 0.1639535 0.1614939 0.1530173 0.1549681 0.1503134 0.1462792 0.1414943 0.1382422 0.1344266 0.1292013 0.1235683 0.1213879 0.1229975 0.1271402 0.1328313 0.1337308 0.1244046 0.1114185 0.1012659 0.9546216E-01
-9999.000 -9999.000 -9999.000 -9999.000 -9999.000 -9999.000 -9999.000 -9999.000 -9999.000 -9999.000 -9999.000 -9999.000 0.8162891 0.8274470 0.8294266 0.8224643 0.7930835 0.7414203 0.6451415 0.4684711 0.3204499 0.2786649 0.3000947 0.3264166 0.3533705 0.3884537 0.4239442 0.4559029 0.4943946 0.5117020 0.5176931 0.4926471 0.3863591 0.2872066 0.2521309 0.2462361 0.2507015 0.2510178 0.2438877 0.2324999 0.2136592 0.2023694 0.1842182 0.1775492 0.1653174 0.1567794 0.1491962 0.1438588 0.1382749 0.1260985 0.1200930 0.1201586 0.1209182 0.1227102 0.1323408 0.1382435 0.1262653 0.1112218 0.1012047 0.9405153E-01
-9999.000 -9999.000 -9999.000 -9999.000 -9999.000 -9999.000 -9999.000 -9999.000 -9999.000 -9999.000 -9999.000 -9999.000 -9999.000 -9999.000 0.8478541 0.8438294 0.8110814 0.7705543 0.7058735 0.5838970 0.3743786 0.2316894 0.2372240 0.2623795 0.2860380 0.3209207 0.3657883 0.4146863 0.4658338 0.4905876 0.5050512 0.5100932 0.4535712 0.3757343 0.2828724 0.2687115 0.2704662 0.2748477 0.2791128 0.2805381 0.2711594 0.2512649 0.2386941 0.2211101 0.2097118 0.1985756 0.1873752 0.1750753 0.1608043 0.1483839 0.1370798 0.1321510 0.1232408 0.1230314 0.1262108 0.1283905 0.1236001 0.1158512 0.1094194 0.1023890
-9999.000 -9999.000 -9999.000 -9999.000 -9999.000 -9999.000 -9999.000 -9999.000 -9999.000 -9999.000 -9999.000 -9999.000 -9999.000 -9999.000 -9999.000 -9999.000 0.8226930 0.7857835 0.7435748 0.6730389 0.5147583 0.2650987 0.2070434 0.2141085 0.2290090 0.2462155 0.2882107 0.3293221 0.3845812 0.4144715 0.4456903 0.4781333 0.4747575 0.4362912 0.3671079 0.2997516 0.2692878 0.2688257 0.2751155 0.2806756 0.2807498 0.2673843 0.2516516 0.2393835 0.2320568 0.2266701 0.2175249 0.2049618 0.1937400 0.1861388 0.1740525 0.1563389 0.1431508 0.1314429 0.1247818 0.1176641 0.1126766 0.1131169 0.1164261 0.1173408
-9999.000 -9999.000 -9999.000 -9999.000 -9999.000 -9999.000 -9999.000 -9999.000 -9999.000 -9999.000 -9999.000 -9999.000 -9999.000 -9999.000 -9999.000 -9999.000 -9999.000 0.7927192 0.7524775 0.7047589 0.6068546 0.3986268 0.2182028 0.1832207 0.1826749 0.1681576 0.1664403 0.1788966 0.1892394 0.2435238 0.3063697 0.3899860 0.4334039 0.4469912 0.4405563 0.3437096 0.2724841 0.2527573 0.2554868 0.2581204 0.2602466 0.2507221 0.2426672 0.2297298 0.2215702 0.2163690 0.2109194 0.2056909 0.2069279 0.2015229 0.1963532 0.1907249 0.1690997 0.1423239 0.1240392 0.1150375 0.1101247 0.1123892 0.1257572 0.1466237
-9999.000 -9999.000 -9999.000 -9999.000 -9999.000 -9999.000 -9999.000 -9999.000 -9999.000 -9999.000 -9999.000 -9999.000 -9999.000 -9999.000 -9999.000 -9999.000 -9999.000 -9999.000 -9999.000 0.7118931 0.6311623 0.4836588 0.2796792 0.1634083 0.1018248 0.7701508E-01 0.6284213E-01 0.4673359E-01 0.3562425E-01 0.7887747E-01 0.1369392 0.1879056 0.3083971 0.3827863 0.4314156 0.3712134 0.2833086 0.2204083 0.2168033 0.2124890 0.2179744 0.2179833 0.2178123 0.2070420 0.1964818 0.1861377 0.1824927 0.1789446 0.1791819 0.1780957 0.1759183 0.1711356 0.1613325 0.1475417 0.1317318 0.1261786 0.1256134 0.1350100 0.1628462 0.2008356
-9999.000 -9999.000 -9999.000 -9999.000 -9999.000 -9999.000 -9999.000 -9999.000 -9999.000 -9999.000 -9999.000 -9999.000 -9999.000 -9999.000 -9999.000 -9999.000 -9999.000 -9999.000 -9999.000 -9999.000 0.5836851 0.4600731 0.2851840 0.1201134 0.4503636E-01 -9999.000 -9999.000 -9999.000 -9999.000 -9999.000 -9999.000 0.5357191E-01 0.1250336 0.2275268 0.3374067 0.3452244 0.2993272 0.2207428 0.1742006 0.1483957 0.1572939 0.1650617 0.1773746 0.1741077 0.1632511 0.1457103 0.1373994 0.1281792 0.1279698 0.1227427 0.1226129 0.1201929 0.1282442 0.1317240 0.1376223 0.1349909 0.1625242 0.1942592 0.2272923 0.2597067
-9999.000 -9999.000 -9999.000 -9999.000 -9999.000 -9999.000 -9999.000 -9999.000 -9999.000 -9999.000 -9999.000 -9999.000 -9999.000 -9999.000 -9999.000 -9999.000 -9999.000 -9999.000 -9999.000 -9999.000 -9999.000 -9999.000 0.2390413 0.1225923 -9999.000 -9999.000 -9999.000 -9999.000 -9999.000 -9999.000 -9999.000 -9999.000 -9999.000 0.9365736E-01 0.1965174 0.2339283 0.2409302 0.2218693 0.1346530 0.8563114E-01 0.8227720E-01 0.9330810E-01 0.1127987 0.1209490 0.1146953 0.9387545E-01 0.8721267E-01 0.8042740E-01 0.8286310E-01 0.9036421E-01 0.9527371E-01 0.9544113E-01 0.9841118E-01 0.1038917 0.1135562 0.1283623 0.1593088 0.2002990 0.2156755 0.2266769
-9999.000 -9999.000 -9999.000 -9999.000 -9999.000 -9999.000 -9999.000 -9999.000 -9999.000 -9999.000 -9999.000 -9999.000 -9999.000 -9999.000 -9999.000 -9999.000 -9999.000 -9999.000 -9999.000 -9999.000 -9999.000 -9999.000 -9999.000 -9999.000 -9999.000 -9999.000 -9999.000 -9999.000 -9999.000 -9999.000 -9999.000 -9999.000 -9999.000 -9999.000 -9999.000 0.1111064 0.1418395 0.1403285 0.1128672 0.5562495E-01 0.3363816E-01 0.4110634E-01 0.5149253E-01 0.5760771E-01 0.6821618E-01 0.6464048E-01 0.6184831E-01 0.6426149E-01 0.6932189E-01 0.8029785E-01 0.8424057E-01 0.8261376E-01 0.7895817E-01 0.7595415E-01 0.7959079E-01 0.9234578E-01 0.1112550 0.1497168 0.1649681 0.1553930
-9999.000 -9999.000 -9999.000 -9999.000 -9999.000 -9999.000 -9999.000 -9999.000 -9999.000 -9999.000 -9999.000 -9999.000 -9999.000 -9999.000 -9999.000 -9999.000 -9999.000 -9999.000 -9999.000 -9999.000 -9999.000 -9999.000 -9999.000 -9999.000 -9999.000 -9999.000 -9999.000 -9999.000 -9999.000 -9999.000 -9999.000 -9999.000 -9999.000 -9999.000 -9999.000 -9999.000 -9999.000 0.6592167E-01 -9999.000 -9999.000 -9999.000 -9999.000 -9999.000 -9999.000 0.4264630E-01 0.4278910E-01 0.4594829E-01 0.4454621E-01 0.4558566E-01 0.4774926E-01 0.5505345E-01 0.6403294E-01 0.6104757E-01 0.5692923E-01 0.5251397E-01 0.5406126E-01 0.5930921E-01 0.8523109E-01 0.1165803 0.1188480
-9999.000 -9999.000 -9999.000 -9999.000 -9999.000 -9999.000 -9999.000 -9999.000 -9999.000 -9999.000 -9999.000 -9999.000 -9999.000 -9999.000 -9999.000 -9999.000 -9999.000 -9999.000 -9999.000 -9999.000 -9999.000 -9999.000 -9999.000 -9999.000 -9999.000 -9999.000 -9999.000 -9999.000 -9999.000 -9999.000 -9999.000 -9999.000 -9999.000 -9999.000 -9999.000 -9999.000 -9999.000 -9999.000 -9999.000 -9999.000 -9999.000 -9999.000 -9999.000 -9999.000 -9999.000 0.2567407E-01 -9999.000 0.2048053E-01 0.2106621E-01 0.2206510E-01 0.2458693E-01 0.2518828E-01 0.3237915E-01 0.3345453E-01 0.3068105E-01 0.2559754E-01 0.3013152E-01 0.6656510E-01 0.1055678 0.1164398
-9999.000 -9999.000 -9999.000 -9999.000 -9999.000 -9999.000 -9999.000 -9999.000 -9999.000 -9999.000 -9999.000 -9999.000 -9999.000 -9999.000 -9999.000 -9999.000 -9999.000 -9999.000 -9999.000 -9999.000 -9999.000 -9999.000 -9999.000 -9999.000 -9999.000 -9999.000 -9999.000 -9999.000 -9999.000 -9999.000 -9999.000 -9999.000 -9999.000 -9999.000 -9999.000 -9999.000 -9999.000 -9999.000 -9999.000 -9999.000 -9999.000 -9999.000 -9999.000 -9999.000 -9999.000 -9999.000 -9999.000 -9999.000 -9999.000 -9999.000 -9999.000 -9999.000 -9999.000 -9999.000 -9999.000 -9999.000 -9999.000 0.6255557E-01 0.1043856 0.1201917
-9999.000 -9999.000 -9999.000 -9999.000 -9999.000 -9999.000 -9999.000 -9999.000 -9999.000 -9999.000 -9999.000 -9999.000 -9999.000 -9999.000 -9999.000 -9999.000 -9999.000 -9999.000 -9999.000 -9999.000 -9999.000 -9999.000 -9999.000 -9999.000 -9999.000 -9999.000 -9999.000 -9999.000 -9999.000 -9999.000 -9999.000 -9999.000 -9999.000 -9999.000 -9999.000 -9999.000 -9999.000 -9999.000 -9999.000 -9999.000 -9999.000 -9999.000 -9999.000 -9999.000 -9999.000 -9999.000 -9999.000 -9999.000 -9999.000 -9999.000 -9999.000 -9999.000 -9999.000 -9999.000 -9999.000 -9999.000 -9999.000 0.5360651E-01 0.8808295E-01 0.1117544
-9999.000 -9999.000 -9999.000 -9999.000 -9999.000 -9999.000 -9999.000 -9999.000 -9999.000 -9999.000 -9999.000 -9999.000 -9999.000 -9999.000 -9999.000 -9999.000 -9999.000 -9999.000 -9999.000 -9999.000 -9999.000 -9999.000 -9999.000 -9999.000 -9999.000 -9999.000 -9999.000 -9999.000 -9999.000 -9999.000 -9999.000 -9999.000 -9999.000 -9999.000 -9999.000 -9999.000 -9999.000 -9999.000 -9999.000 -9999.000 -9999.000 -9999.000 -9999.000 -9999.000 -9999.000 -9999.000 -9999.000 -9999.000 -9999.000 -9999.000 -9999.000 -9999.000 -9999.000 -9999.000 -9999.000 -9999.000 -9999.000 0.2599491E-01 0.5136806E-01 0.7125782E-01
-9999.000 -9999.000 -9999.000 -9999.000 -9999.000 -9999.000 -9999.000 -9999.000 -9999.000 -9999.000 -9999.000 -9999.000 -9999.000 -9999.000 -9999.000 -9999.000 -9999.000 -9999.000 -9999.000 -9999.000 -9999.000 -9999.000 -9999.000 -9999.000 -9999.000 -9999.000 -9999.000 -9999.000 -9999.000 -9999.000 -9999.000 -9999.000 -9999.000 -9999.000 -9999.000 -9999.000 -9999.000 -9999.000 -9999.000 -9999.000 -9999.000 -9999.000 -9999.000 -9999.000 -9999.000 -9999.000 -9999.000 -9999.000 -9999.000 -9999.000 -9999.000 -9999.000 -9999.000 -9999.000 -9999.000 -9999.000 -9999.000 -9999.000 -9999.000 -9999.000
-9999.000 -9999.000 -9999.000 -9999.000 -9999.000 -9999.000 -9999.000 -9999.000 -9999.000 -9999.000 -9999.000 -9999.000 -9999.000 -9999.000 -9999.000 -9999.000 -9999.000 -9999.000 -9999.000 -9999.000 -9999.000 -9999.000 -9999.000 -9999.000 -9999.000 -9999.000 -9999.000 -9999.000 -9999.000 -9999.000 -9999.000 -9999.000 -9999.000 -9999.000 -9999.000 -9999.000 -9999.000 -9999.000 -9999.000 -9999.000 -9999.000 -9999.000 -9999.000 -9999.000 -9999.000 -9999.000 -9999.000 -9999.000 -9999.000 -9999.000 -9999.000 -9999.000 -9999.000 -9999.000 -9999.000 -9999.000 -9999.000 -9999.000 -9999.000 -9999.000
