simulation_files/asc/Depth____78.0.asc
NCOLS        79
NROWS        79
XLLCENTER         -1.500000
YLLCENTER         -4.800000
CELLSIZE           0.100
NODATA_VALUE     -9999.0
[rows 0 to 25 of 79, columns 0 to 57 of 79]
-9999.000 -9999.000 -9999.000 -9999.000 -9999.000 -9999.000 -9999.000 -9999.000 -9999.000 -9999.000 -9999.000 -9999.000 -9999.000 -9999.000 -9999.000 0.3103676 0.3105086 0.3104443 0.3103345 0.3101920 0.3100209 0.3098225 0.3095976 0.3093466 0.3090698 0.3087690 0.3084468 0.3081086 0.3077785 0.3080519 0.3080519 -9999.000 -9999.000 -9999.000 -9999.000 -9999.000 -9999.000 -9999.000 -9999.000 -9999.000 -9999.000 -9999.000 -9999.000 -9999.000 -9999.000 -9999.000 -9999.000 -9999.000 -9999.000 -9999.000 -9999.000 -9999.000 -9999.000 -9999.000 -9999.000 -9999.000 -9999.000 -9999.000
-9999.000 -9999.000 -9999.000 -9999.000 -9999.000 -9999.000 -9999.000 -9999.000 -9999.000 -9999.000 -9999.000 -9999.000 -9999.000 -9999.000 -9999.000 0.3122523 0.3124092 0.3123451 0.3122423 0.3121117 0.3119562 0.3117775 0.3115768 0.3113552 0.3111140 0.3108548 0.3105787 0.3102861 0.3099895 0.3102557 0.3102557 -9999.000 -9999.000 -9999.000 -9999.000 -9999.000 -9999.000 -9999.000 -9999.000 -9999.000 -9999.000 -9999.000 -9999.000 -9999.000 -9999.000 -9999.000 -9999.000 -9999.000 -9999.000 -9999.000 -9999.000 -9999.000 -9999.000 -9999.000 -9999.000 -9999.000 -9999.000 -9999.000
-9999.000 -9999.000 -9999.000 -9999.000 -9999.000 -9999.000 -9999.000 -9999.000 -9999.000 -9999.000 -9999.000 -9999.000 -9999.000 -9999.000 -9999.000 0.3142471 0.3144423 0.3143792 0.3142779 0.3141503 0.3139997 0.3138273 0.3136337 0.3134189 0.3131828 0.3129251 0.3126446 0.3123392 0.3120204 0.3123169 0.3123169 -9999.000 -9999.000 -9999.000 -9999.000 -9999.000 -9999.000 -9999.000 -9999.000 -9999.000 -9999.000 -9999.000 -9999.000 -9999.000 -9999.000 -9999.000 -9999.000 -9999.000 -9999.000 -9999.000 -9999.000 -9999.000 -9999.000 -9999.000 -9999.000 -9999.000 -9999.000 -9999.000
-9999.000 -9999.000 -9999.000 -9999.000 -9999.000 -9999.000 -9999.000 -9999.000 -9999.000 -9999.000 -9999.000 -9999.000 -9999.000 -9999.000 -9999.000 0.3162781 0.3165042 0.3164403 0.3163380 0.3162101 0.3160595 0.3158872 0.3156929 0.3154758 0.3152345 0.3149672 0.3146710 0.3143416 0.3139891 0.3143021 0.3143021 -9999.000 -9999.000 -9999.000 -9999.000 -9999.000 -9999.000 -9999.000 -9999.000 -9999.000 -9999.000 -9999.000 -9999.000 -9999.000 -9999.000 -9999.000 -9999.000 -9999.000 -9999.000 -9999.000 -9999.000 -9999.000 -9999.000 -9999.000 -9999.000 -9999.000 -9999.000 -9999.000
-9999.000 -9999.000 -9999.000 -9999.000 -9999.000 -9999.000 -9999.000 -9999.000 -9999.000 -9999.000 -9999.000 -9999.000 -9999.000 -9999.000 -9999.000 0.3183356 0.3185860 0.3185190 0.3184134 0.3182820 0.3181275 0.3179502 0.3177495 0.3175233 0.3172692 0.3169839 0.3166628 0.3162993 0.3159013 0.3162203 0.3162203 -9999.000 -9999.000 -9999.000 -9999.000 -9999.000 -9999.000 -9999.000 -9999.000 -9999.000 -9999.000 -9999.000 -9999.000 -9999.000 -9999.000 -9999.000 -9999.000 -9999.000 -9999.000 -9999.000 -9999.000 -9999.000 -9999.000 -9999.000 -9999.000 -9999.000 -9999.000 -9999.000
-9999.000 -9999.000 -9999.000 -9999.000 -9999.000 -9999.000 -9999.000 -9999.000 -9999.000 -9999.000 -9999.000 -9999.000 -9999.000 -9999.000 -9999.000 0.3204115 0.3206801 0.3206081 0.3204972 0.3203596 0.3201979 0.3200120 0.3198002 0.3195595 0.3192864 0.3189758 0.3186212 0.3182132 0.3177562 0.3180709 0.3180709 -9999.000 -9999.000 -9999.000 -9999.000 -9999.000 -9999.000 -9999.000 -9999.000 -9999.000 -9999.000 -9999.000 -9999.000 -9999.000 -9999.000 -9999.000 -9999.000 -9999.000 -9999.000 -9999.000 -9999.000 -9999.000 -9999.000 -9999.000 -9999.000 -9999.000 -9999.000 -9999.000
-9999.000 -9999.000 -9999.000 -9999.000 -9999.000 -9999.000 -9999.000 -9999.000 -9999.000 -9999.000 -9999.000 -9999.000 -9999.000 -9999.000 -9999.000 0.3224989 0.3227804 0.3227015 0.3225835 0.3224378 0.3222665 0.3220688 0.3218422 0.3215825 0.3212846 0.3209416 0.3205444 0.3200800 0.3195472 0.3198448 0.3198448 -9999.000 -9999.000 -9999.000 -9999.000 -9999.000 -9999.000 -9999.000 -9999.000 -9999.000 -9999.000 -9999.000 -9999.000 -9999.000 -9999.000 -9999.000 -9999.000 -9999.000 -9999.000 -9999.000 -9999.000 -9999.000 -9999.000 -9999.000 -9999.000 -9999.000 -9999.000 -9999.000
-9999.000 -9999.000 -9999.000 -9999.000 -9999.000 -9999.000 -9999.000 -9999.000 -9999.000 -9999.000 -9999.000 -9999.000 -9999.000 -9999.000 -9999.000 0.3245923 0.3248816 0.3247940 0.3246676 0.3245123 0.3243294 0.3241174 0.3238726 0.3235895 0.3232610 0.3228778 0.3224275 0.3218919 0.3212615 0.3215234 0.3215234 -9999.000 -9999.000 -9999.000 -9999.000 -9999.000 -9999.000 -9999.000 -9999.000 -9999.000 -9999.000 -9999.000 -9999.000 -9999.000 -9999.000 -9999.000 -9999.000 -9999.000 -9999.000 -9999.000 -9999.000 -9999.000 -9999.000 -9999.000 -9999.000 -9999.000 -9999.000 -9999.000
-9999.000 -9999.000 -9999.000 -9999.000 -9999.000 -9999.000 -9999.000 -9999.000 -9999.000 -9999.000 -9999.000 -9999.000 -9999.000 -9999.000 -9999.000 0.3266860 0.3269787 0.3268805 0.3267448 0.3265786 0.3263824 0.3261537 0.3258875 0.3255764 0.3252109 0.3247784 0.3242618 0.3236360 0.3228783 0.3230747 0.3230747 -9999.000 -9999.000 -9999.000 -9999.000 -9999.000 -9999.000 -9999.000 -9999.000 -9999.000 -9999.000 -9999.000 -9999.000 -9999.000 -9999.000 -9999.000 -9999.000 -9999.000 -9999.000 -9999.000 -9999.000 -9999.000 -9999.000 -9999.000 -9999.000 -9999.000 -9999.000 -9999.000
-9999.000 -9999.000 -9999.000 -9999.000 -9999.000 -9999.000 -9999.000 -9999.000 -9999.000 -9999.000 -9999.000 -9999.000 -9999.000 -9999.000 -9999.000 0.3287743 0.3290663 0.3289558 0.3288098 0.3286316 0.3284205 0.3281729 0.3278818 0.3275375 0.3271272 0.3266340 0.3260342 0.3252922 0.3243651 0.3244454 0.3244454 -9999.000 -9999.000 -9999.000 -9999.000 -9999.000 -9999.000 -9999.000 -9999.000 -9999.000 -9999.000 -9999.000 -9999.000 -9999.000 -9999.000 -9999.000 -9999.000 -9999.000 -9999.000 -9999.000 -9999.000 -9999.000 -9999.000 -9999.000 -9999.000 -9999.000 -9999.000 -9999.000
-9999.000 -9999.000 -9999.000 -9999.000 -9999.000 -9999.000 -9999.000 -9999.000 -9999.000 -9999.000 -9999.000 -9999.000 -9999.000 -9999.000 -9999.000 0.3308498 0.3311381 0.3310138 0.3308566 0.3306652 0.3304375 0.3301682 0.3298481 0.3294640 0.3289990 0.3284300 0.3277238 0.3268293 0.3256713 0.3255448 0.3255448 -9999.000 -9999.000 -9999.000 -9999.000 -9999.000 -9999.000 -9999.000 -9999.000 -9999.000 -9999.000 -9999.000 -9999.000 -9999.000 -9999.000 -9999.000 -9999.000 -9999.000 -9999.000 -9999.000 -9999.000 -9999.000 -9999.000 -9999.000 -9999.000 -9999.000 -9999.000 -9999.000
-9999.000 -9999.000 -9999.000 -9999.000 -9999.000 -9999.000 -9999.000 -9999.000 -9999.000 -9999.000 -9999.000 -9999.000 -9999.000 -9999.000 -9999.000 0.3329029 0.3331863 0.3330464 0.3328770 0.3326710 0.3324245 0.3321300 0.3317752 0.3313428 0.3308096 0.3301438 0.3292985 0.3281982 0.3267153 0.3262092 0.3262092 -9999.000 -9999.000 -9999.000 -9999.000 -9999.000 -9999.000 -9999.000 -9999.000 -9999.000 -9999.000 -9999.000 -9999.000 -9999.000 -9999.000 -9999.000 -9999.000 -9999.000 -9999.000 -9999.000 -9999.000 -9999.000 -9999.000 -9999.000 -9999.000 -9999.000 -9999.000 -9999.000
-9999.000 -9999.000 -9999.000 -9999.000 -9999.000 -9999.000 -9999.000 -9999.000 -9999.000 -9999.000 -9999.000 -9999.000 -9999.000 -9999.000 -9999.000 0.3349198 0.3351995 0.3350426 0.3348595 0.3346367 0.3343682 0.3340434 0.3336459 0.3331525 0.3325318 0.3317387 0.3307052 0.3293170 0.3273579 0.3261165 0.3261165 -9999.000 -9999.000 -9999.000 -9999.000 -9999.000 -9999.000 -9999.000 -9999.000 -9999.000 -9999.000 -9999.000 -9999.000 -9999.000 -9999.000 -9999.000 -9999.000 -9999.000 -9999.000 -9999.000 -9999.000 -9999.000 -9999.000 -9999.000 -9999.000 -9999.000 -9999.000 -9999.000
-9999.000 -9999.000 -9999.000 -9999.000 -9999.000 -9999.000 -9999.000 -9999.000 -9999.000 -9999.000 -9999.000 -9999.000 -9999.000 -9999.000 -9999.000 0.3368669 0.3371536 0.3369809 0.3367843 0.3365433 0.3362488 0.3358865 0.3354341 0.3348602 0.3341206 0.3331508 0.3318490 0.3300354 0.3273375 0.3245507 0.3245507 -9999.000 -9999.000 -9999.000 -9999.000 -9999.000 -9999.000 -9999.000 -9999.000 -9999.000 -9999.000 -9999.000 -9999.000 -9999.000 -9999.000 -9999.000 -9999.000 -9999.000 -9999.000 -9999.000 -9999.000 -9999.000 -9999.000 -9999.000 -9999.000 -9999.000 -9999.000 -9999.000
-9999.000 -9999.000 -9999.000 -9999.000 -9999.000 -9999.000 -9999.000 -9999.000 -9999.000 -9999.000 -9999.000 -9999.000 -9999.000 -9999.000 -9999.000 0.3376154 0.3386112 0.3386576 0.3386023 0.3384437 0.3381849 0.3378162 0.3373136 0.3366374 0.3357278 0.3344920 0.3327741 0.3302757 0.3262990 0.3193575 0.3193575 -9999.000 -9999.000 -9999.000 -9999.000 -9999.000 -9999.000 -9999.000 -9999.000 -9999.000 -9999.000 -9999.000 -9999.000 -9999.000 -9999.000 -9999.000 -9999.000 -9999.000 -9999.000 -9999.000 -9999.000 -9999.000 -9999.000 -9999.000 -9999.000 -9999.000 -9999.000 -9999.000
0.3068363 0.3068363 0.2940197 0.2861513 0.2836303 0.2836303 0.2815194 0.2780316 0.2780316 0.2751389 0.2751389 0.2726358 0.2714984 0.2785371 0.3225694 0.3225694 0.3461818 0.3467374 0.3472412 0.3475881 0.3476647 0.3473385 0.3464696 0.3449192 0.3425382 0.3391078 0.3341825 0.3266703 0.3134304 0.2787721 0.2787721 0.1435665 0.1198962 0.1187895 0.1244144 0.1244144 0.1400661 0.1400661 0.1693099 0.1693099 0.2101152 0.2335348 0.2335348 0.2365804 0.2365804 0.2355112 0.2355112 0.2355112 0.2305209 0.2305209 0.2255130 0.2255130 0.2212671 0.2212671 0.2153369 0.2153369 0.2115543 0.2115543
0.3056581 0.3056581 0.2932915 0.2856497 0.2831604 0.2831604 0.2810638 0.2775867 0.2775867 0.2747008 0.2747008 0.2722052 0.2710719 0.2744257 0.3142455 0.3142455 0.3396319 0.3397895 0.3400887 0.3405318 0.3410290 0.3414291 0.3415316 0.3410849 0.3397710 0.3371679 0.3326671 0.3252479 0.3127240 0.2876367 0.2876367 0.1913729 0.1606907 0.1393501 0.1366700 0.1366700 0.1421461 0.1421461 0.1634175 0.1634175 0.1940079 0.2343621 0.2343621 0.2371419 0.2371419 0.2352984 0.2352984 0.2352984 0.2301843 0.2301843 0.2251607 0.2251607 0.2215604 0.2215604 0.2150355 0.2150355 0.2112700 0.2112700
0.3050311 0.3050311 0.2930429 0.2856009 0.2831393 0.2831393 0.2810530 0.2775759 0.2775759 0.2746844 0.2746844 0.2721849 0.2710503 0.2727818 0.3047835 0.3047835 0.3349177 0.3342703 0.3338214 0.3336594 0.3337248 0.3338765 0.3339087 0.3335560 0.3324862 0.3302722 0.3263224 0.3197078 0.3086194 0.2877892 0.2877892 0.2148209 0.1838466 0.1555997 0.1495991 0.1495991 0.1500485 0.1500485 0.1655473 0.1655473 0.1859878 0.2313735 0.2313735 0.2388139 0.2388139 0.2358110 0.2358110 0.2358110 0.2302887 0.2302887 0.2251474 0.2251474 0.2209446 0.2209446 0.2153751 0.2153751 0.2114343 0.2114343
0.3045402 0.3045402 0.2928289 0.2855610 0.2831292 0.2831292 0.2810555 0.2775807 0.2775807 0.2746851 0.2746851 0.2721837 0.2710490 0.2717637 0.2951371 0.2951371 0.3306922 0.3292469 0.3280372 0.3272279 0.3267646 0.3265075 0.3262494 0.3257217 0.3245943 0.3224588 0.3187834 0.3127936 0.3030736 0.2853973 0.2853973 0.2286754 0.2006759 0.1716398 0.1649626 0.1649626 0.1635838 0.1635838 0.1738649 0.1738649 0.1859129 0.2236233 0.2236233 0.2383354 0.2383354 0.2356857 0.2356857 0.2356857 0.2301505 0.2301505 0.2248590 0.2248590 0.2204335 0.2204335 0.2153642 0.2153642 0.2114136 0.2114136
0.3041714 0.3041714 0.2926544 0.2855259 0.2831210 0.2831210 0.2810592 0.2775864 0.2775864 0.2746863 0.2746863 0.2721830 0.2710481 0.2711116 0.2861709 0.2861709 0.3263470 0.3240644 0.3220599 0.3206142 0.3196511 0.3190130 0.3184787 0.3177718 0.3165653 0.3144733 0.3110250 0.3055992 0.2971763 0.2821626 0.2821626 0.2372884 0.2133525 0.1876283 0.1822185 0.1822185 0.1811917 0.1811917 0.1864860 0.1864860 0.1920150 0.2159580 0.2159580 0.2341967 0.2341967 0.2346525 0.2346525 0.2346525 0.2294789 0.2294789 0.2241941 0.2241941 0.2196688 0.2196688 0.2150323 0.2150323 0.2112659 0.2112659
0.3039152 0.3039152 0.2925259 0.2854984 0.2831148 0.2831148 0.2810627 0.2775915 0.2775915 0.2746875 0.2746875 0.2721823 0.2710474 0.2706956 0.2805970 0.2805970 0.3215719 0.3184440 0.3155578 0.3134442 0.3119907 0.3110131 0.3102650 0.3094505 0.3082346 0.3062437 0.3030551 0.2981914 0.2910722 0.2787626 0.2787626 0.2432595 0.2240437 0.2048043 0.2016756 0.2016756 0.2008350 0.2008350 0.2006706 0.2006706 0.2013269 0.2117868 0.2117868 0.2274658 0.2274658 0.2321112 0.2321112 0.2321112 0.2280005 0.2280005 0.2230839 0.2230839 0.2186743 0.2186743 0.2144800 0.2144800 0.2110580 0.2110580
0.3037643 0.3037643 0.2924473 0.2854808 0.2831109 0.2831109 0.2810651 0.2775950 0.2775950 0.2746883 0.2746883 0.2721819 0.2710468 0.2704314 0.2766408 0.2766408 0.3158291 0.3121754 0.3083592 0.3055328 0.3035665 0.3022605 0.3013452 0.3004978 0.2993618 0.2975578 0.2946880 0.2904093 0.2846250 0.2754966 0.2754966 0.2490794 0.2351041 0.2242800 0.2230268 0.2230268 0.2201633 0.2201633 0.2142403 0.2142403 0.2113634 0.2116423 0.2116423 0.2208257 0.2208257 0.2279466 0.2279466 0.2279466 0.2254778 0.2254778 0.2213999 0.2213999 0.2174179 0.2174179 0.2137712 0.2137712 0.2108335 0.2108335
0.3037145 0.3037145 0.2924209 0.2854748 0.2831095 0.2831095 0.2810660 0.2775962 0.2775962 0.2746886 0.2746886 0.2721817 0.2710466 0.2702641 0.2739685 0.2739685 0.3080265 0.3048790 0.3002282 0.2966996 0.2942029 0.2925561 0.2914907 0.2906661 0.2896969 0.2881746 0.2856919 0.2820684 0.2781847 0.2736580 0.2736580 0.2564322 0.2488984 0.2458116 0.2445952 0.2445952 0.2372027 0.2372027 0.2261120 0.2261120 0.2207806 0.2142915 0.2142915 0.2163099 0.2163099 0.2227432 0.2227432 0.2227432 0.2219115 0.2219115 0.2190478 0.2190478 0.2158506 0.2158506 0.2129283 0.2129283 0.2106157 0.2106157
0.3037643 0.3037643 0.2924473 0.2854808 0.2831109 0.2831109 0.2810651 0.2775950 0.2775950 0.2746883 0.2746883 0.2721818 0.2710468 0.2701587 0.2722028 0.2722028 0.2976789 0.2959522 0.2909092 0.2867042 0.2836626 0.2816744 0.2804813 0.2797291 0.2790020 0.2778567 0.2758722 0.2731585 0.2723535 0.2748270 0.2748270 0.2677582 0.2670649 0.2672941 0.2640280 0.2640280 0.2510923 0.2510923 0.2360543 0.2360543 0.2290674 0.2182766 0.2182766 0.2143745 0.2143745 0.2174653 0.2174653 0.2174653 0.2176213 0.2176213 0.2160615 0.2160615 0.2139457 0.2139457 0.2119586 0.2119586 0.2104192 0.2104192
0.3039152 0.3039152 0.2925259 0.2854984 0.2831148 0.2831148 0.2810627 0.2775915 0.2775915 0.2746875 0.2746875 0.2721823 0.2710473 0.2700928 0.2710553 0.2710553 0.2857259 0.2847189 0.2797812 0.2751203 0.2716272 0.2693513 0.2680792 0.2674608 0.2670599 0.2663976 0.2650409 0.2637169 0.2685647 0.2816353 0.2816353 0.2849906 0.2888808 0.2861120 0.2799223 0.2799223 0.2619733 0.2619733 0.2441936 0.2441936 0.2360865 0.2225597 0.2225597 0.2144127 0.2144127 0.2129403 0.2129403 0.2129403 0.2131399 0.2131399 0.2126461 0.2126461 0.2117517 0.2117517 0.2108837 0.2108837 0.2102485 0.2102485
0.3041714 0.3041714 0.2926544 0.2855259 0.2831210 0.2831210 0.2810592 0.2775863 0.2775863 0.2746863 0.2746863 0.2721829 0.2710481 0.2700519 0.2703207 0.2703207 0.2726714 0.2707825 0.2660851 0.2613412 0.2576490 0.2552435 0.2540005 0.2536069 0.2536288 0.2535628 0.2529941 0.2542122 0.2703266 0.2966447 0.2966447 0.3068610 0.3106921 0.3014159 0.2928685 0.2928685 0.2703282 0.2703282 0.2506661 0.2506661 0.2417880 0.2265122 0.2265122 0.2155386 0.2155386 0.2095626 0.2095626 0.2095626 0.2090062 0.2090062 0.2091421 0.2091421 0.2094202 0.2094202 0.2097598 0.2097598 0.2101039 0.2101039
