simulation_files/asc/Depth____520.0.asc
NCOLS       216
NROWS       273
XLLCENTER        494.688995
YLLCENTER        787.867981
CELLSIZE           0.500
NODATA_VALUE     -9999.0
[rows 189 to 215 of 273, columns 118 to 176 of 216]
-9999.000 -9999.000 -9999.000 -9999.000 -9999.000 -9999.000 -9999.000 -9999.000 -9999.000 -9999.000 -9999.000 -9999.000 -9999.000 0.7612571E-01 0.1049466 0.1411444 0.1691141 0.1719416 0.1510089 0.1238415 0.7291933E-01 0.4354817E-01 -9999.000 0.1262625E-01 0.1868806E-01 0.4301370E-01 0.6610204E-01 0.8052909E-01 0.1502712 0.1847794 0.2239117 0.2505128 0.2452190 0.2359397 0.2306331 0.2112932 0.2185864 0.2186441 0.2213720 0.1722215 0.1486138 0.1787063 0.1924835 0.1852327 0.1983443 0.1834416 0.1479612 0.1017363 -9999.000 -9999.000 -9999.000 -9999.000 -9999.000 -9999.000 -9999.000 -9999.000 -9999.000 -9999.000 -9999.000
-9999.000 -9999.000 -9999.000 -9999.000 -9999.000 -9999.000 -9999.000 -9999.000 -9999.000 -9999.000 -9999.000 -9999.000 -9999.000 -9999.000 0.6714432E-01 0.1112784 0.1533209 0.1735151 0.1777424 0.1657473 0.1091164 0.6651945E-01 0.3934128E-01 0.1021918E-01 0.1207834E-01 0.1846848E-01 0.3288403E-01 0.6784973E-01 0.1372799 0.1882742 0.2262906 0.2533890 0.2444143 0.2431597 0.2560986 0.2394449 0.2320224 0.2618517 0.2259171 0.1875139 0.2112927 0.2341596 0.2300613 0.2206022 0.2387835 0.2248751 0.1938278 0.1282636 -9999.000 -9999.000 -9999.000 -9999.000 -9999.000 -9999.000 -9999.000 -9999.000 -9999.000 -9999.000 -9999.000
-9999.000 -9999.000 -9999.000 -9999.000 -9999.000 -9999.000 -9999.000 -9999.000 -9999.000 -9999.000 -9999.000 -9999.000 -9999.000 -9999.000 -9999.000 0.6680534E-01 0.1160679 0.1546261 0.1879349 0.1922638 0.1500893 0.1058975 0.6642151E-01 0.2766065E-01 0.1741080E-01 0.2452916E-01 0.2918942E-01 0.4860260E-01 0.8968563E-01 0.1464811 0.1947024 0.2272182 0.2242595 0.2376283 0.2746672 0.2393350 0.2330350 0.2655687 0.2169898 0.2210862 0.2760007 0.2946559 0.2623430 0.2563817 0.2722879 0.2344900 0.1953695 0.1099062 0.1990129E-01 -9999.000 -9999.000 -9999.000 -9999.000 -9999.000 -9999.000 -9999.000 -9999.000 -9999.000 -9999.000
-9999.000 -9999.000 -9999.000 -9999.000 -9999.000 -9999.000 -9999.000 -9999.000 -9999.000 -9999.000 -9999.000 -9999.000 -9999.000 -9999.000 -9999.000 0.3922168E-01 0.8766240E-01 0.1389242 0.1676464 0.1902956 0.1773909 0.1426040 0.1111507 0.6457255E-01 0.3172195E-01 0.2059156E-01 0.2428659E-01 0.3212189E-01 0.5522562E-01 0.1082356 0.1768236 0.2194853 0.2073203 0.2087028 0.2193139 0.1888290 0.2496637 0.2751238 0.2272160 0.2458606 0.3167761 0.3286161 0.2964655 0.2710137 0.2307432 0.1728984 0.1445909 0.8868348E-01 0.4158855E-01 -9999.000 -9999.000 -9999.000 -9999.000 -9999.000 -9999.000 -9999.000 -9999.000 -9999.000 -9999.000
-9999.000 -9999.000 -9999.000 -9999.000 -9999.000 -9999.000 -9999.000 -9999.000 -9999.000 -9999.000 -9999.000 -9999.000 -9999.000 -9999.000 -9999.000 -9999.000 0.8326444E-01 0.9237597E-01 0.8357969E-01 0.1030479 0.1321493 0.1458672 0.1475372 0.1024281 0.5257950E-01 -9999.000 -9999.000 -9999.000 -9999.000 0.7853772E-01 0.1520402 0.1933407 0.1523180 0.1634944 0.1909498 0.1909634 0.2655048 0.2898535 0.2608248 0.2754645 0.3099271 0.3221875 0.2852132 0.2043355 0.1638615 0.1245643 0.1305513 0.1375372 0.1143589 0.1053222 -9999.000 -9999.000 -9999.000 -9999.000 -9999.000 -9999.000 -9999.000 -9999.000 -9999.000
-9999.000 -9999.000 -9999.000 -9999.000 -9999.000 -9999.000 -9999.000 -9999.000 -9999.000 -9999.000 -9999.000 -9999.000 -9999.000 -9999.000 -9999.000 -9999.000 0.6572351E-01 -9999.000 -9999.000 0.2395737E-01 0.6286086E-01 0.1230361 0.1644903 0.1340022 0.9267550E-01 0.4721437E-01 0.1838091E-01 0.1439011E-01 -9999.000 0.4962533E-01 0.1202151 0.1440620 0.1115835 0.1505083 0.1979762 0.2178544 0.2566724 0.2842680 0.2778737 0.2711768 0.2834180 0.2819104 0.2381798 0.2167339 0.1874350 0.1762980 0.2002483 0.2032495 0.1938576 0.1889294 0.1330325 -9999.000 -9999.000 -9999.000 -9999.000 -9999.000 -9999.000 -9999.000 -9999.000
-9999.000 -9999.000 -9999.000 -9999.000 -9999.000 -9999.000 -9999.000 -9999.000 -9999.000 -9999.000 -9999.000 -9999.000 -9999.000 -9999.000 -9999.000 -9999.000 -9999.000 -9999.000 -9999.000 0.4897193E-01 0.5367540E-01 0.8711666E-01 0.1339739 0.1350356 0.1067641 0.5832967E-01 0.2722334E-01 -9999.000 0.1282716E-01 0.3116513E-01 0.8256664E-01 0.1098913 0.1016367 0.1297091 0.1844332 0.2120346 0.2375948 0.2548512 0.2605496 0.2545131 0.2665696 0.2785644 0.2770850 0.2784751 0.2490696 0.2343303 0.2299975 0.2309061 0.2151613 0.2115822 0.1526313 0.6748215E-01 -9999.000 -9999.000 -9999.000 -9999.000 -9999.000 -9999.000 -9999.000
-9999.000 -9999.000 -9999.000 -9999.000 -9999.000 -9999.000 -9999.000 -9999.000 -9999.000 -9999.000 -9999.000 -9999.000 -9999.000 -9999.000 -9999.000 -9999.000 -9999.000 -9999.000 0.3782937E-01 0.8126986E-01 0.8805275E-01 0.8850479E-01 0.1157587 0.1237616 0.1078664 0.7671610E-01 0.4325757E-01 -9999.000 -9999.000 -9999.000 -9999.000 -9999.000 0.7844793E-01 0.1025772 0.1422501 0.1729840 0.2050453 0.2435697 0.2457710 0.2398636 0.2682757 0.3182535 0.3351889 0.3276731 0.2714799 0.2363996 0.2505743 0.2548558 0.2454944 0.1970891 0.1303092 0.7647777E-01 -9999.000 -9999.000 -9999.000 -9999.000 -9999.000 -9999.000 -9999.000
-9999.000 -9999.000 -9999.000 -9999.000 -9999.000 -9999.000 -9999.000 -9999.000 -9999.000 -9999.000 -9999.000 -9999.000 -9999.000 -9999.000 -9999.000 -9999.000 -9999.000 -9999.000 -9999.000 0.7939676E-01 0.7576094E-01 0.8406751E-01 0.9772306E-01 0.1202262 0.1314608 0.1002278 0.7217043E-01 0.4956278E-01 -9999.000 -9999.000 -9999.000 -9999.000 -9999.000 0.7897942E-01 0.9073750E-01 0.1024769 0.1476876 0.2008647 0.1996286 0.2007997 0.2602974 0.3278541 0.3563231 0.3281657 0.2685357 0.2402347 0.2633093 0.2519917 0.2108450 0.1552338 0.1071743 0.8642362E-01 -9999.000 -9999.000 -9999.000 -9999.000 -9999.000 -9999.000 -9999.000
-9999.000 -9999.000 -9999.000 -9999.000 -9999.000 -9999.000 -9999.000 -9999.000 -9999.000 -9999.000 -9999.000 -9999.000 -9999.000 -9999.000 -9999.000 -9999.000 -9999.000 -9999.000 -9999.000 -9999.000 0.8677166E-01 0.5520668E-01 0.4496938E-01 0.8004643E-01 0.1089269 0.1085692 0.9450821E-01 0.7438588E-01 0.3693101E-01 0.1414369E-01 -9999.000 -9999.000 -9999.000 0.4624846E-01 0.5008569E-01 0.5765412E-01 0.9243470E-01 0.1339506 0.1409664 0.1851600 0.2619867 0.3098762 0.3149031 0.2911744 0.2631637 0.2383140 0.2356904 0.1796455 0.1263468 0.9669772E-01 0.1078778 0.1077876 0.8216208E-01 -9999.000 -9999.000 -9999.000 -9999.000 -9999.000 -9999.000
-9999.000 -9999.000 -9999.000 -9999.000 -9999.000 -9999.000 -9999.000 -9999.000 -9999.000 -9999.000 -9999.000 -9999.000 -9999.000 -9999.000 -9999.000 -9999.000 -9999.000 -9999.000 -9999.000 -9999.000 0.8052675E-01 0.3450343E-01 0.2478756E-01 0.5155941E-01 0.7637393E-01 0.7886024E-01 0.1005022 0.8592248E-01 -9999.000 -9999.000 -9999.000 -9999.000 -9999.000 -9999.000 0.2387600E-01 0.5128059E-01 0.9469389E-01 0.1272380 0.1546521 0.2005262 0.2368816 0.2643266 0.2570767 0.2464892 0.2405515 0.2454603 0.2138343 0.1834052 0.1585400 0.1153497 0.1185818 0.1381456 0.1179216 0.4299015E-01 -9999.000 -9999.000 -9999.000 -9999.000 -9999.000
-9999.000 -9999.000 -9999.000 -9999.000 -9999.000 -9999.000 -9999.000 -9999.000 -9999.000 -9999.000 -9999.000 -9999.000 -9999.000 -9999.000 -9999.000 -9999.000 -9999.000 -9999.000 -9999.000 0.1094915 0.5682204E-01 0.2850267E-01 0.5339194E-01 0.9593714E-01 0.1065124 0.7479960E-01 0.8670849E-01 0.7471098E-01 0.4257832E-01 -9999.000 -9999.000 -9999.000 -9999.000 -9999.000 -9999.000 0.4759758E-01 0.1019271 0.1501286 0.1838847 0.1813080 0.1747730 0.1917953 0.2265853 0.1981631 0.2043996 0.2421531 0.2214255 0.2207328 0.2036989 0.1608699 0.1439626 0.1665531 0.1490126 0.5418774E-01 -9999.000 -9999.000 -9999.000 -9999.000 -9999.000
-9999.000 -9999.000 -9999.000 -9999.000 -9999.000 -9999.000 -9999.000 -9999.000 -9999.000 -9999.000 -9999.000 -9999.000 -9999.000 -9999.000 -9999.000 -9999.000 -9999.000 -9999.000 -9999.000 0.1058171 0.8049227E-01 0.5708384E-01 0.1153963 0.1602975 0.1500180 0.1041618 0.9088070E-01 0.6344630E-01 -9999.000 -9999.000 -9999.000 -9999.000 -9999.000 -9999.000 -9999.000 -9999.000 0.7820516E-01 0.1213529 0.1443985 0.1486696 0.1535114 0.1747212 0.1814827 0.1467745 0.1432880 0.2159631 0.2354957 0.2189914 0.2020220 0.1772244 0.1659902 0.1696298 0.1555546 0.7472223E-01 0.2810906E-01 -9999.000 -9999.000 -9999.000 -9999.000
-9999.000 -9999.000 -9999.000 -9999.000 -9999.000 -9999.000 -9999.000 -9999.000 -9999.000 -9999.000 -9999.000 -9999.000 -9999.000 -9999.000 -9999.000 -9999.000 -9999.000 -9999.000 -9999.000 -9999.000 0.7663196E-01 0.8128857E-01 0.1265751 0.1490944 0.1378194 0.1417840 0.1291908 0.7471589E-01 -9999.000 -9999.000 -9999.000 -9999.000 -9999.000 -9999.000 -9999.000 -9999.000 0.4098115E-01 0.4849599E-01 0.8223268E-01 0.1245313 0.1744002 0.1798308 0.1675808 0.1514511 0.1394975 0.1863653 0.2142318 0.2106571 0.2132905 0.1856635 0.1818138 0.1876455 0.1464611 0.8407706E-01 0.6333776E-01 -9999.000 -9999.000 -9999.000 -9999.000
-9999.000 -9999.000 -9999.000 -9999.000 -9999.000 -9999.000 -9999.000 -9999.000 -9999.000 -9999.000 -9999.000 -9999.000 -9999.000 -9999.000 -9999.000 -9999.000 -9999.000 -9999.000 -9999.000 -9999.000 0.5555804E-01 0.6460100E-01 0.9826656E-01 0.1038212 0.9934244E-01 0.1343950 0.1541193 0.1036365 0.4045973E-01 -9999.000 -9999.000 -9999.000 -9999.000 -9999.000 -9999.000 -9999.000 0.3669700E-01 0.4473215E-01 0.6882081E-01 0.1102880 0.1379504 0.1425826 0.1658155 0.1923087 0.1912864 0.1918268 0.1709599 0.2015613 0.2102083 0.1881476 0.2065201 0.2225997 0.1772702 0.1416759 0.1125627 0.5499950E-01 -9999.000 -9999.000 -9999.000
-9999.000 -9999.000 -9999.000 -9999.000 -9999.000 -9999.000 -9999.000 -9999.000 -9999.000 -9999.000 -9999.000 -9999.000 -9999.000 -9999.000 -9999.000 -9999.000 -9999.000 -9999.000 -9999.000 -9999.000 0.5931332E-01 0.4547107E-01 0.5329362E-01 0.6806265E-01 0.7967327E-01 0.1148248 0.1412132 0.1117852 0.6368067E-01 0.2615589E-01 -9999.000 -9999.000 -9999.000 -9999.000 -9999.000 -9999.000 0.3917028E-01 0.5535647E-01 0.8277000E-01 0.1094669 0.1263388 0.1298200 0.1413055 0.1745670 0.1824863 0.1600017 0.1484671 0.1535325 0.1520603 0.1595743 0.2173150 0.2544457 0.2266564 0.1925343 0.1480067 0.1126759 -9999.000 -9999.000 -9999.000
-9999.000 -9999.000 -9999.000 -9999.000 -9999.000 -9999.000 -9999.000 -9999.000 -9999.000 -9999.000 -9999.000 -9999.000 -9999.000 -9999.000 -9999.000 -9999.000 -9999.000 -9999.000 -9999.000 -9999.000 0.5795601E-01 -9999.000 -9999.000 0.8648959E-01 0.1233898 0.1482132 0.1271009 0.9083929E-01 0.6457229E-01 0.3691116E-01 0.1868394E-01 -9999.000 -9999.000 -9999.000 -9999.000 -9999.000 -9999.000 -9999.000 0.6107140E-01 0.9717089E-01 0.1289157 0.1339636 0.1433282 0.1667536 0.1814519 0.1334123 0.8739341E-01 0.7109047E-01 0.8142254E-01 0.1439096 0.2264093 0.2771386 0.2314778 0.1954974 0.1614593 0.1462524 0.1236572 0.6385378E-01 -9999.000
-9999.000 -9999.000 -9999.000 -9999.000 -9999.000 -9999.000 -9999.000 -9999.000 -9999.000 -9999.000 -9999.000 -9999.000 -9999.000 -9999.000 -9999.000 -9999.000 -9999.000 -9999.000 -9999.000 -9999.000 -9999.000 -9999.000 -9999.000 0.1013095 0.1713403 0.1857792 0.1439842 0.1109969 0.8018538E-01 0.5374195E-01 0.3005046E-01 -9999.000 -9999.000 -9999.000 -9999.000 -9999.000 -9999.000 -9999.000 -9999.000 0.9134838E-01 0.1213270 0.1406953 0.1761908 0.1872521 0.1876108 0.1452832 0.1105265 0.1093225 0.1273040 0.1815896 0.2209971 0.2146023 0.1854155 0.1986995 0.1889759 0.1476126 0.1169711 0.6988876E-01 -9999.000
-9999.000 -9999.000 -9999.000 -9999.000 -9999.000 -9999.000 -9999.000 -9999.000 -9999.000 -9999.000 -9999.000 -9999.000 -9999.000 -9999.000 -9999.000 -9999.000 -9999.000 -9999.000 -9999.000 -9999.000 -9999.000 0.1278798E-01 0.3132090E-01 0.9790761E-01 0.1809097 0.1748687 0.1412371 0.1056655 0.7889292E-01 0.5921522E-01 0.3459075E-01 -9999.000 -9999.000 -9999.000 -9999.000 -9999.000 -9999.000 -9999.000 0.3668313E-01 0.7324830E-01 0.1202322 0.1651812 0.2198748 0.2376130 0.2030095 0.1699236 0.1834174 0.2643163 0.3110036 0.2909771 0.2459339 0.1893780 0.2024455 0.2509156 0.2420289 0.1712098 0.1384383 0.1187399 0.7103951E-01
-9999.000 -9999.000 -9999.000 -9999.000 -9999.000 -9999.000 -9999.000 -9999.000 -9999.000 -9999.000 -9999.000 -9999.000 -9999.000 -9999.000 -9999.000 -9999.000 -9999.000 -9999.000 -9999.000 -9999.000 -9999.000 -9999.000 0.3415968E-01 0.9524433E-01 0.1723679 0.1754229 0.1515312 0.1273564 0.1049446 0.8175630E-01 0.4098937E-01 -9999.000 -9999.000 -9999.000 -9999.000 -9999.000 -9999.000 -9999.000 -9999.000 0.3849862E-01 0.1022106 0.1797041 0.2387440 0.2724245 0.2451765 0.2148228 0.2433169 0.3161523 0.3683082 0.3300126 0.2776818 0.2369289 0.2603099 0.3123697 0.2712025 0.1496637 0.1222522 0.1384908 0.9125639E-01
-9999.000 -9999.000 -9999.000 -9999.000 -9999.000 -9999.000 -9999.000 -9999.000 -9999.000 -9999.000 -9999.000 -9999.000 -9999.000 -9999.000 -9999.000 -9999.000 -9999.000 -9999.000 -9999.000 -9999.000 -9999.000 -9999.000 0.3364848E-01 0.8430562E-01 0.1676989 0.1907364 0.1878830 0.1621526 0.1308620 0.8714859E-01 0.4171045E-01 -9999.000 -9999.000 -9999.000 -9999.000 -9999.000 -9999.000 -9999.000 -9999.000 0.2328632E-01 0.5844665E-01 0.1198960 0.2110264 0.2550772 0.2243170 0.2191668 0.2597653 0.3043409 0.3220415 0.3134221 0.2853962 0.2693909 0.2984860 0.3223117 0.2315915 0.1229812 0.9409648E-01 0.1185829 0.1051285
-9999.000 -9999.000 -9999.000 -9999.000 -9999.000 -9999.000 -9999.000 -9999.000 -9999.000 -9999.000 -9999.000 -9999.000 -9999.000 -9999.000 -9999.000 -9999.000 -9999.000 -9999.000 -9999.000 -9999.000 -9999.000 -9999.000 0.4442885E-01 0.7111074E-01 0.1061523 0.1427469 0.1887735 0.1856664 0.1364286 0.6852453E-01 0.3927943E-01 0.2044426E-01 -9999.000 -9999.000 -9999.000 -9999.000 -9999.000 -9999.000 -9999.000 0.1895522E-01 0.2339828E-01 0.5061535E-01 0.1313909 0.1486867 0.1295904 0.1750637 0.2478264 0.2907199 0.2748049 0.2679222 0.2845372 0.3076544 0.3241305 0.3073930 0.1963095 0.1379375 0.1127815 0.1257942 0.1355255
-9999.000 -9999.000 -9999.000 -9999.000 -9999.000 -9999.000 -9999.000 -9999.000 -9999.000 -9999.000 -9999.000 -9999.000 -9999.000 -9999.000 -9999.000 -9999.000 -9999.000 -9999.000 -9999.000 -9999.000 -9999.000 -9999.000 0.6107533E-01 0.8473346E-01 0.9149209E-01 0.1320451 0.1791355 0.1813393 0.1213230 0.6913203E-01 0.5636969E-01 0.5024344E-01 -9999.000 -9999.000 -9999.000 -9999.000 -9999.000 -9999.000 -9999.000 0.2243720E-01 0.4357643E-01 0.5543207E-01 0.8560900E-01 0.7922454E-01 0.1115055 0.1866721 0.2693293 0.2666206 0.2102756 0.2161842 0.2926753 0.3130547 0.3152825 0.2386918 0.1799235 0.1539664 0.1531115 0.1706305 0.1798832
-9999.000 -9999.000 -9999.000 -9999.000 -9999.000 -9999.000 -9999.000 -9999.000 -9999.000 -9999.000 -9999.000 -9999.000 -9999.000 -9999.000 -9999.000 -9999.000 -9999.000 -9999.000 -9999.000 -9999.000 -9999.000 -9999.000 -9999.000 0.9818544E-01 0.1471259 0.1662186 0.1543689 0.1396083 0.1075675 0.8704428E-01 0.6758575E-01 -9999.000 -9999.000 -9999.000 -9999.000 -9999.000 -9999.000 -9999.000 -9999.000 0.2320613E-01 0.5125386E-01 0.8141280E-01 0.1049945 0.1135986 0.1460242 0.2127755 0.2470650 0.2203596 0.1963816 0.2017999 0.2547015 0.2595208 0.2175896 0.1900189 0.1965115 0.1965179 0.1986467 0.2249041 0.1975961
-9999.000 -9999.000 -9999.000 -9999.000 -9999.000 -9999.000 -9999.000 -9999.000 -9999.000 -9999.000 -9999.000 -9999.000 -9999.000 -9999.000 -9999.000 -9999.000 -9999.000 -9999.000 -9999.000 -9999.000 -9999.000 -9999.000 -9999.000 0.7839483E-01 0.1448963 0.1740833 0.1536006 0.1395328 0.1247984 0.9444785E-01 0.5179828E-01 -9999.000 -9999.000 -9999.000 -9999.000 -9999.000 -9999.000 -9999.000 -9999.000 -9999.000 -9999.000 0.8672300E-01 0.1193903 0.1254083 0.1566946 0.1988919 0.1958944 0.2203144 0.2400924 0.1926853 0.1479525 0.1160896 0.1286254 0.1816506 0.2428762 0.2681581 0.2809342 0.2436786 0.2038849
-9999.000 -9999.000 -9999.000 -9999.000 -9999.000 -9999.000 -9999.000 -9999.000 -9999.000 -9999.000 -9999.000 -9999.000 -9999.000 -9999.000 -9999.000 -9999.000 -9999.000 -9999.000 -9999.000 -9999.000 -9999.000 -9999.000 -9999.000 -9999.000 0.1037943 0.1540626 0.1711679 0.1637414 0.1492622 0.1101088 0.6467933E-01 0.2995504E-01 -9999.000 -9999.000 -9999.000 -9999.000 -9999.000 -9999.000 -9999.000 -9999.000 -9999.000 0.6583802E-01 0.1068996 0.1290179 0.1592534 0.1801196 0.1852111 0.2188159 0.2106662 0.1659511 0.1049201 0.1064040 0.1456668 0.2151278 0.2824914 0.2952967 0.2821151 0.2712219 0.2381679
-9999.000 -9999.000 -9999.000 -9999.000 -9999.000 -9999.000 -9999.000 -9999.000 -9999.000 -9999.000 -9999.000 -9999.000 -9999.000 -9999.000 -9999.000 -9999.000 -9999.000 -9999.000 -9999.000 -9999.000 -9999.000 -9999.000 -9999.000 -9999.000 0.5432434E-01 0.9639637E-01 0.1253333 0.1375577 0.1420240 0.1303509 0.8896503E-01 0.3996141E-01 -9999.000 -9999.000 -9999.000 -9999.000 -9999.000 -9999.000 -9999.000 -9999.000 -9999.000 -9999.000 0.8122846E-01 0.1149324 0.1384144 0.1289078 0.1167641 0.1423189 0.1518520 0.1299997 0.1565442 0.1968657 0.2495016 0.3071198 0.3115711 0.2925574 0.2679262 0.2815703 0.2433737
