simulation_files/asc/Depth____183.0.asc
NCOLS       411
NROWS       131
XLLCENTER    2538020.000000
YLLCENTER    1152390.000000
CELLSIZE           1.000
NODATA_VALUE     -9999.0
[rows 27 to 53 of 131, columns 236 to 294 of 411]
1.126445 1.280886 1.537973 1.810827 2.055047 2.271062 2.392094 2.441631 2.458168 2.449930 2.415413 2.372209 2.345710 2.305478 2.287734 2.295821 2.320202 2.357280 2.400040 2.443612 2.490690 2.509712 2.494545 2.430901 2.153568 1.792859 1.583109 1.315837 1.082261 0.9991260 0.9847681 0.9736508 0.9590372 0.9314292 0.8873684 0.8170607 0.7474229 0.6652120 0.5977504 0.5516921 0.5292373 0.5255191 0.5285163 0.5259581 0.5312044 0.5339318 0.5306834 0.5371497 0.5445608 0.5495346 0.5494969 0.5565112 0.5633707 0.5664216 0.5668208 0.5765765 0.5835709 0.5898949 0.6021302
0.9150733 1.054877 1.301347 1.629289 2.019765 2.290675 2.435980 2.480792 2.503674 2.501715 2.477914 2.458257 2.434907 2.390767 2.348227 2.327089 2.336605 2.365286 2.406675 2.448568 2.479853 2.485733 2.443182 2.287709 1.973086 1.753695 1.675414 1.472278 1.210023 1.024131 0.9839075 0.9670188 0.9612863 0.9526652 0.9454567 0.9227315 0.8865279 0.8182240 0.7226466 0.6394858 0.5561379 0.5021627 0.4780594 0.4691406 0.4679513 0.4695212 0.4679776 0.4702672 0.4742077 0.4719038 0.4742886 0.4773124 0.4809874 0.4783497 0.4846071 0.4926969 0.4982166 0.5044839 0.5160091
0.7112138 0.8023120 0.9668513 1.248090 1.952956 2.352752 2.480514 2.533647 2.554589 2.553810 2.541908 2.528836 2.502083 2.441115 2.364828 2.336717 2.340193 2.366078 2.404631 2.447566 2.486896 2.489392 2.407885 2.158130 1.854693 1.733601 1.709768 1.583550 1.341708 1.103779 1.013361 0.9767632 0.9580049 0.9520260 0.9514853 0.9473542 0.9343466 0.9276119 0.8905030 0.8373429 0.7362583 0.6250926 0.5411795 0.4762460 0.4442439 0.4325668 0.4277742 0.4273373 0.4279074 0.4271152 0.4292695 0.4309039 0.4316015 0.4326757 0.4365740 0.4407225 0.4437005 0.4482015 0.4560596
0.5892918 0.6159632 0.6592801 0.7696994 1.693749 2.411111 2.532550 2.588903 2.606723 2.600610 2.583434 2.558519 2.516454 2.439972 2.353798 2.314694 2.309663 2.343610 2.389558 2.449386 2.508929 2.482850 2.295304 1.957086 1.796010 1.756322 1.730281 1.703960 1.519810 1.237822 1.073948 1.018437 0.9875383 0.9639142 0.9635227 0.9604024 0.9590432 0.9542104 0.9545419 0.9387743 0.8974756 0.8182757 0.7350527 0.6330955 0.5405763 0.4898943 0.4436759 0.4198261 0.4131382 0.4128572 0.4149926 0.4165373 0.4184074 0.4203664 0.4223932 0.4249775 0.4251563 0.4257389 0.4263789
-9999.000 -9999.000 -9999.000 -9999.000 -9999.000 -9999.000 2.586854 2.637759 2.655840 2.645735 2.611736 2.552759 2.480001 2.387039 2.300434 2.269849 2.257188 2.283111 2.347326 2.441433 2.472005 2.373253 2.162755 1.906274 1.821590 1.803986 1.777132 1.756036 1.672043 1.379781 1.165320 1.084976 1.056582 1.018705 0.9983851 0.9839509 0.9817841 0.9800809 0.9788323 0.9699569 0.9530935 0.9256068 0.8974762 0.8383507 0.7522062 0.6717583 0.5785467 0.4946019 0.4449774 0.4228561 0.4162575 0.4155047 0.4163119 0.4170703 0.4175271 0.4172078 0.4149428 0.4114835 0.4079192
-9999.000 -9999.000 -9999.000 -9999.000 -9999.000 -9999.000 -9999.000 -9999.000 2.685306 2.681105 2.637326 2.569879 2.447221 2.329332 2.257065 2.209642 2.194372 2.226441 2.306907 2.401631 2.408380 2.220816 2.052161 1.921225 1.864650 1.851915 1.832520 1.807859 1.774929 1.613337 1.291254 1.161239 1.143552 1.111488 1.064106 1.015405 1.001589 0.9967507 0.9923424 0.9864152 0.9736259 0.9615952 0.9475124 0.9287389 0.9005332 0.8565266 0.7892562 0.6909098 0.5954297 0.4927281 0.4353901 0.4163528 0.4112665 0.4092955 0.4073633 0.4017031 0.3962262 0.3906647 0.3856785
-9999.000 -9999.000 -9999.000 -9999.000 -9999.000 -9999.000 -9999.000 -9999.000 -9999.000 2.688918 2.649010 2.575137 2.433645 2.296196 2.196221 2.151793 2.133393 2.146972 2.223383 2.314069 2.242735 2.144341 2.060934 1.989209 1.904692 1.890651 1.881778 1.870695 1.863618 1.779293 1.503850 1.257733 1.214445 1.194055 1.143641 1.074882 1.030117 0.9991938 0.9966303 0.9971134 0.9936504 0.9973141 0.9914611 0.9860516 0.9741325 0.9514193 0.9155474 0.8701099 0.8050253 0.6985766 0.5678057 0.4819397 0.4308504 0.4040660 0.3925974 0.3842837 0.3775054 0.3727369 0.3702066
-9999.000 -9999.000 -9999.000 -9999.000 -9999.000 -9999.000 -9999.000 -9999.000 -9999.000 -9999.000 -9999.000 2.528819 2.381332 2.249986 2.167785 2.119752 2.083008 2.081083 2.153311 2.201155 2.181639 2.136207 2.095945 2.030711 1.953073 1.936423 1.941611 1.941977 1.950171 1.922289 1.709784 1.401146 1.264642 1.233083 1.203067 1.162880 1.095496 1.027780 1.008492 1.005722 1.008374 1.013385 1.018714 1.024489 1.010675 0.9903827 0.9658812 0.9362607 0.9239986 0.8799745 0.7856862 0.6773154 0.5518841 0.4564464 0.4079292 0.3874352 0.3763398 0.3730843 0.3746414
-9999.000 -9999.000 -9999.000 -9999.000 -9999.000 -9999.000 -9999.000 -9999.000 -9999.000 -9999.000 -9999.000 -9999.000 -9999.000 2.196325 2.148460 2.106931 2.066626 2.057771 2.120335 2.178998 2.192366 2.163250 2.122484 2.068421 1.997161 1.978757 1.998592 1.999883 2.005277 1.989588 1.844829 1.578962 1.331354 1.255773 1.229825 1.218484 1.177674 1.104601 1.054422 1.018780 1.014748 1.018682 1.022278 1.029170 1.032672 1.025327 1.004895 0.9794096 0.9505108 0.9309147 0.9007381 0.8531005 0.7685635 0.6452091 0.5456900 0.4622998 0.4143797 0.3989339 0.4006564
-9999.000 -9999.000 -9999.000 -9999.000 -9999.000 -9999.000 -9999.000 -9999.000 -9999.000 -9999.000 -9999.000 -9999.000 -9999.000 -9999.000 2.128116 2.100178 2.085456 2.116422 2.164556 2.219561 2.223185 2.191800 2.149565 2.096835 2.031283 2.001193 2.018492 2.011526 2.003459 1.991799 1.924575 1.719193 1.424355 1.312958 1.243010 1.230042 1.226953 1.201931 1.129642 1.064065 1.023274 1.020704 1.024608 1.029390 1.035688 1.036370 1.034096 1.014401 0.9891674 0.9659561 0.9482486 0.9425896 0.9205792 0.8559568 0.7685449 0.6613824 0.5542971 0.4845720 0.4505897
-9999.000 -9999.000 -9999.000 -9999.000 -9999.000 -9999.000 -9999.000 -9999.000 -9999.000 -9999.000 -9999.000 -9999.000 -9999.000 -9999.000 -9999.000 -9999.000 2.152415 2.193138 2.235848 2.265937 2.252354 2.211687 2.166699 2.117049 2.056682 2.010904 1.989770 1.974176 1.955884 1.944605 1.935303 1.802524 1.521938 1.391661 1.292215 1.230710 1.236534 1.249137 1.231627 1.158979 1.067487 1.025390 1.016540 1.020477 1.025369 1.030049 1.037758 1.042443 1.035540 1.028553 1.007200 0.9995260 0.9911570 0.9783445 0.9500432 0.8840473 0.7876674 0.6877885 0.5612180
-9999.000 -9999.000 -9999.000 -9999.000 -9999.000 -9999.000 -9999.000 -9999.000 -9999.000 -9999.000 -9999.000 -9999.000 -9999.000 -9999.000 -9999.000 -9999.000 -9999.000 -9999.000 2.274375 2.291872 2.273220 2.240499 2.192474 2.139686 2.071807 2.021641 1.974525 1.939422 1.921510 1.901210 1.930849 1.866331 1.599689 1.450336 1.362219 1.246932 1.224614 1.232950 1.266281 1.237004 1.162974 1.063903 1.011824 0.9987991 1.008252 1.018752 1.032409 1.058479 1.075723 1.083298 1.071681 1.057637 1.044213 1.038369 1.033897 1.018918 0.9777085 0.9215342 0.8343388
-9999.000 -9999.000 -9999.000 -9999.000 -9999.000 -9999.000 -9999.000 -9999.000 -9999.000 -9999.000 -9999.000 -9999.000 -9999.000 -9999.000 -9999.000 -9999.000 -9999.000 -9999.000 -9999.000 -9999.000 2.286573 2.257701 2.222521 2.172506 2.112949 2.053215 2.003559 1.949854 1.906093 1.878126 1.903955 1.894574 1.651216 1.421662 1.391890 1.306747 1.210317 1.178814 1.214700 1.233864 1.226783 1.150272 1.046018 0.9863907 0.9895494 1.004093 1.030147 1.050194 1.076418 1.100138 1.104322 1.102496 1.091044 1.080762 1.069660 1.060575 1.047049 1.029511 0.9945485
-9999.000 -9999.000 -9999.000 -9999.000 -9999.000 -9999.000 -9999.000 -9999.000 -9999.000 -9999.000 -9999.000 -9999.000 -9999.000 -9999.000 -9999.000 -9999.000 -9999.000 -9999.000 -9999.000 -9999.000 -9999.000 2.266886 2.236549 2.203387 2.158141 2.102635 2.037503 1.970454 1.905588 1.852071 1.839305 1.814341 1.484619 1.260153 1.277172 1.308055 1.203328 1.123012 1.130467 1.171120 1.210397 1.223632 1.141433 1.045429 0.9767620 0.9805925 1.000245 1.017502 1.043150 1.073812 1.102439 1.111461 1.111909 1.099292 1.086621 1.079160 1.069826 1.062120 1.051217
-9999.000 -9999.000 -9999.000 -9999.000 -9999.000 -9999.000 -9999.000 -9999.000 -9999.000 -9999.000 -9999.000 -9999.000 -9999.000 -9999.000 -9999.000 -9999.000 -9999.000 -9999.000 -9999.000 -9999.000 -9999.000 -9999.000 -9999.000 2.224823 2.184780 2.123961 2.042545 1.965929 1.880231 1.778447 1.707982 1.581921 1.308244 1.025642 1.044277 1.175623 1.175890 1.090282 1.056264 1.084407 1.141572 1.210928 1.208656 1.146178 1.018108 0.9576431 0.9535140 0.9681453 0.9907142 1.014787 1.050047 1.069985 1.092765 1.087678 1.077056 1.062485 1.050674 1.045711 1.041770
-9999.000 -9999.000 -9999.000 -9999.000 -9999.000 -9999.000 -9999.000 -9999.000 -9999.000 -9999.000 -9999.000 -9999.000 -9999.000 -9999.000 -9999.000 -9999.000 -9999.000 -9999.000 -9999.000 -9999.000 -9999.000 -9999.000 -9999.000 -9999.000 2.164943 2.090791 1.978685 1.867401 1.767878 1.660674 1.524439 1.321920 1.097812 0.8136024 0.7415369 0.8475045 1.066357 1.029469 0.9821858 0.9817650 1.029399 1.104208 1.175774 1.200398 1.124253 0.9843493 0.9033652 0.8983520 0.9117678 0.9272601 0.9563012 0.9850240 1.021554 1.032428 1.027282 1.007570 0.9845924 0.9631536 0.9518480
-9999.000 -9999.000 -9999.000 -9999.000 -9999.000 -9999.000 -9999.000 -9999.000 -9999.000 -9999.000 -9999.000 -9999.000 -9999.000 -9999.000 -9999.000 -9999.000 -9999.000 -9999.000 -9999.000 -9999.000 -9999.000 -9999.000 -9999.000 -9999.000 -9999.000 -9999.000 1.882713 1.757745 1.623910 1.503483 1.286147 1.052293 0.8108428 0.5704616 0.4786443 0.5692944 0.8045307 0.8490115 0.8203840 0.8298853 0.8707290 0.9366427 1.044771 1.116420 1.166888 1.037318 0.8847696 0.8078874 0.8062983 0.8118716 0.8368461 0.8574494 0.8934593 0.9277936 0.9366963 0.9152240 0.9037197 0.8643741 0.8474088
-9999.000 -9999.000 -9999.000 -9999.000 -9999.000 -9999.000 -9999.000 -9999.000 -9999.000 -9999.000 -9999.000 -9999.000 -9999.000 -9999.000 -9999.000 -9999.000 -9999.000 -9999.000 -9999.000 -9999.000 -9999.000 -9999.000 -9999.000 -9999.000 -9999.000 -9999.000 -9999.000 -9999.000 1.512286 1.337535 1.072508 0.7934381 0.4717242 0.2925724 0.2045244 0.2863557 0.4007753 0.5360685 0.6079968 0.5732936 0.5988075 0.6665334 0.7818601 0.9055741 1.049761 1.037180 0.9186847 0.7506114 0.6974989 0.7005313 0.7239321 0.7418459 0.7736087 0.8137007 0.8446837 0.8578246 0.8571612 0.8415783 0.8264248
-9999.000 -9999.000 -9999.000 -9999.000 -9999.000 -9999.000 -9999.000 -9999.000 -9999.000 -9999.000 -9999.000 -9999.000 -9999.000 -9999.000 -9999.000 -9999.000 -9999.000 -9999.000 -9999.000 -9999.000 -9999.000 -9999.000 -9999.000 -9999.000 -9999.000 -9999.000 -9999.000 -9999.000 -9999.000 1.155853 0.8331556 0.5286447 0.2419581 -9999.000 0.4393505E-01 -9999.000 -9999.000 0.1817898 0.2679678 0.2767595 0.2494828 0.2672229 0.4244510 0.5717684 0.7763382 0.8989330 0.9296306 0.8032482 0.6449648 0.6010250 0.6388344 0.6628129 0.6918147 0.7246349 0.7716137 0.8124684 0.8424056 0.8524260 0.8534747
-9999.000 -9999.000 -9999.000 -9999.000 -9999.000 -9999.000 -9999.000 -9999.000 -9999.000 -9999.000 -9999.000 -9999.000 -9999.000 -9999.000 -9999.000 -9999.000 -9999.000 -9999.000 -9999.000 -9999.000 -9999.000 -9999.000 -9999.000 -9999.000 -9999.000 -9999.000 -9999.000 -9999.000 -9999.000 -9999.000 -9999.000 -9999.000 -9999.000 -9999.000 -9999.000 -9999.000 -9999.000 -9999.000 -9999.000 0.8123940E-01 -9999.000 0.6686164E-01 0.1340108 0.2605177 0.4181585 0.6672316 0.8050410 0.8535668 0.6983704 0.5713142 0.5504953 0.5853352 0.6230886 0.6523959 0.7018178 0.7438985 0.7974547 0.8314625 0.8604024
-9999.000 -9999.000 -9999.000 -9999.000 -9999.000 -9999.000 -9999.000 -9999.000 -9999.000 -9999.000 -9999.000 -9999.000 -9999.000 -9999.000 -9999.000 -9999.000 -9999.000 -9999.000 -9999.000 -9999.000 -9999.000 -9999.000 -9999.000 -9999.000 -9999.000 -9999.000 -9999.000 -9999.000 -9999.000 -9999.000 -9999.000 -9999.000 -9999.000 -9999.000 -9999.000 -9999.000 -9999.000 -9999.000 -9999.000 -9999.000 -9999.000 -9999.000 -9999.000 -9999.000 0.2876759 0.3774077 0.5067341 0.7013767 0.7113380 0.6024659 0.4843098 0.4895910 0.5257066 0.5719804 0.6141005 0.6623015 0.7149745 0.7640922 0.8119016
-9999.000 -9999.000 -9999.000 -9999.000 -9999.000 -9999.000 -9999.000 -9999.000 -9999.000 -9999.000 -9999.000 -9999.000 -9999.000 -9999.000 -9999.000 -9999.000 -9999.000 -9999.000 -9999.000 -9999.000 -9999.000 -9999.000 -9999.000 -9999.000 -9999.000 -9999.000 -9999.000 -9999.000 -9999.000 -9999.000 -9999.000 -9999.000 -9999.000 -9999.000 -9999.000 -9999.000 -9999.000 -9999.000 -9999.000 -9999.000 -9999.000 -9999.000 -9999.000 -9999.000 -9999.000 -9999.000 0.2293037 0.3626843 0.5571826 0.5707583 0.4830861 0.4135903 0.4058443 0.4490701 0.5045591 0.5623609 0.6135441 0.6667670 0.7233442
-9999.000 -9999.000 -9999.000 -9999.000 -9999.000 -9999.000 -9999.000 -9999.000 -9999.000 -9999.000 -9999.000 -9999.000 -9999.000 -9999.000 -9999.000 -9999.000 -9999.000 -9999.000 -9999.000 -9999.000 -9999.000 -9999.000 -9999.000 -9999.000 -9999.000 -9999.000 -9999.000 -9999.000 -9999.000 -9999.000 -9999.000 -9999.000 -9999.000 -9999.000 -9999.000 -9999.000 -9999.000 -9999.000 -9999.000 -9999.000 -9999.000 -9999.000 -9999.000 -9999.000 -9999.000 -9999.000 0.6522118E-01 0.9081825E-01 0.2566436 0.3591426 0.4441006 0.3734240 0.3264361 0.3216360 0.3790360 0.4397385 0.5055635 0.5615753 0.6018447
-9999.000 -9999.000 -9999.000 -9999.000 -9999.000 -9999.000 -9999.000 -9999.000 -9999.000 -9999.000 -9999.000 -9999.000 -9999.000 -9999.000 -9999.000 -9999.000 -9999.000 -9999.000 -9999.000 -9999.000 -9999.000 -9999.000 -9999.000 -9999.000 -9999.000 -9999.000 -9999.000 -9999.000 -9999.000 -9999.000 -9999.000 -9999.000 -9999.000 -9999.000 -9999.000 -9999.000 -9999.000 -9999.000 -9999.000 -9999.000 -9999.000 -9999.000 -9999.000 -9999.000 -9999.000 -9999.000 -9999.000 -9999.000 -9999.000 0.1362139 0.2362308 0.2959112 0.2707060 0.2336649 0.2490631 0.2809258 0.3433318 0.4062576 0.4605934
-9999.000 -9999.000 -9999.000 -9999.000 -9999.000 -9999.000 -9999.000 -9999.000 -9999.000 -9999.000 -9999.000 -9999.000 -9999.000 -9999.000 -9999.000 -9999.000 -9999.000 -9999.000 -9999.000 -9999.000 -9999.000 -9999.000 -9999.000 -9999.000 -9999.000 -9999.000 -9999.000 -9999.000 -9999.000 -9999.000 -9999.000 -9999.000 -9999.000 -9999.000 -9999.000 -9999.000 -9999.000 -9999.000 -9999.000 -9999.000 -9999.000 -9999.000 -9999.000 -9999.000 -9999.000 -9999.000 -9999.000 -9999.000 -9999.000 -9999.000 0.6589936E-01 0.1409631 0.1813525 0.1662864 0.1514554 0.1605740 0.1862463 0.2460100 0.2986224
-9999.000 -9999.000 -9999.000 -9999.000 -9999.000 -9999.000 -9999.000 -9999.000 -9999.000 -9999.000 -9999.000 -9999.000 -9999.000 -9999.000 -9999.000 -9999.000 -9999.000 -9999.000 -9999.000 -9999.000 -9999.000 -9999.000 -9999.000 -9999.000 -9999.000 -9999.000 -9999.000 -9999.000 -9999.000 -9999.000 -9999.000 -9999.000 -9999.000 -9999.000 -9999.000 -9999.000 -9999.000 -9999.000 -9999.000 -9999.000 -9999.000 -9999.000 -9999.000 -9999.000 -9999.000 -9999.000 -9999.000 -9999.000 -9999.000 -9999.000 -9999.000 -9999.000 0.8590465E-01 0.1014519 0.9789656E-01 0.9380937E-01 0.9904161E-01 0.1284185 0.1636819
-9999.000 -9999.000 -9999.000 -9999.000 -9999.000 -9999.000 -9999.000 -9999.000 -9999.000 -9999.000 -9999.000 -9999.000 -9999.000 -9999.000 -9999.000 -9999.000 -9999.000 -9999.000 -9999.000 -9999.000 -9999.000 -9999.000 -9999.000 -9999.000 -9999.000 -9999.000 -9999.000 -9999.000 -9999.000 -9999.000 -9999.000 -9999.000 -9999.000 -9999.000 -9999.000 -9999.000 -9999.000 -9999.000 -9999.000 -9999.000 -9999.000 -9999.000 -9999.000 -9999.000 -9999.000 -9999.000 -9999.000 -9999.000 -9999.000 -9999.000 -9999.000 -9999.000 -9999.000 0.5158040E-01 0.6446142E-01 0.6387872E-01 0.5976469E-01 0.7337378E-01 0.8871983E-01
