simulation_files/asc/Depth____665.0.asc
NCOLS       216
NROWS       273
XLLCENTER        494.688995
YLLCENTER        787.867981
CELLSIZE           0.500
NODATA_VALUE     -9999.0
[rows 162 to 188 of 273, columns 118 to 176 of 216]
1.983205 2.659347 2.857910 2.895486 2.905933 2.912993 2.688551 2.111829 1.505426 0.6489305 0.1705570 0.7958168E-01 0.1066605 0.1530900 0.1334357 0.1189572 0.1431600 0.1568951 0.1791295 0.1837007 0.1804040 0.1454682 0.9767072E-01 0.1025954 0.1312633 0.1371933 0.1018195 0.6329525E-01 -9999.000 -9999.000 -9999.000 -9999.000 -9999.000 -9999.000 -9999.000 -9999.000 -9999.000 -9999.000 -9999.000 -9999.000 -9999.000 -9999.000 -9999.000 -9999.000 -9999.000 -9999.000 -9999.000 -9999.000 -9999.000 -9999.000 -9999.000 -9999.000 -9999.000 -9999.000 -9999.000 -9999.000 -9999.000 -9999.000 -9999.000
1.644590 2.565925 2.849973 2.884654 2.883877 2.475338 1.760576 1.051995 0.4694685 0.1557077 0.1313697 0.1165838 0.1242929 0.1184893 0.1311519 0.1411912 0.1450342 0.1445032 0.1784909 0.2022200 0.2064238 0.1520490 0.1071947 0.1129991 0.1509841 0.1651539 0.1422220 0.9711664E-01 0.4911558E-01 -9999.000 -9999.000 -9999.000 -9999.000 -9999.000 -9999.000 -9999.000 -9999.000 -9999.000 -9999.000 -9999.000 -9999.000 -9999.000 -9999.000 -9999.000 -9999.000 -9999.000 -9999.000 -9999.000 -9999.000 -9999.000 -9999.000 -9999.000 -9999.000 -9999.000 -9999.000 -9999.000 -9999.000 -9999.000 -9999.000
1.245340 2.272508 2.727652 2.869698 2.447187 1.590175 -9999.000 0.1644168 0.1246583 0.9623852E-01 0.1147887 0.1021483 0.9679524E-01 0.8631823E-01 0.1103364 0.1353255 0.1314659 0.1325492 0.1556079 0.1876437 0.1976085 0.1349605 0.9757919E-01 0.1153601 0.1583765 0.1656653 0.1304895 0.1025871 0.4913657E-01 -9999.000 -9999.000 -9999.000 -9999.000 -9999.000 -9999.000 -9999.000 -9999.000 -9999.000 -9999.000 -9999.000 -9999.000 -9999.000 -9999.000 -9999.000 -9999.000 -9999.000 -9999.000 -9999.000 -9999.000 -9999.000 -9999.000 -9999.000 -9999.000 -9999.000 -9999.000 -9999.000 -9999.000 -9999.000 -9999.000
-9999.000 1.464725 2.284994 2.392159 1.527364 0.5639004 0.1282909 0.1266766 0.1024477 0.7040525E-01 0.6001123E-01 0.6151299E-01 0.7662091E-01 0.7745599E-01 0.1010065 0.1303869 0.1375163 0.1553389 0.1782900 0.2042859 0.1688324 0.1098526 0.9066284E-01 0.1083420 0.1482723 0.1457652 0.1326053 0.9895924E-01 0.5260183E-01 0.2001181E-01 -9999.000 -9999.000 -9999.000 -9999.000 -9999.000 -9999.000 -9999.000 -9999.000 -9999.000 -9999.000 -9999.000 -9999.000 -9999.000 -9999.000 -9999.000 -9999.000 -9999.000 -9999.000 -9999.000 -9999.000 -9999.000 -9999.000 -9999.000 -9999.000 -9999.000 -9999.000 -9999.000 -9999.000 -9999.000
-9999.000 0.6431937 1.343011 1.254013 -9999.000 0.1282152 0.1470817 0.1315298 0.1194091 0.8665304E-01 0.5160719E-01 0.4693374E-01 0.6003825E-01 0.6198843E-01 0.1048124 0.1575416 0.1880167 0.2123137 0.2342595 0.2092561 0.1311962 0.1189674 0.1149042 0.1240402 0.1447847 0.1559848 0.1468601 0.1223014 0.9173618E-01 0.5193685E-01 -9999.000 -9999.000 0.1836429E-01 -9999.000 -9999.000 -9999.000 -9999.000 -9999.000 -9999.000 -9999.000 -9999.000 -9999.000 -9999.000 -9999.000 -9999.000 -9999.000 -9999.000 -9999.000 -9999.000 -9999.000 -9999.000 -9999.000 -9999.000 -9999.000 -9999.000 -9999.000 -9999.000 -9999.000 -9999.000
-9999.000 -9999.000 -9999.000 0.2903080 0.1554155 0.1792776 0.1540488 0.1471591 0.1512739 0.1223778 0.9360403E-01 0.7820261E-01 0.6818556E-01 0.6851317E-01 0.1244349 0.2003285 0.2160579 0.2284831 0.2334277 0.1616746 0.9155637E-01 0.1270013 0.1366761 0.1501165 0.1553629 0.1261948 0.1233501 0.1231129 0.1105034 0.7396257E-01 -9999.000 -9999.000 -9999.000 -9999.000 -9999.000 -9999.000 -9999.000 -9999.000 -9999.000 -9999.000 -9999.000 -9999.000 -9999.000 -9999.000 -9999.000 -9999.000 -9999.000 -9999.000 -9999.000 -9999.000 -9999.000 -9999.000 -9999.000 -9999.000 -9999.000 -9999.000 -9999.000 -9999.000 -9999.000
-9999.000 -9999.000 -9999.000 0.6951689E-01 0.1702350 0.1775974 0.1775645 0.1843390 0.1903675 0.1726247 0.1543485 0.1356085 0.1078137 0.1009034 0.1307002 0.1765637 0.1874644 0.1923047 0.1623202 0.1290967 0.8890852E-01 0.1186943 0.1392052 0.1561426 0.1521872 0.9977756E-01 0.8192523E-01 0.1055019 0.1143583 0.9362990E-01 0.4676280E-01 0.1649012E-01 -9999.000 -9999.000 -9999.000 -9999.000 -9999.000 -9999.000 -9999.000 -9999.000 -9999.000 -9999.000 -9999.000 -9999.000 -9999.000 -9999.000 -9999.000 -9999.000 -9999.000 -9999.000 -9999.000 -9999.000 -9999.000 -9999.000 -9999.000 -9999.000 -9999.000 -9999.000 -9999.000
-9999.000 -9999.000 -9999.000 0.6656616E-01 0.9572763E-01 0.1314778 0.1829733 0.2096525 0.1949275 0.1720995 0.1544236 0.1570394 0.1367036 0.1110799 0.1012945 0.8448368E-01 0.1189061 0.1123463 0.1205987 0.1555529 0.1275502 0.1455872 0.1742927 0.2003983 0.1923146 0.1333021 0.9648884E-01 0.1039134 0.1173328 0.1142412 0.7263872E-01 0.3432880E-01 0.2684463E-01 -9999.000 -9999.000 -9999.000 -9999.000 -9999.000 -9999.000 -9999.000 -9999.000 -9999.000 -9999.000 -9999.000 -9999.000 -9999.000 -9999.000 -9999.000 -9999.000 -9999.000 -9999.000 -9999.000 -9999.000 -9999.000 -9999.000 -9999.000 -9999.000 -9999.000 -9999.000
-9999.000 -9999.000 -9999.000 -9999.000 0.5513041E-01 0.1098043 0.1720543 0.1919685 0.1872578 0.1680024 0.1427707 0.1181525 0.9672931E-01 0.8084038E-01 0.8613665E-01 0.1084512 0.1248338 0.1059745 0.1139981 0.1345533 0.1249518 0.1589052 0.2230346 0.2622046 0.2459084 0.1729903 0.1141656 0.1145536 0.1273055 0.1388690 0.9903253E-01 0.6171206E-01 0.4833214E-01 0.3952555E-01 -9999.000 -9999.000 -9999.000 -9999.000 -9999.000 -9999.000 -9999.000 -9999.000 -9999.000 -9999.000 -9999.000 -9999.000 -9999.000 -9999.000 -9999.000 -9999.000 -9999.000 -9999.000 -9999.000 -9999.000 -9999.000 -9999.000 -9999.000 -9999.000 -9999.000
-9999.000 -9999.000 -9999.000 -9999.000 -9999.000 0.7189313E-01 0.1083384 0.1479495 0.1790254 0.2000542 0.1479076 0.7536418E-01 0.4839893E-01 0.4189678E-01 0.7897470E-01 0.1445810 0.1800194 0.1909064 0.1391106 0.7863012E-01 0.6764590E-01 0.1343181 0.2401983 0.2777679 0.2354423 0.1656386 0.1293857 0.1476674 0.1708948 0.1769095 0.1239292 0.9556333E-01 0.9946302E-01 0.7889445E-01 0.5879912E-01 0.4475211E-01 0.3375332E-01 -9999.000 -9999.000 -9999.000 -9999.000 -9999.000 -9999.000 -9999.000 -9999.000 -9999.000 -9999.000 -9999.000 -9999.000 -9999.000 -9999.000 -9999.000 -9999.000 -9999.000 -9999.000 -9999.000 -9999.000 -9999.000 -9999.000
-9999.000 -9999.000 -9999.000 -9999.000 -9999.000 0.3753862E-01 0.5338930E-01 0.1121088 0.1697545 0.1994449 0.1638549 0.8897719E-01 0.6108374E-01 0.6525831E-01 0.9757278E-01 0.1578800 0.1917600 0.2213721 0.1859219 0.1082483 0.8833952E-01 0.1480652 0.2302715 0.2449993 0.2090919 0.1502110 0.1270665 0.1343264 0.1666229 0.1872329 0.1479914 0.1402441 0.1538584 0.1435744 0.9217790E-01 0.7207636E-01 0.6704291E-01 0.4588117E-01 -9999.000 -9999.000 -9999.000 -9999.000 -9999.000 -9999.000 -9999.000 -9999.000 -9999.000 -9999.000 -9999.000 -9999.000 -9999.000 -9999.000 -9999.000 -9999.000 -9999.000 -9999.000 -9999.000 -9999.000 -9999.000
-9999.000 -9999.000 -9999.000 -9999.000 -9999.000 0.3066312E-01 0.6455729E-01 0.1080007 0.1523791 0.1782490 0.1786572 0.1403739 0.1013222 0.1020960 0.1275076 0.1604832 0.1870312 0.2333499 0.2387132 0.1972471 0.1878032 0.1898817 0.2015004 0.2151716 0.1523154 0.1202063 0.1038822 0.9492381E-01 0.1151553 0.1559608 0.1429832 0.1483271 0.1651502 0.1582338 0.1257808 0.9756622E-01 0.1026291 0.9189539E-01 0.4959087E-01 -9999.000 -9999.000 -9999.000 -9999.000 -9999.000 -9999.000 -9999.000 -9999.000 -9999.000 -9999.000 -9999.000 -9999.000 -9999.000 -9999.000 -9999.000 -9999.000 -9999.000 -9999.000 -9999.000 -9999.000
-9999.000 -9999.000 -9999.000 -9999.000 -9999.000 -9999.000 0.9117633E-01 0.1028455 0.1338761 0.1715793 0.1962905 0.1725910 0.1270280 0.9644071E-01 0.1060857 0.1325826 0.1683663 0.2280092 0.2488267 0.2484746 0.2606601 0.2067124 0.1673418 0.1491140 0.1207109 0.1038649 0.9078929E-01 0.9266972E-01 0.1147233 0.1439691 0.1280651 0.1166635 0.1262103 0.1387282 0.1228883 0.9754859E-01 0.1084243 0.1020424 -9999.000 -9999.000 -9999.000 -9999.000 -9999.000 -9999.000 -9999.000 -9999.000 -9999.000 -9999.000 -9999.000 -9999.000 -9999.000 -9999.000 -9999.000 -9999.000 -9999.000 -9999.000 -9999.000 -9999.000 -9999.000
-9999.000 -9999.000 -9999.000 -9999.000 -9999.000 -9999.000 -9999.000 0.5679002E-01 0.9043823E-01 0.1606227 0.2074277 0.1871547 0.1321263 0.6804482E-01 0.5369466E-01 0.6815585E-01 0.1196904 0.2110218 0.2203848 0.2054693 0.1836923 0.1415398 0.1266068 0.1606546 0.1875016 0.1282598 0.1071379 0.1192814 0.1386199 0.1623908 0.1544012 0.1254108 0.1162970 0.1302073 0.1119819 0.6750668E-01 0.6664731E-01 0.9576457E-01 0.9789223E-01 0.7724798E-01 -9999.000 -9999.000 -9999.000 -9999.000 -9999.000 -9999.000 -9999.000 -9999.000 -9999.000 -9999.000 -9999.000 -9999.000 -9999.000 -9999.000 -9999.000 -9999.000 -9999.000 -9999.000 -9999.000
-9999.000 -9999.000 -9999.000 -9999.000 -9999.000 -9999.000 -9999.000 -9999.000 0.4387557E-01 0.1182620 0.1756697 0.1727230 0.1117682 0.4292124E-01 0.2245378E-01 0.2934531E-01 0.7179443E-01 0.1438854 0.1423511 0.1173019 0.9221869E-01 0.9647258E-01 0.1202537 0.1982467 0.2320038 0.1788449 0.1670386 0.1790749 0.1882879 0.2016157 0.2148527 0.2119765 0.1617959 0.1282428 0.7836649E-01 0.3303069E-01 0.6210035E-01 0.1078115 0.1202206 0.8496962E-01 -9999.000 -9999.000 -9999.000 -9999.000 -9999.000 -9999.000 -9999.000 -9999.000 -9999.000 -9999.000 -9999.000 -9999.000 -9999.000 -9999.000 -9999.000 -9999.000 -9999.000 -9999.000 -9999.000
-9999.000 -9999.000 -9999.000 -9999.000 -9999.000 -9999.000 -9999.000 -9999.000 0.1683881E-01 0.6808925E-01 0.1299498 0.1488194 0.1153891 0.4828733E-01 0.2080792E-01 -9999.000 -9999.000 0.6557042E-01 0.8369364E-01 0.8773292E-01 0.1107250 0.1110146 0.1163721 0.1900842 0.2338794 0.2173710 0.2106822 0.2137053 0.1931581 0.1876875 0.2359143 0.2436461 0.2144712 0.1477543 0.6239021E-01 0.5093906E-01 0.9529352E-01 0.1127369 0.1033289 0.7969783E-01 0.3826896E-01 -9999.000 -9999.000 -9999.000 -9999.000 -9999.000 -9999.000 -9999.000 -9999.000 -9999.000 -9999.000 -9999.000 -9999.000 -9999.000 -9999.000 -9999.000 -9999.000 -9999.000 -9999.000
-9999.000 -9999.000 -9999.000 -9999.000 -9999.000 -9999.000 -9999.000 -9999.000 -9999.000 0.5594736E-01 0.1201779 0.1463292 0.1346565 0.8493597E-01 0.3894534E-01 -9999.000 -9999.000 0.3240681E-01 0.5111259E-01 0.7182563E-01 0.1074464 0.1394146 0.1370295 0.1780020 0.2312552 0.2236906 0.2037045 0.1758044 0.1065503 0.1063799 0.1859157 0.2068386 0.2044116 0.1560045 0.1088798 0.1179386 0.1272520 0.1180293 0.1028502 0.1117820 0.8650177E-01 -9999.000 -9999.000 -9999.000 -9999.000 -9999.000 -9999.000 -9999.000 -9999.000 -9999.000 -9999.000 -9999.000 -9999.000 -9999.000 -9999.000 -9999.000 -9999.000 -9999.000 -9999.000
-9999.000 -9999.000 -9999.000 -9999.000 -9999.000 -9999.000 -9999.000 -9999.000 -9999.000 -9999.000 0.8046171E-01 0.1192899 0.1362173 0.1125448 0.7415026E-01 0.3128939E-01 -9999.000 -9999.000 0.3293274E-01 0.5206932E-01 0.9604847E-01 0.1540614 0.1601279 0.1720934 0.2268731 0.2053845 0.1615175 0.1034318 0.9630392E-01 0.1217448 0.1425984 0.1482292 0.1558113 0.1344316 0.1307805 0.1603870 0.1546554 0.1316019 0.1418747 0.1589034 0.1196848 -9999.000 -9999.000 -9999.000 -9999.000 -9999.000 -9999.000 -9999.000 -9999.000 -9999.000 -9999.000 -9999.000 -9999.000 -9999.000 -9999.000 -9999.000 -9999.000 -9999.000 -9999.000
-9999.000 -9999.000 -9999.000 -9999.000 -9999.000 -9999.000 -9999.000 -9999.000 -9999.000 -9999.000 0.5313599E-01 0.1037197 0.1356197 0.1446364 0.1010292 0.4307694E-01 -9999.000 0.1723590E-01 0.2545275E-01 0.3969660E-01 0.7249042E-01 0.1215944 0.1301387 0.1646538 0.2017892 0.1718407 0.1076001 0.7156982E-01 0.1271370 0.1735240 0.1635194 0.1354539 0.1370738 0.1211415 0.1248074 0.1708817 0.1613234 0.1344014 0.1522181 0.1859232 0.1466726 0.8009679E-01 -9999.000 -9999.000 -9999.000 -9999.000 -9999.000 -9999.000 -9999.000 -9999.000 -9999.000 -9999.000 -9999.000 -9999.000 -9999.000 -9999.000 -9999.000 -9999.000 -9999.000
-9999.000 -9999.000 -9999.000 -9999.000 -9999.000 -9999.000 -9999.000 -9999.000 -9999.000 -9999.000 -9999.000 0.6227760E-01 0.1097781 0.1482541 0.1302450 0.6955787E-01 -9999.000 -9999.000 -9999.000 -9999.000 0.3789430E-01 0.7512143E-01 0.8778330E-01 0.1287457 0.1745354 0.1472529 0.1320561 0.1301420 0.1731004 0.2033098 0.2084493 0.1742297 0.1807540 0.1757206 0.1778170 0.2008574 0.1784800 0.1627146 0.1740271 0.1968694 0.1747011 0.1026519 0.5518694E-01 -9999.000 -9999.000 -9999.000 -9999.000 -9999.000 -9999.000 -9999.000 -9999.000 -9999.000 -9999.000 -9999.000 -9999.000 -9999.000 -9999.000 -9999.000 -9999.000
-9999.000 -9999.000 -9999.000 -9999.000 -9999.000 -9999.000 -9999.000 -9999.000 -9999.000 -9999.000 -9999.000 -9999.000 0.5993156E-01 0.1145190 0.1195837 0.8787805E-01 0.4704403E-01 -9999.000 -9999.000 -9999.000 0.2289548E-01 0.3531239E-01 0.3367477E-01 0.6980518E-01 0.1590633 0.1798733 0.1801464 0.2116051 0.2126609 0.1927104 0.2150351 0.2483676 0.2702457 0.2911482 0.2659720 0.2293008 0.2078417 0.2122463 0.2164432 0.2242615 0.1986754 0.1452796 0.9205822E-01 -9999.000 -9999.000 -9999.000 -9999.000 -9999.000 -9999.000 -9999.000 -9999.000 -9999.000 -9999.000 -9999.000 -9999.000 -9999.000 -9999.000 -9999.000 -9999.000
-9999.000 -9999.000 -9999.000 -9999.000 -9999.000 -9999.000 -9999.000 -9999.000 -9999.000 -9999.000 -9999.000 0.1672822E-01 0.4991377E-01 0.1116881 0.1347042 0.1132489 0.7021248E-01 -9999.000 -9999.000 -9999.000 0.2588939E-01 0.2906104E-01 0.1753947E-01 0.4849555E-01 0.1259856 0.1558634 0.1738262 0.2305124 0.2480081 0.2065002 0.2153582 0.2776581 0.2994122 0.3087493 0.2965136 0.2509652 0.2308623 0.2247959 0.2331144 0.2397728 0.2265029 0.2046038 0.1352172 0.4413793E-01 -9999.000 -9999.000 -9999.000 -9999.000 -9999.000 -9999.000 -9999.000 -9999.000 -9999.000 -9999.000 -9999.000 -9999.000 -9999.000 -9999.000 -9999.000
-9999.000 -9999.000 -9999.000 -9999.000 -9999.000 -9999.000 -9999.000 -9999.000 -9999.000 -9999.000 -9999.000 -9999.000 0.3978306E-01 0.1194762 0.1477177 0.1398337 0.1017666 0.4830005E-01 0.2235218E-01 0.2041188E-01 0.2602719E-01 0.2351297E-01 0.1668484E-01 0.4145743E-01 0.7997926E-01 0.8887767E-01 0.1111992 0.1851953 0.2361667 0.2270374 0.2430055 0.2847805 0.2724426 0.2600942 0.2613916 0.2516727 0.2174152 0.2144181 0.2165408 0.2317724 0.2381722 0.2217642 0.1701461 0.8277283E-01 -9999.000 -9999.000 -9999.000 -9999.000 -9999.000 -9999.000 -9999.000 -9999.000 -9999.000 -9999.000 -9999.000 -9999.000 -9999.000 -9999.000 -9999.000
-9999.000 -9999.000 -9999.000 -9999.000 -9999.000 -9999.000 -9999.000 -9999.000 -9999.000 -9999.000 -9999.000 -9999.000 -9999.000 0.1113147 0.1483414 0.1526342 0.1328764 0.8085188E-01 0.3076494E-01 0.2754987E-01 0.2891010E-01 0.3261899E-01 0.4104782E-01 0.5543823E-01 0.6150856E-01 0.4774483E-01 0.6803268E-01 0.1226241 0.1755376 0.2007447 0.2654723 0.2583684 0.1987955 0.1993304 0.2158394 0.1663749 0.1367852 0.1149563 0.1346338 0.1604153 0.1879454 0.1946516 0.1669193 0.1029562 0.7657533E-01 -9999.000 -9999.000 -9999.000 -9999.000 -9999.000 -9999.000 -9999.000 -9999.000 -9999.000 -9999.000 -9999.000 -9999.000 -9999.000 -9999.000
-9999.000 -9999.000 -9999.000 -9999.000 -9999.000 -9999.000 -9999.000 -9999.000 -9999.000 -9999.000 -9999.000 -9999.000 -9999.000 0.8812874E-01 0.1331956 0.1502287 0.1417969 0.9776502E-01 0.5075318E-01 0.2583608E-01 0.2511451E-01 0.3115846E-01 0.4653131E-01 0.5572193E-01 0.4347208E-01 0.5382901E-01 0.9346882E-01 0.1301875 0.1623492 0.1956366 0.2221538 0.1808517 0.1421737 0.2198412 0.2474983 0.1914900 0.1250630 0.1033707 0.1184314 0.1249812 0.1425143 0.1621010 0.1570224 0.1260006 0.8805491E-01 0.5283382E-01 -9999.000 -9999.000 -9999.000 -9999.000 -9999.000 -9999.000 -9999.000 -9999.000 -9999.000 -9999.000 -9999.000 -9999.000 -9999.000
-9999.000 -9999.000 -9999.000 -9999.000 -9999.000 -9999.000 -9999.000 -9999.000 -9999.000 -9999.000 -9999.000 -9999.000 -9999.000 0.7536313E-01 0.1102081 0.1202941 0.1375960 0.1133367 0.5227725E-01 0.2093388E-01 -9999.000 -9999.000 -9999.000 0.3065392E-01 0.4048545E-01 0.6460244E-01 0.1318909 0.1594568 0.1633408 0.1533872 0.1536128 0.1361579 0.1342819 0.2217623 0.2867793 0.2742048 0.2208453 0.1532562 0.1469638 0.1670431 0.1727419 0.1682291 0.1632776 0.1323113 0.8275748E-01 0.4482510E-01 -9999.000 -9999.000 -9999.000 -9999.000 -9999.000 -9999.000 -9999.000 -9999.000 -9999.000 -9999.000 -9999.000 -9999.000 -9999.000
-9999.000 -9999.000 -9999.000 -9999.000 -9999.000 -9999.000 -9999.000 -9999.000 -9999.000 -9999.000 -9999.000 -9999.000 -9999.000 0.7573611E-01 0.9417992E-01 0.1026174 0.1318348 0.1220927 0.7504132E-01 0.4378541E-01 0.1952062E-01 -9999.000 -9999.000 -9999.000 0.3120480E-01 0.4443262E-01 0.8782280E-01 0.1104650 0.1314095 0.1265255 0.1484459 0.1760288 0.1591446 0.1990311 0.2514232 0.2711979 0.2364290 0.1874014 0.1716608 0.1868032 0.1792255 0.1617353 0.1595137 0.1439064 0.1175320 0.8649435E-01 0.6618374E-01 -9999.000 -9999.000 -9999.000 -9999.000 -9999.000 -9999.000 -9999.000 -9999.000 -9999.000 -9999.000 -9999.000 -9999.000
