simulation_files/asc/Depth____37.0.asc
NCOLS        79
NROWS        79
XLLCENTER         -1.500000
YLLCENTER         -4.800000
CELLSIZE           0.100
NODATA_VALUE     -9999.0
[rows 0 to 25 of 79, columns 0 to 56 of 79]
-9999.000 -9999.000 -9999.000 -9999.000 -9999.000 -9999.000 -9999.000 -9999.000 -9999.000 -9999.000 -9999.000 -9999.000 -9999.000 -9999.000 -9999.000 0.2069004 0.2069678 0.2068475 0.2066501 0.2063943 0.2060920 0.2057546 0.2053938 0.2050224 0.2046538 0.2043026 0.2039846 0.2037178 0.2035327 0.2038173 0.2038173 -9999.000 -9999.000 -9999.000 -9999.000 -9999.000 -9999.000 -9999.000 -9999.000 -9999.000 -9999.000 -9999.000 -9999.000 -9999.000 -9999.000 -9999.000 -9999.000 -9999.000 -9999.000 -9999.000 -9999.000 -9999.000 -9999.000 -9999.000 -9999.000 -9999.000 -9999.000
-9999.000 -9999.000 -9999.000 -9999.000 -9999.000 -9999.000 -9999.000 -9999.000 -9999.000 -9999.000 -9999.000 -9999.000 -9999.000 -9999.000 -9999.000 0.2088861 0.2090028 0.2088858 0.2086976 0.2084555 0.2081702 0.2078521 0.2075124 0.2071633 0.2068176 0.2064882 0.2061884 0.2059311 0.2057376 0.2059873 0.2059873 -9999.000 -9999.000 -9999.000 -9999.000 -9999.000 -9999.000 -9999.000 -9999.000 -9999.000 -9999.000 -9999.000 -9999.000 -9999.000 -9999.000 -9999.000 -9999.000 -9999.000 -9999.000 -9999.000 -9999.000 -9999.000 -9999.000 -9999.000 -9999.000 -9999.000 -9999.000
-9999.000 -9999.000 -9999.000 -9999.000 -9999.000 -9999.000 -9999.000 -9999.000 -9999.000 -9999.000 -9999.000 -9999.000 -9999.000 -9999.000 -9999.000 0.2110344 0.2112094 0.2110901 0.2108972 0.2106504 0.2103606 0.2100380 0.2096934 0.2093384 0.2089847 0.2086446 0.2083305 0.2080548 0.2078421 0.2081341 0.2081341 -9999.000 -9999.000 -9999.000 -9999.000 -9999.000 -9999.000 -9999.000 -9999.000 -9999.000 -9999.000 -9999.000 -9999.000 -9999.000 -9999.000 -9999.000 -9999.000 -9999.000 -9999.000 -9999.000 -9999.000 -9999.000 -9999.000 -9999.000 -9999.000 -9999.000 -9999.000
-9999.000 -9999.000 -9999.000 -9999.000 -9999.000 -9999.000 -9999.000 -9999.000 -9999.000 -9999.000 -9999.000 -9999.000 -9999.000 -9999.000 -9999.000 0.2132263 0.2134536 0.2133282 0.2131252 0.2128668 0.2125640 0.2122272 0.2118669 0.2114942 0.2111208 0.2107585 0.2104195 0.2101166 0.2098774 0.2102057 0.2102057 -9999.000 -9999.000 -9999.000 -9999.000 -9999.000 -9999.000 -9999.000 -9999.000 -9999.000 -9999.000 -9999.000 -9999.000 -9999.000 -9999.000 -9999.000 -9999.000 -9999.000 -9999.000 -9999.000 -9999.000 -9999.000 -9999.000 -9999.000 -9999.000 -9999.000 -9999.000
-9999.000 -9999.000 -9999.000 -9999.000 -9999.000 -9999.000 -9999.000 -9999.000 -9999.000 -9999.000 -9999.000 -9999.000 -9999.000 -9999.000 -9999.000 0.2154546 0.2157271 0.2155916 0.2153738 0.2150976 0.2147747 0.2144153 0.2140300 0.2136298 0.2132263 0.2128312 0.2124570 0.2121169 0.2118418 0.2122009 0.2122009 -9999.000 -9999.000 -9999.000 -9999.000 -9999.000 -9999.000 -9999.000 -9999.000 -9999.000 -9999.000 -9999.000 -9999.000 -9999.000 -9999.000 -9999.000 -9999.000 -9999.000 -9999.000 -9999.000 -9999.000 -9999.000 -9999.000 -9999.000 -9999.000 -9999.000 -9999.000
-9999.000 -9999.000 -9999.000 -9999.000 -9999.000 -9999.000 -9999.000 -9999.000 -9999.000 -9999.000 -9999.000 -9999.000 -9999.000 -9999.000 -9999.000 0.2177139 0.2180234 0.2178738 0.2176367 0.2173375 0.2169880 0.2165986 0.2161799 0.2157430 0.2152992 0.2148607 0.2144401 0.2140514 0.2137287 0.2141132 0.2141132 -9999.000 -9999.000 -9999.000 -9999.000 -9999.000 -9999.000 -9999.000 -9999.000 -9999.000 -9999.000 -9999.000 -9999.000 -9999.000 -9999.000 -9999.000 -9999.000 -9999.000 -9999.000 -9999.000 -9999.000 -9999.000 -9999.000 -9999.000 -9999.000 -9999.000 -9999.000
-9999.000 -9999.000 -9999.000 -9999.000 -9999.000 -9999.000 -9999.000 -9999.000 -9999.000 -9999.000 -9999.000 -9999.000 -9999.000 -9999.000 -9999.000 0.2200003 0.2203369 0.2201689 0.2199087 0.2195816 0.2191996 0.2187731 0.2183128 0.2178297 0.2173354 0.2168418 0.2163619 0.2159106 0.2155253 0.2159291 0.2159291 -9999.000 -9999.000 -9999.000 -9999.000 -9999.000 -9999.000 -9999.000 -9999.000 -9999.000 -9999.000 -9999.000 -9999.000 -9999.000 -9999.000 -9999.000 -9999.000 -9999.000 -9999.000 -9999.000 -9999.000 -9999.000 -9999.000 -9999.000 -9999.000 -9999.000 -9999.000
-9999.000 -9999.000 -9999.000 -9999.000 -9999.000 -9999.000 -9999.000 -9999.000 -9999.000 -9999.000 -9999.000 -9999.000 -9999.000 -9999.000 -9999.000 0.2223096 0.2226615 0.2224709 0.2221842 0.2218252 0.2214052 0.2209346 0.2204242 0.2198848 0.2193280 0.2187657 0.2182109 0.2176792 0.2172109 0.2176255 0.2176255 -9999.000 -9999.000 -9999.000 -9999.000 -9999.000 -9999.000 -9999.000 -9999.000 -9999.000 -9999.000 -9999.000 -9999.000 -9999.000 -9999.000 -9999.000 -9999.000 -9999.000 -9999.000 -9999.000 -9999.000 -9999.000 -9999.000 -9999.000 -9999.000 -9999.000 -9999.000
-9999.000 -9999.000 -9999.000 -9999.000 -9999.000 -9999.000 -9999.000 -9999.000 -9999.000 -9999.000 -9999.000 -9999.000 -9999.000 -9999.000 -9999.000 0.2246354 0.2249896 0.2247721 0.2244566 0.2240623 0.2235994 0.2230778 0.2225080 0.2219009 0.2212677 0.2206198 0.2199699 0.2193337 0.2187538 0.2191649 0.2191649 -9999.000 -9999.000 -9999.000 -9999.000 -9999.000 -9999.000 -9999.000 -9999.000 -9999.000 -9999.000 -9999.000 -9999.000 -9999.000 -9999.000 -9999.000 -9999.000 -9999.000 -9999.000 -9999.000 -9999.000 -9999.000 -9999.000 -9999.000 -9999.000 -9999.000 -9999.000
-9999.000 -9999.000 -9999.000 -9999.000 -9999.000 -9999.000 -9999.000 -9999.000 -9999.000 -9999.000 -9999.000 -9999.000 -9999.000 -9999.000 -9999.000 0.2269674 0.2273100 0.2270616 0.2267160 0.2262843 0.2257744 0.2251950 0.2245561 0.2238681 0.2231413 0.2223861 0.2216138 0.2208391 0.2201051 0.2204862 0.2204862 -9999.000 -9999.000 -9999.000 -9999.000 -9999.000 -9999.000 -9999.000 -9999.000 -9999.000 -9999.000 -9999.000 -9999.000 -9999.000 -9999.000 -9999.000 -9999.000 -9999.000 -9999.000 -9999.000 -9999.000 -9999.000 -9999.000 -9999.000 -9999.000 -9999.000 -9999.000
-9999.000 -9999.000 -9999.000 -9999.000 -9999.000 -9999.000 -9999.000 -9999.000 -9999.000 -9999.000 -9999.000 -9999.000 -9999.000 -9999.000 -9999.000 0.2292898 0.2296080 0.2293252 0.2289487 0.2284785 0.2279184 0.2272749 0.2265565 0.2257721 0.2249303 0.2240391 0.2231064 0.2221430 0.2211889 0.2214872 0.2214872 -9999.000 -9999.000 -9999.000 -9999.000 -9999.000 -9999.000 -9999.000 -9999.000 -9999.000 -9999.000 -9999.000 -9999.000 -9999.000 -9999.000 -9999.000 -9999.000 -9999.000 -9999.000 -9999.000 -9999.000 -9999.000 -9999.000 -9999.000 -9999.000 -9999.000 -9999.000
-9999.000 -9999.000 -9999.000 -9999.000 -9999.000 -9999.000 -9999.000 -9999.000 -9999.000 -9999.000 -9999.000 -9999.000 -9999.000 -9999.000 -9999.000 0.2315810 0.2318652 0.2315450 0.2311374 0.2306276 0.2300143 0.2293004 0.2284912 0.2275923 0.2266083 0.2255419 0.2243938 0.2231649 0.2218816 0.2219846 0.2219846 -9999.000 -9999.000 -9999.000 -9999.000 -9999.000 -9999.000 -9999.000 -9999.000 -9999.000 -9999.000 -9999.000 -9999.000 -9999.000 -9999.000 -9999.000 -9999.000 -9999.000 -9999.000 -9999.000 -9999.000 -9999.000 -9999.000 -9999.000 -9999.000 -9999.000 -9999.000
-9999.000 -9999.000 -9999.000 -9999.000 -9999.000 -9999.000 -9999.000 -9999.000 -9999.000 -9999.000 -9999.000 -9999.000 -9999.000 -9999.000 -9999.000 0.2338116 0.2340588 0.2337004 0.2332614 0.2327102 0.2320395 0.2312475 0.2303340 0.2292981 0.2281364 0.2268402 0.2253940 0.2237746 0.2219697 0.2216161 0.2216161 -9999.000 -9999.000 -9999.000 -9999.000 -9999.000 -9999.000 -9999.000 -9999.000 -9999.000 -9999.000 -9999.000 -9999.000 -9999.000 -9999.000 -9999.000 -9999.000 -9999.000 -9999.000 -9999.000 -9999.000 -9999.000 -9999.000 -9999.000 -9999.000 -9999.000 -9999.000
-9999.000 -9999.000 -9999.000 -9999.000 -9999.000 -9999.000 -9999.000 -9999.000 -9999.000 -9999.000 -9999.000 -9999.000 -9999.000 -9999.000 -9999.000 0.2359351 0.2361569 0.2357647 0.2352961 0.2347017 0.2339675 0.2330861 0.2320495 0.2308460 0.2294563 0.2278492 0.2259735 0.2237467 0.2210467 0.2195416 0.2195416 -9999.000 -9999.000 -9999.000 -9999.000 -9999.000 -9999.000 -9999.000 -9999.000 -9999.000 -9999.000 -9999.000 -9999.000 -9999.000 -9999.000 -9999.000 -9999.000 -9999.000 -9999.000 -9999.000 -9999.000 -9999.000 -9999.000 -9999.000 -9999.000 -9999.000 -9999.000
-9999.000 -9999.000 -9999.000 -9999.000 -9999.000 -9999.000 -9999.000 -9999.000 -9999.000 -9999.000 -9999.000 -9999.000 -9999.000 -9999.000 -9999.000 0.2372849 0.2379611 0.2376866 0.2372713 0.2366712 0.2358779 0.2348867 0.2336869 0.2322553 0.2305495 0.2284962 0.2259684 0.2227326 0.2183164 0.2130510 0.2130510 -9999.000 -9999.000 -9999.000 -9999.000 -9999.000 -9999.000 -9999.000 -9999.000 -9999.000 -9999.000 -9999.000 -9999.000 -9999.000 -9999.000 -9999.000 -9999.000 -9999.000 -9999.000 -9999.000 -9999.000 -9999.000 -9999.000 -9999.000 -9999.000 -9999.000 -9999.000
0.1949864 0.1949864 0.2016065 0.2056949 0.2078911 0.2078911 0.2102098 0.2149605 0.2149605 0.2200560 0.2200560 0.2262591 0.2300474 0.2344998 0.2398200 0.2398200 0.2454581 0.2450873 0.2443319 0.2431305 0.2415109 0.2395328 0.2372471 0.2346568 0.2316801 0.2280938 0.2234037 0.2164775 0.2042729 0.1729313 0.1729313 0.7151659E-01 0.4788883E-01 0.3855629E-01 0.4027755E-01 0.4027755E-01 0.5101155E-01 0.5101155E-01 0.7110201E-01 0.7110201E-01 0.9657475E-01 0.1357556 0.1357556 0.1386894 0.1386894 0.1395236 0.1395236 0.1395236 0.1360354 0.1360354 0.1330878 0.1330878 0.1306763 0.1306763 0.1263448 0.1263448 0.1235545
0.1939983 0.1939983 0.2012412 0.2053792 0.2075814 0.2075814 0.2099052 0.2146734 0.2146734 0.2197820 0.2197820 0.2258823 0.2294211 0.2332524 0.2372326 0.2372326 0.2406067 0.2407033 0.2405722 0.2401269 0.2392855 0.2379754 0.2361315 0.2336849 0.2305330 0.2264839 0.2211468 0.2136970 0.2022161 0.1801166 0.1801166 0.1110569 0.8724923E-01 0.6835327E-01 0.6429561E-01 0.6429561E-01 0.6354052E-01 0.6354052E-01 0.7309747E-01 0.7309747E-01 0.8702584E-01 0.1345885 0.1345885 0.1391288 0.1391288 0.1395702 0.1395702 0.1395702 0.1357539 0.1357539 0.1328252 0.1328252 0.1310539 0.1310539 0.1261417 0.1261417 0.1233752
0.1934254 0.1934254 0.2011819 0.2053097 0.2074869 0.2074869 0.2097755 0.2144261 0.2144261 0.2192823 0.2192823 0.2248366 0.2279141 0.2311157 0.2343040 0.2343040 0.2366114 0.2365323 0.2362778 0.2358164 0.2350787 0.2339742 0.2323955 0.2302143 0.2272679 0.2233285 0.2180330 0.2107194 0.1999683 0.1815633 0.1815633 0.1277445 0.1049431 0.8423363E-01 0.7892663E-01 0.7892663E-01 0.7574820E-01 0.7574820E-01 0.8118977E-01 0.8118977E-01 0.8871121E-01 0.1256716 0.1256716 0.1395746 0.1395746 0.1402923 0.1402923 0.1402923 0.1356224 0.1356224 0.1326443 0.1326443 0.1303399 0.1303399 0.1263229 0.1263229 0.1234248
0.1929297 0.1929297 0.2011186 0.2052204 0.2073642 0.2073642 0.2096070 0.2141067 0.2141067 0.2186617 0.2186617 0.2236492 0.2263035 0.2289797 0.2315645 0.2315645 0.2329207 0.2325861 0.2321014 0.2314568 0.2305971 0.2294380 0.2278706 0.2257586 0.2229293 0.2191512 0.2140853 0.2071667 0.1972652 0.1812591 0.1812591 0.1385946 0.1176212 0.9757727E-01 0.9246466E-01 0.9246466E-01 0.8952872E-01 0.8952872E-01 0.9267306E-01 0.9267306E-01 0.9605099E-01 0.1176003 0.1176003 0.1367381 0.1367381 0.1393764 0.1393764 0.1393764 0.1354852 0.1354852 0.1323689 0.1323689 0.1298544 0.1298544 0.1262823 0.1262823 0.1233335
0.1925044 0.1925044 0.2010528 0.2051099 0.2072120 0.2072120 0.2093988 0.2137183 0.2137183 0.2179360 0.2179360 0.2223385 0.2245845 0.2267768 0.2288276 0.2288276 0.2292217 0.2285909 0.2278588 0.2270098 0.2259885 0.2247130 0.2230785 0.2209549 0.2181795 0.2145404 0.2097385 0.2032956 0.1942888 0.1802230 0.1802230 0.1459452 0.1271988 0.1096971 0.1058212 0.1058212 0.1041630 0.1041630 0.1050862 0.1050862 0.1056569 0.1143733 0.1143733 0.1308996 0.1308996 0.1376617 0.1376617 0.1376617 0.1348721 0.1348721 0.1318178 0.1318178 0.1291772 0.1291772 0.1259573 0.1259573 0.1230934
0.1921488 0.1921488 0.2009882 0.2049850 0.2070391 0.2070391 0.2091626 0.2132830 0.2132830 0.2171434 0.2171434 0.2209499 0.2227885 0.2245014 0.2260210 0.2260210 0.2253389 0.2243630 0.2233723 0.2223277 0.2211592 0.2197780 0.2180807 0.2159455 0.2132269 0.2097437 0.2052474 0.1993464 0.1912887 0.1789926 0.1789926 0.1513541 0.1352606 0.1220345 0.1198841 0.1198841 0.1188444 0.1188444 0.1168341 0.1168341 0.1152855 0.1157340 0.1157340 0.1252286 0.1252286 0.1345353 0.1345353 0.1345353 0.1333918 0.1333918 0.1308344 0.1308344 0.1282704 0.1282704 0.1253780 0.1253780 0.1227098
0.1918659 0.1918659 0.2009277 0.2048529 0.2068549 0.2068549 0.2089108 0.2128230 0.2128230 0.2163203 0.2163203 0.2195283 0.2209536 0.2221684 0.2231113 0.2231113 0.2211292 0.2197475 0.2184828 0.2172571 0.2159721 0.2145228 0.2128008 0.2106915 0.2080707 0.2047977 0.2006886 0.1954463 0.1884739 0.1780095 0.1780095 0.1560948 0.1432610 0.1355957 0.1347116 0.1347116 0.1324663 0.1324663 0.1271286 0.1271286 0.1239777 0.1196027 0.1196027 0.1221096 0.1221096 0.1304354 0.1304354 0.1304354 0.1309074 0.1309074 0.1292443 0.1292443 0.1270440 0.1270440 0.1245459 0.1245459 0.1221840
0.1916611 0.1916611 0.2008741 0.2047204 0.2066684 0.2066684 0.2086550 0.2123590 0.2123590 0.2155000 0.2155000 0.2181170 0.2191216 0.2198055 0.2200851 0.2200851 0.2164326 0.2145747 0.2130212 0.2116347 0.2102740 0.2088076 0.2071153 0.2050878 0.2026262 0.1996479 0.1960623 0.1916917 0.1860957 0.1778160 0.1778160 0.1614652 0.1526471 0.1503422 0.1492911 0.1492911 0.1441445 0.1441445 0.1357952 0.1357952 0.1314920 0.1242960 0.1242960 0.1217720 0.1217720 0.1263941 0.1263941 0.1263941 0.1276798 0.1276798 0.1269899 0.1269899 0.1254093 0.1254093 0.1234400 0.1234400 0.1215171
0.1915421 0.1915421 0.2008295 0.2045936 0.2064878 0.2064878 0.2084065 0.2119101 0.2119101 0.2147123 0.2147123 0.2167588 0.2173401 0.2174563 0.2169506 0.2169506 0.2110400 0.2086300 0.2067822 0.2052688 0.2038885 0.2024703 0.2008755 0.1989974 0.1967704 0.1942066 0.1913712 0.1882605 0.1845940 0.1791932 0.1791932 0.1688119 0.1644803 0.1650074 0.1621924 0.1621924 0.1536369 0.1536369 0.1429667 0.1429667 0.1378550 0.1289246 0.1289246 0.1232379 0.1232379 0.1232859 0.1232859 0.1232859 0.1242687 0.1242687 0.1242231 0.1242231 0.1233540 0.1233540 0.1220484 0.1220484 0.1207063
0.1915177 0.1915177 0.2007958 0.2044778 0.2063206 0.2063206 0.2081753 0.2114929 0.2114929 0.2139841 0.2139841 0.2154956 0.2156618 0.2151836 0.2137517 0.2137517 0.2046581 0.2016259 0.1994989 0.1979171 0.1965978 0.1953162 0.1939044 0.1922564 0.1903521 0.1883780 0.1866926 0.1855474 0.1847393 0.1830510 0.1830510 0.1788973 0.1787230 0.1782697 0.1727787 0.1727787 0.1611796 0.1611796 0.1488059 0.1488059 0.1431212 0.1330708 0.1330708 0.1254753 0.1254753 0.1214081 0.1214081 0.1214081 0.1212317 0.1212317 0.1212707 0.1212707 0.1209896 0.1209896 0.1204095 0.1204095 0.1197636
0.1915976 0.1915976 0.2007744 0.2043775 0.2061734 0.2061734 0.2079703 0.2111220 0.2111220 0.2133381 0.2133381 0.2143665 0.2141417 0.2130681 0.2105886 0.2105886 0.1968629 0.1931645 0.1908088 0.1892541 0.1881159 0.1870962 0.1859814 0.1846626 0.1831815 0.1820774 0.1822899 0.1843317 0.1876541 0.1905793 0.1905793 0.1921414 0.1932473 0.1881302 0.1818976 0.1818976 0.1671892 0.1671892 0.1534597 0.1534597 0.1473633 0.1365722 0.1365722 0.1278201 0.1278201 0.1205878 0.1205878 0.1205878 0.1188978 0.1188978 0.1185047 0.1185047 0.1185398 0.1185398 0.1186340 0.1186340 0.1187388
