simulation_files/asc/Depth____88.0.asc
NCOLS       411
NROWS       131
XLLCENTER    2538020.000000
YLLCENTER    1152390.000000
CELLSIZE           1.000
NODATA_VALUE     -9999.0
[rows 27 to 53 of 131, columns 118 to 176 of 411]
-9999.000 1.031418 1.046511 1.072361 1.112114 1.158774 1.205795 1.246952 1.292045 1.330064 1.357885 1.363034 1.323509 1.270787 1.213358 1.151087 1.087697 1.049222 0.8914422 0.7588616 0.7634041 0.7880385 0.7960279 0.8146430 0.8442151 0.8787760 0.9017726 0.8662120 0.7556100 0.6364377 0.5460123 0.4887748 0.4420465 0.4475787 0.4583656 0.4797505 0.4994263 0.5170400 0.5362656 0.5617677 0.5895882 0.6110110 0.6340212 0.6588735 0.6818461 0.7059579 0.7330102 0.7556028 0.7796742 0.8128039 0.8450716 0.8804386 0.9128121 0.9390393 0.9616789 0.9826062 1.002916 1.009047 1.001431
1.003264 1.015798 1.030538 1.052631 1.084783 1.131611 1.181595 1.227102 1.270952 1.317850 1.355152 1.364748 1.334709 1.287302 1.217897 1.126894 1.051070 1.006257 0.8964805 0.8343574 0.8356465 0.8200934 0.8142274 0.8319616 0.8571981 0.8805968 0.8448206 0.7552846 0.6450913 0.5544621 0.4987351 0.4916175 0.4917037 0.5057672 0.5266361 0.5422572 0.5662471 0.5865627 0.6090757 0.6317337 0.6489671 0.6666342 0.6814319 0.6934844 0.7101698 0.7286251 0.7514532 0.7718426 0.7978860 0.8295508 0.8610921 0.8905442 0.9181215 0.9419079 0.9636979 0.9847169 0.9998468 1.002245 0.9982532
0.9915261 0.9960571 1.014455 1.033920 1.059331 1.103128 1.151768 1.197719 1.244168 1.296333 1.344891 1.365606 1.355306 1.311905 1.219463 1.088650 0.9934234 0.9377052 0.9024012 0.9260844 0.9406585 0.9063747 0.8783541 0.8677447 0.8756583 0.8472650 0.7269239 0.5885502 0.5320243 0.5149668 0.5130557 0.5325150 0.5463830 0.5619522 0.5851590 0.6029877 0.6253146 0.6414083 0.6540016 0.6677299 0.6826057 0.6916447 0.6976582 0.7068978 0.7181196 0.7351329 0.7525659 0.7761285 0.8086627 0.8374946 0.8682024 0.8979645 0.9259599 0.9453127 0.9702207 0.9923978 1.001504 1.000064 0.9973626
0.9751739 0.9739372 0.9951678 1.019372 1.036123 1.070671 1.123184 1.173917 1.229042 1.287365 1.338526 1.362118 1.356673 1.302848 1.183365 1.035535 0.9300099 0.8866158 0.8993846 0.9473637 0.9808633 0.9736241 0.9565300 0.9011549 0.8485344 0.7180203 0.5879759 0.5054983 0.5171182 0.5302422 0.5472419 0.5711123 0.5954085 0.6070762 0.6286794 0.6434210 0.6551175 0.6611389 0.6685597 0.6747529 0.6823902 0.6843573 0.6896995 0.7028483 0.7161421 0.7355823 0.7585860 0.7840430 0.8114120 0.8481805 0.8796450 0.9076710 0.9333951 0.9609023 0.9861688 1.002797 1.006831 1.002837 0.9989870
0.9560069 0.9603214 0.9924754 1.020547 1.027264 1.041156 1.087110 1.148538 1.215966 1.271745 1.316481 1.343759 1.349285 1.287369 1.110239 0.9508249 0.8916419 0.8621498 0.8941032 0.9273327 0.9576046 0.9881887 0.9785192 0.8990708 0.7299413 0.6055195 0.5392559 0.5326111 0.5482678 0.5695847 0.5848260 0.6010995 0.6168582 0.6299247 0.6441596 0.6461259 0.6526108 0.6500471 0.6518924 0.6540951 0.6598957 0.6650085 0.6774455 0.6948043 0.7169452 0.7391498 0.7679460 0.7964825 0.8265999 0.8614234 0.8964572 0.9253282 0.9543193 0.9867641 1.005153 1.013405 1.009355 0.9992634 0.9909630
0.9389846 0.9538126 0.9934129 1.027985 1.024516 1.020754 1.062791 1.125884 1.189618 1.247807 1.290286 1.315237 1.307228 1.186804 1.000846 0.8913407 0.8611367 0.8666702 0.8913661 0.9023931 0.9279803 0.9397355 0.8885346 0.7938946 0.6957879 0.6347900 0.6125702 0.6027349 0.5998815 0.6019792 0.6052834 0.6057612 0.6096889 0.6117634 0.6166587 0.6144132 0.6186632 0.6219169 0.6219584 0.6265090 0.6346427 0.6463263 0.6691592 0.6940009 0.7190558 0.7525881 0.7839177 0.8165566 0.8517964 0.8889177 0.9166424 0.9416440 0.9694615 0.9951694 1.005947 1.004687 0.9896657 0.9707066 0.9583732
0.9036477 0.9330898 0.9808223 1.022124 1.028871 1.017274 1.045474 1.106944 1.161222 1.212758 1.252359 1.272410 1.207242 1.032776 0.9050491 0.8659581 0.8625846 0.8719911 0.8725305 0.8657748 0.8550487 0.8191904 0.7645116 0.7143456 0.7206592 0.7270541 0.7124047 0.6875793 0.6516587 0.6202229 0.5983301 0.5849307 0.5790255 0.5763221 0.5731579 0.5701131 0.5754619 0.5837815 0.5895298 0.6033432 0.6194981 0.6481161 0.6739189 0.7028046 0.7329139 0.7647319 0.8024226 0.8396506 0.8696243 0.9025114 0.9264917 0.9465971 0.9643003 0.9760302 0.9797676 0.9655219 0.9390046 0.9153503 0.8999127
0.8698938 0.9070820 0.9589796 1.002641 1.020162 1.021578 1.041930 1.095487 1.136898 1.172099 1.212139 1.187704 1.010589 0.8585099 0.8362445 0.8475205 0.8603230 0.8628583 0.8480092 0.8148741 0.7744186 0.7350816 0.7174191 0.7267349 0.7444086 0.7587230 0.7527844 0.7303454 0.6977712 0.6529135 0.6069296 0.5747986 0.5603471 0.5495439 0.5434361 0.5404855 0.5521996 0.5625814 0.5753630 0.6000025 0.6241221 0.6495901 0.6843527 0.7168504 0.7493082 0.7804820 0.8124090 0.8473358 0.8699101 0.8928497 0.9068913 0.9200058 0.9392036 0.9426483 0.9279860 0.9017328 0.8729274 0.8586954 0.8400345
0.8455525 0.8824591 0.9301861 0.9710795 0.9944841 1.010920 1.037880 1.085176 1.118799 1.139221 1.146911 1.041270 0.8588551 0.7809965 0.7908148 0.8090272 0.8182586 0.8039099 0.7765975 0.7495876 0.7333722 0.7219337 0.7191648 0.7252716 0.7274936 0.7269148 0.7207146 0.7112131 0.7031235 0.6856427 0.6628819 0.6314940 0.5898244 0.5660595 0.5426965 0.5452494 0.5578519 0.5696230 0.5883175 0.6139159 0.6407847 0.6643526 0.6912823 0.7222951 0.7542788 0.7798302 0.8027006 0.8164445 0.8315363 0.8406424 0.8469146 0.8580488 0.8708293 0.8681350 0.8524169 0.8314080 0.8194869 0.8106886 0.7868481
0.8285243 0.8591863 0.8932145 0.9256863 0.9544789 0.9845038 1.026126 1.076447 1.107431 1.117994 1.019660 0.8184160 0.7174122 0.7229770 0.7298043 0.7278755 0.7201326 0.7121294 0.7096163 0.7130193 0.7124095 0.7107323 0.7036725 0.6912479 0.6793694 0.6683702 0.6677438 0.6695986 0.6776544 0.6899795 0.6962545 0.6956204 0.6699220 0.6391610 0.6232287 0.5952178 0.5867228 0.5931492 0.6124738 0.6305907 0.6528092 0.6748492 0.6992997 0.7216507 0.7421578 0.7495788 0.7553418 0.7595446 0.7601780 0.7647318 0.7705909 0.7831855 0.7916238 0.7847401 0.7671600 0.7582985 0.7669841 0.7602784 0.7262114
0.8274583 0.8510457 0.8718949 0.8910873 0.9127655 0.9424590 0.9892072 1.053912 1.096876 1.015715 0.8337929 0.6968572 0.6607627 0.6607577 0.6561572 0.6471955 0.6432164 0.6477051 0.6567350 0.6688304 0.6843594 0.6828159 0.6707941 0.6521840 0.6343705 0.6323697 0.6364094 0.6405081 0.6581651 0.6806414 0.7028005 0.7257648 0.7426322 0.7589203 0.7428593 0.6987822 0.6781370 0.6560271 0.6591048 0.6627771 0.6697750 0.6842309 0.6951692 0.6993008 0.6979230 0.6942575 0.6939624 0.6977068 0.6937976 0.6906182 0.7014453 0.7146837 0.7141237 0.7004595 0.6907955 0.6922011 0.6883127 0.6631910 0.6257664
0.8301328 0.8463830 0.8589323 0.8716192 0.8920399 0.9260820 0.9806441 1.049898 1.055476 0.8742996 0.6605832 0.5990274 0.5909922 0.5877872 0.5895662 0.5935277 0.6001479 0.6088446 0.6152967 0.6239453 0.6294442 0.6318035 0.6305461 0.6259370 0.6212542 0.6273477 0.6368059 0.6484827 0.6642513 0.6867704 0.7081306 0.7369345 0.7698252 0.7923447 0.8028786 0.8187734 0.8139888 0.7803595 0.7499353 0.7131878 0.6979730 0.6892470 0.6830557 0.6694074 0.6502185 0.6385107 0.6384724 0.6467820 0.6436057 0.6387520 0.6429130 0.6442758 0.6306117 0.6232251 0.6177368 0.6102115 0.5779676 0.5270030 0.4690728
0.8385170 0.8514745 0.8642598 0.8768251 0.9022240 0.9422265 0.9978841 1.046008 0.9471306 0.6950406 0.5525577 0.5431078 0.5409723 0.5427818 0.5527513 0.5621624 0.5713622 0.5778748 0.5818191 0.5834286 0.5845991 0.5985653 0.6110972 0.6192350 0.6281747 0.6446636 0.6597604 0.6759442 0.6910257 0.7036535 0.7214101 0.7390972 0.7498698 0.7704981 0.7977797 0.8320610 0.8605388 0.8681341 0.8359820 0.7914406 0.7400758 0.6952326 0.6676365 0.6483431 0.6285120 0.6155546 0.6171613 0.6152818 0.6115983 0.6051293 0.6025279 0.5887420 0.5654316 0.5490517 0.5274623 0.4845578 0.4224286 0.3516967 0.2688212
0.8557943 0.8734656 0.8934312 0.9140693 0.9301201 0.9524467 0.9822704 0.9270261 0.7519447 0.5775665 0.5190470 0.5142798 0.5144305 0.5173242 0.5224406 0.5310113 0.5402237 0.5487800 0.5552774 0.5632549 0.5765726 0.5944768 0.6109379 0.6248799 0.6427254 0.6673363 0.6853457 0.6991200 0.7100657 0.7207148 0.7248983 0.7293173 0.7267120 0.7344299 0.7417078 0.7685662 0.7973101 0.8283076 0.8637005 0.8624514 0.8304139 0.7578122 0.6910392 0.6513844 0.6217358 0.6135577 0.6109697 0.6037858 0.5960762 0.5826196 0.5653541 0.5342339 0.4909559 0.4454499 0.3878726 0.3122783 0.2298605 0.1584520 0.9161733E-01
0.8871025 0.9065445 0.9258626 0.9409371 0.9405171 0.9405947 0.9006633 0.7368644 0.5573073 0.5163029 0.5082360 0.5054184 0.5040504 0.5041709 0.5068582 0.5121254 0.5194349 0.5288390 0.5431728 0.5594673 0.5787151 0.5985636 0.6135700 0.6290090 0.6455168 0.6678517 0.6835536 0.6894885 0.6915825 0.6959510 0.6996575 0.7028087 0.7030995 0.7035181 0.6990378 0.6987604 0.7249494 0.7643733 0.8126216 0.8562852 0.8741285 0.8443529 0.7597946 0.6976680 0.6392962 0.6085415 0.5966754 0.5900626 0.5767048 0.5502341 0.5310415 0.4897883 0.4165008 0.3377518 0.2665978 0.1658252 0.8937955E-01 0.4959266E-01 -9999.000
0.9010118 0.9166450 0.9298304 0.9353127 0.9192846 0.8494368 0.7113020 0.5661997 0.5039186 0.5063052 0.5087287 0.5114553 0.5138776 0.5151614 0.5145861 0.5133013 0.5143521 0.5208391 0.5355110 0.5524635 0.5681349 0.5865784 0.6030840 0.6158313 0.6236738 0.6323981 0.6376752 0.6408982 0.6399872 0.6459479 0.6551742 0.6666936 0.6818910 0.6949364 0.6984552 0.6915262 0.6854663 0.7005290 0.7319532 0.7710770 0.8063625 0.8223593 0.7975528 0.7571152 0.6774443 0.6215611 0.5866954 0.5616746 0.5237286 0.4907936 0.4715959 0.4167108 0.3176860 0.2267400 0.1417519 0.6779224E-01 0.2926239E-01 -9999.000 -9999.000
0.8809828 0.8943021 0.9029847 0.8901736 0.8201164 0.6885890 0.5578611 0.4940764 0.4887912 0.5069093 0.5190536 0.5306960 0.5383650 0.5426896 0.5410486 0.5337073 0.5270329 0.5261387 0.5323057 0.5392960 0.5428049 0.5497382 0.5614444 0.5679347 0.5696281 0.5770283 0.5831930 0.5889538 0.5952138 0.6049436 0.6241610 0.6441547 0.6668221 0.6874400 0.7078826 0.7187213 0.7229935 0.6894114 0.6565792 0.6786302 0.6872316 0.6924249 0.7215318 0.7288419 0.7112240 0.6292447 0.5498001 0.4681473 0.4071001 0.3752143 0.3573220 0.3092414 0.2114484 0.1280728 -9999.000 0.1912421E-01 -9999.000 -9999.000 -9999.000
0.8308950 0.8399585 0.8358877 0.7672974 0.6374448 0.5344338 0.5044395 0.4988113 0.4993916 0.5116188 0.5324483 0.5492786 0.5565923 0.5589093 0.5574609 0.5505513 0.5413314 0.5358990 0.5278484 0.5241109 0.5146017 0.5047575 0.5006604 0.5061430 0.5152779 0.5276554 0.5427069 0.5580965 0.5680440 0.5817243 0.5987772 0.6177965 0.6336265 0.6513758 0.6710825 0.6975680 0.7367569 0.7454633 0.6599792 0.5719455 0.5467721 0.5242475 0.5393581 0.5986933 0.6192114 0.5760376 0.4946545 0.3962094 0.3064840 0.2383206 0.1982892 0.1545207 0.9331290E-01 0.5349058E-01 -9999.000 0.1004965E-01 -9999.000 -9999.000 -9999.000
0.7722794 0.7314102 0.6747029 0.5907622 0.5231874 0.5078029 0.5272121 0.5348302 0.5331410 0.5319225 0.5357101 0.5462409 0.5547959 0.5519740 0.5425412 0.5405808 0.5383236 0.5317550 0.5183333 0.5001219 0.4858683 0.4725718 0.4717666 0.4771157 0.4848592 0.4967170 0.5081116 0.5225726 0.5387359 0.5510485 0.5623507 0.5638856 0.5685383 0.5878810 0.6012319 0.6156436 0.6452917 0.6719528 0.6577323 0.5058558 0.3998689 0.3712760 0.3796226 0.4232090 0.4633292 0.4775599 0.4009203 0.3335695 0.2474084 0.1493469 0.8891181E-01 0.7001370E-01 -9999.000 -9999.000 -9999.000 -9999.000 -9999.000 -9999.000 -9999.000
0.6748453 0.5873615 0.5077495 0.4772140 0.4864956 0.5040430 0.5318188 0.5628929 0.5754003 0.5659272 0.5438894 0.5268596 0.5198504 0.5137581 0.5063977 0.4986401 0.5015592 0.5047788 0.4946026 0.4781036 0.4654234 0.4577210 0.4612211 0.4690479 0.4733393 0.4744397 0.4722415 0.4724803 0.4690151 0.4842063 0.4954049 0.4477157 0.4374195 0.4329371 0.4006665 0.4142621 0.4368788 0.4539526 0.4704703 0.3761699 0.2640074 0.2270724 0.2358908 0.2626910 0.2758698 0.2952758 0.2882870 0.2364676 0.1915780 0.1312554 0.6780731E-01 0.3420956E-01 -9999.000 -9999.000 -9999.000 -9999.000 -9999.000 -9999.000 -9999.000
0.5011455 0.4553620 0.4387268 0.4534361 0.4844050 0.5099023 0.5290037 0.5523075 0.5839813 0.5881926 0.5607514 0.5140266 0.4857345 0.4786585 0.4797243 0.4780547 0.4698080 0.4695343 0.4599023 0.4495172 0.4463445 0.4432070 0.4451663 0.4523091 0.4509624 0.4444299 0.4237860 0.3856520 0.3520772 0.3133418 0.2977102 0.2363415 0.2004501 0.1760639 0.1728839 0.1759526 0.1719698 0.2244722 0.2093504 0.1686128 0.1390387 0.1302804 0.1341572 0.1313123 0.1386185 0.1660461 0.1859435 0.1866743 -9999.000 -9999.000 -9999.000 -9999.000 -9999.000 -9999.000 -9999.000 -9999.000 -9999.000 -9999.000 -9999.000
0.4100943 0.4305401 0.4396498 0.4434615 0.4666375 0.4960630 0.5182681 0.5313121 0.5516513 0.5858523 0.5682652 0.5273558 0.4752658 0.4602050 0.4731713 0.4857529 0.4755999 0.4433107 0.4230010 0.4100647 0.4096037 0.4056769 0.3870695 0.3818533 0.3527816 0.3169389 0.2923233 0.2578925 0.2264176 0.1905761 0.1451076 0.7835845E-01 -9999.000 -9999.000 -9999.000 -9999.000 -9999.000 -9999.000 -9999.000 -9999.000 -9999.000 0.6920377E-01 0.6847976E-01 0.6114738E-01 0.7992610E-01 -9999.000 -9999.000 -9999.000 -9999.000 -9999.000 -9999.000 -9999.000 -9999.000 -9999.000 -9999.000 -9999.000 -9999.000 -9999.000 -9999.000
0.3739935 0.4091545 0.4443318 0.4390521 0.4300681 0.4621587 0.4924475 0.5035004 0.5099227 0.5219981 0.5276645 0.5232051 0.4959791 0.4698335 0.4736595 0.4908521 0.4863108 0.4516414 0.3784598 0.3477075 0.2989052 0.2930520 0.2301996 0.2076166 -9999.000 -9999.000 -9999.000 -9999.000 -9999.000 -9999.000 -9999.000 -9999.000 -9999.000 -9999.000 -9999.000 -9999.000 -9999.000 -9999.000 -9999.000 -9999.000 -9999.000 -9999.000 -9999.000 -9999.000 -9999.000 -9999.000 -9999.000 -9999.000 -9999.000 -9999.000 -9999.000 -9999.000 -9999.000 -9999.000 -9999.000 -9999.000 -9999.000 -9999.000 -9999.000
0.3409164 0.3672409 0.4128898 0.4289751 0.4043783 0.4100027 0.4457000 0.4698301 0.4760929 0.4562610 0.4424217 0.4624894 0.4818063 0.4806621 0.4644440 0.4602453 0.4389020 0.4036719 0.3069894 0.2233824 0.1927660 -9999.000 0.7560610E-01 -9999.000 -9999.000 -9999.000 -9999.000 -9999.000 -9999.000 -9999.000 -9999.000 -9999.000 -9999.000 -9999.000 -9999.000 -9999.000 -9999.000 -9999.000 -9999.000 -9999.000 -9999.000 -9999.000 -9999.000 -9999.000 -9999.000 -9999.000 -9999.000 -9999.000 -9999.000 -9999.000 -9999.000 -9999.000 -9999.000 -9999.000 -9999.000 -9999.000 -9999.000 -9999.000 -9999.000
0.3019565 0.3090381 0.3509113 0.3848259 0.3675774 0.3633337 0.3892362 0.4121816 0.4089405 0.3812284 0.3393799 0.3534266 0.4016087 0.4121645 0.3873090 0.3383489 0.2906503 0.2328800 -9999.000 -9999.000 -9999.000 -9999.000 -9999.000 -9999.000 -9999.000 -9999.000 -9999.000 -9999.000 -9999.000 -9999.000 -9999.000 -9999.000 -9999.000 -9999.000 -9999.000 -9999.000 -9999.000 -9999.000 -9999.000 -9999.000 -9999.000 -9999.000 -9999.000 -9999.000 -9999.000 -9999.000 -9999.000 -9999.000 -9999.000 -9999.000 -9999.000 -9999.000 -9999.000 -9999.000 -9999.000 -9999.000 -9999.000 -9999.000 -9999.000
0.2463393 0.2676899 0.2958172 0.3273939 0.3315323 0.3173140 0.3185759 0.3244345 0.3111972 0.2625757 0.2246671 0.2276522 0.2699755 0.2478456 0.2123256 0.1341884 -9999.000 -9999.000 -9999.000 -9999.000 -9999.000 -9999.000 -9999.000 -9999.000 -9999.000 -9999.000 -9999.000 -9999.000 -9999.000 -9999.000 -9999.000 -9999.000 -9999.000 -9999.000 -9999.000 -9999.000 -9999.000 -9999.000 -9999.000 -9999.000 -9999.000 -9999.000 -9999.000 -9999.000 -9999.000 -9999.000 -9999.000 -9999.000 -9999.000 -9999.000 -9999.000 -9999.000 -9999.000 -9999.000 -9999.000 -9999.000 -9999.000 -9999.000 -9999.000
0.1986714 0.2294398 0.2556389 0.2784478 0.2808945 0.2665306 0.2253959 0.1921829 0.1712417 0.1372677 0.1081073 0.8183701E-01 -9999.000 0.9085852E-01 -9999.000 -9999.000 -9999.000 -9999.000 -9999.000 -9999.000 -9999.000 -9999.000 -9999.000 -9999.000 -9999.000 -9999.000 -9999.000 -9999.000 -9999.000 -9999.000 -9999.000 -9999.000 -9999.000 -9999.000 -9999.000 -9999.000 -9999.000 -9999.000 -9999.000 -9999.000 -9999.000 -9999.000 -9999.000 -9999.000 -9999.000 -9999.000 -9999.000 -9999.000 -9999.000 -9999.000 -9999.000 -9999.000 -9999.000 -9999.000 -9999.000 -9999.000 -9999.000 -9999.000 -9999.000
