simulation_files/asc/Depth____150.0.asc
NCOLS       216
NROWS       273
XLLCENTER        494.688995
YLLCENTER        787.867981
CELLSIZE           0.500
NODATA_VALUE     -9999.0
[rows 182 to 207 of 273, columns 120 to 179 of 216]
-9999.000 -9999.000 -9999.000 -9999.000 -9999.000 -9999.000 -9999.000 -9999.000 -9999.000 0.1038921 0.1822208 0.2702677 0.2753922 0.2225944 0.1461738 0.9756114E-01 0.5423178E-01 0.6006454E-01 0.8124188E-01 0.7760958E-01 0.8881543E-01 0.1565645 0.2393594 0.2247513 0.2448046 0.2971220 0.3045317 0.2767744 0.2947162 0.3372980 0.3698218 0.3982178 0.3764556 0.3349330 0.3130380 0.3221955 0.3214998 0.3219338 0.2891038 0.2326627 0.1533475 0.6678884E-01 -9999.000 -9999.000 -9999.000 -9999.000 -9999.000 -9999.000 -9999.000 -9999.000 -9999.000 -9999.000 -9999.000 -9999.000 -9999.000 -9999.000 -9999.000 -9999.000 -9999.000 -9999.000
-9999.000 -9999.000 -9999.000 -9999.000 -9999.000 -9999.000 -9999.000 -9999.000 0.2236364E-01 0.6110938E-01 0.1604254 0.2400800 0.2683770 0.2440936 0.1978063 0.1406331 0.8497120E-01 0.6428373E-01 0.7650649E-01 0.7001145E-01 0.7670165E-01 0.1243117 0.1790453 0.2000986 0.2446337 0.3208615 0.3415063 0.2899161 0.3023524 0.3765974 0.4032506 0.4123286 0.4029836 0.3559946 0.3433042 0.3354018 0.3332658 0.3359438 0.3184574 0.2962318 0.2065872 0.9045727E-01 0.2848795E-01 -9999.000 -9999.000 -9999.000 -9999.000 -9999.000 -9999.000 -9999.000 -9999.000 -9999.000 -9999.000 -9999.000 -9999.000 -9999.000 -9999.000 -9999.000 -9999.000 -9999.000
-9999.000 -9999.000 -9999.000 -9999.000 -9999.000 -9999.000 -9999.000 -9999.000 -9999.000 0.4010298E-01 0.1345793 0.2389847 0.2744088 0.2731332 0.2394861 0.1863841 0.1304940 0.8170230E-01 0.7055787E-01 0.6332382E-01 0.7318632E-01 0.8844116E-01 0.1074057 0.1378415 0.1989610 0.2817575 0.3290022 0.3111506 0.3379788 0.3837465 0.3584041 0.3481400 0.3562600 0.3380082 0.2896330 0.2814498 0.2909865 0.3123751 0.3220912 0.3097544 0.2584865 0.1472022 0.7042078E-01 -9999.000 -9999.000 -9999.000 -9999.000 -9999.000 -9999.000 -9999.000 -9999.000 -9999.000 -9999.000 -9999.000 -9999.000 -9999.000 -9999.000 -9999.000 -9999.000 -9999.000
-9999.000 -9999.000 -9999.000 -9999.000 -9999.000 -9999.000 -9999.000 -9999.000 -9999.000 0.2726631E-01 0.1234248 0.2386219 0.2861751 0.2910443 0.2729332 0.2261672 0.1592823 0.9888183E-01 0.7759447E-01 0.7712865E-01 0.8747330E-01 0.8256371E-01 0.7968118E-01 0.1097639 0.1565747 0.2192966 0.2704819 0.2933066 0.3524916 0.3213865 0.2533396 0.2792564 0.2972519 0.2220282 0.1847929 0.1616174 0.2028589 0.2304666 0.2658655 0.2770618 0.2412122 0.1795361 0.1412271 0.8493794E-01 -9999.000 -9999.000 -9999.000 -9999.000 -9999.000 -9999.000 -9999.000 -9999.000 -9999.000 -9999.000 -9999.000 -9999.000 -9999.000 -9999.000 -9999.000 -9999.000
-9999.000 -9999.000 -9999.000 -9999.000 -9999.000 -9999.000 -9999.000 -9999.000 -9999.000 -9999.000 0.7018626E-01 0.2119064 0.2769800 0.2914689 0.2856970 0.2376946 0.1612616 0.9792612E-01 0.7247713E-01 0.6657153E-01 0.8046427E-01 0.7910710E-01 0.8256249E-01 0.1177197 0.1743901 0.2191640 0.2519919 0.2631277 0.2775344 0.2297502 0.2091143 0.3164658 0.3359565 0.2844202 0.2097379 0.1874982 0.2048260 0.2226015 0.2354012 0.2443391 0.2351286 0.2050223 0.1734030 0.1245981 -9999.000 -9999.000 -9999.000 -9999.000 -9999.000 -9999.000 -9999.000 -9999.000 -9999.000 -9999.000 -9999.000 -9999.000 -9999.000 -9999.000 -9999.000 -9999.000
-9999.000 -9999.000 -9999.000 -9999.000 -9999.000 -9999.000 -9999.000 -9999.000 -9999.000 -9999.000 -9999.000 0.1771854 0.2500715 0.2634050 0.2677897 0.2187890 0.1299660 0.9103038E-01 0.7505089E-01 0.5645544E-01 0.5517987E-01 0.7141916E-01 0.8804549E-01 0.1389532 0.2088379 0.2315939 0.2149982 0.1947819 0.2142983 0.2204008 0.2314880 0.3190206 0.3852390 0.3626984 0.2977011 0.2282781 0.2378589 0.2571976 0.2435280 0.2254215 0.2258983 0.1966128 0.1573398 0.1146018 0.6107984E-01 -9999.000 -9999.000 -9999.000 -9999.000 -9999.000 -9999.000 -9999.000 -9999.000 -9999.000 -9999.000 -9999.000 -9999.000 -9999.000 -9999.000 -9999.000
-9999.000 -9999.000 -9999.000 -9999.000 -9999.000 -9999.000 -9999.000 -9999.000 -9999.000 -9999.000 0.6038689E-01 0.1646539 0.2299127 0.2301388 0.2417981 0.2149749 0.1558949 0.1302706 0.1061583 0.7859212E-01 0.5403746E-01 0.4878071E-01 0.7226405E-01 0.1190246 0.1465706 0.1594967 0.1873200 0.1936741 0.2403620 0.2751390 0.2564523 0.2882328 0.3362406 0.3155614 0.2806260 0.2525863 0.2483059 0.2335824 0.2037637 0.2192124 0.2374555 0.2308729 0.2193478 0.1845958 0.1467624 0.8186731E-01 -9999.000 -9999.000 -9999.000 -9999.000 -9999.000 -9999.000 -9999.000 -9999.000 -9999.000 -9999.000 -9999.000 -9999.000 -9999.000 -9999.000
-9999.000 -9999.000 -9999.000 -9999.000 -9999.000 -9999.000 -9999.000 -9999.000 -9999.000 -9999.000 -9999.000 0.1315440 0.1955072 0.2259701 0.2467798 0.2430724 0.2193669 0.1954370 0.1544501 0.1290504 0.7897683E-01 0.3591796E-01 0.4324621E-01 0.7139040E-01 0.8190044E-01 0.1157165 0.1989337 0.2437946 0.2882331 0.3153885 0.3036884 0.2885805 0.2763112 0.2439796 0.2546936 0.2670254 0.2636783 0.2141317 0.2148008 0.2540711 0.2726949 0.2705309 0.2855328 0.2689307 0.2277601 0.1356121 0.4520292E-01 -9999.000 -9999.000 -9999.000 -9999.000 -9999.000 -9999.000 -9999.000 -9999.000 -9999.000 -9999.000 -9999.000 -9999.000 -9999.000
-9999.000 -9999.000 -9999.000 -9999.000 -9999.000 -9999.000 -9999.000 -9999.000 -9999.000 -9999.000 -9999.000 -9999.000 0.1402210 0.1942285 0.2309236 0.2478395 0.2532363 0.2496338 0.2029028 0.1716639 0.1204910 0.4351869E-01 0.2899303E-01 0.3883179E-01 0.5850633E-01 0.1095076 0.1897506 0.2452446 0.2864316 0.3154377 0.3007388 0.2999899 0.3085711 0.2759328 0.2762738 0.3256673 0.2888239 0.2527813 0.2860363 0.3192466 0.3204935 0.3135459 0.3356717 0.3184269 0.2745506 0.1761918 0.5269541E-01 -9999.000 -9999.000 -9999.000 -9999.000 -9999.000 -9999.000 -9999.000 -9999.000 -9999.000 -9999.000 -9999.000 -9999.000 -9999.000
-9999.000 -9999.000 -9999.000 -9999.000 -9999.000 -9999.000 -9999.000 -9999.000 -9999.000 -9999.000 -9999.000 -9999.000 0.8645739E-01 0.1388620 0.1929320 0.2298481 0.2677025 0.2778228 0.2503784 0.2223941 0.1705670 0.9090431E-01 0.5407636E-01 0.5701371E-01 0.6022731E-01 0.8604100E-01 0.1366857 0.1988710 0.2508859 0.2847562 0.2748004 0.2850093 0.3009519 0.2662426 0.2981249 0.3384576 0.2866735 0.2932974 0.3573390 0.3849245 0.3566683 0.3543460 0.3726961 0.3134770 0.2489710 0.1520747 0.5226732E-01 0.2512033E-01 -9999.000 -9999.000 -9999.000 -9999.000 -9999.000 -9999.000 -9999.000 -9999.000 -9999.000 -9999.000 -9999.000 -9999.000
-9999.000 -9999.000 -9999.000 -9999.000 -9999.000 -9999.000 -9999.000 -9999.000 -9999.000 -9999.000 -9999.000 -9999.000 -9999.000 0.9098036E-01 0.1503999 0.2146639 0.2465502 0.2812408 0.2929174 0.2584362 0.1999637 0.1412298 0.9725387E-01 0.6742537E-01 0.5328891E-01 0.5220434E-01 0.8420727E-01 0.1577179 0.2301212 0.2685187 0.2329356 0.2266369 0.2297807 0.2467105 0.3220283 0.3470600 0.2992883 0.3226461 0.4000690 0.4175490 0.3860013 0.3469020 0.2861785 0.2194232 0.1812519 0.1416478 0.1025137 0.6539622E-01 -9999.000 -9999.000 -9999.000 -9999.000 -9999.000 -9999.000 -9999.000 -9999.000 -9999.000 -9999.000 -9999.000 -9999.000
-9999.000 -9999.000 -9999.000 -9999.000 -9999.000 -9999.000 -9999.000 -9999.000 -9999.000 -9999.000 -9999.000 -9999.000 -9999.000 0.6617520E-01 0.1372964 0.1581941 0.1447605 0.2071334 0.2658638 0.2503898 0.2228534 0.1832663 0.1284741 0.8650194E-01 0.5576962E-01 0.3345690E-01 0.4602929E-01 0.1171968 0.2037870 0.2267320 0.1624015 0.2047231 0.2435377 0.2672828 0.3366066 0.3618081 0.3351356 0.3541504 0.3908567 0.4026788 0.3505594 0.2503392 0.2189507 0.1842384 0.2017240 0.2193552 0.1972823 0.1581201 0.1234231 -9999.000 -9999.000 -9999.000 -9999.000 -9999.000 -9999.000 -9999.000 -9999.000 -9999.000 -9999.000 -9999.000
-9999.000 -9999.000 -9999.000 -9999.000 -9999.000 -9999.000 -9999.000 -9999.000 -9999.000 -9999.000 -9999.000 -9999.000 -9999.000 -9999.000 0.9643147E-01 0.9159815E-01 -9999.000 0.8203216E-01 0.1567298 0.2060228 0.2430890 0.2136226 0.1800713 0.1329853 0.9638468E-01 0.6859343E-01 0.5175227E-01 0.9092605E-01 0.1659820 0.1668310 0.1440393 0.2090962 0.2659767 0.2894696 0.3263295 0.3558816 0.3522230 0.3481147 0.3597474 0.3547964 0.3015703 0.2920988 0.2710049 0.2671076 0.2926611 0.2961847 0.2858738 0.2759879 0.2019377 0.1079856 -9999.000 -9999.000 -9999.000 -9999.000 -9999.000 -9999.000 -9999.000 -9999.000 -9999.000 -9999.000
-9999.000 -9999.000 -9999.000 -9999.000 -9999.000 -9999.000 -9999.000 -9999.000 -9999.000 -9999.000 -9999.000 -9999.000 -9999.000 -9999.000 -9999.000 0.3394667E-01 0.4290592E-01 0.6714461E-01 0.1030298 0.1513954 0.2009286 0.2054464 0.1840504 0.1339282 0.9127056E-01 0.6753189E-01 0.4976501E-01 0.5858910E-01 0.9609919E-01 0.1203251 0.1402722 0.1876956 0.2495371 0.2781603 0.3051327 0.3242117 0.3338618 0.3300489 0.3420442 0.3527237 0.3541643 0.3627241 0.3420269 0.3299932 0.3249364 0.3250665 0.3118335 0.2931192 0.2199925 0.1303876 -9999.000 -9999.000 -9999.000 -9999.000 -9999.000 -9999.000 -9999.000 -9999.000 -9999.000 -9999.000
-9999.000 -9999.000 -9999.000 -9999.000 -9999.000 -9999.000 -9999.000 -9999.000 -9999.000 -9999.000 -9999.000 -9999.000 -9999.000 -9999.000 -9999.000 -9999.000 0.5611800E-01 0.9523404E-01 0.1011641 0.1169911 0.1519645 0.1692691 0.1608242 0.1270046 0.8666375E-01 0.5253282E-01 0.2732855E-01 -9999.000 -9999.000 0.6122394E-01 0.1129060 0.1536446 0.1975149 0.2216954 0.2664765 0.3128741 0.3179247 0.3140298 0.3436982 0.3953328 0.4150973 0.4134477 0.3601430 0.3271118 0.3407792 0.3427029 0.3068575 0.2470170 0.1656204 0.1192792 0.5909549E-01 -9999.000 -9999.000 -9999.000 -9999.000 -9999.000 -9999.000 -9999.000 -9999.000 -9999.000
-9999.000 -9999.000 -9999.000 -9999.000 -9999.000 -9999.000 -9999.000 -9999.000 -9999.000 -9999.000 -9999.000 -9999.000 -9999.000 -9999.000 -9999.000 -9999.000 -9999.000 0.7161465E-01 0.7627800E-01 0.9030430E-01 0.9526357E-01 0.1341757 0.1634789 0.1481770 0.1157810 0.7712309E-01 0.3620281E-01 -9999.000 -9999.000 -9999.000 0.6006666E-01 0.1131936 0.1317932 0.1435768 0.2041626 0.2680772 0.2711173 0.2741280 0.3361740 0.4069648 0.4358811 0.4053617 0.3432818 0.3116625 0.3069762 0.2656141 0.2310772 0.1793945 0.1424551 0.1232943 -9999.000 -9999.000 -9999.000 -9999.000 -9999.000 -9999.000 -9999.000 -9999.000 -9999.000 -9999.000
-9999.000 -9999.000 -9999.000 -9999.000 -9999.000 -9999.000 -9999.000 -9999.000 -9999.000 -9999.000 -9999.000 -9999.000 -9999.000 -9999.000 -9999.000 -9999.000 -9999.000 0.6289591E-01 0.1187788 0.7727402E-01 0.4975722E-01 0.8658694E-01 0.1288745 0.1341482 0.1284875 0.1050034 0.5380195E-01 0.2462617E-01 -9999.000 -9999.000 -9999.000 0.6680330E-01 0.8295120E-01 0.1000684 0.1458312 0.1988910 0.2152400 0.2627186 0.3472216 0.3899361 0.3897130 0.3574065 0.3138986 0.2784892 0.2616157 0.2022404 0.1730023 0.1527137 0.1571264 0.1524206 0.1035409 -9999.000 -9999.000 -9999.000 -9999.000 -9999.000 -9999.000 -9999.000 -9999.000 -9999.000
-9999.000 -9999.000 -9999.000 -9999.000 -9999.000 -9999.000 -9999.000 -9999.000 -9999.000 -9999.000 -9999.000 -9999.000 -9999.000 -9999.000 -9999.000 -9999.000 -9999.000 0.7871780E-01 0.1304390 0.6905621E-01 0.4548822E-01 0.8314265E-01 0.1052447 0.1022896 0.1266034 0.1096773 -9999.000 -9999.000 -9999.000 -9999.000 -9999.000 0.3689194E-01 0.4821417E-01 0.9859833E-01 0.1596529 0.2009559 0.2327617 0.2857675 0.3108274 0.3336827 0.3214267 0.2989066 0.2861375 0.2939235 0.2682020 0.2601462 0.2393213 0.1809834 0.1834407 0.2072206 0.1737576 0.7699433E-01 -9999.000 -9999.000 -9999.000 -9999.000 -9999.000 -9999.000 -9999.000 -9999.000
-9999.000 -9999.000 -9999.000 -9999.000 -9999.000 -9999.000 -9999.000 -9999.000 -9999.000 -9999.000 -9999.000 -9999.000 -9999.000 -9999.000 -9999.000 0.2307929E-01 0.8085008E-01 0.1300498 0.8946394E-01 0.5627994E-01 0.8980049E-01 0.1415622 0.1508697 0.1101569 0.1190231 0.1009662 0.5095479E-01 -9999.000 -9999.000 -9999.000 -9999.000 -9999.000 -9999.000 0.9321163E-01 0.1818819 0.2373302 0.2673418 0.2519616 0.2344388 0.2428393 0.2705664 0.2467204 0.2604837 0.3058958 0.2970196 0.3080543 0.2819960 0.2228912 0.2108967 0.2429849 0.2170676 0.9546493E-01 0.4168980E-01 -9999.000 -9999.000 -9999.000 -9999.000 -9999.000 -9999.000 -9999.000
-9999.000 -9999.000 -9999.000 -9999.000 -9999.000 -9999.000 -9999.000 -9999.000 -9999.000 -9999.000 -9999.000 -9999.000 -9999.000 -9999.000 -9999.000 -9999.000 0.7652053E-01 0.1404985 0.1147550 0.8521975E-01 0.1606180 0.2112908 0.1941944 0.1438815 0.1366258 0.1071247 0.3835290E-01 -9999.000 0.1006769E-01 -9999.000 -9999.000 -9999.000 -9999.000 0.7833324E-01 0.1514296 0.1875167 0.2075155 0.2143782 0.2167545 0.2259288 0.2296887 0.2051546 0.2082556 0.2883488 0.3194928 0.3061415 0.2732564 0.2366227 0.2257710 0.2366223 0.2216265 0.1221475 0.5502906E-01 -9999.000 -9999.000 -9999.000 -9999.000 -9999.000 -9999.000 -9999.000
-9999.000 -9999.000 -9999.000 -9999.000 -9999.000 -9999.000 -9999.000 -9999.000 -9999.000 -9999.000 -9999.000 -9999.000 -9999.000 -9999.000 -9999.000 -9999.000 -9999.000 0.9047509E-01 0.1033919 0.1062413 0.1580061 0.1887332 0.1772853 0.1893755 0.1894752 0.1371313 0.5942937E-01 0.2327736E-01 -9999.000 -9999.000 -9999.000 -9999.000 -9999.000 0.5478442E-01 0.8449737E-01 0.8930461E-01 0.1330965 0.1771808 0.2193637 0.2252714 0.2318397 0.2214207 0.2158342 0.2700555 0.3020859 0.3034567 0.2822238 0.2427989 0.2432192 0.2555731 0.2090224 0.1455063 0.1104133 0.4267139E-01 -9999.000 -9999.000 -9999.000 -9999.000 -9999.000 -9999.000
-9999.000 -9999.000 -9999.000 -9999.000 -9999.000 -9999.000 -9999.000 -9999.000 -9999.000 -9999.000 -9999.000 -9999.000 -9999.000 -9999.000 -9999.000 -9999.000 -9999.000 -9999.000 0.7161768E-01 0.8570126E-01 0.1191179 0.1306010 0.1399929 0.1906629 0.2162941 0.1672244 0.1007244 0.4533680E-01 -9999.000 -9999.000 -9999.000 -9999.000 -9999.000 -9999.000 0.7696490E-01 0.1017024 0.1245817 0.1572703 0.1822195 0.1996044 0.2363772 0.2710503 0.2757271 0.2804354 0.2695419 0.2917389 0.2697452 0.2446977 0.2737320 0.2970397 0.2508546 0.2167585 0.1937202 0.1214286 -9999.000 -9999.000 -9999.000 -9999.000 -9999.000 -9999.000
-9999.000 -9999.000 -9999.000 -9999.000 -9999.000 -9999.000 -9999.000 -9999.000 -9999.000 -9999.000 -9999.000 -9999.000 -9999.000 -9999.000 -9999.000 -9999.000 -9999.000 0.5007145E-01 0.8291910E-01 0.6451014E-01 0.6441689E-01 0.9393752E-01 0.1241982 0.1718089 0.2109405 0.1865809 0.1374798 0.7367506E-01 0.3676920E-01 -9999.000 -9999.000 -9999.000 -9999.000 -9999.000 0.7190392E-01 0.1066825 0.1337493 0.1497222 0.1695078 0.1850263 0.2063622 0.2464457 0.2605953 0.2425673 0.2246298 0.2063421 0.1983531 0.2223188 0.2951863 0.3377672 0.3078278 0.2735026 0.2437449 0.2093439 0.1832711 -9999.000 -9999.000 -9999.000 -9999.000 -9999.000
-9999.000 -9999.000 -9999.000 -9999.000 -9999.000 -9999.000 -9999.000 -9999.000 -9999.000 -9999.000 -9999.000 -9999.000 -9999.000 -9999.000 -9999.000 -9999.000 -9999.000 -9999.000 0.4867431E-01 -9999.000 0.3468924E-01 0.1181844 0.1720463 0.2009224 0.1891250 0.1533489 0.1262052 0.9000896E-01 0.4639032E-01 -9999.000 -9999.000 -9999.000 -9999.000 -9999.000 -9999.000 0.5798445E-01 0.9781947E-01 0.1316065 0.1763960 0.1945868 0.2087079 0.2343192 0.2516482 0.2018743 0.1354266 0.1013464 0.1284821 0.2211648 0.3150956 0.3641320 0.3108402 0.2826339 0.2562416 0.2293476 0.1734816 0.8904584E-01 -9999.000 -9999.000 -9999.000 -9999.000
-9999.000 -9999.000 -9999.000 -9999.000 -9999.000 -9999.000 -9999.000 -9999.000 -9999.000 -9999.000 -9999.000 -9999.000 -9999.000 -9999.000 -9999.000 -9999.000 -9999.000 -9999.000 0.2011885E-01 0.2415231E-01 0.4961945E-01 0.1466145 0.2277161 0.2416116 0.1966457 0.1593216 0.1292552 0.1038688 0.5916053E-01 -9999.000 -9999.000 -9999.000 -9999.000 -9999.000 -9999.000 0.3632403E-01 0.7250182E-01 0.1279065 0.1780579 0.2103964 0.2476927 0.2574409 0.2594375 0.2098715 0.1598397 0.1561279 0.1865699 0.2589100 0.3028609 0.2834946 0.2558972 0.2768866 0.2673358 0.2069985 0.1775574 0.1276885 0.5167260E-01 -9999.000 -9999.000 -9999.000
-9999.000 -9999.000 -9999.000 -9999.000 -9999.000 -9999.000 -9999.000 -9999.000 -9999.000 -9999.000 -9999.000 -9999.000 -9999.000 -9999.000 -9999.000 -9999.000 -9999.000 -9999.000 0.1519732E-01 0.3557066E-01 0.7098401E-01 0.1611210 0.2412285 0.2319861 0.1948286 0.1559731 0.1268142 0.1057820 0.7352112E-01 -9999.000 -9999.000 -9999.000 -9999.000 -9999.000 -9999.000 -9999.000 0.5094705E-01 0.1248580 0.2011528 0.2473334 0.3009254 0.3164671 0.2788791 0.2365860 0.2436732 0.3308636 0.3826876 0.3639593 0.3111093 0.2510929 0.2740838 0.3284436 0.3120883 0.2217902 0.1950037 0.1847715 0.1132136 -9999.000 -9999.000 -9999.000
