simulation_files/asc/Depth____000204.asc
NCOLS        79
NROWS        79
XLLCENTER         -1.500000
YLLCENTER         -4.800000
CELLSIZE           0.100
NODATA_VALUE     -9999.0
[rows 0 to 25 of 79, columns 0 to 58 of 79]
-9999.000 -9999.000 -9999.000 -9999.000 -9999.000 -9999.000 -9999.000 -9999.000 -9999.000 -9999.000 -9999.000 -9999.000 -9999.000 -9999.000 -9999.000 0.7755994 0.7761910 0.7765275 0.7766780 0.7765534 0.7762685 0.7759233 0.7755584 0.7751963 0.7748688 0.7745687 0.7742969 0.7740309 0.7736662 0.7736458 0.7736458 -9999.000 -9999.000 -9999.000 -9999.000 -9999.000 -9999.000 -9999.000 -9999.000 -9999.000 -9999.000 -9999.000 -9999.000 -9999.000 -9999.000 -9999.000 -9999.000 -9999.000 -9999.000 -9999.000 -9999.000 -9999.000 -9999.000 -9999.000 -9999.000 -9999.000 -9999.000 -9999.000 -9999.000
-9999.000 -9999.000 -9999.000 -9999.000 -9999.000 -9999.000 -9999.000 -9999.000 -9999.000 -9999.000 -9999.000 -9999.000 -9999.000 -9999.000 -9999.000 0.7774535 0.7779725 0.7782437 0.7783628 0.7782575 0.7780273 0.7777557 0.7774742 0.7771994 0.7769561 0.7767361 0.7765386 0.7763425 0.7760547 0.7761231 0.7761231 -9999.000 -9999.000 -9999.000 -9999.000 -9999.000 -9999.000 -9999.000 -9999.000 -9999.000 -9999.000 -9999.000 -9999.000 -9999.000 -9999.000 -9999.000 -9999.000 -9999.000 -9999.000 -9999.000 -9999.000 -9999.000 -9999.000 -9999.000 -9999.000 -9999.000 -9999.000 -9999.000 -9999.000
-9999.000 -9999.000 -9999.000 -9999.000 -9999.000 -9999.000 -9999.000 -9999.000 -9999.000 -9999.000 -9999.000 -9999.000 -9999.000 -9999.000 -9999.000 0.7793586 0.7799177 0.7802033 0.7803333 0.7802334 0.7800072 0.7797408 0.7794657 0.7791984 0.7789640 0.7787523 0.7785618 0.7783693 0.7780763 0.7781399 0.7781399 -9999.000 -9999.000 -9999.000 -9999.000 -9999.000 -9999.000 -9999.000 -9999.000 -9999.000 -9999.000 -9999.000 -9999.000 -9999.000 -9999.000 -9999.000 -9999.000 -9999.000 -9999.000 -9999.000 -9999.000 -9999.000 -9999.000 -9999.000 -9999.000 -9999.000 -9999.000 -9999.000 -9999.000
-9999.000 -9999.000 -9999.000 -9999.000 -9999.000 -9999.000 -9999.000 -9999.000 -9999.000 -9999.000 -9999.000 -9999.000 -9999.000 -9999.000 -9999.000 0.7813132 0.7818995 0.7821934 0.7823277 0.7822258 0.7819965 0.7817280 0.7814514 0.7811832 0.7809492 0.7807375 0.7805465 0.7803514 0.7800473 0.7800891 0.7800891 -9999.000 -9999.000 -9999.000 -9999.000 -9999.000 -9999.000 -9999.000 -9999.000 -9999.000 -9999.000 -9999.000 -9999.000 -9999.000 -9999.000 -9999.000 -9999.000 -9999.000 -9999.000 -9999.000 -9999.000 -9999.000 -9999.000 -9999.000 -9999.000 -9999.000 -9999.000 -9999.000 -9999.000
-9999.000 -9999.000 -9999.000 -9999.000 -9999.000 -9999.000 -9999.000 -9999.000 -9999.000 -9999.000 -9999.000 -9999.000 -9999.000 -9999.000 -9999.000 0.7832849 0.7838939 0.7841936 0.7843288 0.7842212 0.7839853 0.7837113 0.7834298 0.7831572 0.7829203 0.7827051 0.7825105 0.7823095 0.7819899 0.7819967 0.7819967 -9999.000 -9999.000 -9999.000 -9999.000 -9999.000 -9999.000 -9999.000 -9999.000 -9999.000 -9999.000 -9999.000 -9999.000 -9999.000 -9999.000 -9999.000 -9999.000 -9999.000 -9999.000 -9999.000 -9999.000 -9999.000 -9999.000 -9999.000 -9999.000 -9999.000 -9999.000 -9999.000 -9999.000
-9999.000 -9999.000 -9999.000 -9999.000 -9999.000 -9999.000 -9999.000 -9999.000 -9999.000 -9999.000 -9999.000 -9999.000 -9999.000 -9999.000 -9999.000 0.7852609 0.7858909 0.7861946 0.7863288 0.7862130 0.7859686 0.7856878 0.7853999 0.7851215 0.7848803 0.7846601 0.7844604 0.7842517 0.7839128 0.7838718 0.7838718 -9999.000 -9999.000 -9999.000 -9999.000 -9999.000 -9999.000 -9999.000 -9999.000 -9999.000 -9999.000 -9999.000 -9999.000 -9999.000 -9999.000 -9999.000 -9999.000 -9999.000 -9999.000 -9999.000 -9999.000 -9999.000 -9999.000 -9999.000 -9999.000 -9999.000 -9999.000 -9999.000 -9999.000
-9999.000 -9999.000 -9999.000 -9999.000 -9999.000 -9999.000 -9999.000 -9999.000 -9999.000 -9999.000 -9999.000 -9999.000 -9999.000 -9999.000 -9999.000 0.7872359 0.7878859 0.7881923 0.7883240 0.7881982 0.7879440 0.7876558 0.7873609 0.7870760 0.7868303 0.7866043 0.7863985 0.7861809 0.7858188 0.7857149 0.7857149 -9999.000 -9999.000 -9999.000 -9999.000 -9999.000 -9999.000 -9999.000 -9999.000 -9999.000 -9999.000 -9999.000 -9999.000 -9999.000 -9999.000 -9999.000 -9999.000 -9999.000 -9999.000 -9999.000 -9999.000 -9999.000 -9999.000 -9999.000 -9999.000 -9999.000 -9999.000 -9999.000 -9999.000
-9999.000 -9999.000 -9999.000 -9999.000 -9999.000 -9999.000 -9999.000 -9999.000 -9999.000 -9999.000 -9999.000 -9999.000 -9999.000 -9999.000 -9999.000 0.7892074 0.7898770 0.7901847 0.7903123 0.7901748 0.7899098 0.7896136 0.7893115 0.7890199 0.7887697 0.7885375 0.7883251 0.7880971 0.7877074 0.7875221 0.7875221 -9999.000 -9999.000 -9999.000 -9999.000 -9999.000 -9999.000 -9999.000 -9999.000 -9999.000 -9999.000 -9999.000 -9999.000 -9999.000 -9999.000 -9999.000 -9999.000 -9999.000 -9999.000 -9999.000 -9999.000 -9999.000 -9999.000 -9999.000 -9999.000 -9999.000 -9999.000 -9999.000 -9999.000
-9999.000 -9999.000 -9999.000 -9999.000 -9999.000 -9999.000 -9999.000 -9999.000 -9999.000 -9999.000 -9999.000 -9999.000 -9999.000 -9999.000 -9999.000 0.7911741 0.7918629 0.7921704 0.7922924 0.7921412 0.7918643 0.7915601 0.7912505 0.7909521 0.7906976 0.7904588 0.7902392 0.7899994 0.7895773 0.7892857 0.7892857 -9999.000 -9999.000 -9999.000 -9999.000 -9999.000 -9999.000 -9999.000 -9999.000 -9999.000 -9999.000 -9999.000 -9999.000 -9999.000 -9999.000 -9999.000 -9999.000 -9999.000 -9999.000 -9999.000 -9999.000 -9999.000 -9999.000 -9999.000 -9999.000 -9999.000 -9999.000 -9999.000 -9999.000
-9999.000 -9999.000 -9999.000 -9999.000 -9999.000 -9999.000 -9999.000 -9999.000 -9999.000 -9999.000 -9999.000 -9999.000 -9999.000 -9999.000 -9999.000 0.7931348 0.7938426 0.7941480 0.7942627 0.7940958 0.7938060 0.7934934 0.7931764 0.7928711 0.7926126 0.7923667 0.7921394 0.7918860 0.7914254 0.7909943 0.7909943 -9999.000 -9999.000 -9999.000 -9999.000 -9999.000 -9999.000 -9999.000 -9999.000 -9999.000 -9999.000 -9999.000 -9999.000 -9999.000 -9999.000 -9999.000 -9999.000 -9999.000 -9999.000 -9999.000 -9999.000 -9999.000 -9999.000 -9999.000 -9999.000 -9999.000 -9999.000 -9999.000 -9999.000
-9999.000 -9999.000 -9999.000 -9999.000 -9999.000 -9999.000 -9999.000 -9999.000 -9999.000 -9999.000 -9999.000 -9999.000 -9999.000 -9999.000 -9999.000 0.7950885 0.7958147 0.7961160 0.7962216 0.7960367 0.7957326 0.7954117 0.7950869 0.7947746 0.7945126 0.7942591 0.7940233 0.7937542 0.7932477 0.7926314 0.7926314 -9999.000 -9999.000 -9999.000 -9999.000 -9999.000 -9999.000 -9999.000 -9999.000 -9999.000 -9999.000 -9999.000 -9999.000 -9999.000 -9999.000 -9999.000 -9999.000 -9999.000 -9999.000 -9999.000 -9999.000 -9999.000 -9999.000 -9999.000 -9999.000 -9999.000 -9999.000 -9999.000 -9999.000
-9999.000 -9999.000 -9999.000 -9999.000 -9999.000 -9999.000 -9999.000 -9999.000 -9999.000 -9999.000 -9999.000 -9999.000 -9999.000 -9999.000 -9999.000 0.7970322 0.7977767 0.7980716 0.7981666 0.7979614 0.7976419 0.7973124 0.7969798 0.7966604 0.7963953 0.7961333 0.7958880 0.7956004 0.7950387 0.7941728 0.7941728 -9999.000 -9999.000 -9999.000 -9999.000 -9999.000 -9999.000 -9999.000 -9999.000 -9999.000 -9999.000 -9999.000 -9999.000 -9999.000 -9999.000 -9999.000 -9999.000 -9999.000 -9999.000 -9999.000 -9999.000 -9999.000 -9999.000 -9999.000 -9999.000 -9999.000 -9999.000 -9999.000 -9999.000
-9999.000 -9999.000 -9999.000 -9999.000 -9999.000 -9999.000 -9999.000 -9999.000 -9999.000 -9999.000 -9999.000 -9999.000 -9999.000 -9999.000 -9999.000 0.7989492 0.7997143 0.8000019 0.8000901 0.7998684 0.7995350 0.7991970 0.7988561 0.7985290 0.7982609 0.7979887 0.7977322 0.7974221 0.7967927 0.7955843 0.7955843 -9999.000 -9999.000 -9999.000 -9999.000 -9999.000 -9999.000 -9999.000 -9999.000 -9999.000 -9999.000 -9999.000 -9999.000 -9999.000 -9999.000 -9999.000 -9999.000 -9999.000 -9999.000 -9999.000 -9999.000 -9999.000 -9999.000 -9999.000 -9999.000 -9999.000 -9999.000 -9999.000 -9999.000
-9999.000 -9999.000 -9999.000 -9999.000 -9999.000 -9999.000 -9999.000 -9999.000 -9999.000 -9999.000 -9999.000 -9999.000 -9999.000 -9999.000 -9999.000 0.8004107 0.8012791 0.8016658 0.8019540 0.8018460 0.8015281 0.8011811 0.8008245 0.8004789 0.8001966 0.7999012 0.7996217 0.7992758 0.7985563 0.7968732 0.7968732 -9999.000 -9999.000 -9999.000 -9999.000 -9999.000 -9999.000 -9999.000 -9999.000 -9999.000 -9999.000 -9999.000 -9999.000 -9999.000 -9999.000 -9999.000 -9999.000 -9999.000 -9999.000 -9999.000 -9999.000 -9999.000 -9999.000 -9999.000 -9999.000 -9999.000 -9999.000 -9999.000 -9999.000
-9999.000 -9999.000 -9999.000 -9999.000 -9999.000 -9999.000 -9999.000 -9999.000 -9999.000 -9999.000 -9999.000 -9999.000 -9999.000 -9999.000 -9999.000 0.7853932 0.7964168 0.8025686 0.8071083 0.8084362 0.8075716 0.8064533 0.8053586 0.8043583 0.8035408 0.8028020 0.8021668 0.8015091 0.8004104 0.7972713 0.7972713 -9999.000 -9999.000 -9999.000 -9999.000 -9999.000 -9999.000 -9999.000 -9999.000 -9999.000 -9999.000 -9999.000 -9999.000 -9999.000 -9999.000 -9999.000 -9999.000 -9999.000 -9999.000 -9999.000 -9999.000 -9999.000 -9999.000 -9999.000 -9999.000 -9999.000 -9999.000 -9999.000 -9999.000
0.8982943 0.8982943 0.9014011 0.8854098 0.8773770 0.8773770 0.8737921 0.8682081 0.8682081 0.8635440 0.8635440 0.8595397 0.8577321 0.8560294 0.8543609 0.8543609 0.8077207 0.8061081 0.8047126 0.8028988 0.8038091 0.8057196 0.8079996 0.8106695 0.8142197 0.8172411 0.8199434 0.8210645 0.8164939 0.7896308 0.7896308 0.5693089 0.5274245 0.4991111 0.4892933 0.4892933 0.4721883 0.4721883 0.4659305 0.4659305 0.4714608 0.5081968 0.5081968 0.5835261 0.5835261 0.6975575 0.6975575 0.6975575 0.7099448 0.7099448 0.7038699 0.7038699 0.6897385 0.6897385 0.6731771 0.6731771 0.6568456 0.6568456 0.6568456
0.8949967 0.8949967 0.8997096 0.8834020 0.8764737 0.8764737 0.8726794 0.8670126 0.8670126 0.8623649 0.8623649 0.8583811 0.8565824 0.8548880 0.8532279 0.8532279 0.8135193 0.8063022 0.8004681 0.7950770 0.7912693 0.7885944 0.7868488 0.7861051 0.7866132 0.7878836 0.7899029 0.7921444 0.7928947 0.7858989 0.7858989 0.6409752 0.5814869 0.5200884 0.5018923 0.5018923 0.4780537 0.4780537 0.4711905 0.4711905 0.4766731 0.5103751 0.5103751 0.5740318 0.5740318 0.6842232 0.6842232 0.6842232 0.7059911 0.7059911 0.7029939 0.7029939 0.6899400 0.6899400 0.6738031 0.6738031 0.6576658 0.6576658 0.6576658
0.8934188 0.8934188 0.8998405 0.8830484 0.8767444 0.8767444 0.8727847 0.8669753 0.8669753 0.8623131 0.8623131 0.8583282 0.8565274 0.8548301 0.8531581 0.8531581 0.8181003 0.8064506 0.7964217 0.7874139 0.7799868 0.7740746 0.7695214 0.7662895 0.7645038 0.7639159 0.7644429 0.7657405 0.7665824 0.7623529 0.7623529 0.6740731 0.6141143 0.5390913 0.5152910 0.5152910 0.4867625 0.4867625 0.4837594 0.4837594 0.4926809 0.5286829 0.5286829 0.5800326 0.5800326 0.6713343 0.6713343 0.6713343 0.6979535 0.6979535 0.6992544 0.6992544 0.6882946 0.6882946 0.6730555 0.6730555 0.6573456 0.6573456 0.6573456
0.8924171 0.8924171 0.8992173 0.8828818 0.8770031 0.8770031 0.8729275 0.8669739 0.8669739 0.8623018 0.8623018 0.8583260 0.8565277 0.8548316 0.8531439 0.8531439 0.8214003 0.8062084 0.7922784 0.7796575 0.7687811 0.7597673 0.7525555 0.7470704 0.7433210 0.7411267 0.7403401 0.7406770 0.7412478 0.7387546 0.7387546 0.6845221 0.6329721 0.5565197 0.5305424 0.5305424 0.5026233 0.5026233 0.5084838 0.5084838 0.5219396 0.5571383 0.5571383 0.5919933 0.5919933 0.6567620 0.6567620 0.6567620 0.6844631 0.6844631 0.6908345 0.6908345 0.6835638 0.6835638 0.6703699 0.6703699 0.6558300 0.6558300 0.6558300
0.8919999 0.8919999 0.8981474 0.8828118 0.8772165 0.8772165 0.8730587 0.8669742 0.8669742 0.8622922 0.8622922 0.8583258 0.8565302 0.8548350 0.8531218 0.8531218 0.8229634 0.8048286 0.7874002 0.7713498 0.7571727 0.7451071 0.7351968 0.7273968 0.7216716 0.7178736 0.7158272 0.7152621 0.7154982 0.7141918 0.7141918 0.6809802 0.6400864 0.5702334 0.5463021 0.5463021 0.5281795 0.5281795 0.5472229 0.5472229 0.5631151 0.5896385 0.5896385 0.6056474 0.6056474 0.6427780 0.6427780 0.6427780 0.6675815 0.6675815 0.6781995 0.6781995 0.6756476 0.6756476 0.6656828 0.6656828 0.6531997 0.6531997 0.6531997
0.8925096 0.8925096 0.8963922 0.8828130 0.8773820 0.8773820 0.8731629 0.8669724 0.8669724 0.8622805 0.8622805 0.8583221 0.8565291 0.8548350 0.8530849 0.8530849 0.8224887 0.8016879 0.7811282 0.7619281 0.7446924 0.7297400 0.7171946 0.7070608 0.6993053 0.6938136 0.6904188 0.6888727 0.6886466 0.6880898 0.6880898 0.6682318 0.6379054 0.5809757 0.5644383 0.5644383 0.5671126 0.5671126 0.5972057 0.5972057 0.6098334 0.6199873 0.6199873 0.6184875 0.6184875 0.6315095 0.6315095 0.6315095 0.6501704 0.6501704 0.6627676 0.6627676 0.6648405 0.6648405 0.6589372 0.6589372 0.6493895 0.6493895 0.6493895
0.8926181 0.8926181 0.8954699 0.8828322 0.8774865 0.8774865 0.8732302 0.8669722 0.8669722 0.8622738 0.8622738 0.8583210 0.8565295 0.8548361 0.8530322 0.8530322 0.8196948 0.7962209 0.7727802 0.7507294 0.7307422 0.7131738 0.6981889 0.6858318 0.6760851 0.6688682 0.6640427 0.6613988 0.6605337 0.6603343 0.6603343 0.6491289 0.6287208 0.5924717 0.5907656 0.5907656 0.6211318 0.6211318 0.6497347 0.6497347 0.6531591 0.6447333 0.6447333 0.6297821 0.6297821 0.6239154 0.6239154 0.6239154 0.6345851 0.6345851 0.6463396 0.6463396 0.6518447 0.6518447 0.6502355 0.6502355 0.6443408 0.6443408 0.6443408
0.8926541 0.8926541 0.8951624 0.8828393 0.8775215 0.8775215 0.8732531 0.8669720 0.8669720 0.8622715 0.8622715 0.8583206 0.8565297 0.8548365 0.8529565 0.8529565 0.8142055 0.7878261 0.7616347 0.7370141 0.7146223 0.6947925 0.6776846 0.6633500 0.6517823 0.6429246 0.6366724 0.6328626 0.6312137 0.6310925 0.6310925 0.6257883 0.6152788 0.6125992 0.6338188 0.6338188 0.6842388 0.6842388 0.6944503 0.6944503 0.6869828 0.6636658 0.6636658 0.6397293 0.6397293 0.6198730 0.6198730 0.6198730 0.6221500 0.6221500 0.6306181 0.6306181 0.6376990 0.6376990 0.6399267 0.6399267 0.6380963 0.6380963 0.6380963
0.8926179 0.8926179 0.8954701 0.8828322 0.8774865 0.8774865 0.8732302 0.8669722 0.8669722 0.8622739 0.8622739 0.8583210 0.8565295 0.8548360 0.8528490 0.8528490 0.8054450 0.7757600 0.7468533 0.7199272 0.6955127 0.6738514 0.6550428 0.6391075 0.6260262 0.6157501 0.6081997 0.6032602 0.6007845 0.6007437 0.6007437 0.6004892 0.6023914 0.6529270 0.6977886 0.6977886 0.7423474 0.7423474 0.7263346 0.7263346 0.7107069 0.6781595 0.6781595 0.6486132 0.6486132 0.6186259 0.6186259 0.6186259 0.6131782 0.6131782 0.6168593 0.6168593 0.6235710 0.6235710 0.6286389 0.6286389 0.6308846 0.6308846 0.6308846
0.8925095 0.8925095 0.8963924 0.8828130 0.8773821 0.8773821 0.8731629 0.8669724 0.8669724 0.8622806 0.8622806 0.8583221 0.8565291 0.8548350 0.8526981 0.8526981 0.7924953 0.7589974 0.7273749 0.6984317 0.6724395 0.6494632 0.6294843 0.6124493 0.5982977 0.5869666 0.5783874 0.5724889 0.5693383 0.5701263 0.5701263 0.5773277 0.6003262 0.7201074 0.7720615 0.7720615 0.7831499 0.7831499 0.7469342 0.7469342 0.7270328 0.6896372 0.6896372 0.6565556 0.6565556 0.6192676 0.6192676 0.6192676 0.6073190 0.6073190 0.6057395 0.6057395 0.6105529 0.6105529 0.6172127 0.6172127 0.6231473 0.6231473 0.6231473
0.8919998 0.8919998 0.8981475 0.8828118 0.8772165 0.8772165 0.8730587 0.8669741 0.8669741 0.8622924 0.8622924 0.8583260 0.8565302 0.8548352 0.8524891 0.8524891 0.7738516 0.7360178 0.7017518 0.6711934 0.6441967 0.6205532 0.6000645 0.5825632 0.5679199 0.5560372 0.5468412 0.5403139 0.5370655 0.5418183 0.5418183 0.5665252 0.6277795 0.8013524 0.8327829 0.8327829 0.8058516 0.8058516 0.7602797 0.7602797 0.7386748 0.6988524 0.6988524 0.6634344 0.6634344 0.6209399 0.6209399 0.6209399 0.6038870 0.6038870 0.5973940 0.5973940 0.5994727 0.5994727 0.6065673 0.6065673 0.6155074 0.6155074 0.6155074
