simulation_files/asc/Depth____73.0.asc
NCOLS       411
NROWS       131
XLLCENTER    2538020.000000
YLLCENTER    1152390.000000
CELLSIZE           1.000
NODATA_VALUE     -9999.0
[rows 26 to 51 of 131, columns 300 to 359 of 411]
0.5408164 0.5448924 0.5500991 0.5562998 0.5562216 0.5666535 0.5780046 0.5844078 0.5999922 0.6173744 0.6343989 0.6479317 0.6674381 0.6862260 0.7022918 0.7154947 0.7380635 0.7587199 0.7749874 0.7904960 0.7973970 0.7922675 0.7736038 0.7362828 0.6969984 0.6654214 0.6470431 0.6411568 0.6400183 0.6405444 0.6422611 0.6454387 0.6492346 0.6541303 0.6592516 0.6638778 0.6686616 0.6740393 0.6794009 0.6809063 0.6864299 0.6924617 0.6937629 0.6958329 0.6984123 0.7002266 0.6968874 0.6975848 0.6983580 0.6966634 0.6952400 0.6970300 0.6991282 0.6970431 0.7019943 0.7093461 0.7184306 0.7258290 0.7402947 0.7575537
0.4762957 0.4816890 0.4875762 0.4896693 0.4948823 0.5038416 0.5146545 0.5212423 0.5341238 0.5510804 0.5633803 0.5802761 0.5978926 0.6150498 0.6241948 0.6413172 0.6631428 0.6832979 0.7057244 0.7315333 0.7563003 0.7723111 0.7849041 0.7804073 0.7593912 0.7242471 0.6787879 0.6456362 0.6288718 0.6236383 0.6220488 0.6216150 0.6205859 0.6234379 0.6251499 0.6232469 0.6263775 0.6295922 0.6303407 0.6290295 0.6347044 0.6426222 0.6470703 0.6485479 0.6519487 0.6500910 0.6471778 0.6469381 0.6460467 0.6406629 0.6370825 0.6381989 0.6356502 0.6377266 0.6445088 0.6535464 0.6589498 0.6692713 0.6829109 0.7007627
0.4245786 0.4341986 0.4419187 0.4456107 0.4522310 0.4589773 0.4658677 0.4719008 0.4832069 0.4949858 0.5036128 0.5188945 0.5343694 0.5476861 0.5607002 0.5788518 0.5992417 0.6181742 0.6387925 0.6650509 0.6906910 0.7214928 0.7569794 0.7878173 0.8050117 0.7997810 0.7588011 0.7022863 0.6443737 0.6079741 0.5914024 0.5803317 0.5754392 0.5743422 0.5745478 0.5690651 0.5695168 0.5709638 0.5651521 0.5667749 0.5704997 0.5769127 0.5762771 0.5834363 0.5891645 0.5902494 0.5889099 0.5902172 0.5893480 0.5823400 0.5810596 0.5809069 0.5805275 0.5792935 0.5851204 0.5919354 0.5974936 0.6098359 0.6222838 0.6312858
0.3690649 0.3815837 0.3936546 0.3987256 0.4070681 0.4149249 0.4180634 0.4263445 0.4358323 0.4458836 0.4508500 0.4633253 0.4780849 0.4879887 0.5059279 0.5255988 0.5471489 0.5640118 0.5866909 0.6090917 0.6297114 0.6499209 0.6806098 0.7163053 0.7508326 0.7875284 0.8011848 0.7682533 0.7020804 0.6277118 0.5755222 0.5468698 0.5326386 0.5248644 0.5189494 0.5128301 0.5122971 0.5129046 0.5082856 0.5085541 0.5094260 0.5079422 0.5064131 0.5117637 0.5205563 0.5248330 0.5319400 0.5407570 0.5429074 0.5444682 0.5442258 0.5427386 0.5381011 0.5382306 0.5416942 0.5471908 0.5498976 0.5589215 0.5702113 0.5795321
0.3091295 0.3200971 0.3310357 0.3421211 0.3563807 0.3664034 0.3689810 0.3763939 0.3842233 0.3902727 0.3956800 0.4068962 0.4208645 0.4325403 0.4500113 0.4712891 0.4907997 0.5103557 0.5337301 0.5548091 0.5683069 0.5750483 0.5821669 0.5816572 0.5820208 0.6056484 0.6453399 0.6693954 0.6780755 0.6514996 0.5973535 0.5467990 0.5134594 0.4936251 0.4802701 0.4736837 0.4688514 0.4652052 0.4586556 0.4582975 0.4581012 0.4502335 0.4481478 0.4482792 0.4513768 0.4487743 0.4595270 0.4712113 0.4825991 0.4814469 0.4899962 0.4968191 0.4933750 0.4973860 0.5026241 0.5082462 0.5111141 0.5214093 0.5269649 0.5331028
0.2572474 0.2624895 0.2697521 0.2862000 0.3047752 0.3183627 0.3233940 0.3290825 0.3357712 0.3388449 0.3468193 0.3572287 0.3707209 0.3834343 0.4040819 0.4256106 0.4394063 0.4559934 0.4713923 0.4831169 0.4627009 0.4516664 0.4352606 0.4191750 0.3936037 0.3970169 0.4262590 0.4774182 0.5561382 0.5989341 0.5833869 0.5371112 0.4991905 0.4758849 0.4636598 0.4553977 0.4456294 0.4349150 0.4272106 0.4267778 0.4273141 0.4235112 0.4182988 0.4140496 0.4085102 0.4025684 0.3987676 0.3953944 0.3889503 0.3895093 0.4058523 0.4252457 0.4370885 0.4486528 0.4590086 0.4674363 0.4741655 0.4805003 0.4886261 0.5004781
0.2203440 0.2225544 0.2319630 0.2513799 0.2705505 0.2833593 0.2895124 0.2954481 0.3012259 0.3058846 0.3124132 0.3224773 0.3342900 0.3492215 0.3660997 0.3773827 0.3711733 0.3526430 0.3372395 0.3140967 0.3020205 0.3002512 0.3003850 0.2970218 0.2987568 0.3056911 0.3267410 0.3752360 0.4544763 0.5162959 0.5185468 0.4863787 0.4574617 0.4463276 0.4399593 0.4345386 0.4234511 0.4099094 0.4044029 0.4084132 0.4149019 0.4107326 0.4060277 0.3977584 0.3809525 0.3661799 0.3526611 0.3403111 0.3280128 0.3272128 0.3452277 0.3731222 0.3916067 0.4051935 0.4141247 0.4208135 0.4313608 0.4413570 0.4516047 0.4601990
0.1995183 0.2050409 0.2190420 0.2397867 0.2575990 0.2678568 0.2727206 0.2768291 0.2815733 0.2852389 0.2921046 0.3003342 0.3084684 0.3183310 0.3169562 0.2965997 0.2547530 0.2277425 0.2102524 0.2006613 0.2076922 0.2233825 0.2411613 0.2566310 0.2731125 0.2878847 0.3071475 0.3402797 0.3911982 0.4287074 0.4307780 0.4176350 0.4055259 0.4000369 0.3953617 0.3888913 0.3798341 0.3698219 0.3657347 0.3704676 0.3699256 0.3639611 0.3559853 0.3451246 0.3265961 0.3144589 0.3079954 0.3017764 0.2977349 0.3069164 0.3285002 0.3538309 0.3697675 0.3788740 0.3856864 0.3897217 0.3976309 0.4053361 0.4133381 0.4175995
0.1962036 0.2066765 0.2247818 0.2444604 0.2595371 0.2661100 0.2678115 0.2699924 0.2735659 0.2779698 0.2818092 0.2853479 0.2852211 0.2726611 0.2448267 0.2061601 0.1798025 0.1673553 0.1648486 0.1672690 0.1750194 0.1897328 0.2064556 0.2243532 0.2475462 0.2698737 0.2904675 0.3171466 0.3465632 0.3651681 0.3656427 0.3680392 0.3693473 0.3655678 0.3598642 0.3482393 0.3358886 0.3231676 0.3179531 0.3142162 0.2985573 0.2839177 0.2725510 0.2630402 0.2536962 0.2558000 0.2621037 0.2699543 0.2837355 0.3072342 0.3325964 0.3511752 0.3607136 0.3659235 0.3684356 0.3689190 0.3715170 0.3781131 0.3840075 0.3869475
0.2056427 0.2215686 0.2406078 0.2575740 0.2673432 0.2695274 0.2689225 0.2693843 0.2718746 0.2735364 0.2706070 0.2638922 0.2440547 0.2189590 0.1912454 0.1711273 0.1614742 0.1575676 0.1575640 0.1598521 0.1647920 0.1743462 0.1865042 0.2019219 0.2219672 0.2443917 0.2710828 0.3000329 0.3189341 0.3242712 0.3247498 0.3282141 0.3331335 0.3338496 0.3298157 0.3205209 0.3074125 0.2951820 0.2825459 0.2671560 0.2475059 0.2333411 0.2250036 0.2202376 0.2221042 0.2300776 0.2449439 0.2676073 0.2977783 0.3278219 0.3500143 0.3600774 0.3605360 0.3587172 0.3588719 0.3551588 0.3557319 0.3569158 0.3580857 0.3609141
0.2665639 0.2631591 0.2636257 0.2685894 0.2736926 0.2725733 0.2693207 0.2691693 0.2678711 0.2593689 0.2438952 0.2213271 0.2011870 0.1868476 0.1757378 0.1679292 0.1628578 0.1600377 0.1607684 0.1627237 0.1657081 0.1737179 0.1845082 0.1970115 0.2124842 0.2333012 0.2602114 0.2942681 0.3164194 0.3196538 0.3159458 0.3138458 0.3133516 0.3095172 0.3041534 0.2968403 0.2859551 0.2748620 0.2620190 0.2493764 0.2408992 0.2369142 0.2375299 0.2469681 0.2632798 0.2844647 0.3186315 0.3617311 0.3980930 0.4244520 0.4444939 0.4514487 0.4391498 0.4175533 0.3953296 0.3834856 0.3609608 0.3330776 0.3362285 0.3395297
0.4107813 0.3974488 0.3640217 0.3281976 0.3071132 0.2796161 0.2663087 0.2627548 0.2513823 0.2322673 0.2117607 0.1952585 0.1868566 0.1830978 0.1786245 0.1734132 0.1689084 0.1662247 0.1659180 0.1679625 0.1703568 0.1768336 0.1868232 0.1984026 0.2147258 0.2345452 0.2613625 0.2908516 0.3192747 0.3315111 0.3307950 0.3256771 0.3178167 0.3077107 0.2953199 0.2846725 0.2741197 0.2652706 0.2584284 0.2549325 0.2559987 0.2608865 0.2721483 0.2956993 0.3275169 0.3674853 0.4228722 0.4764652 0.5169226 0.5406695 0.5575460 0.5616814 0.5586035 0.5499153 0.5434883 0.5328998 0.5099771 0.4880151 0.4675397 0.4463098
0.5408802 0.5410405 0.5238145 0.4748554 0.4028728 0.3132706 0.2642956 0.2413410 0.2210772 0.2049221 0.1949465 0.1903232 0.1895159 0.1872789 0.1834620 0.1784635 0.1748834 0.1725172 0.1722882 0.1744068 0.1769783 0.1829028 0.1920188 0.2040464 0.2218935 0.2429903 0.2720906 0.3044412 0.3310357 0.3422995 0.3437509 0.3400770 0.3341182 0.3237039 0.3110422 0.2981816 0.2890323 0.2804850 0.2757612 0.2762973 0.2832377 0.2942111 0.3169359 0.3550549 0.3966979 0.4461037 0.5015424 0.5513852 0.5802219 0.5939516 0.5997399 0.6026910 0.6070010 0.6151998 0.6256318 0.6388164 0.6506036 0.6662861 0.6778681 0.6533329
0.5592300 0.5743582 0.5813421 0.5562415 0.4979361 0.3999697 0.3092613 0.2412645 0.2037152 0.1930179 0.1918295 0.1930841 0.1931158 0.1910569 0.1871194 0.1826189 0.1794931 0.1774398 0.1774252 0.1793620 0.1821626 0.1886855 0.1978703 0.2099354 0.2278591 0.2498628 0.2803661 0.3128757 0.3359208 0.3440817 0.3454710 0.3448028 0.3424578 0.3387941 0.3342344 0.3325411 0.3311060 0.3295745 0.3293501 0.3390751 0.3484778 0.3640011 0.3995745 0.4450171 0.4950108 0.5439045 0.5934004 0.6133585 0.6178344 0.6144569 0.6076789 0.6008516 0.5981996 0.6016902 0.6163298 0.6378893 0.6703697 0.6992005 0.7266055 0.7491513
0.5500843 0.5511482 0.5418119 0.5122032 0.4803808 0.4370010 0.3721312 0.3022681 0.2387948 0.2052799 0.1988923 0.1950422 0.1935299 0.1918640 0.1887954 0.1860380 0.1832021 0.1816703 0.1818027 0.1838474 0.1866048 0.1934996 0.2031147 0.2152962 0.2332357 0.2560609 0.2851293 0.3136152 0.3311994 0.3366052 0.3373858 0.3390984 0.3420520 0.3466099 0.3530120 0.3624874 0.3721996 0.3832763 0.3979342 0.4187816 0.4398345 0.4672247 0.5079658 0.5569891 0.5983351 0.6314159 0.6442821 0.6378849 0.6233922 0.6060393 0.5895349 0.5762983 0.5698494 0.5803631 0.5951155 0.6183162 0.6513602 0.6843032 0.7155249 0.7354231
0.5167261 0.4770214 0.4408617 0.4075823 0.4065920 0.4135735 0.4127167 0.3929743 0.3392041 0.2728934 0.2281011 0.1994656 0.1923066 0.1897944 0.1891215 0.1884064 0.1872025 0.1863359 0.1870011 0.1894669 0.1934926 0.2005477 0.2107214 0.2241807 0.2433477 0.2650179 0.2884120 0.3103131 0.3210265 0.3253390 0.3285117 0.3331177 0.3402672 0.3498152 0.3617217 0.3763637 0.3930422 0.4122857 0.4371345 0.4662075 0.5016520 0.5419964 0.5875809 0.6239260 0.6496796 0.6563575 0.6432092 0.6218219 0.5998927 0.5794507 0.5672935 0.5603390 0.5624929 0.5750700 0.5939853 0.6150086 0.6336121 0.6436353 0.6456014 0.6288973
0.4466829 0.4156784 0.3933492 0.3855369 0.3896657 0.4017493 0.4152566 0.4236228 0.4137777 0.3698917 0.3199209 0.2562733 0.2105599 0.1926677 0.1891090 0.1897176 0.1896304 0.1899468 0.1914193 0.1945070 0.2003122 0.2104580 0.2222287 0.2374944 0.2553879 0.2712325 0.2866147 0.3022622 0.3124991 0.3196246 0.3256050 0.3323501 0.3409154 0.3513735 0.3640260 0.3791478 0.3975218 0.4196736 0.4460385 0.4767544 0.5108242 0.5440842 0.5732341 0.5970909 0.6070709 0.5946765 0.5764440 0.5631998 0.5507099 0.5483806 0.5477725 0.5490212 0.5558157 0.5727682 0.5981927 0.6148557 0.6117733 0.5579961 0.4685551 0.4037420
0.4277508 0.4272313 0.4213269 0.4186063 0.4140916 0.4122700 0.4192894 0.4286676 0.4449864 0.4476060 0.4266718 0.3636655 0.2721940 0.2206886 0.1926949 0.1889806 0.1889350 0.1898599 0.1920718 0.1947986 0.2011066 0.2118286 0.2253963 0.2389065 0.2515812 0.2600433 0.2710798 0.2848309 0.3018660 0.3138100 0.3217984 0.3291163 0.3383707 0.3486308 0.3598004 0.3745068 0.3926118 0.4146442 0.4385411 0.4641857 0.4878234 0.5034281 0.5185226 0.5257147 0.5160475 0.4911178 0.4844281 0.4894014 0.5019479 0.5097433 0.5149059 0.5179261 0.5322730 0.5460891 0.5828310 0.5673450 0.4807403 0.3772006 0.2897382 0.2365238
0.4127764 0.4295442 0.4416983 0.4440283 0.4453361 0.4418606 0.4404802 0.4403584 0.4448599 0.4534979 0.4560098 0.4498443 0.4122057 0.3560194 0.2654096 0.1944116 0.1833228 0.1836242 0.1851761 0.1878314 0.1918270 0.2011265 0.2125928 0.2208428 0.2259000 0.2325910 0.2460712 0.2664947 0.2877306 0.3008085 0.3084830 0.3159575 0.3253013 0.3349514 0.3444131 0.3578396 0.3753989 0.3945848 0.4137203 0.4317740 0.4456791 0.4521446 0.4530716 0.4470020 0.4260138 0.4084704 0.4074213 0.4208751 0.4366795 0.4445505 0.4428326 0.4394279 0.4447867 0.4684662 0.4455445 0.3726985 0.3025894 0.2336797 0.2028423 0.1858917
0.3774911 0.3963139 0.4196374 0.4324321 0.4448182 0.4503514 0.4507774 0.4485017 0.4429954 0.4447103 0.4512820 0.4621419 0.4716116 0.4656686 0.4091158 0.2993768 0.2150304 0.1814967 0.1790445 0.1798411 0.1831255 0.1878786 0.1910191 0.1908603 0.1927290 0.2021022 0.2204879 0.2447506 0.2684144 0.2817272 0.2887280 0.2966218 0.3057041 0.3151255 0.3236449 0.3375176 0.3549727 0.3713187 0.3871169 0.3966187 0.4010214 0.3959490 0.3900538 0.3734990 0.3492101 0.3394607 0.3427510 0.3563167 0.3624069 0.3587337 0.3455548 0.3376161 0.3286712 0.3291367 0.2574466 0.1723915 0.1428082 0.1491113 0.1589921 0.1654099
0.3774121 0.3544804 0.3573528 0.3846102 0.4075682 0.4237417 0.4437128 0.4518456 0.4512692 0.4495793 0.4576767 0.4626410 0.4770620 0.4899367 0.5082369 0.4718344 0.3490308 0.2227070 0.1797354 0.1682347 0.1674828 0.1680178 0.1658695 0.1640482 0.1705319 0.1851663 0.2047768 0.2262090 0.2477984 0.2610959 0.2688737 0.2767599 0.2858013 0.2956415 0.3079183 0.3238520 0.3407098 0.3541629 0.3614176 0.3635889 0.3593574 0.3525849 0.3392689 0.3200549 0.3031775 0.2998642 0.3060216 0.3113702 0.3017073 0.2805876 0.2626349 0.2421207 0.2219601 0.1878105 0.9845480E-01 0.7756335E-01 0.8703931E-01 0.9639435E-01 0.1108127 0.1271436
0.4226573 0.3820837 0.3369472 0.3364899 0.3609232 0.3932530 0.4214570 0.4454117 0.4600901 0.4693351 0.4749779 0.4823158 0.4875783 0.4957400 0.5080654 0.5243678 0.5076360 0.3787381 0.2288004 0.1634125 0.1496487 0.1477746 0.1473319 0.1505388 0.1601389 0.1715800 0.1800811 0.1974183 0.2228208 0.2396739 0.2440790 0.2538419 0.2655068 0.2796624 0.2978383 0.3157839 0.3303786 0.3371257 0.3389856 0.3366376 0.3314627 0.3249496 0.3077953 0.2855901 0.2738509 0.2770035 0.2815400 0.2744916 0.2489584 0.2231491 0.2019028 0.1793658 0.1471384 0.1015324 0.5844271E-01 0.4977199E-01 0.5376117E-01 0.5787391E-01 0.7181756E-01 0.9138146E-01
0.4689049 0.4421031 0.3988199 0.3369165 0.3250296 0.3343128 0.3722152 0.4020076 0.4390517 0.4603615 0.4726342 0.4906609 0.5008703 0.5131942 0.5167448 0.5307583 0.5667232 0.5249201 0.3911530 0.2653396 0.1796066 0.1527068 0.1524101 0.1561281 0.1599818 0.1622222 0.1660384 0.1853253 0.2122178 0.2271274 0.2326911 0.2440350 0.2600012 0.2783235 0.2969990 0.3122330 0.3201894 0.3219323 0.3205748 0.3183379 0.3152764 0.3067556 0.2815699 0.2539783 0.2485164 0.2534622 0.2530039 0.2334233 0.2051507 0.1852096 0.1678770 0.1360771 0.9747774E-01 0.6004155E-01 0.3806663E-01 0.3130514E-01 0.3184604E-01 0.3517994E-01 0.4287310E-01 0.5529490E-01
0.4466190 0.4564781 0.4506136 0.4126575 0.3451291 0.2977771 0.3087227 0.3388740 0.3779629 0.4178620 0.4489651 0.4742151 0.5035198 0.5274643 0.5470808 0.5567557 0.5750400 0.6031103 0.5921148 0.4757598 0.3170195 0.2058776 0.1839647 0.1785461 0.1766479 0.1741678 0.1845938 0.2081145 0.2246548 0.2211496 0.2212982 0.2370727 0.2567423 0.2742672 0.2904096 0.3004828 0.3011415 0.3000398 0.2988297 0.2963820 0.2902191 0.2763293 0.2487233 0.2280508 0.2279643 0.2318063 0.2246842 0.2036192 0.1802299 0.1606709 0.1319473 0.9803572E-01 0.6982054E-01 0.4369334E-01 0.2903367E-01 0.2215304E-01 0.1773784E-01 0.2041164E-01 0.2339458E-01 0.3024233E-01
0.3307273 0.3817277 0.4040700 0.4399085 0.4006694 0.3413923 0.2829286 0.2852852 0.3073220 0.3523117 0.3947239 0.4367003 0.4719145 0.5114008 0.5526271 0.5797383 0.6024653 0.6384528 0.6623847 0.6395926 0.5471918 0.4070792 0.2747708 0.2076447 0.1936820 0.1938190 0.2000479 0.2060161 0.1979014 0.1870169 0.1947935 0.2162215 0.2348832 0.2507093 0.2622245 0.2696644 0.2653320 0.2628554 0.2635190 0.2547670 0.2441007 0.2295090 0.2085645 0.2082301 0.2195457 0.2199140 0.2114516 0.1905225 0.1725540 0.1517387 0.1245250 0.9709019E-01 0.6803235E-01 0.4120406E-01 0.2512572E-01 -9999.000 -9999.000 -9999.000 0.1640456E-01 0.2310516E-01
0.1495743 0.2427326 0.3005631 0.3610476 0.3959179 0.3903639 0.3370394 0.2855304 0.2702741 0.2940080 0.3249166 0.3657141 0.4107130 0.4721019 0.5200359 0.5635455 0.6114064 0.6477210 0.6977688 0.7201972 0.7278050 0.6508273 0.4933662 0.3306327 0.2289306 0.1900388 0.1729535 0.1650124 0.1528594 0.1497252 0.1670947 0.1915955 0.2079381 0.2199992 0.2271629 0.2333617 0.2307824 0.2267260 0.2252336 0.2185252 0.2059764 0.1992229 0.1977267 0.2123115 0.2250133 0.2271208 0.2201771 0.2023236 0.1827334 0.1551955 0.1162581 0.8570961E-01 0.4917695E-01 0.3436650E-01 -9999.000 -9999.000 -9999.000 -9999.000 -9999.000 -9999.000
