simulation_files/asc/Depth____000343.asc
NCOLS        79
NROWS        79
XLLCENTER         -1.500000
YLLCENTER         -4.800000
CELLSIZE           0.100
NODATA_VALUE     -9999.0
[rows 0 to 25 of 79, columns 0 to 58 of 79]
-9999.000 -9999.000 -9999.000 -9999.000 -9999.000 -9999.000 -9999.000 -9999.000 -9999.000 -9999.000 -9999.000 -9999.000 -9999.000 -9999.000 -9999.000 0.6629906 0.6633211 0.6632922 0.6631666 0.6629837 0.6627608 0.6625145 0.6622632 0.6620116 0.6617691 0.6615410 0.6613212 0.6610748 0.6606938 0.6606443 0.6606443 -9999.000 -9999.000 -9999.000 -9999.000 -9999.000 -9999.000 -9999.000 -9999.000 -9999.000 -9999.000 -9999.000 -9999.000 -9999.000 -9999.000 -9999.000 -9999.000 -9999.000 -9999.000 -9999.000 -9999.000 -9999.000 -9999.000 -9999.000 -9999.000 -9999.000 -9999.000 -9999.000 -9999.000
-9999.000 -9999.000 -9999.000 -9999.000 -9999.000 -9999.000 -9999.000 -9999.000 -9999.000 -9999.000 -9999.000 -9999.000 -9999.000 -9999.000 -9999.000 0.6647429 0.6650671 0.6650419 0.6649397 0.6647937 0.6646181 0.6644259 0.6642320 0.6640399 0.6638566 0.6636866 0.6635240 0.6633378 0.6630309 0.6630611 0.6630611 -9999.000 -9999.000 -9999.000 -9999.000 -9999.000 -9999.000 -9999.000 -9999.000 -9999.000 -9999.000 -9999.000 -9999.000 -9999.000 -9999.000 -9999.000 -9999.000 -9999.000 -9999.000 -9999.000 -9999.000 -9999.000 -9999.000 -9999.000 -9999.000 -9999.000 -9999.000 -9999.000 -9999.000
-9999.000 -9999.000 -9999.000 -9999.000 -9999.000 -9999.000 -9999.000 -9999.000 -9999.000 -9999.000 -9999.000 -9999.000 -9999.000 -9999.000 -9999.000 0.6666638 0.6670160 0.6669963 0.6668996 0.6667602 0.6665921 0.6664090 0.6662254 0.6660442 0.6658721 0.6657125 0.6655581 0.6653751 0.6650603 0.6650860 0.6650860 -9999.000 -9999.000 -9999.000 -9999.000 -9999.000 -9999.000 -9999.000 -9999.000 -9999.000 -9999.000 -9999.000 -9999.000 -9999.000 -9999.000 -9999.000 -9999.000 -9999.000 -9999.000 -9999.000 -9999.000 -9999.000 -9999.000 -9999.000 -9999.000 -9999.000 -9999.000 -9999.000 -9999.000
-9999.000 -9999.000 -9999.000 -9999.000 -9999.000 -9999.000 -9999.000 -9999.000 -9999.000 -9999.000 -9999.000 -9999.000 -9999.000 -9999.000 -9999.000 0.6686335 0.6690018 0.6689832 0.6688871 0.6687481 0.6685806 0.6683982 0.6682162 0.6680365 0.6678662 0.6677082 0.6675541 0.6673678 0.6670386 0.6670423 0.6670423 -9999.000 -9999.000 -9999.000 -9999.000 -9999.000 -9999.000 -9999.000 -9999.000 -9999.000 -9999.000 -9999.000 -9999.000 -9999.000 -9999.000 -9999.000 -9999.000 -9999.000 -9999.000 -9999.000 -9999.000 -9999.000 -9999.000 -9999.000 -9999.000 -9999.000 -9999.000 -9999.000 -9999.000
-9999.000 -9999.000 -9999.000 -9999.000 -9999.000 -9999.000 -9999.000 -9999.000 -9999.000 -9999.000 -9999.000 -9999.000 -9999.000 -9999.000 -9999.000 0.6706243 0.6710029 0.6709833 0.6708852 0.6707436 0.6705729 0.6703873 0.6702024 0.6700199 0.6698470 0.6696863 0.6695287 0.6693349 0.6689858 0.6689529 0.6689529 -9999.000 -9999.000 -9999.000 -9999.000 -9999.000 -9999.000 -9999.000 -9999.000 -9999.000 -9999.000 -9999.000 -9999.000 -9999.000 -9999.000 -9999.000 -9999.000 -9999.000 -9999.000 -9999.000 -9999.000 -9999.000 -9999.000 -9999.000 -9999.000 -9999.000 -9999.000 -9999.000 -9999.000
-9999.000 -9999.000 -9999.000 -9999.000 -9999.000 -9999.000 -9999.000 -9999.000 -9999.000 -9999.000 -9999.000 -9999.000 -9999.000 -9999.000 -9999.000 0.6726227 0.6730088 0.6729867 0.6728852 0.6727394 0.6725638 0.6723729 0.6721832 0.6719955 0.6718176 0.6716521 0.6714886 0.6712847 0.6709107 0.6708263 0.6708263 -9999.000 -9999.000 -9999.000 -9999.000 -9999.000 -9999.000 -9999.000 -9999.000 -9999.000 -9999.000 -9999.000 -9999.000 -9999.000 -9999.000 -9999.000 -9999.000 -9999.000 -9999.000 -9999.000 -9999.000 -9999.000 -9999.000 -9999.000 -9999.000 -9999.000 -9999.000 -9999.000 -9999.000
-9999.000 -9999.000 -9999.000 -9999.000 -9999.000 -9999.000 -9999.000 -9999.000 -9999.000 -9999.000 -9999.000 -9999.000 -9999.000 -9999.000 -9999.000 0.6746219 0.6750140 0.6749884 0.6748828 0.6747320 0.6745503 0.6743531 0.6741573 0.6739632 0.6737792 0.6736076 0.6734368 0.6732205 0.6728160 0.6726626 0.6726626 -9999.000 -9999.000 -9999.000 -9999.000 -9999.000 -9999.000 -9999.000 -9999.000 -9999.000 -9999.000 -9999.000 -9999.000 -9999.000 -9999.000 -9999.000 -9999.000 -9999.000 -9999.000 -9999.000 -9999.000 -9999.000 -9999.000 -9999.000 -9999.000 -9999.000 -9999.000 -9999.000 -9999.000
-9999.000 -9999.000 -9999.000 -9999.000 -9999.000 -9999.000 -9999.000 -9999.000 -9999.000 -9999.000 -9999.000 -9999.000 -9999.000 -9999.000 -9999.000 0.6766180 0.6770155 0.6769856 0.6768752 0.6767188 0.6765304 0.6763262 0.6761238 0.6759225 0.6757314 0.6755530 0.6753737 0.6751423 0.6747014 0.6744566 0.6744566 -9999.000 -9999.000 -9999.000 -9999.000 -9999.000 -9999.000 -9999.000 -9999.000 -9999.000 -9999.000 -9999.000 -9999.000 -9999.000 -9999.000 -9999.000 -9999.000 -9999.000 -9999.000 -9999.000 -9999.000 -9999.000 -9999.000 -9999.000 -9999.000 -9999.000 -9999.000 -9999.000 -9999.000
-9999.000 -9999.000 -9999.000 -9999.000 -9999.000 -9999.000 -9999.000 -9999.000 -9999.000 -9999.000 -9999.000 -9999.000 -9999.000 -9999.000 -9999.000 0.6786086 0.6790110 0.6789759 0.6788602 0.6786978 0.6785024 0.6782906 0.6780812 0.6778719 0.6776733 0.6774871 0.6772982 0.6770494 0.6765646 0.6761982 0.6761982 -9999.000 -9999.000 -9999.000 -9999.000 -9999.000 -9999.000 -9999.000 -9999.000 -9999.000 -9999.000 -9999.000 -9999.000 -9999.000 -9999.000 -9999.000 -9999.000 -9999.000 -9999.000 -9999.000 -9999.000 -9999.000 -9999.000 -9999.000 -9999.000 -9999.000 -9999.000 -9999.000 -9999.000
-9999.000 -9999.000 -9999.000 -9999.000 -9999.000 -9999.000 -9999.000 -9999.000 -9999.000 -9999.000 -9999.000 -9999.000 -9999.000 -9999.000 -9999.000 0.6805913 0.6809987 0.6809575 0.6808361 0.6806673 0.6804643 0.6802445 0.6800277 0.6798099 0.6796031 0.6794085 0.6792085 0.6789391 0.6784015 0.6778717 0.6778717 -9999.000 -9999.000 -9999.000 -9999.000 -9999.000 -9999.000 -9999.000 -9999.000 -9999.000 -9999.000 -9999.000 -9999.000 -9999.000 -9999.000 -9999.000 -9999.000 -9999.000 -9999.000 -9999.000 -9999.000 -9999.000 -9999.000 -9999.000 -9999.000 -9999.000 -9999.000 -9999.000 -9999.000
-9999.000 -9999.000 -9999.000 -9999.000 -9999.000 -9999.000 -9999.000 -9999.000 -9999.000 -9999.000 -9999.000 -9999.000 -9999.000 -9999.000 -9999.000 0.6825635 0.6829764 0.6829283 0.6828006 0.6826249 0.6824136 0.6821854 0.6819608 0.6817338 0.6815181 0.6813143 0.6811017 0.6808077 0.6802059 0.6794532 0.6794532 -9999.000 -9999.000 -9999.000 -9999.000 -9999.000 -9999.000 -9999.000 -9999.000 -9999.000 -9999.000 -9999.000 -9999.000 -9999.000 -9999.000 -9999.000 -9999.000 -9999.000 -9999.000 -9999.000 -9999.000 -9999.000 -9999.000 -9999.000 -9999.000 -9999.000 -9999.000 -9999.000 -9999.000
-9999.000 -9999.000 -9999.000 -9999.000 -9999.000 -9999.000 -9999.000 -9999.000 -9999.000 -9999.000 -9999.000 -9999.000 -9999.000 -9999.000 -9999.000 0.6845221 0.6849414 0.6848854 0.6847508 0.6845676 0.6843475 0.6841100 0.6838772 0.6836401 0.6834149 0.6832007 0.6829733 0.6826494 0.6819688 0.6809062 0.6809062 -9999.000 -9999.000 -9999.000 -9999.000 -9999.000 -9999.000 -9999.000 -9999.000 -9999.000 -9999.000 -9999.000 -9999.000 -9999.000 -9999.000 -9999.000 -9999.000 -9999.000 -9999.000 -9999.000 -9999.000 -9999.000 -9999.000 -9999.000 -9999.000 -9999.000 -9999.000 -9999.000 -9999.000
-9999.000 -9999.000 -9999.000 -9999.000 -9999.000 -9999.000 -9999.000 -9999.000 -9999.000 -9999.000 -9999.000 -9999.000 -9999.000 -9999.000 -9999.000 0.6864622 0.6868899 0.6868250 0.6866828 0.6864915 0.6862617 0.6860142 0.6857724 0.6855240 0.6852879 0.6850618 0.6848167 0.6844558 0.6836767 0.6821724 0.6821724 -9999.000 -9999.000 -9999.000 -9999.000 -9999.000 -9999.000 -9999.000 -9999.000 -9999.000 -9999.000 -9999.000 -9999.000 -9999.000 -9999.000 -9999.000 -9999.000 -9999.000 -9999.000 -9999.000 -9999.000 -9999.000 -9999.000 -9999.000 -9999.000 -9999.000 -9999.000 -9999.000 -9999.000
-9999.000 -9999.000 -9999.000 -9999.000 -9999.000 -9999.000 -9999.000 -9999.000 -9999.000 -9999.000 -9999.000 -9999.000 -9999.000 -9999.000 -9999.000 0.6883622 0.6888082 0.6887373 0.6885898 0.6883917 0.6881524 0.6878943 0.6876425 0.6873805 0.6871312 0.6868902 0.6866225 0.6862141 0.6853096 0.6831601 0.6831601 -9999.000 -9999.000 -9999.000 -9999.000 -9999.000 -9999.000 -9999.000 -9999.000 -9999.000 -9999.000 -9999.000 -9999.000 -9999.000 -9999.000 -9999.000 -9999.000 -9999.000 -9999.000 -9999.000 -9999.000 -9999.000 -9999.000 -9999.000 -9999.000 -9999.000 -9999.000 -9999.000 -9999.000
-9999.000 -9999.000 -9999.000 -9999.000 -9999.000 -9999.000 -9999.000 -9999.000 -9999.000 -9999.000 -9999.000 -9999.000 -9999.000 -9999.000 -9999.000 0.6868255 0.6898533 0.6908278 0.6909789 0.6908752 0.6906549 0.6903609 0.6900410 0.6896879 0.6893414 0.6890037 0.6886339 0.6880829 0.6868792 0.6830561 0.6830561 -9999.000 -9999.000 -9999.000 -9999.000 -9999.000 -9999.000 -9999.000 -9999.000 -9999.000 -9999.000 -9999.000 -9999.000 -9999.000 -9999.000 -9999.000 -9999.000 -9999.000 -9999.000 -9999.000 -9999.000 -9999.000 -9999.000 -9999.000 -9999.000 -9999.000 -9999.000 -9999.000 -9999.000
0.7540020 0.7540020 0.7556094 0.7376332 0.7327573 0.7327573 0.7292987 0.7242035 0.7242035 0.7202587 0.7202587 0.7169421 0.7154433 0.7140261 0.7126555 0.7126555 0.6935379 0.6923648 0.6923555 0.6930322 0.6941609 0.6958052 0.6980299 0.7002966 0.7026656 0.7048775 0.7063156 0.7053970 0.6979122 0.6676251 0.6676251 0.4636576 0.4297141 0.4109231 0.4047647 0.4047647 0.3958184 0.3958184 0.4015363 0.4015363 0.4141706 0.4659913 0.4659913 0.5676038 0.5676038 0.6023628 0.6023628 0.6023628 0.5996903 0.5996903 0.5890102 0.5890102 0.5756452 0.5756452 0.5620837 0.5620837 0.5498743 0.5498743 0.5498743
0.7512406 0.7512406 0.7545741 0.7367813 0.7318375 0.7318375 0.7283004 0.7231740 0.7231740 0.7192515 0.7192515 0.7159569 0.7144668 0.7130575 0.7116941 0.7116941 0.6950164 0.6907182 0.6869730 0.6837604 0.6811463 0.6793197 0.6784400 0.6783795 0.6791644 0.6806772 0.6826047 0.6843258 0.6835214 0.6699399 0.6699399 0.5309808 0.4788457 0.4286616 0.4150055 0.4150055 0.4004739 0.4004739 0.4050683 0.4050683 0.4167853 0.4615676 0.4615676 0.5449977 0.5449977 0.6009408 0.6009408 0.6009408 0.5997937 0.5997937 0.5893674 0.5893674 0.5760263 0.5760263 0.5625530 0.5625530 0.5503789 0.5503789 0.5503789
0.7499099 0.7499099 0.7540269 0.7369191 0.7319530 0.7319530 0.7283269 0.7231238 0.7231238 0.7192013 0.7192013 0.7159114 0.7144210 0.7130098 0.7116407 0.7116407 0.6960061 0.6888868 0.6820505 0.6758419 0.6704664 0.6661057 0.6629031 0.6608153 0.6598480 0.6599414 0.6608855 0.6621813 0.6621428 0.6538671 0.6538671 0.5639820 0.5100753 0.4463802 0.4277648 0.4277648 0.4101662 0.4101662 0.4182859 0.4182859 0.4315076 0.4711542 0.4711542 0.5331602 0.5331602 0.5949005 0.5949005 0.5949005 0.5976475 0.5976475 0.5885988 0.5885988 0.5757154 0.5757154 0.5624519 0.5624519 0.5504141 0.5504141 0.5504141
0.7490413 0.7490413 0.7532007 0.7370495 0.7321041 0.7321041 0.7283943 0.7231023 0.7231023 0.7191839 0.7191839 0.7159082 0.7144214 0.7130119 0.7116365 0.7116365 0.6962762 0.6865830 0.6768430 0.6678002 0.6598302 0.6531498 0.6478896 0.6440344 0.6415517 0.6403689 0.6403134 0.6409928 0.6411475 0.6357181 0.6357181 0.5780454 0.5298948 0.4638326 0.4437322 0.4437322 0.4285941 0.4285941 0.4432322 0.4432322 0.4572431 0.4880222 0.4880222 0.5271255 0.5271255 0.5832602 0.5832602 0.5832602 0.5911638 0.5911638 0.5851935 0.5851935 0.5737817 0.5737817 0.5612853 0.5612853 0.5498003 0.5498003 0.5498003
0.7486159 0.7486159 0.7521298 0.7371749 0.7322561 0.7322561 0.7284698 0.7230840 0.7230840 0.7191672 0.7191672 0.7159056 0.7144217 0.7130134 0.7116274 0.7116274 0.6955124 0.6833960 0.6709181 0.6591588 0.6486523 0.6396756 0.6323764 0.6267713 0.6228203 0.6204370 0.6194571 0.6195484 0.6197569 0.6164244 0.6164244 0.5793945 0.5397289 0.4794294 0.4624242 0.4624242 0.4578452 0.4578452 0.4787729 0.4787729 0.4903940 0.5075278 0.5075278 0.5255769 0.5255769 0.5683438 0.5683438 0.5683438 0.5805134 0.5805134 0.5788522 0.5788522 0.5700893 0.5700893 0.5591454 0.5591454 0.5487476 0.5487476 0.5487476
0.7486187 0.7486187 0.7508786 0.7373022 0.7323878 0.7323878 0.7285320 0.7230601 0.7230601 0.7191458 0.7191458 0.7159007 0.7144216 0.7130159 0.7116160 0.7116160 0.6934597 0.6789313 0.6638556 0.6495335 0.6366067 0.6254034 0.6160939 0.6087257 0.6032731 0.5996557 0.5977241 0.5971954 0.5973424 0.5955619 0.5955619 0.5722415 0.5417863 0.4948126 0.4866018 0.4866018 0.4989065 0.4989065 0.5194536 0.5194536 0.5246433 0.5259909 0.5259909 0.5273221 0.5273221 0.5534530 0.5534530 0.5534530 0.5671636 0.5671636 0.5697788 0.5697788 0.5645356 0.5645356 0.5559704 0.5559704 0.5472814 0.5472814 0.5472814
0.7492970 0.7492970 0.7492474 0.7374138 0.7324920 0.7324920 0.7285892 0.7230574 0.7230574 0.7191401 0.7191401 0.7159014 0.7144237 0.7130183 0.7115963 0.7115963 0.6898260 0.6727549 0.6551686 0.6384493 0.6232758 0.6099949 0.5987850 0.5897119 0.5827678 0.5778891 0.5749509 0.5737219 0.5736595 0.5729825 0.5729825 0.5591546 0.5383810 0.5149877 0.5217047 0.5217047 0.5485255 0.5485255 0.5576141 0.5576141 0.5543286 0.5417662 0.5417662 0.5312602 0.5312602 0.5410316 0.5410316 0.5410316 0.5530620 0.5530620 0.5586693 0.5586693 0.5571898 0.5571898 0.5516923 0.5516923 0.5453638 0.5453638 0.5453638
0.7494186 0.7494186 0.7487845 0.7374588 0.7325292 0.7325292 0.7286082 0.7230543 0.7230543 0.7191364 0.7191364 0.7159009 0.7144241 0.7130190 0.7115658 0.7115658 0.6842408 0.6643754 0.6443050 0.6253513 0.6081480 0.5930121 0.5801010 0.5694768 0.5611394 0.5550409 0.5510840 0.5490900 0.5486817 0.5487952 0.5487952 0.5421463 0.5327738 0.5480146 0.5716444 0.5716444 0.5976531 0.5976531 0.5878071 0.5878071 0.5772453 0.5548961 0.5548961 0.5365348 0.5365348 0.5321347 0.5321347 0.5321347 0.5399612 0.5399612 0.5465721 0.5465721 0.5483843 0.5483843 0.5463446 0.5463446 0.5429696 0.5429696 0.5429696
0.7492970 0.7492970 0.7492475 0.7374139 0.7324919 0.7324919 0.7285892 0.7230574 0.7230574 0.7191400 0.7191400 0.7159013 0.7144237 0.7130182 0.7115214 0.7115214 0.6761673 0.6531568 0.6305842 0.6095635 0.5905927 0.5738981 0.5595772 0.5476589 0.5381312 0.5309519 0.5260462 0.5232866 0.5224710 0.5233718 0.5233718 0.5237664 0.5313006 0.6002886 0.6313878 0.6313878 0.6363903 0.6363903 0.6093900 0.6093900 0.5942727 0.5659503 0.5659503 0.5424247 0.5424247 0.5266647 0.5266647 0.5266647 0.5289993 0.5289993 0.5346387 0.5346387 0.5387201 0.5387201 0.5401290 0.5401290 0.5401347 0.5401347 0.5401347
0.7486185 0.7486185 0.7508788 0.7373024 0.7323879 0.7323879 0.7285319 0.7230600 0.7230600 0.7191458 0.7191458 0.7159006 0.7144215 0.7130158 0.7114580 0.7114580 0.6647863 0.6382169 0.6131204 0.5902395 0.5698312 0.5519621 0.5366228 0.5237758 0.5133736 0.5053636 0.4996828 0.4962544 0.4951426 0.4976754 0.4976754 0.5092712 0.5464472 0.6662641 0.6851444 0.6851444 0.6615287 0.6615287 0.6246052 0.6246052 0.6071820 0.5753336 0.5753336 0.5483243 0.5483243 0.5239171 0.5239171 0.5239171 0.5206236 0.5206236 0.5238659 0.5238659 0.5289856 0.5289856 0.5334486 0.5334486 0.5370005 0.5370005 0.5370005
0.7486158 0.7486158 0.7521298 0.7371750 0.7322562 0.7322562 0.7284697 0.7230840 0.7230840 0.7191671 0.7191671 0.7159055 0.7144218 0.7130132 0.7113690 0.7113690 0.6487890 0.6182514 0.5906897 0.5662677 0.5448750 0.5263394 0.5104952 0.4972053 0.4863640 0.4778921 0.4717259 0.4678569 0.4670056 0.4747307 0.4747307 0.5113301 0.5946261 0.7244253 0.7188828 0.7188828 0.6766819 0.6766819 0.6356830 0.6356830 0.6172159 0.5831453 0.5831453 0.5537419 0.5537419 0.5230231 0.5230231 0.5230231 0.5147385 0.5147385 0.5149263 0.5149263 0.5200081 0.5200081 0.5268695 0.5268695 0.5338208 0.5338208 0.5338208
