simulation_files/asc/Depth____000093.asc
NCOLS        79
NROWS        79
XLLCENTER         -1.500000
YLLCENTER         -4.800000
CELLSIZE           0.100
NODATA_VALUE     -9999.0
[rows 0 to 25 of 79, columns 0 to 57 of 79]
-9999.000 -9999.000 -9999.000 -9999.000 -9999.000 -9999.000 -9999.000 -9999.000 -9999.000 -9999.000 -9999.000 -9999.000 -9999.000 -9999.000 -9999.000 0.3412456 0.3413999 0.3413468 0.3412500 0.3411236 0.3409722 0.3407978 0.3406006 0.3403792 0.3401310 0.3398529 0.3395415 0.3391939 0.3388235 0.3390656 0.3390656 -9999.000 -9999.000 -9999.000 -9999.000 -9999.000 -9999.000 -9999.000 -9999.000 -9999.000 -9999.000 -9999.000 -9999.000 -9999.000 -9999.000 -9999.000 -9999.000 -9999.000 -9999.000 -9999.000 -9999.000 -9999.000 -9999.000 -9999.000 -9999.000 -9999.000 -9999.000 -9999.000
-9999.000 -9999.000 -9999.000 -9999.000 -9999.000 -9999.000 -9999.000 -9999.000 -9999.000 -9999.000 -9999.000 -9999.000 -9999.000 -9999.000 -9999.000 0.3431223 0.3432873 0.3432338 0.3431438 0.3430288 0.3428928 0.3427375 0.3425638 0.3423714 0.3421590 0.3419242 0.3416632 0.3413691 0.3410443 0.3412892 0.3412892 -9999.000 -9999.000 -9999.000 -9999.000 -9999.000 -9999.000 -9999.000 -9999.000 -9999.000 -9999.000 -9999.000 -9999.000 -9999.000 -9999.000 -9999.000 -9999.000 -9999.000 -9999.000 -9999.000 -9999.000 -9999.000 -9999.000 -9999.000 -9999.000 -9999.000 -9999.000 -9999.000
-9999.000 -9999.000 -9999.000 -9999.000 -9999.000 -9999.000 -9999.000 -9999.000 -9999.000 -9999.000 -9999.000 -9999.000 -9999.000 -9999.000 -9999.000 0.3450989 0.3452996 0.3452479 0.3451599 0.3450487 0.3449182 0.3447703 0.3446051 0.3444215 0.3442165 0.3439859 0.3437229 0.3434177 0.3430703 0.3433385 0.3433385 -9999.000 -9999.000 -9999.000 -9999.000 -9999.000 -9999.000 -9999.000 -9999.000 -9999.000 -9999.000 -9999.000 -9999.000 -9999.000 -9999.000 -9999.000 -9999.000 -9999.000 -9999.000 -9999.000 -9999.000 -9999.000 -9999.000 -9999.000 -9999.000 -9999.000 -9999.000 -9999.000
-9999.000 -9999.000 -9999.000 -9999.000 -9999.000 -9999.000 -9999.000 -9999.000 -9999.000 -9999.000 -9999.000 -9999.000 -9999.000 -9999.000 -9999.000 0.3471101 0.3473393 0.3472877 0.3471997 0.3470890 0.3469597 0.3468133 0.3466495 0.3464659 0.3462587 0.3460216 0.3457458 0.3454186 0.3450370 0.3453138 0.3453138 -9999.000 -9999.000 -9999.000 -9999.000 -9999.000 -9999.000 -9999.000 -9999.000 -9999.000 -9999.000 -9999.000 -9999.000 -9999.000 -9999.000 -9999.000 -9999.000 -9999.000 -9999.000 -9999.000 -9999.000 -9999.000 -9999.000 -9999.000 -9999.000 -9999.000 -9999.000 -9999.000
-9999.000 -9999.000 -9999.000 -9999.000 -9999.000 -9999.000 -9999.000 -9999.000 -9999.000 -9999.000 -9999.000 -9999.000 -9999.000 -9999.000 -9999.000 0.3491457 0.3493975 0.3493440 0.3492537 0.3491406 0.3490087 0.3488594 0.3486916 0.3485022 0.3482858 0.3480347 0.3477377 0.3473792 0.3469517 0.3472255 0.3472255 -9999.000 -9999.000 -9999.000 -9999.000 -9999.000 -9999.000 -9999.000 -9999.000 -9999.000 -9999.000 -9999.000 -9999.000 -9999.000 -9999.000 -9999.000 -9999.000 -9999.000 -9999.000 -9999.000 -9999.000 -9999.000 -9999.000 -9999.000 -9999.000 -9999.000 -9999.000 -9999.000
-9999.000 -9999.000 -9999.000 -9999.000 -9999.000 -9999.000 -9999.000 -9999.000 -9999.000 -9999.000 -9999.000 -9999.000 -9999.000 -9999.000 -9999.000 0.3511976 0.3514668 0.3514097 0.3513153 0.3511974 0.3510602 0.3509045 0.3507288 0.3505290 0.3502981 0.3500266 0.3497010 0.3493015 0.3488152 0.3490740 0.3490740 -9999.000 -9999.000 -9999.000 -9999.000 -9999.000 -9999.000 -9999.000 -9999.000 -9999.000 -9999.000 -9999.000 -9999.000 -9999.000 -9999.000 -9999.000 -9999.000 -9999.000 -9999.000 -9999.000 -9999.000 -9999.000 -9999.000 -9999.000 -9999.000 -9999.000 -9999.000 -9999.000
-9999.000 -9999.000 -9999.000 -9999.000 -9999.000 -9999.000 -9999.000 -9999.000 -9999.000 -9999.000 -9999.000 -9999.000 -9999.000 -9999.000 -9999.000 0.3532590 0.3535413 0.3534790 0.3533789 0.3532545 0.3531098 0.3529453 0.3527587 0.3525447 0.3522948 0.3519971 0.3516350 0.3511840 0.3506226 0.3508516 0.3508516 -9999.000 -9999.000 -9999.000 -9999.000 -9999.000 -9999.000 -9999.000 -9999.000 -9999.000 -9999.000 -9999.000 -9999.000 -9999.000 -9999.000 -9999.000 -9999.000 -9999.000 -9999.000 -9999.000 -9999.000 -9999.000 -9999.000 -9999.000 -9999.000 -9999.000 -9999.000 -9999.000
-9999.000 -9999.000 -9999.000 -9999.000 -9999.000 -9999.000 -9999.000 -9999.000 -9999.000 -9999.000 -9999.000 -9999.000 -9999.000 -9999.000 -9999.000 0.3553243 0.3556160 0.3555469 0.3554401 0.3553079 0.3551541 0.3549788 0.3547788 0.3545474 0.3542740 0.3539440 0.3535366 0.3530210 0.3523637 0.3525412 0.3525412 -9999.000 -9999.000 -9999.000 -9999.000 -9999.000 -9999.000 -9999.000 -9999.000 -9999.000 -9999.000 -9999.000 -9999.000 -9999.000 -9999.000 -9999.000 -9999.000 -9999.000 -9999.000 -9999.000 -9999.000 -9999.000 -9999.000 -9999.000 -9999.000 -9999.000 -9999.000 -9999.000
-9999.000 -9999.000 -9999.000 -9999.000 -9999.000 -9999.000 -9999.000 -9999.000 -9999.000 -9999.000 -9999.000 -9999.000 -9999.000 -9999.000 -9999.000 0.3573886 0.3576864 0.3576091 0.3574946 0.3573535 0.3571892 0.3570015 0.3567858 0.3565337 0.3562321 0.3558627 0.3553993 0.3548025 0.3540215 0.3541137 0.3541137 -9999.000 -9999.000 -9999.000 -9999.000 -9999.000 -9999.000 -9999.000 -9999.000 -9999.000 -9999.000 -9999.000 -9999.000 -9999.000 -9999.000 -9999.000 -9999.000 -9999.000 -9999.000 -9999.000 -9999.000 -9999.000 -9999.000 -9999.000 -9999.000 -9999.000 -9999.000 -9999.000
-9999.000 -9999.000 -9999.000 -9999.000 -9999.000 -9999.000 -9999.000 -9999.000 -9999.000 -9999.000 -9999.000 -9999.000 -9999.000 -9999.000 -9999.000 0.3594467 0.3597481 0.3596610 0.3595379 0.3593869 0.3592109 0.3590090 0.3587752 0.3584988 0.3581633 0.3577458 0.3572127 0.3565125 0.3555691 0.3555202 0.3555202 -9999.000 -9999.000 -9999.000 -9999.000 -9999.000 -9999.000 -9999.000 -9999.000 -9999.000 -9999.000 -9999.000 -9999.000 -9999.000 -9999.000 -9999.000 -9999.000 -9999.000 -9999.000 -9999.000 -9999.000 -9999.000 -9999.000 -9999.000 -9999.000 -9999.000 -9999.000 -9999.000
-9999.000 -9999.000 -9999.000 -9999.000 -9999.000 -9999.000 -9999.000 -9999.000 -9999.000 -9999.000 -9999.000 -9999.000 -9999.000 -9999.000 -9999.000 0.3614927 0.3617957 0.3616972 0.3615646 0.3614026 0.3612135 0.3609953 0.3607404 0.3604350 0.3600585 0.3595812 0.3589599 0.3581257 0.3569646 0.3566777 0.3566777 -9999.000 -9999.000 -9999.000 -9999.000 -9999.000 -9999.000 -9999.000 -9999.000 -9999.000 -9999.000 -9999.000 -9999.000 -9999.000 -9999.000 -9999.000 -9999.000 -9999.000 -9999.000 -9999.000 -9999.000 -9999.000 -9999.000 -9999.000 -9999.000 -9999.000 -9999.000 -9999.000
-9999.000 -9999.000 -9999.000 -9999.000 -9999.000 -9999.000 -9999.000 -9999.000 -9999.000 -9999.000 -9999.000 -9999.000 -9999.000 -9999.000 -9999.000 0.3635184 0.3638224 0.3637109 0.3635676 0.3633932 0.3631890 0.3629518 0.3626717 0.3623309 0.3619032 0.3613501 0.3606145 0.3596021 0.3581406 0.3574371 0.3574371 -9999.000 -9999.000 -9999.000 -9999.000 -9999.000 -9999.000 -9999.000 -9999.000 -9999.000 -9999.000 -9999.000 -9999.000 -9999.000 -9999.000 -9999.000 -9999.000 -9999.000 -9999.000 -9999.000 -9999.000 -9999.000 -9999.000 -9999.000 -9999.000 -9999.000 -9999.000 -9999.000
-9999.000 -9999.000 -9999.000 -9999.000 -9999.000 -9999.000 -9999.000 -9999.000 -9999.000 -9999.000 -9999.000 -9999.000 -9999.000 -9999.000 -9999.000 0.3655119 0.3658184 0.3656921 0.3655366 0.3653476 0.3651255 0.3648652 0.3645535 0.3641678 0.3636738 0.3630210 0.3621320 0.3608738 0.3589818 0.3575084 0.3575084 -9999.000 -9999.000 -9999.000 -9999.000 -9999.000 -9999.000 -9999.000 -9999.000 -9999.000 -9999.000 -9999.000 -9999.000 -9999.000 -9999.000 -9999.000 -9999.000 -9999.000 -9999.000 -9999.000 -9999.000 -9999.000 -9999.000 -9999.000 -9999.000 -9999.000 -9999.000 -9999.000
-9999.000 -9999.000 -9999.000 -9999.000 -9999.000 -9999.000 -9999.000 -9999.000 -9999.000 -9999.000 -9999.000 -9999.000 -9999.000 -9999.000 -9999.000 0.3674420 0.3677607 0.3676199 0.3674520 0.3672472 0.3670039 0.3667147 0.3663619 0.3659158 0.3653309 0.3645391 0.3634319 0.3618155 0.3592731 0.3562611 0.3562611 -9999.000 -9999.000 -9999.000 -9999.000 -9999.000 -9999.000 -9999.000 -9999.000 -9999.000 -9999.000 -9999.000 -9999.000 -9999.000 -9999.000 -9999.000 -9999.000 -9999.000 -9999.000 -9999.000 -9999.000 -9999.000 -9999.000 -9999.000 -9999.000 -9999.000 -9999.000 -9999.000
-9999.000 -9999.000 -9999.000 -9999.000 -9999.000 -9999.000 -9999.000 -9999.000 -9999.000 -9999.000 -9999.000 -9999.000 -9999.000 -9999.000 -9999.000 0.3680811 0.3691564 0.3692546 0.3692451 0.3691376 0.3689456 0.3686699 0.3682944 0.3677830 0.3670762 0.3660798 0.3646362 0.3624442 0.3587897 0.3518140 0.3518140 -9999.000 -9999.000 -9999.000 -9999.000 -9999.000 -9999.000 -9999.000 -9999.000 -9999.000 -9999.000 -9999.000 -9999.000 -9999.000 -9999.000 -9999.000 -9999.000 -9999.000 -9999.000 -9999.000 -9999.000 -9999.000 -9999.000 -9999.000 -9999.000 -9999.000 -9999.000 -9999.000
0.3448813 0.3448813 0.3313762 0.3230949 0.3204439 0.3204439 0.3182169 0.3145167 0.3145167 0.3114329 0.3114329 0.3087626 0.3075499 0.3064068 0.3332031 0.3332031 0.3767061 0.3771981 0.3777624 0.3783125 0.3787301 0.3788699 0.3785572 0.3775902 0.3757372 0.3727011 0.3679861 0.3604931 0.3471099 0.3121618 0.3121618 0.1683843 0.1454171 0.1458419 0.1514373 0.1514373 0.1661063 0.1661063 0.2016446 0.2016446 0.2387251 0.2638299 0.2638299 0.2675878 0.2675878 0.2665773 0.2665773 0.2665773 0.2612710 0.2612710 0.2558027 0.2558027 0.2511028 0.2511028 0.2449024 0.2449024 0.2409519 0.2409519
0.3435699 0.3435699 0.3305720 0.3225411 0.3199239 0.3199239 0.3177121 0.3140231 0.3140231 0.3109467 0.3109467 0.3082845 0.3070760 0.3059371 0.3217260 0.3217260 0.3704512 0.3701735 0.3700699 0.3703134 0.3708193 0.3714333 0.3719420 0.3720694 0.3714589 0.3696284 0.3658770 0.3590550 0.3468131 0.3214586 0.3214586 0.2186058 0.1861332 0.1638169 0.1612457 0.1612457 0.1672744 0.1672744 0.1923727 0.1923727 0.2239873 0.2649504 0.2649504 0.2683707 0.2683707 0.2664259 0.2664259 0.2664259 0.2609740 0.2609740 0.2554659 0.2554659 0.2514054 0.2514054 0.2445891 0.2445891 0.2406487 0.2406487
0.3428676 0.3428676 0.3303000 0.3224904 0.3199024 0.3199024 0.3177008 0.3140108 0.3140108 0.3109284 0.3109284 0.3082621 0.3070523 0.3059122 0.3156629 0.3156629 0.3662396 0.3649504 0.3637072 0.3630199 0.3628264 0.3629777 0.3632518 0.3633535 0.3629036 0.3614154 0.3582260 0.3523179 0.3417551 0.3208931 0.3208931 0.2436078 0.2104439 0.1798173 0.1735623 0.1735623 0.1746632 0.1746632 0.1930813 0.1930813 0.2154173 0.2619013 0.2619013 0.2703443 0.2703443 0.2670569 0.2670569 0.2670569 0.2611769 0.2611769 0.2555124 0.2555124 0.2508260 0.2508260 0.2449595 0.2449595 0.2408297 0.2408297
0.3423158 0.3423158 0.3300659 0.3224500 0.3198932 0.3198932 0.3177040 0.3140155 0.3140155 0.3109288 0.3109288 0.3082608 0.3070510 0.3059111 0.3118466 0.3118466 0.3620688 0.3601708 0.3578421 0.3562308 0.3552857 0.3548522 0.3547040 0.3545412 0.3539779 0.3525373 0.3496093 0.3443372 0.3352208 0.3176711 0.3176711 0.2580355 0.2281680 0.1964070 0.1892777 0.1892777 0.1884467 0.1884467 0.2010722 0.2010722 0.2149754 0.2545232 0.2545232 0.2699539 0.2699539 0.2669865 0.2669865 0.2669865 0.2610183 0.2610183 0.2551912 0.2551912 0.2502832 0.2502832 0.2449172 0.2449172 0.2407955 0.2407955
0.3419001 0.3419001 0.3298752 0.3224147 0.3198860 0.3198860 0.3177085 0.3140210 0.3140210 0.3109299 0.3109299 0.3082601 0.3070502 0.3059105 0.3093337 0.3093337 0.3567242 0.3550382 0.3516970 0.3491996 0.3475403 0.3465556 0.3460079 0.3455901 0.3449093 0.3434992 0.3407969 0.3360834 0.3282530 0.3134662 0.3134662 0.2668060 0.2414112 0.2133442 0.2075948 0.2075948 0.2071778 0.2071778 0.2141867 0.2141867 0.2210363 0.2469714 0.2469714 0.2657548 0.2657548 0.2658926 0.2658926 0.2658926 0.2602540 0.2602540 0.2544483 0.2544483 0.2494670 0.2494670 0.2445503 0.2445503 0.2406473 0.2406473
0.3416106 0.3416106 0.3297344 0.3223873 0.3198807 0.3198807 0.3177127 0.3140258 0.3140258 0.3109308 0.3109308 0.3082594 0.3070494 0.3059100 0.3077010 0.3077010 0.3489507 0.3491507 0.3449358 0.3415632 0.3391923 0.3376729 0.3367606 0.3361486 0.3354222 0.3341130 0.3316831 0.3275105 0.3207129 0.3085275 0.3085275 0.2732544 0.2525624 0.2318508 0.2287109 0.2287109 0.2285422 0.2285422 0.2292917 0.2292917 0.2306145 0.2425675 0.2425675 0.2588394 0.2588394 0.2631862 0.2631862 0.2631862 0.2586236 0.2586236 0.2532305 0.2532305 0.2484160 0.2484160 0.2439848 0.2439848 0.2404680 0.2404680
0.3414398 0.3414398 0.3296483 0.3223698 0.3198775 0.3198775 0.3177156 0.3140292 0.3140292 0.3109314 0.3109314 0.3082590 0.3070489 0.3059096 0.3066520 0.3066520 0.3390492 0.3419223 0.3372661 0.3331220 0.3300400 0.3279653 0.3266892 0.3259051 0.3251950 0.3240711 0.3219832 0.3183554 0.3127368 0.3038467 0.3038467 0.2788548 0.2641511 0.2532128 0.2522297 0.2522297 0.2497492 0.2497492 0.2438487 0.2438487 0.2410779 0.2420587 0.2420587 0.2518464 0.2518464 0.2587892 0.2587892 0.2587892 0.2559144 0.2559144 0.2514262 0.2514262 0.2471156 0.2471156 0.2432918 0.2432918 0.2403058 0.2403058
0.3413833 0.3413833 0.3296193 0.3223638 0.3198764 0.3198764 0.3177167 0.3140304 0.3140304 0.3109317 0.3109317 0.3082588 0.3070488 0.3059094 0.3059833 0.3059833 0.3283561 0.3325729 0.3283625 0.3236168 0.3198450 0.3172108 0.3155719 0.3146389 0.3139935 0.3131277 0.3114728 0.3085167 0.3044731 0.3001451 0.3001451 0.2859010 0.2790660 0.2771544 0.2761449 0.2761449 0.2684409 0.2684409 0.2565866 0.2565866 0.2509610 0.2444246 0.2444246 0.2468456 0.2468456 0.2532900 0.2532900 0.2532900 0.2521407 0.2521407 0.2489547 0.2489547 0.2455230 0.2455230 0.2424961 0.2424961 0.2401850 0.2401850
0.3414398 0.3414398 0.3296483 0.3223698 0.3198775 0.3198775 0.3177157 0.3140292 0.3140292 0.3109315 0.3109315 0.3082590 0.3070490 0.3059096 0.3055597 0.3055597 0.3175881 0.3211007 0.3175928 0.3126086 0.3083054 0.3051771 0.3032055 0.3021502 0.3016116 0.3010729 0.2999458 0.2978284 0.2961928 0.2991624 0.2991624 0.2977574 0.2994612 0.3011144 0.2976281 0.2976281 0.2836002 0.2836002 0.2672384 0.2672384 0.2596963 0.2482807 0.2482807 0.2444160 0.2444160 0.2476439 0.2476439 0.2476439 0.2476190 0.2476190 0.2458564 0.2458564 0.2436162 0.2436162 0.2416085 0.2416085 0.2401176 0.2401176
0.3416106 0.3416106 0.3297344 0.3223873 0.3198808 0.3198808 0.3177128 0.3140258 0.3140258 0.3109308 0.3109308 0.3082594 0.3070495 0.3059099 0.3052927 0.3052927 0.3068554 0.3077586 0.3044440 0.2995382 0.2949951 0.2915504 0.2893462 0.2882293 0.2878486 0.2877013 0.2871928 0.2861917 0.2889548 0.3044057 0.3044057 0.3174401 0.3244457 0.3219188 0.3150276 0.3150276 0.2954123 0.2954123 0.2759546 0.2759546 0.2671247 0.2525649 0.2525649 0.2440570 0.2440570 0.2426972 0.2426972 0.2426972 0.2428763 0.2428763 0.2423353 0.2423353 0.2414477 0.2414477 0.2406490 0.2406490 0.2401005 0.2401005
0.3419001 0.3419001 0.3298751 0.3224148 0.3198861 0.3198861 0.3177086 0.3140209 0.3140209 0.3109298 0.3109298 0.3082600 0.3070502 0.3059105 0.3051260 0.3051260 0.2956367 0.2926589 0.2885891 0.2838051 0.2793539 0.2758934 0.2736650 0.2726187 0.2724824 0.2728000 0.2730051 0.2737450 0.2858649 0.3210594 0.3210594 0.3436021 0.3490211 0.3385977 0.3290226 0.3290226 0.3044558 0.3044558 0.2828943 0.2828943 0.2731826 0.2565966 0.2565966 0.2449189 0.2449189 0.2388950 0.2388950 0.2388950 0.2384608 0.2384608 0.2387290 0.2387290 0.2391650 0.2391650 0.2396656 0.2396656 0.2401214 0.2401214
