simulation_files/asc/Depth____215.0.asc
NCOLS       216
NROWS       273
XLLCENTER        494.688995
YLLCENTER        787.867981
CELLSIZE           0.500
NODATA_VALUE     -9999.0
[rows 182 to 207 of 273, columns 120 to 179 of 216]
-9999.000 -9999.000 -9999.000 -9999.000 -9999.000 -9999.000 -9999.000 -9999.000 -9999.000 0.9232183E-01 0.1700600 0.2580323 0.2636073 0.2111337 0.1335826 0.8476681E-01 0.4479474E-01 0.5717958E-01 0.7808174E-01 0.7366038E-01 0.8266069E-01 0.1489915 0.2302769 0.2179751 0.2373115 0.2878722 0.2944592 0.2674044 0.2858085 0.3276300 0.3596113 0.3875889 0.3655881 0.3249136 0.3029840 0.3105972 0.3104961 0.3128506 0.2811958 0.2249124 0.1457334 0.6554402E-01 -9999.000 -9999.000 -9999.000 -9999.000 -9999.000 -9999.000 -9999.000 -9999.000 -9999.000 -9999.000 -9999.000 -9999.000 -9999.000 -9999.000 -9999.000 -9999.000 -9999.000 -9999.000
-9999.000 -9999.000 -9999.000 -9999.000 -9999.000 -9999.000 -9999.000 -9999.000 -9999.000 0.5499907E-01 0.1492997 0.2292538 0.2573314 0.2328488 0.1867174 0.1278198 0.7356706E-01 0.6016564E-01 0.7017158E-01 0.6418748E-01 0.6978077E-01 0.1167825 0.1708628 0.1919814 0.2373904 0.3118791 0.3314466 0.2805235 0.2923920 0.3655818 0.3929460 0.4039460 0.3939507 0.3466842 0.3320601 0.3232708 0.3249974 0.3283206 0.3100232 0.2869921 0.1983946 0.9036225E-01 -9999.000 -9999.000 -9999.000 -9999.000 -9999.000 -9999.000 -9999.000 -9999.000 -9999.000 -9999.000 -9999.000 -9999.000 -9999.000 -9999.000 -9999.000 -9999.000 -9999.000 -9999.000
-9999.000 -9999.000 -9999.000 -9999.000 -9999.000 -9999.000 -9999.000 -9999.000 -9999.000 0.3521641E-01 0.1251605 0.2277865 0.2627155 0.2613548 0.2275812 0.1739855 0.1180480 0.7363543E-01 0.6390156E-01 0.5835051E-01 0.6693813E-01 0.8293545E-01 0.1018315 0.1299947 0.1926963 0.2746180 0.3183665 0.3013394 0.3266257 0.3751188 0.3562422 0.3423684 0.3477660 0.3304814 0.2844329 0.2789405 0.2892104 0.3067235 0.3133545 0.3011031 0.2497901 0.1407457 0.6560522E-01 -9999.000 -9999.000 -9999.000 -9999.000 -9999.000 -9999.000 -9999.000 -9999.000 -9999.000 -9999.000 -9999.000 -9999.000 -9999.000 -9999.000 -9999.000 -9999.000 -9999.000
-9999.000 -9999.000 -9999.000 -9999.000 -9999.000 -9999.000 -9999.000 -9999.000 -9999.000 0.2151123E-01 0.1135915 0.2260963 0.2736707 0.2783546 0.2598211 0.2128407 0.1461860 0.8906012E-01 0.6951868E-01 0.7217848E-01 0.8244544E-01 0.7821540E-01 0.7637356E-01 0.1024986 0.1529216 0.2103982 0.2595250 0.2843796 0.3443399 0.3164810 0.2515003 0.2694484 0.2865583 0.2179679 0.1814024 0.1594692 0.1987648 0.2218587 0.2587387 0.2699341 0.2364040 0.1730457 0.1316710 0.7417361E-01 -9999.000 -9999.000 -9999.000 -9999.000 -9999.000 -9999.000 -9999.000 -9999.000 -9999.000 -9999.000 -9999.000 -9999.000 -9999.000 -9999.000 -9999.000 -9999.000
-9999.000 -9999.000 -9999.000 -9999.000 -9999.000 -9999.000 -9999.000 -9999.000 -9999.000 -9999.000 0.6387259E-01 0.1995565 0.2642561 0.2781912 0.2718669 0.2246834 0.1526142 0.8974818E-01 0.6276140E-01 0.5964011E-01 0.7593892E-01 0.7499215E-01 0.7755409E-01 0.1108444 0.1666385 0.2102584 0.2442106 0.2598998 0.2726022 0.2227578 0.1965113 0.3047600 0.3296456 0.2773878 0.2017318 0.1788840 0.1940697 0.2124289 0.2276925 0.2386538 0.2287928 0.1978305 0.1646908 0.1175773 -9999.000 -9999.000 -9999.000 -9999.000 -9999.000 -9999.000 -9999.000 -9999.000 -9999.000 -9999.000 -9999.000 -9999.000 -9999.000 -9999.000 -9999.000 -9999.000
-9999.000 -9999.000 -9999.000 -9999.000 -9999.000 -9999.000 -9999.000 -9999.000 -9999.000 -9999.000 -9999.000 0.1653880 0.2370108 0.2497390 0.2559760 0.2109349 0.1249670 0.8405925E-01 0.6517651E-01 0.4719297E-01 0.4962962E-01 0.6755814E-01 0.8494866E-01 0.1307428 0.2021475 0.2253439 0.2112393 0.1892125 0.2061701 0.2114244 0.2213492 0.3102246 0.3769270 0.3549245 0.2905500 0.2205437 0.2281683 0.2487692 0.2383571 0.2182854 0.2177983 0.1889627 0.1488946 0.1058755 0.5411352E-01 -9999.000 -9999.000 -9999.000 -9999.000 -9999.000 -9999.000 -9999.000 -9999.000 -9999.000 -9999.000 -9999.000 -9999.000 -9999.000 -9999.000 -9999.000
-9999.000 -9999.000 -9999.000 -9999.000 -9999.000 -9999.000 -9999.000 -9999.000 -9999.000 -9999.000 -9999.000 0.1665496 0.2171243 0.2180706 0.2324719 0.2078784 0.1490303 0.1215349 0.9645968E-01 0.6768716E-01 0.4501407E-01 0.4494380E-01 0.6739167E-01 0.1113152 0.1421123 0.1533033 0.1804197 0.1848447 0.2308715 0.2655397 0.2469965 0.2795794 0.3292136 0.3123738 0.2774627 0.2464971 0.2400358 0.2262706 0.1953172 0.2079781 0.2254927 0.2186865 0.2059284 0.1686796 0.1268694 0.8454072E-01 -9999.000 -9999.000 -9999.000 -9999.000 -9999.000 -9999.000 -9999.000 -9999.000 -9999.000 -9999.000 -9999.000 -9999.000 -9999.000 -9999.000
-9999.000 -9999.000 -9999.000 -9999.000 -9999.000 -9999.000 -9999.000 -9999.000 -9999.000 -9999.000 -9999.000 0.1192849 0.1832242 0.2145462 0.2362380 0.2326330 0.2080560 0.1827289 0.1406686 0.1140090 0.6443105E-01 0.2958405E-01 0.3963138E-01 0.6768896E-01 0.7839237E-01 0.1078655 0.1913082 0.2346842 0.2791154 0.3060575 0.2941851 0.2812449 0.2720534 0.2420636 0.2509447 0.2598254 0.2541768 0.2030467 0.2029075 0.2405911 0.2583426 0.2554011 0.2682758 0.2483913 0.2046867 0.1310983 -9999.000 -9999.000 -9999.000 -9999.000 -9999.000 -9999.000 -9999.000 -9999.000 -9999.000 -9999.000 -9999.000 -9999.000 -9999.000 -9999.000
-9999.000 -9999.000 -9999.000 -9999.000 -9999.000 -9999.000 -9999.000 -9999.000 -9999.000 -9999.000 -9999.000 -9999.000 0.1282503 0.1826801 0.2197239 0.2361870 0.2407049 0.2357040 0.1887284 0.1559418 0.1023879 0.3288152E-01 0.2347207E-01 0.3461339E-01 0.5345299E-01 0.1036970 0.1823738 0.2370871 0.2782729 0.3042678 0.2919412 0.2939453 0.3034149 0.2715014 0.2687042 0.3144571 0.2767527 0.2408765 0.2731266 0.3046762 0.3049792 0.2971173 0.3172582 0.2972508 0.2500630 0.1589821 0.4803079E-01 -9999.000 -9999.000 -9999.000 -9999.000 -9999.000 -9999.000 -9999.000 -9999.000 -9999.000 -9999.000 -9999.000 -9999.000 -9999.000
-9999.000 -9999.000 -9999.000 -9999.000 -9999.000 -9999.000 -9999.000 -9999.000 -9999.000 -9999.000 -9999.000 -9999.000 0.7500617E-01 0.1273819 0.1815328 0.2183056 0.2557840 0.2658915 0.2388895 0.2076723 0.1531227 0.7650897E-01 0.4291128E-01 0.4608736E-01 0.5261652E-01 0.7981689E-01 0.1303643 0.1914756 0.2423276 0.2759506 0.2704336 0.2818276 0.2970300 0.2603630 0.2874374 0.3258713 0.2740213 0.2807136 0.3436122 0.3697210 0.3407499 0.3375027 0.3549840 0.2955368 0.2303001 0.1410118 0.4791889E-01 -9999.000 -9999.000 -9999.000 -9999.000 -9999.000 -9999.000 -9999.000 -9999.000 -9999.000 -9999.000 -9999.000 -9999.000 -9999.000
-9999.000 -9999.000 -9999.000 -9999.000 -9999.000 -9999.000 -9999.000 -9999.000 -9999.000 -9999.000 -9999.000 -9999.000 -9999.000 0.7942774E-01 0.1389191 0.2032949 0.2346229 0.2685462 0.2783848 0.2409994 0.1836489 0.1287478 0.8379211E-01 0.5624243E-01 0.4329521E-01 0.4550468E-01 0.7869854E-01 0.1507527 0.2227143 0.2632535 0.2344823 0.2240629 0.2245049 0.2371298 0.3102477 0.3347539 0.2867875 0.3096969 0.3862477 0.4027716 0.3708351 0.3332627 0.2721176 0.2062846 0.1703301 0.1333300 0.9575557E-01 0.6317569E-01 -9999.000 -9999.000 -9999.000 -9999.000 -9999.000 -9999.000 -9999.000 -9999.000 -9999.000 -9999.000 -9999.000 -9999.000
-9999.000 -9999.000 -9999.000 -9999.000 -9999.000 -9999.000 -9999.000 -9999.000 -9999.000 -9999.000 -9999.000 -9999.000 -9999.000 0.5445019E-01 0.1254573 0.1465688 0.1301205 0.1901631 0.2463246 0.2319576 0.2108019 0.1723093 0.1181078 0.7711082E-01 0.4673700E-01 0.2601930E-01 0.4114154E-01 0.1110720 0.1968537 0.2253407 0.1633114 0.1976805 0.2344154 0.2562416 0.3246338 0.3495512 0.3224226 0.3411946 0.3776414 0.3888429 0.3381516 0.2397065 0.2047411 0.1709425 0.1902020 0.2068795 0.1859916 0.1483248 0.1141569 -9999.000 -9999.000 -9999.000 -9999.000 -9999.000 -9999.000 -9999.000 -9999.000 -9999.000 -9999.000 -9999.000
-9999.000 -9999.000 -9999.000 -9999.000 -9999.000 -9999.000 -9999.000 -9999.000 -9999.000 -9999.000 -9999.000 -9999.000 -9999.000 -9999.000 0.8412079E-01 0.8932468E-01 0.4193384E-01 0.6220923E-01 0.1379826 0.1921832 0.2324532 0.2039416 0.1698116 0.1226929 0.8486211E-01 0.5893315E-01 0.4372427E-01 0.8510313E-01 0.1605582 0.1661873 0.1400352 0.1998883 0.2554217 0.2783304 0.3143880 0.3434984 0.3399709 0.3361073 0.3471273 0.3415886 0.2881829 0.2772800 0.2547809 0.2521143 0.2783696 0.2820535 0.2727127 0.2638830 0.1916688 0.9837816E-01 -9999.000 -9999.000 -9999.000 -9999.000 -9999.000 -9999.000 -9999.000 -9999.000 -9999.000 -9999.000
-9999.000 -9999.000 -9999.000 -9999.000 -9999.000 -9999.000 -9999.000 -9999.000 -9999.000 -9999.000 -9999.000 -9999.000 -9999.000 -9999.000 -9999.000 -9999.000 0.3803033E-01 0.6235558E-01 0.9364944E-01 0.1401679 0.1919602 0.1977174 0.1748018 0.1247941 0.8339418E-01 0.5988431E-01 0.4312313E-01 0.5367757E-01 0.9242850E-01 0.1179109 0.1352036 0.1785838 0.2396846 0.2671134 0.2932665 0.3117412 0.3232168 0.3187230 0.3294624 0.3398529 0.3408429 0.3483529 0.3258579 0.3156369 0.3101271 0.3118271 0.2970611 0.2834522 0.2156556 0.1268263 -9999.000 -9999.000 -9999.000 -9999.000 -9999.000 -9999.000 -9999.000 -9999.000 -9999.000 -9999.000
-9999.000 -9999.000 -9999.000 -9999.000 -9999.000 -9999.000 -9999.000 -9999.000 -9999.000 -9999.000 -9999.000 -9999.000 -9999.000 -9999.000 -9999.000 -9999.000 0.5474102E-01 0.9826302E-01 0.1005435 0.1125861 0.1470124 0.1639443 0.1535564 0.1211135 0.8119754E-01 0.4788117E-01 0.2456365E-01 -9999.000 -9999.000 0.5773611E-01 0.1073260 0.1457174 0.1884348 0.2120427 0.2557639 0.3039406 0.3093226 0.3030969 0.3311225 0.3829997 0.4023729 0.3982191 0.3471541 0.3149588 0.3311408 0.3338985 0.3050699 0.2462012 0.1679719 0.1150971 0.5214968E-01 -9999.000 -9999.000 -9999.000 -9999.000 -9999.000 -9999.000 -9999.000 -9999.000 -9999.000
-9999.000 -9999.000 -9999.000 -9999.000 -9999.000 -9999.000 -9999.000 -9999.000 -9999.000 -9999.000 -9999.000 -9999.000 -9999.000 -9999.000 -9999.000 -9999.000 -9999.000 0.8538528E-01 0.7786108E-01 0.8986914E-01 0.9443287E-01 0.1306539 0.1580548 0.1422018 0.1100165 0.7181523E-01 0.3259161E-01 -9999.000 -9999.000 -9999.000 0.5454132E-01 0.1055100 0.1255609 0.1380836 0.1980672 0.2615130 0.2622645 0.2622917 0.3248813 0.3952615 0.4238263 0.3969071 0.3381070 0.3111686 0.3138168 0.2782995 0.2353910 0.1803797 0.1354269 0.1167151 -9999.000 -9999.000 -9999.000 -9999.000 -9999.000 -9999.000 -9999.000 -9999.000 -9999.000 -9999.000
-9999.000 -9999.000 -9999.000 -9999.000 -9999.000 -9999.000 -9999.000 -9999.000 -9999.000 -9999.000 -9999.000 -9999.000 -9999.000 -9999.000 -9999.000 -9999.000 -9999.000 0.6553524E-01 0.1165421 0.7606724E-01 0.4815170E-01 0.8319626E-01 0.1236235 0.1278067 0.1222167 0.9975321E-01 0.5039225E-01 0.2229912E-01 -9999.000 -9999.000 -9999.000 0.5998003E-01 0.7706396E-01 0.9496056E-01 0.1397346 0.1910508 0.2035276 0.2499559 0.3338676 0.3787872 0.3811218 0.3533674 0.3122386 0.2767583 0.2620541 0.2003492 0.1625472 0.1435300 0.1487209 0.1444819 0.1150650 -9999.000 -9999.000 -9999.000 -9999.000 -9999.000 -9999.000 -9999.000 -9999.000 -9999.000
-9999.000 -9999.000 -9999.000 -9999.000 -9999.000 -9999.000 -9999.000 -9999.000 -9999.000 -9999.000 -9999.000 -9999.000 -9999.000 -9999.000 -9999.000 -9999.000 -9999.000 0.7438528E-01 0.1257653 0.6714998E-01 0.4318881E-01 0.7926907E-01 0.1000211 0.9599554E-01 0.1197510 0.1036006 -9999.000 -9999.000 -9999.000 -9999.000 -9999.000 -9999.000 0.4296585E-01 0.9145651E-01 0.1506312 0.1899641 0.2202280 0.2729967 0.3011979 0.3255620 0.3154774 0.2937357 0.2764831 0.2822688 0.2571015 0.2480300 0.2265873 0.1704302 0.1732378 0.1967512 0.1706109 0.6749224E-01 -9999.000 -9999.000 -9999.000 -9999.000 -9999.000 -9999.000 -9999.000 -9999.000
-9999.000 -9999.000 -9999.000 -9999.000 -9999.000 -9999.000 -9999.000 -9999.000 -9999.000 -9999.000 -9999.000 -9999.000 -9999.000 -9999.000 -9999.000 -9999.000 -9999.000 0.1277624 0.8406580E-01 0.5416224E-01 0.8554878E-01 0.1364332 0.1452470 0.1045249 0.1119114 0.9346213E-01 0.5691251E-01 -9999.000 -9999.000 -9999.000 -9999.000 -9999.000 0.2388344E-01 0.8518613E-01 0.1713110 0.2252930 0.2561699 0.2438793 0.2287936 0.2373266 0.2632903 0.2371907 0.2506346 0.2950209 0.2847493 0.2949864 0.2708807 0.2133812 0.2007084 0.2316248 0.2060623 0.8634603E-01 0.4061986E-01 -9999.000 -9999.000 -9999.000 -9999.000 -9999.000 -9999.000 -9999.000
-9999.000 -9999.000 -9999.000 -9999.000 -9999.000 -9999.000 -9999.000 -9999.000 -9999.000 -9999.000 -9999.000 -9999.000 -9999.000 -9999.000 -9999.000 -9999.000 0.7329379E-01 0.1327947 0.1067422 0.8176082E-01 0.1568780 0.2057460 0.1882142 0.1380072 0.1300726 0.9938406E-01 0.3662731E-01 -9999.000 -9999.000 -9999.000 -9999.000 -9999.000 -9999.000 0.7059127E-01 0.1427074 0.1808682 0.2000444 0.2061574 0.2085980 0.2182202 0.2202652 0.1952635 0.1975792 0.2766427 0.3063450 0.2933770 0.2628236 0.2274765 0.2168190 0.2270817 0.2118139 0.1127926 0.5204884E-01 -9999.000 -9999.000 -9999.000 -9999.000 -9999.000 -9999.000 -9999.000
-9999.000 -9999.000 -9999.000 -9999.000 -9999.000 -9999.000 -9999.000 -9999.000 -9999.000 -9999.000 -9999.000 -9999.000 -9999.000 -9999.000 -9999.000 -9999.000 -9999.000 0.8507218E-01 0.9772454E-01 0.1012875 0.1538694 0.1836458 0.1713951 0.1829793 0.1825914 0.1296008 0.5158112E-01 0.1949759E-01 -9999.000 -9999.000 -9999.000 -9999.000 -9999.000 0.4863323E-01 0.7790670E-01 0.8399357E-01 0.1258742 0.1692877 0.2110785 0.2162671 0.2216613 0.2110716 0.2040866 0.2568589 0.2889289 0.2904124 0.2720597 0.2334509 0.2341151 0.2465227 0.2003514 0.1349801 0.1009101 0.3911328E-01 -9999.000 -9999.000 -9999.000 -9999.000 -9999.000 -9999.000
-9999.000 -9999.000 -9999.000 -9999.000 -9999.000 -9999.000 -9999.000 -9999.000 -9999.000 -9999.000 -9999.000 -9999.000 -9999.000 -9999.000 -9999.000 -9999.000 -9999.000 -9999.000 0.6584838E-01 0.8035778E-01 0.1141231 0.1263152 0.1351081 0.1845245 0.2091879 0.1595452 0.9286778E-01 0.4045755E-01 -9999.000 -9999.000 -9999.000 -9999.000 -9999.000 -9999.000 0.6761359E-01 0.9113527E-01 0.1157093 0.1496143 0.1741497 0.1894118 0.2249120 0.2586954 0.2623672 0.2667404 0.2567714 0.2817286 0.2611837 0.2351641 0.2637618 0.2870494 0.2409185 0.2045975 0.1809797 0.1103171 -9999.000 -9999.000 -9999.000 -9999.000 -9999.000 -9999.000
-9999.000 -9999.000 -9999.000 -9999.000 -9999.000 -9999.000 -9999.000 -9999.000 -9999.000 -9999.000 -9999.000 -9999.000 -9999.000 -9999.000 -9999.000 -9999.000 -9999.000 0.4528739E-01 0.7821943E-01 0.6018104E-01 0.6099704E-01 0.9026688E-01 0.1191786 0.1651730 0.2033053 0.1782518 0.1288985 0.6536247E-01 0.2966784E-01 -9999.000 -9999.000 -9999.000 -9999.000 -9999.000 0.6795750E-01 0.9611029E-01 0.1245812 0.1427705 0.1606784 0.1748672 0.1955962 0.2352722 0.2489401 0.2312384 0.2194940 0.2048017 0.1917391 0.2123569 0.2851604 0.3263811 0.2947462 0.2665348 0.2268963 0.1977438 0.1730881 -9999.000 -9999.000 -9999.000 -9999.000 -9999.000
-9999.000 -9999.000 -9999.000 -9999.000 -9999.000 -9999.000 -9999.000 -9999.000 -9999.000 -9999.000 -9999.000 -9999.000 -9999.000 -9999.000 -9999.000 -9999.000 -9999.000 -9999.000 0.4625149E-01 -9999.000 0.3335526E-01 0.1133074 0.1651954 0.1930522 0.1808108 0.1446667 0.1171760 0.8056061E-01 0.3951918E-01 -9999.000 -9999.000 -9999.000 -9999.000 -9999.000 -9999.000 0.5736994E-01 0.9310536E-01 0.1245434 0.1664857 0.1835957 0.1976059 0.2235031 0.2424274 0.1894527 0.1296746 0.1009059 0.1196438 0.2091654 0.3013049 0.3473120 0.2959036 0.2597899 0.2291334 0.2138587 0.1640628 0.8372379E-01 -9999.000 -9999.000 -9999.000 -9999.000
-9999.000 -9999.000 -9999.000 -9999.000 -9999.000 -9999.000 -9999.000 -9999.000 -9999.000 -9999.000 -9999.000 -9999.000 -9999.000 -9999.000 -9999.000 -9999.000 -9999.000 -9999.000 0.1520986E-01 0.2140197E-01 0.4388614E-01 0.1372406 0.2183927 0.2330485 0.1883273 0.1512718 0.1213139 0.9619068E-01 0.5259798E-01 -9999.000 -9999.000 -9999.000 -9999.000 -9999.000 -9999.000 0.3564646E-01 0.7054407E-01 0.1208869 0.1670170 0.1981412 0.2352463 0.2455511 0.2490548 0.1944208 0.1494458 0.1522693 0.1754900 0.2436855 0.2856754 0.2662898 0.2398204 0.2568066 0.2504850 0.2020384 0.1649314 0.1155535 0.4750234E-01 -9999.000 -9999.000 -9999.000
-9999.000 -9999.000 -9999.000 -9999.000 -9999.000 -9999.000 -9999.000 -9999.000 -9999.000 -9999.000 -9999.000 -9999.000 -9999.000 -9999.000 -9999.000 -9999.000 -9999.000 -9999.000 0.1313276E-01 0.2959456E-01 0.6248131E-01 0.1510812 0.2317490 0.2231069 0.1863701 0.1480210 0.1193911 0.9886408E-01 0.6708128E-01 -9999.000 -9999.000 -9999.000 -9999.000 -9999.000 -9999.000 -9999.000 0.5071446E-01 0.1151197 0.1868035 0.2330549 0.2872250 0.3034737 0.2670103 0.2256536 0.2329436 0.3185973 0.3693219 0.3501397 0.2984844 0.2425735 0.2598777 0.3153301 0.3054622 0.2198911 0.1870461 0.1723885 0.1011478 -9999.000 -9999.000 -9999.000
