simulation_files/asc/Depth____000331.asc
NCOLS        79
NROWS        79
XLLCENTER         -1.500000
YLLCENTER         -4.800000
CELLSIZE           0.100
NODATA_VALUE     -9999.0
[rows 0 to 25 of 79, columns 0 to 58 of 79]
-9999.000 -9999.000 -9999.000 -9999.000 -9999.000 -9999.000 -9999.000 -9999.000 -9999.000 -9999.000 -9999.000 -9999.000 -9999.000 -9999.000 -9999.000 0.6732398 0.6736006 0.6736054 0.6734830 0.6732936 0.6730631 0.6728070 0.6725486 0.6722906 0.6720422 0.6718094 0.6715869 0.6713398 0.6709614 0.6709130 0.6709130 -9999.000 -9999.000 -9999.000 -9999.000 -9999.000 -9999.000 -9999.000 -9999.000 -9999.000 -9999.000 -9999.000 -9999.000 -9999.000 -9999.000 -9999.000 -9999.000 -9999.000 -9999.000 -9999.000 -9999.000 -9999.000 -9999.000 -9999.000 -9999.000 -9999.000 -9999.000 -9999.000 -9999.000
-9999.000 -9999.000 -9999.000 -9999.000 -9999.000 -9999.000 -9999.000 -9999.000 -9999.000 -9999.000 -9999.000 -9999.000 -9999.000 -9999.000 -9999.000 0.6749958 0.6753445 0.6753473 0.6752472 0.6750957 0.6749141 0.6747144 0.6745157 0.6743191 0.6741320 0.6739588 0.6737947 0.6736083 0.6733042 0.6733368 0.6733368 -9999.000 -9999.000 -9999.000 -9999.000 -9999.000 -9999.000 -9999.000 -9999.000 -9999.000 -9999.000 -9999.000 -9999.000 -9999.000 -9999.000 -9999.000 -9999.000 -9999.000 -9999.000 -9999.000 -9999.000 -9999.000 -9999.000 -9999.000 -9999.000 -9999.000 -9999.000 -9999.000 -9999.000
-9999.000 -9999.000 -9999.000 -9999.000 -9999.000 -9999.000 -9999.000 -9999.000 -9999.000 -9999.000 -9999.000 -9999.000 -9999.000 -9999.000 -9999.000 0.6769147 0.6772927 0.6773021 0.6772075 0.6770623 0.6768882 0.6766973 0.6765087 0.6763231 0.6761470 0.6759843 0.6758284 0.6756454 0.6753337 0.6753619 0.6753619 -9999.000 -9999.000 -9999.000 -9999.000 -9999.000 -9999.000 -9999.000 -9999.000 -9999.000 -9999.000 -9999.000 -9999.000 -9999.000 -9999.000 -9999.000 -9999.000 -9999.000 -9999.000 -9999.000 -9999.000 -9999.000 -9999.000 -9999.000 -9999.000 -9999.000 -9999.000 -9999.000 -9999.000
-9999.000 -9999.000 -9999.000 -9999.000 -9999.000 -9999.000 -9999.000 -9999.000 -9999.000 -9999.000 -9999.000 -9999.000 -9999.000 -9999.000 -9999.000 0.6788828 0.6792781 0.6792894 0.6791953 0.6790503 0.6788765 0.6786861 0.6784990 0.6783149 0.6781405 0.6779793 0.6778237 0.6776375 0.6773120 0.6773182 0.6773182 -9999.000 -9999.000 -9999.000 -9999.000 -9999.000 -9999.000 -9999.000 -9999.000 -9999.000 -9999.000 -9999.000 -9999.000 -9999.000 -9999.000 -9999.000 -9999.000 -9999.000 -9999.000 -9999.000 -9999.000 -9999.000 -9999.000 -9999.000 -9999.000 -9999.000 -9999.000 -9999.000 -9999.000
-9999.000 -9999.000 -9999.000 -9999.000 -9999.000 -9999.000 -9999.000 -9999.000 -9999.000 -9999.000 -9999.000 -9999.000 -9999.000 -9999.000 -9999.000 0.6808720 0.6812787 0.6812898 0.6811934 0.6810455 0.6808684 0.6806745 0.6804847 0.6802975 0.6801205 0.6799566 0.6797975 0.6796041 0.6792594 0.6792290 0.6792290 -9999.000 -9999.000 -9999.000 -9999.000 -9999.000 -9999.000 -9999.000 -9999.000 -9999.000 -9999.000 -9999.000 -9999.000 -9999.000 -9999.000 -9999.000 -9999.000 -9999.000 -9999.000 -9999.000 -9999.000 -9999.000 -9999.000 -9999.000 -9999.000 -9999.000 -9999.000 -9999.000 -9999.000
-9999.000 -9999.000 -9999.000 -9999.000 -9999.000 -9999.000 -9999.000 -9999.000 -9999.000 -9999.000 -9999.000 -9999.000 -9999.000 -9999.000 -9999.000 0.6828685 0.6832840 0.6832934 0.6831933 0.6830409 0.6828586 0.6826593 0.6824646 0.6822722 0.6820902 0.6819215 0.6817568 0.6815535 0.6811845 0.6811030 0.6811030 -9999.000 -9999.000 -9999.000 -9999.000 -9999.000 -9999.000 -9999.000 -9999.000 -9999.000 -9999.000 -9999.000 -9999.000 -9999.000 -9999.000 -9999.000 -9999.000 -9999.000 -9999.000 -9999.000 -9999.000 -9999.000 -9999.000 -9999.000 -9999.000 -9999.000 -9999.000 -9999.000 -9999.000
-9999.000 -9999.000 -9999.000 -9999.000 -9999.000 -9999.000 -9999.000 -9999.000 -9999.000 -9999.000 -9999.000 -9999.000 -9999.000 -9999.000 -9999.000 0.6848658 0.6852885 0.6852952 0.6851904 0.6850326 0.6848443 0.6846383 0.6844379 0.6842390 0.6840508 0.6838761 0.6837043 0.6834888 0.6830905 0.6829405 0.6829405 -9999.000 -9999.000 -9999.000 -9999.000 -9999.000 -9999.000 -9999.000 -9999.000 -9999.000 -9999.000 -9999.000 -9999.000 -9999.000 -9999.000 -9999.000 -9999.000 -9999.000 -9999.000 -9999.000 -9999.000 -9999.000 -9999.000 -9999.000 -9999.000 -9999.000 -9999.000 -9999.000 -9999.000
-9999.000 -9999.000 -9999.000 -9999.000 -9999.000 -9999.000 -9999.000 -9999.000 -9999.000 -9999.000 -9999.000 -9999.000 -9999.000 -9999.000 -9999.000 0.6868600 0.6872892 0.6872921 0.6871820 0.6870183 0.6868234 0.6866101 0.6864033 0.6861972 0.6860020 0.6858205 0.6856405 0.6854106 0.6849769 0.6847363 0.6847363 -9999.000 -9999.000 -9999.000 -9999.000 -9999.000 -9999.000 -9999.000 -9999.000 -9999.000 -9999.000 -9999.000 -9999.000 -9999.000 -9999.000 -9999.000 -9999.000 -9999.000 -9999.000 -9999.000 -9999.000 -9999.000 -9999.000 -9999.000 -9999.000 -9999.000 -9999.000 -9999.000 -9999.000
-9999.000 -9999.000 -9999.000 -9999.000 -9999.000 -9999.000 -9999.000 -9999.000 -9999.000 -9999.000 -9999.000 -9999.000 -9999.000 -9999.000 -9999.000 0.6888489 0.6892840 0.6892823 0.6891662 0.6889961 0.6887940 0.6885730 0.6883595 0.6881455 0.6879428 0.6877538 0.6875644 0.6873174 0.6868415 0.6864806 0.6864806 -9999.000 -9999.000 -9999.000 -9999.000 -9999.000 -9999.000 -9999.000 -9999.000 -9999.000 -9999.000 -9999.000 -9999.000 -9999.000 -9999.000 -9999.000 -9999.000 -9999.000 -9999.000 -9999.000 -9999.000 -9999.000 -9999.000 -9999.000 -9999.000 -9999.000 -9999.000 -9999.000 -9999.000
-9999.000 -9999.000 -9999.000 -9999.000 -9999.000 -9999.000 -9999.000 -9999.000 -9999.000 -9999.000 -9999.000 -9999.000 -9999.000 -9999.000 -9999.000 0.6908301 0.6912711 0.6912638 0.6911410 0.6909641 0.6907545 0.6905252 0.6903047 0.6900822 0.6898714 0.6896741 0.6894742 0.6892071 0.6886805 0.6881582 0.6881582 -9999.000 -9999.000 -9999.000 -9999.000 -9999.000 -9999.000 -9999.000 -9999.000 -9999.000 -9999.000 -9999.000 -9999.000 -9999.000 -9999.000 -9999.000 -9999.000 -9999.000 -9999.000 -9999.000 -9999.000 -9999.000 -9999.000 -9999.000 -9999.000 -9999.000 -9999.000 -9999.000 -9999.000
-9999.000 -9999.000 -9999.000 -9999.000 -9999.000 -9999.000 -9999.000 -9999.000 -9999.000 -9999.000 -9999.000 -9999.000 -9999.000 -9999.000 -9999.000 0.6928012 0.6932486 0.6932346 0.6931043 0.6929200 0.6927024 0.6924642 0.6922366 0.6920049 0.6917853 0.6915790 0.6913669 0.6910760 0.6904876 0.6897459 0.6897459 -9999.000 -9999.000 -9999.000 -9999.000 -9999.000 -9999.000 -9999.000 -9999.000 -9999.000 -9999.000 -9999.000 -9999.000 -9999.000 -9999.000 -9999.000 -9999.000 -9999.000 -9999.000 -9999.000 -9999.000 -9999.000 -9999.000 -9999.000 -9999.000 -9999.000 -9999.000 -9999.000 -9999.000
-9999.000 -9999.000 -9999.000 -9999.000 -9999.000 -9999.000 -9999.000 -9999.000 -9999.000 -9999.000 -9999.000 -9999.000 -9999.000 -9999.000 -9999.000 0.6947591 0.6952137 0.6951918 0.6950532 0.6948610 0.6946348 0.6943871 0.6941521 0.6939102 0.6936809 0.6934646 0.6932384 0.6929185 0.6922545 0.6912086 0.6912086 -9999.000 -9999.000 -9999.000 -9999.000 -9999.000 -9999.000 -9999.000 -9999.000 -9999.000 -9999.000 -9999.000 -9999.000 -9999.000 -9999.000 -9999.000 -9999.000 -9999.000 -9999.000 -9999.000 -9999.000 -9999.000 -9999.000 -9999.000 -9999.000 -9999.000 -9999.000 -9999.000 -9999.000
-9999.000 -9999.000 -9999.000 -9999.000 -9999.000 -9999.000 -9999.000 -9999.000 -9999.000 -9999.000 -9999.000 -9999.000 -9999.000 -9999.000 -9999.000 0.6966993 0.6971626 0.6971317 0.6969836 0.6967829 0.6965474 0.6962895 0.6960465 0.6957933 0.6955533 0.6953253 0.6950821 0.6947265 0.6939684 0.6924906 0.6924906 -9999.000 -9999.000 -9999.000 -9999.000 -9999.000 -9999.000 -9999.000 -9999.000 -9999.000 -9999.000 -9999.000 -9999.000 -9999.000 -9999.000 -9999.000 -9999.000 -9999.000 -9999.000 -9999.000 -9999.000 -9999.000 -9999.000 -9999.000 -9999.000 -9999.000 -9999.000 -9999.000 -9999.000
-9999.000 -9999.000 -9999.000 -9999.000 -9999.000 -9999.000 -9999.000 -9999.000 -9999.000 -9999.000 -9999.000 -9999.000 -9999.000 -9999.000 -9999.000 0.6985958 0.6990793 0.6990434 0.6988890 0.6986817 0.6984375 0.6981688 0.6979172 0.6976502 0.6973972 0.6971547 0.6968900 0.6964886 0.6956111 0.6935055 0.6935055 -9999.000 -9999.000 -9999.000 -9999.000 -9999.000 -9999.000 -9999.000 -9999.000 -9999.000 -9999.000 -9999.000 -9999.000 -9999.000 -9999.000 -9999.000 -9999.000 -9999.000 -9999.000 -9999.000 -9999.000 -9999.000 -9999.000 -9999.000 -9999.000 -9999.000 -9999.000 -9999.000 -9999.000
-9999.000 -9999.000 -9999.000 -9999.000 -9999.000 -9999.000 -9999.000 -9999.000 -9999.000 -9999.000 -9999.000 -9999.000 -9999.000 -9999.000 -9999.000 0.6959946 0.6997654 0.7012544 0.7016068 0.7014231 0.7011393 0.7007846 0.7004273 0.7000383 0.6996640 0.6993065 0.6989267 0.6983742 0.6971986 0.6934484 0.6934484 -9999.000 -9999.000 -9999.000 -9999.000 -9999.000 -9999.000 -9999.000 -9999.000 -9999.000 -9999.000 -9999.000 -9999.000 -9999.000 -9999.000 -9999.000 -9999.000 -9999.000 -9999.000 -9999.000 -9999.000 -9999.000 -9999.000 -9999.000 -9999.000 -9999.000 -9999.000 -9999.000 -9999.000
0.7664254 0.7664254 0.7686232 0.7514367 0.7455998 0.7455998 0.7422526 0.7374341 0.7374341 0.7335499 0.7335499 0.7301923 0.7286629 0.7272164 0.7258132 0.7258132 0.7039230 0.7027170 0.7023094 0.7029986 0.7041648 0.7057558 0.7080953 0.7104075 0.7128376 0.7151355 0.7167085 0.7159812 0.7087796 0.6787518 0.6787518 0.4731614 0.4384963 0.4188522 0.4123639 0.4123639 0.4027132 0.4027132 0.4075351 0.4075351 0.4197271 0.4707555 0.4707555 0.5743067 0.5743067 0.6120845 0.6120845 0.6120845 0.6101344 0.6101344 0.5995111 0.5995111 0.5859258 0.5859258 0.5720521 0.5720521 0.5594908 0.5594908 0.5594908
0.7636452 0.7636452 0.7675236 0.7504823 0.7447374 0.7447374 0.7412578 0.7363865 0.7363865 0.7325233 0.7325233 0.7291861 0.7276651 0.7262267 0.7248313 0.7248313 0.7057843 0.7012112 0.6971496 0.6938230 0.6911396 0.6892150 0.6882963 0.6881832 0.6889282 0.6904269 0.6923795 0.6940521 0.6936743 0.6806633 0.6806633 0.5408446 0.4880742 0.4368802 0.4228168 0.4228168 0.4074944 0.4074944 0.4112779 0.4112779 0.4226128 0.4668594 0.4668594 0.5497126 0.5497126 0.6101854 0.6101854 0.6101854 0.6101020 0.6101020 0.5998372 0.5998372 0.5863174 0.5863174 0.5725470 0.5725470 0.5600268 0.5600268 0.5600268
0.7623674 0.7623674 0.7668812 0.7504686 0.7449162 0.7449162 0.7413211 0.7363412 0.7363412 0.7324725 0.7324725 0.7291394 0.7276186 0.7261785 0.7247763 0.7247763 0.7071027 0.6995369 0.6923282 0.6858959 0.6803722 0.6758734 0.6725747 0.6703982 0.6693527 0.6693867 0.6703051 0.6715630 0.6717538 0.6638712 0.6638712 0.5739930 0.5194755 0.4547226 0.4356432 0.4356432 0.4171596 0.4171596 0.4245782 0.4245782 0.4376288 0.4772463 0.4772463 0.5383162 0.5383162 0.6035391 0.6035391 0.6035391 0.6076292 0.6076292 0.5989324 0.5989324 0.5859531 0.5859531 0.5724189 0.5724189 0.5600474 0.5600474 0.5600474
0.7616152 0.7616152 0.7658904 0.7504426 0.7451194 0.7451194 0.7414349 0.7363301 0.7363301 0.7324555 0.7324555 0.7291352 0.7276182 0.7261801 0.7247705 0.7247705 0.7076588 0.6974078 0.6872222 0.6778577 0.6696526 0.6627754 0.6573626 0.6533799 0.6507891 0.6495196 0.6494074 0.6500356 0.6503220 0.6452162 0.6452162 0.5877879 0.5392514 0.4721901 0.4515737 0.4515737 0.4354965 0.4354965 0.4497668 0.4497668 0.4639000 0.4950917 0.4950917 0.5333952 0.5333952 0.5913250 0.5913250 0.5913250 0.6006349 0.6006349 0.5952445 0.5952445 0.5838774 0.5838774 0.5711768 0.5711768 0.5593898 0.5593898 0.5593898
0.7613871 0.7613871 0.7645523 0.7504498 0.7453088 0.7453088 0.7415540 0.7363219 0.7363219 0.7324348 0.7324348 0.7291272 0.7276148 0.7261795 0.7247581 0.7247581 0.7071189 0.6943823 0.6813973 0.6692366 0.6584132 0.6491735 0.6416607 0.6358796 0.6317823 0.6292809 0.6282153 0.6282395 0.6285104 0.6254268 0.6254268 0.5887241 0.5488762 0.4876459 0.4700698 0.4700698 0.4646865 0.4646865 0.4858761 0.4858761 0.4978896 0.5155793 0.5155793 0.5329716 0.5329716 0.5760707 0.5760707 0.5760707 0.5894163 0.5894163 0.5884929 0.5884929 0.5799463 0.5799463 0.5689021 0.5689021 0.5582576 0.5582576 0.5582576
0.7619883 0.7619883 0.7626159 0.7504860 0.7454605 0.7454605 0.7416555 0.7363234 0.7363234 0.7324257 0.7324257 0.7291278 0.7276183 0.7261842 0.7247434 0.7247434 0.7052177 0.6900380 0.6744094 0.6596234 0.6463105 0.6347813 0.6251990 0.6176033 0.6119616 0.6081899 0.6061398 0.6055216 0.6056758 0.6040681 0.6040681 0.5810745 0.5505759 0.5026668 0.4938725 0.4938725 0.5059628 0.5059628 0.5275028 0.5275028 0.5331600 0.5348620 0.5348620 0.5355845 0.5355845 0.5611240 0.5611240 0.5611240 0.5755808 0.5755808 0.5789457 0.5789457 0.5740675 0.5740675 0.5655259 0.5655259 0.5566697 0.5566697 0.5566697
0.7621576 0.7621576 0.7615990 0.7505230 0.7455589 0.7455589 0.7417222 0.7363229 0.7363229 0.7324165 0.7324165 0.7291253 0.7276185 0.7261859 0.7247175 0.7247175 0.7016657 0.6839321 0.6657616 0.6485321 0.6329176 0.6192558 0.6077192 0.5983689 0.5911915 0.5861195 0.5830274 0.5816801 0.5815758 0.5809952 0.5809952 0.5674344 0.5466568 0.5222053 0.5285692 0.5285692 0.5563589 0.5563589 0.5667810 0.5667810 0.5637934 0.5512245 0.5512245 0.5401139 0.5401139 0.5488564 0.5488564 0.5488564 0.5611615 0.5611615 0.5673760 0.5673760 0.5663379 0.5663379 0.5609828 0.5609828 0.5545831 0.5545831 0.5545831
0.7622135 0.7622135 0.7612630 0.7505350 0.7455918 0.7455918 0.7417453 0.7363228 0.7363228 0.7324134 0.7324134 0.7291245 0.7276185 0.7261864 0.7246786 0.7246786 0.6960901 0.6755581 0.6548834 0.6353871 0.6177021 0.6021412 0.5888591 0.5779147 0.5693032 0.5629738 0.5588273 0.5566833 0.5561880 0.5563216 0.5563216 0.5498231 0.5403275 0.5544550 0.5785467 0.5785467 0.6068052 0.6068052 0.5979306 0.5979306 0.5873895 0.5647274 0.5647274 0.5457693 0.5457693 0.5402145 0.5402145 0.5402145 0.5479236 0.5479236 0.5548981 0.5548981 0.5571305 0.5571305 0.5553184 0.5553184 0.5519735 0.5519735 0.5519735
0.7621576 0.7621576 0.7615990 0.7505229 0.7455588 0.7455588 0.7417223 0.7363229 0.7363229 0.7324166 0.7324166 0.7291253 0.7276184 0.7261859 0.7246225 0.7246225 0.6879503 0.6642691 0.6410786 0.6194941 0.6000143 0.5828642 0.5681397 0.5558675 0.5460322 0.5385892 0.5334617 0.5305213 0.5295770 0.5304154 0.5304154 0.5307564 0.5378069 0.6064122 0.6393500 0.6393500 0.6469058 0.6469058 0.6201140 0.6201140 0.6048170 0.5760164 0.5760164 0.5519122 0.5519122 0.5350190 0.5350190 0.5350190 0.5369686 0.5369686 0.5426980 0.5426980 0.5470892 0.5470892 0.5487579 0.5487579 0.5488853 0.5488853 0.5488853
0.7619885 0.7619885 0.7626158 0.7504860 0.7454603 0.7454603 0.7416556 0.7363233 0.7363233 0.7324259 0.7324259 0.7291279 0.7276184 0.7261843 0.7245429 0.7245429 0.6764202 0.6491698 0.6234452 0.5999885 0.5790566 0.5607148 0.5449526 0.5317301 0.5209970 0.5126989 0.5067709 0.5031350 0.5018556 0.5042140 0.5042140 0.5153725 0.5515264 0.6733923 0.6950957 0.6950957 0.6729164 0.6729164 0.6356310 0.6356310 0.6179420 0.5855556 0.5855556 0.5579875 0.5579875 0.5325167 0.5325167 0.5325167 0.5286852 0.5286852 0.5317730 0.5317730 0.5370361 0.5370361 0.5417320 0.5417320 0.5454751 0.5454751 0.5454751
0.7613873 0.7613873 0.7645521 0.7504497 0.7453088 0.7453088 0.7415541 0.7363219 0.7363219 0.7324349 0.7324349 0.7291273 0.7276149 0.7261796 0.7244294 0.7244294 0.6601764 0.6289382 0.6007402 0.5757391 0.5538208 0.5348095 0.5185372 0.5048639 0.4936814 0.4849080 0.4784783 0.4743818 0.4733199 0.4806520 0.4806520 0.5161633 0.5984470 0.7339435 0.7306009 0.7306009 0.6884084 0.6884084 0.6468448 0.6468448 0.6280966 0.5934786 0.5934786 0.5635316 0.5635316 0.5318201 0.5318201 0.5318201 0.5229257 0.5229257 0.5227728 0.5227728 0.5278171 0.5278171 0.5348368 0.5348368 0.5420203 0.5420203 0.5420203
