simulation_files/asc/Depth____180.0.asc
NCOLS        79
NROWS        79
XLLCENTER         -1.500000
YLLCENTER         -4.800000
CELLSIZE           0.100
NODATA_VALUE     -9999.0
[rows 0 to 25 of 79, columns 0 to 58 of 79]
-9999.000 -9999.000 -9999.000 -9999.000 -9999.000 -9999.000 -9999.000 -9999.000 -9999.000 -9999.000 -9999.000 -9999.000 -9999.000 -9999.000 -9999.000 0.6965735 0.6970173 0.6971861 0.6971711 0.6969949 0.6967445 0.6964611 0.6961626 0.6958730 0.6956008 0.6953477 0.6951144 0.6948759 0.6945317 0.6944987 0.6944987 -9999.000 -9999.000 -9999.000 -9999.000 -9999.000 -9999.000 -9999.000 -9999.000 -9999.000 -9999.000 -9999.000 -9999.000 -9999.000 -9999.000 -9999.000 -9999.000 -9999.000 -9999.000 -9999.000 -9999.000 -9999.000 -9999.000 -9999.000 -9999.000 -9999.000 -9999.000 -9999.000 -9999.000
-9999.000 -9999.000 -9999.000 -9999.000 -9999.000 -9999.000 -9999.000 -9999.000 -9999.000 -9999.000 -9999.000 -9999.000 -9999.000 -9999.000 -9999.000 0.6983510 0.6987585 0.6988963 0.6988830 0.6987393 0.6985397 0.6983177 0.6980869 0.6978661 0.6976614 0.6974732 0.6973011 0.6971227 0.6968482 0.6968943 0.6968943 -9999.000 -9999.000 -9999.000 -9999.000 -9999.000 -9999.000 -9999.000 -9999.000 -9999.000 -9999.000 -9999.000 -9999.000 -9999.000 -9999.000 -9999.000 -9999.000 -9999.000 -9999.000 -9999.000 -9999.000 -9999.000 -9999.000 -9999.000 -9999.000 -9999.000 -9999.000 -9999.000 -9999.000
-9999.000 -9999.000 -9999.000 -9999.000 -9999.000 -9999.000 -9999.000 -9999.000 -9999.000 -9999.000 -9999.000 -9999.000 -9999.000 -9999.000 -9999.000 0.7002731 0.7007158 0.7008655 0.7008614 0.7007236 0.7005298 0.7003149 0.7000924 0.6998811 0.6996866 0.6995080 0.6993440 0.6991698 0.6988903 0.6989337 0.6989337 -9999.000 -9999.000 -9999.000 -9999.000 -9999.000 -9999.000 -9999.000 -9999.000 -9999.000 -9999.000 -9999.000 -9999.000 -9999.000 -9999.000 -9999.000 -9999.000 -9999.000 -9999.000 -9999.000 -9999.000 -9999.000 -9999.000 -9999.000 -9999.000 -9999.000 -9999.000 -9999.000 -9999.000
-9999.000 -9999.000 -9999.000 -9999.000 -9999.000 -9999.000 -9999.000 -9999.000 -9999.000 -9999.000 -9999.000 -9999.000 -9999.000 -9999.000 -9999.000 0.7022427 0.7027085 0.7028658 0.7028657 0.7027276 0.7025329 0.7023175 0.7020947 0.7018841 0.7016907 0.7015131 0.7013493 0.7011731 0.7008829 0.7009072 0.7009072 -9999.000 -9999.000 -9999.000 -9999.000 -9999.000 -9999.000 -9999.000 -9999.000 -9999.000 -9999.000 -9999.000 -9999.000 -9999.000 -9999.000 -9999.000 -9999.000 -9999.000 -9999.000 -9999.000 -9999.000 -9999.000 -9999.000 -9999.000 -9999.000 -9999.000 -9999.000 -9999.000 -9999.000
-9999.000 -9999.000 -9999.000 -9999.000 -9999.000 -9999.000 -9999.000 -9999.000 -9999.000 -9999.000 -9999.000 -9999.000 -9999.000 -9999.000 -9999.000 0.7042308 0.7047150 0.7048778 0.7048794 0.7047378 0.7045386 0.7043189 0.7040919 0.7038777 0.7036814 0.7035007 0.7033338 0.7031521 0.7028469 0.7028389 0.7028389 -9999.000 -9999.000 -9999.000 -9999.000 -9999.000 -9999.000 -9999.000 -9999.000 -9999.000 -9999.000 -9999.000 -9999.000 -9999.000 -9999.000 -9999.000 -9999.000 -9999.000 -9999.000 -9999.000 -9999.000 -9999.000 -9999.000 -9999.000 -9999.000 -9999.000 -9999.000 -9999.000 -9999.000
-9999.000 -9999.000 -9999.000 -9999.000 -9999.000 -9999.000 -9999.000 -9999.000 -9999.000 -9999.000 -9999.000 -9999.000 -9999.000 -9999.000 -9999.000 0.7062246 0.7067248 0.7068922 0.7068944 0.7067475 0.7065420 0.7063162 0.7060829 0.7058632 0.7056620 0.7054764 0.7053044 0.7051152 0.7047912 0.7047383 0.7047383 -9999.000 -9999.000 -9999.000 -9999.000 -9999.000 -9999.000 -9999.000 -9999.000 -9999.000 -9999.000 -9999.000 -9999.000 -9999.000 -9999.000 -9999.000 -9999.000 -9999.000 -9999.000 -9999.000 -9999.000 -9999.000 -9999.000 -9999.000 -9999.000 -9999.000 -9999.000 -9999.000 -9999.000
-9999.000 -9999.000 -9999.000 -9999.000 -9999.000 -9999.000 -9999.000 -9999.000 -9999.000 -9999.000 -9999.000 -9999.000 -9999.000 -9999.000 -9999.000 0.7082176 0.7087330 0.7089042 0.7089064 0.7087530 0.7085403 0.7083074 0.7080667 0.7078406 0.7076336 0.7074420 0.7072638 0.7070654 0.7067189 0.7066066 0.7066066 -9999.000 -9999.000 -9999.000 -9999.000 -9999.000 -9999.000 -9999.000 -9999.000 -9999.000 -9999.000 -9999.000 -9999.000 -9999.000 -9999.000 -9999.000 -9999.000 -9999.000 -9999.000 -9999.000 -9999.000 -9999.000 -9999.000 -9999.000 -9999.000 -9999.000 -9999.000 -9999.000 -9999.000
-9999.000 -9999.000 -9999.000 -9999.000 -9999.000 -9999.000 -9999.000 -9999.000 -9999.000 -9999.000 -9999.000 -9999.000 -9999.000 -9999.000 -9999.000 0.7102065 0.7107370 0.7109113 0.7109129 0.7107521 0.7105315 0.7102910 0.7100423 0.7098093 0.7095960 0.7093977 0.7092125 0.7090036 0.7086303 0.7084407 0.7084407 -9999.000 -9999.000 -9999.000 -9999.000 -9999.000 -9999.000 -9999.000 -9999.000 -9999.000 -9999.000 -9999.000 -9999.000 -9999.000 -9999.000 -9999.000 -9999.000 -9999.000 -9999.000 -9999.000 -9999.000 -9999.000 -9999.000 -9999.000 -9999.000 -9999.000 -9999.000 -9999.000 -9999.000
-9999.000 -9999.000 -9999.000 -9999.000 -9999.000 -9999.000 -9999.000 -9999.000 -9999.000 -9999.000 -9999.000 -9999.000 -9999.000 -9999.000 -9999.000 0.7121896 0.7127350 0.7129117 0.7129124 0.7127432 0.7125141 0.7122656 0.7120085 0.7117683 0.7115483 0.7113427 0.7111499 0.7109288 0.7105239 0.7102333 0.7102333 -9999.000 -9999.000 -9999.000 -9999.000 -9999.000 -9999.000 -9999.000 -9999.000 -9999.000 -9999.000 -9999.000 -9999.000 -9999.000 -9999.000 -9999.000 -9999.000 -9999.000 -9999.000 -9999.000 -9999.000 -9999.000 -9999.000 -9999.000 -9999.000 -9999.000 -9999.000 -9999.000 -9999.000
-9999.000 -9999.000 -9999.000 -9999.000 -9999.000 -9999.000 -9999.000 -9999.000 -9999.000 -9999.000 -9999.000 -9999.000 -9999.000 -9999.000 -9999.000 0.7141652 0.7147257 0.7149040 0.7149032 0.7147246 0.7144863 0.7142295 0.7139636 0.7137160 0.7134892 0.7132757 0.7130746 0.7128395 0.7123972 0.7119737 0.7119737 -9999.000 -9999.000 -9999.000 -9999.000 -9999.000 -9999.000 -9999.000 -9999.000 -9999.000 -9999.000 -9999.000 -9999.000 -9999.000 -9999.000 -9999.000 -9999.000 -9999.000 -9999.000 -9999.000 -9999.000 -9999.000 -9999.000 -9999.000 -9999.000 -9999.000 -9999.000 -9999.000 -9999.000
-9999.000 -9999.000 -9999.000 -9999.000 -9999.000 -9999.000 -9999.000 -9999.000 -9999.000 -9999.000 -9999.000 -9999.000 -9999.000 -9999.000 -9999.000 0.7161314 0.7167075 0.7168864 0.7168834 0.7166942 0.7164462 0.7161808 0.7159057 0.7156505 0.7154167 0.7151948 0.7149844 0.7147332 0.7142463 0.7136457 0.7136457 -9999.000 -9999.000 -9999.000 -9999.000 -9999.000 -9999.000 -9999.000 -9999.000 -9999.000 -9999.000 -9999.000 -9999.000 -9999.000 -9999.000 -9999.000 -9999.000 -9999.000 -9999.000 -9999.000 -9999.000 -9999.000 -9999.000 -9999.000 -9999.000 -9999.000 -9999.000 -9999.000 -9999.000
-9999.000 -9999.000 -9999.000 -9999.000 -9999.000 -9999.000 -9999.000 -9999.000 -9999.000 -9999.000 -9999.000 -9999.000 -9999.000 -9999.000 -9999.000 0.7180862 0.7186784 0.7188568 0.7188508 0.7186496 0.7183912 0.7181169 0.7178321 0.7175692 0.7173281 0.7170970 0.7168762 0.7166062 0.7160657 0.7152256 0.7152256 -9999.000 -9999.000 -9999.000 -9999.000 -9999.000 -9999.000 -9999.000 -9999.000 -9999.000 -9999.000 -9999.000 -9999.000 -9999.000 -9999.000 -9999.000 -9999.000 -9999.000 -9999.000 -9999.000 -9999.000 -9999.000 -9999.000 -9999.000 -9999.000 -9999.000 -9999.000 -9999.000 -9999.000
-9999.000 -9999.000 -9999.000 -9999.000 -9999.000 -9999.000 -9999.000 -9999.000 -9999.000 -9999.000 -9999.000 -9999.000 -9999.000 -9999.000 -9999.000 0.7200253 0.7206348 0.7208117 0.7208021 0.7205876 0.7203183 0.7200348 0.7197398 0.7194687 0.7192198 0.7189785 0.7187460 0.7184533 0.7178474 0.7166771 0.7166771 -9999.000 -9999.000 -9999.000 -9999.000 -9999.000 -9999.000 -9999.000 -9999.000 -9999.000 -9999.000 -9999.000 -9999.000 -9999.000 -9999.000 -9999.000 -9999.000 -9999.000 -9999.000 -9999.000 -9999.000 -9999.000 -9999.000 -9999.000 -9999.000 -9999.000 -9999.000 -9999.000 -9999.000
-9999.000 -9999.000 -9999.000 -9999.000 -9999.000 -9999.000 -9999.000 -9999.000 -9999.000 -9999.000 -9999.000 -9999.000 -9999.000 -9999.000 -9999.000 0.7217981 0.7224617 0.7226857 0.7227412 0.7225406 0.7222616 0.7219672 0.7216578 0.7213740 0.7211126 0.7208554 0.7206059 0.7202827 0.7195941 0.7179611 0.7179611 -9999.000 -9999.000 -9999.000 -9999.000 -9999.000 -9999.000 -9999.000 -9999.000 -9999.000 -9999.000 -9999.000 -9999.000 -9999.000 -9999.000 -9999.000 -9999.000 -9999.000 -9999.000 -9999.000 -9999.000 -9999.000 -9999.000 -9999.000 -9999.000 -9999.000 -9999.000 -9999.000 -9999.000
-9999.000 -9999.000 -9999.000 -9999.000 -9999.000 -9999.000 -9999.000 -9999.000 -9999.000 -9999.000 -9999.000 -9999.000 -9999.000 -9999.000 -9999.000 0.7132648 0.7205650 0.7245308 0.7269171 0.7271723 0.7264730 0.7257592 0.7250531 0.7244196 0.7238605 0.7233500 0.7228870 0.7223585 0.7213770 0.7184131 0.7184131 -9999.000 -9999.000 -9999.000 -9999.000 -9999.000 -9999.000 -9999.000 -9999.000 -9999.000 -9999.000 -9999.000 -9999.000 -9999.000 -9999.000 -9999.000 -9999.000 -9999.000 -9999.000 -9999.000 -9999.000 -9999.000 -9999.000 -9999.000 -9999.000 -9999.000 -9999.000 -9999.000 -9999.000
0.8117995 0.8117995 0.8101385 0.7881615 0.7837009 0.7837009 0.7801183 0.7740711 0.7740711 0.7689836 0.7689836 0.7646052 0.7626243 0.7607574 0.7589906 0.7589906 0.7279673 0.7268032 0.7256041 0.7250122 0.7261173 0.7276981 0.7295943 0.7321398 0.7349564 0.7375571 0.7398024 0.7404469 0.7356137 0.7100264 0.7100264 0.5085204 0.4713828 0.4471176 0.4386864 0.4386864 0.4242921 0.4242921 0.4209005 0.4209005 0.4277000 0.4655201 0.4655201 0.5384346 0.5384346 0.6306939 0.6306939 0.6306939 0.6374303 0.6374303 0.6298001 0.6298001 0.6163886 0.6163886 0.6014724 0.6014724 0.5871879 0.5871879 0.5871879
0.8090298 0.8090298 0.8088173 0.7872429 0.7826752 0.7826752 0.7790433 0.7729852 0.7729852 0.7679157 0.7679157 0.7635548 0.7615816 0.7597225 0.7579632 0.7579632 0.7318937 0.7265685 0.7218388 0.7176362 0.7144783 0.7120916 0.7104985 0.7099203 0.7103001 0.7114470 0.7132595 0.7151979 0.7156410 0.7088197 0.7088197 0.5736941 0.5203652 0.4657638 0.4497732 0.4497732 0.4294483 0.4294483 0.4254661 0.4254661 0.4319646 0.4660842 0.4660842 0.5274226 0.5274226 0.6227245 0.6227245 0.6227245 0.6353868 0.6353868 0.6295304 0.6295304 0.6166939 0.6166939 0.6020440 0.6020440 0.5878761 0.5878761 0.5878761
0.8078215 0.8078215 0.8079234 0.7874060 0.7827711 0.7827711 0.7790639 0.7729487 0.7729487 0.7678714 0.7678714 0.7635077 0.7615324 0.7596706 0.7579084 0.7579084 0.7349874 0.7262506 0.7181240 0.7106847 0.7043530 0.6991293 0.6950167 0.6921310 0.6904712 0.6899245 0.6904022 0.6915423 0.6921583 0.6879410 0.6879410 0.6051131 0.5505315 0.4830711 0.4619821 0.4619821 0.4376806 0.4376806 0.4373945 0.4373945 0.4467907 0.4813384 0.4813384 0.5297149 0.5297149 0.6120392 0.6120392 0.6120392 0.6297755 0.6297755 0.6271190 0.6271190 0.6156697 0.6156697 0.6015886 0.6015886 0.5877042 0.5877042 0.5877042
0.8071855 0.8071855 0.8065721 0.7875974 0.7829133 0.7829133 0.7791247 0.7729438 0.7729438 0.7678645 0.7678645 0.7635057 0.7615315 0.7596701 0.7579079 0.7579079 0.7370850 0.7255120 0.7141606 0.7035707 0.6942329 0.6863202 0.6798777 0.6749585 0.6715454 0.6695338 0.6688067 0.6690818 0.6694920 0.6669263 0.6669263 0.6157241 0.5683399 0.4992131 0.4762041 0.4762041 0.4529317 0.4529317 0.4606406 0.4606406 0.4735093 0.5052950 0.5052950 0.5372503 0.5372503 0.5982794 0.5982794 0.5982794 0.6190618 0.6190618 0.6208823 0.6208823 0.6122186 0.6122186 0.5996102 0.5996102 0.5865971 0.5865971 0.5865971
0.8073924 0.8073924 0.8044846 0.7877975 0.7830622 0.7830622 0.7791930 0.7729430 0.7729430 0.7678607 0.7678607 0.7635071 0.7615342 0.7596732 0.7579110 0.7579110 0.7378204 0.7237654 0.7094414 0.6958576 0.6836363 0.6730768 0.6642925 0.6573327 0.6521801 0.6487393 0.6468756 0.6463386 0.6464707 0.6450441 0.6450441 0.6134419 0.5755436 0.5122783 0.4913602 0.4913602 0.4775845 0.4775845 0.4963018 0.4963018 0.5102775 0.5325041 0.5325041 0.5467481 0.5467481 0.5841569 0.5841569 0.5841569 0.6047063 0.6047063 0.6109504 0.6109504 0.6061990 0.6061990 0.5960861 0.5960861 0.5846706 0.5846706 0.5846706
0.8073475 0.8073475 0.8031659 0.7879522 0.7831800 0.7831800 0.7792478 0.7729398 0.7729398 0.7678550 0.7678550 0.7635059 0.7615343 0.7596737 0.7579117 0.7579117 0.7369224 0.7204877 0.7034121 0.6870518 0.6721451 0.6590718 0.6480044 0.6390114 0.6320900 0.6271656 0.6241119 0.6227095 0.6224543 0.6217709 0.6217709 0.6026833 0.5743610 0.5230944 0.5093951 0.5093951 0.5146168 0.5146168 0.5410900 0.5410900 0.5509961 0.5577970 0.5577970 0.5562531 0.5562531 0.5721652 0.5721652 0.5721652 0.5891463 0.5891463 0.5982754 0.5982754 0.5977317 0.5977317 0.5909454 0.5909454 0.5818893 0.5818893 0.5818893
0.8073216 0.8073216 0.8023775 0.7880434 0.7832538 0.7832538 0.7792831 0.7729376 0.7729376 0.7678512 0.7678512 0.7635053 0.7615343 0.7596741 0.7579121 0.7579121 0.7341282 0.7151920 0.6955040 0.6765953 0.6592542 0.6438916 0.6307073 0.6197867 0.6111414 0.6047212 0.6004225 0.5980659 0.5972745 0.5969837 0.5969837 0.5860783 0.5669164 0.5353844 0.5358052 0.5358052 0.5645115 0.5645115 0.5867128 0.5867128 0.5879867 0.5785306 0.5785306 0.5651228 0.5651228 0.5635827 0.5635827 0.5635827 0.5746130 0.5746130 0.5842567 0.5842567 0.5872570 0.5872570 0.5842133 0.5842133 0.5781995 0.5781995 0.5781995
0.8073133 0.8073133 0.8021152 0.7880736 0.7832788 0.7832788 0.7792953 0.7729368 0.7729368 0.7678498 0.7678498 0.7635051 0.7615343 0.7596743 0.7579123 0.7579123 0.7290773 0.7073421 0.6850924 0.6638482 0.6443580 0.6270032 0.6119701 0.5993384 0.5891231 0.5812910 0.5757638 0.5724057 0.5709574 0.5708150 0.5708150 0.5655817 0.5558289 0.5566854 0.5778893 0.5778893 0.6206350 0.6206350 0.6247410 0.6247410 0.6166357 0.5946366 0.5946366 0.5733247 0.5733247 0.5584883 0.5584883 0.5584883 0.5625311 0.5625311 0.5703568 0.5703568 0.5755193 0.5755193 0.5761005 0.5761005 0.5736097 0.5736097 0.5736097
0.8073217 0.8073217 0.8023774 0.7880434 0.7832538 0.7832538 0.7792832 0.7729375 0.7729375 0.7678512 0.7678512 0.7635053 0.7615344 0.7596742 0.7579122 0.7579122 0.7212248 0.6962666 0.6714386 0.6480627 0.6267422 0.6077599 0.5912396 0.5772231 0.5657082 0.5566633 0.5500290 0.5457101 0.5435753 0.5435972 0.5435972 0.5433406 0.5458003 0.5971393 0.6376919 0.6376919 0.6703219 0.6703219 0.6516739 0.6516739 0.6369052 0.6072441 0.6072441 0.5809281 0.5809281 0.5562617 0.5562617 0.5562617 0.5534406 0.5534406 0.5577843 0.5577843 0.5634850 0.5634850 0.5670591 0.5670591 0.5682662 0.5682662 0.5682662
0.8073475 0.8073475 0.8031659 0.7879522 0.7831801 0.7831801 0.7792479 0.7729399 0.7729399 0.7678550 0.7678550 0.7635060 0.7615343 0.7596738 0.7579116 0.7579116 0.7097157 0.6810375 0.6535985 0.6283233 0.6055505 0.5853857 0.5678365 0.5528708 0.5404434 0.5305058 0.5230042 0.5178809 0.5152012 0.5160986 0.5160986 0.5233137 0.5468113 0.6606750 0.7035908 0.7035908 0.7041910 0.7041910 0.6693485 0.6693485 0.6511616 0.6174177 0.6174177 0.5878744 0.5878744 0.5560417 0.5560417 0.5560417 0.5472052 0.5472052 0.5473011 0.5473011 0.5521125 0.5521125 0.5577436 0.5577436 0.5624813 0.5624813 0.5624813
0.8073925 0.8073925 0.8044845 0.7877973 0.7830623 0.7830623 0.7791932 0.7729430 0.7729430 0.7678608 0.7678608 0.7635071 0.7615341 0.7596733 0.7579110 0.7579110 0.6931654 0.6602787 0.6302757 0.6034438 0.5797161 0.5589339 0.5409332 0.5255719 0.5127387 0.5023500 0.4943441 0.4887100 0.4860089 0.4907210 0.4907210 0.5153882 0.5761942 0.7329224 0.7544178 0.7544178 0.7230620 0.7230620 0.6811333 0.6811333 0.6615571 0.6256838 0.6256838 0.5939632 0.5939632 0.5569950 0.5569950 0.5569950 0.5433122 0.5433122 0.5392025 0.5392025 0.5422099 0.5422099 0.5489227 0.5489227 0.5567237 0.5567237 0.5567237
