simulation_files/asc/Depth____234.0.asc
NCOLS        79
NROWS        79
XLLCENTER         -1.500000
YLLCENTER         -4.800000
CELLSIZE           0.100
NODATA_VALUE     -9999.0
[rows 0 to 25 of 79, columns 0 to 58 of 79]
-9999.000 -9999.000 -9999.000 -9999.000 -9999.000 -9999.000 -9999.000 -9999.000 -9999.000 -9999.000 -9999.000 -9999.000 -9999.000 -9999.000 -9999.000 0.7535257 0.7540882 0.7543501 0.7544057 0.7542200 0.7539294 0.7536025 0.7532628 0.7529364 0.7526336 0.7523550 0.7521003 0.7518418 0.7514694 0.7514399 0.7514399 -9999.000 -9999.000 -9999.000 -9999.000 -9999.000 -9999.000 -9999.000 -9999.000 -9999.000 -9999.000 -9999.000 -9999.000 -9999.000 -9999.000 -9999.000 -9999.000 -9999.000 -9999.000 -9999.000 -9999.000 -9999.000 -9999.000 -9999.000 -9999.000 -9999.000 -9999.000 -9999.000 -9999.000
-9999.000 -9999.000 -9999.000 -9999.000 -9999.000 -9999.000 -9999.000 -9999.000 -9999.000 -9999.000 -9999.000 -9999.000 -9999.000 -9999.000 -9999.000 0.7553427 0.7558464 0.7560591 0.7561030 0.7559509 0.7557191 0.7554640 0.7552032 0.7549571 0.7547323 0.7545280 0.7543429 0.7541516 0.7538562 0.7539154 0.7539154 -9999.000 -9999.000 -9999.000 -9999.000 -9999.000 -9999.000 -9999.000 -9999.000 -9999.000 -9999.000 -9999.000 -9999.000 -9999.000 -9999.000 -9999.000 -9999.000 -9999.000 -9999.000 -9999.000 -9999.000 -9999.000 -9999.000 -9999.000 -9999.000 -9999.000 -9999.000 -9999.000 -9999.000
-9999.000 -9999.000 -9999.000 -9999.000 -9999.000 -9999.000 -9999.000 -9999.000 -9999.000 -9999.000 -9999.000 -9999.000 -9999.000 -9999.000 -9999.000 0.7572484 0.7577904 0.7580163 0.7580701 0.7579234 0.7576966 0.7574480 0.7571949 0.7569578 0.7567427 0.7565477 0.7563703 0.7561828 0.7558818 0.7559369 0.7559369 -9999.000 -9999.000 -9999.000 -9999.000 -9999.000 -9999.000 -9999.000 -9999.000 -9999.000 -9999.000 -9999.000 -9999.000 -9999.000 -9999.000 -9999.000 -9999.000 -9999.000 -9999.000 -9999.000 -9999.000 -9999.000 -9999.000 -9999.000 -9999.000 -9999.000 -9999.000 -9999.000 -9999.000
-9999.000 -9999.000 -9999.000 -9999.000 -9999.000 -9999.000 -9999.000 -9999.000 -9999.000 -9999.000 -9999.000 -9999.000 -9999.000 -9999.000 -9999.000 0.7592055 0.7597725 0.7600060 0.7600632 0.7599150 0.7596863 0.7594364 0.7591824 0.7589455 0.7587309 0.7585363 0.7583587 0.7581685 0.7578558 0.7578893 0.7578893 -9999.000 -9999.000 -9999.000 -9999.000 -9999.000 -9999.000 -9999.000 -9999.000 -9999.000 -9999.000 -9999.000 -9999.000 -9999.000 -9999.000 -9999.000 -9999.000 -9999.000 -9999.000 -9999.000 -9999.000 -9999.000 -9999.000 -9999.000 -9999.000 -9999.000 -9999.000 -9999.000 -9999.000
-9999.000 -9999.000 -9999.000 -9999.000 -9999.000 -9999.000 -9999.000 -9999.000 -9999.000 -9999.000 -9999.000 -9999.000 -9999.000 -9999.000 -9999.000 0.7611815 0.7617685 0.7620069 0.7620647 0.7619116 0.7616775 0.7614227 0.7611639 0.7609232 0.7607053 0.7605073 0.7603261 0.7601298 0.7598007 0.7597989 0.7597989 -9999.000 -9999.000 -9999.000 -9999.000 -9999.000 -9999.000 -9999.000 -9999.000 -9999.000 -9999.000 -9999.000 -9999.000 -9999.000 -9999.000 -9999.000 -9999.000 -9999.000 -9999.000 -9999.000 -9999.000 -9999.000 -9999.000 -9999.000 -9999.000 -9999.000 -9999.000 -9999.000 -9999.000
-9999.000 -9999.000 -9999.000 -9999.000 -9999.000 -9999.000 -9999.000 -9999.000 -9999.000 -9999.000 -9999.000 -9999.000 -9999.000 -9999.000 -9999.000 0.7631631 0.7637678 0.7640096 0.7640662 0.7639061 0.7636649 0.7634037 0.7631385 0.7628923 0.7626694 0.7624662 0.7622795 0.7620749 0.7617252 0.7616746 0.7616746 -9999.000 -9999.000 -9999.000 -9999.000 -9999.000 -9999.000 -9999.000 -9999.000 -9999.000 -9999.000 -9999.000 -9999.000 -9999.000 -9999.000 -9999.000 -9999.000 -9999.000 -9999.000 -9999.000 -9999.000 -9999.000 -9999.000 -9999.000 -9999.000 -9999.000 -9999.000 -9999.000 -9999.000
-9999.000 -9999.000 -9999.000 -9999.000 -9999.000 -9999.000 -9999.000 -9999.000 -9999.000 -9999.000 -9999.000 -9999.000 -9999.000 -9999.000 -9999.000 0.7651443 0.7657658 0.7660094 0.7660637 0.7658952 0.7656460 0.7653776 0.7651051 0.7648526 0.7646239 0.7644145 0.7642213 0.7640067 0.7636322 0.7635173 0.7635173 -9999.000 -9999.000 -9999.000 -9999.000 -9999.000 -9999.000 -9999.000 -9999.000 -9999.000 -9999.000 -9999.000 -9999.000 -9999.000 -9999.000 -9999.000 -9999.000 -9999.000 -9999.000 -9999.000 -9999.000 -9999.000 -9999.000 -9999.000 -9999.000 -9999.000 -9999.000 -9999.000 -9999.000
-9999.000 -9999.000 -9999.000 -9999.000 -9999.000 -9999.000 -9999.000 -9999.000 -9999.000 -9999.000 -9999.000 -9999.000 -9999.000 -9999.000 -9999.000 0.7671224 0.7677599 0.7680043 0.7680548 0.7678767 0.7676187 0.7673429 0.7670624 0.7668036 0.7665685 0.7663524 0.7661518 0.7659258 0.7655216 0.7653225 0.7653225 -9999.000 -9999.000 -9999.000 -9999.000 -9999.000 -9999.000 -9999.000 -9999.000 -9999.000 -9999.000 -9999.000 -9999.000 -9999.000 -9999.000 -9999.000 -9999.000 -9999.000 -9999.000 -9999.000 -9999.000 -9999.000 -9999.000 -9999.000 -9999.000 -9999.000 -9999.000 -9999.000 -9999.000
-9999.000 -9999.000 -9999.000 -9999.000 -9999.000 -9999.000 -9999.000 -9999.000 -9999.000 -9999.000 -9999.000 -9999.000 -9999.000 -9999.000 -9999.000 0.7690957 0.7697488 0.7699924 0.7700379 0.7698488 0.7695814 0.7692978 0.7690093 0.7687439 0.7685022 0.7682787 0.7680702 0.7678308 0.7673915 0.7670823 0.7670823 -9999.000 -9999.000 -9999.000 -9999.000 -9999.000 -9999.000 -9999.000 -9999.000 -9999.000 -9999.000 -9999.000 -9999.000 -9999.000 -9999.000 -9999.000 -9999.000 -9999.000 -9999.000 -9999.000 -9999.000 -9999.000 -9999.000 -9999.000 -9999.000 -9999.000 -9999.000 -9999.000 -9999.000
-9999.000 -9999.000 -9999.000 -9999.000 -9999.000 -9999.000 -9999.000 -9999.000 -9999.000 -9999.000 -9999.000 -9999.000 -9999.000 -9999.000 -9999.000 0.7710627 0.7717311 0.7719722 0.7720115 0.7718098 0.7715322 0.7712407 0.7709437 0.7706717 0.7704234 0.7701920 0.7699746 0.7697198 0.7692388 0.7687839 0.7687839 -9999.000 -9999.000 -9999.000 -9999.000 -9999.000 -9999.000 -9999.000 -9999.000 -9999.000 -9999.000 -9999.000 -9999.000 -9999.000 -9999.000 -9999.000 -9999.000 -9999.000 -9999.000 -9999.000 -9999.000 -9999.000 -9999.000 -9999.000 -9999.000 -9999.000 -9999.000 -9999.000 -9999.000
-9999.000 -9999.000 -9999.000 -9999.000 -9999.000 -9999.000 -9999.000 -9999.000 -9999.000 -9999.000 -9999.000 -9999.000 -9999.000 -9999.000 -9999.000 0.7730218 0.7737052 0.7739421 0.7739736 0.7737573 0.7734690 0.7731693 0.7728636 0.7725850 0.7723296 0.7720898 0.7718627 0.7715900 0.7710588 0.7704094 0.7704094 -9999.000 -9999.000 -9999.000 -9999.000 -9999.000 -9999.000 -9999.000 -9999.000 -9999.000 -9999.000 -9999.000 -9999.000 -9999.000 -9999.000 -9999.000 -9999.000 -9999.000 -9999.000 -9999.000 -9999.000 -9999.000 -9999.000 -9999.000 -9999.000 -9999.000 -9999.000 -9999.000 -9999.000
-9999.000 -9999.000 -9999.000 -9999.000 -9999.000 -9999.000 -9999.000 -9999.000 -9999.000 -9999.000 -9999.000 -9999.000 -9999.000 -9999.000 -9999.000 0.7749706 0.7756689 0.7758996 0.7759216 0.7756889 0.7753891 0.7750810 0.7747660 0.7744809 0.7742181 0.7739691 0.7737311 0.7734371 0.7728452 0.7719317 0.7719317 -9999.000 -9999.000 -9999.000 -9999.000 -9999.000 -9999.000 -9999.000 -9999.000 -9999.000 -9999.000 -9999.000 -9999.000 -9999.000 -9999.000 -9999.000 -9999.000 -9999.000 -9999.000 -9999.000 -9999.000 -9999.000 -9999.000 -9999.000 -9999.000 -9999.000 -9999.000 -9999.000 -9999.000
-9999.000 -9999.000 -9999.000 -9999.000 -9999.000 -9999.000 -9999.000 -9999.000 -9999.000 -9999.000 -9999.000 -9999.000 -9999.000 -9999.000 -9999.000 0.7768993 0.7776141 0.7778378 0.7778519 0.7776024 0.7772904 0.7769738 0.7766489 0.7763570 0.7760863 0.7758266 0.7755758 0.7752560 0.7745897 0.7733104 0.7733104 -9999.000 -9999.000 -9999.000 -9999.000 -9999.000 -9999.000 -9999.000 -9999.000 -9999.000 -9999.000 -9999.000 -9999.000 -9999.000 -9999.000 -9999.000 -9999.000 -9999.000 -9999.000 -9999.000 -9999.000 -9999.000 -9999.000 -9999.000 -9999.000 -9999.000 -9999.000 -9999.000 -9999.000
-9999.000 -9999.000 -9999.000 -9999.000 -9999.000 -9999.000 -9999.000 -9999.000 -9999.000 -9999.000 -9999.000 -9999.000 -9999.000 -9999.000 -9999.000 0.7785184 0.7793177 0.7796233 0.7797646 0.7795618 0.7792429 0.7789157 0.7785747 0.7782688 0.7779817 0.7777025 0.7774304 0.7770737 0.7763110 0.7745178 0.7745178 -9999.000 -9999.000 -9999.000 -9999.000 -9999.000 -9999.000 -9999.000 -9999.000 -9999.000 -9999.000 -9999.000 -9999.000 -9999.000 -9999.000 -9999.000 -9999.000 -9999.000 -9999.000 -9999.000 -9999.000 -9999.000 -9999.000 -9999.000 -9999.000 -9999.000 -9999.000 -9999.000 -9999.000
-9999.000 -9999.000 -9999.000 -9999.000 -9999.000 -9999.000 -9999.000 -9999.000 -9999.000 -9999.000 -9999.000 -9999.000 -9999.000 -9999.000 -9999.000 0.7664472 0.7759933 0.7812302 0.7846637 0.7852364 0.7843122 0.7833809 0.7824731 0.7816774 0.7809791 0.7803598 0.7798085 0.7791927 0.7780793 0.7747894 0.7747894 -9999.000 -9999.000 -9999.000 -9999.000 -9999.000 -9999.000 -9999.000 -9999.000 -9999.000 -9999.000 -9999.000 -9999.000 -9999.000 -9999.000 -9999.000 -9999.000 -9999.000 -9999.000 -9999.000 -9999.000 -9999.000 -9999.000 -9999.000 -9999.000 -9999.000 -9999.000 -9999.000 -9999.000
0.8733369 0.8733369 0.8652577 0.8585445 0.8499494 0.8499494 0.8463817 0.8409312 0.8409312 0.8365430 0.8365430 0.8329017 0.8312885 0.8297835 0.8282591 0.8282591 0.7853009 0.7837810 0.7823545 0.7811447 0.7824852 0.7843771 0.7865770 0.7895023 0.7926046 0.7954733 0.7979127 0.7985527 0.7931722 0.7651446 0.7651446 0.5463800 0.5060973 0.4800705 0.4711775 0.4711775 0.4562920 0.4562920 0.4539096 0.4539096 0.4621941 0.5056775 0.5056775 0.5884143 0.5884143 0.6837230 0.6837230 0.6837230 0.6896968 0.6896968 0.6808006 0.6808006 0.6660576 0.6660576 0.6499749 0.6499749 0.6347175 0.6347175 0.6347175
0.8702250 0.8702250 0.8632799 0.8564805 0.8490427 0.8490427 0.8452858 0.8397717 0.8397717 0.8354013 0.8354013 0.8317796 0.8301741 0.8286769 0.8271618 0.8271618 0.7902040 0.7834485 0.7778486 0.7729118 0.7695205 0.7670969 0.7655550 0.7651243 0.7656816 0.7670508 0.7691082 0.7712530 0.7717018 0.7638515 0.7638515 0.6169634 0.5592900 0.5004225 0.4832971 0.4832971 0.4619417 0.4619417 0.4588901 0.4588901 0.4668171 0.5058264 0.5058264 0.5748286 0.5748286 0.6759959 0.6759959 0.6759959 0.6878052 0.6878052 0.6806107 0.6806107 0.6664392 0.6664392 0.6506121 0.6506121 0.6354659 0.6354659 0.6354659
0.8686956 0.8686956 0.8627234 0.8560094 0.8492738 0.8492738 0.8453655 0.8397309 0.8397309 0.8353507 0.8353507 0.8317280 0.8301212 0.8286208 0.8270898 0.8270898 0.7940369 0.7830485 0.7734866 0.7650207 0.7581387 0.7526622 0.7484636 0.7456152 0.7440599 0.7436761 0.7443601 0.7457078 0.7464077 0.7415866 0.7415866 0.6510876 0.5920364 0.5192920 0.4966874 0.4966874 0.4711969 0.4711969 0.4723049 0.4723049 0.4832930 0.5220012 0.5220012 0.5757725 0.5757725 0.6645682 0.6645682 0.6645682 0.6820615 0.6820615 0.6781937 0.6781937 0.6654271 0.6654271 0.6501639 0.6501639 0.6353075 0.6353075 0.6353075
0.8676485 0.8676485 0.8623306 0.8558193 0.8495439 0.8495439 0.8455043 0.8397295 0.8397295 0.8353394 0.8353394 0.8317224 0.8301173 0.8286172 0.8270613 0.8270613 0.7967104 0.7822658 0.7689863 0.7570440 0.7468518 0.7384481 0.7317565 0.7267612 0.7233855 0.7214932 0.7209458 0.7214254 0.7219695 0.7190567 0.7190567 0.6629036 0.6115069 0.5369568 0.5123731 0.5123731 0.4883628 0.4883628 0.4982193 0.4982193 0.5126767 0.5473567 0.5473567 0.5823951 0.5823951 0.6492990 0.6492990 0.6492990 0.6707378 0.6707378 0.6717456 0.6717456 0.6618890 0.6618890 0.6481417 0.6481417 0.6341946 0.6341946 0.6341946
0.8670652 0.8670652 0.8624613 0.8558089 0.8498051 0.8498051 0.8456426 0.8397272 0.8397272 0.8353304 0.8353304 0.8317242 0.8301217 0.8286226 0.8270271 0.8270271 0.7977936 0.7804322 0.7637868 0.7485403 0.7351705 0.7238609 0.7146245 0.7074393 0.7022271 0.6988484 0.6971368 0.6968051 0.6971176 0.6955495 0.6955495 0.6607911 0.6195766 0.5514195 0.5292987 0.5292987 0.5160596 0.5160596 0.5374827 0.5374827 0.5525636 0.5759533 0.5759533 0.5913482 0.5913482 0.6333214 0.6333214 0.6333214 0.6552986 0.6552986 0.6613292 0.6613292 0.6556583 0.6556583 0.6445265 0.6445265 0.6322592 0.6322592 0.6322592
0.8669287 0.8669287 0.8618336 0.8558801 0.8500288 0.8500288 0.8457686 0.8397316 0.8397316 0.8353232 0.8353232 0.8317217 0.8301200 0.8286207 0.8269666 0.8269666 0.7969690 0.7769525 0.7572675 0.7389750 0.7226491 0.7085682 0.6968247 0.6874250 0.6803110 0.6753619 0.6724129 0.6712044 0.6711655 0.6705055 0.6705055 0.6494910 0.6186399 0.5637131 0.5497649 0.5497649 0.5573310 0.5573310 0.5859718 0.5859718 0.5960834 0.6024013 0.6024013 0.6006636 0.6006636 0.6195518 0.6195518 0.6195518 0.6383331 0.6383331 0.6478718 0.6478718 0.6468174 0.6468174 0.6392309 0.6392309 0.6294655 0.6294655 0.6294655
0.8675589 0.8675589 0.8605767 0.8559463 0.8501711 0.8501711 0.8458486 0.8397315 0.8397315 0.8353169 0.8353169 0.8317215 0.8301218 0.8286235 0.8268873 0.8268873 0.7939648 0.7712972 0.7488010 0.7277376 0.7087380 0.6921252 0.6780371 0.6665102 0.6575113 0.6509482 0.6466783 0.6444812 0.6439214 0.6437818 0.6437818 0.6318271 0.6110025 0.5780981 0.5798841 0.5798841 0.6120970 0.6120970 0.6345819 0.6345819 0.6351406 0.6240796 0.6240796 0.6096355 0.6096355 0.6095249 0.6095249 0.6095249 0.6222849 0.6222849 0.6328100 0.6328100 0.6357794 0.6357794 0.6322541 0.6322541 0.6257490 0.6257490 0.6257490
0.8676569 0.8676569 0.8602375 0.8559760 0.8502222 0.8502222 0.8458781 0.8397329 0.8397329 0.8353152 0.8353152 0.8317213 0.8301219 0.8286235 0.8267729 0.8267729 0.7883955 0.7628729 0.7376883 0.7141169 0.6927690 0.6739514 0.6578029 0.6443670 0.6336253 0.6255099 0.6199087 0.6166481 0.6154197 0.6155231 0.6155231 0.6099193 0.5995669 0.6029807 0.6272920 0.6272920 0.6724783 0.6724783 0.6745757 0.6745757 0.6651974 0.6410141 0.6410141 0.6181400 0.6181400 0.6034018 0.6034018 0.6034018 0.6087769 0.6087769 0.6177073 0.6177073 0.6232936 0.6232936 0.6237906 0.6237906 0.6211084 0.6211084 0.6211084
0.8675512 0.8675512 0.8605925 0.8559442 0.8501717 0.8501717 0.8458496 0.8397325 0.8397325 0.8353174 0.8353174 0.8317217 0.8301218 0.8286235 0.8266149 0.8266149 0.7796983 0.7509568 0.7231208 0.6972925 0.6739593 0.6533415 0.6355255 0.6205263 0.6083176 0.5988422 0.5920135 0.5877069 0.5857549 0.5861058 0.5861058 0.5861495 0.5896413 0.6491121 0.6931323 0.6931323 0.7247992 0.7247992 0.7027526 0.7027526 0.6865264 0.6544048 0.6544048 0.6261684 0.6261684 0.6005331 0.6005331 0.6005331 0.5984837 0.5984837 0.6039015 0.6039015 0.6103639 0.6103639 0.6142912 0.6142912 0.6156806 0.6156806 0.6156806
0.8669144 0.8669144 0.8618624 0.8558756 0.8500298 0.8500298 0.8457705 0.8397335 0.8397335 0.8353245 0.8353245 0.8317224 0.8301207 0.8286211 0.8263947 0.8263947 0.7669785 0.7345480 0.7040676 0.6762609 0.6513690 0.6294448 0.6104639 0.5943725 0.5811074 0.5706027 0.5627848 0.5575756 0.5550308 0.5564057 0.5564057 0.5649886 0.5924686 0.7194669 0.7636287 0.7636287 0.7598783 0.7598783 0.7213719 0.7213719 0.7016793 0.6652992 0.6652992 0.6335731 0.6335731 0.5999627 0.5999627 0.5999627 0.5913191 0.5913191 0.5922746 0.5922746 0.5980412 0.5980412 0.6044343 0.6044343 0.6097743 0.6097743 0.6097743
0.8670465 0.8670465 0.8624983 0.8558038 0.8498075 0.8498075 0.8456462 0.8397298 0.8397298 0.8353316 0.8353316 0.8317244 0.8301217 0.8286223 0.8260983 0.8260983 0.7487882 0.7121790 0.6791302 0.6497358 0.6238385 0.6012304 0.5817168 0.5651358 0.5513606 0.5402957 0.5318660 0.5260531 0.5234708 0.5291383 0.5291383 0.5575829 0.6270128 0.7969043 0.8161524 0.8161524 0.7794293 0.7794293 0.7339567 0.7339567 0.7128453 0.6741946 0.6741946 0.6400970 0.6400970 0.6007637 0.6007637 0.6007637 0.5867653 0.5867653 0.5832099 0.5832099 0.5872272 0.5872272 0.5950408 0.5950408 0.6038704 0.6038704 0.6038704
