simulation_files/asc/Depth____000333.asc
NCOLS        79
NROWS        79
XLLCENTER         -1.500000
YLLCENTER         -4.800000
CELLSIZE           0.100
NODATA_VALUE     -9999.0
[rows 0 to 25 of 79, columns 0 to 58 of 79]
-9999.000 -9999.000 -9999.000 -9999.000 -9999.000 -9999.000 -9999.000 -9999.000 -9999.000 -9999.000 -9999.000 -9999.000 -9999.000 -9999.000 -9999.000 0.6715226 0.6718781 0.6718771 0.6717541 0.6715655 0.6713361 0.6710814 0.6708238 0.6705665 0.6703189 0.6700866 0.6698644 0.6696171 0.6692383 0.6691896 0.6691896 -9999.000 -9999.000 -9999.000 -9999.000 -9999.000 -9999.000 -9999.000 -9999.000 -9999.000 -9999.000 -9999.000 -9999.000 -9999.000 -9999.000 -9999.000 -9999.000 -9999.000 -9999.000 -9999.000 -9999.000 -9999.000 -9999.000 -9999.000 -9999.000 -9999.000 -9999.000 -9999.000 -9999.000
-9999.000 -9999.000 -9999.000 -9999.000 -9999.000 -9999.000 -9999.000 -9999.000 -9999.000 -9999.000 -9999.000 -9999.000 -9999.000 -9999.000 -9999.000 0.6732780 0.6736224 0.6736203 0.6735197 0.6733690 0.6731881 0.6729895 0.6727912 0.6725951 0.6724084 0.6722355 0.6720715 0.6718848 0.6715803 0.6716123 0.6716123 -9999.000 -9999.000 -9999.000 -9999.000 -9999.000 -9999.000 -9999.000 -9999.000 -9999.000 -9999.000 -9999.000 -9999.000 -9999.000 -9999.000 -9999.000 -9999.000 -9999.000 -9999.000 -9999.000 -9999.000 -9999.000 -9999.000 -9999.000 -9999.000 -9999.000 -9999.000 -9999.000 -9999.000
-9999.000 -9999.000 -9999.000 -9999.000 -9999.000 -9999.000 -9999.000 -9999.000 -9999.000 -9999.000 -9999.000 -9999.000 -9999.000 -9999.000 -9999.000 0.6751971 0.6755706 0.6755749 0.6754799 0.6753355 0.6751621 0.6749723 0.6747844 0.6745992 0.6744236 0.6742612 0.6741053 0.6739222 0.6736100 0.6736376 0.6736376 -9999.000 -9999.000 -9999.000 -9999.000 -9999.000 -9999.000 -9999.000 -9999.000 -9999.000 -9999.000 -9999.000 -9999.000 -9999.000 -9999.000 -9999.000 -9999.000 -9999.000 -9999.000 -9999.000 -9999.000 -9999.000 -9999.000 -9999.000 -9999.000 -9999.000 -9999.000 -9999.000 -9999.000
-9999.000 -9999.000 -9999.000 -9999.000 -9999.000 -9999.000 -9999.000 -9999.000 -9999.000 -9999.000 -9999.000 -9999.000 -9999.000 -9999.000 -9999.000 0.6771653 0.6775558 0.6775619 0.6774674 0.6773233 0.6771504 0.6769612 0.6767748 0.6765912 0.6764174 0.6762565 0.6761011 0.6759146 0.6755885 0.6755942 0.6755942 -9999.000 -9999.000 -9999.000 -9999.000 -9999.000 -9999.000 -9999.000 -9999.000 -9999.000 -9999.000 -9999.000 -9999.000 -9999.000 -9999.000 -9999.000 -9999.000 -9999.000 -9999.000 -9999.000 -9999.000 -9999.000 -9999.000 -9999.000 -9999.000 -9999.000 -9999.000 -9999.000 -9999.000
-9999.000 -9999.000 -9999.000 -9999.000 -9999.000 -9999.000 -9999.000 -9999.000 -9999.000 -9999.000 -9999.000 -9999.000 -9999.000 -9999.000 -9999.000 0.6791544 0.6795561 0.6795619 0.6794652 0.6793183 0.6791422 0.6789496 0.6787605 0.6785740 0.6783975 0.6782342 0.6780753 0.6778815 0.6775361 0.6775053 0.6775053 -9999.000 -9999.000 -9999.000 -9999.000 -9999.000 -9999.000 -9999.000 -9999.000 -9999.000 -9999.000 -9999.000 -9999.000 -9999.000 -9999.000 -9999.000 -9999.000 -9999.000 -9999.000 -9999.000 -9999.000 -9999.000 -9999.000 -9999.000 -9999.000 -9999.000 -9999.000 -9999.000 -9999.000
-9999.000 -9999.000 -9999.000 -9999.000 -9999.000 -9999.000 -9999.000 -9999.000 -9999.000 -9999.000 -9999.000 -9999.000 -9999.000 -9999.000 -9999.000 0.6811509 0.6815611 0.6815650 0.6814646 0.6813133 0.6811323 0.6809344 0.6807405 0.6805489 0.6803676 0.6801994 0.6800349 0.6798313 0.6794616 0.6793795 0.6793795 -9999.000 -9999.000 -9999.000 -9999.000 -9999.000 -9999.000 -9999.000 -9999.000 -9999.000 -9999.000 -9999.000 -9999.000 -9999.000 -9999.000 -9999.000 -9999.000 -9999.000 -9999.000 -9999.000 -9999.000 -9999.000 -9999.000 -9999.000 -9999.000 -9999.000 -9999.000 -9999.000 -9999.000
-9999.000 -9999.000 -9999.000 -9999.000 -9999.000 -9999.000 -9999.000 -9999.000 -9999.000 -9999.000 -9999.000 -9999.000 -9999.000 -9999.000 -9999.000 0.6831481 0.6835652 0.6835662 0.6834612 0.6833047 0.6831176 0.6829132 0.6827137 0.6825159 0.6823284 0.6821543 0.6819826 0.6817669 0.6813678 0.6812171 0.6812171 -9999.000 -9999.000 -9999.000 -9999.000 -9999.000 -9999.000 -9999.000 -9999.000 -9999.000 -9999.000 -9999.000 -9999.000 -9999.000 -9999.000 -9999.000 -9999.000 -9999.000 -9999.000 -9999.000 -9999.000 -9999.000 -9999.000 -9999.000 -9999.000 -9999.000 -9999.000 -9999.000 -9999.000
-9999.000 -9999.000 -9999.000 -9999.000 -9999.000 -9999.000 -9999.000 -9999.000 -9999.000 -9999.000 -9999.000 -9999.000 -9999.000 -9999.000 -9999.000 0.6851424 0.6855655 0.6855626 0.6854524 0.6852901 0.6850964 0.6848848 0.6846790 0.6844740 0.6842797 0.6840989 0.6839191 0.6836888 0.6832543 0.6830129 0.6830129 -9999.000 -9999.000 -9999.000 -9999.000 -9999.000 -9999.000 -9999.000 -9999.000 -9999.000 -9999.000 -9999.000 -9999.000 -9999.000 -9999.000 -9999.000 -9999.000 -9999.000 -9999.000 -9999.000 -9999.000 -9999.000 -9999.000 -9999.000 -9999.000 -9999.000 -9999.000 -9999.000 -9999.000
-9999.000 -9999.000 -9999.000 -9999.000 -9999.000 -9999.000 -9999.000 -9999.000 -9999.000 -9999.000 -9999.000 -9999.000 -9999.000 -9999.000 -9999.000 0.6871313 0.6875601 0.6875522 0.6874362 0.6872675 0.6870668 0.6868476 0.6866350 0.6864222 0.6862205 0.6860322 0.6858431 0.6855958 0.6851189 0.6847571 0.6847571 -9999.000 -9999.000 -9999.000 -9999.000 -9999.000 -9999.000 -9999.000 -9999.000 -9999.000 -9999.000 -9999.000 -9999.000 -9999.000 -9999.000 -9999.000 -9999.000 -9999.000 -9999.000 -9999.000 -9999.000 -9999.000 -9999.000 -9999.000 -9999.000 -9999.000 -9999.000 -9999.000 -9999.000
-9999.000 -9999.000 -9999.000 -9999.000 -9999.000 -9999.000 -9999.000 -9999.000 -9999.000 -9999.000 -9999.000 -9999.000 -9999.000 -9999.000 -9999.000 0.6891128 0.6895472 0.6895334 0.6894108 0.6892353 0.6890270 0.6887996 0.6885800 0.6883587 0.6881489 0.6879525 0.6877528 0.6874854 0.6869575 0.6864340 0.6864340 -9999.000 -9999.000 -9999.000 -9999.000 -9999.000 -9999.000 -9999.000 -9999.000 -9999.000 -9999.000 -9999.000 -9999.000 -9999.000 -9999.000 -9999.000 -9999.000 -9999.000 -9999.000 -9999.000 -9999.000 -9999.000 -9999.000 -9999.000 -9999.000 -9999.000 -9999.000 -9999.000 -9999.000
-9999.000 -9999.000 -9999.000 -9999.000 -9999.000 -9999.000 -9999.000 -9999.000 -9999.000 -9999.000 -9999.000 -9999.000 -9999.000 -9999.000 -9999.000 0.6910846 0.6915248 0.6915042 0.6913742 0.6911915 0.6909751 0.6907387 0.6905119 0.6902813 0.6900627 0.6898572 0.6896454 0.6893539 0.6887642 0.6880206 0.6880206 -9999.000 -9999.000 -9999.000 -9999.000 -9999.000 -9999.000 -9999.000 -9999.000 -9999.000 -9999.000 -9999.000 -9999.000 -9999.000 -9999.000 -9999.000 -9999.000 -9999.000 -9999.000 -9999.000 -9999.000 -9999.000 -9999.000 -9999.000 -9999.000 -9999.000 -9999.000 -9999.000 -9999.000
-9999.000 -9999.000 -9999.000 -9999.000 -9999.000 -9999.000 -9999.000 -9999.000 -9999.000 -9999.000 -9999.000 -9999.000 -9999.000 -9999.000 -9999.000 0.6930432 0.6934903 0.6934616 0.6933235 0.6931331 0.6929079 0.6926621 0.6924275 0.6921867 0.6919584 0.6917427 0.6915166 0.6911960 0.6905301 0.6894813 0.6894813 -9999.000 -9999.000 -9999.000 -9999.000 -9999.000 -9999.000 -9999.000 -9999.000 -9999.000 -9999.000 -9999.000 -9999.000 -9999.000 -9999.000 -9999.000 -9999.000 -9999.000 -9999.000 -9999.000 -9999.000 -9999.000 -9999.000 -9999.000 -9999.000 -9999.000 -9999.000 -9999.000 -9999.000
-9999.000 -9999.000 -9999.000 -9999.000 -9999.000 -9999.000 -9999.000 -9999.000 -9999.000 -9999.000 -9999.000 -9999.000 -9999.000 -9999.000 -9999.000 0.6949839 0.6954396 0.6954018 0.6952547 0.6950559 0.6948215 0.6945655 0.6943227 0.6940703 0.6938310 0.6936035 0.6933602 0.6930033 0.6922427 0.6907602 0.6907602 -9999.000 -9999.000 -9999.000 -9999.000 -9999.000 -9999.000 -9999.000 -9999.000 -9999.000 -9999.000 -9999.000 -9999.000 -9999.000 -9999.000 -9999.000 -9999.000 -9999.000 -9999.000 -9999.000 -9999.000 -9999.000 -9999.000 -9999.000 -9999.000 -9999.000 -9999.000 -9999.000 -9999.000
-9999.000 -9999.000 -9999.000 -9999.000 -9999.000 -9999.000 -9999.000 -9999.000 -9999.000 -9999.000 -9999.000 -9999.000 -9999.000 -9999.000 -9999.000 0.6968816 0.6973569 0.6973140 0.6971610 0.6969557 0.6967126 0.6964458 0.6961942 0.6959280 0.6956756 0.6954333 0.6951680 0.6947646 0.6938835 0.6917700 0.6917700 -9999.000 -9999.000 -9999.000 -9999.000 -9999.000 -9999.000 -9999.000 -9999.000 -9999.000 -9999.000 -9999.000 -9999.000 -9999.000 -9999.000 -9999.000 -9999.000 -9999.000 -9999.000 -9999.000 -9999.000 -9999.000 -9999.000 -9999.000 -9999.000 -9999.000 -9999.000 -9999.000 -9999.000
-9999.000 -9999.000 -9999.000 -9999.000 -9999.000 -9999.000 -9999.000 -9999.000 -9999.000 -9999.000 -9999.000 -9999.000 -9999.000 -9999.000 -9999.000 0.6944863 0.6981101 0.6995007 0.6998157 0.6996480 0.6993771 0.6990343 0.6986845 0.6983024 0.6979331 0.6975791 0.6972009 0.6966474 0.6954679 0.6917045 0.6917045 -9999.000 -9999.000 -9999.000 -9999.000 -9999.000 -9999.000 -9999.000 -9999.000 -9999.000 -9999.000 -9999.000 -9999.000 -9999.000 -9999.000 -9999.000 -9999.000 -9999.000 -9999.000 -9999.000 -9999.000 -9999.000 -9999.000 -9999.000 -9999.000 -9999.000 -9999.000 -9999.000 -9999.000
0.7628018 0.7628018 0.7649475 0.7509717 0.7435417 0.7435417 0.7402216 0.7351474 0.7351474 0.7310797 0.7310797 0.7277192 0.7262260 0.7248257 0.7234733 0.7234733 0.7021791 0.7009794 0.7006453 0.7013323 0.7024919 0.7040921 0.7064124 0.7087168 0.7111362 0.7134190 0.7149686 0.7142056 0.7069588 0.6768823 0.6768823 0.4715645 0.4370238 0.4175266 0.4110953 0.4110953 0.4015690 0.4015690 0.4065566 0.4065566 0.4188334 0.4700166 0.4700166 0.5732453 0.5732453 0.6104823 0.6104823 0.6104823 0.6083969 0.6083969 0.5977569 0.5977569 0.5842052 0.5842052 0.5703837 0.5703837 0.5578827 0.5578827 0.5578827
0.7600365 0.7600365 0.7632963 0.7490524 0.7427461 0.7427461 0.7392836 0.7341362 0.7341362 0.7300671 0.7300671 0.7267178 0.7252316 0.7238389 0.7224937 0.7224937 0.7039701 0.6994526 0.6954492 0.6921423 0.6894699 0.6875609 0.6866485 0.6865439 0.6872954 0.6887959 0.6907440 0.6924030 0.6919992 0.6788655 0.6788655 0.5391908 0.4865276 0.4355057 0.4215127 0.4215127 0.4063297 0.4063297 0.4102637 0.4102637 0.4216722 0.4660254 0.4660254 0.5489940 0.5489940 0.6086698 0.6086698 0.6086698 0.6083900 0.6083900 0.5980895 0.5980895 0.5845960 0.5845960 0.5708751 0.5708751 0.5584141 0.5584141 0.5584141
0.7588578 0.7588578 0.7627566 0.7486145 0.7429385 0.7429385 0.7393887 0.7341289 0.7341289 0.7300300 0.7300300 0.7266710 0.7251825 0.7237877 0.7224362 0.7224362 0.7052275 0.6977536 0.6906143 0.6842214 0.6787223 0.6742452 0.6709619 0.6687990 0.6677660 0.6678091 0.6687309 0.6699840 0.6701573 0.6621978 0.6621978 0.5723177 0.5179021 0.4533283 0.4343292 0.4343292 0.4160033 0.4160033 0.4235547 0.4235547 0.4366414 0.4762712 0.4762712 0.5375097 0.5375097 0.6021286 0.6021286 0.6021286 0.6059751 0.6059751 0.5972089 0.5972089 0.5842414 0.5842414 0.5707516 0.5707516 0.5584368 0.5584368 0.5584368
0.7583309 0.7583309 0.7625616 0.7484384 0.7431428 0.7431428 0.7395321 0.7341563 0.7341563 0.7300300 0.7300300 0.7266704 0.7251832 0.7237898 0.7224313 0.7224313 0.7057327 0.6955962 0.6854941 0.6761864 0.6680203 0.6611745 0.6557863 0.6518237 0.6492499 0.6479939 0.6478903 0.6485193 0.6487949 0.6436313 0.6436313 0.5861604 0.5376876 0.4707952 0.4502687 0.4502687 0.4343626 0.4343626 0.4487088 0.4487088 0.4628239 0.4939429 0.4939429 0.5323843 0.5323843 0.5900115 0.5900115 0.5900115 0.5990710 0.5990710 0.5935718 0.5935718 0.5821916 0.5821916 0.5695234 0.5695234 0.5577873 0.5577873 0.5577873
0.7585262 0.7585262 0.7614692 0.7483861 0.7433167 0.7433167 0.7396653 0.7341921 0.7341921 0.7300351 0.7300351 0.7266673 0.7251798 0.7237871 0.7224178 0.7224178 0.7051530 0.6925445 0.6796545 0.6675646 0.6567938 0.6475967 0.6401178 0.6343641 0.6302895 0.6278066 0.6267543 0.6267846 0.6270504 0.6239250 0.6239250 0.5871666 0.5473484 0.4862772 0.4688028 0.4688028 0.4635724 0.4635724 0.4847250 0.4847250 0.4966688 0.5142542 0.5142542 0.5317569 0.5317569 0.5748113 0.5748113 0.5748113 0.5879516 0.5879516 0.5868937 0.5868937 0.5783038 0.5783038 0.5672732 0.5672732 0.5566701 0.5566701 0.5566701
0.7584181 0.7584181 0.7609528 0.7483538 0.7434354 0.7434354 0.7397655 0.7342237 0.7342237 0.7300419 0.7300419 0.7266665 0.7251774 0.7237843 0.7223968 0.7223968 0.7032193 0.6881750 0.6726512 0.6579478 0.6447007 0.6332254 0.6236876 0.6161281 0.6105163 0.6067690 0.6047376 0.6041303 0.6042852 0.6026495 0.6026495 0.5796009 0.5491091 0.5013639 0.4926778 0.4926778 0.5048220 0.5048220 0.5261884 0.5261884 0.5317587 0.5333894 0.5333894 0.5342141 0.5342141 0.5598688 0.5598688 0.5598688 0.5741998 0.5741998 0.5774307 0.5774307 0.5724837 0.5724837 0.5639340 0.5639340 0.5551050 0.5551050 0.5551050
0.7583335 0.7583335 0.7606885 0.7483290 0.7435007 0.7435007 0.7398259 0.7342451 0.7342451 0.7300474 0.7300474 0.7266674 0.7251775 0.7237839 0.7223701 0.7223701 0.6996503 0.6820534 0.6639937 0.6468553 0.6313168 0.6177186 0.6062362 0.5969310 0.5897912 0.5847504 0.5816828 0.5803525 0.5802554 0.5796595 0.5796595 0.5660539 0.5452774 0.5210192 0.5274571 0.5274571 0.5550907 0.5550907 0.5652686 0.5652686 0.5622223 0.5496465 0.5496465 0.5386384 0.5386384 0.5475696 0.5475696 0.5475696 0.5598335 0.5598335 0.5659422 0.5659422 0.5648230 0.5648230 0.5594394 0.5594394 0.5530501 0.5530501 0.5530501
0.7583020 0.7583020 0.7606075 0.7483199 0.7435218 0.7435218 0.7398464 0.7342527 0.7342527 0.7300494 0.7300494 0.7266679 0.7251777 0.7237839 0.7223330 0.7223330 0.6940721 0.6736761 0.6531149 0.6337156 0.6161140 0.6006252 0.5874051 0.5765135 0.5679467 0.5616547 0.5575389 0.5554181 0.5549366 0.5550670 0.5550670 0.5485430 0.5390704 0.5534163 0.5774441 0.5774441 0.6053082 0.6053082 0.5962473 0.5962473 0.5856969 0.5630831 0.5630831 0.5442265 0.5442265 0.5388796 0.5388796 0.5388796 0.5466164 0.5466164 0.5535303 0.5535303 0.5556874 0.5556874 0.5538328 0.5538328 0.5504807 0.5504807 0.5504807
0.7583335 0.7583335 0.7606885 0.7483290 0.7435008 0.7435008 0.7398259 0.7342450 0.7342450 0.7300473 0.7300473 0.7266673 0.7251775 0.7237839 0.7222816 0.7222816 0.6859450 0.6623977 0.6393220 0.6178383 0.5984467 0.5813741 0.5667174 0.5545040 0.5447194 0.5373195 0.5322281 0.5293164 0.5283926 0.5292413 0.5292413 0.5295888 0.5367287 0.6054479 0.6380758 0.6380758 0.6451660 0.6451660 0.6183227 0.6183227 0.6030532 0.5743310 0.5743310 0.5503252 0.5503252 0.5336333 0.5336333 0.5336333 0.5356568 0.5356568 0.5413753 0.5413753 0.5457131 0.5457131 0.5473348 0.5473348 0.5474398 0.5474398 0.5474398
0.7584181 0.7584181 0.7609528 0.7483539 0.7434355 0.7434355 0.7397655 0.7342237 0.7342237 0.7300420 0.7300420 0.7266665 0.7251774 0.7237844 0.7222099 0.7222099 0.6744432 0.6473251 0.6217154 0.5983610 0.5775200 0.5592588 0.5435679 0.5304081 0.5197302 0.5114794 0.5055918 0.5019893 0.5007369 0.5031245 0.5031245 0.5143469 0.5506999 0.6722718 0.6934751 0.6934751 0.6710178 0.6710178 0.6337856 0.6337856 0.6161402 0.5838435 0.5838435 0.5563699 0.5563699 0.5310861 0.5310861 0.5310861 0.5273540 0.5273540 0.5304750 0.5304750 0.5357159 0.5357159 0.5403714 0.5403714 0.5440811 0.5440811 0.5440811
0.7585262 0.7585262 0.7614691 0.7483863 0.7433168 0.7433168 0.7396654 0.7341923 0.7341923 0.7300353 0.7300353 0.7266673 0.7251797 0.7237872 0.7221114 0.7221114 0.6582460 0.6271390 0.5990551 0.5741556 0.5523285 0.5333985 0.5171989 0.5035900 0.4924645 0.4837411 0.4773548 0.4732953 0.4722681 0.4796667 0.4796667 0.5153337 0.5978655 0.7324085 0.7286595 0.7286595 0.6864465 0.6864465 0.6449752 0.6449752 0.6262736 0.5917475 0.5917475 0.5618921 0.5618921 0.5303538 0.5303538 0.5303538 0.5215701 0.5215701 0.5214829 0.5214829 0.5265387 0.5265387 0.5335335 0.5335335 0.5406775 0.5406775 0.5406775
