simulation_files/asc/Depth____570.0.asc
NCOLS       216
NROWS       273
XLLCENTER        494.688995
YLLCENTER        787.867981
CELLSIZE           0.500
NODATA_VALUE     -9999.0
[rows 162 to 188 of 273, columns 118 to 176 of 216]
2.020823 2.696262 2.894270 2.931194 2.940607 2.948817 2.727911 2.154673 1.536414 0.6235885 0.1629655 0.9186750E-01 0.1209343 0.1622461 0.1449933 0.1341664 0.1604613 0.1722320 0.1963153 0.2062887 0.2002415 0.1566278 0.1111595 0.1181489 0.1477763 0.1539221 0.1174264 0.7156888E-01 -9999.000 -9999.000 -9999.000 -9999.000 -9999.000 -9999.000 -9999.000 -9999.000 -9999.000 -9999.000 -9999.000 -9999.000 -9999.000 -9999.000 -9999.000 -9999.000 -9999.000 -9999.000 -9999.000 -9999.000 -9999.000 -9999.000 -9999.000 -9999.000 -9999.000 -9999.000 -9999.000 -9999.000 -9999.000 -9999.000 -9999.000
1.681339 2.602612 2.887065 2.920338 2.920046 2.509153 1.711882 1.027471 0.4880538 0.1688683 0.1466482 0.1299870 0.1366351 0.1275357 0.1444984 0.1570938 0.1609689 0.1603488 0.1970524 0.2246618 0.2216972 0.1619525 0.1219708 0.1290913 0.1678630 0.1824191 0.1590043 0.1134317 0.5493084E-01 -9999.000 -9999.000 -9999.000 -9999.000 -9999.000 -9999.000 -9999.000 -9999.000 -9999.000 -9999.000 -9999.000 -9999.000 -9999.000 -9999.000 -9999.000 -9999.000 -9999.000 -9999.000 -9999.000 -9999.000 -9999.000 -9999.000 -9999.000 -9999.000 -9999.000 -9999.000 -9999.000 -9999.000 -9999.000 -9999.000
1.280923 2.309761 2.766606 2.908152 2.486003 1.534062 0.4965123 0.1678288 0.1363022 0.1071185 0.1256315 0.1141167 0.1086799 0.9625398E-01 0.1226751 0.1495541 0.1462933 0.1496731 0.1777277 0.2093723 0.2060178 0.1428252 0.1123656 0.1301542 0.1752474 0.1836467 0.1478146 0.1150788 0.5508865E-01 -9999.000 -9999.000 -9999.000 -9999.000 -9999.000 -9999.000 -9999.000 -9999.000 -9999.000 -9999.000 -9999.000 -9999.000 -9999.000 -9999.000 -9999.000 -9999.000 -9999.000 -9999.000 -9999.000 -9999.000 -9999.000 -9999.000 -9999.000 -9999.000 -9999.000 -9999.000 -9999.000 -9999.000 -9999.000 -9999.000
-9999.000 1.505040 2.326078 2.426846 1.502940 0.4928556 0.1265559 0.1427864 0.1172880 0.8518765E-01 0.7214548E-01 0.7420599E-01 0.8916466E-01 0.8730780E-01 0.1145542 0.1466144 0.1544102 0.1745506 0.2006340 0.2227712 0.1700216 0.1175071 0.1042712 0.1217711 0.1658670 0.1664113 0.1486678 0.1104195 0.6458937E-01 0.2551560E-01 -9999.000 -9999.000 -9999.000 -9999.000 -9999.000 -9999.000 -9999.000 -9999.000 -9999.000 -9999.000 -9999.000 -9999.000 -9999.000 -9999.000 -9999.000 -9999.000 -9999.000 -9999.000 -9999.000 -9999.000 -9999.000 -9999.000 -9999.000 -9999.000 -9999.000 -9999.000 -9999.000 -9999.000 -9999.000
-9999.000 0.6860910 1.382381 1.175053 0.4694452 0.1355510 0.1674878 0.1502390 0.1377963 0.1049901 0.6668371E-01 0.6299217E-01 0.7513447E-01 0.7274550E-01 0.1207106 0.1766552 0.2084040 0.2339997 0.2568834 0.2186966 0.1354767 0.1329005 0.1313441 0.1419765 0.1666109 0.1733709 0.1576571 0.1317629 0.1017233 0.5860743E-01 -9999.000 -9999.000 0.1836429E-01 -9999.000 -9999.000 -9999.000 -9999.000 -9999.000 -9999.000 -9999.000 -9999.000 -9999.000 -9999.000 -9999.000 -9999.000 -9999.000 -9999.000 -9999.000 -9999.000 -9999.000 -9999.000 -9999.000 -9999.000 -9999.000 -9999.000 -9999.000 -9999.000 -9999.000 -9999.000
-9999.000 -9999.000 -9999.000 0.2573305 0.1548999 0.2009730 0.1753591 0.1678449 0.1715594 0.1419086 0.1151477 0.9850010E-01 0.8639381E-01 0.8297374E-01 0.1432571 0.2227536 0.2382376 0.2465386 0.2432857 0.1656844 0.9879828E-01 0.1426902 0.1535080 0.1686947 0.1746316 0.1372693 0.1285810 0.1289686 0.1184562 0.8146698E-01 -9999.000 -9999.000 -9999.000 -9999.000 -9999.000 -9999.000 -9999.000 -9999.000 -9999.000 -9999.000 -9999.000 -9999.000 -9999.000 -9999.000 -9999.000 -9999.000 -9999.000 -9999.000 -9999.000 -9999.000 -9999.000 -9999.000 -9999.000 -9999.000 -9999.000 -9999.000 -9999.000 -9999.000 -9999.000
-9999.000 -9999.000 0.2516988E-01 0.8891047E-01 0.1955696 0.2004821 0.2010283 0.2075665 0.2110675 0.1940787 0.1758776 0.1560911 0.1297463 0.1134057 0.1453759 0.1919785 0.2053408 0.1998126 0.1650657 0.1425814 0.1037827 0.1348913 0.1575611 0.1762673 0.1695209 0.1126663 0.9675884E-01 0.1207031 0.1311160 0.1091395 0.5592347E-01 0.2219915E-01 0.1657465E-01 -9999.000 -9999.000 -9999.000 -9999.000 -9999.000 -9999.000 -9999.000 -9999.000 -9999.000 -9999.000 -9999.000 -9999.000 -9999.000 -9999.000 -9999.000 -9999.000 -9999.000 -9999.000 -9999.000 -9999.000 -9999.000 -9999.000 -9999.000 -9999.000 -9999.000 -9999.000
-9999.000 -9999.000 -9999.000 0.8272217E-01 0.1159850 0.1555088 0.2087367 0.2344029 0.2148581 0.1905936 0.1807580 0.1795555 0.1579298 0.1195073 0.1074055 0.9226817E-01 0.1333492 0.1227671 0.1363402 0.1785039 0.1454898 0.1645928 0.1956967 0.2250115 0.2165227 0.1522019 0.1156750 0.1230268 0.1371667 0.1326064 0.8596278E-01 0.4658131E-01 0.3853997E-01 -9999.000 -9999.000 -9999.000 -9999.000 -9999.000 -9999.000 -9999.000 -9999.000 -9999.000 -9999.000 -9999.000 -9999.000 -9999.000 -9999.000 -9999.000 -9999.000 -9999.000 -9999.000 -9999.000 -9999.000 -9999.000 -9999.000 -9999.000 -9999.000 -9999.000 -9999.000
-9999.000 -9999.000 -9999.000 0.3060026E-01 0.7071160E-01 0.1392674 0.2055040 0.2195842 0.2101704 0.1935984 0.1713604 0.1428203 0.1031362 0.8639328E-01 0.9403857E-01 0.1161867 0.1355410 0.1211608 0.1400522 0.1603191 0.1428158 0.1787188 0.2464533 0.2891992 0.2703888 0.1896898 0.1325132 0.1343747 0.1470393 0.1595202 0.1157900 0.7830882E-01 0.6673058E-01 0.5633316E-01 -9999.000 -9999.000 -9999.000 -9999.000 -9999.000 -9999.000 -9999.000 -9999.000 -9999.000 -9999.000 -9999.000 -9999.000 -9999.000 -9999.000 -9999.000 -9999.000 -9999.000 -9999.000 -9999.000 -9999.000 -9999.000 -9999.000 -9999.000 -9999.000 -9999.000
-9999.000 -9999.000 -9999.000 -9999.000 -9999.000 0.1039754 0.1473872 0.1810836 0.2092440 0.2298312 0.1696049 0.8895973E-01 0.5157764E-01 0.4713955E-01 0.8950916E-01 0.1571999 0.1932832 0.2122094 0.1597559 0.9659489E-01 0.8169997E-01 0.1538609 0.2643417 0.3041765 0.2560371 0.1814093 0.1460916 0.1647525 0.1887856 0.1920589 0.1457576 0.1164555 0.1185174 0.9845631E-01 0.7589679E-01 0.6884964E-01 -9999.000 0.2808446E-01 -9999.000 -9999.000 -9999.000 -9999.000 -9999.000 -9999.000 -9999.000 -9999.000 -9999.000 -9999.000 -9999.000 -9999.000 -9999.000 -9999.000 -9999.000 -9999.000 -9999.000 -9999.000 -9999.000 -9999.000 -9999.000
-9999.000 -9999.000 -9999.000 -9999.000 -9999.000 0.6300779E-01 0.7770174E-01 0.1308349 0.1906040 0.2142907 0.1799534 0.1149127 0.8014702E-01 0.7869651E-01 0.1131267 0.1744797 0.2084238 0.2406325 0.2010547 0.1226139 0.1035324 0.1677881 0.2530350 0.2663632 0.2275298 0.1672160 0.1443584 0.1511916 0.1841990 0.2103768 0.1794744 0.1671146 0.1727177 0.1656777 0.1151497 0.9656013E-01 0.9031607E-01 0.6293221E-01 -9999.000 -9999.000 -9999.000 -9999.000 -9999.000 -9999.000 -9999.000 -9999.000 -9999.000 -9999.000 -9999.000 -9999.000 -9999.000 -9999.000 -9999.000 -9999.000 -9999.000 -9999.000 -9999.000 -9999.000 -9999.000
-9999.000 -9999.000 -9999.000 -9999.000 -9999.000 0.5040245E-01 0.8187828E-01 0.1222350 0.1694942 0.1921865 0.2000344 0.1724641 0.1287467 0.1213113 0.1466707 0.1771820 0.2011535 0.2492828 0.2553929 0.2174281 0.2057696 0.2093020 0.2174337 0.2262586 0.1673938 0.1375098 0.1197000 0.1121707 0.1381008 0.1824527 0.1718921 0.1694110 0.1834396 0.1775530 0.1510049 0.1248001 0.1227526 0.1160804 0.5812628E-01 -9999.000 -9999.000 -9999.000 -9999.000 -9999.000 -9999.000 -9999.000 -9999.000 -9999.000 -9999.000 -9999.000 -9999.000 -9999.000 -9999.000 -9999.000 -9999.000 -9999.000 -9999.000 -9999.000 -9999.000
-9999.000 -9999.000 -9999.000 -9999.000 -9999.000 -9999.000 0.1083062 0.1123774 0.1472042 0.1928031 0.2218309 0.2031281 0.1550548 0.1207740 0.1265411 0.1445462 0.1793956 0.2447024 0.2674883 0.2659252 0.2800209 0.2159443 0.1755535 0.1590106 0.1402270 0.1211118 0.1058502 0.1102116 0.1336818 0.1643098 0.1465331 0.1334618 0.1463349 0.1609114 0.1476110 0.1211153 0.1295610 0.1263179 0.7710296E-01 0.3725858E-01 -9999.000 -9999.000 -9999.000 -9999.000 -9999.000 -9999.000 -9999.000 -9999.000 -9999.000 -9999.000 -9999.000 -9999.000 -9999.000 -9999.000 -9999.000 -9999.000 -9999.000 -9999.000 -9999.000
-9999.000 -9999.000 -9999.000 -9999.000 -9999.000 -9999.000 -9999.000 0.6054145E-01 0.1046414 0.1852835 0.2345337 0.2135413 0.1556065 0.9472519E-01 0.7502821E-01 0.7941736E-01 0.1305145 0.2289333 0.2379591 0.2164493 0.1863351 0.1461934 0.1386282 0.1784194 0.2083782 0.1476068 0.1236688 0.1384973 0.1575032 0.1788346 0.1720609 0.1475478 0.1402835 0.1567006 0.1353808 0.8481131E-01 0.8192363E-01 0.1124080 0.1044675 0.8126912E-01 0.2975631E-01 -9999.000 -9999.000 -9999.000 -9999.000 -9999.000 -9999.000 -9999.000 -9999.000 -9999.000 -9999.000 -9999.000 -9999.000 -9999.000 -9999.000 -9999.000 -9999.000 -9999.000 -9999.000
-9999.000 -9999.000 -9999.000 -9999.000 -9999.000 -9999.000 -9999.000 -9999.000 0.5889097E-01 0.1434038 0.1980443 0.1926430 0.1278720 0.6335801E-01 0.3916887E-01 0.3803311E-01 0.7630631E-01 0.1569437 0.1554901 0.1262950 0.1022011 0.1073781 0.1387559 0.2187689 0.2537449 0.2008799 0.1882137 0.2016057 0.2089513 0.2196980 0.2358810 0.2368149 0.1914349 0.1506982 0.9583042E-01 0.4299584E-01 0.7647977E-01 0.1255217 0.1385988 0.9135058E-01 0.2982246E-01 -9999.000 -9999.000 -9999.000 -9999.000 -9999.000 -9999.000 -9999.000 -9999.000 -9999.000 -9999.000 -9999.000 -9999.000 -9999.000 -9999.000 -9999.000 -9999.000 -9999.000 -9999.000
-9999.000 -9999.000 -9999.000 -9999.000 -9999.000 -9999.000 -9999.000 -9999.000 0.2770880E-01 0.8396754E-01 0.1469850 0.1611103 0.1270941 0.6247152E-01 0.3229278E-01 -9999.000 0.3167765E-01 0.7720849E-01 0.9565212E-01 0.9779440E-01 0.1228143 0.1257927 0.1350935 0.2114661 0.2564168 0.2402133 0.2328642 0.2348650 0.2119229 0.2064785 0.2599744 0.2718590 0.2346402 0.1568619 0.7186785E-01 0.6828490E-01 0.1142961 0.1315051 0.1199793 0.8872075E-01 0.4846381E-01 -9999.000 -9999.000 -9999.000 -9999.000 -9999.000 -9999.000 -9999.000 -9999.000 -9999.000 -9999.000 -9999.000 -9999.000 -9999.000 -9999.000 -9999.000 -9999.000 -9999.000 -9999.000
-9999.000 -9999.000 -9999.000 -9999.000 -9999.000 -9999.000 -9999.000 -9999.000 -9999.000 0.6587204E-01 0.1354503 0.1610281 0.1506796 0.1027078 0.5560077E-01 0.3029612E-01 0.1896068E-01 0.4281537E-01 0.6273684E-01 0.8270623E-01 0.1205957 0.1569402 0.1597324 0.2031735 0.2561163 0.2461861 0.2214537 0.1883346 0.1170821 0.1242420 0.2037747 0.2218195 0.2153006 0.1636998 0.1242596 0.1369630 0.1474182 0.1366719 0.1202748 0.1290653 0.1050580 -9999.000 -9999.000 -9999.000 -9999.000 -9999.000 -9999.000 -9999.000 -9999.000 -9999.000 -9999.000 -9999.000 -9999.000 -9999.000 -9999.000 -9999.000 -9999.000 -9999.000 -9999.000
-9999.000 -9999.000 -9999.000 -9999.000 -9999.000 -9999.000 -9999.000 -9999.000 -9999.000 -9999.000 0.9193977E-01 0.1359850 0.1548792 0.1326292 0.8963138E-01 0.4089293E-01 0.1938482E-01 0.2369316E-01 0.4111228E-01 0.6404480E-01 0.1120694 0.1745394 0.1856789 0.2019378 0.2506945 0.2219893 0.1710686 0.1104103 0.1112736 0.1347523 0.1514071 0.1559237 0.1638038 0.1499759 0.1481579 0.1799873 0.1751670 0.1519299 0.1617372 0.1784924 0.1394726 -9999.000 -9999.000 -9999.000 -9999.000 -9999.000 -9999.000 -9999.000 -9999.000 -9999.000 -9999.000 -9999.000 -9999.000 -9999.000 -9999.000 -9999.000 -9999.000 -9999.000 -9999.000
-9999.000 -9999.000 -9999.000 -9999.000 -9999.000 -9999.000 -9999.000 -9999.000 -9999.000 0.2169682E-01 0.6508512E-01 0.1161740 0.1549392 0.1666697 0.1239784 0.6163293E-01 0.2248178E-01 0.2039712E-01 0.3421738E-01 0.5387815E-01 0.9190866E-01 0.1441282 0.1580798 0.1890777 0.2144147 0.1762827 0.1132876 0.8538828E-01 0.1432668 0.1884538 0.1754062 0.1467958 0.1483510 0.1342440 0.1429059 0.1911341 0.1820443 0.1542916 0.1722033 0.2062523 0.1667178 0.1005368 -9999.000 -9999.000 -9999.000 -9999.000 -9999.000 -9999.000 -9999.000 -9999.000 -9999.000 -9999.000 -9999.000 -9999.000 -9999.000 -9999.000 -9999.000 -9999.000 -9999.000
-9999.000 -9999.000 -9999.000 -9999.000 -9999.000 -9999.000 -9999.000 -9999.000 -9999.000 -9999.000 -9999.000 0.6235986E-01 0.1273204 0.1706401 0.1549359 0.9773837E-01 -9999.000 -9999.000 -9999.000 -9999.000 0.5848621E-01 0.9927770E-01 0.1108776 0.1430750 0.1803553 0.1578459 0.1473370 0.1482014 0.1916019 0.2205937 0.2251228 0.1905744 0.1979914 0.1962293 0.2001851 0.2236869 0.1998687 0.1845677 0.1960751 0.2183768 0.1957762 0.1236757 0.7674873E-01 -9999.000 -9999.000 -9999.000 -9999.000 -9999.000 -9999.000 -9999.000 -9999.000 -9999.000 -9999.000 -9999.000 -9999.000 -9999.000 -9999.000 -9999.000 -9999.000
-9999.000 -9999.000 -9999.000 -9999.000 -9999.000 -9999.000 -9999.000 -9999.000 -9999.000 -9999.000 -9999.000 -9999.000 0.7734645E-01 0.1417871 0.1540741 0.1172098 0.5279470E-01 -9999.000 -9999.000 -9999.000 0.4062960E-01 0.5296449E-01 0.4617815E-01 0.8048027E-01 0.1776129 0.1972931 0.1973945 0.2311735 0.2332675 0.2119560 0.2335701 0.2686119 0.2926559 0.3149349 0.2902356 0.2527759 0.2313845 0.2366259 0.2403996 0.2468661 0.2200117 0.1660028 0.1126164 -9999.000 -9999.000 -9999.000 -9999.000 -9999.000 -9999.000 -9999.000 -9999.000 -9999.000 -9999.000 -9999.000 -9999.000 -9999.000 -9999.000 -9999.000 -9999.000
-9999.000 -9999.000 -9999.000 -9999.000 -9999.000 -9999.000 -9999.000 -9999.000 -9999.000 -9999.000 -9999.000 -9999.000 0.6535507E-01 0.1390336 0.1655542 0.1384820 0.8631496E-01 0.3622595E-01 -9999.000 0.2055307E-01 0.3699824E-01 0.4048132E-01 0.2681456E-01 0.6515562E-01 0.1455007 0.1726697 0.1916799 0.2509039 0.2692536 0.2263599 0.2358057 0.3001320 0.3231803 0.3324347 0.3204742 0.2744713 0.2550583 0.2499583 0.2581469 0.2629801 0.2481784 0.2254760 0.1555748 0.6428460E-01 -9999.000 -9999.000 -9999.000 -9999.000 -9999.000 -9999.000 -9999.000 -9999.000 -9999.000 -9999.000 -9999.000 -9999.000 -9999.000 -9999.000 -9999.000
-9999.000 -9999.000 -9999.000 -9999.000 -9999.000 -9999.000 -9999.000 -9999.000 -9999.000 -9999.000 -9999.000 -9999.000 0.7114771E-01 0.1479600 0.1759139 0.1676120 0.1313026 0.7298135E-01 0.3460122E-01 0.2995659E-01 0.3658810E-01 0.3183603E-01 0.2652263E-01 0.5800962E-01 0.9437563E-01 0.1017333 0.1304209 0.2060317 0.2569592 0.2468766 0.2649048 0.3084461 0.2942753 0.2809625 0.2834038 0.2738588 0.2366986 0.2354886 0.2374289 0.2517309 0.2577935 0.2420485 0.1902173 0.1014778 -9999.000 -9999.000 -9999.000 -9999.000 -9999.000 -9999.000 -9999.000 -9999.000 -9999.000 -9999.000 -9999.000 -9999.000 -9999.000 -9999.000 -9999.000
-9999.000 -9999.000 -9999.000 -9999.000 -9999.000 -9999.000 -9999.000 -9999.000 -9999.000 -9999.000 -9999.000 -9999.000 0.6441324E-01 0.1306746 0.1780471 0.1825881 0.1638777 0.1124259 0.5087472E-01 0.3704699E-01 0.3701279E-01 0.4172415E-01 0.5308781E-01 0.6971547E-01 0.6944428E-01 0.5713515E-01 0.8603620E-01 0.1430284 0.1962542 0.2213348 0.2889560 0.2788085 0.2154641 0.2166608 0.2336888 0.1785800 0.1476934 0.1285926 0.1511380 0.1792821 0.2067142 0.2140195 0.1858579 0.1198045 0.8512132E-01 -9999.000 -9999.000 -9999.000 -9999.000 -9999.000 -9999.000 -9999.000 -9999.000 -9999.000 -9999.000 -9999.000 -9999.000 -9999.000 -9999.000
-9999.000 -9999.000 -9999.000 -9999.000 -9999.000 -9999.000 -9999.000 -9999.000 -9999.000 -9999.000 -9999.000 -9999.000 -9999.000 0.1001944 0.1652094 0.1823184 0.1731525 0.1284792 0.7549754E-01 0.3509471E-01 0.2778294E-01 0.3692068E-01 0.5752472E-01 0.6577791E-01 0.5059899E-01 0.6715960E-01 0.1129189 0.1515900 0.1845634 0.2169895 0.2380316 0.1958749 0.1581902 0.2399285 0.2667114 0.2122573 0.1436288 0.1236856 0.1378227 0.1465291 0.1639038 0.1820768 0.1764375 0.1456628 0.1078965 0.5936721E-01 -9999.000 -9999.000 -9999.000 -9999.000 -9999.000 -9999.000 -9999.000 -9999.000 -9999.000 -9999.000 -9999.000 -9999.000 -9999.000
-9999.000 -9999.000 -9999.000 -9999.000 -9999.000 -9999.000 -9999.000 -9999.000 -9999.000 -9999.000 -9999.000 -9999.000 -9999.000 0.9532140E-01 0.1438827 0.1527381 0.1654384 0.1367221 0.7072829E-01 0.3225160E-01 0.1746184E-01 0.1802550E-01 0.2723847E-01 0.3907271E-01 0.5157837E-01 0.8343075E-01 0.1537850 0.1805119 0.1817307 0.1675422 0.1660431 0.1526715 0.1558986 0.2443226 0.3096712 0.2974840 0.2438887 0.1725496 0.1658607 0.1874078 0.1933840 0.1875262 0.1811984 0.1505722 0.1017122 0.5782221E-01 -9999.000 -9999.000 -9999.000 -9999.000 -9999.000 -9999.000 -9999.000 -9999.000 -9999.000 -9999.000 -9999.000 -9999.000 -9999.000
-9999.000 -9999.000 -9999.000 -9999.000 -9999.000 -9999.000 -9999.000 -9999.000 -9999.000 -9999.000 -9999.000 -9999.000 -9999.000 0.9613571E-01 0.1266151 0.1291525 0.1534588 0.1396599 0.8875960E-01 0.5777760E-01 0.3006237E-01 -9999.000 0.1380401E-01 0.2124928E-01 0.3466349E-01 0.6154994E-01 0.1093761 0.1268879 0.1480449 0.1443344 0.1706059 0.1989147 0.1826918 0.2215678 0.2717846 0.2859511 0.2506068 0.2019687 0.1879623 0.2022109 0.1856980 0.1718491 0.1742944 0.1611852 0.1369583 0.1001362 0.7183678E-01 0.3929969E-01 -9999.000 -9999.000 -9999.000 -9999.000 -9999.000 -9999.000 -9999.000 -9999.000 -9999.000 -9999.000 -9999.000
