simulation_files/asc/Depth____260.0.asc
NCOLS       216
NROWS       273
XLLCENTER        494.688995
YLLCENTER        787.867981
CELLSIZE           0.500
NODATA_VALUE     -9999.0
[rows 182 to 207 of 273, columns 120 to 179 of 216]
-9999.000 -9999.000 -9999.000 -9999.000 -9999.000 -9999.000 -9999.000 -9999.000 -9999.000 0.8616831E-01 0.1593459 0.2450884 0.2509374 0.1992507 0.1212294 0.7144435E-01 0.3427789E-01 0.5310993E-01 0.7964108E-01 0.7495911E-01 0.7861456E-01 0.1442992 0.2270062 0.2144005 0.2315369 0.2812474 0.2879734 0.2616360 0.2805422 0.3215901 0.3528104 0.3801424 0.3577923 0.3175024 0.2957460 0.3030244 0.3037008 0.3067977 0.2759712 0.2201806 0.1528671 0.7271054E-01 -9999.000 -9999.000 -9999.000 -9999.000 -9999.000 -9999.000 -9999.000 -9999.000 -9999.000 -9999.000 -9999.000 -9999.000 -9999.000 -9999.000 -9999.000 -9999.000 -9999.000 -9999.000
-9999.000 -9999.000 -9999.000 -9999.000 -9999.000 -9999.000 -9999.000 -9999.000 0.1798063E-01 0.4845149E-01 0.1375885 0.2169915 0.2457646 0.2217495 0.1753870 0.1148929 0.6281357E-01 0.5716097E-01 0.7089821E-01 0.6073617E-01 0.6549071E-01 0.1132144 0.1688274 0.1889015 0.2303442 0.3041296 0.3244951 0.2747551 0.2865461 0.3591216 0.3861780 0.3967787 0.3864991 0.3392903 0.3242620 0.3163573 0.3191223 0.3225926 0.3043981 0.2809641 0.1932188 0.8275402E-01 -9999.000 -9999.000 -9999.000 -9999.000 -9999.000 -9999.000 -9999.000 -9999.000 -9999.000 -9999.000 -9999.000 -9999.000 -9999.000 -9999.000 -9999.000 -9999.000 -9999.000 -9999.000
-9999.000 -9999.000 -9999.000 -9999.000 -9999.000 -9999.000 -9999.000 -9999.000 -9999.000 0.3229200E-01 0.1187390 0.2163778 0.2515877 0.2503921 0.2166083 0.1630459 0.1080642 0.6852707E-01 0.5901332E-01 0.5505686E-01 0.6301952E-01 0.7896255E-01 0.9733504E-01 0.1239613 0.1829139 0.2641869 0.3111806 0.2947132 0.3211851 0.3695702 0.3497074 0.3369103 0.3420980 0.3258863 0.2809979 0.2771082 0.2864176 0.3027253 0.3077076 0.2942450 0.2429327 0.1351976 0.6471919E-01 -9999.000 -9999.000 -9999.000 -9999.000 -9999.000 -9999.000 -9999.000 -9999.000 -9999.000 -9999.000 -9999.000 -9999.000 -9999.000 -9999.000 -9999.000 -9999.000 -9999.000
-9999.000 -9999.000 -9999.000 -9999.000 -9999.000 -9999.000 -9999.000 -9999.000 -9999.000 0.1658778E-01 0.1050376 0.2148551 0.2625007 0.2670984 0.2483468 0.2017439 0.1365060 0.8105948E-01 0.6351333E-01 0.6909466E-01 0.7973392E-01 0.7465389E-01 0.7037653E-01 0.9506883E-01 0.1412008 0.2005181 0.2524964 0.2780599 0.3425090 0.3166745 0.2497215 0.2657986 0.2833442 0.2151446 0.1790282 0.1582190 0.1960116 0.2189409 0.2514617 0.2623624 0.2324173 0.1674211 0.1278160 0.7404912E-01 -9999.000 -9999.000 -9999.000 -9999.000 -9999.000 -9999.000 -9999.000 -9999.000 -9999.000 -9999.000 -9999.000 -9999.000 -9999.000 -9999.000 -9999.000 -9999.000
-9999.000 -9999.000 -9999.000 -9999.000 -9999.000 -9999.000 -9999.000 -9999.000 -9999.000 -9999.000 0.6839998E-01 0.1888216 0.2530786 0.2667720 0.2601096 0.2141187 0.1472862 0.8334898E-01 0.5519210E-01 0.5523599E-01 0.7365306E-01 0.7261922E-01 0.7338786E-01 0.1049786 0.1599145 0.2043809 0.2393063 0.2620665 0.2721869 0.2227047 0.1974983 0.3000685 0.3233093 0.2706984 0.1955043 0.1728140 0.1872147 0.2032586 0.2199963 0.2344770 0.2257546 0.1925441 0.1564351 0.1129917 -9999.000 -9999.000 -9999.000 -9999.000 -9999.000 -9999.000 -9999.000 -9999.000 -9999.000 -9999.000 -9999.000 -9999.000 -9999.000 -9999.000 -9999.000 -9999.000
-9999.000 -9999.000 -9999.000 -9999.000 -9999.000 -9999.000 -9999.000 -9999.000 -9999.000 -9999.000 -9999.000 0.1617685 0.2257758 0.2380746 0.2456499 0.2038673 0.1210528 0.7774630E-01 0.5569055E-01 0.3891000E-01 0.4517204E-01 0.6456523E-01 0.8113782E-01 0.1254137 0.1990399 0.2230886 0.2142238 0.1943312 0.2049776 0.2043875 0.2149997 0.3032133 0.3695364 0.3485081 0.2850818 0.2148442 0.2211281 0.2426460 0.2371508 0.2194714 0.2168366 0.1858726 0.1421223 0.9852248E-01 -9999.000 -9999.000 -9999.000 -9999.000 -9999.000 -9999.000 -9999.000 -9999.000 -9999.000 -9999.000 -9999.000 -9999.000 -9999.000 -9999.000 -9999.000 -9999.000
-9999.000 -9999.000 -9999.000 -9999.000 -9999.000 -9999.000 -9999.000 -9999.000 -9999.000 -9999.000 -9999.000 0.1552015 0.2063032 0.2073006 0.2224010 0.1993016 0.1412850 0.1121075 0.8489770E-01 0.5529441E-01 0.3678271E-01 0.4109660E-01 0.6238620E-01 0.1061453 0.1417974 0.1494713 0.1775301 0.1805540 0.2245277 0.2584114 0.2402360 0.2730075 0.3234117 0.3090420 0.2748482 0.2428491 0.2359126 0.2236614 0.1938369 0.2020649 0.2183170 0.2092713 0.1965496 0.1607740 0.1212221 0.8863931E-01 -9999.000 -9999.000 -9999.000 -9999.000 -9999.000 -9999.000 -9999.000 -9999.000 -9999.000 -9999.000 -9999.000 -9999.000 -9999.000 -9999.000
-9999.000 -9999.000 -9999.000 -9999.000 -9999.000 -9999.000 -9999.000 -9999.000 -9999.000 -9999.000 -9999.000 0.1084498 0.1731970 0.2044499 0.2268202 0.2243127 0.2002954 0.1740857 0.1293134 0.9969902E-01 0.5141856E-01 0.2386740E-01 0.3646615E-01 0.6832749E-01 0.8370470E-01 0.1028180 0.1868940 0.2289120 0.2726159 0.2993523 0.2882319 0.2758253 0.2681951 0.2401264 0.2483164 0.2557536 0.2493817 0.1966736 0.1957214 0.2322197 0.2491443 0.2457192 0.2587164 0.2403763 0.2005185 0.1285534 -9999.000 -9999.000 -9999.000 -9999.000 -9999.000 -9999.000 -9999.000 -9999.000 -9999.000 -9999.000 -9999.000 -9999.000 -9999.000 -9999.000
-9999.000 -9999.000 -9999.000 -9999.000 -9999.000 -9999.000 -9999.000 -9999.000 -9999.000 -9999.000 -9999.000 -9999.000 0.1185853 0.1728617 0.2106035 0.2276095 0.2318631 0.2246746 0.1755060 0.1366530 0.7945318E-01 0.2213157E-01 0.2101601E-01 0.3296647E-01 0.5292774E-01 0.9966434E-01 0.1780449 0.2319565 0.2725355 0.2985406 0.2866699 0.2892939 0.2991668 0.2681350 0.2637379 0.3074112 0.2693777 0.2335057 0.2651465 0.2955889 0.2951093 0.2867168 0.3065375 0.2875463 0.2456922 0.1564829 0.4768182E-01 -9999.000 -9999.000 -9999.000 -9999.000 -9999.000 -9999.000 -9999.000 -9999.000 -9999.000 -9999.000 -9999.000 -9999.000 -9999.000
-9999.000 -9999.000 -9999.000 -9999.000 -9999.000 -9999.000 -9999.000 -9999.000 -9999.000 -9999.000 -9999.000 -9999.000 0.6557357E-01 0.1182032 0.1727883 0.2096143 0.2454077 0.2524074 0.2244166 0.1851904 0.1298610 0.6219172E-01 0.3630551E-01 0.3896904E-01 0.4758504E-01 0.7664989E-01 0.1271436 0.1869528 0.2373053 0.2705680 0.2663355 0.2785288 0.2939866 0.2559300 0.2804754 0.3177991 0.2661986 0.2728289 0.3350815 0.3603072 0.3305470 0.3266236 0.3440218 0.2896920 0.2290951 0.1376923 0.4795001E-01 -9999.000 -9999.000 -9999.000 -9999.000 -9999.000 -9999.000 -9999.000 -9999.000 -9999.000 -9999.000 -9999.000 -9999.000 -9999.000
-9999.000 -9999.000 -9999.000 -9999.000 -9999.000 -9999.000 -9999.000 -9999.000 -9999.000 -9999.000 -9999.000 -9999.000 -9999.000 0.7100964E-01 0.1304149 0.1944150 0.2243454 0.2572658 0.2619004 0.2217237 0.1721111 0.1173396 0.7363370E-01 0.4684248E-01 0.3671507E-01 0.4616969E-01 0.7700591E-01 0.1464905 0.2177873 0.2592472 0.2344702 0.2237268 0.2201683 0.2306670 0.3025068 0.3268522 0.2789315 0.3014881 0.3776829 0.3938061 0.3622638 0.3278684 0.2707789 0.2068622 0.1685427 0.1232759 0.9023584E-01 0.6066248E-01 -9999.000 -9999.000 -9999.000 -9999.000 -9999.000 -9999.000 -9999.000 -9999.000 -9999.000 -9999.000 -9999.000 -9999.000
-9999.000 -9999.000 -9999.000 -9999.000 -9999.000 -9999.000 -9999.000 -9999.000 -9999.000 -9999.000 -9999.000 -9999.000 -9999.000 0.4616381E-01 0.1167840 0.1380529 0.1368997 0.1774127 0.2223483 0.2167817 0.2000130 0.1614171 0.1087373 0.6755166E-01 0.3965215E-01 -9999.000 0.4123340E-01 0.1074475 0.1920209 0.2231068 0.1639448 0.1928585 0.2272270 0.2485778 0.3166822 0.3417678 0.3144288 0.3329178 0.3693918 0.3811955 0.3337280 0.2381775 0.2009430 0.1658583 0.1813889 0.1968824 0.1768085 0.1394495 0.1072165 -9999.000 -9999.000 -9999.000 -9999.000 -9999.000 -9999.000 -9999.000 -9999.000 -9999.000 -9999.000 -9999.000
-9999.000 -9999.000 -9999.000 -9999.000 -9999.000 -9999.000 -9999.000 -9999.000 -9999.000 -9999.000 -9999.000 -9999.000 -9999.000 -9999.000 0.8608911E-01 0.8139966E-01 -9999.000 0.6118489E-01 0.1247152 0.1822626 0.2190060 0.1931070 0.1597513 0.1123516 0.7433055E-01 0.5653708E-01 0.4354305E-01 0.8243997E-01 0.1565688 0.1657344 0.1374780 0.1929163 0.2475994 0.2706380 0.3067727 0.3360340 0.3323115 0.3282363 0.3396952 0.3350919 0.2834403 0.2704660 0.2460118 0.2417163 0.2673458 0.2711242 0.2624039 0.2550078 0.1842530 0.9125392E-01 -9999.000 -9999.000 -9999.000 -9999.000 -9999.000 -9999.000 -9999.000 -9999.000 -9999.000 -9999.000
-9999.000 -9999.000 -9999.000 -9999.000 -9999.000 -9999.000 -9999.000 -9999.000 -9999.000 -9999.000 -9999.000 -9999.000 -9999.000 -9999.000 -9999.000 -9999.000 0.3783898E-01 0.6207023E-01 0.8639608E-01 0.1289963 0.1804212 0.1934783 0.1666589 0.1154947 0.7457100E-01 0.4953551E-01 0.3505970E-01 0.5073508E-01 0.1006260 0.1240034 0.1319914 0.1719860 0.2327654 0.2599979 0.2864802 0.3051333 0.3159517 0.3107344 0.3218726 0.3326830 0.3331260 0.3396769 0.3159794 0.3051772 0.2995486 0.3007906 0.2859127 0.2742288 0.2076866 0.1181634 -9999.000 -9999.000 -9999.000 -9999.000 -9999.000 -9999.000 -9999.000 -9999.000 -9999.000 -9999.000
-9999.000 -9999.000 -9999.000 -9999.000 -9999.000 -9999.000 -9999.000 -9999.000 -9999.000 -9999.000 -9999.000 -9999.000 -9999.000 -9999.000 -9999.000 -9999.000 0.5141141E-01 0.9646689E-01 0.1009388 0.1084626 0.1460540 0.1632631 0.1478607 0.1161105 0.7646210E-01 0.4323598E-01 0.2314322E-01 -9999.000 -9999.000 0.6176505E-01 0.1042752 0.1404671 0.1824890 0.2068849 0.2496181 0.2966760 0.3008638 0.2943854 0.3230285 0.3749889 0.3940383 0.3891835 0.3383559 0.3064778 0.3213751 0.3231058 0.2959891 0.2386654 0.1615929 0.1134862 -9999.000 -9999.000 -9999.000 -9999.000 -9999.000 -9999.000 -9999.000 -9999.000 -9999.000 -9999.000
-9999.000 -9999.000 -9999.000 -9999.000 -9999.000 -9999.000 -9999.000 -9999.000 -9999.000 -9999.000 -9999.000 -9999.000 -9999.000 -9999.000 -9999.000 -9999.000 -9999.000 0.8500462E-01 0.8004952E-01 0.9533720E-01 0.1022064 0.1323131 0.1550617 0.1380843 0.1067095 0.7023499E-01 0.3611359E-01 -9999.000 -9999.000 -9999.000 0.4954417E-01 0.1017673 0.1207783 0.1329218 0.1908233 0.2532162 0.2530144 0.2535608 0.3165363 0.3866697 0.4155784 0.3894413 0.3316287 0.3059452 0.3081906 0.2736595 0.2297220 0.1753809 0.1305900 0.1117693 -9999.000 -9999.000 -9999.000 -9999.000 -9999.000 -9999.000 -9999.000 -9999.000 -9999.000 -9999.000
-9999.000 -9999.000 -9999.000 -9999.000 -9999.000 -9999.000 -9999.000 -9999.000 -9999.000 -9999.000 -9999.000 -9999.000 -9999.000 -9999.000 -9999.000 -9999.000 -9999.000 0.6183255E-01 0.1130272 0.7599237E-01 0.4847091E-01 0.8159785E-01 0.1198068 0.1227988 0.1181517 0.9761544E-01 0.4962315E-01 0.2205650E-01 -9999.000 -9999.000 -9999.000 0.5828936E-01 0.7344065E-01 0.8891643E-01 0.1326127 0.1830489 0.1952168 0.2407844 0.3241422 0.3705192 0.3737605 0.3475616 0.3081733 0.2724360 0.2567785 0.1960409 0.1563530 0.1370514 0.1422092 0.1374292 0.1076941 -9999.000 -9999.000 -9999.000 -9999.000 -9999.000 -9999.000 -9999.000 -9999.000 -9999.000
-9999.000 -9999.000 -9999.000 -9999.000 -9999.000 -9999.000 -9999.000 -9999.000 -9999.000 -9999.000 -9999.000 -9999.000 -9999.000 -9999.000 -9999.000 -9999.000 -9999.000 0.7104892E-01 0.1179341 0.6025683E-01 0.3900334E-01 0.7577993E-01 0.9478484E-01 0.8899508E-01 0.1125347 0.9926984E-01 -9999.000 -9999.000 -9999.000 -9999.000 -9999.000 -9999.000 0.4152793E-01 0.8378849E-01 0.1420953 0.1808702 0.2112257 0.2640955 0.2949931 0.3203380 0.3106261 0.2902613 0.2724825 0.2753278 0.2487880 0.2399794 0.2193950 0.1645559 0.1669505 0.1891154 0.1635392 0.7969353E-01 -9999.000 -9999.000 -9999.000 -9999.000 -9999.000 -9999.000 -9999.000 -9999.000
-9999.000 -9999.000 -9999.000 -9999.000 -9999.000 -9999.000 -9999.000 -9999.000 -9999.000 -9999.000 -9999.000 -9999.000 -9999.000 -9999.000 -9999.000 -9999.000 -9999.000 0.1236913 0.8161247E-01 0.5030125E-01 0.8134451E-01 0.1319832 0.1398975 0.9889054E-01 0.1039408 0.8752485E-01 0.5704710E-01 -9999.000 -9999.000 -9999.000 -9999.000 -9999.000 -9999.000 0.8076491E-01 0.1603696 0.2140805 0.2470236 0.2371812 0.2255700 0.2359071 0.2617789 0.2348005 0.2443582 0.2860250 0.2750438 0.2863314 0.2649280 0.2086289 0.1951656 0.2262899 0.2032693 0.9465726E-01 0.3977853E-01 -9999.000 -9999.000 -9999.000 -9999.000 -9999.000 -9999.000 -9999.000
-9999.000 -9999.000 -9999.000 -9999.000 -9999.000 -9999.000 -9999.000 -9999.000 -9999.000 -9999.000 -9999.000 -9999.000 -9999.000 -9999.000 -9999.000 -9999.000 0.6840082E-01 0.1288889 0.1036581 0.8069700E-01 0.1531116 0.1999867 0.1825019 0.1327174 0.1234175 0.9270928E-01 -9999.000 -9999.000 -9999.000 -9999.000 -9999.000 -9999.000 -9999.000 0.6800262E-01 0.1319968 0.1728172 0.1927991 0.1982790 0.2024475 0.2152496 0.2163186 0.1893682 0.1889868 0.2653450 0.2954968 0.2853123 0.2583310 0.2231466 0.2111647 0.2206287 0.2076227 0.1100524 0.4857890E-01 -9999.000 -9999.000 -9999.000 -9999.000 -9999.000 -9999.000 -9999.000
-9999.000 -9999.000 -9999.000 -9999.000 -9999.000 -9999.000 -9999.000 -9999.000 -9999.000 -9999.000 -9999.000 -9999.000 -9999.000 -9999.000 -9999.000 -9999.000 -9999.000 0.7906522E-01 0.9517727E-01 0.9868895E-01 0.1491851 0.1782834 0.1659953 0.1771969 0.1762328 0.1231870 0.5385544E-01 -9999.000 -9999.000 -9999.000 -9999.000 -9999.000 -9999.000 0.4024395E-01 0.7173798E-01 0.7943056E-01 0.1202217 0.1641566 0.2081406 0.2121915 0.2134902 0.2008552 0.1924856 0.2433562 0.2774605 0.2830083 0.2690329 0.2294832 0.2277316 0.2390303 0.1924122 0.1274977 0.9539449E-01 0.3827738E-01 -9999.000 -9999.000 -9999.000 -9999.000 -9999.000 -9999.000
-9999.000 -9999.000 -9999.000 -9999.000 -9999.000 -9999.000 -9999.000 -9999.000 -9999.000 -9999.000 -9999.000 -9999.000 -9999.000 -9999.000 -9999.000 -9999.000 -9999.000 0.3749859E-01 0.6198878E-01 0.7682699E-01 0.1096473 0.1222427 0.1304927 0.1786491 0.2025598 0.1525590 0.8623591E-01 0.3481279E-01 -9999.000 -9999.000 -9999.000 -9999.000 -9999.000 -9999.000 0.6232960E-01 0.8414400E-01 0.1087195 0.1461841 0.1733794 0.1847922 0.2168984 0.2482337 0.2504142 0.2552846 0.2486163 0.2770013 0.2592462 0.2307273 0.2577169 0.2806791 0.2333614 0.1955692 0.1672601 0.9784783E-01 -9999.000 -9999.000 -9999.000 -9999.000 -9999.000 -9999.000
-9999.000 -9999.000 -9999.000 -9999.000 -9999.000 -9999.000 -9999.000 -9999.000 -9999.000 -9999.000 -9999.000 -9999.000 -9999.000 -9999.000 -9999.000 -9999.000 -9999.000 -9999.000 0.7590540E-01 0.5351876E-01 0.5409831E-01 0.8667442E-01 0.1140949 0.1587352 0.1960736 0.1705096 0.1205526 0.5682366E-01 0.2316476E-01 -9999.000 -9999.000 -9999.000 -9999.000 -9999.000 0.6291089E-01 0.8945281E-01 0.1176871 0.1412719 0.1595704 0.1693959 0.1883429 0.2285742 0.2431656 0.2269143 0.2150521 0.2020513 0.1873327 0.2053304 0.2775345 0.3172099 0.2841299 0.2514731 0.2105300 0.1817100 0.1636925 -9999.000 -9999.000 -9999.000 -9999.000 -9999.000
-9999.000 -9999.000 -9999.000 -9999.000 -9999.000 -9999.000 -9999.000 -9999.000 -9999.000 -9999.000 -9999.000 -9999.000 -9999.000 -9999.000 -9999.000 -9999.000 -9999.000 -9999.000 0.5237073E-01 -9999.000 0.3302620E-01 0.1088553 0.1585819 0.1857557 0.1732571 0.1369038 0.1090407 0.7253507E-01 0.3789380E-01 -9999.000 -9999.000 -9999.000 -9999.000 -9999.000 -9999.000 0.5072515E-01 0.8560166E-01 0.1262933 0.1639021 0.1757201 0.1888783 0.2160526 0.2368276 0.1815906 0.1203058 0.9312793E-01 0.1123040 0.2000833 0.2897833 0.3331642 0.2798744 0.2473245 0.2198298 0.2080510 0.1614041 0.7865318E-01 -9999.000 -9999.000 -9999.000 -9999.000
-9999.000 -9999.000 -9999.000 -9999.000 -9999.000 -9999.000 -9999.000 -9999.000 -9999.000 -9999.000 -9999.000 -9999.000 -9999.000 -9999.000 -9999.000 -9999.000 -9999.000 -9999.000 0.1419014E-01 0.2080502E-01 -9999.000 0.1322536 0.2100562 0.2252342 0.1808625 0.1441093 0.1143739 0.8966325E-01 0.5054218E-01 -9999.000 -9999.000 -9999.000 -9999.000 -9999.000 -9999.000 0.2690392E-01 0.6887034E-01 0.1192411 0.1616390 0.1877133 0.2256145 0.2355345 0.2389900 0.1871970 0.1412448 0.1435723 0.1680692 0.2340355 0.2734734 0.2548066 0.2316465 0.2506333 0.2447868 0.1955598 0.1570233 0.1053027 0.4523896E-01 -9999.000 -9999.000 -9999.000
-9999.000 -9999.000 -9999.000 -9999.000 -9999.000 -9999.000 -9999.000 -9999.000 -9999.000 -9999.000 -9999.000 -9999.000 -9999.000 -9999.000 -9999.000 -9999.000 -9999.000 -9999.000 -9999.000 0.2636892E-01 0.6164094E-01 0.1423795 0.2234252 0.2151875 0.1789946 0.1412667 0.1129617 0.9277815E-01 0.6108588E-01 -9999.000 -9999.000 -9999.000 -9999.000 -9999.000 -9999.000 -9999.000 0.5460655E-01 0.1155977 0.1747424 0.2214149 0.2772503 0.2934784 0.2575805 0.2176955 0.2270359 0.3111072 0.3609821 0.3413918 0.2896303 0.2355283 0.2526280 0.3072239 0.2969628 0.2144341 0.1813455 0.1640329 0.9013646E-01 -9999.000 -9999.000 -9999.000
