simulation_files/asc/Depth____000117.asc
NCOLS        79
NROWS        79
XLLCENTER         -1.500000
YLLCENTER         -4.800000
CELLSIZE           0.100
NODATA_VALUE     -9999.0
[rows 0 to 25 of 79, columns 0 to 57 of 79]
-9999.000 -9999.000 -9999.000 -9999.000 -9999.000 -9999.000 -9999.000 -9999.000 -9999.000 -9999.000 -9999.000 -9999.000 -9999.000 -9999.000 -9999.000 0.4323772 0.4325427 0.4325291 0.4324655 0.4323668 0.4322429 0.4321014 0.4319478 0.4317850 0.4316112 0.4314185 0.4311877 0.4308847 0.4304623 0.4305367 0.4305367 -9999.000 -9999.000 -9999.000 -9999.000 -9999.000 -9999.000 -9999.000 -9999.000 -9999.000 -9999.000 -9999.000 -9999.000 -9999.000 -9999.000 -9999.000 -9999.000 -9999.000 -9999.000 -9999.000 -9999.000 -9999.000 -9999.000 -9999.000 -9999.000 -9999.000 -9999.000 -9999.000
-9999.000 -9999.000 -9999.000 -9999.000 -9999.000 -9999.000 -9999.000 -9999.000 -9999.000 -9999.000 -9999.000 -9999.000 -9999.000 -9999.000 -9999.000 0.4342404 0.4344064 0.4343888 0.4343296 0.4342419 0.4341338 0.4340121 0.4338816 0.4337454 0.4336030 0.4334483 0.4332649 0.4330206 0.4326659 0.4327735 0.4327735 -9999.000 -9999.000 -9999.000 -9999.000 -9999.000 -9999.000 -9999.000 -9999.000 -9999.000 -9999.000 -9999.000 -9999.000 -9999.000 -9999.000 -9999.000 -9999.000 -9999.000 -9999.000 -9999.000 -9999.000 -9999.000 -9999.000 -9999.000 -9999.000 -9999.000 -9999.000 -9999.000
-9999.000 -9999.000 -9999.000 -9999.000 -9999.000 -9999.000 -9999.000 -9999.000 -9999.000 -9999.000 -9999.000 -9999.000 -9999.000 -9999.000 -9999.000 0.4362175 0.4364116 0.4363974 0.4363412 0.4362569 0.4361534 0.4360377 0.4359150 0.4357878 0.4356548 0.4355083 0.4353290 0.4350802 0.4347060 0.4348134 0.4348134 -9999.000 -9999.000 -9999.000 -9999.000 -9999.000 -9999.000 -9999.000 -9999.000 -9999.000 -9999.000 -9999.000 -9999.000 -9999.000 -9999.000 -9999.000 -9999.000 -9999.000 -9999.000 -9999.000 -9999.000 -9999.000 -9999.000 -9999.000 -9999.000 -9999.000 -9999.000 -9999.000
-9999.000 -9999.000 -9999.000 -9999.000 -9999.000 -9999.000 -9999.000 -9999.000 -9999.000 -9999.000 -9999.000 -9999.000 -9999.000 -9999.000 -9999.000 0.4382237 0.4384393 0.4384269 0.4383715 0.4382876 0.4381847 0.4380701 0.4379490 0.4378237 0.4376923 0.4375457 0.4373623 0.4371011 0.4366988 0.4367905 0.4367905 -9999.000 -9999.000 -9999.000 -9999.000 -9999.000 -9999.000 -9999.000 -9999.000 -9999.000 -9999.000 -9999.000 -9999.000 -9999.000 -9999.000 -9999.000 -9999.000 -9999.000 -9999.000 -9999.000 -9999.000 -9999.000 -9999.000 -9999.000 -9999.000 -9999.000 -9999.000 -9999.000
-9999.000 -9999.000 -9999.000 -9999.000 -9999.000 -9999.000 -9999.000 -9999.000 -9999.000 -9999.000 -9999.000 -9999.000 -9999.000 -9999.000 -9999.000 0.4402485 0.4404809 0.4404688 0.4404122 0.4403262 0.4402208 0.4401037 0.4399800 0.4398521 0.4397174 0.4395657 0.4393727 0.4390931 0.4386542 0.4387164 0.4387164 -9999.000 -9999.000 -9999.000 -9999.000 -9999.000 -9999.000 -9999.000 -9999.000 -9999.000 -9999.000 -9999.000 -9999.000 -9999.000 -9999.000 -9999.000 -9999.000 -9999.000 -9999.000 -9999.000 -9999.000 -9999.000 -9999.000 -9999.000 -9999.000 -9999.000 -9999.000 -9999.000
-9999.000 -9999.000 -9999.000 -9999.000 -9999.000 -9999.000 -9999.000 -9999.000 -9999.000 -9999.000 -9999.000 -9999.000 -9999.000 -9999.000 -9999.000 0.4422842 0.4425301 0.4425169 0.4424578 0.4423680 0.4422579 0.4421358 0.4420068 0.4418733 0.4417319 0.4415714 0.4413647 0.4410611 0.4405765 0.4405939 0.4405939 -9999.000 -9999.000 -9999.000 -9999.000 -9999.000 -9999.000 -9999.000 -9999.000 -9999.000 -9999.000 -9999.000 -9999.000 -9999.000 -9999.000 -9999.000 -9999.000 -9999.000 -9999.000 -9999.000 -9999.000 -9999.000 -9999.000 -9999.000 -9999.000 -9999.000 -9999.000 -9999.000
-9999.000 -9999.000 -9999.000 -9999.000 -9999.000 -9999.000 -9999.000 -9999.000 -9999.000 -9999.000 -9999.000 -9999.000 -9999.000 -9999.000 -9999.000 0.4443251 0.4445821 0.4445670 0.4445044 0.4444095 0.4442934 0.4441645 0.4440283 0.4438870 0.4437367 0.4435645 0.4433403 0.4430070 0.4424662 0.4424200 0.4424200 -9999.000 -9999.000 -9999.000 -9999.000 -9999.000 -9999.000 -9999.000 -9999.000 -9999.000 -9999.000 -9999.000 -9999.000 -9999.000 -9999.000 -9999.000 -9999.000 -9999.000 -9999.000 -9999.000 -9999.000 -9999.000 -9999.000 -9999.000 -9999.000 -9999.000 -9999.000 -9999.000
-9999.000 -9999.000 -9999.000 -9999.000 -9999.000 -9999.000 -9999.000 -9999.000 -9999.000 -9999.000 -9999.000 -9999.000 -9999.000 -9999.000 -9999.000 0.4463673 0.4466337 0.4466157 0.4465489 0.4464483 0.4463249 0.4461882 0.4460436 0.4458929 0.4457317 0.4455453 0.4452999 0.4449306 0.4443211 0.4441855 0.4441855 -9999.000 -9999.000 -9999.000 -9999.000 -9999.000 -9999.000 -9999.000 -9999.000 -9999.000 -9999.000 -9999.000 -9999.000 -9999.000 -9999.000 -9999.000 -9999.000 -9999.000 -9999.000 -9999.000 -9999.000 -9999.000 -9999.000 -9999.000 -9999.000 -9999.000 -9999.000 -9999.000
-9999.000 -9999.000 -9999.000 -9999.000 -9999.000 -9999.000 -9999.000 -9999.000 -9999.000 -9999.000 -9999.000 -9999.000 -9999.000 -9999.000 -9999.000 0.4484075 0.4486819 0.4486603 0.4485888 0.4484816 0.4483503 0.4482049 0.4480506 0.4478893 0.4477156 0.4475127 0.4472421 0.4468296 0.4461355 0.4458737 0.4458737 -9999.000 -9999.000 -9999.000 -9999.000 -9999.000 -9999.000 -9999.000 -9999.000 -9999.000 -9999.000 -9999.000 -9999.000 -9999.000 -9999.000 -9999.000 -9999.000 -9999.000 -9999.000 -9999.000 -9999.000 -9999.000 -9999.000 -9999.000 -9999.000 -9999.000 -9999.000 -9999.000
-9999.000 -9999.000 -9999.000 -9999.000 -9999.000 -9999.000 -9999.000 -9999.000 -9999.000 -9999.000 -9999.000 -9999.000 -9999.000 -9999.000 -9999.000 0.4504425 0.4507241 0.4506981 0.4506212 0.4505068 0.4503668 0.4502118 0.4500470 0.4498739 0.4496860 0.4494640 0.4491635 0.4486986 0.4478995 0.4474562 0.4474562 -9999.000 -9999.000 -9999.000 -9999.000 -9999.000 -9999.000 -9999.000 -9999.000 -9999.000 -9999.000 -9999.000 -9999.000 -9999.000 -9999.000 -9999.000 -9999.000 -9999.000 -9999.000 -9999.000 -9999.000 -9999.000 -9999.000 -9999.000 -9999.000 -9999.000 -9999.000 -9999.000
-9999.000 -9999.000 -9999.000 -9999.000 -9999.000 -9999.000 -9999.000 -9999.000 -9999.000 -9999.000 -9999.000 -9999.000 -9999.000 -9999.000 -9999.000 0.4524686 0.4527572 0.4527259 0.4526430 0.4525207 0.4523712 0.4522056 0.4520292 0.4518430 0.4516388 0.4513943 0.4510578 0.4505283 0.4495967 0.4488851 0.4488851 -9999.000 -9999.000 -9999.000 -9999.000 -9999.000 -9999.000 -9999.000 -9999.000 -9999.000 -9999.000 -9999.000 -9999.000 -9999.000 -9999.000 -9999.000 -9999.000 -9999.000 -9999.000 -9999.000 -9999.000 -9999.000 -9999.000 -9999.000 -9999.000 -9999.000 -9999.000 -9999.000
-9999.000 -9999.000 -9999.000 -9999.000 -9999.000 -9999.000 -9999.000 -9999.000 -9999.000 -9999.000 -9999.000 -9999.000 -9999.000 -9999.000 -9999.000 0.4544808 0.4547768 0.4547393 0.4546498 0.4545186 0.4543585 0.4541813 0.4539918 0.4537905 0.4535673 0.4532955 0.4529144 0.4523030 0.4512003 0.4500783 0.4500783 -9999.000 -9999.000 -9999.000 -9999.000 -9999.000 -9999.000 -9999.000 -9999.000 -9999.000 -9999.000 -9999.000 -9999.000 -9999.000 -9999.000 -9999.000 -9999.000 -9999.000 -9999.000 -9999.000 -9999.000 -9999.000 -9999.000 -9999.000 -9999.000 -9999.000 -9999.000 -9999.000
-9999.000 -9999.000 -9999.000 -9999.000 -9999.000 -9999.000 -9999.000 -9999.000 -9999.000 -9999.000 -9999.000 -9999.000 -9999.000 -9999.000 -9999.000 0.4564708 0.4567760 0.4567315 0.4566345 0.4564936 0.4563216 0.4561311 0.4559264 0.4557070 0.4554603 0.4551538 0.4547147 0.4539958 0.4526656 0.4508870 0.4508870 -9999.000 -9999.000 -9999.000 -9999.000 -9999.000 -9999.000 -9999.000 -9999.000 -9999.000 -9999.000 -9999.000 -9999.000 -9999.000 -9999.000 -9999.000 -9999.000 -9999.000 -9999.000 -9999.000 -9999.000 -9999.000 -9999.000 -9999.000 -9999.000 -9999.000 -9999.000 -9999.000
-9999.000 -9999.000 -9999.000 -9999.000 -9999.000 -9999.000 -9999.000 -9999.000 -9999.000 -9999.000 -9999.000 -9999.000 -9999.000 -9999.000 -9999.000 0.4584137 0.4587362 0.4586859 0.4585828 0.4584326 0.4582482 0.4580430 0.4578201 0.4575780 0.4573001 0.4569463 0.4564272 0.4555595 0.4539136 0.4510262 0.4510262 -9999.000 -9999.000 -9999.000 -9999.000 -9999.000 -9999.000 -9999.000 -9999.000 -9999.000 -9999.000 -9999.000 -9999.000 -9999.000 -9999.000 -9999.000 -9999.000 -9999.000 -9999.000 -9999.000 -9999.000 -9999.000 -9999.000 -9999.000 -9999.000 -9999.000 -9999.000 -9999.000
-9999.000 -9999.000 -9999.000 -9999.000 -9999.000 -9999.000 -9999.000 -9999.000 -9999.000 -9999.000 -9999.000 -9999.000 -9999.000 -9999.000 -9999.000 0.4588227 0.4600385 0.4603007 0.4604177 0.4604134 0.4603169 0.4601579 0.4599508 0.4597028 0.4593985 0.4589884 0.4583544 0.4572440 0.4550444 0.4495353 0.4495353 -9999.000 -9999.000 -9999.000 -9999.000 -9999.000 -9999.000 -9999.000 -9999.000 -9999.000 -9999.000 -9999.000 -9999.000 -9999.000 -9999.000 -9999.000 -9999.000 -9999.000 -9999.000 -9999.000 -9999.000 -9999.000 -9999.000 -9999.000 -9999.000 -9999.000 -9999.000 -9999.000
0.4746418 0.4746418 0.4621761 0.4487068 0.4452015 0.4452015 0.4422598 0.4373237 0.4373237 0.4331616 0.4331616 0.4295220 0.4278559 0.4262759 0.4247722 0.4247722 0.4666254 0.4671831 0.4675170 0.4680628 0.4688541 0.4698072 0.4707689 0.4715573 0.4718793 0.4712682 0.4689346 0.4634675 0.4516685 0.4193891 0.4193891 0.2594167 0.2388401 0.2371502 0.2385405 0.2385405 0.2443362 0.2443362 0.2630011 0.2630011 0.3015580 0.3522988 0.3522988 0.3680555 0.3680555 0.3692085 0.3692085 0.3692085 0.3635273 0.3635273 0.3547997 0.3547997 0.3472771 0.3472771 0.3404659 0.3404659 0.3347936 0.3347936
0.4735318 0.4735318 0.4601829 0.4480621 0.4445492 0.4445492 0.4416012 0.4366653 0.4366653 0.4325133 0.4325133 0.4288860 0.4272259 0.4256515 0.4241531 0.4241531 0.4591276 0.4611843 0.4603609 0.4591958 0.4584716 0.4584357 0.4589161 0.4598106 0.4608463 0.4615842 0.4611715 0.4582229 0.4500518 0.4283751 0.4283751 0.3146048 0.2776094 0.2496008 0.2446485 0.2446485 0.2455903 0.2455903 0.2619680 0.2619680 0.2867864 0.3473895 0.3473895 0.3695735 0.3695735 0.3697945 0.3697945 0.3697945 0.3643757 0.3643757 0.3547801 0.3547801 0.3471898 0.3471898 0.3403531 0.3403531 0.3346461 0.3346461
0.4729163 0.4729163 0.4592889 0.4480786 0.4445665 0.4445665 0.4416050 0.4366469 0.4366469 0.4324862 0.4324862 0.4288564 0.4271952 0.4256197 0.4241200 0.4241200 0.4528758 0.4566076 0.4551699 0.4524892 0.4501251 0.4485430 0.4477367 0.4476411 0.4480558 0.4487635 0.4488442 0.4469068 0.4409536 0.4248520 0.4248520 0.3414420 0.3034028 0.2642488 0.2553587 0.2553587 0.2531387 0.2531387 0.2686118 0.2686118 0.2862439 0.3381973 0.3381973 0.3689270 0.3689270 0.3705372 0.3705372 0.3705372 0.3642106 0.3642106 0.3553156 0.3553156 0.3474192 0.3474192 0.3404679 0.3404679 0.3347346 0.3347346
0.4724254 0.4724254 0.4585943 0.4480923 0.4446010 0.4446010 0.4416308 0.4366500 0.4366500 0.4324824 0.4324824 0.4288537 0.4271937 0.4256191 0.4241199 0.4241199 0.4464050 0.4512280 0.4497036 0.4459651 0.4422464 0.4393174 0.4373247 0.4362462 0.4359239 0.4361321 0.4361295 0.4347310 0.4301349 0.4174603 0.4174603 0.3575917 0.3220542 0.2804465 0.2705526 0.2705526 0.2684234 0.2684234 0.2825676 0.2825676 0.2946326 0.3318164 0.3318164 0.3638164 0.3638164 0.3696021 0.3696021 0.3696021 0.3634700 0.3634700 0.3549714 0.3549714 0.3469886 0.3469886 0.3400625 0.3400625 0.3344881 0.3344881
0.4720517 0.4720517 0.4580732 0.4480949 0.4446335 0.4446335 0.4416582 0.4366545 0.4366545 0.4324789 0.4324789 0.4288515 0.4271926 0.4256190 0.4241205 0.4241205 0.4399443 0.4446447 0.4431059 0.4386572 0.4338440 0.4297366 0.4266594 0.4246602 0.4236240 0.4233435 0.4231994 0.4221349 0.4185289 0.4085107 0.4085107 0.3660544 0.3347507 0.2973420 0.2897587 0.2897587 0.2910350 0.2910350 0.3019261 0.3019261 0.3084733 0.3292421 0.3292421 0.3553042 0.3553042 0.3661694 0.3661694 0.3661694 0.3614053 0.3614053 0.3537456 0.3537456 0.3460729 0.3460729 0.3394175 0.3394175 0.3341683 0.3341683
0.4717894 0.4717894 0.4577107 0.4480911 0.4446595 0.4446595 0.4416820 0.4366589 0.4366589 0.4324760 0.4324760 0.4288495 0.4271917 0.4256189 0.4241209 0.4241209 0.4337681 0.4370515 0.4351392 0.4301538 0.4244716 0.4193460 0.4152748 0.4124036 0.4106787 0.4099246 0.4096294 0.4088632 0.4061843 0.3985910 0.3985910 0.3687648 0.3434660 0.3166962 0.3140865 0.3140865 0.3187605 0.3187605 0.3230453 0.3230453 0.3240357 0.3304507 0.3304507 0.3465557 0.3465557 0.3601986 0.3601986 0.3601986 0.3577391 0.3577391 0.3515418 0.3515418 0.3446743 0.3446743 0.3385984 0.3385984 0.3338707 0.3338707
0.4716339 0.4716339 0.4574971 0.4480862 0.4446759 0.4446759 0.4416981 0.4366620 0.4366620 0.4324740 0.4324740 0.4288481 0.4271910 0.4256189 0.4241213 0.4241213 0.4278436 0.4286489 0.4257373 0.4201783 0.4138034 0.4078398 0.4028965 0.3992186 0.3968291 0.3956046 0.3951380 0.3946339 0.3928409 0.3875833 0.3875833 0.3678935 0.3510038 0.3415061 0.3441826 0.3441826 0.3475190 0.3475190 0.3425383 0.3425383 0.3386698 0.3343458 0.3343458 0.3401303 0.3401303 0.3525847 0.3525847 0.3525847 0.3525179 0.3525179 0.3482822 0.3482822 0.3427303 0.3427303 0.3375979 0.3375979 0.3336331 0.3336331
0.4715825 0.4715825 0.4574265 0.4480842 0.4446814 0.4446814 0.4417037 0.4366632 0.4366632 0.4324734 0.4324734 0.4288476 0.4271908 0.4256189 0.4241214 0.4241214 0.4218782 0.4194655 0.4148657 0.4085044 0.4015228 0.3949063 0.3892608 0.3848933 0.3819001 0.3802225 0.3795601 0.3792631 0.3783160 0.3755710 0.3755710 0.3658807 0.3617091 0.3732733 0.3775146 0.3775146 0.3728863 0.3728863 0.3587646 0.3587646 0.3513111 0.3396838 0.3396838 0.3368721 0.3368721 0.3446717 0.3446717 0.3446717 0.3461751 0.3461751 0.3440255 0.3440255 0.3402039 0.3402039 0.3363993 0.3363993 0.3334612 0.3334612
0.4716340 0.4716340 0.4574971 0.4480862 0.4446759 0.4446759 0.4416980 0.4366620 0.4366620 0.4324740 0.4324740 0.4288481 0.4271911 0.4256189 0.4241212 0.4241212 0.4153703 0.4092808 0.4024107 0.3949159 0.3873125 0.3802032 0.3740603 0.3691821 0.3657083 0.3636414 0.3627839 0.3626430 0.3625527 0.3631798 0.3631798 0.3668159 0.3818310 0.4085829 0.4082926 0.4082926 0.3925921 0.3925921 0.3717358 0.3717358 0.3619312 0.3455100 0.3455100 0.3363108 0.3363108 0.3376420 0.3376420 0.3376420 0.3394120 0.3394120 0.3390264 0.3390264 0.3371488 0.3371488 0.3350025 0.3350025 0.3333413 0.3333413
0.4717894 0.4717894 0.4577107 0.4480910 0.4446594 0.4446594 0.4416820 0.4366588 0.4366588 0.4324759 0.4324759 0.4288495 0.4271917 0.4256190 0.4241210 0.4241210 0.4076057 0.3975797 0.3880655 0.3791350 0.3708373 0.3633601 0.3569404 0.3517834 0.3480215 0.3456958 0.3446971 0.3447019 0.3457055 0.3525180 0.3525180 0.3782836 0.4164401 0.4396373 0.4318174 0.4318174 0.4070634 0.4070634 0.3820801 0.3820801 0.3707750 0.3511682 0.3511682 0.3374886 0.3374886 0.3321546 0.3321546 0.3321546 0.3329718 0.3329718 0.3337149 0.3337149 0.3337388 0.3337388 0.3334531 0.3334531 0.3332547 0.3332547
0.4720518 0.4720518 0.4580732 0.4480948 0.4446335 0.4446335 0.4416583 0.4366545 0.4366545 0.4324789 0.4324789 0.4288515 0.4271926 0.4256191 0.4241205 0.4241205 0.3975686 0.3834874 0.3712157 0.3607104 0.3516871 0.3439638 0.3374988 0.3323362 0.3285433 0.3261627 0.3251478 0.3253843 0.3285325 0.3496699 0.3496699 0.4103611 0.4612803 0.4615299 0.4486819 0.4486819 0.4176862 0.4176862 0.3902837 0.3902837 0.3779701 0.3561980 0.3561980 0.3394850 0.3394850 0.3283267 0.3283267 0.3283267 0.3274327 0.3274327 0.3286064 0.3286064 0.3302642 0.3302642 0.3318580 0.3318580 0.3331896 0.3331896
