simulation_files/asc/Depth____000112.asc
NCOLS        79
NROWS        79
XLLCENTER         -1.500000
YLLCENTER         -4.800000
CELLSIZE           0.100
NODATA_VALUE     -9999.0
[rows 0 to 25 of 79, columns 0 to 57 of 79]
-9999.000 -9999.000 -9999.000 -9999.000 -9999.000 -9999.000 -9999.000 -9999.000 -9999.000 -9999.000 -9999.000 -9999.000 -9999.000 -9999.000 -9999.000 0.4078355 0.4079942 0.4079826 0.4079206 0.4078258 0.4077072 0.4075712 0.4074216 0.4072596 0.4070820 0.4068792 0.4066342 0.4063189 0.4059020 0.4060140 0.4060140 -9999.000 -9999.000 -9999.000 -9999.000 -9999.000 -9999.000 -9999.000 -9999.000 -9999.000 -9999.000 -9999.000 -9999.000 -9999.000 -9999.000 -9999.000 -9999.000 -9999.000 -9999.000 -9999.000 -9999.000 -9999.000 -9999.000 -9999.000 -9999.000 -9999.000 -9999.000 -9999.000
-9999.000 -9999.000 -9999.000 -9999.000 -9999.000 -9999.000 -9999.000 -9999.000 -9999.000 -9999.000 -9999.000 -9999.000 -9999.000 -9999.000 -9999.000 0.4097071 0.4098678 0.4098518 0.4097937 0.4097089 0.4096048 0.4094869 0.4093590 0.4092227 0.4090762 0.4089120 0.4087153 0.4084588 0.4081060 0.4082438 0.4082438 -9999.000 -9999.000 -9999.000 -9999.000 -9999.000 -9999.000 -9999.000 -9999.000 -9999.000 -9999.000 -9999.000 -9999.000 -9999.000 -9999.000 -9999.000 -9999.000 -9999.000 -9999.000 -9999.000 -9999.000 -9999.000 -9999.000 -9999.000 -9999.000 -9999.000 -9999.000 -9999.000
-9999.000 -9999.000 -9999.000 -9999.000 -9999.000 -9999.000 -9999.000 -9999.000 -9999.000 -9999.000 -9999.000 -9999.000 -9999.000 -9999.000 -9999.000 0.4116951 0.4118846 0.4118723 0.4118171 0.4117357 0.4116365 0.4115251 0.4114053 0.4112784 0.4111414 0.4109850 0.4107912 0.4105287 0.4101550 0.4102963 0.4102963 -9999.000 -9999.000 -9999.000 -9999.000 -9999.000 -9999.000 -9999.000 -9999.000 -9999.000 -9999.000 -9999.000 -9999.000 -9999.000 -9999.000 -9999.000 -9999.000 -9999.000 -9999.000 -9999.000 -9999.000 -9999.000 -9999.000 -9999.000 -9999.000 -9999.000 -9999.000 -9999.000
-9999.000 -9999.000 -9999.000 -9999.000 -9999.000 -9999.000 -9999.000 -9999.000 -9999.000 -9999.000 -9999.000 -9999.000 -9999.000 -9999.000 -9999.000 0.4137125 0.4139244 0.4139142 0.4138600 0.4137794 0.4136813 0.4135716 0.4134541 0.4133296 0.4131943 0.4130374 0.4128382 0.4125614 0.4121576 0.4122870 0.4122870 -9999.000 -9999.000 -9999.000 -9999.000 -9999.000 -9999.000 -9999.000 -9999.000 -9999.000 -9999.000 -9999.000 -9999.000 -9999.000 -9999.000 -9999.000 -9999.000 -9999.000 -9999.000 -9999.000 -9999.000 -9999.000 -9999.000 -9999.000 -9999.000 -9999.000 -9999.000 -9999.000
-9999.000 -9999.000 -9999.000 -9999.000 -9999.000 -9999.000 -9999.000 -9999.000 -9999.000 -9999.000 -9999.000 -9999.000 -9999.000 -9999.000 -9999.000 0.4157495 0.4159790 0.4159694 0.4159142 0.4158319 0.4157318 0.4156203 0.4155008 0.4153743 0.4152361 0.4150735 0.4148636 0.4145662 0.4141234 0.4142274 0.4142274 -9999.000 -9999.000 -9999.000 -9999.000 -9999.000 -9999.000 -9999.000 -9999.000 -9999.000 -9999.000 -9999.000 -9999.000 -9999.000 -9999.000 -9999.000 -9999.000 -9999.000 -9999.000 -9999.000 -9999.000 -9999.000 -9999.000 -9999.000 -9999.000 -9999.000 -9999.000 -9999.000
-9999.000 -9999.000 -9999.000 -9999.000 -9999.000 -9999.000 -9999.000 -9999.000 -9999.000 -9999.000 -9999.000 -9999.000 -9999.000 -9999.000 -9999.000 0.4177989 0.4180423 0.4180321 0.4179744 0.4178884 0.4177841 0.4176679 0.4175438 0.4174121 0.4172676 0.4170959 0.4168708 0.4165471 0.4160557 0.4161198 0.4161198 -9999.000 -9999.000 -9999.000 -9999.000 -9999.000 -9999.000 -9999.000 -9999.000 -9999.000 -9999.000 -9999.000 -9999.000 -9999.000 -9999.000 -9999.000 -9999.000 -9999.000 -9999.000 -9999.000 -9999.000 -9999.000 -9999.000 -9999.000 -9999.000 -9999.000 -9999.000 -9999.000
-9999.000 -9999.000 -9999.000 -9999.000 -9999.000 -9999.000 -9999.000 -9999.000 -9999.000 -9999.000 -9999.000 -9999.000 -9999.000 -9999.000 -9999.000 0.4198553 0.4201099 0.4200980 0.4200369 0.4199458 0.4198354 0.4197128 0.4195817 0.4194427 0.4192893 0.4191055 0.4188612 0.4185050 0.4179537 0.4179595 0.4179595 -9999.000 -9999.000 -9999.000 -9999.000 -9999.000 -9999.000 -9999.000 -9999.000 -9999.000 -9999.000 -9999.000 -9999.000 -9999.000 -9999.000 -9999.000 -9999.000 -9999.000 -9999.000 -9999.000 -9999.000 -9999.000 -9999.000 -9999.000 -9999.000 -9999.000 -9999.000 -9999.000
-9999.000 -9999.000 -9999.000 -9999.000 -9999.000 -9999.000 -9999.000 -9999.000 -9999.000 -9999.000 -9999.000 -9999.000 -9999.000 -9999.000 -9999.000 0.4219145 0.4221781 0.4221640 0.4220986 0.4220017 0.4218841 0.4217535 0.4216139 0.4214655 0.4213010 0.4211020 0.4208343 0.4204383 0.4198131 0.4197350 0.4197350 -9999.000 -9999.000 -9999.000 -9999.000 -9999.000 -9999.000 -9999.000 -9999.000 -9999.000 -9999.000 -9999.000 -9999.000 -9999.000 -9999.000 -9999.000 -9999.000 -9999.000 -9999.000 -9999.000 -9999.000 -9999.000 -9999.000 -9999.000 -9999.000 -9999.000 -9999.000 -9999.000
-9999.000 -9999.000 -9999.000 -9999.000 -9999.000 -9999.000 -9999.000 -9999.000 -9999.000 -9999.000 -9999.000 -9999.000 -9999.000 -9999.000 -9999.000 0.4239723 0.4242434 0.4242265 0.4241567 0.4240535 0.4239281 0.4237885 0.4236389 0.4234793 0.4233015 0.4230841 0.4227878 0.4223431 0.4216258 0.4214266 0.4214266 -9999.000 -9999.000 -9999.000 -9999.000 -9999.000 -9999.000 -9999.000 -9999.000 -9999.000 -9999.000 -9999.000 -9999.000 -9999.000 -9999.000 -9999.000 -9999.000 -9999.000 -9999.000 -9999.000 -9999.000 -9999.000 -9999.000 -9999.000 -9999.000 -9999.000 -9999.000 -9999.000
-9999.000 -9999.000 -9999.000 -9999.000 -9999.000 -9999.000 -9999.000 -9999.000 -9999.000 -9999.000 -9999.000 -9999.000 -9999.000 -9999.000 -9999.000 0.4260240 0.4263014 0.4262813 0.4262072 0.4260977 0.4259644 0.4258153 0.4256547 0.4254824 0.4252887 0.4250489 0.4247175 0.4242125 0.4233791 0.4230016 0.4230016 -9999.000 -9999.000 -9999.000 -9999.000 -9999.000 -9999.000 -9999.000 -9999.000 -9999.000 -9999.000 -9999.000 -9999.000 -9999.000 -9999.000 -9999.000 -9999.000 -9999.000 -9999.000 -9999.000 -9999.000 -9999.000 -9999.000 -9999.000 -9999.000 -9999.000 -9999.000 -9999.000
-9999.000 -9999.000 -9999.000 -9999.000 -9999.000 -9999.000 -9999.000 -9999.000 -9999.000 -9999.000 -9999.000 -9999.000 -9999.000 -9999.000 -9999.000 0.4280638 0.4283467 0.4283229 0.4282445 0.4281292 0.4279883 0.4278297 0.4276575 0.4274709 0.4272585 0.4269915 0.4266165 0.4260356 0.4250531 0.4244061 0.4244061 -9999.000 -9999.000 -9999.000 -9999.000 -9999.000 -9999.000 -9999.000 -9999.000 -9999.000 -9999.000 -9999.000 -9999.000 -9999.000 -9999.000 -9999.000 -9999.000 -9999.000 -9999.000 -9999.000 -9999.000 -9999.000 -9999.000 -9999.000 -9999.000 -9999.000 -9999.000 -9999.000
-9999.000 -9999.000 -9999.000 -9999.000 -9999.000 -9999.000 -9999.000 -9999.000 -9999.000 -9999.000 -9999.000 -9999.000 -9999.000 -9999.000 -9999.000 0.4300851 0.4303731 0.4303445 0.4302614 0.4301402 0.4299920 0.4298241 0.4296402 0.4294379 0.4292037 0.4289033 0.4284730 0.4277943 0.4266165 0.4255472 0.4255472 -9999.000 -9999.000 -9999.000 -9999.000 -9999.000 -9999.000 -9999.000 -9999.000 -9999.000 -9999.000 -9999.000 -9999.000 -9999.000 -9999.000 -9999.000 -9999.000 -9999.000 -9999.000 -9999.000 -9999.000 -9999.000 -9999.000 -9999.000 -9999.000 -9999.000 -9999.000 -9999.000
-9999.000 -9999.000 -9999.000 -9999.000 -9999.000 -9999.000 -9999.000 -9999.000 -9999.000 -9999.000 -9999.000 -9999.000 -9999.000 -9999.000 -9999.000 0.4320793 0.4323729 0.4323376 0.4322483 0.4321202 0.4319641 0.4317868 0.4315904 0.4313707 0.4311106 0.4307680 0.4302661 0.4294578 0.4280165 0.4262540 0.4262540 -9999.000 -9999.000 -9999.000 -9999.000 -9999.000 -9999.000 -9999.000 -9999.000 -9999.000 -9999.000 -9999.000 -9999.000 -9999.000 -9999.000 -9999.000 -9999.000 -9999.000 -9999.000 -9999.000 -9999.000 -9999.000 -9999.000 -9999.000 -9999.000 -9999.000 -9999.000 -9999.000
-9999.000 -9999.000 -9999.000 -9999.000 -9999.000 -9999.000 -9999.000 -9999.000 -9999.000 -9999.000 -9999.000 -9999.000 -9999.000 -9999.000 -9999.000 0.4340225 0.4343281 0.4342853 0.4341891 0.4340532 0.4338884 0.4337003 0.4334897 0.4332489 0.4329558 0.4325572 0.4319574 0.4309694 0.4291577 0.4261885 0.4261885 -9999.000 -9999.000 -9999.000 -9999.000 -9999.000 -9999.000 -9999.000 -9999.000 -9999.000 -9999.000 -9999.000 -9999.000 -9999.000 -9999.000 -9999.000 -9999.000 -9999.000 -9999.000 -9999.000 -9999.000 -9999.000 -9999.000 -9999.000 -9999.000 -9999.000 -9999.000 -9999.000
-9999.000 -9999.000 -9999.000 -9999.000 -9999.000 -9999.000 -9999.000 -9999.000 -9999.000 -9999.000 -9999.000 -9999.000 -9999.000 -9999.000 -9999.000 0.4344756 0.4356378 0.4358875 0.4359963 0.4359980 0.4359198 0.4357812 0.4355930 0.4353525 0.4350352 0.4345719 0.4338332 0.4325581 0.4301100 0.4242731 0.4242731 -9999.000 -9999.000 -9999.000 -9999.000 -9999.000 -9999.000 -9999.000 -9999.000 -9999.000 -9999.000 -9999.000 -9999.000 -9999.000 -9999.000 -9999.000 -9999.000 -9999.000 -9999.000 -9999.000 -9999.000 -9999.000 -9999.000 -9999.000 -9999.000 -9999.000 -9999.000 -9999.000
0.4426270 0.4426270 0.4284878 0.4170831 0.4136474 0.4136474 0.4107917 0.4060544 0.4060544 0.4020680 0.4020680 0.3985544 0.3969373 0.3954008 0.3934827 0.3934827 0.4425981 0.4431910 0.4435209 0.4440844 0.4448630 0.4457369 0.4465493 0.4470884 0.4470449 0.4459340 0.4430216 0.4370033 0.4247971 0.3921596 0.3921596 0.2366788 0.2163776 0.2160966 0.2185815 0.2185815 0.2263131 0.2263131 0.2462323 0.2462323 0.2919900 0.3309168 0.3309168 0.3420727 0.3420727 0.3424132 0.3424132 0.3424132 0.3364859 0.3364859 0.3301418 0.3301418 0.3219500 0.3219500 0.3156313 0.3156313 0.3104120 0.3104120
0.4409986 0.4409986 0.4273930 0.4164275 0.4130144 0.4130144 0.4101665 0.4054355 0.4054355 0.4014567 0.4014567 0.3979537 0.3963427 0.3948124 0.3931516 0.3931516 0.4349061 0.4372377 0.4363437 0.4354032 0.4350066 0.4351819 0.4358279 0.4367652 0.4376726 0.4379781 0.4369166 0.4331526 0.4240218 0.4014440 0.4014440 0.2903925 0.2547866 0.2287857 0.2247102 0.2247102 0.2272857 0.2272857 0.2446636 0.2446636 0.2739841 0.3290648 0.3290648 0.3435326 0.3435326 0.3428054 0.3428054 0.3428054 0.3365256 0.3365256 0.3306697 0.3306697 0.3218013 0.3218013 0.3154590 0.3154590 0.3102204 0.3102204
0.4401866 0.4401866 0.4268924 0.4164070 0.4130132 0.4130132 0.4101640 0.4054199 0.4054199 0.4014319 0.4014319 0.3979244 0.3963122 0.3947807 0.3932105 0.3932105 0.4280806 0.4327167 0.4311783 0.4287011 0.4267551 0.4255739 0.4251265 0.4253340 0.4259964 0.4263718 0.4257892 0.4230548 0.4160437 0.3987120 0.3987120 0.3167512 0.2800939 0.2433852 0.2354028 0.2354028 0.2344545 0.2344545 0.2502697 0.2502697 0.2699308 0.3207034 0.3207034 0.3443160 0.3443160 0.3436336 0.3436336 0.3436336 0.3369401 0.3369401 0.3302794 0.3302794 0.3222245 0.3222245 0.3156568 0.3156568 0.3103523 0.3103523
0.4395837 0.4395837 0.4264152 0.4164020 0.4130360 0.4130360 0.4101865 0.4054269 0.4054269 0.4014296 0.4014296 0.3979203 0.3963085 0.3947779 0.3932593 0.3932593 0.4207739 0.4272856 0.4258792 0.4223350 0.4190825 0.4166729 0.4151720 0.4145225 0.4145286 0.4146226 0.4141675 0.4120963 0.4065346 0.3926565 0.3926565 0.3322048 0.2984468 0.2595703 0.2505619 0.2505619 0.2490856 0.2490856 0.2627346 0.2627346 0.2754602 0.3134614 0.3134614 0.3408981 0.3408981 0.3431403 0.3431403 0.3431403 0.3365479 0.3365479 0.3296139 0.3296139 0.3219444 0.3219444 0.3153749 0.3153749 0.3101595 0.3101595
0.4391527 0.4391527 0.4260070 0.4163953 0.4130623 0.4130623 0.4102141 0.4054365 0.4054365 0.4014281 0.4014281 0.3979166 0.3963054 0.3947758 0.3932865 0.3932865 0.4133938 0.4204137 0.4194646 0.4152978 0.4109860 0.4074815 0.4050036 0.4035470 0.4029464 0.4027284 0.4022771 0.4006075 0.3960605 0.3848095 0.3848095 0.3412675 0.3113741 0.2765229 0.2695500 0.2695500 0.2705107 0.2705107 0.2802908 0.2802908 0.2869442 0.3091642 0.3091642 0.3335828 0.3335828 0.3405891 0.3405891 0.3405891 0.3350368 0.3350368 0.3283266 0.3283266 0.3211338 0.3211338 0.3148400 0.3148400 0.3098955 0.3098955
0.4388652 0.4388652 0.4257000 0.4163859 0.4130852 0.4130852 0.4102397 0.4054463 0.4054463 0.4014272 0.4014272 0.3979137 0.3963030 0.3947740 0.3933011 0.3933011 0.4064005 0.4123305 0.4115892 0.4071184 0.4020029 0.3975437 0.3941593 0.3919330 0.3907512 0.3902263 0.3897795 0.3885017 0.3849356 0.3761548 0.3761548 0.3451337 0.3208398 0.2958691 0.2931671 0.2931671 0.2963986 0.2963986 0.2995979 0.2995979 0.3006916 0.3086616 0.3086616 0.3251589 0.3251589 0.3357117 0.3357117 0.3357117 0.3321271 0.3321271 0.3263077 0.3263077 0.3198678 0.3198678 0.3141285 0.3141285 0.3096510 0.3096510
0.4387006 0.4387006 0.4255113 0.4163773 0.4131001 0.4131001 0.4102576 0.4054535 0.4054535 0.4014270 0.4014270 0.3979119 0.3963015 0.3947729 0.3933088 0.3933088 0.3998760 0.4033698 0.4021464 0.3974587 0.3917849 0.3865541 0.3823663 0.3794184 0.3776732 0.3768366 0.3763907 0.3755070 0.3729260 0.3666180 0.3666180 0.3459050 0.3296926 0.3201242 0.3216353 0.3216353 0.3229635 0.3229635 0.3176018 0.3176018 0.3140584 0.3112600 0.3112600 0.3183840 0.3183840 0.3290962 0.3290962 0.3290962 0.3277743 0.3277743 0.3234398 0.3234398 0.3181308 0.3181308 0.3132501 0.3132501 0.3094582 0.3094582
0.4386470 0.4386470 0.4254478 0.4163738 0.4131052 0.4131052 0.4102640 0.4054562 0.4054562 0.4014269 0.4014269 0.3979113 0.3963010 0.3947726 0.3933129 0.3933129 0.3935770 0.3937136 0.3911438 0.3860496 0.3799834 0.3741971 0.3693692 0.3657977 0.3635336 0.3623849 0.3619209 0.3614126 0.3598406 0.3563441 0.3563441 0.3461688 0.3421805 0.3500789 0.3523643 0.3523643 0.3463777 0.3463777 0.3328013 0.3328013 0.3258770 0.3157190 0.3157190 0.3144989 0.3144989 0.3218834 0.3218834 0.3218834 0.3222815 0.3222815 0.3197155 0.3197155 0.3158984 0.3158984 0.3122007 0.3122007 0.3093269 0.3093269
0.4387005 0.4387005 0.4255113 0.4163773 0.4131001 0.4131001 0.4102576 0.4054535 0.4054535 0.4014270 0.4014270 0.3979119 0.3963015 0.3947730 0.3933154 0.3933154 0.3870144 0.3832681 0.3785731 0.3726819 0.3662540 0.3601165 0.3548654 0.3508374 0.3481569 0.3467326 0.3462398 0.3460780 0.3456145 0.3461063 0.3461063 0.3502335 0.3637813 0.3821861 0.3803473 0.3803473 0.3647844 0.3647844 0.3451246 0.3451246 0.3359587 0.3209532 0.3209532 0.3133143 0.3133143 0.3152179 0.3152179 0.3152179 0.3162379 0.3162379 0.3153073 0.3153073 0.3132104 0.3132104 0.3109868 0.3109868 0.3092490 0.3092490
0.4388651 0.4388651 0.4257000 0.4163859 0.4130852 0.4130852 0.4102397 0.4054463 0.4054463 0.4014273 0.4014273 0.3979137 0.3963030 0.3947741 0.3933171 0.3933171 0.3794783 0.3716070 0.3642603 0.3571445 0.3502651 0.3439298 0.3384974 0.3342450 0.3313240 0.3297239 0.3292298 0.3294101 0.3304478 0.3383615 0.3383615 0.3653720 0.3976196 0.4099241 0.4019784 0.4019784 0.3785553 0.3785553 0.3550447 0.3550447 0.3444193 0.3261942 0.3261942 0.3139826 0.3139826 0.3098344 0.3098344 0.3098344 0.3103289 0.3103289 0.3105645 0.3105645 0.3102057 0.3102057 0.3096475 0.3096475 0.3092088 0.3092088
0.4391527 0.4391527 0.4260070 0.4163952 0.4130623 0.4130623 0.4102141 0.4054365 0.4054365 0.4014280 0.4014280 0.3979166 0.3963054 0.3947757 0.3933186 0.3933186 0.3699736 0.3579205 0.3477214 0.3391005 0.3316589 0.3252341 0.3198627 0.3156645 0.3127507 0.3111512 0.3107465 0.3113573 0.3153325 0.3396570 0.3396570 0.3993697 0.4374514 0.4301068 0.4180398 0.4180398 0.3888108 0.3888108 0.3629404 0.3629404 0.3513186 0.3309176 0.3309176 0.3155957 0.3155957 0.3059570 0.3059570 0.3059570 0.3051316 0.3051316 0.3059404 0.3059404 0.3071287 0.3071287 0.3082713 0.3082713 0.3091929 0.3091929
