simulation_files/asc/Depth____000218.asc
NCOLS        79
NROWS        79
XLLCENTER         -1.500000
YLLCENTER         -4.800000
CELLSIZE           0.100
NODATA_VALUE     -9999.0
[rows 0 to 25 of 79, columns 0 to 58 of 79]
-9999.000 -9999.000 -9999.000 -9999.000 -9999.000 -9999.000 -9999.000 -9999.000 -9999.000 -9999.000 -9999.000 -9999.000 -9999.000 -9999.000 -9999.000 0.7663081 0.7668962 0.7671964 0.7672936 0.7671170 0.7668194 0.7664819 0.7661309 0.7657906 0.7654786 0.7651922 0.7649314 0.7646700 0.7642982 0.7642721 0.7642721 -9999.000 -9999.000 -9999.000 -9999.000 -9999.000 -9999.000 -9999.000 -9999.000 -9999.000 -9999.000 -9999.000 -9999.000 -9999.000 -9999.000 -9999.000 -9999.000 -9999.000 -9999.000 -9999.000 -9999.000 -9999.000 -9999.000 -9999.000 -9999.000 -9999.000 -9999.000 -9999.000 -9999.000
-9999.000 -9999.000 -9999.000 -9999.000 -9999.000 -9999.000 -9999.000 -9999.000 -9999.000 -9999.000 -9999.000 -9999.000 -9999.000 -9999.000 -9999.000 0.7681373 0.7686598 0.7689036 0.7689815 0.7688361 0.7685981 0.7683345 0.7680652 0.7678084 0.7675772 0.7673675 0.7671784 0.7669854 0.7666913 0.7667549 0.7667549 -9999.000 -9999.000 -9999.000 -9999.000 -9999.000 -9999.000 -9999.000 -9999.000 -9999.000 -9999.000 -9999.000 -9999.000 -9999.000 -9999.000 -9999.000 -9999.000 -9999.000 -9999.000 -9999.000 -9999.000 -9999.000 -9999.000 -9999.000 -9999.000 -9999.000 -9999.000 -9999.000 -9999.000
-9999.000 -9999.000 -9999.000 -9999.000 -9999.000 -9999.000 -9999.000 -9999.000 -9999.000 -9999.000 -9999.000 -9999.000 -9999.000 -9999.000 -9999.000 0.7700413 0.7706034 0.7708611 0.7709497 0.7708097 0.7705765 0.7703189 0.7700568 0.7698086 0.7695867 0.7693861 0.7692043 0.7690152 0.7687156 0.7687750 0.7687750 -9999.000 -9999.000 -9999.000 -9999.000 -9999.000 -9999.000 -9999.000 -9999.000 -9999.000 -9999.000 -9999.000 -9999.000 -9999.000 -9999.000 -9999.000 -9999.000 -9999.000 -9999.000 -9999.000 -9999.000 -9999.000 -9999.000 -9999.000 -9999.000 -9999.000 -9999.000 -9999.000 -9999.000
-9999.000 -9999.000 -9999.000 -9999.000 -9999.000 -9999.000 -9999.000 -9999.000 -9999.000 -9999.000 -9999.000 -9999.000 -9999.000 -9999.000 -9999.000 0.7719967 0.7725848 0.7728508 0.7729436 0.7728021 0.7725664 0.7723073 0.7720440 0.7717953 0.7715738 0.7713733 0.7711913 0.7709995 0.7706885 0.7707262 0.7707262 -9999.000 -9999.000 -9999.000 -9999.000 -9999.000 -9999.000 -9999.000 -9999.000 -9999.000 -9999.000 -9999.000 -9999.000 -9999.000 -9999.000 -9999.000 -9999.000 -9999.000 -9999.000 -9999.000 -9999.000 -9999.000 -9999.000 -9999.000 -9999.000 -9999.000 -9999.000 -9999.000 -9999.000
-9999.000 -9999.000 -9999.000 -9999.000 -9999.000 -9999.000 -9999.000 -9999.000 -9999.000 -9999.000 -9999.000 -9999.000 -9999.000 -9999.000 -9999.000 0.7739704 0.7745797 0.7748513 0.7749454 0.7747988 0.7745574 0.7742932 0.7740249 0.7737720 0.7735472 0.7733431 0.7731574 0.7729595 0.7726324 0.7726349 0.7726349 -9999.000 -9999.000 -9999.000 -9999.000 -9999.000 -9999.000 -9999.000 -9999.000 -9999.000 -9999.000 -9999.000 -9999.000 -9999.000 -9999.000 -9999.000 -9999.000 -9999.000 -9999.000 -9999.000 -9999.000 -9999.000 -9999.000 -9999.000 -9999.000 -9999.000 -9999.000 -9999.000 -9999.000
-9999.000 -9999.000 -9999.000 -9999.000 -9999.000 -9999.000 -9999.000 -9999.000 -9999.000 -9999.000 -9999.000 -9999.000 -9999.000 -9999.000 -9999.000 0.7759490 0.7765777 0.7768533 0.7769469 0.7767932 0.7765443 0.7762735 0.7759987 0.7757399 0.7755101 0.7753007 0.7751095 0.7749036 0.7745563 0.7745104 0.7745104 -9999.000 -9999.000 -9999.000 -9999.000 -9999.000 -9999.000 -9999.000 -9999.000 -9999.000 -9999.000 -9999.000 -9999.000 -9999.000 -9999.000 -9999.000 -9999.000 -9999.000 -9999.000 -9999.000 -9999.000 -9999.000 -9999.000 -9999.000 -9999.000 -9999.000 -9999.000 -9999.000 -9999.000
-9999.000 -9999.000 -9999.000 -9999.000 -9999.000 -9999.000 -9999.000 -9999.000 -9999.000 -9999.000 -9999.000 -9999.000 -9999.000 -9999.000 -9999.000 0.7779270 0.7785739 0.7788524 0.7789442 0.7787819 0.7785244 0.7782465 0.7779642 0.7776988 0.7774634 0.7772478 0.7770501 0.7768344 0.7764630 0.7763531 0.7763531 -9999.000 -9999.000 -9999.000 -9999.000 -9999.000 -9999.000 -9999.000 -9999.000 -9999.000 -9999.000 -9999.000 -9999.000 -9999.000 -9999.000 -9999.000 -9999.000 -9999.000 -9999.000 -9999.000 -9999.000 -9999.000 -9999.000 -9999.000 -9999.000 -9999.000 -9999.000 -9999.000 -9999.000
-9999.000 -9999.000 -9999.000 -9999.000 -9999.000 -9999.000 -9999.000 -9999.000 -9999.000 -9999.000 -9999.000 -9999.000 -9999.000 -9999.000 -9999.000 0.7799016 0.7805663 0.7808462 0.7809350 0.7807626 0.7804959 0.7802103 0.7799203 0.7796480 0.7794068 0.7791843 0.7789793 0.7787524 0.7783521 0.7781590 0.7781590 -9999.000 -9999.000 -9999.000 -9999.000 -9999.000 -9999.000 -9999.000 -9999.000 -9999.000 -9999.000 -9999.000 -9999.000 -9999.000 -9999.000 -9999.000 -9999.000 -9999.000 -9999.000 -9999.000 -9999.000 -9999.000 -9999.000 -9999.000 -9999.000 -9999.000 -9999.000 -9999.000 -9999.000
-9999.000 -9999.000 -9999.000 -9999.000 -9999.000 -9999.000 -9999.000 -9999.000 -9999.000 -9999.000 -9999.000 -9999.000 -9999.000 -9999.000 -9999.000 0.7818711 0.7825534 0.7828332 0.7829176 0.7827337 0.7824570 0.7821637 0.7818656 0.7815862 0.7813390 0.7811092 0.7808963 0.7806565 0.7802222 0.7799200 0.7799200 -9999.000 -9999.000 -9999.000 -9999.000 -9999.000 -9999.000 -9999.000 -9999.000 -9999.000 -9999.000 -9999.000 -9999.000 -9999.000 -9999.000 -9999.000 -9999.000 -9999.000 -9999.000 -9999.000 -9999.000 -9999.000 -9999.000 -9999.000 -9999.000 -9999.000 -9999.000 -9999.000 -9999.000
-9999.000 -9999.000 -9999.000 -9999.000 -9999.000 -9999.000 -9999.000 -9999.000 -9999.000 -9999.000 -9999.000 -9999.000 -9999.000 -9999.000 -9999.000 0.7838343 0.7845338 0.7848119 0.7848905 0.7846934 0.7844059 0.7841047 0.7837982 0.7835116 0.7832586 0.7830209 0.7827994 0.7825448 0.7820699 0.7816241 0.7816241 -9999.000 -9999.000 -9999.000 -9999.000 -9999.000 -9999.000 -9999.000 -9999.000 -9999.000 -9999.000 -9999.000 -9999.000 -9999.000 -9999.000 -9999.000 -9999.000 -9999.000 -9999.000 -9999.000 -9999.000 -9999.000 -9999.000 -9999.000 -9999.000 -9999.000 -9999.000 -9999.000 -9999.000
-9999.000 -9999.000 -9999.000 -9999.000 -9999.000 -9999.000 -9999.000 -9999.000 -9999.000 -9999.000 -9999.000 -9999.000 -9999.000 -9999.000 -9999.000 0.7857898 0.7865062 0.7867808 0.7868521 0.7866395 0.7863406 0.7860312 0.7857161 0.7854223 0.7851632 0.7849171 0.7846861 0.7844143 0.7838908 0.7832537 0.7832537 -9999.000 -9999.000 -9999.000 -9999.000 -9999.000 -9999.000 -9999.000 -9999.000 -9999.000 -9999.000 -9999.000 -9999.000 -9999.000 -9999.000 -9999.000 -9999.000 -9999.000 -9999.000 -9999.000 -9999.000 -9999.000 -9999.000 -9999.000 -9999.000 -9999.000 -9999.000 -9999.000 -9999.000
-9999.000 -9999.000 -9999.000 -9999.000 -9999.000 -9999.000 -9999.000 -9999.000 -9999.000 -9999.000 -9999.000 -9999.000 -9999.000 -9999.000 -9999.000 0.7877349 0.7884682 0.7887373 0.7887996 0.7885697 0.7882583 0.7879408 0.7876166 0.7873154 0.7870503 0.7867948 0.7865531 0.7862611 0.7856791 0.7847829 0.7847829 -9999.000 -9999.000 -9999.000 -9999.000 -9999.000 -9999.000 -9999.000 -9999.000 -9999.000 -9999.000 -9999.000 -9999.000 -9999.000 -9999.000 -9999.000 -9999.000 -9999.000 -9999.000 -9999.000 -9999.000 -9999.000 -9999.000 -9999.000 -9999.000 -9999.000 -9999.000 -9999.000 -9999.000
-9999.000 -9999.000 -9999.000 -9999.000 -9999.000 -9999.000 -9999.000 -9999.000 -9999.000 -9999.000 -9999.000 -9999.000 -9999.000 -9999.000 -9999.000 0.7896569 0.7904090 0.7906719 0.7907284 0.7904823 0.7901585 0.7898326 0.7894987 0.7891898 0.7889182 0.7886518 0.7883977 0.7880810 0.7874272 0.7861735 0.7861735 -9999.000 -9999.000 -9999.000 -9999.000 -9999.000 -9999.000 -9999.000 -9999.000 -9999.000 -9999.000 -9999.000 -9999.000 -9999.000 -9999.000 -9999.000 -9999.000 -9999.000 -9999.000 -9999.000 -9999.000 -9999.000 -9999.000 -9999.000 -9999.000 -9999.000 -9999.000 -9999.000 -9999.000
-9999.000 -9999.000 -9999.000 -9999.000 -9999.000 -9999.000 -9999.000 -9999.000 -9999.000 -9999.000 -9999.000 -9999.000 -9999.000 -9999.000 -9999.000 0.7911893 0.7920414 0.7924039 0.7926294 0.7924592 0.7921351 0.7917985 0.7914473 0.7911209 0.7908328 0.7905443 0.7902674 0.7899137 0.7891658 0.7874125 0.7874125 -9999.000 -9999.000 -9999.000 -9999.000 -9999.000 -9999.000 -9999.000 -9999.000 -9999.000 -9999.000 -9999.000 -9999.000 -9999.000 -9999.000 -9999.000 -9999.000 -9999.000 -9999.000 -9999.000 -9999.000 -9999.000 -9999.000 -9999.000 -9999.000 -9999.000 -9999.000 -9999.000 -9999.000
-9999.000 -9999.000 -9999.000 -9999.000 -9999.000 -9999.000 -9999.000 -9999.000 -9999.000 -9999.000 -9999.000 -9999.000 -9999.000 -9999.000 -9999.000 0.7775638 0.7879959 0.7937813 0.7978125 0.7986454 0.7976367 0.7966143 0.7956178 0.7947288 0.7939754 0.7933023 0.7927133 0.7920778 0.7909662 0.7877277 0.7877277 -9999.000 -9999.000 -9999.000 -9999.000 -9999.000 -9999.000 -9999.000 -9999.000 -9999.000 -9999.000 -9999.000 -9999.000 -9999.000 -9999.000 -9999.000 -9999.000 -9999.000 -9999.000 -9999.000 -9999.000 -9999.000 -9999.000 -9999.000 -9999.000 -9999.000 -9999.000 -9999.000 -9999.000
0.8899578 0.8899578 0.8813372 0.8747970 0.8662308 0.8662308 0.8627041 0.8572754 0.8572754 0.8528503 0.8528503 0.8491467 0.8475013 0.8459650 0.8443999 0.8443999 0.7982569 0.7966794 0.7952667 0.7936211 0.7949488 0.7968926 0.7991495 0.8019927 0.8052975 0.8082441 0.8108031 0.8116384 0.8065434 0.7788182 0.7788182 0.5580666 0.5168962 0.4898475 0.4805787 0.4805787 0.4649008 0.4649008 0.4614213 0.4614213 0.4690736 0.5112514 0.5112514 0.5920600 0.5920600 0.6945327 0.6945327 0.6945327 0.7020627 0.7020627 0.6936452 0.6936452 0.6788158 0.6788158 0.6624274 0.6624274 0.6467586 0.6467586 0.6467586
0.8868697 0.8868697 0.8793050 0.8727455 0.8653281 0.8653281 0.8616011 0.8560990 0.8560990 0.8516892 0.8516892 0.8480046 0.8463674 0.8448391 0.8432837 0.8432837 0.8036427 0.7965471 0.7907813 0.7855533 0.7820261 0.7795217 0.7779109 0.7773657 0.7779205 0.7792672 0.7813302 0.7835336 0.7841097 0.7767356 0.7767356 0.6292804 0.5706948 0.5105710 0.4929644 0.4929644 0.4706813 0.4706813 0.4665543 0.4665543 0.4739102 0.5119877 0.5119877 0.5799671 0.5799671 0.6853982 0.6853982 0.6853982 0.6996969 0.6996969 0.6933118 0.6933118 0.6791751 0.6791751 0.6630750 0.6630750 0.6475341 0.6475341 0.6475341
0.8854322 0.8854322 0.8787384 0.8723423 0.8655990 0.8655990 0.8617000 0.8560624 0.8560624 0.8516389 0.8516389 0.8479524 0.8463133 0.8447818 0.8432092 0.8432092 0.8078680 0.7963613 0.7864776 0.7776814 0.7705629 0.7649209 0.7605944 0.7576061 0.7559761 0.7555285 0.7561707 0.7575197 0.7582896 0.7537622 0.7537622 0.6633489 0.6036059 0.5296071 0.5064549 0.5064549 0.4798699 0.4798699 0.4799044 0.4799044 0.4904892 0.5289596 0.5289596 0.5824638 0.5824638 0.6733680 0.6733680 0.6733680 0.6933303 0.6933303 0.6905727 0.6905727 0.6780172 0.6780172 0.6625574 0.6625574 0.6473381 0.6473381 0.6473381
0.8845404 0.8845404 0.8786709 0.8722094 0.8658996 0.8658996 0.8618503 0.8560625 0.8560625 0.8516291 0.8516291 0.8479499 0.8463126 0.8447817 0.8431819 0.8431819 0.8108689 0.7957995 0.7820715 0.7697259 0.7592047 0.7505449 0.7436526 0.7384761 0.7349705 0.7329784 0.7323588 0.7328058 0.7333796 0.7306761 0.7306761 0.6747849 0.6229891 0.5473073 0.5221174 0.5221174 0.4968287 0.4968287 0.5058010 0.5058010 0.5202022 0.5554284 0.5554284 0.5906287 0.5906287 0.6579744 0.6579744 0.6579744 0.6813232 0.6813232 0.6836040 0.6836040 0.6741863 0.6741863 0.6603778 0.6603778 0.6461345 0.6461345 0.6461345
0.8841777 0.8841777 0.8777870 0.8722100 0.8661687 0.8661687 0.8619953 0.8560643 0.8560643 0.8516204 0.8516204 0.8479485 0.8463129 0.8447821 0.8431385 0.8431385 0.8121909 0.7941477 0.7769610 0.7612397 0.7474620 0.7358135 0.7263009 0.7188789 0.7134802 0.7099584 0.7081404 0.7077444 0.7080519 0.7066250 0.7066250 0.6721713 0.6307883 0.5616277 0.5388163 0.5388163 0.5242010 0.5242010 0.5453627 0.5453627 0.5608833 0.5853288 0.5853288 0.6009067 0.6009067 0.6422225 0.6422225 0.6422225 0.6653161 0.6653161 0.6725571 0.6725571 0.6675239 0.6675239 0.6565035 0.6565035 0.6440426 0.6440426 0.6440426
0.8846539 0.8846539 0.8761819 0.8722558 0.8663755 0.8663755 0.8621115 0.8560647 0.8560647 0.8516120 0.8516120 0.8479475 0.8463140 0.8447843 0.8430779 0.8430779 0.8115347 0.7908062 0.7705157 0.7516854 0.7348837 0.7203911 0.7082986 0.6986009 0.6912419 0.6860984 0.6830000 0.6816896 0.6816081 0.6810281 0.6810281 0.6602939 0.6294232 0.5735233 0.5587582 0.5587582 0.5652642 0.5652642 0.5948094 0.5948094 0.6056972 0.6130022 0.6130022 0.6112032 0.6112032 0.6288663 0.6288663 0.6288663 0.6480052 0.6480052 0.6584810 0.6584810 0.6581573 0.6581573 0.6508504 0.6508504 0.6410185 0.6410185 0.6410185
0.8847511 0.8847511 0.8753655 0.8722996 0.8665052 0.8665052 0.8621861 0.8560655 0.8560655 0.8516065 0.8516065 0.8479468 0.8463147 0.8447852 0.8429892 0.8429892 0.8086064 0.7852108 0.7620653 0.7404152 0.7208871 0.7038053 0.6893086 0.6774277 0.6681302 0.6613215 0.6568563 0.6545152 0.6538711 0.6537512 0.6537512 0.6420084 0.6212100 0.5871354 0.5880528 0.5880528 0.6204354 0.6204354 0.6449188 0.6449188 0.6462027 0.6356233 0.6356233 0.6208373 0.6208373 0.6193084 0.6193084 0.6193084 0.6318511 0.6318511 0.6429167 0.6429167 0.6465651 0.6465651 0.6434382 0.6434382 0.6369987 0.6369987 0.6369987
0.8847830 0.8847830 0.8750950 0.8723149 0.8665485 0.8665485 0.8622116 0.8560658 0.8560658 0.8516048 0.8516048 0.8479466 0.8463147 0.8447856 0.8428648 0.8428648 0.8030339 0.7767696 0.7509037 0.7267083 0.7047918 0.6854616 0.6688582 0.6550223 0.6439353 0.6355280 0.6296875 0.6262405 0.6248845 0.6249481 0.6249481 0.6194522 0.6090223 0.6108092 0.6347178 0.6347178 0.6822155 0.6822155 0.6864742 0.6864742 0.6774496 0.6531816 0.6531816 0.6297737 0.6297737 0.6136236 0.6136236 0.6136236 0.6184231 0.6184231 0.6274801 0.6274801 0.6335601 0.6335601 0.6344923 0.6344923 0.6319880 0.6319880 0.6319880
0.8847510 0.8847510 0.8753656 0.8722998 0.8665052 0.8665052 0.8621862 0.8560656 0.8560656 0.8516065 0.8516065 0.8479468 0.8463145 0.8447852 0.8426929 0.8426929 0.7942473 0.7647450 0.7362025 0.7097228 0.6857928 0.6646329 0.6463302 0.6308980 0.6183087 0.6085045 0.6013991 0.5968671 0.5947466 0.5949993 0.5949993 0.5949939 0.5980509 0.6556900 0.7008098 0.7008098 0.7365888 0.7365888 0.7157918 0.7157918 0.6995235 0.6669427 0.6669427 0.6380813 0.6380813 0.6111197 0.6111197 0.6111197 0.6083157 0.6083157 0.6135109 0.6135109 0.6202120 0.6202120 0.6245070 0.6245070 0.6261427 0.6261427 0.6261427
0.8846538 0.8846538 0.8761818 0.8722559 0.8663756 0.8663756 0.8621116 0.8560650 0.8560650 0.8516119 0.8516119 0.8479475 0.8463140 0.8447841 0.8424559 0.8424559 0.7813424 0.7481229 0.7169132 0.6884360 0.6629310 0.6404490 0.6209643 0.6044205 0.5907537 0.5798957 0.5717734 0.5663082 0.5635594 0.5647762 0.5647762 0.5730222 0.5993255 0.7258970 0.7732509 0.7732509 0.7734132 0.7734132 0.7350184 0.7350184 0.7150657 0.6780629 0.6780629 0.6456811 0.6456811 0.6108383 0.6108383 0.6108383 0.6013748 0.6013748 0.6018553 0.6018553 0.6075847 0.6075847 0.6142027 0.6142027 0.6198019 0.6198019 0.6198019
0.8841777 0.8841777 0.8777870 0.8722100 0.8661686 0.8661686 0.8619955 0.8560645 0.8560645 0.8516202 0.8516202 0.8479486 0.8463129 0.8447819 0.8421297 0.8421297 0.7628357 0.7253992 0.6916012 0.6615277 0.6350148 0.6118494 0.5918318 0.5747964 0.5606141 0.5491869 0.5404391 0.5343508 0.5315402 0.5369751 0.5369751 0.5644870 0.6319103 0.8053207 0.8286815 0.8286815 0.7938411 0.7938411 0.7478636 0.7478636 0.7264239 0.6871057 0.6871057 0.6523482 0.6523482 0.6118587 0.6118587 0.6118587 0.5970334 0.5970334 0.5928446 0.5928446 0.5965787 0.5965787 0.6044316 0.6044316 0.6134806 0.6134806 0.6134806
