simulation_files/asc/Depth____000317.asc
NCOLS        79
NROWS        79
XLLCENTER         -1.500000
YLLCENTER         -4.800000
CELLSIZE           0.100
NODATA_VALUE     -9999.0
[rows 0 to 25 of 79, columns 0 to 58 of 79]
-9999.000 -9999.000 -9999.000 -9999.000 -9999.000 -9999.000 -9999.000 -9999.000 -9999.000 -9999.000 -9999.000 -9999.000 -9999.000 -9999.000 -9999.000 0.6850778 0.6854728 0.6855167 0.6853982 0.6852013 0.6849619 0.6846961 0.6844272 0.6841615 0.6839061 0.6836675 0.6834413 0.6831938 0.6828175 0.6827710 0.6827710 -9999.000 -9999.000 -9999.000 -9999.000 -9999.000 -9999.000 -9999.000 -9999.000 -9999.000 -9999.000 -9999.000 -9999.000 -9999.000 -9999.000 -9999.000 -9999.000 -9999.000 -9999.000 -9999.000 -9999.000 -9999.000 -9999.000 -9999.000 -9999.000 -9999.000 -9999.000 -9999.000 -9999.000
-9999.000 -9999.000 -9999.000 -9999.000 -9999.000 -9999.000 -9999.000 -9999.000 -9999.000 -9999.000 -9999.000 -9999.000 -9999.000 -9999.000 -9999.000 0.6868382 0.6872144 0.6872497 0.6871522 0.6869943 0.6868057 0.6865987 0.6863922 0.6861903 0.6859984 0.6858214 0.6856549 0.6854689 0.6851669 0.6852027 0.6852027 -9999.000 -9999.000 -9999.000 -9999.000 -9999.000 -9999.000 -9999.000 -9999.000 -9999.000 -9999.000 -9999.000 -9999.000 -9999.000 -9999.000 -9999.000 -9999.000 -9999.000 -9999.000 -9999.000 -9999.000 -9999.000 -9999.000 -9999.000 -9999.000 -9999.000 -9999.000 -9999.000 -9999.000
-9999.000 -9999.000 -9999.000 -9999.000 -9999.000 -9999.000 -9999.000 -9999.000 -9999.000 -9999.000 -9999.000 -9999.000 -9999.000 -9999.000 -9999.000 0.6887549 0.6891621 0.6892050 0.6891131 0.6889613 0.6887800 0.6885815 0.6883850 0.6881939 0.6880131 0.6878464 0.6876881 0.6875055 0.6871965 0.6872280 0.6872280 -9999.000 -9999.000 -9999.000 -9999.000 -9999.000 -9999.000 -9999.000 -9999.000 -9999.000 -9999.000 -9999.000 -9999.000 -9999.000 -9999.000 -9999.000 -9999.000 -9999.000 -9999.000 -9999.000 -9999.000 -9999.000 -9999.000 -9999.000 -9999.000 -9999.000 -9999.000 -9999.000 -9999.000
-9999.000 -9999.000 -9999.000 -9999.000 -9999.000 -9999.000 -9999.000 -9999.000 -9999.000 -9999.000 -9999.000 -9999.000 -9999.000 -9999.000 -9999.000 0.6907216 0.6911471 0.6911929 0.6911014 0.6909496 0.6907684 0.6905701 0.6903747 0.6901851 0.6900058 0.6898406 0.6896827 0.6894971 0.6891745 0.6891842 0.6891842 -9999.000 -9999.000 -9999.000 -9999.000 -9999.000 -9999.000 -9999.000 -9999.000 -9999.000 -9999.000 -9999.000 -9999.000 -9999.000 -9999.000 -9999.000 -9999.000 -9999.000 -9999.000 -9999.000 -9999.000 -9999.000 -9999.000 -9999.000 -9999.000 -9999.000 -9999.000 -9999.000 -9999.000
-9999.000 -9999.000 -9999.000 -9999.000 -9999.000 -9999.000 -9999.000 -9999.000 -9999.000 -9999.000 -9999.000 -9999.000 -9999.000 -9999.000 -9999.000 0.6927090 0.6931474 0.6931937 0.6930996 0.6929445 0.6927599 0.6925579 0.6923596 0.6921670 0.6919849 0.6918170 0.6916558 0.6914632 0.6911219 0.6910953 0.6910953 -9999.000 -9999.000 -9999.000 -9999.000 -9999.000 -9999.000 -9999.000 -9999.000 -9999.000 -9999.000 -9999.000 -9999.000 -9999.000 -9999.000 -9999.000 -9999.000 -9999.000 -9999.000 -9999.000 -9999.000 -9999.000 -9999.000 -9999.000 -9999.000 -9999.000 -9999.000 -9999.000 -9999.000
-9999.000 -9999.000 -9999.000 -9999.000 -9999.000 -9999.000 -9999.000 -9999.000 -9999.000 -9999.000 -9999.000 -9999.000 -9999.000 -9999.000 -9999.000 0.6947038 0.6951520 0.6951974 0.6950992 0.6949393 0.6947495 0.6945419 0.6943387 0.6941409 0.6939538 0.6937810 0.6936142 0.6934121 0.6930473 0.6929700 0.6929700 -9999.000 -9999.000 -9999.000 -9999.000 -9999.000 -9999.000 -9999.000 -9999.000 -9999.000 -9999.000 -9999.000 -9999.000 -9999.000 -9999.000 -9999.000 -9999.000 -9999.000 -9999.000 -9999.000 -9999.000 -9999.000 -9999.000 -9999.000 -9999.000 -9999.000 -9999.000 -9999.000 -9999.000
-9999.000 -9999.000 -9999.000 -9999.000 -9999.000 -9999.000 -9999.000 -9999.000 -9999.000 -9999.000 -9999.000 -9999.000 -9999.000 -9999.000 -9999.000 0.6966989 0.6971557 0.6971991 0.6970959 0.6969302 0.6967342 0.6965199 0.6963108 0.6961067 0.6959134 0.6957346 0.6955609 0.6953471 0.6949537 0.6948085 0.6948085 -9999.000 -9999.000 -9999.000 -9999.000 -9999.000 -9999.000 -9999.000 -9999.000 -9999.000 -9999.000 -9999.000 -9999.000 -9999.000 -9999.000 -9999.000 -9999.000 -9999.000 -9999.000 -9999.000 -9999.000 -9999.000 -9999.000 -9999.000 -9999.000 -9999.000 -9999.000 -9999.000 -9999.000
-9999.000 -9999.000 -9999.000 -9999.000 -9999.000 -9999.000 -9999.000 -9999.000 -9999.000 -9999.000 -9999.000 -9999.000 -9999.000 -9999.000 -9999.000 0.6986912 0.6991557 0.6991960 0.6990867 0.6989146 0.6987121 0.6984902 0.6982747 0.6980636 0.6978634 0.6976779 0.6974962 0.6972684 0.6968408 0.6966061 0.6966061 -9999.000 -9999.000 -9999.000 -9999.000 -9999.000 -9999.000 -9999.000 -9999.000 -9999.000 -9999.000 -9999.000 -9999.000 -9999.000 -9999.000 -9999.000 -9999.000 -9999.000 -9999.000 -9999.000 -9999.000 -9999.000 -9999.000 -9999.000 -9999.000 -9999.000 -9999.000 -9999.000 -9999.000
-9999.000 -9999.000 -9999.000 -9999.000 -9999.000 -9999.000 -9999.000 -9999.000 -9999.000 -9999.000 -9999.000 -9999.000 -9999.000 -9999.000 -9999.000 0.7006781 0.7011499 0.7011859 0.7010698 0.7008909 0.7006811 0.7004514 0.7002292 0.7000105 0.6998028 0.6996098 0.6994191 0.6991751 0.6987066 0.6983532 0.6983532 -9999.000 -9999.000 -9999.000 -9999.000 -9999.000 -9999.000 -9999.000 -9999.000 -9999.000 -9999.000 -9999.000 -9999.000 -9999.000 -9999.000 -9999.000 -9999.000 -9999.000 -9999.000 -9999.000 -9999.000 -9999.000 -9999.000 -9999.000 -9999.000 -9999.000 -9999.000 -9999.000 -9999.000
-9999.000 -9999.000 -9999.000 -9999.000 -9999.000 -9999.000 -9999.000 -9999.000 -9999.000 -9999.000 -9999.000 -9999.000 -9999.000 -9999.000 -9999.000 0.7026578 0.7031365 0.7031672 0.7030433 0.7028571 0.7026398 0.7024016 0.7021723 0.7019457 0.7017298 0.7015288 0.7013279 0.7010647 0.7005469 0.7000350 0.7000350 -9999.000 -9999.000 -9999.000 -9999.000 -9999.000 -9999.000 -9999.000 -9999.000 -9999.000 -9999.000 -9999.000 -9999.000 -9999.000 -9999.000 -9999.000 -9999.000 -9999.000 -9999.000 -9999.000 -9999.000 -9999.000 -9999.000 -9999.000 -9999.000 -9999.000 -9999.000 -9999.000 -9999.000
-9999.000 -9999.000 -9999.000 -9999.000 -9999.000 -9999.000 -9999.000 -9999.000 -9999.000 -9999.000 -9999.000 -9999.000 -9999.000 -9999.000 -9999.000 0.7046278 0.7051138 0.7051378 0.7050052 0.7048110 0.7045857 0.7043386 0.7041020 0.7038666 0.7036420 0.7034321 0.7032196 0.7029336 0.7023563 0.7016292 0.7016292 -9999.000 -9999.000 -9999.000 -9999.000 -9999.000 -9999.000 -9999.000 -9999.000 -9999.000 -9999.000 -9999.000 -9999.000 -9999.000 -9999.000 -9999.000 -9999.000 -9999.000 -9999.000 -9999.000 -9999.000 -9999.000 -9999.000 -9999.000 -9999.000 -9999.000 -9999.000 -9999.000 -9999.000
-9999.000 -9999.000 -9999.000 -9999.000 -9999.000 -9999.000 -9999.000 -9999.000 -9999.000 -9999.000 -9999.000 -9999.000 -9999.000 -9999.000 -9999.000 0.7065852 0.7070791 0.7070951 0.7069525 0.7067497 0.7065160 0.7062591 0.7060152 0.7057703 0.7055359 0.7053161 0.7050902 0.7047766 0.7041265 0.7031020 0.7031020 -9999.000 -9999.000 -9999.000 -9999.000 -9999.000 -9999.000 -9999.000 -9999.000 -9999.000 -9999.000 -9999.000 -9999.000 -9999.000 -9999.000 -9999.000 -9999.000 -9999.000 -9999.000 -9999.000 -9999.000 -9999.000 -9999.000 -9999.000 -9999.000 -9999.000 -9999.000 -9999.000 -9999.000
-9999.000 -9999.000 -9999.000 -9999.000 -9999.000 -9999.000 -9999.000 -9999.000 -9999.000 -9999.000 -9999.000 -9999.000 -9999.000 -9999.000 -9999.000 0.7085256 0.7090287 0.7090354 0.7088814 0.7086694 0.7084266 0.7081592 0.7079074 0.7076519 0.7074067 0.7071756 0.7069334 0.7065860 0.7058452 0.7044005 0.7044005 -9999.000 -9999.000 -9999.000 -9999.000 -9999.000 -9999.000 -9999.000 -9999.000 -9999.000 -9999.000 -9999.000 -9999.000 -9999.000 -9999.000 -9999.000 -9999.000 -9999.000 -9999.000 -9999.000 -9999.000 -9999.000 -9999.000 -9999.000 -9999.000 -9999.000 -9999.000 -9999.000 -9999.000
-9999.000 -9999.000 -9999.000 -9999.000 -9999.000 -9999.000 -9999.000 -9999.000 -9999.000 -9999.000 -9999.000 -9999.000 -9999.000 -9999.000 -9999.000 0.7104107 0.7109385 0.7109452 0.7107870 0.7105682 0.7103175 0.7100390 0.7097785 0.7095101 0.7092515 0.7090061 0.7087433 0.7083523 0.7074968 0.7054444 0.7054444 -9999.000 -9999.000 -9999.000 -9999.000 -9999.000 -9999.000 -9999.000 -9999.000 -9999.000 -9999.000 -9999.000 -9999.000 -9999.000 -9999.000 -9999.000 -9999.000 -9999.000 -9999.000 -9999.000 -9999.000 -9999.000 -9999.000 -9999.000 -9999.000 -9999.000 -9999.000 -9999.000 -9999.000
-9999.000 -9999.000 -9999.000 -9999.000 -9999.000 -9999.000 -9999.000 -9999.000 -9999.000 -9999.000 -9999.000 -9999.000 -9999.000 -9999.000 -9999.000 0.7066037 0.7112184 0.7132885 0.7138741 0.7136030 0.7132477 0.7128275 0.7124159 0.7119908 0.7115827 0.7112007 0.7108073 0.7102560 0.7091004 0.7054355 0.7054355 -9999.000 -9999.000 -9999.000 -9999.000 -9999.000 -9999.000 -9999.000 -9999.000 -9999.000 -9999.000 -9999.000 -9999.000 -9999.000 -9999.000 -9999.000 -9999.000 -9999.000 -9999.000 -9999.000 -9999.000 -9999.000 -9999.000 -9999.000 -9999.000 -9999.000 -9999.000 -9999.000 -9999.000
0.7817889 0.7817889 0.7842358 0.7663102 0.7616644 0.7616644 0.7583612 0.7532384 0.7532384 0.7490509 0.7490509 0.7454843 0.7438838 0.7423835 0.7409331 0.7409331 0.7159213 0.7146772 0.7138185 0.7145168 0.7157233 0.7173089 0.7196558 0.7220881 0.7245820 0.7269722 0.7286907 0.7281916 0.7212850 0.6915886 0.6915886 0.4841376 0.4486389 0.4280111 0.4211377 0.4211377 0.4106275 0.4106275 0.4142606 0.4142606 0.4258249 0.4756413 0.4756413 0.5812100 0.5812100 0.6230263 0.6230263 0.6230263 0.6221380 0.6221380 0.6116824 0.6116824 0.5978760 0.5978760 0.5836411 0.5836411 0.5706540 0.5706540 0.5706540
0.7789711 0.7789711 0.7831252 0.7653911 0.7607122 0.7607122 0.7573304 0.7521805 0.7521805 0.7480143 0.7480143 0.7444665 0.7428734 0.7413799 0.7399364 0.7399364 0.7182258 0.7133384 0.7089182 0.7054541 0.7026845 0.7006626 0.6996505 0.6994969 0.7001959 0.7016734 0.7036487 0.7054055 0.7051839 0.6930363 0.6930363 0.5522330 0.4987358 0.4463775 0.4318370 0.4318370 0.4155476 0.4155476 0.4182312 0.4182312 0.4290298 0.4724297 0.4724297 0.5542221 0.5542221 0.6204732 0.6204732 0.6204732 0.6219137 0.6219137 0.6119625 0.6119625 0.5982769 0.5982769 0.5841654 0.5841654 0.5712273 0.5712273 0.5712273
0.7776290 0.7776290 0.7825118 0.7655005 0.7608337 0.7608337 0.7573618 0.7521363 0.7521363 0.7479671 0.7479671 0.7444198 0.7428247 0.7413285 0.7398763 0.7398763 0.7199163 0.7118475 0.7042160 0.6975227 0.6918228 0.6871725 0.6837357 0.6814597 0.6803243 0.6802873 0.6811700 0.6824488 0.6827379 0.6753901 0.6753901 0.5855348 0.5303299 0.4643600 0.4447319 0.4447319 0.4251424 0.4251424 0.4316037 0.4316037 0.4443563 0.4838037 0.4838037 0.5435493 0.5435493 0.6130704 0.6130704 0.6130704 0.6190106 0.6190106 0.6108738 0.6108738 0.5978385 0.5978385 0.5839989 0.5839989 0.5712256 0.5712256 0.5712256
0.7767777 0.7767777 0.7815747 0.7656103 0.7609946 0.7609946 0.7574374 0.7521220 0.7521220 0.7479548 0.7479548 0.7444172 0.7428237 0.7413282 0.7398657 0.7398657 0.7207924 0.7099171 0.6992271 0.6894920 0.6810113 0.6739109 0.6683064 0.6641728 0.6614557 0.6600837 0.6599018 0.6605100 0.6608508 0.6561394 0.6561394 0.5990080 0.5500465 0.4818332 0.4605930 0.4605930 0.4432929 0.4432929 0.4569717 0.4569717 0.4712028 0.5028678 0.5028678 0.5401521 0.5401521 0.6001937 0.6001937 0.6001937 0.6113695 0.6113695 0.6068159 0.6068159 0.5955737 0.5955737 0.5826551 0.5826551 0.5705070 0.5705070 0.5705070
0.7763957 0.7763957 0.7803341 0.7657312 0.7611611 0.7611611 0.7575234 0.7521104 0.7521104 0.7479419 0.7479419 0.7444137 0.7428219 0.7413267 0.7398481 0.7398481 0.7205010 0.7070720 0.6935140 0.6808926 0.6697012 0.6601593 0.6523907 0.6464005 0.6421314 0.6394914 0.6383232 0.6382939 0.6385824 0.6357789 0.6357789 0.5994608 0.5594208 0.4970979 0.4788018 0.4788018 0.4722828 0.4722828 0.4936779 0.4936779 0.5061758 0.5246007 0.5246007 0.5412181 0.5412181 0.5846055 0.5846055 0.5846055 0.5994527 0.5994527 0.5995368 0.5995368 0.5913286 0.5913286 0.5801987 0.5801987 0.5692647 0.5692647 0.5692647
0.7765208 0.7765208 0.7788541 0.7658387 0.7613001 0.7613001 0.7575984 0.7521006 0.7521006 0.7479320 0.7479320 0.7444147 0.7428259 0.7413316 0.7398296 0.7398296 0.7187728 0.7028676 0.6866151 0.6712986 0.6575394 0.6456333 0.6357299 0.6278651 0.6220000 0.6180461 0.6158556 0.6151465 0.6152788 0.6138539 0.6138539 0.5912369 0.5606995 0.5116380 0.5020480 0.5020480 0.5136619 0.5136619 0.5364216 0.5364216 0.5427081 0.5449353 0.5449353 0.5449653 0.5449653 0.5696824 0.5696824 0.5696824 0.5850450 0.5850450 0.5893908 0.5893908 0.5850264 0.5850264 0.5765550 0.5765550 0.5675095 0.5675095 0.5675095
0.7770234 0.7770234 0.7774079 0.7659423 0.7614051 0.7614051 0.7576535 0.7520943 0.7520943 0.7479239 0.7479239 0.7444131 0.7428257 0.7413319 0.7397956 0.7397956 0.7153102 0.6968368 0.6780074 0.6601965 0.6440741 0.6299722 0.6180553 0.6083796 0.6009274 0.5956277 0.5923536 0.5908754 0.5907061 0.5902206 0.5902206 0.5769633 0.5561781 0.5303059 0.5360656 0.5360656 0.5648825 0.5648825 0.5771042 0.5771042 0.5745522 0.5620543 0.5620543 0.5502661 0.5502661 0.5576884 0.5576884 0.5576884 0.5702779 0.5702779 0.5772526 0.5772526 0.5768028 0.5768028 0.5716616 0.5716616 0.5651928 0.5651928 0.5651928
0.7771111 0.7771111 0.7770165 0.7659716 0.7614382 0.7614382 0.7576719 0.7520922 0.7520922 0.7479212 0.7479212 0.7444125 0.7428256 0.7413320 0.7397475 0.7397475 0.7097431 0.6884645 0.6671069 0.6469923 0.6287544 0.6127046 0.5989929 0.5876746 0.5787420 0.5721414 0.5677719 0.5654562 0.5648509 0.5649973 0.5649973 0.5586691 0.5489952 0.5614029 0.5858385 0.5858385 0.6169348 0.6169348 0.6095044 0.6095044 0.5990230 0.5760337 0.5760337 0.5564223 0.5564223 0.5494256 0.5494256 0.5494256 0.5569202 0.5569202 0.5643162 0.5643162 0.5670845 0.5670845 0.5655826 0.5655826 0.5622919 0.5622919 0.5622919
0.7770244 0.7770244 0.7774072 0.7659423 0.7614052 0.7614052 0.7576537 0.7520944 0.7520944 0.7479241 0.7479241 0.7444132 0.7428256 0.7413319 0.7396799 0.7396799 0.7015278 0.6770908 0.6531996 0.6309728 0.6109098 0.5932365 0.5780463 0.5653633 0.5551699 0.5474186 0.5420312 0.5388808 0.5377822 0.5385520 0.5385520 0.5388373 0.5451961 0.6126539 0.6477466 0.6477466 0.6588162 0.6588162 0.6324872 0.6324872 0.6169468 0.5876236 0.5876236 0.5629075 0.5629075 0.5446131 0.5446131 0.5446131 0.5460183 0.5460183 0.5518078 0.5518078 0.5565715 0.5565715 0.5585740 0.5585740 0.5588635 0.5588635 0.5588635
0.7765228 0.7765228 0.7788527 0.7658387 0.7613004 0.7613004 0.7575988 0.7521008 0.7521008 0.7479322 0.7479322 0.7444149 0.7428260 0.7413317 0.7395856 0.7395856 0.6898277 0.6618047 0.6353648 0.6112512 0.5897202 0.5708367 0.5545877 0.5409313 0.5298153 0.5211821 0.5149654 0.5110875 0.5096111 0.5118070 0.5118070 0.5224730 0.5570389 0.6805845 0.7059682 0.7059682 0.6860260 0.6860260 0.6484048 0.6484048 0.6302969 0.5973777 0.5973777 0.5692310 0.5692310 0.5424392 0.5424392 0.5424392 0.5378824 0.5378824 0.5407190 0.5407190 0.5461259 0.5461259 0.5511032 0.5511032 0.5550846 0.5550846 0.5550846
0.7763985 0.7763985 0.7803319 0.7657313 0.7611617 0.7611617 0.7575240 0.7521108 0.7521108 0.7479423 0.7479423 0.7444138 0.7428221 0.7413270 0.7394488 0.7394488 0.6732953 0.6412575 0.6123327 0.5866705 0.5641518 0.5445966 0.5278336 0.5137197 0.5021439 0.4930219 0.4862864 0.4819254 0.4806202 0.4876451 0.4876451 0.5218316 0.6019629 0.7441017 0.7439000 0.7439000 0.7020090 0.7020090 0.6597924 0.6597924 0.6405136 0.6054890 0.6054890 0.5749606 0.5749606 0.5419971 0.5419971 0.5419971 0.5322998 0.5322998 0.5316664 0.5316664 0.5366169 0.5366169 0.5438044 0.5438044 0.5512627 0.5512627 0.5512627
