simulation_files/asc/Depth____125.0.asc
NCOLS        79
NROWS        79
XLLCENTER         -1.500000
YLLCENTER         -4.800000
CELLSIZE           0.100
NODATA_VALUE     -9999.0
[rows 0 to 25 of 79, columns 0 to 58 of 79]
-9999.000 -9999.000 -9999.000 -9999.000 -9999.000 -9999.000 -9999.000 -9999.000 -9999.000 -9999.000 -9999.000 -9999.000 -9999.000 -9999.000 -9999.000 0.4700420 0.4702276 0.4702103 0.4701428 0.4700388 0.4699079 0.4697590 0.4695996 0.4694367 0.4692699 0.4690923 0.4688847 0.4686072 0.4681908 0.4682198 0.4682198 -9999.000 -9999.000 -9999.000 -9999.000 -9999.000 -9999.000 -9999.000 -9999.000 -9999.000 -9999.000 -9999.000 -9999.000 -9999.000 -9999.000 -9999.000 -9999.000 -9999.000 -9999.000 -9999.000 -9999.000 -9999.000 -9999.000 -9999.000 -9999.000 -9999.000 -9999.000 -9999.000 -9999.000
-9999.000 -9999.000 -9999.000 -9999.000 -9999.000 -9999.000 -9999.000 -9999.000 -9999.000 -9999.000 -9999.000 -9999.000 -9999.000 -9999.000 -9999.000 0.4718882 0.4720727 0.4720530 0.4719923 0.4719023 0.4717913 0.4716664 0.4715343 0.4714011 0.4712672 0.4711274 0.4709654 0.4707448 0.4703983 0.4704707 0.4704707 -9999.000 -9999.000 -9999.000 -9999.000 -9999.000 -9999.000 -9999.000 -9999.000 -9999.000 -9999.000 -9999.000 -9999.000 -9999.000 -9999.000 -9999.000 -9999.000 -9999.000 -9999.000 -9999.000 -9999.000 -9999.000 -9999.000 -9999.000 -9999.000 -9999.000 -9999.000 -9999.000 -9999.000
-9999.000 -9999.000 -9999.000 -9999.000 -9999.000 -9999.000 -9999.000 -9999.000 -9999.000 -9999.000 -9999.000 -9999.000 -9999.000 -9999.000 -9999.000 0.4738566 0.4740685 0.4740530 0.4739965 0.4739113 0.4738059 0.4736878 0.4735634 0.4734390 0.4733140 0.4731818 0.4730239 0.4727996 0.4724351 0.4725030 0.4725030 -9999.000 -9999.000 -9999.000 -9999.000 -9999.000 -9999.000 -9999.000 -9999.000 -9999.000 -9999.000 -9999.000 -9999.000 -9999.000 -9999.000 -9999.000 -9999.000 -9999.000 -9999.000 -9999.000 -9999.000 -9999.000 -9999.000 -9999.000 -9999.000 -9999.000 -9999.000 -9999.000 -9999.000
-9999.000 -9999.000 -9999.000 -9999.000 -9999.000 -9999.000 -9999.000 -9999.000 -9999.000 -9999.000 -9999.000 -9999.000 -9999.000 -9999.000 -9999.000 0.4758569 0.4760889 0.4760756 0.4760207 0.4759369 0.4758328 0.4757161 0.4755930 0.4754700 0.4753459 0.4752131 0.4750512 0.4748159 0.4744256 0.4744734 0.4744734 -9999.000 -9999.000 -9999.000 -9999.000 -9999.000 -9999.000 -9999.000 -9999.000 -9999.000 -9999.000 -9999.000 -9999.000 -9999.000 -9999.000 -9999.000 -9999.000 -9999.000 -9999.000 -9999.000 -9999.000 -9999.000 -9999.000 -9999.000 -9999.000 -9999.000 -9999.000 -9999.000 -9999.000
-9999.000 -9999.000 -9999.000 -9999.000 -9999.000 -9999.000 -9999.000 -9999.000 -9999.000 -9999.000 -9999.000 -9999.000 -9999.000 -9999.000 -9999.000 0.4778758 0.4781229 0.4781102 0.4780549 0.4779699 0.4778639 0.4777448 0.4776190 0.4774930 0.4773654 0.4772277 0.4770573 0.4768060 0.4763826 0.4763966 0.4763966 -9999.000 -9999.000 -9999.000 -9999.000 -9999.000 -9999.000 -9999.000 -9999.000 -9999.000 -9999.000 -9999.000 -9999.000 -9999.000 -9999.000 -9999.000 -9999.000 -9999.000 -9999.000 -9999.000 -9999.000 -9999.000 -9999.000 -9999.000 -9999.000 -9999.000 -9999.000 -9999.000 -9999.000
-9999.000 -9999.000 -9999.000 -9999.000 -9999.000 -9999.000 -9999.000 -9999.000 -9999.000 -9999.000 -9999.000 -9999.000 -9999.000 -9999.000 -9999.000 0.4799040 0.4801629 0.4801494 0.4800923 0.4800041 0.4798942 0.4797704 0.4796394 0.4795081 0.4793745 0.4792292 0.4790476 0.4787764 0.4783126 0.4782777 0.4782777 -9999.000 -9999.000 -9999.000 -9999.000 -9999.000 -9999.000 -9999.000 -9999.000 -9999.000 -9999.000 -9999.000 -9999.000 -9999.000 -9999.000 -9999.000 -9999.000 -9999.000 -9999.000 -9999.000 -9999.000 -9999.000 -9999.000 -9999.000 -9999.000 -9999.000 -9999.000 -9999.000 -9999.000
-9999.000 -9999.000 -9999.000 -9999.000 -9999.000 -9999.000 -9999.000 -9999.000 -9999.000 -9999.000 -9999.000 -9999.000 -9999.000 -9999.000 -9999.000 0.4819354 0.4822038 0.4821883 0.4821281 0.4820356 0.4819202 0.4817904 0.4816527 0.4815148 0.4813739 0.4812197 0.4810247 0.4807300 0.4802177 0.4801155 0.4801155 -9999.000 -9999.000 -9999.000 -9999.000 -9999.000 -9999.000 -9999.000 -9999.000 -9999.000 -9999.000 -9999.000 -9999.000 -9999.000 -9999.000 -9999.000 -9999.000 -9999.000 -9999.000 -9999.000 -9999.000 -9999.000 -9999.000 -9999.000 -9999.000 -9999.000 -9999.000 -9999.000 -9999.000
-9999.000 -9999.000 -9999.000 -9999.000 -9999.000 -9999.000 -9999.000 -9999.000 -9999.000 -9999.000 -9999.000 -9999.000 -9999.000 -9999.000 -9999.000 0.4839661 0.4842421 0.4842236 0.4841595 0.4840614 0.4839395 0.4838025 0.4836573 0.4835120 0.4833632 0.4831991 0.4829890 0.4826667 0.4820962 0.4819019 0.4819019 -9999.000 -9999.000 -9999.000 -9999.000 -9999.000 -9999.000 -9999.000 -9999.000 -9999.000 -9999.000 -9999.000 -9999.000 -9999.000 -9999.000 -9999.000 -9999.000 -9999.000 -9999.000 -9999.000 -9999.000 -9999.000 -9999.000 -9999.000 -9999.000 -9999.000 -9999.000 -9999.000 -9999.000
-9999.000 -9999.000 -9999.000 -9999.000 -9999.000 -9999.000 -9999.000 -9999.000 -9999.000 -9999.000 -9999.000 -9999.000 -9999.000 -9999.000 -9999.000 0.4859932 0.4862757 0.4862531 0.4861840 0.4860795 0.4859500 0.4858049 0.4856515 0.4854982 0.4853410 0.4851661 0.4849388 0.4845841 0.4839430 0.4836213 0.4836213 -9999.000 -9999.000 -9999.000 -9999.000 -9999.000 -9999.000 -9999.000 -9999.000 -9999.000 -9999.000 -9999.000 -9999.000 -9999.000 -9999.000 -9999.000 -9999.000 -9999.000 -9999.000 -9999.000 -9999.000 -9999.000 -9999.000 -9999.000 -9999.000 -9999.000 -9999.000 -9999.000 -9999.000
-9999.000 -9999.000 -9999.000 -9999.000 -9999.000 -9999.000 -9999.000 -9999.000 -9999.000 -9999.000 -9999.000 -9999.000 -9999.000 -9999.000 -9999.000 0.4880146 0.4883027 0.4882750 0.4882001 0.4880880 0.4879498 0.4877957 0.4876329 0.4874709 0.4873044 0.4871175 0.4868701 0.4864766 0.4857489 0.4852479 0.4852479 -9999.000 -9999.000 -9999.000 -9999.000 -9999.000 -9999.000 -9999.000 -9999.000 -9999.000 -9999.000 -9999.000 -9999.000 -9999.000 -9999.000 -9999.000 -9999.000 -9999.000 -9999.000 -9999.000 -9999.000 -9999.000 -9999.000 -9999.000 -9999.000 -9999.000 -9999.000 -9999.000 -9999.000
-9999.000 -9999.000 -9999.000 -9999.000 -9999.000 -9999.000 -9999.000 -9999.000 -9999.000 -9999.000 -9999.000 -9999.000 -9999.000 -9999.000 -9999.000 0.4900276 0.4903212 0.4902874 0.4902057 0.4900850 0.4899369 0.4897723 0.4895990 0.4894270 0.4892497 0.4890484 0.4887769 0.4883355 0.4874997 0.4867398 0.4867398 -9999.000 -9999.000 -9999.000 -9999.000 -9999.000 -9999.000 -9999.000 -9999.000 -9999.000 -9999.000 -9999.000 -9999.000 -9999.000 -9999.000 -9999.000 -9999.000 -9999.000 -9999.000 -9999.000 -9999.000 -9999.000 -9999.000 -9999.000 -9999.000 -9999.000 -9999.000 -9999.000 -9999.000
-9999.000 -9999.000 -9999.000 -9999.000 -9999.000 -9999.000 -9999.000 -9999.000 -9999.000 -9999.000 -9999.000 -9999.000 -9999.000 -9999.000 -9999.000 0.4920282 0.4923279 0.4922871 0.4921981 0.4920677 0.4919084 0.4917317 0.4915459 0.4913618 0.4911712 0.4909517 0.4906496 0.4901476 0.4891736 0.4880285 0.4880285 -9999.000 -9999.000 -9999.000 -9999.000 -9999.000 -9999.000 -9999.000 -9999.000 -9999.000 -9999.000 -9999.000 -9999.000 -9999.000 -9999.000 -9999.000 -9999.000 -9999.000 -9999.000 -9999.000 -9999.000 -9999.000 -9999.000 -9999.000 -9999.000 -9999.000 -9999.000 -9999.000 -9999.000
-9999.000 -9999.000 -9999.000 -9999.000 -9999.000 -9999.000 -9999.000 -9999.000 -9999.000 -9999.000 -9999.000 -9999.000 -9999.000 -9999.000 -9999.000 0.4940097 0.4943174 0.4942689 0.4941716 0.4940306 0.4938587 0.4936681 0.4934674 0.4932682 0.4930601 0.4928166 0.4924738 0.4918920 0.4907367 0.4889951 0.4889951 -9999.000 -9999.000 -9999.000 -9999.000 -9999.000 -9999.000 -9999.000 -9999.000 -9999.000 -9999.000 -9999.000 -9999.000 -9999.000 -9999.000 -9999.000 -9999.000 -9999.000 -9999.000 -9999.000 -9999.000 -9999.000 -9999.000 -9999.000 -9999.000 -9999.000 -9999.000 -9999.000 -9999.000
-9999.000 -9999.000 -9999.000 -9999.000 -9999.000 -9999.000 -9999.000 -9999.000 -9999.000 -9999.000 -9999.000 -9999.000 -9999.000 -9999.000 -9999.000 0.4959503 0.4962738 0.4962187 0.4961146 0.4959633 0.4957784 0.4955724 0.4953541 0.4951358 0.4949040 0.4946264 0.4942266 0.4935347 0.4921322 0.4894235 0.4894235 -9999.000 -9999.000 -9999.000 -9999.000 -9999.000 -9999.000 -9999.000 -9999.000 -9999.000 -9999.000 -9999.000 -9999.000 -9999.000 -9999.000 -9999.000 -9999.000 -9999.000 -9999.000 -9999.000 -9999.000 -9999.000 -9999.000 -9999.000 -9999.000 -9999.000 -9999.000 -9999.000 -9999.000
-9999.000 -9999.000 -9999.000 -9999.000 -9999.000 -9999.000 -9999.000 -9999.000 -9999.000 -9999.000 -9999.000 -9999.000 -9999.000 -9999.000 -9999.000 0.4962992 0.4975641 0.4978433 0.4979749 0.4979785 0.4978848 0.4977224 0.4975137 0.4972851 0.4970279 0.4967055 0.4962188 0.4953391 0.4934853 0.4884843 0.4884843 -9999.000 -9999.000 -9999.000 -9999.000 -9999.000 -9999.000 -9999.000 -9999.000 -9999.000 -9999.000 -9999.000 -9999.000 -9999.000 -9999.000 -9999.000 -9999.000 -9999.000 -9999.000 -9999.000 -9999.000 -9999.000 -9999.000 -9999.000 -9999.000 -9999.000 -9999.000 -9999.000 -9999.000
0.5236087 0.5236087 0.5107779 0.4968785 0.4932891 0.4932891 0.4902740 0.4852154 0.4852154 0.4809509 0.4809509 0.4772159 0.4755016 0.4738731 0.4723212 0.4723212 0.5034713 0.5039091 0.5042210 0.5047632 0.5056027 0.5066810 0.5078794 0.5090617 0.5099366 0.5100746 0.5086693 0.5041891 0.4932038 0.4615645 0.4615645 0.2949542 0.2730759 0.2685494 0.2682849 0.2682849 0.2709732 0.2709732 0.2874599 0.2874599 0.3084691 0.3818850 0.3818850 0.4063375 0.4063375 0.4106359 0.4106359 0.4106359 0.4028391 0.4028391 0.3945310 0.3945310 0.3860676 0.3860676 0.3782375 0.3782375 0.3716402 0.3716402 0.3716402
0.5223300 0.5223300 0.5086824 0.4961671 0.4925711 0.4925711 0.4895511 0.4844947 0.4844947 0.4802416 0.4802416 0.4765197 0.4748119 0.4731895 0.4716435 0.4716435 0.4969364 0.4982462 0.4972450 0.4958227 0.4947283 0.4942042 0.4942826 0.4952371 0.4964802 0.4976546 0.4980886 0.4964311 0.4898348 0.4697558 0.4697558 0.3520957 0.3127852 0.2812280 0.2747492 0.2747492 0.2728708 0.2728708 0.2873316 0.2873316 0.3038178 0.3709004 0.3709004 0.4065998 0.4065998 0.4121596 0.4121596 0.4121596 0.4032033 0.4032033 0.3946544 0.3946544 0.3861078 0.3861078 0.3782294 0.3782294 0.3715694 0.3715694 0.3715694
0.5216189 0.5216189 0.5077500 0.4961834 0.4925858 0.4925858 0.4895515 0.4844737 0.4844737 0.4802126 0.4802126 0.4764878 0.4747789 0.4731551 0.4716076 0.4716076 0.4918736 0.4939379 0.4920855 0.4890428 0.4861552 0.4839363 0.4825402 0.4821451 0.4824291 0.4831006 0.4836352 0.4830170 0.4788776 0.4649639 0.4649639 0.3793294 0.3392000 0.2960882 0.2855971 0.2855971 0.2809654 0.2809654 0.2955150 0.2955150 0.3095395 0.3614926 0.3614926 0.4032595 0.4032595 0.4120193 0.4120193 0.4120193 0.4039093 0.4039093 0.3949926 0.3949926 0.3862418 0.3862418 0.3782824 0.3782824 0.3716390 0.3716390 0.3716390
0.5210508 0.5210508 0.5070204 0.4962001 0.4926196 0.4926196 0.4895751 0.4844756 0.4844756 0.4802090 0.4802090 0.4764858 0.4747778 0.4731548 0.4716077 0.4716077 0.4867458 0.4889678 0.4865489 0.4822823 0.4779212 0.4742315 0.4714903 0.4698783 0.4692091 0.4692237 0.4694654 0.4690483 0.4659870 0.4552875 0.4552875 0.3960585 0.3581243 0.3122589 0.3007683 0.3007683 0.2970908 0.2970908 0.3117831 0.3117831 0.3227705 0.3576355 0.3576355 0.3955164 0.3955164 0.4097921 0.4097921 0.4097921 0.4031457 0.4031457 0.3943606 0.3943606 0.3856149 0.3856149 0.3777822 0.3777822 0.3713587 0.3713587 0.3713587
0.5206175 0.5206175 0.5064697 0.4962068 0.4926521 0.4926521 0.4896005 0.4844789 0.4844789 0.4802059 0.4802059 0.4764842 0.4747773 0.4731551 0.4716086 0.4716086 0.4815952 0.4830329 0.4799488 0.4746683 0.4690576 0.4640687 0.4601057 0.4573801 0.4558089 0.4551748 0.4550770 0.4547498 0.4525274 0.4444449 0.4444449 0.4034335 0.3703050 0.3288219 0.3199967 0.3199967 0.3213458 0.3213458 0.3340916 0.3340916 0.3405902 0.3586683 0.3586683 0.3857399 0.3857399 0.4043730 0.4043730 0.4043730 0.4004180 0.4004180 0.3926796 0.3926796 0.3844138 0.3844138 0.3769804 0.3769804 0.3709774 0.3709774 0.3709774
0.5203130 0.5203130 0.5060848 0.4962071 0.4926784 0.4926784 0.4896226 0.4844821 0.4844821 0.4802032 0.4802032 0.4764828 0.4747769 0.4731554 0.4716092 0.4716092 0.4764980 0.4762207 0.4721150 0.4658688 0.4591689 0.4530262 0.4479412 0.4441731 0.4417300 0.4404549 0.4400080 0.4397326 0.4382439 0.4324479 0.4324479 0.4043052 0.3777043 0.3476808 0.3448998 0.3448998 0.3518624 0.3518624 0.3583140 0.3583140 0.3592910 0.3630997 0.3630997 0.3773023 0.3773023 0.3962764 0.3962764 0.3962764 0.3955766 0.3955766 0.3897717 0.3897717 0.3825925 0.3825925 0.3759226 0.3759226 0.3705887 0.3705887 0.3705887
0.5201323 0.5201323 0.5058573 0.4962052 0.4926954 0.4926954 0.4896376 0.4844845 0.4844845 0.4802015 0.4802015 0.4764818 0.4747764 0.4731555 0.4716096 0.4716096 0.4713099 0.4685541 0.4629500 0.4556464 0.4479607 0.4408129 0.4347308 0.4300097 0.4267328 0.4248149 0.4239910 0.4237156 0.4228625 0.4191344 0.4191344 0.4009154 0.3829575 0.3725523 0.3770127 0.3770127 0.3842457 0.3842457 0.3804347 0.3804347 0.3761542 0.3693184 0.3693184 0.3721229 0.3721229 0.3869595 0.3869595 0.3869595 0.3889386 0.3889386 0.3855676 0.3855676 0.3800622 0.3800622 0.3745944 0.3745944 0.3702278 0.3702278 0.3702278
0.5200725 0.5200725 0.5057819 0.4962043 0.4927012 0.4927012 0.4896429 0.4844854 0.4844854 0.4802008 0.4802008 0.4764815 0.4747764 0.4731555 0.4716097 0.4716097 0.4656976 0.4598916 0.4523141 0.4437655 0.4351341 0.4271256 0.4202069 0.4146699 0.4106445 0.4081123 0.4068905 0.4065522 0.4062338 0.4045370 0.4045370 0.3954760 0.3902799 0.4063379 0.4143244 0.4143244 0.4130526 0.4130526 0.3984788 0.3984788 0.3902323 0.3761916 0.3761916 0.3703224 0.3703224 0.3780386 0.3780386 0.3780386 0.3812355 0.3812355 0.3802130 0.3802130 0.3767978 0.3767978 0.3729720 0.3729720 0.3698940 0.3698940 0.3698940
0.5201324 0.5201324 0.5058572 0.4962052 0.4926953 0.4926953 0.4896376 0.4844845 0.4844845 0.4802015 0.4802015 0.4764818 0.4747765 0.4731555 0.4716096 0.4716096 0.4591514 0.4498821 0.4399469 0.4299427 0.4203613 0.4116250 0.4040577 0.3978937 0.3932686 0.3902098 0.3886109 0.3881678 0.3883286 0.3891110 0.3891110 0.3915934 0.4066178 0.4465316 0.4500204 0.4500204 0.4351072 0.4351072 0.4125538 0.4125538 0.4017579 0.3830351 0.3830351 0.3710324 0.3710324 0.3706522 0.3706522 0.3706522 0.3733855 0.3733855 0.3740945 0.3740945 0.3728969 0.3728969 0.3710639 0.3710639 0.3695727 0.3695727 0.3695727
0.5203130 0.5203130 0.5060847 0.4962072 0.4926784 0.4926784 0.4896226 0.4844821 0.4844821 0.4802032 0.4802032 0.4764828 0.4747769 0.4731554 0.4716093 0.4716093 0.4509480 0.4379172 0.4253857 0.4137791 0.4032508 0.3939223 0.3859193 0.3793645 0.3743535 0.3709277 0.3690381 0.3685054 0.3692683 0.3744399 0.3744399 0.3966806 0.4399512 0.4836903 0.4772030 0.4772030 0.4507903 0.4507903 0.4235625 0.4235625 0.4112159 0.3894022 0.3894022 0.3731883 0.3731883 0.3652484 0.3652484 0.3652484 0.3662171 0.3662171 0.3677715 0.3677715 0.3686069 0.3686069 0.3689458 0.3689458 0.3692544 0.3692544 0.3692544
0.5206175 0.5206175 0.5064696 0.4962068 0.4926521 0.4926521 0.4896004 0.4844789 0.4844789 0.4802059 0.4802059 0.4764843 0.4747773 0.4731552 0.4716086 0.4716086 0.4400333 0.4230417 0.4078681 0.3946687 0.3832839 0.3735471 0.3653614 0.3587007 0.3535803 0.3500209 0.3480037 0.3474990 0.3495795 0.3654714 0.3654714 0.4232059 0.4905379 0.5091509 0.4955704 0.4955704 0.4619699 0.4619699 0.4321894 0.4321894 0.4188750 0.3949474 0.3949474 0.3758936 0.3758936 0.3617178 0.3617178 0.3617178 0.3602800 0.3602800 0.3618487 0.3618487 0.3643052 0.3643052 0.3667759 0.3667759 0.3689477 0.3689477 0.3689477
