simulation_files/asc/Depth____95.0.asc
NCOLS       216
NROWS       273
XLLCENTER        494.688995
YLLCENTER        787.867981
CELLSIZE           0.500
NODATA_VALUE     -9999.0
[rows 182 to 207 of 273, columns 120 to 179 of 216]
-9999.000 -9999.000 -9999.000 -9999.000 -9999.000 -9999.000 -9999.000 -9999.000 -9999.000 0.3901268E-01 0.1160494 0.1806202 0.1794707 0.1491620 0.7679018E-01 0.3085394E-01 0.2057037E-01 0.3741612E-01 0.6890222E-01 0.7365439E-01 0.6286370E-01 0.1227465 0.2213938 0.2184808 0.2244024 0.2694137 0.2746006 0.2479887 0.2686466 0.3096204 0.3390154 0.3648285 0.3417139 0.3018168 0.2811416 0.2897625 0.2918159 0.2959804 0.2657708 0.2101763 0.1430370 0.6369933E-01 -9999.000 -9999.000 -9999.000 -9999.000 -9999.000 -9999.000 -9999.000 -9999.000 -9999.000 -9999.000 -9999.000 -9999.000 -9999.000 -9999.000 -9999.000 -9999.000 -9999.000 -9999.000
-9999.000 -9999.000 -9999.000 -9999.000 -9999.000 -9999.000 -9999.000 -9999.000 -9999.000 -9999.000 0.1058937 0.1713070 0.1986120 0.1856838 0.1286009 0.6747813E-01 0.3569572E-01 0.4107798E-01 0.6448359E-01 0.5618465E-01 0.5274872E-01 0.1114793 0.1763709 0.1897741 0.2212207 0.2918318 0.3110975 0.2628590 0.2751209 0.3459567 0.3717062 0.3804105 0.3701328 0.3227952 0.3095070 0.3044960 0.3092579 0.3118950 0.2940053 0.2704865 0.1834063 0.7430500E-01 -9999.000 -9999.000 -9999.000 -9999.000 -9999.000 -9999.000 -9999.000 -9999.000 -9999.000 -9999.000 -9999.000 -9999.000 -9999.000 -9999.000 -9999.000 -9999.000 -9999.000 -9999.000
-9999.000 -9999.000 -9999.000 -9999.000 -9999.000 -9999.000 -9999.000 -9999.000 -9999.000 -9999.000 0.9373179E-01 0.1773971 0.2161990 0.2116665 0.1733848 0.1149613 0.6032796E-01 0.4754941E-01 0.5420720E-01 0.4940028E-01 0.5740207E-01 0.8526333E-01 0.1027318 0.1185987 0.1718663 0.2522230 0.2988917 0.2844522 0.3084254 0.3552093 0.3326425 0.3226161 0.3287756 0.3196635 0.2744194 0.2741130 0.2782876 0.2921369 0.2977263 0.2839957 0.2328646 0.1317201 0.6962048E-01 -9999.000 -9999.000 -9999.000 -9999.000 -9999.000 -9999.000 -9999.000 -9999.000 -9999.000 -9999.000 -9999.000 -9999.000 -9999.000 -9999.000 -9999.000 -9999.000 -9999.000
-9999.000 -9999.000 -9999.000 -9999.000 -9999.000 -9999.000 -9999.000 -9999.000 -9999.000 -9999.000 0.1013941 0.1675435 0.2185273 0.2228099 0.2052798 0.1568141 0.8032040E-01 0.5141986E-01 0.5252278E-01 0.6340698E-01 0.7618093E-01 0.7637528E-01 0.6532185E-01 0.8414242E-01 0.1295987 0.1884343 0.2393723 0.2631841 0.3314914 0.3077928 0.2412408 0.2603936 0.2825040 0.2128750 0.1727116 0.1556872 0.1849879 0.2101397 0.2414035 0.2517787 0.2251856 0.1605917 0.1261805 -9999.000 -9999.000 -9999.000 -9999.000 -9999.000 -9999.000 -9999.000 -9999.000 -9999.000 -9999.000 -9999.000 -9999.000 -9999.000 -9999.000 -9999.000 -9999.000 -9999.000
-9999.000 -9999.000 -9999.000 -9999.000 -9999.000 -9999.000 -9999.000 -9999.000 -9999.000 -9999.000 -9999.000 0.1392774 0.2073034 0.2245756 0.2163690 0.1725864 0.1153301 0.5791374E-01 0.3945170E-01 0.5034475E-01 0.6917339E-01 0.6940937E-01 0.6757079E-01 0.9534730E-01 0.1491741 0.1939328 0.2274763 0.2522256 0.2652415 0.2152463 0.1921877 0.2935950 0.3163954 0.2634279 0.1845927 0.1615949 0.1756026 0.1907792 0.2099269 0.2277441 0.2210409 0.1903417 0.1541758 0.1081634 -9999.000 -9999.000 -9999.000 -9999.000 -9999.000 -9999.000 -9999.000 -9999.000 -9999.000 -9999.000 -9999.000 -9999.000 -9999.000 -9999.000 -9999.000 -9999.000
-9999.000 -9999.000 -9999.000 -9999.000 -9999.000 -9999.000 -9999.000 -9999.000 -9999.000 -9999.000 -9999.000 0.1412950 0.1902813 0.1995365 0.2103600 0.1830970 0.1077244 0.5198905E-01 0.2675931E-01 0.2596875E-01 0.4016182E-01 0.5904970E-01 0.7429062E-01 0.1156928 0.1907133 0.2164173 0.2096794 0.1908998 0.1988178 0.1938767 0.2055322 0.2930625 0.3594689 0.3387124 0.2757109 0.2039661 0.2098959 0.2363165 0.2402036 0.2244218 0.2205082 0.1883136 0.1409544 0.9326456E-01 -9999.000 -9999.000 -9999.000 -9999.000 -9999.000 -9999.000 -9999.000 -9999.000 -9999.000 -9999.000 -9999.000 -9999.000 -9999.000 -9999.000 -9999.000 -9999.000
-9999.000 -9999.000 -9999.000 -9999.000 -9999.000 -9999.000 -9999.000 -9999.000 -9999.000 -9999.000 -9999.000 0.1454900 0.1750200 0.1753200 0.1959912 0.1781321 0.1194251 0.7401821E-01 0.4196524E-01 0.2549292E-01 0.2421892E-01 0.3750176E-01 0.5603219E-01 0.9593136E-01 0.1384402 0.1469883 0.1723941 0.1734018 0.2145285 0.2477260 0.2302179 0.2638046 0.3120243 0.2996431 0.2691104 0.2384582 0.2354751 0.2360814 0.2055361 0.2025872 0.2160137 0.2039070 0.1837072 0.1488319 0.1140482 0.8298087E-01 -9999.000 -9999.000 -9999.000 -9999.000 -9999.000 -9999.000 -9999.000 -9999.000 -9999.000 -9999.000 -9999.000 -9999.000 -9999.000 -9999.000
-9999.000 -9999.000 -9999.000 -9999.000 -9999.000 -9999.000 -9999.000 -9999.000 -9999.000 -9999.000 -9999.000 0.1120039 0.1427238 0.1749646 0.1988773 0.1972679 0.1700869 0.1322259 0.8290351E-01 0.5253911E-01 0.2542757E-01 0.2102364E-01 0.3158469E-01 0.6172348E-01 0.8108953E-01 0.9549783E-01 0.1783921 0.2181965 0.2612950 0.2882144 0.2782167 0.2648408 0.2541995 0.2331847 0.2471248 0.2564397 0.2533548 0.1977447 0.1860207 0.2207401 0.2370810 0.2297459 0.2457607 0.2310505 0.1941058 0.1150640 0.3417688E-01 -9999.000 -9999.000 -9999.000 -9999.000 -9999.000 -9999.000 -9999.000 -9999.000 -9999.000 -9999.000 -9999.000 -9999.000 -9999.000
-9999.000 -9999.000 -9999.000 -9999.000 -9999.000 -9999.000 -9999.000 -9999.000 -9999.000 -9999.000 -9999.000 -9999.000 0.9027373E-01 0.1437290 0.1820011 0.1971397 0.1965454 0.1761009 0.1212060 0.8399462E-01 0.4132693E-01 0.1568805E-01 0.1852810E-01 0.2934048E-01 0.4900270E-01 0.9230190E-01 0.1685451 0.2213900 0.2610740 0.2881899 0.2761461 0.2754853 0.2890668 0.2693502 0.2654307 0.3010892 0.2627667 0.2248283 0.2552925 0.2840338 0.2823357 0.2738031 0.2934192 0.2761183 0.2362465 0.1436189 0.3978230E-01 -9999.000 -9999.000 -9999.000 -9999.000 -9999.000 -9999.000 -9999.000 -9999.000 -9999.000 -9999.000 -9999.000 -9999.000 -9999.000
-9999.000 -9999.000 -9999.000 -9999.000 -9999.000 -9999.000 -9999.000 -9999.000 -9999.000 -9999.000 -9999.000 -9999.000 -9999.000 0.9724697E-01 0.1442002 0.1794608 0.2100335 0.2031245 0.1634115 0.1318457 0.9032582E-01 0.4245003E-01 0.2752682E-01 0.3285538E-01 0.4156476E-01 0.6926508E-01 0.1180601 0.1770533 0.2267392 0.2608767 0.2550158 0.2686493 0.2970073 0.2609724 0.2738333 0.3088926 0.2573479 0.2638517 0.3252447 0.3491603 0.3185943 0.3138136 0.3303366 0.2767141 0.2242429 0.1284505 0.3664970E-01 -9999.000 -9999.000 -9999.000 -9999.000 -9999.000 -9999.000 -9999.000 -9999.000 -9999.000 -9999.000 -9999.000 -9999.000 -9999.000
-9999.000 -9999.000 -9999.000 -9999.000 -9999.000 -9999.000 -9999.000 -9999.000 -9999.000 -9999.000 -9999.000 -9999.000 -9999.000 0.6316145E-01 0.1080155 0.1639210 0.1869978 0.1915640 0.1928382 0.1728753 0.1413599 0.9061387E-01 0.5555471E-01 0.3512061E-01 0.3021676E-01 0.3927860E-01 0.6916631E-01 0.1378774 0.2080633 0.2504152 0.2297085 0.2306059 0.2274888 0.2248149 0.2937752 0.3182794 0.2698883 0.2925739 0.3679022 0.3831124 0.3505802 0.3150976 0.2600632 0.1971745 0.1662012 0.1177230 0.7900038E-01 0.5923066E-01 -9999.000 -9999.000 -9999.000 -9999.000 -9999.000 -9999.000 -9999.000 -9999.000 -9999.000 -9999.000 -9999.000 -9999.000
-9999.000 -9999.000 -9999.000 -9999.000 -9999.000 -9999.000 -9999.000 -9999.000 -9999.000 -9999.000 -9999.000 -9999.000 -9999.000 0.2469292E-01 0.8608634E-01 0.1148529 0.1034957 0.1213601 0.1566666 0.1760805 0.1753227 0.1329209 0.8515388E-01 0.4232047E-01 0.2062121E-01 -9999.000 0.3408382E-01 0.9943764E-01 0.1831397 0.2217023 0.1674143 0.1922954 0.2217436 0.2390052 0.3069693 0.3319246 0.3056598 0.3236756 0.3596828 0.3702531 0.3213432 0.2278471 0.1931096 0.1593310 0.1735826 0.1897877 0.1680679 0.1294346 0.1016551 -9999.000 -9999.000 -9999.000 -9999.000 -9999.000 -9999.000 -9999.000 -9999.000 -9999.000 -9999.000 -9999.000
-9999.000 -9999.000 -9999.000 -9999.000 -9999.000 -9999.000 -9999.000 -9999.000 -9999.000 -9999.000 -9999.000 -9999.000 -9999.000 -9999.000 0.6895197E-01 -9999.000 -9999.000 0.3069367E-01 0.8036801E-01 0.1479478 0.1917261 0.1648931 0.1311371 0.8043790E-01 0.4303464E-01 0.2867105E-01 0.2599916E-01 0.7683634E-01 0.1504081 0.1649878 0.1295069 0.1818098 0.2370241 0.2602460 0.2962089 0.3261341 0.3230399 0.3183719 0.3290653 0.3234749 0.2718621 0.2614976 0.2373276 0.2325935 0.2588144 0.2628779 0.2538126 0.2473340 0.1750182 0.8114316E-01 -9999.000 -9999.000 -9999.000 -9999.000 -9999.000 -9999.000 -9999.000 -9999.000 -9999.000 -9999.000
-9999.000 -9999.000 -9999.000 -9999.000 -9999.000 -9999.000 -9999.000 -9999.000 -9999.000 -9999.000 -9999.000 -9999.000 -9999.000 -9999.000 -9999.000 -9999.000 -9999.000 0.5219254E-01 0.6585009E-01 0.1062979 0.1588548 0.1638662 0.1408675 0.9047866E-01 0.5079111E-01 0.2704457E-01 0.2551760E-01 0.4651014E-01 0.9680033E-01 0.1332290 0.1266503 0.1627239 0.2223019 0.2486274 0.2758768 0.2953879 0.3063978 0.3005776 0.3114312 0.3222835 0.3237930 0.3308983 0.3065106 0.2955495 0.2908986 0.2924023 0.2776579 0.2644939 0.1915391 0.1009016 -9999.000 -9999.000 -9999.000 -9999.000 -9999.000 -9999.000 -9999.000 -9999.000 -9999.000 -9999.000
-9999.000 -9999.000 -9999.000 -9999.000 -9999.000 -9999.000 -9999.000 -9999.000 -9999.000 -9999.000 -9999.000 -9999.000 -9999.000 -9999.000 -9999.000 -9999.000 0.4702083E-01 0.8934635E-01 0.9511598E-01 0.9969332E-01 0.1313620 0.1442087 0.1301620 0.9889418E-01 0.6106789E-01 0.3050264E-01 0.1508814E-01 -9999.000 -9999.000 -9999.000 0.1046811 0.1320761 0.1720573 0.1974701 0.2405540 0.2881486 0.2921088 0.2855965 0.3144262 0.3662896 0.3853355 0.3801637 0.3278820 0.2965991 0.3133353 0.3146412 0.2864437 0.2276439 0.1511485 0.1084361 -9999.000 -9999.000 -9999.000 -9999.000 -9999.000 -9999.000 -9999.000 -9999.000 -9999.000 -9999.000
-9999.000 -9999.000 -9999.000 -9999.000 -9999.000 -9999.000 -9999.000 -9999.000 -9999.000 -9999.000 -9999.000 -9999.000 -9999.000 -9999.000 -9999.000 -9999.000 -9999.000 0.8742098E-01 0.7936036E-01 0.8960056E-01 0.9615692E-01 0.1243270 0.1425982 0.1192879 0.9082017E-01 0.5714745E-01 0.2347357E-01 -9999.000 -9999.000 -9999.000 -9999.000 0.9866201E-01 0.1131436 0.1284764 0.1874405 0.2500553 0.2497390 0.2488430 0.3103112 0.3785458 0.4060921 0.3789272 0.3199954 0.2956894 0.3000753 0.2648532 0.2203382 0.1664716 0.1311855 0.1147460 -9999.000 -9999.000 -9999.000 -9999.000 -9999.000 -9999.000 -9999.000 -9999.000 -9999.000 -9999.000
-9999.000 -9999.000 -9999.000 -9999.000 -9999.000 -9999.000 -9999.000 -9999.000 -9999.000 -9999.000 -9999.000 -9999.000 -9999.000 -9999.000 -9999.000 -9999.000 -9999.000 -9999.000 0.1091898 0.6664903E-01 0.4540363E-01 0.7996140E-01 0.1148390 0.1167811 0.1074713 0.8459674E-01 0.4529839E-01 0.2153669E-01 -9999.000 -9999.000 -9999.000 0.5858771E-01 0.6854735E-01 0.8380761E-01 0.1293305 0.1810775 0.1951272 0.2388742 0.3151041 0.3586830 0.3622189 0.3359789 0.2976585 0.2636374 0.2506702 0.1892467 0.1478969 0.1297815 0.1385635 0.1379967 0.8906229E-01 -9999.000 -9999.000 -9999.000 -9999.000 -9999.000 -9999.000 -9999.000 -9999.000 -9999.000
-9999.000 -9999.000 -9999.000 -9999.000 -9999.000 -9999.000 -9999.000 -9999.000 -9999.000 -9999.000 -9999.000 -9999.000 -9999.000 -9999.000 -9999.000 -9999.000 -9999.000 -9999.000 0.1037646 0.4748992E-01 0.3409154E-01 0.6562962E-01 0.8888041E-01 0.8760462E-01 0.1081637 0.9431393E-01 -9999.000 -9999.000 -9999.000 -9999.000 -9999.000 -9999.000 0.3679898E-01 0.7533738E-01 0.1323332 0.1722484 0.2048200 0.2444894 0.2686077 0.3009903 0.2956245 0.2800902 0.2654350 0.2707600 0.2447832 0.2340515 0.2096111 0.1570113 0.1609046 0.1826157 0.1510667 0.6744688E-01 -9999.000 -9999.000 -9999.000 -9999.000 -9999.000 -9999.000 -9999.000 -9999.000
-9999.000 -9999.000 -9999.000 -9999.000 -9999.000 -9999.000 -9999.000 -9999.000 -9999.000 -9999.000 -9999.000 -9999.000 -9999.000 -9999.000 -9999.000 -9999.000 -9999.000 0.1169558 0.7054399E-01 0.3801172E-01 0.6807645E-01 0.1159338 0.1262735 0.9035153E-01 0.1009025 0.8608074E-01 0.5510413E-01 -9999.000 -9999.000 -9999.000 -9999.000 -9999.000 -9999.000 0.7009015E-01 0.1467851 0.1998837 0.2185170 0.2013863 0.1944695 0.2188342 0.2522000 0.2270994 0.2394939 0.2825314 0.2700545 0.2770627 0.2540694 0.2021015 0.1907218 0.2190800 0.1942960 0.8454707E-01 0.3959320E-01 -9999.000 -9999.000 -9999.000 -9999.000 -9999.000 -9999.000 -9999.000
-9999.000 -9999.000 -9999.000 -9999.000 -9999.000 -9999.000 -9999.000 -9999.000 -9999.000 -9999.000 -9999.000 -9999.000 -9999.000 -9999.000 -9999.000 -9999.000 -9999.000 0.1236098 0.9746127E-01 0.7143336E-01 0.1351076 0.1808284 0.1682325 0.1223550 0.1121688 0.8215924E-01 0.3242340E-01 -9999.000 -9999.000 -9999.000 -9999.000 -9999.000 -9999.000 0.6052688E-01 0.1164994 0.1498678 0.1683389 0.1825685 0.1957002 0.2117365 0.2124420 0.1838119 0.1847960 0.2617865 0.2884521 0.2755111 0.2481123 0.2166373 0.2085541 0.2185255 0.2035272 0.1096555 0.4999084E-01 -9999.000 -9999.000 -9999.000 -9999.000 -9999.000 -9999.000 -9999.000
-9999.000 -9999.000 -9999.000 -9999.000 -9999.000 -9999.000 -9999.000 -9999.000 -9999.000 -9999.000 -9999.000 -9999.000 -9999.000 -9999.000 -9999.000 -9999.000 -9999.000 0.6779013E-01 0.8702652E-01 0.9491872E-01 0.1397052 0.1612924 0.1499829 0.1612312 0.1544457 0.1014438 -9999.000 -9999.000 -9999.000 -9999.000 -9999.000 -9999.000 -9999.000 0.3225326E-01 0.6157599E-01 0.6976337E-01 0.1097051 0.1631793 0.2148581 0.2173464 0.2112679 0.1969101 0.1881809 0.2386804 0.2706678 0.2704092 0.2573084 0.2223804 0.2244872 0.2367502 0.1922031 0.1287776 0.9807399E-01 0.4064153E-01 -9999.000 -9999.000 -9999.000 -9999.000 -9999.000 -9999.000
-9999.000 -9999.000 -9999.000 -9999.000 -9999.000 -9999.000 -9999.000 -9999.000 -9999.000 -9999.000 -9999.000 -9999.000 -9999.000 -9999.000 -9999.000 -9999.000 -9999.000 -9999.000 0.5307538E-01 0.7100067E-01 0.1025090 0.1104051 0.1124114 0.1551537 0.1793445 0.1352368 0.6960689E-01 -9999.000 -9999.000 -9999.000 -9999.000 -9999.000 -9999.000 -9999.000 0.5761718E-01 0.7850425E-01 0.1027545 0.1439184 0.1730708 0.1827319 0.2125999 0.2441947 0.2457459 0.2479096 0.2345101 0.2601726 0.2474665 0.2243003 0.2521816 0.2745621 0.2288882 0.1947113 0.1712761 0.9863874E-01 0.4826017E-01 -9999.000 -9999.000 -9999.000 -9999.000 -9999.000
-9999.000 -9999.000 -9999.000 -9999.000 -9999.000 -9999.000 -9999.000 -9999.000 -9999.000 -9999.000 -9999.000 -9999.000 -9999.000 -9999.000 -9999.000 -9999.000 -9999.000 -9999.000 0.6320163E-01 0.4416150E-01 0.4835835E-01 0.7860603E-01 0.9916121E-01 0.1402836 0.1758343 0.1501631 0.9722221E-01 0.4592292E-01 -9999.000 -9999.000 -9999.000 -9999.000 -9999.000 -9999.000 0.5552647E-01 0.8621186E-01 0.1172035 0.1410049 0.1588183 0.1658741 0.1825076 0.2206798 0.2327977 0.2144310 0.2024006 0.1914825 0.1807240 0.1996700 0.2693145 0.3103707 0.2796321 0.2496670 0.2141556 0.1831562 0.1472305 -9999.000 -9999.000 -9999.000 -9999.000 -9999.000
-9999.000 -9999.000 -9999.000 -9999.000 -9999.000 -9999.000 -9999.000 -9999.000 -9999.000 -9999.000 -9999.000 -9999.000 -9999.000 -9999.000 -9999.000 -9999.000 -9999.000 -9999.000 0.5060592E-01 -9999.000 -9999.000 0.1023965 0.1459404 0.1739314 0.1598915 0.1232052 0.9523442E-01 0.5876282E-01 0.3036544E-01 -9999.000 -9999.000 -9999.000 -9999.000 -9999.000 -9999.000 0.4612305E-01 0.8658182E-01 0.1277680 0.1635364 0.1730244 0.1848522 0.2090583 0.2268982 0.1799968 0.1185556 0.8800042E-01 0.1060188 0.1880373 0.2791712 0.3284748 0.2798511 0.2497282 0.2205597 0.2002555 0.1550060 0.9148620E-01 -9999.000 -9999.000 -9999.000 -9999.000
-9999.000 -9999.000 -9999.000 -9999.000 -9999.000 -9999.000 -9999.000 -9999.000 -9999.000 -9999.000 -9999.000 -9999.000 -9999.000 -9999.000 -9999.000 -9999.000 -9999.000 -9999.000 -9999.000 -9999.000 -9999.000 0.1240495 0.1955622 0.2107082 0.1665583 0.1286591 0.9862487E-01 0.7589469E-01 0.4243945E-01 -9999.000 -9999.000 -9999.000 -9999.000 -9999.000 -9999.000 0.2205836E-01 0.6505007E-01 0.1183689 0.1615168 0.1846377 0.2212955 0.2293614 0.2345265 0.1904634 0.1445916 0.1401265 0.1655931 0.2269016 0.2682796 0.2550655 0.2305726 0.2495252 0.2412337 0.1883079 0.1542465 0.1076968 0.3975824E-01 -9999.000 -9999.000 -9999.000
-9999.000 -9999.000 -9999.000 -9999.000 -9999.000 -9999.000 -9999.000 -9999.000 -9999.000 -9999.000 -9999.000 -9999.000 -9999.000 -9999.000 -9999.000 -9999.000 -9999.000 -9999.000 -9999.000 -9999.000 0.4769174E-01 0.1264051 0.2081039 0.1991626 0.1622925 0.1234013 0.9871818E-01 0.8051838E-01 0.4828407E-01 -9999.000 -9999.000 -9999.000 -9999.000 -9999.000 -9999.000 -9999.000 0.5009855E-01 0.1147130 0.1725384 0.2172614 0.2725397 0.2904973 0.2568677 0.2164777 0.2255999 0.3092166 0.3589771 0.3390401 0.2919149 0.2342257 0.2499458 0.3047379 0.2935235 0.2099947 0.1807226 0.1653672 0.9278070E-01 -9999.000 -9999.000 -9999.000
