simulation_files/asc/Depth____47.0.asc
NCOLS        79
NROWS        79
XLLCENTER         -1.500000
YLLCENTER         -4.800000
CELLSIZE           0.100
NODATA_VALUE     -9999.0
[rows 0 to 25 of 79, columns 0 to 56 of 79]
-9999.000 -9999.000 -9999.000 -9999.000 -9999.000 -9999.000 -9999.000 -9999.000 -9999.000 -9999.000 -9999.000 -9999.000 -9999.000 -9999.000 -9999.000 0.2365383 0.2366452 0.2365487 0.2363845 0.2361693 0.2359111 0.2356173 0.2352959 0.2349560 0.2346080 0.2342639 0.2339377 0.2336463 0.2334226 0.2337204 0.2337204 -9999.000 -9999.000 -9999.000 -9999.000 -9999.000 -9999.000 -9999.000 -9999.000 -9999.000 -9999.000 -9999.000 -9999.000 -9999.000 -9999.000 -9999.000 -9999.000 -9999.000 -9999.000 -9999.000 -9999.000 -9999.000 -9999.000 -9999.000 -9999.000 -9999.000 -9999.000
-9999.000 -9999.000 -9999.000 -9999.000 -9999.000 -9999.000 -9999.000 -9999.000 -9999.000 -9999.000 -9999.000 -9999.000 -9999.000 -9999.000 -9999.000 0.2384759 0.2386175 0.2385222 0.2383665 0.2381649 0.2379244 0.2376517 0.2373544 0.2370414 0.2367223 0.2364079 0.2361095 0.2358383 0.2356170 0.2358870 0.2358870 -9999.000 -9999.000 -9999.000 -9999.000 -9999.000 -9999.000 -9999.000 -9999.000 -9999.000 -9999.000 -9999.000 -9999.000 -9999.000 -9999.000 -9999.000 -9999.000 -9999.000 -9999.000 -9999.000 -9999.000 -9999.000 -9999.000 -9999.000 -9999.000 -9999.000 -9999.000
-9999.000 -9999.000 -9999.000 -9999.000 -9999.000 -9999.000 -9999.000 -9999.000 -9999.000 -9999.000 -9999.000 -9999.000 -9999.000 -9999.000 -9999.000 0.2405562 0.2407500 0.2406540 0.2404964 0.2402936 0.2400527 0.2397800 0.2394825 0.2391682 0.2388458 0.2385249 0.2382153 0.2379275 0.2376862 0.2379984 0.2379984 -9999.000 -9999.000 -9999.000 -9999.000 -9999.000 -9999.000 -9999.000 -9999.000 -9999.000 -9999.000 -9999.000 -9999.000 -9999.000 -9999.000 -9999.000 -9999.000 -9999.000 -9999.000 -9999.000 -9999.000 -9999.000 -9999.000 -9999.000 -9999.000 -9999.000 -9999.000
-9999.000 -9999.000 -9999.000 -9999.000 -9999.000 -9999.000 -9999.000 -9999.000 -9999.000 -9999.000 -9999.000 -9999.000 -9999.000 -9999.000 -9999.000 0.2426778 0.2429166 0.2428170 0.2426537 0.2424445 0.2421963 0.2419152 0.2416078 0.2412814 0.2409442 0.2406051 0.2402732 0.2399587 0.2396886 0.2400341 0.2400341 -9999.000 -9999.000 -9999.000 -9999.000 -9999.000 -9999.000 -9999.000 -9999.000 -9999.000 -9999.000 -9999.000 -9999.000 -9999.000 -9999.000 -9999.000 -9999.000 -9999.000 -9999.000 -9999.000 -9999.000 -9999.000 -9999.000 -9999.000 -9999.000 -9999.000 -9999.000
-9999.000 -9999.000 -9999.000 -9999.000 -9999.000 -9999.000 -9999.000 -9999.000 -9999.000 -9999.000 -9999.000 -9999.000 -9999.000 -9999.000 -9999.000 0.2448317 0.2451080 0.2450020 0.2448294 0.2446092 0.2443481 0.2440519 0.2437266 0.2433792 0.2430175 0.2426500 0.2422854 0.2419339 0.2416243 0.2419958 0.2419958 -9999.000 -9999.000 -9999.000 -9999.000 -9999.000 -9999.000 -9999.000 -9999.000 -9999.000 -9999.000 -9999.000 -9999.000 -9999.000 -9999.000 -9999.000 -9999.000 -9999.000 -9999.000 -9999.000 -9999.000 -9999.000 -9999.000 -9999.000 -9999.000 -9999.000 -9999.000
-9999.000 -9999.000 -9999.000 -9999.000 -9999.000 -9999.000 -9999.000 -9999.000 -9999.000 -9999.000 -9999.000 -9999.000 -9999.000 -9999.000 -9999.000 0.2470106 0.2473164 0.2472007 0.2470159 0.2467810 0.2465023 0.2461852 0.2458352 0.2454591 0.2450641 0.2446582 0.2442503 0.2438500 0.2434881 0.2438791 0.2438791 -9999.000 -9999.000 -9999.000 -9999.000 -9999.000 -9999.000 -9999.000 -9999.000 -9999.000 -9999.000 -9999.000 -9999.000 -9999.000 -9999.000 -9999.000 -9999.000 -9999.000 -9999.000 -9999.000 -9999.000 -9999.000 -9999.000 -9999.000 -9999.000 -9999.000 -9999.000
-9999.000 -9999.000 -9999.000 -9999.000 -9999.000 -9999.000 -9999.000 -9999.000 -9999.000 -9999.000 -9999.000 -9999.000 -9999.000 -9999.000 -9999.000 0.2492080 0.2495347 0.2494062 0.2492066 0.2489538 0.2486536 0.2483105 0.2479298 0.2475173 0.2470801 0.2466256 0.2461622 0.2456993 0.2452690 0.2456716 0.2456716 -9999.000 -9999.000 -9999.000 -9999.000 -9999.000 -9999.000 -9999.000 -9999.000 -9999.000 -9999.000 -9999.000 -9999.000 -9999.000 -9999.000 -9999.000 -9999.000 -9999.000 -9999.000 -9999.000 -9999.000 -9999.000 -9999.000 -9999.000 -9999.000 -9999.000 -9999.000
-9999.000 -9999.000 -9999.000 -9999.000 -9999.000 -9999.000 -9999.000 -9999.000 -9999.000 -9999.000 -9999.000 -9999.000 -9999.000 -9999.000 -9999.000 0.2514183 0.2517562 0.2516116 0.2513950 0.2511218 0.2507965 0.2504229 0.2500052 0.2495487 0.2490597 0.2485447 0.2480113 0.2474682 0.2469479 0.2473511 0.2473511 -9999.000 -9999.000 -9999.000 -9999.000 -9999.000 -9999.000 -9999.000 -9999.000 -9999.000 -9999.000 -9999.000 -9999.000 -9999.000 -9999.000 -9999.000 -9999.000 -9999.000 -9999.000 -9999.000 -9999.000 -9999.000 -9999.000 -9999.000 -9999.000 -9999.000 -9999.000
-9999.000 -9999.000 -9999.000 -9999.000 -9999.000 -9999.000 -9999.000 -9999.000 -9999.000 -9999.000 -9999.000 -9999.000 -9999.000 -9999.000 -9999.000 0.2536353 0.2539743 0.2538100 0.2535746 0.2532786 0.2529250 0.2525160 0.2520550 0.2515461 0.2509941 0.2504044 0.2497826 0.2491359 0.2484951 0.2488807 0.2488807 -9999.000 -9999.000 -9999.000 -9999.000 -9999.000 -9999.000 -9999.000 -9999.000 -9999.000 -9999.000 -9999.000 -9999.000 -9999.000 -9999.000 -9999.000 -9999.000 -9999.000 -9999.000 -9999.000 -9999.000 -9999.000 -9999.000 -9999.000 -9999.000 -9999.000 -9999.000
-9999.000 -9999.000 -9999.000 -9999.000 -9999.000 -9999.000 -9999.000 -9999.000 -9999.000 -9999.000 -9999.000 -9999.000 -9999.000 -9999.000 -9999.000 0.2558511 0.2561813 0.2559938 0.2557377 0.2554168 0.2550315 0.2545824 0.2540710 0.2534997 0.2528712 0.2521883 0.2514536 0.2506706 0.2498651 0.2501997 0.2501997 -9999.000 -9999.000 -9999.000 -9999.000 -9999.000 -9999.000 -9999.000 -9999.000 -9999.000 -9999.000 -9999.000 -9999.000 -9999.000 -9999.000 -9999.000 -9999.000 -9999.000 -9999.000 -9999.000 -9999.000 -9999.000 -9999.000 -9999.000 -9999.000 -9999.000 -9999.000
-9999.000 -9999.000 -9999.000 -9999.000 -9999.000 -9999.000 -9999.000 -9999.000 -9999.000 -9999.000 -9999.000 -9999.000 -9999.000 -9999.000 -9999.000 0.2580553 0.2583678 0.2581535 0.2578751 0.2575272 0.2571067 0.2566118 0.2560415 0.2553956 0.2546733 0.2538730 0.2529917 0.2520248 0.2509867 0.2512056 0.2512056 -9999.000 -9999.000 -9999.000 -9999.000 -9999.000 -9999.000 -9999.000 -9999.000 -9999.000 -9999.000 -9999.000 -9999.000 -9999.000 -9999.000 -9999.000 -9999.000 -9999.000 -9999.000 -9999.000 -9999.000 -9999.000 -9999.000 -9999.000 -9999.000 -9999.000 -9999.000
-9999.000 -9999.000 -9999.000 -9999.000 -9999.000 -9999.000 -9999.000 -9999.000 -9999.000 -9999.000 -9999.000 -9999.000 -9999.000 -9999.000 -9999.000 0.2602327 0.2605214 0.2602774 0.2599753 0.2595980 0.2591381 0.2585905 0.2579509 0.2572147 0.2563757 0.2554245 0.2543476 0.2531249 0.2517445 0.2517136 0.2517136 -9999.000 -9999.000 -9999.000 -9999.000 -9999.000 -9999.000 -9999.000 -9999.000 -9999.000 -9999.000 -9999.000 -9999.000 -9999.000 -9999.000 -9999.000 -9999.000 -9999.000 -9999.000 -9999.000 -9999.000 -9999.000 -9999.000 -9999.000 -9999.000 -9999.000 -9999.000
-9999.000 -9999.000 -9999.000 -9999.000 -9999.000 -9999.000 -9999.000 -9999.000 -9999.000 -9999.000 -9999.000 -9999.000 -9999.000 -9999.000 -9999.000 0.2623619 0.2626257 0.2623502 0.2620230 0.2616133 0.2611086 0.2604995 0.2597767 0.2589290 0.2579414 0.2567913 0.2554452 0.2538516 0.2519402 0.2513571 0.2513571 -9999.000 -9999.000 -9999.000 -9999.000 -9999.000 -9999.000 -9999.000 -9999.000 -9999.000 -9999.000 -9999.000 -9999.000 -9999.000 -9999.000 -9999.000 -9999.000 -9999.000 -9999.000 -9999.000 -9999.000 -9999.000 -9999.000 -9999.000 -9999.000 -9999.000 -9999.000
-9999.000 -9999.000 -9999.000 -9999.000 -9999.000 -9999.000 -9999.000 -9999.000 -9999.000 -9999.000 -9999.000 -9999.000 -9999.000 -9999.000 -9999.000 0.2644020 0.2646530 0.2643488 0.2639968 0.2635523 0.2629964 0.2623138 0.2614881 0.2604986 0.2593149 0.2578916 0.2561573 0.2539947 0.2511981 0.2492899 0.2492899 -9999.000 -9999.000 -9999.000 -9999.000 -9999.000 -9999.000 -9999.000 -9999.000 -9999.000 -9999.000 -9999.000 -9999.000 -9999.000 -9999.000 -9999.000 -9999.000 -9999.000 -9999.000 -9999.000 -9999.000 -9999.000 -9999.000 -9999.000 -9999.000 -9999.000 -9999.000
-9999.000 -9999.000 -9999.000 -9999.000 -9999.000 -9999.000 -9999.000 -9999.000 -9999.000 -9999.000 -9999.000 -9999.000 -9999.000 -9999.000 -9999.000 0.2655265 0.2663285 0.2661778 0.2659098 0.2654899 0.2649051 0.2641414 0.2631795 0.2619891 0.2605209 0.2586922 0.2563610 0.2532634 0.2488305 0.2428427 0.2428427 -9999.000 -9999.000 -9999.000 -9999.000 -9999.000 -9999.000 -9999.000 -9999.000 -9999.000 -9999.000 -9999.000 -9999.000 -9999.000 -9999.000 -9999.000 -9999.000 -9999.000 -9999.000 -9999.000 -9999.000 -9999.000 -9999.000 -9999.000 -9999.000 -9999.000 -9999.000
0.2148639 0.2148639 0.2075737 0.2256399 0.2291836 0.2291836 0.2323281 0.2382330 0.2382330 0.2443224 0.2443224 0.2513724 0.2556197 0.2606646 0.2668406 0.2668406 0.2739116 0.2740015 0.2737876 0.2731556 0.2720564 0.2704835 0.2684543 0.2659766 0.2629969 0.2593242 0.2544830 0.2473281 0.2347223 0.2019044 0.2019044 0.9003021E-01 0.6564901E-01 0.5834167E-01 0.6151418E-01 0.6151418E-01 0.7506683E-01 0.7506683E-01 0.9708918E-01 0.9708918E-01 0.1195267 0.1622793 0.1622793 0.1656267 0.1656267 0.1657683 0.1657683 0.1657683 0.1613068 0.1613068 0.1575253 0.1575253 0.1544714 0.1544714 0.1493907 0.1493907 0.1461170
0.2139342 0.2139342 0.2070684 0.2253882 0.2288568 0.2288568 0.2319731 0.2378567 0.2378567 0.2439256 0.2439256 0.2508679 0.2548896 0.2593361 0.2640859 0.2640859 0.2682765 0.2686059 0.2688202 0.2688352 0.2685446 0.2678287 0.2665601 0.2646022 0.2617939 0.2579050 0.2525282 0.2448262 0.2328123 0.2095352 0.2095352 0.1320447 0.1059135 0.8613253E-01 0.8244006E-01 0.8244006E-01 0.8364286E-01 0.8364286E-01 0.9663368E-01 0.9663368E-01 0.1111605 0.1609409 0.1609409 0.1660118 0.1660118 0.1657584 0.1657584 0.1657584 0.1609871 0.1609871 0.1572167 0.1572167 0.1548018 0.1548018 0.1491640 0.1491640 0.1459175
0.2134352 0.2134352 0.2069431 0.2254804 0.2288523 0.2288523 0.2319098 0.2376723 0.2376723 0.2435142 0.2435142 0.2499344 0.2534730 0.2572125 0.2610133 0.2610133 0.2637973 0.2638306 0.2637838 0.2636350 0.2633059 0.2626813 0.2616175 0.2599415 0.2574391 0.2538271 0.2486851 0.2412894 0.2301189 0.2106675 0.2106675 0.1508116 0.1255060 0.1026503 0.9706725E-01 0.9706725E-01 0.9468558E-01 0.9468558E-01 0.1026649 0.1026649 0.1116595 0.1517321 0.1517321 0.1664824 0.1664824 0.1665188 0.1665188 0.1665188 0.1608990 0.1608990 0.1570831 0.1570831 0.1540995 0.1540995 0.1493999 0.1493999 0.1459990
0.2130488 0.2130488 0.2068443 0.2255392 0.2288337 0.2288337 0.2318292 0.2374402 0.2374402 0.2430014 0.2430014 0.2488514 0.2519261 0.2550539 0.2581150 0.2581150 0.2596667 0.2593521 0.2589841 0.2585585 0.2580110 0.2572363 0.2560964 0.2544203 0.2519964 0.2485504 0.2436948 0.2368019 0.2266320 0.2097427 0.2097427 0.1627374 0.1394946 0.1169377 0.1113480 0.1113480 0.1085514 0.1085514 0.1131011 0.1131011 0.1176593 0.1426744 0.1426744 0.1634551 0.1634551 0.1655854 0.1655854 0.1655854 0.1608094 0.1608094 0.1568436 0.1568436 0.1536248 0.1536248 0.1493931 0.1493931 0.1459441
0.2127634 0.2127634 0.2067666 0.2255577 0.2287899 0.2287899 0.2317204 0.2371541 0.2371541 0.2423938 0.2423938 0.2476391 0.2502551 0.2528073 0.2552012 0.2552012 0.2554820 0.2547741 0.2540825 0.2533881 0.2526196 0.2516702 0.2504058 0.2486639 0.2462489 0.2429161 0.2383346 0.2319823 0.2228463 0.2080730 0.2080730 0.1706049 0.1500768 0.1302066 0.1258676 0.1258676 0.1240233 0.1240233 0.1255305 0.1255305 0.1267478 0.1380913 0.1380913 0.1569909 0.1569909 0.1637802 0.1637802 0.1637802 0.1601928 0.1601928 0.1563035 0.1563035 0.1529484 0.1529484 0.1490929 0.1490929 0.1457464
0.2125704 0.2125704 0.2067090 0.2255424 0.2287223 0.2287223 0.2315879 0.2368301 0.2368301 0.2417263 0.2417263 0.2463531 0.2485124 0.2504957 0.2522233 0.2522233 0.2510466 0.2498741 0.2488423 0.2478974 0.2469425 0.2458563 0.2444997 0.2427164 0.2403296 0.2371327 0.2328685 0.2271299 0.2191054 0.2063368 0.2063368 0.1762243 0.1590009 0.1438960 0.1414021 0.1414021 0.1399665 0.1399665 0.1379406 0.1379406 0.1365947 0.1384109 0.1384109 0.1502002 0.1502002 0.1603571 0.1603571 0.1603571 0.1586131 0.1586131 0.1552870 0.1552870 0.1520276 0.1520276 0.1485320 0.1485320 0.1454218
0.2124630 0.2124630 0.2066721 0.2255017 0.2286342 0.2286342 0.2314368 0.2364845 0.2364845 0.2410326 0.2410326 0.2450454 0.2467517 0.2481584 0.2491752 0.2491752 0.2462098 0.2444823 0.2430798 0.2418960 0.2407942 0.2396251 0.2382354 0.2364682 0.2341637 0.2311609 0.2273041 0.2223271 0.2156162 0.2051741 0.2051741 0.1809010 0.1679314 0.1590578 0.1579609 0.1579609 0.1550174 0.1550174 0.1491636 0.1491636 0.1458833 0.1418293 0.1418293 0.1458512 0.1458512 0.1556571 0.1556571 0.1556571 0.1558676 0.1558676 0.1535900 0.1535900 0.1507630 0.1507630 0.1477204 0.1477204 0.1449832
0.2124367 0.2124367 0.2066570 0.2254425 0.2285304 0.2285304 0.2312736 0.2361327 0.2361327 0.2403426 0.2403426 0.2437624 0.2450244 0.2458431 0.2460741 0.2460741 0.2408049 0.2384187 0.2366099 0.2351979 0.2339912 0.2328005 0.2314478 0.2297677 0.2276134 0.2248781 0.2215710 0.2176252 0.2126121 0.2048449 0.2048449 0.1866351 0.1785619 0.1756064 0.1743961 0.1743961 0.1680562 0.1680562 0.1587775 0.1587775 0.1541052 0.1465185 0.1465185 0.1445795 0.1445795 0.1507544 0.1507544 0.1507544 0.1521700 0.1521700 0.1511182 0.1511182 0.1490505 0.1490505 0.1466411 0.1466411 0.1444301
0.2124897 0.2124897 0.2066651 0.2253695 0.2284161 0.2284161 0.2311056 0.2357896 0.2357896 0.2396824 0.2396824 0.2425449 0.2433799 0.2436062 0.2429643 0.2429643 0.2346163 0.2314613 0.2292136 0.2275899 0.2263293 0.2251893 0.2239562 0.2224455 0.2205163 0.2181290 0.2156057 0.2132037 0.2106295 0.2062097 0.2062097 0.1951897 0.1920453 0.1921035 0.1890519 0.1890519 0.1786766 0.1786766 0.1667967 0.1667967 0.1611487 0.1513681 0.1513681 0.1455220 0.1455220 0.1466945 0.1466945 0.1466945 0.1480985 0.1480985 0.1479984 0.1479984 0.1468587 0.1468587 0.1452744 0.1452744 0.1437595
0.2126228 0.2126228 0.2066973 0.2252838 0.2282966 0.2282966 0.2309406 0.2354683 0.2354683 0.2390739 0.2390739 0.2414281 0.2418640 0.2415108 0.2399255 0.2399255 0.2273509 0.2233245 0.2206153 0.2188063 0.2175580 0.2165607 0.2155507 0.2143097 0.2126900 0.2107314 0.2094197 0.2095547 0.2106980 0.2108193 0.2108193 0.2070053 0.2081295 0.2070428 0.2010624 0.2010624 0.1870611 0.1870611 0.1733559 0.1733559 0.1670175 0.1558146 0.1558146 0.1475534 0.1475534 0.1439564 0.1439564 0.1439564 0.1442992 0.1442992 0.1445660 0.1445660 0.1442864 0.1442864 0.1436465 0.1436465 0.1429820
0.2128392 0.2128392 0.2067538 0.2251845 0.2281774 0.2281774 0.2307861 0.2351806 0.2351806 0.2385354 0.2385354 0.2404409 0.2405158 0.2396178 0.2370724 0.2370724 0.2185780 0.2136255 0.2104725 0.2085140 0.2073514 0.2066093 0.2059602 0.2051267 0.2039222 0.2024628 0.2032384 0.2077486 0.2142722 0.2197611 0.2197611 0.2224581 0.2244565 0.2182622 0.2113044 0.2113044 0.1935924 0.1935924 0.1785922 0.1785922 0.1717571 0.1596144 0.1596144 0.1498755 0.1498755 0.1424694 0.1424694 0.1424694 0.1412171 0.1412171 0.1412430 0.1412430 0.1415630 0.1415630 0.1418605 0.1418605 0.1421365
