simulation_files/asc/Depth____670.0.asc
NCOLS       216
NROWS       273
XLLCENTER        494.688995
YLLCENTER        787.867981
CELLSIZE           0.500
NODATA_VALUE     -9999.0
[rows 162 to 188 of 273, columns 118 to 176 of 216]
1.979507 2.655909 2.853389 2.889394 2.899815 2.909677 2.687115 2.108939 1.573990 0.6796131 0.1480594 0.7741602E-01 0.1059280 0.1526512 0.1330548 0.1181687 0.1421899 0.1559131 0.1782466 0.1828039 0.1791555 0.1451929 0.9976173E-01 0.1034449 0.1306074 0.1358449 0.9984168E-01 0.5666192E-01 -9999.000 -9999.000 -9999.000 -9999.000 -9999.000 -9999.000 -9999.000 -9999.000 -9999.000 -9999.000 -9999.000 -9999.000 -9999.000 -9999.000 -9999.000 -9999.000 -9999.000 -9999.000 -9999.000 -9999.000 -9999.000 -9999.000 -9999.000 -9999.000 -9999.000 -9999.000 -9999.000 -9999.000 -9999.000 -9999.000 -9999.000
1.640901 2.562697 2.845554 2.877861 2.878848 2.472412 1.759707 1.050040 0.5715758 0.1737157 0.1297241 0.1155929 0.1236763 0.1178403 0.1304582 0.1401965 0.1442223 0.1437016 0.1775519 0.2011745 0.2046051 0.1513548 0.1104291 0.1135220 0.1499587 0.1637348 0.1407506 0.9544055E-01 0.4036304E-01 -9999.000 -9999.000 -9999.000 -9999.000 -9999.000 -9999.000 -9999.000 -9999.000 -9999.000 -9999.000 -9999.000 -9999.000 -9999.000 -9999.000 -9999.000 -9999.000 -9999.000 -9999.000 -9999.000 -9999.000 -9999.000 -9999.000 -9999.000 -9999.000 -9999.000 -9999.000 -9999.000 -9999.000 -9999.000 -9999.000
1.242442 2.271110 2.724869 2.865162 2.442751 1.636414 -9999.000 0.1640312 0.1279824 0.1006485 0.1131050 0.1011351 0.9612495E-01 0.8536741E-01 0.1092534 0.1342384 0.1305630 0.1315741 0.1544835 0.1865482 0.1957943 0.1332210 0.1004789 0.1156430 0.1568982 0.1642893 0.1292574 0.1001309 0.4374431E-01 -9999.000 -9999.000 -9999.000 -9999.000 -9999.000 -9999.000 -9999.000 -9999.000 -9999.000 -9999.000 -9999.000 -9999.000 -9999.000 -9999.000 -9999.000 -9999.000 -9999.000 -9999.000 -9999.000 -9999.000 -9999.000 -9999.000 -9999.000 -9999.000 -9999.000 -9999.000 -9999.000 -9999.000 -9999.000 -9999.000
-9999.000 1.465716 2.284825 2.387732 1.601977 -9999.000 0.1313344 0.1259671 0.1011259 0.6876458E-01 0.5853353E-01 0.6047866E-01 0.7571372E-01 0.7641056E-01 0.9986989E-01 0.1292422 0.1364640 0.1541743 0.1769961 0.2030078 0.1678267 0.1078918 0.9095497E-01 0.1081434 0.1469153 0.1444989 0.1317077 0.9832164E-01 0.5203052E-01 0.2126595E-01 -9999.000 -9999.000 -9999.000 -9999.000 -9999.000 -9999.000 -9999.000 -9999.000 -9999.000 -9999.000 -9999.000 -9999.000 -9999.000 -9999.000 -9999.000 -9999.000 -9999.000 -9999.000 -9999.000 -9999.000 -9999.000 -9999.000 -9999.000 -9999.000 -9999.000 -9999.000 -9999.000 -9999.000 -9999.000
-9999.000 0.6464832 1.346308 1.183495 -9999.000 0.1402624 0.1481966 0.1305966 0.1182089 0.8490938E-01 0.5003807E-01 0.4587141E-01 0.5929989E-01 0.6105270E-01 0.1038533 0.1565747 0.1870270 0.2110579 0.2328662 0.2088094 0.1309090 0.1177574 0.1134494 0.1226921 0.1435406 0.1549181 0.1462311 0.1217439 0.9119381E-01 0.5175160E-01 -9999.000 -9999.000 0.1836429E-01 -9999.000 -9999.000 -9999.000 -9999.000 -9999.000 -9999.000 -9999.000 -9999.000 -9999.000 -9999.000 -9999.000 -9999.000 -9999.000 -9999.000 -9999.000 -9999.000 -9999.000 -9999.000 -9999.000 -9999.000 -9999.000 -9999.000 -9999.000 -9999.000 -9999.000 -9999.000
-9999.000 -9999.000 -9999.000 0.2366767 0.1348192 0.1787001 0.1528845 0.1458919 0.1499730 0.1207685 0.9205904E-01 0.7681754E-01 0.6740924E-01 0.6777108E-01 0.1236639 0.1996207 0.2150305 0.2275175 0.2329549 0.1615764 0.9143880E-01 0.1260150 0.1356282 0.1491084 0.1542255 0.1257844 0.1228865 0.1222315 0.1094311 0.7320834E-01 -9999.000 -9999.000 -9999.000 -9999.000 -9999.000 -9999.000 -9999.000 -9999.000 -9999.000 -9999.000 -9999.000 -9999.000 -9999.000 -9999.000 -9999.000 -9999.000 -9999.000 -9999.000 -9999.000 -9999.000 -9999.000 -9999.000 -9999.000 -9999.000 -9999.000 -9999.000 -9999.000 -9999.000 -9999.000
-9999.000 -9999.000 -9999.000 0.6789161E-01 0.1691050 0.1764700 0.1762098 0.1828952 0.1890614 0.1713900 0.1525161 0.1334277 0.1069588 0.1002618 0.1298416 0.1756375 0.1866523 0.1919592 0.1627915 0.1278151 0.8773881E-01 0.1178371 0.1382511 0.1551524 0.1513905 0.9939359E-01 0.8131874E-01 0.1042129 0.1131019 0.9257144E-01 0.4623065E-01 0.1594513E-01 -9999.000 -9999.000 -9999.000 -9999.000 -9999.000 -9999.000 -9999.000 -9999.000 -9999.000 -9999.000 -9999.000 -9999.000 -9999.000 -9999.000 -9999.000 -9999.000 -9999.000 -9999.000 -9999.000 -9999.000 -9999.000 -9999.000 -9999.000 -9999.000 -9999.000 -9999.000 -9999.000
-9999.000 -9999.000 -9999.000 0.5826669E-01 0.9487761E-01 0.1305946 0.1817364 0.2084205 0.1938646 0.1710178 0.1530385 0.1549664 0.1361131 0.1108333 0.1005013 0.8379707E-01 0.1185334 0.1122820 0.1198813 0.1529859 0.1254021 0.1446512 0.1732945 0.1992930 0.1912630 0.1325238 0.9558743E-01 0.1027632 0.1160066 0.1129966 0.7165153E-01 0.3381389E-01 0.2670168E-01 -9999.000 -9999.000 -9999.000 -9999.000 -9999.000 -9999.000 -9999.000 -9999.000 -9999.000 -9999.000 -9999.000 -9999.000 -9999.000 -9999.000 -9999.000 -9999.000 -9999.000 -9999.000 -9999.000 -9999.000 -9999.000 -9999.000 -9999.000 -9999.000 -9999.000 -9999.000
-9999.000 -9999.000 -9999.000 0.2108909E-01 0.5657215E-01 0.1088466 0.1706980 0.1908624 0.1862421 0.1667838 0.1413350 0.1167489 0.9566663E-01 0.8017133E-01 0.8549212E-01 0.1077529 0.1241057 0.1046955 0.1119081 0.1316751 0.1227638 0.1578166 0.2219166 0.2609175 0.2446502 0.1720582 0.1133043 0.1134765 0.1260129 0.1374589 0.9787255E-01 0.6102154E-01 0.4803678E-01 0.3922237E-01 -9999.000 -9999.000 -9999.000 -9999.000 -9999.000 -9999.000 -9999.000 -9999.000 -9999.000 -9999.000 -9999.000 -9999.000 -9999.000 -9999.000 -9999.000 -9999.000 -9999.000 -9999.000 -9999.000 -9999.000 -9999.000 -9999.000 -9999.000 -9999.000 -9999.000
-9999.000 -9999.000 -9999.000 -9999.000 -9999.000 0.7050540E-01 0.1069598 0.1469877 0.1779921 0.1987089 0.1463071 0.7415547E-01 0.4757555E-01 0.4122119E-01 0.7822643E-01 0.1438361 0.1791265 0.1896246 0.1369392 0.7641479E-01 0.6635441E-01 0.1332902 0.2390365 0.2765161 0.2342377 0.1646884 0.1283432 0.1465150 0.1696412 0.1756442 0.1225766 0.9462694E-01 0.9888794E-01 0.7829346E-01 0.5793148E-01 0.4764063E-01 -9999.000 -9999.000 -9999.000 -9999.000 -9999.000 -9999.000 -9999.000 -9999.000 -9999.000 -9999.000 -9999.000 -9999.000 -9999.000 -9999.000 -9999.000 -9999.000 -9999.000 -9999.000 -9999.000 -9999.000 -9999.000 -9999.000 -9999.000
-9999.000 -9999.000 -9999.000 -9999.000 -9999.000 0.4094958E-01 0.5244540E-01 0.1109831 0.1684955 0.1980134 0.1621538 0.8761903E-01 0.6013056E-01 0.6419643E-01 0.9638866E-01 0.1570245 0.1910387 0.2201999 0.1842163 0.1067665 0.8756395E-01 0.1471373 0.2290873 0.2437548 0.2079930 0.1492441 0.1259926 0.1332447 0.1654351 0.1859908 0.1465654 0.1392271 0.1531097 0.1429159 0.9133338E-01 0.7090259E-01 0.6666237E-01 0.4531413E-01 -9999.000 -9999.000 -9999.000 -9999.000 -9999.000 -9999.000 -9999.000 -9999.000 -9999.000 -9999.000 -9999.000 -9999.000 -9999.000 -9999.000 -9999.000 -9999.000 -9999.000 -9999.000 -9999.000 -9999.000 -9999.000
-9999.000 -9999.000 -9999.000 -9999.000 -9999.000 -9999.000 0.7072075E-01 0.1066547 0.1508223 0.1765882 0.1770691 0.1389902 0.9979719E-01 0.1005052 0.1256602 0.1596766 0.1865463 0.2323630 0.2374581 0.1959580 0.1867644 0.1886707 0.1999999 0.2137250 0.1513489 0.1194038 0.1030421 0.9413303E-01 0.1143364 0.1549337 0.1417254 0.1472769 0.1642785 0.1578792 0.1251354 0.9625344E-01 0.1018678 0.9217743E-01 0.5096073E-01 -9999.000 -9999.000 -9999.000 -9999.000 -9999.000 -9999.000 -9999.000 -9999.000 -9999.000 -9999.000 -9999.000 -9999.000 -9999.000 -9999.000 -9999.000 -9999.000 -9999.000 -9999.000 -9999.000 -9999.000
-9999.000 -9999.000 -9999.000 -9999.000 -9999.000 -9999.000 0.8997439E-01 0.1015198 0.1322349 0.1698033 0.1947486 0.1712322 0.1258602 0.9516672E-01 0.1046365 0.1324497 0.1681524 0.2271476 0.2476512 0.2471422 0.2593633 0.2049541 0.1657021 0.1480869 0.1201019 0.1032354 0.9005624E-01 0.9185188E-01 0.1139029 0.1430938 0.1270846 0.1155013 0.1254245 0.1385076 0.1221965 0.9630968E-01 0.1079142 0.1016413 -9999.000 -9999.000 -9999.000 -9999.000 -9999.000 -9999.000 -9999.000 -9999.000 -9999.000 -9999.000 -9999.000 -9999.000 -9999.000 -9999.000 -9999.000 -9999.000 -9999.000 -9999.000 -9999.000 -9999.000 -9999.000
-9999.000 -9999.000 -9999.000 -9999.000 -9999.000 -9999.000 -9999.000 0.5546584E-01 0.8852237E-01 0.1585288 0.2057458 0.1858714 0.1307785 0.6680188E-01 0.5266467E-01 0.6829683E-01 0.1195330 0.2102227 0.2191066 0.2042030 0.1823434 0.1401838 0.1256299 0.1599732 0.1868783 0.1276993 0.1063233 0.1182170 0.1374760 0.1613760 0.1534183 0.1241976 0.1148598 0.1292476 0.1099581 0.6532467E-01 0.6598873E-01 0.9507436E-01 0.9681399E-01 0.7620753E-01 -9999.000 -9999.000 -9999.000 -9999.000 -9999.000 -9999.000 -9999.000 -9999.000 -9999.000 -9999.000 -9999.000 -9999.000 -9999.000 -9999.000 -9999.000 -9999.000 -9999.000 -9999.000 -9999.000
-9999.000 -9999.000 -9999.000 -9999.000 -9999.000 -9999.000 -9999.000 -9999.000 0.4221216E-01 0.1161418 0.1736461 0.1711125 0.1105781 0.4197428E-01 0.2226986E-01 0.2949911E-01 0.7141790E-01 0.1429922 0.1412799 0.1163531 0.9138217E-01 0.9558793E-01 0.1195490 0.1975397 0.2313220 0.1781467 0.1660061 0.1777009 0.1867489 0.2002970 0.2136318 0.2103858 0.1600332 0.1273254 0.7612673E-01 0.3131416E-01 0.6109801E-01 0.1068109 0.1192084 0.8411457E-01 -9999.000 -9999.000 -9999.000 -9999.000 -9999.000 -9999.000 -9999.000 -9999.000 -9999.000 -9999.000 -9999.000 -9999.000 -9999.000 -9999.000 -9999.000 -9999.000 -9999.000 -9999.000 -9999.000
-9999.000 -9999.000 -9999.000 -9999.000 -9999.000 -9999.000 -9999.000 -9999.000 0.1515758E-01 0.6368772E-01 0.1287512 0.1478641 0.1146121 0.4766938E-01 0.2062796E-01 -9999.000 -9999.000 0.6475273E-01 0.8292983E-01 0.8701170E-01 0.1097422 0.1099218 0.1153823 0.1892092 0.2330683 0.2164476 0.2095029 0.2121811 0.1913757 0.1860768 0.2344416 0.2421956 0.2133578 0.1473203 0.6240660E-01 0.5015622E-01 0.9423132E-01 0.1116199 0.1022018 0.7872748E-01 0.3767921E-01 -9999.000 -9999.000 -9999.000 -9999.000 -9999.000 -9999.000 -9999.000 -9999.000 -9999.000 -9999.000 -9999.000 -9999.000 -9999.000 -9999.000 -9999.000 -9999.000 -9999.000 -9999.000
-9999.000 -9999.000 -9999.000 -9999.000 -9999.000 -9999.000 -9999.000 -9999.000 -9999.000 0.5194842E-01 0.1195515 0.1456953 0.1337594 0.8401323E-01 0.3819364E-01 -9999.000 -9999.000 0.3138929E-01 0.5059242E-01 0.7120506E-01 0.1066913 0.1381467 0.1358573 0.1771581 0.2304455 0.2225777 0.2023308 0.1742644 0.1050407 0.1050068 0.1845190 0.2055698 0.2034497 0.1553493 0.1079840 0.1169409 0.1262305 0.1169559 0.1017978 0.1108282 0.8564516E-01 -9999.000 -9999.000 -9999.000 -9999.000 -9999.000 -9999.000 -9999.000 -9999.000 -9999.000 -9999.000 -9999.000 -9999.000 -9999.000 -9999.000 -9999.000 -9999.000 -9999.000 -9999.000
-9999.000 -9999.000 -9999.000 -9999.000 -9999.000 -9999.000 -9999.000 -9999.000 -9999.000 -9999.000 0.7952414E-01 0.1183310 0.1351216 0.1114482 0.7288890E-01 0.2953624E-01 -9999.000 0.1782209E-01 0.3177662E-01 0.5129918E-01 0.9501544E-01 0.1526754 0.1594195 0.1721089 0.2261420 0.2045180 0.1604947 0.1024274 0.9549801E-01 0.1209178 0.1416097 0.1471961 0.1549056 0.1335504 0.1299338 0.1595053 0.1536732 0.1305965 0.1409271 0.1579929 0.1188071 -9999.000 -9999.000 -9999.000 -9999.000 -9999.000 -9999.000 -9999.000 -9999.000 -9999.000 -9999.000 -9999.000 -9999.000 -9999.000 -9999.000 -9999.000 -9999.000 -9999.000 -9999.000
-9999.000 -9999.000 -9999.000 -9999.000 -9999.000 -9999.000 -9999.000 -9999.000 -9999.000 -9999.000 0.5259940E-01 0.1028266 0.1345474 0.1434384 0.9975832E-01 0.4082902E-01 -9999.000 0.1654797E-01 0.2496304E-01 0.3842121E-01 0.7097384E-01 0.1201887 0.1297884 0.1642712 0.2008698 0.1711362 0.1069451 0.7100664E-01 0.1264499 0.1727575 0.1627828 0.1346966 0.1362835 0.1203304 0.1239070 0.1699707 0.1603481 0.1334510 0.1513001 0.1850079 0.1457746 0.7919550E-01 -9999.000 -9999.000 -9999.000 -9999.000 -9999.000 -9999.000 -9999.000 -9999.000 -9999.000 -9999.000 -9999.000 -9999.000 -9999.000 -9999.000 -9999.000 -9999.000 -9999.000
-9999.000 -9999.000 -9999.000 -9999.000 -9999.000 -9999.000 -9999.000 -9999.000 -9999.000 -9999.000 -9999.000 0.6178743E-01 0.1092258 0.1474851 0.1292907 0.6847115E-01 -9999.000 -9999.000 -9999.000 -9999.000 0.3630987E-01 0.7342728E-01 0.8667603E-01 0.1276290 0.1737277 0.1470940 0.1314319 0.1292890 0.1722317 0.2024364 0.2076623 0.1734791 0.1798906 0.1747921 0.1767952 0.1998193 0.1774461 0.1616620 0.1729921 0.1958729 0.1737294 0.1016818 0.5420034E-01 -9999.000 -9999.000 -9999.000 -9999.000 -9999.000 -9999.000 -9999.000 -9999.000 -9999.000 -9999.000 -9999.000 -9999.000 -9999.000 -9999.000 -9999.000 -9999.000
-9999.000 -9999.000 -9999.000 -9999.000 -9999.000 -9999.000 -9999.000 -9999.000 -9999.000 -9999.000 -9999.000 -9999.000 0.5934382E-01 0.1137922 0.1187235 0.8703543E-01 0.4592951E-01 -9999.000 -9999.000 -9999.000 0.2208286E-01 0.3417978E-01 0.3291097E-01 0.6892695E-01 0.1583621 0.1793788 0.1793918 0.2106876 0.2117380 0.1918293 0.2141972 0.2474677 0.2692268 0.2900764 0.2648738 0.2281803 0.2066512 0.2109917 0.2152635 0.2231654 0.1976314 0.1442302 0.9100167E-01 -9999.000 -9999.000 -9999.000 -9999.000 -9999.000 -9999.000 -9999.000 -9999.000 -9999.000 -9999.000 -9999.000 -9999.000 -9999.000 -9999.000 -9999.000 -9999.000
-9999.000 -9999.000 -9999.000 -9999.000 -9999.000 -9999.000 -9999.000 -9999.000 -9999.000 -9999.000 -9999.000 -9999.000 0.5126264E-01 0.1105509 0.1335426 0.1123893 0.6935731E-01 -9999.000 -9999.000 -9999.000 0.2274617E-01 0.2839802E-01 0.1706351E-01 0.4769701E-01 0.1253342 0.1551198 0.1729469 0.2295850 0.2470843 0.2056087 0.2144558 0.2766681 0.2983120 0.3076524 0.2953824 0.2497915 0.2295888 0.2235578 0.2319368 0.2386376 0.2254504 0.2035694 0.1341603 0.4298803E-01 -9999.000 -9999.000 -9999.000 -9999.000 -9999.000 -9999.000 -9999.000 -9999.000 -9999.000 -9999.000 -9999.000 -9999.000 -9999.000 -9999.000 -9999.000
-9999.000 -9999.000 -9999.000 -9999.000 -9999.000 -9999.000 -9999.000 -9999.000 -9999.000 -9999.000 -9999.000 -9999.000 -9999.000 0.1191634 0.1459328 0.1382848 0.1003166 0.4628418E-01 0.2076322E-01 0.1946599E-01 0.2554874E-01 0.2306609E-01 0.1622310E-01 0.4078889E-01 0.7960280E-01 0.8836329E-01 0.1101293 0.1842427 0.2351969 0.2261234 0.2420169 0.2837235 0.2714759 0.2591692 0.2603501 0.2504498 0.2163139 0.2133438 0.2155388 0.2307450 0.2372247 0.2208911 0.1691790 0.8162959E-01 -9999.000 -9999.000 -9999.000 -9999.000 -9999.000 -9999.000 -9999.000 -9999.000 -9999.000 -9999.000 -9999.000 -9999.000 -9999.000 -9999.000 -9999.000
-9999.000 -9999.000 -9999.000 -9999.000 -9999.000 -9999.000 -9999.000 -9999.000 -9999.000 -9999.000 -9999.000 -9999.000 -9999.000 0.1090711 0.1462354 0.1506163 0.1307008 0.7742556E-01 0.2892571E-01 0.2779723E-01 0.2858017E-01 0.3221544E-01 0.4051751E-01 0.5486340E-01 0.6134877E-01 0.4751937E-01 0.6718548E-01 0.1216760 0.1745226 0.1997502 0.2643695 0.2574838 0.1981259 0.1986181 0.2149283 0.1656724 0.1360147 0.1141609 0.1337727 0.1593274 0.1869449 0.1938368 0.1660248 0.1019260 0.8214396E-01 -9999.000 -9999.000 -9999.000 -9999.000 -9999.000 -9999.000 -9999.000 -9999.000 -9999.000 -9999.000 -9999.000 -9999.000 -9999.000 -9999.000
-9999.000 -9999.000 -9999.000 -9999.000 -9999.000 -9999.000 -9999.000 -9999.000 -9999.000 -9999.000 -9999.000 -9999.000 -9999.000 0.8577726E-01 0.1309656 0.1480546 0.1394417 0.9433080E-01 0.4831055E-01 0.2660884E-01 0.2479434E-01 0.3074171E-01 0.4605190E-01 0.5528036E-01 0.4311062E-01 0.5321780E-01 0.9264781E-01 0.1292425 0.1613346 0.1946224 0.2213945 0.1802061 0.1413949 0.2188483 0.2466141 0.1906094 0.1241851 0.1024059 0.1173768 0.1238463 0.1414574 0.1611180 0.1560992 0.1250897 0.8757845E-01 0.6122335E-01 -9999.000 -9999.000 -9999.000 -9999.000 -9999.000 -9999.000 -9999.000 -9999.000 -9999.000 -9999.000 -9999.000 -9999.000 -9999.000
-9999.000 -9999.000 -9999.000 -9999.000 -9999.000 -9999.000 -9999.000 -9999.000 -9999.000 -9999.000 -9999.000 -9999.000 -9999.000 0.6852014E-01 0.1077122 0.1174003 0.1340351 0.1110521 0.5056501E-01 0.2022948E-01 -9999.000 -9999.000 -9999.000 0.3016366E-01 0.3967856E-01 0.6398594E-01 0.1308737 0.1584400 0.1624282 0.1526415 0.1529341 0.1353217 0.1331570 0.2205845 0.2856196 0.2730353 0.2197096 0.1522869 0.1460071 0.1660376 0.1717835 0.1672684 0.1623845 0.1314891 0.8198458E-01 0.4406432E-01 -9999.000 -9999.000 -9999.000 -9999.000 -9999.000 -9999.000 -9999.000 -9999.000 -9999.000 -9999.000 -9999.000 -9999.000 -9999.000
-9999.000 -9999.000 -9999.000 -9999.000 -9999.000 -9999.000 -9999.000 -9999.000 -9999.000 -9999.000 -9999.000 -9999.000 -9999.000 0.6494318E-01 0.9214195E-01 0.1007356 0.1302578 0.1216403 0.7457607E-01 0.4350995E-01 0.1949778E-01 -9999.000 -9999.000 -9999.000 0.3097571E-01 0.4407287E-01 0.8672716E-01 0.1095738 0.1305731 0.1256614 0.1473988 0.1748497 0.1579095 0.1977770 0.2502304 0.2700191 0.2353805 0.1864010 0.1706682 0.1859498 0.1788431 0.1611128 0.1586886 0.1430365 0.1166012 0.8534419E-01 0.6495256E-01 -9999.000 -9999.000 -9999.000 -9999.000 -9999.000 -9999.000 -9999.000 -9999.000 -9999.000 -9999.000 -9999.000 -9999.000
