simulation_files/asc/Depth____97.0.asc
NCOLS       411
NROWS       131
XLLCENTER    2538020.000000
YLLCENTER    1152390.000000
CELLSIZE           1.000
NODATA_VALUE     -9999.0
[rows 26 to 51 of 131, columns 118 to 176 of 411]
-9999.000 -9999.000 -9999.000 -9999.000 1.432467 1.467592 1.499128 1.533443 1.570266 1.607972 1.626123 1.619293 1.584243 1.534407 1.492608 1.470967 1.454996 1.427343 1.350057 1.127259 1.017790 1.040962 1.053175 1.069932 1.103851 1.141488 1.166438 1.158832 1.060745 0.9920947 0.9917054 1.000651 0.9783078 0.8050111 0.5708890 0.4825482 0.4911078 0.5066128 0.5327101 0.5557851 0.5881239 0.6141097 0.6555161 0.6805429 0.7053504 0.7366451 0.7613679 0.7967457 0.8259209 0.8558873 0.8913437 0.9298674 0.9659832 1.000299 1.026644 1.040400 1.044906 1.044876 1.039362
-9999.000 1.399615 1.399410 1.406332 1.425612 1.451236 1.480826 1.509824 1.550120 1.587807 1.617725 1.624805 1.591151 1.548628 1.508922 1.478911 1.450721 1.422875 1.350690 1.121329 0.9906945 1.014191 1.028241 1.050808 1.083154 1.119616 1.148096 1.119825 1.031071 0.9968891 1.018116 0.9638390 0.8084984 0.6312677 0.5361369 0.5466643 0.5677675 0.5862480 0.6070274 0.6342610 0.6631510 0.6851622 0.7087365 0.7339281 0.7572395 0.7820289 0.8103983 0.8347629 0.8592948 0.8925090 0.9245641 0.9589384 0.9883668 1.009898 1.023400 1.030097 1.033266 1.029559 1.027802
1.396901 1.392754 1.389979 1.391859 1.403045 1.425128 1.453114 1.484691 1.524255 1.570250 1.607848 1.618317 1.594341 1.561421 1.525527 1.489716 1.454232 1.434601 1.366825 1.134824 1.017611 1.021206 1.033381 1.053157 1.085094 1.123748 1.131826 1.084054 1.026008 1.004813 0.9473799 0.7909941 0.6535285 0.5865271 0.5959272 0.6122452 0.6374362 0.6588851 0.6830417 0.7073474 0.7256935 0.7442500 0.7603616 0.7727008 0.7901339 0.8100378 0.8339164 0.8548135 0.8809620 0.9119571 0.9423968 0.9682869 0.9906294 1.005698 1.012632 1.016180 1.018603 1.020925 1.028426
1.388077 1.376356 1.372495 1.372380 1.377755 1.394747 1.419263 1.449586 1.489604 1.538940 1.585378 1.607393 1.599887 1.571660 1.540262 1.503255 1.461630 1.438809 1.404467 1.180443 1.085015 1.062954 1.056936 1.066910 1.097786 1.122431 1.096877 1.037791 0.9889569 0.9288254 0.7920890 0.6678102 0.6390963 0.6313482 0.6554252 0.6750212 0.6989340 0.7166413 0.7308903 0.7456708 0.7610161 0.7712557 0.7800848 0.7913114 0.8035995 0.8217509 0.8395998 0.8632659 0.8954368 0.9227559 0.9514329 0.9768239 0.9953560 1.003000 1.007820 1.012285 1.015706 1.023310 1.035338
1.377698 1.359099 1.351375 1.352785 1.355642 1.362851 1.381682 1.413168 1.461625 1.517378 1.565998 1.589620 1.584214 1.564221 1.541553 1.511002 1.458228 1.419048 1.341546 1.212040 1.153565 1.121892 1.096346 1.087691 1.101701 1.099398 1.037496 0.9595846 0.8772993 0.7691998 0.6697566 0.6473285 0.6614855 0.6761758 0.7001024 0.7169049 0.7307219 0.7387583 0.7483023 0.7554206 0.7639693 0.7685011 0.7762170 0.7906748 0.8054508 0.8257657 0.8493242 0.8744592 0.9012198 0.9349748 0.9631294 0.9853173 0.9995555 1.008517 1.015778 1.021035 1.026581 1.035109 1.046267
1.368035 1.347775 1.340974 1.344058 1.343004 1.337335 1.342788 1.378619 1.435975 1.487959 1.533055 1.558180 1.553020 1.542717 1.537885 1.507012 1.449105 1.388471 1.282993 1.204151 1.160598 1.162649 1.156355 1.142338 1.125327 1.064151 0.9703977 0.8566548 0.7441785 0.6653148 0.6507585 0.6642753 0.6832150 0.6998651 0.7169798 0.7208498 0.7295481 0.7292763 0.7331241 0.7366774 0.7448663 0.7529625 0.7671213 0.7859153 0.8092087 0.8321531 0.8618543 0.8899665 0.9183747 0.9498904 0.9778715 0.9962995 1.009314 1.021577 1.027004 1.029951 1.034551 1.040200 1.045060
1.357935 1.339310 1.332264 1.338896 1.333401 1.308254 1.299675 1.339779 1.399500 1.451607 1.495126 1.518897 1.515609 1.507834 1.515222 1.502932 1.440064 1.314771 1.192167 1.140775 1.145953 1.171633 1.195525 1.205664 1.169284 1.020285 0.8715353 0.7544413 0.6767299 0.6596781 0.6625207 0.6682411 0.6763317 0.6813828 0.6898696 0.6894281 0.6954744 0.7004608 0.7024905 0.7092767 0.7200522 0.7350820 0.7607711 0.7877077 0.8142525 0.8497220 0.8816884 0.9136680 0.9461244 0.9773037 0.9951777 1.005436 1.014761 1.023767 1.024584 1.023303 1.022605 1.019253 1.015780
1.328536 1.309443 1.304368 1.319536 1.324099 1.289494 1.259998 1.301175 1.364691 1.409642 1.445264 1.465129 1.463709 1.457713 1.467552 1.468449 1.405883 1.245693 1.140108 1.120882 1.138824 1.178299 1.214847 1.233708 1.165453 0.9689459 0.8129552 0.7316752 0.6829670 0.6625712 0.6519345 0.6446489 0.6433518 0.6443313 0.6440708 0.6431392 0.6503088 0.6608619 0.6689678 0.6857460 0.7045851 0.7372691 0.7661034 0.7982095 0.8313653 0.8655182 0.9045966 0.9410280 0.9678749 0.9912736 1.001521 1.004613 1.006442 1.003597 0.9982211 0.9873889 0.9775465 0.9673824 0.9572270
1.291657 1.266918 1.267666 1.289957 1.303536 1.277944 1.246219 1.270234 1.323896 1.367194 1.396523 1.408594 1.399197 1.397367 1.409269 1.398323 1.305879 1.171994 1.118120 1.134097 1.173806 1.208850 1.233987 1.198871 1.063316 0.9150868 0.7979051 0.7572358 0.7172818 0.6781881 0.6446044 0.6247225 0.6170832 0.6120400 0.6099842 0.6099421 0.6239972 0.6371471 0.6527713 0.6804273 0.7078852 0.7363374 0.7752262 0.8112461 0.8472324 0.8815166 0.9156514 0.9504334 0.9681427 0.9817275 0.9808469 0.9792858 0.9841207 0.9689037 0.9469882 0.9301801 0.9159337 0.9088252 0.8948179
1.243362 1.204251 1.212160 1.243387 1.268206 1.254220 1.233438 1.251226 1.286609 1.321146 1.347967 1.352875 1.339850 1.336355 1.340129 1.305859 1.201988 1.116507 1.120981 1.159921 1.204825 1.230594 1.207337 1.079143 0.8963066 0.7994139 0.7763390 0.7577294 0.7393142 0.7153476 0.6901850 0.6577473 0.6278450 0.6141873 0.6006872 0.6078226 0.6248837 0.6402423 0.6626881 0.6904782 0.7206283 0.7475656 0.7780007 0.8117975 0.8473788 0.8756189 0.9002913 0.9132670 0.9237533 0.9251734 0.9197370 0.9196469 0.9164875 0.9025927 0.8865208 0.8746123 0.8669927 0.8600395 0.8425064
1.224410 1.160041 1.154770 1.182914 1.215172 1.227955 1.229065 1.243369 1.263322 1.287554 1.305263 1.296591 1.280608 1.278436 1.263351 1.180042 1.086261 1.065019 1.103580 1.162114 1.195253 1.182059 1.075340 0.8933622 0.7824347 0.7483581 0.7379824 0.7331690 0.7347276 0.7385329 0.7369014 0.7273104 0.6998030 0.6730125 0.6584326 0.6413046 0.6439415 0.6567272 0.6805525 0.7023721 0.7277533 0.7527765 0.7808283 0.8060092 0.8287647 0.8369193 0.8423751 0.8449681 0.8410984 0.8383526 0.8369424 0.8394126 0.8331155 0.8234107 0.8202138 0.8185419 0.8247908 0.8171267 0.7936779
1.195845 1.117041 1.104932 1.125410 1.150289 1.173156 1.208539 1.241924 1.255542 1.259757 1.261691 1.249270 1.238041 1.231839 1.187006 1.084390 1.016084 1.022022 1.059805 1.119472 1.133087 1.043216 0.8926327 0.7780482 0.7283248 0.7205492 0.7179989 0.7171885 0.7273691 0.7427246 0.7588887 0.7741748 0.7831530 0.7938105 0.7729938 0.7259174 0.7128011 0.7020566 0.7116804 0.7225440 0.7353009 0.7528704 0.7671019 0.7741215 0.7749425 0.7718687 0.7698007 0.7685712 0.7596980 0.7494926 0.7541710 0.7536893 0.7462952 0.7403754 0.7401541 0.7470123 0.7502817 0.7364661 0.7127450
1.207653 1.096948 1.078983 1.088814 1.108459 1.142967 1.199757 1.251182 1.263094 1.245814 1.223331 1.198886 1.192102 1.169428 1.067570 0.9724730 0.9589852 0.9821578 1.008942 1.024511 0.9393485 0.8197863 0.7458844 0.7217837 0.7162248 0.7214312 0.7276998 0.7338453 0.7435217 0.7576613 0.7723864 0.7942677 0.8214825 0.8414018 0.8479011 0.8572339 0.8459005 0.8082393 0.7829152 0.7529485 0.7412662 0.7407384 0.7388900 0.7276288 0.7103660 0.6993031 0.6985244 0.7005729 0.6931827 0.6831213 0.6772800 0.6667363 0.6516468 0.6496153 0.6463375 0.6483642 0.6343929 0.6000272 0.5589075
1.197731 1.107573 1.088638 1.087553 1.102226 1.143326 1.212860 1.273895 1.275650 1.234667 1.188397 1.155100 1.134794 1.063234 0.9710366 0.9178185 0.9244711 0.9429241 0.9283858 0.8852880 0.7496219 0.6931505 0.6900362 0.7009085 0.7154004 0.7377243 0.7546228 0.7696330 0.7809627 0.7866506 0.7969362 0.8064704 0.8116527 0.8286390 0.8528712 0.8881690 0.9103581 0.9120055 0.8775227 0.8316684 0.7802371 0.7272476 0.7009625 0.6799712 0.6606515 0.6470206 0.6471678 0.6440189 0.6365243 0.6278450 0.6091894 0.5850314 0.5669244 0.5482665 0.5377983 0.5168914 0.4698842 0.4085334 0.3350336
1.189268 1.128917 1.134024 1.134595 1.133855 1.153047 1.199748 1.257912 1.272930 1.216155 1.148808 1.109786 1.047184 0.9358513 0.8658896 0.8618095 0.8822135 0.8924670 0.8193761 0.7419048 0.6555717 0.6625716 0.6780183 0.6936284 0.7157056 0.7479101 0.7734261 0.7905791 0.8036180 0.8128433 0.8129819 0.8113807 0.8029389 0.8023760 0.8016859 0.8271630 0.8557265 0.8885042 0.9177721 0.9102767 0.8773684 0.8073414 0.7308718 0.6747305 0.6395936 0.6226893 0.6154382 0.6053206 0.5895802 0.5682927 0.5350618 0.4994042 0.4677538 0.4370134 0.4045468 0.3486599 0.2718192 0.1912834 0.1222560
1.189254 1.164408 1.173971 1.169526 1.158130 1.157021 1.177906 1.214793 1.236062 1.201759 1.127968 1.070454 0.9592274 0.8495499 0.8175465 0.8234702 0.8185179 0.7656697 0.6906232 0.6440735 0.6439145 0.6603031 0.6744436 0.6899220 0.7081185 0.7350081 0.7550252 0.7688924 0.7770646 0.7864637 0.7932503 0.7962442 0.7914527 0.7844198 0.7729557 0.7634101 0.7816568 0.8196014 0.8731014 0.9093214 0.9177052 0.8926946 0.8241408 0.7528594 0.6826520 0.6265891 0.6025096 0.5870434 0.5607918 0.5209167 0.4791197 0.4381206 0.3834006 0.3448739 0.2837632 0.1900382 0.1131413 0.5878523E-01 0.2345897E-01
1.186194 1.173861 1.175004 1.167614 1.155664 1.147474 1.150760 1.169604 1.184227 1.162395 1.104699 0.9988520 0.8776264 0.8138720 0.8044412 0.7836013 0.7188180 0.6385136 0.6213241 0.6176284 0.6297990 0.6474439 0.6626258 0.6743670 0.6818725 0.6913859 0.6978408 0.7044956 0.7092239 0.7231505 0.7409449 0.7590985 0.7745554 0.7838232 0.7856352 0.7757662 0.7596674 0.7557057 0.7834063 0.8263099 0.8520904 0.8561508 0.8410186 0.8277227 0.7531406 0.6787496 0.5985129 0.5316049 0.4803772 0.4324605 0.3957376 0.3505780 0.2935921 0.2345837 0.1548941 0.8824488E-01 0.5015214E-01 -9999.000 -9999.000
1.162253 1.151915 1.145284 1.135917 1.129693 1.134175 1.144896 1.151429 1.146766 1.124832 1.068450 0.9248001 0.8243963 0.8154139 0.7936565 0.7290451 0.6493358 0.6024275 0.5958810 0.6014060 0.6055142 0.6126540 0.6234430 0.6290914 0.6295107 0.6352769 0.6401670 0.6442185 0.6513870 0.6647810 0.6912339 0.7205005 0.7547756 0.7807554 0.7943989 0.8048462 0.8133285 0.7794115 0.7181516 0.7252016 0.7356856 0.7302051 0.7431309 0.7492744 0.7736820 0.6984870 0.6038145 0.4658134 0.3681443 0.3170510 0.2894821 0.2365300 0.1720282 0.1154887 -9999.000 -9999.000 -9999.000 -9999.000 -9999.000
1.116878 1.104668 1.100487 1.096108 1.093109 1.104053 1.131619 1.162831 1.164180 1.097707 0.9678445 0.8479232 0.8111511 0.7960248 0.7403081 0.6638036 0.6159768 0.5995221 0.5898164 0.5871744 0.5791021 0.5707872 0.5666207 0.5709284 0.5783295 0.5880263 0.5999722 0.6119984 0.6192190 0.6322921 0.6502409 0.6748126 0.6988878 0.7323687 0.7637565 0.7759893 0.8129119 0.8426067 0.7724336 0.6229487 0.5885840 0.5656388 0.5683295 0.5883324 0.6160932 0.6107406 0.5469619 0.4399203 0.3195131 0.2379933 0.1863584 0.1320349 0.8741572E-01 -9999.000 -9999.000 -9999.000 -9999.000 -9999.000 -9999.000
1.059238 1.050002 1.049067 1.058613 1.065819 1.082539 1.117384 1.163138 1.188524 1.118137 0.8966809 0.7686104 0.7615661 0.7277847 0.6576078 0.6133216 0.6007034 0.5936326 0.5816969 0.5648337 0.5516897 0.5393467 0.5387152 0.5449217 0.5517957 0.5607839 0.5683359 0.5784567 0.5914129 0.6020091 0.6111085 0.6130519 0.6181877 0.6378379 0.6747757 0.7012348 0.7161946 0.7397699 0.7688358 0.6324911 0.4424474 0.4024736 0.4055329 0.4149553 0.4455164 0.4582895 0.4146398 0.3678596 0.2822785 0.1943225 0.1239286 0.7155301E-01 -9999.000 -9999.000 -9999.000 -9999.000 -9999.000 -9999.000 -9999.000
1.015541 1.007836 1.004585 1.013283 1.037198 1.060866 1.087763 1.131601 1.189076 1.126489 0.8751606 0.7096910 0.6516401 0.5962914 0.5664767 0.5585845 0.5640713 0.5664740 0.5575468 0.5421429 0.5306788 0.5226742 0.5266782 0.5358613 0.5411979 0.5410982 0.5368668 0.5345101 0.5295724 0.5416443 0.5498504 0.5012112 0.4902569 0.4837103 0.4446436 0.4758875 0.5022874 0.5058741 0.5644040 0.5257710 0.3379415 0.2688334 0.2525453 0.2375673 0.2473330 0.2737253 0.2925158 0.2514179 0.2163461 0.1662253 0.1177011 0.4804976E-01 -9999.000 -9999.000 -9999.000 -9999.000 -9999.000 -9999.000 -9999.000
0.9666481 0.9680317 0.9683162 0.9770556 0.9984181 1.026479 1.056339 1.092498 1.127157 1.086357 0.8672462 0.6791775 0.5730703 0.5202907 0.5048958 0.5102816 0.5232223 0.5282828 0.5206914 0.5096510 0.5067906 0.5065393 0.5093536 0.5164257 0.5135012 0.5089072 0.4893684 0.4509959 0.4169419 0.3813467 0.3575189 0.2934183 0.2579004 0.2397157 0.2113195 0.1903233 0.2182696 0.2600856 0.2774538 0.2920960 0.2495019 0.1682270 0.1154221 0.9133747E-01 0.9679036E-01 0.1345256 0.1902998 0.2043576 -9999.000 -9999.000 -9999.000 -9999.000 -9999.000 -9999.000 -9999.000 -9999.000 -9999.000 -9999.000 -9999.000
0.9213786 0.9366314 0.9374274 0.9435058 0.9564862 0.9779519 1.002946 1.034550 1.063453 1.044662 0.8669006 0.6592845 0.5503675 0.5036973 0.4956843 0.4946184 0.4944137 0.4896446 0.4798178 0.4674882 0.4631920 0.4587119 0.4447219 0.4445554 0.4144723 0.3750733 0.3549185 0.3214700 0.2896669 0.2506291 0.1742628 0.1128069 -9999.000 -9999.000 -9999.000 -9999.000 -9999.000 -9999.000 -9999.000 0.7647750E-01 -9999.000 0.7185064E-01 0.2933292E-01 0.2042880E-01 0.3289140E-01 -9999.000 -9999.000 -9999.000 -9999.000 -9999.000 -9999.000 -9999.000 -9999.000 -9999.000 -9999.000 -9999.000 -9999.000 -9999.000 -9999.000
0.8640053 0.8868906 0.9008957 0.8991875 0.9061214 0.9162586 0.9325606 0.9708547 1.001953 0.9617231 0.8138099 0.6402840 0.5730701 0.5404435 0.5260422 0.5102165 0.4827037 0.4495482 0.4198496 0.4029390 0.3541657 0.3391487 0.2727824 0.2245897 0.1988814 -9999.000 -9999.000 -9999.000 -9999.000 -9999.000 -9999.000 -9999.000 -9999.000 -9999.000 -9999.000 -9999.000 -9999.000 -9999.000 -9999.000 -9999.000 -9999.000 -9999.000 -9999.000 -9999.000 -9999.000 -9999.000 -9999.000 -9999.000 -9999.000 -9999.000 -9999.000 -9999.000 -9999.000 -9999.000 -9999.000 -9999.000 -9999.000 -9999.000 -9999.000
0.8026666 0.8142590 0.8420003 0.8514786 0.8472174 0.8500312 0.8502545 0.8938748 0.9143824 0.8855141 0.6912452 0.5681183 0.5704887 0.5538061 0.5448114 0.5248486 0.4524780 0.3805561 0.3193298 0.2502667 0.1946588 0.1345116 0.1091028 -9999.000 -9999.000 -9999.000 -9999.000 -9999.000 -9999.000 -9999.000 -9999.000 -9999.000 -9999.000 -9999.000 -9999.000 -9999.000 -9999.000 -9999.000 -9999.000 -9999.000 -9999.000 -9999.000 -9999.000 -9999.000 -9999.000 -9999.000 -9999.000 -9999.000 -9999.000 -9999.000 -9999.000 -9999.000 -9999.000 -9999.000 -9999.000 -9999.000 -9999.000 -9999.000 -9999.000
0.7331180 0.7123512 0.7520219 0.7726928 0.7758556 0.7776689 0.7745556 0.7942364 0.8010435 0.7632837 0.5674741 0.4637642 0.4948403 0.4979643 0.4737121 0.4221151 0.3262761 0.2556059 -9999.000 -9999.000 -9999.000 -9999.000 -9999.000 -9999.000 -9999.000 -9999.000 -9999.000 -9999.000 -9999.000 -9999.000 -9999.000 -9999.000 -9999.000 -9999.000 -9999.000 -9999.000 -9999.000 -9999.000 -9999.000 -9999.000 -9999.000 -9999.000 -9999.000 -9999.000 -9999.000 -9999.000 -9999.000 -9999.000 -9999.000 -9999.000 -9999.000 -9999.000 -9999.000 -9999.000 -9999.000 -9999.000 -9999.000 -9999.000 -9999.000
