simulation_files/asc/Depth____43.0.asc
NCOLS       411
NROWS       131
XLLCENTER    2538020.000000
YLLCENTER    1152390.000000
CELLSIZE           1.000
NODATA_VALUE     -9999.0
[rows 0 to 25 of 131, columns 300 to 359 of 411]
-9999.000 -9999.000 -9999.000 -9999.000 -9999.000 -9999.000 -9999.000 -9999.000 -9999.000 -9999.000 -9999.000 -9999.000 -9999.000 -9999.000 -9999.000 -9999.000 -9999.000 -9999.000 -9999.000 -9999.000 -9999.000 -9999.000 -9999.000 -9999.000 -9999.000 -9999.000 -9999.000 -9999.000 -9999.000 -9999.000 -9999.000 -9999.000 -9999.000 -9999.000 -9999.000 -9999.000 -9999.000 -9999.000 -9999.000 -9999.000 -9999.000 -9999.000 -9999.000 -9999.000 -9999.000 -9999.000 -9999.000 -9999.000 -9999.000 -9999.000 -9999.000 -9999.000 -9999.000 -9999.000 -9999.000 -9999.000 -9999.000 -9999.000 -9999.000 -9999.000
-9999.000 -9999.000 -9999.000 -9999.000 -9999.000 -9999.000 -9999.000 -9999.000 -9999.000 -9999.000 -9999.000 -9999.000 -9999.000 -9999.000 -9999.000 -9999.000 -9999.000 -9999.000 -9999.000 -9999.000 -9999.000 -9999.000 -9999.000 -9999.000 -9999.000 -9999.000 -9999.000 -9999.000 -9999.000 -9999.000 -9999.000 -9999.000 -9999.000 -9999.000 -9999.000 -9999.000 -9999.000 -9999.000 -9999.000 -9999.000 -9999.000 -9999.000 -9999.000 -9999.000 -9999.000 -9999.000 -9999.000 -9999.000 -9999.000 -9999.000 -9999.000 -9999.000 -9999.000 -9999.000 -9999.000 -9999.000 -9999.000 -9999.000 -9999.000 -9999.000
-9999.000 -9999.000 -9999.000 -9999.000 -9999.000 -9999.000 -9999.000 -9999.000 -9999.000 -9999.000 -9999.000 -9999.000 -9999.000 -9999.000 -9999.000 -9999.000 -9999.000 -9999.000 -9999.000 -9999.000 -9999.000 -9999.000 -9999.000 -9999.000 -9999.000 -9999.000 -9999.000 -9999.000 -9999.000 -9999.000 -9999.000 -9999.000 -9999.000 -9999.000 -9999.000 -9999.000 -9999.000 -9999.000 -9999.000 -9999.000 -9999.000 -9999.000 -9999.000 -9999.000 -9999.000 -9999.000 -9999.000 -9999.000 -9999.000 -9999.000 -9999.000 -9999.000 -9999.000 -9999.000 -9999.000 -9999.000 -9999.000 -9999.000 -9999.000 -9999.000
-9999.000 -9999.000 -9999.000 -9999.000 -9999.000 -9999.000 -9999.000 -9999.000 -9999.000 -9999.000 -9999.000 -9999.000 -9999.000 -9999.000 -9999.000 -9999.000 -9999.000 -9999.000 -9999.000 -9999.000 -9999.000 -9999.000 -9999.000 -9999.000 -9999.000 -9999.000 -9999.000 -9999.000 -9999.000 -9999.000 -9999.000 -9999.000 -9999.000 -9999.000 -9999.000 -9999.000 -9999.000 -9999.000 -9999.000 -9999.000 -9999.000 -9999.000 -9999.000 -9999.000 -9999.000 -9999.000 -9999.000 -9999.000 -9999.000 -9999.000 -9999.000 -9999.000 -9999.000 -9999.000 -9999.000 -9999.000 -9999.000 -9999.000 -9999.000 -9999.000
-9999.000 -9999.000 -9999.000 -9999.000 -9999.000 -9999.000 -9999.000 -9999.000 -9999.000 -9999.000 -9999.000 -9999.000 -9999.000 -9999.000 -9999.000 -9999.000 -9999.000 -9999.000 -9999.000 -9999.000 -9999.000 -9999.000 -9999.000 -9999.000 -9999.000 -9999.000 -9999.000 -9999.000 -9999.000 -9999.000 -9999.000 -9999.000 -9999.000 -9999.000 -9999.000 -9999.000 -9999.000 -9999.000 -9999.000 -9999.000 -9999.000 -9999.000 -9999.000 -9999.000 -9999.000 -9999.000 -9999.000 -9999.000 -9999.000 -9999.000 -9999.000 -9999.000 -9999.000 -9999.000 -9999.000 -9999.000 -9999.000 -9999.000 -9999.000 -9999.000
-9999.000 -9999.000 -9999.000 -9999.000 -9999.000 -9999.000 -9999.000 -9999.000 -9999.000 -9999.000 -9999.000 -9999.000 -9999.000 -9999.000 -9999.000 -9999.000 -9999.000 -9999.000 -9999.000 -9999.000 -9999.000 -9999.000 -9999.000 -9999.000 -9999.000 -9999.000 -9999.000 -9999.000 -9999.000 -9999.000 -9999.000 -9999.000 -9999.000 -9999.000 -9999.000 -9999.000 -9999.000 -9999.000 -9999.000 -9999.000 -9999.000 -9999.000 -9999.000 -9999.000 -9999.000 -9999.000 -9999.000 -9999.000 -9999.000 -9999.000 -9999.000 -9999.000 -9999.000 -9999.000 -9999.000 -9999.000 -9999.000 -9999.000 -9999.000 -9999.000
-9999.000 -9999.000 -9999.000 -9999.000 -9999.000 -9999.000 -9999.000 -9999.000 -9999.000 -9999.000 -9999.000 -9999.000 -9999.000 -9999.000 -9999.000 -9999.000 -9999.000 -9999.000 -9999.000 -9999.000 -9999.000 -9999.000 -9999.000 -9999.000 -9999.000 -9999.000 -9999.000 -9999.000 -9999.000 -9999.000 -9999.000 -9999.000 -9999.000 -9999.000 -9999.000 -9999.000 -9999.000 -9999.000 -9999.000 -9999.000 -9999.000 -9999.000 -9999.000 -9999.000 -9999.000 -9999.000 -9999.000 -9999.000 -9999.000 -9999.000 -9999.000 -9999.000 -9999.000 -9999.000 -9999.000 -9999.000 -9999.000 -9999.000 -9999.000 -9999.000
-9999.000 -9999.000 -9999.000 -9999.000 -9999.000 -9999.000 -9999.000 -9999.000 -9999.000 -9999.000 -9999.000 -9999.000 -9999.000 -9999.000 -9999.000 -9999.000 -9999.000 -9999.000 -9999.000 -9999.000 -9999.000 -9999.000 -9999.000 -9999.000 -9999.000 -9999.000 -9999.000 -9999.000 -9999.000 -9999.000 -9999.000 -9999.000 -9999.000 -9999.000 -9999.000 -9999.000 -9999.000 -9999.000 -9999.000 -9999.000 -9999.000 -9999.000 -9999.000 -9999.000 -9999.000 -9999.000 -9999.000 -9999.000 -9999.000 -9999.000 -9999.000 -9999.000 -9999.000 -9999.000 -9999.000 -9999.000 -9999.000 -9999.000 -9999.000 -9999.000
-9999.000 -9999.000 -9999.000 -9999.000 -9999.000 -9999.000 -9999.000 -9999.000 -9999.000 -9999.000 -9999.000 -9999.000 -9999.000 -9999.000 -9999.000 -9999.000 -9999.000 -9999.000 -9999.000 -9999.000 -9999.000 -9999.000 -9999.000 -9999.000 -9999.000 -9999.000 -9999.000 -9999.000 -9999.000 -9999.000 -9999.000 -9999.000 -9999.000 -9999.000 -9999.000 -9999.000 -9999.000 -9999.000 -9999.000 -9999.000 -9999.000 -9999.000 -9999.000 -9999.000 -9999.000 -9999.000 -9999.000 -9999.000 -9999.000 -9999.000 -9999.000 -9999.000 -9999.000 -9999.000 -9999.000 -9999.000 -9999.000 -9999.000 -9999.000 -9999.000
-9999.000 -9999.000 -9999.000 -9999.000 -9999.000 -9999.000 -9999.000 -9999.000 -9999.000 -9999.000 -9999.000 -9999.000 -9999.000 -9999.000 0.3262646E-01 0.4860500E-01 -9999.000 -9999.000 -9999.000 -9999.000 -9999.000 -9999.000 -9999.000 -9999.000 -9999.000 -9999.000 -9999.000 -9999.000 -9999.000 -9999.000 -9999.000 -9999.000 -9999.000 -9999.000 -9999.000 -9999.000 -9999.000 -9999.000 -9999.000 -9999.000 -9999.000 -9999.000 -9999.000 -9999.000 -9999.000 -9999.000 -9999.000 -9999.000 -9999.000 -9999.000 -9999.000 -9999.000 -9999.000 -9999.000 -9999.000 -9999.000 -9999.000 -9999.000 -9999.000 -9999.000
0.1310396 0.1193993 0.9008069E-01 0.6327007E-01 0.5197415E-01 0.3491925E-01 -9999.000 -9999.000 -9999.000 -9999.000 -9999.000 -9999.000 -9999.000 -9999.000 0.5672682E-01 0.7124944E-01 0.8573819E-01 0.9447581E-01 0.1108603 0.1141008 0.1235224 0.1267019 0.1262940 0.1298163 0.1398856 0.1583691 0.1795866 0.1976518 0.2191909 0.2356575 0.2310224 0.2276414 0.2280075 0.2274637 0.2271245 0.2284679 0.2323720 0.2377173 0.2403360 0.2390499 0.2351530 0.2304281 0.2274303 0.2225710 0.2113489 0.1957594 0.1758500 0.1577043 0.1377222 0.1216910 0.1099856 0.1050516 0.1079440 0.8060608E-01 0.5013150E-01 0.3208847E-01 0.3063277E-01 0.3377938E-01 0.4115425E-01 0.5617225E-01
0.2445447 0.2108952 0.1734007 0.1440689 0.1329454 0.1117697 0.9963887E-01 0.9852041E-01 0.1009577 0.9815207E-01 0.9720941E-01 0.1014207 0.1152526 0.1298975 0.1485393 0.1608065 0.1647521 0.1637027 0.1633234 0.1682189 0.1689125 0.1761127 0.1820842 0.1787904 0.1836232 0.2018410 0.2247799 0.2342958 0.2361516 0.2398467 0.2433690 0.2410606 0.2403316 0.2411736 0.2410623 0.2404472 0.2423731 0.2446938 0.2456716 0.2442413 0.2405910 0.2349909 0.2288377 0.2209211 0.2079486 0.1915680 0.1745458 0.1583871 0.1409991 0.1275033 0.1190930 0.1129916 0.1045463 0.9813267E-01 0.8044595E-01 0.6265801E-01 0.4843019E-01 0.4401301E-01 0.4518703E-01 0.5362040E-01
0.3510894 0.3164462 0.2848597 0.2630716 0.2471305 0.2268557 0.2194347 0.2188851 0.2174259 0.2212063 0.2400177 0.2517535 0.2654046 0.2734304 0.2886274 0.2901452 0.2813626 0.2723146 0.2752437 0.2764973 0.2774236 0.2832991 0.2853604 0.2816926 0.2831899 0.2992333 0.3008047 0.2948854 0.2833372 0.2803655 0.2773463 0.2729730 0.2751522 0.2769955 0.2770769 0.2758790 0.2779793 0.2749194 0.2704434 0.2668484 0.2636421 0.2567285 0.2478263 0.2404350 0.2291857 0.2150601 0.2034734 0.1931849 0.1814013 0.1713747 0.1653144 0.1560354 0.1481347 0.1410802 0.1343207 0.1224472 0.9958609E-01 0.9413532E-01 0.8661196E-01 0.9210292E-01
0.4044566 0.3889645 0.3732858 0.3682553 0.3536139 0.3426348 0.3424373 0.3323263 0.3295362 0.3353005 0.3538119 0.3625825 0.3697608 0.3701551 0.3634958 0.3604011 0.3548352 0.3547547 0.3607788 0.3635357 0.3650750 0.3695047 0.3750736 0.3755309 0.3757815 0.3703348 0.3587724 0.3456609 0.3376447 0.3307938 0.3237628 0.3193572 0.3237790 0.3245741 0.3237407 0.3239794 0.3187953 0.3097679 0.3010494 0.2960260 0.2899685 0.2841384 0.2797624 0.2740793 0.2671067 0.2588694 0.2572267 0.2488368 0.2402073 0.2349113 0.2299694 0.2221699 0.2155774 0.2170169 0.2085843 0.2002194 0.1933577 0.2008212 0.1907936 0.2120580
0.4639452 0.4636337 0.4623992 0.4666936 0.4619574 0.4549387 0.4537926 0.4394016 0.4216677 0.4182695 0.4138848 0.4111386 0.4072664 0.4005187 0.3955400 0.3928147 0.3936304 0.3990676 0.4057011 0.4120219 0.4178235 0.4261972 0.4270683 0.4265218 0.4224005 0.4148136 0.4025264 0.3904262 0.3839922 0.3748922 0.3674390 0.3634102 0.3650243 0.3625978 0.3596661 0.3551162 0.3468217 0.3390936 0.3322552 0.3271803 0.3207277 0.3160553 0.3144893 0.3132072 0.3096411 0.3091304 0.3082178 0.3040923 0.2979925 0.2960249 0.2922857 0.2865144 0.2875742 0.2884944 0.2883392 0.2900306 0.3043561 0.3233200 0.3347233 0.3441377
0.5229619 0.5328790 0.5422423 0.5539336 0.5535544 0.5520599 0.5510473 0.5388046 0.5184560 0.4925972 0.4679543 0.4533083 0.4380802 0.4300273 0.4285847 0.4283723 0.4315182 0.4370537 0.4434011 0.4480659 0.4551910 0.4581044 0.4568502 0.4540341 0.4530908 0.4499372 0.4421344 0.4359390 0.4269189 0.4153502 0.4043130 0.4004683 0.3960235 0.3915426 0.3852826 0.3819475 0.3771239 0.3713922 0.3692507 0.3636948 0.3584945 0.3539601 0.3548540 0.3526007 0.3500325 0.3495233 0.3524592 0.3519342 0.3511794 0.3567792 0.3543982 0.3532532 0.3533909 0.3644807 0.3702200 0.3787524 0.3979715 0.4088959 0.4145122 0.4110237
0.5700232 0.5807334 0.5911295 0.5991434 0.6040140 0.6082663 0.6119451 0.6097221 0.6056639 0.5930207 0.5741146 0.5458436 0.5153842 0.5005483 0.4876643 0.4827251 0.4836802 0.4910656 0.4923879 0.4911579 0.4900232 0.4913866 0.4871190 0.4819232 0.4829719 0.4817025 0.4773707 0.4693503 0.4622713 0.4531763 0.4423398 0.4367740 0.4307122 0.4250402 0.4212001 0.4206223 0.4168947 0.4127592 0.4131178 0.4106482 0.4069787 0.4054745 0.4065465 0.4039650 0.4024992 0.4038384 0.4077348 0.4088745 0.4156611 0.4237801 0.4274530 0.4312564 0.4404932 0.4502565 0.4554374 0.4598037 0.4680221 0.4711785 0.4695612 0.4748508
0.5731536 0.5825621 0.5909135 0.6036947 0.6161655 0.6268962 0.6377026 0.6457011 0.6537131 0.6593303 0.6577046 0.6428525 0.6170817 0.5932567 0.5655390 0.5436705 0.5343143 0.5305580 0.5267111 0.5226677 0.5189932 0.5155868 0.5101836 0.5037626 0.4976640 0.4925085 0.4869361 0.4807028 0.4762845 0.4726358 0.4684645 0.4669200 0.4653248 0.4622987 0.4635038 0.4622370 0.4593283 0.4575399 0.4608497 0.4617126 0.4600195 0.4658881 0.4661519 0.4653321 0.4670377 0.4775319 0.4782589 0.4811944 0.4869694 0.5030417 0.5090907 0.5166044 0.5279329 0.5324008 0.5351088 0.5368550 0.5432690 0.5412011 0.5404284 0.5507073
0.5429178 0.5520738 0.5620693 0.5777371 0.5949090 0.6090280 0.6255883 0.6425838 0.6577045 0.6684737 0.6783148 0.6839594 0.6796919 0.6676187 0.6356530 0.5949925 0.5614622 0.5363783 0.5235024 0.5169697 0.5071785 0.5016901 0.4962949 0.4908896 0.4818637 0.4774178 0.4735612 0.4715828 0.4728225 0.4743848 0.4755623 0.4770496 0.4777174 0.4778190 0.4795138 0.4807958 0.4816384 0.4844156 0.4893313 0.4934028 0.4968851 0.5030151 0.5098748 0.5143988 0.5206524 0.5281358 0.5343112 0.5404371 0.5500266 0.5596069 0.5671573 0.5751797 0.5841799 0.5899613 0.5947663 0.6029771 0.6088446 0.6133946 0.6176382 0.6292226
0.5046951 0.5153202 0.5248051 0.5396370 0.5546382 0.5687840 0.5875034 0.6067806 0.6235059 0.6375047 0.6525184 0.6654984 0.6736149 0.6754754 0.6650244 0.6351352 0.5913921 0.5453349 0.5074516 0.4839904 0.4694688 0.4632995 0.4589240 0.4526624 0.4504065 0.4508076 0.4513824 0.4518913 0.4549669 0.4582729 0.4596397 0.4622670 0.4639115 0.4663027 0.4673744 0.4704283 0.4752182 0.4806655 0.4881628 0.4956791 0.5035730 0.5094518 0.5171503 0.5252719 0.5325860 0.5413453 0.5506434 0.5590713 0.5666863 0.5754456 0.5842429 0.5939027 0.6046752 0.6146006 0.6246985 0.6361554 0.6467645 0.6571904 0.6673295 0.6754108
0.4735931 0.4834828 0.4919420 0.5044109 0.5173236 0.5276307 0.5432214 0.5602839 0.5718061 0.5888342 0.6035883 0.6188065 0.6266939 0.6365329 0.6422618 0.6388998 0.6177617 0.5770248 0.5225970 0.4740931 0.4444511 0.4297592 0.4243539 0.4215196 0.4230667 0.4255091 0.4274640 0.4284498 0.4314038 0.4336887 0.4358529 0.4398776 0.4433647 0.4455916 0.4479654 0.4524408 0.4581657 0.4638204 0.4698846 0.4775727 0.4843890 0.4919819 0.5007966 0.5102001 0.5182530 0.5273835 0.5374871 0.5471035 0.5557393 0.5668742 0.5787825 0.5906081 0.6035823 0.6162704 0.6286486 0.6411526 0.6538238 0.6649919 0.6745249 0.6814467
0.4591722 0.4667689 0.4741708 0.4829249 0.4909820 0.4992188 0.5103442 0.5214656 0.5325481 0.5446542 0.5562861 0.5688531 0.5788650 0.5896630 0.6009159 0.6078299 0.6119843 0.6045776 0.5762004 0.5355016 0.4818280 0.4369769 0.4153939 0.4089364 0.4091446 0.4104571 0.4115535 0.4143704 0.4172856 0.4203290 0.4222868 0.4271084 0.4310283 0.4352427 0.4383537 0.4417911 0.4465191 0.4509456 0.4559130 0.4618122 0.4678316 0.4753855 0.4838730 0.4928635 0.5008549 0.5100349 0.5198342 0.5301526 0.5404760 0.5528636 0.5650885 0.5771812 0.5904143 0.6035434 0.6155795 0.6272994 0.6398482 0.6500331 0.6572167 0.6627552
0.4602892 0.4651744 0.4702178 0.4755554 0.4811407 0.4858998 0.4923726 0.4986902 0.5038996 0.5111335 0.5198660 0.5308311 0.5419138 0.5575076 0.5740987 0.5898644 0.6058096 0.6189550 0.6248549 0.6182279 0.5814913 0.5224692 0.4682466 0.4331110 0.4177255 0.4151591 0.4163949 0.4187149 0.4213183 0.4252491 0.4296401 0.4333414 0.4377723 0.4428027 0.4458779 0.4486536 0.4531165 0.4565827 0.4596400 0.4631709 0.4683475 0.4747648 0.4816340 0.4893431 0.4970105 0.5048475 0.5132602 0.5227654 0.5332390 0.5440097 0.5552230 0.5657200 0.5771922 0.5895511 0.6017473 0.6125601 0.6248301 0.6335254 0.6378647 0.6405228
0.4644089 0.4664542 0.4686440 0.4712732 0.4736430 0.4756643 0.4782178 0.4808014 0.4843735 0.4902496 0.4981464 0.5076326 0.5204762 0.5378411 0.5584203 0.5793846 0.6024759 0.6258662 0.6480601 0.6671588 0.6764969 0.6594961 0.6179256 0.5448957 0.4787089 0.4464095 0.4413828 0.4397949 0.4409203 0.4460119 0.4495634 0.4532402 0.4570101 0.4636479 0.4673621 0.4707415 0.4774744 0.4803408 0.4835753 0.4865190 0.4927706 0.4954963 0.4985533 0.5040462 0.5112592 0.5180604 0.5259175 0.5350996 0.5430387 0.5517767 0.5614670 0.5723808 0.5820940 0.5920028 0.6014745 0.6097486 0.6166299 0.6215963 0.6249748 0.6273522
0.4620231 0.4608622 0.4615369 0.4623195 0.4602198 0.4613870 0.4636427 0.4671247 0.4706289 0.4767115 0.4842961 0.4936582 0.5041757 0.5191115 0.5376813 0.5575555 0.5837822 0.6127884 0.6429864 0.6737662 0.7019349 0.7218594 0.7276059 0.6935743 0.6195467 0.5416330 0.4925449 0.4718492 0.4683502 0.4708221 0.4730958 0.4767071 0.4820437 0.4875894 0.4921512 0.4968044 0.5040718 0.5090515 0.5138202 0.5205570 0.5255721 0.5265477 0.5272980 0.5323683 0.5370615 0.5414925 0.5485369 0.5541963 0.5592387 0.5653776 0.5734503 0.5811571 0.5880046 0.5946161 0.6003055 0.6060970 0.6112767 0.6146928 0.6191041 0.6242242
0.4315320 0.4278725 0.4284584 0.4292425 0.4255215 0.4279962 0.4331053 0.4363493 0.4411733 0.4489863 0.4585341 0.4670435 0.4772788 0.4903494 0.5026517 0.5200245 0.5428856 0.5704611 0.5947886 0.6294886 0.6697366 0.7031014 0.7357143 0.7567727 0.7413401 0.6931541 0.6125769 0.5392262 0.5008381 0.4941523 0.4930655 0.4951231 0.5006069 0.5051501 0.5100322 0.5152210 0.5223711 0.5280061 0.5339572 0.5407123 0.5478905 0.5515967 0.5537705 0.5564379 0.5585517 0.5607230 0.5629003 0.5650021 0.5673101 0.5702391 0.5730298 0.5771401 0.5807609 0.5833523 0.5860321 0.5906769 0.5964173 0.6014811 0.6101614 0.6199923
