simulation_files/asc/Depth____326.0.asc
NCOLS        79
NROWS        79
XLLCENTER         -1.500000
YLLCENTER         -4.800000
CELLSIZE           0.100
NODATA_VALUE     -9999.0
[rows 0 to 25 of 79, columns 0 to 58 of 79]
-9999.000 -9999.000 -9999.000 -9999.000 -9999.000 -9999.000 -9999.000 -9999.000 -9999.000 -9999.000 -9999.000 -9999.000 -9999.000 -9999.000 -9999.000 0.6774706 0.6778432 0.6778618 0.6777411 0.6775493 0.6773160 0.6770562 0.6767949 0.6765342 0.6762834 0.6760486 0.6758248 0.6755778 0.6752005 0.6751527 0.6751527 -9999.000 -9999.000 -9999.000 -9999.000 -9999.000 -9999.000 -9999.000 -9999.000 -9999.000 -9999.000 -9999.000 -9999.000 -9999.000 -9999.000 -9999.000 -9999.000 -9999.000 -9999.000 -9999.000 -9999.000 -9999.000 -9999.000 -9999.000 -9999.000 -9999.000 -9999.000 -9999.000 -9999.000
-9999.000 -9999.000 -9999.000 -9999.000 -9999.000 -9999.000 -9999.000 -9999.000 -9999.000 -9999.000 -9999.000 -9999.000 -9999.000 -9999.000 -9999.000 0.6792285 0.6795866 0.6796009 0.6795020 0.6793485 0.6791647 0.6789622 0.6787615 0.6785630 0.6783742 0.6781996 0.6780347 0.6778486 0.6775454 0.6775792 0.6775792 -9999.000 -9999.000 -9999.000 -9999.000 -9999.000 -9999.000 -9999.000 -9999.000 -9999.000 -9999.000 -9999.000 -9999.000 -9999.000 -9999.000 -9999.000 -9999.000 -9999.000 -9999.000 -9999.000 -9999.000 -9999.000 -9999.000 -9999.000 -9999.000 -9999.000 -9999.000 -9999.000 -9999.000
-9999.000 -9999.000 -9999.000 -9999.000 -9999.000 -9999.000 -9999.000 -9999.000 -9999.000 -9999.000 -9999.000 -9999.000 -9999.000 -9999.000 -9999.000 0.6811470 0.6815350 0.6815562 0.6814628 0.6813156 0.6811391 0.6809452 0.6807547 0.6805670 0.6803892 0.6802250 0.6800684 0.6798856 0.6795751 0.6796044 0.6796044 -9999.000 -9999.000 -9999.000 -9999.000 -9999.000 -9999.000 -9999.000 -9999.000 -9999.000 -9999.000 -9999.000 -9999.000 -9999.000 -9999.000 -9999.000 -9999.000 -9999.000 -9999.000 -9999.000 -9999.000 -9999.000 -9999.000 -9999.000 -9999.000 -9999.000 -9999.000 -9999.000 -9999.000
-9999.000 -9999.000 -9999.000 -9999.000 -9999.000 -9999.000 -9999.000 -9999.000 -9999.000 -9999.000 -9999.000 -9999.000 -9999.000 -9999.000 -9999.000 0.6831152 0.6835208 0.6835443 0.6834512 0.6833041 0.6831278 0.6829343 0.6827452 0.6825590 0.6823827 0.6822200 0.6820636 0.6818777 0.6815534 0.6815609 0.6815609 -9999.000 -9999.000 -9999.000 -9999.000 -9999.000 -9999.000 -9999.000 -9999.000 -9999.000 -9999.000 -9999.000 -9999.000 -9999.000 -9999.000 -9999.000 -9999.000 -9999.000 -9999.000 -9999.000 -9999.000 -9999.000 -9999.000 -9999.000 -9999.000 -9999.000 -9999.000 -9999.000 -9999.000
-9999.000 -9999.000 -9999.000 -9999.000 -9999.000 -9999.000 -9999.000 -9999.000 -9999.000 -9999.000 -9999.000 -9999.000 -9999.000 -9999.000 -9999.000 0.6851044 0.6855220 0.6855454 0.6854500 0.6852998 0.6851202 0.6849231 0.6847311 0.6845418 0.6843628 0.6841974 0.6840374 0.6838444 0.6835010 0.6834721 0.6834721 -9999.000 -9999.000 -9999.000 -9999.000 -9999.000 -9999.000 -9999.000 -9999.000 -9999.000 -9999.000 -9999.000 -9999.000 -9999.000 -9999.000 -9999.000 -9999.000 -9999.000 -9999.000 -9999.000 -9999.000 -9999.000 -9999.000 -9999.000 -9999.000 -9999.000 -9999.000 -9999.000 -9999.000
-9999.000 -9999.000 -9999.000 -9999.000 -9999.000 -9999.000 -9999.000 -9999.000 -9999.000 -9999.000 -9999.000 -9999.000 -9999.000 -9999.000 -9999.000 0.6871012 0.6875279 0.6875498 0.6874506 0.6872957 0.6871110 0.6869081 0.6867114 0.6865168 0.6863328 0.6861625 0.6859970 0.6857941 0.6854267 0.6853467 0.6853467 -9999.000 -9999.000 -9999.000 -9999.000 -9999.000 -9999.000 -9999.000 -9999.000 -9999.000 -9999.000 -9999.000 -9999.000 -9999.000 -9999.000 -9999.000 -9999.000 -9999.000 -9999.000 -9999.000 -9999.000 -9999.000 -9999.000 -9999.000 -9999.000 -9999.000 -9999.000 -9999.000 -9999.000
-9999.000 -9999.000 -9999.000 -9999.000 -9999.000 -9999.000 -9999.000 -9999.000 -9999.000 -9999.000 -9999.000 -9999.000 -9999.000 -9999.000 -9999.000 0.6890989 0.6895331 0.6895525 0.6894484 0.6892880 0.6890972 0.6888876 0.6886851 0.6884840 0.6882938 0.6881175 0.6879449 0.6877299 0.6873334 0.6871852 0.6871852 -9999.000 -9999.000 -9999.000 -9999.000 -9999.000 -9999.000 -9999.000 -9999.000 -9999.000 -9999.000 -9999.000 -9999.000 -9999.000 -9999.000 -9999.000 -9999.000 -9999.000 -9999.000 -9999.000 -9999.000 -9999.000 -9999.000 -9999.000 -9999.000 -9999.000 -9999.000 -9999.000 -9999.000
-9999.000 -9999.000 -9999.000 -9999.000 -9999.000 -9999.000 -9999.000 -9999.000 -9999.000 -9999.000 -9999.000 -9999.000 -9999.000 -9999.000 -9999.000 0.6910936 0.6915346 0.6915504 0.6914406 0.6912742 0.6910768 0.6908598 0.6906510 0.6904427 0.6902455 0.6900623 0.6898815 0.6896522 0.6892208 0.6889825 0.6889825 -9999.000 -9999.000 -9999.000 -9999.000 -9999.000 -9999.000 -9999.000 -9999.000 -9999.000 -9999.000 -9999.000 -9999.000 -9999.000 -9999.000 -9999.000 -9999.000 -9999.000 -9999.000 -9999.000 -9999.000 -9999.000 -9999.000 -9999.000 -9999.000 -9999.000 -9999.000 -9999.000 -9999.000
-9999.000 -9999.000 -9999.000 -9999.000 -9999.000 -9999.000 -9999.000 -9999.000 -9999.000 -9999.000 -9999.000 -9999.000 -9999.000 -9999.000 -9999.000 0.6930830 0.6935303 0.6935415 0.6934255 0.6932526 0.6930479 0.6928231 0.6926078 0.6923916 0.6921868 0.6919962 0.6918061 0.6915600 0.6910868 0.6907288 0.6907288 -9999.000 -9999.000 -9999.000 -9999.000 -9999.000 -9999.000 -9999.000 -9999.000 -9999.000 -9999.000 -9999.000 -9999.000 -9999.000 -9999.000 -9999.000 -9999.000 -9999.000 -9999.000 -9999.000 -9999.000 -9999.000 -9999.000 -9999.000 -9999.000 -9999.000 -9999.000 -9999.000 -9999.000
-9999.000 -9999.000 -9999.000 -9999.000 -9999.000 -9999.000 -9999.000 -9999.000 -9999.000 -9999.000 -9999.000 -9999.000 -9999.000 -9999.000 -9999.000 0.6950648 0.6955184 0.6955241 0.6954010 0.6952210 0.6950089 0.6947757 0.6945537 0.6943290 0.6941161 0.6939173 0.6937168 0.6934509 0.6929275 0.6924092 0.6924092 -9999.000 -9999.000 -9999.000 -9999.000 -9999.000 -9999.000 -9999.000 -9999.000 -9999.000 -9999.000 -9999.000 -9999.000 -9999.000 -9999.000 -9999.000 -9999.000 -9999.000 -9999.000 -9999.000 -9999.000 -9999.000 -9999.000 -9999.000 -9999.000 -9999.000 -9999.000 -9999.000 -9999.000
-9999.000 -9999.000 -9999.000 -9999.000 -9999.000 -9999.000 -9999.000 -9999.000 -9999.000 -9999.000 -9999.000 -9999.000 -9999.000 -9999.000 -9999.000 0.6970367 0.6974969 0.6974958 0.6973648 0.6971774 0.6969573 0.6967152 0.6964863 0.6962525 0.6960309 0.6958232 0.6956108 0.6953213 0.6947369 0.6940007 0.6940007 -9999.000 -9999.000 -9999.000 -9999.000 -9999.000 -9999.000 -9999.000 -9999.000 -9999.000 -9999.000 -9999.000 -9999.000 -9999.000 -9999.000 -9999.000 -9999.000 -9999.000 -9999.000 -9999.000 -9999.000 -9999.000 -9999.000 -9999.000 -9999.000 -9999.000 -9999.000 -9999.000 -9999.000
-9999.000 -9999.000 -9999.000 -9999.000 -9999.000 -9999.000 -9999.000 -9999.000 -9999.000 -9999.000 -9999.000 -9999.000 -9999.000 -9999.000 -9999.000 0.6989955 0.6994630 0.6994541 0.6993142 0.6991187 0.6988902 0.6986385 0.6984026 0.6981586 0.6979276 0.6977100 0.6974837 0.6971658 0.6965067 0.6954687 0.6954687 -9999.000 -9999.000 -9999.000 -9999.000 -9999.000 -9999.000 -9999.000 -9999.000 -9999.000 -9999.000 -9999.000 -9999.000 -9999.000 -9999.000 -9999.000 -9999.000 -9999.000 -9999.000 -9999.000 -9999.000 -9999.000 -9999.000 -9999.000 -9999.000 -9999.000 -9999.000 -9999.000 -9999.000
-9999.000 -9999.000 -9999.000 -9999.000 -9999.000 -9999.000 -9999.000 -9999.000 -9999.000 -9999.000 -9999.000 -9999.000 -9999.000 -9999.000 -9999.000 0.7009366 0.7014130 0.7013949 0.7012451 0.7010409 0.7008033 0.7005413 0.7002980 0.7000428 0.6998011 0.6995721 0.6993292 0.6989763 0.6982242 0.6967587 0.6967587 -9999.000 -9999.000 -9999.000 -9999.000 -9999.000 -9999.000 -9999.000 -9999.000 -9999.000 -9999.000 -9999.000 -9999.000 -9999.000 -9999.000 -9999.000 -9999.000 -9999.000 -9999.000 -9999.000 -9999.000 -9999.000 -9999.000 -9999.000 -9999.000 -9999.000 -9999.000 -9999.000 -9999.000
-9999.000 -9999.000 -9999.000 -9999.000 -9999.000 -9999.000 -9999.000 -9999.000 -9999.000 -9999.000 -9999.000 -9999.000 -9999.000 -9999.000 -9999.000 0.7028324 0.7033299 0.7033072 0.7031508 0.7029402 0.7026943 0.7024214 0.7021701 0.7019013 0.7016467 0.7014035 0.7011396 0.7007418 0.6998720 0.6977861 0.6977861 -9999.000 -9999.000 -9999.000 -9999.000 -9999.000 -9999.000 -9999.000 -9999.000 -9999.000 -9999.000 -9999.000 -9999.000 -9999.000 -9999.000 -9999.000 -9999.000 -9999.000 -9999.000 -9999.000 -9999.000 -9999.000 -9999.000 -9999.000 -9999.000 -9999.000 -9999.000 -9999.000 -9999.000
-9999.000 -9999.000 -9999.000 -9999.000 -9999.000 -9999.000 -9999.000 -9999.000 -9999.000 -9999.000 -9999.000 -9999.000 -9999.000 -9999.000 -9999.000 0.6998252 0.7038772 0.7055629 0.7059949 0.7057819 0.7054744 0.7050962 0.7047248 0.7043222 0.7039371 0.7035718 0.7031878 0.7026361 0.7014677 0.6977491 0.6977491 -9999.000 -9999.000 -9999.000 -9999.000 -9999.000 -9999.000 -9999.000 -9999.000 -9999.000 -9999.000 -9999.000 -9999.000 -9999.000 -9999.000 -9999.000 -9999.000 -9999.000 -9999.000 -9999.000 -9999.000 -9999.000 -9999.000 -9999.000 -9999.000 -9999.000 -9999.000 -9999.000 -9999.000
0.7694366 0.7694366 0.7740334 0.7594950 0.7521142 0.7521142 0.7488087 0.7435908 0.7435908 0.7392665 0.7392665 0.7356392 0.7340328 0.7325383 0.7311080 0.7311080 0.7082185 0.7070017 0.7064400 0.7071318 0.7083110 0.7098779 0.7122639 0.7145945 0.7170494 0.7193822 0.7210096 0.7203664 0.7132732 0.6833704 0.6833704 0.4771332 0.4421717 0.4221740 0.4155457 0.4155457 0.4055801 0.4055801 0.4099672 0.4099672 0.4219322 0.4725261 0.4725261 0.5768462 0.5768462 0.6160702 0.6160702 0.6160702 0.6144879 0.6144879 0.6039146 0.6039146 0.5902449 0.5902449 0.5762412 0.5762412 0.5635290 0.5635290 0.5635290
0.7666851 0.7666851 0.7727676 0.7576737 0.7513879 0.7513879 0.7478678 0.7425522 0.7425522 0.7382386 0.7382386 0.7346306 0.7330329 0.7315463 0.7301244 0.7301244 0.7102351 0.7055629 0.7013811 0.6980068 0.6952910 0.6933218 0.6923833 0.6922456 0.6929717 0.6944619 0.6964222 0.6981247 0.6978060 0.6851146 0.6851146 0.5449606 0.4919332 0.4403219 0.4260861 0.4260861 0.4104111 0.4104111 0.4137935 0.4137935 0.4249350 0.4688804 0.4688804 0.5513677 0.5513677 0.6139416 0.6139416 0.6139416 0.6143906 0.6143906 0.6042264 0.6042264 0.5906413 0.5906413 0.5767478 0.5767478 0.5640796 0.5640796 0.5640796
0.7656615 0.7656615 0.7717295 0.7573109 0.7516534 0.7516534 0.7479803 0.7425197 0.7425197 0.7381892 0.7381892 0.7345827 0.7329842 0.7314957 0.7300668 0.7300668 0.7116805 0.7039554 0.6966060 0.6900836 0.6844957 0.6799352 0.6765922 0.6743746 0.6732929 0.6732987 0.6742024 0.6754667 0.6756935 0.6680107 0.6680107 0.5781661 0.5234040 0.4582136 0.4389355 0.4389355 0.4200488 0.4200488 0.4271216 0.4271216 0.4400674 0.4796319 0.4796319 0.5402232 0.5402232 0.6070216 0.6070216 0.6070216 0.6117659 0.6117659 0.6032581 0.6032581 0.5902521 0.5902521 0.5766070 0.5766070 0.5640928 0.5640928 0.5640928
0.7656978 0.7656978 0.7698316 0.7571232 0.7518982 0.7518982 0.7481237 0.7425160 0.7425160 0.7381709 0.7381709 0.7345755 0.7329811 0.7314951 0.7300589 0.7300589 0.7123469 0.7018980 0.6915454 0.6820531 0.6737485 0.6667853 0.6613039 0.6572629 0.6546221 0.6533118 0.6531716 0.6537905 0.6540961 0.6491386 0.6491386 0.5918410 0.5431570 0.4756810 0.4548373 0.4548373 0.4383148 0.4383148 0.4523773 0.4523773 0.4665523 0.4979257 0.4979257 0.5358530 0.5358530 0.5945629 0.5945629 0.5945629 0.6045397 0.6045397 0.5994399 0.5994399 0.5881113 0.5881113 0.5753307 0.5753307 0.5634153 0.5634153 0.5634153
0.7654718 0.7654718 0.7685512 0.7570213 0.7520953 0.7520953 0.7482541 0.7425128 0.7425128 0.7381527 0.7381527 0.7345690 0.7329792 0.7314958 0.7300478 0.7300478 0.7118960 0.6989399 0.6857644 0.6734441 0.6624883 0.6531353 0.6455275 0.6396666 0.6355022 0.6329458 0.6318391 0.6318407 0.6321163 0.6291381 0.6291381 0.5925947 0.5526862 0.4910617 0.4732218 0.4732218 0.4674287 0.4674287 0.4887071 0.4887071 0.5009038 0.5188696 0.5188696 0.5359715 0.5359715 0.5791801 0.5791801 0.5791801 0.5930685 0.5930685 0.5925017 0.5925017 0.5840714 0.5840714 0.5729943 0.5729943 0.5622471 0.5622471 0.5622471
0.7653098 0.7653098 0.7676501 0.7569615 0.7522376 0.7522376 0.7483561 0.7425100 0.7425100 0.7381369 0.7381369 0.7345632 0.7329773 0.7314965 0.7300298 0.7300298 0.7100543 0.6946446 0.6788083 0.6638392 0.6503671 0.6386989 0.6289976 0.6213003 0.6155726 0.6117293 0.6096233 0.6089675 0.6091107 0.6075708 0.6075708 0.5847294 0.5542262 0.5058971 0.4968116 0.4968116 0.5087425 0.5087425 0.5307433 0.5307433 0.5366359 0.5385373 0.5385373 0.5389973 0.5389973 0.5642346 0.5642346 0.5642346 0.5790245 0.5790245 0.5827420 0.5827420 0.5780455 0.5780455 0.5695272 0.5695272 0.5606036 0.5606036 0.5606036
0.7652127 0.7652127 0.7671147 0.7569306 0.7523242 0.7523242 0.7484210 0.7425084 0.7425084 0.7381261 0.7381261 0.7345595 0.7329760 0.7314969 0.7300025 0.7300025 0.7065354 0.6885661 0.6701754 0.6527447 0.6369499 0.6231274 0.6114506 0.6019787 0.5946966 0.5895363 0.5863725 0.5849721 0.5848396 0.5842927 0.5842927 0.5708525 0.5500786 0.5251026 0.5312510 0.5312510 0.5594437 0.5594437 0.5705332 0.5705332 0.5677115 0.5551766 0.5551766 0.5438055 0.5438055 0.5520598 0.5520598 0.5520598 0.5644768 0.5644768 0.5709703 0.5709703 0.5701438 0.5701438 0.5648644 0.5648644 0.5584403 0.5584403 0.5584403
0.7651803 0.7651803 0.7669373 0.7569211 0.7523533 0.7523533 0.7484433 0.7425077 0.7425077 0.7381225 0.7381225 0.7345582 0.7329757 0.7314972 0.7299624 0.7299624 0.7009652 0.6801928 0.6592882 0.6395777 0.6216969 0.6059594 0.5925199 0.5814365 0.5727041 0.5662707 0.5620372 0.5598249 0.5592841 0.5594187 0.5594187 0.5529862 0.5434248 0.5569147 0.5811529 0.5811529 0.6104807 0.6104807 0.6021357 0.6021357 0.5916294 0.5688534 0.5688534 0.5496376 0.5496376 0.5435506 0.5435506 0.5435506 0.5511934 0.5511934 0.5583294 0.5583294 0.5607581 0.5607581 0.5590577 0.5590577 0.5557324 0.5557324 0.5557324
0.7652128 0.7652128 0.7671147 0.7569306 0.7523242 0.7523242 0.7484210 0.7425082 0.7425082 0.7381262 0.7381262 0.7345595 0.7329761 0.7314970 0.7299049 0.7299049 0.6928019 0.6688735 0.6454449 0.6236373 0.6039513 0.5866132 0.5717193 0.5592957 0.5493267 0.5417668 0.5365392 0.5335163 0.5325097 0.5333166 0.5333166 0.5336331 0.5404163 0.6086080 0.6423715 0.6423715 0.6512296 0.6512296 0.6246067 0.6246067 0.6092460 0.5802496 0.5802496 0.5558964 0.5558964 0.5384908 0.5384908 0.5384908 0.5402564 0.5402564 0.5460201 0.5460201 0.5505524 0.5505524 0.5523429 0.5523429 0.5525290 0.5525290 0.5525290
0.7653100 0.7653100 0.7676503 0.7569617 0.7522377 0.7522377 0.7483560 0.7425101 0.7425101 0.7381369 0.7381369 0.7345635 0.7329773 0.7314966 0.7298239 0.7298239 0.6812150 0.6537069 0.6277370 0.6040512 0.5829075 0.5643719 0.5484337 0.5350524 0.5241777 0.5157540 0.5097160 0.5059862 0.5046280 0.5069160 0.5069160 0.5178787 0.5534192 0.6759503 0.6990360 0.6990360 0.6776711 0.6776711 0.6402673 0.6402673 0.6224701 0.5898581 0.5898581 0.5620506 0.5620506 0.5361065 0.5361065 0.5361065 0.5320269 0.5320269 0.5350382 0.5350382 0.5403627 0.5403627 0.5451638 0.5451638 0.5489938 0.5489938 0.5489938
0.7654718 0.7654718 0.7685515 0.7570214 0.7520953 0.7520953 0.7482539 0.7425127 0.7425127 0.7381529 0.7381529 0.7345691 0.7329792 0.7314960 0.7297109 0.7297109 0.6648745 0.6333634 0.6049131 0.5796802 0.5575492 0.5383437 0.5218948 0.5080612 0.4967343 0.4878313 0.4812862 0.4770881 0.4759300 0.4831264 0.4831264 0.5181241 0.5995809 0.7376095 0.7354260 0.7354260 0.6933355 0.6933355 0.6515442 0.6515442 0.6326782 0.5978296 0.5978296 0.5676515 0.5676515 0.5355040 0.5355040 0.5355040 0.5263336 0.5263336 0.5260211 0.5260211 0.5310428 0.5310428 0.5381297 0.5381297 0.5454145 0.5454145 0.5454145
