simulation_files/asc/Depth____86.0.asc
NCOLS       411
NROWS       131
XLLCENTER    2538020.000000
YLLCENTER    1152390.000000
CELLSIZE           1.000
NODATA_VALUE     -9999.0
[rows 26 to 51 of 131, columns 240 to 299 of 411]
1.332399 1.441438 1.515561 1.561313 1.582270 1.592343 1.593093 1.591679 1.588055 1.571814 1.576584 1.565316 1.511095 1.257499 0.9459146 0.8675449 0.8834176 0.9095797 0.9211762 0.8956236 0.8381097 0.7701568 0.7160123 0.6999007 0.6779860 0.6494200 0.6094664 0.5782055 0.5533244 0.5337873 0.5119416 0.5002721 0.4944735 0.4967539 0.5017058 0.5034976 0.5060933 0.5134937 0.5209887 0.5188226 0.5235211 0.5291644 0.5290424 0.5331958 0.5414161 0.5507153 0.5537105 0.5611865 0.5698886 0.5685519 0.5717598 0.5799048 0.5894981 0.5892046 0.5970840 0.6038828 0.6027259 0.6027275 0.6071841 0.6114297
1.310224 1.445901 1.522089 1.560036 1.584966 1.604501 1.616241 1.632645 1.644837 1.640630 1.625566 1.591875 1.544461 1.403871 1.058279 0.8522081 0.8412698 0.8564987 0.8903919 0.9105923 0.8965294 0.8509411 0.7851683 0.7227308 0.6954048 0.6750483 0.6589749 0.6379466 0.5996276 0.5659424 0.5373705 0.5021348 0.4728742 0.4526419 0.4428903 0.4339036 0.4352895 0.4393858 0.4438388 0.4407718 0.4451773 0.4474165 0.4437275 0.4497622 0.4571784 0.4623623 0.4625883 0.4692344 0.4754504 0.4775684 0.4770535 0.4855215 0.4913562 0.4965788 0.5073785 0.5167150 0.5209269 0.5250141 0.5330456 0.5357381
1.276271 1.441259 1.527760 1.561963 1.592182 1.620660 1.649711 1.686992 1.709131 1.716388 1.696568 1.655433 1.617036 1.538517 1.223722 0.9069396 0.8449108 0.8428896 0.8517113 0.8912413 0.9232489 0.9197895 0.8802536 0.7956310 0.7282866 0.6727476 0.6700453 0.6687224 0.6563932 0.6385772 0.6145025 0.5759863 0.5310409 0.4822799 0.4432416 0.4172251 0.3981085 0.3889286 0.3815672 0.3786939 0.3788752 0.3803895 0.3783220 0.3807182 0.3848656 0.3829626 0.3862290 0.3901016 0.3942907 0.3914196 0.3972998 0.4050060 0.4100149 0.4155100 0.4258341 0.4373138 0.4419772 0.4556716 0.4690445 0.4789776
1.222719 1.459478 1.534013 1.575272 1.610490 1.645248 1.688413 1.737495 1.763356 1.769901 1.751615 1.710229 1.674205 1.624922 1.368766 1.039537 0.8829118 0.8649642 0.8598649 0.8671667 0.9040752 0.9363755 0.9356959 0.8841746 0.8092574 0.7198034 0.6685872 0.6569443 0.6651192 0.6703963 0.6617962 0.6563583 0.6218773 0.5974206 0.5549683 0.5023782 0.4512428 0.4084765 0.3802516 0.3598201 0.3483308 0.3419453 0.3377991 0.3365028 0.3362644 0.3343356 0.3363672 0.3393726 0.3409102 0.3426859 0.3472542 0.3518089 0.3545255 0.3584766 0.3657428 0.3713166 0.3806920 0.3945360 0.4088746 0.4177102
1.045696 1.474799 1.548077 1.596002 1.635126 1.668616 1.714382 1.758892 1.783208 1.787667 1.770729 1.743922 1.718827 1.693944 1.471893 1.047880 0.9286988 0.9092398 0.8923374 0.8792877 0.8907923 0.9245699 0.9499407 0.9549025 0.9263800 0.8468016 0.7335130 0.6546627 0.6533930 0.6662223 0.6790495 0.6838437 0.6773780 0.6652924 0.6541010 0.6253486 0.5798171 0.5211589 0.4772004 0.4277315 0.3898246 0.3712068 0.3497241 0.3348835 0.3266869 0.3231967 0.3210403 0.3212890 0.3223380 0.3243623 0.3271858 0.3307165 0.3309251 0.3316934 0.3319970 0.3343883 0.3362842 0.3443926 0.3528781 0.3579142
-9999.000 -9999.000 1.575600 1.622354 1.662835 1.695627 1.737452 1.769551 1.783727 1.785490 1.778679 1.761405 1.745795 1.714733 1.559450 1.190604 0.9912493 0.9622596 0.9408820 0.9180927 0.9063922 0.9233668 0.9515153 0.9754849 0.9915840 0.9644692 0.8824972 0.7316476 0.6809319 0.6664860 0.6854195 0.6997194 0.7088884 0.7110661 0.7057625 0.6898995 0.6638962 0.6264310 0.6000893 0.5538741 0.5076658 0.4746172 0.4361140 0.3981640 0.3724266 0.3565504 0.3411357 0.3303780 0.3242213 0.3204332 0.3188947 0.3181929 0.3161714 0.3129827 0.3092206 0.3049756 0.3035260 0.3073069 0.3107081 0.3118135
-9999.000 -9999.000 -9999.000 -9999.000 1.692336 1.731221 1.773337 1.795183 1.798830 1.791017 1.785023 1.773208 1.756122 1.715580 1.559968 1.320066 1.091213 1.017055 0.9965404 0.9696018 0.9473711 0.9351278 0.9527575 0.9860443 1.015045 1.029682 1.010844 0.8920967 0.7856650 0.7024021 0.7037510 0.7095104 0.7199489 0.7332850 0.7304805 0.7225868 0.7043533 0.6841583 0.6633123 0.6426344 0.6167846 0.5877188 0.5561291 0.5148107 0.4812730 0.4410754 0.4097265 0.3812294 0.3593085 0.3345024 0.3166305 0.3071249 0.2960476 0.2878070 0.2814100 0.2750014 0.2757636 0.2799255 0.2824823 0.2808810
-9999.000 -9999.000 -9999.000 -9999.000 -9999.000 1.765459 1.813446 1.836312 1.825988 1.807873 1.795658 1.775640 1.751368 1.710245 1.592114 1.378582 1.202787 1.082345 1.048206 1.020050 0.9842721 0.9615172 0.9664679 0.9903307 1.031081 1.072680 1.097151 1.079216 0.9579755 0.8183214 0.7469728 0.7171845 0.7161943 0.7236751 0.7322616 0.7389651 0.7334542 0.7340976 0.7222593 0.7141517 0.7002565 0.6754763 0.6433825 0.6129843 0.5825579 0.5426710 0.5014868 0.4723710 0.4438828 0.4077555 0.3665295 0.3318794 0.3001396 0.2754067 0.2620306 0.2578375 0.2597878 0.2633465 0.2640252 0.2640212
-9999.000 -9999.000 -9999.000 -9999.000 -9999.000 -9999.000 -9999.000 1.854238 1.838088 1.819539 1.804610 1.776697 1.736973 1.680991 1.585634 1.480783 1.308675 1.140200 1.081536 1.054935 1.028021 1.003948 0.9895326 1.000015 1.043753 1.105318 1.146877 1.180147 1.105885 0.9829080 0.8425505 0.7483171 0.7213260 0.7130652 0.7250184 0.7405178 0.7486597 0.7567440 0.7604822 0.7665108 0.7513145 0.7288621 0.7019620 0.6732525 0.6561647 0.6193439 0.5690065 0.5341721 0.5059419 0.4802833 0.4505146 0.4211721 0.3784274 0.3328811 0.2975612 0.2780296 0.2645463 0.2612774 0.2610273 0.2627274
-9999.000 -9999.000 -9999.000 -9999.000 -9999.000 -9999.000 -9999.000 -9999.000 -9999.000 1.817667 1.802327 1.773334 1.722885 1.667166 1.606290 1.557689 1.403617 1.235045 1.123094 1.080275 1.065868 1.052167 1.031866 1.023820 1.049201 1.093259 1.149169 1.192311 1.188416 1.105783 0.9720479 0.8444288 0.7750835 0.7292489 0.7298534 0.7371385 0.7547664 0.7686221 0.7724601 0.7775629 0.7833059 0.7777199 0.7571682 0.7279446 0.6967547 0.6672966 0.6297186 0.5912168 0.5521026 0.5216373 0.5046774 0.4936505 0.4802776 0.4565472 0.4341280 0.3818854 0.3240912 0.2852461 0.2704977 0.2699852
-9999.000 -9999.000 -9999.000 -9999.000 -9999.000 -9999.000 -9999.000 -9999.000 -9999.000 -9999.000 1.786427 1.758762 1.729702 1.686174 1.627592 1.570312 1.477699 1.327401 1.189712 1.112035 1.093801 1.089889 1.075330 1.046129 1.032922 1.046322 1.099720 1.154728 1.201283 1.171383 1.087822 0.9639171 0.8677866 0.8036655 0.7544338 0.7424573 0.7467867 0.7674064 0.7803992 0.7875842 0.7950500 0.7964541 0.7939230 0.7695768 0.7418737 0.7138991 0.6851533 0.6603787 0.6250485 0.5842998 0.5562133 0.5414768 0.5373689 0.5393580 0.5422338 0.5225998 0.4702319 0.4058537 0.3447921 0.3045264
-9999.000 -9999.000 -9999.000 -9999.000 -9999.000 -9999.000 -9999.000 -9999.000 -9999.000 -9999.000 -9999.000 -9999.000 1.717604 1.683871 1.627964 1.572365 1.509510 1.398465 1.259236 1.154214 1.118928 1.104650 1.090723 1.059308 1.021493 0.9845356 1.020485 1.078995 1.156201 1.184897 1.167404 1.080940 0.9698846 0.8928061 0.8422353 0.7912920 0.7520088 0.7535004 0.7686712 0.7813990 0.7859173 0.7861950 0.7924080 0.7917434 0.7823826 0.7716660 0.7460451 0.7314367 0.7055812 0.6715676 0.6355049 0.5987728 0.5800806 0.5754658 0.5718184 0.5838070 0.5874512 0.5672717 0.5150870 0.4460003
-9999.000 -9999.000 -9999.000 -9999.000 -9999.000 -9999.000 -9999.000 -9999.000 -9999.000 -9999.000 -9999.000 -9999.000 -9999.000 -9999.000 1.618768 1.580703 1.524369 1.461245 1.330660 1.208481 1.147146 1.120404 1.088094 1.062054 1.030810 0.9671122 0.9330137 0.9710550 1.065713 1.129792 1.179493 1.177122 1.049411 0.9487861 0.9145529 0.8706906 0.8092046 0.7470957 0.7307327 0.7380417 0.7523099 0.7620085 0.7742931 0.7952458 0.8099112 0.8164246 0.8041171 0.7892134 0.7686162 0.7459312 0.7265655 0.6934398 0.6447992 0.6227291 0.6118961 0.5974455 0.5989341 0.6087317 0.6199620 0.6144115
-9999.000 -9999.000 -9999.000 -9999.000 -9999.000 -9999.000 -9999.000 -9999.000 -9999.000 -9999.000 -9999.000 -9999.000 -9999.000 -9999.000 -9999.000 -9999.000 1.533809 1.468505 1.352541 1.240517 1.183302 1.154821 1.112560 1.058719 1.053959 1.001404 0.8916729 0.8346470 0.9023279 1.018264 1.109966 1.199833 1.144081 1.005948 0.9054769 0.8848190 0.8635222 0.7945920 0.7246020 0.6892612 0.7093070 0.7258146 0.7565817 0.7754954 0.8002622 0.8231696 0.8277540 0.8244581 0.8137607 0.7950156 0.7724557 0.7406731 0.7090000 0.6739599 0.6583340 0.6377867 0.6268532 0.6258723 0.6353736 0.6517099
-9999.000 -9999.000 -9999.000 -9999.000 -9999.000 -9999.000 -9999.000 -9999.000 -9999.000 -9999.000 -9999.000 -9999.000 -9999.000 -9999.000 -9999.000 -9999.000 -9999.000 1.448830 1.341921 1.270206 1.246687 1.210437 1.145252 1.065394 1.034237 0.9984338 0.9021908 0.6953620 0.6734380 0.8086855 0.9645153 1.102713 1.144871 1.056601 0.9152762 0.8443427 0.8350454 0.8408575 0.7808851 0.7143007 0.6687379 0.6789291 0.7063496 0.7278514 0.7539944 0.7816270 0.8089709 0.8157625 0.8189611 0.8065074 0.7917880 0.7771497 0.7532213 0.7218293 0.6985379 0.6856944 0.6734624 0.6647145 0.6602611 0.6585979
-9999.000 -9999.000 -9999.000 -9999.000 -9999.000 -9999.000 -9999.000 -9999.000 -9999.000 -9999.000 -9999.000 -9999.000 -9999.000 -9999.000 -9999.000 -9999.000 -9999.000 -9999.000 -9999.000 1.310055 1.291522 1.238798 1.149070 1.039524 0.9825261 0.9341590 0.8343658 0.5766304 0.4382885 0.5246870 0.6923645 0.8282099 0.9932744 1.047981 0.9710068 0.8247246 0.7772283 0.8022967 0.8094526 0.7764252 0.6896858 0.6412080 0.6358398 0.6534991 0.6804634 0.7053204 0.7412097 0.7592963 0.7853073 0.7850738 0.7816506 0.7742271 0.7664403 0.7534695 0.7266443 0.7139737 0.6948222 0.6899781 0.6702757 0.6364369
-9999.000 -9999.000 -9999.000 -9999.000 -9999.000 -9999.000 -9999.000 -9999.000 -9999.000 -9999.000 -9999.000 -9999.000 -9999.000 -9999.000 -9999.000 -9999.000 -9999.000 -9999.000 -9999.000 -9999.000 1.276532 1.207248 1.091130 0.9724532 0.8839758 0.7966462 0.6673555 0.4296166 0.2730006 0.2715588 0.3300775 0.4302764 0.7567971 0.8855384 0.9376381 0.8385629 0.7437601 0.7061232 0.7453142 0.7728176 0.7534250 0.6586200 0.5825399 0.5717372 0.5922390 0.6156577 0.6510841 0.6862065 0.7302479 0.7557694 0.7663893 0.7670742 0.7545464 0.7449447 0.7205316 0.6863112 0.6484843 0.6336434 0.5962850 0.5610496
-9999.000 -9999.000 -9999.000 -9999.000 -9999.000 -9999.000 -9999.000 -9999.000 -9999.000 -9999.000 -9999.000 -9999.000 -9999.000 -9999.000 -9999.000 -9999.000 -9999.000 -9999.000 -9999.000 -9999.000 -9999.000 -9999.000 1.003311 0.8842136 0.7596237 0.6431544 0.4271357 0.2728168 0.9639306E-01 0.8805278E-01 0.1334867 0.2233193 0.3668889 0.5940846 0.7501830 0.7578044 0.7039211 0.6233815 0.6264973 0.6744330 0.7479470 0.6951377 0.5959909 0.5153644 0.5118348 0.5289520 0.5659859 0.6094991 0.6564292 0.7072328 0.7237852 0.7246443 0.7087616 0.6815237 0.6625714 0.6217012 0.5821649 0.5483848 0.5378826 0.5280273
-9999.000 -9999.000 -9999.000 -9999.000 -9999.000 -9999.000 -9999.000 -9999.000 -9999.000 -9999.000 -9999.000 -9999.000 -9999.000 -9999.000 -9999.000 -9999.000 -9999.000 -9999.000 -9999.000 -9999.000 -9999.000 -9999.000 -9999.000 -9999.000 0.6574176 0.4843521 0.2934632 -9999.000 -9999.000 -9999.000 -9999.000 -9999.000 -9999.000 0.2973271 0.4494962 0.5173981 0.5374806 0.5172164 0.4545447 0.5212433 0.6310249 0.6834206 0.6563990 0.5345927 0.4547155 0.4545005 0.4826911 0.5120961 0.5505778 0.5942483 0.6270048 0.6406245 0.6461279 0.6306146 0.6201202 0.5971374 0.5724129 0.5263051 0.5190495 0.5177142
-9999.000 -9999.000 -9999.000 -9999.000 -9999.000 -9999.000 -9999.000 -9999.000 -9999.000 -9999.000 -9999.000 -9999.000 -9999.000 -9999.000 -9999.000 -9999.000 -9999.000 -9999.000 -9999.000 -9999.000 -9999.000 -9999.000 -9999.000 -9999.000 -9999.000 0.3072251 -9999.000 -9999.000 -9999.000 -9999.000 -9999.000 -9999.000 -9999.000 -9999.000 -9999.000 0.2599683 0.3279134 0.2746881 0.2332780 0.2777176 0.4192532 0.5445646 0.6329344 0.5965695 0.4380447 0.3791914 0.3870134 0.4025363 0.4307386 0.4654214 0.5194166 0.5651540 0.6029538 0.6168781 0.6250516 0.6179068 0.6068000 0.5813359 0.5453296 0.5128063
-9999.000 -9999.000 -9999.000 -9999.000 -9999.000 -9999.000 -9999.000 -9999.000 -9999.000 -9999.000 -9999.000 -9999.000 -9999.000 -9999.000 -9999.000 -9999.000 -9999.000 -9999.000 -9999.000 -9999.000 -9999.000 -9999.000 -9999.000 -9999.000 -9999.000 -9999.000 -9999.000 -9999.000 -9999.000 -9999.000 -9999.000 -9999.000 -9999.000 -9999.000 -9999.000 -9999.000 -9999.000 0.1101553 -9999.000 0.1002060 0.1873834 0.3229571 0.4656640 0.5765253 0.4563578 0.3447191 0.3094295 0.3186279 0.3378270 0.3628296 0.4192655 0.4672405 0.5365482 0.5783657 0.6146780 0.6260195 0.6288525 0.6237906 0.5909077 0.5508733
-9999.000 -9999.000 -9999.000 -9999.000 -9999.000 -9999.000 -9999.000 -9999.000 -9999.000 -9999.000 -9999.000 -9999.000 -9999.000 -9999.000 -9999.000 -9999.000 -9999.000 -9999.000 -9999.000 -9999.000 -9999.000 -9999.000 -9999.000 -9999.000 -9999.000 -9999.000 -9999.000 -9999.000 -9999.000 -9999.000 -9999.000 -9999.000 -9999.000 -9999.000 -9999.000 -9999.000 -9999.000 -9999.000 -9999.000 0.3623151E-01 -9999.000 0.9411473E-01 0.2226108 0.3465834 0.3950281 0.3376702 0.2613432 0.2536626 0.2635347 0.2795028 0.3149556 0.3630197 0.4300282 0.4963103 0.5583228 0.5961039 0.6221912 0.6356903 0.6293402 0.6106756
-9999.000 -9999.000 -9999.000 -9999.000 -9999.000 -9999.000 -9999.000 -9999.000 -9999.000 -9999.000 -9999.000 -9999.000 -9999.000 -9999.000 -9999.000 -9999.000 -9999.000 -9999.000 -9999.000 -9999.000 -9999.000 -9999.000 -9999.000 -9999.000 -9999.000 -9999.000 -9999.000 -9999.000 -9999.000 -9999.000 -9999.000 -9999.000 -9999.000 -9999.000 -9999.000 -9999.000 -9999.000 -9999.000 -9999.000 -9999.000 -9999.000 -9999.000 -9999.000 0.1458083 0.2242765 0.2354591 0.2181644 0.1905943 0.1885319 0.2009704 0.2242782 0.2552595 0.3029129 0.3686386 0.4445584 0.5174410 0.5713537 0.6172705 0.6323402 0.6354073
-9999.000 -9999.000 -9999.000 -9999.000 -9999.000 -9999.000 -9999.000 -9999.000 -9999.000 -9999.000 -9999.000 -9999.000 -9999.000 -9999.000 -9999.000 -9999.000 -9999.000 -9999.000 -9999.000 -9999.000 -9999.000 -9999.000 -9999.000 -9999.000 -9999.000 -9999.000 -9999.000 -9999.000 -9999.000 -9999.000 -9999.000 -9999.000 -9999.000 -9999.000 -9999.000 -9999.000 -9999.000 -9999.000 -9999.000 -9999.000 -9999.000 -9999.000 -9999.000 -9999.000 -9999.000 0.9979966E-01 0.1192151 0.1202806 0.1185620 0.1199772 0.1395325 0.1582772 0.1848467 0.2320521 0.2808165 0.3835057 0.4441328 0.5301121 0.5663822 0.5962674
-9999.000 -9999.000 -9999.000 -9999.000 -9999.000 -9999.000 -9999.000 -9999.000 -9999.000 -9999.000 -9999.000 -9999.000 -9999.000 -9999.000 -9999.000 -9999.000 -9999.000 -9999.000 -9999.000 -9999.000 -9999.000 -9999.000 -9999.000 -9999.000 -9999.000 -9999.000 -9999.000 -9999.000 -9999.000 -9999.000 -9999.000 -9999.000 -9999.000 -9999.000 -9999.000 -9999.000 -9999.000 -9999.000 -9999.000 -9999.000 -9999.000 -9999.000 -9999.000 -9999.000 -9999.000 -9999.000 0.3394824E-01 0.4720304E-01 0.6111694E-01 0.5137063E-01 0.6076811E-01 0.6503842E-01 0.8062945E-01 0.1021016 0.1259475 0.1831637 0.2491454 0.3321261 0.4061932 0.4651961
-9999.000 -9999.000 -9999.000 -9999.000 -9999.000 -9999.000 -9999.000 -9999.000 -9999.000 -9999.000 -9999.000 -9999.000 -9999.000 -9999.000 -9999.000 -9999.000 -9999.000 -9999.000 -9999.000 -9999.000 -9999.000 -9999.000 -9999.000 -9999.000 -9999.000 -9999.000 -9999.000 -9999.000 -9999.000 -9999.000 -9999.000 -9999.000 -9999.000 -9999.000 -9999.000 -9999.000 -9999.000 -9999.000 -9999.000 -9999.000 -9999.000 -9999.000 -9999.000 -9999.000 -9999.000 -9999.000 -9999.000 -9999.000 -9999.000 -9999.000 0.1877252E-01 0.1988831E-01 -9999.000 0.2932506E-01 0.3858859E-01 0.3895119E-01 0.7415929E-01 0.1201147 0.2148250 0.2844514
