simulation_files/asc/Depth____625.0.asc
NCOLS       216
NROWS       273
XLLCENTER        494.688995
YLLCENTER        787.867981
CELLSIZE           0.500
NODATA_VALUE     -9999.0
[rows 162 to 188 of 273, columns 118 to 176 of 216]
2.000508 2.676720 2.874979 2.911258 2.921230 2.929692 2.707126 2.134810 1.588054 -9999.000 0.2063684 0.8507196E-01 0.1127729 0.1566428 0.1380093 0.1259074 0.1508789 0.1644549 0.1867424 0.1936388 0.1886832 0.1485153 0.1031176 0.1102640 0.1393144 0.1451841 0.1095037 0.7071491E-01 -9999.000 -9999.000 -9999.000 -9999.000 -9999.000 -9999.000 -9999.000 -9999.000 -9999.000 -9999.000 -9999.000 -9999.000 -9999.000 -9999.000 -9999.000 -9999.000 -9999.000 -9999.000 -9999.000 -9999.000 -9999.000 -9999.000 -9999.000 -9999.000 -9999.000 -9999.000 -9999.000 -9999.000 -9999.000 -9999.000 -9999.000
1.662384 2.584177 2.868546 2.901369 2.900186 2.491313 1.780827 1.094216 -9999.000 0.1858701 0.1410212 0.1219962 0.1291170 0.1218303 0.1365463 0.1481022 0.1530833 0.1523627 0.1862596 0.2101912 0.2126962 0.1561773 0.1136574 0.1212186 0.1592306 0.1731450 0.1500142 0.1046073 0.4600423E-01 -9999.000 -9999.000 -9999.000 -9999.000 -9999.000 -9999.000 -9999.000 -9999.000 -9999.000 -9999.000 -9999.000 -9999.000 -9999.000 -9999.000 -9999.000 -9999.000 -9999.000 -9999.000 -9999.000 -9999.000 -9999.000 -9999.000 -9999.000 -9999.000 -9999.000 -9999.000 -9999.000 -9999.000 -9999.000 -9999.000
1.263354 2.291206 2.747232 2.889280 2.466471 1.571207 -9999.000 0.1901152 0.1374046 0.1060608 0.1209026 0.1078708 0.1018542 0.9029261E-01 0.1155106 0.1414834 0.1379815 0.1393833 0.1628316 0.1959491 0.2024667 0.1384501 0.1043519 0.1229194 0.1662153 0.1733500 0.1381740 0.1069105 0.4767233E-01 -9999.000 -9999.000 -9999.000 -9999.000 -9999.000 -9999.000 -9999.000 -9999.000 -9999.000 -9999.000 -9999.000 -9999.000 -9999.000 -9999.000 -9999.000 -9999.000 -9999.000 -9999.000 -9999.000 -9999.000 -9999.000 -9999.000 -9999.000 -9999.000 -9999.000 -9999.000 -9999.000 -9999.000 -9999.000 -9999.000
-9999.000 1.481082 2.303922 2.407721 1.621931 -9999.000 0.1209419 0.1343173 0.1079957 0.7700998E-01 0.6629869E-01 0.6759421E-01 0.8203444E-01 0.8154503E-01 0.1063659 0.1368109 0.1444155 0.1631135 0.1873211 0.2137128 0.1707370 0.1128770 0.9563780E-01 0.1131215 0.1550125 0.1541466 0.1408305 0.1062854 0.5939309E-01 0.2466424E-01 -9999.000 -9999.000 -9999.000 -9999.000 -9999.000 -9999.000 -9999.000 -9999.000 -9999.000 -9999.000 -9999.000 -9999.000 -9999.000 -9999.000 -9999.000 -9999.000 -9999.000 -9999.000 -9999.000 -9999.000 -9999.000 -9999.000 -9999.000 -9999.000 -9999.000 -9999.000 -9999.000 -9999.000 -9999.000
-9999.000 0.6588708 1.360918 1.265847 -9999.000 0.1506397 0.1585499 0.1395803 0.1268092 0.9435134E-01 0.5845332E-01 0.5408518E-01 0.6650055E-01 0.6632209E-01 0.1108313 0.1653428 0.1966658 0.2217478 0.2442598 0.2136614 0.1318918 0.1241729 0.1216950 0.1308843 0.1530466 0.1652267 0.1557671 0.1298791 0.9793008E-01 0.5567367E-01 -9999.000 -9999.000 0.1836429E-01 -9999.000 -9999.000 -9999.000 -9999.000 -9999.000 -9999.000 -9999.000 -9999.000 -9999.000 -9999.000 -9999.000 -9999.000 -9999.000 -9999.000 -9999.000 -9999.000 -9999.000 -9999.000 -9999.000 -9999.000 -9999.000 -9999.000 -9999.000 -9999.000 -9999.000 -9999.000
-9999.000 -9999.000 -9999.000 0.3009737 0.1679311 0.1911494 0.1637669 0.1557625 0.1594650 0.1305113 0.1023403 0.8810716E-01 0.7678206E-01 0.7391817E-01 0.1310078 0.2094084 0.2259136 0.2365510 0.2375646 0.1636105 0.9320327E-01 0.1338634 0.1438107 0.1580916 0.1647723 0.1343449 0.1276596 0.1257716 0.1129714 0.7750964E-01 -9999.000 -9999.000 -9999.000 -9999.000 -9999.000 -9999.000 -9999.000 -9999.000 -9999.000 -9999.000 -9999.000 -9999.000 -9999.000 -9999.000 -9999.000 -9999.000 -9999.000 -9999.000 -9999.000 -9999.000 -9999.000 -9999.000 -9999.000 -9999.000 -9999.000 -9999.000 -9999.000 -9999.000 -9999.000
-9999.000 -9999.000 -9999.000 0.8045981E-01 0.1825273 0.1888243 0.1887490 0.1946823 0.1994067 0.1812916 0.1648878 0.1482883 0.1189836 0.1069361 0.1358646 0.1822372 0.1935811 0.1939515 0.1620187 0.1359361 0.9584965E-01 0.1259235 0.1470967 0.1650526 0.1612814 0.1078511 0.8849470E-01 0.1109863 0.1212174 0.1002092 0.4979323E-01 0.1879092E-01 -9999.000 -9999.000 -9999.000 -9999.000 -9999.000 -9999.000 -9999.000 -9999.000 -9999.000 -9999.000 -9999.000 -9999.000 -9999.000 -9999.000 -9999.000 -9999.000 -9999.000 -9999.000 -9999.000 -9999.000 -9999.000 -9999.000 -9999.000 -9999.000 -9999.000 -9999.000 -9999.000
-9999.000 -9999.000 -9999.000 0.8046961E-01 0.1102345 0.1434420 0.1943280 0.2200040 0.2032398 0.1799694 0.1669385 0.1719216 0.1472358 0.1153005 0.1045792 0.8743179E-01 0.1224228 0.1129971 0.1274490 0.1675292 0.1367445 0.1539760 0.1834739 0.2106048 0.2025735 0.1422270 0.1045299 0.1121728 0.1263676 0.1222436 0.7834414E-01 0.3981491E-01 0.3377234E-01 -9999.000 -9999.000 -9999.000 -9999.000 -9999.000 -9999.000 -9999.000 -9999.000 -9999.000 -9999.000 -9999.000 -9999.000 -9999.000 -9999.000 -9999.000 -9999.000 -9999.000 -9999.000 -9999.000 -9999.000 -9999.000 -9999.000 -9999.000 -9999.000 -9999.000 -9999.000
-9999.000 -9999.000 -9999.000 -9999.000 0.7506345E-01 0.1240623 0.1867884 0.2038096 0.1973575 0.1803756 0.1577906 0.1349631 0.1059586 0.8552144E-01 0.9073869E-01 0.1145956 0.1300318 0.1126118 0.1275586 0.1483916 0.1344406 0.1678819 0.2333991 0.2735302 0.2568572 0.1809153 0.1213843 0.1228405 0.1363921 0.1485587 0.1078285 0.6972277E-01 0.5675631E-01 0.4759719E-01 -9999.000 -9999.000 -9999.000 -9999.000 -9999.000 -9999.000 -9999.000 -9999.000 -9999.000 -9999.000 -9999.000 -9999.000 -9999.000 -9999.000 -9999.000 -9999.000 -9999.000 -9999.000 -9999.000 -9999.000 -9999.000 -9999.000 -9999.000 -9999.000 -9999.000
-9999.000 -9999.000 -9999.000 -9999.000 -9999.000 0.8775690E-01 0.1289831 0.1670892 0.1970059 0.2173116 0.1585555 0.8469083E-01 0.5047371E-01 0.4464685E-01 0.8406809E-01 0.1503284 0.1872223 0.2024028 0.1492859 0.8744939E-01 0.7476371E-01 0.1436655 0.2512823 0.2892795 0.2451163 0.1723729 0.1359803 0.1558849 0.1800428 0.1865898 0.1360768 0.1058020 0.1084137 0.8829682E-01 0.6861503E-01 0.5979163E-01 -9999.000 0.2333843E-01 -9999.000 -9999.000 -9999.000 -9999.000 -9999.000 -9999.000 -9999.000 -9999.000 -9999.000 -9999.000 -9999.000 -9999.000 -9999.000 -9999.000 -9999.000 -9999.000 -9999.000 -9999.000 -9999.000 -9999.000 -9999.000
-9999.000 -9999.000 -9999.000 -9999.000 -9999.000 0.5542790E-01 0.6427119E-01 0.1202813 0.1803332 0.2044587 0.1686487 0.1006943 0.6813603E-01 0.7006100E-01 0.1042741 0.1653794 0.1998779 0.2310324 0.1924225 0.1151740 0.9515295E-01 0.1569792 0.2406952 0.2550131 0.2179710 0.1568624 0.1341294 0.1429624 0.1764940 0.1981409 0.1602515 0.1499137 0.1633691 0.1531009 0.1031474 0.8438723E-01 0.7731095E-01 0.5128868E-01 -9999.000 -9999.000 -9999.000 -9999.000 -9999.000 -9999.000 -9999.000 -9999.000 -9999.000 -9999.000 -9999.000 -9999.000 -9999.000 -9999.000 -9999.000 -9999.000 -9999.000 -9999.000 -9999.000 -9999.000 -9999.000
-9999.000 -9999.000 -9999.000 -9999.000 -9999.000 -9999.000 0.7849239E-01 0.1147533 0.1610195 0.1817526 0.1870349 0.1558158 0.1118170 0.1088876 0.1357764 0.1689424 0.1940614 0.2401342 0.2464058 0.2084166 0.1953819 0.1983851 0.2076859 0.2197021 0.1595671 0.1277671 0.1102456 0.1025222 0.1241439 0.1657977 0.1515337 0.1556920 0.1748962 0.1677886 0.1371054 0.1091326 0.1102350 0.9763759E-01 0.4621628E-01 -9999.000 -9999.000 -9999.000 -9999.000 -9999.000 -9999.000 -9999.000 -9999.000 -9999.000 -9999.000 -9999.000 -9999.000 -9999.000 -9999.000 -9999.000 -9999.000 -9999.000 -9999.000 -9999.000 -9999.000
-9999.000 -9999.000 -9999.000 -9999.000 -9999.000 -9999.000 0.1000022 0.1088592 0.1390457 0.1800207 0.2082694 0.1880985 0.1395373 0.1060327 0.1137799 0.1385259 0.1737142 0.2353047 0.2572080 0.2571480 0.2705657 0.2107189 0.1689899 0.1523629 0.1304159 0.1108273 0.9610570E-01 0.1001880 0.1230786 0.1527037 0.1361011 0.1240188 0.1348107 0.1479784 0.1321692 0.1055039 0.1157228 0.1125603 0.7037858E-01 0.3128977E-01 -9999.000 -9999.000 -9999.000 -9999.000 -9999.000 -9999.000 -9999.000 -9999.000 -9999.000 -9999.000 -9999.000 -9999.000 -9999.000 -9999.000 -9999.000 -9999.000 -9999.000 -9999.000 -9999.000
-9999.000 -9999.000 -9999.000 -9999.000 -9999.000 -9999.000 -9999.000 0.5834797E-01 0.9553171E-01 0.1713731 0.2195797 0.1992335 0.1449823 0.8045082E-01 0.6136959E-01 0.7130507E-01 0.1234919 0.2185079 0.2286687 0.2107944 0.1853983 0.1433353 0.1307490 0.1689672 0.1980072 0.1369462 0.1135806 0.1279753 0.1473863 0.1708077 0.1626074 0.1334138 0.1249355 0.1386182 0.1177025 0.7135701E-01 0.7267507E-01 0.1032567 0.9520352E-01 0.7601538E-01 -9999.000 -9999.000 -9999.000 -9999.000 -9999.000 -9999.000 -9999.000 -9999.000 -9999.000 -9999.000 -9999.000 -9999.000 -9999.000 -9999.000 -9999.000 -9999.000 -9999.000 -9999.000 -9999.000
-9999.000 -9999.000 -9999.000 -9999.000 -9999.000 -9999.000 -9999.000 -9999.000 0.5099373E-01 0.1284314 0.1853908 0.1830815 0.1220383 0.5115654E-01 0.2721783E-01 0.3191704E-01 0.7577930E-01 0.1520920 0.1494675 0.1213310 0.9587665E-01 0.1016599 0.1291513 0.2084675 0.2427673 0.1892891 0.1769402 0.1896324 0.1980994 0.2101426 0.2238290 0.2219079 0.1712649 0.1374196 0.8417129E-01 0.3591534E-01 0.6796078E-01 0.1155641 0.1283567 0.9167784E-01 -9999.000 -9999.000 -9999.000 -9999.000 -9999.000 -9999.000 -9999.000 -9999.000 -9999.000 -9999.000 -9999.000 -9999.000 -9999.000 -9999.000 -9999.000 -9999.000 -9999.000 -9999.000 -9999.000
-9999.000 -9999.000 -9999.000 -9999.000 -9999.000 -9999.000 -9999.000 -9999.000 0.2373932E-01 0.7375890E-01 0.1397656 0.1587953 0.1232308 0.5248203E-01 0.2298428E-01 -9999.000 -9999.000 0.7235716E-01 0.8957146E-01 0.9199400E-01 0.1156724 0.1173685 0.1250892 0.2005254 0.2448185 0.2282203 0.2209317 0.2237173 0.2017533 0.1961158 0.2467056 0.2535417 0.2250083 0.1573458 0.6877116E-01 0.5752603E-01 0.1036272 0.1212603 0.1110492 0.8649611E-01 0.4381893E-01 -9999.000 -9999.000 -9999.000 -9999.000 -9999.000 -9999.000 -9999.000 -9999.000 -9999.000 -9999.000 -9999.000 -9999.000 -9999.000 -9999.000 -9999.000 -9999.000 -9999.000 -9999.000
-9999.000 -9999.000 -9999.000 -9999.000 -9999.000 -9999.000 -9999.000 -9999.000 -9999.000 0.6087502E-01 0.1334276 0.1590475 0.1429388 0.9074186E-01 0.4114194E-01 0.2123714E-01 0.1546191E-01 0.3724416E-01 0.5586298E-01 0.7640188E-01 0.1127541 0.1473168 0.1486514 0.1906037 0.2431032 0.2342600 0.2119888 0.1818013 0.1116804 0.1164646 0.1953227 0.2150149 0.2133921 0.1648260 0.1148980 0.1256138 0.1362076 0.1264866 0.1107385 0.1196215 0.9456842E-01 -9999.000 -9999.000 -9999.000 -9999.000 -9999.000 -9999.000 -9999.000 -9999.000 -9999.000 -9999.000 -9999.000 -9999.000 -9999.000 -9999.000 -9999.000 -9999.000 -9999.000 -9999.000
-9999.000 -9999.000 -9999.000 -9999.000 -9999.000 -9999.000 -9999.000 -9999.000 -9999.000 -9999.000 0.9685024E-01 0.1305689 0.1450191 0.1206782 0.7703078E-01 0.3264074E-01 0.1569760E-01 0.1894065E-01 0.3506624E-01 0.5749986E-01 0.1035120 0.1641061 0.1727674 0.1864950 0.2385771 0.2131033 0.1663463 0.1069667 0.1042151 0.1291679 0.1479186 0.1541921 0.1625912 0.1400664 0.1376996 0.1688478 0.1637404 0.1406663 0.1506835 0.1675581 0.1283379 -9999.000 -9999.000 -9999.000 -9999.000 -9999.000 -9999.000 -9999.000 -9999.000 -9999.000 -9999.000 -9999.000 -9999.000 -9999.000 -9999.000 -9999.000 -9999.000 -9999.000 -9999.000
-9999.000 -9999.000 -9999.000 -9999.000 -9999.000 -9999.000 -9999.000 -9999.000 -9999.000 -9999.000 0.6314601E-01 0.1079024 0.1419473 0.1543056 0.1118880 0.5641486E-01 0.2352270E-01 0.1673422E-01 0.2843390E-01 0.4678614E-01 0.8251872E-01 0.1327129 0.1444366 0.1777590 0.2081668 0.1729674 0.1107404 0.7816311E-01 0.1341442 0.1790551 0.1673628 0.1404450 0.1411977 0.1256610 0.1323002 0.1798257 0.1707097 0.1434323 0.1611544 0.1949227 0.1555252 0.8922480E-01 -9999.000 -9999.000 -9999.000 -9999.000 -9999.000 -9999.000 -9999.000 -9999.000 -9999.000 -9999.000 -9999.000 -9999.000 -9999.000 -9999.000 -9999.000 -9999.000 -9999.000
-9999.000 -9999.000 -9999.000 -9999.000 -9999.000 -9999.000 -9999.000 -9999.000 -9999.000 -9999.000 -9999.000 0.5898691E-01 0.1141473 0.1572101 0.1419023 0.8780671E-01 -9999.000 -9999.000 -9999.000 -9999.000 0.4853897E-01 0.8841021E-01 0.1024597 0.1376472 0.1763281 0.1501648 0.1388493 0.1383936 0.1809899 0.2103140 0.2151276 0.1805167 0.1877587 0.1850624 0.1878190 0.2111309 0.1882449 0.1725529 0.1838197 0.2064057 0.1841109 0.1120937 0.6495846E-01 -9999.000 -9999.000 -9999.000 -9999.000 -9999.000 -9999.000 -9999.000 -9999.000 -9999.000 -9999.000 -9999.000 -9999.000 -9999.000 -9999.000 -9999.000 -9999.000
-9999.000 -9999.000 -9999.000 -9999.000 -9999.000 -9999.000 -9999.000 -9999.000 -9999.000 -9999.000 -9999.000 -9999.000 0.6552886E-01 0.1269252 0.1381582 0.1041270 0.5064215E-01 -9999.000 -9999.000 -9999.000 0.3071765E-01 0.4260309E-01 0.3953819E-01 0.7412607E-01 0.1662366 0.1868946 0.1878405 0.2202066 0.2215716 0.2009040 0.2229086 0.2570281 0.2801863 0.3019344 0.2770035 0.2400418 0.2185373 0.2231569 0.2270136 0.2342515 0.2081825 0.1545833 0.1011553 -9999.000 -9999.000 -9999.000 -9999.000 -9999.000 -9999.000 -9999.000 -9999.000 -9999.000 -9999.000 -9999.000 -9999.000 -9999.000 -9999.000 -9999.000 -9999.000
-9999.000 -9999.000 -9999.000 -9999.000 -9999.000 -9999.000 -9999.000 -9999.000 -9999.000 -9999.000 -9999.000 -9999.000 0.5481241E-01 0.1251317 0.1510649 0.1246356 0.7925341E-01 -9999.000 -9999.000 -9999.000 0.2901405E-01 0.3309481E-01 0.2103860E-01 0.5521036E-01 0.1334765 0.1632176 0.1818943 0.2394038 0.2572236 0.2151912 0.2243706 0.2875984 0.3100126 0.3195871 0.3074761 0.2619159 0.2419400 0.2360344 0.2440249 0.2498294 0.2359550 0.2139027 0.1443538 0.5309597E-01 -9999.000 -9999.000 -9999.000 -9999.000 -9999.000 -9999.000 -9999.000 -9999.000 -9999.000 -9999.000 -9999.000 -9999.000 -9999.000 -9999.000 -9999.000
-9999.000 -9999.000 -9999.000 -9999.000 -9999.000 -9999.000 -9999.000 -9999.000 -9999.000 -9999.000 -9999.000 -9999.000 0.5692980E-01 0.1332223 0.1608882 0.1516699 0.1143530 0.5741498E-01 0.2568377E-01 0.2327265E-01 0.3001371E-01 0.2715755E-01 0.2090226E-01 0.4810599E-01 0.8478850E-01 0.9311450E-01 0.1192796 0.1939858 0.2449981 0.2354519 0.2527090 0.2952909 0.2828695 0.2701169 0.2720946 0.2626188 0.2266862 0.2241554 0.2260680 0.2406812 0.2467675 0.2309014 0.1792967 0.9133006E-01 -9999.000 -9999.000 -9999.000 -9999.000 -9999.000 -9999.000 -9999.000 -9999.000 -9999.000 -9999.000 -9999.000 -9999.000 -9999.000 -9999.000 -9999.000
-9999.000 -9999.000 -9999.000 -9999.000 -9999.000 -9999.000 -9999.000 -9999.000 -9999.000 -9999.000 -9999.000 -9999.000 0.5127375E-01 0.1136235 0.1607238 0.1656556 0.1471136 0.9505224E-01 0.3904933E-01 0.3155095E-01 0.3221542E-01 0.3678023E-01 0.4667170E-01 0.6167838E-01 0.6429504E-01 0.5065395E-01 0.7562410E-01 0.1313227 0.1844451 0.2096190 0.2759044 0.2678223 0.2073176 0.2074616 0.2241456 0.1715967 0.1423095 0.1214043 0.1418148 0.1686676 0.1969914 0.2037116 0.1754189 0.1110725 0.8467914E-01 -9999.000 -9999.000 -9999.000 -9999.000 -9999.000 -9999.000 -9999.000 -9999.000 -9999.000 -9999.000 -9999.000 -9999.000 -9999.000 -9999.000
-9999.000 -9999.000 -9999.000 -9999.000 -9999.000 -9999.000 -9999.000 -9999.000 -9999.000 -9999.000 -9999.000 -9999.000 -9999.000 0.8364189E-01 0.1468240 0.1651380 0.1567070 0.1113839 0.6129609E-01 0.3075873E-01 0.2560894E-01 0.3547354E-01 0.5143511E-01 0.5999106E-01 0.4672532E-01 0.6006611E-01 0.1021415 0.1397728 0.1725709 0.2053819 0.2294554 0.1875559 0.1493898 0.2279532 0.2548052 0.1989367 0.1320672 0.1114067 0.1255424 0.1332442 0.1514426 0.1709653 0.1654562 0.1343535 0.9649953E-01 0.5962202E-01 -9999.000 -9999.000 -9999.000 -9999.000 -9999.000 -9999.000 -9999.000 -9999.000 -9999.000 -9999.000 -9999.000 -9999.000 -9999.000
-9999.000 -9999.000 -9999.000 -9999.000 -9999.000 -9999.000 -9999.000 -9999.000 -9999.000 -9999.000 -9999.000 -9999.000 -9999.000 0.8029961E-01 0.1261858 0.1355860 0.1496029 0.1232366 0.6031007E-01 0.2612816E-01 0.1612182E-01 -9999.000 -9999.000 0.3345915E-01 0.4440011E-01 0.7276086E-01 0.1417577 0.1690565 0.1716029 0.1597329 0.1592702 0.1433808 0.1434228 0.2311348 0.2963588 0.2839116 0.2296967 0.1591669 0.1523700 0.1739033 0.1803290 0.1771164 0.1710817 0.1401763 0.9119785E-01 0.4706608E-01 -9999.000 -9999.000 -9999.000 -9999.000 -9999.000 -9999.000 -9999.000 -9999.000 -9999.000 -9999.000 -9999.000 -9999.000 -9999.000
-9999.000 -9999.000 -9999.000 -9999.000 -9999.000 -9999.000 -9999.000 -9999.000 -9999.000 -9999.000 -9999.000 -9999.000 -9999.000 0.7940852E-01 0.1096692 0.1143854 0.1398300 0.1280374 0.7997586E-01 0.4909105E-01 0.2468110E-01 -9999.000 0.1144943E-01 -9999.000 0.3633863E-01 0.5283497E-01 0.9805256E-01 0.1180600 0.1388827 0.1344278 0.1583113 0.1862527 0.1693210 0.2083687 0.2590244 0.2750775 0.2400834 0.1912991 0.1775180 0.1940943 0.1819796 0.1654847 0.1652749 0.1511662 0.1264733 0.8899273E-01 0.7265282E-01 -9999.000 -9999.000 -9999.000 -9999.000 -9999.000 -9999.000 -9999.000 -9999.000 -9999.000 -9999.000 -9999.000 -9999.000
