simulation_files/asc/Depth____151.0.asc
NCOLS       411
NROWS       131
XLLCENTER    2538020.000000
YLLCENTER    1152390.000000
CELLSIZE           1.000
NODATA_VALUE     -9999.0
[rows 27 to 53 of 131, columns 236 to 294 of 411]
1.146100 1.305439 1.566104 1.839001 2.082100 2.300904 2.418853 2.464253 2.479200 2.470234 2.437467 2.396727 2.354785 2.330626 2.356254 2.428579 2.502809 2.540121 2.544373 2.504943 2.190257 1.813346 1.706319 1.689509 1.673391 1.620759 1.453255 1.189032 1.047101 0.9964933 0.9843039 0.9732451 0.9584211 0.9304586 0.8861929 0.8159701 0.7466888 0.6644455 0.5972566 0.5515518 0.5292073 0.5255085 0.5286172 0.5261420 0.5312847 0.5339443 0.5305725 0.5370114 0.5444979 0.5495156 0.5495951 0.5566867 0.5634462 0.5663952 0.5667811 0.5765458 0.5834862 0.5897465 0.6020876
0.9457203 1.090240 1.340266 1.670796 2.064040 2.338146 2.480821 2.516310 2.530545 2.516757 2.482084 2.454979 2.401170 2.349991 2.364438 2.442365 2.542482 2.579259 2.526904 2.335502 1.999627 1.764609 1.711533 1.692320 1.675263 1.662368 1.580998 1.332759 1.124002 1.012117 0.9827057 0.9661411 0.9605900 0.9520268 0.9450009 0.9224854 0.8861759 0.8175750 0.7219270 0.6389216 0.5556584 0.5017885 0.4779705 0.4692170 0.4681262 0.4696946 0.4680785 0.4702608 0.4741584 0.4718715 0.4744091 0.4775036 0.4810793 0.4783645 0.4846444 0.4927091 0.4981211 0.5043029 0.5159379
0.7527479 0.8455750 1.012418 1.297026 2.008790 2.415331 2.538661 2.578648 2.581785 2.558029 2.520512 2.488617 2.410409 2.329323 2.337894 2.470380 2.581543 2.557763 2.386634 2.107276 1.880008 1.780245 1.735991 1.714875 1.694428 1.679109 1.650164 1.466063 1.230181 1.064860 1.010519 0.9755541 0.9566851 0.9510101 0.9506756 0.9467685 0.9339588 0.9273967 0.8901849 0.8370114 0.7356982 0.6242947 0.5403502 0.4756510 0.4439863 0.4325278 0.4277554 0.4272745 0.4278893 0.4271623 0.4293287 0.4310691 0.4317168 0.4327641 0.4366632 0.4407633 0.4435983 0.4480297 0.4560093
0.6419086 0.6691368 0.7117670 0.8195916 1.752139 2.484764 2.601675 2.639114 2.628127 2.588825 2.533233 2.477879 2.369799 2.262330 2.270229 2.459029 2.553377 2.357285 2.072612 1.915921 1.860157 1.834220 1.782847 1.746328 1.723162 1.703468 1.678680 1.627303 1.395275 1.160849 1.065733 1.017145 0.9858727 0.9622106 0.9620904 0.9591940 0.9580509 0.9535341 0.9540221 0.9385389 0.8973617 0.8178513 0.7343835 0.6320552 0.5395580 0.4891318 0.4432291 0.4195784 0.4130588 0.4128733 0.4150452 0.4166254 0.4186026 0.4204670 0.4225176 0.4250864 0.4251705 0.4256591 0.4263694
-9999.000 -9999.000 -9999.000 -9999.000 -9999.000 -9999.000 2.659464 2.686558 2.664604 2.608599 2.530125 2.427390 2.294993 2.165792 2.192897 2.368738 2.348288 2.099637 1.953761 1.926360 1.915876 1.896179 1.840316 1.791302 1.763208 1.750502 1.728297 1.697769 1.562020 1.276079 1.141476 1.083656 1.055401 1.017026 0.9966734 0.9821037 0.9801595 0.9786927 0.9777529 0.9691958 0.9526417 0.9254623 0.8974665 0.8380374 0.7512860 0.6704845 0.5771735 0.4935633 0.4443799 0.4226179 0.4162662 0.4155721 0.4164447 0.4172069 0.4176917 0.4174111 0.4150632 0.4115210 0.4079729
-9999.000 -9999.000 -9999.000 -9999.000 -9999.000 -9999.000 -9999.000 -9999.000 2.672639 2.620083 2.524250 2.416964 2.226303 2.074847 2.111704 2.188816 2.130311 1.945669 1.933050 1.948045 1.960887 1.951182 1.900352 1.836367 1.801630 1.798297 1.782415 1.761855 1.701762 1.500160 1.245212 1.159243 1.143188 1.110823 1.062952 1.013780 0.9998683 0.9949482 0.9906345 0.9849738 0.9726043 0.9612137 0.9474744 0.9286955 0.9004055 0.8560762 0.7879083 0.6890947 0.5934935 0.4914606 0.4350136 0.4164153 0.4114181 0.4095326 0.4075340 0.4018135 0.3963006 0.3907773 0.3857249
-9999.000 -9999.000 -9999.000 -9999.000 -9999.000 -9999.000 -9999.000 -9999.000 -9999.000 2.598562 2.503164 2.384687 2.187079 2.013862 1.960706 2.008774 1.980960 1.918756 1.930560 1.977746 2.007804 2.007851 1.958561 1.890448 1.834419 1.836855 1.832374 1.826925 1.807393 1.679437 1.429284 1.249313 1.214610 1.194175 1.143409 1.074243 1.029070 0.9975598 0.9948504 0.9952604 0.9922327 0.9962098 0.9907180 0.9857000 0.9740945 0.9516248 0.9152037 0.8689261 0.8030832 0.6962623 0.5659847 0.4810426 0.4307099 0.4042503 0.3927609 0.3843746 0.3776042 0.3727693 0.3701685
-9999.000 -9999.000 -9999.000 -9999.000 -9999.000 -9999.000 -9999.000 -9999.000 -9999.000 -9999.000 -9999.000 2.301599 2.112285 1.962143 1.910256 1.939836 1.942120 1.918900 1.939210 2.009740 2.045653 2.038568 1.995702 1.930639 1.874371 1.881358 1.893474 1.894952 1.902325 1.843096 1.624641 1.375171 1.264561 1.233438 1.203252 1.163111 1.095418 1.027227 1.007360 1.004161 1.006817 1.011959 1.017622 1.023908 1.010640 0.9904499 0.9658038 0.9356364 0.9229888 0.8781916 0.7832599 0.6750947 0.5505429 0.4560227 0.4079218 0.3874872 0.3764978 0.3730956 0.3746456
-9999.000 -9999.000 -9999.000 -9999.000 -9999.000 -9999.000 -9999.000 -9999.000 -9999.000 -9999.000 -9999.000 -9999.000 -9999.000 1.931809 1.929576 1.949097 1.928480 1.910699 1.958669 2.039386 2.088227 2.074495 2.029129 1.972813 1.914604 1.919419 1.949875 1.946516 1.953424 1.927566 1.763994 1.527547 1.328116 1.256609 1.230023 1.218774 1.178080 1.104939 1.054194 1.017976 1.013577 1.017473 1.021325 1.028570 1.032355 1.025139 1.004700 0.9790664 0.9498499 0.9298365 0.8991489 0.8511147 0.7664111 0.6435928 0.5448194 0.4620463 0.4144373 0.3990121 0.4007159
-9999.000 -9999.000 -9999.000 -9999.000 -9999.000 -9999.000 -9999.000 -9999.000 -9999.000 -9999.000 -9999.000 -9999.000 -9999.000 -9999.000 1.952488 1.957448 1.943813 1.970355 2.025256 2.111094 2.132164 2.106374 2.060660 2.010573 1.952407 1.934651 1.962585 1.949875 1.945342 1.936188 1.854518 1.653578 1.412721 1.312309 1.243167 1.230045 1.227152 1.202510 1.130358 1.064113 1.022630 1.019679 1.023518 1.028558 1.035199 1.036152 1.033927 1.014176 0.9886985 0.9652225 0.9471690 0.9412260 0.9187181 0.8539486 0.7669257 0.6603642 0.5539072 0.4845545 0.4506533
-9999.000 -9999.000 -9999.000 -9999.000 -9999.000 -9999.000 -9999.000 -9999.000 -9999.000 -9999.000 -9999.000 -9999.000 -9999.000 -9999.000 -9999.000 -9999.000 2.011972 2.059337 2.116514 2.171241 2.166937 2.127683 2.079779 2.033164 1.980895 1.945432 1.931843 1.912894 1.900525 1.899906 1.876299 1.729684 1.493574 1.387366 1.291393 1.230458 1.236344 1.249211 1.232216 1.159429 1.067154 1.024598 1.015660 1.019868 1.025104 1.030120 1.037885 1.042464 1.035266 1.028043 1.006370 0.9984154 0.9897297 0.9764203 0.9481103 0.8824235 0.7866209 0.6874024 0.5614213
-9999.000 -9999.000 -9999.000 -9999.000 -9999.000 -9999.000 -9999.000 -9999.000 -9999.000 -9999.000 -9999.000 -9999.000 -9999.000 -9999.000 -9999.000 -9999.000 -9999.000 -9999.000 2.166102 2.197931 2.187976 2.155920 2.106562 2.055539 1.995421 1.954794 1.911019 1.879660 1.866804 1.859624 1.884739 1.791141 1.546659 1.439615 1.358867 1.246223 1.224101 1.232629 1.266263 1.237130 1.162959 1.063650 1.011527 0.9985985 1.008400 1.019132 1.032984 1.059149 1.076132 1.083219 1.071261 1.056847 1.043164 1.036663 1.031898 1.017068 0.9761404 0.9203735 0.8338205
-9999.000 -9999.000 -9999.000 -9999.000 -9999.000 -9999.000 -9999.000 -9999.000 -9999.000 -9999.000 -9999.000 -9999.000 -9999.000 -9999.000 -9999.000 -9999.000 -9999.000 -9999.000 -9999.000 -9999.000 2.200751 2.173733 2.140126 2.092419 2.036560 1.986414 1.940792 1.891844 1.851985 1.833720 1.869039 1.826654 1.565625 1.400323 1.387272 1.303991 1.209188 1.178317 1.214269 1.233594 1.226689 1.150328 1.046125 0.9865566 0.9898716 1.004621 1.031011 1.051346 1.077816 1.101362 1.104959 1.102744 1.090600 1.079724 1.068005 1.058723 1.045325 1.027948 0.9932323
-9999.000 -9999.000 -9999.000 -9999.000 -9999.000 -9999.000 -9999.000 -9999.000 -9999.000 -9999.000 -9999.000 -9999.000 -9999.000 -9999.000 -9999.000 -9999.000 -9999.000 -9999.000 -9999.000 -9999.000 -9999.000 2.185069 2.157708 2.128826 2.087812 2.037926 1.977625 1.913318 1.851994 1.806629 1.806877 1.767765 1.399169 1.219080 1.270002 1.302140 1.200642 1.122267 1.129632 1.170443 1.209980 1.223524 1.141579 1.045890 0.9772618 0.9812481 1.001017 1.018428 1.044549 1.076009 1.104226 1.112963 1.112902 1.099486 1.085785 1.077606 1.068069 1.060318 1.049394
-9999.000 -9999.000 -9999.000 -9999.000 -9999.000 -9999.000 -9999.000 -9999.000 -9999.000 -9999.000 -9999.000 -9999.000 -9999.000 -9999.000 -9999.000 -9999.000 -9999.000 -9999.000 -9999.000 -9999.000 -9999.000 -9999.000 -9999.000 2.152519 2.116364 2.059796 1.982578 1.907978 1.826126 1.733043 1.672572 1.539020 1.219731 0.9598149 1.028051 1.167016 1.169029 1.087868 1.055065 1.083263 1.140799 1.210473 1.208558 1.146603 1.018867 0.9584917 0.9542677 0.9687217 0.9913477 1.015808 1.051874 1.071933 1.094816 1.089205 1.077728 1.062161 1.049389 1.043823 1.039795
-9999.000 -9999.000 -9999.000 -9999.000 -9999.000 -9999.000 -9999.000 -9999.000 -9999.000 -9999.000 -9999.000 -9999.000 -9999.000 -9999.000 -9999.000 -9999.000 -9999.000 -9999.000 -9999.000 -9999.000 -9999.000 -9999.000 -9999.000 -9999.000 2.098821 2.028076 1.919537 1.811305 1.715755 1.613779 1.481755 1.276161 1.022375 0.7378536 0.7254391 0.8472587 1.056280 1.021696 0.9801462 0.9803247 1.028525 1.103523 1.175383 1.200403 1.124938 0.9853925 0.9042708 0.8989411 0.9120038 0.9270675 0.9564208 0.9854982 1.023047 1.034291 1.029058 1.008600 0.9841723 0.9618302 0.9498514
-9999.000 -9999.000 -9999.000 -9999.000 -9999.000 -9999.000 -9999.000 -9999.000 -9999.000 -9999.000 -9999.000 -9999.000 -9999.000 -9999.000 -9999.000 -9999.000 -9999.000 -9999.000 -9999.000 -9999.000 -9999.000 -9999.000 -9999.000 -9999.000 -9999.000 -9999.000 1.825647 1.703736 1.573896 1.456634 1.239902 1.004081 0.7476123 0.4948993 0.4502717 0.5703557 0.7978383 0.8405730 0.8208274 0.8281346 0.8700863 0.9362732 1.044397 1.116198 1.167272 1.038302 0.8858907 0.8087606 0.8067307 0.8116053 0.8356085 0.8558893 0.8925956 0.9288932 0.9387600 0.9170489 0.9046068 0.8640461 0.8459705
-9999.000 -9999.000 -9999.000 -9999.000 -9999.000 -9999.000 -9999.000 -9999.000 -9999.000 -9999.000 -9999.000 -9999.000 -9999.000 -9999.000 -9999.000 -9999.000 -9999.000 -9999.000 -9999.000 -9999.000 -9999.000 -9999.000 -9999.000 -9999.000 -9999.000 -9999.000 -9999.000 -9999.000 1.464209 1.291998 1.028523 0.7486006 0.4293517 0.2475774 0.1938671 0.2978617 0.4073083 0.5309149 0.6101068 0.5714134 0.5986349 0.6673466 0.7817667 0.9053923 1.049836 1.037943 0.9197899 0.7515302 0.6979312 0.7004943 0.7229604 0.7401700 0.7720308 0.8138464 0.8465649 0.8606952 0.8593131 0.8426726 0.8262265
-9999.000 -9999.000 -9999.000 -9999.000 -9999.000 -9999.000 -9999.000 -9999.000 -9999.000 -9999.000 -9999.000 -9999.000 -9999.000 -9999.000 -9999.000 -9999.000 -9999.000 -9999.000 -9999.000 -9999.000 -9999.000 -9999.000 -9999.000 -9999.000 -9999.000 -9999.000 -9999.000 -9999.000 -9999.000 1.112022 0.7911684 0.4873866 0.2030090 -9999.000 -9999.000 -9999.000 -9999.000 0.1791987 0.2650459 0.2732899 0.2486436 0.2675803 0.4243989 0.5715029 0.7761617 0.8990540 0.9301773 0.8039750 0.6451656 0.6007596 0.6385497 0.6622116 0.6910489 0.7244314 0.7726808 0.8156390 0.8457152 0.8550150 0.8546454
-9999.000 -9999.000 -9999.000 -9999.000 -9999.000 -9999.000 -9999.000 -9999.000 -9999.000 -9999.000 -9999.000 -9999.000 -9999.000 -9999.000 -9999.000 -9999.000 -9999.000 -9999.000 -9999.000 -9999.000 -9999.000 -9999.000 -9999.000 -9999.000 -9999.000 -9999.000 -9999.000 -9999.000 -9999.000 -9999.000 -9999.000 -9999.000 -9999.000 -9999.000 -9999.000 -9999.000 -9999.000 -9999.000 -9999.000 0.7256161E-01 -9999.000 0.6732521E-01 0.1316088 0.2422817 0.4176953 0.6668604 0.8046982 0.8537902 0.6982652 0.5709358 0.5505471 0.5857137 0.6233732 0.6522001 0.7014035 0.7440386 0.7997143 0.8343485 0.8624487
-9999.000 -9999.000 -9999.000 -9999.000 -9999.000 -9999.000 -9999.000 -9999.000 -9999.000 -9999.000 -9999.000 -9999.000 -9999.000 -9999.000 -9999.000 -9999.000 -9999.000 -9999.000 -9999.000 -9999.000 -9999.000 -9999.000 -9999.000 -9999.000 -9999.000 -9999.000 -9999.000 -9999.000 -9999.000 -9999.000 -9999.000 -9999.000 -9999.000 -9999.000 -9999.000 -9999.000 -9999.000 -9999.000 -9999.000 -9999.000 -9999.000 -9999.000 -9999.000 0.1028869 0.2625028 0.3777096 0.5055181 0.7004905 0.7107776 0.6017607 0.4842497 0.4903264 0.5268622 0.5721065 0.6130331 0.6600927 0.7132575 0.7637651 0.8131579
-9999.000 -9999.000 -9999.000 -9999.000 -9999.000 -9999.000 -9999.000 -9999.000 -9999.000 -9999.000 -9999.000 -9999.000 -9999.000 -9999.000 -9999.000 -9999.000 -9999.000 -9999.000 -9999.000 -9999.000 -9999.000 -9999.000 -9999.000 -9999.000 -9999.000 -9999.000 -9999.000 -9999.000 -9999.000 -9999.000 -9999.000 -9999.000 -9999.000 -9999.000 -9999.000 -9999.000 -9999.000 -9999.000 -9999.000 -9999.000 -9999.000 -9999.000 -9999.000 -9999.000 -9999.000 -9999.000 0.2442714 0.3610237 0.5561589 0.5699370 0.4825515 0.4140367 0.4069516 0.4499082 0.5040695 0.5606327 0.6104359 0.6636076 0.7213313
-9999.000 -9999.000 -9999.000 -9999.000 -9999.000 -9999.000 -9999.000 -9999.000 -9999.000 -9999.000 -9999.000 -9999.000 -9999.000 -9999.000 -9999.000 -9999.000 -9999.000 -9999.000 -9999.000 -9999.000 -9999.000 -9999.000 -9999.000 -9999.000 -9999.000 -9999.000 -9999.000 -9999.000 -9999.000 -9999.000 -9999.000 -9999.000 -9999.000 -9999.000 -9999.000 -9999.000 -9999.000 -9999.000 -9999.000 -9999.000 -9999.000 -9999.000 -9999.000 -9999.000 -9999.000 -9999.000 -9999.000 0.1165188 0.2550872 0.3570504 0.4431794 0.3736316 0.3270690 0.3221447 0.3788794 0.4391308 0.5042527 0.5592016 0.5993765
-9999.000 -9999.000 -9999.000 -9999.000 -9999.000 -9999.000 -9999.000 -9999.000 -9999.000 -9999.000 -9999.000 -9999.000 -9999.000 -9999.000 -9999.000 -9999.000 -9999.000 -9999.000 -9999.000 -9999.000 -9999.000 -9999.000 -9999.000 -9999.000 -9999.000 -9999.000 -9999.000 -9999.000 -9999.000 -9999.000 -9999.000 -9999.000 -9999.000 -9999.000 -9999.000 -9999.000 -9999.000 -9999.000 -9999.000 -9999.000 -9999.000 -9999.000 -9999.000 -9999.000 -9999.000 -9999.000 -9999.000 -9999.000 -9999.000 0.1349131 0.2349814 0.2954337 0.2711651 0.2338093 0.2486105 0.2801473 0.3429247 0.4058535 0.4594763
-9999.000 -9999.000 -9999.000 -9999.000 -9999.000 -9999.000 -9999.000 -9999.000 -9999.000 -9999.000 -9999.000 -9999.000 -9999.000 -9999.000 -9999.000 -9999.000 -9999.000 -9999.000 -9999.000 -9999.000 -9999.000 -9999.000 -9999.000 -9999.000 -9999.000 -9999.000 -9999.000 -9999.000 -9999.000 -9999.000 -9999.000 -9999.000 -9999.000 -9999.000 -9999.000 -9999.000 -9999.000 -9999.000 -9999.000 -9999.000 -9999.000 -9999.000 -9999.000 -9999.000 -9999.000 -9999.000 -9999.000 -9999.000 -9999.000 -9999.000 0.6469266E-01 0.1392523 0.1810472 0.1665273 0.1509315 0.1592983 0.1851350 0.2460998 0.2989108
-9999.000 -9999.000 -9999.000 -9999.000 -9999.000 -9999.000 -9999.000 -9999.000 -9999.000 -9999.000 -9999.000 -9999.000 -9999.000 -9999.000 -9999.000 -9999.000 -9999.000 -9999.000 -9999.000 -9999.000 -9999.000 -9999.000 -9999.000 -9999.000 -9999.000 -9999.000 -9999.000 -9999.000 -9999.000 -9999.000 -9999.000 -9999.000 -9999.000 -9999.000 -9999.000 -9999.000 -9999.000 -9999.000 -9999.000 -9999.000 -9999.000 -9999.000 -9999.000 -9999.000 -9999.000 -9999.000 -9999.000 -9999.000 -9999.000 -9999.000 -9999.000 -9999.000 0.8488064E-01 0.1010279 0.9790279E-01 0.9328817E-01 0.9752601E-01 0.1278582 0.1644356
-9999.000 -9999.000 -9999.000 -9999.000 -9999.000 -9999.000 -9999.000 -9999.000 -9999.000 -9999.000 -9999.000 -9999.000 -9999.000 -9999.000 -9999.000 -9999.000 -9999.000 -9999.000 -9999.000 -9999.000 -9999.000 -9999.000 -9999.000 -9999.000 -9999.000 -9999.000 -9999.000 -9999.000 -9999.000 -9999.000 -9999.000 -9999.000 -9999.000 -9999.000 -9999.000 -9999.000 -9999.000 -9999.000 -9999.000 -9999.000 -9999.000 -9999.000 -9999.000 -9999.000 -9999.000 -9999.000 -9999.000 -9999.000 -9999.000 -9999.000 -9999.000 -9999.000 -9999.000 0.5109660E-01 0.6449707E-01 0.6404669E-01 0.5943580E-01 0.7254911E-01 0.8853074E-01
