simulation_files/asc/Depth____480.0.asc
NCOLS       216
NROWS       273
XLLCENTER        494.688995
YLLCENTER        787.867981
CELLSIZE           0.500
NODATA_VALUE     -9999.0
[rows 189 to 215 of 273, columns 118 to 176 of 216]
-9999.000 -9999.000 -9999.000 -9999.000 -9999.000 -9999.000 -9999.000 -9999.000 -9999.000 -9999.000 -9999.000 -9999.000 -9999.000 0.8596591E-01 0.1149557 0.1508148 0.1784702 0.1804522 0.1582278 0.1297822 0.7860521E-01 0.4963334E-01 -9999.000 0.1405989E-01 0.2363438E-01 0.4977519E-01 0.7163794E-01 0.8470388E-01 0.1568476 0.1923883 0.2322306 0.2590345 0.2533087 0.2427931 0.2361724 0.2167623 0.2257217 0.2280753 0.2294065 0.1780512 0.1560749 0.1870537 0.2012396 0.1937890 0.2073438 0.1923020 0.1567931 0.9541573E-01 -9999.000 -9999.000 -9999.000 -9999.000 -9999.000 -9999.000 -9999.000 -9999.000 -9999.000 -9999.000 -9999.000
-9999.000 -9999.000 -9999.000 -9999.000 -9999.000 -9999.000 -9999.000 -9999.000 -9999.000 -9999.000 -9999.000 -9999.000 -9999.000 -9999.000 0.7609147E-01 0.1196433 0.1611022 0.1803905 0.1834065 0.1703679 0.1137510 0.7049077E-01 0.3447178E-01 0.1077741E-01 -9999.000 0.2517835E-01 0.3760334E-01 0.7331434E-01 0.1445692 0.1959680 0.2342856 0.2615882 0.2518429 0.2497192 0.2631606 0.2471397 0.2400939 0.2707482 0.2333709 0.1948668 0.2200939 0.2442398 0.2405322 0.2310488 0.2492997 0.2346864 0.2027805 0.1275290 0.3426101E-01 -9999.000 -9999.000 -9999.000 -9999.000 -9999.000 -9999.000 -9999.000 -9999.000 -9999.000 -9999.000
-9999.000 -9999.000 -9999.000 -9999.000 -9999.000 -9999.000 -9999.000 -9999.000 -9999.000 -9999.000 -9999.000 -9999.000 -9999.000 -9999.000 -9999.000 0.7422549E-01 0.1233247 0.1615372 0.1941669 0.1981559 0.1566530 0.1129401 0.7247938E-01 0.3182396E-01 0.2110939E-01 0.2886009E-01 0.3316921E-01 0.5332908E-01 0.9574480E-01 0.1536315 0.2022240 0.2352572 0.2312899 0.2437004 0.2805142 0.2455767 0.2418337 0.2745163 0.2245493 0.2293897 0.2858070 0.3056303 0.2738456 0.2684540 0.2849497 0.2445797 0.2031309 0.1156771 0.2154018E-01 -9999.000 -9999.000 -9999.000 -9999.000 -9999.000 -9999.000 -9999.000 -9999.000 -9999.000 -9999.000
-9999.000 -9999.000 -9999.000 -9999.000 -9999.000 -9999.000 -9999.000 -9999.000 -9999.000 -9999.000 -9999.000 -9999.000 -9999.000 -9999.000 -9999.000 0.4241883E-01 0.8851981E-01 0.1461690 0.1743040 0.1965487 0.1863045 0.1531497 0.1216757 0.7226834E-01 0.3792749E-01 0.2712319E-01 0.2560596E-01 0.3440971E-01 0.6060014E-01 0.1154132 0.1842903 0.2269086 0.2127324 0.2136925 0.2168378 0.1991751 0.2585850 0.2832462 0.2349901 0.2549183 0.3269569 0.3397178 0.3083096 0.2828007 0.2400509 0.1810037 0.1505895 0.9488807E-01 0.4760605E-01 -9999.000 -9999.000 -9999.000 -9999.000 -9999.000 -9999.000 -9999.000 -9999.000 -9999.000 -9999.000
-9999.000 -9999.000 -9999.000 -9999.000 -9999.000 -9999.000 -9999.000 -9999.000 -9999.000 -9999.000 -9999.000 -9999.000 -9999.000 -9999.000 -9999.000 -9999.000 0.7832051E-01 0.9943905E-01 0.8937815E-01 0.1084269 0.1409612 0.1559074 0.1567561 0.1109834 0.6721774E-01 -9999.000 -9999.000 -9999.000 -9999.000 0.8595411E-01 0.1593669 0.2000834 0.1577408 0.1703512 0.1996361 0.2061670 0.2719868 0.2974262 0.2694613 0.2850024 0.3198580 0.3322761 0.2943501 0.2110614 0.1709818 0.1323243 0.1379181 0.1465106 0.1231266 0.9781644E-01 0.6244484E-01 -9999.000 -9999.000 -9999.000 -9999.000 -9999.000 -9999.000 -9999.000 -9999.000
-9999.000 -9999.000 -9999.000 -9999.000 -9999.000 -9999.000 -9999.000 -9999.000 -9999.000 -9999.000 -9999.000 -9999.000 -9999.000 -9999.000 -9999.000 -9999.000 0.7169692E-01 -9999.000 -9999.000 0.2403301E-01 0.7005032E-01 0.1313790 0.1723208 0.1419027 0.1039213 0.6027329E-01 0.2511448E-01 0.2023629E-01 -9999.000 0.5677198E-01 0.1273411 0.1503115 0.1174017 0.1574331 0.2069230 0.2261785 0.2630543 0.2926729 0.2868262 0.2804734 0.2926863 0.2909931 0.2464024 0.2263094 0.1974846 0.1871321 0.2108005 0.2135090 0.2042073 0.1992879 0.1383086 -9999.000 -9999.000 -9999.000 -9999.000 -9999.000 -9999.000 -9999.000 -9999.000
-9999.000 -9999.000 -9999.000 -9999.000 -9999.000 -9999.000 -9999.000 -9999.000 -9999.000 -9999.000 -9999.000 -9999.000 -9999.000 -9999.000 -9999.000 -9999.000 -9999.000 -9999.000 -9999.000 0.4634414E-01 0.5936259E-01 0.9391759E-01 0.1410596 0.1425444 0.1152314 0.6529294E-01 0.3123220E-01 -9999.000 0.1596032E-01 0.3267720E-01 0.7608318E-01 0.1156606 0.1076518 0.1366492 0.1919356 0.2192729 0.2456214 0.2630838 0.2694379 0.2632718 0.2752420 0.2875959 0.2868424 0.2892458 0.2607838 0.2463522 0.2411100 0.2417646 0.2260835 0.2224136 0.1639167 0.7953360E-01 -9999.000 -9999.000 -9999.000 -9999.000 -9999.000 -9999.000 -9999.000
-9999.000 -9999.000 -9999.000 -9999.000 -9999.000 -9999.000 -9999.000 -9999.000 -9999.000 -9999.000 -9999.000 -9999.000 -9999.000 -9999.000 -9999.000 -9999.000 -9999.000 -9999.000 0.4029700E-01 0.8331776E-01 0.9004390E-01 0.9217979E-01 0.1208931 0.1299937 0.1145367 0.8281981E-01 0.4629601E-01 -9999.000 -9999.000 -9999.000 -9999.000 -9999.000 0.8429950E-01 0.1090623 0.1493962 0.1800188 0.2122596 0.2520075 0.2544413 0.2480229 0.2766743 0.3277081 0.3453253 0.3384921 0.2831921 0.2481717 0.2618226 0.2661853 0.2550194 0.2063145 0.1391894 0.8406090E-01 -9999.000 -9999.000 -9999.000 -9999.000 -9999.000 -9999.000 -9999.000
-9999.000 -9999.000 -9999.000 -9999.000 -9999.000 -9999.000 -9999.000 -9999.000 -9999.000 -9999.000 -9999.000 -9999.000 -9999.000 -9999.000 -9999.000 -9999.000 -9999.000 -9999.000 -9999.000 0.8150731E-01 0.7541056E-01 0.8544975E-01 0.9922962E-01 0.1248271 0.1364446 0.1061307 0.7681917E-01 0.4859240E-01 -9999.000 -9999.000 -9999.000 -9999.000 -9999.000 0.8091385E-01 0.9589415E-01 0.1071042 0.1529489 0.2084649 0.2075209 0.2084566 0.2692383 0.3376987 0.3664693 0.3388229 0.2796680 0.2512238 0.2714910 0.2581605 0.2162767 0.1607542 0.1123445 0.9210989E-01 -9999.000 -9999.000 -9999.000 -9999.000 -9999.000 -9999.000 -9999.000
-9999.000 -9999.000 -9999.000 -9999.000 -9999.000 -9999.000 -9999.000 -9999.000 -9999.000 -9999.000 -9999.000 -9999.000 -9999.000 -9999.000 -9999.000 -9999.000 -9999.000 -9999.000 -9999.000 -9999.000 0.9485097E-01 0.5903807E-01 0.4608251E-01 0.8233053E-01 0.1116058 0.1119646 0.9905651E-01 0.7850045E-01 0.3805243E-01 0.1431793E-01 -9999.000 -9999.000 -9999.000 0.4426184E-01 0.5463582E-01 0.6123786E-01 0.9748633E-01 0.1412726 0.1489402 0.1945099 0.2725044 0.3200016 0.3247599 0.3011138 0.2722349 0.2458450 0.2404532 0.1831771 0.1311392 0.1028071 0.1136294 0.1146917 0.8408156E-01 -9999.000 -9999.000 -9999.000 -9999.000 -9999.000 -9999.000
-9999.000 -9999.000 -9999.000 -9999.000 -9999.000 -9999.000 -9999.000 -9999.000 -9999.000 -9999.000 -9999.000 -9999.000 -9999.000 -9999.000 -9999.000 -9999.000 -9999.000 -9999.000 -9999.000 -9999.000 0.8631359E-01 0.3739490E-01 0.2586882E-01 0.5511778E-01 0.7970304E-01 0.8132410E-01 0.1030830 0.8930168E-01 -9999.000 -9999.000 -9999.000 -9999.000 -9999.000 -9999.000 0.2868461E-01 0.5682599E-01 0.1029944 0.1365830 0.1645642 0.2112460 0.2456303 0.2727581 0.2657453 0.2552846 0.2482608 0.2523609 0.2205676 0.1927090 0.1689917 0.1228850 0.1256406 0.1459690 0.1207233 0.4247851E-01 -9999.000 -9999.000 -9999.000 -9999.000 -9999.000
-9999.000 -9999.000 -9999.000 -9999.000 -9999.000 -9999.000 -9999.000 -9999.000 -9999.000 -9999.000 -9999.000 -9999.000 -9999.000 -9999.000 -9999.000 -9999.000 -9999.000 -9999.000 -9999.000 0.1240742 0.6649322E-01 0.3079343E-01 0.5689809E-01 0.1011300 0.1115297 0.7865080E-01 0.8968659E-01 0.7661905E-01 0.4346987E-01 -9999.000 -9999.000 -9999.000 -9999.000 -9999.000 -9999.000 0.5437882E-01 0.1123628 0.1609977 0.1942692 0.1894194 0.1813685 0.1978500 0.2327358 0.2048160 0.2118976 0.2505280 0.2314212 0.2336914 0.2165408 0.1701037 0.1527776 0.1769704 0.1581371 0.5256496E-01 0.1385247E-01 -9999.000 -9999.000 -9999.000 -9999.000
-9999.000 -9999.000 -9999.000 -9999.000 -9999.000 -9999.000 -9999.000 -9999.000 -9999.000 -9999.000 -9999.000 -9999.000 -9999.000 -9999.000 -9999.000 -9999.000 -9999.000 -9999.000 -9999.000 0.1184699 0.9434250E-01 0.6552088E-01 0.1229452 0.1655925 0.1542789 0.1083548 0.9550886E-01 0.6687545E-01 -9999.000 -9999.000 -9999.000 -9999.000 -9999.000 -9999.000 -9999.000 -9999.000 0.8763624E-01 0.1306692 0.1528281 0.1572116 0.1624984 0.1832168 0.1883918 0.1523684 0.1513188 0.2254052 0.2469914 0.2326027 0.2137302 0.1862865 0.1748966 0.1799365 0.1661086 0.8287834E-01 0.3535106E-01 -9999.000 -9999.000 -9999.000 -9999.000
-9999.000 -9999.000 -9999.000 -9999.000 -9999.000 -9999.000 -9999.000 -9999.000 -9999.000 -9999.000 -9999.000 -9999.000 -9999.000 -9999.000 -9999.000 -9999.000 -9999.000 -9999.000 -9999.000 0.6121845E-01 0.8360605E-01 0.9186100E-01 0.1324385 0.1527372 0.1411668 0.1463650 0.1347382 0.7990723E-01 -9999.000 -9999.000 -9999.000 -9999.000 -9999.000 -9999.000 -9999.000 -9999.000 0.4756925E-01 0.5386513E-01 0.8819486E-01 0.1313494 0.1819935 0.1878709 0.1759911 0.1605415 0.1494434 0.1965683 0.2254174 0.2235965 0.2240861 0.1932951 0.1891933 0.1964030 0.1556660 0.9267922E-01 0.6929558E-01 -9999.000 -9999.000 -9999.000 -9999.000
-9999.000 -9999.000 -9999.000 -9999.000 -9999.000 -9999.000 -9999.000 -9999.000 -9999.000 -9999.000 -9999.000 -9999.000 -9999.000 -9999.000 -9999.000 -9999.000 -9999.000 -9999.000 -9999.000 0.2893367E-01 0.5290602E-01 0.7373448E-01 0.1044907 0.1068623 0.1031028 0.1398864 0.1603455 0.1098386 0.4543556E-01 -9999.000 -9999.000 -9999.000 -9999.000 -9999.000 -9999.000 -9999.000 0.4303740E-01 0.5033268E-01 0.7409242E-01 0.1159907 0.1443746 0.1505434 0.1742627 0.2009279 0.1999666 0.2012182 0.1831085 0.2148027 0.2197013 0.1948249 0.2140212 0.2313770 0.1851671 0.1478983 0.1202929 0.5659212E-01 -9999.000 -9999.000 -9999.000
-9999.000 -9999.000 -9999.000 -9999.000 -9999.000 -9999.000 -9999.000 -9999.000 -9999.000 -9999.000 -9999.000 -9999.000 -9999.000 -9999.000 -9999.000 -9999.000 -9999.000 -9999.000 -9999.000 -9999.000 0.6443446E-01 0.5355909E-01 0.6115574E-01 0.7377177E-01 0.8476143E-01 0.1205447 0.1479743 0.1189764 0.7164404E-01 0.3141691E-01 -9999.000 -9999.000 -9999.000 -9999.000 -9999.000 -9999.000 0.4632716E-01 0.5944029E-01 0.8596895E-01 0.1148611 0.1346173 0.1387141 0.1503557 0.1839083 0.1924328 0.1714402 0.1603783 0.1641561 0.1589801 0.1662963 0.2264665 0.2635876 0.2327542 0.1994490 0.1561610 0.1203067 0.1041466 -9999.000 -9999.000
-9999.000 -9999.000 -9999.000 -9999.000 -9999.000 -9999.000 -9999.000 -9999.000 -9999.000 -9999.000 -9999.000 -9999.000 -9999.000 -9999.000 -9999.000 -9999.000 -9999.000 -9999.000 -9999.000 -9999.000 0.6339862E-01 -9999.000 -9999.000 0.8816663E-01 0.1276435 0.1532145 0.1328571 0.9682544E-01 0.7093580E-01 0.3997411E-01 0.1975588E-01 -9999.000 -9999.000 -9999.000 -9999.000 -9999.000 -9999.000 -9999.000 0.6105791E-01 0.1040112 0.1375847 0.1425444 0.1523745 0.1774319 0.1953937 0.1427071 0.9368128E-01 0.7791101E-01 0.8713982E-01 0.1505209 0.2327883 0.2805603 0.2331026 0.1984605 0.1669466 0.1533133 0.1236604 0.5767263E-01 -9999.000
-9999.000 -9999.000 -9999.000 -9999.000 -9999.000 -9999.000 -9999.000 -9999.000 -9999.000 -9999.000 -9999.000 -9999.000 -9999.000 -9999.000 -9999.000 -9999.000 -9999.000 -9999.000 -9999.000 -9999.000 -9999.000 -9999.000 -9999.000 0.1019908 0.1756171 0.1910487 0.1495155 0.1164139 0.8516439E-01 0.5795822E-01 0.3355578E-01 -9999.000 -9999.000 -9999.000 -9999.000 -9999.000 -9999.000 -9999.000 -9999.000 0.9953551E-01 0.1295787 0.1481116 0.1858396 0.1974704 0.1998105 0.1552231 0.1169757 0.1162711 0.1335959 0.1884134 0.2248875 0.2137772 0.1891721 0.2043119 0.1957109 0.1523528 0.1197335 0.7270319E-01 -9999.000
-9999.000 -9999.000 -9999.000 -9999.000 -9999.000 -9999.000 -9999.000 -9999.000 -9999.000 -9999.000 -9999.000 -9999.000 -9999.000 -9999.000 -9999.000 -9999.000 -9999.000 -9999.000 -9999.000 -9999.000 -9999.000 0.1334584E-01 0.3392836E-01 0.1024377 0.1862219 0.1805047 0.1468134 0.1107399 0.8369430E-01 0.6424707E-01 0.4003829E-01 -9999.000 -9999.000 -9999.000 -9999.000 -9999.000 -9999.000 -9999.000 0.4389082E-01 0.8148772E-01 0.1281366 0.1742517 0.2320731 0.2494633 0.2142070 0.1800239 0.1926149 0.2716460 0.3186376 0.2986072 0.2517800 0.1953254 0.2096061 0.2594879 0.2495010 0.1759964 0.1431790 0.1234959 0.6332161E-01
-9999.000 -9999.000 -9999.000 -9999.000 -9999.000 -9999.000 -9999.000 -9999.000 -9999.000 -9999.000 -9999.000 -9999.000 -9999.000 -9999.000 -9999.000 -9999.000 -9999.000 -9999.000 -9999.000 -9999.000 -9999.000 -9999.000 0.4029847E-01 0.1014333 0.1788928 0.1818583 0.1576664 0.1331666 0.1106967 0.8755881E-01 0.4680680E-01 -9999.000 -9999.000 -9999.000 -9999.000 -9999.000 -9999.000 -9999.000 -9999.000 0.4828989E-01 0.1113400 0.1900633 0.2537044 0.2859019 0.2559303 0.2240896 0.2512159 0.3241500 0.3764564 0.3380022 0.2852984 0.2445953 0.2686030 0.3217981 0.2777467 0.1545628 0.1284673 0.1452439 0.9460155E-01
-9999.000 -9999.000 -9999.000 -9999.000 -9999.000 -9999.000 -9999.000 -9999.000 -9999.000 -9999.000 -9999.000 -9999.000 -9999.000 -9999.000 -9999.000 -9999.000 -9999.000 -9999.000 -9999.000 -9999.000 -9999.000 -9999.000 0.4078907E-01 0.9189094E-01 0.1747330 0.1974481 0.1946668 0.1687955 0.1374079 0.9346690E-01 0.4769708E-01 -9999.000 -9999.000 -9999.000 -9999.000 -9999.000 -9999.000 -9999.000 -9999.000 0.2255030E-01 0.6359108E-01 0.1286735 0.2277377 0.2691237 0.2352674 0.2282135 0.2681970 0.3125690 0.3300871 0.3214118 0.2930852 0.2772923 0.3067697 0.3296479 0.2347899 0.1281544 0.1018077 0.1274769 0.1141788
-9999.000 -9999.000 -9999.000 -9999.000 -9999.000 -9999.000 -9999.000 -9999.000 -9999.000 -9999.000 -9999.000 -9999.000 -9999.000 -9999.000 -9999.000 -9999.000 -9999.000 -9999.000 -9999.000 -9999.000 -9999.000 -9999.000 0.5058068E-01 0.7747046E-01 0.1118815 0.1484211 0.1947661 0.1922731 0.1430114 0.7457870E-01 0.4293486E-01 0.2254308E-01 -9999.000 -9999.000 -9999.000 -9999.000 -9999.000 -9999.000 -9999.000 0.1656253E-01 0.2412856E-01 0.6344312E-01 0.1502144 0.1617592 0.1384126 0.1839376 0.2564926 0.2996374 0.2820235 0.2746438 0.2919849 0.3149385 0.3300904 0.3117398 0.2011329 0.1437213 0.1187965 0.1330033 0.1436274
-9999.000 -9999.000 -9999.000 -9999.000 -9999.000 -9999.000 -9999.000 -9999.000 -9999.000 -9999.000 -9999.000 -9999.000 -9999.000 -9999.000 -9999.000 -9999.000 -9999.000 -9999.000 -9999.000 -9999.000 -9999.000 -9999.000 0.6671980E-01 0.9042297E-01 0.9701091E-01 0.1376954 0.1850260 0.1870544 0.1264870 0.7368128E-01 0.5991545E-01 0.4235875E-01 -9999.000 -9999.000 -9999.000 -9999.000 -9999.000 -9999.000 -9999.000 0.2251754E-01 0.4124604E-01 0.6250679E-01 0.9391452E-01 0.8204695E-01 0.1164069 0.1950223 0.2784970 0.2726437 0.2154436 0.2229695 0.2982620 0.3165040 0.3163494 0.2451001 0.1869003 0.1633403 0.1625084 0.1794008 0.1894091
-9999.000 -9999.000 -9999.000 -9999.000 -9999.000 -9999.000 -9999.000 -9999.000 -9999.000 -9999.000 -9999.000 -9999.000 -9999.000 -9999.000 -9999.000 -9999.000 -9999.000 -9999.000 -9999.000 -9999.000 -9999.000 -9999.000 -9999.000 0.9891813E-01 0.1535052 0.1719709 0.1592402 0.1441332 0.1117512 0.9073548E-01 0.7073585E-01 -9999.000 -9999.000 -9999.000 -9999.000 -9999.000 -9999.000 -9999.000 -9999.000 -9999.000 0.5234898E-01 0.7765759E-01 0.1050791 0.1140016 0.1521554 0.2207897 0.2540423 0.2271833 0.2041863 0.2071753 0.2567566 0.2573255 0.2163759 0.1946735 0.2001042 0.2036036 0.2085508 0.2362375 0.2100450
-9999.000 -9999.000 -9999.000 -9999.000 -9999.000 -9999.000 -9999.000 -9999.000 -9999.000 -9999.000 -9999.000 -9999.000 -9999.000 -9999.000 -9999.000 -9999.000 -9999.000 -9999.000 -9999.000 -9999.000 -9999.000 -9999.000 -9999.000 0.7959406E-01 0.1504144 0.1794709 0.1586300 0.1451149 0.1302703 0.9931284E-01 0.5559188E-01 -9999.000 -9999.000 -9999.000 -9999.000 -9999.000 -9999.000 -9999.000 -9999.000 -9999.000 -9999.000 0.8752285E-01 0.1215658 0.1300175 0.1633137 0.2060029 0.2025378 0.2280889 0.2476113 0.1970426 0.1493600 0.1180048 0.1302861 0.1872333 0.2499353 0.2761525 0.2921053 0.2556155 0.2163105
-9999.000 -9999.000 -9999.000 -9999.000 -9999.000 -9999.000 -9999.000 -9999.000 -9999.000 -9999.000 -9999.000 -9999.000 -9999.000 -9999.000 -9999.000 -9999.000 -9999.000 -9999.000 -9999.000 -9999.000 -9999.000 -9999.000 -9999.000 -9999.000 0.1085469 0.1593856 0.1761819 0.1693433 0.1554509 0.1165725 0.7103749E-01 0.3448586E-01 -9999.000 -9999.000 -9999.000 -9999.000 -9999.000 -9999.000 -9999.000 -9999.000 -9999.000 0.6940435E-01 0.1111257 0.1341826 0.1659452 0.1855540 0.1891378 0.2206955 0.2134931 0.1709117 0.1124574 0.1151958 0.1527492 0.2248163 0.2930590 0.3063800 0.2934972 0.2825791 0.2498797
-9999.000 -9999.000 -9999.000 -9999.000 -9999.000 -9999.000 -9999.000 -9999.000 -9999.000 -9999.000 -9999.000 -9999.000 -9999.000 -9999.000 -9999.000 -9999.000 -9999.000 -9999.000 -9999.000 -9999.000 -9999.000 -9999.000 -9999.000 -9999.000 0.5300781E-01 0.1024421 0.1298769 0.1423330 0.1479766 0.1366457 0.9587538E-01 0.4307188E-01 0.1639545E-01 -9999.000 -9999.000 -9999.000 -9999.000 -9999.000 -9999.000 -9999.000 -9999.000 -9999.000 0.8566876E-01 0.1199710 0.1421220 0.1306327 0.1163605 0.1427849 0.1564485 0.1381364 0.1645334 0.2061650 0.2600052 0.3189507 0.3231782 0.3039245 0.2791426 0.2929840 0.2548964
