simulation_files/asc/Depth____303.0.asc
NCOLS        79
NROWS        79
XLLCENTER         -1.500000
YLLCENTER         -4.800000
CELLSIZE           0.100
NODATA_VALUE     -9999.0
[rows 0 to 25 of 79, columns 0 to 58 of 79]
-9999.000 -9999.000 -9999.000 -9999.000 -9999.000 -9999.000 -9999.000 -9999.000 -9999.000 -9999.000 -9999.000 -9999.000 -9999.000 -9999.000 -9999.000 0.6968297 0.6972589 0.6973420 0.6972274 0.6970229 0.6967745 0.6964995 0.6962187 0.6959451 0.6956829 0.6954384 0.6952083 0.6949599 0.6945851 0.6945408 0.6945408 -9999.000 -9999.000 -9999.000 -9999.000 -9999.000 -9999.000 -9999.000 -9999.000 -9999.000 -9999.000 -9999.000 -9999.000 -9999.000 -9999.000 -9999.000 -9999.000 -9999.000 -9999.000 -9999.000 -9999.000 -9999.000 -9999.000 -9999.000 -9999.000 -9999.000 -9999.000 -9999.000 -9999.000
-9999.000 -9999.000 -9999.000 -9999.000 -9999.000 -9999.000 -9999.000 -9999.000 -9999.000 -9999.000 -9999.000 -9999.000 -9999.000 -9999.000 -9999.000 0.6985950 0.6989987 0.6990663 0.6989716 0.6988071 0.6986114 0.6983975 0.6981819 0.6979746 0.6977780 0.6975970 0.6974279 0.6972417 0.6969415 0.6969807 0.6969807 -9999.000 -9999.000 -9999.000 -9999.000 -9999.000 -9999.000 -9999.000 -9999.000 -9999.000 -9999.000 -9999.000 -9999.000 -9999.000 -9999.000 -9999.000 -9999.000 -9999.000 -9999.000 -9999.000 -9999.000 -9999.000 -9999.000 -9999.000 -9999.000 -9999.000 -9999.000 -9999.000 -9999.000
-9999.000 -9999.000 -9999.000 -9999.000 -9999.000 -9999.000 -9999.000 -9999.000 -9999.000 -9999.000 -9999.000 -9999.000 -9999.000 -9999.000 -9999.000 0.7005097 0.7009457 0.7010221 0.7009330 0.7007745 0.7005858 0.7003802 0.7001744 0.6999777 0.6997919 0.6996211 0.6994604 0.6992778 0.6989708 0.6990060 0.6990060 -9999.000 -9999.000 -9999.000 -9999.000 -9999.000 -9999.000 -9999.000 -9999.000 -9999.000 -9999.000 -9999.000 -9999.000 -9999.000 -9999.000 -9999.000 -9999.000 -9999.000 -9999.000 -9999.000 -9999.000 -9999.000 -9999.000 -9999.000 -9999.000 -9999.000 -9999.000 -9999.000 -9999.000
-9999.000 -9999.000 -9999.000 -9999.000 -9999.000 -9999.000 -9999.000 -9999.000 -9999.000 -9999.000 -9999.000 -9999.000 -9999.000 -9999.000 -9999.000 0.7024750 0.7029306 0.7030107 0.7029219 0.7027630 0.7025742 0.7023686 0.7021637 0.7019683 0.7017840 0.7016144 0.7014539 0.7012684 0.7009483 0.7009618 0.7009618 -9999.000 -9999.000 -9999.000 -9999.000 -9999.000 -9999.000 -9999.000 -9999.000 -9999.000 -9999.000 -9999.000 -9999.000 -9999.000 -9999.000 -9999.000 -9999.000 -9999.000 -9999.000 -9999.000 -9999.000 -9999.000 -9999.000 -9999.000 -9999.000 -9999.000 -9999.000 -9999.000 -9999.000
-9999.000 -9999.000 -9999.000 -9999.000 -9999.000 -9999.000 -9999.000 -9999.000 -9999.000 -9999.000 -9999.000 -9999.000 -9999.000 -9999.000 -9999.000 0.7044610 0.7049306 0.7050120 0.7049205 0.7047580 0.7045657 0.7043563 0.7041479 0.7039497 0.7037623 0.7035899 0.7034260 0.7032337 0.7028953 0.7028727 0.7028727 -9999.000 -9999.000 -9999.000 -9999.000 -9999.000 -9999.000 -9999.000 -9999.000 -9999.000 -9999.000 -9999.000 -9999.000 -9999.000 -9999.000 -9999.000 -9999.000 -9999.000 -9999.000 -9999.000 -9999.000 -9999.000 -9999.000 -9999.000 -9999.000 -9999.000 -9999.000 -9999.000 -9999.000
-9999.000 -9999.000 -9999.000 -9999.000 -9999.000 -9999.000 -9999.000 -9999.000 -9999.000 -9999.000 -9999.000 -9999.000 -9999.000 -9999.000 -9999.000 0.7064540 0.7069349 0.7070161 0.7069201 0.7067527 0.7065551 0.7063399 0.7061262 0.7059230 0.7057306 0.7055533 0.7053838 0.7051823 0.7048209 0.7047479 0.7047479 -9999.000 -9999.000 -9999.000 -9999.000 -9999.000 -9999.000 -9999.000 -9999.000 -9999.000 -9999.000 -9999.000 -9999.000 -9999.000 -9999.000 -9999.000 -9999.000 -9999.000 -9999.000 -9999.000 -9999.000 -9999.000 -9999.000 -9999.000 -9999.000 -9999.000 -9999.000 -9999.000 -9999.000
-9999.000 -9999.000 -9999.000 -9999.000 -9999.000 -9999.000 -9999.000 -9999.000 -9999.000 -9999.000 -9999.000 -9999.000 -9999.000 -9999.000 -9999.000 0.7084477 0.7089382 0.7090179 0.7089165 0.7087430 0.7085394 0.7083175 0.7080976 0.7078882 0.7076896 0.7075063 0.7073300 0.7071171 0.7067279 0.7065878 0.7065878 -9999.000 -9999.000 -9999.000 -9999.000 -9999.000 -9999.000 -9999.000 -9999.000 -9999.000 -9999.000 -9999.000 -9999.000 -9999.000 -9999.000 -9999.000 -9999.000 -9999.000 -9999.000 -9999.000 -9999.000 -9999.000 -9999.000 -9999.000 -9999.000 -9999.000 -9999.000 -9999.000 -9999.000
-9999.000 -9999.000 -9999.000 -9999.000 -9999.000 -9999.000 -9999.000 -9999.000 -9999.000 -9999.000 -9999.000 -9999.000 -9999.000 -9999.000 -9999.000 0.7104384 0.7109377 0.7110147 0.7109070 0.7107269 0.7105166 0.7102875 0.7100607 0.7098449 0.7096392 0.7094492 0.7092652 0.7090388 0.7086163 0.7083877 0.7083877 -9999.000 -9999.000 -9999.000 -9999.000 -9999.000 -9999.000 -9999.000 -9999.000 -9999.000 -9999.000 -9999.000 -9999.000 -9999.000 -9999.000 -9999.000 -9999.000 -9999.000 -9999.000 -9999.000 -9999.000 -9999.000 -9999.000 -9999.000 -9999.000 -9999.000 -9999.000 -9999.000 -9999.000
-9999.000 -9999.000 -9999.000 -9999.000 -9999.000 -9999.000 -9999.000 -9999.000 -9999.000 -9999.000 -9999.000 -9999.000 -9999.000 -9999.000 -9999.000 0.7124238 0.7129315 0.7130047 0.7128896 0.7127023 0.7124851 0.7122481 0.7120143 0.7117915 0.7115783 0.7113809 0.7111882 0.7109462 0.7104839 0.7101383 0.7101383 -9999.000 -9999.000 -9999.000 -9999.000 -9999.000 -9999.000 -9999.000 -9999.000 -9999.000 -9999.000 -9999.000 -9999.000 -9999.000 -9999.000 -9999.000 -9999.000 -9999.000 -9999.000 -9999.000 -9999.000 -9999.000 -9999.000 -9999.000 -9999.000 -9999.000 -9999.000 -9999.000 -9999.000
-9999.000 -9999.000 -9999.000 -9999.000 -9999.000 -9999.000 -9999.000 -9999.000 -9999.000 -9999.000 -9999.000 -9999.000 -9999.000 -9999.000 -9999.000 0.7144021 0.7149178 0.7149859 0.7148622 0.7146673 0.7144428 0.7141976 0.7139565 0.7137264 0.7135051 0.7132999 0.7130973 0.7128370 0.7123269 0.7118253 0.7118253 -9999.000 -9999.000 -9999.000 -9999.000 -9999.000 -9999.000 -9999.000 -9999.000 -9999.000 -9999.000 -9999.000 -9999.000 -9999.000 -9999.000 -9999.000 -9999.000 -9999.000 -9999.000 -9999.000 -9999.000 -9999.000 -9999.000 -9999.000 -9999.000 -9999.000 -9999.000 -9999.000 -9999.000
-9999.000 -9999.000 -9999.000 -9999.000 -9999.000 -9999.000 -9999.000 -9999.000 -9999.000 -9999.000 -9999.000 -9999.000 -9999.000 -9999.000 -9999.000 0.7163709 0.7168948 0.7169564 0.7168230 0.7166198 0.7163877 0.7161338 0.7158850 0.7156473 0.7154174 0.7152035 0.7149897 0.7147077 0.7141400 0.7134270 0.7134270 -9999.000 -9999.000 -9999.000 -9999.000 -9999.000 -9999.000 -9999.000 -9999.000 -9999.000 -9999.000 -9999.000 -9999.000 -9999.000 -9999.000 -9999.000 -9999.000 -9999.000 -9999.000 -9999.000 -9999.000 -9999.000 -9999.000 -9999.000 -9999.000 -9999.000 -9999.000 -9999.000 -9999.000
-9999.000 -9999.000 -9999.000 -9999.000 -9999.000 -9999.000 -9999.000 -9999.000 -9999.000 -9999.000 -9999.000 -9999.000 -9999.000 -9999.000 -9999.000 0.7183277 0.7188601 0.7189137 0.7187692 0.7185570 0.7183167 0.7180535 0.7177967 0.7175509 0.7173115 0.7170880 0.7168615 0.7165533 0.7159151 0.7149113 0.7149113 -9999.000 -9999.000 -9999.000 -9999.000 -9999.000 -9999.000 -9999.000 -9999.000 -9999.000 -9999.000 -9999.000 -9999.000 -9999.000 -9999.000 -9999.000 -9999.000 -9999.000 -9999.000 -9999.000 -9999.000 -9999.000 -9999.000 -9999.000 -9999.000 -9999.000 -9999.000 -9999.000 -9999.000
-9999.000 -9999.000 -9999.000 -9999.000 -9999.000 -9999.000 -9999.000 -9999.000 -9999.000 -9999.000 -9999.000 -9999.000 -9999.000 -9999.000 -9999.000 0.7202679 0.7208102 0.7208542 0.7206969 0.7204750 0.7202260 0.7199527 0.7196874 0.7194328 0.7191827 0.7189483 0.7187067 0.7183663 0.7176408 0.7162276 0.7162276 -9999.000 -9999.000 -9999.000 -9999.000 -9999.000 -9999.000 -9999.000 -9999.000 -9999.000 -9999.000 -9999.000 -9999.000 -9999.000 -9999.000 -9999.000 -9999.000 -9999.000 -9999.000 -9999.000 -9999.000 -9999.000 -9999.000 -9999.000 -9999.000 -9999.000 -9999.000 -9999.000 -9999.000
-9999.000 -9999.000 -9999.000 -9999.000 -9999.000 -9999.000 -9999.000 -9999.000 -9999.000 -9999.000 -9999.000 -9999.000 -9999.000 -9999.000 -9999.000 0.7221281 0.7227038 0.7227603 0.7226065 0.7223778 0.7221214 0.7218370 0.7215617 0.7212958 0.7210317 0.7207832 0.7205219 0.7201402 0.7193043 0.7173021 0.7173021 -9999.000 -9999.000 -9999.000 -9999.000 -9999.000 -9999.000 -9999.000 -9999.000 -9999.000 -9999.000 -9999.000 -9999.000 -9999.000 -9999.000 -9999.000 -9999.000 -9999.000 -9999.000 -9999.000 -9999.000 -9999.000 -9999.000 -9999.000 -9999.000 -9999.000 -9999.000 -9999.000 -9999.000
-9999.000 -9999.000 -9999.000 -9999.000 -9999.000 -9999.000 -9999.000 -9999.000 -9999.000 -9999.000 -9999.000 -9999.000 -9999.000 -9999.000 -9999.000 0.7171453 0.7225888 0.7252290 0.7260500 0.7256993 0.7252766 0.7247980 0.7243248 0.7238690 0.7234275 0.7230216 0.7226147 0.7220641 0.7209260 0.7173402 0.7173402 -9999.000 -9999.000 -9999.000 -9999.000 -9999.000 -9999.000 -9999.000 -9999.000 -9999.000 -9999.000 -9999.000 -9999.000 -9999.000 -9999.000 -9999.000 -9999.000 -9999.000 -9999.000 -9999.000 -9999.000 -9999.000 -9999.000 -9999.000 -9999.000 -9999.000 -9999.000 -9999.000 -9999.000
0.7975838 0.7975838 0.7996686 0.7807858 0.7770597 0.7770597 0.7738647 0.7684832 0.7684832 0.7641040 0.7641040 0.7604651 0.7588538 0.7573525 0.7558978 0.7558978 0.7278416 0.7265597 0.7252548 0.7259604 0.7272071 0.7288346 0.7310974 0.7337002 0.7362561 0.7387359 0.7405936 0.7403129 0.7336898 0.7043107 0.7043107 0.4949701 0.4586309 0.4370334 0.4297898 0.4297898 0.4184614 0.4184614 0.4209613 0.4209613 0.4319216 0.4805881 0.4805881 0.5841488 0.5841488 0.6337795 0.6337795 0.6337795 0.6339606 0.6339606 0.6236849 0.6236849 0.6096713 0.6096713 0.5950896 0.5950896 0.5816958 0.5816958 0.5816958
0.7946773 0.7946773 0.7986383 0.7798449 0.7760396 0.7760396 0.7728032 0.7674122 0.7674122 0.7630519 0.7630519 0.7594298 0.7578259 0.7563316 0.7548842 0.7548842 0.7305891 0.7253922 0.7206259 0.7170202 0.7141650 0.7120643 0.7109293 0.7107530 0.7114102 0.7128669 0.7148623 0.7166973 0.7166018 0.7052931 0.7052931 0.5634726 0.5092489 0.4557410 0.4407355 0.4407355 0.4235148 0.4235148 0.4251396 0.4251396 0.4354192 0.4780240 0.4780240 0.5578558 0.5578558 0.6304501 0.6304501 0.6304501 0.6335056 0.6335056 0.6239050 0.6239050 0.6100746 0.6100746 0.5956389 0.5956389 0.5823026 0.5823026 0.5823026
0.7931066 0.7931066 0.7982909 0.7799732 0.7761142 0.7761142 0.7728088 0.7673666 0.7673666 0.7630046 0.7630046 0.7593826 0.7577766 0.7562793 0.7548227 0.7548227 0.7326497 0.7240872 0.7160411 0.7090855 0.7032094 0.6984201 0.6948320 0.6924648 0.6912466 0.6911423 0.6919897 0.6932864 0.6936559 0.6868130 0.6868130 0.5969144 0.5410323 0.4738670 0.4537039 0.4537039 0.4330410 0.4330410 0.4385568 0.4385568 0.4510143 0.4903291 0.4903291 0.5488619 0.5488619 0.6222817 0.6222817 0.6222817 0.6301377 0.6301377 0.6226132 0.6226132 0.6095530 0.6095530 0.5954306 0.5954306 0.5822769 0.5822769 0.5822769
0.7918848 0.7918848 0.7978294 0.7800981 0.7762154 0.7762154 0.7728418 0.7673481 0.7673481 0.7629938 0.7629938 0.7593802 0.7577758 0.7562790 0.7548102 0.7548102 0.7338414 0.7223555 0.7111691 0.7010643 0.6923088 0.6849927 0.6791922 0.6749118 0.6720754 0.6706061 0.6703573 0.6709455 0.6713285 0.6669818 0.6669818 0.6100833 0.5606962 0.4913550 0.4695081 0.4695081 0.4510057 0.4510057 0.4640706 0.4640706 0.4783859 0.5105637 0.5105637 0.5471786 0.5471786 0.6088379 0.6088379 0.6088379 0.6218454 0.6218454 0.6181684 0.6181684 0.6070896 0.6070896 0.5939818 0.5939818 0.5814968 0.5814968 0.5814968
0.7909831 0.7909831 0.7973163 0.7802098 0.7763090 0.7763090 0.7728723 0.7673286 0.7673286 0.7629834 0.7629834 0.7593791 0.7577763 0.7562798 0.7547917 0.7547917 0.7337955 0.7196889 0.7055667 0.6924886 0.6809312 0.6710929 0.6630688 0.6568727 0.6524379 0.6496646 0.6483986 0.6483169 0.6486145 0.6460661 0.6460661 0.6100760 0.5698344 0.5064476 0.4874499 0.4874499 0.4797788 0.4797788 0.5013162 0.5013162 0.5142934 0.5335187 0.5335187 0.5496721 0.5496721 0.5930305 0.5930305 0.5930305 0.6092631 0.6092631 0.6103576 0.6103576 0.6025235 0.6025235 0.5913416 0.5913416 0.5801451 0.5801451 0.5801451
0.7903696 0.7903696 0.7968405 0.7803044 0.7763834 0.7763834 0.7728952 0.7673103 0.7673103 0.7629726 0.7629726 0.7593745 0.7577723 0.7562755 0.7547584 0.7547584 0.7322235 0.7156094 0.6987448 0.6829063 0.6687070 0.6564316 0.6462120 0.6380828 0.6320009 0.6278718 0.6255460 0.6247492 0.6248552 0.6235933 0.6235933 0.6013054 0.5707159 0.5205404 0.5101606 0.5101606 0.5212103 0.5212103 0.5451303 0.5451303 0.5520694 0.5549073 0.5549073 0.5544494 0.5544494 0.5782081 0.5782081 0.5782081 0.5943356 0.5943356 0.5996264 0.5996264 0.5957978 0.5957978 0.5874294 0.5874294 0.5782231 0.5782231 0.5782231
0.7900038 0.7900038 0.7964931 0.7803658 0.7764273 0.7764273 0.7729057 0.7672936 0.7672936 0.7629628 0.7629628 0.7593720 0.7577723 0.7562773 0.7547207 0.7547207 0.7288519 0.7096552 0.6901790 0.6717948 0.6551718 0.6406367 0.6283445 0.6183487 0.6106281 0.6051070 0.6016568 0.6000519 0.5998168 0.5994127 0.5994127 0.5864231 0.5656229 0.5383786 0.5434887 0.5434887 0.5731809 0.5731809 0.5872068 0.5872068 0.5851427 0.5727980 0.5727980 0.5604355 0.5604355 0.5665137 0.5665137 0.5665137 0.5792726 0.5792726 0.5869487 0.5869487 0.5870897 0.5870897 0.5821888 0.5821888 0.5756774 0.5756774 0.5756774
0.7898804 0.7898804 0.7963656 0.7803885 0.7764424 0.7764424 0.7729087 0.7672879 0.7672879 0.7629614 0.7629614 0.7593740 0.7577747 0.7562799 0.7546659 0.7546659 0.7232902 0.7012793 0.6792504 0.6585276 0.6397448 0.6232132 0.6090779 0.5973918 0.5881447 0.5812793 0.5766931 0.5742109 0.5734977 0.5736496 0.5736496 0.5674710 0.5576336 0.5683356 0.5929736 0.5929736 0.6267909 0.6267909 0.6208836 0.6208836 0.6105305 0.5872681 0.5872681 0.5670274 0.5670274 0.5586186 0.5586186 0.5586186 0.5658335 0.5658335 0.5735917 0.5735917 0.5768808 0.5768808 0.5757034 0.5757034 0.5724875 0.5724875 0.5724875
0.7900038 0.7900038 0.7964931 0.7803658 0.7764273 0.7764273 0.7729057 0.7672937 0.7672937 0.7629626 0.7629626 0.7593721 0.7577721 0.7562773 0.7545837 0.7545837 0.7149921 0.6898134 0.6652340 0.6423751 0.6217385 0.6035502 0.5879017 0.5748147 0.5642699 0.5562170 0.5505765 0.5472224 0.5459737 0.5466746 0.5466746 0.5469061 0.5526352 0.6188003 0.6558431 0.6558431 0.6704720 0.6704720 0.6447014 0.6447014 0.6290033 0.5991619 0.5991619 0.5738018 0.5738018 0.5541622 0.5541622 0.5541622 0.5550070 0.5550070 0.5608131 0.5608131 0.5659235 0.5659235 0.5682611 0.5682611 0.5687236 0.5687236 0.5687236
0.7903696 0.7903696 0.7968405 0.7803044 0.7763832 0.7763832 0.7728952 0.7673103 0.7673103 0.7629724 0.7629724 0.7593747 0.7577723 0.7562757 0.7544689 0.7544689 0.7031093 0.6743277 0.6471863 0.6224273 0.6003076 0.5808919 0.5641654 0.5500836 0.5385920 0.5296313 0.5231337 0.5190211 0.5173543 0.5193982 0.5193982 0.5296157 0.5627074 0.6874983 0.7164446 0.7164446 0.6989390 0.6989390 0.6610458 0.6610458 0.6426459 0.6091121 0.6091121 0.5803267 0.5803267 0.5522897 0.5522897 0.5522897 0.5470287 0.5470287 0.5495934 0.5495934 0.5551168 0.5551168 0.5603645 0.5603645 0.5645825 0.5645825 0.5645825
0.7909831 0.7909831 0.7973163 0.7802099 0.7763088 0.7763088 0.7728724 0.7673287 0.7673287 0.7629833 0.7629833 0.7593792 0.7577763 0.7562799 0.7543184 0.7543184 0.6862964 0.6534712 0.6238310 0.5975176 0.5744069 0.5543163 0.5370705 0.5225235 0.5105618 0.5010985 0.4940649 0.4894474 0.4879083 0.4946613 0.4946613 0.5276295 0.6056893 0.7538297 0.7568583 0.7568583 0.7154542 0.7154542 0.6726236 0.6726236 0.6530209 0.6173612 0.6173612 0.5862034 0.5862034 0.5520848 0.5520848 0.5520848 0.5416260 0.5416260 0.5405126 0.5405126 0.5453494 0.5453494 0.5526842 0.5526842 0.5604019 0.5604019 0.5604019
