simulation_files/asc/Depth____700.0.asc
NCOLS       216
NROWS       273
XLLCENTER        494.688995
YLLCENTER        787.867981
CELLSIZE           0.500
NODATA_VALUE     -9999.0
[rows 162 to 188 of 273, columns 118 to 176 of 216]
1.965255 2.642382 2.839621 2.875882 2.886031 2.893670 2.671627 2.104739 1.674919 -9999.000 0.1622269 0.7192396E-01 0.1025461 0.1513096 0.1302488 0.1127476 0.1361934 0.1500078 0.1722036 0.1760350 0.1721148 0.1400201 0.9481405E-01 0.9829051E-01 0.1251808 0.1302211 0.9459647E-01 0.5552953E-01 -9999.000 -9999.000 -9999.000 -9999.000 -9999.000 -9999.000 -9999.000 -9999.000 -9999.000 -9999.000 -9999.000 -9999.000 -9999.000 -9999.000 -9999.000 -9999.000 -9999.000 -9999.000 -9999.000 -9999.000 -9999.000 -9999.000 -9999.000 -9999.000 -9999.000 -9999.000 -9999.000 -9999.000 -9999.000 -9999.000 -9999.000
1.886674 2.601927 2.832415 2.865062 2.865122 2.454006 1.745308 1.108905 -9999.000 0.2014477 0.1251614 0.1125705 0.1230983 0.1162194 0.1265528 0.1348886 0.1374857 0.1371093 0.1715678 0.1946251 0.1983620 0.1472193 0.1059312 0.1083351 0.1441051 0.1577170 0.1347042 0.8922134E-01 0.3598172E-01 -9999.000 -9999.000 -9999.000 -9999.000 -9999.000 -9999.000 -9999.000 -9999.000 -9999.000 -9999.000 -9999.000 -9999.000 -9999.000 -9999.000 -9999.000 -9999.000 -9999.000 -9999.000 -9999.000 -9999.000 -9999.000 -9999.000 -9999.000 -9999.000 -9999.000 -9999.000 -9999.000 -9999.000 -9999.000 -9999.000
1.521178 2.257610 2.712085 2.853532 2.428774 1.523461 0.4766695 0.2084513 0.1441220 0.1047968 0.1098152 0.9936401E-01 0.9607624E-01 0.8300822E-01 0.1054877 0.1289095 0.1238205 0.1252812 0.1487701 0.1811450 0.1923961 0.1320729 0.9611009E-01 0.1101259 0.1507917 0.1582256 0.1229108 0.9473631E-01 0.4018074E-01 -9999.000 -9999.000 -9999.000 -9999.000 -9999.000 -9999.000 -9999.000 -9999.000 -9999.000 -9999.000 -9999.000 -9999.000 -9999.000 -9999.000 -9999.000 -9999.000 -9999.000 -9999.000 -9999.000 -9999.000 -9999.000 -9999.000 -9999.000 -9999.000 -9999.000 -9999.000 -9999.000 -9999.000 -9999.000 -9999.000
-9999.000 1.450154 2.271039 2.375037 1.590308 -9999.000 0.1137069 0.1216367 0.9645946E-01 0.6467841E-01 0.5535340E-01 0.5762950E-01 0.7340359E-01 0.7350433E-01 0.9549819E-01 0.1230001 0.1296558 0.1480447 0.1718955 0.2000159 0.1677620 0.1050217 0.8588152E-01 0.1024171 0.1408396 0.1383749 0.1268572 0.9526109E-01 0.4918443E-01 -9999.000 -9999.000 -9999.000 -9999.000 -9999.000 -9999.000 -9999.000 -9999.000 -9999.000 -9999.000 -9999.000 -9999.000 -9999.000 -9999.000 -9999.000 -9999.000 -9999.000 -9999.000 -9999.000 -9999.000 -9999.000 -9999.000 -9999.000 -9999.000 -9999.000 -9999.000 -9999.000 -9999.000 -9999.000 -9999.000
-9999.000 0.6297509 1.213303 1.164797 -9999.000 0.1353078 0.1431222 0.1256888 0.1125131 0.7875047E-01 0.4474625E-01 0.4153910E-01 0.5640807E-01 0.5775591E-01 0.9864051E-01 0.1494949 0.1799839 0.2047231 0.2279699 0.2102696 0.1301325 0.1100540 0.1077939 0.1163706 0.1370866 0.1495121 0.1432279 0.1189603 0.8836488E-01 0.5451456E-01 -9999.000 -9999.000 0.1836429E-01 -9999.000 -9999.000 -9999.000 -9999.000 -9999.000 -9999.000 -9999.000 -9999.000 -9999.000 -9999.000 -9999.000 -9999.000 -9999.000 -9999.000 -9999.000 -9999.000 -9999.000 -9999.000 -9999.000 -9999.000 -9999.000 -9999.000 -9999.000 -9999.000 -9999.000 -9999.000
-9999.000 -9999.000 -9999.000 0.1968892 0.1303202 0.1713778 0.1465456 0.1400751 0.1436455 0.1144633 0.8643363E-01 0.7116036E-01 0.6345750E-01 0.6433094E-01 0.1180118 0.1920713 0.2077127 0.2216284 0.2303369 0.1618401 0.9037065E-01 0.1210219 0.1300583 0.1425434 0.1477381 0.1222635 0.1204554 0.1193113 0.1062344 0.7074472E-01 -9999.000 -9999.000 -9999.000 -9999.000 -9999.000 -9999.000 -9999.000 -9999.000 -9999.000 -9999.000 -9999.000 -9999.000 -9999.000 -9999.000 -9999.000 -9999.000 -9999.000 -9999.000 -9999.000 -9999.000 -9999.000 -9999.000 -9999.000 -9999.000 -9999.000 -9999.000 -9999.000 -9999.000 -9999.000
-9999.000 -9999.000 -9999.000 0.6185183E-01 0.1620107 0.1694288 0.1686285 0.1751946 0.1817854 0.1649362 0.1449400 0.1245226 0.1010112 0.9688786E-01 0.1254430 0.1714056 0.1843664 0.1895515 0.1582334 0.1259981 0.8452381E-01 0.1130387 0.1325623 0.1488404 0.1459869 0.9554824E-01 0.7823226E-01 0.9937279E-01 0.1076463 0.8821486E-01 0.4528726E-01 0.1445757E-01 -9999.000 -9999.000 -9999.000 -9999.000 -9999.000 -9999.000 -9999.000 -9999.000 -9999.000 -9999.000 -9999.000 -9999.000 -9999.000 -9999.000 -9999.000 -9999.000 -9999.000 -9999.000 -9999.000 -9999.000 -9999.000 -9999.000 -9999.000 -9999.000 -9999.000 -9999.000 -9999.000
-9999.000 -9999.000 -9999.000 0.5858943E-01 0.9143290E-01 0.1238040 0.1732069 0.2000599 0.1867250 0.1640678 0.1458461 0.1463728 0.1303197 0.1080361 0.9761170E-01 0.8222208E-01 0.1179064 0.1080519 0.1111066 0.1512316 0.1243039 0.1394313 0.1668045 0.1921958 0.1841453 0.1265935 0.9027264E-01 0.9681424E-01 0.1094747 0.1080307 0.6881782E-01 0.2982468E-01 0.2037704E-01 -9999.000 -9999.000 -9999.000 -9999.000 -9999.000 -9999.000 -9999.000 -9999.000 -9999.000 -9999.000 -9999.000 -9999.000 -9999.000 -9999.000 -9999.000 -9999.000 -9999.000 -9999.000 -9999.000 -9999.000 -9999.000 -9999.000 -9999.000 -9999.000 -9999.000 -9999.000
-9999.000 -9999.000 -9999.000 -9999.000 0.5681810E-01 0.1012933 0.1604931 0.1823137 0.1792391 0.1596055 0.1339680 0.1106488 0.8962411E-01 0.7640340E-01 0.8227915E-01 0.1038084 0.1208639 0.1008365 0.1080871 0.1310693 0.1215348 0.1522295 0.2143284 0.2525011 0.2364499 0.1661907 0.1082685 0.1076039 0.1193964 0.1305793 0.9190960E-01 0.5487704E-01 0.3987327E-01 0.2917687E-01 -9999.000 -9999.000 -9999.000 -9999.000 -9999.000 -9999.000 -9999.000 -9999.000 -9999.000 -9999.000 -9999.000 -9999.000 -9999.000 -9999.000 -9999.000 -9999.000 -9999.000 -9999.000 -9999.000 -9999.000 -9999.000 -9999.000 -9999.000 -9999.000 -9999.000
-9999.000 -9999.000 -9999.000 -9999.000 -9999.000 0.6313485E-01 0.9848857E-01 0.1404535 0.1711383 0.1904905 0.1374122 0.6743034E-01 0.4269621E-01 0.3782945E-01 0.7455027E-01 0.1388433 0.1740156 0.1845777 0.1336775 0.7526516E-01 0.6315696E-01 0.1266191 0.2306807 0.2680184 0.2275094 0.1599157 0.1224251 0.1401047 0.1626522 0.1681617 0.1151126 0.8726589E-01 0.9012042E-01 0.6804070E-01 0.4804701E-01 0.3805166E-01 -9999.000 -9999.000 -9999.000 -9999.000 -9999.000 -9999.000 -9999.000 -9999.000 -9999.000 -9999.000 -9999.000 -9999.000 -9999.000 -9999.000 -9999.000 -9999.000 -9999.000 -9999.000 -9999.000 -9999.000 -9999.000 -9999.000 -9999.000
-9999.000 -9999.000 -9999.000 -9999.000 -9999.000 0.3272142E-01 0.4627343E-01 0.1045529 0.1605703 0.1895940 0.1521597 0.8005093E-01 0.5595336E-01 0.6074862E-01 0.9200709E-01 0.1520726 0.1862012 0.2153135 0.1799354 0.1029133 0.8179901E-01 0.1396596 0.2208519 0.2364604 0.2016586 0.1439148 0.1198203 0.1264181 0.1577428 0.1775419 0.1386680 0.1318095 0.1449244 0.1353502 0.7955177E-01 0.5972599E-01 0.5923039E-01 0.4114913E-01 -9999.000 -9999.000 -9999.000 -9999.000 -9999.000 -9999.000 -9999.000 -9999.000 -9999.000 -9999.000 -9999.000 -9999.000 -9999.000 -9999.000 -9999.000 -9999.000 -9999.000 -9999.000 -9999.000 -9999.000 -9999.000
-9999.000 -9999.000 -9999.000 -9999.000 -9999.000 -9999.000 0.6288706E-01 0.9906243E-01 0.1426468 0.1685099 0.1679069 0.1299833 0.9140120E-01 0.9491523E-01 0.1205923 0.1557928 0.1823951 0.2272291 0.2317573 0.1895446 0.1794048 0.1810275 0.1939642 0.2095251 0.1459121 0.1131969 0.9750395E-01 0.8852676E-01 0.1074375 0.1468983 0.1342807 0.1397391 0.1559770 0.1502552 0.1135093 0.8506754E-01 0.9454013E-01 0.8849546E-01 0.4946386E-01 -9999.000 -9999.000 -9999.000 -9999.000 -9999.000 -9999.000 -9999.000 -9999.000 -9999.000 -9999.000 -9999.000 -9999.000 -9999.000 -9999.000 -9999.000 -9999.000 -9999.000 -9999.000 -9999.000 -9999.000
-9999.000 -9999.000 -9999.000 -9999.000 -9999.000 -9999.000 0.8274265E-01 0.9429401E-01 0.1249982 0.1621836 0.1863061 0.1619616 0.1164080 0.8709529E-01 0.9904558E-01 0.1316020 0.1648522 0.2216582 0.2413777 0.2400661 0.2505319 0.1996007 0.1624159 0.1446125 0.1143135 0.9820291E-01 0.8524990E-01 0.8658625E-01 0.1080331 0.1363789 0.1205626 0.1085873 0.1179174 0.1308212 0.1139871 0.8925223E-01 0.1040472 0.9876943E-01 -9999.000 -9999.000 -9999.000 -9999.000 -9999.000 -9999.000 -9999.000 -9999.000 -9999.000 -9999.000 -9999.000 -9999.000 -9999.000 -9999.000 -9999.000 -9999.000 -9999.000 -9999.000 -9999.000 -9999.000 -9999.000
-9999.000 -9999.000 -9999.000 -9999.000 -9999.000 -9999.000 -9999.000 0.4855687E-01 0.8125224E-01 0.1503641 0.1970217 0.1773268 0.1201593 0.5792082E-01 0.4914889E-01 0.6775999E-01 0.1159256 0.2039088 0.2124575 0.1983777 0.1776848 0.1357990 0.1216333 0.1551481 0.1810841 0.1224764 0.1009241 0.1120680 0.1313063 0.1553347 0.1473445 0.1177360 0.1074618 0.1222466 0.1047970 0.6250648E-01 0.6302205E-01 0.8937884E-01 0.8982663E-01 0.6911347E-01 -9999.000 -9999.000 -9999.000 -9999.000 -9999.000 -9999.000 -9999.000 -9999.000 -9999.000 -9999.000 -9999.000 -9999.000 -9999.000 -9999.000 -9999.000 -9999.000 -9999.000 -9999.000 -9999.000
-9999.000 -9999.000 -9999.000 -9999.000 -9999.000 -9999.000 -9999.000 -9999.000 0.4112878E-01 0.1100379 0.1637598 0.1614598 0.1037652 0.3646595E-01 0.2001219E-01 0.2753802E-01 0.6270770E-01 0.1324401 0.1349528 0.1125358 0.8910008E-01 0.9140896E-01 0.1141308 0.1916205 0.2249274 0.1718875 0.1594726 0.1704548 0.1799697 0.1942245 0.2068744 0.2025803 0.1519065 0.1207162 0.7223270E-01 0.2858924E-01 0.5559923E-01 0.9896427E-01 0.1108363 0.8595549E-01 -9999.000 -9999.000 -9999.000 -9999.000 -9999.000 -9999.000 -9999.000 -9999.000 -9999.000 -9999.000 -9999.000 -9999.000 -9999.000 -9999.000 -9999.000 -9999.000 -9999.000 -9999.000 -9999.000
-9999.000 -9999.000 -9999.000 -9999.000 -9999.000 -9999.000 -9999.000 -9999.000 -9999.000 0.6046397E-01 0.1221748 0.1427433 0.1110118 0.4490622E-01 0.1782604E-01 -9999.000 0.2585842E-01 0.5786894E-01 0.7806082E-01 0.8394923E-01 0.1062305 0.1056819 0.1098293 0.1827966 0.2263178 0.2097202 0.2029911 0.2057153 0.1857896 0.1802850 0.2268347 0.2337339 0.2048337 0.1405010 0.5679189E-01 0.4412120E-01 0.8724075E-01 0.1032411 0.9324595E-01 0.7915371E-01 0.3894517E-01 -9999.000 -9999.000 -9999.000 -9999.000 -9999.000 -9999.000 -9999.000 -9999.000 -9999.000 -9999.000 -9999.000 -9999.000 -9999.000 -9999.000 -9999.000 -9999.000 -9999.000 -9999.000
-9999.000 -9999.000 -9999.000 -9999.000 -9999.000 -9999.000 -9999.000 -9999.000 -9999.000 0.4848486E-01 0.1142700 0.1398948 0.1286402 0.8016025E-01 0.3469738E-01 -9999.000 0.1348244E-01 -9999.000 0.4840408E-01 0.6799963E-01 0.1024960 0.1328268 0.1296474 0.1703554 0.2234941 0.2161886 0.1971840 0.1705206 0.1023548 0.9933238E-01 0.1772952 0.1980403 0.1961238 0.1486984 0.1011129 0.1098494 0.1189738 0.1091171 0.9383532E-01 0.1084322 0.8246656E-01 -9999.000 -9999.000 -9999.000 -9999.000 -9999.000 -9999.000 -9999.000 -9999.000 -9999.000 -9999.000 -9999.000 -9999.000 -9999.000 -9999.000 -9999.000 -9999.000 -9999.000 -9999.000
-9999.000 -9999.000 -9999.000 -9999.000 -9999.000 -9999.000 -9999.000 -9999.000 -9999.000 -9999.000 0.7890582E-01 0.1133612 0.1301531 0.1074813 0.6662552E-01 0.2579719E-01 -9999.000 -9999.000 0.2979478E-01 0.4807241E-01 0.9058979E-01 0.1469608 0.1529140 0.1653459 0.2192259 0.1997425 0.1574213 0.1001409 0.9164804E-01 0.1159350 0.1356499 0.1411700 0.1490915 0.1273335 0.1235190 0.1526315 0.1462711 0.1228722 0.1333539 0.1515500 0.1127150 -9999.000 -9999.000 -9999.000 -9999.000 -9999.000 -9999.000 -9999.000 -9999.000 -9999.000 -9999.000 -9999.000 -9999.000 -9999.000 -9999.000 -9999.000 -9999.000 -9999.000 -9999.000
-9999.000 -9999.000 -9999.000 -9999.000 -9999.000 -9999.000 -9999.000 -9999.000 -9999.000 -9999.000 -9999.000 0.9996748E-01 0.1320117 0.1379132 0.9345734E-01 0.3698468E-01 -9999.000 0.1598426E-01 0.2267290E-01 0.3512084E-01 0.6653440E-01 0.1142696 0.1233884 0.1583743 0.1964969 0.1690529 0.1046815 0.6661215E-01 0.1213843 0.1672146 0.1571570 0.1292972 0.1309476 0.1145163 0.1176518 0.1631719 0.1531811 0.1265239 0.1448854 0.1786895 0.1394415 0.7257942E-01 -9999.000 -9999.000 -9999.000 -9999.000 -9999.000 -9999.000 -9999.000 -9999.000 -9999.000 -9999.000 -9999.000 -9999.000 -9999.000 -9999.000 -9999.000 -9999.000 -9999.000
-9999.000 -9999.000 -9999.000 -9999.000 -9999.000 -9999.000 -9999.000 -9999.000 -9999.000 -9999.000 -9999.000 0.5711854E-01 0.1075559 0.1420208 0.1242948 0.6515096E-01 -9999.000 -9999.000 -9999.000 -9999.000 0.3535113E-01 0.6815258E-01 0.8126315E-01 0.1240918 0.1714198 0.1429915 0.1265286 0.1236862 0.1660424 0.1960028 0.2015110 0.1676635 0.1736731 0.1681038 0.1697148 0.1925000 0.1705186 0.1545499 0.1657873 0.1888270 0.1665724 0.9447918E-01 0.4667698E-01 -9999.000 -9999.000 -9999.000 -9999.000 -9999.000 -9999.000 -9999.000 -9999.000 -9999.000 -9999.000 -9999.000 -9999.000 -9999.000 -9999.000 -9999.000 -9999.000
-9999.000 -9999.000 -9999.000 -9999.000 -9999.000 -9999.000 -9999.000 -9999.000 -9999.000 -9999.000 -9999.000 -9999.000 0.5495949E-01 0.1067243 0.1128932 0.8200327E-01 0.4122172E-01 -9999.000 -9999.000 -9999.000 0.1879900E-01 0.3087822E-01 0.3079112E-01 0.6617982E-01 0.1509731 0.1724415 0.1744964 0.2045625 0.2048957 0.1849408 0.2077366 0.2406954 0.2617941 0.2824139 0.2572385 0.2208470 0.1992801 0.2031061 0.2072523 0.2155071 0.1902508 0.1369720 0.8381503E-01 -9999.000 -9999.000 -9999.000 -9999.000 -9999.000 -9999.000 -9999.000 -9999.000 -9999.000 -9999.000 -9999.000 -9999.000 -9999.000 -9999.000 -9999.000 -9999.000
-9999.000 -9999.000 -9999.000 -9999.000 -9999.000 -9999.000 -9999.000 -9999.000 -9999.000 -9999.000 -9999.000 -9999.000 0.4358327E-01 0.1040043 0.1259911 0.1039485 0.6432953E-01 -9999.000 -9999.000 -9999.000 0.2018507E-01 0.2467788E-01 -9999.000 0.4297686E-01 0.1189532 0.1501858 0.1678434 0.2229529 0.2399801 0.1987209 0.2077251 0.2695030 0.2905958 0.3002838 0.2879984 0.2427432 0.2222941 0.2156390 0.2236275 0.2306626 0.2178754 0.1962547 0.1269515 0.3583194E-01 -9999.000 -9999.000 -9999.000 -9999.000 -9999.000 -9999.000 -9999.000 -9999.000 -9999.000 -9999.000 -9999.000 -9999.000 -9999.000 -9999.000 -9999.000
-9999.000 -9999.000 -9999.000 -9999.000 -9999.000 -9999.000 -9999.000 -9999.000 -9999.000 -9999.000 -9999.000 -9999.000 -9999.000 0.1121261 0.1372269 0.1285161 0.9121808E-01 0.4746809E-01 0.1814420E-01 0.1904436E-01 0.2256050E-01 0.2116526E-01 0.1550111E-01 0.3650182E-01 0.7652514E-01 0.8586858E-01 0.1032710 0.1772425 0.2282097 0.2194553 0.2351293 0.2764712 0.2654093 0.2536466 0.2546115 0.2441096 0.2110353 0.2064159 0.2077745 0.2229678 0.2297354 0.2136283 0.1621020 0.7484988E-01 -9999.000 -9999.000 -9999.000 -9999.000 -9999.000 -9999.000 -9999.000 -9999.000 -9999.000 -9999.000 -9999.000 -9999.000 -9999.000 -9999.000 -9999.000
-9999.000 -9999.000 -9999.000 -9999.000 -9999.000 -9999.000 -9999.000 -9999.000 -9999.000 -9999.000 -9999.000 -9999.000 -9999.000 0.1010319 0.1374725 0.1410336 0.1196591 0.6637249E-01 0.2289913E-01 0.2658683E-01 0.2666457E-01 0.2914198E-01 0.3594945E-01 0.4981542E-01 0.5994682E-01 0.4634385E-01 0.6105461E-01 0.1147493 0.1676387 0.1930302 0.2569273 0.2517399 0.1941146 0.1942955 0.2096584 0.1627697 0.1337066 0.1087486 0.1272128 0.1523886 0.1799209 0.1868006 0.1590211 0.9494418E-01 0.7490879E-01 -9999.000 -9999.000 -9999.000 -9999.000 -9999.000 -9999.000 -9999.000 -9999.000 -9999.000 -9999.000 -9999.000 -9999.000 -9999.000 -9999.000
-9999.000 -9999.000 -9999.000 -9999.000 -9999.000 -9999.000 -9999.000 -9999.000 -9999.000 -9999.000 -9999.000 -9999.000 -9999.000 0.7660448E-01 0.1210240 0.1377198 0.1277740 0.8324548E-01 0.4003486E-01 0.2409131E-01 0.2331616E-01 0.2637630E-01 0.4020931E-01 0.5087926E-01 0.4120118E-01 0.4932565E-01 0.8629551E-01 0.1220693 0.1541428 0.1877254 0.2164431 0.1761525 0.1359953 0.2116998 0.2400702 0.1839393 0.1182015 0.9498321E-01 0.1107205 0.1169944 0.1343837 0.1540204 0.1489507 0.1179473 0.8046640E-01 0.5429258E-01 -9999.000 -9999.000 -9999.000 -9999.000 -9999.000 -9999.000 -9999.000 -9999.000 -9999.000 -9999.000 -9999.000 -9999.000 -9999.000
-9999.000 -9999.000 -9999.000 -9999.000 -9999.000 -9999.000 -9999.000 -9999.000 -9999.000 -9999.000 -9999.000 -9999.000 -9999.000 0.6141495E-01 0.9428210E-01 0.1024048 0.1232921 0.1026193 0.4455587E-01 0.1552029E-01 -9999.000 -9999.000 -9999.000 0.2783532E-01 0.3781454E-01 0.6162147E-01 0.1237353 0.1511775 0.1558672 0.1475176 0.1485114 0.1299727 0.1256071 0.2126159 0.2775495 0.2648493 0.2115357 0.1449945 0.1391514 0.1587178 0.1637727 0.1599277 0.1556546 0.1251443 0.7579294E-01 0.3797991E-01 -9999.000 -9999.000 -9999.000 -9999.000 -9999.000 -9999.000 -9999.000 -9999.000 -9999.000 -9999.000 -9999.000 -9999.000 -9999.000
-9999.000 -9999.000 -9999.000 -9999.000 -9999.000 -9999.000 -9999.000 -9999.000 -9999.000 -9999.000 -9999.000 -9999.000 -9999.000 0.6549790E-01 0.8146457E-01 0.9311936E-01 0.1237400 0.1157860 0.6976886E-01 0.3868751E-01 0.1664542E-01 -9999.000 -9999.000 -9999.000 0.3539383E-01 0.4311752E-01 0.7915299E-01 0.1032102 0.1246280 0.1198651 0.1405684 0.1673267 0.1500248 0.1895427 0.2423791 0.2623966 0.2283225 0.1795609 0.1642052 0.1796824 0.1750312 0.1561496 0.1527788 0.1368855 0.1100771 0.7834140E-01 0.5813797E-01 -9999.000 -9999.000 -9999.000 -9999.000 -9999.000 -9999.000 -9999.000 -9999.000 -9999.000 -9999.000 -9999.000 -9999.000
