simulation_files/asc/Depth____93.0.asc
NCOLS       411
NROWS       131
XLLCENTER    2538020.000000
YLLCENTER    1152390.000000
CELLSIZE           1.000
NODATA_VALUE     -9999.0
[rows 26 to 51 of 131, columns 240 to 299 of 411]
1.567597 1.650537 1.697568 1.698927 1.704420 1.701722 1.691239 1.686511 1.687313 1.674190 1.679955 1.658723 1.535633 1.173770 0.9750738 0.9557527 0.9671781 0.9899388 1.014834 1.015022 0.9699010 0.8881754 0.8161026 0.7938050 0.7866344 0.7667760 0.7288965 0.6923678 0.6530240 0.6163457 0.5733965 0.5428094 0.5266556 0.5223393 0.5245398 0.5253083 0.5277869 0.5358016 0.5438863 0.5423901 0.5475820 0.5535696 0.5538325 0.5580946 0.5667253 0.5762011 0.5795077 0.5873130 0.5964568 0.5955293 0.5992727 0.6080208 0.6181932 0.6181851 0.6265002 0.6335720 0.6323244 0.6321802 0.6366965 0.6411423
1.460037 1.580268 1.651361 1.678736 1.693251 1.703176 1.711215 1.730919 1.749394 1.748198 1.731865 1.693764 1.602299 1.330292 1.010022 0.9466158 0.9348925 0.9416957 0.9685521 1.003710 1.009655 0.9739265 0.9013662 0.8242517 0.7812147 0.7608427 0.7586033 0.7491511 0.7187324 0.6801234 0.6394644 0.5854446 0.5400905 0.5016412 0.4769078 0.4604499 0.4587907 0.4624344 0.4670896 0.4644699 0.4693727 0.4717955 0.4681473 0.4743272 0.4820156 0.4872705 0.4872122 0.4939912 0.5003431 0.5027310 0.5025191 0.5114310 0.5176234 0.5231493 0.5344076 0.5440189 0.5484776 0.5527390 0.5609927 0.5639601
1.378455 1.548753 1.637468 1.669998 1.693695 1.717627 1.747394 1.792204 1.819327 1.828122 1.803758 1.760196 1.727008 1.498793 1.111994 0.9735383 0.9510022 0.9393047 0.9396451 0.9669732 1.010123 1.026576 0.9916785 0.9025576 0.8278501 0.7517314 0.7434192 0.7506625 0.7537690 0.7431201 0.7245481 0.6861335 0.6379291 0.5740983 0.5118593 0.4688217 0.4331570 0.4148566 0.4049890 0.4017368 0.4024563 0.4046599 0.4029853 0.4053888 0.4096036 0.4075625 0.4106392 0.4144196 0.4183735 0.4155988 0.4216032 0.4293440 0.4345423 0.4402491 0.4509045 0.4625686 0.4677030 0.4821732 0.4959292 0.5062773
1.304473 1.559224 1.637596 1.679971 1.711616 1.745400 1.792708 1.849027 1.877360 1.881814 1.858175 1.822513 1.798282 1.615595 1.241483 1.039836 0.9944899 0.9709953 0.9557210 0.9539119 0.9804398 1.019848 1.033485 0.9869307 0.9121097 0.8065823 0.7406290 0.7238111 0.7372854 0.7509407 0.7506527 0.7472376 0.7206162 0.7046559 0.6577594 0.5991998 0.5246550 0.4585804 0.4149213 0.3846743 0.3701097 0.3635983 0.3600259 0.3596765 0.3600391 0.3583462 0.3607640 0.3639116 0.3653553 0.3670016 0.3714012 0.3757284 0.3786246 0.3827888 0.3901552 0.3960227 0.4061223 0.4203720 0.4350605 0.4442416
1.112885 1.571321 1.650631 1.701585 1.739420 1.772487 1.821588 1.870719 1.895355 1.895034 1.875089 1.858887 1.852294 1.703050 1.284242 1.075930 1.039012 1.021015 0.9965218 0.9742626 0.9749361 1.001793 1.033280 1.047771 1.022616 0.9435944 0.8159207 0.7223495 0.7185214 0.7360351 0.7552791 0.7654490 0.7622262 0.7539346 0.7474351 0.7236334 0.6760461 0.6053171 0.5459075 0.4779523 0.4232120 0.3958440 0.3680549 0.3519456 0.3453926 0.3434203 0.3436351 0.3449030 0.3461566 0.3487783 0.3518311 0.3553692 0.3555793 0.3566030 0.3573738 0.3597162 0.3620931 0.3703109 0.3788575 0.3844277
-9999.000 -9999.000 1.680433 1.729858 1.768503 1.799854 1.842752 1.876077 1.888009 1.885790 1.880296 1.878427 1.871060 1.742644 1.460911 1.177499 1.090937 1.073524 1.051423 1.020458 1.001297 1.006154 1.030717 1.059555 1.079263 1.056317 0.9720456 0.8062011 0.7457857 0.7293007 0.7544297 0.7753027 0.7865254 0.7894325 0.7870000 0.7750270 0.7540066 0.7207648 0.6921220 0.6384753 0.5745529 0.5239864 0.4666245 0.4141835 0.3807579 0.3629626 0.3520130 0.3462569 0.3435468 0.3423002 0.3423880 0.3424943 0.3408342 0.3379411 0.3345415 0.3307025 0.3301672 0.3341040 0.3373350 0.3389574
-9999.000 -9999.000 -9999.000 -9999.000 1.797787 1.835102 1.874509 1.894602 1.895068 1.886127 1.885233 1.891008 1.866845 1.709608 1.520780 1.312377 1.167646 1.121518 1.105127 1.079443 1.048959 1.029014 1.036099 1.067151 1.098495 1.117512 1.101048 0.9735476 0.8531201 0.7592379 0.7630912 0.7756922 0.7918132 0.8094626 0.8078143 0.8001421 0.7846690 0.7690438 0.7521835 0.7319379 0.7051191 0.6690122 0.6227951 0.5614826 0.5075312 0.4460983 0.4031234 0.3736518 0.3551902 0.3409070 0.3332560 0.3257528 0.3183634 0.3122101 0.3069173 0.3011619 0.3030955 0.3073355 0.3100425 0.3093812
-9999.000 -9999.000 -9999.000 -9999.000 -9999.000 1.865994 1.909493 1.929580 1.917374 1.899332 1.891596 1.882281 1.839263 1.703730 1.582817 1.404315 1.258391 1.172588 1.150341 1.129767 1.094359 1.063889 1.061132 1.074976 1.115065 1.161628 1.188295 1.168709 1.030943 0.8746488 0.7979764 0.7709985 0.7784855 0.7968276 0.8087092 0.8152083 0.8094117 0.8103222 0.8023812 0.7983540 0.7874928 0.7646805 0.7302013 0.6942725 0.6530564 0.5924187 0.5228973 0.4743493 0.4340233 0.3926148 0.3551711 0.3289240 0.3068859 0.2921800 0.2853466 0.2843983 0.2875205 0.2917603 0.2933374 0.2941517
-9999.000 -9999.000 -9999.000 -9999.000 -9999.000 -9999.000 -9999.000 1.944654 1.927265 1.908089 1.895586 1.868005 1.809548 1.722913 1.629959 1.516036 1.351096 1.217303 1.174854 1.157183 1.139668 1.120546 1.097571 1.096678 1.132474 1.191814 1.235843 1.268848 1.186048 1.046818 0.8930026 0.7917916 0.7702667 0.7747898 0.7962651 0.8163084 0.8243743 0.8324783 0.8371459 0.8444052 0.8328194 0.8127615 0.7874682 0.7583121 0.7416349 0.7002825 0.6372532 0.5853139 0.5358916 0.4896124 0.4436839 0.4080423 0.3619952 0.3235352 0.3006203 0.2918752 0.2887763 0.2899261 0.2916275 0.2945972
-9999.000 -9999.000 -9999.000 -9999.000 -9999.000 -9999.000 -9999.000 -9999.000 -9999.000 1.904490 1.888238 1.858372 1.797408 1.735533 1.669795 1.601532 1.440229 1.298242 1.209830 1.175299 1.171181 1.169733 1.150475 1.130624 1.141319 1.176233 1.233546 1.280653 1.275220 1.179708 1.029553 0.8917852 0.8173650 0.7738170 0.7881395 0.8091167 0.8328775 0.8459126 0.8494485 0.8536991 0.8598936 0.8556447 0.8370039 0.8095673 0.7782441 0.7499914 0.7111522 0.6661499 0.6160545 0.5703951 0.5406768 0.5153053 0.4857557 0.4463322 0.4119857 0.3602719 0.3198039 0.3009121 0.2985340 0.3024907
-9999.000 -9999.000 -9999.000 -9999.000 -9999.000 -9999.000 -9999.000 -9999.000 -9999.000 -9999.000 1.869172 1.840874 1.810079 1.759725 1.691036 1.617258 1.514413 1.382421 1.269949 1.204530 1.190870 1.191141 1.188495 1.160921 1.134291 1.131856 1.181668 1.241127 1.292747 1.257127 1.156729 1.023724 0.9180911 0.8453554 0.7972197 0.8007823 0.8217559 0.8431896 0.8552050 0.8615261 0.8686894 0.8714934 0.8702613 0.8482564 0.8219065 0.7949960 0.7671581 0.7407461 0.7012757 0.6521322 0.6167055 0.5943626 0.5807344 0.5727088 0.5594793 0.5120370 0.4417210 0.3786044 0.3360892 0.3216890
-9999.000 -9999.000 -9999.000 -9999.000 -9999.000 -9999.000 -9999.000 -9999.000 -9999.000 -9999.000 -9999.000 -9999.000 1.794145 1.753690 1.687090 1.619401 1.549104 1.450893 1.334031 1.238965 1.205221 1.194298 1.185328 1.169227 1.129443 1.080458 1.104567 1.164501 1.250300 1.280559 1.249587 1.147185 1.034994 0.9549044 0.8880069 0.8318479 0.8052169 0.8209799 0.8412538 0.8550248 0.8597272 0.8617268 0.8690133 0.8703009 0.8623292 0.8524378 0.8269333 0.8120962 0.7847557 0.7480402 0.7085863 0.6662386 0.6402616 0.6334716 0.6301564 0.6323267 0.6056357 0.5581885 0.4815019 0.4147189
-9999.000 -9999.000 -9999.000 -9999.000 -9999.000 -9999.000 -9999.000 -9999.000 -9999.000 -9999.000 -9999.000 -9999.000 -9999.000 -9999.000 1.672884 1.626179 1.566537 1.509632 1.395814 1.280031 1.221177 1.206639 1.179290 1.155751 1.132962 1.073923 1.026161 1.058808 1.158593 1.230693 1.277502 1.256134 1.114945 1.013099 0.9786226 0.9180691 0.8427848 0.7947474 0.7947829 0.8130590 0.8282504 0.8395786 0.8530341 0.8754230 0.8907338 0.8976034 0.8854603 0.8701263 0.8488201 0.8248838 0.8045827 0.7681386 0.7141188 0.6879587 0.6753059 0.6623559 0.6633749 0.6648806 0.6525236 0.6099798
-9999.000 -9999.000 -9999.000 -9999.000 -9999.000 -9999.000 -9999.000 -9999.000 -9999.000 -9999.000 -9999.000 -9999.000 -9999.000 -9999.000 -9999.000 -9999.000 1.578310 1.519353 1.414135 1.308195 1.254641 1.242158 1.204157 1.145615 1.149488 1.106043 1.002033 0.9315335 0.9958473 1.115977 1.215262 1.297445 1.205448 1.055266 0.9759676 0.9523587 0.9156753 0.8292875 0.7728596 0.7565565 0.7869910 0.8055230 0.8370672 0.8576376 0.8831739 0.9059880 0.9102819 0.9062591 0.8944091 0.8745265 0.8511495 0.8184175 0.7843047 0.7451637 0.7274383 0.7063472 0.6962386 0.6934607 0.6999966 0.7013768
-9999.000 -9999.000 -9999.000 -9999.000 -9999.000 -9999.000 -9999.000 -9999.000 -9999.000 -9999.000 -9999.000 -9999.000 -9999.000 -9999.000 -9999.000 -9999.000 -9999.000 1.503485 1.405887 1.341850 1.323688 1.292611 1.235810 1.155625 1.123075 1.094444 1.010734 0.7874756 0.7462230 0.8764568 1.039005 1.206505 1.232343 1.107793 0.9613077 0.9149416 0.9138111 0.8993749 0.8232871 0.7541527 0.7353772 0.7560687 0.7887621 0.8116191 0.8391171 0.8671434 0.8936809 0.8996596 0.9011912 0.8875806 0.8720277 0.8566832 0.8313937 0.7984791 0.7715542 0.7561644 0.7422338 0.7319825 0.7253124 0.7185086
-9999.000 -9999.000 -9999.000 -9999.000 -9999.000 -9999.000 -9999.000 -9999.000 -9999.000 -9999.000 -9999.000 -9999.000 -9999.000 -9999.000 -9999.000 -9999.000 -9999.000 -9999.000 -9999.000 1.384455 1.369575 1.321846 1.238970 1.130571 1.070576 1.021713 0.9258972 0.6424880 0.4761924 0.5868545 0.7951077 0.9607185 1.107656 1.122636 1.009540 0.8755271 0.8545475 0.8907343 0.8741336 0.8191061 0.7288113 0.6999729 0.7131982 0.7363078 0.7669306 0.7933293 0.8289999 0.8470696 0.8696562 0.8675956 0.8625667 0.8521495 0.8434297 0.8314074 0.8013698 0.7858887 0.7607157 0.7519907 0.7270932 0.6863656
-9999.000 -9999.000 -9999.000 -9999.000 -9999.000 -9999.000 -9999.000 -9999.000 -9999.000 -9999.000 -9999.000 -9999.000 -9999.000 -9999.000 -9999.000 -9999.000 -9999.000 -9999.000 -9999.000 -9999.000 1.356356 1.291900 1.179256 1.061544 0.9730211 0.8853931 0.7588293 0.4913160 0.3045616 0.3329796 0.4422693 0.5403577 0.8482142 0.9810546 1.002977 0.8736849 0.7930831 0.7911301 0.8362902 0.8516427 0.7988365 0.6974930 0.6358528 0.6457400 0.6744803 0.7038754 0.7407763 0.7766750 0.8174221 0.8376941 0.8426939 0.8378331 0.8244570 0.8127531 0.7873033 0.7490538 0.7097986 0.6872929 0.6493661 0.6142124
-9999.000 -9999.000 -9999.000 -9999.000 -9999.000 -9999.000 -9999.000 -9999.000 -9999.000 -9999.000 -9999.000 -9999.000 -9999.000 -9999.000 -9999.000 -9999.000 -9999.000 -9999.000 -9999.000 -9999.000 -9999.000 -9999.000 1.090354 0.9715354 0.8477766 0.7336850 0.5230155 0.3089126 0.1186674 0.1346703 0.1844565 0.2718527 0.4638076 0.6997610 0.8355698 0.7967375 0.7271965 0.6776201 0.7193052 0.7737917 0.8342221 0.7486807 0.6354641 0.5700409 0.5800103 0.6055746 0.6471476 0.6893110 0.7381011 0.7842342 0.7946075 0.7863580 0.7712820 0.7383449 0.7182450 0.6784174 0.6436280 0.6098101 0.5991472 0.5899140
-9999.000 -9999.000 -9999.000 -9999.000 -9999.000 -9999.000 -9999.000 -9999.000 -9999.000 -9999.000 -9999.000 -9999.000 -9999.000 -9999.000 -9999.000 -9999.000 -9999.000 -9999.000 -9999.000 -9999.000 -9999.000 -9999.000 -9999.000 -9999.000 0.7455482 0.5762826 0.3133828 0.1530005 -9999.000 -9999.000 -9999.000 -9999.000 0.1841784 0.4345568 0.5545460 0.5708197 0.5566502 0.5362963 0.5265676 0.6067646 0.7281722 0.7595910 0.7014261 0.5633056 0.5011508 0.5057582 0.5427956 0.5769157 0.6238655 0.6715184 0.7034815 0.7120536 0.7112439 0.6920464 0.6787571 0.6561957 0.6336678 0.5949886 0.5874244 0.5844664
-9999.000 -9999.000 -9999.000 -9999.000 -9999.000 -9999.000 -9999.000 -9999.000 -9999.000 -9999.000 -9999.000 -9999.000 -9999.000 -9999.000 -9999.000 -9999.000 -9999.000 -9999.000 -9999.000 -9999.000 -9999.000 -9999.000 -9999.000 -9999.000 -9999.000 0.4008972 0.1622900 -9999.000 -9999.000 -9999.000 -9999.000 -9999.000 -9999.000 -9999.000 -9999.000 0.3466184 0.3557150 0.2951291 0.2703492 0.3351077 0.4892968 0.6223607 0.6902329 0.6198072 0.4703441 0.4138915 0.4344821 0.4627244 0.5017980 0.5464929 0.6061081 0.6520072 0.6798002 0.6874113 0.6897638 0.6794675 0.6671091 0.6445425 0.6136469 0.5849755
-9999.000 -9999.000 -9999.000 -9999.000 -9999.000 -9999.000 -9999.000 -9999.000 -9999.000 -9999.000 -9999.000 -9999.000 -9999.000 -9999.000 -9999.000 -9999.000 -9999.000 -9999.000 -9999.000 -9999.000 -9999.000 -9999.000 -9999.000 -9999.000 -9999.000 -9999.000 -9999.000 -9999.000 -9999.000 -9999.000 -9999.000 -9999.000 -9999.000 -9999.000 -9999.000 -9999.000 -9999.000 0.9004778E-01 0.7112726E-01 0.1287893 0.2230992 0.3790782 0.5115932 0.6256325 0.5090730 0.3796612 0.3490696 0.3675682 0.3965345 0.4335488 0.5038003 0.5621256 0.6261633 0.6598965 0.6857656 0.6921494 0.6914858 0.6846557 0.6547084 0.6196749
-9999.000 -9999.000 -9999.000 -9999.000 -9999.000 -9999.000 -9999.000 -9999.000 -9999.000 -9999.000 -9999.000 -9999.000 -9999.000 -9999.000 -9999.000 -9999.000 -9999.000 -9999.000 -9999.000 -9999.000 -9999.000 -9999.000 -9999.000 -9999.000 -9999.000 -9999.000 -9999.000 -9999.000 -9999.000 -9999.000 -9999.000 -9999.000 -9999.000 -9999.000 -9999.000 -9999.000 -9999.000 -9999.000 -9999.000 -9999.000 -9999.000 0.1413757 0.2606850 0.4294430 0.4859394 0.3888771 0.2868885 0.2866035 0.3067540 0.3324607 0.3822671 0.4494085 0.5271254 0.5911491 0.6427151 0.6705005 0.6894327 0.7003824 0.6915284 0.6733686
-9999.000 -9999.000 -9999.000 -9999.000 -9999.000 -9999.000 -9999.000 -9999.000 -9999.000 -9999.000 -9999.000 -9999.000 -9999.000 -9999.000 -9999.000 -9999.000 -9999.000 -9999.000 -9999.000 -9999.000 -9999.000 -9999.000 -9999.000 -9999.000 -9999.000 -9999.000 -9999.000 -9999.000 -9999.000 -9999.000 -9999.000 -9999.000 -9999.000 -9999.000 -9999.000 -9999.000 -9999.000 -9999.000 -9999.000 -9999.000 -9999.000 -9999.000 -9999.000 0.1843236 0.3549154 0.3342261 0.2541044 0.2210694 0.2228165 0.2397385 0.2723018 0.3188736 0.3882286 0.4681816 0.5508794 0.6084058 0.6474583 0.6854963 0.6980265 0.6996516
-9999.000 -9999.000 -9999.000 -9999.000 -9999.000 -9999.000 -9999.000 -9999.000 -9999.000 -9999.000 -9999.000 -9999.000 -9999.000 -9999.000 -9999.000 -9999.000 -9999.000 -9999.000 -9999.000 -9999.000 -9999.000 -9999.000 -9999.000 -9999.000 -9999.000 -9999.000 -9999.000 -9999.000 -9999.000 -9999.000 -9999.000 -9999.000 -9999.000 -9999.000 -9999.000 -9999.000 -9999.000 -9999.000 -9999.000 -9999.000 -9999.000 -9999.000 -9999.000 -9999.000 -9999.000 0.2152987 0.1725696 0.1543805 0.1499378 0.1500872 0.1749712 0.1999862 0.2409124 0.3134739 0.3858953 0.4954871 0.5446426 0.6066047 0.6372826 0.6647784
-9999.000 -9999.000 -9999.000 -9999.000 -9999.000 -9999.000 -9999.000 -9999.000 -9999.000 -9999.000 -9999.000 -9999.000 -9999.000 -9999.000 -9999.000 -9999.000 -9999.000 -9999.000 -9999.000 -9999.000 -9999.000 -9999.000 -9999.000 -9999.000 -9999.000 -9999.000 -9999.000 -9999.000 -9999.000 -9999.000 -9999.000 -9999.000 -9999.000 -9999.000 -9999.000 -9999.000 -9999.000 -9999.000 -9999.000 -9999.000 -9999.000 -9999.000 -9999.000 -9999.000 -9999.000 -9999.000 0.8177183E-01 0.8045500E-01 0.7750456E-01 0.7648649E-01 0.8446486E-01 0.9183472E-01 0.1116480 0.1477783 0.1931238 0.2883071 0.3629488 0.4388234 0.4886387 0.5359660
-9999.000 -9999.000 -9999.000 -9999.000 -9999.000 -9999.000 -9999.000 -9999.000 -9999.000 -9999.000 -9999.000 -9999.000 -9999.000 -9999.000 -9999.000 -9999.000 -9999.000 -9999.000 -9999.000 -9999.000 -9999.000 -9999.000 -9999.000 -9999.000 -9999.000 -9999.000 -9999.000 -9999.000 -9999.000 -9999.000 -9999.000 -9999.000 -9999.000 -9999.000 -9999.000 -9999.000 -9999.000 -9999.000 -9999.000 -9999.000 -9999.000 -9999.000 -9999.000 -9999.000 -9999.000 -9999.000 -9999.000 -9999.000 0.2867931E-01 0.3285794E-01 0.3167639E-01 0.3322495E-01 0.3370995E-01 0.4474700E-01 0.6224493E-01 0.8693196E-01 0.1634029 0.2188088 0.3030670 0.3627521
