simulation_files/asc/Depth____270.0.asc
NCOLS       216
NROWS       273
XLLCENTER        494.688995
YLLCENTER        787.867981
CELLSIZE           0.500
NODATA_VALUE     -9999.0
[rows 182 to 207 of 273, columns 120 to 179 of 216]
-9999.000 -9999.000 -9999.000 -9999.000 -9999.000 -9999.000 -9999.000 -9999.000 -9999.000 0.8416699E-01 0.1605842 0.2425433 0.2482961 0.1967189 0.1184997 0.6864401E-01 0.3233625E-01 0.5201742E-01 0.7928581E-01 0.7485079E-01 0.7722088E-01 0.1429068 0.2257605 0.2133118 0.2301963 0.2797668 0.2864251 0.2603403 0.2794081 0.3203360 0.3515321 0.3788756 0.3565811 0.3163399 0.2945386 0.3017320 0.3022360 0.3054533 0.2747959 0.2191303 0.1519282 0.7226980E-01 -9999.000 -9999.000 -9999.000 -9999.000 -9999.000 -9999.000 -9999.000 -9999.000 -9999.000 -9999.000 -9999.000 -9999.000 -9999.000 -9999.000 -9999.000 -9999.000 -9999.000 -9999.000
-9999.000 -9999.000 -9999.000 -9999.000 -9999.000 -9999.000 -9999.000 -9999.000 -9999.000 0.4784811E-01 0.1368975 0.2147205 0.2434540 0.2193931 0.1729134 0.1121484 0.6046513E-01 0.5579760E-01 0.7021532E-01 0.5970346E-01 0.6433144E-01 0.1122957 0.1677762 0.1876050 0.2288233 0.3025826 0.3229455 0.2734592 0.2852403 0.3576124 0.3848096 0.3955476 0.3853098 0.3380935 0.3229331 0.3152146 0.3184099 0.3207488 0.3026215 0.2794390 0.1921931 0.8240560E-01 -9999.000 -9999.000 -9999.000 -9999.000 -9999.000 -9999.000 -9999.000 -9999.000 -9999.000 -9999.000 -9999.000 -9999.000 -9999.000 -9999.000 -9999.000 -9999.000 -9999.000 -9999.000
-9999.000 -9999.000 -9999.000 -9999.000 -9999.000 -9999.000 -9999.000 -9999.000 -9999.000 0.3191458E-01 0.1177357 0.2143085 0.2493298 0.2480455 0.2142289 0.1605472 0.1056086 0.6706920E-01 0.5830811E-01 0.5425934E-01 0.6203452E-01 0.7816366E-01 0.9625619E-01 0.1224221 0.1810977 0.2623898 0.3097070 0.2934254 0.3196888 0.3679859 0.3485359 0.3358968 0.3409117 0.3246907 0.2801993 0.2767443 0.2843042 0.2987296 0.3051548 0.2936145 0.2420190 0.1348812 0.6365458E-01 -9999.000 -9999.000 -9999.000 -9999.000 -9999.000 -9999.000 -9999.000 -9999.000 -9999.000 -9999.000 -9999.000 -9999.000 -9999.000 -9999.000 -9999.000 -9999.000 -9999.000
-9999.000 -9999.000 -9999.000 -9999.000 -9999.000 -9999.000 -9999.000 -9999.000 -9999.000 0.1495055E-01 0.1161642 0.2124787 0.2600887 0.2646526 0.2458377 0.1992293 0.1340909 0.7917839E-01 0.6220697E-01 0.6815699E-01 0.7883201E-01 0.7380923E-01 0.6928692E-01 0.9344258E-01 0.1388870 0.1986128 0.2511057 0.2765575 0.3413695 0.3158848 0.2491550 0.2646808 0.2819438 0.2142906 0.1784313 0.1579942 0.1928019 0.2171513 0.2529160 0.2633115 0.2323421 0.1663771 0.1258342 0.7188555E-01 -9999.000 -9999.000 -9999.000 -9999.000 -9999.000 -9999.000 -9999.000 -9999.000 -9999.000 -9999.000 -9999.000 -9999.000 -9999.000 -9999.000 -9999.000 -9999.000
-9999.000 -9999.000 -9999.000 -9999.000 -9999.000 -9999.000 -9999.000 -9999.000 -9999.000 -9999.000 -9999.000 0.1867444 0.2505652 0.2642502 0.2575654 0.2117922 0.1457090 0.8177445E-01 0.5368046E-01 0.5419271E-01 0.7271020E-01 0.7202587E-01 0.7288269E-01 0.1035425 0.1580999 0.2032596 0.2385133 0.2613817 0.2714132 0.2220474 0.1968394 0.2983002 0.3218737 0.2693432 0.1942863 0.1718008 0.1879052 0.2072159 0.2232901 0.2348723 0.2231843 0.1900102 0.1541263 0.1079473 -9999.000 -9999.000 -9999.000 -9999.000 -9999.000 -9999.000 -9999.000 -9999.000 -9999.000 -9999.000 -9999.000 -9999.000 -9999.000 -9999.000 -9999.000 -9999.000
-9999.000 -9999.000 -9999.000 -9999.000 -9999.000 -9999.000 -9999.000 -9999.000 -9999.000 -9999.000 -9999.000 0.1592194 0.2231791 0.2355527 0.2436886 0.2024378 0.1199896 0.7649893E-01 0.5404354E-01 0.3758268E-01 0.4360800E-01 0.6380675E-01 0.8021451E-01 0.1241399 0.1983199 0.2228480 0.2138544 0.1935191 0.2037003 0.2028175 0.2132603 0.3013578 0.3677163 0.3468447 0.2834247 0.2133179 0.2194998 0.2404148 0.2334926 0.2151008 0.2127542 0.1830099 0.1401036 0.9661342E-01 0.5489354E-01 -9999.000 -9999.000 -9999.000 -9999.000 -9999.000 -9999.000 -9999.000 -9999.000 -9999.000 -9999.000 -9999.000 -9999.000 -9999.000 -9999.000 -9999.000
-9999.000 -9999.000 -9999.000 -9999.000 -9999.000 -9999.000 -9999.000 -9999.000 -9999.000 -9999.000 -9999.000 0.1528621 0.2036870 0.2050087 0.2204524 0.1973352 0.1395044 0.1104002 0.8300084E-01 0.5353614E-01 0.3574393E-01 0.4056337E-01 0.6160711E-01 0.1049085 0.1420641 0.1493438 0.1763053 0.1787000 0.2228106 0.2566419 0.2384092 0.2709509 0.3214836 0.3073905 0.2730695 0.2405695 0.2327763 0.2197270 0.1897240 0.1993592 0.2157475 0.2070178 0.1943875 0.1586296 0.1189405 0.7714157E-01 -9999.000 -9999.000 -9999.000 -9999.000 -9999.000 -9999.000 -9999.000 -9999.000 -9999.000 -9999.000 -9999.000 -9999.000 -9999.000 -9999.000
-9999.000 -9999.000 -9999.000 -9999.000 -9999.000 -9999.000 -9999.000 -9999.000 -9999.000 -9999.000 -9999.000 0.1060726 0.1705120 0.2022208 0.2245744 0.2223560 0.1982969 0.1723931 0.1277153 0.9794265E-01 0.5002483E-01 0.2329646E-01 0.3567504E-01 0.6746141E-01 0.8360904E-01 0.1012644 0.1856075 0.2272479 0.2709290 0.2975887 0.2864714 0.2740195 0.2664950 0.2385149 0.2464195 0.2534614 0.2467053 0.1947467 0.1939418 0.2301015 0.2468223 0.2433459 0.2562987 0.2380556 0.1983228 0.1216332 -9999.000 -9999.000 -9999.000 -9999.000 -9999.000 -9999.000 -9999.000 -9999.000 -9999.000 -9999.000 -9999.000 -9999.000 -9999.000 -9999.000
-9999.000 -9999.000 -9999.000 -9999.000 -9999.000 -9999.000 -9999.000 -9999.000 -9999.000 -9999.000 -9999.000 -9999.000 0.1161310 0.1708014 0.2086837 0.2260384 0.2297308 0.2225291 0.1734736 0.1339752 0.7702531E-01 0.2102319E-01 0.2013663E-01 0.3224060E-01 0.5229557E-01 0.9854447E-01 0.1766586 0.2304766 0.2709346 0.2969039 0.2850943 0.2877490 0.2977550 0.2668572 0.2620878 0.3054544 0.2675552 0.2318318 0.2631920 0.2933157 0.2926810 0.2841976 0.3038736 0.2848416 0.2434559 0.1546529 0.4662622E-01 -9999.000 -9999.000 -9999.000 -9999.000 -9999.000 -9999.000 -9999.000 -9999.000 -9999.000 -9999.000 -9999.000 -9999.000 -9999.000
-9999.000 -9999.000 -9999.000 -9999.000 -9999.000 -9999.000 -9999.000 -9999.000 -9999.000 -9999.000 -9999.000 -9999.000 0.6351860E-01 0.1162012 0.1708732 0.2078499 0.2432536 0.2499979 0.2215031 0.1814820 0.1264449 0.5995643E-01 0.3442958E-01 0.3732058E-01 0.4668905E-01 0.7565221E-01 0.1260520 0.1856260 0.2358245 0.2690201 0.2649676 0.2772681 0.2929484 0.2547228 0.2787181 0.3158527 0.2644193 0.2710052 0.3330044 0.3579952 0.3280844 0.3240474 0.3413602 0.2877957 0.2276824 0.1364731 0.4682044E-01 -9999.000 -9999.000 -9999.000 -9999.000 -9999.000 -9999.000 -9999.000 -9999.000 -9999.000 -9999.000 -9999.000 -9999.000 -9999.000
-9999.000 -9999.000 -9999.000 -9999.000 -9999.000 -9999.000 -9999.000 -9999.000 -9999.000 -9999.000 -9999.000 -9999.000 -9999.000 0.6890880E-01 0.1283593 0.1923161 0.2221192 0.2545915 0.2587092 0.2182297 0.1691847 0.1148946 0.7070495E-01 0.4414901E-01 0.3521662E-01 0.4209872E-01 0.7539748E-01 0.1452808 0.2163970 0.2579676 0.2337578 0.2232255 0.2192036 0.2291352 0.3006398 0.3249356 0.2770658 0.2995327 0.3756719 0.3916701 0.3601623 0.3262677 0.2700594 0.2064604 0.1676106 0.1214513 0.8831996E-01 0.5889019E-01 -9999.000 -9999.000 -9999.000 -9999.000 -9999.000 -9999.000 -9999.000 -9999.000 -9999.000 -9999.000 -9999.000 -9999.000
-9999.000 -9999.000 -9999.000 -9999.000 -9999.000 -9999.000 -9999.000 -9999.000 -9999.000 -9999.000 -9999.000 -9999.000 -9999.000 0.4392309E-01 0.1146262 0.1360809 0.1345736 0.1742441 0.2188369 0.2137617 0.1976830 0.1590241 0.1062627 0.6468883E-01 0.3744809E-01 0.2469949E-01 0.4028709E-01 0.1063193 0.1907701 0.2222465 0.1637005 0.1918434 0.2257663 0.2468510 0.3148046 0.3398602 0.3124713 0.3309995 0.3675671 0.3795129 0.3326656 0.2377009 0.2003799 0.1649253 0.1792809 0.1942778 0.1742481 0.1368896 0.1050490 -9999.000 -9999.000 -9999.000 -9999.000 -9999.000 -9999.000 -9999.000 -9999.000 -9999.000 -9999.000 -9999.000
-9999.000 -9999.000 -9999.000 -9999.000 -9999.000 -9999.000 -9999.000 -9999.000 -9999.000 -9999.000 -9999.000 -9999.000 -9999.000 -9999.000 0.8394004E-01 0.7943025E-01 -9999.000 0.5885096E-01 0.1220316 0.1800759 0.2169595 0.1908514 0.1570766 0.1094842 0.7140481E-01 0.6335709E-01 0.4163068E-01 0.8162127E-01 0.1554947 0.1652706 0.1367809 0.1915589 0.2459970 0.2689494 0.3049804 0.3341494 0.3304681 0.3265276 0.3381964 0.3337988 0.2826125 0.2692583 0.2443929 0.2394941 0.2646271 0.2684555 0.2597923 0.2526054 0.1819989 0.8875861E-01 -9999.000 -9999.000 -9999.000 -9999.000 -9999.000 -9999.000 -9999.000 -9999.000 -9999.000 -9999.000
-9999.000 -9999.000 -9999.000 -9999.000 -9999.000 -9999.000 -9999.000 -9999.000 -9999.000 -9999.000 -9999.000 -9999.000 -9999.000 -9999.000 -9999.000 -9999.000 0.3725833E-01 0.6096905E-01 0.8511046E-01 0.1272897 0.1784199 0.1912234 0.1638164 0.1130675 0.7234710E-01 0.4691970E-01 0.3319330E-01 0.4994194E-01 0.8887689E-01 0.1234299 0.1311254 0.1706431 0.2312279 0.2583318 0.2848301 0.3034542 0.3142042 0.3091892 0.3204653 0.3312427 0.3314879 0.3377079 0.3136405 0.3025413 0.2970838 0.2983561 0.2833932 0.2720935 0.2057421 0.1160488 -9999.000 -9999.000 -9999.000 -9999.000 -9999.000 -9999.000 -9999.000 -9999.000 -9999.000 -9999.000
-9999.000 -9999.000 -9999.000 -9999.000 -9999.000 -9999.000 -9999.000 -9999.000 -9999.000 -9999.000 -9999.000 -9999.000 -9999.000 -9999.000 -9999.000 -9999.000 0.5066577E-01 0.9567262E-01 0.1002603 0.1074022 0.1448005 0.1617802 0.1459531 0.1147895 0.7527970E-01 0.4201507E-01 0.2235069E-01 -9999.000 -9999.000 -9999.000 0.1064853 0.1392556 0.1809531 0.2052810 0.2481120 0.2949064 0.2991695 0.2927929 0.3215095 0.3732124 0.3920964 0.3869515 0.3359065 0.3040190 0.3190947 0.3208937 0.2944406 0.2373426 0.1605086 0.1120750 -9999.000 -9999.000 -9999.000 -9999.000 -9999.000 -9999.000 -9999.000 -9999.000 -9999.000 -9999.000
-9999.000 -9999.000 -9999.000 -9999.000 -9999.000 -9999.000 -9999.000 -9999.000 -9999.000 -9999.000 -9999.000 -9999.000 -9999.000 -9999.000 -9999.000 -9999.000 -9999.000 0.8403803E-01 0.7942800E-01 0.9476554E-01 0.1020862 0.1321707 0.1544944 0.1370306 0.1056836 0.6937275E-01 0.3542437E-01 -9999.000 -9999.000 -9999.000 0.4849636E-01 0.1006180 0.1196478 0.1317756 0.1896442 0.2508731 0.2500934 0.2519517 0.3148704 0.3847250 0.4135371 0.3874182 0.3296471 0.3043331 0.3072262 0.2734261 0.2292439 0.1746868 0.1295852 0.1107407 -9999.000 -9999.000 -9999.000 -9999.000 -9999.000 -9999.000 -9999.000 -9999.000 -9999.000 -9999.000
-9999.000 -9999.000 -9999.000 -9999.000 -9999.000 -9999.000 -9999.000 -9999.000 -9999.000 -9999.000 -9999.000 -9999.000 -9999.000 -9999.000 -9999.000 -9999.000 -9999.000 0.6867561E-01 0.1147860 0.7551218E-01 0.4842040E-01 0.8145310E-01 0.1192012 0.1220060 0.1173020 0.9696291E-01 0.4917137E-01 0.2096821E-01 -9999.000 -9999.000 -9999.000 0.5603620E-01 0.7248134E-01 0.8815394E-01 0.1323329 0.1824519 0.1940052 0.2395090 0.3222522 0.3685830 0.3718153 0.3458615 0.3070926 0.2715554 0.2559947 0.1953746 0.1550711 0.1355068 0.1409361 0.1362389 0.1065081 -9999.000 -9999.000 -9999.000 -9999.000 -9999.000 -9999.000 -9999.000 -9999.000 -9999.000
-9999.000 -9999.000 -9999.000 -9999.000 -9999.000 -9999.000 -9999.000 -9999.000 -9999.000 -9999.000 -9999.000 -9999.000 -9999.000 -9999.000 -9999.000 -9999.000 -9999.000 -9999.000 0.1211223 0.5964271E-01 0.3835544E-01 0.7485577E-01 0.9371875E-01 0.8792789E-01 0.1116149 0.9871580E-01 -9999.000 0.1399049E-01 -9999.000 -9999.000 -9999.000 0.2936840E-01 0.3791991E-01 0.8276054E-01 0.1408838 0.1800223 0.2097188 0.2623145 0.2933324 0.3188002 0.3091226 0.2891610 0.2715958 0.2738334 0.2467814 0.2374176 0.2168362 0.1627850 0.1654355 0.1875134 0.1618599 0.7786729E-01 -9999.000 -9999.000 -9999.000 -9999.000 -9999.000 -9999.000 -9999.000 -9999.000
-9999.000 -9999.000 -9999.000 -9999.000 -9999.000 -9999.000 -9999.000 -9999.000 -9999.000 -9999.000 -9999.000 -9999.000 -9999.000 -9999.000 -9999.000 -9999.000 -9999.000 0.1274124 0.8222038E-01 0.4980030E-01 0.8033428E-01 0.1307150 0.1385504 0.9769912E-01 0.1028875 0.8683402E-01 0.5603801E-01 -9999.000 -9999.000 -9999.000 -9999.000 -9999.000 -9999.000 0.7404908E-01 0.1586184 0.2119115 0.2451703 0.2357238 0.2243879 0.2349674 0.2611311 0.2341540 0.2431509 0.2842683 0.2724663 0.2831671 0.2619454 0.2067584 0.1936426 0.2247535 0.2017339 0.9366349E-01 0.3904684E-01 -9999.000 -9999.000 -9999.000 -9999.000 -9999.000 -9999.000 -9999.000
-9999.000 -9999.000 -9999.000 -9999.000 -9999.000 -9999.000 -9999.000 -9999.000 -9999.000 -9999.000 -9999.000 -9999.000 -9999.000 -9999.000 -9999.000 -9999.000 0.6619524E-01 0.1265406 0.1017852 0.7978460E-01 0.1518947 0.1985612 0.1810821 0.1314043 0.1221025 0.9153041E-01 0.3774518E-01 -9999.000 -9999.000 -9999.000 -9999.000 -9999.000 -9999.000 0.5877963E-01 0.1303464 0.1712738 0.1913172 0.1968036 0.2010939 0.2140969 0.2153870 0.1882666 0.1878584 0.2643134 0.2932436 0.2817655 0.2549273 0.2209676 0.2097360 0.2192819 0.2062282 0.1089008 0.4770867E-01 -9999.000 -9999.000 -9999.000 -9999.000 -9999.000 -9999.000 -9999.000
-9999.000 -9999.000 -9999.000 -9999.000 -9999.000 -9999.000 -9999.000 -9999.000 -9999.000 -9999.000 -9999.000 -9999.000 -9999.000 -9999.000 -9999.000 -9999.000 -9999.000 0.7755187E-01 0.9380771E-01 0.9741365E-01 0.1479165 0.1768723 0.1645393 0.1757547 0.1746242 0.1213898 -9999.000 -9999.000 -9999.000 -9999.000 -9999.000 -9999.000 -9999.000 0.3876732E-01 0.7053685E-01 0.7849635E-01 0.1189783 0.1626533 0.2067673 0.2109988 0.2121499 0.1995898 0.1917018 0.2428682 0.2756585 0.2785918 0.2649259 0.2269123 0.2262564 0.2376778 0.1909597 0.1259167 0.9395956E-01 0.3726166E-01 -9999.000 -9999.000 -9999.000 -9999.000 -9999.000 -9999.000
-9999.000 -9999.000 -9999.000 -9999.000 -9999.000 -9999.000 -9999.000 -9999.000 -9999.000 -9999.000 -9999.000 -9999.000 -9999.000 -9999.000 -9999.000 -9999.000 -9999.000 0.3664604E-01 0.6077052E-01 0.7544924E-01 0.1081476 0.1209345 0.1291854 0.1771438 0.2008003 0.1505891 0.8436197E-01 0.3390943E-01 -9999.000 -9999.000 -9999.000 -9999.000 -9999.000 -9999.000 0.6102841E-01 0.8287920E-01 0.1073794 0.1449586 0.1724299 0.1840582 0.2159411 0.2469823 0.2494381 0.2536260 0.2430081 0.2718099 0.2553802 0.2282459 0.2561014 0.2791632 0.2317065 0.1936486 0.1653063 0.9242138E-01 0.4509910E-01 -9999.000 -9999.000 -9999.000 -9999.000 -9999.000
-9999.000 -9999.000 -9999.000 -9999.000 -9999.000 -9999.000 -9999.000 -9999.000 -9999.000 -9999.000 -9999.000 -9999.000 -9999.000 -9999.000 -9999.000 -9999.000 -9999.000 -9999.000 0.7433430E-01 0.5620889E-01 0.5672481E-01 0.8585924E-01 0.1130801 0.1573326 0.1944733 0.1687293 0.1187493 0.5534767E-01 0.2242360E-01 -9999.000 -9999.000 -9999.000 -9999.000 -9999.000 0.6158318E-01 0.8808423E-01 0.1160940 0.1401211 0.1586521 0.1686464 0.1876686 0.2274896 0.2408174 0.2225793 0.2110821 0.1992757 0.1851757 0.2031769 0.2756831 0.3152892 0.2818496 0.2492215 0.2083842 0.1796648 0.1530014 -9999.000 -9999.000 -9999.000 -9999.000 -9999.000
-9999.000 -9999.000 -9999.000 -9999.000 -9999.000 -9999.000 -9999.000 -9999.000 -9999.000 -9999.000 -9999.000 -9999.000 -9999.000 -9999.000 -9999.000 -9999.000 -9999.000 -9999.000 0.5216098E-01 -9999.000 0.3217117E-01 0.1075660 0.1573265 0.1842508 0.1716757 0.1353117 0.1075850 0.7123751E-01 0.3686350E-01 -9999.000 -9999.000 -9999.000 -9999.000 -9999.000 -9999.000 0.4979517E-01 0.8426099E-01 0.1253512 0.1629408 0.1746917 0.1880679 0.2152758 0.2349006 0.1860980 0.1245541 0.9326799E-01 0.1097500 0.1978911 0.2875284 0.3307142 0.2774864 0.2450741 0.2175318 0.2056207 0.1591177 0.7655508E-01 -9999.000 -9999.000 -9999.000 -9999.000
-9999.000 -9999.000 -9999.000 -9999.000 -9999.000 -9999.000 -9999.000 -9999.000 -9999.000 -9999.000 -9999.000 -9999.000 -9999.000 -9999.000 -9999.000 -9999.000 -9999.000 -9999.000 0.1526364E-01 -9999.000 0.3937493E-01 0.1278751 0.2083365 0.2236166 0.1792030 0.1424934 0.1129154 0.8824623E-01 0.4932970E-01 -9999.000 -9999.000 -9999.000 -9999.000 -9999.000 -9999.000 0.2643664E-01 0.6783453E-01 0.1183884 0.1608866 0.1866124 0.2244605 0.2354822 0.2390562 0.1906336 0.1445919 0.1413562 0.1659969 0.2318617 0.2711154 0.2525818 0.2297986 0.2486697 0.2426459 0.1935408 0.1552247 0.1029946 0.3801475E-01 -9999.000 -9999.000 -9999.000
-9999.000 -9999.000 -9999.000 -9999.000 -9999.000 -9999.000 -9999.000 -9999.000 -9999.000 -9999.000 -9999.000 -9999.000 -9999.000 -9999.000 -9999.000 -9999.000 -9999.000 -9999.000 -9999.000 0.2629205E-01 0.5431481E-01 0.1403925 0.2216179 0.2134611 0.1772765 0.1396122 0.1114544 0.9134671E-01 0.5971250E-01 -9999.000 -9999.000 -9999.000 -9999.000 -9999.000 -9999.000 -9999.000 0.5393886E-01 0.1151333 0.1737721 0.2196183 0.2752943 0.2921210 0.2562604 0.2161934 0.2246686 0.3088962 0.3588059 0.3392706 0.2876414 0.2337399 0.2509249 0.3054134 0.2951346 0.2129894 0.1798907 0.1624429 0.8851832E-01 -9999.000 -9999.000 -9999.000
