simulation_files/asc/Depth____000308.asc
NCOLS        79
NROWS        79
XLLCENTER         -1.500000
YLLCENTER         -4.800000
CELLSIZE           0.100
NODATA_VALUE     -9999.0
[rows 0 to 25 of 79, columns 0 to 58 of 79]
-9999.000 -9999.000 -9999.000 -9999.000 -9999.000 -9999.000 -9999.000 -9999.000 -9999.000 -9999.000 -9999.000 -9999.000 -9999.000 -9999.000 -9999.000 0.6926357 0.6930533 0.6931226 0.6930067 0.6928048 0.6925597 0.6922880 0.6920117 0.6917411 0.6914816 0.6912395 0.6910111 0.6907632 0.6903879 0.6903428 0.6903428 -9999.000 -9999.000 -9999.000 -9999.000 -9999.000 -9999.000 -9999.000 -9999.000 -9999.000 -9999.000 -9999.000 -9999.000 -9999.000 -9999.000 -9999.000 -9999.000 -9999.000 -9999.000 -9999.000 -9999.000 -9999.000 -9999.000 -9999.000 -9999.000 -9999.000 -9999.000 -9999.000 -9999.000
-9999.000 -9999.000 -9999.000 -9999.000 -9999.000 -9999.000 -9999.000 -9999.000 -9999.000 -9999.000 -9999.000 -9999.000 -9999.000 -9999.000 -9999.000 0.6943995 0.6947939 0.6948501 0.6947544 0.6945922 0.6943992 0.6941878 0.6939757 0.6937704 0.6935758 0.6933964 0.6932287 0.6930426 0.6927419 0.6927799 0.6927799 -9999.000 -9999.000 -9999.000 -9999.000 -9999.000 -9999.000 -9999.000 -9999.000 -9999.000 -9999.000 -9999.000 -9999.000 -9999.000 -9999.000 -9999.000 -9999.000 -9999.000 -9999.000 -9999.000 -9999.000 -9999.000 -9999.000 -9999.000 -9999.000 -9999.000 -9999.000 -9999.000 -9999.000
-9999.000 -9999.000 -9999.000 -9999.000 -9999.000 -9999.000 -9999.000 -9999.000 -9999.000 -9999.000 -9999.000 -9999.000 -9999.000 -9999.000 -9999.000 0.6963149 0.6967410 0.6968057 0.6967157 0.6965595 0.6963735 0.6961704 0.6959682 0.6957737 0.6955899 0.6954209 0.6952613 0.6950789 0.6947713 0.6948051 0.6948051 -9999.000 -9999.000 -9999.000 -9999.000 -9999.000 -9999.000 -9999.000 -9999.000 -9999.000 -9999.000 -9999.000 -9999.000 -9999.000 -9999.000 -9999.000 -9999.000 -9999.000 -9999.000 -9999.000 -9999.000 -9999.000 -9999.000 -9999.000 -9999.000 -9999.000 -9999.000 -9999.000 -9999.000
-9999.000 -9999.000 -9999.000 -9999.000 -9999.000 -9999.000 -9999.000 -9999.000 -9999.000 -9999.000 -9999.000 -9999.000 -9999.000 -9999.000 -9999.000 0.6982806 0.6987259 0.6987941 0.6987043 0.6985478 0.6983618 0.6981590 0.6979576 0.6977645 0.6975821 0.6974144 0.6972551 0.6970698 0.6967489 0.6967611 0.6967611 -9999.000 -9999.000 -9999.000 -9999.000 -9999.000 -9999.000 -9999.000 -9999.000 -9999.000 -9999.000 -9999.000 -9999.000 -9999.000 -9999.000 -9999.000 -9999.000 -9999.000 -9999.000 -9999.000 -9999.000 -9999.000 -9999.000 -9999.000 -9999.000 -9999.000 -9999.000 -9999.000 -9999.000
-9999.000 -9999.000 -9999.000 -9999.000 -9999.000 -9999.000 -9999.000 -9999.000 -9999.000 -9999.000 -9999.000 -9999.000 -9999.000 -9999.000 -9999.000 0.7002671 0.7007260 0.7007953 0.7007028 0.7005429 0.7003534 0.7001467 0.6999421 0.6997460 0.6995607 0.6993901 0.6992274 0.6990352 0.6986960 0.6986720 0.6986720 -9999.000 -9999.000 -9999.000 -9999.000 -9999.000 -9999.000 -9999.000 -9999.000 -9999.000 -9999.000 -9999.000 -9999.000 -9999.000 -9999.000 -9999.000 -9999.000 -9999.000 -9999.000 -9999.000 -9999.000 -9999.000 -9999.000 -9999.000 -9999.000 -9999.000 -9999.000 -9999.000 -9999.000
-9999.000 -9999.000 -9999.000 -9999.000 -9999.000 -9999.000 -9999.000 -9999.000 -9999.000 -9999.000 -9999.000 -9999.000 -9999.000 -9999.000 -9999.000 0.7022609 0.7027306 0.7027994 0.7027026 0.7025378 0.7023430 0.7021306 0.7019209 0.7017196 0.7015293 0.7013538 0.7011855 0.7009838 0.7006212 0.7005467 0.7005467 -9999.000 -9999.000 -9999.000 -9999.000 -9999.000 -9999.000 -9999.000 -9999.000 -9999.000 -9999.000 -9999.000 -9999.000 -9999.000 -9999.000 -9999.000 -9999.000 -9999.000 -9999.000 -9999.000 -9999.000 -9999.000 -9999.000 -9999.000 -9999.000 -9999.000 -9999.000 -9999.000 -9999.000
-9999.000 -9999.000 -9999.000 -9999.000 -9999.000 -9999.000 -9999.000 -9999.000 -9999.000 -9999.000 -9999.000 -9999.000 -9999.000 -9999.000 -9999.000 0.7042553 0.7047343 0.7048013 0.7046993 0.7045286 0.7043277 0.7041085 0.7038926 0.7036853 0.7034887 0.7033072 0.7031319 0.7029187 0.7025281 0.7023861 0.7023861 -9999.000 -9999.000 -9999.000 -9999.000 -9999.000 -9999.000 -9999.000 -9999.000 -9999.000 -9999.000 -9999.000 -9999.000 -9999.000 -9999.000 -9999.000 -9999.000 -9999.000 -9999.000 -9999.000 -9999.000 -9999.000 -9999.000 -9999.000 -9999.000 -9999.000 -9999.000 -9999.000 -9999.000
-9999.000 -9999.000 -9999.000 -9999.000 -9999.000 -9999.000 -9999.000 -9999.000 -9999.000 -9999.000 -9999.000 -9999.000 -9999.000 -9999.000 -9999.000 0.7062468 0.7067341 0.7067984 0.7066901 0.7065129 0.7063054 0.7060789 0.7058564 0.7056423 0.7054388 0.7052504 0.7050673 0.7048404 0.7044160 0.7041851 0.7041851 -9999.000 -9999.000 -9999.000 -9999.000 -9999.000 -9999.000 -9999.000 -9999.000 -9999.000 -9999.000 -9999.000 -9999.000 -9999.000 -9999.000 -9999.000 -9999.000 -9999.000 -9999.000 -9999.000 -9999.000 -9999.000 -9999.000 -9999.000 -9999.000 -9999.000 -9999.000 -9999.000 -9999.000
-9999.000 -9999.000 -9999.000 -9999.000 -9999.000 -9999.000 -9999.000 -9999.000 -9999.000 -9999.000 -9999.000 -9999.000 -9999.000 -9999.000 -9999.000 0.7082331 0.7087283 0.7087885 0.7086730 0.7084888 0.7082744 0.7080402 0.7078107 0.7075894 0.7073783 0.7071826 0.7069905 0.7067478 0.7062832 0.7059347 0.7059347 -9999.000 -9999.000 -9999.000 -9999.000 -9999.000 -9999.000 -9999.000 -9999.000 -9999.000 -9999.000 -9999.000 -9999.000 -9999.000 -9999.000 -9999.000 -9999.000 -9999.000 -9999.000 -9999.000 -9999.000 -9999.000 -9999.000 -9999.000 -9999.000 -9999.000 -9999.000 -9999.000 -9999.000
-9999.000 -9999.000 -9999.000 -9999.000 -9999.000 -9999.000 -9999.000 -9999.000 -9999.000 -9999.000 -9999.000 -9999.000 -9999.000 -9999.000 -9999.000 0.7102122 0.7107149 0.7107700 0.7106463 0.7104545 0.7102328 0.7099903 0.7097536 0.7095248 0.7093056 0.7091019 0.7089000 0.7086385 0.7081257 0.7076201 0.7076201 -9999.000 -9999.000 -9999.000 -9999.000 -9999.000 -9999.000 -9999.000 -9999.000 -9999.000 -9999.000 -9999.000 -9999.000 -9999.000 -9999.000 -9999.000 -9999.000 -9999.000 -9999.000 -9999.000 -9999.000 -9999.000 -9999.000 -9999.000 -9999.000 -9999.000 -9999.000 -9999.000 -9999.000
-9999.000 -9999.000 -9999.000 -9999.000 -9999.000 -9999.000 -9999.000 -9999.000 -9999.000 -9999.000 -9999.000 -9999.000 -9999.000 -9999.000 -9999.000 0.7121818 0.7126923 0.7127408 0.7126078 0.7124079 0.7121784 0.7119272 0.7116829 0.7114462 0.7112182 0.7110058 0.7107927 0.7105091 0.7099379 0.7092197 0.7092197 -9999.000 -9999.000 -9999.000 -9999.000 -9999.000 -9999.000 -9999.000 -9999.000 -9999.000 -9999.000 -9999.000 -9999.000 -9999.000 -9999.000 -9999.000 -9999.000 -9999.000 -9999.000 -9999.000 -9999.000 -9999.000 -9999.000 -9999.000 -9999.000 -9999.000 -9999.000 -9999.000 -9999.000
-9999.000 -9999.000 -9999.000 -9999.000 -9999.000 -9999.000 -9999.000 -9999.000 -9999.000 -9999.000 -9999.000 -9999.000 -9999.000 -9999.000 -9999.000 0.7141391 0.7146578 0.7146983 0.7145546 0.7143459 0.7141083 0.7138476 0.7135956 0.7133502 0.7131127 0.7128906 0.7126645 0.7123544 0.7117118 0.7107005 0.7107005 -9999.000 -9999.000 -9999.000 -9999.000 -9999.000 -9999.000 -9999.000 -9999.000 -9999.000 -9999.000 -9999.000 -9999.000 -9999.000 -9999.000 -9999.000 -9999.000 -9999.000 -9999.000 -9999.000 -9999.000 -9999.000 -9999.000 -9999.000 -9999.000 -9999.000 -9999.000 -9999.000 -9999.000
-9999.000 -9999.000 -9999.000 -9999.000 -9999.000 -9999.000 -9999.000 -9999.000 -9999.000 -9999.000 -9999.000 -9999.000 -9999.000 -9999.000 -9999.000 0.7160797 0.7166079 0.7166387 0.7164829 0.7162648 0.7160184 0.7157475 0.7154873 0.7152324 0.7149842 0.7147511 0.7145095 0.7141666 0.7134356 0.7120109 0.7120109 -9999.000 -9999.000 -9999.000 -9999.000 -9999.000 -9999.000 -9999.000 -9999.000 -9999.000 -9999.000 -9999.000 -9999.000 -9999.000 -9999.000 -9999.000 -9999.000 -9999.000 -9999.000 -9999.000 -9999.000 -9999.000 -9999.000 -9999.000 -9999.000 -9999.000 -9999.000 -9999.000 -9999.000
-9999.000 -9999.000 -9999.000 -9999.000 -9999.000 -9999.000 -9999.000 -9999.000 -9999.000 -9999.000 -9999.000 -9999.000 -9999.000 -9999.000 -9999.000 0.7179495 0.7185075 0.7185462 0.7183909 0.7181662 0.7179124 0.7176306 0.7173609 0.7170943 0.7168323 0.7165850 0.7163233 0.7159384 0.7150954 0.7130749 0.7130749 -9999.000 -9999.000 -9999.000 -9999.000 -9999.000 -9999.000 -9999.000 -9999.000 -9999.000 -9999.000 -9999.000 -9999.000 -9999.000 -9999.000 -9999.000 -9999.000 -9999.000 -9999.000 -9999.000 -9999.000 -9999.000 -9999.000 -9999.000 -9999.000 -9999.000 -9999.000 -9999.000 -9999.000
-9999.000 -9999.000 -9999.000 -9999.000 -9999.000 -9999.000 -9999.000 -9999.000 -9999.000 -9999.000 -9999.000 -9999.000 -9999.000 -9999.000 -9999.000 0.7133821 0.7185299 0.7209693 0.7217081 0.7213862 0.7209882 0.7205309 0.7200803 0.7196356 0.7192063 0.7188090 0.7184071 0.7178563 0.7167118 0.7130971 0.7130971 -9999.000 -9999.000 -9999.000 -9999.000 -9999.000 -9999.000 -9999.000 -9999.000 -9999.000 -9999.000 -9999.000 -9999.000 -9999.000 -9999.000 -9999.000 -9999.000 -9999.000 -9999.000 -9999.000 -9999.000 -9999.000 -9999.000 -9999.000 -9999.000 -9999.000 -9999.000 -9999.000 -9999.000
0.7904046 0.7904046 0.7916129 0.7784697 0.7707778 0.7707778 0.7674652 0.7624270 0.7624270 0.7583359 0.7583359 0.7549117 0.7533818 0.7519451 0.7505416 0.7505416 0.7235896 0.7223212 0.7211751 0.7218783 0.7231120 0.7247258 0.7270206 0.7295627 0.7320974 0.7345458 0.7363541 0.7359946 0.7292672 0.6997679 0.6997679 0.4910904 0.4550556 0.4338092 0.4266991 0.4266991 0.4156694 0.4156694 0.4185937 0.4185937 0.4297854 0.4788993 0.4788993 0.5838284 0.5838284 0.6299551 0.6299551 0.6299551 0.6297320 0.6297320 0.6193823 0.6193823 0.6054382 0.6054382 0.5909788 0.5909788 0.5777295 0.5777295 0.5777295
0.7875549 0.7875549 0.7899094 0.7765306 0.7699800 0.7699800 0.7664968 0.7613771 0.7613771 0.7572881 0.7572881 0.7538784 0.7523569 0.7509281 0.7495329 0.7495329 0.7261823 0.7210954 0.7164478 0.7128950 0.7100713 0.7080001 0.7069108 0.7067434 0.7074167 0.7088815 0.7108709 0.7126781 0.7125397 0.7009250 0.7009250 0.5594578 0.5054912 0.4523939 0.4375559 0.4375559 0.4206751 0.4206751 0.4226976 0.4226976 0.4331766 0.4760934 0.4760934 0.5568004 0.5568004 0.6269316 0.6269316 0.6269316 0.6293681 0.6293681 0.6196268 0.6196268 0.6058422 0.6058422 0.5915204 0.5915204 0.5783255 0.5783255 0.5783255
0.7863279 0.7863279 0.7893853 0.7761185 0.7702175 0.7702175 0.7666174 0.7613663 0.7613663 0.7572463 0.7572463 0.7538286 0.7523049 0.7508741 0.7494706 0.7494706 0.7281130 0.7197255 0.7118235 0.7049612 0.6991482 0.6944094 0.6908763 0.6885424 0.6873549 0.6872754 0.6881362 0.6894274 0.6897698 0.6827445 0.6827445 0.5928573 0.5372125 0.4704710 0.4505003 0.4505003 0.4302312 0.4302312 0.4361076 0.4361076 0.4486817 0.4880575 0.4880575 0.5470414 0.5470414 0.6190497 0.6190497 0.6190497 0.6261779 0.6261779 0.6184135 0.6184135 0.6053535 0.6053535 0.5913287 0.5913287 0.5783095 0.5783095 0.5783095
0.7857230 0.7857230 0.7892112 0.7759770 0.7704789 0.7704789 0.7667896 0.7613935 0.7613935 0.7572393 0.7572393 0.7538193 0.7522972 0.7508682 0.7494550 0.7494550 0.7291940 0.7179246 0.7069119 0.6969379 0.6882799 0.6810412 0.6753114 0.6710842 0.6682913 0.6668573 0.6666327 0.6672288 0.6675979 0.6631206 0.6631206 0.6061387 0.5568997 0.4879578 0.4663300 0.4663300 0.4482740 0.4482740 0.4615805 0.4615805 0.4758718 0.5078628 0.5078628 0.5446891 0.5446891 0.6058030 0.6058030 0.6058030 0.6181275 0.6181275 0.6141146 0.6141146 0.6029656 0.6029656 0.5899202 0.5899202 0.5775532 0.5775532 0.5775532
0.7860681 0.7860681 0.7878182 0.7759429 0.7707041 0.7707041 0.7669545 0.7614279 0.7614279 0.7572385 0.7572385 0.7538148 0.7522932 0.7508652 0.7494344 0.7494344 0.7290608 0.7151942 0.7012700 0.6883529 0.6769249 0.6671926 0.6592605 0.6531388 0.6487640 0.6460389 0.6448083 0.6447459 0.6450411 0.6424021 0.6424021 0.6062961 0.5661240 0.5031168 0.4843764 0.4843764 0.4771434 0.4771434 0.4986446 0.4986446 0.5114459 0.5303665 0.5303665 0.5466542 0.5466542 0.5900595 0.5900595 0.5900595 0.6057872 0.6057872 0.6065015 0.6065015 0.5985198 0.5985198 0.5873492 0.5873492 0.5762429 0.5762429 0.5762429
0.7860604 0.7860604 0.7870348 0.7759220 0.7708644 0.7708644 0.7670833 0.7614571 0.7614571 0.7572382 0.7572382 0.7538116 0.7522911 0.7508638 0.7494066 0.7494066 0.7274335 0.7110698 0.6944197 0.6787643 0.6647199 0.6525758 0.6424691 0.6344352 0.6284315 0.6243659 0.6220893 0.6213247 0.6214411 0.6201219 0.6201219 0.5977181 0.5671465 0.5173767 0.5072939 0.5072939 0.5185775 0.5185775 0.5420748 0.5420748 0.5487661 0.5513625 0.5513625 0.5510568 0.5510568 0.5751861 0.5751861 0.5751861 0.5910446 0.5910446 0.5959861 0.5959861 0.5919520 0.5919520 0.5835377 0.5835377 0.5743840 0.5743840 0.5743840
0.7860475 0.7860475 0.7865890 0.7759034 0.7709576 0.7709576 0.7671638 0.7614763 0.7614763 0.7572377 0.7572377 0.7538093 0.7522895 0.7508631 0.7493678 0.7493678 0.7240254 0.7050848 0.6858360 0.6676536 0.6512078 0.6368269 0.6246690 0.6147884 0.6071647 0.6017239 0.5983378 0.5967791 0.5965686 0.5961367 0.5961367 0.5830526 0.5622585 0.5355265 0.5408944 0.5408944 0.5702912 0.5702912 0.5836367 0.5836367 0.5813812 0.5689638 0.5689638 0.5567948 0.5567948 0.5633729 0.5633729 0.5633729 0.5760830 0.5760830 0.5835049 0.5835049 0.5834235 0.5834235 0.5784268 0.5784268 0.5719250 0.5719250 0.5719250
0.7860417 0.7860417 0.7864447 0.7758963 0.7709881 0.7709881 0.7671911 0.7614831 0.7614831 0.7572375 0.7572375 0.7538085 0.7522890 0.7508629 0.7493131 0.7493131 0.7184615 0.6967107 0.6749189 0.6544107 0.6358212 0.6194609 0.6054769 0.5939227 0.5847889 0.5780190 0.5735113 0.5710897 0.5704162 0.5705674 0.5705674 0.5643368 0.5545610 0.5659198 0.5905135 0.5905135 0.6233332 0.6233332 0.6168343 0.6168343 0.6064238 0.5832500 0.5832500 0.5632295 0.5632295 0.5553384 0.5553384 0.5553384 0.5626671 0.5626671 0.5702993 0.5702993 0.5733953 0.5733953 0.5720931 0.5720931 0.5688443 0.5688443 0.5688443
0.7860475 0.7860475 0.7865890 0.7759034 0.7709575 0.7709575 0.7671638 0.7614763 0.7614763 0.7572376 0.7572376 0.7538093 0.7522895 0.7508632 0.7492368 0.7492368 0.7101944 0.6852803 0.6609448 0.6383094 0.6178758 0.5998703 0.5843850 0.5714424 0.5610235 0.5530792 0.5475300 0.5442497 0.5430556 0.5437825 0.5437825 0.5440358 0.5499994 0.6167040 0.6530559 0.6530559 0.6663411 0.6663411 0.6403365 0.6403365 0.6246895 0.5950305 0.5950305 0.5698994 0.5698994 0.5507497 0.5507497 0.5507497 0.5518078 0.5518078 0.5576158 0.5576158 0.5626006 0.5626006 0.5648124 0.5648124 0.5652068 0.5652068 0.5652068
0.7860604 0.7860604 0.7870348 0.7759221 0.7708642 0.7708642 0.7670835 0.7614570 0.7614570 0.7572381 0.7572381 0.7538116 0.7522911 0.7508637 0.7491301 0.7491301 0.6983825 0.6698725 0.6429802 0.6184497 0.5965378 0.5773101 0.5607527 0.5468220 0.5354641 0.5266203 0.5202234 0.5161955 0.5145973 0.5166970 0.5166970 0.5270801 0.5607225 0.6851540 0.7127880 0.7127880 0.6943303 0.6943303 0.6565192 0.6565192 0.6382224 0.6049083 0.6049083 0.5763517 0.5763517 0.5487660 0.5487660 0.5487660 0.5437680 0.5437680 0.5464399 0.5464399 0.5519249 0.5519249 0.5570735 0.5570735 0.5612019 0.5612019 0.5612019
0.7860681 0.7860681 0.7878181 0.7759430 0.7707040 0.7707040 0.7669547 0.7614276 0.7614276 0.7572385 0.7572385 0.7538147 0.7522933 0.7508650 0.7489825 0.7489825 0.6816709 0.6491286 0.6197432 0.5936609 0.5707597 0.5508585 0.5337834 0.5193899 0.5075651 0.4982233 0.4912963 0.4867707 0.4853157 0.4921679 0.4921679 0.5255833 0.6044317 0.7504637 0.7522691 0.7522691 0.7106414 0.7106414 0.6680261 0.6680261 0.6485389 0.6131071 0.6131071 0.5821753 0.5821753 0.5484743 0.5484743 0.5484743 0.5382968 0.5382968 0.5373654 0.5373654 0.5422501 0.5422501 0.5495340 0.5495340 0.5571564 0.5571564 0.5571564
