simulation_files/asc/Depth____535.0.asc
NCOLS       216
NROWS       273
XLLCENTER        494.688995
YLLCENTER        787.867981
CELLSIZE           0.500
NODATA_VALUE     -9999.0
[rows 162 to 188 of 273, columns 118 to 176 of 216]
2.033828 2.710218 2.909363 2.946046 2.954705 2.963565 2.742690 2.170319 1.624229 0.7111322 0.1665502 0.9328254E-01 0.1249531 0.1663212 0.1494998 0.1379034 0.1648898 0.1814515 0.2056665 0.2143997 0.2077778 0.1630576 0.1162137 0.1222998 0.1524416 0.1589274 0.1229641 0.8419006E-01 -9999.000 -9999.000 -9999.000 -9999.000 -9999.000 -9999.000 -9999.000 -9999.000 -9999.000 -9999.000 -9999.000 -9999.000 -9999.000 -9999.000 -9999.000 -9999.000 -9999.000 -9999.000 -9999.000 -9999.000 -9999.000 -9999.000 -9999.000 -9999.000 -9999.000 -9999.000 -9999.000 -9999.000 -9999.000 -9999.000 -9999.000
1.694056 2.616623 2.902068 2.936322 2.936338 2.526207 1.810127 1.090872 0.6042776 0.1895926 0.1550828 0.1338970 0.1388061 0.1311498 0.1494092 0.1599441 0.1662875 0.1692051 0.2049619 0.2320091 0.2276774 0.1668381 0.1267188 0.1328888 0.1727107 0.1875286 0.1637917 0.1177117 0.5817277E-01 -9999.000 -9999.000 -9999.000 -9999.000 -9999.000 -9999.000 -9999.000 -9999.000 -9999.000 -9999.000 -9999.000 -9999.000 -9999.000 -9999.000 -9999.000 -9999.000 -9999.000 -9999.000 -9999.000 -9999.000 -9999.000 -9999.000 -9999.000 -9999.000 -9999.000 -9999.000 -9999.000 -9999.000 -9999.000 -9999.000
1.294727 2.324946 2.780860 2.923825 2.501648 1.566293 -9999.000 0.1823150 0.1417372 0.1158722 0.1330243 0.1176190 0.1102271 0.9978691E-01 0.1281168 0.1514233 0.1498779 0.1562812 0.1825859 0.2157619 0.2090422 0.1457212 0.1161679 0.1344158 0.1805678 0.1888110 0.1519745 0.1177775 0.5739361E-01 -9999.000 -9999.000 -9999.000 -9999.000 -9999.000 -9999.000 -9999.000 -9999.000 -9999.000 -9999.000 -9999.000 -9999.000 -9999.000 -9999.000 -9999.000 -9999.000 -9999.000 -9999.000 -9999.000 -9999.000 -9999.000 -9999.000 -9999.000 -9999.000 -9999.000 -9999.000 -9999.000 -9999.000 -9999.000 -9999.000
-9999.000 1.517862 2.338679 2.442274 1.569687 0.5190362 0.1341177 0.1499845 0.1217738 0.9103586E-01 0.7846444E-01 0.7791696E-01 0.9115382E-01 0.8988683E-01 0.1179294 0.1455370 0.1599204 0.1824704 0.2082876 0.2280306 0.1714606 0.1213123 0.1092492 0.1274298 0.1718404 0.1718527 0.1509222 0.1123728 0.6687672E-01 0.2592410E-01 -9999.000 -9999.000 -9999.000 -9999.000 -9999.000 -9999.000 -9999.000 -9999.000 -9999.000 -9999.000 -9999.000 -9999.000 -9999.000 -9999.000 -9999.000 -9999.000 -9999.000 -9999.000 -9999.000 -9999.000 -9999.000 -9999.000 -9999.000 -9999.000 -9999.000 -9999.000 -9999.000 -9999.000 -9999.000
-9999.000 0.6972893 1.394266 1.223100 -9999.000 0.1517293 0.1744817 0.1563959 0.1438493 0.1123665 0.7347442E-01 0.6760136E-01 0.7722440E-01 0.7517406E-01 0.1235571 0.1811282 0.2169902 0.2432538 0.2650660 0.2209863 0.1370390 0.1384697 0.1370763 0.1482439 0.1731686 0.1774116 0.1591928 0.1342737 0.1038450 0.5837551E-01 -9999.000 -9999.000 0.1836429E-01 -9999.000 -9999.000 -9999.000 -9999.000 -9999.000 -9999.000 -9999.000 -9999.000 -9999.000 -9999.000 -9999.000 -9999.000 -9999.000 -9999.000 -9999.000 -9999.000 -9999.000 -9999.000 -9999.000 -9999.000 -9999.000 -9999.000 -9999.000 -9999.000 -9999.000 -9999.000
-9999.000 -9999.000 -9999.000 0.2658344 0.1634975 0.2122949 0.1833318 0.1753362 0.1795105 0.1516311 0.1231572 0.1046813 0.8956509E-01 0.8559833E-01 0.1486979 0.2313519 0.2476575 0.2541761 0.2478769 0.1672513 0.1009406 0.1479537 0.1591833 0.1748311 0.1805178 0.1403774 0.1308580 0.1328306 0.1239995 0.8455950E-01 -9999.000 -9999.000 -9999.000 -9999.000 -9999.000 -9999.000 -9999.000 -9999.000 -9999.000 -9999.000 -9999.000 -9999.000 -9999.000 -9999.000 -9999.000 -9999.000 -9999.000 -9999.000 -9999.000 -9999.000 -9999.000 -9999.000 -9999.000 -9999.000 -9999.000 -9999.000 -9999.000 -9999.000 -9999.000
-9999.000 -9999.000 -9999.000 0.1039275 0.2085877 0.2114713 0.2103338 0.2168686 0.2208485 0.2035410 0.1844395 0.1637702 0.1355772 0.1188274 0.1518070 0.1994836 0.2118024 0.2040479 0.1685514 0.1475834 0.1086052 0.1403112 0.1637210 0.1829210 0.1753353 0.1169174 0.1010229 0.1265324 0.1375788 0.1153538 0.6051456E-01 0.2711510E-01 0.1900057E-01 -9999.000 -9999.000 -9999.000 -9999.000 -9999.000 -9999.000 -9999.000 -9999.000 -9999.000 -9999.000 -9999.000 -9999.000 -9999.000 -9999.000 -9999.000 -9999.000 -9999.000 -9999.000 -9999.000 -9999.000 -9999.000 -9999.000 -9999.000 -9999.000 -9999.000 -9999.000
-9999.000 -9999.000 -9999.000 0.9839981E-01 0.1281869 0.1655146 0.2181931 0.2442356 0.2242443 0.1990963 0.1906121 0.1900081 0.1664966 0.1261173 0.1129445 0.9641411E-01 0.1374309 0.1249201 0.1431208 0.1861952 0.1507743 0.1707794 0.2028006 0.2328741 0.2243032 0.1580883 0.1208958 0.1292091 0.1436636 0.1379057 0.8948620E-01 0.5060182E-01 0.3892619E-01 0.2749717E-01 -9999.000 -9999.000 -9999.000 -9999.000 -9999.000 -9999.000 -9999.000 -9999.000 -9999.000 -9999.000 -9999.000 -9999.000 -9999.000 -9999.000 -9999.000 -9999.000 -9999.000 -9999.000 -9999.000 -9999.000 -9999.000 -9999.000 -9999.000 -9999.000 -9999.000
-9999.000 -9999.000 -9999.000 0.4400483E-01 0.7988077E-01 0.1472707 0.2147939 0.2296474 0.2198291 0.2043925 0.1824228 0.1522189 0.1097757 0.9132138E-01 0.9818044E-01 0.1210744 0.1407624 0.1275548 0.1494587 0.1685865 0.1481839 0.1847469 0.2542676 0.2978842 0.2784121 0.1945362 0.1372466 0.1401129 0.1531644 0.1653952 0.1206722 0.8335937E-01 0.7119064E-01 0.6061350E-01 -9999.000 -9999.000 -9999.000 -9999.000 -9999.000 -9999.000 -9999.000 -9999.000 -9999.000 -9999.000 -9999.000 -9999.000 -9999.000 -9999.000 -9999.000 -9999.000 -9999.000 -9999.000 -9999.000 -9999.000 -9999.000 -9999.000 -9999.000 -9999.000 -9999.000
-9999.000 -9999.000 -9999.000 -9999.000 -9999.000 0.1004418 0.1541222 0.1918031 0.2190643 0.2395538 0.1791087 0.9699288E-01 0.5735133E-01 0.5130578E-01 0.9434095E-01 0.1631371 0.1998883 0.2197961 0.1681587 0.1035613 0.8719669E-01 0.1609306 0.2725835 0.3130098 0.2621918 0.1852551 0.1509318 0.1704005 0.1949415 0.1983958 0.1519961 0.1228547 0.1260528 0.1071712 0.8546524E-01 0.7131802E-01 0.5117199E-01 0.3488476E-01 -9999.000 -9999.000 -9999.000 -9999.000 -9999.000 -9999.000 -9999.000 -9999.000 -9999.000 -9999.000 -9999.000 -9999.000 -9999.000 -9999.000 -9999.000 -9999.000 -9999.000 -9999.000 -9999.000 -9999.000 -9999.000
-9999.000 -9999.000 -9999.000 -9999.000 -9999.000 0.5677388E-01 0.8794437E-01 0.1404733 0.1992166 0.2226331 0.1890419 0.1252961 0.8945788E-01 0.8534251E-01 0.1192741 0.1811667 0.2154740 0.2482715 0.2085097 0.1295924 0.1112095 0.1743091 0.2605395 0.2732657 0.2329633 0.1716473 0.1502240 0.1575218 0.1905768 0.2187516 0.1869535 0.1746148 0.1808580 0.1747076 0.1249781 0.1073785 0.1011053 0.7487455E-01 -9999.000 -9999.000 -9999.000 -9999.000 -9999.000 -9999.000 -9999.000 -9999.000 -9999.000 -9999.000 -9999.000 -9999.000 -9999.000 -9999.000 -9999.000 -9999.000 -9999.000 -9999.000 -9999.000 -9999.000 -9999.000
-9999.000 -9999.000 -9999.000 -9999.000 -9999.000 0.5287575E-01 0.9133100E-01 0.1306586 0.1774007 0.2002202 0.2092975 0.1837903 0.1414547 0.1308644 0.1540722 0.1844157 0.2083985 0.2566024 0.2624053 0.2240228 0.2140954 0.2161167 0.2240717 0.2309847 0.1717754 0.1428792 0.1261435 0.1192204 0.1464913 0.1915393 0.1798476 0.1774976 0.1918954 0.1863290 0.1614501 0.1363110 0.1324219 0.1250673 0.6855898E-01 -9999.000 -9999.000 -9999.000 -9999.000 -9999.000 -9999.000 -9999.000 -9999.000 -9999.000 -9999.000 -9999.000 -9999.000 -9999.000 -9999.000 -9999.000 -9999.000 -9999.000 -9999.000 -9999.000 -9999.000
-9999.000 -9999.000 -9999.000 -9999.000 -9999.000 -9999.000 0.1169994 0.1206700 0.1548527 0.2006704 0.2309647 0.2127770 0.1674126 0.1322263 0.1352322 0.1521591 0.1869893 0.2524143 0.2747639 0.2724514 0.2858484 0.2215591 0.1822241 0.1630926 0.1459019 0.1263566 0.1121058 0.1174197 0.1413489 0.1721873 0.1542468 0.1428280 0.1552917 0.1699785 0.1579302 0.1320845 0.1411038 0.1418317 0.9006293E-01 0.4618377E-01 -9999.000 -9999.000 -9999.000 -9999.000 -9999.000 -9999.000 -9999.000 -9999.000 -9999.000 -9999.000 -9999.000 -9999.000 -9999.000 -9999.000 -9999.000 -9999.000 -9999.000 -9999.000 -9999.000
-9999.000 -9999.000 -9999.000 -9999.000 -9999.000 -9999.000 -9999.000 0.6751678E-01 0.1111662 0.1931674 0.2429838 0.2213230 0.1658212 0.1067520 0.8530402E-01 0.8727185E-01 0.1384686 0.2373875 0.2438768 0.2204400 0.1844679 0.1495890 0.1451244 0.1837342 0.2140918 0.1529571 0.1300024 0.1457680 0.1641993 0.1850668 0.1790559 0.1560837 0.1490298 0.1656128 0.1422462 0.9128789E-01 0.8992538E-01 0.1186718 0.1086085 0.8232565E-01 -9999.000 -9999.000 -9999.000 -9999.000 -9999.000 -9999.000 -9999.000 -9999.000 -9999.000 -9999.000 -9999.000 -9999.000 -9999.000 -9999.000 -9999.000 -9999.000 -9999.000 -9999.000 -9999.000
-9999.000 -9999.000 -9999.000 -9999.000 -9999.000 -9999.000 -9999.000 -9999.000 0.6256788E-01 0.1487241 0.2037204 0.1995080 0.1414322 0.7541043E-01 0.4867568E-01 0.4568891E-01 0.8318276E-01 0.1624328 0.1593313 0.1300904 0.1063488 0.1106967 0.1438743 0.2247243 0.2600666 0.2072319 0.1953595 0.2092647 0.2151050 0.2249115 0.2421423 0.2445862 0.2003739 0.1577143 0.1004345 0.4703603E-01 0.8179589E-01 0.1299642 0.1395255 0.9859288E-01 -9999.000 -9999.000 -9999.000 -9999.000 -9999.000 -9999.000 -9999.000 -9999.000 -9999.000 -9999.000 -9999.000 -9999.000 -9999.000 -9999.000 -9999.000 -9999.000 -9999.000 -9999.000 -9999.000
-9999.000 -9999.000 -9999.000 -9999.000 -9999.000 -9999.000 -9999.000 -9999.000 0.3037626E-01 0.8834309E-01 0.1548729 0.1738883 0.1427859 0.7124420E-01 0.3698790E-01 -9999.000 0.3523339E-01 0.8004693E-01 0.9912918E-01 0.1035131 0.1295834 0.1331530 0.1414044 0.2176327 0.2630953 0.2471393 0.2398632 0.2410997 0.2160610 0.2110275 0.2670675 0.2800920 0.2412183 0.1599858 0.7801615E-01 0.7819161E-01 0.1207899 0.1362431 0.1222543 0.9672615E-01 0.5838241E-01 -9999.000 -9999.000 -9999.000 -9999.000 -9999.000 -9999.000 -9999.000 -9999.000 -9999.000 -9999.000 -9999.000 -9999.000 -9999.000 -9999.000 -9999.000 -9999.000 -9999.000 -9999.000
-9999.000 -9999.000 -9999.000 -9999.000 -9999.000 -9999.000 -9999.000 -9999.000 -9999.000 0.6445096E-01 0.1465142 0.1713302 0.1565622 0.1043971 0.6051455E-01 0.3428246E-01 0.2124204E-01 0.4478155E-01 0.6596143E-01 0.8777599E-01 0.1270625 0.1636045 0.1649080 0.2087517 0.2633562 0.2527860 0.2262938 0.1907788 0.1186880 0.1298805 0.2100798 0.2276306 0.2202069 0.1668513 0.1319119 0.1458831 0.1541743 0.1418056 0.1252181 0.1365766 0.1126561 -9999.000 -9999.000 -9999.000 -9999.000 -9999.000 -9999.000 -9999.000 -9999.000 -9999.000 -9999.000 -9999.000 -9999.000 -9999.000 -9999.000 -9999.000 -9999.000 -9999.000 -9999.000
-9999.000 -9999.000 -9999.000 -9999.000 -9999.000 -9999.000 -9999.000 -9999.000 -9999.000 0.4068957E-01 0.1053789 0.1478956 0.1626158 0.1380146 0.9739415E-01 0.4406689E-01 0.1954093E-01 0.2552826E-01 0.4330944E-01 0.6844225E-01 0.1181841 0.1807986 0.1897439 0.2088246 0.2567966 0.2266461 0.1731979 0.1119602 0.1161188 0.1401845 0.1565434 0.1606564 0.1682630 0.1555803 0.1547764 0.1873577 0.1822123 0.1589113 0.1689278 0.1855523 0.1465822 -9999.000 -9999.000 -9999.000 -9999.000 -9999.000 -9999.000 -9999.000 -9999.000 -9999.000 -9999.000 -9999.000 -9999.000 -9999.000 -9999.000 -9999.000 -9999.000 -9999.000 -9999.000
-9999.000 -9999.000 -9999.000 -9999.000 -9999.000 -9999.000 -9999.000 -9999.000 -9999.000 0.2228112E-01 0.7245573E-01 0.1236439 0.1644028 0.1785840 0.1334104 0.6865572E-01 0.2676773E-01 0.2179183E-01 0.3604049E-01 0.5889823E-01 0.9807630E-01 0.1507287 0.1633129 0.1936065 0.2171447 0.1776825 0.1140829 0.8988905E-01 0.1490029 0.1941647 0.1806163 0.1520828 0.1538842 0.1398662 0.1495403 0.1985378 0.1893991 0.1613072 0.1794433 0.2137086 0.1739002 0.1078173 -9999.000 -9999.000 -9999.000 -9999.000 -9999.000 -9999.000 -9999.000 -9999.000 -9999.000 -9999.000 -9999.000 -9999.000 -9999.000 -9999.000 -9999.000 -9999.000 -9999.000
-9999.000 -9999.000 -9999.000 -9999.000 -9999.000 -9999.000 -9999.000 -9999.000 -9999.000 -9999.000 0.2662216E-01 0.6645303E-01 0.1340973 0.1821403 0.1663300 0.1086375 -9999.000 -9999.000 -9999.000 -9999.000 0.6423400E-01 0.1027565 0.1093284 0.1433008 0.1830635 0.1626961 0.1521215 0.1540989 0.1983474 0.2270058 0.2311410 0.1967653 0.2043926 0.2032902 0.2080631 0.2318552 0.2074207 0.1922555 0.2040224 0.2263453 0.2035940 0.1314752 0.8490821E-01 -9999.000 -9999.000 -9999.000 -9999.000 -9999.000 -9999.000 -9999.000 -9999.000 -9999.000 -9999.000 -9999.000 -9999.000 -9999.000 -9999.000 -9999.000 -9999.000
-9999.000 -9999.000 -9999.000 -9999.000 -9999.000 -9999.000 -9999.000 -9999.000 -9999.000 -9999.000 -9999.000 -9999.000 0.8771409E-01 0.1539862 0.1674864 0.1280574 0.6186137E-01 -9999.000 -9999.000 0.1947756E-01 0.4334247E-01 0.5816238E-01 0.4834921E-01 0.8765370E-01 0.1858066 0.2034224 0.2030822 0.2379697 0.2406034 0.2186821 0.2400118 0.2756764 0.3002783 0.3231412 0.2988145 0.2610350 0.2396257 0.2451376 0.2487566 0.2549964 0.2279411 0.1738768 0.1204525 -9999.000 -9999.000 -9999.000 -9999.000 -9999.000 -9999.000 -9999.000 -9999.000 -9999.000 -9999.000 -9999.000 -9999.000 -9999.000 -9999.000 -9999.000 -9999.000
-9999.000 -9999.000 -9999.000 -9999.000 -9999.000 -9999.000 -9999.000 -9999.000 -9999.000 -9999.000 -9999.000 -9999.000 0.7551023E-01 0.1477743 0.1742696 0.1464195 0.9402778E-01 0.3919223E-01 0.1804567E-01 0.2263607E-01 0.4216861E-01 0.4524043E-01 0.3099505E-01 0.7150355E-01 0.1532066 0.1782314 0.1976426 0.2580587 0.2766776 0.2329946 0.2428004 0.3080165 0.3313025 0.3405499 0.3289240 0.2827125 0.2638461 0.2589447 0.2666208 0.2710045 0.2559183 0.2333898 0.1634621 0.7163617E-01 -9999.000 -9999.000 -9999.000 -9999.000 -9999.000 -9999.000 -9999.000 -9999.000 -9999.000 -9999.000 -9999.000 -9999.000 -9999.000 -9999.000 -9999.000
-9999.000 -9999.000 -9999.000 -9999.000 -9999.000 -9999.000 -9999.000 -9999.000 -9999.000 -9999.000 -9999.000 -9999.000 0.7761105E-01 0.1550056 0.1839268 0.1765819 0.1396420 0.7987292E-01 0.3816752E-01 0.3242436E-01 0.3979878E-01 0.3472988E-01 0.3011930E-01 0.6317832E-01 0.9936376E-01 0.1067110 0.1374770 0.2137778 0.2644912 0.2538938 0.2726333 0.3168797 0.3017274 0.2882381 0.2911407 0.2815575 0.2437764 0.2437250 0.2452482 0.2591153 0.2648507 0.2494327 0.1981755 0.1042446 0.4197762E-01 -9999.000 -9999.000 -9999.000 -9999.000 -9999.000 -9999.000 -9999.000 -9999.000 -9999.000 -9999.000 -9999.000 -9999.000 -9999.000 -9999.000
-9999.000 -9999.000 -9999.000 -9999.000 -9999.000 -9999.000 -9999.000 -9999.000 -9999.000 -9999.000 -9999.000 -9999.000 0.7239754E-01 0.1448114 0.1909352 0.1935733 0.1728729 0.1198884 0.5525771E-01 0.3899005E-01 0.3926522E-01 0.4521412E-01 0.5800238E-01 0.7433191E-01 0.7124901E-01 0.6199577E-01 0.9285864E-01 0.1506468 0.2039803 0.2290556 0.2970148 0.2857727 0.2214496 0.2235839 0.2410875 0.1843313 0.1518722 0.1340727 0.1582086 0.1862959 0.2130487 0.2206625 0.1930540 0.1262473 0.8732879E-01 -9999.000 -9999.000 -9999.000 -9999.000 -9999.000 -9999.000 -9999.000 -9999.000 -9999.000 -9999.000 -9999.000 -9999.000 -9999.000 -9999.000
-9999.000 -9999.000 -9999.000 -9999.000 -9999.000 -9999.000 -9999.000 -9999.000 -9999.000 -9999.000 -9999.000 -9999.000 -9999.000 0.1169378 0.1798174 0.1922892 0.1817464 0.1350847 0.8012015E-01 0.3795158E-01 0.2881206E-01 0.3892538E-01 0.6085429E-01 0.6836691E-01 0.5304739E-01 0.7198458E-01 0.1193182 0.1588782 0.1921143 0.2241613 0.2437654 0.2003476 0.1637464 0.2477507 0.2752217 0.2214193 0.1511821 0.1313405 0.1441058 0.1535095 0.1711994 0.1895720 0.1845028 0.1535180 0.1159301 0.6714127E-01 -9999.000 -9999.000 -9999.000 -9999.000 -9999.000 -9999.000 -9999.000 -9999.000 -9999.000 -9999.000 -9999.000 -9999.000 -9999.000
-9999.000 -9999.000 -9999.000 -9999.000 -9999.000 -9999.000 -9999.000 -9999.000 -9999.000 -9999.000 -9999.000 -9999.000 -9999.000 0.1013688 0.1514645 0.1600372 0.1713174 0.1423921 0.7498074E-01 0.3542465E-01 0.1957005E-01 0.1828978E-01 0.2885923E-01 0.4313714E-01 0.5760708E-01 0.9019123E-01 0.1606652 0.1874106 0.1878260 0.1726856 0.1712831 0.1580520 0.1628887 0.2523862 0.3174734 0.3054170 0.2515991 0.1776457 0.1708796 0.1943031 0.2014522 0.1951023 0.1883732 0.1573710 0.1087382 0.5918862E-01 -9999.000 -9999.000 -9999.000 -9999.000 -9999.000 -9999.000 -9999.000 -9999.000 -9999.000 -9999.000 -9999.000 -9999.000 -9999.000
-9999.000 -9999.000 -9999.000 -9999.000 -9999.000 -9999.000 -9999.000 -9999.000 -9999.000 -9999.000 -9999.000 -9999.000 -9999.000 0.1026089 0.1332628 0.1353348 0.1594517 0.1460136 0.9553178E-01 0.6385200E-01 0.3596698E-01 -9999.000 0.1598714E-01 0.2357568E-01 0.4416282E-01 0.6918417E-01 0.1158316 0.1324995 0.1534202 0.1497915 0.1774630 0.2061275 0.1906815 0.2287938 0.2783666 0.2899792 0.2513690 0.2039730 0.1924594 0.2078490 0.1899320 0.1762927 0.1797868 0.1673182 0.1436732 0.1059588 0.6879347E-01 0.3668166E-01 -9999.000 -9999.000 -9999.000 -9999.000 -9999.000 -9999.000 -9999.000 -9999.000 -9999.000 -9999.000 -9999.000
