simulation_files/asc/Depth____000141.asc
NCOLS        79
NROWS        79
XLLCENTER         -1.500000
YLLCENTER         -4.800000
CELLSIZE           0.100
NODATA_VALUE     -9999.0
[rows 0 to 25 of 79, columns 0 to 58 of 79]
-9999.000 -9999.000 -9999.000 -9999.000 -9999.000 -9999.000 -9999.000 -9999.000 -9999.000 -9999.000 -9999.000 -9999.000 -9999.000 -9999.000 -9999.000 0.5406619 0.5408714 0.5408423 0.5407578 0.5406302 0.5404701 0.5402886 0.5400958 0.5399003 0.5397077 0.5395187 0.5393234 0.5390770 0.5386829 0.5386507 0.5386507 -9999.000 -9999.000 -9999.000 -9999.000 -9999.000 -9999.000 -9999.000 -9999.000 -9999.000 -9999.000 -9999.000 -9999.000 -9999.000 -9999.000 -9999.000 -9999.000 -9999.000 -9999.000 -9999.000 -9999.000 -9999.000 -9999.000 -9999.000 -9999.000 -9999.000 -9999.000 -9999.000 -9999.000
-9999.000 -9999.000 -9999.000 -9999.000 -9999.000 -9999.000 -9999.000 -9999.000 -9999.000 -9999.000 -9999.000 -9999.000 -9999.000 -9999.000 -9999.000 0.5424687 0.5426779 0.5426495 0.5425766 0.5424696 0.5423375 0.5421893 0.5420335 0.5418774 0.5417259 0.5415799 0.5414313 0.5412397 0.5409166 0.5409440 0.5409440 -9999.000 -9999.000 -9999.000 -9999.000 -9999.000 -9999.000 -9999.000 -9999.000 -9999.000 -9999.000 -9999.000 -9999.000 -9999.000 -9999.000 -9999.000 -9999.000 -9999.000 -9999.000 -9999.000 -9999.000 -9999.000 -9999.000 -9999.000 -9999.000 -9999.000 -9999.000 -9999.000 -9999.000
-9999.000 -9999.000 -9999.000 -9999.000 -9999.000 -9999.000 -9999.000 -9999.000 -9999.000 -9999.000 -9999.000 -9999.000 -9999.000 -9999.000 -9999.000 0.5444238 0.5446587 0.5446349 0.5445671 0.5444659 0.5443406 0.5442002 0.5440534 0.5439071 0.5437658 0.5436293 0.5434878 0.5432973 0.5429621 0.5429832 0.5429832 -9999.000 -9999.000 -9999.000 -9999.000 -9999.000 -9999.000 -9999.000 -9999.000 -9999.000 -9999.000 -9999.000 -9999.000 -9999.000 -9999.000 -9999.000 -9999.000 -9999.000 -9999.000 -9999.000 -9999.000 -9999.000 -9999.000 -9999.000 -9999.000 -9999.000 -9999.000 -9999.000 -9999.000
-9999.000 -9999.000 -9999.000 -9999.000 -9999.000 -9999.000 -9999.000 -9999.000 -9999.000 -9999.000 -9999.000 -9999.000 -9999.000 -9999.000 -9999.000 0.5464174 0.5466690 0.5466472 0.5465811 0.5464814 0.5463575 0.5462187 0.5460736 0.5459294 0.5457900 0.5456550 0.5455133 0.5453174 0.5449635 0.5449628 0.5449628 -9999.000 -9999.000 -9999.000 -9999.000 -9999.000 -9999.000 -9999.000 -9999.000 -9999.000 -9999.000 -9999.000 -9999.000 -9999.000 -9999.000 -9999.000 -9999.000 -9999.000 -9999.000 -9999.000 -9999.000 -9999.000 -9999.000 -9999.000 -9999.000 -9999.000 -9999.000 -9999.000 -9999.000
-9999.000 -9999.000 -9999.000 -9999.000 -9999.000 -9999.000 -9999.000 -9999.000 -9999.000 -9999.000 -9999.000 -9999.000 -9999.000 -9999.000 -9999.000 0.5484315 0.5486948 0.5486731 0.5486066 0.5485058 0.5483801 0.5482391 0.5480918 0.5479451 0.5478034 0.5476653 0.5475193 0.5473135 0.5469349 0.5468983 0.5468983 -9999.000 -9999.000 -9999.000 -9999.000 -9999.000 -9999.000 -9999.000 -9999.000 -9999.000 -9999.000 -9999.000 -9999.000 -9999.000 -9999.000 -9999.000 -9999.000 -9999.000 -9999.000 -9999.000 -9999.000 -9999.000 -9999.000 -9999.000 -9999.000 -9999.000 -9999.000 -9999.000 -9999.000
-9999.000 -9999.000 -9999.000 -9999.000 -9999.000 -9999.000 -9999.000 -9999.000 -9999.000 -9999.000 -9999.000 -9999.000 -9999.000 -9999.000 -9999.000 0.5504555 0.5507272 0.5507046 0.5506365 0.5505329 0.5504036 0.5502585 0.5501065 0.5499552 0.5498086 0.5496649 0.5495118 0.5492926 0.5488831 0.5487957 0.5487957 -9999.000 -9999.000 -9999.000 -9999.000 -9999.000 -9999.000 -9999.000 -9999.000 -9999.000 -9999.000 -9999.000 -9999.000 -9999.000 -9999.000 -9999.000 -9999.000 -9999.000 -9999.000 -9999.000 -9999.000 -9999.000 -9999.000 -9999.000 -9999.000 -9999.000 -9999.000 -9999.000 -9999.000
-9999.000 -9999.000 -9999.000 -9999.000 -9999.000 -9999.000 -9999.000 -9999.000 -9999.000 -9999.000 -9999.000 -9999.000 -9999.000 -9999.000 -9999.000 0.5524824 0.5527608 0.5527365 0.5526660 0.5525590 0.5524251 0.5522746 0.5521169 0.5519595 0.5518066 0.5516557 0.5514936 0.5512577 0.5508106 0.5506546 0.5506546 -9999.000 -9999.000 -9999.000 -9999.000 -9999.000 -9999.000 -9999.000 -9999.000 -9999.000 -9999.000 -9999.000 -9999.000 -9999.000 -9999.000 -9999.000 -9999.000 -9999.000 -9999.000 -9999.000 -9999.000 -9999.000 -9999.000 -9999.000 -9999.000 -9999.000 -9999.000 -9999.000 -9999.000
-9999.000 -9999.000 -9999.000 -9999.000 -9999.000 -9999.000 -9999.000 -9999.000 -9999.000 -9999.000 -9999.000 -9999.000 -9999.000 -9999.000 -9999.000 0.5545081 0.5547918 0.5547653 0.5546920 0.5545809 0.5544418 0.5542854 0.5541213 0.5539572 0.5537972 0.5536380 0.5534655 0.5532098 0.5527176 0.5524698 0.5524698 -9999.000 -9999.000 -9999.000 -9999.000 -9999.000 -9999.000 -9999.000 -9999.000 -9999.000 -9999.000 -9999.000 -9999.000 -9999.000 -9999.000 -9999.000 -9999.000 -9999.000 -9999.000 -9999.000 -9999.000 -9999.000 -9999.000 -9999.000 -9999.000 -9999.000 -9999.000 -9999.000 -9999.000
-9999.000 -9999.000 -9999.000 -9999.000 -9999.000 -9999.000 -9999.000 -9999.000 -9999.000 -9999.000 -9999.000 -9999.000 -9999.000 -9999.000 -9999.000 0.5565290 0.5568175 0.5567881 0.5567116 0.5565960 0.5564513 0.5562885 0.5561177 0.5559465 0.5557789 0.5556109 0.5554268 0.5551481 0.5546018 0.5542306 0.5542306 -9999.000 -9999.000 -9999.000 -9999.000 -9999.000 -9999.000 -9999.000 -9999.000 -9999.000 -9999.000 -9999.000 -9999.000 -9999.000 -9999.000 -9999.000 -9999.000 -9999.000 -9999.000 -9999.000 -9999.000 -9999.000 -9999.000 -9999.000 -9999.000 -9999.000 -9999.000 -9999.000 -9999.000
-9999.000 -9999.000 -9999.000 -9999.000 -9999.000 -9999.000 -9999.000 -9999.000 -9999.000 -9999.000 -9999.000 -9999.000 -9999.000 -9999.000 -9999.000 0.5585425 0.5588355 0.5588027 0.5587224 0.5586018 0.5584509 0.5582813 0.5581031 0.5579246 0.5577493 0.5575719 0.5573753 0.5570698 0.5564586 0.5559192 0.5559192 -9999.000 -9999.000 -9999.000 -9999.000 -9999.000 -9999.000 -9999.000 -9999.000 -9999.000 -9999.000 -9999.000 -9999.000 -9999.000 -9999.000 -9999.000 -9999.000 -9999.000 -9999.000 -9999.000 -9999.000 -9999.000 -9999.000 -9999.000 -9999.000 -9999.000 -9999.000 -9999.000 -9999.000
-9999.000 -9999.000 -9999.000 -9999.000 -9999.000 -9999.000 -9999.000 -9999.000 -9999.000 -9999.000 -9999.000 -9999.000 -9999.000 -9999.000 -9999.000 0.5605456 0.5608433 0.5608064 0.5607218 0.5605957 0.5604380 0.5602607 0.5600747 0.5598882 0.5597048 0.5595173 0.5593067 0.5589699 0.5582796 0.5575066 0.5575066 -9999.000 -9999.000 -9999.000 -9999.000 -9999.000 -9999.000 -9999.000 -9999.000 -9999.000 -9999.000 -9999.000 -9999.000 -9999.000 -9999.000 -9999.000 -9999.000 -9999.000 -9999.000 -9999.000 -9999.000 -9999.000 -9999.000 -9999.000 -9999.000 -9999.000 -9999.000 -9999.000 -9999.000
-9999.000 -9999.000 -9999.000 -9999.000 -9999.000 -9999.000 -9999.000 -9999.000 -9999.000 -9999.000 -9999.000 -9999.000 -9999.000 -9999.000 -9999.000 0.5625346 0.5628379 0.5627962 0.5627066 0.5625742 0.5624087 0.5622230 0.5620282 0.5618329 0.5616404 0.5614416 0.5612150 0.5608398 0.5600516 0.5589457 0.5589457 -9999.000 -9999.000 -9999.000 -9999.000 -9999.000 -9999.000 -9999.000 -9999.000 -9999.000 -9999.000 -9999.000 -9999.000 -9999.000 -9999.000 -9999.000 -9999.000 -9999.000 -9999.000 -9999.000 -9999.000 -9999.000 -9999.000 -9999.000 -9999.000 -9999.000 -9999.000 -9999.000 -9999.000
-9999.000 -9999.000 -9999.000 -9999.000 -9999.000 -9999.000 -9999.000 -9999.000 -9999.000 -9999.000 -9999.000 -9999.000 -9999.000 -9999.000 -9999.000 0.5645041 0.5648149 0.5647677 0.5646722 0.5645326 0.5643582 0.5641628 0.5639579 0.5637525 0.5635492 0.5633366 0.5630901 0.5626664 0.5617539 0.5601578 0.5601578 -9999.000 -9999.000 -9999.000 -9999.000 -9999.000 -9999.000 -9999.000 -9999.000 -9999.000 -9999.000 -9999.000 -9999.000 -9999.000 -9999.000 -9999.000 -9999.000 -9999.000 -9999.000 -9999.000 -9999.000 -9999.000 -9999.000 -9999.000 -9999.000 -9999.000 -9999.000 -9999.000 -9999.000
-9999.000 -9999.000 -9999.000 -9999.000 -9999.000 -9999.000 -9999.000 -9999.000 -9999.000 -9999.000 -9999.000 -9999.000 -9999.000 -9999.000 -9999.000 0.5664362 0.5667614 0.5667099 0.5666097 0.5664634 0.5662800 0.5660740 0.5658574 0.5656393 0.5654221 0.5651911 0.5649177 0.5644292 0.5633538 0.5610111 0.5610111 -9999.000 -9999.000 -9999.000 -9999.000 -9999.000 -9999.000 -9999.000 -9999.000 -9999.000 -9999.000 -9999.000 -9999.000 -9999.000 -9999.000 -9999.000 -9999.000 -9999.000 -9999.000 -9999.000 -9999.000 -9999.000 -9999.000 -9999.000 -9999.000 -9999.000 -9999.000 -9999.000 -9999.000
-9999.000 -9999.000 -9999.000 -9999.000 -9999.000 -9999.000 -9999.000 -9999.000 -9999.000 -9999.000 -9999.000 -9999.000 -9999.000 -9999.000 -9999.000 0.5666707 0.5680274 0.5683560 0.5685246 0.5685550 0.5684727 0.5683098 0.5680952 0.5678533 0.5675979 0.5673175 0.5669811 0.5663608 0.5649568 0.5607885 0.5607885 -9999.000 -9999.000 -9999.000 -9999.000 -9999.000 -9999.000 -9999.000 -9999.000 -9999.000 -9999.000 -9999.000 -9999.000 -9999.000 -9999.000 -9999.000 -9999.000 -9999.000 -9999.000 -9999.000 -9999.000 -9999.000 -9999.000 -9999.000 -9999.000 -9999.000 -9999.000 -9999.000 -9999.000
0.6161240 0.6161240 0.6020382 0.5872777 0.5835356 0.5835356 0.5803913 0.5751131 0.5751131 0.5706733 0.5706733 0.5668000 0.5650272 0.5633454 0.5617436 0.5617436 0.5725553 0.5726954 0.5729423 0.5735188 0.5744550 0.5757347 0.5772730 0.5789520 0.5805883 0.5818245 0.5820036 0.5793878 0.5702922 0.5402671 0.5402671 0.3625197 0.3367181 0.3260161 0.3227687 0.3227687 0.3193629 0.3193629 0.3299692 0.3299692 0.3442139 0.4181960 0.4181960 0.4700733 0.4700733 0.4846126 0.4846126 0.4846126 0.4786560 0.4786560 0.4691762 0.4691762 0.4586794 0.4586794 0.4485140 0.4485140 0.4395862 0.4395862 0.4395862
0.6145278 0.6145278 0.5997626 0.5864398 0.5826945 0.5826945 0.5795483 0.5742768 0.5742768 0.5698505 0.5698505 0.5659915 0.5642255 0.5625502 0.5609546 0.5609546 0.5691269 0.5685837 0.5667968 0.5647674 0.5630423 0.5619057 0.5614692 0.5617406 0.5626425 0.5640137 0.5661191 0.5662885 0.5624475 0.5460367 0.5460367 0.4226136 0.3789634 0.3400757 0.3304466 0.3304466 0.3224848 0.3224848 0.3316539 0.3316539 0.3443855 0.3984697 0.3984697 0.4632970 0.4632970 0.4854687 0.4854687 0.4854687 0.4792473 0.4792473 0.4695561 0.4695561 0.4589590 0.4589590 0.4487180 0.4487180 0.4397574 0.4397574 0.4397574
0.6136337 0.6136337 0.5987697 0.5864528 0.5827029 0.5827029 0.5795423 0.5742514 0.5742514 0.5698179 0.5698179 0.5659553 0.5641875 0.5625104 0.5609128 0.5609128 0.5666946 0.5653793 0.5619782 0.5579082 0.5540449 0.5508514 0.5485395 0.5471810 0.5467535 0.5471467 0.5483923 0.5489055 0.5469077 0.5364630 0.5364630 0.4521799 0.4067867 0.3555187 0.3415889 0.3415889 0.3310703 0.3310703 0.3421837 0.3421837 0.3548912 0.3961056 0.3961056 0.4534124 0.4534124 0.4838850 0.4838850 0.4838850 0.4791279 0.4791279 0.4695865 0.4695865 0.4589292 0.4589292 0.4487191 0.4487191 0.4398410 0.4398410 0.4398410
0.6129158 0.6129158 0.5979865 0.5864719 0.5827333 0.5827333 0.5795614 0.5742516 0.5742516 0.5698148 0.5698148 0.5659539 0.5641869 0.5625102 0.5609128 0.5609128 0.5640569 0.5616493 0.5567336 0.5508818 0.5451724 0.5402015 0.5362568 0.5334480 0.5317755 0.5311558 0.5315711 0.5319390 0.5306709 0.5231547 0.5231547 0.4673603 0.4255974 0.3715572 0.3564214 0.3564214 0.3478133 0.3478133 0.3622398 0.3622398 0.3739512 0.4023117 0.4023117 0.4433911 0.4433911 0.4779841 0.4779841 0.4779841 0.4764169 0.4764169 0.4680763 0.4680763 0.4578950 0.4578950 0.4480164 0.4480164 0.4394642 0.4394642 0.4394642
0.6123658 0.6123658 0.5973907 0.5864831 0.5827636 0.5827636 0.5795825 0.5742530 0.5742530 0.5698123 0.5698123 0.5659530 0.5641869 0.5625108 0.5609139 0.5609139 0.5610752 0.5571218 0.5505878 0.5430365 0.5356129 0.5289906 0.5235211 0.5193574 0.5165259 0.5149614 0.5146097 0.5147221 0.5139560 0.5087552 0.5087552 0.4716575 0.4362805 0.3869376 0.3746733 0.3746733 0.3738758 0.3738758 0.3901086 0.3901086 0.3983801 0.4127312 0.4127312 0.4355776 0.4355776 0.4680938 0.4680938 0.4680938 0.4706357 0.4706357 0.4647548 0.4647548 0.4558522 0.4558522 0.4467622 0.4467622 0.4388608 0.4388608 0.4388608
0.6119782 0.6119782 0.5969719 0.5864881 0.5827886 0.5827886 0.5796010 0.5742546 0.5742546 0.5698101 0.5698101 0.5659522 0.5641869 0.5625113 0.5609146 0.5609146 0.5576229 0.5516607 0.5433213 0.5340844 0.5250434 0.5168756 0.5099636 0.5044969 0.5005350 0.4980403 0.4969473 0.4967356 0.4963204 0.4929918 0.4929918 0.4686257 0.4407951 0.4034233 0.3986400 0.3986400 0.4086983 0.4086983 0.4210151 0.4210151 0.4234213 0.4241748 0.4241748 0.4313825 0.4313825 0.4563028 0.4563028 0.4563028 0.4621942 0.4621942 0.4595084 0.4595084 0.4526826 0.4526826 0.4449539 0.4449539 0.4381049 0.4381049 0.4381049
0.6117477 0.6117477 0.5967234 0.5864898 0.5828050 0.5828050 0.5796137 0.5742558 0.5742558 0.5698087 0.5698087 0.5659517 0.5641869 0.5625115 0.5609150 0.5609150 0.5534633 0.5450513 0.5346869 0.5237375 0.5131627 0.5035726 0.4953347 0.4886499 0.4836036 0.4801894 0.4783525 0.4777372 0.4775132 0.4756992 0.4756992 0.4605496 0.4414327 0.4255386 0.4318933 0.4318933 0.4481752 0.4481752 0.4493746 0.4493746 0.4452902 0.4350230 0.4350230 0.4307091 0.4307091 0.4449585 0.4449585 0.4449585 0.4521553 0.4521553 0.4525239 0.4525239 0.4483295 0.4483295 0.4425454 0.4425454 0.4372012 0.4372012 0.4372012
0.6116712 0.6116712 0.5966408 0.5864900 0.5828106 0.5828106 0.5796182 0.5742561 0.5742561 0.5698081 0.5698081 0.5659515 0.5641869 0.5625116 0.5609152 0.5609152 0.5482370 0.5369588 0.5243526 0.5116479 0.4996188 0.4887510 0.4793473 0.4715867 0.4655595 0.4612820 0.4587200 0.4576411 0.4574609 0.4569280 0.4569280 0.4493342 0.4416921 0.4590754 0.4750569 0.4750569 0.4850090 0.4850090 0.4719574 0.4719574 0.4627010 0.4448109 0.4448109 0.4326350 0.4326350 0.4356703 0.4356703 0.4356703 0.4418309 0.4418309 0.4443133 0.4443133 0.4428804 0.4428804 0.4395159 0.4395159 0.4361308 0.4361308 0.4361308
0.6117477 0.6117477 0.5967234 0.5864897 0.5828050 0.5828050 0.5796137 0.5742556 0.5742556 0.5698086 0.5698086 0.5659516 0.5641870 0.5625114 0.5609151 0.5609151 0.5414268 0.5268867 0.5118536 0.4973689 0.4839824 0.4720107 0.4616486 0.4530163 0.4461815 0.4411661 0.4379534 0.4364046 0.4361902 0.4370309 0.4370309 0.4376979 0.4482077 0.5057824 0.5212849 0.5212849 0.5132297 0.5132297 0.4887320 0.4887320 0.4762455 0.4535301 0.4535301 0.4360933 0.4360933 0.4290426 0.4290426 0.4290426 0.4323754 0.4323754 0.4356244 0.4356244 0.4366250 0.4366250 0.4359374 0.4359374 0.4348938 0.4348938 0.4348938
0.6119782 0.6119782 0.5969719 0.5864882 0.5827886 0.5827886 0.5796010 0.5742546 0.5742546 0.5698101 0.5698101 0.5659522 0.5641870 0.5625112 0.5609145 0.5609145 0.5322801 0.5141062 0.4965281 0.4803019 0.4657095 0.4528608 0.4418058 0.4325720 0.4251773 0.4196274 0.4159119 0.4139666 0.4138110 0.4170830 0.4170830 0.4315082 0.4720970 0.5568227 0.5587282 0.5587282 0.5321616 0.5321616 0.5012110 0.5012110 0.4869584 0.4611826 0.4611826 0.4401830 0.4401830 0.4249102 0.4249102 0.4249102 0.4245287 0.4245287 0.4272640 0.4272640 0.4300394 0.4300394 0.4320087 0.4320087 0.4335344 0.4335344 0.4335344
0.6123658 0.6123658 0.5973906 0.5864830 0.5827636 0.5827636 0.5795825 0.5742530 0.5742530 0.5698123 0.5698123 0.5659530 0.5641870 0.5625108 0.5609137 0.5609137 0.5196531 0.4975288 0.4774130 0.4596156 0.4440829 0.4306792 0.4192799 0.4097944 0.4021675 0.3963688 0.3923803 0.3902199 0.3906815 0.4005316 0.4005316 0.4435485 0.5231491 0.5958553 0.5815998 0.5815998 0.5446420 0.5446420 0.5106856 0.5106856 0.4954968 0.4676570 0.4676570 0.4442287 0.4442287 0.4227143 0.4227143 0.4227143 0.4185681 0.4185681 0.4199213 0.4199213 0.4237115 0.4237115 0.4280536 0.4280536 0.4321537 0.4321537 0.4321537
