simulation_files/asc/Depth____324.0.asc
NCOLS        79
NROWS        79
XLLCENTER         -1.500000
YLLCENTER         -4.800000
CELLSIZE           0.100
NODATA_VALUE     -9999.0
[rows 0 to 25 of 79, columns 0 to 58 of 79]
-9999.000 -9999.000 -9999.000 -9999.000 -9999.000 -9999.000 -9999.000 -9999.000 -9999.000 -9999.000 -9999.000 -9999.000 -9999.000 -9999.000 -9999.000 0.6791414 0.6795186 0.6795423 0.6794217 0.6792286 0.6789936 0.6787322 0.6784691 0.6782072 0.6779553 0.6777195 0.6774952 0.6772478 0.6768705 0.6768227 0.6768227 -9999.000 -9999.000 -9999.000 -9999.000 -9999.000 -9999.000 -9999.000 -9999.000 -9999.000 -9999.000 -9999.000 -9999.000 -9999.000 -9999.000 -9999.000 -9999.000 -9999.000 -9999.000 -9999.000 -9999.000 -9999.000 -9999.000 -9999.000 -9999.000 -9999.000 -9999.000 -9999.000 -9999.000
-9999.000 -9999.000 -9999.000 -9999.000 -9999.000 -9999.000 -9999.000 -9999.000 -9999.000 -9999.000 -9999.000 -9999.000 -9999.000 -9999.000 -9999.000 0.6808996 0.6812615 0.6812800 0.6811810 0.6810263 0.6808412 0.6806375 0.6804353 0.6802360 0.6800464 0.6798713 0.6797059 0.6795197 0.6792166 0.6792505 0.6792505 -9999.000 -9999.000 -9999.000 -9999.000 -9999.000 -9999.000 -9999.000 -9999.000 -9999.000 -9999.000 -9999.000 -9999.000 -9999.000 -9999.000 -9999.000 -9999.000 -9999.000 -9999.000 -9999.000 -9999.000 -9999.000 -9999.000 -9999.000 -9999.000 -9999.000 -9999.000 -9999.000 -9999.000
-9999.000 -9999.000 -9999.000 -9999.000 -9999.000 -9999.000 -9999.000 -9999.000 -9999.000 -9999.000 -9999.000 -9999.000 -9999.000 -9999.000 -9999.000 0.6828176 0.6832096 0.6832350 0.6831418 0.6829932 0.6828155 0.6826203 0.6824284 0.6822398 0.6820613 0.6818966 0.6817395 0.6815567 0.6812463 0.6812759 0.6812759 -9999.000 -9999.000 -9999.000 -9999.000 -9999.000 -9999.000 -9999.000 -9999.000 -9999.000 -9999.000 -9999.000 -9999.000 -9999.000 -9999.000 -9999.000 -9999.000 -9999.000 -9999.000 -9999.000 -9999.000 -9999.000 -9999.000 -9999.000 -9999.000 -9999.000 -9999.000 -9999.000 -9999.000
-9999.000 -9999.000 -9999.000 -9999.000 -9999.000 -9999.000 -9999.000 -9999.000 -9999.000 -9999.000 -9999.000 -9999.000 -9999.000 -9999.000 -9999.000 0.6847853 0.6851950 0.6852229 0.6851300 0.6849815 0.6848040 0.6846092 0.6844187 0.6842316 0.6840547 0.6838914 0.6837347 0.6835487 0.6832247 0.6832324 0.6832324 -9999.000 -9999.000 -9999.000 -9999.000 -9999.000 -9999.000 -9999.000 -9999.000 -9999.000 -9999.000 -9999.000 -9999.000 -9999.000 -9999.000 -9999.000 -9999.000 -9999.000 -9999.000 -9999.000 -9999.000 -9999.000 -9999.000 -9999.000 -9999.000 -9999.000 -9999.000 -9999.000 -9999.000
-9999.000 -9999.000 -9999.000 -9999.000 -9999.000 -9999.000 -9999.000 -9999.000 -9999.000 -9999.000 -9999.000 -9999.000 -9999.000 -9999.000 -9999.000 0.6867740 0.6871957 0.6872237 0.6871284 0.6869769 0.6867959 0.6865976 0.6864043 0.6862142 0.6860345 0.6858686 0.6857084 0.6855154 0.6851723 0.6851436 0.6851436 -9999.000 -9999.000 -9999.000 -9999.000 -9999.000 -9999.000 -9999.000 -9999.000 -9999.000 -9999.000 -9999.000 -9999.000 -9999.000 -9999.000 -9999.000 -9999.000 -9999.000 -9999.000 -9999.000 -9999.000 -9999.000 -9999.000 -9999.000 -9999.000 -9999.000 -9999.000 -9999.000 -9999.000
-9999.000 -9999.000 -9999.000 -9999.000 -9999.000 -9999.000 -9999.000 -9999.000 -9999.000 -9999.000 -9999.000 -9999.000 -9999.000 -9999.000 -9999.000 0.6887701 0.6892011 0.6892277 0.6891285 0.6889723 0.6887863 0.6885822 0.6883842 0.6881889 0.6880043 0.6878335 0.6876678 0.6874650 0.6870981 0.6870183 0.6870183 -9999.000 -9999.000 -9999.000 -9999.000 -9999.000 -9999.000 -9999.000 -9999.000 -9999.000 -9999.000 -9999.000 -9999.000 -9999.000 -9999.000 -9999.000 -9999.000 -9999.000 -9999.000 -9999.000 -9999.000 -9999.000 -9999.000 -9999.000 -9999.000 -9999.000 -9999.000 -9999.000 -9999.000
-9999.000 -9999.000 -9999.000 -9999.000 -9999.000 -9999.000 -9999.000 -9999.000 -9999.000 -9999.000 -9999.000 -9999.000 -9999.000 -9999.000 -9999.000 0.6907669 0.6912057 0.6912299 0.6911258 0.6909640 0.6907719 0.6905612 0.6903574 0.6901557 0.6899649 0.6897882 0.6896154 0.6894007 0.6890047 0.6888568 0.6888568 -9999.000 -9999.000 -9999.000 -9999.000 -9999.000 -9999.000 -9999.000 -9999.000 -9999.000 -9999.000 -9999.000 -9999.000 -9999.000 -9999.000 -9999.000 -9999.000 -9999.000 -9999.000 -9999.000 -9999.000 -9999.000 -9999.000 -9999.000 -9999.000 -9999.000 -9999.000 -9999.000 -9999.000
-9999.000 -9999.000 -9999.000 -9999.000 -9999.000 -9999.000 -9999.000 -9999.000 -9999.000 -9999.000 -9999.000 -9999.000 -9999.000 -9999.000 -9999.000 0.6927609 0.6932067 0.6932274 0.6931176 0.6929498 0.6927510 0.6925329 0.6923229 0.6921139 0.6919162 0.6917326 0.6915517 0.6913228 0.6908921 0.6906542 0.6906542 -9999.000 -9999.000 -9999.000 -9999.000 -9999.000 -9999.000 -9999.000 -9999.000 -9999.000 -9999.000 -9999.000 -9999.000 -9999.000 -9999.000 -9999.000 -9999.000 -9999.000 -9999.000 -9999.000 -9999.000 -9999.000 -9999.000 -9999.000 -9999.000 -9999.000 -9999.000 -9999.000 -9999.000
-9999.000 -9999.000 -9999.000 -9999.000 -9999.000 -9999.000 -9999.000 -9999.000 -9999.000 -9999.000 -9999.000 -9999.000 -9999.000 -9999.000 -9999.000 0.6947498 0.6952021 0.6952183 0.6951020 0.6949276 0.6947218 0.6944957 0.6942791 0.6940624 0.6938570 0.6936660 0.6934758 0.6932303 0.6927580 0.6924006 0.6924006 -9999.000 -9999.000 -9999.000 -9999.000 -9999.000 -9999.000 -9999.000 -9999.000 -9999.000 -9999.000 -9999.000 -9999.000 -9999.000 -9999.000 -9999.000 -9999.000 -9999.000 -9999.000 -9999.000 -9999.000 -9999.000 -9999.000 -9999.000 -9999.000 -9999.000 -9999.000 -9999.000 -9999.000
-9999.000 -9999.000 -9999.000 -9999.000 -9999.000 -9999.000 -9999.000 -9999.000 -9999.000 -9999.000 -9999.000 -9999.000 -9999.000 -9999.000 -9999.000 0.6967314 0.6971902 0.6972009 0.6970774 0.6968958 0.6966824 0.6964477 0.6962244 0.6959991 0.6957856 0.6955864 0.6953860 0.6951208 0.6945986 0.6940812 0.6940812 -9999.000 -9999.000 -9999.000 -9999.000 -9999.000 -9999.000 -9999.000 -9999.000 -9999.000 -9999.000 -9999.000 -9999.000 -9999.000 -9999.000 -9999.000 -9999.000 -9999.000 -9999.000 -9999.000 -9999.000 -9999.000 -9999.000 -9999.000 -9999.000 -9999.000 -9999.000 -9999.000 -9999.000
-9999.000 -9999.000 -9999.000 -9999.000 -9999.000 -9999.000 -9999.000 -9999.000 -9999.000 -9999.000 -9999.000 -9999.000 -9999.000 -9999.000 -9999.000 0.6987035 0.6991691 0.6991733 0.6990416 0.6988523 0.6986308 0.6983868 0.6981565 0.6979220 0.6976997 0.6974915 0.6972792 0.6969907 0.6964078 0.6956732 0.6956732 -9999.000 -9999.000 -9999.000 -9999.000 -9999.000 -9999.000 -9999.000 -9999.000 -9999.000 -9999.000 -9999.000 -9999.000 -9999.000 -9999.000 -9999.000 -9999.000 -9999.000 -9999.000 -9999.000 -9999.000 -9999.000 -9999.000 -9999.000 -9999.000 -9999.000 -9999.000 -9999.000 -9999.000
-9999.000 -9999.000 -9999.000 -9999.000 -9999.000 -9999.000 -9999.000 -9999.000 -9999.000 -9999.000 -9999.000 -9999.000 -9999.000 -9999.000 -9999.000 0.7006628 0.7011362 0.7011328 0.7009920 0.7007944 0.7005641 0.7003103 0.7000726 0.6998278 0.6995957 0.6993775 0.6991513 0.6988346 0.6981775 0.6971421 0.6971421 -9999.000 -9999.000 -9999.000 -9999.000 -9999.000 -9999.000 -9999.000 -9999.000 -9999.000 -9999.000 -9999.000 -9999.000 -9999.000 -9999.000 -9999.000 -9999.000 -9999.000 -9999.000 -9999.000 -9999.000 -9999.000 -9999.000 -9999.000 -9999.000 -9999.000 -9999.000 -9999.000 -9999.000
-9999.000 -9999.000 -9999.000 -9999.000 -9999.000 -9999.000 -9999.000 -9999.000 -9999.000 -9999.000 -9999.000 -9999.000 -9999.000 -9999.000 -9999.000 0.7026045 0.7030874 0.7030755 0.7029246 0.7027181 0.7024785 0.7022138 0.7019686 0.7017120 0.7014689 0.7012390 0.7009963 0.7006446 0.6998953 0.6984339 0.6984339 -9999.000 -9999.000 -9999.000 -9999.000 -9999.000 -9999.000 -9999.000 -9999.000 -9999.000 -9999.000 -9999.000 -9999.000 -9999.000 -9999.000 -9999.000 -9999.000 -9999.000 -9999.000 -9999.000 -9999.000 -9999.000 -9999.000 -9999.000 -9999.000 -9999.000 -9999.000 -9999.000 -9999.000
-9999.000 -9999.000 -9999.000 -9999.000 -9999.000 -9999.000 -9999.000 -9999.000 -9999.000 -9999.000 -9999.000 -9999.000 -9999.000 -9999.000 -9999.000 0.7044999 0.7050049 0.7049895 0.7048324 0.7046195 0.7043717 0.7040958 0.7038423 0.7035717 0.7033151 0.7030706 0.7028065 0.7024102 0.7015437 0.6994647 0.6994647 -9999.000 -9999.000 -9999.000 -9999.000 -9999.000 -9999.000 -9999.000 -9999.000 -9999.000 -9999.000 -9999.000 -9999.000 -9999.000 -9999.000 -9999.000 -9999.000 -9999.000 -9999.000 -9999.000 -9999.000 -9999.000 -9999.000 -9999.000 -9999.000 -9999.000 -9999.000 -9999.000 -9999.000
-9999.000 -9999.000 -9999.000 -9999.000 -9999.000 -9999.000 -9999.000 -9999.000 -9999.000 -9999.000 -9999.000 -9999.000 -9999.000 -9999.000 -9999.000 0.7013192 0.7054940 0.7072666 0.7077327 0.7075059 0.7071871 0.7067978 0.7064178 0.7060079 0.7056162 0.7052459 0.7048588 0.7043067 0.7031413 0.6994344 0.6994344 -9999.000 -9999.000 -9999.000 -9999.000 -9999.000 -9999.000 -9999.000 -9999.000 -9999.000 -9999.000 -9999.000 -9999.000 -9999.000 -9999.000 -9999.000 -9999.000 -9999.000 -9999.000 -9999.000 -9999.000 -9999.000 -9999.000 -9999.000 -9999.000 -9999.000 -9999.000 -9999.000 -9999.000
0.7747032 0.7747032 0.7763221 0.7620622 0.7543305 0.7543305 0.7508618 0.7455394 0.7455394 0.7412422 0.7412422 0.7376719 0.7360966 0.7346323 0.7332287 0.7332287 0.7099237 0.7087045 0.7080772 0.7087699 0.7099546 0.7115182 0.7139078 0.7162508 0.7187118 0.7210544 0.7226992 0.7220854 0.7150309 0.6851687 0.6851687 0.4786541 0.4435742 0.4234388 0.4167579 0.4167579 0.4066804 0.4066804 0.4109215 0.4109215 0.4228120 0.4732706 0.4732706 0.5778964 0.5778964 0.6176144 0.6176144 0.6176144 0.6161515 0.6161515 0.6055887 0.6055887 0.5918828 0.5918828 0.5778269 0.5778269 0.5650553 0.5650553 0.5650553
0.7720085 0.7720085 0.7752437 0.7602032 0.7535822 0.7535822 0.7499075 0.7444943 0.7444943 0.7402081 0.7402081 0.7366547 0.7350862 0.7336280 0.7322308 0.7322308 0.7119951 0.7072814 0.7030489 0.6996551 0.6969276 0.6949441 0.6939937 0.6938489 0.6945673 0.6960530 0.6980151 0.6997285 0.6994309 0.6868499 0.6868499 0.5465426 0.4934092 0.4416338 0.4273326 0.4273326 0.4115312 0.4115312 0.4147785 0.4147785 0.4258566 0.4697088 0.4697088 0.5521087 0.5521087 0.6154062 0.6154062 0.6154062 0.6160303 0.6160303 0.6058944 0.6058944 0.5922805 0.5922805 0.5783374 0.5783374 0.5656106 0.5656106 0.5656106
0.7706103 0.7706103 0.7749375 0.7597733 0.7538011 0.7538011 0.7499916 0.7444610 0.7444610 0.7401643 0.7401643 0.7366094 0.7350388 0.7335779 0.7321729 0.7321729 0.7134963 0.7057029 0.6982936 0.6917337 0.6861206 0.6815377 0.6781752 0.6759427 0.6748472 0.6748418 0.6757393 0.6770062 0.6772461 0.6696309 0.6696309 0.5797695 0.5249069 0.4595454 0.4401930 0.4401930 0.4211643 0.4211643 0.4281216 0.4281216 0.4410336 0.4805854 0.4805854 0.5410411 0.5410411 0.6083886 0.6083886 0.6083886 0.6133506 0.6133506 0.6049020 0.6049020 0.5918813 0.5918813 0.5781912 0.5781912 0.5656207 0.5656207 0.5656207
0.7695809 0.7695809 0.7744157 0.7595274 0.7540008 0.7540008 0.7501045 0.7444546 0.7444546 0.7401534 0.7401534 0.7366069 0.7350380 0.7335774 0.7321635 0.7321635 0.7142073 0.7036732 0.6932493 0.6837046 0.6753611 0.6683660 0.6628577 0.6587950 0.6561360 0.6548101 0.6546593 0.6552750 0.6555876 0.6506792 0.6506792 0.5934042 0.5446541 0.4770164 0.4560908 0.4560908 0.4394161 0.4394161 0.4534101 0.4534101 0.4675990 0.4990347 0.4990347 0.5368500 0.5368500 0.5958398 0.5958398 0.5958398 0.6060403 0.6060403 0.6010355 0.6010355 0.5897151 0.5897151 0.5769009 0.5769009 0.5649346 0.5649346 0.5649346
0.7688945 0.7688945 0.7737287 0.7593975 0.7541602 0.7541602 0.7502058 0.7444484 0.7444484 0.7401421 0.7401421 0.7366050 0.7350383 0.7335781 0.7321503 0.7321503 0.7137890 0.7007390 0.6874833 0.6750984 0.6640911 0.6546955 0.6470522 0.6411622 0.6369737 0.6343971 0.6332753 0.6332695 0.6335471 0.6306036 0.6306036 0.5940970 0.5541529 0.4923782 0.4744478 0.4744478 0.4685190 0.4685190 0.4898254 0.4898254 0.5020811 0.5201367 0.5201367 0.5371464 0.5371464 0.5804053 0.5804053 0.5804053 0.5944766 0.5944766 0.5940284 0.5940284 0.5856335 0.5856335 0.5745400 0.5745400 0.5637511 0.5637511 0.5637511
0.7684947 0.7684947 0.7729408 0.7593718 0.7542872 0.7542872 0.7502869 0.7444429 0.7444429 0.7401327 0.7401327 0.7366045 0.7350398 0.7335803 0.7321314 0.7321314 0.7119688 0.6964605 0.6805374 0.6654940 0.6519593 0.6402392 0.6304930 0.6227587 0.6170003 0.6131318 0.6110064 0.6103386 0.6104789 0.6089618 0.6089618 0.5861592 0.5556418 0.5071626 0.4979824 0.4979824 0.5098620 0.5098620 0.5320085 0.5320085 0.5379754 0.5399374 0.5399374 0.5403086 0.5403086 0.5654513 0.5654513 0.5654513 0.5803537 0.5803537 0.5841895 0.5841895 0.5795519 0.5795519 0.5710374 0.5710374 0.5620852 0.5620852 0.5620852
0.7683922 0.7683922 0.7721206 0.7593797 0.7543659 0.7543659 0.7503369 0.7444433 0.7444433 0.7401351 0.7401351 0.7366142 0.7350501 0.7335902 0.7321112 0.7321112 0.7084679 0.6903972 0.6719142 0.6544021 0.6385356 0.6246520 0.6129218 0.6034045 0.5960845 0.5908929 0.5877041 0.5862862 0.5861457 0.5856107 0.5856107 0.5722031 0.5514222 0.5262759 0.5323585 0.5323585 0.5606788 0.5606788 0.5719763 0.5719763 0.5692047 0.5566729 0.5566729 0.5452094 0.5452094 0.5533006 0.5533006 0.5533006 0.5657547 0.5657547 0.5723415 0.5723415 0.5715848 0.5715848 0.5663282 0.5663282 0.5598909 0.5598909 0.5598909
0.7687914 0.7687914 0.7713197 0.7594177 0.7544115 0.7544115 0.7503651 0.7444441 0.7444441 0.7401327 0.7401327 0.7366138 0.7350500 0.7335905 0.7320697 0.7320697 0.7028970 0.6820219 0.6610218 0.6412250 0.6232666 0.6074608 0.5939614 0.5828261 0.5740495 0.5675790 0.5633156 0.5610806 0.5605264 0.5606635 0.5606635 0.5542505 0.5446674 0.5579704 0.5822592 0.5822592 0.6119208 0.6119208 0.6037349 0.6037349 0.5932346 0.5704113 0.5704113 0.5511015 0.5511015 0.5448304 0.5448304 0.5448304 0.5524485 0.5524485 0.5596375 0.5596375 0.5621313 0.5621313 0.5604664 0.5604664 0.5571445 0.5571445 0.5571445
0.7683921 0.7683921 0.7721208 0.7593800 0.7543660 0.7543660 0.7503365 0.7444430 0.7444430 0.7401351 0.7401351 0.7366144 0.7350502 0.7335904 0.7320112 0.7320112 0.6947212 0.6706883 0.6471621 0.6252647 0.6054970 0.5880859 0.5731269 0.5606464 0.5506281 0.5430264 0.5377640 0.5347137 0.5336881 0.5344884 0.5344884 0.5348012 0.5415112 0.6096068 0.6436311 0.6436311 0.6528902 0.6528902 0.6263069 0.6263069 0.6109187 0.5818462 0.5818462 0.5574000 0.5574000 0.5398126 0.5398126 0.5398126 0.5415117 0.5415117 0.5472839 0.5472839 0.5518618 0.5518618 0.5536920 0.5536920 0.5538959 0.5538959 0.5538959
0.7684944 0.7684944 0.7729412 0.7593724 0.7542875 0.7542875 0.7502864 0.7444423 0.7444423 0.7401327 0.7401327 0.7366050 0.7350401 0.7335806 0.7319204 0.7319204 0.6831011 0.6554872 0.6294188 0.6056423 0.5844154 0.5658048 0.5497992 0.5363583 0.5254310 0.5169619 0.5108854 0.5071244 0.5057424 0.5080142 0.5080142 0.5189277 0.5543054 0.6770884 0.7006031 0.7006031 0.6794789 0.6794789 0.6420201 0.6420201 0.6241801 0.5914801 0.5914801 0.5635818 0.5635818 0.5374658 0.5374658 0.5374658 0.5332959 0.5332959 0.5362760 0.5362760 0.5416180 0.5416180 0.5464529 0.5464529 0.5503113 0.5503113 0.5503113
0.7688941 0.7688941 0.7737295 0.7593983 0.7541605 0.7541605 0.7502051 0.7444476 0.7444476 0.7401422 0.7401422 0.7366056 0.7350386 0.7335786 0.7318044 0.7318044 0.6667224 0.6351022 0.6065518 0.5812271 0.5590126 0.5397316 0.5232143 0.5093195 0.4979381 0.4889873 0.4824009 0.4781682 0.4769807 0.4841479 0.4841479 0.5190102 0.6002602 0.7391138 0.7372847 0.7372847 0.6952058 0.6952058 0.6533219 0.6533219 0.6344092 0.5994701 0.5994701 0.5692026 0.5692026 0.5368932 0.5368932 0.5368932 0.5276210 0.5276210 0.5272477 0.5272477 0.5322564 0.5322564 0.5393634 0.5393634 0.5466825 0.5466825 0.5466825
