simulation_files/asc/Depth____340.0.asc
NCOLS       216
NROWS       273
XLLCENTER        494.688995
YLLCENTER        787.867981
CELLSIZE           0.500
NODATA_VALUE     -9999.0
[rows 182 to 207 of 273, columns 120 to 179 of 216]
-9999.000 -9999.000 -9999.000 -9999.000 -9999.000 -9999.000 -9999.000 -9999.000 -9999.000 0.5775092E-01 0.1478462 0.2212256 0.2281945 0.1799170 0.1020264 0.5420042E-01 0.2213098E-01 0.4008299E-01 0.6925939E-01 0.7054971E-01 0.6351947E-01 0.1244508 0.2214918 0.2177482 0.2232667 0.2687942 0.2748607 0.2498365 0.2695579 0.3094839 0.3390591 0.3651415 0.3422306 0.3025583 0.2810499 0.2880492 0.2895279 0.2936837 0.2638241 0.2084264 0.1410307 0.6206022E-01 -9999.000 -9999.000 -9999.000 -9999.000 -9999.000 -9999.000 -9999.000 -9999.000 -9999.000 -9999.000 -9999.000 -9999.000 -9999.000 -9999.000 -9999.000 -9999.000 -9999.000 -9999.000
-9999.000 -9999.000 -9999.000 -9999.000 -9999.000 -9999.000 -9999.000 -9999.000 -9999.000 0.4468850E-01 0.1251806 0.2021976 0.2293067 0.2035254 0.1555746 0.9490898E-01 0.4492172E-01 0.4442915E-01 0.6372274E-01 0.5425432E-01 0.5347389E-01 0.1123098 0.1770149 0.1896058 0.2198472 0.2910637 0.3112311 0.2632974 0.2751842 0.3453613 0.3718056 0.3813522 0.3709575 0.3241052 0.3084398 0.3021061 0.3066905 0.3091263 0.2914706 0.2683501 0.1815216 0.7241354E-01 -9999.000 -9999.000 -9999.000 -9999.000 -9999.000 -9999.000 -9999.000 -9999.000 -9999.000 -9999.000 -9999.000 -9999.000 -9999.000 -9999.000 -9999.000 -9999.000 -9999.000 -9999.000
-9999.000 -9999.000 -9999.000 -9999.000 -9999.000 -9999.000 -9999.000 -9999.000 -9999.000 -9999.000 0.1153378 0.2033160 0.2361896 0.2330941 0.1979882 0.1431170 0.8392868E-01 0.5514006E-01 0.5418332E-01 0.5005135E-01 0.5830674E-01 0.8574394E-01 0.1029996 0.1185350 0.1701790 0.2502791 0.2988067 0.2846198 0.3078297 0.3552140 0.3344523 0.3240819 0.3301783 0.3156802 0.2722216 0.2705167 0.2759289 0.2890020 0.2945993 0.2827026 0.2315421 0.1264476 0.5560297E-01 -9999.000 -9999.000 -9999.000 -9999.000 -9999.000 -9999.000 -9999.000 -9999.000 -9999.000 -9999.000 -9999.000 -9999.000 -9999.000 -9999.000 -9999.000 -9999.000 -9999.000
-9999.000 -9999.000 -9999.000 -9999.000 -9999.000 -9999.000 -9999.000 -9999.000 -9999.000 0.1305344E-01 0.9715917E-01 0.2003121 0.2461689 0.2492828 0.2289664 0.1821660 0.1137758 0.7144489E-01 0.5601074E-01 0.6366841E-01 0.7566921E-01 0.7565252E-01 0.6501538E-01 0.8402347E-01 0.1265702 0.1867080 0.2396593 0.2636208 0.3320917 0.3106505 0.2435858 0.2576490 0.2770451 0.2087006 0.1728707 0.1530437 0.1841082 0.2085380 0.2430575 0.2529360 0.2234646 0.1574996 0.1226566 -9999.000 -9999.000 -9999.000 -9999.000 -9999.000 -9999.000 -9999.000 -9999.000 -9999.000 -9999.000 -9999.000 -9999.000 -9999.000 -9999.000 -9999.000 -9999.000 -9999.000
-9999.000 -9999.000 -9999.000 -9999.000 -9999.000 -9999.000 -9999.000 -9999.000 -9999.000 -9999.000 0.5973503E-01 0.1730450 0.2360258 0.2474702 0.2388127 0.1963438 0.1379407 0.7508087E-01 0.4675660E-01 0.5000478E-01 0.6841716E-01 0.6895957E-01 0.6768275E-01 0.9515321E-01 0.1483468 0.1931195 0.2274183 0.2526219 0.2654065 0.2163399 0.1934479 0.2878766 0.3093497 0.2565388 0.1826466 0.1601254 0.1751531 0.1937391 0.2118967 0.2257227 0.2150601 0.1850034 0.1495908 0.1041390 -9999.000 -9999.000 -9999.000 -9999.000 -9999.000 -9999.000 -9999.000 -9999.000 -9999.000 -9999.000 -9999.000 -9999.000 -9999.000 -9999.000 -9999.000 -9999.000
-9999.000 -9999.000 -9999.000 -9999.000 -9999.000 -9999.000 -9999.000 -9999.000 -9999.000 -9999.000 -9999.000 0.1463170 0.2086080 0.2197509 0.2321142 0.1968188 0.1153484 0.6957607E-01 0.4412462E-01 0.3030519E-01 0.3936432E-01 0.5919830E-01 0.7419788E-01 0.1157706 0.1907712 0.2163128 0.2100220 0.1909984 0.1972173 0.1902941 0.2015044 0.2883890 0.3545172 0.3345370 0.2723251 0.2011791 0.2061934 0.2307034 0.2314989 0.2146249 0.2097198 0.1789517 0.1351518 0.8933054E-01 -9999.000 -9999.000 -9999.000 -9999.000 -9999.000 -9999.000 -9999.000 -9999.000 -9999.000 -9999.000 -9999.000 -9999.000 -9999.000 -9999.000 -9999.000 -9999.000
-9999.000 -9999.000 -9999.000 -9999.000 -9999.000 -9999.000 -9999.000 -9999.000 -9999.000 -9999.000 -9999.000 0.1401317 0.1895650 0.1922170 0.2115268 0.1886689 0.1300436 0.9951835E-01 0.6965413E-01 0.4086596E-01 0.3028045E-01 0.3701907E-01 0.5558523E-01 0.9554928E-01 0.1370661 0.1464797 0.1718374 0.1721569 0.2115380 0.2441787 0.2264685 0.2598074 0.3081197 0.2968203 0.2664566 0.2343722 0.2281172 0.2247315 0.1933797 0.1928780 0.2060919 0.1949224 0.1795263 0.1426745 0.1046426 0.7194417E-01 -9999.000 -9999.000 -9999.000 -9999.000 -9999.000 -9999.000 -9999.000 -9999.000 -9999.000 -9999.000 -9999.000 -9999.000 -9999.000 -9999.000
-9999.000 -9999.000 -9999.000 -9999.000 -9999.000 -9999.000 -9999.000 -9999.000 -9999.000 -9999.000 -9999.000 0.9126996E-01 0.1560052 0.1893653 0.2133864 0.2112129 0.1873556 0.1612420 0.1136252 0.8419246E-01 0.4199175E-01 0.2065137E-01 0.3070974E-01 0.6081182E-01 0.7984278E-01 0.9519966E-01 0.1761973 0.2158992 0.2582683 0.2850435 0.2751891 0.2617574 0.2514391 0.2303391 0.2432060 0.2506127 0.2446750 0.1897734 0.1819823 0.2165779 0.2317736 0.2273538 0.2399639 0.2223889 0.1840115 0.1067910 0.2968435E-01 -9999.000 -9999.000 -9999.000 -9999.000 -9999.000 -9999.000 -9999.000 -9999.000 -9999.000 -9999.000 -9999.000 -9999.000 -9999.000
-9999.000 -9999.000 -9999.000 -9999.000 -9999.000 -9999.000 -9999.000 -9999.000 -9999.000 -9999.000 -9999.000 -9999.000 0.1015984 0.1574835 0.1962748 0.2140229 0.2176523 0.2080260 0.1544073 0.1142677 0.6405869E-01 0.1699213E-01 0.1755507E-01 0.2843998E-01 0.4737802E-01 0.9031711E-01 0.1664089 0.2193659 0.2592191 0.2855081 0.2736872 0.2734078 0.2865154 0.2664429 0.2627145 0.2956788 0.2553893 0.2192116 0.2498742 0.2782750 0.2763397 0.2670329 0.2859653 0.2677340 0.2301959 0.1416548 0.3871033E-01 -9999.000 -9999.000 -9999.000 -9999.000 -9999.000 -9999.000 -9999.000 -9999.000 -9999.000 -9999.000 -9999.000 -9999.000 -9999.000
-9999.000 -9999.000 -9999.000 -9999.000 -9999.000 -9999.000 -9999.000 -9999.000 -9999.000 -9999.000 -9999.000 -9999.000 0.4989254E-01 0.1034290 0.1587868 0.1959654 0.2294327 0.2340242 0.1972272 0.1561457 0.1076942 0.4865217E-01 0.2815004E-01 0.3291067E-01 0.4084455E-01 0.6782331E-01 0.1167227 0.1756676 0.2251463 0.2583235 0.2535870 0.2674933 0.2950665 0.2588084 0.2692999 0.3020170 0.2505260 0.2575780 0.3185763 0.3418311 0.3109302 0.3063026 0.3232672 0.2752546 0.2197173 0.1295583 0.3968559E-01 -9999.000 -9999.000 -9999.000 -9999.000 -9999.000 -9999.000 -9999.000 -9999.000 -9999.000 -9999.000 -9999.000 -9999.000 -9999.000
-9999.000 -9999.000 -9999.000 -9999.000 -9999.000 -9999.000 -9999.000 -9999.000 -9999.000 -9999.000 -9999.000 -9999.000 -9999.000 0.5705684E-01 0.1167682 0.1806784 0.2088741 0.2331852 0.2305422 0.1936385 0.1535513 0.1008430 0.5854732E-01 0.3588667E-01 0.2904860E-01 0.3828736E-01 0.6819703E-01 0.1363917 0.2059353 0.2485320 0.2298216 0.2280529 0.2248527 0.2195440 0.2871296 0.3111394 0.2631466 0.2855437 0.3606603 0.3755853 0.3444955 0.3146151 0.2626515 0.2014643 0.1614197 0.1106118 0.7678271E-01 0.5277240E-01 -9999.000 -9999.000 -9999.000 -9999.000 -9999.000 -9999.000 -9999.000 -9999.000 -9999.000 -9999.000 -9999.000 -9999.000
-9999.000 -9999.000 -9999.000 -9999.000 -9999.000 -9999.000 -9999.000 -9999.000 -9999.000 -9999.000 -9999.000 -9999.000 -9999.000 0.3381505E-01 0.1030262 0.1253616 0.1193917 0.1468146 0.1881603 0.1951925 0.1869548 0.1444668 0.9122352E-01 0.4932115E-01 0.2440701E-01 -9999.000 0.3409448E-01 0.9793596E-01 0.1808389 0.2198061 0.1644278 0.1884365 0.2191159 0.2336495 0.3009505 0.3260998 0.2985404 0.3166801 0.3527582 0.3650064 0.3219353 0.2312437 0.1922965 0.1555122 0.1659000 0.1785265 0.1582289 0.1208689 0.9249132E-01 -9999.000 -9999.000 -9999.000 -9999.000 -9999.000 -9999.000 -9999.000 -9999.000 -9999.000 -9999.000 -9999.000
-9999.000 -9999.000 -9999.000 -9999.000 -9999.000 -9999.000 -9999.000 -9999.000 -9999.000 -9999.000 -9999.000 -9999.000 -9999.000 -9999.000 0.8746160E-01 0.6804649E-01 -9999.000 0.4038301E-01 0.9867599E-01 0.1658095 0.2068006 0.1771901 0.1414899 0.9260455E-01 0.5367093E-01 0.4532979E-01 0.3184296E-01 0.7505597E-01 0.1482307 0.1620454 0.1264005 0.1780079 0.2331618 0.2555860 0.2913379 0.3205750 0.3164554 0.3122988 0.3243659 0.3210454 0.2723329 0.2562016 0.2297020 0.2227530 0.2465794 0.2506891 0.2425851 0.2367290 0.1665375 0.7161015E-01 -9999.000 -9999.000 -9999.000 -9999.000 -9999.000 -9999.000 -9999.000 -9999.000 -9999.000 -9999.000
-9999.000 -9999.000 -9999.000 -9999.000 -9999.000 -9999.000 -9999.000 -9999.000 -9999.000 -9999.000 -9999.000 -9999.000 -9999.000 -9999.000 -9999.000 -9999.000 -9999.000 0.5628789E-01 0.7678383E-01 0.1171816 0.1685718 0.1781493 0.1515452 0.1016551 0.6018834E-01 0.3533778E-01 0.2756631E-01 0.4493566E-01 0.9444957E-01 0.1304083 0.1242485 0.1598778 0.2188157 0.2451972 0.2715514 0.2900948 0.2999136 0.2952029 0.3068960 0.3182110 0.3178898 0.3224109 0.2967100 0.2838650 0.2789515 0.2808843 0.2657227 0.2578876 0.1939508 0.1022505 -9999.000 -9999.000 -9999.000 -9999.000 -9999.000 -9999.000 -9999.000 -9999.000 -9999.000 -9999.000
-9999.000 -9999.000 -9999.000 -9999.000 -9999.000 -9999.000 -9999.000 -9999.000 -9999.000 -9999.000 -9999.000 -9999.000 -9999.000 -9999.000 -9999.000 -9999.000 0.5223554E-01 0.9344266E-01 0.9703714E-01 0.1025418 0.1371723 0.1537570 0.1380130 0.1060697 0.6553037E-01 0.3387655E-01 0.1674515E-01 -9999.000 -9999.000 -9999.000 0.1032525 0.1297697 0.1692584 0.1938558 0.2356640 0.2818396 0.2859997 0.2795966 0.3080737 0.3592503 0.3776980 0.3719143 0.3192989 0.2861517 0.3007051 0.3054951 0.2850493 0.2298284 0.1555874 0.1022854 -9999.000 -9999.000 -9999.000 -9999.000 -9999.000 -9999.000 -9999.000 -9999.000 -9999.000 -9999.000
-9999.000 -9999.000 -9999.000 -9999.000 -9999.000 -9999.000 -9999.000 -9999.000 -9999.000 -9999.000 -9999.000 -9999.000 -9999.000 -9999.000 -9999.000 -9999.000 -9999.000 0.8985389E-01 0.7951966E-01 0.9136831E-01 0.9991345E-01 0.1283044 0.1462958 0.1253155 0.9463166E-01 0.5874933E-01 0.2580538E-01 -9999.000 -9999.000 -9999.000 -9999.000 0.9510501E-01 0.1109208 0.1240909 0.1805228 0.2393746 0.2380353 0.2390987 0.3006445 0.3702309 0.3990862 0.3720391 0.3137318 0.2861880 0.2968738 0.2721867 0.2277745 0.1722448 0.1268339 0.1069496 -9999.000 -9999.000 -9999.000 -9999.000 -9999.000 -9999.000 -9999.000 -9999.000 -9999.000 -9999.000
-9999.000 -9999.000 -9999.000 -9999.000 -9999.000 -9999.000 -9999.000 -9999.000 -9999.000 -9999.000 -9999.000 -9999.000 -9999.000 -9999.000 -9999.000 -9999.000 -9999.000 -9999.000 0.1113746 0.7021821E-01 0.4730727E-01 0.8022052E-01 0.1151307 0.1166156 0.1103075 0.8888742E-01 0.4359966E-01 0.1818777E-01 -9999.000 -9999.000 -9999.000 0.5327645E-01 0.6590118E-01 0.8162292E-01 0.1238183 0.1704579 0.1792755 0.2244076 0.3059581 0.3532314 0.3571482 0.3313916 0.2956465 0.2638387 0.2524279 0.1919291 0.1461322 0.1236987 0.1311351 0.1300528 0.8399669E-01 -9999.000 -9999.000 -9999.000 -9999.000 -9999.000 -9999.000 -9999.000 -9999.000 -9999.000
-9999.000 -9999.000 -9999.000 -9999.000 -9999.000 -9999.000 -9999.000 -9999.000 -9999.000 -9999.000 -9999.000 -9999.000 -9999.000 -9999.000 -9999.000 -9999.000 -9999.000 0.7284970E-01 0.1063145 0.4964902E-01 0.3545998E-01 0.6931040E-01 0.8988206E-01 0.8455636E-01 0.1071330 0.9339829E-01 -9999.000 -9999.000 -9999.000 -9999.000 -9999.000 -9999.000 0.3479693E-01 0.7382361E-01 0.1288468 0.1652810 0.1934679 0.2448831 0.2774899 0.3042613 0.2959599 0.2773854 0.2630552 0.2670484 0.2394684 0.2235501 0.2019464 0.1488579 0.1495615 0.1682520 0.1363853 0.5125841E-01 -9999.000 -9999.000 -9999.000 -9999.000 -9999.000 -9999.000 -9999.000 -9999.000
-9999.000 -9999.000 -9999.000 -9999.000 -9999.000 -9999.000 -9999.000 -9999.000 -9999.000 -9999.000 -9999.000 -9999.000 -9999.000 -9999.000 -9999.000 -9999.000 -9999.000 0.1204961 0.7847285E-01 0.4242832E-01 0.7365349E-01 0.1219318 0.1308025 0.9203579E-01 0.9777690E-01 0.8040949E-01 0.4991188E-01 -9999.000 -9999.000 -9999.000 -9999.000 -9999.000 -9999.000 0.6839718E-01 0.1438083 0.1951124 0.2294331 0.2226527 0.2127584 0.2230853 0.2478955 0.2214861 0.2325752 0.2738210 0.2601240 0.2685206 0.2489849 0.1964440 0.1804187 0.2053597 0.1794246 0.6402790E-01 0.1577980E-01 -9999.000 -9999.000 -9999.000 -9999.000 -9999.000 -9999.000 -9999.000
-9999.000 -9999.000 -9999.000 -9999.000 -9999.000 -9999.000 -9999.000 -9999.000 -9999.000 -9999.000 -9999.000 -9999.000 -9999.000 -9999.000 -9999.000 -9999.000 0.6586926E-01 0.1247533 0.1040239 0.7712482E-01 0.1424576 0.1876077 0.1721493 0.1249778 0.1148821 0.8210242E-01 -9999.000 -9999.000 -9999.000 -9999.000 -9999.000 -9999.000 -9999.000 0.6051581E-01 0.1165937 0.1588539 0.1797815 0.1859886 0.1914580 0.2037316 0.2034937 0.1757418 0.1763653 0.2524322 0.2791936 0.2678571 0.2427146 0.2111480 0.2011207 0.2087704 0.1935074 0.1022697 0.3987420E-01 -9999.000 -9999.000 -9999.000 -9999.000 -9999.000 -9999.000 -9999.000
-9999.000 -9999.000 -9999.000 -9999.000 -9999.000 -9999.000 -9999.000 -9999.000 -9999.000 -9999.000 -9999.000 -9999.000 -9999.000 -9999.000 -9999.000 -9999.000 -9999.000 0.7347906E-01 0.9132346E-01 0.9958555E-01 0.1456855 0.1677524 0.1553876 0.1668711 0.1614943 0.1086043 -9999.000 -9999.000 -9999.000 -9999.000 -9999.000 -9999.000 -9999.000 0.3354251E-01 0.6184066E-01 0.7079357E-01 0.1085607 0.1504686 0.1952957 0.2000993 0.2004226 0.1873467 0.1785420 0.2283313 0.2610750 0.2613160 0.2514063 0.2161417 0.2151311 0.2256333 0.1826512 0.1166818 0.8309924E-01 0.3356676E-01 -9999.000 -9999.000 -9999.000 -9999.000 -9999.000 -9999.000
-9999.000 -9999.000 -9999.000 -9999.000 -9999.000 -9999.000 -9999.000 -9999.000 -9999.000 -9999.000 -9999.000 -9999.000 -9999.000 -9999.000 -9999.000 -9999.000 -9999.000 -9999.000 0.5619325E-01 0.7630906E-01 0.1086357 0.1154398 0.1204780 0.1641329 0.1856637 0.1392529 0.7354983E-01 0.2891162E-01 -9999.000 -9999.000 -9999.000 -9999.000 -9999.000 -9999.000 0.5244023E-01 0.7336609E-01 0.9663757E-01 0.1335634 0.1613206 0.1710150 0.2013294 0.2325766 0.2344945 0.2373525 0.2244651 0.2525782 0.2429653 0.2178646 0.2428056 0.2636193 0.2151836 0.1765073 0.1434749 0.8630071E-01 -9999.000 -9999.000 -9999.000 -9999.000 -9999.000 -9999.000
-9999.000 -9999.000 -9999.000 -9999.000 -9999.000 -9999.000 -9999.000 -9999.000 -9999.000 -9999.000 -9999.000 -9999.000 -9999.000 -9999.000 -9999.000 -9999.000 -9999.000 -9999.000 0.6813162E-01 0.5432014E-01 0.6168358E-01 0.8500321E-01 0.1056356 0.1472551 0.1835025 0.1603355 0.1092430 0.4968642E-01 0.2002081E-01 -9999.000 -9999.000 -9999.000 -9999.000 -9999.000 0.5425486E-01 0.8132281E-01 0.1055956 0.1309288 0.1496371 0.1568076 0.1727110 0.2100064 0.2231068 0.2067071 0.1956865 0.1896607 0.1772035 0.1921673 0.2615602 0.2986491 0.2629265 0.2301030 0.1873866 0.1653580 0.1452156 -9999.000 -9999.000 -9999.000 -9999.000 -9999.000
-9999.000 -9999.000 -9999.000 -9999.000 -9999.000 -9999.000 -9999.000 -9999.000 -9999.000 -9999.000 -9999.000 -9999.000 -9999.000 -9999.000 -9999.000 -9999.000 -9999.000 -9999.000 0.5666191E-01 -9999.000 -9999.000 0.1049344 0.1483400 0.1766846 0.1648143 0.1274217 0.9902554E-01 0.6316198E-01 0.3085836E-01 -9999.000 -9999.000 -9999.000 -9999.000 -9999.000 -9999.000 -9999.000 0.7358515E-01 0.1176195 0.1542580 0.1638261 0.1754714 0.2007746 0.2217836 0.1714834 0.1129718 0.8961369E-01 0.1038482 0.1840213 0.2709791 0.3118822 0.2590400 0.2291665 0.2017509 0.1897318 0.1485008 0.7923278E-01 -9999.000 -9999.000 -9999.000 -9999.000
-9999.000 -9999.000 -9999.000 -9999.000 -9999.000 -9999.000 -9999.000 -9999.000 -9999.000 -9999.000 -9999.000 -9999.000 -9999.000 -9999.000 -9999.000 -9999.000 -9999.000 -9999.000 -9999.000 -9999.000 -9999.000 0.1217921 0.1979391 0.2137008 0.1699709 0.1336756 0.1042509 0.7964995E-01 0.4190969E-01 -9999.000 -9999.000 -9999.000 -9999.000 -9999.000 -9999.000 0.2283651E-01 0.6046910E-01 0.1097713 0.1510874 0.1749779 0.2119095 0.2236929 0.2275495 0.1788521 0.1340874 0.1334475 0.1542434 0.2177614 0.2554335 0.2362217 0.2160345 0.2346224 0.2279213 0.1803931 0.1435810 0.9264814E-01 0.3281613E-01 -9999.000 -9999.000 -9999.000
-9999.000 -9999.000 -9999.000 -9999.000 -9999.000 -9999.000 -9999.000 -9999.000 -9999.000 -9999.000 -9999.000 -9999.000 -9999.000 -9999.000 -9999.000 -9999.000 -9999.000 -9999.000 -9999.000 0.2109215E-01 0.5060425E-01 0.1292043 0.2111931 0.2035506 0.1679228 0.1308472 0.1030420 0.8307134E-01 0.5180880E-01 -9999.000 -9999.000 -9999.000 -9999.000 -9999.000 -9999.000 -9999.000 0.4843385E-01 0.1068892 0.1611689 0.2056140 0.2609705 0.2784810 0.2428459 0.2039567 0.2137011 0.2962182 0.3450515 0.3255020 0.2746482 0.2211701 0.2379135 0.2912479 0.2815639 0.2031592 0.1695577 0.1502714 0.7729021E-01 -9999.000 -9999.000 -9999.000
