simulation_files/asc/Depth____279.0.asc
NCOLS        79
NROWS        79
XLLCENTER         -1.500000
YLLCENTER         -4.800000
CELLSIZE           0.100
NODATA_VALUE     -9999.0
[rows 0 to 25 of 79, columns 0 to 58 of 79]
-9999.000 -9999.000 -9999.000 -9999.000 -9999.000 -9999.000 -9999.000 -9999.000 -9999.000 -9999.000 -9999.000 -9999.000 -9999.000 -9999.000 -9999.000 0.7167866 0.7172660 0.7174135 0.7173524 0.7171518 0.7168882 0.7165951 0.7162924 0.7160033 0.7157276 0.7154717 0.7152337 0.7149827 0.7146093 0.7145699 0.7145699 -9999.000 -9999.000 -9999.000 -9999.000 -9999.000 -9999.000 -9999.000 -9999.000 -9999.000 -9999.000 -9999.000 -9999.000 -9999.000 -9999.000 -9999.000 -9999.000 -9999.000 -9999.000 -9999.000 -9999.000 -9999.000 -9999.000 -9999.000 -9999.000 -9999.000 -9999.000 -9999.000 -9999.000
-9999.000 -9999.000 -9999.000 -9999.000 -9999.000 -9999.000 -9999.000 -9999.000 -9999.000 -9999.000 -9999.000 -9999.000 -9999.000 -9999.000 -9999.000 0.7185691 0.7190109 0.7191309 0.7190796 0.7189173 0.7187087 0.7184806 0.7182483 0.7180301 0.7178243 0.7176358 0.7174618 0.7172747 0.7169766 0.7170227 0.7170227 -9999.000 -9999.000 -9999.000 -9999.000 -9999.000 -9999.000 -9999.000 -9999.000 -9999.000 -9999.000 -9999.000 -9999.000 -9999.000 -9999.000 -9999.000 -9999.000 -9999.000 -9999.000 -9999.000 -9999.000 -9999.000 -9999.000 -9999.000 -9999.000 -9999.000 -9999.000 -9999.000 -9999.000
-9999.000 -9999.000 -9999.000 -9999.000 -9999.000 -9999.000 -9999.000 -9999.000 -9999.000 -9999.000 -9999.000 -9999.000 -9999.000 -9999.000 -9999.000 0.7204805 0.7209569 0.7210874 0.7210431 0.7208862 0.7206840 0.7204636 0.7202402 0.7200323 0.7198370 0.7196584 0.7194926 0.7193093 0.7190049 0.7190470 0.7190470 -9999.000 -9999.000 -9999.000 -9999.000 -9999.000 -9999.000 -9999.000 -9999.000 -9999.000 -9999.000 -9999.000 -9999.000 -9999.000 -9999.000 -9999.000 -9999.000 -9999.000 -9999.000 -9999.000 -9999.000 -9999.000 -9999.000 -9999.000 -9999.000 -9999.000 -9999.000 -9999.000 -9999.000
-9999.000 -9999.000 -9999.000 -9999.000 -9999.000 -9999.000 -9999.000 -9999.000 -9999.000 -9999.000 -9999.000 -9999.000 -9999.000 -9999.000 -9999.000 0.7224430 0.7229410 0.7230766 0.7230334 0.7228756 0.7226726 0.7224518 0.7222285 0.7220217 0.7218275 0.7216499 0.7214844 0.7212982 0.7209814 0.7210018 0.7210018 -9999.000 -9999.000 -9999.000 -9999.000 -9999.000 -9999.000 -9999.000 -9999.000 -9999.000 -9999.000 -9999.000 -9999.000 -9999.000 -9999.000 -9999.000 -9999.000 -9999.000 -9999.000 -9999.000 -9999.000 -9999.000 -9999.000 -9999.000 -9999.000 -9999.000 -9999.000 -9999.000 -9999.000
-9999.000 -9999.000 -9999.000 -9999.000 -9999.000 -9999.000 -9999.000 -9999.000 -9999.000 -9999.000 -9999.000 -9999.000 -9999.000 -9999.000 -9999.000 0.7244257 0.7249399 0.7250782 0.7250332 0.7248710 0.7246638 0.7244387 0.7242114 0.7240016 0.7238042 0.7236236 0.7234547 0.7232621 0.7229276 0.7229123 0.7229123 -9999.000 -9999.000 -9999.000 -9999.000 -9999.000 -9999.000 -9999.000 -9999.000 -9999.000 -9999.000 -9999.000 -9999.000 -9999.000 -9999.000 -9999.000 -9999.000 -9999.000 -9999.000 -9999.000 -9999.000 -9999.000 -9999.000 -9999.000 -9999.000 -9999.000 -9999.000 -9999.000 -9999.000
-9999.000 -9999.000 -9999.000 -9999.000 -9999.000 -9999.000 -9999.000 -9999.000 -9999.000 -9999.000 -9999.000 -9999.000 -9999.000 -9999.000 -9999.000 0.7264152 0.7269429 0.7270823 0.7270337 0.7268655 0.7266522 0.7264212 0.7261879 0.7259734 0.7257707 0.7255851 0.7254107 0.7252092 0.7248527 0.7247876 0.7247876 -9999.000 -9999.000 -9999.000 -9999.000 -9999.000 -9999.000 -9999.000 -9999.000 -9999.000 -9999.000 -9999.000 -9999.000 -9999.000 -9999.000 -9999.000 -9999.000 -9999.000 -9999.000 -9999.000 -9999.000 -9999.000 -9999.000 -9999.000 -9999.000 -9999.000 -9999.000 -9999.000 -9999.000
-9999.000 -9999.000 -9999.000 -9999.000 -9999.000 -9999.000 -9999.000 -9999.000 -9999.000 -9999.000 -9999.000 -9999.000 -9999.000 -9999.000 -9999.000 0.7284051 0.7289450 0.7290842 0.7290308 0.7288554 0.7286353 0.7283973 0.7281571 0.7279369 0.7277278 0.7275361 0.7273550 0.7271428 0.7267595 0.7266283 0.7266283 -9999.000 -9999.000 -9999.000 -9999.000 -9999.000 -9999.000 -9999.000 -9999.000 -9999.000 -9999.000 -9999.000 -9999.000 -9999.000 -9999.000 -9999.000 -9999.000 -9999.000 -9999.000 -9999.000 -9999.000 -9999.000 -9999.000 -9999.000 -9999.000 -9999.000 -9999.000 -9999.000 -9999.000
-9999.000 -9999.000 -9999.000 -9999.000 -9999.000 -9999.000 -9999.000 -9999.000 -9999.000 -9999.000 -9999.000 -9999.000 -9999.000 -9999.000 -9999.000 0.7303924 0.7309436 0.7310811 0.7310219 0.7308383 0.7306107 0.7303653 0.7301177 0.7298914 0.7296753 0.7294768 0.7292880 0.7290632 0.7286479 0.7284298 0.7284298 -9999.000 -9999.000 -9999.000 -9999.000 -9999.000 -9999.000 -9999.000 -9999.000 -9999.000 -9999.000 -9999.000 -9999.000 -9999.000 -9999.000 -9999.000 -9999.000 -9999.000 -9999.000 -9999.000 -9999.000 -9999.000 -9999.000 -9999.000 -9999.000 -9999.000 -9999.000 -9999.000 -9999.000
-9999.000 -9999.000 -9999.000 -9999.000 -9999.000 -9999.000 -9999.000 -9999.000 -9999.000 -9999.000 -9999.000 -9999.000 -9999.000 -9999.000 -9999.000 0.7323748 0.7329368 0.7330716 0.7330052 0.7328126 0.7325772 0.7323239 0.7320685 0.7318358 0.7316121 0.7314062 0.7312090 0.7309693 0.7305158 0.7301834 0.7301834 -9999.000 -9999.000 -9999.000 -9999.000 -9999.000 -9999.000 -9999.000 -9999.000 -9999.000 -9999.000 -9999.000 -9999.000 -9999.000 -9999.000 -9999.000 -9999.000 -9999.000 -9999.000 -9999.000 -9999.000 -9999.000 -9999.000 -9999.000 -9999.000 -9999.000 -9999.000 -9999.000 -9999.000
-9999.000 -9999.000 -9999.000 -9999.000 -9999.000 -9999.000 -9999.000 -9999.000 -9999.000 -9999.000 -9999.000 -9999.000 -9999.000 -9999.000 -9999.000 0.7343506 0.7349231 0.7350537 0.7349789 0.7347764 0.7345327 0.7342712 0.7340075 0.7337687 0.7335368 0.7333229 0.7331161 0.7328591 0.7323601 0.7318754 0.7318754 -9999.000 -9999.000 -9999.000 -9999.000 -9999.000 -9999.000 -9999.000 -9999.000 -9999.000 -9999.000 -9999.000 -9999.000 -9999.000 -9999.000 -9999.000 -9999.000 -9999.000 -9999.000 -9999.000 -9999.000 -9999.000 -9999.000 -9999.000 -9999.000 -9999.000 -9999.000 -9999.000 -9999.000
-9999.000 -9999.000 -9999.000 -9999.000 -9999.000 -9999.000 -9999.000 -9999.000 -9999.000 -9999.000 -9999.000 -9999.000 -9999.000 -9999.000 -9999.000 0.7363180 0.7369007 0.7370254 0.7369410 0.7367274 0.7364749 0.7362049 0.7359328 0.7356876 0.7354468 0.7352242 0.7350069 0.7347295 0.7341754 0.7334858 0.7334858 -9999.000 -9999.000 -9999.000 -9999.000 -9999.000 -9999.000 -9999.000 -9999.000 -9999.000 -9999.000 -9999.000 -9999.000 -9999.000 -9999.000 -9999.000 -9999.000 -9999.000 -9999.000 -9999.000 -9999.000 -9999.000 -9999.000 -9999.000 -9999.000 -9999.000 -9999.000 -9999.000 -9999.000
-9999.000 -9999.000 -9999.000 -9999.000 -9999.000 -9999.000 -9999.000 -9999.000 -9999.000 -9999.000 -9999.000 -9999.000 -9999.000 -9999.000 -9999.000 0.7382741 0.7388674 0.7389845 0.7388887 0.7386627 0.7384011 0.7381220 0.7378410 0.7375894 0.7373390 0.7371070 0.7368776 0.7365758 0.7359547 0.7349844 0.7349844 -9999.000 -9999.000 -9999.000 -9999.000 -9999.000 -9999.000 -9999.000 -9999.000 -9999.000 -9999.000 -9999.000 -9999.000 -9999.000 -9999.000 -9999.000 -9999.000 -9999.000 -9999.000 -9999.000 -9999.000 -9999.000 -9999.000 -9999.000 -9999.000 -9999.000 -9999.000 -9999.000 -9999.000
-9999.000 -9999.000 -9999.000 -9999.000 -9999.000 -9999.000 -9999.000 -9999.000 -9999.000 -9999.000 -9999.000 -9999.000 -9999.000 -9999.000 -9999.000 0.7402143 0.7408192 0.7409272 0.7408184 0.7405787 0.7403073 0.7400188 0.7397282 0.7394702 0.7392088 0.7389663 0.7387227 0.7383912 0.7376875 0.7363245 0.7363245 -9999.000 -9999.000 -9999.000 -9999.000 -9999.000 -9999.000 -9999.000 -9999.000 -9999.000 -9999.000 -9999.000 -9999.000 -9999.000 -9999.000 -9999.000 -9999.000 -9999.000 -9999.000 -9999.000 -9999.000 -9999.000 -9999.000 -9999.000 -9999.000 -9999.000 -9999.000 -9999.000 -9999.000
-9999.000 -9999.000 -9999.000 -9999.000 -9999.000 -9999.000 -9999.000 -9999.000 -9999.000 -9999.000 -9999.000 -9999.000 -9999.000 -9999.000 -9999.000 0.7420192 0.7426723 0.7428150 0.7427356 0.7424929 0.7422134 0.7419144 0.7416116 0.7413443 0.7410674 0.7408102 0.7405472 0.7401769 0.7393685 0.7374452 0.7374452 -9999.000 -9999.000 -9999.000 -9999.000 -9999.000 -9999.000 -9999.000 -9999.000 -9999.000 -9999.000 -9999.000 -9999.000 -9999.000 -9999.000 -9999.000 -9999.000 -9999.000 -9999.000 -9999.000 -9999.000 -9999.000 -9999.000 -9999.000 -9999.000 -9999.000 -9999.000 -9999.000 -9999.000
-9999.000 -9999.000 -9999.000 -9999.000 -9999.000 -9999.000 -9999.000 -9999.000 -9999.000 -9999.000 -9999.000 -9999.000 -9999.000 -9999.000 -9999.000 0.7345641 0.7414735 0.7450567 0.7467310 0.7466206 0.7460109 0.7453723 0.7447442 0.7441909 0.7436587 0.7431849 0.7427333 0.7421656 0.7410403 0.7375710 0.7375710 -9999.000 -9999.000 -9999.000 -9999.000 -9999.000 -9999.000 -9999.000 -9999.000 -9999.000 -9999.000 -9999.000 -9999.000 -9999.000 -9999.000 -9999.000 -9999.000 -9999.000 -9999.000 -9999.000 -9999.000 -9999.000 -9999.000 -9999.000 -9999.000 -9999.000 -9999.000 -9999.000 -9999.000
0.8231778 0.8231778 0.8259429 0.8107971 0.8030314 0.8030314 0.7995384 0.7940742 0.7940742 0.7896826 0.7896826 0.7860348 0.7844166 0.7829064 0.7814224 0.7814224 0.7480773 0.7467182 0.7452582 0.7453737 0.7466667 0.7483877 0.7505472 0.7534260 0.7560904 0.7587166 0.7607930 0.7608550 0.7546781 0.7257931 0.7257931 0.5131578 0.4754223 0.4522373 0.4443932 0.4443932 0.4317553 0.4317553 0.4324552 0.4324552 0.4424460 0.4892682 0.4892682 0.5862166 0.5862166 0.6517103 0.6517103 0.6517103 0.6537980 0.6537980 0.6439060 0.6439060 0.6295841 0.6295841 0.6144388 0.6144388 0.6003741 0.6003741 0.6003741
0.8200986 0.8200986 0.8245351 0.8087169 0.8021795 0.8021795 0.7985113 0.7929804 0.7929804 0.7885978 0.7885978 0.7849652 0.7833548 0.7818524 0.7803771 0.7803771 0.7515813 0.7458369 0.7407255 0.7366748 0.7336403 0.7314252 0.7301151 0.7299055 0.7305001 0.7319242 0.7339479 0.7359031 0.7359760 0.7260298 0.7260298 0.5824002 0.5269449 0.4715220 0.4557527 0.4557527 0.4370255 0.4370255 0.4369475 0.4369475 0.4463848 0.4877168 0.4877168 0.5637154 0.5637154 0.6469299 0.6469299 0.6469299 0.6528969 0.6528969 0.6440067 0.6440067 0.6299850 0.6299850 0.6150279 0.6150279 0.6010363 0.6010363 0.6010363
0.8183601 0.8183601 0.8246494 0.8081330 0.8023430 0.8023430 0.7985659 0.7929502 0.7929502 0.7885617 0.7885617 0.7849236 0.7833089 0.7818022 0.7803140 0.7803140 0.7542701 0.7448461 0.7362349 0.7287531 0.7225316 0.7175033 0.7136805 0.7111707 0.7098245 0.7096157 0.7104064 0.7117282 0.7122082 0.7061672 0.7061672 0.6160957 0.5590714 0.4899058 0.4688618 0.4688618 0.4464502 0.4464502 0.4504029 0.4504029 0.4623627 0.5014828 0.5014828 0.5581779 0.5581779 0.6375250 0.6375250 0.6375250 0.6487107 0.6487107 0.6423451 0.6423451 0.6293095 0.6293095 0.6147441 0.6147441 0.6009687 0.6009687 0.6009687
0.8169454 0.8169454 0.8252522 0.8077399 0.8024998 0.8024998 0.7986697 0.7929614 0.7929614 0.7885621 0.7885621 0.7849252 0.7833102 0.7818031 0.7802979 0.7802979 0.7559925 0.7434487 0.7315021 0.7207467 0.7114898 0.7037950 0.6976702 0.6931508 0.6901233 0.6885005 0.6881446 0.6886982 0.6891363 0.6853598 0.6853598 0.6287762 0.5786658 0.5074451 0.4846051 0.4846051 0.4641272 0.4641272 0.4761195 0.4761195 0.4905396 0.5236041 0.5236041 0.5594578 0.5594578 0.6232888 0.6232888 0.6232888 0.6393301 0.6393301 0.6372191 0.6372191 0.6264895 0.6264895 0.6131066 0.6131066 0.6000788 0.6000788 0.6000788
0.8158370 0.8158370 0.8254060 0.8074132 0.8025757 0.8025757 0.7987396 0.7929674 0.7929674 0.7885625 0.7885625 0.7849279 0.7833129 0.7818052 0.7802738 0.7802738 0.7563519 0.7410774 0.7260478 0.7121978 0.7000023 0.6896486 0.6811924 0.6746537 0.6699467 0.6669585 0.6655330 0.6653651 0.6656684 0.6635120 0.6635120 0.6280096 0.5874200 0.5222903 0.5021543 0.5021543 0.4925439 0.4925439 0.5141978 0.5141978 0.5279489 0.5485777 0.5485777 0.5642693 0.5642693 0.6072814 0.6072814 0.6072814 0.6256835 0.6256835 0.6284995 0.6284995 0.6213591 0.6213591 0.6101393 0.6101393 0.5985314 0.5985314 0.5985314
0.8150409 0.8150409 0.8254621 0.8071643 0.8026051 0.8026051 0.7987846 0.7929710 0.7929710 0.7885630 0.7885630 0.7849305 0.7833154 0.7818071 0.7802370 0.7802370 0.7550547 0.7372184 0.7193415 0.7026270 0.6876740 0.6747621 0.6640018 0.6554266 0.6489823 0.6445637 0.6420166 0.6410759 0.6411322 0.6401153 0.6401153 0.6183259 0.5876437 0.5356982 0.5240322 0.5240322 0.5340100 0.5340100 0.5597431 0.5597431 0.5677848 0.5717354 0.5717354 0.5706785 0.5706785 0.5927398 0.5927398 0.5927398 0.6099625 0.6099625 0.6167951 0.6167951 0.6139047 0.6139047 0.6057579 0.6057579 0.5963157 0.5963157 0.5963157
0.8145611 0.8145611 0.8254752 0.8070139 0.8026137 0.8026137 0.7988090 0.7929730 0.7929730 0.7885631 0.7885631 0.7849317 0.7833161 0.7818073 0.7801821 0.7801821 0.7518125 0.7313704 0.7108129 0.6914728 0.6740063 0.6587368 0.6458092 0.6352741 0.6271043 0.6212164 0.6174766 0.6156635 0.6153154 0.6150270 0.6150270 0.6024421 0.5816255 0.5522457 0.5562341 0.5562341 0.5871205 0.5871205 0.6041402 0.6041402 0.6029384 0.5909333 0.5909333 0.5777415 0.5777415 0.5815945 0.5815945 0.5815945 0.5944816 0.5944816 0.6032448 0.6032448 0.6043794 0.6043794 0.5999203 0.5999203 0.5933723 0.5933723 0.5933723
0.8144008 0.8144008 0.8254761 0.8069642 0.8026152 0.8026152 0.7988166 0.7929738 0.7929738 0.7885631 0.7885631 0.7849320 0.7833164 0.7818072 0.7801055 0.7801055 0.7462515 0.7229835 0.6998268 0.6780881 0.6583935 0.6410517 0.6262035 0.6138992 0.6041249 0.5968187 0.5918741 0.5891179 0.5882239 0.5883728 0.5883728 0.5824206 0.5723628 0.5803714 0.6051324 0.6051324 0.6432395 0.6432395 0.6399937 0.6399937 0.6299056 0.6062393 0.6062393 0.5850177 0.5850177 0.5743172 0.5743172 0.5743172 0.5809640 0.5809640 0.5892285 0.5892285 0.5933591 0.5933591 0.5927467 0.5927467 0.5896857 0.5896857 0.5896857
0.8145612 0.8145612 0.8254750 0.8070140 0.8026137 0.8026137 0.7988091 0.7929731 0.7929731 0.7885631 0.7885631 0.7849317 0.7833162 0.7818074 0.7799997 0.7799997 0.7378176 0.7113668 0.6856255 0.6617081 0.6401115 0.6210603 0.6046425 0.5908777 0.5797438 0.5711880 0.5651275 0.5614368 0.5599396 0.5605225 0.5605225 0.5606809 0.5655098 0.6294354 0.6693527 0.6693527 0.6899458 0.6899458 0.6652655 0.6652655 0.6493336 0.6186483 0.6186483 0.5922466 0.5922466 0.5704345 0.5704345 0.5704345 0.5702958 0.5702958 0.5760439 0.5760439 0.5816805 0.5816805 0.5845799 0.5845799 0.5853494 0.5853494 0.5853494
0.8150410 0.8150410 0.8254620 0.8071643 0.8026052 0.8026052 0.7987846 0.7929711 0.7929711 0.7885629 0.7885629 0.7849305 0.7833152 0.7818071 0.7798534 0.7798534 0.7256491 0.6955683 0.6672372 0.6413925 0.6182851 0.5979763 0.5804476 0.5656510 0.5535294 0.5440204 0.5370540 0.5325524 0.5305716 0.5323721 0.5323721 0.5419422 0.5728505 0.6991035 0.7337081 0.7337081 0.7206128 0.7206128 0.6823606 0.6823606 0.6634830 0.6289276 0.6289276 0.5990902 0.5990902 0.5690386 0.5690386 0.5690386 0.5625919 0.5625919 0.5646431 0.5646431 0.5703067 0.5703067 0.5759824 0.5759824 0.5805951 0.5805951 0.5805951
0.8158369 0.8158369 0.8254060 0.8074133 0.8025756 0.8025756 0.7987396 0.7929674 0.7929674 0.7885624 0.7885624 0.7849280 0.7833129 0.7818053 0.7796490 0.7796490 0.7083498 0.6741818 0.6433307 0.6159220 0.5918196 0.5708329 0.5527800 0.5375088 0.5249014 0.5148678 0.5073371 0.5022935 0.5003728 0.5067104 0.5067104 0.5378971 0.6127512 0.7698239 0.7783255 0.7783255 0.7380930 0.7380930 0.6942722 0.6942722 0.6741287 0.6374056 0.6374056 0.6052018 0.6052018 0.5692048 0.5692048 0.5692048 0.5574872 0.5574872 0.5555418 0.5555418 0.5601388 0.5601388 0.5676814 0.5676814 0.5758119 0.5758119 0.5758119
