simulation_files/asc/Depth____179.0.asc
NCOLS        79
NROWS        79
XLLCENTER         -1.500000
YLLCENTER         -4.800000
CELLSIZE           0.100
NODATA_VALUE     -9999.0
[rows 0 to 25 of 79, columns 0 to 58 of 79]
-9999.000 -9999.000 -9999.000 -9999.000 -9999.000 -9999.000 -9999.000 -9999.000 -9999.000 -9999.000 -9999.000 -9999.000 -9999.000 -9999.000 -9999.000 0.6927291 0.6931630 0.6933187 0.6932906 0.6931120 0.6928633 0.6925821 0.6922854 0.6919979 0.6917263 0.6914732 0.6912395 0.6910000 0.6906547 0.6906199 0.6906199 -9999.000 -9999.000 -9999.000 -9999.000 -9999.000 -9999.000 -9999.000 -9999.000 -9999.000 -9999.000 -9999.000 -9999.000 -9999.000 -9999.000 -9999.000 -9999.000 -9999.000 -9999.000 -9999.000 -9999.000 -9999.000 -9999.000 -9999.000 -9999.000 -9999.000 -9999.000 -9999.000 -9999.000
-9999.000 -9999.000 -9999.000 -9999.000 -9999.000 -9999.000 -9999.000 -9999.000 -9999.000 -9999.000 -9999.000 -9999.000 -9999.000 -9999.000 -9999.000 0.6945038 0.6949040 0.6950309 0.6950069 0.6948614 0.6946631 0.6944427 0.6942129 0.6939935 0.6937887 0.6936000 0.6934272 0.6932477 0.6929719 0.6930161 0.6930161 -9999.000 -9999.000 -9999.000 -9999.000 -9999.000 -9999.000 -9999.000 -9999.000 -9999.000 -9999.000 -9999.000 -9999.000 -9999.000 -9999.000 -9999.000 -9999.000 -9999.000 -9999.000 -9999.000 -9999.000 -9999.000 -9999.000 -9999.000 -9999.000 -9999.000 -9999.000 -9999.000 -9999.000
-9999.000 -9999.000 -9999.000 -9999.000 -9999.000 -9999.000 -9999.000 -9999.000 -9999.000 -9999.000 -9999.000 -9999.000 -9999.000 -9999.000 -9999.000 0.6964279 0.6968626 0.6970012 0.6969859 0.6968462 0.6966540 0.6964409 0.6962197 0.6960101 0.6958158 0.6956370 0.6954727 0.6952977 0.6950171 0.6950586 0.6950586 -9999.000 -9999.000 -9999.000 -9999.000 -9999.000 -9999.000 -9999.000 -9999.000 -9999.000 -9999.000 -9999.000 -9999.000 -9999.000 -9999.000 -9999.000 -9999.000 -9999.000 -9999.000 -9999.000 -9999.000 -9999.000 -9999.000 -9999.000 -9999.000 -9999.000 -9999.000 -9999.000 -9999.000
-9999.000 -9999.000 -9999.000 -9999.000 -9999.000 -9999.000 -9999.000 -9999.000 -9999.000 -9999.000 -9999.000 -9999.000 -9999.000 -9999.000 -9999.000 0.6983998 0.6988572 0.6990030 0.6989912 0.6988513 0.6986584 0.6984450 0.6982239 0.6980153 0.6978226 0.6976453 0.6974818 0.6973051 0.6970142 0.6970367 0.6970367 -9999.000 -9999.000 -9999.000 -9999.000 -9999.000 -9999.000 -9999.000 -9999.000 -9999.000 -9999.000 -9999.000 -9999.000 -9999.000 -9999.000 -9999.000 -9999.000 -9999.000 -9999.000 -9999.000 -9999.000 -9999.000 -9999.000 -9999.000 -9999.000 -9999.000 -9999.000 -9999.000 -9999.000
-9999.000 -9999.000 -9999.000 -9999.000 -9999.000 -9999.000 -9999.000 -9999.000 -9999.000 -9999.000 -9999.000 -9999.000 -9999.000 -9999.000 -9999.000 0.7003908 0.7008660 0.7010169 0.7010065 0.7008631 0.7006660 0.7004485 0.7002234 0.7000119 0.6998167 0.6996371 0.6994708 0.6992891 0.6989834 0.6989740 0.6989740 -9999.000 -9999.000 -9999.000 -9999.000 -9999.000 -9999.000 -9999.000 -9999.000 -9999.000 -9999.000 -9999.000 -9999.000 -9999.000 -9999.000 -9999.000 -9999.000 -9999.000 -9999.000 -9999.000 -9999.000 -9999.000 -9999.000 -9999.000 -9999.000 -9999.000 -9999.000 -9999.000 -9999.000
-9999.000 -9999.000 -9999.000 -9999.000 -9999.000 -9999.000 -9999.000 -9999.000 -9999.000 -9999.000 -9999.000 -9999.000 -9999.000 -9999.000 -9999.000 0.7023878 0.7028785 0.7030335 0.7030232 0.7028747 0.7026716 0.7024484 0.7022173 0.7020009 0.7018013 0.7016172 0.7014465 0.7012576 0.7009332 0.7008792 0.7008792 -9999.000 -9999.000 -9999.000 -9999.000 -9999.000 -9999.000 -9999.000 -9999.000 -9999.000 -9999.000 -9999.000 -9999.000 -9999.000 -9999.000 -9999.000 -9999.000 -9999.000 -9999.000 -9999.000 -9999.000 -9999.000 -9999.000 -9999.000 -9999.000 -9999.000 -9999.000 -9999.000 -9999.000
-9999.000 -9999.000 -9999.000 -9999.000 -9999.000 -9999.000 -9999.000 -9999.000 -9999.000 -9999.000 -9999.000 -9999.000 -9999.000 -9999.000 -9999.000 0.7043842 0.7048897 0.7050480 0.7050373 0.7048824 0.7046725 0.7044424 0.7042044 0.7039821 0.7037771 0.7035875 0.7034110 0.7032133 0.7028664 0.7027531 0.7027531 -9999.000 -9999.000 -9999.000 -9999.000 -9999.000 -9999.000 -9999.000 -9999.000 -9999.000 -9999.000 -9999.000 -9999.000 -9999.000 -9999.000 -9999.000 -9999.000 -9999.000 -9999.000 -9999.000 -9999.000 -9999.000 -9999.000 -9999.000 -9999.000 -9999.000 -9999.000 -9999.000 -9999.000
-9999.000 -9999.000 -9999.000 -9999.000 -9999.000 -9999.000 -9999.000 -9999.000 -9999.000 -9999.000 -9999.000 -9999.000 -9999.000 -9999.000 -9999.000 0.7063769 0.7068968 0.7070578 0.7070461 0.7068841 0.7066665 0.7064291 0.7061835 0.7059548 0.7057437 0.7055478 0.7053646 0.7051566 0.7047828 0.7045922 0.7045922 -9999.000 -9999.000 -9999.000 -9999.000 -9999.000 -9999.000 -9999.000 -9999.000 -9999.000 -9999.000 -9999.000 -9999.000 -9999.000 -9999.000 -9999.000 -9999.000 -9999.000 -9999.000 -9999.000 -9999.000 -9999.000 -9999.000 -9999.000 -9999.000 -9999.000 -9999.000 -9999.000 -9999.000
-9999.000 -9999.000 -9999.000 -9999.000 -9999.000 -9999.000 -9999.000 -9999.000 -9999.000 -9999.000 -9999.000 -9999.000 -9999.000 -9999.000 -9999.000 0.7083638 0.7088981 0.7090611 0.7090479 0.7088779 0.7086521 0.7084069 0.7081531 0.7079176 0.7077001 0.7074972 0.7073066 0.7070864 0.7066808 0.7063889 0.7063889 -9999.000 -9999.000 -9999.000 -9999.000 -9999.000 -9999.000 -9999.000 -9999.000 -9999.000 -9999.000 -9999.000 -9999.000 -9999.000 -9999.000 -9999.000 -9999.000 -9999.000 -9999.000 -9999.000 -9999.000 -9999.000 -9999.000 -9999.000 -9999.000 -9999.000 -9999.000 -9999.000 -9999.000
-9999.000 -9999.000 -9999.000 -9999.000 -9999.000 -9999.000 -9999.000 -9999.000 -9999.000 -9999.000 -9999.000 -9999.000 -9999.000 -9999.000 -9999.000 0.7103432 0.7108920 0.7110562 0.7110410 0.7108620 0.7106275 0.7103741 0.7101116 0.7098691 0.7096446 0.7094342 0.7092353 0.7090011 0.7085576 0.7081322 0.7081322 -9999.000 -9999.000 -9999.000 -9999.000 -9999.000 -9999.000 -9999.000 -9999.000 -9999.000 -9999.000 -9999.000 -9999.000 -9999.000 -9999.000 -9999.000 -9999.000 -9999.000 -9999.000 -9999.000 -9999.000 -9999.000 -9999.000 -9999.000 -9999.000 -9999.000 -9999.000 -9999.000 -9999.000
-9999.000 -9999.000 -9999.000 -9999.000 -9999.000 -9999.000 -9999.000 -9999.000 -9999.000 -9999.000 -9999.000 -9999.000 -9999.000 -9999.000 -9999.000 0.7123133 0.7128771 0.7130415 0.7130237 0.7128344 0.7125905 0.7123285 0.7120569 0.7118071 0.7115753 0.7113565 0.7111484 0.7108979 0.7104092 0.7098058 0.7098058 -9999.000 -9999.000 -9999.000 -9999.000 -9999.000 -9999.000 -9999.000 -9999.000 -9999.000 -9999.000 -9999.000 -9999.000 -9999.000 -9999.000 -9999.000 -9999.000 -9999.000 -9999.000 -9999.000 -9999.000 -9999.000 -9999.000 -9999.000 -9999.000 -9999.000 -9999.000 -9999.000 -9999.000
-9999.000 -9999.000 -9999.000 -9999.000 -9999.000 -9999.000 -9999.000 -9999.000 -9999.000 -9999.000 -9999.000 -9999.000 -9999.000 -9999.000 -9999.000 0.7142717 0.7148512 0.7150150 0.7149935 0.7147926 0.7145386 0.7142677 0.7139863 0.7137288 0.7134894 0.7132614 0.7130430 0.7127732 0.7122301 0.7113857 0.7113857 -9999.000 -9999.000 -9999.000 -9999.000 -9999.000 -9999.000 -9999.000 -9999.000 -9999.000 -9999.000 -9999.000 -9999.000 -9999.000 -9999.000 -9999.000 -9999.000 -9999.000 -9999.000 -9999.000 -9999.000 -9999.000 -9999.000 -9999.000 -9999.000 -9999.000 -9999.000 -9999.000 -9999.000
-9999.000 -9999.000 -9999.000 -9999.000 -9999.000 -9999.000 -9999.000 -9999.000 -9999.000 -9999.000 -9999.000 -9999.000 -9999.000 -9999.000 -9999.000 0.7162144 0.7168110 0.7169732 0.7169476 0.7167336 0.7164688 0.7161883 0.7158962 0.7156309 0.7153832 0.7151449 0.7149146 0.7146218 0.7140123 0.7128353 0.7128353 -9999.000 -9999.000 -9999.000 -9999.000 -9999.000 -9999.000 -9999.000 -9999.000 -9999.000 -9999.000 -9999.000 -9999.000 -9999.000 -9999.000 -9999.000 -9999.000 -9999.000 -9999.000 -9999.000 -9999.000 -9999.000 -9999.000 -9999.000 -9999.000 -9999.000 -9999.000 -9999.000 -9999.000
-9999.000 -9999.000 -9999.000 -9999.000 -9999.000 -9999.000 -9999.000 -9999.000 -9999.000 -9999.000 -9999.000 -9999.000 -9999.000 -9999.000 -9999.000 0.7180084 0.7186559 0.7188604 0.7188894 0.7186839 0.7184094 0.7181178 0.7178116 0.7175344 0.7172737 0.7170200 0.7167729 0.7164496 0.7157564 0.7141125 0.7141125 -9999.000 -9999.000 -9999.000 -9999.000 -9999.000 -9999.000 -9999.000 -9999.000 -9999.000 -9999.000 -9999.000 -9999.000 -9999.000 -9999.000 -9999.000 -9999.000 -9999.000 -9999.000 -9999.000 -9999.000 -9999.000 -9999.000 -9999.000 -9999.000 -9999.000 -9999.000 -9999.000 -9999.000
-9999.000 -9999.000 -9999.000 -9999.000 -9999.000 -9999.000 -9999.000 -9999.000 -9999.000 -9999.000 -9999.000 -9999.000 -9999.000 -9999.000 -9999.000 0.7100283 0.7170129 0.7207798 0.7229568 0.7231318 0.7224706 0.7217920 0.7211177 0.7205155 0.7199755 0.7194831 0.7190334 0.7185124 0.7175304 0.7145520 0.7145520 -9999.000 -9999.000 -9999.000 -9999.000 -9999.000 -9999.000 -9999.000 -9999.000 -9999.000 -9999.000 -9999.000 -9999.000 -9999.000 -9999.000 -9999.000 -9999.000 -9999.000 -9999.000 -9999.000 -9999.000 -9999.000 -9999.000 -9999.000 -9999.000 -9999.000 -9999.000 -9999.000 -9999.000
0.8063439 0.8063439 0.8054678 0.7834293 0.7788742 0.7788742 0.7752171 0.7690887 0.7690887 0.7639807 0.7639807 0.7596158 0.7576485 0.7557983 0.7540489 0.7540489 0.7241063 0.7229591 0.7217520 0.7213087 0.7224058 0.7239652 0.7258407 0.7284092 0.7311643 0.7337416 0.7359522 0.7365383 0.7316176 0.7059408 0.7059408 0.5050288 0.4681716 0.4442260 0.4359064 0.4359064 0.4217314 0.4217314 0.4186223 0.4186223 0.4255777 0.4637074 0.4637074 0.5359539 0.5359539 0.6274115 0.6274115 0.6274115 0.6337407 0.6337407 0.6259981 0.6259981 0.6126248 0.6126248 0.5978056 0.5978056 0.5836449 0.5836449 0.5836449
0.8035124 0.8035124 0.8041838 0.7825195 0.7778563 0.7778563 0.7741503 0.7680107 0.7680107 0.7629192 0.7629192 0.7585713 0.7566119 0.7547692 0.7530272 0.7530272 0.7278717 0.7226655 0.7179897 0.7138839 0.7107618 0.7083938 0.7068172 0.7062696 0.7066482 0.7078000 0.7096100 0.7115305 0.7119336 0.7049850 0.7049850 0.5700216 0.5169780 0.4627594 0.4469115 0.4469115 0.4268462 0.4268462 0.4231413 0.4231413 0.4297808 0.4641187 0.4641187 0.5252538 0.5252538 0.6198967 0.6198967 0.6198967 0.6318416 0.6318416 0.6257694 0.6257694 0.6129354 0.6129354 0.5983729 0.5983729 0.5843243 0.5843243 0.5843243
0.8023119 0.8023119 0.8033085 0.7826767 0.7779486 0.7779486 0.7741699 0.7679747 0.7679747 0.7628754 0.7628754 0.7585243 0.7565624 0.7547170 0.7529724 0.7529724 0.7308315 0.7222813 0.7142639 0.7069319 0.7006691 0.6954889 0.6914083 0.6885591 0.6869167 0.6863856 0.6868728 0.6880099 0.6886026 0.6843016 0.6843016 0.6014716 0.5471017 0.4800170 0.4590872 0.4590872 0.4350855 0.4350855 0.4350724 0.4350724 0.4445665 0.4791598 0.4791598 0.5273872 0.5273872 0.6093687 0.6093687 0.6093687 0.6264127 0.6264127 0.6234521 0.6234521 0.6119537 0.6119537 0.5979376 0.5979376 0.5841630 0.5841630 0.5841630
0.8017297 0.8017297 0.8019505 0.7828560 0.7780854 0.7780854 0.7742298 0.7679718 0.7679718 0.7628707 0.7628707 0.7585239 0.7565631 0.7547176 0.7529727 0.7529727 0.7328161 0.7214708 0.7102746 0.6998151 0.6905760 0.6827346 0.6763453 0.6714725 0.6680917 0.6661040 0.6653933 0.6656738 0.6660712 0.6634432 0.6634432 0.6121909 0.5649355 0.4961458 0.4733074 0.4733074 0.4503727 0.4503727 0.4583022 0.4583022 0.4711816 0.5028199 0.5028199 0.5346345 0.5346345 0.5956241 0.5956241 0.5956241 0.6158882 0.6158882 0.6173620 0.6173620 0.6085856 0.6085856 0.5960038 0.5960038 0.5830815 0.5830815 0.5830815
0.8020856 0.8020856 0.7998360 0.7830380 0.7782253 0.7782253 0.7742943 0.7679689 0.7679689 0.7628644 0.7628644 0.7585221 0.7565626 0.7547178 0.7529732 0.7529732 0.7334639 0.7196598 0.7055250 0.6920964 0.6800008 0.6695397 0.6608315 0.6539343 0.6488294 0.6454237 0.6435845 0.6430603 0.6431878 0.6417163 0.6417163 0.6100472 0.5722130 0.5092422 0.4885096 0.4885096 0.4750833 0.4750833 0.4938630 0.4938630 0.5077274 0.5296831 0.5296831 0.5438378 0.5438378 0.5814350 0.5814350 0.5814350 0.6016878 0.6016878 0.6076055 0.6076055 0.6026868 0.6026868 0.5925522 0.5925522 0.5811986 0.5811986 0.5811986
0.8021123 0.8021123 0.7984950 0.7831793 0.7783379 0.7783379 0.7743477 0.7679666 0.7679666 0.7628595 0.7628595 0.7585213 0.7565629 0.7547184 0.7529739 0.7529739 0.7325095 0.7163363 0.6994720 0.6832886 0.6685301 0.6555792 0.6446106 0.6356989 0.6288417 0.6239666 0.6209484 0.6195680 0.6193174 0.6186041 0.6186041 0.5994493 0.5711465 0.5201504 0.5066570 0.5066570 0.5121375 0.5121375 0.5383852 0.5383852 0.5480976 0.5546505 0.5546505 0.5531089 0.5531089 0.5693384 0.5693384 0.5693384 0.5862254 0.5862254 0.5951031 0.5951031 0.5943664 0.5943664 0.5875113 0.5875113 0.5784812 0.5784812 0.5784812
0.8021279 0.8021279 0.7976962 0.7832618 0.7784082 0.7784082 0.7743822 0.7679651 0.7679651 0.7628561 0.7628561 0.7585209 0.7565631 0.7547189 0.7529743 0.7529743 0.7296880 0.7110168 0.6915540 0.6728387 0.6556638 0.6404430 0.6273776 0.6165559 0.6079918 0.6016356 0.5973853 0.5950617 0.5942856 0.5939805 0.5939805 0.5830197 0.5638571 0.5326171 0.5332426 0.5332426 0.5618989 0.5618989 0.5836069 0.5836069 0.5847018 0.5751320 0.5751320 0.5618142 0.5618142 0.5606424 0.5606424 0.5606424 0.5717293 0.5717293 0.5812271 0.5812271 0.5840482 0.5840482 0.5809010 0.5809010 0.5748755 0.5748755 0.5748755
0.8021330 0.8021330 0.7974311 0.7832889 0.7784321 0.7784321 0.7743942 0.7679645 0.7679645 0.7628549 0.7628549 0.7585207 0.7565631 0.7547190 0.7529745 0.7529745 0.7246388 0.7031691 0.6811526 0.6601131 0.6408027 0.6236045 0.6087063 0.5961890 0.5860698 0.5783158 0.5728502 0.5695372 0.5681159 0.5679746 0.5679746 0.5627072 0.5529683 0.5541882 0.5754719 0.5754719 0.6176440 0.6176440 0.6212200 0.6212200 0.6130319 0.5910697 0.5910697 0.5699066 0.5699066 0.5554435 0.5554435 0.5554435 0.5596374 0.5596374 0.5674267 0.5674267 0.5724557 0.5724557 0.5729232 0.5729232 0.5703884 0.5703884 0.5703884
0.8021279 0.8021279 0.7976962 0.7832618 0.7784082 0.7784082 0.7743822 0.7679652 0.7679652 0.7628561 0.7628561 0.7585209 0.7565629 0.7547188 0.7529743 0.7529743 0.7168174 0.6921252 0.6675351 0.6443711 0.6232392 0.6044238 0.5880497 0.5741594 0.5627526 0.5537979 0.5472368 0.5429745 0.5408782 0.5409166 0.5409166 0.5406600 0.5432045 0.5949075 0.6351721 0.6351721 0.6667926 0.6667926 0.6478468 0.6478468 0.6330989 0.6035758 0.6035758 0.5774379 0.5774379 0.5531303 0.5531303 0.5531303 0.5505093 0.5505093 0.5549093 0.5549093 0.5605437 0.5605437 0.5640187 0.5640187 0.5651604 0.5651604 0.5651604
0.8021123 0.8021123 0.7984950 0.7831792 0.7783379 0.7783379 0.7743477 0.7679667 0.7679667 0.7628595 0.7628595 0.7585213 0.7565627 0.7547184 0.7529739 0.7529739 0.7053719 0.6769620 0.6497636 0.6247038 0.6021242 0.5821317 0.5647351 0.5499030 0.5375917 0.5277531 0.5203338 0.5152768 0.5126459 0.5135744 0.5135744 0.5208510 0.5445867 0.6584325 0.7005578 0.7005578 0.7002020 0.7002020 0.6653551 0.6653551 0.6472473 0.6136874 0.6136874 0.5843333 0.5843333 0.5528413 0.5528413 0.5528413 0.5442249 0.5442249 0.5444454 0.5444454 0.5492626 0.5492626 0.5548301 0.5548301 0.5594957 0.5594957 0.5594957
0.8020857 0.8020857 0.7998359 0.7830378 0.7782254 0.7782254 0.7742943 0.7679690 0.7679690 0.7628644 0.7628644 0.7585219 0.7565623 0.7547178 0.7529733 0.7529733 0.6889235 0.6563105 0.6265494 0.5999331 0.5763984 0.5557889 0.5379420 0.5227168 0.5100027 0.4997176 0.4917996 0.4862385 0.4835936 0.4883512 0.4883512 0.5132028 0.5744105 0.7301543 0.7506416 0.7506416 0.7188366 0.7188366 0.6770661 0.6770661 0.6575884 0.6219128 0.6219128 0.5903848 0.5903848 0.5537418 0.5537418 0.5537418 0.5402840 0.5402840 0.5363426 0.5363426 0.5394208 0.5394208 0.5461173 0.5461173 0.5538537 0.5538537 0.5538537
