simulation_files/asc/Depth____320.0.asc
NCOLS       216
NROWS       273
XLLCENTER        494.688995
YLLCENTER        787.867981
CELLSIZE           0.500
NODATA_VALUE     -9999.0
[rows 182 to 207 of 273, columns 120 to 179 of 216]
-9999.000 -9999.000 -9999.000 -9999.000 -9999.000 -9999.000 -9999.000 -9999.000 -9999.000 0.6173737E-01 0.1519453 0.2267071 0.2334917 0.1845649 0.1066814 0.5812634E-01 0.2444732E-01 0.4274530E-01 0.7142424E-01 0.7131116E-01 0.6538054E-01 0.1267602 0.2244266 0.2185152 0.2252607 0.2720196 0.2782811 0.2529537 0.2724327 0.3126622 0.3427004 0.3691966 0.3464743 0.3065665 0.2849101 0.2918795 0.2930617 0.2969806 0.2668972 0.2113972 0.1439393 0.6467247E-01 -9999.000 -9999.000 -9999.000 -9999.000 -9999.000 -9999.000 -9999.000 -9999.000 -9999.000 -9999.000 -9999.000 -9999.000 -9999.000 -9999.000 -9999.000 -9999.000 -9999.000 -9999.000
-9999.000 -9999.000 -9999.000 -9999.000 -9999.000 -9999.000 -9999.000 -9999.000 -9999.000 0.4772581E-01 0.1293830 0.2073962 0.2341861 0.2083757 0.1604955 0.9973505E-01 0.4865253E-01 0.4702710E-01 0.6563181E-01 0.5599400E-01 0.5606793E-01 0.1147257 0.1773046 0.1891215 0.2220438 0.2944849 0.3146949 0.2664013 0.2782280 0.3487980 0.3755654 0.3861133 0.3755774 0.3281910 0.3125176 0.3057577 0.3099154 0.3123129 0.2944633 0.2711670 0.1840844 0.7421242E-01 -9999.000 -9999.000 -9999.000 -9999.000 -9999.000 -9999.000 -9999.000 -9999.000 -9999.000 -9999.000 -9999.000 -9999.000 -9999.000 -9999.000 -9999.000 -9999.000 -9999.000 -9999.000
-9999.000 -9999.000 -9999.000 -9999.000 -9999.000 -9999.000 -9999.000 -9999.000 -9999.000 -9999.000 0.1195201 0.2076927 0.2406575 0.2376782 0.2027183 0.1481591 0.8891932E-01 0.5804602E-01 0.5574042E-01 0.5162233E-01 0.6022091E-01 0.8709558E-01 0.1027034 0.1163280 0.1729885 0.2537917 0.3021682 0.2875844 0.3112736 0.3588265 0.3382803 0.3282655 0.3330999 0.3180233 0.2745061 0.2723808 0.2782303 0.2915699 0.2973995 0.2855582 0.2338733 0.1275993 0.5664759E-01 -9999.000 -9999.000 -9999.000 -9999.000 -9999.000 -9999.000 -9999.000 -9999.000 -9999.000 -9999.000 -9999.000 -9999.000 -9999.000 -9999.000 -9999.000 -9999.000 -9999.000
-9999.000 -9999.000 -9999.000 -9999.000 -9999.000 -9999.000 -9999.000 -9999.000 -9999.000 0.1344907E-01 0.1122455 0.2045415 0.2504830 0.2537825 0.2335996 0.1868974 0.1186164 0.7464108E-01 0.5792714E-01 0.6530073E-01 0.7715338E-01 0.7750950E-01 0.6807338E-01 0.8668874E-01 0.1297287 0.1902113 0.2431251 0.2669910 0.3352705 0.3123413 0.2446926 0.2593013 0.2771366 0.2102724 0.1743553 0.1544683 0.1866229 0.2109044 0.2462522 0.2558280 0.2244049 0.1589554 0.1193997 0.6670858E-01 -9999.000 -9999.000 -9999.000 -9999.000 -9999.000 -9999.000 -9999.000 -9999.000 -9999.000 -9999.000 -9999.000 -9999.000 -9999.000 -9999.000 -9999.000 -9999.000
-9999.000 -9999.000 -9999.000 -9999.000 -9999.000 -9999.000 -9999.000 -9999.000 -9999.000 -9999.000 -9999.000 0.1777391 0.2403451 0.2520049 0.2434801 0.2010341 0.1422588 0.7847265E-01 0.4876153E-01 0.5138844E-01 0.6984256E-01 0.7053773E-01 0.6968934E-01 0.9761359E-01 0.1513491 0.1966215 0.2310410 0.2555996 0.2683974 0.2183062 0.1944726 0.2911864 0.3137316 0.2605200 0.1853835 0.1625081 0.1776226 0.1977703 0.2153448 0.2271175 0.2159681 0.1871350 0.1506611 0.1036357 -9999.000 -9999.000 -9999.000 -9999.000 -9999.000 -9999.000 -9999.000 -9999.000 -9999.000 -9999.000 -9999.000 -9999.000 -9999.000 -9999.000 -9999.000 -9999.000
-9999.000 -9999.000 -9999.000 -9999.000 -9999.000 -9999.000 -9999.000 -9999.000 -9999.000 -9999.000 -9999.000 0.1605035 0.2130390 0.2240317 0.2361899 0.2009897 0.1187281 0.7233884E-01 0.4645519E-01 0.3184875E-01 0.4075379E-01 0.6079575E-01 0.7614728E-01 0.1184146 0.1937773 0.2192929 0.2122121 0.1928864 0.1999780 0.1941247 0.2050333 0.2921634 0.3581321 0.3378177 0.2740436 0.2024823 0.2087137 0.2340229 0.2327800 0.2139308 0.2104880 0.1801717 0.1352246 0.9085741E-01 0.4967085E-01 -9999.000 -9999.000 -9999.000 -9999.000 -9999.000 -9999.000 -9999.000 -9999.000 -9999.000 -9999.000 -9999.000 -9999.000 -9999.000 -9999.000 -9999.000
-9999.000 -9999.000 -9999.000 -9999.000 -9999.000 -9999.000 -9999.000 -9999.000 -9999.000 -9999.000 -9999.000 0.1618559 0.1939419 0.1963777 0.2151881 0.1919722 0.1326792 0.1018518 0.7216842E-01 0.4275396E-01 0.3168563E-01 0.3838728E-01 0.5752733E-01 0.9832444E-01 0.1395247 0.1484010 0.1737302 0.1744222 0.2149991 0.2478514 0.2294073 0.2620623 0.3129388 0.3009772 0.2673523 0.2344339 0.2287970 0.2245857 0.1920455 0.1949811 0.2092604 0.1982569 0.1834471 0.1484216 0.1093491 0.7673011E-01 -9999.000 -9999.000 -9999.000 -9999.000 -9999.000 -9999.000 -9999.000 -9999.000 -9999.000 -9999.000 -9999.000 -9999.000 -9999.000 -9999.000
-9999.000 -9999.000 -9999.000 -9999.000 -9999.000 -9999.000 -9999.000 -9999.000 -9999.000 -9999.000 -9999.000 0.9573270E-01 0.1605295 0.1937253 0.2172738 0.2144939 0.1902044 0.1643261 0.1174005 0.8735201E-01 0.4380329E-01 0.2168621E-01 0.3238032E-01 0.6299770E-01 0.8163466E-01 0.9726990E-01 0.1789023 0.2191085 0.2618742 0.2885203 0.2781800 0.2661920 0.2594257 0.2345442 0.2436319 0.2503036 0.2453388 0.1912102 0.1856313 0.2207717 0.2363224 0.2321811 0.2451787 0.2274556 0.1887769 0.1109905 0.3196576E-01 -9999.000 -9999.000 -9999.000 -9999.000 -9999.000 -9999.000 -9999.000 -9999.000 -9999.000 -9999.000 -9999.000 -9999.000 -9999.000
-9999.000 -9999.000 -9999.000 -9999.000 -9999.000 -9999.000 -9999.000 -9999.000 -9999.000 -9999.000 -9999.000 -9999.000 0.1061996 0.1619078 0.2003507 0.2176193 0.2213343 0.2129163 0.1601052 0.1192527 0.6691919E-01 0.1811092E-01 0.1821031E-01 0.2971218E-01 0.4915119E-01 0.9291129E-01 0.1694242 0.2225670 0.2627135 0.2891139 0.2782204 0.2797913 0.2915856 0.2643233 0.2582034 0.2976001 0.2585631 0.2227834 0.2539332 0.2829597 0.2815383 0.2725375 0.2916877 0.2731125 0.2344824 0.1450614 0.4057989E-01 -9999.000 -9999.000 -9999.000 -9999.000 -9999.000 -9999.000 -9999.000 -9999.000 -9999.000 -9999.000 -9999.000 -9999.000 -9999.000
-9999.000 -9999.000 -9999.000 -9999.000 -9999.000 -9999.000 -9999.000 -9999.000 -9999.000 -9999.000 -9999.000 -9999.000 0.5439856E-01 0.1077286 0.1628606 0.1997971 0.2337899 0.2392874 0.2029164 0.1608360 0.1109807 0.5081601E-01 0.2935704E-01 0.3396621E-01 0.4239083E-01 0.7020958E-01 0.1195249 0.1785542 0.2284412 0.2621095 0.2575346 0.2692734 0.2909234 0.2530379 0.2707021 0.3059188 0.2542753 0.2614538 0.3229812 0.3468750 0.3163589 0.3117619 0.3289495 0.2793965 0.2223494 0.1316421 0.4184273E-01 -9999.000 -9999.000 -9999.000 -9999.000 -9999.000 -9999.000 -9999.000 -9999.000 -9999.000 -9999.000 -9999.000 -9999.000 -9999.000
-9999.000 -9999.000 -9999.000 -9999.000 -9999.000 -9999.000 -9999.000 -9999.000 -9999.000 -9999.000 -9999.000 -9999.000 -9999.000 0.6116303E-01 0.1207932 0.1846099 0.2132841 0.2390733 0.2362232 0.1982514 0.1573832 0.1042784 0.6092732E-01 0.3742512E-01 0.2995108E-01 0.3993780E-01 0.7052481E-01 0.1388889 0.2090020 0.2511410 0.2290351 0.2222751 0.2206864 0.2220659 0.2909781 0.3150393 0.2669873 0.2896112 0.3651472 0.3804224 0.3490421 0.3175804 0.2655325 0.2036525 0.1636235 0.1138095 0.8043289E-01 0.5689176E-01 -9999.000 -9999.000 -9999.000 -9999.000 -9999.000 -9999.000 -9999.000 -9999.000 -9999.000 -9999.000 -9999.000 -9999.000
-9999.000 -9999.000 -9999.000 -9999.000 -9999.000 -9999.000 -9999.000 -9999.000 -9999.000 -9999.000 -9999.000 -9999.000 -9999.000 0.3648820E-01 0.1070936 0.1292261 0.1239458 0.1530638 0.1942084 0.1994824 0.1903223 0.1489659 0.9494033E-01 0.5220648E-01 0.2647813E-01 -9999.000 0.3607881E-01 0.1001978 0.1836846 0.2196687 0.1637048 0.1878087 0.2206392 0.2374055 0.3048024 0.3299359 0.3024440 0.3207993 0.3571342 0.3693988 0.3250781 0.2333618 0.1962438 0.1594313 0.1699544 0.1830100 0.1628711 0.1253918 0.9658507E-01 -9999.000 -9999.000 -9999.000 -9999.000 -9999.000 -9999.000 -9999.000 -9999.000 -9999.000 -9999.000 -9999.000
-9999.000 -9999.000 -9999.000 -9999.000 -9999.000 -9999.000 -9999.000 -9999.000 -9999.000 -9999.000 -9999.000 -9999.000 -9999.000 -9999.000 0.7608152E-01 0.7205944E-01 -9999.000 0.4354188E-01 0.1028506 0.1696611 0.2108772 0.1822326 0.1461727 0.9650861E-01 0.5699433E-01 0.4842396E-01 0.3355602E-01 0.7660249E-01 0.1501450 0.1639980 0.1313825 0.1824240 0.2366915 0.2591773 0.2950336 0.3242605 0.3202684 0.3162266 0.3283601 0.3249086 0.2757512 0.2609603 0.2350307 0.2276100 0.2514100 0.2558215 0.2475749 0.2412667 0.1709142 0.7644717E-01 -9999.000 -9999.000 -9999.000 -9999.000 -9999.000 -9999.000 -9999.000 -9999.000 -9999.000 -9999.000
-9999.000 -9999.000 -9999.000 -9999.000 -9999.000 -9999.000 -9999.000 -9999.000 -9999.000 -9999.000 -9999.000 -9999.000 -9999.000 -9999.000 -9999.000 -9999.000 0.3539573E-01 0.5658435E-01 0.7876380E-01 0.1206319 0.1727694 0.1830320 0.1553506 0.1043788 0.6281529E-01 0.3791685E-01 0.2961491E-01 0.4626100E-01 0.9550896E-01 0.1307262 0.1247828 0.1619053 0.2221549 0.2486301 0.2751128 0.2936730 0.3035710 0.2990682 0.3107279 0.3219961 0.3218427 0.3268283 0.3016339 0.2884314 0.2840726 0.2861743 0.2710490 0.2626330 0.1993385 0.1090501 -9999.000 -9999.000 -9999.000 -9999.000 -9999.000 -9999.000 -9999.000 -9999.000 -9999.000 -9999.000
-9999.000 -9999.000 -9999.000 -9999.000 -9999.000 -9999.000 -9999.000 -9999.000 -9999.000 -9999.000 -9999.000 -9999.000 -9999.000 -9999.000 -9999.000 -9999.000 0.4777796E-01 0.9354184E-01 0.9857570E-01 0.1050013 0.1399805 0.1564193 0.1401473 0.1080920 0.6739631E-01 0.3504851E-01 0.1805856E-01 -9999.000 -9999.000 -9999.000 0.1045082 0.1324627 0.1724006 0.1968324 0.2390638 0.2851947 0.2896625 0.2836455 0.3119103 0.3630723 0.3816698 0.3760553 0.3238316 0.2912303 0.3058348 0.3105875 0.2889482 0.2331664 0.1588241 0.1086210 -9999.000 -9999.000 -9999.000 -9999.000 -9999.000 -9999.000 -9999.000 -9999.000 -9999.000 -9999.000
-9999.000 -9999.000 -9999.000 -9999.000 -9999.000 -9999.000 -9999.000 -9999.000 -9999.000 -9999.000 -9999.000 -9999.000 -9999.000 -9999.000 -9999.000 -9999.000 -9999.000 0.9070637E-01 0.8051820E-01 0.9296338E-01 0.1011830 0.1296500 0.1481274 0.1274888 0.9645581E-01 0.6012019E-01 0.2705411E-01 -9999.000 -9999.000 -9999.000 -9999.000 0.9796068E-01 0.1132266 0.1261127 0.1832449 0.2428842 0.2421470 0.2433124 0.3044304 0.3742489 0.4031556 0.3762467 0.3181854 0.2907663 0.2999379 0.2737362 0.2296733 0.1740526 0.1260424 0.1084396 -9999.000 -9999.000 -9999.000 -9999.000 -9999.000 -9999.000 -9999.000 -9999.000 -9999.000 -9999.000
-9999.000 -9999.000 -9999.000 -9999.000 -9999.000 -9999.000 -9999.000 -9999.000 -9999.000 -9999.000 -9999.000 -9999.000 -9999.000 -9999.000 -9999.000 -9999.000 -9999.000 -9999.000 0.1163852 0.7119422E-01 0.4795210E-01 0.8115575E-01 0.1164012 0.1176807 0.1114656 0.9006963E-01 0.4442567E-01 0.1888884E-01 -9999.000 -9999.000 -9999.000 0.5544294E-01 0.6735843E-01 0.8328847E-01 0.1261868 0.1740657 0.1840448 0.2284001 0.3103165 0.3575654 0.3614026 0.3355290 0.2990934 0.2664812 0.2540493 0.1929301 0.1483794 0.1277294 0.1347317 0.1318238 0.1021257 -9999.000 -9999.000 -9999.000 -9999.000 -9999.000 -9999.000 -9999.000 -9999.000 -9999.000
-9999.000 -9999.000 -9999.000 -9999.000 -9999.000 -9999.000 -9999.000 -9999.000 -9999.000 -9999.000 -9999.000 -9999.000 -9999.000 -9999.000 -9999.000 -9999.000 -9999.000 -9999.000 0.1139565 0.5082240E-01 0.3646908E-01 0.7078537E-01 0.9122692E-01 0.8553156E-01 0.1077491 0.9408535E-01 -9999.000 -9999.000 -9999.000 -9999.000 -9999.000 -9999.000 0.3593733E-01 0.7611980E-01 0.1321744 0.1693897 0.1979455 0.2494674 0.2816520 0.3082773 0.2999890 0.2810116 0.2659203 0.2697518 0.2422498 0.2268065 0.2045181 0.1518975 0.1543720 0.1754453 0.1481245 0.6129479E-01 -9999.000 -9999.000 -9999.000 -9999.000 -9999.000 -9999.000 -9999.000 -9999.000
-9999.000 -9999.000 -9999.000 -9999.000 -9999.000 -9999.000 -9999.000 -9999.000 -9999.000 -9999.000 -9999.000 -9999.000 -9999.000 -9999.000 -9999.000 -9999.000 -9999.000 0.1284474 0.8142871E-01 0.4389665E-01 0.7489627E-01 0.1239880 0.1322695 0.9294941E-01 0.9862716E-01 0.8140891E-01 0.5028248E-01 -9999.000 -9999.000 -9999.000 -9999.000 -9999.000 -9999.000 0.7152992E-01 0.1479189 0.1997955 0.2336892 0.2262516 0.2159328 0.2260543 0.2507907 0.2243270 0.2356111 0.2772478 0.2637852 0.2716841 0.2512353 0.1982730 0.1829835 0.2111962 0.1877180 0.7637412E-01 0.1991662E-01 -9999.000 -9999.000 -9999.000 -9999.000 -9999.000 -9999.000 -9999.000
-9999.000 -9999.000 -9999.000 -9999.000 -9999.000 -9999.000 -9999.000 -9999.000 -9999.000 -9999.000 -9999.000 -9999.000 -9999.000 -9999.000 -9999.000 -9999.000 0.5992751E-01 0.1228424 0.1058783 0.7972738E-01 0.1453178 0.1894056 0.1728116 0.1260285 0.1169378 0.8425500E-01 0.3301373E-01 -9999.000 -9999.000 -9999.000 -9999.000 -9999.000 -9999.000 0.6427319E-01 0.1204863 0.1621487 0.1828302 0.1891905 0.1945014 0.2065438 0.2060503 0.1784417 0.1794472 0.2561195 0.2829916 0.2705394 0.2454491 0.2133556 0.2029275 0.2115838 0.1977782 0.1048487 0.4155698E-01 -9999.000 -9999.000 -9999.000 -9999.000 -9999.000 -9999.000 -9999.000
-9999.000 -9999.000 -9999.000 -9999.000 -9999.000 -9999.000 -9999.000 -9999.000 -9999.000 -9999.000 -9999.000 -9999.000 -9999.000 -9999.000 -9999.000 -9999.000 -9999.000 0.7070207E-01 0.9433127E-01 0.1033836 0.1482106 0.1683982 0.1554598 0.1689370 0.1651160 0.1115765 -9999.000 -9999.000 -9999.000 -9999.000 -9999.000 -9999.000 -9999.000 0.3669980E-01 0.6443653E-01 0.7276199E-01 0.1113057 0.1538699 0.1986729 0.2032433 0.2035595 0.1906308 0.1820754 0.2324123 0.2641986 0.2652680 0.2549119 0.2189996 0.2181870 0.2292126 0.1851558 0.1196487 0.8583653E-01 0.3342260E-01 -9999.000 -9999.000 -9999.000 -9999.000 -9999.000 -9999.000
-9999.000 -9999.000 -9999.000 -9999.000 -9999.000 -9999.000 -9999.000 -9999.000 -9999.000 -9999.000 -9999.000 -9999.000 -9999.000 -9999.000 -9999.000 -9999.000 -9999.000 0.3450314E-01 0.5997296E-01 0.7991227E-01 0.1094532 0.1149885 0.1211886 0.1668419 0.1889982 0.1422384 0.7700689E-01 0.3038877E-01 -9999.000 -9999.000 -9999.000 -9999.000 -9999.000 -9999.000 0.5490623E-01 0.7627085E-01 0.9983157E-01 0.1367734 0.1643785 0.1740559 0.2045702 0.2360735 0.2382119 0.2411999 0.2288855 0.2575301 0.2460302 0.2206100 0.2466366 0.2682785 0.2201115 0.1808917 0.1506916 0.8663495E-01 -9999.000 -9999.000 -9999.000 -9999.000 -9999.000 -9999.000
-9999.000 -9999.000 -9999.000 -9999.000 -9999.000 -9999.000 -9999.000 -9999.000 -9999.000 -9999.000 -9999.000 -9999.000 -9999.000 -9999.000 -9999.000 -9999.000 -9999.000 -9999.000 0.7044922E-01 0.5653396E-01 0.6161620E-01 0.8588592E-01 0.1077064 0.1498339 0.1864033 0.1632519 0.1121943 0.4920590E-01 0.1966185E-01 -9999.000 -9999.000 -9999.000 -9999.000 -9999.000 0.5624517E-01 0.8166068E-01 0.1090116 0.1340285 0.1523975 0.1595739 0.1757348 0.2132813 0.2265208 0.2101389 0.1992181 0.1912270 0.1787110 0.1951004 0.2654448 0.3031512 0.2678005 0.2349582 0.1944503 0.1688843 0.1494037 -9999.000 -9999.000 -9999.000 -9999.000 -9999.000
-9999.000 -9999.000 -9999.000 -9999.000 -9999.000 -9999.000 -9999.000 -9999.000 -9999.000 -9999.000 -9999.000 -9999.000 -9999.000 -9999.000 -9999.000 -9999.000 -9999.000 -9999.000 0.5676781E-01 -9999.000 -9999.000 0.1069200 0.1504451 0.1790430 0.1674550 0.1301681 0.1018282 0.6581811E-01 0.3286451E-01 -9999.000 -9999.000 -9999.000 -9999.000 -9999.000 -9999.000 0.4491076E-01 0.7714942E-01 0.1205011 0.1570168 0.1666813 0.1785974 0.2041420 0.2254924 0.1755918 0.1163193 0.9026933E-01 0.1049269 0.1873199 0.2750833 0.3162668 0.2632604 0.2331469 0.2058176 0.1937847 0.1498593 0.7181254E-01 -9999.000 -9999.000 -9999.000 -9999.000
-9999.000 -9999.000 -9999.000 -9999.000 -9999.000 -9999.000 -9999.000 -9999.000 -9999.000 -9999.000 -9999.000 -9999.000 -9999.000 -9999.000 -9999.000 -9999.000 -9999.000 -9999.000 -9999.000 -9999.000 -9999.000 0.1225958 0.1997164 0.2160245 0.1724508 0.1362083 0.1068774 0.8230892E-01 0.4425398E-01 -9999.000 -9999.000 -9999.000 -9999.000 -9999.000 -9999.000 0.2261114E-01 0.6307382E-01 0.1126169 0.1538235 0.1780128 0.2153762 0.2273990 0.2311918 0.1822501 0.1372336 0.1356179 0.1571854 0.2214057 0.2595024 0.2401472 0.2197174 0.2385220 0.2320626 0.1842783 0.1471045 0.9530635E-01 0.3502924E-01 -9999.000 -9999.000 -9999.000
-9999.000 -9999.000 -9999.000 -9999.000 -9999.000 -9999.000 -9999.000 -9999.000 -9999.000 -9999.000 -9999.000 -9999.000 -9999.000 -9999.000 -9999.000 -9999.000 -9999.000 -9999.000 -9999.000 0.2481376E-01 0.5296394E-01 0.1314625 0.2133186 0.2059566 0.1703984 0.1333028 0.1054751 0.8554249E-01 0.5392133E-01 -9999.000 -9999.000 -9999.000 -9999.000 -9999.000 -9999.000 -9999.000 0.5135491E-01 0.1092659 0.1636450 0.2091542 0.2648473 0.2822944 0.2465420 0.2072446 0.2166424 0.2995430 0.3486364 0.3291968 0.2783439 0.2249674 0.2415080 0.2953992 0.2858054 0.2067525 0.1735629 0.1540871 0.8062828E-01 -9999.000 -9999.000 -9999.000
