simulation_files/asc/Depth____172.0.asc
NCOLS        79
NROWS        79
XLLCENTER         -1.500000
YLLCENTER         -4.800000
CELLSIZE           0.100
NODATA_VALUE     -9999.0
[rows 0 to 25 of 79, columns 0 to 58 of 79]
-9999.000 -9999.000 -9999.000 -9999.000 -9999.000 -9999.000 -9999.000 -9999.000 -9999.000 -9999.000 -9999.000 -9999.000 -9999.000 -9999.000 -9999.000 0.6657505 0.6661147 0.6661791 0.6660792 0.6658975 0.6656715 0.6654165 0.6651480 0.6648883 0.6646374 0.6644022 0.6641822 0.6639496 0.6636044 0.6635627 0.6635627 -9999.000 -9999.000 -9999.000 -9999.000 -9999.000 -9999.000 -9999.000 -9999.000 -9999.000 -9999.000 -9999.000 -9999.000 -9999.000 -9999.000 -9999.000 -9999.000 -9999.000 -9999.000 -9999.000 -9999.000 -9999.000 -9999.000 -9999.000 -9999.000 -9999.000 -9999.000 -9999.000 -9999.000
-9999.000 -9999.000 -9999.000 -9999.000 -9999.000 -9999.000 -9999.000 -9999.000 -9999.000 -9999.000 -9999.000 -9999.000 -9999.000 -9999.000 -9999.000 0.6675034 0.6678504 0.6679031 0.6678201 0.6676733 0.6674941 0.6672940 0.6670855 0.6668865 0.6666960 0.6665195 0.6663559 0.6661804 0.6659033 0.6659376 0.6659376 -9999.000 -9999.000 -9999.000 -9999.000 -9999.000 -9999.000 -9999.000 -9999.000 -9999.000 -9999.000 -9999.000 -9999.000 -9999.000 -9999.000 -9999.000 -9999.000 -9999.000 -9999.000 -9999.000 -9999.000 -9999.000 -9999.000 -9999.000 -9999.000 -9999.000 -9999.000 -9999.000 -9999.000
-9999.000 -9999.000 -9999.000 -9999.000 -9999.000 -9999.000 -9999.000 -9999.000 -9999.000 -9999.000 -9999.000 -9999.000 -9999.000 -9999.000 -9999.000 0.6694369 0.6698153 0.6698774 0.6698005 0.6696597 0.6694875 0.6692955 0.6690959 0.6689072 0.6687270 0.6685602 0.6684045 0.6682327 0.6679497 0.6679809 0.6679809 -9999.000 -9999.000 -9999.000 -9999.000 -9999.000 -9999.000 -9999.000 -9999.000 -9999.000 -9999.000 -9999.000 -9999.000 -9999.000 -9999.000 -9999.000 -9999.000 -9999.000 -9999.000 -9999.000 -9999.000 -9999.000 -9999.000 -9999.000 -9999.000 -9999.000 -9999.000 -9999.000 -9999.000
-9999.000 -9999.000 -9999.000 -9999.000 -9999.000 -9999.000 -9999.000 -9999.000 -9999.000 -9999.000 -9999.000 -9999.000 -9999.000 -9999.000 -9999.000 0.6714178 0.6718162 0.6718838 0.6718082 0.6716677 0.6714959 0.6713043 0.6711052 0.6709179 0.6707388 0.6705731 0.6704175 0.6702433 0.6699486 0.6699603 0.6699603 -9999.000 -9999.000 -9999.000 -9999.000 -9999.000 -9999.000 -9999.000 -9999.000 -9999.000 -9999.000 -9999.000 -9999.000 -9999.000 -9999.000 -9999.000 -9999.000 -9999.000 -9999.000 -9999.000 -9999.000 -9999.000 -9999.000 -9999.000 -9999.000 -9999.000 -9999.000 -9999.000 -9999.000
-9999.000 -9999.000 -9999.000 -9999.000 -9999.000 -9999.000 -9999.000 -9999.000 -9999.000 -9999.000 -9999.000 -9999.000 -9999.000 -9999.000 -9999.000 0.6734182 0.6738318 0.6739033 0.6738265 0.6736833 0.6735085 0.6733136 0.6731111 0.6729212 0.6727391 0.6725704 0.6724115 0.6722311 0.6719202 0.6718989 0.6718989 -9999.000 -9999.000 -9999.000 -9999.000 -9999.000 -9999.000 -9999.000 -9999.000 -9999.000 -9999.000 -9999.000 -9999.000 -9999.000 -9999.000 -9999.000 -9999.000 -9999.000 -9999.000 -9999.000 -9999.000 -9999.000 -9999.000 -9999.000 -9999.000 -9999.000 -9999.000 -9999.000 -9999.000
-9999.000 -9999.000 -9999.000 -9999.000 -9999.000 -9999.000 -9999.000 -9999.000 -9999.000 -9999.000 -9999.000 -9999.000 -9999.000 -9999.000 -9999.000 0.6754245 0.6758510 0.6759257 0.6758463 0.6756990 0.6755199 0.6753201 0.6751122 0.6749182 0.6747313 0.6745577 0.6743935 0.6742047 0.6738735 0.6738065 0.6738065 -9999.000 -9999.000 -9999.000 -9999.000 -9999.000 -9999.000 -9999.000 -9999.000 -9999.000 -9999.000 -9999.000 -9999.000 -9999.000 -9999.000 -9999.000 -9999.000 -9999.000 -9999.000 -9999.000 -9999.000 -9999.000 -9999.000 -9999.000 -9999.000 -9999.000 -9999.000 -9999.000 -9999.000
-9999.000 -9999.000 -9999.000 -9999.000 -9999.000 -9999.000 -9999.000 -9999.000 -9999.000 -9999.000 -9999.000 -9999.000 -9999.000 -9999.000 -9999.000 0.6774294 0.6778677 0.6779451 0.6778623 0.6777102 0.6775261 0.6773207 0.6771069 0.6769083 0.6767158 0.6765367 0.6763664 0.6761678 0.6758124 0.6756846 0.6756846 -9999.000 -9999.000 -9999.000 -9999.000 -9999.000 -9999.000 -9999.000 -9999.000 -9999.000 -9999.000 -9999.000 -9999.000 -9999.000 -9999.000 -9999.000 -9999.000 -9999.000 -9999.000 -9999.000 -9999.000 -9999.000 -9999.000 -9999.000 -9999.000 -9999.000 -9999.000 -9999.000 -9999.000
-9999.000 -9999.000 -9999.000 -9999.000 -9999.000 -9999.000 -9999.000 -9999.000 -9999.000 -9999.000 -9999.000 -9999.000 -9999.000 -9999.000 -9999.000 0.6794287 0.6798786 0.6799582 0.6798710 0.6797135 0.6795241 0.6793129 0.6790928 0.6788898 0.6786918 0.6785071 0.6783304 0.6781210 0.6777373 0.6775303 0.6775303 -9999.000 -9999.000 -9999.000 -9999.000 -9999.000 -9999.000 -9999.000 -9999.000 -9999.000 -9999.000 -9999.000 -9999.000 -9999.000 -9999.000 -9999.000 -9999.000 -9999.000 -9999.000 -9999.000 -9999.000 -9999.000 -9999.000 -9999.000 -9999.000 -9999.000 -9999.000 -9999.000 -9999.000
-9999.000 -9999.000 -9999.000 -9999.000 -9999.000 -9999.000 -9999.000 -9999.000 -9999.000 -9999.000 -9999.000 -9999.000 -9999.000 -9999.000 -9999.000 0.6814201 0.6818815 0.6819628 0.6818703 0.6817065 0.6815112 0.6812938 0.6810673 0.6808604 0.6806570 0.6804672 0.6802843 0.6800631 0.6796466 0.6793360 0.6793360 -9999.000 -9999.000 -9999.000 -9999.000 -9999.000 -9999.000 -9999.000 -9999.000 -9999.000 -9999.000 -9999.000 -9999.000 -9999.000 -9999.000 -9999.000 -9999.000 -9999.000 -9999.000 -9999.000 -9999.000 -9999.000 -9999.000 -9999.000 -9999.000 -9999.000 -9999.000 -9999.000 -9999.000
-9999.000 -9999.000 -9999.000 -9999.000 -9999.000 -9999.000 -9999.000 -9999.000 -9999.000 -9999.000 -9999.000 -9999.000 -9999.000 -9999.000 -9999.000 0.6834024 0.6838754 0.6839575 0.6838585 0.6836874 0.6834855 0.6832612 0.6830277 0.6828171 0.6826084 0.6824139 0.6822253 0.6819915 0.6815366 0.6810894 0.6810894 -9999.000 -9999.000 -9999.000 -9999.000 -9999.000 -9999.000 -9999.000 -9999.000 -9999.000 -9999.000 -9999.000 -9999.000 -9999.000 -9999.000 -9999.000 -9999.000 -9999.000 -9999.000 -9999.000 -9999.000 -9999.000 -9999.000 -9999.000 -9999.000 -9999.000 -9999.000 -9999.000 -9999.000
-9999.000 -9999.000 -9999.000 -9999.000 -9999.000 -9999.000 -9999.000 -9999.000 -9999.000 -9999.000 -9999.000 -9999.000 -9999.000 -9999.000 -9999.000 0.6853746 0.6858596 0.6859414 0.6858345 0.6856549 0.6854453 0.6852129 0.6849714 0.6847568 0.6845425 0.6843434 0.6841490 0.6839011 0.6834012 0.6827713 0.6827713 -9999.000 -9999.000 -9999.000 -9999.000 -9999.000 -9999.000 -9999.000 -9999.000 -9999.000 -9999.000 -9999.000 -9999.000 -9999.000 -9999.000 -9999.000 -9999.000 -9999.000 -9999.000 -9999.000 -9999.000 -9999.000 -9999.000 -9999.000 -9999.000 -9999.000 -9999.000 -9999.000 -9999.000
-9999.000 -9999.000 -9999.000 -9999.000 -9999.000 -9999.000 -9999.000 -9999.000 -9999.000 -9999.000 -9999.000 -9999.000 -9999.000 -9999.000 -9999.000 0.6873351 0.6878328 0.6879134 0.6877974 0.6876082 0.6873895 0.6871473 0.6868960 0.6866767 0.6864554 0.6862510 0.6860500 0.6857858 0.6852317 0.6843533 0.6843533 -9999.000 -9999.000 -9999.000 -9999.000 -9999.000 -9999.000 -9999.000 -9999.000 -9999.000 -9999.000 -9999.000 -9999.000 -9999.000 -9999.000 -9999.000 -9999.000 -9999.000 -9999.000 -9999.000 -9999.000 -9999.000 -9999.000 -9999.000 -9999.000 -9999.000 -9999.000 -9999.000 -9999.000
-9999.000 -9999.000 -9999.000 -9999.000 -9999.000 -9999.000 -9999.000 -9999.000 -9999.000 -9999.000 -9999.000 -9999.000 -9999.000 -9999.000 -9999.000 0.6892808 0.6897927 0.6898709 0.6897448 0.6895452 0.6893165 0.6890629 0.6887995 0.6885741 0.6883432 0.6881315 0.6879219 0.6876372 0.6870167 0.6857923 0.6857923 -9999.000 -9999.000 -9999.000 -9999.000 -9999.000 -9999.000 -9999.000 -9999.000 -9999.000 -9999.000 -9999.000 -9999.000 -9999.000 -9999.000 -9999.000 -9999.000 -9999.000 -9999.000 -9999.000 -9999.000 -9999.000 -9999.000 -9999.000 -9999.000 -9999.000 -9999.000 -9999.000 -9999.000
-9999.000 -9999.000 -9999.000 -9999.000 -9999.000 -9999.000 -9999.000 -9999.000 -9999.000 -9999.000 -9999.000 -9999.000 -9999.000 -9999.000 -9999.000 0.6911618 0.6917049 0.6917976 0.6916765 0.6914699 0.6912324 0.6909664 0.6906881 0.6904534 0.6902079 0.6899843 0.6897615 0.6894488 0.6887441 0.6870285 0.6870285 -9999.000 -9999.000 -9999.000 -9999.000 -9999.000 -9999.000 -9999.000 -9999.000 -9999.000 -9999.000 -9999.000 -9999.000 -9999.000 -9999.000 -9999.000 -9999.000 -9999.000 -9999.000 -9999.000 -9999.000 -9999.000 -9999.000 -9999.000 -9999.000 -9999.000 -9999.000 -9999.000 -9999.000
-9999.000 -9999.000 -9999.000 -9999.000 -9999.000 -9999.000 -9999.000 -9999.000 -9999.000 -9999.000 -9999.000 -9999.000 -9999.000 -9999.000 -9999.000 0.6867241 0.6916642 0.6941532 0.6949949 0.6947046 0.6943296 0.6938953 0.6934317 0.6930230 0.6926078 0.6922328 0.6918728 0.6914101 0.6904473 0.6873752 0.6873752 -9999.000 -9999.000 -9999.000 -9999.000 -9999.000 -9999.000 -9999.000 -9999.000 -9999.000 -9999.000 -9999.000 -9999.000 -9999.000 -9999.000 -9999.000 -9999.000 -9999.000 -9999.000 -9999.000 -9999.000 -9999.000 -9999.000 -9999.000 -9999.000 -9999.000 -9999.000 -9999.000 -9999.000
0.7760240 0.7760240 0.7682765 0.7469749 0.7429247 0.7429247 0.7395723 0.7339689 0.7339689 0.7292798 0.7292798 0.7252098 0.7233541 0.7215972 0.7199270 0.7199270 0.6967883 0.6957681 0.6945151 0.6950308 0.6960738 0.6974970 0.6992814 0.7018964 0.7043001 0.7067197 0.7087014 0.7089244 0.7035027 0.6773256 0.6773256 0.4811102 0.4461171 0.4241856 0.4165910 0.4165910 0.4039486 0.4039486 0.4029287 0.4029287 0.4110444 0.4514663 0.4514663 0.5344102 0.5344102 0.6042531 0.6042531 0.6042531 0.6076672 0.6076672 0.5991163 0.5991163 0.5859976 0.5859976 0.5718309 0.5718309 0.5585048 0.5585048 0.5585048
0.7734750 0.7734750 0.7662084 0.7459174 0.7418708 0.7418708 0.7385189 0.7329270 0.7329270 0.7282566 0.7282566 0.7242053 0.7223580 0.7206091 0.7189465 0.7189465 0.6994985 0.6950786 0.6907806 0.6873122 0.6844335 0.6822033 0.6807642 0.6803978 0.6807908 0.6819844 0.6837834 0.6855933 0.6857674 0.6774458 0.6774458 0.5450194 0.4936243 0.4419033 0.4270183 0.4270183 0.4087786 0.4087786 0.4071104 0.4071104 0.4147874 0.4507197 0.4507197 0.5168278 0.5168278 0.5989382 0.5989382 0.5989382 0.6065365 0.6065365 0.5991222 0.5991222 0.5863365 0.5863365 0.5723680 0.5723680 0.5591263 0.5591263 0.5591263
0.7725009 0.7725009 0.7646984 0.7459863 0.7419005 0.7419005 0.7385147 0.7328920 0.7328920 0.7282148 0.7282148 0.7241602 0.7223107 0.7205594 0.7188942 0.7188942 0.7015866 0.6942586 0.6869811 0.6803711 0.6745760 0.6697061 0.6658728 0.6632713 0.6617739 0.6613677 0.6619385 0.6630740 0.6635394 0.6584539 0.6584539 0.5761169 0.5232478 0.4587654 0.4389479 0.4389479 0.4170985 0.4170985 0.4190681 0.4190681 0.4292501 0.4641199 0.4641199 0.5142879 0.5142879 0.5897911 0.5897911 0.5897911 0.6022431 0.6022431 0.5973732 0.5973732 0.5856097 0.5856097 0.5720570 0.5720570 0.5590329 0.5590329 0.5590329
0.7724192 0.7724192 0.7624624 0.7461351 0.7419863 0.7419863 0.7385503 0.7328874 0.7328874 0.7282074 0.7282074 0.7241558 0.7223074 0.7205570 0.7188928 0.7188928 0.7028461 0.6929911 0.6828378 0.6732656 0.6647026 0.6573611 0.6513588 0.6468213 0.6436834 0.6418856 0.6413148 0.6416588 0.6420026 0.6388252 0.6388252 0.5874164 0.5411350 0.4747593 0.4531547 0.4531547 0.4326963 0.4326963 0.4421706 0.4421706 0.4550589 0.4855346 0.4855346 0.5177383 0.5177383 0.5766702 0.5766702 0.5766702 0.5930973 0.5930973 0.5922578 0.5922578 0.5827801 0.5827801 0.5704121 0.5704121 0.5581173 0.5581173 0.5581173
0.7721331 0.7721331 0.7609511 0.7462780 0.7420734 0.7420734 0.7385867 0.7328826 0.7328826 0.7282010 0.7282010 0.7241534 0.7223064 0.7205569 0.7188932 0.7188932 0.7029471 0.6907790 0.6779067 0.6655328 0.6542963 0.6445168 0.6363515 0.6299052 0.6251519 0.6220189 0.6203838 0.6199830 0.6201208 0.6182808 0.6182808 0.5862033 0.5488729 0.4880747 0.4687289 0.4687289 0.4578805 0.4578805 0.4769481 0.4769481 0.4899020 0.5098253 0.5098253 0.5240019 0.5240019 0.5623555 0.5623555 0.5623555 0.5801376 0.5801376 0.5837312 0.5837312 0.5776959 0.5776959 0.5674433 0.5674433 0.5565227 0.5565227 0.5565227
0.7719262 0.7719262 0.7598984 0.7463832 0.7421443 0.7421443 0.7386178 0.7328789 0.7328789 0.7281957 0.7281957 0.7241515 0.7223055 0.7205567 0.7188936 0.7188936 0.7016379 0.6871692 0.6717165 0.6567322 0.6429881 0.6308807 0.6206064 0.6122715 0.6058806 0.6013740 0.5986380 0.5974500 0.5972781 0.5963477 0.5963477 0.5767366 0.5486081 0.4996963 0.4877891 0.4877891 0.4951006 0.4951006 0.5194379 0.5194379 0.5276655 0.5324096 0.5324096 0.5312042 0.5312042 0.5496446 0.5496446 0.5496446 0.5655116 0.5655116 0.5724798 0.5724798 0.5703888 0.5703888 0.5630773 0.5630773 0.5542322 0.5542322 0.5542322
0.7718012 0.7718012 0.7592776 0.7464473 0.7421904 0.7421904 0.7386388 0.7328765 0.7328765 0.7281919 0.7281919 0.7241499 0.7223049 0.7205566 0.7188938 0.7188938 0.6986511 0.6817113 0.6637551 0.6463515 0.6303163 0.6160734 0.6038364 0.5937133 0.5857276 0.5798405 0.5759593 0.5739060 0.5732852 0.5728984 0.5728984 0.5615585 0.5424379 0.5135778 0.5157844 0.5157844 0.5437995 0.5437995 0.5616651 0.5616651 0.5614372 0.5510660 0.5510660 0.5385457 0.5385457 0.5401266 0.5401266 0.5401266 0.5513726 0.5513726 0.5596640 0.5596640 0.5611627 0.5611627 0.5572998 0.5572998 0.5511939 0.5511939 0.5511939
0.7717595 0.7717595 0.7590726 0.7464687 0.7422064 0.7422064 0.7386461 0.7328756 0.7328756 0.7281905 0.7281905 0.7241494 0.7223046 0.7205565 0.7188938 0.7188938 0.6936249 0.6738979 0.6534472 0.6338008 0.6157243 0.5996082 0.5856470 0.5739338 0.5644946 0.5573048 0.5522954 0.5493335 0.5481484 0.5480509 0.5480509 0.5425746 0.5330356 0.5373235 0.5591344 0.5591344 0.5966296 0.5966296 0.5962486 0.5962486 0.5874726 0.5657914 0.5657914 0.5457567 0.5457567 0.5341048 0.5341048 0.5341048 0.5392414 0.5392414 0.5466107 0.5466107 0.5506166 0.5506166 0.5502565 0.5502565 0.5474033 0.5474033 0.5474033
0.7718014 0.7718014 0.7592776 0.7464473 0.7421904 0.7421904 0.7386388 0.7328767 0.7328767 0.7281919 0.7281919 0.7241499 0.7223048 0.7205566 0.7188938 0.7188938 0.6860211 0.6630865 0.6400996 0.6183826 0.5985491 0.5808883 0.5655299 0.5525250 0.5418799 0.5335701 0.5275438 0.5237096 0.5219285 0.5221289 0.5221289 0.5219492 0.5253369 0.5801466 0.6179516 0.6179516 0.6417592 0.6417592 0.6206883 0.6206883 0.6061007 0.5775636 0.5775636 0.5527140 0.5527140 0.5310802 0.5310802 0.5310802 0.5298300 0.5298300 0.5345084 0.5345084 0.5395765 0.5395765 0.5423067 0.5423067 0.5429672 0.5429672 0.5429672
0.7719263 0.7719263 0.7598984 0.7463834 0.7421441 0.7421441 0.7386179 0.7328790 0.7328790 0.7281955 0.7281955 0.7241514 0.7223056 0.7205567 0.7188936 0.7188936 0.6750074 0.6483862 0.6228178 0.5992354 0.5779886 0.5591908 0.5428560 0.5289600 0.5174657 0.5083309 0.5015083 0.4969437 0.4946977 0.4959062 0.4959062 0.5038015 0.5297210 0.6435443 0.6792881 0.6792881 0.6718534 0.6718534 0.6370245 0.6370245 0.6194823 0.5872163 0.5872163 0.5592054 0.5592054 0.5302153 0.5302153 0.5302153 0.5231573 0.5231573 0.5241838 0.5241838 0.5289543 0.5289543 0.5340113 0.5340113 0.5381321 0.5381321 0.5381321
0.7721332 0.7721332 0.7609512 0.7462780 0.7420733 0.7420733 0.7385867 0.7328827 0.7328827 0.7282010 0.7282010 0.7241535 0.7223064 0.7205568 0.7188933 0.7188933 0.6592487 0.6284785 0.6003676 0.5752359 0.5530371 0.5336271 0.5168519 0.5025792 0.4907057 0.4811552 0.4738712 0.4688479 0.4666393 0.4718144 0.4718144 0.4983978 0.5631610 0.7111803 0.7237350 0.7237350 0.6888409 0.6888409 0.6482158 0.6482158 0.6294298 0.5951343 0.5951343 0.5649601 0.5649601 0.5306739 0.5306739 0.5306739 0.5188274 0.5188274 0.5160409 0.5160409 0.5195518 0.5195518 0.5260648 0.5260648 0.5332916 0.5332916 0.5332916
