simulation_files/asc/Depth____105.0.asc
NCOLS       411
NROWS       131
XLLCENTER    2538020.000000
YLLCENTER    1152390.000000
CELLSIZE           1.000
NODATA_VALUE     -9999.0
[rows 0 to 26 of 131, columns 177 to 235 of 411]
-9999.000 -9999.000 -9999.000 -9999.000 -9999.000 -9999.000 -9999.000 -9999.000 -9999.000 -9999.000 -9999.000 -9999.000 -9999.000 -9999.000 -9999.000 -9999.000 -9999.000 -9999.000 -9999.000 -9999.000 -9999.000 -9999.000 -9999.000 -9999.000 -9999.000 -9999.000 -9999.000 -9999.000 -9999.000 -9999.000 -9999.000 -9999.000 -9999.000 -9999.000 -9999.000 -9999.000 -9999.000 -9999.000 -9999.000 -9999.000 -9999.000 -9999.000 -9999.000 -9999.000 -9999.000 -9999.000 -9999.000 -9999.000 -9999.000 -9999.000 -9999.000 -9999.000 -9999.000 -9999.000 -9999.000 -9999.000 -9999.000 -9999.000 -9999.000
-9999.000 -9999.000 -9999.000 -9999.000 -9999.000 -9999.000 -9999.000 -9999.000 -9999.000 -9999.000 -9999.000 -9999.000 -9999.000 -9999.000 -9999.000 -9999.000 -9999.000 -9999.000 -9999.000 -9999.000 -9999.000 -9999.000 -9999.000 -9999.000 -9999.000 -9999.000 -9999.000 -9999.000 -9999.000 -9999.000 -9999.000 -9999.000 -9999.000 -9999.000 -9999.000 -9999.000 -9999.000 -9999.000 -9999.000 -9999.000 -9999.000 -9999.000 -9999.000 -9999.000 -9999.000 -9999.000 -9999.000 -9999.000 -9999.000 -9999.000 -9999.000 -9999.000 -9999.000 -9999.000 -9999.000 -9999.000 -9999.000 -9999.000 -9999.000
-9999.000 -9999.000 -9999.000 -9999.000 -9999.000 -9999.000 -9999.000 -9999.000 -9999.000 -9999.000 -9999.000 -9999.000 -9999.000 -9999.000 -9999.000 -9999.000 -9999.000 -9999.000 -9999.000 -9999.000 -9999.000 -9999.000 -9999.000 -9999.000 -9999.000 -9999.000 -9999.000 -9999.000 -9999.000 -9999.000 -9999.000 -9999.000 -9999.000 -9999.000 -9999.000 -9999.000 -9999.000 -9999.000 -9999.000 -9999.000 -9999.000 -9999.000 -9999.000 -9999.000 -9999.000 -9999.000 -9999.000 -9999.000 -9999.000 -9999.000 -9999.000 -9999.000 -9999.000 -9999.000 -9999.000 -9999.000 0.1021816 0.8981647E-01 0.8336415E-01
-9999.000 -9999.000 -9999.000 -9999.000 -9999.000 -9999.000 -9999.000 -9999.000 -9999.000 -9999.000 -9999.000 -9999.000 -9999.000 -9999.000 -9999.000 -9999.000 -9999.000 -9999.000 -9999.000 -9999.000 -9999.000 -9999.000 -9999.000 -9999.000 -9999.000 -9999.000 -9999.000 -9999.000 -9999.000 -9999.000 -9999.000 -9999.000 -9999.000 -9999.000 -9999.000 -9999.000 -9999.000 -9999.000 -9999.000 -9999.000 -9999.000 -9999.000 -9999.000 -9999.000 -9999.000 -9999.000 -9999.000 -9999.000 -9999.000 -9999.000 -9999.000 0.5073109 0.4979391 0.4452426 0.3818917 0.2916569 0.2393193 0.2357977 0.2535976
-9999.000 -9999.000 -9999.000 -9999.000 -9999.000 -9999.000 -9999.000 -9999.000 -9999.000 -9999.000 -9999.000 -9999.000 -9999.000 -9999.000 -9999.000 -9999.000 -9999.000 -9999.000 -9999.000 -9999.000 -9999.000 -9999.000 -9999.000 -9999.000 -9999.000 -9999.000 -9999.000 -9999.000 -9999.000 -9999.000 -9999.000 -9999.000 -9999.000 -9999.000 -9999.000 -9999.000 -9999.000 -9999.000 -9999.000 -9999.000 -9999.000 -9999.000 -9999.000 -9999.000 -9999.000 -9999.000 -9999.000 0.4498608E-01 0.1752724 0.4082052 0.5515891 0.6002710 0.6494645 0.6451810 0.6319368 0.5967568 0.5768028 0.5658058 0.5624567
-9999.000 -9999.000 -9999.000 -9999.000 -9999.000 -9999.000 -9999.000 -9999.000 -9999.000 -9999.000 -9999.000 -9999.000 -9999.000 -9999.000 -9999.000 -9999.000 -9999.000 -9999.000 -9999.000 -9999.000 -9999.000 -9999.000 -9999.000 -9999.000 -9999.000 -9999.000 -9999.000 -9999.000 -9999.000 -9999.000 -9999.000 -9999.000 -9999.000 -9999.000 -9999.000 -9999.000 -9999.000 -9999.000 -9999.000 -9999.000 -9999.000 -9999.000 -9999.000 -9999.000 -9999.000 -9999.000 -9999.000 0.1078501 0.2873562 0.5481863 0.7557803 0.9178628 0.9722234 0.9871238 0.9959173 0.9514380 0.9341643 0.9300471 0.9169180
-9999.000 -9999.000 -9999.000 -9999.000 -9999.000 -9999.000 -9999.000 -9999.000 -9999.000 -9999.000 -9999.000 -9999.000 -9999.000 -9999.000 -9999.000 -9999.000 -9999.000 -9999.000 -9999.000 -9999.000 -9999.000 -9999.000 -9999.000 -9999.000 -9999.000 -9999.000 -9999.000 -9999.000 -9999.000 -9999.000 -9999.000 -9999.000 -9999.000 -9999.000 -9999.000 -9999.000 -9999.000 -9999.000 -9999.000 1.141704 0.9309005 0.7084410 0.4246017 0.1862661 0.1615173 0.2708102 0.3608742 0.4554163 0.6569976 0.8859848 1.106847 1.253824 1.317371 1.353844 1.362696 1.323075 1.273042 1.284028 1.284272
-9999.000 -9999.000 -9999.000 -9999.000 -9999.000 -9999.000 -9999.000 -9999.000 -9999.000 -9999.000 -9999.000 -9999.000 -9999.000 -9999.000 -9999.000 -9999.000 -9999.000 -9999.000 -9999.000 -9999.000 -9999.000 -9999.000 -9999.000 -9999.000 -9999.000 -9999.000 -9999.000 -9999.000 -9999.000 -9999.000 -9999.000 -9999.000 -9999.000 -9999.000 -9999.000 -9999.000 1.603114 1.476875 1.385781 1.224895 1.013483 0.7776464 0.5832415 0.4639001 0.5217264 0.6435496 0.7924042 0.9471100 1.132989 1.301965 1.480100 1.612906 1.652335 1.680730 1.673717 1.642160 1.623519 1.628093 1.614427
-9999.000 -9999.000 -9999.000 -9999.000 -9999.000 -9999.000 -9999.000 -9999.000 -9999.000 -9999.000 -9999.000 -9999.000 -9999.000 -9999.000 -9999.000 -9999.000 -9999.000 -9999.000 -9999.000 -9999.000 -9999.000 -9999.000 -9999.000 -9999.000 -9999.000 -9999.000 -9999.000 -9999.000 -9999.000 -9999.000 -9999.000 1.493516 1.514378 1.546246 1.594854 1.632210 1.578839 1.446419 1.275015 1.124850 1.001679 0.9025049 0.8628577 0.8885579 0.9854762 1.061856 1.274998 1.489524 1.586659 1.684920 1.801797 1.902750 1.936777 1.973770 1.936205 1.904836 1.891586 1.899952 1.863976
-9999.000 -9999.000 -9999.000 -9999.000 -9999.000 -9999.000 -9999.000 -9999.000 -9999.000 -9999.000 -9999.000 -9999.000 -9999.000 -9999.000 -9999.000 -9999.000 -9999.000 -9999.000 -9999.000 -9999.000 -9999.000 -9999.000 -9999.000 -9999.000 -9999.000 -9999.000 -9999.000 1.284096 1.373936 1.438690 1.451033 1.464932 1.480738 1.513653 1.543220 1.520410 1.414074 1.254476 1.108155 1.024541 1.001548 1.036907 1.119355 1.220637 1.309863 1.411539 1.625931 1.819989 1.902698 1.959017 2.018479 2.069953 2.104204 2.110724 2.089304 2.064730 2.043640 2.021101 1.973964
0.5843688 0.6032215 0.6207235 0.6444447 0.6727437 0.7451530 0.8176412 0.7991444 0.7372254 0.7247175 0.7335402 0.7480352 0.7516669 0.7005762 0.6082243 0.5251473 0.4803199 0.4700451 0.4766652 0.4898578 0.5090145 0.5437762 0.6307226 0.9163669 1.098600 1.151827 1.207072 1.290989 1.374208 1.415125 1.419118 1.407129 1.407586 1.442296 1.442638 1.346046 1.172509 1.041550 1.001078 1.015866 1.072375 1.175519 1.298310 1.406886 1.469369 1.612430 1.839316 1.958876 2.031770 2.067744 2.112246 2.135158 2.155715 2.153206 2.138169 2.113476 2.088509 2.051736 1.987700
0.5905219 0.6098352 0.6290748 0.6552174 0.7002369 0.7628634 0.8150674 0.8177225 0.7890250 0.7700016 0.7664698 0.7635944 0.7433212 0.6957983 0.6345357 0.5775070 0.5352870 0.5158181 0.5174338 0.5345225 0.5693714 0.6381509 0.7814010 0.9746372 1.097793 1.159638 1.230183 1.307476 1.370060 1.389281 1.367144 1.351026 1.359388 1.341169 1.246268 1.104640 1.002323 0.9812207 1.018981 1.091549 1.188869 1.295309 1.392027 1.463956 1.563082 1.726907 1.875979 1.969588 2.029380 2.066990 2.093495 2.120766 2.134586 2.137666 2.131780 2.114238 2.072318 1.978845 1.836082
0.6041760 0.6277799 0.6497256 0.6876234 0.7456943 0.8069461 0.8535886 0.8754905 0.8777827 0.8648496 0.8403897 0.7981300 0.7491016 0.7077684 0.6819766 0.6618710 0.6395810 0.6249786 0.6240752 0.6443923 0.6960834 0.7937779 0.9409968 1.068930 1.127900 1.196151 1.269457 1.335824 1.380664 1.374719 1.338215 1.327287 1.307739 1.208410 1.059842 0.9649073 0.9591761 1.006396 1.084016 1.178759 1.276756 1.365697 1.437753 1.497943 1.620542 1.777917 1.881990 1.958098 2.006057 2.037849 2.059638 2.077434 2.092673 2.099554 2.105750 2.084428 1.963751 1.727300 1.501455
0.6238733 0.6504658 0.6858037 0.7378594 0.7981160 0.8578777 0.9078100 0.9393851 0.9633883 0.9599504 0.9101526 0.8382603 0.7820887 0.7522458 0.7425962 0.7431984 0.7512724 0.7635180 0.7837042 0.8193477 0.8788273 0.9680998 1.059841 1.119032 1.174307 1.244025 1.311488 1.367930 1.391902 1.367218 1.343679 1.309036 1.199205 1.060741 0.9771631 0.9683881 1.012748 1.086260 1.172497 1.258454 1.338038 1.407655 1.466963 1.556773 1.684022 1.786227 1.874204 1.939882 1.988938 2.010833 2.019433 2.031561 2.044539 2.058836 2.025697 1.879504 1.615048 1.399704 1.305851
0.6481323 0.6832989 0.7316415 0.7930183 0.8569814 0.9194670 0.9696261 1.000125 1.020524 1.007164 0.9538552 0.8970449 0.8623221 0.8421506 0.8316153 0.8355976 0.8583457 0.8960275 0.9517037 1.022007 1.092987 1.147526 1.172346 1.186333 1.227629 1.286304 1.339865 1.382364 1.388207 1.352987 1.310119 1.218239 1.080408 0.9949895 0.9883028 1.028841 1.096441 1.175800 1.254723 1.326360 1.389433 1.450018 1.520839 1.617166 1.723165 1.799972 1.867573 1.928710 1.971431 1.985732 1.985921 1.983629 1.970678 1.915593 1.760799 1.524257 1.332401 1.294687 1.309616
0.6785943 0.7248155 0.7859252 0.8549807 0.9249219 0.9850679 1.022338 1.041991 1.040061 1.013150 0.9824390 0.9666354 0.9729358 0.9767939 0.9685669 0.9643672 0.9782079 1.021016 1.094994 1.189559 1.281497 1.329927 1.323153 1.309877 1.313696 1.334150 1.360470 1.377880 1.351896 1.292667 1.196153 1.066058 0.9970084 0.9969816 1.036986 1.098647 1.169002 1.239735 1.304778 1.362868 1.418052 1.480909 1.553582 1.647613 1.726879 1.786780 1.836055 1.885777 1.916677 1.923091 1.908280 1.852261 1.710423 1.509218 1.336824 1.250048 1.256380 1.277822 1.306272
0.7284427 0.7809426 0.8542981 0.9290716 0.9947289 1.038945 1.055479 1.048937 1.032367 1.022870 1.031434 1.057293 1.093466 1.127347 1.150144 1.159519 1.164652 1.186930 1.240008 1.318122 1.396238 1.450085 1.482114 1.495830 1.478902 1.440316 1.405518 1.359391 1.270250 1.145879 1.024077 0.9631299 0.9750219 1.022904 1.083554 1.145176 1.204114 1.258744 1.309007 1.358587 1.410745 1.472050 1.551287 1.634464 1.696950 1.735331 1.772258 1.806581 1.816904 1.792391 1.687339 1.480200 1.252806 1.142796 1.129138 1.169460 1.220030 1.256103 1.286843
0.7847862 0.8479719 0.9191323 0.9876576 1.039504 1.066169 1.060911 1.042875 1.036735 1.053328 1.096862 1.150271 1.197249 1.232951 1.275739 1.314944 1.347473 1.370439 1.386553 1.411243 1.447415 1.485377 1.544479 1.603582 1.629129 1.595486 1.504789 1.351800 1.164489 1.015640 0.9397190 0.9434380 0.9839767 1.039853 1.096322 1.150717 1.201183 1.246110 1.288974 1.323890 1.368893 1.430460 1.504258 1.581149 1.627765 1.658868 1.688487 1.708289 1.646627 1.472396 1.247692 1.049518 0.9888116 1.009578 1.065463 1.126418 1.189432 1.244837 1.291495
0.8535225 0.9141611 0.9839221 1.033221 1.062415 1.068722 1.059774 1.057338 1.077999 1.124368 1.187224 1.245719 1.284271 1.317739 1.361567 1.413932 1.472895 1.528565 1.556539 1.542587 1.510489 1.514255 1.569177 1.637719 1.692341 1.706213 1.586623 1.334043 1.112794 0.9926840 0.9585835 0.9752533 1.011713 1.053336 1.095910 1.137519 1.181065 1.219017 1.260103 1.292263 1.339294 1.400031 1.465282 1.518626 1.551230 1.574772 1.588096 1.550378 1.337081 1.103756 0.9437787 0.8980957 0.9293456 0.9780083 1.037727 1.113949 1.192682 1.268995 1.339045
0.9295096 0.9928662 1.039548 1.066696 1.074526 1.072267 1.074522 1.099148 1.151593 1.218336 1.280584 1.323359 1.348729 1.380603 1.426028 1.481957 1.547521 1.619765 1.678567 1.683583 1.634658 1.589569 1.593640 1.643143 1.706498 1.722517 1.566973 1.310812 1.159180 1.086746 1.052136 1.043549 1.054798 1.075147 1.100477 1.126499 1.162296 1.198212 1.236624 1.279731 1.331878 1.389581 1.439953 1.477843 1.499857 1.496813 1.413592 1.191632 0.9785164 0.8771253 0.8665458 0.9057413 0.9561704 1.010936 1.079138 1.153900 1.246725 1.337674 1.430644
1.007533 1.054892 1.079817 1.085323 1.082557 1.086525 1.111511 1.164806 1.233856 1.294538 1.335846 1.361449 1.390867 1.429604 1.475764 1.535199 1.604045 1.670609 1.728432 1.763858 1.776495 1.755969 1.680222 1.639666 1.687038 1.628023 1.414694 1.275167 1.240863 1.236523 1.220778 1.185893 1.143022 1.115973 1.113552 1.136104 1.166621 1.199584 1.244971 1.292799 1.347895 1.397422 1.435126 1.459362 1.438691 1.334906 1.124126 0.9097602 0.8398541 0.8587744 0.9057142 0.9627637 1.017454 1.075625 1.145870 1.223837 1.316083 1.420677 1.520073
1.072986 1.102007 1.109885 1.105886 1.105294 1.121139 1.159711 1.213801 1.266326 1.306746 1.339071 1.374111 1.420317 1.469651 1.519180 1.577481 1.645606 1.706812 1.751951 1.794400 1.849607 1.894024 1.846167 1.726194 1.618443 1.456907 1.290622 1.254181 1.284495 1.321557 1.347425 1.345087 1.277465 1.217370 1.178644 1.165175 1.188235 1.227184 1.270487 1.317957 1.365257 1.401829 1.429261 1.415300 1.277636 1.055929 0.8838347 0.8302173 0.8534431 0.8988880 0.9548377 1.010730 1.070221 1.134132 1.208830 1.283117 1.367705 1.477904 1.584960
1.130865 1.138442 1.131659 1.126582 1.133610 1.161148 1.198258 1.229149 1.252609 1.276910 1.310350 1.364900 1.432386 1.497768 1.555225 1.610226 1.674348 1.735273 1.767113 1.808850 1.876029 1.946789 2.020092 1.937217 1.557611 1.269039 1.216378 1.252080 1.299539 1.347788 1.390040 1.422896 1.425930 1.376467 1.303414 1.243237 1.230264 1.244883 1.281734 1.325056 1.361161 1.383001 1.361500 1.224589 1.019185 0.8620377 0.8167623 0.8405469 0.8793256 0.9245493 0.9736514 1.028706 1.091473 1.157045 1.226177 1.301707 1.385776 1.482593 1.594226
1.153822 1.146548 1.139262 1.144092 1.164339 1.193087 1.216478 1.229598 1.239424 1.255881 1.289972 1.347745 1.424964 1.507153 1.577839 1.638298 1.696691 1.747291 1.785166 1.829999 1.892702 1.966139 2.070065 2.018691 1.601931 1.243488 1.203828 1.251213 1.300392 1.350306 1.397116 1.431178 1.454551 1.471241 1.457736 1.409082 1.314155 1.254256 1.262620 1.291298 1.313174 1.295843 1.163083 0.9203719 0.7925221 0.7781821 0.7989402 0.8346336 0.8716072 0.9106859 0.9458174 0.9939001 1.051615 1.108510 1.178275 1.253777 1.334261 1.418491 1.533585
1.132613 1.125252 1.130173 1.151365 1.181058 1.204672 1.217459 1.225321 1.234684 1.252695 1.289623 1.346870 1.430255 1.524605 1.599617 1.661808 1.719063 1.759844 1.797989 1.846974 1.908008 1.974104 2.069609 2.131619 1.701587 1.285468 1.223094 1.246576 1.284997 1.331141 1.378952 1.413429 1.446086 1.487164 1.524100 1.519590 1.443355 1.324262 1.245696 1.217986 1.176354 1.046101 0.8405610 0.7059090 0.6933360 0.7156952 0.7438832 0.7786671 0.8144769 0.8459441 0.8796584 0.9203164 0.9664429 1.012861 1.070670 1.144334 1.214632 1.298261 1.404599
1.101286 1.104718 1.122471 1.150364 1.176796 1.195722 1.208374 1.220230 1.237621 1.267846 1.312783 1.377510 1.462504 1.549421 1.620981 1.681673 1.734858 1.773397 1.811093 1.862638 1.918370 1.978105 2.055924 2.048700 1.783541 1.495211 1.345694 1.257554 1.254049 1.286921 1.329925 1.367322 1.404754 1.449307 1.497270 1.525202 1.540754 1.497792 1.356050 1.184795 1.004539 0.7967288 0.6398779 0.6085704 0.6238592 0.6501230 0.6742823 0.7043397 0.7374582 0.7648679 0.8011515 0.8390147 0.8779175 0.9092240 0.9573398 1.018726 1.086035 1.162277 1.263288
1.083290 1.096196 1.119724 1.145791 1.167476 1.185949 1.201597 1.220237 1.248269 1.290170 1.344560 1.415889 1.498465 1.574581 1.636116 1.690464 1.743930 1.782401 1.814506 1.862195 1.912781 1.959972 2.020294 1.998590 1.783499 1.622292 1.535225 1.382131 1.268719 1.240611 1.265900 1.309795 1.352073 1.399599 1.439235 1.460591 1.499017 1.567732 1.522582 1.200483 0.8412267 0.6481601 0.5864121 0.5818665 0.5935816 0.6110641 0.6307798 0.6550403 0.6817289 0.7051044 0.7355791 0.7681861 0.7966703 0.8250481 0.8591683 0.9022612 0.9488824 1.016151 1.109173
