simulation_files/asc/Depth____235.0.asc
NCOLS       216
NROWS       273
XLLCENTER        494.688995
YLLCENTER        787.867981
CELLSIZE           0.500
NODATA_VALUE     -9999.0
[rows 182 to 207 of 273, columns 120 to 179 of 216]
-9999.000 -9999.000 -9999.000 -9999.000 -9999.000 -9999.000 -9999.000 -9999.000 -9999.000 0.8955569E-01 0.1648297 0.2517131 0.2572170 0.2049621 0.1277208 0.7806096E-01 0.3887355E-01 0.5570691E-01 0.8081492E-01 0.7564071E-01 0.8072278E-01 0.1467396 0.2290310 0.2161028 0.2341865 0.2843761 0.2912745 0.2647102 0.2835177 0.3250286 0.3565505 0.3841739 0.3619363 0.3214213 0.2995551 0.3069902 0.3071413 0.3097006 0.2785081 0.2225191 0.1432656 0.6510756E-01 -9999.000 -9999.000 -9999.000 -9999.000 -9999.000 -9999.000 -9999.000 -9999.000 -9999.000 -9999.000 -9999.000 -9999.000 -9999.000 -9999.000 -9999.000 -9999.000 -9999.000 -9999.000
-9999.000 -9999.000 -9999.000 -9999.000 -9999.000 -9999.000 -9999.000 -9999.000 0.1886185E-01 0.5100104E-01 0.1437593 0.2233773 0.2517573 0.2277264 0.1816709 0.1219561 0.6913017E-01 0.6054899E-01 0.7228114E-01 0.6250839E-01 0.6772418E-01 0.1149788 0.1702137 0.1906971 0.2333487 0.3075121 0.3278161 0.2777347 0.2897656 0.3629060 0.3899588 0.4007635 0.3905123 0.3431906 0.3282029 0.3198357 0.3220676 0.3252695 0.3070698 0.2838443 0.1959434 0.8466219E-01 -9999.000 -9999.000 -9999.000 -9999.000 -9999.000 -9999.000 -9999.000 -9999.000 -9999.000 -9999.000 -9999.000 -9999.000 -9999.000 -9999.000 -9999.000 -9999.000 -9999.000 -9999.000
-9999.000 -9999.000 -9999.000 -9999.000 -9999.000 -9999.000 -9999.000 -9999.000 -9999.000 0.3185271E-01 0.1197979 0.2225691 0.2576907 0.2565539 0.2230185 0.1698154 0.1149644 0.7265048E-01 0.6146006E-01 0.5678679E-01 0.6495076E-01 0.8049733E-01 0.9939597E-01 0.1267671 0.1865666 0.2680651 0.3144096 0.2977732 0.3243901 0.3732691 0.3541529 0.3395785 0.3444829 0.3273874 0.2820490 0.2770971 0.2869569 0.3040099 0.3102742 0.2975542 0.2455624 0.1363738 0.6228173E-01 -9999.000 -9999.000 -9999.000 -9999.000 -9999.000 -9999.000 -9999.000 -9999.000 -9999.000 -9999.000 -9999.000 -9999.000 -9999.000 -9999.000 -9999.000 -9999.000 -9999.000
-9999.000 -9999.000 -9999.000 -9999.000 -9999.000 -9999.000 -9999.000 -9999.000 -9999.000 0.1714895E-01 0.1236313 0.2210901 0.2686823 0.2735224 0.2552777 0.2087844 0.1434007 0.8617780E-01 0.6671545E-01 0.7078069E-01 0.8107095E-01 0.7603066E-01 0.7299927E-01 0.9831092E-01 0.1450757 0.2043341 0.2553592 0.2808895 0.3453019 0.3177301 0.2514258 0.2666374 0.2836398 0.2160192 0.1797597 0.1582726 0.1965814 0.2194518 0.2557520 0.2665049 0.2336267 0.1701106 0.1281685 0.6990764E-01 -9999.000 -9999.000 -9999.000 -9999.000 -9999.000 -9999.000 -9999.000 -9999.000 -9999.000 -9999.000 -9999.000 -9999.000 -9999.000 -9999.000 -9999.000 -9999.000
-9999.000 -9999.000 -9999.000 -9999.000 -9999.000 -9999.000 -9999.000 -9999.000 -9999.000 -9999.000 -9999.000 0.1952821 0.2591356 0.2733417 0.2673772 0.2211275 0.1511690 0.8710833E-01 0.5933052E-01 0.5758195E-01 0.7491981E-01 0.7380962E-01 0.7568411E-01 0.1080182 0.1632349 0.2070048 0.2411328 0.2636707 0.2740777 0.2221943 0.1953629 0.3016682 0.3269459 0.2746200 0.1990948 0.1763344 0.1913304 0.2093879 0.2248803 0.2363092 0.2266438 0.1954023 0.1609588 0.1139567 -9999.000 -9999.000 -9999.000 -9999.000 -9999.000 -9999.000 -9999.000 -9999.000 -9999.000 -9999.000 -9999.000 -9999.000 -9999.000 -9999.000 -9999.000 -9999.000
-9999.000 -9999.000 -9999.000 -9999.000 -9999.000 -9999.000 -9999.000 -9999.000 -9999.000 -9999.000 -9999.000 0.1675506 0.2317196 0.2446946 0.2520722 0.2087507 0.1239946 0.8174803E-01 0.6133576E-01 0.4367665E-01 0.4825204E-01 0.6658098E-01 0.8339156E-01 0.1286041 0.2001941 0.2238688 0.2147131 0.1955455 0.2077075 0.2079809 0.2184018 0.3071972 0.3738785 0.3521253 0.2880592 0.2180198 0.2251890 0.2457810 0.2361614 0.2164562 0.2160128 0.1871419 0.1456177 0.1022295 0.5912275E-01 -9999.000 -9999.000 -9999.000 -9999.000 -9999.000 -9999.000 -9999.000 -9999.000 -9999.000 -9999.000 -9999.000 -9999.000 -9999.000 -9999.000 -9999.000
-9999.000 -9999.000 -9999.000 -9999.000 -9999.000 -9999.000 -9999.000 -9999.000 -9999.000 -9999.000 -9999.000 0.1610472 0.2120022 0.2132911 0.2284448 0.2047687 0.1461113 0.1174673 0.9169833E-01 0.6223133E-01 0.4125621E-01 0.4348344E-01 0.6592673E-01 0.1092051 0.1399071 0.1512849 0.1792097 0.1830386 0.2281123 0.2625065 0.2440667 0.2766907 0.3266336 0.3105961 0.2759012 0.2442472 0.2372291 0.2235450 0.1927979 0.2046029 0.2217892 0.2142707 0.2010560 0.1649725 0.1253739 0.9330498E-01 -9999.000 -9999.000 -9999.000 -9999.000 -9999.000 -9999.000 -9999.000 -9999.000 -9999.000 -9999.000 -9999.000 -9999.000 -9999.000 -9999.000
-9999.000 -9999.000 -9999.000 -9999.000 -9999.000 -9999.000 -9999.000 -9999.000 -9999.000 -9999.000 -9999.000 0.1140637 0.1783581 0.2098050 0.2318626 0.2283776 0.2034152 0.1772455 0.1352621 0.1069931 0.5687761E-01 0.2639027E-01 0.3880024E-01 0.6735616E-01 0.7891230E-01 0.1064579 0.1894448 0.2322680 0.2763418 0.3031563 0.2915565 0.2787970 0.2702087 0.2409505 0.2493180 0.2573835 0.2512006 0.1997808 0.1994734 0.2366132 0.2539239 0.2506139 0.2635909 0.2451222 0.2049586 0.1328377 -9999.000 -9999.000 -9999.000 -9999.000 -9999.000 -9999.000 -9999.000 -9999.000 -9999.000 -9999.000 -9999.000 -9999.000 -9999.000 -9999.000
-9999.000 -9999.000 -9999.000 -9999.000 -9999.000 -9999.000 -9999.000 -9999.000 -9999.000 -9999.000 -9999.000 -9999.000 0.1237176 0.1780688 0.2155569 0.2320404 0.2360325 0.2303532 0.1846409 0.1481300 0.9039478E-01 0.2628422E-01 0.2198373E-01 0.3351483E-01 0.5279255E-01 0.1017285 0.1808042 0.2350473 0.2758711 0.3018130 0.2896313 0.2918679 0.3014241 0.2698492 0.2662785 0.3111417 0.2732077 0.2374364 0.2694210 0.3004272 0.3003264 0.2921175 0.3120257 0.2928949 0.2497863 0.1597364 0.4973738E-01 -9999.000 -9999.000 -9999.000 -9999.000 -9999.000 -9999.000 -9999.000 -9999.000 -9999.000 -9999.000 -9999.000 -9999.000 -9999.000
-9999.000 -9999.000 -9999.000 -9999.000 -9999.000 -9999.000 -9999.000 -9999.000 -9999.000 -9999.000 -9999.000 -9999.000 0.7074580E-01 0.1233167 0.1777933 0.2145470 0.2515214 0.2612503 0.2361150 0.1984548 0.1409990 0.6844810E-01 0.3914163E-01 0.4271216E-01 0.4995055E-01 0.7873881E-01 0.1293729 0.1897389 0.2402752 0.2736554 0.2686963 0.2803482 0.2955050 0.2582969 0.2843157 0.3221572 0.2703454 0.2771101 0.3397884 0.3655331 0.3361594 0.3324923 0.3498083 0.2936867 0.2316088 0.1397273 0.4966140E-01 -9999.000 -9999.000 -9999.000 -9999.000 -9999.000 -9999.000 -9999.000 -9999.000 -9999.000 -9999.000 -9999.000 -9999.000 -9999.000
-9999.000 -9999.000 -9999.000 -9999.000 -9999.000 -9999.000 -9999.000 -9999.000 -9999.000 -9999.000 -9999.000 -9999.000 -9999.000 0.7606382E-01 0.1354791 0.1994044 0.2306881 0.2657456 0.2737043 0.2303687 0.1750219 0.1231539 0.7847961E-01 0.5268276E-01 0.4080898E-01 0.4480443E-01 0.7810111E-01 0.1491500 0.2207392 0.2616681 0.2347427 0.2239367 0.2223378 0.2343415 0.3068814 0.3311810 0.2831677 0.3060172 0.3825395 0.3989506 0.3673557 0.3317313 0.2731348 0.2083576 0.1703838 0.1264055 0.9316867E-01 0.6293343E-01 -9999.000 -9999.000 -9999.000 -9999.000 -9999.000 -9999.000 -9999.000 -9999.000 -9999.000 -9999.000 -9999.000 -9999.000
-9999.000 -9999.000 -9999.000 -9999.000 -9999.000 -9999.000 -9999.000 -9999.000 -9999.000 -9999.000 -9999.000 -9999.000 -9999.000 0.5132850E-01 0.1217960 0.1427907 0.1435037 0.1908672 0.2354178 0.2212539 0.2029342 0.1675170 0.1142289 0.7429388E-01 0.4411308E-01 0.2527553E-01 0.4107230E-01 0.1099573 0.1949507 0.2244366 0.1635014 0.1954048 0.2311533 0.2530214 0.3211981 0.3460237 0.3187804 0.3374914 0.3740585 0.3856650 0.3369134 0.2401672 0.2038604 0.1691625 0.1855802 0.2015077 0.1808975 0.1430318 0.1081505 -9999.000 -9999.000 -9999.000 -9999.000 -9999.000 -9999.000 -9999.000 -9999.000 -9999.000 -9999.000 -9999.000
-9999.000 -9999.000 -9999.000 -9999.000 -9999.000 -9999.000 -9999.000 -9999.000 -9999.000 -9999.000 -9999.000 -9999.000 -9999.000 -9999.000 0.8059431E-01 0.8615898E-01 -9999.000 0.6972321E-01 0.1305093 0.1821082 0.2231130 0.1989842 0.1667198 0.1198177 0.8131855E-01 0.5574594E-01 0.4204475E-01 0.8433787E-01 0.1589598 0.1659015 0.1385726 0.1966312 0.2520392 0.2751214 0.3110182 0.3400350 0.3363606 0.3324736 0.3438129 0.3388727 0.2865383 0.2746493 0.2510878 0.2475027 0.2730703 0.2762736 0.2666063 0.2572563 0.1847406 0.9071848E-01 -9999.000 -9999.000 -9999.000 -9999.000 -9999.000 -9999.000 -9999.000 -9999.000 -9999.000 -9999.000
-9999.000 -9999.000 -9999.000 -9999.000 -9999.000 -9999.000 -9999.000 -9999.000 -9999.000 -9999.000 -9999.000 -9999.000 -9999.000 -9999.000 -9999.000 -9999.000 0.3993311E-01 0.6536236E-01 0.8954121E-01 0.1305047 0.1853974 0.1985795 0.1735432 0.1220765 0.8028249E-01 0.5640729E-01 0.4056432E-01 0.4752321E-01 0.9040870E-01 0.1171542 0.1336946 0.1757376 0.2367647 0.2639857 0.2901604 0.3085392 0.3196861 0.3150326 0.3261094 0.3367934 0.3375715 0.3446385 0.3216326 0.3110116 0.3049616 0.3059173 0.2902432 0.2774785 0.2125197 0.1238056 -9999.000 -9999.000 -9999.000 -9999.000 -9999.000 -9999.000 -9999.000 -9999.000 -9999.000 -9999.000
-9999.000 -9999.000 -9999.000 -9999.000 -9999.000 -9999.000 -9999.000 -9999.000 -9999.000 -9999.000 -9999.000 -9999.000 -9999.000 -9999.000 -9999.000 -9999.000 0.5342780E-01 0.9829183E-01 0.1025984 0.1109100 0.1490022 0.1667501 0.1528435 0.1192054 0.7891228E-01 0.4569363E-01 0.2421206E-01 -9999.000 -9999.000 0.5737491E-01 0.1059563 0.1436585 0.1859447 0.2099384 0.2530465 0.3002517 0.3052247 0.2991984 0.3276322 0.3795016 0.3987838 0.3943823 0.3432962 0.3110693 0.3262641 0.3282172 0.2998050 0.2424597 0.1674370 0.1136644 0.5044291E-01 -9999.000 -9999.000 -9999.000 -9999.000 -9999.000 -9999.000 -9999.000 -9999.000 -9999.000
-9999.000 -9999.000 -9999.000 -9999.000 -9999.000 -9999.000 -9999.000 -9999.000 -9999.000 -9999.000 -9999.000 -9999.000 -9999.000 -9999.000 -9999.000 -9999.000 -9999.000 0.8616212E-01 0.8097394E-01 0.9630269E-01 0.1024395 0.1330287 0.1567828 0.1403189 0.1081057 0.6999164E-01 0.3235738E-01 -9999.000 -9999.000 -9999.000 0.5185940E-01 0.1044868 0.1231607 0.1353464 0.1942930 0.2568812 0.2575373 0.2583759 0.3212302 0.3913628 0.4202822 0.3935875 0.3349526 0.3082672 0.3099297 0.2744129 0.2319201 0.1781167 0.1327726 0.1140798 -9999.000 -9999.000 -9999.000 -9999.000 -9999.000 -9999.000 -9999.000 -9999.000 -9999.000 -9999.000
-9999.000 -9999.000 -9999.000 -9999.000 -9999.000 -9999.000 -9999.000 -9999.000 -9999.000 -9999.000 -9999.000 -9999.000 -9999.000 -9999.000 -9999.000 -9999.000 -9999.000 0.6366990E-01 0.1151358 0.7697582E-01 0.4861226E-01 0.8251591E-01 0.1220668 0.1259792 0.1203824 0.9828501E-01 0.4966711E-01 0.2102275E-01 -9999.000 -9999.000 -9999.000 0.6092803E-01 0.7560336E-01 0.9172603E-01 0.1358848 0.1866916 0.1998786 0.2461409 0.3298852 0.3752714 0.3780859 0.3506010 0.3094848 0.2736569 0.2583853 0.1974668 0.1599680 0.1408799 0.1451944 0.1399479 0.1098665 -9999.000 -9999.000 -9999.000 -9999.000 -9999.000 -9999.000 -9999.000 -9999.000 -9999.000
-9999.000 -9999.000 -9999.000 -9999.000 -9999.000 -9999.000 -9999.000 -9999.000 -9999.000 -9999.000 -9999.000 -9999.000 -9999.000 -9999.000 -9999.000 -9999.000 -9999.000 0.7334498E-01 0.1208387 0.6139238E-01 0.4017772E-01 0.7787900E-01 0.9815217E-01 0.9387627E-01 0.1176192 0.1020762 -9999.000 -9999.000 -9999.000 -9999.000 -9999.000 -9999.000 0.4403964E-01 0.8753707E-01 0.1466300 0.1856861 0.2164640 0.2693224 0.2984896 0.3233792 0.3131383 0.2917565 0.2736758 0.2780090 0.2526072 0.2450760 0.2252598 0.1688725 0.1704260 0.1924692 0.1662548 0.8074719E-01 -9999.000 -9999.000 -9999.000 -9999.000 -9999.000 -9999.000 -9999.000 -9999.000
-9999.000 -9999.000 -9999.000 -9999.000 -9999.000 -9999.000 -9999.000 -9999.000 -9999.000 -9999.000 -9999.000 -9999.000 -9999.000 -9999.000 -9999.000 -9999.000 -9999.000 0.1275876 0.9507878E-01 0.5456177E-01 0.8347662E-01 0.1347545 0.1430179 0.1024788 0.1095462 0.9129956E-01 0.5535611E-01 -9999.000 -9999.000 -9999.000 -9999.000 -9999.000 -9999.000 0.8520385E-01 0.1663002 0.2204921 0.2524075 0.2410142 0.2272639 0.2370044 0.2635719 0.2367667 0.2471698 0.2898713 0.2798148 0.2922560 0.2710337 0.2133308 0.1991448 0.2295941 0.2051173 0.9551667E-01 0.4295351E-01 -9999.000 -9999.000 -9999.000 -9999.000 -9999.000 -9999.000 -9999.000
-9999.000 -9999.000 -9999.000 -9999.000 -9999.000 -9999.000 -9999.000 -9999.000 -9999.000 -9999.000 -9999.000 -9999.000 -9999.000 -9999.000 -9999.000 -9999.000 0.6317018E-01 0.1274049 0.1250112 0.8681162E-01 0.1557676 0.2033490 0.1859086 0.1359966 0.1276501 0.9666710E-01 0.3446583E-01 -9999.000 -9999.000 -9999.000 -9999.000 -9999.000 -9999.000 0.7325260E-01 0.1380345 0.1779718 0.1971917 0.2028597 0.2059622 0.2171923 0.2190927 0.1927714 0.1928219 0.2699430 0.3008105 0.2906737 0.2633679 0.2276436 0.2154112 0.2248525 0.2102250 0.1110478 0.5032860E-01 -9999.000 -9999.000 -9999.000 -9999.000 -9999.000 -9999.000 -9999.000
-9999.000 -9999.000 -9999.000 -9999.000 -9999.000 -9999.000 -9999.000 -9999.000 -9999.000 -9999.000 -9999.000 -9999.000 -9999.000 -9999.000 -9999.000 -9999.000 -9999.000 0.7911473E-01 0.9789589E-01 0.1017804 0.1526496 0.1818655 0.1697543 0.1807552 0.1799428 0.1267175 0.4992816E-01 -9999.000 -9999.000 -9999.000 -9999.000 -9999.000 -9999.000 0.4558019E-01 0.7602343E-01 0.8246171E-01 0.1236445 0.1672853 0.2103602 0.2147606 0.2174658 0.2053764 0.1973570 0.2488450 0.2825854 0.2878429 0.2725574 0.2330551 0.2317831 0.2435254 0.1970962 0.1317789 0.9789819E-01 0.3716500E-01 -9999.000 -9999.000 -9999.000 -9999.000 -9999.000 -9999.000
-9999.000 -9999.000 -9999.000 -9999.000 -9999.000 -9999.000 -9999.000 -9999.000 -9999.000 -9999.000 -9999.000 -9999.000 -9999.000 -9999.000 -9999.000 -9999.000 -9999.000 -9999.000 0.6663088E-01 0.8063728E-01 0.1136236 0.1256379 0.1337246 0.1821070 0.2062999 0.1565685 0.9047577E-01 0.3917049E-01 -9999.000 -9999.000 -9999.000 -9999.000 -9999.000 -9999.000 0.6579063E-01 0.8760944E-01 0.1126123 0.1488792 0.1749358 0.1879211 0.2215238 0.2536396 0.2564014 0.2614149 0.2522513 0.2784450 0.2604505 0.2334429 0.2607218 0.2835886 0.2372782 0.2007377 0.1771257 0.1071950 -9999.000 -9999.000 -9999.000 -9999.000 -9999.000 -9999.000
-9999.000 -9999.000 -9999.000 -9999.000 -9999.000 -9999.000 -9999.000 -9999.000 -9999.000 -9999.000 -9999.000 -9999.000 -9999.000 -9999.000 -9999.000 -9999.000 -9999.000 -9999.000 0.7891547E-01 0.6063839E-01 0.6052040E-01 0.8906498E-01 0.1170527 0.1624906 0.2002952 0.1750680 0.1255528 0.6199448E-01 0.2657609E-01 -9999.000 -9999.000 -9999.000 -9999.000 -9999.000 0.6528729E-01 0.9569145E-01 0.1210071 0.1428318 0.1610793 0.1726760 0.1927748 0.2336693 0.2488520 0.2319288 0.2151901 0.1987429 0.1880629 0.2091424 0.2816511 0.3222468 0.2900340 0.2618844 0.2225231 0.1936140 0.1686562 -9999.000 -9999.000 -9999.000 -9999.000 -9999.000
-9999.000 -9999.000 -9999.000 -9999.000 -9999.000 -9999.000 -9999.000 -9999.000 -9999.000 -9999.000 -9999.000 -9999.000 -9999.000 -9999.000 -9999.000 -9999.000 -9999.000 -9999.000 0.4709302E-01 -9999.000 0.3366834E-01 0.1114842 0.1625538 0.1900934 0.1777184 0.1414500 0.1138452 0.7716346E-01 0.3704610E-01 -9999.000 -9999.000 -9999.000 -9999.000 -9999.000 -9999.000 -9999.000 0.8974450E-01 0.1270766 0.1660019 0.1797758 0.1933731 0.2205956 0.2406741 0.1924432 0.1272120 0.9331795E-01 0.1155217 0.2052612 0.2966193 0.3419321 0.2904735 0.2549696 0.2245022 0.2091664 0.1601156 0.8054993E-01 -9999.000 -9999.000 -9999.000 -9999.000
-9999.000 -9999.000 -9999.000 -9999.000 -9999.000 -9999.000 -9999.000 -9999.000 -9999.000 -9999.000 -9999.000 -9999.000 -9999.000 -9999.000 -9999.000 -9999.000 -9999.000 -9999.000 0.1560854E-01 0.2226256E-01 0.4301714E-01 0.1342510 0.2151165 0.2299059 0.1852479 0.1482587 0.1184584 0.9350368E-01 0.5026771E-01 -9999.000 -9999.000 -9999.000 -9999.000 -9999.000 -9999.000 0.3448944E-01 0.7126221E-01 0.1214859 0.1651990 0.1929792 0.2304661 0.2402523 0.2434164 0.1970983 0.1492863 0.1446324 0.1716186 0.2394258 0.2805744 0.2615029 0.2355604 0.2525638 0.2463031 0.1983654 0.1614418 0.1119846 0.4602449E-01 -9999.000 -9999.000 -9999.000
-9999.000 -9999.000 -9999.000 -9999.000 -9999.000 -9999.000 -9999.000 -9999.000 -9999.000 -9999.000 -9999.000 -9999.000 -9999.000 -9999.000 -9999.000 -9999.000 -9999.000 -9999.000 0.1262107E-01 0.2761219E-01 0.5969170E-01 0.1475714 0.2284900 0.2199856 0.1833981 0.1452346 0.1167508 0.9639216E-01 0.6461196E-01 -9999.000 -9999.000 -9999.000 -9999.000 -9999.000 -9999.000 -9999.000 0.5464235E-01 0.1188475 0.1811468 0.2273153 0.2822468 0.2982289 0.2624730 0.2224881 0.2309758 0.3153566 0.3655437 0.3461983 0.2945497 0.2392647 0.2562528 0.3113391 0.3018620 0.2178032 0.1845960 0.1689159 0.9710394E-01 -9999.000 -9999.000 -9999.000
