simulation_files/asc/Depth____38.0.asc
NCOLS       411
NROWS       131
XLLCENTER    2538020.000000
YLLCENTER    1152390.000000
CELLSIZE           1.000
NODATA_VALUE     -9999.0
[rows 0 to 25 of 131, columns 300 to 359 of 411]
-9999.000 -9999.000 -9999.000 -9999.000 -9999.000 -9999.000 -9999.000 -9999.000 -9999.000 -9999.000 -9999.000 -9999.000 -9999.000 -9999.000 -9999.000 -9999.000 -9999.000 -9999.000 -9999.000 -9999.000 -9999.000 -9999.000 -9999.000 -9999.000 -9999.000 -9999.000 -9999.000 -9999.000 -9999.000 -9999.000 -9999.000 -9999.000 -9999.000 -9999.000 -9999.000 -9999.000 -9999.000 -9999.000 -9999.000 -9999.000 -9999.000 -9999.000 -9999.000 -9999.000 -9999.000 -9999.000 -9999.000 -9999.000 -9999.000 -9999.000 -9999.000 -9999.000 -9999.000 -9999.000 -9999.000 -9999.000 -9999.000 -9999.000 -9999.000 -9999.000
-9999.000 -9999.000 -9999.000 -9999.000 -9999.000 -9999.000 -9999.000 -9999.000 -9999.000 -9999.000 -9999.000 -9999.000 -9999.000 -9999.000 -9999.000 -9999.000 -9999.000 -9999.000 -9999.000 -9999.000 -9999.000 -9999.000 -9999.000 -9999.000 -9999.000 -9999.000 -9999.000 -9999.000 -9999.000 -9999.000 -9999.000 -9999.000 -9999.000 -9999.000 -9999.000 -9999.000 -9999.000 -9999.000 -9999.000 -9999.000 -9999.000 -9999.000 -9999.000 -9999.000 -9999.000 -9999.000 -9999.000 -9999.000 -9999.000 -9999.000 -9999.000 -9999.000 -9999.000 -9999.000 -9999.000 -9999.000 -9999.000 -9999.000 -9999.000 -9999.000
-9999.000 -9999.000 -9999.000 -9999.000 -9999.000 -9999.000 -9999.000 -9999.000 -9999.000 -9999.000 -9999.000 -9999.000 -9999.000 -9999.000 -9999.000 -9999.000 -9999.000 -9999.000 -9999.000 -9999.000 -9999.000 -9999.000 -9999.000 -9999.000 -9999.000 -9999.000 -9999.000 -9999.000 -9999.000 -9999.000 -9999.000 -9999.000 -9999.000 -9999.000 -9999.000 -9999.000 -9999.000 -9999.000 -9999.000 -9999.000 -9999.000 -9999.000 -9999.000 -9999.000 -9999.000 -9999.000 -9999.000 -9999.000 -9999.000 -9999.000 -9999.000 -9999.000 -9999.000 -9999.000 -9999.000 -9999.000 -9999.000 -9999.000 -9999.000 -9999.000
-9999.000 -9999.000 -9999.000 -9999.000 -9999.000 -9999.000 -9999.000 -9999.000 -9999.000 -9999.000 -9999.000 -9999.000 -9999.000 -9999.000 -9999.000 -9999.000 -9999.000 -9999.000 -9999.000 -9999.000 -9999.000 -9999.000 -9999.000 -9999.000 -9999.000 -9999.000 -9999.000 -9999.000 -9999.000 -9999.000 -9999.000 -9999.000 -9999.000 -9999.000 -9999.000 -9999.000 -9999.000 -9999.000 -9999.000 -9999.000 -9999.000 -9999.000 -9999.000 -9999.000 -9999.000 -9999.000 -9999.000 -9999.000 -9999.000 -9999.000 -9999.000 -9999.000 -9999.000 -9999.000 -9999.000 -9999.000 -9999.000 -9999.000 -9999.000 -9999.000
-9999.000 -9999.000 -9999.000 -9999.000 -9999.000 -9999.000 -9999.000 -9999.000 -9999.000 -9999.000 -9999.000 -9999.000 -9999.000 -9999.000 -9999.000 -9999.000 -9999.000 -9999.000 -9999.000 -9999.000 -9999.000 -9999.000 -9999.000 -9999.000 -9999.000 -9999.000 -9999.000 -9999.000 -9999.000 -9999.000 -9999.000 -9999.000 -9999.000 -9999.000 -9999.000 -9999.000 -9999.000 -9999.000 -9999.000 -9999.000 -9999.000 -9999.000 -9999.000 -9999.000 -9999.000 -9999.000 -9999.000 -9999.000 -9999.000 -9999.000 -9999.000 -9999.000 -9999.000 -9999.000 -9999.000 -9999.000 -9999.000 -9999.000 -9999.000 -9999.000
-9999.000 -9999.000 -9999.000 -9999.000 -9999.000 -9999.000 -9999.000 -9999.000 -9999.000 -9999.000 -9999.000 -9999.000 -9999.000 -9999.000 -9999.000 -9999.000 -9999.000 -9999.000 -9999.000 -9999.000 -9999.000 -9999.000 -9999.000 -9999.000 -9999.000 -9999.000 -9999.000 -9999.000 -9999.000 -9999.000 -9999.000 -9999.000 -9999.000 -9999.000 -9999.000 -9999.000 -9999.000 -9999.000 -9999.000 -9999.000 -9999.000 -9999.000 -9999.000 -9999.000 -9999.000 -9999.000 -9999.000 -9999.000 -9999.000 -9999.000 -9999.000 -9999.000 -9999.000 -9999.000 -9999.000 -9999.000 -9999.000 -9999.000 -9999.000 -9999.000
-9999.000 -9999.000 -9999.000 -9999.000 -9999.000 -9999.000 -9999.000 -9999.000 -9999.000 -9999.000 -9999.000 -9999.000 -9999.000 -9999.000 -9999.000 -9999.000 -9999.000 -9999.000 -9999.000 -9999.000 -9999.000 -9999.000 -9999.000 -9999.000 -9999.000 -9999.000 -9999.000 -9999.000 -9999.000 -9999.000 -9999.000 -9999.000 -9999.000 -9999.000 -9999.000 -9999.000 -9999.000 -9999.000 -9999.000 -9999.000 -9999.000 -9999.000 -9999.000 -9999.000 -9999.000 -9999.000 -9999.000 -9999.000 -9999.000 -9999.000 -9999.000 -9999.000 -9999.000 -9999.000 -9999.000 -9999.000 -9999.000 -9999.000 -9999.000 -9999.000
-9999.000 -9999.000 -9999.000 -9999.000 -9999.000 -9999.000 -9999.000 -9999.000 -9999.000 -9999.000 -9999.000 -9999.000 -9999.000 -9999.000 -9999.000 -9999.000 -9999.000 -9999.000 -9999.000 -9999.000 -9999.000 -9999.000 -9999.000 -9999.000 -9999.000 -9999.000 -9999.000 -9999.000 -9999.000 -9999.000 -9999.000 -9999.000 -9999.000 -9999.000 -9999.000 -9999.000 -9999.000 -9999.000 -9999.000 -9999.000 -9999.000 -9999.000 -9999.000 -9999.000 -9999.000 -9999.000 -9999.000 -9999.000 -9999.000 -9999.000 -9999.000 -9999.000 -9999.000 -9999.000 -9999.000 -9999.000 -9999.000 -9999.000 -9999.000 -9999.000
-9999.000 -9999.000 -9999.000 -9999.000 -9999.000 -9999.000 -9999.000 -9999.000 -9999.000 -9999.000 -9999.000 -9999.000 -9999.000 -9999.000 -9999.000 -9999.000 -9999.000 -9999.000 -9999.000 -9999.000 -9999.000 -9999.000 -9999.000 -9999.000 -9999.000 -9999.000 -9999.000 -9999.000 -9999.000 -9999.000 -9999.000 -9999.000 -9999.000 -9999.000 -9999.000 -9999.000 -9999.000 -9999.000 -9999.000 -9999.000 -9999.000 -9999.000 -9999.000 -9999.000 -9999.000 -9999.000 -9999.000 -9999.000 -9999.000 -9999.000 -9999.000 -9999.000 -9999.000 -9999.000 -9999.000 -9999.000 -9999.000 -9999.000 -9999.000 -9999.000
-9999.000 -9999.000 -9999.000 -9999.000 -9999.000 -9999.000 -9999.000 -9999.000 -9999.000 -9999.000 -9999.000 -9999.000 -9999.000 -9999.000 -9999.000 -9999.000 -9999.000 -9999.000 -9999.000 -9999.000 -9999.000 -9999.000 -9999.000 -9999.000 -9999.000 -9999.000 -9999.000 -9999.000 -9999.000 -9999.000 -9999.000 -9999.000 -9999.000 -9999.000 -9999.000 -9999.000 -9999.000 -9999.000 -9999.000 -9999.000 -9999.000 -9999.000 -9999.000 -9999.000 -9999.000 -9999.000 -9999.000 -9999.000 -9999.000 -9999.000 -9999.000 -9999.000 -9999.000 -9999.000 -9999.000 -9999.000 -9999.000 -9999.000 -9999.000 -9999.000
0.6666535E-01 0.6162667E-01 0.5380380E-01 0.4722289E-01 0.4026793E-01 -9999.000 -9999.000 -9999.000 -9999.000 -9999.000 -9999.000 -9999.000 -9999.000 -9999.000 -9999.000 -9999.000 -9999.000 0.4666946E-01 0.7199206E-01 0.7112196E-01 0.8082341E-01 0.8284664E-01 0.7733912E-01 0.8114261E-01 0.8895743E-01 0.1051382 0.1259622 0.1444048 0.1712300 0.1867425 0.1819802 0.1782551 0.1794349 0.1796990 0.1804296 0.1825635 0.1871506 0.1944580 0.1991394 0.2009786 0.2008983 0.1983342 0.1964081 0.1929620 0.1838236 0.1695358 0.1522973 0.1369737 0.1178559 0.1045720 0.9314051E-01 0.8501338E-01 0.8855364E-01 0.6349158E-01 0.3689815E-01 0.2290376E-01 0.2071726E-01 0.2458671E-01 0.3003456E-01 0.4310821E-01
0.1842154 0.1667680 0.1437948 0.1233999 0.1152016 0.1006047 0.8845161E-01 0.8343231E-01 0.7642784E-01 0.7023914E-01 0.6255502E-01 0.5888497E-01 0.7138625E-01 -9999.000 0.1001280 0.9653185E-01 0.1069048 0.1100517 0.1162193 0.1200990 0.1219194 0.1293799 0.1333436 0.1283472 0.1310838 0.1479636 0.1720655 0.1839713 0.1872582 0.1927537 0.1945759 0.1920064 0.1922383 0.1942666 0.1956909 0.1965335 0.1994495 0.2030918 0.2054470 0.2061504 0.2053377 0.2019159 0.1971311 0.1902945 0.1795315 0.1650450 0.1503788 0.1356733 0.1195630 0.1076939 0.9863696E-01 0.9160569E-01 0.8395646E-01 0.7805829E-01 0.6234079E-01 0.4659482E-01 0.3346514E-01 0.2858429E-01 0.3035778E-01 0.3745533E-01
0.3067731 0.2810572 0.2522621 0.2332454 0.2196674 0.2031451 0.1944356 0.1878019 0.1815294 0.1795245 0.1887391 0.1878736 0.1932288 0.2000571 0.2207896 0.2301064 0.2253898 0.2173234 0.2207782 0.2240210 0.2265648 0.2323887 0.2334391 0.2282876 0.2291395 0.2471118 0.2509068 0.2470516 0.2356740 0.2324905 0.2285400 0.2240056 0.2274685 0.2308858 0.2329039 0.2337466 0.2375956 0.2351544 0.2318785 0.2293903 0.2278238 0.2233294 0.2159983 0.2102300 0.2008354 0.1888191 0.1789496 0.1700149 0.1586606 0.1492194 0.1429145 0.1328021 0.1241302 0.1169153 0.1106583 0.9741103E-01 0.7513826E-01 0.6672751E-01 0.6038869E-01 0.6772638E-01
0.3622872 0.3459597 0.3304432 0.3254997 0.3128101 0.3053777 0.3076824 0.2950181 0.2849563 0.2835101 0.2928829 0.2954759 0.2989251 0.3029531 0.3029200 0.3019530 0.2965120 0.2975133 0.3051062 0.3094247 0.3115676 0.3160869 0.3222365 0.3230879 0.3251473 0.3215212 0.3098509 0.2970984 0.2892615 0.2832246 0.2761272 0.2718484 0.2778833 0.2807752 0.2818378 0.2845196 0.2823087 0.2739567 0.2670301 0.2634779 0.2579727 0.2532891 0.2502470 0.2460277 0.2402769 0.2332872 0.2325887 0.2252643 0.2167451 0.2114671 0.2059760 0.1970111 0.1891925 0.1897147 0.1811391 0.1715226 0.1625150 0.1657107 0.1505807 0.1736084
0.4149679 0.4139859 0.4117009 0.4137516 0.4077943 0.4012887 0.4016609 0.3895093 0.3709705 0.3623596 0.3537041 0.3481730 0.3440569 0.3391369 0.3371687 0.3352434 0.3368533 0.3435919 0.3514365 0.3585645 0.3648519 0.3742617 0.3765941 0.3773311 0.3741979 0.3672648 0.3542216 0.3421083 0.3374255 0.3305068 0.3247053 0.3216328 0.3254827 0.3246935 0.3231892 0.3210232 0.3151583 0.3084656 0.3014762 0.2974782 0.2907481 0.2854471 0.2839631 0.2832769 0.2803879 0.2802709 0.2795058 0.2767487 0.2713989 0.2694024 0.2660203 0.2595434 0.2597205 0.2596275 0.2587651 0.2594180 0.2697748 0.2855352 0.2895748 0.3010123
0.4700040 0.4776962 0.4835037 0.4899081 0.4843335 0.4793519 0.4772039 0.4667133 0.4531639 0.4314914 0.4104313 0.3967619 0.3812434 0.3738960 0.3733834 0.3741768 0.3791621 0.3856814 0.3928485 0.3981322 0.4061334 0.4095821 0.4087333 0.4062390 0.4057213 0.4038788 0.3971028 0.3927160 0.3857902 0.3771446 0.3681485 0.3660873 0.3636157 0.3598837 0.3540751 0.3519089 0.3474776 0.3414480 0.3387349 0.3328129 0.3271195 0.3214687 0.3212785 0.3186944 0.3165102 0.3164712 0.3194697 0.3200404 0.3203617 0.3257226 0.3256526 0.3236810 0.3235225 0.3334654 0.3385252 0.3468650 0.3650485 0.3734644 0.3765118 0.3728178
0.5098794 0.5156294 0.5196479 0.5226905 0.5237913 0.5242629 0.5266442 0.5261347 0.5254314 0.5195572 0.5093879 0.4903415 0.4662198 0.4537386 0.4397620 0.4329802 0.4350874 0.4439319 0.4456633 0.4456433 0.4451528 0.4467383 0.4423298 0.4372060 0.4397216 0.4405390 0.4382505 0.4323202 0.4284225 0.4209420 0.4125850 0.4084536 0.4039028 0.3984929 0.3933283 0.3912942 0.3866866 0.3813415 0.3809898 0.3774180 0.3728467 0.3702174 0.3703903 0.3671479 0.3652141 0.3668082 0.3711339 0.3730700 0.3798528 0.3879703 0.3929339 0.3972925 0.4061881 0.4153524 0.4209514 0.4264871 0.4354373 0.4390450 0.4366007 0.4383966
0.5040583 0.5086120 0.5123410 0.5216191 0.5319689 0.5404358 0.5502549 0.5598339 0.5693423 0.5783252 0.5834357 0.5786657 0.5643269 0.5485931 0.5250604 0.5025357 0.4920655 0.4878051 0.4838068 0.4806012 0.4777306 0.4751035 0.4707321 0.4660953 0.4624014 0.4593994 0.4561806 0.4517068 0.4486907 0.4465449 0.4431899 0.4412422 0.4390045 0.4347810 0.4346637 0.4320089 0.4276570 0.4246956 0.4263874 0.4261139 0.4236458 0.4284738 0.4274227 0.4268631 0.4266866 0.4369210 0.4375363 0.4397503 0.4466013 0.4601377 0.4672531 0.4754021 0.4881233 0.4923212 0.4960776 0.4992048 0.5067155 0.5071013 0.5085241 0.5193670
0.4713706 0.4767587 0.4837652 0.4965355 0.5116585 0.5249590 0.5408617 0.5574514 0.5728532 0.5857449 0.5989686 0.6097670 0.6138111 0.6113545 0.5917389 0.5597209 0.5280601 0.4995569 0.4850386 0.4785425 0.4705535 0.4664847 0.4635318 0.4603708 0.4535618 0.4501436 0.4494963 0.4478388 0.4488920 0.4506854 0.4511412 0.4509659 0.4502408 0.4486401 0.4489463 0.4487702 0.4480086 0.4493040 0.4525105 0.4552964 0.4583901 0.4636179 0.4691697 0.4727640 0.4776834 0.4837249 0.4887363 0.4941157 0.5028763 0.5114229 0.5187349 0.5276090 0.5375708 0.5445885 0.5507933 0.5602766 0.5677984 0.5750219 0.5841856 0.6017623
0.4337596 0.4415117 0.4488783 0.4615201 0.4750379 0.4884647 0.5064462 0.5251487 0.5417283 0.5563546 0.5726561 0.5881830 0.6001094 0.6073802 0.6066071 0.5902088 0.5573348 0.5167158 0.4788959 0.4552635 0.4412488 0.4354175 0.4328214 0.4290771 0.4279737 0.4285872 0.4297189 0.4299230 0.4321607 0.4345205 0.4341328 0.4349369 0.4345681 0.4349559 0.4338509 0.4358239 0.4392464 0.4432477 0.4497592 0.4561650 0.4634569 0.4680227 0.4746283 0.4812555 0.4866621 0.4938023 0.5011953 0.5083707 0.5150863 0.5230207 0.5315705 0.5413622 0.5527158 0.5642300 0.5765062 0.5906816 0.6041041 0.6175250 0.6322291 0.6457627
0.4042004 0.4121472 0.4189160 0.4297052 0.4414226 0.4512745 0.4662547 0.4831304 0.4954460 0.5125457 0.5279662 0.5439005 0.5544501 0.5670467 0.5769910 0.5813685 0.5719789 0.5460051 0.5024082 0.4588298 0.4280745 0.4095486 0.4028690 0.4002105 0.4017939 0.4038128 0.4053746 0.4057189 0.4077499 0.4086210 0.4089930 0.4109821 0.4121607 0.4120191 0.4124154 0.4157700 0.4204286 0.4249360 0.4300433 0.4366630 0.4421170 0.4486660 0.4563209 0.4645684 0.4711644 0.4786303 0.4869719 0.4950904 0.5024751 0.5124357 0.5238954 0.5362113 0.5503378 0.5646856 0.5791952 0.5943713 0.6096116 0.6242509 0.6371301 0.6477613
0.3914488 0.3978653 0.4043298 0.4120245 0.4194723 0.4272810 0.4376987 0.4489602 0.4610542 0.4750742 0.4889536 0.5029213 0.5150140 0.5277691 0.5413134 0.5517839 0.5606699 0.5621523 0.5474456 0.5187815 0.4725832 0.4261512 0.3986507 0.3880617 0.3867150 0.3874040 0.3875972 0.3891779 0.3910099 0.3930390 0.3944377 0.3972510 0.3990768 0.4008869 0.4022710 0.4040410 0.4072040 0.4106056 0.4142425 0.4193276 0.4239761 0.4306539 0.4380077 0.4459578 0.4532431 0.4616897 0.4705696 0.4800201 0.4899186 0.5016543 0.5136586 0.5260737 0.5397572 0.5534216 0.5664008 0.5792579 0.5933019 0.6059962 0.6163014 0.6254531
0.3955858 0.3999941 0.4047596 0.4101651 0.4151749 0.4209307 0.4274889 0.4352454 0.4437762 0.4540583 0.4648238 0.4769317 0.4899615 0.5059712 0.5226449 0.5387765 0.5550881 0.5697994 0.5802747 0.5817716 0.5588576 0.5111477 0.4590191 0.4183347 0.3961673 0.3907820 0.3907086 0.3914445 0.3927214 0.3960840 0.3998764 0.4024480 0.4054171 0.4088050 0.4099792 0.4111531 0.4143414 0.4164005 0.4175914 0.4199300 0.4238215 0.4289571 0.4352046 0.4421151 0.4495687 0.4575548 0.4664598 0.4761749 0.4862614 0.4965825 0.5072498 0.5174612 0.5284657 0.5406953 0.5537120 0.5654046 0.5786845 0.5890812 0.5955714 0.6009322
0.4062320 0.4087164 0.4109796 0.4137864 0.4172470 0.4210604 0.4256964 0.4311497 0.4375929 0.4441648 0.4519821 0.4611531 0.4736123 0.4900550 0.5099163 0.5300716 0.5516079 0.5734195 0.5941669 0.6134527 0.6270176 0.6230677 0.5966277 0.5358439 0.4676833 0.4261253 0.4170107 0.4127205 0.4125513 0.4165988 0.4188720 0.4214647 0.4239067 0.4291796 0.4315841 0.4333969 0.4389089 0.4404652 0.4421821 0.4441768 0.4491056 0.4502292 0.4529410 0.4581146 0.4646618 0.4717677 0.4802960 0.4902347 0.4986301 0.5069922 0.5164363 0.5269466 0.5364494 0.5459383 0.5559480 0.5646677 0.5725150 0.5788481 0.5834351 0.5869888
0.4114669 0.4109764 0.4117812 0.4133034 0.4143508 0.4168018 0.4210132 0.4259771 0.4294529 0.4351771 0.4413625 0.4495271 0.4588811 0.4722340 0.4894330 0.5081120 0.5322156 0.5586170 0.5858151 0.6136626 0.6412453 0.6628401 0.6753164 0.6600069 0.6048510 0.5332408 0.4773197 0.4465879 0.4398661 0.4413066 0.4421784 0.4448500 0.4481842 0.4524888 0.4561438 0.4593202 0.4656970 0.4696555 0.4733420 0.4794119 0.4835441 0.4836380 0.4840822 0.4890727 0.4931437 0.4975542 0.5045543 0.5108571 0.5167846 0.5227563 0.5307363 0.5382559 0.5452854 0.5517457 0.5574111 0.5634200 0.5695984 0.5738145 0.5786362 0.5834778
0.3900438 0.3873422 0.3887464 0.3897174 0.3871904 0.3901731 0.3954130 0.3987002 0.4025640 0.4095651 0.4170020 0.4236183 0.4323680 0.4431644 0.4530330 0.4682541 0.4893098 0.5148303 0.5360402 0.5674511 0.6046413 0.6348310 0.6668931 0.6946933 0.6960342 0.6662651 0.5994765 0.5262843 0.4790297 0.4657303 0.4629746 0.4634382 0.4672048 0.4703827 0.4742072 0.4783668 0.4846769 0.4898508 0.4952041 0.5015199 0.5085070 0.5115389 0.5129459 0.5152904 0.5172963 0.5191196 0.5210445 0.5233174 0.5264573 0.5291965 0.5324093 0.5363191 0.5405249 0.5434709 0.5460756 0.5505932 0.5562720 0.5607331 0.5691412 0.5780930
