simulation_files/asc/Depth____163.0.asc
NCOLS       411
NROWS       131
XLLCENTER    2538020.000000
YLLCENTER    1152390.000000
CELLSIZE           1.000
NODATA_VALUE     -9999.0
[rows 0 to 26 of 131, columns 236 to 294 of 411]
-9999.000 -9999.000 -9999.000 -9999.000 -9999.000 -9999.000 -9999.000 -9999.000 -9999.000 -9999.000 -9999.000 -9999.000 -9999.000 -9999.000 -9999.000 -9999.000 -9999.000 -9999.000 -9999.000 -9999.000 -9999.000 -9999.000 -9999.000 -9999.000 -9999.000 -9999.000 -9999.000 -9999.000 -9999.000 -9999.000 -9999.000 -9999.000 -9999.000 -9999.000 -9999.000 -9999.000 -9999.000 -9999.000 -9999.000 -9999.000 -9999.000 -9999.000 -9999.000 -9999.000 -9999.000 -9999.000 -9999.000 -9999.000 -9999.000 -9999.000 -9999.000 -9999.000 -9999.000 -9999.000 -9999.000 -9999.000 -9999.000 -9999.000 -9999.000
0.4610308E-01 -9999.000 -9999.000 -9999.000 -9999.000 -9999.000 -9999.000 -9999.000 -9999.000 -9999.000 -9999.000 -9999.000 -9999.000 -9999.000 -9999.000 -9999.000 -9999.000 -9999.000 -9999.000 -9999.000 -9999.000 -9999.000 -9999.000 -9999.000 -9999.000 -9999.000 -9999.000 -9999.000 -9999.000 -9999.000 -9999.000 -9999.000 -9999.000 -9999.000 -9999.000 -9999.000 -9999.000 -9999.000 -9999.000 -9999.000 -9999.000 -9999.000 -9999.000 -9999.000 -9999.000 -9999.000 -9999.000 -9999.000 -9999.000 -9999.000 -9999.000 -9999.000 -9999.000 -9999.000 -9999.000 -9999.000 -9999.000 -9999.000 -9999.000
0.1571497 0.5417847E-01 -9999.000 -9999.000 -9999.000 -9999.000 -9999.000 -9999.000 -9999.000 -9999.000 -9999.000 -9999.000 -9999.000 -9999.000 -9999.000 -9999.000 -9999.000 -9999.000 0.5881644E-01 0.8443293E-01 0.9124622E-01 0.1062927 0.1029471 0.9779791E-01 0.6792874E-01 -9999.000 -9999.000 -9999.000 -9999.000 -9999.000 -9999.000 -9999.000 -9999.000 -9999.000 -9999.000 -9999.000 -9999.000 -9999.000 -9999.000 -9999.000 -9999.000 -9999.000 -9999.000 -9999.000 -9999.000 -9999.000 -9999.000 -9999.000 -9999.000 -9999.000 -9999.000 -9999.000 -9999.000 -9999.000 -9999.000 -9999.000 -9999.000 -9999.000 -9999.000
0.3374792 0.1949437 0.1133180 -9999.000 -9999.000 -9999.000 -9999.000 -9999.000 -9999.000 -9999.000 -9999.000 -9999.000 -9999.000 -9999.000 -9999.000 0.1262131 0.1441323 0.1549403 0.1790840 0.2296312 0.2624342 0.2807627 0.2836402 0.2712660 0.2339626 0.1522551 -9999.000 -9999.000 -9999.000 -9999.000 -9999.000 -9999.000 -9999.000 -9999.000 -9999.000 -9999.000 -9999.000 -9999.000 -9999.000 -9999.000 -9999.000 -9999.000 -9999.000 -9999.000 -9999.000 -9999.000 -9999.000 -9999.000 -9999.000 -9999.000 -9999.000 -9999.000 -9999.000 -9999.000 -9999.000 -9999.000 -9999.000 -9999.000 -9999.000
0.6141925 0.4954331 0.3609745 0.2790762 0.1877466 0.1194561 -9999.000 -9999.000 -9999.000 -9999.000 0.1200063 0.1532241 0.1841407 0.1921968 0.2995297 0.3111259 0.3039254 0.3359043 0.3751263 0.4339172 0.4702158 0.4910123 0.4797623 0.4651789 0.4248942 0.3151737 0.1964489 0.1191702 -9999.000 -9999.000 -9999.000 0.1092180 0.1350707 0.1307328 0.1067249 0.7367046E-01 -9999.000 -9999.000 -9999.000 -9999.000 -9999.000 -9999.000 -9999.000 -9999.000 -9999.000 -9999.000 -9999.000 -9999.000 -9999.000 -9999.000 -9999.000 -9999.000 -9999.000 -9999.000 -9999.000 -9999.000 -9999.000 -9999.000 -9999.000
0.9345522 0.8233134 0.7114354 0.6184950 0.5016819 0.3996950 0.3242110 0.2388298 0.2240967 0.3002536 0.3578620 0.4043430 0.4667101 0.5651296 0.6269705 0.6214302 0.5835046 0.5770816 0.5944934 0.6348568 0.6840881 0.6867686 0.6719813 0.6550034 0.6187134 0.5094377 0.3808343 0.3117102 0.2696626 0.2521654 0.2568516 0.3103242 0.3341918 0.3178466 0.2539958 0.1773200 0.1183990 0.6934297E-01 0.6438540E-01 0.5978206E-01 0.5128511E-01 -9999.000 -9999.000 -9999.000 -9999.000 -9999.000 -9999.000 -9999.000 -9999.000 -9999.000 -9999.000 -9999.000 -9999.000 -9999.000 -9999.000 -9999.000 -9999.000 -9999.000 -9999.000
1.264226 1.155422 1.043979 0.9718546 0.8460935 0.7480748 0.6907457 0.5945485 0.5699566 0.7040063 0.7682246 0.7993040 0.8525798 0.9452785 0.9697740 0.9417638 0.8845074 0.8514126 0.8289622 0.8446068 0.8775409 0.8779903 0.8620021 0.8516460 0.8097016 0.7101037 0.6052406 0.5496065 0.5317488 0.5163393 0.5301093 0.5603709 0.5620598 0.5210640 0.4504667 0.3512639 0.2510246 0.1952005 0.1914325 0.1835286 0.1625214 0.1323190 0.8172588E-01 -9999.000 -9999.000 -9999.000 -9999.000 -9999.000 -9999.000 -9999.000 -9999.000 -9999.000 -9999.000 -9999.000 -9999.000 -9999.000 -9999.000 -9999.000 -9999.000
1.584511 1.477038 1.387906 1.295401 1.187064 1.086533 1.002321 0.9390567 0.9426121 1.069405 1.123425 1.155392 1.207516 1.267227 1.270868 1.227161 1.175105 1.106611 1.063981 1.054211 1.075955 1.061547 1.043440 1.050397 1.002504 0.9152425 0.8327087 0.8210291 0.8075460 0.7929872 0.7818788 0.8082394 0.7871723 0.7235544 0.6385703 0.5245214 0.4243066 0.3676443 0.3658472 0.3538882 0.3225282 0.2769572 0.2153833 0.1720021 0.1304606 0.1081465 -9999.000 -9999.000 -9999.000 -9999.000 -9999.000 -9999.000 -9999.000 -9999.000 -9999.000 -9999.000 -9999.000 -9999.000 -9999.000
1.823413 1.722056 1.641073 1.540798 1.440207 1.339589 1.255667 1.202759 1.194839 1.289575 1.335463 1.394444 1.448482 1.481047 1.468593 1.429315 1.374496 1.311318 1.265336 1.247815 1.237437 1.214578 1.194735 1.184044 1.158970 1.107089 1.073837 1.063419 1.056350 1.043433 1.044708 1.031122 0.9840009 0.9051518 0.8113894 0.6979642 0.6009673 0.5581040 0.5392569 0.5232470 0.4845396 0.4418161 0.3816122 0.3259875 0.2937296 0.2419979 0.1967628 0.1640368 0.1403902 0.1150701 0.8151492E-01 -9999.000 -9999.000 -9999.000 -9999.000 -9999.000 -9999.000 -9999.000 -9999.000
1.924991 1.845341 1.762822 1.674096 1.580881 1.494095 1.407471 1.342786 1.333280 1.378399 1.437764 1.515087 1.579437 1.593052 1.569977 1.527880 1.484975 1.432943 1.388699 1.361617 1.334116 1.309429 1.290740 1.289325 1.278003 1.254226 1.242474 1.240281 1.237664 1.229968 1.230523 1.204375 1.151597 1.072135 0.9905677 0.8853998 0.7956514 0.7492531 0.7155481 0.6944487 0.6606720 0.6215260 0.5619044 0.4998261 0.4481822 0.4070468 0.3580026 0.3238355 0.2814850 0.2221996 0.1623301 0.1045203 0.4264302E-01 -9999.000 -9999.000 -9999.000 -9999.000 -9999.000 -9999.000
1.906800 1.840984 1.777688 1.711554 1.642224 1.576473 1.498667 1.432918 1.409909 1.437505 1.489852 1.565655 1.636775 1.658826 1.639697 1.599944 1.552257 1.498623 1.452567 1.420276 1.395599 1.376606 1.366045 1.363255 1.360926 1.355124 1.349394 1.347226 1.340723 1.336575 1.327823 1.301855 1.254885 1.196458 1.122513 1.037545 0.9587833 0.9144716 0.8841340 0.8560336 0.8284912 0.7785466 0.7233242 0.6613493 0.6148532 0.5655870 0.5092930 0.4575032 0.3940812 0.3195775 0.2445461 0.1693020 0.1035072 0.6768648E-01 -9999.000 -9999.000 -9999.000 -9999.000 -9999.000
1.810668 1.775793 1.749829 1.721658 1.694117 1.650569 1.568480 1.500822 1.489132 1.517774 1.570822 1.646461 1.719841 1.737638 1.709836 1.658295 1.587752 1.523867 1.477482 1.453468 1.439587 1.429766 1.426590 1.425336 1.419967 1.412341 1.411561 1.406823 1.396093 1.380936 1.364796 1.339838 1.301087 1.258439 1.202936 1.142050 1.090862 1.056326 1.023666 0.9970715 0.9660193 0.9053513 0.8341051 0.7585820 0.6880600 0.6290007 0.5651739 0.4952441 0.4266124 0.3646902 0.3203982 0.2864257 0.2538560 0.2291428 0.2441120 0.2457552 0.2464152 0.2639176 0.2726407
1.740251 1.756471 1.771219 1.771742 1.768693 1.748333 1.664620 1.582657 1.579381 1.615456 1.672382 1.742936 1.800913 1.815994 1.785788 1.710625 1.614714 1.538425 1.498001 1.492224 1.494030 1.493574 1.493481 1.481731 1.454784 1.439274 1.437963 1.439152 1.427181 1.404317 1.383298 1.364784 1.338353 1.300917 1.254015 1.202108 1.165265 1.135742 1.106967 1.075383 1.017929 0.9274363 0.8262823 0.7231996 0.6536631 0.5955515 0.5423001 0.5004598 0.4684408 0.4480794 0.4408328 0.4456940 0.4408575 0.4442213 0.4689169 0.4740404 0.4850447 0.5052594 0.5076559
1.772934 1.812881 1.841067 1.853549 1.869824 1.862408 1.792080 1.706092 1.683626 1.722656 1.778086 1.837775 1.866695 1.870990 1.832342 1.748240 1.646514 1.560302 1.518362 1.528769 1.549451 1.559764 1.562042 1.541394 1.494225 1.458923 1.461421 1.471494 1.464534 1.441734 1.414622 1.392414 1.364773 1.323345 1.274640 1.225306 1.185515 1.146751 1.094910 1.015956 0.9119973 0.8121341 0.7264733 0.6555628 0.6180442 0.5943717 0.5824023 0.5778984 0.5755595 0.5768143 0.5925754 0.6010013 0.6046489 0.6221099 0.6336984 0.6402552 0.6467434 0.6659817 0.6741855
1.801540 1.842885 1.883150 1.908651 1.934680 1.953355 1.927295 1.834186 1.775028 1.809141 1.857973 1.885012 1.892392 1.876410 1.834090 1.762776 1.672828 1.588896 1.557219 1.577984 1.609989 1.622193 1.615913 1.592158 1.542389 1.503472 1.505052 1.518859 1.513613 1.487623 1.454535 1.418551 1.375251 1.321774 1.266665 1.215435 1.154040 1.074527 0.9746977 0.8490470 0.7625345 0.7049601 0.6716692 0.6593316 0.6541789 0.6558784 0.6695099 0.6781099 0.6885900 0.7038576 0.7267149 0.7366417 0.7420169 0.7502327 0.7612188 0.7627802 0.7707365 0.7780844 0.7756372
1.765148 1.813336 1.867331 1.912933 1.958227 1.998936 2.005860 1.949426 1.855518 1.839150 1.867738 1.870845 1.854369 1.826664 1.789189 1.749038 1.683568 1.620574 1.618715 1.659837 1.697416 1.646012 1.612883 1.590520 1.549447 1.521551 1.530812 1.547387 1.536791 1.502045 1.459154 1.406387 1.343615 1.277236 1.204246 1.110996 1.004748 0.9067882 0.8252671 0.7612978 0.7341763 0.7235592 0.7265335 0.7324605 0.7398328 0.7495540 0.7708123 0.7863538 0.8008376 0.8265322 0.8419838 0.8537148 0.8605884 0.8731181 0.8694160 0.8638763 0.8620582 0.8527390 0.8323016
1.714602 1.773138 1.843207 1.916272 1.974979 2.027091 2.056080 2.008491 1.877513 1.805535 1.799758 1.791164 1.776963 1.764271 1.749851 1.736225 1.704880 1.695294 1.745022 1.881500 1.939524 1.745245 1.552931 1.520205 1.485124 1.487224 1.510772 1.521104 1.497440 1.459378 1.406530 1.333911 1.237919 1.140818 1.020254 0.9035823 0.8346036 0.7927742 0.7734183 0.7720213 0.7758187 0.7848924 0.8005178 0.8128210 0.8264715 0.8429084 0.8618745 0.8753900 0.8887433 0.9067637 0.9175241 0.9257885 0.9326127 0.9366713 0.9314028 0.9208407 0.9068697 0.8876629 0.8616671
1.675668 1.749286 1.826801 1.904805 1.969997 2.019137 2.055368 2.033353 1.920913 1.782494 1.718342 1.723036 1.732086 1.735954 1.743874 1.754105 1.769520 1.815702 1.906542 2.116812 2.384265 2.069944 1.545848 1.425297 1.412413 1.425835 1.438552 1.426089 1.382345 1.325642 1.244927 1.133466 1.005780 0.9070989 0.8181630 0.7696361 0.7605691 0.7653406 0.7755884 0.7900736 0.8060160 0.8223685 0.8398300 0.8564305 0.8716816 0.8871200 0.9007735 0.9125896 0.9223069 0.9297763 0.9353551 0.9393750 0.9399072 0.9380591 0.9317071 0.9197187 0.9017565 0.8843948 0.8690800
1.686088 1.762187 1.839441 1.910731 1.972363 2.017454 2.042867 2.019869 1.929958 1.808064 1.722727 1.708537 1.729468 1.755227 1.783747 1.819055 1.879629 1.985075 2.141504 2.368380 2.640835 2.473257 1.732817 1.343124 1.344657 1.349693 1.332255 1.268882 1.187774 1.081103 0.9676168 0.8362201 0.7729922 0.7391664 0.7267325 0.7242936 0.7358914 0.7537963 0.7742644 0.7949909 0.8137432 0.8302216 0.8439904 0.8576691 0.8699359 0.8791252 0.8890484 0.8981603 0.9033254 0.9041360 0.9051614 0.9038281 0.8969513 0.8889762 0.8825054 0.8722450 0.8623020 0.8565662 0.8517824
1.749312 1.818121 1.891470 1.953497 2.015220 2.057040 2.076460 2.063235 1.989447 1.879549 1.779968 1.746650 1.776637 1.832892 1.888221 1.955335 2.042605 2.182015 2.337934 2.530180 2.745451 2.725218 2.146958 1.523271 1.286627 1.247431 1.173219 1.050347 0.9097255 0.8008588 0.7239182 0.6885427 0.6811304 0.6852350 0.6946007 0.7100689 0.7295213 0.7494738 0.7673135 0.7838707 0.7988882 0.8096521 0.8200818 0.8295542 0.8376902 0.8408480 0.8466736 0.8520659 0.8492417 0.8505747 0.8464859 0.8394033 0.8233955 0.8186121 0.8172477 0.8133712 0.8164947 0.8204695 0.8227731
1.825682 1.891075 1.957216 2.018420 2.079050 2.125056 2.140532 2.124387 2.074827 2.009419 1.907146 1.845951 1.873456 1.946152 2.031270 2.110312 2.204940 2.337171 2.488023 2.638440 2.783674 2.833088 2.700069 1.986537 1.248629 1.104752 0.9523612 0.8022360 0.7166877 0.6745799 0.6601835 0.6613636 0.6672991 0.6793450 0.6983512 0.7160050 0.7326711 0.7471533 0.7593127 0.7699628 0.7790501 0.7858681 0.7926287 0.7977110 0.7995597 0.7981958 0.7981946 0.7975145 0.7928096 0.7876746 0.7850583 0.7807024 0.7766925 0.7745014 0.7748929 0.7770840 0.7826955 0.7915599 0.7983009
1.874981 1.936879 1.999304 2.072887 2.139385 2.193870 2.210886 2.196959 2.164156 2.127354 2.042041 1.972023 1.973822 2.041301 2.130564 2.223625 2.331702 2.463958 2.581381 2.688782 2.784389 2.859439 2.883390 2.325705 1.488329 0.9571099 0.8084664 0.7294680 0.6937179 0.6821269 0.6849345 0.6914688 0.6997658 0.7122739 0.7274774 0.7370417 0.7445421 0.7531436 0.7600558 0.7657341 0.7703362 0.7729134 0.7744470 0.7744616 0.7706215 0.7688252 0.7662253 0.7637441 0.7625298 0.7626741 0.7643200 0.7672074 0.7674804 0.7674490 0.7687120 0.7725887 0.7777159 0.7867378 0.7953901
1.859787 1.941351 2.008477 2.095806 2.167402 2.214600 2.250876 2.255164 2.231490 2.198881 2.165387 2.097925 2.064714 2.106061 2.191572 2.312035 2.428281 2.541539 2.638870 2.728633 2.801368 2.866784 2.937733 2.734585 1.456470 0.9465097 0.8640475 0.8028879 0.7596345 0.7404662 0.7387127 0.7383461 0.7425094 0.7490664 0.7562344 0.7592913 0.7614770 0.7632891 0.7640499 0.7647049 0.7646802 0.7633185 0.7616747 0.7597307 0.7592796 0.7605135 0.7623597 0.7650025 0.7681803 0.7711299 0.7742156 0.7784990 0.7815142 0.7842410 0.7907719 0.7959700 0.8012707 0.8072883 0.8146421
1.785771 1.893593 1.978300 2.061537 2.136700 2.207705 2.257887 2.267968 2.254296 2.254951 2.227443 2.160723 2.117508 2.147408 2.233357 2.350781 2.473579 2.570401 2.646831 2.711139 2.774795 2.845489 2.945226 2.509242 1.535957 1.043195 0.9938403 0.9422373 0.8847393 0.8431738 0.8063823 0.7782065 0.7692792 0.7677724 0.7661627 0.7655950 0.7644432 0.7615347 0.7578502 0.7544525 0.7489914 0.7471756 0.7464641 0.7479709 0.7491880 0.7538495 0.7597097 0.7649502 0.7716468 0.7778401 0.7837781 0.7903789 0.7967361 0.8035947 0.8123822 0.8203631 0.8255929 0.8296004 0.8331474
1.640045 1.774662 1.893276 1.998267 2.103045 2.194054 2.257312 2.266497 2.272808 2.288530 2.250415 2.199467 2.165888 2.177015 2.246991 2.334126 2.442405 2.541475 2.601267 2.654044 2.708880 2.769587 2.866854 2.561540 1.643508 1.203671 1.075748 1.039120 0.9920135 0.9520539 0.8934180 0.8395716 0.7871089 0.7553019 0.7417477 0.7366556 0.7344555 0.7285288 0.7274216 0.7250170 0.7191881 0.7200732 0.7223594 0.7242344 0.7256671 0.7316333 0.7393169 0.7443975 0.7535277 0.7630600 0.7710390 0.7799468 0.7903480 0.8013289 0.8109581 0.8195908 0.8257934 0.8291061 0.8315366
1.461736 1.621461 1.798416 1.944665 2.076244 2.198799 2.274589 2.301798 2.324671 2.329860 2.285806 2.236270 2.203082 2.206125 2.237052 2.303983 2.388984 2.463413 2.523528 2.576675 2.627105 2.663105 2.645932 2.348730 1.779400 1.369181 1.170579 1.071909 1.045224 1.009393 0.9708280 0.9139835 0.8416663 0.7697087 0.7136994 0.6845100 0.6661713 0.6589763 0.6589384 0.6626717 0.6588165 0.6651525 0.6723641 0.6714388 0.6777792 0.6853850 0.6938795 0.6962070 0.7059055 0.7164342 0.7255059 0.7331925 0.7446927 0.7545074 0.7597393 0.7703330 0.7799281 0.7852500 0.7844499
1.276987 1.469258 1.679618 1.870183 2.050600 2.210582 2.313445 2.367425 2.383517 2.381135 2.343973 2.291954 2.270138 2.243455 2.248007 2.284224 2.342269 2.408497 2.465911 2.517447 2.553135 2.565481 2.502911 2.154585 1.755242 1.588229 1.297978 1.074346 1.036620 1.015530 0.9943738 0.9612084 0.9114635 0.8571503 0.7760500 0.6953567 0.6370484 0.5996604 0.5862618 0.5821077 0.5839093 0.5921873 0.6011419 0.6009770 0.6071533 0.6139895 0.6151301 0.6203815 0.6295327 0.6398110 0.6436835 0.6522387 0.6622930 0.6621038 0.6668071 0.6766396 0.6878635 0.6884274 0.6974490
