simulation_files/asc/Depth____000162.asc
NCOLS        79
NROWS        79
XLLCENTER         -1.500000
YLLCENTER         -4.800000
CELLSIZE           0.100
NODATA_VALUE     -9999.0
[rows 0 to 25 of 79, columns 0 to 58 of 79]
-9999.000 -9999.000 -9999.000 -9999.000 -9999.000 -9999.000 -9999.000 -9999.000 -9999.000 -9999.000 -9999.000 -9999.000 -9999.000 -9999.000 -9999.000 0.6265454 0.6267912 0.6267560 0.6266549 0.6265034 0.6263121 0.6260937 0.6258701 0.6256437 0.6254237 0.6252160 0.6250160 0.6247918 0.6244447 0.6243957 0.6243957 -9999.000 -9999.000 -9999.000 -9999.000 -9999.000 -9999.000 -9999.000 -9999.000 -9999.000 -9999.000 -9999.000 -9999.000 -9999.000 -9999.000 -9999.000 -9999.000 -9999.000 -9999.000 -9999.000 -9999.000 -9999.000 -9999.000 -9999.000 -9999.000 -9999.000 -9999.000 -9999.000 -9999.000
-9999.000 -9999.000 -9999.000 -9999.000 -9999.000 -9999.000 -9999.000 -9999.000 -9999.000 -9999.000 -9999.000 -9999.000 -9999.000 -9999.000 -9999.000 0.6282885 0.6285381 0.6285079 0.6284255 0.6283042 0.6281527 0.6279812 0.6278076 0.6276335 0.6274660 0.6273102 0.6271616 0.6269917 0.6267119 0.6267345 0.6267345 -9999.000 -9999.000 -9999.000 -9999.000 -9999.000 -9999.000 -9999.000 -9999.000 -9999.000 -9999.000 -9999.000 -9999.000 -9999.000 -9999.000 -9999.000 -9999.000 -9999.000 -9999.000 -9999.000 -9999.000 -9999.000 -9999.000 -9999.000 -9999.000 -9999.000 -9999.000 -9999.000 -9999.000
-9999.000 -9999.000 -9999.000 -9999.000 -9999.000 -9999.000 -9999.000 -9999.000 -9999.000 -9999.000 -9999.000 -9999.000 -9999.000 -9999.000 -9999.000 0.6302279 0.6305033 0.6304782 0.6304015 0.6302866 0.6301423 0.6299788 0.6298147 0.6296503 0.6294926 0.6293460 0.6292046 0.6290375 0.6287501 0.6287681 0.6287681 -9999.000 -9999.000 -9999.000 -9999.000 -9999.000 -9999.000 -9999.000 -9999.000 -9999.000 -9999.000 -9999.000 -9999.000 -9999.000 -9999.000 -9999.000 -9999.000 -9999.000 -9999.000 -9999.000 -9999.000 -9999.000 -9999.000 -9999.000 -9999.000 -9999.000 -9999.000 -9999.000 -9999.000
-9999.000 -9999.000 -9999.000 -9999.000 -9999.000 -9999.000 -9999.000 -9999.000 -9999.000 -9999.000 -9999.000 -9999.000 -9999.000 -9999.000 -9999.000 0.6322106 0.6325014 0.6324778 0.6324021 0.6322880 0.6321442 0.6319809 0.6318176 0.6316540 0.6314972 0.6313511 0.6312093 0.6310387 0.6307381 0.6307353 0.6307353 -9999.000 -9999.000 -9999.000 -9999.000 -9999.000 -9999.000 -9999.000 -9999.000 -9999.000 -9999.000 -9999.000 -9999.000 -9999.000 -9999.000 -9999.000 -9999.000 -9999.000 -9999.000 -9999.000 -9999.000 -9999.000 -9999.000 -9999.000 -9999.000 -9999.000 -9999.000 -9999.000 -9999.000
-9999.000 -9999.000 -9999.000 -9999.000 -9999.000 -9999.000 -9999.000 -9999.000 -9999.000 -9999.000 -9999.000 -9999.000 -9999.000 -9999.000 -9999.000 0.6342123 0.6345135 0.6344896 0.6344125 0.6342958 0.6341487 0.6339814 0.6338148 0.6336473 0.6334868 0.6333370 0.6331911 0.6330132 0.6326948 0.6326578 0.6326578 -9999.000 -9999.000 -9999.000 -9999.000 -9999.000 -9999.000 -9999.000 -9999.000 -9999.000 -9999.000 -9999.000 -9999.000 -9999.000 -9999.000 -9999.000 -9999.000 -9999.000 -9999.000 -9999.000 -9999.000 -9999.000 -9999.000 -9999.000 -9999.000 -9999.000 -9999.000 -9999.000 -9999.000
-9999.000 -9999.000 -9999.000 -9999.000 -9999.000 -9999.000 -9999.000 -9999.000 -9999.000 -9999.000 -9999.000 -9999.000 -9999.000 -9999.000 -9999.000 0.6362210 0.6365303 0.6365049 0.6364248 0.6363040 0.6361515 0.6359779 0.6358054 0.6356316 0.6354651 0.6353095 0.6351573 0.6349698 0.6346291 0.6345445 0.6345445 -9999.000 -9999.000 -9999.000 -9999.000 -9999.000 -9999.000 -9999.000 -9999.000 -9999.000 -9999.000 -9999.000 -9999.000 -9999.000 -9999.000 -9999.000 -9999.000 -9999.000 -9999.000 -9999.000 -9999.000 -9999.000 -9999.000 -9999.000 -9999.000 -9999.000 -9999.000 -9999.000 -9999.000
-9999.000 -9999.000 -9999.000 -9999.000 -9999.000 -9999.000 -9999.000 -9999.000 -9999.000 -9999.000 -9999.000 -9999.000 -9999.000 -9999.000 -9999.000 0.6382303 0.6385468 0.6385192 0.6384353 0.6383093 0.6381502 0.6379689 0.6377892 0.6376079 0.6374339 0.6372712 0.6371113 0.6369123 0.6365451 0.6363971 0.6363971 -9999.000 -9999.000 -9999.000 -9999.000 -9999.000 -9999.000 -9999.000 -9999.000 -9999.000 -9999.000 -9999.000 -9999.000 -9999.000 -9999.000 -9999.000 -9999.000 -9999.000 -9999.000 -9999.000 -9999.000 -9999.000 -9999.000 -9999.000 -9999.000 -9999.000 -9999.000 -9999.000 -9999.000
-9999.000 -9999.000 -9999.000 -9999.000 -9999.000 -9999.000 -9999.000 -9999.000 -9999.000 -9999.000 -9999.000 -9999.000 -9999.000 -9999.000 -9999.000 0.6402365 0.6405603 0.6405299 0.6404417 0.6403099 0.6401435 0.6399536 0.6397663 0.6395764 0.6393939 0.6392232 0.6390546 0.6388420 0.6384433 0.6382121 0.6382121 -9999.000 -9999.000 -9999.000 -9999.000 -9999.000 -9999.000 -9999.000 -9999.000 -9999.000 -9999.000 -9999.000 -9999.000 -9999.000 -9999.000 -9999.000 -9999.000 -9999.000 -9999.000 -9999.000 -9999.000 -9999.000 -9999.000 -9999.000 -9999.000 -9999.000 -9999.000 -9999.000 -9999.000
-9999.000 -9999.000 -9999.000 -9999.000 -9999.000 -9999.000 -9999.000 -9999.000 -9999.000 -9999.000 -9999.000 -9999.000 -9999.000 -9999.000 -9999.000 0.6422373 0.6425688 0.6425352 0.6424424 0.6423043 0.6421301 0.6419312 0.6417359 0.6415368 0.6413454 0.6411659 0.6409874 0.6407590 0.6403227 0.6399818 0.6399818 -9999.000 -9999.000 -9999.000 -9999.000 -9999.000 -9999.000 -9999.000 -9999.000 -9999.000 -9999.000 -9999.000 -9999.000 -9999.000 -9999.000 -9999.000 -9999.000 -9999.000 -9999.000 -9999.000 -9999.000 -9999.000 -9999.000 -9999.000 -9999.000 -9999.000 -9999.000 -9999.000 -9999.000
-9999.000 -9999.000 -9999.000 -9999.000 -9999.000 -9999.000 -9999.000 -9999.000 -9999.000 -9999.000 -9999.000 -9999.000 -9999.000 -9999.000 -9999.000 0.6442303 0.6445704 0.6445333 0.6444356 0.6442911 0.6441088 0.6439006 0.6436970 0.6434883 0.6432874 0.6430985 0.6429089 0.6426619 0.6421806 0.6416937 0.6416937 -9999.000 -9999.000 -9999.000 -9999.000 -9999.000 -9999.000 -9999.000 -9999.000 -9999.000 -9999.000 -9999.000 -9999.000 -9999.000 -9999.000 -9999.000 -9999.000 -9999.000 -9999.000 -9999.000 -9999.000 -9999.000 -9999.000 -9999.000 -9999.000 -9999.000 -9999.000 -9999.000 -9999.000
-9999.000 -9999.000 -9999.000 -9999.000 -9999.000 -9999.000 -9999.000 -9999.000 -9999.000 -9999.000 -9999.000 -9999.000 -9999.000 -9999.000 -9999.000 0.6462130 0.6465632 0.6465222 0.6464194 0.6462681 0.6460776 0.6458597 0.6456479 0.6454294 0.6452186 0.6450194 0.6448173 0.6445483 0.6440128 0.6433287 0.6433287 -9999.000 -9999.000 -9999.000 -9999.000 -9999.000 -9999.000 -9999.000 -9999.000 -9999.000 -9999.000 -9999.000 -9999.000 -9999.000 -9999.000 -9999.000 -9999.000 -9999.000 -9999.000 -9999.000 -9999.000 -9999.000 -9999.000 -9999.000 -9999.000 -9999.000 -9999.000 -9999.000 -9999.000
-9999.000 -9999.000 -9999.000 -9999.000 -9999.000 -9999.000 -9999.000 -9999.000 -9999.000 -9999.000 -9999.000 -9999.000 -9999.000 -9999.000 -9999.000 0.6481822 0.6485444 0.6484992 0.6483909 0.6482327 0.6480336 0.6478058 0.6475860 0.6473570 0.6471359 0.6469259 0.6467096 0.6464143 0.6458127 0.6448575 0.6448575 -9999.000 -9999.000 -9999.000 -9999.000 -9999.000 -9999.000 -9999.000 -9999.000 -9999.000 -9999.000 -9999.000 -9999.000 -9999.000 -9999.000 -9999.000 -9999.000 -9999.000 -9999.000 -9999.000 -9999.000 -9999.000 -9999.000 -9999.000 -9999.000 -9999.000 -9999.000 -9999.000 -9999.000
-9999.000 -9999.000 -9999.000 -9999.000 -9999.000 -9999.000 -9999.000 -9999.000 -9999.000 -9999.000 -9999.000 -9999.000 -9999.000 -9999.000 -9999.000 0.6501336 0.6505104 0.6504605 0.6503464 0.6501809 0.6499729 0.6497347 0.6495068 0.6492670 0.6490350 0.6488131 0.6485805 0.6482534 0.6475704 0.6462339 0.6462339 -9999.000 -9999.000 -9999.000 -9999.000 -9999.000 -9999.000 -9999.000 -9999.000 -9999.000 -9999.000 -9999.000 -9999.000 -9999.000 -9999.000 -9999.000 -9999.000 -9999.000 -9999.000 -9999.000 -9999.000 -9999.000 -9999.000 -9999.000 -9999.000 -9999.000 -9999.000 -9999.000 -9999.000
-9999.000 -9999.000 -9999.000 -9999.000 -9999.000 -9999.000 -9999.000 -9999.000 -9999.000 -9999.000 -9999.000 -9999.000 -9999.000 -9999.000 -9999.000 0.6520497 0.6524498 0.6523976 0.6522794 0.6521079 0.6518913 0.6516426 0.6514066 0.6511548 0.6509104 0.6506748 0.6504226 0.6500559 0.6492704 0.6473848 0.6473848 -9999.000 -9999.000 -9999.000 -9999.000 -9999.000 -9999.000 -9999.000 -9999.000 -9999.000 -9999.000 -9999.000 -9999.000 -9999.000 -9999.000 -9999.000 -9999.000 -9999.000 -9999.000 -9999.000 -9999.000 -9999.000 -9999.000 -9999.000 -9999.000 -9999.000 -9999.000 -9999.000 -9999.000
-9999.000 -9999.000 -9999.000 -9999.000 -9999.000 -9999.000 -9999.000 -9999.000 -9999.000 -9999.000 -9999.000 -9999.000 -9999.000 -9999.000 -9999.000 0.6515423 0.6536548 0.6542767 0.6544176 0.6544070 0.6542675 0.6540285 0.6537622 0.6534486 0.6531275 0.6528092 0.6524668 0.6519747 0.6509340 0.6476059 0.6476059 -9999.000 -9999.000 -9999.000 -9999.000 -9999.000 -9999.000 -9999.000 -9999.000 -9999.000 -9999.000 -9999.000 -9999.000 -9999.000 -9999.000 -9999.000 -9999.000 -9999.000 -9999.000 -9999.000 -9999.000 -9999.000 -9999.000 -9999.000 -9999.000 -9999.000 -9999.000 -9999.000 -9999.000
0.7267990 0.7267990 0.7126323 0.6969976 0.6931197 0.6931197 0.6898659 0.6844202 0.6844202 0.6798462 0.6798462 0.6758545 0.6740288 0.6722978 0.6706501 0.6706501 0.6570971 0.6563193 0.6563697 0.6568642 0.6577765 0.6590649 0.6611116 0.6631944 0.6653913 0.6675079 0.6690232 0.6685193 0.6621581 0.6349668 0.6349668 0.4451884 0.4130291 0.3942832 0.3878734 0.3878734 0.3778146 0.3778146 0.3803687 0.3803687 0.3904303 0.4346687 0.4346687 0.5306454 0.5306454 0.5694028 0.5694028 0.5694028 0.5688218 0.5688218 0.5593837 0.5593837 0.5468130 0.5468130 0.5337331 0.5337331 0.5217221 0.5217221 0.5217221
0.7248181 0.7248181 0.7101330 0.6960083 0.6921311 0.6921311 0.6888792 0.6834448 0.6834448 0.6788867 0.6788867 0.6749108 0.6730927 0.6713689 0.6697283 0.6697283 0.6582902 0.6549816 0.6517914 0.6487812 0.6461804 0.6442047 0.6431552 0.6428744 0.6433983 0.6446486 0.6463692 0.6479107 0.6476812 0.6367156 0.6367156 0.5077404 0.4587720 0.4108533 0.3974821 0.3974821 0.3822214 0.3822214 0.3839403 0.3839403 0.3933158 0.4319161 0.4319161 0.5059877 0.5059877 0.5670512 0.5670512 0.5670512 0.5686216 0.5686216 0.5596434 0.5596434 0.5471618 0.5471618 0.5341911 0.5341911 0.5222326 0.5222326 0.5222326
0.7237025 0.7237025 0.7090632 0.6960170 0.6921320 0.6921320 0.6888664 0.6834147 0.6834147 0.6788501 0.6788501 0.6748697 0.6730491 0.6713228 0.6696797 0.6696797 0.6591019 0.6535147 0.6476262 0.6418810 0.6366614 0.6322414 0.6288897 0.6265897 0.6253588 0.6251628 0.6258382 0.6269097 0.6271225 0.6204826 0.6204826 0.5384311 0.4877774 0.4272200 0.4091371 0.4091371 0.3907375 0.3907375 0.3958387 0.3958387 0.4070591 0.4424624 0.4424624 0.4966409 0.4966409 0.5603663 0.5603663 0.5603663 0.5659938 0.5659938 0.5586571 0.5586571 0.5467532 0.5467532 0.5340367 0.5340367 0.5222267 0.5222267 0.5222267
0.7228040 0.7228040 0.7082116 0.6960377 0.6921579 0.6921579 0.6888805 0.6834137 0.6834137 0.6788475 0.6788475 0.6748689 0.6730488 0.6713229 0.6696799 0.6696799 0.6592726 0.6515530 0.6431000 0.6347654 0.6271060 0.6204634 0.6150898 0.6110290 0.6082778 0.6067898 0.6064302 0.6068384 0.6070578 0.6027794 0.6027794 0.5507389 0.5058435 0.4431250 0.4234628 0.4234628 0.4069015 0.4069015 0.4185802 0.4185802 0.4313462 0.4601841 0.4601841 0.4941277 0.4941277 0.5487828 0.5487828 0.5487828 0.5590392 0.5590392 0.5549329 0.5549329 0.5446577 0.5446577 0.5327814 0.5327814 0.5215374 0.5215374 0.5215374
0.7221137 0.7221137 0.7075588 0.6960531 0.6921848 0.6921848 0.6888968 0.6834137 0.6834137 0.6788456 0.6788456 0.6748689 0.6730494 0.6713238 0.6696811 0.6696811 0.6585423 0.6487225 0.6378008 0.6269732 0.6169491 0.6081366 0.6007949 0.5950131 0.5907956 0.5880896 0.5867687 0.5865382 0.5866588 0.5840659 0.5840659 0.5510356 0.5143602 0.4569311 0.4398032 0.4398032 0.4328200 0.4328200 0.4518303 0.4518303 0.4633097 0.4804794 0.4804794 0.4956696 0.4956696 0.5347914 0.5347914 0.5347914 0.5481976 0.5481976 0.5482490 0.5482490 0.5407287 0.5407287 0.5304842 0.5304842 0.5203441 0.5203441 0.5203441
0.7216260 0.7216260 0.7070973 0.6960630 0.6922076 0.6922076 0.6889115 0.6834140 0.6834140 0.6788442 0.6788442 0.6748688 0.6730499 0.6713246 0.6696821 0.6696821 0.6566805 0.6446540 0.6313275 0.6181279 0.6058593 0.5949703 0.5857268 0.5782478 0.5725580 0.5686167 0.5663145 0.5654112 0.5653360 0.5639391 0.5639391 0.5433621 0.5153947 0.4698873 0.4604958 0.4604958 0.4700691 0.4700691 0.4909758 0.4909758 0.4970299 0.4995233 0.4995233 0.4995270 0.4995270 0.5214340 0.5214340 0.5214340 0.5351246 0.5351246 0.5389571 0.5389571 0.5349091 0.5349091 0.5270823 0.5270823 0.5186587 0.5186587 0.5186587
0.7213356 0.7213356 0.7068221 0.6960683 0.6922228 0.6922228 0.6889216 0.6834144 0.6834144 0.6788432 0.6788432 0.6748687 0.6730501 0.6713250 0.6696827 0.6696827 0.6534210 0.6389543 0.6232367 0.6077907 0.5934388 0.5806293 0.5696182 0.5605326 0.5534129 0.5482365 0.5449188 0.5432734 0.5428748 0.5422726 0.5422726 0.5301512 0.5110435 0.4862885 0.4907485 0.4907485 0.5166718 0.5166718 0.5286267 0.5286267 0.5266572 0.5155483 0.5155483 0.5046554 0.5046554 0.5107393 0.5107393 0.5107393 0.5217732 0.5217732 0.5278826 0.5278826 0.5273405 0.5273405 0.5225266 0.5225266 0.5164390 0.5164390 0.5164390
0.7212391 0.7212391 0.7067307 0.6960700 0.6922281 0.6922281 0.6889251 0.6834146 0.6834146 0.6788428 0.6788428 0.6748686 0.6730502 0.6713252 0.6696829 0.6696829 0.6484016 0.6311582 0.6130134 0.5954419 0.5792003 0.5646860 0.5521154 0.5415985 0.5331752 0.5268350 0.5225179 0.5200888 0.5192564 0.5191729 0.5191729 0.5132619 0.5041277 0.5136549 0.5354108 0.5354108 0.5646625 0.5646625 0.5588523 0.5588523 0.5495037 0.5285690 0.5285690 0.5104393 0.5104393 0.5034106 0.5034106 0.5034106 0.5097432 0.5097432 0.5161284 0.5161284 0.5184312 0.5184312 0.5168858 0.5168858 0.5136680 0.5136680 0.5136680
0.7213356 0.7213356 0.7068221 0.6960683 0.6922228 0.6922228 0.6889215 0.6834145 0.6834145 0.6788432 0.6788432 0.6748687 0.6730501 0.6713250 0.6696827 0.6696827 0.6410934 0.6206617 0.6000224 0.5804528 0.5625526 0.5466102 0.5327650 0.5210801 0.5115737 0.5042331 0.4990151 0.4958298 0.4945299 0.4949641 0.4949641 0.4949264 0.5000262 0.5593827 0.5918328 0.5918328 0.6037866 0.6037866 0.5803244 0.5803244 0.5662131 0.5392964 0.5392964 0.5164474 0.5164474 0.4991891 0.4991891 0.4991891 0.4999685 0.4999685 0.5048103 0.5048103 0.5088323 0.5088323 0.5104069 0.5104069 0.5104056 0.5104056 0.5104056
0.7216259 0.7216259 0.7070974 0.6960629 0.6922076 0.6922076 0.6889116 0.6834141 0.6834141 0.6788442 0.6788442 0.6748688 0.6730499 0.6713246 0.6696821 0.6696821 0.6306935 0.6066231 0.5834318 0.5620326 0.5427682 0.5257514 0.5110022 0.4985059 0.4882349 0.4801576 0.4742348 0.4704166 0.4687738 0.4704530 0.4704530 0.4795909 0.5097165 0.6211622 0.6459667 0.6459667 0.6293941 0.6293941 0.5951234 0.5951234 0.5786166 0.5482670 0.5482670 0.5222625 0.5222625 0.4973363 0.4973363 0.4973363 0.4927093 0.4927093 0.4948160 0.4948160 0.4993309 0.4993309 0.5035242 0.5035242 0.5068214 0.5068214 0.5068214
0.7221136 0.7221136 0.7075590 0.6960531 0.6921848 0.6921848 0.6888968 0.6834137 0.6834137 0.6788458 0.6788458 0.6748689 0.6730493 0.6713238 0.6696811 0.6696811 0.6159300 0.5877966 0.5620863 0.5391396 0.5189223 0.5012994 0.4861265 0.4732807 0.4626684 0.4542227 0.4478952 0.4436876 0.4422089 0.4481802 0.4481802 0.4781877 0.5492437 0.6803743 0.6820331 0.6820331 0.6443630 0.6443630 0.6056376 0.6056376 0.5881078 0.5556775 0.5556775 0.5275145 0.5275145 0.4970340 0.4970340 0.4970340 0.4877569 0.4877569 0.4866858 0.4866858 0.4907137 0.4907137 0.4968215 0.4968215 0.5032058 0.5032058 0.5032058
