simulation_files/asc/Depth____370.0.asc
NCOLS       216
NROWS       273
XLLCENTER        494.688995
YLLCENTER        787.867981
CELLSIZE           0.500
NODATA_VALUE     -9999.0
[rows 182 to 207 of 273, columns 120 to 179 of 216]
-9999.000 -9999.000 -9999.000 -9999.000 -9999.000 -9999.000 -9999.000 -9999.000 -9999.000 0.5336021E-01 0.1407589 0.2121051 0.2194514 0.1708833 0.9350885E-01 0.4824028E-01 0.1912242E-01 0.3639102E-01 0.6719345E-01 0.7149233E-01 0.6115358E-01 0.1188430 0.2150464 0.2161904 0.2201270 0.2636911 0.2692334 0.2446244 0.2648686 0.3050509 0.3341175 0.3596764 0.3364022 0.2969828 0.2755839 0.2823698 0.2844214 0.2888391 0.2588820 0.2033083 0.1355695 0.5710384E-01 -9999.000 -9999.000 -9999.000 -9999.000 -9999.000 -9999.000 -9999.000 -9999.000 -9999.000 -9999.000 -9999.000 -9999.000 -9999.000 -9999.000 -9999.000 -9999.000 -9999.000 -9999.000
-9999.000 -9999.000 -9999.000 -9999.000 -9999.000 -9999.000 -9999.000 -9999.000 -9999.000 0.4112830E-01 0.1177714 0.1929922 0.2204363 0.1950863 0.1473375 0.8711842E-01 0.3954168E-01 0.4052720E-01 0.6160584E-01 0.5316734E-01 0.5033714E-01 0.1051583 0.1737490 0.1895478 0.2169075 0.2856509 0.3053225 0.2579900 0.2704846 0.3406773 0.3667651 0.3760827 0.3652200 0.3185584 0.3024293 0.2970763 0.3022534 0.3043409 0.2868948 0.2635987 0.1771545 0.7020428E-01 -9999.000 -9999.000 -9999.000 -9999.000 -9999.000 -9999.000 -9999.000 -9999.000 -9999.000 -9999.000 -9999.000 -9999.000 -9999.000 -9999.000 -9999.000 -9999.000 -9999.000 -9999.000
-9999.000 -9999.000 -9999.000 -9999.000 -9999.000 -9999.000 -9999.000 -9999.000 -9999.000 -9999.000 0.1076689 0.1950796 0.2282752 0.2251709 0.1899433 0.1348660 0.7663187E-01 0.5087955E-01 0.5177485E-01 0.4671941E-01 0.5427554E-01 0.8223107E-01 0.1033303 0.1175311 0.1654470 0.2447215 0.2933087 0.2798182 0.3021975 0.3503056 0.3307266 0.3197621 0.3253577 0.3125924 0.2699160 0.2696304 0.2730392 0.2860406 0.2917329 0.2779159 0.2269913 0.1267884 0.6407792E-01 -9999.000 -9999.000 -9999.000 -9999.000 -9999.000 -9999.000 -9999.000 -9999.000 -9999.000 -9999.000 -9999.000 -9999.000 -9999.000 -9999.000 -9999.000 -9999.000 -9999.000
-9999.000 -9999.000 -9999.000 -9999.000 -9999.000 -9999.000 -9999.000 -9999.000 -9999.000 0.1278978E-01 0.1026477 0.1927074 0.2385549 0.2414991 0.2209478 0.1741758 0.1055669 0.6533882E-01 0.5288341E-01 0.6123382E-01 0.7376137E-01 0.7504216E-01 0.6577043E-01 0.8038101E-01 0.1221136 0.1816112 0.2345845 0.2589482 0.3269839 0.3075599 0.2426059 0.2548026 0.2744239 0.2068055 0.1706431 0.1516839 0.1794140 0.2058312 0.2365135 0.2465593 0.2199674 0.1542511 0.1181818 -9999.000 -9999.000 -9999.000 -9999.000 -9999.000 -9999.000 -9999.000 -9999.000 -9999.000 -9999.000 -9999.000 -9999.000 -9999.000 -9999.000 -9999.000 -9999.000 -9999.000
-9999.000 -9999.000 -9999.000 -9999.000 -9999.000 -9999.000 -9999.000 -9999.000 -9999.000 -9999.000 -9999.000 0.1661111 0.2285062 0.2397505 0.2307786 0.1883685 0.1313848 0.6964996E-01 0.4299774E-01 0.4828301E-01 0.6740223E-01 0.6780208E-01 0.6528341E-01 0.9182632E-01 0.1439939 0.1881071 0.2225684 0.2483308 0.2592951 0.2112621 0.1915077 0.2838064 0.3054917 0.2522048 0.1776410 0.1548785 0.1685438 0.1834905 0.2031291 0.2214262 0.2144102 0.1814766 0.1450607 0.9939527E-01 -9999.000 -9999.000 -9999.000 -9999.000 -9999.000 -9999.000 -9999.000 -9999.000 -9999.000 -9999.000 -9999.000 -9999.000 -9999.000 -9999.000 -9999.000 -9999.000
-9999.000 -9999.000 -9999.000 -9999.000 -9999.000 -9999.000 -9999.000 -9999.000 -9999.000 -9999.000 -9999.000 0.1488150 0.2012957 0.2121028 0.2244877 0.1907566 0.1113743 0.6481317E-01 0.3910905E-01 0.2748368E-01 0.3752179E-01 0.5631847E-01 0.7129782E-01 0.1115642 0.1859620 0.2119466 0.2073824 0.1894283 0.1938923 0.1841627 0.1964944 0.2831490 0.3493736 0.3298203 0.2680471 0.1967072 0.2005260 0.2261661 0.2313578 0.2173198 0.2097925 0.1768646 0.1317618 0.8540111E-01 -9999.000 -9999.000 -9999.000 -9999.000 -9999.000 -9999.000 -9999.000 -9999.000 -9999.000 -9999.000 -9999.000 -9999.000 -9999.000 -9999.000 -9999.000 -9999.000
-9999.000 -9999.000 -9999.000 -9999.000 -9999.000 -9999.000 -9999.000 -9999.000 -9999.000 -9999.000 -9999.000 0.1508773 0.1827378 0.1850763 0.2050076 0.1835637 0.1256773 0.9323919E-01 0.6224491E-01 0.3536616E-01 0.2693364E-01 0.3473051E-01 0.5287618E-01 0.9153677E-01 0.1345512 0.1444791 0.1694357 0.1692133 0.2066162 0.2382960 0.2209080 0.2547136 0.3037526 0.2943471 0.2645313 0.2315585 0.2256870 0.2262919 0.1963955 0.1902917 0.2019005 0.1911020 0.1743833 0.1375081 0.1005552 0.6865521E-01 -9999.000 -9999.000 -9999.000 -9999.000 -9999.000 -9999.000 -9999.000 -9999.000 -9999.000 -9999.000 -9999.000 -9999.000 -9999.000 -9999.000
-9999.000 -9999.000 -9999.000 -9999.000 -9999.000 -9999.000 -9999.000 -9999.000 -9999.000 -9999.000 -9999.000 0.9764442E-01 0.1493698 0.1827298 0.2073146 0.2058032 0.1812899 0.1532451 0.1052099 0.7449119E-01 0.3394342E-01 0.1879075E-01 0.2857067E-01 0.5792090E-01 0.7781930E-01 0.9218705E-01 0.1722316 0.2110519 0.2525921 0.2792211 0.2700526 0.2572676 0.2480638 0.2291481 0.2420070 0.2487978 0.2441684 0.1896021 0.1769842 0.2105240 0.2255522 0.2209099 0.2335550 0.2168365 0.1797985 0.1096287 -9999.000 -9999.000 -9999.000 -9999.000 -9999.000 -9999.000 -9999.000 -9999.000 -9999.000 -9999.000 -9999.000 -9999.000 -9999.000 -9999.000
-9999.000 -9999.000 -9999.000 -9999.000 -9999.000 -9999.000 -9999.000 -9999.000 -9999.000 -9999.000 -9999.000 -9999.000 0.9483877E-01 0.1509102 0.1899776 0.2075509 0.2101318 0.1991898 0.1458682 0.1034141 0.5231172E-01 0.1530300E-01 0.1644090E-01 0.2651499E-01 0.4527237E-01 0.8712755E-01 0.1619512 0.2143239 0.2537700 0.2800700 0.2689511 0.2684657 0.2824963 0.2645477 0.2588408 0.2912714 0.2527830 0.2151580 0.2441588 0.2716124 0.2692182 0.2597794 0.2786453 0.2613132 0.2258067 0.1409296 0.3817267E-01 -9999.000 -9999.000 -9999.000 -9999.000 -9999.000 -9999.000 -9999.000 -9999.000 -9999.000 -9999.000 -9999.000 -9999.000 -9999.000
-9999.000 -9999.000 -9999.000 -9999.000 -9999.000 -9999.000 -9999.000 -9999.000 -9999.000 -9999.000 -9999.000 -9999.000 -9999.000 0.1003040 0.1524548 0.1895292 0.2222472 0.2263503 0.1898206 0.1481130 0.9888009E-01 0.4527720E-01 0.2640791E-01 0.3129459E-01 0.3906621E-01 0.6488804E-01 0.1118198 0.1707017 0.2199494 0.2529300 0.2482415 0.2627512 0.2929314 0.2562822 0.2639763 0.2977637 0.2469339 0.2525146 0.3122152 0.3346935 0.3035403 0.2988219 0.3157785 0.2701554 0.2163895 0.1267550 0.3716319E-01 -9999.000 -9999.000 -9999.000 -9999.000 -9999.000 -9999.000 -9999.000 -9999.000 -9999.000 -9999.000 -9999.000 -9999.000 -9999.000
-9999.000 -9999.000 -9999.000 -9999.000 -9999.000 -9999.000 -9999.000 -9999.000 -9999.000 -9999.000 -9999.000 -9999.000 -9999.000 0.5163436E-01 0.1105137 0.1743068 0.2020191 0.2249864 0.2227908 0.1881479 0.1479161 0.9397989E-01 0.5637891E-01 0.3465594E-01 0.2931919E-01 0.3682968E-01 0.6341303E-01 0.1314899 0.2010781 0.2436045 0.2261253 0.2288917 0.2247474 0.2154108 0.2823280 0.3070865 0.2586826 0.2799470 0.3541904 0.3686756 0.3378330 0.3095392 0.2607138 0.1995140 0.1579482 0.1046703 0.7106423E-01 0.4550260E-01 -9999.000 -9999.000 -9999.000 -9999.000 -9999.000 -9999.000 -9999.000 -9999.000 -9999.000 -9999.000 -9999.000 -9999.000
-9999.000 -9999.000 -9999.000 -9999.000 -9999.000 -9999.000 -9999.000 -9999.000 -9999.000 -9999.000 -9999.000 -9999.000 -9999.000 0.2785390E-01 0.9647627E-01 0.1268641 0.1160791 0.1384148 0.1803387 0.1895697 0.1800657 0.1369869 0.8827581E-01 0.4394579E-01 0.2168549E-01 -9999.000 0.3255915E-01 0.9706927E-01 0.1764567 0.2167188 0.1669058 0.1865615 0.2130212 0.2276141 0.2957499 0.3211996 0.2939216 0.3109045 0.3466836 0.3593634 0.3184852 0.2296478 0.1914197 0.1525104 0.1592542 0.1710861 0.1504747 0.1121661 0.8293129E-01 -9999.000 -9999.000 -9999.000 -9999.000 -9999.000 -9999.000 -9999.000 -9999.000 -9999.000 -9999.000 -9999.000
-9999.000 -9999.000 -9999.000 -9999.000 -9999.000 -9999.000 -9999.000 -9999.000 -9999.000 -9999.000 -9999.000 -9999.000 -9999.000 -9999.000 0.8111611E-01 -9999.000 -9999.000 0.3635180E-01 0.9276661E-01 0.1586816 0.1972145 0.1696430 0.1358522 0.8394456E-01 0.4504288E-01 0.3527573E-01 -9999.000 0.7229821E-01 0.1442629 0.1611335 0.1255196 0.1732066 0.2262232 0.2493027 0.2863497 0.3161886 0.3117939 0.3065412 0.3189449 0.3165203 0.2695683 0.2522206 0.2250201 0.2151000 0.2380006 0.2424353 0.2340725 0.2278657 0.1572693 0.6225402E-01 -9999.000 -9999.000 -9999.000 -9999.000 -9999.000 -9999.000 -9999.000 -9999.000 -9999.000 -9999.000
-9999.000 -9999.000 -9999.000 -9999.000 -9999.000 -9999.000 -9999.000 -9999.000 -9999.000 -9999.000 -9999.000 -9999.000 -9999.000 -9999.000 -9999.000 -9999.000 -9999.000 0.5474324E-01 0.7305586E-01 0.1113982 0.1622051 0.1727966 0.1477310 0.9369869E-01 0.5198241E-01 0.2695425E-01 0.2328350E-01 0.4165077E-01 0.9096504E-01 0.1276769 0.1209769 0.1550517 0.2132698 0.2409121 0.2677374 0.2860593 0.2946420 0.2895646 0.3015516 0.3131520 0.3124126 0.3158317 0.2891008 0.2741177 0.2702575 0.2723739 0.2568510 0.2499124 0.1871340 0.9693475E-01 -9999.000 -9999.000 -9999.000 -9999.000 -9999.000 -9999.000 -9999.000 -9999.000 -9999.000 -9999.000
-9999.000 -9999.000 -9999.000 -9999.000 -9999.000 -9999.000 -9999.000 -9999.000 -9999.000 -9999.000 -9999.000 -9999.000 -9999.000 -9999.000 -9999.000 -9999.000 0.5009702E-01 0.9169342E-01 0.9585985E-01 0.1003044 0.1347559 0.1508038 0.1335173 0.1020886 0.6170474E-01 0.3044026E-01 0.1428227E-01 -9999.000 -9999.000 -9999.000 0.9946492E-01 0.1265447 0.1666685 0.1978902 0.2326297 0.2751440 0.2798136 0.2741175 0.3024059 0.3531383 0.3711822 0.3647327 0.3111643 0.2776355 0.2921653 0.2971035 0.2780784 0.2245426 0.1528206 0.9879610E-01 -9999.000 -9999.000 -9999.000 -9999.000 -9999.000 -9999.000 -9999.000 -9999.000 -9999.000 -9999.000
-9999.000 -9999.000 -9999.000 -9999.000 -9999.000 -9999.000 -9999.000 -9999.000 -9999.000 -9999.000 -9999.000 -9999.000 -9999.000 -9999.000 -9999.000 -9999.000 -9999.000 0.8837846E-01 0.7866346E-01 0.9039877E-01 0.9891581E-01 0.1271516 0.1445323 0.1227001 0.9230699E-01 0.5620188E-01 0.2377758E-01 -9999.000 -9999.000 -9999.000 -9999.000 0.9639292E-01 0.1092556 0.1197012 0.1683279 0.2296812 0.2318155 0.2334562 0.2943042 0.3636986 0.3924928 0.3650769 0.3063614 0.2783717 0.2909195 0.2688777 0.2247656 0.1696767 0.1243953 0.1035078 -9999.000 -9999.000 -9999.000 -9999.000 -9999.000 -9999.000 -9999.000 -9999.000 -9999.000 -9999.000
-9999.000 -9999.000 -9999.000 -9999.000 -9999.000 -9999.000 -9999.000 -9999.000 -9999.000 -9999.000 -9999.000 -9999.000 -9999.000 -9999.000 -9999.000 -9999.000 -9999.000 -9999.000 0.1109907 0.6791011E-01 0.4645762E-01 0.7969363E-01 0.1141637 0.1159298 0.1089063 0.8679527E-01 0.4493953E-01 0.1863559E-01 -9999.000 -9999.000 -9999.000 0.5707799E-01 0.6528486E-01 0.7392788E-01 0.1134629 0.1619265 0.1722874 0.2184856 0.2991586 0.3467681 0.3508616 0.3251777 0.2901810 0.2590832 0.2485712 0.1889204 0.1422895 0.1190773 0.1274836 0.1273323 0.8152837E-01 -9999.000 -9999.000 -9999.000 -9999.000 -9999.000 -9999.000 -9999.000 -9999.000 -9999.000
-9999.000 -9999.000 -9999.000 -9999.000 -9999.000 -9999.000 -9999.000 -9999.000 -9999.000 -9999.000 -9999.000 -9999.000 -9999.000 -9999.000 -9999.000 -9999.000 -9999.000 -9999.000 0.1053217 0.4766463E-01 0.3383924E-01 0.6682342E-01 0.8791000E-01 0.8381435E-01 0.1065637 0.9279102E-01 -9999.000 -9999.000 -9999.000 -9999.000 -9999.000 -9999.000 0.3780979E-01 0.7220473E-01 0.1244073 0.1615938 0.1891236 0.2382340 0.2713083 0.2986512 0.2906080 0.2722493 0.2587181 0.2627250 0.2345025 0.2165204 0.1941110 0.1423337 0.1435018 0.1630742 0.1330572 0.5454025E-01 -9999.000 -9999.000 -9999.000 -9999.000 -9999.000 -9999.000 -9999.000 -9999.000
-9999.000 -9999.000 -9999.000 -9999.000 -9999.000 -9999.000 -9999.000 -9999.000 -9999.000 -9999.000 -9999.000 -9999.000 -9999.000 -9999.000 -9999.000 -9999.000 -9999.000 0.1199142 0.7608593E-01 0.4069524E-01 0.7036656E-01 0.1179360 0.1274992 0.9015925E-01 0.9704429E-01 0.8025784E-01 0.4966973E-01 -9999.000 -9999.000 -9999.000 -9999.000 -9999.000 -9999.000 0.6972605E-01 0.1400515 0.1908517 0.2242984 0.2171882 0.2071415 0.2176824 0.2423648 0.2159963 0.2273248 0.2680227 0.2533333 0.2604843 0.2412037 0.1897162 0.1728578 0.1974692 0.1717810 0.5070376E-01 0.1802721E-01 -9999.000 -9999.000 -9999.000 -9999.000 -9999.000 -9999.000 -9999.000
-9999.000 -9999.000 -9999.000 -9999.000 -9999.000 -9999.000 -9999.000 -9999.000 -9999.000 -9999.000 -9999.000 -9999.000 -9999.000 -9999.000 -9999.000 -9999.000 -9999.000 0.1272919 0.1004099 0.7423429E-01 0.1380279 0.1825798 0.1683878 0.1220994 0.1116876 0.7987656E-01 -9999.000 -9999.000 -9999.000 -9999.000 -9999.000 -9999.000 -9999.000 0.5685084E-01 0.1128891 0.1561111 0.1769956 0.1818944 0.1861758 0.1978749 0.1980085 0.1702207 0.1706189 0.2459242 0.2716788 0.2597429 0.2359724 0.2050902 0.1944351 0.2013781 0.1842348 0.9540309E-01 0.4570881E-01 -9999.000 -9999.000 -9999.000 -9999.000 -9999.000 -9999.000 -9999.000
-9999.000 -9999.000 -9999.000 -9999.000 -9999.000 -9999.000 -9999.000 -9999.000 -9999.000 -9999.000 -9999.000 -9999.000 -9999.000 -9999.000 -9999.000 -9999.000 -9999.000 0.7199373E-01 0.9069379E-01 0.9758982E-01 0.1414635 0.1630548 0.1511411 0.1625499 0.1563903 0.1040874 -9999.000 -9999.000 -9999.000 -9999.000 -9999.000 -9999.000 -9999.000 0.3097212E-01 0.6061464E-01 0.6898464E-01 0.1066584 0.1475561 0.1920374 0.1963134 0.1948343 0.1815113 0.1720876 0.2210763 0.2534173 0.2535413 0.2454277 0.2110413 0.2091188 0.2186102 0.1773114 0.1102149 0.8193388E-01 0.3367417E-01 -9999.000 -9999.000 -9999.000 -9999.000 -9999.000 -9999.000
-9999.000 -9999.000 -9999.000 -9999.000 -9999.000 -9999.000 -9999.000 -9999.000 -9999.000 -9999.000 -9999.000 -9999.000 -9999.000 -9999.000 -9999.000 -9999.000 -9999.000 -9999.000 0.5834845E-01 0.7678019E-01 0.1067233 0.1119191 0.1159215 0.1593197 0.1809030 0.1345338 0.6809377E-01 0.2483994E-01 -9999.000 -9999.000 -9999.000 -9999.000 -9999.000 -9999.000 0.5364661E-01 0.7020803E-01 0.9420906E-01 0.1304053 0.1570759 0.1661104 0.1957012 0.2261894 0.2273937 0.2299397 0.2167120 0.2447249 0.2376617 0.2130646 0.2367667 0.2566904 0.2085039 0.1705308 0.1386246 0.8138369E-01 -9999.000 -9999.000 -9999.000 -9999.000 -9999.000 -9999.000
-9999.000 -9999.000 -9999.000 -9999.000 -9999.000 -9999.000 -9999.000 -9999.000 -9999.000 -9999.000 -9999.000 -9999.000 -9999.000 -9999.000 -9999.000 -9999.000 -9999.000 -9999.000 0.6742317E-01 0.5478238E-01 0.6161528E-01 0.8089901E-01 0.1015468 0.1428464 0.1787785 0.1553894 0.1042901 0.4590328E-01 0.1795039E-01 -9999.000 -9999.000 -9999.000 -9999.000 -9999.000 0.6193009E-01 0.7780529E-01 0.1023296 0.1262703 0.1446677 0.1521084 0.1679422 0.2046424 0.2169963 0.2001544 0.1887596 0.1845219 0.1733808 0.1873736 0.2552200 0.2918170 0.2567587 0.2243248 0.1813938 0.1591015 0.1383239 -9999.000 -9999.000 -9999.000 -9999.000 -9999.000
-9999.000 -9999.000 -9999.000 -9999.000 -9999.000 -9999.000 -9999.000 -9999.000 -9999.000 -9999.000 -9999.000 -9999.000 -9999.000 -9999.000 -9999.000 -9999.000 -9999.000 -9999.000 0.5227323E-01 -9999.000 0.3061271E-01 0.9772616E-01 0.1441470 0.1722876 0.1602030 0.1226479 0.9425395E-01 0.5864040E-01 0.2893034E-01 -9999.000 -9999.000 -9999.000 -9999.000 -9999.000 -9999.000 -9999.000 0.7045877E-01 0.1129155 0.1489972 0.1589368 0.1705391 0.1954091 0.2158075 0.1652649 0.1080289 0.8686739E-01 0.1012342 0.1790530 0.2650113 0.3059656 0.2536179 0.2236853 0.1957481 0.1831699 0.1423798 0.7432291E-01 -9999.000 -9999.000 -9999.000 -9999.000
-9999.000 -9999.000 -9999.000 -9999.000 -9999.000 -9999.000 -9999.000 -9999.000 -9999.000 -9999.000 -9999.000 -9999.000 -9999.000 -9999.000 -9999.000 -9999.000 -9999.000 -9999.000 -9999.000 -9999.000 -9999.000 0.1151682 0.1933612 0.2093086 0.1658363 0.1295550 0.1001909 0.7587898E-01 0.4209926E-01 -9999.000 -9999.000 -9999.000 -9999.000 -9999.000 -9999.000 0.2195140E-01 0.5723967E-01 0.1053238 0.1459390 0.1696601 0.2060967 0.2177760 0.2211521 0.1733334 0.1296262 0.1292995 0.1495925 0.2122653 0.2499381 0.2311196 0.2103764 0.2286458 0.2214472 0.1740296 0.1384529 0.8832016E-01 0.3030401E-01 -9999.000 -9999.000 -9999.000
-9999.000 -9999.000 -9999.000 -9999.000 -9999.000 -9999.000 -9999.000 -9999.000 -9999.000 -9999.000 -9999.000 -9999.000 -9999.000 -9999.000 -9999.000 -9999.000 -9999.000 -9999.000 -9999.000 0.1806262E-01 0.4572323E-01 0.1241070 0.2065528 0.1992387 0.1638169 0.1269002 0.9927675E-01 0.7933893E-01 0.4795267E-01 -9999.000 -9999.000 -9999.000 -9999.000 -9999.000 -9999.000 -9999.000 0.4433571E-01 0.1023765 0.1555879 0.1991083 0.2543786 0.2718218 0.2358963 0.1985441 0.2091349 0.2908364 0.3392307 0.3195939 0.2690214 0.2152952 0.2313901 0.2843467 0.2747060 0.1973540 0.1651255 0.1465564 0.7492314E-01 -9999.000 -9999.000 -9999.000
