simulation_files/asc/Depth____000280.asc
NCOLS        79
NROWS        79
XLLCENTER         -1.500000
YLLCENTER         -4.800000
CELLSIZE           0.100
NODATA_VALUE     -9999.0
[rows 0 to 25 of 79, columns 0 to 58 of 79]
-9999.000 -9999.000 -9999.000 -9999.000 -9999.000 -9999.000 -9999.000 -9999.000 -9999.000 -9999.000 -9999.000 -9999.000 -9999.000 -9999.000 -9999.000 0.7159721 0.7164497 0.7165948 0.7165314 0.7163306 0.7160681 0.7157762 0.7154748 0.7151869 0.7149124 0.7146578 0.7144210 0.7141708 0.7137976 0.7137583 0.7137583 -9999.000 -9999.000 -9999.000 -9999.000 -9999.000 -9999.000 -9999.000 -9999.000 -9999.000 -9999.000 -9999.000 -9999.000 -9999.000 -9999.000 -9999.000 -9999.000 -9999.000 -9999.000 -9999.000 -9999.000 -9999.000 -9999.000 -9999.000 -9999.000 -9999.000 -9999.000 -9999.000 -9999.000
-9999.000 -9999.000 -9999.000 -9999.000 -9999.000 -9999.000 -9999.000 -9999.000 -9999.000 -9999.000 -9999.000 -9999.000 -9999.000 -9999.000 -9999.000 0.7177531 0.7181936 0.7183118 0.7182587 0.7180964 0.7178887 0.7176617 0.7174305 0.7172133 0.7170086 0.7168211 0.7166481 0.7164616 0.7161638 0.7162099 0.7162099 -9999.000 -9999.000 -9999.000 -9999.000 -9999.000 -9999.000 -9999.000 -9999.000 -9999.000 -9999.000 -9999.000 -9999.000 -9999.000 -9999.000 -9999.000 -9999.000 -9999.000 -9999.000 -9999.000 -9999.000 -9999.000 -9999.000 -9999.000 -9999.000 -9999.000 -9999.000 -9999.000 -9999.000
-9999.000 -9999.000 -9999.000 -9999.000 -9999.000 -9999.000 -9999.000 -9999.000 -9999.000 -9999.000 -9999.000 -9999.000 -9999.000 -9999.000 -9999.000 0.7196640 0.7201391 0.7202678 0.7202217 0.7200649 0.7198638 0.7196444 0.7194222 0.7192155 0.7190213 0.7188438 0.7186790 0.7184964 0.7181923 0.7182344 0.7182344 -9999.000 -9999.000 -9999.000 -9999.000 -9999.000 -9999.000 -9999.000 -9999.000 -9999.000 -9999.000 -9999.000 -9999.000 -9999.000 -9999.000 -9999.000 -9999.000 -9999.000 -9999.000 -9999.000 -9999.000 -9999.000 -9999.000 -9999.000 -9999.000 -9999.000 -9999.000 -9999.000 -9999.000
-9999.000 -9999.000 -9999.000 -9999.000 -9999.000 -9999.000 -9999.000 -9999.000 -9999.000 -9999.000 -9999.000 -9999.000 -9999.000 -9999.000 -9999.000 0.7216257 0.7221224 0.7222564 0.7222115 0.7220538 0.7218519 0.7216323 0.7214103 0.7212048 0.7210117 0.7208353 0.7206707 0.7204853 0.7201687 0.7201891 0.7201891 -9999.000 -9999.000 -9999.000 -9999.000 -9999.000 -9999.000 -9999.000 -9999.000 -9999.000 -9999.000 -9999.000 -9999.000 -9999.000 -9999.000 -9999.000 -9999.000 -9999.000 -9999.000 -9999.000 -9999.000 -9999.000 -9999.000 -9999.000 -9999.000 -9999.000 -9999.000 -9999.000 -9999.000
-9999.000 -9999.000 -9999.000 -9999.000 -9999.000 -9999.000 -9999.000 -9999.000 -9999.000 -9999.000 -9999.000 -9999.000 -9999.000 -9999.000 -9999.000 0.7236077 0.7241204 0.7242571 0.7242104 0.7240487 0.7238426 0.7236188 0.7233930 0.7231844 0.7229882 0.7228088 0.7226408 0.7224488 0.7221146 0.7220992 0.7220992 -9999.000 -9999.000 -9999.000 -9999.000 -9999.000 -9999.000 -9999.000 -9999.000 -9999.000 -9999.000 -9999.000 -9999.000 -9999.000 -9999.000 -9999.000 -9999.000 -9999.000 -9999.000 -9999.000 -9999.000 -9999.000 -9999.000 -9999.000 -9999.000 -9999.000 -9999.000 -9999.000 -9999.000
-9999.000 -9999.000 -9999.000 -9999.000 -9999.000 -9999.000 -9999.000 -9999.000 -9999.000 -9999.000 -9999.000 -9999.000 -9999.000 -9999.000 -9999.000 0.7255960 0.7261223 0.7262602 0.7262101 0.7260424 0.7258304 0.7256007 0.7253690 0.7251557 0.7249542 0.7247698 0.7245963 0.7243955 0.7240391 0.7239739 0.7239739 -9999.000 -9999.000 -9999.000 -9999.000 -9999.000 -9999.000 -9999.000 -9999.000 -9999.000 -9999.000 -9999.000 -9999.000 -9999.000 -9999.000 -9999.000 -9999.000 -9999.000 -9999.000 -9999.000 -9999.000 -9999.000 -9999.000 -9999.000 -9999.000 -9999.000 -9999.000 -9999.000 -9999.000
-9999.000 -9999.000 -9999.000 -9999.000 -9999.000 -9999.000 -9999.000 -9999.000 -9999.000 -9999.000 -9999.000 -9999.000 -9999.000 -9999.000 -9999.000 0.7275847 0.7281232 0.7282609 0.7282062 0.7280314 0.7278126 0.7275761 0.7273376 0.7271186 0.7269108 0.7267202 0.7265399 0.7263282 0.7259451 0.7258136 0.7258136 -9999.000 -9999.000 -9999.000 -9999.000 -9999.000 -9999.000 -9999.000 -9999.000 -9999.000 -9999.000 -9999.000 -9999.000 -9999.000 -9999.000 -9999.000 -9999.000 -9999.000 -9999.000 -9999.000 -9999.000 -9999.000 -9999.000 -9999.000 -9999.000 -9999.000 -9999.000 -9999.000 -9999.000
-9999.000 -9999.000 -9999.000 -9999.000 -9999.000 -9999.000 -9999.000 -9999.000 -9999.000 -9999.000 -9999.000 -9999.000 -9999.000 -9999.000 -9999.000 0.7295705 0.7301204 0.7302566 0.7301961 0.7300134 0.7297873 0.7295433 0.7292975 0.7290724 0.7288575 0.7286600 0.7284721 0.7282475 0.7278324 0.7276139 0.7276139 -9999.000 -9999.000 -9999.000 -9999.000 -9999.000 -9999.000 -9999.000 -9999.000 -9999.000 -9999.000 -9999.000 -9999.000 -9999.000 -9999.000 -9999.000 -9999.000 -9999.000 -9999.000 -9999.000 -9999.000 -9999.000 -9999.000 -9999.000 -9999.000 -9999.000 -9999.000 -9999.000 -9999.000
-9999.000 -9999.000 -9999.000 -9999.000 -9999.000 -9999.000 -9999.000 -9999.000 -9999.000 -9999.000 -9999.000 -9999.000 -9999.000 -9999.000 -9999.000 0.7315516 0.7321121 0.7322456 0.7321782 0.7319866 0.7317527 0.7315010 0.7312473 0.7310160 0.7307934 0.7305884 0.7303919 0.7301525 0.7296991 0.7293661 0.7293661 -9999.000 -9999.000 -9999.000 -9999.000 -9999.000 -9999.000 -9999.000 -9999.000 -9999.000 -9999.000 -9999.000 -9999.000 -9999.000 -9999.000 -9999.000 -9999.000 -9999.000 -9999.000 -9999.000 -9999.000 -9999.000 -9999.000 -9999.000 -9999.000 -9999.000 -9999.000 -9999.000 -9999.000
-9999.000 -9999.000 -9999.000 -9999.000 -9999.000 -9999.000 -9999.000 -9999.000 -9999.000 -9999.000 -9999.000 -9999.000 -9999.000 -9999.000 -9999.000 0.7335262 0.7340969 0.7342263 0.7341507 0.7339491 0.7337070 0.7334472 0.7331854 0.7329477 0.7327169 0.7325039 0.7322978 0.7320411 0.7315421 0.7310568 0.7310568 -9999.000 -9999.000 -9999.000 -9999.000 -9999.000 -9999.000 -9999.000 -9999.000 -9999.000 -9999.000 -9999.000 -9999.000 -9999.000 -9999.000 -9999.000 -9999.000 -9999.000 -9999.000 -9999.000 -9999.000 -9999.000 -9999.000 -9999.000 -9999.000 -9999.000 -9999.000 -9999.000 -9999.000
-9999.000 -9999.000 -9999.000 -9999.000 -9999.000 -9999.000 -9999.000 -9999.000 -9999.000 -9999.000 -9999.000 -9999.000 -9999.000 -9999.000 -9999.000 0.7354923 0.7360733 0.7361967 0.7361115 0.7358989 0.7356482 0.7353798 0.7351094 0.7348654 0.7346257 0.7344041 0.7341874 0.7339103 0.7333561 0.7326658 0.7326658 -9999.000 -9999.000 -9999.000 -9999.000 -9999.000 -9999.000 -9999.000 -9999.000 -9999.000 -9999.000 -9999.000 -9999.000 -9999.000 -9999.000 -9999.000 -9999.000 -9999.000 -9999.000 -9999.000 -9999.000 -9999.000 -9999.000 -9999.000 -9999.000 -9999.000 -9999.000 -9999.000 -9999.000
-9999.000 -9999.000 -9999.000 -9999.000 -9999.000 -9999.000 -9999.000 -9999.000 -9999.000 -9999.000 -9999.000 -9999.000 -9999.000 -9999.000 -9999.000 0.7374476 0.7380388 0.7381546 0.7380579 0.7378331 0.7375731 0.7372957 0.7370166 0.7367661 0.7365167 0.7362856 0.7360567 0.7357552 0.7351341 0.7341630 0.7341630 -9999.000 -9999.000 -9999.000 -9999.000 -9999.000 -9999.000 -9999.000 -9999.000 -9999.000 -9999.000 -9999.000 -9999.000 -9999.000 -9999.000 -9999.000 -9999.000 -9999.000 -9999.000 -9999.000 -9999.000 -9999.000 -9999.000 -9999.000 -9999.000 -9999.000 -9999.000 -9999.000 -9999.000
-9999.000 -9999.000 -9999.000 -9999.000 -9999.000 -9999.000 -9999.000 -9999.000 -9999.000 -9999.000 -9999.000 -9999.000 -9999.000 -9999.000 -9999.000 0.7393874 0.7399898 0.7400962 0.7399864 0.7397481 0.7394783 0.7391914 0.7389027 0.7386457 0.7383854 0.7381438 0.7379006 0.7375693 0.7368656 0.7355016 0.7355016 -9999.000 -9999.000 -9999.000 -9999.000 -9999.000 -9999.000 -9999.000 -9999.000 -9999.000 -9999.000 -9999.000 -9999.000 -9999.000 -9999.000 -9999.000 -9999.000 -9999.000 -9999.000 -9999.000 -9999.000 -9999.000 -9999.000 -9999.000 -9999.000 -9999.000 -9999.000 -9999.000 -9999.000
-9999.000 -9999.000 -9999.000 -9999.000 -9999.000 -9999.000 -9999.000 -9999.000 -9999.000 -9999.000 -9999.000 -9999.000 -9999.000 -9999.000 -9999.000 0.7411950 0.7418443 0.7419842 0.7419022 0.7416604 0.7413829 0.7410855 0.7407848 0.7405185 0.7402428 0.7399862 0.7397236 0.7393534 0.7385448 0.7366199 0.7366199 -9999.000 -9999.000 -9999.000 -9999.000 -9999.000 -9999.000 -9999.000 -9999.000 -9999.000 -9999.000 -9999.000 -9999.000 -9999.000 -9999.000 -9999.000 -9999.000 -9999.000 -9999.000 -9999.000 -9999.000 -9999.000 -9999.000 -9999.000 -9999.000 -9999.000 -9999.000 -9999.000 -9999.000
-9999.000 -9999.000 -9999.000 -9999.000 -9999.000 -9999.000 -9999.000 -9999.000 -9999.000 -9999.000 -9999.000 -9999.000 -9999.000 -9999.000 -9999.000 0.7338212 0.7406799 0.7442334 0.7458792 0.7457604 0.7451587 0.7445267 0.7439052 0.7433560 0.7428274 0.7423560 0.7419058 0.7413386 0.7402135 0.7367422 0.7367422 -9999.000 -9999.000 -9999.000 -9999.000 -9999.000 -9999.000 -9999.000 -9999.000 -9999.000 -9999.000 -9999.000 -9999.000 -9999.000 -9999.000 -9999.000 -9999.000 -9999.000 -9999.000 -9999.000 -9999.000 -9999.000 -9999.000 -9999.000 -9999.000 -9999.000 -9999.000 -9999.000 -9999.000
0.8196788 0.8196788 0.8216113 0.8096827 0.8016576 0.8016576 0.7982430 0.7929770 0.7929770 0.7886643 0.7886643 0.7850291 0.7834093 0.7818965 0.7804098 0.7804098 0.7472343 0.7458790 0.7444210 0.7445612 0.7458544 0.7475728 0.7497371 0.7526060 0.7552664 0.7578868 0.7599548 0.7600058 0.7538172 0.7249272 0.7249272 0.5124590 0.4747815 0.4516532 0.4438305 0.4438305 0.4312454 0.4312454 0.4320268 0.4320268 0.4420639 0.4889745 0.4889745 0.5862102 0.5862102 0.6509990 0.6509990 0.6509990 0.6529960 0.6529960 0.6430805 0.6430805 0.6287656 0.6287656 0.6136378 0.6136378 0.5995955 0.5995955 0.5995955
0.8167510 0.8167510 0.8197694 0.8075995 0.8008053 0.8008053 0.7972280 0.7918939 0.7918939 0.7875862 0.7875862 0.7839646 0.7823516 0.7808455 0.7793668 0.7793668 0.7507125 0.7449881 0.7398889 0.7358574 0.7328326 0.7306235 0.7293213 0.7291138 0.7297108 0.7311352 0.7331576 0.7351087 0.7351750 0.7251949 0.7251949 0.5816609 0.5262600 0.4709134 0.4551737 0.4551737 0.4365088 0.4365088 0.4365084 0.4365084 0.4459858 0.4873781 0.4873781 0.5635318 0.5635318 0.6462802 0.6462802 0.6462802 0.6521138 0.6521138 0.6431866 0.6431866 0.6291673 0.6291673 0.6142263 0.6142263 0.6002566 0.6002566 0.6002566
0.8155554 0.8155554 0.8189666 0.8070379 0.8010006 0.8010006 0.7973232 0.7918777 0.7918777 0.7875467 0.7875467 0.7839184 0.7823027 0.7807940 0.7793037 0.7793037 0.7533821 0.7439888 0.7353987 0.7279380 0.7217316 0.7167141 0.7129015 0.7103979 0.7090572 0.7088521 0.7096443 0.7109661 0.7114425 0.7053822 0.7053822 0.6153404 0.5583670 0.4892841 0.4682763 0.4682763 0.4459408 0.4459408 0.4499676 0.4499676 0.4619520 0.5010796 0.5010796 0.5578404 0.5578404 0.6369242 0.6369242 0.6369242 0.6479608 0.6479608 0.6415402 0.6415402 0.6284980 0.6284980 0.6139457 0.6139457 0.6001907 0.6001907 0.6001907
0.8154075 0.8154075 0.8180746 0.8067459 0.8012154 0.8012154 0.7974731 0.7919056 0.7919056 0.7875507 0.7875507 0.7839227 0.7823077 0.7807989 0.7792920 0.7792920 0.7550914 0.7425841 0.7306651 0.7199346 0.7106978 0.7030183 0.6969070 0.6923975 0.6893780 0.6877607 0.6874090 0.6879647 0.6884016 0.6846115 0.6846115 0.6280335 0.5779586 0.5068187 0.4840217 0.4840217 0.4636356 0.4636356 0.4756831 0.4756831 0.4900988 0.5231162 0.5231162 0.5589877 0.5589877 0.6227169 0.6227169 0.6227169 0.6386250 0.6386250 0.6364422 0.6364422 0.6256925 0.6256925 0.6123158 0.6123158 0.5993054 0.5993054 0.5993054
0.8150104 0.8150104 0.8175429 0.8065794 0.8013765 0.8013765 0.7975911 0.7919207 0.7919207 0.7875503 0.7875503 0.7839259 0.7823120 0.7808040 0.7792715 0.7792715 0.7554430 0.7402085 0.7252110 0.7113893 0.6992180 0.6888847 0.6804454 0.6739202 0.6692237 0.6662434 0.6648244 0.6646601 0.6649643 0.6627986 0.6627986 0.6272914 0.5867230 0.5216725 0.5015894 0.5015894 0.4920774 0.4920774 0.5137317 0.5137317 0.5274445 0.5479973 0.5479973 0.5636954 0.5636954 0.6067138 0.6067138 0.6067138 0.6250213 0.6250213 0.6277604 0.6277604 0.6205857 0.6205857 0.6093620 0.6093620 0.5977662 0.5977662 0.5977662
0.8147117 0.8147117 0.8171937 0.8064864 0.8015037 0.8015037 0.7976938 0.7919362 0.7919362 0.7875466 0.7875466 0.7839244 0.7823122 0.7808055 0.7792363 0.7792363 0.7541414 0.7363470 0.7185059 0.7018229 0.6868979 0.6740100 0.6632701 0.6547121 0.6482818 0.6438737 0.6413354 0.6404002 0.6404591 0.6394372 0.6394372 0.6176388 0.5869689 0.5351103 0.5235098 0.5235098 0.5335543 0.5335543 0.5592034 0.5592034 0.5671874 0.5710728 0.5710728 0.5700312 0.5700312 0.5921572 0.5921572 0.5921572 0.6093319 0.6093319 0.6160961 0.6160961 0.6131610 0.6131610 0.6049998 0.6049998 0.5955626 0.5955626 0.5955626
0.8145267 0.8145267 0.8170063 0.8064303 0.8015765 0.8015765 0.7977574 0.7919491 0.7919491 0.7875471 0.7875471 0.7839245 0.7823126 0.7808059 0.7791827 0.7791827 0.7508985 0.7304997 0.7099803 0.6906750 0.6732396 0.6579976 0.6450936 0.6345784 0.6264254 0.6205509 0.6168219 0.6150166 0.6146733 0.6143835 0.6143835 0.6017905 0.5809838 0.5517180 0.5557731 0.5557731 0.5866241 0.5866241 0.6034929 0.6034929 0.6022426 0.5902084 0.5902084 0.5770447 0.5770447 0.5809866 0.5809866 0.5809866 0.5938665 0.5938665 0.6025813 0.6025813 0.6036695 0.6036695 0.5991872 0.5991872 0.5926355 0.5926355 0.5926355
0.8144642 0.8144642 0.8169475 0.8064115 0.8016000 0.8016000 0.7977787 0.7919537 0.7919537 0.7875476 0.7875476 0.7839250 0.7823131 0.7808065 0.7791070 0.7791070 0.7453402 0.7221166 0.6990007 0.6772989 0.6576383 0.6403267 0.6255049 0.6132236 0.6034691 0.5961793 0.5912479 0.5885018 0.5876150 0.5877657 0.5877657 0.5818106 0.5717716 0.5799351 0.6047143 0.6047143 0.6426303 0.6426303 0.6392403 0.6392403 0.6291310 0.6054725 0.6054725 0.5842881 0.5842881 0.5736805 0.5736805 0.5736805 0.5803501 0.5803501 0.5885912 0.5885912 0.5926825 0.5926825 0.5920421 0.5920421 0.5889697 0.5889697 0.5889697
0.8145267 0.8145267 0.8170063 0.8064305 0.8015764 0.8015764 0.7977573 0.7919493 0.7919493 0.7875471 0.7875471 0.7839245 0.7823126 0.7808061 0.7790008 0.7790008 0.7369134 0.7105086 0.6848099 0.6609313 0.6393709 0.6203519 0.6039630 0.5902238 0.5791125 0.5705755 0.5645306 0.5608523 0.5593650 0.5599535 0.5599535 0.5601199 0.5649981 0.6290792 0.6688878 0.6688878 0.6891882 0.6891882 0.6644363 0.6644363 0.6485092 0.6178545 0.6178545 0.5914949 0.5914949 0.5697716 0.5697716 0.5697716 0.5696731 0.5696731 0.5754222 0.5754222 0.5810340 0.5810340 0.5839057 0.5839057 0.5846578 0.5846578 0.5846578
0.8147116 0.8147116 0.8171937 0.8064865 0.8015035 0.8015035 0.7976937 0.7919365 0.7919365 0.7875466 0.7875466 0.7839243 0.7823122 0.7808055 0.7788535 0.7788535 0.7247562 0.6947235 0.6664364 0.6406320 0.6175620 0.5972871 0.5797887 0.5650195 0.5529221 0.5434343 0.5364860 0.5319994 0.5300309 0.5318417 0.5318417 0.5414435 0.5724611 0.6987204 0.7330731 0.7330731 0.7197408 0.7197408 0.6814910 0.6814910 0.6626312 0.6281163 0.6281163 0.5983223 0.5983223 0.5683537 0.5683537 0.5683537 0.5619556 0.5619556 0.5640277 0.5640277 0.5696831 0.5696831 0.5753377 0.5753377 0.5799298 0.5799298 0.5799298
0.8150104 0.8150104 0.8175429 0.8065794 0.8013764 0.8013764 0.7975911 0.7919208 0.7919208 0.7875502 0.7875502 0.7839258 0.7823120 0.7808040 0.7786476 0.7786476 0.7074730 0.6733556 0.6425505 0.6151828 0.5911183 0.5701661 0.5521440 0.5369008 0.5243186 0.5143075 0.5067963 0.5017697 0.4998642 0.5062194 0.5062194 0.5374871 0.6125047 0.7692468 0.7774844 0.7774844 0.7371680 0.7371680 0.6933843 0.6933843 0.6732621 0.6365822 0.6365822 0.6044222 0.6044222 0.5685025 0.5685025 0.5685025 0.5568370 0.5568370 0.5549258 0.5549258 0.5595313 0.5595313 0.5670630 0.5670630 0.5751727 0.5751727 0.5751727
