simulation_files/asc/Depth____000329.asc
NCOLS        79
NROWS        79
XLLCENTER         -1.500000
YLLCENTER         -4.800000
CELLSIZE           0.100
NODATA_VALUE     -9999.0
[rows 0 to 25 of 79, columns 0 to 58 of 79]
-9999.000 -9999.000 -9999.000 -9999.000 -9999.000 -9999.000 -9999.000 -9999.000 -9999.000 -9999.000 -9999.000 -9999.000 -9999.000 -9999.000 -9999.000 0.6749264 0.6752918 0.6753019 0.6751804 0.6749904 0.6747591 0.6745018 0.6742426 0.6739837 0.6737345 0.6735008 0.6732777 0.6730304 0.6726522 0.6726040 0.6726040 -9999.000 -9999.000 -9999.000 -9999.000 -9999.000 -9999.000 -9999.000 -9999.000 -9999.000 -9999.000 -9999.000 -9999.000 -9999.000 -9999.000 -9999.000 -9999.000 -9999.000 -9999.000 -9999.000 -9999.000 -9999.000 -9999.000 -9999.000 -9999.000 -9999.000 -9999.000 -9999.000 -9999.000
-9999.000 -9999.000 -9999.000 -9999.000 -9999.000 -9999.000 -9999.000 -9999.000 -9999.000 -9999.000 -9999.000 -9999.000 -9999.000 -9999.000 -9999.000 0.6766827 0.6770350 0.6770424 0.6769430 0.6767911 0.6766090 0.6764085 0.6762093 0.6760122 0.6758246 0.6756510 0.6754864 0.6753001 0.6749963 0.6750293 0.6750293 -9999.000 -9999.000 -9999.000 -9999.000 -9999.000 -9999.000 -9999.000 -9999.000 -9999.000 -9999.000 -9999.000 -9999.000 -9999.000 -9999.000 -9999.000 -9999.000 -9999.000 -9999.000 -9999.000 -9999.000 -9999.000 -9999.000 -9999.000 -9999.000 -9999.000 -9999.000 -9999.000 -9999.000
-9999.000 -9999.000 -9999.000 -9999.000 -9999.000 -9999.000 -9999.000 -9999.000 -9999.000 -9999.000 -9999.000 -9999.000 -9999.000 -9999.000 -9999.000 0.6786014 0.6789834 0.6789975 0.6789037 0.6787580 0.6785834 0.6783916 0.6782027 0.6780165 0.6778401 0.6776770 0.6775209 0.6773381 0.6770269 0.6770556 0.6770556 -9999.000 -9999.000 -9999.000 -9999.000 -9999.000 -9999.000 -9999.000 -9999.000 -9999.000 -9999.000 -9999.000 -9999.000 -9999.000 -9999.000 -9999.000 -9999.000 -9999.000 -9999.000 -9999.000 -9999.000 -9999.000 -9999.000 -9999.000 -9999.000 -9999.000 -9999.000 -9999.000 -9999.000
-9999.000 -9999.000 -9999.000 -9999.000 -9999.000 -9999.000 -9999.000 -9999.000 -9999.000 -9999.000 -9999.000 -9999.000 -9999.000 -9999.000 -9999.000 0.6805698 0.6809691 0.6809853 0.6808919 0.6807464 0.6805721 0.6803809 0.6801934 0.6800089 0.6798342 0.6796728 0.6795173 0.6793314 0.6790065 0.6790134 0.6790134 -9999.000 -9999.000 -9999.000 -9999.000 -9999.000 -9999.000 -9999.000 -9999.000 -9999.000 -9999.000 -9999.000 -9999.000 -9999.000 -9999.000 -9999.000 -9999.000 -9999.000 -9999.000 -9999.000 -9999.000 -9999.000 -9999.000 -9999.000 -9999.000 -9999.000 -9999.000 -9999.000 -9999.000
-9999.000 -9999.000 -9999.000 -9999.000 -9999.000 -9999.000 -9999.000 -9999.000 -9999.000 -9999.000 -9999.000 -9999.000 -9999.000 -9999.000 -9999.000 0.6825590 0.6829701 0.6829861 0.6828904 0.6827420 0.6825644 0.6823696 0.6821795 0.6819921 0.6818148 0.6816510 0.6814922 0.6812994 0.6809555 0.6809259 0.6809259 -9999.000 -9999.000 -9999.000 -9999.000 -9999.000 -9999.000 -9999.000 -9999.000 -9999.000 -9999.000 -9999.000 -9999.000 -9999.000 -9999.000 -9999.000 -9999.000 -9999.000 -9999.000 -9999.000 -9999.000 -9999.000 -9999.000 -9999.000 -9999.000 -9999.000 -9999.000 -9999.000 -9999.000
-9999.000 -9999.000 -9999.000 -9999.000 -9999.000 -9999.000 -9999.000 -9999.000 -9999.000 -9999.000 -9999.000 -9999.000 -9999.000 -9999.000 -9999.000 0.6845558 0.6849757 0.6849903 0.6848907 0.6847377 0.6845549 0.6843547 0.6841599 0.6839673 0.6837853 0.6836169 0.6834527 0.6832502 0.6828823 0.6828017 0.6828017 -9999.000 -9999.000 -9999.000 -9999.000 -9999.000 -9999.000 -9999.000 -9999.000 -9999.000 -9999.000 -9999.000 -9999.000 -9999.000 -9999.000 -9999.000 -9999.000 -9999.000 -9999.000 -9999.000 -9999.000 -9999.000 -9999.000 -9999.000 -9999.000 -9999.000 -9999.000 -9999.000 -9999.000
-9999.000 -9999.000 -9999.000 -9999.000 -9999.000 -9999.000 -9999.000 -9999.000 -9999.000 -9999.000 -9999.000 -9999.000 -9999.000 -9999.000 -9999.000 0.6865532 0.6869806 0.6869925 0.6868883 0.6867298 0.6865409 0.6863341 0.6861335 0.6859346 0.6857466 0.6855723 0.6854013 0.6851869 0.6847898 0.6846409 0.6846409 -9999.000 -9999.000 -9999.000 -9999.000 -9999.000 -9999.000 -9999.000 -9999.000 -9999.000 -9999.000 -9999.000 -9999.000 -9999.000 -9999.000 -9999.000 -9999.000 -9999.000 -9999.000 -9999.000 -9999.000 -9999.000 -9999.000 -9999.000 -9999.000 -9999.000 -9999.000 -9999.000 -9999.000
-9999.000 -9999.000 -9999.000 -9999.000 -9999.000 -9999.000 -9999.000 -9999.000 -9999.000 -9999.000 -9999.000 -9999.000 -9999.000 -9999.000 -9999.000 0.6885476 0.6889817 0.6889900 0.6888803 0.6887158 0.6885203 0.6883062 0.6880993 0.6878933 0.6876984 0.6875174 0.6873382 0.6871096 0.6866776 0.6864382 0.6864382 -9999.000 -9999.000 -9999.000 -9999.000 -9999.000 -9999.000 -9999.000 -9999.000 -9999.000 -9999.000 -9999.000 -9999.000 -9999.000 -9999.000 -9999.000 -9999.000 -9999.000 -9999.000 -9999.000 -9999.000 -9999.000 -9999.000 -9999.000 -9999.000 -9999.000 -9999.000 -9999.000 -9999.000
-9999.000 -9999.000 -9999.000 -9999.000 -9999.000 -9999.000 -9999.000 -9999.000 -9999.000 -9999.000 -9999.000 -9999.000 -9999.000 -9999.000 -9999.000 0.6905366 0.6909770 0.6909809 0.6908650 0.6906940 0.6904914 0.6902694 0.6900559 0.6898420 0.6896396 0.6894512 0.6892627 0.6890172 0.6885433 0.6881838 0.6881838 -9999.000 -9999.000 -9999.000 -9999.000 -9999.000 -9999.000 -9999.000 -9999.000 -9999.000 -9999.000 -9999.000 -9999.000 -9999.000 -9999.000 -9999.000 -9999.000 -9999.000 -9999.000 -9999.000 -9999.000 -9999.000 -9999.000 -9999.000 -9999.000 -9999.000 -9999.000 -9999.000 -9999.000
-9999.000 -9999.000 -9999.000 -9999.000 -9999.000 -9999.000 -9999.000 -9999.000 -9999.000 -9999.000 -9999.000 -9999.000 -9999.000 -9999.000 -9999.000 0.6925180 0.6929647 0.6929631 0.6928404 0.6926625 0.6924523 0.6922219 0.6920015 0.6917791 0.6915685 0.6913719 0.6911728 0.6909074 0.6903829 0.6898625 0.6898625 -9999.000 -9999.000 -9999.000 -9999.000 -9999.000 -9999.000 -9999.000 -9999.000 -9999.000 -9999.000 -9999.000 -9999.000 -9999.000 -9999.000 -9999.000 -9999.000 -9999.000 -9999.000 -9999.000 -9999.000 -9999.000 -9999.000 -9999.000 -9999.000 -9999.000 -9999.000 -9999.000 -9999.000
-9999.000 -9999.000 -9999.000 -9999.000 -9999.000 -9999.000 -9999.000 -9999.000 -9999.000 -9999.000 -9999.000 -9999.000 -9999.000 -9999.000 -9999.000 0.6944894 0.6949427 0.6949345 0.6948042 0.6946189 0.6944006 0.6941613 0.6939338 0.6937022 0.6934827 0.6932769 0.6930658 0.6927766 0.6921906 0.6914514 0.6914514 -9999.000 -9999.000 -9999.000 -9999.000 -9999.000 -9999.000 -9999.000 -9999.000 -9999.000 -9999.000 -9999.000 -9999.000 -9999.000 -9999.000 -9999.000 -9999.000 -9999.000 -9999.000 -9999.000 -9999.000 -9999.000 -9999.000 -9999.000 -9999.000 -9999.000 -9999.000 -9999.000 -9999.000
-9999.000 -9999.000 -9999.000 -9999.000 -9999.000 -9999.000 -9999.000 -9999.000 -9999.000 -9999.000 -9999.000 -9999.000 -9999.000 -9999.000 -9999.000 0.6964475 0.6969082 0.6968927 0.6967536 0.6965603 0.6963335 0.6960846 0.6958498 0.6956078 0.6953787 0.6951627 0.6949375 0.6946194 0.6939583 0.6929158 0.6929158 -9999.000 -9999.000 -9999.000 -9999.000 -9999.000 -9999.000 -9999.000 -9999.000 -9999.000 -9999.000 -9999.000 -9999.000 -9999.000 -9999.000 -9999.000 -9999.000 -9999.000 -9999.000 -9999.000 -9999.000 -9999.000 -9999.000 -9999.000 -9999.000 -9999.000 -9999.000 -9999.000 -9999.000
-9999.000 -9999.000 -9999.000 -9999.000 -9999.000 -9999.000 -9999.000 -9999.000 -9999.000 -9999.000 -9999.000 -9999.000 -9999.000 -9999.000 -9999.000 0.6983879 0.6988578 0.6988335 0.6986848 0.6984827 0.6982465 0.6979874 0.6977447 0.6974913 0.6972513 0.6970237 0.6967815 0.6964280 0.6956734 0.6942009 0.6942009 -9999.000 -9999.000 -9999.000 -9999.000 -9999.000 -9999.000 -9999.000 -9999.000 -9999.000 -9999.000 -9999.000 -9999.000 -9999.000 -9999.000 -9999.000 -9999.000 -9999.000 -9999.000 -9999.000 -9999.000 -9999.000 -9999.000 -9999.000 -9999.000 -9999.000 -9999.000 -9999.000 -9999.000
-9999.000 -9999.000 -9999.000 -9999.000 -9999.000 -9999.000 -9999.000 -9999.000 -9999.000 -9999.000 -9999.000 -9999.000 -9999.000 -9999.000 -9999.000 0.7002840 0.7007747 0.7007458 0.7005908 0.7003821 0.7001374 0.6998672 0.6996161 0.6993489 0.6990957 0.6988536 0.6985900 0.6981911 0.6973180 0.6952210 0.6952210 -9999.000 -9999.000 -9999.000 -9999.000 -9999.000 -9999.000 -9999.000 -9999.000 -9999.000 -9999.000 -9999.000 -9999.000 -9999.000 -9999.000 -9999.000 -9999.000 -9999.000 -9999.000 -9999.000 -9999.000 -9999.000 -9999.000 -9999.000 -9999.000 -9999.000 -9999.000 -9999.000 -9999.000
-9999.000 -9999.000 -9999.000 -9999.000 -9999.000 -9999.000 -9999.000 -9999.000 -9999.000 -9999.000 -9999.000 -9999.000 -9999.000 -9999.000 -9999.000 0.6975079 0.7014025 0.7029777 0.7033639 0.7031670 0.7028728 0.7025082 0.7021452 0.7017508 0.7013723 0.7010119 0.7006310 0.7000797 0.6989086 0.6951726 0.6951726 -9999.000 -9999.000 -9999.000 -9999.000 -9999.000 -9999.000 -9999.000 -9999.000 -9999.000 -9999.000 -9999.000 -9999.000 -9999.000 -9999.000 -9999.000 -9999.000 -9999.000 -9999.000 -9999.000 -9999.000 -9999.000 -9999.000 -9999.000 -9999.000 -9999.000 -9999.000 -9999.000 -9999.000
0.7664734 0.7664734 0.7730136 0.7514776 0.7478423 0.7478423 0.7449907 0.7401323 0.7401323 0.7360162 0.7360162 0.7324866 0.7308977 0.7294068 0.7279711 0.7279711 0.7056357 0.7044286 0.7039561 0.7046466 0.7058185 0.7073998 0.7097585 0.7120779 0.7145181 0.7168305 0.7184268 0.7177361 0.7105824 0.6806098 0.6806098 0.4747648 0.4399748 0.4201810 0.4136353 0.4136353 0.4038584 0.4038584 0.4085068 0.4085068 0.4206076 0.4714588 0.4714588 0.5753241 0.5753241 0.6136742 0.6136742 0.6136742 0.6118677 0.6118677 0.6012610 0.6012610 0.5876387 0.5876387 0.5737100 0.5737100 0.5610852 0.5610852 0.5610852
0.7634532 0.7634532 0.7717502 0.7505180 0.7468001 0.7468001 0.7439396 0.7390998 0.7390998 0.7350004 0.7350004 0.7314835 0.7299013 0.7284167 0.7269888 0.7269888 0.7075621 0.7029492 0.6988381 0.6954923 0.6927962 0.6908536 0.6899270 0.6898037 0.6905410 0.6920368 0.6939939 0.6956807 0.6953307 0.6824496 0.6824496 0.5424991 0.4896236 0.4382580 0.4241244 0.4241244 0.4086603 0.4086603 0.4122839 0.4122839 0.4235409 0.4676633 0.4676633 0.5503691 0.5503691 0.6116825 0.6116825 0.6116825 0.6118088 0.6118088 0.6015812 0.6015812 0.5880323 0.5880323 0.5742097 0.5742097 0.5616272 0.5616272 0.5616272
0.7617368 0.7617368 0.7719227 0.7505946 0.7468114 0.7468114 0.7439075 0.7390576 0.7390576 0.7349656 0.7349656 0.7314460 0.7298606 0.7283717 0.7269353 0.7269353 0.7089357 0.7013036 0.6940376 0.6875692 0.6820201 0.6774970 0.6741807 0.6719876 0.6709274 0.6709507 0.6718640 0.6731265 0.6733347 0.6655329 0.6655329 0.5756648 0.5210484 0.4561186 0.4369593 0.4369593 0.4183151 0.4183151 0.4255964 0.4255964 0.4386045 0.4781963 0.4781963 0.5390686 0.5390686 0.6049237 0.6049237 0.6049237 0.6092733 0.6092733 0.6006499 0.6006499 0.5876576 0.5876576 0.5740765 0.5740765 0.5616448 0.5616448 0.5616448
0.7603495 0.7603495 0.7726044 0.7506960 0.7468882 0.7468882 0.7439357 0.7390601 0.7390601 0.7349691 0.7349691 0.7314493 0.7298633 0.7283736 0.7269281 0.7269281 0.7095371 0.6992028 0.6889492 0.6795334 0.6712891 0.6643785 0.6589391 0.6549337 0.6523234 0.6510383 0.6509164 0.6515428 0.6518394 0.6467934 0.6467934 0.5894111 0.5408132 0.4735849 0.4528784 0.4528784 0.4366256 0.4366256 0.4508135 0.4508135 0.4649619 0.4962203 0.4962203 0.5343652 0.5343652 0.5926075 0.5926075 0.5926075 0.6021840 0.6021840 0.5969087 0.5969087 0.5855551 0.5855551 0.5728204 0.5728204 0.5609788 0.5609788 0.5609788
0.7592692 0.7592692 0.7728059 0.7507361 0.7469323 0.7469323 0.7439461 0.7390547 0.7390547 0.7349709 0.7349709 0.7314534 0.7298673 0.7283767 0.7269172 0.7269172 0.7090343 0.6962049 0.6831421 0.6709168 0.6600406 0.6507565 0.6432064 0.6373945 0.6332713 0.6307488 0.6296685 0.6296862 0.6299616 0.6269208 0.6269208 0.5902754 0.5503995 0.4890112 0.4713317 0.4713317 0.4657882 0.4657882 0.4870111 0.4870111 0.4990948 0.5168880 0.5168880 0.5341565 0.5341565 0.5772977 0.5772977 0.5772977 0.5908613 0.5908613 0.5900807 0.5900807 0.5815796 0.5815796 0.5705201 0.5705201 0.5598316 0.5598316 0.5598316
0.7584981 0.7584981 0.7728916 0.7507329 0.7469516 0.7469516 0.7439479 0.7390482 0.7390482 0.7349720 0.7349720 0.7314572 0.7298707 0.7283794 0.7268997 0.7268997 0.7071563 0.6918796 0.6761662 0.6613066 0.6479302 0.6363465 0.6267177 0.6190825 0.6134075 0.6096085 0.6075379 0.6069070 0.6070592 0.6054797 0.6054797 0.5825418 0.5520369 0.5039617 0.4950545 0.4950545 0.5070821 0.5070821 0.5287986 0.5287986 0.5345455 0.5363215 0.5363215 0.5369335 0.5369335 0.5623478 0.5623478 0.5623478 0.5769389 0.5769389 0.5804460 0.5804460 0.5756404 0.5756404 0.5671065 0.5671065 0.5582205 0.5582205 0.5582205
0.7580358 0.7580358 0.7729200 0.7507238 0.7469589 0.7469589 0.7439461 0.7390431 0.7390431 0.7349730 0.7349730 0.7314603 0.7298735 0.7283820 0.7268736 0.7268736 0.7036176 0.6857843 0.6675237 0.6502133 0.6345270 0.6208019 0.6092101 0.5998124 0.5925946 0.5874887 0.5843700 0.5830040 0.5828910 0.5823255 0.5823255 0.5688095 0.5480306 0.5233762 0.5296569 0.5296569 0.5575996 0.5575996 0.5682764 0.5682764 0.5653514 0.5527926 0.5527926 0.5415742 0.5415742 0.5501155 0.5501155 0.5501155 0.5624649 0.5624649 0.5687923 0.5687923 0.5678395 0.5678395 0.5625136 0.5625136 0.5561018 0.5561018 0.5561018
0.7578816 0.7578816 0.7729256 0.7507203 0.7469606 0.7469606 0.7439451 0.7390413 0.7390413 0.7349737 0.7349737 0.7314618 0.7298751 0.7283832 0.7268345 0.7268345 0.6980439 0.6774102 0.6566418 0.6370592 0.6192961 0.6036654 0.5903212 0.5793225 0.5706640 0.5642946 0.5601154 0.5579466 0.5574358 0.5575714 0.5575714 0.5510980 0.5415782 0.5554662 0.5796131 0.5796131 0.6082776 0.6082776 0.5996034 0.5996034 0.5890742 0.5663647 0.5663647 0.5473010 0.5473010 0.5415264 0.5415264 0.5415264 0.5492064 0.5492064 0.5562457 0.5562457 0.5585575 0.5585575 0.5567894 0.5567894 0.5534505 0.5534505 0.5534505
0.7580358 0.7580358 0.7729200 0.7507239 0.7469588 0.7469588 0.7439460 0.7390430 0.7390430 0.7349729 0.7349729 0.7314603 0.7298737 0.7283821 0.7267773 0.7267773 0.6898956 0.6661106 0.6428229 0.6211487 0.6015865 0.5843617 0.5695700 0.5572382 0.5473506 0.5398623 0.5346966 0.5317253 0.5307586 0.5315852 0.5315852 0.5319188 0.5388757 0.6073344 0.6405836 0.6405836 0.6486317 0.6486317 0.6219006 0.6219006 0.6065772 0.5776971 0.5776971 0.5534914 0.5534914 0.5363860 0.5363860 0.5363860 0.5382575 0.5382575 0.5439988 0.5439988 0.5484465 0.5484465 0.5501634 0.5501634 0.5503132 0.5503132 0.5503132
0.7584981 0.7584981 0.7728917 0.7507330 0.7469517 0.7469517 0.7439479 0.7390482 0.7390482 0.7349719 0.7349719 0.7314572 0.7298707 0.7283795 0.7266964 0.7266964 0.6783436 0.6509857 0.6251608 0.6016119 0.5805954 0.5621763 0.5463442 0.5330591 0.5222704 0.5139234 0.5079527 0.5042810 0.5029724 0.5053000 0.5053000 0.5163925 0.5523376 0.6744635 0.6966859 0.6966859 0.6748109 0.6748109 0.6374751 0.6374751 0.6197423 0.5872648 0.5872648 0.5595995 0.5595995 0.5339322 0.5339322 0.5339322 0.5299955 0.5299955 0.5330489 0.5330489 0.5383349 0.5383349 0.5430716 0.5430716 0.5468490 0.5468490 0.5468490
0.7592692 0.7592692 0.7728059 0.7507361 0.7469323 0.7469323 0.7439461 0.7390548 0.7390548 0.7349707 0.7349707 0.7314535 0.7298673 0.7283766 0.7265839 0.7265839 0.6620625 0.6307109 0.6024094 0.5773146 0.5553111 0.5362223 0.5198798 0.5061432 0.4949037 0.4860796 0.4796050 0.4754695 0.4743712 0.4816353 0.4816353 0.5169876 0.5990035 0.7354381 0.7325294 0.7325294 0.6903704 0.6903704 0.6487142 0.6487142 0.6299185 0.5952078 0.5952078 0.5651668 0.5651668 0.5332745 0.5332745 0.5332745 0.5242629 0.5242629 0.5240403 0.5240403 0.5290718 0.5290718 0.5361164 0.5361164 0.5433400 0.5433400 0.5433400
