simulation_files/asc/Depth____191.0.asc
NCOLS        79
NROWS        79
XLLCENTER         -1.500000
YLLCENTER         -4.800000
CELLSIZE           0.100
NODATA_VALUE     -9999.0
[rows 0 to 25 of 79, columns 0 to 58 of 79]
-9999.000 -9999.000 -9999.000 -9999.000 -9999.000 -9999.000 -9999.000 -9999.000 -9999.000 -9999.000 -9999.000 -9999.000 -9999.000 -9999.000 -9999.000 0.7379487 0.7384851 0.7387859 0.7389088 0.7387695 0.7384957 0.7381742 0.7378360 0.7374999 0.7371956 0.7369154 0.7366609 0.7364108 0.7360653 0.7360417 0.7360417 -9999.000 -9999.000 -9999.000 -9999.000 -9999.000 -9999.000 -9999.000 -9999.000 -9999.000 -9999.000 -9999.000 -9999.000 -9999.000 -9999.000 -9999.000 -9999.000 -9999.000 -9999.000 -9999.000 -9999.000 -9999.000 -9999.000 -9999.000 -9999.000 -9999.000 -9999.000 -9999.000 -9999.000
-9999.000 -9999.000 -9999.000 -9999.000 -9999.000 -9999.000 -9999.000 -9999.000 -9999.000 -9999.000 -9999.000 -9999.000 -9999.000 -9999.000 -9999.000 0.7397698 0.7402455 0.7404896 0.7405886 0.7404735 0.7402536 0.7400012 0.7397403 0.7394846 0.7392576 0.7390510 0.7388650 0.7386796 0.7384063 0.7384664 0.7384664 -9999.000 -9999.000 -9999.000 -9999.000 -9999.000 -9999.000 -9999.000 -9999.000 -9999.000 -9999.000 -9999.000 -9999.000 -9999.000 -9999.000 -9999.000 -9999.000 -9999.000 -9999.000 -9999.000 -9999.000 -9999.000 -9999.000 -9999.000 -9999.000 -9999.000 -9999.000 -9999.000 -9999.000
-9999.000 -9999.000 -9999.000 -9999.000 -9999.000 -9999.000 -9999.000 -9999.000 -9999.000 -9999.000 -9999.000 -9999.000 -9999.000 -9999.000 -9999.000 0.7416826 0.7421978 0.7424569 0.7425680 0.7424598 0.7422448 0.7419982 0.7417442 0.7414963 0.7412787 0.7410809 0.7409023 0.7407212 0.7404435 0.7405005 0.7405005 -9999.000 -9999.000 -9999.000 -9999.000 -9999.000 -9999.000 -9999.000 -9999.000 -9999.000 -9999.000 -9999.000 -9999.000 -9999.000 -9999.000 -9999.000 -9999.000 -9999.000 -9999.000 -9999.000 -9999.000 -9999.000 -9999.000 -9999.000 -9999.000 -9999.000 -9999.000 -9999.000 -9999.000
-9999.000 -9999.000 -9999.000 -9999.000 -9999.000 -9999.000 -9999.000 -9999.000 -9999.000 -9999.000 -9999.000 -9999.000 -9999.000 -9999.000 -9999.000 0.7436434 0.7441856 0.7444544 0.7445720 0.7444645 0.7442477 0.7439995 0.7437443 0.7434955 0.7432784 0.7430809 0.7429020 0.7427188 0.7424311 0.7424685 0.7424685 -9999.000 -9999.000 -9999.000 -9999.000 -9999.000 -9999.000 -9999.000 -9999.000 -9999.000 -9999.000 -9999.000 -9999.000 -9999.000 -9999.000 -9999.000 -9999.000 -9999.000 -9999.000 -9999.000 -9999.000 -9999.000 -9999.000 -9999.000 -9999.000 -9999.000 -9999.000 -9999.000 -9999.000
-9999.000 -9999.000 -9999.000 -9999.000 -9999.000 -9999.000 -9999.000 -9999.000 -9999.000 -9999.000 -9999.000 -9999.000 -9999.000 -9999.000 -9999.000 0.7456214 0.7461860 0.7464625 0.7465840 0.7464743 0.7462523 0.7459989 0.7457386 0.7454849 0.7452648 0.7450637 0.7448813 0.7446927 0.7443909 0.7443958 0.7443958 -9999.000 -9999.000 -9999.000 -9999.000 -9999.000 -9999.000 -9999.000 -9999.000 -9999.000 -9999.000 -9999.000 -9999.000 -9999.000 -9999.000 -9999.000 -9999.000 -9999.000 -9999.000 -9999.000 -9999.000 -9999.000 -9999.000 -9999.000 -9999.000 -9999.000 -9999.000 -9999.000 -9999.000
-9999.000 -9999.000 -9999.000 -9999.000 -9999.000 -9999.000 -9999.000 -9999.000 -9999.000 -9999.000 -9999.000 -9999.000 -9999.000 -9999.000 -9999.000 0.7476036 0.7481888 0.7484719 0.7485960 0.7484825 0.7482536 0.7479934 0.7477263 0.7474658 0.7472411 0.7470346 0.7468469 0.7466511 0.7463316 0.7462918 0.7462918 -9999.000 -9999.000 -9999.000 -9999.000 -9999.000 -9999.000 -9999.000 -9999.000 -9999.000 -9999.000 -9999.000 -9999.000 -9999.000 -9999.000 -9999.000 -9999.000 -9999.000 -9999.000 -9999.000 -9999.000 -9999.000 -9999.000 -9999.000 -9999.000 -9999.000 -9999.000 -9999.000 -9999.000
-9999.000 -9999.000 -9999.000 -9999.000 -9999.000 -9999.000 -9999.000 -9999.000 -9999.000 -9999.000 -9999.000 -9999.000 -9999.000 -9999.000 -9999.000 0.7495842 0.7501894 0.7504780 0.7506039 0.7504858 0.7502489 0.7499812 0.7497064 0.7494382 0.7492082 0.7489954 0.7488013 0.7485968 0.7482564 0.7481578 0.7481578 -9999.000 -9999.000 -9999.000 -9999.000 -9999.000 -9999.000 -9999.000 -9999.000 -9999.000 -9999.000 -9999.000 -9999.000 -9999.000 -9999.000 -9999.000 -9999.000 -9999.000 -9999.000 -9999.000 -9999.000 -9999.000 -9999.000 -9999.000 -9999.000 -9999.000 -9999.000 -9999.000 -9999.000
-9999.000 -9999.000 -9999.000 -9999.000 -9999.000 -9999.000 -9999.000 -9999.000 -9999.000 -9999.000 -9999.000 -9999.000 -9999.000 -9999.000 -9999.000 0.7515603 0.7521854 0.7524787 0.7526056 0.7524819 0.7522364 0.7519606 0.7516778 0.7514012 0.7511659 0.7509460 0.7507450 0.7505307 0.7501655 0.7499906 0.7499906 -9999.000 -9999.000 -9999.000 -9999.000 -9999.000 -9999.000 -9999.000 -9999.000 -9999.000 -9999.000 -9999.000 -9999.000 -9999.000 -9999.000 -9999.000 -9999.000 -9999.000 -9999.000 -9999.000 -9999.000 -9999.000 -9999.000 -9999.000 -9999.000 -9999.000 -9999.000 -9999.000 -9999.000
-9999.000 -9999.000 -9999.000 -9999.000 -9999.000 -9999.000 -9999.000 -9999.000 -9999.000 -9999.000 -9999.000 -9999.000 -9999.000 -9999.000 -9999.000 0.7535303 0.7541752 0.7544723 0.7545994 0.7544693 0.7542144 0.7539302 0.7536390 0.7533538 0.7531133 0.7528859 0.7526773 0.7524518 0.7520575 0.7517834 0.7517834 -9999.000 -9999.000 -9999.000 -9999.000 -9999.000 -9999.000 -9999.000 -9999.000 -9999.000 -9999.000 -9999.000 -9999.000 -9999.000 -9999.000 -9999.000 -9999.000 -9999.000 -9999.000 -9999.000 -9999.000 -9999.000 -9999.000 -9999.000 -9999.000 -9999.000 -9999.000 -9999.000 -9999.000
-9999.000 -9999.000 -9999.000 -9999.000 -9999.000 -9999.000 -9999.000 -9999.000 -9999.000 -9999.000 -9999.000 -9999.000 -9999.000 -9999.000 -9999.000 0.7554928 0.7561579 0.7564574 0.7565839 0.7564465 0.7561814 0.7558885 0.7555888 0.7552944 0.7550490 0.7548136 0.7545968 0.7543586 0.7539300 0.7535262 0.7535262 -9999.000 -9999.000 -9999.000 -9999.000 -9999.000 -9999.000 -9999.000 -9999.000 -9999.000 -9999.000 -9999.000 -9999.000 -9999.000 -9999.000 -9999.000 -9999.000 -9999.000 -9999.000 -9999.000 -9999.000 -9999.000 -9999.000 -9999.000 -9999.000 -9999.000 -9999.000 -9999.000 -9999.000
-9999.000 -9999.000 -9999.000 -9999.000 -9999.000 -9999.000 -9999.000 -9999.000 -9999.000 -9999.000 -9999.000 -9999.000 -9999.000 -9999.000 -9999.000 0.7574464 0.7581318 0.7584326 0.7585573 0.7584113 0.7581353 0.7578335 0.7575248 0.7572211 0.7569712 0.7567271 0.7565014 0.7562487 0.7557794 0.7552041 0.7552041 -9999.000 -9999.000 -9999.000 -9999.000 -9999.000 -9999.000 -9999.000 -9999.000 -9999.000 -9999.000 -9999.000 -9999.000 -9999.000 -9999.000 -9999.000 -9999.000 -9999.000 -9999.000 -9999.000 -9999.000 -9999.000 -9999.000 -9999.000 -9999.000 -9999.000 -9999.000 -9999.000 -9999.000
-9999.000 -9999.000 -9999.000 -9999.000 -9999.000 -9999.000 -9999.000 -9999.000 -9999.000 -9999.000 -9999.000 -9999.000 -9999.000 -9999.000 -9999.000 0.7593889 0.7600950 0.7603955 0.7605177 0.7603620 0.7600737 0.7597628 0.7594450 0.7591313 0.7588775 0.7586239 0.7583884 0.7581189 0.7576010 0.7567955 0.7567955 -9999.000 -9999.000 -9999.000 -9999.000 -9999.000 -9999.000 -9999.000 -9999.000 -9999.000 -9999.000 -9999.000 -9999.000 -9999.000 -9999.000 -9999.000 -9999.000 -9999.000 -9999.000 -9999.000 -9999.000 -9999.000 -9999.000 -9999.000 -9999.000 -9999.000 -9999.000 -9999.000 -9999.000
-9999.000 -9999.000 -9999.000 -9999.000 -9999.000 -9999.000 -9999.000 -9999.000 -9999.000 -9999.000 -9999.000 -9999.000 -9999.000 -9999.000 -9999.000 0.7613064 0.7620355 0.7623352 0.7624584 0.7622970 0.7619975 0.7616771 0.7613495 0.7610250 0.7607674 0.7605027 0.7602560 0.7599663 0.7593892 0.7582695 0.7582695 -9999.000 -9999.000 -9999.000 -9999.000 -9999.000 -9999.000 -9999.000 -9999.000 -9999.000 -9999.000 -9999.000 -9999.000 -9999.000 -9999.000 -9999.000 -9999.000 -9999.000 -9999.000 -9999.000 -9999.000 -9999.000 -9999.000 -9999.000 -9999.000 -9999.000 -9999.000 -9999.000 -9999.000
-9999.000 -9999.000 -9999.000 -9999.000 -9999.000 -9999.000 -9999.000 -9999.000 -9999.000 -9999.000 -9999.000 -9999.000 -9999.000 -9999.000 -9999.000 0.7628160 0.7636403 0.7640347 0.7643488 0.7643034 0.7640185 0.7636848 0.7633381 0.7629903 0.7627179 0.7624289 0.7621595 0.7618377 0.7611821 0.7596290 0.7596290 -9999.000 -9999.000 -9999.000 -9999.000 -9999.000 -9999.000 -9999.000 -9999.000 -9999.000 -9999.000 -9999.000 -9999.000 -9999.000 -9999.000 -9999.000 -9999.000 -9999.000 -9999.000 -9999.000 -9999.000 -9999.000 -9999.000 -9999.000 -9999.000 -9999.000 -9999.000 -9999.000 -9999.000
-9999.000 -9999.000 -9999.000 -9999.000 -9999.000 -9999.000 -9999.000 -9999.000 -9999.000 -9999.000 -9999.000 -9999.000 -9999.000 -9999.000 -9999.000 0.7488286 0.7591354 0.7649224 0.7692599 0.7706446 0.7698845 0.7688082 0.7677610 0.7667911 0.7660156 0.7653080 0.7647031 0.7640901 0.7630879 0.7602025 0.7602025 -9999.000 -9999.000 -9999.000 -9999.000 -9999.000 -9999.000 -9999.000 -9999.000 -9999.000 -9999.000 -9999.000 -9999.000 -9999.000 -9999.000 -9999.000 -9999.000 -9999.000 -9999.000 -9999.000 -9999.000 -9999.000 -9999.000 -9999.000 -9999.000 -9999.000 -9999.000 -9999.000 -9999.000
0.8607034 0.8607034 0.8650689 0.8402964 0.8357392 0.8357392 0.8321162 0.8261020 0.8261020 0.8211038 0.8211038 0.8168088 0.8148605 0.8130200 0.8112702 0.8112702 0.7698709 0.7684763 0.7672852 0.7657050 0.7664673 0.7682248 0.7703344 0.7727051 0.7761200 0.7789701 0.7815660 0.7827584 0.7787092 0.7537367 0.7537367 0.5454258 0.5054349 0.4779768 0.4684089 0.4684089 0.4517661 0.4517661 0.4455163 0.4455163 0.4506480 0.4854037 0.4854037 0.5570292 0.5570292 0.6653699 0.6653699 0.6653699 0.6766888 0.6766888 0.6705585 0.6705585 0.6569293 0.6569293 0.6411227 0.6411227 0.6256431 0.6256431 0.6256431
0.8575194 0.8575194 0.8638688 0.8393034 0.8346296 0.8346296 0.8309683 0.8249531 0.8249531 0.8199739 0.8199739 0.8156969 0.8137569 0.8119245 0.8101827 0.8101827 0.7754163 0.7688785 0.7635325 0.7585307 0.7548777 0.7522541 0.7504855 0.7496158 0.7499987 0.7511017 0.7529421 0.7550522 0.7558517 0.7494534 0.7494534 0.6134212 0.5566272 0.4978512 0.4803650 0.4803650 0.4573526 0.4573526 0.4505173 0.4505173 0.4556018 0.4874504 0.4874504 0.5479861 0.5479861 0.6529583 0.6529583 0.6529583 0.6730886 0.6730886 0.6697972 0.6697972 0.6571407 0.6571407 0.6417101 0.6417101 0.6263986 0.6263986 0.6263986
0.8559791 0.8559791 0.8632999 0.8394346 0.8346959 0.8346959 0.8309729 0.8249141 0.8249141 0.8199288 0.8199288 0.8156479 0.8137051 0.8118696 0.8101241 0.8101241 0.7798212 0.7692374 0.7599557 0.7515014 0.7444051 0.7386734 0.7341965 0.7309362 0.7290779 0.7283700 0.7287437 0.7298974 0.7307100 0.7268651 0.7268651 0.6442594 0.5873324 0.5157808 0.4930017 0.4930017 0.4655522 0.4655522 0.4623760 0.4623760 0.4707200 0.5047947 0.5047947 0.5536693 0.5536693 0.6408488 0.6408488 0.6408488 0.6656615 0.6656615 0.6663908 0.6663908 0.6556560 0.6556560 0.6410372 0.6410372 0.6261130 0.6261130 0.6261130
0.8550034 0.8550034 0.8624057 0.8395736 0.8348039 0.8348039 0.8310162 0.8249086 0.8249086 0.8199238 0.8199238 0.8156466 0.8137046 0.8118693 0.8101225 0.8101225 0.7829967 0.7691918 0.7562494 0.7443529 0.7339674 0.7252646 0.7182289 0.7128016 0.7090332 0.7067586 0.7058456 0.7060422 0.7065393 0.7042703 0.7042703 0.6536601 0.6049083 0.5321617 0.5073389 0.5073389 0.4804673 0.4804673 0.4857240 0.4857240 0.4984085 0.5318106 0.5318106 0.5650405 0.5650405 0.6270814 0.6270814 0.6270814 0.6530746 0.6530746 0.6586053 0.6586053 0.6513022 0.6513022 0.6385699 0.6385699 0.6247289 0.6247289 0.6247289
0.8546023 0.8546023 0.8611518 0.8397265 0.8349219 0.8349219 0.8310667 0.8249043 0.8249043 0.8199193 0.8199193 0.8156464 0.8137050 0.8118700 0.8101217 0.8101217 0.7845291 0.7680318 0.7517974 0.7366372 0.7231066 0.7114902 0.7018696 0.6942223 0.6885437 0.6847089 0.6825614 0.6818594 0.6819871 0.6807756 0.6807756 0.6498564 0.6113093 0.5449584 0.5220857 0.5220857 0.5044996 0.5044996 0.5223695 0.5223695 0.5374522 0.5627207 0.5627207 0.5780310 0.5780310 0.6138014 0.6138014 0.6138014 0.6372288 0.6372288 0.6468531 0.6468531 0.6439846 0.6439846 0.6342574 0.6342574 0.6223316 0.6223316 0.6223316
0.8551242 0.8551242 0.8592811 0.8398805 0.8350314 0.8350314 0.8311141 0.8249013 0.8249013 0.8199154 0.8199154 0.8156461 0.8137053 0.8118708 0.8101195 0.8101195 0.7841432 0.7651608 0.7459626 0.7278040 0.7113616 0.6969974 0.6848651 0.6749910 0.6673651 0.6618949 0.6584347 0.6567636 0.6564032 0.6558363 0.6558363 0.6373775 0.6088746 0.5548530 0.5389755 0.5389755 0.5411656 0.5411656 0.5697657 0.5697657 0.5818601 0.5916281 0.5916281 0.5902459 0.5902459 0.6030391 0.6030391 0.6030391 0.6208051 0.6208051 0.6324379 0.6324379 0.6339697 0.6339697 0.6280493 0.6280493 0.6188673 0.6188673 0.6188673
0.8552388 0.8552388 0.8582944 0.8399885 0.8351065 0.8351065 0.8311469 0.8248996 0.8248996 0.8199129 0.8199129 0.8156460 0.8137056 0.8118711 0.8101158 0.8101158 0.7815777 0.7600466 0.7380990 0.7172225 0.6981636 0.6813157 0.6668685 0.6548829 0.6453605 0.6382381 0.6333973 0.6306528 0.6296431 0.6293520 0.6293520 0.6189252 0.5997828 0.5653222 0.5634738 0.5634738 0.5922151 0.5922151 0.6197618 0.6197618 0.6231503 0.6152114 0.6152114 0.6009781 0.6009781 0.5957276 0.5957276 0.5957276 0.6060292 0.6060292 0.6170297 0.6170297 0.6218904 0.6218904 0.6200340 0.6200340 0.6142830 0.6142830 0.6142830
0.8552769 0.8552769 0.8579664 0.8400245 0.8351321 0.8351321 0.8311580 0.8248989 0.8248989 0.8199119 0.8199119 0.8156459 0.8137058 0.8118712 0.8101097 0.8101097 0.7764741 0.7521178 0.7275199 0.7041863 0.6828403 0.6638507 0.6473963 0.6335436 0.6222984 0.6136178 0.6074134 0.6035431 0.6017562 0.6014842 0.6014842 0.5965012 0.5866301 0.5837606 0.6037211 0.6037211 0.6521569 0.6521569 0.6624473 0.6624473 0.6554366 0.6332466 0.6332466 0.6104202 0.6104202 0.5917789 0.5917789 0.5917789 0.5941754 0.5941754 0.6022221 0.6022221 0.6087066 0.6087066 0.6105298 0.6105298 0.6086182 0.6086182 0.6086182
0.8552387 0.8552387 0.8582945 0.8399884 0.8351064 0.8351064 0.8311469 0.8248995 0.8248995 0.8199128 0.8199128 0.8156459 0.8137057 0.8118710 0.8101007 0.8101007 0.7682769 0.7406663 0.7134298 0.6878820 0.6646115 0.6438904 0.6258359 0.6104806 0.5978149 0.5877995 0.5803675 0.5754191 0.5728282 0.5725865 0.5725865 0.5722448 0.5739272 0.6211783 0.6639944 0.6639944 0.7076782 0.7076782 0.6929286 0.6929286 0.6780760 0.6470346 0.6470346 0.6188468 0.6188468 0.5904932 0.5904932 0.5904932 0.5855678 0.5855678 0.5892040 0.5892040 0.5954978 0.5954978 0.6001082 0.6001082 0.6020786 0.6020786 0.6020786
0.8551241 0.8551241 0.8592811 0.8398803 0.8350314 0.8350314 0.8311141 0.8249013 0.8249013 0.8199154 0.8199154 0.8156461 0.8137054 0.8118706 0.8100873 0.8100873 0.7560996 0.7247147 0.6948209 0.6673247 0.6425500 0.6205896 0.6014420 0.5850655 0.5714077 0.5604126 0.5520208 0.5461702 0.5429323 0.5434353 0.5434353 0.5499731 0.5712852 0.6842859 0.7346631 0.7346631 0.7468585 0.7468585 0.7125892 0.7125892 0.6936139 0.6579338 0.6579338 0.6263756 0.6263756 0.5910179 0.5910179 0.5910179 0.5799003 0.5799003 0.5786323 0.5786323 0.5832853 0.5832853 0.5895415 0.5895415 0.5950640 0.5950640 0.5950640
0.8546021 0.8546021 0.8611518 0.8397264 0.8349218 0.8349218 0.8310666 0.8249044 0.8249044 0.8199193 0.8199193 0.8156466 0.8137051 0.8118701 0.8100679 0.8100679 0.7384905 0.7028103 0.6703154 0.6412472 0.6155107 0.5929269 0.5733159 0.5565233 0.5424280 0.5309388 0.5219878 0.5155599 0.5122316 0.5164286 0.5164286 0.5392182 0.5963808 0.7615700 0.7931181 0.7931181 0.7686588 0.7686588 0.7252669 0.7252669 0.7046564 0.6666752 0.6666752 0.6328954 0.6328954 0.5925416 0.5925416 0.5925416 0.5765439 0.5765439 0.5706600 0.5706600 0.5728569 0.5728569 0.5796813 0.5796813 0.5881402 0.5881402 0.5881402
