simulation_files/asc/Depth____124.0.asc
NCOLS        79
NROWS        79
XLLCENTER         -1.500000
YLLCENTER         -4.800000
CELLSIZE           0.100
NODATA_VALUE     -9999.0
[rows 0 to 25 of 79, columns 0 to 58 of 79]
-9999.000 -9999.000 -9999.000 -9999.000 -9999.000 -9999.000 -9999.000 -9999.000 -9999.000 -9999.000 -9999.000 -9999.000 -9999.000 -9999.000 -9999.000 0.4653675 0.4655523 0.4655372 0.4654726 0.4653722 0.4652454 0.4651006 0.4649455 0.4647856 0.4646206 0.4644431 0.4642342 0.4639545 0.4635376 0.4635729 0.4635729 -9999.000 -9999.000 -9999.000 -9999.000 -9999.000 -9999.000 -9999.000 -9999.000 -9999.000 -9999.000 -9999.000 -9999.000 -9999.000 -9999.000 -9999.000 -9999.000 -9999.000 -9999.000 -9999.000 -9999.000 -9999.000 -9999.000 -9999.000 -9999.000 -9999.000 -9999.000 -9999.000 -9999.000
-9999.000 -9999.000 -9999.000 -9999.000 -9999.000 -9999.000 -9999.000 -9999.000 -9999.000 -9999.000 -9999.000 -9999.000 -9999.000 -9999.000 -9999.000 0.4672145 0.4673985 0.4673807 0.4673226 0.4672360 0.4671287 0.4670078 0.4668797 0.4667498 0.4666180 0.4664791 0.4663167 0.4660948 0.4657481 0.4658260 0.4658260 -9999.000 -9999.000 -9999.000 -9999.000 -9999.000 -9999.000 -9999.000 -9999.000 -9999.000 -9999.000 -9999.000 -9999.000 -9999.000 -9999.000 -9999.000 -9999.000 -9999.000 -9999.000 -9999.000 -9999.000 -9999.000 -9999.000 -9999.000 -9999.000 -9999.000 -9999.000 -9999.000 -9999.000
-9999.000 -9999.000 -9999.000 -9999.000 -9999.000 -9999.000 -9999.000 -9999.000 -9999.000 -9999.000 -9999.000 -9999.000 -9999.000 -9999.000 -9999.000 0.4691848 0.4693962 0.4693826 0.4693285 0.4692466 0.4691451 0.4690312 0.4689115 0.4687912 0.4686694 0.4685393 0.4683819 0.4681571 0.4677928 0.4678672 0.4678672 -9999.000 -9999.000 -9999.000 -9999.000 -9999.000 -9999.000 -9999.000 -9999.000 -9999.000 -9999.000 -9999.000 -9999.000 -9999.000 -9999.000 -9999.000 -9999.000 -9999.000 -9999.000 -9999.000 -9999.000 -9999.000 -9999.000 -9999.000 -9999.000 -9999.000 -9999.000 -9999.000 -9999.000
-9999.000 -9999.000 -9999.000 -9999.000 -9999.000 -9999.000 -9999.000 -9999.000 -9999.000 -9999.000 -9999.000 -9999.000 -9999.000 -9999.000 -9999.000 0.4711873 0.4714189 0.4714074 0.4713548 0.4712743 0.4711742 0.4710620 0.4709444 0.4708265 0.4707069 0.4705775 0.4704174 0.4701826 0.4697929 0.4698482 0.4698482 -9999.000 -9999.000 -9999.000 -9999.000 -9999.000 -9999.000 -9999.000 -9999.000 -9999.000 -9999.000 -9999.000 -9999.000 -9999.000 -9999.000 -9999.000 -9999.000 -9999.000 -9999.000 -9999.000 -9999.000 -9999.000 -9999.000 -9999.000 -9999.000 -9999.000 -9999.000 -9999.000 -9999.000
-9999.000 -9999.000 -9999.000 -9999.000 -9999.000 -9999.000 -9999.000 -9999.000 -9999.000 -9999.000 -9999.000 -9999.000 -9999.000 -9999.000 -9999.000 0.4732091 0.4734559 0.4734448 0.4733918 0.4733100 0.4732081 0.4730941 0.4729745 0.4728548 0.4727329 0.4725999 0.4724325 0.4721825 0.4717602 0.4717826 0.4717826 -9999.000 -9999.000 -9999.000 -9999.000 -9999.000 -9999.000 -9999.000 -9999.000 -9999.000 -9999.000 -9999.000 -9999.000 -9999.000 -9999.000 -9999.000 -9999.000 -9999.000 -9999.000 -9999.000 -9999.000 -9999.000 -9999.000 -9999.000 -9999.000 -9999.000 -9999.000 -9999.000 -9999.000
-9999.000 -9999.000 -9999.000 -9999.000 -9999.000 -9999.000 -9999.000 -9999.000 -9999.000 -9999.000 -9999.000 -9999.000 -9999.000 -9999.000 -9999.000 0.4752411 0.4754999 0.4754880 0.4754332 0.4753482 0.4752425 0.4751241 0.4750000 0.4748759 0.4747492 0.4746097 0.4744319 0.4741625 0.4736997 0.4736742 0.4736742 -9999.000 -9999.000 -9999.000 -9999.000 -9999.000 -9999.000 -9999.000 -9999.000 -9999.000 -9999.000 -9999.000 -9999.000 -9999.000 -9999.000 -9999.000 -9999.000 -9999.000 -9999.000 -9999.000 -9999.000 -9999.000 -9999.000 -9999.000 -9999.000 -9999.000 -9999.000 -9999.000 -9999.000
-9999.000 -9999.000 -9999.000 -9999.000 -9999.000 -9999.000 -9999.000 -9999.000 -9999.000 -9999.000 -9999.000 -9999.000 -9999.000 -9999.000 -9999.000 0.4772775 0.4775460 0.4775324 0.4774746 0.4773853 0.4772744 0.4771501 0.4770198 0.4768897 0.4767564 0.4766085 0.4764177 0.4761246 0.4756128 0.4755206 0.4755206 -9999.000 -9999.000 -9999.000 -9999.000 -9999.000 -9999.000 -9999.000 -9999.000 -9999.000 -9999.000 -9999.000 -9999.000 -9999.000 -9999.000 -9999.000 -9999.000 -9999.000 -9999.000 -9999.000 -9999.000 -9999.000 -9999.000 -9999.000 -9999.000 -9999.000 -9999.000 -9999.000 -9999.000
-9999.000 -9999.000 -9999.000 -9999.000 -9999.000 -9999.000 -9999.000 -9999.000 -9999.000 -9999.000 -9999.000 -9999.000 -9999.000 -9999.000 -9999.000 0.4793141 0.4795908 0.4795745 0.4795131 0.4794186 0.4793014 0.4791702 0.4790326 0.4788954 0.4787543 0.4785965 0.4783901 0.4780687 0.4774971 0.4773130 0.4773130 -9999.000 -9999.000 -9999.000 -9999.000 -9999.000 -9999.000 -9999.000 -9999.000 -9999.000 -9999.000 -9999.000 -9999.000 -9999.000 -9999.000 -9999.000 -9999.000 -9999.000 -9999.000 -9999.000 -9999.000 -9999.000 -9999.000 -9999.000 -9999.000 -9999.000 -9999.000 -9999.000 -9999.000
-9999.000 -9999.000 -9999.000 -9999.000 -9999.000 -9999.000 -9999.000 -9999.000 -9999.000 -9999.000 -9999.000 -9999.000 -9999.000 -9999.000 -9999.000 0.4813478 0.4816315 0.4816118 0.4815460 0.4814458 0.4813215 0.4811826 0.4810368 0.4808916 0.4807416 0.4805724 0.4803477 0.4799922 0.4793478 0.4790360 0.4790360 -9999.000 -9999.000 -9999.000 -9999.000 -9999.000 -9999.000 -9999.000 -9999.000 -9999.000 -9999.000 -9999.000 -9999.000 -9999.000 -9999.000 -9999.000 -9999.000 -9999.000 -9999.000 -9999.000 -9999.000 -9999.000 -9999.000 -9999.000 -9999.000 -9999.000 -9999.000 -9999.000 -9999.000
-9999.000 -9999.000 -9999.000 -9999.000 -9999.000 -9999.000 -9999.000 -9999.000 -9999.000 -9999.000 -9999.000 -9999.000 -9999.000 -9999.000 -9999.000 0.4833757 0.4836657 0.4836417 0.4835711 0.4834642 0.4833322 0.4831848 0.4830299 0.4828761 0.4827161 0.4825337 0.4822873 0.4818906 0.4811563 0.4806639 0.4806639 -9999.000 -9999.000 -9999.000 -9999.000 -9999.000 -9999.000 -9999.000 -9999.000 -9999.000 -9999.000 -9999.000 -9999.000 -9999.000 -9999.000 -9999.000 -9999.000 -9999.000 -9999.000 -9999.000 -9999.000 -9999.000 -9999.000 -9999.000 -9999.000 -9999.000 -9999.000 -9999.000 -9999.000
-9999.000 -9999.000 -9999.000 -9999.000 -9999.000 -9999.000 -9999.000 -9999.000 -9999.000 -9999.000 -9999.000 -9999.000 -9999.000 -9999.000 -9999.000 0.4853951 0.4856911 0.4856616 0.4855853 0.4854711 0.4853305 0.4851737 0.4850088 0.4848453 0.4846740 0.4844760 0.4842035 0.4837562 0.4829092 0.4821554 0.4821554 -9999.000 -9999.000 -9999.000 -9999.000 -9999.000 -9999.000 -9999.000 -9999.000 -9999.000 -9999.000 -9999.000 -9999.000 -9999.000 -9999.000 -9999.000 -9999.000 -9999.000 -9999.000 -9999.000 -9999.000 -9999.000 -9999.000 -9999.000 -9999.000 -9999.000 -9999.000 -9999.000 -9999.000
-9999.000 -9999.000 -9999.000 -9999.000 -9999.000 -9999.000 -9999.000 -9999.000 -9999.000 -9999.000 -9999.000 -9999.000 -9999.000 -9999.000 -9999.000 0.4874021 0.4877046 0.4876684 0.4875853 0.4874625 0.4873120 0.4871446 0.4869683 0.4867939 0.4866093 0.4863925 0.4860875 0.4855764 0.4845858 0.4834416 0.4834416 -9999.000 -9999.000 -9999.000 -9999.000 -9999.000 -9999.000 -9999.000 -9999.000 -9999.000 -9999.000 -9999.000 -9999.000 -9999.000 -9999.000 -9999.000 -9999.000 -9999.000 -9999.000 -9999.000 -9999.000 -9999.000 -9999.000 -9999.000 -9999.000 -9999.000 -9999.000 -9999.000 -9999.000
-9999.000 -9999.000 -9999.000 -9999.000 -9999.000 -9999.000 -9999.000 -9999.000 -9999.000 -9999.000 -9999.000 -9999.000 -9999.000 -9999.000 -9999.000 0.4893911 0.4897019 0.4896576 0.4895661 0.4894328 0.4892705 0.4890905 0.4889007 0.4887131 0.4885119 0.4882713 0.4879246 0.4873308 0.4861522 0.4844016 0.4844016 -9999.000 -9999.000 -9999.000 -9999.000 -9999.000 -9999.000 -9999.000 -9999.000 -9999.000 -9999.000 -9999.000 -9999.000 -9999.000 -9999.000 -9999.000 -9999.000 -9999.000 -9999.000 -9999.000 -9999.000 -9999.000 -9999.000 -9999.000 -9999.000 -9999.000 -9999.000 -9999.000 -9999.000
-9999.000 -9999.000 -9999.000 -9999.000 -9999.000 -9999.000 -9999.000 -9999.000 -9999.000 -9999.000 -9999.000 -9999.000 -9999.000 -9999.000 -9999.000 0.4913404 0.4916680 0.4916167 0.4915172 0.4913726 0.4911968 0.4910019 0.4907953 0.4905908 0.4903673 0.4900940 0.4896903 0.4889839 0.4875502 0.4848125 0.4848125 -9999.000 -9999.000 -9999.000 -9999.000 -9999.000 -9999.000 -9999.000 -9999.000 -9999.000 -9999.000 -9999.000 -9999.000 -9999.000 -9999.000 -9999.000 -9999.000 -9999.000 -9999.000 -9999.000 -9999.000 -9999.000 -9999.000 -9999.000 -9999.000 -9999.000 -9999.000 -9999.000 -9999.000
-9999.000 -9999.000 -9999.000 -9999.000 -9999.000 -9999.000 -9999.000 -9999.000 -9999.000 -9999.000 -9999.000 -9999.000 -9999.000 -9999.000 -9999.000 0.4916967 0.4929673 0.4932500 0.4933841 0.4933918 0.4933050 0.4931526 0.4929560 0.4927446 0.4924991 0.4921845 0.4916960 0.4908005 0.4889058 0.4838324 0.4838324 -9999.000 -9999.000 -9999.000 -9999.000 -9999.000 -9999.000 -9999.000 -9999.000 -9999.000 -9999.000 -9999.000 -9999.000 -9999.000 -9999.000 -9999.000 -9999.000 -9999.000 -9999.000 -9999.000 -9999.000 -9999.000 -9999.000 -9999.000 -9999.000 -9999.000 -9999.000 -9999.000 -9999.000
0.5171860 0.5171860 0.5049837 0.4910411 0.4874519 0.4874519 0.4844440 0.4794051 0.4794051 0.4751751 0.4751751 0.4714910 0.4698022 0.4681950 0.4666575 0.4666575 0.4989861 0.4994458 0.4997635 0.5003083 0.5011476 0.5022213 0.5034081 0.5045772 0.5054097 0.5054856 0.5039816 0.4993759 0.4882530 0.4564660 0.4564660 0.2904980 0.2687587 0.2646029 0.2645560 0.2645560 0.2676601 0.2676601 0.2844895 0.2844895 0.3080201 0.3783987 0.3783987 0.4016084 0.4016084 0.4055517 0.4055517 0.4055517 0.3978347 0.3978347 0.3896211 0.3896211 0.3812948 0.3812948 0.3736041 0.3736041 0.3671376 0.3671376 0.3671376
0.5159268 0.5159268 0.5028979 0.4903379 0.4867416 0.4867416 0.4837287 0.4786921 0.4786921 0.4744729 0.4744729 0.4708011 0.4691185 0.4675173 0.4659859 0.4659859 0.4923600 0.4937701 0.4927940 0.4913966 0.4903380 0.4898542 0.4899920 0.4910355 0.4922321 0.4933843 0.4937433 0.4919516 0.4851192 0.4647728 0.4647728 0.3474575 0.3083864 0.2772510 0.2709680 0.2709680 0.2694685 0.2694685 0.2842282 0.2842282 0.3018176 0.3682218 0.3682218 0.4020477 0.4020477 0.4070354 0.4070354 0.4070354 0.3981767 0.3981767 0.3897229 0.3897229 0.3813167 0.3813167 0.3735800 0.3735800 0.3670550 0.3670550 0.3670550
0.5152264 0.5152264 0.5019701 0.4903537 0.4867558 0.4867558 0.4837290 0.4786712 0.4786712 0.4744441 0.4744441 0.4707693 0.4690854 0.4674829 0.4659500 0.4659500 0.4871759 0.4894435 0.4876488 0.4846435 0.4818072 0.4796502 0.4783322 0.4780256 0.4783258 0.4790103 0.4795153 0.4788388 0.4743916 0.4601295 0.4601295 0.3746708 0.3347497 0.2920894 0.2817961 0.2817961 0.2774889 0.2774889 0.2922080 0.2922080 0.3067072 0.3587655 0.3587655 0.3991307 0.3991307 0.4069608 0.4069608 0.4069608 0.3988948 0.3988948 0.3900821 0.3900821 0.3814667 0.3814667 0.3736463 0.3736463 0.3671271 0.3671271 0.3671271
0.5146663 0.5146663 0.5012460 0.4903692 0.4867886 0.4867886 0.4837522 0.4786730 0.4786730 0.4744403 0.4744403 0.4707670 0.4690842 0.4674824 0.4659500 0.4659500 0.4819068 0.4844315 0.4821287 0.4779232 0.4736283 0.4700157 0.4673666 0.4658537 0.4652362 0.4652846 0.4655200 0.4650533 0.4617587 0.4507550 0.4507550 0.3913578 0.3536627 0.3082750 0.2969785 0.2969785 0.2935177 0.2935177 0.3081866 0.3081866 0.3193211 0.3545228 0.3545228 0.3917233 0.3917233 0.4049033 0.4049033 0.4049033 0.3981970 0.3981970 0.3894895 0.3894895 0.3808670 0.3808670 0.3731618 0.3731618 0.3668552 0.3668552 0.3668552
0.5142390 0.5142390 0.5007006 0.4903744 0.4868200 0.4868200 0.4837771 0.4786761 0.4786761 0.4744370 0.4744370 0.4707652 0.4690835 0.4674827 0.4659508 0.4659508 0.4766165 0.4784254 0.4755305 0.4703512 0.4648284 0.4599331 0.4560756 0.4534604 0.4519674 0.4513867 0.4513025 0.4509408 0.4485301 0.4401604 0.4401604 0.3988929 0.3659292 0.3248981 0.3162259 0.3162259 0.3175905 0.3175905 0.3301318 0.3301318 0.3366417 0.3550643 0.3550643 0.3820678 0.3820678 0.3997392 0.3997392 0.3997392 0.3955993 0.3955993 0.3878790 0.3878790 0.3797070 0.3797070 0.3723849 0.3723849 0.3664885 0.3664885 0.3664885
0.5139384 0.5139384 0.5003201 0.4903734 0.4868452 0.4868452 0.4837987 0.4786792 0.4786792 0.4744342 0.4744342 0.4707636 0.4690831 0.4674830 0.4659515 0.4659515 0.4714034 0.4715280 0.4676805 0.4615874 0.4550055 0.4489761 0.4440106 0.4403650 0.4380228 0.4368222 0.4364102 0.4361185 0.4344833 0.4284303 0.4284303 0.4000123 0.3735106 0.3438504 0.3410974 0.3410974 0.3477890 0.3477890 0.3539733 0.3539733 0.3549524 0.3590814 0.3590814 0.3735517 0.3735517 0.3919045 0.3919045 0.3919045 0.3909369 0.3909369 0.3850769 0.3850769 0.3779477 0.3779477 0.3713649 0.3713649 0.3661191 0.3661191 0.3661191
0.5137600 0.5137600 0.5000955 0.4903705 0.4868615 0.4868615 0.4838132 0.4786814 0.4786814 0.4744323 0.4744323 0.4707626 0.4690827 0.4674831 0.4659520 0.4659520 0.4661364 0.4637825 0.4584878 0.4513920 0.4438618 0.4368510 0.4309039 0.4263177 0.4231608 0.4213386 0.4205727 0.4203036 0.4193458 0.4154054 0.4154054 0.3969457 0.3790645 0.3687697 0.3730147 0.3730147 0.3797445 0.3797445 0.3757741 0.3757741 0.3715439 0.3650138 0.3650138 0.3681959 0.3681959 0.3827878 0.3827878 0.3827878 0.3844943 0.3844943 0.3810079 0.3810079 0.3755029 0.3755029 0.3700882 0.3700882 0.3657839 0.3657839 0.3657839
0.5137008 0.5137008 0.5000212 0.4903691 0.4868670 0.4868670 0.4838184 0.4786823 0.4786823 0.4744317 0.4744317 0.4707622 0.4690825 0.4674831 0.4659522 0.4659522 0.4604873 0.4550661 0.4478267 0.4395332 0.4310977 0.4232538 0.4164876 0.4110981 0.4072082 0.4047909 0.4036503 0.4033439 0.4029634 0.4011213 0.4011213 0.3919294 0.3868354 0.4023820 0.4098799 0.4098799 0.4081347 0.4081347 0.3936039 0.3936039 0.3854547 0.3717048 0.3717048 0.3662107 0.3662107 0.3739790 0.3739790 0.3739790 0.3769689 0.3769689 0.3758046 0.3758046 0.3723441 0.3723441 0.3685312 0.3685312 0.3654825 0.3654825 0.3654825
0.5137600 0.5137600 0.5000955 0.4903705 0.4868615 0.4868615 0.4838132 0.4786814 0.4786814 0.4744323 0.4744323 0.4707626 0.4690826 0.4674831 0.4659521 0.4659521 0.4539486 0.4450425 0.4354534 0.4257375 0.4163885 0.4078456 0.4004502 0.3944466 0.3899698 0.3870419 0.3855450 0.3851601 0.3853028 0.3860501 0.3860501 0.3886332 0.4037202 0.4420302 0.4449786 0.4449786 0.4299039 0.4299039 0.4075621 0.4075621 0.3968835 0.3784304 0.3784304 0.3667682 0.3667682 0.3666281 0.3666281 0.3666281 0.3692567 0.3692567 0.3698363 0.3698363 0.3685619 0.3685619 0.3667009 0.3667009 0.3652003 0.3652003 0.3652003
0.5139384 0.5139384 0.5003202 0.4903733 0.4868453 0.4868453 0.4837987 0.4786792 0.4786792 0.4744342 0.4744342 0.4707636 0.4690830 0.4674830 0.4659516 0.4659516 0.4457991 0.4331138 0.4209232 0.4096210 0.3993512 0.3902416 0.3824298 0.3760483 0.3711963 0.3679136 0.3661431 0.3656928 0.3664856 0.3718371 0.3718371 0.3945292 0.4373757 0.4784283 0.4716957 0.4716957 0.4454473 0.4454473 0.4185209 0.4185209 0.4062805 0.3847138 0.3847138 0.3688106 0.3688106 0.3612117 0.3612117 0.3612117 0.3621798 0.3621798 0.3636469 0.3636469 0.3643938 0.3643938 0.3646683 0.3646683 0.3649257 0.3649257 0.3649257
0.5142390 0.5142390 0.5007006 0.4903744 0.4868201 0.4868201 0.4837770 0.4786761 0.4786761 0.4744370 0.4744370 0.4707651 0.4690836 0.4674826 0.4659508 0.4659508 0.4349901 0.4183350 0.4034902 0.3905955 0.3794816 0.3699803 0.3620009 0.3555244 0.3505717 0.3471640 0.3452783 0.3448771 0.3470513 0.3635937 0.3635937 0.4218754 0.4874707 0.5034124 0.4898785 0.4898785 0.4565719 0.4565719 0.4271477 0.4271477 0.4138857 0.3901932 0.3901932 0.3714363 0.3714363 0.3576477 0.3576477 0.3576477 0.3562944 0.3562944 0.3578315 0.3578315 0.3602059 0.3602059 0.3625840 0.3625840 0.3646636 0.3646636 0.3646636
