simulation_files/asc/Depth____575.0.asc
NCOLS       216
NROWS       273
XLLCENTER        494.688995
YLLCENTER        787.867981
CELLSIZE           0.500
NODATA_VALUE     -9999.0
[rows 162 to 188 of 273, columns 118 to 176 of 216]
2.019769 2.695396 2.893188 2.930604 2.941617 2.950626 2.727209 2.156030 1.537818 0.6238376 0.1616254 0.8862906E-01 0.1196232 0.1613889 0.1442620 0.1336239 0.1600323 0.1726763 0.1962095 0.2052783 0.1993545 0.1560141 0.1106286 0.1176483 0.1472261 0.1533611 0.1177625 0.7937084E-01 -9999.000 -9999.000 -9999.000 -9999.000 -9999.000 -9999.000 -9999.000 -9999.000 -9999.000 -9999.000 -9999.000 -9999.000 -9999.000 -9999.000 -9999.000 -9999.000 -9999.000 -9999.000 -9999.000 -9999.000 -9999.000 -9999.000 -9999.000 -9999.000 -9999.000 -9999.000 -9999.000 -9999.000 -9999.000 -9999.000 -9999.000
1.680552 2.601105 2.885526 2.919090 2.919614 2.511710 1.712948 1.028567 0.4902606 0.1659763 0.1463172 0.1283034 0.1346656 0.1268300 0.1439947 0.1568825 0.1614417 0.1606273 0.1963549 0.2232927 0.2207863 0.1613625 0.1216072 0.1289947 0.1673701 0.1818195 0.1584810 0.1130157 0.5461128E-01 -9999.000 -9999.000 -9999.000 -9999.000 -9999.000 -9999.000 -9999.000 -9999.000 -9999.000 -9999.000 -9999.000 -9999.000 -9999.000 -9999.000 -9999.000 -9999.000 -9999.000 -9999.000 -9999.000 -9999.000 -9999.000 -9999.000 -9999.000 -9999.000 -9999.000 -9999.000 -9999.000 -9999.000 -9999.000 -9999.000
1.281275 2.308757 2.764394 2.904189 2.478778 1.568045 0.4978515 0.1680271 0.1325298 0.1051036 0.1260028 0.1127624 0.1066706 0.9572107E-01 0.1222736 0.1493383 0.1460623 0.1488235 0.1759467 0.2082236 0.2053672 0.1422627 0.1117958 0.1303197 0.1747863 0.1829873 0.1470936 0.1142961 0.5437502E-01 -9999.000 -9999.000 -9999.000 -9999.000 -9999.000 -9999.000 -9999.000 -9999.000 -9999.000 -9999.000 -9999.000 -9999.000 -9999.000 -9999.000 -9999.000 -9999.000 -9999.000 -9999.000 -9999.000 -9999.000 -9999.000 -9999.000 -9999.000 -9999.000 -9999.000 -9999.000 -9999.000 -9999.000 -9999.000 -9999.000
-9999.000 1.502567 2.323549 2.425516 1.633107 -9999.000 0.1270176 0.1411308 0.1152073 0.8421953E-01 0.7164333E-01 0.7279616E-01 0.8722297E-01 0.8679271E-01 0.1139525 0.1458948 0.1538558 0.1737387 0.1997342 0.2219726 0.1696316 0.1169555 0.1036023 0.1213267 0.1652349 0.1656828 0.1479678 0.1096582 0.6364069E-01 0.2494848E-01 -9999.000 -9999.000 -9999.000 -9999.000 -9999.000 -9999.000 -9999.000 -9999.000 -9999.000 -9999.000 -9999.000 -9999.000 -9999.000 -9999.000 -9999.000 -9999.000 -9999.000 -9999.000 -9999.000 -9999.000 -9999.000 -9999.000 -9999.000 -9999.000 -9999.000 -9999.000 -9999.000 -9999.000 -9999.000
-9999.000 0.6833338 1.382454 1.213524 -9999.000 0.1581318 0.1686895 0.1489009 0.1365234 0.1035807 0.6521992E-01 0.6094627E-01 0.7245267E-01 0.7176313E-01 0.1198774 0.1756402 0.2077948 0.2334963 0.2561455 0.2181775 0.1350917 0.1323355 0.1308019 0.1413497 0.1659136 0.1728766 0.1572550 0.1308871 0.1002919 0.5748572E-01 -9999.000 -9999.000 0.1836429E-01 -9999.000 -9999.000 -9999.000 -9999.000 -9999.000 -9999.000 -9999.000 -9999.000 -9999.000 -9999.000 -9999.000 -9999.000 -9999.000 -9999.000 -9999.000 -9999.000 -9999.000 -9999.000 -9999.000 -9999.000 -9999.000 -9999.000 -9999.000 -9999.000 -9999.000 -9999.000
-9999.000 -9999.000 -9999.000 0.2573133 0.1534834 0.2011682 0.1743703 0.1666989 0.1703631 0.1404396 0.1136431 0.9628094E-01 0.8295766E-01 0.8041674E-01 0.1421551 0.2217109 0.2379490 0.2463928 0.2429687 0.1653757 0.9841159E-01 0.1421380 0.1529857 0.1680971 0.1740303 0.1370060 0.1280654 0.1278955 0.1167980 0.8033135E-01 -9999.000 -9999.000 -9999.000 -9999.000 -9999.000 -9999.000 -9999.000 -9999.000 -9999.000 -9999.000 -9999.000 -9999.000 -9999.000 -9999.000 -9999.000 -9999.000 -9999.000 -9999.000 -9999.000 -9999.000 -9999.000 -9999.000 -9999.000 -9999.000 -9999.000 -9999.000 -9999.000 -9999.000 -9999.000
-9999.000 -9999.000 -9999.000 0.9114701E-01 0.1942687 0.1993486 0.2000498 0.2064765 0.2099878 0.1928529 0.1745286 0.1542946 0.1265931 0.1120931 0.1451536 0.1932631 0.2054448 0.1999829 0.1647673 0.1422205 0.1034039 0.1342258 0.1568773 0.1754940 0.1689422 0.1124362 0.9601043E-01 0.1195537 0.1296739 0.1077743 0.5501843E-01 0.2124485E-01 0.1622015E-01 -9999.000 -9999.000 -9999.000 -9999.000 -9999.000 -9999.000 -9999.000 -9999.000 -9999.000 -9999.000 -9999.000 -9999.000 -9999.000 -9999.000 -9999.000 -9999.000 -9999.000 -9999.000 -9999.000 -9999.000 -9999.000 -9999.000 -9999.000 -9999.000 -9999.000 -9999.000
-9999.000 -9999.000 -9999.000 0.8202887E-01 0.1150811 0.1546663 0.2076749 0.2333361 0.2140257 0.1898154 0.1798498 0.1787622 0.1579216 0.1209273 0.1081148 0.9260555E-01 0.1327775 0.1219913 0.1353348 0.1781515 0.1453704 0.1637248 0.1948233 0.2239762 0.2155533 0.1516626 0.1148785 0.1219805 0.1358268 0.1310383 0.8454063E-01 0.4586420E-01 0.3851427E-01 -9999.000 -9999.000 -9999.000 -9999.000 -9999.000 -9999.000 -9999.000 -9999.000 -9999.000 -9999.000 -9999.000 -9999.000 -9999.000 -9999.000 -9999.000 -9999.000 -9999.000 -9999.000 -9999.000 -9999.000 -9999.000 -9999.000 -9999.000 -9999.000 -9999.000 -9999.000
-9999.000 -9999.000 -9999.000 0.2948714E-01 0.6984546E-01 0.1383370 0.2044070 0.2186581 0.2094322 0.1928420 0.1713865 0.1435701 0.1057488 0.8747842E-01 0.9331357E-01 0.1152269 0.1342291 0.1194059 0.1385202 0.1598470 0.1430196 0.1778339 0.2455295 0.2880901 0.2694804 0.1889980 0.1315592 0.1334486 0.1459078 0.1580400 0.1144503 0.7732936E-01 0.6621258E-01 0.5562814E-01 -9999.000 -9999.000 -9999.000 -9999.000 -9999.000 -9999.000 -9999.000 -9999.000 -9999.000 -9999.000 -9999.000 -9999.000 -9999.000 -9999.000 -9999.000 -9999.000 -9999.000 -9999.000 -9999.000 -9999.000 -9999.000 -9999.000 -9999.000 -9999.000 -9999.000
-9999.000 -9999.000 -9999.000 -9999.000 -9999.000 0.9887468E-01 0.1465135 0.1804480 0.2088222 0.2297956 0.1699469 0.8960174E-01 0.5219200E-01 0.4773571E-01 0.8901362E-01 0.1563120 0.1920192 0.2107584 0.1587566 0.9587943E-01 0.8206143E-01 0.1533473 0.2634519 0.3031817 0.2555306 0.1805841 0.1445131 0.1640542 0.1878780 0.1916607 0.1439120 0.1146626 0.1180561 0.9823764E-01 0.7545174E-01 0.6840798E-01 -9999.000 0.3386480E-01 -9999.000 -9999.000 -9999.000 -9999.000 -9999.000 -9999.000 -9999.000 -9999.000 -9999.000 -9999.000 -9999.000 -9999.000 -9999.000 -9999.000 -9999.000 -9999.000 -9999.000 -9999.000 -9999.000 -9999.000 -9999.000
-9999.000 -9999.000 -9999.000 -9999.000 -9999.000 0.5194129E-01 0.7691915E-01 0.1301626 0.1901692 0.2137552 0.1789093 0.1140843 0.7917054E-01 0.7788520E-01 0.1124115 0.1736678 0.2075471 0.2398406 0.2000120 0.1198515 0.1034669 0.1680899 0.2523958 0.2657519 0.2269056 0.1658026 0.1424372 0.1499046 0.1826277 0.2076677 0.1728152 0.1626745 0.1726790 0.1660834 0.1152064 0.9645744E-01 0.9108756E-01 0.6364184E-01 -9999.000 -9999.000 -9999.000 -9999.000 -9999.000 -9999.000 -9999.000 -9999.000 -9999.000 -9999.000 -9999.000 -9999.000 -9999.000 -9999.000 -9999.000 -9999.000 -9999.000 -9999.000 -9999.000 -9999.000 -9999.000
-9999.000 -9999.000 -9999.000 -9999.000 -9999.000 0.4345312E-01 0.8108459E-01 0.1215623 0.1688928 0.1909742 0.1984873 0.1711286 0.1272721 0.1198764 0.1457461 0.1766893 0.2007875 0.2490076 0.2548090 0.2149865 0.2069721 0.2101218 0.2173175 0.2261313 0.1667329 0.1363448 0.1185413 0.1109807 0.1355888 0.1785059 0.1639444 0.1665113 0.1846999 0.1779003 0.1511824 0.1247201 0.1214678 0.1121864 0.5482447E-01 -9999.000 -9999.000 -9999.000 -9999.000 -9999.000 -9999.000 -9999.000 -9999.000 -9999.000 -9999.000 -9999.000 -9999.000 -9999.000 -9999.000 -9999.000 -9999.000 -9999.000 -9999.000 -9999.000 -9999.000
-9999.000 -9999.000 -9999.000 -9999.000 -9999.000 -9999.000 0.1076411 0.1123101 0.1467851 0.1917732 0.2206538 0.2019915 0.1537216 0.1191606 0.1258457 0.1444804 0.1792592 0.2444509 0.2672322 0.2654917 0.2800919 0.2162559 0.1754638 0.1587292 0.1394381 0.1202167 0.1049222 0.1094015 0.1332778 0.1634605 0.1470096 0.1384082 0.1472727 0.1609022 0.1475030 0.1207335 0.1279807 0.1248955 0.7625628E-01 0.3954684E-01 -9999.000 -9999.000 -9999.000 -9999.000 -9999.000 -9999.000 -9999.000 -9999.000 -9999.000 -9999.000 -9999.000 -9999.000 -9999.000 -9999.000 -9999.000 -9999.000 -9999.000 -9999.000 -9999.000
-9999.000 -9999.000 -9999.000 -9999.000 -9999.000 -9999.000 -9999.000 0.6105912E-01 0.1045447 0.1844990 0.2335973 0.2127303 0.1553375 0.9361128E-01 0.7429455E-01 0.7879471E-01 0.1299165 0.2282609 0.2376090 0.2163490 0.1870980 0.1463991 0.1381805 0.1778576 0.2076185 0.1466032 0.1226196 0.1374702 0.1568736 0.1795177 0.1737513 0.1481421 0.1405371 0.1565484 0.1351537 0.8431934E-01 0.8137774E-01 0.1120190 0.1043292 0.8494332E-01 -9999.000 -9999.000 -9999.000 -9999.000 -9999.000 -9999.000 -9999.000 -9999.000 -9999.000 -9999.000 -9999.000 -9999.000 -9999.000 -9999.000 -9999.000 -9999.000 -9999.000 -9999.000 -9999.000
-9999.000 -9999.000 -9999.000 -9999.000 -9999.000 -9999.000 -9999.000 -9999.000 0.6355325E-01 0.1433523 0.1983813 0.1928351 0.1279102 0.6243310E-01 0.3770630E-01 0.3758811E-01 0.7591807E-01 0.1560620 0.1550412 0.1258795 0.1018518 0.1072853 0.1382094 0.2181256 0.2529283 0.1997763 0.1869677 0.2001837 0.2076863 0.2187898 0.2348738 0.2360813 0.1908386 0.1507585 0.9636666E-01 0.4252408E-01 0.7566301E-01 0.1244079 0.1372476 0.9834324E-01 -9999.000 -9999.000 -9999.000 -9999.000 -9999.000 -9999.000 -9999.000 -9999.000 -9999.000 -9999.000 -9999.000 -9999.000 -9999.000 -9999.000 -9999.000 -9999.000 -9999.000 -9999.000 -9999.000
-9999.000 -9999.000 -9999.000 -9999.000 -9999.000 -9999.000 -9999.000 -9999.000 0.3248183E-01 0.8386079E-01 0.1467354 0.1608972 0.1265245 0.6165973E-01 0.3151331E-01 -9999.000 0.3111617E-01 0.7640955E-01 0.9516009E-01 0.9720750E-01 0.1221179 0.1251012 0.1344759 0.2108354 0.2556304 0.2391867 0.2315143 0.2333429 0.2102325 0.2046621 0.2580431 0.2701624 0.2332351 0.1566995 0.7255878E-01 0.6693197E-01 0.1130999 0.1301639 0.1186871 0.9273734E-01 0.4916291E-01 -9999.000 -9999.000 -9999.000 -9999.000 -9999.000 -9999.000 -9999.000 -9999.000 -9999.000 -9999.000 -9999.000 -9999.000 -9999.000 -9999.000 -9999.000 -9999.000 -9999.000 -9999.000
-9999.000 -9999.000 -9999.000 -9999.000 -9999.000 -9999.000 -9999.000 -9999.000 -9999.000 0.6501406E-01 0.1342317 0.1601039 0.1499627 0.1020385 0.5472015E-01 0.2915308E-01 0.1768659E-01 0.4209450E-01 0.6222041E-01 0.8215347E-01 0.1198822 0.1562519 0.1589956 0.2024081 0.2553445 0.2453300 0.2205154 0.1873964 0.1159567 0.1224470 0.2017328 0.2197705 0.2137151 0.1630376 0.1235254 0.1359373 0.1462137 0.1354680 0.1191174 0.1278583 0.1038640 -9999.000 -9999.000 -9999.000 -9999.000 -9999.000 -9999.000 -9999.000 -9999.000 -9999.000 -9999.000 -9999.000 -9999.000 -9999.000 -9999.000 -9999.000 -9999.000 -9999.000 -9999.000
-9999.000 -9999.000 -9999.000 -9999.000 -9999.000 -9999.000 -9999.000 -9999.000 -9999.000 -9999.000 0.9414768E-01 0.1356074 0.1543847 0.1320723 0.8899264E-01 0.4036690E-01 -9999.000 0.2423370E-01 0.4065354E-01 0.6347264E-01 0.1113433 0.1738764 0.1848146 0.2012631 0.2501152 0.2214508 0.1707270 0.1100854 0.1105104 0.1341713 0.1504977 0.1546155 0.1627249 0.1490690 0.1470673 0.1787692 0.1740035 0.1508161 0.1606086 0.1773264 0.1383264 -9999.000 -9999.000 -9999.000 -9999.000 -9999.000 -9999.000 -9999.000 -9999.000 -9999.000 -9999.000 -9999.000 -9999.000 -9999.000 -9999.000 -9999.000 -9999.000 -9999.000 -9999.000
-9999.000 -9999.000 -9999.000 -9999.000 -9999.000 -9999.000 -9999.000 -9999.000 -9999.000 -9999.000 0.7258639E-01 0.1156241 0.1540629 0.1658650 0.1232094 0.6278450E-01 -9999.000 0.2091801E-01 0.3376929E-01 0.5323578E-01 0.9114508E-01 0.1432905 0.1572514 0.1885256 0.2140607 0.1760432 0.1132830 0.8490532E-01 0.1425757 0.1878398 0.1748417 0.1459709 0.1473858 0.1333047 0.1417999 0.1899616 0.1809564 0.1533204 0.1712332 0.2052819 0.1657112 0.9945024E-01 -9999.000 -9999.000 -9999.000 -9999.000 -9999.000 -9999.000 -9999.000 -9999.000 -9999.000 -9999.000 -9999.000 -9999.000 -9999.000 -9999.000 -9999.000 -9999.000 -9999.000
-9999.000 -9999.000 -9999.000 -9999.000 -9999.000 -9999.000 -9999.000 -9999.000 -9999.000 -9999.000 -9999.000 0.6189898E-01 0.1260693 0.1692130 0.1535360 0.9661150E-01 -9999.000 -9999.000 -9999.000 -9999.000 0.5777770E-01 0.9863538E-01 0.1105110 0.1426992 0.1797375 0.1572478 0.1467675 0.1475048 0.1908020 0.2198358 0.2242335 0.1895775 0.1970290 0.1951851 0.1989930 0.2224734 0.1987801 0.1834833 0.1949616 0.2173251 0.1948224 0.1226978 0.7552516E-01 -9999.000 -9999.000 -9999.000 -9999.000 -9999.000 -9999.000 -9999.000 -9999.000 -9999.000 -9999.000 -9999.000 -9999.000 -9999.000 -9999.000 -9999.000 -9999.000
-9999.000 -9999.000 -9999.000 -9999.000 -9999.000 -9999.000 -9999.000 -9999.000 -9999.000 -9999.000 -9999.000 -9999.000 0.7620319E-01 0.1402590 0.1524140 0.1157875 0.5126964E-01 -9999.000 -9999.000 -9999.000 0.3991060E-01 0.5230867E-01 0.4574325E-01 0.7973464E-01 0.1766269 0.1964531 0.1966277 0.2303201 0.2323432 0.2110665 0.2326213 0.2675677 0.2915824 0.3138384 0.2890704 0.2516176 0.2301799 0.2352760 0.2389630 0.2455085 0.2188964 0.1651736 0.1116818 -9999.000 -9999.000 -9999.000 -9999.000 -9999.000 -9999.000 -9999.000 -9999.000 -9999.000 -9999.000 -9999.000 -9999.000 -9999.000 -9999.000 -9999.000 -9999.000
-9999.000 -9999.000 -9999.000 -9999.000 -9999.000 -9999.000 -9999.000 -9999.000 -9999.000 -9999.000 -9999.000 -9999.000 0.6452084E-01 0.1379351 0.1642966 0.1374355 0.8503300E-01 0.3517337E-01 -9999.000 0.2024998E-01 0.3641918E-01 0.3996776E-01 0.2633029E-01 0.6425019E-01 0.1444977 0.1719108 0.1908998 0.2500101 0.2683073 0.2254935 0.2348387 0.2990062 0.3220514 0.3313660 0.3193845 0.2733773 0.2538667 0.2485773 0.2566161 0.2613641 0.2465055 0.2242030 0.1546534 0.6327229E-01 -9999.000 -9999.000 -9999.000 -9999.000 -9999.000 -9999.000 -9999.000 -9999.000 -9999.000 -9999.000 -9999.000 -9999.000 -9999.000 -9999.000 -9999.000
-9999.000 -9999.000 -9999.000 -9999.000 -9999.000 -9999.000 -9999.000 -9999.000 -9999.000 -9999.000 -9999.000 -9999.000 0.7015943E-01 0.1468846 0.1748945 0.1666597 0.1301593 0.7178188E-01 0.3387436E-01 0.2947688E-01 0.3612396E-01 0.3156079E-01 0.2617601E-01 0.5701515E-01 0.9382517E-01 0.1011615 0.1295306 0.2050408 0.2560270 0.2459934 0.2638934 0.3072108 0.2932372 0.2799673 0.2822879 0.2727036 0.2357011 0.2344790 0.2362832 0.2508325 0.2564801 0.2405389 0.1891594 0.1005446 -9999.000 -9999.000 -9999.000 -9999.000 -9999.000 -9999.000 -9999.000 -9999.000 -9999.000 -9999.000 -9999.000 -9999.000 -9999.000 -9999.000 -9999.000
-9999.000 -9999.000 -9999.000 -9999.000 -9999.000 -9999.000 -9999.000 -9999.000 -9999.000 -9999.000 -9999.000 -9999.000 0.6336719E-01 0.1296624 0.1770711 0.1815524 0.1626845 0.1108335 0.4984285E-01 0.3659757E-01 0.3663334E-01 0.4144010E-01 0.5237312E-01 0.6866038E-01 0.6939061E-01 0.5642136E-01 0.8514933E-01 0.1420370 0.1953223 0.2204019 0.2879577 0.2778520 0.2146889 0.2157353 0.2326263 0.1777170 0.1469709 0.1281034 0.1503908 0.1787156 0.2064502 0.2131369 0.1848953 0.1188613 0.8412845E-01 -9999.000 -9999.000 -9999.000 -9999.000 -9999.000 -9999.000 -9999.000 -9999.000 -9999.000 -9999.000 -9999.000 -9999.000 -9999.000 -9999.000
-9999.000 -9999.000 -9999.000 -9999.000 -9999.000 -9999.000 -9999.000 -9999.000 -9999.000 -9999.000 -9999.000 -9999.000 -9999.000 0.9936719E-01 0.1643069 0.1813515 0.1719990 0.1268207 0.7410752E-01 0.3418056E-01 0.2631537E-01 0.3545835E-01 0.5662195E-01 0.6483218E-01 0.5037433E-01 0.6663742E-01 0.1120805 0.1506108 0.1836036 0.2161897 0.2373864 0.1953155 0.1574370 0.2389090 0.2656849 0.2111833 0.1426853 0.1227980 0.1368142 0.1450523 0.1627185 0.1812162 0.1755037 0.1445979 0.1068464 0.5681554E-01 -9999.000 -9999.000 -9999.000 -9999.000 -9999.000 -9999.000 -9999.000 -9999.000 -9999.000 -9999.000 -9999.000 -9999.000 -9999.000
-9999.000 -9999.000 -9999.000 -9999.000 -9999.000 -9999.000 -9999.000 -9999.000 -9999.000 -9999.000 -9999.000 -9999.000 -9999.000 0.9483162E-01 0.1431694 0.1518257 0.1646421 0.1358048 0.6976023E-01 0.3146788E-01 0.1655235E-01 0.1644674E-01 0.2621833E-01 0.3814728E-01 0.5095691E-01 0.8268586E-01 0.1528928 0.1796328 0.1810568 0.1670234 0.1654088 0.1519226 0.1549334 0.2432113 0.3085520 0.2963009 0.2427698 0.1715034 0.1648258 0.1864715 0.1924227 0.1866712 0.1803348 0.1496199 0.1006793 0.5141107E-01 -9999.000 -9999.000 -9999.000 -9999.000 -9999.000 -9999.000 -9999.000 -9999.000 -9999.000 -9999.000 -9999.000 -9999.000 -9999.000
-9999.000 -9999.000 -9999.000 -9999.000 -9999.000 -9999.000 -9999.000 -9999.000 -9999.000 -9999.000 -9999.000 -9999.000 -9999.000 0.9556002E-01 0.1259557 0.1284365 0.1527494 0.1388945 0.8820691E-01 0.5734918E-01 0.2990745E-01 -9999.000 0.1332764E-01 0.2073743E-01 0.3757040E-01 0.6071152E-01 0.1085101 0.1261953 0.1474327 0.1436668 0.1696723 0.1978956 0.1815918 0.2204119 0.2707319 0.2848195 0.2498470 0.2012600 0.1872894 0.2017801 0.1854760 0.1714133 0.1735385 0.1602731 0.1358893 0.9897786E-01 0.7036382E-01 0.3770954E-01 -9999.000 -9999.000 -9999.000 -9999.000 -9999.000 -9999.000 -9999.000 -9999.000 -9999.000 -9999.000 -9999.000
