simulation_files/asc/Depth____161.0.asc
NCOLS        79
NROWS        79
XLLCENTER         -1.500000
YLLCENTER         -4.800000
CELLSIZE           0.100
NODATA_VALUE     -9999.0
[rows 0 to 25 of 79, columns 0 to 58 of 79]
-9999.000 -9999.000 -9999.000 -9999.000 -9999.000 -9999.000 -9999.000 -9999.000 -9999.000 -9999.000 -9999.000 -9999.000 -9999.000 -9999.000 -9999.000 0.6225731 0.6228079 0.6227687 0.6226648 0.6225094 0.6223130 0.6220895 0.6218589 0.6216249 0.6213971 0.6211817 0.6209742 0.6207430 0.6203900 0.6203385 0.6203385 -9999.000 -9999.000 -9999.000 -9999.000 -9999.000 -9999.000 -9999.000 -9999.000 -9999.000 -9999.000 -9999.000 -9999.000 -9999.000 -9999.000 -9999.000 -9999.000 -9999.000 -9999.000 -9999.000 -9999.000 -9999.000 -9999.000 -9999.000 -9999.000 -9999.000 -9999.000 -9999.000 -9999.000
-9999.000 -9999.000 -9999.000 -9999.000 -9999.000 -9999.000 -9999.000 -9999.000 -9999.000 -9999.000 -9999.000 -9999.000 -9999.000 -9999.000 -9999.000 0.6243197 0.6245593 0.6245254 0.6244401 0.6243146 0.6241577 0.6239805 0.6237997 0.6236177 0.6234425 0.6232790 0.6231232 0.6229468 0.6226614 0.6226813 0.6226813 -9999.000 -9999.000 -9999.000 -9999.000 -9999.000 -9999.000 -9999.000 -9999.000 -9999.000 -9999.000 -9999.000 -9999.000 -9999.000 -9999.000 -9999.000 -9999.000 -9999.000 -9999.000 -9999.000 -9999.000 -9999.000 -9999.000 -9999.000 -9999.000 -9999.000 -9999.000 -9999.000 -9999.000
-9999.000 -9999.000 -9999.000 -9999.000 -9999.000 -9999.000 -9999.000 -9999.000 -9999.000 -9999.000 -9999.000 -9999.000 -9999.000 -9999.000 -9999.000 0.6262619 0.6265266 0.6264977 0.6264182 0.6262993 0.6261498 0.6259812 0.6258103 0.6256388 0.6254742 0.6253207 0.6251730 0.6249999 0.6247074 0.6247229 0.6247229 -9999.000 -9999.000 -9999.000 -9999.000 -9999.000 -9999.000 -9999.000 -9999.000 -9999.000 -9999.000 -9999.000 -9999.000 -9999.000 -9999.000 -9999.000 -9999.000 -9999.000 -9999.000 -9999.000 -9999.000 -9999.000 -9999.000 -9999.000 -9999.000 -9999.000 -9999.000 -9999.000 -9999.000
-9999.000 -9999.000 -9999.000 -9999.000 -9999.000 -9999.000 -9999.000 -9999.000 -9999.000 -9999.000 -9999.000 -9999.000 -9999.000 -9999.000 -9999.000 0.6282476 0.6285269 0.6284998 0.6284215 0.6283038 0.6281553 0.6279876 0.6278186 0.6276489 0.6274863 0.6273347 0.6271877 0.6270119 0.6267067 0.6267017 0.6267017 -9999.000 -9999.000 -9999.000 -9999.000 -9999.000 -9999.000 -9999.000 -9999.000 -9999.000 -9999.000 -9999.000 -9999.000 -9999.000 -9999.000 -9999.000 -9999.000 -9999.000 -9999.000 -9999.000 -9999.000 -9999.000 -9999.000 -9999.000 -9999.000 -9999.000 -9999.000 -9999.000 -9999.000
-9999.000 -9999.000 -9999.000 -9999.000 -9999.000 -9999.000 -9999.000 -9999.000 -9999.000 -9999.000 -9999.000 -9999.000 -9999.000 -9999.000 -9999.000 0.6302528 0.6305419 0.6305146 0.6304352 0.6303155 0.6301646 0.6299939 0.6298227 0.6296506 0.6294857 0.6293318 0.6291819 0.6289998 0.6286771 0.6286381 0.6286381 -9999.000 -9999.000 -9999.000 -9999.000 -9999.000 -9999.000 -9999.000 -9999.000 -9999.000 -9999.000 -9999.000 -9999.000 -9999.000 -9999.000 -9999.000 -9999.000 -9999.000 -9999.000 -9999.000 -9999.000 -9999.000 -9999.000 -9999.000 -9999.000 -9999.000 -9999.000 -9999.000 -9999.000
-9999.000 -9999.000 -9999.000 -9999.000 -9999.000 -9999.000 -9999.000 -9999.000 -9999.000 -9999.000 -9999.000 -9999.000 -9999.000 -9999.000 -9999.000 0.6322652 0.6325615 0.6325330 0.6324513 0.6323281 0.6321728 0.6319970 0.6318215 0.6316447 0.6314753 0.6313171 0.6311622 0.6309713 0.6306267 0.6305403 0.6305403 -9999.000 -9999.000 -9999.000 -9999.000 -9999.000 -9999.000 -9999.000 -9999.000 -9999.000 -9999.000 -9999.000 -9999.000 -9999.000 -9999.000 -9999.000 -9999.000 -9999.000 -9999.000 -9999.000 -9999.000 -9999.000 -9999.000 -9999.000 -9999.000 -9999.000 -9999.000 -9999.000 -9999.000
-9999.000 -9999.000 -9999.000 -9999.000 -9999.000 -9999.000 -9999.000 -9999.000 -9999.000 -9999.000 -9999.000 -9999.000 -9999.000 -9999.000 -9999.000 0.6342779 0.6345806 0.6345502 0.6344655 0.6343378 0.6341770 0.6339949 0.6338140 0.6336312 0.6334561 0.6332924 0.6331311 0.6329295 0.6325586 0.6324089 0.6324089 -9999.000 -9999.000 -9999.000 -9999.000 -9999.000 -9999.000 -9999.000 -9999.000 -9999.000 -9999.000 -9999.000 -9999.000 -9999.000 -9999.000 -9999.000 -9999.000 -9999.000 -9999.000 -9999.000 -9999.000 -9999.000 -9999.000 -9999.000 -9999.000 -9999.000 -9999.000 -9999.000 -9999.000
-9999.000 -9999.000 -9999.000 -9999.000 -9999.000 -9999.000 -9999.000 -9999.000 -9999.000 -9999.000 -9999.000 -9999.000 -9999.000 -9999.000 -9999.000 0.6362873 0.6365961 0.6365633 0.6364750 0.6363424 0.6361753 0.6359861 0.6357992 0.6356095 0.6354280 0.6352580 0.6350893 0.6348751 0.6344728 0.6342398 0.6342398 -9999.000 -9999.000 -9999.000 -9999.000 -9999.000 -9999.000 -9999.000 -9999.000 -9999.000 -9999.000 -9999.000 -9999.000 -9999.000 -9999.000 -9999.000 -9999.000 -9999.000 -9999.000 -9999.000 -9999.000 -9999.000 -9999.000 -9999.000 -9999.000 -9999.000 -9999.000 -9999.000 -9999.000
-9999.000 -9999.000 -9999.000 -9999.000 -9999.000 -9999.000 -9999.000 -9999.000 -9999.000 -9999.000 -9999.000 -9999.000 -9999.000 -9999.000 -9999.000 0.6382905 0.6386058 0.6385703 0.6384779 0.6383399 0.6381661 0.6379691 0.6377758 0.6375787 0.6373900 0.6372131 0.6370361 0.6368071 0.6363676 0.6360246 0.6360246 -9999.000 -9999.000 -9999.000 -9999.000 -9999.000 -9999.000 -9999.000 -9999.000 -9999.000 -9999.000 -9999.000 -9999.000 -9999.000 -9999.000 -9999.000 -9999.000 -9999.000 -9999.000 -9999.000 -9999.000 -9999.000 -9999.000 -9999.000 -9999.000 -9999.000 -9999.000 -9999.000 -9999.000
-9999.000 -9999.000 -9999.000 -9999.000 -9999.000 -9999.000 -9999.000 -9999.000 -9999.000 -9999.000 -9999.000 -9999.000 -9999.000 -9999.000 -9999.000 0.6402853 0.6406081 0.6405694 0.6404726 0.6403287 0.6401476 0.6399423 0.6397423 0.6395371 0.6393408 0.6391563 0.6389700 0.6387237 0.6382398 0.6377500 0.6377500 -9999.000 -9999.000 -9999.000 -9999.000 -9999.000 -9999.000 -9999.000 -9999.000 -9999.000 -9999.000 -9999.000 -9999.000 -9999.000 -9999.000 -9999.000 -9999.000 -9999.000 -9999.000 -9999.000 -9999.000 -9999.000 -9999.000 -9999.000 -9999.000 -9999.000 -9999.000 -9999.000 -9999.000
-9999.000 -9999.000 -9999.000 -9999.000 -9999.000 -9999.000 -9999.000 -9999.000 -9999.000 -9999.000 -9999.000 -9999.000 -9999.000 -9999.000 -9999.000 0.6422692 0.6426008 0.6425585 0.6424569 0.6423066 0.6421177 0.6419033 0.6416965 0.6414826 0.6412780 0.6410853 0.6408885 0.6406218 0.6400843 0.6393962 0.6393962 -9999.000 -9999.000 -9999.000 -9999.000 -9999.000 -9999.000 -9999.000 -9999.000 -9999.000 -9999.000 -9999.000 -9999.000 -9999.000 -9999.000 -9999.000 -9999.000 -9999.000 -9999.000 -9999.000 -9999.000 -9999.000 -9999.000 -9999.000 -9999.000 -9999.000 -9999.000 -9999.000 -9999.000
-9999.000 -9999.000 -9999.000 -9999.000 -9999.000 -9999.000 -9999.000 -9999.000 -9999.000 -9999.000 -9999.000 -9999.000 -9999.000 -9999.000 -9999.000 0.6442392 0.6445815 0.6445352 0.6444282 0.6442710 0.6440737 0.6438495 0.6436355 0.6434120 0.6431984 0.6429967 0.6427877 0.6424965 0.6418938 0.6409324 0.6409324 -9999.000 -9999.000 -9999.000 -9999.000 -9999.000 -9999.000 -9999.000 -9999.000 -9999.000 -9999.000 -9999.000 -9999.000 -9999.000 -9999.000 -9999.000 -9999.000 -9999.000 -9999.000 -9999.000 -9999.000 -9999.000 -9999.000 -9999.000 -9999.000 -9999.000 -9999.000 -9999.000 -9999.000
-9999.000 -9999.000 -9999.000 -9999.000 -9999.000 -9999.000 -9999.000 -9999.000 -9999.000 -9999.000 -9999.000 -9999.000 -9999.000 -9999.000 -9999.000 0.6461912 0.6465467 0.6464960 0.6463831 0.6462184 0.6460119 0.6457769 0.6455554 0.6453211 0.6450976 0.6448854 0.6446620 0.6443408 0.6436573 0.6423107 0.6423107 -9999.000 -9999.000 -9999.000 -9999.000 -9999.000 -9999.000 -9999.000 -9999.000 -9999.000 -9999.000 -9999.000 -9999.000 -9999.000 -9999.000 -9999.000 -9999.000 -9999.000 -9999.000 -9999.000 -9999.000 -9999.000 -9999.000 -9999.000 -9999.000 -9999.000 -9999.000 -9999.000 -9999.000
-9999.000 -9999.000 -9999.000 -9999.000 -9999.000 -9999.000 -9999.000 -9999.000 -9999.000 -9999.000 -9999.000 -9999.000 -9999.000 -9999.000 -9999.000 0.6481087 0.6484854 0.6484322 0.6483151 0.6481439 0.6479283 0.6476819 0.6474525 0.6472054 0.6469699 0.6467451 0.6465036 0.6461444 0.6453591 0.6434565 0.6434565 -9999.000 -9999.000 -9999.000 -9999.000 -9999.000 -9999.000 -9999.000 -9999.000 -9999.000 -9999.000 -9999.000 -9999.000 -9999.000 -9999.000 -9999.000 -9999.000 -9999.000 -9999.000 -9999.000 -9999.000 -9999.000 -9999.000 -9999.000 -9999.000 -9999.000 -9999.000 -9999.000 -9999.000
-9999.000 -9999.000 -9999.000 -9999.000 -9999.000 -9999.000 -9999.000 -9999.000 -9999.000 -9999.000 -9999.000 -9999.000 -9999.000 -9999.000 -9999.000 0.6478932 0.6497031 0.6502310 0.6503897 0.6503924 0.6502640 0.6500347 0.6497826 0.6494784 0.6491712 0.6488688 0.6485423 0.6480625 0.6470249 0.6436675 0.6436675 -9999.000 -9999.000 -9999.000 -9999.000 -9999.000 -9999.000 -9999.000 -9999.000 -9999.000 -9999.000 -9999.000 -9999.000 -9999.000 -9999.000 -9999.000 -9999.000 -9999.000 -9999.000 -9999.000 -9999.000 -9999.000 -9999.000 -9999.000 -9999.000 -9999.000 -9999.000 -9999.000 -9999.000
0.7226477 0.7226477 0.7079145 0.6920574 0.6881964 0.6881964 0.6849513 0.6794997 0.6794997 0.6749036 0.6749036 0.6708767 0.6690309 0.6672819 0.6656203 0.6656203 0.6530837 0.6524740 0.6525249 0.6530094 0.6539102 0.6551982 0.6572515 0.6592944 0.6614788 0.6635789 0.6650619 0.6644922 0.6580271 0.6306807 0.6306807 0.4413981 0.4095196 0.3911307 0.3848568 0.3848568 0.3750849 0.3750849 0.3780312 0.3780312 0.3883027 0.4329695 0.4329695 0.5283464 0.5283464 0.5656585 0.5656585 0.5656585 0.5646992 0.5646992 0.5552021 0.5552021 0.5427129 0.5427129 0.5297671 0.5297671 0.5179090 0.5179090 0.5179090
0.7206861 0.7206861 0.7054183 0.6910746 0.6872171 0.6872171 0.6839752 0.6785339 0.6785339 0.6739513 0.6739513 0.6699389 0.6681005 0.6663588 0.6647043 0.6647043 0.6541134 0.6509762 0.6478599 0.6448892 0.6423211 0.6403813 0.6393701 0.6391084 0.6396562 0.6409259 0.6426539 0.6441814 0.6439114 0.6325930 0.6325930 0.5038467 0.4551007 0.4075751 0.3943680 0.3943680 0.3794325 0.3794325 0.3815168 0.3815168 0.3910732 0.4299732 0.4299732 0.5045153 0.5045153 0.5635581 0.5635581 0.5635581 0.5645753 0.5645753 0.5554807 0.5554807 0.5430595 0.5430595 0.5302126 0.5302126 0.5184052 0.5184052 0.5184052
0.7196099 0.7196099 0.7043291 0.6910809 0.6872153 0.6872153 0.6839591 0.6785018 0.6785018 0.6739148 0.6739148 0.6698998 0.6680591 0.6663148 0.6646574 0.6646574 0.6547855 0.6494161 0.6436571 0.6379924 0.6328324 0.6284666 0.6251677 0.6229077 0.6217158 0.6215553 0.6222561 0.6233328 0.6235209 0.6166672 0.6166672 0.5345059 0.4840560 0.4238945 0.4059951 0.4059951 0.3879642 0.3879642 0.3933896 0.3933896 0.4047142 0.4401855 0.4401855 0.4948802 0.4948802 0.5571426 0.5571426 0.5571426 0.5621057 0.5621057 0.5545624 0.5545624 0.5426774 0.5426774 0.5300714 0.5300714 0.5184075 0.5184075 0.5184075
0.7187446 0.7187446 0.7034498 0.6911018 0.6872423 0.6872423 0.6839746 0.6785019 0.6785019 0.6739130 0.6739130 0.6698995 0.6680593 0.6663153 0.6646579 0.6646579 0.6548344 0.6473628 0.6390860 0.6308745 0.6233079 0.6167433 0.6114393 0.6074361 0.6047359 0.6032928 0.6029688 0.6033942 0.6036019 0.5991683 0.5991683 0.5469505 0.5021634 0.4398052 0.4203460 0.4203460 0.4041889 0.4041889 0.4160745 0.4160745 0.4288162 0.4574978 0.4574978 0.4918129 0.4918129 0.5457819 0.5457819 0.5457819 0.5553808 0.5553808 0.5509713 0.5509713 0.5406485 0.5406485 0.5288511 0.5288511 0.5177389 0.5177389 0.5177389
0.7180822 0.7180822 0.7027766 0.6911159 0.6872693 0.6872693 0.6839917 0.6785029 0.6785029 0.6739119 0.6739119 0.6698999 0.6680604 0.6663167 0.6646593 0.6646593 0.6540096 0.6444522 0.6337392 0.6230718 0.6131741 0.6044664 0.5972152 0.5915102 0.5873586 0.5847092 0.5834337 0.5832308 0.5833517 0.5806500 0.5806500 0.5474338 0.5107859 0.4536857 0.4367881 0.4367881 0.4301828 0.4301828 0.4491417 0.4491417 0.4604619 0.4773720 0.4773720 0.4928277 0.4928277 0.5318923 0.5318923 0.5318923 0.5447808 0.5447808 0.5444734 0.5444734 0.5368300 0.5368300 0.5266165 0.5266165 0.5165827 0.5165827 0.5165827
0.7176142 0.7176142 0.7023038 0.6911232 0.6872915 0.6872915 0.6840067 0.6785039 0.6785039 0.6739112 0.6739112 0.6699005 0.6680613 0.6663178 0.6646604 0.6646604 0.6520830 0.6403228 0.6272259 0.6142155 0.6021027 0.5913448 0.5822138 0.5748313 0.5692243 0.5653535 0.5631087 0.5622448 0.5621834 0.5607167 0.5607167 0.5399726 0.5119819 0.4668131 0.4576766 0.4576766 0.4674204 0.4674204 0.4879304 0.4879304 0.4937655 0.4960575 0.4960575 0.4962924 0.4962924 0.5185148 0.5185148 0.5185148 0.5319015 0.5319015 0.5353897 0.5353897 0.5311580 0.5311580 0.5233071 0.5233071 0.5149543 0.5149543 0.5149543
0.7173352 0.7173352 0.7020241 0.6911261 0.6873059 0.6873059 0.6840169 0.6785048 0.6785048 0.6739107 0.6739107 0.6699009 0.6680620 0.6663185 0.6646611 0.6646611 0.6487887 0.6345867 0.6191108 0.6038747 0.5897024 0.5770472 0.5661695 0.5571992 0.5501791 0.5450879 0.5418412 0.5402488 0.5398787 0.5392410 0.5392410 0.5269896 0.5078503 0.4835177 0.4881786 0.4881786 0.5137793 0.5137793 0.5251196 0.5251196 0.5229844 0.5118242 0.5118242 0.5011609 0.5011609 0.5077197 0.5077197 0.5077197 0.5186647 0.5186647 0.5245103 0.5245103 0.5237606 0.5237606 0.5188723 0.5188723 0.5128133 0.5128133 0.5128133
0.7172425 0.7172425 0.7019315 0.6911267 0.6873107 0.6873107 0.6840204 0.6785052 0.6785052 0.6739106 0.6739106 0.6699012 0.6680623 0.6663187 0.6646613 0.6646613 0.6437643 0.6267828 0.6088860 0.5915379 0.5754935 0.5611520 0.5487325 0.5383475 0.5300393 0.5237985 0.5195656 0.5172032 0.5164151 0.5163272 0.5163272 0.5103402 0.5012338 0.5112949 0.5329542 0.5329542 0.5612560 0.5612560 0.5549242 0.5549242 0.5455299 0.5246843 0.5246843 0.5067841 0.5067841 0.5002609 0.5002609 0.5002609 0.5066714 0.5066714 0.5129111 0.5129111 0.5150266 0.5150266 0.5133743 0.5133743 0.5101421 0.5101421 0.5101421
0.7173352 0.7173352 0.7020241 0.6911260 0.6873058 0.6873058 0.6840169 0.6785048 0.6785048 0.6739107 0.6739107 0.6699010 0.6680621 0.6663185 0.6646611 0.6646611 0.6364822 0.6163111 0.5959224 0.5765841 0.5588925 0.5431358 0.5294551 0.5179154 0.5085365 0.5013075 0.4961856 0.4930798 0.4918393 0.4922989 0.4922989 0.4922675 0.4975693 0.5573130 0.5890641 0.5890641 0.5997847 0.5997847 0.5761246 0.5761246 0.5620630 0.5353158 0.5353158 0.5126898 0.5126898 0.4959112 0.4959112 0.4959112 0.4968756 0.4968756 0.5016956 0.5016956 0.5055885 0.5055885 0.5070490 0.5070490 0.5069965 0.5069965 0.5069965
0.7176141 0.7176141 0.7023039 0.6911231 0.6872915 0.6872915 0.6840068 0.6785040 0.6785040 0.6739112 0.6739112 0.6699005 0.6680613 0.6663178 0.6646604 0.6646604 0.6261414 0.6023346 0.5793951 0.5582303 0.5391799 0.5223559 0.5077792 0.4954365 0.4853019 0.4773451 0.4715276 0.4677994 0.4662306 0.4679674 0.4679674 0.4772621 0.5079016 0.6188466 0.6424001 0.6424001 0.6249790 0.6249790 0.5907899 0.5907899 0.5743774 0.5442273 0.5442273 0.5184369 0.5184369 0.4939499 0.4939499 0.4939499 0.4895642 0.4895642 0.4917543 0.4917543 0.4962198 0.4962198 0.5003183 0.5003183 0.5035385 0.5035385 0.5035385
0.7180821 0.7180821 0.7027766 0.6911158 0.6872693 0.6872693 0.6839918 0.6785029 0.6785029 0.6739119 0.6739119 0.6698999 0.6680604 0.6663166 0.6646593 0.6646593 0.6114771 0.5836147 0.5581571 0.5354437 0.5154400 0.4980108 0.4830121 0.4703228 0.4598507 0.4515302 0.4453137 0.4412034 0.4398142 0.4458881 0.4458881 0.4763423 0.5481415 0.6771014 0.6776320 0.6776320 0.6397800 0.6397800 0.6012499 0.6012499 0.5838240 0.5515981 0.5515981 0.5236412 0.5236412 0.4935628 0.4935628 0.4935628 0.4845503 0.4845503 0.4836397 0.4836397 0.4876996 0.4876996 0.4937528 0.4937528 0.5000486 0.5000486 0.5000486
