simulation_files/asc/Depth____318.0.asc
NCOLS        79
NROWS        79
XLLCENTER         -1.500000
YLLCENTER         -4.800000
CELLSIZE           0.100
NODATA_VALUE     -9999.0
[rows 0 to 25 of 79, columns 0 to 58 of 79]
-9999.000 -9999.000 -9999.000 -9999.000 -9999.000 -9999.000 -9999.000 -9999.000 -9999.000 -9999.000 -9999.000 -9999.000 -9999.000 -9999.000 -9999.000 0.6842247 0.6846176 0.6846587 0.6845400 0.6843439 0.6841055 0.6838405 0.6835727 0.6833079 0.6830534 0.6828156 0.6825899 0.6823424 0.6819659 0.6819193 0.6819193 -9999.000 -9999.000 -9999.000 -9999.000 -9999.000 -9999.000 -9999.000 -9999.000 -9999.000 -9999.000 -9999.000 -9999.000 -9999.000 -9999.000 -9999.000 -9999.000 -9999.000 -9999.000 -9999.000 -9999.000 -9999.000 -9999.000 -9999.000 -9999.000 -9999.000 -9999.000 -9999.000 -9999.000
-9999.000 -9999.000 -9999.000 -9999.000 -9999.000 -9999.000 -9999.000 -9999.000 -9999.000 -9999.000 -9999.000 -9999.000 -9999.000 -9999.000 -9999.000 0.6859850 0.6863595 0.6863925 0.6862950 0.6861377 0.6859499 0.6857437 0.6855381 0.6853368 0.6851457 0.6849692 0.6848031 0.6846170 0.6843149 0.6843506 0.6843506 -9999.000 -9999.000 -9999.000 -9999.000 -9999.000 -9999.000 -9999.000 -9999.000 -9999.000 -9999.000 -9999.000 -9999.000 -9999.000 -9999.000 -9999.000 -9999.000 -9999.000 -9999.000 -9999.000 -9999.000 -9999.000 -9999.000 -9999.000 -9999.000 -9999.000 -9999.000 -9999.000 -9999.000
-9999.000 -9999.000 -9999.000 -9999.000 -9999.000 -9999.000 -9999.000 -9999.000 -9999.000 -9999.000 -9999.000 -9999.000 -9999.000 -9999.000 -9999.000 0.6879024 0.6883076 0.6883483 0.6882564 0.6881053 0.6879247 0.6877269 0.6875313 0.6873408 0.6871606 0.6869944 0.6868365 0.6866539 0.6863447 0.6863759 0.6863759 -9999.000 -9999.000 -9999.000 -9999.000 -9999.000 -9999.000 -9999.000 -9999.000 -9999.000 -9999.000 -9999.000 -9999.000 -9999.000 -9999.000 -9999.000 -9999.000 -9999.000 -9999.000 -9999.000 -9999.000 -9999.000 -9999.000 -9999.000 -9999.000 -9999.000 -9999.000 -9999.000 -9999.000
-9999.000 -9999.000 -9999.000 -9999.000 -9999.000 -9999.000 -9999.000 -9999.000 -9999.000 -9999.000 -9999.000 -9999.000 -9999.000 -9999.000 -9999.000 0.6898699 0.6902936 0.6903371 0.6902455 0.6900942 0.6899137 0.6897162 0.6895218 0.6893326 0.6891537 0.6889889 0.6888314 0.6886457 0.6883229 0.6883324 0.6883324 -9999.000 -9999.000 -9999.000 -9999.000 -9999.000 -9999.000 -9999.000 -9999.000 -9999.000 -9999.000 -9999.000 -9999.000 -9999.000 -9999.000 -9999.000 -9999.000 -9999.000 -9999.000 -9999.000 -9999.000 -9999.000 -9999.000 -9999.000 -9999.000 -9999.000 -9999.000 -9999.000 -9999.000
-9999.000 -9999.000 -9999.000 -9999.000 -9999.000 -9999.000 -9999.000 -9999.000 -9999.000 -9999.000 -9999.000 -9999.000 -9999.000 -9999.000 -9999.000 0.6918585 0.6922949 0.6923389 0.6922448 0.6920903 0.6919063 0.6917050 0.6915076 0.6913154 0.6911336 0.6909660 0.6908049 0.6906121 0.6902705 0.6902437 0.6902437 -9999.000 -9999.000 -9999.000 -9999.000 -9999.000 -9999.000 -9999.000 -9999.000 -9999.000 -9999.000 -9999.000 -9999.000 -9999.000 -9999.000 -9999.000 -9999.000 -9999.000 -9999.000 -9999.000 -9999.000 -9999.000 -9999.000 -9999.000 -9999.000 -9999.000 -9999.000 -9999.000 -9999.000
-9999.000 -9999.000 -9999.000 -9999.000 -9999.000 -9999.000 -9999.000 -9999.000 -9999.000 -9999.000 -9999.000 -9999.000 -9999.000 -9999.000 -9999.000 0.6938545 0.6943008 0.6943439 0.6942458 0.6940864 0.6938972 0.6936901 0.6934877 0.6932903 0.6931035 0.6929309 0.6927642 0.6925618 0.6921965 0.6921188 0.6921188 -9999.000 -9999.000 -9999.000 -9999.000 -9999.000 -9999.000 -9999.000 -9999.000 -9999.000 -9999.000 -9999.000 -9999.000 -9999.000 -9999.000 -9999.000 -9999.000 -9999.000 -9999.000 -9999.000 -9999.000 -9999.000 -9999.000 -9999.000 -9999.000 -9999.000 -9999.000 -9999.000 -9999.000
-9999.000 -9999.000 -9999.000 -9999.000 -9999.000 -9999.000 -9999.000 -9999.000 -9999.000 -9999.000 -9999.000 -9999.000 -9999.000 -9999.000 -9999.000 0.6958510 0.6963058 0.6963469 0.6962436 0.6960786 0.6958833 0.6956695 0.6954611 0.6952574 0.6950643 0.6948857 0.6947120 0.6944978 0.6941038 0.6939582 0.6939582 -9999.000 -9999.000 -9999.000 -9999.000 -9999.000 -9999.000 -9999.000 -9999.000 -9999.000 -9999.000 -9999.000 -9999.000 -9999.000 -9999.000 -9999.000 -9999.000 -9999.000 -9999.000 -9999.000 -9999.000 -9999.000 -9999.000 -9999.000 -9999.000 -9999.000 -9999.000 -9999.000 -9999.000
-9999.000 -9999.000 -9999.000 -9999.000 -9999.000 -9999.000 -9999.000 -9999.000 -9999.000 -9999.000 -9999.000 -9999.000 -9999.000 -9999.000 -9999.000 0.6978445 0.6983070 0.6983450 0.6982359 0.6980646 0.6978626 0.6976414 0.6974266 0.6972159 0.6970159 0.6968305 0.6966488 0.6964206 0.6959923 0.6957570 0.6957570 -9999.000 -9999.000 -9999.000 -9999.000 -9999.000 -9999.000 -9999.000 -9999.000 -9999.000 -9999.000 -9999.000 -9999.000 -9999.000 -9999.000 -9999.000 -9999.000 -9999.000 -9999.000 -9999.000 -9999.000 -9999.000 -9999.000 -9999.000 -9999.000 -9999.000 -9999.000 -9999.000 -9999.000
-9999.000 -9999.000 -9999.000 -9999.000 -9999.000 -9999.000 -9999.000 -9999.000 -9999.000 -9999.000 -9999.000 -9999.000 -9999.000 -9999.000 -9999.000 0.6998326 0.7003023 0.7003362 0.7002204 0.7000423 0.6998333 0.6996043 0.6993828 0.6991645 0.6989571 0.6987643 0.6985736 0.6983291 0.6978598 0.6975057 0.6975057 -9999.000 -9999.000 -9999.000 -9999.000 -9999.000 -9999.000 -9999.000 -9999.000 -9999.000 -9999.000 -9999.000 -9999.000 -9999.000 -9999.000 -9999.000 -9999.000 -9999.000 -9999.000 -9999.000 -9999.000 -9999.000 -9999.000 -9999.000 -9999.000 -9999.000 -9999.000 -9999.000 -9999.000
-9999.000 -9999.000 -9999.000 -9999.000 -9999.000 -9999.000 -9999.000 -9999.000 -9999.000 -9999.000 -9999.000 -9999.000 -9999.000 -9999.000 -9999.000 0.7018130 0.7022899 0.7023187 0.7021953 0.7020100 0.7017936 0.7015561 0.7013279 0.7011015 0.7008861 0.7006854 0.7004845 0.7002209 0.6997022 0.6991893 0.6991893 -9999.000 -9999.000 -9999.000 -9999.000 -9999.000 -9999.000 -9999.000 -9999.000 -9999.000 -9999.000 -9999.000 -9999.000 -9999.000 -9999.000 -9999.000 -9999.000 -9999.000 -9999.000 -9999.000 -9999.000 -9999.000 -9999.000 -9999.000 -9999.000 -9999.000 -9999.000 -9999.000 -9999.000
-9999.000 -9999.000 -9999.000 -9999.000 -9999.000 -9999.000 -9999.000 -9999.000 -9999.000 -9999.000 -9999.000 -9999.000 -9999.000 -9999.000 -9999.000 0.7037835 0.7042679 0.7042903 0.7041584 0.7039652 0.7037411 0.7034947 0.7032595 0.7030245 0.7028005 0.7025911 0.7023787 0.7020923 0.7015141 0.7007857 0.7007857 -9999.000 -9999.000 -9999.000 -9999.000 -9999.000 -9999.000 -9999.000 -9999.000 -9999.000 -9999.000 -9999.000 -9999.000 -9999.000 -9999.000 -9999.000 -9999.000 -9999.000 -9999.000 -9999.000 -9999.000 -9999.000 -9999.000 -9999.000 -9999.000 -9999.000 -9999.000 -9999.000 -9999.000
-9999.000 -9999.000 -9999.000 -9999.000 -9999.000 -9999.000 -9999.000 -9999.000 -9999.000 -9999.000 -9999.000 -9999.000 -9999.000 -9999.000 -9999.000 0.7057411 0.7062336 0.7062485 0.7061068 0.7059053 0.7056727 0.7054169 0.7051744 0.7049300 0.7046965 0.7044775 0.7042519 0.7039382 0.7032871 0.7022609 0.7022609 -9999.000 -9999.000 -9999.000 -9999.000 -9999.000 -9999.000 -9999.000 -9999.000 -9999.000 -9999.000 -9999.000 -9999.000 -9999.000 -9999.000 -9999.000 -9999.000 -9999.000 -9999.000 -9999.000 -9999.000 -9999.000 -9999.000 -9999.000 -9999.000 -9999.000 -9999.000 -9999.000 -9999.000
-9999.000 -9999.000 -9999.000 -9999.000 -9999.000 -9999.000 -9999.000 -9999.000 -9999.000 -9999.000 -9999.000 -9999.000 -9999.000 -9999.000 -9999.000 0.7076814 0.7081834 0.7081895 0.7080367 0.7078261 0.7075846 0.7073183 0.7070682 0.7068133 0.7065694 0.7063393 0.7060979 0.7057505 0.7050089 0.7035617 0.7035617 -9999.000 -9999.000 -9999.000 -9999.000 -9999.000 -9999.000 -9999.000 -9999.000 -9999.000 -9999.000 -9999.000 -9999.000 -9999.000 -9999.000 -9999.000 -9999.000 -9999.000 -9999.000 -9999.000 -9999.000 -9999.000 -9999.000 -9999.000 -9999.000 -9999.000 -9999.000 -9999.000 -9999.000
-9999.000 -9999.000 -9999.000 -9999.000 -9999.000 -9999.000 -9999.000 -9999.000 -9999.000 -9999.000 -9999.000 -9999.000 -9999.000 -9999.000 -9999.000 0.7095674 0.7100941 0.7101001 0.7099430 0.7097258 0.7094763 0.7091991 0.7089404 0.7086728 0.7084157 0.7081716 0.7079099 0.7075194 0.7066632 0.7046070 0.7046070 -9999.000 -9999.000 -9999.000 -9999.000 -9999.000 -9999.000 -9999.000 -9999.000 -9999.000 -9999.000 -9999.000 -9999.000 -9999.000 -9999.000 -9999.000 -9999.000 -9999.000 -9999.000 -9999.000 -9999.000 -9999.000 -9999.000 -9999.000 -9999.000 -9999.000 -9999.000 -9999.000 -9999.000
-9999.000 -9999.000 -9999.000 -9999.000 -9999.000 -9999.000 -9999.000 -9999.000 -9999.000 -9999.000 -9999.000 -9999.000 -9999.000 -9999.000 -9999.000 0.7058291 0.7103971 0.7124371 0.7130103 0.7127446 0.7123938 0.7119779 0.7115709 0.7111486 0.7107438 0.7103650 0.7099744 0.7094250 0.7082697 0.7045991 0.7045991 -9999.000 -9999.000 -9999.000 -9999.000 -9999.000 -9999.000 -9999.000 -9999.000 -9999.000 -9999.000 -9999.000 -9999.000 -9999.000 -9999.000 -9999.000 -9999.000 -9999.000 -9999.000 -9999.000 -9999.000 -9999.000 -9999.000 -9999.000 -9999.000 -9999.000 -9999.000 -9999.000 -9999.000
0.7792959 0.7792959 0.7842598 0.7643273 0.7604486 0.7604486 0.7572826 0.7520583 0.7520583 0.7478766 0.7478766 0.7443755 0.7428033 0.7413245 0.7398886 0.7398886 0.7150672 0.7138299 0.7129981 0.7136972 0.7149020 0.7164864 0.7188405 0.7212630 0.7237554 0.7261427 0.7278548 0.7273427 0.7204165 0.6906924 0.6906924 0.4833556 0.4479061 0.4273424 0.4204965 0.4204965 0.4100502 0.4100502 0.4137763 0.4137763 0.4253923 0.4753135 0.4753135 0.5807337 0.5807337 0.6222345 0.6222345 0.6222345 0.6212627 0.6212627 0.6107923 0.6107923 0.5970008 0.5970008 0.5827911 0.5827911 0.5698342 0.5698342 0.5698342
0.7762551 0.7762551 0.7829397 0.7633337 0.7593951 0.7593951 0.7562234 0.7510138 0.7510138 0.7468494 0.7468494 0.7433609 0.7417942 0.7403213 0.7388918 0.7388918 0.7173462 0.7124816 0.7080849 0.7046316 0.7018696 0.6998549 0.6988530 0.6987026 0.6994067 0.7008879 0.7028642 0.7046171 0.7043866 0.6921673 0.6921673 0.5514203 0.4979678 0.4456860 0.4311786 0.4311786 0.4149598 0.4149598 0.4177297 0.4177297 0.4285730 0.4720487 0.4720487 0.5539250 0.5539250 0.6197307 0.6197307 0.6197307 0.6210522 0.6210522 0.6110750 0.6110750 0.5974005 0.5974005 0.5833130 0.5833130 0.5704048 0.5704048 0.5704048
0.7745273 0.7745273 0.7830116 0.7634235 0.7594307 0.7594307 0.7562090 0.7509675 0.7509675 0.7468034 0.7468034 0.7433157 0.7417480 0.7402734 0.7388358 0.7388358 0.7190188 0.7109829 0.7033789 0.6967034 0.6910170 0.6863779 0.6829532 0.6806855 0.6795583 0.6795283 0.6804156 0.6816950 0.6819784 0.6745855 0.6745855 0.5847097 0.5295479 0.4636592 0.4440694 0.4440694 0.4245612 0.4245612 0.4310990 0.4310990 0.4438782 0.4833484 0.4833484 0.5431934 0.5431934 0.6123834 0.6123834 0.6123834 0.6181810 0.6181810 0.6100001 0.6100001 0.5969677 0.5969677 0.5831498 0.5831498 0.5704050 0.5704050 0.5704050
0.7731361 0.7731361 0.7834038 0.7635099 0.7594945 0.7594945 0.7562266 0.7509662 0.7509662 0.7468099 0.7468099 0.7433232 0.7417541 0.7402772 0.7388278 0.7388278 0.7198766 0.7090403 0.6983827 0.6886724 0.6802116 0.6731277 0.6675389 0.6634181 0.6607122 0.6593497 0.6591751 0.6597869 0.6601252 0.6553805 0.6553805 0.5982108 0.5492719 0.4811345 0.4599384 0.4599384 0.4427292 0.4427292 0.4564574 0.4564574 0.4706849 0.5023217 0.5023217 0.5396779 0.5396779 0.5995530 0.5995530 0.5995530 0.6105872 0.6105872 0.6059701 0.6059701 0.5947177 0.5947177 0.5818144 0.5818144 0.5696916 0.5696916 0.5696916
0.7720617 0.7720617 0.7840735 0.7636009 0.7595816 0.7595816 0.7562599 0.7509615 0.7509615 0.7468119 0.7468119 0.7433288 0.7417592 0.7402811 0.7388145 0.7388145 0.7195725 0.7061856 0.6926640 0.6800731 0.6689072 0.6593870 0.6516382 0.6456648 0.6414102 0.6387820 0.6376236 0.6376002 0.6378889 0.6350622 0.6350622 0.5987029 0.5586678 0.4964164 0.4781721 0.4781721 0.4717396 0.4717396 0.4931227 0.4931227 0.5055872 0.5239621 0.5239621 0.5406283 0.5406283 0.5839841 0.5839841 0.5839841 0.5987204 0.5987204 0.5987304 0.5987304 0.5904967 0.5904967 0.5793723 0.5793723 0.5684584 0.5684584 0.5684584
0.7712940 0.7712940 0.7842911 0.7636080 0.7596164 0.7596164 0.7562710 0.7509563 0.7509563 0.7468142 0.7468142 0.7433341 0.7417638 0.7402847 0.7387934 0.7387934 0.7178298 0.7019693 0.6857571 0.6704762 0.6567484 0.6448698 0.6349909 0.6271473 0.6213004 0.6173618 0.6151837 0.6144833 0.6146189 0.6131791 0.6131791 0.5905249 0.5599814 0.5109963 0.5014650 0.5014650 0.5131176 0.5131176 0.5357846 0.5357846 0.5420275 0.5442200 0.5442200 0.5442864 0.5442864 0.5690529 0.5690529 0.5690529 0.5843520 0.5843520 0.5886285 0.5886285 0.5842270 0.5842270 0.5757498 0.5757498 0.5667171 0.5667171 0.5667171
0.7708338 0.7708338 0.7843831 0.7635914 0.7596279 0.7596279 0.7562742 0.7509527 0.7509527 0.7468161 0.7468161 0.7433378 0.7417667 0.7402868 0.7387608 0.7387608 0.7143611 0.6959338 0.6771472 0.6593754 0.6432889 0.6292185 0.6173299 0.6076794 0.6002493 0.5949681 0.5917095 0.5902430 0.5900804 0.5895877 0.5895877 0.5763018 0.5555092 0.5297354 0.5355414 0.5355414 0.5642820 0.5642820 0.5763620 0.5763620 0.5737863 0.5612862 0.5612862 0.5495242 0.5495242 0.5570322 0.5570322 0.5570322 0.5696071 0.5696071 0.5765316 0.5765316 0.5760409 0.5760409 0.5708841 0.5708841 0.5644192 0.5644192 0.5644192
0.7706805 0.7706805 0.7844072 0.7635835 0.7596304 0.7596304 0.7562749 0.7509517 0.7509517 0.7468172 0.7468172 0.7433396 0.7417682 0.7402877 0.7387137 0.7387137 0.7087933 0.6875614 0.6662484 0.6461760 0.6279767 0.6119615 0.5982812 0.5869911 0.5780835 0.5715043 0.5671533 0.5648525 0.5642576 0.5644037 0.5644037 0.5580596 0.5483938 0.5609285 0.5853401 0.5853401 0.6162173 0.6162173 0.6086693 0.6086693 0.5982049 0.5752334 0.5752334 0.5556344 0.5556344 0.5487363 0.5487363 0.5487363 0.5562556 0.5562556 0.5636287 0.5636287 0.5663617 0.5663617 0.5648373 0.5648373 0.5615415 0.5615415 0.5615415
0.7708341 0.7708341 0.7843826 0.7635914 0.7596281 0.7596281 0.7562743 0.7509528 0.7509528 0.7468160 0.7468160 0.7433378 0.7417668 0.7402868 0.7386461 0.7386461 0.7005832 0.6761945 0.6523502 0.6301668 0.6101441 0.5925076 0.5773508 0.5646980 0.5545315 0.5468038 0.5414371 0.5383042 0.5372192 0.5379954 0.5379954 0.5382842 0.5446941 0.6122460 0.6471756 0.6471756 0.6579662 0.6579662 0.6315954 0.6315954 0.6161164 0.5867987 0.5867987 0.5620808 0.5620808 0.5438926 0.5438926 0.5438926 0.5453491 0.5453491 0.5511430 0.5511430 0.5558843 0.5558843 0.5578635 0.5578635 0.5581401 0.5581401 0.5581401
0.7712945 0.7712945 0.7842904 0.7636082 0.7596167 0.7596167 0.7562714 0.7509565 0.7509565 0.7468143 0.7468143 0.7433341 0.7417637 0.7402846 0.7385511 0.7385511 0.6888948 0.6609224 0.6345310 0.6104621 0.5889722 0.5701262 0.5539118 0.5402866 0.5291986 0.5205905 0.5143959 0.5105375 0.5090775 0.5112869 0.5112869 0.5219926 0.5566849 0.6801189 0.7052158 0.7052158 0.6850864 0.6850864 0.6474875 0.6474875 0.6294932 0.5965201 0.5965201 0.5683687 0.5683687 0.5416948 0.5416948 0.5416948 0.5372042 0.5372042 0.5400676 0.5400676 0.5454687 0.5454687 0.5504268 0.5504268 0.5543899 0.5543899 0.5543899
0.7720623 0.7720623 0.7840726 0.7636011 0.7595822 0.7595822 0.7562603 0.7509618 0.7509618 0.7468117 0.7468117 0.7433287 0.7417589 0.7402810 0.7384180 0.7384180 0.6723865 0.6404017 0.6115257 0.5859083 0.5634301 0.5439124 0.5271835 0.5131006 0.5015530 0.4924564 0.4857437 0.4814032 0.4801175 0.4871668 0.4871668 0.5214626 0.6017751 0.7434174 0.7429620 0.7429620 0.7010339 0.7010339 0.6588682 0.6588682 0.6397786 0.6045766 0.6045766 0.5740685 0.5740685 0.5412390 0.5412390 0.5412390 0.5316127 0.5316127 0.5310206 0.5310206 0.5359818 0.5359818 0.5431585 0.5431585 0.5505964 0.5505964 0.5505964
