simulation_files/asc/Depth____157.0.asc
NCOLS       411
NROWS       131
XLLCENTER    2538020.000000
YLLCENTER    1152390.000000
CELLSIZE           1.000
NODATA_VALUE     -9999.0
[rows 0 to 26 of 131, columns 236 to 294 of 411]
-9999.000 -9999.000 -9999.000 -9999.000 -9999.000 -9999.000 -9999.000 -9999.000 -9999.000 -9999.000 -9999.000 -9999.000 -9999.000 -9999.000 -9999.000 -9999.000 -9999.000 -9999.000 -9999.000 -9999.000 -9999.000 -9999.000 -9999.000 -9999.000 -9999.000 -9999.000 -9999.000 -9999.000 -9999.000 -9999.000 -9999.000 -9999.000 -9999.000 -9999.000 -9999.000 -9999.000 -9999.000 -9999.000 -9999.000 -9999.000 -9999.000 -9999.000 -9999.000 -9999.000 -9999.000 -9999.000 -9999.000 -9999.000 -9999.000 -9999.000 -9999.000 -9999.000 -9999.000 -9999.000 -9999.000 -9999.000 -9999.000 -9999.000 -9999.000
0.3240103E-01 0.1562781E-01 -9999.000 -9999.000 -9999.000 -9999.000 -9999.000 -9999.000 -9999.000 -9999.000 -9999.000 -9999.000 -9999.000 -9999.000 -9999.000 -9999.000 -9999.000 -9999.000 -9999.000 -9999.000 -9999.000 -9999.000 -9999.000 -9999.000 -9999.000 -9999.000 -9999.000 -9999.000 -9999.000 -9999.000 -9999.000 -9999.000 -9999.000 -9999.000 -9999.000 -9999.000 -9999.000 -9999.000 -9999.000 -9999.000 -9999.000 -9999.000 -9999.000 -9999.000 -9999.000 -9999.000 -9999.000 -9999.000 -9999.000 -9999.000 -9999.000 -9999.000 -9999.000 -9999.000 -9999.000 -9999.000 -9999.000 -9999.000 -9999.000
0.1469121 0.5136863E-01 -9999.000 -9999.000 -9999.000 -9999.000 -9999.000 -9999.000 -9999.000 -9999.000 -9999.000 -9999.000 -9999.000 -9999.000 -9999.000 -9999.000 -9999.000 -9999.000 0.2506721E-01 0.5945963E-01 0.6909995E-01 0.8725770E-01 0.9916018E-01 0.9613879E-01 -9999.000 -9999.000 -9999.000 -9999.000 -9999.000 -9999.000 -9999.000 -9999.000 -9999.000 -9999.000 -9999.000 -9999.000 -9999.000 -9999.000 -9999.000 -9999.000 -9999.000 -9999.000 -9999.000 -9999.000 -9999.000 -9999.000 -9999.000 -9999.000 -9999.000 -9999.000 -9999.000 -9999.000 -9999.000 -9999.000 -9999.000 -9999.000 -9999.000 -9999.000 -9999.000
0.3562933 0.2169572 0.1297363 -9999.000 -9999.000 -9999.000 -9999.000 -9999.000 -9999.000 -9999.000 -9999.000 -9999.000 -9999.000 -9999.000 -9999.000 0.4307162E-01 0.5354785E-01 0.8256132E-01 0.1217323 0.1738770 0.2130440 0.2365420 0.2431679 0.2323559 0.2075060 0.1324018 -9999.000 -9999.000 -9999.000 -9999.000 -9999.000 -9999.000 -9999.000 -9999.000 -9999.000 -9999.000 -9999.000 -9999.000 -9999.000 -9999.000 -9999.000 -9999.000 -9999.000 -9999.000 -9999.000 -9999.000 -9999.000 -9999.000 -9999.000 -9999.000 -9999.000 -9999.000 -9999.000 -9999.000 -9999.000 -9999.000 -9999.000 -9999.000 -9999.000
0.6420619 0.5190036 0.4011512 0.3155222 0.2340827 0.1648908 -9999.000 -9999.000 -9999.000 -9999.000 0.8449614E-01 0.1021033 0.1875172 0.2162333 0.2381653 0.2450393 0.2206855 0.2484590 0.3057136 0.3843839 0.4287309 0.4561019 0.4487971 0.4360875 0.3998522 0.2961217 0.1882022 0.1194371 -9999.000 -9999.000 -9999.000 -9999.000 0.1404715 0.1240110 0.9904238E-01 0.6370618E-01 -9999.000 -9999.000 -9999.000 -9999.000 -9999.000 -9999.000 -9999.000 -9999.000 -9999.000 -9999.000 -9999.000 -9999.000 -9999.000 -9999.000 -9999.000 -9999.000 -9999.000 -9999.000 -9999.000 -9999.000 -9999.000 -9999.000 -9999.000
0.9628319 0.8515856 0.7452632 0.6480227 0.5522442 0.4650473 0.3817364 0.2734008 0.2004018 0.2611457 0.3550281 0.3841256 0.4254500 0.5087956 0.5646289 0.5565346 0.5116438 0.5026405 0.5316823 0.5885005 0.6496510 0.6596874 0.6498286 0.6353964 0.6026134 0.4981707 0.3753061 0.3079088 0.2616525 0.2409949 0.2473762 0.2995346 0.3253012 0.3099091 0.2458135 0.1673770 0.1066818 0.5667976E-01 0.5492831E-01 0.5461595E-01 0.4792231E-01 -9999.000 -9999.000 -9999.000 -9999.000 -9999.000 -9999.000 -9999.000 -9999.000 -9999.000 -9999.000 -9999.000 -9999.000 -9999.000 -9999.000 -9999.000 -9999.000 -9999.000 -9999.000
1.295380 1.184355 1.075271 0.9898865 0.8875939 0.7809231 0.7252228 0.5946572 0.5002712 0.6227151 0.7637169 0.7798204 0.8175501 0.8898816 0.9032830 0.8719234 0.8133405 0.7830454 0.7716053 0.8020772 0.8479647 0.8572838 0.8467062 0.8392912 0.7993703 0.7015417 0.5984643 0.5431790 0.5241766 0.5073813 0.5203441 0.5508657 0.5535297 0.5133316 0.4428035 0.3428770 0.2417755 0.1864102 0.1848505 0.1793538 0.1595615 0.1288024 0.7429079E-01 -9999.000 -9999.000 -9999.000 -9999.000 -9999.000 -9999.000 -9999.000 -9999.000 -9999.000 -9999.000 -9999.000 -9999.000 -9999.000 -9999.000 -9999.000 -9999.000
1.614950 1.503042 1.410957 1.316600 1.198569 1.100631 1.014467 0.9145491 0.8637346 0.9959333 1.101948 1.128568 1.169509 1.208444 1.198984 1.151171 1.101759 1.040210 1.009112 1.013870 1.049084 1.044208 1.032444 1.042506 0.9947558 0.9066011 0.8235204 0.8129620 0.8003211 0.7854242 0.7732295 0.7995566 0.7791234 0.7160817 0.6313969 0.5174368 0.4174054 0.3615534 0.3608423 0.3497372 0.3181201 0.2705818 0.2057288 0.1603664 0.1191196 0.9630460E-01 -9999.000 -9999.000 -9999.000 -9999.000 -9999.000 -9999.000 -9999.000 -9999.000 -9999.000 -9999.000 -9999.000 -9999.000 -9999.000
1.852254 1.749621 1.661228 1.556408 1.446694 1.336678 1.245097 1.164367 1.121870 1.217052 1.285625 1.338588 1.389646 1.406957 1.387308 1.348240 1.300478 1.246499 1.211387 1.206980 1.208817 1.195295 1.182383 1.175744 1.151349 1.097643 1.063994 1.055005 1.049741 1.036901 1.037282 1.023140 0.9761562 0.8974990 0.8039692 0.6912243 0.5948682 0.5524412 0.5338914 0.5179797 0.4784427 0.4327314 0.3701398 0.3154613 0.2864273 0.2333581 0.1834599 0.1478398 0.1215407 0.9108643E-01 0.4468586E-01 -9999.000 -9999.000 -9999.000 -9999.000 -9999.000 -9999.000 -9999.000 -9999.000
1.955696 1.871606 1.781939 1.684651 1.581713 1.481350 1.377023 1.295722 1.268505 1.297040 1.353697 1.436763 1.496069 1.504145 1.483094 1.446738 1.415695 1.373580 1.338118 1.323753 1.305992 1.288684 1.276349 1.280005 1.271156 1.245852 1.233711 1.232413 1.232032 1.224692 1.224391 1.197206 1.143972 1.064151 0.9823660 0.8781223 0.7892350 0.7432738 0.7100532 0.6892445 0.6546978 0.6122761 0.5511044 0.4916796 0.4418120 0.3946799 0.3414282 0.3081900 0.2594812 0.1851177 0.1044725 -9999.000 -9999.000 -9999.000 -9999.000 -9999.000 -9999.000 -9999.000 -9999.000
1.944123 1.873952 1.802999 1.726289 1.641855 1.552744 1.451983 1.372859 1.337891 1.350179 1.393628 1.469830 1.545690 1.574479 1.559037 1.527108 1.493496 1.450843 1.413237 1.390296 1.371895 1.357252 1.351254 1.354604 1.354284 1.347991 1.341500 1.340142 1.335551 1.332422 1.323434 1.295749 1.247450 1.187448 1.113891 1.030594 0.9522584 0.9082259 0.8789968 0.8538589 0.8273548 0.7704058 0.7112461 0.6572766 0.6086939 0.5416721 0.4746607 0.4109390 0.3327387 0.2501160 0.1671405 0.1169495 0.8413716E-01 0.6829748E-01 -9999.000 -9999.000 -9999.000 -9999.000 -9999.000
1.851923 1.808581 1.771034 1.729793 1.675138 1.589810 1.486461 1.419484 1.405676 1.425379 1.470339 1.545825 1.632451 1.664340 1.644386 1.606279 1.551061 1.499202 1.459592 1.441480 1.428751 1.417140 1.412354 1.412526 1.410952 1.408188 1.409010 1.401974 1.389516 1.376008 1.364050 1.337025 1.295688 1.248622 1.193393 1.137553 1.087678 1.052180 1.022516 0.9999305 0.9548939 0.8807767 0.8054032 0.7323354 0.6507818 0.5729063 0.4945127 0.4175006 0.3573612 0.3132734 0.2889558 0.2709868 0.2486073 0.2295437 0.2444539 0.2458463 0.2463202 0.2637183 0.2725401
1.756929 1.759675 1.762188 1.749066 1.718163 1.651806 1.547034 1.484149 1.494041 1.527344 1.578533 1.652177 1.727206 1.758845 1.741018 1.682425 1.603556 1.543695 1.513648 1.504518 1.497284 1.485430 1.471690 1.450968 1.441692 1.444952 1.448066 1.440676 1.416570 1.398356 1.386699 1.366220 1.332672 1.287138 1.238244 1.194552 1.162082 1.132201 1.110711 1.067689 0.9716000 0.8658780 0.7637131 0.6581599 0.5840493 0.5285546 0.4845715 0.4644420 0.4468719 0.4374207 0.4383832 0.4458781 0.4412063 0.4442467 0.4688773 0.4738514 0.4844752 0.5048738 0.5074261
1.759263 1.791099 1.810112 1.811341 1.807103 1.762658 1.663419 1.593955 1.597540 1.641263 1.694240 1.762027 1.805824 1.823160 1.808223 1.748118 1.659249 1.588569 1.569485 1.571012 1.572392 1.560687 1.541640 1.495573 1.466162 1.469779 1.482363 1.479081 1.458012 1.435167 1.417292 1.392813 1.353182 1.303289 1.254376 1.212717 1.175093 1.125974 1.059106 0.9544038 0.8354788 0.7388121 0.6646794 0.6093124 0.5829647 0.5689635 0.5692343 0.5728656 0.5745819 0.5771483 0.5932896 0.6011231 0.6044225 0.6217794 0.6335078 0.6398160 0.6461963 0.6654380 0.6737814
1.772710 1.810335 1.845165 1.862348 1.877808 1.871609 1.799479 1.701351 1.688410 1.733832 1.783465 1.817893 1.838143 1.840581 1.822658 1.769022 1.693679 1.633250 1.623767 1.640285 1.641803 1.627317 1.595523 1.544895 1.512604 1.512109 1.524313 1.524536 1.510055 1.486339 1.456074 1.412343 1.356635 1.300480 1.248837 1.192377 1.111394 1.009339 0.8923136 0.7695054 0.7049115 0.6668465 0.6469931 0.6466825 0.6472250 0.6537690 0.6706833 0.6796059 0.6895862 0.7042667 0.7266277 0.7364073 0.7418807 0.7501178 0.7609485 0.7624330 0.7703409 0.7774944 0.7750428
1.731528 1.780611 1.833042 1.872637 1.908348 1.929944 1.893286 1.805929 1.744760 1.760816 1.793706 1.808514 1.809391 1.806125 1.790380 1.760123 1.715728 1.682232 1.698680 1.733139 1.709279 1.635739 1.590518 1.552185 1.533230 1.532108 1.546104 1.551395 1.535417 1.499549 1.451063 1.387274 1.314713 1.239041 1.154357 1.044694 0.9306700 0.8387453 0.7729359 0.7311124 0.7177286 0.7145961 0.7235356 0.7326865 0.7411612 0.7509552 0.7715507 0.7865681 0.8005546 0.8262326 0.8417841 0.8535717 0.8604833 0.8729054 0.8689309 0.8633958 0.8615023 0.8521714 0.8319339
1.685974 1.745793 1.814596 1.880295 1.927165 1.960735 1.950206 1.850402 1.741644 1.719633 1.733694 1.748470 1.757072 1.767073 1.773257 1.769079 1.756594 1.770227 1.858362 2.001539 1.882030 1.628143 1.519456 1.497708 1.491803 1.503651 1.518298 1.520948 1.495175 1.449641 1.381685 1.293435 1.181096 1.071128 0.9451666 0.8396270 0.7905995 0.7674638 0.7609033 0.7673626 0.7741412 0.7853333 0.8016442 0.8139363 0.8270733 0.8429410 0.8615400 0.8750749 0.8884202 0.9066255 0.9174842 0.9256731 0.9324863 0.9364850 0.9310636 0.9205141 0.9065360 0.8873984 0.8615406
1.650244 1.723153 1.798037 1.867700 1.920126 1.949972 1.954628 1.894621 1.771682 1.685150 1.673954 1.704589 1.735010 1.754299 1.784390 1.805751 1.821109 1.891465 2.025149 2.314091 2.341289 1.774063 1.462386 1.423957 1.426753 1.435580 1.438369 1.418720 1.363183 1.287241 1.186127 1.061199 0.9321672 0.8439882 0.7758600 0.7481541 0.7499281 0.7601084 0.7742782 0.7908243 0.8072208 0.8234644 0.8406074 0.8567562 0.8716998 0.8869616 0.9005890 0.9125176 0.9221582 0.9297094 0.9353890 0.9393932 0.9397720 0.9378968 0.9314993 0.9195839 0.9017598 0.8845431 0.8691406
1.660165 1.733125 1.805051 1.867518 1.916926 1.944909 1.949215 1.912211 1.822525 1.727364 1.686478 1.705757 1.747214 1.791840 1.835641 1.882019 1.943281 2.070699 2.271155 2.537686 2.674193 2.185328 1.545464 1.357037 1.353087 1.346991 1.319597 1.234666 1.125918 1.001981 0.8918668 0.7767869 0.7365873 0.7210485 0.7173033 0.7204578 0.7352950 0.7555834 0.7763036 0.7962447 0.8144990 0.8306610 0.8442278 0.8578165 0.8700577 0.8792208 0.8891534 0.8983438 0.9033710 0.9041224 0.9051602 0.9038391 0.8968706 0.8888916 0.8824629 0.8722665 0.8623881 0.8567184 0.8519503
1.720385 1.784116 1.851138 1.906745 1.960412 1.994445 2.000068 1.984270 1.918019 1.812909 1.750098 1.752298 1.803329 1.878073 1.944587 2.025479 2.114858 2.271988 2.457593 2.658839 2.812650 2.581182 1.954406 1.456920 1.279397 1.221124 1.123025 0.9761080 0.8314424 0.7404130 0.6891276 0.6720618 0.6736480 0.6821166 0.6942709 0.7114802 0.7315531 0.7511025 0.7681266 0.7843231 0.7991668 0.8099011 0.8203433 0.8298262 0.8380308 0.8411033 0.8468902 0.8522580 0.8493760 0.8506089 0.8464571 0.8394222 0.8234318 0.8186726 0.8173323 0.8135005 0.8166251 0.8205786 0.8229223
1.794125 1.855100 1.918148 1.977581 2.037079 2.079265 2.083814 2.071014 2.026096 1.968135 1.882496 1.850918 1.899555 1.988107 2.084723 2.177300 2.281979 2.426148 2.589451 2.731455 2.834471 2.841549 2.553937 1.771016 1.199200 1.032026 0.8694146 0.7403793 0.6807364 0.6579940 0.6528958 0.6587508 0.6668990 0.6801672 0.7000005 0.7175740 0.7335797 0.7475235 0.7594799 0.7701899 0.7793147 0.7861802 0.7929516 0.7980356 0.7999462 0.7985458 0.7984617 0.7977174 0.7929721 0.7877750 0.7850899 0.7807041 0.7767122 0.7745665 0.7749675 0.7771708 0.7827831 0.7916292 0.7983865
1.846355 1.905732 1.967570 2.041533 2.107606 2.158540 2.172606 2.161383 2.135282 2.104884 2.026469 1.973323 1.993146 2.077608 2.181153 2.288273 2.406958 2.545673 2.664962 2.765654 2.847357 2.921811 2.814237 2.025013 1.220220 0.8866429 0.7665858 0.7098303 0.6854573 0.6789166 0.6844234 0.6921614 0.7010918 0.7135922 0.7282506 0.7374014 0.7446933 0.7532325 0.7601871 0.7659194 0.7705264 0.7731635 0.7746020 0.7746159 0.7708054 0.7690269 0.7663474 0.7638975 0.7626921 0.7626628 0.7642784 0.7671376 0.7674590 0.7675202 0.7687239 0.7725967 0.7777846 0.7868003 0.7954506
1.835730 1.916022 1.983736 2.070576 2.142046 2.188916 2.227556 2.235166 2.218462 2.191842 2.159091 2.096940 2.076801 2.135955 2.240046 2.376678 2.500618 2.617480 2.715331 2.799981 2.870063 2.953302 2.987578 2.077411 1.064331 0.9196965 0.8545905 0.7991808 0.7586225 0.7409990 0.7397093 0.7392247 0.7431740 0.7494111 0.7562864 0.7592298 0.7614376 0.7633501 0.7641442 0.7648188 0.7648280 0.7634567 0.7617723 0.7597663 0.7592966 0.7605789 0.7623975 0.7650269 0.7681821 0.7710325 0.7740912 0.7783848 0.7814208 0.7842753 0.7907621 0.7959424 0.8012993 0.8072704 0.8146439
1.766857 1.874344 1.959009 2.042011 2.117969 2.192878 2.246733 2.260456 2.253398 2.258916 2.232611 2.166545 2.116886 2.165407 2.275036 2.412015 2.542730 2.641527 2.719046 2.780382 2.843136 2.943274 2.863188 1.948373 1.209740 1.036649 0.9924765 0.9418559 0.8848492 0.8434668 0.8065993 0.7782425 0.7692365 0.7675936 0.7660304 0.7655169 0.7643342 0.7615203 0.7577657 0.7544908 0.7490094 0.7471537 0.7464473 0.7478401 0.7490962 0.7537789 0.7596898 0.7649205 0.7715406 0.7776721 0.7836006 0.7902280 0.7965971 0.8035706 0.8123638 0.8203466 0.8255129 0.8295355 0.8331452
1.628962 1.763297 1.880875 1.986454 2.092689 2.187556 2.255350 2.268795 2.280226 2.299002 2.264343 2.213279 2.161410 2.176418 2.278200 2.386320 2.507675 2.609792 2.667302 2.715497 2.768383 2.842576 2.747586 2.061081 1.466894 1.192203 1.075556 1.040253 0.9919546 0.9513211 0.8927549 0.8389212 0.7866559 0.7550337 0.7414930 0.7365356 0.7343334 0.7283850 0.7273148 0.7249303 0.7190952 0.7199817 0.7222655 0.7240734 0.7255791 0.7315352 0.7392167 0.7443685 0.7533762 0.7628885 0.7709251 0.7799417 0.7903042 0.8012535 0.8108811 0.8195276 0.8256436 0.8289596 0.8314554
1.459033 1.619566 1.796012 1.941816 2.074692 2.200843 2.279729 2.309468 2.336100 2.343540 2.303613 2.252369 2.186679 2.196625 2.257073 2.350635 2.453206 2.532380 2.588033 2.633556 2.675011 2.672715 2.434171 1.931073 1.649449 1.352374 1.162587 1.070740 1.045073 1.008525 0.9699775 0.9132202 0.8409633 0.7690496 0.7131780 0.6840757 0.6658693 0.6588231 0.6588788 0.6626688 0.6588150 0.6650643 0.6722628 0.6713092 0.6776906 0.6852957 0.6938433 0.6961612 0.7057624 0.7162598 0.7253841 0.7331116 0.7446007 0.7543781 0.7596249 0.7702442 0.7798590 0.7851646 0.7843618
1.281856 1.475312 1.686925 1.877164 2.056942 2.219764 2.324219 2.378246 2.395777 2.395264 2.359740 2.306143 2.253679 2.221909 2.247811 2.319169 2.408818 2.482874 2.532780 2.569540 2.585073 2.542317 2.232658 1.825397 1.687545 1.569441 1.279259 1.069664 1.036279 1.015616 0.9942986 0.9609730 0.9110286 0.8564625 0.7751797 0.6943945 0.6363693 0.5992405 0.5861099 0.5821159 0.5838485 0.5921212 0.6010972 0.6008600 0.6070835 0.6140697 0.6152380 0.6203683 0.6294267 0.6396814 0.6435902 0.6521645 0.6622194 0.6620475 0.6667591 0.6765894 0.6877879 0.6883027 0.6972987
