simulation_files/asc/Depth____605.0.asc
NCOLS       216
NROWS       273
XLLCENTER        494.688995
YLLCENTER        787.867981
CELLSIZE           0.500
NODATA_VALUE     -9999.0
[rows 162 to 188 of 273, columns 118 to 176 of 216]
2.006860 2.683473 2.881128 2.917252 2.926623 2.934873 2.714170 2.144138 1.635746 -9999.000 0.1783052 0.8422490E-01 0.1154337 0.1583520 0.1402756 0.1286001 0.1538475 0.1678742 0.1907607 0.1980610 0.1934532 0.1525815 0.1059849 0.1132844 0.1426583 0.1485857 0.1129494 0.7407247E-01 -9999.000 -9999.000 -9999.000 -9999.000 -9999.000 -9999.000 -9999.000 -9999.000 -9999.000 -9999.000 -9999.000 -9999.000 -9999.000 -9999.000 -9999.000 -9999.000 -9999.000 -9999.000 -9999.000 -9999.000 -9999.000 -9999.000 -9999.000 -9999.000 -9999.000 -9999.000 -9999.000 -9999.000 -9999.000 -9999.000 -9999.000
1.667921 2.589783 2.873555 2.906322 2.906201 2.498605 1.784560 1.073489 0.5891812 0.2079919 0.1453209 0.1246128 0.1310337 0.1240930 0.1399240 0.1511238 0.1557327 0.1557954 0.1903983 0.2146798 0.2171563 0.1599126 0.1168702 0.1246702 0.1622899 0.1766150 0.1536801 0.1081606 0.4906774E-01 -9999.000 -9999.000 -9999.000 -9999.000 -9999.000 -9999.000 -9999.000 -9999.000 -9999.000 -9999.000 -9999.000 -9999.000 -9999.000 -9999.000 -9999.000 -9999.000 -9999.000 -9999.000 -9999.000 -9999.000 -9999.000 -9999.000 -9999.000 -9999.000 -9999.000 -9999.000 -9999.000 -9999.000 -9999.000 -9999.000
1.269043 2.298186 2.753292 2.894484 2.472994 1.546629 -9999.000 0.1726162 0.1342624 0.1084356 0.1241732 0.1100131 0.1034193 0.9247442E-01 0.1187165 0.1440479 0.1404389 0.1430032 0.1672543 0.2006050 0.2054956 0.1405317 0.1074748 0.1254632 0.1690012 0.1771152 0.1420753 0.1101424 0.5017644E-01 -9999.000 -9999.000 -9999.000 -9999.000 -9999.000 -9999.000 -9999.000 -9999.000 -9999.000 -9999.000 -9999.000 -9999.000 -9999.000 -9999.000 -9999.000 -9999.000 -9999.000 -9999.000 -9999.000 -9999.000 -9999.000 -9999.000 -9999.000 -9999.000 -9999.000 -9999.000 -9999.000 -9999.000 -9999.000 -9999.000
-9999.000 1.492763 2.313396 2.413455 1.491136 0.4878158 0.1216289 0.1376749 0.1112275 0.8030487E-01 0.6915935E-01 0.6985107E-01 0.8383665E-01 0.8311039E-01 0.1085555 0.1381736 0.1476167 0.1674422 0.1921073 0.2180430 0.1721900 0.1142498 0.9802768E-01 0.1154252 0.1587926 0.1594326 0.1443480 0.1078277 0.6106992E-01 0.2589183E-01 -9999.000 -9999.000 -9999.000 -9999.000 -9999.000 -9999.000 -9999.000 -9999.000 -9999.000 -9999.000 -9999.000 -9999.000 -9999.000 -9999.000 -9999.000 -9999.000 -9999.000 -9999.000 -9999.000 -9999.000 -9999.000 -9999.000 -9999.000 -9999.000 -9999.000 -9999.000 -9999.000 -9999.000 -9999.000
-9999.000 0.6724946 1.370582 1.165447 0.4617812 0.1329136 0.1611051 0.1434347 0.1305420 0.9825112E-01 0.6188308E-01 0.5701223E-01 0.6868544E-01 0.6801996E-01 0.1127983 0.1682404 0.2014268 0.2268520 0.2494882 0.2162238 0.1335702 0.1275187 0.1249726 0.1348138 0.1592241 0.1695530 0.1572531 0.1310990 0.9994655E-01 0.5739686E-01 -9999.000 -9999.000 0.1836429E-01 -9999.000 -9999.000 -9999.000 -9999.000 -9999.000 -9999.000 -9999.000 -9999.000 -9999.000 -9999.000 -9999.000 -9999.000 -9999.000 -9999.000 -9999.000 -9999.000 -9999.000 -9999.000 -9999.000 -9999.000 -9999.000 -9999.000 -9999.000 -9999.000 -9999.000 -9999.000
-9999.000 -9999.000 -9999.000 0.2511144 0.1490823 0.1932686 0.1683956 0.1601289 0.1638066 0.1347903 0.1064886 0.9198813E-01 0.7993458E-01 0.7677236E-01 0.1347426 0.2148145 0.2312268 0.2409668 0.2406466 0.1651314 0.9477844E-01 0.1371290 0.1473073 0.1620121 0.1690496 0.1362825 0.1285416 0.1274048 0.1155562 0.7947457E-01 -9999.000 -9999.000 -9999.000 -9999.000 -9999.000 -9999.000 -9999.000 -9999.000 -9999.000 -9999.000 -9999.000 -9999.000 -9999.000 -9999.000 -9999.000 -9999.000 -9999.000 -9999.000 -9999.000 -9999.000 -9999.000 -9999.000 -9999.000 -9999.000 -9999.000 -9999.000 -9999.000 -9999.000 -9999.000
-9999.000 -9999.000 -9999.000 0.8549064E-01 0.1873175 0.1929666 0.1935985 0.1997293 0.2044375 0.1861845 0.1699529 0.1532831 0.1233057 0.1107509 0.1398674 0.1864541 0.1974733 0.1967332 0.1637489 0.1390086 0.9876284E-01 0.1291219 0.1505574 0.1687224 0.1644579 0.1108817 0.9156429E-01 0.1146164 0.1249895 0.1034628 0.5143173E-01 0.2092656E-01 -9999.000 -9999.000 -9999.000 -9999.000 -9999.000 -9999.000 -9999.000 -9999.000 -9999.000 -9999.000 -9999.000 -9999.000 -9999.000 -9999.000 -9999.000 -9999.000 -9999.000 -9999.000 -9999.000 -9999.000 -9999.000 -9999.000 -9999.000 -9999.000 -9999.000 -9999.000 -9999.000
-9999.000 -9999.000 -9999.000 0.7544692E-01 0.1091021 0.1482977 0.2001467 0.2261424 0.2089261 0.1852657 0.1729652 0.1774915 0.1515613 0.1184598 0.1073762 0.9001029E-01 0.1252830 0.1155236 0.1311404 0.1723298 0.1402624 0.1575860 0.1873861 0.2148762 0.2072027 0.1464749 0.1081898 0.1165411 0.1313344 0.1264546 0.8086990E-01 0.4229242E-01 0.3691851E-01 -9999.000 -9999.000 -9999.000 -9999.000 -9999.000 -9999.000 -9999.000 -9999.000 -9999.000 -9999.000 -9999.000 -9999.000 -9999.000 -9999.000 -9999.000 -9999.000 -9999.000 -9999.000 -9999.000 -9999.000 -9999.000 -9999.000 -9999.000 -9999.000 -9999.000 -9999.000
-9999.000 -9999.000 -9999.000 0.2557834E-01 0.6465971E-01 0.1301746 0.1944071 0.2105787 0.2034182 0.1866044 0.1645012 0.1401594 0.1069119 0.8738303E-01 0.9316607E-01 0.1175145 0.1331335 0.1162924 0.1326535 0.1533772 0.1377234 0.1716952 0.2379900 0.2786260 0.2623421 0.1854528 0.1246149 0.1264404 0.1411289 0.1532691 0.1117093 0.7318601E-01 0.6023807E-01 0.5054550E-01 -9999.000 -9999.000 -9999.000 -9999.000 -9999.000 -9999.000 -9999.000 -9999.000 -9999.000 -9999.000 -9999.000 -9999.000 -9999.000 -9999.000 -9999.000 -9999.000 -9999.000 -9999.000 -9999.000 -9999.000 -9999.000 -9999.000 -9999.000 -9999.000 -9999.000
-9999.000 -9999.000 -9999.000 -9999.000 -9999.000 0.9048313E-01 0.1369941 0.1735679 0.2028840 0.2232248 0.1633705 0.8682656E-01 0.5100934E-01 0.4634975E-01 0.8692690E-01 0.1538001 0.1907688 0.2065739 0.1539424 0.9142853E-01 0.7751685E-01 0.1477137 0.2563281 0.2946032 0.2500408 0.1762671 0.1395213 0.1594565 0.1842252 0.1909872 0.1410951 0.1098717 0.1125579 0.9296819E-01 0.7231625E-01 0.6412130E-01 -9999.000 0.2678711E-01 -9999.000 -9999.000 -9999.000 -9999.000 -9999.000 -9999.000 -9999.000 -9999.000 -9999.000 -9999.000 -9999.000 -9999.000 -9999.000 -9999.000 -9999.000 -9999.000 -9999.000 -9999.000 -9999.000 -9999.000 -9999.000
-9999.000 -9999.000 -9999.000 -9999.000 -9999.000 0.4883173E-01 0.6939826E-01 0.1244848 0.1845871 0.2076781 0.1717940 0.1049208 0.7171893E-01 0.7350234E-01 0.1080300 0.1690277 0.2032815 0.2349541 0.1964009 0.1187999 0.9856127E-01 0.1612926 0.2457762 0.2600097 0.2223837 0.1605106 0.1378094 0.1466474 0.1803158 0.2029323 0.1657112 0.1545095 0.1666904 0.1577823 0.1080965 0.8969113E-01 0.8347265E-01 0.5762005E-01 -9999.000 -9999.000 -9999.000 -9999.000 -9999.000 -9999.000 -9999.000 -9999.000 -9999.000 -9999.000 -9999.000 -9999.000 -9999.000 -9999.000 -9999.000 -9999.000 -9999.000 -9999.000 -9999.000 -9999.000 -9999.000
-9999.000 -9999.000 -9999.000 -9999.000 -9999.000 -9999.000 0.8321513E-01 0.1175721 0.1642409 0.1848614 0.1910193 0.1611693 0.1169070 0.1138983 0.1406056 0.1719121 0.1968438 0.2439122 0.2505052 0.2127291 0.1994069 0.2027800 0.2122465 0.2235657 0.1630829 0.1315049 0.1138134 0.1060001 0.1282648 0.1703631 0.1557819 0.1599304 0.1782971 0.1714575 0.1426412 0.1153140 0.1155560 0.1064287 0.6036539E-01 -9999.000 -9999.000 -9999.000 -9999.000 -9999.000 -9999.000 -9999.000 -9999.000 -9999.000 -9999.000 -9999.000 -9999.000 -9999.000 -9999.000 -9999.000 -9999.000 -9999.000 -9999.000 -9999.000 -9999.000
-9999.000 -9999.000 -9999.000 -9999.000 -9999.000 -9999.000 0.1037352 0.1106331 0.1423755 0.1847797 0.2132679 0.1935783 0.1443439 0.1115235 0.1192010 0.1402509 0.1757886 0.2391494 0.2616089 0.2615122 0.2750969 0.2128601 0.1720397 0.1556452 0.1339470 0.1146674 0.9955889E-01 0.1035893 0.1269565 0.1568831 0.1399123 0.1297094 0.1392532 0.1526380 0.1381747 0.1116209 0.1205701 0.1171955 0.7491642E-01 0.3576941E-01 -9999.000 -9999.000 -9999.000 -9999.000 -9999.000 -9999.000 -9999.000 -9999.000 -9999.000 -9999.000 -9999.000 -9999.000 -9999.000 -9999.000 -9999.000 -9999.000 -9999.000 -9999.000 -9999.000
-9999.000 -9999.000 -9999.000 -9999.000 -9999.000 -9999.000 -9999.000 0.5975522E-01 0.9929287E-01 0.1767649 0.2248636 0.2038849 0.1483000 0.8504052E-01 0.6587616E-01 0.7426128E-01 0.1262836 0.2224255 0.2326773 0.2139976 0.1866710 0.1443966 0.1335916 0.1726945 0.2018202 0.1410109 0.1171231 0.1316276 0.1513981 0.1749229 0.1669552 0.1390541 0.1302091 0.1452181 0.1226856 0.7451649E-01 0.7541650E-01 0.1063652 0.9857135E-01 0.7996001E-01 -9999.000 -9999.000 -9999.000 -9999.000 -9999.000 -9999.000 -9999.000 -9999.000 -9999.000 -9999.000 -9999.000 -9999.000 -9999.000 -9999.000 -9999.000 -9999.000 -9999.000 -9999.000 -9999.000
-9999.000 -9999.000 -9999.000 -9999.000 -9999.000 -9999.000 -9999.000 -9999.000 0.5490813E-01 0.1329134 0.1889802 0.1861752 0.1244360 0.5490844E-01 0.3116998E-01 0.3380409E-01 0.7855000E-01 0.1561956 0.1526319 0.1234554 0.9755283E-01 0.1040169 0.1327953 0.2122311 0.2467713 0.1936366 0.1809231 0.1938446 0.2024940 0.2145229 0.2288283 0.2278170 0.1803719 0.1428888 0.8814659E-01 0.3637850E-01 0.7067153E-01 0.1192444 0.1321906 0.9495151E-01 -9999.000 -9999.000 -9999.000 -9999.000 -9999.000 -9999.000 -9999.000 -9999.000 -9999.000 -9999.000 -9999.000 -9999.000 -9999.000 -9999.000 -9999.000 -9999.000 -9999.000 -9999.000 -9999.000
-9999.000 -9999.000 -9999.000 -9999.000 -9999.000 -9999.000 -9999.000 -9999.000 0.2729454E-01 0.7757755E-01 0.1431926 0.1616201 0.1259611 0.5536400E-01 0.2444356E-01 -9999.000 -9999.000 0.7581192E-01 0.9240177E-01 0.9418135E-01 0.1181994 0.1204547 0.1286405 0.2044011 0.2490053 0.2326392 0.2252664 0.2279806 0.2064533 0.2011278 0.2526071 0.2626622 0.2288162 0.1559868 0.7239057E-01 0.6146258E-01 0.1078067 0.1254505 0.1147858 0.8975529E-01 0.4680052E-01 -9999.000 -9999.000 -9999.000 -9999.000 -9999.000 -9999.000 -9999.000 -9999.000 -9999.000 -9999.000 -9999.000 -9999.000 -9999.000 -9999.000 -9999.000 -9999.000 -9999.000 -9999.000
-9999.000 -9999.000 -9999.000 -9999.000 -9999.000 -9999.000 -9999.000 -9999.000 -9999.000 0.5802701E-01 0.1377746 0.1633748 0.1474593 0.9486155E-01 0.4438069E-01 0.2254797E-01 0.1566714E-01 0.3892006E-01 0.5821651E-01 0.7863466E-01 0.1158045 0.1505140 0.1521498 0.1951947 0.2480106 0.2386757 0.2155595 0.1846610 0.1141768 0.1188964 0.1982131 0.2172538 0.2128687 0.1617671 0.1178584 0.1306703 0.1406617 0.1304647 0.1144978 0.1232849 0.9841174E-01 -9999.000 -9999.000 -9999.000 -9999.000 -9999.000 -9999.000 -9999.000 -9999.000 -9999.000 -9999.000 -9999.000 -9999.000 -9999.000 -9999.000 -9999.000 -9999.000 -9999.000 -9999.000
-9999.000 -9999.000 -9999.000 -9999.000 -9999.000 -9999.000 -9999.000 -9999.000 -9999.000 0.3550621E-01 0.9519898E-01 0.1351849 0.1500175 0.1258694 0.8112428E-01 0.3423545E-01 0.1550082E-01 0.2066300E-01 0.3704144E-01 0.5979742E-01 0.1069023 0.1675533 0.1775586 0.1941758 0.2437628 0.2164509 0.1682187 0.1084555 0.1063826 0.1300572 0.1476779 0.1528422 0.1608992 0.1427139 0.1407112 0.1727450 0.1680020 0.1448122 0.1547507 0.1715775 0.1324360 -9999.000 -9999.000 -9999.000 -9999.000 -9999.000 -9999.000 -9999.000 -9999.000 -9999.000 -9999.000 -9999.000 -9999.000 -9999.000 -9999.000 -9999.000 -9999.000 -9999.000 -9999.000
-9999.000 -9999.000 -9999.000 -9999.000 -9999.000 -9999.000 -9999.000 -9999.000 -9999.000 0.1961222E-01 0.6005170E-01 0.1090357 0.1445576 0.1577612 0.1161568 0.5910701E-01 -9999.000 0.1773943E-01 0.3008518E-01 0.4934632E-01 0.8640161E-01 0.1373638 0.1525201 0.1850729 0.2112587 0.1741859 0.1119215 0.8084917E-01 0.1375505 0.1826918 0.1701576 0.1416788 0.1426359 0.1281193 0.1360595 0.1841882 0.1750014 0.1474216 0.1651811 0.1990599 0.1595801 0.9329913E-01 -9999.000 -9999.000 -9999.000 -9999.000 -9999.000 -9999.000 -9999.000 -9999.000 -9999.000 -9999.000 -9999.000 -9999.000 -9999.000 -9999.000 -9999.000 -9999.000 -9999.000
-9999.000 -9999.000 -9999.000 -9999.000 -9999.000 -9999.000 -9999.000 -9999.000 -9999.000 -9999.000 -9999.000 0.5750145E-01 0.1154463 0.1602926 0.1451118 0.9218950E-01 -9999.000 -9999.000 -9999.000 -9999.000 0.5314282E-01 0.9432534E-01 0.1083035 0.1409545 0.1764290 0.1528468 0.1419481 0.1419390 0.1849065 0.2141412 0.2186448 0.1838038 0.1912904 0.1890189 0.1924030 0.2157886 0.1925303 0.1768636 0.1882341 0.2107538 0.1883548 0.1163155 0.6925484E-01 -9999.000 -9999.000 -9999.000 -9999.000 -9999.000 -9999.000 -9999.000 -9999.000 -9999.000 -9999.000 -9999.000 -9999.000 -9999.000 -9999.000 -9999.000 -9999.000
-9999.000 -9999.000 -9999.000 -9999.000 -9999.000 -9999.000 -9999.000 -9999.000 -9999.000 -9999.000 -9999.000 -9999.000 0.6918587E-01 0.1309956 0.1421613 0.1081789 0.4740523E-01 -9999.000 -9999.000 -9999.000 0.3440600E-01 0.4805432E-01 0.4336913E-01 0.7561743E-01 0.1699944 0.1906683 0.1912619 0.2241640 0.2257795 0.2048327 0.2266579 0.2611170 0.2846768 0.3066533 0.2818502 0.2447469 0.2231919 0.2280090 0.2317750 0.2387747 0.2124788 0.1588283 0.1054006 -9999.000 -9999.000 -9999.000 -9999.000 -9999.000 -9999.000 -9999.000 -9999.000 -9999.000 -9999.000 -9999.000 -9999.000 -9999.000 -9999.000 -9999.000 -9999.000
-9999.000 -9999.000 -9999.000 -9999.000 -9999.000 -9999.000 -9999.000 -9999.000 -9999.000 -9999.000 -9999.000 -9999.000 0.5840120E-01 0.1296911 0.1566063 0.1314536 0.8274390E-01 -9999.000 -9999.000 -9999.000 0.3100013E-01 0.3645907E-01 0.2333519E-01 0.5889096E-01 0.1380755 0.1666995 0.1853966 0.2435764 0.2615641 0.2191568 0.2284939 0.2921362 0.3147769 0.3243300 0.3123550 0.2666557 0.2468407 0.2410194 0.2488842 0.2544118 0.2403048 0.2181972 0.1485615 0.5721523E-01 -9999.000 -9999.000 -9999.000 -9999.000 -9999.000 -9999.000 -9999.000 -9999.000 -9999.000 -9999.000 -9999.000 -9999.000 -9999.000 -9999.000 -9999.000
-9999.000 -9999.000 -9999.000 -9999.000 -9999.000 -9999.000 -9999.000 -9999.000 -9999.000 -9999.000 -9999.000 -9999.000 0.6176872E-01 0.1387161 0.1670687 0.1588733 0.1226406 0.6522753E-01 0.2999939E-01 0.2592388E-01 0.3270185E-01 0.2896638E-01 0.2297967E-01 0.5151597E-01 0.8857332E-01 0.9697722E-01 0.1238235 0.1983884 0.2493740 0.2395959 0.2571743 0.3000891 0.2871093 0.2741965 0.2763645 0.2670969 0.2306229 0.2283621 0.2302977 0.2448895 0.2509535 0.2350886 0.1833852 0.9508153E-01 -9999.000 -9999.000 -9999.000 -9999.000 -9999.000 -9999.000 -9999.000 -9999.000 -9999.000 -9999.000 -9999.000 -9999.000 -9999.000 -9999.000 -9999.000
-9999.000 -9999.000 -9999.000 -9999.000 -9999.000 -9999.000 -9999.000 -9999.000 -9999.000 -9999.000 -9999.000 -9999.000 0.5595714E-01 0.1194938 0.1666430 0.1718130 0.1538341 0.1026768 0.4409002E-01 0.3323642E-01 0.3401013E-01 0.3870509E-01 0.4880764E-01 0.6407549E-01 0.6607391E-01 0.5298237E-01 0.7945107E-01 0.1356663 0.1888114 0.2139634 0.2806680 0.2719393 0.2104484 0.2109002 0.2280721 0.1746022 0.1446690 0.1241392 0.1452244 0.1725313 0.2008242 0.2075876 0.1791056 0.1147096 0.8849556E-01 -9999.000 -9999.000 -9999.000 -9999.000 -9999.000 -9999.000 -9999.000 -9999.000 -9999.000 -9999.000 -9999.000 -9999.000 -9999.000 -9999.000
-9999.000 -9999.000 -9999.000 -9999.000 -9999.000 -9999.000 -9999.000 -9999.000 -9999.000 -9999.000 -9999.000 -9999.000 -9999.000 0.8877980E-01 0.1530476 0.1709847 0.1625922 0.1183795 0.6745764E-01 0.3267267E-01 0.2709289E-01 0.3507782E-01 0.5325790E-01 0.6141787E-01 0.4766901E-01 0.6191502E-01 0.1060241 0.1441116 0.1769085 0.2096436 0.2328946 0.1907365 0.1526187 0.2323161 0.2592196 0.2036262 0.1361932 0.1156261 0.1293794 0.1373843 0.1557114 0.1749697 0.1693672 0.1383298 0.1004790 0.6340062E-01 -9999.000 -9999.000 -9999.000 -9999.000 -9999.000 -9999.000 -9999.000 -9999.000 -9999.000 -9999.000 -9999.000 -9999.000 -9999.000
-9999.000 -9999.000 -9999.000 -9999.000 -9999.000 -9999.000 -9999.000 -9999.000 -9999.000 -9999.000 -9999.000 -9999.000 -9999.000 0.8528677E-01 0.1328425 0.1420061 0.1566316 0.1307681 0.6578598E-01 0.2945999E-01 -9999.000 -9999.000 -9999.000 0.3539052E-01 0.4705823E-01 0.7685365E-01 0.1461719 0.1731651 0.1753473 0.1627261 0.1619442 0.1467610 0.1478352 0.2359206 0.3011824 0.2887954 0.2350081 0.1642003 0.1574396 0.1789205 0.1851167 0.1808730 0.1747542 0.1438838 0.9493863E-01 0.5089206E-01 -9999.000 -9999.000 -9999.000 -9999.000 -9999.000 -9999.000 -9999.000 -9999.000 -9999.000 -9999.000 -9999.000 -9999.000 -9999.000
-9999.000 -9999.000 -9999.000 -9999.000 -9999.000 -9999.000 -9999.000 -9999.000 -9999.000 -9999.000 -9999.000 -9999.000 -9999.000 0.8482631E-01 0.1152483 0.1187922 0.1459362 0.1341752 0.8494421E-01 0.5189297E-01 0.2552629E-01 -9999.000 0.1233913E-01 -9999.000 0.3496575E-01 0.5461838E-01 0.1020036 0.1211382 0.1421736 0.1378224 0.1624348 0.1907216 0.1740607 0.2130309 0.2636509 0.2786736 0.2439805 0.1954146 0.1815076 0.1969583 0.1828895 0.1673028 0.1684165 0.1546595 0.1302527 0.9279344E-01 0.7618300E-01 -9999.000 -9999.000 -9999.000 -9999.000 -9999.000 -9999.000 -9999.000 -9999.000 -9999.000 -9999.000 -9999.000 -9999.000
