simulation_files/asc/Depth____000023.asc
NCOLS        79
NROWS        79
XLLCENTER         -1.500000
YLLCENTER         -4.800000
CELLSIZE           0.100
NODATA_VALUE     -9999.0
[rows 0 to 25 of 79, columns 0 to 56 of 79]
-9999.000 -9999.000 -9999.000 -9999.000 -9999.000 -9999.000 -9999.000 -9999.000 -9999.000 -9999.000 -9999.000 -9999.000 -9999.000 -9999.000 -9999.000 0.1541271 0.1540515 0.1538632 0.1535957 0.1532667 0.1528924 0.1524888 0.1520724 0.1516596 0.1512674 0.1509126 0.1506122 0.1503835 0.1502498 0.1505025 0.1505025 -9999.000 -9999.000 -9999.000 -9999.000 -9999.000 -9999.000 -9999.000 -9999.000 -9999.000 -9999.000 -9999.000 -9999.000 -9999.000 -9999.000 -9999.000 -9999.000 -9999.000 -9999.000 -9999.000 -9999.000 -9999.000 -9999.000 -9999.000 -9999.000 -9999.000 -9999.000
-9999.000 -9999.000 -9999.000 -9999.000 -9999.000 -9999.000 -9999.000 -9999.000 -9999.000 -9999.000 -9999.000 -9999.000 -9999.000 -9999.000 -9999.000 0.1563112 0.1563254 0.1561485 0.1558911 0.1555725 0.1552087 0.1548158 0.1544097 0.1540067 0.1536227 0.1532736 0.1529742 0.1527375 0.1525782 0.1527766 0.1527766 -9999.000 -9999.000 -9999.000 -9999.000 -9999.000 -9999.000 -9999.000 -9999.000 -9999.000 -9999.000 -9999.000 -9999.000 -9999.000 -9999.000 -9999.000 -9999.000 -9999.000 -9999.000 -9999.000 -9999.000 -9999.000 -9999.000 -9999.000 -9999.000 -9999.000 -9999.000
-9999.000 -9999.000 -9999.000 -9999.000 -9999.000 -9999.000 -9999.000 -9999.000 -9999.000 -9999.000 -9999.000 -9999.000 -9999.000 -9999.000 -9999.000 0.1587117 0.1587901 0.1586042 0.1583345 0.1580026 0.1576249 0.1572174 0.1567960 0.1563764 0.1559745 0.1556055 0.1552842 0.1550239 0.1548440 0.1550751 0.1550751 -9999.000 -9999.000 -9999.000 -9999.000 -9999.000 -9999.000 -9999.000 -9999.000 -9999.000 -9999.000 -9999.000 -9999.000 -9999.000 -9999.000 -9999.000 -9999.000 -9999.000 -9999.000 -9999.000 -9999.000 -9999.000 -9999.000 -9999.000 -9999.000 -9999.000 -9999.000
-9999.000 -9999.000 -9999.000 -9999.000 -9999.000 -9999.000 -9999.000 -9999.000 -9999.000 -9999.000 -9999.000 -9999.000 -9999.000 -9999.000 -9999.000 0.1611718 0.1613107 0.1611081 0.1608161 0.1604597 0.1600562 0.1596220 0.1591729 0.1587247 0.1582931 0.1578937 0.1575418 0.1572520 0.1570478 0.1573119 0.1573119 -9999.000 -9999.000 -9999.000 -9999.000 -9999.000 -9999.000 -9999.000 -9999.000 -9999.000 -9999.000 -9999.000 -9999.000 -9999.000 -9999.000 -9999.000 -9999.000 -9999.000 -9999.000 -9999.000 -9999.000 -9999.000 -9999.000 -9999.000 -9999.000 -9999.000 -9999.000
-9999.000 -9999.000 -9999.000 -9999.000 -9999.000 -9999.000 -9999.000 -9999.000 -9999.000 -9999.000 -9999.000 -9999.000 -9999.000 -9999.000 -9999.000 0.1636813 0.1638772 0.1636513 0.1633284 0.1629376 0.1624978 0.1620258 0.1615380 0.1610502 0.1605785 0.1601389 0.1597476 0.1594207 0.1591861 0.1594816 0.1594816 -9999.000 -9999.000 -9999.000 -9999.000 -9999.000 -9999.000 -9999.000 -9999.000 -9999.000 -9999.000 -9999.000 -9999.000 -9999.000 -9999.000 -9999.000 -9999.000 -9999.000 -9999.000 -9999.000 -9999.000 -9999.000 -9999.000 -9999.000 -9999.000 -9999.000 -9999.000
-9999.000 -9999.000 -9999.000 -9999.000 -9999.000 -9999.000 -9999.000 -9999.000 -9999.000 -9999.000 -9999.000 -9999.000 -9999.000 -9999.000 -9999.000 0.1662330 0.1664807 0.1662254 0.1658637 0.1654298 0.1649439 0.1644239 0.1638866 0.1633485 0.1628261 0.1623360 0.1618955 0.1615223 0.1612493 0.1615739 0.1615739 -9999.000 -9999.000 -9999.000 -9999.000 -9999.000 -9999.000 -9999.000 -9999.000 -9999.000 -9999.000 -9999.000 -9999.000 -9999.000 -9999.000 -9999.000 -9999.000 -9999.000 -9999.000 -9999.000 -9999.000 -9999.000 -9999.000 -9999.000 -9999.000 -9999.000 -9999.000
-9999.000 -9999.000 -9999.000 -9999.000 -9999.000 -9999.000 -9999.000 -9999.000 -9999.000 -9999.000 -9999.000 -9999.000 -9999.000 -9999.000 -9999.000 0.1688218 0.1691127 0.1688217 0.1684144 0.1679291 0.1673880 0.1668099 0.1662125 0.1656129 0.1650282 0.1644759 0.1639743 0.1635431 0.1632205 0.1635707 0.1635707 -9999.000 -9999.000 -9999.000 -9999.000 -9999.000 -9999.000 -9999.000 -9999.000 -9999.000 -9999.000 -9999.000 -9999.000 -9999.000 -9999.000 -9999.000 -9999.000 -9999.000 -9999.000 -9999.000 -9999.000 -9999.000 -9999.000 -9999.000 -9999.000 -9999.000 -9999.000
-9999.000 -9999.000 -9999.000 -9999.000 -9999.000 -9999.000 -9999.000 -9999.000 -9999.000 -9999.000 -9999.000 -9999.000 -9999.000 -9999.000 -9999.000 0.1714435 0.1717638 0.1714309 0.1709716 0.1704276 0.1698227 0.1691767 0.1685081 0.1678348 0.1671745 0.1665455 0.1659674 0.1654624 0.1650745 0.1654446 0.1654446 -9999.000 -9999.000 -9999.000 -9999.000 -9999.000 -9999.000 -9999.000 -9999.000 -9999.000 -9999.000 -9999.000 -9999.000 -9999.000 -9999.000 -9999.000 -9999.000 -9999.000 -9999.000 -9999.000 -9999.000 -9999.000 -9999.000 -9999.000 -9999.000 -9999.000 -9999.000
-9999.000 -9999.000 -9999.000 -9999.000 -9999.000 -9999.000 -9999.000 -9999.000 -9999.000 -9999.000 -9999.000 -9999.000 -9999.000 -9999.000 -9999.000 0.1740927 0.1744237 0.1740420 0.1735251 0.1729158 0.1722390 0.1715154 0.1707640 0.1700033 0.1692514 0.1685275 0.1678523 0.1672511 0.1667746 0.1671551 0.1671551 -9999.000 -9999.000 -9999.000 -9999.000 -9999.000 -9999.000 -9999.000 -9999.000 -9999.000 -9999.000 -9999.000 -9999.000 -9999.000 -9999.000 -9999.000 -9999.000 -9999.000 -9999.000 -9999.000 -9999.000 -9999.000 -9999.000 -9999.000 -9999.000 -9999.000 -9999.000
-9999.000 -9999.000 -9999.000 -9999.000 -9999.000 -9999.000 -9999.000 -9999.000 -9999.000 -9999.000 -9999.000 -9999.000 -9999.000 -9999.000 -9999.000 0.1767611 0.1770791 0.1766414 0.1760622 0.1753818 0.1746254 0.1738143 0.1729678 0.1721040 0.1712412 0.1703987 0.1695983 0.1688682 0.1682678 0.1686414 0.1686414 -9999.000 -9999.000 -9999.000 -9999.000 -9999.000 -9999.000 -9999.000 -9999.000 -9999.000 -9999.000 -9999.000 -9999.000 -9999.000 -9999.000 -9999.000 -9999.000 -9999.000 -9999.000 -9999.000 -9999.000 -9999.000 -9999.000 -9999.000 -9999.000 -9999.000 -9999.000
-9999.000 -9999.000 -9999.000 -9999.000 -9999.000 -9999.000 -9999.000 -9999.000 -9999.000 -9999.000 -9999.000 -9999.000 -9999.000 -9999.000 -9999.000 0.1794339 0.1797129 0.1792122 0.1785674 0.1778108 0.1769675 0.1760586 0.1751031 0.1741180 0.1731203 0.1721278 0.1711624 0.1702550 0.1694744 0.1698071 0.1698071 -9999.000 -9999.000 -9999.000 -9999.000 -9999.000 -9999.000 -9999.000 -9999.000 -9999.000 -9999.000 -9999.000 -9999.000 -9999.000 -9999.000 -9999.000 -9999.000 -9999.000 -9999.000 -9999.000 -9999.000 -9999.000 -9999.000 -9999.000 -9999.000 -9999.000 -9999.000
-9999.000 -9999.000 -9999.000 -9999.000 -9999.000 -9999.000 -9999.000 -9999.000 -9999.000 -9999.000 -9999.000 -9999.000 -9999.000 -9999.000 -9999.000 0.1820856 0.1823016 0.1817324 0.1810206 0.1801845 0.1792470 0.1782293 0.1771488 0.1760202 0.1748566 0.1736715 0.1724832 0.1713222 0.1702666 0.1704856 0.1704856 -9999.000 -9999.000 -9999.000 -9999.000 -9999.000 -9999.000 -9999.000 -9999.000 -9999.000 -9999.000 -9999.000 -9999.000 -9999.000 -9999.000 -9999.000 -9999.000 -9999.000 -9999.000 -9999.000 -9999.000 -9999.000 -9999.000 -9999.000 -9999.000 -9999.000 -9999.000
-9999.000 -9999.000 -9999.000 -9999.000 -9999.000 -9999.000 -9999.000 -9999.000 -9999.000 -9999.000 -9999.000 -9999.000 -9999.000 -9999.000 -9999.000 0.1846763 0.1848137 0.1841742 0.1833962 0.1824787 0.1814410 0.1803026 0.1790784 0.1777783 0.1764075 0.1749693 0.1734696 0.1719282 0.1704229 0.1703551 0.1703551 -9999.000 -9999.000 -9999.000 -9999.000 -9999.000 -9999.000 -9999.000 -9999.000 -9999.000 -9999.000 -9999.000 -9999.000 -9999.000 -9999.000 -9999.000 -9999.000 -9999.000 -9999.000 -9999.000 -9999.000 -9999.000 -9999.000 -9999.000 -9999.000 -9999.000 -9999.000
-9999.000 -9999.000 -9999.000 -9999.000 -9999.000 -9999.000 -9999.000 -9999.000 -9999.000 -9999.000 -9999.000 -9999.000 -9999.000 -9999.000 -9999.000 0.1871463 0.1872092 0.1865040 0.1856628 0.1846640 0.1835209 0.1822494 0.1808594 0.1793520 0.1777177 0.1759370 0.1739827 0.1718312 0.1695146 0.1686769 0.1686769 -9999.000 -9999.000 -9999.000 -9999.000 -9999.000 -9999.000 -9999.000 -9999.000 -9999.000 -9999.000 -9999.000 -9999.000 -9999.000 -9999.000 -9999.000 -9999.000 -9999.000 -9999.000 -9999.000 -9999.000 -9999.000 -9999.000 -9999.000 -9999.000 -9999.000 -9999.000
-9999.000 -9999.000 -9999.000 -9999.000 -9999.000 -9999.000 -9999.000 -9999.000 -9999.000 -9999.000 -9999.000 -9999.000 -9999.000 -9999.000 -9999.000 0.1891203 0.1894045 0.1887157 0.1878410 0.1867639 0.1855031 0.1840747 0.1824830 0.1807152 0.1787351 0.1764758 0.1738271 0.1706178 0.1666058 0.1629819 0.1629819 -9999.000 -9999.000 -9999.000 -9999.000 -9999.000 -9999.000 -9999.000 -9999.000 -9999.000 -9999.000 -9999.000 -9999.000 -9999.000 -9999.000 -9999.000 -9999.000 -9999.000 -9999.000 -9999.000 -9999.000 -9999.000 -9999.000 -9999.000 -9999.000 -9999.000 -9999.000
0.1448601 0.1448601 0.1538031 0.1596360 0.1630171 0.1630171 0.1663703 0.1722337 0.1722337 0.1773370 0.1773370 0.1827562 0.1858456 0.1892614 0.1929732 0.1929732 0.1957636 0.1942194 0.1924006 0.1903884 0.1882618 0.1860544 0.1837498 0.1812798 0.1785090 0.1751877 0.1708285 0.1643638 0.1529807 0.1247612 0.1247612 0.4260841E-01 0.2119569E-01 0.1031037E-01 0.1189813E-01 0.1189813E-01 0.5183223E-01 0.5183223E-01 0.5448293E-01 0.5448293E-01 0.5777809E-01 0.7104339E-01 0.7104339E-01 0.8406331E-01 0.8406331E-01 0.9369482E-01 0.9369482E-01 0.9369482E-01 0.9465843E-01 0.9465843E-01 0.9423047E-01 0.9423047E-01 0.9310857E-01 0.9310857E-01 0.9209932E-01 0.9209932E-01 0.8919023E-01
0.1439904 0.1439904 0.1535333 0.1593753 0.1627852 0.1627852 0.1661838 0.1721579 0.1721579 0.1773370 0.1773370 0.1826284 0.1854337 0.1882828 0.1910320 0.1910320 0.1927734 0.1920137 0.1908834 0.1893926 0.1875674 0.1854355 0.1830064 0.1802474 0.1770544 0.1732085 0.1682949 0.1615153 0.1511328 0.1314324 0.1314324 0.7745393E-01 0.5799150E-01 0.4212562E-01 0.3865116E-01 0.3865116E-01 0.4670142E-01 0.4670142E-01 0.5567990E-01 0.5567990E-01 0.5910769E-01 0.7162474E-01 0.7162474E-01 0.8485471E-01 0.8485471E-01 0.9335671E-01 0.9335671E-01 0.9335671E-01 0.9419364E-01 0.9419364E-01 0.9379801E-01 0.9379801E-01 0.9271075E-01 0.9271075E-01 0.9236260E-01 0.9236260E-01 0.8890397E-01
0.1434521 0.1434521 0.1534388 0.1591791 0.1625483 0.1625483 0.1659156 0.1717952 0.1717952 0.1767345 0.1767345 0.1815390 0.1839825 0.1863910 0.1886507 0.1886507 0.1898698 0.1892125 0.1882405 0.1869623 0.1853625 0.1834164 0.1810905 0.1783309 0.1750381 0.1710280 0.1659670 0.1592403 0.1495821 0.1333095 0.1333095 0.9044264E-01 0.7200499E-01 0.5513294E-01 0.5076696E-01 0.5076696E-01 0.5099325E-01 0.5099325E-01 0.5963428E-01 0.5963428E-01 0.6392751E-01 0.7362937E-01 0.7362937E-01 0.8466243E-01 0.8466243E-01 0.9285984E-01 0.9285984E-01 0.9285984E-01 0.9362436E-01 0.9362436E-01 0.9329494E-01 0.9329494E-01 0.9227774E-01 0.9227774E-01 0.9145752E-01 0.9145752E-01 0.8892345E-01
0.1429434 0.1429434 0.1533027 0.1589025 0.1622144 0.1622144 0.1655429 0.1713282 0.1713282 0.1760311 0.1760311 0.1803793 0.1825075 0.1845550 0.1864354 0.1864354 0.1871014 0.1863821 0.1853810 0.1841168 0.1825700 0.1806996 0.1784493 0.1757454 0.1724813 0.1684901 0.1634934 0.1570012 0.1480358 0.1339190 0.1339190 0.9932368E-01 0.8230869E-01 0.6608703E-01 0.6182083E-01 0.6182083E-01 0.6059987E-01 0.6059987E-01 0.6727535E-01 0.6727535E-01 0.7077172E-01 0.7688604E-01 0.7688604E-01 0.8418579E-01 0.8418579E-01 0.9133694E-01 0.9133694E-01 0.9133694E-01 0.9236555E-01 0.9236555E-01 0.9224407E-01 0.9224407E-01 0.9140724E-01 0.9140724E-01 0.9056512E-01 0.9056512E-01 0.8855054E-01
0.1424609 0.1424609 0.1531364 0.1585541 0.1617911 0.1617911 0.1650719 0.1707669 0.1707669 0.1752485 0.1752485 0.1791701 0.1810097 0.1827324 0.1842746 0.1842746 0.1843558 0.1835003 0.1823997 0.1810708 0.1794942 0.1776253 0.1754015 0.1727428 0.1695426 0.1656476 0.1608196 0.1546568 0.1463797 0.1339273 0.1339273 0.1055778 0.9009027E-01 0.7586761E-01 0.7270867E-01 0.7270867E-01 0.7260957E-01 0.7260957E-01 0.7675564E-01 0.7675564E-01 0.7839680E-01 0.8057439E-01 0.8057439E-01 0.8408322E-01 0.8408322E-01 0.8956277E-01 0.8956277E-01 0.8956277E-01 0.9072278E-01 0.9072278E-01 0.9081197E-01 0.9081197E-01 0.9019388E-01 0.9019388E-01 0.8942298E-01 0.8942298E-01 0.8784788E-01
0.1420102 0.1420102 0.1529524 0.1581531 0.1612990 0.1612990 0.1645231 0.1701360 0.1701360 0.1744174 0.1744174 0.1779314 0.1794915 0.1808971 0.1821038 0.1821038 0.1815377 0.1804936 0.1792561 0.1778312 0.1761942 0.1742983 0.1720800 0.1694606 0.1663403 0.1625829 0.1579858 0.1522177 0.1446485 0.1336464 0.1336464 0.1102621 0.9654425E-01 0.8588592E-01 0.8452337E-01 0.8452337E-01 0.8538762E-01 0.8538762E-01 0.8617333E-01 0.8617333E-01 0.8579321E-01 0.8452404E-01 0.8452404E-01 0.8479578E-01 0.8479578E-01 0.8793956E-01 0.8793956E-01 0.8793956E-01 0.8891172E-01 0.8891172E-01 0.8910954E-01 0.8910954E-01 0.8869982E-01 0.8869982E-01 0.8806494E-01 0.8806494E-01 0.8687350E-01
0.1416020 0.1416020 0.1527625 0.1577196 0.1607600 0.1607600 0.1639189 0.1694601 0.1694601 0.1735660 0.1735660 0.1766838 0.1779596 0.1790324 0.1798739 0.1798739 0.1785475 0.1772681 0.1758693 0.1743375 0.1726363 0.1707134 0.1685050 0.1659374 0.1629220 0.1593444 0.1550401 0.1497434 0.1429501 0.1333586 0.1333586 0.1142590 0.1029182 0.9719433E-01 0.9739822E-01 0.9739822E-01 0.9730435E-01 0.9730435E-01 0.9441009E-01 0.9441009E-01 0.9239369E-01 0.8855048E-01 0.8855048E-01 0.8634084E-01 0.8634084E-01 0.8681548E-01 0.8681548E-01 0.8681548E-01 0.8719631E-01 0.8719631E-01 0.8729090E-01 0.8729090E-01 0.8701060E-01 0.8701060E-01 0.8653376E-01 0.8653376E-01 0.8568422E-01
0.1412502 0.1412502 0.1525767 0.1572742 0.1601976 0.1601976 0.1632834 0.1687631 0.1687631 0.1727203 0.1727203 0.1754476 0.1764233 0.1771272 0.1775388 0.1775388 0.1752626 0.1737036 0.1721285 0.1704928 0.1687405 0.1668095 0.1646347 0.1621487 0.1592796 0.1559424 0.1520203 0.1473217 0.1414649 0.1334237 0.1334237 0.1185355 0.1106498 0.1097048 0.1102101 0.1102101 0.1072452 0.1072452 0.1012196 0.1012196 0.9807353E-01 0.9245430E-01 0.9245430E-01 0.8845098E-01 0.8845098E-01 0.8635445E-01 0.8635445E-01 0.8635445E-01 0.8582436E-01 0.8582436E-01 0.8555456E-01 0.8555456E-01 0.8525503E-01 0.8525503E-01 0.8489922E-01 0.8489922E-01 0.8434449E-01
0.1409700 0.1409700 0.1524039 0.1568374 0.1596367 0.1596367 0.1626425 0.1680688 0.1680688 0.1719040 0.1719040 0.1742445 0.1748970 0.1751769 0.1750524 0.1750524 0.1715166 0.1696383 0.1678857 0.1661657 0.1643923 0.1624885 0.1603865 0.1580287 0.1553677 0.1523634 0.1489707 0.1450996 0.1405051 0.1343617 0.1343617 0.1240544 0.1211364 0.1220201 0.1214454 0.1214454 0.1150751 0.1150751 0.1067736 0.1067736 0.1028904 0.9606729E-01 0.9606729E-01 0.9079535E-01 0.9079535E-01 0.8650468E-01 0.8650468E-01 0.8650468E-01 0.8492982E-01 0.8492982E-01 0.8408028E-01 0.8408028E-01 0.8358283E-01 0.8358283E-01 0.8325777E-01 0.8325777E-01 0.8293103E-01
0.1407770 0.1407770 0.1522507 0.1564288 0.1591025 0.1591025 0.1620241 0.1674023 0.1674023 0.1711401 0.1711401 0.1730993 0.1734037 0.1731908 0.1723736 0.1723736 0.1670676 0.1648453 0.1629397 0.1611809 0.1594390 0.1576168 0.1556443 0.1534792 0.1511147 0.1485886 0.1459786 0.1433557 0.1406441 0.1372399 0.1372399 0.1324382 0.1327841 0.1326787 0.1306513 0.1306513 0.1212729 0.1212729 0.1112652 0.1112652 0.1068993 0.9925926E-01 0.9925926E-01 0.9309864E-01 0.9309864E-01 0.8708090E-01 0.8708090E-01 0.8708090E-01 0.8450310E-01 0.8450310E-01 0.8296843E-01 0.8296843E-01 0.8212329E-01 0.8212329E-01 0.8171594E-01 0.8171594E-01 0.8153127E-01
0.1406867 0.1406867 0.1521216 0.1560660 0.1586198 0.1586198 0.1614570 0.1667897 0.1667897 0.1704505 0.1704505 0.1720420 0.1719802 0.1712036 0.1694842 0.1694842 0.1615435 0.1589936 0.1570075 0.1552981 0.1536747 0.1520156 0.1502512 0.1483661 0.1464257 0.1446139 0.1432321 0.1425815 0.1426835 0.1429514 0.1429514 0.1432583 0.1446848 0.1411575 0.1372879 0.1372879 0.1264763 0.1264763 0.1148466 0.1148466 0.1101607 0.1019704 0.1019704 0.9519082E-01 0.9519082E-01 0.8787831E-01 0.8787831E-01 0.8787831E-01 0.8444139E-01 0.8444139E-01 0.8222867E-01 0.8222867E-01 0.8095565E-01 0.8095565E-01 0.8036914E-01 0.8036914E-01 0.8023634E-01
