simulation_files/asc/Depth____345.0.asc
NCOLS       216
NROWS       273
XLLCENTER        494.688995
YLLCENTER        787.867981
CELLSIZE           0.500
NODATA_VALUE     -9999.0
[rows 182 to 207 of 273, columns 120 to 179 of 216]
-9999.000 -9999.000 -9999.000 -9999.000 -9999.000 -9999.000 -9999.000 -9999.000 -9999.000 0.5720722E-01 0.1466816 0.2199535 0.2269085 0.1786062 0.1008366 0.5333237E-01 0.2168603E-01 0.3956494E-01 0.6879298E-01 0.7033904E-01 0.6285091E-01 0.1236674 0.2208880 0.2172582 0.2226062 0.2679297 0.2739814 0.2490319 0.2688375 0.3087129 0.3382472 0.3643219 0.3413873 0.3017332 0.2803109 0.2873440 0.2888886 0.2931325 0.2632752 0.2077901 0.1401923 0.6120837E-01 -9999.000 -9999.000 -9999.000 -9999.000 -9999.000 -9999.000 -9999.000 -9999.000 -9999.000 -9999.000 -9999.000 -9999.000 -9999.000 -9999.000 -9999.000 -9999.000 -9999.000 -9999.000
-9999.000 -9999.000 -9999.000 -9999.000 -9999.000 -9999.000 -9999.000 -9999.000 -9999.000 0.4409809E-01 0.1240808 0.2010011 0.2280094 0.2022788 0.1543656 0.9386021E-01 0.4427875E-01 0.4399290E-01 0.6339504E-01 0.5393881E-01 0.5290476E-01 0.1117456 0.1768246 0.1894293 0.2191955 0.2900542 0.3102886 0.2624695 0.2743541 0.3445600 0.3711367 0.3805703 0.3700207 0.3232052 0.3077357 0.3014307 0.3060143 0.3085931 0.2909910 0.2678636 0.1812192 0.7291962E-01 -9999.000 -9999.000 -9999.000 -9999.000 -9999.000 -9999.000 -9999.000 -9999.000 -9999.000 -9999.000 -9999.000 -9999.000 -9999.000 -9999.000 -9999.000 -9999.000 -9999.000 -9999.000
-9999.000 -9999.000 -9999.000 -9999.000 -9999.000 -9999.000 -9999.000 -9999.000 -9999.000 -9999.000 0.1143288 0.2021659 0.2350469 0.2319442 0.1968638 0.1419913 0.8301283E-01 0.5470930E-01 0.5393362E-01 0.4971907E-01 0.5796140E-01 0.8556726E-01 0.1029258 0.1181726 0.1693731 0.2493599 0.2978629 0.2837603 0.3069228 0.3543675 0.3336023 0.3233379 0.3293910 0.3154720 0.2720971 0.2704781 0.2757994 0.2888508 0.2942069 0.2821708 0.2312766 0.1298923 0.6765237E-01 -9999.000 -9999.000 -9999.000 -9999.000 -9999.000 -9999.000 -9999.000 -9999.000 -9999.000 -9999.000 -9999.000 -9999.000 -9999.000 -9999.000 -9999.000 -9999.000 -9999.000
-9999.000 -9999.000 -9999.000 -9999.000 -9999.000 -9999.000 -9999.000 -9999.000 -9999.000 0.1301263E-01 0.1080030 0.1992120 0.2450381 0.2481466 0.2278212 0.1809831 0.1127215 0.7100412E-01 0.5580846E-01 0.6340279E-01 0.7549431E-01 0.7556462E-01 0.6470353E-01 0.8338626E-01 0.1258131 0.1858265 0.2387185 0.2627261 0.3314798 0.3100507 0.2432578 0.2574175 0.2773761 0.2089092 0.1728910 0.1530840 0.1840757 0.2085249 0.2424298 0.2522025 0.2230135 0.1570393 0.1224408 -9999.000 -9999.000 -9999.000 -9999.000 -9999.000 -9999.000 -9999.000 -9999.000 -9999.000 -9999.000 -9999.000 -9999.000 -9999.000 -9999.000 -9999.000 -9999.000 -9999.000
-9999.000 -9999.000 -9999.000 -9999.000 -9999.000 -9999.000 -9999.000 -9999.000 -9999.000 -9999.000 -9999.000 0.1723482 0.2349070 0.2463485 0.2376386 0.1950679 0.1366783 0.7414156E-01 0.4601807E-01 0.4972558E-01 0.6822932E-01 0.6866701E-01 0.6718839E-01 0.9450477E-01 0.1476424 0.1923046 0.2265678 0.2521180 0.2649929 0.2156905 0.1933992 0.2875017 0.3090346 0.2560061 0.1820592 0.1595269 0.1744865 0.1928947 0.2111008 0.2251493 0.2144355 0.1842729 0.1491992 0.1043837 -9999.000 -9999.000 -9999.000 -9999.000 -9999.000 -9999.000 -9999.000 -9999.000 -9999.000 -9999.000 -9999.000 -9999.000 -9999.000 -9999.000 -9999.000 -9999.000
-9999.000 -9999.000 -9999.000 -9999.000 -9999.000 -9999.000 -9999.000 -9999.000 -9999.000 -9999.000 -9999.000 0.1548552 0.2075230 0.2186225 0.2308606 0.1954850 0.1142166 0.6820338E-01 0.4264469E-01 0.2949961E-01 0.3914136E-01 0.5886018E-01 0.7371409E-01 0.1148983 0.1900027 0.2156984 0.2097581 0.1908740 0.1968114 0.1894846 0.2009179 0.2876842 0.3537060 0.3338625 0.2718739 0.2007583 0.2056158 0.2302338 0.2313499 0.2145897 0.2094676 0.1786695 0.1349980 0.8957161E-01 -9999.000 -9999.000 -9999.000 -9999.000 -9999.000 -9999.000 -9999.000 -9999.000 -9999.000 -9999.000 -9999.000 -9999.000 -9999.000 -9999.000 -9999.000 -9999.000
-9999.000 -9999.000 -9999.000 -9999.000 -9999.000 -9999.000 -9999.000 -9999.000 -9999.000 -9999.000 -9999.000 0.1561104 0.1885213 0.1912305 0.2104760 0.1876004 0.1290562 0.9833469E-01 0.6792524E-01 0.3920938E-01 0.2952553E-01 0.3671590E-01 0.5526530E-01 0.9491913E-01 0.1367114 0.1454268 0.1715750 0.1717765 0.2107283 0.2433531 0.2256473 0.2589391 0.3072270 0.2963739 0.2664593 0.2342713 0.2279192 0.2248665 0.1935639 0.1924621 0.2054660 0.1944458 0.1789728 0.1423489 0.1050175 0.7274733E-01 -9999.000 -9999.000 -9999.000 -9999.000 -9999.000 -9999.000 -9999.000 -9999.000 -9999.000 -9999.000 -9999.000 -9999.000 -9999.000 -9999.000
-9999.000 -9999.000 -9999.000 -9999.000 -9999.000 -9999.000 -9999.000 -9999.000 -9999.000 -9999.000 -9999.000 0.9003695E-01 0.1551667 0.1885648 0.2125678 0.2104166 0.1864966 0.1600361 0.1119161 0.8203487E-01 0.4080437E-01 0.2052580E-01 0.3031239E-01 0.6029662E-01 0.7925673E-01 0.9350216E-01 0.1755648 0.2151404 0.2574158 0.2841563 0.2743241 0.2608439 0.2505406 0.2302156 0.2433220 0.2506588 0.2446439 0.1894116 0.1810373 0.2154520 0.2306055 0.2262290 0.2389091 0.2216166 0.1836321 0.1127282 -9999.000 -9999.000 -9999.000 -9999.000 -9999.000 -9999.000 -9999.000 -9999.000 -9999.000 -9999.000 -9999.000 -9999.000 -9999.000 -9999.000
-9999.000 -9999.000 -9999.000 -9999.000 -9999.000 -9999.000 -9999.000 -9999.000 -9999.000 -9999.000 -9999.000 -9999.000 0.1007679 0.1567120 0.1955192 0.2133195 0.2168903 0.2068359 0.1527831 0.1125241 0.6256075E-01 0.1692085E-01 0.1742750E-01 0.2804099E-01 0.4688646E-01 0.8968381E-01 0.1656700 0.2185569 0.2583307 0.2845901 0.2728568 0.2722312 0.2857502 0.2668705 0.2631284 0.2952529 0.2547323 0.2183473 0.2488357 0.2770509 0.2750690 0.2658530 0.2848965 0.2666231 0.2289846 0.1428138 0.3898542E-01 -9999.000 -9999.000 -9999.000 -9999.000 -9999.000 -9999.000 -9999.000 -9999.000 -9999.000 -9999.000 -9999.000 -9999.000 -9999.000
-9999.000 -9999.000 -9999.000 -9999.000 -9999.000 -9999.000 -9999.000 -9999.000 -9999.000 -9999.000 -9999.000 -9999.000 0.4887861E-01 0.1025241 0.1579809 0.1952819 0.2287122 0.2329227 0.1957333 0.1545874 0.1056772 0.4774527E-01 0.2869315E-01 0.3244570E-01 0.4034286E-01 0.6708548E-01 0.1158219 0.1748734 0.2242546 0.2572952 0.2525268 0.2662318 0.2954149 0.2598351 0.2687916 0.3010997 0.2495807 0.2565785 0.3174595 0.3405639 0.3096667 0.3051259 0.3222294 0.2737925 0.2179334 0.1279100 0.3895504E-01 -9999.000 -9999.000 -9999.000 -9999.000 -9999.000 -9999.000 -9999.000 -9999.000 -9999.000 -9999.000 -9999.000 -9999.000 -9999.000
-9999.000 -9999.000 -9999.000 -9999.000 -9999.000 -9999.000 -9999.000 -9999.000 -9999.000 -9999.000 -9999.000 -9999.000 -9999.000 0.5599803E-01 0.1159130 0.1799754 0.2080550 0.2317885 0.2290964 0.1929216 0.1526270 0.9900309E-01 0.5957669E-01 0.3566492E-01 0.2853948E-01 0.3529363E-01 0.6693482E-01 0.1357121 0.2052542 0.2477333 0.2295210 0.2285786 0.2261397 0.2191012 0.2861718 0.3101267 0.2620967 0.2844542 0.3595333 0.3744075 0.3433547 0.3136547 0.2614780 0.2000348 0.1599875 0.1094587 0.7566794E-01 0.5159941E-01 -9999.000 -9999.000 -9999.000 -9999.000 -9999.000 -9999.000 -9999.000 -9999.000 -9999.000 -9999.000 -9999.000 -9999.000
-9999.000 -9999.000 -9999.000 -9999.000 -9999.000 -9999.000 -9999.000 -9999.000 -9999.000 -9999.000 -9999.000 -9999.000 -9999.000 0.3161266E-01 0.1020856 0.1245545 0.1068264 0.1375616 0.1869399 0.1949833 0.1848561 0.1424509 0.9326726E-01 0.4844608E-01 0.2256705E-01 0.1577049E-01 0.3339923E-01 0.9741543E-01 0.1804075 0.2197788 0.1655212 0.1887489 0.2186550 0.2325926 0.2998587 0.3250453 0.2974218 0.3154801 0.3516668 0.3640185 0.3213735 0.2307223 0.1914102 0.1545301 0.1648953 0.1772846 0.1568442 0.1191325 0.9060574E-01 -9999.000 -9999.000 -9999.000 -9999.000 -9999.000 -9999.000 -9999.000 -9999.000 -9999.000 -9999.000 -9999.000
-9999.000 -9999.000 -9999.000 -9999.000 -9999.000 -9999.000 -9999.000 -9999.000 -9999.000 -9999.000 -9999.000 -9999.000 -9999.000 -9999.000 0.7178772E-01 0.6676270E-01 -9999.000 0.3689192E-01 0.9776947E-01 0.1646888 0.2028670 0.1752722 0.1431573 0.9229846E-01 0.5181107E-01 0.4442051E-01 0.3135089E-01 0.7464343E-01 0.1479487 0.1622342 0.1265379 0.1774606 0.2321657 0.2544290 0.2900847 0.3194328 0.3153233 0.3108662 0.3231978 0.3200563 0.2716459 0.2552404 0.2286876 0.2217011 0.2454953 0.2494919 0.2411550 0.2351830 0.1649120 0.7000099E-01 -9999.000 -9999.000 -9999.000 -9999.000 -9999.000 -9999.000 -9999.000 -9999.000 -9999.000 -9999.000
-9999.000 -9999.000 -9999.000 -9999.000 -9999.000 -9999.000 -9999.000 -9999.000 -9999.000 -9999.000 -9999.000 -9999.000 -9999.000 -9999.000 -9999.000 -9999.000 -9999.000 0.5618711E-01 0.7603909E-01 0.1159377 0.1674351 0.1781464 0.1543784 0.1004844 0.5915965E-01 0.3386936E-01 0.2472793E-01 0.4387227E-01 0.9411337E-01 0.1301487 0.1239462 0.1592256 0.2178812 0.2439987 0.2702368 0.2890297 0.2987779 0.2936172 0.3054756 0.3169254 0.3166195 0.3210543 0.2954900 0.2827780 0.2779309 0.2798954 0.2646683 0.2567852 0.1923944 0.1003371 -9999.000 -9999.000 -9999.000 -9999.000 -9999.000 -9999.000 -9999.000 -9999.000 -9999.000 -9999.000
-9999.000 -9999.000 -9999.000 -9999.000 -9999.000 -9999.000 -9999.000 -9999.000 -9999.000 -9999.000 -9999.000 -9999.000 -9999.000 -9999.000 -9999.000 -9999.000 0.5201057E-01 0.9330314E-01 0.9702207E-01 0.1022374 0.1371259 0.1544017 0.1373901 0.1055116 0.6526855E-01 0.3313118E-01 0.1504931E-01 -9999.000 -9999.000 -9999.000 0.9832267E-01 0.1285618 0.1684289 0.1928207 0.2343946 0.2807514 0.2848892 0.2782627 0.3066373 0.3578203 0.3762151 0.3704408 0.3180972 0.2852007 0.2997216 0.3046517 0.2844767 0.2290652 0.1541387 0.1002160 -9999.000 -9999.000 -9999.000 -9999.000 -9999.000 -9999.000 -9999.000 -9999.000 -9999.000 -9999.000
-9999.000 -9999.000 -9999.000 -9999.000 -9999.000 -9999.000 -9999.000 -9999.000 -9999.000 -9999.000 -9999.000 -9999.000 -9999.000 -9999.000 -9999.000 -9999.000 -9999.000 0.8163342E-01 0.7750199E-01 0.9139394E-01 0.9985714E-01 0.1282051 0.1460163 0.1250631 0.9443288E-01 0.5833487E-01 0.2346739E-01 -9999.000 -9999.000 -9999.000 0.4419036E-01 0.8935555E-01 0.1101230 0.1233786 0.1794821 0.2385281 0.2374122 0.2382255 0.2994604 0.3688732 0.3976912 0.3707842 0.3127527 0.2852230 0.2960905 0.2720709 0.2277636 0.1719264 0.1259404 0.1051978 -9999.000 -9999.000 -9999.000 -9999.000 -9999.000 -9999.000 -9999.000 -9999.000 -9999.000 -9999.000
-9999.000 -9999.000 -9999.000 -9999.000 -9999.000 -9999.000 -9999.000 -9999.000 -9999.000 -9999.000 -9999.000 -9999.000 -9999.000 -9999.000 -9999.000 -9999.000 -9999.000 0.6416327E-01 0.1080894 0.6981580E-01 0.4722086E-01 0.8012391E-01 0.1148661 0.1164639 0.1101437 0.8869222E-01 0.4336410E-01 0.1792243E-01 -9999.000 -9999.000 -9999.000 0.4763579E-01 0.6517143E-01 0.8097371E-01 0.1228708 0.1694904 0.1784255 0.2235944 0.3048683 0.3521031 0.3560850 0.3305606 0.2950658 0.2632331 0.2517511 0.1915801 0.1458088 0.1230488 0.1304136 0.1289676 0.7792600E-01 -9999.000 -9999.000 -9999.000 -9999.000 -9999.000 -9999.000 -9999.000 -9999.000 -9999.000
-9999.000 -9999.000 -9999.000 -9999.000 -9999.000 -9999.000 -9999.000 -9999.000 -9999.000 -9999.000 -9999.000 -9999.000 -9999.000 -9999.000 -9999.000 -9999.000 -9999.000 -9999.000 0.1070164 0.4943005E-01 0.3528665E-01 0.6889042E-01 0.8942653E-01 0.8440667E-01 0.1071525 0.9347515E-01 -9999.000 -9999.000 -9999.000 -9999.000 -9999.000 -9999.000 0.3408726E-01 0.7298703E-01 0.1279910 0.1645107 0.1926863 0.2439102 0.2765009 0.3033177 0.2953989 0.2770658 0.2627180 0.2664183 0.2386050 0.2223425 0.2005676 0.1479521 0.1490280 0.1683141 0.1341567 0.4880126E-01 -9999.000 -9999.000 -9999.000 -9999.000 -9999.000 -9999.000 -9999.000 -9999.000
-9999.000 -9999.000 -9999.000 -9999.000 -9999.000 -9999.000 -9999.000 -9999.000 -9999.000 -9999.000 -9999.000 -9999.000 -9999.000 -9999.000 -9999.000 -9999.000 -9999.000 0.1238954 0.7870812E-01 0.4244896E-01 0.7318568E-01 0.1209853 0.1299200 0.9166768E-01 0.9772186E-01 0.8046926E-01 0.4995853E-01 -9999.000 -9999.000 -9999.000 -9999.000 -9999.000 -9999.000 0.6745901E-01 0.1429223 0.1944834 0.2288444 0.2219331 0.2118479 0.2220178 0.2469439 0.2207635 0.2318346 0.2728743 0.2588171 0.2665520 0.2466967 0.1944711 0.1789780 0.2053543 0.1788794 0.5710452E-01 0.2271698E-01 -9999.000 -9999.000 -9999.000 -9999.000 -9999.000 -9999.000 -9999.000
-9999.000 -9999.000 -9999.000 -9999.000 -9999.000 -9999.000 -9999.000 -9999.000 -9999.000 -9999.000 -9999.000 -9999.000 -9999.000 -9999.000 -9999.000 -9999.000 -9999.000 0.1302269 0.1030726 0.7717438E-01 0.1417018 0.1858670 0.1705955 0.1242470 0.1143885 0.8181980E-01 -9999.000 -9999.000 -9999.000 -9999.000 -9999.000 -9999.000 -9999.000 0.5945798E-01 0.1157338 0.1583996 0.1797553 0.1856216 0.1906103 0.2026664 0.2024512 0.1747907 0.1754505 0.2514043 0.2776679 0.2658359 0.2408845 0.2093220 0.1988699 0.2069512 0.1898517 0.9821447E-01 0.4901874E-01 -9999.000 -9999.000 -9999.000 -9999.000 -9999.000 -9999.000 -9999.000
-9999.000 -9999.000 -9999.000 -9999.000 -9999.000 -9999.000 -9999.000 -9999.000 -9999.000 -9999.000 -9999.000 -9999.000 -9999.000 -9999.000 -9999.000 -9999.000 -9999.000 0.7397002E-01 0.9262687E-01 0.1004457 0.1448200 0.1655194 0.1532433 0.1657557 0.1606426 0.1075669 0.4420913E-01 -9999.000 -9999.000 -9999.000 -9999.000 -9999.000 -9999.000 0.3280588E-01 0.6109774E-01 0.7040660E-01 0.1088212 0.1501846 0.1943033 0.1990251 0.1995883 0.1866160 0.1776941 0.2273448 0.2599271 0.2599909 0.2503972 0.2151929 0.2137791 0.2238723 0.1810105 0.1133820 0.8554478E-01 0.3645204E-01 -9999.000 -9999.000 -9999.000 -9999.000 -9999.000 -9999.000
-9999.000 -9999.000 -9999.000 -9999.000 -9999.000 -9999.000 -9999.000 -9999.000 -9999.000 -9999.000 -9999.000 -9999.000 -9999.000 -9999.000 -9999.000 -9999.000 -9999.000 -9999.000 0.5979312E-01 0.7758207E-01 0.1068142 0.1135180 0.1187632 0.1630242 0.1849079 0.1384868 0.7460252E-01 -9999.000 -9999.000 -9999.000 -9999.000 -9999.000 -9999.000 -9999.000 0.5175011E-01 0.7323996E-01 0.9732757E-01 0.1331616 0.1599330 0.1700292 0.2005021 0.2316385 0.2334625 0.2363137 0.2233757 0.2515424 0.2422405 0.2171467 0.2418598 0.2624262 0.2138388 0.1755062 0.1434130 0.8582286E-01 -9999.000 -9999.000 -9999.000 -9999.000 -9999.000 -9999.000
-9999.000 -9999.000 -9999.000 -9999.000 -9999.000 -9999.000 -9999.000 -9999.000 -9999.000 -9999.000 -9999.000 -9999.000 -9999.000 -9999.000 -9999.000 -9999.000 -9999.000 -9999.000 0.6888687E-01 0.5319305E-01 0.5415168E-01 0.8013443E-01 0.1034795 0.1463097 0.1827875 0.1596246 0.1095906 0.5125765E-01 0.1981095E-01 -9999.000 -9999.000 -9999.000 -9999.000 -9999.000 0.5291781E-01 0.8083453E-01 0.1056696 0.1292181 0.1478169 0.1558570 0.1719997 0.2090191 0.2218944 0.2054532 0.1945649 0.1889824 0.1766901 0.1913865 0.2605086 0.2976373 0.2622634 0.2296539 0.1868805 0.1649583 0.1448653 -9999.000 -9999.000 -9999.000 -9999.000 -9999.000
-9999.000 -9999.000 -9999.000 -9999.000 -9999.000 -9999.000 -9999.000 -9999.000 -9999.000 -9999.000 -9999.000 -9999.000 -9999.000 -9999.000 -9999.000 -9999.000 -9999.000 -9999.000 0.5472687E-01 -9999.000 -9999.000 0.1020780 0.1475167 0.1758910 0.1641318 0.1268173 0.9845821E-01 0.6255854E-01 0.3250169E-01 -9999.000 -9999.000 -9999.000 -9999.000 -9999.000 -9999.000 -9999.000 0.7394436E-01 0.1156729 0.1523943 0.1629782 0.1747468 0.1998443 0.2206443 0.1703514 0.1120716 0.8915391E-01 0.1034542 0.1832958 0.2700254 0.3110926 0.2585079 0.2288662 0.2016033 0.1898598 0.1488544 0.7969181E-01 -9999.000 -9999.000 -9999.000 -9999.000
-9999.000 -9999.000 -9999.000 -9999.000 -9999.000 -9999.000 -9999.000 -9999.000 -9999.000 -9999.000 -9999.000 -9999.000 -9999.000 -9999.000 -9999.000 -9999.000 -9999.000 -9999.000 -9999.000 -9999.000 -9999.000 0.1234945 0.1970209 0.2129097 0.1693934 0.1331179 0.1036417 0.7905080E-01 0.4517484E-01 -9999.000 -9999.000 -9999.000 -9999.000 -9999.000 -9999.000 0.2380961E-01 0.5994818E-01 0.1084748 0.1496224 0.1742236 0.2110024 0.2228275 0.2266145 0.1778833 0.1331433 0.1325629 0.1532878 0.2168295 0.2546160 0.2355713 0.2153155 0.2338076 0.2272253 0.1800159 0.1431629 0.9294859E-01 -9999.000 -9999.000 -9999.000 -9999.000
-9999.000 -9999.000 -9999.000 -9999.000 -9999.000 -9999.000 -9999.000 -9999.000 -9999.000 -9999.000 -9999.000 -9999.000 -9999.000 -9999.000 -9999.000 -9999.000 -9999.000 -9999.000 -9999.000 0.2046444E-01 0.4970091E-01 0.1283136 0.2104176 0.2030746 0.1674941 0.1303104 0.1024158 0.8243453E-01 0.5090889E-01 -9999.000 -9999.000 -9999.000 -9999.000 -9999.000 -9999.000 -9999.000 0.4674195E-01 0.1055627 0.1604700 0.2047213 0.2598992 0.2773877 0.2417314 0.2028182 0.2125390 0.2949327 0.3437529 0.3242986 0.2736514 0.2202704 0.2368942 0.2899675 0.2803171 0.2025614 0.1691225 0.1497492 0.8821545E-01 -9999.000 -9999.000 -9999.000
