simulation_files/asc/Depth____375.0.asc
NCOLS       216
NROWS       273
XLLCENTER        494.688995
YLLCENTER        787.867981
CELLSIZE           0.500
NODATA_VALUE     -9999.0
[rows 182 to 207 of 273, columns 120 to 179 of 216]
-9999.000 -9999.000 -9999.000 -9999.000 -9999.000 -9999.000 -9999.000 -9999.000 -9999.000 0.5264984E-01 0.1395832 0.2108879 0.2182249 0.1696104 0.9238277E-01 0.4705995E-01 0.1873532E-01 0.3643304E-01 0.6673811E-01 0.7159217E-01 0.6082412E-01 0.1178778 0.2139395 0.2158705 0.2197088 0.2629322 0.2683661 0.2437482 0.2639667 0.3039256 0.3326929 0.3580829 0.3347509 0.2952927 0.2738982 0.2809872 0.2834976 0.2882453 0.2584389 0.2027793 0.1348515 0.5643280E-01 -9999.000 -9999.000 -9999.000 -9999.000 -9999.000 -9999.000 -9999.000 -9999.000 -9999.000 -9999.000 -9999.000 -9999.000 -9999.000 -9999.000 -9999.000 -9999.000 -9999.000 -9999.000
-9999.000 -9999.000 -9999.000 -9999.000 -9999.000 -9999.000 -9999.000 -9999.000 -9999.000 0.4026294E-01 0.1164465 0.1917329 0.2192911 0.1940207 0.1461273 0.8560889E-01 0.3862064E-01 0.4028345E-01 0.6158338E-01 0.5319036E-01 0.5011540E-01 0.1039507 0.1730341 0.1895246 0.2164848 0.2848052 0.3044343 0.2571187 0.2695220 0.3395489 0.3653360 0.3744162 0.3635997 0.3167069 0.3004968 0.2955757 0.3016244 0.3040068 0.2865033 0.2630997 0.1766451 0.7008611E-01 -9999.000 -9999.000 -9999.000 -9999.000 -9999.000 -9999.000 -9999.000 -9999.000 -9999.000 -9999.000 -9999.000 -9999.000 -9999.000 -9999.000 -9999.000 -9999.000 -9999.000 -9999.000
-9999.000 -9999.000 -9999.000 -9999.000 -9999.000 -9999.000 -9999.000 -9999.000 -9999.000 -9999.000 0.1143226 0.1936461 0.2271407 0.2242316 0.1889501 0.1335590 0.7533568E-01 0.5042931E-01 0.5176576E-01 0.4672421E-01 0.5456455E-01 0.8221230E-01 0.1035690 0.1173490 0.1646734 0.2438302 0.2923822 0.2789260 0.3012176 0.3492714 0.3291002 0.3183385 0.3236922 0.3129489 0.2684926 0.2706749 0.2734899 0.2862179 0.2914173 0.2772895 0.2263599 0.1260985 0.6212532E-01 -9999.000 -9999.000 -9999.000 -9999.000 -9999.000 -9999.000 -9999.000 -9999.000 -9999.000 -9999.000 -9999.000 -9999.000 -9999.000 -9999.000 -9999.000 -9999.000 -9999.000
-9999.000 -9999.000 -9999.000 -9999.000 -9999.000 -9999.000 -9999.000 -9999.000 -9999.000 -9999.000 0.1199369 0.1912232 0.2374892 0.2405943 0.2200502 0.1732615 0.1045156 0.6443802E-01 0.5229911E-01 0.6082252E-01 0.7342152E-01 0.7480880E-01 0.6583227E-01 0.7984274E-01 0.1213594 0.1806964 0.2335735 0.2579115 0.3260032 0.3067984 0.2416977 0.2547970 0.2753876 0.2066187 0.1660330 0.1517680 0.1799692 0.2058525 0.2358415 0.2457355 0.2194444 0.1536289 0.1170363 -9999.000 -9999.000 -9999.000 -9999.000 -9999.000 -9999.000 -9999.000 -9999.000 -9999.000 -9999.000 -9999.000 -9999.000 -9999.000 -9999.000 -9999.000 -9999.000 -9999.000
-9999.000 -9999.000 -9999.000 -9999.000 -9999.000 -9999.000 -9999.000 -9999.000 -9999.000 -9999.000 -9999.000 0.1645161 0.2274834 0.2388684 0.2298262 0.1873991 0.1305261 0.6860879E-01 0.4220744E-01 0.4769747E-01 0.6693206E-01 0.6750622E-01 0.6498102E-01 0.9132191E-01 0.1432770 0.1872250 0.2216057 0.2477001 0.2590076 0.2112338 0.1914333 0.2842490 0.3070425 0.2543088 0.1761277 0.1542671 0.1678844 0.1823087 0.2020855 0.2206959 0.2139819 0.1821553 0.1449638 0.9832115E-01 -9999.000 -9999.000 -9999.000 -9999.000 -9999.000 -9999.000 -9999.000 -9999.000 -9999.000 -9999.000 -9999.000 -9999.000 -9999.000 -9999.000 -9999.000 -9999.000
-9999.000 -9999.000 -9999.000 -9999.000 -9999.000 -9999.000 -9999.000 -9999.000 -9999.000 -9999.000 -9999.000 0.1383575 0.2001520 0.2111044 0.2235173 0.1897678 0.1106676 0.6409142E-01 0.3869904E-01 0.2702154E-01 0.3721976E-01 0.5609425E-01 0.7096663E-01 0.1110336 0.1853045 0.2113408 0.2070627 0.1892269 0.1935596 0.1838458 0.1960854 0.2826488 0.3489776 0.3294106 0.2676150 0.1962770 0.1998582 0.2259638 0.2319498 0.2174483 0.2125127 0.1804431 0.1327436 0.8508434E-01 -9999.000 -9999.000 -9999.000 -9999.000 -9999.000 -9999.000 -9999.000 -9999.000 -9999.000 -9999.000 -9999.000 -9999.000 -9999.000 -9999.000 -9999.000 -9999.000
-9999.000 -9999.000 -9999.000 -9999.000 -9999.000 -9999.000 -9999.000 -9999.000 -9999.000 -9999.000 -9999.000 0.1332652 0.1816594 0.1841131 0.2040581 0.1826352 0.1249726 0.9278562E-01 0.6259059E-01 0.3523066E-01 0.2654439E-01 0.3426547E-01 0.5258313E-01 0.9103883E-01 0.1341778 0.1443936 0.1691833 0.1686920 0.2057013 0.2375132 0.2201557 0.2539636 0.3030861 0.2938065 0.2639817 0.2311612 0.2256942 0.2276291 0.1982695 0.1924768 0.2047813 0.1931120 0.1723643 0.1357799 0.9834630E-01 0.6621815E-01 -9999.000 -9999.000 -9999.000 -9999.000 -9999.000 -9999.000 -9999.000 -9999.000 -9999.000 -9999.000 -9999.000 -9999.000 -9999.000 -9999.000
-9999.000 -9999.000 -9999.000 -9999.000 -9999.000 -9999.000 -9999.000 -9999.000 -9999.000 -9999.000 -9999.000 0.9631889E-01 0.1483187 0.1818510 0.2064110 0.2049040 0.1802775 0.1521413 0.1044455 0.7397646E-01 0.3316520E-01 0.1781745E-01 0.2862382E-01 0.5779520E-01 0.7758118E-01 0.9177223E-01 0.1714157 0.2099993 0.2515400 0.2782449 0.2691734 0.2564658 0.2474162 0.2287333 0.2416379 0.2484217 0.2441893 0.1894930 0.1750194 0.2081327 0.2235834 0.2159893 0.2307715 0.2145355 0.1776051 0.1077084 -9999.000 -9999.000 -9999.000 -9999.000 -9999.000 -9999.000 -9999.000 -9999.000 -9999.000 -9999.000 -9999.000 -9999.000 -9999.000 -9999.000
-9999.000 -9999.000 -9999.000 -9999.000 -9999.000 -9999.000 -9999.000 -9999.000 -9999.000 -9999.000 -9999.000 -9999.000 0.9364389E-01 0.1500809 0.1891668 0.2065489 0.2087000 0.1972610 0.1438628 0.1017344 0.5090848E-01 0.1423438E-01 0.1651654E-01 0.2612852E-01 0.4480862E-01 0.8622251E-01 0.1607273 0.2132107 0.2526990 0.2790640 0.2680460 0.2676027 0.2817524 0.2640249 0.2582259 0.2902104 0.2517758 0.2138776 0.2424986 0.2696547 0.2669658 0.2577769 0.2766269 0.2591658 0.2238831 0.1395912 0.3737949E-01 -9999.000 -9999.000 -9999.000 -9999.000 -9999.000 -9999.000 -9999.000 -9999.000 -9999.000 -9999.000 -9999.000 -9999.000 -9999.000
-9999.000 -9999.000 -9999.000 -9999.000 -9999.000 -9999.000 -9999.000 -9999.000 -9999.000 -9999.000 -9999.000 -9999.000 -9999.000 0.1036792 0.1516531 0.1886716 0.2209947 0.2244627 0.1874858 0.1460562 0.9725329E-01 0.4433707E-01 0.2619083E-01 0.3094201E-01 0.3848073E-01 0.6368751E-01 0.1097826 0.1694865 0.2188891 0.2519306 0.2473221 0.2619014 0.2923342 0.2557271 0.2629033 0.2963998 0.2456054 0.2510690 0.3105877 0.3329517 0.3019144 0.2971727 0.3143855 0.2684864 0.2152989 0.1265941 0.3688495E-01 -9999.000 -9999.000 -9999.000 -9999.000 -9999.000 -9999.000 -9999.000 -9999.000 -9999.000 -9999.000 -9999.000 -9999.000 -9999.000
-9999.000 -9999.000 -9999.000 -9999.000 -9999.000 -9999.000 -9999.000 -9999.000 -9999.000 -9999.000 -9999.000 -9999.000 -9999.000 0.7070729E-01 0.1165289 0.1735788 0.2009114 0.2232709 0.2207397 0.1867188 0.1471859 0.9346583E-01 0.5660696E-01 0.3482743E-01 0.2848906E-01 0.3774461E-01 0.6602466E-01 0.1302798 0.2000444 0.2426484 0.2253537 0.2283742 0.2242681 0.2144581 0.2810772 0.3057050 0.2572611 0.2783800 0.3524349 0.3668148 0.3360458 0.3081078 0.2592524 0.1981235 0.1572195 0.1045909 0.7053839E-01 0.4499626E-01 -9999.000 -9999.000 -9999.000 -9999.000 -9999.000 -9999.000 -9999.000 -9999.000 -9999.000 -9999.000 -9999.000 -9999.000
-9999.000 -9999.000 -9999.000 -9999.000 -9999.000 -9999.000 -9999.000 -9999.000 -9999.000 -9999.000 -9999.000 -9999.000 -9999.000 0.3445413E-01 0.9626675E-01 0.1260445 0.1149679 0.1368857 0.1787244 0.1885728 0.1795126 0.1355043 0.8753113E-01 0.4369305E-01 0.2114476E-01 -9999.000 0.3374983E-01 0.9588887E-01 0.1753608 0.2158542 0.1669646 0.1861242 0.2122734 0.2265696 0.2945350 0.3199126 0.2924962 0.3092711 0.3448911 0.3576667 0.3171686 0.2284245 0.1898790 0.1512080 0.1581503 0.1701736 0.1495563 0.1112727 0.8215198E-01 -9999.000 -9999.000 -9999.000 -9999.000 -9999.000 -9999.000 -9999.000 -9999.000 -9999.000 -9999.000 -9999.000
-9999.000 -9999.000 -9999.000 -9999.000 -9999.000 -9999.000 -9999.000 -9999.000 -9999.000 -9999.000 -9999.000 -9999.000 -9999.000 -9999.000 0.7997756E-01 -9999.000 -9999.000 0.3552186E-01 0.9161992E-01 0.1573265 0.1956025 0.1672823 0.1338345 0.8291881E-01 0.4456187E-01 0.3431639E-01 -9999.000 0.7098475E-01 0.1432385 0.1608383 0.1255998 0.1727846 0.2254231 0.2482944 0.2852391 0.3150438 0.3104361 0.3049671 0.3173459 0.3151608 0.2684957 0.2506518 0.2233894 0.2136045 0.2366395 0.2410525 0.2327766 0.2266808 0.1561120 0.6107972E-01 -9999.000 -9999.000 -9999.000 -9999.000 -9999.000 -9999.000 -9999.000 -9999.000 -9999.000 -9999.000
-9999.000 -9999.000 -9999.000 -9999.000 -9999.000 -9999.000 -9999.000 -9999.000 -9999.000 -9999.000 -9999.000 -9999.000 -9999.000 -9999.000 -9999.000 -9999.000 -9999.000 0.5434994E-01 0.7224399E-01 0.1100040 0.1602519 0.1699029 0.1455690 0.9312878E-01 0.5128461E-01 0.2614538E-01 0.2237550E-01 0.4056378E-01 0.9002401E-01 0.1274295 0.1208968 0.1548112 0.2126310 0.2399581 0.2667707 0.2850883 0.2934646 0.2880760 0.3000634 0.3117604 0.3108975 0.3141856 0.2874184 0.2725547 0.2685927 0.2706512 0.2551095 0.2482210 0.1852831 0.9497934E-01 -9999.000 -9999.000 -9999.000 -9999.000 -9999.000 -9999.000 -9999.000 -9999.000 -9999.000 -9999.000
-9999.000 -9999.000 -9999.000 -9999.000 -9999.000 -9999.000 -9999.000 -9999.000 -9999.000 -9999.000 -9999.000 -9999.000 -9999.000 -9999.000 -9999.000 -9999.000 0.4970348E-01 0.9130864E-01 0.9541237E-01 0.9946704E-01 0.1335569 0.1492678 0.1326779 0.1011642 0.6086442E-01 0.3001398E-01 0.1382250E-01 -9999.000 -9999.000 -9999.000 0.9524651E-01 0.1262083 0.1662587 0.1970950 0.2319583 0.2743822 0.2785926 0.2726161 0.3009562 0.3516084 0.3695039 0.3630215 0.3094738 0.2758868 0.2902669 0.2951638 0.2763846 0.2227991 0.1510107 0.9693958E-01 -9999.000 -9999.000 -9999.000 -9999.000 -9999.000 -9999.000 -9999.000 -9999.000 -9999.000 -9999.000
-9999.000 -9999.000 -9999.000 -9999.000 -9999.000 -9999.000 -9999.000 -9999.000 -9999.000 -9999.000 -9999.000 -9999.000 -9999.000 -9999.000 -9999.000 -9999.000 -9999.000 0.8018440E-01 0.7648016E-01 0.9001205E-01 0.9847538E-01 0.1267911 0.1440808 0.1215708 0.9129637E-01 0.5566552E-01 0.2374573E-01 -9999.000 -9999.000 -9999.000 0.4358906E-01 0.9157659E-01 0.1092329 0.1192231 0.1675697 0.2285004 0.2305391 0.2319459 0.2928909 0.3620617 0.3908089 0.3634721 0.3048642 0.2768277 0.2897186 0.2681645 0.2239201 0.1685184 0.1231925 0.1017565 0.5386880E-01 -9999.000 -9999.000 -9999.000 -9999.000 -9999.000 -9999.000 -9999.000 -9999.000 -9999.000
-9999.000 -9999.000 -9999.000 -9999.000 -9999.000 -9999.000 -9999.000 -9999.000 -9999.000 -9999.000 -9999.000 -9999.000 -9999.000 -9999.000 -9999.000 -9999.000 -9999.000 0.5505374E-01 0.1018864 0.6772196E-01 0.4644955E-01 0.7994955E-01 0.1143570 0.1157302 0.1081979 0.8595892E-01 0.4165703E-01 0.1878294E-01 -9999.000 -9999.000 -9999.000 0.5169823E-01 0.6533718E-01 0.7404382E-01 0.1127773 0.1599263 0.1705250 0.2171680 0.2974717 0.3450160 0.3492145 0.3237827 0.2892452 0.2584431 0.2480872 0.1885686 0.1414442 0.1177909 0.1262218 0.1259469 0.8019933E-01 -9999.000 -9999.000 -9999.000 -9999.000 -9999.000 -9999.000 -9999.000 -9999.000 -9999.000
-9999.000 -9999.000 -9999.000 -9999.000 -9999.000 -9999.000 -9999.000 -9999.000 -9999.000 -9999.000 -9999.000 -9999.000 -9999.000 -9999.000 -9999.000 -9999.000 -9999.000 0.6206866E-01 0.9697002E-01 0.4736816E-01 0.3363536E-01 0.6673074E-01 0.8803337E-01 0.8377834E-01 0.1061055 0.9195670E-01 -9999.000 -9999.000 -9999.000 -9999.000 -9999.000 -9999.000 0.3763871E-01 0.7234677E-01 0.1242878 0.1602532 0.1880714 0.2366384 0.2696189 0.2968851 0.2891022 0.2711769 0.2580027 0.2620400 0.2336936 0.2152535 0.1927493 0.1410278 0.1420924 0.1614297 0.1312735 0.5297216E-01 -9999.000 -9999.000 -9999.000 -9999.000 -9999.000 -9999.000 -9999.000 -9999.000
-9999.000 -9999.000 -9999.000 -9999.000 -9999.000 -9999.000 -9999.000 -9999.000 -9999.000 -9999.000 -9999.000 -9999.000 -9999.000 -9999.000 -9999.000 -9999.000 -9999.000 0.1155548 0.7454237E-01 0.4019804E-01 0.6999741E-01 0.1177508 0.1276859 0.9029472E-01 0.9669984E-01 0.7940265E-01 0.4858244E-01 -9999.000 -9999.000 -9999.000 -9999.000 -9999.000 -9999.000 0.6918026E-01 0.1390825 0.1897734 0.2231412 0.2159405 0.2057372 0.2161035 0.2408521 0.2148107 0.2262791 0.2669785 0.2522448 0.2594338 0.2402231 0.1887721 0.1716906 0.1959545 0.1697406 0.4865215E-01 0.1554554E-01 -9999.000 -9999.000 -9999.000 -9999.000 -9999.000 -9999.000 -9999.000
-9999.000 -9999.000 -9999.000 -9999.000 -9999.000 -9999.000 -9999.000 -9999.000 -9999.000 -9999.000 -9999.000 -9999.000 -9999.000 -9999.000 -9999.000 -9999.000 -9999.000 0.1278176 0.1003966 0.7362912E-01 0.1372262 0.1821302 0.1686276 0.1221502 0.1110725 0.7866155E-01 -9999.000 -9999.000 -9999.000 -9999.000 -9999.000 -9999.000 -9999.000 0.5914627E-01 0.1121793 0.1546054 0.1757517 0.1806156 0.1848771 0.1966461 0.1967932 0.1689784 0.1694715 0.2449279 0.2707231 0.2589965 0.2352114 0.2043773 0.1936654 0.2001054 0.1823664 0.9364274E-01 0.4385331E-01 -9999.000 -9999.000 -9999.000 -9999.000 -9999.000 -9999.000 -9999.000
-9999.000 -9999.000 -9999.000 -9999.000 -9999.000 -9999.000 -9999.000 -9999.000 -9999.000 -9999.000 -9999.000 -9999.000 -9999.000 -9999.000 -9999.000 -9999.000 -9999.000 0.7040977E-01 0.8887489E-01 0.9704690E-01 0.1407783 0.1623306 0.1510587 0.1620913 0.1552745 0.1022801 0.3883660E-01 -9999.000 -9999.000 -9999.000 -9999.000 -9999.000 -9999.000 -9999.000 0.6253783E-01 0.6761955E-01 0.1052553 0.1463721 0.1911535 0.1954168 0.1936925 0.1803109 0.1708810 0.2200402 0.2525573 0.2527765 0.2447993 0.2104793 0.2084121 0.2175135 0.1758092 0.1085256 0.8229107E-01 -9999.000 -9999.000 -9999.000 -9999.000 -9999.000 -9999.000 -9999.000
-9999.000 -9999.000 -9999.000 -9999.000 -9999.000 -9999.000 -9999.000 -9999.000 -9999.000 -9999.000 -9999.000 -9999.000 -9999.000 -9999.000 -9999.000 -9999.000 -9999.000 -9999.000 0.5491364E-01 0.7664544E-01 0.1078945 0.1121087 0.1158224 0.1588535 0.1799267 0.1331904 0.6671749E-01 0.2457879E-01 -9999.000 -9999.000 -9999.000 -9999.000 -9999.000 -9999.000 0.5850530E-01 0.6869893E-01 0.9255076E-01 0.1295006 0.1566024 0.1652826 0.1945830 0.2249082 0.2260853 0.2289405 0.2157713 0.2439501 0.2372561 0.2126963 0.2361734 0.2558348 0.2073381 0.1689439 0.1366363 0.7957934E-01 -9999.000 -9999.000 -9999.000 -9999.000 -9999.000 -9999.000
-9999.000 -9999.000 -9999.000 -9999.000 -9999.000 -9999.000 -9999.000 -9999.000 -9999.000 -9999.000 -9999.000 -9999.000 -9999.000 -9999.000 -9999.000 -9999.000 -9999.000 -9999.000 0.6628216E-01 0.5506694E-01 0.6232006E-01 0.8133035E-01 0.1013324 0.1424295 0.1780743 0.1542419 0.1029336 0.4779887E-01 -9999.000 -9999.000 -9999.000 -9999.000 -9999.000 -9999.000 0.6231564E-01 0.7461284E-01 0.1014467 0.1261022 0.1444022 0.1512863 0.1669128 0.2035964 0.2158340 0.1991903 0.1880914 0.1843469 0.1733833 0.1871772 0.2548745 0.2913558 0.2561450 0.2234306 0.1800358 0.1571061 0.1358389 -9999.000 -9999.000 -9999.000 -9999.000 -9999.000
-9999.000 -9999.000 -9999.000 -9999.000 -9999.000 -9999.000 -9999.000 -9999.000 -9999.000 -9999.000 -9999.000 -9999.000 -9999.000 -9999.000 -9999.000 -9999.000 -9999.000 -9999.000 0.5380018E-01 -9999.000 0.3014351E-01 0.9681724E-01 0.1435620 0.1716931 0.1594472 0.1215866 0.9301088E-01 0.5758282E-01 0.2978445E-01 -9999.000 -9999.000 -9999.000 -9999.000 -9999.000 -9999.000 0.4070280E-01 0.6869054E-01 0.1129016 0.1486668 0.1579309 0.1694318 0.1943912 0.2147089 0.1645450 0.1078209 0.8701575E-01 0.1013331 0.1788586 0.2649459 0.3059339 0.2536182 0.2233661 0.1950722 0.1819076 0.1406143 0.7268673E-01 -9999.000 -9999.000 -9999.000 -9999.000
-9999.000 -9999.000 -9999.000 -9999.000 -9999.000 -9999.000 -9999.000 -9999.000 -9999.000 -9999.000 -9999.000 -9999.000 -9999.000 -9999.000 -9999.000 -9999.000 -9999.000 -9999.000 -9999.000 -9999.000 -9999.000 0.1140122 0.1926500 0.2086864 0.1649853 0.1285499 0.9917313E-01 0.7498853E-01 0.4152759E-01 -9999.000 -9999.000 -9999.000 -9999.000 -9999.000 -9999.000 -9999.000 0.5653849E-01 0.1045057 0.1453036 0.1684614 0.2048881 0.2164618 0.2197998 0.1727650 0.1294917 0.1290750 0.1493283 0.2120012 0.2499038 0.2311596 0.2102679 0.2282137 0.2208539 0.1732020 0.1372112 0.8708202E-01 0.2950214E-01 -9999.000 -9999.000 -9999.000
-9999.000 -9999.000 -9999.000 -9999.000 -9999.000 -9999.000 -9999.000 -9999.000 -9999.000 -9999.000 -9999.000 -9999.000 -9999.000 -9999.000 -9999.000 -9999.000 -9999.000 -9999.000 -9999.000 0.1749369E-01 0.4445201E-01 0.1229145 0.2057497 0.1983659 0.1628167 0.1258709 0.9831832E-01 0.7843841E-01 0.4701436E-01 -9999.000 -9999.000 -9999.000 -9999.000 -9999.000 -9999.000 -9999.000 0.4399433E-01 0.1014774 0.1540855 0.1977298 0.2529899 0.2705704 0.2349154 0.1983290 0.2090777 0.2905249 0.3389304 0.3193844 0.2690072 0.2153578 0.2313665 0.2840052 0.2742213 0.1967457 0.1636054 0.1448687 0.7303908E-01 -9999.000 -9999.000 -9999.000
