simulation_files/asc/Depth____113.0.asc
NCOLS       411
NROWS       131
XLLCENTER    2538020.000000
YLLCENTER    1152390.000000
CELLSIZE           1.000
NODATA_VALUE     -9999.0
[rows 0 to 25 of 131, columns 177 to 235 of 411]
-9999.000 -9999.000 -9999.000 -9999.000 -9999.000 -9999.000 -9999.000 -9999.000 -9999.000 -9999.000 -9999.000 -9999.000 -9999.000 -9999.000 -9999.000 -9999.000 -9999.000 -9999.000 -9999.000 -9999.000 -9999.000 -9999.000 -9999.000 -9999.000 -9999.000 -9999.000 -9999.000 -9999.000 -9999.000 -9999.000 -9999.000 -9999.000 -9999.000 -9999.000 -9999.000 -9999.000 -9999.000 -9999.000 -9999.000 -9999.000 -9999.000 -9999.000 -9999.000 -9999.000 -9999.000 -9999.000 -9999.000 -9999.000 -9999.000 -9999.000 -9999.000 -9999.000 -9999.000 -9999.000 -9999.000 -9999.000 -9999.000 -9999.000 -9999.000
-9999.000 -9999.000 -9999.000 -9999.000 -9999.000 -9999.000 -9999.000 -9999.000 -9999.000 -9999.000 -9999.000 -9999.000 -9999.000 -9999.000 -9999.000 -9999.000 -9999.000 -9999.000 -9999.000 -9999.000 -9999.000 -9999.000 -9999.000 -9999.000 -9999.000 -9999.000 -9999.000 -9999.000 -9999.000 -9999.000 -9999.000 -9999.000 -9999.000 -9999.000 -9999.000 -9999.000 -9999.000 -9999.000 -9999.000 -9999.000 -9999.000 -9999.000 -9999.000 -9999.000 -9999.000 -9999.000 -9999.000 -9999.000 -9999.000 -9999.000 -9999.000 -9999.000 -9999.000 -9999.000 -9999.000 -9999.000 -9999.000 -9999.000 -9999.000
-9999.000 -9999.000 -9999.000 -9999.000 -9999.000 -9999.000 -9999.000 -9999.000 -9999.000 -9999.000 -9999.000 -9999.000 -9999.000 -9999.000 -9999.000 -9999.000 -9999.000 -9999.000 -9999.000 -9999.000 -9999.000 -9999.000 -9999.000 -9999.000 -9999.000 -9999.000 -9999.000 -9999.000 -9999.000 -9999.000 -9999.000 -9999.000 -9999.000 -9999.000 -9999.000 -9999.000 -9999.000 -9999.000 -9999.000 -9999.000 -9999.000 -9999.000 -9999.000 -9999.000 -9999.000 -9999.000 -9999.000 -9999.000 -9999.000 -9999.000 -9999.000 -9999.000 -9999.000 -9999.000 -9999.000 -9999.000 0.2539157 0.2332682 0.2064319
-9999.000 -9999.000 -9999.000 -9999.000 -9999.000 -9999.000 -9999.000 -9999.000 -9999.000 -9999.000 -9999.000 -9999.000 -9999.000 -9999.000 -9999.000 -9999.000 -9999.000 -9999.000 -9999.000 -9999.000 -9999.000 -9999.000 -9999.000 -9999.000 -9999.000 -9999.000 -9999.000 -9999.000 -9999.000 -9999.000 -9999.000 -9999.000 -9999.000 -9999.000 -9999.000 -9999.000 -9999.000 -9999.000 -9999.000 -9999.000 -9999.000 -9999.000 -9999.000 -9999.000 -9999.000 -9999.000 -9999.000 -9999.000 -9999.000 -9999.000 -9999.000 0.6916419 0.6754415 0.6181681 0.5507894 0.4543995 0.3938542 0.3814688 0.3812894
-9999.000 -9999.000 -9999.000 -9999.000 -9999.000 -9999.000 -9999.000 -9999.000 -9999.000 -9999.000 -9999.000 -9999.000 -9999.000 -9999.000 -9999.000 -9999.000 -9999.000 -9999.000 -9999.000 -9999.000 -9999.000 -9999.000 -9999.000 -9999.000 -9999.000 -9999.000 -9999.000 -9999.000 -9999.000 -9999.000 -9999.000 -9999.000 -9999.000 -9999.000 -9999.000 -9999.000 -9999.000 -9999.000 -9999.000 -9999.000 -9999.000 -9999.000 -9999.000 -9999.000 -9999.000 -9999.000 -9999.000 0.1502765 0.3463193 0.5963522 0.7413424 0.7866424 0.8296126 0.8206953 0.8039230 0.7574261 0.7228021 0.7011085 0.6861241
-9999.000 -9999.000 -9999.000 -9999.000 -9999.000 -9999.000 -9999.000 -9999.000 -9999.000 -9999.000 -9999.000 -9999.000 -9999.000 -9999.000 -9999.000 -9999.000 -9999.000 -9999.000 -9999.000 -9999.000 -9999.000 -9999.000 -9999.000 -9999.000 -9999.000 -9999.000 -9999.000 -9999.000 -9999.000 -9999.000 -9999.000 -9999.000 -9999.000 -9999.000 -9999.000 -9999.000 -9999.000 -9999.000 -9999.000 -9999.000 -9999.000 -9999.000 -9999.000 -9999.000 0.8613806E-01 0.1473433 0.2022000 0.2147855 0.4746084 0.7398955 0.9475099 1.107118 1.154958 1.165193 1.168063 1.111916 1.079204 1.059384 1.034759
-9999.000 -9999.000 -9999.000 -9999.000 -9999.000 -9999.000 -9999.000 -9999.000 -9999.000 -9999.000 -9999.000 -9999.000 -9999.000 -9999.000 -9999.000 -9999.000 -9999.000 -9999.000 -9999.000 -9999.000 -9999.000 -9999.000 -9999.000 -9999.000 -9999.000 -9999.000 -9999.000 -9999.000 -9999.000 -9999.000 -9999.000 -9999.000 -9999.000 -9999.000 -9999.000 -9999.000 -9999.000 -9999.000 -9999.000 1.247954 1.041303 0.8495414 0.4834837 0.2590713 0.2806146 0.3817808 0.5141754 0.6475895 0.8545698 1.080862 1.299178 1.443148 1.501126 1.531675 1.532232 1.480437 1.415874 1.410417 1.398132
-9999.000 -9999.000 -9999.000 -9999.000 -9999.000 -9999.000 -9999.000 -9999.000 -9999.000 -9999.000 -9999.000 -9999.000 -9999.000 -9999.000 -9999.000 -9999.000 -9999.000 -9999.000 -9999.000 -9999.000 -9999.000 -9999.000 -9999.000 -9999.000 -9999.000 -9999.000 -9999.000 -9999.000 -9999.000 -9999.000 -9999.000 -9999.000 -9999.000 -9999.000 -9999.000 -9999.000 1.758521 1.651501 1.558404 1.343438 1.124543 0.9058690 0.6712880 0.5824248 0.6866837 0.8254550 1.011004 1.168713 1.331800 1.492948 1.669563 1.799885 1.834706 1.855721 1.838668 1.795578 1.763304 1.752177 1.725556
-9999.000 -9999.000 -9999.000 -9999.000 -9999.000 -9999.000 -9999.000 -9999.000 -9999.000 -9999.000 -9999.000 -9999.000 -9999.000 -9999.000 -9999.000 -9999.000 -9999.000 -9999.000 -9999.000 -9999.000 -9999.000 -9999.000 -9999.000 -9999.000 -9999.000 -9999.000 -9999.000 -9999.000 -9999.000 -9999.000 -9999.000 1.598832 1.627883 1.669110 1.722872 1.768365 1.741986 1.624352 1.424330 1.237660 1.119492 1.022326 0.9875786 1.041705 1.152659 1.243187 1.478887 1.686502 1.775078 1.868370 1.984174 2.082632 2.113741 2.143728 2.097054 2.053996 2.027030 2.020525 1.970378
-9999.000 -9999.000 -9999.000 -9999.000 -9999.000 -9999.000 -9999.000 -9999.000 -9999.000 -9999.000 -9999.000 -9999.000 -9999.000 -9999.000 -9999.000 -9999.000 -9999.000 -9999.000 -9999.000 -9999.000 -9999.000 -9999.000 -9999.000 -9999.000 -9999.000 -9999.000 -9999.000 1.386960 1.477176 1.539505 1.552900 1.569961 1.592741 1.635800 1.674005 1.670377 1.584325 1.411278 1.231282 1.135687 1.119214 1.159179 1.252284 1.368817 1.475146 1.594822 1.816528 2.005285 2.081676 2.133913 2.191724 2.241202 2.272607 2.273972 2.245318 2.209105 2.174603 2.137688 2.074344
0.6707552 0.6830992 0.7076324 0.7309787 0.7562728 0.8271500 0.9018127 0.9561514 0.9840817 1.025029 1.016999 0.7863526 0.5960504 0.5219687 0.4966558 0.4884503 0.4884553 0.4973073 0.5126377 0.5319964 0.5551631 0.5948732 0.6918325 1.004043 1.196501 1.251141 1.307682 1.393173 1.477207 1.515271 1.520285 1.512504 1.520430 1.566038 1.584142 1.517633 1.339274 1.165003 1.104831 1.123157 1.182803 1.293234 1.428616 1.550051 1.631150 1.788672 2.020430 2.133674 2.199798 2.231051 2.275575 2.295838 2.315105 2.310290 2.292131 2.255046 2.213917 2.154763 2.064283
0.6738156 0.6915483 0.7136793 0.7399427 0.7833559 0.8486882 0.9236218 0.9817297 1.014776 1.035074 0.9696815 0.8098646 0.6720420 0.5874285 0.5387549 0.5178545 0.5151371 0.5252242 0.5448570 0.5739724 0.6175776 0.6957796 0.8550506 1.065112 1.195546 1.258990 1.331024 1.409421 1.471126 1.487568 1.467224 1.457637 1.477238 1.480689 1.409149 1.262348 1.127988 1.083893 1.117054 1.191548 1.294574 1.411266 1.520320 1.604657 1.716595 1.892538 2.044334 2.131621 2.184911 2.218353 2.242333 2.268887 2.282536 2.286364 2.285869 2.248187 2.158166 2.014622 1.852227
0.6874294 0.7081935 0.7355964 0.7709112 0.8344112 0.9070546 0.9855952 1.048426 1.073120 1.049642 0.9390614 0.8345164 0.7859050 0.7201234 0.6479114 0.6001823 0.5850390 0.5951281 0.6218714 0.6673747 0.7404928 0.8565153 1.022184 1.162171 1.225713 1.296092 1.370450 1.437369 1.479594 1.470202 1.439778 1.440157 1.442183 1.367625 1.218002 1.088218 1.055431 1.098500 1.177180 1.275509 1.380854 1.480504 1.563464 1.632922 1.766363 1.935114 2.037474 2.107296 2.151055 2.176981 2.196035 2.211572 2.226915 2.237964 2.253494 2.163060 1.920170 1.642385 1.457397
0.7050818 0.7340058 0.7725974 0.8297533 0.9047566 0.9870699 1.062349 1.108881 1.095942 1.007926 0.9163539 0.8833841 0.8807725 0.8631455 0.8151985 0.7543910 0.7121787 0.7040488 0.7308524 0.7931373 0.8908433 1.017717 1.135418 1.207625 1.269778 1.342753 1.412878 1.467509 1.486277 1.463595 1.451143 1.443471 1.359668 1.210195 1.093885 1.062661 1.099550 1.174220 1.264367 1.356385 1.443899 1.522440 1.588624 1.687177 1.824060 1.929496 2.015949 2.077548 2.123184 2.137854 2.145634 2.153349 2.167543 2.151435 2.032056 1.783439 1.493519 1.346063 1.305102
0.7317480 0.7725715 0.8288084 0.9021573 0.9855517 1.066743 1.121033 1.120224 1.061455 0.9817693 0.9407839 0.9417326 0.9597327 0.9785616 0.9780810 0.9519679 0.9139280 0.8877417 0.8968907 0.9499422 1.035575 1.130742 1.202208 1.250015 1.310422 1.378535 1.438830 1.478742 1.480145 1.455883 1.438569 1.374315 1.233458 1.112092 1.078356 1.111658 1.179791 1.263384 1.347999 1.426645 1.497042 1.564081 1.639707 1.743168 1.854933 1.929617 1.995455 2.054913 2.093508 2.102376 2.099312 2.087814 2.008942 1.850570 1.606537 1.394555 1.311104 1.319583 1.342392
0.7699913 0.8256659 0.8982963 0.9835974 1.066747 1.128573 1.133953 1.080535 1.020788 0.9973319 0.9978403 1.013522 1.044252 1.081417 1.113243 1.135327 1.144713 1.145110 1.149735 1.167788 1.199176 1.232834 1.258151 1.296634 1.350968 1.404235 1.446352 1.467815 1.444778 1.417862 1.355535 1.216892 1.108350 1.085061 1.117146 1.179475 1.253811 1.329698 1.401110 1.465988 1.527336 1.594180 1.670748 1.769955 1.849109 1.903439 1.952873 2.001583 2.028191 2.028242 1.972405 1.824100 1.556724 1.334471 1.241335 1.243437 1.271294 1.295306 1.327023
0.8334048 0.8965014 0.9822547 1.063700 1.121011 1.129094 1.088794 1.043458 1.030543 1.046631 1.077016 1.115472 1.158142 1.201691 1.246038 1.294190 1.348075 1.406103 1.453961 1.467462 1.440140 1.398685 1.375737 1.378989 1.402427 1.431793 1.447865 1.433446 1.386375 1.300466 1.171079 1.070667 1.056348 1.098155 1.160956 1.227683 1.292001 1.352371 1.408417 1.463433 1.519503 1.584174 1.668168 1.754320 1.812421 1.843741 1.879410 1.915362 1.908469 1.815280 1.585087 1.299896 1.111066 1.078446 1.126844 1.183755 1.237821 1.272063 1.305803
0.9004397 0.9719101 1.045924 1.103869 1.122842 1.099267 1.060259 1.049231 1.067171 1.107256 1.161631 1.216019 1.262313 1.305334 1.351526 1.405917 1.469415 1.545762 1.627315 1.677534 1.659522 1.591555 1.542527 1.515217 1.493808 1.476088 1.456075 1.396016 1.293441 1.158468 1.041645 1.019944 1.054905 1.112268 1.173960 1.233816 1.290154 1.341094 1.389507 1.427595 1.475149 1.540304 1.619380 1.697654 1.736611 1.763083 1.790411 1.790627 1.611819 1.322772 1.078489 0.9592969 0.9668816 1.014431 1.077997 1.145151 1.213460 1.268625 1.315578
0.9718860 1.033351 1.088445 1.106732 1.097197 1.079143 1.073533 1.092718 1.135051 1.193900 1.258842 1.316518 1.357406 1.395317 1.441233 1.497626 1.563439 1.638450 1.718513 1.778900 1.795914 1.770181 1.718724 1.675894 1.642692 1.581735 1.477334 1.328501 1.171655 1.057876 1.019652 1.037732 1.079244 1.126739 1.174327 1.220772 1.269756 1.312743 1.359484 1.395168 1.442607 1.508620 1.580092 1.634136 1.657758 1.671440 1.662187 1.510493 1.182896 0.9538185 0.8728834 0.8982051 0.9450891 0.9983580 1.061385 1.142071 1.225815 1.303172 1.371292
1.043330 1.091931 1.111847 1.105446 1.091574 1.089982 1.110998 1.158331 1.223739 1.293997 1.356995 1.403812 1.431446 1.463296 1.507358 1.566003 1.634796 1.707445 1.779924 1.834049 1.870132 1.894187 1.870225 1.810849 1.772946 1.702449 1.520619 1.282675 1.111111 1.039053 1.042084 1.073794 1.111873 1.146026 1.179157 1.209918 1.250871 1.291297 1.333311 1.378286 1.433488 1.496839 1.551379 1.586947 1.593087 1.523916 1.331081 1.046494 0.8825625 0.8500861 0.8805709 0.9332558 0.9875648 1.044708 1.116100 1.192931 1.287360 1.380239 1.471330
1.104264 1.125820 1.123136 1.111722 1.109669 1.127890 1.172710 1.238017 1.308835 1.373013 1.420292 1.450952 1.480908 1.518283 1.561954 1.618388 1.689623 1.766846 1.826351 1.866630 1.908300 1.956621 1.996141 1.955403 1.850198 1.733383 1.501891 1.289805 1.175025 1.124642 1.112743 1.123652 1.145450 1.166821 1.187964 1.220186 1.256081 1.292877 1.340714 1.387841 1.448111 1.503324 1.542023 1.545580 1.443627 1.230668 0.9762653 0.8406163 0.8440555 0.8873223 0.9399166 0.9992740 1.055810 1.116051 1.188423 1.268158 1.361550 1.467998 1.569571
1.145206 1.151727 1.144731 1.141132 1.153731 1.187145 1.237749 1.294073 1.346521 1.391552 1.428448 1.466013 1.513021 1.562785 1.611230 1.665020 1.731916 1.806647 1.859373 1.893559 1.937799 1.992754 2.063389 2.079764 1.930270 1.666276 1.423575 1.318415 1.289279 1.268601 1.244884 1.214545 1.195756 1.194433 1.209978 1.236389 1.275169 1.318176 1.361974 1.411587 1.464056 1.505247 1.510418 1.380518 1.132987 0.9247733 0.8382656 0.8456116 0.8865890 0.9345551 0.9915730 1.048909 1.110041 1.175590 1.252033 1.328497 1.416221 1.530951 1.644045
1.183773 1.177894 1.172421 1.179168 1.206276 1.246348 1.285852 1.317404 1.343650 1.369175 1.402169 1.456258 1.525395 1.592776 1.650428 1.706112 1.767614 1.832743 1.884205 1.915308 1.960508 2.018025 2.087263 2.182370 2.077999 1.556338 1.323368 1.327153 1.357584 1.393761 1.390270 1.348121 1.306654 1.254718 1.244942 1.260176 1.291721 1.327652 1.369409 1.416608 1.453398 1.444258 1.323717 1.074454 0.8869541 0.8205836 0.8360215 0.8728106 0.9127216 0.9574975 1.007408 1.063823 1.128242 1.196040 1.268096 1.347404 1.436129 1.538612 1.656327
1.198800 1.192136 1.195971 1.217417 1.251943 1.286076 1.311557 1.327922 1.339278 1.354503 1.386131 1.441897 1.519042 1.602645 1.674955 1.739517 1.800777 1.851912 1.897055 1.938809 1.983839 2.041139 2.113213 2.208692 2.076916 1.602340 1.313474 1.333439 1.376025 1.422237 1.460174 1.462065 1.432541 1.386256 1.332787 1.303866 1.295123 1.312156 1.345375 1.379399 1.369360 1.229963 0.9931132 0.8005559 0.7763992 0.7972504 0.8283491 0.8626139 0.8991057 0.9389855 0.9755827 1.025902 1.086128 1.145644 1.218335 1.297837 1.383071 1.472926 1.595313
1.181793 1.185046 1.204634 1.240672 1.277128 1.302394 1.319095 1.330093 1.339493 1.354881 1.388591 1.443712 1.526738 1.621563 1.699146 1.765901 1.830847 1.872334 1.912134 1.956855 2.001222 2.054318 2.124029 2.210662 2.211460 1.660718 1.340934 1.349709 1.377744 1.414296 1.458229 1.488430 1.506257 1.500039 1.455649 1.393505 1.328048 1.294326 1.292018 1.250154 1.103483 0.8890755 0.7257975 0.6900109 0.7143084 0.7414677 0.7685386 0.8027797 0.8397879 0.8724642 0.9077754 0.9506827 0.9991024 1.047142 1.107315 1.184765 1.259677 1.349583 1.464572
1.162000 1.180129 1.211721 1.247459 1.277530 1.299473 1.314722 1.328029 1.345136 1.372913 1.415606 1.479421 1.564602 1.651744 1.724033 1.789287 1.850177 1.892861 1.929667 1.973284 2.016030 2.062094 2.126640 2.197285 2.153321 1.805174 1.479792 1.383768 1.376187 1.389806 1.417275 1.454397 1.494732 1.527270 1.537076 1.513765 1.451705 1.358992 1.270186 1.086894 0.8384859 0.6675845 0.6161731 0.6253633 0.6478721 0.6742195 0.6975675 0.7279702 0.7616245 0.7895411 0.8268140 0.8657471 0.9061269 0.9391945 0.9907945 1.056548 1.129419 1.213457 1.324241
