simulation_files/asc/Depth____590.0.asc
NCOLS       216
NROWS       273
XLLCENTER        494.688995
YLLCENTER        787.867981
CELLSIZE           0.500
NODATA_VALUE     -9999.0
[rows 162 to 188 of 273, columns 118 to 176 of 216]
2.012807 2.688716 2.886343 2.923448 2.933841 2.942696 2.718084 2.147047 1.574991 0.6186775 0.1598685 0.8681621E-01 0.1180094 0.1600002 0.1412184 0.1305259 0.1572499 0.1713474 0.1938760 0.2015869 0.1963419 0.1541912 0.1081584 0.1154297 0.1450055 0.1512402 0.1157263 0.7712721E-01 -9999.000 -9999.000 -9999.000 -9999.000 -9999.000 -9999.000 -9999.000 -9999.000 -9999.000 -9999.000 -9999.000 -9999.000 -9999.000 -9999.000 -9999.000 -9999.000 -9999.000 -9999.000 -9999.000 -9999.000 -9999.000 -9999.000 -9999.000 -9999.000 -9999.000 -9999.000 -9999.000 -9999.000 -9999.000 -9999.000 -9999.000
1.673794 2.594959 2.879101 2.912636 2.912558 2.503938 1.913111 1.221039 -9999.000 0.1714980 0.1439670 0.1269365 0.1337240 0.1255991 0.1416049 0.1541361 0.1594895 0.1589483 0.1933560 0.2184181 0.2193800 0.1607389 0.1190176 0.1262887 0.1647190 0.1793763 0.1563530 0.1108801 0.5217300E-01 -9999.000 -9999.000 -9999.000 -9999.000 -9999.000 -9999.000 -9999.000 -9999.000 -9999.000 -9999.000 -9999.000 -9999.000 -9999.000 -9999.000 -9999.000 -9999.000 -9999.000 -9999.000 -9999.000 -9999.000 -9999.000 -9999.000 -9999.000 -9999.000 -9999.000 -9999.000 -9999.000 -9999.000 -9999.000 -9999.000
1.274548 2.302839 2.758736 2.900056 2.475236 1.610893 -9999.000 0.2380885 0.1522385 0.1110097 0.1249171 0.1119824 0.1056886 0.9402485E-01 0.1202320 0.1466309 0.1433678 0.1454275 0.1699694 0.2045502 0.2058589 0.1404400 0.1093655 0.1271021 0.1715960 0.1801009 0.1447742 0.1126581 0.5280364E-01 -9999.000 -9999.000 -9999.000 -9999.000 -9999.000 -9999.000 -9999.000 -9999.000 -9999.000 -9999.000 -9999.000 -9999.000 -9999.000 -9999.000 -9999.000 -9999.000 -9999.000 -9999.000 -9999.000 -9999.000 -9999.000 -9999.000 -9999.000 -9999.000 -9999.000 -9999.000 -9999.000 -9999.000 -9999.000 -9999.000
-9999.000 1.496414 2.318299 2.418236 1.493497 0.5586728 0.1425048 0.1425236 0.1138538 0.8151987E-01 0.6985155E-01 0.7165088E-01 0.8596012E-01 0.8441312E-01 0.1105694 0.1413753 0.1502266 0.1699030 0.1956780 0.2198641 0.1715021 0.1151156 0.1006536 0.1179531 0.1617424 0.1625995 0.1466456 0.1094648 0.6282601E-01 0.2466622E-01 -9999.000 -9999.000 -9999.000 -9999.000 -9999.000 -9999.000 -9999.000 -9999.000 -9999.000 -9999.000 -9999.000 -9999.000 -9999.000 -9999.000 -9999.000 -9999.000 -9999.000 -9999.000 -9999.000 -9999.000 -9999.000 -9999.000 -9999.000 -9999.000 -9999.000 -9999.000 -9999.000 -9999.000 -9999.000
-9999.000 0.6766028 1.375988 1.220842 0.5325160 0.1362595 0.1641985 0.1468509 0.1333219 0.9920594E-01 0.6225317E-01 0.5885190E-01 0.7119363E-01 0.6936969E-01 0.1155106 0.1714771 0.2040640 0.2297875 0.2526274 0.2174894 0.1347300 0.1298501 0.1279468 0.1378853 0.1624355 0.1720211 0.1585916 0.1322897 0.1012775 0.5829126E-01 -9999.000 -9999.000 0.1836429E-01 -9999.000 -9999.000 -9999.000 -9999.000 -9999.000 -9999.000 -9999.000 -9999.000 -9999.000 -9999.000 -9999.000 -9999.000 -9999.000 -9999.000 -9999.000 -9999.000 -9999.000 -9999.000 -9999.000 -9999.000 -9999.000 -9999.000 -9999.000 -9999.000 -9999.000 -9999.000
-9999.000 -9999.000 -9999.000 0.3092755 0.1762068 0.1975976 0.1717417 0.1636045 0.1667662 0.1365857 0.1110657 0.9351068E-01 0.8121880E-01 0.7814675E-01 0.1369489 0.2169169 0.2338474 0.2433864 0.2414771 0.1651146 0.9714985E-01 0.1395777 0.1500229 0.1648566 0.1717302 0.1378174 0.1293761 0.1284576 0.1170599 0.8107974E-01 -9999.000 -9999.000 -9999.000 -9999.000 -9999.000 -9999.000 -9999.000 -9999.000 -9999.000 -9999.000 -9999.000 -9999.000 -9999.000 -9999.000 -9999.000 -9999.000 -9999.000 -9999.000 -9999.000 -9999.000 -9999.000 -9999.000 -9999.000 -9999.000 -9999.000 -9999.000 -9999.000 -9999.000 -9999.000
-9999.000 -9999.000 -9999.000 0.8876885E-01 0.1914944 0.1970123 0.1974206 0.2035903 0.2076040 0.1914627 0.1732173 0.1520205 0.1244814 0.1111152 0.1417122 0.1880684 0.1990162 0.1977823 0.1638191 0.1404457 0.1008162 0.1313994 0.1532936 0.1715548 0.1669787 0.1132192 0.9327371E-01 0.1162545 0.1271009 0.1062873 0.5373035E-01 0.2150590E-01 -9999.000 -9999.000 -9999.000 -9999.000 -9999.000 -9999.000 -9999.000 -9999.000 -9999.000 -9999.000 -9999.000 -9999.000 -9999.000 -9999.000 -9999.000 -9999.000 -9999.000 -9999.000 -9999.000 -9999.000 -9999.000 -9999.000 -9999.000 -9999.000 -9999.000 -9999.000 -9999.000
-9999.000 -9999.000 -9999.000 0.7881546E-01 0.1150036 0.1524051 0.2051954 0.2310156 0.2125158 0.1885355 0.1776151 0.1768946 0.1555574 0.1199644 0.1089948 0.9100269E-01 0.1263113 0.1168461 0.1331846 0.1751190 0.1426504 0.1603542 0.1906826 0.2183247 0.2107551 0.1498106 0.1105725 0.1186150 0.1337397 0.1293022 0.8321317E-01 0.4381365E-01 0.3579703E-01 0.2527677E-01 -9999.000 -9999.000 -9999.000 -9999.000 -9999.000 -9999.000 -9999.000 -9999.000 -9999.000 -9999.000 -9999.000 -9999.000 -9999.000 -9999.000 -9999.000 -9999.000 -9999.000 -9999.000 -9999.000 -9999.000 -9999.000 -9999.000 -9999.000 -9999.000 -9999.000
-9999.000 -9999.000 -9999.000 0.2996024E-01 0.7665651E-01 0.1359783 0.2015229 0.2163261 0.2075730 0.1906551 0.1690104 0.1425018 0.1035174 0.8696682E-01 0.9476710E-01 0.1193335 0.1349831 0.1188642 0.1357602 0.1567261 0.1403100 0.1746251 0.2416755 0.2826518 0.2664132 0.1886243 0.1267622 0.1287863 0.1438784 0.1558782 0.1135547 0.7445849E-01 0.6279162E-01 0.5191827E-01 -9999.000 -9999.000 -9999.000 -9999.000 -9999.000 -9999.000 -9999.000 -9999.000 -9999.000 -9999.000 -9999.000 -9999.000 -9999.000 -9999.000 -9999.000 -9999.000 -9999.000 -9999.000 -9999.000 -9999.000 -9999.000 -9999.000 -9999.000 -9999.000 -9999.000
-9999.000 -9999.000 -9999.000 -9999.000 -9999.000 0.9674672E-01 0.1441135 0.1782236 0.2063976 0.2268868 0.1673859 0.8699173E-01 0.4923954E-01 0.4676481E-01 0.8891334E-01 0.1562036 0.1931175 0.2088222 0.1556956 0.9323892E-01 0.7997405E-01 0.1509805 0.2602369 0.2986546 0.2535913 0.1787909 0.1417344 0.1619887 0.1868909 0.1928898 0.1427627 0.1111634 0.1137972 0.9386682E-01 0.7137911E-01 0.6464776E-01 -9999.000 0.3073817E-01 -9999.000 -9999.000 -9999.000 -9999.000 -9999.000 -9999.000 -9999.000 -9999.000 -9999.000 -9999.000 -9999.000 -9999.000 -9999.000 -9999.000 -9999.000 -9999.000 -9999.000 -9999.000 -9999.000 -9999.000 -9999.000
-9999.000 -9999.000 -9999.000 -9999.000 -9999.000 0.5012278E-01 0.7487077E-01 0.1276650 0.1873007 0.2104398 0.1753697 0.1086620 0.7449504E-01 0.7613430E-01 0.1107578 0.1716889 0.2055236 0.2371560 0.1974098 0.1180287 0.1014591 0.1656102 0.2497724 0.2637934 0.2255103 0.1627537 0.1399723 0.1490558 0.1826799 0.2049244 0.1676200 0.1565142 0.1684463 0.1616717 0.1108086 0.9247504E-01 0.8822364E-01 0.6104652E-01 -9999.000 -9999.000 -9999.000 -9999.000 -9999.000 -9999.000 -9999.000 -9999.000 -9999.000 -9999.000 -9999.000 -9999.000 -9999.000 -9999.000 -9999.000 -9999.000 -9999.000 -9999.000 -9999.000 -9999.000 -9999.000
-9999.000 -9999.000 -9999.000 -9999.000 -9999.000 0.4095272E-01 0.7817225E-01 0.1186780 0.1658643 0.1878000 0.1949098 0.1659337 0.1217291 0.1178437 0.1438826 0.1742945 0.1989239 0.2465319 0.2527068 0.2132037 0.2044593 0.2078648 0.2161303 0.2268205 0.1657631 0.1340289 0.1161101 0.1085144 0.1313942 0.1730182 0.1584455 0.1623962 0.1807030 0.1739749 0.1465047 0.1204007 0.1192399 0.1091952 0.5214886E-01 -9999.000 -9999.000 -9999.000 -9999.000 -9999.000 -9999.000 -9999.000 -9999.000 -9999.000 -9999.000 -9999.000 -9999.000 -9999.000 -9999.000 -9999.000 -9999.000 -9999.000 -9999.000 -9999.000 -9999.000
-9999.000 -9999.000 -9999.000 -9999.000 -9999.000 -9999.000 0.1048019 0.1093290 0.1438881 0.1888344 0.2174420 0.1986393 0.1493923 0.1163649 0.1228679 0.1425321 0.1779125 0.2420737 0.2648376 0.2646324 0.2794259 0.2165697 0.1751427 0.1583065 0.1369041 0.1175112 0.1021420 0.1063950 0.1300493 0.1597068 0.1439605 0.1349036 0.1434306 0.1568825 0.1432421 0.1168400 0.1244879 0.1209217 0.7273727E-01 0.3571202E-01 -9999.000 -9999.000 -9999.000 -9999.000 -9999.000 -9999.000 -9999.000 -9999.000 -9999.000 -9999.000 -9999.000 -9999.000 -9999.000 -9999.000 -9999.000 -9999.000 -9999.000 -9999.000 -9999.000
-9999.000 -9999.000 -9999.000 -9999.000 -9999.000 -9999.000 -9999.000 0.5827282E-01 0.1016480 0.1810703 0.2300683 0.2095544 0.1512730 0.8940730E-01 0.7033160E-01 0.7689363E-01 0.1286822 0.2257775 0.2362482 0.2169460 0.1890295 0.1467404 0.1360669 0.1755923 0.2049936 0.1439578 0.1200099 0.1348499 0.1545065 0.1776168 0.1710338 0.1444069 0.1365924 0.1524108 0.1316128 0.8177236E-01 0.7876012E-01 0.1091416 0.1013514 0.7802140E-01 0.3137856E-01 -9999.000 -9999.000 -9999.000 -9999.000 -9999.000 -9999.000 -9999.000 -9999.000 -9999.000 -9999.000 -9999.000 -9999.000 -9999.000 -9999.000 -9999.000 -9999.000 -9999.000 -9999.000
-9999.000 -9999.000 -9999.000 -9999.000 -9999.000 -9999.000 -9999.000 -9999.000 0.5923925E-01 0.1375123 0.1949144 0.1911863 0.1257943 0.5823495E-01 0.3521794E-01 0.3609915E-01 0.7511265E-01 0.1558452 0.1556554 0.1255061 0.9944894E-01 0.1062952 0.1356832 0.2154945 0.2502071 0.1970336 0.1843409 0.1975909 0.2055978 0.2167444 0.2319569 0.2321427 0.1863414 0.1474505 0.9446225E-01 0.4118925E-01 0.7348315E-01 0.1219586 0.1348599 0.9676983E-01 -9999.000 -9999.000 -9999.000 -9999.000 -9999.000 -9999.000 -9999.000 -9999.000 -9999.000 -9999.000 -9999.000 -9999.000 -9999.000 -9999.000 -9999.000 -9999.000 -9999.000 -9999.000 -9999.000
-9999.000 -9999.000 -9999.000 -9999.000 -9999.000 -9999.000 -9999.000 -9999.000 0.2626006E-01 0.8090014E-01 0.1465876 0.1627518 0.1268890 0.5920831E-01 0.2941388E-01 -9999.000 0.3256757E-01 0.7844222E-01 0.9478943E-01 0.9592521E-01 0.1202946 0.1231545 0.1317962 0.2079629 0.2527211 0.2363835 0.2288471 0.2313552 0.2090825 0.2033443 0.2556765 0.2665666 0.2305533 0.1556184 0.7166528E-01 0.6464581E-01 0.1105781 0.1280724 0.1173007 0.9173379E-01 0.4827267E-01 -9999.000 -9999.000 -9999.000 -9999.000 -9999.000 -9999.000 -9999.000 -9999.000 -9999.000 -9999.000 -9999.000 -9999.000 -9999.000 -9999.000 -9999.000 -9999.000 -9999.000 -9999.000
-9999.000 -9999.000 -9999.000 -9999.000 -9999.000 -9999.000 -9999.000 -9999.000 0.1576800E-01 0.6581751E-01 0.1382189 0.1613085 0.1485722 0.9882279E-01 0.5149763E-01 0.2733957E-01 0.1876310E-01 0.4224157E-01 0.6025530E-01 0.8043117E-01 0.1178985 0.1535943 0.1559379 0.1990711 0.2520606 0.2424181 0.2185842 0.1867851 0.1157822 0.1214802 0.2008250 0.2190928 0.2135312 0.1626752 0.1214505 0.1337715 0.1436213 0.1332624 0.1171586 0.1258662 0.1015799 -9999.000 -9999.000 -9999.000 -9999.000 -9999.000 -9999.000 -9999.000 -9999.000 -9999.000 -9999.000 -9999.000 -9999.000 -9999.000 -9999.000 -9999.000 -9999.000 -9999.000 -9999.000
-9999.000 -9999.000 -9999.000 -9999.000 -9999.000 -9999.000 -9999.000 -9999.000 -9999.000 -9999.000 0.1002224 0.1353299 0.1514946 0.1286868 0.8520025E-01 0.3926500E-01 -9999.000 0.2260422E-01 0.3879355E-01 0.6167379E-01 0.1092065 0.1709830 0.1815102 0.1980178 0.2473808 0.2194496 0.1701446 0.1097526 0.1085899 0.1321865 0.1494417 0.1541488 0.1622667 0.1464813 0.1437068 0.1758413 0.1712223 0.1480120 0.1578324 0.1746189 0.1355704 -9999.000 -9999.000 -9999.000 -9999.000 -9999.000 -9999.000 -9999.000 -9999.000 -9999.000 -9999.000 -9999.000 -9999.000 -9999.000 -9999.000 -9999.000 -9999.000 -9999.000 -9999.000
-9999.000 -9999.000 -9999.000 -9999.000 -9999.000 -9999.000 -9999.000 -9999.000 -9999.000 -9999.000 0.6754316E-01 0.1097818 0.1486736 0.1612782 0.1188720 0.5939361E-01 0.2162453E-01 0.1878381E-01 0.3179350E-01 0.5136321E-01 0.8896358E-01 0.1406594 0.1551622 0.1870708 0.2129764 0.1755034 0.1129663 0.8287369E-01 0.1401640 0.1853334 0.1725223 0.1438307 0.1448573 0.1306510 0.1388907 0.1873770 0.1782351 0.1505010 0.1682879 0.2022484 0.1627522 0.9649873E-01 -9999.000 -9999.000 -9999.000 -9999.000 -9999.000 -9999.000 -9999.000 -9999.000 -9999.000 -9999.000 -9999.000 -9999.000 -9999.000 -9999.000 -9999.000 -9999.000 -9999.000
-9999.000 -9999.000 -9999.000 -9999.000 -9999.000 -9999.000 -9999.000 -9999.000 -9999.000 -9999.000 -9999.000 0.5582828E-01 0.1203246 0.1646357 0.1485742 0.9500189E-01 -9999.000 -9999.000 -9999.000 -9999.000 0.5572064E-01 0.9674277E-01 0.1094809 0.1417599 0.1781968 0.1552046 0.1445017 0.1448174 0.1879707 0.2171499 0.2215927 0.1867851 0.1942325 0.1922854 0.1959059 0.2194227 0.1958737 0.1803095 0.1917327 0.2141377 0.1916868 0.1196160 0.7259864E-01 -9999.000 -9999.000 -9999.000 -9999.000 -9999.000 -9999.000 -9999.000 -9999.000 -9999.000 -9999.000 -9999.000 -9999.000 -9999.000 -9999.000 -9999.000 -9999.000
-9999.000 -9999.000 -9999.000 -9999.000 -9999.000 -9999.000 -9999.000 -9999.000 -9999.000 -9999.000 -9999.000 -9999.000 0.7249354E-01 0.1352741 0.1466636 0.1118539 0.4863255E-01 -9999.000 -9999.000 -9999.000 0.3749553E-01 0.5044491E-01 0.4466482E-01 0.7770062E-01 0.1734088 0.1936974 0.1940894 0.2273335 0.2291629 0.2081180 0.2298201 0.2645352 0.2883611 0.3105226 0.2856947 0.2484104 0.2268898 0.2320207 0.2357288 0.2424163 0.2158477 0.1620423 0.1086148 -9999.000 -9999.000 -9999.000 -9999.000 -9999.000 -9999.000 -9999.000 -9999.000 -9999.000 -9999.000 -9999.000 -9999.000 -9999.000 -9999.000 -9999.000 -9999.000
-9999.000 -9999.000 -9999.000 -9999.000 -9999.000 -9999.000 -9999.000 -9999.000 -9999.000 -9999.000 -9999.000 -9999.000 0.6128685E-01 0.1336684 0.1600480 0.1345514 0.8535167E-01 -9999.000 0.1575848E-01 0.1806930E-01 0.3405707E-01 0.3844082E-01 0.2490690E-01 0.6161673E-01 0.1414343 0.1694226 0.1882320 0.2468704 0.2650679 0.2225889 0.2318528 0.2957248 0.3185829 0.3280348 0.3160062 0.2701999 0.2506241 0.2451587 0.2531359 0.2582074 0.2437918 0.2214621 0.1516277 0.6025114E-01 -9999.000 -9999.000 -9999.000 -9999.000 -9999.000 -9999.000 -9999.000 -9999.000 -9999.000 -9999.000 -9999.000 -9999.000 -9999.000 -9999.000 -9999.000
-9999.000 -9999.000 -9999.000 -9999.000 -9999.000 -9999.000 -9999.000 -9999.000 -9999.000 -9999.000 -9999.000 -9999.000 0.6554647E-01 0.1422550 0.1704337 0.1628305 0.1261229 0.6818505E-01 0.3142153E-01 0.2699708E-01 0.3459136E-01 0.3033235E-01 0.2455770E-01 0.5433075E-01 0.9132591E-01 0.9912520E-01 0.1266362 0.2018033 0.2527811 0.2430092 0.2606288 0.3037151 0.2901998 0.2771246 0.2792590 0.2699599 0.2332445 0.2313948 0.2334086 0.2479228 0.2539643 0.2381881 0.1863882 0.9789296E-01 -9999.000 -9999.000 -9999.000 -9999.000 -9999.000 -9999.000 -9999.000 -9999.000 -9999.000 -9999.000 -9999.000 -9999.000 -9999.000 -9999.000 -9999.000
-9999.000 -9999.000 -9999.000 -9999.000 -9999.000 -9999.000 -9999.000 -9999.000 -9999.000 -9999.000 -9999.000 -9999.000 0.5895575E-01 0.1233616 0.1712855 0.1765848 0.1580056 0.1060888 0.4615023E-01 0.3462452E-01 0.3530971E-01 0.3998329E-01 0.5045470E-01 0.6640349E-01 0.6780659E-01 0.5473930E-01 0.8234854E-01 0.1388353 0.1919353 0.2170820 0.2844866 0.2750037 0.2124435 0.2132318 0.2303220 0.1762509 0.1458327 0.1259328 0.1476642 0.1754288 0.2034342 0.2103863 0.1821515 0.1161174 0.8103182E-01 -9999.000 -9999.000 -9999.000 -9999.000 -9999.000 -9999.000 -9999.000 -9999.000 -9999.000 -9999.000 -9999.000 -9999.000 -9999.000 -9999.000
-9999.000 -9999.000 -9999.000 -9999.000 -9999.000 -9999.000 -9999.000 -9999.000 -9999.000 -9999.000 -9999.000 -9999.000 -9999.000 0.9326635E-01 0.1584670 0.1766259 0.1673204 0.1214788 0.6931784E-01 0.3131507E-01 0.2496402E-01 0.3525787E-01 0.5515294E-01 0.6325855E-01 0.4908594E-01 0.6441049E-01 0.1091447 0.1473881 0.1801798 0.2131578 0.2350178 0.1933422 0.1549466 0.2356997 0.2625406 0.2074400 0.1394185 0.1190767 0.1328599 0.1411591 0.1592458 0.1781174 0.1725101 0.1416637 0.1038410 0.5451335E-01 -9999.000 -9999.000 -9999.000 -9999.000 -9999.000 -9999.000 -9999.000 -9999.000 -9999.000 -9999.000 -9999.000 -9999.000 -9999.000
-9999.000 -9999.000 -9999.000 -9999.000 -9999.000 -9999.000 -9999.000 -9999.000 -9999.000 -9999.000 -9999.000 -9999.000 -9999.000 0.9162784E-01 0.1391507 0.1476188 0.1598333 0.1317965 0.6628505E-01 0.2841844E-01 0.1494903E-01 0.1689577E-01 0.2836365E-01 0.3664336E-01 0.4912634E-01 0.8006760E-01 0.1497184 0.1765457 0.1783810 0.1648270 0.1630494 0.1492073 0.1515549 0.2397294 0.3049411 0.2926297 0.2390148 0.1679913 0.1612460 0.1826690 0.1887606 0.1835502 0.1772937 0.1469181 0.9811123E-01 0.4919646E-01 -9999.000 -9999.000 -9999.000 -9999.000 -9999.000 -9999.000 -9999.000 -9999.000 -9999.000 -9999.000 -9999.000 -9999.000 -9999.000
-9999.000 -9999.000 -9999.000 -9999.000 -9999.000 -9999.000 -9999.000 -9999.000 -9999.000 -9999.000 -9999.000 -9999.000 -9999.000 0.9245226E-01 0.1225509 0.1247775 0.1492517 0.1359732 0.8537488E-01 0.5414717E-01 0.2615008E-01 -9999.000 0.1291718E-01 0.2001969E-01 0.3620241E-01 0.5800280E-01 0.1055332 0.1239156 0.1450364 0.1411332 0.1663948 0.1943691 0.1780027 0.2167761 0.2671650 0.2816040 0.2468156 0.1983838 0.1843252 0.1990589 0.1836512 0.1685543 0.1704689 0.1575818 0.1333959 0.9631802E-01 0.6043273E-01 0.3523826E-01 -9999.000 -9999.000 -9999.000 -9999.000 -9999.000 -9999.000 -9999.000 -9999.000 -9999.000 -9999.000 -9999.000
