simulation_files/asc/Depth____160.0.asc
NCOLS       411
NROWS       131
XLLCENTER    2538020.000000
YLLCENTER    1152390.000000
CELLSIZE           1.000
NODATA_VALUE     -9999.0
[rows 81 to 107 of 131, columns 0 to 58 of 411]
-9999.000 -9999.000 -9999.000 -9999.000 -9999.000 0.4080214 0.4215729 0.4415170 0.4621445 0.4804642 0.4974692 0.5115230 0.5229153 0.5324530 0.5396451 0.5449388 0.5478837 0.5523664 0.5594614 0.5696316 0.5784846 0.5906022 0.6031873 0.6188150 0.6287384 0.6311646 0.6329349 0.6267304 0.6150407 0.6104935 0.6116338 0.6167373 0.6246957 0.6355611 0.6450620 0.6548137 0.6624527 0.6817927 0.7160186 0.7545347 0.7744612 0.7818367 0.7768128 0.7636928 0.7500974 0.7315243 0.7426000 0.7516141 0.7804644 0.7936039 0.7985083 0.8034348 0.8038585 0.8042260 0.8153663 0.8391337 0.8711506 0.9070521 0.9414698
-9999.000 -9999.000 -9999.000 -9999.000 -9999.000 0.4143349 0.4291328 0.4467312 0.4679662 0.4817720 0.4949077 0.5063748 0.5135535 0.5207361 0.5268313 0.5318953 0.5368337 0.5429964 0.5541051 0.5674383 0.5814455 0.5972878 0.6100202 0.6165005 0.6199146 0.6187632 0.6150168 0.6059654 0.5976684 0.5993742 0.6060197 0.6144686 0.6236122 0.6382156 0.6518041 0.6579680 0.6715181 0.6945598 0.7329699 0.7606606 0.7736639 0.7795558 0.7790027 0.7841314 0.7989264 0.8036999 0.8187370 0.8137814 0.8209766 0.8208015 0.8135907 0.8137090 0.8083774 0.8081076 0.8226299 0.8508952 0.8864413 0.9190640 0.9490319
-9999.000 -9999.000 -9999.000 -9999.000 -9999.000 0.4128628 0.4261924 0.4402720 0.4526772 0.4628516 0.4749284 0.4828913 0.4890578 0.4959519 0.5027667 0.5082644 0.5147258 0.5244823 0.5381110 0.5541194 0.5722699 0.5861369 0.6020651 0.6055557 0.6073237 0.6040351 0.5919362 0.5860248 0.5818272 0.5901372 0.6002454 0.6092674 0.6198015 0.6295820 0.6467186 0.6592938 0.6752371 0.7024503 0.7358446 0.7511775 0.7610255 0.7708539 0.7841244 0.7970469 0.8207102 0.8544397 0.8851585 0.9099734 0.8851701 0.8662622 0.8489867 0.8388988 0.8217369 0.8167280 0.8357850 0.8658157 0.8999747 0.9327745 0.9640995
-9999.000 -9999.000 -9999.000 -9999.000 -9999.000 0.4175019 0.4273269 0.4361241 0.4426943 0.4486840 0.4534672 0.4598352 0.4642251 0.4702593 0.4770844 0.4833301 0.4954710 0.5079444 0.5223047 0.5363572 0.5501638 0.5641227 0.5761407 0.5895692 0.5930905 0.5859108 0.5761945 0.5691329 0.5717904 0.5809243 0.5925470 0.6015147 0.6095230 0.6202518 0.6349004 0.6528761 0.6753247 0.6974751 0.7195861 0.7390944 0.7549511 0.7668040 0.7814072 0.8059503 0.8295657 0.8738211 0.9310233 0.9791307 0.9624215 0.9231136 0.8913490 0.8753784 0.8564677 0.8484813 0.8678311 0.8995714 0.9259352 0.9531790 0.9817205
-9999.000 -9999.000 -9999.000 -9999.000 0.4240015 0.4284317 0.4359344 0.4415904 0.4460053 0.4501253 0.4524388 0.4554834 0.4573668 0.4608737 0.4667266 0.4770317 0.4951905 0.5108838 0.5209616 0.5292311 0.5352592 0.5443193 0.5584298 0.5709204 0.5697032 0.5608997 0.5535069 0.5528290 0.5593443 0.5691808 0.5771501 0.5835869 0.5924776 0.6047837 0.6184374 0.6331813 0.6529540 0.6712312 0.6964179 0.7203049 0.7431745 0.7594730 0.7708306 0.7944008 0.8357845 0.8997311 0.9609901 1.038694 1.034389 0.9825672 0.9333863 0.9075065 0.8884454 0.8889681 0.9117898 0.9461421 0.9759743 0.9937061 1.007934
-9999.000 -9999.000 -9999.000 -9999.000 0.4370699 0.4403503 0.4472968 0.4533206 0.4583392 0.4631835 0.4652034 0.4649115 0.4657569 0.4726026 0.4814927 0.4951094 0.5163660 0.5303442 0.5352737 0.5382544 0.5406037 0.5436785 0.5539513 0.5616614 0.5554676 0.5401852 0.5349154 0.5372171 0.5444795 0.5513730 0.5556323 0.5612344 0.5699135 0.5802692 0.5908261 0.5995510 0.6156098 0.6352100 0.6544481 0.6802493 0.7007466 0.7207171 0.7442876 0.7814557 0.8579638 0.9153702 0.9882367 1.054418 1.076722 1.060921 1.001496 0.9509710 0.9128241 0.9200887 0.9457122 0.9848108 1.022481 1.047162 1.050833
-9999.000 -9999.000 -9999.000 -9999.000 0.4538613 0.4566386 0.4618782 0.4660138 0.4720266 0.4759119 0.4775612 0.4762357 0.4786298 0.4897495 0.5055522 0.5237735 0.5413090 0.5517983 0.5539443 0.5567593 0.5588895 0.5635486 0.5668877 0.5593621 0.5444633 0.5319056 0.5266921 0.5273032 0.5315301 0.5342453 0.5333843 0.5356529 0.5393959 0.5460399 0.5532880 0.5641388 0.5870365 0.6072708 0.6184038 0.6213247 0.6293788 0.6544133 0.7157440 0.8153412 0.9205556 0.9735410 1.017023 1.060705 1.085740 1.099467 1.080029 1.009393 0.9528232 0.9414142 0.9657306 1.000892 1.035840 1.075456 1.083752
-9999.000 -9999.000 -9999.000 -9999.000 0.4748531 0.4765114 0.4785259 0.4795489 0.4806238 0.4809987 0.4812025 0.4825488 0.4895904 0.5042971 0.5210460 0.5347058 0.5463260 0.5533602 0.5580968 0.5624409 0.5644066 0.5710202 0.5677213 0.5504060 0.5338565 0.5242638 0.5201953 0.5176802 0.5176400 0.5132774 0.5075516 0.5075644 0.5125566 0.5166491 0.5269570 0.5455331 0.5719126 0.5931823 0.5955916 0.5895762 0.5855974 0.6329084 0.7385366 0.8654156 0.9714769 1.006243 1.030443 1.056973 1.078933 1.098137 1.113164 1.080198 1.016543 0.9828088 0.9960723 1.022989 1.050788 1.075278 1.087941
-9999.000 -9999.000 -9999.000 0.5054351 0.4974572 0.4957522 0.4939134 0.4910253 0.4882720 0.4863732 0.4862668 0.4896919 0.5009414 0.5139125 0.5260689 0.5307015 0.5354530 0.5377359 0.5396367 0.5432153 0.5419319 0.5456348 0.5366063 0.5189872 0.5066750 0.4996448 0.4947700 0.4950721 0.4940018 0.4900458 0.4877047 0.4903313 0.5010024 0.5120732 0.5273710 0.5533037 0.5737491 0.5877014 0.5909085 0.5940065 0.6118784 0.6738864 0.8041676 0.9141013 0.9857637 1.009559 1.028242 1.055307 1.076526 1.098085 1.112799 1.115935 1.083421 1.047917 1.042172 1.057300 1.068274 1.073864 1.073614
-9999.000 -9999.000 -9999.000 0.5161694 0.5119872 0.5098353 0.5031836 0.4990697 0.4950923 0.4925763 0.4922414 0.4987281 0.5084324 0.5146834 0.5194358 0.5171344 0.5154474 0.5108187 0.5059061 0.5006649 0.4928393 0.4840378 0.4736716 0.4612008 0.4588127 0.4577856 0.4609336 0.4668668 0.4684029 0.4762323 0.4841205 0.4952259 0.5095719 0.5235138 0.5427319 0.5658824 0.5786044 0.5865212 0.5949175 0.6088535 0.6476807 0.7213167 0.8271004 0.9132726 0.9777449 1.003878 1.030889 1.055123 1.077947 1.099655 1.115683 1.122200 1.109369 1.089670 1.087545 1.085333 1.074661 1.049132 1.025615
-9999.000 -9999.000 -9999.000 0.4970072 0.4992621 0.4984804 0.4917529 0.4902846 0.4869830 0.4865134 0.4841345 0.4900517 0.4954491 0.4927841 0.4905554 0.4861113 0.4827080 0.4735545 0.4654565 0.4522593 0.4387082 0.4263129 0.4224469 0.4203164 0.4292963 0.4353829 0.4444134 0.4556619 0.4655576 0.4796720 0.4944017 0.5112830 0.5264156 0.5431915 0.5590880 0.5740018 0.5825488 0.5894249 0.6025536 0.6231840 0.6816096 0.7512116 0.8230579 0.8878703 0.9505581 0.9976946 1.028507 1.061283 1.084411 1.103328 1.118718 1.125909 1.119915 1.105568 1.098150 1.090045 1.069366 0.9502627 0.7970212
-9999.000 -9999.000 -9999.000 0.4454254 0.4460748 0.4451294 0.4417297 0.4441863 0.4448958 0.4462533 0.4476430 0.4498509 0.4502420 0.4456663 0.4421669 0.4415509 0.4387040 0.4337241 0.4263968 0.4187978 0.4089785 0.4030486 0.4082924 0.4165486 0.4287970 0.4391122 0.4498350 0.4637358 0.4786087 0.4960815 0.5119126 0.5282718 0.5435134 0.5569948 0.5688946 0.5797470 0.5895487 0.5993146 0.6170455 0.6499233 0.7059035 0.7658596 0.8198119 0.8765369 0.9325613 0.9831244 1.023851 1.057891 1.087157 1.108504 1.125014 1.129481 1.118991 1.098735 1.078481 1.039693 0.9714739 0.7428501 0.4675153
-9999.000 -9999.000 0.3974735 0.3929247 0.3887673 0.3888077 0.3866101 0.3881785 0.3897624 0.3885102 0.3989133 0.4016952 0.4036714 0.4033654 0.4054391 0.4102835 0.4078125 0.4055483 0.4016930 0.4002554 0.3993634 0.4035559 0.4149163 0.4268393 0.4439176 0.4581230 0.4734566 0.4889745 0.5028143 0.5163973 0.5275344 0.5446226 0.5584613 0.5694478 0.5797428 0.5904374 0.6022789 0.6132737 0.6440240 0.6891462 0.7479971 0.8014452 0.8352081 0.8760906 0.9107824 0.9719470 1.019279 1.057587 1.089531 1.113061 1.129709 1.128883 1.097804 1.057117 0.9652284 0.7742800 0.6302268 -9999.000 -9999.000
-9999.000 -9999.000 0.4021459 0.3889225 0.3701733 0.3636976 0.3567759 0.3599114 0.3613235 0.3660838 0.3732354 0.3765487 0.3802622 0.3860946 0.3926273 0.3979807 0.3990710 0.4008828 0.4017952 0.4041938 0.4066598 0.4137569 0.4276598 0.4435140 0.4607555 0.4785224 0.4970812 0.5166978 0.5263615 0.5347345 0.5454751 0.5578374 0.5702109 0.5816645 0.5943542 0.6060012 0.6223447 0.6426329 0.6738304 0.7214292 0.7799797 0.8378251 0.8695967 0.8963047 0.9230169 0.9548310 1.006205 1.053652 1.095740 1.120495 1.126919 1.109817 0.9839038 0.7986818 0.6086573 0.4101124 -9999.000 -9999.000 -9999.000
-9999.000 -9999.000 0.5532001 0.5034371 0.4644356 0.4399990 0.3875232 0.3903905 0.3664191 0.3656101 0.3721763 0.3751364 0.3789791 0.3855052 0.3932403 0.4002284 0.4051146 0.4115995 0.4170236 0.4181548 0.4189609 0.4253273 0.4416085 0.4609874 0.4811864 0.4996895 0.5146632 0.5274231 0.5352465 0.5447449 0.5575106 0.5718298 0.5843882 0.5965158 0.6107032 0.6253158 0.6472155 0.6762898 0.7201187 0.7714020 0.8160225 0.8501021 0.8770599 0.9167127 0.9482947 0.9755261 1.012227 1.055186 1.095430 1.107606 1.038938 0.9051130 0.6929285 0.4248582 -9999.000 -9999.000 -9999.000 -9999.000 -9999.000
-9999.000 -9999.000 0.7344078 0.7222621 0.6716198 0.6408575 0.6068285 0.5557291 0.5032571 0.4524500 0.3990614 0.3973350 0.3893760 0.3979387 0.4051811 0.4113310 0.4168206 0.4213286 0.4260116 0.4267327 0.4298425 0.4409795 0.4572656 0.4759608 0.4938379 0.5122366 0.5228784 0.5309066 0.5395079 0.5507510 0.5645968 0.5785857 0.5949334 0.6103506 0.6283406 0.6490539 0.6737485 0.7071395 0.7490029 0.8097187 0.8458480 0.8671510 0.8681180 0.9016460 0.9445257 0.9833549 1.025316 1.038710 1.040897 0.9513358 0.8403788 -9999.000 -9999.000 -9999.000 -9999.000 -9999.000 -9999.000 -9999.000 -9999.000
-9999.000 0.8355232 0.8250082 0.8112895 0.8131328 0.8129237 0.8195524 0.8119687 0.7692751 0.6948345 0.6244632 0.5238956 0.4588224 0.4121736 0.4172775 0.4218946 0.4253424 0.4274459 0.4287350 0.4337239 0.4415411 0.4582974 0.4750171 0.4908892 0.5047736 0.5157737 0.5250335 0.5327381 0.5455378 0.5587868 0.5725241 0.5844021 0.5979051 0.6168258 0.6370344 0.6654037 0.6995502 0.7409582 0.7907115 0.8295940 0.8499623 0.8589172 0.8840218 0.9010264 0.9240111 0.9276871 0.9774521 0.8358442 0.6715862 0.4437875 -9999.000 -9999.000 -9999.000 -9999.000 -9999.000 -9999.000 -9999.000 -9999.000 -9999.000
-9999.000 0.9011656 0.8808487 0.8598203 0.8642092 0.8827635 0.8986730 0.9077272 0.9157784 0.8861035 0.8830129 0.8249291 0.6822065 0.5612486 0.4439351 0.4366826 0.4301337 0.4325583 0.4368651 0.4451116 0.4567844 0.4700393 0.4837636 0.4987650 0.5111688 0.5204158 0.5289791 0.5383828 0.5513599 0.5646682 0.5794457 0.5913255 0.6039622 0.6203188 0.6395140 0.6638929 0.6991592 0.7494887 0.8071307 0.8548458 0.8567878 0.8412509 0.8292950 0.9145753 0.8466684 0.6315365 0.5566102 -9999.000 -9999.000 -9999.000 -9999.000 -9999.000 -9999.000 -9999.000 -9999.000 -9999.000 -9999.000 -9999.000 -9999.000
-9999.000 0.9126818 0.9163893 0.9118473 0.9087926 0.9258447 0.9424589 0.9581345 0.9652536 0.9610213 0.9816256 1.010411 0.9646529 0.8553877 0.7218867 0.5473559 0.4860969 0.4383553 0.4438802 0.4554064 0.4681242 0.4817662 0.4941439 0.5054537 0.5167293 0.5265365 0.5381396 0.5489409 0.5624435 0.5758398 0.5879269 0.5996106 0.6117222 0.6273757 0.6431383 0.6667635 0.6945284 0.7348901 0.7732386 0.7978804 0.8318634 0.7827399 0.6403110 0.6002561 0.5380915 0.2558947 -9999.000 -9999.000 -9999.000 -9999.000 -9999.000 -9999.000 -9999.000 -9999.000 -9999.000 -9999.000 -9999.000 -9999.000 -9999.000
0.8690521 0.8874413 0.9164257 0.9453547 0.9642741 0.9718382 0.9825103 0.9953953 1.010927 1.010456 1.036859 1.065224 1.071128 1.063706 1.024111 0.9029460 0.6971355 0.5437545 0.4604856 0.4665934 0.4777106 0.4919250 0.5051351 0.5160629 0.5271895 0.5374418 0.5480163 0.5592039 0.5725083 0.5869571 0.5983326 0.6112542 0.6248324 0.6401853 0.6557801 0.6823072 0.7128286 0.7317119 0.7427344 0.6805482 0.5619715 0.5152805 0.3864811 -9999.000 -9999.000 -9999.000 -9999.000 -9999.000 -9999.000 -9999.000 -9999.000 -9999.000 -9999.000 -9999.000 -9999.000 -9999.000 -9999.000 -9999.000 -9999.000
-9999.000 -9999.000 0.9054410 0.9585635 0.9886007 1.013326 1.021150 1.030831 1.044335 1.057663 1.087587 1.107826 1.127433 1.129893 1.142609 1.139616 1.043106 0.8466446 0.6931016 0.5265892 0.5247972 0.5032434 0.5130692 0.5229272 0.5341049 0.5442214 0.5571994 0.5676052 0.5790396 0.5908429 0.6016313 0.6176709 0.6303259 0.6504883 0.6685555 0.6960473 0.7239317 0.7078361 0.6423300 0.5312463 0.3661905 -9999.000 -9999.000 -9999.000 -9999.000 -9999.000 -9999.000 -9999.000 -9999.000 -9999.000 -9999.000 -9999.000 -9999.000 -9999.000 -9999.000 -9999.000 -9999.000 -9999.000 -9999.000
-9999.000 -9999.000 -9999.000 -9999.000 0.9910110 1.018029 1.036064 1.047714 1.064921 1.095058 1.126316 1.141066 1.159311 1.177886 1.196213 1.208302 1.193933 1.129090 1.038888 0.9264792 0.7153802 0.6032362 0.5273351 0.5255177 0.5315986 0.5395756 0.5518560 0.5598550 0.5691315 0.5777410 0.5895593 0.6018290 0.6083488 0.6226450 0.6332232 0.6431275 0.6024412 0.5528146 -9999.000 -9999.000 -9999.000 -9999.000 -9999.000 -9999.000 -9999.000 -9999.000 -9999.000 -9999.000 -9999.000 -9999.000 -9999.000 -9999.000 -9999.000 -9999.000 -9999.000 -9999.000 -9999.000 -9999.000 -9999.000
-9999.000 -9999.000 -9999.000 -9999.000 -9999.000 1.008937 1.024870 1.041649 1.060488 1.096105 1.139172 1.155413 1.173588 1.197915 1.234012 1.259923 1.256150 1.226889 1.214604 1.190816 1.082010 0.9059905 0.7421480 0.5978690 0.5635850 0.5313460 0.5287639 0.5311250 0.5342748 0.5370601 0.5384884 0.5479908 0.5410591 0.5416349 0.5099633 0.4471350 0.3109375 0.1911043 -9999.000 -9999.000 -9999.000 -9999.000 -9999.000 -9999.000 -9999.000 -9999.000 -9999.000 -9999.000 -9999.000 -9999.000 -9999.000 -9999.000 -9999.000 -9999.000 -9999.000 -9999.000 -9999.000 -9999.000 -9999.000
-9999.000 -9999.000 -9999.000 -9999.000 -9999.000 -9999.000 -9999.000 1.027985 1.044367 1.070196 1.107409 1.130670 1.152650 1.194767 1.250117 1.286116 1.294865 1.283127 1.274314 1.268414 1.241378 1.179594 1.058428 0.9428057 0.7613790 0.6448391 0.5577671 0.5075918 0.5023500 0.4965058 0.4881016 0.4789270 0.4536781 0.4159282 0.3437050 0.2074468 0.1051395 -9999.000 -9999.000 -9999.000 -9999.000 -9999.000 -9999.000 -9999.000 -9999.000 -9999.000 -9999.000 -9999.000 -9999.000 -9999.000 -9999.000 -9999.000 -9999.000 -9999.000 -9999.000 -9999.000 -9999.000 -9999.000 -9999.000
-9999.000 -9999.000 -9999.000 -9999.000 -9999.000 -9999.000 -9999.000 -9999.000 -9999.000 1.040035 1.049757 1.065546 1.087302 1.141913 1.233430 1.277828 1.301277 1.307417 1.303452 1.297569 1.280043 1.244689 1.213576 1.149528 1.066391 0.9399408 0.8096447 0.6709536 0.5595358 0.5279290 0.4686191 0.4388973 0.3997913 0.3276494 0.2115833 0.8196962E-01 -9999.000 -9999.000 -9999.000 -9999.000 -9999.000 -9999.000 -9999.000 -9999.000 -9999.000 -9999.000 -9999.000 -9999.000 -9999.000 -9999.000 -9999.000 -9999.000 -9999.000 -9999.000 -9999.000 -9999.000 -9999.000 -9999.000 -9999.000
-9999.000 -9999.000 -9999.000 -9999.000 -9999.000 -9999.000 -9999.000 -9999.000 -9999.000 -9999.000 0.9972660 1.001601 1.028267 1.069780 1.136993 1.207361 1.270203 1.293293 1.296761 1.288385 1.274472 1.253148 1.220081 1.176781 1.126979 1.100261 0.9943051 0.9213245 0.8247064 0.6847845 0.5668197 0.4388763 0.3446252 0.2291285 0.1312886 -9999.000 -9999.000 -9999.000 -9999.000 -9999.000 -9999.000 -9999.000 -9999.000 -9999.000 -9999.000 -9999.000 -9999.000 -9999.000 -9999.000 -9999.000 -9999.000 -9999.000 -9999.000 -9999.000 -9999.000 -9999.000 -9999.000 -9999.000 -9999.000
-9999.000 -9999.000 -9999.000 -9999.000 -9999.000 -9999.000 -9999.000 -9999.000 -9999.000 -9999.000 -9999.000 -9999.000 0.9975609 0.9872290 0.9661784 1.045365 1.145393 1.188049 1.210801 1.201273 1.202572 1.176054 1.139136 1.096275 1.053068 1.030421 0.9596021 0.9252546 0.8877519 0.7349870 0.5608884 0.3775130 0.2457203 0.1075316 -9999.000 -9999.000 -9999.000 -9999.000 -9999.000 -9999.000 -9999.000 -9999.000 -9999.000 -9999.000 -9999.000 -9999.000 -9999.000 -9999.000 -9999.000 -9999.000 -9999.000 -9999.000 -9999.000 -9999.000 -9999.000 -9999.000 -9999.000 -9999.000 -9999.000
