simulation_files/asc/Depth____655.0.asc
NCOLS       216
NROWS       273
XLLCENTER        494.688995
YLLCENTER        787.867981
CELLSIZE           0.500
NODATA_VALUE     -9999.0
[rows 162 to 188 of 273, columns 118 to 176 of 216]
1.986582 2.663613 2.861477 2.897467 2.907443 2.917916 2.694778 2.117188 1.578834 0.7240952 0.1723656 0.7927548E-01 0.1086483 0.1542494 0.1348982 0.1212923 0.1452107 0.1581665 0.1811387 0.1863952 0.1831404 0.1475958 0.9956205E-01 0.1045986 0.1333457 0.1393059 0.1038550 0.6543856E-01 -9999.000 -9999.000 -9999.000 -9999.000 -9999.000 -9999.000 -9999.000 -9999.000 -9999.000 -9999.000 -9999.000 -9999.000 -9999.000 -9999.000 -9999.000 -9999.000 -9999.000 -9999.000 -9999.000 -9999.000 -9999.000 -9999.000 -9999.000 -9999.000 -9999.000 -9999.000 -9999.000 -9999.000 -9999.000 -9999.000 -9999.000
1.649451 2.570617 2.854613 2.887288 2.887161 2.478536 1.764392 1.055374 0.5755705 0.1768127 0.1324105 0.1175616 0.1258882 0.1196041 0.1330044 0.1433406 0.1466958 0.1461589 0.1809751 0.2049956 0.2088011 0.1536809 0.1085479 0.1150310 0.1532830 0.1672202 0.1439415 0.9867464E-01 0.5076437E-01 -9999.000 -9999.000 -9999.000 -9999.000 -9999.000 -9999.000 -9999.000 -9999.000 -9999.000 -9999.000 -9999.000 -9999.000 -9999.000 -9999.000 -9999.000 -9999.000 -9999.000 -9999.000 -9999.000 -9999.000 -9999.000 -9999.000 -9999.000 -9999.000 -9999.000 -9999.000 -9999.000 -9999.000 -9999.000 -9999.000
1.253968 2.280094 2.734230 2.875375 2.453401 1.589282 -9999.000 0.1663296 0.1314870 0.1044957 0.1164354 0.1038003 0.9867070E-01 0.8767133E-01 0.1120423 0.1371593 0.1331550 0.1347357 0.1585009 0.1904414 0.1992049 0.1358691 0.9885938E-01 0.1174121 0.1607413 0.1675721 0.1315784 0.1039997 0.5018486E-01 -9999.000 -9999.000 -9999.000 -9999.000 -9999.000 -9999.000 -9999.000 -9999.000 -9999.000 -9999.000 -9999.000 -9999.000 -9999.000 -9999.000 -9999.000 -9999.000 -9999.000 -9999.000 -9999.000 -9999.000 -9999.000 -9999.000 -9999.000 -9999.000 -9999.000 -9999.000 -9999.000 -9999.000 -9999.000 -9999.000
-9999.000 1.480327 2.295030 2.391724 1.475442 0.5475357 0.1333876 0.1287907 0.1043542 0.7266841E-01 0.6240227E-01 0.6345111E-01 0.7798039E-01 0.7890124E-01 0.1028639 0.1325508 0.1397730 0.1579948 0.1812610 0.2070849 0.1691115 0.1107941 0.9217775E-01 0.1101129 0.1505254 0.1476963 0.1345847 0.1008472 0.5397847E-01 0.2249918E-01 -9999.000 -9999.000 -9999.000 -9999.000 -9999.000 -9999.000 -9999.000 -9999.000 -9999.000 -9999.000 -9999.000 -9999.000 -9999.000 -9999.000 -9999.000 -9999.000 -9999.000 -9999.000 -9999.000 -9999.000 -9999.000 -9999.000 -9999.000 -9999.000 -9999.000 -9999.000 -9999.000 -9999.000 -9999.000
-9999.000 0.6661607 1.353127 1.149896 0.4521198 0.1251213 0.1495187 0.1334562 0.1213355 0.8889353E-01 0.5353879E-01 0.4864867E-01 0.6150523E-01 0.6343107E-01 0.1069253 0.1602467 0.1908396 0.2153171 0.2374490 0.2101670 0.1307427 0.1205345 0.1172609 0.1266013 0.1475955 0.1591814 0.1501569 0.1250369 0.9451544E-01 0.5443399E-01 -9999.000 -9999.000 0.1836429E-01 -9999.000 -9999.000 -9999.000 -9999.000 -9999.000 -9999.000 -9999.000 -9999.000 -9999.000 -9999.000 -9999.000 -9999.000 -9999.000 -9999.000 -9999.000 -9999.000 -9999.000 -9999.000 -9999.000 -9999.000 -9999.000 -9999.000 -9999.000 -9999.000 -9999.000 -9999.000
-9999.000 -9999.000 -9999.000 0.2401006 0.1388969 0.1808544 0.1562533 0.1492671 0.1534613 0.1245968 0.9597452E-01 0.8038753E-01 0.6989406E-01 0.7028592E-01 0.1268982 0.2036039 0.2194700 0.2310362 0.2343747 0.1620302 0.9173455E-01 0.1291010 0.1388252 0.1525981 0.1585452 0.1291368 0.1256088 0.1249327 0.1122015 0.7558296E-01 -9999.000 -9999.000 -9999.000 -9999.000 -9999.000 -9999.000 -9999.000 -9999.000 -9999.000 -9999.000 -9999.000 -9999.000 -9999.000 -9999.000 -9999.000 -9999.000 -9999.000 -9999.000 -9999.000 -9999.000 -9999.000 -9999.000 -9999.000 -9999.000 -9999.000 -9999.000 -9999.000 -9999.000 -9999.000
-9999.000 -9999.000 -9999.000 0.7253160E-01 0.1731387 0.1802681 0.1801469 0.1869331 0.1929076 0.1752959 0.1572712 0.1383940 0.1099050 0.1030879 0.1329721 0.1789404 0.1900594 0.1922616 0.1606683 0.1320142 0.9178151E-01 0.1210397 0.1414677 0.1586416 0.1548444 0.1022700 0.8395015E-01 0.1073269 0.1164367 0.9526231E-01 0.4794735E-01 0.1748100E-01 -9999.000 -9999.000 -9999.000 -9999.000 -9999.000 -9999.000 -9999.000 -9999.000 -9999.000 -9999.000 -9999.000 -9999.000 -9999.000 -9999.000 -9999.000 -9999.000 -9999.000 -9999.000 -9999.000 -9999.000 -9999.000 -9999.000 -9999.000 -9999.000 -9999.000 -9999.000 -9999.000
-9999.000 -9999.000 -9999.000 0.6974057E-01 0.9829870E-01 0.1342855 0.1861387 0.2126982 0.1976885 0.1748973 0.1575043 0.1600188 0.1386849 0.1126658 0.1027977 0.8580011E-01 0.1204052 0.1114842 0.1213861 0.1607962 0.1320028 0.1481439 0.1768644 0.2031636 0.1951761 0.1358891 0.9876788E-01 0.1063165 0.1201392 0.1169939 0.7492727E-01 0.3705003E-01 0.3029637E-01 -9999.000 -9999.000 -9999.000 -9999.000 -9999.000 -9999.000 -9999.000 -9999.000 -9999.000 -9999.000 -9999.000 -9999.000 -9999.000 -9999.000 -9999.000 -9999.000 -9999.000 -9999.000 -9999.000 -9999.000 -9999.000 -9999.000 -9999.000 -9999.000 -9999.000 -9999.000
-9999.000 -9999.000 -9999.000 -9999.000 0.5711378E-01 0.1131821 0.1761788 0.1954505 0.1901991 0.1710193 0.1458492 0.1205537 0.9878865E-01 0.8235018E-01 0.8770046E-01 0.1106420 0.1261984 0.1073221 0.1195035 0.1407651 0.1295734 0.1616447 0.2259786 0.2653114 0.2489666 0.1753215 0.1162223 0.1169560 0.1301816 0.1422618 0.1022234 0.6547108E-01 0.5289916E-01 0.4367691E-01 -9999.000 -9999.000 -9999.000 -9999.000 -9999.000 -9999.000 -9999.000 -9999.000 -9999.000 -9999.000 -9999.000 -9999.000 -9999.000 -9999.000 -9999.000 -9999.000 -9999.000 -9999.000 -9999.000 -9999.000 -9999.000 -9999.000 -9999.000 -9999.000 -9999.000
-9999.000 -9999.000 -9999.000 -9999.000 -9999.000 0.7492079E-01 0.1119845 0.1509031 0.1817245 0.2027125 0.1510301 0.7765423E-01 0.4986803E-01 0.4295954E-01 0.8026701E-01 0.1457362 0.1823423 0.1960861 0.1413163 0.8084129E-01 0.7081514E-01 0.1373626 0.2433989 0.2809234 0.2379717 0.1674191 0.1315192 0.1500504 0.1736489 0.1802593 0.1274293 0.9937136E-01 0.1035759 0.8281809E-01 0.6255515E-01 0.4886556E-01 0.3612541E-01 -9999.000 -9999.000 -9999.000 -9999.000 -9999.000 -9999.000 -9999.000 -9999.000 -9999.000 -9999.000 -9999.000 -9999.000 -9999.000 -9999.000 -9999.000 -9999.000 -9999.000 -9999.000 -9999.000 -9999.000 -9999.000 -9999.000
-9999.000 -9999.000 -9999.000 -9999.000 -9999.000 0.4479074E-01 0.5579972E-01 0.1144140 0.1722432 0.2020302 0.1673351 0.9132037E-01 0.6205145E-01 0.6605525E-01 0.9869852E-01 0.1597198 0.1951595 0.2256379 0.1851961 0.1067445 0.9025204E-01 0.1509945 0.2333227 0.2478386 0.2114958 0.1520286 0.1292539 0.1367935 0.1693652 0.1904494 0.1511868 0.1436512 0.1574345 0.1463981 0.9616298E-01 0.7682510E-01 0.7024040E-01 0.4768561E-01 -9999.000 -9999.000 -9999.000 -9999.000 -9999.000 -9999.000 -9999.000 -9999.000 -9999.000 -9999.000 -9999.000 -9999.000 -9999.000 -9999.000 -9999.000 -9999.000 -9999.000 -9999.000 -9999.000 -9999.000 -9999.000
-9999.000 -9999.000 -9999.000 -9999.000 -9999.000 -9999.000 0.7416902E-01 0.1100618 0.1546597 0.1809803 0.1819679 0.1434314 0.1038423 0.1036126 0.1286883 0.1634005 0.1900407 0.2351242 0.2398653 0.1989770 0.1901357 0.1926251 0.2031803 0.2164599 0.1538903 0.1222771 0.1060090 0.9703213E-01 0.1175530 0.1586075 0.1451925 0.1508473 0.1681489 0.1611505 0.1294581 0.1013076 0.1050241 0.9275862E-01 0.4916243E-01 -9999.000 -9999.000 -9999.000 -9999.000 -9999.000 -9999.000 -9999.000 -9999.000 -9999.000 -9999.000 -9999.000 -9999.000 -9999.000 -9999.000 -9999.000 -9999.000 -9999.000 -9999.000 -9999.000 -9999.000
-9999.000 -9999.000 -9999.000 -9999.000 -9999.000 -9999.000 0.9310259E-01 0.1041816 0.1356765 0.1741028 0.1993898 0.1761147 0.1307271 0.9965066E-01 0.1074865 0.1357052 0.1706760 0.2298156 0.2506294 0.2500221 0.2630704 0.2076026 0.1674841 0.1498380 0.1228441 0.1059284 0.9279002E-01 0.9473385E-01 0.1168329 0.1461408 0.1293937 0.1177308 0.1286172 0.1413829 0.1251345 0.9874379E-01 0.1094415 0.1037454 -9999.000 -9999.000 -9999.000 -9999.000 -9999.000 -9999.000 -9999.000 -9999.000 -9999.000 -9999.000 -9999.000 -9999.000 -9999.000 -9999.000 -9999.000 -9999.000 -9999.000 -9999.000 -9999.000 -9999.000 -9999.000
-9999.000 -9999.000 -9999.000 -9999.000 -9999.000 -9999.000 -9999.000 0.5668609E-01 0.9168827E-01 0.1634514 0.2106129 0.1904888 0.1361437 0.7199950E-01 0.5659494E-01 0.7025893E-01 0.1213330 0.2130046 0.2218521 0.2060539 0.1836727 0.1418561 0.1275103 0.1625759 0.1899171 0.1306231 0.1093968 0.1217374 0.1410106 0.1646157 0.1562349 0.1271415 0.1176338 0.1316323 0.1112459 0.6581414E-01 0.6725410E-01 0.9775045E-01 0.1005581 0.7982911E-01 -9999.000 -9999.000 -9999.000 -9999.000 -9999.000 -9999.000 -9999.000 -9999.000 -9999.000 -9999.000 -9999.000 -9999.000 -9999.000 -9999.000 -9999.000 -9999.000 -9999.000 -9999.000 -9999.000
-9999.000 -9999.000 -9999.000 -9999.000 -9999.000 -9999.000 -9999.000 -9999.000 0.4569274E-01 0.1216292 0.1784970 0.1756326 0.1150134 0.4529683E-01 0.2426769E-01 0.3055096E-01 0.7307157E-01 0.1458890 0.1435672 0.1178878 0.9340472E-01 0.9817853E-01 0.1225904 0.2006377 0.2345950 0.1816025 0.1696808 0.1820989 0.1911087 0.2041868 0.2174743 0.2146628 0.1647434 0.1312183 0.7868691E-01 0.3217824E-01 0.6365133E-01 0.1103637 0.1229729 0.8730218E-01 -9999.000 -9999.000 -9999.000 -9999.000 -9999.000 -9999.000 -9999.000 -9999.000 -9999.000 -9999.000 -9999.000 -9999.000 -9999.000 -9999.000 -9999.000 -9999.000 -9999.000 -9999.000 -9999.000
-9999.000 -9999.000 -9999.000 -9999.000 -9999.000 -9999.000 -9999.000 -9999.000 0.1871028E-01 0.6724963E-01 0.1325888 0.1517953 0.1177757 0.4919454E-01 0.2156805E-01 -9999.000 -9999.000 0.6759136E-01 0.8523115E-01 0.8903036E-01 0.1124285 0.1130734 0.1184054 0.1924996 0.2365118 0.2201188 0.2134189 0.2168250 0.1958988 0.1900110 0.2390138 0.2470952 0.2187796 0.1520643 0.6616777E-01 0.5300880E-01 0.9768944E-01 0.1156574 0.1063626 0.8234504E-01 0.3972755E-01 -9999.000 -9999.000 -9999.000 -9999.000 -9999.000 -9999.000 -9999.000 -9999.000 -9999.000 -9999.000 -9999.000 -9999.000 -9999.000 -9999.000 -9999.000 -9999.000 -9999.000 -9999.000
-9999.000 -9999.000 -9999.000 -9999.000 -9999.000 -9999.000 -9999.000 -9999.000 -9999.000 0.5414342E-01 0.1246919 0.1509718 0.1362869 0.8568655E-01 0.3987259E-01 -9999.000 -9999.000 0.3356275E-01 0.5271401E-01 0.7309504E-01 0.1091801 0.1416738 0.1394331 0.1802856 0.2338268 0.2263274 0.2059298 0.1778969 0.1081459 0.1084383 0.1891358 0.2101549 0.2078701 0.1591495 0.1117463 0.1196554 0.1296201 0.1206298 0.1054048 0.1142313 0.8888311E-01 -9999.000 -9999.000 -9999.000 -9999.000 -9999.000 -9999.000 -9999.000 -9999.000 -9999.000 -9999.000 -9999.000 -9999.000 -9999.000 -9999.000 -9999.000 -9999.000 -9999.000 -9999.000
-9999.000 -9999.000 -9999.000 -9999.000 -9999.000 -9999.000 -9999.000 -9999.000 -9999.000 -9999.000 0.8730972E-01 0.1221828 0.1377556 0.1139845 0.7688942E-01 0.3400543E-01 -9999.000 0.1877741E-01 0.3369361E-01 0.5351178E-01 0.9821285E-01 0.1568424 0.1620127 0.1733824 0.2303142 0.2073994 0.1628044 0.1044987 0.9786936E-01 0.1235877 0.1446224 0.1504167 0.1582064 0.1363777 0.1326315 0.1624080 0.1570865 0.1341799 0.1444262 0.1614128 0.1221739 -9999.000 -9999.000 -9999.000 -9999.000 -9999.000 -9999.000 -9999.000 -9999.000 -9999.000 -9999.000 -9999.000 -9999.000 -9999.000 -9999.000 -9999.000 -9999.000 -9999.000 -9999.000
-9999.000 -9999.000 -9999.000 -9999.000 -9999.000 -9999.000 -9999.000 -9999.000 -9999.000 -9999.000 0.5285639E-01 0.1034397 0.1365576 0.1471689 0.1040420 0.4410847E-01 0.1669576E-01 0.1702985E-01 0.2680595E-01 0.4169803E-01 0.7534466E-01 0.1249956 0.1327836 0.1680531 0.2048656 0.1721526 0.1083931 0.7303058E-01 0.1290045 0.1751827 0.1647407 0.1366893 0.1382212 0.1222442 0.1265168 0.1732140 0.1639717 0.1369891 0.1548205 0.1885604 0.1492363 0.8281412E-01 -9999.000 -9999.000 -9999.000 -9999.000 -9999.000 -9999.000 -9999.000 -9999.000 -9999.000 -9999.000 -9999.000 -9999.000 -9999.000 -9999.000 -9999.000 -9999.000 -9999.000
-9999.000 -9999.000 -9999.000 -9999.000 -9999.000 -9999.000 -9999.000 -9999.000 -9999.000 -9999.000 -9999.000 0.6049286E-01 0.1098952 0.1501124 0.1327138 0.7171288E-01 0.2676097E-01 -9999.000 -9999.000 -9999.000 0.4069734E-01 0.7913543E-01 0.9195555E-01 0.1321890 0.1756678 0.1452707 0.1335074 0.1323887 0.1754846 0.2055018 0.2103289 0.1758072 0.1824650 0.1777696 0.1802749 0.2037330 0.1813123 0.1655739 0.1769137 0.1997088 0.1775272 0.1055270 0.5826654E-01 -9999.000 -9999.000 -9999.000 -9999.000 -9999.000 -9999.000 -9999.000 -9999.000 -9999.000 -9999.000 -9999.000 -9999.000 -9999.000 -9999.000 -9999.000 -9999.000
-9999.000 -9999.000 -9999.000 -9999.000 -9999.000 -9999.000 -9999.000 -9999.000 -9999.000 -9999.000 -9999.000 -9999.000 0.6043931E-01 0.1163523 0.1222122 0.9068817E-01 0.4949624E-01 -9999.000 -9999.000 -9999.000 0.2446430E-01 0.3737978E-01 0.3550381E-01 0.7138634E-01 0.1602822 0.1809317 0.1822194 0.2140824 0.2152766 0.1950601 0.2171945 0.2506471 0.2727770 0.2939048 0.2689694 0.2324265 0.2110259 0.2154443 0.2195701 0.2272497 0.2015293 0.1481012 0.9478368E-01 -9999.000 -9999.000 -9999.000 -9999.000 -9999.000 -9999.000 -9999.000 -9999.000 -9999.000 -9999.000 -9999.000 -9999.000 -9999.000 -9999.000 -9999.000 -9999.000
-9999.000 -9999.000 -9999.000 -9999.000 -9999.000 -9999.000 -9999.000 -9999.000 -9999.000 -9999.000 -9999.000 0.1832730E-01 0.5306108E-01 0.1138173 0.1378399 0.1170908 0.7337309E-01 -9999.000 -9999.000 -9999.000 0.2768747E-01 0.3025362E-01 0.1842106E-01 0.5001879E-01 0.1278388 0.1580663 0.1762099 0.2330814 0.2506828 0.2089279 0.2179294 0.2804840 0.3023562 0.3117858 0.2997016 0.2543172 0.2342968 0.2281275 0.2362627 0.2427487 0.2293368 0.2074653 0.1380114 0.4678633E-01 -9999.000 -9999.000 -9999.000 -9999.000 -9999.000 -9999.000 -9999.000 -9999.000 -9999.000 -9999.000 -9999.000 -9999.000 -9999.000 -9999.000 -9999.000
-9999.000 -9999.000 -9999.000 -9999.000 -9999.000 -9999.000 -9999.000 -9999.000 -9999.000 -9999.000 -9999.000 -9999.000 -9999.000 0.1233866 0.1511704 0.1441411 0.1063830 0.5066595E-01 0.2178055E-01 0.2145583E-01 0.2718846E-01 0.2458192E-01 0.1767405E-01 0.4298954E-01 0.8081601E-01 0.8986480E-01 0.1136664 0.1878379 0.2388517 0.2296410 0.2458451 0.2878526 0.2754168 0.2630204 0.2646348 0.2551014 0.2205630 0.2176196 0.2196262 0.2346087 0.2408672 0.2246496 0.1729897 0.8538462E-01 -9999.000 -9999.000 -9999.000 -9999.000 -9999.000 -9999.000 -9999.000 -9999.000 -9999.000 -9999.000 -9999.000 -9999.000 -9999.000 -9999.000 -9999.000
-9999.000 -9999.000 -9999.000 -9999.000 -9999.000 -9999.000 -9999.000 -9999.000 -9999.000 -9999.000 -9999.000 -9999.000 -9999.000 0.1146081 0.1520596 0.1566745 0.1373837 0.8566146E-01 0.3327729E-01 0.2857988E-01 0.2968847E-01 0.3358296E-01 0.4230677E-01 0.5680960E-01 0.6182629E-01 0.4826230E-01 0.7029178E-01 0.1251928 0.1782172 0.2034553 0.2684912 0.2611331 0.2011934 0.2017412 0.2185142 0.1684267 0.1389755 0.1171764 0.1369381 0.1630416 0.1910853 0.1976879 0.1696085 0.1053417 0.7859173E-01 -9999.000 -9999.000 -9999.000 -9999.000 -9999.000 -9999.000 -9999.000 -9999.000 -9999.000 -9999.000 -9999.000 -9999.000 -9999.000 -9999.000
-9999.000 -9999.000 -9999.000 -9999.000 -9999.000 -9999.000 -9999.000 -9999.000 -9999.000 -9999.000 -9999.000 -9999.000 -9999.000 0.9176106E-01 0.1372357 0.1542600 0.1458051 0.1015480 0.5379389E-01 0.2717462E-01 0.2365744E-01 0.3042707E-01 0.4757088E-01 0.5674822E-01 0.4411412E-01 0.5533523E-01 0.9572862E-01 0.1327755 0.1650454 0.1982281 0.2242793 0.1828549 0.1442357 0.2223067 0.2498814 0.1938149 0.1272520 0.1055226 0.1203417 0.1271576 0.1451443 0.1648459 0.1595471 0.1284208 0.9048493E-01 0.5496599E-01 -9999.000 -9999.000 -9999.000 -9999.000 -9999.000 -9999.000 -9999.000 -9999.000 -9999.000 -9999.000 -9999.000 -9999.000 -9999.000
-9999.000 -9999.000 -9999.000 -9999.000 -9999.000 -9999.000 -9999.000 -9999.000 -9999.000 -9999.000 -9999.000 -9999.000 -9999.000 0.7912097E-01 0.1145770 0.1247819 0.1412508 0.1163834 0.5470844E-01 0.2248227E-01 -9999.000 -9999.000 0.2394248E-01 0.3173644E-01 0.4061803E-01 0.6631870E-01 0.1345444 0.1621047 0.1656556 0.1551581 0.1551997 0.1381734 0.1368480 0.2244756 0.2895873 0.2770427 0.2235444 0.1554728 0.1487269 0.1685352 0.1741433 0.1706141 0.1654592 0.1346776 0.8534253E-01 0.4733503E-01 -9999.000 -9999.000 -9999.000 -9999.000 -9999.000 -9999.000 -9999.000 -9999.000 -9999.000 -9999.000 -9999.000 -9999.000 -9999.000
-9999.000 -9999.000 -9999.000 -9999.000 -9999.000 -9999.000 -9999.000 -9999.000 -9999.000 -9999.000 -9999.000 -9999.000 -9999.000 0.7944623E-01 0.9848802E-01 0.1059886 0.1344786 0.1239928 0.7655337E-01 0.4494037E-01 0.2050914E-01 -9999.000 -9999.000 -9999.000 0.3112216E-01 0.4678588E-01 0.9065605E-01 0.1128480 0.1334095 0.1284834 0.1508090 0.1786559 0.1618998 0.2018336 0.2540799 0.2737174 0.2385750 0.1894258 0.1734670 0.1882226 0.1795201 0.1627684 0.1609259 0.1456119 0.1194643 0.8782600E-01 0.6736386E-01 -9999.000 -9999.000 -9999.000 -9999.000 -9999.000 -9999.000 -9999.000 -9999.000 -9999.000 -9999.000 -9999.000 -9999.000
