simulation_files/asc/Depth____750.0.asc
NCOLS       216
NROWS       273
XLLCENTER        494.688995
YLLCENTER        787.867981
CELLSIZE           0.500
NODATA_VALUE     -9999.0
[rows 162 to 188 of 273, columns 118 to 176 of 216]
1.943975 2.619702 2.816449 2.852901 2.863280 2.871849 2.648257 2.080734 1.648908 -9999.000 0.1542015 0.6581868E-01 0.9418825E-01 0.1446340 0.1237268 0.1037805 0.1256813 0.1389570 0.1609588 0.1631848 0.1588588 0.1295936 0.8386115E-01 0.8779397E-01 0.1145809 0.1195239 0.9122012E-01 0.5837358E-01 -9999.000 -9999.000 -9999.000 -9999.000 -9999.000 -9999.000 -9999.000 -9999.000 -9999.000 -9999.000 -9999.000 -9999.000 -9999.000 -9999.000 -9999.000 -9999.000 -9999.000 -9999.000 -9999.000 -9999.000 -9999.000 -9999.000 -9999.000 -9999.000 -9999.000 -9999.000 -9999.000 -9999.000 -9999.000 -9999.000 -9999.000
1.862575 2.577098 2.808422 2.842090 2.843173 2.434214 1.844661 1.168432 -9999.000 0.1912197 0.1148117 0.1054283 0.1183548 0.1113082 0.1205339 0.1251787 0.1260086 0.1255449 0.1599568 0.1818552 0.1861521 0.1377893 0.9556849E-01 0.9806463E-01 0.1330143 0.1466437 0.1240237 0.7756703E-01 0.2964407E-01 -9999.000 -9999.000 -9999.000 -9999.000 -9999.000 -9999.000 -9999.000 -9999.000 -9999.000 -9999.000 -9999.000 -9999.000 -9999.000 -9999.000 -9999.000 -9999.000 -9999.000 -9999.000 -9999.000 -9999.000 -9999.000 -9999.000 -9999.000 -9999.000 -9999.000 -9999.000 -9999.000 -9999.000 -9999.000 -9999.000
1.493813 2.232212 2.687554 2.829973 2.408743 1.553787 -9999.000 0.2139133 0.1368977 0.9911434E-01 0.1051798 0.9442915E-01 0.9281263E-01 0.7730378E-01 0.9796628E-01 0.1195950 0.1129695 0.1139958 0.1373060 0.1689154 0.1827541 0.1265023 0.8773409E-01 0.1000236 0.1396728 0.1473628 0.1120770 0.8459487E-01 0.3906288E-01 -9999.000 -9999.000 -9999.000 -9999.000 -9999.000 -9999.000 -9999.000 -9999.000 -9999.000 -9999.000 -9999.000 -9999.000 -9999.000 -9999.000 -9999.000 -9999.000 -9999.000 -9999.000 -9999.000 -9999.000 -9999.000 -9999.000 -9999.000 -9999.000 -9999.000 -9999.000 -9999.000 -9999.000 -9999.000 -9999.000
-9999.000 1.427213 2.246356 2.350521 1.443584 0.5256985 0.1219323 0.1165886 0.8936284E-01 0.5953508E-01 0.5333068E-01 0.5299656E-01 0.6733773E-01 0.6750490E-01 0.8756827E-01 0.1131323 0.1185384 0.1362531 0.1602915 0.1898170 0.1628628 0.1008178 0.7751994E-01 0.9230529E-01 0.1299859 0.1275787 0.1161418 0.8646146E-01 0.4515145E-01 -9999.000 -9999.000 -9999.000 -9999.000 -9999.000 -9999.000 -9999.000 -9999.000 -9999.000 -9999.000 -9999.000 -9999.000 -9999.000 -9999.000 -9999.000 -9999.000 -9999.000 -9999.000 -9999.000 -9999.000 -9999.000 -9999.000 -9999.000 -9999.000 -9999.000 -9999.000 -9999.000 -9999.000 -9999.000 -9999.000
-9999.000 0.6065404 1.303554 1.163766 0.4964066 0.1088478 0.1304626 0.1154154 0.1026660 0.6979278E-01 0.3652245E-01 0.3369626E-01 0.4925424E-01 0.5171008E-01 0.9014987E-01 0.1384641 0.1678603 0.1920486 0.2163349 0.2057920 0.1271856 0.1005922 0.9790035E-01 0.1049714 0.1248947 0.1377350 0.1336446 0.1110021 0.8100982E-01 0.4872479E-01 -9999.000 -9999.000 0.1836429E-01 -9999.000 -9999.000 -9999.000 -9999.000 -9999.000 -9999.000 -9999.000 -9999.000 -9999.000 -9999.000 -9999.000 -9999.000 -9999.000 -9999.000 -9999.000 -9999.000 -9999.000 -9999.000 -9999.000 -9999.000 -9999.000 -9999.000 -9999.000 -9999.000 -9999.000 -9999.000
-9999.000 -9999.000 -9999.000 0.2680983 0.1347419 0.1552616 0.1340766 0.1285238 0.1316011 0.1023502 0.7457076E-01 0.5925004E-01 0.5403326E-01 0.5750514E-01 0.1091244 0.1800704 0.1948958 0.2089893 0.2217214 0.1586062 0.8646924E-01 0.1107831 0.1193566 0.1302976 0.1341423 0.1121738 0.1142647 0.1139343 0.1005093 0.6435800E-01 -9999.000 -9999.000 -9999.000 -9999.000 -9999.000 -9999.000 -9999.000 -9999.000 -9999.000 -9999.000 -9999.000 -9999.000 -9999.000 -9999.000 -9999.000 -9999.000 -9999.000 -9999.000 -9999.000 -9999.000 -9999.000 -9999.000 -9999.000 -9999.000 -9999.000 -9999.000 -9999.000 -9999.000 -9999.000
-9999.000 -9999.000 -9999.000 0.5965298E-01 0.1462119 0.1533784 0.1556111 0.1625425 0.1683914 0.1507192 0.1303475 0.1094640 0.8742777E-01 0.8900679E-01 0.1184040 0.1637873 0.1731739 0.1784040 0.1508697 0.1195738 0.7592973E-01 0.1026772 0.1219458 0.1366577 0.1329645 0.8437076E-01 0.7117469E-01 0.9079264E-01 0.9723757E-01 0.7713002E-01 0.4268354E-01 0.1200544E-01 -9999.000 -9999.000 -9999.000 -9999.000 -9999.000 -9999.000 -9999.000 -9999.000 -9999.000 -9999.000 -9999.000 -9999.000 -9999.000 -9999.000 -9999.000 -9999.000 -9999.000 -9999.000 -9999.000 -9999.000 -9999.000 -9999.000 -9999.000 -9999.000 -9999.000 -9999.000 -9999.000
-9999.000 -9999.000 -9999.000 -9999.000 0.7629671E-01 0.1081926 0.1599632 0.1869211 0.1726541 0.1498211 0.1334215 0.1337776 0.1183222 0.1033934 0.9349381E-01 0.7734659E-01 0.1084148 0.9995592E-01 0.1021366 0.1434786 0.1155727 0.1312904 0.1560988 0.1794179 0.1709609 0.1162549 0.8078214E-01 0.8563557E-01 0.9647761E-01 0.9455988E-01 0.6138835E-01 0.2338513E-01 0.1435775E-01 -9999.000 -9999.000 -9999.000 -9999.000 -9999.000 -9999.000 -9999.000 -9999.000 -9999.000 -9999.000 -9999.000 -9999.000 -9999.000 -9999.000 -9999.000 -9999.000 -9999.000 -9999.000 -9999.000 -9999.000 -9999.000 -9999.000 -9999.000 -9999.000 -9999.000 -9999.000
-9999.000 -9999.000 -9999.000 -9999.000 0.4399488E-01 0.9075012E-01 0.1495705 0.1689788 0.1649089 0.1457767 0.1223974 0.9983082E-01 0.8034274E-01 0.6998689E-01 0.7559912E-01 0.9439166E-01 0.1103283 0.9158787E-01 0.9886057E-01 0.1243985 0.1157624 0.1464361 0.2017489 0.2374033 0.2211768 0.1551435 0.9915022E-01 0.9704077E-01 0.1069093 0.1180912 0.8209646E-01 0.4475822E-01 0.3104935E-01 0.2127387E-01 -9999.000 -9999.000 -9999.000 -9999.000 -9999.000 -9999.000 -9999.000 -9999.000 -9999.000 -9999.000 -9999.000 -9999.000 -9999.000 -9999.000 -9999.000 -9999.000 -9999.000 -9999.000 -9999.000 -9999.000 -9999.000 -9999.000 -9999.000 -9999.000 -9999.000
-9999.000 -9999.000 -9999.000 -9999.000 -9999.000 0.5873165E-01 0.9097198E-01 0.1300245 0.1588909 0.1771338 0.1250013 0.5863563E-01 0.3681489E-01 0.3232613E-01 0.6720329E-01 0.1286446 0.1635156 0.1753852 0.1247534 0.6970495E-01 0.5634097E-01 0.1143051 0.2156494 0.2526477 0.2146927 0.1505361 0.1109957 0.1279061 0.1491934 0.1549364 0.1028061 0.7542825E-01 0.7625873E-01 0.5387663E-01 0.3549402E-01 0.2599038E-01 -9999.000 -9999.000 -9999.000 -9999.000 -9999.000 -9999.000 -9999.000 -9999.000 -9999.000 -9999.000 -9999.000 -9999.000 -9999.000 -9999.000 -9999.000 -9999.000 -9999.000 -9999.000 -9999.000 -9999.000 -9999.000 -9999.000 -9999.000
-9999.000 -9999.000 -9999.000 -9999.000 -9999.000 0.2725648E-01 0.3812470E-01 0.9215546E-01 0.1462429 0.1748278 0.1379835 0.6687704E-01 0.4736679E-01 0.5424341E-01 0.8372550E-01 0.1420279 0.1763525 0.2045168 0.1702071 0.9366833E-01 0.7031966E-01 0.1262945 0.2056880 0.2225369 0.1905744 0.1347357 0.1074645 0.1133579 0.1425097 0.1627171 0.1263453 0.1195564 0.1298814 0.1195219 0.6552957E-01 0.4599075E-01 0.4655774E-01 0.3412458E-01 -9999.000 -9999.000 -9999.000 -9999.000 -9999.000 -9999.000 -9999.000 -9999.000 -9999.000 -9999.000 -9999.000 -9999.000 -9999.000 -9999.000 -9999.000 -9999.000 -9999.000 -9999.000 -9999.000 -9999.000 -9999.000
-9999.000 -9999.000 -9999.000 -9999.000 -9999.000 -9999.000 0.4987698E-01 0.8235331E-01 0.1259893 0.1541062 0.1539007 0.1139986 0.7915508E-01 0.8710470E-01 0.1131418 0.1466497 0.1732441 0.2159220 0.2198755 0.1765014 0.1664229 0.1667278 0.1813307 0.2003244 0.1396058 0.1035251 0.8670264E-01 0.7916463E-01 0.9603896E-01 0.1336294 0.1250313 0.1281507 0.1401547 0.1366428 0.9701369E-01 0.6812605E-01 0.8097457E-01 0.8030014E-01 0.4258496E-01 -9999.000 -9999.000 -9999.000 -9999.000 -9999.000 -9999.000 -9999.000 -9999.000 -9999.000 -9999.000 -9999.000 -9999.000 -9999.000 -9999.000 -9999.000 -9999.000 -9999.000 -9999.000 -9999.000 -9999.000
-9999.000 -9999.000 -9999.000 -9999.000 -9999.000 -9999.000 0.6616259E-01 0.8174822E-01 0.1098258 0.1497744 0.1727318 0.1467499 0.1016566 0.7715799E-01 0.9243192E-01 0.1249522 0.1568679 0.2096509 0.2267543 0.2269136 0.2404906 0.1896900 0.1533196 0.1374653 0.1058016 0.8780428E-01 0.7386789E-01 0.7672601E-01 0.9630575E-01 0.1237705 0.1096234 0.9323854E-01 0.1039206 0.1182881 0.9914491E-01 0.7444612E-01 0.9586758E-01 0.9079124E-01 -9999.000 -9999.000 -9999.000 -9999.000 -9999.000 -9999.000 -9999.000 -9999.000 -9999.000 -9999.000 -9999.000 -9999.000 -9999.000 -9999.000 -9999.000 -9999.000 -9999.000 -9999.000 -9999.000 -9999.000 -9999.000
-9999.000 -9999.000 -9999.000 -9999.000 -9999.000 -9999.000 -9999.000 -9999.000 0.7542628E-01 0.1390892 0.1831196 0.1628124 0.1017818 0.4634925E-01 0.4430622E-01 0.6336769E-01 0.1090829 0.1904122 0.1959076 0.1875161 0.1718912 0.1309490 0.1145505 0.1456444 0.1709602 0.1117203 0.8823839E-01 0.9992644E-01 0.1188162 0.1429648 0.1352266 0.1052576 0.9413878E-01 0.1098121 0.9423984E-01 0.5649553E-01 0.5703682E-01 0.7688617E-01 0.7527700E-01 0.5503230E-01 -9999.000 -9999.000 -9999.000 -9999.000 -9999.000 -9999.000 -9999.000 -9999.000 -9999.000 -9999.000 -9999.000 -9999.000 -9999.000 -9999.000 -9999.000 -9999.000 -9999.000 -9999.000 -9999.000
-9999.000 -9999.000 -9999.000 -9999.000 -9999.000 -9999.000 -9999.000 -9999.000 0.3749230E-01 0.1030610 0.1502636 0.1470214 0.8931374E-01 0.2754612E-01 0.1668740E-01 0.2466444E-01 0.6021496E-01 0.1223691 0.1230620 0.1072502 0.8414997E-01 0.8099384E-01 0.1027692 0.1807828 0.2131337 0.1596272 0.1469885 0.1560546 0.1662318 0.1822268 0.1939008 0.1877147 0.1365358 0.1078768 0.6424222E-01 0.2518258E-01 0.4722560E-01 0.8809152E-01 0.1004528 0.7857144E-01 -9999.000 -9999.000 -9999.000 -9999.000 -9999.000 -9999.000 -9999.000 -9999.000 -9999.000 -9999.000 -9999.000 -9999.000 -9999.000 -9999.000 -9999.000 -9999.000 -9999.000 -9999.000 -9999.000
-9999.000 -9999.000 -9999.000 -9999.000 -9999.000 -9999.000 -9999.000 -9999.000 -9999.000 0.6053879E-01 0.1097954 0.1315910 0.1005523 0.4072399E-01 -9999.000 -9999.000 -9999.000 0.4554603E-01 0.6718962E-01 0.8140327E-01 0.1007602 0.9319122E-01 0.9822816E-01 0.1714592 0.2137380 0.1971263 0.1908291 0.1929930 0.1741759 0.1690128 0.2118939 0.2173824 0.1878104 0.1262506 0.4738494E-01 0.3483942E-01 0.7613334E-01 0.9353578E-01 0.8626365E-01 0.7639073E-01 -9999.000 -9999.000 -9999.000 -9999.000 -9999.000 -9999.000 -9999.000 -9999.000 -9999.000 -9999.000 -9999.000 -9999.000 -9999.000 -9999.000 -9999.000 -9999.000 -9999.000 -9999.000 -9999.000
-9999.000 -9999.000 -9999.000 -9999.000 -9999.000 -9999.000 -9999.000 -9999.000 -9999.000 0.4408610E-01 0.1018479 0.1310710 0.1187671 0.7662519E-01 0.3126229E-01 -9999.000 -9999.000 -9999.000 0.3930625E-01 0.6223316E-01 0.9673327E-01 0.1206677 0.1146776 0.1554718 0.2108420 0.2044832 0.1875668 0.1630054 0.9687786E-01 0.8827168E-01 0.1630239 0.1834392 0.1815335 0.1352858 0.8857640E-01 0.9704199E-01 0.1063054 0.9812112E-01 0.8394881E-01 0.1043459 0.8318720E-01 -9999.000 -9999.000 -9999.000 -9999.000 -9999.000 -9999.000 -9999.000 -9999.000 -9999.000 -9999.000 -9999.000 -9999.000 -9999.000 -9999.000 -9999.000 -9999.000 -9999.000 -9999.000
-9999.000 -9999.000 -9999.000 -9999.000 -9999.000 -9999.000 -9999.000 -9999.000 -9999.000 -9999.000 0.6770376E-01 0.1008497 0.1222404 0.1037494 0.5610823E-01 -9999.000 -9999.000 -9999.000 0.2536168E-01 0.4218330E-01 0.8358312E-01 0.1334066 0.1365945 0.1524001 0.2061301 0.1900380 0.1512652 0.9561052E-01 0.8408296E-01 0.1062317 0.1242842 0.1299550 0.1379447 0.1158028 0.1118069 0.1403259 0.1332866 0.1100743 0.1205507 0.1386800 0.9957238E-01 -9999.000 -9999.000 -9999.000 -9999.000 -9999.000 -9999.000 -9999.000 -9999.000 -9999.000 -9999.000 -9999.000 -9999.000 -9999.000 -9999.000 -9999.000 -9999.000 -9999.000 -9999.000
-9999.000 -9999.000 -9999.000 -9999.000 -9999.000 -9999.000 -9999.000 -9999.000 -9999.000 -9999.000 -9999.000 0.9482589E-01 0.1304745 0.1273452 0.7968972E-01 0.4031716E-01 -9999.000 0.1310848E-01 0.1867598E-01 0.3033716E-01 0.6170674E-01 0.9962822E-01 0.1090949 0.1460827 0.1863260 0.1630810 0.9956314E-01 0.5932272E-01 0.1119868 0.1565995 0.1469430 0.1197153 0.1212377 0.1038138 0.1058884 0.1506025 0.1400391 0.1135283 0.1318061 0.1653917 0.1260357 0.5866665E-01 -9999.000 -9999.000 -9999.000 -9999.000 -9999.000 -9999.000 -9999.000 -9999.000 -9999.000 -9999.000 -9999.000 -9999.000 -9999.000 -9999.000 -9999.000 -9999.000 -9999.000
-9999.000 -9999.000 -9999.000 -9999.000 -9999.000 -9999.000 -9999.000 -9999.000 -9999.000 -9999.000 -9999.000 0.5456603E-01 0.9858138E-01 0.1295681 0.1090061 0.6313933E-01 -9999.000 -9999.000 -9999.000 -9999.000 0.3045318E-01 0.5313914E-01 0.6734027E-01 0.1142755 0.1644454 0.1370326 0.1168293 0.1123604 0.1543541 0.1839129 0.1902866 0.1572726 0.1621306 0.1554515 0.1561552 0.1784938 0.1570690 0.1406005 0.1516550 0.1748254 0.1523919 0.8028901E-01 0.3247382E-01 -9999.000 -9999.000 -9999.000 -9999.000 -9999.000 -9999.000 -9999.000 -9999.000 -9999.000 -9999.000 -9999.000 -9999.000 -9999.000 -9999.000 -9999.000 -9999.000
-9999.000 -9999.000 -9999.000 -9999.000 -9999.000 -9999.000 -9999.000 -9999.000 -9999.000 -9999.000 -9999.000 -9999.000 0.5311045E-01 0.9690628E-01 0.1028439 0.7107413E-01 0.3107909E-01 -9999.000 -9999.000 -9999.000 -9999.000 0.1884702E-01 0.2147372E-01 0.5809516E-01 0.1411098 0.1614954 0.1632806 0.1923153 0.1919109 0.1722586 0.1957934 0.2277867 0.2475821 0.2677290 0.2424865 0.2063449 0.1845865 0.1880630 0.1920819 0.2007886 0.1760648 0.1231639 0.7130567E-01 -9999.000 -9999.000 -9999.000 -9999.000 -9999.000 -9999.000 -9999.000 -9999.000 -9999.000 -9999.000 -9999.000 -9999.000 -9999.000 -9999.000 -9999.000 -9999.000
-9999.000 -9999.000 -9999.000 -9999.000 -9999.000 -9999.000 -9999.000 -9999.000 -9999.000 -9999.000 -9999.000 -9999.000 0.4286527E-01 0.9439503E-01 0.1146505 0.9148084E-01 0.5284832E-01 -9999.000 -9999.000 -9999.000 -9999.000 0.1558648E-01 -9999.000 0.3421080E-01 0.1064895 0.1396543 0.1570731 0.2106834 0.2265431 0.1855604 0.1945272 0.2552347 0.2755028 0.2856522 0.2733487 0.2281228 0.2076320 0.2004014 0.2079086 0.2156544 0.2037597 0.1827173 0.1210265 -9999.000 -9999.000 -9999.000 -9999.000 -9999.000 -9999.000 -9999.000 -9999.000 -9999.000 -9999.000 -9999.000 -9999.000 -9999.000 -9999.000 -9999.000 -9999.000
-9999.000 -9999.000 -9999.000 -9999.000 -9999.000 -9999.000 -9999.000 -9999.000 -9999.000 -9999.000 -9999.000 -9999.000 -9999.000 0.1064072 0.1233675 0.1138652 0.7723818E-01 0.3540607E-01 -9999.000 0.1446029E-01 0.1766676E-01 0.1765019E-01 -9999.000 0.2802603E-01 0.6603600E-01 0.7821266E-01 0.9420631E-01 0.1649971 0.2152386 0.2066463 0.2219106 0.2623847 0.2523268 0.2412310 0.2411283 0.2296923 0.1979032 0.1926395 0.1936283 0.2087959 0.2160482 0.2003233 0.1509461 0.7539087E-01 -9999.000 -9999.000 -9999.000 -9999.000 -9999.000 -9999.000 -9999.000 -9999.000 -9999.000 -9999.000 -9999.000 -9999.000 -9999.000 -9999.000 -9999.000
-9999.000 -9999.000 -9999.000 -9999.000 -9999.000 -9999.000 -9999.000 -9999.000 -9999.000 -9999.000 -9999.000 -9999.000 -9999.000 0.9429258E-01 0.1157215 0.1206685 0.1003216 0.4924354E-01 0.1604692E-01 0.2241554E-01 0.2282697E-01 0.2300560E-01 0.2755106E-01 0.4080333E-01 0.5221273E-01 0.4015289E-01 0.5212863E-01 0.1031496 0.1551871 0.1803107 0.2425140 0.2401678 0.1845032 0.1844384 0.1979161 0.1546785 0.1245568 0.9860984E-01 0.1162403 0.1396523 0.1669425 0.1739322 0.1465535 0.8231585E-01 0.6132034E-01 -9999.000 -9999.000 -9999.000 -9999.000 -9999.000 -9999.000 -9999.000 -9999.000 -9999.000 -9999.000 -9999.000 -9999.000 -9999.000 -9999.000
-9999.000 -9999.000 -9999.000 -9999.000 -9999.000 -9999.000 -9999.000 -9999.000 -9999.000 -9999.000 -9999.000 -9999.000 -9999.000 -9999.000 0.8979304E-01 0.1086522 0.1041094 0.6996166E-01 0.3483753E-01 0.2414743E-01 0.2115678E-01 0.2109692E-01 0.3055151E-01 0.4185011E-01 0.3535979E-01 0.4145634E-01 0.7557910E-01 0.1094604 0.1406396 0.1742297 0.2065244 0.1675715 0.1242853 0.1985112 0.2283784 0.1729252 0.1074278 0.8281421E-01 0.9920388E-01 0.1043940 0.1212137 0.1410406 0.1360283 0.1048088 0.6723837E-01 0.4160126E-01 -9999.000 -9999.000 -9999.000 -9999.000 -9999.000 -9999.000 -9999.000 -9999.000 -9999.000 -9999.000 -9999.000 -9999.000 -9999.000
-9999.000 -9999.000 -9999.000 -9999.000 -9999.000 -9999.000 -9999.000 -9999.000 -9999.000 -9999.000 -9999.000 -9999.000 -9999.000 0.4428914E-01 0.7599547E-01 0.8933124E-01 0.1116152 0.9212345E-01 0.3936948E-01 0.1545380E-01 -9999.000 -9999.000 -9999.000 0.2407177E-01 0.3019404E-01 0.5068511E-01 0.1109351 0.1376020 0.1434667 0.1373423 0.1394132 0.1184287 0.1099007 0.1973849 0.2623244 0.2495905 0.1961549 0.1311495 0.1261422 0.1450503 0.1496249 0.1469629 0.1437409 0.1134710 0.6425672E-01 0.2807238E-01 -9999.000 -9999.000 -9999.000 -9999.000 -9999.000 -9999.000 -9999.000 -9999.000 -9999.000 -9999.000 -9999.000 -9999.000 -9999.000
-9999.000 -9999.000 -9999.000 -9999.000 -9999.000 -9999.000 -9999.000 -9999.000 -9999.000 -9999.000 -9999.000 -9999.000 -9999.000 0.5782655E-01 0.7514704E-01 0.8803996E-01 0.1161233 0.1044374 0.6017657E-01 0.3535932E-01 -9999.000 -9999.000 -9999.000 -9999.000 0.2369037E-01 0.2928441E-01 0.6653328E-01 0.9194680E-01 0.1133209 0.1083396 0.1269153 0.1517824 0.1340544 0.1732556 0.2270506 0.2475673 0.2143546 0.1659459 0.1505855 0.1661720 0.1657038 0.1475649 0.1424933 0.1258286 0.9768223E-01 0.7313714E-01 -9999.000 -9999.000 -9999.000 -9999.000 -9999.000 -9999.000 -9999.000 -9999.000 -9999.000 -9999.000 -9999.000 -9999.000 -9999.000
