simulation_files/asc/Depth____000167.asc
NCOLS        79
NROWS        79
XLLCENTER         -1.500000
YLLCENTER         -4.800000
CELLSIZE           0.100
NODATA_VALUE     -9999.0
[rows 0 to 25 of 79, columns 0 to 58 of 79]
-9999.000 -9999.000 -9999.000 -9999.000 -9999.000 -9999.000 -9999.000 -9999.000 -9999.000 -9999.000 -9999.000 -9999.000 -9999.000 -9999.000 -9999.000 0.6463060 0.6466133 0.6466139 0.6465095 0.6463436 0.6461363 0.6459007 0.6456563 0.6454153 0.6451820 0.6449628 0.6447554 0.6445296 0.6441855 0.6441410 0.6441410 -9999.000 -9999.000 -9999.000 -9999.000 -9999.000 -9999.000 -9999.000 -9999.000 -9999.000 -9999.000 -9999.000 -9999.000 -9999.000 -9999.000 -9999.000 -9999.000 -9999.000 -9999.000 -9999.000 -9999.000 -9999.000 -9999.000 -9999.000 -9999.000 -9999.000 -9999.000 -9999.000 -9999.000
-9999.000 -9999.000 -9999.000 -9999.000 -9999.000 -9999.000 -9999.000 -9999.000 -9999.000 -9999.000 -9999.000 -9999.000 -9999.000 -9999.000 -9999.000 0.6480486 0.6483498 0.6483498 0.6482643 0.6481313 0.6479674 0.6477827 0.6475934 0.6474087 0.6472318 0.6470678 0.6469141 0.6467437 0.6464670 0.6464963 0.6464963 -9999.000 -9999.000 -9999.000 -9999.000 -9999.000 -9999.000 -9999.000 -9999.000 -9999.000 -9999.000 -9999.000 -9999.000 -9999.000 -9999.000 -9999.000 -9999.000 -9999.000 -9999.000 -9999.000 -9999.000 -9999.000 -9999.000 -9999.000 -9999.000 -9999.000 -9999.000 -9999.000 -9999.000
-9999.000 -9999.000 -9999.000 -9999.000 -9999.000 -9999.000 -9999.000 -9999.000 -9999.000 -9999.000 -9999.000 -9999.000 -9999.000 -9999.000 -9999.000 0.6499823 0.6503121 0.6503196 0.6502402 0.6501136 0.6499572 0.6497812 0.6496014 0.6494272 0.6492608 0.6491064 0.6489604 0.6487935 0.6485103 0.6485356 0.6485356 -9999.000 -9999.000 -9999.000 -9999.000 -9999.000 -9999.000 -9999.000 -9999.000 -9999.000 -9999.000 -9999.000 -9999.000 -9999.000 -9999.000 -9999.000 -9999.000 -9999.000 -9999.000 -9999.000 -9999.000 -9999.000 -9999.000 -9999.000 -9999.000 -9999.000 -9999.000 -9999.000 -9999.000
-9999.000 -9999.000 -9999.000 -9999.000 -9999.000 -9999.000 -9999.000 -9999.000 -9999.000 -9999.000 -9999.000 -9999.000 -9999.000 -9999.000 -9999.000 0.6519602 0.6523079 0.6523193 0.6522413 0.6521155 0.6519599 0.6517847 0.6516061 0.6514336 0.6512685 0.6511154 0.6509695 0.6507995 0.6505039 0.6505090 0.6505090 -9999.000 -9999.000 -9999.000 -9999.000 -9999.000 -9999.000 -9999.000 -9999.000 -9999.000 -9999.000 -9999.000 -9999.000 -9999.000 -9999.000 -9999.000 -9999.000 -9999.000 -9999.000 -9999.000 -9999.000 -9999.000 -9999.000 -9999.000 -9999.000 -9999.000 -9999.000 -9999.000 -9999.000
-9999.000 -9999.000 -9999.000 -9999.000 -9999.000 -9999.000 -9999.000 -9999.000 -9999.000 -9999.000 -9999.000 -9999.000 -9999.000 -9999.000 -9999.000 0.6539569 0.6543173 0.6543312 0.6542521 0.6541239 0.6539654 0.6537870 0.6536054 0.6534302 0.6532623 0.6531061 0.6529565 0.6527801 0.6524673 0.6524387 0.6524387 -9999.000 -9999.000 -9999.000 -9999.000 -9999.000 -9999.000 -9999.000 -9999.000 -9999.000 -9999.000 -9999.000 -9999.000 -9999.000 -9999.000 -9999.000 -9999.000 -9999.000 -9999.000 -9999.000 -9999.000 -9999.000 -9999.000 -9999.000 -9999.000 -9999.000 -9999.000 -9999.000 -9999.000
-9999.000 -9999.000 -9999.000 -9999.000 -9999.000 -9999.000 -9999.000 -9999.000 -9999.000 -9999.000 -9999.000 -9999.000 -9999.000 -9999.000 -9999.000 0.6559598 0.6563307 0.6563463 0.6562647 0.6561324 0.6559691 0.6557853 0.6555983 0.6554182 0.6552450 0.6550838 0.6549286 0.6547433 0.6544093 0.6543339 0.6543339 -9999.000 -9999.000 -9999.000 -9999.000 -9999.000 -9999.000 -9999.000 -9999.000 -9999.000 -9999.000 -9999.000 -9999.000 -9999.000 -9999.000 -9999.000 -9999.000 -9999.000 -9999.000 -9999.000 -9999.000 -9999.000 -9999.000 -9999.000 -9999.000 -9999.000 -9999.000 -9999.000 -9999.000
-9999.000 -9999.000 -9999.000 -9999.000 -9999.000 -9999.000 -9999.000 -9999.000 -9999.000 -9999.000 -9999.000 -9999.000 -9999.000 -9999.000 -9999.000 0.6579626 0.6583431 0.6583600 0.6582749 0.6581374 0.6579681 0.6577775 0.6575838 0.6573976 0.6572180 0.6570505 0.6568886 0.6566927 0.6563337 0.6561962 0.6561962 -9999.000 -9999.000 -9999.000 -9999.000 -9999.000 -9999.000 -9999.000 -9999.000 -9999.000 -9999.000 -9999.000 -9999.000 -9999.000 -9999.000 -9999.000 -9999.000 -9999.000 -9999.000 -9999.000 -9999.000 -9999.000 -9999.000 -9999.000 -9999.000 -9999.000 -9999.000 -9999.000 -9999.000
-9999.000 -9999.000 -9999.000 -9999.000 -9999.000 -9999.000 -9999.000 -9999.000 -9999.000 -9999.000 -9999.000 -9999.000 -9999.000 -9999.000 -9999.000 0.6599621 0.6603520 0.6603699 0.6602806 0.6601371 0.6599609 0.6597626 0.6595611 0.6593679 0.6591810 0.6590067 0.6588373 0.6586294 0.6582407 0.6580223 0.6580223 -9999.000 -9999.000 -9999.000 -9999.000 -9999.000 -9999.000 -9999.000 -9999.000 -9999.000 -9999.000 -9999.000 -9999.000 -9999.000 -9999.000 -9999.000 -9999.000 -9999.000 -9999.000 -9999.000 -9999.000 -9999.000 -9999.000 -9999.000 -9999.000 -9999.000 -9999.000 -9999.000 -9999.000
-9999.000 -9999.000 -9999.000 -9999.000 -9999.000 -9999.000 -9999.000 -9999.000 -9999.000 -9999.000 -9999.000 -9999.000 -9999.000 -9999.000 -9999.000 0.6619562 0.6623557 0.6623744 0.6622803 0.6621300 0.6619462 0.6617393 0.6615294 0.6613287 0.6611337 0.6609517 0.6607741 0.6605526 0.6601290 0.6598042 0.6598042 -9999.000 -9999.000 -9999.000 -9999.000 -9999.000 -9999.000 -9999.000 -9999.000 -9999.000 -9999.000 -9999.000 -9999.000 -9999.000 -9999.000 -9999.000 -9999.000 -9999.000 -9999.000 -9999.000 -9999.000 -9999.000 -9999.000 -9999.000 -9999.000 -9999.000 -9999.000 -9999.000 -9999.000
-9999.000 -9999.000 -9999.000 -9999.000 -9999.000 -9999.000 -9999.000 -9999.000 -9999.000 -9999.000 -9999.000 -9999.000 -9999.000 -9999.000 -9999.000 0.6639431 0.6643527 0.6643719 0.6642723 0.6641148 0.6639229 0.6637068 0.6634878 0.6632789 0.6630751 0.6628849 0.6626980 0.6624604 0.6619953 0.6615295 0.6615295 -9999.000 -9999.000 -9999.000 -9999.000 -9999.000 -9999.000 -9999.000 -9999.000 -9999.000 -9999.000 -9999.000 -9999.000 -9999.000 -9999.000 -9999.000 -9999.000 -9999.000 -9999.000 -9999.000 -9999.000 -9999.000 -9999.000 -9999.000 -9999.000 -9999.000 -9999.000 -9999.000 -9999.000
-9999.000 -9999.000 -9999.000 -9999.000 -9999.000 -9999.000 -9999.000 -9999.000 -9999.000 -9999.000 -9999.000 -9999.000 -9999.000 -9999.000 -9999.000 0.6659204 0.6663412 0.6663604 0.6662548 0.6660896 0.6658891 0.6656634 0.6654348 0.6652175 0.6650041 0.6648046 0.6646069 0.6643503 0.6638349 0.6631793 0.6631793 -9999.000 -9999.000 -9999.000 -9999.000 -9999.000 -9999.000 -9999.000 -9999.000 -9999.000 -9999.000 -9999.000 -9999.000 -9999.000 -9999.000 -9999.000 -9999.000 -9999.000 -9999.000 -9999.000 -9999.000 -9999.000 -9999.000 -9999.000 -9999.000 -9999.000 -9999.000 -9999.000 -9999.000
-9999.000 -9999.000 -9999.000 -9999.000 -9999.000 -9999.000 -9999.000 -9999.000 -9999.000 -9999.000 -9999.000 -9999.000 -9999.000 -9999.000 -9999.000 0.6678855 0.6683187 0.6683376 0.6682251 0.6680517 0.6678424 0.6676065 0.6673681 0.6671422 0.6669181 0.6667083 0.6664980 0.6662180 0.6656411 0.6647255 0.6647255 -9999.000 -9999.000 -9999.000 -9999.000 -9999.000 -9999.000 -9999.000 -9999.000 -9999.000 -9999.000 -9999.000 -9999.000 -9999.000 -9999.000 -9999.000 -9999.000 -9999.000 -9999.000 -9999.000 -9999.000 -9999.000 -9999.000 -9999.000 -9999.000 -9999.000 -9999.000 -9999.000 -9999.000
-9999.000 -9999.000 -9999.000 -9999.000 -9999.000 -9999.000 -9999.000 -9999.000 -9999.000 -9999.000 -9999.000 -9999.000 -9999.000 -9999.000 -9999.000 0.6698341 0.6702818 0.6702998 0.6701796 0.6699974 0.6697787 0.6695323 0.6692839 0.6690491 0.6688135 0.6685922 0.6683670 0.6680582 0.6674051 0.6661258 0.6661258 -9999.000 -9999.000 -9999.000 -9999.000 -9999.000 -9999.000 -9999.000 -9999.000 -9999.000 -9999.000 -9999.000 -9999.000 -9999.000 -9999.000 -9999.000 -9999.000 -9999.000 -9999.000 -9999.000 -9999.000 -9999.000 -9999.000 -9999.000 -9999.000 -9999.000 -9999.000 -9999.000 -9999.000
-9999.000 -9999.000 -9999.000 -9999.000 -9999.000 -9999.000 -9999.000 -9999.000 -9999.000 -9999.000 -9999.000 -9999.000 -9999.000 -9999.000 -9999.000 0.6717411 0.6722145 0.6722363 0.6721119 0.6719232 0.6716963 0.6714392 0.6711802 0.6709359 0.6706871 0.6704522 0.6702086 0.6698636 0.6691147 0.6673161 0.6673161 -9999.000 -9999.000 -9999.000 -9999.000 -9999.000 -9999.000 -9999.000 -9999.000 -9999.000 -9999.000 -9999.000 -9999.000 -9999.000 -9999.000 -9999.000 -9999.000 -9999.000 -9999.000 -9999.000 -9999.000 -9999.000 -9999.000 -9999.000 -9999.000 -9999.000 -9999.000 -9999.000 -9999.000
-9999.000 -9999.000 -9999.000 -9999.000 -9999.000 -9999.000 -9999.000 -9999.000 -9999.000 -9999.000 -9999.000 -9999.000 -9999.000 -9999.000 -9999.000 0.6693008 0.6728507 0.6743867 0.6748268 0.6746697 0.6744152 0.6740831 0.6737210 0.6733635 0.6729951 0.6726451 0.6722880 0.6718039 0.6707963 0.6676019 0.6676019 -9999.000 -9999.000 -9999.000 -9999.000 -9999.000 -9999.000 -9999.000 -9999.000 -9999.000 -9999.000 -9999.000 -9999.000 -9999.000 -9999.000 -9999.000 -9999.000 -9999.000 -9999.000 -9999.000 -9999.000 -9999.000 -9999.000 -9999.000 -9999.000 -9999.000 -9999.000 -9999.000 -9999.000
0.7520450 0.7520450 0.7385083 0.7220818 0.7181661 0.7181661 0.7148864 0.7093778 0.7093778 0.7047551 0.7047551 0.7007425 0.6989091 0.6971694 0.6955121 0.6955121 0.6770632 0.6761142 0.6755697 0.6760858 0.6770623 0.6784178 0.6803210 0.6826827 0.6849821 0.6872494 0.6890004 0.6888684 0.6829881 0.6563401 0.6563401 0.4634028 0.4298124 0.4094333 0.4024104 0.4024104 0.3910035 0.3910035 0.3916748 0.3916748 0.4007140 0.4429327 0.4429327 0.5331911 0.5331911 0.5871620 0.5871620 0.5871620 0.5885693 0.5885693 0.5795406 0.5795406 0.5666651 0.5666651 0.5530112 0.5530112 0.5403078 0.5403078 0.5403078
0.7499735 0.7499735 0.7359486 0.7210624 0.7171420 0.7171420 0.7138632 0.7083683 0.7083683 0.7037647 0.7037647 0.6997697 0.6979446 0.6962132 0.6945639 0.6945639 0.6790349 0.6751464 0.6714148 0.6681898 0.6654501 0.6633427 0.6620871 0.6617632 0.6622158 0.6634317 0.6651875 0.6668631 0.6668221 0.6572935 0.6572935 0.5266224 0.4764342 0.4265843 0.4124365 0.4124365 0.3956304 0.3956304 0.3955770 0.3955770 0.4040644 0.4412479 0.4412479 0.5112570 0.5112570 0.5833629 0.5833629 0.5833629 0.5879297 0.5879297 0.5796856 0.5796856 0.5670154 0.5670154 0.5535130 0.5535130 0.5408784 0.5408784 0.5408784
0.7488071 0.7488071 0.7348367 0.7210816 0.7171426 0.7171426 0.7138446 0.7083316 0.7083316 0.7037234 0.7037234 0.6997252 0.6978981 0.6961639 0.6945115 0.6945115 0.6805006 0.6740139 0.6674330 0.6612657 0.6557617 0.6511143 0.6475121 0.6450567 0.6436856 0.6433769 0.6439945 0.6450966 0.6454316 0.6396410 0.6396410 0.5575224 0.5057482 0.4431953 0.4242223 0.4242223 0.4040369 0.4040369 0.4075210 0.4075210 0.4182105 0.4533124 0.4533124 0.5052382 0.5052382 0.5753672 0.5753672 0.5753672 0.5844646 0.5844646 0.5783265 0.5783265 0.5664538 0.5664538 0.5532833 0.5532833 0.5408307 0.5408307 0.5408307
0.7478687 0.7478687 0.7339363 0.7211193 0.7171703 0.7171703 0.7138526 0.7083229 0.7083229 0.7037175 0.7037175 0.6997243 0.6978988 0.6961654 0.6945134 0.6945134 0.6812354 0.6724152 0.6631028 0.6541519 0.6460422 0.6390476 0.6333506 0.6290442 0.6260918 0.6244407 0.6239689 0.6243425 0.6246227 0.6209487 0.6209487 0.5693002 0.5237121 0.4591292 0.4384653 0.4384653 0.4198942 0.4198942 0.4304674 0.4304674 0.4433180 0.4729685 0.4729685 0.5057929 0.5057929 0.5628995 0.5628995 0.5628995 0.5763777 0.5763777 0.5739060 0.5739060 0.5639954 0.5639954 0.5518352 0.5518352 0.5400288 0.5400288 0.5400288
0.7471493 0.7471493 0.7332353 0.7211548 0.7172009 0.7172009 0.7138634 0.7083147 0.7083147 0.7037118 0.7037118 0.6997240 0.6979000 0.6961678 0.6945162 0.6945162 0.6809390 0.6699120 0.6579978 0.6463920 0.6357595 0.6264601 0.6186983 0.6125755 0.6080810 0.6051523 0.6036661 0.6033458 0.6034736 0.6012954 0.6012954 0.5688105 0.5318185 0.4726576 0.4543788 0.4543788 0.4454292 0.4454292 0.4645495 0.4645495 0.4767953 0.4953206 0.4953206 0.5098068 0.5098068 0.5486531 0.5486531 0.5486531 0.5644152 0.5644152 0.5662832 0.5662832 0.5594865 0.5594865 0.5492018 0.5492018 0.5386338 0.5386338 0.5386338
0.7466420 0.7466420 0.7327328 0.7211832 0.7172278 0.7172278 0.7138734 0.7083078 0.7083078 0.7037070 0.7037070 0.6997237 0.6979011 0.6961697 0.6945184 0.6945184 0.6793683 0.6660898 0.6516781 0.6375743 0.6245610 0.6130568 0.6032893 0.5953730 0.5893225 0.5850884 0.5825598 0.5815075 0.5813811 0.5802431 0.5802431 0.5602069 0.5321736 0.4848879 0.4741928 0.4741928 0.4826900 0.4826900 0.5054339 0.5054339 0.5125890 0.5161626 0.5161626 0.5154278 0.5154278 0.5355765 0.5355765 0.5355765 0.5504996 0.5504996 0.5559772 0.5559772 0.5529112 0.5529112 0.5453133 0.5453133 0.5366431 0.5366431 0.5366431
0.7463403 0.7463403 0.7324302 0.7212013 0.7172459 0.7172459 0.7138800 0.7083026 0.7083026 0.7037032 0.7037032 0.6997234 0.6979018 0.6961712 0.6945202 0.6945202 0.6762566 0.6605256 0.6436644 0.6272224 0.6120170 0.5984814 0.5868475 0.5772329 0.5696695 0.5641267 0.5605166 0.5586586 0.5581436 0.5576643 0.5576643 0.5459771 0.5268693 0.4999384 0.5032675 0.5032675 0.5304273 0.5304273 0.5454218 0.5454218 0.5443070 0.5335122 0.5335122 0.5217283 0.5217283 0.5254734 0.5254734 0.5254734 0.5367022 0.5367022 0.5439869 0.5439869 0.5444905 0.5444905 0.5401354 0.5401354 0.5340081 0.5340081 0.5340081
0.7462403 0.7462403 0.7323291 0.7212076 0.7172523 0.7172523 0.7138826 0.7083011 0.7083011 0.7037020 0.7037020 0.6997233 0.6979021 0.6961716 0.6945207 0.6945207 0.6712409 0.6527317 0.6334093 0.6147799 0.5976051 0.5822771 0.5689994 0.5578729 0.5489301 0.5421533 0.5374785 0.5347727 0.5337561 0.5336714 0.5336714 0.5280014 0.5186388 0.5254016 0.5473104 0.5473104 0.5809423 0.5809423 0.5778403 0.5778403 0.5687324 0.5473796 0.5473796 0.5282669 0.5282669 0.5188259 0.5188259 0.5188259 0.5245906 0.5245906 0.5315366 0.5315366 0.5347308 0.5347308 0.5337749 0.5337749 0.5307178 0.5307178 0.5307178
0.7463405 0.7463405 0.7324302 0.7212013 0.7172458 0.7172458 0.7138800 0.7083027 0.7083027 0.7037032 0.7037032 0.6997234 0.6979019 0.6961713 0.6945202 0.6945202 0.6637887 0.6420843 0.6202477 0.5995829 0.5806975 0.5638801 0.5492644 0.5369066 0.5268183 0.5189808 0.5133463 0.5098249 0.5082740 0.5085881 0.5085881 0.5084704 0.5126138 0.5696804 0.6050985 0.6050985 0.6231143 0.6231143 0.6007759 0.6007759 0.5863727 0.5586311 0.5586311 0.5347847 0.5347847 0.5152411 0.5152411 0.5152411 0.5149889 0.5149889 0.5197874 0.5197874 0.5243724 0.5243724 0.5265357 0.5265357 0.5268561 0.5268561 0.5268561
0.7466421 0.7466421 0.7327328 0.7211833 0.7172278 0.7172278 0.7138733 0.7083077 0.7083077 0.7037067 0.7037067 0.6997238 0.6979011 0.6961697 0.6945184 0.6945184 0.6530817 0.6277172 0.6033157 0.5808035 0.5605281 0.5426031 0.5270455 0.5138350 0.5029389 0.4943199 0.4879342 0.4837300 0.4817725 0.4832016 0.4832016 0.4916454 0.5194582 0.6324536 0.6630419 0.6630419 0.6509380 0.6509380 0.6163248 0.6163248 0.5992308 0.5679543 0.5679543 0.5409670 0.5409670 0.5139161 0.5139161 0.5139161 0.5080275 0.5080275 0.5096002 0.5096002 0.5142716 0.5142716 0.5189165 0.5189165 0.5226298 0.5226298 0.5226298
0.7471493 0.7471493 0.7332352 0.7211549 0.7172010 0.7172010 0.7138632 0.7083147 0.7083147 0.7037116 0.7037116 0.6997241 0.6979001 0.6961678 0.6945162 0.6945162 0.6378178 0.6083485 0.5814182 0.5573587 0.5361311 0.5175963 0.5016055 0.4880307 0.4767735 0.4677618 0.4609425 0.4563133 0.4544522 0.4599894 0.4599894 0.4880920 0.5557666 0.6961459 0.7033549 0.7033549 0.6668777 0.6668777 0.6271651 0.6271651 0.6089022 0.5756459 0.5756459 0.5464938 0.5464938 0.5140186 0.5140186 0.5140186 0.5033971 0.5033971 0.5014479 0.5014479 0.5052294 0.5052294 0.5115605 0.5115605 0.5183833 0.5183833 0.5183833
