simulation_files/asc/Depth____000202.asc
NCOLS        79
NROWS        79
XLLCENTER         -1.500000
YLLCENTER         -4.800000
CELLSIZE           0.100
NODATA_VALUE     -9999.0
[rows 0 to 25 of 79, columns 0 to 58 of 79]
-9999.000 -9999.000 -9999.000 -9999.000 -9999.000 -9999.000 -9999.000 -9999.000 -9999.000 -9999.000 -9999.000 -9999.000 -9999.000 -9999.000 -9999.000 0.7750309 0.7756171 0.7759842 0.7761803 0.7761131 0.7758464 0.7754998 0.7751294 0.7747597 0.7744222 0.7741176 0.7738430 0.7735781 0.7732244 0.7732116 0.7732116 -9999.000 -9999.000 -9999.000 -9999.000 -9999.000 -9999.000 -9999.000 -9999.000 -9999.000 -9999.000 -9999.000 -9999.000 -9999.000 -9999.000 -9999.000 -9999.000 -9999.000 -9999.000 -9999.000 -9999.000 -9999.000 -9999.000 -9999.000 -9999.000 -9999.000 -9999.000 -9999.000 -9999.000
-9999.000 -9999.000 -9999.000 -9999.000 -9999.000 -9999.000 -9999.000 -9999.000 -9999.000 -9999.000 -9999.000 -9999.000 -9999.000 -9999.000 -9999.000 0.7769003 0.7774099 0.7777046 0.7778593 0.7778001 0.7775841 0.7773112 0.7770259 0.7767460 0.7764961 0.7762737 0.7760750 0.7758806 0.7756025 0.7756768 0.7756768 -9999.000 -9999.000 -9999.000 -9999.000 -9999.000 -9999.000 -9999.000 -9999.000 -9999.000 -9999.000 -9999.000 -9999.000 -9999.000 -9999.000 -9999.000 -9999.000 -9999.000 -9999.000 -9999.000 -9999.000 -9999.000 -9999.000 -9999.000 -9999.000 -9999.000 -9999.000 -9999.000 -9999.000
-9999.000 -9999.000 -9999.000 -9999.000 -9999.000 -9999.000 -9999.000 -9999.000 -9999.000 -9999.000 -9999.000 -9999.000 -9999.000 -9999.000 -9999.000 0.7788070 0.7793577 0.7796666 0.7798324 0.7797788 0.7795669 0.7792990 0.7790199 0.7787471 0.7785060 0.7782918 0.7781000 0.7779093 0.7776262 0.7776958 0.7776958 -9999.000 -9999.000 -9999.000 -9999.000 -9999.000 -9999.000 -9999.000 -9999.000 -9999.000 -9999.000 -9999.000 -9999.000 -9999.000 -9999.000 -9999.000 -9999.000 -9999.000 -9999.000 -9999.000 -9999.000 -9999.000 -9999.000 -9999.000 -9999.000 -9999.000 -9999.000 -9999.000 -9999.000
-9999.000 -9999.000 -9999.000 -9999.000 -9999.000 -9999.000 -9999.000 -9999.000 -9999.000 -9999.000 -9999.000 -9999.000 -9999.000 -9999.000 -9999.000 0.7807616 0.7813410 0.7816578 0.7818275 0.7817720 0.7815574 0.7812878 0.7810076 0.7807340 0.7804937 0.7802798 0.7800876 0.7798945 0.7796006 0.7796490 0.7796490 -9999.000 -9999.000 -9999.000 -9999.000 -9999.000 -9999.000 -9999.000 -9999.000 -9999.000 -9999.000 -9999.000 -9999.000 -9999.000 -9999.000 -9999.000 -9999.000 -9999.000 -9999.000 -9999.000 -9999.000 -9999.000 -9999.000 -9999.000 -9999.000 -9999.000 -9999.000 -9999.000 -9999.000
-9999.000 -9999.000 -9999.000 -9999.000 -9999.000 -9999.000 -9999.000 -9999.000 -9999.000 -9999.000 -9999.000 -9999.000 -9999.000 -9999.000 -9999.000 0.7827323 0.7833362 0.7836583 0.7838284 0.7837668 0.7835460 0.7832718 0.7829874 0.7827097 0.7824674 0.7822505 0.7820551 0.7818564 0.7815475 0.7815617 0.7815617 -9999.000 -9999.000 -9999.000 -9999.000 -9999.000 -9999.000 -9999.000 -9999.000 -9999.000 -9999.000 -9999.000 -9999.000 -9999.000 -9999.000 -9999.000 -9999.000 -9999.000 -9999.000 -9999.000 -9999.000 -9999.000 -9999.000 -9999.000 -9999.000 -9999.000 -9999.000 -9999.000 -9999.000
-9999.000 -9999.000 -9999.000 -9999.000 -9999.000 -9999.000 -9999.000 -9999.000 -9999.000 -9999.000 -9999.000 -9999.000 -9999.000 -9999.000 -9999.000 0.7847069 0.7853339 0.7856593 0.7858276 0.7857571 0.7855282 0.7852480 0.7849582 0.7846751 0.7844299 0.7842087 0.7840087 0.7838029 0.7834751 0.7834424 0.7834424 -9999.000 -9999.000 -9999.000 -9999.000 -9999.000 -9999.000 -9999.000 -9999.000 -9999.000 -9999.000 -9999.000 -9999.000 -9999.000 -9999.000 -9999.000 -9999.000 -9999.000 -9999.000 -9999.000 -9999.000 -9999.000 -9999.000 -9999.000 -9999.000 -9999.000 -9999.000 -9999.000 -9999.000
-9999.000 -9999.000 -9999.000 -9999.000 -9999.000 -9999.000 -9999.000 -9999.000 -9999.000 -9999.000 -9999.000 -9999.000 -9999.000 -9999.000 -9999.000 0.7866801 0.7873295 0.7876569 0.7878216 0.7877401 0.7875015 0.7872148 0.7869192 0.7866302 0.7863820 0.7861560 0.7859505 0.7857363 0.7853858 0.7852916 0.7852916 -9999.000 -9999.000 -9999.000 -9999.000 -9999.000 -9999.000 -9999.000 -9999.000 -9999.000 -9999.000 -9999.000 -9999.000 -9999.000 -9999.000 -9999.000 -9999.000 -9999.000 -9999.000 -9999.000 -9999.000 -9999.000 -9999.000 -9999.000 -9999.000 -9999.000 -9999.000 -9999.000 -9999.000
-9999.000 -9999.000 -9999.000 -9999.000 -9999.000 -9999.000 -9999.000 -9999.000 -9999.000 -9999.000 -9999.000 -9999.000 -9999.000 -9999.000 -9999.000 0.7886496 0.7893211 0.7896492 0.7898087 0.7897141 0.7894646 0.7891709 0.7888694 0.7885742 0.7883235 0.7880921 0.7878808 0.7876568 0.7872797 0.7871053 0.7871053 -9999.000 -9999.000 -9999.000 -9999.000 -9999.000 -9999.000 -9999.000 -9999.000 -9999.000 -9999.000 -9999.000 -9999.000 -9999.000 -9999.000 -9999.000 -9999.000 -9999.000 -9999.000 -9999.000 -9999.000 -9999.000 -9999.000 -9999.000 -9999.000 -9999.000 -9999.000 -9999.000 -9999.000
-9999.000 -9999.000 -9999.000 -9999.000 -9999.000 -9999.000 -9999.000 -9999.000 -9999.000 -9999.000 -9999.000 -9999.000 -9999.000 -9999.000 -9999.000 0.7906139 0.7913072 0.7916349 0.7917878 0.7916781 0.7914163 0.7911153 0.7908076 0.7905061 0.7902533 0.7900164 0.7897987 0.7895637 0.7891549 0.7888763 0.7888763 -9999.000 -9999.000 -9999.000 -9999.000 -9999.000 -9999.000 -9999.000 -9999.000 -9999.000 -9999.000 -9999.000 -9999.000 -9999.000 -9999.000 -9999.000 -9999.000 -9999.000 -9999.000 -9999.000 -9999.000 -9999.000 -9999.000 -9999.000 -9999.000 -9999.000 -9999.000 -9999.000 -9999.000
-9999.000 -9999.000 -9999.000 -9999.000 -9999.000 -9999.000 -9999.000 -9999.000 -9999.000 -9999.000 -9999.000 -9999.000 -9999.000 -9999.000 -9999.000 0.7925720 0.7932866 0.7936128 0.7937578 0.7936310 0.7933555 0.7930465 0.7927325 0.7924244 0.7921700 0.7919271 0.7917026 0.7914550 0.7910089 0.7905935 0.7905935 -9999.000 -9999.000 -9999.000 -9999.000 -9999.000 -9999.000 -9999.000 -9999.000 -9999.000 -9999.000 -9999.000 -9999.000 -9999.000 -9999.000 -9999.000 -9999.000 -9999.000 -9999.000 -9999.000 -9999.000 -9999.000 -9999.000 -9999.000 -9999.000 -9999.000 -9999.000 -9999.000 -9999.000
-9999.000 -9999.000 -9999.000 -9999.000 -9999.000 -9999.000 -9999.000 -9999.000 -9999.000 -9999.000 -9999.000 -9999.000 -9999.000 -9999.000 -9999.000 0.7945219 0.7952582 0.7955816 0.7957174 0.7955716 0.7952806 0.7949632 0.7946426 0.7943274 0.7940722 0.7938225 0.7935903 0.7933283 0.7928376 0.7922412 0.7922412 -9999.000 -9999.000 -9999.000 -9999.000 -9999.000 -9999.000 -9999.000 -9999.000 -9999.000 -9999.000 -9999.000 -9999.000 -9999.000 -9999.000 -9999.000 -9999.000 -9999.000 -9999.000 -9999.000 -9999.000 -9999.000 -9999.000 -9999.000 -9999.000 -9999.000 -9999.000 -9999.000 -9999.000
-9999.000 -9999.000 -9999.000 -9999.000 -9999.000 -9999.000 -9999.000 -9999.000 -9999.000 -9999.000 -9999.000 -9999.000 -9999.000 -9999.000 -9999.000 0.7964601 0.7972186 0.7975379 0.7976641 0.7974983 0.7971902 0.7968639 0.7965360 0.7962132 0.7959577 0.7957001 0.7954593 0.7951802 0.7946362 0.7937967 0.7937967 -9999.000 -9999.000 -9999.000 -9999.000 -9999.000 -9999.000 -9999.000 -9999.000 -9999.000 -9999.000 -9999.000 -9999.000 -9999.000 -9999.000 -9999.000 -9999.000 -9999.000 -9999.000 -9999.000 -9999.000 -9999.000 -9999.000 -9999.000 -9999.000 -9999.000 -9999.000 -9999.000 -9999.000
-9999.000 -9999.000 -9999.000 -9999.000 -9999.000 -9999.000 -9999.000 -9999.000 -9999.000 -9999.000 -9999.000 -9999.000 -9999.000 -9999.000 -9999.000 0.7983660 0.7991502 0.7994655 0.7995883 0.7994097 0.7990870 0.7987512 0.7984157 0.7980841 0.7978286 0.7975610 0.7973096 0.7970095 0.7964004 0.7952290 0.7952290 -9999.000 -9999.000 -9999.000 -9999.000 -9999.000 -9999.000 -9999.000 -9999.000 -9999.000 -9999.000 -9999.000 -9999.000 -9999.000 -9999.000 -9999.000 -9999.000 -9999.000 -9999.000 -9999.000 -9999.000 -9999.000 -9999.000 -9999.000 -9999.000 -9999.000 -9999.000 -9999.000 -9999.000
-9999.000 -9999.000 -9999.000 -9999.000 -9999.000 -9999.000 -9999.000 -9999.000 -9999.000 -9999.000 -9999.000 -9999.000 -9999.000 -9999.000 -9999.000 0.7997382 0.8006434 0.8010681 0.8014198 0.8013953 0.8011061 0.8007628 0.8004135 0.8000621 0.7997953 0.7995032 0.7992281 0.7988929 0.7981967 0.7965700 0.7965700 -9999.000 -9999.000 -9999.000 -9999.000 -9999.000 -9999.000 -9999.000 -9999.000 -9999.000 -9999.000 -9999.000 -9999.000 -9999.000 -9999.000 -9999.000 -9999.000 -9999.000 -9999.000 -9999.000 -9999.000 -9999.000 -9999.000 -9999.000 -9999.000 -9999.000 -9999.000 -9999.000 -9999.000
-9999.000 -9999.000 -9999.000 -9999.000 -9999.000 -9999.000 -9999.000 -9999.000 -9999.000 -9999.000 -9999.000 -9999.000 -9999.000 -9999.000 -9999.000 0.7836406 0.7951040 0.8015075 0.8064196 0.8082430 0.8076101 0.8064311 0.8052713 0.8041908 0.8033338 0.8025515 0.8018862 0.8012162 0.8001280 0.7970702 0.7970702 -9999.000 -9999.000 -9999.000 -9999.000 -9999.000 -9999.000 -9999.000 -9999.000 -9999.000 -9999.000 -9999.000 -9999.000 -9999.000 -9999.000 -9999.000 -9999.000 -9999.000 -9999.000 -9999.000 -9999.000 -9999.000 -9999.000 -9999.000 -9999.000 -9999.000 -9999.000 -9999.000 -9999.000
0.8993223 0.8993223 0.9043865 0.8826680 0.8781006 0.8781006 0.8745094 0.8685731 0.8685731 0.8637209 0.8637209 0.8596098 0.8577589 0.8560151 0.8543301 0.8543301 0.8072653 0.8056458 0.8042813 0.8025115 0.8029738 0.8048427 0.8071376 0.8096899 0.8133928 0.8164710 0.8192605 0.8205685 0.8163774 0.7902863 0.7902863 0.5719805 0.5299181 0.5009841 0.4908952 0.4908952 0.4730178 0.4730178 0.4650003 0.4650003 0.4690451 0.5019614 0.5019614 0.5735157 0.5735157 0.6941668 0.6941668 0.6941668 0.7096550 0.7096550 0.7052463 0.7052463 0.6918346 0.6918346 0.6754778 0.6754778 0.6591557 0.6591557 0.6591557
0.8959870 0.8959870 0.9027166 0.8816318 0.8769484 0.8769484 0.8733175 0.8673787 0.8673787 0.8625435 0.8625435 0.8584495 0.8566065 0.8548709 0.8531938 0.8531938 0.8133651 0.8060870 0.8002347 0.7948253 0.7908065 0.7880276 0.7862148 0.7853581 0.7858438 0.7870769 0.7890667 0.7913253 0.7921847 0.7854760 0.7854760 0.6433446 0.5837464 0.5219847 0.5035450 0.5035450 0.4788766 0.4788766 0.4702438 0.4702438 0.4744015 0.5049463 0.5049463 0.5656896 0.5656896 0.6783247 0.6783247 0.6783247 0.7047567 0.7047567 0.7040524 0.7040524 0.6919066 0.6919066 0.6760509 0.6760509 0.6599511 0.6599511 0.6599511
0.8943790 0.8943790 0.9028524 0.8818443 0.8770525 0.8770525 0.8733370 0.8673427 0.8673427 0.8624979 0.8624979 0.8583972 0.8565507 0.8548112 0.8531256 0.8531256 0.8181989 0.8064885 0.7964077 0.7873424 0.7797419 0.7736815 0.7690127 0.7656525 0.7637866 0.7631284 0.7635909 0.7648544 0.7657372 0.7617221 0.7617221 0.6755328 0.6159285 0.5408303 0.5167884 0.5167884 0.4871761 0.4871761 0.4820782 0.4820782 0.4897740 0.5237924 0.5237924 0.5738223 0.5738223 0.6653154 0.6653154 0.6653154 0.6959115 0.6959115 0.6998066 0.6998066 0.6900209 0.6900209 0.6752027 0.6752027 0.6595845 0.6595845 0.6595845
0.8933447 0.8933447 0.9022349 0.8820763 0.8772054 0.8772054 0.8733988 0.8673441 0.8673441 0.8624966 0.8624966 0.8583970 0.8565503 0.8548105 0.8531142 0.8531142 0.8217081 0.8064889 0.7924926 0.7797809 0.7687361 0.7595426 0.7521692 0.7465249 0.7426488 0.7403488 0.7394711 0.7397416 0.7403065 0.7379578 0.7379578 0.6852399 0.6342849 0.5579504 0.5316530 0.5316530 0.5021234 0.5021234 0.5056251 0.5056251 0.5182303 0.5532004 0.5532004 0.5881566 0.5881566 0.6516765 0.6516765 0.6516765 0.6818469 0.6818469 0.6906878 0.6906878 0.6848511 0.6848511 0.6722860 0.6722860 0.6579430 0.6579430 0.6579430
0.8928962 0.8928962 0.9011723 0.8822759 0.8773502 0.8773502 0.8734613 0.8673469 0.8673469 0.8624974 0.8624974 0.8583996 0.8565530 0.8548128 0.8530997 0.8530997 0.8234451 0.8053277 0.7878330 0.7716723 0.7573247 0.7450621 0.7349551 0.7269623 0.7210654 0.7171196 0.7149457 0.7142794 0.7144662 0.7132369 0.7132369 0.6811001 0.6408775 0.5711520 0.5466483 0.5466483 0.5261136 0.5261136 0.5432373 0.5432373 0.5591887 0.5871928 0.5871928 0.6039729 0.6039729 0.6391030 0.6391030 0.6391030 0.6648047 0.6648047 0.6773545 0.6773545 0.6763456 0.6763456 0.6672313 0.6672313 0.6550907 0.6550907 0.6550907
0.8933825 0.8933825 0.8994252 0.8824481 0.8774730 0.8774730 0.8735149 0.8673488 0.8673488 0.8624964 0.8624964 0.8583992 0.8565521 0.8548115 0.8530731 0.8530731 0.8231129 0.8023672 0.7817500 0.7624323 0.7450266 0.7298712 0.7171104 0.7067592 0.6987969 0.6931170 0.6895547 0.6878671 0.6875443 0.6869950 0.6869950 0.6678625 0.6381579 0.5810223 0.5633653 0.5633653 0.5629988 0.5629988 0.5929202 0.5929202 0.6067555 0.6192552 0.6192552 0.6184717 0.6184717 0.6293038 0.6293038 0.6293038 0.6476711 0.6476711 0.6614227 0.6614227 0.6649112 0.6649112 0.6600127 0.6600127 0.6509621 0.6509621 0.6509621
0.8934764 0.8934764 0.8985059 0.8825613 0.8775533 0.8775533 0.8735507 0.8673506 0.8673506 0.8624965 0.8624965 0.8583999 0.8565527 0.8548118 0.8530369 0.8530369 0.8204401 0.7970462 0.7735583 0.7513910 0.7312382 0.7134692 0.6982638 0.6856757 0.6756993 0.6682624 0.6632322 0.6604056 0.6593952 0.6591313 0.6591313 0.6483557 0.6283853 0.5909449 0.5872809 0.5872809 0.6153821 0.6153821 0.6466813 0.6466813 0.6518287 0.6454372 0.6454372 0.6308389 0.6308389 0.6229772 0.6229772 0.6229772 0.6326802 0.6326802 0.6448019 0.6448019 0.6513864 0.6513864 0.6507872 0.6507872 0.6455071 0.6455071 0.6455071
0.8935078 0.8935078 0.8981991 0.8825980 0.8775800 0.8775800 0.8735629 0.8673512 0.8673512 0.8624967 0.8624967 0.8584002 0.8565529 0.8548120 0.8529849 0.8529849 0.8150554 0.7887640 0.7625318 0.7378005 0.7152514 0.6952305 0.6779068 0.6633404 0.6515331 0.6424356 0.6359504 0.6319226 0.6300819 0.6298234 0.6298234 0.6246690 0.6142072 0.6083133 0.6270763 0.6270763 0.6785864 0.6785864 0.6934600 0.6934600 0.6874295 0.6653072 0.6653072 0.6414159 0.6414159 0.6199304 0.6199304 0.6199304 0.6209969 0.6209969 0.6292019 0.6292019 0.6368870 0.6368870 0.6399745 0.6399745 0.6388005 0.6388005 0.6388005
0.8934764 0.8934764 0.8985060 0.8825611 0.8775533 0.8775533 0.8735507 0.8673505 0.8673505 0.8624966 0.8624966 0.8583999 0.8565527 0.8548120 0.8529109 0.8529109 0.8063843 0.7767781 0.7478323 0.7208024 0.6962421 0.6744031 0.6553913 0.6392331 0.6259145 0.6153919 0.6075929 0.6024093 0.5997034 0.5994484 0.5994484 0.5990045 0.6001554 0.6446815 0.6883997 0.6883997 0.7388943 0.7388943 0.7271881 0.7271881 0.7123516 0.6802939 0.6802939 0.6506454 0.6506454 0.6194149 0.6194149 0.6194149 0.6127813 0.6127813 0.6157970 0.6157970 0.6226218 0.6226218 0.6282642 0.6282642 0.6311052 0.6311052 0.6311052
0.8933824 0.8933824 0.8994252 0.8824481 0.8774729 0.8774729 0.8735148 0.8673487 0.8673487 0.8624964 0.8624964 0.8583993 0.8565521 0.8548117 0.8528062 0.8528062 0.7935083 0.7600656 0.7283999 0.6993591 0.6732334 0.6500959 0.6299312 0.6126891 0.5983120 0.5867398 0.5779093 0.5717533 0.5683422 0.5688149 0.5688149 0.5752264 0.5958987 0.7082930 0.7628686 0.7628686 0.7825754 0.7825754 0.7488214 0.7488214 0.7292306 0.6919772 0.6919772 0.6587683 0.6587683 0.6205705 0.6205705 0.6205705 0.6075858 0.6075858 0.6051505 0.6051505 0.6096640 0.6096640 0.6165395 0.6165395 0.6229068 0.6229068 0.6229068
0.8928961 0.8928961 0.9011723 0.8822759 0.8773502 0.8773502 0.8734610 0.8673469 0.8673469 0.8624974 0.8624974 0.8583997 0.8565530 0.8548130 0.8526598 0.8526598 0.7749198 0.7371070 0.7027888 0.6721376 0.6450199 0.6212322 0.6005777 0.5828898 0.5680395 0.5559305 0.5464916 0.5397052 0.5361694 0.5403976 0.5403976 0.5629567 0.6196496 0.7891095 0.8271229 0.8271229 0.8070937 0.8070937 0.7625193 0.7625193 0.7410376 0.7012661 0.7012661 0.6657488 0.6657488 0.6225997 0.6225997 0.6225997 0.6046886 0.6046886 0.5972947 0.5972947 0.5987791 0.5987791 0.6057295 0.6057295 0.6148679 0.6148679 0.6148679
