simulation_files/asc/Depth____615.0.asc
NCOLS       216
NROWS       273
XLLCENTER        494.688995
YLLCENTER        787.867981
CELLSIZE           0.500
NODATA_VALUE     -9999.0
[rows 162 to 188 of 273, columns 118 to 176 of 216]
2.003192 2.679040 2.877032 2.913923 2.925727 2.936028 2.710580 2.136102 1.590951 -9999.000 0.1765620 0.8471007E-01 0.1140447 0.1575922 0.1391763 0.1271243 0.1521403 0.1660594 0.1889108 0.1960320 0.1913436 0.1507545 0.1043514 0.1116111 0.1409092 0.1467861 0.1110893 0.7235513E-01 -9999.000 -9999.000 -9999.000 -9999.000 -9999.000 -9999.000 -9999.000 -9999.000 -9999.000 -9999.000 -9999.000 -9999.000 -9999.000 -9999.000 -9999.000 -9999.000 -9999.000 -9999.000 -9999.000 -9999.000 -9999.000 -9999.000 -9999.000 -9999.000 -9999.000 -9999.000 -9999.000 -9999.000 -9999.000 -9999.000 -9999.000
1.664279 2.585614 2.870392 2.903331 2.904036 2.496694 1.904627 1.212030 -9999.000 0.1871665 0.1430651 0.1232490 0.1301135 0.1232994 0.1385368 0.1494843 0.1539760 0.1540491 0.1885198 0.2126198 0.2152061 0.1583045 0.1152432 0.1227985 0.1607738 0.1747733 0.1515625 0.1059908 0.4679967E-01 -9999.000 -9999.000 -9999.000 -9999.000 -9999.000 -9999.000 -9999.000 -9999.000 -9999.000 -9999.000 -9999.000 -9999.000 -9999.000 -9999.000 -9999.000 -9999.000 -9999.000 -9999.000 -9999.000 -9999.000 -9999.000 -9999.000 -9999.000 -9999.000 -9999.000 -9999.000 -9999.000 -9999.000 -9999.000 -9999.000
1.265623 2.294554 2.750542 2.890751 2.466159 1.603225 -9999.000 0.2335253 0.1470931 0.1068843 0.1223621 0.1087673 0.1025144 0.9146754E-01 0.1173848 0.1425333 0.1388634 0.1414093 0.1653509 0.1984198 0.2044687 0.1399741 0.1059237 0.1243579 0.1677176 0.1750126 0.1396735 0.1076084 0.4827809E-01 -9999.000 -9999.000 -9999.000 -9999.000 -9999.000 -9999.000 -9999.000 -9999.000 -9999.000 -9999.000 -9999.000 -9999.000 -9999.000 -9999.000 -9999.000 -9999.000 -9999.000 -9999.000 -9999.000 -9999.000 -9999.000 -9999.000 -9999.000 -9999.000 -9999.000 -9999.000 -9999.000 -9999.000 -9999.000 -9999.000
-9999.000 1.493978 2.311100 2.407473 1.484810 0.5538778 0.1393506 0.1378240 0.1097074 0.7857356E-01 0.6759885E-01 0.6847543E-01 0.8261879E-01 0.8207419E-01 0.1072234 0.1365890 0.1459508 0.1656609 0.1899286 0.2161826 0.1721201 0.1140970 0.9708183E-01 0.1145849 0.1568435 0.1562062 0.1416394 0.1060810 0.5992032E-01 0.2530635E-01 -9999.000 -9999.000 -9999.000 -9999.000 -9999.000 -9999.000 -9999.000 -9999.000 -9999.000 -9999.000 -9999.000 -9999.000 -9999.000 -9999.000 -9999.000 -9999.000 -9999.000 -9999.000 -9999.000 -9999.000 -9999.000 -9999.000 -9999.000 -9999.000 -9999.000 -9999.000 -9999.000 -9999.000 -9999.000
-9999.000 0.6758211 1.368719 1.212615 0.5264306 0.1338294 0.1590646 0.1416134 0.1287279 0.9630900E-01 0.6017450E-01 0.5540507E-01 0.6727087E-01 0.6685020E-01 0.1112985 0.1663886 0.1994226 0.2246637 0.2470923 0.2151944 0.1329738 0.1260567 0.1233996 0.1328361 0.1555762 0.1663613 0.1554427 0.1298882 0.9885071E-01 0.5660207E-01 -9999.000 -9999.000 0.1836429E-01 -9999.000 -9999.000 -9999.000 -9999.000 -9999.000 -9999.000 -9999.000 -9999.000 -9999.000 -9999.000 -9999.000 -9999.000 -9999.000 -9999.000 -9999.000 -9999.000 -9999.000 -9999.000 -9999.000 -9999.000 -9999.000 -9999.000 -9999.000 -9999.000 -9999.000 -9999.000
-9999.000 -9999.000 -9999.000 0.3037518 0.1697654 0.1916712 0.1658396 0.1578608 0.1616526 0.1327297 0.1045191 0.9000653E-01 0.7818438E-01 0.7531781E-01 0.1330023 0.2126940 0.2290852 0.2390847 0.2395807 0.1648192 0.9408631E-01 0.1356952 0.1456091 0.1598764 0.1660767 0.1340737 0.1272922 0.1261138 0.1139909 0.7836421E-01 -9999.000 -9999.000 -9999.000 -9999.000 -9999.000 -9999.000 -9999.000 -9999.000 -9999.000 -9999.000 -9999.000 -9999.000 -9999.000 -9999.000 -9999.000 -9999.000 -9999.000 -9999.000 -9999.000 -9999.000 -9999.000 -9999.000 -9999.000 -9999.000 -9999.000 -9999.000 -9999.000 -9999.000 -9999.000
-9999.000 -9999.000 -9999.000 0.8293255E-01 0.1848829 0.1909803 0.1909241 0.1971363 0.2020314 0.1840057 0.1677161 0.1509547 0.1211992 0.1091249 0.1383228 0.1850368 0.1961548 0.1958344 0.1632930 0.1377405 0.9748765E-01 0.1277352 0.1490343 0.1669728 0.1621206 0.1082549 0.9033206E-01 0.1127969 0.1225445 0.1010854 0.4986888E-01 0.1892156E-01 -9999.000 -9999.000 -9999.000 -9999.000 -9999.000 -9999.000 -9999.000 -9999.000 -9999.000 -9999.000 -9999.000 -9999.000 -9999.000 -9999.000 -9999.000 -9999.000 -9999.000 -9999.000 -9999.000 -9999.000 -9999.000 -9999.000 -9999.000 -9999.000 -9999.000 -9999.000 -9999.000
-9999.000 -9999.000 -9999.000 0.7274559E-01 0.1070081 0.1458583 0.1969614 0.2229573 0.2062858 0.1830150 0.1703413 0.1750734 0.1497976 0.1172180 0.1062904 0.8923186E-01 0.1243886 0.1146583 0.1295241 0.1702493 0.1386789 0.1559951 0.1856818 0.2132988 0.2050637 0.1444557 0.1075188 0.1146701 0.1281856 0.1234104 0.7888912E-01 0.4055518E-01 0.3430253E-01 -9999.000 -9999.000 -9999.000 -9999.000 -9999.000 -9999.000 -9999.000 -9999.000 -9999.000 -9999.000 -9999.000 -9999.000 -9999.000 -9999.000 -9999.000 -9999.000 -9999.000 -9999.000 -9999.000 -9999.000 -9999.000 -9999.000 -9999.000 -9999.000 -9999.000 -9999.000
-9999.000 -9999.000 -9999.000 0.2427494E-01 0.6274358E-01 0.1269257 0.1901525 0.2070645 0.2006884 0.1839002 0.1614532 0.1381295 0.1076470 0.8680820E-01 0.9194892E-01 0.1160919 0.1316975 0.1144178 0.1303785 0.1512778 0.1363061 0.1699729 0.2358462 0.2765137 0.2597073 0.1829652 0.1243507 0.1257910 0.1383581 0.1503677 0.1092203 0.7130645E-01 0.5785976E-01 0.4849341E-01 -9999.000 -9999.000 -9999.000 -9999.000 -9999.000 -9999.000 -9999.000 -9999.000 -9999.000 -9999.000 -9999.000 -9999.000 -9999.000 -9999.000 -9999.000 -9999.000 -9999.000 -9999.000 -9999.000 -9999.000 -9999.000 -9999.000 -9999.000 -9999.000 -9999.000
-9999.000 -9999.000 -9999.000 -9999.000 -9999.000 0.9070266E-01 0.1326585 0.1706064 0.2004606 0.2205800 0.1616089 0.8701166E-01 0.5164504E-01 0.4575272E-01 0.8556708E-01 0.1521342 0.1890713 0.2047070 0.1519796 0.8975363E-01 0.7631871E-01 0.1457322 0.2538201 0.2921140 0.2476918 0.1744070 0.1376256 0.1580001 0.1821064 0.1887835 0.1385361 0.1080409 0.1105448 0.9059517E-01 0.7143198E-01 0.6309808E-01 -9999.000 0.2398384E-01 -9999.000 -9999.000 -9999.000 -9999.000 -9999.000 -9999.000 -9999.000 -9999.000 -9999.000 -9999.000 -9999.000 -9999.000 -9999.000 -9999.000 -9999.000 -9999.000 -9999.000 -9999.000 -9999.000 -9999.000 -9999.000
-9999.000 -9999.000 -9999.000 -9999.000 -9999.000 0.5146078E-01 0.6661406E-01 0.1220408 0.1825817 0.2066683 0.1709326 0.1033743 0.7021486E-01 0.7180274E-01 0.1062185 0.1672247 0.2017350 0.2333581 0.1946606 0.1170736 0.9697754E-01 0.1591417 0.2431759 0.2574026 0.2201122 0.1587562 0.1362455 0.1450001 0.1784757 0.2005225 0.1632734 0.1526230 0.1655985 0.1552156 0.1060128 0.8758556E-01 0.8029331E-01 0.5456511E-01 -9999.000 -9999.000 -9999.000 -9999.000 -9999.000 -9999.000 -9999.000 -9999.000 -9999.000 -9999.000 -9999.000 -9999.000 -9999.000 -9999.000 -9999.000 -9999.000 -9999.000 -9999.000 -9999.000 -9999.000 -9999.000
-9999.000 -9999.000 -9999.000 -9999.000 -9999.000 0.4050484E-01 0.7218081E-01 0.1160822 0.1629130 0.1835711 0.1892756 0.1588006 0.1147146 0.1116154 0.1385112 0.1703654 0.1955588 0.2422797 0.2486486 0.2106084 0.1973786 0.2004173 0.2098917 0.2213587 0.1613368 0.1298995 0.1123868 0.1045945 0.1264921 0.1683127 0.1540195 0.1583132 0.1775014 0.1702671 0.1401375 0.1123292 0.1127929 0.1035326 0.5703057E-01 -9999.000 -9999.000 -9999.000 -9999.000 -9999.000 -9999.000 -9999.000 -9999.000 -9999.000 -9999.000 -9999.000 -9999.000 -9999.000 -9999.000 -9999.000 -9999.000 -9999.000 -9999.000 -9999.000 -9999.000
-9999.000 -9999.000 -9999.000 -9999.000 -9999.000 -9999.000 0.1018842 0.1102126 0.1409170 0.1822577 0.2108014 0.1910564 0.1423111 0.1091676 0.1173289 0.1391269 0.1747383 0.2374255 0.2595673 0.2595160 0.2728475 0.2113560 0.1704136 0.1539967 0.1322806 0.1127869 0.9801384E-01 0.1022147 0.1253578 0.1551824 0.1384504 0.1273998 0.1375615 0.1502137 0.1348995 0.1084451 0.1182063 0.1149815 0.7278168E-01 0.3357120E-01 -9999.000 -9999.000 -9999.000 -9999.000 -9999.000 -9999.000 -9999.000 -9999.000 -9999.000 -9999.000 -9999.000 -9999.000 -9999.000 -9999.000 -9999.000 -9999.000 -9999.000 -9999.000 -9999.000
-9999.000 -9999.000 -9999.000 -9999.000 -9999.000 -9999.000 -9999.000 0.5925846E-01 0.9739848E-01 0.1739562 0.2223302 0.2017844 0.1469811 0.8303946E-01 0.6409373E-01 0.7314489E-01 0.1252221 0.2206876 0.2308419 0.2127635 0.1863699 0.1439406 0.1324194 0.1710235 0.1999313 0.1389317 0.1155040 0.1300476 0.1494673 0.1730409 0.1646145 0.1351169 0.1260683 0.1401750 0.1196027 0.7334980E-01 0.7429403E-01 0.1046265 0.9665702E-01 0.7758428E-01 -9999.000 -9999.000 -9999.000 -9999.000 -9999.000 -9999.000 -9999.000 -9999.000 -9999.000 -9999.000 -9999.000 -9999.000 -9999.000 -9999.000 -9999.000 -9999.000 -9999.000 -9999.000 -9999.000
-9999.000 -9999.000 -9999.000 -9999.000 -9999.000 -9999.000 -9999.000 -9999.000 0.5229747E-01 0.1304941 0.1873775 0.1848602 0.1235075 0.5328213E-01 0.2942193E-01 0.3309878E-01 0.7233903E-01 0.1508738 0.1511922 0.1225602 0.9664911E-01 0.1030565 0.1312207 0.2104510 0.2447763 0.1914211 0.1791194 0.1919302 0.2003155 0.2123067 0.2257573 0.2236917 0.1730705 0.1389294 0.8569095E-01 0.3717948E-01 0.6967359E-01 0.1174805 0.1301650 0.9304057E-01 -9999.000 -9999.000 -9999.000 -9999.000 -9999.000 -9999.000 -9999.000 -9999.000 -9999.000 -9999.000 -9999.000 -9999.000 -9999.000 -9999.000 -9999.000 -9999.000 -9999.000 -9999.000 -9999.000
-9999.000 -9999.000 -9999.000 -9999.000 -9999.000 -9999.000 -9999.000 -9999.000 0.2492183E-01 0.7565804E-01 0.1417175 0.1604562 0.1250179 0.5441973E-01 0.2384879E-01 -9999.000 0.3047596E-01 0.7367901E-01 0.9114051E-01 0.9325239E-01 0.1169263 0.1188724 0.1270913 0.2026181 0.2469545 0.2304029 0.2231604 0.2258860 0.2038178 0.1981717 0.2490449 0.2556940 0.2271005 0.1591466 0.7039780E-01 0.5955414E-01 0.1058521 0.1234610 0.1130527 0.8815279E-01 0.4544193E-01 -9999.000 -9999.000 -9999.000 -9999.000 -9999.000 -9999.000 -9999.000 -9999.000 -9999.000 -9999.000 -9999.000 -9999.000 -9999.000 -9999.000 -9999.000 -9999.000 -9999.000 -9999.000
-9999.000 -9999.000 -9999.000 -9999.000 -9999.000 -9999.000 -9999.000 -9999.000 -9999.000 0.6291342E-01 0.1357926 0.1612230 0.1454967 0.9341498E-01 0.4341132E-01 0.2205954E-01 0.1562374E-01 0.3814253E-01 0.5714550E-01 0.7786623E-01 0.1142327 0.1494804 0.1513435 0.1931584 0.2454345 0.2364467 0.2137842 0.1830914 0.1127417 0.1182389 0.1973191 0.2168467 0.2152089 0.1665670 0.1170398 0.1280853 0.1384567 0.1285318 0.1127190 0.1215989 0.9689076E-01 -9999.000 -9999.000 -9999.000 -9999.000 -9999.000 -9999.000 -9999.000 -9999.000 -9999.000 -9999.000 -9999.000 -9999.000 -9999.000 -9999.000 -9999.000 -9999.000 -9999.000 -9999.000
-9999.000 -9999.000 -9999.000 -9999.000 -9999.000 -9999.000 -9999.000 -9999.000 -9999.000 -9999.000 0.9941031E-01 0.1330949 0.1475028 0.1233884 0.7928637E-01 0.3467204E-01 -9999.000 0.2009527E-01 0.3632624E-01 0.5902818E-01 0.1054730 0.1667879 0.1754484 0.1889128 0.2409508 0.2149410 0.1674963 0.1076781 0.1055330 0.1306034 0.1494753 0.1555966 0.1639460 0.1415433 0.1398249 0.1710679 0.1659109 0.1427978 0.1528279 0.1696939 0.1305333 -9999.000 -9999.000 -9999.000 -9999.000 -9999.000 -9999.000 -9999.000 -9999.000 -9999.000 -9999.000 -9999.000 -9999.000 -9999.000 -9999.000 -9999.000 -9999.000 -9999.000 -9999.000
-9999.000 -9999.000 -9999.000 -9999.000 -9999.000 -9999.000 -9999.000 -9999.000 -9999.000 -9999.000 0.6562369E-01 0.1094350 0.1437900 0.1561891 0.1141516 0.5584458E-01 0.2026019E-01 0.1724990E-01 0.2951585E-01 0.4848216E-01 0.8480926E-01 0.1354931 0.1466781 0.1797650 0.2100449 0.1742168 0.1115798 0.7958944E-01 0.1358157 0.1807737 0.1689639 0.1418898 0.1425554 0.1271867 0.1345823 0.1820804 0.1728562 0.1454936 0.1632578 0.1970701 0.1576245 0.9126987E-01 -9999.000 -9999.000 -9999.000 -9999.000 -9999.000 -9999.000 -9999.000 -9999.000 -9999.000 -9999.000 -9999.000 -9999.000 -9999.000 -9999.000 -9999.000 -9999.000 -9999.000
-9999.000 -9999.000 -9999.000 -9999.000 -9999.000 -9999.000 -9999.000 -9999.000 -9999.000 -9999.000 -9999.000 0.5953041E-01 0.1159735 0.1594888 0.1440244 0.9081068E-01 -9999.000 -9999.000 -9999.000 -9999.000 0.5087150E-01 0.9109955E-01 0.1044166 0.1391492 0.1778732 0.1517715 0.1405408 0.1402957 0.1830575 0.2123523 0.2169859 0.1822387 0.1896465 0.1871321 0.1902334 0.2134836 0.1904339 0.1747657 0.1860790 0.2086313 0.1862863 0.1142205 0.6706352E-01 -9999.000 -9999.000 -9999.000 -9999.000 -9999.000 -9999.000 -9999.000 -9999.000 -9999.000 -9999.000 -9999.000 -9999.000 -9999.000 -9999.000 -9999.000 -9999.000
-9999.000 -9999.000 -9999.000 -9999.000 -9999.000 -9999.000 -9999.000 -9999.000 -9999.000 -9999.000 -9999.000 -9999.000 0.6764876E-01 0.1293090 0.1405710 0.1067195 0.4637234E-01 -9999.000 -9999.000 -9999.000 0.3168787E-01 0.4505340E-01 0.4104971E-01 0.7568836E-01 0.1685241 0.1889625 0.1897277 0.2223260 0.2238028 0.2030020 0.2248959 0.2591510 0.2825122 0.3043493 0.2794722 0.2424481 0.2209117 0.2255749 0.2294020 0.2365324 0.2103615 0.1567321 0.1033158 -9999.000 -9999.000 -9999.000 -9999.000 -9999.000 -9999.000 -9999.000 -9999.000 -9999.000 -9999.000 -9999.000 -9999.000 -9999.000 -9999.000 -9999.000 -9999.000
-9999.000 -9999.000 -9999.000 -9999.000 -9999.000 -9999.000 -9999.000 -9999.000 -9999.000 -9999.000 -9999.000 -9999.000 0.5657187E-01 0.1274133 0.1542349 0.1288568 0.8015421E-01 -9999.000 -9999.000 -9999.000 0.2891782E-01 0.3479516E-01 0.2234961E-01 0.5729491E-01 0.1360174 0.1651185 0.1837929 0.2416129 0.2595258 0.2172976 0.2265719 0.2899837 0.3124860 0.3219969 0.3099477 0.2643646 0.2444129 0.2384810 0.2464163 0.2521079 0.2381281 0.2160449 0.1464294 0.5508274E-01 -9999.000 -9999.000 -9999.000 -9999.000 -9999.000 -9999.000 -9999.000 -9999.000 -9999.000 -9999.000 -9999.000 -9999.000 -9999.000 -9999.000 -9999.000
-9999.000 -9999.000 -9999.000 -9999.000 -9999.000 -9999.000 -9999.000 -9999.000 -9999.000 -9999.000 -9999.000 -9999.000 0.5893785E-01 0.1358649 0.1642996 0.1558996 0.1192782 0.6194179E-01 0.2785437E-01 0.2418375E-01 0.3127082E-01 0.2826606E-01 0.2206994E-01 0.5000597E-01 0.8706099E-01 0.9491622E-01 0.1213075 0.1962857 0.2472937 0.2376352 0.2550795 0.2977930 0.2850860 0.2722272 0.2743620 0.2650511 0.2287223 0.2262599 0.2281749 0.2428197 0.2488795 0.2329716 0.1813297 0.9324439E-01 -9999.000 -9999.000 -9999.000 -9999.000 -9999.000 -9999.000 -9999.000 -9999.000 -9999.000 -9999.000 -9999.000 -9999.000 -9999.000 -9999.000 -9999.000
-9999.000 -9999.000 -9999.000 -9999.000 -9999.000 -9999.000 -9999.000 -9999.000 -9999.000 -9999.000 -9999.000 -9999.000 0.5333343E-01 0.1165686 0.1639060 0.1691537 0.1509617 0.9923927E-01 0.4190467E-01 0.3262553E-01 0.3309750E-01 0.3780735E-01 0.4774578E-01 0.6299799E-01 0.6566084E-01 0.5146761E-01 0.7747330E-01 0.1335742 0.1866780 0.2118761 0.2783871 0.2699938 0.2089788 0.2092754 0.2262750 0.1732242 0.1435925 0.1227840 0.1435012 0.1705902 0.1989153 0.2056395 0.1772538 0.1129091 0.8649320E-01 -9999.000 -9999.000 -9999.000 -9999.000 -9999.000 -9999.000 -9999.000 -9999.000 -9999.000 -9999.000 -9999.000 -9999.000 -9999.000 -9999.000
-9999.000 -9999.000 -9999.000 -9999.000 -9999.000 -9999.000 -9999.000 -9999.000 -9999.000 -9999.000 -9999.000 -9999.000 -9999.000 0.8672124E-01 0.1508015 0.1688224 0.1601405 0.1151595 0.6498792E-01 0.3206049E-01 0.2894390E-01 0.3653413E-01 0.5224551E-01 0.6079036E-01 0.4731903E-01 0.6102402E-01 0.1042255 0.1420320 0.1748050 0.2075619 0.2311960 0.1892482 0.1510415 0.2301497 0.2569927 0.2012390 0.1341204 0.1134569 0.1274115 0.1351934 0.1534748 0.1729475 0.1674367 0.1363802 0.9808104E-01 0.5143148E-01 -9999.000 -9999.000 -9999.000 -9999.000 -9999.000 -9999.000 -9999.000 -9999.000 -9999.000 -9999.000 -9999.000 -9999.000 -9999.000
-9999.000 -9999.000 -9999.000 -9999.000 -9999.000 -9999.000 -9999.000 -9999.000 -9999.000 -9999.000 -9999.000 -9999.000 -9999.000 0.8433704E-01 0.1313248 0.1396011 0.1538122 0.1284997 0.6366679E-01 0.2679551E-01 -9999.000 -9999.000 0.2634316E-01 0.3445610E-01 0.4589842E-01 0.7504526E-01 0.1441039 0.1711317 0.1734341 0.1611433 0.1605037 0.1450856 0.1456633 0.2335052 0.2987555 0.2863646 0.2323559 0.1616416 0.1547552 0.1763325 0.1827248 0.1790449 0.1729923 0.1422096 0.9327909E-01 0.4920229E-01 -9999.000 -9999.000 -9999.000 -9999.000 -9999.000 -9999.000 -9999.000 -9999.000 -9999.000 -9999.000 -9999.000 -9999.000 -9999.000
-9999.000 -9999.000 -9999.000 -9999.000 -9999.000 -9999.000 -9999.000 -9999.000 -9999.000 -9999.000 -9999.000 -9999.000 -9999.000 0.8425739E-01 0.1141056 0.1170830 0.1436789 0.1322354 0.8294043E-01 0.4904325E-01 0.2290106E-01 -9999.000 -9999.000 -9999.000 0.3363445E-01 0.5273917E-01 0.1000419 0.1194757 0.1404866 0.1361233 0.1604228 0.1885458 0.1717499 0.2107017 0.2613081 0.2770256 0.2420167 0.1932936 0.1794938 0.1958344 0.1826972 0.1664425 0.1668512 0.1529978 0.1284748 0.9092094E-01 0.7441014E-01 -9999.000 -9999.000 -9999.000 -9999.000 -9999.000 -9999.000 -9999.000 -9999.000 -9999.000 -9999.000 -9999.000 -9999.000
