simulation_files/asc/Depth____182.0.asc
NCOLS        79
NROWS        79
XLLCENTER         -1.500000
YLLCENTER         -4.800000
CELLSIZE           0.100
NODATA_VALUE     -9999.0
[rows 0 to 25 of 79, columns 0 to 58 of 79]
-9999.000 -9999.000 -9999.000 -9999.000 -9999.000 -9999.000 -9999.000 -9999.000 -9999.000 -9999.000 -9999.000 -9999.000 -9999.000 -9999.000 -9999.000 0.7041849 0.7046485 0.7048435 0.7048547 0.7046825 0.7044267 0.7041368 0.7038321 0.7035351 0.7032583 0.7030016 0.7027655 0.7025259 0.7021823 0.7021521 0.7021521 -9999.000 -9999.000 -9999.000 -9999.000 -9999.000 -9999.000 -9999.000 -9999.000 -9999.000 -9999.000 -9999.000 -9999.000 -9999.000 -9999.000 -9999.000 -9999.000 -9999.000 -9999.000 -9999.000 -9999.000 -9999.000 -9999.000 -9999.000 -9999.000 -9999.000 -9999.000 -9999.000 -9999.000
-9999.000 -9999.000 -9999.000 -9999.000 -9999.000 -9999.000 -9999.000 -9999.000 -9999.000 -9999.000 -9999.000 -9999.000 -9999.000 -9999.000 -9999.000 0.7059706 0.7063932 0.7065520 0.7065603 0.7064194 0.7062153 0.7059884 0.7057531 0.7055271 0.7053196 0.7051294 0.7049559 0.7047771 0.7045035 0.7045533 0.7045533 -9999.000 -9999.000 -9999.000 -9999.000 -9999.000 -9999.000 -9999.000 -9999.000 -9999.000 -9999.000 -9999.000 -9999.000 -9999.000 -9999.000 -9999.000 -9999.000 -9999.000 -9999.000 -9999.000 -9999.000 -9999.000 -9999.000 -9999.000 -9999.000 -9999.000 -9999.000 -9999.000 -9999.000
-9999.000 -9999.000 -9999.000 -9999.000 -9999.000 -9999.000 -9999.000 -9999.000 -9999.000 -9999.000 -9999.000 -9999.000 -9999.000 -9999.000 -9999.000 0.7078919 0.7083505 0.7085220 0.7085400 0.7084049 0.7082064 0.7079864 0.7077590 0.7075422 0.7073447 0.7071638 0.7069982 0.7068237 0.7065452 0.7065923 0.7065923 -9999.000 -9999.000 -9999.000 -9999.000 -9999.000 -9999.000 -9999.000 -9999.000 -9999.000 -9999.000 -9999.000 -9999.000 -9999.000 -9999.000 -9999.000 -9999.000 -9999.000 -9999.000 -9999.000 -9999.000 -9999.000 -9999.000 -9999.000 -9999.000 -9999.000 -9999.000 -9999.000 -9999.000
-9999.000 -9999.000 -9999.000 -9999.000 -9999.000 -9999.000 -9999.000 -9999.000 -9999.000 -9999.000 -9999.000 -9999.000 -9999.000 -9999.000 -9999.000 0.7098613 0.7103438 0.7105234 0.7105458 0.7104102 0.7102106 0.7099897 0.7097619 0.7095454 0.7093488 0.7091686 0.7090033 0.7088266 0.7085377 0.7085654 0.7085654 -9999.000 -9999.000 -9999.000 -9999.000 -9999.000 -9999.000 -9999.000 -9999.000 -9999.000 -9999.000 -9999.000 -9999.000 -9999.000 -9999.000 -9999.000 -9999.000 -9999.000 -9999.000 -9999.000 -9999.000 -9999.000 -9999.000 -9999.000 -9999.000 -9999.000 -9999.000 -9999.000 -9999.000
-9999.000 -9999.000 -9999.000 -9999.000 -9999.000 -9999.000 -9999.000 -9999.000 -9999.000 -9999.000 -9999.000 -9999.000 -9999.000 -9999.000 -9999.000 0.7118496 0.7123512 0.7125367 0.7125612 0.7124220 0.7122175 0.7119921 0.7117599 0.7115395 0.7113400 0.7111565 0.7109878 0.7108057 0.7105018 0.7104972 0.7104972 -9999.000 -9999.000 -9999.000 -9999.000 -9999.000 -9999.000 -9999.000 -9999.000 -9999.000 -9999.000 -9999.000 -9999.000 -9999.000 -9999.000 -9999.000 -9999.000 -9999.000 -9999.000 -9999.000 -9999.000 -9999.000 -9999.000 -9999.000 -9999.000 -9999.000 -9999.000 -9999.000 -9999.000
-9999.000 -9999.000 -9999.000 -9999.000 -9999.000 -9999.000 -9999.000 -9999.000 -9999.000 -9999.000 -9999.000 -9999.000 -9999.000 -9999.000 -9999.000 0.7138435 0.7143622 0.7145525 0.7145781 0.7144333 0.7142223 0.7139906 0.7137519 0.7135257 0.7133213 0.7131328 0.7129588 0.7127691 0.7124466 0.7123971 0.7123971 -9999.000 -9999.000 -9999.000 -9999.000 -9999.000 -9999.000 -9999.000 -9999.000 -9999.000 -9999.000 -9999.000 -9999.000 -9999.000 -9999.000 -9999.000 -9999.000 -9999.000 -9999.000 -9999.000 -9999.000 -9999.000 -9999.000 -9999.000 -9999.000 -9999.000 -9999.000 -9999.000 -9999.000
-9999.000 -9999.000 -9999.000 -9999.000 -9999.000 -9999.000 -9999.000 -9999.000 -9999.000 -9999.000 -9999.000 -9999.000 -9999.000 -9999.000 -9999.000 0.7158369 0.7163718 0.7165662 0.7165920 0.7164405 0.7162219 0.7159831 0.7157370 0.7155041 0.7152939 0.7150992 0.7149190 0.7147202 0.7143753 0.7142665 0.7142665 -9999.000 -9999.000 -9999.000 -9999.000 -9999.000 -9999.000 -9999.000 -9999.000 -9999.000 -9999.000 -9999.000 -9999.000 -9999.000 -9999.000 -9999.000 -9999.000 -9999.000 -9999.000 -9999.000 -9999.000 -9999.000 -9999.000 -9999.000 -9999.000 -9999.000 -9999.000 -9999.000 -9999.000
-9999.000 -9999.000 -9999.000 -9999.000 -9999.000 -9999.000 -9999.000 -9999.000 -9999.000 -9999.000 -9999.000 -9999.000 -9999.000 -9999.000 -9999.000 0.7178265 0.7183772 0.7185750 0.7186006 0.7184414 0.7182145 0.7179681 0.7177140 0.7174739 0.7172576 0.7170561 0.7168688 0.7166595 0.7162881 0.7161020 0.7161020 -9999.000 -9999.000 -9999.000 -9999.000 -9999.000 -9999.000 -9999.000 -9999.000 -9999.000 -9999.000 -9999.000 -9999.000 -9999.000 -9999.000 -9999.000 -9999.000 -9999.000 -9999.000 -9999.000 -9999.000 -9999.000 -9999.000 -9999.000 -9999.000 -9999.000 -9999.000 -9999.000 -9999.000
-9999.000 -9999.000 -9999.000 -9999.000 -9999.000 -9999.000 -9999.000 -9999.000 -9999.000 -9999.000 -9999.000 -9999.000 -9999.000 -9999.000 -9999.000 0.7198103 0.7203770 0.7205772 0.7206022 0.7204341 0.7201984 0.7199441 0.7196816 0.7194341 0.7192113 0.7190026 0.7188076 0.7185863 0.7181836 0.7178968 0.7178968 -9999.000 -9999.000 -9999.000 -9999.000 -9999.000 -9999.000 -9999.000 -9999.000 -9999.000 -9999.000 -9999.000 -9999.000 -9999.000 -9999.000 -9999.000 -9999.000 -9999.000 -9999.000 -9999.000 -9999.000 -9999.000 -9999.000 -9999.000 -9999.000 -9999.000 -9999.000 -9999.000 -9999.000
-9999.000 -9999.000 -9999.000 -9999.000 -9999.000 -9999.000 -9999.000 -9999.000 -9999.000 -9999.000 -9999.000 -9999.000 -9999.000 -9999.000 -9999.000 0.7217867 0.7223694 0.7225715 0.7225950 0.7224170 0.7221720 0.7219093 0.7216383 0.7213830 0.7211538 0.7209373 0.7207339 0.7204989 0.7200593 0.7196398 0.7196398 -9999.000 -9999.000 -9999.000 -9999.000 -9999.000 -9999.000 -9999.000 -9999.000 -9999.000 -9999.000 -9999.000 -9999.000 -9999.000 -9999.000 -9999.000 -9999.000 -9999.000 -9999.000 -9999.000 -9999.000 -9999.000 -9999.000 -9999.000 -9999.000 -9999.000 -9999.000 -9999.000 -9999.000
-9999.000 -9999.000 -9999.000 -9999.000 -9999.000 -9999.000 -9999.000 -9999.000 -9999.000 -9999.000 -9999.000 -9999.000 -9999.000 -9999.000 -9999.000 0.7237539 0.7243531 0.7245559 0.7245774 0.7243881 0.7241330 0.7238619 0.7235817 0.7233185 0.7230829 0.7228579 0.7226455 0.7223946 0.7219111 0.7213152 0.7213152 -9999.000 -9999.000 -9999.000 -9999.000 -9999.000 -9999.000 -9999.000 -9999.000 -9999.000 -9999.000 -9999.000 -9999.000 -9999.000 -9999.000 -9999.000 -9999.000 -9999.000 -9999.000 -9999.000 -9999.000 -9999.000 -9999.000 -9999.000 -9999.000 -9999.000 -9999.000 -9999.000 -9999.000
-9999.000 -9999.000 -9999.000 -9999.000 -9999.000 -9999.000 -9999.000 -9999.000 -9999.000 -9999.000 -9999.000 -9999.000 -9999.000 -9999.000 -9999.000 0.7257097 0.7263259 0.7265284 0.7265468 0.7263447 0.7260788 0.7257990 0.7255093 0.7252380 0.7249959 0.7247617 0.7245392 0.7242699 0.7237334 0.7228993 0.7228993 -9999.000 -9999.000 -9999.000 -9999.000 -9999.000 -9999.000 -9999.000 -9999.000 -9999.000 -9999.000 -9999.000 -9999.000 -9999.000 -9999.000 -9999.000 -9999.000 -9999.000 -9999.000 -9999.000 -9999.000 -9999.000 -9999.000 -9999.000 -9999.000 -9999.000 -9999.000 -9999.000 -9999.000
-9999.000 -9999.000 -9999.000 -9999.000 -9999.000 -9999.000 -9999.000 -9999.000 -9999.000 -9999.000 -9999.000 -9999.000 -9999.000 -9999.000 -9999.000 0.7276484 0.7282832 0.7284844 0.7285002 0.7282843 0.7280069 0.7277181 0.7274183 0.7271385 0.7268895 0.7266450 0.7264110 0.7261195 0.7255186 0.7243568 0.7243568 -9999.000 -9999.000 -9999.000 -9999.000 -9999.000 -9999.000 -9999.000 -9999.000 -9999.000 -9999.000 -9999.000 -9999.000 -9999.000 -9999.000 -9999.000 -9999.000 -9999.000 -9999.000 -9999.000 -9999.000 -9999.000 -9999.000 -9999.000 -9999.000 -9999.000 -9999.000 -9999.000 -9999.000
-9999.000 -9999.000 -9999.000 -9999.000 -9999.000 -9999.000 -9999.000 -9999.000 -9999.000 -9999.000 -9999.000 -9999.000 -9999.000 -9999.000 -9999.000 0.7293841 0.7300808 0.7303391 0.7304409 0.7302492 0.7299616 0.7296618 0.7293470 0.7290530 0.7287916 0.7285303 0.7282786 0.7279567 0.7272740 0.7256539 0.7256539 -9999.000 -9999.000 -9999.000 -9999.000 -9999.000 -9999.000 -9999.000 -9999.000 -9999.000 -9999.000 -9999.000 -9999.000 -9999.000 -9999.000 -9999.000 -9999.000 -9999.000 -9999.000 -9999.000 -9999.000 -9999.000 -9999.000 -9999.000 -9999.000 -9999.000 -9999.000 -9999.000 -9999.000
-9999.000 -9999.000 -9999.000 -9999.000 -9999.000 -9999.000 -9999.000 -9999.000 -9999.000 -9999.000 -9999.000 -9999.000 -9999.000 -9999.000 -9999.000 0.7198347 0.7277231 0.7320520 0.7348164 0.7352181 0.7344511 0.7336742 0.7329110 0.7322224 0.7316302 0.7310891 0.7306046 0.7300640 0.7290798 0.7261278 0.7261278 -9999.000 -9999.000 -9999.000 -9999.000 -9999.000 -9999.000 -9999.000 -9999.000 -9999.000 -9999.000 -9999.000 -9999.000 -9999.000 -9999.000 -9999.000 -9999.000 -9999.000 -9999.000 -9999.000 -9999.000 -9999.000 -9999.000 -9999.000 -9999.000 -9999.000 -9999.000 -9999.000 -9999.000
0.8215792 0.8215792 0.8203675 0.7976466 0.7931856 0.7931856 0.7896377 0.7836965 0.7836965 0.7787043 0.7787043 0.7743825 0.7724146 0.7705517 0.7687815 0.7687815 0.7357200 0.7345143 0.7333160 0.7324477 0.7335659 0.7351878 0.7371250 0.7396398 0.7425716 0.7452214 0.7475345 0.7482812 0.7435855 0.7180884 0.7180884 0.5152816 0.4776109 0.4527583 0.4441174 0.4441174 0.4293002 0.4293002 0.4253615 0.4253615 0.4318601 0.4690923 0.4690923 0.5417683 0.5417683 0.6371138 0.6371138 0.6371138 0.6446790 0.6446790 0.6373028 0.6373028 0.6238390 0.6238390 0.6087527 0.6087527 0.5942431 0.5942431 0.5942431
0.8186598 0.8186598 0.8191617 0.7966979 0.7921371 0.7921371 0.7885461 0.7825989 0.7825989 0.7776254 0.7776254 0.7733216 0.7713620 0.7695070 0.7677445 0.7677445 0.7399558 0.7343936 0.7295443 0.7251535 0.7219228 0.7194985 0.7178749 0.7172446 0.7176298 0.7187729 0.7205947 0.7225689 0.7230775 0.7163253 0.7163253 0.5810061 0.5270187 0.4716372 0.4553677 0.4553677 0.4345369 0.4345369 0.4300131 0.4300131 0.4362388 0.4699483 0.4699483 0.5311314 0.5311314 0.6283466 0.6283466 0.6283466 0.6423658 0.6423658 0.6369505 0.6369505 0.6241302 0.6241302 0.6093290 0.6093290 0.5949454 0.5949454 0.5949454
0.8172892 0.8172892 0.8185189 0.7968255 0.7922142 0.7922142 0.7885579 0.7825614 0.7825614 0.7775818 0.7775818 0.7732748 0.7713125 0.7694551 0.7676895 0.7676895 0.7433003 0.7341983 0.7258465 0.7181931 0.7117236 0.7064121 0.7022364 0.6992845 0.6975921 0.6970199 0.6974824 0.6986291 0.6992831 0.6951300 0.6951300 0.6123294 0.5572972 0.4890662 0.4676591 0.4676591 0.4427615 0.4427615 0.4419341 0.4419341 0.4511400 0.4856186 0.4856186 0.5340711 0.5340711 0.6173657 0.6173657 0.6173657 0.6364186 0.6364186 0.6343626 0.6343626 0.6230265 0.6230265 0.6088365 0.6088365 0.5947540 0.5947540 0.5947540
0.8164474 0.8164474 0.8175414 0.7969635 0.7923309 0.7923309 0.7886075 0.7825560 0.7825560 0.7775760 0.7775760 0.7732736 0.7713122 0.7694550 0.7676896 0.7676896 0.7456049 0.7335871 0.7219246 0.7110731 0.7015383 0.6934836 0.6869363 0.6819274 0.6784536 0.6763981 0.6756408 0.6759055 0.6763345 0.6738220 0.6738220 0.6227224 0.5750715 0.5052567 0.4819022 0.4819022 0.4579465 0.4579465 0.4652120 0.4652120 0.4780629 0.5101676 0.5101676 0.5423307 0.5423307 0.6035687 0.6035687 0.6035687 0.6253462 0.6253462 0.6278434 0.6278434 0.6194146 0.6194146 0.6067718 0.6067718 0.5935984 0.5935984 0.5935984
0.8161361 0.8161361 0.8162054 0.7971187 0.7924553 0.7924553 0.7886629 0.7825516 0.7825516 0.7775709 0.7775709 0.7732736 0.7713134 0.7694569 0.7676916 0.7676916 0.7464921 0.7319482 0.7172503 0.7033576 0.6908877 0.6801339 0.6711988 0.6641166 0.6588719 0.6553635 0.6534520 0.6528890 0.6530243 0.6516379 0.6516379 0.6201594 0.5821305 0.5182695 0.4969746 0.4969746 0.4824831 0.4824831 0.5010774 0.5010774 0.5152822 0.5380768 0.5380768 0.5524833 0.5524833 0.5895780 0.5895780 0.5895780 0.6106969 0.6106969 0.6175736 0.6175736 0.6131600 0.6131600 0.6031066 0.6031066 0.5915881 0.5915881 0.5915881
0.8166627 0.8166627 0.8142526 0.7972783 0.7925707 0.7925707 0.7887153 0.7825499 0.7825499 0.7775676 0.7775676 0.7732742 0.7713146 0.7694581 0.7676928 0.7676928 0.7456924 0.7287475 0.7112564 0.6945483 0.6793499 0.6660373 0.6547758 0.6456245 0.6385779 0.6335583 0.6304345 0.6289872 0.6287163 0.6280561 0.6280561 0.6090845 0.5807190 0.5289040 0.5147817 0.5147817 0.5194637 0.5194637 0.5463963 0.5463963 0.5567111 0.5640377 0.5640377 0.5624914 0.5624914 0.5778024 0.5778024 0.5778024 0.5949594 0.5949594 0.6045709 0.6045709 0.6044096 0.6044096 0.5977728 0.5977728 0.5886841 0.5886841 0.5886841
0.8167937 0.8167937 0.8132170 0.7973882 0.7926472 0.7926472 0.7887496 0.7825477 0.7825477 0.7775645 0.7775645 0.7732740 0.7713149 0.7694587 0.7676934 0.7676934 0.7429416 0.7234868 0.7033573 0.6840699 0.6664027 0.6507628 0.6373462 0.6262321 0.6174296 0.6108848 0.6064913 0.6040682 0.6032408 0.6029528 0.6029528 0.5921372 0.5729672 0.5408317 0.5408225 0.5408225 0.5696170 0.5696170 0.5928460 0.5928460 0.5944989 0.5852914 0.5852914 0.5717078 0.5717078 0.5694559 0.5694559 0.5694559 0.5803695 0.5803695 0.5902861 0.5902861 0.5936365 0.5936365 0.5908065 0.5908065 0.5848325 0.5848325 0.5848325
0.8168375 0.8168375 0.8128721 0.7974248 0.7926732 0.7926732 0.7887615 0.7825469 0.7825469 0.7775632 0.7775632 0.7732740 0.7713151 0.7694588 0.7676938 0.7676938 0.7378799 0.7156233 0.6929168 0.6712717 0.6514296 0.6337683 0.6184719 0.6056164 0.5952146 0.5872301 0.5815829 0.5781353 0.5766291 0.5764663 0.5764663 0.5712798 0.5614834 0.5615663 0.5825827 0.5825827 0.6265047 0.6265047 0.6317323 0.6317323 0.6238083 0.6017480 0.6017480 0.5801420 0.5801420 0.5645798 0.5645798 0.5645798 0.5683244 0.5683244 0.5762094 0.5762094 0.5816274 0.5816274 0.5824370 0.5824370 0.5800464 0.5800464 0.5800464
0.8167938 0.8167938 0.8132170 0.7973882 0.7926472 0.7926472 0.7887496 0.7825477 0.7825477 0.7775643 0.7775643 0.7732739 0.7713150 0.7694587 0.7676935 0.7676935 0.7299606 0.7044791 0.6791849 0.6553936 0.6337038 0.6143950 0.5975890 0.5833253 0.5716000 0.5623792 0.5556017 0.5511712 0.5489565 0.5489331 0.5489331 0.5486566 0.5509207 0.6014419 0.6425562 0.6425562 0.6772977 0.6772977 0.6593019 0.6593019 0.6444997 0.6145686 0.6145686 0.5878998 0.5878998 0.5625348 0.5625348 0.5625348 0.5593232 0.5593232 0.5635476 0.5635476 0.5693701 0.5693701 0.5731387 0.5731387 0.5744829 0.5744829 0.5744829
0.8166625 0.8166625 0.8142527 0.7972783 0.7925707 0.7925707 0.7887154 0.7825498 0.7825498 0.7775675 0.7775675 0.7732742 0.7713146 0.7694582 0.7676929 0.7676929 0.7183233 0.6891165 0.6612057 0.6355074 0.6123558 0.5918536 0.5740055 0.5587779 0.5461239 0.5359929 0.5283297 0.5230758 0.5202968 0.5211229 0.5211229 0.5281935 0.5511678 0.6649472 0.7094797 0.7094797 0.7121233 0.7121233 0.6773248 0.6773248 0.6589832 0.6248754 0.6248754 0.5949568 0.5949568 0.5624602 0.5624602 0.5624602 0.5531963 0.5531963 0.5530446 0.5530446 0.5578362 0.5578362 0.5635884 0.5635884 0.5684708 0.5684708 0.5684708
0.8161361 0.8161361 0.8162054 0.7971187 0.7924553 0.7924553 0.7886629 0.7825516 0.7825516 0.7775708 0.7775708 0.7732736 0.7713134 0.7694567 0.7676917 0.7676917 0.7015713 0.6681455 0.6376672 0.6104110 0.5863037 0.5651827 0.5468801 0.5312519 0.5181845 0.5075930 0.4994141 0.4936358 0.4908215 0.4954343 0.4954343 0.5196983 0.5796143 0.7382265 0.7618417 0.7618417 0.7314917 0.7314917 0.6892649 0.6892649 0.6694949 0.6332306 0.6332306 0.6011277 0.6011277 0.5635249 0.5635249 0.5635249 0.5494072 0.5494072 0.5449685 0.5449685 0.5478313 0.5478313 0.5545707 0.5545707 0.5624962 0.5624962 0.5624962
