simulation_files/asc/Depth____000147.asc
NCOLS        79
NROWS        79
XLLCENTER         -1.500000
YLLCENTER         -4.800000
CELLSIZE           0.100
NODATA_VALUE     -9999.0
[rows 0 to 25 of 79, columns 0 to 58 of 79]
-9999.000 -9999.000 -9999.000 -9999.000 -9999.000 -9999.000 -9999.000 -9999.000 -9999.000 -9999.000 -9999.000 -9999.000 -9999.000 -9999.000 -9999.000 0.5658392 0.5660554 0.5660245 0.5659348 0.5658010 0.5656344 0.5654440 0.5652409 0.5650347 0.5648326 0.5646363 0.5644379 0.5641997 0.5638176 0.5637724 0.5637724 -9999.000 -9999.000 -9999.000 -9999.000 -9999.000 -9999.000 -9999.000 -9999.000 -9999.000 -9999.000 -9999.000 -9999.000 -9999.000 -9999.000 -9999.000 -9999.000 -9999.000 -9999.000 -9999.000 -9999.000 -9999.000 -9999.000 -9999.000 -9999.000 -9999.000 -9999.000 -9999.000 -9999.000
-9999.000 -9999.000 -9999.000 -9999.000 -9999.000 -9999.000 -9999.000 -9999.000 -9999.000 -9999.000 -9999.000 -9999.000 -9999.000 -9999.000 -9999.000 0.5676279 0.5678454 0.5678168 0.5677413 0.5676312 0.5674961 0.5673431 0.5671812 0.5670186 0.5668612 0.5667105 0.5665600 0.5663760 0.5660638 0.5660825 0.5660825 -9999.000 -9999.000 -9999.000 -9999.000 -9999.000 -9999.000 -9999.000 -9999.000 -9999.000 -9999.000 -9999.000 -9999.000 -9999.000 -9999.000 -9999.000 -9999.000 -9999.000 -9999.000 -9999.000 -9999.000 -9999.000 -9999.000 -9999.000 -9999.000 -9999.000 -9999.000 -9999.000 -9999.000
-9999.000 -9999.000 -9999.000 -9999.000 -9999.000 -9999.000 -9999.000 -9999.000 -9999.000 -9999.000 -9999.000 -9999.000 -9999.000 -9999.000 -9999.000 0.5695819 0.5698248 0.5698010 0.5697309 0.5696270 0.5694993 0.5693548 0.5692024 0.5690499 0.5689028 0.5687617 0.5686183 0.5684360 0.5681130 0.5681257 0.5681257 -9999.000 -9999.000 -9999.000 -9999.000 -9999.000 -9999.000 -9999.000 -9999.000 -9999.000 -9999.000 -9999.000 -9999.000 -9999.000 -9999.000 -9999.000 -9999.000 -9999.000 -9999.000 -9999.000 -9999.000 -9999.000 -9999.000 -9999.000 -9999.000 -9999.000 -9999.000 -9999.000 -9999.000
-9999.000 -9999.000 -9999.000 -9999.000 -9999.000 -9999.000 -9999.000 -9999.000 -9999.000 -9999.000 -9999.000 -9999.000 -9999.000 -9999.000 -9999.000 0.5715762 0.5718349 0.5718132 0.5717449 0.5716426 0.5715168 0.5713743 0.5712242 0.5710741 0.5709293 0.5707900 0.5706466 0.5704600 0.5701202 0.5701111 0.5701111 -9999.000 -9999.000 -9999.000 -9999.000 -9999.000 -9999.000 -9999.000 -9999.000 -9999.000 -9999.000 -9999.000 -9999.000 -9999.000 -9999.000 -9999.000 -9999.000 -9999.000 -9999.000 -9999.000 -9999.000 -9999.000 -9999.000 -9999.000 -9999.000 -9999.000 -9999.000 -9999.000 -9999.000
-9999.000 -9999.000 -9999.000 -9999.000 -9999.000 -9999.000 -9999.000 -9999.000 -9999.000 -9999.000 -9999.000 -9999.000 -9999.000 -9999.000 -9999.000 0.5735904 0.5738596 0.5738380 0.5737694 0.5736660 0.5735390 0.5733949 0.5732433 0.5730917 0.5729455 0.5728043 0.5726575 0.5724629 0.5721010 0.5720565 0.5720565 -9999.000 -9999.000 -9999.000 -9999.000 -9999.000 -9999.000 -9999.000 -9999.000 -9999.000 -9999.000 -9999.000 -9999.000 -9999.000 -9999.000 -9999.000 -9999.000 -9999.000 -9999.000 -9999.000 -9999.000 -9999.000 -9999.000 -9999.000 -9999.000 -9999.000 -9999.000 -9999.000 -9999.000
-9999.000 -9999.000 -9999.000 -9999.000 -9999.000 -9999.000 -9999.000 -9999.000 -9999.000 -9999.000 -9999.000 -9999.000 -9999.000 -9999.000 -9999.000 0.5756123 0.5758889 0.5758663 0.5757962 0.5756902 0.5755600 0.5754126 0.5752574 0.5751026 0.5749533 0.5748085 0.5746566 0.5744517 0.5740628 0.5739687 0.5739687 -9999.000 -9999.000 -9999.000 -9999.000 -9999.000 -9999.000 -9999.000 -9999.000 -9999.000 -9999.000 -9999.000 -9999.000 -9999.000 -9999.000 -9999.000 -9999.000 -9999.000 -9999.000 -9999.000 -9999.000 -9999.000 -9999.000 -9999.000 -9999.000 -9999.000 -9999.000 -9999.000 -9999.000
-9999.000 -9999.000 -9999.000 -9999.000 -9999.000 -9999.000 -9999.000 -9999.000 -9999.000 -9999.000 -9999.000 -9999.000 -9999.000 -9999.000 -9999.000 0.5776350 0.5779172 0.5778928 0.5778202 0.5777105 0.5775764 0.5774243 0.5772647 0.5771056 0.5769523 0.5768034 0.5766456 0.5764288 0.5760077 0.5758471 0.5758471 -9999.000 -9999.000 -9999.000 -9999.000 -9999.000 -9999.000 -9999.000 -9999.000 -9999.000 -9999.000 -9999.000 -9999.000 -9999.000 -9999.000 -9999.000 -9999.000 -9999.000 -9999.000 -9999.000 -9999.000 -9999.000 -9999.000 -9999.000 -9999.000 -9999.000 -9999.000 -9999.000 -9999.000
-9999.000 -9999.000 -9999.000 -9999.000 -9999.000 -9999.000 -9999.000 -9999.000 -9999.000 -9999.000 -9999.000 -9999.000 -9999.000 -9999.000 -9999.000 0.5796542 0.5799408 0.5799139 0.5798382 0.5797240 0.5795851 0.5794278 0.5792630 0.5790991 0.5789415 0.5787882 0.5786238 0.5783935 0.5779345 0.5776857 0.5776857 -9999.000 -9999.000 -9999.000 -9999.000 -9999.000 -9999.000 -9999.000 -9999.000 -9999.000 -9999.000 -9999.000 -9999.000 -9999.000 -9999.000 -9999.000 -9999.000 -9999.000 -9999.000 -9999.000 -9999.000 -9999.000 -9999.000 -9999.000 -9999.000 -9999.000 -9999.000 -9999.000 -9999.000
-9999.000 -9999.000 -9999.000 -9999.000 -9999.000 -9999.000 -9999.000 -9999.000 -9999.000 -9999.000 -9999.000 -9999.000 -9999.000 -9999.000 -9999.000 0.5816671 0.5819575 0.5819272 0.5818477 0.5817282 0.5815840 0.5814206 0.5812500 0.5810810 0.5809187 0.5807607 0.5805893 0.5803434 0.5798391 0.5794723 0.5794723 -9999.000 -9999.000 -9999.000 -9999.000 -9999.000 -9999.000 -9999.000 -9999.000 -9999.000 -9999.000 -9999.000 -9999.000 -9999.000 -9999.000 -9999.000 -9999.000 -9999.000 -9999.000 -9999.000 -9999.000 -9999.000 -9999.000 -9999.000 -9999.000 -9999.000 -9999.000 -9999.000 -9999.000
-9999.000 -9999.000 -9999.000 -9999.000 -9999.000 -9999.000 -9999.000 -9999.000 -9999.000 -9999.000 -9999.000 -9999.000 -9999.000 -9999.000 -9999.000 0.5836720 0.5839657 0.5839312 0.5838470 0.5837213 0.5835707 0.5834004 0.5832233 0.5830485 0.5828813 0.5827180 0.5825384 0.5822740 0.5817151 0.5811881 0.5811881 -9999.000 -9999.000 -9999.000 -9999.000 -9999.000 -9999.000 -9999.000 -9999.000 -9999.000 -9999.000 -9999.000 -9999.000 -9999.000 -9999.000 -9999.000 -9999.000 -9999.000 -9999.000 -9999.000 -9999.000 -9999.000 -9999.000 -9999.000 -9999.000 -9999.000 -9999.000 -9999.000 -9999.000
-9999.000 -9999.000 -9999.000 -9999.000 -9999.000 -9999.000 -9999.000 -9999.000 -9999.000 -9999.000 -9999.000 -9999.000 -9999.000 -9999.000 -9999.000 0.5856670 0.5859644 0.5859247 0.5858348 0.5857014 0.5855433 0.5853649 0.5851803 0.5849988 0.5848256 0.5846561 0.5844665 0.5841794 0.5835534 0.5828054 0.5828054 -9999.000 -9999.000 -9999.000 -9999.000 -9999.000 -9999.000 -9999.000 -9999.000 -9999.000 -9999.000 -9999.000 -9999.000 -9999.000 -9999.000 -9999.000 -9999.000 -9999.000 -9999.000 -9999.000 -9999.000 -9999.000 -9999.000 -9999.000 -9999.000 -9999.000 -9999.000 -9999.000 -9999.000
-9999.000 -9999.000 -9999.000 -9999.000 -9999.000 -9999.000 -9999.000 -9999.000 -9999.000 -9999.000 -9999.000 -9999.000 -9999.000 -9999.000 -9999.000 0.5876497 0.5879520 0.5879062 0.5878096 0.5876669 0.5874996 0.5873112 0.5871173 0.5869277 0.5867472 0.5865698 0.5863675 0.5860520 0.5853424 0.5842821 0.5842821 -9999.000 -9999.000 -9999.000 -9999.000 -9999.000 -9999.000 -9999.000 -9999.000 -9999.000 -9999.000 -9999.000 -9999.000 -9999.000 -9999.000 -9999.000 -9999.000 -9999.000 -9999.000 -9999.000 -9999.000 -9999.000 -9999.000 -9999.000 -9999.000 -9999.000 -9999.000 -9999.000 -9999.000
-9999.000 -9999.000 -9999.000 -9999.000 -9999.000 -9999.000 -9999.000 -9999.000 -9999.000 -9999.000 -9999.000 -9999.000 -9999.000 -9999.000 -9999.000 0.5896155 0.5899251 0.5898729 0.5897686 0.5896153 0.5894368 0.5892359 0.5890303 0.5888301 0.5886400 0.5884521 0.5882330 0.5878810 0.5870653 0.5855519 0.5855519 -9999.000 -9999.000 -9999.000 -9999.000 -9999.000 -9999.000 -9999.000 -9999.000 -9999.000 -9999.000 -9999.000 -9999.000 -9999.000 -9999.000 -9999.000 -9999.000 -9999.000 -9999.000 -9999.000 -9999.000 -9999.000 -9999.000 -9999.000 -9999.000 -9999.000 -9999.000 -9999.000 -9999.000
-9999.000 -9999.000 -9999.000 -9999.000 -9999.000 -9999.000 -9999.000 -9999.000 -9999.000 -9999.000 -9999.000 -9999.000 -9999.000 -9999.000 -9999.000 0.5915468 0.5918713 0.5918149 0.5917048 0.5915415 0.5913512 0.5911356 0.5909150 0.5907004 0.5904967 0.5902936 0.5900514 0.5896508 0.5886974 0.5865070 0.5865070 -9999.000 -9999.000 -9999.000 -9999.000 -9999.000 -9999.000 -9999.000 -9999.000 -9999.000 -9999.000 -9999.000 -9999.000 -9999.000 -9999.000 -9999.000 -9999.000 -9999.000 -9999.000 -9999.000 -9999.000 -9999.000 -9999.000 -9999.000 -9999.000 -9999.000 -9999.000 -9999.000 -9999.000
-9999.000 -9999.000 -9999.000 -9999.000 -9999.000 -9999.000 -9999.000 -9999.000 -9999.000 -9999.000 -9999.000 -9999.000 -9999.000 -9999.000 -9999.000 0.5917490 0.5931385 0.5934789 0.5936481 0.5936638 0.5935729 0.5933928 0.5931634 0.5929129 0.5926599 0.5924011 0.5920898 0.5915731 0.5903259 0.5864498 0.5864498 -9999.000 -9999.000 -9999.000 -9999.000 -9999.000 -9999.000 -9999.000 -9999.000 -9999.000 -9999.000 -9999.000 -9999.000 -9999.000 -9999.000 -9999.000 -9999.000 -9999.000 -9999.000 -9999.000 -9999.000 -9999.000 -9999.000 -9999.000 -9999.000 -9999.000 -9999.000 -9999.000 -9999.000
0.6482688 0.6482688 0.6345895 0.6195309 0.6157377 0.6157377 0.6125533 0.6072134 0.6072134 0.6027293 0.6027293 0.5988179 0.5970252 0.5953221 0.5936990 0.5936990 0.5972210 0.5972158 0.5973698 0.5978554 0.5988677 0.6001760 0.6017866 0.6035911 0.6054335 0.6070096 0.6076517 0.6058170 0.5975500 0.5683451 0.5683451 0.3870687 0.3594823 0.3463803 0.3421341 0.3421341 0.3366359 0.3366359 0.3448877 0.3448877 0.3579150 0.4156765 0.4156765 0.4899072 0.4899072 0.5103701 0.5103701 0.5103701 0.5054322 0.5054322 0.4957152 0.4957152 0.4845233 0.4845233 0.4734856 0.4734856 0.4636310 0.4636310 0.4636310
0.6465589 0.6465589 0.6322443 0.6186489 0.6148533 0.6148533 0.6116681 0.6063363 0.6063363 0.6018662 0.6018662 0.5979695 0.5961839 0.5944879 0.5928715 0.5928715 0.5951197 0.5938222 0.5916418 0.5893124 0.5873622 0.5859869 0.5853364 0.5854426 0.5862538 0.5876141 0.5893835 0.5907247 0.5878447 0.5729122 0.5729122 0.4479327 0.4026961 0.3611045 0.3503373 0.3503373 0.3401524 0.3401524 0.3471488 0.3471488 0.3589571 0.4047963 0.4047963 0.4784770 0.4784770 0.5107243 0.5107243 0.5107243 0.5059578 0.5059578 0.4961223 0.4961223 0.4848498 0.4848498 0.4737552 0.4737552 0.4639102 0.4639102 0.4639102
0.6456003 0.6456003 0.6312261 0.6186606 0.6148592 0.6148592 0.6116600 0.6063096 0.6063096 0.6018324 0.6018324 0.5979320 0.5961443 0.5944462 0.5928276 0.5928276 0.5936632 0.5911019 0.5870040 0.5824546 0.5782188 0.5746738 0.5720324 0.5703809 0.5697187 0.5699518 0.5709296 0.5720225 0.5707174 0.5613638 0.5613638 0.4779588 0.4308817 0.3767790 0.3615963 0.3615963 0.3487628 0.3487628 0.3582515 0.3582515 0.3706143 0.4082467 0.4082467 0.4674773 0.4674773 0.5078672 0.5078672 0.5078672 0.5053044 0.5053044 0.4959519 0.4959519 0.4847438 0.4847438 0.4737325 0.4737325 0.4639851 0.4639851 0.4639851
0.6448302 0.6448302 0.6304206 0.6186796 0.6148881 0.6148881 0.6116776 0.6063099 0.6063099 0.6018299 0.6018299 0.5979310 0.5961440 0.5944461 0.5928277 0.5928277 0.5918835 0.5878782 0.5819463 0.5753913 0.5691389 0.5636936 0.5593199 0.5561288 0.5541333 0.5532606 0.5533800 0.5540174 0.5533061 0.5467803 0.5467803 0.4922779 0.4494794 0.3927476 0.3762574 0.3762574 0.3654466 0.3654466 0.3793418 0.3793418 0.3914167 0.4188476 0.4188476 0.4584980 0.4584980 0.5001954 0.5001954 0.5001954 0.5015322 0.5015322 0.4939370 0.4939370 0.4834755 0.4834755 0.4729092 0.4729092 0.4635402 0.4635402 0.4635402
0.6442402 0.6442402 0.6298066 0.6186914 0.6149169 0.6149169 0.6116972 0.6063112 0.6063112 0.6018277 0.6018277 0.5979305 0.5961443 0.5944470 0.5928287 0.5928287 0.5896064 0.5838618 0.5760353 0.5675433 0.5593850 0.5521408 0.5461239 0.5414776 0.5382332 0.5363325 0.5356516 0.5358186 0.5354542 0.5311078 0.5311078 0.4953681 0.4595193 0.4076369 0.3939661 0.3939661 0.3917017 0.3917017 0.4090020 0.4090020 0.4181505 0.4325841 0.4325841 0.4528970 0.4528970 0.4887267 0.4887267 0.4887267 0.4943309 0.4943309 0.4897748 0.4897748 0.4809826 0.4809826 0.4714083 0.4714083 0.4628007 0.4628007 0.4628007
0.6438240 0.6438240 0.6293744 0.6186973 0.6149409 0.6149409 0.6117147 0.6063126 0.6063126 0.6018259 0.6018259 0.5979300 0.5961446 0.5944473 0.5928294 0.5928294 0.5866636 0.5788414 0.5690066 0.5586112 0.5486432 0.5396969 0.5321093 0.5260510 0.5215784 0.5186579 0.5171826 0.5168593 0.5166767 0.5140330 0.5140330 0.4909305 0.4629788 0.4230787 0.4171127 0.4171127 0.4275795 0.4275795 0.4423793 0.4423793 0.4456629 0.4463749 0.4463749 0.4509809 0.4509809 0.4760279 0.4760279 0.4760279 0.4844488 0.4844488 0.4834403 0.4834403 0.4771436 0.4771436 0.4692085 0.4692085 0.4618249 0.4618249 0.4618249
0.6435765 0.6435765 0.6291175 0.6186997 0.6149567 0.6149567 0.6117265 0.6063138 0.6063138 0.6018248 0.6018248 0.5979297 0.5961446 0.5944477 0.5928298 0.5928298 0.5828037 0.5725390 0.5605533 0.5482686 0.5365913 0.5260703 0.5170281 0.5096419 0.5039865 0.5000546 0.4977671 0.4969020 0.4967369 0.4954033 0.4954033 0.4812758 0.4620600 0.4436362 0.4498866 0.4498866 0.4694170 0.4694170 0.4733199 0.4733199 0.4696177 0.4587396 0.4587396 0.4520997 0.4520997 0.4645096 0.4645096 0.4645096 0.4732510 0.4732510 0.4752776 0.4752776 0.4719376 0.4719376 0.4662547 0.4662547 0.4606028 0.4606028 0.4606028
0.6434944 0.6434944 0.6290323 0.6187002 0.6149620 0.6149620 0.6117306 0.6063142 0.6063142 0.6018243 0.6018243 0.5979297 0.5961446 0.5944477 0.5928299 0.5928299 0.5776646 0.5645728 0.5502834 0.5361180 0.5228423 0.5109070 0.5005795 0.4920135 0.4852841 0.4804015 0.4773156 0.4758697 0.4755808 0.4752889 0.4752889 0.4682669 0.4600106 0.4758363 0.4941527 0.4941527 0.5094791 0.5094791 0.4978943 0.4978943 0.4884460 0.4694673 0.4694673 0.4552825 0.4552825 0.4555756 0.4555756 0.4555756 0.4622062 0.4622062 0.4659714 0.4659714 0.4655270 0.4655270 0.4625416 0.4625416 0.4591138 0.4591138 0.4591138
0.6435767 0.6435767 0.6291174 0.6186997 0.6149566 0.6149566 0.6117264 0.6063138 0.6063138 0.6018248 0.6018248 0.5979297 0.5961446 0.5944476 0.5928297 0.5928297 0.5707260 0.5544097 0.5376756 0.5216561 0.5069202 0.4937727 0.4823858 0.4728574 0.4652387 0.4595409 0.4557346 0.4537210 0.4532437 0.4540317 0.4540317 0.4544271 0.4630890 0.5231764 0.5438920 0.5438920 0.5405467 0.5405467 0.5158605 0.5158605 0.5028168 0.4787764 0.4787764 0.4595875 0.4595875 0.4495520 0.4495520 0.4495520 0.4524592 0.4524592 0.4563994 0.4563994 0.4582965 0.4582965 0.4581795 0.4581795 0.4573684 0.4573684 0.4573684
0.6438240 0.6438240 0.6293744 0.6186974 0.6149409 0.6149409 0.6117146 0.6063128 0.6063128 0.6018260 0.6018260 0.5979300 0.5961445 0.5944473 0.5928293 0.5928293 0.5612224 0.5412849 0.5220118 0.5042226 0.4882245 0.4741303 0.4619783 0.4517801 0.4435376 0.4372437 0.4328762 0.4303878 0.4298248 0.4326048 0.4326048 0.4451299 0.4826490 0.5781885 0.5860255 0.5860255 0.5610878 0.5610878 0.5289354 0.5289354 0.5139889 0.4868248 0.4868248 0.4642507 0.4642507 0.4460615 0.4460615 0.4460615 0.4446390 0.4446390 0.4474263 0.4474263 0.4508182 0.4508182 0.4534294 0.4534294 0.4554421 0.4554421 0.4554421
0.6442402 0.6442402 0.6298066 0.6186915 0.6149169 0.6149169 0.6116972 0.6063113 0.6063113 0.6018277 0.6018277 0.5979304 0.5961443 0.5944468 0.5928286 0.5928286 0.5479738 0.5240638 0.5022691 0.4829188 0.4659731 0.4513007 0.4387715 0.4282847 0.4197718 0.4131898 0.4085091 0.4057468 0.4056336 0.4141137 0.4141137 0.4526990 0.5309380 0.6226315 0.6119056 0.6119056 0.5741460 0.5741460 0.5387011 0.5387011 0.5228084 0.4935884 0.4935884 0.4686956 0.4686956 0.4444312 0.4444312 0.4444312 0.4388828 0.4388828 0.4397267 0.4397267 0.4437507 0.4437507 0.4486888 0.4486888 0.4534848 0.4534848 0.4534848
