simulation_files/asc/Depth____323.0.asc
NCOLS        79
NROWS        79
XLLCENTER         -1.500000
YLLCENTER         -4.800000
CELLSIZE           0.100
NODATA_VALUE     -9999.0
[rows 0 to 25 of 79, columns 0 to 58 of 79]
-9999.000 -9999.000 -9999.000 -9999.000 -9999.000 -9999.000 -9999.000 -9999.000 -9999.000 -9999.000 -9999.000 -9999.000 -9999.000 -9999.000 -9999.000 0.6799931 0.6803733 0.6804000 0.6802797 0.6800860 0.6798505 0.6795883 0.6793244 0.6790618 0.6788095 0.6785733 0.6783486 0.6781012 0.6777239 0.6776764 0.6776764 -9999.000 -9999.000 -9999.000 -9999.000 -9999.000 -9999.000 -9999.000 -9999.000 -9999.000 -9999.000 -9999.000 -9999.000 -9999.000 -9999.000 -9999.000 -9999.000 -9999.000 -9999.000 -9999.000 -9999.000 -9999.000 -9999.000 -9999.000 -9999.000 -9999.000 -9999.000 -9999.000 -9999.000
-9999.000 -9999.000 -9999.000 -9999.000 -9999.000 -9999.000 -9999.000 -9999.000 -9999.000 -9999.000 -9999.000 -9999.000 -9999.000 -9999.000 -9999.000 0.6817516 0.6821159 0.6821369 0.6820381 0.6818830 0.6816974 0.6814932 0.6812903 0.6810906 0.6809007 0.6807253 0.6805598 0.6803735 0.6800705 0.6801047 0.6801047 -9999.000 -9999.000 -9999.000 -9999.000 -9999.000 -9999.000 -9999.000 -9999.000 -9999.000 -9999.000 -9999.000 -9999.000 -9999.000 -9999.000 -9999.000 -9999.000 -9999.000 -9999.000 -9999.000 -9999.000 -9999.000 -9999.000 -9999.000 -9999.000 -9999.000 -9999.000 -9999.000 -9999.000
-9999.000 -9999.000 -9999.000 -9999.000 -9999.000 -9999.000 -9999.000 -9999.000 -9999.000 -9999.000 -9999.000 -9999.000 -9999.000 -9999.000 -9999.000 0.6836693 0.6840637 0.6840919 0.6839988 0.6838498 0.6836716 0.6834760 0.6832834 0.6830944 0.6829156 0.6827505 0.6825933 0.6824105 0.6821003 0.6821302 0.6821302 -9999.000 -9999.000 -9999.000 -9999.000 -9999.000 -9999.000 -9999.000 -9999.000 -9999.000 -9999.000 -9999.000 -9999.000 -9999.000 -9999.000 -9999.000 -9999.000 -9999.000 -9999.000 -9999.000 -9999.000 -9999.000 -9999.000 -9999.000 -9999.000 -9999.000 -9999.000 -9999.000 -9999.000
-9999.000 -9999.000 -9999.000 -9999.000 -9999.000 -9999.000 -9999.000 -9999.000 -9999.000 -9999.000 -9999.000 -9999.000 -9999.000 -9999.000 -9999.000 0.6856367 0.6860489 0.6860796 0.6859869 0.6858379 0.6856599 0.6854647 0.6852735 0.6850861 0.6849088 0.6847453 0.6845884 0.6844025 0.6840786 0.6840866 0.6840866 -9999.000 -9999.000 -9999.000 -9999.000 -9999.000 -9999.000 -9999.000 -9999.000 -9999.000 -9999.000 -9999.000 -9999.000 -9999.000 -9999.000 -9999.000 -9999.000 -9999.000 -9999.000 -9999.000 -9999.000 -9999.000 -9999.000 -9999.000 -9999.000 -9999.000 -9999.000 -9999.000 -9999.000
-9999.000 -9999.000 -9999.000 -9999.000 -9999.000 -9999.000 -9999.000 -9999.000 -9999.000 -9999.000 -9999.000 -9999.000 -9999.000 -9999.000 -9999.000 0.6876249 0.6880493 0.6880802 0.6879851 0.6878331 0.6876517 0.6874528 0.6872588 0.6870684 0.6868884 0.6867222 0.6865619 0.6863690 0.6860262 0.6859978 0.6859978 -9999.000 -9999.000 -9999.000 -9999.000 -9999.000 -9999.000 -9999.000 -9999.000 -9999.000 -9999.000 -9999.000 -9999.000 -9999.000 -9999.000 -9999.000 -9999.000 -9999.000 -9999.000 -9999.000 -9999.000 -9999.000 -9999.000 -9999.000 -9999.000 -9999.000 -9999.000 -9999.000 -9999.000
-9999.000 -9999.000 -9999.000 -9999.000 -9999.000 -9999.000 -9999.000 -9999.000 -9999.000 -9999.000 -9999.000 -9999.000 -9999.000 -9999.000 -9999.000 0.6896204 0.6900542 0.6900838 0.6899848 0.6898282 0.6896417 0.6894372 0.6892384 0.6890428 0.6888579 0.6886869 0.6885210 0.6883184 0.6879517 0.6878724 0.6878724 -9999.000 -9999.000 -9999.000 -9999.000 -9999.000 -9999.000 -9999.000 -9999.000 -9999.000 -9999.000 -9999.000 -9999.000 -9999.000 -9999.000 -9999.000 -9999.000 -9999.000 -9999.000 -9999.000 -9999.000 -9999.000 -9999.000 -9999.000 -9999.000 -9999.000 -9999.000 -9999.000 -9999.000
-9999.000 -9999.000 -9999.000 -9999.000 -9999.000 -9999.000 -9999.000 -9999.000 -9999.000 -9999.000 -9999.000 -9999.000 -9999.000 -9999.000 -9999.000 0.6916167 0.6920583 0.6920854 0.6919816 0.6918194 0.6916268 0.6914157 0.6912112 0.6910093 0.6908182 0.6906413 0.6904684 0.6902539 0.6898583 0.6897109 0.6897109 -9999.000 -9999.000 -9999.000 -9999.000 -9999.000 -9999.000 -9999.000 -9999.000 -9999.000 -9999.000 -9999.000 -9999.000 -9999.000 -9999.000 -9999.000 -9999.000 -9999.000 -9999.000 -9999.000 -9999.000 -9999.000 -9999.000 -9999.000 -9999.000 -9999.000 -9999.000 -9999.000 -9999.000
-9999.000 -9999.000 -9999.000 -9999.000 -9999.000 -9999.000 -9999.000 -9999.000 -9999.000 -9999.000 -9999.000 -9999.000 -9999.000 -9999.000 -9999.000 0.6936100 0.6940586 0.6940823 0.6939728 0.6938044 0.6936054 0.6933868 0.6931762 0.6929671 0.6927691 0.6925853 0.6924044 0.6921758 0.6917456 0.6915081 0.6915081 -9999.000 -9999.000 -9999.000 -9999.000 -9999.000 -9999.000 -9999.000 -9999.000 -9999.000 -9999.000 -9999.000 -9999.000 -9999.000 -9999.000 -9999.000 -9999.000 -9999.000 -9999.000 -9999.000 -9999.000 -9999.000 -9999.000 -9999.000 -9999.000 -9999.000 -9999.000 -9999.000 -9999.000
-9999.000 -9999.000 -9999.000 -9999.000 -9999.000 -9999.000 -9999.000 -9999.000 -9999.000 -9999.000 -9999.000 -9999.000 -9999.000 -9999.000 -9999.000 0.6955980 0.6960531 0.6960724 0.6959564 0.6957815 0.6955754 0.6953489 0.6951318 0.6949149 0.6947094 0.6945183 0.6943282 0.6940830 0.6936113 0.6932545 0.6932545 -9999.000 -9999.000 -9999.000 -9999.000 -9999.000 -9999.000 -9999.000 -9999.000 -9999.000 -9999.000 -9999.000 -9999.000 -9999.000 -9999.000 -9999.000 -9999.000 -9999.000 -9999.000 -9999.000 -9999.000 -9999.000 -9999.000 -9999.000 -9999.000 -9999.000 -9999.000 -9999.000 -9999.000
-9999.000 -9999.000 -9999.000 -9999.000 -9999.000 -9999.000 -9999.000 -9999.000 -9999.000 -9999.000 -9999.000 -9999.000 -9999.000 -9999.000 -9999.000 0.6975786 0.6980401 0.6980538 0.6979306 0.6977487 0.6975351 0.6973003 0.6970764 0.6968513 0.6966376 0.6964384 0.6962380 0.6959732 0.6954516 0.6949350 0.6949350 -9999.000 -9999.000 -9999.000 -9999.000 -9999.000 -9999.000 -9999.000 -9999.000 -9999.000 -9999.000 -9999.000 -9999.000 -9999.000 -9999.000 -9999.000 -9999.000 -9999.000 -9999.000 -9999.000 -9999.000 -9999.000 -9999.000 -9999.000 -9999.000 -9999.000 -9999.000 -9999.000 -9999.000
-9999.000 -9999.000 -9999.000 -9999.000 -9999.000 -9999.000 -9999.000 -9999.000 -9999.000 -9999.000 -9999.000 -9999.000 -9999.000 -9999.000 -9999.000 0.6995494 0.7000176 0.7000246 0.6998932 0.6997037 0.6994823 0.6992385 0.6990078 0.6987736 0.6985512 0.6983431 0.6981310 0.6978429 0.6972609 0.6965272 0.6965272 -9999.000 -9999.000 -9999.000 -9999.000 -9999.000 -9999.000 -9999.000 -9999.000 -9999.000 -9999.000 -9999.000 -9999.000 -9999.000 -9999.000 -9999.000 -9999.000 -9999.000 -9999.000 -9999.000 -9999.000 -9999.000 -9999.000 -9999.000 -9999.000 -9999.000 -9999.000 -9999.000 -9999.000
-9999.000 -9999.000 -9999.000 -9999.000 -9999.000 -9999.000 -9999.000 -9999.000 -9999.000 -9999.000 -9999.000 -9999.000 -9999.000 -9999.000 -9999.000 0.7015074 0.7019829 0.7019820 0.7018414 0.7016438 0.7014139 0.7011605 0.7009228 0.7006786 0.7004467 0.7002286 0.7000028 0.6996866 0.6990306 0.6979966 0.6979966 -9999.000 -9999.000 -9999.000 -9999.000 -9999.000 -9999.000 -9999.000 -9999.000 -9999.000 -9999.000 -9999.000 -9999.000 -9999.000 -9999.000 -9999.000 -9999.000 -9999.000 -9999.000 -9999.000 -9999.000 -9999.000 -9999.000 -9999.000 -9999.000 -9999.000 -9999.000 -9999.000 -9999.000
-9999.000 -9999.000 -9999.000 -9999.000 -9999.000 -9999.000 -9999.000 -9999.000 -9999.000 -9999.000 -9999.000 -9999.000 -9999.000 -9999.000 -9999.000 0.7034481 0.7039325 0.7039223 0.7037713 0.7035648 0.7033259 0.7030620 0.7028170 0.7025616 0.7023190 0.7020896 0.7018474 0.7014965 0.7007484 0.6992891 0.6992891 -9999.000 -9999.000 -9999.000 -9999.000 -9999.000 -9999.000 -9999.000 -9999.000 -9999.000 -9999.000 -9999.000 -9999.000 -9999.000 -9999.000 -9999.000 -9999.000 -9999.000 -9999.000 -9999.000 -9999.000 -9999.000 -9999.000 -9999.000 -9999.000 -9999.000 -9999.000 -9999.000 -9999.000
-9999.000 -9999.000 -9999.000 -9999.000 -9999.000 -9999.000 -9999.000 -9999.000 -9999.000 -9999.000 -9999.000 -9999.000 -9999.000 -9999.000 -9999.000 0.7053425 0.7058483 0.7058338 0.7056761 0.7054632 0.7052162 0.7049413 0.7046884 0.7044196 0.7041639 0.7039203 0.7036572 0.7032621 0.7023974 0.7003219 0.7003219 -9999.000 -9999.000 -9999.000 -9999.000 -9999.000 -9999.000 -9999.000 -9999.000 -9999.000 -9999.000 -9999.000 -9999.000 -9999.000 -9999.000 -9999.000 -9999.000 -9999.000 -9999.000 -9999.000 -9999.000 -9999.000 -9999.000 -9999.000 -9999.000 -9999.000 -9999.000 -9999.000 -9999.000
-9999.000 -9999.000 -9999.000 -9999.000 -9999.000 -9999.000 -9999.000 -9999.000 -9999.000 -9999.000 -9999.000 -9999.000 -9999.000 -9999.000 -9999.000 0.7020776 0.7063069 0.7081166 0.7085989 0.7083675 0.7080451 0.7076530 0.7072703 0.7068600 0.7064677 0.7060972 0.7057105 0.7051595 0.7039959 0.7002945 0.7002945 -9999.000 -9999.000 -9999.000 -9999.000 -9999.000 -9999.000 -9999.000 -9999.000 -9999.000 -9999.000 -9999.000 -9999.000 -9999.000 -9999.000 -9999.000 -9999.000 -9999.000 -9999.000 -9999.000 -9999.000 -9999.000 -9999.000 -9999.000 -9999.000 -9999.000 -9999.000 -9999.000 -9999.000
0.7758701 0.7758701 0.7748946 0.7627250 0.7549676 0.7549676 0.7516108 0.7464833 0.7464833 0.7422611 0.7422611 0.7387219 0.7371572 0.7357009 0.7343023 0.7343023 0.7107663 0.7095407 0.7088830 0.7095775 0.7107664 0.7123342 0.7147204 0.7170777 0.7195457 0.7218978 0.7235551 0.7229589 0.7159256 0.6860837 0.6860837 0.4794257 0.4442850 0.4240817 0.4173749 0.4173749 0.4072396 0.4072396 0.4114011 0.4114011 0.4232502 0.4736323 0.4736323 0.5783972 0.5783972 0.6183916 0.6183916 0.6183916 0.6170009 0.6170009 0.6064491 0.6064491 0.5927278 0.5927278 0.5786467 0.5786467 0.5658457 0.5658457 0.5658457
0.7730846 0.7730846 0.7732848 0.7609079 0.7542359 0.7542359 0.7506694 0.7454426 0.7454426 0.7412282 0.7412282 0.7377077 0.7361518 0.7347034 0.7333131 0.7333131 0.7128763 0.7081360 0.7038761 0.7004725 0.6977397 0.6957512 0.6947938 0.6946495 0.6953674 0.6968547 0.6988211 0.7005423 0.7002566 0.6877313 0.6877313 0.5473459 0.4941593 0.4423017 0.4279676 0.4279676 0.4121001 0.4121001 0.4152737 0.4152737 0.4263164 0.4701164 0.4701164 0.5524470 0.5524470 0.6161376 0.6161376 0.6161376 0.6168660 0.6168660 0.6067513 0.6067513 0.5931258 0.5931258 0.5791591 0.5791591 0.5664033 0.5664033 0.5664033
0.7718620 0.7718620 0.7733319 0.7605940 0.7545199 0.7545199 0.7507945 0.7454159 0.7454159 0.7411812 0.7411812 0.7376604 0.7361041 0.7346541 0.7332567 0.7332567 0.7144032 0.7065694 0.6991277 0.6925489 0.6869245 0.6823335 0.6789624 0.6767259 0.6756275 0.6756206 0.6765183 0.6777884 0.6780365 0.6704558 0.6704558 0.5805843 0.5256718 0.4602240 0.4408333 0.4408333 0.4217287 0.4217287 0.4286217 0.4286217 0.4415149 0.4810601 0.4810601 0.5414294 0.5414294 0.6090684 0.6090684 0.6090684 0.6141562 0.6141562 0.6057456 0.6057456 0.5927212 0.5927212 0.5790102 0.5790102 0.5664122 0.5664122 0.5664122
0.7711848 0.7711848 0.7726256 0.7604880 0.7548089 0.7548089 0.7509665 0.7454217 0.7454217 0.7411606 0.7411606 0.7376472 0.7360953 0.7346489 0.7332451 0.7332451 0.7151361 0.7045520 0.6940897 0.6845174 0.6761554 0.6691468 0.6636270 0.6595571 0.6568928 0.6555641 0.6554117 0.6560287 0.6563468 0.6514642 0.6514642 0.5942004 0.5454172 0.4776970 0.4567271 0.4567271 0.4399677 0.4399677 0.4539227 0.4539227 0.4681199 0.4995929 0.4995929 0.5373425 0.5373425 0.5964742 0.5964742 0.5964742 0.6068016 0.6068016 0.6018539 0.6018539 0.5905423 0.5905423 0.5777133 0.5777133 0.5657222 0.5657222 0.5657222
0.7710453 0.7710453 0.7715262 0.7604721 0.7550467 0.7550467 0.7511179 0.7454235 0.7454235 0.7411403 0.7411403 0.7376374 0.7360904 0.7346473 0.7332309 0.7332309 0.7147362 0.7016300 0.6883301 0.6759106 0.6648776 0.6554627 0.6478038 0.6419023 0.6377054 0.6351236 0.6339989 0.6339924 0.6342735 0.6313493 0.6313493 0.5948632 0.5549018 0.4930471 0.4750655 0.4750655 0.4690575 0.4690575 0.4903799 0.4903799 0.5026710 0.5207816 0.5207816 0.5377409 0.5377409 0.5810165 0.5810165 0.5810165 0.5951895 0.5951895 0.5948102 0.5948102 0.5864393 0.5864393 0.5753403 0.5753403 0.5645315 0.5645315 0.5645315
0.7716843 0.7716843 0.7698023 0.7605115 0.7552415 0.7552415 0.7512527 0.7454380 0.7454380 0.7411307 0.7411307 0.7376323 0.7360882 0.7346471 0.7332106 0.7332106 0.7129288 0.6973618 0.6813907 0.6663073 0.6527415 0.6409961 0.6312296 0.6234793 0.6177086 0.6138313 0.6116999 0.6110291 0.6111706 0.6096671 0.6096671 0.5868871 0.5563633 0.5077996 0.4985628 0.4985628 0.5104093 0.5104093 0.5326425 0.5326425 0.5386549 0.5406568 0.5406568 0.5409812 0.5409812 0.5660638 0.5660638 0.5660638 0.5810270 0.5810270 0.5849301 0.5849301 0.5803283 0.5803283 0.5718191 0.5718191 0.5628541 0.5628541 0.5628541
0.7718624 0.7718624 0.7689617 0.7605506 0.7553636 0.7553636 0.7513371 0.7454439 0.7454439 0.7411220 0.7411220 0.7376281 0.7360861 0.7346465 0.7331806 0.7331806 0.7094268 0.6912971 0.6727647 0.6552092 0.6393076 0.6253946 0.6136400 0.6041031 0.5967675 0.5915639 0.5883664 0.5869431 0.5868011 0.5862743 0.5862743 0.5728861 0.5521024 0.5268535 0.5328934 0.5328934 0.5612864 0.5612864 0.5727108 0.5727108 0.5699712 0.5574467 0.5574467 0.5459349 0.5459349 0.5539312 0.5539312 0.5539312 0.5664033 0.5664033 0.5730425 0.5730425 0.5723271 0.5723271 0.5670857 0.5670857 0.5606437 0.5606437 0.5606437
0.7719191 0.7719191 0.7686911 0.7605640 0.7554048 0.7554048 0.7513661 0.7454459 0.7454459 0.7411191 0.7411191 0.7376267 0.7360855 0.7346464 0.7331377 0.7331377 0.7038562 0.6829224 0.6618714 0.6420289 0.6240317 0.6081927 0.5946649 0.5835063 0.5747104 0.5682248 0.5639494 0.5617061 0.5611472 0.5612872 0.5612872 0.5548853 0.5452884 0.5584697 0.5827825 0.5827825 0.6126437 0.6126437 0.6045592 0.6045592 0.5940654 0.5712198 0.5712198 0.5518607 0.5518607 0.5454865 0.5454865 0.5454865 0.5530884 0.5530884 0.5603066 0.5603066 0.5628381 0.5628381 0.5611952 0.5611952 0.5578770 0.5578770 0.5578770
0.7718619 0.7718619 0.7689621 0.7605520 0.7553639 0.7553639 0.7513365 0.7454433 0.7454433 0.7411219 0.7411219 0.7376283 0.7360863 0.7346468 0.7330773 0.7330773 0.6956740 0.6715834 0.6480054 0.6260611 0.6062522 0.5888050 0.5738151 0.5613081 0.5512676 0.5436475 0.5383701 0.5353087 0.5342752 0.5350731 0.5350731 0.5353824 0.5420437 0.6100597 0.6442351 0.6442351 0.6537399 0.6537399 0.6271887 0.6271887 0.6117877 0.5826762 0.5826762 0.5581816 0.5581816 0.5404947 0.5404947 0.5404947 0.5421553 0.5421553 0.5479314 0.5479314 0.5525358 0.5525358 0.5543896 0.5543896 0.5546048 0.5546048 0.5546048
0.7716834 0.7716834 0.7698029 0.7605142 0.7552420 0.7552420 0.7512516 0.7454368 0.7454368 0.7411305 0.7411305 0.7376327 0.7360886 0.7346475 0.7329930 0.7329930 0.6840487 0.6563760 0.6302540 0.6064289 0.5851589 0.5665102 0.5504711 0.5370013 0.5260492 0.5175591 0.5114652 0.5076901 0.5062973 0.5085602 0.5085602 0.5194403 0.5547079 0.6776111 0.7013831 0.7013831 0.6804145 0.6804145 0.6429312 0.6429312 0.6250694 0.5923247 0.5923247 0.5643793 0.5643793 0.5381705 0.5381705 0.5381705 0.5339500 0.5339500 0.5369126 0.5369126 0.5422646 0.5422646 0.5471194 0.5471194 0.5509945 0.5509945 0.5509945
0.7710440 0.7710440 0.7715272 0.7604761 0.7550473 0.7550473 0.7511165 0.7454219 0.7454219 0.7411400 0.7411400 0.7376379 0.7360910 0.7346480 0.7328748 0.7328748 0.6676453 0.6359652 0.6073609 0.5819881 0.5597308 0.5404116 0.5238604 0.5099362 0.4985291 0.4895563 0.4829514 0.4787032 0.4775016 0.4846509 0.4846509 0.5194219 0.6005242 0.7398466 0.7382365 0.7382365 0.6961772 0.6961772 0.6542469 0.6542469 0.6353106 0.6003252 0.6003252 0.5700117 0.5700117 0.5376163 0.5376163 0.5376163 0.5282882 0.5282882 0.5278811 0.5278811 0.5328832 0.5328832 0.5400019 0.5400019 0.5473399 0.5473399 0.5473399
