simulation_files/asc/Depth____190.0.asc
NCOLS       216
NROWS       273
XLLCENTER        494.688995
YLLCENTER        787.867981
CELLSIZE           0.500
NODATA_VALUE     -9999.0
[rows 182 to 207 of 273, columns 120 to 179 of 216]
-9999.000 -9999.000 -9999.000 -9999.000 -9999.000 -9999.000 -9999.000 -9999.000 -9999.000 0.9843675E-01 0.1757798 0.2634828 0.2686858 0.2159752 0.1390882 0.9033545E-01 0.4890277E-01 0.5770796E-01 0.7777373E-01 0.7366123E-01 0.8501959E-01 0.1517485 0.2335620 0.2207859 0.2403134 0.2912241 0.2979414 0.2706765 0.2890209 0.3312486 0.3638918 0.3922588 0.3702738 0.3291911 0.3074294 0.3157620 0.3153613 0.3164824 0.2841468 0.2280446 0.1490123 0.6392214E-01 -9999.000 -9999.000 -9999.000 -9999.000 -9999.000 -9999.000 -9999.000 -9999.000 -9999.000 -9999.000 -9999.000 -9999.000 -9999.000 -9999.000 -9999.000 -9999.000 -9999.000 -9999.000
-9999.000 -9999.000 -9999.000 -9999.000 -9999.000 -9999.000 -9999.000 -9999.000 0.2058370E-01 0.5694764E-01 0.1543415 0.2340200 0.2620525 0.2376831 0.1914171 0.1338744 0.7869415E-01 0.6035040E-01 0.7031032E-01 0.6642873E-01 0.7233454E-01 0.1194369 0.1735812 0.1948548 0.2406480 0.3153615 0.3350136 0.2837489 0.2957487 0.3693488 0.3973774 0.4073489 0.3974500 0.3505343 0.3370774 0.3292890 0.3283227 0.3307386 0.3131689 0.2908660 0.2020356 0.8691057E-01 0.2870324E-01 -9999.000 -9999.000 -9999.000 -9999.000 -9999.000 -9999.000 -9999.000 -9999.000 -9999.000 -9999.000 -9999.000 -9999.000 -9999.000 -9999.000 -9999.000 -9999.000 -9999.000
-9999.000 -9999.000 -9999.000 -9999.000 -9999.000 -9999.000 -9999.000 -9999.000 -9999.000 0.3682780E-01 0.1291821 0.2326005 0.2676876 0.2663681 0.2327075 0.1794164 0.1232815 0.7619419E-01 0.6655389E-01 0.6050917E-01 0.6918147E-01 0.8529005E-01 0.1047477 0.1335468 0.1965857 0.2784983 0.3216608 0.3043231 0.3301925 0.3790370 0.3575162 0.3455304 0.3524431 0.3349476 0.2874849 0.2807197 0.2891732 0.3087785 0.3174409 0.3050042 0.2536788 0.1439670 0.6986452E-01 -9999.000 -9999.000 -9999.000 -9999.000 -9999.000 -9999.000 -9999.000 -9999.000 -9999.000 -9999.000 -9999.000 -9999.000 -9999.000 -9999.000 -9999.000 -9999.000 -9999.000
-9999.000 -9999.000 -9999.000 -9999.000 -9999.000 -9999.000 -9999.000 -9999.000 -9999.000 0.2331210E-01 0.1332799 0.2313205 0.2788509 0.2837134 0.2655301 0.2187244 0.1519216 0.9361314E-01 0.7319605E-01 0.7429072E-01 0.8400558E-01 0.8010778E-01 0.7920280E-01 0.1063131 0.1572180 0.2141096 0.2624568 0.2873310 0.3477675 0.3195202 0.2539528 0.2766685 0.2942911 0.2204182 0.1833423 0.1610282 0.2004065 0.2270191 0.2627146 0.2737397 0.2390024 0.1762859 0.1362316 0.7901351E-01 -9999.000 -9999.000 -9999.000 -9999.000 -9999.000 -9999.000 -9999.000 -9999.000 -9999.000 -9999.000 -9999.000 -9999.000 -9999.000 -9999.000 -9999.000 -9999.000
-9999.000 -9999.000 -9999.000 -9999.000 -9999.000 -9999.000 -9999.000 -9999.000 -9999.000 -9999.000 -9999.000 0.2048964 0.2694455 0.2838592 0.2781539 0.2307403 0.1568090 0.9425235E-01 0.6720157E-01 0.6235507E-01 0.7727540E-01 0.7649756E-01 0.8003808E-01 0.1144026 0.1701798 0.2131090 0.2465724 0.2623721 0.2756494 0.2264992 0.2024052 0.3107224 0.3309892 0.2792095 0.2046744 0.1823115 0.1983490 0.2169917 0.2314337 0.2414431 0.2316040 0.2010148 0.1686166 0.1241426 -9999.000 -9999.000 -9999.000 -9999.000 -9999.000 -9999.000 -9999.000 -9999.000 -9999.000 -9999.000 -9999.000 -9999.000 -9999.000 -9999.000 -9999.000 -9999.000
-9999.000 -9999.000 -9999.000 -9999.000 -9999.000 -9999.000 -9999.000 -9999.000 -9999.000 -9999.000 -9999.000 0.1703151 0.2424451 0.2558197 0.2618444 0.2145934 0.1274791 0.8774030E-01 0.6984125E-01 0.5113880E-01 0.5150783E-01 0.6908738E-01 0.8748712E-01 0.1342268 0.2042409 0.2270104 0.2131693 0.1921852 0.2095791 0.2150288 0.2252582 0.3128204 0.3791727 0.3574916 0.2932339 0.2236047 0.2319660 0.2519841 0.2397136 0.2206698 0.2210448 0.1923158 0.1528294 0.1100517 -9999.000 -9999.000 -9999.000 -9999.000 -9999.000 -9999.000 -9999.000 -9999.000 -9999.000 -9999.000 -9999.000 -9999.000 -9999.000 -9999.000 -9999.000 -9999.000
-9999.000 -9999.000 -9999.000 -9999.000 -9999.000 -9999.000 -9999.000 -9999.000 -9999.000 -9999.000 0.5267796E-01 0.1573061 0.2225566 0.2234185 0.2364308 0.2105165 0.1518685 0.1257545 0.1011300 0.7269970E-01 0.4899638E-01 0.4696295E-01 0.7001919E-01 0.1139239 0.1433912 0.1553906 0.1832799 0.1884380 0.2342074 0.2687910 0.2501545 0.2823823 0.3313747 0.3131781 0.2781889 0.2485653 0.2427937 0.2282211 0.1975045 0.2127191 0.2308362 0.2243568 0.2124269 0.1766547 0.1365323 0.7137548E-01 -9999.000 -9999.000 -9999.000 -9999.000 -9999.000 -9999.000 -9999.000 -9999.000 -9999.000 -9999.000 -9999.000 -9999.000 -9999.000 -9999.000
-9999.000 -9999.000 -9999.000 -9999.000 -9999.000 -9999.000 -9999.000 -9999.000 -9999.000 -9999.000 -9999.000 0.1243179 0.1883339 0.2192747 0.2407502 0.2373560 0.2137113 0.1894571 0.1475764 0.1208936 0.7082081E-01 0.3196228E-01 0.4006950E-01 0.6791333E-01 0.7930197E-01 0.1104495 0.1943822 0.2381840 0.2820905 0.3091086 0.2973799 0.2836736 0.2732983 0.2423601 0.2520896 0.2623727 0.2576004 0.2075219 0.2079176 0.2465083 0.2648929 0.2625137 0.2764560 0.2579424 0.2137977 0.1303674 -9999.000 -9999.000 -9999.000 -9999.000 -9999.000 -9999.000 -9999.000 -9999.000 -9999.000 -9999.000 -9999.000 -9999.000 -9999.000 -9999.000
-9999.000 -9999.000 -9999.000 -9999.000 -9999.000 -9999.000 -9999.000 -9999.000 -9999.000 -9999.000 -9999.000 -9999.000 0.1331052 0.1874220 0.2244710 0.2414032 0.2467237 0.2422794 0.1948606 0.1630861 0.1103514 0.3720434E-01 0.2520307E-01 0.3539612E-01 0.5499428E-01 0.1054407 0.1850312 0.2398558 0.2807928 0.3077793 0.2952140 0.2961916 0.3051954 0.2730199 0.2715721 0.3187638 0.2815226 0.2457290 0.2785276 0.3110436 0.3120486 0.3048231 0.3258791 0.3065945 0.2585836 0.1650206 0.5087511E-01 -9999.000 -9999.000 -9999.000 -9999.000 -9999.000 -9999.000 -9999.000 -9999.000 -9999.000 -9999.000 -9999.000 -9999.000 -9999.000
-9999.000 -9999.000 -9999.000 -9999.000 -9999.000 -9999.000 -9999.000 -9999.000 -9999.000 -9999.000 -9999.000 -9999.000 0.7967828E-01 0.1321321 0.1862323 0.2232027 0.2608331 0.2705891 0.2435739 0.2142551 0.1603028 0.8205686E-01 0.4779002E-01 0.5094820E-01 0.5495088E-01 0.8170531E-01 0.1323847 0.1938570 0.2449963 0.2791170 0.2723701 0.2829156 0.2983190 0.2626536 0.2916613 0.3308575 0.2791138 0.2857938 0.3492786 0.3762334 0.3478813 0.3453286 0.3631872 0.3031316 0.2380182 0.1478724 0.4917871E-01 0.2141425E-01 -9999.000 -9999.000 -9999.000 -9999.000 -9999.000 -9999.000 -9999.000 -9999.000 -9999.000 -9999.000 -9999.000 -9999.000
-9999.000 -9999.000 -9999.000 -9999.000 -9999.000 -9999.000 -9999.000 -9999.000 -9999.000 -9999.000 -9999.000 -9999.000 -9999.000 0.8423866E-01 0.1434901 0.2077152 0.2393291 0.2736646 0.2851321 0.2485946 0.1902190 0.1337708 0.8997830E-01 0.6125874E-01 0.4677033E-01 0.4692805E-01 0.7990056E-01 0.1529172 0.2251074 0.2651459 0.2337931 0.2245661 0.2263554 0.2408431 0.3148954 0.3396923 0.2918660 0.3149270 0.3919211 0.4089255 0.3771404 0.3384574 0.2770346 0.2110807 0.1758514 0.1399209 0.9982758E-01 0.6752834E-01 -9999.000 -9999.000 -9999.000 -9999.000 -9999.000 -9999.000 -9999.000 -9999.000 -9999.000 -9999.000 -9999.000 -9999.000
-9999.000 -9999.000 -9999.000 -9999.000 -9999.000 -9999.000 -9999.000 -9999.000 -9999.000 -9999.000 -9999.000 -9999.000 -9999.000 0.5908715E-01 0.1300565 0.1508900 0.1369763 0.1983457 0.2559487 0.2396251 0.2154114 0.1765792 0.1221454 0.8035612E-01 0.4953255E-01 0.2812011E-01 0.4236802E-01 0.1131248 0.1991301 0.2258771 0.1631720 0.2000238 0.2377931 0.2604557 0.3292935 0.3544079 0.3275153 0.3465616 0.3833013 0.3950476 0.3438728 0.2442860 0.2116394 0.1774520 0.1960794 0.2129401 0.1909623 0.1517040 0.1205611 -9999.000 -9999.000 -9999.000 -9999.000 -9999.000 -9999.000 -9999.000 -9999.000 -9999.000 -9999.000 -9999.000
-9999.000 -9999.000 -9999.000 -9999.000 -9999.000 -9999.000 -9999.000 -9999.000 -9999.000 -9999.000 -9999.000 -9999.000 -9999.000 -9999.000 0.8902763E-01 0.9424126E-01 -9999.000 0.7351962E-01 0.1468659 0.1975842 0.2364021 0.2074897 0.1732228 0.1259527 0.8901335E-01 0.6237774E-01 0.4644231E-01 0.8713788E-01 0.1623320 0.1664209 0.1415012 0.2033101 0.2594335 0.2826003 0.3190173 0.3483435 0.3450519 0.3414799 0.3530570 0.3480771 0.2951937 0.2850208 0.2633175 0.2595053 0.2847461 0.2881949 0.2777929 0.2672309 0.1935898 0.9993755E-01 -9999.000 -9999.000 -9999.000 -9999.000 -9999.000 -9999.000 -9999.000 -9999.000 -9999.000 -9999.000
-9999.000 -9999.000 -9999.000 -9999.000 -9999.000 -9999.000 -9999.000 -9999.000 -9999.000 -9999.000 -9999.000 -9999.000 -9999.000 -9999.000 -9999.000 -9999.000 0.3878552E-01 0.6185290E-01 0.9713467E-01 0.1444963 0.1949210 0.1996236 0.1776542 0.1279985 0.8627268E-01 0.6261304E-01 0.4542091E-01 0.5542345E-01 0.1051811 0.1264480 0.1370218 0.1822578 0.2434119 0.2714158 0.2979466 0.3167317 0.3281247 0.3238830 0.3351381 0.3455928 0.3465825 0.3543949 0.3327747 0.3208388 0.3158710 0.3179325 0.3032911 0.2858985 0.2150695 0.1265527 -9999.000 -9999.000 -9999.000 -9999.000 -9999.000 -9999.000 -9999.000 -9999.000 -9999.000 -9999.000
-9999.000 -9999.000 -9999.000 -9999.000 -9999.000 -9999.000 -9999.000 -9999.000 -9999.000 -9999.000 -9999.000 -9999.000 -9999.000 -9999.000 -9999.000 -9999.000 0.5324027E-01 0.9577145E-01 0.9655167E-01 0.1123290 0.1475521 0.1650867 0.1560983 0.1233811 0.8325765E-01 0.4968844E-01 0.2747723E-01 -9999.000 -9999.000 0.6378616E-01 0.1092150 0.1491263 0.1914094 0.2160491 0.2600359 0.3076292 0.3127772 0.3071331 0.3358910 0.3876683 0.4070858 0.4042353 0.3527734 0.3198106 0.3363063 0.3396927 0.3079965 0.2461646 0.1651546 0.1152675 0.5326716E-01 -9999.000 -9999.000 -9999.000 -9999.000 -9999.000 -9999.000 -9999.000 -9999.000 -9999.000
-9999.000 -9999.000 -9999.000 -9999.000 -9999.000 -9999.000 -9999.000 -9999.000 -9999.000 -9999.000 -9999.000 -9999.000 -9999.000 -9999.000 -9999.000 -9999.000 -9999.000 0.8347047E-01 0.7554442E-01 0.8807526E-01 0.9367002E-01 0.1317406 0.1601289 0.1444359 0.1121427 0.7372502E-01 0.3516422E-01 -9999.000 -9999.000 -9999.000 0.5872354E-01 0.1096382 0.1278529 0.1385474 0.1993306 0.2629867 0.2637052 0.2650455 0.3281347 0.3993109 0.4283139 0.4008391 0.3416721 0.3133897 0.3141678 0.2796006 0.2388138 0.1839508 0.1411307 0.1192622 -9999.000 -9999.000 -9999.000 -9999.000 -9999.000 -9999.000 -9999.000 -9999.000 -9999.000 -9999.000
-9999.000 -9999.000 -9999.000 -9999.000 -9999.000 -9999.000 -9999.000 -9999.000 -9999.000 -9999.000 -9999.000 -9999.000 -9999.000 -9999.000 -9999.000 -9999.000 -9999.000 0.6662063E-01 0.1180616 0.7618907E-01 0.4875393E-01 0.8453009E-01 0.1256682 0.1302021 0.1245036 0.1016392 0.5139154E-01 0.2079891E-01 -9999.000 -9999.000 -9999.000 0.6522973E-01 0.8053558E-01 0.9666636E-01 0.1411430 0.1931060 0.2066402 0.2536422 0.3383043 0.3826561 0.3842727 0.3553993 0.3134563 0.2772891 0.2610442 0.2009171 0.1680942 0.1533661 0.1602215 0.1533546 0.1218645 -9999.000 -9999.000 -9999.000 -9999.000 -9999.000 -9999.000 -9999.000 -9999.000 -9999.000
-9999.000 -9999.000 -9999.000 -9999.000 -9999.000 -9999.000 -9999.000 -9999.000 -9999.000 -9999.000 -9999.000 -9999.000 -9999.000 -9999.000 -9999.000 -9999.000 -9999.000 0.7603553E-01 0.1276072 0.6812394E-01 0.4420633E-01 0.8085016E-01 0.1021291 0.9849602E-01 0.1223624 0.1058048 -9999.000 0.1426440E-01 -9999.000 -9999.000 -9999.000 -9999.000 0.4548236E-01 0.9476886E-01 0.1537226 0.1935221 0.2238880 0.2768587 0.3038010 0.3275647 0.3166507 0.2947145 0.2794002 0.2857406 0.2596100 0.2504271 0.2283162 0.1736499 0.1791444 0.2052856 0.1800565 0.8978134E-01 -9999.000 -9999.000 -9999.000 -9999.000 -9999.000 -9999.000 -9999.000 -9999.000
-9999.000 -9999.000 -9999.000 -9999.000 -9999.000 -9999.000 -9999.000 -9999.000 -9999.000 -9999.000 -9999.000 -9999.000 -9999.000 -9999.000 -9999.000 -9999.000 -9999.000 0.1307692 0.8603048E-01 0.5522127E-01 0.8736036E-01 0.1386226 0.1474920 0.1066991 0.1147313 0.9625948E-01 0.4787632E-01 -9999.000 -9999.000 -9999.000 -9999.000 -9999.000 0.2379893E-01 0.8746893E-01 0.1751237 0.2297550 0.2605800 0.2469762 0.2298981 0.2375742 0.2638784 0.2390560 0.2530698 0.2980490 0.2880446 0.2974236 0.2721978 0.2144024 0.2012159 0.2341832 0.2105896 0.9327323E-01 0.3547704E-01 -9999.000 -9999.000 -9999.000 -9999.000 -9999.000 -9999.000 -9999.000
-9999.000 -9999.000 -9999.000 -9999.000 -9999.000 -9999.000 -9999.000 -9999.000 -9999.000 -9999.000 -9999.000 -9999.000 -9999.000 -9999.000 -9999.000 -9999.000 0.7659879E-01 0.1361538 0.1096190 0.8329180E-01 0.1587856 0.2082008 0.1905603 0.1402301 0.1326855 0.1023637 0.3943874E-01 -9999.000 0.1002923E-01 -9999.000 -9999.000 -9999.000 -9999.000 0.7192752E-01 0.1453169 0.1836477 0.2038582 0.2101613 0.2120517 0.2206817 0.2229723 0.1980193 0.2004678 0.2800285 0.3098079 0.2960639 0.2652736 0.2294935 0.2180784 0.2281238 0.2125059 0.1184293 0.5590758E-01 -9999.000 -9999.000 -9999.000 -9999.000 -9999.000 -9999.000 -9999.000
-9999.000 -9999.000 -9999.000 -9999.000 -9999.000 -9999.000 -9999.000 -9999.000 -9999.000 -9999.000 -9999.000 -9999.000 -9999.000 -9999.000 -9999.000 -9999.000 -9999.000 0.8771045E-01 0.9936763E-01 0.1032895 0.1559278 0.1858632 0.1736446 0.1854395 0.1852668 0.1324532 0.5470472E-01 0.2166327E-01 -9999.000 -9999.000 -9999.000 -9999.000 -9999.000 0.5025550E-01 0.8037491E-01 0.8667581E-01 0.1298126 0.1731144 0.2150689 0.2200862 0.2256589 0.2150419 0.2080758 0.2613212 0.2934175 0.2946427 0.2758188 0.2367867 0.2367437 0.2483572 0.2009956 0.1378080 0.1094750 0.4580309E-01 -9999.000 -9999.000 -9999.000 -9999.000 -9999.000 -9999.000
-9999.000 -9999.000 -9999.000 -9999.000 -9999.000 -9999.000 -9999.000 -9999.000 -9999.000 -9999.000 -9999.000 -9999.000 -9999.000 -9999.000 -9999.000 -9999.000 -9999.000 -9999.000 0.6777883E-01 0.8247792E-01 0.1160644 0.1279721 0.1370089 0.1869863 0.2119477 0.1624440 0.9579334E-01 0.4156926E-01 0.1763093E-01 -9999.000 -9999.000 -9999.000 -9999.000 -9999.000 0.7244434E-01 0.9668039E-01 0.1202773 0.1533260 0.1778074 0.1936465 0.2293978 0.2633501 0.2673875 0.2719993 0.2609173 0.2847861 0.2647625 0.2391703 0.2672726 0.2901923 0.2438807 0.2072214 0.2006365 0.1238559 -9999.000 -9999.000 -9999.000 -9999.000 -9999.000 -9999.000
-9999.000 -9999.000 -9999.000 -9999.000 -9999.000 -9999.000 -9999.000 -9999.000 -9999.000 -9999.000 -9999.000 -9999.000 -9999.000 -9999.000 -9999.000 -9999.000 -9999.000 0.4711790E-01 0.8050247E-01 0.6200403E-01 0.6203247E-01 0.9158475E-01 0.1211861 0.1678378 0.2063487 0.1814676 0.1321873 0.6897775E-01 0.3257315E-01 -9999.000 -9999.000 -9999.000 -9999.000 -9999.000 0.6718599E-01 0.1018671 0.1299188 0.1457241 0.1641905 0.1788047 0.1997741 0.2396269 0.2535101 0.2355952 0.2196610 0.2031542 0.1937449 0.2160365 0.2888015 0.3309545 0.3019263 0.2800645 0.2448996 0.2056814 0.1563569 -9999.000 -9999.000 -9999.000 -9999.000 -9999.000
-9999.000 -9999.000 -9999.000 -9999.000 -9999.000 -9999.000 -9999.000 -9999.000 -9999.000 -9999.000 -9999.000 -9999.000 -9999.000 -9999.000 -9999.000 -9999.000 -9999.000 -9999.000 0.4730178E-01 -9999.000 0.3404085E-01 0.1151431 0.1678534 0.1961436 0.1840801 0.1480264 0.1206612 0.8429464E-01 0.4786697E-01 -9999.000 -9999.000 -9999.000 -9999.000 -9999.000 -9999.000 0.5478544E-01 0.9524786E-01 0.1272497 0.1703161 0.1877352 0.2017937 0.2275879 0.2455726 0.1969662 0.1319593 0.9827795E-01 0.1220855 0.2133990 0.3057611 0.3528311 0.3052129 0.2673722 0.2320857 0.2021884 0.1527873 0.7916246E-01 -9999.000 -9999.000 -9999.000 -9999.000
-9999.000 -9999.000 -9999.000 -9999.000 -9999.000 -9999.000 -9999.000 -9999.000 -9999.000 -9999.000 -9999.000 -9999.000 -9999.000 -9999.000 -9999.000 -9999.000 -9999.000 -9999.000 0.1743348E-01 0.2139157E-01 0.4520744E-01 0.1406103 0.2218671 0.2363286 0.1916035 0.1544627 0.1243805 0.9913189E-01 0.5929857E-01 -9999.000 -9999.000 -9999.000 -9999.000 -9999.000 -9999.000 0.3389889E-01 0.6961206E-01 0.1229764 0.1712475 0.2027066 0.2399479 0.2502227 0.2529588 0.2043966 0.1552620 0.1508133 0.1792220 0.2489123 0.2898789 0.2685368 0.2429698 0.2591746 0.2513816 0.2049557 0.1688816 0.1201145 0.5379085E-01 -9999.000 -9999.000 -9999.000
-9999.000 -9999.000 -9999.000 -9999.000 -9999.000 -9999.000 -9999.000 -9999.000 -9999.000 -9999.000 -9999.000 -9999.000 -9999.000 -9999.000 -9999.000 -9999.000 -9999.000 -9999.000 0.1373618E-01 0.3188076E-01 0.6547345E-01 0.1549118 0.2353432 0.2265011 0.1896518 0.1511464 0.1223072 0.1015696 0.6972774E-01 -9999.000 -9999.000 -9999.000 -9999.000 -9999.000 -9999.000 -9999.000 0.4860918E-01 0.1190215 0.1921906 0.2382900 0.2923512 0.3084101 0.2716803 0.2303420 0.2377285 0.3237530 0.3747932 0.3555770 0.3013107 0.2428626 0.2663362 0.3208015 0.3085194 0.2206539 0.1897018 0.1771063 0.1054207 -9999.000 -9999.000 -9999.000
