simulation_files/asc/Depth____188.0.asc
NCOLS       411
NROWS       131
XLLCENTER    2538020.000000
YLLCENTER    1152390.000000
CELLSIZE           1.000
NODATA_VALUE     -9999.0
[rows 27 to 53 of 131, columns 295 to 353 of 411]
0.6126850 0.6179899 0.6225816 0.6313913 0.6342552 0.6380606 0.6448898 0.6524317 0.6561087 0.6630949 0.6743459 0.6870921 0.6954748 0.7089434 0.7250496 0.7363298 0.7502317 0.7633508 0.7739656 0.7776620 0.7861887 0.7968066 0.8052779 0.8130796 0.8206092 0.8244241 0.8238259 0.8169402 0.8012201 0.7815359 0.7612880 0.7438215 0.7338410 0.7283950 0.7277992 0.7281579 0.7294190 0.7294763 0.7335294 0.7362007 0.7347682 0.7387298 0.7427117 0.7439552 0.7430277 0.7494385 0.7578434 0.7624222 0.7637830 0.7672091 0.7651528 0.7618145 0.7613218 0.7605414 0.7554113 0.7523737 0.7541473 0.7524245 0.7554032
0.5287745 0.5353333 0.5505639 0.5654378 0.5767020 0.5854554 0.5975130 0.6076452 0.6136982 0.6225779 0.6317926 0.6409910 0.6493044 0.6629048 0.6764048 0.6863745 0.7013701 0.7155583 0.7258711 0.7343595 0.7453469 0.7573828 0.7685667 0.7803357 0.7939900 0.8060958 0.8192246 0.8310907 0.8353224 0.8306706 0.8133064 0.7813178 0.7495114 0.7199332 0.7014172 0.6916847 0.6825851 0.6791678 0.6794318 0.6807662 0.6757630 0.6768711 0.6793168 0.6738978 0.6765160 0.6813902 0.6888586 0.6886733 0.6965787 0.7027931 0.7039986 0.7025809 0.7036815 0.7029661 0.6965367 0.6960589 0.6967662 0.6973226 0.6971012
0.4623447 0.4727919 0.4885290 0.5046491 0.5151349 0.5290540 0.5449939 0.5601619 0.5683921 0.5788607 0.5892051 0.5950477 0.6061223 0.6185420 0.6314122 0.6386915 0.6531131 0.6692274 0.6799994 0.6960908 0.7117725 0.7270938 0.7383176 0.7512872 0.7630763 0.7728880 0.7830076 0.7988628 0.8153539 0.8298709 0.8372671 0.8260788 0.7906646 0.7423531 0.6962128 0.6631779 0.6414713 0.6300074 0.6242506 0.6191697 0.6139505 0.6137432 0.6152219 0.6108363 0.6121686 0.6146918 0.6144339 0.6140965 0.6210950 0.6317674 0.6371798 0.6451241 0.6543018 0.6568012 0.6590041 0.6597323 0.6591236 0.6553242 0.6564307
0.4291798 0.4310863 0.4399208 0.4499733 0.4572388 0.4698990 0.4846196 0.4994118 0.5140102 0.5312775 0.5437957 0.5491320 0.5586824 0.5689840 0.5779592 0.5860379 0.6002918 0.6177418 0.6328854 0.6528868 0.6747374 0.6934268 0.7095672 0.7243944 0.7348260 0.7377557 0.7344340 0.7320808 0.7241277 0.7148349 0.7201829 0.7328354 0.7303358 0.7206858 0.6975332 0.6608866 0.6255397 0.6010266 0.5855774 0.5740025 0.5685750 0.5645088 0.5617330 0.5548980 0.5551931 0.5574658 0.5512654 0.5507410 0.5523940 0.5575249 0.5569301 0.5697502 0.5834572 0.5965477 0.5960874 0.6056899 0.6133308 0.6107177 0.6156731
0.4048245 0.4049361 0.4088737 0.4130359 0.4160042 0.4218092 0.4314030 0.4441535 0.4646737 0.4862966 0.5022885 0.5103304 0.5182488 0.5268176 0.5326406 0.5430410 0.5564352 0.5734160 0.5902543 0.6137817 0.6369493 0.6527098 0.6705463 0.6847312 0.6915836 0.6663783 0.6451437 0.6184070 0.5912982 0.5558371 0.5462402 0.5561387 0.5797292 0.6245460 0.6498207 0.6390552 0.6072311 0.5793968 0.5609944 0.5513434 0.5447497 0.5363705 0.5269567 0.5197170 0.5197897 0.5215406 0.5189728 0.5153335 0.5133641 0.5097013 0.5055830 0.5038229 0.5024042 0.4979492 0.5007880 0.5190715 0.5399839 0.5538822 0.5678240
0.3815871 0.3842299 0.3888651 0.3923099 0.3930933 0.3964462 0.4043344 0.4208933 0.4440757 0.4656326 0.4803977 0.4891085 0.4966767 0.5041673 0.5114975 0.5207400 0.5329446 0.5463528 0.5611069 0.5757897 0.5841306 0.5753929 0.5589975 0.5501501 0.5294472 0.5165677 0.5103706 0.5004268 0.4846927 0.4733796 0.4669450 0.4732972 0.4992854 0.5426670 0.5744120 0.5704782 0.5512869 0.5332051 0.5276571 0.5249111 0.5222987 0.5136895 0.5025440 0.4981594 0.5017976 0.5068087 0.5028879 0.4994767 0.4923058 0.4761122 0.4630583 0.4519129 0.4414869 0.4310147 0.4328893 0.4532264 0.4834541 0.5046777 0.5215353
0.3714607 0.3755008 0.3807217 0.3842533 0.3865628 0.3922183 0.4043936 0.4266511 0.4506499 0.4696635 0.4818443 0.4872350 0.4919410 0.4978771 0.5041849 0.5105001 0.5172498 0.5178040 0.5166613 0.5046479 0.4796818 0.4355386 0.4109732 0.3974470 0.3890914 0.4005230 0.4209914 0.4396895 0.4532350 0.4637889 0.4698225 0.4799925 0.4966142 0.5115861 0.5115764 0.4923457 0.4754587 0.4683967 0.4680174 0.4686046 0.4686998 0.4656863 0.4592456 0.4571048 0.4627935 0.4614847 0.4557895 0.4484248 0.4381266 0.4208465 0.4113291 0.4063689 0.4019533 0.4007203 0.4127115 0.4377104 0.4647740 0.4813530 0.4920913
0.3796236 0.3828644 0.3870961 0.3919161 0.3964345 0.4056552 0.4234575 0.4486359 0.4708331 0.4863352 0.4926687 0.4935244 0.4949644 0.4975710 0.4972752 0.4932198 0.4842338 0.4623972 0.4332418 0.4019746 0.3669409 0.3449980 0.3347436 0.3321037 0.3367842 0.3525820 0.3745997 0.3994941 0.4240800 0.4521237 0.4748630 0.4963623 0.5172376 0.5226138 0.5040213 0.4708567 0.4400612 0.4241167 0.4184516 0.4135656 0.4080431 0.4033709 0.3941479 0.3932427 0.3934115 0.3792643 0.3682754 0.3599716 0.3528534 0.3460848 0.3521315 0.3607594 0.3715970 0.3896644 0.4172118 0.4461198 0.4662765 0.4759734 0.4813699
0.4007793 0.4000967 0.4007783 0.4061007 0.4133193 0.4261007 0.4489543 0.4725516 0.4908912 0.4998082 0.4996475 0.4954903 0.4911412 0.4798012 0.4644621 0.4424546 0.4153897 0.3836853 0.3629184 0.3445021 0.3310126 0.3245274 0.3224383 0.3227803 0.3292663 0.3418340 0.3578133 0.3772290 0.3996638 0.4270660 0.4553812 0.4862349 0.5174618 0.5337388 0.5283408 0.5089638 0.4794681 0.4497342 0.4214266 0.3927425 0.3715068 0.3543335 0.3405065 0.3302588 0.3201425 0.3035580 0.2943486 0.2913319 0.2883513 0.2958168 0.3098434 0.3301045 0.3578542 0.3940167 0.4278791 0.4523823 0.4654621 0.4716792 0.4748281
0.4361891 0.4288172 0.4260743 0.4279882 0.4351635 0.4506480 0.4696088 0.4866890 0.4978755 0.4986934 0.4890551 0.4738356 0.4528501 0.4249561 0.3998099 0.3769172 0.3571360 0.3481219 0.3431534 0.3383207 0.3345658 0.3314510 0.3304537 0.3326851 0.3374464 0.3474455 0.3604247 0.3773893 0.3963153 0.4179613 0.4437955 0.4750944 0.5106074 0.5343905 0.5409537 0.5387877 0.5283290 0.5067437 0.4795106 0.4366240 0.3968670 0.3632479 0.3290063 0.3023639 0.2829577 0.2696298 0.2646283 0.2659832 0.2738100 0.2900123 0.3133451 0.3451742 0.3821509 0.4140020 0.4369658 0.4482766 0.4520809 0.4539260 0.4543751
0.4998349 0.4765189 0.4739873 0.4682847 0.4684104 0.4756046 0.4878488 0.4937489 0.4918792 0.4731566 0.4484514 0.4208362 0.3950833 0.3705433 0.3569818 0.3486325 0.3454510 0.3461116 0.3466563 0.3454767 0.3439461 0.3419018 0.3412502 0.3431102 0.3492613 0.3581168 0.3711664 0.3879212 0.4057594 0.4264864 0.4512474 0.4803682 0.5092916 0.5331673 0.5440720 0.5454731 0.5438736 0.5395776 0.5297766 0.5073335 0.4785392 0.4521918 0.4106729 0.3688136 0.3427866 0.3183893 0.2986881 0.2884379 0.2917863 0.3019732 0.3214362 0.3657967 0.4010147 0.4226644 0.4357547 0.4541081 0.4546689 0.4512360 0.4451913
0.6973037 0.6001470 0.5459206 0.5177283 0.5080903 0.5039488 0.4949401 0.4770176 0.4528480 0.4168345 0.3891495 0.3686693 0.3539932 0.3471616 0.3454161 0.3455933 0.3475082 0.3502294 0.3518989 0.3526762 0.3523297 0.3521767 0.3532920 0.3582914 0.3646395 0.3748042 0.3895760 0.4064890 0.4253910 0.4473748 0.4745614 0.5018615 0.5276487 0.5445408 0.5496135 0.5476150 0.5451627 0.5423332 0.5386768 0.5337654 0.5269759 0.5234942 0.5113946 0.4937396 0.4776012 0.4703859 0.4539770 0.4556813 0.4871209 0.5066833 0.5296777 0.5644723 0.6013100 0.6017248 0.6047863 0.6049182 0.5837901 0.5598766 0.5455040
0.9114769 0.8091524 0.7063676 0.6125273 0.5517835 0.5122198 0.4742549 0.4343689 0.3972052 0.3642271 0.3477249 0.3396870 0.3378506 0.3391720 0.3414435 0.3446863 0.3485841 0.3521939 0.3548129 0.3567888 0.3594024 0.3619511 0.3660869 0.3720680 0.3785135 0.3895118 0.4046472 0.4221110 0.4409168 0.4630679 0.4883398 0.5151882 0.5387515 0.5515437 0.5526374 0.5496057 0.5475018 0.5471525 0.5483407 0.5516470 0.5592812 0.5685365 0.5775594 0.5856124 0.6008312 0.6138186 0.6303105 0.6688712 0.7160618 0.7599571 0.7943149 0.8298073 0.8296583 0.8153738 0.8000505 0.7822591 0.7573325 0.7348554 0.7363128
1.036349 0.9876392 0.8935306 0.7482810 0.6085927 0.4962697 0.4244415 0.3856861 0.3609834 0.3467007 0.3382846 0.3338203 0.3322799 0.3343679 0.3387625 0.3434453 0.3476208 0.3517295 0.3552510 0.3584359 0.3635489 0.3680170 0.3726703 0.3781636 0.3854770 0.3974327 0.4127955 0.4295927 0.4482394 0.4695404 0.4940746 0.5206452 0.5441479 0.5574102 0.5605109 0.5596030 0.5602180 0.5639114 0.5679637 0.5762837 0.5910169 0.6058845 0.6248946 0.6507556 0.6852573 0.7207559 0.7614227 0.8112141 0.8610267 0.8957709 0.9172501 0.9177479 0.8998652 0.8759180 0.8518210 0.8304810 0.8139338 0.8066447 0.8099734
1.026717 0.9868167 0.9425171 0.8514055 0.7210316 0.5861931 0.4593226 0.3787160 0.3443599 0.3360473 0.3329360 0.3303419 0.3289574 0.3307367 0.3353470 0.3392862 0.3433489 0.3481998 0.3523323 0.3564898 0.3623246 0.3669891 0.3709601 0.3762245 0.3845420 0.3969475 0.4124727 0.4304268 0.4508434 0.4737531 0.4983408 0.5238494 0.5479089 0.5657845 0.5763049 0.5825898 0.5914504 0.5991490 0.6067440 0.6159639 0.6340540 0.6513459 0.6734930 0.7096610 0.7481235 0.7944867 0.8439388 0.8930803 0.9271906 0.9461745 0.9441392 0.9248590 0.8983562 0.8717382 0.8492003 0.8331745 0.8227315 0.8219131 0.8340639
0.9253243 0.9074187 0.8798366 0.8483587 0.8007409 0.7281261 0.6147155 0.4832345 0.4020144 0.3502203 0.3301662 0.3263278 0.3258840 0.3279146 0.3313435 0.3327572 0.3353998 0.3396683 0.3424218 0.3475990 0.3530618 0.3575430 0.3611155 0.3668167 0.3759326 0.3892082 0.4057308 0.4255622 0.4477487 0.4707706 0.4940185 0.5187650 0.5453788 0.5707090 0.5911262 0.6075631 0.6247953 0.6395678 0.6540192 0.6717197 0.6928057 0.7125671 0.7364703 0.7726529 0.8029016 0.8334060 0.8629603 0.8842336 0.8969701 0.8986075 0.8850697 0.8719844 0.8642437 0.8586294 0.8588706 0.8558433 0.8528616 0.8577189 0.8682179
0.8309618 0.8255959 0.8194336 0.8202741 0.8205317 0.8048158 0.7653315 0.6953824 0.5978975 0.4681442 0.3723630 0.3342976 0.3233597 0.3240278 0.3240050 0.3235102 0.3243194 0.3265948 0.3285232 0.3328117 0.3378701 0.3412923 0.3458241 0.3520754 0.3621928 0.3756057 0.3934403 0.4135755 0.4318177 0.4504104 0.4714812 0.4980901 0.5289581 0.5620457 0.5898259 0.6139734 0.6369251 0.6607608 0.6847869 0.7140009 0.7427504 0.7736268 0.8060929 0.8444201 0.8660879 0.8782558 0.8821041 0.8724431 0.8541413 0.8319558 0.8124821 0.8141646 0.8286330 0.8518706 0.8733163 0.8829016 0.8883082 0.9010040 0.9057356
0.8101700 0.8026665 0.8003628 0.8111382 0.8188323 0.8210521 0.8182263 0.8124044 0.7640094 0.6944385 0.5763203 0.4791433 0.3827038 0.3319624 0.3185109 0.3147751 0.3138438 0.3132242 0.3127052 0.3147289 0.3182975 0.3198444 0.3247274 0.3298407 0.3383965 0.3480050 0.3639632 0.3844966 0.3995401 0.4133144 0.4373183 0.4683494 0.5046763 0.5411256 0.5706541 0.5966349 0.6236088 0.6547216 0.6873796 0.7218265 0.7613867 0.8033609 0.8448103 0.8810905 0.9045975 0.9141398 0.9135888 0.9003559 0.8751672 0.8535151 0.8413787 0.8377424 0.8497995 0.8759702 0.8856686 0.8838640 0.8863982 0.8877744 0.8766054
0.8403697 0.8296366 0.8192199 0.8129210 0.8098872 0.8149250 0.8237103 0.8276694 0.8232058 0.8170727 0.7762937 0.7019799 0.5681195 0.4339130 0.3517608 0.3129338 0.3033913 0.3021290 0.3019148 0.3023427 0.3026209 0.3030962 0.3043165 0.3071125 0.3103671 0.3172384 0.3275670 0.3390348 0.3484108 0.3662493 0.3956074 0.4329024 0.4727308 0.5112960 0.5425555 0.5677030 0.5967626 0.6299014 0.6661558 0.7028341 0.7452600 0.7896643 0.8281775 0.8612353 0.8842607 0.8981364 0.8965879 0.9039267 0.9091289 0.9172904 0.9326570 0.9515844 0.9714555 0.9799775 0.9393542 0.8884810 0.8393162 0.7685933 0.7081403
0.8616089 0.8556470 0.8459607 0.8277445 0.8150319 0.8142931 0.8144654 0.8089126 0.8107958 0.8140417 0.8099941 0.8089122 0.7716926 0.6565229 0.5254281 0.3839072 0.3068155 0.3022793 0.2990672 0.2989449 0.2971164 0.2941684 0.2912528 0.2892310 0.2884742 0.2908057 0.2946996 0.3011427 0.3135297 0.3370229 0.3680916 0.4031373 0.4400082 0.4794332 0.5125726 0.5409500 0.5708138 0.6041164 0.6403872 0.6787913 0.7178913 0.7526539 0.7763502 0.7908048 0.8026363 0.8070672 0.8189053 0.8392468 0.8684893 0.9061555 0.9623160 1.022284 1.067478 1.076907 1.025520 0.9103161 0.7344439 0.5803561 0.4868761
0.8415438 0.8599351 0.8644280 0.8524908 0.8418867 0.8315588 0.8272839 0.8133686 0.7966959 0.7961715 0.8080070 0.8210261 0.8316569 0.8152612 0.7613300 0.6303474 0.4768014 0.3692929 0.3134348 0.2984552 0.2977655 0.2960602 0.2920382 0.2880402 0.2873731 0.2872302 0.2901217 0.2997287 0.3180965 0.3385517 0.3592004 0.3812884 0.4155765 0.4587471 0.4952798 0.5209495 0.5491475 0.5820749 0.6174137 0.6537533 0.6838086 0.7042183 0.7085417 0.7133007 0.7163871 0.7177989 0.7307994 0.7450433 0.7671073 0.8077407 0.8827327 0.9620082 1.021020 1.020845 0.9461945 0.7903416 0.6209178 0.4709823 0.3645944
0.7768223 0.8191646 0.8609816 0.8643354 0.8611146 0.8592337 0.8545765 0.8476550 0.8234520 0.8053095 0.7942368 0.8097078 0.8272219 0.8531070 0.8550035 0.8328236 0.7410364 0.6056541 0.4467740 0.3499977 0.3178456 0.3108564 0.3117561 0.3139221 0.3185995 0.3211090 0.3262906 0.3368171 0.3493114 0.3588210 0.3710912 0.3917610 0.4255776 0.4626098 0.4857723 0.5043670 0.5339822 0.5655826 0.5928971 0.6159048 0.6303115 0.6309634 0.6279524 0.6262500 0.6300696 0.6318617 0.6391403 0.6457981 0.6491101 0.6870658 0.7527955 0.8156267 0.8328829 0.7817829 0.6575217 0.5578052 0.5185136 0.4568588 0.3944717
0.6711559 0.7166595 0.7871003 0.8231815 0.8446026 0.8517829 0.8586742 0.8703563 0.8693012 0.8444068 0.8156123 0.7997167 0.8092826 0.8300766 0.8550824 0.8735889 0.8695156 0.8582096 0.7428414 0.5640490 0.4267507 0.3416820 0.3358299 0.3456294 0.3551482 0.3638222 0.3694494 0.3758285 0.3750278 0.3781381 0.3878096 0.4036043 0.4283616 0.4460943 0.4424689 0.4612935 0.4946766 0.5228232 0.5336225 0.5443063 0.5441566 0.5308435 0.5247386 0.5222820 0.5219487 0.5186288 0.5260700 0.5355253 0.5450294 0.5723695 0.6074748 0.6063966 0.5649314 0.5080616 0.4441693 0.4145552 0.4307510 0.4294254 0.4016245
0.5188570 0.5624943 0.6201570 0.6863632 0.7436710 0.7795962 0.7988637 0.8170385 0.8694186 0.8666760 0.8541223 0.8233113 0.8096605 0.8111415 0.8326608 0.8632264 0.9014281 0.9359357 0.9264261 0.8659030 0.7413468 0.5372887 0.3991746 0.3550354 0.3531513 0.3603307 0.3613662 0.3603125 0.3627668 0.3675252 0.3709047 0.3750952 0.3773426 0.3708950 0.3706799 0.3956027 0.4242332 0.4346393 0.4408134 0.4439957 0.4379703 0.4197504 0.4136400 0.4156619 0.4083520 0.4154434 0.4306342 0.4533582 0.4709720 0.5028704 0.5204063 0.5012601 0.4671777 0.4515374 0.4130127 0.3691751 0.3452574 0.3418115 0.3003227
0.3468797 0.3787073 0.4139939 0.4815482 0.5554667 0.6213959 0.6825469 0.7191279 0.7722739 0.8290975 0.8632795 0.8609164 0.8444967 0.8453639 0.8455347 0.8636274 0.8840812 0.9253258 0.9774619 1.034248 0.9873291 0.9025961 0.6540069 0.4877116 0.3472221 0.3208581 0.3118217 0.3118775 0.3158606 0.3186168 0.3108933 0.3056326 0.2967124 0.2946971 0.3073407 0.3362431 0.3579540 0.3631231 0.3681468 0.3680914 0.3613720 0.3488825 0.3477311 0.3557294 0.3661094 0.3802256 0.4068605 0.4467365 0.4949484 0.5256456 0.5334618 0.5182301 0.4812838 0.4429765 0.3975759 0.3388924 0.2897116 0.2297203 0.1328086
0.1939003 0.2422452 0.2821189 0.3218776 0.3821667 0.4457570 0.5344729 0.6101335 0.6786024 0.7428809 0.8014546 0.8638894 0.8828773 0.8979426 0.8866937 0.8819718 0.8799441 0.9025443 0.9540119 1.004611 1.039602 1.061745 1.002690 0.8341275 0.6154367 0.3558683 0.2660024 0.2640102 0.2649561 0.2599984 0.2508776 0.2453036 0.2477037 0.2645968 0.2922587 0.3167741 0.3320449 0.3383101 0.3413080 0.3410233 0.3371781 0.3365697 0.3462025 0.3663183 0.4037470 0.4405522 0.4819669 0.5359193 0.5700618 0.5794404 0.5639013 0.5262026 0.4758647 0.4192696 0.3596919 0.2820631 0.2138081 0.1403992 0.7627549E-01
0.1113466 0.1478005 0.1877417 0.2289041 0.2735557 0.3190373 0.3943533 0.4819336 0.5761504 0.6524030 0.7004773 0.7639951 0.8211166 0.8738890 0.8905841 0.8874572 0.8861199 0.8891052 0.9124999 0.9451448 1.008702 1.054239 1.086130 1.069709 0.9039884 0.6467088 0.4673654 0.2971720 0.2575113 0.2416601 0.2288953 0.2296358 0.2512681 0.2861216 0.3137353 0.3324294 0.3444208 0.3555804 0.3638449 0.3781070 0.4093022 0.4252914 0.4509841 0.4907718 0.5377649 0.5704032 0.5978994 0.6182446 0.6130443 0.5995870 0.5657302 0.5071350 0.4460860 0.3859878 0.2669151 0.1587959 0.8713054E-01 0.3883581E-01 0.3390589E-01
