simulation_files/asc/Depth____295.0.asc
NCOLS        79
NROWS        79
XLLCENTER         -1.500000
YLLCENTER         -4.800000
CELLSIZE           0.100
NODATA_VALUE     -9999.0
[rows 0 to 25 of 79, columns 0 to 58 of 79]
-9999.000 -9999.000 -9999.000 -9999.000 -9999.000 -9999.000 -9999.000 -9999.000 -9999.000 -9999.000 -9999.000 -9999.000 -9999.000 -9999.000 -9999.000 0.7035149 0.7039627 0.7040679 0.7039660 0.7037607 0.7035074 0.7032265 0.7029387 0.7026601 0.7023937 0.7021457 0.7019132 0.7016642 0.7012900 0.7012473 0.7012473 -9999.000 -9999.000 -9999.000 -9999.000 -9999.000 -9999.000 -9999.000 -9999.000 -9999.000 -9999.000 -9999.000 -9999.000 -9999.000 -9999.000 -9999.000 -9999.000 -9999.000 -9999.000 -9999.000 -9999.000 -9999.000 -9999.000 -9999.000 -9999.000 -9999.000 -9999.000 -9999.000 -9999.000
-9999.000 -9999.000 -9999.000 -9999.000 -9999.000 -9999.000 -9999.000 -9999.000 -9999.000 -9999.000 -9999.000 -9999.000 -9999.000 -9999.000 -9999.000 0.7052849 0.7057030 0.7057889 0.7057040 0.7055387 0.7053389 0.7051206 0.7048996 0.7046889 0.7044895 0.7043062 0.7041358 0.7039494 0.7036500 0.7036915 0.7036915 -9999.000 -9999.000 -9999.000 -9999.000 -9999.000 -9999.000 -9999.000 -9999.000 -9999.000 -9999.000 -9999.000 -9999.000 -9999.000 -9999.000 -9999.000 -9999.000 -9999.000 -9999.000 -9999.000 -9999.000 -9999.000 -9999.000 -9999.000 -9999.000 -9999.000 -9999.000 -9999.000 -9999.000
-9999.000 -9999.000 -9999.000 -9999.000 -9999.000 -9999.000 -9999.000 -9999.000 -9999.000 -9999.000 -9999.000 -9999.000 -9999.000 -9999.000 -9999.000 0.7071984 0.7076496 0.7077449 0.7076660 0.7075064 0.7073134 0.7071031 0.7068918 0.7066917 0.7065030 0.7063299 0.7061678 0.7059851 0.7056792 0.7057167 0.7057167 -9999.000 -9999.000 -9999.000 -9999.000 -9999.000 -9999.000 -9999.000 -9999.000 -9999.000 -9999.000 -9999.000 -9999.000 -9999.000 -9999.000 -9999.000 -9999.000 -9999.000 -9999.000 -9999.000 -9999.000 -9999.000 -9999.000 -9999.000 -9999.000 -9999.000 -9999.000 -9999.000 -9999.000
-9999.000 -9999.000 -9999.000 -9999.000 -9999.000 -9999.000 -9999.000 -9999.000 -9999.000 -9999.000 -9999.000 -9999.000 -9999.000 -9999.000 -9999.000 0.7091626 0.7096342 0.7097338 0.7096550 0.7094948 0.7093015 0.7090913 0.7088805 0.7086818 0.7084944 0.7083225 0.7081607 0.7079753 0.7076564 0.7076724 0.7076724 -9999.000 -9999.000 -9999.000 -9999.000 -9999.000 -9999.000 -9999.000 -9999.000 -9999.000 -9999.000 -9999.000 -9999.000 -9999.000 -9999.000 -9999.000 -9999.000 -9999.000 -9999.000 -9999.000 -9999.000 -9999.000 -9999.000 -9999.000 -9999.000 -9999.000 -9999.000 -9999.000 -9999.000
-9999.000 -9999.000 -9999.000 -9999.000 -9999.000 -9999.000 -9999.000 -9999.000 -9999.000 -9999.000 -9999.000 -9999.000 -9999.000 -9999.000 -9999.000 0.7111474 0.7116338 0.7117352 0.7116536 0.7114896 0.7112926 0.7110784 0.7108641 0.7106624 0.7104722 0.7102973 0.7101321 0.7099401 0.7096033 0.7095832 0.7095832 -9999.000 -9999.000 -9999.000 -9999.000 -9999.000 -9999.000 -9999.000 -9999.000 -9999.000 -9999.000 -9999.000 -9999.000 -9999.000 -9999.000 -9999.000 -9999.000 -9999.000 -9999.000 -9999.000 -9999.000 -9999.000 -9999.000 -9999.000 -9999.000 -9999.000 -9999.000 -9999.000 -9999.000
-9999.000 -9999.000 -9999.000 -9999.000 -9999.000 -9999.000 -9999.000 -9999.000 -9999.000 -9999.000 -9999.000 -9999.000 -9999.000 -9999.000 -9999.000 0.7131392 0.7136377 0.7137392 0.7136533 0.7134838 0.7132813 0.7130613 0.7128416 0.7126350 0.7124396 0.7122599 0.7120892 0.7118881 0.7115287 0.7114584 0.7114584 -9999.000 -9999.000 -9999.000 -9999.000 -9999.000 -9999.000 -9999.000 -9999.000 -9999.000 -9999.000 -9999.000 -9999.000 -9999.000 -9999.000 -9999.000 -9999.000 -9999.000 -9999.000 -9999.000 -9999.000 -9999.000 -9999.000 -9999.000 -9999.000 -9999.000 -9999.000 -9999.000 -9999.000
-9999.000 -9999.000 -9999.000 -9999.000 -9999.000 -9999.000 -9999.000 -9999.000 -9999.000 -9999.000 -9999.000 -9999.000 -9999.000 -9999.000 -9999.000 0.7151315 0.7156405 0.7157411 0.7156494 0.7154735 0.7152647 0.7150380 0.7148119 0.7145994 0.7143978 0.7142122 0.7140347 0.7138225 0.7134356 0.7132986 0.7132986 -9999.000 -9999.000 -9999.000 -9999.000 -9999.000 -9999.000 -9999.000 -9999.000 -9999.000 -9999.000 -9999.000 -9999.000 -9999.000 -9999.000 -9999.000 -9999.000 -9999.000 -9999.000 -9999.000 -9999.000 -9999.000 -9999.000 -9999.000 -9999.000 -9999.000 -9999.000 -9999.000 -9999.000
-9999.000 -9999.000 -9999.000 -9999.000 -9999.000 -9999.000 -9999.000 -9999.000 -9999.000 -9999.000 -9999.000 -9999.000 -9999.000 -9999.000 -9999.000 0.7171209 0.7176397 0.7177380 0.7176394 0.7174565 0.7172410 0.7170070 0.7167738 0.7165551 0.7163465 0.7161542 0.7159690 0.7157437 0.7153239 0.7150989 0.7150989 -9999.000 -9999.000 -9999.000 -9999.000 -9999.000 -9999.000 -9999.000 -9999.000 -9999.000 -9999.000 -9999.000 -9999.000 -9999.000 -9999.000 -9999.000 -9999.000 -9999.000 -9999.000 -9999.000 -9999.000 -9999.000 -9999.000 -9999.000 -9999.000 -9999.000 -9999.000 -9999.000 -9999.000
-9999.000 -9999.000 -9999.000 -9999.000 -9999.000 -9999.000 -9999.000 -9999.000 -9999.000 -9999.000 -9999.000 -9999.000 -9999.000 -9999.000 -9999.000 0.7191054 0.7196334 0.7197282 0.7196217 0.7194309 0.7192084 0.7189665 0.7187261 0.7185007 0.7182846 0.7180849 0.7178912 0.7176504 0.7171915 0.7168503 0.7168503 -9999.000 -9999.000 -9999.000 -9999.000 -9999.000 -9999.000 -9999.000 -9999.000 -9999.000 -9999.000 -9999.000 -9999.000 -9999.000 -9999.000 -9999.000 -9999.000 -9999.000 -9999.000 -9999.000 -9999.000 -9999.000 -9999.000 -9999.000 -9999.000 -9999.000 -9999.000 -9999.000 -9999.000
-9999.000 -9999.000 -9999.000 -9999.000 -9999.000 -9999.000 -9999.000 -9999.000 -9999.000 -9999.000 -9999.000 -9999.000 -9999.000 -9999.000 -9999.000 0.7210830 0.7216198 0.7217098 0.7215942 0.7213950 0.7211649 0.7209150 0.7206669 0.7204346 0.7202105 0.7200028 0.7197995 0.7195407 0.7190347 0.7185388 0.7185388 -9999.000 -9999.000 -9999.000 -9999.000 -9999.000 -9999.000 -9999.000 -9999.000 -9999.000 -9999.000 -9999.000 -9999.000 -9999.000 -9999.000 -9999.000 -9999.000 -9999.000 -9999.000 -9999.000 -9999.000 -9999.000 -9999.000 -9999.000 -9999.000 -9999.000 -9999.000 -9999.000 -9999.000
-9999.000 -9999.000 -9999.000 -9999.000 -9999.000 -9999.000 -9999.000 -9999.000 -9999.000 -9999.000 -9999.000 -9999.000 -9999.000 -9999.000 -9999.000 0.7230515 0.7235972 0.7236810 0.7235547 0.7233464 0.7231086 0.7228501 0.7225941 0.7223546 0.7221217 0.7219055 0.7216911 0.7214111 0.7208484 0.7201434 0.7201434 -9999.000 -9999.000 -9999.000 -9999.000 -9999.000 -9999.000 -9999.000 -9999.000 -9999.000 -9999.000 -9999.000 -9999.000 -9999.000 -9999.000 -9999.000 -9999.000 -9999.000 -9999.000 -9999.000 -9999.000 -9999.000 -9999.000 -9999.000 -9999.000 -9999.000 -9999.000 -9999.000 -9999.000
-9999.000 -9999.000 -9999.000 -9999.000 -9999.000 -9999.000 -9999.000 -9999.000 -9999.000 -9999.000 -9999.000 -9999.000 -9999.000 -9999.000 -9999.000 0.7250083 0.7255632 0.7256392 0.7255007 0.7252824 0.7250364 0.7247688 0.7245045 0.7242575 0.7240149 0.7237892 0.7235623 0.7232568 0.7226248 0.7216325 0.7216325 -9999.000 -9999.000 -9999.000 -9999.000 -9999.000 -9999.000 -9999.000 -9999.000 -9999.000 -9999.000 -9999.000 -9999.000 -9999.000 -9999.000 -9999.000 -9999.000 -9999.000 -9999.000 -9999.000 -9999.000 -9999.000 -9999.000 -9999.000 -9999.000 -9999.000 -9999.000 -9999.000 -9999.000
-9999.000 -9999.000 -9999.000 -9999.000 -9999.000 -9999.000 -9999.000 -9999.000 -9999.000 -9999.000 -9999.000 -9999.000 -9999.000 -9999.000 -9999.000 0.7269488 0.7275142 0.7275807 0.7274283 0.7271991 0.7269446 0.7266671 0.7263939 0.7261390 0.7258856 0.7256491 0.7254074 0.7250706 0.7243530 0.7229571 0.7229571 -9999.000 -9999.000 -9999.000 -9999.000 -9999.000 -9999.000 -9999.000 -9999.000 -9999.000 -9999.000 -9999.000 -9999.000 -9999.000 -9999.000 -9999.000 -9999.000 -9999.000 -9999.000 -9999.000 -9999.000 -9999.000 -9999.000 -9999.000 -9999.000 -9999.000 -9999.000 -9999.000 -9999.000
-9999.000 -9999.000 -9999.000 -9999.000 -9999.000 -9999.000 -9999.000 -9999.000 -9999.000 -9999.000 -9999.000 -9999.000 -9999.000 -9999.000 -9999.000 0.7287932 0.7293972 0.7294843 0.7293406 0.7291040 0.7288422 0.7285540 0.7282702 0.7280049 0.7277371 0.7274863 0.7272251 0.7268480 0.7260221 0.7240470 0.7240470 -9999.000 -9999.000 -9999.000 -9999.000 -9999.000 -9999.000 -9999.000 -9999.000 -9999.000 -9999.000 -9999.000 -9999.000 -9999.000 -9999.000 -9999.000 -9999.000 -9999.000 -9999.000 -9999.000 -9999.000 -9999.000 -9999.000 -9999.000 -9999.000 -9999.000 -9999.000 -9999.000 -9999.000
-9999.000 -9999.000 -9999.000 -9999.000 -9999.000 -9999.000 -9999.000 -9999.000 -9999.000 -9999.000 -9999.000 -9999.000 -9999.000 -9999.000 -9999.000 0.7230276 0.7289747 0.7319497 0.7329842 0.7326491 0.7321752 0.7316524 0.7311354 0.7306539 0.7301872 0.7297623 0.7293435 0.7287896 0.7276580 0.7241136 0.7241136 -9999.000 -9999.000 -9999.000 -9999.000 -9999.000 -9999.000 -9999.000 -9999.000 -9999.000 -9999.000 -9999.000 -9999.000 -9999.000 -9999.000 -9999.000 -9999.000 -9999.000 -9999.000 -9999.000 -9999.000 -9999.000 -9999.000 -9999.000 -9999.000 -9999.000 -9999.000 -9999.000 -9999.000
0.8050214 0.8050214 0.8055538 0.7926089 0.7849632 0.7849632 0.7817624 0.7768299 0.7768299 0.7726684 0.7726684 0.7691020 0.7675035 0.7660074 0.7645454 0.7645454 0.7346249 0.7333197 0.7318451 0.7324542 0.7337229 0.7353806 0.7376065 0.7403049 0.7428978 0.7454279 0.7473613 0.7471986 0.7407278 0.7115176 0.7115176 0.5010787 0.4642690 0.4421334 0.4346863 0.4346863 0.4229161 0.4229161 0.4248164 0.4248164 0.4354594 0.4835312 0.4835312 0.5850053 0.5850053 0.6398194 0.6398194 0.6398194 0.6406114 0.6406114 0.6304494 0.6304494 0.6163263 0.6163263 0.6015531 0.6015531 0.5879323 0.5879323 0.5879323
0.8021707 0.8021707 0.8038678 0.7907567 0.7841945 0.7841945 0.7807770 0.7757495 0.7757495 0.7715995 0.7715995 0.7680529 0.7664633 0.7649754 0.7635218 0.7635218 0.7376325 0.7322460 0.7273152 0.7235889 0.7206799 0.7185403 0.7173451 0.7171590 0.7177961 0.7192432 0.7212505 0.7231283 0.7230931 0.7122537 0.7122537 0.5698293 0.5151901 0.4610349 0.4457712 0.4457712 0.4280438 0.4280438 0.4291036 0.4291036 0.4391084 0.4813046 0.4813046 0.5598730 0.5598730 0.6360222 0.6360222 0.6360222 0.6400150 0.6400150 0.6306328 0.6306328 0.6167306 0.6167306 0.6021169 0.6021169 0.5885592 0.5885592 0.5885592
0.8009632 0.8009632 0.8037976 0.7904509 0.7844883 0.7844883 0.7808997 0.7757175 0.7757175 0.7715497 0.7715497 0.7680052 0.7664158 0.7649266 0.7634630 0.7634630 0.7399125 0.7310479 0.7227778 0.7156528 0.7096673 0.7048000 0.7011333 0.6987193 0.6974589 0.6973207 0.6981508 0.6994584 0.6998683 0.6933045 0.6933045 0.6033584 0.5470893 0.4792474 0.4587870 0.4587870 0.4375387 0.4375387 0.4425433 0.4425433 0.4548431 0.4941027 0.4941027 0.5520101 0.5520101 0.6274355 0.6274355 0.6274355 0.6363788 0.6363788 0.6292219 0.6292219 0.6161601 0.6161601 0.6018851 0.6018851 0.5885209 0.5885209 0.5885209
0.8003737 0.8003737 0.8028454 0.7903562 0.7847883 0.7847883 0.7810721 0.7757241 0.7757241 0.7715349 0.7715349 0.7679970 0.7664105 0.7649232 0.7634469 0.7634469 0.7412866 0.7294280 0.7179604 0.7076343 0.6987134 0.6912733 0.6853654 0.6810063 0.6781073 0.6765877 0.6763046 0.6768833 0.6772882 0.6731419 0.6731419 0.6163608 0.5667297 0.4967524 0.4745712 0.4745712 0.4554141 0.4554141 0.4681410 0.4681410 0.4824993 0.5149705 0.5149705 0.5513063 0.5513063 0.6137123 0.6137123 0.6137123 0.6277247 0.6277247 0.6245543 0.6245543 0.6135809 0.6135809 0.6003753 0.6003753 0.5877056 0.5877056 0.5877056
0.8007301 0.8007301 0.8010703 0.7903481 0.7850397 0.7850397 0.7812298 0.7757307 0.7757307 0.7715219 0.7715219 0.7679929 0.7664098 0.7649246 0.7634273 0.7634273 0.7413817 0.7268627 0.7124145 0.6990692 0.6872966 0.6772873 0.6691201 0.6628107 0.6582863 0.6554419 0.6541240 0.6540152 0.6543177 0.6519085 0.6519085 0.6160939 0.5757365 0.5117614 0.4923833 0.4923833 0.4840835 0.4840835 0.5056840 0.5056840 0.5189204 0.5385965 0.5385965 0.5545695 0.5545695 0.5978222 0.5978222 0.5978222 0.6147839 0.6147839 0.6164438 0.6164438 0.6088302 0.6088302 0.5976283 0.5976283 0.5862902 0.5862902 0.5862902
0.8007591 0.8007591 0.7999750 0.7903683 0.7852258 0.7852258 0.7813523 0.7757344 0.7757344 0.7715090 0.7715090 0.7679884 0.7664087 0.7649257 0.7633970 0.7633970 0.7399088 0.7228621 0.7056386 0.6894953 0.6750385 0.6625490 0.6521483 0.6438708 0.6376687 0.6334432 0.6310447 0.6302012 0.6302929 0.6291195 0.6291195 0.6070093 0.5763918 0.5256228 0.5148211 0.5148211 0.5255517 0.5255517 0.5500879 0.5500879 0.5573844 0.5605673 0.5605673 0.5598886 0.5598886 0.5830818 0.5830818 0.5830818 0.5995860 0.5995860 0.6053894 0.6053894 0.6018648 0.6018648 0.5935625 0.5935625 0.5842723 0.5842723 0.5842723
0.8007770 0.8007770 0.7993257 0.7903844 0.7853388 0.7853388 0.7814296 0.7757366 0.7757366 0.7715001 0.7715001 0.7679853 0.7664081 0.7649266 0.7633519 0.7633519 0.7365794 0.7169428 0.6970872 0.6783720 0.6614605 0.6466774 0.6341721 0.6239963 0.6161262 0.6104831 0.6069371 0.6052638 0.6049926 0.6046319 0.6046319 0.5917862 0.5709833 0.5430307 0.5477911 0.5477911 0.5779288 0.5779288 0.5929333 0.5929333 0.5911395 0.5788845 0.5788845 0.5662320 0.5662320 0.5715642 0.5715642 0.5715642 0.5843772 0.5843772 0.5924196 0.5924196 0.5928867 0.5928867 0.5881261 0.5881261 0.5815969 0.5815969 0.5815969
0.8007831 0.8007831 0.7991105 0.7903906 0.7853768 0.7853768 0.7814562 0.7757373 0.7757373 0.7714968 0.7714968 0.7679842 0.7664079 0.7649270 0.7632869 0.7632869 0.7310185 0.7085664 0.6861451 0.6650717 0.6459770 0.6291708 0.6147955 0.6029023 0.5934792 0.5864667 0.5817614 0.5791886 0.5784162 0.5785703 0.5785703 0.5724732 0.5625622 0.5723903 0.5971171 0.5971171 0.6323828 0.6323828 0.6273174 0.6273174 0.6170370 0.5936249 0.5936249 0.5730500 0.5730500 0.5638723 0.5638723 0.5638723 0.5709063 0.5709063 0.5788406 0.5788406 0.5824087 0.5824087 0.5814143 0.5814143 0.5782450 0.5782450 0.5782450
0.8007770 0.8007770 0.7993256 0.7903845 0.7853386 0.7853386 0.7814297 0.7757366 0.7757366 0.7714999 0.7714999 0.7679854 0.7664081 0.7649266 0.7631950 0.7631950 0.7226763 0.6970539 0.6720729 0.6488502 0.6278853 0.6094036 0.5934954 0.5801805 0.5694382 0.5612172 0.5554365 0.5519706 0.5506399 0.5513033 0.5513033 0.5515122 0.5569351 0.6224257 0.6604799 0.6604799 0.6770511 0.6770511 0.6515999 0.6515999 0.6358152 0.6056853 0.6056853 0.5799748 0.5799748 0.5596067 0.5596067 0.5596067 0.5601289 0.5601289 0.5659233 0.5659233 0.5712124 0.5712124 0.5737338 0.5737338 0.5742943 0.5742943 0.5742943
0.8007592 0.8007592 0.7999749 0.7903684 0.7852259 0.7852259 0.7813522 0.7757345 0.7757345 0.7715089 0.7715089 0.7679883 0.7664089 0.7649257 0.7630666 0.7630666 0.7107017 0.6814708 0.6539205 0.6287892 0.6063318 0.5866118 0.5696129 0.5552895 0.5435857 0.5344408 0.5277859 0.5235436 0.5217721 0.5237351 0.5237351 0.5337309 0.5660844 0.6914999 0.7223470 0.7223470 0.7062190 0.7062190 0.6681824 0.6681824 0.6496195 0.6157424 0.6157424 0.5866048 0.5866048 0.5578933 0.5578933 0.5578933 0.5522397 0.5522397 0.5546402 0.5546402 0.5602143 0.5602143 0.5656059 0.5656059 0.5699531 0.5699531 0.5699531
0.8007301 0.8007301 0.8010703 0.7903482 0.7850397 0.7850397 0.7812297 0.7757309 0.7757309 0.7715218 0.7715218 0.7679929 0.7664098 0.7649245 0.7628887 0.7628887 0.6937222 0.6604366 0.6303833 0.6036960 0.5802474 0.5598519 0.5423321 0.5275400 0.5153602 0.5057048 0.4985040 0.4937438 0.4920764 0.4986878 0.4986878 0.5310428 0.6080405 0.7593207 0.7641275 0.7641275 0.7230365 0.7230365 0.6798668 0.6798668 0.6600821 0.6240668 0.6240668 0.5925594 0.5925594 0.5578126 0.5578126 0.5578126 0.5469353 0.5469353 0.5455499 0.5455499 0.5503123 0.5503123 0.5577199 0.5577199 0.5655755 0.5655755 0.5655755
