simulation_files/asc/Depth____680.0.asc
NCOLS       216
NROWS       273
XLLCENTER        494.688995
YLLCENTER        787.867981
CELLSIZE           0.500
NODATA_VALUE     -9999.0
[rows 162 to 188 of 273, columns 118 to 176 of 216]
1.974158 2.651218 2.849448 2.886291 2.896961 2.906035 2.683293 2.112406 1.500828 0.6005063 0.1465499 0.7599951E-01 0.1045997 0.1517808 0.1319660 0.1166186 0.1402813 0.1539526 0.1761313 0.1803075 0.1762545 0.1429707 0.9786761E-01 0.1015770 0.1286998 0.1339264 0.9844610E-01 0.5968751E-01 -9999.000 -9999.000 -9999.000 -9999.000 -9999.000 -9999.000 -9999.000 -9999.000 -9999.000 -9999.000 -9999.000 -9999.000 -9999.000 -9999.000 -9999.000 -9999.000 -9999.000 -9999.000 -9999.000 -9999.000 -9999.000 -9999.000 -9999.000 -9999.000 -9999.000 -9999.000 -9999.000 -9999.000 -9999.000 -9999.000 -9999.000
1.635502 2.558366 2.842237 2.875008 2.875593 2.466634 1.878888 1.156604 0.4787847 0.1535509 0.1281143 0.1144158 0.1230584 0.1172308 0.1295326 0.1389930 0.1423135 0.1416367 0.1753934 0.1987724 0.2020000 0.1494377 0.1088305 0.1117521 0.1479509 0.1616931 0.1387237 0.9347206E-01 0.4531044E-01 -9999.000 -9999.000 -9999.000 -9999.000 -9999.000 -9999.000 -9999.000 -9999.000 -9999.000 -9999.000 -9999.000 -9999.000 -9999.000 -9999.000 -9999.000 -9999.000 -9999.000 -9999.000 -9999.000 -9999.000 -9999.000 -9999.000 -9999.000 -9999.000 -9999.000 -9999.000 -9999.000 -9999.000 -9999.000 -9999.000
1.237113 2.266942 2.721269 2.861602 2.437987 1.514240 -9999.000 0.1947663 0.1262378 0.9328568E-01 0.1118139 0.1003091 0.9572910E-01 0.8473483E-01 0.1085275 0.1330273 0.1286261 0.1297906 0.1525618 0.1849194 0.1945308 0.1323782 0.9881813E-01 0.1137760 0.1548698 0.1623128 0.1272541 0.9952840E-01 0.4669316E-01 -9999.000 -9999.000 -9999.000 -9999.000 -9999.000 -9999.000 -9999.000 -9999.000 -9999.000 -9999.000 -9999.000 -9999.000 -9999.000 -9999.000 -9999.000 -9999.000 -9999.000 -9999.000 -9999.000 -9999.000 -9999.000 -9999.000 -9999.000 -9999.000 -9999.000 -9999.000 -9999.000 -9999.000 -9999.000 -9999.000
-9999.000 1.461963 2.280171 2.380165 1.463556 0.4696778 0.1150711 0.1255308 0.9855571E-01 0.6716784E-01 0.5687309E-01 0.5928010E-01 0.7479301E-01 0.7551267E-01 0.9870096E-01 0.1272505 0.1344039 0.1526020 0.1757596 0.2027335 0.1680444 0.1058537 0.8890718E-01 0.1061764 0.1449129 0.1425285 0.1299380 0.9707013E-01 0.5100747E-01 0.2053101E-01 -9999.000 -9999.000 -9999.000 -9999.000 -9999.000 -9999.000 -9999.000 -9999.000 -9999.000 -9999.000 -9999.000 -9999.000 -9999.000 -9999.000 -9999.000 -9999.000 -9999.000 -9999.000 -9999.000 -9999.000 -9999.000 -9999.000 -9999.000 -9999.000 -9999.000 -9999.000 -9999.000 -9999.000 -9999.000
-9999.000 0.6426308 1.339074 1.141354 0.4466587 0.1224116 0.1452042 0.1286959 0.1160486 0.8272835E-01 0.4835807E-01 0.4459784E-01 0.5821538E-01 0.6001637E-01 0.1024677 0.1545648 0.1852241 0.2093947 0.2313753 0.2105701 0.1304652 0.1134487 0.1111703 0.1204021 0.1412687 0.1529773 0.1449429 0.1206153 0.8992002E-01 0.5056675E-01 -9999.000 -9999.000 0.1836429E-01 -9999.000 -9999.000 -9999.000 -9999.000 -9999.000 -9999.000 -9999.000 -9999.000 -9999.000 -9999.000 -9999.000 -9999.000 -9999.000 -9999.000 -9999.000 -9999.000 -9999.000 -9999.000 -9999.000 -9999.000 -9999.000 -9999.000 -9999.000 -9999.000 -9999.000 -9999.000
-9999.000 -9999.000 -9999.000 0.2335487 0.1333918 0.1747656 0.1505386 0.1437360 0.1477219 0.1185524 0.9027996E-01 0.7511161E-01 0.6599803E-01 0.6654495E-01 0.1222899 0.1979834 0.2133625 0.2262028 0.2323835 0.1620653 0.9130228E-01 0.1242435 0.1336959 0.1468921 0.1519233 0.1246167 0.1220543 0.1213733 0.1086638 0.7276083E-01 -9999.000 -9999.000 -9999.000 -9999.000 -9999.000 -9999.000 -9999.000 -9999.000 -9999.000 -9999.000 -9999.000 -9999.000 -9999.000 -9999.000 -9999.000 -9999.000 -9999.000 -9999.000 -9999.000 -9999.000 -9999.000 -9999.000 -9999.000 -9999.000 -9999.000 -9999.000 -9999.000 -9999.000 -9999.000
-9999.000 -9999.000 -9999.000 0.6571148E-01 0.1660219 0.1738105 0.1733149 0.1802547 0.1866574 0.1692535 0.1500658 0.1307631 0.1051481 0.9914738E-01 0.1288785 0.1752394 0.1862050 0.1915699 0.1618281 0.1264373 0.8606350E-01 0.1161251 0.1362742 0.1528715 0.1493106 0.9795957E-01 0.8021820E-01 0.1027181 0.1118489 0.9221725E-01 0.4714702E-01 0.1719346E-01 -9999.000 -9999.000 -9999.000 -9999.000 -9999.000 -9999.000 -9999.000 -9999.000 -9999.000 -9999.000 -9999.000 -9999.000 -9999.000 -9999.000 -9999.000 -9999.000 -9999.000 -9999.000 -9999.000 -9999.000 -9999.000 -9999.000 -9999.000 -9999.000 -9999.000 -9999.000 -9999.000
-9999.000 -9999.000 -9999.000 0.6222831E-01 0.9499051E-01 0.1279633 0.1786670 0.2056817 0.1916222 0.1689857 0.1508415 0.1526129 0.1346996 0.1102622 0.9995160E-01 0.8389111E-01 0.1182143 0.1113418 0.1174981 0.1505973 0.1235386 0.1426966 0.1710069 0.1967143 0.1886681 0.1300950 0.9349806E-01 0.1006916 0.1138325 0.1113178 0.7025762E-01 0.3293607E-01 0.2418260E-01 -9999.000 -9999.000 -9999.000 -9999.000 -9999.000 -9999.000 -9999.000 -9999.000 -9999.000 -9999.000 -9999.000 -9999.000 -9999.000 -9999.000 -9999.000 -9999.000 -9999.000 -9999.000 -9999.000 -9999.000 -9999.000 -9999.000 -9999.000 -9999.000 -9999.000 -9999.000
-9999.000 -9999.000 -9999.000 -9999.000 0.5996813E-01 0.1060225 0.1671089 0.1880703 0.1839285 0.1644607 0.1389207 0.1146165 0.9385406E-01 0.7903722E-01 0.8446054E-01 0.1063745 0.1227423 0.1029663 0.1100106 0.1296599 0.1208042 0.1557125 0.2193698 0.2580984 0.2417853 0.1696808 0.1112303 0.1112462 0.1235522 0.1348079 0.9550316E-01 0.5910928E-01 0.4473751E-01 0.3392214E-01 -9999.000 -9999.000 -9999.000 -9999.000 -9999.000 -9999.000 -9999.000 -9999.000 -9999.000 -9999.000 -9999.000 -9999.000 -9999.000 -9999.000 -9999.000 -9999.000 -9999.000 -9999.000 -9999.000 -9999.000 -9999.000 -9999.000 -9999.000 -9999.000 -9999.000
-9999.000 -9999.000 -9999.000 -9999.000 -9999.000 0.6798886E-01 0.1041692 0.1446442 0.1752932 0.1955616 0.1432792 0.7197007E-01 0.4629655E-01 0.4020889E-01 0.7703598E-01 0.1421429 0.1771329 0.1873154 0.1347026 0.7465321E-01 0.6464730E-01 0.1309729 0.2363144 0.2737056 0.2317638 0.1627058 0.1262324 0.1442484 0.1672770 0.1731653 0.1201304 0.9241137E-01 0.9582482E-01 0.7423814E-01 0.5414769E-01 0.4504665E-01 -9999.000 -9999.000 -9999.000 -9999.000 -9999.000 -9999.000 -9999.000 -9999.000 -9999.000 -9999.000 -9999.000 -9999.000 -9999.000 -9999.000 -9999.000 -9999.000 -9999.000 -9999.000 -9999.000 -9999.000 -9999.000 -9999.000 -9999.000
-9999.000 -9999.000 -9999.000 -9999.000 -9999.000 0.3440827E-01 0.5044926E-01 0.1086089 0.1654114 0.1949331 0.1587371 0.8509028E-01 0.5861235E-01 0.6281842E-01 0.9482300E-01 0.1554402 0.1892035 0.2180933 0.1822537 0.1051146 0.8564133E-01 0.1446821 0.2264712 0.2412600 0.2058385 0.1474567 0.1239264 0.1309077 0.1627271 0.1830127 0.1439810 0.1370281 0.1504935 0.1412265 0.8683650E-01 0.6703429E-01 0.6459529E-01 0.4395919E-01 -9999.000 -9999.000 -9999.000 -9999.000 -9999.000 -9999.000 -9999.000 -9999.000 -9999.000 -9999.000 -9999.000 -9999.000 -9999.000 -9999.000 -9999.000 -9999.000 -9999.000 -9999.000 -9999.000 -9999.000 -9999.000
-9999.000 -9999.000 -9999.000 -9999.000 -9999.000 0.2819764E-01 0.6129045E-01 0.1038107 0.1477190 0.1737286 0.1739194 0.1354790 0.9632056E-01 0.9805606E-01 0.1233419 0.1584228 0.1851088 0.2305534 0.2357284 0.1940048 0.1843128 0.1860778 0.1981234 0.2122013 0.1498709 0.1177437 0.1014120 0.9231190E-01 0.1118495 0.1518546 0.1389662 0.1445976 0.1612877 0.1555789 0.1212300 0.9225276E-01 0.9944438E-01 0.9148862E-01 0.5157086E-01 -9999.000 -9999.000 -9999.000 -9999.000 -9999.000 -9999.000 -9999.000 -9999.000 -9999.000 -9999.000 -9999.000 -9999.000 -9999.000 -9999.000 -9999.000 -9999.000 -9999.000 -9999.000 -9999.000 -9999.000
-9999.000 -9999.000 -9999.000 -9999.000 -9999.000 -9999.000 0.8733426E-01 0.9891681E-01 0.1295779 0.1669191 0.1917867 0.1677504 0.1220257 0.9143987E-01 0.1013953 0.1323674 0.1672472 0.2254793 0.2459675 0.2448435 0.2559768 0.2034014 0.1648704 0.1468659 0.1182852 0.1016425 0.8855827E-01 0.9018015E-01 0.1118229 0.1405041 0.1243636 0.1124776 0.1225437 0.1357971 0.1192190 0.9360489E-01 0.1064555 0.1004905 -9999.000 -9999.000 -9999.000 -9999.000 -9999.000 -9999.000 -9999.000 -9999.000 -9999.000 -9999.000 -9999.000 -9999.000 -9999.000 -9999.000 -9999.000 -9999.000 -9999.000 -9999.000 -9999.000 -9999.000 -9999.000
-9999.000 -9999.000 -9999.000 -9999.000 -9999.000 -9999.000 -9999.000 0.5267604E-01 0.8551925E-01 0.1556080 0.2028240 0.1828649 0.1267031 0.6224001E-01 0.5044780E-01 0.6815861E-01 0.1184937 0.2083022 0.2173184 0.2024548 0.1808436 0.1385740 0.1241708 0.1583016 0.1847700 0.1258897 0.1045951 0.1163270 0.1354532 0.1592338 0.1511358 0.1216892 0.1121309 0.1265948 0.1079167 0.6386603E-01 0.6475826E-01 0.9319166E-01 0.9445609E-01 0.7426211E-01 -9999.000 -9999.000 -9999.000 -9999.000 -9999.000 -9999.000 -9999.000 -9999.000 -9999.000 -9999.000 -9999.000 -9999.000 -9999.000 -9999.000 -9999.000 -9999.000 -9999.000 -9999.000 -9999.000
-9999.000 -9999.000 -9999.000 -9999.000 -9999.000 -9999.000 -9999.000 -9999.000 0.4487333E-01 0.1160567 0.1711504 0.1684163 0.1071445 0.3889553E-01 0.2199929E-01 0.2922369E-01 0.7014657E-01 0.1406500 0.1393205 0.1153221 0.9027911E-01 0.9326043E-01 0.1170787 0.1954321 0.2290390 0.1760520 0.1639702 0.1755263 0.1846608 0.1983254 0.2114141 0.2078349 0.1573109 0.1250191 0.7460132E-01 0.3009377E-01 0.5906997E-01 0.1039296 0.1162734 0.9100102E-01 -9999.000 -9999.000 -9999.000 -9999.000 -9999.000 -9999.000 -9999.000 -9999.000 -9999.000 -9999.000 -9999.000 -9999.000 -9999.000 -9999.000 -9999.000 -9999.000 -9999.000 -9999.000 -9999.000
-9999.000 -9999.000 -9999.000 -9999.000 -9999.000 -9999.000 -9999.000 -9999.000 -9999.000 0.6462876E-01 0.1267082 0.1454735 0.1119648 0.4594867E-01 0.1971026E-01 -9999.000 -9999.000 0.6285191E-01 0.8114595E-01 0.8586098E-01 0.1084126 0.1083602 0.1134016 0.1868541 0.2306480 0.2141921 0.2074056 0.2102052 0.1896562 0.1842205 0.2320157 0.2394093 0.2106050 0.1452586 0.6033354E-01 0.4798709E-01 0.9175322E-01 0.1081663 0.9809652E-01 0.8369383E-01 0.4062782E-01 -9999.000 -9999.000 -9999.000 -9999.000 -9999.000 -9999.000 -9999.000 -9999.000 -9999.000 -9999.000 -9999.000 -9999.000 -9999.000 -9999.000 -9999.000 -9999.000 -9999.000 -9999.000
-9999.000 -9999.000 -9999.000 -9999.000 -9999.000 -9999.000 -9999.000 -9999.000 -9999.000 0.4553114E-01 0.1170171 0.1426437 0.1315939 0.8244549E-01 0.3712022E-01 -9999.000 0.1398778E-01 0.3009663E-01 0.4914170E-01 0.7008418E-01 0.1052486 0.1363723 0.1337967 0.1747774 0.2278838 0.2202628 0.2004761 0.1730054 0.1042758 0.1032747 0.1822927 0.2032078 0.2011706 0.1533387 0.1057287 0.1145879 0.1236928 0.1139047 0.9858860E-01 0.1129655 0.8650204E-01 -9999.000 -9999.000 -9999.000 -9999.000 -9999.000 -9999.000 -9999.000 -9999.000 -9999.000 -9999.000 -9999.000 -9999.000 -9999.000 -9999.000 -9999.000 -9999.000 -9999.000 -9999.000
-9999.000 -9999.000 -9999.000 -9999.000 -9999.000 -9999.000 -9999.000 -9999.000 -9999.000 0.2871530E-01 0.7420977E-01 0.1158754 0.1333127 0.1100588 0.7113585E-01 0.2823258E-01 -9999.000 0.1658145E-01 0.3075230E-01 0.5025928E-01 0.9353430E-01 0.1509236 0.1574680 0.1698212 0.2237612 0.2024513 0.1591185 0.1015121 0.9449045E-01 0.1194298 0.1397409 0.1453324 0.1531800 0.1315972 0.1278176 0.1572397 0.1511876 0.1280618 0.1385892 0.1563384 0.1175418 -9999.000 -9999.000 -9999.000 -9999.000 -9999.000 -9999.000 -9999.000 -9999.000 -9999.000 -9999.000 -9999.000 -9999.000 -9999.000 -9999.000 -9999.000 -9999.000 -9999.000 -9999.000
-9999.000 -9999.000 -9999.000 -9999.000 -9999.000 -9999.000 -9999.000 -9999.000 -9999.000 -9999.000 0.5157956E-01 0.1020013 0.1334481 0.1417760 0.9817319E-01 0.3904753E-01 -9999.000 0.1582078E-01 0.2409677E-01 0.3725035E-01 0.6944844E-01 0.1184711 0.1281136 0.1626968 0.1992338 0.1694581 0.1059555 0.6939530E-01 0.1249188 0.1710315 0.1608677 0.1329137 0.1345868 0.1184856 0.1218672 0.1678082 0.1580461 0.1313115 0.1494563 0.1835227 0.1443088 0.7765471E-01 -9999.000 -9999.000 -9999.000 -9999.000 -9999.000 -9999.000 -9999.000 -9999.000 -9999.000 -9999.000 -9999.000 -9999.000 -9999.000 -9999.000 -9999.000 -9999.000 -9999.000
-9999.000 -9999.000 -9999.000 -9999.000 -9999.000 -9999.000 -9999.000 -9999.000 -9999.000 -9999.000 -9999.000 0.6182607E-01 0.1086546 0.1465131 0.1285877 0.6828399E-01 -9999.000 -9999.000 -9999.000 -9999.000 0.3498446E-01 0.7192852E-01 0.8560245E-01 0.1270210 0.1728513 0.1442364 0.1299355 0.1277133 0.1702141 0.2001878 0.2054236 0.1714782 0.1778260 0.1725836 0.1744416 0.1974182 0.1751619 0.1594006 0.1708773 0.1939689 0.1717379 0.9974530E-01 0.5220776E-01 -9999.000 -9999.000 -9999.000 -9999.000 -9999.000 -9999.000 -9999.000 -9999.000 -9999.000 -9999.000 -9999.000 -9999.000 -9999.000 -9999.000 -9999.000 -9999.000
-9999.000 -9999.000 -9999.000 -9999.000 -9999.000 -9999.000 -9999.000 -9999.000 -9999.000 -9999.000 -9999.000 -9999.000 0.5819536E-01 0.1113376 0.1163852 0.8514850E-01 0.4431537E-01 -9999.000 -9999.000 -9999.000 0.2166362E-01 0.3338170E-01 0.3215056E-01 0.6840553E-01 0.1541543 0.1762883 0.1786753 0.2089694 0.2094170 0.1893016 0.2118998 0.2451210 0.2666848 0.2874771 0.2623030 0.2256962 0.2041757 0.2084536 0.2128049 0.2209115 0.1955447 0.1422093 0.8897827E-01 -9999.000 -9999.000 -9999.000 -9999.000 -9999.000 -9999.000 -9999.000 -9999.000 -9999.000 -9999.000 -9999.000 -9999.000 -9999.000 -9999.000 -9999.000 -9999.000
-9999.000 -9999.000 -9999.000 -9999.000 -9999.000 -9999.000 -9999.000 -9999.000 -9999.000 -9999.000 -9999.000 -9999.000 0.4875443E-01 0.1079567 0.1302167 0.1084942 0.6484258E-01 -9999.000 -9999.000 -9999.000 0.2505867E-01 0.2835842E-01 0.1677771E-01 0.4707166E-01 0.1235969 0.1541844 0.1719186 0.2273758 0.2446142 0.2031597 0.2120980 0.2741984 0.2956748 0.3051436 0.2929074 0.2473541 0.2271475 0.2209719 0.2293194 0.2362624 0.2232385 0.2014680 0.1321184 0.4102192E-01 -9999.000 -9999.000 -9999.000 -9999.000 -9999.000 -9999.000 -9999.000 -9999.000 -9999.000 -9999.000 -9999.000 -9999.000 -9999.000 -9999.000 -9999.000
-9999.000 -9999.000 -9999.000 -9999.000 -9999.000 -9999.000 -9999.000 -9999.000 -9999.000 -9999.000 -9999.000 -9999.000 -9999.000 0.1162922 0.1425923 0.1344879 0.9569155E-01 0.4248403E-01 0.1917561E-01 0.1949704E-01 0.2520900E-01 0.2236569E-01 0.1616685E-01 0.4046786E-01 0.8031844E-01 0.8860383E-01 0.1066477 0.1816767 0.2327520 0.2237782 0.2396193 0.2812227 0.2693905 0.2572928 0.2584125 0.2482323 0.2144308 0.2113476 0.2135349 0.2287222 0.2350933 0.2187640 0.1671150 0.7970436E-01 -9999.000 -9999.000 -9999.000 -9999.000 -9999.000 -9999.000 -9999.000 -9999.000 -9999.000 -9999.000 -9999.000 -9999.000 -9999.000 -9999.000 -9999.000
-9999.000 -9999.000 -9999.000 -9999.000 -9999.000 -9999.000 -9999.000 -9999.000 -9999.000 -9999.000 -9999.000 -9999.000 -9999.000 0.1066419 0.1437335 0.1476034 0.1266818 0.7270986E-01 0.2612325E-01 0.2794939E-01 0.2798399E-01 0.3098149E-01 0.3850572E-01 0.5302240E-01 0.6267712E-01 0.4866590E-01 0.6469222E-01 0.1191989 0.1721443 0.1974297 0.2617619 0.2554767 0.1967678 0.1972359 0.2132803 0.1647142 0.1349914 0.1129623 0.1323703 0.1573522 0.1849636 0.1917826 0.1639651 0.9978174E-01 0.7989055E-01 -9999.000 -9999.000 -9999.000 -9999.000 -9999.000 -9999.000 -9999.000 -9999.000 -9999.000 -9999.000 -9999.000 -9999.000 -9999.000 -9999.000
-9999.000 -9999.000 -9999.000 -9999.000 -9999.000 -9999.000 -9999.000 -9999.000 -9999.000 -9999.000 -9999.000 -9999.000 -9999.000 0.8401312E-01 0.1288695 0.1449863 0.1355541 0.8990240E-01 0.4445888E-01 0.2567819E-01 0.2417176E-01 0.2881952E-01 0.4407228E-01 0.5409340E-01 0.4309602E-01 0.5217980E-01 0.9043759E-01 0.1267066 0.1588311 0.1922018 0.2196841 0.1787907 0.1396030 0.2165758 0.2446571 0.1887367 0.1223935 0.1001530 0.1150878 0.1212944 0.1390588 0.1589891 0.1538592 0.1227609 0.8528344E-01 0.5860225E-01 -9999.000 -9999.000 -9999.000 -9999.000 -9999.000 -9999.000 -9999.000 -9999.000 -9999.000 -9999.000 -9999.000 -9999.000 -9999.000
-9999.000 -9999.000 -9999.000 -9999.000 -9999.000 -9999.000 -9999.000 -9999.000 -9999.000 -9999.000 -9999.000 -9999.000 -9999.000 0.6972764E-01 0.1034859 0.1122844 0.1303607 0.1081880 0.4808494E-01 0.1841281E-01 -9999.000 -9999.000 -9999.000 0.2955850E-01 0.3905144E-01 0.6241368E-01 0.1283109 0.1558600 0.1601444 0.1508544 0.1514268 0.1334770 0.1306303 0.2179833 0.2830059 0.2703999 0.2170812 0.1499096 0.1437300 0.1636156 0.1691285 0.1649373 0.1602348 0.1294528 0.8000581E-01 0.3710398E-01 -9999.000 -9999.000 -9999.000 -9999.000 -9999.000 -9999.000 -9999.000 -9999.000 -9999.000 -9999.000 -9999.000 -9999.000 -9999.000
-9999.000 -9999.000 -9999.000 -9999.000 -9999.000 -9999.000 -9999.000 -9999.000 -9999.000 -9999.000 -9999.000 -9999.000 -9999.000 0.7060275E-01 0.8759672E-01 0.9708506E-01 0.1275037 0.1191776 0.7327945E-01 0.4219192E-01 0.1850652E-01 -9999.000 -9999.000 -9999.000 0.3071440E-01 0.4246878E-01 0.8420498E-01 0.1073668 0.1285472 0.1236339 0.1450022 0.1722418 0.1552723 0.1950448 0.2476509 0.2675735 0.2331193 0.1842127 0.1685665 0.1839193 0.1776489 0.1595512 0.1567207 0.1409884 0.1144161 0.7739522E-01 0.6102473E-01 -9999.000 -9999.000 -9999.000 -9999.000 -9999.000 -9999.000 -9999.000 -9999.000 -9999.000 -9999.000 -9999.000 -9999.000
