simulation_files/asc/Depth____000045.asc
NCOLS        79
NROWS        79
XLLCENTER         -1.500000
YLLCENTER         -4.800000
CELLSIZE           0.100
NODATA_VALUE     -9999.0
[rows 0 to 25 of 79, columns 0 to 56 of 79]
-9999.000 -9999.000 -9999.000 -9999.000 -9999.000 -9999.000 -9999.000 -9999.000 -9999.000 -9999.000 -9999.000 -9999.000 -9999.000 -9999.000 -9999.000 0.2311511 0.2312506 0.2311500 0.2309797 0.2307563 0.2304886 0.2301846 0.2298530 0.2295036 0.2291478 0.2287983 0.2284698 0.2281798 0.2279612 0.2282556 0.2282556 -9999.000 -9999.000 -9999.000 -9999.000 -9999.000 -9999.000 -9999.000 -9999.000 -9999.000 -9999.000 -9999.000 -9999.000 -9999.000 -9999.000 -9999.000 -9999.000 -9999.000 -9999.000 -9999.000 -9999.000 -9999.000 -9999.000 -9999.000 -9999.000 -9999.000 -9999.000
-9999.000 -9999.000 -9999.000 -9999.000 -9999.000 -9999.000 -9999.000 -9999.000 -9999.000 -9999.000 -9999.000 -9999.000 -9999.000 -9999.000 -9999.000 0.2330935 0.2332297 0.2331307 0.2329690 0.2327595 0.2325096 0.2322268 0.2319192 0.2315962 0.2312685 0.2309476 0.2306452 0.2303735 0.2301551 0.2304203 0.2304203 -9999.000 -9999.000 -9999.000 -9999.000 -9999.000 -9999.000 -9999.000 -9999.000 -9999.000 -9999.000 -9999.000 -9999.000 -9999.000 -9999.000 -9999.000 -9999.000 -9999.000 -9999.000 -9999.000 -9999.000 -9999.000 -9999.000 -9999.000 -9999.000 -9999.000 -9999.000
-9999.000 -9999.000 -9999.000 -9999.000 -9999.000 -9999.000 -9999.000 -9999.000 -9999.000 -9999.000 -9999.000 -9999.000 -9999.000 -9999.000 -9999.000 0.2351777 0.2353670 0.2352674 0.2351040 0.2348936 0.2346436 0.2343611 0.2340534 0.2337293 0.2333983 0.2330706 0.2327569 0.2324683 0.2322304 0.2325378 0.2325378 -9999.000 -9999.000 -9999.000 -9999.000 -9999.000 -9999.000 -9999.000 -9999.000 -9999.000 -9999.000 -9999.000 -9999.000 -9999.000 -9999.000 -9999.000 -9999.000 -9999.000 -9999.000 -9999.000 -9999.000 -9999.000 -9999.000 -9999.000 -9999.000 -9999.000 -9999.000
-9999.000 -9999.000 -9999.000 -9999.000 -9999.000 -9999.000 -9999.000 -9999.000 -9999.000 -9999.000 -9999.000 -9999.000 -9999.000 -9999.000 -9999.000 0.2372969 0.2375324 0.2374296 0.2372606 0.2370442 0.2367876 0.2364974 0.2361806 0.2358453 0.2355002 0.2351548 0.2348193 0.2345047 0.2342387 0.2345802 0.2345802 -9999.000 -9999.000 -9999.000 -9999.000 -9999.000 -9999.000 -9999.000 -9999.000 -9999.000 -9999.000 -9999.000 -9999.000 -9999.000 -9999.000 -9999.000 -9999.000 -9999.000 -9999.000 -9999.000 -9999.000 -9999.000 -9999.000 -9999.000 -9999.000 -9999.000 -9999.000
-9999.000 -9999.000 -9999.000 -9999.000 -9999.000 -9999.000 -9999.000 -9999.000 -9999.000 -9999.000 -9999.000 -9999.000 -9999.000 -9999.000 -9999.000 0.2394432 0.2397175 0.2396080 0.2394299 0.2392027 0.2389339 0.2386295 0.2382962 0.2379413 0.2375731 0.2372007 0.2368338 0.2364834 0.2361792 0.2365481 0.2365481 -9999.000 -9999.000 -9999.000 -9999.000 -9999.000 -9999.000 -9999.000 -9999.000 -9999.000 -9999.000 -9999.000 -9999.000 -9999.000 -9999.000 -9999.000 -9999.000 -9999.000 -9999.000 -9999.000 -9999.000 -9999.000 -9999.000 -9999.000 -9999.000 -9999.000 -9999.000
-9999.000 -9999.000 -9999.000 -9999.000 -9999.000 -9999.000 -9999.000 -9999.000 -9999.000 -9999.000 -9999.000 -9999.000 -9999.000 -9999.000 -9999.000 0.2416104 0.2419152 0.2417956 0.2416048 0.2413628 0.2410767 0.2407522 0.2403956 0.2400136 0.2396141 0.2392055 0.2387972 0.2384000 0.2380457 0.2384357 0.2384357 -9999.000 -9999.000 -9999.000 -9999.000 -9999.000 -9999.000 -9999.000 -9999.000 -9999.000 -9999.000 -9999.000 -9999.000 -9999.000 -9999.000 -9999.000 -9999.000 -9999.000 -9999.000 -9999.000 -9999.000 -9999.000 -9999.000 -9999.000 -9999.000 -9999.000 -9999.000
-9999.000 -9999.000 -9999.000 -9999.000 -9999.000 -9999.000 -9999.000 -9999.000 -9999.000 -9999.000 -9999.000 -9999.000 -9999.000 -9999.000 -9999.000 0.2437944 0.2441202 0.2439868 0.2437800 0.2435192 0.2432110 0.2428609 0.2424743 0.2420578 0.2416182 0.2411635 0.2407025 0.2402454 0.2398256 0.2402296 0.2402296 -9999.000 -9999.000 -9999.000 -9999.000 -9999.000 -9999.000 -9999.000 -9999.000 -9999.000 -9999.000 -9999.000 -9999.000 -9999.000 -9999.000 -9999.000 -9999.000 -9999.000 -9999.000 -9999.000 -9999.000 -9999.000 -9999.000 -9999.000 -9999.000 -9999.000 -9999.000
-9999.000 -9999.000 -9999.000 -9999.000 -9999.000 -9999.000 -9999.000 -9999.000 -9999.000 -9999.000 -9999.000 -9999.000 -9999.000 -9999.000 -9999.000 0.2459916 0.2463283 0.2461768 0.2459509 0.2456676 0.2453327 0.2449511 0.2445276 0.2440681 0.2435787 0.2430662 0.2425384 0.2420046 0.2414985 0.2419061 0.2419061 -9999.000 -9999.000 -9999.000 -9999.000 -9999.000 -9999.000 -9999.000 -9999.000 -9999.000 -9999.000 -9999.000 -9999.000 -9999.000 -9999.000 -9999.000 -9999.000 -9999.000 -9999.000 -9999.000 -9999.000 -9999.000 -9999.000 -9999.000 -9999.000 -9999.000 -9999.000
-9999.000 -9999.000 -9999.000 -9999.000 -9999.000 -9999.000 -9999.000 -9999.000 -9999.000 -9999.000 -9999.000 -9999.000 -9999.000 -9999.000 -9999.000 0.2481983 0.2485348 0.2483609 0.2481129 0.2478036 0.2474375 0.2470182 0.2465501 0.2460378 0.2454865 0.2449015 0.2442884 0.2436549 0.2430332 0.2434269 0.2434269 -9999.000 -9999.000 -9999.000 -9999.000 -9999.000 -9999.000 -9999.000 -9999.000 -9999.000 -9999.000 -9999.000 -9999.000 -9999.000 -9999.000 -9999.000 -9999.000 -9999.000 -9999.000 -9999.000 -9999.000 -9999.000 -9999.000 -9999.000 -9999.000 -9999.000 -9999.000
-9999.000 -9999.000 -9999.000 -9999.000 -9999.000 -9999.000 -9999.000 -9999.000 -9999.000 -9999.000 -9999.000 -9999.000 -9999.000 -9999.000 -9999.000 0.2504084 0.2507337 0.2505329 0.2502603 0.2499218 0.2495198 0.2490564 0.2485347 0.2479581 0.2473298 0.2466526 0.2459293 0.2451632 0.2443820 0.2447300 0.2447300 -9999.000 -9999.000 -9999.000 -9999.000 -9999.000 -9999.000 -9999.000 -9999.000 -9999.000 -9999.000 -9999.000 -9999.000 -9999.000 -9999.000 -9999.000 -9999.000 -9999.000 -9999.000 -9999.000 -9999.000 -9999.000 -9999.000 -9999.000 -9999.000 -9999.000 -9999.000
-9999.000 -9999.000 -9999.000 -9999.000 -9999.000 -9999.000 -9999.000 -9999.000 -9999.000 -9999.000 -9999.000 -9999.000 -9999.000 -9999.000 -9999.000 0.2526121 0.2529165 0.2526846 0.2523850 0.2520144 0.2515717 0.2510573 0.2504720 0.2498170 0.2490923 0.2482967 0.2474275 0.2464805 0.2454722 0.2457114 0.2457114 -9999.000 -9999.000 -9999.000 -9999.000 -9999.000 -9999.000 -9999.000 -9999.000 -9999.000 -9999.000 -9999.000 -9999.000 -9999.000 -9999.000 -9999.000 -9999.000 -9999.000 -9999.000 -9999.000 -9999.000 -9999.000 -9999.000 -9999.000 -9999.000 -9999.000 -9999.000
-9999.000 -9999.000 -9999.000 -9999.000 -9999.000 -9999.000 -9999.000 -9999.000 -9999.000 -9999.000 -9999.000 -9999.000 -9999.000 -9999.000 -9999.000 0.2547940 0.2550707 0.2548043 0.2544758 0.2540700 0.2535818 0.2530083 0.2523476 0.2515966 0.2507503 0.2498005 0.2487341 0.2475322 0.2461864 0.2461862 0.2461862 -9999.000 -9999.000 -9999.000 -9999.000 -9999.000 -9999.000 -9999.000 -9999.000 -9999.000 -9999.000 -9999.000 -9999.000 -9999.000 -9999.000 -9999.000 -9999.000 -9999.000 -9999.000 -9999.000 -9999.000 -9999.000 -9999.000 -9999.000 -9999.000 -9999.000 -9999.000
-9999.000 -9999.000 -9999.000 -9999.000 -9999.000 -9999.000 -9999.000 -9999.000 -9999.000 -9999.000 -9999.000 -9999.000 -9999.000 -9999.000 -9999.000 0.2569316 0.2571791 0.2568763 0.2565171 0.2560726 0.2555329 0.2548909 0.2541398 0.2532703 0.2522687 0.2511137 0.2497733 0.2481981 0.2463242 0.2457886 0.2457886 -9999.000 -9999.000 -9999.000 -9999.000 -9999.000 -9999.000 -9999.000 -9999.000 -9999.000 -9999.000 -9999.000 -9999.000 -9999.000 -9999.000 -9999.000 -9999.000 -9999.000 -9999.000 -9999.000 -9999.000 -9999.000 -9999.000 -9999.000 -9999.000 -9999.000 -9999.000
-9999.000 -9999.000 -9999.000 -9999.000 -9999.000 -9999.000 -9999.000 -9999.000 -9999.000 -9999.000 -9999.000 -9999.000 -9999.000 -9999.000 -9999.000 0.2589827 0.2592134 0.2588770 0.2584873 0.2580011 0.2574027 0.2566797 0.2558181 0.2547988 0.2535930 0.2521563 0.2504193 0.2482678 0.2455068 0.2436747 0.2436747 -9999.000 -9999.000 -9999.000 -9999.000 -9999.000 -9999.000 -9999.000 -9999.000 -9999.000 -9999.000 -9999.000 -9999.000 -9999.000 -9999.000 -9999.000 -9999.000 -9999.000 -9999.000 -9999.000 -9999.000 -9999.000 -9999.000 -9999.000 -9999.000 -9999.000 -9999.000
-9999.000 -9999.000 -9999.000 -9999.000 -9999.000 -9999.000 -9999.000 -9999.000 -9999.000 -9999.000 -9999.000 -9999.000 -9999.000 -9999.000 -9999.000 0.2601560 0.2609166 0.2607220 0.2604036 0.2599290 0.2592892 0.2584740 0.2574666 0.2562383 0.2547397 0.2528887 0.2505439 0.2474436 0.2430318 0.2371710 0.2371710 -9999.000 -9999.000 -9999.000 -9999.000 -9999.000 -9999.000 -9999.000 -9999.000 -9999.000 -9999.000 -9999.000 -9999.000 -9999.000 -9999.000 -9999.000 -9999.000 -9999.000 -9999.000 -9999.000 -9999.000 -9999.000 -9999.000 -9999.000 -9999.000 -9999.000 -9999.000
0.2063942 0.2063942 0.2113815 0.2222616 0.2253579 0.2253579 0.2282190 0.2336856 0.2336856 0.2394238 0.2394238 0.2462590 0.2504557 0.2554673 0.2615875 0.2615875 0.2684876 0.2684579 0.2681031 0.2673272 0.2661014 0.2644345 0.2623516 0.2598590 0.2568965 0.2532651 0.2484833 0.2414066 0.2289158 0.1964088 0.1964088 0.8655439E-01 0.6235785E-01 0.5476076E-01 0.5771159E-01 0.5771159E-01 0.7084604E-01 0.7084604E-01 0.9250940E-01 0.9250940E-01 0.1136457 0.1574376 0.1574376 0.1607500 0.1607500 0.1609433 0.1609433 0.1609433 0.1565942 0.1565942 0.1529171 0.1529171 0.1499490 0.1499490 0.1449590 0.1449590 0.1417392
0.2061342 0.2061342 0.2096974 0.2219528 0.2250178 0.2250178 0.2278661 0.2333227 0.2333227 0.2390454 0.2390454 0.2457669 0.2497250 0.2541171 0.2587963 0.2587963 0.2629149 0.2631944 0.2633304 0.2632447 0.2628399 0.2620069 0.2606296 0.2585833 0.2557179 0.2518114 0.2464610 0.2388329 0.2269531 0.2039369 0.2039369 0.1280428 0.1023736 0.8283443E-01 0.7911203E-01 0.7911203E-01 0.8000668E-01 0.8000668E-01 0.9237748E-01 0.9237748E-01 0.1060186 0.1559622 0.1559622 0.1611338 0.1611338 0.1609430 0.1609430 0.1609430 0.1562817 0.1562817 0.1526162 0.1526162 0.1502880 0.1502880 0.1447393 0.1447393 0.1415463
0.2059930 0.2059930 0.2087781 0.2219716 0.2249846 0.2249846 0.2277898 0.2331317 0.2331317 0.2386197 0.2386197 0.2448000 0.2482651 0.2519477 0.2556910 0.2556910 0.2584636 0.2584805 0.2583916 0.2581790 0.2577701 0.2570565 0.2559018 0.2541406 0.2515676 0.2479093 0.2427562 0.2353968 0.2243301 0.2051085 0.2051085 0.1464097 0.1216120 0.9923685E-01 0.9373462E-01 0.9373462E-01 0.9122576E-01 0.9122576E-01 0.9869670E-01 0.9869670E-01 0.1070634 0.1463481 0.1463481 0.1615405 0.1615405 0.1616936 0.1616936 0.1616936 0.1561867 0.1561867 0.1524768 0.1524768 0.1495833 0.1495833 0.1449671 0.1449671 0.1416227
0.2058862 0.2058862 0.2080085 0.2219701 0.2249343 0.2249343 0.2276898 0.2328884 0.2328884 0.2380915 0.2380915 0.2436875 0.2466826 0.2497551 0.2527727 0.2527727 0.2543676 0.2540624 0.2536765 0.2532101 0.2526047 0.2517612 0.2505479 0.2488004 0.2463141 0.2428224 0.2379464 0.2310691 0.2209709 0.2042723 0.2042723 0.1581255 0.1353487 0.1133400 0.1078653 0.1078653 0.1050435 0.1050435 0.1092654 0.1092654 0.1134377 0.1374040 0.1374040 0.1583685 0.1583685 0.1607508 0.1607508 0.1607508 0.1560901 0.1560901 0.1522352 0.1522352 0.1491094 0.1491094 0.1449575 0.1449575 0.1415634
0.2058116 0.2058116 0.2073749 0.2219441 0.2248601 0.2248601 0.2275594 0.2325889 0.2325889 0.2374679 0.2374679 0.2424485 0.2449809 0.2474808 0.2498462 0.2498462 0.2502329 0.2495602 0.2488716 0.2481536 0.2473415 0.2463359 0.2450091 0.2432053 0.2407354 0.2373610 0.2327566 0.2264062 0.2173109 0.2026832 0.2026832 0.1659020 0.1457469 0.1263826 0.1221468 0.1221468 0.1203120 0.1203120 0.1216440 0.1216440 0.1226628 0.1331834 0.1331834 0.1518409 0.1518409 0.1589216 0.1589216 0.1589216 0.1554693 0.1554693 0.1516964 0.1516964 0.1484361 0.1484361 0.1446563 0.1446563 0.1413600
0.2057664 0.2057664 0.2068767 0.2218976 0.2247664 0.2247664 0.2274059 0.2322508 0.2322508 0.2367846 0.2367846 0.2411371 0.2432088 0.2451423 0.2468566 0.2468566 0.2458629 0.2447549 0.2437480 0.2427952 0.2418079 0.2406733 0.2392601 0.2374200 0.2349826 0.2317473 0.2274576 0.2217052 0.2136832 0.2009950 0.2009950 0.1715210 0.1545228 0.1397924 0.1373677 0.1373677 0.1359612 0.1359612 0.1338914 0.1338914 0.1324766 0.1338374 0.1338374 0.1451812 0.1451812 0.1554832 0.1554832 0.1554832 0.1538873 0.1538873 0.1506832 0.1506832 0.1475190 0.1475190 0.1440945 0.1440945 0.1410259
0.2057477 0.2057477 0.2065172 0.2218344 0.2246578 0.2246578 0.2272371 0.2318920 0.2318920 0.2360759 0.2360759 0.2398044 0.2414179 0.2427749 0.2437920 0.2437920 0.2411075 0.2394779 0.2381247 0.2369500 0.2358259 0.2346139 0.2331700 0.2313474 0.2289946 0.2259568 0.2220728 0.2170607 0.2102984 0.1998195 0.1998195 0.1762991 0.1632935 0.1546007 0.1535487 0.1535487 0.1506844 0.1506844 0.1449099 0.1449099 0.1416502 0.1374401 0.1374401 0.1410830 0.1410830 0.1508181 0.1508181 0.1508181 0.1511520 0.1511520 0.1489928 0.1489928 0.1462577 0.1462577 0.1432781 0.1432781 0.1405721
0.2057538 0.2057538 0.2063015 0.2217581 0.2245392 0.2245392 0.2270605 0.2315290 0.2315290 0.2353718 0.2353718 0.2384963 0.2396584 0.2404234 0.2406642 0.2406642 0.2358021 0.2335512 0.2318190 0.2304354 0.2292173 0.2279884 0.2265813 0.2248443 0.2226423 0.2198790 0.2165470 0.2125370 0.2074113 0.1995421 0.1995421 0.1819473 0.1736691 0.1707513 0.1695936 0.1695936 0.1634150 0.1634150 0.1543280 0.1543280 0.1497378 0.1421898 0.1421898 0.1400493 0.1400493 0.1460203 0.1460203 0.1460203 0.1474944 0.1474944 0.1465364 0.1465364 0.1445481 0.1445481 0.1421891 0.1421891 0.1399970
0.2057832 0.2057832 0.2062357 0.2216725 0.2244156 0.2244156 0.2268836 0.2311769 0.2311769 0.2346990 0.2346990 0.2372543 0.2379798 0.2381430 0.2375110 0.2375110 0.2297340 0.2267542 0.2246138 0.2230421 0.2217833 0.2206103 0.2193199 0.2177469 0.2157698 0.2133700 0.2108330 0.2083132 0.2055225 0.2008936 0.2008936 0.1902808 0.1867961 0.1868525 0.1839001 0.1839001 0.1737791 0.1737791 0.1621791 0.1621791 0.1566544 0.1470310 0.1470310 0.1411503 0.1411503 0.1421129 0.1421129 0.1421129 0.1435011 0.1435011 0.1434480 0.1434480 0.1423609 0.1423609 0.1408074 0.1408074 0.1392960
0.2058356 0.2058356 0.2063270 0.2215809 0.2242920 0.2242920 0.2267136 0.2308488 0.2308488 0.2340795 0.2340795 0.2361141 0.2364293 0.2359973 0.2344054 0.2344054 0.2226122 0.2188010 0.2162337 0.2145082 0.2132794 0.2122567 0.2111832 0.2098693 0.2081986 0.2062602 0.2049653 0.2048654 0.2056147 0.2053789 0.2053789 0.2017296 0.2024529 0.2014459 0.1956388 0.1956388 0.1819626 0.1819626 0.1686007 0.1686007 0.1624126 0.1514390 0.1514390 0.1432633 0.1432633 0.1395351 0.1395351 0.1395351 0.1398111 0.1398111 0.1400674 0.1400674 0.1397984 0.1397984 0.1391598 0.1391598 0.1384795
0.2059107 0.2059107 0.2065843 0.2214864 0.2241734 0.2241734 0.2265571 0.2305560 0.2305560 0.2335321 0.2335321 0.2351060 0.2350483 0.2340512 0.2314592 0.2314592 0.2140204 0.2093086 0.2063247 0.2044942 0.2033819 0.2026361 0.2019156 0.2009849 0.1997190 0.1983414 0.1992019 0.2032050 0.2090708 0.2140679 0.2140679 0.2166666 0.2183686 0.2123939 0.2056645 0.2056645 0.1883408 0.1883408 0.1737281 0.1737281 0.1670613 0.1551925 0.1551925 0.1456170 0.1456170 0.1381854 0.1381854 0.1381854 0.1368503 0.1368503 0.1368142 0.1368142 0.1370926 0.1370926 0.1373520 0.1373520 0.1375890
