simulation_files/asc/Depth____133.0.asc
NCOLS       411
NROWS       131
XLLCENTER    2538020.000000
YLLCENTER    1152390.000000
CELLSIZE           1.000
NODATA_VALUE     -9999.0
[rows 27 to 53 of 131, columns 236 to 294 of 411]
1.148042 1.306871 1.571004 1.846608 2.094008 2.322375 2.454506 2.517022 2.551723 2.571723 2.576366 2.574400 2.573263 2.580447 2.588217 2.592988 2.585520 2.370354 1.838314 1.505892 1.469041 1.484840 1.493451 1.481618 1.419532 1.300577 1.167275 1.075425 1.024379 0.9917698 0.9818093 0.9710786 0.9536727 0.9206793 0.8715256 0.7957204 0.7231421 0.6429724 0.5816780 0.5421222 0.5258058 0.5247877 0.5287255 0.5264761 0.5317246 0.5344795 0.5311879 0.5376586 0.5449901 0.5499106 0.5499520 0.5571096 0.5639700 0.5669278 0.5673244 0.5771890 0.5841892 0.5904076 0.6026176
0.9373335 1.080690 1.332897 1.668214 2.070730 2.352517 2.504203 2.552931 2.586906 2.598463 2.599950 2.600067 2.603721 2.615832 2.620611 2.620747 2.619862 2.298103 1.684509 1.491534 1.473118 1.477465 1.495350 1.496380 1.473073 1.390267 1.261973 1.134217 1.061712 1.002612 0.9772570 0.9632142 0.9595171 0.9506567 0.9427858 0.9156119 0.8709052 0.7929746 0.6934193 0.6134433 0.5384781 0.4940234 0.4747990 0.4683383 0.4682111 0.4700591 0.4685602 0.4709087 0.4748179 0.4724861 0.4748779 0.4780024 0.4817420 0.4790200 0.4852400 0.4933165 0.4988102 0.5049941 0.5164987
0.7298832 0.8237985 0.9937590 1.284262 2.010276 2.422978 2.552956 2.603221 2.625301 2.625558 2.616909 2.611864 2.606874 2.613204 2.632677 2.645799 2.522767 2.113784 1.690183 1.542260 1.500797 1.492564 1.505544 1.513032 1.503300 1.472276 1.369541 1.216784 1.114119 1.044563 1.002582 0.9690648 0.9542398 0.9506748 0.9511255 0.9484707 0.9315023 0.9214228 0.8744680 0.8107560 0.7039118 0.5962899 0.5202053 0.4657728 0.4409171 0.4319296 0.4280534 0.4279995 0.4287344 0.4279174 0.4300371 0.4316546 0.4324117 0.4335512 0.4373658 0.4414181 0.4444128 0.4488733 0.4567550
0.6050615 0.6330616 0.6794347 0.7947087 1.747066 2.485143 2.606789 2.654556 2.661199 2.644114 2.615333 2.589687 2.560741 2.564783 2.602102 2.626991 2.313931 1.879434 1.691803 1.585737 1.536451 1.521915 1.524556 1.534076 1.531005 1.509632 1.448681 1.333825 1.199098 1.111797 1.058473 1.010627 0.9804377 0.9590030 0.9612145 0.9607937 0.9595953 0.9535345 0.9510158 0.9295474 0.8790268 0.7913690 0.7064439 0.6064490 0.5211411 0.4764679 0.4370951 0.4184354 0.4134920 0.4136491 0.4159024 0.4174554 0.4193168 0.4212859 0.4233510 0.4258870 0.4260110 0.4265815 0.4271729
-9999.000 -9999.000 -9999.000 -9999.000 -9999.000 -9999.000 2.661237 2.699169 2.694820 2.657507 2.601423 2.531824 2.479942 2.483709 2.544791 2.488592 2.146636 1.851259 1.774280 1.666802 1.594541 1.565750 1.556908 1.560705 1.565962 1.564088 1.530500 1.434446 1.310995 1.186530 1.131544 1.078849 1.048554 1.010058 0.9926286 0.9810690 0.9815215 0.9809781 0.9791164 0.9681686 0.9479910 0.9154331 0.8820010 0.8153910 0.7242497 0.6439269 0.5553115 0.4807481 0.4387834 0.4213478 0.4166594 0.4163720 0.4172550 0.4180164 0.4185205 0.4181890 0.4158504 0.4123791 0.4088396
-9999.000 -9999.000 -9999.000 -9999.000 -9999.000 -9999.000 -9999.000 -9999.000 2.707498 2.670482 2.590031 2.504234 2.399225 2.386434 2.434767 2.311083 2.032779 1.860978 1.808217 1.740069 1.661030 1.620201 1.604762 1.596500 1.597854 1.610851 1.606762 1.538797 1.437975 1.314520 1.219233 1.158040 1.138005 1.102539 1.056206 1.010780 0.9997652 0.9970164 0.9935543 0.9873465 0.9726035 0.9580518 0.9409266 0.9174349 0.8847281 0.8355476 0.7620931 0.6625056 0.5705624 0.4783265 0.4306510 0.4163749 0.4121084 0.4102279 0.4082918 0.4026062 0.3970305 0.3915054 0.3866606
-9999.000 -9999.000 -9999.000 -9999.000 -9999.000 -9999.000 -9999.000 -9999.000 -9999.000 2.650902 2.566689 2.468132 2.350430 2.305160 2.309529 2.185602 1.957934 1.852532 1.847542 1.792959 1.726130 1.676708 1.648350 1.628113 1.624327 1.643942 1.656018 1.644583 1.556509 1.441784 1.344434 1.256269 1.214996 1.188228 1.136279 1.068087 1.026170 0.9983864 0.9976329 0.9992792 0.9945785 0.9965441 0.9885528 0.9814743 0.9675334 0.9426222 0.9010714 0.8490807 0.7787583 0.6710760 0.5466810 0.4701616 0.4266534 0.4038456 0.3932374 0.3850473 0.3782895 0.3735019 0.3711224
-9999.000 -9999.000 -9999.000 -9999.000 -9999.000 -9999.000 -9999.000 -9999.000 -9999.000 -9999.000 -9999.000 2.410885 2.313672 2.268562 2.256781 2.160302 1.957376 1.861685 1.863773 1.838523 1.771086 1.713535 1.682912 1.660413 1.654848 1.677736 1.713503 1.729820 1.677178 1.571541 1.465493 1.368396 1.274739 1.232227 1.198431 1.156769 1.089997 1.024829 1.008153 1.007452 1.009927 1.014609 1.018946 1.023390 1.007727 0.9848917 0.9580076 0.9246287 0.9112288 0.8611878 0.7609142 0.6534072 0.5355215 0.4493814 0.4059830 0.3872740 0.3770242 0.3737888 0.3755006
-9999.000 -9999.000 -9999.000 -9999.000 -9999.000 -9999.000 -9999.000 -9999.000 -9999.000 -9999.000 -9999.000 -9999.000 -9999.000 2.260160 2.223219 2.103416 1.907904 1.859321 1.877611 1.872789 1.806981 1.754075 1.722384 1.701269 1.689076 1.705933 1.749208 1.779390 1.756220 1.662701 1.548007 1.459085 1.344943 1.263086 1.229052 1.215467 1.173035 1.100221 1.052361 1.019032 1.016585 1.021270 1.024745 1.030503 1.032174 1.022994 1.000138 0.9725135 0.9419764 0.9207282 0.8875841 0.8365580 0.7478479 0.6265129 0.5340387 0.4571375 0.4134627 0.3994599 0.4013439
-9999.000 -9999.000 -9999.000 -9999.000 -9999.000 -9999.000 -9999.000 -9999.000 -9999.000 -9999.000 -9999.000 -9999.000 -9999.000 -9999.000 2.133862 1.996954 1.885649 1.900390 1.908593 1.886846 1.835796 1.788682 1.763033 1.747903 1.726578 1.705539 1.738539 1.771169 1.771210 1.720438 1.601535 1.507302 1.421690 1.326617 1.247885 1.229957 1.224358 1.197878 1.125783 1.062247 1.024440 1.023454 1.027846 1.032551 1.037733 1.037030 1.032527 1.010682 0.9835000 0.9591157 0.9409035 0.9347856 0.9072563 0.8374462 0.7515576 0.6485419 0.5472320 0.4821105 0.4503618
-9999.000 -9999.000 -9999.000 -9999.000 -9999.000 -9999.000 -9999.000 -9999.000 -9999.000 -9999.000 -9999.000 -9999.000 -9999.000 -9999.000 -9999.000 -9999.000 1.917044 1.933760 1.933918 1.905271 1.866294 1.827308 1.801372 1.778230 1.750247 1.715007 1.698170 1.727532 1.739214 1.720315 1.614359 1.521020 1.469649 1.402914 1.303220 1.234497 1.236691 1.246900 1.227762 1.155103 1.066552 1.027409 1.020063 1.024708 1.029367 1.033393 1.039757 1.042012 1.032975 1.024115 1.001322 0.9930578 0.9832054 0.9669095 0.9376978 0.8697273 0.7745426 0.6782708 0.5576396
-9999.000 -9999.000 -9999.000 -9999.000 -9999.000 -9999.000 -9999.000 -9999.000 -9999.000 -9999.000 -9999.000 -9999.000 -9999.000 -9999.000 -9999.000 -9999.000 -9999.000 -9999.000 1.944691 1.933271 1.903068 1.879415 1.850375 1.815044 1.768294 1.728774 1.680310 1.681983 1.693830 1.708573 1.648950 1.524862 1.457313 1.445286 1.374046 1.256012 1.227893 1.232903 1.264290 1.234102 1.160234 1.063540 1.014098 1.003146 1.013248 1.023658 1.036990 1.060964 1.075533 1.080262 1.066593 1.051037 1.037437 1.029997 1.025377 1.009412 0.9663882 0.9097274 0.8247195
-9999.000 -9999.000 -9999.000 -9999.000 -9999.000 -9999.000 -9999.000 -9999.000 -9999.000 -9999.000 -9999.000 -9999.000 -9999.000 -9999.000 -9999.000 -9999.000 -9999.000 -9999.000 -9999.000 -9999.000 1.928836 1.913286 1.894687 1.862608 1.813082 1.765967 1.718814 1.688874 1.678566 1.680727 1.693215 1.522759 1.364097 1.393381 1.401218 1.318784 1.216995 1.181436 1.215291 1.233413 1.225484 1.148123 1.046063 0.9891271 0.9942933 1.009074 1.035077 1.054465 1.078853 1.099369 1.100841 1.096856 1.083994 1.073342 1.061957 1.052651 1.038711 1.019806 0.9847358
-9999.000 -9999.000 -9999.000 -9999.000 -9999.000 -9999.000 -9999.000 -9999.000 -9999.000 -9999.000 -9999.000 -9999.000 -9999.000 -9999.000 -9999.000 -9999.000 -9999.000 -9999.000 -9999.000 -9999.000 -9999.000 1.928626 1.917062 1.901475 1.867475 1.813810 1.759407 1.707878 1.671810 1.641604 1.643488 1.494080 1.178267 1.181474 1.279793 1.315226 1.210992 1.127612 1.133130 1.172255 1.210518 1.222300 1.139289 1.043690 0.9792842 0.9848827 1.005295 1.022517 1.047611 1.076895 1.101554 1.108228 1.106262 1.092479 1.078968 1.071392 1.062209 1.053851 1.042319
-9999.000 -9999.000 -9999.000 -9999.000 -9999.000 -9999.000 -9999.000 -9999.000 -9999.000 -9999.000 -9999.000 -9999.000 -9999.000 -9999.000 -9999.000 -9999.000 -9999.000 -9999.000 -9999.000 -9999.000 -9999.000 -9999.000 -9999.000 1.926784 1.897846 1.843490 1.773359 1.700026 1.633748 1.561013 1.508561 1.327431 0.9811664 0.8744992 1.032199 1.177316 1.178425 1.093111 1.058697 1.085714 1.142291 1.210415 1.206346 1.141670 1.015628 0.9591404 0.9577648 0.9734927 0.9965683 1.020702 1.053626 1.070957 1.089190 1.082041 1.069944 1.054552 1.043051 1.037795 1.033347
-9999.000 -9999.000 -9999.000 -9999.000 -9999.000 -9999.000 -9999.000 -9999.000 -9999.000 -9999.000 -9999.000 -9999.000 -9999.000 -9999.000 -9999.000 -9999.000 -9999.000 -9999.000 -9999.000 -9999.000 -9999.000 -9999.000 -9999.000 -9999.000 1.891843 1.829029 1.730356 1.625407 1.535068 1.440864 1.313975 1.102738 0.8154160 0.6325940 0.7225940 0.8578080 1.065361 1.028421 0.9807998 0.9812631 1.030508 1.104527 1.174991 1.199022 1.119260 0.9821884 0.9045904 0.9024860 0.9173608 0.9340871 0.9629757 0.9899286 1.022745 1.029759 1.021890 1.000782 0.9771509 0.9550287 0.9436732
-9999.000 -9999.000 -9999.000 -9999.000 -9999.000 -9999.000 -9999.000 -9999.000 -9999.000 -9999.000 -9999.000 -9999.000 -9999.000 -9999.000 -9999.000 -9999.000 -9999.000 -9999.000 -9999.000 -9999.000 -9999.000 -9999.000 -9999.000 -9999.000 -9999.000 -9999.000 1.646762 1.530749 1.408016 1.292622 1.078222 0.8459324 0.5733393 0.3846349 0.4472763 0.5850916 0.8097480 0.8495453 0.8212587 0.8264704 0.8723115 0.9419082 1.049588 1.121641 1.170030 1.036189 0.8828049 0.8093090 0.8102523 0.8175083 0.8441191 0.8651063 0.9001682 0.9299859 0.9352733 0.9104034 0.8977406 0.8581318 0.8409752
-9999.000 -9999.000 -9999.000 -9999.000 -9999.000 -9999.000 -9999.000 -9999.000 -9999.000 -9999.000 -9999.000 -9999.000 -9999.000 -9999.000 -9999.000 -9999.000 -9999.000 -9999.000 -9999.000 -9999.000 -9999.000 -9999.000 -9999.000 -9999.000 -9999.000 -9999.000 -9999.000 -9999.000 1.307475 1.138185 0.8736531 0.5953280 0.2848676 0.1630000 0.1827148 0.3015960 0.4113256 0.5385203 0.6141535 0.5748628 0.6056591 0.6769315 0.7912216 0.9127854 1.054646 1.038001 0.9164124 0.7482512 0.6997415 0.7039389 0.7293132 0.7488782 0.7822356 0.8210249 0.8487453 0.8572068 0.8534819 0.8367849 0.8209188
-9999.000 -9999.000 -9999.000 -9999.000 -9999.000 -9999.000 -9999.000 -9999.000 -9999.000 -9999.000 -9999.000 -9999.000 -9999.000 -9999.000 -9999.000 -9999.000 -9999.000 -9999.000 -9999.000 -9999.000 -9999.000 -9999.000 -9999.000 -9999.000 -9999.000 -9999.000 -9999.000 -9999.000 -9999.000 0.9655282 0.6433524 0.3747188 -9999.000 -9999.000 -9999.000 -9999.000 -9999.000 0.1909066 0.2840856 0.3028890 0.2620219 0.2731838 0.4245629 0.5764565 0.7790398 0.9005095 0.9292343 0.7977784 0.6423276 0.6041275 0.6414593 0.6667981 0.6977261 0.7326821 0.7790735 0.8164502 0.8407026 0.8476056 0.8469360
-9999.000 -9999.000 -9999.000 -9999.000 -9999.000 -9999.000 -9999.000 -9999.000 -9999.000 -9999.000 -9999.000 -9999.000 -9999.000 -9999.000 -9999.000 -9999.000 -9999.000 -9999.000 -9999.000 -9999.000 -9999.000 -9999.000 -9999.000 -9999.000 -9999.000 -9999.000 -9999.000 -9999.000 -9999.000 -9999.000 -9999.000 -9999.000 -9999.000 -9999.000 -9999.000 -9999.000 -9999.000 -9999.000 -9999.000 0.9233802E-01 -9999.000 0.5846217E-01 0.1144417 0.2449268 0.4195275 0.6628438 0.8069487 0.8512640 0.6873200 0.5677669 0.5525042 0.5868072 0.6244677 0.6557124 0.7081709 0.7509136 0.7997801 0.8292156 0.8530113
-9999.000 -9999.000 -9999.000 -9999.000 -9999.000 -9999.000 -9999.000 -9999.000 -9999.000 -9999.000 -9999.000 -9999.000 -9999.000 -9999.000 -9999.000 -9999.000 -9999.000 -9999.000 -9999.000 -9999.000 -9999.000 -9999.000 -9999.000 -9999.000 -9999.000 -9999.000 -9999.000 -9999.000 -9999.000 -9999.000 -9999.000 -9999.000 -9999.000 -9999.000 -9999.000 -9999.000 -9999.000 -9999.000 -9999.000 -9999.000 -9999.000 -9999.000 -9999.000 0.8999184E-01 0.2352554 0.3612082 0.5134687 0.7122622 0.6994142 0.5906603 0.4800842 0.4886638 0.5254284 0.5712802 0.6160404 0.6677965 0.7215212 0.7680904 0.8114995
-9999.000 -9999.000 -9999.000 -9999.000 -9999.000 -9999.000 -9999.000 -9999.000 -9999.000 -9999.000 -9999.000 -9999.000 -9999.000 -9999.000 -9999.000 -9999.000 -9999.000 -9999.000 -9999.000 -9999.000 -9999.000 -9999.000 -9999.000 -9999.000 -9999.000 -9999.000 -9999.000 -9999.000 -9999.000 -9999.000 -9999.000 -9999.000 -9999.000 -9999.000 -9999.000 -9999.000 -9999.000 -9999.000 -9999.000 -9999.000 -9999.000 -9999.000 -9999.000 -9999.000 0.1061669 -9999.000 0.2318036 0.3676933 0.5531166 0.5610483 0.4730651 0.4095375 0.4044845 0.4481230 0.5037871 0.5642533 0.6199808 0.6751521 0.7311796
-9999.000 -9999.000 -9999.000 -9999.000 -9999.000 -9999.000 -9999.000 -9999.000 -9999.000 -9999.000 -9999.000 -9999.000 -9999.000 -9999.000 -9999.000 -9999.000 -9999.000 -9999.000 -9999.000 -9999.000 -9999.000 -9999.000 -9999.000 -9999.000 -9999.000 -9999.000 -9999.000 -9999.000 -9999.000 -9999.000 -9999.000 -9999.000 -9999.000 -9999.000 -9999.000 -9999.000 -9999.000 -9999.000 -9999.000 -9999.000 -9999.000 -9999.000 -9999.000 -9999.000 -9999.000 -9999.000 -9999.000 0.1216754 0.2564953 0.3516641 0.4332909 0.3653195 0.3220032 0.3196377 0.3774626 0.4383558 0.5066895 0.5681857 0.6125918
-9999.000 -9999.000 -9999.000 -9999.000 -9999.000 -9999.000 -9999.000 -9999.000 -9999.000 -9999.000 -9999.000 -9999.000 -9999.000 -9999.000 -9999.000 -9999.000 -9999.000 -9999.000 -9999.000 -9999.000 -9999.000 -9999.000 -9999.000 -9999.000 -9999.000 -9999.000 -9999.000 -9999.000 -9999.000 -9999.000 -9999.000 -9999.000 -9999.000 -9999.000 -9999.000 -9999.000 -9999.000 -9999.000 -9999.000 -9999.000 -9999.000 -9999.000 -9999.000 -9999.000 -9999.000 -9999.000 -9999.000 -9999.000 -9999.000 0.1314264 0.2299670 0.2865674 0.2627590 0.2294745 0.2465884 0.2786463 0.3402215 0.4055912 0.4625883
-9999.000 -9999.000 -9999.000 -9999.000 -9999.000 -9999.000 -9999.000 -9999.000 -9999.000 -9999.000 -9999.000 -9999.000 -9999.000 -9999.000 -9999.000 -9999.000 -9999.000 -9999.000 -9999.000 -9999.000 -9999.000 -9999.000 -9999.000 -9999.000 -9999.000 -9999.000 -9999.000 -9999.000 -9999.000 -9999.000 -9999.000 -9999.000 -9999.000 -9999.000 -9999.000 -9999.000 -9999.000 -9999.000 -9999.000 -9999.000 -9999.000 -9999.000 -9999.000 -9999.000 -9999.000 -9999.000 -9999.000 -9999.000 -9999.000 -9999.000 0.6189717E-01 0.1314980 0.1719390 0.1618937 0.1483460 0.1580162 0.1849034 0.2438658 0.2981354
-9999.000 -9999.000 -9999.000 -9999.000 -9999.000 -9999.000 -9999.000 -9999.000 -9999.000 -9999.000 -9999.000 -9999.000 -9999.000 -9999.000 -9999.000 -9999.000 -9999.000 -9999.000 -9999.000 -9999.000 -9999.000 -9999.000 -9999.000 -9999.000 -9999.000 -9999.000 -9999.000 -9999.000 -9999.000 -9999.000 -9999.000 -9999.000 -9999.000 -9999.000 -9999.000 -9999.000 -9999.000 -9999.000 -9999.000 -9999.000 -9999.000 -9999.000 -9999.000 -9999.000 -9999.000 -9999.000 -9999.000 -9999.000 -9999.000 -9999.000 -9999.000 -9999.000 0.7893253E-01 0.9632565E-01 0.9463648E-01 0.9147406E-01 0.9643070E-01 0.1279492 0.1656582
-9999.000 -9999.000 -9999.000 -9999.000 -9999.000 -9999.000 -9999.000 -9999.000 -9999.000 -9999.000 -9999.000 -9999.000 -9999.000 -9999.000 -9999.000 -9999.000 -9999.000 -9999.000 -9999.000 -9999.000 -9999.000 -9999.000 -9999.000 -9999.000 -9999.000 -9999.000 -9999.000 -9999.000 -9999.000 -9999.000 -9999.000 -9999.000 -9999.000 -9999.000 -9999.000 -9999.000 -9999.000 -9999.000 -9999.000 -9999.000 -9999.000 -9999.000 -9999.000 -9999.000 -9999.000 -9999.000 -9999.000 -9999.000 -9999.000 -9999.000 -9999.000 -9999.000 -9999.000 0.4673326E-01 0.6119482E-01 0.6183670E-01 0.5787747E-01 0.7114357E-01 0.8763524E-01
