simulation_files/asc/Depth____286.0.asc
NCOLS        79
NROWS        79
XLLCENTER         -1.500000
YLLCENTER         -4.800000
CELLSIZE           0.100
NODATA_VALUE     -9999.0
[rows 0 to 25 of 79, columns 0 to 58 of 79]
-9999.000 -9999.000 -9999.000 -9999.000 -9999.000 -9999.000 -9999.000 -9999.000 -9999.000 -9999.000 -9999.000 -9999.000 -9999.000 -9999.000 -9999.000 0.7109899 0.7114556 0.7115848 0.7115058 0.7113030 0.7110437 0.7107559 0.7104595 0.7101750 0.7099032 0.7096508 0.7094152 0.7091650 0.7087911 0.7087501 0.7087501 -9999.000 -9999.000 -9999.000 -9999.000 -9999.000 -9999.000 -9999.000 -9999.000 -9999.000 -9999.000 -9999.000 -9999.000 -9999.000 -9999.000 -9999.000 -9999.000 -9999.000 -9999.000 -9999.000 -9999.000 -9999.000 -9999.000 -9999.000 -9999.000 -9999.000 -9999.000 -9999.000 -9999.000
-9999.000 -9999.000 -9999.000 -9999.000 -9999.000 -9999.000 -9999.000 -9999.000 -9999.000 -9999.000 -9999.000 -9999.000 -9999.000 -9999.000 -9999.000 0.7127671 0.7131986 0.7133038 0.7132378 0.7130740 0.7128692 0.7126452 0.7124178 0.7122027 0.7119997 0.7118133 0.7116409 0.7114540 0.7111553 0.7111993 0.7111993 -9999.000 -9999.000 -9999.000 -9999.000 -9999.000 -9999.000 -9999.000 -9999.000 -9999.000 -9999.000 -9999.000 -9999.000 -9999.000 -9999.000 -9999.000 -9999.000 -9999.000 -9999.000 -9999.000 -9999.000 -9999.000 -9999.000 -9999.000 -9999.000 -9999.000 -9999.000 -9999.000 -9999.000
-9999.000 -9999.000 -9999.000 -9999.000 -9999.000 -9999.000 -9999.000 -9999.000 -9999.000 -9999.000 -9999.000 -9999.000 -9999.000 -9999.000 -9999.000 0.7146794 0.7151451 0.7152602 0.7152008 0.7150425 0.7148442 0.7146282 0.7144099 0.7142053 0.7140128 0.7138366 0.7136723 0.7134893 0.7131841 0.7132241 0.7132241 -9999.000 -9999.000 -9999.000 -9999.000 -9999.000 -9999.000 -9999.000 -9999.000 -9999.000 -9999.000 -9999.000 -9999.000 -9999.000 -9999.000 -9999.000 -9999.000 -9999.000 -9999.000 -9999.000 -9999.000 -9999.000 -9999.000 -9999.000 -9999.000 -9999.000 -9999.000 -9999.000 -9999.000
-9999.000 -9999.000 -9999.000 -9999.000 -9999.000 -9999.000 -9999.000 -9999.000 -9999.000 -9999.000 -9999.000 -9999.000 -9999.000 -9999.000 -9999.000 0.7166429 0.7171295 0.7172495 0.7171908 0.7170318 0.7168329 0.7166166 0.7163986 0.7161952 0.7160039 0.7158287 0.7156647 0.7154789 0.7151610 0.7151794 0.7151794 -9999.000 -9999.000 -9999.000 -9999.000 -9999.000 -9999.000 -9999.000 -9999.000 -9999.000 -9999.000 -9999.000 -9999.000 -9999.000 -9999.000 -9999.000 -9999.000 -9999.000 -9999.000 -9999.000 -9999.000 -9999.000 -9999.000 -9999.000 -9999.000 -9999.000 -9999.000 -9999.000 -9999.000
-9999.000 -9999.000 -9999.000 -9999.000 -9999.000 -9999.000 -9999.000 -9999.000 -9999.000 -9999.000 -9999.000 -9999.000 -9999.000 -9999.000 -9999.000 0.7186268 0.7191290 0.7192513 0.7191904 0.7190272 0.7188243 0.7186038 0.7183821 0.7181757 0.7179813 0.7178031 0.7176357 0.7174433 0.7171077 0.7170903 0.7170903 -9999.000 -9999.000 -9999.000 -9999.000 -9999.000 -9999.000 -9999.000 -9999.000 -9999.000 -9999.000 -9999.000 -9999.000 -9999.000 -9999.000 -9999.000 -9999.000 -9999.000 -9999.000 -9999.000 -9999.000 -9999.000 -9999.000 -9999.000 -9999.000 -9999.000 -9999.000 -9999.000 -9999.000
-9999.000 -9999.000 -9999.000 -9999.000 -9999.000 -9999.000 -9999.000 -9999.000 -9999.000 -9999.000 -9999.000 -9999.000 -9999.000 -9999.000 -9999.000 0.7206175 0.7211326 0.7212557 0.7211908 0.7210218 0.7208132 0.7205868 0.7203593 0.7201480 0.7199484 0.7197653 0.7195925 0.7193911 0.7190331 0.7189658 0.7189658 -9999.000 -9999.000 -9999.000 -9999.000 -9999.000 -9999.000 -9999.000 -9999.000 -9999.000 -9999.000 -9999.000 -9999.000 -9999.000 -9999.000 -9999.000 -9999.000 -9999.000 -9999.000 -9999.000 -9999.000 -9999.000 -9999.000 -9999.000 -9999.000 -9999.000 -9999.000 -9999.000 -9999.000
-9999.000 -9999.000 -9999.000 -9999.000 -9999.000 -9999.000 -9999.000 -9999.000 -9999.000 -9999.000 -9999.000 -9999.000 -9999.000 -9999.000 -9999.000 0.7226088 0.7231354 0.7232578 0.7231878 0.7230119 0.7227966 0.7225634 0.7223292 0.7221122 0.7219064 0.7217172 0.7215377 0.7213253 0.7209404 0.7208065 0.7208065 -9999.000 -9999.000 -9999.000 -9999.000 -9999.000 -9999.000 -9999.000 -9999.000 -9999.000 -9999.000 -9999.000 -9999.000 -9999.000 -9999.000 -9999.000 -9999.000 -9999.000 -9999.000 -9999.000 -9999.000 -9999.000 -9999.000 -9999.000 -9999.000 -9999.000 -9999.000 -9999.000 -9999.000
-9999.000 -9999.000 -9999.000 -9999.000 -9999.000 -9999.000 -9999.000 -9999.000 -9999.000 -9999.000 -9999.000 -9999.000 -9999.000 -9999.000 -9999.000 0.7245972 0.7251344 0.7252551 0.7251787 0.7249951 0.7247728 0.7245321 0.7242908 0.7240677 0.7238548 0.7236589 0.7234717 0.7232465 0.7228292 0.7226080 0.7226080 -9999.000 -9999.000 -9999.000 -9999.000 -9999.000 -9999.000 -9999.000 -9999.000 -9999.000 -9999.000 -9999.000 -9999.000 -9999.000 -9999.000 -9999.000 -9999.000 -9999.000 -9999.000 -9999.000 -9999.000 -9999.000 -9999.000 -9999.000 -9999.000 -9999.000 -9999.000 -9999.000 -9999.000
-9999.000 -9999.000 -9999.000 -9999.000 -9999.000 -9999.000 -9999.000 -9999.000 -9999.000 -9999.000 -9999.000 -9999.000 -9999.000 -9999.000 -9999.000 0.7265807 0.7271280 0.7272455 0.7271618 0.7269697 0.7267398 0.7264915 0.7262425 0.7260129 0.7257925 0.7255893 0.7253936 0.7251534 0.7246975 0.7243612 0.7243612 -9999.000 -9999.000 -9999.000 -9999.000 -9999.000 -9999.000 -9999.000 -9999.000 -9999.000 -9999.000 -9999.000 -9999.000 -9999.000 -9999.000 -9999.000 -9999.000 -9999.000 -9999.000 -9999.000 -9999.000 -9999.000 -9999.000 -9999.000 -9999.000 -9999.000 -9999.000 -9999.000 -9999.000
-9999.000 -9999.000 -9999.000 -9999.000 -9999.000 -9999.000 -9999.000 -9999.000 -9999.000 -9999.000 -9999.000 -9999.000 -9999.000 -9999.000 -9999.000 0.7285575 0.7291145 0.7292276 0.7291352 0.7289338 0.7286959 0.7284394 0.7281825 0.7279465 0.7277179 0.7275068 0.7273015 0.7270438 0.7265416 0.7260522 0.7260522 -9999.000 -9999.000 -9999.000 -9999.000 -9999.000 -9999.000 -9999.000 -9999.000 -9999.000 -9999.000 -9999.000 -9999.000 -9999.000 -9999.000 -9999.000 -9999.000 -9999.000 -9999.000 -9999.000 -9999.000 -9999.000 -9999.000 -9999.000 -9999.000 -9999.000 -9999.000 -9999.000 -9999.000
-9999.000 -9999.000 -9999.000 -9999.000 -9999.000 -9999.000 -9999.000 -9999.000 -9999.000 -9999.000 -9999.000 -9999.000 -9999.000 -9999.000 -9999.000 0.7305255 0.7310922 0.7311992 0.7310967 0.7308850 0.7306389 0.7303737 0.7301086 0.7298658 0.7296286 0.7294088 0.7291929 0.7289145 0.7283567 0.7276605 0.7276605 -9999.000 -9999.000 -9999.000 -9999.000 -9999.000 -9999.000 -9999.000 -9999.000 -9999.000 -9999.000 -9999.000 -9999.000 -9999.000 -9999.000 -9999.000 -9999.000 -9999.000 -9999.000 -9999.000 -9999.000 -9999.000 -9999.000 -9999.000 -9999.000 -9999.000 -9999.000 -9999.000 -9999.000
-9999.000 -9999.000 -9999.000 -9999.000 -9999.000 -9999.000 -9999.000 -9999.000 -9999.000 -9999.000 -9999.000 -9999.000 -9999.000 -9999.000 -9999.000 0.7324820 0.7330586 0.7331579 0.7330438 0.7328207 0.7325658 0.7322916 0.7320177 0.7317682 0.7315212 0.7312921 0.7310639 0.7307608 0.7301350 0.7291554 0.7291554 -9999.000 -9999.000 -9999.000 -9999.000 -9999.000 -9999.000 -9999.000 -9999.000 -9999.000 -9999.000 -9999.000 -9999.000 -9999.000 -9999.000 -9999.000 -9999.000 -9999.000 -9999.000 -9999.000 -9999.000 -9999.000 -9999.000 -9999.000 -9999.000 -9999.000 -9999.000 -9999.000 -9999.000
-9999.000 -9999.000 -9999.000 -9999.000 -9999.000 -9999.000 -9999.000 -9999.000 -9999.000 -9999.000 -9999.000 -9999.000 -9999.000 -9999.000 -9999.000 0.7344224 0.7350100 0.7351000 0.7349725 0.7347369 0.7344727 0.7341889 0.7339057 0.7336491 0.7333913 0.7331515 0.7329089 0.7325755 0.7318659 0.7304890 0.7304890 -9999.000 -9999.000 -9999.000 -9999.000 -9999.000 -9999.000 -9999.000 -9999.000 -9999.000 -9999.000 -9999.000 -9999.000 -9999.000 -9999.000 -9999.000 -9999.000 -9999.000 -9999.000 -9999.000 -9999.000 -9999.000 -9999.000 -9999.000 -9999.000 -9999.000 -9999.000 -9999.000 -9999.000
-9999.000 -9999.000 -9999.000 -9999.000 -9999.000 -9999.000 -9999.000 -9999.000 -9999.000 -9999.000 -9999.000 -9999.000 -9999.000 -9999.000 -9999.000 0.7362483 0.7368792 0.7369975 0.7368881 0.7366453 0.7363735 0.7360792 0.7357846 0.7355185 0.7352457 0.7349915 0.7347296 0.7343569 0.7335413 0.7315959 0.7315959 -9999.000 -9999.000 -9999.000 -9999.000 -9999.000 -9999.000 -9999.000 -9999.000 -9999.000 -9999.000 -9999.000 -9999.000 -9999.000 -9999.000 -9999.000 -9999.000 -9999.000 -9999.000 -9999.000 -9999.000 -9999.000 -9999.000 -9999.000 -9999.000 -9999.000 -9999.000 -9999.000 -9999.000
-9999.000 -9999.000 -9999.000 -9999.000 -9999.000 -9999.000 -9999.000 -9999.000 -9999.000 -9999.000 -9999.000 -9999.000 -9999.000 -9999.000 -9999.000 0.7295222 0.7360125 0.7393322 0.7407312 0.7405238 0.7399714 0.7393822 0.7388019 0.7382797 0.7377759 0.7373235 0.7368864 0.7363252 0.7351977 0.7316968 0.7316968 -9999.000 -9999.000 -9999.000 -9999.000 -9999.000 -9999.000 -9999.000 -9999.000 -9999.000 -9999.000 -9999.000 -9999.000 -9999.000 -9999.000 -9999.000 -9999.000 -9999.000 -9999.000 -9999.000 -9999.000 -9999.000 -9999.000 -9999.000 -9999.000 -9999.000 -9999.000 -9999.000 -9999.000
0.8146939 0.8146939 0.8148015 0.8035924 0.7954124 0.7954124 0.7918588 0.7864572 0.7864572 0.7821505 0.7821505 0.7785739 0.7769852 0.7755001 0.7740417 0.7740417 0.7422026 0.7408675 0.7394039 0.7397308 0.7410135 0.7427071 0.7448952 0.7476956 0.7503288 0.7529134 0.7549281 0.7548935 0.7485886 0.7195634 0.7195634 0.5078902 0.4705622 0.4478367 0.4401652 0.4401652 0.4279071 0.4279071 0.4291409 0.4291409 0.4394258 0.4868189 0.4868189 0.5858566 0.5858566 0.6465552 0.6465552 0.6465552 0.6480510 0.6480510 0.6380271 0.6380271 0.6237860 0.6237860 0.6088010 0.6088010 0.5949302 0.5949302 0.5949302
0.8116660 0.8116660 0.8131559 0.8015241 0.7945495 0.7945495 0.7908278 0.7853658 0.7853658 0.7810715 0.7810715 0.7775121 0.7759315 0.7744542 0.7730043 0.7730043 0.7454904 0.7399029 0.7348667 0.7309595 0.7279806 0.7257985 0.7245384 0.7243396 0.7249528 0.7263867 0.7284035 0.7303261 0.7303475 0.7200285 0.7200285 0.5769210 0.5218215 0.4669521 0.4514038 0.4514038 0.4331155 0.4331155 0.4335447 0.4335447 0.4432387 0.4849672 0.4849672 0.5621275 0.5621275 0.6422198 0.6422198 0.6422198 0.6472895 0.6472895 0.6381666 0.6381666 0.6241896 0.6241896 0.6093799 0.6093799 0.5955774 0.5955774 0.5955774
0.8100830 0.8100830 0.8127607 0.8009523 0.7947221 0.7947221 0.7908950 0.7853321 0.7853321 0.7810245 0.7810245 0.7774618 0.7758789 0.7743990 0.7729387 0.7729387 0.7480001 0.7388216 0.7303578 0.7230320 0.7169137 0.7119552 0.7082003 0.7057322 0.7044232 0.7042447 0.7050526 0.7063689 0.7068166 0.7005576 0.7005576 0.6105444 0.5538485 0.4852604 0.4644718 0.4644718 0.4425738 0.4425738 0.4470004 0.4470004 0.4591172 0.4983076 0.4983076 0.5555421 0.5555421 0.6331728 0.6331728 0.6331728 0.6433491 0.6433491 0.6366177 0.6366177 0.6235617 0.6235617 0.6091194 0.6091194 0.5955227 0.5955227 0.5955227
0.8090104 0.8090104 0.8123419 0.8006114 0.7948946 0.7948946 0.7910023 0.7853346 0.7853346 0.7810169 0.7810169 0.7774578 0.7758760 0.7743964 0.7729210 0.7729210 0.7495700 0.7373261 0.7255877 0.7150187 0.7059086 0.6983244 0.6922944 0.6878450 0.6848736 0.6832957 0.6829716 0.6835369 0.6839593 0.6800285 0.6800285 0.6233644 0.5734632 0.5027853 0.4802347 0.4802347 0.4603455 0.4603455 0.4726767 0.4726767 0.4870748 0.5198758 0.5198758 0.5559339 0.5559339 0.6191534 0.6191534 0.6191534 0.6342900 0.6342900 0.6316969 0.6316969 0.6208497 0.6208497 0.6075391 0.6075391 0.5946661 0.5946661 0.5946661
0.8088545 0.8088545 0.8114777 0.8004757 0.7950706 0.7950706 0.7911211 0.7853475 0.7853475 0.7810144 0.7810144 0.7774551 0.7758730 0.7743927 0.7728929 0.7728929 0.7498105 0.7348672 0.7200913 0.7064611 0.6944507 0.6842474 0.6759181 0.6694797 0.6648524 0.6619268 0.6605486 0.6604070 0.6607090 0.6584467 0.6584467 0.6228149 0.5823278 0.5177039 0.4979034 0.4979034 0.4888867 0.4888867 0.5105321 0.5105321 0.5240557 0.5442513 0.5442513 0.5600542 0.5600542 0.6031863 0.6031863 0.6031863 0.6209531 0.6209531 0.6232486 0.6232486 0.6158892 0.6158892 0.6046706 0.6046706 0.5931779 0.5931779 0.5931779
0.8084764 0.8084764 0.8118383 0.8004732 0.7952307 0.7952307 0.7912261 0.7853597 0.7853597 0.7810124 0.7810124 0.7774524 0.7758697 0.7743891 0.7728538 0.7728538 0.7484343 0.7309453 0.7133546 0.6968896 0.6821533 0.6694260 0.6588231 0.6503778 0.6440392 0.6397048 0.6372226 0.6363248 0.6363961 0.6353137 0.6353137 0.6133904 0.5827392 0.5313137 0.5200362 0.5200362 0.5303728 0.5303728 0.5555813 0.5555813 0.5632860 0.5668792 0.5668792 0.5659774 0.5659774 0.5885475 0.5885475 0.5885475 0.6054590 0.6054590 0.6118323 0.6118323 0.6086528 0.6086528 0.6004303 0.6004303 0.5910512 0.5910512 0.5910512
0.8082111 0.8082111 0.8119632 0.8004967 0.7953305 0.7953305 0.7912863 0.7853604 0.7853604 0.7810080 0.7810080 0.7774506 0.7758682 0.7743880 0.7728022 0.7728022 0.7451553 0.7250679 0.7048177 0.6857504 0.6685259 0.6534686 0.6407253 0.6303467 0.6223070 0.6165258 0.6128706 0.6111185 0.6108039 0.6104857 0.6104857 0.5977920 0.5769853 0.5482452 0.5525929 0.5525929 0.5831773 0.5831773 0.5992898 0.5992898 0.5978146 0.5856822 0.5856822 0.5727195 0.5727195 0.5772306 0.5772306 0.5772306 0.5900928 0.5900928 0.5985377 0.5985377 0.5993713 0.5993713 0.5947725 0.5947725 0.5882280 0.5882280 0.5882280
0.8081136 0.8081136 0.8120060 0.8005104 0.7953695 0.7953695 0.7913101 0.7853593 0.7853593 0.7810045 0.7810045 0.7774494 0.7758679 0.7743881 0.7727311 0.7727311 0.7395953 0.7166865 0.6938517 0.6724035 0.6529707 0.6358624 0.6212203 0.6090952 0.5994735 0.5922953 0.5874550 0.5847788 0.5839379 0.5840901 0.5840901 0.5780784 0.5680891 0.5769289 0.6017059 0.6017059 0.6385652 0.6385652 0.6344835 0.6344835 0.6242981 0.6007320 0.6007320 0.5797901 0.5797901 0.5697647 0.5697647 0.5697647 0.5765902 0.5765902 0.5847126 0.5847126 0.5885920 0.5885920 0.5878054 0.5878054 0.5846918 0.5846918 0.5846918
0.8082111 0.8082111 0.8119633 0.8004967 0.7953305 0.7953305 0.7912863 0.7853603 0.7853603 0.7810079 0.7810079 0.7774506 0.7758681 0.7743881 0.7726311 0.7726311 0.7312014 0.7051152 0.6797069 0.6560931 0.6347725 0.6159696 0.5997742 0.5862058 0.5752427 0.5668327 0.5608942 0.5573017 0.5558771 0.5564960 0.5564960 0.5566793 0.5617734 0.6264487 0.6655738 0.6655738 0.6843567 0.6843567 0.6593046 0.6593046 0.6434305 0.6129832 0.6129832 0.5868832 0.5868832 0.5657097 0.5657097 0.5657097 0.5658690 0.5658690 0.5716431 0.5716431 0.5771269 0.5771269 0.5798558 0.5798558 0.5805291 0.5805291 0.5805291
0.8084764 0.8084764 0.8118383 0.8004734 0.7952306 0.7952306 0.7912260 0.7853597 0.7853597 0.7810124 0.7810124 0.7774524 0.7758696 0.7743891 0.7724935 0.7724935 0.7191172 0.6894099 0.6614207 0.6358878 0.6130648 0.5930132 0.5757160 0.5611261 0.5491869 0.5398369 0.5330068 0.5286186 0.5267296 0.5286017 0.5286017 0.5383601 0.5699118 0.6958863 0.7288359 0.7288359 0.7143407 0.7143407 0.6761655 0.6761655 0.6574231 0.6231624 0.6231624 0.5936313 0.5936313 0.5641713 0.5641713 0.5641713 0.5580792 0.5580792 0.5602908 0.5602908 0.5659178 0.5659178 0.5714673 0.5714673 0.5759604 0.5759604 0.5759604
0.8088546 0.8088546 0.8114776 0.8004760 0.7950706 0.7950706 0.7911210 0.7853475 0.7853475 0.7810144 0.7810144 0.7774553 0.7758728 0.7743928 0.7723058 0.7723058 0.7019594 0.6681781 0.6376758 0.6105818 0.5867651 0.5660365 0.5482163 0.5331543 0.5207339 0.5108658 0.5034795 0.4985603 0.4967508 0.5032090 0.5032090 0.5349096 0.6107298 0.7653377 0.7721775 0.7721775 0.7315161 0.7315161 0.6879737 0.6879737 0.6679862 0.6315717 0.6315717 0.5996730 0.5996730 0.5642266 0.5642266 0.5642266 0.5528833 0.5528833 0.5511909 0.5511909 0.5558657 0.5558657 0.5633507 0.5633507 0.5713593 0.5713593 0.5713593
