simulation_files/asc/Depth____117.0.asc
NCOLS       411
NROWS       131
XLLCENTER    2538020.000000
YLLCENTER    1152390.000000
CELLSIZE           1.000
NODATA_VALUE     -9999.0
[rows 0 to 25 of 131, columns 236 to 294 of 411]
-9999.000 -9999.000 -9999.000 -9999.000 -9999.000 -9999.000 -9999.000 -9999.000 -9999.000 -9999.000 -9999.000 -9999.000 -9999.000 -9999.000 -9999.000 -9999.000 -9999.000 -9999.000 -9999.000 -9999.000 -9999.000 -9999.000 -9999.000 -9999.000 -9999.000 -9999.000 -9999.000 -9999.000 -9999.000 -9999.000 -9999.000 -9999.000 -9999.000 -9999.000 -9999.000 -9999.000 -9999.000 -9999.000 -9999.000 -9999.000 -9999.000 -9999.000 -9999.000 -9999.000 -9999.000 -9999.000 -9999.000 -9999.000 -9999.000 -9999.000 -9999.000 -9999.000 -9999.000 -9999.000 -9999.000 -9999.000 -9999.000 -9999.000 -9999.000
0.2376482E-01 -9999.000 -9999.000 -9999.000 -9999.000 -9999.000 -9999.000 -9999.000 -9999.000 -9999.000 -9999.000 -9999.000 -9999.000 -9999.000 -9999.000 -9999.000 -9999.000 -9999.000 -9999.000 -9999.000 -9999.000 -9999.000 -9999.000 -9999.000 -9999.000 -9999.000 -9999.000 -9999.000 -9999.000 -9999.000 -9999.000 -9999.000 -9999.000 -9999.000 -9999.000 -9999.000 -9999.000 -9999.000 -9999.000 -9999.000 -9999.000 -9999.000 -9999.000 -9999.000 -9999.000 -9999.000 -9999.000 -9999.000 -9999.000 -9999.000 -9999.000 -9999.000 -9999.000 -9999.000 -9999.000 -9999.000 -9999.000 -9999.000 -9999.000
0.1456933 0.5310960E-01 -9999.000 -9999.000 -9999.000 -9999.000 -9999.000 -9999.000 -9999.000 -9999.000 -9999.000 -9999.000 -9999.000 -9999.000 -9999.000 -9999.000 -9999.000 -9999.000 -9999.000 -9999.000 -9999.000 -9999.000 -9999.000 -9999.000 -9999.000 -9999.000 -9999.000 -9999.000 -9999.000 -9999.000 -9999.000 -9999.000 -9999.000 -9999.000 -9999.000 -9999.000 -9999.000 -9999.000 -9999.000 -9999.000 -9999.000 -9999.000 -9999.000 -9999.000 -9999.000 -9999.000 -9999.000 -9999.000 -9999.000 -9999.000 -9999.000 -9999.000 -9999.000 -9999.000 -9999.000 -9999.000 -9999.000 -9999.000 -9999.000
0.3605890 0.2414815 0.1848271 0.1589413 0.1387186 -9999.000 -9999.000 -9999.000 -9999.000 -9999.000 -9999.000 -9999.000 -9999.000 -9999.000 -9999.000 -9999.000 -9999.000 -9999.000 -9999.000 0.8742603E-01 0.1023430 0.1075131 0.1051514 0.1020643 -9999.000 -9999.000 -9999.000 -9999.000 -9999.000 -9999.000 -9999.000 -9999.000 -9999.000 -9999.000 -9999.000 -9999.000 -9999.000 -9999.000 -9999.000 -9999.000 -9999.000 -9999.000 -9999.000 -9999.000 -9999.000 -9999.000 -9999.000 -9999.000 -9999.000 -9999.000 -9999.000 -9999.000 -9999.000 -9999.000 -9999.000 -9999.000 -9999.000 -9999.000 -9999.000
0.6797618 0.5766700 0.4794480 0.4465346 0.3785238 0.2687276 0.1654049 0.1081440 -9999.000 -9999.000 -9999.000 -9999.000 -9999.000 0.1027073E-01 -9999.000 -9999.000 0.3434453E-01 0.9956431E-01 0.1795526 0.2161950 0.2625944 0.2900158 0.2733554 0.2462354 0.2106050 0.1452116 -9999.000 -9999.000 -9999.000 -9999.000 -9999.000 -9999.000 -9999.000 -9999.000 -9999.000 -9999.000 -9999.000 -9999.000 -9999.000 -9999.000 -9999.000 -9999.000 -9999.000 -9999.000 -9999.000 -9999.000 -9999.000 -9999.000 -9999.000 -9999.000 -9999.000 -9999.000 -9999.000 -9999.000 -9999.000 -9999.000 -9999.000 -9999.000 -9999.000
1.029731 0.9330078 0.8469044 0.7760595 0.6804397 0.5524246 0.4199265 0.3170255 0.2017753 0.1207124 0.1017221 0.1658002 0.2112557 0.2316059 0.2239824 0.1629107 0.1484836 0.2420967 0.3449518 0.4225765 0.4896591 0.4995871 0.4792612 0.4477042 0.4007479 0.2954148 0.1773659 -9999.000 -9999.000 -9999.000 -9999.000 0.1120519 0.1342944 0.1124567 0.7315889E-01 -9999.000 -9999.000 -9999.000 -9999.000 -9999.000 -9999.000 -9999.000 -9999.000 -9999.000 -9999.000 -9999.000 -9999.000 -9999.000 -9999.000 -9999.000 -9999.000 -9999.000 -9999.000 -9999.000 -9999.000 -9999.000 -9999.000 -9999.000 -9999.000
1.378743 1.278803 1.177791 1.106796 0.9882290 0.8640951 0.7421704 0.6419569 0.5313147 0.3814079 0.3147454 0.4248240 0.5038958 0.5507088 0.5044891 0.4053529 0.3871211 0.4808368 0.5639439 0.6358838 0.6976183 0.7093031 0.6866052 0.6589005 0.5998865 0.4855142 0.3651817 0.2956791 0.2572972 0.2305697 0.2388166 0.2679505 0.2703943 0.2316081 0.1848433 0.1229464 -9999.000 -9999.000 -9999.000 -9999.000 -9999.000 -9999.000 -9999.000 -9999.000 -9999.000 -9999.000 -9999.000 -9999.000 -9999.000 -9999.000 -9999.000 -9999.000 -9999.000 -9999.000 -9999.000 -9999.000 -9999.000 -9999.000 -9999.000
1.702654 1.601078 1.513586 1.419560 1.301400 1.189129 1.074485 0.9510946 0.8459313 0.7387740 0.6603675 0.7541187 0.8490737 0.8519047 0.7875131 0.6953162 0.6686578 0.7066991 0.7823719 0.8478328 0.9125149 0.9115115 0.8845470 0.8719581 0.7991627 0.6881882 0.5845838 0.5553485 0.5307520 0.5100869 0.4948886 0.5183196 0.4962994 0.4348711 0.3541132 0.2396723 0.1580847 0.1022192 0.9097449E-01 0.6161724E-01 0.3180253E-01 -9999.000 -9999.000 -9999.000 -9999.000 -9999.000 -9999.000 -9999.000 -9999.000 -9999.000 -9999.000 -9999.000 -9999.000 -9999.000 -9999.000 -9999.000 -9999.000 -9999.000 -9999.000
1.943680 1.844653 1.761057 1.657072 1.539918 1.427158 1.316015 1.181096 1.062791 0.9644324 0.8861043 0.9510734 1.022250 1.003364 0.9449206 0.8831861 0.8674753 0.9037469 0.9739276 1.041517 1.077223 1.068907 1.041733 1.010127 0.9570050 0.8772081 0.8218332 0.7968696 0.7815355 0.7638487 0.7613132 0.7437511 0.6952482 0.6193848 0.5332303 0.4097106 0.3011937 0.2588477 0.2254012 0.1551425 0.9495722E-01 0.8796464E-01 0.7684957E-01 0.6319119E-01 0.8227140E-01 0.8489771E-01 0.5999201E-01 0.3790703E-01 0.2801301E-01 0.1762555E-01 -9999.000 -9999.000 -9999.000 -9999.000 -9999.000 -9999.000 -9999.000 -9999.000 -9999.000
2.045024 1.959935 1.867605 1.763468 1.654493 1.547844 1.428942 1.298233 1.169774 1.059165 0.9880070 0.9961236 1.039986 1.039023 1.034031 1.024006 1.042184 1.073293 1.122967 1.170264 1.177167 1.161240 1.134962 1.114736 1.076436 1.025421 0.9942242 0.9788723 0.9672884 0.9541623 0.9511790 0.9210548 0.8662785 0.7908456 0.7167952 0.5935165 0.4867119 0.4255112 0.3535540 0.2823071 0.2401039 0.2372380 0.2186726 0.1953763 0.1726047 0.1513257 0.1217322 0.9987814E-01 0.7950869E-01 0.5615810E-01 0.3962137E-01 -9999.000 -9999.000 -9999.000 -9999.000 -9999.000 -9999.000 -9999.000 -9999.000
2.024684 1.926373 1.820722 1.714553 1.611348 1.506036 1.408866 1.305329 1.202034 1.108367 1.034100 1.002154 1.014287 1.057971 1.122846 1.187583 1.220892 1.215454 1.212992 1.229057 1.234277 1.213528 1.192700 1.183046 1.162376 1.133882 1.110266 1.095354 1.077975 1.069219 1.055282 1.024055 0.9751292 0.9189874 0.8185022 0.6839604 0.5749602 0.4988259 0.4370887 0.3944519 0.3737780 0.3517287 0.3274261 0.3014016 0.2818455 0.2531551 0.2211950 0.1972196 0.1755730 0.1480224 0.1204534 0.1097122 0.8417589E-01 0.6822783E-01 -9999.000 -9999.000 -9999.000 -9999.000 -9999.000
1.817452 1.681737 1.566081 1.483154 1.394193 1.331187 1.279491 1.226446 1.166240 1.112174 1.063592 1.035888 1.051307 1.112247 1.223047 1.327322 1.356481 1.327973 1.278555 1.267017 1.274801 1.252171 1.227783 1.223615 1.212528 1.191774 1.174519 1.153823 1.134632 1.120736 1.097304 1.051647 0.9891461 0.8978715 0.7792646 0.6664895 0.5911770 0.5393515 0.4984584 0.4649539 0.4422651 0.4186808 0.3970726 0.3809753 0.3688530 0.3505025 0.3293416 0.3137364 0.3027834 0.2868528 0.2811242 0.2699393 0.2484517 0.2291759 0.2436903 0.2447663 0.2451612 0.2625892 0.2714126
1.467254 1.376806 1.340510 1.313173 1.289254 1.268905 1.249736 1.230088 1.216352 1.186860 1.157600 1.147781 1.167763 1.223175 1.328107 1.433661 1.455189 1.406443 1.329112 1.297611 1.303881 1.287381 1.264527 1.255365 1.240486 1.219943 1.195826 1.171672 1.150473 1.120696 1.064607 0.9807888 0.8584254 0.7445713 0.6607561 0.6103988 0.5775604 0.5548930 0.5332638 0.5125354 0.4996945 0.4839482 0.4701082 0.4697075 0.4619447 0.4550445 0.4474771 0.4529192 0.4445348 0.4378244 0.4391428 0.4461200 0.4411421 0.4438346 0.4681694 0.4729659 0.4836725 0.5036237 0.5058530
1.364116 1.383210 1.391149 1.388903 1.395280 1.393010 1.381301 1.375132 1.363555 1.345630 1.330503 1.350435 1.366435 1.422233 1.509415 1.553234 1.524458 1.460798 1.385881 1.350658 1.337141 1.315141 1.300461 1.283622 1.260363 1.233685 1.204870 1.168540 1.113158 1.012800 0.9053531 0.7965498 0.7048432 0.6446000 0.6135718 0.5986387 0.5893995 0.5799737 0.5720663 0.5686300 0.5649765 0.5573579 0.5510904 0.5571256 0.5576136 0.5582456 0.5678386 0.5738460 0.5757012 0.5780614 0.5938985 0.6015895 0.6047141 0.6219360 0.6332111 0.6394549 0.6454010 0.6644439 0.6722559
1.409737 1.439170 1.464261 1.477626 1.494171 1.505722 1.508960 1.511356 1.518011 1.519359 1.538386 1.571422 1.613783 1.710801 1.822514 1.673300 1.538283 1.463814 1.407890 1.380407 1.358069 1.341577 1.325379 1.301887 1.271343 1.227280 1.166837 1.078951 0.9478993 0.8246696 0.7371449 0.6818259 0.6556550 0.6452823 0.6392776 0.6375493 0.6359023 0.6307411 0.6273748 0.6332893 0.6324400 0.6312857 0.6321669 0.6434979 0.6473225 0.6548390 0.6716745 0.6801939 0.6899243 0.7045378 0.7271942 0.7370516 0.7424270 0.7504256 0.7612124 0.7625794 0.7700629 0.7773522 0.7746197
1.386487 1.426213 1.468739 1.502551 1.536017 1.567706 1.590547 1.617587 1.635782 1.658496 1.702242 1.773676 1.859874 2.020710 2.224683 1.972544 1.506989 1.409474 1.371289 1.354290 1.336618 1.313934 1.289446 1.251288 1.185806 1.085163 0.9880762 0.8852483 0.7918282 0.7315591 0.7030227 0.6929001 0.6908399 0.6906457 0.6919770 0.6964498 0.6988783 0.6976669 0.6961952 0.7034399 0.7069618 0.7109802 0.7237827 0.7333158 0.7412530 0.7507227 0.7712883 0.7862908 0.8005481 0.8264296 0.8421582 0.8540540 0.8610159 0.8735896 0.8698520 0.8644146 0.8624080 0.8534082 0.8330790
1.370959 1.417494 1.476583 1.532350 1.579987 1.628360 1.673709 1.714313 1.752931 1.799490 1.878935 1.984539 2.120706 2.318452 2.597248 2.243956 1.561216 1.334538 1.297964 1.277692 1.258119 1.211365 1.149314 1.068825 0.9440265 0.8458135 0.7749606 0.7314050 0.7072451 0.7032739 0.7037063 0.7060614 0.7099258 0.7136550 0.7208564 0.7314781 0.7392729 0.7458198 0.7529741 0.7654968 0.7738959 0.7852444 0.8010191 0.8128546 0.8260066 0.8419073 0.8608673 0.8744087 0.8880694 0.9064484 0.9176186 0.9261008 0.9331389 0.9374136 0.9323090 0.9220510 0.9083889 0.8897184 0.8640527
1.380246 1.437359 1.499659 1.570456 1.629965 1.684435 1.745918 1.805800 1.860207 1.921308 2.015854 2.134308 2.287895 2.467517 2.685440 2.777480 2.000751 1.368324 1.238846 1.185170 1.121772 1.011657 0.9123171 0.8175602 0.7267005 0.6811478 0.6659774 0.6655307 0.6720581 0.6838107 0.6949497 0.7042746 0.7110327 0.7154335 0.7206296 0.7296527 0.7429497 0.7579038 0.7735081 0.7896472 0.8054704 0.8214067 0.8384060 0.8547092 0.8699088 0.8854727 0.8992582 0.9112981 0.9214170 0.9291711 0.9352633 0.9397390 0.9405770 0.9390665 0.9331298 0.9215981 0.9041459 0.8871472 0.8718688
1.444363 1.503819 1.572024 1.647908 1.716961 1.780455 1.854218 1.926416 1.987148 2.062893 2.160588 2.283692 2.428992 2.586472 2.740325 2.806898 2.363511 1.530026 1.204534 1.045523 0.8924065 0.7730774 0.6929111 0.6463434 0.6200624 0.6173679 0.6233535 0.6303958 0.6434956 0.6581534 0.6728333 0.6841925 0.6955603 0.7035287 0.7099792 0.7183205 0.7349720 0.7547113 0.7738032 0.7932048 0.8112602 0.8275410 0.8412879 0.8552058 0.8676924 0.8771136 0.8872507 0.8965857 0.9019969 0.9029072 0.9049687 0.9044685 0.8977805 0.8903094 0.8842822 0.8743502 0.8646243 0.8589864 0.8542188
1.554243 1.610387 1.677978 1.755367 1.835030 1.918606 1.991087 2.069620 2.123349 2.193036 2.298947 2.414715 2.540228 2.672026 2.799011 2.893982 2.525969 1.520107 1.173232 0.9338891 0.7698123 0.6808116 0.6360376 0.6126268 0.6037072 0.6045636 0.6105954 0.6183728 0.6258850 0.6341031 0.6436009 0.6541380 0.6660665 0.6794120 0.6936376 0.7102896 0.7291326 0.7478077 0.7645648 0.7807951 0.7957642 0.8065831 0.8171697 0.8268341 0.8351746 0.8384610 0.8446014 0.8502948 0.8477073 0.8491887 0.8470895 0.8408106 0.8240389 0.8196562 0.8186024 0.8147889 0.8180171 0.8220553 0.8244937
1.669552 1.733526 1.805315 1.882539 1.980866 2.061155 2.136220 2.201690 2.256306 2.344568 2.431164 2.530961 2.631575 2.735942 2.860344 2.941013 2.307463 1.510311 1.169485 0.9805539 0.8511265 0.7529705 0.7085893 0.6834756 0.6425228 0.6299672 0.6271819 0.6335230 0.6352902 0.6389285 0.6445897 0.6552822 0.6651390 0.6793451 0.6981032 0.7144012 0.7298614 0.7438328 0.7558554 0.7666179 0.7758443 0.7827837 0.7896761 0.7949101 0.7969533 0.7958221 0.7961569 0.7959866 0.7919188 0.7873814 0.7850934 0.7805387 0.7764167 0.7744360 0.7751165 0.7776046 0.7835184 0.7926882 0.7996511
1.763101 1.833012 1.904183 1.986140 2.089933 2.180008 2.242750 2.306381 2.370752 2.452226 2.525142 2.604924 2.678387 2.765271 2.876241 2.910532 2.091815 1.299428 1.235968 1.166855 1.059593 0.9400789 0.8584106 0.8181414 0.7672863 0.7160463 0.6937005 0.6808287 0.6736149 0.6738294 0.6818258 0.6900900 0.6986765 0.7103797 0.7241329 0.7332373 0.7410968 0.7498906 0.7565676 0.7624471 0.7672303 0.7700058 0.7716189 0.7718794 0.7683130 0.7668555 0.7643210 0.7619794 0.7610456 0.7612536 0.7629869 0.7659328 0.7664332 0.7666009 0.7680633 0.7722735 0.7778687 0.7874049 0.7964208
1.787591 1.877985 1.952719 2.045812 2.161131 2.240498 2.317932 2.376535 2.443231 2.507339 2.572064 2.636074 2.698707 2.762197 2.840266 2.796502 1.960710 1.325920 1.296359 1.286301 1.225916 1.135433 1.031282 0.9733575 0.9196032 0.8584064 0.8185893 0.7768068 0.7458774 0.7334646 0.7343327 0.7350163 0.7392423 0.7455506 0.7523130 0.7552919 0.7580801 0.7603224 0.7610689 0.7618132 0.7619821 0.7608186 0.7592602 0.7573857 0.7569906 0.7583289 0.7601763 0.7627069 0.7659133 0.7689094 0.7721521 0.7766072 0.7798604 0.7828416 0.7894637 0.7950266 0.8006556 0.8070810 0.8149312
1.745758 1.862329 1.956830 2.056869 2.159566 2.253866 2.324430 2.386018 2.448037 2.516572 2.578830 2.633571 2.671891 2.717852 2.775391 2.691666 1.885332 1.331412 1.313676 1.325784 1.333305 1.293211 1.201464 1.113061 1.040443 0.9969349 0.9594383 0.9113730 0.8586566 0.8209929 0.7915894 0.7697657 0.7635464 0.7629107 0.7625502 0.7625933 0.7615207 0.7588177 0.7550866 0.7518841 0.7465268 0.7447678 0.7440256 0.7454814 0.7466038 0.7512591 0.7571227 0.7621970 0.7689195 0.7751573 0.7812372 0.7879807 0.7945130 0.8016022 0.8105327 0.8187868 0.8242606 0.8286223 0.8324007
1.629264 1.776087 1.904767 2.017760 2.130197 2.232437 2.319137 2.380277 2.440830 2.501284 2.553122 2.588571 2.612090 2.632518 2.652879 2.584102 1.948313 1.371201 1.310773 1.320049 1.340939 1.373098 1.350133 1.262065 1.163695 1.087242 1.043803 1.011428 0.9624729 0.9205378 0.8661430 0.8160088 0.7712232 0.7452594 0.7355332 0.7330616 0.7318970 0.7261135 0.7249175 0.7223652 0.7164611 0.7173721 0.7196476 0.7214328 0.7228138 0.7288111 0.7365134 0.7415145 0.7505173 0.7599647 0.7680860 0.7771004 0.7876295 0.7985881 0.8083089 0.8170707 0.8236071 0.8272525 0.8298003
1.478996 1.645720 1.825949 1.968455 2.094969 2.225259 2.319563 2.384920 2.452564 2.497338 2.529998 2.549670 2.555750 2.559458 2.549483 2.464531 1.885744 1.386783 1.296704 1.308292 1.315861 1.331205 1.354100 1.337663 1.249505 1.136523 1.078511 1.041527 1.020677 0.9843390 0.9422273 0.8836366 0.8147283 0.7478561 0.6985885 0.6747338 0.6593658 0.6546206 0.6557637 0.6597559 0.6557693 0.6620143 0.6693034 0.6682774 0.6746990 0.6823718 0.6909213 0.6932670 0.7029229 0.7133861 0.7225214 0.7302247 0.7417618 0.7515329 0.7567675 0.7674378 0.7770919 0.7825132 0.7818223
