simulation_files/asc/Depth____000021.asc
NCOLS        79
NROWS        79
XLLCENTER         -1.500000
YLLCENTER         -4.800000
CELLSIZE           0.100
NODATA_VALUE     -9999.0
[rows 0 to 24 of 79, columns 0 to 56 of 79]
-9999.000 -9999.000 -9999.000 -9999.000 -9999.000 -9999.000 -9999.000 -9999.000 -9999.000 -9999.000 -9999.000 -9999.000 -9999.000 -9999.000 -9999.000 0.1479847 0.1478741 0.1476912 0.1474558 0.1471735 0.1468515 0.1465005 0.1461330 0.1457634 0.1454071 0.1450808 0.1448010 0.1445805 0.1444471 0.1447305 0.1447305 -9999.000 -9999.000 -9999.000 -9999.000 -9999.000 -9999.000 -9999.000 -9999.000 -9999.000 -9999.000 -9999.000 -9999.000 -9999.000 -9999.000 -9999.000 -9999.000 -9999.000 -9999.000 -9999.000 -9999.000 -9999.000 -9999.000 -9999.000 -9999.000 -9999.000 -9999.000
-9999.000 -9999.000 -9999.000 -9999.000 -9999.000 -9999.000 -9999.000 -9999.000 -9999.000 -9999.000 -9999.000 -9999.000 -9999.000 -9999.000 -9999.000 0.1502881 0.1502690 0.1500985 0.1498717 0.1495958 0.1492795 0.1489340 0.1485722 0.1482086 0.1478581 0.1475362 0.1472574 0.1470289 0.1468679 0.1470934 0.1470934 -9999.000 -9999.000 -9999.000 -9999.000 -9999.000 -9999.000 -9999.000 -9999.000 -9999.000 -9999.000 -9999.000 -9999.000 -9999.000 -9999.000 -9999.000 -9999.000 -9999.000 -9999.000 -9999.000 -9999.000 -9999.000 -9999.000 -9999.000 -9999.000 -9999.000 -9999.000
-9999.000 -9999.000 -9999.000 -9999.000 -9999.000 -9999.000 -9999.000 -9999.000 -9999.000 -9999.000 -9999.000 -9999.000 -9999.000 -9999.000 -9999.000 0.1528071 0.1528433 0.1526615 0.1524234 0.1521360 0.1518071 0.1514480 0.1510715 0.1506921 0.1503243 0.1499835 0.1496836 0.1494309 0.1492470 0.1495102 0.1495102 -9999.000 -9999.000 -9999.000 -9999.000 -9999.000 -9999.000 -9999.000 -9999.000 -9999.000 -9999.000 -9999.000 -9999.000 -9999.000 -9999.000 -9999.000 -9999.000 -9999.000 -9999.000 -9999.000 -9999.000 -9999.000 -9999.000 -9999.000 -9999.000 -9999.000 -9999.000
-9999.000 -9999.000 -9999.000 -9999.000 -9999.000 -9999.000 -9999.000 -9999.000 -9999.000 -9999.000 -9999.000 -9999.000 -9999.000 -9999.000 -9999.000 0.1553390 0.1554273 0.1552277 0.1549696 0.1546614 0.1543108 0.1539289 0.1535285 0.1531239 0.1527297 0.1523614 0.1520330 0.1517515 0.1515425 0.1518439 0.1518439 -9999.000 -9999.000 -9999.000 -9999.000 -9999.000 -9999.000 -9999.000 -9999.000 -9999.000 -9999.000 -9999.000 -9999.000 -9999.000 -9999.000 -9999.000 -9999.000 -9999.000 -9999.000 -9999.000 -9999.000 -9999.000 -9999.000 -9999.000 -9999.000 -9999.000 -9999.000
-9999.000 -9999.000 -9999.000 -9999.000 -9999.000 -9999.000 -9999.000 -9999.000 -9999.000 -9999.000 -9999.000 -9999.000 -9999.000 -9999.000 -9999.000 0.1578753 0.1580130 0.1577911 0.1575061 0.1571693 0.1567890 0.1563762 0.1559437 0.1555059 0.1550775 0.1546739 0.1543101 0.1539942 0.1537559 0.1540927 0.1540927 -9999.000 -9999.000 -9999.000 -9999.000 -9999.000 -9999.000 -9999.000 -9999.000 -9999.000 -9999.000 -9999.000 -9999.000 -9999.000 -9999.000 -9999.000 -9999.000 -9999.000 -9999.000 -9999.000 -9999.000 -9999.000 -9999.000 -9999.000 -9999.000 -9999.000 -9999.000
-9999.000 -9999.000 -9999.000 -9999.000 -9999.000 -9999.000 -9999.000 -9999.000 -9999.000 -9999.000 -9999.000 -9999.000 -9999.000 -9999.000 -9999.000 0.1604130 0.1605953 0.1603470 0.1600289 0.1596564 0.1592388 0.1587874 0.1583151 0.1578362 0.1573657 0.1569191 0.1565122 0.1561550 0.1558816 0.1562485 0.1562485 -9999.000 -9999.000 -9999.000 -9999.000 -9999.000 -9999.000 -9999.000 -9999.000 -9999.000 -9999.000 -9999.000 -9999.000 -9999.000 -9999.000 -9999.000 -9999.000 -9999.000 -9999.000 -9999.000 -9999.000 -9999.000 -9999.000 -9999.000 -9999.000 -9999.000 -9999.000
-9999.000 -9999.000 -9999.000 -9999.000 -9999.000 -9999.000 -9999.000 -9999.000 -9999.000 -9999.000 -9999.000 -9999.000 -9999.000 -9999.000 -9999.000 0.1629545 0.1631721 0.1628928 0.1625354 0.1621196 0.1616566 0.1611581 0.1606373 0.1601086 0.1595867 0.1590876 0.1586278 0.1582201 0.1579026 0.1582915 0.1582915 -9999.000 -9999.000 -9999.000 -9999.000 -9999.000 -9999.000 -9999.000 -9999.000 -9999.000 -9999.000 -9999.000 -9999.000 -9999.000 -9999.000 -9999.000 -9999.000 -9999.000 -9999.000 -9999.000 -9999.000 -9999.000 -9999.000 -9999.000 -9999.000 -9999.000 -9999.000
-9999.000 -9999.000 -9999.000 -9999.000 -9999.000 -9999.000 -9999.000 -9999.000 -9999.000 -9999.000 -9999.000 -9999.000 -9999.000 -9999.000 -9999.000 0.1655040 0.1657424 0.1654262 0.1650225 0.1645553 0.1640377 0.1634825 0.1629028 0.1623128 0.1617276 0.1611632 0.1606370 0.1601650 0.1597898 0.1601895 0.1601895 -9999.000 -9999.000 -9999.000 -9999.000 -9999.000 -9999.000 -9999.000 -9999.000 -9999.000 -9999.000 -9999.000 -9999.000 -9999.000 -9999.000 -9999.000 -9999.000 -9999.000 -9999.000 -9999.000 -9999.000 -9999.000 -9999.000 -9999.000 -9999.000 -9999.000 -9999.000
-9999.000 -9999.000 -9999.000 -9999.000 -9999.000 -9999.000 -9999.000 -9999.000 -9999.000 -9999.000 -9999.000 -9999.000 -9999.000 -9999.000 -9999.000 0.1680632 0.1683034 0.1679428 0.1674852 0.1669579 0.1663760 0.1657528 0.1651018 0.1644366 0.1637723 0.1631248 0.1625126 0.1619556 0.1615015 0.1618966 0.1618966 -9999.000 -9999.000 -9999.000 -9999.000 -9999.000 -9999.000 -9999.000 -9999.000 -9999.000 -9999.000 -9999.000 -9999.000 -9999.000 -9999.000 -9999.000 -9999.000 -9999.000 -9999.000 -9999.000 -9999.000 -9999.000 -9999.000 -9999.000 -9999.000 -9999.000 -9999.000
-9999.000 -9999.000 -9999.000 -9999.000 -9999.000 -9999.000 -9999.000 -9999.000 -9999.000 -9999.000 -9999.000 -9999.000 -9999.000 -9999.000 -9999.000 0.1706282 0.1708486 0.1704344 0.1699152 0.1693190 0.1686627 0.1679598 0.1672232 0.1664660 0.1657022 0.1649477 0.1642215 0.1635480 0.1629813 0.1633495 0.1633495 -9999.000 -9999.000 -9999.000 -9999.000 -9999.000 -9999.000 -9999.000 -9999.000 -9999.000 -9999.000 -9999.000 -9999.000 -9999.000 -9999.000 -9999.000 -9999.000 -9999.000 -9999.000 -9999.000 -9999.000 -9999.000 -9999.000 -9999.000 -9999.000 -9999.000 -9999.000
-9999.000 -9999.000 -9999.000 -9999.000 -9999.000 -9999.000 -9999.000 -9999.000 -9999.000 -9999.000 -9999.000 -9999.000 -9999.000 -9999.000 -9999.000 0.1731890 0.1733667 0.1728886 0.1723001 0.1716271 0.1708868 0.1700922 0.1692547 0.1683855 0.1674968 0.1666027 0.1657223 0.1648840 0.1641498 0.1644540 0.1644540 -9999.000 -9999.000 -9999.000 -9999.000 -9999.000 -9999.000 -9999.000 -9999.000 -9999.000 -9999.000 -9999.000 -9999.000 -9999.000 -9999.000 -9999.000 -9999.000 -9999.000 -9999.000 -9999.000 -9999.000 -9999.000 -9999.000 -9999.000 -9999.000 -9999.000 -9999.000
-9999.000 -9999.000 -9999.000 -9999.000 -9999.000 -9999.000 -9999.000 -9999.000 -9999.000 -9999.000 -9999.000 -9999.000 -9999.000 -9999.000 -9999.000 0.1757298 0.1758420 0.1752891 0.1746240 0.1738668 0.1730338 0.1721359 0.1711812 0.1701771 0.1691315 0.1680541 0.1669607 0.1658814 0.1648858 0.1650528 0.1650528 -9999.000 -9999.000 -9999.000 -9999.000 -9999.000 -9999.000 -9999.000 -9999.000 -9999.000 -9999.000 -9999.000 -9999.000 -9999.000 -9999.000 -9999.000 -9999.000 -9999.000 -9999.000 -9999.000 -9999.000 -9999.000 -9999.000 -9999.000 -9999.000 -9999.000 -9999.000
-9999.000 -9999.000 -9999.000 -9999.000 -9999.000 -9999.000 -9999.000 -9999.000 -9999.000 -9999.000 -9999.000 -9999.000 -9999.000 -9999.000 -9999.000 0.1782271 0.1782540 0.1776161 0.1768672 0.1760192 0.1750856 0.1740731 0.1729842 0.1718187 0.1705759 0.1692552 0.1678607 0.1664137 0.1649841 0.1648445 0.1648445 -9999.000 -9999.000 -9999.000 -9999.000 -9999.000 -9999.000 -9999.000 -9999.000 -9999.000 -9999.000 -9999.000 -9999.000 -9999.000 -9999.000 -9999.000 -9999.000 -9999.000 -9999.000 -9999.000 -9999.000 -9999.000 -9999.000 -9999.000 -9999.000 -9999.000 -9999.000
-9999.000 -9999.000 -9999.000 -9999.000 -9999.000 -9999.000 -9999.000 -9999.000 -9999.000 -9999.000 -9999.000 -9999.000 -9999.000 -9999.000 -9999.000 0.1806423 0.1805746 0.1798451 0.1790063 0.1780613 0.1770197 0.1758817 0.1746401 0.1732824 0.1717910 0.1701421 0.1683078 0.1662682 0.1640487 0.1631352 0.1631352 -9999.000 -9999.000 -9999.000 -9999.000 -9999.000 -9999.000 -9999.000 -9999.000 -9999.000 -9999.000 -9999.000 -9999.000 -9999.000 -9999.000 -9999.000 -9999.000 -9999.000 -9999.000 -9999.000 -9999.000 -9999.000 -9999.000 -9999.000 -9999.000 -9999.000 -9999.000
-9999.000 -9999.000 -9999.000 -9999.000 -9999.000 -9999.000 -9999.000 -9999.000 -9999.000 -9999.000 -9999.000 -9999.000 -9999.000 -9999.000 -9999.000 0.1826773 0.1827327 0.1819663 0.1810535 0.1800095 0.1788486 0.1775670 0.1761460 0.1745539 0.1727435 0.1706430 0.1681436 0.1650814 0.1612123 0.1575834 0.1575834 -9999.000 -9999.000 -9999.000 -9999.000 -9999.000 -9999.000 -9999.000 -9999.000 -9999.000 -9999.000 -9999.000 -9999.000 -9999.000 -9999.000 -9999.000 -9999.000 -9999.000 -9999.000 -9999.000 -9999.000 -9999.000 -9999.000 -9999.000 -9999.000 -9999.000 -9999.000
0.1431736 0.1431736 0.1477380 0.1508370 0.1520987 0.1520987 0.1535043 0.1570305 0.1570305 0.1620566 0.1620566 0.1695179 0.1740874 0.1789797 0.1839733 0.1839733 0.1882060 0.1866648 0.1849250 0.1830890 0.1812070 0.1792753 0.1772479 0.1750388 0.1725079 0.1694123 0.1652847 0.1590965 0.1480883 0.1205691 0.1205691 0.4113276E-01 0.2054784E-01 0.1094039E-01 0.1167762E-01 0.1167762E-01 0.1824229E-01 0.1824229E-01 0.6465682E-01 0.6465682E-01 0.6978019E-01 0.7546537E-01 0.7546537E-01 0.8062030E-01 0.8062030E-01 0.8656381E-01 0.8656381E-01 0.8656381E-01 0.8720712E-01 0.8720712E-01 0.8679256E-01 0.8679256E-01 0.8578867E-01 0.8578867E-01 0.8490897E-01 0.8490897E-01 0.8211912E-01
0.1424793 0.1424793 0.1475045 0.1506484 0.1519164 0.1519164 0.1533263 0.1568470 0.1568470 0.1617993 0.1617993 0.1689738 0.1731901 0.1774574 0.1814738 0.1814738 0.1848550 0.1843100 0.1833637 0.1820915 0.1805324 0.1786984 0.1765744 0.1741075 0.1711857 0.1675965 0.1629456 0.1564713 0.1464768 0.1273111 0.1273111 0.7508744E-01 0.5664390E-01 0.4139858E-01 0.3737166E-01 0.3737166E-01 0.3428284E-01 0.3428284E-01 0.5885094E-01 0.5885094E-01 0.6980930E-01 0.7641556E-01 0.7641556E-01 0.8102183E-01 0.8102183E-01 0.8645001E-01 0.8645001E-01 0.8645001E-01 0.8703095E-01 0.8703095E-01 0.8662815E-01 0.8662815E-01 0.8562484E-01 0.8562484E-01 0.8538099E-01 0.8538099E-01 0.8201263E-01
0.1420113 0.1420113 0.1474581 0.1505848 0.1518250 0.1518250 0.1531951 0.1565602 0.1565602 0.1611204 0.1611204 0.1675276 0.1712409 0.1749522 0.1783926 0.1783926 0.1812768 0.1810092 0.1803688 0.1794239 0.1781796 0.1766060 0.1746518 0.1722439 0.1692726 0.1655577 0.1607841 0.1543708 0.1450902 0.1292910 0.1292910 0.8776144E-01 0.7011137E-01 0.5398812E-01 0.4948858E-01 0.4948858E-01 0.4568429E-01 0.4568429E-01 0.5802649E-01 0.5802649E-01 0.6839193E-01 0.7840923E-01 0.7840923E-01 0.8191755E-01 0.8191755E-01 0.8628296E-01 0.8628296E-01 0.8628296E-01 0.8673207E-01 0.8673207E-01 0.8636606E-01 0.8636606E-01 0.8541129E-01 0.8541129E-01 0.8466363E-01 0.8466363E-01 0.8220562E-01
0.1415433 0.1415433 0.1474042 0.1504999 0.1517042 0.1517042 0.1530243 0.1562047 0.1562047 0.1603342 0.1603342 0.1659681 0.1692245 0.1724797 0.1754887 0.1754887 0.1778359 0.1776185 0.1770511 0.1762073 0.1750918 0.1736641 0.1718542 0.1695697 0.1666905 0.1630475 0.1583751 0.1522112 0.1436137 0.1299333 0.1299333 0.9639923E-01 0.8007295E-01 0.6455200E-01 0.6026605E-01 0.6026605E-01 0.5722456E-01 0.5722456E-01 0.6387077E-01 0.6387077E-01 0.7082130E-01 0.7998149E-01 0.7998149E-01 0.8257265E-01 0.8257265E-01 0.8549321E-01 0.8549321E-01 0.8549321E-01 0.8591901E-01 0.8591901E-01 0.8564884E-01 0.8564884E-01 0.8481373E-01 0.8481373E-01 0.8400204E-01 0.8400204E-01 0.8202637E-01
0.1410768 0.1410768 0.1473423 0.1503935 0.1515542 0.1515542 0.1528157 0.1557928 0.1557928 0.1594788 0.1594788 0.1643388 0.1671510 0.1699828 0.1726132 0.1726132 0.1744106 0.1741474 0.1735641 0.1727270 0.1716434 0.1702748 0.1685493 0.1663696 0.1636134 0.1601207 0.1556593 0.1498481 0.1419384 0.1298990 0.1298990 0.1024333 0.8753448E-01 0.7380472E-01 0.7050834E-01 0.7050834E-01 0.6910476E-01 0.6910476E-01 0.7253218E-01 0.7253218E-01 0.7594494E-01 0.8140451E-01 0.8140451E-01 0.8290572E-01 0.8290572E-01 0.8447658E-01 0.8447658E-01 0.8447658E-01 0.8476022E-01 0.8476022E-01 0.8457670E-01 0.8457670E-01 0.8390090E-01 0.8390090E-01 0.8312044E-01 0.8312044E-01 0.8153825E-01
0.1406211 0.1406211 0.1472759 0.1502718 0.1513838 0.1513838 0.1525811 0.1553472 0.1553472 0.1585967 0.1585967 0.1626911 0.1650524 0.1674514 0.1696979 0.1696979 0.1708825 0.1705098 0.1698672 0.1690005 0.1679129 0.1665687 0.1648995 0.1628120 0.1601896 0.1568855 0.1526973 0.1473075 0.1401100 0.1295014 0.1295014 0.1068738 0.9361736E-01 0.8299825E-01 0.8125601E-01 0.8125601E-01 0.8104635E-01 0.8104635E-01 0.8142288E-01 0.8142288E-01 0.8201431E-01 0.8331160E-01 0.8331160E-01 0.8326844E-01 0.8326844E-01 0.8342561E-01 0.8342561E-01 0.8342561E-01 0.8339156E-01 0.8339156E-01 0.8321545E-01 0.8321545E-01 0.8269996E-01 0.8269996E-01 0.8202593E-01 0.8202593E-01 0.8078732E-01
0.1401899 0.1401899 0.1472083 0.1501414 0.1512017 0.1512017 0.1523323 0.1548880 0.1548880 0.1577215 0.1577215 0.1610719 0.1629697 0.1649015 0.1667152 0.1667152 0.1671495 0.1666096 0.1658779 0.1649681 0.1638702 0.1625465 0.1609335 0.1589456 0.1564777 0.1534014 0.1495467 0.1446535 0.1382331 0.1290054 0.1290054 0.1105285 0.9943330E-01 0.9310084E-01 0.9278818E-01 0.9278818E-01 0.9209692E-01 0.9209692E-01 0.8925282E-01 0.8925282E-01 0.8784166E-01 0.8579292E-01 0.8579292E-01 0.8400869E-01 0.8400869E-01 0.8257230E-01 0.8257230E-01 0.8257230E-01 0.8200390E-01 0.8200390E-01 0.8167586E-01 0.8167586E-01 0.8125506E-01 0.8125506E-01 0.8072001E-01 0.8072001E-01 0.7979672E-01
0.1397996 0.1397996 0.1471426 0.1500085 0.1510164 0.1510164 0.1520805 0.1544325 0.1544325 0.1568788 0.1568788 0.1595204 0.1609442 0.1623620 0.1636576 0.1636576 0.1631072 0.1623404 0.1614963 0.1605421 0.1594433 0.1581545 0.1566151 0.1547500 0.1524717 0.1496785 0.1462410 0.1419625 0.1364634 0.1287279 0.1287279 0.1142353 0.1062488 0.1041954 0.1043272 0.1043272 0.1013812 0.1013812 0.9567802E-01 0.9567802E-01 0.9294959E-01 0.8856869E-01 0.8856869E-01 0.8520538E-01 0.8520538E-01 0.8210019E-01 0.8210019E-01 0.8210019E-01 0.8080920E-01 0.8080920E-01 0.8012842E-01 0.8012842E-01 0.7966720E-01 0.7966720E-01 0.7924053E-01 0.7924053E-01 0.7859924E-01
0.1394682 0.1394682 0.1470811 0.1498790 0.1508360 0.1508360 0.1518358 0.1539961 0.1539961 0.1560891 0.1560891 0.1580690 0.1590162 0.1598697 0.1605282 0.1605282 0.1586238 0.1575693 0.1565990 0.1556123 0.1545366 0.1533112 0.1518764 0.1501708 0.1481331 0.1457040 0.1428159 0.1393567 0.1350609 0.1290900 0.1290900 0.1188071 0.1154198 0.1152309 0.1146171 0.1146171 0.1086938 0.1086938 0.1008075 0.1008075 0.9724201E-01 0.9132035E-01 0.9132035E-01 0.8670823E-01 0.8670823E-01 0.8205388E-01 0.8205388E-01 0.8205388E-01 0.7995228E-01 0.7995228E-01 0.7874832E-01 0.7874832E-01 0.7807915E-01 0.7807915E-01 0.7767031E-01 0.7767031E-01 0.7725187E-01
0.1392146 0.1392146 0.1470260 0.1497580 0.1506676 0.1506676 0.1516078 0.1535925 0.1535925 0.1553698 0.1553698 0.1567463 0.1572258 0.1574706 0.1573421 0.1573421 0.1535063 0.1521117 0.1510214 0.1500358 0.1490269 0.1479110 0.1466266 0.1451315 0.1434068 0.1414666 0.1393505 0.1370781 0.1345200 0.1310311 0.1310311 0.1258348 0.1255636 0.1249465 0.1232930 0.1232930 0.1143878 0.1143878 0.1048277 0.1048277 0.1007320 0.9381476E-01 0.9381476E-01 0.8829536E-01 0.8829536E-01 0.8234913E-01 0.8234913E-01 0.8234913E-01 0.7946590E-01 0.7946590E-01 0.7765505E-01 0.7765505E-01 0.7663504E-01 0.7663504E-01 0.7612438E-01 0.7612438E-01 0.7584073E-01
