simulation_files/asc/Depth____000226.asc
NCOLS        79
NROWS        79
XLLCENTER         -1.500000
YLLCENTER         -4.800000
CELLSIZE           0.100
NODATA_VALUE     -9999.0
[rows 0 to 25 of 79, columns 0 to 58 of 79]
-9999.000 -9999.000 -9999.000 -9999.000 -9999.000 -9999.000 -9999.000 -9999.000 -9999.000 -9999.000 -9999.000 -9999.000 -9999.000 -9999.000 -9999.000 0.7599564 0.7605326 0.7608140 0.7608905 0.7607082 0.7604133 0.7600808 0.7597353 0.7594017 0.7590938 0.7588109 0.7585528 0.7582923 0.7579197 0.7578922 0.7578922 -9999.000 -9999.000 -9999.000 -9999.000 -9999.000 -9999.000 -9999.000 -9999.000 -9999.000 -9999.000 -9999.000 -9999.000 -9999.000 -9999.000 -9999.000 -9999.000 -9999.000 -9999.000 -9999.000 -9999.000 -9999.000 -9999.000 -9999.000 -9999.000 -9999.000 -9999.000 -9999.000 -9999.000
-9999.000 -9999.000 -9999.000 -9999.000 -9999.000 -9999.000 -9999.000 -9999.000 -9999.000 -9999.000 -9999.000 -9999.000 -9999.000 -9999.000 -9999.000 0.7617790 0.7622928 0.7625214 0.7625825 0.7624328 0.7621973 0.7619377 0.7616726 0.7614210 0.7611927 0.7609856 0.7607980 0.7606055 0.7603104 0.7603720 0.7603720 -9999.000 -9999.000 -9999.000 -9999.000 -9999.000 -9999.000 -9999.000 -9999.000 -9999.000 -9999.000 -9999.000 -9999.000 -9999.000 -9999.000 -9999.000 -9999.000 -9999.000 -9999.000 -9999.000 -9999.000 -9999.000 -9999.000 -9999.000 -9999.000 -9999.000 -9999.000 -9999.000 -9999.000
-9999.000 -9999.000 -9999.000 -9999.000 -9999.000 -9999.000 -9999.000 -9999.000 -9999.000 -9999.000 -9999.000 -9999.000 -9999.000 -9999.000 -9999.000 0.7636838 0.7642366 0.7644789 0.7645503 0.7644060 0.7641755 0.7639224 0.7636648 0.7634223 0.7632037 0.7630058 0.7628261 0.7626376 0.7623370 0.7623946 0.7623946 -9999.000 -9999.000 -9999.000 -9999.000 -9999.000 -9999.000 -9999.000 -9999.000 -9999.000 -9999.000 -9999.000 -9999.000 -9999.000 -9999.000 -9999.000 -9999.000 -9999.000 -9999.000 -9999.000 -9999.000 -9999.000 -9999.000 -9999.000 -9999.000 -9999.000 -9999.000 -9999.000 -9999.000
-9999.000 -9999.000 -9999.000 -9999.000 -9999.000 -9999.000 -9999.000 -9999.000 -9999.000 -9999.000 -9999.000 -9999.000 -9999.000 -9999.000 -9999.000 0.7656400 0.7662182 0.7664685 0.7665438 0.7663981 0.7661656 0.7659112 0.7656528 0.7654103 0.7651925 0.7649952 0.7648155 0.7646246 0.7643127 0.7643488 0.7643488 -9999.000 -9999.000 -9999.000 -9999.000 -9999.000 -9999.000 -9999.000 -9999.000 -9999.000 -9999.000 -9999.000 -9999.000 -9999.000 -9999.000 -9999.000 -9999.000 -9999.000 -9999.000 -9999.000 -9999.000 -9999.000 -9999.000 -9999.000 -9999.000 -9999.000 -9999.000 -9999.000 -9999.000
-9999.000 -9999.000 -9999.000 -9999.000 -9999.000 -9999.000 -9999.000 -9999.000 -9999.000 -9999.000 -9999.000 -9999.000 -9999.000 -9999.000 -9999.000 0.7676147 0.7682136 0.7684691 0.7685454 0.7683948 0.7681569 0.7678977 0.7676347 0.7673884 0.7671676 0.7669672 0.7667842 0.7665876 0.7662597 0.7662607 0.7662607 -9999.000 -9999.000 -9999.000 -9999.000 -9999.000 -9999.000 -9999.000 -9999.000 -9999.000 -9999.000 -9999.000 -9999.000 -9999.000 -9999.000 -9999.000 -9999.000 -9999.000 -9999.000 -9999.000 -9999.000 -9999.000 -9999.000 -9999.000 -9999.000 -9999.000 -9999.000 -9999.000 -9999.000
-9999.000 -9999.000 -9999.000 -9999.000 -9999.000 -9999.000 -9999.000 -9999.000 -9999.000 -9999.000 -9999.000 -9999.000 -9999.000 -9999.000 -9999.000 0.7695945 0.7702119 0.7704712 0.7705468 0.7703893 0.7701442 0.7698787 0.7696094 0.7693577 0.7691323 0.7689270 0.7687390 0.7685346 0.7681866 0.7681392 0.7681392 -9999.000 -9999.000 -9999.000 -9999.000 -9999.000 -9999.000 -9999.000 -9999.000 -9999.000 -9999.000 -9999.000 -9999.000 -9999.000 -9999.000 -9999.000 -9999.000 -9999.000 -9999.000 -9999.000 -9999.000 -9999.000 -9999.000 -9999.000 -9999.000 -9999.000 -9999.000 -9999.000 -9999.000
-9999.000 -9999.000 -9999.000 -9999.000 -9999.000 -9999.000 -9999.000 -9999.000 -9999.000 -9999.000 -9999.000 -9999.000 -9999.000 -9999.000 -9999.000 0.7715735 0.7722086 0.7724704 0.7725439 0.7723781 0.7721248 0.7718523 0.7715758 0.7713180 0.7710872 0.7708761 0.7706820 0.7704682 0.7700960 0.7699848 0.7699848 -9999.000 -9999.000 -9999.000 -9999.000 -9999.000 -9999.000 -9999.000 -9999.000 -9999.000 -9999.000 -9999.000 -9999.000 -9999.000 -9999.000 -9999.000 -9999.000 -9999.000 -9999.000 -9999.000 -9999.000 -9999.000 -9999.000 -9999.000 -9999.000 -9999.000 -9999.000 -9999.000 -9999.000
-9999.000 -9999.000 -9999.000 -9999.000 -9999.000 -9999.000 -9999.000 -9999.000 -9999.000 -9999.000 -9999.000 -9999.000 -9999.000 -9999.000 -9999.000 0.7735493 0.7742013 0.7744642 0.7745346 0.7743590 0.7740968 0.7738169 0.7735328 0.7732685 0.7730319 0.7728143 0.7726133 0.7723885 0.7719874 0.7717926 0.7717926 -9999.000 -9999.000 -9999.000 -9999.000 -9999.000 -9999.000 -9999.000 -9999.000 -9999.000 -9999.000 -9999.000 -9999.000 -9999.000 -9999.000 -9999.000 -9999.000 -9999.000 -9999.000 -9999.000 -9999.000 -9999.000 -9999.000 -9999.000 -9999.000 -9999.000 -9999.000 -9999.000 -9999.000
-9999.000 -9999.000 -9999.000 -9999.000 -9999.000 -9999.000 -9999.000 -9999.000 -9999.000 -9999.000 -9999.000 -9999.000 -9999.000 -9999.000 -9999.000 0.7755200 0.7761886 0.7764512 0.7765171 0.7763303 0.7760586 0.7757710 0.7754789 0.7752079 0.7749652 0.7747405 0.7745318 0.7742941 0.7738586 0.7735544 0.7735544 -9999.000 -9999.000 -9999.000 -9999.000 -9999.000 -9999.000 -9999.000 -9999.000 -9999.000 -9999.000 -9999.000 -9999.000 -9999.000 -9999.000 -9999.000 -9999.000 -9999.000 -9999.000 -9999.000 -9999.000 -9999.000 -9999.000 -9999.000 -9999.000 -9999.000 -9999.000 -9999.000 -9999.000
-9999.000 -9999.000 -9999.000 -9999.000 -9999.000 -9999.000 -9999.000 -9999.000 -9999.000 -9999.000 -9999.000 -9999.000 -9999.000 -9999.000 -9999.000 0.7774845 0.7781692 0.7784299 0.7784899 0.7782903 0.7780084 0.7777129 0.7774124 0.7771346 0.7768856 0.7766532 0.7764359 0.7761831 0.7757066 0.7752581 0.7752581 -9999.000 -9999.000 -9999.000 -9999.000 -9999.000 -9999.000 -9999.000 -9999.000 -9999.000 -9999.000 -9999.000 -9999.000 -9999.000 -9999.000 -9999.000 -9999.000 -9999.000 -9999.000 -9999.000 -9999.000 -9999.000 -9999.000 -9999.000 -9999.000 -9999.000 -9999.000 -9999.000 -9999.000
-9999.000 -9999.000 -9999.000 -9999.000 -9999.000 -9999.000 -9999.000 -9999.000 -9999.000 -9999.000 -9999.000 -9999.000 -9999.000 -9999.000 -9999.000 0.7794411 0.7801418 0.7803987 0.7804514 0.7802369 0.7799439 0.7796404 0.7793313 0.7790464 0.7787910 0.7785500 0.7783230 0.7780527 0.7775269 0.7768856 0.7768856 -9999.000 -9999.000 -9999.000 -9999.000 -9999.000 -9999.000 -9999.000 -9999.000 -9999.000 -9999.000 -9999.000 -9999.000 -9999.000 -9999.000 -9999.000 -9999.000 -9999.000 -9999.000 -9999.000 -9999.000 -9999.000 -9999.000 -9999.000 -9999.000 -9999.000 -9999.000 -9999.000 -9999.000
-9999.000 -9999.000 -9999.000 -9999.000 -9999.000 -9999.000 -9999.000 -9999.000 -9999.000 -9999.000 -9999.000 -9999.000 -9999.000 -9999.000 -9999.000 0.7813873 0.7821041 0.7823552 0.7823989 0.7821676 0.7818627 0.7815510 0.7812326 0.7809407 0.7806785 0.7804280 0.7801901 0.7798990 0.7793137 0.7784111 0.7784111 -9999.000 -9999.000 -9999.000 -9999.000 -9999.000 -9999.000 -9999.000 -9999.000 -9999.000 -9999.000 -9999.000 -9999.000 -9999.000 -9999.000 -9999.000 -9999.000 -9999.000 -9999.000 -9999.000 -9999.000 -9999.000 -9999.000 -9999.000 -9999.000 -9999.000 -9999.000 -9999.000 -9999.000
-9999.000 -9999.000 -9999.000 -9999.000 -9999.000 -9999.000 -9999.000 -9999.000 -9999.000 -9999.000 -9999.000 -9999.000 -9999.000 -9999.000 -9999.000 0.7833124 0.7840468 0.7842914 0.7843285 0.7840807 0.7837632 0.7834431 0.7831149 0.7828154 0.7825460 0.7822846 0.7820340 0.7817176 0.7810593 0.7797958 0.7797958 -9999.000 -9999.000 -9999.000 -9999.000 -9999.000 -9999.000 -9999.000 -9999.000 -9999.000 -9999.000 -9999.000 -9999.000 -9999.000 -9999.000 -9999.000 -9999.000 -9999.000 -9999.000 -9999.000 -9999.000 -9999.000 -9999.000 -9999.000 -9999.000 -9999.000 -9999.000 -9999.000 -9999.000
-9999.000 -9999.000 -9999.000 -9999.000 -9999.000 -9999.000 -9999.000 -9999.000 -9999.000 -9999.000 -9999.000 -9999.000 -9999.000 -9999.000 -9999.000 0.7848870 0.7857140 0.7860501 0.7862355 0.7860492 0.7857283 0.7853974 0.7850522 0.7847366 0.7844505 0.7841681 0.7838953 0.7835420 0.7827888 0.7810198 0.7810198 -9999.000 -9999.000 -9999.000 -9999.000 -9999.000 -9999.000 -9999.000 -9999.000 -9999.000 -9999.000 -9999.000 -9999.000 -9999.000 -9999.000 -9999.000 -9999.000 -9999.000 -9999.000 -9999.000 -9999.000 -9999.000 -9999.000 -9999.000 -9999.000 -9999.000 -9999.000 -9999.000 -9999.000
-9999.000 -9999.000 -9999.000 -9999.000 -9999.000 -9999.000 -9999.000 -9999.000 -9999.000 -9999.000 -9999.000 -9999.000 -9999.000 -9999.000 -9999.000 0.7720197 0.7820251 0.7875474 0.7912900 0.7919897 0.7910157 0.7900381 0.7890859 0.7882437 0.7875190 0.7868742 0.7863056 0.7856821 0.7845724 0.7813155 0.7813155 -9999.000 -9999.000 -9999.000 -9999.000 -9999.000 -9999.000 -9999.000 -9999.000 -9999.000 -9999.000 -9999.000 -9999.000 -9999.000 -9999.000 -9999.000 -9999.000 -9999.000 -9999.000 -9999.000 -9999.000 -9999.000 -9999.000 -9999.000 -9999.000 -9999.000 -9999.000 -9999.000 -9999.000
0.8817977 0.8817977 0.8722284 0.8673269 0.8584355 0.8584355 0.8547921 0.8492508 0.8492508 0.8448037 0.8448037 0.8411161 0.8394840 0.8379636 0.8364201 0.8364201 0.7918136 0.7902664 0.7888490 0.7874084 0.7887536 0.7906740 0.7929034 0.7957851 0.7989935 0.8019035 0.8044062 0.8051495 0.7999177 0.7720602 0.7720602 0.5522495 0.5115120 0.4849772 0.4759007 0.4759007 0.4606269 0.4606269 0.4577071 0.4577071 0.4656851 0.5085437 0.5085437 0.5884749 0.5884749 0.6892048 0.6892048 0.6892048 0.6959249 0.6959249 0.6872473 0.6872473 0.6724493 0.6724493 0.6562096 0.6562096 0.6407460 0.6407460 0.6407460
0.8788760 0.8788760 0.8700135 0.8652833 0.8575398 0.8575398 0.8537021 0.8480854 0.8480854 0.8436491 0.8436491 0.8399790 0.8383554 0.8368433 0.8353102 0.8353102 0.7969620 0.7900334 0.7843508 0.7792631 0.7758067 0.7733435 0.7717666 0.7712768 0.7718344 0.7731940 0.7752568 0.7774354 0.7779532 0.7704691 0.7704691 0.6230409 0.5649856 0.5055156 0.4881531 0.4881531 0.4663402 0.4663402 0.4627626 0.4627626 0.4704132 0.5089794 0.5089794 0.5767184 0.5767184 0.6809148 0.6809148 0.6809148 0.6938339 0.6938339 0.6869961 0.6869961 0.6728234 0.6728234 0.6568533 0.6568533 0.6415086 0.6415086 0.6415086
0.8775892 0.8775892 0.8691263 0.8648778 0.8578113 0.8578113 0.8538046 0.8480518 0.8480518 0.8435981 0.8435981 0.8399249 0.8382993 0.8367846 0.8352355 0.8352355 0.8009956 0.7897425 0.7800186 0.7713835 0.7643842 0.7588261 0.7545636 0.7516441 0.7500519 0.7496374 0.7503022 0.7516540 0.7523935 0.7477824 0.7477824 0.6572208 0.5978275 0.5244659 0.5015905 0.5015905 0.4755615 0.4755615 0.4761495 0.4761495 0.4869464 0.5255514 0.5255514 0.5788382 0.5788382 0.6691602 0.6691602 0.6691602 0.6878064 0.6878064 0.6844345 0.6844345 0.6717455 0.6717455 0.6563730 0.6563730 0.6413326 0.6413326 0.6413326
0.8768803 0.8768803 0.8686451 0.8647690 0.8581247 0.8581247 0.8539645 0.8480574 0.8480574 0.8435896 0.8435896 0.8399224 0.8382989 0.8367852 0.8352103 0.8352103 0.8038406 0.7890755 0.7755686 0.7634209 0.7530629 0.7445314 0.7377395 0.7326528 0.7292123 0.7272711 0.7266890 0.7271551 0.7277179 0.7249509 0.7249509 0.6688762 0.6172666 0.5421490 0.5172650 0.5172650 0.4926289 0.4926289 0.5020650 0.5020650 0.5165029 0.5514589 0.5514589 0.5864127 0.5864127 0.6537634 0.6537634 0.6537634 0.6761449 0.6761449 0.6777414 0.6777414 0.6680707 0.6680707 0.6542769 0.6542769 0.6401768 0.6401768 0.6401768
0.8768887 0.8768887 0.8672525 0.8648292 0.8584223 0.8584223 0.8541225 0.8480637 0.8480637 0.8435834 0.8435834 0.8399240 0.8383025 0.8367898 0.8351739 0.8351739 0.8050523 0.7873408 0.7704197 0.7549314 0.7413550 0.7298748 0.7204996 0.7131951 0.7078893 0.7044396 0.7026759 0.7023140 0.7026269 0.7011562 0.7011562 0.6665259 0.6252115 0.5565447 0.5340823 0.5340823 0.5201761 0.5201761 0.5414892 0.5414892 0.5567912 0.5806966 0.5806966 0.5961029 0.5961029 0.6378443 0.6378443 0.6378443 0.6604086 0.6604086 0.6670189 0.6670189 0.6616353 0.6616353 0.6505394 0.6505394 0.6381673 0.6381673 0.6381673
0.8767047 0.8767047 0.8664942 0.8649000 0.8586419 0.8586419 0.8542412 0.8480610 0.8480610 0.8435681 0.8435681 0.8399143 0.8382947 0.8367833 0.8351076 0.8351076 0.8043154 0.7839344 0.7639417 0.7453765 0.7288098 0.7145220 0.7026034 0.6930543 0.6858176 0.6807716 0.6777485 0.6764905 0.6764322 0.6758287 0.6758287 0.6549450 0.6240709 0.5686486 0.5542991 0.5542991 0.5613636 0.5613636 0.5904619 0.5904619 0.6009525 0.6077438 0.6077438 0.6059359 0.6059359 0.6242480 0.6242480 0.6242480 0.6432504 0.6432504 0.6532539 0.6532539 0.6525411 0.6525411 0.6450738 0.6450738 0.6352646 0.6352646 0.6352646
0.8765860 0.8765860 0.8660697 0.8649470 0.8587756 0.8587756 0.8543171 0.8480641 0.8480641 0.8435644 0.8435644 0.8399139 0.8382949 0.8367836 0.8350217 0.8350217 0.8013506 0.7783104 0.7554832 0.7341217 0.7148543 0.6980049 0.6837113 0.6720070 0.6628587 0.6561736 0.6518073 0.6495398 0.6489400 0.6488212 0.6488212 0.6369711 0.6161519 0.5826612 0.5840286 0.5840286 0.6163518 0.6163518 0.6398138 0.6398138 0.6407199 0.6298810 0.6298810 0.6152471 0.6152471 0.6144382 0.6144382 0.6144382 0.6271290 0.6271290 0.6379364 0.6379364 0.6412326 0.6412326 0.6378883 0.6378883 0.6314043 0.6314043 0.6314043
0.8765489 0.8765489 0.8659391 0.8649619 0.8588185 0.8588185 0.8543407 0.8480642 0.8480642 0.8435632 0.8435632 0.8399136 0.8382946 0.8367835 0.8349015 0.8349015 0.7957805 0.7698786 0.7443469 0.7204585 0.6988220 0.6797450 0.6633673 0.6497304 0.6388156 0.6305550 0.6248352 0.6214831 0.6201932 0.6202843 0.6202843 0.6147369 0.6043441 0.6069634 0.6310983 0.6310983 0.6774373 0.6774373 0.6805712 0.6805712 0.6713562 0.6471186 0.6471186 0.6239695 0.6239695 0.6085264 0.6085264 0.6085264 0.6136441 0.6136441 0.6226580 0.6226580 0.6284897 0.6284897 0.6291917 0.6291917 0.6265872 0.6265872 0.6265872
0.8765847 0.8765847 0.8660808 0.8649452 0.8587734 0.8587734 0.8543141 0.8480632 0.8480632 0.8435648 0.8435648 0.8399138 0.8382945 0.8367834 0.8347361 0.8347361 0.7870377 0.7579077 0.7297124 0.7035533 0.6799170 0.6590250 0.6409633 0.6257458 0.6133460 0.6037065 0.5967405 0.5923228 0.5902889 0.5905962 0.5905962 0.5906203 0.5939007 0.6525073 0.6970978 0.6970978 0.7307677 0.7307677 0.7093021 0.7093021 0.6930472 0.6606901 0.6606901 0.6321377 0.6321377 0.6058372 0.6058372 0.6058372 0.6034314 0.6034314 0.6087599 0.6087599 0.6153493 0.6153493 0.6194554 0.6194554 0.6209600 0.6209600 0.6209600
0.8766986 0.8766986 0.8665054 0.8648956 0.8586382 0.8586382 0.8542376 0.8480601 0.8480601 0.8435684 0.8435684 0.8399144 0.8382946 0.8367835 0.8345091 0.8345091 0.7742230 0.7413911 0.7105402 0.6823931 0.6571903 0.6349837 0.6157480 0.5994287 0.5859615 0.5752800 0.5673107 0.5619749 0.5593303 0.5606307 0.5606307 0.5690532 0.5959643 0.7228302 0.7685757 0.7685757 0.7666935 0.7666935 0.7282163 0.7282163 0.7083901 0.6716956 0.6716956 0.6396399 0.6396399 0.6054102 0.6054102 0.6054102 0.5963702 0.5963702 0.5971083 0.5971083 0.6028700 0.6028700 0.6093786 0.6093786 0.6148449 0.6148449 0.6148449
0.8768868 0.8768868 0.8672534 0.8648203 0.8584167 0.8584167 0.8541180 0.8480614 0.8480614 0.8435819 0.8435819 0.8399236 0.8383026 0.8367904 0.8342041 0.8342041 0.7558666 0.7188367 0.6854076 0.6556687 0.6294596 0.6065695 0.5868014 0.5699915 0.5560120 0.5447661 0.5361782 0.5302295 0.5275357 0.5330927 0.5330927 0.5610868 0.6295589 0.8012808 0.8225247 0.8225247 0.7866650 0.7866650 0.7409281 0.7409281 0.7196510 0.6806642 0.6806642 0.6462352 0.6462352 0.6063207 0.6063207 0.6063207 0.5919172 0.5919172 0.5880619 0.5880619 0.5919545 0.5919545 0.5997977 0.5997977 0.6087394 0.6087394 0.6087394
