simulation_files/asc/Depth____000014.asc
NCOLS        79
NROWS        79
XLLCENTER         -1.500000
YLLCENTER         -4.800000
CELLSIZE           0.100
NODATA_VALUE     -9999.0
[rows 0 to 24 of 79, columns 0 to 56 of 79]
-9999.000 -9999.000 -9999.000 -9999.000 -9999.000 -9999.000 -9999.000 -9999.000 -9999.000 -9999.000 -9999.000 -9999.000 -9999.000 -9999.000 -9999.000 0.4927634E-01 0.4898497E-01 0.4892727E-01 0.4890601E-01 0.4889816E-01 0.4889529E-01 0.4889427E-01 0.4889402E-01 0.4889427E-01 0.4889528E-01 0.4889816E-01 0.4890601E-01 0.4892727E-01 0.4898497E-01 0.4927634E-01 0.4927634E-01 -9999.000 -9999.000 -9999.000 -9999.000 -9999.000 -9999.000 -9999.000 -9999.000 -9999.000 -9999.000 -9999.000 -9999.000 -9999.000 -9999.000 -9999.000 -9999.000 -9999.000 -9999.000 -9999.000 -9999.000 -9999.000 -9999.000 -9999.000 -9999.000 -9999.000 -9999.000
-9999.000 -9999.000 -9999.000 -9999.000 -9999.000 -9999.000 -9999.000 -9999.000 -9999.000 -9999.000 -9999.000 -9999.000 -9999.000 -9999.000 -9999.000 0.4962840E-01 0.4921948E-01 0.4910665E-01 0.4905202E-01 0.4902700E-01 0.4901608E-01 0.4901167E-01 0.4901050E-01 0.4901168E-01 0.4901608E-01 0.4902700E-01 0.4905203E-01 0.4910666E-01 0.4921948E-01 0.4962840E-01 0.4962840E-01 -9999.000 -9999.000 -9999.000 -9999.000 -9999.000 -9999.000 -9999.000 -9999.000 -9999.000 -9999.000 -9999.000 -9999.000 -9999.000 -9999.000 -9999.000 -9999.000 -9999.000 -9999.000 -9999.000 -9999.000 -9999.000 -9999.000 -9999.000 -9999.000 -9999.000 -9999.000
-9999.000 -9999.000 -9999.000 -9999.000 -9999.000 -9999.000 -9999.000 -9999.000 -9999.000 -9999.000 -9999.000 -9999.000 -9999.000 -9999.000 -9999.000 0.4987094E-01 0.4944429E-01 0.4929905E-01 0.4921195E-01 0.4916430E-01 0.4914021E-01 0.4912934E-01 0.4912627E-01 0.4912934E-01 0.4914022E-01 0.4916429E-01 0.4921195E-01 0.4929905E-01 0.4944428E-01 0.4987094E-01 0.4987094E-01 -9999.000 -9999.000 -9999.000 -9999.000 -9999.000 -9999.000 -9999.000 -9999.000 -9999.000 -9999.000 -9999.000 -9999.000 -9999.000 -9999.000 -9999.000 -9999.000 -9999.000 -9999.000 -9999.000 -9999.000 -9999.000 -9999.000 -9999.000 -9999.000 -9999.000 -9999.000
-9999.000 -9999.000 -9999.000 -9999.000 -9999.000 -9999.000 -9999.000 -9999.000 -9999.000 -9999.000 -9999.000 -9999.000 -9999.000 -9999.000 -9999.000 0.5003799E-01 0.4964355E-01 0.4949009E-01 0.4938032E-01 0.4931038E-01 0.4927034E-01 0.4925047E-01 0.4924454E-01 0.4925047E-01 0.4927034E-01 0.4931038E-01 0.4938032E-01 0.4949009E-01 0.4964358E-01 0.5003800E-01 0.5003800E-01 -9999.000 -9999.000 -9999.000 -9999.000 -9999.000 -9999.000 -9999.000 -9999.000 -9999.000 -9999.000 -9999.000 -9999.000 -9999.000 -9999.000 -9999.000 -9999.000 -9999.000 -9999.000 -9999.000 -9999.000 -9999.000 -9999.000 -9999.000 -9999.000 -9999.000 -9999.000
-9999.000 -9999.000 -9999.000 -9999.000 -9999.000 -9999.000 -9999.000 -9999.000 -9999.000 -9999.000 -9999.000 -9999.000 -9999.000 -9999.000 -9999.000 0.5015639E-01 0.4981292E-01 0.4966926E-01 0.4954989E-01 0.4946299E-01 0.4940752E-01 0.4937769E-01 0.4936838E-01 0.4937769E-01 0.4940753E-01 0.4946300E-01 0.4954989E-01 0.4966926E-01 0.4981292E-01 0.5015640E-01 0.5015640E-01 -9999.000 -9999.000 -9999.000 -9999.000 -9999.000 -9999.000 -9999.000 -9999.000 -9999.000 -9999.000 -9999.000 -9999.000 -9999.000 -9999.000 -9999.000 -9999.000 -9999.000 -9999.000 -9999.000 -9999.000 -9999.000 -9999.000 -9999.000 -9999.000 -9999.000 -9999.000
-9999.000 -9999.000 -9999.000 -9999.000 -9999.000 -9999.000 -9999.000 -9999.000 -9999.000 -9999.000 -9999.000 -9999.000 -9999.000 -9999.000 -9999.000 0.5024544E-01 0.4995427E-01 0.4983086E-01 0.4971407E-01 0.4961838E-01 0.4955120E-01 0.4951246E-01 0.4949991E-01 0.4951246E-01 0.4955121E-01 0.4961839E-01 0.4971407E-01 0.4983086E-01 0.4995427E-01 0.5024544E-01 0.5024544E-01 -9999.000 -9999.000 -9999.000 -9999.000 -9999.000 -9999.000 -9999.000 -9999.000 -9999.000 -9999.000 -9999.000 -9999.000 -9999.000 -9999.000 -9999.000 -9999.000 -9999.000 -9999.000 -9999.000 -9999.000 -9999.000 -9999.000 -9999.000 -9999.000 -9999.000 -9999.000
-9999.000 -9999.000 -9999.000 -9999.000 -9999.000 -9999.000 -9999.000 -9999.000 -9999.000 -9999.000 -9999.000 -9999.000 -9999.000 -9999.000 -9999.000 0.5031799E-01 0.5007234E-01 0.4997329E-01 0.4986833E-01 0.4977264E-01 0.4969956E-01 0.4965482E-01 0.4963987E-01 0.4965482E-01 0.4969956E-01 0.4977264E-01 0.4986835E-01 0.4997330E-01 0.5007234E-01 0.5031799E-01 0.5031799E-01 -9999.000 -9999.000 -9999.000 -9999.000 -9999.000 -9999.000 -9999.000 -9999.000 -9999.000 -9999.000 -9999.000 -9999.000 -9999.000 -9999.000 -9999.000 -9999.000 -9999.000 -9999.000 -9999.000 -9999.000 -9999.000 -9999.000 -9999.000 -9999.000 -9999.000 -9999.000
-9999.000 -9999.000 -9999.000 -9999.000 -9999.000 -9999.000 -9999.000 -9999.000 -9999.000 -9999.000 -9999.000 -9999.000 -9999.000 -9999.000 -9999.000 0.8395564E-01 0.7298505E-01 0.6239969E-01 0.5417575E-01 0.5070366E-01 0.5001517E-01 0.4983823E-01 0.4979477E-01 0.4980497E-01 0.4985043E-01 0.4992256E-01 0.5001042E-01 0.5009780E-01 0.5017265E-01 0.5038211E-01 0.5038211E-01 -9999.000 -9999.000 -9999.000 -9999.000 -9999.000 -9999.000 -9999.000 -9999.000 -9999.000 -9999.000 -9999.000 -9999.000 -9999.000 -9999.000 -9999.000 -9999.000 -9999.000 -9999.000 -9999.000 -9999.000 -9999.000 -9999.000 -9999.000 -9999.000 -9999.000 -9999.000
-9999.000 -9999.000 -9999.000 -9999.000 -9999.000 -9999.000 -9999.000 -9999.000 -9999.000 -9999.000 -9999.000 -9999.000 -9999.000 -9999.000 -9999.000 0.1210528 0.1221752 0.1211841 0.1182227 0.1111398 0.9986697E-01 0.8563592E-01 0.6989083E-01 0.5678464E-01 0.5152515E-01 0.5042417E-01 0.5022417E-01 0.5022698E-01 0.5026492E-01 0.5044401E-01 0.5044401E-01 -9999.000 -9999.000 -9999.000 -9999.000 -9999.000 -9999.000 -9999.000 -9999.000 -9999.000 -9999.000 -9999.000 -9999.000 -9999.000 -9999.000 -9999.000 -9999.000 -9999.000 -9999.000 -9999.000 -9999.000 -9999.000 -9999.000 -9999.000 -9999.000 -9999.000 -9999.000
-9999.000 -9999.000 -9999.000 -9999.000 -9999.000 -9999.000 -9999.000 -9999.000 -9999.000 -9999.000 -9999.000 -9999.000 -9999.000 -9999.000 -9999.000 0.1274176 0.1286726 0.1285435 0.1282275 0.1277041 0.1270902 0.1261799 0.1244426 0.1205527 0.1115658 0.9907097E-01 0.8627450E-01 0.7579970E-01 0.7070677E-01 0.8194891E-01 0.8194891E-01 -9999.000 -9999.000 -9999.000 -9999.000 -9999.000 -9999.000 -9999.000 -9999.000 -9999.000 -9999.000 -9999.000 -9999.000 -9999.000 -9999.000 -9999.000 -9999.000 -9999.000 -9999.000 -9999.000 -9999.000 -9999.000 -9999.000 -9999.000 -9999.000 -9999.000 -9999.000
-9999.000 -9999.000 -9999.000 -9999.000 -9999.000 -9999.000 -9999.000 -9999.000 -9999.000 -9999.000 -9999.000 -9999.000 -9999.000 -9999.000 -9999.000 0.1319074 0.1331168 0.1328338 0.1323813 0.1318742 0.1314867 0.1313262 0.1314865 0.1318082 0.1322627 0.1331612 0.1339149 0.1338621 0.1326093 0.1308645 0.1308645 -9999.000 -9999.000 -9999.000 -9999.000 -9999.000 -9999.000 -9999.000 -9999.000 -9999.000 -9999.000 -9999.000 -9999.000 -9999.000 -9999.000 -9999.000 -9999.000 -9999.000 -9999.000 -9999.000 -9999.000 -9999.000 -9999.000 -9999.000 -9999.000 -9999.000 -9999.000
-9999.000 -9999.000 -9999.000 -9999.000 -9999.000 -9999.000 -9999.000 -9999.000 -9999.000 -9999.000 -9999.000 -9999.000 -9999.000 -9999.000 -9999.000 0.1357380 0.1369708 0.1366465 0.1361122 0.1355734 0.1351804 0.1350336 0.1351373 0.1353413 0.1357087 0.1364024 0.1370464 0.1372429 0.1369356 0.1362652 0.1362652 -9999.000 -9999.000 -9999.000 -9999.000 -9999.000 -9999.000 -9999.000 -9999.000 -9999.000 -9999.000 -9999.000 -9999.000 -9999.000 -9999.000 -9999.000 -9999.000 -9999.000 -9999.000 -9999.000 -9999.000 -9999.000 -9999.000 -9999.000 -9999.000 -9999.000 -9999.000
-9999.000 -9999.000 -9999.000 -9999.000 -9999.000 -9999.000 -9999.000 -9999.000 -9999.000 -9999.000 -9999.000 -9999.000 -9999.000 -9999.000 -9999.000 0.1390694 0.1403343 0.1400351 0.1394754 0.1388959 0.1384306 0.1381397 0.1379511 0.1377586 0.1376692 0.1377096 0.1376294 0.1372666 0.1367458 0.1364373 0.1364373 -9999.000 -9999.000 -9999.000 -9999.000 -9999.000 -9999.000 -9999.000 -9999.000 -9999.000 -9999.000 -9999.000 -9999.000 -9999.000 -9999.000 -9999.000 -9999.000 -9999.000 -9999.000 -9999.000 -9999.000 -9999.000 -9999.000 -9999.000 -9999.000 -9999.000 -9999.000
-9999.000 -9999.000 -9999.000 -9999.000 -9999.000 -9999.000 -9999.000 -9999.000 -9999.000 -9999.000 -9999.000 -9999.000 -9999.000 -9999.000 -9999.000 0.1419574 0.1432628 0.1430213 0.1424590 0.1418222 0.1412334 0.1407199 0.1401940 0.1396021 0.1390356 0.1384588 0.1377103 0.1367283 0.1355800 0.1348836 0.1348836 -9999.000 -9999.000 -9999.000 -9999.000 -9999.000 -9999.000 -9999.000 -9999.000 -9999.000 -9999.000 -9999.000 -9999.000 -9999.000 -9999.000 -9999.000 -9999.000 -9999.000 -9999.000 -9999.000 -9999.000 -9999.000 -9999.000 -9999.000 -9999.000 -9999.000 -9999.000
-9999.000 -9999.000 -9999.000 -9999.000 -9999.000 -9999.000 -9999.000 -9999.000 -9999.000 -9999.000 -9999.000 -9999.000 -9999.000 -9999.000 -9999.000 0.1441949 0.1457554 0.1456513 0.1451136 0.1444101 0.1436686 0.1429057 0.1420534 0.1410831 0.1400180 0.1387676 0.1371826 0.1351559 0.1325178 0.1297032 0.1297032 -9999.000 -9999.000 -9999.000 -9999.000 -9999.000 -9999.000 -9999.000 -9999.000 -9999.000 -9999.000 -9999.000 -9999.000 -9999.000 -9999.000 -9999.000 -9999.000 -9999.000 -9999.000 -9999.000 -9999.000 -9999.000 -9999.000 -9999.000 -9999.000 -9999.000 -9999.000
0.1297365 0.1297365 0.1301204 0.1314868 0.1322125 0.1322125 0.1329912 0.1347971 0.1347971 0.1371264 0.1371264 0.1403150 0.1423822 0.1448365 0.1476613 0.1476613 0.1511420 0.1502825 0.1488799 0.1473552 0.1458774 0.1444507 0.1429922 0.1414177 0.1396043 0.1372918 0.1340482 0.1290081 0.1197142 0.9636523E-01 0.9636523E-01 0.3249471E-01 0.1620102E-01 0.1251102E-01 0.1329701E-01 0.1329701E-01 0.2608641E-01 0.2608641E-01 0.2910251E-01 0.2910251E-01 0.3034141E-01 0.3925548E-01 0.3925548E-01 0.5117695E-01 0.5117695E-01 0.6094459E-01 0.6094459E-01 0.6094459E-01 0.6343776E-01 0.6343776E-01 0.6433085E-01 0.6433085E-01 0.6428970E-01 0.6428970E-01 0.6367142E-01 0.6367142E-01 0.6267994E-01
0.1292825 0.1292825 0.1299925 0.1313855 0.1321270 0.1321270 0.1329244 0.1347760 0.1347760 0.1371401 0.1371401 0.1402262 0.1420867 0.1441404 0.1463040 0.1463040 0.1485834 0.1484215 0.1476926 0.1466101 0.1453096 0.1438397 0.1421875 0.1403003 0.1380400 0.1351573 0.1312953 0.1258181 0.1171980 0.1003451 0.1003451 0.5809581E-01 0.4173394E-01 0.2980396E-01 0.2837449E-01 0.2837449E-01 0.2680903E-01 0.2680903E-01 0.3018226E-01 0.3018226E-01 0.3154768E-01 0.3958789E-01 0.3958789E-01 0.5117996E-01 0.5117996E-01 0.6028278E-01 0.6028278E-01 0.6028278E-01 0.6287023E-01 0.6287023E-01 0.6393551E-01 0.6393551E-01 0.6401869E-01 0.6401869E-01 0.6346943E-01 0.6346943E-01 0.6249399E-01
0.1289714 0.1289714 0.1299469 0.1313094 0.1320276 0.1320276 0.1327932 0.1345431 0.1345431 0.1367173 0.1367173 0.1394545 0.1410546 0.1427873 0.1445907 0.1445907 0.1461947 0.1460946 0.1455769 0.1447371 0.1436321 0.1422719 0.1406374 0.1386725 0.1362410 0.1331266 0.1290435 0.1235044 0.1154239 0.1013886 0.1013886 0.6824459E-01 0.5353086E-01 0.4062062E-01 0.3645686E-01 0.3645686E-01 0.3260219E-01 0.3260219E-01 0.3496194E-01 0.3496194E-01 0.3693339E-01 0.4321891E-01 0.4321891E-01 0.5112534E-01 0.5112534E-01 0.5917417E-01 0.5917417E-01 0.5917417E-01 0.6176998E-01 0.6176998E-01 0.6312660E-01 0.6312660E-01 0.6350248E-01 0.6350248E-01 0.6316455E-01 0.6316455E-01 0.6231868E-01
0.1286300 0.1286300 0.1298813 0.1312058 0.1318934 0.1318934 0.1326184 0.1342439 0.1342439 0.1362059 0.1362059 0.1385958 0.1399591 0.1414166 0.1429256 0.1429256 0.1439304 0.1437427 0.1432456 0.1424775 0.1414552 0.1401651 0.1385738 0.1366144 0.1341553 0.1310074 0.1269297 0.1215270 0.1139773 0.1017655 0.1017655 0.7493707E-01 0.6132820E-01 0.4803286E-01 0.4370956E-01 0.4370956E-01 0.3989420E-01 0.3989420E-01 0.4259108E-01 0.4259108E-01 0.4484174E-01 0.4919090E-01 0.4919090E-01 0.5303094E-01 0.5303094E-01 0.5792889E-01 0.5792889E-01 0.5792889E-01 0.6006475E-01 0.6006475E-01 0.6151947E-01 0.6151947E-01 0.6219683E-01 0.6219683E-01 0.6216575E-01 0.6216575E-01 0.6156677E-01
0.1282588 0.1282588 0.1298007 0.1310775 0.1317285 0.1317285 0.1324061 0.1338920 0.1338920 0.1356285 0.1356285 0.1376734 0.1388119 0.1400139 0.1412515 0.1412515 0.1416856 0.1413497 0.1407930 0.1400169 0.1390122 0.1377500 0.1361866 0.1342507 0.1318232 0.1287408 0.1247932 0.1196440 0.1126411 0.1018541 0.1018541 0.7972468E-01 0.6722596E-01 0.5467951E-01 0.5098548E-01 0.5098548E-01 0.4899110E-01 0.4899110E-01 0.5225569E-01 0.5225569E-01 0.5392599E-01 0.5560167E-01 0.5560167E-01 0.5614398E-01 0.5614398E-01 0.5744333E-01 0.5744333E-01 0.5744333E-01 0.5846024E-01 0.5846024E-01 0.5956761E-01 0.5956761E-01 0.6036072E-01 0.6036072E-01 0.6062329E-01 0.6062329E-01 0.6033148E-01
0.1278666 0.1278666 0.1297114 0.1309318 0.1315420 0.1315420 0.1321677 0.1335043 0.1335043 0.1350068 0.1350068 0.1367043 0.1376207 0.1385713 0.1395396 0.1395396 0.1393899 0.1388677 0.1382063 0.1373819 0.1363645 0.1351114 0.1335690 0.1316650 0.1292959 0.1263263 0.1225745 0.1177510 0.1113211 0.1017652 0.1017652 0.8331618E-01 0.7196025E-01 0.6146774E-01 0.5929530E-01 0.5929530E-01 0.5986348E-01 0.5986348E-01 0.6224565E-01 0.6224565E-01 0.6254911E-01 0.6147184E-01 0.6147184E-01 0.5971788E-01 0.5971788E-01 0.5801575E-01 0.5801575E-01 0.5801575E-01 0.5755110E-01 0.5755110E-01 0.5778227E-01 0.5778227E-01 0.5828117E-01 0.5828117E-01 0.5863989E-01 0.5863989E-01 0.5862303E-01
0.1274662 0.1274662 0.1296186 0.1307763 0.1313431 0.1313431 0.1319143 0.1330966 0.1330966 0.1343600 0.1343600 0.1357038 0.1363929 0.1370826 0.1377650 0.1377650 0.1369767 0.1362369 0.1354409 0.1345454 0.1335026 0.1322563 0.1307429 0.1288884 0.1266035 0.1237797 0.1202677 0.1158249 0.1100110 0.1016187 0.1016187 0.8630749E-01 0.7637753E-01 0.6969998E-01 0.6954923E-01 0.6954923E-01 0.7121593E-01 0.7121593E-01 0.7094463E-01 0.7094463E-01 0.6974906E-01 0.6651980E-01 0.6651980E-01 0.6326535E-01 0.6326535E-01 0.5941753E-01 0.5941753E-01 0.5941753E-01 0.5755843E-01 0.5755843E-01 0.5663366E-01 0.5663366E-01 0.5640218E-01 0.5640218E-01 0.5649149E-01 0.5649149E-01 0.5655158E-01
0.1270733 0.1270733 0.1295270 0.1306180 0.1311402 0.1311402 0.1316563 0.1326836 0.1326836 0.1337062 0.1337062 0.1346870 0.1351363 0.1355425 0.1359004 0.1359004 0.1343647 0.1333789 0.1324290 0.1314514 0.1303815 0.1291502 0.1276850 0.1259101 0.1237477 0.1211142 0.1178971 0.1139090 0.1088026 0.1016445 0.1016445 0.8942451E-01 0.8164795E-01 0.7999780E-01 0.8105289E-01 0.8105289E-01 0.8115880E-01 0.8115880E-01 0.7773979E-01 0.7773979E-01 0.7543804E-01 0.7079678E-01 0.7079678E-01 0.6655767E-01 0.6655767E-01 0.6124567E-01 0.6124567E-01 0.6124567E-01 0.5830320E-01 0.5830320E-01 0.5628039E-01 0.5628039E-01 0.5510347E-01 0.5510347E-01 0.5457116E-01 0.5457116E-01 0.5439090E-01
0.1267056 0.1267056 0.1294407 0.1304636 0.1309418 0.1309418 0.1314038 0.1322795 0.1322795 0.1330637 0.1330637 0.1336717 0.1338629 0.1339484 0.1339144 0.1339144 0.1314410 0.1301850 0.1290742 0.1280174 0.1269302 0.1257319 0.1243432 0.1226895 0.1207054 0.1183344 0.1155095 0.1121149 0.1079099 0.1021774 0.1021774 0.9367893E-01 0.8907623E-01 0.9113774E-01 0.9172299E-01 0.9172299E-01 0.8882435E-01 0.8882435E-01 0.8290624E-01 0.8290624E-01 0.7993340E-01 0.7440273E-01 0.7440273E-01 0.6948850E-01 0.6948850E-01 0.6317054E-01 0.6317054E-01 0.6317054E-01 0.5945548E-01 0.5945548E-01 0.5656857E-01 0.5656857E-01 0.5449877E-01 0.5449877E-01 0.5318664E-01 0.5318664E-01 0.5248468E-01
0.1263821 0.1263821 0.1293628 0.1303191 0.1307554 0.1307554 0.1311662 0.1318981 0.1318981 0.1324517 0.1324517 0.1326805 0.1325922 0.1323064 0.1317738 0.1317738 0.1280366 0.1264987 0.1252407 0.1241270 0.1230489 0.1219142 0.1206414 0.1191632 0.1174355 0.1154423 0.1131846 0.1106525 0.1077551 0.1040558 0.1040558 0.9960439E-01 0.9887327E-01 0.1009972 0.1001374 0.1001374 0.9459084E-01 0.9459084E-01 0.8686407E-01 0.8686407E-01 0.8349783E-01 0.7738473E-01 0.7738473E-01 0.7199590E-01 0.7199590E-01 0.6497918E-01 0.6497918E-01 0.6497918E-01 0.6072665E-01 0.6072665E-01 0.5722165E-01 0.5722165E-01 0.5445105E-01 0.5445105E-01 0.5241312E-01 0.5241312E-01 0.5107428E-01
