simulation_files/asc/Depth____690.0.asc
NCOLS       216
NROWS       273
XLLCENTER        494.688995
YLLCENTER        787.867981
CELLSIZE           0.500
NODATA_VALUE     -9999.0
[rows 162 to 188 of 273, columns 118 to 176 of 216]
1.970269 2.647368 2.845225 2.880416 2.889006 2.897613 2.672361 2.100138 1.565047 0.6746928 0.1437630 0.7476078E-01 0.1036941 0.1514340 0.1309634 0.1145182 0.1380182 0.1518572 0.1740056 0.1780502 0.1741715 0.1414340 0.9626442E-01 0.9993100E-01 0.1270296 0.1322128 0.9665921E-01 0.5765740E-01 -9999.000 -9999.000 -9999.000 -9999.000 -9999.000 -9999.000 -9999.000 -9999.000 -9999.000 -9999.000 -9999.000 -9999.000 -9999.000 -9999.000 -9999.000 -9999.000 -9999.000 -9999.000 -9999.000 -9999.000 -9999.000 -9999.000 -9999.000 -9999.000 -9999.000 -9999.000 -9999.000 -9999.000 -9999.000 -9999.000 -9999.000
1.632820 2.554509 2.838116 2.869435 2.868370 2.460359 1.867949 1.146925 0.5755909 0.1698971 0.1248197 0.1134671 0.1230359 0.1167005 0.1280338 0.1369256 0.1397494 0.1392124 0.1734070 0.1966622 0.2002279 0.1484335 0.1074085 0.1100690 0.1460764 0.1598448 0.1369354 0.9150498E-01 0.4327595E-01 -9999.000 -9999.000 -9999.000 -9999.000 -9999.000 -9999.000 -9999.000 -9999.000 -9999.000 -9999.000 -9999.000 -9999.000 -9999.000 -9999.000 -9999.000 -9999.000 -9999.000 -9999.000 -9999.000 -9999.000 -9999.000 -9999.000 -9999.000 -9999.000 -9999.000 -9999.000 -9999.000 -9999.000 -9999.000 -9999.000
1.235265 2.263082 2.717426 2.857630 2.433991 1.515266 -9999.000 0.1922047 0.1317822 0.9827758E-01 0.1101330 0.9978949E-01 0.9596150E-01 0.8398106E-01 0.1071095 0.1310391 0.1261133 0.1273752 0.1506179 0.1829577 0.1936134 0.1325567 0.9753920E-01 0.1119583 0.1528146 0.1603218 0.1250397 0.9793875E-01 0.5075213E-01 -9999.000 -9999.000 -9999.000 -9999.000 -9999.000 -9999.000 -9999.000 -9999.000 -9999.000 -9999.000 -9999.000 -9999.000 -9999.000 -9999.000 -9999.000 -9999.000 -9999.000 -9999.000 -9999.000 -9999.000 -9999.000 -9999.000 -9999.000 -9999.000 -9999.000 -9999.000 -9999.000 -9999.000 -9999.000 -9999.000
-9999.000 1.455537 2.275653 2.375348 1.461367 0.4700654 0.1110907 0.1242512 0.9786776E-01 0.6530767E-01 0.5554414E-01 0.5851491E-01 0.7451170E-01 0.7459641E-01 0.9715359E-01 0.1251219 0.1318984 0.1501366 0.1737175 0.2013547 0.1679414 0.1054205 0.8734585E-01 0.1042146 0.1428292 0.1403994 0.1287429 0.9653381E-01 0.5370005E-01 0.2160095E-01 -9999.000 -9999.000 -9999.000 -9999.000 -9999.000 -9999.000 -9999.000 -9999.000 -9999.000 -9999.000 -9999.000 -9999.000 -9999.000 -9999.000 -9999.000 -9999.000 -9999.000 -9999.000 -9999.000 -9999.000 -9999.000 -9999.000 -9999.000 -9999.000 -9999.000 -9999.000 -9999.000 -9999.000 -9999.000
-9999.000 0.6342627 1.336958 1.140176 0.4465498 0.1209127 0.1436601 0.1272181 0.1141155 0.8050972E-01 0.4620253E-01 0.4305370E-01 0.5772478E-01 0.5895519E-01 0.1005550 0.1520593 0.1825574 0.2070135 0.2296643 0.2100243 0.1299404 0.1116673 0.1095015 0.1183189 0.1391817 0.1514946 0.1446634 0.1200338 0.8938490E-01 0.5078496E-01 -9999.000 -9999.000 0.1836429E-01 -9999.000 -9999.000 -9999.000 -9999.000 -9999.000 -9999.000 -9999.000 -9999.000 -9999.000 -9999.000 -9999.000 -9999.000 -9999.000 -9999.000 -9999.000 -9999.000 -9999.000 -9999.000 -9999.000 -9999.000 -9999.000 -9999.000 -9999.000 -9999.000 -9999.000 -9999.000
-9999.000 -9999.000 -9999.000 0.2342662 0.1321466 0.1727937 0.1487627 0.1418691 0.1456202 0.1165168 0.8830480E-01 0.7294061E-01 0.6492787E-01 0.6543526E-01 0.1200207 0.1949365 0.2106346 0.2238953 0.2308712 0.1615058 0.9054896E-01 0.1226882 0.1317853 0.1445220 0.1498884 0.1236516 0.1213717 0.1202444 0.1072084 0.7178433E-01 -9999.000 -9999.000 -9999.000 -9999.000 -9999.000 -9999.000 -9999.000 -9999.000 -9999.000 -9999.000 -9999.000 -9999.000 -9999.000 -9999.000 -9999.000 -9999.000 -9999.000 -9999.000 -9999.000 -9999.000 -9999.000 -9999.000 -9999.000 -9999.000 -9999.000 -9999.000 -9999.000 -9999.000 -9999.000
-9999.000 -9999.000 -9999.000 0.6398522E-01 0.1637884 0.1715247 0.1708107 0.1775348 0.1841315 0.1672671 0.1472895 0.1267812 0.1026374 0.9780775E-01 0.1268774 0.1730267 0.1844479 0.1893563 0.1587948 0.1266389 0.8578434E-01 0.1146782 0.1344184 0.1509550 0.1479109 0.9676083E-01 0.7900604E-01 0.1007066 0.1093553 0.9016866E-01 0.4639423E-01 0.1484307E-01 -9999.000 -9999.000 -9999.000 -9999.000 -9999.000 -9999.000 -9999.000 -9999.000 -9999.000 -9999.000 -9999.000 -9999.000 -9999.000 -9999.000 -9999.000 -9999.000 -9999.000 -9999.000 -9999.000 -9999.000 -9999.000 -9999.000 -9999.000 -9999.000 -9999.000 -9999.000 -9999.000
-9999.000 -9999.000 -9999.000 0.6011431E-01 0.9301214E-01 0.1258155 0.1757736 0.2026937 0.1890864 0.1664503 0.1483102 0.1486507 0.1322826 0.1091511 0.9866741E-01 0.8277496E-01 0.1169798 0.1092808 0.1143690 0.1522011 0.1252532 0.1413220 0.1690515 0.1946735 0.1865076 0.1283462 0.9176398E-01 0.9867971E-01 0.1116327 0.1100795 0.6987572E-01 0.3101865E-01 0.2221453E-01 -9999.000 -9999.000 -9999.000 -9999.000 -9999.000 -9999.000 -9999.000 -9999.000 -9999.000 -9999.000 -9999.000 -9999.000 -9999.000 -9999.000 -9999.000 -9999.000 -9999.000 -9999.000 -9999.000 -9999.000 -9999.000 -9999.000 -9999.000 -9999.000 -9999.000 -9999.000
-9999.000 -9999.000 -9999.000 -9999.000 0.5821866E-01 0.1035296 0.1636317 0.1850949 0.1815189 0.1618715 0.1363808 0.1128582 0.9105668E-01 0.7732234E-01 0.8336698E-01 0.1051441 0.1214847 0.1020204 0.1101906 0.1321699 0.1223543 0.1543153 0.2169646 0.2553685 0.2391588 0.1679369 0.1097733 0.1094925 0.1215813 0.1327656 0.9370011E-01 0.5682013E-01 0.4208883E-01 0.3131518E-01 -9999.000 -9999.000 -9999.000 -9999.000 -9999.000 -9999.000 -9999.000 -9999.000 -9999.000 -9999.000 -9999.000 -9999.000 -9999.000 -9999.000 -9999.000 -9999.000 -9999.000 -9999.000 -9999.000 -9999.000 -9999.000 -9999.000 -9999.000 -9999.000 -9999.000
-9999.000 -9999.000 -9999.000 -9999.000 -9999.000 0.6541727E-01 0.1012274 0.1424923 0.1730903 0.1927476 0.1400737 0.6935323E-01 0.4372438E-01 0.3859760E-01 0.7572611E-01 0.1405155 0.1756968 0.1861990 0.1351168 0.7610232E-01 0.6442906E-01 0.1289408 0.2335898 0.2709167 0.2296055 0.1612883 0.1243668 0.1421879 0.1649236 0.1705592 0.1174748 0.8960819E-01 0.9266741E-01 0.7080102E-01 0.5087540E-01 0.4127959E-01 -9999.000 -9999.000 -9999.000 -9999.000 -9999.000 -9999.000 -9999.000 -9999.000 -9999.000 -9999.000 -9999.000 -9999.000 -9999.000 -9999.000 -9999.000 -9999.000 -9999.000 -9999.000 -9999.000 -9999.000 -9999.000 -9999.000 -9999.000
-9999.000 -9999.000 -9999.000 -9999.000 -9999.000 0.3543714E-01 0.4830851E-01 0.1064624 0.1628106 0.1920528 0.1551630 0.8228168E-01 0.5717715E-01 0.6176888E-01 0.9342218E-01 0.1538195 0.1878498 0.2169759 0.1815083 0.1042457 0.8361999E-01 0.1422398 0.2237230 0.2387750 0.2035969 0.1455764 0.1218089 0.1285450 0.1600757 0.1800801 0.1411295 0.1341967 0.1474504 0.1379453 0.8279589E-01 0.6318516E-01 0.6164330E-01 0.4253458E-01 -9999.000 -9999.000 -9999.000 -9999.000 -9999.000 -9999.000 -9999.000 -9999.000 -9999.000 -9999.000 -9999.000 -9999.000 -9999.000 -9999.000 -9999.000 -9999.000 -9999.000 -9999.000 -9999.000 -9999.000 -9999.000
-9999.000 -9999.000 -9999.000 -9999.000 -9999.000 -9999.000 0.6518433E-01 0.1011838 0.1448328 0.1708199 0.1707996 0.1323709 0.9301160E-01 0.9605478E-01 0.1219355 0.1573243 0.1838923 0.2289421 0.2335928 0.1914646 0.1816080 0.1833736 0.1957919 0.2103455 0.1477700 0.1154574 0.9930723E-01 0.9027771E-01 0.1095478 0.1492904 0.1365707 0.1421029 0.1584820 0.1524060 0.1173513 0.8877231E-01 0.9709315E-01 0.8991185E-01 0.5058075E-01 -9999.000 -9999.000 -9999.000 -9999.000 -9999.000 -9999.000 -9999.000 -9999.000 -9999.000 -9999.000 -9999.000 -9999.000 -9999.000 -9999.000 -9999.000 -9999.000 -9999.000 -9999.000 -9999.000 -9999.000
-9999.000 -9999.000 -9999.000 -9999.000 -9999.000 -9999.000 0.8484262E-01 0.9621628E-01 0.1267957 0.1640992 0.1888293 0.1643085 0.1181279 0.8814294E-01 0.1000655 0.1326452 0.1661748 0.2234589 0.2433409 0.2421662 0.2530534 0.2011010 0.1632853 0.1454281 0.1164226 0.9990094E-01 0.8687373E-01 0.8838321E-01 0.1099310 0.1384722 0.1225645 0.1107004 0.1202395 0.1331282 0.1163941 0.9121416E-01 0.1051710 0.9966188E-01 -9999.000 -9999.000 -9999.000 -9999.000 -9999.000 -9999.000 -9999.000 -9999.000 -9999.000 -9999.000 -9999.000 -9999.000 -9999.000 -9999.000 -9999.000 -9999.000 -9999.000 -9999.000 -9999.000 -9999.000 -9999.000
-9999.000 -9999.000 -9999.000 -9999.000 -9999.000 -9999.000 -9999.000 0.4990948E-01 0.8269101E-01 0.1526332 0.1997993 0.1798059 0.1220089 0.5878309E-01 0.4985718E-01 0.6854397E-01 0.1174337 0.2061289 0.2144360 0.2000350 0.1788912 0.1367720 0.1227015 0.1567783 0.1829810 0.1241667 0.1027789 0.1142395 0.1334188 0.1573520 0.1493370 0.1198385 0.1098662 0.1244105 0.1062065 0.6278594E-01 0.6377717E-01 0.9129270E-01 0.9217328E-01 0.7173416E-01 -9999.000 -9999.000 -9999.000 -9999.000 -9999.000 -9999.000 -9999.000 -9999.000 -9999.000 -9999.000 -9999.000 -9999.000 -9999.000 -9999.000 -9999.000 -9999.000 -9999.000 -9999.000 -9999.000
-9999.000 -9999.000 -9999.000 -9999.000 -9999.000 -9999.000 -9999.000 -9999.000 0.4234157E-01 0.1130662 0.1677730 0.1644701 0.1047559 0.3737600E-01 0.2094429E-01 0.2839951E-01 0.6852995E-01 0.1377629 0.1366379 0.1136626 0.8982689E-01 0.9238853E-01 0.1157020 0.1936289 0.2270552 0.1739952 0.1617728 0.1730752 0.1824010 0.1963260 0.2092007 0.2052109 0.1545919 0.1228957 0.7335285E-01 0.2930860E-01 0.5731739E-01 0.1014208 0.1135204 0.8847378E-01 -9999.000 -9999.000 -9999.000 -9999.000 -9999.000 -9999.000 -9999.000 -9999.000 -9999.000 -9999.000 -9999.000 -9999.000 -9999.000 -9999.000 -9999.000 -9999.000 -9999.000 -9999.000 -9999.000
-9999.000 -9999.000 -9999.000 -9999.000 -9999.000 -9999.000 -9999.000 -9999.000 -9999.000 0.6279394E-01 0.1245666 0.1437465 0.1118180 0.4562959E-01 0.1835084E-01 -9999.000 -9999.000 0.6199386E-01 0.7935331E-01 0.8497284E-01 0.1074164 0.1071608 0.1116408 0.1849246 0.2285972 0.2120436 0.2052581 0.2080264 0.1877750 0.1822840 0.2294795 0.2366151 0.2077587 0.1429678 0.5857251E-01 0.4601551E-01 0.8943806E-01 0.1055836 0.9560899E-01 0.8142058E-01 0.3975241E-01 -9999.000 -9999.000 -9999.000 -9999.000 -9999.000 -9999.000 -9999.000 -9999.000 -9999.000 -9999.000 -9999.000 -9999.000 -9999.000 -9999.000 -9999.000 -9999.000 -9999.000 -9999.000
-9999.000 -9999.000 -9999.000 -9999.000 -9999.000 -9999.000 -9999.000 -9999.000 -9999.000 0.4940045E-01 0.1151464 0.1405867 0.1305429 0.8114954E-01 0.3583006E-01 -9999.000 -9999.000 0.2984736E-01 0.4809888E-01 0.6908196E-01 0.1038673 0.1345568 0.1317744 0.1726899 0.2258220 0.2183426 0.1989263 0.1718355 0.1033713 0.1014148 0.1799468 0.2008021 0.1987862 0.1511727 0.1034217 0.1122312 0.1212778 0.1114615 0.9623289E-01 0.1108019 0.8452086E-01 -9999.000 -9999.000 -9999.000 -9999.000 -9999.000 -9999.000 -9999.000 -9999.000 -9999.000 -9999.000 -9999.000 -9999.000 -9999.000 -9999.000 -9999.000 -9999.000 -9999.000 -9999.000
-9999.000 -9999.000 -9999.000 -9999.000 -9999.000 -9999.000 -9999.000 -9999.000 -9999.000 -9999.000 0.7914545E-01 0.1146741 0.1318020 0.1088296 0.6915062E-01 0.2733552E-01 -9999.000 0.1632095E-01 0.3004627E-01 0.4920274E-01 0.9212034E-01 0.1489139 0.1552399 0.1676538 0.2215790 0.2012562 0.1583508 0.1008579 0.9308388E-01 0.1177729 0.1378626 0.1434915 0.1513432 0.1295515 0.1257360 0.1549919 0.1488032 0.1256676 0.1362499 0.1540915 0.1152617 -9999.000 -9999.000 -9999.000 -9999.000 -9999.000 -9999.000 -9999.000 -9999.000 -9999.000 -9999.000 -9999.000 -9999.000 -9999.000 -9999.000 -9999.000 -9999.000 -9999.000 -9999.000
-9999.000 -9999.000 -9999.000 -9999.000 -9999.000 -9999.000 -9999.000 -9999.000 -9999.000 -9999.000 -9999.000 0.1036416 0.1329201 0.1399146 0.9615053E-01 0.3890692E-01 0.1467001E-01 0.1547123E-01 0.2340941E-01 0.3626133E-01 0.6809311E-01 0.1164836 0.1259793 0.1606643 0.1979987 0.1695050 0.1053992 0.6801269E-01 0.1231752 0.1691859 0.1591061 0.1312626 0.1329594 0.1166919 0.1199527 0.1656582 0.1557896 0.1290892 0.1472066 0.1812536 0.1420599 0.7521763E-01 -9999.000 -9999.000 -9999.000 -9999.000 -9999.000 -9999.000 -9999.000 -9999.000 -9999.000 -9999.000 -9999.000 -9999.000 -9999.000 -9999.000 -9999.000 -9999.000 -9999.000
-9999.000 -9999.000 -9999.000 -9999.000 -9999.000 -9999.000 -9999.000 -9999.000 -9999.000 -9999.000 -9999.000 0.6325480E-01 0.1083223 0.1441894 0.1268625 0.6779449E-01 -9999.000 -9999.000 -9999.000 -9999.000 0.3709772E-01 0.7016137E-01 0.8392101E-01 0.1257624 0.1722341 0.1437496 0.1282928 0.1257088 0.1681619 0.1981653 0.2035710 0.1697169 0.1759656 0.1705633 0.1722953 0.1951333 0.1729653 0.1570656 0.1684765 0.1916105 0.1693894 0.9728029E-01 0.4952851E-01 -9999.000 -9999.000 -9999.000 -9999.000 -9999.000 -9999.000 -9999.000 -9999.000 -9999.000 -9999.000 -9999.000 -9999.000 -9999.000 -9999.000 -9999.000 -9999.000
-9999.000 -9999.000 -9999.000 -9999.000 -9999.000 -9999.000 -9999.000 -9999.000 -9999.000 -9999.000 -9999.000 -9999.000 0.5624161E-01 0.1087313 0.1147350 0.8374869E-01 0.4259381E-01 -9999.000 -9999.000 -9999.000 0.2126423E-01 0.3161603E-01 0.3107472E-01 0.6704515E-01 0.1526679 0.1744660 0.1765914 0.2067717 0.2071845 0.1872077 0.2099428 0.2430568 0.2644558 0.2851500 0.2599392 0.2234050 0.2017942 0.2058242 0.2102311 0.2184868 0.1931894 0.1398588 0.8665642E-01 -9999.000 -9999.000 -9999.000 -9999.000 -9999.000 -9999.000 -9999.000 -9999.000 -9999.000 -9999.000 -9999.000 -9999.000 -9999.000 -9999.000 -9999.000 -9999.000
-9999.000 -9999.000 -9999.000 -9999.000 -9999.000 -9999.000 -9999.000 -9999.000 -9999.000 -9999.000 -9999.000 0.1326214E-01 0.4498167E-01 0.1057399 0.1278537 0.1056838 0.6591840E-01 -9999.000 -9999.000 -9999.000 0.2304791E-01 0.2744220E-01 0.1589473E-01 0.4519115E-01 0.1214781 0.1522366 0.1698587 0.2251602 0.2423257 0.2010241 0.2100050 0.2719592 0.2932934 0.3028140 0.2905639 0.2450441 0.2244943 0.2182099 0.2266896 0.2338186 0.2209110 0.1992069 0.1299289 0.3894886E-01 -9999.000 -9999.000 -9999.000 -9999.000 -9999.000 -9999.000 -9999.000 -9999.000 -9999.000 -9999.000 -9999.000 -9999.000 -9999.000 -9999.000 -9999.000
-9999.000 -9999.000 -9999.000 -9999.000 -9999.000 -9999.000 -9999.000 -9999.000 -9999.000 -9999.000 -9999.000 -9999.000 -9999.000 0.1111621 0.1393918 0.1305147 0.9200885E-01 0.4281900E-01 0.1738656E-01 0.1901357E-01 0.2455707E-01 0.2226905E-01 0.1572284E-01 0.3878200E-01 0.7860007E-01 0.8735004E-01 0.1049611 0.1794679 0.2305095 0.2216695 0.2374796 0.2789473 0.2673785 0.2553352 0.2562093 0.2457354 0.2120276 0.2089217 0.2113628 0.2264249 0.2327960 0.2165449 0.1650030 0.7780280E-01 -9999.000 -9999.000 -9999.000 -9999.000 -9999.000 -9999.000 -9999.000 -9999.000 -9999.000 -9999.000 -9999.000 -9999.000 -9999.000 -9999.000 -9999.000
-9999.000 -9999.000 -9999.000 -9999.000 -9999.000 -9999.000 -9999.000 -9999.000 -9999.000 -9999.000 -9999.000 -9999.000 0.4477351E-01 0.1010282 0.1401959 0.1435967 0.1224066 0.6895338E-01 0.2451748E-01 0.2785206E-01 0.2753605E-01 0.3005375E-01 0.3729782E-01 0.5164381E-01 0.6144231E-01 0.4754794E-01 0.6279003E-01 0.1169654 0.1699107 0.1953032 0.2594830 0.2536388 0.1953602 0.1956201 0.2112598 0.1635905 0.1334902 0.1114675 0.1307816 0.1552671 0.1828880 0.1896920 0.1619214 0.9787837E-01 0.7798247E-01 -9999.000 -9999.000 -9999.000 -9999.000 -9999.000 -9999.000 -9999.000 -9999.000 -9999.000 -9999.000 -9999.000 -9999.000 -9999.000 -9999.000
-9999.000 -9999.000 -9999.000 -9999.000 -9999.000 -9999.000 -9999.000 -9999.000 -9999.000 -9999.000 -9999.000 -9999.000 -9999.000 0.7416533E-01 0.1253530 0.1414706 0.1323717 0.8734878E-01 0.4302025E-01 0.2547458E-01 0.2398768E-01 0.2753644E-01 0.4210198E-01 0.5251946E-01 0.4217224E-01 0.5067392E-01 0.8834092E-01 0.1244475 0.1565366 0.1900547 0.2181055 0.1774529 0.1378812 0.2142975 0.2426585 0.1867987 0.1204604 0.9797383E-01 0.1129546 0.1191919 0.1370275 0.1569591 0.1517683 0.1208172 0.8347318E-01 0.5740854E-01 -9999.000 -9999.000 -9999.000 -9999.000 -9999.000 -9999.000 -9999.000 -9999.000 -9999.000 -9999.000 -9999.000 -9999.000 -9999.000
-9999.000 -9999.000 -9999.000 -9999.000 -9999.000 -9999.000 -9999.000 -9999.000 -9999.000 -9999.000 -9999.000 -9999.000 -9999.000 0.6006057E-01 0.9996468E-01 0.1088841 0.1278399 0.1052203 0.4642265E-01 0.1937207E-01 -9999.000 -9999.000 -9999.000 0.2893987E-01 0.3854753E-01 0.6081799E-01 0.1259328 0.1535677 0.1581105 0.1493008 0.1500513 0.1317907 0.1282811 0.2154157 0.2803917 0.2677484 0.2144429 0.1475799 0.1415390 0.1611204 0.1662422 0.1625712 0.1582166 0.1277214 0.7843791E-01 0.4062959E-01 -9999.000 -9999.000 -9999.000 -9999.000 -9999.000 -9999.000 -9999.000 -9999.000 -9999.000 -9999.000 -9999.000 -9999.000 -9999.000
-9999.000 -9999.000 -9999.000 -9999.000 -9999.000 -9999.000 -9999.000 -9999.000 -9999.000 -9999.000 -9999.000 -9999.000 -9999.000 0.6768765E-01 0.8427473E-01 0.9451863E-01 0.1242809 0.1154495 0.6960471E-01 0.4147952E-01 0.2057849E-01 -9999.000 0.1059294E-01 -9999.000 0.3085292E-01 0.4037329E-01 0.8132312E-01 0.1050421 0.1266993 0.1218693 0.1428938 0.1698806 0.1527422 0.1923843 0.2450904 0.2650975 0.2308511 0.1820027 0.1666233 0.1820277 0.1768274 0.1580556 0.1551006 0.1392468 0.1125071 0.8087373E-01 0.5236891E-01 0.2732857E-01 -9999.000 -9999.000 -9999.000 -9999.000 -9999.000 -9999.000 -9999.000 -9999.000 -9999.000 -9999.000 -9999.000
