simulation_files/asc/Depth____105.0.asc
NCOLS        79
NROWS        79
XLLCENTER         -1.500000
YLLCENTER         -4.800000
CELLSIZE           0.100
NODATA_VALUE     -9999.0
[rows 0 to 25 of 79, columns 0 to 57 of 79]
-9999.000 -9999.000 -9999.000 -9999.000 -9999.000 -9999.000 -9999.000 -9999.000 -9999.000 -9999.000 -9999.000 -9999.000 -9999.000 -9999.000 -9999.000 0.3733901 0.3735532 0.3735265 0.3734522 0.3733481 0.3732217 0.3730771 0.3729158 0.3727365 0.3725342 0.3723002 0.3720224 0.3716844 0.3712791 0.3714511 0.3714511 -9999.000 -9999.000 -9999.000 -9999.000 -9999.000 -9999.000 -9999.000 -9999.000 -9999.000 -9999.000 -9999.000 -9999.000 -9999.000 -9999.000 -9999.000 -9999.000 -9999.000 -9999.000 -9999.000 -9999.000 -9999.000 -9999.000 -9999.000 -9999.000 -9999.000 -9999.000 -9999.000
-9999.000 -9999.000 -9999.000 -9999.000 -9999.000 -9999.000 -9999.000 -9999.000 -9999.000 -9999.000 -9999.000 -9999.000 -9999.000 -9999.000 -9999.000 0.3752695 0.3754352 0.3754051 0.3753347 0.3752397 0.3751263 0.3749982 0.3748574 0.3747036 0.3745336 0.3743407 0.3741135 0.3738340 0.3734863 0.3736719 0.3736719 -9999.000 -9999.000 -9999.000 -9999.000 -9999.000 -9999.000 -9999.000 -9999.000 -9999.000 -9999.000 -9999.000 -9999.000 -9999.000 -9999.000 -9999.000 -9999.000 -9999.000 -9999.000 -9999.000 -9999.000 -9999.000 -9999.000 -9999.000 -9999.000 -9999.000 -9999.000 -9999.000
-9999.000 -9999.000 -9999.000 -9999.000 -9999.000 -9999.000 -9999.000 -9999.000 -9999.000 -9999.000 -9999.000 -9999.000 -9999.000 -9999.000 -9999.000 0.3772559 0.3774548 0.3774284 0.3773609 0.3772701 0.3771627 0.3770426 0.3769117 0.3767690 0.3766100 0.3764256 0.3762013 0.3759149 0.3755459 0.3757433 0.3757433 -9999.000 -9999.000 -9999.000 -9999.000 -9999.000 -9999.000 -9999.000 -9999.000 -9999.000 -9999.000 -9999.000 -9999.000 -9999.000 -9999.000 -9999.000 -9999.000 -9999.000 -9999.000 -9999.000 -9999.000 -9999.000 -9999.000 -9999.000 -9999.000 -9999.000 -9999.000 -9999.000
-9999.000 -9999.000 -9999.000 -9999.000 -9999.000 -9999.000 -9999.000 -9999.000 -9999.000 -9999.000 -9999.000 -9999.000 -9999.000 -9999.000 -9999.000 0.3792656 0.3794917 0.3794679 0.3794022 0.3793135 0.3792091 0.3790930 0.3789668 0.3788289 0.3786734 0.3784894 0.3782596 0.3779577 0.3775573 0.3777512 0.3777512 -9999.000 -9999.000 -9999.000 -9999.000 -9999.000 -9999.000 -9999.000 -9999.000 -9999.000 -9999.000 -9999.000 -9999.000 -9999.000 -9999.000 -9999.000 -9999.000 -9999.000 -9999.000 -9999.000 -9999.000 -9999.000 -9999.000 -9999.000 -9999.000 -9999.000 -9999.000 -9999.000
-9999.000 -9999.000 -9999.000 -9999.000 -9999.000 -9999.000 -9999.000 -9999.000 -9999.000 -9999.000 -9999.000 -9999.000 -9999.000 -9999.000 -9999.000 0.3812910 0.3815393 0.3815168 0.3814511 0.3813623 0.3812580 0.3811426 0.3810173 0.3808799 0.3807232 0.3805344 0.3802930 0.3799684 0.3795268 0.3797041 0.3797041 -9999.000 -9999.000 -9999.000 -9999.000 -9999.000 -9999.000 -9999.000 -9999.000 -9999.000 -9999.000 -9999.000 -9999.000 -9999.000 -9999.000 -9999.000 -9999.000 -9999.000 -9999.000 -9999.000 -9999.000 -9999.000 -9999.000 -9999.000 -9999.000 -9999.000 -9999.000 -9999.000
-9999.000 -9999.000 -9999.000 -9999.000 -9999.000 -9999.000 -9999.000 -9999.000 -9999.000 -9999.000 -9999.000 -9999.000 -9999.000 -9999.000 -9999.000 0.3833255 0.3835918 0.3835695 0.3835022 0.3834113 0.3833050 0.3831877 0.3830604 0.3829204 0.3827591 0.3825613 0.3823032 0.3819489 0.3814549 0.3816015 0.3816015 -9999.000 -9999.000 -9999.000 -9999.000 -9999.000 -9999.000 -9999.000 -9999.000 -9999.000 -9999.000 -9999.000 -9999.000 -9999.000 -9999.000 -9999.000 -9999.000 -9999.000 -9999.000 -9999.000 -9999.000 -9999.000 -9999.000 -9999.000 -9999.000 -9999.000 -9999.000 -9999.000
-9999.000 -9999.000 -9999.000 -9999.000 -9999.000 -9999.000 -9999.000 -9999.000 -9999.000 -9999.000 -9999.000 -9999.000 -9999.000 -9999.000 -9999.000 0.3853646 0.3856454 0.3856221 0.3855520 0.3854573 0.3853469 0.3852256 0.3850941 0.3849489 0.3847800 0.3845694 0.3842896 0.3838977 0.3833380 0.3834359 0.3834359 -9999.000 -9999.000 -9999.000 -9999.000 -9999.000 -9999.000 -9999.000 -9999.000 -9999.000 -9999.000 -9999.000 -9999.000 -9999.000 -9999.000 -9999.000 -9999.000 -9999.000 -9999.000 -9999.000 -9999.000 -9999.000 -9999.000 -9999.000 -9999.000 -9999.000 -9999.000 -9999.000
-9999.000 -9999.000 -9999.000 -9999.000 -9999.000 -9999.000 -9999.000 -9999.000 -9999.000 -9999.000 -9999.000 -9999.000 -9999.000 -9999.000 -9999.000 0.3874051 0.3876975 0.3876719 0.3875977 0.3874978 0.3873817 0.3872542 0.3871163 0.3869635 0.3867839 0.3865568 0.3862495 0.3858111 0.3851689 0.3851932 0.3851932 -9999.000 -9999.000 -9999.000 -9999.000 -9999.000 -9999.000 -9999.000 -9999.000 -9999.000 -9999.000 -9999.000 -9999.000 -9999.000 -9999.000 -9999.000 -9999.000 -9999.000 -9999.000 -9999.000 -9999.000 -9999.000 -9999.000 -9999.000 -9999.000 -9999.000 -9999.000 -9999.000
-9999.000 -9999.000 -9999.000 -9999.000 -9999.000 -9999.000 -9999.000 -9999.000 -9999.000 -9999.000 -9999.000 -9999.000 -9999.000 -9999.000 -9999.000 0.3894446 0.3897460 0.3897170 0.3896376 0.3895309 0.3894071 0.3892714 0.3891247 0.3889615 0.3887681 0.3885200 0.3881786 0.3876825 0.3869361 0.3868499 0.3868499 -9999.000 -9999.000 -9999.000 -9999.000 -9999.000 -9999.000 -9999.000 -9999.000 -9999.000 -9999.000 -9999.000 -9999.000 -9999.000 -9999.000 -9999.000 -9999.000 -9999.000 -9999.000 -9999.000 -9999.000 -9999.000 -9999.000 -9999.000 -9999.000 -9999.000 -9999.000 -9999.000
-9999.000 -9999.000 -9999.000 -9999.000 -9999.000 -9999.000 -9999.000 -9999.000 -9999.000 -9999.000 -9999.000 -9999.000 -9999.000 -9999.000 -9999.000 0.3914803 0.3917885 0.3917550 0.3916692 0.3915544 0.3914212 0.3912750 0.3911167 0.3909400 0.3907287 0.3904542 0.3900702 0.3895018 0.3886224 0.3883675 0.3883675 -9999.000 -9999.000 -9999.000 -9999.000 -9999.000 -9999.000 -9999.000 -9999.000 -9999.000 -9999.000 -9999.000 -9999.000 -9999.000 -9999.000 -9999.000 -9999.000 -9999.000 -9999.000 -9999.000 -9999.000 -9999.000 -9999.000 -9999.000 -9999.000 -9999.000 -9999.000 -9999.000
-9999.000 -9999.000 -9999.000 -9999.000 -9999.000 -9999.000 -9999.000 -9999.000 -9999.000 -9999.000 -9999.000 -9999.000 -9999.000 -9999.000 -9999.000 0.3935085 0.3938220 0.3937827 0.3936894 0.3935651 0.3934205 0.3932614 0.3930885 0.3928944 0.3926603 0.3923522 0.3919142 0.3912537 0.3902011 0.3896819 0.3896819 -9999.000 -9999.000 -9999.000 -9999.000 -9999.000 -9999.000 -9999.000 -9999.000 -9999.000 -9999.000 -9999.000 -9999.000 -9999.000 -9999.000 -9999.000 -9999.000 -9999.000 -9999.000 -9999.000 -9999.000 -9999.000 -9999.000 -9999.000 -9999.000 -9999.000 -9999.000 -9999.000
-9999.000 -9999.000 -9999.000 -9999.000 -9999.000 -9999.000 -9999.000 -9999.000 -9999.000 -9999.000 -9999.000 -9999.000 -9999.000 -9999.000 -9999.000 0.3955233 0.3958414 0.3957949 0.3956929 0.3955576 0.3953997 0.3952250 0.3950340 0.3948179 0.3945543 0.3942026 0.3936946 0.3929135 0.3916295 0.3906801 0.3906801 -9999.000 -9999.000 -9999.000 -9999.000 -9999.000 -9999.000 -9999.000 -9999.000 -9999.000 -9999.000 -9999.000 -9999.000 -9999.000 -9999.000 -9999.000 -9999.000 -9999.000 -9999.000 -9999.000 -9999.000 -9999.000 -9999.000 -9999.000 -9999.000 -9999.000 -9999.000 -9999.000
-9999.000 -9999.000 -9999.000 -9999.000 -9999.000 -9999.000 -9999.000 -9999.000 -9999.000 -9999.000 -9999.000 -9999.000 -9999.000 -9999.000 -9999.000 0.3975150 0.3978385 0.3977832 0.3976710 0.3975229 0.3973492 0.3971557 0.3969421 0.3966976 0.3963954 0.3959857 0.3953839 0.3944395 0.3928359 0.3911488 0.3911488 -9999.000 -9999.000 -9999.000 -9999.000 -9999.000 -9999.000 -9999.000 -9999.000 -9999.000 -9999.000 -9999.000 -9999.000 -9999.000 -9999.000 -9999.000 -9999.000 -9999.000 -9999.000 -9999.000 -9999.000 -9999.000 -9999.000 -9999.000 -9999.000 -9999.000 -9999.000 -9999.000
-9999.000 -9999.000 -9999.000 -9999.000 -9999.000 -9999.000 -9999.000 -9999.000 -9999.000 -9999.000 -9999.000 -9999.000 -9999.000 -9999.000 -9999.000 0.3994555 0.3997923 0.3997283 0.3996060 0.3994443 0.3992527 0.3990367 0.3987945 0.3985124 0.3981571 0.3976662 0.3969316 0.3957540 0.3936879 0.3906479 0.3906479 -9999.000 -9999.000 -9999.000 -9999.000 -9999.000 -9999.000 -9999.000 -9999.000 -9999.000 -9999.000 -9999.000 -9999.000 -9999.000 -9999.000 -9999.000 -9999.000 -9999.000 -9999.000 -9999.000 -9999.000 -9999.000 -9999.000 -9999.000 -9999.000 -9999.000 -9999.000 -9999.000
-9999.000 -9999.000 -9999.000 -9999.000 -9999.000 -9999.000 -9999.000 -9999.000 -9999.000 -9999.000 -9999.000 -9999.000 -9999.000 -9999.000 -9999.000 0.3999965 0.4011378 0.4013444 0.4014074 0.4013649 0.4012425 0.4010584 0.4008197 0.4005149 0.4001043 0.3995067 0.3985747 0.3970233 0.3941703 0.3878475 0.3878475 -9999.000 -9999.000 -9999.000 -9999.000 -9999.000 -9999.000 -9999.000 -9999.000 -9999.000 -9999.000 -9999.000 -9999.000 -9999.000 -9999.000 -9999.000 -9999.000 -9999.000 -9999.000 -9999.000 -9999.000 -9999.000 -9999.000 -9999.000 -9999.000 -9999.000 -9999.000 -9999.000
0.3967301 0.3967301 0.3813247 0.3714115 0.3681721 0.3681721 0.3654452 0.3609376 0.3609376 0.3572061 0.3572061 0.3539667 0.3524861 0.3510832 0.3569433 0.3569433 0.4087426 0.4091024 0.4094319 0.4099769 0.4106173 0.4112158 0.4116114 0.4115882 0.4108423 0.4089479 0.4052671 0.3986230 0.3860151 0.3528121 0.3528121 0.2038871 0.1831035 0.1839575 0.1880134 0.1880134 0.1988075 0.1988075 0.2286125 0.2286125 0.2668784 0.2980913 0.2980913 0.3042850 0.3042850 0.3037117 0.3037117 0.3037117 0.2981041 0.2981041 0.2924134 0.2924134 0.2848916 0.2848916 0.2793169 0.2793169 0.2747785 0.2747785
0.3952488 0.3952488 0.3804105 0.3707870 0.3675859 0.3675859 0.3648756 0.3603798 0.3603798 0.3566562 0.3566562 0.3534263 0.3519509 0.3505531 0.3531415 0.3531415 0.4024755 0.4031277 0.4020768 0.4015565 0.4015984 0.4020683 0.4027978 0.4035436 0.4039413 0.4034718 0.4013650 0.3963450 0.3858835 0.3621733 0.3621733 0.2553886 0.2216288 0.1979746 0.1949112 0.1949112 0.1995201 0.1995201 0.2217165 0.2217165 0.2514182 0.2990647 0.2990647 0.3054958 0.3054958 0.3038149 0.3038149 0.3038149 0.2979714 0.2979714 0.2928396 0.2928396 0.2846383 0.2846383 0.2790576 0.2790576 0.2745231 0.2745231
0.3944581 0.3944581 0.3800989 0.3707299 0.3675621 0.3675621 0.3648635 0.3603660 0.3603660 0.3566354 0.3566354 0.3534012 0.3519243 0.3505253 0.3516806 0.3516806 0.3964745 0.3990932 0.3965978 0.3946100 0.3934414 0.3929747 0.3930636 0.3934827 0.3938425 0.3935916 0.3919870 0.3879121 0.3793577 0.3604836 0.3604836 0.2808656 0.2462298 0.2128537 0.2059578 0.2059578 0.2064234 0.2064234 0.2240394 0.2240394 0.2448732 0.2927598 0.2927598 0.3072119 0.3072119 0.3045656 0.3045656 0.3045656 0.2982757 0.2982757 0.2923932 0.2923932 0.2850669 0.2850669 0.2792789 0.2792789 0.2746735 0.2746735
0.3938381 0.3938381 0.3798302 0.3706838 0.3675518 0.3675518 0.3648673 0.3603713 0.3603713 0.3566356 0.3566356 0.3533996 0.3519228 0.3505241 0.3507831 0.3507831 0.3887909 0.3946581 0.3914324 0.3881972 0.3858875 0.3844383 0.3837321 0.3836010 0.3836769 0.3833729 0.3819909 0.3785345 0.3714390 0.3559478 0.3559478 0.2954563 0.2641356 0.2291118 0.2212009 0.2212009 0.2202529 0.2202529 0.2335794 0.2335794 0.2469317 0.2851740 0.2851740 0.3056600 0.3056600 0.3043727 0.3043727 0.3043727 0.2979998 0.2979998 0.2918041 0.2918041 0.2848876 0.2848876 0.2790788 0.2790788 0.2745234 0.2745234
0.3933719 0.3933719 0.3796112 0.3706433 0.3675437 0.3675437 0.3648727 0.3603777 0.3603777 0.3566365 0.3566365 0.3533985 0.3519218 0.3505235 0.3502080 0.3502080 0.3801901 0.3884892 0.3856086 0.3814307 0.3780803 0.3757159 0.3742676 0.3735769 0.3732952 0.3728953 0.3716981 0.3687593 0.3626675 0.3497196 0.3497196 0.3047453 0.2772451 0.2460686 0.2397882 0.2397882 0.2399679 0.2399679 0.2482966 0.2482966 0.2551337 0.2790454 0.2790454 0.3001462 0.3001462 0.3027141 0.3027141 0.3027141 0.2969044 0.2969044 0.2907279 0.2907279 0.2842323 0.2842323 0.2786306 0.2786306 0.2742844 0.2742844
0.3930477 0.3930477 0.3794497 0.3706116 0.3675377 0.3675377 0.3648777 0.3603835 0.3603835 0.3566375 0.3566375 0.3533975 0.3519208 0.3505229 0.3498403 0.3498403 0.3715418 0.3804719 0.3785688 0.3738471 0.3695822 0.3663462 0.3641786 0.3629548 0.3623564 0.3618855 0.3608733 0.3584185 0.3533033 0.3428905 0.3428905 0.3101766 0.2877026 0.2650923 0.2620864 0.2620864 0.2631997 0.2631997 0.2649829 0.2649829 0.2662872 0.2763765 0.2763765 0.2925871 0.2925871 0.2991247 0.2991247 0.2991247 0.2947255 0.2947255 0.2890944 0.2890944 0.2831849 0.2831849 0.2780269 0.2780269 0.2740581 0.2740581
0.3928566 0.3928566 0.3793508 0.3705914 0.3675341 0.3675341 0.3648812 0.3603875 0.3603875 0.3566382 0.3566382 0.3533970 0.3519202 0.3505225 0.3496056 0.3496056 0.3633618 0.3709409 0.3698823 0.3650487 0.3600890 0.3560655 0.3532062 0.3514597 0.3505591 0.3500436 0.3492620 0.3473506 0.3433002 0.3356677 0.3356677 0.3135225 0.2982745 0.2879627 0.2878544 0.2878544 0.2866620 0.2866620 0.2808849 0.2808849 0.2778310 0.2771880 0.2771880 0.2856950 0.2856950 0.2938142 0.2938142 0.2938142 0.2913230 0.2913230 0.2867896 0.2867896 0.2817588 0.2817588 0.2772961 0.2772961 0.2738840 0.2738840
0.3927935 0.3927935 0.3793176 0.3705845 0.3675328 0.3675328 0.3648824 0.3603889 0.3603889 0.3566385 0.3566385 0.3533967 0.3519200 0.3505223 0.3494562 0.3494562 0.3557051 0.3603367 0.3593249 0.3546137 0.3492513 0.3446099 0.3411390 0.3389013 0.3377088 0.3371594 0.3366378 0.3353268 0.3325063 0.3284373 0.3284373 0.3175275 0.3126544 0.3147012 0.3147213 0.3147213 0.3073642 0.3073642 0.2946194 0.2946194 0.2884471 0.2803825 0.2803825 0.2811548 0.2811548 0.2876083 0.2876083 0.2876083 0.2868341 0.2868341 0.2837630 0.2837630 0.2799372 0.2799372 0.2764379 0.2764379 0.2737740 0.2737740
0.3928566 0.3928566 0.3793508 0.3705914 0.3675341 0.3675341 0.3648811 0.3603875 0.3603875 0.3566382 0.3566382 0.3533970 0.3519202 0.3505224 0.3493613 0.3493613 0.3482441 0.3489192 0.3468636 0.3421579 0.3366531 0.3316435 0.3277255 0.3250869 0.3236415 0.3230706 0.3228221 0.3221592 0.3209155 0.3224761 0.3224761 0.3264564 0.3345236 0.3421432 0.3389397 0.3389397 0.3239605 0.3239605 0.3059759 0.3059759 0.2977172 0.2847489 0.2847489 0.2791999 0.2791999 0.2815362 0.2815362 0.2815362 0.2816878 0.2816878 0.2801088 0.2801088 0.2777359 0.2777359 0.2754580 0.2754580 0.2737256 0.2737256
0.3930477 0.3930477 0.3794498 0.3706116 0.3675378 0.3675378 0.3648777 0.3603835 0.3603835 0.3566375 0.3566375 0.3533976 0.3519208 0.3505229 0.3493013 0.3493013 0.3403429 0.3365843 0.3325003 0.3273828 0.3218535 0.3167513 0.3126360 0.3097717 0.3081732 0.3076237 0.3076634 0.3077155 0.3089384 0.3211434 0.3211434 0.3458815 0.3641598 0.3657751 0.3581608 0.3581608 0.3366956 0.3366956 0.3152238 0.3152238 0.3055868 0.2893780 0.2893780 0.2791957 0.2791957 0.2763893 0.2763893 0.2763893 0.2764708 0.2764708 0.2760873 0.2760873 0.2752522 0.2752522 0.2743839 0.2743839 0.2737253 0.2737253
0.3933720 0.3933720 0.3796112 0.3706433 0.3675438 0.3675438 0.3648727 0.3603777 0.3603777 0.3566366 0.3566366 0.3533985 0.3519217 0.3505235 0.3492637 0.3492637 0.3310535 0.3227668 0.3160412 0.3100190 0.3044249 0.2994660 0.2954575 0.2926309 0.2910630 0.2906372 0.2910092 0.2919613 0.2982612 0.3315097 0.3315097 0.3787115 0.3944687 0.3839812 0.3731366 0.3731366 0.3463434 0.3463434 0.3226179 0.3226179 0.3120409 0.2936632 0.2936632 0.2802913 0.2802913 0.2725207 0.2725207 0.2725207 0.2717370 0.2717370 0.2720773 0.2720773 0.2726757 0.2726757 0.2732794 0.2732794 0.2737563 0.2737563
