simulation_files/asc/Depth____182.0.asc
NCOLS       411
NROWS       131
XLLCENTER    2538020.000000
YLLCENTER    1152390.000000
CELLSIZE           1.000
NODATA_VALUE     -9999.0
[rows 0 to 26 of 131, columns 236 to 294 of 411]
-9999.000 -9999.000 -9999.000 -9999.000 -9999.000 -9999.000 -9999.000 -9999.000 -9999.000 -9999.000 -9999.000 -9999.000 -9999.000 -9999.000 -9999.000 -9999.000 -9999.000 -9999.000 -9999.000 -9999.000 -9999.000 -9999.000 -9999.000 -9999.000 -9999.000 -9999.000 -9999.000 -9999.000 -9999.000 -9999.000 -9999.000 -9999.000 -9999.000 -9999.000 -9999.000 -9999.000 -9999.000 -9999.000 -9999.000 -9999.000 -9999.000 -9999.000 -9999.000 -9999.000 -9999.000 -9999.000 -9999.000 -9999.000 -9999.000 -9999.000 -9999.000 -9999.000 -9999.000 -9999.000 -9999.000 -9999.000 -9999.000 -9999.000 -9999.000
0.5415901E-01 0.3461953E-01 0.1482626E-01 -9999.000 -9999.000 -9999.000 -9999.000 -9999.000 -9999.000 -9999.000 -9999.000 -9999.000 -9999.000 -9999.000 -9999.000 -9999.000 -9999.000 -9999.000 -9999.000 -9999.000 -9999.000 -9999.000 0.2776211E-01 0.3234349E-01 -9999.000 -9999.000 -9999.000 -9999.000 -9999.000 -9999.000 -9999.000 -9999.000 -9999.000 -9999.000 -9999.000 -9999.000 -9999.000 -9999.000 -9999.000 -9999.000 -9999.000 -9999.000 -9999.000 -9999.000 -9999.000 -9999.000 -9999.000 -9999.000 -9999.000 -9999.000 -9999.000 -9999.000 -9999.000 -9999.000 -9999.000 -9999.000 -9999.000 -9999.000 -9999.000
0.1694295 0.6958936E-01 -9999.000 -9999.000 -9999.000 -9999.000 -9999.000 -9999.000 -9999.000 -9999.000 -9999.000 -9999.000 -9999.000 -9999.000 -9999.000 -9999.000 -9999.000 -9999.000 0.9252202E-01 0.1098893 0.1352039 0.1525290 0.1454179 0.1359822 0.1055183 -9999.000 -9999.000 -9999.000 -9999.000 -9999.000 -9999.000 -9999.000 -9999.000 -9999.000 -9999.000 -9999.000 -9999.000 -9999.000 -9999.000 -9999.000 -9999.000 -9999.000 -9999.000 -9999.000 -9999.000 -9999.000 -9999.000 -9999.000 -9999.000 -9999.000 -9999.000 -9999.000 -9999.000 -9999.000 -9999.000 -9999.000 -9999.000 -9999.000 -9999.000
0.3524047 0.2186563 0.1288797 0.6109789E-01 -9999.000 -9999.000 -9999.000 -9999.000 -9999.000 -9999.000 -9999.000 -9999.000 -9999.000 -9999.000 -9999.000 0.1452664 0.1445822 0.1715173 0.2388389 0.3077435 0.3399247 0.3561371 0.3535636 0.3352303 0.2925652 0.1938992 0.9056093E-01 -9999.000 -9999.000 -9999.000 -9999.000 -9999.000 -9999.000 -9999.000 -9999.000 -9999.000 -9999.000 -9999.000 -9999.000 -9999.000 -9999.000 -9999.000 -9999.000 -9999.000 -9999.000 -9999.000 -9999.000 -9999.000 -9999.000 -9999.000 -9999.000 -9999.000 -9999.000 -9999.000 -9999.000 -9999.000 -9999.000 -9999.000 -9999.000
0.6191649 0.5039459 0.3588207 0.2699795 0.1578158 -9999.000 -9999.000 -9999.000 -9999.000 -9999.000 0.7415415E-01 0.1449891 0.1701419 0.2434322 0.3634005 0.3848988 0.3852043 0.4048403 0.4571476 0.5178915 0.5537352 0.5718846 0.5542391 0.5323117 0.4862374 0.3692998 0.2311931 0.1486385 0.1117413 -9999.000 -9999.000 0.1421327 0.1527150 0.1345371 0.1151511 0.8116167E-01 0.3432102E-01 -9999.000 -9999.000 -9999.000 -9999.000 -9999.000 -9999.000 -9999.000 -9999.000 -9999.000 -9999.000 -9999.000 -9999.000 -9999.000 -9999.000 -9999.000 -9999.000 -9999.000 -9999.000 -9999.000 -9999.000 -9999.000 -9999.000
0.9315163 0.8168558 0.7125891 0.6187241 0.4722784 0.3446799 0.2413749 0.1558313 0.1295455 0.1902054 0.2812521 0.3813669 0.4891804 0.6170426 0.6909303 0.6876500 0.6511728 0.6507075 0.6791147 0.7247989 0.7745895 0.7742218 0.7520029 0.7259901 0.6821569 0.5661721 0.4300167 0.3511624 0.3026786 0.2857458 0.2920532 0.3452094 0.3689298 0.3522794 0.2875875 0.2100569 0.1306386 0.1056095 0.1034402 0.1001910 0.8622773E-01 0.3855093E-01 -9999.000 -9999.000 -9999.000 -9999.000 -9999.000 -9999.000 -9999.000 -9999.000 -9999.000 -9999.000 -9999.000 -9999.000 -9999.000 -9999.000 -9999.000 -9999.000 -9999.000
1.253332 1.137961 1.026336 0.9457815 0.8146958 0.6958653 0.6091168 0.4501547 0.4400022 0.5816366 0.6957024 0.7708967 0.8740200 1.000215 1.033158 1.001921 0.9421770 0.9167819 0.9104488 0.9378117 0.9754753 0.9738722 0.9490344 0.9270811 0.8746938 0.7666566 0.6550928 0.5948892 0.5741712 0.5563356 0.5682898 0.5973243 0.5983040 0.5569441 0.4860631 0.3870943 0.2883243 0.2336648 0.2292204 0.2203023 0.1906599 0.1547934 0.1081427 -9999.000 -9999.000 -9999.000 -9999.000 -9999.000 -9999.000 -9999.000 -9999.000 -9999.000 -9999.000 -9999.000 -9999.000 -9999.000 -9999.000 -9999.000 -9999.000
1.562719 1.446125 1.348833 1.249918 1.135959 1.041539 0.9387505 0.8191437 0.8361891 1.025959 1.115262 1.146680 1.246564 1.332945 1.333191 1.279652 1.224354 1.165263 1.142136 1.151302 1.183706 1.167816 1.138838 1.130717 1.067558 0.9697629 0.8816251 0.8668156 0.8518714 0.8350102 0.8213109 0.8458679 0.8238352 0.7599499 0.6751720 0.5619706 0.4631476 0.4064740 0.4018826 0.3877185 0.3555831 0.3095510 0.2474834 0.1964845 0.1538057 0.1195126 0.8299215E-01 -9999.000 -9999.000 -9999.000 -9999.000 -9999.000 -9999.000 -9999.000 -9999.000 -9999.000 -9999.000 -9999.000 -9999.000
1.793807 1.681207 1.591951 1.490795 1.389444 1.295215 1.219814 1.137121 1.160330 1.305259 1.369810 1.416771 1.503282 1.550061 1.527510 1.475093 1.418354 1.367435 1.343968 1.348676 1.349882 1.325289 1.293700 1.265386 1.222465 1.158973 1.120292 1.108298 1.100564 1.085652 1.084370 1.068731 1.020602 0.9413696 0.8480194 0.7358321 0.6398940 0.5958374 0.5725710 0.5545910 0.5158636 0.4738469 0.4145907 0.3587872 0.3217820 0.2576657 0.2016164 0.1614722 0.1373218 0.1125383 0.7568715E-01 -9999.000 -9999.000 -9999.000 -9999.000 -9999.000 -9999.000 -9999.000 -9999.000
1.890017 1.798249 1.709871 1.619542 1.531354 1.453731 1.381667 1.336781 1.344038 1.401509 1.465496 1.543908 1.632059 1.655949 1.622792 1.569775 1.524370 1.487919 1.470742 1.465546 1.446723 1.419302 1.389204 1.369409 1.339374 1.303125 1.286284 1.283331 1.280723 1.271530 1.269871 1.241694 1.187850 1.108043 1.027084 0.9236203 0.8347354 0.7852987 0.7449816 0.7223660 0.6898414 0.6515575 0.5933246 0.5321414 0.4698819 0.4127077 0.3566965 0.3200838 0.2767873 0.2183879 0.1526111 0.9289887E-01 -9999.000 -9999.000 -9999.000 -9999.000 -9999.000 -9999.000 -9999.000
1.854557 1.778373 1.710795 1.644971 1.581278 1.524887 1.471129 1.432687 1.422935 1.451477 1.507954 1.590989 1.676289 1.713497 1.693941 1.646912 1.594524 1.550034 1.527772 1.515227 1.497839 1.476999 1.457071 1.439949 1.421726 1.403009 1.390796 1.387285 1.381559 1.377132 1.366884 1.338385 1.290137 1.231560 1.159968 1.079225 0.9997644 0.9437042 0.9044983 0.8793470 0.8550996 0.8054461 0.7514710 0.6995346 0.6456715 0.5664141 0.5043620 0.4590996 0.3892173 0.3117865 0.2337348 0.1569448 0.1004755 0.6792926E-01 -9999.000 -9999.000 -9999.000 -9999.000 -9999.000
1.725857 1.687011 1.660684 1.637293 1.613975 1.592172 1.549502 1.506212 1.499668 1.531197 1.595305 1.683134 1.773918 1.805019 1.776402 1.720887 1.639483 1.578425 1.548401 1.535679 1.522329 1.508304 1.495505 1.486433 1.475111 1.460765 1.450877 1.440649 1.431949 1.422028 1.406907 1.375905 1.333332 1.288594 1.236463 1.184960 1.137962 1.087672 1.036165 1.012535 0.9895127 0.9404193 0.8797701 0.8014438 0.7131769 0.6301596 0.5597885 0.4954393 0.4204062 0.3554049 0.3138091 0.2826811 0.2520997 0.2291721 0.2439074 0.2453841 0.2458372 0.2633985 0.2723218
1.640941 1.660865 1.680353 1.689443 1.698508 1.709603 1.668951 1.606591 1.597759 1.638040 1.714566 1.811349 1.895964 1.917451 1.885278 1.797880 1.675813 1.585885 1.547987 1.542872 1.540966 1.535988 1.531343 1.527260 1.519962 1.505189 1.477523 1.461373 1.455344 1.448320 1.429453 1.398983 1.366591 1.328801 1.289378 1.255081 1.226055 1.172615 1.125023 1.090387 1.049448 0.9821181 0.8842285 0.7551683 0.6614871 0.5950602 0.5410503 0.4981871 0.4647547 0.4453006 0.4395307 0.4455136 0.4407507 0.4439452 0.4683893 0.4735165 0.4842892 0.5044689 0.5067272
1.696749 1.741277 1.776469 1.799850 1.832350 1.849937 1.810922 1.743031 1.714139 1.752910 1.829448 1.927383 1.984927 1.993290 1.969240 1.870040 1.721516 1.604849 1.550907 1.548283 1.561542 1.566802 1.566789 1.563057 1.562052 1.548232 1.509254 1.479802 1.481829 1.484636 1.464963 1.433268 1.397053 1.355891 1.317992 1.285070 1.242479 1.186315 1.130318 1.057217 0.9623163 0.8595131 0.7585364 0.6674815 0.6212249 0.5949629 0.5822109 0.5773227 0.5751105 0.5766396 0.5924985 0.6006992 0.6042531 0.6214670 0.6330529 0.6394849 0.6459125 0.6651575 0.6731273
1.755932 1.803232 1.847744 1.882758 1.920859 1.952443 1.948941 1.887606 1.828021 1.852581 1.923044 1.984341 2.019878 2.023571 1.988526 1.886501 1.747486 1.632993 1.578891 1.575182 1.596885 1.611467 1.605024 1.602092 1.608276 1.597022 1.552816 1.532380 1.533594 1.530230 1.503551 1.466527 1.418854 1.368193 1.327699 1.280935 1.206830 1.124450 1.031957 0.9045135 0.8041729 0.7264049 0.6785836 0.6607376 0.6546305 0.6558582 0.6693814 0.6780989 0.6887244 0.7039431 0.7265554 0.7362469 0.7414958 0.7495713 0.7605291 0.7620851 0.7699299 0.7776637 0.7753463
1.752232 1.799776 1.853192 1.903949 1.955722 2.005056 2.031671 2.014447 1.943079 1.918215 1.960496 1.998088 2.012308 2.000036 1.938719 1.846346 1.737700 1.648056 1.614076 1.621851 1.663055 1.678630 1.624844 1.608680 1.613947 1.599691 1.569901 1.568229 1.564679 1.547974 1.511016 1.460296 1.403892 1.346904 1.280367 1.183094 1.067652 0.9620584 0.8678114 0.7844272 0.7455082 0.7279742 0.7271020 0.7324711 0.7396201 0.7493316 0.7706629 0.7860550 0.8003901 0.8260457 0.8414919 0.8531438 0.8600480 0.8726498 0.8689605 0.8635402 0.8617498 0.8529527 0.8328303
1.716323 1.773795 1.842407 1.914243 1.980905 2.044739 2.096144 2.104443 2.018210 1.937170 1.944792 1.963895 1.955584 1.921173 1.859034 1.792596 1.722429 1.676397 1.680258 1.746811 1.859393 1.894570 1.679317 1.569692 1.560325 1.539684 1.533381 1.547114 1.539615 1.513136 1.467168 1.404751 1.324017 1.233930 1.101418 0.9632130 0.8760755 0.8175884 0.7841896 0.7746793 0.7768199 0.7848865 0.8000642 0.8124382 0.8260349 0.8423139 0.8613781 0.8748808 0.8881726 0.9062519 0.9171218 0.9254230 0.9324190 0.9366917 0.9313726 0.9210896 0.9072669 0.8882508 0.8623320
1.687521 1.761789 1.837733 1.915658 1.991308 2.060128 2.121615 2.155746 2.111375 1.982628 1.906062 1.902038 1.883640 1.848820 1.812151 1.778499 1.748586 1.750442 1.794043 1.902694 2.126718 2.311191 1.919385 1.548950 1.472861 1.460231 1.464276 1.467220 1.442250 1.400590 1.333864 1.234549 1.104308 0.9846898 0.8656645 0.7926454 0.7712296 0.7700748 0.7774105 0.7902734 0.8054546 0.8217805 0.8394582 0.8561316 0.8713684 0.8866706 0.9002639 0.9122652 0.9219183 0.9294578 0.9352089 0.9394190 0.9400863 0.9384275 0.9320345 0.9202202 0.9023683 0.8849526 0.8694226
1.710680 1.787654 1.865507 1.940864 2.014596 2.085004 2.149039 2.180327 2.142652 2.030251 1.905283 1.846576 1.829359 1.815669 1.808265 1.805028 1.821484 1.880059 1.977607 2.122785 2.379642 2.603737 2.335667 1.674155 1.379348 1.377849 1.376509 1.341509 1.285334 1.196434 1.081504 0.9255625 0.8283595 0.7645085 0.7368871 0.7289008 0.7377528 0.7542202 0.7736881 0.7942887 0.8132329 0.8298935 0.8438039 0.8575389 0.8698269 0.8789462 0.8888699 0.8981599 0.9033056 0.9041348 0.9052485 0.9040729 0.8972573 0.8893324 0.8828314 0.8725294 0.8624982 0.8566940 0.8518666
1.781567 1.852738 1.927702 1.995345 2.067901 2.149213 2.207758 2.234463 2.197616 2.091285 1.935761 1.847665 1.834677 1.849259 1.872700 1.908608 1.961105 2.054589 2.166483 2.319731 2.526900 2.727176 2.647909 2.088579 1.520053 1.299372 1.259631 1.169404 1.036275 0.9049968 0.7882783 0.7184712 0.6932630 0.6901808 0.6966740 0.7104809 0.7290108 0.7487120 0.7668310 0.7836130 0.7988097 0.8096735 0.8201440 0.8296290 0.8378347 0.8409499 0.8467906 0.8523167 0.8496772 0.8509275 0.8467799 0.8396689 0.8236050 0.8187666 0.8173212 0.8133493 0.8164339 0.8203982 0.8227777
1.863339 1.934364 2.006924 2.075894 2.156074 2.229524 2.278785 2.284820 2.252650 2.173144 2.028077 1.907105 1.889547 1.929761 1.990351 2.050064 2.117982 2.212362 2.331225 2.472065 2.642732 2.757558 2.824774 2.690970 1.854617 1.221899 1.093943 0.9197447 0.7932233 0.7123641 0.6749981 0.6662101 0.6690602 0.6800001 0.6979947 0.7150863 0.7320782 0.7468719 0.7592389 0.7699993 0.7792077 0.7861307 0.7929164 0.7980036 0.7999048 0.7985174 0.7984886 0.7978634 0.7932065 0.7880193 0.7852743 0.7807593 0.7766645 0.7744410 0.7747807 0.7769743 0.7826198 0.7915130 0.7982944
1.921595 1.992785 2.063160 2.139879 2.223704 2.301461 2.334927 2.336105 2.309597 2.250276 2.122880 1.996638 1.963962 2.010560 2.084142 2.163034 2.247587 2.349365 2.450756 2.561625 2.674980 2.778536 2.858516 2.815381 2.307816 1.365147 0.9033195 0.7781727 0.7144590 0.6898481 0.6871521 0.6918075 0.6993399 0.7114784 0.7268035 0.7367141 0.7444317 0.7530955 0.7600574 0.7658507 0.7706009 0.7733204 0.7747771 0.7748588 0.7710117 0.7692121 0.7664371 0.7639436 0.7627665 0.7626873 0.7642608 0.7670953 0.7673934 0.7674163 0.7685308 0.7724321 0.7776809 0.7867719 0.7954166
1.913074 2.001225 2.073577 2.160680 2.254075 2.318434 2.357063 2.365875 2.345061 2.286696 2.217978 2.105689 2.041539 2.072203 2.146492 2.255402 2.350620 2.444234 2.535978 2.631909 2.716686 2.793637 2.859553 2.936164 2.559670 1.330378 0.8913080 0.8125978 0.7629185 0.7408271 0.7377065 0.7373396 0.7417514 0.7484679 0.7559542 0.7592504 0.7614866 0.7633086 0.7641247 0.7648804 0.7650089 0.7637222 0.7620209 0.7599873 0.7594571 0.7606530 0.7624212 0.7650128 0.7681507 0.7709465 0.7739523 0.7782268 0.7813712 0.7842162 0.7906235 0.7958089 0.8012045 0.8072650 0.8146441
1.839677 1.952103 2.042998 2.133128 2.217564 2.292965 2.340088 2.355224 2.340377 2.312169 2.262078 2.157264 2.096012 2.115746 2.189603 2.300848 2.408300 2.491902 2.566370 2.634312 2.704382 2.775781 2.850020 2.935949 2.457847 1.446975 0.9988401 0.9422897 0.8847872 0.8424825 0.8056873 0.7775576 0.7686947 0.7673765 0.7660140 0.7657133 0.7644969 0.7616029 0.7578967 0.7546598 0.7492555 0.7473926 0.7465833 0.7480177 0.7491688 0.7538837 0.7596907 0.7648302 0.7715363 0.7777319 0.7836675 0.7901849 0.7965986 0.8035374 0.8122128 0.8202941 0.8253734 0.8294577 0.8330477
1.691995 1.832388 1.956812 2.060811 2.164030 2.256337 2.322498 2.339240 2.336565 2.323853 2.274729 2.191410 2.140706 2.147419 2.210193 2.299723 2.395164 2.483942 2.540852 2.596789 2.655461 2.716547 2.785720 2.901751 2.550624 1.501245 1.094062 1.038058 0.9922679 0.9523612 0.8938379 0.8398608 0.7869146 0.7549160 0.7414483 0.7366403 0.7345614 0.7285508 0.7274270 0.7250077 0.7192004 0.7200588 0.7222916 0.7240990 0.7254628 0.7315112 0.7392551 0.7442636 0.7532691 0.7628039 0.7709042 0.7797996 0.7902557 0.8011304 0.8107441 0.8193914 0.8254940 0.8289602 0.8315412
1.507529 1.669705 1.847653 1.988965 2.119514 2.246713 2.326939 2.356005 2.365854 2.355389 2.305418 2.228866 2.181050 2.178879 2.213376 2.282599 2.355455 2.419262 2.474987 2.532129 2.586795 2.632245 2.681938 2.700097 2.468104 1.671278 1.232100 1.095090 1.046243 1.009949 0.9714364 0.9148945 0.8424272 0.7699248 0.7133233 0.6840589 0.6662314 0.6590862 0.6589067 0.6626182 0.6587688 0.6650201 0.6722572 0.6712425 0.6775803 0.6852227 0.6937823 0.6960715 0.7056361 0.7161033 0.7252402 0.7329654 0.7444999 0.7542632 0.7594739 0.7700419 0.7796761 0.7850820 0.7843949
1.307176 1.500672 1.712043 1.902141 2.081998 2.245535 2.352452 2.403269 2.411202 2.402361 2.363528 2.288453 2.253894 2.224599 2.235045 2.274264 2.320008 2.372730 2.424509 2.480351 2.525089 2.558724 2.572018 2.545758 2.255773 1.756840 1.396307 1.120333 1.042773 1.016253 0.9948776 0.9618482 0.9123904 0.8582003 0.7772046 0.6963404 0.6374379 0.5999910 0.5862472 0.5820765 0.5837636 0.5919704 0.6010086 0.6007790 0.6069439 0.6138538 0.6151172 0.6203039 0.6293252 0.6395076 0.6433866 0.6519664 0.6620531 0.6619023 0.6665871 0.6763780 0.6876046 0.6881940 0.6972917
