simulation_files/asc/Depth____155.0.asc
NCOLS       216
NROWS       273
XLLCENTER        494.688995
YLLCENTER        787.867981
CELLSIZE           0.500
NODATA_VALUE     -9999.0
[rows 182 to 207 of 273, columns 120 to 179 of 216]
-9999.000 -9999.000 -9999.000 -9999.000 -9999.000 -9999.000 -9999.000 -9999.000 -9999.000 0.1049898 0.1818594 0.2696219 0.2747366 0.2218978 0.1453369 0.9667864E-01 0.5355558E-01 0.5953481E-01 0.8020564E-01 0.7722213E-01 0.8836239E-01 0.1558117 0.2384036 0.2244961 0.2443712 0.2963178 0.3035198 0.2756705 0.2935242 0.3362279 0.3689744 0.3975507 0.3758586 0.3344924 0.3126431 0.3216582 0.3209057 0.3213109 0.2884392 0.2320072 0.1438407 0.5911179E-01 -9999.000 -9999.000 -9999.000 -9999.000 -9999.000 -9999.000 -9999.000 -9999.000 -9999.000 -9999.000 -9999.000 -9999.000 -9999.000 -9999.000 -9999.000 -9999.000 -9999.000 -9999.000
-9999.000 -9999.000 -9999.000 -9999.000 -9999.000 -9999.000 -9999.000 -9999.000 0.2215973E-01 0.6077649E-01 0.1597274 0.2394468 0.2677572 0.2433998 0.1971511 0.1399538 0.8428950E-01 0.6397131E-01 0.7501783E-01 0.6939664E-01 0.7601760E-01 0.1235029 0.1779431 0.1993238 0.2444281 0.3202376 0.3405437 0.2888455 0.3009043 0.3750510 0.4026029 0.4119967 0.4026078 0.3556896 0.3429333 0.3349666 0.3327904 0.3352317 0.3176072 0.2952874 0.2058058 0.9771005E-01 -9999.000 -9999.000 -9999.000 -9999.000 -9999.000 -9999.000 -9999.000 -9999.000 -9999.000 -9999.000 -9999.000 -9999.000 -9999.000 -9999.000 -9999.000 -9999.000 -9999.000 -9999.000
-9999.000 -9999.000 -9999.000 -9999.000 -9999.000 -9999.000 -9999.000 -9999.000 -9999.000 0.3957442E-01 0.1339712 0.2383085 0.2736433 0.2723370 0.2387026 0.1856392 0.1297270 0.8131260E-01 0.7024384E-01 0.6302459E-01 0.7262518E-01 0.8800060E-01 0.1068672 0.1374675 0.1995809 0.2821402 0.3278376 0.3099129 0.3361530 0.3841101 0.3588633 0.3481810 0.3560511 0.3379460 0.2897146 0.2815664 0.2907326 0.3117279 0.3212170 0.3088169 0.2575233 0.1466561 0.6970542E-01 0.2555463E-01 -9999.000 -9999.000 -9999.000 -9999.000 -9999.000 -9999.000 -9999.000 -9999.000 -9999.000 -9999.000 -9999.000 -9999.000 -9999.000 -9999.000 -9999.000 -9999.000
-9999.000 -9999.000 -9999.000 -9999.000 -9999.000 -9999.000 -9999.000 -9999.000 -9999.000 0.2679210E-01 0.1228464 0.2378344 0.2853186 0.2901122 0.2719910 0.2252840 0.1584557 0.9847207E-01 0.7731378E-01 0.7683717E-01 0.8705841E-01 0.8222045E-01 0.7959711E-01 0.1097758 0.1582154 0.2191276 0.2692115 0.2923830 0.3525369 0.3214104 0.2511457 0.2781972 0.2969550 0.2220124 0.1848553 0.1616572 0.2024725 0.2297890 0.2651278 0.2762714 0.2407148 0.1789657 0.1402058 0.8268435E-01 -9999.000 -9999.000 -9999.000 -9999.000 -9999.000 -9999.000 -9999.000 -9999.000 -9999.000 -9999.000 -9999.000 -9999.000 -9999.000 -9999.000 -9999.000 -9999.000
-9999.000 -9999.000 -9999.000 -9999.000 -9999.000 -9999.000 -9999.000 -9999.000 -9999.000 -9999.000 0.6978283E-01 0.2111412 0.2760747 0.2904455 0.2846975 0.2368780 0.1607153 0.9752452E-01 0.7201794E-01 0.6615274E-01 0.8005222E-01 0.7867439E-01 0.8217158E-01 0.1174727 0.1741609 0.2184534 0.2514935 0.2645126 0.2788715 0.2303314 0.2068515 0.3157598 0.3354565 0.2839585 0.2093066 0.1869762 0.2039712 0.2217095 0.2345705 0.2436125 0.2344672 0.2044860 0.1727465 0.1275391 -9999.000 -9999.000 -9999.000 -9999.000 -9999.000 -9999.000 -9999.000 -9999.000 -9999.000 -9999.000 -9999.000 -9999.000 -9999.000 -9999.000 -9999.000 -9999.000
-9999.000 -9999.000 -9999.000 -9999.000 -9999.000 -9999.000 -9999.000 -9999.000 -9999.000 -9999.000 -9999.000 0.1766121 0.2491832 0.2623264 0.2670038 0.2184093 0.1297022 0.9058469E-01 0.7444133E-01 0.5584367E-01 0.5469810E-01 0.7088668E-01 0.8748462E-01 0.1381894 0.2082181 0.2309979 0.2153753 0.1950414 0.2140384 0.2202081 0.2306393 0.3182426 0.3846509 0.3622919 0.2973612 0.2277626 0.2369647 0.2562638 0.2426716 0.2245479 0.2252708 0.1962899 0.1571150 0.1144660 -9999.000 -9999.000 -9999.000 -9999.000 -9999.000 -9999.000 -9999.000 -9999.000 -9999.000 -9999.000 -9999.000 -9999.000 -9999.000 -9999.000 -9999.000 -9999.000
-9999.000 -9999.000 -9999.000 -9999.000 -9999.000 -9999.000 -9999.000 -9999.000 -9999.000 -9999.000 0.5612960E-01 0.1641182 0.2290250 0.2291179 0.2410571 0.2145833 0.1555305 0.1297285 0.1055023 0.7787237E-01 0.5335455E-01 0.4836152E-01 0.7165863E-01 0.1185408 0.1464058 0.1590474 0.1869276 0.1930475 0.2396073 0.2742866 0.2555526 0.2874768 0.3357450 0.3153604 0.2802566 0.2520043 0.2474355 0.2326555 0.2027447 0.2183108 0.2368207 0.2304893 0.2190051 0.1843078 0.1466902 0.8750569E-01 -9999.000 -9999.000 -9999.000 -9999.000 -9999.000 -9999.000 -9999.000 -9999.000 -9999.000 -9999.000 -9999.000 -9999.000 -9999.000 -9999.000
-9999.000 -9999.000 -9999.000 -9999.000 -9999.000 -9999.000 -9999.000 -9999.000 -9999.000 -9999.000 0.4311030E-01 0.1305630 0.1945893 0.2249402 0.2459092 0.2424393 0.2188096 0.1948251 0.1537772 0.1281387 0.7802300E-01 0.3545977E-01 0.4304188E-01 0.7137923E-01 0.8182306E-01 0.1149158 0.1984228 0.2431045 0.2874638 0.3145257 0.3028121 0.2879639 0.2759915 0.2438255 0.2544756 0.2664846 0.2628846 0.2132009 0.2138321 0.2531783 0.2720986 0.2701977 0.2850989 0.2680388 0.2261714 0.1344500 0.4589033E-01 -9999.000 -9999.000 -9999.000 -9999.000 -9999.000 -9999.000 -9999.000 -9999.000 -9999.000 -9999.000 -9999.000 -9999.000 -9999.000
-9999.000 -9999.000 -9999.000 -9999.000 -9999.000 -9999.000 -9999.000 -9999.000 -9999.000 -9999.000 -9999.000 -9999.000 0.1392545 0.1931765 0.2299267 0.2470348 0.2525243 0.2489109 0.2021983 0.1709542 0.1196182 0.4300566E-01 0.2876898E-01 0.3864093E-01 0.5815269E-01 0.1090311 0.1891802 0.2446049 0.2857265 0.3144110 0.2999528 0.2994864 0.3082025 0.2756784 0.2758642 0.3249570 0.2879810 0.2518302 0.2850084 0.3183414 0.3198723 0.3131529 0.3350819 0.3173146 0.2730523 0.1745763 0.5506092E-01 -9999.000 -9999.000 -9999.000 -9999.000 -9999.000 -9999.000 -9999.000 -9999.000 -9999.000 -9999.000 -9999.000 -9999.000 -9999.000
-9999.000 -9999.000 -9999.000 -9999.000 -9999.000 -9999.000 -9999.000 -9999.000 -9999.000 -9999.000 -9999.000 -9999.000 0.8558112E-01 0.1379240 0.1919378 0.2289266 0.2668598 0.2770262 0.2497565 0.2216447 0.1695921 0.9009539E-01 0.5333122E-01 0.5623140E-01 0.5969281E-01 0.8552226E-01 0.1361564 0.1982534 0.2500886 0.2838479 0.2743558 0.2847215 0.3006944 0.2659633 0.2975277 0.3377226 0.2859046 0.2923464 0.3562254 0.3839235 0.3559447 0.3538848 0.3722129 0.3135021 0.2489072 0.1492744 0.5297129E-01 0.2637449E-01 -9999.000 -9999.000 -9999.000 -9999.000 -9999.000 -9999.000 -9999.000 -9999.000 -9999.000 -9999.000 -9999.000 -9999.000
-9999.000 -9999.000 -9999.000 -9999.000 -9999.000 -9999.000 -9999.000 -9999.000 -9999.000 -9999.000 -9999.000 -9999.000 -9999.000 0.9021638E-01 0.1495211 0.2136492 0.2455121 0.2801577 0.2918554 0.2570728 0.1986155 0.1402550 0.9614210E-01 0.6659606E-01 0.5257182E-01 0.5157916E-01 0.8367021E-01 0.1570810 0.2294419 0.2680190 0.2331083 0.2264482 0.2293154 0.2460265 0.3212999 0.3463751 0.2985900 0.3217681 0.3990536 0.4165288 0.3852569 0.3468490 0.2870457 0.2204641 0.1814531 0.1405729 0.1013520 0.6456501E-01 -9999.000 -9999.000 -9999.000 -9999.000 -9999.000 -9999.000 -9999.000 -9999.000 -9999.000 -9999.000 -9999.000 -9999.000
-9999.000 -9999.000 -9999.000 -9999.000 -9999.000 -9999.000 -9999.000 -9999.000 -9999.000 -9999.000 -9999.000 -9999.000 -9999.000 0.6557747E-01 0.1365457 0.1572365 0.1435903 0.2057993 0.2643669 0.2487858 0.2217444 0.1823672 0.1276917 0.8584264E-01 0.5517290E-01 0.3266025E-01 0.4544035E-01 0.1166363 0.2031675 0.2267028 0.1625511 0.2041672 0.2427728 0.2664542 0.3358103 0.3610530 0.3343477 0.3534085 0.3901576 0.4021095 0.3506503 0.2506634 0.2196111 0.1844392 0.2009019 0.2184237 0.1962979 0.1571734 0.1224447 -9999.000 -9999.000 -9999.000 -9999.000 -9999.000 -9999.000 -9999.000 -9999.000 -9999.000 -9999.000 -9999.000
-9999.000 -9999.000 -9999.000 -9999.000 -9999.000 -9999.000 -9999.000 -9999.000 -9999.000 -9999.000 -9999.000 -9999.000 -9999.000 -9999.000 0.9589101E-01 0.1008966 -9999.000 0.8080860E-01 0.1553570 0.2048961 0.2422533 0.2128702 0.1792668 0.1322000 0.9555713E-01 0.6765222E-01 0.5097956E-01 0.9042925E-01 0.1655139 0.1667521 0.1437976 0.2083966 0.2651658 0.2886827 0.3255465 0.3550389 0.3515668 0.3477271 0.3595079 0.3547544 0.3018052 0.2921429 0.2708878 0.2661368 0.2913340 0.2951608 0.2848919 0.2750304 0.2010189 0.1071332 -9999.000 -9999.000 -9999.000 -9999.000 -9999.000 -9999.000 -9999.000 -9999.000 -9999.000 -9999.000
-9999.000 -9999.000 -9999.000 -9999.000 -9999.000 -9999.000 -9999.000 -9999.000 -9999.000 -9999.000 -9999.000 -9999.000 -9999.000 -9999.000 -9999.000 -9999.000 0.4294329E-01 0.6640246E-01 0.1023248 0.1506089 0.2003528 0.2049060 0.1833073 0.1332170 0.9070736E-01 0.6697622E-01 0.4925718E-01 0.5239889E-01 0.9475149E-01 0.1200055 0.1400024 0.1872237 0.2488803 0.2775437 0.3044227 0.3234111 0.3336478 0.3298209 0.3416420 0.3522916 0.3534834 0.3617836 0.3408654 0.3281061 0.3236744 0.3240839 0.3107967 0.2923191 0.2194150 0.1298751 -9999.000 -9999.000 -9999.000 -9999.000 -9999.000 -9999.000 -9999.000 -9999.000 -9999.000 -9999.000
-9999.000 -9999.000 -9999.000 -9999.000 -9999.000 -9999.000 -9999.000 -9999.000 -9999.000 -9999.000 -9999.000 -9999.000 -9999.000 -9999.000 -9999.000 -9999.000 0.5659030E-01 0.9929341E-01 0.1008027 0.1165844 0.1515333 0.1688626 0.1602732 0.1266610 0.8634338E-01 0.5238623E-01 0.2888934E-01 -9999.000 -9999.000 0.6084199E-01 0.1127978 0.1533373 0.1965104 0.2214428 0.2660032 0.3126319 0.3178081 0.3135099 0.3428122 0.3943844 0.4140193 0.4121528 0.3588941 0.3260384 0.3400325 0.3419932 0.3065934 0.2468690 0.1653905 0.1185208 0.5800847E-01 -9999.000 -9999.000 -9999.000 -9999.000 -9999.000 -9999.000 -9999.000 -9999.000 -9999.000
-9999.000 -9999.000 -9999.000 -9999.000 -9999.000 -9999.000 -9999.000 -9999.000 -9999.000 -9999.000 -9999.000 -9999.000 -9999.000 -9999.000 -9999.000 -9999.000 -9999.000 0.8487812E-01 0.7765834E-01 0.9021886E-01 0.9516524E-01 0.1339441 0.1631408 0.1478144 0.1154498 0.7685563E-01 0.3747228E-01 -9999.000 -9999.000 -9999.000 0.6158877E-01 0.1132366 0.1315924 0.1425747 0.2036112 0.2677550 0.2703241 0.2728746 0.3349920 0.4058280 0.4347310 0.4044113 0.3426438 0.3114609 0.3070091 0.2660076 0.2313869 0.1797382 0.1422900 0.1228750 -9999.000 -9999.000 -9999.000 -9999.000 -9999.000 -9999.000 -9999.000 -9999.000 -9999.000 -9999.000
-9999.000 -9999.000 -9999.000 -9999.000 -9999.000 -9999.000 -9999.000 -9999.000 -9999.000 -9999.000 -9999.000 -9999.000 -9999.000 -9999.000 -9999.000 -9999.000 -9999.000 0.7655188E-01 0.1230136 0.7730628E-01 0.4973073E-01 0.8639399E-01 0.1285290 0.1337237 0.1281050 0.1047256 0.5358115E-01 0.2323209E-01 -9999.000 -9999.000 -9999.000 0.6852848E-01 0.8365900E-01 0.9993067E-01 0.1449688 0.1981880 0.2141325 0.2615071 0.3459572 0.3887697 0.3886894 0.3567571 0.3135994 0.2782257 0.2612370 0.2018100 0.1726720 0.1525687 0.1569729 0.1523569 0.9734468E-01 -9999.000 -9999.000 -9999.000 -9999.000 -9999.000 -9999.000 -9999.000 -9999.000 -9999.000
-9999.000 -9999.000 -9999.000 -9999.000 -9999.000 -9999.000 -9999.000 -9999.000 -9999.000 -9999.000 -9999.000 -9999.000 -9999.000 -9999.000 -9999.000 -9999.000 -9999.000 -9999.000 0.1346897 0.6913707E-01 0.4537690E-01 0.8289323E-01 0.1049259 0.1018716 0.1261216 0.1092838 -9999.000 -9999.000 -9999.000 -9999.000 -9999.000 -9999.000 0.4835233E-01 0.9893027E-01 0.1591684 0.2000921 0.2317550 0.2847196 0.3099437 0.3328290 0.3208242 0.2984362 0.2855549 0.2931553 0.2672885 0.2592154 0.2387547 0.1805485 0.1828998 0.2068276 0.1688880 0.7723561E-01 -9999.000 -9999.000 -9999.000 -9999.000 -9999.000 -9999.000 -9999.000 -9999.000
-9999.000 -9999.000 -9999.000 -9999.000 -9999.000 -9999.000 -9999.000 -9999.000 -9999.000 -9999.000 -9999.000 -9999.000 -9999.000 -9999.000 -9999.000 0.2265212E-01 0.8057197E-01 0.1358903 0.9040968E-01 0.5645678E-01 0.8945219E-01 0.1412215 0.1505484 0.1098031 0.1185283 0.1004673 0.6315007E-01 -9999.000 -9999.000 -9999.000 -9999.000 -9999.000 0.2734184E-01 0.9280131E-01 0.1813322 0.2366353 0.2665888 0.2514077 0.2338876 0.2421781 0.2697558 0.2458811 0.2597895 0.3051149 0.2960984 0.3072639 0.2816436 0.2224706 0.2101311 0.2421293 0.2167267 0.9587740E-01 0.3612276E-01 -9999.000 -9999.000 -9999.000 -9999.000 -9999.000 -9999.000 -9999.000
-9999.000 -9999.000 -9999.000 -9999.000 -9999.000 -9999.000 -9999.000 -9999.000 -9999.000 -9999.000 -9999.000 -9999.000 -9999.000 -9999.000 -9999.000 -9999.000 0.6541569E-01 0.1341884 0.1135569 0.8525463E-01 0.1603724 0.2109509 0.1937875 0.1434782 0.1362135 0.1066288 0.4308895E-01 -9999.000 0.1009794E-01 -9999.000 -9999.000 -9999.000 -9999.000 0.7786704E-01 0.1509765 0.1870961 0.2072232 0.2140795 0.2164118 0.2254118 0.2289534 0.2044368 0.2074697 0.2875287 0.3185614 0.3054407 0.2728249 0.2361801 0.2252017 0.2361135 0.2211661 0.1215685 0.5724307E-01 -9999.000 -9999.000 -9999.000 -9999.000 -9999.000 -9999.000 -9999.000
-9999.000 -9999.000 -9999.000 -9999.000 -9999.000 -9999.000 -9999.000 -9999.000 -9999.000 -9999.000 -9999.000 -9999.000 -9999.000 -9999.000 -9999.000 -9999.000 -9999.000 0.8117866E-01 0.1023727 0.1058807 0.1576575 0.1883218 0.1768113 0.1889420 0.1890282 0.1366206 0.5894979E-01 0.2298254E-01 -9999.000 -9999.000 -9999.000 -9999.000 -9999.000 0.5454150E-01 0.8422809E-01 0.8910929E-01 0.1329759 0.1768741 0.2190098 0.2247537 0.2311993 0.2206774 0.2149314 0.2690965 0.3011607 0.3026343 0.2816800 0.2422223 0.2426557 0.2551831 0.2088872 0.1450292 0.1117629 0.4720061E-01 -9999.000 -9999.000 -9999.000 -9999.000 -9999.000 -9999.000
-9999.000 -9999.000 -9999.000 -9999.000 -9999.000 -9999.000 -9999.000 -9999.000 -9999.000 -9999.000 -9999.000 -9999.000 -9999.000 -9999.000 -9999.000 -9999.000 -9999.000 0.3929058E-01 0.7058277E-01 0.8520809E-01 0.1186054 0.1301211 0.1395600 0.1902416 0.2158307 0.1666997 0.1001545 0.4364711E-01 0.1798561E-01 -9999.000 -9999.000 -9999.000 -9999.000 -9999.000 0.7674077E-01 0.1014011 0.1243924 0.1569505 0.1817252 0.1988853 0.2355432 0.2701466 0.2748036 0.2795036 0.2685364 0.2909235 0.2690855 0.2437999 0.2726577 0.2960388 0.2502671 0.2160932 0.1932376 0.1211089 -9999.000 -9999.000 -9999.000 -9999.000 -9999.000 -9999.000
-9999.000 -9999.000 -9999.000 -9999.000 -9999.000 -9999.000 -9999.000 -9999.000 -9999.000 -9999.000 -9999.000 -9999.000 -9999.000 -9999.000 -9999.000 -9999.000 -9999.000 0.4604345E-01 0.8240254E-01 0.5738232E-01 0.5973028E-01 0.9365156E-01 0.1238575 0.1713772 0.2104471 0.1860261 0.1368514 0.7322246E-01 0.3392842E-01 -9999.000 -9999.000 -9999.000 -9999.000 -9999.000 0.7173041E-01 0.1065451 0.1335606 0.1493100 0.1688748 0.1841804 0.2055040 0.2455885 0.2597361 0.2417054 0.2238719 0.2056803 0.1975794 0.2212807 0.2939619 0.3365657 0.3068117 0.2727571 0.2433529 0.2088404 0.1816393 -9999.000 -9999.000 -9999.000 -9999.000 -9999.000
-9999.000 -9999.000 -9999.000 -9999.000 -9999.000 -9999.000 -9999.000 -9999.000 -9999.000 -9999.000 -9999.000 -9999.000 -9999.000 -9999.000 -9999.000 -9999.000 -9999.000 -9999.000 0.4675578E-01 0.3183217E-01 0.3432288E-01 0.1179185 0.1716481 0.2004820 0.1886323 0.1528099 0.1255748 0.8938172E-01 0.4598345E-01 -9999.000 -9999.000 -9999.000 -9999.000 -9999.000 -9999.000 0.5833500E-01 0.9745186E-01 0.1311493 0.1756674 0.1936810 0.2078213 0.2334608 0.2507999 0.2011317 0.1348190 0.1008276 0.1277729 0.2202380 0.3142135 0.3633950 0.3103156 0.2819097 0.2551134 0.2275167 0.1733042 0.9792960E-01 -9999.000 -9999.000 -9999.000 -9999.000
-9999.000 -9999.000 -9999.000 -9999.000 -9999.000 -9999.000 -9999.000 -9999.000 -9999.000 -9999.000 -9999.000 -9999.000 -9999.000 -9999.000 -9999.000 -9999.000 -9999.000 -9999.000 0.1820106E-01 0.2475202E-01 0.5034249E-01 0.1460696 0.2272001 0.2411786 0.1962119 0.1588503 0.1287188 0.1032947 0.5872608E-01 -9999.000 -9999.000 -9999.000 -9999.000 -9999.000 -9999.000 0.3645156E-01 0.7190622E-01 0.1271747 0.1771873 0.2093616 0.2466818 0.2565771 0.2585921 0.2091847 0.1593657 0.1555874 0.1858344 0.2580977 0.3022987 0.2830866 0.2550764 0.2757554 0.2659445 0.2055590 0.1765026 0.1268951 0.5099964E-01 -9999.000 -9999.000 -9999.000
-9999.000 -9999.000 -9999.000 -9999.000 -9999.000 -9999.000 -9999.000 -9999.000 -9999.000 -9999.000 -9999.000 -9999.000 -9999.000 -9999.000 -9999.000 -9999.000 -9999.000 -9999.000 0.1466813E-01 0.3449555E-01 0.7046548E-01 0.1606103 0.2407708 0.2315703 0.1944207 0.1555637 0.1263784 0.1052923 0.7304435E-01 -9999.000 -9999.000 -9999.000 -9999.000 -9999.000 -9999.000 -9999.000 0.5049945E-01 0.1241534 0.1998969 0.2460531 0.2997551 0.3154620 0.2780516 0.2359803 0.2431407 0.3300784 0.3817775 0.3630650 0.3103835 0.2504032 0.2732209 0.3273583 0.3108796 0.2207490 0.1941323 0.1839233 0.1122085 -9999.000 -9999.000 -9999.000
