simulation_files/asc/Depth____127.0.asc
NCOLS       411
NROWS       131
XLLCENTER    2538020.000000
YLLCENTER    1152390.000000
CELLSIZE           1.000
NODATA_VALUE     -9999.0
[rows 81 to 107 of 131, columns 0 to 58 of 411]
-9999.000 -9999.000 -9999.000 -9999.000 -9999.000 0.2186487 0.2311460 0.2477901 0.2621534 0.2763296 0.2929616 0.3077840 0.3231808 0.3359910 0.3466535 0.3533263 0.3551285 0.3549189 0.3532995 0.3550168 0.3588285 0.3651435 0.3708139 0.3858956 0.4006330 0.4134365 0.4280960 0.4367432 0.4361226 0.4341808 0.4279594 0.4255027 0.4326235 0.4420989 0.4385335 0.4414583 0.4456451 0.4585541 0.4790295 0.5025348 0.5207717 0.5339099 0.5398267 0.5450181 0.5530997 0.5547770 0.5773196 0.5840260 0.6114929 0.6220026 0.6278245 0.6345068 0.6358610 0.6350424 0.6429351 0.6646252 0.6958040 0.7309583 0.7651019
-9999.000 -9999.000 -9999.000 -9999.000 -9999.000 0.2301251 0.2447504 0.2593596 0.2761002 0.2881121 0.3035667 0.3177291 0.3287615 0.3396454 0.3482923 0.3558467 0.3596074 0.3592102 0.3601572 0.3660198 0.3740228 0.3807203 0.3876439 0.3983229 0.4099001 0.4203406 0.4317019 0.4384481 0.4365931 0.4318889 0.4286357 0.4308583 0.4391277 0.4478846 0.4504909 0.4516387 0.4559280 0.4688699 0.4942771 0.5136569 0.5256687 0.5326189 0.5381096 0.5509581 0.5711350 0.5953446 0.6341830 0.6626493 0.6650980 0.6569511 0.6384947 0.6412752 0.6370722 0.6338955 0.6435022 0.6672935 0.7021499 0.7362900 0.7703485
-9999.000 -9999.000 -9999.000 -9999.000 -9999.000 0.2312958 0.2456576 0.2579822 0.2703871 0.2810580 0.2967640 0.3081282 0.3183639 0.3291294 0.3374712 0.3449337 0.3485769 0.3502893 0.3546683 0.3633375 0.3736341 0.3812874 0.3946658 0.4046139 0.4157845 0.4269300 0.4390721 0.4383374 0.4333963 0.4321731 0.4332482 0.4380912 0.4464390 0.4531715 0.4591054 0.4631913 0.4708539 0.4800352 0.5004410 0.5115844 0.5201979 0.5297142 0.5413404 0.5573616 0.5789466 0.6099043 0.6599539 0.7177180 0.7496135 0.7436555 0.7029645 0.6776721 0.6385245 0.6324698 0.6470932 0.6762402 0.7083951 0.7389362 0.7664254
-9999.000 -9999.000 -9999.000 -9999.000 -9999.000 0.2296744 0.2412837 0.2510593 0.2593989 0.2668056 0.2752659 0.2858146 0.2936710 0.3043570 0.3129348 0.3198258 0.3265225 0.3332201 0.3406270 0.3483956 0.3580117 0.3684127 0.3828019 0.4035580 0.4171780 0.4293614 0.4377871 0.4339650 0.4281632 0.4289087 0.4340163 0.4410903 0.4477337 0.4537629 0.4597420 0.4671303 0.4768395 0.4834097 0.4953980 0.5072583 0.5189568 0.5277518 0.5385071 0.5577483 0.5723846 0.6107065 0.6661222 0.7349809 0.7867827 0.8060712 0.7958645 0.7564685 0.6934247 0.6569547 0.6615141 0.6981459 0.7342190 0.7606015 0.7809313
-9999.000 -9999.000 -9999.000 -9999.000 0.2259615 0.2335823 0.2419420 0.2490379 0.2561826 0.2628150 0.2688142 0.2751281 0.2798650 0.2866536 0.2938097 0.3020935 0.3145946 0.3251609 0.3324081 0.3369488 0.3433593 0.3533060 0.3722385 0.3964551 0.4160634 0.4274108 0.4289443 0.4230085 0.4188436 0.4223033 0.4266432 0.4319304 0.4396311 0.4465668 0.4524240 0.4577667 0.4644450 0.4700292 0.4843438 0.4992659 0.5145519 0.5240308 0.5285460 0.5414493 0.5701916 0.6170480 0.6778766 0.7489072 0.7875213 0.8205657 0.8428488 0.8377879 0.8008887 0.7291606 0.7110853 0.7256418 0.7606927 0.7968095 0.8094104
-9999.000 -9999.000 -9999.000 -9999.000 0.2328557 0.2393970 0.2486739 0.2549180 0.2627889 0.2711516 0.2760515 0.2796966 0.2829505 0.2915816 0.2982179 0.3083869 0.3255756 0.3354749 0.3386196 0.3402772 0.3453642 0.3524285 0.3706088 0.3968513 0.4153338 0.4180629 0.4120486 0.4034668 0.4030039 0.4063621 0.4085043 0.4129575 0.4191826 0.4241273 0.4253210 0.4252168 0.4306865 0.4410533 0.4534522 0.4693563 0.4825681 0.4916854 0.5028471 0.5232455 0.5856632 0.6317661 0.6944020 0.7472572 0.7790145 0.8109762 0.8373465 0.8591637 0.8628407 0.8330925 0.7924584 0.7899311 0.8016521 0.8274452 0.8391017
-9999.000 -9999.000 -9999.000 -9999.000 0.2510344 0.2559339 0.2651535 0.2702070 0.2791917 0.2878950 0.2910221 0.2926616 0.2974250 0.3093229 0.3215820 0.3354793 0.3513653 0.3598420 0.3588151 0.3599548 0.3637311 0.3722990 0.3920618 0.4101707 0.4159972 0.4080972 0.3948748 0.3838571 0.3828900 0.3846911 0.3826793 0.3825204 0.3824524 0.3818874 0.3786715 0.3786882 0.3912983 0.4083737 0.4155575 0.4167797 0.4187301 0.4298600 0.4708609 0.5464471 0.6480620 0.6992831 0.7236165 0.7566908 0.7781060 0.8042480 0.8355371 0.8586176 0.8731890 0.8694041 0.8538422 0.8477205 0.8518860 0.8648230 0.8684683
-9999.000 -9999.000 -9999.000 -9999.000 0.2873348 0.2908030 0.2953403 0.2974934 0.3012972 0.3067013 0.3074829 0.3087538 0.3161485 0.3297920 0.3429022 0.3547932 0.3657682 0.3718611 0.3743174 0.3769996 0.3790869 0.3893550 0.4053093 0.4184142 0.4112179 0.3912884 0.3745958 0.3636049 0.3606359 0.3573312 0.3493689 0.3450668 0.3455209 0.3418069 0.3427559 0.3500140 0.3682954 0.3875394 0.3882055 0.3834501 0.3759667 0.4072527 0.4892752 0.5950126 0.7095891 0.7497176 0.7552757 0.7676818 0.7853030 0.8080019 0.8318438 0.8597275 0.8762571 0.8792150 0.8766334 0.8810804 0.8887239 0.8977077 0.8899899
-9999.000 -9999.000 -9999.000 0.3148702 0.3187299 0.3247414 0.3261494 0.3255097 0.3248293 0.3255188 0.3240308 0.3248272 0.3341538 0.3454348 0.3560415 0.3619866 0.3675273 0.3691925 0.3691699 0.3717013 0.3723093 0.3848858 0.3972447 0.4002963 0.3841511 0.3596512 0.3370547 0.3323411 0.3302676 0.3265288 0.3220472 0.3204714 0.3269648 0.3299204 0.3382818 0.3551008 0.3742214 0.3882883 0.3888903 0.3886940 0.3993216 0.4436971 0.5483457 0.6448935 0.7255791 0.7634167 0.7738290 0.7875819 0.8029302 0.8254620 0.8449278 0.8652219 0.8827783 0.8935134 0.8962636 0.9028713 0.9062317 0.9050415 0.8936776
-9999.000 -9999.000 -9999.000 0.3166478 0.3312107 0.3436535 0.3452794 0.3461036 0.3435622 0.3410084 0.3373865 0.3394493 0.3472148 0.3535248 0.3592075 0.3584987 0.3595471 0.3521490 0.3446885 0.3409522 0.3361351 0.3372337 0.3446761 0.3425395 0.3222426 0.3034440 0.2961490 0.2990672 0.3006847 0.3084422 0.3141543 0.3225222 0.3343722 0.3421855 0.3550574 0.3742432 0.3907346 0.4005552 0.4034569 0.4091104 0.4331952 0.4845340 0.5684781 0.6438938 0.7140664 0.7561469 0.7808635 0.8016253 0.8210490 0.8443384 0.8650816 0.8832599 0.8986749 0.9082738 0.9143285 0.9119035 0.9016307 0.8802222 0.8475477
-9999.000 -9999.000 -9999.000 0.2915834 0.3149448 0.3352187 0.3400211 0.3443788 0.3434440 0.3417906 0.3347485 0.3372565 0.3419909 0.3394473 0.3374762 0.3324692 0.3289048 0.3147600 0.3036810 0.2915114 0.2815585 0.2777564 0.2856542 0.2824455 0.2711850 0.2670549 0.2725295 0.2846905 0.2962690 0.3138162 0.3294708 0.3451488 0.3581280 0.3667910 0.3783212 0.3930303 0.4036624 0.4092369 0.4151747 0.4242065 0.4600260 0.5093092 0.5659145 0.6210902 0.6823260 0.7433057 0.7765694 0.8118708 0.8359841 0.8583299 0.8792825 0.8976602 0.9107750 0.9138799 0.9132401 0.9028039 0.8805423 0.7713703 0.6304978
-9999.000 -9999.000 -9999.000 0.2520740 0.2716768 0.2859169 0.2950162 0.3042791 0.3072024 0.3064402 0.3025485 0.3024940 0.3018305 0.2950548 0.2886119 0.2849171 0.2797441 0.2679882 0.2568294 0.2487626 0.2415727 0.2428096 0.2555674 0.2531650 0.2536791 0.2598276 0.2737699 0.2932572 0.3134521 0.3361446 0.3553118 0.3704354 0.3815108 0.3902147 0.4004225 0.4125494 0.4212078 0.4234829 0.4311170 0.4476574 0.4825504 0.5268476 0.5703769 0.6177665 0.6683917 0.7236992 0.7686479 0.8103317 0.8438355 0.8693796 0.8921969 0.9071817 0.9104237 0.9046959 0.8905567 0.8491243 0.7745295 0.5449320 0.2854560
-9999.000 -9999.000 0.2094279 0.2182681 0.2317862 0.2415715 0.2466127 0.2515444 0.2520555 0.2465981 0.2515553 0.2516509 0.2500948 0.2452163 0.2414095 0.2423282 0.2361189 0.2268391 0.2211211 0.2213973 0.2225241 0.2311928 0.2472373 0.2508016 0.2637948 0.2800866 0.3024763 0.3249713 0.3435424 0.3603139 0.3730884 0.3888758 0.3983874 0.4074918 0.4213169 0.4354531 0.4448072 0.4510615 0.4664426 0.4915320 0.5320294 0.5750056 0.6027535 0.6329350 0.6630281 0.7196879 0.7680317 0.8121565 0.8502027 0.8783769 0.9009597 0.9081146 0.8878951 0.8624873 0.7817799 0.6668906 -9999.000 -9999.000 -9999.000
-9999.000 -9999.000 0.1896170 0.1971457 0.2075554 0.2148511 0.2178373 0.2194952 0.2168190 0.2152779 0.2166527 0.2171419 0.2145361 0.2125297 0.2120017 0.2124190 0.2077274 0.2045534 0.2058892 0.2159279 0.2255236 0.2388338 0.2574136 0.2705030 0.2865279 0.3087156 0.3338392 0.3619789 0.3732683 0.3800459 0.3893356 0.3994379 0.4078369 0.4184079 0.4349862 0.4484925 0.4614271 0.4761937 0.4992124 0.5327575 0.5792331 0.6279535 0.6585264 0.6733120 0.6905645 0.7227074 0.7672344 0.8141837 0.8609169 0.8900900 0.9017018 0.8921151 0.7721164 0.6544842 0.5205753 0.2585883 -9999.000 -9999.000 -9999.000
-9999.000 -9999.000 0.1695674 0.1829766 0.1931161 0.1974969 0.1996271 0.2007703 0.2002516 0.2009225 0.2013745 0.1989270 0.1939947 0.1912939 0.1936955 0.1952874 0.1953727 0.2027567 0.2158780 0.2346178 0.2452989 0.2560682 0.2754380 0.2929976 0.3125377 0.3348155 0.3562985 0.3751155 0.3835200 0.3886984 0.3980980 0.4081710 0.4169025 0.4289687 0.4443304 0.4576501 0.4728032 0.4915057 0.5196065 0.5641993 0.6106215 0.6496046 0.6804926 0.7122909 0.7315078 0.7501832 0.7830462 0.8224725 0.8638535 0.8790539 0.8147736 0.6779033 0.4778447 0.2952228 -9999.000 -9999.000 -9999.000 -9999.000 -9999.000
-9999.000 -9999.000 0.1428394 0.1638712 0.1769199 0.1805756 0.1839285 0.1876266 0.1889987 0.1897809 0.1889462 0.1857131 0.1822658 0.1827541 0.1861283 0.1897684 0.2012291 0.2186555 0.2471244 0.2603198 0.2663786 0.2751609 0.2916613 0.3096868 0.3282850 0.3514364 0.3692978 0.3804579 0.3867280 0.3940818 0.4041884 0.4137422 0.4256908 0.4406723 0.4562610 0.4712934 0.4869941 0.5064105 0.5298137 0.5743346 0.6145112 0.6467553 0.6709114 0.7108388 0.7513337 0.7772551 0.8003630 0.8098790 0.8134060 0.7334186 0.5322549 0.2898084 -9999.000 -9999.000 -9999.000 -9999.000 -9999.000 -9999.000 -9999.000
-9999.000 0.7755082E-01 0.1094403 0.1477499 0.1645453 0.1693050 0.1744292 0.1788965 0.1801591 0.1801265 0.1788191 0.1769460 0.1763706 0.1800911 0.1929580 0.2074063 0.2299186 0.2525517 0.2672180 0.2752876 0.2794770 0.2925368 0.3096144 0.3267376 0.3436411 0.3602722 0.3760325 0.3849191 0.3938584 0.4036006 0.4139289 0.4221453 0.4327168 0.4504011 0.4665553 0.4862345 0.5064783 0.5293840 0.5572019 0.5827749 0.5963669 0.6016659 0.6330389 0.6908141 0.7470126 0.7687822 0.7752336 0.6399497 0.6087339 -9999.000 -9999.000 -9999.000 -9999.000 -9999.000 -9999.000 -9999.000 -9999.000 -9999.000 -9999.000
-9999.000 0.3587010E-01 0.8483636E-01 0.1453659 0.1877648 0.1939822 0.1908746 0.1761284 0.1751760 0.1732255 0.1730488 0.1733534 0.1762879 0.1889468 0.2126230 0.2350242 0.2554210 0.2727318 0.2810153 0.2878578 0.2956350 0.3058823 0.3194684 0.3382515 0.3561115 0.3715357 0.3840927 0.3926824 0.4022462 0.4130149 0.4244250 0.4335238 0.4450748 0.4604439 0.4762736 0.4939220 0.5161098 0.5440455 0.5804536 0.6085153 0.6044449 0.5803583 0.5592594 0.6180442 0.6566491 0.5078530 0.4011736 -9999.000 -9999.000 -9999.000 -9999.000 -9999.000 -9999.000 -9999.000 -9999.000 -9999.000 -9999.000 -9999.000 -9999.000
-9999.000 -9999.000 0.9803619E-01 0.1930096 0.2802173 0.3080403 0.2966723 0.2715066 0.2204398 0.1990708 0.1707729 0.1703271 0.1827723 0.2088537 0.2377615 0.2560557 0.2693308 0.2814331 0.2888822 0.2965263 0.3065358 0.3190379 0.3319778 0.3489743 0.3661178 0.3815530 0.3958896 0.4043227 0.4146682 0.4260966 0.4349916 0.4436988 0.4542601 0.4690597 0.4819339 0.4974203 0.5182039 0.5418146 0.5724398 0.5895648 0.5908409 0.5415970 0.4224417 0.3673564 -9999.000 0.2035386 -9999.000 -9999.000 -9999.000 -9999.000 -9999.000 -9999.000 -9999.000 -9999.000 -9999.000 -9999.000 -9999.000 -9999.000 -9999.000
-9999.000 0.6936308E-01 0.1399922 0.2449808 0.3109116 0.3691855 0.3869741 0.3935435 0.3629160 0.2966932 0.2398432 0.2047702 0.2075818 0.2315096 0.2510394 0.2660729 0.2787755 0.2890594 0.2950032 0.3028751 0.3164892 0.3324558 0.3481945 0.3649361 0.3823568 0.3973074 0.4080911 0.4162834 0.4264331 0.4374717 0.4448180 0.4535818 0.4642866 0.4751674 0.4857759 0.4984717 0.5116189 0.5234388 0.5337263 0.4753833 0.3704372 0.3014121 0.2063759 -9999.000 -9999.000 -9999.000 -9999.000 -9999.000 -9999.000 -9999.000 -9999.000 -9999.000 -9999.000 -9999.000 -9999.000 -9999.000 -9999.000 -9999.000 -9999.000
-9999.000 -9999.000 0.1758894 0.2455898 0.2851802 0.3307169 0.3679403 0.3931078 0.4162746 0.4150526 0.3905854 0.3695287 0.3281912 0.3131031 0.2901845 0.2806181 0.2917134 0.2974375 0.3044530 0.3165901 0.3329409 0.3482316 0.3631419 0.3782003 0.3957575 0.4084074 0.4211167 0.4276887 0.4361599 0.4444097 0.4510082 0.4615295 0.4717533 0.4842072 0.4932119 0.5030749 0.5064725 0.4783132 0.4079425 0.3050179 0.1658460 -9999.000 -9999.000 -9999.000 -9999.000 -9999.000 -9999.000 -9999.000 -9999.000 -9999.000 -9999.000 -9999.000 -9999.000 -9999.000 -9999.000 -9999.000 -9999.000 -9999.000 -9999.000
-9999.000 -9999.000 -9999.000 -9999.000 0.2729675 0.2990226 0.3262966 0.3520399 0.3927017 0.4469977 0.4877113 0.5122452 0.5410831 0.5075416 0.4767083 0.4317163 0.3853433 0.3707698 0.3602306 0.3390619 0.3581831 0.3634893 0.3781692 0.3914746 0.4043857 0.4138395 0.4229346 0.4314405 0.4393723 0.4458275 0.4530248 0.4621948 0.4675595 0.4769089 0.4784918 0.4776073 0.4299783 0.3743628 -9999.000 -9999.000 -9999.000 -9999.000 -9999.000 -9999.000 -9999.000 -9999.000 -9999.000 -9999.000 -9999.000 -9999.000 -9999.000 -9999.000 -9999.000 -9999.000 -9999.000 -9999.000 -9999.000 -9999.000 -9999.000
-9999.000 -9999.000 -9999.000 -9999.000 -9999.000 0.2973221 0.3208560 0.3459912 0.3790097 0.4266672 0.5046618 0.5722409 0.6270231 0.6678125 0.6772613 0.6623990 0.6449111 0.5845757 0.5523980 0.5039805 0.4671796 0.4404265 0.4264360 0.4090943 0.4228875 0.4187095 0.4210873 0.4244407 0.4280738 0.4297348 0.4313013 0.4374943 0.4301351 0.4280773 0.3920184 0.3266889 0.2125771 0.1210417 -9999.000 -9999.000 -9999.000 -9999.000 -9999.000 -9999.000 -9999.000 -9999.000 -9999.000 -9999.000 -9999.000 -9999.000 -9999.000 -9999.000 -9999.000 -9999.000 -9999.000 -9999.000 -9999.000 -9999.000 -9999.000
-9999.000 -9999.000 -9999.000 -9999.000 -9999.000 -9999.000 -9999.000 0.3520193 0.3769298 0.4083551 0.4713478 0.5636091 0.6441635 0.7079498 0.7454167 0.7647287 0.7726963 0.7712469 0.7502237 0.7277667 0.7030835 0.6561867 0.6110682 0.5571519 0.5081710 0.4684069 0.4356817 0.4172500 0.4146223 0.4111840 0.4017213 0.3925867 0.3628539 0.3213942 0.2501344 0.1307345 0.5430301E-01 -9999.000 -9999.000 -9999.000 -9999.000 -9999.000 -9999.000 -9999.000 -9999.000 -9999.000 -9999.000 -9999.000 -9999.000 -9999.000 -9999.000 -9999.000 -9999.000 -9999.000 -9999.000 -9999.000 -9999.000 -9999.000 -9999.000
-9999.000 -9999.000 -9999.000 -9999.000 -9999.000 -9999.000 -9999.000 -9999.000 -9999.000 0.4045324 0.4345166 0.5079939 0.5909267 0.6933870 0.7610120 0.7818960 0.8046071 0.8148978 0.8149839 0.8111017 0.8093489 0.8081329 0.7795073 0.7625098 0.7109146 0.6410191 0.5765900 0.5025137 0.4438449 0.4278497 0.4005197 0.3677206 0.3243532 0.2485765 0.1528306 0.3939054E-01 -9999.000 -9999.000 -9999.000 -9999.000 -9999.000 -9999.000 -9999.000 -9999.000 -9999.000 -9999.000 -9999.000 -9999.000 -9999.000 -9999.000 -9999.000 -9999.000 -9999.000 -9999.000 -9999.000 -9999.000 -9999.000 -9999.000 -9999.000
-9999.000 -9999.000 -9999.000 -9999.000 -9999.000 -9999.000 -9999.000 -9999.000 -9999.000 -9999.000 0.4129213 0.4382073 0.5135996 0.6055237 0.7128240 0.7515855 0.7872959 0.8196290 0.8248049 0.8156245 0.8094550 0.8044484 0.8103393 0.8188112 0.8006969 0.7746244 0.7190924 0.6763721 0.5887749 0.4942324 0.4333319 0.3368634 0.2420166 0.1530178 0.8490948E-01 -9999.000 -9999.000 -9999.000 -9999.000 -9999.000 -9999.000 -9999.000 -9999.000 -9999.000 -9999.000 -9999.000 -9999.000 -9999.000 -9999.000 -9999.000 -9999.000 -9999.000 -9999.000 -9999.000 -9999.000 -9999.000 -9999.000 -9999.000 -9999.000
-9999.000 -9999.000 -9999.000 -9999.000 -9999.000 -9999.000 -9999.000 -9999.000 -9999.000 -9999.000 -9999.000 -9999.000 0.4528641 0.5032215 0.5570192 0.6371654 0.6952678 0.7245827 0.7714196 0.7605695 0.7498902 0.7252378 0.7263384 0.7471744 0.7384743 0.6959481 0.6753159 0.6850121 0.6243433 0.4539479 0.3376707 0.2513305 0.1647612 -9999.000 -9999.000 -9999.000 -9999.000 -9999.000 -9999.000 -9999.000 -9999.000 -9999.000 -9999.000 -9999.000 -9999.000 -9999.000 -9999.000 -9999.000 -9999.000 -9999.000 -9999.000 -9999.000 -9999.000 -9999.000 -9999.000 -9999.000 -9999.000 -9999.000 -9999.000
