simulation_files/asc/Depth____415.0.asc
NCOLS       216
NROWS       273
XLLCENTER        494.688995
YLLCENTER        787.867981
CELLSIZE           0.500
NODATA_VALUE     -9999.0
[rows 189 to 215 of 273, columns 118 to 176 of 216]
-9999.000 -9999.000 -9999.000 -9999.000 -9999.000 -9999.000 -9999.000 -9999.000 -9999.000 -9999.000 -9999.000 -9999.000 -9999.000 0.1036383 0.1356929 0.1697655 0.1954656 0.1951971 0.1713164 0.1434054 0.9513683E-01 0.6405484E-01 0.2727295E-01 0.1657387E-01 0.2593834E-01 0.5415517E-01 0.7459172E-01 0.8831010E-01 0.1661082 0.2033657 0.2443554 0.2710826 0.2623251 0.2498375 0.2411098 0.2240196 0.2381874 0.2446743 0.2418971 0.1875657 0.1682939 0.2005805 0.2159113 0.2085248 0.2228849 0.2074713 0.1709834 0.1009190 -9999.000 -9999.000 -9999.000 -9999.000 -9999.000 -9999.000 -9999.000 -9999.000 -9999.000 -9999.000 -9999.000
-9999.000 -9999.000 -9999.000 -9999.000 -9999.000 -9999.000 -9999.000 -9999.000 -9999.000 -9999.000 -9999.000 -9999.000 -9999.000 -9999.000 0.8300577E-01 0.1377067 0.1773833 0.1954845 0.1982382 0.1866897 0.1322402 0.8786580E-01 0.4110091E-01 0.1209047E-01 -9999.000 0.2512530E-01 0.4179661E-01 0.8128650E-01 0.1545068 0.2063744 0.2456075 0.2719960 0.2608707 0.2596787 0.2742679 0.2590425 0.2544752 0.2848280 0.2465654 0.2076448 0.2344107 0.2603713 0.2574138 0.2481173 0.2666685 0.2507687 0.2162444 0.1322120 0.3300456E-01 -9999.000 -9999.000 -9999.000 -9999.000 -9999.000 -9999.000 -9999.000 -9999.000 -9999.000 -9999.000
-9999.000 -9999.000 -9999.000 -9999.000 -9999.000 -9999.000 -9999.000 -9999.000 -9999.000 -9999.000 -9999.000 -9999.000 -9999.000 -9999.000 -9999.000 0.9141923E-01 0.1395046 0.1769154 0.2097549 0.2141760 0.1757413 0.1331297 0.8636347E-01 0.3745429E-01 0.2478821E-01 0.2935289E-01 0.3568114E-01 0.5904450E-01 0.1034727 0.1628097 0.2120315 0.2450316 0.2406218 0.2538017 0.2878170 0.2534863 0.2567930 0.2889855 0.2386519 0.2436389 0.3016586 0.3230482 0.2917100 0.2864315 0.3027762 0.2576606 0.2120763 0.1210509 0.2690286E-01 -9999.000 -9999.000 -9999.000 -9999.000 -9999.000 -9999.000 -9999.000 -9999.000 -9999.000 -9999.000
-9999.000 -9999.000 -9999.000 -9999.000 -9999.000 -9999.000 -9999.000 -9999.000 -9999.000 -9999.000 -9999.000 -9999.000 -9999.000 -9999.000 -9999.000 0.5871281E-01 0.1044244 0.1616845 0.1897697 0.2127759 0.2061500 0.1734182 0.1376291 0.8501754E-01 0.4867713E-01 0.3134292E-01 0.2713252E-01 0.3483607E-01 0.6066580E-01 0.1238867 0.1934326 0.2361354 0.2201439 0.2205959 0.2218628 0.2088234 0.2735529 0.2978367 0.2496396 0.2701596 0.3433756 0.3570921 0.3258503 0.2978384 0.2484250 0.1884078 0.1575636 0.1048366 0.6007551E-01 0.3633548E-01 -9999.000 -9999.000 -9999.000 -9999.000 -9999.000 -9999.000 -9999.000 -9999.000 -9999.000
-9999.000 -9999.000 -9999.000 -9999.000 -9999.000 -9999.000 -9999.000 -9999.000 -9999.000 -9999.000 -9999.000 -9999.000 -9999.000 -9999.000 -9999.000 0.2280797E-01 0.8448463E-01 0.1146261 0.1041056 0.1239126 0.1609314 0.1748180 0.1706961 0.1254607 0.7458103E-01 0.3456537E-01 0.1637534E-01 -9999.000 0.3098228E-01 0.9001029E-01 0.1683148 0.2088319 0.1617431 0.1794596 0.2091336 0.2195863 0.2865666 0.3120462 0.2845253 0.3008000 0.3359929 0.3481626 0.3074874 0.2197174 0.1794356 0.1427348 0.1522066 0.1637718 0.1411162 0.1027517 0.7452357E-01 -9999.000 -9999.000 -9999.000 -9999.000 -9999.000 -9999.000 -9999.000 -9999.000
-9999.000 -9999.000 -9999.000 -9999.000 -9999.000 -9999.000 -9999.000 -9999.000 -9999.000 -9999.000 -9999.000 -9999.000 -9999.000 -9999.000 -9999.000 -9999.000 0.6820156E-01 -9999.000 -9999.000 0.3218343E-01 0.8522170E-01 0.1479626 0.1866821 0.1564271 0.1196504 0.6872420E-01 0.3215639E-01 0.2110098E-01 -9999.000 0.6465466E-01 0.1363102 0.1554895 0.1214688 0.1670313 0.2190749 0.2401792 0.2773631 0.3071801 0.3022314 0.2963805 0.3084167 0.3057859 0.2589296 0.2403406 0.2125226 0.2045498 0.2284643 0.2318913 0.2231504 0.2174499 0.1476362 0.5291785E-01 -9999.000 -9999.000 -9999.000 -9999.000 -9999.000 -9999.000 -9999.000
-9999.000 -9999.000 -9999.000 -9999.000 -9999.000 -9999.000 -9999.000 -9999.000 -9999.000 -9999.000 -9999.000 -9999.000 -9999.000 -9999.000 -9999.000 -9999.000 -9999.000 -9999.000 -9999.000 0.5197382E-01 0.6814933E-01 0.1049410 0.1541677 0.1590042 0.1330348 0.8194654E-01 0.4118934E-01 0.1791573E-01 0.1983556E-01 0.4099290E-01 0.8441063E-01 0.1218139 0.1154725 0.1481118 0.2047109 0.2323421 0.2592465 0.2773706 0.2850874 0.2795512 0.2913590 0.3029129 0.3020686 0.3052068 0.2780535 0.2645282 0.2594704 0.2608864 0.2452971 0.2400188 0.1779402 0.8825081E-01 -9999.000 -9999.000 -9999.000 -9999.000 -9999.000 -9999.000 -9999.000
-9999.000 -9999.000 -9999.000 -9999.000 -9999.000 -9999.000 -9999.000 -9999.000 -9999.000 -9999.000 -9999.000 -9999.000 -9999.000 -9999.000 -9999.000 -9999.000 -9999.000 -9999.000 0.4595758E-01 0.8823239E-01 0.9373389E-01 0.9695048E-01 0.1292570 0.1417037 0.1248065 0.9352966E-01 0.5408658E-01 0.2442290E-01 0.1112078E-01 -9999.000 -9999.000 -9999.000 0.9346705E-01 0.1198239 0.1592518 0.1909369 0.2252329 0.2663053 0.2703410 0.2645734 0.2928629 0.3434311 0.3613114 0.3548817 0.3008903 0.2666501 0.2804906 0.2853193 0.2700398 0.2185876 0.1488200 0.9292410E-01 -9999.000 -9999.000 -9999.000 -9999.000 -9999.000 -9999.000 -9999.000
-9999.000 -9999.000 -9999.000 -9999.000 -9999.000 -9999.000 -9999.000 -9999.000 -9999.000 -9999.000 -9999.000 -9999.000 -9999.000 -9999.000 -9999.000 -9999.000 -9999.000 -9999.000 -9999.000 0.8555069E-01 0.7757125E-01 0.8866761E-01 0.9842704E-01 0.1258011 0.1402729 0.1144348 0.8485191E-01 0.5042863E-01 0.2014819E-01 -9999.000 -9999.000 -9999.000 -9999.000 0.9052843E-01 0.1033720 0.1141505 0.1619742 0.2209080 0.2228695 0.2246306 0.2849747 0.3539179 0.3829032 0.3554984 0.2966841 0.2684211 0.2844991 0.2671680 0.2235466 0.1673838 0.1195173 0.9852802E-01 -9999.000 -9999.000 -9999.000 -9999.000 -9999.000 -9999.000 -9999.000
-9999.000 -9999.000 -9999.000 -9999.000 -9999.000 -9999.000 -9999.000 -9999.000 -9999.000 -9999.000 -9999.000 -9999.000 -9999.000 -9999.000 -9999.000 -9999.000 -9999.000 -9999.000 -9999.000 -9999.000 0.1042817 0.6456266E-01 0.4596351E-01 0.8052308E-01 0.1137699 0.1150512 0.1046076 0.8148960E-01 0.4068746E-01 0.1825297E-01 -9999.000 -9999.000 -9999.000 0.5169677E-01 0.6021893E-01 0.6894334E-01 0.1073704 0.1532239 0.1633451 0.2089913 0.2889420 0.3370301 0.3415285 0.3167537 0.2844547 0.2554305 0.2470633 0.1884341 0.1388437 0.1124824 0.1218059 0.1221655 0.8235356E-01 -9999.000 -9999.000 -9999.000 -9999.000 -9999.000 -9999.000
-9999.000 -9999.000 -9999.000 -9999.000 -9999.000 -9999.000 -9999.000 -9999.000 -9999.000 -9999.000 -9999.000 -9999.000 -9999.000 -9999.000 -9999.000 -9999.000 -9999.000 -9999.000 -9999.000 -9999.000 0.9648457E-01 0.4331980E-01 0.3000334E-01 0.6142581E-01 0.8461998E-01 0.8361339E-01 0.1053798 0.9148506E-01 -9999.000 -9999.000 -9999.000 -9999.000 -9999.000 -9999.000 0.3366653E-01 0.6668547E-01 0.1178791 0.1528244 0.1795489 0.2281753 0.2628230 0.2909729 0.2834572 0.2669728 0.2555894 0.2592672 0.2295367 0.2070114 0.1839139 0.1342082 0.1360291 0.1556728 0.1240644 0.3913499E-01 -9999.000 -9999.000 -9999.000 -9999.000 -9999.000
-9999.000 -9999.000 -9999.000 -9999.000 -9999.000 -9999.000 -9999.000 -9999.000 -9999.000 -9999.000 -9999.000 -9999.000 -9999.000 -9999.000 -9999.000 -9999.000 -9999.000 -9999.000 -9999.000 0.1158941 0.7130548E-01 0.3646075E-01 0.6406678E-01 0.1104446 0.1200584 0.8423490E-01 0.9337908E-01 0.7943835E-01 0.5098922E-01 -9999.000 -9999.000 -9999.000 -9999.000 -9999.000 -9999.000 0.6363792E-01 0.1322200 0.1814278 0.2159678 0.2107326 0.2019497 0.2131990 0.2385117 0.2121087 0.2215166 0.2606290 0.2441498 0.2496274 0.2309784 0.1814896 0.1646396 0.1888582 0.1608085 0.4601158E-01 0.1460805E-01 -9999.000 -9999.000 -9999.000 -9999.000
-9999.000 -9999.000 -9999.000 -9999.000 -9999.000 -9999.000 -9999.000 -9999.000 -9999.000 -9999.000 -9999.000 -9999.000 -9999.000 -9999.000 -9999.000 -9999.000 -9999.000 -9999.000 -9999.000 0.1232745 0.9792807E-01 0.7132118E-01 0.1316211 0.1750212 0.1615332 0.1147408 0.1030791 0.7312971E-01 0.2872848E-01 -9999.000 -9999.000 -9999.000 -9999.000 -9999.000 -9999.000 0.5398151E-01 0.1067645 0.1509071 0.1715539 0.1754909 0.1803801 0.1930197 0.1928556 0.1638034 0.1629064 0.2369769 0.2613033 0.2487569 0.2266990 0.1972114 0.1867449 0.1929586 0.1757203 0.8832740E-01 0.3903675E-01 -9999.000 -9999.000 -9999.000 -9999.000
-9999.000 -9999.000 -9999.000 -9999.000 -9999.000 -9999.000 -9999.000 -9999.000 -9999.000 -9999.000 -9999.000 -9999.000 -9999.000 -9999.000 -9999.000 -9999.000 -9999.000 -9999.000 -9999.000 0.6570496E-01 0.8763392E-01 0.9587589E-01 0.1373170 0.1576723 0.1456225 0.1540541 0.1440429 0.8950767E-01 -9999.000 -9999.000 -9999.000 -9999.000 -9999.000 -9999.000 -9999.000 -9999.000 0.5968029E-01 0.6613216E-01 0.1002518 0.1403889 0.1865456 0.1901243 0.1865212 0.1725793 0.1625841 0.2106573 0.2421087 0.2421840 0.2365608 0.2034741 0.2012751 0.2100459 0.1689195 0.1022511 0.7457012E-01 0.2924755E-01 -9999.000 -9999.000 -9999.000
-9999.000 -9999.000 -9999.000 -9999.000 -9999.000 -9999.000 -9999.000 -9999.000 -9999.000 -9999.000 -9999.000 -9999.000 -9999.000 -9999.000 -9999.000 -9999.000 -9999.000 -9999.000 -9999.000 0.3069876E-01 0.5520344E-01 0.7561789E-01 0.1055787 0.1095490 0.1104253 0.1506333 0.1706489 0.1224031 0.5845931E-01 -9999.000 -9999.000 -9999.000 -9999.000 -9999.000 -9999.000 -9999.000 0.5485515E-01 0.6277880E-01 0.8581769E-01 0.1252532 0.1529536 0.1589256 0.1867376 0.2161406 0.2166278 0.2186120 0.2044071 0.2335746 0.2298216 0.2055050 0.2285091 0.2477714 0.1997240 0.1612471 0.1293677 0.7250296E-01 -9999.000 -9999.000 -9999.000
-9999.000 -9999.000 -9999.000 -9999.000 -9999.000 -9999.000 -9999.000 -9999.000 -9999.000 -9999.000 -9999.000 -9999.000 -9999.000 -9999.000 -9999.000 -9999.000 -9999.000 -9999.000 -9999.000 -9999.000 0.6575158E-01 0.5432847E-01 0.6174725E-01 0.7861796E-01 0.9491022E-01 0.1345625 0.1669110 0.1390261 0.8972192E-01 0.4622671E-01 -9999.000 -9999.000 -9999.000 -9999.000 -9999.000 -9999.000 0.5907945E-01 0.7283348E-01 0.9856759E-01 0.1229660 0.1397478 0.1456253 0.1603272 0.1960189 0.2069540 0.1891040 0.1782536 0.1767042 0.1672363 0.1799881 0.2464324 0.2825228 0.2476719 0.2151184 0.1714600 0.1477271 0.1257911 -9999.000 -9999.000
-9999.000 -9999.000 -9999.000 -9999.000 -9999.000 -9999.000 -9999.000 -9999.000 -9999.000 -9999.000 -9999.000 -9999.000 -9999.000 -9999.000 -9999.000 -9999.000 -9999.000 -9999.000 -9999.000 -9999.000 0.5213545E-01 -9999.000 -9999.000 0.9545492E-01 0.1364641 0.1615440 0.1453024 0.1090876 0.8540588E-01 0.5090018E-01 0.2324324E-01 -9999.000 -9999.000 -9999.000 -9999.000 -9999.000 -9999.000 -9999.000 0.7200334E-01 0.1101327 0.1431798 0.1518674 0.1630469 0.1875560 0.2068036 0.1563483 0.1021784 0.8333418E-01 0.9639564E-01 0.1711156 0.2561763 0.2970905 0.2453614 0.2147173 0.1856830 0.1719829 0.1317895 0.6783261E-01 -9999.000
-9999.000 -9999.000 -9999.000 -9999.000 -9999.000 -9999.000 -9999.000 -9999.000 -9999.000 -9999.000 -9999.000 -9999.000 -9999.000 -9999.000 -9999.000 -9999.000 -9999.000 -9999.000 -9999.000 -9999.000 -9999.000 -9999.000 -9999.000 0.1105334 0.1848459 0.2005480 0.1580445 0.1235589 0.9346287E-01 0.6773983E-01 0.3397402E-01 -9999.000 -9999.000 -9999.000 -9999.000 -9999.000 -9999.000 -9999.000 0.5199428E-01 0.9894913E-01 0.1388184 0.1613796 0.1973851 0.2091550 0.2122354 0.1659495 0.1245908 0.1244617 0.1431115 0.2039788 0.2414405 0.2232843 0.2023354 0.2194732 0.2112997 0.1640980 0.1292615 0.8044968E-01 0.2494211E-01
-9999.000 -9999.000 -9999.000 -9999.000 -9999.000 -9999.000 -9999.000 -9999.000 -9999.000 -9999.000 -9999.000 -9999.000 -9999.000 -9999.000 -9999.000 -9999.000 -9999.000 -9999.000 -9999.000 -9999.000 -9999.000 0.1633482E-01 0.4282341E-01 0.1128686 0.1964670 0.1899529 0.1555419 0.1189825 0.9171246E-01 0.7195476E-01 0.4082190E-01 -9999.000 -9999.000 -9999.000 -9999.000 -9999.000 -9999.000 -9999.000 0.3811938E-01 0.9402024E-01 0.1463144 0.1887188 0.2439208 0.2620895 0.2268531 0.1911248 0.2028584 0.2834658 0.3313508 0.3115838 0.2613980 0.2078504 0.2234149 0.2748742 0.2647314 0.1888018 0.1560786 0.1371369 0.6678048E-01
-9999.000 -9999.000 -9999.000 -9999.000 -9999.000 -9999.000 -9999.000 -9999.000 -9999.000 -9999.000 -9999.000 -9999.000 -9999.000 -9999.000 -9999.000 -9999.000 -9999.000 -9999.000 -9999.000 -9999.000 -9999.000 -9999.000 0.5124141E-01 0.1130331 0.1900005 0.1921528 0.1669447 0.1417176 0.1189605 0.9526174E-01 0.5396027E-01 -9999.000 -9999.000 -9999.000 -9999.000 -9999.000 -9999.000 -9999.000 -9999.000 0.5884190E-01 0.1231792 0.2030276 0.2654683 0.3000393 0.2704593 0.2358364 0.2628378 0.3369357 0.3897066 0.3509005 0.2980905 0.2578434 0.2828062 0.3372963 0.2905061 0.1643044 0.1386154 0.1571603 0.1088096
-9999.000 -9999.000 -9999.000 -9999.000 -9999.000 -9999.000 -9999.000 -9999.000 -9999.000 -9999.000 -9999.000 -9999.000 -9999.000 -9999.000 -9999.000 -9999.000 -9999.000 -9999.000 -9999.000 -9999.000 -9999.000 -9999.000 0.5258344E-01 0.1040711 0.1862705 0.2082611 0.2043969 0.1780048 0.1461695 0.1017633 0.5520917E-01 -9999.000 -9999.000 -9999.000 -9999.000 -9999.000 -9999.000 -9999.000 -9999.000 0.2604803E-01 0.6961461E-01 0.1392525 0.2435718 0.2829061 0.2464867 0.2379747 0.2795243 0.3253399 0.3431349 0.3342827 0.3059680 0.2909095 0.3211972 0.3430838 0.2437013 0.1372655 0.1107773 0.1373285 0.1248116
-9999.000 -9999.000 -9999.000 -9999.000 -9999.000 -9999.000 -9999.000 -9999.000 -9999.000 -9999.000 -9999.000 -9999.000 -9999.000 -9999.000 -9999.000 -9999.000 -9999.000 -9999.000 -9999.000 -9999.000 -9999.000 -9999.000 0.6169134E-01 0.8812530E-01 0.1215133 0.1578687 0.2040884 0.2016116 0.1513058 0.8155457E-01 0.5019803E-01 0.3063396E-01 -9999.000 -9999.000 -9999.000 -9999.000 -9999.000 -9999.000 -9999.000 0.2350390E-01 0.3061573E-01 0.7320326E-01 0.1641878 0.1738816 0.1472913 0.1942344 0.2696229 0.3136005 0.2940443 0.2872645 0.3055201 0.3299632 0.3435288 0.3219231 0.2100000 0.1552118 0.1302433 0.1449792 0.1569635
-9999.000 -9999.000 -9999.000 -9999.000 -9999.000 -9999.000 -9999.000 -9999.000 -9999.000 -9999.000 -9999.000 -9999.000 -9999.000 -9999.000 -9999.000 -9999.000 -9999.000 -9999.000 -9999.000 -9999.000 -9999.000 -9999.000 0.6459360E-01 0.1010789 0.1070914 0.1482052 0.1958712 0.1963208 0.1341147 0.8040508E-01 0.6681234E-01 0.4238610E-01 -9999.000 -9999.000 -9999.000 -9999.000 -9999.000 -9999.000 -9999.000 0.3038704E-01 0.4946666E-01 0.6447086E-01 0.1032181 0.9214151E-01 0.1279579 0.2089325 0.2944078 0.2821510 0.2255736 0.2376651 0.3120845 0.3295268 0.3264141 0.2523880 0.1981227 0.1758035 0.1755544 0.1936269 0.2051526
-9999.000 -9999.000 -9999.000 -9999.000 -9999.000 -9999.000 -9999.000 -9999.000 -9999.000 -9999.000 -9999.000 -9999.000 -9999.000 -9999.000 -9999.000 -9999.000 -9999.000 -9999.000 -9999.000 -9999.000 -9999.000 -9999.000 0.3808819E-01 0.1095654 0.1650855 0.1832629 0.1690087 0.1521513 0.1193343 0.9868733E-01 0.7612151E-01 -9999.000 -9999.000 -9999.000 -9999.000 -9999.000 -9999.000 -9999.000 -9999.000 0.2730190E-01 0.5621770E-01 0.8638748E-01 0.1151607 0.1256137 0.1657329 0.2356322 0.2673528 0.2398356 0.2182893 0.2213189 0.2677602 0.2635249 0.2219056 0.2047785 0.2123427 0.2170529 0.2230967 0.2519073 0.2252894
-9999.000 -9999.000 -9999.000 -9999.000 -9999.000 -9999.000 -9999.000 -9999.000 -9999.000 -9999.000 -9999.000 -9999.000 -9999.000 -9999.000 -9999.000 -9999.000 -9999.000 -9999.000 -9999.000 -9999.000 -9999.000 -9999.000 -9999.000 0.8294839E-01 0.1560009 0.1903197 0.1682512 0.1537599 0.1386336 0.1068371 0.5974519E-01 0.3301346E-01 -9999.000 -9999.000 -9999.000 -9999.000 -9999.000 -9999.000 -9999.000 -9999.000 -9999.000 0.9804633E-01 0.1331314 0.1428871 0.1774812 0.2211138 0.2180409 0.2438778 0.2617741 0.2071506 0.1539538 0.1210200 0.1359139 0.1993137 0.2636737 0.2913142 0.3080112 0.2713642 0.2323539
-9999.000 -9999.000 -9999.000 -9999.000 -9999.000 -9999.000 -9999.000 -9999.000 -9999.000 -9999.000 -9999.000 -9999.000 -9999.000 -9999.000 -9999.000 -9999.000 -9999.000 -9999.000 -9999.000 -9999.000 -9999.000 -9999.000 -9999.000 -9999.000 0.1047235 0.1692231 0.1856219 0.1779672 0.1638176 0.1255745 0.7989405E-01 0.4031637E-01 -9999.000 -9999.000 -9999.000 -9999.000 -9999.000 -9999.000 -9999.000 -9999.000 -9999.000 0.8176601E-01 0.1233898 0.1473008 0.1801495 0.1987385 0.2011443 0.2303697 0.2207602 0.1782425 0.1222150 0.1264179 0.1652167 0.2389460 0.3085932 0.3227146 0.3101099 0.2990130 0.2652473
-9999.000 -9999.000 -9999.000 -9999.000 -9999.000 -9999.000 -9999.000 -9999.000 -9999.000 -9999.000 -9999.000 -9999.000 -9999.000 -9999.000 -9999.000 -9999.000 -9999.000 -9999.000 -9999.000 -9999.000 -9999.000 -9999.000 -9999.000 -9999.000 0.6969943E-01 0.1082703 0.1367455 0.1519008 0.1580465 0.1475547 0.1072027 0.5254879E-01 0.2310585E-01 -9999.000 -9999.000 -9999.000 -9999.000 -9999.000 -9999.000 -9999.000 -9999.000 -9999.000 0.9838047E-01 0.1330330 0.1551576 0.1404465 0.1225953 0.1489808 0.1648771 0.1487968 0.1768247 0.2203015 0.2759032 0.3359884 0.3399243 0.3205881 0.2962858 0.3094863 0.2688124
