simulation_files/asc/Depth____171.0.asc
NCOLS        79
NROWS        79
XLLCENTER         -1.500000
YLLCENTER         -4.800000
CELLSIZE           0.100
NODATA_VALUE     -9999.0
[rows 0 to 25 of 79, columns 0 to 58 of 79]
-9999.000 -9999.000 -9999.000 -9999.000 -9999.000 -9999.000 -9999.000 -9999.000 -9999.000 -9999.000 -9999.000 -9999.000 -9999.000 -9999.000 -9999.000 0.6618953 0.6622477 0.6622989 0.6621975 0.6620182 0.6617950 0.6615427 0.6612774 0.6610197 0.6607704 0.6605363 0.6603168 0.6600839 0.6597376 0.6596943 0.6596943 -9999.000 -9999.000 -9999.000 -9999.000 -9999.000 -9999.000 -9999.000 -9999.000 -9999.000 -9999.000 -9999.000 -9999.000 -9999.000 -9999.000 -9999.000 -9999.000 -9999.000 -9999.000 -9999.000 -9999.000 -9999.000 -9999.000 -9999.000 -9999.000 -9999.000 -9999.000 -9999.000 -9999.000
-9999.000 -9999.000 -9999.000 -9999.000 -9999.000 -9999.000 -9999.000 -9999.000 -9999.000 -9999.000 -9999.000 -9999.000 -9999.000 -9999.000 -9999.000 0.6636452 0.6639825 0.6640241 0.6639400 0.6637952 0.6636180 0.6634199 0.6632137 0.6630160 0.6628264 0.6626507 0.6624873 0.6623114 0.6620333 0.6620656 0.6620656 -9999.000 -9999.000 -9999.000 -9999.000 -9999.000 -9999.000 -9999.000 -9999.000 -9999.000 -9999.000 -9999.000 -9999.000 -9999.000 -9999.000 -9999.000 -9999.000 -9999.000 -9999.000 -9999.000 -9999.000 -9999.000 -9999.000 -9999.000 -9999.000 -9999.000 -9999.000 -9999.000 -9999.000
-9999.000 -9999.000 -9999.000 -9999.000 -9999.000 -9999.000 -9999.000 -9999.000 -9999.000 -9999.000 -9999.000 -9999.000 -9999.000 -9999.000 -9999.000 0.6655761 0.6659442 0.6659947 0.6659166 0.6657778 0.6656078 0.6654179 0.6652210 0.6650339 0.6648551 0.6646895 0.6645346 0.6643628 0.6640790 0.6641083 0.6641083 -9999.000 -9999.000 -9999.000 -9999.000 -9999.000 -9999.000 -9999.000 -9999.000 -9999.000 -9999.000 -9999.000 -9999.000 -9999.000 -9999.000 -9999.000 -9999.000 -9999.000 -9999.000 -9999.000 -9999.000 -9999.000 -9999.000 -9999.000 -9999.000 -9999.000 -9999.000 -9999.000 -9999.000
-9999.000 -9999.000 -9999.000 -9999.000 -9999.000 -9999.000 -9999.000 -9999.000 -9999.000 -9999.000 -9999.000 -9999.000 -9999.000 -9999.000 -9999.000 0.6675529 0.6679404 0.6679961 0.6679191 0.6677805 0.6676108 0.6674215 0.6672255 0.6670402 0.6668631 0.6666993 0.6665452 0.6663715 0.6660764 0.6660862 0.6660862 -9999.000 -9999.000 -9999.000 -9999.000 -9999.000 -9999.000 -9999.000 -9999.000 -9999.000 -9999.000 -9999.000 -9999.000 -9999.000 -9999.000 -9999.000 -9999.000 -9999.000 -9999.000 -9999.000 -9999.000 -9999.000 -9999.000 -9999.000 -9999.000 -9999.000 -9999.000 -9999.000 -9999.000
-9999.000 -9999.000 -9999.000 -9999.000 -9999.000 -9999.000 -9999.000 -9999.000 -9999.000 -9999.000 -9999.000 -9999.000 -9999.000 -9999.000 -9999.000 0.6695488 0.6699508 0.6700099 0.6699314 0.6697899 0.6696171 0.6694244 0.6692250 0.6690376 0.6688580 0.6686918 0.6685349 0.6683557 0.6680447 0.6680218 0.6680218 -9999.000 -9999.000 -9999.000 -9999.000 -9999.000 -9999.000 -9999.000 -9999.000 -9999.000 -9999.000 -9999.000 -9999.000 -9999.000 -9999.000 -9999.000 -9999.000 -9999.000 -9999.000 -9999.000 -9999.000 -9999.000 -9999.000 -9999.000 -9999.000 -9999.000 -9999.000 -9999.000 -9999.000
-9999.000 -9999.000 -9999.000 -9999.000 -9999.000 -9999.000 -9999.000 -9999.000 -9999.000 -9999.000 -9999.000 -9999.000 -9999.000 -9999.000 -9999.000 0.6715509 0.6719651 0.6720267 0.6719452 0.6717992 0.6716216 0.6714236 0.6712188 0.6710270 0.6708428 0.6706722 0.6705106 0.6703236 0.6699927 0.6699239 0.6699239 -9999.000 -9999.000 -9999.000 -9999.000 -9999.000 -9999.000 -9999.000 -9999.000 -9999.000 -9999.000 -9999.000 -9999.000 -9999.000 -9999.000 -9999.000 -9999.000 -9999.000 -9999.000 -9999.000 -9999.000 -9999.000 -9999.000 -9999.000 -9999.000 -9999.000 -9999.000 -9999.000 -9999.000
-9999.000 -9999.000 -9999.000 -9999.000 -9999.000 -9999.000 -9999.000 -9999.000 -9999.000 -9999.000 -9999.000 -9999.000 -9999.000 -9999.000 -9999.000 0.6735525 0.6739780 0.6740417 0.6739564 0.6738050 0.6736216 0.6734172 0.6732057 0.6730087 0.6728187 0.6726425 0.6724749 0.6722782 0.6719233 0.6717938 0.6717938 -9999.000 -9999.000 -9999.000 -9999.000 -9999.000 -9999.000 -9999.000 -9999.000 -9999.000 -9999.000 -9999.000 -9999.000 -9999.000 -9999.000 -9999.000 -9999.000 -9999.000 -9999.000 -9999.000 -9999.000 -9999.000 -9999.000 -9999.000 -9999.000 -9999.000 -9999.000 -9999.000 -9999.000
-9999.000 -9999.000 -9999.000 -9999.000 -9999.000 -9999.000 -9999.000 -9999.000 -9999.000 -9999.000 -9999.000 -9999.000 -9999.000 -9999.000 -9999.000 0.6755500 0.6759867 0.6760522 0.6759623 0.6758049 0.6756151 0.6754037 0.6751849 0.6749821 0.6747854 0.6746029 0.6744283 0.6742204 0.6738368 0.6736275 0.6736275 -9999.000 -9999.000 -9999.000 -9999.000 -9999.000 -9999.000 -9999.000 -9999.000 -9999.000 -9999.000 -9999.000 -9999.000 -9999.000 -9999.000 -9999.000 -9999.000 -9999.000 -9999.000 -9999.000 -9999.000 -9999.000 -9999.000 -9999.000 -9999.000 -9999.000 -9999.000 -9999.000 -9999.000
-9999.000 -9999.000 -9999.000 -9999.000 -9999.000 -9999.000 -9999.000 -9999.000 -9999.000 -9999.000 -9999.000 -9999.000 -9999.000 -9999.000 -9999.000 0.6775414 0.6779893 0.6780563 0.6779611 0.6777970 0.6776006 0.6773816 0.6771549 0.6769460 0.6767421 0.6765526 0.6763703 0.6761492 0.6757317 0.6754178 0.6754178 -9999.000 -9999.000 -9999.000 -9999.000 -9999.000 -9999.000 -9999.000 -9999.000 -9999.000 -9999.000 -9999.000 -9999.000 -9999.000 -9999.000 -9999.000 -9999.000 -9999.000 -9999.000 -9999.000 -9999.000 -9999.000 -9999.000 -9999.000 -9999.000 -9999.000 -9999.000 -9999.000 -9999.000
-9999.000 -9999.000 -9999.000 -9999.000 -9999.000 -9999.000 -9999.000 -9999.000 -9999.000 -9999.000 -9999.000 -9999.000 -9999.000 -9999.000 -9999.000 0.6795246 0.6799842 0.6800522 0.6799509 0.6797797 0.6795762 0.6793492 0.6791141 0.6788992 0.6786873 0.6784903 0.6782994 0.6780632 0.6776053 0.6771529 0.6771529 -9999.000 -9999.000 -9999.000 -9999.000 -9999.000 -9999.000 -9999.000 -9999.000 -9999.000 -9999.000 -9999.000 -9999.000 -9999.000 -9999.000 -9999.000 -9999.000 -9999.000 -9999.000 -9999.000 -9999.000 -9999.000 -9999.000 -9999.000 -9999.000 -9999.000 -9999.000 -9999.000 -9999.000
-9999.000 -9999.000 -9999.000 -9999.000 -9999.000 -9999.000 -9999.000 -9999.000 -9999.000 -9999.000 -9999.000 -9999.000 -9999.000 -9999.000 -9999.000 0.6814976 0.6819698 0.6820383 0.6819299 0.6817510 0.6815401 0.6813046 0.6810605 0.6808394 0.6806191 0.6804139 0.6802135 0.6799595 0.6794534 0.6788155 0.6788155 -9999.000 -9999.000 -9999.000 -9999.000 -9999.000 -9999.000 -9999.000 -9999.000 -9999.000 -9999.000 -9999.000 -9999.000 -9999.000 -9999.000 -9999.000 -9999.000 -9999.000 -9999.000 -9999.000 -9999.000 -9999.000 -9999.000 -9999.000 -9999.000 -9999.000 -9999.000 -9999.000 -9999.000
-9999.000 -9999.000 -9999.000 -9999.000 -9999.000 -9999.000 -9999.000 -9999.000 -9999.000 -9999.000 -9999.000 -9999.000 -9999.000 -9999.000 -9999.000 0.6834581 0.6839437 0.6840122 0.6838957 0.6837084 0.6834896 0.6832451 0.6829914 0.6827642 0.6825344 0.6823204 0.6821092 0.6818343 0.6812698 0.6803790 0.6803790 -9999.000 -9999.000 -9999.000 -9999.000 -9999.000 -9999.000 -9999.000 -9999.000 -9999.000 -9999.000 -9999.000 -9999.000 -9999.000 -9999.000 -9999.000 -9999.000 -9999.000 -9999.000 -9999.000 -9999.000 -9999.000 -9999.000 -9999.000 -9999.000 -9999.000 -9999.000 -9999.000 -9999.000
-9999.000 -9999.000 -9999.000 -9999.000 -9999.000 -9999.000 -9999.000 -9999.000 -9999.000 -9999.000 -9999.000 -9999.000 -9999.000 -9999.000 -9999.000 0.6854022 0.6859031 0.6859705 0.6858448 0.6856485 0.6854213 0.6851672 0.6849031 0.6846696 0.6844293 0.6842055 0.6839818 0.6836814 0.6830453 0.6818029 0.6818029 -9999.000 -9999.000 -9999.000 -9999.000 -9999.000 -9999.000 -9999.000 -9999.000 -9999.000 -9999.000 -9999.000 -9999.000 -9999.000 -9999.000 -9999.000 -9999.000 -9999.000 -9999.000 -9999.000 -9999.000 -9999.000 -9999.000 -9999.000 -9999.000 -9999.000 -9999.000 -9999.000 -9999.000
-9999.000 -9999.000 -9999.000 -9999.000 -9999.000 -9999.000 -9999.000 -9999.000 -9999.000 -9999.000 -9999.000 -9999.000 -9999.000 -9999.000 -9999.000 0.6872888 0.6878197 0.6878990 0.6877747 0.6875722 0.6873380 0.6870736 0.6867977 0.6865569 0.6863034 0.6860672 0.6858276 0.6854951 0.6847695 0.6830279 0.6830279 -9999.000 -9999.000 -9999.000 -9999.000 -9999.000 -9999.000 -9999.000 -9999.000 -9999.000 -9999.000 -9999.000 -9999.000 -9999.000 -9999.000 -9999.000 -9999.000 -9999.000 -9999.000 -9999.000 -9999.000 -9999.000 -9999.000 -9999.000 -9999.000 -9999.000 -9999.000 -9999.000 -9999.000
-9999.000 -9999.000 -9999.000 -9999.000 -9999.000 -9999.000 -9999.000 -9999.000 -9999.000 -9999.000 -9999.000 -9999.000 -9999.000 -9999.000 -9999.000 0.6832495 0.6879175 0.6902217 0.6909727 0.6907021 0.6903543 0.6899430 0.6895015 0.6891028 0.6886930 0.6883147 0.6879428 0.6874607 0.6864738 0.6833651 0.6833651 -9999.000 -9999.000 -9999.000 -9999.000 -9999.000 -9999.000 -9999.000 -9999.000 -9999.000 -9999.000 -9999.000 -9999.000 -9999.000 -9999.000 -9999.000 -9999.000 -9999.000 -9999.000 -9999.000 -9999.000 -9999.000 -9999.000 -9999.000 -9999.000 -9999.000 -9999.000 -9999.000 -9999.000
0.7721623 0.7721623 0.7614366 0.7419384 0.7379239 0.7379239 0.7345816 0.7289975 0.7289975 0.7243360 0.7243360 0.7202959 0.7184523 0.7167045 0.7150407 0.7150407 0.6928532 0.6918524 0.6907280 0.6912550 0.6922877 0.6937010 0.6955160 0.6980846 0.7004678 0.7028502 0.7047717 0.7049028 0.6993640 0.6730658 0.6730658 0.4774883 0.4427829 0.4211715 0.4136935 0.4136935 0.4012985 0.4012985 0.4006076 0.4006076 0.4089024 0.4496759 0.4496759 0.5341718 0.5341718 0.6008666 0.6008666 0.6008666 0.6038758 0.6038758 0.5952266 0.5952266 0.5821583 0.5821583 0.5680953 0.5680953 0.5548952 0.5548952 0.5548952
0.7695695 0.7695695 0.7594120 0.7408756 0.7368713 0.7368713 0.7335353 0.7279679 0.7279679 0.7233243 0.7233243 0.7193003 0.7174640 0.7157237 0.7140670 0.7140670 0.6954147 0.6911045 0.6869133 0.6834989 0.6806504 0.6784472 0.6770481 0.6766927 0.6770978 0.6782926 0.6800755 0.6818464 0.6819590 0.6733775 0.6733775 0.5412814 0.4901257 0.4387831 0.4240470 0.4240470 0.4060922 0.4060922 0.4047381 0.4047381 0.4125720 0.4487510 0.4487510 0.5156571 0.5156571 0.5958609 0.5958609 0.5958609 0.6028455 0.6028455 0.5952595 0.5952595 0.5824973 0.5824973 0.5686231 0.5686231 0.5555046 0.5555046 0.5555046
0.7685778 0.7685778 0.7580079 0.7409187 0.7368815 0.7368815 0.7335172 0.7279246 0.7279246 0.7232762 0.7232762 0.7192505 0.7174127 0.7156705 0.7140118 0.7140118 0.6973776 0.6902197 0.6830794 0.6765604 0.6708260 0.6660030 0.6622189 0.6596488 0.6581773 0.6577887 0.6583639 0.6594849 0.6599120 0.6546735 0.6546735 0.5723618 0.5197039 0.4556026 0.4359524 0.4359524 0.4144283 0.4144283 0.4166920 0.4166920 0.4269742 0.4618978 0.4618978 0.5124250 0.5124250 0.5869354 0.5869354 0.5869354 0.5987185 0.5987185 0.5935900 0.5935900 0.5818043 0.5818043 0.5683296 0.5683296 0.5554219 0.5554219 0.5554219
0.7685027 0.7685027 0.7559223 0.7410264 0.7369453 0.7369453 0.7335451 0.7279273 0.7279273 0.7232787 0.7232787 0.7192537 0.7174154 0.7156726 0.7140131 0.7140131 0.6985314 0.6888834 0.6788961 0.6694481 0.6609764 0.6537054 0.6477658 0.6432758 0.6401756 0.6384063 0.6378521 0.6381971 0.6385206 0.6352362 0.6352362 0.5837676 0.5376157 0.4715876 0.4501654 0.4501654 0.4300709 0.4300709 0.4397615 0.4397615 0.4526487 0.4829777 0.4829777 0.5153111 0.5153111 0.5739325 0.5739325 0.5739325 0.5897815 0.5897815 0.5886140 0.5886140 0.5790494 0.5790494 0.5667246 0.5667246 0.5545297 0.5545297 0.5545297
0.7681693 0.7681693 0.7545956 0.7411259 0.7370105 0.7370105 0.7335730 0.7279249 0.7279249 0.7232762 0.7232762 0.7192544 0.7174166 0.7156741 0.7140147 0.7140147 0.6985521 0.6866122 0.6739300 0.6617096 0.6505941 0.6409116 0.6328285 0.6264478 0.6217465 0.6186532 0.6170453 0.6166563 0.6167860 0.6148727 0.6148727 0.5827050 0.5454327 0.4849442 0.4658010 0.4658010 0.4553165 0.4553165 0.4744063 0.4744063 0.4872310 0.5068963 0.5068963 0.5211399 0.5211399 0.5596207 0.5596207 0.5596207 0.5770147 0.5770147 0.5802666 0.5802666 0.5740798 0.5740798 0.5638227 0.5638227 0.5529749 0.5529749 0.5529749
0.7679110 0.7679110 0.7537131 0.7411904 0.7370613 0.7370613 0.7335967 0.7279235 0.7279235 0.7232745 0.7232745 0.7192550 0.7174178 0.7156754 0.7140160 0.7140160 0.6971895 0.6829590 0.6677134 0.6529049 0.6393070 0.6273212 0.6171494 0.6088992 0.6025765 0.5981237 0.5954268 0.5942622 0.5940942 0.5931174 0.5931174 0.5734141 0.5452947 0.4966805 0.4849999 0.4849999 0.4925423 0.4925423 0.5165882 0.5165882 0.5246152 0.5291434 0.5291434 0.5280374 0.5280374 0.5468311 0.5468311 0.5468311 0.5625235 0.5625235 0.5692006 0.5692006 0.5669175 0.5669175 0.5595511 0.5595511 0.5507438 0.5507438 0.5507438
0.7677478 0.7677478 0.7532099 0.7412255 0.7370930 0.7370930 0.7336124 0.7279226 0.7279226 0.7232734 0.7232734 0.7192556 0.7174187 0.7156762 0.7140168 0.7140168 0.6941765 0.6774784 0.6597406 0.6425290 0.6266598 0.6125591 0.6004437 0.5904233 0.5825223 0.5767035 0.5728745 0.5708569 0.5702527 0.5698426 0.5698426 0.5584268 0.5392973 0.5107814 0.5131980 0.5131980 0.5410605 0.5410605 0.5583833 0.5583833 0.5579880 0.5475452 0.5475452 0.5351782 0.5351782 0.5371954 0.5371954 0.5371954 0.5484475 0.5484475 0.5565454 0.5565454 0.5578498 0.5578498 0.5538917 0.5538917 0.5477848 0.5477848 0.5477848
0.7676920 0.7676920 0.7530468 0.7412364 0.7371038 0.7371038 0.7336178 0.7279223 0.7279223 0.7232730 0.7232730 0.7192559 0.7174190 0.7156768 0.7140170 0.7140170 0.6891512 0.6696678 0.6494424 0.6299989 0.6121026 0.5961448 0.5823211 0.5707262 0.5613867 0.5542790 0.5493348 0.5464211 0.5452655 0.5451658 0.5451658 0.5396437 0.5301241 0.5348530 0.5566860 0.5566860 0.5934498 0.5934498 0.5925447 0.5925447 0.5837078 0.5621024 0.5621024 0.5422593 0.5422593 0.5310510 0.5310510 0.5310510 0.5363175 0.5363175 0.5436086 0.5436086 0.5474582 0.5474582 0.5469826 0.5469826 0.5440924 0.5440924 0.5440924
0.7677478 0.7677478 0.7532101 0.7412255 0.7370930 0.7370930 0.7336123 0.7279226 0.7279226 0.7232734 0.7232734 0.7192557 0.7174187 0.7156764 0.7140168 0.7140168 0.6815768 0.6588885 0.6361312 0.6146241 0.5949799 0.5774882 0.5622790 0.5494043 0.5388710 0.5306553 0.5247059 0.5209316 0.5191925 0.5194107 0.5194107 0.5192336 0.5227460 0.5779624 0.6153212 0.6153212 0.6380060 0.6380060 0.6166875 0.6166875 0.6021406 0.5737724 0.5737724 0.5491319 0.5491319 0.5279186 0.5279186 0.5279186 0.5268683 0.5268683 0.5315742 0.5315742 0.5365496 0.5365496 0.5391716 0.5391716 0.5397689 0.5397689 0.5397689
0.7679110 0.7679110 0.7537130 0.7411906 0.7370611 0.7370611 0.7335967 0.7279233 0.7279233 0.7232745 0.7232745 0.7192550 0.7174179 0.7156754 0.7140160 0.7140160 0.6706241 0.6442544 0.6189187 0.5955499 0.5744968 0.5558737 0.5396948 0.5259367 0.5145623 0.5055303 0.4987938 0.4942988 0.4921067 0.4933534 0.4933534 0.5013412 0.5275965 0.6412590 0.6760169 0.6760169 0.6676507 0.6676507 0.6328666 0.6328666 0.6154182 0.5833606 0.5833606 0.5555637 0.5555637 0.5269659 0.5269659 0.5269659 0.5201402 0.5201402 0.5212762 0.5212762 0.5260295 0.5260295 0.5310082 0.5310082 0.5350526 0.5350526 0.5350526
0.7681693 0.7681693 0.7545956 0.7411261 0.7370103 0.7370103 0.7335730 0.7279248 0.7279248 0.7232763 0.7232763 0.7192543 0.7174166 0.7156740 0.7140149 0.7140149 0.6549645 0.6244543 0.5965788 0.5716609 0.5496557 0.5304205 0.5138024 0.4996699 0.4879199 0.4784769 0.4712847 0.4663378 0.4641947 0.4694336 0.4694336 0.4962874 0.5615837 0.7081481 0.7196563 0.7196563 0.6844264 0.6844264 0.6439875 0.6439875 0.6253107 0.5912344 0.5912344 0.5612749 0.5612749 0.5273572 0.5273572 0.5273572 0.5157536 0.5157536 0.5131320 0.5131320 0.5166973 0.5166973 0.5231767 0.5231767 0.5303279 0.5303279 0.5303279
