simulation_files/asc/Depth____000284.asc
NCOLS        79
NROWS        79
XLLCENTER         -1.500000
YLLCENTER         -4.800000
CELLSIZE           0.100
NODATA_VALUE     -9999.0
[rows 0 to 25 of 79, columns 0 to 58 of 79]
-9999.000 -9999.000 -9999.000 -9999.000 -9999.000 -9999.000 -9999.000 -9999.000 -9999.000 -9999.000 -9999.000 -9999.000 -9999.000 -9999.000 -9999.000 0.7126539 0.7131237 0.7132582 0.7131842 0.7129817 0.7127208 0.7124308 0.7121322 0.7118459 0.7115726 0.7113188 0.7110822 0.7108316 0.7104576 0.7104171 0.7104171 -9999.000 -9999.000 -9999.000 -9999.000 -9999.000 -9999.000 -9999.000 -9999.000 -9999.000 -9999.000 -9999.000 -9999.000 -9999.000 -9999.000 -9999.000 -9999.000 -9999.000 -9999.000 -9999.000 -9999.000 -9999.000 -9999.000 -9999.000 -9999.000 -9999.000 -9999.000 -9999.000 -9999.000
-9999.000 -9999.000 -9999.000 -9999.000 -9999.000 -9999.000 -9999.000 -9999.000 -9999.000 -9999.000 -9999.000 -9999.000 -9999.000 -9999.000 -9999.000 0.7144326 0.7148673 0.7149768 0.7149149 0.7147511 0.7145447 0.7143191 0.7140898 0.7138734 0.7136692 0.7134818 0.7133087 0.7131215 0.7128228 0.7128673 0.7128673 -9999.000 -9999.000 -9999.000 -9999.000 -9999.000 -9999.000 -9999.000 -9999.000 -9999.000 -9999.000 -9999.000 -9999.000 -9999.000 -9999.000 -9999.000 -9999.000 -9999.000 -9999.000 -9999.000 -9999.000 -9999.000 -9999.000 -9999.000 -9999.000 -9999.000 -9999.000 -9999.000 -9999.000
-9999.000 -9999.000 -9999.000 -9999.000 -9999.000 -9999.000 -9999.000 -9999.000 -9999.000 -9999.000 -9999.000 -9999.000 -9999.000 -9999.000 -9999.000 0.7163449 0.7168137 0.7169334 0.7168781 0.7167199 0.7165201 0.7163023 0.7160821 0.7158761 0.7156824 0.7155052 0.7153402 0.7151569 0.7148517 0.7148922 0.7148922 -9999.000 -9999.000 -9999.000 -9999.000 -9999.000 -9999.000 -9999.000 -9999.000 -9999.000 -9999.000 -9999.000 -9999.000 -9999.000 -9999.000 -9999.000 -9999.000 -9999.000 -9999.000 -9999.000 -9999.000 -9999.000 -9999.000 -9999.000 -9999.000 -9999.000 -9999.000 -9999.000 -9999.000
-9999.000 -9999.000 -9999.000 -9999.000 -9999.000 -9999.000 -9999.000 -9999.000 -9999.000 -9999.000 -9999.000 -9999.000 -9999.000 -9999.000 -9999.000 0.7183082 0.7187983 0.7189228 0.7188685 0.7187094 0.7185090 0.7182910 0.7180711 0.7178662 0.7176737 0.7174975 0.7173327 0.7171466 0.7168288 0.7168478 0.7168478 -9999.000 -9999.000 -9999.000 -9999.000 -9999.000 -9999.000 -9999.000 -9999.000 -9999.000 -9999.000 -9999.000 -9999.000 -9999.000 -9999.000 -9999.000 -9999.000 -9999.000 -9999.000 -9999.000 -9999.000 -9999.000 -9999.000 -9999.000 -9999.000 -9999.000 -9999.000 -9999.000 -9999.000
-9999.000 -9999.000 -9999.000 -9999.000 -9999.000 -9999.000 -9999.000 -9999.000 -9999.000 -9999.000 -9999.000 -9999.000 -9999.000 -9999.000 -9999.000 0.7202919 0.7207977 0.7209247 0.7208683 0.7207052 0.7205006 0.7202785 0.7200547 0.7198470 0.7196513 0.7194722 0.7193040 0.7191113 0.7187758 0.7187589 0.7187589 -9999.000 -9999.000 -9999.000 -9999.000 -9999.000 -9999.000 -9999.000 -9999.000 -9999.000 -9999.000 -9999.000 -9999.000 -9999.000 -9999.000 -9999.000 -9999.000 -9999.000 -9999.000 -9999.000 -9999.000 -9999.000 -9999.000 -9999.000 -9999.000 -9999.000 -9999.000 -9999.000 -9999.000
-9999.000 -9999.000 -9999.000 -9999.000 -9999.000 -9999.000 -9999.000 -9999.000 -9999.000 -9999.000 -9999.000 -9999.000 -9999.000 -9999.000 -9999.000 0.7222825 0.7228014 0.7229292 0.7228690 0.7227000 0.7224897 0.7222616 0.7220321 0.7218195 0.7216187 0.7214346 0.7212610 0.7210594 0.7207016 0.7206349 0.7206349 -9999.000 -9999.000 -9999.000 -9999.000 -9999.000 -9999.000 -9999.000 -9999.000 -9999.000 -9999.000 -9999.000 -9999.000 -9999.000 -9999.000 -9999.000 -9999.000 -9999.000 -9999.000 -9999.000 -9999.000 -9999.000 -9999.000 -9999.000 -9999.000 -9999.000 -9999.000 -9999.000 -9999.000
-9999.000 -9999.000 -9999.000 -9999.000 -9999.000 -9999.000 -9999.000 -9999.000 -9999.000 -9999.000 -9999.000 -9999.000 -9999.000 -9999.000 -9999.000 0.7242734 0.7248040 0.7249314 0.7248662 0.7246901 0.7244732 0.7242383 0.7240021 0.7237838 0.7235767 0.7233865 0.7232063 0.7229938 0.7226091 0.7224761 0.7224761 -9999.000 -9999.000 -9999.000 -9999.000 -9999.000 -9999.000 -9999.000 -9999.000 -9999.000 -9999.000 -9999.000 -9999.000 -9999.000 -9999.000 -9999.000 -9999.000 -9999.000 -9999.000 -9999.000 -9999.000 -9999.000 -9999.000 -9999.000 -9999.000 -9999.000 -9999.000 -9999.000 -9999.000
-9999.000 -9999.000 -9999.000 -9999.000 -9999.000 -9999.000 -9999.000 -9999.000 -9999.000 -9999.000 -9999.000 -9999.000 -9999.000 -9999.000 -9999.000 0.7262615 0.7268029 0.7269286 0.7268572 0.7266735 0.7264493 0.7262070 0.7259635 0.7257391 0.7255250 0.7253281 0.7251403 0.7249150 0.7244980 0.7242778 0.7242778 -9999.000 -9999.000 -9999.000 -9999.000 -9999.000 -9999.000 -9999.000 -9999.000 -9999.000 -9999.000 -9999.000 -9999.000 -9999.000 -9999.000 -9999.000 -9999.000 -9999.000 -9999.000 -9999.000 -9999.000 -9999.000 -9999.000 -9999.000 -9999.000 -9999.000 -9999.000 -9999.000 -9999.000
-9999.000 -9999.000 -9999.000 -9999.000 -9999.000 -9999.000 -9999.000 -9999.000 -9999.000 -9999.000 -9999.000 -9999.000 -9999.000 -9999.000 -9999.000 0.7282447 0.7287964 0.7289191 0.7288404 0.7286479 0.7284161 0.7281661 0.7279149 0.7276842 0.7274626 0.7272584 0.7270620 0.7268218 0.7263665 0.7260313 0.7260313 -9999.000 -9999.000 -9999.000 -9999.000 -9999.000 -9999.000 -9999.000 -9999.000 -9999.000 -9999.000 -9999.000 -9999.000 -9999.000 -9999.000 -9999.000 -9999.000 -9999.000 -9999.000 -9999.000 -9999.000 -9999.000 -9999.000 -9999.000 -9999.000 -9999.000 -9999.000 -9999.000 -9999.000
-9999.000 -9999.000 -9999.000 -9999.000 -9999.000 -9999.000 -9999.000 -9999.000 -9999.000 -9999.000 -9999.000 -9999.000 -9999.000 -9999.000 -9999.000 0.7302210 0.7307827 0.7309009 0.7308137 0.7306118 0.7303720 0.7301138 0.7298546 0.7296175 0.7293877 0.7291755 0.7289697 0.7287120 0.7282107 0.7277226 0.7277226 -9999.000 -9999.000 -9999.000 -9999.000 -9999.000 -9999.000 -9999.000 -9999.000 -9999.000 -9999.000 -9999.000 -9999.000 -9999.000 -9999.000 -9999.000 -9999.000 -9999.000 -9999.000 -9999.000 -9999.000 -9999.000 -9999.000 -9999.000 -9999.000 -9999.000 -9999.000 -9999.000 -9999.000
-9999.000 -9999.000 -9999.000 -9999.000 -9999.000 -9999.000 -9999.000 -9999.000 -9999.000 -9999.000 -9999.000 -9999.000 -9999.000 -9999.000 -9999.000 0.7321885 0.7327601 0.7328724 0.7327752 0.7325627 0.7323145 0.7320478 0.7317804 0.7315366 0.7312980 0.7310773 0.7308607 0.7305825 0.7300256 0.7293314 0.7293314 -9999.000 -9999.000 -9999.000 -9999.000 -9999.000 -9999.000 -9999.000 -9999.000 -9999.000 -9999.000 -9999.000 -9999.000 -9999.000 -9999.000 -9999.000 -9999.000 -9999.000 -9999.000 -9999.000 -9999.000 -9999.000 -9999.000 -9999.000 -9999.000 -9999.000 -9999.000 -9999.000 -9999.000
-9999.000 -9999.000 -9999.000 -9999.000 -9999.000 -9999.000 -9999.000 -9999.000 -9999.000 -9999.000 -9999.000 -9999.000 -9999.000 -9999.000 -9999.000 0.7341447 0.7347263 0.7348308 0.7347220 0.7344979 0.7342409 0.7339651 0.7336890 0.7334385 0.7331902 0.7329600 0.7327312 0.7324283 0.7318038 0.7308269 0.7308269 -9999.000 -9999.000 -9999.000 -9999.000 -9999.000 -9999.000 -9999.000 -9999.000 -9999.000 -9999.000 -9999.000 -9999.000 -9999.000 -9999.000 -9999.000 -9999.000 -9999.000 -9999.000 -9999.000 -9999.000 -9999.000 -9999.000 -9999.000 -9999.000 -9999.000 -9999.000 -9999.000 -9999.000
-9999.000 -9999.000 -9999.000 -9999.000 -9999.000 -9999.000 -9999.000 -9999.000 -9999.000 -9999.000 -9999.000 -9999.000 -9999.000 -9999.000 -9999.000 0.7360850 0.7366775 0.7367727 0.7366505 0.7364136 0.7361473 0.7358619 0.7355764 0.7353191 0.7350599 0.7348189 0.7345757 0.7342426 0.7335345 0.7321615 0.7321615 -9999.000 -9999.000 -9999.000 -9999.000 -9999.000 -9999.000 -9999.000 -9999.000 -9999.000 -9999.000 -9999.000 -9999.000 -9999.000 -9999.000 -9999.000 -9999.000 -9999.000 -9999.000 -9999.000 -9999.000 -9999.000 -9999.000 -9999.000 -9999.000 -9999.000 -9999.000 -9999.000 -9999.000
-9999.000 -9999.000 -9999.000 -9999.000 -9999.000 -9999.000 -9999.000 -9999.000 -9999.000 -9999.000 -9999.000 -9999.000 -9999.000 -9999.000 -9999.000 0.7379047 0.7385416 0.7386669 0.7385659 0.7383230 0.7380491 0.7377534 0.7374564 0.7371895 0.7369152 0.7366597 0.7363970 0.7360246 0.7352105 0.7332713 0.7332713 -9999.000 -9999.000 -9999.000 -9999.000 -9999.000 -9999.000 -9999.000 -9999.000 -9999.000 -9999.000 -9999.000 -9999.000 -9999.000 -9999.000 -9999.000 -9999.000 -9999.000 -9999.000 -9999.000 -9999.000 -9999.000 -9999.000 -9999.000 -9999.000 -9999.000 -9999.000 -9999.000 -9999.000
-9999.000 -9999.000 -9999.000 -9999.000 -9999.000 -9999.000 -9999.000 -9999.000 -9999.000 -9999.000 -9999.000 -9999.000 -9999.000 -9999.000 -9999.000 0.7309598 0.7375742 0.7409725 0.7424536 0.7422754 0.7417064 0.7411028 0.7405083 0.7399765 0.7394638 0.7390044 0.7385623 0.7379982 0.7368705 0.7333779 0.7333779 -9999.000 -9999.000 -9999.000 -9999.000 -9999.000 -9999.000 -9999.000 -9999.000 -9999.000 -9999.000 -9999.000 -9999.000 -9999.000 -9999.000 -9999.000 -9999.000 -9999.000 -9999.000 -9999.000 -9999.000 -9999.000 -9999.000 -9999.000 -9999.000 -9999.000 -9999.000 -9999.000 -9999.000
0.8177939 0.8177939 0.8158905 0.8051066 0.7970831 0.7970831 0.7937129 0.7885551 0.7885551 0.7843229 0.7843229 0.7807505 0.7791560 0.7776640 0.7761964 0.7761964 0.7438872 0.7425446 0.7410818 0.7413473 0.7426341 0.7443364 0.7465171 0.7493392 0.7519807 0.7545761 0.7566072 0.7565988 0.7503287 0.7213418 0.7213418 0.5093910 0.4719504 0.4490987 0.4413792 0.4413792 0.4290152 0.4290152 0.4301022 0.4301022 0.4403068 0.4875465 0.4875465 0.5860009 0.5860009 0.6480359 0.6480359 0.6480359 0.6496956 0.6496956 0.6397076 0.6397076 0.6254426 0.6254426 0.6104114 0.6104114 0.5964847 0.5964847 0.5964847
0.8149136 0.8149136 0.8140455 0.8031494 0.7962810 0.7962810 0.7927105 0.7874661 0.7874661 0.7832411 0.7832411 0.7796863 0.7781008 0.7766172 0.7751582 0.7751582 0.7472389 0.7416034 0.7365447 0.7325959 0.7296016 0.7274114 0.7261376 0.7259353 0.7265427 0.7279732 0.7299915 0.7319220 0.7319538 0.7217447 0.7217447 0.5784835 0.5232840 0.4682609 0.4526510 0.4526510 0.4342408 0.4342408 0.4345305 0.4345305 0.4441547 0.4857772 0.4857772 0.5626110 0.5626110 0.6435758 0.6435758 0.6435758 0.6488951 0.6488951 0.6398363 0.6398363 0.6258458 0.6258458 0.6109936 0.6109936 0.5971365 0.5971365 0.5971365
0.8136882 0.8136882 0.8134108 0.8027572 0.7965586 0.7965586 0.7928344 0.7874427 0.7874427 0.7831917 0.7831917 0.7796329 0.7780459 0.7765608 0.7750916 0.7750916 0.7498009 0.7405470 0.7320393 0.7246680 0.7185205 0.7135436 0.7097702 0.7072909 0.7059717 0.7057843 0.7065870 0.7079040 0.7083585 0.7021630 0.7021630 0.6121298 0.5553406 0.4865905 0.4657307 0.4657307 0.4436901 0.4436901 0.4479875 0.4479875 0.4600625 0.4992366 0.4992366 0.5563184 0.5563184 0.6344278 0.6344278 0.6344278 0.6448854 0.6448854 0.6382555 0.6382555 0.6252043 0.6252043 0.6107264 0.6107264 0.5970779 0.5970779 0.5970779
0.8130862 0.8130862 0.8131095 0.8026531 0.7968651 0.7968651 0.7930145 0.7874585 0.7874585 0.7831799 0.7831799 0.7796236 0.7780384 0.7765549 0.7750710 0.7750710 0.7514151 0.7390790 0.7272784 0.7166555 0.7075035 0.6998892 0.6938335 0.6893651 0.6863787 0.6847880 0.6844547 0.6850163 0.6854414 0.6815552 0.6815552 0.6249128 0.5749518 0.5041203 0.4814885 0.4814885 0.4614363 0.4614363 0.4736774 0.4736774 0.4880832 0.5209590 0.5209590 0.5569577 0.5569577 0.6203462 0.6203462 0.6203462 0.6357355 0.6357355 0.6332766 0.6332766 0.6224616 0.6224616 0.6091298 0.6091298 0.5962118 0.5962118 0.5962118
0.8134366 0.8134366 0.8115685 0.8026606 0.7971324 0.7971324 0.7931864 0.7874759 0.7874759 0.7831683 0.7831683 0.7796155 0.7780333 0.7765520 0.7750448 0.7750448 0.7516947 0.7366491 0.7217963 0.7081013 0.6960370 0.6857910 0.6774259 0.6709595 0.6663101 0.6633669 0.6619756 0.6618265 0.6621280 0.6598966 0.6598966 0.6243020 0.5837859 0.5190185 0.4991242 0.4991242 0.4899449 0.4899449 0.5115975 0.5115975 0.5251856 0.5455011 0.5455011 0.5612705 0.5612705 0.6043667 0.6043667 0.6043667 0.6223108 0.6223108 0.6247519 0.6247519 0.6174532 0.6174532 0.6062330 0.6062330 0.5947067 0.5947067 0.5947067
0.8134487 0.8134487 0.8106461 0.8026724 0.7973258 0.7973258 0.7933215 0.7874915 0.7874915 0.7831587 0.7831587 0.7796087 0.7780288 0.7765494 0.7750069 0.7750069 0.7503437 0.7327469 0.7150692 0.6985297 0.6837295 0.6709485 0.6603005 0.6518183 0.6454501 0.6410921 0.6385921 0.6376821 0.6377490 0.6366859 0.6366859 0.6148021 0.5841431 0.5325712 0.5211859 0.5211859 0.5314288 0.5314288 0.5567877 0.5567877 0.5645862 0.5682766 0.5682766 0.5673295 0.5673295 0.5897540 0.5897540 0.5897540 0.6067525 0.6067525 0.6132542 0.6132542 0.6101550 0.6101550 0.6019527 0.6019527 0.5925550 0.5925550 0.5925550
0.8134533 0.8134533 0.8101012 0.8026747 0.7974406 0.7974406 0.7934065 0.7875021 0.7875021 0.7831523 0.7831523 0.7796040 0.7780256 0.7765474 0.7749532 0.7749532 0.7470754 0.7268786 0.7065349 0.6873864 0.6700907 0.6549713 0.6421748 0.6317512 0.6236746 0.6178629 0.6141841 0.6124145 0.6120901 0.6117812 0.6117812 0.5991201 0.5783120 0.5493938 0.5536445 0.5536445 0.5843236 0.5843236 0.6006902 0.6006902 0.5992901 0.5871902 0.5871902 0.5741618 0.5741618 0.5784853 0.5784853 0.5784853 0.5913540 0.5913540 0.5998873 0.5998873 0.6008046 0.6008046 0.5962440 0.5962440 0.5896979 0.5896979 0.5896979
0.8134545 0.8134545 0.8099210 0.8026747 0.7974786 0.7974786 0.7934356 0.7875058 0.7875058 0.7831500 0.7831500 0.7796023 0.7780244 0.7765466 0.7748795 0.7748795 0.7415147 0.7184961 0.6955643 0.6740299 0.6545199 0.6373432 0.6226413 0.6104640 0.6007990 0.5935841 0.5887142 0.5860147 0.5851586 0.5853102 0.5853102 0.5793167 0.5693094 0.5779204 0.6027015 0.6027015 0.6399199 0.6399199 0.6360694 0.6360694 0.6259086 0.6023113 0.6023113 0.5812894 0.5812894 0.5710722 0.5710722 0.5710722 0.5778468 0.5778468 0.5860079 0.5860079 0.5899571 0.5899571 0.5892189 0.5892189 0.5861192 0.5861192 0.5861192
0.8134533 0.8134533 0.8101010 0.8026747 0.7974406 0.7974406 0.7934064 0.7875022 0.7875022 0.7831522 0.7831522 0.7796040 0.7780256 0.7765474 0.7747775 0.7747775 0.7331093 0.7069126 0.6814045 0.6577005 0.6362987 0.6174232 0.6011630 0.5875376 0.5765253 0.5680733 0.5621001 0.5584791 0.5570337 0.5576423 0.5576423 0.5578190 0.5628389 0.6273155 0.6666753 0.6666753 0.6859688 0.6859688 0.6610160 0.6610160 0.6451236 0.6146070 0.6146070 0.5884207 0.5884207 0.5670657 0.5670657 0.5670657 0.5671403 0.5671403 0.5729058 0.5729058 0.5784317 0.5784317 0.5812076 0.5812076 0.5819076 0.5819076 0.5819076
0.8134487 0.8134487 0.8106459 0.8026724 0.7973261 0.7973261 0.7933215 0.7874916 0.7874916 0.7831586 0.7831586 0.7796088 0.7780288 0.7765495 0.7746362 0.7746362 0.7210006 0.6911811 0.6630902 0.6374650 0.6145583 0.5944313 0.5770665 0.5624164 0.5504244 0.5410286 0.5341594 0.5297386 0.5278231 0.5296745 0.5296745 0.5393789 0.5707484 0.6968255 0.7302507 0.7302507 0.7161430 0.7161430 0.6779421 0.6779421 0.6591603 0.6248147 0.6248147 0.5951957 0.5951957 0.5655672 0.5655672 0.5655672 0.5593743 0.5593743 0.5615395 0.5615395 0.5671760 0.5671760 0.5727603 0.5727603 0.5772864 0.5772864 0.5772864
0.8134366 0.8134366 0.8115681 0.8026609 0.7971326 0.7971326 0.7931864 0.7874759 0.7874759 0.7831681 0.7831681 0.7796157 0.7780332 0.7765520 0.7744403 0.7744403 0.7037997 0.6699036 0.6392984 0.6121120 0.5882115 0.5674076 0.5495192 0.5343964 0.5219216 0.5120055 0.5045777 0.4996226 0.4977810 0.5042040 0.5042040 0.5357570 0.6113057 0.7666419 0.7739517 0.7739517 0.7334027 0.7334027 0.6897795 0.6897795 0.6697466 0.6332436 0.6332436 0.6012570 0.6012570 0.5656538 0.5656538 0.5656538 0.5542040 0.5542040 0.5524390 0.5524390 0.5570910 0.5570910 0.5645915 0.5645915 0.5726336 0.5726336 0.5726336
