simulation_files/asc/Depth____132.0.asc
NCOLS       411
NROWS       131
XLLCENTER    2538020.000000
YLLCENTER    1152390.000000
CELLSIZE           1.000
NODATA_VALUE     -9999.0
[rows 27 to 53 of 131, columns 236 to 294 of 411]
1.147268 1.306559 1.570752 1.846780 2.094412 2.322464 2.453889 2.515693 2.549578 2.568740 2.573046 2.571475 2.571514 2.578893 2.585009 2.586509 2.575414 2.344348 1.794919 1.477178 1.461134 1.479857 1.486591 1.465855 1.392563 1.277206 1.159742 1.074022 1.023458 0.9911067 0.9813716 0.9705938 0.9529272 0.9195362 0.8702509 0.7946588 0.7223436 0.6422729 0.5811345 0.5417902 0.5257731 0.5247927 0.5287334 0.5264641 0.5317461 0.5346056 0.5311895 0.5374668 0.5449287 0.5499296 0.5499652 0.5571250 0.5640039 0.5669654 0.5672884 0.5771339 0.5842293 0.5905629 0.6028330
0.9362328 1.080088 1.332737 1.668287 2.070804 2.352194 2.503200 2.551318 2.584343 2.594922 2.595338 2.596459 2.602563 2.615781 2.619630 2.616713 2.611706 2.284322 1.665066 1.471620 1.458190 1.470678 1.490628 1.489340 1.453624 1.364674 1.247535 1.131080 1.060835 1.001282 0.9764313 0.9629927 0.9592902 0.9501362 0.9422331 0.9151997 0.8707044 0.7926113 0.6926691 0.6127389 0.5382262 0.4940191 0.4748858 0.4684162 0.4683451 0.4702844 0.4686665 0.4708428 0.4747213 0.4725116 0.4748874 0.4780639 0.4817147 0.4790479 0.4852948 0.4933450 0.4988735 0.5050993 0.5167001
0.7284583 0.8227801 0.9931321 1.283921 2.009382 2.421665 2.550787 2.600636 2.622007 2.621315 2.611372 2.608409 2.606690 2.615398 2.634763 2.642477 2.518791 2.113367 1.682396 1.523085 1.480174 1.479692 1.497575 1.508063 1.494450 1.451285 1.345848 1.209738 1.113808 1.043975 1.001481 0.9683947 0.9542741 0.9508658 0.9512234 0.9485819 0.9320041 0.9223309 0.8751219 0.8105392 0.7034419 0.5965469 0.5207848 0.4660666 0.4411050 0.4320624 0.4280318 0.4279607 0.4285792 0.4278503 0.4299623 0.4316409 0.4323995 0.4335243 0.4374639 0.4414983 0.4444558 0.4490120 0.4569520
0.6033964 0.6318538 0.6784090 0.7944823 1.745880 2.481976 2.602791 2.650271 2.656589 2.638906 2.609362 2.585827 2.560160 2.568062 2.605002 2.621166 2.316445 1.894859 1.692164 1.566470 1.513169 1.503237 1.511361 1.526828 1.523806 1.493503 1.425739 1.320089 1.198368 1.113309 1.058286 1.009862 0.9802050 0.9589302 0.9612313 0.9610330 0.9602825 0.9552284 0.9534218 0.9312057 0.8793745 0.7916064 0.7072742 0.6074258 0.5219178 0.4770528 0.4373685 0.4185404 0.4134936 0.4135903 0.4158837 0.4174436 0.4193965 0.4213607 0.4234094 0.4259840 0.4261608 0.4266887 0.4274570
-9999.000 -9999.000 -9999.000 -9999.000 -9999.000 -9999.000 2.655067 2.692618 2.688011 2.650498 2.593673 2.525446 2.478357 2.487908 2.547140 2.482930 2.152207 1.872044 1.785464 1.656536 1.569696 1.542014 1.538603 1.548943 1.558539 1.551897 1.510695 1.417434 1.305845 1.188542 1.132612 1.079014 1.048671 1.009950 0.9921105 0.9800447 0.9810277 0.9828785 0.9823902 0.9717066 0.9499882 0.9152968 0.8822253 0.8163045 0.7256532 0.6453601 0.5565103 0.4815647 0.4392075 0.4215388 0.4168189 0.4165093 0.4174058 0.4180975 0.4185187 0.4182408 0.4159964 0.4125309 0.4090489
-9999.000 -9999.000 -9999.000 -9999.000 -9999.000 -9999.000 -9999.000 -9999.000 2.698595 2.660651 2.579259 2.494109 2.396193 2.390140 2.434963 2.304450 2.042053 1.882682 1.824486 1.741573 1.643441 1.593386 1.581088 1.580882 1.586727 1.599212 1.590332 1.521220 1.427374 1.312745 1.220020 1.158583 1.138686 1.103442 1.056053 1.008872 0.9976482 0.9957894 0.9950003 0.9924256 0.9774070 0.9589730 0.9407716 0.9174658 0.8854206 0.8366492 0.7634869 0.6641527 0.5721564 0.4795174 0.4312745 0.4166099 0.4122480 0.4103525 0.4083373 0.4027526 0.3972623 0.3917999 0.3868061
-9999.000 -9999.000 -9999.000 -9999.000 -9999.000 -9999.000 -9999.000 -9999.000 -9999.000 2.638294 2.553573 2.457230 2.346220 2.307428 2.310952 2.182578 1.969384 1.879467 1.871859 1.802973 1.719156 1.651833 1.618924 1.602160 1.607105 1.629970 1.641095 1.628070 1.544755 1.437717 1.343584 1.255688 1.215012 1.188798 1.136484 1.067477 1.024633 0.9958065 0.9955406 0.9981301 0.9973904 0.9996978 0.9887067 0.9805814 0.9671003 0.9425685 0.9013809 0.8498388 0.7800220 0.6727933 0.5484560 0.4715540 0.4275399 0.4043275 0.3934728 0.3851851 0.3784447 0.3737488 0.3712447
-9999.000 -9999.000 -9999.000 -9999.000 -9999.000 -9999.000 -9999.000 -9999.000 -9999.000 -9999.000 -9999.000 2.402564 2.312116 2.272354 2.260901 2.160112 1.967189 1.886758 1.892516 1.856389 1.773436 1.696068 1.651607 1.626002 1.628489 1.660159 1.698437 1.714103 1.664995 1.566248 1.463158 1.365912 1.273372 1.231469 1.197755 1.155998 1.089049 1.024518 1.007172 1.003947 1.010671 1.016811 1.019500 1.021989 1.006736 0.9842669 0.9574786 0.9241751 0.9108307 0.8613039 0.7619761 0.6550466 0.5373519 0.4508428 0.4068086 0.3877263 0.3772140 0.3740964 0.3756999
-9999.000 -9999.000 -9999.000 -9999.000 -9999.000 -9999.000 -9999.000 -9999.000 -9999.000 -9999.000 -9999.000 -9999.000 -9999.000 2.264766 2.225294 2.104758 1.922040 1.888967 1.909800 1.895301 1.815231 1.747123 1.696094 1.663016 1.654242 1.681780 1.730806 1.762339 1.743607 1.655733 1.544283 1.456126 1.342461 1.261116 1.227707 1.213639 1.171054 1.098754 1.052113 1.019178 1.017773 1.023566 1.025411 1.029592 1.031311 1.022102 0.9991001 0.9714094 0.9407320 0.9195214 0.8865597 0.8360640 0.7483197 0.6280383 0.5360509 0.4587733 0.4143166 0.3998851 0.4016683
-9999.000 -9999.000 -9999.000 -9999.000 -9999.000 -9999.000 -9999.000 -9999.000 -9999.000 -9999.000 -9999.000 -9999.000 -9999.000 -9999.000 2.134749 2.004509 1.910050 1.933024 1.939660 1.907763 1.846933 1.785515 1.742726 1.713313 1.686469 1.672069 1.714862 1.753319 1.759192 1.711935 1.595834 1.503643 1.418867 1.323450 1.245287 1.227810 1.221661 1.195296 1.123752 1.061276 1.024746 1.024097 1.028547 1.033065 1.037592 1.036332 1.031488 1.009359 0.9818659 0.9571999 0.9388589 0.9326266 0.9053476 0.8366100 0.7519952 0.6501249 0.5490810 0.4834813 0.4511494
-9999.000 -9999.000 -9999.000 -9999.000 -9999.000 -9999.000 -9999.000 -9999.000 -9999.000 -9999.000 -9999.000 -9999.000 -9999.000 -9999.000 -9999.000 -9999.000 1.943729 1.960574 1.956701 1.919540 1.873180 1.821017 1.781201 1.743831 1.707401 1.675418 1.669470 1.712381 1.730394 1.713016 1.604768 1.512782 1.467284 1.399528 1.299327 1.232296 1.235199 1.245804 1.225624 1.152226 1.063525 1.025609 1.019555 1.025449 1.029876 1.033201 1.039080 1.040963 1.031505 1.022303 0.9992212 0.9906626 0.9806702 0.9642048 0.9349326 0.8684105 0.7753256 0.6804991 0.5599237
-9999.000 -9999.000 -9999.000 -9999.000 -9999.000 -9999.000 -9999.000 -9999.000 -9999.000 -9999.000 -9999.000 -9999.000 -9999.000 -9999.000 -9999.000 -9999.000 -9999.000 -9999.000 1.960436 1.940415 1.900329 1.867520 1.827157 1.778797 1.723659 1.684894 1.648848 1.669604 1.688958 1.706310 1.636127 1.505966 1.451413 1.442652 1.371127 1.254494 1.227666 1.233174 1.264392 1.232742 1.156567 1.059550 1.011726 1.002937 1.013707 1.023900 1.036966 1.060498 1.074786 1.079286 1.065344 1.049560 1.035511 1.027390 1.022271 1.006076 0.9636663 0.9086718 0.8252810
-9999.000 -9999.000 -9999.000 -9999.000 -9999.000 -9999.000 -9999.000 -9999.000 -9999.000 -9999.000 -9999.000 -9999.000 -9999.000 -9999.000 -9999.000 -9999.000 -9999.000 -9999.000 -9999.000 -9999.000 1.920470 1.895655 1.867062 1.822925 1.766805 1.720730 1.689491 1.678961 1.678434 1.684920 1.683086 1.488406 1.343525 1.389844 1.399309 1.318829 1.218176 1.182466 1.216103 1.233616 1.224410 1.144990 1.043342 0.9877257 0.9942622 1.009280 1.035109 1.054320 1.078760 1.099394 1.100735 1.096719 1.083234 1.072115 1.060071 1.049896 1.035585 1.016663 0.9822806
-9999.000 -9999.000 -9999.000 -9999.000 -9999.000 -9999.000 -9999.000 -9999.000 -9999.000 -9999.000 -9999.000 -9999.000 -9999.000 -9999.000 -9999.000 -9999.000 -9999.000 -9999.000 -9999.000 -9999.000 -9999.000 1.906533 1.884812 1.859549 1.821229 1.771296 1.734791 1.699165 1.672423 1.645908 1.638046 1.450230 1.141720 1.172935 1.277550 1.317104 1.214265 1.130141 1.134203 1.172666 1.210212 1.221238 1.137331 1.042115 0.9786102 0.9848773 1.005202 1.022281 1.047618 1.077188 1.101908 1.108754 1.106859 1.092845 1.078857 1.070685 1.060732 1.051293 1.039031
-9999.000 -9999.000 -9999.000 -9999.000 -9999.000 -9999.000 -9999.000 -9999.000 -9999.000 -9999.000 -9999.000 -9999.000 -9999.000 -9999.000 -9999.000 -9999.000 -9999.000 -9999.000 -9999.000 -9999.000 -9999.000 -9999.000 -9999.000 1.884751 1.855734 1.808384 1.753944 1.692481 1.632344 1.560894 1.499173 1.284073 0.9322004 0.8575341 1.026764 1.178408 1.184748 1.099374 1.062042 1.086862 1.141887 1.209504 1.204996 1.140821 1.015715 0.9598067 0.9579224 0.9734256 0.9964441 1.020546 1.053729 1.071190 1.089787 1.082722 1.070524 1.055041 1.043262 1.037678 1.031210
-9999.000 -9999.000 -9999.000 -9999.000 -9999.000 -9999.000 -9999.000 -9999.000 -9999.000 -9999.000 -9999.000 -9999.000 -9999.000 -9999.000 -9999.000 -9999.000 -9999.000 -9999.000 -9999.000 -9999.000 -9999.000 -9999.000 -9999.000 -9999.000 1.854825 1.802237 1.715124 1.619360 1.532736 1.436759 1.302058 1.072059 0.7774477 0.6147387 0.7151355 0.8533564 1.071927 1.035069 0.9885434 0.9854302 1.030598 1.103437 1.173567 1.198102 1.119727 0.9839252 0.9064430 0.9035232 0.9177649 0.9339702 0.9626664 0.9894961 1.022568 1.029785 1.021930 1.000629 0.9772082 0.9554287 0.9436362
-9999.000 -9999.000 -9999.000 -9999.000 -9999.000 -9999.000 -9999.000 -9999.000 -9999.000 -9999.000 -9999.000 -9999.000 -9999.000 -9999.000 -9999.000 -9999.000 -9999.000 -9999.000 -9999.000 -9999.000 -9999.000 -9999.000 -9999.000 -9999.000 -9999.000 -9999.000 1.636206 1.525260 1.404543 1.287603 1.069583 0.8319144 0.5490373 0.3702976 0.4324578 0.5751069 0.8072096 0.8568413 0.8299969 0.8344448 0.8751633 0.9410763 1.048488 1.121079 1.170079 1.037651 0.8849089 0.8112523 0.8114966 0.8182781 0.8441939 0.8646636 0.8994472 0.9294355 0.9347855 0.9094320 0.8966773 0.8570578 0.8404480
-9999.000 -9999.000 -9999.000 -9999.000 -9999.000 -9999.000 -9999.000 -9999.000 -9999.000 -9999.000 -9999.000 -9999.000 -9999.000 -9999.000 -9999.000 -9999.000 -9999.000 -9999.000 -9999.000 -9999.000 -9999.000 -9999.000 -9999.000 -9999.000 -9999.000 -9999.000 -9999.000 -9999.000 1.302852 1.132281 0.8679209 0.5904543 0.2716599 0.1488804 0.1754830 0.3057124 0.4252253 0.5484992 0.6194425 0.5798999 0.6073137 0.6761083 0.7899233 0.9125065 1.055164 1.039033 0.9176735 0.7494068 0.7006632 0.7046942 0.7300638 0.7492084 0.7821456 0.8206733 0.8483994 0.8567253 0.8524497 0.8351825 0.8188275
-9999.000 -9999.000 -9999.000 -9999.000 -9999.000 -9999.000 -9999.000 -9999.000 -9999.000 -9999.000 -9999.000 -9999.000 -9999.000 -9999.000 -9999.000 -9999.000 -9999.000 -9999.000 -9999.000 -9999.000 -9999.000 -9999.000 -9999.000 -9999.000 -9999.000 -9999.000 -9999.000 -9999.000 -9999.000 0.9597022 0.6394437 0.3723758 -9999.000 -9999.000 0.5164741E-01 -9999.000 -9999.000 0.1885393 0.2664005 0.2786612 0.2551906 0.2716246 0.4293236 0.5762310 0.7797872 0.9019243 0.9307415 0.7986058 0.6423993 0.6039244 0.6413584 0.6671587 0.6986664 0.7332627 0.7793796 0.8163841 0.8401114 0.8466520 0.8455843
-9999.000 -9999.000 -9999.000 -9999.000 -9999.000 -9999.000 -9999.000 -9999.000 -9999.000 -9999.000 -9999.000 -9999.000 -9999.000 -9999.000 -9999.000 -9999.000 -9999.000 -9999.000 -9999.000 -9999.000 -9999.000 -9999.000 -9999.000 -9999.000 -9999.000 -9999.000 -9999.000 -9999.000 -9999.000 -9999.000 -9999.000 -9999.000 -9999.000 -9999.000 -9999.000 -9999.000 -9999.000 -9999.000 -9999.000 0.7061235E-01 -9999.000 0.6859014E-01 0.1302583 0.2322776 0.4194508 0.6643239 0.8091427 0.8526196 0.6871312 0.5670217 0.5516417 0.5860828 0.6243882 0.6563495 0.7087738 0.7517754 0.7990477 0.8273132 0.8522005
-9999.000 -9999.000 -9999.000 -9999.000 -9999.000 -9999.000 -9999.000 -9999.000 -9999.000 -9999.000 -9999.000 -9999.000 -9999.000 -9999.000 -9999.000 -9999.000 -9999.000 -9999.000 -9999.000 -9999.000 -9999.000 -9999.000 -9999.000 -9999.000 -9999.000 -9999.000 -9999.000 -9999.000 -9999.000 -9999.000 -9999.000 -9999.000 -9999.000 -9999.000 -9999.000 -9999.000 -9999.000 -9999.000 -9999.000 -9999.000 -9999.000 -9999.000 -9999.000 0.8552474E-01 0.2350019 0.3623081 0.5155367 0.7148140 0.7000535 0.5897540 0.4794116 0.4879581 0.5248485 0.5709827 0.6160411 0.6679392 0.7221037 0.7666887 0.8073272
-9999.000 -9999.000 -9999.000 -9999.000 -9999.000 -9999.000 -9999.000 -9999.000 -9999.000 -9999.000 -9999.000 -9999.000 -9999.000 -9999.000 -9999.000 -9999.000 -9999.000 -9999.000 -9999.000 -9999.000 -9999.000 -9999.000 -9999.000 -9999.000 -9999.000 -9999.000 -9999.000 -9999.000 -9999.000 -9999.000 -9999.000 -9999.000 -9999.000 -9999.000 -9999.000 -9999.000 -9999.000 -9999.000 -9999.000 -9999.000 -9999.000 -9999.000 -9999.000 -9999.000 0.1064696 -9999.000 0.2228693 0.3703870 0.5554153 0.5609769 0.4713141 0.4091890 0.4047678 0.4485643 0.5040922 0.5632812 0.6194681 0.6748668 0.7301819
-9999.000 -9999.000 -9999.000 -9999.000 -9999.000 -9999.000 -9999.000 -9999.000 -9999.000 -9999.000 -9999.000 -9999.000 -9999.000 -9999.000 -9999.000 -9999.000 -9999.000 -9999.000 -9999.000 -9999.000 -9999.000 -9999.000 -9999.000 -9999.000 -9999.000 -9999.000 -9999.000 -9999.000 -9999.000 -9999.000 -9999.000 -9999.000 -9999.000 -9999.000 -9999.000 -9999.000 -9999.000 -9999.000 -9999.000 -9999.000 -9999.000 -9999.000 -9999.000 -9999.000 -9999.000 -9999.000 0.5606369E-01 0.9617075E-01 0.2604013 0.3537466 0.4314838 0.3635365 0.3216971 0.3204563 0.3784461 0.4393916 0.5057663 0.5666583 0.6102669
-9999.000 -9999.000 -9999.000 -9999.000 -9999.000 -9999.000 -9999.000 -9999.000 -9999.000 -9999.000 -9999.000 -9999.000 -9999.000 -9999.000 -9999.000 -9999.000 -9999.000 -9999.000 -9999.000 -9999.000 -9999.000 -9999.000 -9999.000 -9999.000 -9999.000 -9999.000 -9999.000 -9999.000 -9999.000 -9999.000 -9999.000 -9999.000 -9999.000 -9999.000 -9999.000 -9999.000 -9999.000 -9999.000 -9999.000 -9999.000 -9999.000 -9999.000 -9999.000 -9999.000 -9999.000 -9999.000 -9999.000 -9999.000 -9999.000 0.1334324 0.2301501 0.2846536 0.2616463 0.2297819 0.2468786 0.2788251 0.3418420 0.4061211 0.4615994
-9999.000 -9999.000 -9999.000 -9999.000 -9999.000 -9999.000 -9999.000 -9999.000 -9999.000 -9999.000 -9999.000 -9999.000 -9999.000 -9999.000 -9999.000 -9999.000 -9999.000 -9999.000 -9999.000 -9999.000 -9999.000 -9999.000 -9999.000 -9999.000 -9999.000 -9999.000 -9999.000 -9999.000 -9999.000 -9999.000 -9999.000 -9999.000 -9999.000 -9999.000 -9999.000 -9999.000 -9999.000 -9999.000 -9999.000 -9999.000 -9999.000 -9999.000 -9999.000 -9999.000 -9999.000 -9999.000 -9999.000 -9999.000 -9999.000 -9999.000 0.6399828E-01 0.1322294 0.1713606 0.1621941 0.1486758 0.1576486 0.1830803 0.2440378 0.2975663
-9999.000 -9999.000 -9999.000 -9999.000 -9999.000 -9999.000 -9999.000 -9999.000 -9999.000 -9999.000 -9999.000 -9999.000 -9999.000 -9999.000 -9999.000 -9999.000 -9999.000 -9999.000 -9999.000 -9999.000 -9999.000 -9999.000 -9999.000 -9999.000 -9999.000 -9999.000 -9999.000 -9999.000 -9999.000 -9999.000 -9999.000 -9999.000 -9999.000 -9999.000 -9999.000 -9999.000 -9999.000 -9999.000 -9999.000 -9999.000 -9999.000 -9999.000 -9999.000 -9999.000 -9999.000 -9999.000 -9999.000 -9999.000 -9999.000 -9999.000 -9999.000 -9999.000 0.7926938E-01 0.9653985E-01 0.9505505E-01 0.9183757E-01 0.9626217E-01 0.1260473 0.1628358
-9999.000 -9999.000 -9999.000 -9999.000 -9999.000 -9999.000 -9999.000 -9999.000 -9999.000 -9999.000 -9999.000 -9999.000 -9999.000 -9999.000 -9999.000 -9999.000 -9999.000 -9999.000 -9999.000 -9999.000 -9999.000 -9999.000 -9999.000 -9999.000 -9999.000 -9999.000 -9999.000 -9999.000 -9999.000 -9999.000 -9999.000 -9999.000 -9999.000 -9999.000 -9999.000 -9999.000 -9999.000 -9999.000 -9999.000 -9999.000 -9999.000 -9999.000 -9999.000 -9999.000 -9999.000 -9999.000 -9999.000 -9999.000 -9999.000 -9999.000 -9999.000 -9999.000 -9999.000 0.4645874E-01 0.6091701E-01 0.6191042E-01 0.5825028E-01 0.7098206E-01 0.8681097E-01
