simulation_files/asc/Depth____160.0.asc
NCOLS       216
NROWS       273
XLLCENTER        494.688995
YLLCENTER        787.867981
CELLSIZE           0.500
NODATA_VALUE     -9999.0
[rows 182 to 207 of 273, columns 120 to 179 of 216]
-9999.000 -9999.000 -9999.000 -9999.000 -9999.000 -9999.000 -9999.000 -9999.000 -9999.000 0.1040605 0.1813210 0.2690542 0.2741518 0.2212509 0.1445664 0.9575154E-01 0.5288930E-01 0.5958274E-01 0.8019113E-01 0.7680001E-01 0.8787556E-01 0.1547655 0.2366115 0.2238035 0.2445502 0.2961780 0.3031404 0.2753379 0.2930369 0.3354184 0.3681102 0.3967727 0.3751358 0.3337898 0.3118800 0.3207582 0.3199950 0.3204780 0.2876848 0.2312762 0.1520670 0.7079843E-01 -9999.000 -9999.000 -9999.000 -9999.000 -9999.000 -9999.000 -9999.000 -9999.000 -9999.000 -9999.000 -9999.000 -9999.000 -9999.000 -9999.000 -9999.000 -9999.000 -9999.000 -9999.000
-9999.000 -9999.000 -9999.000 -9999.000 -9999.000 -9999.000 -9999.000 -9999.000 0.2180943E-01 0.6001638E-01 0.1591432 0.2388808 0.2671085 0.2428118 0.1965454 0.1391069 0.8338634E-01 0.6358324E-01 0.7465188E-01 0.6903904E-01 0.7566929E-01 0.1223839 0.1758983 0.1980188 0.2452862 0.3207725 0.3404373 0.2881532 0.2999962 0.3741866 0.4017531 0.4113116 0.4019139 0.3549416 0.3420262 0.3340699 0.3320047 0.3344902 0.3168458 0.2945337 0.2051367 0.9694232E-01 -9999.000 -9999.000 -9999.000 -9999.000 -9999.000 -9999.000 -9999.000 -9999.000 -9999.000 -9999.000 -9999.000 -9999.000 -9999.000 -9999.000 -9999.000 -9999.000 -9999.000 -9999.000
-9999.000 -9999.000 -9999.000 -9999.000 -9999.000 -9999.000 -9999.000 -9999.000 -9999.000 0.3953913E-01 0.1334452 0.2375848 0.2729447 0.2717114 0.2380922 0.1849240 0.1287175 0.8045368E-01 0.6963284E-01 0.6286192E-01 0.7268098E-01 0.8820694E-01 0.1068096 0.1375383 0.2019108 0.2843726 0.3271273 0.3085281 0.3353450 0.3833789 0.3581056 0.3477954 0.3556354 0.3375684 0.2893498 0.2813111 0.2902671 0.3110879 0.3205587 0.3082179 0.2569283 0.1461706 0.7247908E-01 -9999.000 -9999.000 -9999.000 -9999.000 -9999.000 -9999.000 -9999.000 -9999.000 -9999.000 -9999.000 -9999.000 -9999.000 -9999.000 -9999.000 -9999.000 -9999.000 -9999.000
-9999.000 -9999.000 -9999.000 -9999.000 -9999.000 -9999.000 -9999.000 -9999.000 -9999.000 0.2628984E-01 0.1221539 0.2368760 0.2844869 0.2894241 0.2713861 0.2247112 0.1576028 0.9789086E-01 0.7689213E-01 0.7685865E-01 0.8710949E-01 0.8298491E-01 0.8132055E-01 0.1110360 0.1626482 0.2202443 0.2676930 0.2909807 0.3524735 0.3213100 0.2509343 0.2779158 0.2967597 0.2218617 0.1846217 0.1614248 0.2018724 0.2291342 0.2646093 0.2758687 0.2405229 0.1785415 0.1393657 0.8242077E-01 -9999.000 -9999.000 -9999.000 -9999.000 -9999.000 -9999.000 -9999.000 -9999.000 -9999.000 -9999.000 -9999.000 -9999.000 -9999.000 -9999.000 -9999.000 -9999.000
-9999.000 -9999.000 -9999.000 -9999.000 -9999.000 -9999.000 -9999.000 -9999.000 -9999.000 -9999.000 0.8155873E-01 0.2104174 0.2751519 0.2897379 0.2841157 0.2363846 0.1607173 0.9763494E-01 0.7164973E-01 0.6607058E-01 0.8028169E-01 0.7894275E-01 0.8244970E-01 0.1185094 0.1752657 0.2176138 0.2496252 0.2640738 0.2787380 0.2298918 0.2067458 0.3151930 0.3349125 0.2833005 0.2085852 0.1861363 0.2030816 0.2209609 0.2340150 0.2432367 0.2340833 0.2040045 0.1720411 0.1232440 -9999.000 -9999.000 -9999.000 -9999.000 -9999.000 -9999.000 -9999.000 -9999.000 -9999.000 -9999.000 -9999.000 -9999.000 -9999.000 -9999.000 -9999.000 -9999.000
-9999.000 -9999.000 -9999.000 -9999.000 -9999.000 -9999.000 -9999.000 -9999.000 -9999.000 -9999.000 -9999.000 0.1838051 0.2482185 0.2617524 0.2666837 0.2181562 0.1296754 0.9041433E-01 0.7383277E-01 0.5528478E-01 0.5428256E-01 0.7055045E-01 0.8708687E-01 0.1378682 0.2070255 0.2292397 0.2146652 0.1947013 0.2135579 0.2194231 0.2300187 0.3176992 0.3839361 0.3615602 0.2967011 0.2270620 0.2361027 0.2554956 0.2420976 0.2240237 0.2247797 0.1957668 0.1564516 0.1135296 0.6853736E-01 -9999.000 -9999.000 -9999.000 -9999.000 -9999.000 -9999.000 -9999.000 -9999.000 -9999.000 -9999.000 -9999.000 -9999.000 -9999.000 -9999.000 -9999.000
-9999.000 -9999.000 -9999.000 -9999.000 -9999.000 -9999.000 -9999.000 -9999.000 -9999.000 -9999.000 0.5853832E-01 0.1628814 0.2281546 0.2287107 0.2406489 0.2140553 0.1549122 0.1289380 0.1045191 0.7690042E-01 0.5253793E-01 0.4769365E-01 0.7102838E-01 0.1176653 0.1451681 0.1584650 0.1862852 0.1924706 0.2389639 0.2736189 0.2549256 0.2869235 0.3353022 0.3152501 0.2801612 0.2515369 0.2466511 0.2318927 0.2020792 0.2177563 0.2361982 0.2295081 0.2176551 0.1828331 0.1452493 0.8684068E-01 -9999.000 -9999.000 -9999.000 -9999.000 -9999.000 -9999.000 -9999.000 -9999.000 -9999.000 -9999.000 -9999.000 -9999.000 -9999.000 -9999.000
-9999.000 -9999.000 -9999.000 -9999.000 -9999.000 -9999.000 -9999.000 -9999.000 -9999.000 -9999.000 -9999.000 0.1297372 0.1937826 0.2244573 0.2453830 0.2417361 0.2179916 0.1937838 0.1524271 0.1267628 0.7667059E-01 0.3458661E-01 0.4223116E-01 0.7042439E-01 0.8106860E-01 0.1148298 0.1978297 0.2424650 0.2868350 0.3138887 0.3022197 0.2875469 0.2758667 0.2439089 0.2542803 0.2658940 0.2620001 0.2124542 0.2132444 0.2525975 0.2713564 0.2690401 0.2834374 0.2664934 0.2257784 0.1347024 0.4586535E-01 -9999.000 -9999.000 -9999.000 -9999.000 -9999.000 -9999.000 -9999.000 -9999.000 -9999.000 -9999.000 -9999.000 -9999.000 -9999.000
-9999.000 -9999.000 -9999.000 -9999.000 -9999.000 -9999.000 -9999.000 -9999.000 -9999.000 -9999.000 -9999.000 -9999.000 0.1385209 0.1926621 0.2294394 0.2463456 0.2516776 0.2477006 0.2006411 0.1691579 0.1178350 0.4184702E-01 0.2776416E-01 0.3775361E-01 0.5759153E-01 0.1085142 0.1886556 0.2440325 0.2851740 0.3137301 0.2994794 0.2992005 0.3080490 0.2756132 0.2753587 0.3240190 0.2869655 0.2510279 0.2843130 0.3176369 0.3190049 0.3119121 0.3333258 0.3157097 0.2723169 0.1746332 0.5486025E-01 -9999.000 -9999.000 -9999.000 -9999.000 -9999.000 -9999.000 -9999.000 -9999.000 -9999.000 -9999.000 -9999.000 -9999.000 -9999.000
-9999.000 -9999.000 -9999.000 -9999.000 -9999.000 -9999.000 -9999.000 -9999.000 -9999.000 -9999.000 -9999.000 -9999.000 0.8487191E-01 0.1373026 0.1914037 0.2283691 0.2661712 0.2760249 0.2484598 0.2201225 0.1679813 0.8876072E-01 0.5198093E-01 0.5489526E-01 0.5869945E-01 0.8499680E-01 0.1356951 0.1976990 0.2494735 0.2832909 0.2742010 0.2847023 0.3008441 0.2658513 0.2967975 0.3367467 0.2849126 0.2914137 0.3554219 0.3831949 0.3550815 0.3527146 0.3707328 0.3126075 0.2481307 0.1491600 0.5268871E-01 0.2544357E-01 -9999.000 -9999.000 -9999.000 -9999.000 -9999.000 -9999.000 -9999.000 -9999.000 -9999.000 -9999.000 -9999.000 -9999.000
-9999.000 -9999.000 -9999.000 -9999.000 -9999.000 -9999.000 -9999.000 -9999.000 -9999.000 -9999.000 -9999.000 -9999.000 -9999.000 0.8944249E-01 0.1488380 0.2131933 0.2451459 0.2795900 0.2910138 0.2560304 0.1975903 0.1393868 0.9483128E-01 0.6555016E-01 0.5145687E-01 0.5088648E-01 0.8317140E-01 0.1565545 0.2289164 0.2677962 0.2335420 0.2267928 0.2293156 0.2455575 0.3205355 0.3454989 0.2976319 0.3207592 0.3981292 0.4157319 0.3846510 0.3467129 0.2873082 0.2208016 0.1809090 0.1398814 0.1007256 0.6355821E-01 -9999.000 -9999.000 -9999.000 -9999.000 -9999.000 -9999.000 -9999.000 -9999.000 -9999.000 -9999.000 -9999.000 -9999.000
-9999.000 -9999.000 -9999.000 -9999.000 -9999.000 -9999.000 -9999.000 -9999.000 -9999.000 -9999.000 -9999.000 -9999.000 -9999.000 0.6452601E-01 0.1355812 0.1566031 0.1431953 0.2053108 0.2636616 0.2479005 0.2211555 0.1816964 0.1269301 0.8522113E-01 0.5433097E-01 0.3187591E-01 0.4519164E-01 0.1161808 0.2026673 0.2267356 0.1629646 0.2039677 0.2423999 0.2658454 0.3350120 0.3601673 0.3333482 0.3524392 0.3892250 0.4013373 0.3506833 0.2509733 0.2194786 0.1841614 0.1999630 0.2172978 0.1951684 0.1561331 0.1216507 -9999.000 -9999.000 -9999.000 -9999.000 -9999.000 -9999.000 -9999.000 -9999.000 -9999.000 -9999.000 -9999.000
-9999.000 -9999.000 -9999.000 -9999.000 -9999.000 -9999.000 -9999.000 -9999.000 -9999.000 -9999.000 -9999.000 -9999.000 -9999.000 -9999.000 0.9461794E-01 0.9984947E-01 -9999.000 0.7995306E-01 0.1543771 0.2040224 0.2415795 0.2122398 0.1784006 0.1313543 0.9417508E-01 0.6657003E-01 0.5023260E-01 0.8997095E-01 0.1650768 0.1668989 0.1437986 0.2080673 0.2647534 0.2880657 0.3246891 0.3541233 0.3507775 0.3470599 0.3588579 0.3542042 0.3014553 0.2915144 0.2700320 0.2650741 0.2901588 0.2939023 0.2835908 0.2737849 0.2000675 0.1063957 -9999.000 -9999.000 -9999.000 -9999.000 -9999.000 -9999.000 -9999.000 -9999.000 -9999.000 -9999.000
-9999.000 -9999.000 -9999.000 -9999.000 -9999.000 -9999.000 -9999.000 -9999.000 -9999.000 -9999.000 -9999.000 -9999.000 -9999.000 -9999.000 -9999.000 -9999.000 0.4215719E-01 0.6556815E-01 0.1014446 0.1496937 0.1995003 0.2041170 0.1823504 0.1323606 0.9004824E-01 0.6626129E-01 0.4861562E-01 0.5779594E-01 0.9540927E-01 0.1200760 0.1402331 0.1872600 0.2485440 0.2766955 0.3034841 0.3225128 0.3332733 0.3293970 0.3411218 0.3517379 0.3528099 0.3609203 0.3397514 0.3268814 0.3223799 0.3228055 0.3094224 0.2911686 0.2186757 0.1292597 -9999.000 -9999.000 -9999.000 -9999.000 -9999.000 -9999.000 -9999.000 -9999.000 -9999.000 -9999.000
-9999.000 -9999.000 -9999.000 -9999.000 -9999.000 -9999.000 -9999.000 -9999.000 -9999.000 -9999.000 -9999.000 -9999.000 -9999.000 -9999.000 -9999.000 -9999.000 0.5496542E-01 0.9421216E-01 0.1002194 0.1159248 0.1509079 0.1682440 0.1595854 0.1260190 0.8587874E-01 0.5198507E-01 0.2736487E-01 -9999.000 -9999.000 0.6095784E-01 0.1131754 0.1534950 0.1958998 0.2204333 0.2650508 0.3123688 0.3177075 0.3130120 0.3421112 0.3936576 0.4132275 0.4111750 0.3577905 0.3248309 0.3389617 0.3408170 0.3056835 0.2461320 0.1649149 0.1141852 0.5006610E-01 -9999.000 -9999.000 -9999.000 -9999.000 -9999.000 -9999.000 -9999.000 -9999.000 -9999.000
-9999.000 -9999.000 -9999.000 -9999.000 -9999.000 -9999.000 -9999.000 -9999.000 -9999.000 -9999.000 -9999.000 -9999.000 -9999.000 -9999.000 -9999.000 -9999.000 -9999.000 0.7115160E-01 0.7595362E-01 0.8993998E-01 0.9492356E-01 0.1336060 0.1626803 0.1472754 0.1149075 0.7629944E-01 0.3567772E-01 -9999.000 -9999.000 -9999.000 0.6219642E-01 0.1130971 0.1311265 0.1418221 0.2033925 0.2675636 0.2695949 0.2717273 0.3341655 0.4050072 0.4339076 0.4036320 0.3418421 0.3108324 0.3064994 0.2656145 0.2308556 0.1792335 0.1414268 0.1218064 -9999.000 -9999.000 -9999.000 -9999.000 -9999.000 -9999.000 -9999.000 -9999.000 -9999.000 -9999.000
-9999.000 -9999.000 -9999.000 -9999.000 -9999.000 -9999.000 -9999.000 -9999.000 -9999.000 -9999.000 -9999.000 -9999.000 -9999.000 -9999.000 -9999.000 -9999.000 -9999.000 0.7053136E-01 0.1208794 0.7715064E-01 0.4960785E-01 0.8616178E-01 0.1281405 0.1331769 0.1274694 0.1041731 0.5319949E-01 0.2317077E-01 -9999.000 -9999.000 -9999.000 0.6805371E-01 0.8311814E-01 0.9972615E-01 0.1448034 0.1976582 0.2129975 0.2605215 0.3450390 0.3879663 0.3879742 0.3561527 0.3130775 0.2776944 0.2606697 0.2011451 0.1718181 0.1517579 0.1561789 0.1513595 0.1025781 -9999.000 -9999.000 -9999.000 -9999.000 -9999.000 -9999.000 -9999.000 -9999.000 -9999.000
-9999.000 -9999.000 -9999.000 -9999.000 -9999.000 -9999.000 -9999.000 -9999.000 -9999.000 -9999.000 -9999.000 -9999.000 -9999.000 -9999.000 -9999.000 -9999.000 -9999.000 -9999.000 0.1343158 0.6900370E-01 0.4518195E-01 0.8261149E-01 0.1045084 0.1013416 0.1255094 0.1086500 -9999.000 0.1483950E-01 -9999.000 -9999.000 -9999.000 -9999.000 0.4779236E-01 0.9846072E-01 0.1584759 0.1991628 0.2308409 0.2839800 0.3094002 0.3323191 0.3202619 0.2978748 0.2848983 0.2923305 0.2664102 0.2583082 0.2378110 0.1797756 0.1821949 0.2060946 0.1732154 0.9051834E-01 -9999.000 -9999.000 -9999.000 -9999.000 -9999.000 -9999.000 -9999.000 -9999.000
-9999.000 -9999.000 -9999.000 -9999.000 -9999.000 -9999.000 -9999.000 -9999.000 -9999.000 -9999.000 -9999.000 -9999.000 -9999.000 -9999.000 -9999.000 0.2194225E-01 0.7973136E-01 0.1351558 0.9005279E-01 0.5629294E-01 0.8930841E-01 0.1408954 0.1500665 0.1092921 0.1179133 0.9974351E-01 0.4996107E-01 -9999.000 -9999.000 -9999.000 -9999.000 -9999.000 0.2688536E-01 0.9203671E-01 0.1804429 0.2357081 0.2658785 0.2510896 0.2336229 0.2419024 0.2693283 0.2452831 0.2590880 0.3042736 0.2951470 0.3062892 0.2808398 0.2218601 0.2095559 0.2414314 0.2161323 0.9561612E-01 0.3628101E-01 -9999.000 -9999.000 -9999.000 -9999.000 -9999.000 -9999.000 -9999.000
-9999.000 -9999.000 -9999.000 -9999.000 -9999.000 -9999.000 -9999.000 -9999.000 -9999.000 -9999.000 -9999.000 -9999.000 -9999.000 -9999.000 -9999.000 -9999.000 0.6483893E-01 0.1336924 0.1129369 0.8494462E-01 0.1602334 0.2105526 0.1932570 0.1429501 0.1356815 0.1059770 0.3753116E-01 -9999.000 -9999.000 -9999.000 -9999.000 -9999.000 -9999.000 0.7698225E-01 0.1501587 0.1864675 0.2067949 0.2136631 0.2158596 0.2248463 0.2282672 0.2037108 0.2066655 0.2866159 0.3175661 0.3044561 0.2721071 0.2355823 0.2246292 0.2354303 0.2203921 0.1207629 0.5440575E-01 -9999.000 -9999.000 -9999.000 -9999.000 -9999.000 -9999.000 -9999.000
-9999.000 -9999.000 -9999.000 -9999.000 -9999.000 -9999.000 -9999.000 -9999.000 -9999.000 -9999.000 -9999.000 -9999.000 -9999.000 -9999.000 -9999.000 -9999.000 -9999.000 0.8413792E-01 0.1021816 0.1054388 0.1573506 0.1878804 0.1762861 0.1884042 0.1884579 0.1360003 0.5823724E-01 0.2284555E-01 -9999.000 -9999.000 -9999.000 -9999.000 -9999.000 0.5385456E-01 0.8370419E-01 0.8872964E-01 0.1325953 0.1763863 0.2183857 0.2240132 0.2302868 0.2197096 0.2139022 0.2680264 0.3001116 0.3016061 0.2809655 0.2415889 0.2420179 0.2545478 0.2081039 0.1443289 0.1088374 0.4159296E-01 -9999.000 -9999.000 -9999.000 -9999.000 -9999.000 -9999.000
-9999.000 -9999.000 -9999.000 -9999.000 -9999.000 -9999.000 -9999.000 -9999.000 -9999.000 -9999.000 -9999.000 -9999.000 -9999.000 -9999.000 -9999.000 -9999.000 -9999.000 -9999.000 0.7055287E-01 0.8475411E-01 0.1181241 0.1297425 0.1392260 0.1898100 0.2152399 0.1660464 0.9953351E-01 0.4433680E-01 0.1892030E-01 -9999.000 -9999.000 -9999.000 -9999.000 -9999.000 0.7628124E-01 0.1008944 0.1239594 0.1565274 0.1811192 0.1980724 0.2345917 0.2691100 0.2736802 0.2783465 0.2674199 0.2900535 0.2684498 0.2431038 0.2719604 0.2953112 0.2495002 0.2154579 0.1928997 0.1205312 -9999.000 -9999.000 -9999.000 -9999.000 -9999.000 -9999.000
-9999.000 -9999.000 -9999.000 -9999.000 -9999.000 -9999.000 -9999.000 -9999.000 -9999.000 -9999.000 -9999.000 -9999.000 -9999.000 -9999.000 -9999.000 -9999.000 -9999.000 0.4890838E-01 0.8183115E-01 0.6362224E-01 0.6366993E-01 0.9337801E-01 0.1235656 0.1709016 0.2098112 0.1852838 0.1361790 0.7261926E-01 0.3343271E-01 -9999.000 -9999.000 -9999.000 -9999.000 -9999.000 0.7136713E-01 0.1061369 0.1331903 0.1488865 0.1682485 0.1834061 0.2046705 0.2447831 0.2588364 0.2408095 0.2231936 0.2052358 0.1969969 0.2205366 0.2931757 0.3356803 0.3058241 0.2719905 0.2427372 0.2081905 0.1805963 -9999.000 -9999.000 -9999.000 -9999.000 -9999.000
-9999.000 -9999.000 -9999.000 -9999.000 -9999.000 -9999.000 -9999.000 -9999.000 -9999.000 -9999.000 -9999.000 -9999.000 -9999.000 -9999.000 -9999.000 -9999.000 -9999.000 -9999.000 0.4796478E-01 -9999.000 0.3488723E-01 0.1176124 0.1711010 0.1997483 0.1877825 0.1518908 0.1247857 0.8864918E-01 0.4538722E-01 -9999.000 -9999.000 -9999.000 -9999.000 -9999.000 -9999.000 0.5810313E-01 0.9716552E-01 0.1306598 0.1749478 0.1928338 0.2069363 0.2326909 0.2500646 0.2005293 0.1343930 0.1004633 0.1270378 0.2193449 0.3131373 0.3622909 0.3093430 0.2809444 0.2540088 0.2262130 0.1700270 0.8684948E-01 -9999.000 -9999.000 -9999.000 -9999.000
-9999.000 -9999.000 -9999.000 -9999.000 -9999.000 -9999.000 -9999.000 -9999.000 -9999.000 -9999.000 -9999.000 -9999.000 -9999.000 -9999.000 -9999.000 -9999.000 -9999.000 -9999.000 0.1759246E-01 0.2281514E-01 0.4837970E-01 0.1452543 0.2263536 0.2403171 0.1952569 0.1579332 0.1279619 0.1027101 0.5829783E-01 -9999.000 -9999.000 -9999.000 -9999.000 -9999.000 -9999.000 0.3632103E-01 0.7166131E-01 0.1266264 0.1763709 0.2084165 0.2456840 0.2554515 0.2576958 0.2084783 0.1586876 0.1547895 0.1849006 0.2570173 0.3009908 0.2818286 0.2540837 0.2747267 0.2648341 0.2045557 0.1756799 0.1261229 0.5029746E-01 -9999.000 -9999.000 -9999.000
-9999.000 -9999.000 -9999.000 -9999.000 -9999.000 -9999.000 -9999.000 -9999.000 -9999.000 -9999.000 -9999.000 -9999.000 -9999.000 -9999.000 -9999.000 -9999.000 -9999.000 -9999.000 0.1452707E-01 0.3369192E-01 0.6932642E-01 0.1595771 0.2398146 0.2305760 0.1933586 0.1546150 0.1256572 0.1047813 0.7274231E-01 -9999.000 -9999.000 -9999.000 -9999.000 -9999.000 -9999.000 -9999.000 0.5035496E-01 0.1235186 0.1987959 0.2449406 0.2986989 0.3144601 0.2771237 0.2351534 0.2422810 0.3290099 0.3806481 0.3619563 0.3092785 0.2494020 0.2722752 0.3263397 0.3099359 0.2200697 0.1933490 0.1830561 0.1111135 -9999.000 -9999.000 -9999.000
