simulation_files/asc/Depth____730.0.asc
NCOLS       216
NROWS       273
XLLCENTER        494.688995
YLLCENTER        787.867981
CELLSIZE           0.500
NODATA_VALUE     -9999.0
[rows 162 to 188 of 273, columns 118 to 176 of 216]
1.951997 2.628625 2.825830 2.862595 2.873914 2.882841 2.655878 2.085133 1.508091 -9999.000 0.1857430 0.6999461E-01 0.9746325E-01 0.1470319 0.1262553 0.1071701 0.1295352 0.1430430 0.1652478 0.1682442 0.1643588 0.1339318 0.8831577E-01 0.9264464E-01 0.1189660 0.1240284 0.8929784E-01 0.4941778E-01 -9999.000 -9999.000 -9999.000 -9999.000 -9999.000 -9999.000 -9999.000 -9999.000 -9999.000 -9999.000 -9999.000 -9999.000 -9999.000 -9999.000 -9999.000 -9999.000 -9999.000 -9999.000 -9999.000 -9999.000 -9999.000 -9999.000 -9999.000 -9999.000 -9999.000 -9999.000 -9999.000 -9999.000 -9999.000 -9999.000 -9999.000
1.873345 2.588382 2.818267 2.852229 2.854414 2.445108 1.652976 0.9828640 0.4596892 0.1626512 0.1182459 0.1085980 0.1206934 0.1134731 0.1234153 0.1289121 0.1302172 0.1299372 0.1645637 0.1870090 0.1909238 0.1413806 0.1004682 0.1024870 0.1376547 0.1513444 0.1282482 0.8229788E-01 0.3386867E-01 -9999.000 -9999.000 -9999.000 -9999.000 -9999.000 -9999.000 -9999.000 -9999.000 -9999.000 -9999.000 -9999.000 -9999.000 -9999.000 -9999.000 -9999.000 -9999.000 -9999.000 -9999.000 -9999.000 -9999.000 -9999.000 -9999.000 -9999.000 -9999.000 -9999.000 -9999.000 -9999.000 -9999.000 -9999.000 -9999.000
1.507790 2.245472 2.697575 2.839373 2.418636 1.518202 0.4686536 0.1493836 0.1144790 0.8849463E-01 0.1070235 0.9697313E-01 0.9485347E-01 0.7983573E-01 0.1011156 0.1232877 0.1172301 0.1185609 0.1417709 0.1736889 0.1864005 0.1284652 0.9149936E-01 0.1043823 0.1443011 0.1520097 0.1166167 0.8926450E-01 0.4300467E-01 -9999.000 -9999.000 -9999.000 -9999.000 -9999.000 -9999.000 -9999.000 -9999.000 -9999.000 -9999.000 -9999.000 -9999.000 -9999.000 -9999.000 -9999.000 -9999.000 -9999.000 -9999.000 -9999.000 -9999.000 -9999.000 -9999.000 -9999.000 -9999.000 -9999.000 -9999.000 -9999.000 -9999.000 -9999.000 -9999.000
-9999.000 1.438912 2.255822 2.356329 1.500072 -9999.000 0.1075613 0.1152783 0.9144849E-01 0.6132410E-01 0.5387288E-01 0.5517477E-01 0.7038239E-01 0.7023846E-01 0.9079093E-01 0.1167995 0.1227857 0.1408372 0.1643663 0.1930355 0.1641171 0.1021873 0.8126274E-01 0.9674843E-01 0.1346288 0.1321194 0.1203894 0.8999468E-01 0.4791951E-01 -9999.000 -9999.000 -9999.000 -9999.000 -9999.000 -9999.000 -9999.000 -9999.000 -9999.000 -9999.000 -9999.000 -9999.000 -9999.000 -9999.000 -9999.000 -9999.000 -9999.000 -9999.000 -9999.000 -9999.000 -9999.000 -9999.000 -9999.000 -9999.000 -9999.000 -9999.000 -9999.000 -9999.000 -9999.000 -9999.000
-9999.000 0.6155037 1.313244 1.121995 0.4539216 0.1226147 0.1367644 0.1196716 0.1065841 0.7282593E-01 0.3929460E-01 0.3680419E-01 0.5229319E-01 0.5419173E-01 0.9344237E-01 0.1425975 0.1725268 0.1968329 0.2200891 0.2060573 0.1275117 0.1047006 0.1024275 0.1099349 0.1300007 0.1426090 0.1375493 0.1141559 0.8411554E-01 0.5201348E-01 -9999.000 -9999.000 0.1836429E-01 -9999.000 -9999.000 -9999.000 -9999.000 -9999.000 -9999.000 -9999.000 -9999.000 -9999.000 -9999.000 -9999.000 -9999.000 -9999.000 -9999.000 -9999.000 -9999.000 -9999.000 -9999.000 -9999.000 -9999.000 -9999.000 -9999.000 -9999.000 -9999.000 -9999.000 -9999.000
-9999.000 -9999.000 -9999.000 0.2239876 0.1230092 0.1623873 0.1396833 0.1332939 0.1365433 0.1071137 0.7876498E-01 0.6372538E-01 0.5795912E-01 0.6040839E-01 0.1123984 0.1845644 0.1998832 0.2137812 0.2241537 0.1587178 0.8785788E-01 0.1158071 0.1242894 0.1353091 0.1394605 0.1161858 0.1171221 0.1167589 0.1036264 0.6754537E-01 -9999.000 -9999.000 -9999.000 -9999.000 -9999.000 -9999.000 -9999.000 -9999.000 -9999.000 -9999.000 -9999.000 -9999.000 -9999.000 -9999.000 -9999.000 -9999.000 -9999.000 -9999.000 -9999.000 -9999.000 -9999.000 -9999.000 -9999.000 -9999.000 -9999.000 -9999.000 -9999.000 -9999.000 -9999.000
-9999.000 -9999.000 -9999.000 0.6124228E-01 0.1534596 0.1605592 0.1605181 0.1670437 0.1737354 0.1563771 0.1356114 0.1148095 0.9362437E-01 0.9284152E-01 0.1210874 0.1670947 0.1774548 0.1823359 0.1535053 0.1218195 0.8050049E-01 0.1079607 0.1263199 0.1413070 0.1378649 0.8869575E-01 0.7399781E-01 0.9418394E-01 0.1008572 0.8062567E-01 0.4503897E-01 0.1285843E-01 -9999.000 -9999.000 -9999.000 -9999.000 -9999.000 -9999.000 -9999.000 -9999.000 -9999.000 -9999.000 -9999.000 -9999.000 -9999.000 -9999.000 -9999.000 -9999.000 -9999.000 -9999.000 -9999.000 -9999.000 -9999.000 -9999.000 -9999.000 -9999.000 -9999.000 -9999.000 -9999.000
-9999.000 -9999.000 -9999.000 0.4716895E-01 0.8249136E-01 0.1147163 0.1645143 0.1917898 0.1786912 0.1559009 0.1376725 0.1377969 0.1231410 0.1056119 0.9505958E-01 0.7946302E-01 0.1116869 0.1027518 0.1056871 0.1470858 0.1209057 0.1339815 0.1596522 0.1841944 0.1764036 0.1210973 0.8466886E-01 0.8952227E-01 0.1012710 0.9979400E-01 0.6468953E-01 0.2561869E-01 0.1537606E-01 -9999.000 -9999.000 -9999.000 -9999.000 -9999.000 -9999.000 -9999.000 -9999.000 -9999.000 -9999.000 -9999.000 -9999.000 -9999.000 -9999.000 -9999.000 -9999.000 -9999.000 -9999.000 -9999.000 -9999.000 -9999.000 -9999.000 -9999.000 -9999.000 -9999.000 -9999.000
-9999.000 -9999.000 -9999.000 -9999.000 0.5101707E-01 0.9603076E-01 0.1535652 0.1742702 0.1713247 0.1515343 0.1257055 0.1023409 0.8401282E-01 0.7293259E-01 0.7804074E-01 0.9731421E-01 0.1137543 0.9516575E-01 0.1027035 0.1268184 0.1178825 0.1462051 0.2061050 0.2433975 0.2275456 0.1602049 0.1028793 0.1007687 0.1114914 0.1225026 0.8449965E-01 0.4782877E-01 0.3369082E-01 0.2556549E-01 -9999.000 -9999.000 -9999.000 -9999.000 -9999.000 -9999.000 -9999.000 -9999.000 -9999.000 -9999.000 -9999.000 -9999.000 -9999.000 -9999.000 -9999.000 -9999.000 -9999.000 -9999.000 -9999.000 -9999.000 -9999.000 -9999.000 -9999.000 -9999.000 -9999.000
-9999.000 -9999.000 -9999.000 -9999.000 -9999.000 0.5853033E-01 0.9338407E-01 0.1347373 0.1640110 0.1810111 0.1286391 0.6107097E-01 0.3933460E-01 0.3488896E-01 0.7001647E-01 0.1324170 0.1675181 0.1795224 0.1282236 0.7156844E-01 0.5838428E-01 0.1191579 0.2216911 0.2590289 0.2204113 0.1549612 0.1151919 0.1325269 0.1544490 0.1588949 0.1060465 0.7933949E-01 0.8224091E-01 0.6040301E-01 0.4101180E-01 0.2975694E-01 -9999.000 -9999.000 -9999.000 -9999.000 -9999.000 -9999.000 -9999.000 -9999.000 -9999.000 -9999.000 -9999.000 -9999.000 -9999.000 -9999.000 -9999.000 -9999.000 -9999.000 -9999.000 -9999.000 -9999.000 -9999.000 -9999.000 -9999.000
-9999.000 -9999.000 -9999.000 -9999.000 -9999.000 0.2457875E-01 0.4138479E-01 0.9717056E-01 0.1516072 0.1802067 0.1431060 0.7192376E-01 0.5065570E-01 0.5686200E-01 0.8711435E-01 0.1460152 0.1803598 0.2086190 0.1741766 0.9700853E-01 0.7419083E-01 0.1320569 0.2121024 0.2286279 0.1955893 0.1387346 0.1123169 0.1187419 0.1492053 0.1681874 0.1299594 0.1240918 0.1366785 0.1273995 0.7099539E-01 0.4950111E-01 0.5519268E-01 0.4447527E-01 -9999.000 -9999.000 -9999.000 -9999.000 -9999.000 -9999.000 -9999.000 -9999.000 -9999.000 -9999.000 -9999.000 -9999.000 -9999.000 -9999.000 -9999.000 -9999.000 -9999.000 -9999.000 -9999.000 -9999.000 -9999.000
-9999.000 -9999.000 -9999.000 -9999.000 -9999.000 -9999.000 0.5531177E-01 0.8943651E-01 0.1329721 0.1601398 0.1593862 0.1203861 0.8499920E-01 0.9096437E-01 0.1164811 0.1502944 0.1770426 0.2201907 0.2241229 0.1808189 0.1717427 0.1729927 0.1864973 0.2044620 0.1427443 0.1073019 0.9041212E-01 0.8259718E-01 0.1006645 0.1389256 0.1267913 0.1321357 0.1478762 0.1445383 0.1034735 0.7226782E-01 0.8544892E-01 0.8351274E-01 0.4579836E-01 -9999.000 -9999.000 -9999.000 -9999.000 -9999.000 -9999.000 -9999.000 -9999.000 -9999.000 -9999.000 -9999.000 -9999.000 -9999.000 -9999.000 -9999.000 -9999.000 -9999.000 -9999.000 -9999.000 -9999.000
-9999.000 -9999.000 -9999.000 -9999.000 -9999.000 -9999.000 0.7356706E-01 0.8418953E-01 0.1159290 0.1544949 0.1781484 0.1532860 0.1086335 0.8235444E-01 0.9588479E-01 0.1281067 0.1605713 0.2139050 0.2310211 0.2316115 0.2466577 0.1937190 0.1563856 0.1405275 0.1099899 0.9204848E-01 0.7805681E-01 0.8090158E-01 0.1021286 0.1298237 0.1146621 0.1024028 0.1107121 0.1240397 0.1050623 0.7982207E-01 0.9963483E-01 0.9643138E-01 -9999.000 -9999.000 -9999.000 -9999.000 -9999.000 -9999.000 -9999.000 -9999.000 -9999.000 -9999.000 -9999.000 -9999.000 -9999.000 -9999.000 -9999.000 -9999.000 -9999.000 -9999.000 -9999.000 -9999.000 -9999.000
-9999.000 -9999.000 -9999.000 -9999.000 -9999.000 -9999.000 -9999.000 0.4270062E-01 0.7828756E-01 0.1432852 0.1886647 0.1687302 0.1091735 0.5183354E-01 0.4724095E-01 0.6644007E-01 0.1132162 0.1950947 0.1999490 0.1911369 0.1748729 0.1331909 0.1173895 0.1500751 0.1759930 0.1165837 0.9303206E-01 0.1051111 0.1244873 0.1489215 0.1411528 0.1108220 0.9991073E-01 0.1148283 0.9875296E-01 0.6022401E-01 0.6139457E-01 0.8392523E-01 0.8284122E-01 0.6153011E-01 -9999.000 -9999.000 -9999.000 -9999.000 -9999.000 -9999.000 -9999.000 -9999.000 -9999.000 -9999.000 -9999.000 -9999.000 -9999.000 -9999.000 -9999.000 -9999.000 -9999.000 -9999.000 -9999.000
-9999.000 -9999.000 -9999.000 -9999.000 -9999.000 -9999.000 -9999.000 -9999.000 0.4364032E-01 0.1068901 0.1549802 0.1522012 0.9490517E-01 0.3167148E-01 0.1920224E-01 0.2676422E-01 0.6453748E-01 0.1272160 0.1262207 0.1094711 0.8656783E-01 0.8380318E-01 0.1067456 0.1858299 0.2185296 0.1652419 0.1523331 0.1620411 0.1720402 0.1873861 0.1992643 0.1938020 0.1427698 0.1127476 0.6759087E-01 0.2735879E-01 0.5071560E-01 0.9167918E-01 0.1030525 0.7885733E-01 -9999.000 -9999.000 -9999.000 -9999.000 -9999.000 -9999.000 -9999.000 -9999.000 -9999.000 -9999.000 -9999.000 -9999.000 -9999.000 -9999.000 -9999.000 -9999.000 -9999.000 -9999.000 -9999.000
-9999.000 -9999.000 -9999.000 -9999.000 -9999.000 -9999.000 -9999.000 -9999.000 -9999.000 0.6508248E-01 0.1149443 0.1363604 0.1045567 0.4353302E-01 0.1917948E-01 -9999.000 -9999.000 0.4725398E-01 0.7004910E-01 0.8366517E-01 0.1039318 0.9703648E-01 0.1025864 0.1765776 0.2192590 0.2027459 0.1960905 0.1984449 0.1794520 0.1738966 0.2179944 0.2241719 0.1949232 0.1321078 0.5132284E-01 0.3831431E-01 0.8011908E-01 0.9587616E-01 0.8658357E-01 0.7318965E-01 0.3663599E-01 -9999.000 -9999.000 -9999.000 -9999.000 -9999.000 -9999.000 -9999.000 -9999.000 -9999.000 -9999.000 -9999.000 -9999.000 -9999.000 -9999.000 -9999.000 -9999.000 -9999.000 -9999.000
-9999.000 -9999.000 -9999.000 -9999.000 -9999.000 -9999.000 -9999.000 -9999.000 -9999.000 0.4965924E-01 0.1085371 0.1363618 0.1224519 0.7954062E-01 0.3237939E-01 -9999.000 -9999.000 0.2368374E-01 0.4179914E-01 0.6457416E-01 0.1002292 0.1250157 0.1201992 0.1613847 0.2164013 0.2098812 0.1921258 0.1665480 0.9940093E-01 0.9271162E-01 0.1688199 0.1894933 0.1876798 0.1410008 0.9360325E-01 0.1020600 0.1111429 0.1018236 0.8722676E-01 0.1022010 0.7638448E-01 -9999.000 -9999.000 -9999.000 -9999.000 -9999.000 -9999.000 -9999.000 -9999.000 -9999.000 -9999.000 -9999.000 -9999.000 -9999.000 -9999.000 -9999.000 -9999.000 -9999.000 -9999.000
-9999.000 -9999.000 -9999.000 -9999.000 -9999.000 -9999.000 -9999.000 -9999.000 -9999.000 -9999.000 0.6932048E-01 0.1039276 0.1262163 0.1070277 0.5842708E-01 -9999.000 -9999.000 -9999.000 0.2771693E-01 0.4429305E-01 0.8684372E-01 0.1382127 0.1427472 0.1582141 0.2119211 0.1949664 0.1546145 0.9788482E-01 0.8711467E-01 0.1100971 0.1288581 0.1345223 0.1424957 0.1204998 0.1164239 0.1452445 0.1384553 0.1151448 0.1257817 0.1440291 0.1050702 -9999.000 -9999.000 -9999.000 -9999.000 -9999.000 -9999.000 -9999.000 -9999.000 -9999.000 -9999.000 -9999.000 -9999.000 -9999.000 -9999.000 -9999.000 -9999.000 -9999.000 -9999.000
-9999.000 -9999.000 -9999.000 -9999.000 -9999.000 -9999.000 -9999.000 -9999.000 -9999.000 -9999.000 0.4755831E-01 0.9573268E-01 0.1343977 0.1326579 0.8638544E-01 0.4218537E-01 0.1562446E-01 0.1384347E-01 0.1954602E-01 0.3104603E-01 0.6456836E-01 0.1049852 0.1160911 0.1522872 0.1914192 0.1669640 0.1023128 0.6208742E-01 0.1154932 0.1609282 0.1511271 0.1236224 0.1251613 0.1081062 0.1106069 0.1557207 0.1453218 0.1188095 0.1371576 0.1708635 0.1316313 0.6446507E-01 -9999.000 -9999.000 -9999.000 -9999.000 -9999.000 -9999.000 -9999.000 -9999.000 -9999.000 -9999.000 -9999.000 -9999.000 -9999.000 -9999.000 -9999.000 -9999.000 -9999.000
-9999.000 -9999.000 -9999.000 -9999.000 -9999.000 -9999.000 -9999.000 -9999.000 -9999.000 -9999.000 -9999.000 0.5570196E-01 0.1015016 0.1346938 0.1153143 0.6230460E-01 -9999.000 -9999.000 -9999.000 -9999.000 0.3137220E-01 0.5953744E-01 0.7425744E-01 0.1193995 0.1684026 0.1405410 0.1210354 0.1171164 0.1590202 0.1889070 0.1949016 0.1615064 0.1668352 0.1606348 0.1616927 0.1842228 0.1624946 0.1463097 0.1574563 0.1805945 0.1583150 0.8622640E-01 0.3838577E-01 -9999.000 -9999.000 -9999.000 -9999.000 -9999.000 -9999.000 -9999.000 -9999.000 -9999.000 -9999.000 -9999.000 -9999.000 -9999.000 -9999.000 -9999.000 -9999.000
-9999.000 -9999.000 -9999.000 -9999.000 -9999.000 -9999.000 -9999.000 -9999.000 -9999.000 -9999.000 -9999.000 -9999.000 0.5615204E-01 0.1008886 0.1069208 0.7535559E-01 0.3469073E-01 -9999.000 -9999.000 -9999.000 0.1392491E-01 0.2393704E-01 0.2594769E-01 0.6175262E-01 0.1456923 0.1662382 0.1679781 0.1974250 0.1972850 0.1774428 0.2006445 0.2332118 0.2534567 0.2737872 0.2485495 0.2122513 0.1905589 0.1941546 0.1983356 0.2069080 0.1819870 0.1289322 0.7682444E-01 -9999.000 -9999.000 -9999.000 -9999.000 -9999.000 -9999.000 -9999.000 -9999.000 -9999.000 -9999.000 -9999.000 -9999.000 -9999.000 -9999.000 -9999.000 -9999.000
-9999.000 -9999.000 -9999.000 -9999.000 -9999.000 -9999.000 -9999.000 -9999.000 -9999.000 -9999.000 -9999.000 -9999.000 0.4379328E-01 0.9818786E-01 0.1192452 0.9642687E-01 0.5721110E-01 -9999.000 -9999.000 -9999.000 -9999.000 -9999.000 0.1325188E-01 0.3784257E-01 0.1118327 0.1439451 0.1616006 0.2158229 0.2320724 0.1907208 0.2000050 0.2614945 0.2818901 0.2916903 0.2793325 0.2339848 0.2133681 0.2065519 0.2145480 0.2219794 0.2096436 0.1882817 0.1264072 -9999.000 -9999.000 -9999.000 -9999.000 -9999.000 -9999.000 -9999.000 -9999.000 -9999.000 -9999.000 -9999.000 -9999.000 -9999.000 -9999.000 -9999.000 -9999.000
-9999.000 -9999.000 -9999.000 -9999.000 -9999.000 -9999.000 -9999.000 -9999.000 -9999.000 -9999.000 -9999.000 -9999.000 -9999.000 0.1059123 0.1292913 0.1197893 0.8223701E-01 0.3928648E-01 -9999.000 0.1719438E-01 0.2039248E-01 0.1884362E-01 0.1240727E-01 0.3123658E-01 0.7039844E-01 0.8126755E-01 0.9803732E-01 0.1702996 0.2206450 0.2117453 0.2274294 0.2685636 0.2578310 0.2461400 0.2464346 0.2352727 0.2029407 0.1980951 0.1995542 0.2147017 0.2216450 0.2057699 0.1551992 0.7157498E-01 -9999.000 -9999.000 -9999.000 -9999.000 -9999.000 -9999.000 -9999.000 -9999.000 -9999.000 -9999.000 -9999.000 -9999.000 -9999.000 -9999.000 -9999.000
-9999.000 -9999.000 -9999.000 -9999.000 -9999.000 -9999.000 -9999.000 -9999.000 -9999.000 -9999.000 -9999.000 -9999.000 -9999.000 0.9069089E-01 0.1234735 0.1278957 0.1063367 0.5365904E-01 0.1794841E-01 0.2445031E-01 0.2444794E-01 0.2479215E-01 0.3007320E-01 0.4430238E-01 0.5546316E-01 0.4257200E-01 0.5581412E-01 0.1080901 0.1604598 0.1857188 0.2487993 0.2457106 0.1882943 0.1879610 0.2023490 0.1577392 0.1280463 0.1030941 0.1211776 0.1449992 0.1722726 0.1791959 0.1515761 0.8755778E-01 0.6697958E-01 -9999.000 -9999.000 -9999.000 -9999.000 -9999.000 -9999.000 -9999.000 -9999.000 -9999.000 -9999.000 -9999.000 -9999.000 -9999.000 -9999.000
-9999.000 -9999.000 -9999.000 -9999.000 -9999.000 -9999.000 -9999.000 -9999.000 -9999.000 -9999.000 -9999.000 -9999.000 -9999.000 0.5971588E-01 0.9836998E-01 0.1159585 0.1098157 0.7402062E-01 0.3705584E-01 0.2277694E-01 0.2026227E-01 0.2287516E-01 0.3377953E-01 0.4566028E-01 0.3818130E-01 0.4475972E-01 0.7989056E-01 0.1145057 0.1460066 0.1797332 0.2112995 0.1714944 0.1279700 0.2035838 0.2330292 0.1773764 0.1118792 0.8838313E-01 0.1039685 0.1098021 0.1267956 0.1462348 0.1411365 0.1101946 0.7241543E-01 0.3923948E-01 -9999.000 -9999.000 -9999.000 -9999.000 -9999.000 -9999.000 -9999.000 -9999.000 -9999.000 -9999.000 -9999.000 -9999.000 -9999.000
-9999.000 -9999.000 -9999.000 -9999.000 -9999.000 -9999.000 -9999.000 -9999.000 -9999.000 -9999.000 -9999.000 -9999.000 -9999.000 0.4811527E-01 0.8245491E-01 0.9379163E-01 0.1156665 0.9592478E-01 0.4208394E-01 0.1648593E-01 -9999.000 -9999.000 -9999.000 0.2697223E-01 0.3408145E-01 0.5433042E-01 0.1160179 0.1429437 0.1483216 0.1414113 0.1429670 0.1222081 0.1147703 0.2035483 0.2686380 0.2559628 0.2026656 0.1370103 0.1314914 0.1506697 0.1554514 0.1520966 0.1487184 0.1184426 0.6915156E-01 0.3271685E-01 -9999.000 -9999.000 -9999.000 -9999.000 -9999.000 -9999.000 -9999.000 -9999.000 -9999.000 -9999.000 -9999.000 -9999.000 -9999.000
-9999.000 -9999.000 -9999.000 -9999.000 -9999.000 -9999.000 -9999.000 -9999.000 -9999.000 -9999.000 -9999.000 -9999.000 -9999.000 0.5405245E-01 0.7830321E-01 0.9137262E-01 0.1197477 0.1081191 0.6325649E-01 0.3619230E-01 -9999.000 -9999.000 -9999.000 -9999.000 0.2753350E-01 0.3267373E-01 0.7119919E-01 0.9628206E-01 0.1177698 0.1128276 0.1321417 0.1574877 0.1404024 0.1800698 0.2334645 0.2538364 0.2203017 0.1717314 0.1562427 0.1719912 0.1699761 0.1516523 0.1474357 0.1307639 0.1028247 0.7823082E-01 -9999.000 -9999.000 -9999.000 -9999.000 -9999.000 -9999.000 -9999.000 -9999.000 -9999.000 -9999.000 -9999.000 -9999.000 -9999.000
