simulation_files/asc/Depth____000224.asc
NCOLS        79
NROWS        79
XLLCENTER         -1.500000
YLLCENTER         -4.800000
CELLSIZE           0.100
NODATA_VALUE     -9999.0
[rows 0 to 25 of 79, columns 0 to 58 of 79]
-9999.000 -9999.000 -9999.000 -9999.000 -9999.000 -9999.000 -9999.000 -9999.000 -9999.000 -9999.000 -9999.000 -9999.000 -9999.000 -9999.000 -9999.000 0.7615436 0.7621230 0.7624092 0.7624910 0.7623094 0.7620137 0.7616801 0.7613334 0.7609985 0.7606902 0.7604070 0.7601488 0.7598884 0.7595164 0.7594893 0.7594893 -9999.000 -9999.000 -9999.000 -9999.000 -9999.000 -9999.000 -9999.000 -9999.000 -9999.000 -9999.000 -9999.000 -9999.000 -9999.000 -9999.000 -9999.000 -9999.000 -9999.000 -9999.000 -9999.000 -9999.000 -9999.000 -9999.000 -9999.000 -9999.000 -9999.000 -9999.000 -9999.000 -9999.000
-9999.000 -9999.000 -9999.000 -9999.000 -9999.000 -9999.000 -9999.000 -9999.000 -9999.000 -9999.000 -9999.000 -9999.000 -9999.000 -9999.000 -9999.000 0.7633681 0.7638842 0.7641166 0.7641820 0.7640328 0.7637966 0.7635362 0.7632701 0.7630175 0.7627889 0.7625816 0.7623941 0.7622018 0.7619072 0.7619695 0.7619695 -9999.000 -9999.000 -9999.000 -9999.000 -9999.000 -9999.000 -9999.000 -9999.000 -9999.000 -9999.000 -9999.000 -9999.000 -9999.000 -9999.000 -9999.000 -9999.000 -9999.000 -9999.000 -9999.000 -9999.000 -9999.000 -9999.000 -9999.000 -9999.000 -9999.000 -9999.000 -9999.000 -9999.000
-9999.000 -9999.000 -9999.000 -9999.000 -9999.000 -9999.000 -9999.000 -9999.000 -9999.000 -9999.000 -9999.000 -9999.000 -9999.000 -9999.000 -9999.000 0.7652726 0.7658278 0.7660741 0.7661498 0.7660060 0.7657746 0.7655203 0.7652617 0.7650179 0.7647988 0.7646005 0.7644206 0.7642322 0.7639321 0.7639902 0.7639902 -9999.000 -9999.000 -9999.000 -9999.000 -9999.000 -9999.000 -9999.000 -9999.000 -9999.000 -9999.000 -9999.000 -9999.000 -9999.000 -9999.000 -9999.000 -9999.000 -9999.000 -9999.000 -9999.000 -9999.000 -9999.000 -9999.000 -9999.000 -9999.000 -9999.000 -9999.000 -9999.000 -9999.000
-9999.000 -9999.000 -9999.000 -9999.000 -9999.000 -9999.000 -9999.000 -9999.000 -9999.000 -9999.000 -9999.000 -9999.000 -9999.000 -9999.000 -9999.000 0.7672285 0.7678094 0.7680635 0.7681432 0.7679979 0.7677643 0.7675087 0.7672490 0.7670050 0.7667863 0.7665883 0.7664081 0.7662171 0.7659053 0.7659419 0.7659419 -9999.000 -9999.000 -9999.000 -9999.000 -9999.000 -9999.000 -9999.000 -9999.000 -9999.000 -9999.000 -9999.000 -9999.000 -9999.000 -9999.000 -9999.000 -9999.000 -9999.000 -9999.000 -9999.000 -9999.000 -9999.000 -9999.000 -9999.000 -9999.000 -9999.000 -9999.000 -9999.000 -9999.000
-9999.000 -9999.000 -9999.000 -9999.000 -9999.000 -9999.000 -9999.000 -9999.000 -9999.000 -9999.000 -9999.000 -9999.000 -9999.000 -9999.000 -9999.000 0.7692029 0.7698045 0.7700641 0.7701448 0.7699945 0.7697553 0.7694947 0.7692301 0.7689820 0.7687600 0.7685585 0.7683746 0.7681774 0.7678496 0.7678509 0.7678509 -9999.000 -9999.000 -9999.000 -9999.000 -9999.000 -9999.000 -9999.000 -9999.000 -9999.000 -9999.000 -9999.000 -9999.000 -9999.000 -9999.000 -9999.000 -9999.000 -9999.000 -9999.000 -9999.000 -9999.000 -9999.000 -9999.000 -9999.000 -9999.000 -9999.000 -9999.000 -9999.000 -9999.000
-9999.000 -9999.000 -9999.000 -9999.000 -9999.000 -9999.000 -9999.000 -9999.000 -9999.000 -9999.000 -9999.000 -9999.000 -9999.000 -9999.000 -9999.000 0.7711824 0.7718028 0.7720662 0.7721461 0.7719889 0.7717423 0.7714753 0.7712041 0.7709504 0.7707234 0.7705166 0.7703272 0.7701219 0.7697737 0.7697265 0.7697265 -9999.000 -9999.000 -9999.000 -9999.000 -9999.000 -9999.000 -9999.000 -9999.000 -9999.000 -9999.000 -9999.000 -9999.000 -9999.000 -9999.000 -9999.000 -9999.000 -9999.000 -9999.000 -9999.000 -9999.000 -9999.000 -9999.000 -9999.000 -9999.000 -9999.000 -9999.000 -9999.000 -9999.000
-9999.000 -9999.000 -9999.000 -9999.000 -9999.000 -9999.000 -9999.000 -9999.000 -9999.000 -9999.000 -9999.000 -9999.000 -9999.000 -9999.000 -9999.000 0.7731615 0.7737995 0.7740653 0.7741432 0.7739775 0.7737228 0.7734485 0.7731701 0.7729098 0.7726772 0.7724642 0.7722684 0.7720532 0.7716805 0.7715693 0.7715693 -9999.000 -9999.000 -9999.000 -9999.000 -9999.000 -9999.000 -9999.000 -9999.000 -9999.000 -9999.000 -9999.000 -9999.000 -9999.000 -9999.000 -9999.000 -9999.000 -9999.000 -9999.000 -9999.000 -9999.000 -9999.000 -9999.000 -9999.000 -9999.000 -9999.000 -9999.000 -9999.000 -9999.000
-9999.000 -9999.000 -9999.000 -9999.000 -9999.000 -9999.000 -9999.000 -9999.000 -9999.000 -9999.000 -9999.000 -9999.000 -9999.000 -9999.000 -9999.000 0.7751372 0.7757924 0.7760593 0.7761338 0.7759584 0.7756947 0.7754129 0.7751267 0.7748597 0.7746211 0.7744012 0.7741981 0.7739717 0.7735699 0.7733751 0.7733751 -9999.000 -9999.000 -9999.000 -9999.000 -9999.000 -9999.000 -9999.000 -9999.000 -9999.000 -9999.000 -9999.000 -9999.000 -9999.000 -9999.000 -9999.000 -9999.000 -9999.000 -9999.000 -9999.000 -9999.000 -9999.000 -9999.000 -9999.000 -9999.000 -9999.000 -9999.000 -9999.000 -9999.000
-9999.000 -9999.000 -9999.000 -9999.000 -9999.000 -9999.000 -9999.000 -9999.000 -9999.000 -9999.000 -9999.000 -9999.000 -9999.000 -9999.000 -9999.000 0.7771080 0.7777799 0.7780464 0.7781165 0.7779297 0.7776564 0.7773669 0.7770725 0.7767987 0.7765539 0.7763268 0.7761158 0.7758762 0.7754400 0.7751359 0.7751359 -9999.000 -9999.000 -9999.000 -9999.000 -9999.000 -9999.000 -9999.000 -9999.000 -9999.000 -9999.000 -9999.000 -9999.000 -9999.000 -9999.000 -9999.000 -9999.000 -9999.000 -9999.000 -9999.000 -9999.000 -9999.000 -9999.000 -9999.000 -9999.000 -9999.000 -9999.000 -9999.000 -9999.000
-9999.000 -9999.000 -9999.000 -9999.000 -9999.000 -9999.000 -9999.000 -9999.000 -9999.000 -9999.000 -9999.000 -9999.000 -9999.000 -9999.000 -9999.000 0.7790725 0.7797608 0.7800254 0.7800894 0.7798897 0.7796060 0.7793087 0.7790060 0.7787253 0.7784742 0.7782391 0.7780194 0.7777650 0.7772877 0.7768393 0.7768393 -9999.000 -9999.000 -9999.000 -9999.000 -9999.000 -9999.000 -9999.000 -9999.000 -9999.000 -9999.000 -9999.000 -9999.000 -9999.000 -9999.000 -9999.000 -9999.000 -9999.000 -9999.000 -9999.000 -9999.000 -9999.000 -9999.000 -9999.000 -9999.000 -9999.000 -9999.000 -9999.000 -9999.000
-9999.000 -9999.000 -9999.000 -9999.000 -9999.000 -9999.000 -9999.000 -9999.000 -9999.000 -9999.000 -9999.000 -9999.000 -9999.000 -9999.000 -9999.000 0.7810293 0.7817337 0.7819945 0.7820509 0.7818364 0.7815416 0.7812362 0.7809248 0.7806370 0.7803796 0.7801361 0.7799069 0.7796350 0.7791085 0.7784678 0.7784678 -9999.000 -9999.000 -9999.000 -9999.000 -9999.000 -9999.000 -9999.000 -9999.000 -9999.000 -9999.000 -9999.000 -9999.000 -9999.000 -9999.000 -9999.000 -9999.000 -9999.000 -9999.000 -9999.000 -9999.000 -9999.000 -9999.000 -9999.000 -9999.000 -9999.000 -9999.000 -9999.000 -9999.000
-9999.000 -9999.000 -9999.000 -9999.000 -9999.000 -9999.000 -9999.000 -9999.000 -9999.000 -9999.000 -9999.000 -9999.000 -9999.000 -9999.000 -9999.000 0.7829756 0.7836962 0.7839511 0.7839985 0.7837670 0.7834603 0.7831467 0.7828262 0.7825314 0.7822675 0.7820147 0.7817748 0.7814822 0.7808964 0.7799949 0.7799949 -9999.000 -9999.000 -9999.000 -9999.000 -9999.000 -9999.000 -9999.000 -9999.000 -9999.000 -9999.000 -9999.000 -9999.000 -9999.000 -9999.000 -9999.000 -9999.000 -9999.000 -9999.000 -9999.000 -9999.000 -9999.000 -9999.000 -9999.000 -9999.000 -9999.000 -9999.000 -9999.000 -9999.000
-9999.000 -9999.000 -9999.000 -9999.000 -9999.000 -9999.000 -9999.000 -9999.000 -9999.000 -9999.000 -9999.000 -9999.000 -9999.000 -9999.000 -9999.000 0.7849001 0.7856385 0.7858871 0.7859280 0.7856801 0.7853609 0.7850391 0.7847089 0.7844067 0.7841358 0.7838722 0.7836197 0.7833021 0.7826434 0.7813818 0.7813818 -9999.000 -9999.000 -9999.000 -9999.000 -9999.000 -9999.000 -9999.000 -9999.000 -9999.000 -9999.000 -9999.000 -9999.000 -9999.000 -9999.000 -9999.000 -9999.000 -9999.000 -9999.000 -9999.000 -9999.000 -9999.000 -9999.000 -9999.000 -9999.000 -9999.000 -9999.000 -9999.000 -9999.000
-9999.000 -9999.000 -9999.000 -9999.000 -9999.000 -9999.000 -9999.000 -9999.000 -9999.000 -9999.000 -9999.000 -9999.000 -9999.000 -9999.000 -9999.000 0.7864648 0.7872976 0.7876394 0.7878336 0.7876506 0.7873288 0.7869962 0.7866492 0.7863308 0.7860433 0.7857587 0.7854840 0.7851295 0.7843758 0.7826098 0.7826098 -9999.000 -9999.000 -9999.000 -9999.000 -9999.000 -9999.000 -9999.000 -9999.000 -9999.000 -9999.000 -9999.000 -9999.000 -9999.000 -9999.000 -9999.000 -9999.000 -9999.000 -9999.000 -9999.000 -9999.000 -9999.000 -9999.000 -9999.000 -9999.000 -9999.000 -9999.000 -9999.000 -9999.000
-9999.000 -9999.000 -9999.000 -9999.000 -9999.000 -9999.000 -9999.000 -9999.000 -9999.000 -9999.000 -9999.000 -9999.000 -9999.000 -9999.000 -9999.000 0.7734219 0.7835264 0.7891106 0.7929203 0.7936484 0.7926641 0.7916762 0.7907136 0.7898607 0.7891291 0.7884772 0.7879034 0.7872760 0.7861640 0.7829099 0.7829099 -9999.000 -9999.000 -9999.000 -9999.000 -9999.000 -9999.000 -9999.000 -9999.000 -9999.000 -9999.000 -9999.000 -9999.000 -9999.000 -9999.000 -9999.000 -9999.000 -9999.000 -9999.000 -9999.000 -9999.000 -9999.000 -9999.000 -9999.000 -9999.000 -9999.000 -9999.000 -9999.000 -9999.000
0.8839563 0.8839563 0.8749695 0.8693168 0.8604102 0.8604102 0.8567477 0.8512008 0.8512008 0.8467631 0.8467631 0.8430895 0.8414654 0.8399512 0.8384112 0.8384112 0.7934240 0.7918682 0.7904503 0.7889591 0.7903056 0.7922326 0.7944691 0.7973450 0.8005739 0.8034920 0.8060064 0.8067673 0.8015595 0.7737212 0.7737212 0.5536384 0.5128005 0.4861529 0.4770330 0.4770330 0.4616648 0.4616648 0.4586131 0.4586131 0.4665147 0.5092170 0.5092170 0.5903255 0.5903255 0.6905398 0.6905398 0.6905398 0.6974558 0.6974558 0.6888399 0.6888399 0.6740346 0.6740346 0.6577591 0.6577591 0.6422462 0.6422462 0.6422462
0.8808302 0.8808302 0.8728862 0.8672304 0.8594893 0.8594893 0.8556435 0.8500317 0.8500317 0.8456083 0.8456083 0.8419538 0.8403381 0.8388321 0.8373018 0.8373018 0.7986305 0.7916589 0.7859538 0.7808310 0.7773600 0.7748895 0.7733063 0.7728063 0.7733635 0.7747203 0.7767829 0.7789657 0.7794929 0.7720508 0.7720508 0.6245323 0.5663609 0.5067390 0.4893192 0.4893192 0.4673955 0.4673955 0.4636889 0.4636889 0.4712714 0.5097269 0.5097269 0.5779274 0.5779274 0.6819881 0.6819881 0.6819881 0.6952860 0.6952860 0.6885664 0.6885664 0.6744047 0.6744047 0.6584040 0.6584040 0.6430123 0.6430123 0.6430123
0.8793749 0.8793749 0.8721774 0.8667381 0.8597165 0.8597165 0.8557258 0.8499949 0.8499949 0.8455584 0.8455584 0.8419014 0.8402840 0.8387751 0.8372282 0.8372282 0.8027107 0.7913916 0.7816255 0.7729498 0.7659221 0.7603455 0.7560693 0.7531362 0.7515360 0.7511142 0.7517738 0.7531244 0.7538680 0.7492826 0.7492826 0.6587170 0.5992334 0.5257149 0.5027729 0.5027729 0.4766113 0.4766113 0.4770702 0.4770702 0.4878195 0.5263985 0.5263985 0.5799266 0.5799266 0.6701764 0.6701764 0.6701764 0.6891662 0.6891662 0.6859570 0.6859570 0.6733056 0.6733056 0.6579139 0.6579139 0.6428310 0.6428310 0.6428310
0.8784761 0.8784761 0.8715389 0.8665370 0.8599835 0.8599835 0.8558641 0.8499960 0.8499960 0.8455493 0.8455493 0.8418982 0.8402827 0.8387744 0.8372012 0.8372012 0.8055909 0.7907470 0.7771826 0.7649850 0.7545875 0.7460261 0.7392118 0.7341061 0.7306516 0.7286988 0.7281082 0.7285696 0.7291327 0.7263840 0.7263840 0.6703325 0.6186688 0.5434076 0.5184489 0.5184489 0.4936565 0.4936565 0.5029866 0.5029866 0.5174192 0.5524446 0.5524446 0.5875428 0.5875428 0.6548035 0.6548035 0.6548035 0.6774203 0.6774203 0.6791932 0.6791932 0.6695906 0.6695906 0.6557965 0.6557965 0.6416633 0.6416633 0.6416633
0.8781306 0.8781306 0.8713075 0.8665512 0.8602589 0.8602589 0.8560125 0.8500033 0.8500033 0.8455443 0.8455443 0.8418972 0.8402825 0.8387742 0.8371585 0.8371585 0.8068224 0.7890257 0.7720370 0.7564908 0.7428659 0.7313462 0.7219396 0.7146091 0.7092831 0.7058167 0.7040408 0.7036709 0.7039816 0.7025228 0.7025228 0.6679235 0.6265841 0.5577899 0.5352421 0.5352421 0.5211678 0.5211678 0.5424513 0.5424513 0.5578082 0.5818446 0.5818446 0.5973282 0.5973282 0.6389402 0.6389402 0.6389402 0.6616229 0.6616229 0.6683908 0.6683908 0.6630982 0.6630982 0.6520249 0.6520249 0.6396332 0.6396332 0.6396332
0.8786623 0.8786623 0.8699597 0.8666534 0.8604922 0.8604922 0.8561383 0.8500066 0.8500066 0.8455375 0.8455375 0.8418965 0.8402835 0.8387758 0.8370983 0.8370983 0.8061025 0.7856307 0.7655620 0.7469302 0.7303063 0.7159691 0.7040095 0.6944262 0.6871623 0.6820942 0.6790546 0.6777850 0.6777211 0.6771244 0.6771244 0.6562701 0.6253908 0.5698468 0.5553975 0.5553975 0.5623339 0.5623339 0.5915448 0.5915448 0.6021306 0.6090432 0.6090432 0.6072522 0.6072522 0.6254078 0.6254078 0.6254078 0.6444331 0.6444331 0.6545510 0.6545510 0.6539371 0.6539371 0.6465127 0.6465127 0.6367008 0.6367008 0.6367008
0.8787573 0.8787573 0.8693323 0.8667365 0.8606445 0.8606445 0.8562232 0.8500090 0.8500090 0.8455303 0.8455303 0.8418926 0.8402808 0.8387736 0.8370089 0.8370089 0.8031424 0.7800106 0.7571041 0.7356715 0.7163412 0.6994361 0.6850944 0.6733489 0.6641665 0.6574529 0.6530639 0.6507796 0.6501693 0.6500508 0.6500508 0.6382225 0.6174033 0.5837680 0.5850298 0.5850298 0.6173755 0.6173755 0.6410823 0.6410823 0.6420766 0.6312968 0.6312968 0.6166322 0.6166322 0.6156586 0.6156586 0.6156586 0.6283075 0.6283075 0.6391755 0.6391755 0.6425594 0.6425594 0.6392716 0.6392716 0.6328016 0.6328016 0.6328016
0.8787404 0.8787404 0.8691890 0.8667650 0.8606960 0.8606960 0.8562524 0.8500109 0.8500109 0.8455290 0.8455290 0.8418921 0.8402804 0.8387733 0.8368865 0.8368865 0.7975697 0.7715755 0.7459612 0.7219977 0.7002938 0.6811566 0.6647251 0.6510413 0.6400864 0.6317917 0.6260441 0.6226699 0.6213646 0.6214494 0.6214494 0.6159125 0.6055074 0.6079273 0.6320139 0.6320139 0.6786346 0.6786346 0.6820315 0.6820315 0.6728590 0.6486117 0.6486117 0.6254024 0.6254024 0.6097989 0.6097989 0.6097989 0.6148379 0.6148379 0.6238608 0.6238608 0.6297538 0.6297538 0.6305147 0.6305147 0.6279378 0.6279378 0.6279378
0.8786127 0.8786127 0.8695569 0.8667364 0.8606474 0.8606474 0.8562251 0.8500098 0.8500098 0.8455305 0.8455305 0.8418922 0.8402800 0.8387726 0.8367179 0.8367179 0.7888162 0.7595921 0.7313114 0.7050738 0.6813670 0.6604106 0.6422912 0.6270230 0.6145786 0.6049005 0.5979021 0.5934576 0.5914032 0.5916982 0.5916982 0.5917147 0.5949405 0.6533244 0.6980476 0.6980476 0.7322166 0.7322166 0.7109025 0.7109025 0.6946418 0.6622288 0.6622288 0.6336029 0.6336029 0.6071513 0.6071513 0.6071513 0.6046506 0.6046506 0.6099466 0.6099466 0.6165640 0.6165640 0.6207184 0.6207184 0.6222579 0.6222579 0.6222579
0.8782479 0.8782479 0.8705320 0.8666525 0.8604922 0.8604922 0.8561375 0.8500064 0.8500064 0.8455362 0.8455362 0.8418936 0.8402802 0.8387724 0.8364865 0.8364865 0.7759821 0.7430530 0.7121133 0.6838855 0.6586093 0.6363363 0.6170407 0.6006675 0.5871528 0.5764295 0.5684240 0.5630577 0.5603886 0.5616699 0.5616699 0.5700511 0.5968197 0.7236329 0.7697638 0.7697638 0.7683559 0.7683559 0.7298914 0.7298914 0.7100328 0.6732625 0.6732625 0.6411282 0.6411282 0.6067570 0.6067570 0.6067570 0.5976176 0.5976176 0.5982944 0.5982944 0.6040499 0.6040499 0.6105872 0.6105872 0.6160886 0.6160886 0.6160886
0.8779528 0.8779528 0.8715906 0.8665721 0.8602769 0.8602769 0.8560222 0.8500032 0.8500032 0.8455414 0.8455414 0.8418942 0.8402798 0.8387718 0.8361698 0.8361698 0.7575966 0.7204662 0.6869463 0.6571252 0.6308420 0.6078848 0.5880557 0.5711911 0.5571622 0.5458721 0.5372455 0.5312629 0.5285411 0.5340695 0.5340695 0.5619510 0.6301806 0.8023258 0.8240670 0.8240670 0.7884356 0.7884356 0.7426361 0.7426361 0.7213181 0.6822500 0.6822500 0.6477410 0.6477410 0.6076922 0.6076922 0.6076922 0.5931902 0.5931902 0.5892567 0.5892567 0.5931130 0.5931130 0.6009611 0.6009611 0.6099316 0.6099316 0.6099316
