simulation_files/asc/Depth____000346.asc
NCOLS        79
NROWS        79
XLLCENTER         -1.500000
YLLCENTER         -4.800000
CELLSIZE           0.100
NODATA_VALUE     -9999.0
[rows 0 to 25 of 79, columns 0 to 58 of 79]
-9999.000 -9999.000 -9999.000 -9999.000 -9999.000 -9999.000 -9999.000 -9999.000 -9999.000 -9999.000 -9999.000 -9999.000 -9999.000 -9999.000 -9999.000 0.6603920 0.6607140 0.6606760 0.6605499 0.6603689 0.6601483 0.6599048 0.6596554 0.6594057 0.6591648 0.6589380 0.6587189 0.6584728 0.6580911 0.6580413 0.6580413 -9999.000 -9999.000 -9999.000 -9999.000 -9999.000 -9999.000 -9999.000 -9999.000 -9999.000 -9999.000 -9999.000 -9999.000 -9999.000 -9999.000 -9999.000 -9999.000 -9999.000 -9999.000 -9999.000 -9999.000 -9999.000 -9999.000 -9999.000 -9999.000 -9999.000 -9999.000 -9999.000 -9999.000
-9999.000 -9999.000 -9999.000 -9999.000 -9999.000 -9999.000 -9999.000 -9999.000 -9999.000 -9999.000 -9999.000 -9999.000 -9999.000 -9999.000 -9999.000 0.6621434 0.6624607 0.6624280 0.6623254 0.6621811 0.6620072 0.6618172 0.6616248 0.6614339 0.6612518 0.6610826 0.6609204 0.6607344 0.6604267 0.6604564 0.6604564 -9999.000 -9999.000 -9999.000 -9999.000 -9999.000 -9999.000 -9999.000 -9999.000 -9999.000 -9999.000 -9999.000 -9999.000 -9999.000 -9999.000 -9999.000 -9999.000 -9999.000 -9999.000 -9999.000 -9999.000 -9999.000 -9999.000 -9999.000 -9999.000 -9999.000 -9999.000 -9999.000 -9999.000
-9999.000 -9999.000 -9999.000 -9999.000 -9999.000 -9999.000 -9999.000 -9999.000 -9999.000 -9999.000 -9999.000 -9999.000 -9999.000 -9999.000 -9999.000 0.6640649 0.6644098 0.6643821 0.6642851 0.6641474 0.6639813 0.6638003 0.6636182 0.6634383 0.6632674 0.6631087 0.6629548 0.6627720 0.6624562 0.6624814 0.6624814 -9999.000 -9999.000 -9999.000 -9999.000 -9999.000 -9999.000 -9999.000 -9999.000 -9999.000 -9999.000 -9999.000 -9999.000 -9999.000 -9999.000 -9999.000 -9999.000 -9999.000 -9999.000 -9999.000 -9999.000 -9999.000 -9999.000 -9999.000 -9999.000 -9999.000 -9999.000 -9999.000 -9999.000
-9999.000 -9999.000 -9999.000 -9999.000 -9999.000 -9999.000 -9999.000 -9999.000 -9999.000 -9999.000 -9999.000 -9999.000 -9999.000 -9999.000 -9999.000 0.6660349 0.6663954 0.6663686 0.6662723 0.6661352 0.6659696 0.6657896 0.6656091 0.6654309 0.6652619 0.6651048 0.6649513 0.6647651 0.6644349 0.6644380 0.6644380 -9999.000 -9999.000 -9999.000 -9999.000 -9999.000 -9999.000 -9999.000 -9999.000 -9999.000 -9999.000 -9999.000 -9999.000 -9999.000 -9999.000 -9999.000 -9999.000 -9999.000 -9999.000 -9999.000 -9999.000 -9999.000 -9999.000 -9999.000 -9999.000 -9999.000 -9999.000 -9999.000 -9999.000
-9999.000 -9999.000 -9999.000 -9999.000 -9999.000 -9999.000 -9999.000 -9999.000 -9999.000 -9999.000 -9999.000 -9999.000 -9999.000 -9999.000 -9999.000 0.6680261 0.6683965 0.6683683 0.6682701 0.6681306 0.6679619 0.6677788 0.6675956 0.6674145 0.6672429 0.6670833 0.6669263 0.6667327 0.6663826 0.6663490 0.6663490 -9999.000 -9999.000 -9999.000 -9999.000 -9999.000 -9999.000 -9999.000 -9999.000 -9999.000 -9999.000 -9999.000 -9999.000 -9999.000 -9999.000 -9999.000 -9999.000 -9999.000 -9999.000 -9999.000 -9999.000 -9999.000 -9999.000 -9999.000 -9999.000 -9999.000 -9999.000 -9999.000 -9999.000
-9999.000 -9999.000 -9999.000 -9999.000 -9999.000 -9999.000 -9999.000 -9999.000 -9999.000 -9999.000 -9999.000 -9999.000 -9999.000 -9999.000 -9999.000 0.6700249 0.6704024 0.6703715 0.6702700 0.6701264 0.6699529 0.6697646 0.6695765 0.6693904 0.6692140 0.6690497 0.6688868 0.6686831 0.6683078 0.6682227 0.6682227 -9999.000 -9999.000 -9999.000 -9999.000 -9999.000 -9999.000 -9999.000 -9999.000 -9999.000 -9999.000 -9999.000 -9999.000 -9999.000 -9999.000 -9999.000 -9999.000 -9999.000 -9999.000 -9999.000 -9999.000 -9999.000 -9999.000 -9999.000 -9999.000 -9999.000 -9999.000 -9999.000 -9999.000
-9999.000 -9999.000 -9999.000 -9999.000 -9999.000 -9999.000 -9999.000 -9999.000 -9999.000 -9999.000 -9999.000 -9999.000 -9999.000 -9999.000 -9999.000 0.6720245 0.6724076 0.6723729 0.6722674 0.6721190 0.6719395 0.6717450 0.6715510 0.6713585 0.6711761 0.6710057 0.6708356 0.6706194 0.6702134 0.6700592 0.6700592 -9999.000 -9999.000 -9999.000 -9999.000 -9999.000 -9999.000 -9999.000 -9999.000 -9999.000 -9999.000 -9999.000 -9999.000 -9999.000 -9999.000 -9999.000 -9999.000 -9999.000 -9999.000 -9999.000 -9999.000 -9999.000 -9999.000 -9999.000 -9999.000 -9999.000 -9999.000 -9999.000 -9999.000
-9999.000 -9999.000 -9999.000 -9999.000 -9999.000 -9999.000 -9999.000 -9999.000 -9999.000 -9999.000 -9999.000 -9999.000 -9999.000 -9999.000 -9999.000 0.6740211 0.6744089 0.6743697 0.6742597 0.6741058 0.6739197 0.6737184 0.6735177 0.6733181 0.6731288 0.6729516 0.6727729 0.6725419 0.6720991 0.6718534 0.6718534 -9999.000 -9999.000 -9999.000 -9999.000 -9999.000 -9999.000 -9999.000 -9999.000 -9999.000 -9999.000 -9999.000 -9999.000 -9999.000 -9999.000 -9999.000 -9999.000 -9999.000 -9999.000 -9999.000 -9999.000 -9999.000 -9999.000 -9999.000 -9999.000 -9999.000 -9999.000 -9999.000 -9999.000
-9999.000 -9999.000 -9999.000 -9999.000 -9999.000 -9999.000 -9999.000 -9999.000 -9999.000 -9999.000 -9999.000 -9999.000 -9999.000 -9999.000 -9999.000 0.6760122 0.6764044 0.6763597 0.6762447 0.6760851 0.6758919 0.6756831 0.6754754 0.6752680 0.6750711 0.6748863 0.6746980 0.6744493 0.6739625 0.6735948 0.6735948 -9999.000 -9999.000 -9999.000 -9999.000 -9999.000 -9999.000 -9999.000 -9999.000 -9999.000 -9999.000 -9999.000 -9999.000 -9999.000 -9999.000 -9999.000 -9999.000 -9999.000 -9999.000 -9999.000 -9999.000 -9999.000 -9999.000 -9999.000 -9999.000 -9999.000 -9999.000 -9999.000 -9999.000
-9999.000 -9999.000 -9999.000 -9999.000 -9999.000 -9999.000 -9999.000 -9999.000 -9999.000 -9999.000 -9999.000 -9999.000 -9999.000 -9999.000 -9999.000 0.6779952 0.6783920 0.6783411 0.6782207 0.6780548 0.6778541 0.6776374 0.6774221 0.6772063 0.6770012 0.6768081 0.6766088 0.6763394 0.6757994 0.6752678 0.6752678 -9999.000 -9999.000 -9999.000 -9999.000 -9999.000 -9999.000 -9999.000 -9999.000 -9999.000 -9999.000 -9999.000 -9999.000 -9999.000 -9999.000 -9999.000 -9999.000 -9999.000 -9999.000 -9999.000 -9999.000 -9999.000 -9999.000 -9999.000 -9999.000 -9999.000 -9999.000 -9999.000 -9999.000
-9999.000 -9999.000 -9999.000 -9999.000 -9999.000 -9999.000 -9999.000 -9999.000 -9999.000 -9999.000 -9999.000 -9999.000 -9999.000 -9999.000 -9999.000 0.6799679 0.6803697 0.6803117 0.6801855 0.6800128 0.6798040 0.6795789 0.6793557 0.6791306 0.6789168 0.6787143 0.6785023 0.6782082 0.6776034 0.6768481 0.6768481 -9999.000 -9999.000 -9999.000 -9999.000 -9999.000 -9999.000 -9999.000 -9999.000 -9999.000 -9999.000 -9999.000 -9999.000 -9999.000 -9999.000 -9999.000 -9999.000 -9999.000 -9999.000 -9999.000 -9999.000 -9999.000 -9999.000 -9999.000 -9999.000 -9999.000 -9999.000 -9999.000 -9999.000
-9999.000 -9999.000 -9999.000 -9999.000 -9999.000 -9999.000 -9999.000 -9999.000 -9999.000 -9999.000 -9999.000 -9999.000 -9999.000 -9999.000 -9999.000 0.6819268 0.6823347 0.6822687 0.6821361 0.6819562 0.6817385 0.6815044 0.6812727 0.6810375 0.6808139 0.6806011 0.6803741 0.6800501 0.6793656 0.6782990 0.6782990 -9999.000 -9999.000 -9999.000 -9999.000 -9999.000 -9999.000 -9999.000 -9999.000 -9999.000 -9999.000 -9999.000 -9999.000 -9999.000 -9999.000 -9999.000 -9999.000 -9999.000 -9999.000 -9999.000 -9999.000 -9999.000 -9999.000 -9999.000 -9999.000 -9999.000 -9999.000 -9999.000 -9999.000
-9999.000 -9999.000 -9999.000 -9999.000 -9999.000 -9999.000 -9999.000 -9999.000 -9999.000 -9999.000 -9999.000 -9999.000 -9999.000 -9999.000 -9999.000 0.6838670 0.6842831 0.6842082 0.6840685 0.6838808 0.6836534 0.6834095 0.6831686 0.6829220 0.6826875 0.6824626 0.6822177 0.6818563 0.6810724 0.6795616 0.6795616 -9999.000 -9999.000 -9999.000 -9999.000 -9999.000 -9999.000 -9999.000 -9999.000 -9999.000 -9999.000 -9999.000 -9999.000 -9999.000 -9999.000 -9999.000 -9999.000 -9999.000 -9999.000 -9999.000 -9999.000 -9999.000 -9999.000 -9999.000 -9999.000 -9999.000 -9999.000 -9999.000 -9999.000
-9999.000 -9999.000 -9999.000 -9999.000 -9999.000 -9999.000 -9999.000 -9999.000 -9999.000 -9999.000 -9999.000 -9999.000 -9999.000 -9999.000 -9999.000 0.6857682 0.6862018 0.6861206 0.6859760 0.6857816 0.6855446 0.6852902 0.6850389 0.6847788 0.6845310 0.6842911 0.6840233 0.6836141 0.6827033 0.6805434 0.6805434 -9999.000 -9999.000 -9999.000 -9999.000 -9999.000 -9999.000 -9999.000 -9999.000 -9999.000 -9999.000 -9999.000 -9999.000 -9999.000 -9999.000 -9999.000 -9999.000 -9999.000 -9999.000 -9999.000 -9999.000 -9999.000 -9999.000 -9999.000 -9999.000 -9999.000 -9999.000 -9999.000 -9999.000
-9999.000 -9999.000 -9999.000 -9999.000 -9999.000 -9999.000 -9999.000 -9999.000 -9999.000 -9999.000 -9999.000 -9999.000 -9999.000 -9999.000 -9999.000 0.6845551 0.6873518 0.6881721 0.6882663 0.6881884 0.6879885 0.6877132 0.6874052 0.6870632 0.6867251 0.6863939 0.6860276 0.6854785 0.6842688 0.6804286 0.6804286 -9999.000 -9999.000 -9999.000 -9999.000 -9999.000 -9999.000 -9999.000 -9999.000 -9999.000 -9999.000 -9999.000 -9999.000 -9999.000 -9999.000 -9999.000 -9999.000 -9999.000 -9999.000 -9999.000 -9999.000 -9999.000 -9999.000 -9999.000 -9999.000 -9999.000 -9999.000 -9999.000 -9999.000
0.7509376 0.7509376 0.7510728 0.7373582 0.7297115 0.7297115 0.7262902 0.7211480 0.7211480 0.7169500 0.7169500 0.7134368 0.7118899 0.7104579 0.7091015 0.7091015 0.6909010 0.6897394 0.6898458 0.6905158 0.6916319 0.6932883 0.6954811 0.6977351 0.7000879 0.7022778 0.7036818 0.7027169 0.6951627 0.6648171 0.6648171 0.4612739 0.4275151 0.4089400 0.4028654 0.4028654 0.3940997 0.3940997 0.4000509 0.4000509 0.4128015 0.4648374 0.4648374 0.5659143 0.5659143 0.5999024 0.5999024 0.5999024 0.5970497 0.5970497 0.5863583 0.5863583 0.5730510 0.5730510 0.5595689 0.5595689 0.5474491 0.5474491 0.5474491
0.7482155 0.7482155 0.7500017 0.7355975 0.7289954 0.7289954 0.7253660 0.7201306 0.7201306 0.7159494 0.7159494 0.7124574 0.7109191 0.7094942 0.7081447 0.7081447 0.6922695 0.6880624 0.6844125 0.6812302 0.6786320 0.6768290 0.6759566 0.6759076 0.6767012 0.6782168 0.6801367 0.6818756 0.6809490 0.6672353 0.6672353 0.5285005 0.4765285 0.4266020 0.4130497 0.4130497 0.3987213 0.3987213 0.4035257 0.4035257 0.4153425 0.4602724 0.4602724 0.5438423 0.5438423 0.5985988 0.5985988 0.5985988 0.5971857 0.5971857 0.5867224 0.5867224 0.5734288 0.5734288 0.5600314 0.5600314 0.5479455 0.5479455 0.5479455
0.7469904 0.7469904 0.7494010 0.7352529 0.7292440 0.7292440 0.7254705 0.7200951 0.7200951 0.7158979 0.7158979 0.7124059 0.7108669 0.7094399 0.7080853 0.7080853 0.6931598 0.6861900 0.6794678 0.6733210 0.6679823 0.6636546 0.6604733 0.6584056 0.6574568 0.6575635 0.6585130 0.6598207 0.6597161 0.6513458 0.6513458 0.5614629 0.5077128 0.4442876 0.4257906 0.4257906 0.4084186 0.4084186 0.4167180 0.4167180 0.4299845 0.4696471 0.4696471 0.5319060 0.5319060 0.5927184 0.5927184 0.5927184 0.5951232 0.5951232 0.5859883 0.5859883 0.5731311 0.5731311 0.5599374 0.5599374 0.5479847 0.5479847 0.5479847
0.7462944 0.7462944 0.7484541 0.7350811 0.7294733 0.7294733 0.7256041 0.7200880 0.7200880 0.7158805 0.7158805 0.7124007 0.7108656 0.7094406 0.7080814 0.7080814 0.6933467 0.6838407 0.6742374 0.6652844 0.6573738 0.6507400 0.6455141 0.6416875 0.6392293 0.6380668 0.6380242 0.6387176 0.6388338 0.6333241 0.6333241 0.5755934 0.5275424 0.4617355 0.4417669 0.4417669 0.4268674 0.4268674 0.4415971 0.4415971 0.4555775 0.4862600 0.4862600 0.5255883 0.5255883 0.5812333 0.5812333 0.5812333 0.5887718 0.5887718 0.5826553 0.5826553 0.5712339 0.5712339 0.5587903 0.5587903 0.5473824 0.5473824 0.5473824
0.7461246 0.7461246 0.7471430 0.7350427 0.7296799 0.7296799 0.7257363 0.7200848 0.7200848 0.7158613 0.7158613 0.7123923 0.7108608 0.7094380 0.7080714 0.7080714 0.6925176 0.6806107 0.6682888 0.6566427 0.6462182 0.6373055 0.6300554 0.6244900 0.6205713 0.6182146 0.6172538 0.6173615 0.6175501 0.6141541 0.6141541 0.5770444 0.5374278 0.4773684 0.4605086 0.4605086 0.4561298 0.4561298 0.4769876 0.4769876 0.4885106 0.5055121 0.5055121 0.5237477 0.5237477 0.5664116 0.5664116 0.5664116 0.5782703 0.5782703 0.5764195 0.5764195 0.5676025 0.5676025 0.5566849 0.5566849 0.5463501 0.5463501 0.5463501
0.7468055 0.7468055 0.7452132 0.7350761 0.7298438 0.7298438 0.7258415 0.7200804 0.7200804 0.7158466 0.7158466 0.7123898 0.7108623 0.7094416 0.7080625 0.7080625 0.6904188 0.6761084 0.6612023 0.6470116 0.6341872 0.6230661 0.6138220 0.6065068 0.6010976 0.5975155 0.5956103 0.5951023 0.5952441 0.5934177 0.5934177 0.5700160 0.5395754 0.4928447 0.4847803 0.4847803 0.4971301 0.4971301 0.5174252 0.5174252 0.5225000 0.5237656 0.5237656 0.5252650 0.5252650 0.5515407 0.5515407 0.5515407 0.5650491 0.5650491 0.5674687 0.5674687 0.5621319 0.5621319 0.5535614 0.5535614 0.5449153 0.5449153 0.5449153
0.7470133 0.7470133 0.7442025 0.7351221 0.7299536 0.7299536 0.7259138 0.7200792 0.7200792 0.7158359 0.7158359 0.7123861 0.7108612 0.7094418 0.7080447 0.7080447 0.6867607 0.6699099 0.6525012 0.6359270 0.6208724 0.6076897 0.5965604 0.5875537 0.5806644 0.5758306 0.5729274 0.5717251 0.5716699 0.5709655 0.5709655 0.5570707 0.5363026 0.5131816 0.5199809 0.5199809 0.5465457 0.5465457 0.5553036 0.5553036 0.5519468 0.5393919 0.5393919 0.5290475 0.5290475 0.5390821 0.5390821 0.5390821 0.5510326 0.5510326 0.5564787 0.5564787 0.5548849 0.5548849 0.5493513 0.5493513 0.5430410 0.5430410 0.5430410
0.7470822 0.7470822 0.7438685 0.7351388 0.7299909 0.7299909 0.7259387 0.7200788 0.7200788 0.7158321 0.7158321 0.7123848 0.7108608 0.7094418 0.7080186 0.7080186 0.6811731 0.6615250 0.6416366 0.6228371 0.6057646 0.5907399 0.5779227 0.5673773 0.5591057 0.5530622 0.5491489 0.5471895 0.5467995 0.5469044 0.5469044 0.5402199 0.5308846 0.5464001 0.5698985 0.5698985 0.5953380 0.5953380 0.5852587 0.5852587 0.5746946 0.5524274 0.5524274 0.5342218 0.5342218 0.5301195 0.5301195 0.5301195 0.5379695 0.5379695 0.5444812 0.5444812 0.5461833 0.5461833 0.5440849 0.5440849 0.5407022 0.5407022 0.5407022
0.7470133 0.7470133 0.7442024 0.7351221 0.7299535 0.7299535 0.7259138 0.7200792 0.7200792 0.7158359 0.7158359 0.7123861 0.7108612 0.7094418 0.7079811 0.7079811 0.6731194 0.6503213 0.6279318 0.6070707 0.5882387 0.5716647 0.5574479 0.5456187 0.5361667 0.5290512 0.5241976 0.5214804 0.5206936 0.5216072 0.5216072 0.5220255 0.5296878 0.5987374 0.6293596 0.6293596 0.6337366 0.6337366 0.6066937 0.6066937 0.5916227 0.5634223 0.5634223 0.5400454 0.5400454 0.5245779 0.5245779 0.5245779 0.5270073 0.5270073 0.5326182 0.5326182 0.5366172 0.5366172 0.5379584 0.5379584 0.5379324 0.5379324 0.5379324
0.7468055 0.7468055 0.7452132 0.7350762 0.7298437 0.7298437 0.7258416 0.7200804 0.7200804 0.7158465 0.7158465 0.7123898 0.7108625 0.7094415 0.7079283 0.7079283 0.6617820 0.6354207 0.6105064 0.5877869 0.5675217 0.5497785 0.5345499 0.5217991 0.5114799 0.5035408 0.4979196 0.4945408 0.4934683 0.4960441 0.4960441 0.5077831 0.5452033 0.6644357 0.6826117 0.6826117 0.6586630 0.6586630 0.6218352 0.6218352 0.6044790 0.5727663 0.5727663 0.5458993 0.5458993 0.5217658 0.5217658 0.5217658 0.5186081 0.5186081 0.5218863 0.5218863 0.5269658 0.5269658 0.5313672 0.5313672 0.5348690 0.5348690 0.5348690
0.7461245 0.7461245 0.7471430 0.7350426 0.7296798 0.7296798 0.7257365 0.7200847 0.7200847 0.7158613 0.7158613 0.7123922 0.7108610 0.7094380 0.7078513 0.7078513 0.6458567 0.6155249 0.5881432 0.5638816 0.5426321 0.5242239 0.5084925 0.4953020 0.4845476 0.4761510 0.4700496 0.4662358 0.4654356 0.4732647 0.4732647 0.5102249 0.5936726 0.7219884 0.7159205 0.7159205 0.6737359 0.6737359 0.6328800 0.6328800 0.6144834 0.5805505 0.5805505 0.5512844 0.5512844 0.5208200 0.5208200 0.5208200 0.5126909 0.5126909 0.5129636 0.5129636 0.5180517 0.5180517 0.5248703 0.5248703 0.5317603 0.5317603 0.5317603
