simulation_files/asc/Depth____000256.asc
NCOLS        79
NROWS        79
XLLCENTER         -1.500000
YLLCENTER         -4.800000
CELLSIZE           0.100
NODATA_VALUE     -9999.0
[rows 0 to 25 of 79, columns 0 to 58 of 79]
-9999.000 -9999.000 -9999.000 -9999.000 -9999.000 -9999.000 -9999.000 -9999.000 -9999.000 -9999.000 -9999.000 -9999.000 -9999.000 -9999.000 -9999.000 0.7356821 0.7362052 0.7364125 0.7364113 0.7362182 0.7359410 0.7356308 0.7353084 0.7350026 0.7347137 0.7344468 0.7342010 0.7339469 0.7335745 0.7335400 0.7335400 -9999.000 -9999.000 -9999.000 -9999.000 -9999.000 -9999.000 -9999.000 -9999.000 -9999.000 -9999.000 -9999.000 -9999.000 -9999.000 -9999.000 -9999.000 -9999.000 -9999.000 -9999.000 -9999.000 -9999.000 -9999.000 -9999.000 -9999.000 -9999.000 -9999.000 -9999.000 -9999.000 -9999.000
-9999.000 -9999.000 -9999.000 -9999.000 -9999.000 -9999.000 -9999.000 -9999.000 -9999.000 -9999.000 -9999.000 -9999.000 -9999.000 -9999.000 -9999.000 0.7374821 0.7379566 0.7381252 0.7381229 0.7379656 0.7377455 0.7375039 0.7372566 0.7370263 0.7368115 0.7366155 0.7364365 0.7362480 0.7359518 0.7360045 0.7360045 -9999.000 -9999.000 -9999.000 -9999.000 -9999.000 -9999.000 -9999.000 -9999.000 -9999.000 -9999.000 -9999.000 -9999.000 -9999.000 -9999.000 -9999.000 -9999.000 -9999.000 -9999.000 -9999.000 -9999.000 -9999.000 -9999.000 -9999.000 -9999.000 -9999.000 -9999.000 -9999.000 -9999.000
-9999.000 -9999.000 -9999.000 -9999.000 -9999.000 -9999.000 -9999.000 -9999.000 -9999.000 -9999.000 -9999.000 -9999.000 -9999.000 -9999.000 -9999.000 0.7393906 0.7399017 0.7400822 0.7400884 0.7399366 0.7397221 0.7394875 0.7392483 0.7390278 0.7388230 0.7386366 0.7384655 0.7382808 0.7379787 0.7380273 0.7380273 -9999.000 -9999.000 -9999.000 -9999.000 -9999.000 -9999.000 -9999.000 -9999.000 -9999.000 -9999.000 -9999.000 -9999.000 -9999.000 -9999.000 -9999.000 -9999.000 -9999.000 -9999.000 -9999.000 -9999.000 -9999.000 -9999.000 -9999.000 -9999.000 -9999.000 -9999.000 -9999.000 -9999.000
-9999.000 -9999.000 -9999.000 -9999.000 -9999.000 -9999.000 -9999.000 -9999.000 -9999.000 -9999.000 -9999.000 -9999.000 -9999.000 -9999.000 -9999.000 0.7413504 0.7418849 0.7420717 0.7420805 0.7419273 0.7417114 0.7414759 0.7412362 0.7410164 0.7408122 0.7406265 0.7404554 0.7402679 0.7399537 0.7399808 0.7399808 -9999.000 -9999.000 -9999.000 -9999.000 -9999.000 -9999.000 -9999.000 -9999.000 -9999.000 -9999.000 -9999.000 -9999.000 -9999.000 -9999.000 -9999.000 -9999.000 -9999.000 -9999.000 -9999.000 -9999.000 -9999.000 -9999.000 -9999.000 -9999.000 -9999.000 -9999.000 -9999.000 -9999.000
-9999.000 -9999.000 -9999.000 -9999.000 -9999.000 -9999.000 -9999.000 -9999.000 -9999.000 -9999.000 -9999.000 -9999.000 -9999.000 -9999.000 -9999.000 0.7433298 0.7438825 0.7440733 0.7440814 0.7439237 0.7437028 0.7434627 0.7432183 0.7429953 0.7427878 0.7425987 0.7424240 0.7422302 0.7418990 0.7418905 0.7418905 -9999.000 -9999.000 -9999.000 -9999.000 -9999.000 -9999.000 -9999.000 -9999.000 -9999.000 -9999.000 -9999.000 -9999.000 -9999.000 -9999.000 -9999.000 -9999.000 -9999.000 -9999.000 -9999.000 -9999.000 -9999.000 -9999.000 -9999.000 -9999.000 -9999.000 -9999.000 -9999.000 -9999.000
-9999.000 -9999.000 -9999.000 -9999.000 -9999.000 -9999.000 -9999.000 -9999.000 -9999.000 -9999.000 -9999.000 -9999.000 -9999.000 -9999.000 -9999.000 0.7453154 0.7458839 0.7460770 0.7460829 0.7459185 0.7456909 0.7454446 0.7451938 0.7449659 0.7447529 0.7445588 0.7443786 0.7441761 0.7438236 0.7437659 0.7437659 -9999.000 -9999.000 -9999.000 -9999.000 -9999.000 -9999.000 -9999.000 -9999.000 -9999.000 -9999.000 -9999.000 -9999.000 -9999.000 -9999.000 -9999.000 -9999.000 -9999.000 -9999.000 -9999.000 -9999.000 -9999.000 -9999.000 -9999.000 -9999.000 -9999.000 -9999.000 -9999.000 -9999.000
-9999.000 -9999.000 -9999.000 -9999.000 -9999.000 -9999.000 -9999.000 -9999.000 -9999.000 -9999.000 -9999.000 -9999.000 -9999.000 -9999.000 -9999.000 0.7473013 0.7478843 0.7480782 0.7480807 0.7479084 0.7476732 0.7474198 0.7471616 0.7469280 0.7467088 0.7465083 0.7463216 0.7461088 0.7457304 0.7456074 0.7456074 -9999.000 -9999.000 -9999.000 -9999.000 -9999.000 -9999.000 -9999.000 -9999.000 -9999.000 -9999.000 -9999.000 -9999.000 -9999.000 -9999.000 -9999.000 -9999.000 -9999.000 -9999.000 -9999.000 -9999.000 -9999.000 -9999.000 -9999.000 -9999.000 -9999.000 -9999.000 -9999.000 -9999.000
-9999.000 -9999.000 -9999.000 -9999.000 -9999.000 -9999.000 -9999.000 -9999.000 -9999.000 -9999.000 -9999.000 -9999.000 -9999.000 -9999.000 -9999.000 0.7492843 0.7498810 0.7500746 0.7500724 0.7498909 0.7496475 0.7493865 0.7491205 0.7488810 0.7486548 0.7484475 0.7482532 0.7480283 0.7476192 0.7474108 0.7474108 -9999.000 -9999.000 -9999.000 -9999.000 -9999.000 -9999.000 -9999.000 -9999.000 -9999.000 -9999.000 -9999.000 -9999.000 -9999.000 -9999.000 -9999.000 -9999.000 -9999.000 -9999.000 -9999.000 -9999.000 -9999.000 -9999.000 -9999.000 -9999.000 -9999.000 -9999.000 -9999.000 -9999.000
-9999.000 -9999.000 -9999.000 -9999.000 -9999.000 -9999.000 -9999.000 -9999.000 -9999.000 -9999.000 -9999.000 -9999.000 -9999.000 -9999.000 -9999.000 0.7512625 0.7518725 0.7520643 0.7520562 0.7518644 0.7516123 0.7513435 0.7510692 0.7508238 0.7505901 0.7503754 0.7501729 0.7499338 0.7494881 0.7491674 0.7491674 -9999.000 -9999.000 -9999.000 -9999.000 -9999.000 -9999.000 -9999.000 -9999.000 -9999.000 -9999.000 -9999.000 -9999.000 -9999.000 -9999.000 -9999.000 -9999.000 -9999.000 -9999.000 -9999.000 -9999.000 -9999.000 -9999.000 -9999.000 -9999.000 -9999.000 -9999.000 -9999.000 -9999.000
-9999.000 -9999.000 -9999.000 -9999.000 -9999.000 -9999.000 -9999.000 -9999.000 -9999.000 -9999.000 -9999.000 -9999.000 -9999.000 -9999.000 -9999.000 0.7532346 0.7538574 0.7540458 0.7540305 0.7538272 0.7535657 0.7532887 0.7530057 0.7527546 0.7525130 0.7522903 0.7520787 0.7518234 0.7513340 0.7508646 0.7508646 -9999.000 -9999.000 -9999.000 -9999.000 -9999.000 -9999.000 -9999.000 -9999.000 -9999.000 -9999.000 -9999.000 -9999.000 -9999.000 -9999.000 -9999.000 -9999.000 -9999.000 -9999.000 -9999.000 -9999.000 -9999.000 -9999.000 -9999.000 -9999.000 -9999.000 -9999.000 -9999.000 -9999.000
-9999.000 -9999.000 -9999.000 -9999.000 -9999.000 -9999.000 -9999.000 -9999.000 -9999.000 -9999.000 -9999.000 -9999.000 -9999.000 -9999.000 -9999.000 0.7551985 0.7558339 0.7560173 0.7559933 0.7557768 0.7555053 0.7552199 0.7549279 0.7546712 0.7544211 0.7541899 0.7539681 0.7536938 0.7531520 0.7524831 0.7524831 -9999.000 -9999.000 -9999.000 -9999.000 -9999.000 -9999.000 -9999.000 -9999.000 -9999.000 -9999.000 -9999.000 -9999.000 -9999.000 -9999.000 -9999.000 -9999.000 -9999.000 -9999.000 -9999.000 -9999.000 -9999.000 -9999.000 -9999.000 -9999.000 -9999.000 -9999.000 -9999.000 -9999.000
-9999.000 -9999.000 -9999.000 -9999.000 -9999.000 -9999.000 -9999.000 -9999.000 -9999.000 -9999.000 -9999.000 -9999.000 -9999.000 -9999.000 -9999.000 0.7571520 0.7578000 0.7579764 0.7579420 0.7577105 0.7574285 0.7571344 0.7568328 0.7565705 0.7563113 0.7560709 0.7558377 0.7555407 0.7549353 0.7539945 0.7539945 -9999.000 -9999.000 -9999.000 -9999.000 -9999.000 -9999.000 -9999.000 -9999.000 -9999.000 -9999.000 -9999.000 -9999.000 -9999.000 -9999.000 -9999.000 -9999.000 -9999.000 -9999.000 -9999.000 -9999.000 -9999.000 -9999.000 -9999.000 -9999.000 -9999.000 -9999.000 -9999.000 -9999.000
-9999.000 -9999.000 -9999.000 -9999.000 -9999.000 -9999.000 -9999.000 -9999.000 -9999.000 -9999.000 -9999.000 -9999.000 -9999.000 -9999.000 -9999.000 0.7590882 0.7597499 0.7599180 0.7598729 0.7596253 0.7593321 0.7590289 0.7587171 0.7584495 0.7581799 0.7579291 0.7576827 0.7573581 0.7566745 0.7553554 0.7553554 -9999.000 -9999.000 -9999.000 -9999.000 -9999.000 -9999.000 -9999.000 -9999.000 -9999.000 -9999.000 -9999.000 -9999.000 -9999.000 -9999.000 -9999.000 -9999.000 -9999.000 -9999.000 -9999.000 -9999.000 -9999.000 -9999.000 -9999.000 -9999.000 -9999.000 -9999.000 -9999.000 -9999.000
-9999.000 -9999.000 -9999.000 -9999.000 -9999.000 -9999.000 -9999.000 -9999.000 -9999.000 -9999.000 -9999.000 -9999.000 -9999.000 -9999.000 -9999.000 0.7608089 0.7615359 0.7617617 0.7617914 0.7615610 0.7612586 0.7609448 0.7606183 0.7603410 0.7600543 0.7597870 0.7595206 0.7591587 0.7583751 0.7565203 0.7565203 -9999.000 -9999.000 -9999.000 -9999.000 -9999.000 -9999.000 -9999.000 -9999.000 -9999.000 -9999.000 -9999.000 -9999.000 -9999.000 -9999.000 -9999.000 -9999.000 -9999.000 -9999.000 -9999.000 -9999.000 -9999.000 -9999.000 -9999.000 -9999.000 -9999.000 -9999.000 -9999.000 -9999.000
-9999.000 -9999.000 -9999.000 -9999.000 -9999.000 -9999.000 -9999.000 -9999.000 -9999.000 -9999.000 -9999.000 -9999.000 -9999.000 -9999.000 -9999.000 0.7509525 0.7592322 0.7636786 0.7662660 0.7664991 0.7657172 0.7649221 0.7641420 0.7634764 0.7628531 0.7623065 0.7618054 0.7612149 0.7600978 0.7567247 0.7567247 -9999.000 -9999.000 -9999.000 -9999.000 -9999.000 -9999.000 -9999.000 -9999.000 -9999.000 -9999.000 -9999.000 -9999.000 -9999.000 -9999.000 -9999.000 -9999.000 -9999.000 -9999.000 -9999.000 -9999.000 -9999.000 -9999.000 -9999.000 -9999.000 -9999.000 -9999.000 -9999.000 -9999.000
0.8500700 0.8500700 0.8443653 0.8350495 0.8269510 0.8269510 0.8235273 0.8182095 0.8182095 0.8138542 0.8138542 0.8101997 0.8085755 0.8070597 0.8055489 0.8055489 0.7672236 0.7657843 0.7643413 0.7637668 0.7650887 0.7668993 0.7690161 0.7720532 0.7748706 0.7776272 0.7798970 0.7802644 0.7745020 0.7460607 0.7460607 0.5302794 0.4912330 0.4665799 0.4581895 0.4581895 0.4443758 0.4443758 0.4434691 0.4434691 0.4525823 0.4977169 0.4977169 0.5877315 0.5877315 0.6683486 0.6683486 0.6683486 0.6723554 0.6723554 0.6629214 0.6629214 0.6483581 0.6483581 0.6327189 0.6327189 0.6180350 0.6180350 0.6180350
0.8471094 0.8471094 0.8429960 0.8331422 0.8261302 0.8261302 0.8224812 0.8170829 0.8170829 0.8127449 0.8127449 0.8091083 0.8074915 0.8059823 0.8044795 0.8044795 0.7714487 0.7651843 0.7598237 0.7553104 0.7520937 0.7497725 0.7483208 0.7480438 0.7485971 0.7499902 0.7520344 0.7540919 0.7543616 0.7455189 0.7455189 0.6002116 0.5436118 0.4864102 0.4699378 0.4699378 0.4498426 0.4498426 0.4482244 0.4482244 0.4568900 0.4970556 0.4970556 0.5694947 0.5694947 0.6621054 0.6621054 0.6621054 0.6709744 0.6709744 0.6628839 0.6628839 0.6487527 0.6487527 0.6333348 0.6333348 0.6187428 0.6187428 0.6187428
0.8457449 0.8457449 0.8423386 0.8327928 0.8264022 0.8264022 0.8225752 0.8170375 0.8170375 0.8126884 0.8126884 0.8090543 0.8074365 0.8059258 0.8044096 0.8044096 0.7747279 0.7644953 0.7553959 0.7474043 0.7408443 0.7355874 0.7315584 0.7288985 0.7274396 0.7271365 0.7278723 0.7292104 0.7298070 0.7244133 0.7244133 0.6341353 0.5760591 0.5050411 0.4831872 0.4831872 0.4591778 0.4591778 0.4616780 0.4616780 0.4731568 0.5120947 0.5120947 0.5672489 0.5672489 0.6516268 0.6516268 0.6516268 0.6659994 0.6659994 0.6608480 0.6608480 0.6479124 0.6479124 0.6329706 0.6329706 0.6186308 0.6186308 0.6186308
0.8449090 0.8449090 0.8413783 0.8326227 0.8266569 0.8266569 0.8227046 0.8170310 0.8170310 0.8126763 0.8126763 0.8090523 0.8074369 0.8059272 0.8043901 0.8043901 0.7769468 0.7634172 0.7507827 0.7394141 0.7296755 0.7216169 0.7151933 0.7104408 0.7072354 0.7054716 0.7050162 0.7055335 0.7060295 0.7027145 0.7027145 0.6463698 0.5955911 0.5226401 0.4988923 0.4988923 0.4765913 0.4765913 0.4875283 0.4875283 0.5019979 0.5359051 0.5359051 0.5712687 0.5712687 0.6367961 0.6367961 0.6367961 0.6556160 0.6556160 0.6550573 0.6550573 0.6447352 0.6447352 0.6311426 0.6311426 0.6176307 0.6176307 0.6176307
0.8445922 0.8445922 0.8400964 0.8325840 0.8268809 0.8268809 0.8228294 0.8170240 0.8170240 0.8126599 0.8126599 0.8090448 0.8074320 0.8059238 0.8043545 0.8043545 0.7776812 0.7613233 0.7454592 0.7308885 0.7180885 0.7072442 0.6983833 0.6915177 0.6865537 0.6833641 0.6817909 0.6815392 0.6818498 0.6800093 0.6800093 0.6449090 0.6039945 0.5372792 0.5161079 0.5161079 0.5046536 0.5046536 0.5262719 0.5262719 0.5407255 0.5627458 0.5627458 0.5782088 0.5782088 0.6207421 0.6207421 0.6207421 0.6410269 0.6410269 0.6454743 0.6454743 0.6390526 0.6390526 0.6278519 0.6278519 0.6158901 0.6158901 0.6158901
0.8450963 0.8450963 0.8382301 0.8326185 0.8270603 0.8270603 0.8229334 0.8170226 0.8170226 0.8126537 0.8126537 0.8090486 0.8074378 0.8059302 0.8043120 0.8043120 0.7766370 0.7576670 0.7388535 0.7213226 0.7056609 0.6921468 0.6808776 0.6718801 0.6650933 0.6604028 0.6576491 0.6565709 0.6565803 0.6557578 0.6557578 0.6343859 0.6036162 0.5500931 0.5372453 0.5372453 0.5460702 0.5460702 0.5733756 0.5733756 0.5824718 0.5875810 0.5875810 0.5861125 0.5861125 0.6065552 0.6065552 0.6065552 0.6246366 0.6246366 0.6328677 0.6328677 0.6308964 0.6308964 0.6230109 0.6230109 0.6133852 0.6133852 0.6133852
0.8452108 0.8452108 0.8372705 0.8326615 0.8271771 0.8271771 0.8230023 0.8170211 0.8170211 0.8126469 0.8126469 0.8090478 0.8074385 0.8059314 0.8042445 0.8042445 0.7735203 0.7519213 0.7303586 0.7101263 0.6918678 0.6759053 0.6623780 0.6513321 0.6427367 0.6365023 0.6324897 0.6304792 0.6300237 0.6298195 0.6298195 0.6175748 0.5967516 0.5654953 0.5683844 0.5683844 0.6001150 0.6001150 0.6199493 0.6199493 0.6196151 0.6080332 0.6080332 0.5941567 0.5941567 0.5959632 0.5959632 0.5959632 0.6088344 0.6088344 0.6185301 0.6185301 0.6205994 0.6205994 0.6165975 0.6165975 0.6100530 0.6100530 0.6100530
0.8452479 0.8452479 0.8369539 0.8326769 0.8272167 0.8272167 0.8230261 0.8170206 0.8170206 0.8126445 0.8126445 0.8090476 0.8074389 0.8059318 0.8041490 0.8041490 0.7679578 0.7435189 0.7193104 0.6966227 0.6760732 0.6579695 0.6424494 0.6295610 0.6192885 0.6115662 0.6062835 0.6032677 0.6022024 0.6023322 0.6023322 0.5965686 0.5863442 0.5919343 0.6165953 0.6165953 0.6584914 0.6584914 0.6578999 0.6578999 0.6481349 0.6241583 0.6241583 0.6020641 0.6020641 0.5892720 0.5892720 0.5892720 0.5952984 0.5952984 0.6039389 0.6039389 0.6088271 0.6088271 0.6087686 0.6087686 0.6058853 0.6058853 0.6058853
0.8452097 0.8452097 0.8372684 0.8326621 0.8271774 0.8271774 0.8230024 0.8170210 0.8170210 0.8126470 0.8126470 0.8090479 0.8074387 0.8059316 0.8040161 0.8040161 0.7593894 0.7317505 0.7049239 0.6800169 0.6575218 0.6376612 0.6205208 0.6061184 0.5944300 0.5854001 0.5789438 0.5749358 0.5732042 0.5736682 0.5736682 0.5737633 0.5778590 0.6395614 0.6818122 0.6818122 0.7080728 0.7080728 0.6846185 0.6846185 0.6685085 0.6370609 0.6370609 0.6097047 0.6097047 0.5859113 0.5859113 0.5859113 0.5848082 0.5848082 0.5904176 0.5904176 0.5964935 0.5964935 0.5999203 0.5999203 0.6009975 0.6009975 0.6009975
0.8450941 0.8450941 0.8382246 0.8326195 0.8270609 0.8270609 0.8229334 0.8170223 0.8170223 0.8126537 0.8126537 0.8090489 0.8074381 0.8059305 0.8038320 0.8038320 0.7469378 0.7156399 0.6861960 0.6593356 0.6353050 0.6141611 0.5958815 0.5804155 0.5677032 0.5576801 0.5502747 0.5454080 0.5431337 0.5447088 0.5447088 0.5537398 0.5827991 0.7098205 0.7494738 0.7494738 0.7409328 0.7409328 0.7024645 0.7024645 0.6831557 0.6476511 0.6476511 0.6168374 0.6168374 0.5849430 0.5849430 0.5849430 0.5773737 0.5773737 0.5788851 0.5788851 0.5846231 0.5846231 0.5906750 0.5906750 0.5956584 0.5956584 0.5956584
0.8445891 0.8445891 0.8400851 0.8325852 0.8268809 0.8268809 0.8228289 0.8170235 0.8170235 0.8126598 0.8126598 0.8090451 0.8074321 0.8059241 0.8035738 0.8035738 0.7291720 0.6937426 0.6617560 0.6333207 0.6082909 0.5864663 0.5676582 0.5517099 0.5384989 0.5279327 0.5199378 0.5144967 0.5122240 0.5181963 0.5181963 0.5478967 0.6198928 0.7843758 0.7981143 0.7981143 0.7594130 0.7594130 0.7147082 0.7147082 0.6940618 0.6563426 0.6563426 0.6231628 0.6231628 0.5854397 0.5854397 0.5854397 0.5725496 0.5725496 0.5697913 0.5697913 0.5741112 0.5741112 0.5818087 0.5818087 0.5903050 0.5903050 0.5903050
