simulation_files/asc/Depth____460.0.asc
NCOLS       216
NROWS       273
XLLCENTER        494.688995
YLLCENTER        787.867981
CELLSIZE           0.500
NODATA_VALUE     -9999.0
[rows 162 to 188 of 273, columns 118 to 176 of 216]
2.059769 2.735761 2.933234 2.970618 2.982123 2.992473 2.771988 2.195329 1.570719 0.6452410 0.1794739 0.1039562 0.1364126 0.1732690 0.1564103 0.1473501 0.1758180 0.1931220 0.2178074 0.2293563 0.2220947 0.1713484 0.1287335 0.1335897 0.1626469 0.1690988 0.1325415 0.9363963E-01 -9999.000 -9999.000 -9999.000 -9999.000 -9999.000 -9999.000 -9999.000 -9999.000 -9999.000 -9999.000 -9999.000 -9999.000 -9999.000 -9999.000 -9999.000 -9999.000 -9999.000 -9999.000 -9999.000 -9999.000 -9999.000 -9999.000 -9999.000 -9999.000 -9999.000 -9999.000 -9999.000 -9999.000 -9999.000 -9999.000 -9999.000
1.721738 2.642221 2.925727 2.960174 2.961637 2.554131 1.749192 1.053337 0.5071823 0.1812597 0.1709385 0.1462249 0.1504609 0.1371106 0.1561696 0.1694085 0.1770324 0.1808658 0.2179935 0.2483200 0.2388496 0.1715437 0.1356165 0.1429063 0.1836596 0.1984370 0.1738778 0.1272440 0.6809638E-01 -9999.000 -9999.000 -9999.000 -9999.000 -9999.000 -9999.000 -9999.000 -9999.000 -9999.000 -9999.000 -9999.000 -9999.000 -9999.000 -9999.000 -9999.000 -9999.000 -9999.000 -9999.000 -9999.000 -9999.000 -9999.000 -9999.000 -9999.000 -9999.000 -9999.000 -9999.000 -9999.000 -9999.000 -9999.000 -9999.000
1.161130 2.213551 2.804882 2.947670 2.524618 1.567041 0.5176773 0.1798076 0.1474732 0.1205489 0.1462632 0.1295091 0.1199642 0.1061090 0.1357963 0.1605628 0.1607167 0.1678367 0.1956039 0.2278934 0.2126357 0.1489516 0.1250229 0.1448791 0.1922563 0.2005625 0.1621913 0.1238002 0.6506669E-01 -9999.000 -9999.000 -9999.000 -9999.000 -9999.000 -9999.000 -9999.000 -9999.000 -9999.000 -9999.000 -9999.000 -9999.000 -9999.000 -9999.000 -9999.000 -9999.000 -9999.000 -9999.000 -9999.000 -9999.000 -9999.000 -9999.000 -9999.000 -9999.000 -9999.000 -9999.000 -9999.000 -9999.000 -9999.000 -9999.000
0.2251689 1.358526 2.363849 2.464010 1.530346 0.5102720 0.1411906 0.1600765 0.1328012 0.1024256 0.8989843E-01 0.8965296E-01 0.1023320 0.9669480E-01 0.1266775 0.1566291 0.1716801 0.1946947 0.2214978 0.2373225 0.1745887 0.1302410 0.1193876 0.1385810 0.1843152 0.1847761 0.1549495 0.1147466 0.7337809E-01 0.3433595E-01 -9999.000 -9999.000 -9999.000 -9999.000 -9999.000 -9999.000 -9999.000 -9999.000 -9999.000 -9999.000 -9999.000 -9999.000 -9999.000 -9999.000 -9999.000 -9999.000 -9999.000 -9999.000 -9999.000 -9999.000 -9999.000 -9999.000 -9999.000 -9999.000 -9999.000 -9999.000 -9999.000 -9999.000 -9999.000
-9999.000 0.6769932 1.421056 1.261090 0.5567228 0.1531181 0.1890707 0.1692158 0.1562672 0.1254107 0.8683195E-01 0.8220051E-01 0.9120294E-01 0.8344644E-01 0.1332420 0.1926010 0.2293093 0.2570656 0.2795702 0.2246850 0.1411225 0.1500734 0.1482436 0.1611682 0.1877238 0.1860685 0.1620971 0.1398234 0.1104883 0.6208082E-01 -9999.000 -9999.000 0.1836429E-01 -9999.000 -9999.000 -9999.000 -9999.000 -9999.000 -9999.000 -9999.000 -9999.000 -9999.000 -9999.000 -9999.000 -9999.000 -9999.000 -9999.000 -9999.000 -9999.000 -9999.000 -9999.000 -9999.000 -9999.000 -9999.000 -9999.000 -9999.000 -9999.000 -9999.000 -9999.000
-9999.000 -9999.000 -9999.000 0.3424628 0.1973578 0.2274644 0.1990525 0.1901628 0.1945751 0.1665783 0.1387157 0.1235103 0.1077482 0.9818777E-01 0.1581448 0.2422394 0.2596658 0.2666413 0.2563291 0.1696210 0.1055481 0.1587430 0.1708683 0.1878023 0.1924639 0.1484393 0.1380951 0.1428082 0.1367407 0.9199794E-01 -9999.000 -9999.000 -9999.000 -9999.000 -9999.000 -9999.000 -9999.000 -9999.000 -9999.000 -9999.000 -9999.000 -9999.000 -9999.000 -9999.000 -9999.000 -9999.000 -9999.000 -9999.000 -9999.000 -9999.000 -9999.000 -9999.000 -9999.000 -9999.000 -9999.000 -9999.000 -9999.000 -9999.000 -9999.000
-9999.000 -9999.000 -9999.000 0.1219891 0.2283415 0.2289347 0.2272398 0.2344235 0.2381977 0.2198847 0.2037851 0.1871513 0.1559554 0.1289171 0.1576205 0.2039351 0.2184419 0.2115648 0.1749364 0.1550944 0.1169689 0.1513091 0.1760086 0.1961949 0.1872007 0.1276542 0.1129111 0.1410366 0.1534080 0.1299337 0.7274863E-01 0.3904077E-01 0.3413452E-01 0.2849059E-01 -9999.000 -9999.000 -9999.000 -9999.000 -9999.000 -9999.000 -9999.000 -9999.000 -9999.000 -9999.000 -9999.000 -9999.000 -9999.000 -9999.000 -9999.000 -9999.000 -9999.000 -9999.000 -9999.000 -9999.000 -9999.000 -9999.000 -9999.000 -9999.000 -9999.000
-9999.000 -9999.000 -9999.000 0.1205643 0.1477890 0.1832601 0.2358519 0.2626154 0.2418654 0.2172050 0.2124864 0.2132169 0.1769327 0.1300264 0.1170273 0.1034723 0.1423061 0.1319550 0.1560911 0.1963821 0.1588577 0.1830524 0.2168466 0.2483721 0.2404328 0.1712930 0.1335619 0.1436018 0.1585287 0.1515079 0.1000894 0.6161742E-01 0.5186920E-01 0.3510644E-01 -9999.000 -9999.000 -9999.000 -9999.000 -9999.000 -9999.000 -9999.000 -9999.000 -9999.000 -9999.000 -9999.000 -9999.000 -9999.000 -9999.000 -9999.000 -9999.000 -9999.000 -9999.000 -9999.000 -9999.000 -9999.000 -9999.000 -9999.000 -9999.000 -9999.000
-9999.000 -9999.000 -9999.000 0.6645013E-01 0.9627589E-01 0.1620378 0.2315843 0.2474250 0.2370404 0.2244746 0.2035380 0.1666231 0.1127479 0.9618596E-01 0.1068900 0.1311199 0.1516096 0.1420560 0.1657703 0.1806610 0.1561396 0.1979669 0.2700371 0.3154448 0.2953310 0.2066775 0.1489253 0.1533363 0.1661238 0.1776244 0.1319272 0.9531261E-01 0.8510329E-01 0.6537112E-01 0.3968292E-01 -9999.000 -9999.000 -9999.000 -9999.000 -9999.000 -9999.000 -9999.000 -9999.000 -9999.000 -9999.000 -9999.000 -9999.000 -9999.000 -9999.000 -9999.000 -9999.000 -9999.000 -9999.000 -9999.000 -9999.000 -9999.000 -9999.000 -9999.000 -9999.000
-9999.000 -9999.000 -9999.000 -9999.000 -9999.000 0.1038064 0.1659772 0.2090166 0.2346868 0.2554428 0.1956850 0.1085362 0.6749690E-01 0.6013126E-01 0.1046188 0.1764409 0.2138389 0.2326693 0.1873014 0.1170937 0.9575094E-01 0.1746792 0.2893764 0.3305764 0.2760081 0.1958181 0.1635603 0.1836440 0.2064180 0.2094451 0.1647859 0.1362392 0.1408092 0.1231686 0.9551836E-01 0.8065478E-01 0.7046729E-01 0.5377949E-01 -9999.000 -9999.000 -9999.000 -9999.000 -9999.000 -9999.000 -9999.000 -9999.000 -9999.000 -9999.000 -9999.000 -9999.000 -9999.000 -9999.000 -9999.000 -9999.000 -9999.000 -9999.000 -9999.000 -9999.000 -9999.000
-9999.000 -9999.000 -9999.000 -9999.000 -9999.000 0.6449253E-01 0.1047120 0.1555826 0.2136415 0.2402957 0.2059301 0.1431677 0.1058219 0.9777448E-01 0.1317258 0.1950248 0.2294983 0.2619683 0.2287918 0.1467439 0.1226514 0.1893770 0.2773318 0.2882944 0.2445047 0.1820843 0.1651255 0.1708690 0.2013888 0.2339405 0.2014946 0.1890231 0.1962427 0.1910185 0.1420001 0.1247110 0.1212625 0.9184745E-01 -9999.000 -9999.000 -9999.000 -9999.000 -9999.000 -9999.000 -9999.000 -9999.000 -9999.000 -9999.000 -9999.000 -9999.000 -9999.000 -9999.000 -9999.000 -9999.000 -9999.000 -9999.000 -9999.000 -9999.000 -9999.000
-9999.000 -9999.000 -9999.000 -9999.000 -9999.000 0.6887841E-01 0.1091815 0.1460604 0.1936000 0.2173382 0.2247302 0.2020319 0.1602866 0.1462185 0.1672916 0.1979037 0.2232464 0.2729204 0.2800997 0.2420732 0.2286573 0.2313767 0.2383193 0.2416258 0.1814551 0.1539009 0.1411242 0.1331911 0.1610152 0.2070099 0.1930307 0.1911847 0.2072034 0.2032367 0.1804165 0.1566136 0.1513354 0.1382555 0.7807839E-01 -9999.000 -9999.000 -9999.000 -9999.000 -9999.000 -9999.000 -9999.000 -9999.000 -9999.000 -9999.000 -9999.000 -9999.000 -9999.000 -9999.000 -9999.000 -9999.000 -9999.000 -9999.000 -9999.000 -9999.000
-9999.000 -9999.000 -9999.000 -9999.000 -9999.000 -9999.000 0.1334895 0.1379047 0.1724708 0.2157792 0.2467812 0.2296789 0.1854597 0.1507653 0.1512346 0.1661110 0.2027545 0.2687335 0.2915048 0.2889436 0.3010015 0.2340936 0.1925802 0.1720888 0.1570724 0.1383647 0.1262545 0.1312064 0.1550706 0.1853729 0.1648842 0.1552375 0.1713537 0.1876876 0.1765214 0.1504730 0.1579177 0.1585606 0.1062740 0.6050855E-01 -9999.000 -9999.000 -9999.000 -9999.000 -9999.000 -9999.000 -9999.000 -9999.000 -9999.000 -9999.000 -9999.000 -9999.000 -9999.000 -9999.000 -9999.000 -9999.000 -9999.000 -9999.000 -9999.000
-9999.000 -9999.000 -9999.000 -9999.000 -9999.000 -9999.000 -9999.000 0.8061625E-01 0.1294028 0.2112209 0.2609398 0.2384680 0.1821023 0.1251632 0.1020907 0.9879878E-01 0.1543589 0.2544875 0.2593315 0.2335047 0.1931035 0.1578332 0.1538572 0.1942423 0.2253393 0.1650836 0.1438772 0.1602033 0.1774370 0.1966258 0.1910159 0.1706743 0.1668781 0.1837705 0.1567531 0.1029444 0.1021145 0.1319825 0.1216802 0.9420320E-01 -9999.000 -9999.000 -9999.000 -9999.000 -9999.000 -9999.000 -9999.000 -9999.000 -9999.000 -9999.000 -9999.000 -9999.000 -9999.000 -9999.000 -9999.000 -9999.000 -9999.000 -9999.000 -9999.000
-9999.000 -9999.000 -9999.000 -9999.000 -9999.000 -9999.000 -9999.000 0.2812125E-01 0.7241319E-01 0.1653979 0.2183734 0.2145147 0.1541600 0.8878559E-01 0.5963001E-01 0.4497677E-01 0.8677844E-01 0.1758053 0.1708155 0.1403725 0.1153822 0.1198934 0.1546579 0.2360768 0.2721277 0.2201534 0.2098282 0.2247980 0.2278684 0.2358493 0.2552630 0.2603439 0.2169748 0.1722279 0.1075320 0.5449216E-01 0.9399588E-01 0.1442021 0.1532241 0.1104255 -9999.000 -9999.000 -9999.000 -9999.000 -9999.000 -9999.000 -9999.000 -9999.000 -9999.000 -9999.000 -9999.000 -9999.000 -9999.000 -9999.000 -9999.000 -9999.000 -9999.000 -9999.000 -9999.000
-9999.000 -9999.000 -9999.000 -9999.000 -9999.000 -9999.000 -9999.000 -9999.000 0.4243618E-01 0.1047219 0.1718515 0.1899944 0.1571805 0.8622866E-01 0.4861598E-01 0.2845549E-01 0.4016070E-01 0.8692535E-01 0.1062551 0.1133468 0.1406544 0.1445165 0.1532247 0.2300890 0.2758922 0.2601930 0.2559198 0.2532597 0.2251254 0.2216894 0.2827055 0.2916635 0.2526379 0.1686744 0.8378095E-01 0.9223152E-01 0.1356647 0.1511162 0.1347487 0.1082326 0.7087449E-01 -9999.000 -9999.000 -9999.000 -9999.000 -9999.000 -9999.000 -9999.000 -9999.000 -9999.000 -9999.000 -9999.000 -9999.000 -9999.000 -9999.000 -9999.000 -9999.000 -9999.000 -9999.000
-9999.000 -9999.000 -9999.000 -9999.000 -9999.000 -9999.000 -9999.000 -9999.000 -9999.000 0.7456227E-01 0.1672604 0.1921352 0.1774534 0.1271199 0.8091717E-01 0.4573332E-01 0.2922653E-01 0.4882497E-01 0.7272388E-01 0.9859954E-01 0.1393577 0.1776347 0.1801562 0.2236905 0.2774705 0.2679837 0.2388399 0.1944962 0.1218605 0.1413394 0.2225178 0.2369977 0.2309051 0.1774085 0.1429587 0.1613980 0.1720581 0.1554984 0.1368930 0.1493732 0.1270611 -9999.000 -9999.000 -9999.000 -9999.000 -9999.000 -9999.000 -9999.000 -9999.000 -9999.000 -9999.000 -9999.000 -9999.000 -9999.000 -9999.000 -9999.000 -9999.000 -9999.000 -9999.000
-9999.000 -9999.000 -9999.000 -9999.000 -9999.000 -9999.000 -9999.000 -9999.000 -9999.000 0.5150394E-01 0.1201948 0.1584498 0.1758518 0.1541896 0.1135976 0.5687234E-01 0.2590339E-01 0.3064252E-01 0.5143797E-01 0.8041662E-01 0.1336740 0.1974876 0.2054043 0.2218191 0.2691511 0.2347794 0.1759602 0.1137141 0.1244661 0.1505614 0.1686476 0.1718136 0.1822046 0.1659665 0.1678497 0.2039777 0.1979380 0.1700562 0.1806147 0.2007653 0.1615064 -9999.000 -9999.000 -9999.000 -9999.000 -9999.000 -9999.000 -9999.000 -9999.000 -9999.000 -9999.000 -9999.000 -9999.000 -9999.000 -9999.000 -9999.000 -9999.000 -9999.000 -9999.000
-9999.000 -9999.000 -9999.000 -9999.000 -9999.000 -9999.000 -9999.000 -9999.000 -9999.000 0.4126443E-01 0.7770938E-01 0.1274378 0.1740564 0.1902609 0.1470622 0.7914887E-01 0.3045783E-01 0.2269082E-01 0.4008522E-01 0.7044898E-01 0.1160168 0.1674457 0.1714633 0.2007834 0.2243322 0.1779522 0.1112365 0.9921826E-01 0.1600200 0.2050988 0.1906464 0.1625128 0.1642471 0.1507871 0.1632339 0.2129862 0.2018025 0.1721971 0.1954312 0.2294642 0.1888419 0.1041101 -9999.000 -9999.000 -9999.000 -9999.000 -9999.000 -9999.000 -9999.000 -9999.000 -9999.000 -9999.000 -9999.000 -9999.000 -9999.000 -9999.000 -9999.000 -9999.000 -9999.000
-9999.000 -9999.000 -9999.000 -9999.000 -9999.000 -9999.000 -9999.000 -9999.000 -9999.000 -9999.000 -9999.000 0.7400278E-01 0.1585695 0.2046325 0.1860319 0.1231845 -9999.000 -9999.000 -9999.000 0.4054923E-01 0.8014194E-01 0.1153134 0.1133291 0.1508694 0.1928364 0.1697764 0.1603370 0.1652525 0.2114677 0.2394370 0.2419747 0.2078984 0.2172515 0.2178433 0.2243336 0.2479929 0.2220494 0.2090956 0.2210637 0.2424714 0.2193606 0.1429604 0.8304906E-01 -9999.000 -9999.000 -9999.000 -9999.000 -9999.000 -9999.000 -9999.000 -9999.000 -9999.000 -9999.000 -9999.000 -9999.000 -9999.000 -9999.000 -9999.000 -9999.000
-9999.000 -9999.000 -9999.000 -9999.000 -9999.000 -9999.000 -9999.000 -9999.000 -9999.000 -9999.000 -9999.000 0.3812064E-01 0.1108189 0.1798861 0.1915793 0.1491180 0.6754612E-01 0.2863338E-01 0.1261814E-01 0.2415326E-01 0.5417497E-01 0.6797749E-01 0.5354276E-01 0.1018055 0.2010618 0.2109129 0.2118724 0.2504311 0.2543803 0.2309357 0.2516162 0.2893823 0.3159835 0.3401115 0.3163945 0.2776516 0.2563674 0.2632107 0.2660648 0.2718051 0.2435924 0.1889404 0.1211824 0.4654060E-01 -9999.000 -9999.000 -9999.000 -9999.000 -9999.000 -9999.000 -9999.000 -9999.000 -9999.000 -9999.000 -9999.000 -9999.000 -9999.000 -9999.000 -9999.000
-9999.000 -9999.000 -9999.000 -9999.000 -9999.000 -9999.000 -9999.000 -9999.000 -9999.000 -9999.000 -9999.000 -9999.000 0.9590017E-01 0.1687628 0.1963584 0.1682335 0.1175604 0.5971987E-01 0.2469621E-01 0.2877595E-01 0.5410625E-01 0.5046890E-01 0.3994269E-01 0.8846933E-01 0.1655816 0.1851189 0.2074237 0.2713304 0.2903666 0.2447150 0.2559828 0.3236137 0.3480521 0.3575340 0.3463063 0.2993328 0.2819067 0.2776111 0.2842805 0.2877829 0.2716977 0.2490830 0.1644180 0.6796819E-01 -9999.000 -9999.000 -9999.000 -9999.000 -9999.000 -9999.000 -9999.000 -9999.000 -9999.000 -9999.000 -9999.000 -9999.000 -9999.000 -9999.000 -9999.000
-9999.000 -9999.000 -9999.000 -9999.000 -9999.000 -9999.000 -9999.000 -9999.000 -9999.000 -9999.000 -9999.000 -9999.000 0.9727051E-01 0.1742445 0.2035656 0.1971911 0.1607190 0.1031060 0.5149114E-01 0.3952086E-01 0.4629244E-01 0.3877425E-01 0.4291217E-01 0.7502933E-01 0.1026571 0.1124774 0.1521834 0.2294443 0.2783895 0.2663387 0.2867847 0.3332718 0.3165202 0.3034737 0.3077404 0.2982684 0.2575260 0.2590139 0.2604586 0.2728989 0.2782421 0.2639456 0.2132008 0.1147135 0.4630936E-01 -9999.000 -9999.000 -9999.000 -9999.000 -9999.000 -9999.000 -9999.000 -9999.000 -9999.000 -9999.000 -9999.000 -9999.000 -9999.000 -9999.000
-9999.000 -9999.000 -9999.000 -9999.000 -9999.000 -9999.000 -9999.000 -9999.000 -9999.000 -9999.000 -9999.000 -9999.000 0.9378599E-01 0.1663279 0.2118372 0.2143519 0.1937588 0.1447255 0.7424052E-01 0.4739359E-01 0.4406231E-01 0.5300530E-01 0.6795882E-01 0.7536131E-01 0.6644190E-01 0.7198386E-01 0.1080142 0.1660406 0.2188250 0.2432415 0.3105432 0.2969863 0.2321341 0.2374333 0.2575702 0.1993788 0.1620169 0.1440679 0.1691043 0.1947067 0.2229251 0.2326345 0.2067214 0.1408381 0.1026461 -9999.000 -9999.000 -9999.000 -9999.000 -9999.000 -9999.000 -9999.000 -9999.000 -9999.000 -9999.000 -9999.000 -9999.000 -9999.000 -9999.000
-9999.000 -9999.000 -9999.000 -9999.000 -9999.000 -9999.000 -9999.000 -9999.000 -9999.000 -9999.000 -9999.000 -9999.000 -9999.000 0.1386781 0.2014352 0.2128412 0.2037843 0.1616123 0.1053666 0.5256382E-01 0.3635326E-01 0.4450996E-01 0.6427192E-01 0.6559804E-01 0.5696164E-01 0.8111998E-01 0.1303465 0.1727580 0.2067255 0.2351823 0.2508041 0.2048002 0.1745657 0.2637903 0.2912512 0.2379933 0.1629631 0.1412160 0.1534648 0.1660743 0.1861246 0.2056539 0.2003811 0.1689902 0.1313873 0.8351502E-01 -9999.000 -9999.000 -9999.000 -9999.000 -9999.000 -9999.000 -9999.000 -9999.000 -9999.000 -9999.000 -9999.000 -9999.000 -9999.000
-9999.000 -9999.000 -9999.000 -9999.000 -9999.000 -9999.000 -9999.000 -9999.000 -9999.000 -9999.000 -9999.000 -9999.000 -9999.000 0.1221110 0.1739640 0.1842280 0.1977031 0.1670467 0.9375858E-01 0.5006349E-01 0.2888267E-01 0.2300646E-01 0.3202861E-01 0.4839747E-01 0.6293215E-01 0.1000500 0.1726719 0.1989862 0.1970666 0.1804534 0.1819893 0.1696157 0.1783492 0.2682559 0.3339737 0.3149828 0.2538194 0.1828361 0.1845184 0.2115643 0.2205462 0.2107608 0.2030965 0.1707283 0.1221556 0.7320005E-01 -9999.000 -9999.000 -9999.000 -9999.000 -9999.000 -9999.000 -9999.000 -9999.000 -9999.000 -9999.000 -9999.000 -9999.000 -9999.000
-9999.000 -9999.000 -9999.000 -9999.000 -9999.000 -9999.000 -9999.000 -9999.000 -9999.000 -9999.000 -9999.000 -9999.000 -9999.000 0.1236154 0.1555250 0.1582513 0.1808545 0.1629904 0.1089954 0.7650904E-01 0.4585804E-01 0.2475915E-01 0.1961489E-01 0.2743338E-01 0.4390180E-01 0.7998817E-01 0.1248103 0.1374817 0.1604318 0.1580424 0.1906012 0.2210749 0.2051892 0.2399365 0.2892820 0.2845446 0.2545810 0.2198760 0.2137863 0.2222591 0.1992211 0.1867137 0.1935624 0.1814244 0.1588912 0.1216297 0.8426437E-01 0.5129389E-01 -9999.000 -9999.000 -9999.000 -9999.000 -9999.000 -9999.000 -9999.000 -9999.000 -9999.000 -9999.000 -9999.000
