simulation_files/asc/Depth____177.0.asc
NCOLS       411
NROWS       131
XLLCENTER    2538020.000000
YLLCENTER    1152390.000000
CELLSIZE           1.000
NODATA_VALUE     -9999.0
[rows 54 to 80 of 131, columns 59 to 117 of 411]
0.6400267 0.6589344 0.6914974 0.7375710 0.7941151 0.8567187 0.9166586 0.9604664 0.9895928 1.020552 1.057383 1.096042 1.137711 1.191817 1.246884 1.292254 1.337865 1.375764 1.408172 1.435716 1.451286 1.444935 1.399829 1.345471 1.326518 1.341279 1.349954 1.354355 1.369859 1.372098 1.379043 1.411596 1.439757 1.444461 1.456657 1.489569 1.536737 1.580909 1.599565 1.597699 1.585291 1.558076 1.516414 1.490247 1.481822 1.463156 1.459162 1.475247 1.499305 1.555395 1.613139 1.646900 1.645634 1.618514 1.576325 1.533391 1.501289 1.483081 1.488883
0.6384423 0.6737854 0.7203278 0.7738385 0.8298700 0.8816704 0.9221737 0.9512804 0.9780941 1.010684 1.050310 1.096617 1.152303 1.210805 1.260688 1.303852 1.339916 1.367240 1.390170 1.411221 1.427856 1.413450 1.351325 1.295156 1.282762 1.282301 1.279758 1.288704 1.291565 1.293767 1.318214 1.348168 1.358221 1.366162 1.393600 1.436943 1.483932 1.521167 1.544356 1.559078 1.566169 1.571210 1.549239 1.502784 1.455626 1.427368 1.418477 1.430815 1.416327 1.434978 1.500199 1.559696 1.554597 1.546134 1.511834 1.480614 1.443427 1.426271 1.432796
0.6650446 0.7055888 0.7504606 0.7968033 0.8409805 0.8773664 0.9041991 0.9278495 0.9571194 0.9947556 1.040372 1.096626 1.163469 1.224340 1.270086 1.306745 1.331404 1.346726 1.357940 1.369234 1.375678 1.340483 1.262216 1.216193 1.211910 1.204065 1.201977 1.214297 1.213257 1.224819 1.259288 1.280955 1.283595 1.299922 1.338668 1.385668 1.427838 1.456121 1.477113 1.504433 1.529502 1.552026 1.557972 1.508731 1.455886 1.395173 1.355457 1.361001 1.353144 1.326350 1.374156 1.446822 1.438002 1.444569 1.425796 1.407292 1.385714 1.374347 1.372175
0.7060389 0.7421867 0.7788774 0.8146682 0.8455307 0.8684767 0.8868803 0.9110044 0.9468065 0.9915626 1.042241 1.105357 1.169934 1.218979 1.253632 1.278244 1.293064 1.300680 1.303084 1.306431 1.293804 1.223803 1.151646 1.132230 1.126279 1.121525 1.132352 1.139695 1.148153 1.178926 1.204571 1.211572 1.219248 1.246326 1.287660 1.327972 1.358395 1.376195 1.388035 1.408900 1.454497 1.488790 1.508605 1.472716 1.437917 1.390595 1.316072 1.295062 1.295543 1.275555 1.268399 1.298926 1.333195 1.316755 1.329289 1.321637 1.313522 1.305517 1.306143
0.7474824 0.7807443 0.8127895 0.8410376 0.8630873 0.8794903 0.8959267 0.9220923 0.9618586 1.008836 1.059930 1.113700 1.157128 1.185058 1.203163 1.214330 1.218854 1.220012 1.222049 1.216975 1.172835 1.092290 1.042337 1.034263 1.034204 1.043799 1.058819 1.070562 1.095564 1.125915 1.136894 1.141277 1.158000 1.190249 1.226457 1.251797 1.263357 1.275602 1.293276 1.296174 1.349987 1.394709 1.424946 1.417591 1.403154 1.391166 1.314373 1.219576 1.205625 1.191883 1.176643 1.190055 1.208181 1.214798 1.227535 1.239456 1.238845 1.241519 1.244171
0.7767066 0.8148678 0.8475430 0.8698327 0.8842791 0.8964758 0.9128135 0.9399717 0.9786958 1.019845 1.063868 1.102753 1.121734 1.132299 1.138428 1.139592 1.130774 1.125725 1.133547 1.125879 1.055071 0.9796263 0.9624878 0.9610431 0.9680059 0.9861406 0.9941054 1.006934 1.045827 1.064445 1.060454 1.070610 1.090503 1.116992 1.148590 1.156227 1.156981 1.160283 1.181539 1.192346 1.241148 1.290344 1.329957 1.347042 1.355454 1.353672 1.262720 1.129676 1.089636 1.081154 1.079731 1.100199 1.116432 1.130034 1.141421 1.154231 1.162460 1.167612 1.174424
0.7937483 0.8322931 0.8575776 0.8702134 0.8782015 0.8882963 0.9057437 0.9333236 0.9683232 1.005208 1.040191 1.063855 1.072965 1.074182 1.071384 1.061446 1.048129 1.044650 1.046767 1.019787 0.9625093 0.9254202 0.9174815 0.9204104 0.9302496 0.9361238 0.9375512 0.9531767 0.9700053 0.9682927 0.9726933 0.9901321 1.008536 1.022462 1.028956 1.033470 1.040497 1.054520 1.075827 1.109091 1.159018 1.195084 1.233827 1.231849 1.234955 1.196098 1.061839 0.9668580 0.9451122 0.9592277 1.003637 1.037707 1.054596 1.062127 1.063226 1.068060 1.070502 1.064263 1.068032
0.8041188 0.8296288 0.8389337 0.8391102 0.8418513 0.8509312 0.8700147 0.8989624 0.9340006 0.9665864 0.9944763 1.010400 1.013742 1.013714 1.010002 0.9952151 0.9817248 0.9813237 0.9784936 0.9411036 0.8927100 0.8783780 0.8781197 0.8831154 0.8894385 0.8835771 0.8806550 0.8938223 0.8911915 0.8836075 0.8853131 0.8954089 0.9055985 0.9174624 0.9150202 0.9182024 0.9331431 0.9560499 0.9837647 1.023893 1.054907 1.081795 1.070527 1.001323 0.9592748 0.9125775 0.8318184 0.7804512 0.8238562 0.8796234 0.9410755 0.9921541 1.007783 1.005511 0.9977626 0.9886642 0.9678323 0.9377254 0.9323459
0.7926806 0.7967369 0.7910753 0.7872929 0.7903527 0.8016750 0.8245896 0.8542453 0.8855345 0.9114132 0.9305220 0.9395286 0.9431401 0.9527837 0.9549055 0.9421959 0.9341682 0.9347805 0.9164551 0.8715422 0.8391032 0.8287530 0.8256685 0.8257073 0.8174162 0.8019819 0.8030977 0.8034382 0.7960090 0.7876455 0.7902282 0.8005044 0.8113550 0.8216566 0.8208058 0.8261883 0.8382157 0.8436296 0.8670449 0.8758456 0.8323194 0.8189812 0.6961906 0.6102245 0.5727394 0.5991292 0.6064042 0.6596097 0.7503030 0.8235024 0.8846247 0.9290909 0.9438053 0.9302728 0.9008628 0.8627868 0.8192305 0.7785231 0.7518979
0.7572854 0.7471748 0.7370675 0.7359154 0.7421812 0.7576936 0.7843339 0.8133457 0.8415600 0.8645666 0.8797480 0.8858168 0.8939879 0.9106852 0.9150577 0.9038289 0.8972275 0.8912544 0.8600997 0.8133892 0.7867374 0.7743478 0.7644200 0.7546964 0.7366271 0.7219522 0.7238147 0.7187869 0.7115562 0.7191595 0.7244180 0.7355244 0.7394212 0.7366640 0.7295420 0.7327621 0.7290425 0.7124328 0.6754600 0.5973381 0.4367614 0.3876682 0.2721201 0.2404030 0.3115620 0.4323364 0.5063064 0.5951203 0.6960681 0.7685352 0.8153238 0.8454999 0.8471204 0.8164344 0.7718563 0.7107911 0.6558371 0.6123020 0.5488362
0.7050097 0.6918473 0.6884247 0.6930256 0.7027699 0.7267619 0.7573287 0.7866330 0.8156228 0.8396472 0.8519128 0.8569119 0.8706929 0.8854712 0.8824890 0.8701796 0.8633185 0.8444053 0.7972558 0.7553366 0.7313677 0.7117701 0.6966024 0.6793477 0.6590970 0.6596484 0.6624147 0.6581373 0.6670720 0.6769986 0.6819150 0.6822639 0.6708478 0.6546002 0.6275286 0.6185363 0.5783401 0.5197239 0.3929439 0.2680894 0.1133984 0.4224752E-01 0.6904459E-01 0.1407794 0.2362954 0.3676787 0.4829306 0.5700670 0.6441801 0.7022436 0.7293215 0.7432980 0.7179236 0.6715536 0.5897894 0.4969795 0.4352250 0.3856757 0.3413514
0.6582815 0.6515898 0.6548857 0.6654516 0.6851318 0.7158470 0.7481429 0.7789224 0.8083383 0.8294219 0.8386865 0.8457312 0.8571163 0.8611236 0.8512448 0.8379042 0.8223494 0.7863741 0.7348316 0.6947328 0.6671412 0.6452435 0.6281921 0.6127076 0.6075829 0.6149900 0.6182849 0.6198249 0.6289852 0.6340334 0.6247437 0.6117412 0.5852230 0.5574485 0.5273403 0.4893774 0.4356445 0.3171654 0.1516390 0.7379139E-01 -9999.000 0.5795363E-01 0.5428373E-01 0.1224737 0.2223365 0.3293073 0.4287882 0.5021352 0.5695786 0.6098964 0.6435855 0.6159036 0.5739171 0.4876536 0.3509325 0.2269431 0.1632423 0.1338343 0.1194127
0.6263219 0.6297317 0.6437311 0.6606738 0.6919918 0.7276153 0.7593139 0.7917616 0.8209439 0.8364994 0.8401792 0.8474111 0.8526658 0.8415821 0.8211884 0.8048415 0.7803374 0.7231429 0.6659222 0.6297364 0.6026334 0.5863377 0.5732083 0.5671813 0.5804517 0.5841787 0.5801497 0.5876209 0.5921340 0.5841754 0.5764078 0.5485261 0.5132989 0.5042804 0.4961476 0.4622764 0.4075593 0.2579843 0.9836219E-01 -9999.000 -9999.000 -9999.000 0.3457124E-01 0.9617729E-01 0.1943042 0.2871566 0.3698116 0.4339296 0.4859876 0.5244902 0.5226757 0.4921765 0.4469485 0.3253478 0.1582805 -9999.000 -9999.000 -9999.000 -9999.000
0.6166412 0.6301355 0.6482345 0.6751956 0.7101667 0.7433099 0.7735987 0.8023845 0.8232217 0.8300695 0.8304662 0.8288647 0.8167923 0.7937395 0.7715465 0.7506556 0.7105934 0.6506274 0.6005666 0.5690924 0.5517986 0.5423944 0.5408052 0.5475189 0.5576987 0.5614327 0.5674562 0.5773040 0.5813598 0.5785233 0.5835206 0.5854251 0.5652645 0.5609220 0.5631068 0.5361770 0.4717885 0.3199135 0.1573147 -9999.000 -9999.000 -9999.000 -9999.000 0.7275928E-01 0.1400767 0.2233591 0.2856220 0.3426858 0.3938971 0.4197290 0.4065407 0.3720350 0.3337137 0.2164362 0.8212086E-01 -9999.000 -9999.000 -9999.000 -9999.000
0.6230841 0.6392408 0.6610868 0.6937247 0.7283628 0.7565088 0.7817339 0.8012578 0.8063633 0.7957890 0.7835669 0.7691411 0.7450287 0.7189930 0.7031272 0.6859020 0.6429610 0.5855807 0.5496668 0.5323909 0.5284168 0.5286973 0.5376775 0.5526477 0.5644238 0.5860221 0.6082849 0.6357431 0.6525672 0.6626362 0.6563842 0.6467594 0.6484826 0.6202616 0.5961233 0.5645474 0.5078532 0.3995146 0.2106079 -9999.000 -9999.000 -9999.000 -9999.000 -9999.000 0.7265349E-01 0.1194906 0.1708972 0.2361236 0.3004395 0.3189443 0.2950807 0.2577748 0.2247335 0.1250053 0.3863152E-01 -9999.000 -9999.000 -9999.000 -9999.000
0.6317418 0.6488704 0.6749713 0.7038340 0.7295127 0.7466360 0.7637176 0.7635927 0.7470924 0.7248605 0.7063641 0.6889487 0.6709026 0.6594933 0.6546158 0.6392065 0.5983931 0.5577725 0.5412518 0.5400193 0.5477859 0.5604227 0.5897409 0.6187668 0.6412057 0.6675849 0.7002082 0.7193848 0.7237230 0.7128012 0.6872339 0.6607193 0.6377777 0.6096321 0.5825411 0.5636117 0.5169376 0.3994583 0.2204605 -9999.000 -9999.000 -9999.000 -9999.000 -9999.000 -9999.000 -9999.000 0.8795499E-01 0.1441581 0.1979219 0.2135323 0.1814948 0.1319137 0.9455778E-01 -9999.000 -9999.000 -9999.000 -9999.000 -9999.000 -9999.000
0.6447743 0.6620254 0.6799583 0.6990325 0.7076432 0.7100302 0.7037546 0.6893516 0.6685260 0.6554736 0.6488039 0.6442084 0.6425093 0.6462529 0.6481514 0.6322764 0.5992737 0.5718747 0.5749776 0.5884074 0.6021563 0.6254234 0.6605309 0.6922154 0.7057409 0.7176156 0.7172744 0.7139036 0.7005150 0.6768147 0.6505422 0.6257592 0.6104652 0.5954675 0.5778542 0.5564711 0.5035486 0.3309948 0.1666890 -9999.000 -9999.000 -9999.000 -9999.000 -9999.000 -9999.000 -9999.000 -9999.000 0.6863646E-01 0.1013671 0.1095415 0.8852635E-01 0.5827316E-01 0.2451700E-01 -9999.000 -9999.000 -9999.000 -9999.000 -9999.000 -9999.000
0.6653989 0.6671415 0.6747588 0.6723248 0.6620779 0.6575580 0.6624309 0.6391829 0.6327873 0.6391433 0.6461038 0.6510768 0.6609634 0.6751607 0.6808938 0.6581899 0.6246106 0.6124241 0.6217116 0.6441359 0.6625277 0.6803309 0.7044936 0.7106635 0.7106923 0.7028419 0.6870879 0.6757623 0.6535693 0.6300214 0.6116961 0.5993468 0.5877760 0.5732852 0.5598435 0.5446993 0.4839854 0.2630454 -9999.000 -9999.000 -9999.000 -9999.000 -9999.000 -9999.000 -9999.000 -9999.000 -9999.000 -9999.000 0.2795228E-01 0.2616118E-01 -9999.000 -9999.000 -9999.000 -9999.000 -9999.000 -9999.000 -9999.000 -9999.000 -9999.000
0.7298220 0.7095632 0.7047595 0.7086292 0.6961032 0.6731288 0.7102099 0.7226578 0.7156935 0.7244341 0.7263418 0.7223903 0.7235153 0.7246380 0.7166507 0.6879027 0.6562051 0.6444294 0.6574119 0.6688066 0.6796860 0.6922019 0.6999824 0.6959872 0.6893419 0.6762006 0.6561756 0.6417288 0.6113269 0.5951915 0.5844865 0.5749267 0.5668153 0.5574823 0.5454730 0.5178847 0.4143330 0.1802973 -9999.000 -9999.000 -9999.000 -9999.000 -9999.000 -9999.000 -9999.000 -9999.000 -9999.000 -9999.000 -9999.000 -9999.000 -9999.000 -9999.000 -9999.000 -9999.000 -9999.000 -9999.000 -9999.000 -9999.000 -9999.000
0.8329463 0.8427441 0.8435652 0.8686542 0.8857596 0.8872686 0.8937223 0.9049714 0.9152846 0.9404603 0.9568245 0.9220351 0.9234198 0.8705413 0.8199965 0.7504337 0.6863796 0.6779457 0.6755102 0.6779021 0.6830997 0.6924634 0.6876585 0.6789842 0.6648563 0.6495897 0.6263923 0.6136698 0.5928944 0.5776158 0.5714369 0.5664292 0.5592972 0.5549405 0.5387370 0.4656985 0.3786017 -9999.000 -9999.000 -9999.000 -9999.000 -9999.000 -9999.000 -9999.000 -9999.000 -9999.000 -9999.000 -9999.000 -9999.000 -9999.000 -9999.000 -9999.000 -9999.000 -9999.000 -9999.000 -9999.000 -9999.000 -9999.000 -9999.000
0.8813012 0.9142117 0.9501306 0.9810041 1.017170 1.029294 1.027287 1.037168 1.036117 1.031323 1.065827 1.077472 1.076793 1.074679 1.007344 0.9163478 0.8470305 0.8127951 0.7833864 0.7619446 0.7441565 0.7439514 0.7120336 0.6857855 0.6604192 0.6421797 0.6073795 0.5943825 0.5864056 0.5790115 0.5738092 0.5726485 0.5744616 0.5736707 0.5443477 0.3995734 -9999.000 -9999.000 -9999.000 -9999.000 -9999.000 -9999.000 -9999.000 -9999.000 -9999.000 -9999.000 -9999.000 -9999.000 -9999.000 -9999.000 -9999.000 -9999.000 -9999.000 -9999.000 -9999.000 -9999.000 -9999.000 -9999.000 -9999.000
0.8890134 0.9273065 0.9675580 1.005983 1.046320 1.077660 1.091535 1.097607 1.094129 1.075934 1.078789 1.080859 1.114082 1.151983 1.152876 1.059347 1.006350 0.9886030 0.9698494 0.9406396 0.9146188 0.8737322 0.8239166 0.7678911 0.7159975 0.6795966 0.6277633 0.5959811 0.5942546 0.5912133 0.5888696 0.5938570 0.5975719 0.5977320 0.5375359 0.3856085 -9999.000 -9999.000 -9999.000 -9999.000 -9999.000 -9999.000 -9999.000 -9999.000 -9999.000 -9999.000 -9999.000 -9999.000 -9999.000 -9999.000 -9999.000 -9999.000 -9999.000 -9999.000 -9999.000 -9999.000 -9999.000 -9999.000 -9999.000
0.9141528 0.9447749 0.9734190 1.001433 1.049148 1.084582 1.113858 1.135809 1.154093 1.152132 1.120706 1.096788 1.100780 1.137799 1.153754 1.108348 1.058078 1.034308 1.047209 1.037364 1.028149 0.9779346 0.9312642 0.8680961 0.7646717 0.7107636 0.6465967 0.5829119 0.5906068 0.5994860 0.6019578 0.6140201 0.6243669 0.6228619 0.5316842 -9999.000 -9999.000 -9999.000 -9999.000 -9999.000 -9999.000 -9999.000 -9999.000 -9999.000 -9999.000 -9999.000 -9999.000 -9999.000 -9999.000 -9999.000 -9999.000 -9999.000 -9999.000 -9999.000 -9999.000 -9999.000 -9999.000 -9999.000 -9999.000
0.9591751 0.9766512 0.9942572 1.012113 1.049307 1.079978 1.114112 1.138758 1.168868 1.197196 1.200456 1.160341 1.124876 1.134576 1.138448 1.107085 1.047195 1.011639 0.9927829 1.015688 0.9910368 0.9719701 0.9126918 0.8472478 0.7136357 0.6130498 0.5520016 0.4861618 0.5146075 0.5638999 0.6077028 0.6254442 0.6378787 0.6163628 0.5125605 -9999.000 -9999.000 -9999.000 -9999.000 -9999.000 -9999.000 -9999.000 -9999.000 -9999.000 -9999.000 -9999.000 -9999.000 -9999.000 -9999.000 -9999.000 -9999.000 -9999.000 -9999.000 -9999.000 -9999.000 -9999.000 -9999.000 -9999.000 -9999.000
0.9996214 1.026604 1.041582 1.054859 1.066691 1.089057 1.118530 1.135360 1.159713 1.196669 1.228142 1.222219 1.191513 1.165212 1.144651 1.111347 1.047728 0.9459535 0.8565415 0.7385219 0.7659698 0.6813762 0.6743603 0.5320051 0.4446773 0.3842303 -9999.000 -9999.000 0.3360447 0.4814113 0.5847828 0.6200577 0.6354784 0.5710872 0.4240312 -9999.000 -9999.000 -9999.000 -9999.000 -9999.000 -9999.000 -9999.000 -9999.000 -9999.000 -9999.000 -9999.000 -9999.000 -9999.000 -9999.000 -9999.000 -9999.000 -9999.000 -9999.000 -9999.000 -9999.000 -9999.000 -9999.000 -9999.000 -9999.000
1.014401 1.052959 1.101237 1.117397 1.116647 1.109991 1.123822 1.136545 1.156194 1.184133 1.213361 1.237261 1.228697 1.192688 1.152725 1.110182 1.030460 0.7670746 0.5409036 0.3144446 -9999.000 -9999.000 -9999.000 0.1449991 -9999.000 -9999.000 -9999.000 -9999.000 -9999.000 0.2671469 0.3862714 0.5602752 0.6169746 0.5264534 0.2659558 -9999.000 -9999.000 -9999.000 -9999.000 -9999.000 -9999.000 -9999.000 -9999.000 -9999.000 -9999.000 -9999.000 -9999.000 -9999.000 -9999.000 -9999.000 -9999.000 -9999.000 -9999.000 -9999.000 -9999.000 -9999.000 -9999.000 -9999.000 -9999.000
1.006990 1.061140 1.118151 1.165369 1.176404 1.158334 1.142510 1.141760 1.154107 1.180264 1.199353 1.212819 1.209862 1.178732 1.130296 1.044924 0.8416170 0.4349698 -9999.000 -9999.000 -9999.000 -9999.000 -9999.000 -9999.000 -9999.000 -9999.000 -9999.000 -9999.000 -9999.000 -9999.000 0.2058105 0.3858710 0.4212131 0.3353187 -9999.000 -9999.000 -9999.000 -9999.000 -9999.000 -9999.000 -9999.000 -9999.000 -9999.000 -9999.000 -9999.000 -9999.000 -9999.000 -9999.000 -9999.000 -9999.000 -9999.000 -9999.000 -9999.000 -9999.000 -9999.000 -9999.000 -9999.000 -9999.000 -9999.000
