simulation_files/asc/Depth____169.0.asc
NCOLS       411
NROWS       131
XLLCENTER    2538020.000000
YLLCENTER    1152390.000000
CELLSIZE           1.000
NODATA_VALUE     -9999.0
[rows 0 to 26 of 131, columns 295 to 353 of 411]
-9999.000 -9999.000 -9999.000 -9999.000 -9999.000 -9999.000 -9999.000 -9999.000 -9999.000 -9999.000 -9999.000 -9999.000 -9999.000 -9999.000 -9999.000 -9999.000 -9999.000 -9999.000 -9999.000 -9999.000 -9999.000 -9999.000 -9999.000 -9999.000 -9999.000 -9999.000 -9999.000 -9999.000 -9999.000 -9999.000 -9999.000 -9999.000 -9999.000 -9999.000 -9999.000 -9999.000 -9999.000 -9999.000 -9999.000 -9999.000 -9999.000 -9999.000 -9999.000 -9999.000 -9999.000 -9999.000 -9999.000 -9999.000 -9999.000 -9999.000 -9999.000 -9999.000 -9999.000 -9999.000 -9999.000 -9999.000 -9999.000 -9999.000 -9999.000
-9999.000 -9999.000 -9999.000 -9999.000 -9999.000 -9999.000 -9999.000 -9999.000 -9999.000 -9999.000 -9999.000 -9999.000 -9999.000 -9999.000 -9999.000 -9999.000 -9999.000 -9999.000 -9999.000 -9999.000 -9999.000 -9999.000 -9999.000 -9999.000 -9999.000 -9999.000 -9999.000 -9999.000 -9999.000 -9999.000 -9999.000 -9999.000 -9999.000 -9999.000 -9999.000 -9999.000 -9999.000 -9999.000 -9999.000 -9999.000 -9999.000 -9999.000 -9999.000 -9999.000 -9999.000 -9999.000 -9999.000 -9999.000 -9999.000 -9999.000 -9999.000 -9999.000 -9999.000 -9999.000 -9999.000 -9999.000 -9999.000 -9999.000 -9999.000
-9999.000 -9999.000 -9999.000 -9999.000 -9999.000 -9999.000 -9999.000 -9999.000 -9999.000 -9999.000 -9999.000 -9999.000 -9999.000 -9999.000 -9999.000 -9999.000 -9999.000 -9999.000 -9999.000 -9999.000 -9999.000 -9999.000 -9999.000 -9999.000 -9999.000 -9999.000 -9999.000 -9999.000 -9999.000 -9999.000 -9999.000 -9999.000 -9999.000 -9999.000 -9999.000 -9999.000 -9999.000 -9999.000 -9999.000 -9999.000 -9999.000 -9999.000 -9999.000 -9999.000 -9999.000 -9999.000 -9999.000 -9999.000 -9999.000 -9999.000 -9999.000 -9999.000 -9999.000 -9999.000 -9999.000 -9999.000 -9999.000 -9999.000 -9999.000
-9999.000 -9999.000 -9999.000 -9999.000 -9999.000 -9999.000 -9999.000 -9999.000 -9999.000 -9999.000 -9999.000 -9999.000 -9999.000 -9999.000 -9999.000 -9999.000 -9999.000 -9999.000 -9999.000 -9999.000 -9999.000 -9999.000 -9999.000 -9999.000 -9999.000 -9999.000 -9999.000 -9999.000 -9999.000 -9999.000 -9999.000 -9999.000 -9999.000 -9999.000 -9999.000 -9999.000 -9999.000 -9999.000 -9999.000 -9999.000 -9999.000 -9999.000 -9999.000 -9999.000 -9999.000 -9999.000 -9999.000 -9999.000 -9999.000 -9999.000 -9999.000 -9999.000 -9999.000 -9999.000 -9999.000 -9999.000 -9999.000 -9999.000 -9999.000
-9999.000 -9999.000 -9999.000 -9999.000 -9999.000 -9999.000 -9999.000 -9999.000 -9999.000 -9999.000 -9999.000 -9999.000 -9999.000 -9999.000 -9999.000 -9999.000 -9999.000 -9999.000 -9999.000 -9999.000 -9999.000 -9999.000 -9999.000 -9999.000 -9999.000 -9999.000 -9999.000 -9999.000 -9999.000 -9999.000 -9999.000 -9999.000 -9999.000 -9999.000 -9999.000 -9999.000 -9999.000 -9999.000 -9999.000 -9999.000 -9999.000 -9999.000 -9999.000 -9999.000 -9999.000 -9999.000 -9999.000 -9999.000 -9999.000 -9999.000 -9999.000 -9999.000 -9999.000 -9999.000 -9999.000 -9999.000 -9999.000 -9999.000 -9999.000
-9999.000 -9999.000 -9999.000 -9999.000 -9999.000 -9999.000 -9999.000 -9999.000 -9999.000 -9999.000 -9999.000 -9999.000 -9999.000 -9999.000 -9999.000 -9999.000 -9999.000 -9999.000 -9999.000 -9999.000 -9999.000 -9999.000 -9999.000 -9999.000 -9999.000 -9999.000 -9999.000 -9999.000 -9999.000 -9999.000 -9999.000 -9999.000 -9999.000 -9999.000 -9999.000 -9999.000 -9999.000 -9999.000 -9999.000 -9999.000 -9999.000 -9999.000 -9999.000 -9999.000 -9999.000 -9999.000 -9999.000 -9999.000 -9999.000 -9999.000 -9999.000 -9999.000 -9999.000 -9999.000 -9999.000 -9999.000 -9999.000 -9999.000 -9999.000
-9999.000 -9999.000 -9999.000 -9999.000 -9999.000 -9999.000 -9999.000 -9999.000 -9999.000 -9999.000 -9999.000 -9999.000 -9999.000 -9999.000 -9999.000 -9999.000 -9999.000 -9999.000 -9999.000 -9999.000 -9999.000 -9999.000 -9999.000 -9999.000 -9999.000 -9999.000 -9999.000 -9999.000 -9999.000 -9999.000 -9999.000 -9999.000 -9999.000 -9999.000 -9999.000 -9999.000 -9999.000 -9999.000 -9999.000 -9999.000 -9999.000 -9999.000 -9999.000 -9999.000 -9999.000 -9999.000 -9999.000 -9999.000 -9999.000 -9999.000 -9999.000 -9999.000 -9999.000 -9999.000 -9999.000 -9999.000 -9999.000 -9999.000 -9999.000
-9999.000 -9999.000 -9999.000 -9999.000 -9999.000 -9999.000 -9999.000 -9999.000 0.3722343E-01 0.4581901E-01 0.5085256E-01 -9999.000 -9999.000 -9999.000 -9999.000 -9999.000 -9999.000 -9999.000 -9999.000 -9999.000 -9999.000 -9999.000 -9999.000 -9999.000 -9999.000 -9999.000 -9999.000 -9999.000 -9999.000 -9999.000 -9999.000 -9999.000 -9999.000 -9999.000 -9999.000 -9999.000 -9999.000 -9999.000 -9999.000 -9999.000 -9999.000 -9999.000 -9999.000 -9999.000 -9999.000 -9999.000 -9999.000 -9999.000 -9999.000 -9999.000 -9999.000 -9999.000 -9999.000 -9999.000 -9999.000 -9999.000 -9999.000 -9999.000 -9999.000
-9999.000 -9999.000 -9999.000 -9999.000 -9999.000 -9999.000 -9999.000 0.3015849E-01 0.4997496E-01 0.6122755E-01 0.6397668E-01 0.7328847E-01 0.8819861E-01 0.9928065E-01 0.1077430 0.1171775 -9999.000 -9999.000 -9999.000 -9999.000 -9999.000 -9999.000 -9999.000 -9999.000 -9999.000 -9999.000 -9999.000 -9999.000 -9999.000 -9999.000 -9999.000 -9999.000 -9999.000 -9999.000 -9999.000 -9999.000 -9999.000 -9999.000 -9999.000 -9999.000 -9999.000 -9999.000 -9999.000 -9999.000 -9999.000 -9999.000 -9999.000 -9999.000 -9999.000 -9999.000 -9999.000 -9999.000 -9999.000 -9999.000 -9999.000 -9999.000 -9999.000 -9999.000 -9999.000
-9999.000 -9999.000 -9999.000 -9999.000 -9999.000 -9999.000 -9999.000 0.7382140E-01 0.9463837E-01 0.1097516 0.1094950 0.1084063 0.1181805 0.1274517 0.1279290 0.1463393 0.1473521 0.1524631 0.1570299 0.1659369 0.1746097 -9999.000 -9999.000 -9999.000 -9999.000 -9999.000 -9999.000 -9999.000 -9999.000 -9999.000 -9999.000 -9999.000 -9999.000 -9999.000 -9999.000 -9999.000 -9999.000 -9999.000 -9999.000 -9999.000 -9999.000 -9999.000 -9999.000 -9999.000 -9999.000 -9999.000 -9999.000 -9999.000 -9999.000 -9999.000 -9999.000 -9999.000 -9999.000 -9999.000 -9999.000 -9999.000 -9999.000 -9999.000 -9999.000
-9999.000 0.1240538 0.1268149 0.1558007 0.1828188 0.2158241 0.2700478 0.2996341 0.2928753 0.2748346 0.2424426 0.2183664 0.2077328 0.2189433 0.2130395 0.2083634 0.2199692 0.2166267 0.2183114 0.2254279 0.2322825 0.2383117 0.2494513 0.2908791 0.3207012 0.3718458 0.3944164 0.3948117 0.3983393 0.4118269 0.4329504 0.4544935 0.4721980 0.4926868 0.5050270 0.4965662 0.4910768 0.4890174 0.4864729 0.4843699 0.4834652 0.4843233 0.4852891 0.4842513 0.4810365 0.4767668 0.4733346 0.4705254 0.4671796 0.4618906 0.4522498 0.4407473 0.4280507 0.4134428 0.3957919 0.3747236 0.3469078 0.3132510 0.2643773
0.2822407 0.3017043 0.3536905 0.3974299 0.4361956 0.4868335 0.5011738 0.4872030 0.4478664 0.4212852 0.3949565 0.3731615 0.3669252 0.3689283 0.3589851 0.3461063 0.3426139 0.3448956 0.3399421 0.3452830 0.3580424 0.3633231 0.3700037 0.3824356 0.4016434 0.4231690 0.4454752 0.4539860 0.4536902 0.4604534 0.4782809 0.4969890 0.5033505 0.5052958 0.5080349 0.5094897 0.5053265 0.5024378 0.5010717 0.4991795 0.4968599 0.4957856 0.4944844 0.4921223 0.4889931 0.4848384 0.4805452 0.4757366 0.4695761 0.4599828 0.4464679 0.4302620 0.4132295 0.3954652 0.3765963 0.3585213 0.3371696 0.3147980 0.3075541
0.5135529 0.5334296 0.5653117 0.5844153 0.5960974 0.5956802 0.5707125 0.5382359 0.5133048 0.5017486 0.4943299 0.4950738 0.4948707 0.4907386 0.4856911 0.4885652 0.4866144 0.4867506 0.4873739 0.5060664 0.5187669 0.5241506 0.5284441 0.5418124 0.5485423 0.5522678 0.5596446 0.5630787 0.5603376 0.5597827 0.5700541 0.5661203 0.5585080 0.5484648 0.5475575 0.5447171 0.5391494 0.5397860 0.5389561 0.5368837 0.5345064 0.5344778 0.5298021 0.5234600 0.5189967 0.5153644 0.5063151 0.4943239 0.4809461 0.4655524 0.4492640 0.4342684 0.4230717 0.4104591 0.4031071 0.4007998 0.3959843 0.3899256 0.3885761
0.6812848 0.6993376 0.6974354 0.6832538 0.6551756 0.6192922 0.5867303 0.5646889 0.5579414 0.5531733 0.5546688 0.5638415 0.5665782 0.5681008 0.5712921 0.5824989 0.5870003 0.5927853 0.5988971 0.6070127 0.6178698 0.6233529 0.6306687 0.6404869 0.6436905 0.6446596 0.6472740 0.6497264 0.6452569 0.6411206 0.6333002 0.6198507 0.6077848 0.6012726 0.5968713 0.5911046 0.5867313 0.5902889 0.5895327 0.5868870 0.5864423 0.5800009 0.5697990 0.5584265 0.5490124 0.5371713 0.5238121 0.5119443 0.5005668 0.4883004 0.4778160 0.4763964 0.4712727 0.4670009 0.4698430 0.4761665 0.4794203 0.4836069 0.4978491
0.7669435 0.7511122 0.7246270 0.6955140 0.6657624 0.6424098 0.6251009 0.6133301 0.6112744 0.6082934 0.6067228 0.6116856 0.6146395 0.6178090 0.6265171 0.6337151 0.6406300 0.6462582 0.6511472 0.6589089 0.6637267 0.6690520 0.6766061 0.6829127 0.6875771 0.6907265 0.6941112 0.6913698 0.6859735 0.6799168 0.6731285 0.6620244 0.6514528 0.6459944 0.6382979 0.6325373 0.6289001 0.6295315 0.6266249 0.6214251 0.6151944 0.6044474 0.5930819 0.5828173 0.5732416 0.5618434 0.5520980 0.5472004 0.5457012 0.5407995 0.5407037 0.5416960 0.5404509 0.5395328 0.5451270 0.5516913 0.5562871 0.5691668 0.5815419
0.8037584 0.7687114 0.7340216 0.7094843 0.6997855 0.6914482 0.6843700 0.6795775 0.6780929 0.6701301 0.6658482 0.6664395 0.6635184 0.6644052 0.6686918 0.6746671 0.6831411 0.6871354 0.6913900 0.6956996 0.6976411 0.7002738 0.7040921 0.7078237 0.7104064 0.7134528 0.7132966 0.7106966 0.7080758 0.7072069 0.7046920 0.6981824 0.6928024 0.6837405 0.6731289 0.6638720 0.6591058 0.6541907 0.6482982 0.6408454 0.6362674 0.6293214 0.6213766 0.6186715 0.6133675 0.6073618 0.6023174 0.6054479 0.6040121 0.6031542 0.6047506 0.6101350 0.6101700 0.6101911 0.6183999 0.6200803 0.6231100 0.6308118 0.6488970
0.8359419 0.8126684 0.7893337 0.7697729 0.7598143 0.7523485 0.7437872 0.7389860 0.7335732 0.7268012 0.7239283 0.7233761 0.7206780 0.7214076 0.7242052 0.7307835 0.7344871 0.7369050 0.7432389 0.7425321 0.7413879 0.7414661 0.7450400 0.7429481 0.7400452 0.7378335 0.7372068 0.7338685 0.7308431 0.7319495 0.7302197 0.7258587 0.7187702 0.7117065 0.7024715 0.6930855 0.6879018 0.6820745 0.6768392 0.6731252 0.6738761 0.6714007 0.6688435 0.6717932 0.6727042 0.6710276 0.6719698 0.6767676 0.6756890 0.6754498 0.6791321 0.6852431 0.6860438 0.6918992 0.6986175 0.6997826 0.7008429 0.7098978 0.7202546
0.8555621 0.8469486 0.8352192 0.8210850 0.8077953 0.7929724 0.7805194 0.7736569 0.7667378 0.7633225 0.7626398 0.7644100 0.7653084 0.7681561 0.7713135 0.7744399 0.7751593 0.7757505 0.7769775 0.7754981 0.7738573 0.7732060 0.7716999 0.7676023 0.7630418 0.7592916 0.7556161 0.7508018 0.7446529 0.7385255 0.7339068 0.7289177 0.7230036 0.7187556 0.7157947 0.7133070 0.7129899 0.7130383 0.7131100 0.7170299 0.7203456 0.7213325 0.7237866 0.7326167 0.7367890 0.7390669 0.7488920 0.7514750 0.7531675 0.7550011 0.7670953 0.7688622 0.7716820 0.7763042 0.7910593 0.7947187 0.7973397 0.8049256 0.8030353
0.8466446 0.8429158 0.8388552 0.8314708 0.8236394 0.8158385 0.8079751 0.8010665 0.7925350 0.7857100 0.7824998 0.7801906 0.7799817 0.7803171 0.7790991 0.7783178 0.7776443 0.7748411 0.7709942 0.7708328 0.7701795 0.7652611 0.7603157 0.7559024 0.7514925 0.7409610 0.7359162 0.7306873 0.7244794 0.7152014 0.7119643 0.7099856 0.7087212 0.7109502 0.7142823 0.7183750 0.7226635 0.7272613 0.7324750 0.7387583 0.7463232 0.7523274 0.7598636 0.7688893 0.7761585 0.7832768 0.7927650 0.8024436 0.8095660 0.8182370 0.8267378 0.8334066 0.8404983 0.8511519 0.8603416 0.8662119 0.8727677 0.8791338 0.8780953
0.8211831 0.8230578 0.8246193 0.8242854 0.8238034 0.8243850 0.8228401 0.8196838 0.8128978 0.8042178 0.7955168 0.7856518 0.7768296 0.7684333 0.7601462 0.7547117 0.7498296 0.7433523 0.7378009 0.7341033 0.7292238 0.7207853 0.7131306 0.7085689 0.7013081 0.6931040 0.6896634 0.6868863 0.6818761 0.6811342 0.6834894 0.6862036 0.6888493 0.6942558 0.7001455 0.7048120 0.7107612 0.7169675 0.7239703 0.7299271 0.7387352 0.7477227 0.7564984 0.7680561 0.7804119 0.7936816 0.8047680 0.8170616 0.8290488 0.8403137 0.8514207 0.8619217 0.8719587 0.8816655 0.8895943 0.8964807 0.9038305 0.9117388 0.9156188
0.8020785 0.8057964 0.8100306 0.8135184 0.8174279 0.8216678 0.8239448 0.8241582 0.8234821 0.8188028 0.8111842 0.7993053 0.7836799 0.7665869 0.7481683 0.7320979 0.7200974 0.7073179 0.6962266 0.6858881 0.6775029 0.6669836 0.6620225 0.6576323 0.6534707 0.6480814 0.6487668 0.6501595 0.6510121 0.6552296 0.6602648 0.6646255 0.6684229 0.6743559 0.6796317 0.6848426 0.6914727 0.6980936 0.7040939 0.7105143 0.7193419 0.7294416 0.7401841 0.7519315 0.7652216 0.7773921 0.7903656 0.8046141 0.8192837 0.8317805 0.8451517 0.8583717 0.8698222 0.8794422 0.8894600 0.8985182 0.9066505 0.9147053 0.9212011
0.8016889 0.8055335 0.8103960 0.8155853 0.8192297 0.8226323 0.8251408 0.8266090 0.8274713 0.8266044 0.8224689 0.8145811 0.8039184 0.7886484 0.7667495 0.7419557 0.7169884 0.6949861 0.6757006 0.6601398 0.6488281 0.6403968 0.6349525 0.6318240 0.6295746 0.6293654 0.6313944 0.6348177 0.6378470 0.6419272 0.6466790 0.6504262 0.6561300 0.6620227 0.6681989 0.6735976 0.6809184 0.6876920 0.6967026 0.7041577 0.7119719 0.7208067 0.7300279 0.7389366 0.7484605 0.7584007 0.7704053 0.7832982 0.7965410 0.8085739 0.8228856 0.8370186 0.8497050 0.8607468 0.8732226 0.8839456 0.8934393 0.9031402 0.9113374
0.8184483 0.8215770 0.8252984 0.8298418 0.8321855 0.8342269 0.8372303 0.8381475 0.8375885 0.8358130 0.8305626 0.8224476 0.8137370 0.8036046 0.7892385 0.7701813 0.7469752 0.7274801 0.7051152 0.6849677 0.6724650 0.6599443 0.6499868 0.6448342 0.6430814 0.6412565 0.6409089 0.6422878 0.6450020 0.6480837 0.6528235 0.6582086 0.6634733 0.6691249 0.6767022 0.6848914 0.6920980 0.7002100 0.7087501 0.7150613 0.7211030 0.7281672 0.7347060 0.7410962 0.7481710 0.7570902 0.7664439 0.7759648 0.7851215 0.7946009 0.8056885 0.8177438 0.8288251 0.8410583 0.8540636 0.8664531 0.8762506 0.8865376 0.8962859
0.8342493 0.8359519 0.8387685 0.8417903 0.8430880 0.8440816 0.8441606 0.8441607 0.8426597 0.8383857 0.8324432 0.8261144 0.8196426 0.8139856 0.8080117 0.8003276 0.7935702 0.7835266 0.7682432 0.7510140 0.7388784 0.7226781 0.7051308 0.6964020 0.6875190 0.6804203 0.6758760 0.6762042 0.6750145 0.6744960 0.6754324 0.6821853 0.6873443 0.6922398 0.7012171 0.7083297 0.7152890 0.7220165 0.7313748 0.7372037 0.7425826 0.7511308 0.7565393 0.7624794 0.7687122 0.7775299 0.7823076 0.7877090 0.7941473 0.8012019 0.8082953 0.8165718 0.8262767 0.8366528 0.8476602 0.8588784 0.8694464 0.8797147 0.8892957
0.8336031 0.8351055 0.8324950 0.8328106 0.8337855 0.8342850 0.8301166 0.8284488 0.8265870 0.8215378 0.8212380 0.8219276 0.8221663 0.8230357 0.8230327 0.8223131 0.8223701 0.8223181 0.8178152 0.8111930 0.8087213 0.7956689 0.7787084 0.7621540 0.7493114 0.7343813 0.7255929 0.7222595 0.7177556 0.7147879 0.7145710 0.7168204 0.7181010 0.7208285 0.7280631 0.7337502 0.7400944 0.7479672 0.7558096 0.7624195 0.7686185 0.7780100 0.7848574 0.7905218 0.7979699 0.8035336 0.8058195 0.8082918 0.8132329 0.8179887 0.8223483 0.8280503 0.8337506 0.8400317 0.8475944 0.8554755 0.8637252 0.8720355 0.8802888
0.7893909 0.7891171 0.7845312 0.7862614 0.7879169 0.7856100 0.7825252 0.7849086 0.7878073 0.7864601 0.7930716 0.8013354 0.8070650 0.8134358 0.8206688 0.8270966 0.8325503 0.8376278 0.8404848 0.8434333 0.8450391 0.8427343 0.8347750 0.8238421 0.8085318 0.7901004 0.7754074 0.7623935 0.7524332 0.7467601 0.7453128 0.7433874 0.7427519 0.7433625 0.7476459 0.7516142 0.7568786 0.7646221 0.7714488 0.7787885 0.7859741 0.7948190 0.8019188 0.8073916 0.8132818 0.8197913 0.8237552 0.8259191 0.8279150 0.8303791 0.8328816 0.8343857 0.8354918 0.8378214 0.8405122 0.8435494 0.8482490 0.8535825 0.8574789
0.7048911 0.7037357 0.7036304 0.7076907 0.7115392 0.7054109 0.7098085 0.7156093 0.7225094 0.7231040 0.7340961 0.7456105 0.7522357 0.7663428 0.7805575 0.7933158 0.8025756 0.8137924 0.8227253 0.8280903 0.8305547 0.8371200 0.8404487 0.8395944 0.8352304 0.8248118 0.8094873 0.7910550 0.7711531 0.7566554 0.7484535 0.7457313 0.7461105 0.7472913 0.7490379 0.7522753 0.7566799 0.7614893 0.7672842 0.7735836 0.7787546 0.7844981 0.7902920 0.7961370 0.7979177 0.8034571 0.8095440 0.8109148 0.8129019 0.8156577 0.8173759 0.8133614 0.8135667 0.8141392 0.8124352 0.8113538 0.8135202 0.8164725 0.8154230
