simulation_files/asc/Depth____000076.asc
NCOLS        79
NROWS        79
XLLCENTER         -1.500000
YLLCENTER         -4.800000
CELLSIZE           0.100
NODATA_VALUE     -9999.0
[rows 0 to 25 of 79, columns 0 to 57 of 79]
-9999.000 -9999.000 -9999.000 -9999.000 -9999.000 -9999.000 -9999.000 -9999.000 -9999.000 -9999.000 -9999.000 -9999.000 -9999.000 -9999.000 -9999.000 0.3060791 0.3062174 0.3061498 0.3060351 0.3058866 0.3057081 0.3055016 0.3052680 0.3050081 0.3047231 0.3044153 0.3040886 0.3037494 0.3034232 0.3036989 0.3036989 -9999.000 -9999.000 -9999.000 -9999.000 -9999.000 -9999.000 -9999.000 -9999.000 -9999.000 -9999.000 -9999.000 -9999.000 -9999.000 -9999.000 -9999.000 -9999.000 -9999.000 -9999.000 -9999.000 -9999.000 -9999.000 -9999.000 -9999.000 -9999.000 -9999.000 -9999.000 -9999.000
-9999.000 -9999.000 -9999.000 -9999.000 -9999.000 -9999.000 -9999.000 -9999.000 -9999.000 -9999.000 -9999.000 -9999.000 -9999.000 -9999.000 -9999.000 0.3079654 0.3081200 0.3080525 0.3079450 0.3078083 0.3076456 0.3074588 0.3072495 0.3070191 0.3067696 0.3065032 0.3062219 0.3059272 0.3056327 0.3058997 0.3058997 -9999.000 -9999.000 -9999.000 -9999.000 -9999.000 -9999.000 -9999.000 -9999.000 -9999.000 -9999.000 -9999.000 -9999.000 -9999.000 -9999.000 -9999.000 -9999.000 -9999.000 -9999.000 -9999.000 -9999.000 -9999.000 -9999.000 -9999.000 -9999.000 -9999.000 -9999.000 -9999.000
-9999.000 -9999.000 -9999.000 -9999.000 -9999.000 -9999.000 -9999.000 -9999.000 -9999.000 -9999.000 -9999.000 -9999.000 -9999.000 -9999.000 -9999.000 0.3099617 0.3101552 0.3100888 0.3099827 0.3098491 0.3096914 0.3095110 0.3093088 0.3090852 0.3088408 0.3085758 0.3082901 0.3079825 0.3076662 0.3079643 0.3079643 -9999.000 -9999.000 -9999.000 -9999.000 -9999.000 -9999.000 -9999.000 -9999.000 -9999.000 -9999.000 -9999.000 -9999.000 -9999.000 -9999.000 -9999.000 -9999.000 -9999.000 -9999.000 -9999.000 -9999.000 -9999.000 -9999.000 -9999.000 -9999.000 -9999.000 -9999.000 -9999.000
-9999.000 -9999.000 -9999.000 -9999.000 -9999.000 -9999.000 -9999.000 -9999.000 -9999.000 -9999.000 -9999.000 -9999.000 -9999.000 -9999.000 -9999.000 0.3119932 0.3122181 0.3121508 0.3120439 0.3119102 0.3117527 0.3115726 0.3113699 0.3111442 0.3108947 0.3106203 0.3103191 0.3099878 0.3096381 0.3099540 0.3099540 -9999.000 -9999.000 -9999.000 -9999.000 -9999.000 -9999.000 -9999.000 -9999.000 -9999.000 -9999.000 -9999.000 -9999.000 -9999.000 -9999.000 -9999.000 -9999.000 -9999.000 -9999.000 -9999.000 -9999.000 -9999.000 -9999.000 -9999.000 -9999.000 -9999.000 -9999.000 -9999.000
-9999.000 -9999.000 -9999.000 -9999.000 -9999.000 -9999.000 -9999.000 -9999.000 -9999.000 -9999.000 -9999.000 -9999.000 -9999.000 -9999.000 -9999.000 0.3140506 0.3143003 0.3142301 0.3141199 0.3139828 0.3138216 0.3136368 0.3134278 0.3131932 0.3129312 0.3126390 0.3123131 0.3119479 0.3115534 0.3118768 0.3118768 -9999.000 -9999.000 -9999.000 -9999.000 -9999.000 -9999.000 -9999.000 -9999.000 -9999.000 -9999.000 -9999.000 -9999.000 -9999.000 -9999.000 -9999.000 -9999.000 -9999.000 -9999.000 -9999.000 -9999.000 -9999.000 -9999.000 -9999.000 -9999.000 -9999.000 -9999.000 -9999.000
-9999.000 -9999.000 -9999.000 -9999.000 -9999.000 -9999.000 -9999.000 -9999.000 -9999.000 -9999.000 -9999.000 -9999.000 -9999.000 -9999.000 -9999.000 0.3161263 0.3163946 0.3163194 0.3162039 0.3160608 0.3158925 0.3156992 0.3154793 0.3152305 0.3149495 0.3146321 0.3142729 0.3138635 0.3134105 0.3137312 0.3137312 -9999.000 -9999.000 -9999.000 -9999.000 -9999.000 -9999.000 -9999.000 -9999.000 -9999.000 -9999.000 -9999.000 -9999.000 -9999.000 -9999.000 -9999.000 -9999.000 -9999.000 -9999.000 -9999.000 -9999.000 -9999.000 -9999.000 -9999.000 -9999.000 -9999.000 -9999.000 -9999.000
-9999.000 -9999.000 -9999.000 -9999.000 -9999.000 -9999.000 -9999.000 -9999.000 -9999.000 -9999.000 -9999.000 -9999.000 -9999.000 -9999.000 -9999.000 0.3182136 0.3184949 0.3184127 0.3182903 0.3181391 0.3179613 0.3177563 0.3175217 0.3172538 0.3169480 0.3165982 0.3161963 0.3157305 0.3152024 0.3155077 0.3155077 -9999.000 -9999.000 -9999.000 -9999.000 -9999.000 -9999.000 -9999.000 -9999.000 -9999.000 -9999.000 -9999.000 -9999.000 -9999.000 -9999.000 -9999.000 -9999.000 -9999.000 -9999.000 -9999.000 -9999.000 -9999.000 -9999.000 -9999.000 -9999.000 -9999.000 -9999.000 -9999.000
-9999.000 -9999.000 -9999.000 -9999.000 -9999.000 -9999.000 -9999.000 -9999.000 -9999.000 -9999.000 -9999.000 -9999.000 -9999.000 -9999.000 -9999.000 0.3203066 0.3205957 0.3205048 0.3203740 0.3202133 0.3200240 0.3198046 0.3195518 0.3192604 0.3189238 0.3185335 0.3180781 0.3175410 0.3169155 0.3171872 0.3171872 -9999.000 -9999.000 -9999.000 -9999.000 -9999.000 -9999.000 -9999.000 -9999.000 -9999.000 -9999.000 -9999.000 -9999.000 -9999.000 -9999.000 -9999.000 -9999.000 -9999.000 -9999.000 -9999.000 -9999.000 -9999.000 -9999.000 -9999.000 -9999.000 -9999.000 -9999.000 -9999.000
-9999.000 -9999.000 -9999.000 -9999.000 -9999.000 -9999.000 -9999.000 -9999.000 -9999.000 -9999.000 -9999.000 -9999.000 -9999.000 -9999.000 -9999.000 0.3223993 0.3226916 0.3225901 0.3224502 0.3222787 0.3220762 0.3218402 0.3215657 0.3212460 0.3208719 0.3204318 0.3199094 0.3192814 0.3185286 0.3187373 0.3187373 -9999.000 -9999.000 -9999.000 -9999.000 -9999.000 -9999.000 -9999.000 -9999.000 -9999.000 -9999.000 -9999.000 -9999.000 -9999.000 -9999.000 -9999.000 -9999.000 -9999.000 -9999.000 -9999.000 -9999.000 -9999.000 -9999.000 -9999.000 -9999.000 -9999.000 -9999.000 -9999.000
-9999.000 -9999.000 -9999.000 -9999.000 -9999.000 -9999.000 -9999.000 -9999.000 -9999.000 -9999.000 -9999.000 -9999.000 -9999.000 -9999.000 -9999.000 0.3244849 0.3247762 0.3246627 0.3245130 0.3243299 0.3241127 0.3238577 0.3235581 0.3232047 0.3227851 0.3222832 0.3216764 0.3209310 0.3200084 0.3201042 0.3201042 -9999.000 -9999.000 -9999.000 -9999.000 -9999.000 -9999.000 -9999.000 -9999.000 -9999.000 -9999.000 -9999.000 -9999.000 -9999.000 -9999.000 -9999.000 -9999.000 -9999.000 -9999.000 -9999.000 -9999.000 -9999.000 -9999.000 -9999.000 -9999.000 -9999.000 -9999.000 -9999.000
-9999.000 -9999.000 -9999.000 -9999.000 -9999.000 -9999.000 -9999.000 -9999.000 -9999.000 -9999.000 -9999.000 -9999.000 -9999.000 -9999.000 -9999.000 0.3265548 0.3268421 0.3267152 0.3265551 0.3263597 0.3261265 0.3258499 0.3255210 0.3251272 0.3246520 0.3240728 0.3233579 0.3224582 0.3213036 0.3211966 0.3211966 -9999.000 -9999.000 -9999.000 -9999.000 -9999.000 -9999.000 -9999.000 -9999.000 -9999.000 -9999.000 -9999.000 -9999.000 -9999.000 -9999.000 -9999.000 -9999.000 -9999.000 -9999.000 -9999.000 -9999.000 -9999.000 -9999.000 -9999.000 -9999.000 -9999.000 -9999.000 -9999.000
-9999.000 -9999.000 -9999.000 -9999.000 -9999.000 -9999.000 -9999.000 -9999.000 -9999.000 -9999.000 -9999.000 -9999.000 -9999.000 -9999.000 -9999.000 0.3285985 0.3288800 0.3287379 0.3285668 0.3283582 0.3281073 0.3278062 0.3274426 0.3269997 0.3264551 0.3257774 0.3249210 0.3238128 0.3223312 0.3218499 0.3218499 -9999.000 -9999.000 -9999.000 -9999.000 -9999.000 -9999.000 -9999.000 -9999.000 -9999.000 -9999.000 -9999.000 -9999.000 -9999.000 -9999.000 -9999.000 -9999.000 -9999.000 -9999.000 -9999.000 -9999.000 -9999.000 -9999.000 -9999.000 -9999.000 -9999.000 -9999.000 -9999.000
-9999.000 -9999.000 -9999.000 -9999.000 -9999.000 -9999.000 -9999.000 -9999.000 -9999.000 -9999.000 -9999.000 -9999.000 -9999.000 -9999.000 -9999.000 0.3306023 0.3308780 0.3307186 0.3305351 0.3303116 0.3300404 0.3297103 0.3293045 0.3288003 0.3281665 0.3273593 0.3263116 0.3249114 0.3229493 0.3217394 0.3217394 -9999.000 -9999.000 -9999.000 -9999.000 -9999.000 -9999.000 -9999.000 -9999.000 -9999.000 -9999.000 -9999.000 -9999.000 -9999.000 -9999.000 -9999.000 -9999.000 -9999.000 -9999.000 -9999.000 -9999.000 -9999.000 -9999.000 -9999.000 -9999.000 -9999.000 -9999.000 -9999.000
-9999.000 -9999.000 -9999.000 -9999.000 -9999.000 -9999.000 -9999.000 -9999.000 -9999.000 -9999.000 -9999.000 -9999.000 -9999.000 -9999.000 -9999.000 0.3325350 0.3328136 0.3326364 0.3324392 0.3321989 0.3319041 0.3315385 0.3310791 0.3304943 0.3297405 0.3287538 0.3274331 0.3256010 0.3228913 0.3201403 0.3201403 -9999.000 -9999.000 -9999.000 -9999.000 -9999.000 -9999.000 -9999.000 -9999.000 -9999.000 -9999.000 -9999.000 -9999.000 -9999.000 -9999.000 -9999.000 -9999.000 -9999.000 -9999.000 -9999.000 -9999.000 -9999.000 -9999.000 -9999.000 -9999.000 -9999.000 -9999.000 -9999.000
-9999.000 -9999.000 -9999.000 -9999.000 -9999.000 -9999.000 -9999.000 -9999.000 -9999.000 -9999.000 -9999.000 -9999.000 -9999.000 -9999.000 -9999.000 0.3332942 0.3342634 0.3342952 0.3342331 0.3340726 0.3338133 0.3334424 0.3329335 0.3322461 0.3313202 0.3300635 0.3283201 0.3257923 0.3217862 0.3148688 0.3148688 -9999.000 -9999.000 -9999.000 -9999.000 -9999.000 -9999.000 -9999.000 -9999.000 -9999.000 -9999.000 -9999.000 -9999.000 -9999.000 -9999.000 -9999.000 -9999.000 -9999.000 -9999.000 -9999.000 -9999.000 -9999.000 -9999.000 -9999.000 -9999.000 -9999.000 -9999.000 -9999.000
0.3006875 0.3006875 0.2887442 0.2811835 0.2786312 0.2786312 0.2764824 0.2729595 0.2729595 0.2700806 0.2700806 0.2676108 0.2664911 0.2769857 0.3211073 0.3211073 0.3417872 0.3423262 0.3428053 0.3431204 0.3431582 0.3427874 0.3418716 0.3402783 0.3378657 0.3344214 0.3295025 0.3220167 0.3088227 0.2742592 0.2742592 0.1403754 0.1166663 0.1153142 0.1208844 0.1208844 0.1365479 0.1365479 0.1644187 0.1644187 0.2060448 0.2294082 0.2294082 0.2324636 0.2324636 0.2312775 0.2312775 0.2312775 0.2263138 0.2263138 0.2213555 0.2213555 0.2171610 0.2171610 0.2112572 0.2112572 0.2074880 0.2074880
0.2995249 0.2995249 0.2880172 0.2806950 0.2781725 0.2781725 0.2760350 0.2725194 0.2725194 0.2696476 0.2696476 0.2671870 0.2660719 0.2713751 0.3143927 0.3143927 0.3351875 0.3354046 0.3357440 0.3362061 0.3367023 0.3370820 0.3371457 0.3366444 0.3352643 0.3325914 0.3280292 0.3205730 0.3080554 0.2830472 0.2830472 0.1878353 0.1574221 0.1362038 0.1334852 0.1334852 0.1387949 0.1387949 0.1592680 0.1592680 0.1896036 0.2301703 0.2301703 0.2330547 0.2330547 0.2310634 0.2310634 0.2310634 0.2259773 0.2259773 0.2210047 0.2210047 0.2174552 0.2174552 0.2109594 0.2109594 0.2072079 0.2072079
0.2989064 0.2989064 0.2877631 0.2806537 0.2781570 0.2781570 0.2760262 0.2725058 0.2725058 0.2696286 0.2696286 0.2671662 0.2660506 0.2690313 0.3055954 0.3055954 0.3303975 0.3298556 0.3294960 0.3293945 0.3294928 0.3296509 0.3296644 0.3292713 0.3281447 0.3258639 0.3218459 0.3151725 0.3040499 0.2832451 0.2832451 0.2110931 0.1804101 0.1524670 0.1464873 0.1464873 0.1467901 0.1467901 0.1617229 0.1617229 0.1817533 0.2270463 0.2270463 0.2347206 0.2347206 0.2315594 0.2315594 0.2315594 0.2260686 0.2260686 0.2209852 0.2209852 0.2168366 0.2168366 0.2112972 0.2112972 0.2073716 0.2073716
0.2984223 0.2984223 0.2875434 0.2806216 0.2781529 0.2781529 0.2760307 0.2725072 0.2725072 0.2696261 0.2696261 0.2671642 0.2660497 0.2675690 0.2960814 0.2960814 0.3261408 0.3248126 0.3237305 0.3230149 0.3226118 0.3223820 0.3221202 0.3215625 0.3203846 0.3181855 0.3144418 0.3083861 0.2986005 0.2807815 0.2807815 0.2250965 0.1971215 0.1684043 0.1617790 0.1617790 0.1602938 0.1602938 0.1701613 0.1701613 0.1818412 0.2191818 0.2191818 0.2341234 0.2341234 0.2314353 0.2314353 0.2314353 0.2259330 0.2259330 0.2206985 0.2206985 0.2163261 0.2163261 0.2112867 0.2112867 0.2073495 0.2073495
0.2980585 0.2980585 0.2873645 0.2805936 0.2781507 0.2781507 0.2760366 0.2725094 0.2725094 0.2696241 0.2696241 0.2671626 0.2660491 0.2666309 0.2866126 0.2866126 0.3218018 0.3196226 0.3177861 0.3164675 0.3155912 0.3149990 0.3144729 0.3137424 0.3124880 0.3103326 0.3068151 0.3013241 0.2928401 0.2777642 0.2777642 0.2335219 0.2096980 0.1842464 0.1788736 0.1788736 0.1777427 0.1777427 0.1827514 0.1827514 0.1880310 0.2115271 0.2115271 0.2298628 0.2298628 0.2304109 0.2304109 0.2304109 0.2252763 0.2252763 0.2200450 0.2200450 0.2155686 0.2155686 0.2109590 0.2109590 0.2072012 0.2072012
0.2978052 0.2978052 0.2872331 0.2805716 0.2781495 0.2781495 0.2760421 0.2725116 0.2725116 0.2696224 0.2696224 0.2671612 0.2660486 0.2660322 0.2792450 0.2792450 0.3171166 0.3140131 0.3113368 0.3093868 0.3080509 0.3071405 0.3064129 0.3055797 0.3043154 0.3022574 0.2989956 0.2940692 0.2869052 0.2745240 0.2745240 0.2394216 0.2203071 0.2012253 0.1980908 0.1980908 0.1971418 0.1971418 0.1968202 0.1968202 0.1973471 0.2074556 0.2074556 0.2230729 0.2230729 0.2278758 0.2278758 0.2278758 0.2238165 0.2238165 0.2189495 0.2189495 0.2145814 0.2145814 0.2104077 0.2104077 0.2069881 0.2069881
0.2976558 0.2976558 0.2871530 0.2805576 0.2781488 0.2781488 0.2760459 0.2725133 0.2725133 0.2696214 0.2696214 0.2671602 0.2660483 0.2656520 0.2741773 0.2741773 0.3116826 0.3077776 0.3041891 0.3015590 0.2997461 0.2985358 0.2976604 0.2968042 0.2956218 0.2937469 0.2907982 0.2864636 0.2806920 0.2714930 0.2714930 0.2451322 0.2312491 0.2204318 0.2191354 0.2191354 0.2162006 0.2162006 0.2102511 0.2102511 0.2073384 0.2074239 0.2074239 0.2164619 0.2164619 0.2237151 0.2237151 0.2237151 0.2213108 0.2213108 0.2172798 0.2172798 0.2133301 0.2133301 0.2096953 0.2096953 0.2067532 0.2067532
0.2976063 0.2976063 0.2871262 0.2805527 0.2781487 0.2781487 0.2760472 0.2725139 0.2725139 0.2696210 0.2696210 0.2671599 0.2660482 0.2654113 0.2706921 0.2706921 0.3046942 0.3006168 0.2961441 0.2928181 0.2905062 0.2889878 0.2879892 0.2871737 0.2861650 0.2845693 0.2819997 0.2783310 0.2745275 0.2698622 0.2698622 0.2524093 0.2448487 0.2416264 0.2403715 0.2403715 0.2329986 0.2329986 0.2219952 0.2219952 0.2166922 0.2101524 0.2101524 0.2120356 0.2120356 0.2185257 0.2185257 0.2185257 0.2177589 0.2177589 0.2149382 0.2149382 0.2117634 0.2117634 0.2088436 0.2088436 0.2065197 0.2065197
0.2976557 0.2976557 0.2871530 0.2805576 0.2781488 0.2781488 0.2760459 0.2725133 0.2725133 0.2696214 0.2696214 0.2671602 0.2660483 0.2652594 0.2683575 0.2683575 0.2950088 0.2920116 0.2869655 0.2829528 0.2801140 0.2782826 0.2771837 0.2764602 0.2757024 0.2744816 0.2724019 0.2696700 0.2690637 0.2712299 0.2712299 0.2635593 0.2626931 0.2627583 0.2595066 0.2595066 0.2466986 0.2466986 0.2318305 0.2318305 0.2249130 0.2141761 0.2141761 0.2102031 0.2102031 0.2132832 0.2132832 0.2132832 0.2134850 0.2134850 0.2119578 0.2119578 0.2098532 0.2098532 0.2078589 0.2078589 0.2063025 0.2063025
0.2978052 0.2978052 0.2872331 0.2805717 0.2781495 0.2781495 0.2760421 0.2725117 0.2725117 0.2696224 0.2696224 0.2671612 0.2660486 0.2651638 0.2668253 0.2668253 0.2833212 0.2812700 0.2761064 0.2715599 0.2682581 0.2661558 0.2650032 0.2644363 0.2640182 0.2632819 0.2618253 0.2605518 0.2657786 0.2780564 0.2780564 0.2804163 0.2840932 0.2812825 0.2751730 0.2751730 0.2574373 0.2574373 0.2398819 0.2398819 0.2318704 0.2184682 0.2184682 0.2103256 0.2103256 0.2088139 0.2088139 0.2088139 0.2090274 0.2090274 0.2085457 0.2085457 0.2076477 0.2076477 0.2067625 0.2067625 0.2061069 0.2061069
0.2980584 0.2980584 0.2873645 0.2805936 0.2781506 0.2781506 0.2760366 0.2725094 0.2725094 0.2696241 0.2696241 0.2671626 0.2660491 0.2651038 0.2658377 0.2658377 0.2702031 0.2677949 0.2627987 0.2580628 0.2545129 0.2522747 0.2511665 0.2508462 0.2508684 0.2507348 0.2500714 0.2515146 0.2682369 0.2924867 0.2924867 0.3018112 0.3055256 0.2963727 0.2879556 0.2879556 0.2656857 0.2656857 0.2462831 0.2462831 0.2375179 0.2224133 0.2224133 0.2115079 0.2115079 0.2055013 0.2055013 0.2055013 0.2049261 0.2049261 0.2050451 0.2050451 0.2052996 0.2052996 0.2056119 0.2056119 0.2059348 0.2059348
