simulation_files/asc/Depth____195.0.asc
NCOLS        79
NROWS        79
XLLCENTER         -1.500000
YLLCENTER         -4.800000
CELLSIZE           0.100
NODATA_VALUE     -9999.0
[rows 0 to 25 of 79, columns 0 to 58 of 79]
-9999.000 -9999.000 -9999.000 -9999.000 -9999.000 -9999.000 -9999.000 -9999.000 -9999.000 -9999.000 -9999.000 -9999.000 -9999.000 -9999.000 -9999.000 0.7526959 0.7532552 0.7535980 0.7537675 0.7536726 0.7534055 0.7530729 0.7527201 0.7523677 0.7520487 0.7517580 0.7514951 0.7512398 0.7508929 0.7508723 0.7508723 -9999.000 -9999.000 -9999.000 -9999.000 -9999.000 -9999.000 -9999.000 -9999.000 -9999.000 -9999.000 -9999.000 -9999.000 -9999.000 -9999.000 -9999.000 -9999.000 -9999.000 -9999.000 -9999.000 -9999.000 -9999.000 -9999.000 -9999.000 -9999.000 -9999.000 -9999.000 -9999.000 -9999.000
-9999.000 -9999.000 -9999.000 -9999.000 -9999.000 -9999.000 -9999.000 -9999.000 -9999.000 -9999.000 -9999.000 -9999.000 -9999.000 -9999.000 -9999.000 0.7545369 0.7550275 0.7553051 0.7554415 0.7553626 0.7551475 0.7548860 0.7546137 0.7543458 0.7541082 0.7538945 0.7537029 0.7535146 0.7532411 0.7533058 0.7533058 -9999.000 -9999.000 -9999.000 -9999.000 -9999.000 -9999.000 -9999.000 -9999.000 -9999.000 -9999.000 -9999.000 -9999.000 -9999.000 -9999.000 -9999.000 -9999.000 -9999.000 -9999.000 -9999.000 -9999.000 -9999.000 -9999.000 -9999.000 -9999.000 -9999.000 -9999.000 -9999.000 -9999.000
-9999.000 -9999.000 -9999.000 -9999.000 -9999.000 -9999.000 -9999.000 -9999.000 -9999.000 -9999.000 -9999.000 -9999.000 -9999.000 -9999.000 -9999.000 0.7564467 0.7569780 0.7572713 0.7574208 0.7573498 0.7571396 0.7568831 0.7566172 0.7563566 0.7561276 0.7559224 0.7557380 0.7555537 0.7552760 0.7553372 0.7553372 -9999.000 -9999.000 -9999.000 -9999.000 -9999.000 -9999.000 -9999.000 -9999.000 -9999.000 -9999.000 -9999.000 -9999.000 -9999.000 -9999.000 -9999.000 -9999.000 -9999.000 -9999.000 -9999.000 -9999.000 -9999.000 -9999.000 -9999.000 -9999.000 -9999.000 -9999.000 -9999.000 -9999.000
-9999.000 -9999.000 -9999.000 -9999.000 -9999.000 -9999.000 -9999.000 -9999.000 -9999.000 -9999.000 -9999.000 -9999.000 -9999.000 -9999.000 -9999.000 0.7584035 0.7589632 0.7592669 0.7594234 0.7593543 0.7591422 0.7588837 0.7586163 0.7583545 0.7581257 0.7579206 0.7577358 0.7575494 0.7572619 0.7573032 0.7573032 -9999.000 -9999.000 -9999.000 -9999.000 -9999.000 -9999.000 -9999.000 -9999.000 -9999.000 -9999.000 -9999.000 -9999.000 -9999.000 -9999.000 -9999.000 -9999.000 -9999.000 -9999.000 -9999.000 -9999.000 -9999.000 -9999.000 -9999.000 -9999.000 -9999.000 -9999.000 -9999.000 -9999.000
-9999.000 -9999.000 -9999.000 -9999.000 -9999.000 -9999.000 -9999.000 -9999.000 -9999.000 -9999.000 -9999.000 -9999.000 -9999.000 -9999.000 -9999.000 0.7603763 0.7609601 0.7612718 0.7614329 0.7613628 0.7611454 0.7608815 0.7606090 0.7603423 0.7601102 0.7599016 0.7597133 0.7595217 0.7592204 0.7592292 0.7592292 -9999.000 -9999.000 -9999.000 -9999.000 -9999.000 -9999.000 -9999.000 -9999.000 -9999.000 -9999.000 -9999.000 -9999.000 -9999.000 -9999.000 -9999.000 -9999.000 -9999.000 -9999.000 -9999.000 -9999.000 -9999.000 -9999.000 -9999.000 -9999.000 -9999.000 -9999.000 -9999.000 -9999.000
-9999.000 -9999.000 -9999.000 -9999.000 -9999.000 -9999.000 -9999.000 -9999.000 -9999.000 -9999.000 -9999.000 -9999.000 -9999.000 -9999.000 -9999.000 0.7623523 0.7629585 0.7632771 0.7634414 0.7633685 0.7631441 0.7628732 0.7625940 0.7623208 0.7620839 0.7618704 0.7616769 0.7614784 0.7611601 0.7611243 0.7611243 -9999.000 -9999.000 -9999.000 -9999.000 -9999.000 -9999.000 -9999.000 -9999.000 -9999.000 -9999.000 -9999.000 -9999.000 -9999.000 -9999.000 -9999.000 -9999.000 -9999.000 -9999.000 -9999.000 -9999.000 -9999.000 -9999.000 -9999.000 -9999.000 -9999.000 -9999.000 -9999.000 -9999.000
-9999.000 -9999.000 -9999.000 -9999.000 -9999.000 -9999.000 -9999.000 -9999.000 -9999.000 -9999.000 -9999.000 -9999.000 -9999.000 -9999.000 -9999.000 0.7643259 0.7649541 0.7652785 0.7654449 0.7653684 0.7651357 0.7648569 0.7645702 0.7642896 0.7640476 0.7638283 0.7636289 0.7634222 0.7630837 0.7629893 0.7629893 -9999.000 -9999.000 -9999.000 -9999.000 -9999.000 -9999.000 -9999.000 -9999.000 -9999.000 -9999.000 -9999.000 -9999.000 -9999.000 -9999.000 -9999.000 -9999.000 -9999.000 -9999.000 -9999.000 -9999.000 -9999.000 -9999.000 -9999.000 -9999.000 -9999.000 -9999.000 -9999.000 -9999.000
-9999.000 -9999.000 -9999.000 -9999.000 -9999.000 -9999.000 -9999.000 -9999.000 -9999.000 -9999.000 -9999.000 -9999.000 -9999.000 -9999.000 -9999.000 0.7662948 0.7669449 0.7672741 0.7674417 0.7673606 0.7671185 0.7668310 0.7665365 0.7662480 0.7660006 0.7657751 0.7655692 0.7653533 0.7649910 0.7648210 0.7648210 -9999.000 -9999.000 -9999.000 -9999.000 -9999.000 -9999.000 -9999.000 -9999.000 -9999.000 -9999.000 -9999.000 -9999.000 -9999.000 -9999.000 -9999.000 -9999.000 -9999.000 -9999.000 -9999.000 -9999.000 -9999.000 -9999.000 -9999.000 -9999.000 -9999.000 -9999.000 -9999.000 -9999.000
-9999.000 -9999.000 -9999.000 -9999.000 -9999.000 -9999.000 -9999.000 -9999.000 -9999.000 -9999.000 -9999.000 -9999.000 -9999.000 -9999.000 -9999.000 0.7682578 0.7689300 0.7692629 0.7694306 0.7693437 0.7690913 0.7687947 0.7684917 0.7681947 0.7679419 0.7677098 0.7674969 0.7672706 0.7668805 0.7666123 0.7666123 -9999.000 -9999.000 -9999.000 -9999.000 -9999.000 -9999.000 -9999.000 -9999.000 -9999.000 -9999.000 -9999.000 -9999.000 -9999.000 -9999.000 -9999.000 -9999.000 -9999.000 -9999.000 -9999.000 -9999.000 -9999.000 -9999.000 -9999.000 -9999.000 -9999.000 -9999.000 -9999.000 -9999.000
-9999.000 -9999.000 -9999.000 -9999.000 -9999.000 -9999.000 -9999.000 -9999.000 -9999.000 -9999.000 -9999.000 -9999.000 -9999.000 -9999.000 -9999.000 0.7702141 0.7709083 0.7712438 0.7714105 0.7713168 0.7710528 0.7707464 0.7704346 0.7701287 0.7698702 0.7696310 0.7694104 0.7691723 0.7687492 0.7683527 0.7683527 -9999.000 -9999.000 -9999.000 -9999.000 -9999.000 -9999.000 -9999.000 -9999.000 -9999.000 -9999.000 -9999.000 -9999.000 -9999.000 -9999.000 -9999.000 -9999.000 -9999.000 -9999.000 -9999.000 -9999.000 -9999.000 -9999.000 -9999.000 -9999.000 -9999.000 -9999.000 -9999.000 -9999.000
-9999.000 -9999.000 -9999.000 -9999.000 -9999.000 -9999.000 -9999.000 -9999.000 -9999.000 -9999.000 -9999.000 -9999.000 -9999.000 -9999.000 -9999.000 0.7721627 0.7728791 0.7732158 0.7733803 0.7732784 0.7730014 0.7726849 0.7723638 0.7720482 0.7717842 0.7715369 0.7713075 0.7710556 0.7705935 0.7700276 0.7700276 -9999.000 -9999.000 -9999.000 -9999.000 -9999.000 -9999.000 -9999.000 -9999.000 -9999.000 -9999.000 -9999.000 -9999.000 -9999.000 -9999.000 -9999.000 -9999.000 -9999.000 -9999.000 -9999.000 -9999.000 -9999.000 -9999.000 -9999.000 -9999.000 -9999.000 -9999.000 -9999.000 -9999.000
-9999.000 -9999.000 -9999.000 -9999.000 -9999.000 -9999.000 -9999.000 -9999.000 -9999.000 -9999.000 -9999.000 -9999.000 -9999.000 -9999.000 -9999.000 0.7741009 0.7748399 0.7751762 0.7753376 0.7752265 0.7749355 0.7746083 0.7742777 0.7739519 0.7736824 0.7734260 0.7731864 0.7729180 0.7724086 0.7716159 0.7716159 -9999.000 -9999.000 -9999.000 -9999.000 -9999.000 -9999.000 -9999.000 -9999.000 -9999.000 -9999.000 -9999.000 -9999.000 -9999.000 -9999.000 -9999.000 -9999.000 -9999.000 -9999.000 -9999.000 -9999.000 -9999.000 -9999.000 -9999.000 -9999.000 -9999.000 -9999.000 -9999.000 -9999.000
-9999.000 -9999.000 -9999.000 -9999.000 -9999.000 -9999.000 -9999.000 -9999.000 -9999.000 -9999.000 -9999.000 -9999.000 -9999.000 -9999.000 -9999.000 0.7760096 0.7767745 0.7771098 0.7772734 0.7771605 0.7768579 0.7765198 0.7761793 0.7758421 0.7755667 0.7752995 0.7750474 0.7747584 0.7741911 0.7730893 0.7730893 -9999.000 -9999.000 -9999.000 -9999.000 -9999.000 -9999.000 -9999.000 -9999.000 -9999.000 -9999.000 -9999.000 -9999.000 -9999.000 -9999.000 -9999.000 -9999.000 -9999.000 -9999.000 -9999.000 -9999.000 -9999.000 -9999.000 -9999.000 -9999.000 -9999.000 -9999.000 -9999.000 -9999.000
-9999.000 -9999.000 -9999.000 -9999.000 -9999.000 -9999.000 -9999.000 -9999.000 -9999.000 -9999.000 -9999.000 -9999.000 -9999.000 -9999.000 -9999.000 0.7773968 0.7782775 0.7787228 0.7791228 0.7791821 0.7789177 0.7785653 0.7782045 0.7778411 0.7775452 0.7772507 0.7769710 0.7766464 0.7759995 0.7744738 0.7744738 -9999.000 -9999.000 -9999.000 -9999.000 -9999.000 -9999.000 -9999.000 -9999.000 -9999.000 -9999.000 -9999.000 -9999.000 -9999.000 -9999.000 -9999.000 -9999.000 -9999.000 -9999.000 -9999.000 -9999.000 -9999.000 -9999.000 -9999.000 -9999.000 -9999.000 -9999.000 -9999.000 -9999.000
-9999.000 -9999.000 -9999.000 -9999.000 -9999.000 -9999.000 -9999.000 -9999.000 -9999.000 -9999.000 -9999.000 -9999.000 -9999.000 -9999.000 -9999.000 0.7614070 0.7727057 0.7790417 0.7839984 0.7860359 0.7855197 0.7843104 0.7831246 0.7820224 0.7811208 0.7803295 0.7796521 0.7789905 0.7779657 0.7750976 0.7750976 -9999.000 -9999.000 -9999.000 -9999.000 -9999.000 -9999.000 -9999.000 -9999.000 -9999.000 -9999.000 -9999.000 -9999.000 -9999.000 -9999.000 -9999.000 -9999.000 -9999.000 -9999.000 -9999.000 -9999.000 -9999.000 -9999.000 -9999.000 -9999.000 -9999.000 -9999.000 -9999.000 -9999.000
0.8779870 0.8779870 0.8847485 0.8588788 0.8542162 0.8542162 0.8505237 0.8444676 0.8444676 0.8394858 0.8394858 0.8352237 0.8332928 0.8314687 0.8297257 0.8297257 0.7847988 0.7833024 0.7820982 0.7805460 0.7808344 0.7826212 0.7848142 0.7872466 0.7906480 0.7937049 0.7964106 0.7977776 0.7939884 0.7692259 0.7692259 0.5584542 0.5174811 0.4889391 0.4789877 0.4789877 0.4615893 0.4615893 0.4543783 0.4543783 0.4589240 0.4926211 0.4926211 0.5638171 0.5638171 0.6775050 0.6775050 0.6775050 0.6905245 0.6905245 0.6850224 0.6850224 0.6713718 0.6713718 0.6552742 0.6552742 0.6393851 0.6393851 0.6393851
0.8747039 0.8747039 0.8835365 0.8578699 0.8530790 0.8530790 0.8493497 0.8432938 0.8432938 0.8383318 0.8383318 0.8340887 0.8321665 0.8303511 0.8286167 0.8286167 0.7908937 0.7839286 0.7783568 0.7732194 0.7692881 0.7665509 0.7647243 0.7638014 0.7641109 0.7652358 0.7670870 0.7692478 0.7701603 0.7639009 0.7639009 0.6274300 0.5694597 0.5092478 0.4912490 0.4912490 0.4673219 0.4673219 0.4595132 0.4595132 0.4640929 0.4951462 0.4951462 0.5554452 0.5554452 0.6634560 0.6634560 0.6634560 0.6863188 0.6863188 0.6840618 0.6840618 0.6715379 0.6715379 0.6558622 0.6558622 0.6401616 0.6401616 0.6401616
0.8731012 0.8731012 0.8829741 0.8580087 0.8531410 0.8531410 0.8493505 0.8432525 0.8432525 0.8382845 0.8382845 0.8340378 0.8321132 0.8302950 0.8285560 0.8285560 0.7957392 0.7845222 0.7748341 0.7661077 0.7587094 0.7527674 0.7481512 0.7447845 0.7428209 0.7420671 0.7424105 0.7435663 0.7444392 0.7407159 0.7407159 0.6581028 0.6003673 0.5274004 0.5040390 0.5040390 0.4755098 0.4755098 0.4713208 0.4713208 0.4792944 0.5131572 0.5131572 0.5622831 0.5622831 0.6509572 0.6509572 0.6509572 0.6782588 0.6782588 0.6802843 0.6802843 0.6698757 0.6698757 0.6551049 0.6551049 0.6398317 0.6398317 0.6398317
0.8720719 0.8720719 0.8820855 0.8581566 0.8532464 0.8532464 0.8493912 0.8432456 0.8432456 0.8382780 0.8382780 0.8340356 0.8321122 0.8302947 0.8285524 0.8285524 0.7992729 0.7847122 0.7712199 0.7589180 0.7481624 0.7391610 0.7319006 0.7263023 0.7223893 0.7200203 0.7190451 0.7192135 0.7197357 0.7175623 0.7175623 0.6671014 0.6178716 0.5438722 0.5184253 0.5184253 0.4903066 0.4903066 0.4946561 0.4946561 0.5072398 0.5411938 0.5411938 0.5749891 0.5749891 0.6373118 0.6373118 0.6373118 0.6650547 0.6650547 0.6719405 0.6719405 0.6651852 0.6651852 0.6524536 0.6524536 0.6383439 0.6383439 0.6383439
0.8716270 0.8716270 0.8808379 0.8583182 0.8533651 0.8533651 0.8494418 0.8432424 0.8432424 0.8382739 0.8382739 0.8340350 0.8321118 0.8302940 0.8285459 0.8285459 0.8010648 0.7837452 0.7668577 0.7511807 0.7372010 0.7252047 0.7152770 0.7073861 0.7015097 0.6975294 0.6952807 0.6945194 0.6946411 0.6934970 0.6934970 0.6627761 0.6239980 0.5565872 0.5330444 0.5330444 0.5141045 0.5141045 0.5315735 0.5315735 0.5470108 0.5733967 0.5733967 0.5892148 0.5892148 0.6244210 0.6244210 0.6244210 0.6487457 0.6487457 0.6595492 0.6595492 0.6573920 0.6573920 0.6478478 0.6478478 0.6357709 0.6357709 0.6357709
0.8721174 0.8721174 0.8789740 0.8584775 0.8534738 0.8534738 0.8494866 0.8432357 0.8432357 0.8382664 0.8382664 0.8340331 0.8321120 0.8302957 0.8285404 0.8285404 0.8008477 0.7810096 0.7610883 0.7423254 0.7253585 0.7105400 0.6980243 0.6878346 0.6799504 0.6742791 0.6706706 0.6689013 0.6684996 0.6679657 0.6679657 0.6496975 0.6211271 0.5661781 0.5495500 0.5495500 0.5505791 0.5505791 0.5798034 0.5798034 0.5926842 0.6036124 0.6036124 0.6024008 0.6024008 0.6141434 0.6141434 0.6141434 0.6320808 0.6320808 0.6445410 0.6445410 0.6468186 0.6468186 0.6412475 0.6412475 0.6320538 0.6320538 0.6320538
0.8722142 0.8722142 0.8779894 0.8585897 0.8535497 0.8535497 0.8495193 0.8432329 0.8432329 0.8382629 0.8382629 0.8340323 0.8321120 0.8302960 0.8285292 0.8285292 0.7983523 0.7759486 0.7532321 0.7316874 0.7120404 0.6946756 0.6797806 0.6674157 0.6575763 0.6501975 0.6451585 0.6422716 0.6411797 0.6408808 0.6408808 0.6305993 0.6114650 0.5760365 0.5733719 0.5733719 0.6019171 0.6019171 0.6313252 0.6313252 0.6355289 0.6282522 0.6282522 0.6138025 0.6138025 0.6072964 0.6072964 0.6072964 0.6172690 0.6172690 0.6286753 0.6286753 0.6341820 0.6341820 0.6327685 0.6327685 0.6271408 0.6271408 0.6271408
0.8722466 0.8722466 0.8776615 0.8586273 0.8535759 0.8535759 0.8495307 0.8432320 0.8432320 0.8382615 0.8382615 0.8340319 0.8321118 0.8302962 0.8285121 0.8285121 0.7932239 0.7679830 0.7425852 0.7185376 0.6965547 0.6769982 0.6600450 0.6457602 0.6341466 0.6251594 0.6187087 0.6146511 0.6127387 0.6124137 0.6124137 0.6075038 0.5976103 0.5934810 0.6128870 0.6128870 0.6630933 0.6630933 0.6757171 0.6757171 0.6691760 0.6470092 0.6470092 0.6236880 0.6236880 0.6037489 0.6037489 0.6037489 0.6055269 0.6055269 0.6135840 0.6135840 0.6205004 0.6205004 0.6227692 0.6227692 0.6210865 0.6210865 0.6210865
0.8722146 0.8722146 0.8779885 0.8585899 0.8535499 0.8535499 0.8495194 0.8432330 0.8432330 0.8382628 0.8382628 0.8340322 0.8321118 0.8302960 0.8284873 0.8284873 0.7849022 0.7563926 0.7283329 0.7020394 0.6780972 0.6567740 0.6381838 0.6223580 0.6092840 0.5989211 0.5912016 0.5860245 0.5832664 0.5829256 0.5829256 0.5825520 0.5840289 0.6297372 0.6731292 0.6731292 0.7206727 0.7206727 0.7075455 0.7075455 0.6927259 0.6612430 0.6612430 0.6324104 0.6324104 0.6027874 0.6027874 0.6027874 0.5971058 0.5971058 0.6004414 0.6004414 0.6068998 0.6068998 0.6118653 0.6118653 0.6141179 0.6141179 0.6141179
0.8721182 0.8721182 0.8789723 0.8584780 0.8534740 0.8534740 0.8494869 0.8432357 0.8432357 0.8382664 0.8382664 0.8340330 0.8321118 0.8302956 0.8284517 0.8284517 0.7724894 0.7401822 0.7094454 0.6811838 0.6557172 0.6331346 0.6134304 0.5965601 0.5824685 0.5710981 0.5623879 0.5562753 0.5528348 0.5531958 0.5531958 0.5595229 0.5802326 0.6923947 0.7452987 0.7452987 0.7618529 0.7618529 0.7279831 0.7279831 0.7087579 0.6724099 0.6724099 0.6401452 0.6401452 0.6035647 0.6035647 0.6035647 0.5916428 0.5916428 0.5898620 0.5898620 0.5944168 0.5944168 0.6008693 0.6008693 0.6066667 0.6066667 0.6066667
0.8716281 0.8716281 0.8808357 0.8583187 0.8533655 0.8533655 0.8494424 0.8432425 0.8432425 0.8382739 0.8382739 0.8340348 0.8321115 0.8302937 0.8283989 0.8283989 0.7545066 0.7178689 0.6845140 0.6546723 0.6282400 0.6050312 0.5848603 0.5675686 0.5530309 0.5411538 0.5318676 0.5251560 0.5216027 0.5256253 0.5256253 0.5478454 0.6040063 0.7710085 0.8065457 0.8065457 0.7848153 0.7848153 0.7410112 0.7410112 0.7200452 0.6813238 0.6813238 0.6468182 0.6468182 0.6052828 0.6052828 0.6052828 0.5884752 0.5884752 0.5819501 0.5819501 0.5838278 0.5838278 0.5906604 0.5906604 0.5993342 0.5993342 0.5993342
