simulation_files/asc/Depth____515.0.asc
NCOLS       216
NROWS       273
XLLCENTER        494.688995
YLLCENTER        787.867981
CELLSIZE           0.500
NODATA_VALUE     -9999.0
[rows 162 to 188 of 273, columns 118 to 176 of 216]
2.041542 2.717190 2.914201 2.952011 2.963508 2.972724 2.750293 2.176738 1.553220 0.6360636 0.1709089 0.9689988E-01 0.1278591 0.1682375 0.1518080 0.1404237 0.1673369 0.1839739 0.2083123 0.2186984 0.2119464 0.1647503 0.1214854 0.1261142 0.1550796 0.1616518 0.1257268 0.8712420E-01 -9999.000 -9999.000 -9999.000 -9999.000 -9999.000 -9999.000 -9999.000 -9999.000 -9999.000 -9999.000 -9999.000 -9999.000 -9999.000 -9999.000 -9999.000 -9999.000 -9999.000 -9999.000 -9999.000 -9999.000 -9999.000 -9999.000 -9999.000 -9999.000 -9999.000 -9999.000 -9999.000 -9999.000 -9999.000 -9999.000 -9999.000
1.701720 2.622573 2.906189 2.940946 2.942997 2.534146 1.730690 1.041900 0.4985979 0.1735271 0.1596858 0.1376904 0.1418107 0.1327293 0.1513374 0.1621351 0.1684918 0.1719551 0.2084523 0.2370843 0.2311957 0.1676128 0.1286576 0.1354944 0.1756350 0.1905447 0.1666895 0.1204289 0.6069535E-01 -9999.000 -9999.000 -9999.000 -9999.000 -9999.000 -9999.000 -9999.000 -9999.000 -9999.000 -9999.000 -9999.000 -9999.000 -9999.000 -9999.000 -9999.000 -9999.000 -9999.000 -9999.000 -9999.000 -9999.000 -9999.000 -9999.000 -9999.000 -9999.000 -9999.000 -9999.000 -9999.000 -9999.000 -9999.000 -9999.000
1.302164 2.330537 2.785334 2.927805 2.506088 1.553934 0.5076908 0.1750116 0.1409761 0.1127967 0.1364959 0.1212258 0.1132645 0.1010291 0.1296599 0.1532898 0.1523048 0.1594248 0.1863512 0.2189920 0.2090930 0.1456310 0.1182348 0.1370877 0.1836516 0.1919994 0.1548059 0.1197117 0.5935239E-01 -9999.000 -9999.000 -9999.000 -9999.000 -9999.000 -9999.000 -9999.000 -9999.000 -9999.000 -9999.000 -9999.000 -9999.000 -9999.000 -9999.000 -9999.000 -9999.000 -9999.000 -9999.000 -9999.000 -9999.000 -9999.000 -9999.000 -9999.000 -9999.000 -9999.000 -9999.000 -9999.000 -9999.000 -9999.000 -9999.000
-9999.000 1.523930 2.344550 2.448908 1.573407 0.5214399 0.1345112 0.1520969 0.1257435 0.9466462E-01 0.8173545E-01 0.8142195E-01 0.9478539E-01 0.9109134E-01 0.1196377 0.1479768 0.1626630 0.1857316 0.2118062 0.2302927 0.1716394 0.1230838 0.1117740 0.1302731 0.1751203 0.1752265 0.1524094 0.1134002 0.6846976E-01 0.2644082E-01 -9999.000 -9999.000 -9999.000 -9999.000 -9999.000 -9999.000 -9999.000 -9999.000 -9999.000 -9999.000 -9999.000 -9999.000 -9999.000 -9999.000 -9999.000 -9999.000 -9999.000 -9999.000 -9999.000 -9999.000 -9999.000 -9999.000 -9999.000 -9999.000 -9999.000 -9999.000 -9999.000 -9999.000 -9999.000
-9999.000 0.7042381 1.403300 1.232192 -9999.000 0.1554912 0.1781970 0.1598946 0.1477868 0.1169989 0.7760710E-01 0.7224584E-01 0.8221931E-01 0.7686907E-01 0.1252467 0.1835299 0.2200084 0.2467941 0.2686650 0.2220593 0.1379173 0.1413228 0.1399391 0.1514948 0.1768091 0.1794162 0.1595447 0.1352379 0.1052729 0.5879521E-01 -9999.000 -9999.000 0.1836429E-01 -9999.000 -9999.000 -9999.000 -9999.000 -9999.000 -9999.000 -9999.000 -9999.000 -9999.000 -9999.000 -9999.000 -9999.000 -9999.000 -9999.000 -9999.000 -9999.000 -9999.000 -9999.000 -9999.000 -9999.000 -9999.000 -9999.000 -9999.000 -9999.000 -9999.000 -9999.000
-9999.000 -9999.000 -9999.000 0.2716612 0.1652853 0.2169370 0.1875373 0.1795406 0.1837548 0.1558805 0.1268340 0.1105124 0.9649503E-01 0.8940920E-01 0.1498905 0.2335641 0.2504900 0.2575806 0.2505840 0.1680283 0.1021977 0.1506224 0.1622041 0.1782297 0.1835396 0.1418595 0.1318903 0.1343301 0.1259894 0.8570851E-01 -9999.000 -9999.000 -9999.000 -9999.000 -9999.000 -9999.000 -9999.000 -9999.000 -9999.000 -9999.000 -9999.000 -9999.000 -9999.000 -9999.000 -9999.000 -9999.000 -9999.000 -9999.000 -9999.000 -9999.000 -9999.000 -9999.000 -9999.000 -9999.000 -9999.000 -9999.000 -9999.000 -9999.000 -9999.000
-9999.000 -9999.000 -9999.000 0.1088798 0.2140058 0.2163360 0.2151218 0.2218595 0.2256194 0.2074230 0.1898184 0.1717709 0.1434562 0.1220149 0.1522714 0.1995940 0.2129069 0.2064777 0.1712704 0.1486002 0.1099721 0.1429521 0.1671703 0.1867299 0.1784529 0.1193779 0.1037551 0.1298044 0.1410147 0.1182246 0.6271352E-01 0.2885031E-01 0.2036035E-01 -9999.000 -9999.000 -9999.000 -9999.000 -9999.000 -9999.000 -9999.000 -9999.000 -9999.000 -9999.000 -9999.000 -9999.000 -9999.000 -9999.000 -9999.000 -9999.000 -9999.000 -9999.000 -9999.000 -9999.000 -9999.000 -9999.000 -9999.000 -9999.000 -9999.000 -9999.000
-9999.000 -9999.000 -9999.000 0.1041704 0.1334061 0.1706810 0.2234588 0.2497084 0.2296946 0.2050145 0.1975506 0.1975930 0.1687202 0.1268363 0.1137015 0.9750353E-01 0.1378543 0.1270113 0.1483989 0.1865544 0.1506101 0.1740288 0.2069815 0.2373063 0.2285369 0.1614866 0.1242224 0.1330558 0.1478133 0.1420400 0.9271486E-01 0.5387409E-01 0.4287310E-01 0.2751386E-01 -9999.000 -9999.000 -9999.000 -9999.000 -9999.000 -9999.000 -9999.000 -9999.000 -9999.000 -9999.000 -9999.000 -9999.000 -9999.000 -9999.000 -9999.000 -9999.000 -9999.000 -9999.000 -9999.000 -9999.000 -9999.000 -9999.000 -9999.000 -9999.000 -9999.000
-9999.000 -9999.000 -9999.000 0.4948777E-01 0.8437124E-01 0.1520553 0.2202157 0.2353945 0.2257311 0.2114643 0.1888700 0.1558089 0.1085603 0.9231509E-01 0.1011765 0.1243979 0.1441177 0.1324686 0.1534421 0.1698090 0.1481801 0.1882706 0.2587348 0.3025988 0.2829324 0.1976982 0.1403317 0.1437790 0.1570072 0.1693607 0.1243855 0.8709958E-01 0.7625047E-01 0.5738596E-01 0.3443992E-01 -9999.000 -9999.000 -9999.000 -9999.000 -9999.000 -9999.000 -9999.000 -9999.000 -9999.000 -9999.000 -9999.000 -9999.000 -9999.000 -9999.000 -9999.000 -9999.000 -9999.000 -9999.000 -9999.000 -9999.000 -9999.000 -9999.000 -9999.000 -9999.000
-9999.000 -9999.000 -9999.000 -9999.000 -9999.000 0.1067888 0.1582805 0.1973773 0.2243299 0.2441469 0.1835100 0.9997501E-01 0.6011249E-01 0.5422117E-01 0.9806695E-01 0.1678863 0.2040304 0.2214351 0.1745484 0.1070477 0.8858977E-01 0.1648541 0.2772194 0.3177859 0.2658869 0.1879997 0.1541897 0.1740612 0.1984768 0.2020374 0.1556101 0.1263246 0.1300299 0.1119495 0.8490983E-01 0.6842021E-01 0.5580171E-01 0.3951792E-01 -9999.000 -9999.000 -9999.000 -9999.000 -9999.000 -9999.000 -9999.000 -9999.000 -9999.000 -9999.000 -9999.000 -9999.000 -9999.000 -9999.000 -9999.000 -9999.000 -9999.000 -9999.000 -9999.000 -9999.000 -9999.000
-9999.000 -9999.000 -9999.000 -9999.000 -9999.000 0.7165128E-01 0.9318347E-01 0.1454344 0.2035155 0.2267939 0.1941794 0.1310901 0.9460970E-01 0.8927714E-01 0.1235467 0.1855323 0.2189248 0.2505601 0.2165560 0.1367780 0.1131189 0.1782473 0.2652002 0.2772495 0.2362127 0.1745591 0.1537207 0.1609712 0.1937496 0.2226663 0.1907840 0.1783860 0.1850240 0.1795281 0.1295254 0.1109757 0.1072730 0.7875173E-01 -9999.000 -9999.000 -9999.000 -9999.000 -9999.000 -9999.000 -9999.000 -9999.000 -9999.000 -9999.000 -9999.000 -9999.000 -9999.000 -9999.000 -9999.000 -9999.000 -9999.000 -9999.000 -9999.000 -9999.000 -9999.000
-9999.000 -9999.000 -9999.000 -9999.000 -9999.000 0.6600766E-01 0.9682763E-01 0.1352804 0.1817361 0.2050874 0.2149347 0.1900292 0.1475432 0.1354457 0.1588072 0.1884274 0.2125171 0.2619047 0.2684839 0.2299103 0.2158831 0.2190170 0.2273621 0.2329300 0.1742403 0.1462331 0.1297894 0.1228378 0.1505074 0.1957478 0.1839640 0.1817189 0.1963988 0.1911234 0.1666010 0.1419908 0.1377764 0.1254808 0.6497293E-01 -9999.000 -9999.000 -9999.000 -9999.000 -9999.000 -9999.000 -9999.000 -9999.000 -9999.000 -9999.000 -9999.000 -9999.000 -9999.000 -9999.000 -9999.000 -9999.000 -9999.000 -9999.000 -9999.000 -9999.000
-9999.000 -9999.000 -9999.000 -9999.000 -9999.000 -9999.000 0.1221219 0.1186209 0.1594835 0.2060596 0.2365100 0.2180730 0.1727434 0.1380954 0.1422024 0.1561309 0.1916557 0.2576232 0.2800363 0.2777684 0.2900738 0.2242248 0.1841551 0.1648863 0.1492393 0.1297715 0.1157155 0.1212693 0.1453296 0.1762227 0.1584483 0.1475487 0.1601277 0.1750101 0.1632635 0.1373138 0.1459465 0.1467838 0.9490161E-01 0.5048908E-01 -9999.000 -9999.000 -9999.000 -9999.000 -9999.000 -9999.000 -9999.000 -9999.000 -9999.000 -9999.000 -9999.000 -9999.000 -9999.000 -9999.000 -9999.000 -9999.000 -9999.000 -9999.000 -9999.000
-9999.000 -9999.000 -9999.000 -9999.000 -9999.000 -9999.000 -9999.000 0.6149318E-01 0.1159029 0.1991373 0.2488203 0.2265823 0.1712858 0.1128089 0.9061565E-01 0.9016116E-01 0.1438223 0.2427004 0.2480501 0.2245379 0.1881300 0.1520518 0.1472797 0.1867562 0.2174548 0.1563206 0.1335703 0.1496776 0.1678634 0.1886193 0.1829290 0.1604305 0.1537021 0.1704803 0.1463748 0.9462606E-01 0.9331448E-01 0.1224613 0.1123137 0.8561809E-01 -9999.000 -9999.000 -9999.000 -9999.000 -9999.000 -9999.000 -9999.000 -9999.000 -9999.000 -9999.000 -9999.000 -9999.000 -9999.000 -9999.000 -9999.000 -9999.000 -9999.000 -9999.000 -9999.000
-9999.000 -9999.000 -9999.000 -9999.000 -9999.000 -9999.000 -9999.000 -9999.000 0.6712509E-01 0.1547020 0.2100606 0.2054138 0.1468261 0.7932108E-01 0.4860199E-01 0.4097753E-01 0.8404214E-01 0.1670491 0.1624429 0.1327524 0.1084444 0.1134740 0.1471201 0.2281143 0.2635821 0.2108666 0.1991931 0.2133183 0.2185349 0.2280493 0.2456992 0.2486837 0.2048345 0.1615683 0.1029330 0.4902828E-01 0.8497095E-01 0.1337606 0.1432285 0.1017803 -9999.000 -9999.000 -9999.000 -9999.000 -9999.000 -9999.000 -9999.000 -9999.000 -9999.000 -9999.000 -9999.000 -9999.000 -9999.000 -9999.000 -9999.000 -9999.000 -9999.000 -9999.000 -9999.000
-9999.000 -9999.000 -9999.000 -9999.000 -9999.000 -9999.000 -9999.000 -9999.000 0.3409227E-01 0.9409670E-01 0.1613531 0.1796936 0.1469610 0.7520881E-01 0.3861248E-01 -9999.000 0.3823587E-01 0.8277516E-01 0.1015488 0.1062803 0.1326989 0.1367486 0.1449014 0.2211294 0.2667853 0.2509337 0.2437124 0.2444808 0.2185707 0.2137938 0.2709469 0.2840639 0.2448293 0.1625027 0.8023267E-01 0.8203712E-01 0.1246600 0.1399446 0.1255198 0.1000169 0.6193152E-01 -9999.000 -9999.000 -9999.000 -9999.000 -9999.000 -9999.000 -9999.000 -9999.000 -9999.000 -9999.000 -9999.000 -9999.000 -9999.000 -9999.000 -9999.000 -9999.000 -9999.000 -9999.000
-9999.000 -9999.000 -9999.000 -9999.000 -9999.000 -9999.000 -9999.000 -9999.000 -9999.000 0.6530664E-01 0.1553265 0.1789396 0.1625854 0.1102320 0.6713381E-01 0.4063992E-01 0.2668671E-01 0.4762374E-01 0.6831474E-01 0.9062832E-01 0.1305271 0.1675084 0.1685426 0.2123714 0.2672639 0.2564838 0.2291471 0.1923279 0.1197934 0.1327353 0.2133981 0.2306177 0.2230727 0.1694638 0.1352315 0.1499931 0.1580921 0.1453542 0.1287215 0.1405523 0.1165513 -9999.000 -9999.000 -9999.000 -9999.000 -9999.000 -9999.000 -9999.000 -9999.000 -9999.000 -9999.000 -9999.000 -9999.000 -9999.000 -9999.000 -9999.000 -9999.000 -9999.000 -9999.000
-9999.000 -9999.000 -9999.000 -9999.000 -9999.000 -9999.000 -9999.000 -9999.000 -9999.000 0.4260985E-01 0.1105520 0.1505375 0.1656988 0.1432075 0.1040364 0.5042533E-01 0.2352727E-01 0.2686399E-01 0.4547415E-01 0.7140431E-01 0.1220622 0.1850150 0.1935167 0.2127948 0.2604730 0.2293115 0.1745890 0.1129900 0.1184408 0.1430024 0.1594480 0.1633203 0.1711196 0.1588189 0.1585035 0.1912438 0.1860606 0.1627834 0.1728464 0.1893990 0.1504286 -9999.000 -9999.000 -9999.000 -9999.000 -9999.000 -9999.000 -9999.000 -9999.000 -9999.000 -9999.000 -9999.000 -9999.000 -9999.000 -9999.000 -9999.000 -9999.000 -9999.000 -9999.000
-9999.000 -9999.000 -9999.000 -9999.000 -9999.000 -9999.000 -9999.000 -9999.000 -9999.000 0.2397367E-01 0.7115624E-01 0.1197799 0.1621816 0.1789775 0.1361216 0.6973049E-01 0.2666428E-01 0.2191130E-01 0.3766804E-01 0.6237837E-01 0.1024481 0.1551668 0.1662472 0.1964545 0.2197381 0.1789713 0.1145974 0.9229415E-01 0.1519045 0.1972411 0.1835558 0.1548684 0.1568470 0.1431485 0.1532248 0.2023102 0.1931668 0.1648964 0.1831785 0.2176205 0.1776385 0.1115249 -9999.000 -9999.000 -9999.000 -9999.000 -9999.000 -9999.000 -9999.000 -9999.000 -9999.000 -9999.000 -9999.000 -9999.000 -9999.000 -9999.000 -9999.000 -9999.000 -9999.000
-9999.000 -9999.000 -9999.000 -9999.000 -9999.000 -9999.000 -9999.000 -9999.000 -9999.000 -9999.000 -9999.000 0.7260095E-01 0.1405277 0.1871064 0.1700476 0.1097215 -9999.000 -9999.000 -9999.000 -9999.000 0.6763894E-01 0.1056036 0.1098739 0.1453103 0.1861219 0.1649897 0.1542773 0.1570056 0.2018427 0.2304719 0.2343313 0.1998528 0.2077742 0.2069950 0.2120997 0.2359229 0.2111927 0.1961861 0.2081758 0.2304894 0.2075841 0.1353486 0.8896848E-01 -9999.000 -9999.000 -9999.000 -9999.000 -9999.000 -9999.000 -9999.000 -9999.000 -9999.000 -9999.000 -9999.000 -9999.000 -9999.000 -9999.000 -9999.000 -9999.000
-9999.000 -9999.000 -9999.000 -9999.000 -9999.000 -9999.000 -9999.000 -9999.000 -9999.000 -9999.000 -9999.000 -9999.000 0.9392521E-01 0.1608185 0.1737221 0.1329681 0.6813373E-01 -9999.000 -9999.000 0.1917385E-01 0.4401596E-01 0.6016041E-01 0.4955867E-01 0.9270988E-01 0.1905425 0.2056757 0.2054149 0.2413725 0.2444476 0.2223003 0.2433909 0.2793155 0.3043155 0.3273780 0.3031356 0.2652353 0.2437936 0.2494994 0.2532001 0.2592788 0.2319668 0.1776618 0.1241049 -9999.000 -9999.000 -9999.000 -9999.000 -9999.000 -9999.000 -9999.000 -9999.000 -9999.000 -9999.000 -9999.000 -9999.000 -9999.000 -9999.000 -9999.000 -9999.000
-9999.000 -9999.000 -9999.000 -9999.000 -9999.000 -9999.000 -9999.000 -9999.000 -9999.000 -9999.000 -9999.000 -9999.000 0.8078740E-01 0.1537226 0.1810449 0.1537557 0.1029451 0.4695559E-01 0.2099172E-01 0.2418102E-01 0.4513846E-01 0.4709550E-01 0.3383702E-01 0.7579285E-01 0.1561312 0.1794706 0.2003759 0.2620095 0.2807235 0.2366295 0.2464152 0.3120165 0.3355654 0.3447674 0.3331927 0.2869490 0.2683900 0.2635564 0.2711429 0.2753506 0.2600371 0.2373423 0.1670590 0.7503249E-01 -9999.000 -9999.000 -9999.000 -9999.000 -9999.000 -9999.000 -9999.000 -9999.000 -9999.000 -9999.000 -9999.000 -9999.000 -9999.000 -9999.000 -9999.000
-9999.000 -9999.000 -9999.000 -9999.000 -9999.000 -9999.000 -9999.000 -9999.000 -9999.000 -9999.000 -9999.000 -9999.000 0.8268642E-01 0.1602128 0.1894466 0.1825429 0.1461276 0.8630568E-01 0.4117799E-01 0.3403377E-01 0.4218524E-01 0.3716953E-01 0.3204410E-01 0.6470956E-01 0.9892207E-01 0.1085070 0.1425686 0.2189131 0.2686206 0.2575691 0.2763398 0.3210621 0.3054336 0.2919789 0.2950545 0.2854652 0.2475200 0.2477738 0.2491178 0.2627388 0.2684105 0.2531109 0.2019312 0.1077266 0.4430932E-01 -9999.000 -9999.000 -9999.000 -9999.000 -9999.000 -9999.000 -9999.000 -9999.000 -9999.000 -9999.000 -9999.000 -9999.000 -9999.000 -9999.000
-9999.000 -9999.000 -9999.000 -9999.000 -9999.000 -9999.000 -9999.000 -9999.000 -9999.000 -9999.000 -9999.000 -9999.000 0.7781370E-01 0.1504067 0.1963608 0.1988631 0.1778095 0.1254798 0.5784233E-01 0.3923911E-01 0.4052784E-01 0.4676148E-01 0.5969508E-01 0.7407684E-01 0.6907962E-01 0.6575583E-01 0.9751121E-01 0.1554344 0.2083690 0.2327308 0.2998103 0.2881133 0.2242887 0.2270900 0.2447701 0.1873422 0.1542787 0.1364125 0.1610235 0.1889691 0.2152225 0.2234229 0.1962416 0.1296240 0.9028754E-01 -9999.000 -9999.000 -9999.000 -9999.000 -9999.000 -9999.000 -9999.000 -9999.000 -9999.000 -9999.000 -9999.000 -9999.000 -9999.000 -9999.000
-9999.000 -9999.000 -9999.000 -9999.000 -9999.000 -9999.000 -9999.000 -9999.000 -9999.000 -9999.000 -9999.000 -9999.000 -9999.000 0.1223930 0.1853174 0.1974574 0.1869171 0.1415565 0.8550298E-01 0.4155352E-01 0.2972268E-01 0.3997357E-01 0.6275601E-01 0.6827135E-01 0.5260110E-01 0.7381399E-01 0.1219140 0.1634175 0.1970277 0.2270788 0.2448789 0.2000519 0.1668417 0.2520110 0.2794644 0.2258705 0.1549127 0.1349259 0.1478483 0.1572750 0.1748578 0.1933403 0.1883303 0.1570755 0.1191813 0.7031334E-01 -9999.000 -9999.000 -9999.000 -9999.000 -9999.000 -9999.000 -9999.000 -9999.000 -9999.000 -9999.000 -9999.000 -9999.000 -9999.000
-9999.000 -9999.000 -9999.000 -9999.000 -9999.000 -9999.000 -9999.000 -9999.000 -9999.000 -9999.000 -9999.000 -9999.000 -9999.000 0.1061706 0.1568879 0.1659551 0.1770327 0.1476951 0.7963010E-01 0.3989214E-01 0.2224423E-01 0.1978102E-01 0.3148503E-01 0.4472723E-01 0.5679439E-01 0.9224389E-01 0.1650785 0.1919324 0.1914117 0.1754181 0.1751615 0.1613268 0.1672846 0.2567280 0.3217688 0.3096874 0.2558662 0.1814712 0.1748300 0.1981438 0.2055969 0.1982407 0.1914848 0.1604166 0.1118210 0.6221402E-01 -9999.000 -9999.000 -9999.000 -9999.000 -9999.000 -9999.000 -9999.000 -9999.000 -9999.000 -9999.000 -9999.000 -9999.000 -9999.000
-9999.000 -9999.000 -9999.000 -9999.000 -9999.000 -9999.000 -9999.000 -9999.000 -9999.000 -9999.000 -9999.000 -9999.000 -9999.000 0.1072175 0.1384804 0.1408312 0.1645994 0.1508041 0.9974346E-01 0.6901699E-01 0.3985202E-01 0.2308879E-01 0.1699920E-01 0.2341263E-01 0.3625471E-01 0.7191004E-01 0.1210652 0.1359440 0.1555740 0.1515812 0.1808622 0.2106075 0.1951573 0.2331125 0.2823581 0.2932426 0.2541049 0.2066582 0.1951592 0.2094161 0.1898531 0.1772178 0.1822924 0.1702521 0.1470140 0.1092326 0.7236003E-01 0.4036011E-01 -9999.000 -9999.000 -9999.000 -9999.000 -9999.000 -9999.000 -9999.000 -9999.000 -9999.000 -9999.000 -9999.000
