simulation_files/asc/Depth____000019.asc
NCOLS        79
NROWS        79
XLLCENTER         -1.500000
YLLCENTER         -4.800000
CELLSIZE           0.100
NODATA_VALUE     -9999.0
[rows 0 to 24 of 79, columns 0 to 56 of 79]
-9999.000 -9999.000 -9999.000 -9999.000 -9999.000 -9999.000 -9999.000 -9999.000 -9999.000 -9999.000 -9999.000 -9999.000 -9999.000 -9999.000 -9999.000 0.1069593 0.1050993 0.1030883 0.1009042 0.9834643E-01 0.9542441E-01 0.9225069E-01 0.8888761E-01 0.8555208E-01 0.8230431E-01 0.7937394E-01 0.7679784E-01 0.7447750E-01 0.7333053E-01 0.7790373E-01 0.7790373E-01 -9999.000 -9999.000 -9999.000 -9999.000 -9999.000 -9999.000 -9999.000 -9999.000 -9999.000 -9999.000 -9999.000 -9999.000 -9999.000 -9999.000 -9999.000 -9999.000 -9999.000 -9999.000 -9999.000 -9999.000 -9999.000 -9999.000 -9999.000 -9999.000 -9999.000 -9999.000
-9999.000 -9999.000 -9999.000 -9999.000 -9999.000 -9999.000 -9999.000 -9999.000 -9999.000 -9999.000 -9999.000 -9999.000 -9999.000 -9999.000 -9999.000 0.1319179 0.1320834 0.1320560 0.1319360 0.1317300 0.1314789 0.1312068 0.1309297 0.1306477 0.1303677 0.1300940 0.1298623 0.1296902 0.1294594 0.1293873 0.1293873 -9999.000 -9999.000 -9999.000 -9999.000 -9999.000 -9999.000 -9999.000 -9999.000 -9999.000 -9999.000 -9999.000 -9999.000 -9999.000 -9999.000 -9999.000 -9999.000 -9999.000 -9999.000 -9999.000 -9999.000 -9999.000 -9999.000 -9999.000 -9999.000 -9999.000 -9999.000
-9999.000 -9999.000 -9999.000 -9999.000 -9999.000 -9999.000 -9999.000 -9999.000 -9999.000 -9999.000 -9999.000 -9999.000 -9999.000 -9999.000 -9999.000 0.1351234 0.1351754 0.1350108 0.1348302 0.1346192 0.1343957 0.1341779 0.1339915 0.1338336 0.1337097 0.1336007 0.1335139 0.1334596 0.1334578 0.1337490 0.1337490 -9999.000 -9999.000 -9999.000 -9999.000 -9999.000 -9999.000 -9999.000 -9999.000 -9999.000 -9999.000 -9999.000 -9999.000 -9999.000 -9999.000 -9999.000 -9999.000 -9999.000 -9999.000 -9999.000 -9999.000 -9999.000 -9999.000 -9999.000 -9999.000 -9999.000 -9999.000
-9999.000 -9999.000 -9999.000 -9999.000 -9999.000 -9999.000 -9999.000 -9999.000 -9999.000 -9999.000 -9999.000 -9999.000 -9999.000 -9999.000 -9999.000 0.1378686 0.1379102 0.1376667 0.1374193 0.1371615 0.1369073 0.1366715 0.1364805 0.1363287 0.1362210 0.1361328 0.1360641 0.1360203 0.1360467 0.1364854 0.1364854 -9999.000 -9999.000 -9999.000 -9999.000 -9999.000 -9999.000 -9999.000 -9999.000 -9999.000 -9999.000 -9999.000 -9999.000 -9999.000 -9999.000 -9999.000 -9999.000 -9999.000 -9999.000 -9999.000 -9999.000 -9999.000 -9999.000 -9999.000 -9999.000 -9999.000 -9999.000
-9999.000 -9999.000 -9999.000 -9999.000 -9999.000 -9999.000 -9999.000 -9999.000 -9999.000 -9999.000 -9999.000 -9999.000 -9999.000 -9999.000 -9999.000 0.1405657 0.1406362 0.1403557 0.1400732 0.1397942 0.1395335 0.1393033 0.1391254 0.1389906 0.1388997 0.1388248 0.1387566 0.1386905 0.1386640 0.1391103 0.1391103 -9999.000 -9999.000 -9999.000 -9999.000 -9999.000 -9999.000 -9999.000 -9999.000 -9999.000 -9999.000 -9999.000 -9999.000 -9999.000 -9999.000 -9999.000 -9999.000 -9999.000 -9999.000 -9999.000 -9999.000 -9999.000 -9999.000 -9999.000 -9999.000 -9999.000 -9999.000
-9999.000 -9999.000 -9999.000 -9999.000 -9999.000 -9999.000 -9999.000 -9999.000 -9999.000 -9999.000 -9999.000 -9999.000 -9999.000 -9999.000 -9999.000 0.1433023 0.1434183 0.1431244 0.1428257 0.1425389 0.1422780 0.1420510 0.1418698 0.1417203 0.1415971 0.1414746 0.1413429 0.1412006 0.1410812 0.1414723 0.1414723 -9999.000 -9999.000 -9999.000 -9999.000 -9999.000 -9999.000 -9999.000 -9999.000 -9999.000 -9999.000 -9999.000 -9999.000 -9999.000 -9999.000 -9999.000 -9999.000 -9999.000 -9999.000 -9999.000 -9999.000 -9999.000 -9999.000 -9999.000 -9999.000 -9999.000 -9999.000
-9999.000 -9999.000 -9999.000 -9999.000 -9999.000 -9999.000 -9999.000 -9999.000 -9999.000 -9999.000 -9999.000 -9999.000 -9999.000 -9999.000 -9999.000 0.1460941 0.1462657 0.1459704 0.1456606 0.1453611 0.1450834 0.1448302 0.1446026 0.1443828 0.1441616 0.1439213 0.1436615 0.1433993 0.1431709 0.1434859 0.1434859 -9999.000 -9999.000 -9999.000 -9999.000 -9999.000 -9999.000 -9999.000 -9999.000 -9999.000 -9999.000 -9999.000 -9999.000 -9999.000 -9999.000 -9999.000 -9999.000 -9999.000 -9999.000 -9999.000 -9999.000 -9999.000 -9999.000 -9999.000 -9999.000 -9999.000 -9999.000
-9999.000 -9999.000 -9999.000 -9999.000 -9999.000 -9999.000 -9999.000 -9999.000 -9999.000 -9999.000 -9999.000 -9999.000 -9999.000 -9999.000 -9999.000 0.1489036 0.1491365 0.1488434 0.1485154 0.1481839 0.1478582 0.1475368 0.1472139 0.1468716 0.1465015 0.1460966 0.1456712 0.1452653 0.1449229 0.1451631 0.1451631 -9999.000 -9999.000 -9999.000 -9999.000 -9999.000 -9999.000 -9999.000 -9999.000 -9999.000 -9999.000 -9999.000 -9999.000 -9999.000 -9999.000 -9999.000 -9999.000 -9999.000 -9999.000 -9999.000 -9999.000 -9999.000 -9999.000 -9999.000 -9999.000 -9999.000 -9999.000
-9999.000 -9999.000 -9999.000 -9999.000 -9999.000 -9999.000 -9999.000 -9999.000 -9999.000 -9999.000 -9999.000 -9999.000 -9999.000 -9999.000 -9999.000 0.1516625 0.1519584 0.1516660 0.1513076 0.1509210 0.1505155 0.1500896 0.1496358 0.1491404 0.1485989 0.1480144 0.1474132 0.1468543 0.1463900 0.1465613 0.1465613 -9999.000 -9999.000 -9999.000 -9999.000 -9999.000 -9999.000 -9999.000 -9999.000 -9999.000 -9999.000 -9999.000 -9999.000 -9999.000 -9999.000 -9999.000 -9999.000 -9999.000 -9999.000 -9999.000 -9999.000 -9999.000 -9999.000 -9999.000 -9999.000 -9999.000 -9999.000
-9999.000 -9999.000 -9999.000 -9999.000 -9999.000 -9999.000 -9999.000 -9999.000 -9999.000 -9999.000 -9999.000 -9999.000 -9999.000 -9999.000 -9999.000 0.1543014 0.1546591 0.1543661 0.1539678 0.1535092 0.1530037 0.1524539 0.1518552 0.1512000 0.1504881 0.1497284 0.1489532 0.1482322 0.1476261 0.1477288 0.1477288 -9999.000 -9999.000 -9999.000 -9999.000 -9999.000 -9999.000 -9999.000 -9999.000 -9999.000 -9999.000 -9999.000 -9999.000 -9999.000 -9999.000 -9999.000 -9999.000 -9999.000 -9999.000 -9999.000 -9999.000 -9999.000 -9999.000 -9999.000 -9999.000 -9999.000 -9999.000
-9999.000 -9999.000 -9999.000 -9999.000 -9999.000 -9999.000 -9999.000 -9999.000 -9999.000 -9999.000 -9999.000 -9999.000 -9999.000 -9999.000 -9999.000 0.1567746 0.1571919 0.1569005 0.1564604 0.1559248 0.1553147 0.1546391 0.1538988 0.1530916 0.1522191 0.1512908 0.1503380 0.1494340 0.1486467 0.1486673 0.1486673 -9999.000 -9999.000 -9999.000 -9999.000 -9999.000 -9999.000 -9999.000 -9999.000 -9999.000 -9999.000 -9999.000 -9999.000 -9999.000 -9999.000 -9999.000 -9999.000 -9999.000 -9999.000 -9999.000 -9999.000 -9999.000 -9999.000 -9999.000 -9999.000 -9999.000 -9999.000
-9999.000 -9999.000 -9999.000 -9999.000 -9999.000 -9999.000 -9999.000 -9999.000 -9999.000 -9999.000 -9999.000 -9999.000 -9999.000 -9999.000 -9999.000 0.1590706 0.1595453 0.1592616 0.1587860 0.1581793 0.1574713 0.1566784 0.1558065 0.1548565 0.1538284 0.1527265 0.1515746 0.1504411 0.1493999 0.1492907 0.1492907 -9999.000 -9999.000 -9999.000 -9999.000 -9999.000 -9999.000 -9999.000 -9999.000 -9999.000 -9999.000 -9999.000 -9999.000 -9999.000 -9999.000 -9999.000 -9999.000 -9999.000 -9999.000 -9999.000 -9999.000 -9999.000 -9999.000 -9999.000 -9999.000 -9999.000 -9999.000
-9999.000 -9999.000 -9999.000 -9999.000 -9999.000 -9999.000 -9999.000 -9999.000 -9999.000 -9999.000 -9999.000 -9999.000 -9999.000 -9999.000 -9999.000 0.1612063 0.1617360 0.1614676 0.1609674 0.1603013 0.1595067 0.1586061 0.1576094 0.1565172 0.1553239 0.1540217 0.1526172 0.1511614 0.1497223 0.1493437 0.1493437 -9999.000 -9999.000 -9999.000 -9999.000 -9999.000 -9999.000 -9999.000 -9999.000 -9999.000 -9999.000 -9999.000 -9999.000 -9999.000 -9999.000 -9999.000 -9999.000 -9999.000 -9999.000 -9999.000 -9999.000 -9999.000 -9999.000 -9999.000 -9999.000 -9999.000 -9999.000
-9999.000 -9999.000 -9999.000 -9999.000 -9999.000 -9999.000 -9999.000 -9999.000 -9999.000 -9999.000 -9999.000 -9999.000 -9999.000 -9999.000 -9999.000 0.1632078 0.1637924 0.1635456 0.1630317 0.1623177 0.1614461 0.1604426 0.1593182 0.1580698 0.1566797 0.1551177 0.1533542 0.1513898 0.1492406 0.1481683 0.1481683 -9999.000 -9999.000 -9999.000 -9999.000 -9999.000 -9999.000 -9999.000 -9999.000 -9999.000 -9999.000 -9999.000 -9999.000 -9999.000 -9999.000 -9999.000 -9999.000 -9999.000 -9999.000 -9999.000 -9999.000 -9999.000 -9999.000 -9999.000 -9999.000 -9999.000 -9999.000
-9999.000 -9999.000 -9999.000 -9999.000 -9999.000 -9999.000 -9999.000 -9999.000 -9999.000 -9999.000 -9999.000 -9999.000 -9999.000 -9999.000 -9999.000 0.1647964 0.1656671 0.1655256 0.1650435 0.1643012 0.1633536 0.1622346 0.1609570 0.1595111 0.1578585 0.1559266 0.1536071 0.1507571 0.1471280 0.1435522 0.1435522 -9999.000 -9999.000 -9999.000 -9999.000 -9999.000 -9999.000 -9999.000 -9999.000 -9999.000 -9999.000 -9999.000 -9999.000 -9999.000 -9999.000 -9999.000 -9999.000 -9999.000 -9999.000 -9999.000 -9999.000 -9999.000 -9999.000 -9999.000 -9999.000 -9999.000 -9999.000
0.1321751 0.1321751 0.1411840 0.1447445 0.1464404 0.1464404 0.1480943 0.1513752 0.1513752 0.1549593 0.1549593 0.1593286 0.1619060 0.1647792 0.1679766 0.1679766 0.1714279 0.1708459 0.1696762 0.1681347 0.1663779 0.1644959 0.1625140 0.1603922 0.1580138 0.1551473 0.1513495 0.1456785 0.1355859 0.1104914 0.1104914 0.3851570E-01 0.1976150E-01 0.1069890E-01 0.1139667E-01 0.1139667E-01 0.4741212E-01 0.4741212E-01 0.4912704E-01 0.4912704E-01 0.5134523E-01 0.6211148E-01 0.6211148E-01 0.7227055E-01 0.7227055E-01 0.8032065E-01 0.8032065E-01 0.8032065E-01 0.8142065E-01 0.8142065E-01 0.8122610E-01 0.8122610E-01 0.8035555E-01 0.8035555E-01 0.7955705E-01 0.7955705E-01 0.7684151E-01
0.1314089 0.1314089 0.1409987 0.1445701 0.1462764 0.1462764 0.1479445 0.1512671 0.1512671 0.1548931 0.1548931 0.1591934 0.1615898 0.1640647 0.1665110 0.1665110 0.1685329 0.1684069 0.1678357 0.1668565 0.1655075 0.1638268 0.1618399 0.1595364 0.1568362 0.1535461 0.1492916 0.1433621 0.1341623 0.1164659 0.1164659 0.6901976E-01 0.5204709E-01 0.3794383E-01 0.3442163E-01 0.3442163E-01 0.4513978E-01 0.4513978E-01 0.4952332E-01 0.4952332E-01 0.5194000E-01 0.6210827E-01 0.6210827E-01 0.7259587E-01 0.7259587E-01 0.8011840E-01 0.8011840E-01 0.8011840E-01 0.8115339E-01 0.8115339E-01 0.8098087E-01 0.8098087E-01 0.8013321E-01 0.8013321E-01 0.7997353E-01 0.7997353E-01 0.7669777E-01
0.1309228 0.1309228 0.1409674 0.1445020 0.1461800 0.1461800 0.1478105 0.1510169 0.1510169 0.1544291 0.1544291 0.1583377 0.1604491 0.1625773 0.1646277 0.1646277 0.1659893 0.1657866 0.1652644 0.1644309 0.1632790 0.1617926 0.1599483 0.1577047 0.1549770 0.1515985 0.1472639 0.1414192 0.1328968 0.1182561 0.1182561 0.8059508E-01 0.6431616E-01 0.4930839E-01 0.4518387E-01 0.4518387E-01 0.4761959E-01 0.4761959E-01 0.5362374E-01 0.5362374E-01 0.5657440E-01 0.6409705E-01 0.6409705E-01 0.7211358E-01 0.7211358E-01 0.7954244E-01 0.7954244E-01 0.7954244E-01 0.8068721E-01 0.8068721E-01 0.8064558E-01 0.8064558E-01 0.7987800E-01 0.7987800E-01 0.7924461E-01 0.7924461E-01 0.7686818E-01
0.1304471 0.1304471 0.1409121 0.1444064 0.1460471 0.1460471 0.1476286 0.1506903 0.1506903 0.1538617 0.1538617 0.1573799 0.1592319 0.1610669 0.1628072 0.1628072 0.1635939 0.1632367 0.1626297 0.1617712 0.1606418 0.1592086 0.1574284 0.1552425 0.1525593 0.1492257 0.1449822 0.1393791 0.1315083 0.1188403 0.1188403 0.8846498E-01 0.7337879E-01 0.5885942E-01 0.5485795E-01 0.5485795E-01 0.5482488E-01 0.5482488E-01 0.6031173E-01 0.6031173E-01 0.6289972E-01 0.6727411E-01 0.6727411E-01 0.7187138E-01 0.7187138E-01 0.7807284E-01 0.7807284E-01 0.7807284E-01 0.7954337E-01 0.7954337E-01 0.7978559E-01 0.7978559E-01 0.7922103E-01 0.7922103E-01 0.7856220E-01 0.7856220E-01 0.7667883E-01
0.1299772 0.1299772 0.1408411 0.1442848 0.1458799 0.1458799 0.1474026 0.1502965 0.1502965 0.1532080 0.1532080 0.1563362 0.1579397 0.1595010 0.1609596 0.1609596 0.1611924 0.1606536 0.1599215 0.1589835 0.1578116 0.1563648 0.1545927 0.1524320 0.1497942 0.1465420 0.1424539 0.1371565 0.1299204 0.1187887 0.1187887 0.9393543E-01 0.8014558E-01 0.6726769E-01 0.6418251E-01 0.6418251E-01 0.6448396E-01 0.6448396E-01 0.6838320E-01 0.6838320E-01 0.6970196E-01 0.7095246E-01 0.7095246E-01 0.7237137E-01 0.7237137E-01 0.7644524E-01 0.7644524E-01 0.7644524E-01 0.7796361E-01 0.7796361E-01 0.7848690E-01 0.7848690E-01 0.7819740E-01 0.7819740E-01 0.7762921E-01 0.7762921E-01 0.7616649E-01
0.1295173 0.1295173 0.1407620 0.1441441 0.1456874 0.1456874 0.1471443 0.1498553 0.1498553 0.1524944 0.1524944 0.1552289 0.1565835 0.1578692 0.1590418 0.1590418 0.1586848 0.1579419 0.1570657 0.1560307 0.1547982 0.1533200 0.1515411 0.1493982 0.1468099 0.1436582 0.1397582 0.1348020 0.1281972 0.1183905 0.1183905 0.9793738E-01 0.8565105E-01 0.7573647E-01 0.7415403E-01 0.7415403E-01 0.7518502E-01 0.7518502E-01 0.7642043E-01 0.7642043E-01 0.7618018E-01 0.7477133E-01 0.7477133E-01 0.7372531E-01 0.7372531E-01 0.7517052E-01 0.7517052E-01 0.7517052E-01 0.7624632E-01 0.7624632E-01 0.7685851E-01 0.7685851E-01 0.7683188E-01 0.7683188E-01 0.7644150E-01 0.7644150E-01 0.7536276E-01
0.1290789 0.1290789 0.1406815 0.1439923 0.1454799 0.1454799 0.1468668 0.1493867 0.1493867 0.1517462 0.1517462 0.1540795 0.1551767 0.1561690 0.1570250 0.1570250 0.1559842 0.1550107 0.1539778 0.1528420 0.1515510 0.1500478 0.1482734 0.1461652 0.1436508 0.1406331 0.1369647 0.1324001 0.1264642 0.1179166 0.1179166 0.1012412 0.9096241E-01 0.8521508E-01 0.8501958E-01 0.8501958E-01 0.8546490E-01 0.8546490E-01 0.8349986E-01 0.8349986E-01 0.8190615E-01 0.7850191E-01 0.7850191E-01 0.7569797E-01 0.7569797E-01 0.7456353E-01 0.7456353E-01 0.7456353E-01 0.7473955E-01 0.7473955E-01 0.7510340E-01 0.7510340E-01 0.7520058E-01 0.7520058E-01 0.7500540E-01 0.7500540E-01 0.7428632E-01
0.1286767 0.1286767 0.1406044 0.1438370 0.1452670 0.1452670 0.1465828 0.1489105 0.1489105 0.1509883 0.1509883 0.1529106 0.1537349 0.1544018 0.1548837 0.1548837 0.1529921 0.1517579 0.1505609 0.1493303 0.1479950 0.1464870 0.1447432 0.1427037 0.1403075 0.1374818 0.1341217 0.1300487 0.1249002 0.1177001 0.1177001 0.1046665 0.9732410E-01 0.9575929E-01 0.9596400E-01 0.9596400E-01 0.9421249E-01 0.9421249E-01 0.8936522E-01 0.8936522E-01 0.8680639E-01 0.8200007E-01 0.8200007E-01 0.7796111E-01 0.7796111E-01 0.7464310E-01 0.7464310E-01 0.7464310E-01 0.7369331E-01 0.7369331E-01 0.7347693E-01 0.7347693E-01 0.7346094E-01 0.7346094E-01 0.7338179E-01 0.7338179E-01 0.7297419E-01
0.1283288 0.1283288 0.1405343 0.1436849 0.1450578 0.1450578 0.1463041 0.1484449 0.1484449 0.1502455 0.1502455 0.1517479 0.1522793 0.1525753 0.1525922 0.1525922 0.1495741 0.1480499 0.1466923 0.1453868 0.1440347 0.1425541 0.1408787 0.1389549 0.1367395 0.1341949 0.1312734 0.1278812 0.1237759 0.1181741 0.1181741 0.1089946 0.1060641 0.1062961 0.1057406 0.1057406 0.1011348 0.1011348 0.9414475E-01 0.9414475E-01 0.9095182E-01 0.8516285E-01 0.8516285E-01 0.8023838E-01 0.8023838E-01 0.7522653E-01 0.7522653E-01 0.7522653E-01 0.7317273E-01 0.7317273E-01 0.7218111E-01 0.7218111E-01 0.7180802E-01 0.7180802E-01 0.7168968E-01 0.7168968E-01 0.7149887E-01
0.1280551 0.1280551 0.1404733 0.1435420 0.1448606 0.1448606 0.1460413 0.1480072 0.1480072 0.1495432 0.1495432 0.1506236 0.1508417 0.1507106 0.1501303 0.1501303 0.1455284 0.1436967 0.1422040 0.1408662 0.1395447 0.1381401 0.1365843 0.1348369 0.1328870 0.1307563 0.1284916 0.1261254 0.1235627 0.1202471 0.1202471 0.1157740 0.1157800 0.1155821 0.1140730 0.1140730 0.1065822 0.1065822 0.9801991E-01 0.9801991E-01 0.9440622E-01 0.8790746E-01 0.8790746E-01 0.8233540E-01 0.8233540E-01 0.7607574E-01 0.7607574E-01 0.7607574E-01 0.7308909E-01 0.7308909E-01 0.7129695E-01 0.7129695E-01 0.7040437E-01 0.7040437E-01 0.7007613E-01 0.7007613E-01 0.6996916E-01
