simulation_files/asc/Depth____685.0.asc
NCOLS       216
NROWS       273
XLLCENTER        494.688995
YLLCENTER        787.867981
CELLSIZE           0.500
NODATA_VALUE     -9999.0
[rows 162 to 188 of 273, columns 118 to 176 of 216]
1.971418 2.648281 2.846926 2.885017 2.896404 2.903750 2.680701 2.108725 1.641729 0.6745271 0.1451516 0.7531723E-01 0.1039559 0.1511759 0.1311393 0.1155003 0.1390135 0.1528243 0.1750587 0.1792621 0.1754253 0.1423857 0.9712516E-01 0.1007889 0.1278892 0.1331097 0.9762279E-01 0.5868149E-01 -9999.000 -9999.000 -9999.000 -9999.000 -9999.000 -9999.000 -9999.000 -9999.000 -9999.000 -9999.000 -9999.000 -9999.000 -9999.000 -9999.000 -9999.000 -9999.000 -9999.000 -9999.000 -9999.000 -9999.000 -9999.000 -9999.000 -9999.000 -9999.000 -9999.000 -9999.000 -9999.000 -9999.000 -9999.000 -9999.000 -9999.000
1.633384 2.555814 2.840178 2.874331 2.875156 2.466692 1.756270 1.075357 -9999.000 0.1785728 0.1264094 0.1138090 0.1228130 0.1168269 0.1288216 0.1379421 0.1408382 0.1402841 0.1743761 0.1977633 0.2013310 0.1492188 0.1081538 0.1108973 0.1470258 0.1607911 0.1379392 0.9266778E-01 0.4449178E-01 -9999.000 -9999.000 -9999.000 -9999.000 -9999.000 -9999.000 -9999.000 -9999.000 -9999.000 -9999.000 -9999.000 -9999.000 -9999.000 -9999.000 -9999.000 -9999.000 -9999.000 -9999.000 -9999.000 -9999.000 -9999.000 -9999.000 -9999.000 -9999.000 -9999.000 -9999.000 -9999.000 -9999.000 -9999.000 -9999.000
1.234838 2.264240 2.719670 2.861224 2.439037 1.630965 -9999.000 0.1811896 0.1364647 0.1056578 0.1108741 0.9991118E-01 0.9575606E-01 0.8443879E-01 0.1078798 0.1319788 0.1270594 0.1283922 0.1515260 0.1839345 0.1943772 0.1329321 0.9824859E-01 0.1128750 0.1538229 0.1612353 0.1261053 0.9892208E-01 0.4623043E-01 -9999.000 -9999.000 -9999.000 -9999.000 -9999.000 -9999.000 -9999.000 -9999.000 -9999.000 -9999.000 -9999.000 -9999.000 -9999.000 -9999.000 -9999.000 -9999.000 -9999.000 -9999.000 -9999.000 -9999.000 -9999.000 -9999.000 -9999.000 -9999.000 -9999.000 -9999.000 -9999.000 -9999.000 -9999.000 -9999.000
-9999.000 1.458921 2.278927 2.379134 1.516679 -9999.000 0.1293053 0.1235019 0.9811046E-01 0.6625799E-01 0.5611192E-01 0.5878695E-01 0.7462425E-01 0.7505251E-01 0.9782451E-01 0.1258683 0.1327866 0.1512518 0.1748082 0.2022447 0.1684724 0.1059577 0.8818679E-01 0.1052632 0.1438947 0.1413766 0.1295744 0.9679055E-01 0.5052183E-01 0.2032764E-01 -9999.000 -9999.000 -9999.000 -9999.000 -9999.000 -9999.000 -9999.000 -9999.000 -9999.000 -9999.000 -9999.000 -9999.000 -9999.000 -9999.000 -9999.000 -9999.000 -9999.000 -9999.000 -9999.000 -9999.000 -9999.000 -9999.000 -9999.000 -9999.000 -9999.000 -9999.000 -9999.000 -9999.000 -9999.000
-9999.000 0.6398166 1.337681 1.139838 0.4634370 0.1304784 0.1459711 0.1278941 0.1151178 0.8168245E-01 0.4727538E-01 0.4382815E-01 0.5801340E-01 0.5950533E-01 0.1013882 0.1530613 0.1836305 0.2081617 0.2307784 0.2108638 0.1305880 0.1125514 0.1103198 0.1193834 0.1403131 0.1522388 0.1447361 0.1198576 0.8906973E-01 0.5021762E-01 -9999.000 -9999.000 0.1836429E-01 -9999.000 -9999.000 -9999.000 -9999.000 -9999.000 -9999.000 -9999.000 -9999.000 -9999.000 -9999.000 -9999.000 -9999.000 -9999.000 -9999.000 -9999.000 -9999.000 -9999.000 -9999.000 -9999.000 -9999.000 -9999.000 -9999.000 -9999.000 -9999.000 -9999.000 -9999.000
-9999.000 -9999.000 -9999.000 0.2321239 0.1336663 0.1740260 0.1496356 0.1427223 0.1465626 0.1173761 0.8890018E-01 0.7385316E-01 0.6563024E-01 0.6624899E-01 0.1211506 0.1962628 0.2115457 0.2248487 0.2322539 0.1624104 0.9115315E-01 0.1235247 0.1328706 0.1458345 0.1508976 0.1239902 0.1215830 0.1208042 0.1079494 0.7216828E-01 -9999.000 -9999.000 -9999.000 -9999.000 -9999.000 -9999.000 -9999.000 -9999.000 -9999.000 -9999.000 -9999.000 -9999.000 -9999.000 -9999.000 -9999.000 -9999.000 -9999.000 -9999.000 -9999.000 -9999.000 -9999.000 -9999.000 -9999.000 -9999.000 -9999.000 -9999.000 -9999.000 -9999.000 -9999.000
-9999.000 -9999.000 -9999.000 0.6504512E-01 0.1650865 0.1727501 0.1721270 0.1788840 0.1852381 0.1678750 0.1482636 0.1286511 0.1043350 0.9876618E-01 0.1279346 0.1741853 0.1855017 0.1906324 0.1605753 0.1266491 0.8586041E-01 0.1153961 0.1353915 0.1518814 0.1484542 0.9723771E-01 0.7956601E-01 0.1018899 0.1108700 0.9134175E-01 0.4677524E-01 0.1623040E-01 -9999.000 -9999.000 -9999.000 -9999.000 -9999.000 -9999.000 -9999.000 -9999.000 -9999.000 -9999.000 -9999.000 -9999.000 -9999.000 -9999.000 -9999.000 -9999.000 -9999.000 -9999.000 -9999.000 -9999.000 -9999.000 -9999.000 -9999.000 -9999.000 -9999.000 -9999.000 -9999.000
-9999.000 -9999.000 -9999.000 0.6193443E-01 0.9420668E-01 0.1270770 0.1774145 0.2042249 0.1903552 0.1678196 0.1496827 0.1505234 0.1338387 0.1099971 0.9926316E-01 0.8351966E-01 0.1181457 0.1109090 0.1155097 0.1511219 0.1243338 0.1419975 0.1699867 0.1955960 0.1874841 0.1291586 0.9260627E-01 0.9968108E-01 0.1126837 0.1104171 0.6985159E-01 0.3187428E-01 0.2283601E-01 -9999.000 -9999.000 -9999.000 -9999.000 -9999.000 -9999.000 -9999.000 -9999.000 -9999.000 -9999.000 -9999.000 -9999.000 -9999.000 -9999.000 -9999.000 -9999.000 -9999.000 -9999.000 -9999.000 -9999.000 -9999.000 -9999.000 -9999.000 -9999.000 -9999.000 -9999.000
-9999.000 -9999.000 -9999.000 -9999.000 0.5925781E-01 0.1050120 0.1657022 0.1868490 0.1829577 0.1635203 0.1378361 0.1136186 0.9223413E-01 0.7807761E-01 0.8388971E-01 0.1057569 0.1222787 0.1024204 0.1102578 0.1310320 0.1214571 0.1550082 0.2181429 0.2566917 0.2403998 0.1687769 0.1104541 0.1102523 0.1223678 0.1335372 0.9445269E-01 0.5770108E-01 0.4303043E-01 0.3222344E-01 -9999.000 -9999.000 -9999.000 -9999.000 -9999.000 -9999.000 -9999.000 -9999.000 -9999.000 -9999.000 -9999.000 -9999.000 -9999.000 -9999.000 -9999.000 -9999.000 -9999.000 -9999.000 -9999.000 -9999.000 -9999.000 -9999.000 -9999.000 -9999.000 -9999.000
-9999.000 -9999.000 -9999.000 -9999.000 -9999.000 0.6691260E-01 0.1029813 0.1439172 0.1745342 0.1944271 0.1418865 0.7087388E-01 0.4509196E-01 0.3936589E-01 0.7635268E-01 0.1412899 0.1764544 0.1868120 0.1347302 0.7511200E-01 0.6444496E-01 0.1299576 0.2349372 0.2722650 0.2306655 0.1620064 0.1252361 0.1431072 0.1659743 0.1717162 0.1186635 0.9074827E-01 0.9382965E-01 0.7203026E-01 0.5206316E-01 0.4278491E-01 -9999.000 -9999.000 -9999.000 -9999.000 -9999.000 -9999.000 -9999.000 -9999.000 -9999.000 -9999.000 -9999.000 -9999.000 -9999.000 -9999.000 -9999.000 -9999.000 -9999.000 -9999.000 -9999.000 -9999.000 -9999.000 -9999.000 -9999.000
-9999.000 -9999.000 -9999.000 -9999.000 -9999.000 0.3705621E-01 0.4944489E-01 0.1075607 0.1642336 0.1936623 0.1570912 0.8404556E-01 0.5816696E-01 0.6231198E-01 0.9408008E-01 0.1545917 0.1885310 0.2174360 0.1815921 0.1044168 0.8454356E-01 0.1434502 0.2250892 0.2399869 0.2046558 0.1464549 0.1227928 0.1295890 0.1612459 0.1813624 0.1424031 0.1353511 0.1486138 0.1391451 0.8428397E-01 0.6472858E-01 0.6292577E-01 0.4299241E-01 -9999.000 -9999.000 -9999.000 -9999.000 -9999.000 -9999.000 -9999.000 -9999.000 -9999.000 -9999.000 -9999.000 -9999.000 -9999.000 -9999.000 -9999.000 -9999.000 -9999.000 -9999.000 -9999.000 -9999.000 -9999.000
-9999.000 -9999.000 -9999.000 -9999.000 -9999.000 -9999.000 0.6653495E-01 0.1024408 0.1462813 0.1722458 0.1723534 0.1342529 0.9511699E-01 0.9726738E-01 0.1227417 0.1579688 0.1844403 0.2294915 0.2342261 0.1923608 0.1827401 0.1846235 0.1969363 0.2113128 0.1488729 0.1165533 0.1002331 0.9119081E-01 0.1106063 0.1504698 0.1377096 0.1432190 0.1596438 0.1535791 0.1188344 0.9023699E-01 0.9821206E-01 0.9070511E-01 0.5127988E-01 -9999.000 -9999.000 -9999.000 -9999.000 -9999.000 -9999.000 -9999.000 -9999.000 -9999.000 -9999.000 -9999.000 -9999.000 -9999.000 -9999.000 -9999.000 -9999.000 -9999.000 -9999.000 -9999.000 -9999.000
-9999.000 -9999.000 -9999.000 -9999.000 -9999.000 -9999.000 0.8602970E-01 0.9745576E-01 0.1279964 0.1652946 0.1901632 0.1661277 0.1204832 0.9035633E-01 0.1010644 0.1330601 0.1666371 0.2241641 0.2442288 0.2431273 0.2543893 0.2022529 0.1640783 0.1461957 0.1173863 0.1007722 0.8768703E-01 0.8927017E-01 0.1108949 0.1395054 0.1235676 0.1117815 0.1213980 0.1343139 0.1176350 0.9230127E-01 0.1057655 0.1000667 -9999.000 -9999.000 -9999.000 -9999.000 -9999.000 -9999.000 -9999.000 -9999.000 -9999.000 -9999.000 -9999.000 -9999.000 -9999.000 -9999.000 -9999.000 -9999.000 -9999.000 -9999.000 -9999.000 -9999.000 -9999.000
-9999.000 -9999.000 -9999.000 -9999.000 -9999.000 -9999.000 -9999.000 0.5103948E-01 0.8377157E-01 0.1537905 0.2009936 0.1811529 0.1247427 0.6130470E-01 0.5092499E-01 0.6876209E-01 0.1178633 0.2070452 0.2154437 0.2008397 0.1798590 0.1379215 0.1235490 0.1575563 0.1839161 0.1250277 0.1036871 0.1153039 0.1344805 0.1583601 0.1503183 0.1209002 0.1112294 0.1256643 0.1071278 0.6330801E-01 0.6423393E-01 0.9222558E-01 0.9335071E-01 0.7305494E-01 -9999.000 -9999.000 -9999.000 -9999.000 -9999.000 -9999.000 -9999.000 -9999.000 -9999.000 -9999.000 -9999.000 -9999.000 -9999.000 -9999.000 -9999.000 -9999.000 -9999.000 -9999.000 -9999.000
-9999.000 -9999.000 -9999.000 -9999.000 -9999.000 -9999.000 -9999.000 -9999.000 0.3874222E-01 0.1116848 0.1691728 0.1664801 0.1055247 0.3777811E-01 0.2085198E-01 0.2864163E-01 0.6899630E-01 0.1386802 0.1376748 0.1141443 0.8999161E-01 0.9294699E-01 0.1164574 0.1945799 0.2281114 0.1750456 0.1628917 0.1743272 0.1835785 0.1973955 0.2103126 0.2065349 0.1560706 0.1240810 0.7401280E-01 0.2969344E-01 0.5823558E-01 0.1027001 0.1148779 0.8977373E-01 -9999.000 -9999.000 -9999.000 -9999.000 -9999.000 -9999.000 -9999.000 -9999.000 -9999.000 -9999.000 -9999.000 -9999.000 -9999.000 -9999.000 -9999.000 -9999.000 -9999.000 -9999.000 -9999.000
-9999.000 -9999.000 -9999.000 -9999.000 -9999.000 -9999.000 -9999.000 -9999.000 0.1320936E-01 0.6067267E-01 0.1252714 0.1439992 0.1109005 0.4521206E-01 0.1867277E-01 -9999.000 -9999.000 0.6288982E-01 0.8009471E-01 0.8542844E-01 0.1078750 0.1077085 0.1125860 0.1859810 0.2297005 0.2131412 0.2063405 0.2091846 0.1888798 0.1834226 0.2308130 0.2380955 0.2092280 0.1441286 0.5944617E-01 0.4693431E-01 0.9057493E-01 0.1068385 0.9680132E-01 0.8258172E-01 0.4025558E-01 -9999.000 -9999.000 -9999.000 -9999.000 -9999.000 -9999.000 -9999.000 -9999.000 -9999.000 -9999.000 -9999.000 -9999.000 -9999.000 -9999.000 -9999.000 -9999.000 -9999.000 -9999.000
-9999.000 -9999.000 -9999.000 -9999.000 -9999.000 -9999.000 -9999.000 -9999.000 -9999.000 0.4977332E-01 0.1157616 0.1412727 0.1307357 0.8170742E-01 0.3635048E-01 -9999.000 -9999.000 0.3033630E-01 0.4864232E-01 0.6956765E-01 0.1045455 0.1355083 0.1329476 0.1738640 0.2268879 0.2193360 0.1997790 0.1725487 0.1039491 0.1024905 0.1812525 0.2021310 0.2000436 0.1522750 0.1045045 0.1134346 0.1224356 0.1126481 0.9743989E-01 0.1119310 0.8559177E-01 -9999.000 -9999.000 -9999.000 -9999.000 -9999.000 -9999.000 -9999.000 -9999.000 -9999.000 -9999.000 -9999.000 -9999.000 -9999.000 -9999.000 -9999.000 -9999.000 -9999.000 -9999.000
-9999.000 -9999.000 -9999.000 -9999.000 -9999.000 -9999.000 -9999.000 -9999.000 -9999.000 -9999.000 0.7451829E-01 0.1146652 0.1325764 0.1093389 0.7009779E-01 0.2766755E-01 -9999.000 0.1661118E-01 0.3048776E-01 0.4977413E-01 0.9287705E-01 0.1500104 0.1564844 0.1687420 0.2227083 0.2018854 0.1587752 0.1013107 0.9374629E-01 0.1185901 0.1388579 0.1444945 0.1523081 0.1305641 0.1266765 0.1560524 0.1499311 0.1268272 0.1374409 0.1552711 0.1164828 -9999.000 -9999.000 -9999.000 -9999.000 -9999.000 -9999.000 -9999.000 -9999.000 -9999.000 -9999.000 -9999.000 -9999.000 -9999.000 -9999.000 -9999.000 -9999.000 -9999.000 -9999.000
-9999.000 -9999.000 -9999.000 -9999.000 -9999.000 -9999.000 -9999.000 -9999.000 -9999.000 -9999.000 0.5062533E-01 0.1015603 0.1331121 0.1408782 0.9734696E-01 0.3893643E-01 -9999.000 0.1560880E-01 0.2376564E-01 0.3687287E-01 0.6889996E-01 0.1175992 0.1271472 0.1617661 0.1987139 0.1695603 0.1057212 0.6876963E-01 0.1240367 0.1700729 0.1599578 0.1320737 0.1337291 0.1175079 0.1208251 0.1666732 0.1568479 0.1301404 0.1482976 0.1823938 0.1432306 0.7651091E-01 -9999.000 -9999.000 -9999.000 -9999.000 -9999.000 -9999.000 -9999.000 -9999.000 -9999.000 -9999.000 -9999.000 -9999.000 -9999.000 -9999.000 -9999.000 -9999.000 -9999.000
-9999.000 -9999.000 -9999.000 -9999.000 -9999.000 -9999.000 -9999.000 -9999.000 -9999.000 -9999.000 -9999.000 0.6275532E-01 0.1083405 0.1452948 0.1278534 0.6817206E-01 -9999.000 -9999.000 -9999.000 -9999.000 0.3787566E-01 0.7112973E-01 0.8489088E-01 0.1264651 0.1725600 0.1440142 0.1290926 0.1266875 0.1691817 0.1991566 0.2044553 0.1705671 0.1768319 0.1715023 0.1733068 0.1962231 0.1739898 0.1581395 0.1696066 0.1927445 0.1705636 0.9854918E-01 0.5092277E-01 -9999.000 -9999.000 -9999.000 -9999.000 -9999.000 -9999.000 -9999.000 -9999.000 -9999.000 -9999.000 -9999.000 -9999.000 -9999.000 -9999.000 -9999.000 -9999.000
-9999.000 -9999.000 -9999.000 -9999.000 -9999.000 -9999.000 -9999.000 -9999.000 -9999.000 -9999.000 -9999.000 -9999.000 0.5764510E-01 0.1102095 0.1157417 0.8462357E-01 0.4343996E-01 -9999.000 -9999.000 -9999.000 0.2242866E-01 0.3247768E-01 0.3160370E-01 0.6775896E-01 0.1533794 0.1754631 0.1776616 0.2078307 0.2082672 0.1882454 0.2109139 0.2440706 0.2655121 0.2862523 0.2610919 0.2245417 0.2029410 0.2070798 0.2114559 0.2196335 0.1943264 0.1410201 0.8728500E-01 -9999.000 -9999.000 -9999.000 -9999.000 -9999.000 -9999.000 -9999.000 -9999.000 -9999.000 -9999.000 -9999.000 -9999.000 -9999.000 -9999.000 -9999.000 -9999.000
-9999.000 -9999.000 -9999.000 -9999.000 -9999.000 -9999.000 -9999.000 -9999.000 -9999.000 -9999.000 -9999.000 -9999.000 0.4708372E-01 0.1070706 0.1292884 0.1074477 0.6810022E-01 -9999.000 -9999.000 -9999.000 0.2398826E-01 0.2750701E-01 0.1627092E-01 0.4632969E-01 0.1226114 0.1532610 0.1709060 0.2262256 0.2434351 0.2021172 0.2110998 0.2731018 0.2944517 0.3039611 0.2917436 0.2462531 0.2258243 0.2195553 0.2279270 0.2349657 0.2220328 0.2003258 0.1258486 0.3571279E-01 -9999.000 -9999.000 -9999.000 -9999.000 -9999.000 -9999.000 -9999.000 -9999.000 -9999.000 -9999.000 -9999.000 -9999.000 -9999.000 -9999.000 -9999.000
-9999.000 -9999.000 -9999.000 -9999.000 -9999.000 -9999.000 -9999.000 -9999.000 -9999.000 -9999.000 -9999.000 -9999.000 -9999.000 0.1153983 0.1411289 0.1326932 0.9441224E-01 0.4461792E-01 0.1799052E-01 0.1899882E-01 0.2463559E-01 0.2173034E-01 0.1566022E-01 0.3975447E-01 0.7951881E-01 0.8797905E-01 0.1058156 0.1805636 0.2316316 0.2227666 0.2385966 0.2801382 0.2684539 0.2563977 0.2573347 0.2470007 0.2131476 0.2099539 0.2122812 0.2274970 0.2339286 0.2177045 0.1660976 0.7873742E-01 -9999.000 -9999.000 -9999.000 -9999.000 -9999.000 -9999.000 -9999.000 -9999.000 -9999.000 -9999.000 -9999.000 -9999.000 -9999.000 -9999.000 -9999.000
-9999.000 -9999.000 -9999.000 -9999.000 -9999.000 -9999.000 -9999.000 -9999.000 -9999.000 -9999.000 -9999.000 -9999.000 -9999.000 0.1054385 0.1421495 0.1455840 0.1243453 0.7066478E-01 0.2494382E-01 0.2738139E-01 0.2761437E-01 0.3040715E-01 0.3782791E-01 0.5232393E-01 0.6203589E-01 0.4810962E-01 0.6379245E-01 0.1181137 0.1710611 0.1964278 0.2606562 0.2546451 0.1962220 0.1966001 0.2124289 0.1643772 0.1342112 0.1119950 0.1314220 0.1563419 0.1840780 0.1909003 0.1631206 0.9749639E-01 0.6706016E-01 -9999.000 -9999.000 -9999.000 -9999.000 -9999.000 -9999.000 -9999.000 -9999.000 -9999.000 -9999.000 -9999.000 -9999.000 -9999.000 -9999.000
-9999.000 -9999.000 -9999.000 -9999.000 -9999.000 -9999.000 -9999.000 -9999.000 -9999.000 -9999.000 -9999.000 -9999.000 -9999.000 0.8288852E-01 0.1273484 0.1430566 0.1335247 0.8819248E-01 0.4344331E-01 0.2537097E-01 0.2403882E-01 0.2813981E-01 0.4291622E-01 0.5316732E-01 0.4259311E-01 0.5139963E-01 0.8936137E-01 0.1255076 0.1576261 0.1911289 0.2189795 0.1782210 0.1387641 0.2154704 0.2437289 0.1878347 0.1214882 0.9917540E-01 0.1140616 0.1203252 0.1382065 0.1582044 0.1530106 0.1219353 0.8448574E-01 0.5838835E-01 -9999.000 -9999.000 -9999.000 -9999.000 -9999.000 -9999.000 -9999.000 -9999.000 -9999.000 -9999.000 -9999.000 -9999.000 -9999.000
-9999.000 -9999.000 -9999.000 -9999.000 -9999.000 -9999.000 -9999.000 -9999.000 -9999.000 -9999.000 -9999.000 -9999.000 -9999.000 0.6879156E-01 0.1020410 0.1102724 0.1284461 0.1061027 0.4700292E-01 0.1838311E-01 -9999.000 -9999.000 -9999.000 0.2917566E-01 0.3890865E-01 0.6156424E-01 0.1269815 0.1545722 0.1590667 0.1500897 0.1507902 0.1326579 0.1293947 0.2166810 0.2817095 0.2690878 0.2157592 0.1487038 0.1425715 0.1623709 0.1678711 0.1640244 0.1594070 0.1287813 0.7940110E-01 0.4149188E-01 -9999.000 -9999.000 -9999.000 -9999.000 -9999.000 -9999.000 -9999.000 -9999.000 -9999.000 -9999.000 -9999.000 -9999.000 -9999.000
-9999.000 -9999.000 -9999.000 -9999.000 -9999.000 -9999.000 -9999.000 -9999.000 -9999.000 -9999.000 -9999.000 -9999.000 -9999.000 0.6986912E-01 0.8650038E-01 0.9602132E-01 0.1257542 0.1169534 0.7099615E-01 0.4137432E-01 0.1871151E-01 -9999.000 -9999.000 -9999.000 0.3084195E-01 0.4137881E-01 0.8277220E-01 0.1062801 0.1275844 0.1227180 0.1439020 0.1709970 0.1538963 0.1936622 0.2463643 0.2663360 0.2319679 0.1830941 0.1675239 0.1829455 0.1770632 0.1589551 0.1559926 0.1402328 0.1135058 0.8176353E-01 0.6136068E-01 -9999.000 -9999.000 -9999.000 -9999.000 -9999.000 -9999.000 -9999.000 -9999.000 -9999.000 -9999.000 -9999.000 -9999.000
