simulation_files/asc/Depth____135.0.asc
NCOLS       216
NROWS       273
XLLCENTER        494.688995
YLLCENTER        787.867981
CELLSIZE           0.500
NODATA_VALUE     -9999.0
[rows 182 to 207 of 273, columns 120 to 179 of 216]
-9999.000 -9999.000 -9999.000 -9999.000 -9999.000 -9999.000 -9999.000 -9999.000 0.5308499E-01 0.1013387 0.1848943 0.2739621 0.2773789 0.2239219 0.1477061 0.9914010E-01 0.5509268E-01 0.6056304E-01 0.8155836E-01 0.7851505E-01 0.8989172E-01 0.1581391 0.2411131 0.2262975 0.2466206 0.2992828 0.3068721 0.2788611 0.2965721 0.3390998 0.3716605 0.4000298 0.3782650 0.3366493 0.3148015 0.3242236 0.3235257 0.3238461 0.2908743 0.2343195 0.1549582 0.6787385E-01 -9999.000 -9999.000 -9999.000 -9999.000 -9999.000 -9999.000 -9999.000 -9999.000 -9999.000 -9999.000 -9999.000 -9999.000 -9999.000 -9999.000 -9999.000 -9999.000 -9999.000 -9999.000
-9999.000 -9999.000 -9999.000 -9999.000 -9999.000 -9999.000 -9999.000 -9999.000 0.2182174E-01 0.6223233E-01 0.1617818 0.2416165 0.2701869 0.2458629 0.1996919 0.1424614 0.8603762E-01 0.6519833E-01 0.7733159E-01 0.7097292E-01 0.7791803E-01 0.1256961 0.1803568 0.2015456 0.2464546 0.3230569 0.3439713 0.2919687 0.3043275 0.3785579 0.4049150 0.4138114 0.4046118 0.3576824 0.3451749 0.3373423 0.3350299 0.3377898 0.3203592 0.2982342 0.2083280 0.9176748E-01 0.3260759E-01 -9999.000 -9999.000 -9999.000 -9999.000 -9999.000 -9999.000 -9999.000 -9999.000 -9999.000 -9999.000 -9999.000 -9999.000 -9999.000 -9999.000 -9999.000 -9999.000 -9999.000
-9999.000 -9999.000 -9999.000 -9999.000 -9999.000 -9999.000 -9999.000 -9999.000 -9999.000 0.4106092E-01 0.1345806 0.2402149 0.2759732 0.2748776 0.2413357 0.1882749 0.1317964 0.8248052E-01 0.7133560E-01 0.6441912E-01 0.7441942E-01 0.8959679E-01 0.1085860 0.1393040 0.2008766 0.2841831 0.3314112 0.3129548 0.3398791 0.3839243 0.3589908 0.3490655 0.3575144 0.3392000 0.2906211 0.2821818 0.2919250 0.3137159 0.3237556 0.3115202 0.2603983 0.1485449 0.7581488E-01 -9999.000 -9999.000 -9999.000 -9999.000 -9999.000 -9999.000 -9999.000 -9999.000 -9999.000 -9999.000 -9999.000 -9999.000 -9999.000 -9999.000 -9999.000 -9999.000 -9999.000
-9999.000 -9999.000 -9999.000 -9999.000 -9999.000 -9999.000 -9999.000 -9999.000 -9999.000 0.2835453E-01 0.1412391 0.2403784 0.2878095 0.2926994 0.2747574 0.2281363 0.1607461 0.9890146E-01 0.7819987E-01 0.7801196E-01 0.8847173E-01 0.8357694E-01 0.8093343E-01 0.1112512 0.1583202 0.2219233 0.2723874 0.2946293 0.3529017 0.3206484 0.2547913 0.2808914 0.2984830 0.2228579 0.1855205 0.1620756 0.2035621 0.2314841 0.2670758 0.2783696 0.2422599 0.1808792 0.1432720 0.8743928E-01 -9999.000 -9999.000 -9999.000 -9999.000 -9999.000 -9999.000 -9999.000 -9999.000 -9999.000 -9999.000 -9999.000 -9999.000 -9999.000 -9999.000 -9999.000 -9999.000
-9999.000 -9999.000 -9999.000 -9999.000 -9999.000 -9999.000 -9999.000 -9999.000 -9999.000 -9999.000 -9999.000 0.2146448 0.2786780 0.2931384 0.2874010 0.2391741 0.1615681 0.9782409E-01 0.7304416E-01 0.6717251E-01 0.8127767E-01 0.8012885E-01 0.8382481E-01 0.1191992 0.1762739 0.2206259 0.2521422 0.2622182 0.2775495 0.2305579 0.2123421 0.3185902 0.3376266 0.2860714 0.2112632 0.1889340 0.2062540 0.2240657 0.2367571 0.2454722 0.2362711 0.2060980 0.1751594 0.1302539 -9999.000 -9999.000 -9999.000 -9999.000 -9999.000 -9999.000 -9999.000 -9999.000 -9999.000 -9999.000 -9999.000 -9999.000 -9999.000 -9999.000 -9999.000 -9999.000
-9999.000 -9999.000 -9999.000 -9999.000 -9999.000 -9999.000 -9999.000 -9999.000 -9999.000 -9999.000 -9999.000 0.1876933 0.2518623 0.2648743 0.2686281 0.2192115 0.1301234 0.9164519E-01 0.7603822E-01 0.5709822E-01 0.5579665E-01 0.7248550E-01 0.8938299E-01 0.1406505 0.2092078 0.2315231 0.2141594 0.1947406 0.2153825 0.2220811 0.2336016 0.3210864 0.3872405 0.3645283 0.2993073 0.2297981 0.2397067 0.2591555 0.2453217 0.2269579 0.2272406 0.1976157 0.1586047 0.1164393 -9999.000 -9999.000 -9999.000 -9999.000 -9999.000 -9999.000 -9999.000 -9999.000 -9999.000 -9999.000 -9999.000 -9999.000 -9999.000 -9999.000 -9999.000 -9999.000
-9999.000 -9999.000 -9999.000 -9999.000 -9999.000 -9999.000 -9999.000 -9999.000 -9999.000 -9999.000 0.6227310E-01 0.1666352 0.2316075 0.2312246 0.2425539 0.2156523 0.1567814 0.1315326 0.1075059 0.7955175E-01 0.5470232E-01 0.4955599E-01 0.7365413E-01 0.1197474 0.1461397 0.1604441 0.1882191 0.1954462 0.2425468 0.2772013 0.2586042 0.2903318 0.3380352 0.3169028 0.2818030 0.2542295 0.2505253 0.2359264 0.2059675 0.2214197 0.2396987 0.2331980 0.2215937 0.1867153 0.1493940 0.8989426E-01 -9999.000 -9999.000 -9999.000 -9999.000 -9999.000 -9999.000 -9999.000 -9999.000 -9999.000 -9999.000 -9999.000 -9999.000 -9999.000 -9999.000
-9999.000 -9999.000 -9999.000 -9999.000 -9999.000 -9999.000 -9999.000 -9999.000 -9999.000 -9999.000 -9999.000 0.1308403 0.1969986 0.2271437 0.2478985 0.2442613 0.2208287 0.1971723 0.1561733 0.1307807 0.7998773E-01 0.3646191E-01 0.4393661E-01 0.7185519E-01 0.8236996E-01 0.1179901 0.2001631 0.2457841 0.2904282 0.3177050 0.3059512 0.2905081 0.2777022 0.2448423 0.2560571 0.2688955 0.2659168 0.2162182 0.2170386 0.2565753 0.2752844 0.2730779 0.2880142 0.2713240 0.2298023 0.1369465 0.4590070E-01 -9999.000 -9999.000 -9999.000 -9999.000 -9999.000 -9999.000 -9999.000 -9999.000 -9999.000 -9999.000 -9999.000 -9999.000 -9999.000
-9999.000 -9999.000 -9999.000 -9999.000 -9999.000 -9999.000 -9999.000 -9999.000 -9999.000 -9999.000 -9999.000 -9999.000 0.1390044 0.1953952 0.2320354 0.2491847 0.2549787 0.2518193 0.2053141 0.1741688 0.1217681 0.4392083E-01 0.2990524E-01 0.3965883E-01 0.5956219E-01 0.1104416 0.1912808 0.2471445 0.2885723 0.3179778 0.3027445 0.3015281 0.3098887 0.2769852 0.2779303 0.3278550 0.2909906 0.2549344 0.2884244 0.3219039 0.3232809 0.3162893 0.3385682 0.3213454 0.2762892 0.1778475 0.5371766E-01 -9999.000 -9999.000 -9999.000 -9999.000 -9999.000 -9999.000 -9999.000 -9999.000 -9999.000 -9999.000 -9999.000 -9999.000 -9999.000
-9999.000 -9999.000 -9999.000 -9999.000 -9999.000 -9999.000 -9999.000 -9999.000 -9999.000 -9999.000 -9999.000 -9999.000 0.8140455E-01 0.1398704 0.1938357 0.2310619 0.2695662 0.2804696 0.2534559 0.2253628 0.1728411 0.9252253E-01 0.5557934E-01 0.5781863E-01 0.6134938E-01 0.8725463E-01 0.1382344 0.2007511 0.2530972 0.2868909 0.2759971 0.2860211 0.3019087 0.2675760 0.3000999 0.3406875 0.2888671 0.2956120 0.3599363 0.3877993 0.3596648 0.3573305 0.3758517 0.3146049 0.2499422 0.1552328 0.5498649E-01 0.2593068E-01 -9999.000 -9999.000 -9999.000 -9999.000 -9999.000 -9999.000 -9999.000 -9999.000 -9999.000 -9999.000 -9999.000 -9999.000
-9999.000 -9999.000 -9999.000 -9999.000 -9999.000 -9999.000 -9999.000 -9999.000 -9999.000 -9999.000 -9999.000 -9999.000 -9999.000 0.9177041E-01 0.1511287 0.2156692 0.2484615 0.2842676 0.2961139 0.2609516 0.2022714 0.1436424 0.9873422E-01 0.6852389E-01 0.5472997E-01 0.5360846E-01 0.8584508E-01 0.1595303 0.2321019 0.2698899 0.2327550 0.2272574 0.2310666 0.2485944 0.3241757 0.3491371 0.3013876 0.3250230 0.4027674 0.4204473 0.3887021 0.3486808 0.2858505 0.2186962 0.1827228 0.1454781 0.1058201 0.6746851E-01 -9999.000 -9999.000 -9999.000 -9999.000 -9999.000 -9999.000 -9999.000 -9999.000 -9999.000 -9999.000 -9999.000 -9999.000
-9999.000 -9999.000 -9999.000 -9999.000 -9999.000 -9999.000 -9999.000 -9999.000 -9999.000 -9999.000 -9999.000 -9999.000 -9999.000 0.6667673E-01 0.1378651 0.1589041 0.1464273 0.2101116 0.2682329 0.2509995 0.2239142 0.1851296 0.1300342 0.8844232E-01 0.5788015E-01 0.3434110E-01 0.4734572E-01 0.1188937 0.2057139 0.2269371 0.1620033 0.2065759 0.2457023 0.2695209 0.3386876 0.3635657 0.3369759 0.3565742 0.3935695 0.4054476 0.3523454 0.2512671 0.2197550 0.1857990 0.2049287 0.2224125 0.2004206 0.1608269 0.1257110 -9999.000 -9999.000 -9999.000 -9999.000 -9999.000 -9999.000 -9999.000 -9999.000 -9999.000 -9999.000 -9999.000
-9999.000 -9999.000 -9999.000 -9999.000 -9999.000 -9999.000 -9999.000 -9999.000 -9999.000 -9999.000 -9999.000 -9999.000 -9999.000 -9999.000 0.9708616E-01 0.1021876 -9999.000 0.8307723E-01 0.1561091 0.2048905 0.2433369 0.2147807 0.1818432 0.1353688 0.9865280E-01 0.6993233E-01 0.5361453E-01 0.9247350E-01 0.1673842 0.1665669 0.1450639 0.2116905 0.2685777 0.2917425 0.3278612 0.3570980 0.3542402 0.3511461 0.3626529 0.3574130 0.3036281 0.2941506 0.2733286 0.2701982 0.2960857 0.2994523 0.2891356 0.2791302 0.2041450 0.1103504 -9999.000 -9999.000 -9999.000 -9999.000 -9999.000 -9999.000 -9999.000 -9999.000 -9999.000 -9999.000
-9999.000 -9999.000 -9999.000 -9999.000 -9999.000 -9999.000 -9999.000 -9999.000 -9999.000 -9999.000 -9999.000 -9999.000 -9999.000 -9999.000 -9999.000 -9999.000 0.4313173E-01 0.6609792E-01 0.1002954 0.1504846 0.2013747 0.2064981 0.1857579 0.1359141 0.9310730E-01 0.6942490E-01 0.5142513E-01 0.5984078E-01 0.9685327E-01 0.1208659 0.1419701 0.1900094 0.2514408 0.2792294 0.3056885 0.3245889 0.3374296 0.3339256 0.3450070 0.3551294 0.3565461 0.3654584 0.3452838 0.3337958 0.3283582 0.3281819 0.3153214 0.2957828 0.2210618 0.1333462 -9999.000 -9999.000 -9999.000 -9999.000 -9999.000 -9999.000 -9999.000 -9999.000 -9999.000 -9999.000
-9999.000 -9999.000 -9999.000 -9999.000 -9999.000 -9999.000 -9999.000 -9999.000 -9999.000 -9999.000 -9999.000 -9999.000 -9999.000 -9999.000 -9999.000 -9999.000 0.5679777E-01 0.9972689E-01 0.1011666 0.1170875 0.1524186 0.1700802 0.1622470 0.1283014 0.8789763E-01 0.5370513E-01 0.3034743E-01 -9999.000 -9999.000 0.6259180E-01 0.1151405 0.1549548 0.1980685 0.2208119 0.2667685 0.3161795 0.3230613 0.3178102 0.3460835 0.3976150 0.4174352 0.4162422 0.3627458 0.3296453 0.3428912 0.3451129 0.3083169 0.2482515 0.1666503 0.1221263 0.6169262E-01 -9999.000 -9999.000 -9999.000 -9999.000 -9999.000 -9999.000 -9999.000 -9999.000 -9999.000
-9999.000 -9999.000 -9999.000 -9999.000 -9999.000 -9999.000 -9999.000 -9999.000 -9999.000 -9999.000 -9999.000 -9999.000 -9999.000 -9999.000 -9999.000 -9999.000 -9999.000 0.8696364E-01 0.8002296E-01 0.9081776E-01 0.9476206E-01 0.1345507 0.1644862 0.1494048 0.1170126 0.7829872E-01 0.3848897E-01 -9999.000 -9999.000 -9999.000 0.6244326E-01 0.1130947 0.1328398 0.1455877 0.2085005 0.2739746 0.2752267 0.2757156 0.3387735 0.4092624 0.4378874 0.4067788 0.3441128 0.3116325 0.3068768 0.2649530 0.2312978 0.1798130 0.1439367 0.1255963 -9999.000 -9999.000 -9999.000 -9999.000 -9999.000 -9999.000 -9999.000 -9999.000 -9999.000 -9999.000
-9999.000 -9999.000 -9999.000 -9999.000 -9999.000 -9999.000 -9999.000 -9999.000 -9999.000 -9999.000 -9999.000 -9999.000 -9999.000 -9999.000 -9999.000 -9999.000 -9999.000 0.7042884E-01 0.1220995 0.7719925E-01 0.4984705E-01 0.8721695E-01 0.1298506 0.1352861 0.1296823 0.1060481 0.5439433E-01 0.2262446E-01 -9999.000 -9999.000 -9999.000 0.6405564E-01 0.8269727E-01 0.1028135 0.1507529 0.2058689 0.2220155 0.2687634 0.3500936 0.3913851 0.3906549 0.3578183 0.3139318 0.2788002 0.2626602 0.2038378 0.1752560 0.1548781 0.1590611 0.1550126 0.1060226 -9999.000 -9999.000 -9999.000 -9999.000 -9999.000 -9999.000 -9999.000 -9999.000 -9999.000
-9999.000 -9999.000 -9999.000 -9999.000 -9999.000 -9999.000 -9999.000 -9999.000 -9999.000 -9999.000 -9999.000 -9999.000 -9999.000 -9999.000 -9999.000 -9999.000 -9999.000 0.7973690E-01 0.1314414 0.6941533E-01 0.4593525E-01 0.8399239E-01 0.1062859 0.1034004 0.1277290 0.1107821 -9999.000 0.1511909E-01 -9999.000 -9999.000 -9999.000 0.3145049E-01 0.4744654E-01 0.9924800E-01 0.1607483 0.2045882 0.2384481 0.2866538 0.3094985 0.3329719 0.3215774 0.2994806 0.2872536 0.2958023 0.2705595 0.2628503 0.2421383 0.1831858 0.1857792 0.2100898 0.1758143 0.7668762E-01 -9999.000 -9999.000 -9999.000 -9999.000 -9999.000 -9999.000 -9999.000 -9999.000
-9999.000 -9999.000 -9999.000 -9999.000 -9999.000 -9999.000 -9999.000 -9999.000 -9999.000 -9999.000 -9999.000 -9999.000 -9999.000 -9999.000 -9999.000 0.2426791E-01 0.8181654E-01 0.1308533 0.8995060E-01 0.5710057E-01 0.9082154E-01 0.1427032 0.1520472 0.1112306 0.1203017 0.1024811 0.5218796E-01 -9999.000 -9999.000 -9999.000 -9999.000 -9999.000 -9999.000 0.9317873E-01 0.1826280 0.2397251 0.2637580 0.2470336 0.2315366 0.2416994 0.2710739 0.2477380 0.2619725 0.3077790 0.2993305 0.3107884 0.2840805 0.2243868 0.2126488 0.2447737 0.2181098 0.9545989E-01 0.4157695E-01 -9999.000 -9999.000 -9999.000 -9999.000 -9999.000 -9999.000 -9999.000
-9999.000 -9999.000 -9999.000 -9999.000 -9999.000 -9999.000 -9999.000 -9999.000 -9999.000 -9999.000 -9999.000 -9999.000 -9999.000 -9999.000 -9999.000 -9999.000 0.7742893E-01 0.1412430 0.1153559 0.8625145E-01 0.1613873 0.2124319 0.1953700 0.1450295 0.1379155 0.1086944 0.3963688E-01 -9999.000 -9999.000 -9999.000 -9999.000 -9999.000 -9999.000 0.7838445E-01 0.1517417 0.1843701 0.2027336 0.2129502 0.2185011 0.2270196 0.2311357 0.2067884 0.2099664 0.2903130 0.3219104 0.3085648 0.2748839 0.2378999 0.2270818 0.2381566 0.2229496 0.1241142 0.5634639E-01 -9999.000 -9999.000 -9999.000 -9999.000 -9999.000 -9999.000 -9999.000
-9999.000 -9999.000 -9999.000 -9999.000 -9999.000 -9999.000 -9999.000 -9999.000 -9999.000 -9999.000 -9999.000 -9999.000 -9999.000 -9999.000 -9999.000 -9999.000 -9999.000 0.9110194E-01 0.1043745 0.1071231 0.1587635 0.1895344 0.1782324 0.1905953 0.1908445 0.1385570 0.6100491E-01 0.2441131E-01 0.1265882E-01 -9999.000 -9999.000 -9999.000 -9999.000 0.5525984E-01 0.8355516E-01 0.8933346E-01 0.1329893 0.1788254 0.2208269 0.2269549 0.2338718 0.2234528 0.2178028 0.2721228 0.3041251 0.3056411 0.2833437 0.2438955 0.2445266 0.2570247 0.2110526 0.1480371 0.1124342 0.4384656E-01 -9999.000 -9999.000 -9999.000 -9999.000 -9999.000 -9999.000
-9999.000 -9999.000 -9999.000 -9999.000 -9999.000 -9999.000 -9999.000 -9999.000 -9999.000 -9999.000 -9999.000 -9999.000 -9999.000 -9999.000 -9999.000 -9999.000 -9999.000 -9999.000 0.7248109E-01 0.8645983E-01 0.1197167 0.1311190 0.1407296 0.1918095 0.2176631 0.1686700 0.1021922 0.4657500E-01 0.1992860E-01 -9999.000 -9999.000 -9999.000 -9999.000 -9999.000 0.7849141E-01 0.1031305 0.1264928 0.1587153 0.1835459 0.2012180 0.2382013 0.2731249 0.2779393 0.2825455 0.2716397 0.2927780 0.2700024 0.2453161 0.2742767 0.2975431 0.2525810 0.2195944 0.1967534 0.1238874 -9999.000 -9999.000 -9999.000 -9999.000 -9999.000 -9999.000
-9999.000 -9999.000 -9999.000 -9999.000 -9999.000 -9999.000 -9999.000 -9999.000 -9999.000 -9999.000 -9999.000 -9999.000 -9999.000 -9999.000 -9999.000 -9999.000 -9999.000 0.5128169E-01 0.8385104E-01 0.6488373E-01 0.6494199E-01 0.9467666E-01 0.1252666 0.1731979 0.2124914 0.1881866 0.1390137 0.7511034E-01 0.3538961E-01 -9999.000 -9999.000 -9999.000 -9999.000 -9999.000 0.7362400E-01 0.1085654 0.1354009 0.1513186 0.1714731 0.1870927 0.2082694 0.2481695 0.2620306 0.2437871 0.2246175 0.2054522 0.1985469 0.2230562 0.2945358 0.3383236 0.3112232 0.2777223 0.2475937 0.2125713 0.1863705 -9999.000 -9999.000 -9999.000 -9999.000 -9999.000
-9999.000 -9999.000 -9999.000 -9999.000 -9999.000 -9999.000 -9999.000 -9999.000 -9999.000 -9999.000 -9999.000 -9999.000 -9999.000 -9999.000 -9999.000 -9999.000 -9999.000 -9999.000 0.4866325E-01 -9999.000 0.3510417E-01 0.1194635 0.1737208 0.2027501 0.1908374 0.1550184 0.1277713 0.9170927E-01 0.4784617E-01 -9999.000 -9999.000 -9999.000 -9999.000 -9999.000 -9999.000 0.5911737E-01 0.9887345E-01 0.1332708 0.1787200 0.1970577 0.2111662 0.2365375 0.2530736 0.2024474 0.1353908 0.1015156 0.1306385 0.2230620 0.3174428 0.3698320 0.3184890 0.2877592 0.2599138 0.2321264 0.1755437 0.9083286E-01 -9999.000 -9999.000 -9999.000 -9999.000
-9999.000 -9999.000 -9999.000 -9999.000 -9999.000 -9999.000 -9999.000 -9999.000 -9999.000 -9999.000 -9999.000 -9999.000 -9999.000 -9999.000 -9999.000 -9999.000 -9999.000 -9999.000 0.1938589E-01 0.2465732E-01 0.5146607E-01 0.1489470 0.2299129 0.2436225 0.1985023 0.1610597 0.1307828 0.1052843 0.6043524E-01 -9999.000 -9999.000 -9999.000 -9999.000 -9999.000 -9999.000 0.3699679E-01 0.7350015E-01 0.1297275 0.1806393 0.2132664 0.2505788 0.2600989 0.2614882 0.2115182 0.1612361 0.1579051 0.1893791 0.2631390 0.3089903 0.2917316 0.2602206 0.2800703 0.2700533 0.2088391 0.1793265 0.1299082 0.5393225E-01 -9999.000 -9999.000 -9999.000
-9999.000 -9999.000 -9999.000 -9999.000 -9999.000 -9999.000 -9999.000 -9999.000 -9999.000 -9999.000 -9999.000 -9999.000 -9999.000 -9999.000 -9999.000 -9999.000 -9999.000 -9999.000 0.1512797E-01 0.3605452E-01 0.7314257E-01 0.1634075 0.2432911 0.2339158 0.1966478 0.1576499 0.1283453 0.1070965 0.7474320E-01 -9999.000 -9999.000 -9999.000 -9999.000 -9999.000 -9999.000 -9999.000 0.5170925E-01 0.1268432 0.2043984 0.2505201 0.3039042 0.3194503 0.2815069 0.2386792 0.2457760 0.3332814 0.3854428 0.3672793 0.3156406 0.2541315 0.2768398 0.3312664 0.3146360 0.2233801 0.1973828 0.1875775 0.1162507 -9999.000 -9999.000 -9999.000
