simulation_files/asc/Depth____000028.asc
NCOLS        79
NROWS        79
XLLCENTER         -1.500000
YLLCENTER         -4.800000
CELLSIZE           0.100
NODATA_VALUE     -9999.0
[rows 0 to 25 of 79, columns 0 to 56 of 79]
-9999.000 -9999.000 -9999.000 -9999.000 -9999.000 -9999.000 -9999.000 -9999.000 -9999.000 -9999.000 -9999.000 -9999.000 -9999.000 -9999.000 -9999.000 0.1761703 0.1761685 0.1760238 0.1757986 0.1755116 0.1751771 0.1748087 0.1744207 0.1740280 0.1736463 0.1732921 0.1729827 0.1727369 0.1725818 0.1728418 0.1728418 -9999.000 -9999.000 -9999.000 -9999.000 -9999.000 -9999.000 -9999.000 -9999.000 -9999.000 -9999.000 -9999.000 -9999.000 -9999.000 -9999.000 -9999.000 -9999.000 -9999.000 -9999.000 -9999.000 -9999.000 -9999.000 -9999.000 -9999.000 -9999.000 -9999.000 -9999.000
-9999.000 -9999.000 -9999.000 -9999.000 -9999.000 -9999.000 -9999.000 -9999.000 -9999.000 -9999.000 -9999.000 -9999.000 -9999.000 -9999.000 -9999.000 0.1782994 0.1783668 0.1782275 0.1780097 0.1777321 0.1774081 0.1770510 0.1766746 0.1762933 0.1759222 0.1755767 0.1752720 0.1750223 0.1748471 0.1750619 0.1750619 -9999.000 -9999.000 -9999.000 -9999.000 -9999.000 -9999.000 -9999.000 -9999.000 -9999.000 -9999.000 -9999.000 -9999.000 -9999.000 -9999.000 -9999.000 -9999.000 -9999.000 -9999.000 -9999.000 -9999.000 -9999.000 -9999.000 -9999.000 -9999.000 -9999.000 -9999.000
-9999.000 -9999.000 -9999.000 -9999.000 -9999.000 -9999.000 -9999.000 -9999.000 -9999.000 -9999.000 -9999.000 -9999.000 -9999.000 -9999.000 -9999.000 0.1806342 0.1807651 0.1806200 0.1803921 0.1801029 0.1797665 0.1793961 0.1790054 0.1786086 0.1782202 0.1778551 0.1775283 0.1772547 0.1770578 0.1773104 0.1773104 -9999.000 -9999.000 -9999.000 -9999.000 -9999.000 -9999.000 -9999.000 -9999.000 -9999.000 -9999.000 -9999.000 -9999.000 -9999.000 -9999.000 -9999.000 -9999.000 -9999.000 -9999.000 -9999.000 -9999.000 -9999.000 -9999.000 -9999.000 -9999.000 -9999.000 -9999.000
-9999.000 -9999.000 -9999.000 -9999.000 -9999.000 -9999.000 -9999.000 -9999.000 -9999.000 -9999.000 -9999.000 -9999.000 -9999.000 -9999.000 -9999.000 0.1829981 0.1831885 0.1830329 0.1827886 0.1824805 0.1821233 0.1817306 0.1813163 0.1808944 0.1804793 0.1800861 0.1797298 0.1794264 0.1792037 0.1794928 0.1794928 -9999.000 -9999.000 -9999.000 -9999.000 -9999.000 -9999.000 -9999.000 -9999.000 -9999.000 -9999.000 -9999.000 -9999.000 -9999.000 -9999.000 -9999.000 -9999.000 -9999.000 -9999.000 -9999.000 -9999.000 -9999.000 -9999.000 -9999.000 -9999.000 -9999.000 -9999.000
-9999.000 -9999.000 -9999.000 -9999.000 -9999.000 -9999.000 -9999.000 -9999.000 -9999.000 -9999.000 -9999.000 -9999.000 -9999.000 -9999.000 -9999.000 0.1853820 0.1856268 0.1854565 0.1851906 0.1848573 0.1844724 0.1840500 0.1836042 0.1831491 0.1826995 0.1822705 0.1818776 0.1815379 0.1812831 0.1816064 0.1816064 -9999.000 -9999.000 -9999.000 -9999.000 -9999.000 -9999.000 -9999.000 -9999.000 -9999.000 -9999.000 -9999.000 -9999.000 -9999.000 -9999.000 -9999.000 -9999.000 -9999.000 -9999.000 -9999.000 -9999.000 -9999.000 -9999.000 -9999.000 -9999.000 -9999.000 -9999.000
-9999.000 -9999.000 -9999.000 -9999.000 -9999.000 -9999.000 -9999.000 -9999.000 -9999.000 -9999.000 -9999.000 -9999.000 -9999.000 -9999.000 -9999.000 0.1877811 0.1880729 0.1878836 0.1875915 0.1872277 0.1868088 0.1863497 0.1858650 0.1853691 0.1848772 0.1844044 0.1839670 0.1835828 0.1832876 0.1836420 0.1836420 -9999.000 -9999.000 -9999.000 -9999.000 -9999.000 -9999.000 -9999.000 -9999.000 -9999.000 -9999.000 -9999.000 -9999.000 -9999.000 -9999.000 -9999.000 -9999.000 -9999.000 -9999.000 -9999.000 -9999.000 -9999.000 -9999.000 -9999.000 -9999.000 -9999.000 -9999.000
-9999.000 -9999.000 -9999.000 -9999.000 -9999.000 -9999.000 -9999.000 -9999.000 -9999.000 -9999.000 -9999.000 -9999.000 -9999.000 -9999.000 -9999.000 0.1901928 0.1905211 0.1903083 0.1899858 0.1895864 0.1891279 0.1886254 0.1880942 0.1875492 0.1870059 0.1864799 0.1859878 0.1855484 0.1852013 0.1855825 0.1855825 -9999.000 -9999.000 -9999.000 -9999.000 -9999.000 -9999.000 -9999.000 -9999.000 -9999.000 -9999.000 -9999.000 -9999.000 -9999.000 -9999.000 -9999.000 -9999.000 -9999.000 -9999.000 -9999.000 -9999.000 -9999.000 -9999.000 -9999.000 -9999.000 -9999.000 -9999.000
-9999.000 -9999.000 -9999.000 -9999.000 -9999.000 -9999.000 -9999.000 -9999.000 -9999.000 -9999.000 -9999.000 -9999.000 -9999.000 -9999.000 -9999.000 0.1926153 0.1929659 0.1927244 0.1923676 0.1919285 0.1914248 0.1908722 0.1902863 0.1896827 0.1890771 0.1884855 0.1879249 0.1874149 0.1869990 0.1874004 0.1874004 -9999.000 -9999.000 -9999.000 -9999.000 -9999.000 -9999.000 -9999.000 -9999.000 -9999.000 -9999.000 -9999.000 -9999.000 -9999.000 -9999.000 -9999.000 -9999.000 -9999.000 -9999.000 -9999.000 -9999.000 -9999.000 -9999.000 -9999.000 -9999.000 -9999.000 -9999.000
-9999.000 -9999.000 -9999.000 -9999.000 -9999.000 -9999.000 -9999.000 -9999.000 -9999.000 -9999.000 -9999.000 -9999.000 -9999.000 -9999.000 -9999.000 0.1950454 0.1954008 0.1951247 0.1947301 0.1942471 0.1936931 0.1930836 0.1924342 0.1917608 0.1910792 0.1904055 0.1897569 0.1891538 0.1886440 0.1890541 0.1890541 -9999.000 -9999.000 -9999.000 -9999.000 -9999.000 -9999.000 -9999.000 -9999.000 -9999.000 -9999.000 -9999.000 -9999.000 -9999.000 -9999.000 -9999.000 -9999.000 -9999.000 -9999.000 -9999.000 -9999.000 -9999.000 -9999.000 -9999.000 -9999.000 -9999.000 -9999.000
-9999.000 -9999.000 -9999.000 -9999.000 -9999.000 -9999.000 -9999.000 -9999.000 -9999.000 -9999.000 -9999.000 -9999.000 -9999.000 -9999.000 -9999.000 0.1974768 0.1978165 0.1974993 0.1970637 0.1965334 0.1959239 0.1952502 0.1945276 0.1937711 0.1929961 0.1922182 0.1914542 0.1907250 0.1900825 0.1904799 0.1904799 -9999.000 -9999.000 -9999.000 -9999.000 -9999.000 -9999.000 -9999.000 -9999.000 -9999.000 -9999.000 -9999.000 -9999.000 -9999.000 -9999.000 -9999.000 -9999.000 -9999.000 -9999.000 -9999.000 -9999.000 -9999.000 -9999.000 -9999.000 -9999.000 -9999.000 -9999.000
-9999.000 -9999.000 -9999.000 -9999.000 -9999.000 -9999.000 -9999.000 -9999.000 -9999.000 -9999.000 -9999.000 -9999.000 -9999.000 -9999.000 -9999.000 0.1998980 0.2002006 0.1998353 0.1993560 0.1987750 0.1981049 0.1973592 0.1965518 0.1956962 0.1948058 0.1938939 0.1929755 0.1920707 0.1912340 0.1915761 0.1915761 -9999.000 -9999.000 -9999.000 -9999.000 -9999.000 -9999.000 -9999.000 -9999.000 -9999.000 -9999.000 -9999.000 -9999.000 -9999.000 -9999.000 -9999.000 -9999.000 -9999.000 -9999.000 -9999.000 -9999.000 -9999.000 -9999.000 -9999.000 -9999.000 -9999.000 -9999.000
-9999.000 -9999.000 -9999.000 -9999.000 -9999.000 -9999.000 -9999.000 -9999.000 -9999.000 -9999.000 -9999.000 -9999.000 -9999.000 -9999.000 -9999.000 0.2022901 0.2025367 0.2021165 0.2015906 0.2009557 0.2002195 0.1993929 0.1984871 0.1975124 0.1964777 0.1953912 0.1942618 0.1931042 0.1919710 0.1921667 0.1921667 -9999.000 -9999.000 -9999.000 -9999.000 -9999.000 -9999.000 -9999.000 -9999.000 -9999.000 -9999.000 -9999.000 -9999.000 -9999.000 -9999.000 -9999.000 -9999.000 -9999.000 -9999.000 -9999.000 -9999.000 -9999.000 -9999.000 -9999.000 -9999.000 -9999.000 -9999.000
-9999.000 -9999.000 -9999.000 -9999.000 -9999.000 -9999.000 -9999.000 -9999.000 -9999.000 -9999.000 -9999.000 -9999.000 -9999.000 -9999.000 -9999.000 0.2046255 0.2048038 0.2043229 0.2037473 0.2030546 0.2022460 0.2013281 0.2003073 0.1991879 0.1979704 0.1966516 0.1952256 0.1936891 0.1920751 0.1919097 0.1919097 -9999.000 -9999.000 -9999.000 -9999.000 -9999.000 -9999.000 -9999.000 -9999.000 -9999.000 -9999.000 -9999.000 -9999.000 -9999.000 -9999.000 -9999.000 -9999.000 -9999.000 -9999.000 -9999.000 -9999.000 -9999.000 -9999.000 -9999.000 -9999.000 -9999.000 -9999.000
-9999.000 -9999.000 -9999.000 -9999.000 -9999.000 -9999.000 -9999.000 -9999.000 -9999.000 -9999.000 -9999.000 -9999.000 -9999.000 -9999.000 -9999.000 0.2068579 0.2069736 0.2064312 0.2058030 0.2050474 0.2041585 0.2031362 0.2019792 0.2006811 0.1992271 0.1975907 0.1957313 0.1935931 0.1911294 0.1900162 0.1900162 -9999.000 -9999.000 -9999.000 -9999.000 -9999.000 -9999.000 -9999.000 -9999.000 -9999.000 -9999.000 -9999.000 -9999.000 -9999.000 -9999.000 -9999.000 -9999.000 -9999.000 -9999.000 -9999.000 -9999.000 -9999.000 -9999.000 -9999.000 -9999.000 -9999.000 -9999.000
-9999.000 -9999.000 -9999.000 -9999.000 -9999.000 -9999.000 -9999.000 -9999.000 -9999.000 -9999.000 -9999.000 -9999.000 -9999.000 -9999.000 -9999.000 0.2084860 0.2089221 0.2084272 0.2077927 0.2069853 0.2060049 0.2048517 0.2035181 0.2019834 0.2002073 0.1981186 0.1955968 0.1924364 0.1882729 0.1838907 0.1838907 -9999.000 -9999.000 -9999.000 -9999.000 -9999.000 -9999.000 -9999.000 -9999.000 -9999.000 -9999.000 -9999.000 -9999.000 -9999.000 -9999.000 -9999.000 -9999.000 -9999.000 -9999.000 -9999.000 -9999.000 -9999.000 -9999.000 -9999.000 -9999.000 -9999.000 -9999.000
0.1702815 0.1702815 0.1793679 0.1825527 0.1842386 0.1842386 0.1860029 0.1898005 0.1898005 0.1941854 0.1941854 0.1997180 0.2031284 0.2070892 0.2116578 0.2116578 0.2158314 0.2148256 0.2134823 0.2118260 0.2099297 0.2078529 0.2056139 0.2031733 0.2004136 0.1970913 0.1927138 0.1861917 0.1746419 0.1454256 0.1454256 0.5526717E-01 0.3292930E-01 0.2276904E-01 0.2329653E-01 0.2329653E-01 0.3067403E-01 0.3067403E-01 0.7193002E-01 0.7193002E-01 0.9547727E-01 0.1045000 0.1045000 0.1070596 0.1070596 0.1099898 0.1099898 0.1099898 0.1090893 0.1090893 0.1076535 0.1076535 0.1058979 0.1058979 0.1044781 0.1044781 0.1012679
0.1693811 0.1693811 0.1791243 0.1823166 0.1840090 0.1840090 0.1857828 0.1896109 0.1896109 0.1940240 0.1940240 0.1994343 0.2025642 0.2059004 0.2092753 0.2092753 0.2118483 0.2115262 0.2109040 0.2099420 0.2086105 0.2068892 0.2047586 0.2021811 0.1990657 0.1952142 0.1902249 0.1832869 0.1725893 0.1520661 0.1520661 0.9182020E-01 0.7058304E-01 0.5317241E-01 0.4886389E-01 0.4886389E-01 0.4626815E-01 0.4626815E-01 0.6076044E-01 0.6076044E-01 0.8415201E-01 0.1054740 0.1054740 0.1076259 0.1076259 0.1098785 0.1098785 0.1098785 0.1088559 0.1088559 0.1074278 0.1074278 0.1056685 0.1056685 0.1049075 0.1049075 0.1011200
0.1688345 0.1688345 0.1790895 0.1822390 0.1838995 0.1838995 0.1856306 0.1893225 0.1893225 0.1934657 0.1934657 0.1983362 0.2010403 0.2038276 0.2065530 0.2065530 0.2083517 0.2080016 0.2074074 0.2065628 0.2054267 0.2039383 0.2020235 0.1995919 0.1965198 0.1926139 0.1875380 0.1806644 0.1706672 0.1536552 0.1536552 0.1063003 0.8606691E-01 0.6752493E-01 0.6250267E-01 0.6250267E-01 0.5870092E-01 0.5870092E-01 0.6520517E-01 0.6520517E-01 0.7897797E-01 0.1053202 0.1053202 0.1087264 0.1087264 0.1099824 0.1099824 0.1099824 0.1086696 0.1086696 0.1072217 0.1072217 0.1054912 0.1054912 0.1041912 0.1041912 0.1013179
0.1683251 0.1683251 0.1790330 0.1821339 0.1837525 0.1837525 0.1854279 0.1889478 0.1889478 0.1927828 0.1927828 0.1971181 0.1994451 0.2017846 0.2040191 0.2040191 0.2050932 0.2045935 0.2038740 0.2029477 0.2017827 0.2003168 0.1984644 0.1961173 0.1931363 0.1893276 0.1843917 0.1778133 0.1685575 0.1537855 0.1537855 0.1159265 0.9730127E-01 0.7953447E-01 0.7482336E-01 0.7482336E-01 0.7182080E-01 0.7182080E-01 0.7524145E-01 0.7524145E-01 0.8186290E-01 0.1024280 0.1024280 0.1088887 0.1088887 0.1096034 0.1096034 0.1096034 0.1082186 0.1082186 0.1067171 0.1067171 0.1050114 0.1050114 0.1035880 0.1035880 0.1011689
0.1678466 0.1678466 0.1789610 0.1820011 0.1835682 0.1835682 0.1851760 0.1884953 0.1884953 0.1919960 0.1919960 0.1957980 0.1977720 0.1997088 0.2015150 0.2015150 0.2018557 0.2011544 0.2002692 0.1992110 0.1979504 0.1964278 0.1945589 0.1922365 0.1893247 0.1856425 0.1809255 0.1747412 0.1662548 0.1532551 0.1532551 0.1225599 0.1057539 0.9028670E-01 0.8679424E-01 0.8679424E-01 0.8542130E-01 0.8542130E-01 0.8669328E-01 0.8669328E-01 0.8887780E-01 0.1001088 0.1001088 0.1074994 0.1074994 0.1087916 0.1087916 0.1087916 0.1074488 0.1074488 0.1059298 0.1059298 0.1042678 0.1042678 0.1027961 0.1027961 0.1007321
0.1674030 0.1674030 0.1788814 0.1818485 0.1833571 0.1833571 0.1848894 0.1879898 0.1879898 0.1911413 0.1911413 0.1944081 0.1960351 0.1975782 0.1989645 0.1989645 0.1985001 0.1975534 0.1964838 0.1952858 0.1939223 0.1923319 0.1904328 0.1881244 0.1852830 0.1817495 0.1772989 0.1715729 0.1638923 0.1524742 0.1524742 0.1274773 0.1127966 0.1011517 0.9939455E-01 0.9939455E-01 0.9893981E-01 0.9893981E-01 0.9748639E-01 0.9748639E-01 0.9688343E-01 0.1002212 0.1002212 0.1054689 0.1054689 0.1074335 0.1074335 0.1074335 0.1063017 0.1063017 0.1048556 0.1048556 0.1032791 0.1032791 0.1018306 0.1018306 0.1000607
0.1670026 0.1670026 0.1788004 0.1816843 0.1831302 0.1831302 0.1845824 0.1874554 0.1874554 0.1902529 0.1902529 0.1929819 0.1942555 0.1953888 0.1963218 0.1963218 0.1949049 0.1936661 0.1923977 0.1910658 0.1896154 0.1879767 0.1860681 0.1837969 0.1810564 0.1777164 0.1735986 0.1684194 0.1616363 0.1517992 0.1517992 0.1317292 0.1197194 0.1130904 0.1127580 0.1127580 0.1113309 0.1113309 0.1067748 0.1067748 0.1043589 0.1024582 0.1024582 0.1041419 0.1041419 0.1057084 0.1057084 0.1057084 0.1047933 0.1047933 0.1034897 0.1034897 0.1020489 0.1020489 0.1006939 0.1006939 0.9919270E-01
0.1666577 0.1666577 0.1787224 0.1815166 0.1828981 0.1828981 0.1842692 0.1869152 0.1869152 0.1893631 0.1893631 0.1915532 0.1924598 0.1931475 0.1935531 0.1935531 0.1909304 0.1893494 0.1878726 0.1864226 0.1849148 0.1832641 0.1813857 0.1791956 0.1766092 0.1735365 0.1698601 0.1653849 0.1597044 0.1516692 0.1516692 0.1364144 0.1278378 0.1260654 0.1259758 0.1259758 0.1217612 0.1217612 0.1144597 0.1144597 0.1108725 0.1057799 0.1057799 0.1041127 0.1041127 0.1040332 0.1040332 0.1040332 0.1030810 0.1030810 0.1018822 0.1018822 0.1005976 0.1005976 0.9939225E-01 0.9939225E-01 0.9815945E-01
0.1663826 0.1663826 0.1786511 0.1813527 0.1826708 0.1826708 0.1839631 0.1863905 0.1863905 0.1885021 0.1885021 0.1901591 0.1906830 0.1908754 0.1906364 0.1906364 0.1863920 0.1844186 0.1827355 0.1811981 0.1796781 0.1780664 0.1762724 0.1742225 0.1718647 0.1691703 0.1661157 0.1626277 0.1584468 0.1526509 0.1526509 0.1427621 0.1382009 0.1388836 0.1377618 0.1377618 0.1300766 0.1300766 0.1207490 0.1207490 0.1164003 0.1093646 0.1093646 0.1051733 0.1051733 0.1027873 0.1027873 0.1027873 0.1014148 0.1014148 0.1001598 0.1001598 0.9898715E-01 0.9898715E-01 0.9795438E-01 0.9795438E-01 0.9699667E-01
0.1661938 0.1661938 0.1785891 0.1811994 0.1824576 0.1824576 0.1836762 0.1859005 0.1859005 0.1876985 0.1876985 0.1888401 0.1889711 0.1886147 0.1875717 0.1875717 0.1810245 0.1786194 0.1767566 0.1751890 0.1737254 0.1722236 0.1705842 0.1687493 0.1667192 0.1645729 0.1624493 0.1604585 0.1584845 0.1557409 0.1557409 0.1512938 0.1507207 0.1501622 0.1477945 0.1477945 0.1366013 0.1366013 0.1258371 0.1258371 0.1209748 0.1127248 0.1127248 0.1068137 0.1068137 0.1021161 0.1021161 0.1021161 0.1000177 0.1000177 0.9849329E-01 0.9849329E-01 0.9732687E-01 0.9732687E-01 0.9644381E-01 0.9644381E-01 0.9575600E-01
0.1661086 0.1661086 0.1785376 0.1810626 0.1822668 0.1822668 0.1834193 0.1854625 0.1854625 0.1869790 0.1869790 0.1876401 0.1873818 0.1864372 0.1844059 0.1844059 0.1744286 0.1715863 0.1696160 0.1681199 0.1668202 0.1655284 0.1641360 0.1626101 0.1610425 0.1597190 0.1590742 0.1594507 0.1607075 0.1619183 0.1619183 0.1626484 0.1635153 0.1592875 0.1548931 0.1548931 0.1418499 0.1418499 0.1298906 0.1298906 0.1246686 0.1156460 0.1156460 0.1086096 0.1086096 0.1019576 0.1019576 0.1019576 0.9900756E-01 0.9900756E-01 0.9704318E-01 0.9704318E-01 0.9575546E-01 0.9575546E-01 0.9496020E-01 0.9496020E-01 0.9451304E-01
