simulation_files/asc/Depth____000013.asc
NCOLS        79
NROWS        79
XLLCENTER         -1.500000
YLLCENTER         -4.800000
CELLSIZE           0.100
NODATA_VALUE     -9999.0
[rows 0 to 24 of 79, columns 0 to 56 of 79]
-9999.000 -9999.000 -9999.000 -9999.000 -9999.000 -9999.000 -9999.000 -9999.000 -9999.000 -9999.000 -9999.000 -9999.000 -9999.000 -9999.000 -9999.000 0.4927634E-01 0.4898497E-01 0.4892727E-01 0.4890601E-01 0.4889816E-01 0.4889529E-01 0.4889427E-01 0.4889402E-01 0.4889427E-01 0.4889528E-01 0.4889816E-01 0.4890601E-01 0.4892727E-01 0.4898498E-01 0.4927634E-01 0.4927634E-01 -9999.000 -9999.000 -9999.000 -9999.000 -9999.000 -9999.000 -9999.000 -9999.000 -9999.000 -9999.000 -9999.000 -9999.000 -9999.000 -9999.000 -9999.000 -9999.000 -9999.000 -9999.000 -9999.000 -9999.000 -9999.000 -9999.000 -9999.000 -9999.000 -9999.000 -9999.000
-9999.000 -9999.000 -9999.000 -9999.000 -9999.000 -9999.000 -9999.000 -9999.000 -9999.000 -9999.000 -9999.000 -9999.000 -9999.000 -9999.000 -9999.000 0.4962840E-01 0.4921949E-01 0.4910666E-01 0.4905203E-01 0.4902700E-01 0.4901609E-01 0.4901168E-01 0.4901050E-01 0.4901168E-01 0.4901609E-01 0.4902700E-01 0.4905203E-01 0.4910666E-01 0.4921949E-01 0.4962840E-01 0.4962840E-01 -9999.000 -9999.000 -9999.000 -9999.000 -9999.000 -9999.000 -9999.000 -9999.000 -9999.000 -9999.000 -9999.000 -9999.000 -9999.000 -9999.000 -9999.000 -9999.000 -9999.000 -9999.000 -9999.000 -9999.000 -9999.000 -9999.000 -9999.000 -9999.000 -9999.000 -9999.000
-9999.000 -9999.000 -9999.000 -9999.000 -9999.000 -9999.000 -9999.000 -9999.000 -9999.000 -9999.000 -9999.000 -9999.000 -9999.000 -9999.000 -9999.000 0.4987095E-01 0.4944428E-01 0.4929905E-01 0.4921195E-01 0.4916429E-01 0.4914021E-01 0.4912935E-01 0.4912628E-01 0.4912935E-01 0.4914022E-01 0.4916428E-01 0.4921195E-01 0.4929905E-01 0.4944428E-01 0.4987094E-01 0.4987094E-01 -9999.000 -9999.000 -9999.000 -9999.000 -9999.000 -9999.000 -9999.000 -9999.000 -9999.000 -9999.000 -9999.000 -9999.000 -9999.000 -9999.000 -9999.000 -9999.000 -9999.000 -9999.000 -9999.000 -9999.000 -9999.000 -9999.000 -9999.000 -9999.000 -9999.000 -9999.000
-9999.000 -9999.000 -9999.000 -9999.000 -9999.000 -9999.000 -9999.000 -9999.000 -9999.000 -9999.000 -9999.000 -9999.000 -9999.000 -9999.000 -9999.000 0.5003799E-01 0.4964357E-01 0.4949009E-01 0.4938032E-01 0.4931039E-01 0.4927034E-01 0.4925048E-01 0.4924455E-01 0.4925048E-01 0.4927035E-01 0.4931038E-01 0.4938033E-01 0.4949009E-01 0.4964356E-01 0.5003799E-01 0.5003799E-01 -9999.000 -9999.000 -9999.000 -9999.000 -9999.000 -9999.000 -9999.000 -9999.000 -9999.000 -9999.000 -9999.000 -9999.000 -9999.000 -9999.000 -9999.000 -9999.000 -9999.000 -9999.000 -9999.000 -9999.000 -9999.000 -9999.000 -9999.000 -9999.000 -9999.000 -9999.000
-9999.000 -9999.000 -9999.000 -9999.000 -9999.000 -9999.000 -9999.000 -9999.000 -9999.000 -9999.000 -9999.000 -9999.000 -9999.000 -9999.000 -9999.000 0.5015638E-01 0.4981291E-01 0.4966926E-01 0.4954989E-01 0.4946299E-01 0.4940752E-01 0.4937770E-01 0.4936839E-01 0.4937769E-01 0.4940753E-01 0.4946300E-01 0.4954990E-01 0.4966927E-01 0.4981292E-01 0.5015640E-01 0.5015640E-01 -9999.000 -9999.000 -9999.000 -9999.000 -9999.000 -9999.000 -9999.000 -9999.000 -9999.000 -9999.000 -9999.000 -9999.000 -9999.000 -9999.000 -9999.000 -9999.000 -9999.000 -9999.000 -9999.000 -9999.000 -9999.000 -9999.000 -9999.000 -9999.000 -9999.000 -9999.000
-9999.000 -9999.000 -9999.000 -9999.000 -9999.000 -9999.000 -9999.000 -9999.000 -9999.000 -9999.000 -9999.000 -9999.000 -9999.000 -9999.000 -9999.000 0.5024543E-01 0.4995427E-01 0.4983087E-01 0.4971407E-01 0.4961840E-01 0.4955121E-01 0.4951247E-01 0.4949992E-01 0.4951247E-01 0.4955121E-01 0.4961840E-01 0.4971407E-01 0.4983086E-01 0.4995426E-01 0.5024544E-01 0.5024544E-01 -9999.000 -9999.000 -9999.000 -9999.000 -9999.000 -9999.000 -9999.000 -9999.000 -9999.000 -9999.000 -9999.000 -9999.000 -9999.000 -9999.000 -9999.000 -9999.000 -9999.000 -9999.000 -9999.000 -9999.000 -9999.000 -9999.000 -9999.000 -9999.000 -9999.000 -9999.000
-9999.000 -9999.000 -9999.000 -9999.000 -9999.000 -9999.000 -9999.000 -9999.000 -9999.000 -9999.000 -9999.000 -9999.000 -9999.000 -9999.000 -9999.000 0.5031800E-01 0.5007235E-01 0.4997329E-01 0.4986834E-01 0.4977265E-01 0.4969956E-01 0.4965483E-01 0.4963988E-01 0.4965482E-01 0.4969956E-01 0.4977266E-01 0.4986834E-01 0.4997331E-01 0.5007235E-01 0.5031799E-01 0.5031799E-01 -9999.000 -9999.000 -9999.000 -9999.000 -9999.000 -9999.000 -9999.000 -9999.000 -9999.000 -9999.000 -9999.000 -9999.000 -9999.000 -9999.000 -9999.000 -9999.000 -9999.000 -9999.000 -9999.000 -9999.000 -9999.000 -9999.000 -9999.000 -9999.000 -9999.000 -9999.000
-9999.000 -9999.000 -9999.000 -9999.000 -9999.000 -9999.000 -9999.000 -9999.000 -9999.000 -9999.000 -9999.000 -9999.000 -9999.000 -9999.000 -9999.000 0.5038211E-01 0.5017264E-01 0.5009780E-01 0.5001041E-01 0.4992250E-01 0.4985011E-01 0.4980341E-01 0.4978738E-01 0.4980342E-01 0.4985011E-01 0.4992250E-01 0.5001041E-01 0.5009780E-01 0.5017265E-01 0.5038213E-01 0.5038213E-01 -9999.000 -9999.000 -9999.000 -9999.000 -9999.000 -9999.000 -9999.000 -9999.000 -9999.000 -9999.000 -9999.000 -9999.000 -9999.000 -9999.000 -9999.000 -9999.000 -9999.000 -9999.000 -9999.000 -9999.000 -9999.000 -9999.000 -9999.000 -9999.000 -9999.000 -9999.000
-9999.000 -9999.000 -9999.000 -9999.000 -9999.000 -9999.000 -9999.000 -9999.000 -9999.000 -9999.000 -9999.000 -9999.000 -9999.000 -9999.000 -9999.000 0.7360804E-01 0.6107964E-01 0.5273950E-01 0.5068997E-01 0.5018939E-01 0.5002668E-01 0.4996119E-01 0.4994126E-01 0.4995598E-01 0.5000014E-01 0.5006568E-01 0.5013998E-01 0.5020715E-01 0.5026025E-01 0.5044260E-01 0.5044260E-01 -9999.000 -9999.000 -9999.000 -9999.000 -9999.000 -9999.000 -9999.000 -9999.000 -9999.000 -9999.000 -9999.000 -9999.000 -9999.000 -9999.000 -9999.000 -9999.000 -9999.000 -9999.000 -9999.000 -9999.000 -9999.000 -9999.000 -9999.000 -9999.000 -9999.000 -9999.000
-9999.000 -9999.000 -9999.000 -9999.000 -9999.000 -9999.000 -9999.000 -9999.000 -9999.000 -9999.000 -9999.000 -9999.000 -9999.000 -9999.000 -9999.000 0.1184538 0.1192003 0.1155164 0.1058337 0.9215616E-01 0.7531697E-01 0.5912168E-01 0.5247263E-01 0.5072476E-01 0.5029919E-01 0.5023760E-01 0.5026670E-01 0.5030673E-01 0.5033989E-01 0.5050227E-01 0.5050227E-01 -9999.000 -9999.000 -9999.000 -9999.000 -9999.000 -9999.000 -9999.000 -9999.000 -9999.000 -9999.000 -9999.000 -9999.000 -9999.000 -9999.000 -9999.000 -9999.000 -9999.000 -9999.000 -9999.000 -9999.000 -9999.000 -9999.000 -9999.000 -9999.000 -9999.000 -9999.000
-9999.000 -9999.000 -9999.000 -9999.000 -9999.000 -9999.000 -9999.000 -9999.000 -9999.000 -9999.000 -9999.000 -9999.000 -9999.000 -9999.000 -9999.000 0.1264847 0.1282043 0.1277126 0.1266809 0.1252355 0.1228798 0.1180252 0.1053437 0.8644053E-01 0.6574766E-01 0.5531488E-01 0.5185562E-01 0.5080644E-01 0.5052520E-01 0.5060226E-01 0.5060226E-01 -9999.000 -9999.000 -9999.000 -9999.000 -9999.000 -9999.000 -9999.000 -9999.000 -9999.000 -9999.000 -9999.000 -9999.000 -9999.000 -9999.000 -9999.000 -9999.000 -9999.000 -9999.000 -9999.000 -9999.000 -9999.000 -9999.000 -9999.000 -9999.000 -9999.000 -9999.000
-9999.000 -9999.000 -9999.000 -9999.000 -9999.000 -9999.000 -9999.000 -9999.000 -9999.000 -9999.000 -9999.000 -9999.000 -9999.000 -9999.000 -9999.000 0.1311490 0.1325895 0.1318206 0.1307156 0.1295088 0.1283118 0.1268587 0.1246456 0.1220731 0.1174488 0.1038944 0.8368801E-01 0.6413891E-01 0.5501053E-01 0.5315012E-01 0.5315012E-01 -9999.000 -9999.000 -9999.000 -9999.000 -9999.000 -9999.000 -9999.000 -9999.000 -9999.000 -9999.000 -9999.000 -9999.000 -9999.000 -9999.000 -9999.000 -9999.000 -9999.000 -9999.000 -9999.000 -9999.000 -9999.000 -9999.000 -9999.000 -9999.000 -9999.000 -9999.000
-9999.000 -9999.000 -9999.000 -9999.000 -9999.000 -9999.000 -9999.000 -9999.000 -9999.000 -9999.000 -9999.000 -9999.000 -9999.000 -9999.000 -9999.000 0.1348316 0.1361702 0.1353522 0.1341741 0.1328772 0.1315755 0.1300776 0.1283440 0.1270801 0.1262359 0.1250239 0.1239882 0.1218748 0.1155409 0.1175029 0.1175029 -9999.000 -9999.000 -9999.000 -9999.000 -9999.000 -9999.000 -9999.000 -9999.000 -9999.000 -9999.000 -9999.000 -9999.000 -9999.000 -9999.000 -9999.000 -9999.000 -9999.000 -9999.000 -9999.000 -9999.000 -9999.000 -9999.000 -9999.000 -9999.000 -9999.000 -9999.000
-9999.000 -9999.000 -9999.000 -9999.000 -9999.000 -9999.000 -9999.000 -9999.000 -9999.000 -9999.000 -9999.000 -9999.000 -9999.000 -9999.000 -9999.000 0.1378737 0.1392231 0.1384839 0.1372999 0.1359447 0.1345169 0.1329321 0.1313771 0.1303664 0.1299177 0.1298715 0.1311647 0.1336643 0.1358787 0.1371998 0.1371998 -9999.000 -9999.000 -9999.000 -9999.000 -9999.000 -9999.000 -9999.000 -9999.000 -9999.000 -9999.000 -9999.000 -9999.000 -9999.000 -9999.000 -9999.000 -9999.000 -9999.000 -9999.000 -9999.000 -9999.000 -9999.000 -9999.000 -9999.000 -9999.000 -9999.000 -9999.000
-9999.000 -9999.000 -9999.000 -9999.000 -9999.000 -9999.000 -9999.000 -9999.000 -9999.000 -9999.000 -9999.000 -9999.000 -9999.000 -9999.000 -9999.000 0.1402070 0.1418217 0.1412569 0.1401048 0.1386975 0.1371600 0.1355243 0.1340452 0.1330294 0.1324209 0.1321420 0.1324665 0.1328127 0.1323091 0.1309093 0.1309093 -9999.000 -9999.000 -9999.000 -9999.000 -9999.000 -9999.000 -9999.000 -9999.000 -9999.000 -9999.000 -9999.000 -9999.000 -9999.000 -9999.000 -9999.000 -9999.000 -9999.000 -9999.000 -9999.000 -9999.000 -9999.000 -9999.000 -9999.000 -9999.000 -9999.000 -9999.000
0.1242649 0.1242649 0.1290305 0.1306692 0.1314702 0.1314702 0.1322843 0.1340361 0.1340361 0.1361203 0.1361203 0.1387853 0.1404445 0.1423852 0.1446121 0.1446121 0.1471733 0.1457364 0.1436805 0.1414852 0.1393194 0.1372552 0.1354605 0.1340172 0.1327459 0.1314494 0.1297116 0.1261405 0.1181200 0.9588213E-01 0.9588213E-01 0.3278362E-01 0.1651444E-01 -9999.000 0.1664419E-01 0.1664419E-01 0.2429770E-01 0.2429770E-01 0.2503471E-01 0.2503471E-01 0.2762192E-01 0.3492943E-01 0.3492943E-01 0.4290573E-01 0.4290573E-01 0.5202108E-01 0.5202108E-01 0.5202108E-01 0.5507997E-01 0.5507997E-01 0.5641042E-01 0.5641042E-01 0.5655111E-01 0.5655111E-01 0.5585978E-01 0.5585978E-01 0.5457538E-01
0.1237906 0.1237906 0.1289353 0.1305921 0.1314109 0.1314109 0.1322470 0.1340531 0.1340531 0.1361794 0.1361794 0.1387534 0.1402234 0.1417986 0.1434223 0.1434223 0.1447825 0.1440601 0.1426624 0.1408776 0.1388966 0.1368767 0.1349814 0.1332349 0.1314829 0.1295604 0.1269648 0.1225923 0.1148634 0.9860563E-01 0.9860563E-01 0.5703944E-01 0.4070424E-01 0.2897067E-01 0.2524105E-01 0.2524105E-01 0.2629663E-01 0.2629663E-01 0.2647038E-01 0.2647038E-01 0.2994566E-01 0.3598349E-01 0.3598349E-01 0.4175688E-01 0.4175688E-01 0.5063987E-01 0.5063987E-01 0.5063987E-01 0.5395011E-01 0.5395011E-01 0.5555627E-01 0.5555627E-01 0.5592957E-01 0.5592957E-01 0.5541633E-01 0.5541633E-01 0.5422121E-01
0.1234610 0.1234610 0.1288983 0.1305153 0.1313089 0.1313089 0.1321127 0.1338200 0.1338200 0.1357739 0.1357739 0.1380517 0.1393056 0.1406114 0.1419238 0.1419238 0.1425970 0.1419562 0.1407985 0.1392753 0.1375127 0.1356371 0.1337581 0.1318693 0.1298577 0.1275886 0.1246014 0.1200365 0.1127345 0.9913789E-01 0.9913789E-01 0.6668908E-01 0.5214029E-01 0.3875403E-01 0.3453283E-01 0.3453283E-01 0.3139105E-01 0.3139105E-01 0.3090367E-01 0.3090367E-01 0.3293401E-01 0.3806368E-01 0.3806368E-01 0.4275293E-01 0.4275293E-01 0.4967032E-01 0.4967032E-01 0.4967032E-01 0.5284562E-01 0.5284562E-01 0.5474016E-01 0.5474016E-01 0.5542708E-01 0.5542708E-01 0.5515870E-01 0.5515870E-01 0.5410921E-01
0.1230922 0.1230922 0.1288381 0.1304101 0.1311714 0.1311714 0.1319341 0.1335216 0.1335216 0.1352827 0.1352827 0.1372659 0.1383256 0.1394058 0.1404708 0.1404708 0.1405665 0.1398534 0.1387453 0.1373237 0.1356750 0.1338890 0.1320278 0.1300686 0.1279256 0.1254738 0.1223264 0.1178233 0.1110250 0.9921487E-01 0.9921487E-01 0.7295091E-01 0.5951462E-01 0.4585148E-01 0.4149082E-01 0.4149082E-01 0.3703922E-01 0.3703922E-01 0.3752227E-01 0.3752227E-01 0.3979223E-01 0.4409094E-01 0.4409094E-01 0.4568847E-01 0.4568847E-01 0.4829345E-01 0.4829345E-01 0.4829345E-01 0.5067663E-01 0.5067663E-01 0.5276051E-01 0.5276051E-01 0.5396795E-01 0.5396795E-01 0.5420495E-01 0.5420495E-01 0.5354756E-01
0.1226842 0.1226842 0.1287615 0.1302799 0.1310032 0.1310032 0.1317184 0.1331722 0.1331722 0.1347284 0.1347284 0.1364174 0.1372927 0.1381651 0.1390071 0.1390071 0.1385842 0.1377416 0.1365993 0.1351955 0.1335873 0.1318351 0.1299710 0.1279680 0.1257576 0.1232165 0.1200275 0.1156832 0.1093964 0.9899842E-01 0.9899842E-01 0.7731993E-01 0.6497245E-01 0.5188065E-01 0.4777579E-01 0.4777579E-01 0.4435018E-01 0.4435018E-01 0.4678032E-01 0.4678032E-01 0.4896931E-01 0.5116653E-01 0.5116653E-01 0.5003230E-01 0.5003230E-01 0.4841299E-01 0.4841299E-01 0.4841299E-01 0.4889247E-01 0.4889247E-01 0.5027516E-01 0.5027516E-01 0.5165512E-01 0.5165512E-01 0.5242439E-01 0.5242439E-01 0.5233242E-01
0.1222472 0.1222472 0.1286760 0.1301323 0.1308133 0.1308133 0.1314767 0.1327873 0.1327873 0.1341294 0.1341294 0.1355186 0.1362103 0.1368781 0.1375011 0.1375011 0.1365737 0.1355713 0.1343499 0.1329186 0.1313095 0.1295588 0.1276800 0.1256478 0.1234059 0.1208358 0.1176767 0.1135309 0.1077362 0.9852594E-01 0.9852594E-01 0.8042145E-01 0.6914259E-01 0.5758150E-01 0.5463590E-01 0.5463590E-01 0.5427089E-01 0.5427089E-01 0.5744692E-01 0.5744692E-01 0.5847416E-01 0.5767288E-01 0.5767288E-01 0.5447804E-01 0.5447804E-01 0.5003083E-01 0.5003083E-01 0.5003083E-01 0.4848837E-01 0.4848837E-01 0.4837409E-01 0.4837409E-01 0.4914549E-01 0.4914549E-01 0.5004671E-01 0.5004671E-01 0.5045888E-01
0.1217952 0.1217952 0.1285868 0.1299744 0.1306103 0.1306103 0.1312190 0.1323808 0.1323808 0.1335021 0.1335021 0.1345813 0.1350818 0.1355350 0.1359247 0.1359247 0.1344620 0.1332781 0.1319515 0.1304687 0.1288386 0.1270768 0.1251848 0.1231400 0.1208957 0.1183451 0.1152752 0.1113664 0.1060648 0.9792487E-01 0.9792487E-01 0.8281066E-01 0.7280263E-01 0.6459258E-01 0.6390074E-01 0.6390074E-01 0.6612653E-01 0.6612653E-01 0.6722718E-01 0.6722718E-01 0.6648359E-01 0.6304039E-01 0.6304039E-01 0.5852809E-01 0.5852809E-01 0.5243253E-01 0.5243253E-01 0.5243253E-01 0.4941897E-01 0.4941897E-01 0.4772604E-01 0.4772604E-01 0.4726768E-01 0.4726768E-01 0.4762463E-01 0.4762463E-01 0.4814092E-01
0.1213460 0.1213460 0.1284986 0.1298131 0.1304025 0.1304025 0.1309554 0.1319662 0.1319662 0.1328624 0.1328624 0.1336173 0.1339117 0.1341263 0.1342469 0.1342469 0.1321636 0.1307796 0.1293344 0.1277912 0.1261364 0.1243668 0.1224750 0.1204414 0.1182286 0.1157490 0.1128361 0.1092356 0.1044969 0.9746683E-01 0.9746683E-01 0.8522066E-01 0.7721709E-01 0.7446772E-01 0.7572704E-01 0.7572704E-01 0.7721408E-01 0.7721408E-01 0.7469169E-01 0.7469169E-01 0.7249010E-01 0.6735674E-01 0.6735674E-01 0.6207571E-01 0.6207571E-01 0.5501191E-01 0.5501191E-01 0.5501191E-01 0.5107849E-01 0.5107849E-01 0.4821135E-01 0.4821135E-01 0.4647726E-01 0.4647726E-01 0.4581118E-01 0.4581118E-01 0.4586031E-01
0.1209194 0.1209194 0.1284153 0.1296550 0.1301981 0.1301981 0.1306956 0.1315569 0.1315569 0.1322270 0.1322270 0.1326418 0.1327081 0.1326454 0.1324326 0.1324326 0.1295651 0.1279655 0.1264008 0.1248041 0.1231364 0.1213772 0.1195116 0.1175239 0.1153889 0.1130482 0.1103907 0.1072387 0.1032631 0.9761220E-01 0.9761220E-01 0.8876435E-01 0.8406789E-01 0.8629707E-01 0.8754008E-01 0.8754008E-01 0.8557853E-01 0.8557853E-01 0.7998360E-01 0.7998360E-01 0.7692970E-01 0.7086664E-01 0.7086664E-01 0.6513055E-01 0.6513055E-01 0.5744592E-01 0.5744592E-01 0.5744592E-01 0.5293789E-01 0.5293789E-01 0.4931618E-01 0.4931618E-01 0.4662321E-01 0.4662321E-01 0.4491447E-01 0.4491447E-01 0.4412613E-01
0.1205377 0.1205377 0.1283399 0.1295063 0.1300049 0.1300049 0.1304493 0.1311665 0.1311665 0.1316141 0.1316141 0.1316747 0.1314866 0.1310921 0.1304422 0.1304422 0.1265024 0.1246815 0.1230156 0.1213917 0.1197416 0.1180272 0.1162285 0.1143364 0.1123469 0.1102476 0.1080095 0.1055740 0.1027853 0.9910498E-01 0.9910498E-01 0.9445108E-01 0.9403168E-01 0.9711658E-01 0.9712437E-01 0.9712437E-01 0.9137425E-01 0.9137425E-01 0.8378680E-01 0.8378680E-01 0.8029532E-01 0.7372515E-01 0.7372515E-01 0.6770043E-01 0.6770043E-01 0.5958397E-01 0.5958397E-01 0.5958397E-01 0.5469796E-01 0.5469796E-01 0.5060212E-01 0.5060212E-01 0.4728536E-01 0.4728536E-01 0.4478700E-01 0.4478700E-01 0.4315155E-01
