simulation_files/asc/Depth____120.0.asc
NCOLS       216
NROWS       273
XLLCENTER        494.688995
YLLCENTER        787.867981
CELLSIZE           0.500
NODATA_VALUE     -9999.0
[rows 182 to 207 of 273, columns 120 to 179 of 216]
-9999.000 -9999.000 -9999.000 -9999.000 -9999.000 -9999.000 -9999.000 -9999.000 0.4219875E-01 0.8931989E-01 0.1857685 0.2727807 0.2774539 0.2284441 0.1416323 0.8601473E-01 0.4725535E-01 0.6226797E-01 0.8253262E-01 0.7805968E-01 0.9015179E-01 0.1579127 0.2409861 0.2264061 0.2464153 0.2989916 0.3065047 0.2787435 0.2968082 0.3397646 0.3723615 0.4009892 0.3795928 0.3380581 0.3162336 0.3256366 0.3248816 0.3253622 0.2926736 0.2363164 0.1571109 0.7565986E-01 -9999.000 -9999.000 -9999.000 -9999.000 -9999.000 -9999.000 -9999.000 -9999.000 -9999.000 -9999.000 -9999.000 -9999.000 -9999.000 -9999.000 -9999.000 -9999.000 -9999.000 -9999.000
-9999.000 -9999.000 -9999.000 -9999.000 -9999.000 -9999.000 -9999.000 -9999.000 -9999.000 0.6174178E-01 0.1603446 0.2385349 0.2665597 0.2413816 0.1915296 0.1303919 0.7530428E-01 0.6298702E-01 0.7581474E-01 0.7092556E-01 0.7817935E-01 0.1256622 0.1807208 0.2019158 0.2462832 0.3228346 0.3437455 0.2924081 0.3054085 0.3795351 0.4057020 0.4149147 0.4058852 0.3591087 0.3468384 0.3387180 0.3361819 0.3391627 0.3219859 0.3001247 0.2107781 0.1025051 -9999.000 -9999.000 -9999.000 -9999.000 -9999.000 -9999.000 -9999.000 -9999.000 -9999.000 -9999.000 -9999.000 -9999.000 -9999.000 -9999.000 -9999.000 -9999.000 -9999.000 -9999.000
-9999.000 -9999.000 -9999.000 -9999.000 -9999.000 -9999.000 -9999.000 -9999.000 -9999.000 0.3854361E-01 0.1314739 0.2348294 0.2696737 0.2682460 0.2338132 0.1800246 0.1188880 0.7525237E-01 0.6831624E-01 0.6462332E-01 0.7476867E-01 0.8981094E-01 0.1091823 0.1398814 0.2006880 0.2836931 0.3317565 0.3141930 0.3409511 0.3857141 0.3605228 0.3507223 0.3593097 0.3410207 0.2919944 0.2835185 0.2935909 0.3156222 0.3257140 0.3136641 0.2626631 0.1512123 0.7810068E-01 -9999.000 -9999.000 -9999.000 -9999.000 -9999.000 -9999.000 -9999.000 -9999.000 -9999.000 -9999.000 -9999.000 -9999.000 -9999.000 -9999.000 -9999.000 -9999.000 -9999.000
-9999.000 -9999.000 -9999.000 -9999.000 -9999.000 -9999.000 -9999.000 -9999.000 -9999.000 0.2490286E-01 0.1199480 0.2340209 0.2815405 0.2861096 0.2678300 0.2205945 0.1492975 0.9250035E-01 0.7221461E-01 0.7772145E-01 0.8944305E-01 0.8396744E-01 0.8139173E-01 0.1119082 0.1580640 0.2219343 0.2732214 0.2957344 0.3545895 0.3233670 0.2563655 0.2820053 0.2999132 0.2240459 0.1863424 0.1629598 0.2054495 0.2337171 0.2692743 0.2806861 0.2448283 0.1833499 0.1453998 0.8921353E-01 -9999.000 -9999.000 -9999.000 -9999.000 -9999.000 -9999.000 -9999.000 -9999.000 -9999.000 -9999.000 -9999.000 -9999.000 -9999.000 -9999.000 -9999.000 -9999.000
-9999.000 -9999.000 -9999.000 -9999.000 -9999.000 -9999.000 -9999.000 -9999.000 -9999.000 -9999.000 0.6815221E-01 0.2084261 0.2732494 0.2869792 0.2809357 0.2323844 0.1591527 0.9191225E-01 0.6501927E-01 0.6366844E-01 0.8116023E-01 0.8019814E-01 0.8415096E-01 0.1195951 0.1765865 0.2215220 0.2536300 0.2638070 0.2791308 0.2324896 0.2130531 0.3187502 0.3381072 0.2864722 0.2115155 0.1892828 0.2075586 0.2256384 0.2383607 0.2472305 0.2380773 0.2078937 0.1767575 0.1280635 -9999.000 -9999.000 -9999.000 -9999.000 -9999.000 -9999.000 -9999.000 -9999.000 -9999.000 -9999.000 -9999.000 -9999.000 -9999.000 -9999.000 -9999.000 -9999.000
-9999.000 -9999.000 -9999.000 -9999.000 -9999.000 -9999.000 -9999.000 -9999.000 -9999.000 -9999.000 -9999.000 0.1748045 0.2469092 0.2599070 0.2646523 0.2169600 0.1313125 0.8946860E-01 0.6888229E-01 0.5011837E-01 0.5412062E-01 0.7332169E-01 0.8969228E-01 0.1411610 0.2102925 0.2328696 0.2153583 0.1956076 0.2161836 0.2228488 0.2339140 0.3213948 0.3875127 0.3643036 0.2988085 0.2296624 0.2402163 0.2597416 0.2458361 0.2281060 0.2285474 0.1989949 0.1599413 0.1175262 0.6325263E-01 -9999.000 -9999.000 -9999.000 -9999.000 -9999.000 -9999.000 -9999.000 -9999.000 -9999.000 -9999.000 -9999.000 -9999.000 -9999.000 -9999.000 -9999.000
-9999.000 -9999.000 -9999.000 -9999.000 -9999.000 -9999.000 -9999.000 -9999.000 -9999.000 -9999.000 0.5752576E-01 0.1617253 0.2263393 0.2263147 0.2385190 0.2123910 0.1554381 0.1264380 0.9986621E-01 0.7043005E-01 0.4766277E-01 0.4889496E-01 0.7391813E-01 0.1204061 0.1472328 0.1610578 0.1886990 0.1956400 0.2428243 0.2776044 0.2589194 0.2902334 0.3376037 0.3153849 0.2802702 0.2535558 0.2504191 0.2359216 0.2065719 0.2223166 0.2407816 0.2343115 0.2227272 0.1877236 0.1494410 0.8358577E-01 -9999.000 -9999.000 -9999.000 -9999.000 -9999.000 -9999.000 -9999.000 -9999.000 -9999.000 -9999.000 -9999.000 -9999.000 -9999.000 -9999.000
-9999.000 -9999.000 -9999.000 -9999.000 -9999.000 -9999.000 -9999.000 -9999.000 -9999.000 -9999.000 -9999.000 0.1272780 0.1913708 0.2221028 0.2431496 0.2396558 0.2151307 0.1872681 0.1446151 0.1177621 0.6327651E-01 0.3145738E-01 0.4401294E-01 0.7168059E-01 0.8237809E-01 0.1179535 0.2005600 0.2459476 0.2905123 0.3177900 0.3056796 0.2896883 0.2764066 0.2430988 0.2548935 0.2686518 0.2662398 0.2169790 0.2178140 0.2575409 0.2764027 0.2742282 0.2890849 0.2722225 0.2303929 0.1374752 0.4626699E-01 -9999.000 -9999.000 -9999.000 -9999.000 -9999.000 -9999.000 -9999.000 -9999.000 -9999.000 -9999.000 -9999.000 -9999.000 -9999.000
-9999.000 -9999.000 -9999.000 -9999.000 -9999.000 -9999.000 -9999.000 -9999.000 -9999.000 -9999.000 -9999.000 -9999.000 0.1359094 0.1901033 0.2266741 0.2430966 0.2464663 0.2395863 0.1942674 0.1572178 0.9921405E-01 0.3398169E-01 0.2848498E-01 0.3885629E-01 0.5865279E-01 0.1106430 0.1917408 0.2471769 0.2884035 0.3179073 0.3020682 0.3006595 0.3090822 0.2760158 0.2778733 0.3285404 0.2919135 0.2558771 0.2894524 0.3230987 0.3245096 0.3174551 0.3395733 0.3223526 0.2773692 0.1788604 0.5434070E-01 -9999.000 -9999.000 -9999.000 -9999.000 -9999.000 -9999.000 -9999.000 -9999.000 -9999.000 -9999.000 -9999.000 -9999.000 -9999.000
-9999.000 -9999.000 -9999.000 -9999.000 -9999.000 -9999.000 -9999.000 -9999.000 -9999.000 -9999.000 -9999.000 -9999.000 0.8207093E-01 0.1343259 0.1878627 0.2242701 0.2608123 0.2699679 0.2446812 0.2079199 0.1562345 0.8421346E-01 0.5231391E-01 0.5517202E-01 0.5792833E-01 0.8688258E-01 0.1386772 0.2006021 0.2527842 0.2863368 0.2746999 0.2848330 0.3005280 0.2668119 0.3007405 0.3415734 0.2897609 0.2966307 0.3610389 0.3889862 0.3608514 0.3584253 0.3768094 0.3157490 0.2509308 0.1557736 0.5520692E-01 0.2663975E-01 -9999.000 -9999.000 -9999.000 -9999.000 -9999.000 -9999.000 -9999.000 -9999.000 -9999.000 -9999.000 -9999.000 -9999.000
-9999.000 -9999.000 -9999.000 -9999.000 -9999.000 -9999.000 -9999.000 -9999.000 -9999.000 -9999.000 -9999.000 -9999.000 -9999.000 0.8568795E-01 0.1445348 0.2085864 0.2399654 0.2737661 0.2812260 0.2409611 0.1932504 0.1394307 0.9385627E-01 0.6706438E-01 0.5277867E-01 0.5155367E-01 0.8526067E-01 0.1591743 0.2315615 0.2688197 0.2307657 0.2256767 0.2301612 0.2488701 0.3249705 0.3500057 0.3023825 0.3261577 0.4038289 0.4214980 0.3896333 0.3488471 0.2868524 0.2197213 0.1833972 0.1460018 0.1066082 0.6844145E-01 -9999.000 -9999.000 -9999.000 -9999.000 -9999.000 -9999.000 -9999.000 -9999.000 -9999.000 -9999.000 -9999.000 -9999.000
-9999.000 -9999.000 -9999.000 -9999.000 -9999.000 -9999.000 -9999.000 -9999.000 -9999.000 -9999.000 -9999.000 -9999.000 -9999.000 0.6003725E-01 0.1311291 0.1520089 0.1338312 0.1866647 0.2431711 0.2371738 0.2207757 0.1818298 0.1269407 0.8799237E-01 0.5758124E-01 0.3312741E-01 0.4682129E-01 0.1185094 0.2051905 0.2258826 0.1607921 0.2059925 0.2454709 0.2697500 0.3393613 0.3644555 0.3382595 0.3577112 0.3944670 0.4061590 0.3519744 0.2509985 0.2211285 0.1868502 0.2055962 0.2233604 0.2016416 0.1620272 0.1268302 -9999.000 -9999.000 -9999.000 -9999.000 -9999.000 -9999.000 -9999.000 -9999.000 -9999.000 -9999.000 -9999.000
-9999.000 -9999.000 -9999.000 -9999.000 -9999.000 -9999.000 -9999.000 -9999.000 -9999.000 -9999.000 -9999.000 -9999.000 -9999.000 -9999.000 0.9065687E-01 0.9504709E-01 0.4472121E-01 0.6309475E-01 0.1411238 0.1991279 0.2384450 0.2106288 0.1798511 0.1343578 0.9726552E-01 0.6883363E-01 0.5264283E-01 0.9208094E-01 0.1670790 0.1663707 0.1445730 0.2112854 0.2681984 0.2915353 0.3282780 0.3579883 0.3553692 0.3515478 0.3631060 0.3579134 0.3042223 0.2953746 0.2749691 0.2711931 0.2968438 0.3003812 0.2902844 0.2803900 0.2051876 0.1119907 -9999.000 -9999.000 -9999.000 -9999.000 -9999.000 -9999.000 -9999.000 -9999.000 -9999.000 -9999.000
-9999.000 -9999.000 -9999.000 -9999.000 -9999.000 -9999.000 -9999.000 -9999.000 -9999.000 -9999.000 -9999.000 -9999.000 -9999.000 -9999.000 -9999.000 -9999.000 0.4299350E-01 0.7314630E-01 0.9873483E-01 0.1443635 0.1970923 0.2060527 0.1845773 0.1352330 0.9199216E-01 0.6818370E-01 0.5039595E-01 0.5953552E-01 0.9695119E-01 0.1210422 0.1414576 0.1889020 0.2504132 0.2785814 0.3058733 0.3257273 0.3373469 0.3339189 0.3457043 0.3561541 0.3578338 0.3668685 0.3468347 0.3343743 0.3292694 0.3287424 0.3162620 0.2954793 0.2190443 0.1321667 -9999.000 -9999.000 -9999.000 -9999.000 -9999.000 -9999.000 -9999.000 -9999.000 -9999.000 -9999.000
-9999.000 -9999.000 -9999.000 -9999.000 -9999.000 -9999.000 -9999.000 -9999.000 -9999.000 -9999.000 -9999.000 -9999.000 -9999.000 -9999.000 -9999.000 -9999.000 0.6104278E-01 0.1047343 0.1075377 0.1162591 0.1520728 0.1696556 0.1620218 0.1272075 0.8653297E-01 0.5222607E-01 0.2897973E-01 -9999.000 -9999.000 0.6239074E-01 0.1144528 0.1532864 0.1962131 0.2194067 0.2663908 0.3152711 0.3222063 0.3185745 0.3477519 0.3992139 0.4191299 0.4182699 0.3636007 0.3299499 0.3426830 0.3449061 0.3063767 0.2449418 0.1629617 0.1214796 0.5905157E-01 -9999.000 -9999.000 -9999.000 -9999.000 -9999.000 -9999.000 -9999.000 -9999.000 -9999.000
-9999.000 -9999.000 -9999.000 -9999.000 -9999.000 -9999.000 -9999.000 -9999.000 -9999.000 -9999.000 -9999.000 -9999.000 -9999.000 -9999.000 -9999.000 -9999.000 -9999.000 0.9090808E-01 0.8253449E-01 0.9128769E-01 0.9345797E-01 0.1328897 0.1626370 0.1478953 0.1153859 0.7582960E-01 0.3960953E-01 -9999.000 -9999.000 -9999.000 0.6164195E-01 0.1111267 0.1312672 0.1442349 0.2080002 0.2736083 0.2765932 0.2787588 0.3406590 0.4110503 0.4397037 0.4073299 0.3431659 0.3094628 0.3050199 0.2623715 0.2285732 0.1768859 0.1442155 0.1261843 0.6364322E-01 -9999.000 -9999.000 -9999.000 -9999.000 -9999.000 -9999.000 -9999.000 -9999.000 -9999.000
-9999.000 -9999.000 -9999.000 -9999.000 -9999.000 -9999.000 -9999.000 -9999.000 -9999.000 -9999.000 -9999.000 -9999.000 -9999.000 -9999.000 -9999.000 -9999.000 -9999.000 0.7015479E-01 0.1208760 0.7585103E-01 0.4932136E-01 0.8666989E-01 0.1287516 0.1348187 0.1289057 0.1047968 0.5338456E-01 0.2393471E-01 -9999.000 -9999.000 -9999.000 0.6178487E-01 0.8103452E-01 0.1020168 0.1504708 0.2061894 0.2246133 0.2709073 0.3507573 0.3923408 0.3917427 0.3568071 0.3117909 0.2771734 0.2624710 0.2042710 0.1750867 0.1543030 0.1587680 0.1546553 0.9954527E-01 -9999.000 -9999.000 -9999.000 -9999.000 -9999.000 -9999.000 -9999.000 -9999.000 -9999.000
-9999.000 -9999.000 -9999.000 -9999.000 -9999.000 -9999.000 -9999.000 -9999.000 -9999.000 -9999.000 -9999.000 -9999.000 -9999.000 -9999.000 -9999.000 -9999.000 -9999.000 0.7712626E-01 0.1294863 0.6850196E-01 0.4593490E-01 0.8465788E-01 0.1071343 0.1035590 0.1281473 0.1110490 -9999.000 -9999.000 -9999.000 -9999.000 -9999.000 0.2900584E-01 0.4645921E-01 0.9822910E-01 0.1599359 0.2044053 0.2385392 0.2821619 0.3041296 0.3295623 0.3172394 0.2967783 0.2869602 0.2968666 0.2722483 0.2641453 0.2414610 0.1829620 0.1860432 0.2100486 0.1762172 0.9225720E-01 -9999.000 -9999.000 -9999.000 -9999.000 -9999.000 -9999.000 -9999.000 -9999.000
-9999.000 -9999.000 -9999.000 -9999.000 -9999.000 -9999.000 -9999.000 -9999.000 -9999.000 -9999.000 -9999.000 -9999.000 -9999.000 -9999.000 -9999.000 -9999.000 -9999.000 0.1313675 0.8724461E-01 0.5603228E-01 0.8977085E-01 0.1430034 0.1538597 0.1133534 0.1222258 0.1025222 0.6216396E-01 -9999.000 -9999.000 -9999.000 -9999.000 -9999.000 -9999.000 0.9323306E-01 0.1826163 0.2398071 0.2607875 0.2426109 0.2287749 0.2418259 0.2703511 0.2475082 0.2626112 0.3091853 0.3007559 0.3104849 0.2821939 0.2238116 0.2131595 0.2458121 0.2201220 0.1039032 0.4407401E-01 -9999.000 -9999.000 -9999.000 -9999.000 -9999.000 -9999.000 -9999.000
-9999.000 -9999.000 -9999.000 -9999.000 -9999.000 -9999.000 -9999.000 -9999.000 -9999.000 -9999.000 -9999.000 -9999.000 -9999.000 -9999.000 -9999.000 -9999.000 0.7642863E-01 0.1359025 0.1100454 0.8343581E-01 0.1591729 0.2111718 0.1966659 0.1478341 0.1401990 0.1060091 0.4271858E-01 -9999.000 -9999.000 -9999.000 -9999.000 -9999.000 -9999.000 0.7876575E-01 0.1512315 0.1817151 0.2003484 0.2124052 0.2199381 0.2302929 0.2322016 0.2076109 0.2109856 0.2916107 0.3227135 0.3077736 0.2741314 0.2377499 0.2272318 0.2387109 0.2246005 0.1246413 0.5590840E-01 -9999.000 -9999.000 -9999.000 -9999.000 -9999.000 -9999.000 -9999.000
-9999.000 -9999.000 -9999.000 -9999.000 -9999.000 -9999.000 -9999.000 -9999.000 -9999.000 -9999.000 -9999.000 -9999.000 -9999.000 -9999.000 -9999.000 -9999.000 -9999.000 0.8419275E-01 0.9995034E-01 0.1038259 0.1563110 0.1866478 0.1760294 0.1896659 0.1858832 0.1328350 0.6067212E-01 0.2610282E-01 -9999.000 -9999.000 -9999.000 -9999.000 -9999.000 0.5065812E-01 0.8084534E-01 0.8879500E-01 0.1326860 0.1797308 0.2218941 0.2283851 0.2355766 0.2251915 0.2193622 0.2738784 0.3053390 0.3063459 0.2843226 0.2455353 0.2460481 0.2584841 0.2117840 0.1473492 0.1105782 0.4322647E-01 -9999.000 -9999.000 -9999.000 -9999.000 -9999.000 -9999.000
-9999.000 -9999.000 -9999.000 -9999.000 -9999.000 -9999.000 -9999.000 -9999.000 -9999.000 -9999.000 -9999.000 -9999.000 -9999.000 -9999.000 -9999.000 -9999.000 -9999.000 0.3847346E-01 0.6861953E-01 0.8341721E-01 0.1165637 0.1269667 0.1369402 0.1866277 0.2120330 0.1680856 0.1044534 0.4648863E-01 0.1897798E-01 -9999.000 -9999.000 -9999.000 -9999.000 0.3580889E-01 0.7319498E-01 0.1042573 0.1274049 0.1596596 0.1846154 0.2027758 0.2399607 0.2749708 0.2798835 0.2845423 0.2736835 0.2945533 0.2722988 0.2489804 0.2790416 0.3031843 0.2564820 0.2208909 0.1911021 0.1188607 -9999.000 -9999.000 -9999.000 -9999.000 -9999.000 -9999.000
-9999.000 -9999.000 -9999.000 -9999.000 -9999.000 -9999.000 -9999.000 -9999.000 -9999.000 -9999.000 -9999.000 -9999.000 -9999.000 -9999.000 -9999.000 -9999.000 -9999.000 0.4508928E-01 0.8100163E-01 0.5565868E-01 0.5836515E-01 0.9389670E-01 0.1239882 0.1713330 0.2114586 0.1914421 0.1414901 0.7660203E-01 0.3621714E-01 -9999.000 -9999.000 -9999.000 -9999.000 -9999.000 0.7341013E-01 0.1093646 0.1362562 0.1523177 0.1729213 0.1888124 0.2100200 0.2499032 0.2638007 0.2454095 0.2257041 0.2063020 0.2007552 0.2270965 0.3013454 0.3440407 0.3145702 0.2808458 0.2384237 0.2105107 0.1815516 0.6683742E-01 -9999.000 -9999.000 -9999.000 -9999.000
-9999.000 -9999.000 -9999.000 -9999.000 -9999.000 -9999.000 -9999.000 -9999.000 -9999.000 -9999.000 -9999.000 -9999.000 -9999.000 -9999.000 -9999.000 -9999.000 -9999.000 -9999.000 0.4499804E-01 0.3094098E-01 0.3494180E-01 0.1197480 0.1739610 0.2043881 0.1939627 0.1579917 0.1300294 0.9291034E-01 0.4839038E-01 -9999.000 -9999.000 -9999.000 -9999.000 -9999.000 -9999.000 0.5991263E-01 0.9920595E-01 0.1343505 0.1804196 0.1989530 0.2130507 0.2383509 0.2544082 0.2031035 0.1357148 0.1015613 0.1315593 0.2256136 0.3195942 0.3662173 0.3131947 0.2790761 0.2526755 0.2404410 0.1849265 0.8791930E-01 -9999.000 -9999.000 -9999.000 -9999.000
-9999.000 -9999.000 -9999.000 -9999.000 -9999.000 -9999.000 -9999.000 -9999.000 -9999.000 -9999.000 -9999.000 -9999.000 -9999.000 -9999.000 -9999.000 -9999.000 -9999.000 -9999.000 0.1880797E-01 0.2582337E-01 0.5287048E-01 0.1489344 0.2300818 0.2438980 0.1989771 0.1617819 0.1313711 0.1055385 0.6039756E-01 -9999.000 -9999.000 -9999.000 -9999.000 -9999.000 -9999.000 0.3741125E-01 0.7325774E-01 0.1307345 0.1827132 0.2155890 0.2526871 0.2620819 0.2630031 0.2125602 0.1621939 0.1593252 0.1902059 0.2624863 0.3052678 0.2841850 0.2584897 0.2814397 0.2770461 0.2225995 0.1827115 0.1305377 0.5567970E-01 -9999.000 -9999.000 -9999.000
-9999.000 -9999.000 -9999.000 -9999.000 -9999.000 -9999.000 -9999.000 -9999.000 -9999.000 -9999.000 -9999.000 -9999.000 -9999.000 -9999.000 -9999.000 -9999.000 -9999.000 -9999.000 0.1495863E-01 0.3603765E-01 0.7308662E-01 0.1633740 0.2432995 0.2337765 0.1964221 0.1572682 0.1280246 0.1068352 0.7448276E-01 -9999.000 -9999.000 -9999.000 -9999.000 -9999.000 -9999.000 -9999.000 0.5142031E-01 0.1284028 0.2070633 0.2530315 0.3060506 0.3215915 0.2833442 0.2401737 0.2473087 0.3352208 0.3873606 0.3682553 0.3145048 0.2543366 0.2791650 0.3367876 0.3223460 0.2276983 0.1996836 0.1894157 0.1184814 -9999.000 -9999.000 -9999.000
