simulation_files/asc/Depth____000330.asc
NCOLS        79
NROWS        79
XLLCENTER         -1.500000
YLLCENTER         -4.800000
CELLSIZE           0.100
NODATA_VALUE     -9999.0
[rows 0 to 25 of 79, columns 0 to 58 of 79]
-9999.000 -9999.000 -9999.000 -9999.000 -9999.000 -9999.000 -9999.000 -9999.000 -9999.000 -9999.000 -9999.000 -9999.000 -9999.000 -9999.000 -9999.000 0.6740814 0.6744445 0.6744519 0.6743298 0.6741400 0.6739089 0.6736522 0.6733933 0.6731347 0.6728860 0.6726527 0.6724299 0.6721829 0.6718047 0.6717564 0.6717564 -9999.000 -9999.000 -9999.000 -9999.000 -9999.000 -9999.000 -9999.000 -9999.000 -9999.000 -9999.000 -9999.000 -9999.000 -9999.000 -9999.000 -9999.000 -9999.000 -9999.000 -9999.000 -9999.000 -9999.000 -9999.000 -9999.000 -9999.000 -9999.000 -9999.000 -9999.000 -9999.000 -9999.000
-9999.000 -9999.000 -9999.000 -9999.000 -9999.000 -9999.000 -9999.000 -9999.000 -9999.000 -9999.000 -9999.000 -9999.000 -9999.000 -9999.000 -9999.000 0.6758377 0.6761882 0.6761932 0.6760933 0.6759416 0.6757596 0.6755594 0.6753604 0.6751634 0.6749760 0.6748025 0.6746382 0.6744519 0.6741481 0.6741809 0.6741809 -9999.000 -9999.000 -9999.000 -9999.000 -9999.000 -9999.000 -9999.000 -9999.000 -9999.000 -9999.000 -9999.000 -9999.000 -9999.000 -9999.000 -9999.000 -9999.000 -9999.000 -9999.000 -9999.000 -9999.000 -9999.000 -9999.000 -9999.000 -9999.000 -9999.000 -9999.000 -9999.000 -9999.000
-9999.000 -9999.000 -9999.000 -9999.000 -9999.000 -9999.000 -9999.000 -9999.000 -9999.000 -9999.000 -9999.000 -9999.000 -9999.000 -9999.000 -9999.000 0.6777564 0.6781365 0.6781482 0.6780539 0.6779084 0.6777338 0.6775423 0.6773536 0.6771675 0.6769912 0.6768281 0.6766720 0.6764892 0.6761779 0.6762063 0.6762063 -9999.000 -9999.000 -9999.000 -9999.000 -9999.000 -9999.000 -9999.000 -9999.000 -9999.000 -9999.000 -9999.000 -9999.000 -9999.000 -9999.000 -9999.000 -9999.000 -9999.000 -9999.000 -9999.000 -9999.000 -9999.000 -9999.000 -9999.000 -9999.000 -9999.000 -9999.000 -9999.000 -9999.000
-9999.000 -9999.000 -9999.000 -9999.000 -9999.000 -9999.000 -9999.000 -9999.000 -9999.000 -9999.000 -9999.000 -9999.000 -9999.000 -9999.000 -9999.000 0.6797245 0.6801220 0.6801358 0.6800418 0.6798965 0.6797223 0.6795313 0.6793440 0.6791594 0.6789848 0.6788233 0.6786676 0.6784815 0.6781563 0.6781629 0.6781629 -9999.000 -9999.000 -9999.000 -9999.000 -9999.000 -9999.000 -9999.000 -9999.000 -9999.000 -9999.000 -9999.000 -9999.000 -9999.000 -9999.000 -9999.000 -9999.000 -9999.000 -9999.000 -9999.000 -9999.000 -9999.000 -9999.000 -9999.000 -9999.000 -9999.000 -9999.000 -9999.000 -9999.000
-9999.000 -9999.000 -9999.000 -9999.000 -9999.000 -9999.000 -9999.000 -9999.000 -9999.000 -9999.000 -9999.000 -9999.000 -9999.000 -9999.000 -9999.000 0.6817138 0.6821228 0.6821364 0.6820402 0.6818919 0.6817144 0.6815199 0.6813297 0.6811423 0.6809649 0.6808008 0.6806417 0.6804484 0.6801040 0.6800740 0.6800740 -9999.000 -9999.000 -9999.000 -9999.000 -9999.000 -9999.000 -9999.000 -9999.000 -9999.000 -9999.000 -9999.000 -9999.000 -9999.000 -9999.000 -9999.000 -9999.000 -9999.000 -9999.000 -9999.000 -9999.000 -9999.000 -9999.000 -9999.000 -9999.000 -9999.000 -9999.000 -9999.000 -9999.000
-9999.000 -9999.000 -9999.000 -9999.000 -9999.000 -9999.000 -9999.000 -9999.000 -9999.000 -9999.000 -9999.000 -9999.000 -9999.000 -9999.000 -9999.000 0.6837105 0.6841283 0.6841403 0.6840403 0.6838874 0.6837048 0.6835048 0.6833099 0.6831172 0.6829348 0.6827660 0.6826013 0.6823981 0.6820295 0.6819484 0.6819484 -9999.000 -9999.000 -9999.000 -9999.000 -9999.000 -9999.000 -9999.000 -9999.000 -9999.000 -9999.000 -9999.000 -9999.000 -9999.000 -9999.000 -9999.000 -9999.000 -9999.000 -9999.000 -9999.000 -9999.000 -9999.000 -9999.000 -9999.000 -9999.000 -9999.000 -9999.000 -9999.000 -9999.000
-9999.000 -9999.000 -9999.000 -9999.000 -9999.000 -9999.000 -9999.000 -9999.000 -9999.000 -9999.000 -9999.000 -9999.000 -9999.000 -9999.000 -9999.000 0.6857080 0.6861333 0.6861424 0.6860378 0.6858795 0.6856907 0.6854841 0.6852832 0.6850841 0.6848956 0.6847208 0.6845490 0.6843337 0.6839358 0.6837863 0.6837863 -9999.000 -9999.000 -9999.000 -9999.000 -9999.000 -9999.000 -9999.000 -9999.000 -9999.000 -9999.000 -9999.000 -9999.000 -9999.000 -9999.000 -9999.000 -9999.000 -9999.000 -9999.000 -9999.000 -9999.000 -9999.000 -9999.000 -9999.000 -9999.000 -9999.000 -9999.000 -9999.000 -9999.000
-9999.000 -9999.000 -9999.000 -9999.000 -9999.000 -9999.000 -9999.000 -9999.000 -9999.000 -9999.000 -9999.000 -9999.000 -9999.000 -9999.000 -9999.000 0.6877028 0.6881346 0.6881401 0.6880299 0.6878656 0.6876701 0.6874561 0.6872489 0.6870425 0.6868471 0.6866653 0.6864852 0.6862555 0.6858225 0.6855825 0.6855825 -9999.000 -9999.000 -9999.000 -9999.000 -9999.000 -9999.000 -9999.000 -9999.000 -9999.000 -9999.000 -9999.000 -9999.000 -9999.000 -9999.000 -9999.000 -9999.000 -9999.000 -9999.000 -9999.000 -9999.000 -9999.000 -9999.000 -9999.000 -9999.000 -9999.000 -9999.000 -9999.000 -9999.000
-9999.000 -9999.000 -9999.000 -9999.000 -9999.000 -9999.000 -9999.000 -9999.000 -9999.000 -9999.000 -9999.000 -9999.000 -9999.000 -9999.000 -9999.000 0.6896923 0.6901302 0.6901311 0.6900150 0.6898441 0.6896414 0.6894195 0.6892055 0.6889911 0.6887880 0.6885988 0.6884093 0.6881626 0.6876873 0.6873271 0.6873271 -9999.000 -9999.000 -9999.000 -9999.000 -9999.000 -9999.000 -9999.000 -9999.000 -9999.000 -9999.000 -9999.000 -9999.000 -9999.000 -9999.000 -9999.000 -9999.000 -9999.000 -9999.000 -9999.000 -9999.000 -9999.000 -9999.000 -9999.000 -9999.000 -9999.000 -9999.000 -9999.000 -9999.000
-9999.000 -9999.000 -9999.000 -9999.000 -9999.000 -9999.000 -9999.000 -9999.000 -9999.000 -9999.000 -9999.000 -9999.000 -9999.000 -9999.000 -9999.000 0.6916744 0.6921183 0.6921137 0.6919907 0.6918130 0.6916027 0.6913724 0.6911514 0.6909283 0.6907170 0.6905194 0.6903193 0.6900525 0.6895264 0.6890051 0.6890051 -9999.000 -9999.000 -9999.000 -9999.000 -9999.000 -9999.000 -9999.000 -9999.000 -9999.000 -9999.000 -9999.000 -9999.000 -9999.000 -9999.000 -9999.000 -9999.000 -9999.000 -9999.000 -9999.000 -9999.000 -9999.000 -9999.000 -9999.000 -9999.000 -9999.000 -9999.000 -9999.000 -9999.000
-9999.000 -9999.000 -9999.000 -9999.000 -9999.000 -9999.000 -9999.000 -9999.000 -9999.000 -9999.000 -9999.000 -9999.000 -9999.000 -9999.000 -9999.000 0.6936463 0.6940969 0.6940856 0.6939551 0.6937700 0.6935517 0.6933125 0.6930843 0.6928518 0.6926315 0.6924247 0.6922124 0.6919216 0.6913338 0.6905933 0.6905933 -9999.000 -9999.000 -9999.000 -9999.000 -9999.000 -9999.000 -9999.000 -9999.000 -9999.000 -9999.000 -9999.000 -9999.000 -9999.000 -9999.000 -9999.000 -9999.000 -9999.000 -9999.000 -9999.000 -9999.000 -9999.000 -9999.000 -9999.000 -9999.000 -9999.000 -9999.000 -9999.000 -9999.000
-9999.000 -9999.000 -9999.000 -9999.000 -9999.000 -9999.000 -9999.000 -9999.000 -9999.000 -9999.000 -9999.000 -9999.000 -9999.000 -9999.000 -9999.000 0.6956052 0.6960630 0.6960441 0.6959051 0.6957121 0.6954852 0.6952366 0.6950009 0.6947582 0.6945282 0.6943111 0.6940845 0.6937646 0.6931011 0.6920567 0.6920567 -9999.000 -9999.000 -9999.000 -9999.000 -9999.000 -9999.000 -9999.000 -9999.000 -9999.000 -9999.000 -9999.000 -9999.000 -9999.000 -9999.000 -9999.000 -9999.000 -9999.000 -9999.000 -9999.000 -9999.000 -9999.000 -9999.000 -9999.000 -9999.000 -9999.000 -9999.000 -9999.000 -9999.000
-9999.000 -9999.000 -9999.000 -9999.000 -9999.000 -9999.000 -9999.000 -9999.000 -9999.000 -9999.000 -9999.000 -9999.000 -9999.000 -9999.000 -9999.000 0.6975461 0.6980129 0.6979852 0.6978367 0.6976352 0.6973991 0.6971402 0.6968967 0.6966426 0.6964017 0.6961730 0.6959292 0.6955733 0.6948158 0.6933401 0.6933401 -9999.000 -9999.000 -9999.000 -9999.000 -9999.000 -9999.000 -9999.000 -9999.000 -9999.000 -9999.000 -9999.000 -9999.000 -9999.000 -9999.000 -9999.000 -9999.000 -9999.000 -9999.000 -9999.000 -9999.000 -9999.000 -9999.000 -9999.000 -9999.000 -9999.000 -9999.000 -9999.000 -9999.000
-9999.000 -9999.000 -9999.000 -9999.000 -9999.000 -9999.000 -9999.000 -9999.000 -9999.000 -9999.000 -9999.000 -9999.000 -9999.000 -9999.000 -9999.000 0.6994430 0.6999304 0.6998979 0.6997431 0.6995351 0.6992904 0.6990207 0.6987688 0.6985010 0.6982471 0.6980038 0.6977384 0.6973367 0.6964598 0.6943573 0.6943573 -9999.000 -9999.000 -9999.000 -9999.000 -9999.000 -9999.000 -9999.000 -9999.000 -9999.000 -9999.000 -9999.000 -9999.000 -9999.000 -9999.000 -9999.000 -9999.000 -9999.000 -9999.000 -9999.000 -9999.000 -9999.000 -9999.000 -9999.000 -9999.000 -9999.000 -9999.000 -9999.000 -9999.000
-9999.000 -9999.000 -9999.000 -9999.000 -9999.000 -9999.000 -9999.000 -9999.000 -9999.000 -9999.000 -9999.000 -9999.000 -9999.000 -9999.000 -9999.000 0.6967541 0.7005880 0.7021201 0.7024891 0.7022989 0.7020097 0.7016500 0.7012893 0.7008970 0.7005200 0.7001601 0.6997786 0.6992249 0.6980494 0.6943040 0.6943040 -9999.000 -9999.000 -9999.000 -9999.000 -9999.000 -9999.000 -9999.000 -9999.000 -9999.000 -9999.000 -9999.000 -9999.000 -9999.000 -9999.000 -9999.000 -9999.000 -9999.000 -9999.000 -9999.000 -9999.000 -9999.000 -9999.000 -9999.000 -9999.000 -9999.000 -9999.000 -9999.000 -9999.000
0.7651997 0.7651997 0.7685602 0.7529271 0.7461380 0.7461380 0.7431774 0.7386534 0.7386534 0.7347874 0.7347874 0.7313755 0.7298155 0.7283409 0.7269153 0.7269153 0.7047853 0.7035779 0.7031377 0.7038277 0.7049963 0.7065833 0.7089319 0.7112473 0.7136822 0.7159865 0.7175690 0.7168562 0.7096733 0.6796658 0.6796658 0.4739392 0.4392159 0.4195055 0.4129918 0.4129918 0.4032848 0.4032848 0.4080309 0.4080309 0.4201832 0.4711302 0.4711302 0.5748155 0.5748155 0.6128788 0.6128788 0.6128788 0.6110017 0.6110017 0.6003871 0.6003871 0.5867821 0.5867821 0.5728804 0.5728804 0.5602872 0.5602872 0.5602872
0.7624707 0.7624707 0.7668500 0.7510852 0.7453256 0.7453256 0.7422306 0.7376343 0.7376343 0.7337720 0.7337720 0.7303740 0.7288208 0.7273535 0.7259345 0.7259345 0.7066782 0.7020829 0.6979952 0.6946594 0.6919693 0.6900364 0.6891137 0.6889957 0.6897371 0.6912339 0.6931877 0.6948653 0.6944982 0.6815472 0.6815472 0.5416568 0.4888346 0.4375595 0.4234636 0.4234636 0.4080771 0.4080771 0.4117906 0.4117906 0.4230918 0.4672820 0.4672820 0.5500434 0.5500434 0.6109326 0.6109326 0.6109326 0.6109563 0.6109563 0.6007109 0.6007109 0.5871758 0.5871758 0.5733790 0.5733790 0.5608273 0.5608273 0.5608273
0.7615220 0.7615220 0.7663379 0.7507696 0.7455120 0.7455120 0.7423187 0.7376202 0.7376202 0.7337381 0.7337381 0.7303333 0.7287764 0.7273059 0.7258791 0.7258791 0.7080241 0.7004226 0.6931837 0.6867339 0.6811975 0.6766869 0.6733794 0.6711946 0.6701418 0.6701700 0.6710848 0.6723428 0.6725394 0.6646945 0.6646945 0.5748191 0.5202523 0.4554138 0.4362969 0.4362969 0.4177403 0.4177403 0.4250996 0.4250996 0.4381327 0.4777386 0.4777386 0.5386956 0.5386956 0.6042292 0.6042292 0.6042292 0.6084520 0.6084520 0.5997928 0.5997928 0.5868068 0.5868068 0.5732482 0.5732482 0.5608462 0.5608462 0.5608462
0.7613285 0.7613285 0.7654867 0.7506775 0.7457306 0.7457306 0.7424701 0.7376555 0.7376555 0.7337404 0.7337404 0.7303296 0.7287730 0.7273037 0.7258697 0.7258697 0.7086031 0.6983078 0.6880870 0.6786975 0.6704729 0.6635790 0.6581532 0.6541593 0.6515586 0.6502804 0.6501623 0.6507876 0.6510763 0.6459983 0.6459983 0.5885928 0.5400259 0.4728839 0.4522250 0.4522250 0.4360688 0.4360688 0.4503055 0.4503055 0.4644469 0.4956683 0.4956683 0.5338822 0.5338822 0.5919638 0.5919638 0.5919638 0.6014102 0.6014102 0.5960784 0.5960784 0.5847179 0.5847179 0.5719994 0.5719994 0.5601845 0.5601845 0.5601845
0.7609345 0.7609345 0.7649924 0.7506768 0.7459015 0.7459015 0.7425948 0.7376900 0.7376900 0.7337448 0.7337448 0.7303258 0.7287682 0.7272992 0.7258527 0.7258527 0.7080802 0.6952951 0.6822704 0.6700776 0.6592280 0.6499661 0.6424350 0.6366382 0.6325276 0.6300153 0.6289409 0.6289602 0.6292309 0.6261673 0.6261673 0.5894938 0.5496331 0.4883276 0.4707036 0.4707036 0.4652503 0.4652503 0.4864595 0.4864595 0.4985056 0.5162404 0.5162404 0.5335647 0.5335647 0.5766822 0.5766822 0.5766822 0.5901397 0.5901397 0.5892894 0.5892894 0.5807652 0.5807652 0.5697123 0.5697123 0.5590451 0.5590451 0.5590451
0.7606365 0.7606365 0.7647060 0.7506696 0.7460098 0.7460098 0.7426808 0.7377167 0.7377167 0.7337512 0.7337512 0.7303268 0.7287683 0.7272987 0.7258323 0.7258323 0.7061878 0.6909576 0.6752859 0.6604630 0.6471188 0.6355625 0.6259575 0.6183422 0.6126839 0.6088982 0.6068369 0.6062108 0.6063619 0.6047670 0.6047670 0.5818025 0.5513024 0.5033161 0.4944712 0.4944712 0.5065395 0.5065395 0.5281641 0.5281641 0.5338618 0.5355945 0.5355945 0.5362586 0.5362586 0.5617349 0.5617349 0.5617349 0.5762617 0.5762617 0.5796990 0.5796990 0.5748570 0.5748570 0.5663182 0.5663182 0.5574463 0.5574463 0.5574463
0.7604524 0.7604524 0.7645560 0.7506658 0.7460706 0.7460706 0.7427303 0.7377323 0.7377323 0.7337550 0.7337550 0.7303278 0.7287689 0.7272992 0.7258044 0.7258044 0.7026414 0.6848564 0.6666403 0.6493698 0.6337191 0.6200255 0.6084619 0.5990880 0.5918905 0.5868015 0.5836953 0.5823373 0.5822270 0.5816526 0.5816526 0.5681155 0.5473393 0.5227962 0.5291261 0.5291261 0.5569968 0.5569968 0.5675370 0.5675370 0.5645767 0.5520087 0.5520087 0.5408432 0.5408432 0.5494859 0.5494859 0.5494859 0.5618160 0.5618160 0.5680887 0.5680887 0.5670927 0.5670927 0.5617512 0.5617512 0.5553443 0.5553443 0.5553443
0.7603900 0.7603900 0.7645091 0.7506649 0.7460903 0.7460903 0.7427464 0.7377374 0.7377374 0.7337564 0.7337564 0.7303281 0.7287691 0.7272994 0.7257646 0.7257646 0.6970666 0.6764825 0.6557599 0.6362196 0.6184953 0.6028993 0.5895863 0.5786145 0.5699795 0.5636298 0.5594664 0.5573091 0.5568046 0.5569378 0.5569378 0.5504526 0.5409473 0.5549703 0.5790971 0.5790971 0.6075545 0.6075545 0.5987700 0.5987700 0.5882323 0.5655447 0.5655447 0.5465338 0.5465338 0.5408712 0.5408712 0.5408712 0.5485685 0.5485685 0.5555775 0.5555775 0.5578492 0.5578492 0.5560583 0.5560583 0.5527150 0.5527150 0.5527150
0.7604525 0.7604525 0.7645560 0.7506658 0.7460706 0.7460706 0.7427303 0.7377323 0.7377323 0.7337551 0.7337551 0.7303278 0.7287690 0.7272992 0.7257079 0.7257079 0.6889225 0.6651875 0.6419474 0.6203173 0.6007956 0.5836079 0.5688495 0.5565474 0.5466858 0.5392200 0.5340731 0.5311163 0.5301595 0.5309907 0.5309907 0.5313281 0.5383344 0.6068864 0.6399835 0.6399835 0.6477745 0.6477745 0.6210062 0.6210062 0.6056952 0.5768545 0.5768545 0.5527000 0.5527000 0.5357034 0.5357034 0.5357034 0.5376170 0.5376170 0.5433547 0.5433547 0.5477746 0.5477746 0.5494667 0.5494667 0.5496036 0.5496036 0.5496036
0.7606366 0.7606366 0.7647060 0.7506696 0.7460098 0.7460098 0.7426808 0.7377167 0.7377167 0.7337512 0.7337512 0.7303268 0.7287684 0.7272987 0.7256284 0.7256284 0.6773815 0.6500753 0.6242996 0.6007959 0.5798209 0.5614401 0.5456426 0.5323884 0.5216272 0.5133045 0.5073546 0.5037001 0.5024049 0.5047466 0.5047466 0.5158713 0.5519238 0.6739412 0.6959006 0.6959006 0.6738627 0.6738627 0.6365495 0.6365495 0.6188387 0.5864071 0.5864071 0.5587913 0.5587913 0.5332250 0.5332250 0.5332250 0.5293443 0.5293443 0.5324178 0.5324178 0.5376936 0.5376936 0.5424095 0.5424095 0.5461685 0.5461685 0.5461685
0.7609346 0.7609346 0.7649922 0.7506768 0.7459015 0.7459015 0.7425949 0.7376900 0.7376900 0.7337447 0.7337447 0.7303257 0.7287683 0.7272992 0.7255190 0.7255190 0.6611203 0.6298233 0.6015725 0.5765235 0.5545617 0.5355109 0.5192028 0.5054971 0.4942856 0.4854864 0.4790338 0.4749170 0.4738358 0.4811321 0.4811321 0.5165620 0.5987161 0.7346986 0.7315654 0.7315654 0.6893847 0.6893847 0.6477749 0.6477749 0.6290030 0.5943395 0.5943395 0.5643467 0.5643467 0.5325476 0.5325476 0.5325476 0.5235979 0.5235979 0.5234137 0.5234137 0.5284537 0.5284537 0.5354862 0.5354862 0.5426887 0.5426887 0.5426887
