simulation_files/asc/Depth____635.0.asc
NCOLS       216
NROWS       273
XLLCENTER        494.688995
YLLCENTER        787.867981
CELLSIZE           0.500
NODATA_VALUE     -9999.0
[rows 162 to 188 of 273, columns 118 to 176 of 216]
1.995449 2.672196 2.870003 2.906715 2.917052 2.926771 2.701964 2.126598 1.513819 0.6523612 0.1760828 0.8205740E-01 0.1112542 0.1557239 0.1369087 0.1245114 0.1491337 0.1625996 0.1849169 0.1916900 0.1869766 0.1473084 0.1009047 0.1078110 0.1371855 0.1433718 0.1071733 0.6272191E-01 -9999.000 -9999.000 -9999.000 -9999.000 -9999.000 -9999.000 -9999.000 -9999.000 -9999.000 -9999.000 -9999.000 -9999.000 -9999.000 -9999.000 -9999.000 -9999.000 -9999.000 -9999.000 -9999.000 -9999.000 -9999.000 -9999.000 -9999.000 -9999.000 -9999.000 -9999.000 -9999.000 -9999.000 -9999.000 -9999.000 -9999.000
1.657883 2.579494 2.862630 2.895936 2.895863 2.485747 1.772142 1.087567 0.4837366 0.1597891 0.1369215 0.1204342 0.1278021 0.1211060 0.1354683 0.1466209 0.1512935 0.1506204 0.1845409 0.2083931 0.2110942 0.1549066 0.1113541 0.1183292 0.1569777 0.1711308 0.1481999 0.1028672 0.4484468E-01 -9999.000 -9999.000 -9999.000 -9999.000 -9999.000 -9999.000 -9999.000 -9999.000 -9999.000 -9999.000 -9999.000 -9999.000 -9999.000 -9999.000 -9999.000 -9999.000 -9999.000 -9999.000 -9999.000 -9999.000 -9999.000 -9999.000 -9999.000 -9999.000 -9999.000 -9999.000 -9999.000 -9999.000 -9999.000 -9999.000
1.260070 2.288265 2.742046 2.883691 2.461141 1.549056 0.4923153 0.1888751 0.1329174 0.1003242 0.1197084 0.1064187 0.1005393 0.8944102E-01 0.1144446 0.1401434 0.1364841 0.1379099 0.1612814 0.1941421 0.2009559 0.1371635 0.1014346 0.1204124 0.1641497 0.1710429 0.1359884 0.1049394 0.4614733E-01 -9999.000 -9999.000 -9999.000 -9999.000 -9999.000 -9999.000 -9999.000 -9999.000 -9999.000 -9999.000 -9999.000 -9999.000 -9999.000 -9999.000 -9999.000 -9999.000 -9999.000 -9999.000 -9999.000 -9999.000 -9999.000 -9999.000 -9999.000 -9999.000 -9999.000 -9999.000 -9999.000 -9999.000 -9999.000 -9999.000
-9999.000 1.490232 2.303694 2.403315 1.536421 -9999.000 0.1197750 0.1330440 0.1070997 0.7601803E-01 0.6529430E-01 0.6619692E-01 0.8055304E-01 0.8064866E-01 0.1052114 0.1353995 0.1428982 0.1614999 0.1855110 0.2117157 0.1699255 0.1122813 0.9476540E-01 0.1126386 0.1537220 0.1513776 0.1388489 0.1048649 0.5821611E-01 0.2252465E-01 -9999.000 -9999.000 -9999.000 -9999.000 -9999.000 -9999.000 -9999.000 -9999.000 -9999.000 -9999.000 -9999.000 -9999.000 -9999.000 -9999.000 -9999.000 -9999.000 -9999.000 -9999.000 -9999.000 -9999.000 -9999.000 -9999.000 -9999.000 -9999.000 -9999.000 -9999.000 -9999.000 -9999.000 -9999.000
-9999.000 0.6790367 1.363146 1.158708 0.4743923 0.1378852 0.1570339 0.1382718 0.1255010 0.9311952E-01 0.5730206E-01 0.5236115E-01 0.6470865E-01 0.6536295E-01 0.1095198 0.1636233 0.1947552 0.2197332 0.2421383 0.2128588 0.1317754 0.1234658 0.1210515 0.1303679 0.1516728 0.1633285 0.1545865 0.1295001 0.9758798E-01 0.5539396E-01 -9999.000 -9999.000 0.1836429E-01 -9999.000 -9999.000 -9999.000 -9999.000 -9999.000 -9999.000 -9999.000 -9999.000 -9999.000 -9999.000 -9999.000 -9999.000 -9999.000 -9999.000 -9999.000 -9999.000 -9999.000 -9999.000 -9999.000 -9999.000 -9999.000 -9999.000 -9999.000 -9999.000 -9999.000 -9999.000
-9999.000 -9999.000 -9999.000 0.2448418 0.1423758 0.1870753 0.1620779 0.1542940 0.1580974 0.1292518 0.1007419 0.8574498E-01 0.7447319E-01 0.7279445E-01 0.1296551 0.2074163 0.2237717 0.2349062 0.2368191 0.1633724 0.9297850E-01 0.1326980 0.1425593 0.1565505 0.1627302 0.1314778 0.1261248 0.1251238 0.1123464 0.7709707E-01 -9999.000 -9999.000 -9999.000 -9999.000 -9999.000 -9999.000 -9999.000 -9999.000 -9999.000 -9999.000 -9999.000 -9999.000 -9999.000 -9999.000 -9999.000 -9999.000 -9999.000 -9999.000 -9999.000 -9999.000 -9999.000 -9999.000 -9999.000 -9999.000 -9999.000 -9999.000 -9999.000 -9999.000 -9999.000
-9999.000 -9999.000 -9999.000 0.7789317E-01 0.1795738 0.1861441 0.1863577 0.1926862 0.1978171 0.1800225 0.1631774 0.1454397 0.1157606 0.1058791 0.1350828 0.1811620 0.1924812 0.1936743 0.1618808 0.1346618 0.9448035E-01 0.1242698 0.1452692 0.1628507 0.1586991 0.1051862 0.8581889E-01 0.1097776 0.1197791 0.9875034E-01 0.4843240E-01 0.1854966E-01 -9999.000 -9999.000 -9999.000 -9999.000 -9999.000 -9999.000 -9999.000 -9999.000 -9999.000 -9999.000 -9999.000 -9999.000 -9999.000 -9999.000 -9999.000 -9999.000 -9999.000 -9999.000 -9999.000 -9999.000 -9999.000 -9999.000 -9999.000 -9999.000 -9999.000 -9999.000 -9999.000
-9999.000 -9999.000 -9999.000 0.7712358E-01 0.1066854 0.1402825 0.1924084 0.2184157 0.2028387 0.1801160 0.1648483 0.1686904 0.1443372 0.1146327 0.1041996 0.8688239E-01 0.1217489 0.1124456 0.1252426 0.1650370 0.1351121 0.1518936 0.1811490 0.2079558 0.2000468 0.1401886 0.1024430 0.1100700 0.1242428 0.1201559 0.7684845E-01 0.3857907E-01 0.3202341E-01 -9999.000 -9999.000 -9999.000 -9999.000 -9999.000 -9999.000 -9999.000 -9999.000 -9999.000 -9999.000 -9999.000 -9999.000 -9999.000 -9999.000 -9999.000 -9999.000 -9999.000 -9999.000 -9999.000 -9999.000 -9999.000 -9999.000 -9999.000 -9999.000 -9999.000 -9999.000
-9999.000 -9999.000 -9999.000 -9999.000 0.7036397E-01 0.1196570 0.1833342 0.2017843 0.1962596 0.1782410 0.1543307 0.1304190 0.1027371 0.8433939E-01 0.8987069E-01 0.1133757 0.1287789 0.1105931 0.1241856 0.1453865 0.1328452 0.1656586 0.2308275 0.2706296 0.2543232 0.1795123 0.1195582 0.1204940 0.1342239 0.1461760 0.1055788 0.6816395E-01 0.5524083E-01 0.4611100E-01 -9999.000 -9999.000 -9999.000 -9999.000 -9999.000 -9999.000 -9999.000 -9999.000 -9999.000 -9999.000 -9999.000 -9999.000 -9999.000 -9999.000 -9999.000 -9999.000 -9999.000 -9999.000 -9999.000 -9999.000 -9999.000 -9999.000 -9999.000 -9999.000 -9999.000
-9999.000 -9999.000 -9999.000 -9999.000 -9999.000 0.8105724E-01 0.1198652 0.1589474 0.1890088 0.2093960 0.1574478 0.8277529E-01 0.5039934E-01 0.4407175E-01 0.8307019E-01 0.1491096 0.1857998 0.2000475 0.1457691 0.8479796E-01 0.7388106E-01 0.1416545 0.2486103 0.2864694 0.2429555 0.1711375 0.1347059 0.1537728 0.1780144 0.1843810 0.1333333 0.1035590 0.1064604 0.8612144E-01 0.6639587E-01 0.5781734E-01 -9999.000 0.2175321E-01 -9999.000 -9999.000 -9999.000 -9999.000 -9999.000 -9999.000 -9999.000 -9999.000 -9999.000 -9999.000 -9999.000 -9999.000 -9999.000 -9999.000 -9999.000 -9999.000 -9999.000 -9999.000 -9999.000 -9999.000 -9999.000
-9999.000 -9999.000 -9999.000 -9999.000 -9999.000 0.5144405E-01 0.6187550E-01 0.1197363 0.1774954 0.2069152 0.1719017 0.9741737E-01 0.6579776E-01 0.6885197E-01 0.1025938 0.1636636 0.1985808 0.2294231 0.1895170 0.1108502 0.9387176E-01 0.1556392 0.2383488 0.2528293 0.2161397 0.1555738 0.1323631 0.1408272 0.1742668 0.1957668 0.1578028 0.1476843 0.1609509 0.1504626 0.1007323 0.8195818E-01 0.7529119E-01 0.4973391E-01 -9999.000 -9999.000 -9999.000 -9999.000 -9999.000 -9999.000 -9999.000 -9999.000 -9999.000 -9999.000 -9999.000 -9999.000 -9999.000 -9999.000 -9999.000 -9999.000 -9999.000 -9999.000 -9999.000 -9999.000 -9999.000
-9999.000 -9999.000 -9999.000 -9999.000 -9999.000 -9999.000 0.8002110E-01 0.1145440 0.1590924 0.1848865 0.1861330 0.1508844 0.1076852 0.1065594 0.1336733 0.1670020 0.1928217 0.2388664 0.2442813 0.2038898 0.1946670 0.1974843 0.2064991 0.2188765 0.1582740 0.1258698 0.1082808 0.1005215 0.1218500 0.1631263 0.1490155 0.1534240 0.1723441 0.1653601 0.1344346 0.1068609 0.1097777 0.9780485E-01 0.5454106E-01 -9999.000 -9999.000 -9999.000 -9999.000 -9999.000 -9999.000 -9999.000 -9999.000 -9999.000 -9999.000 -9999.000 -9999.000 -9999.000 -9999.000 -9999.000 -9999.000 -9999.000 -9999.000 -9999.000 -9999.000
-9999.000 -9999.000 -9999.000 -9999.000 -9999.000 -9999.000 0.9807860E-01 0.1027688 0.1391802 0.1781240 0.2043114 0.1830730 0.1354623 0.1030250 0.1118843 0.1367360 0.1722698 0.2334480 0.2550299 0.2545517 0.2681773 0.2101898 0.1685310 0.1513343 0.1282465 0.1087804 0.9421617E-01 0.9821685E-01 0.1208483 0.1502588 0.1335812 0.1214218 0.1324105 0.1456463 0.1299308 0.1038248 0.1136711 0.1079386 -9999.000 0.3282809E-01 -9999.000 -9999.000 -9999.000 -9999.000 -9999.000 -9999.000 -9999.000 -9999.000 -9999.000 -9999.000 -9999.000 -9999.000 -9999.000 -9999.000 -9999.000 -9999.000 -9999.000 -9999.000 -9999.000
-9999.000 -9999.000 -9999.000 -9999.000 -9999.000 -9999.000 -9999.000 0.5163535E-01 0.9482600E-01 0.1685416 0.2165361 0.1961357 0.1416740 0.7666738E-01 0.5896648E-01 0.7024341E-01 0.1223039 0.2164117 0.2262725 0.2092633 0.1855081 0.1434800 0.1296960 0.1669095 0.1956489 0.1347882 0.1115694 0.1258910 0.1454139 0.1689470 0.1607291 0.1312764 0.1226300 0.1364829 0.1160552 0.6998112E-01 0.7004832E-01 0.1008651 0.9774235E-01 0.7216872E-01 0.2770967E-01 -9999.000 -9999.000 -9999.000 -9999.000 -9999.000 -9999.000 -9999.000 -9999.000 -9999.000 -9999.000 -9999.000 -9999.000 -9999.000 -9999.000 -9999.000 -9999.000 -9999.000 -9999.000
-9999.000 -9999.000 -9999.000 -9999.000 -9999.000 -9999.000 -9999.000 -9999.000 0.4885005E-01 0.1265084 0.1836325 0.1806377 0.1193742 0.4841514E-01 0.2565108E-01 0.3123931E-01 0.7497307E-01 0.1503912 0.1475614 0.1201597 0.9541171E-01 0.1010945 0.1271264 0.2061063 0.2403259 0.1869167 0.1747658 0.1872643 0.1961244 0.2087285 0.2221064 0.2196285 0.1689224 0.1353398 0.8270144E-01 0.3504553E-01 0.6660310E-01 0.1139458 0.1267237 0.9025272E-01 -9999.000 -9999.000 -9999.000 -9999.000 -9999.000 -9999.000 -9999.000 -9999.000 -9999.000 -9999.000 -9999.000 -9999.000 -9999.000 -9999.000 -9999.000 -9999.000 -9999.000 -9999.000 -9999.000
-9999.000 -9999.000 -9999.000 -9999.000 -9999.000 -9999.000 -9999.000 -9999.000 0.2243592E-01 0.7223944E-01 0.1378202 0.1563255 0.1212046 0.5108312E-01 0.2259999E-01 -9999.000 -9999.000 0.7237801E-01 0.8846169E-01 0.9126712E-01 0.1150670 0.1163142 0.1229690 0.1979572 0.2422608 0.2258725 0.2187763 0.2217311 0.2003203 0.1945657 0.2443627 0.2510088 0.2223914 0.1550651 0.6691984E-01 0.5578041E-01 0.1017180 0.1196447 0.1098375 0.8525897E-01 0.4265752E-01 -9999.000 -9999.000 -9999.000 -9999.000 -9999.000 -9999.000 -9999.000 -9999.000 -9999.000 -9999.000 -9999.000 -9999.000 -9999.000 -9999.000 -9999.000 -9999.000 -9999.000 -9999.000
-9999.000 -9999.000 -9999.000 -9999.000 -9999.000 -9999.000 -9999.000 -9999.000 -9999.000 0.5935398E-01 0.1310892 0.1565163 0.1403632 0.8874449E-01 0.4117784E-01 0.2243294E-01 0.1573351E-01 0.3594358E-01 0.5539712E-01 0.7583543E-01 0.1116665 0.1457961 0.1455931 0.1867196 0.2398070 0.2319083 0.2104545 0.1809210 0.1110191 0.1145802 0.1931376 0.2128301 0.2111316 0.1626879 0.1128726 0.1234218 0.1340954 0.1247434 0.1091602 0.1178580 0.9289533E-01 -9999.000 -9999.000 -9999.000 -9999.000 -9999.000 -9999.000 -9999.000 -9999.000 -9999.000 -9999.000 -9999.000 -9999.000 -9999.000 -9999.000 -9999.000 -9999.000 -9999.000 -9999.000
-9999.000 -9999.000 -9999.000 -9999.000 -9999.000 -9999.000 -9999.000 -9999.000 -9999.000 -9999.000 0.9436177E-01 0.1279203 0.1423842 0.1181133 0.7863815E-01 0.3398555E-01 0.1513603E-01 0.1953707E-01 0.3584059E-01 0.5661511E-01 0.1017356 0.1620334 0.1685043 0.1800253 0.2356285 0.2116924 0.1657942 0.1064247 0.1028347 0.1274903 0.1461486 0.1525426 0.1608787 0.1382712 0.1357874 0.1668282 0.1616415 0.1385934 0.1486292 0.1655251 0.1263385 -9999.000 -9999.000 -9999.000 -9999.000 -9999.000 -9999.000 -9999.000 -9999.000 -9999.000 -9999.000 -9999.000 -9999.000 -9999.000 -9999.000 -9999.000 -9999.000 -9999.000 -9999.000
-9999.000 -9999.000 -9999.000 -9999.000 -9999.000 -9999.000 -9999.000 -9999.000 -9999.000 -9999.000 0.6106351E-01 0.1035741 0.1400834 0.1527802 0.1107903 0.5098106E-01 0.1842134E-01 0.1824614E-01 0.2929002E-01 0.4524553E-01 0.8002398E-01 0.1301883 0.1386497 0.1727075 0.2074812 0.1733867 0.1103488 0.7669542E-01 0.1324894 0.1772617 0.1656682 0.1389562 0.1397405 0.1240110 0.1304053 0.1777011 0.1685359 0.1413423 0.1590801 0.1928139 0.1534528 0.8712380E-01 -9999.000 -9999.000 -9999.000 -9999.000 -9999.000 -9999.000 -9999.000 -9999.000 -9999.000 -9999.000 -9999.000 -9999.000 -9999.000 -9999.000 -9999.000 -9999.000 -9999.000
-9999.000 -9999.000 -9999.000 -9999.000 -9999.000 -9999.000 -9999.000 -9999.000 -9999.000 -9999.000 -9999.000 0.5294977E-01 0.1125463 0.1554995 0.1403929 0.8396022E-01 -9999.000 -9999.000 -9999.000 -9999.000 0.4544363E-01 0.8483500E-01 0.9874702E-01 0.1364325 0.1781377 0.1489047 0.1372132 0.1365278 0.1790197 0.2083446 0.2132984 0.1788611 0.1859195 0.1829837 0.1855745 0.2087566 0.1859618 0.1702803 0.1815475 0.2041764 0.1819246 0.1099312 0.6273891E-01 -9999.000 -9999.000 -9999.000 -9999.000 -9999.000 -9999.000 -9999.000 -9999.000 -9999.000 -9999.000 -9999.000 -9999.000 -9999.000 -9999.000 -9999.000 -9999.000
-9999.000 -9999.000 -9999.000 -9999.000 -9999.000 -9999.000 -9999.000 -9999.000 -9999.000 -9999.000 -9999.000 -9999.000 0.6358051E-01 0.1247780 0.1358839 0.1017607 0.4272768E-01 -9999.000 -9999.000 -9999.000 0.2567293E-01 0.3963411E-01 0.3759809E-01 0.7402382E-01 0.1644936 0.1849948 0.1860241 0.2182333 0.2194611 0.1989272 0.2210451 0.2549633 0.2779030 0.2995307 0.2745216 0.2375599 0.2160192 0.2206030 0.2245541 0.2319136 0.2059738 0.1524289 0.9904622E-01 -9999.000 -9999.000 -9999.000 -9999.000 -9999.000 -9999.000 -9999.000 -9999.000 -9999.000 -9999.000 -9999.000 -9999.000 -9999.000 -9999.000 -9999.000 -9999.000
-9999.000 -9999.000 -9999.000 -9999.000 -9999.000 -9999.000 -9999.000 -9999.000 -9999.000 -9999.000 -9999.000 -9999.000 0.5315555E-01 0.1229099 0.1484440 0.1220501 0.7306321E-01 -9999.000 -9999.000 -9999.000 0.2534124E-01 0.3187842E-01 0.1980209E-01 0.5327148E-01 0.1311435 0.1613825 0.1801127 0.2374164 0.2550861 0.2132145 0.2223685 0.2853684 0.3075957 0.3171684 0.3050019 0.2593470 0.2392640 0.2334418 0.2415601 0.2475107 0.2337750 0.2117174 0.1422264 0.5108872E-01 -9999.000 -9999.000 -9999.000 -9999.000 -9999.000 -9999.000 -9999.000 -9999.000 -9999.000 -9999.000 -9999.000 -9999.000 -9999.000 -9999.000 -9999.000
-9999.000 -9999.000 -9999.000 -9999.000 -9999.000 -9999.000 -9999.000 -9999.000 -9999.000 -9999.000 -9999.000 -9999.000 0.5549347E-01 0.1308843 0.1579579 0.1487384 0.1113691 0.5487364E-01 0.2434910E-01 0.2268172E-01 0.2948499E-01 0.2639276E-01 0.1972899E-01 0.4622584E-01 0.8287091E-01 0.9178284E-01 0.1175563 0.1918120 0.2429169 0.2335374 0.2506685 0.2930412 0.2807343 0.2680228 0.2696933 0.2599890 0.2243172 0.2216738 0.2236974 0.2386112 0.2448758 0.2287730 0.1771352 0.8928410E-01 -9999.000 -9999.000 -9999.000 -9999.000 -9999.000 -9999.000 -9999.000 -9999.000 -9999.000 -9999.000 -9999.000 -9999.000 -9999.000 -9999.000 -9999.000
-9999.000 -9999.000 -9999.000 -9999.000 -9999.000 -9999.000 -9999.000 -9999.000 -9999.000 -9999.000 -9999.000 -9999.000 0.5898736E-01 0.1178857 0.1575301 0.1625716 0.1439628 0.9180102E-01 0.3713493E-01 0.3107070E-01 0.3163690E-01 0.3588264E-01 0.4530729E-01 0.5988881E-01 0.6278581E-01 0.4982680E-01 0.7392585E-01 0.1293998 0.1824916 0.2076804 0.2736937 0.2660715 0.2058277 0.2058841 0.2223679 0.1702611 0.1407772 0.1196336 0.1400826 0.1665579 0.1943699 0.2013256 0.1733187 0.1076505 0.7258109E-01 -9999.000 -9999.000 -9999.000 -9999.000 -9999.000 -9999.000 -9999.000 -9999.000 -9999.000 -9999.000 -9999.000 -9999.000 -9999.000 -9999.000
-9999.000 -9999.000 -9999.000 -9999.000 -9999.000 -9999.000 -9999.000 -9999.000 -9999.000 -9999.000 -9999.000 -9999.000 -9999.000 0.8723027E-01 0.1432184 0.1612721 0.1529237 0.1076780 0.5861358E-01 0.2997158E-01 0.2518660E-01 0.3467442E-01 0.5027377E-01 0.5868431E-01 0.4558269E-01 0.5877054E-01 0.1004814 0.1380871 0.1708189 0.2035082 0.2281562 0.1864914 0.1478044 0.2260623 0.2531880 0.1972302 0.1304598 0.1098364 0.1240931 0.1314373 0.1492603 0.1686430 0.1635172 0.1326438 0.9476159E-01 0.5787831E-01 -9999.000 -9999.000 -9999.000 -9999.000 -9999.000 -9999.000 -9999.000 -9999.000 -9999.000 -9999.000 -9999.000 -9999.000 -9999.000
-9999.000 -9999.000 -9999.000 -9999.000 -9999.000 -9999.000 -9999.000 -9999.000 -9999.000 -9999.000 -9999.000 -9999.000 -9999.000 0.7350186E-01 0.1222596 0.1321616 0.1470706 0.1217029 0.5845598E-01 0.2432161E-01 0.1469399E-01 -9999.000 -9999.000 0.3235507E-01 0.4285887E-01 0.7083211E-01 0.1400920 0.1676196 0.1703605 0.1587472 0.1582804 0.1418858 0.1411556 0.2291314 0.2946146 0.2823486 0.2280116 0.1580065 0.1515891 0.1732180 0.1798531 0.1751382 0.1697302 0.1387727 0.8957459E-01 0.4512247E-01 -9999.000 -9999.000 -9999.000 -9999.000 -9999.000 -9999.000 -9999.000 -9999.000 -9999.000 -9999.000 -9999.000 -9999.000 -9999.000
-9999.000 -9999.000 -9999.000 -9999.000 -9999.000 -9999.000 -9999.000 -9999.000 -9999.000 -9999.000 -9999.000 -9999.000 -9999.000 0.6935976E-01 0.1064302 0.1121772 0.1392616 0.1285119 0.8000549E-01 0.4770382E-01 0.2201204E-01 -9999.000 -9999.000 -9999.000 0.3478652E-01 0.5372794E-01 0.9660644E-01 0.1174333 0.1376307 0.1328455 0.1561500 0.1840113 0.1670351 0.2066913 0.2577035 0.2767286 0.2397456 0.1906243 0.1765785 0.1933851 0.1830506 0.1665700 0.1652323 0.1499479 0.1244201 0.8681124E-01 0.6054451E-01 0.3213652E-01 -9999.000 -9999.000 -9999.000 -9999.000 -9999.000 -9999.000 -9999.000 -9999.000 -9999.000 -9999.000 -9999.000
