simulation_files/asc/Depth____000054.asc
NCOLS        79
NROWS        79
XLLCENTER         -1.500000
YLLCENTER         -4.800000
CELLSIZE           0.100
NODATA_VALUE     -9999.0
[rows 0 to 24 of 79, columns 0 to 57 of 79]
-9999.000 -9999.000 -9999.000 -9999.000 -9999.000 -9999.000 -9999.000 -9999.000 -9999.000 -9999.000 -9999.000 -9999.000 -9999.000 -9999.000 -9999.000 0.2555264 0.2556452 0.2555555 0.2554036 0.2552052 0.2549672 0.2546950 0.2543945 0.2540725 0.2537372 0.2533984 0.2530679 0.2527607 0.2525094 0.2528065 0.2528065 -9999.000 -9999.000 -9999.000 -9999.000 -9999.000 -9999.000 -9999.000 -9999.000 -9999.000 -9999.000 -9999.000 -9999.000 -9999.000 -9999.000 -9999.000 -9999.000 -9999.000 -9999.000 -9999.000 -9999.000 -9999.000 -9999.000 -9999.000 -9999.000 -9999.000 -9999.000 -9999.000
-9999.000 -9999.000 -9999.000 -9999.000 -9999.000 -9999.000 -9999.000 -9999.000 -9999.000 -9999.000 -9999.000 -9999.000 -9999.000 -9999.000 -9999.000 0.2574439 0.2575905 0.2575013 0.2573571 0.2571716 0.2569504 0.2566986 0.2564219 0.2561272 0.2558222 0.2555158 0.2552172 0.2549359 0.2546938 0.2549672 0.2549672 -9999.000 -9999.000 -9999.000 -9999.000 -9999.000 -9999.000 -9999.000 -9999.000 -9999.000 -9999.000 -9999.000 -9999.000 -9999.000 -9999.000 -9999.000 -9999.000 -9999.000 -9999.000 -9999.000 -9999.000 -9999.000 -9999.000 -9999.000 -9999.000 -9999.000 -9999.000 -9999.000
-9999.000 -9999.000 -9999.000 -9999.000 -9999.000 -9999.000 -9999.000 -9999.000 -9999.000 -9999.000 -9999.000 -9999.000 -9999.000 -9999.000 -9999.000 0.2594880 0.2596824 0.2595925 0.2594470 0.2592610 0.2590403 0.2587893 0.2585132 0.2582178 0.2579100 0.2575971 0.2572871 0.2569883 0.2567244 0.2570371 0.2570371 -9999.000 -9999.000 -9999.000 -9999.000 -9999.000 -9999.000 -9999.000 -9999.000 -9999.000 -9999.000 -9999.000 -9999.000 -9999.000 -9999.000 -9999.000 -9999.000 -9999.000 -9999.000 -9999.000 -9999.000 -9999.000 -9999.000 -9999.000 -9999.000 -9999.000 -9999.000 -9999.000
-9999.000 -9999.000 -9999.000 -9999.000 -9999.000 -9999.000 -9999.000 -9999.000 -9999.000 -9999.000 -9999.000 -9999.000 -9999.000 -9999.000 -9999.000 0.2615727 0.2618075 0.2617145 0.2615643 0.2613730 0.2611464 0.2608884 0.2606034 0.2602968 0.2599744 0.2596430 0.2593098 0.2589827 0.2586868 0.2590286 0.2590286 -9999.000 -9999.000 -9999.000 -9999.000 -9999.000 -9999.000 -9999.000 -9999.000 -9999.000 -9999.000 -9999.000 -9999.000 -9999.000 -9999.000 -9999.000 -9999.000 -9999.000 -9999.000 -9999.000 -9999.000 -9999.000 -9999.000 -9999.000 -9999.000 -9999.000 -9999.000 -9999.000
-9999.000 -9999.000 -9999.000 -9999.000 -9999.000 -9999.000 -9999.000 -9999.000 -9999.000 -9999.000 -9999.000 -9999.000 -9999.000 -9999.000 -9999.000 0.2636892 0.2639571 0.2638581 0.2636998 0.2634992 0.2632613 0.2629898 0.2626886 0.2623622 0.2620159 0.2616561 0.2612893 0.2609232 0.2605841 0.2609470 0.2609470 -9999.000 -9999.000 -9999.000 -9999.000 -9999.000 -9999.000 -9999.000 -9999.000 -9999.000 -9999.000 -9999.000 -9999.000 -9999.000 -9999.000 -9999.000 -9999.000 -9999.000 -9999.000 -9999.000 -9999.000 -9999.000 -9999.000 -9999.000 -9999.000 -9999.000 -9999.000 -9999.000
-9999.000 -9999.000 -9999.000 -9999.000 -9999.000 -9999.000 -9999.000 -9999.000 -9999.000 -9999.000 -9999.000 -9999.000 -9999.000 -9999.000 -9999.000 0.2658297 0.2661233 0.2660153 0.2658462 0.2656326 0.2653792 0.2650889 0.2647651 0.2644116 0.2640333 0.2636359 0.2632254 0.2628089 0.2624137 0.2627902 0.2627902 -9999.000 -9999.000 -9999.000 -9999.000 -9999.000 -9999.000 -9999.000 -9999.000 -9999.000 -9999.000 -9999.000 -9999.000 -9999.000 -9999.000 -9999.000 -9999.000 -9999.000 -9999.000 -9999.000 -9999.000 -9999.000 -9999.000 -9999.000 -9999.000 -9999.000 -9999.000 -9999.000
-9999.000 -9999.000 -9999.000 -9999.000 -9999.000 -9999.000 -9999.000 -9999.000 -9999.000 -9999.000 -9999.000 -9999.000 -9999.000 -9999.000 -9999.000 0.2679878 0.2682990 0.2681791 0.2679968 0.2677673 0.2674947 0.2671811 0.2668291 0.2664420 0.2660238 0.2655795 0.2651142 0.2646341 0.2641664 0.2645481 0.2645481 -9999.000 -9999.000 -9999.000 -9999.000 -9999.000 -9999.000 -9999.000 -9999.000 -9999.000 -9999.000 -9999.000 -9999.000 -9999.000 -9999.000 -9999.000 -9999.000 -9999.000 -9999.000 -9999.000 -9999.000 -9999.000 -9999.000 -9999.000 -9999.000 -9999.000 -9999.000 -9999.000
-9999.000 -9999.000 -9999.000 -9999.000 -9999.000 -9999.000 -9999.000 -9999.000 -9999.000 -9999.000 -9999.000 -9999.000 -9999.000 -9999.000 -9999.000 0.2701572 0.2704778 0.2703430 0.2701454 0.2698977 0.2696027 0.2692616 0.2688763 0.2684489 0.2679826 0.2674809 0.2669478 0.2663874 0.2658256 0.2661999 0.2661999 -9999.000 -9999.000 -9999.000 -9999.000 -9999.000 -9999.000 -9999.000 -9999.000 -9999.000 -9999.000 -9999.000 -9999.000 -9999.000 -9999.000 -9999.000 -9999.000 -9999.000 -9999.000 -9999.000 -9999.000 -9999.000 -9999.000 -9999.000 -9999.000 -9999.000 -9999.000 -9999.000
-9999.000 -9999.000 -9999.000 -9999.000 -9999.000 -9999.000 -9999.000 -9999.000 -9999.000 -9999.000 -9999.000 -9999.000 -9999.000 -9999.000 -9999.000 0.2723316 0.2726532 0.2725005 0.2722858 0.2720178 0.2716976 0.2713252 0.2709011 0.2704262 0.2699022 0.2693306 0.2687129 0.2680501 0.2673636 0.2677098 0.2677098 -9999.000 -9999.000 -9999.000 -9999.000 -9999.000 -9999.000 -9999.000 -9999.000 -9999.000 -9999.000 -9999.000 -9999.000 -9999.000 -9999.000 -9999.000 -9999.000 -9999.000 -9999.000 -9999.000 -9999.000 -9999.000 -9999.000 -9999.000 -9999.000 -9999.000 -9999.000 -9999.000
-9999.000 -9999.000 -9999.000 -9999.000 -9999.000 -9999.000 -9999.000 -9999.000 -9999.000 -9999.000 -9999.000 -9999.000 -9999.000 -9999.000 -9999.000 0.2745035 0.2748182 0.2746445 0.2744114 0.2741212 0.2737730 0.2733650 0.2728960 0.2723652 0.2717718 0.2711141 0.2703894 0.2695930 0.2687375 0.2690176 0.2690176 -9999.000 -9999.000 -9999.000 -9999.000 -9999.000 -9999.000 -9999.000 -9999.000 -9999.000 -9999.000 -9999.000 -9999.000 -9999.000 -9999.000 -9999.000 -9999.000 -9999.000 -9999.000 -9999.000 -9999.000 -9999.000 -9999.000 -9999.000 -9999.000 -9999.000 -9999.000 -9999.000
-9999.000 -9999.000 -9999.000 -9999.000 -9999.000 -9999.000 -9999.000 -9999.000 -9999.000 -9999.000 -9999.000 -9999.000 -9999.000 -9999.000 -9999.000 0.2766634 0.2769643 0.2767669 0.2765140 0.2761999 0.2758206 0.2753722 0.2748511 0.2742537 0.2735755 0.2728098 0.2719469 0.2709717 0.2698795 0.2700214 0.2700214 -9999.000 -9999.000 -9999.000 -9999.000 -9999.000 -9999.000 -9999.000 -9999.000 -9999.000 -9999.000 -9999.000 -9999.000 -9999.000 -9999.000 -9999.000 -9999.000 -9999.000 -9999.000 -9999.000 -9999.000 -9999.000 -9999.000 -9999.000 -9999.000 -9999.000 -9999.000 -9999.000
-9999.000 -9999.000 -9999.000 -9999.000 -9999.000 -9999.000 -9999.000 -9999.000 -9999.000 -9999.000 -9999.000 -9999.000 -9999.000 -9999.000 -9999.000 0.2787979 0.2790810 0.2788575 0.2785836 0.2782435 0.2778294 0.2773346 0.2767520 0.2760740 0.2752902 0.2743860 0.2733396 0.2721175 0.2706803 0.2705374 0.2705374 -9999.000 -9999.000 -9999.000 -9999.000 -9999.000 -9999.000 -9999.000 -9999.000 -9999.000 -9999.000 -9999.000 -9999.000 -9999.000 -9999.000 -9999.000 -9999.000 -9999.000 -9999.000 -9999.000 -9999.000 -9999.000 -9999.000 -9999.000 -9999.000 -9999.000 -9999.000 -9999.000
-9999.000 -9999.000 -9999.000 -9999.000 -9999.000 -9999.000 -9999.000 -9999.000 -9999.000 -9999.000 -9999.000 -9999.000 -9999.000 -9999.000 -9999.000 0.2808881 0.2811534 0.2809026 0.2806065 0.2802378 0.2797841 0.2792347 0.2785779 0.2777997 0.2768811 0.2757940 0.2744958 0.2729181 0.2709531 0.2702016 0.2702016 -9999.000 -9999.000 -9999.000 -9999.000 -9999.000 -9999.000 -9999.000 -9999.000 -9999.000 -9999.000 -9999.000 -9999.000 -9999.000 -9999.000 -9999.000 -9999.000 -9999.000 -9999.000 -9999.000 -9999.000 -9999.000 -9999.000 -9999.000 -9999.000 -9999.000 -9999.000 -9999.000
-9999.000 -9999.000 -9999.000 -9999.000 -9999.000 -9999.000 -9999.000 -9999.000 -9999.000 -9999.000 -9999.000 -9999.000 -9999.000 -9999.000 -9999.000 0.2828952 0.2831551 0.2828797 0.2825622 0.2821629 0.2816639 0.2810488 0.2802994 0.2793924 0.2782944 0.2769550 0.2752941 0.2731757 0.2703457 0.2681808 0.2681808 -9999.000 -9999.000 -9999.000 -9999.000 -9999.000 -9999.000 -9999.000 -9999.000 -9999.000 -9999.000 -9999.000 -9999.000 -9999.000 -9999.000 -9999.000 -9999.000 -9999.000 -9999.000 -9999.000 -9999.000 -9999.000 -9999.000 -9999.000 -9999.000 -9999.000 -9999.000 -9999.000
-9999.000 -9999.000 -9999.000 -9999.000 -9999.000 -9999.000 -9999.000 -9999.000 -9999.000 -9999.000 -9999.000 -9999.000 -9999.000 -9999.000 -9999.000 0.2839044 0.2847674 0.2846665 0.2844507 0.2840927 0.2835814 0.2829022 0.2820340 0.2809449 0.2795838 0.2778661 0.2756451 0.2726436 0.2682465 0.2618854 0.2618854 -9999.000 -9999.000 -9999.000 -9999.000 -9999.000 -9999.000 -9999.000 -9999.000 -9999.000 -9999.000 -9999.000 -9999.000 -9999.000 -9999.000 -9999.000 -9999.000 -9999.000 -9999.000 -9999.000 -9999.000 -9999.000 -9999.000 -9999.000 -9999.000 -9999.000 -9999.000 -9999.000
0.2394648 0.2394648 0.2283447 0.2215833 0.2194314 0.2194314 0.2181880 0.2512425 0.2512425 0.2593828 0.2593828 0.2674515 0.2721451 0.2776642 0.2844168 0.2844168 0.2923330 0.2926235 0.2926560 0.2923061 0.2914960 0.2901805 0.2883433 0.2859734 0.2830172 0.2792971 0.2743539 0.2670493 0.2542148 0.2206619 0.2206619 0.1024446 0.7793110E-01 0.7223392E-01 0.7630017E-01 0.7630017E-01 0.9112325E-01 0.9112325E-01 0.1138071 0.1138071 0.1411377 0.1794338 0.1794338 0.1828648 0.1828648 0.1827856 0.1827856 0.1827856 0.1779548 0.1779548 0.1738105 0.1738105 0.1704317 0.1704317 0.1650568 0.1650568 0.1615905 0.1615905
0.2385217 0.2385217 0.2277448 0.2211718 0.2190477 0.2190477 0.2177982 0.2512887 0.2512887 0.2589955 0.2589955 0.2668792 0.2713470 0.2762820 0.2815823 0.2815823 0.2862507 0.2866428 0.2869813 0.2871898 0.2871580 0.2867512 0.2858168 0.2841831 0.2816466 0.2779348 0.2726084 0.2648096 0.2525156 0.2286035 0.2286035 0.1459989 0.1186004 0.9840561E-01 0.9498244E-01 0.9498244E-01 0.9746764E-01 0.9746764E-01 0.1123798 0.1123798 0.1301949 0.1786562 0.1786562 0.1832988 0.1832988 0.1827612 0.1827612 0.1827612 0.1776211 0.1776211 0.1734851 0.1734851 0.1707458 0.1707458 0.1648136 0.1648136 0.1613749 0.1613749
0.2380270 0.2380270 0.2275370 0.2211245 0.2190251 0.2190251 0.2177741 0.2515513 0.2515513 0.2587144 0.2587144 0.2660318 0.2700008 0.2741863 0.2784429 0.2784429 0.2814555 0.2814738 0.2814734 0.2814419 0.2812988 0.2809187 0.2801414 0.2787710 0.2765653 0.2732061 0.2682328 0.2608750 0.2495414 0.2295432 0.2295432 0.1660496 0.1392351 0.1150286 0.1093101 0.1093101 0.1076143 0.1076143 0.1173780 0.1173780 0.1286986 0.1709427 0.1709427 0.1840579 0.1840579 0.1835746 0.1835746 0.1835746 0.1775637 0.1775637 0.1733760 0.1733760 0.1700550 0.1700550 0.1650739 0.1650739 0.1614737 0.1614737
0.2376421 0.2376421 0.2273611 0.2210832 0.2190102 0.2190102 0.2177610 0.2516633 0.2516633 0.2583517 0.2583517 0.2650457 0.2685207 0.2720409 0.2754699 0.2754699 0.2770341 0.2766383 0.2762600 0.2759011 0.2754929 0.2749186 0.2740236 0.2726164 0.2704611 0.2672565 0.2625856 0.2557875 0.2455595 0.2282401 0.2282401 0.1786243 0.1540163 0.1298250 0.1239439 0.1239439 0.1214052 0.1214052 0.1272057 0.1272057 0.1332477 0.1617581 0.1617581 0.1815806 0.1815806 0.1826935 0.1826935 0.1826935 0.1775044 0.1775044 0.1731375 0.1731375 0.1695734 0.1695734 0.1650687 0.1650687 0.1614293 0.1614293
0.2373541 0.2373541 0.2272206 0.2210457 0.2189965 0.2189965 0.2177483 0.2516463 0.2516463 0.2579002 0.2579002 0.2639358 0.2669155 0.2698024 0.2724783 0.2724783 0.2725339 0.2716694 0.2709126 0.2702459 0.2695871 0.2688139 0.2677723 0.2662777 0.2641108 0.2610030 0.2566029 0.2503798 0.2412824 0.2262206 0.2262206 0.1867471 0.1651998 0.1438125 0.1391829 0.1391829 0.1374069 0.1374069 0.1396546 0.1396546 0.1416897 0.1560549 0.1560549 0.1754960 0.1754960 0.1810135 0.1810135 0.1810135 0.1769056 0.1769056 0.1725860 0.1725860 0.1688809 0.1688809 0.1647627 0.1647627 0.1612443 0.1612443
0.2371542 0.2371542 0.2271190 0.2210156 0.2189850 0.2189850 0.2177355 0.2515396 0.2515396 0.2573870 0.2573870 0.2627578 0.2652460 0.2675103 0.2694385 0.2694385 0.2677502 0.2663264 0.2651640 0.2642057 0.2633373 0.2624150 0.2612743 0.2597318 0.2575841 0.2546000 0.2505091 0.2449390 0.2370782 0.2243478 0.2243478 0.1922487 0.1746205 0.1584009 0.1556995 0.1556995 0.1542403 0.1542403 0.1525117 0.1525117 0.1515112 0.1551706 0.1551706 0.1684238 0.1684238 0.1777262 0.1777262 0.1777262 0.1753572 0.1753572 0.1715596 0.1715596 0.1679458 0.1679458 0.1642018 0.1642018 0.1609492 0.1609492
0.2370365 0.2370365 0.2270578 0.2209961 0.2189775 0.2189775 0.2177226 0.2513726 0.2513726 0.2568390 0.2568390 0.2615628 0.2635711 0.2652164 0.2663625 0.2663625 0.2625329 0.2604363 0.2588207 0.2575729 0.2565315 0.2555188 0.2543480 0.2528271 0.2507627 0.2479602 0.2442522 0.2394920 0.2330913 0.2228199 0.2228199 0.1972048 0.1841074 0.1746416 0.1734232 0.1734232 0.1703182 0.1703182 0.1643418 0.1643418 0.1610780 0.1578059 0.1578059 0.1632646 0.1632646 0.1730220 0.1730220 0.1730220 0.1726342 0.1726342 0.1698621 0.1698621 0.1666798 0.1666798 0.1634115 0.1634115 0.1605642 0.1605642
0.2369976 0.2369976 0.2270374 0.2209893 0.2189747 0.2189747 0.2177104 0.2511655 0.2511655 0.2562801 0.2562801 0.2603946 0.2619433 0.2629756 0.2632859 0.2632859 0.2567178 0.2538205 0.2516947 0.2501523 0.2489708 0.2479278 0.2468036 0.2453854 0.2434807 0.2409274 0.2377027 0.2340555 0.2295967 0.2223892 0.2223892 0.2032541 0.1955043 0.1924174 0.1910843 0.1910843 0.1843285 0.1843285 0.1745487 0.1745487 0.1696689 0.1621397 0.1621397 0.1611032 0.1611032 0.1678632 0.1678632 0.1678632 0.1688865 0.1688865 0.1673885 0.1673885 0.1649850 0.1649850 0.1623822 0.1623822 0.1600941 0.1600941
0.2370365 0.2370365 0.2270579 0.2209960 0.2189771 0.2189771 0.2176995 0.2509303 0.2509303 0.2557310 0.2557310 0.2592898 0.2604086 0.2608449 0.2602676 0.2602676 0.2500952 0.2462647 0.2435697 0.2417259 0.2404373 0.2394300 0.2384398 0.2372162 0.2355577 0.2333236 0.2307190 0.2287963 0.2272205 0.2240793 0.2240793 0.2121933 0.2100985 0.2101550 0.2068610 0.2068610 0.1957587 0.1957587 0.1830779 0.1830779 0.1770750 0.1669026 0.1669026 0.1613745 0.1613745 0.1633265 0.1633265 0.1633265 0.1646349 0.1646349 0.1642351 0.1642351 0.1628285 0.1628285 0.1610978 0.1610978 0.1595429 0.1595429
0.2371543 0.2371543 0.2271190 0.2210155 0.2189843 0.2189843 0.2176907 0.2506705 0.2506705 0.2552095 0.2552095 0.2582780 0.2590055 0.2588776 0.2573897 0.2573897 0.2423829 0.2374940 0.2341817 0.2320346 0.2306696 0.2297686 0.2290200 0.2281034 0.2267960 0.2249550 0.2231835 0.2242628 0.2271770 0.2290584 0.2290584 0.2252455 0.2275168 0.2261633 0.2197589 0.2197589 0.2047710 0.2047710 0.1900508 0.1900508 0.1832615 0.1713935 0.1713935 0.1630000 0.1630000 0.1600205 0.1600205 0.1600205 0.1605221 0.1605221 0.1607061 0.1607061 0.1602933 0.1602933 0.1595831 0.1595831 0.1589213 0.1589213
