simulation_files/asc/Depth____282.0.asc
NCOLS        79
NROWS        79
XLLCENTER         -1.500000
YLLCENTER         -4.800000
CELLSIZE           0.100
NODATA_VALUE     -9999.0
[rows 0 to 25 of 79, columns 0 to 58 of 79]
-9999.000 -9999.000 -9999.000 -9999.000 -9999.000 -9999.000 -9999.000 -9999.000 -9999.000 -9999.000 -9999.000 -9999.000 -9999.000 -9999.000 -9999.000 0.7143136 0.7147874 0.7149272 0.7148586 0.7146571 0.7143954 0.7141047 0.7138047 0.7135177 0.7132438 0.7129896 0.7127529 0.7125024 0.7121287 0.7120888 0.7120888 -9999.000 -9999.000 -9999.000 -9999.000 -9999.000 -9999.000 -9999.000 -9999.000 -9999.000 -9999.000 -9999.000 -9999.000 -9999.000 -9999.000 -9999.000 -9999.000 -9999.000 -9999.000 -9999.000 -9999.000 -9999.000 -9999.000 -9999.000 -9999.000 -9999.000 -9999.000 -9999.000 -9999.000
-9999.000 -9999.000 -9999.000 -9999.000 -9999.000 -9999.000 -9999.000 -9999.000 -9999.000 -9999.000 -9999.000 -9999.000 -9999.000 -9999.000 -9999.000 0.7160937 0.7165313 0.7166452 0.7165878 0.7164248 0.7162179 0.7159917 0.7157616 0.7155448 0.7153403 0.7151529 0.7149798 0.7147928 0.7144946 0.7145398 0.7145398 -9999.000 -9999.000 -9999.000 -9999.000 -9999.000 -9999.000 -9999.000 -9999.000 -9999.000 -9999.000 -9999.000 -9999.000 -9999.000 -9999.000 -9999.000 -9999.000 -9999.000 -9999.000 -9999.000 -9999.000 -9999.000 -9999.000 -9999.000 -9999.000 -9999.000 -9999.000 -9999.000 -9999.000
-9999.000 -9999.000 -9999.000 -9999.000 -9999.000 -9999.000 -9999.000 -9999.000 -9999.000 -9999.000 -9999.000 -9999.000 -9999.000 -9999.000 -9999.000 0.7180055 0.7184774 0.7186016 0.7185509 0.7183936 0.7181931 0.7179747 0.7177535 0.7175471 0.7173531 0.7171757 0.7170106 0.7168276 0.7165229 0.7165641 0.7165641 -9999.000 -9999.000 -9999.000 -9999.000 -9999.000 -9999.000 -9999.000 -9999.000 -9999.000 -9999.000 -9999.000 -9999.000 -9999.000 -9999.000 -9999.000 -9999.000 -9999.000 -9999.000 -9999.000 -9999.000 -9999.000 -9999.000 -9999.000 -9999.000 -9999.000 -9999.000 -9999.000 -9999.000
-9999.000 -9999.000 -9999.000 -9999.000 -9999.000 -9999.000 -9999.000 -9999.000 -9999.000 -9999.000 -9999.000 -9999.000 -9999.000 -9999.000 -9999.000 0.7199683 0.7204615 0.7205908 0.7205411 0.7203828 0.7201817 0.7199629 0.7197419 0.7195367 0.7193437 0.7191672 0.7190024 0.7188165 0.7184992 0.7185189 0.7185189 -9999.000 -9999.000 -9999.000 -9999.000 -9999.000 -9999.000 -9999.000 -9999.000 -9999.000 -9999.000 -9999.000 -9999.000 -9999.000 -9999.000 -9999.000 -9999.000 -9999.000 -9999.000 -9999.000 -9999.000 -9999.000 -9999.000 -9999.000 -9999.000 -9999.000 -9999.000 -9999.000 -9999.000
-9999.000 -9999.000 -9999.000 -9999.000 -9999.000 -9999.000 -9999.000 -9999.000 -9999.000 -9999.000 -9999.000 -9999.000 -9999.000 -9999.000 -9999.000 0.7219513 0.7224606 0.7225923 0.7225406 0.7223781 0.7221728 0.7219499 0.7217250 0.7215167 0.7213205 0.7211410 0.7209727 0.7207803 0.7204453 0.7204291 0.7204291 -9999.000 -9999.000 -9999.000 -9999.000 -9999.000 -9999.000 -9999.000 -9999.000 -9999.000 -9999.000 -9999.000 -9999.000 -9999.000 -9999.000 -9999.000 -9999.000 -9999.000 -9999.000 -9999.000 -9999.000 -9999.000 -9999.000 -9999.000 -9999.000 -9999.000 -9999.000 -9999.000 -9999.000
-9999.000 -9999.000 -9999.000 -9999.000 -9999.000 -9999.000 -9999.000 -9999.000 -9999.000 -9999.000 -9999.000 -9999.000 -9999.000 -9999.000 -9999.000 0.7239410 0.7244636 0.7245963 0.7245409 0.7243725 0.7241613 0.7239323 0.7237016 0.7234885 0.7232871 0.7231026 0.7229288 0.7227275 0.7223703 0.7223043 0.7223043 -9999.000 -9999.000 -9999.000 -9999.000 -9999.000 -9999.000 -9999.000 -9999.000 -9999.000 -9999.000 -9999.000 -9999.000 -9999.000 -9999.000 -9999.000 -9999.000 -9999.000 -9999.000 -9999.000 -9999.000 -9999.000 -9999.000 -9999.000 -9999.000 -9999.000 -9999.000 -9999.000 -9999.000
-9999.000 -9999.000 -9999.000 -9999.000 -9999.000 -9999.000 -9999.000 -9999.000 -9999.000 -9999.000 -9999.000 -9999.000 -9999.000 -9999.000 -9999.000 0.7259312 0.7264657 0.7265980 0.7265377 0.7263622 0.7261442 0.7259083 0.7256708 0.7254520 0.7252443 0.7250537 0.7248733 0.7246611 0.7242771 0.7241448 0.7241448 -9999.000 -9999.000 -9999.000 -9999.000 -9999.000 -9999.000 -9999.000 -9999.000 -9999.000 -9999.000 -9999.000 -9999.000 -9999.000 -9999.000 -9999.000 -9999.000 -9999.000 -9999.000 -9999.000 -9999.000 -9999.000 -9999.000 -9999.000 -9999.000 -9999.000 -9999.000 -9999.000 -9999.000
-9999.000 -9999.000 -9999.000 -9999.000 -9999.000 -9999.000 -9999.000 -9999.000 -9999.000 -9999.000 -9999.000 -9999.000 -9999.000 -9999.000 -9999.000 0.7279185 0.7284641 0.7285948 0.7285284 0.7283449 0.7281196 0.7278762 0.7276314 0.7274065 0.7271919 0.7269945 0.7268065 0.7265816 0.7261654 0.7259461 0.7259461 -9999.000 -9999.000 -9999.000 -9999.000 -9999.000 -9999.000 -9999.000 -9999.000 -9999.000 -9999.000 -9999.000 -9999.000 -9999.000 -9999.000 -9999.000 -9999.000 -9999.000 -9999.000 -9999.000 -9999.000 -9999.000 -9999.000 -9999.000 -9999.000 -9999.000 -9999.000 -9999.000 -9999.000
-9999.000 -9999.000 -9999.000 -9999.000 -9999.000 -9999.000 -9999.000 -9999.000 -9999.000 -9999.000 -9999.000 -9999.000 -9999.000 -9999.000 -9999.000 0.7299010 0.7304570 0.7305848 0.7305112 0.7303189 0.7300858 0.7298347 0.7295821 0.7293509 0.7291287 0.7289240 0.7287275 0.7284877 0.7280332 0.7276992 0.7276992 -9999.000 -9999.000 -9999.000 -9999.000 -9999.000 -9999.000 -9999.000 -9999.000 -9999.000 -9999.000 -9999.000 -9999.000 -9999.000 -9999.000 -9999.000 -9999.000 -9999.000 -9999.000 -9999.000 -9999.000 -9999.000 -9999.000 -9999.000 -9999.000 -9999.000 -9999.000 -9999.000 -9999.000
-9999.000 -9999.000 -9999.000 -9999.000 -9999.000 -9999.000 -9999.000 -9999.000 -9999.000 -9999.000 -9999.000 -9999.000 -9999.000 -9999.000 -9999.000 0.7318768 0.7324430 0.7325664 0.7324845 0.7322823 0.7320411 0.7317817 0.7315210 0.7312834 0.7310531 0.7308405 0.7306346 0.7303775 0.7298772 0.7293906 0.7293906 -9999.000 -9999.000 -9999.000 -9999.000 -9999.000 -9999.000 -9999.000 -9999.000 -9999.000 -9999.000 -9999.000 -9999.000 -9999.000 -9999.000 -9999.000 -9999.000 -9999.000 -9999.000 -9999.000 -9999.000 -9999.000 -9999.000 -9999.000 -9999.000 -9999.000 -9999.000 -9999.000 -9999.000
-9999.000 -9999.000 -9999.000 -9999.000 -9999.000 -9999.000 -9999.000 -9999.000 -9999.000 -9999.000 -9999.000 -9999.000 -9999.000 -9999.000 -9999.000 0.7338440 0.7344202 0.7345378 0.7344460 0.7342331 0.7339832 0.7337151 0.7334459 0.7332019 0.7329627 0.7327416 0.7325251 0.7322475 0.7316920 0.7309998 0.7309998 -9999.000 -9999.000 -9999.000 -9999.000 -9999.000 -9999.000 -9999.000 -9999.000 -9999.000 -9999.000 -9999.000 -9999.000 -9999.000 -9999.000 -9999.000 -9999.000 -9999.000 -9999.000 -9999.000 -9999.000 -9999.000 -9999.000 -9999.000 -9999.000 -9999.000 -9999.000 -9999.000 -9999.000
-9999.000 -9999.000 -9999.000 -9999.000 -9999.000 -9999.000 -9999.000 -9999.000 -9999.000 -9999.000 -9999.000 -9999.000 -9999.000 -9999.000 -9999.000 0.7357998 0.7363865 0.7364964 0.7363932 0.7361682 0.7359092 0.7356321 0.7353539 0.7351032 0.7348543 0.7346238 0.7343952 0.7340931 0.7334703 0.7324963 0.7324963 -9999.000 -9999.000 -9999.000 -9999.000 -9999.000 -9999.000 -9999.000 -9999.000 -9999.000 -9999.000 -9999.000 -9999.000 -9999.000 -9999.000 -9999.000 -9999.000 -9999.000 -9999.000 -9999.000 -9999.000 -9999.000 -9999.000 -9999.000 -9999.000 -9999.000 -9999.000 -9999.000 -9999.000
-9999.000 -9999.000 -9999.000 -9999.000 -9999.000 -9999.000 -9999.000 -9999.000 -9999.000 -9999.000 -9999.000 -9999.000 -9999.000 -9999.000 -9999.000 0.7377399 0.7383378 0.7384386 0.7383222 0.7380841 0.7378155 0.7375287 0.7372411 0.7369835 0.7367236 0.7364824 0.7362395 0.7359075 0.7352015 0.7338330 0.7338330 -9999.000 -9999.000 -9999.000 -9999.000 -9999.000 -9999.000 -9999.000 -9999.000 -9999.000 -9999.000 -9999.000 -9999.000 -9999.000 -9999.000 -9999.000 -9999.000 -9999.000 -9999.000 -9999.000 -9999.000 -9999.000 -9999.000 -9999.000 -9999.000 -9999.000 -9999.000 -9999.000 -9999.000
-9999.000 -9999.000 -9999.000 -9999.000 -9999.000 -9999.000 -9999.000 -9999.000 -9999.000 -9999.000 -9999.000 -9999.000 -9999.000 -9999.000 -9999.000 0.7395532 0.7401973 0.7403302 0.7402384 0.7399955 0.7397191 0.7394218 0.7391223 0.7388552 0.7385799 0.7383239 0.7380615 0.7376905 0.7368792 0.7349469 0.7349469 -9999.000 -9999.000 -9999.000 -9999.000 -9999.000 -9999.000 -9999.000 -9999.000 -9999.000 -9999.000 -9999.000 -9999.000 -9999.000 -9999.000 -9999.000 -9999.000 -9999.000 -9999.000 -9999.000 -9999.000 -9999.000 -9999.000 -9999.000 -9999.000 -9999.000 -9999.000 -9999.000 -9999.000
-9999.000 -9999.000 -9999.000 -9999.000 -9999.000 -9999.000 -9999.000 -9999.000 -9999.000 -9999.000 -9999.000 -9999.000 -9999.000 -9999.000 -9999.000 0.7323954 0.7391340 0.7426100 0.7441716 0.7440211 0.7434346 0.7428160 0.7422075 0.7416666 0.7411457 0.7406805 0.7402349 0.7396699 0.7385437 0.7350613 0.7350613 -9999.000 -9999.000 -9999.000 -9999.000 -9999.000 -9999.000 -9999.000 -9999.000 -9999.000 -9999.000 -9999.000 -9999.000 -9999.000 -9999.000 -9999.000 -9999.000 -9999.000 -9999.000 -9999.000 -9999.000 -9999.000 -9999.000 -9999.000 -9999.000 -9999.000 -9999.000 -9999.000 -9999.000
0.8207512 0.8207512 0.8217195 0.8073533 0.7995919 0.7995919 0.7961541 0.7908138 0.7908138 0.7865036 0.7865036 0.7829012 0.7812964 0.7797942 0.7783158 0.7783158 0.7455663 0.7442180 0.7427567 0.7429603 0.7442496 0.7459592 0.7481313 0.7509761 0.7536268 0.7562349 0.7582849 0.7583060 0.7520744 0.7231308 0.7231308 0.5109072 0.4733467 0.4503583 0.4425879 0.4425879 0.4301121 0.4301121 0.4310409 0.4310409 0.4411584 0.4882291 0.4882291 0.5861077 0.5861077 0.6495118 0.6495118 0.6495118 0.6513385 0.6513385 0.6413866 0.6413866 0.6270989 0.6270989 0.6120217 0.6120217 0.5980395 0.5980395 0.5980395
0.8176898 0.8176898 0.8207183 0.8053828 0.7987704 0.7987704 0.7951272 0.7897158 0.7897158 0.7854227 0.7854227 0.7818390 0.7802416 0.7787467 0.7772764 0.7772764 0.7489813 0.7433008 0.7382208 0.7342305 0.7312202 0.7290198 0.7277313 0.7275259 0.7281285 0.7295566 0.7315775 0.7335188 0.7335654 0.7234693 0.7234693 0.5800589 0.5247553 0.4695696 0.4538949 0.4538949 0.4353557 0.4353557 0.4354956 0.4354956 0.4450436 0.4865485 0.4865485 0.5630603 0.5630603 0.6449261 0.6449261 0.6449261 0.6504986 0.6504986 0.6415039 0.6415039 0.6275004 0.6275004 0.6126060 0.6126060 0.5986950 0.5986950 0.5986950
0.8160082 0.8160082 0.8204724 0.8049024 0.7989689 0.7989689 0.7951881 0.7896719 0.7896719 0.7853742 0.7853742 0.7817906 0.7801912 0.7786939 0.7772118 0.7772118 0.7515959 0.7422711 0.7337208 0.7263048 0.7201275 0.7151300 0.7113366 0.7088451 0.7075152 0.7073194 0.7081177 0.7094375 0.7099018 0.7037722 0.7037722 0.6137232 0.5568389 0.4879203 0.4669858 0.4669858 0.4447946 0.4447946 0.4489517 0.4489517 0.4609798 0.5001317 0.5001317 0.5570646 0.5570646 0.6356753 0.6356753 0.6356753 0.6464185 0.6464185 0.6398910 0.6398910 0.6268452 0.6268452 0.6123320 0.6123320 0.5986328 0.5986328 0.5986328
0.8146755 0.8146755 0.8201488 0.8045700 0.7991189 0.7991189 0.7952651 0.7896577 0.7896577 0.7853639 0.7853639 0.7817892 0.7801911 0.7786937 0.7771953 0.7771953 0.7532558 0.7408328 0.7289720 0.7182950 0.7091008 0.7014540 0.6953706 0.6908817 0.6878790 0.6862755 0.6859335 0.6864925 0.6869227 0.6830829 0.6830829 0.6264632 0.5764415 0.5054529 0.4827368 0.4827368 0.4625121 0.4625121 0.4746520 0.4746520 0.4890635 0.5220149 0.5220149 0.5579578 0.5579578 0.6215305 0.6215305 0.6215305 0.6371771 0.6371771 0.6348538 0.6348538 0.6240712 0.6240712 0.6107187 0.6107187 0.5977567 0.5977567 0.5977567
0.8136694 0.8136694 0.8197985 0.8043441 0.7992183 0.7992183 0.7953265 0.7896439 0.7896439 0.7853545 0.7853545 0.7817890 0.7801922 0.7786952 0.7771708 0.7771708 0.7535680 0.7384264 0.7235007 0.7097428 0.6976254 0.6873365 0.6789351 0.6724398 0.6677678 0.6648066 0.6634021 0.6632457 0.6635481 0.6613483 0.6613483 0.6257893 0.5852429 0.5203286 0.5003365 0.5003365 0.4909827 0.4909827 0.5126354 0.5126354 0.5262892 0.5467303 0.5467303 0.5624695 0.5624695 0.6055380 0.6055380 0.6055380 0.6236637 0.6236637 0.6262514 0.6262514 0.6190143 0.6190143 0.6077939 0.6077939 0.5962346 0.5962346 0.5962346
0.8129705 0.8129705 0.8194847 0.8042022 0.7992797 0.7992797 0.7953697 0.7896326 0.7896326 0.7853473 0.7853473 0.7817894 0.7801935 0.7786961 0.7771336 0.7771336 0.7522379 0.7345402 0.7167802 0.7001697 0.6853082 0.6724754 0.6617830 0.6532647 0.6468668 0.6424852 0.6399672 0.6390455 0.6391085 0.6380650 0.6380650 0.6162179 0.5855482 0.5338235 0.5223244 0.5223244 0.5324594 0.5324594 0.5579688 0.5579688 0.5658652 0.5696603 0.5696603 0.5686691 0.5686691 0.5909522 0.5909522 0.5909522 0.6080399 0.6080399 0.6146713 0.6146713 0.6116536 0.6116536 0.6034732 0.6034732 0.5940571 0.5940571 0.5940571
0.8125601 0.8125601 0.8192670 0.8041251 0.7993122 0.7993122 0.7953940 0.7896240 0.7896240 0.7853411 0.7853411 0.7817879 0.7801923 0.7786948 0.7770784 0.7770784 0.7489803 0.7286807 0.7082493 0.6890234 0.6716590 0.6564803 0.6436316 0.6331640 0.6250507 0.6192091 0.6155066 0.6137204 0.6133873 0.6130872 0.6130872 0.6004561 0.5796433 0.5505362 0.5546803 0.5546803 0.5854421 0.5854421 0.6020710 0.6020710 0.6007510 0.5886891 0.5886891 0.5755946 0.5755946 0.5797318 0.5797318 0.5797318 0.5926074 0.5926074 0.6012309 0.6012309 0.6022334 0.6022334 0.5977126 0.5977126 0.5911650 0.5911650 0.5911650
0.8124252 0.8124252 0.8191887 0.8041009 0.7993225 0.7993225 0.7954022 0.7896211 0.7896211 0.7853388 0.7853388 0.7817869 0.7801915 0.7786942 0.7770031 0.7770031 0.7434203 0.7202974 0.6972731 0.6756559 0.6560714 0.6388289 0.6240687 0.6118411 0.6021329 0.5948818 0.5899828 0.5872617 0.5863913 0.5865422 0.5865422 0.5805653 0.5705367 0.5789023 0.6036748 0.6036748 0.6412501 0.6412501 0.6376421 0.6376421 0.6275100 0.6038843 0.6038843 0.5827818 0.5827818 0.5723721 0.5723721 0.5723721 0.5790956 0.5790956 0.5872966 0.5872966 0.5913165 0.5913165 0.5906275 0.5906275 0.5875425 0.5875425 0.5875425
0.8125609 0.8125609 0.8192663 0.8041252 0.7993124 0.7993124 0.7953941 0.7896240 0.7896240 0.7853411 0.7853411 0.7817879 0.7801922 0.7786948 0.7768990 0.7768990 0.7350021 0.7086993 0.6830956 0.6593053 0.6378251 0.6188792 0.6025561 0.5888756 0.5778154 0.5693223 0.5633149 0.5596671 0.5582018 0.5588010 0.5588010 0.5589704 0.5639124 0.6281663 0.6677504 0.6677504 0.6875639 0.6875639 0.6627193 0.6627193 0.6468106 0.6162254 0.6162254 0.5899526 0.5899526 0.5684148 0.5684148 0.5684148 0.5684040 0.5684040 0.5741614 0.5741614 0.5797299 0.5797299 0.5825538 0.5825538 0.5832803 0.5832803 0.5832803
0.8129719 0.8129719 0.8194835 0.8042025 0.7992802 0.7992802 0.7953699 0.7896326 0.7896326 0.7853473 0.7853473 0.7817895 0.7801934 0.7786962 0.7767561 0.7767561 0.7228685 0.6929402 0.6647508 0.6390366 0.6160489 0.5958487 0.5784181 0.5637100 0.5516669 0.5422266 0.5353196 0.5308675 0.5289271 0.5307590 0.5307590 0.5404096 0.5715933 0.6977425 0.7316417 0.7316417 0.7179359 0.7179359 0.6797131 0.6797131 0.6608924 0.6264617 0.6264617 0.5967551 0.5967551 0.5669573 0.5669573 0.5669573 0.5606625 0.5606625 0.5627812 0.5627812 0.5684268 0.5684268 0.5740461 0.5740461 0.5786053 0.5786053 0.5786053
0.8136712 0.8136712 0.8197966 0.8043445 0.7992187 0.7992187 0.7953270 0.7896441 0.7896441 0.7853546 0.7853546 0.7817891 0.7801922 0.7786952 0.7765555 0.7765555 0.7056292 0.6716211 0.6409156 0.6136389 0.5896568 0.5687787 0.5508240 0.5356417 0.5231138 0.5131513 0.5056828 0.5006932 0.4988208 0.5052107 0.5052107 0.5366172 0.6118877 0.7679236 0.7757103 0.7757103 0.7352835 0.7352835 0.6915801 0.6915801 0.6715027 0.6349103 0.6349103 0.6028367 0.6028367 0.5670757 0.5670757 0.5670757 0.5555184 0.5555184 0.5536802 0.5536802 0.5583085 0.5583085 0.5658240 0.5658240 0.5738995 0.5738995 0.5738995
