simulation_files/asc/Depth____46.0.asc
NCOLS       411
NROWS       131
XLLCENTER    2538020.000000
YLLCENTER    1152390.000000
CELLSIZE           1.000
NODATA_VALUE     -9999.0
[rows 27 to 53 of 131, columns 295 to 353 of 411]
0.3308865 0.3327878 0.3337054 0.3376328 0.3347456 0.3311631 0.3293102 0.3284787 0.3245979 0.3243400 0.3283644 0.3349542 0.3372212 0.3447721 0.3561357 0.3639214 0.3768599 0.3903705 0.4029082 0.4064202 0.4180016 0.4334908 0.4467003 0.4636307 0.4880541 0.5192907 0.5478698 0.5984401 0.6583815 0.7187510 0.7757206 0.8054218 0.7631429 0.6631164 0.5485268 0.5096061 0.5052906 0.5010064 0.5007193 0.5006063 0.4980544 0.5002622 0.5022216 0.5020534 0.5004446 0.5059227 0.5143931 0.5199880 0.5229950 0.5276303 0.5265650 0.5237424 0.5233067 0.5225116 0.5173559 0.5135134 0.5137765 0.5100977 0.5105962
0.2617474 0.2621457 0.2705579 0.2783248 0.2822897 0.2840296 0.2876933 0.2888539 0.2854103 0.2846323 0.2848952 0.2863284 0.2880596 0.2946663 0.3017373 0.3049699 0.3147904 0.3252841 0.3330126 0.3402033 0.3535660 0.3696210 0.3836453 0.3989132 0.4187790 0.4373278 0.4629044 0.5010756 0.5517594 0.6100434 0.6893443 0.7828224 0.8467634 0.8068083 0.6457317 0.5147243 0.4755176 0.4658921 0.4617445 0.4595365 0.4534170 0.4523346 0.4517200 0.4451192 0.4444380 0.4465978 0.4526379 0.4529628 0.4606384 0.4673487 0.4697131 0.4691663 0.4697898 0.4678383 0.4601021 0.4579128 0.4567190 0.4548716 0.4515834
0.2004307 0.2051797 0.2138134 0.2225740 0.2253016 0.2320345 0.2408073 0.2476959 0.2463550 0.2476621 0.2478673 0.2444321 0.2464363 0.2503979 0.2554329 0.2547778 0.2606617 0.2681904 0.2707382 0.2818892 0.2957377 0.3121174 0.3241209 0.3443880 0.3649398 0.3828085 0.3986298 0.4222815 0.4521154 0.4849602 0.5484724 0.6352987 0.7288942 0.8017703 0.7863738 0.6055132 0.4593514 0.4341928 0.4229222 0.4149621 0.4081586 0.4059562 0.4040618 0.3978300 0.3952717 0.3938532 0.3912553 0.3897568 0.3940165 0.4016868 0.4062592 0.4134649 0.4212118 0.4222617 0.4224829 0.4204004 0.4169197 0.4096299 0.4079312
0.1665419 0.1645077 0.1695172 0.1741246 0.1741091 0.1779205 0.1834816 0.1895803 0.1968202 0.2055349 0.2087760 0.2047355 0.2046308 0.2051774 0.2045657 0.2030232 0.2064144 0.2119296 0.2142432 0.2218980 0.2341427 0.2458881 0.2598762 0.2818326 0.3048172 0.3216633 0.3299309 0.3324568 0.3220745 0.3098667 0.3205607 0.3607816 0.4247509 0.5447603 0.6953835 0.7148062 0.5528909 0.4330516 0.4008020 0.3838788 0.3763499 0.3696959 0.3643385 0.3583731 0.3579679 0.3556422 0.3461232 0.3408952 0.3380348 0.3383696 0.3345876 0.3431031 0.3529676 0.3625683 0.3599349 0.3660286 0.3699847 0.3638827 0.3652051
0.1437501 0.1380548 0.1376846 0.1373422 0.1344865 0.1330203 0.1320536 0.1323689 0.1439679 0.1593113 0.1691867 0.1688260 0.1675866 0.1654700 0.1590537 0.1575549 0.1581267 0.1606489 0.1616192 0.1700515 0.1807921 0.1862763 0.1992256 0.2155268 0.2342117 0.2245825 0.2157081 0.1955556 0.1763666 0.1552970 0.1515642 0.1644999 0.2089818 0.3227850 0.5138303 0.6625415 0.5657476 0.4380662 0.3886445 0.3677852 0.3568118 0.3465402 0.3361299 0.3302462 0.3326242 0.3343683 0.3300443 0.3223974 0.3138942 0.3051792 0.2966229 0.2891983 0.2827832 0.2746465 0.2723333 0.2850526 0.3020314 0.3119106 0.3196651
0.1169723 0.1134635 0.1135206 0.1124210 0.1053643 0.9991251E-01 0.9595057E-01 0.9762046E-01 0.1104947 0.1265248 0.1367260 0.1374127 0.1370427 0.1347510 0.1297647 0.1264156 0.1250229 0.1240745 0.1269482 0.1342557 0.1411439 0.1425678 0.1385473 0.1334763 0.1174703 0.1042539 0.1028254 0.1034133 0.1035617 0.1046748 0.1050630 0.1118914 0.1373453 0.2171213 0.3725745 0.5206168 0.4851629 0.3951997 0.3700659 0.3488771 0.3328701 0.3187081 0.3045654 0.3012734 0.3086137 0.3194952 0.3190556 0.3150891 0.3053424 0.2858246 0.2683890 0.2500039 0.2332429 0.2190702 0.2145946 0.2279807 0.2530410 0.2692384 0.2791374
0.9681191E-01 0.9763417E-01 0.9929792E-01 0.9708689E-01 0.8990896E-01 0.8297108E-01 0.8141960E-01 0.8737832E-01 0.1009490 0.1159230 0.1207855 0.1180987 0.1143229 0.1117996 0.1086452 0.1067508 0.1052265 0.1016071 0.1035024 0.1058935 0.1053572 0.9352820E-01 0.7842134E-01 0.6085865E-01 0.4526445E-01 0.4455887E-01 0.5743247E-01 0.7076744E-01 0.8144470E-01 0.8796811E-01 0.9236979E-01 0.9935688E-01 0.1167893 0.1713600 0.2753036 0.3621900 0.3534387 0.3244315 0.3321979 0.3269496 0.3016568 0.2768834 0.2617576 0.2576788 0.2647866 0.2696836 0.2684030 0.2611418 0.2496075 0.2300187 0.2174316 0.2084661 0.1991221 0.1907962 0.1955728 0.2140435 0.2356681 0.2471950 0.2539132
0.9204231E-01 0.9475082E-01 0.9422014E-01 0.8911487E-01 0.8246231E-01 0.7716756E-01 0.7674240E-01 0.8321725E-01 0.9663881E-01 0.1098812 0.1132494 0.1087688 0.1035949 0.1012082 0.9931131E-01 0.9536776E-01 0.9046242E-01 0.8584008E-01 0.8322336E-01 0.8058940E-01 0.7008123E-01 0.5197058E-01 0.3792736E-01 0.2957056E-01 0.2805275E-01 0.3334841E-01 0.4072047E-01 0.5111611E-01 0.6190134E-01 0.6868263E-01 0.7578611E-01 0.8475961E-01 0.9908276E-01 0.1398993 0.2052796 0.2477804 0.2384730 0.2417044 0.2728563 0.2970255 0.2803327 0.2469756 0.2187239 0.2096685 0.2104904 0.1997454 0.1860989 0.1735386 0.1640688 0.1562132 0.1597396 0.1649145 0.1699132 0.1794260 0.2001406 0.2250908 0.2409496 0.2451474 0.2466642
0.1002164 0.9723297E-01 0.8893822E-01 0.7943586E-01 0.7330877E-01 0.6853031E-01 0.6778057E-01 0.7583979E-01 0.9289491E-01 0.1090734 0.1132482 0.1035994 0.9702454E-01 0.9523854E-01 0.9051836E-01 0.8448527E-01 0.7671431E-01 0.6899771E-01 0.6489148E-01 0.6037797E-01 0.4615038E-01 0.2702754E-01 -9999.000 -9999.000 -9999.000 -9999.000 -9999.000 0.3241078E-01 0.3904798E-01 0.4628648E-01 0.5512699E-01 0.6508545E-01 0.8360455E-01 0.1131682 0.1434151 0.1599024 0.1652639 0.1803582 0.2070215 0.2328863 0.2404680 0.2286236 0.2029210 0.1759086 0.1598099 0.1367578 0.1198797 0.1136793 0.1107067 0.1146069 0.1210638 0.1323680 0.1498347 0.1794048 0.2118963 0.2375574 0.2514275 0.2526087 0.2490111
0.1134680 0.1067509 0.8942452E-01 0.7540906E-01 0.6822874E-01 0.6534587E-01 0.6900096E-01 0.8105319E-01 0.9610851E-01 0.1069882 0.1055942 0.9359296E-01 0.8756234E-01 0.8312159E-01 0.7732494E-01 0.7077524E-01 0.6255460E-01 0.5532233E-01 0.4997695E-01 0.4440870E-01 0.2854818E-01 0.1489581E-01 -9999.000 -9999.000 -9999.000 -9999.000 0.1767887E-01 0.2473449E-01 0.3278635E-01 0.3793164E-01 0.4370579E-01 0.4809869E-01 0.6763564E-01 0.9089641E-01 0.1082492 0.1203911 0.1247670 0.1431024 0.1628974 0.1821330 0.1922231 0.1999280 0.1908601 0.1567654 0.1246935 0.1032003 0.9407413E-01 0.9246259E-01 0.9549788E-01 0.1023631 0.1123718 0.1283509 0.1525914 0.1815872 0.2088669 0.2281344 0.2395001 0.2454833 0.2464144
0.1146687 0.1107806 0.9056737E-01 0.7706103E-01 0.6861335E-01 0.6408503E-01 0.6991455E-01 0.8382601E-01 0.9635756E-01 0.1026960 0.9725720E-01 0.8070822E-01 0.7624581E-01 0.7122120E-01 0.6497994E-01 0.5792767E-01 0.5103883E-01 0.4521311E-01 0.3953925E-01 0.3321749E-01 0.2137479E-01 -9999.000 -9999.000 -9999.000 -9999.000 -9999.000 -9999.000 0.1970098E-01 0.2421832E-01 0.3120434E-01 0.3606895E-01 0.4217450E-01 0.5341716E-01 0.7084267E-01 0.9008807E-01 0.1045071 0.1110974 0.1226701 0.1396624 0.1541515 0.1633169 0.1705748 0.1823821 0.1613675 0.1129023 0.9265326E-01 0.8734711E-01 0.8760270E-01 0.9200464E-01 0.1007480 0.1132179 0.1328904 0.1601638 0.1903183 0.2146535 0.2283400 0.2353725 0.2421382 0.2476851
0.9348537E-01 0.9058924E-01 0.8791507E-01 0.8486692E-01 0.7990123E-01 0.7381502E-01 0.7881724E-01 0.8893805E-01 0.9749484E-01 0.9886868E-01 0.8612653E-01 0.7213502E-01 0.6704444E-01 0.6156111E-01 0.5375355E-01 0.4646804E-01 0.4205871E-01 0.3545599E-01 0.2693066E-01 0.2051248E-01 0.1454883E-01 -9999.000 -9999.000 -9999.000 -9999.000 -9999.000 -9999.000 -9999.000 -9999.000 0.2500454E-01 0.3005414E-01 0.3850964E-01 0.4629503E-01 0.6175453E-01 0.8314155E-01 0.9802095E-01 0.1058245 0.1180847 0.1321513 0.1426828 0.1509113 0.1586337 0.1678158 0.1631427 0.1226802 0.8634299E-01 0.8107765E-01 0.8177077E-01 0.8908679E-01 0.1008446 0.1186683 0.1451359 0.1764203 0.2029890 0.2200904 0.2272967 0.2318687 0.2356065 0.2374099
0.8186505E-01 0.7477699E-01 0.7703580E-01 0.8286446E-01 0.8979923E-01 0.9494368E-01 0.1099574 0.1137213 0.1128877 0.9959332E-01 0.7287394E-01 0.6129401E-01 0.5464702E-01 0.4886602E-01 0.4098941E-01 0.3612749E-01 0.3011957E-01 0.2158291E-01 0.1368760E-01 -9999.000 -9999.000 -9999.000 -9999.000 -9999.000 -9999.000 -9999.000 -9999.000 -9999.000 -9999.000 -9999.000 0.2026631E-01 0.2923365E-01 0.3768885E-01 0.5767286E-01 0.7990911E-01 0.9244038E-01 0.1011112 0.1134490 0.1260689 0.1358237 0.1435805 0.1511849 0.1588218 0.1629739 0.1306676 0.9120253E-01 0.7973570E-01 0.8342541E-01 0.9469403E-01 0.1125666 0.1394531 0.1752080 0.2033695 0.2209472 0.2292386 0.2331213 0.2338859 0.2316927 0.2269660
0.8175487E-01 0.7427313E-01 0.7362716E-01 0.8183764E-01 0.9427986E-01 0.1149443 0.1327717 0.1332373 0.1200319 0.8958799E-01 0.6548762E-01 0.5173600E-01 0.4120197E-01 0.3439749E-01 0.2749674E-01 0.2087165E-01 0.1581251E-01 -9999.000 -9999.000 -9999.000 -9999.000 -9999.000 -9999.000 -9999.000 -9999.000 -9999.000 -9999.000 -9999.000 -9999.000 -9999.000 -9999.000 -9999.000 0.3190674E-01 0.5153674E-01 0.7546329E-01 0.8733908E-01 0.9612992E-01 0.1087685 0.1214410 0.1306524 0.1385346 0.1459058 0.1532163 0.1598395 0.1463564 0.1019213 0.8934354E-01 0.9756060E-01 0.1179457 0.1448222 0.1800665 0.2145244 0.2364936 0.2450819 0.2466057 0.2419335 0.2303297 0.2157015 0.2083561
0.9301274E-01 0.8592610E-01 0.7981047E-01 0.8188807E-01 0.8828652E-01 0.1038446 0.1082358 0.9506078E-01 0.7195317E-01 0.5464337E-01 0.4986592E-01 0.3920494E-01 0.2763947E-01 0.2057667E-01 -9999.000 -9999.000 -9999.000 -9999.000 -9999.000 -9999.000 -9999.000 -9999.000 -9999.000 -9999.000 -9999.000 -9999.000 -9999.000 -9999.000 -9999.000 -9999.000 -9999.000 -9999.000 -9999.000 0.4704784E-01 0.6906569E-01 0.8340696E-01 0.9581383E-01 0.1095559 0.1209675 0.1298001 0.1375259 0.1443554 0.1523143 0.1634747 0.1576376 0.1251575 0.1184750 0.1391611 0.1657021 0.1987934 0.2343772 0.2618996 0.2707542 0.2631973 0.2513950 0.2357264 0.2144598 0.1970170 0.1871982
0.9700446E-01 0.9808479E-01 0.9105400E-01 0.8254260E-01 0.8434700E-01 0.7998237E-01 0.6070543E-01 0.4506177E-01 0.2708939E-01 -9999.000 0.2767768E-01 -9999.000 -9999.000 -9999.000 -9999.000 -9999.000 -9999.000 -9999.000 -9999.000 -9999.000 -9999.000 -9999.000 -9999.000 -9999.000 -9999.000 -9999.000 -9999.000 -9999.000 -9999.000 -9999.000 -9999.000 -9999.000 0.1803806E-01 0.3615893E-01 0.6317457E-01 0.8166587E-01 0.9650516E-01 0.1109437 0.1214374 0.1292398 0.1359611 0.1426719 0.1517353 0.1650851 0.1727841 0.1649958 0.1743997 0.1968395 0.2227750 0.2493153 0.2720367 0.2805048 0.2686720 0.2482580 0.2345139 0.2197635 0.1979416 0.1837098 0.1794082
0.9147733E-01 0.9232502E-01 0.8853629E-01 0.7916891E-01 0.8005288E-01 0.5741690E-01 0.3225245E-01 -9999.000 -9999.000 -9999.000 -9999.000 -9999.000 -9999.000 -9999.000 -9999.000 -9999.000 -9999.000 -9999.000 -9999.000 -9999.000 -9999.000 -9999.000 -9999.000 -9999.000 -9999.000 -9999.000 -9999.000 -9999.000 -9999.000 -9999.000 -9999.000 -9999.000 -9999.000 0.3045654E-01 0.5403836E-01 0.7399645E-01 0.8916233E-01 0.1054988 0.1169084 0.1242755 0.1310504 0.1376693 0.1474670 0.1612418 0.1691986 0.1760145 0.1936166 0.2134084 0.2345855 0.2500685 0.2539547 0.2500585 0.2326431 0.2179767 0.2200554 0.2134125 0.1897819 0.1731876 0.1704166
0.5303333E-01 0.5713604E-01 0.6232145E-01 0.5931779E-01 0.5192027E-01 0.2813695E-01 0.1837424E-01 -9999.000 -9999.000 -9999.000 -9999.000 -9999.000 -9999.000 -9999.000 -9999.000 -9999.000 -9999.000 -9999.000 -9999.000 -9999.000 -9999.000 -9999.000 -9999.000 -9999.000 -9999.000 -9999.000 -9999.000 -9999.000 -9999.000 -9999.000 -9999.000 -9999.000 -9999.000 -9999.000 0.3871277E-01 0.5768188E-01 0.7259391E-01 0.9020003E-01 0.1051272 0.1147650 0.1228519 0.1307490 0.1419879 0.1547766 0.1630598 0.1702727 0.1808232 0.1943388 0.2080104 0.2111365 0.2055729 0.1951988 0.1817967 0.1863268 0.2117934 0.2125136 0.1859650 0.1673569 0.1620738
0.2664340E-01 0.3149643E-01 -9999.000 0.2797086E-01 -9999.000 -9999.000 -9999.000 -9999.000 -9999.000 -9999.000 -9999.000 -9999.000 -9999.000 -9999.000 -9999.000 -9999.000 -9999.000 -9999.000 -9999.000 -9999.000 -9999.000 -9999.000 -9999.000 -9999.000 -9999.000 -9999.000 -9999.000 -9999.000 -9999.000 -9999.000 -9999.000 -9999.000 -9999.000 -9999.000 0.2655497E-01 0.4020577E-01 0.5578547E-01 0.7092297E-01 0.8869346E-01 0.1031853 0.1145394 0.1255478 0.1413716 0.1552219 0.1615602 0.1649382 0.1682209 0.1784246 0.1840646 0.1780614 0.1688121 0.1568088 0.1509172 0.1775250 0.2146311 0.2119345 0.1808337 0.1641520 0.1580911
-9999.000 -9999.000 -9999.000 -9999.000 -9999.000 -9999.000 -9999.000 -9999.000 -9999.000 -9999.000 -9999.000 -9999.000 -9999.000 -9999.000 -9999.000 -9999.000 -9999.000 -9999.000 -9999.000 -9999.000 -9999.000 -9999.000 -9999.000 -9999.000 -9999.000 -9999.000 -9999.000 -9999.000 -9999.000 -9999.000 -9999.000 -9999.000 -9999.000 -9999.000 -9999.000 0.2942641E-01 0.4273543E-01 0.5618255E-01 0.7131469E-01 0.8914917E-01 0.1068398 0.1248167 0.1424685 0.1538139 0.1570979 0.1540145 0.1555381 0.1615640 0.1618676 0.1554799 0.1492455 0.1457638 0.1572212 0.1923125 0.2232789 0.2133775 0.1796977 0.1645951 0.1533907
-9999.000 -9999.000 -9999.000 -9999.000 -9999.000 -9999.000 -9999.000 -9999.000 -9999.000 -9999.000 -9999.000 -9999.000 -9999.000 -9999.000 -9999.000 -9999.000 -9999.000 -9999.000 -9999.000 -9999.000 -9999.000 -9999.000 -9999.000 -9999.000 -9999.000 -9999.000 -9999.000 -9999.000 -9999.000 -9999.000 -9999.000 -9999.000 -9999.000 -9999.000 -9999.000 0.2583807E-01 0.3677836E-01 0.4572389E-01 0.6343666E-01 0.8673413E-01 0.1085636 0.1288258 0.1455128 0.1520596 0.1490746 0.1421333 0.1465659 0.1528472 0.1479398 0.1379655 0.1375836 0.1493168 0.1777831 0.2179305 0.2420887 0.2251748 0.1845427 0.1604223 0.1457367
-9999.000 -9999.000 -9999.000 -9999.000 -9999.000 -9999.000 -9999.000 -9999.000 -9999.000 -9999.000 -9999.000 -9999.000 -9999.000 -9999.000 -9999.000 -9999.000 -9999.000 -9999.000 -9999.000 -9999.000 -9999.000 -9999.000 -9999.000 -9999.000 -9999.000 -9999.000 -9999.000 -9999.000 -9999.000 -9999.000 -9999.000 -9999.000 -9999.000 -9999.000 -9999.000 0.2459625E-01 0.3985899E-01 0.5588874E-01 0.7715473E-01 0.9915811E-01 0.1188921 0.1350847 0.1452411 0.1453474 0.1390237 0.1370282 0.1484257 0.1567308 0.1394564 0.1190235 0.1237306 0.1622087 0.2151837 0.2532897 0.2687104 0.2388182 0.1843344 0.1487333 0.1189435
-9999.000 -9999.000 -9999.000 -9999.000 -9999.000 -9999.000 -9999.000 -9999.000 -9999.000 -9999.000 -9999.000 -9999.000 -9999.000 -9999.000 -9999.000 -9999.000 -9999.000 -9999.000 -9999.000 -9999.000 -9999.000 -9999.000 -9999.000 -9999.000 -9999.000 -9999.000 -9999.000 -9999.000 -9999.000 -9999.000 -9999.000 -9999.000 -9999.000 -9999.000 -9999.000 0.1865188E-01 0.3806448E-01 0.5231288E-01 0.7120699E-01 0.9156814E-01 0.1104572 0.1246808 0.1331636 0.1321164 0.1282606 0.1315485 0.1447894 0.1497883 0.1292107 0.1140429 0.1403055 0.2061710 0.2697314 0.3022607 0.3027028 0.2503073 0.1827158 0.1417242 0.1122316
-9999.000 -9999.000 -9999.000 -9999.000 -9999.000 -9999.000 -9999.000 -9999.000 -9999.000 -9999.000 -9999.000 -9999.000 -9999.000 -9999.000 -9999.000 -9999.000 -9999.000 -9999.000 -9999.000 -9999.000 -9999.000 -9999.000 -9999.000 -9999.000 -9999.000 -9999.000 -9999.000 -9999.000 -9999.000 -9999.000 -9999.000 -9999.000 -9999.000 -9999.000 -9999.000 -9999.000 0.2712881E-01 0.4223057E-01 0.5781701E-01 0.7231889E-01 0.8825218E-01 0.1018606 0.1084477 0.1091239 0.1080892 0.1125409 0.1215028 0.1307833 0.1363312 0.1568090 0.2130644 0.2936506 0.3396547 0.3557464 0.3429282 0.3038618 0.2475566 0.1884029 0.1514161
-9999.000 -9999.000 -9999.000 -9999.000 -9999.000 -9999.000 -9999.000 -9999.000 -9999.000 -9999.000 -9999.000 -9999.000 -9999.000 -9999.000 -9999.000 -9999.000 -9999.000 -9999.000 -9999.000 -9999.000 -9999.000 0.2616416E-01 0.4570616E-01 0.5766621E-01 0.5480520E-01 0.4752895E-01 0.4309362E-01 0.3732204E-01 0.3381300E-01 0.2976381E-01 0.2714814E-01 -9999.000 -9999.000 -9999.000 -9999.000 -9999.000 0.1857479E-01 0.3646342E-01 0.5212555E-01 0.6185520E-01 0.7344036E-01 0.8478822E-01 0.9034287E-01 0.9118134E-01 0.9270059E-01 0.9595421E-01 0.1108513 0.1583954 0.2357777 0.2809665 0.3046527 0.3306606 0.3440113 0.3541944 0.3427047 0.3071584 0.2638809 0.2128855 0.1460046
-9999.000 -9999.000 -9999.000 -9999.000 -9999.000 -9999.000 -9999.000 -9999.000 -9999.000 -9999.000 -9999.000 -9999.000 -9999.000 -9999.000 -9999.000 -9999.000 -9999.000 -9999.000 -9999.000 -9999.000 -9999.000 0.4202394E-01 0.6455466E-01 0.8974159E-01 0.1008359 0.9684363E-01 0.9161858E-01 0.8622409E-01 0.7696601E-01 0.7398757E-01 0.6982565E-01 0.6557252E-01 0.5970112E-01 0.5580669E-01 0.5657172E-01 0.4091077E-01 -9999.000 0.3836265E-01 0.5372054E-01 0.6538265E-01 0.7739737E-01 0.8683678E-01 0.9014928E-01 0.9000998E-01 0.1015724 0.1336168 0.1940938 0.2836500 0.3488139 0.3611297 0.3448171 0.3319596 0.3112057 0.2977399 0.2798843 0.2270177 0.1803430 0.1467539 0.1072107
-9999.000 -9999.000 -9999.000 -9999.000 -9999.000 -9999.000 -9999.000 -9999.000 -9999.000 -9999.000 -9999.000 -9999.000 -9999.000 -9999.000 -9999.000 -9999.000 -9999.000 -9999.000 -9999.000 -9999.000 -9999.000 0.4754112E-01 0.8400704E-01 0.1114961 0.1226007 0.1314143 0.1399321 0.1376632 0.1298672 0.1231488 0.1213717 0.1162361 0.1124482 0.1129775 0.1068714 0.9086379E-01 0.7883882E-01 0.9168364E-01 0.9952477E-01 0.1053762 0.1201867 0.1276892 0.1366486 0.1533227 0.1901308 0.2411003 0.2957382 0.3484524 0.3833971 0.3726030 0.3335838 0.3016963 0.2585045 0.2193983 0.1681266 0.1193482 0.6622816E-01 -9999.000 -9999.000
