simulation_files/asc/Depth____000104.asc
NCOLS        79
NROWS        79
XLLCENTER         -1.500000
YLLCENTER         -4.800000
CELLSIZE           0.100
NODATA_VALUE     -9999.0
[rows 0 to 25 of 79, columns 0 to 57 of 79]
-9999.000 -9999.000 -9999.000 -9999.000 -9999.000 -9999.000 -9999.000 -9999.000 -9999.000 -9999.000 -9999.000 -9999.000 -9999.000 -9999.000 -9999.000 0.3685352 0.3686982 0.3686609 0.3685745 0.3684563 0.3683136 0.3681506 0.3679694 0.3677690 0.3675455 0.3672914 0.3669963 0.3666464 0.3662388 0.3664218 0.3664218 -9999.000 -9999.000 -9999.000 -9999.000 -9999.000 -9999.000 -9999.000 -9999.000 -9999.000 -9999.000 -9999.000 -9999.000 -9999.000 -9999.000 -9999.000 -9999.000 -9999.000 -9999.000 -9999.000 -9999.000 -9999.000 -9999.000 -9999.000 -9999.000 -9999.000 -9999.000 -9999.000
-9999.000 -9999.000 -9999.000 -9999.000 -9999.000 -9999.000 -9999.000 -9999.000 -9999.000 -9999.000 -9999.000 -9999.000 -9999.000 -9999.000 -9999.000 0.3704161 0.3705833 0.3705437 0.3704625 0.3703547 0.3702263 0.3700812 0.3699218 0.3697483 0.3695583 0.3693462 0.3691023 0.3688108 0.3684593 0.3686544 0.3686544 -9999.000 -9999.000 -9999.000 -9999.000 -9999.000 -9999.000 -9999.000 -9999.000 -9999.000 -9999.000 -9999.000 -9999.000 -9999.000 -9999.000 -9999.000 -9999.000 -9999.000 -9999.000 -9999.000 -9999.000 -9999.000 -9999.000 -9999.000 -9999.000 -9999.000 -9999.000 -9999.000
-9999.000 -9999.000 -9999.000 -9999.000 -9999.000 -9999.000 -9999.000 -9999.000 -9999.000 -9999.000 -9999.000 -9999.000 -9999.000 -9999.000 -9999.000 0.3724096 0.3726112 0.3725755 0.3724977 0.3723949 0.3722733 0.3721370 0.3719881 0.3718258 0.3716465 0.3714423 0.3712004 0.3709009 0.3705274 0.3707360 0.3707360 -9999.000 -9999.000 -9999.000 -9999.000 -9999.000 -9999.000 -9999.000 -9999.000 -9999.000 -9999.000 -9999.000 -9999.000 -9999.000 -9999.000 -9999.000 -9999.000 -9999.000 -9999.000 -9999.000 -9999.000 -9999.000 -9999.000 -9999.000 -9999.000 -9999.000 -9999.000 -9999.000
-9999.000 -9999.000 -9999.000 -9999.000 -9999.000 -9999.000 -9999.000 -9999.000 -9999.000 -9999.000 -9999.000 -9999.000 -9999.000 -9999.000 -9999.000 0.3744312 0.3746614 0.3746287 0.3745536 0.3744539 0.3743365 0.3742052 0.3740616 0.3739044 0.3737283 0.3735237 0.3732751 0.3729588 0.3725532 0.3727601 0.3727601 -9999.000 -9999.000 -9999.000 -9999.000 -9999.000 -9999.000 -9999.000 -9999.000 -9999.000 -9999.000 -9999.000 -9999.000 -9999.000 -9999.000 -9999.000 -9999.000 -9999.000 -9999.000 -9999.000 -9999.000 -9999.000 -9999.000 -9999.000 -9999.000 -9999.000 -9999.000 -9999.000
-9999.000 -9999.000 -9999.000 -9999.000 -9999.000 -9999.000 -9999.000 -9999.000 -9999.000 -9999.000 -9999.000 -9999.000 -9999.000 -9999.000 -9999.000 0.3764718 0.3767259 0.3766952 0.3766214 0.3765232 0.3764076 0.3762784 0.3761367 0.3759804 0.3758029 0.3755927 0.3753314 0.3749911 0.3745434 0.3747361 0.3747361 -9999.000 -9999.000 -9999.000 -9999.000 -9999.000 -9999.000 -9999.000 -9999.000 -9999.000 -9999.000 -9999.000 -9999.000 -9999.000 -9999.000 -9999.000 -9999.000 -9999.000 -9999.000 -9999.000 -9999.000 -9999.000 -9999.000 -9999.000 -9999.000 -9999.000 -9999.000 -9999.000
-9999.000 -9999.000 -9999.000 -9999.000 -9999.000 -9999.000 -9999.000 -9999.000 -9999.000 -9999.000 -9999.000 -9999.000 -9999.000 -9999.000 -9999.000 0.3785238 0.3787981 0.3787686 0.3786949 0.3785967 0.3784811 0.3783519 0.3782097 0.3780515 0.3778694 0.3776496 0.3773706 0.3769994 0.3764984 0.3766636 0.3766636 -9999.000 -9999.000 -9999.000 -9999.000 -9999.000 -9999.000 -9999.000 -9999.000 -9999.000 -9999.000 -9999.000 -9999.000 -9999.000 -9999.000 -9999.000 -9999.000 -9999.000 -9999.000 -9999.000 -9999.000 -9999.000 -9999.000 -9999.000 -9999.000 -9999.000 -9999.000 -9999.000
-9999.000 -9999.000 -9999.000 -9999.000 -9999.000 -9999.000 -9999.000 -9999.000 -9999.000 -9999.000 -9999.000 -9999.000 -9999.000 -9999.000 -9999.000 0.3805819 0.3808730 0.3808437 0.3807693 0.3806700 0.3805530 0.3804222 0.3802777 0.3801155 0.3799260 0.3796930 0.3793912 0.3789814 0.3784137 0.3785342 0.3785342 -9999.000 -9999.000 -9999.000 -9999.000 -9999.000 -9999.000 -9999.000 -9999.000 -9999.000 -9999.000 -9999.000 -9999.000 -9999.000 -9999.000 -9999.000 -9999.000 -9999.000 -9999.000 -9999.000 -9999.000 -9999.000 -9999.000 -9999.000 -9999.000 -9999.000 -9999.000 -9999.000
-9999.000 -9999.000 -9999.000 -9999.000 -9999.000 -9999.000 -9999.000 -9999.000 -9999.000 -9999.000 -9999.000 -9999.000 -9999.000 -9999.000 -9999.000 0.3826415 0.3829467 0.3829167 0.3828408 0.3827393 0.3826199 0.3824862 0.3823379 0.3821697 0.3819703 0.3817204 0.3813899 0.3809320 0.3802804 0.3803320 0.3803320 -9999.000 -9999.000 -9999.000 -9999.000 -9999.000 -9999.000 -9999.000 -9999.000 -9999.000 -9999.000 -9999.000 -9999.000 -9999.000 -9999.000 -9999.000 -9999.000 -9999.000 -9999.000 -9999.000 -9999.000 -9999.000 -9999.000 -9999.000 -9999.000 -9999.000 -9999.000 -9999.000
-9999.000 -9999.000 -9999.000 -9999.000 -9999.000 -9999.000 -9999.000 -9999.000 -9999.000 -9999.000 -9999.000 -9999.000 -9999.000 -9999.000 -9999.000 0.3846990 0.3850157 0.3849840 0.3849057 0.3848012 0.3846783 0.3845405 0.3843869 0.3842109 0.3839987 0.3837274 0.3833613 0.3828431 0.3820849 0.3820308 0.3820308 -9999.000 -9999.000 -9999.000 -9999.000 -9999.000 -9999.000 -9999.000 -9999.000 -9999.000 -9999.000 -9999.000 -9999.000 -9999.000 -9999.000 -9999.000 -9999.000 -9999.000 -9999.000 -9999.000 -9999.000 -9999.000 -9999.000 -9999.000 -9999.000 -9999.000 -9999.000 -9999.000
-9999.000 -9999.000 -9999.000 -9999.000 -9999.000 -9999.000 -9999.000 -9999.000 -9999.000 -9999.000 -9999.000 -9999.000 -9999.000 -9999.000 -9999.000 0.3867504 0.3870763 0.3870417 0.3869601 0.3868515 0.3867240 0.3865809 0.3864206 0.3862347 0.3860064 0.3857084 0.3852973 0.3847029 0.3838069 0.3835890 0.3835890 -9999.000 -9999.000 -9999.000 -9999.000 -9999.000 -9999.000 -9999.000 -9999.000 -9999.000 -9999.000 -9999.000 -9999.000 -9999.000 -9999.000 -9999.000 -9999.000 -9999.000 -9999.000 -9999.000 -9999.000 -9999.000 -9999.000 -9999.000 -9999.000 -9999.000 -9999.000 -9999.000
-9999.000 -9999.000 -9999.000 -9999.000 -9999.000 -9999.000 -9999.000 -9999.000 -9999.000 -9999.000 -9999.000 -9999.000 -9999.000 -9999.000 -9999.000 0.3887908 0.3891240 0.3890852 0.3889992 0.3888853 0.3887519 0.3886020 0.3884332 0.3882348 0.3879863 0.3876544 0.3871861 0.3864937 0.3854167 0.3849381 0.3849381 -9999.000 -9999.000 -9999.000 -9999.000 -9999.000 -9999.000 -9999.000 -9999.000 -9999.000 -9999.000 -9999.000 -9999.000 -9999.000 -9999.000 -9999.000 -9999.000 -9999.000 -9999.000 -9999.000 -9999.000 -9999.000 -9999.000 -9999.000 -9999.000 -9999.000 -9999.000 -9999.000
-9999.000 -9999.000 -9999.000 -9999.000 -9999.000 -9999.000 -9999.000 -9999.000 -9999.000 -9999.000 -9999.000 -9999.000 -9999.000 -9999.000 -9999.000 0.3908139 0.3911533 0.3911085 0.3910166 0.3908958 0.3907546 0.3905960 0.3904161 0.3902018 0.3899274 0.3895519 0.3890094 0.3881877 0.3868669 0.3859583 0.3859583 -9999.000 -9999.000 -9999.000 -9999.000 -9999.000 -9999.000 -9999.000 -9999.000 -9999.000 -9999.000 -9999.000 -9999.000 -9999.000 -9999.000 -9999.000 -9999.000 -9999.000 -9999.000 -9999.000 -9999.000 -9999.000 -9999.000 -9999.000 -9999.000 -9999.000 -9999.000 -9999.000
-9999.000 -9999.000 -9999.000 -9999.000 -9999.000 -9999.000 -9999.000 -9999.000 -9999.000 -9999.000 -9999.000 -9999.000 -9999.000 -9999.000 -9999.000 0.3928103 0.3931558 0.3931029 0.3930028 0.3928727 0.3927211 0.3925506 0.3923561 0.3921203 0.3918115 0.3913779 0.3907357 0.3897387 0.3880789 0.3864231 0.3864231 -9999.000 -9999.000 -9999.000 -9999.000 -9999.000 -9999.000 -9999.000 -9999.000 -9999.000 -9999.000 -9999.000 -9999.000 -9999.000 -9999.000 -9999.000 -9999.000 -9999.000 -9999.000 -9999.000 -9999.000 -9999.000 -9999.000 -9999.000 -9999.000 -9999.000 -9999.000 -9999.000
-9999.000 -9999.000 -9999.000 -9999.000 -9999.000 -9999.000 -9999.000 -9999.000 -9999.000 -9999.000 -9999.000 -9999.000 -9999.000 -9999.000 -9999.000 0.3947526 0.3951108 0.3950488 0.3949396 0.3947984 0.3946336 0.3944474 0.3942322 0.3939663 0.3936086 0.3930926 0.3923091 0.3910607 0.3889070 0.3858602 0.3858602 -9999.000 -9999.000 -9999.000 -9999.000 -9999.000 -9999.000 -9999.000 -9999.000 -9999.000 -9999.000 -9999.000 -9999.000 -9999.000 -9999.000 -9999.000 -9999.000 -9999.000 -9999.000 -9999.000 -9999.000 -9999.000 -9999.000 -9999.000 -9999.000 -9999.000 -9999.000 -9999.000
-9999.000 -9999.000 -9999.000 -9999.000 -9999.000 -9999.000 -9999.000 -9999.000 -9999.000 -9999.000 -9999.000 -9999.000 -9999.000 -9999.000 -9999.000 0.3953016 0.3964554 0.3966594 0.3967328 0.3967112 0.3966196 0.3964728 0.3962705 0.3959901 0.3955804 0.3949523 0.3939548 0.3923017 0.3893073 0.3828523 0.3828523 -9999.000 -9999.000 -9999.000 -9999.000 -9999.000 -9999.000 -9999.000 -9999.000 -9999.000 -9999.000 -9999.000 -9999.000 -9999.000 -9999.000 -9999.000 -9999.000 -9999.000 -9999.000 -9999.000 -9999.000 -9999.000 -9999.000 -9999.000 -9999.000 -9999.000 -9999.000 -9999.000
0.3890155 0.3890155 0.3746565 0.3648338 0.3616488 0.3616488 0.3589797 0.3545825 0.3545825 0.3509451 0.3509451 0.3477677 0.3463060 0.3449178 0.3529395 0.3529395 0.4041238 0.4044409 0.4048316 0.4054405 0.4061376 0.4067750 0.4071733 0.4070938 0.4062226 0.4041435 0.4002465 0.3933843 0.3805566 0.3469505 0.3469505 0.1984101 0.1772881 0.1783843 0.1828597 0.1828597 0.1944992 0.1944992 0.2258436 0.2258436 0.2627952 0.2926548 0.2926548 0.2984130 0.2984130 0.2978465 0.2978465 0.2978465 0.2923123 0.2923123 0.2867683 0.2867683 0.2795086 0.2795086 0.2739848 0.2739848 0.2695524 0.2695524
0.3875545 0.3875545 0.3737526 0.3642190 0.3610713 0.3610713 0.3584186 0.3540331 0.3540331 0.3504035 0.3504035 0.3472361 0.3457798 0.3443970 0.3482309 0.3482309 0.3982824 0.3984371 0.3974801 0.3971060 0.3972817 0.3978603 0.3986522 0.3993855 0.3996864 0.3990335 0.3966581 0.3912989 0.3804546 0.3563417 0.3563417 0.2498127 0.2162057 0.1928882 0.1900371 0.1900371 0.1951560 0.1951560 0.2181724 0.2181724 0.2477724 0.2936374 0.2936374 0.2995890 0.2995890 0.2979252 0.2979252 0.2979252 0.2921648 0.2921648 0.2871732 0.2871732 0.2792752 0.2792752 0.2737482 0.2737482 0.2693152 0.2693152
0.3867750 0.3867750 0.3734449 0.3641619 0.3610471 0.3610471 0.3584060 0.3540194 0.3540194 0.3503830 0.3503830 0.3472115 0.3457540 0.3443701 0.3463383 0.3463383 0.3930641 0.3943677 0.3919059 0.3901200 0.3891487 0.3888535 0.3890628 0.3895020 0.3897794 0.3893573 0.3874948 0.3830887 0.3741377 0.3548404 0.3548404 0.2752760 0.2408342 0.2079374 0.2012325 0.2012325 0.2020296 0.2020296 0.2199901 0.2199901 0.2409117 0.2879318 0.2879318 0.3014158 0.3014158 0.2986937 0.2986937 0.2986937 0.2924789 0.2924789 0.2867261 0.2867261 0.2796751 0.2796751 0.2739853 0.2739853 0.2694725 0.2694725
0.3861642 0.3861642 0.3731804 0.3641154 0.3610359 0.3610359 0.3584092 0.3540245 0.3540245 0.3503834 0.3503834 0.3472102 0.3457529 0.3443694 0.3451616 0.3451616 0.3857806 0.3901350 0.3866879 0.3836526 0.3815793 0.3803527 0.3798384 0.3797747 0.3797777 0.3793189 0.3776880 0.3739068 0.3664138 0.3504804 0.3504804 0.2899359 0.2588007 0.2243140 0.2165816 0.2165816 0.2157756 0.2157756 0.2290740 0.2290740 0.2424560 0.2804375 0.2804375 0.3000907 0.3000907 0.2985738 0.2985738 0.2985738 0.2922583 0.2922583 0.2861727 0.2861727 0.2794988 0.2794988 0.2738175 0.2738175 0.2693503 0.2693503
0.3857050 0.3857050 0.3729652 0.3640745 0.3610269 0.3610269 0.3584137 0.3540306 0.3540306 0.3503845 0.3503845 0.3472096 0.3457523 0.3443692 0.3444030 0.3444030 0.3771275 0.3844202 0.3808940 0.3768612 0.3737796 0.3716814 0.3704575 0.3698734 0.3695726 0.3690518 0.3676293 0.3643807 0.3579176 0.3445701 0.3445701 0.2992092 0.2720296 0.2413730 0.2351947 0.2351947 0.2352724 0.2352724 0.2433662 0.2433662 0.2501784 0.2741346 0.2741346 0.2948162 0.2948162 0.2970646 0.2970646 0.2970646 0.2912641 0.2912641 0.2851637 0.2851637 0.2788700 0.2788700 0.2734088 0.2734088 0.2691516 0.2691516
0.3853857 0.3853857 0.3728067 0.3640425 0.3610201 0.3610201 0.3584180 0.3540363 0.3540363 0.3503857 0.3503857 0.3472091 0.3457518 0.3443688 0.3439154 0.3439154 0.3681598 0.3767500 0.3740389 0.3693216 0.3653127 0.3623710 0.3604660 0.3593988 0.3588316 0.3582729 0.3570541 0.3542952 0.3488234 0.3380609 0.3380609 0.3049397 0.2827296 0.2604236 0.2573557 0.2573557 0.2581353 0.2581353 0.2596816 0.2596816 0.2609770 0.2712287 0.2712287 0.2873942 0.2873942 0.2936748 0.2936748 0.2936748 0.2892315 0.2892315 0.2836316 0.2836316 0.2778744 0.2778744 0.2728529 0.2728529 0.2689709 0.2689709
0.3851975 0.3851975 0.3727099 0.3640221 0.3610159 0.3610159 0.3584210 0.3540401 0.3540401 0.3503865 0.3503865 0.3472087 0.3457514 0.3443686 0.3436033 0.3436033 0.3595195 0.3673550 0.3656278 0.3606553 0.3558919 0.3521642 0.3495967 0.3480576 0.3472443 0.3466854 0.3457264 0.3435240 0.3391438 0.3312576 0.3312576 0.3087719 0.2936332 0.2831205 0.2827549 0.2827549 0.2811659 0.2811659 0.2753066 0.2753066 0.2722957 0.2718557 0.2718557 0.2805249 0.2805249 0.2885638 0.2885638 0.2885638 0.2860064 0.2860064 0.2814618 0.2814618 0.2765291 0.2765291 0.2721813 0.2721813 0.2688450 0.2688450
0.3851353 0.3851353 0.3726772 0.3640151 0.3610144 0.3610144 0.3584220 0.3540415 0.3540415 0.3503868 0.3503868 0.3472085 0.3457512 0.3443685 0.3434041 0.3434041 0.3513870 0.3566660 0.3553282 0.3504320 0.3451875 0.3408124 0.3376430 0.3356543 0.3346065 0.3340690 0.3334130 0.3318374 0.3287432 0.3246009 0.3246009 0.3134517 0.3083103 0.3093875 0.3090793 0.3090793 0.3015060 0.3015060 0.2888669 0.2888669 0.2827822 0.2749355 0.2749355 0.2759444 0.2759444 0.2825152 0.2825152 0.2825152 0.2817010 0.2817010 0.2785956 0.2785956 0.2748173 0.2748173 0.2713974 0.2713974 0.2687866 0.2687866
0.3851974 0.3851974 0.3727099 0.3640221 0.3610158 0.3610158 0.3584210 0.3540401 0.3540401 0.3503865 0.3503865 0.3472086 0.3457514 0.3443686 0.3432773 0.3432773 0.3435183 0.3450166 0.3430225 0.3382204 0.3327857 0.3279958 0.3243656 0.3219997 0.3207489 0.3202499 0.3199230 0.3190405 0.3176471 0.3194657 0.3194657 0.3231733 0.3301220 0.3361650 0.3327872 0.3327872 0.3178776 0.3178776 0.3001235 0.3001235 0.2919771 0.2792343 0.2792343 0.2739353 0.2739353 0.2765422 0.2765422 0.2765422 0.2767192 0.2767192 0.2751128 0.2751128 0.2727494 0.2727494 0.2705081 0.2705081 0.2687944 0.2687944
0.3853856 0.3853856 0.3728068 0.3640426 0.3610201 0.3610201 0.3584180 0.3540363 0.3540363 0.3503857 0.3503857 0.3472090 0.3457518 0.3443688 0.3431970 0.3431970 0.3353214 0.3324063 0.3286935 0.3236623 0.3182229 0.3133047 0.3094482 0.3068585 0.3054889 0.3050674 0.3050925 0.3049937 0.3063511 0.3193211 0.3193211 0.3431085 0.3589767 0.3592534 0.3517022 0.3517022 0.3304983 0.3304983 0.3093102 0.3093102 0.2997966 0.2838210 0.2838210 0.2738853 0.2738853 0.2714431 0.2714431 0.2714431 0.2716312 0.2716312 0.2712565 0.2712565 0.2704120 0.2704120 0.2695371 0.2695371 0.2688538 0.2688538
0.3857050 0.3857050 0.3729652 0.3640745 0.3610269 0.3610269 0.3584137 0.3540306 0.3540306 0.3503846 0.3503846 0.3472096 0.3457523 0.3443691 0.3431464 0.3431464 0.3258671 0.3183629 0.3121913 0.3064544 0.3010343 0.2962596 0.2924832 0.2899173 0.2885929 0.2883387 0.2887598 0.2896672 0.2967767 0.3310656 0.3310656 0.3752819 0.3880123 0.3772182 0.3665538 0.3665538 0.3400875 0.3400875 0.3166595 0.3166595 0.3062122 0.2880770 0.2880770 0.2749480 0.2749480 0.2675875 0.2675875 0.2675875 0.2669861 0.2669861 0.2673901 0.2673901 0.2679809 0.2679809 0.2685403 0.2685403 0.2689450 0.2689450
