simulation_files/asc/Depth____270.0.asc
NCOLS        79
NROWS        79
XLLCENTER         -1.500000
YLLCENTER         -4.800000
CELLSIZE           0.100
NODATA_VALUE     -9999.0
[rows 0 to 25 of 79, columns 0 to 58 of 79]
-9999.000 -9999.000 -9999.000 -9999.000 -9999.000 -9999.000 -9999.000 -9999.000 -9999.000 -9999.000 -9999.000 -9999.000 -9999.000 -9999.000 -9999.000 0.7242091 0.7247061 0.7248771 0.7248392 0.7246408 0.7243713 0.7240708 0.7237591 0.7234635 0.7231819 0.7229212 0.7226797 0.7224272 0.7220538 0.7220162 0.7220162 -9999.000 -9999.000 -9999.000 -9999.000 -9999.000 -9999.000 -9999.000 -9999.000 -9999.000 -9999.000 -9999.000 -9999.000 -9999.000 -9999.000 -9999.000 -9999.000 -9999.000 -9999.000 -9999.000 -9999.000 -9999.000 -9999.000 -9999.000 -9999.000 -9999.000 -9999.000 -9999.000 -9999.000
-9999.000 -9999.000 -9999.000 -9999.000 -9999.000 -9999.000 -9999.000 -9999.000 -9999.000 -9999.000 -9999.000 -9999.000 -9999.000 -9999.000 -9999.000 0.7259986 0.7264536 0.7265927 0.7265602 0.7263993 0.7261856 0.7259516 0.7257123 0.7254892 0.7252793 0.7250872 0.7249109 0.7247229 0.7244253 0.7244738 0.7244738 -9999.000 -9999.000 -9999.000 -9999.000 -9999.000 -9999.000 -9999.000 -9999.000 -9999.000 -9999.000 -9999.000 -9999.000 -9999.000 -9999.000 -9999.000 -9999.000 -9999.000 -9999.000 -9999.000 -9999.000 -9999.000 -9999.000 -9999.000 -9999.000 -9999.000 -9999.000 -9999.000 -9999.000
-9999.000 -9999.000 -9999.000 -9999.000 -9999.000 -9999.000 -9999.000 -9999.000 -9999.000 -9999.000 -9999.000 -9999.000 -9999.000 -9999.000 -9999.000 0.7279090 0.7283993 0.7285495 0.7285246 0.7283692 0.7281616 0.7279350 0.7277043 0.7274914 0.7272918 0.7271096 0.7269413 0.7267571 0.7264534 0.7264978 0.7264978 -9999.000 -9999.000 -9999.000 -9999.000 -9999.000 -9999.000 -9999.000 -9999.000 -9999.000 -9999.000 -9999.000 -9999.000 -9999.000 -9999.000 -9999.000 -9999.000 -9999.000 -9999.000 -9999.000 -9999.000 -9999.000 -9999.000 -9999.000 -9999.000 -9999.000 -9999.000 -9999.000 -9999.000
-9999.000 -9999.000 -9999.000 -9999.000 -9999.000 -9999.000 -9999.000 -9999.000 -9999.000 -9999.000 -9999.000 -9999.000 -9999.000 -9999.000 -9999.000 0.7298705 0.7303832 0.7305390 0.7305158 0.7303594 0.7301508 0.7299236 0.7296928 0.7294809 0.7292821 0.7291008 0.7289328 0.7287459 0.7284297 0.7284526 0.7284526 -9999.000 -9999.000 -9999.000 -9999.000 -9999.000 -9999.000 -9999.000 -9999.000 -9999.000 -9999.000 -9999.000 -9999.000 -9999.000 -9999.000 -9999.000 -9999.000 -9999.000 -9999.000 -9999.000 -9999.000 -9999.000 -9999.000 -9999.000 -9999.000 -9999.000 -9999.000 -9999.000 -9999.000
-9999.000 -9999.000 -9999.000 -9999.000 -9999.000 -9999.000 -9999.000 -9999.000 -9999.000 -9999.000 -9999.000 -9999.000 -9999.000 -9999.000 -9999.000 0.7318521 0.7323818 0.7325408 0.7325164 0.7323555 0.7321423 0.7319108 0.7316757 0.7314609 0.7312589 0.7310746 0.7309030 0.7307097 0.7303762 0.7303635 0.7303635 -9999.000 -9999.000 -9999.000 -9999.000 -9999.000 -9999.000 -9999.000 -9999.000 -9999.000 -9999.000 -9999.000 -9999.000 -9999.000 -9999.000 -9999.000 -9999.000 -9999.000 -9999.000 -9999.000 -9999.000 -9999.000 -9999.000 -9999.000 -9999.000 -9999.000 -9999.000 -9999.000 -9999.000
-9999.000 -9999.000 -9999.000 -9999.000 -9999.000 -9999.000 -9999.000 -9999.000 -9999.000 -9999.000 -9999.000 -9999.000 -9999.000 -9999.000 -9999.000 0.7338402 0.7343843 0.7345450 0.7345176 0.7343504 0.7341310 0.7338934 0.7336522 0.7334327 0.7332255 0.7330361 0.7328591 0.7326571 0.7323018 0.7322395 0.7322395 -9999.000 -9999.000 -9999.000 -9999.000 -9999.000 -9999.000 -9999.000 -9999.000 -9999.000 -9999.000 -9999.000 -9999.000 -9999.000 -9999.000 -9999.000 -9999.000 -9999.000 -9999.000 -9999.000 -9999.000 -9999.000 -9999.000 -9999.000 -9999.000 -9999.000 -9999.000 -9999.000 -9999.000
-9999.000 -9999.000 -9999.000 -9999.000 -9999.000 -9999.000 -9999.000 -9999.000 -9999.000 -9999.000 -9999.000 -9999.000 -9999.000 -9999.000 -9999.000 0.7358285 0.7363858 0.7365468 0.7365152 0.7363405 0.7361140 0.7358695 0.7356213 0.7353962 0.7351827 0.7349873 0.7348037 0.7345910 0.7342095 0.7340814 0.7340814 -9999.000 -9999.000 -9999.000 -9999.000 -9999.000 -9999.000 -9999.000 -9999.000 -9999.000 -9999.000 -9999.000 -9999.000 -9999.000 -9999.000 -9999.000 -9999.000 -9999.000 -9999.000 -9999.000 -9999.000 -9999.000 -9999.000 -9999.000 -9999.000 -9999.000 -9999.000 -9999.000 -9999.000
-9999.000 -9999.000 -9999.000 -9999.000 -9999.000 -9999.000 -9999.000 -9999.000 -9999.000 -9999.000 -9999.000 -9999.000 -9999.000 -9999.000 -9999.000 0.7378141 0.7383837 0.7385437 0.7385067 0.7383236 0.7380893 0.7378374 0.7375817 0.7373508 0.7371302 0.7369280 0.7367370 0.7365119 0.7360989 0.7358845 0.7358845 -9999.000 -9999.000 -9999.000 -9999.000 -9999.000 -9999.000 -9999.000 -9999.000 -9999.000 -9999.000 -9999.000 -9999.000 -9999.000 -9999.000 -9999.000 -9999.000 -9999.000 -9999.000 -9999.000 -9999.000 -9999.000 -9999.000 -9999.000 -9999.000 -9999.000 -9999.000 -9999.000 -9999.000
-9999.000 -9999.000 -9999.000 -9999.000 -9999.000 -9999.000 -9999.000 -9999.000 -9999.000 -9999.000 -9999.000 -9999.000 -9999.000 -9999.000 -9999.000 0.7397948 0.7403762 0.7405338 0.7404904 0.7402977 0.7400553 0.7397956 0.7395319 0.7392951 0.7390670 0.7388574 0.7386581 0.7384186 0.7379681 0.7376402 0.7376402 -9999.000 -9999.000 -9999.000 -9999.000 -9999.000 -9999.000 -9999.000 -9999.000 -9999.000 -9999.000 -9999.000 -9999.000 -9999.000 -9999.000 -9999.000 -9999.000 -9999.000 -9999.000 -9999.000 -9999.000 -9999.000 -9999.000 -9999.000 -9999.000 -9999.000 -9999.000 -9999.000 -9999.000
-9999.000 -9999.000 -9999.000 -9999.000 -9999.000 -9999.000 -9999.000 -9999.000 -9999.000 -9999.000 -9999.000 -9999.000 -9999.000 -9999.000 -9999.000 0.7417690 0.7423618 0.7425156 0.7424645 0.7422612 0.7420101 0.7417423 0.7414702 0.7412276 0.7409914 0.7407740 0.7405654 0.7403091 0.7398138 0.7393351 0.7393351 -9999.000 -9999.000 -9999.000 -9999.000 -9999.000 -9999.000 -9999.000 -9999.000 -9999.000 -9999.000 -9999.000 -9999.000 -9999.000 -9999.000 -9999.000 -9999.000 -9999.000 -9999.000 -9999.000 -9999.000 -9999.000 -9999.000 -9999.000 -9999.000 -9999.000 -9999.000 -9999.000 -9999.000
-9999.000 -9999.000 -9999.000 -9999.000 -9999.000 -9999.000 -9999.000 -9999.000 -9999.000 -9999.000 -9999.000 -9999.000 -9999.000 -9999.000 -9999.000 0.7437347 0.7443388 0.7444872 0.7444270 0.7442117 0.7439514 0.7436751 0.7433944 0.7431459 0.7429009 0.7426751 0.7424561 0.7421801 0.7416310 0.7409495 0.7409495 -9999.000 -9999.000 -9999.000 -9999.000 -9999.000 -9999.000 -9999.000 -9999.000 -9999.000 -9999.000 -9999.000 -9999.000 -9999.000 -9999.000 -9999.000 -9999.000 -9999.000 -9999.000 -9999.000 -9999.000 -9999.000 -9999.000 -9999.000 -9999.000 -9999.000 -9999.000 -9999.000 -9999.000
-9999.000 -9999.000 -9999.000 -9999.000 -9999.000 -9999.000 -9999.000 -9999.000 -9999.000 -9999.000 -9999.000 -9999.000 -9999.000 -9999.000 -9999.000 0.7456895 0.7463050 0.7464463 0.7463751 0.7461464 0.7458764 0.7455913 0.7453012 0.7450472 0.7447925 0.7445574 0.7443268 0.7440272 0.7434125 0.7424539 0.7424539 -9999.000 -9999.000 -9999.000 -9999.000 -9999.000 -9999.000 -9999.000 -9999.000 -9999.000 -9999.000 -9999.000 -9999.000 -9999.000 -9999.000 -9999.000 -9999.000 -9999.000 -9999.000 -9999.000 -9999.000 -9999.000 -9999.000 -9999.000 -9999.000 -9999.000 -9999.000 -9999.000 -9999.000
-9999.000 -9999.000 -9999.000 -9999.000 -9999.000 -9999.000 -9999.000 -9999.000 -9999.000 -9999.000 -9999.000 -9999.000 -9999.000 -9999.000 -9999.000 0.7476282 0.7482561 0.7483886 0.7483054 0.7480618 0.7477815 0.7474870 0.7471872 0.7469274 0.7466618 0.7464164 0.7461720 0.7458437 0.7451482 0.7438026 0.7438026 -9999.000 -9999.000 -9999.000 -9999.000 -9999.000 -9999.000 -9999.000 -9999.000 -9999.000 -9999.000 -9999.000 -9999.000 -9999.000 -9999.000 -9999.000 -9999.000 -9999.000 -9999.000 -9999.000 -9999.000 -9999.000 -9999.000 -9999.000 -9999.000 -9999.000 -9999.000 -9999.000 -9999.000
-9999.000 -9999.000 -9999.000 -9999.000 -9999.000 -9999.000 -9999.000 -9999.000 -9999.000 -9999.000 -9999.000 -9999.000 -9999.000 -9999.000 -9999.000 0.7494013 0.7500840 0.7502601 0.7502233 0.7499840 0.7496951 0.7493902 0.7490771 0.7488082 0.7485262 0.7482653 0.7480015 0.7476351 0.7468369 0.7449407 0.7449407 -9999.000 -9999.000 -9999.000 -9999.000 -9999.000 -9999.000 -9999.000 -9999.000 -9999.000 -9999.000 -9999.000 -9999.000 -9999.000 -9999.000 -9999.000 -9999.000 -9999.000 -9999.000 -9999.000 -9999.000 -9999.000 -9999.000 -9999.000 -9999.000 -9999.000 -9999.000 -9999.000 -9999.000
-9999.000 -9999.000 -9999.000 -9999.000 -9999.000 -9999.000 -9999.000 -9999.000 -9999.000 -9999.000 -9999.000 -9999.000 -9999.000 -9999.000 -9999.000 0.7409858 0.7484445 0.7523749 0.7544140 0.7544371 0.7537558 0.7530536 0.7523634 0.7517687 0.7511988 0.7506968 0.7502263 0.7496503 0.7485289 0.7450980 0.7450980 -9999.000 -9999.000 -9999.000 -9999.000 -9999.000 -9999.000 -9999.000 -9999.000 -9999.000 -9999.000 -9999.000 -9999.000 -9999.000 -9999.000 -9999.000 -9999.000 -9999.000 -9999.000 -9999.000 -9999.000 -9999.000 -9999.000 -9999.000 -9999.000 -9999.000 -9999.000 -9999.000 -9999.000
0.8322415 0.8322415 0.8336712 0.8203896 0.8123305 0.8123305 0.8088020 0.8034154 0.8034154 0.7991194 0.7991194 0.7955320 0.7939305 0.7924293 0.7909403 0.7909403 0.7555973 0.7542078 0.7527551 0.7525962 0.7539024 0.7556598 0.7577870 0.7607636 0.7634683 0.7661476 0.7683018 0.7684850 0.7624707 0.7337561 0.7337561 0.5198772 0.4816287 0.4578686 0.4498093 0.4498093 0.4367069 0.4367069 0.4367745 0.4367745 0.4464226 0.4925912 0.4925912 0.5869283 0.5869283 0.6582794 0.6582794 0.6582794 0.6610990 0.6610990 0.6513718 0.6513718 0.6369476 0.6369476 0.6216034 0.6216034 0.6072931 0.6072931 0.6072931
0.8290619 0.8290619 0.8321241 0.8182710 0.8114435 0.8114435 0.8077576 0.8023124 0.8023124 0.7980257 0.7980257 0.7944535 0.7928596 0.7913665 0.7898862 0.7898862 0.7593890 0.7534369 0.7482266 0.7439914 0.7408857 0.7386298 0.7372590 0.7370361 0.7376084 0.7390203 0.7410536 0.7430507 0.7432024 0.7336943 0.7336943 0.5893970 0.5334895 0.4773664 0.4613203 0.4613203 0.4420545 0.4420545 0.4413725 0.4413725 0.4505097 0.4913906 0.4913906 0.5660048 0.5660048 0.6529397 0.6529397 0.6529397 0.6600180 0.6600180 0.6514224 0.6514224 0.6373475 0.6373475 0.6222047 0.6222047 0.6079748 0.6079748 0.6079748
0.8272423 0.8272423 0.8318933 0.8176572 0.8116066 0.8116066 0.8078291 0.8022900 0.8022900 0.7979851 0.7979851 0.7944049 0.7928072 0.7913104 0.7898173 0.7898173 0.7623106 0.7525626 0.7437569 0.7360726 0.7297181 0.7246011 0.7206948 0.7181337 0.7167422 0.7164962 0.7172662 0.7185960 0.7191236 0.7133414 0.7133414 0.6231877 0.5657456 0.4958480 0.4744848 0.4744848 0.4514457 0.4514457 0.4548340 0.4548340 0.4666105 0.5056634 0.5056634 0.5617411 0.5617411 0.6431050 0.6431050 0.6431050 0.6555258 0.6555258 0.6496179 0.6496179 0.6366100 0.6366100 0.6218907 0.6218907 0.6078902 0.6078902 0.6078902
0.8257641 0.8257641 0.8317954 0.8172393 0.8117535 0.8117535 0.8079352 0.8023047 0.8023047 0.7979840 0.7979840 0.7944014 0.7928028 0.7913055 0.7897939 0.7897939 0.7642272 0.7512882 0.7390681 0.7280703 0.7186241 0.7107878 0.7045454 0.6999391 0.6968429 0.6951653 0.6947708 0.6953112 0.6957734 0.6921825 0.6921825 0.6356946 0.5853181 0.5134121 0.4902140 0.4902140 0.4690239 0.4690239 0.4806135 0.4806135 0.4950606 0.5284528 0.5284528 0.5640907 0.5640907 0.6286187 0.6286187 0.6286187 0.6457510 0.6457510 0.6442348 0.6442348 0.6336526 0.6336526 0.6201798 0.6201798 0.6069576 0.6069576 0.6069576
0.8246205 0.8246205 0.8317885 0.8169706 0.8118764 0.8118764 0.8080375 0.8023200 0.8023200 0.7979819 0.7979819 0.7943968 0.7927976 0.7913004 0.7897608 0.7897608 0.7647341 0.7490255 0.7336641 0.7195292 0.7070957 0.6965501 0.6879352 0.6812712 0.6764652 0.6733987 0.6719165 0.6717166 0.6720241 0.6699956 0.6699956 0.6346544 0.5939349 0.5281767 0.5076337 0.5076337 0.4973124 0.4973124 0.5189738 0.5189738 0.5329993 0.5541574 0.5541574 0.5697349 0.5697349 0.6125758 0.6125758 0.6125758 0.6317289 0.6317289 0.6351789 0.6351789 0.6283089 0.6283089 0.6170878 0.6170878 0.6053356 0.6053356 0.6053356
0.8238085 0.8238085 0.8318323 0.8168187 0.8119751 0.8119751 0.8081226 0.8023316 0.8023316 0.7979779 0.7979779 0.7943917 0.7927930 0.7912966 0.7897152 0.7897152 0.7635357 0.7452464 0.7269974 0.7099602 0.6947279 0.6815801 0.6706203 0.6618814 0.6553047 0.6507806 0.6481537 0.6471599 0.6471990 0.6462618 0.6462618 0.6246397 0.5939220 0.5413518 0.5292258 0.5292258 0.5387785 0.5387785 0.5651382 0.5651382 0.5735849 0.5779672 0.5779672 0.5767295 0.5767295 0.5981612 0.5981612 0.5981612 0.6157376 0.6157376 0.6231207 0.6231207 0.6205820 0.6205820 0.6125290 0.6125290 0.6030084 0.6030084 0.6030084
0.8233239 0.8233239 0.8318855 0.8167482 0.8120415 0.8120415 0.8081776 0.8023369 0.8023369 0.7979736 0.7979736 0.7943887 0.7927907 0.7912951 0.7896538 0.7896538 0.7603441 0.7394404 0.7184836 0.6987907 0.6810118 0.6654701 0.6523072 0.6415727 0.6332374 0.6272147 0.6233693 0.6214798 0.6210908 0.6208380 0.6208380 0.6083900 0.5875700 0.5574518 0.5610242 0.5610242 0.5922772 0.5922772 0.6103854 0.6103854 0.6095095 0.5976495 0.5976495 0.5841766 0.5841766 0.5872260 0.5872260 0.5872260 0.6001220 0.6001220 0.6092585 0.6092585 0.6107558 0.6107558 0.6064684 0.6064684 0.5999151 0.5999151 0.5999151
0.8231630 0.8231630 0.8319104 0.8167287 0.8120643 0.8120643 0.8081957 0.8023375 0.8023375 0.7979720 0.7979720 0.7943883 0.7927905 0.7912950 0.7895694 0.7895694 0.7547831 0.7310488 0.7074751 0.6853609 0.6653292 0.6476877 0.6325755 0.6200424 0.6100739 0.6026055 0.5975297 0.5946727 0.5937129 0.5938564 0.5938564 0.5879806 0.5778555 0.5849266 0.6096817 0.6096817 0.6492896 0.6492896 0.6470464 0.6470464 0.6370720 0.6132706 0.6132706 0.5916997 0.5916997 0.5801754 0.5801754 0.5801754 0.5865902 0.5865902 0.5950121 0.5950121 0.5994406 0.5994406 0.5990403 0.5990403 0.5960429 0.5960429 0.5960429
0.8233240 0.8233240 0.8318854 0.8167481 0.8120414 0.8120414 0.8081777 0.8023368 0.8023368 0.7979738 0.7979738 0.7943887 0.7927905 0.7912949 0.7894521 0.7894521 0.7462965 0.7193736 0.6932023 0.6688940 0.6469432 0.6275733 0.6108714 0.5968568 0.5855064 0.5767655 0.5705510 0.5667370 0.5651492 0.5656871 0.5656871 0.5658212 0.5703576 0.6334571 0.6743293 0.6743293 0.6971077 0.6971077 0.6728689 0.6728689 0.6568600 0.6258692 0.6258692 0.5990899 0.5990899 0.5764968 0.5764968 0.5764968 0.5759870 0.5759870 0.5816901 0.5816901 0.5875037 0.5875037 0.5906073 0.5906073 0.5914930 0.5914930 0.5914930
0.8238086 0.8238086 0.8318322 0.8168186 0.8119752 0.8119752 0.8081225 0.8023315 0.8023315 0.7979780 0.7979780 0.7943917 0.7927929 0.7912965 0.7892907 0.7892907 0.7340162 0.7034531 0.6746818 0.6484360 0.6249648 0.6043273 0.5865034 0.5714443 0.5590915 0.5493818 0.5422443 0.5376008 0.5355061 0.5372192 0.5372192 0.5465745 0.5767516 0.7034003 0.7399968 0.7399968 0.7286082 0.7286082 0.6902488 0.6902488 0.6711991 0.6362687 0.6362687 0.6060467 0.6060467 0.5752687 0.5752687 0.5752687 0.5683857 0.5683857 0.5702332 0.5702332 0.5759322 0.5759322 0.5817564 0.5817564 0.5865118 0.5865118 0.5865118
0.8246207 0.8246207 0.8317884 0.8169706 0.8118764 0.8118764 0.8080375 0.8023198 0.8023198 0.7979820 0.7979820 0.7943966 0.7927976 0.7913004 0.7890697 0.7890697 0.7165349 0.6818678 0.6505677 0.6227533 0.5982854 0.5769687 0.5586185 0.5430813 0.5302373 0.5199953 0.5122834 0.5070854 0.5050272 0.5112212 0.5112212 0.5418153 0.6155587 0.7756462 0.7861663 0.7861663 0.7464643 0.7464643 0.7022876 0.7022876 0.6819453 0.6448298 0.6448298 0.6122422 0.6122422 0.5755655 0.5755655 0.5755655 0.5633895 0.5633895 0.5611311 0.5611311 0.5656258 0.5656258 0.5732329 0.5732329 0.5815069 0.5815069 0.5815069
