simulation_files/asc/Depth____45.0.asc
NCOLS       411
NROWS       131
XLLCENTER    2538020.000000
YLLCENTER    1152390.000000
CELLSIZE           1.000
NODATA_VALUE     -9999.0
[rows 26 to 51 of 131, columns 300 to 359 of 411]
0.3827523 0.3817540 0.3818455 0.3831789 0.3785023 0.3838865 0.3900034 0.3908360 0.3999019 0.4107406 0.4225805 0.4312231 0.4455334 0.4594800 0.4705826 0.4786773 0.4969300 0.5155844 0.5347476 0.5670677 0.6079370 0.6505399 0.6963058 0.7503513 0.7911086 0.7994263 0.7408000 0.6257056 0.5451463 0.5195597 0.5140523 0.5136431 0.5156084 0.5187416 0.5223907 0.5261841 0.5309851 0.5360725 0.5417805 0.5443114 0.5506465 0.5573213 0.5598520 0.5627065 0.5653960 0.5667704 0.5632200 0.5633144 0.5637935 0.5624414 0.5609157 0.5624181 0.5642987 0.5618900 0.5654847 0.5702699 0.5763400 0.5809281 0.5923843 0.6058449
0.3262395 0.3248405 0.3241981 0.3203117 0.3196560 0.3231831 0.3285632 0.3295904 0.3360206 0.3457864 0.3523444 0.3638820 0.3764920 0.3887748 0.3929469 0.4049729 0.4211337 0.4348745 0.4521023 0.4762302 0.5070365 0.5354556 0.5860913 0.6464207 0.7074810 0.7660932 0.8015657 0.7699527 0.6728211 0.5492426 0.5042260 0.4990579 0.4944485 0.4939682 0.4941643 0.4919750 0.4942643 0.4968055 0.4972540 0.4959464 0.5013832 0.5104637 0.5158162 0.5185955 0.5228579 0.5212662 0.5178531 0.5167120 0.5152250 0.5094184 0.5050431 0.5052322 0.5018683 0.5027290 0.5079669 0.5146236 0.5175357 0.5252907 0.5361834 0.5505873
0.2784648 0.2827106 0.2846613 0.2814750 0.2806498 0.2806183 0.2813915 0.2820124 0.2872185 0.2926527 0.2945610 0.3025400 0.3113440 0.3180181 0.3250595 0.3387886 0.3553011 0.3704788 0.3870202 0.4071398 0.4252524 0.4502836 0.4885082 0.5393365 0.5968066 0.6744725 0.7670163 0.8408466 0.8148181 0.6541174 0.5131624 0.4702462 0.4599771 0.4556279 0.4534683 0.4475113 0.4467726 0.4466893 0.4405979 0.4396857 0.4421080 0.4489137 0.4494033 0.4570170 0.4634747 0.4653608 0.4642365 0.4638690 0.4607950 0.4525770 0.4497091 0.4481613 0.4463390 0.4433015 0.4481284 0.4523873 0.4552367 0.4648450 0.4749840 0.4811678
0.2254584 0.2347814 0.2427565 0.2421126 0.2440234 0.2446339 0.2409049 0.2421296 0.2449353 0.2483988 0.2461939 0.2499212 0.2555820 0.2567018 0.2664831 0.2797445 0.2961274 0.3086184 0.3303821 0.3524327 0.3708589 0.3856549 0.4085205 0.4382931 0.4704762 0.5322761 0.6163310 0.7096903 0.7922679 0.7955899 0.6153406 0.4551893 0.4291237 0.4172743 0.4091787 0.4025120 0.4006129 0.3993798 0.3935522 0.3910896 0.3899977 0.3879169 0.3866659 0.3911564 0.3987868 0.4030554 0.4096111 0.4159157 0.4160203 0.4157608 0.4129450 0.4087753 0.4011562 0.3994859 0.4017490 0.4056508 0.4057424 0.4117457 0.4215622 0.4290787
0.1710281 0.1765983 0.1830423 0.1912182 0.2013230 0.2057149 0.2022443 0.2021239 0.2022863 0.2005161 0.1974575 0.1986601 0.2019133 0.2023208 0.2073912 0.2178081 0.2285078 0.2416074 0.2636829 0.2889765 0.3088143 0.3177037 0.3185880 0.3064036 0.2924526 0.3002720 0.3356013 0.3963856 0.5186334 0.6831661 0.7261361 0.5639788 0.4299925 0.3962509 0.3787502 0.3710204 0.3644431 0.3594678 0.3540106 0.3538431 0.3522513 0.3432048 0.3381303 0.3355143 0.3361826 0.3320274 0.3400599 0.3488127 0.3576617 0.3545281 0.3597515 0.3628194 0.3560621 0.3570691 0.3595596 0.3626159 0.3630241 0.3717072 0.3761984 0.3809701
0.1273598 0.1259761 0.1259115 0.1374094 0.1533216 0.1644074 0.1653642 0.1651201 0.1636568 0.1577413 0.1557275 0.1539430 0.1542116 0.1529818 0.1581990 0.1657086 0.1691877 0.1797817 0.1944561 0.2133879 0.2114515 0.2037167 0.1845431 0.1650446 0.1462332 0.1426981 0.1547726 0.1952944 0.2995381 0.4898914 0.6701440 0.5820897 0.4395699 0.3862213 0.3640035 0.3519474 0.3409588 0.3303110 0.3245343 0.3273994 0.3300307 0.3264171 0.3192574 0.3112498 0.3028522 0.2943275 0.2865975 0.2796085 0.2708320 0.2677492 0.2796527 0.2958324 0.3049406 0.3122044 0.3171612 0.3197122 0.3231267 0.3264874 0.3315935 0.3405924
0.9609795E-01 0.9137791E-01 0.9189745E-01 0.1036292 0.1188472 0.1297448 0.1325740 0.1337699 0.1324006 0.1287593 0.1260808 0.1234994 0.1209440 0.1217956 0.1262067 0.1291270 0.1271186 0.1211641 0.1178876 0.1077230 0.9641133E-01 0.9239815E-01 0.9374011E-01 0.9714572E-01 0.1012046 0.1018306 0.1071300 0.1288869 0.1999638 0.3498830 0.5176002 0.4977980 0.3941539 0.3694156 0.3477919 0.3294888 0.3127719 0.2971578 0.2931981 0.3001969 0.3116201 0.3122147 0.3103075 0.3013831 0.2827406 0.2658804 0.2476634 0.2305560 0.2158167 0.2106481 0.2233380 0.2477555 0.2632139 0.2724597 0.2771635 0.2800996 0.2872608 0.2938196 0.3002213 0.3041131
0.7944062E-01 0.7761140E-01 0.8340221E-01 0.9610094E-01 0.1116250 0.1182949 0.1144602 0.1103300 0.1086975 0.1068830 0.1062142 0.1047914 0.1007432 0.1016089 0.1019824 0.9759373E-01 0.8205026E-01 0.6594383E-01 0.5251579E-01 0.4163671E-01 0.3959147E-01 0.4700945E-01 0.5970218E-01 0.7244343E-01 0.8121928E-01 0.8483501E-01 0.9053379E-01 0.1067420 0.1576341 0.2583301 0.3540522 0.3514790 0.3179300 0.3282204 0.3264647 0.3013077 0.2733413 0.2550353 0.2487618 0.2547594 0.2594113 0.2589851 0.2538133 0.2437541 0.2249182 0.2126061 0.2048754 0.1959146 0.1872814 0.1916085 0.2098714 0.2318681 0.2427543 0.2479506 0.2526144 0.2541059 0.2583570 0.2635716 0.2694009 0.2699233
0.7303112E-01 0.7329832E-01 0.8020484E-01 0.9455614E-01 0.1109769 0.1153752 0.1076730 0.1001363 0.9755056E-01 0.9630818E-01 0.9346259E-01 0.8952845E-01 0.8525519E-01 0.8257381E-01 0.7911662E-01 0.6687549E-01 0.4671640E-01 0.3046022E-01 0.2286835E-01 0.2323856E-01 0.2804672E-01 0.3445861E-01 0.4010678E-01 0.5170504E-01 0.6284341E-01 0.7002033E-01 0.7886726E-01 0.9083289E-01 0.1292705 0.1893264 0.2350138 0.2298841 0.2297084 0.2631798 0.2927415 0.2799964 0.2474330 0.2161136 0.2025926 0.2016942 0.1922268 0.1783105 0.1666310 0.1579817 0.1496525 0.1521981 0.1585781 0.1647400 0.1746521 0.1954427 0.2208508 0.2382679 0.2424834 0.2421873 0.2408605 0.2384623 0.2385583 0.2425150 0.2449228 0.2427172
0.6496693E-01 0.6505178E-01 0.7207529E-01 0.8995686E-01 0.1071693 0.1109232 0.1008933 0.9376075E-01 0.9227511E-01 0.8804241E-01 0.8248576E-01 0.7531168E-01 0.6804638E-01 0.6429387E-01 0.5996735E-01 0.4530269E-01 0.2601124E-01 -9999.000 -9999.000 -9999.000 -9999.000 -9999.000 0.1993734E-01 0.2925230E-01 0.3983183E-01 0.4981438E-01 0.6004585E-01 0.7752836E-01 0.1043905 0.1311220 0.1480735 0.1533963 0.1664705 0.1944646 0.2233233 0.2336415 0.2255581 0.2042864 0.1760707 0.1569332 0.1356088 0.1175551 0.1106717 0.1072477 0.1089538 0.1139259 0.1238457 0.1397989 0.1682583 0.2016607 0.2301985 0.2459129 0.2473072 0.2444149 0.2387731 0.2331129 0.2304283 0.2301191 0.2302923 0.2299551
0.6228261E-01 0.6558216E-01 0.7755275E-01 0.9342257E-01 0.1052796 0.1044029 0.9198097E-01 0.8558460E-01 0.8138261E-01 0.7572985E-01 0.6917809E-01 0.6104909E-01 0.5432338E-01 0.4931787E-01 0.4424889E-01 0.2860678E-01 0.1496210E-01 -9999.000 -9999.000 -9999.000 -9999.000 -9999.000 0.1684615E-01 0.2314514E-01 0.3122359E-01 0.3709563E-01 0.4125571E-01 0.6089676E-01 0.8204465E-01 0.9693218E-01 0.1103322 0.1135745 0.1298879 0.1499929 0.1694230 0.1791031 0.1888332 0.1886678 0.1621664 0.1277309 0.1033414 0.9300531E-01 0.9005481E-01 0.9008299E-01 0.9433342E-01 0.1037576 0.1205812 0.1471773 0.1781649 0.2067671 0.2253503 0.2335453 0.2371200 0.2371063 0.2343044 0.2276166 0.2247935 0.2251166 0.2298657 0.2351366
0.6109806E-01 0.6642549E-01 0.8045415E-01 0.9406873E-01 0.1018551 0.9736873E-01 0.8015314E-01 0.7508873E-01 0.7008425E-01 0.6385499E-01 0.5676540E-01 0.4997012E-01 0.4444507E-01 0.3886285E-01 0.3288111E-01 0.2173237E-01 -9999.000 -9999.000 -9999.000 -9999.000 -9999.000 -9999.000 -9999.000 -9999.000 0.2462409E-01 0.2844218E-01 0.3417234E-01 0.4550762E-01 0.5991420E-01 0.7724726E-01 0.9226361E-01 0.9974055E-01 0.1115865 0.1285917 0.1417092 0.1498176 0.1568591 0.1674153 0.1609657 0.1173706 0.9097622E-01 0.8306744E-01 0.8157711E-01 0.8361011E-01 0.9141177E-01 0.1044420 0.1254823 0.1537348 0.1828480 0.2061538 0.2171079 0.2213900 0.2237554 0.2238144 0.2211254 0.2202146 0.2238458 0.2352679 0.2491206 0.2625420
0.7103423E-01 0.7569658E-01 0.8608105E-01 0.9526928E-01 0.9823482E-01 0.8621201E-01 0.7199244E-01 0.6609322E-01 0.6032715E-01 0.5325193E-01 0.4564623E-01 0.4107138E-01 0.3476006E-01 0.2561380E-01 0.1943084E-01 0.1430587E-01 -9999.000 -9999.000 -9999.000 -9999.000 -9999.000 -9999.000 -9999.000 -9999.000 -9999.000 0.1999303E-01 0.2999614E-01 0.3562460E-01 0.4604937E-01 0.6762973E-01 0.8394873E-01 0.9311413E-01 0.1061977 0.1206782 0.1311766 0.1394254 0.1468548 0.1541559 0.1535250 0.1245998 0.8669351E-01 0.7809332E-01 0.7751446E-01 0.8325481E-01 0.9408587E-01 0.1101159 0.1335955 0.1631769 0.1887689 0.2046796 0.2099897 0.2119143 0.2120955 0.2106468 0.2096816 0.2123076 0.2210466 0.2368109 0.2535596 0.2714665
0.9093730E-01 0.1061422 0.1106258 0.1107484 0.9901256E-01 0.7256005E-01 0.6058476E-01 0.5340011E-01 0.4761267E-01 0.4036872E-01 0.3534791E-01 0.2869960E-01 0.2106868E-01 0.1326811E-01 -9999.000 -9999.000 -9999.000 -9999.000 -9999.000 -9999.000 -9999.000 -9999.000 -9999.000 -9999.000 -9999.000 -9999.000 -9999.000 -9999.000 0.3861604E-01 0.6205679E-01 0.7753398E-01 0.8749121E-01 0.9985754E-01 0.1128969 0.1239920 0.1327076 0.1410375 0.1482245 0.1540651 0.1310087 0.9101151E-01 0.7709902E-01 0.7827129E-01 0.8687265E-01 0.1017090 0.1250121 0.1570747 0.1863712 0.2072436 0.2148368 0.2149521 0.2127938 0.2077634 0.2005373 0.1978795 0.2021718 0.2125558 0.2210163 0.2283849 0.2349968
0.1103413 0.1283338 0.1289791 0.1167471 0.8797500E-01 0.6412880E-01 0.5070722E-01 0.4008129E-01 0.3314729E-01 0.2620998E-01 0.2147887E-01 0.1542532E-01 -9999.000 -9999.000 -9999.000 -9999.000 -9999.000 -9999.000 -9999.000 -9999.000 -9999.000 -9999.000 -9999.000 -9999.000 -9999.000 -9999.000 -9999.000 -9999.000 0.2967081E-01 0.5119901E-01 0.7200889E-01 0.8314744E-01 0.9561524E-01 0.1080362 0.1184975 0.1274470 0.1355125 0.1433841 0.1488747 0.1413594 0.1024567 0.8451087E-01 0.8970815E-01 0.1056857 0.1281514 0.1588901 0.1907427 0.2149245 0.2262613 0.2272829 0.2218115 0.2105024 0.1957464 0.1883579 0.1871392 0.1920082 0.1973395 0.1995204 0.1999667 0.1949824
0.1000892 0.1048455 0.9189426E-01 0.6698177E-01 0.5050086E-01 0.4606995E-01 0.3637187E-01 0.2582829E-01 0.1918078E-01 -9999.000 -9999.000 -9999.000 -9999.000 -9999.000 -9999.000 -9999.000 -9999.000 -9999.000 -9999.000 -9999.000 -9999.000 -9999.000 -9999.000 -9999.000 -9999.000 -9999.000 -9999.000 -9999.000 -9999.000 0.4587101E-01 0.6754257E-01 0.8315801E-01 0.9709590E-01 0.1086243 0.1180038 0.1257538 0.1333118 0.1417487 0.1493492 0.1483625 0.1225395 0.1111721 0.1259545 0.1463230 0.1750608 0.2066903 0.2333711 0.2467783 0.2442405 0.2328569 0.2184581 0.1977192 0.1796571 0.1720945 0.1758729 0.1792816 0.1820975 0.1808577 0.1752026 0.1607698
0.7694926E-01 0.5796995E-01 0.4680090E-01 -9999.000 -9999.000 -9999.000 -9999.000 -9999.000 -9999.000 -9999.000 -9999.000 -9999.000 -9999.000 -9999.000 -9999.000 -9999.000 -9999.000 -9999.000 -9999.000 -9999.000 -9999.000 -9999.000 -9999.000 -9999.000 -9999.000 -9999.000 -9999.000 -9999.000 -9999.000 0.4253466E-01 0.6460220E-01 0.8256055E-01 0.9796142E-01 0.1093289 0.1177110 0.1245697 0.1312686 0.1394307 0.1497803 0.1594774 0.1562581 0.1610342 0.1781771 0.1999364 0.2227154 0.2434194 0.2534554 0.2488846 0.2316162 0.2177018 0.2045587 0.1815606 0.1665309 0.1657968 0.1693407 0.1734225 0.1724510 0.1644730 0.1473854 0.1184970
0.5632641E-01 0.3142636E-01 -9999.000 -9999.000 -9999.000 -9999.000 -9999.000 -9999.000 -9999.000 -9999.000 -9999.000 -9999.000 -9999.000 -9999.000 -9999.000 -9999.000 -9999.000 -9999.000 -9999.000 -9999.000 -9999.000 -9999.000 -9999.000 -9999.000 -9999.000 -9999.000 -9999.000 -9999.000 -9999.000 0.3387445E-01 0.5588002E-01 0.7453417E-01 0.9191603E-01 0.1043746 0.1128503 0.1209909 0.1271560 0.1349689 0.1464101 0.1567196 0.1645829 0.1788905 0.1954958 0.2133841 0.2254866 0.2280172 0.2265197 0.2152202 0.2031911 0.2050824 0.2023750 0.1773396 0.1604221 0.1612535 0.1674501 0.1675673 0.1593934 0.1424183 0.1137647 0.7630824E-01
0.3222914E-01 0.1885841E-01 -9999.000 -9999.000 -9999.000 -9999.000 -9999.000 -9999.000 -9999.000 -9999.000 -9999.000 -9999.000 -9999.000 -9999.000 -9999.000 -9999.000 -9999.000 -9999.000 -9999.000 -9999.000 -9999.000 -9999.000 -9999.000 -9999.000 -9999.000 -9999.000 -9999.000 -9999.000 -9999.000 -9999.000 0.3995700E-01 0.5777335E-01 0.7643997E-01 0.9205450E-01 0.1029868 0.1129312 0.1212792 0.1308783 0.1424185 0.1523489 0.1603705 0.1693710 0.1801648 0.1899334 0.1903639 0.1825908 0.1717132 0.1618372 0.1664983 0.1964311 0.2080117 0.1836238 0.1618781 0.1619360 0.1645248 0.1564345 0.1413848 0.1168614 0.8021914E-01 0.3737994E-01
-9999.000 -9999.000 -9999.000 -9999.000 -9999.000 -9999.000 -9999.000 -9999.000 -9999.000 -9999.000 -9999.000 -9999.000 -9999.000 -9999.000 -9999.000 -9999.000 -9999.000 -9999.000 -9999.000 -9999.000 -9999.000 -9999.000 -9999.000 -9999.000 -9999.000 -9999.000 -9999.000 -9999.000 -9999.000 -9999.000 0.2988816E-01 0.4107780E-01 0.5857122E-01 0.7621272E-01 0.9080024E-01 0.1039364 0.1167755 0.1310064 0.1449588 0.1528519 0.1567633 0.1598480 0.1673080 0.1692592 0.1604326 0.1473490 0.1308784 0.1232250 0.1458941 0.1974410 0.2160176 0.1885493 0.1679770 0.1668702 0.1633143 0.1423570 0.1167305 0.8383147E-01 0.4117849E-01 0.1691874E-01
-9999.000 -9999.000 -9999.000 -9999.000 -9999.000 -9999.000 -9999.000 -9999.000 -9999.000 -9999.000 -9999.000 -9999.000 -9999.000 -9999.000 -9999.000 -9999.000 -9999.000 -9999.000 -9999.000 -9999.000 -9999.000 -9999.000 -9999.000 -9999.000 -9999.000 -9999.000 -9999.000 -9999.000 -9999.000 -9999.000 -9999.000 0.3092860E-01 0.4405265E-01 0.5930419E-01 0.7734133E-01 0.9653495E-01 0.1155066 0.1340872 0.1462432 0.1492938 0.1470790 0.1486995 0.1532904 0.1507772 0.1401576 0.1256493 0.1131805 0.1140707 0.1477699 0.2045782 0.2264061 0.1991730 0.1774385 0.1664198 0.1480960 0.1205703 0.9082454E-01 0.5450935E-01 0.2478661E-01 -9999.000
-9999.000 -9999.000 -9999.000 -9999.000 -9999.000 -9999.000 -9999.000 -9999.000 -9999.000 -9999.000 -9999.000 -9999.000 -9999.000 -9999.000 -9999.000 -9999.000 -9999.000 -9999.000 -9999.000 -9999.000 -9999.000 -9999.000 -9999.000 -9999.000 -9999.000 -9999.000 -9999.000 -9999.000 -9999.000 -9999.000 0.1311196E-01 0.2166299E-01 0.3328336E-01 0.5155679E-01 0.7531945E-01 0.9848131E-01 0.1217022 0.1396849 0.1463011 0.1422454 0.1361001 0.1408516 0.1475490 0.1408117 0.1257193 0.1134424 0.1087710 0.1210793 0.1631489 0.2188236 0.2411093 0.2110807 0.1785108 0.1608575 0.1292362 0.9751357E-01 0.6649455E-01 0.3931987E-01 -9999.000 -9999.000
-9999.000 -9999.000 -9999.000 -9999.000 -9999.000 -9999.000 -9999.000 -9999.000 -9999.000 -9999.000 -9999.000 -9999.000 -9999.000 -9999.000 -9999.000 -9999.000 -9999.000 -9999.000 -9999.000 -9999.000 -9999.000 -9999.000 -9999.000 -9999.000 -9999.000 -9999.000 -9999.000 -9999.000 -9999.000 -9999.000 -9999.000 0.2780638E-01 0.4274741E-01 0.6536013E-01 0.8924800E-01 0.1110466 0.1288056 0.1410960 0.1415650 0.1338262 0.1313275 0.1444811 0.1544194 0.1351498 0.1107105 0.1041427 0.1139144 0.1460325 0.1935369 0.2417415 0.2567994 0.2143448 0.1712729 0.1380695 0.1075477 0.7947481E-01 0.5276285E-01 -9999.000 -9999.000 -9999.000
-9999.000 -9999.000 -9999.000 -9999.000 -9999.000 -9999.000 -9999.000 -9999.000 -9999.000 -9999.000 -9999.000 -9999.000 -9999.000 -9999.000 -9999.000 -9999.000 -9999.000 -9999.000 -9999.000 -9999.000 -9999.000 -9999.000 -9999.000 -9999.000 -9999.000 -9999.000 -9999.000 -9999.000 -9999.000 -9999.000 -9999.000 0.2895353E-01 0.4205654E-01 0.6145937E-01 0.8284278E-01 0.1021203 0.1164916 0.1282211 0.1293246 0.1245429 0.1273197 0.1416906 0.1477086 0.1252791 0.1056680 0.1165351 0.1550144 0.2080011 0.2544164 0.2831525 0.2713201 0.2168002 0.1686308 0.1332185 0.1033972 0.7647304E-01 0.4404588E-01 -9999.000 -9999.000 -9999.000
-9999.000 -9999.000 -9999.000 -9999.000 -9999.000 -9999.000 -9999.000 -9999.000 -9999.000 -9999.000 -9999.000 -9999.000 -9999.000 -9999.000 -9999.000 -9999.000 -9999.000 -9999.000 -9999.000 -9999.000 -9999.000 -9999.000 -9999.000 -9999.000 -9999.000 -9999.000 -9999.000 -9999.000 -9999.000 -9999.000 -9999.000 -9999.000 0.3576992E-01 0.5119015E-01 0.6585301E-01 0.8030472E-01 0.9377818E-01 0.1026849 0.1055827 0.1047063 0.1088210 0.1179262 0.1279472 0.1332024 0.1491294 0.1893122 0.2516090 0.2912926 0.3095361 0.3122397 0.2936199 0.2579887 0.2016881 0.1577109 0.1146518 0.6250389E-01 0.2253242E-01 -9999.000 -9999.000 -9999.000
-9999.000 -9999.000 -9999.000 -9999.000 -9999.000 -9999.000 -9999.000 -9999.000 -9999.000 -9999.000 -9999.000 -9999.000 -9999.000 -9999.000 -9999.000 -9999.000 -9999.000 -9999.000 -9999.000 -9999.000 0.2607326E-01 0.3479708E-01 0.3844975E-01 0.3485418E-01 0.2849313E-01 0.2726796E-01 -9999.000 -9999.000 -9999.000 -9999.000 -9999.000 -9999.000 0.2918436E-01 0.4437312E-01 0.5664808E-01 0.6682430E-01 0.7807660E-01 0.8532272E-01 0.8770071E-01 0.8957428E-01 0.9240775E-01 0.1063805 0.1527069 0.2298506 0.2754411 0.2925271 0.3056942 0.3099812 0.3131242 0.3033873 0.2732993 0.2351451 0.1902879 0.1269441 0.9585577E-01 -9999.000 -9999.000 -9999.000 -9999.000 -9999.000
