simulation_files/asc/Depth____143.0.asc
NCOLS        79
NROWS        79
XLLCENTER         -1.500000
YLLCENTER         -4.800000
CELLSIZE           0.100
NODATA_VALUE     -9999.0
[rows 0 to 25 of 79, columns 0 to 58 of 79]
-9999.000 -9999.000 -9999.000 -9999.000 -9999.000 -9999.000 -9999.000 -9999.000 -9999.000 -9999.000 -9999.000 -9999.000 -9999.000 -9999.000 -9999.000 0.5491647 0.5493736 0.5493423 0.5492536 0.5491210 0.5489537 0.5487626 0.5485583 0.5483501 0.5481446 0.5479429 0.5477384 0.5474874 0.5470917 0.5470501 0.5470501 -9999.000 -9999.000 -9999.000 -9999.000 -9999.000 -9999.000 -9999.000 -9999.000 -9999.000 -9999.000 -9999.000 -9999.000 -9999.000 -9999.000 -9999.000 -9999.000 -9999.000 -9999.000 -9999.000 -9999.000 -9999.000 -9999.000 -9999.000 -9999.000 -9999.000 -9999.000 -9999.000 -9999.000
-9999.000 -9999.000 -9999.000 -9999.000 -9999.000 -9999.000 -9999.000 -9999.000 -9999.000 -9999.000 -9999.000 -9999.000 -9999.000 -9999.000 -9999.000 0.5509641 0.5511733 0.5511433 0.5510671 0.5509562 0.5508184 0.5506625 0.5504972 0.5503306 0.5501682 0.5500113 0.5498545 0.5496589 0.5493343 0.5493541 0.5493541 -9999.000 -9999.000 -9999.000 -9999.000 -9999.000 -9999.000 -9999.000 -9999.000 -9999.000 -9999.000 -9999.000 -9999.000 -9999.000 -9999.000 -9999.000 -9999.000 -9999.000 -9999.000 -9999.000 -9999.000 -9999.000 -9999.000 -9999.000 -9999.000 -9999.000 -9999.000 -9999.000 -9999.000
-9999.000 -9999.000 -9999.000 -9999.000 -9999.000 -9999.000 -9999.000 -9999.000 -9999.000 -9999.000 -9999.000 -9999.000 -9999.000 -9999.000 -9999.000 0.5529165 0.5531512 0.5531258 0.5530543 0.5529494 0.5528184 0.5526708 0.5525151 0.5523592 0.5522079 0.5520616 0.5519130 0.5517197 0.5513842 0.5513983 0.5513983 -9999.000 -9999.000 -9999.000 -9999.000 -9999.000 -9999.000 -9999.000 -9999.000 -9999.000 -9999.000 -9999.000 -9999.000 -9999.000 -9999.000 -9999.000 -9999.000 -9999.000 -9999.000 -9999.000 -9999.000 -9999.000 -9999.000 -9999.000 -9999.000 -9999.000 -9999.000 -9999.000 -9999.000
-9999.000 -9999.000 -9999.000 -9999.000 -9999.000 -9999.000 -9999.000 -9999.000 -9999.000 -9999.000 -9999.000 -9999.000 -9999.000 -9999.000 -9999.000 0.5549064 0.5551577 0.5551339 0.5550639 0.5549605 0.5548312 0.5546857 0.5545328 0.5543801 0.5542324 0.5540891 0.5539420 0.5537449 0.5533924 0.5533855 0.5533855 -9999.000 -9999.000 -9999.000 -9999.000 -9999.000 -9999.000 -9999.000 -9999.000 -9999.000 -9999.000 -9999.000 -9999.000 -9999.000 -9999.000 -9999.000 -9999.000 -9999.000 -9999.000 -9999.000 -9999.000 -9999.000 -9999.000 -9999.000 -9999.000 -9999.000 -9999.000 -9999.000 -9999.000
-9999.000 -9999.000 -9999.000 -9999.000 -9999.000 -9999.000 -9999.000 -9999.000 -9999.000 -9999.000 -9999.000 -9999.000 -9999.000 -9999.000 -9999.000 0.5569155 0.5571780 0.5571542 0.5570835 0.5569790 0.5568482 0.5567013 0.5565473 0.5563939 0.5562459 0.5561019 0.5559524 0.5557476 0.5553725 0.5553308 0.5553308 -9999.000 -9999.000 -9999.000 -9999.000 -9999.000 -9999.000 -9999.000 -9999.000 -9999.000 -9999.000 -9999.000 -9999.000 -9999.000 -9999.000 -9999.000 -9999.000 -9999.000 -9999.000 -9999.000 -9999.000 -9999.000 -9999.000 -9999.000 -9999.000 -9999.000 -9999.000 -9999.000 -9999.000
-9999.000 -9999.000 -9999.000 -9999.000 -9999.000 -9999.000 -9999.000 -9999.000 -9999.000 -9999.000 -9999.000 -9999.000 -9999.000 -9999.000 -9999.000 0.5589327 0.5592035 0.5591786 0.5591061 0.5589989 0.5588650 0.5587147 0.5585575 0.5584012 0.5582505 0.5581034 0.5579493 0.5577338 0.5573303 0.5572390 0.5572390 -9999.000 -9999.000 -9999.000 -9999.000 -9999.000 -9999.000 -9999.000 -9999.000 -9999.000 -9999.000 -9999.000 -9999.000 -9999.000 -9999.000 -9999.000 -9999.000 -9999.000 -9999.000 -9999.000 -9999.000 -9999.000 -9999.000 -9999.000 -9999.000 -9999.000 -9999.000 -9999.000 -9999.000
-9999.000 -9999.000 -9999.000 -9999.000 -9999.000 -9999.000 -9999.000 -9999.000 -9999.000 -9999.000 -9999.000 -9999.000 -9999.000 -9999.000 -9999.000 0.5609519 0.5612290 0.5612022 0.5611271 0.5610165 0.5608784 0.5607236 0.5605620 0.5604015 0.5602466 0.5600948 0.5599344 0.5597051 0.5592671 0.5591086 0.5591086 -9999.000 -9999.000 -9999.000 -9999.000 -9999.000 -9999.000 -9999.000 -9999.000 -9999.000 -9999.000 -9999.000 -9999.000 -9999.000 -9999.000 -9999.000 -9999.000 -9999.000 -9999.000 -9999.000 -9999.000 -9999.000 -9999.000 -9999.000 -9999.000 -9999.000 -9999.000 -9999.000 -9999.000
-9999.000 -9999.000 -9999.000 -9999.000 -9999.000 -9999.000 -9999.000 -9999.000 -9999.000 -9999.000 -9999.000 -9999.000 -9999.000 -9999.000 -9999.000 0.5629690 0.5632513 0.5632219 0.5631436 0.5630290 0.5628860 0.5627260 0.5625591 0.5623935 0.5622336 0.5620760 0.5619075 0.5616615 0.5611816 0.5609332 0.5609332 -9999.000 -9999.000 -9999.000 -9999.000 -9999.000 -9999.000 -9999.000 -9999.000 -9999.000 -9999.000 -9999.000 -9999.000 -9999.000 -9999.000 -9999.000 -9999.000 -9999.000 -9999.000 -9999.000 -9999.000 -9999.000 -9999.000 -9999.000 -9999.000 -9999.000 -9999.000 -9999.000 -9999.000
-9999.000 -9999.000 -9999.000 -9999.000 -9999.000 -9999.000 -9999.000 -9999.000 -9999.000 -9999.000 -9999.000 -9999.000 -9999.000 -9999.000 -9999.000 0.5649816 0.5652682 0.5652356 0.5651534 0.5650342 0.5648855 0.5647196 0.5645468 0.5643754 0.5642097 0.5640454 0.5638674 0.5636014 0.5630709 0.5627013 0.5627013 -9999.000 -9999.000 -9999.000 -9999.000 -9999.000 -9999.000 -9999.000 -9999.000 -9999.000 -9999.000 -9999.000 -9999.000 -9999.000 -9999.000 -9999.000 -9999.000 -9999.000 -9999.000 -9999.000 -9999.000 -9999.000 -9999.000 -9999.000 -9999.000 -9999.000 -9999.000 -9999.000 -9999.000
-9999.000 -9999.000 -9999.000 -9999.000 -9999.000 -9999.000 -9999.000 -9999.000 -9999.000 -9999.000 -9999.000 -9999.000 -9999.000 -9999.000 -9999.000 0.5669877 0.5672784 0.5672417 0.5671548 0.5670300 0.5668747 0.5667019 0.5665225 0.5663447 0.5661727 0.5660007 0.5658117 0.5655217 0.5649297 0.5643950 0.5643950 -9999.000 -9999.000 -9999.000 -9999.000 -9999.000 -9999.000 -9999.000 -9999.000 -9999.000 -9999.000 -9999.000 -9999.000 -9999.000 -9999.000 -9999.000 -9999.000 -9999.000 -9999.000 -9999.000 -9999.000 -9999.000 -9999.000 -9999.000 -9999.000 -9999.000 -9999.000 -9999.000 -9999.000
-9999.000 -9999.000 -9999.000 -9999.000 -9999.000 -9999.000 -9999.000 -9999.000 -9999.000 -9999.000 -9999.000 -9999.000 -9999.000 -9999.000 -9999.000 0.5689854 0.5692804 0.5692388 0.5691462 0.5690147 0.5688514 0.5686705 0.5684832 0.5682981 0.5681189 0.5679384 0.5677367 0.5674178 0.5667504 0.5659863 0.5659863 -9999.000 -9999.000 -9999.000 -9999.000 -9999.000 -9999.000 -9999.000 -9999.000 -9999.000 -9999.000 -9999.000 -9999.000 -9999.000 -9999.000 -9999.000 -9999.000 -9999.000 -9999.000 -9999.000 -9999.000 -9999.000 -9999.000 -9999.000 -9999.000 -9999.000 -9999.000 -9999.000 -9999.000
-9999.000 -9999.000 -9999.000 -9999.000 -9999.000 -9999.000 -9999.000 -9999.000 -9999.000 -9999.000 -9999.000 -9999.000 -9999.000 -9999.000 -9999.000 0.5709717 0.5712721 0.5712249 0.5711257 0.5709862 0.5708132 0.5706223 0.5704255 0.5702316 0.5700440 0.5698536 0.5696368 0.5692823 0.5685212 0.5674310 0.5674310 -9999.000 -9999.000 -9999.000 -9999.000 -9999.000 -9999.000 -9999.000 -9999.000 -9999.000 -9999.000 -9999.000 -9999.000 -9999.000 -9999.000 -9999.000 -9999.000 -9999.000 -9999.000 -9999.000 -9999.000 -9999.000 -9999.000 -9999.000 -9999.000 -9999.000 -9999.000 -9999.000 -9999.000
-9999.000 -9999.000 -9999.000 -9999.000 -9999.000 -9999.000 -9999.000 -9999.000 -9999.000 -9999.000 -9999.000 -9999.000 -9999.000 -9999.000 -9999.000 0.5729410 0.5732493 0.5731962 0.5730899 0.5729412 0.5727568 0.5725537 0.5723448 0.5721397 0.5719416 0.5717387 0.5715030 0.5711036 0.5702238 0.5686558 0.5686558 -9999.000 -9999.000 -9999.000 -9999.000 -9999.000 -9999.000 -9999.000 -9999.000 -9999.000 -9999.000 -9999.000 -9999.000 -9999.000 -9999.000 -9999.000 -9999.000 -9999.000 -9999.000 -9999.000 -9999.000 -9999.000 -9999.000 -9999.000 -9999.000 -9999.000 -9999.000 -9999.000 -9999.000
-9999.000 -9999.000 -9999.000 -9999.000 -9999.000 -9999.000 -9999.000 -9999.000 -9999.000 -9999.000 -9999.000 -9999.000 -9999.000 -9999.000 -9999.000 0.5748746 0.5751984 0.5751417 0.5750303 0.5748735 0.5746773 0.5744603 0.5742366 0.5740169 0.5738040 0.5735838 0.5733225 0.5728636 0.5718288 0.5695377 0.5695377 -9999.000 -9999.000 -9999.000 -9999.000 -9999.000 -9999.000 -9999.000 -9999.000 -9999.000 -9999.000 -9999.000 -9999.000 -9999.000 -9999.000 -9999.000 -9999.000 -9999.000 -9999.000 -9999.000 -9999.000 -9999.000 -9999.000 -9999.000 -9999.000 -9999.000 -9999.000 -9999.000 -9999.000
-9999.000 -9999.000 -9999.000 -9999.000 -9999.000 -9999.000 -9999.000 -9999.000 -9999.000 -9999.000 -9999.000 -9999.000 -9999.000 -9999.000 -9999.000 0.5751004 0.5764683 0.5767987 0.5769598 0.5769811 0.5768839 0.5767056 0.5764781 0.5762283 0.5759721 0.5757003 0.5753740 0.5747886 0.5734361 0.5693654 0.5693654 -9999.000 -9999.000 -9999.000 -9999.000 -9999.000 -9999.000 -9999.000 -9999.000 -9999.000 -9999.000 -9999.000 -9999.000 -9999.000 -9999.000 -9999.000 -9999.000 -9999.000 -9999.000 -9999.000 -9999.000 -9999.000 -9999.000 -9999.000 -9999.000 -9999.000 -9999.000 -9999.000 -9999.000
0.6267247 0.6267247 0.6129501 0.5981131 0.5943542 0.5943542 0.5911958 0.5858963 0.5858963 0.5814400 0.5814400 0.5775527 0.5757735 0.5740857 0.5724778 0.5724778 0.5808508 0.5809473 0.5811363 0.5817256 0.5826509 0.5839303 0.5854837 0.5871992 0.5889048 0.5902573 0.5905944 0.5882336 0.5794041 0.5496369 0.5496369 0.3706976 0.3443384 0.3328623 0.3292777 0.3292777 0.3251607 0.3251607 0.3349758 0.3349758 0.3488136 0.4175622 0.4175622 0.4768740 0.4768740 0.4933496 0.4933496 0.4933496 0.4876860 0.4876860 0.4781040 0.4781040 0.4673671 0.4673671 0.4569071 0.4569071 0.4476715 0.4476715 0.4476715
0.6250907 0.6250907 0.6106493 0.5972608 0.5934987 0.5934987 0.5903388 0.5850463 0.5850463 0.5806036 0.5806036 0.5767305 0.5749581 0.5732770 0.5716756 0.5716756 0.5778568 0.5770640 0.5751371 0.5730225 0.5712071 0.5699819 0.5694663 0.5696760 0.5705435 0.5718889 0.5739210 0.5744631 0.5709401 0.5550107 0.5550107 0.4310707 0.3869008 0.3471284 0.3371217 0.3371217 0.3284146 0.3284146 0.3368596 0.3368596 0.3492852 0.4005552 0.4005552 0.4686018 0.4686018 0.4940755 0.4940755 0.4940755 0.4882708 0.4882708 0.4784995 0.4784995 0.4676674 0.4676674 0.4571325 0.4571325 0.4478793 0.4478793 0.4478793
0.6241754 0.6241754 0.6096464 0.5972737 0.5935065 0.5935065 0.5903322 0.5850203 0.5850203 0.5805705 0.5805705 0.5766939 0.5749198 0.5732365 0.5716330 0.5716330 0.5757504 0.5740173 0.5703793 0.5661589 0.5621645 0.5588454 0.5564150 0.5549507 0.5544375 0.5547593 0.5559295 0.5566281 0.5548557 0.5447724 0.5447724 0.4608186 0.4148540 0.3626462 0.3483022 0.3483022 0.3370189 0.3370189 0.3476042 0.3476042 0.3602014 0.4001532 0.4001532 0.4582737 0.4582737 0.4920777 0.4920777 0.4920777 0.4879779 0.4879779 0.4784614 0.4784614 0.4676049 0.4676049 0.4571244 0.4571244 0.4479601 0.4479601 0.4479601
0.6234406 0.6234406 0.6088544 0.5972931 0.5935366 0.5935366 0.5903508 0.5850205 0.5850205 0.5805674 0.5805674 0.5766925 0.5749191 0.5732363 0.5716330 0.5716330 0.5734010 0.5704535 0.5651950 0.5591147 0.5532219 0.5480869 0.5439914 0.5410468 0.5392579 0.5385367 0.5388556 0.5393087 0.5382220 0.5310380 0.5310380 0.4757141 0.4336002 0.3786639 0.3630813 0.3630813 0.3537588 0.3537588 0.3680310 0.3680310 0.3798649 0.4078553 0.4078553 0.4485140 0.4485140 0.4855800 0.4855800 0.4855800 0.4849234 0.4849234 0.4767890 0.4767890 0.4664944 0.4664944 0.4563822 0.4563822 0.4475599 0.4475599 0.4475599
0.6228777 0.6228777 0.6082514 0.5973049 0.5935666 0.5935666 0.5903714 0.5850217 0.5850217 0.5805650 0.5805650 0.5766916 0.5749192 0.5732369 0.5716340 0.5716340 0.5706576 0.5660961 0.5591250 0.5512624 0.5435932 0.5367597 0.5311014 0.5267692 0.5237914 0.5220996 0.5216337 0.5217605 0.5211256 0.5162138 0.5162138 0.4796049 0.4440706 0.3938859 0.3811619 0.3811619 0.3799101 0.3799101 0.3965151 0.3965151 0.4050716 0.4193993 0.4193993 0.4413911 0.4413911 0.4751372 0.4751372 0.4751372 0.4786747 0.4786747 0.4731961 0.4731961 0.4643072 0.4643072 0.4550476 0.4550476 0.4469115 0.4469115 0.4469115
0.6224808 0.6224808 0.6078274 0.5973107 0.5935915 0.5935915 0.5903897 0.5850232 0.5850232 0.5805628 0.5805628 0.5766909 0.5749191 0.5732373 0.5716347 0.5716347 0.5673789 0.5607836 0.5519366 0.5423119 0.5329606 0.5245301 0.5173876 0.5117171 0.5075770 0.5049276 0.5036997 0.5034466 0.5031075 0.5000126 0.5000126 0.4760982 0.4482304 0.4100341 0.4048754 0.4048754 0.4151114 0.4151114 0.4282495 0.4282495 0.4309306 0.4316308 0.4316308 0.4379438 0.4379438 0.4630091 0.4630091 0.4630091 0.4697506 0.4697506 0.4675957 0.4675957 0.4609219 0.4609219 0.4531129 0.4531129 0.4460844 0.4460844 0.4460844
0.6222448 0.6222448 0.6075755 0.5973127 0.5936078 0.5936078 0.5904022 0.5850244 0.5850244 0.5805613 0.5805613 0.5766903 0.5749191 0.5732375 0.5716350 0.5716350 0.5633223 0.5542794 0.5433633 0.5319632 0.5210174 0.5111135 0.5026025 0.4956779 0.4904215 0.4868242 0.4848286 0.4841252 0.4839200 0.4822721 0.4822721 0.4674870 0.4483404 0.4316536 0.4380028 0.4380028 0.4553890 0.4553890 0.4574547 0.4574547 0.4534812 0.4429864 0.4429864 0.4378745 0.4378745 0.4515770 0.4515770 0.4515770 0.4593154 0.4593154 0.4602239 0.4602239 0.4562926 0.4562926 0.4505287 0.4505287 0.4450786 0.4450786 0.4450786
0.6221665 0.6221665 0.6074920 0.5973132 0.5936133 0.5936133 0.5904065 0.5850248 0.5850248 0.5805608 0.5805608 0.5766902 0.5749191 0.5732375 0.5716351 0.5716351 0.5581272 0.5462324 0.5330525 0.5198522 0.5074015 0.4961727 0.4864557 0.4784207 0.4721528 0.4676649 0.4649198 0.4637132 0.4634958 0.4630483 0.4630483 0.4556601 0.4478136 0.4647835 0.4815677 0.4815677 0.4932885 0.4932885 0.4806845 0.4806845 0.4713539 0.4530893 0.4530893 0.4402299 0.4402299 0.4423869 0.4423869 0.4423869 0.4487367 0.4487367 0.4516485 0.4516485 0.4505301 0.4505301 0.4472785 0.4472785 0.4438743 0.4438743 0.4438743
0.6222448 0.6222448 0.6075755 0.5973127 0.5936077 0.5936077 0.5904022 0.5850244 0.5850244 0.5805613 0.5805613 0.5766904 0.5749191 0.5732375 0.5716349 0.5716349 0.5512752 0.5361327 0.5205200 0.5055128 0.4916680 0.4792974 0.4685871 0.4596498 0.4525470 0.4472964 0.4438778 0.4421684 0.4418647 0.4426898 0.4426898 0.4432660 0.4531675 0.5117103 0.5289688 0.5289688 0.5224347 0.5224347 0.4978462 0.4978462 0.4851691 0.4620074 0.4620074 0.4439796 0.4439796 0.4359505 0.4359505 0.4359505 0.4391700 0.4391700 0.4426610 0.4426610 0.4439538 0.4439538 0.4434459 0.4434459 0.4424749 0.4424749 0.4424749
0.6224808 0.6224808 0.6078274 0.5973107 0.5935915 0.5935915 0.5903897 0.5850233 0.5850233 0.5805628 0.5805628 0.5766908 0.5749192 0.5732373 0.5716347 0.5716347 0.5420097 0.5232391 0.5050842 0.4883254 0.4732541 0.4599815 0.4485528 0.4389902 0.4313060 0.4255005 0.4215600 0.4194277 0.4191331 0.4222362 0.4222362 0.4360054 0.4756382 0.5639307 0.5679524 0.5679524 0.5418890 0.5418890 0.5105205 0.5105205 0.4960339 0.4697940 0.4697940 0.4482668 0.4482668 0.4320281 0.4320281 0.4320281 0.4313203 0.4313203 0.4340886 0.4340886 0.4370713 0.4370713 0.4392492 0.4392492 0.4409341 0.4409341 0.4409341
0.6228777 0.6228777 0.6082515 0.5973050 0.5935665 0.5935665 0.5903715 0.5850219 0.5850219 0.5805649 0.5805649 0.5766916 0.5749192 0.5732369 0.5716339 0.5716339 0.5291746 0.5064473 0.4857615 0.4674352 0.4514202 0.4375835 0.4257984 0.4159707 0.4080407 0.4019732 0.3977464 0.3953790 0.3956431 0.4050173 0.4050173 0.4465324 0.5258886 0.6042333 0.5918164 0.5918164 0.5545582 0.5545582 0.5200931 0.5200931 0.5046682 0.4763687 0.4763687 0.4524515 0.4524515 0.4300210 0.4300210 0.4300210 0.4254198 0.4254198 0.4266182 0.4266182 0.4304942 0.4304942 0.4350362 0.4350362 0.4393687 0.4393687 0.4393687
