simulation_files/asc/Depth____130.0.asc
NCOLS       216
NROWS       273
XLLCENTER        494.688995
YLLCENTER        787.867981
CELLSIZE           0.500
NODATA_VALUE     -9999.0
[rows 189 to 215 of 273, columns 118 to 176 of 216]
-9999.000 -9999.000 -9999.000 -9999.000 -9999.000 -9999.000 -9999.000 -9999.000 -9999.000 -9999.000 -9999.000 -9999.000 -9999.000 0.1320584 0.1958808 0.2263021 0.2469205 0.2427798 0.2191734 0.1943078 0.1545189 0.1298655 0.7844486E-01 0.3663033E-01 0.4457591E-01 0.7221481E-01 0.8288357E-01 0.1185259 0.2006636 0.2463316 0.2910463 0.3184251 0.3066680 0.2909265 0.2776124 0.2443061 0.2555860 0.2689168 0.2663628 0.2166998 0.2176879 0.2573574 0.2761100 0.2738751 0.2886693 0.2717184 0.2299136 0.1374370 0.4640910E-01 -9999.000 -9999.000 -9999.000 -9999.000 -9999.000 -9999.000 -9999.000 -9999.000 -9999.000 -9999.000
-9999.000 -9999.000 -9999.000 -9999.000 -9999.000 -9999.000 -9999.000 -9999.000 -9999.000 -9999.000 -9999.000 -9999.000 -9999.000 -9999.000 0.1405312 0.1943227 0.2305947 0.2467573 0.2516942 0.2478864 0.2037511 0.1731854 0.1208375 0.4380935E-01 0.3048692E-01 0.4013633E-01 0.6024569E-01 0.1111197 0.1917641 0.2476316 0.2891120 0.3186779 0.3032223 0.3017396 0.3098773 0.2767375 0.2779338 0.3281296 0.2913286 0.2553609 0.2890302 0.3226813 0.3241583 0.3170973 0.3391830 0.3219342 0.2765667 0.1784653 0.5444802E-01 -9999.000 -9999.000 -9999.000 -9999.000 -9999.000 -9999.000 -9999.000 -9999.000 -9999.000 -9999.000
-9999.000 -9999.000 -9999.000 -9999.000 -9999.000 -9999.000 -9999.000 -9999.000 -9999.000 -9999.000 -9999.000 -9999.000 -9999.000 -9999.000 0.8655516E-01 0.1386272 0.1922636 0.2288644 0.2670103 0.2783480 0.2524816 0.2251754 0.1733205 0.9332122E-01 0.5703454E-01 0.5869207E-01 0.6192962E-01 0.8779124E-01 0.1386600 0.2011644 0.2535623 0.2873355 0.2760445 0.2859706 0.3017269 0.2674519 0.3005046 0.3409661 0.2891213 0.2960112 0.3606012 0.3887460 0.3606716 0.3581942 0.3765707 0.3142205 0.2497340 0.1553824 0.5544215E-01 0.2710077E-01 -9999.000 -9999.000 -9999.000 -9999.000 -9999.000 -9999.000 -9999.000 -9999.000 -9999.000
-9999.000 -9999.000 -9999.000 -9999.000 -9999.000 -9999.000 -9999.000 -9999.000 -9999.000 -9999.000 -9999.000 -9999.000 -9999.000 -9999.000 -9999.000 0.9037631E-01 0.1495384 0.2138362 0.2464583 0.2825143 0.2953165 0.2606891 0.2028750 0.1443453 0.9995859E-01 0.6919063E-01 0.5512371E-01 0.5396515E-01 0.8620078E-01 0.1599073 0.2324529 0.2700116 0.2322898 0.2269804 0.2312381 0.2491894 0.3248369 0.3496513 0.3018038 0.3254849 0.4033993 0.4214172 0.3899019 0.3499990 0.2856286 0.2178165 0.1827154 0.1463076 0.1065776 0.6856644E-01 -9999.000 -9999.000 -9999.000 -9999.000 -9999.000 -9999.000 -9999.000 -9999.000 -9999.000
-9999.000 -9999.000 -9999.000 -9999.000 -9999.000 -9999.000 -9999.000 -9999.000 -9999.000 -9999.000 -9999.000 -9999.000 -9999.000 -9999.000 -9999.000 0.6513846E-01 0.1362642 0.1570624 0.1441711 0.2080382 0.2669050 0.2505084 0.2237830 0.1851146 0.1301620 0.8886466E-01 0.5842418E-01 0.3478635E-01 0.4763854E-01 0.1192305 0.2060474 0.2267737 0.1617082 0.2068473 0.2462513 0.2702273 0.3394434 0.3641855 0.3375249 0.3571035 0.3941839 0.4062926 0.3537498 0.2521316 0.2196833 0.1860575 0.2059253 0.2235068 0.2016160 0.1620466 0.1273773 -9999.000 -9999.000 -9999.000 -9999.000 -9999.000 -9999.000 -9999.000 -9999.000
-9999.000 -9999.000 -9999.000 -9999.000 -9999.000 -9999.000 -9999.000 -9999.000 -9999.000 -9999.000 -9999.000 -9999.000 -9999.000 -9999.000 -9999.000 -9999.000 0.9549605E-01 0.1005398 -9999.000 0.8124621E-01 0.1550207 0.2050553 0.2436210 0.2146389 0.1819143 0.1358486 0.9917477E-01 0.7018068E-01 0.5379957E-01 0.9278150E-01 0.1676517 0.1666183 0.1453070 0.2122519 0.2692177 0.2924112 0.3285503 0.3577366 0.3547451 0.3516351 0.3632610 0.3581190 0.3042037 0.2942259 0.2734081 0.2708679 0.2972606 0.3007179 0.2905866 0.2808445 0.2060103 0.1122784 -9999.000 -9999.000 -9999.000 -9999.000 -9999.000 -9999.000 -9999.000
-9999.000 -9999.000 -9999.000 -9999.000 -9999.000 -9999.000 -9999.000 -9999.000 -9999.000 -9999.000 -9999.000 -9999.000 -9999.000 -9999.000 -9999.000 -9999.000 -9999.000 -9999.000 0.4495667E-01 0.6665738E-01 0.1010985 0.1512711 0.2021418 0.2068152 0.1860094 0.1364047 0.9342985E-01 0.6964350E-01 0.5155522E-01 0.6011380E-01 0.9715810E-01 0.1211629 0.1423134 0.1903562 0.2518165 0.2795759 0.3061442 0.3251693 0.3377238 0.3344736 0.3457758 0.3558207 0.3570472 0.3658035 0.3458211 0.3347543 0.3295514 0.3293450 0.3167019 0.2968156 0.2210471 0.1324345 -9999.000 -9999.000 -9999.000 -9999.000 -9999.000 -9999.000 -9999.000
-9999.000 -9999.000 -9999.000 -9999.000 -9999.000 -9999.000 -9999.000 -9999.000 -9999.000 -9999.000 -9999.000 -9999.000 -9999.000 -9999.000 -9999.000 -9999.000 -9999.000 -9999.000 0.5935420E-01 0.1017574 0.1029076 0.1185852 0.1531713 0.1705147 0.1626271 0.1282952 0.8786621E-01 0.5364394E-01 0.2843171E-01 -9999.000 -9999.000 0.6280146E-01 0.1154082 0.1549623 0.1979700 0.2205621 0.2668775 0.3163181 0.3233580 0.3186313 0.3470216 0.3983330 0.4180890 0.4169120 0.3635348 0.3306771 0.3438358 0.3459232 0.3082671 0.2475526 0.1649903 0.1211226 0.6152741E-01 -9999.000 -9999.000 -9999.000 -9999.000 -9999.000 -9999.000
-9999.000 -9999.000 -9999.000 -9999.000 -9999.000 -9999.000 -9999.000 -9999.000 -9999.000 -9999.000 -9999.000 -9999.000 -9999.000 -9999.000 -9999.000 -9999.000 -9999.000 -9999.000 -9999.000 0.8908886E-01 0.8143508E-01 0.9235661E-01 0.9567335E-01 0.1350901 0.1649501 0.1494880 0.1168676 0.7816636E-01 0.3685241E-01 -9999.000 -9999.000 -9999.000 0.6247540E-01 0.1128482 0.1328258 0.1458103 0.2092235 0.2746722 0.2763327 0.2770991 0.3396357 0.4099990 0.4386642 0.4075009 0.3448232 0.3122634 0.3074012 0.2648925 0.2307752 0.1790156 0.1442838 0.1256648 -9999.000 -9999.000 -9999.000 -9999.000 -9999.000 -9999.000 -9999.000
-9999.000 -9999.000 -9999.000 -9999.000 -9999.000 -9999.000 -9999.000 -9999.000 -9999.000 -9999.000 -9999.000 -9999.000 -9999.000 -9999.000 -9999.000 -9999.000 -9999.000 -9999.000 -9999.000 0.7131350E-01 0.1225751 0.7771947E-01 0.4998521E-01 0.8759976E-01 0.1303781 0.1357842 0.1298751 0.1061710 0.5445142E-01 0.2378766E-01 -9999.000 -9999.000 -9999.000 0.6373914E-01 0.8276008E-01 0.1034196 0.1515812 0.2068490 0.2234617 0.2697717 0.3505698 0.3921812 0.3915856 0.3583369 0.3141958 0.2792630 0.2633835 0.2044257 0.1755456 0.1550223 0.1591869 0.1552214 0.1004015 -9999.000 -9999.000 -9999.000 -9999.000 -9999.000 -9999.000
-9999.000 -9999.000 -9999.000 -9999.000 -9999.000 -9999.000 -9999.000 -9999.000 -9999.000 -9999.000 -9999.000 -9999.000 -9999.000 -9999.000 -9999.000 -9999.000 -9999.000 -9999.000 -9999.000 0.7974708E-01 0.1316906 0.6953371E-01 0.4608389E-01 0.8416411E-01 0.1065797 0.1037404 0.1281292 0.1112160 -9999.000 0.1511095E-01 -9999.000 -9999.000 -9999.000 0.3101846E-01 0.4760194E-01 0.9962844E-01 0.1611032 0.2051472 0.2390388 0.2858502 0.3086023 0.3324208 0.3204709 0.2989747 0.2872710 0.2962639 0.2714316 0.2636291 0.2425650 0.1835264 0.1861362 0.2105406 0.1716827 0.7067159E-01 -9999.000 -9999.000 -9999.000 -9999.000 -9999.000
-9999.000 -9999.000 -9999.000 -9999.000 -9999.000 -9999.000 -9999.000 -9999.000 -9999.000 -9999.000 -9999.000 -9999.000 -9999.000 -9999.000 -9999.000 -9999.000 -9999.000 0.2458496E-01 0.8213503E-01 0.1308137 0.8980958E-01 0.5728827E-01 0.9113956E-01 0.1429905 0.1522056 0.1112450 0.1206095 0.1029559 0.5259449E-01 -9999.000 -9999.000 -9999.000 -9999.000 -9999.000 -9999.000 0.9385657E-01 0.1830709 0.2402142 0.2633414 0.2461741 0.2310973 0.2415427 0.2702970 0.2474500 0.2619729 0.3082377 0.3000621 0.3112134 0.2840840 0.2244586 0.2129678 0.2451473 0.2184932 0.9649971E-01 0.4238432E-01 -9999.000 -9999.000 -9999.000 -9999.000
-9999.000 -9999.000 -9999.000 -9999.000 -9999.000 -9999.000 -9999.000 -9999.000 -9999.000 -9999.000 -9999.000 -9999.000 -9999.000 -9999.000 -9999.000 -9999.000 -9999.000 -9999.000 0.6692256E-01 0.1356434 0.1148758 0.8620835E-01 0.1616268 0.2126368 0.1953280 0.1450289 0.1381644 0.1090918 0.3996704E-01 -9999.000 -9999.000 -9999.000 -9999.000 -9999.000 -9999.000 0.7915888E-01 0.1520092 0.1840407 0.2023193 0.2130262 0.2190015 0.2278712 0.2314999 0.2069929 0.2102412 0.2909880 0.3226674 0.3089366 0.2748888 0.2378766 0.2271639 0.2381512 0.2227759 0.1247901 0.5947842E-01 -9999.000 -9999.000 -9999.000 -9999.000
-9999.000 -9999.000 -9999.000 -9999.000 -9999.000 -9999.000 -9999.000 -9999.000 -9999.000 -9999.000 -9999.000 -9999.000 -9999.000 -9999.000 -9999.000 -9999.000 -9999.000 -9999.000 -9999.000 0.7930269E-01 0.1036666 0.1068431 0.1585560 0.1893573 0.1780916 0.1908344 0.1912417 0.1391083 0.6153951E-01 0.2370494E-01 0.1208549E-01 -9999.000 -9999.000 -9999.000 -9999.000 0.5088406E-01 0.8129221E-01 0.8919593E-01 0.1332423 0.1796771 0.2217311 0.2279502 0.2348891 0.2245313 0.2187992 0.2733192 0.3052901 0.3065206 0.2836891 0.2440766 0.2445422 0.2559561 0.2102357 0.1490842 0.1152761 0.4909445E-01 -9999.000 -9999.000 -9999.000
-9999.000 -9999.000 -9999.000 -9999.000 -9999.000 -9999.000 -9999.000 -9999.000 -9999.000 -9999.000 -9999.000 -9999.000 -9999.000 -9999.000 -9999.000 -9999.000 -9999.000 -9999.000 -9999.000 -9999.000 0.7226225E-01 0.8615445E-01 0.1193160 0.1307761 0.1407597 0.1922080 0.2183004 0.1693430 0.1027691 0.4681401E-01 0.1999457E-01 -9999.000 -9999.000 -9999.000 -9999.000 0.3558154E-01 0.7261734E-01 0.1032279 0.1268499 0.1593832 0.1844600 0.2024599 0.2395914 0.2745281 0.2793454 0.2841754 0.2733880 0.2943450 0.2709340 0.2460356 0.2741667 0.2960676 0.2515776 0.2222112 0.1968623 0.1238813 -9999.000 -9999.000 -9999.000
-9999.000 -9999.000 -9999.000 -9999.000 -9999.000 -9999.000 -9999.000 -9999.000 -9999.000 -9999.000 -9999.000 -9999.000 -9999.000 -9999.000 -9999.000 -9999.000 -9999.000 -9999.000 -9999.000 0.5122219E-01 0.8368485E-01 0.6140266E-01 0.6480555E-01 0.9474016E-01 0.1255409 0.1735772 0.2130038 0.1887350 0.1395278 0.7547176E-01 0.3561788E-01 -9999.000 -9999.000 -9999.000 -9999.000 -9999.000 0.7293997E-01 0.1086604 0.1356079 0.1517590 0.1720441 0.1878962 0.2094170 0.2497137 0.2637381 0.2454818 0.2264135 0.2074210 0.2003520 0.2249351 0.2972654 0.3413827 0.3171252 0.2792071 0.2473640 0.2129957 0.1872102 -9999.000 -9999.000
-9999.000 -9999.000 -9999.000 -9999.000 -9999.000 -9999.000 -9999.000 -9999.000 -9999.000 -9999.000 -9999.000 -9999.000 -9999.000 -9999.000 -9999.000 -9999.000 -9999.000 -9999.000 -9999.000 -9999.000 0.4755918E-01 0.3479270E-01 0.3469954E-01 0.1197099 0.1740847 0.2032028 0.1913270 0.1554642 0.1282013 0.9196367E-01 0.4807248E-01 -9999.000 -9999.000 -9999.000 -9999.000 -9999.000 -9999.000 0.5964292E-01 0.9897885E-01 0.1336753 0.1792495 0.1977230 0.2119273 0.2375645 0.2541303 0.2034720 0.1364182 0.1023784 0.1317876 0.2254599 0.3204109 0.3720082 0.3178632 0.2848144 0.2590288 0.2326252 0.1759653 0.9126108E-01 -9999.000
-9999.000 -9999.000 -9999.000 -9999.000 -9999.000 -9999.000 -9999.000 -9999.000 -9999.000 -9999.000 -9999.000 -9999.000 -9999.000 -9999.000 -9999.000 -9999.000 -9999.000 -9999.000 -9999.000 -9999.000 0.2113567E-01 0.2420680E-01 0.5185822E-01 0.1493728 0.2303317 0.2440291 0.1989004 0.1614321 0.1311638 0.1056224 0.6073503E-01 -9999.000 -9999.000 -9999.000 -9999.000 -9999.000 -9999.000 0.3734265E-01 0.7321787E-01 0.1299024 0.1812037 0.2139304 0.2512477 0.2607317 0.2621372 0.2121945 0.1618947 0.1585110 0.1896209 0.2631990 0.3083033 0.2891066 0.2594191 0.2809724 0.2711707 0.2086559 0.1796056 0.1311373 0.6479123E-01
-9999.000 -9999.000 -9999.000 -9999.000 -9999.000 -9999.000 -9999.000 -9999.000 -9999.000 -9999.000 -9999.000 -9999.000 -9999.000 -9999.000 -9999.000 -9999.000 -9999.000 -9999.000 -9999.000 -9999.000 0.1626167E-01 0.3735756E-01 0.7359542E-01 0.1638032 0.2436287 0.2342245 0.1969879 0.1579659 0.1286599 0.1073982 0.7503552E-01 -9999.000 -9999.000 -9999.000 -9999.000 -9999.000 -9999.000 -9999.000 0.4571591E-01 0.1271777 0.2051503 0.2512756 0.3046247 0.3201966 0.2822836 0.2394373 0.2464508 0.3340582 0.3861810 0.3675795 0.3146908 0.2538890 0.2773421 0.3325564 0.3146826 0.2231463 0.1979849 0.1883946 0.1174815
-9999.000 -9999.000 -9999.000 -9999.000 -9999.000 -9999.000 -9999.000 -9999.000 -9999.000 -9999.000 -9999.000 -9999.000 -9999.000 -9999.000 -9999.000 -9999.000 -9999.000 -9999.000 -9999.000 -9999.000 -9999.000 0.4324260E-01 0.8802651E-01 0.1645246 0.2374099 0.2367957 0.2086896 0.1803899 0.1562646 0.1308142 0.8434780E-01 0.4583588E-01 -9999.000 -9999.000 -9999.000 -9999.000 -9999.000 -9999.000 0.2818850E-01 0.9407028E-01 0.1907035 0.2728599 0.3301569 0.3629886 0.3255808 0.2834581 0.3123712 0.3913122 0.4450510 0.4035508 0.3466191 0.3120705 0.3410503 0.3907678 0.3233603 0.1878841 0.1787451 0.2055915 0.1582149
-9999.000 -9999.000 -9999.000 -9999.000 -9999.000 -9999.000 -9999.000 -9999.000 -9999.000 -9999.000 -9999.000 -9999.000 -9999.000 -9999.000 -9999.000 -9999.000 -9999.000 -9999.000 -9999.000 -9999.000 -9999.000 -9999.000 0.9499433E-01 0.1528428 0.2340107 0.2532183 0.2464684 0.2180526 0.1850651 0.1389964 0.8511714E-01 0.4571517E-01 -9999.000 -9999.000 -9999.000 -9999.000 -9999.000 -9999.000 -9999.000 0.5977999E-01 0.1292192 0.2086967 0.3131497 0.3447484 0.2936823 0.2820532 0.3301713 0.3804460 0.3975391 0.3850533 0.3546736 0.3470629 0.3761238 0.3824862 0.2669035 0.1729011 0.1549423 0.1860064 0.1771165
-9999.000 -9999.000 -9999.000 -9999.000 -9999.000 -9999.000 -9999.000 -9999.000 -9999.000 -9999.000 -9999.000 -9999.000 -9999.000 -9999.000 -9999.000 -9999.000 -9999.000 -9999.000 -9999.000 -9999.000 -9999.000 -9999.000 0.1077050 0.1330733 0.1637546 0.1991113 0.2453913 0.2420971 0.1896658 0.1155026 0.8111684E-01 0.5572014E-01 -9999.000 -9999.000 -9999.000 -9999.000 -9999.000 -9999.000 -9999.000 0.4789382E-01 0.7037728E-01 0.1367708 0.2237141 0.2205533 0.1860243 0.2406440 0.3243448 0.3712936 0.3475974 0.3364357 0.3542669 0.3817380 0.3874346 0.3447375 0.2370986 0.1985159 0.1763811 0.1940541 0.2117287
-9999.000 -9999.000 -9999.000 -9999.000 -9999.000 -9999.000 -9999.000 -9999.000 -9999.000 -9999.000 -9999.000 -9999.000 -9999.000 -9999.000 -9999.000 -9999.000 -9999.000 -9999.000 -9999.000 -9999.000 -9999.000 -9999.000 0.1119792 0.1445548 0.1478078 0.1894887 0.2378559 0.2340268 0.1661579 0.1089412 0.9392359E-01 0.6960470E-01 -9999.000 -9999.000 -9999.000 -9999.000 -9999.000 -9999.000 -9999.000 0.5798191E-01 0.7962369E-01 0.1021991 0.1447580 0.1257872 0.1713846 0.2628305 0.3569305 0.3363540 0.2771489 0.2854422 0.3451336 0.3558723 0.3259961 0.2657544 0.2398543 0.2251640 0.2278754 0.2489229 0.2657247
-9999.000 -9999.000 -9999.000 -9999.000 -9999.000 -9999.000 -9999.000 -9999.000 -9999.000 -9999.000 -9999.000 -9999.000 -9999.000 -9999.000 -9999.000 -9999.000 -9999.000 -9999.000 -9999.000 -9999.000 -9999.000 -9999.000 0.6628980E-01 0.1454706 0.2079530 0.2243075 0.2037493 0.1817381 0.1450442 0.1229492 0.9742158E-01 0.5329622E-01 0.2218818E-01 -9999.000 -9999.000 -9999.000 -9999.000 -9999.000 -9999.000 0.5205990E-01 0.8761764E-01 0.1254275 0.1561453 0.1690093 0.2157996 0.2911585 0.3206906 0.2939195 0.2648633 0.2388531 0.2703848 0.2492971 0.2219086 0.2404304 0.2609409 0.2703199 0.2805481 0.3143892 0.2893832
-9999.000 -9999.000 -9999.000 -9999.000 -9999.000 -9999.000 -9999.000 -9999.000 -9999.000 -9999.000 -9999.000 -9999.000 -9999.000 -9999.000 -9999.000 -9999.000 -9999.000 -9999.000 -9999.000 -9999.000 -9999.000 -9999.000 -9999.000 0.1120641 0.1979781 0.2300996 0.2032670 0.1836939 0.1698823 0.1382088 0.8778408E-01 0.4865226E-01 -9999.000 -9999.000 -9999.000 -9999.000 -9999.000 -9999.000 -9999.000 -9999.000 0.7861011E-01 0.1216455 0.1770822 0.1901728 0.2284618 0.2701326 0.2667994 0.2765030 0.2785159 0.2044174 0.1425785 0.1365904 0.1701864 0.2488008 0.3189694 0.3507798 0.3709342 0.3365139 0.2986827
-9999.000 -9999.000 -9999.000 -9999.000 -9999.000 -9999.000 -9999.000 -9999.000 -9999.000 -9999.000 -9999.000 -9999.000 -9999.000 -9999.000 -9999.000 -9999.000 -9999.000 -9999.000 -9999.000 -9999.000 -9999.000 -9999.000 -9999.000 -9999.000 0.1396400 0.2025422 0.2167848 0.2108483 0.1994898 0.1630123 0.1151358 0.6467651E-01 0.2621217E-01 -9999.000 -9999.000 -9999.000 -9999.000 -9999.000 -9999.000 -9999.000 0.5518118E-01 0.1079838 0.1657045 0.1913199 0.2166488 0.2106789 0.1915642 0.2207945 0.2251428 0.1923335 0.1592235 0.1699518 0.2180257 0.2984722 0.3713744 0.3867114 0.3747781 0.3652930 0.3267796
-9999.000 -9999.000 -9999.000 -9999.000 -9999.000 -9999.000 -9999.000 -9999.000 -9999.000 -9999.000 -9999.000 -9999.000 -9999.000 -9999.000 -9999.000 -9999.000 -9999.000 -9999.000 -9999.000 -9999.000 -9999.000 -9999.000 -9999.000 -9999.000 0.9513558E-01 0.1348348 0.1678806 0.1885395 0.1962125 0.1871022 0.1458629 0.8612226E-01 0.4276339E-01 0.1770287E-01 -9999.000 -9999.000 -9999.000 -9999.000 -9999.000 -9999.000 -9999.000 0.7380989E-01 0.1337066 0.1672105 0.1655243 0.1317506 0.1163205 0.1614375 0.1904467 0.1921415 0.2254105 0.2767638 0.3405438 0.4057093 0.4091299 0.3876181 0.3628526 0.3679995 0.3120469
