simulation_files/asc/Depth____000228.asc
NCOLS        79
NROWS        79
XLLCENTER         -1.500000
YLLCENTER         -4.800000
CELLSIZE           0.100
NODATA_VALUE     -9999.0
[rows 0 to 25 of 79, columns 0 to 58 of 79]
-9999.000 -9999.000 -9999.000 -9999.000 -9999.000 -9999.000 -9999.000 -9999.000 -9999.000 -9999.000 -9999.000 -9999.000 -9999.000 -9999.000 -9999.000 0.7583784 0.7589511 0.7592279 0.7592995 0.7591164 0.7588228 0.7584918 0.7581480 0.7578165 0.7575102 0.7572290 0.7569723 0.7567127 0.7563407 0.7563129 0.7563129 -9999.000 -9999.000 -9999.000 -9999.000 -9999.000 -9999.000 -9999.000 -9999.000 -9999.000 -9999.000 -9999.000 -9999.000 -9999.000 -9999.000 -9999.000 -9999.000 -9999.000 -9999.000 -9999.000 -9999.000 -9999.000 -9999.000 -9999.000 -9999.000 -9999.000 -9999.000 -9999.000 -9999.000
-9999.000 -9999.000 -9999.000 -9999.000 -9999.000 -9999.000 -9999.000 -9999.000 -9999.000 -9999.000 -9999.000 -9999.000 -9999.000 -9999.000 -9999.000 0.7601997 0.7607110 0.7609357 0.7609928 0.7608424 0.7606080 0.7603498 0.7600859 0.7598359 0.7596089 0.7594028 0.7592164 0.7590247 0.7587299 0.7587910 0.7587910 -9999.000 -9999.000 -9999.000 -9999.000 -9999.000 -9999.000 -9999.000 -9999.000 -9999.000 -9999.000 -9999.000 -9999.000 -9999.000 -9999.000 -9999.000 -9999.000 -9999.000 -9999.000 -9999.000 -9999.000 -9999.000 -9999.000 -9999.000 -9999.000 -9999.000 -9999.000 -9999.000 -9999.000
-9999.000 -9999.000 -9999.000 -9999.000 -9999.000 -9999.000 -9999.000 -9999.000 -9999.000 -9999.000 -9999.000 -9999.000 -9999.000 -9999.000 -9999.000 0.7621042 0.7626542 0.7628925 0.7629597 0.7628148 0.7625853 0.7623333 0.7620770 0.7618360 0.7616186 0.7614219 0.7612431 0.7610552 0.7607550 0.7608120 0.7608120 -9999.000 -9999.000 -9999.000 -9999.000 -9999.000 -9999.000 -9999.000 -9999.000 -9999.000 -9999.000 -9999.000 -9999.000 -9999.000 -9999.000 -9999.000 -9999.000 -9999.000 -9999.000 -9999.000 -9999.000 -9999.000 -9999.000 -9999.000 -9999.000 -9999.000 -9999.000 -9999.000 -9999.000
-9999.000 -9999.000 -9999.000 -9999.000 -9999.000 -9999.000 -9999.000 -9999.000 -9999.000 -9999.000 -9999.000 -9999.000 -9999.000 -9999.000 -9999.000 0.7640598 0.7646351 0.7648812 0.7649522 0.7648057 0.7645742 0.7643209 0.7640637 0.7638226 0.7636058 0.7634095 0.7632306 0.7630401 0.7627282 0.7627637 0.7627637 -9999.000 -9999.000 -9999.000 -9999.000 -9999.000 -9999.000 -9999.000 -9999.000 -9999.000 -9999.000 -9999.000 -9999.000 -9999.000 -9999.000 -9999.000 -9999.000 -9999.000 -9999.000 -9999.000 -9999.000 -9999.000 -9999.000 -9999.000 -9999.000 -9999.000 -9999.000 -9999.000 -9999.000
-9999.000 -9999.000 -9999.000 -9999.000 -9999.000 -9999.000 -9999.000 -9999.000 -9999.000 -9999.000 -9999.000 -9999.000 -9999.000 -9999.000 -9999.000 0.7660341 0.7666298 0.7668810 0.7669527 0.7668013 0.7665641 0.7663060 0.7660439 0.7657989 0.7655790 0.7653792 0.7651967 0.7650002 0.7646722 0.7646725 0.7646725 -9999.000 -9999.000 -9999.000 -9999.000 -9999.000 -9999.000 -9999.000 -9999.000 -9999.000 -9999.000 -9999.000 -9999.000 -9999.000 -9999.000 -9999.000 -9999.000 -9999.000 -9999.000 -9999.000 -9999.000 -9999.000 -9999.000 -9999.000 -9999.000 -9999.000 -9999.000 -9999.000 -9999.000
-9999.000 -9999.000 -9999.000 -9999.000 -9999.000 -9999.000 -9999.000 -9999.000 -9999.000 -9999.000 -9999.000 -9999.000 -9999.000 -9999.000 -9999.000 0.7680135 0.7686276 0.7688823 0.7689531 0.7687947 0.7685502 0.7682855 0.7680169 0.7677664 0.7675414 0.7673364 0.7671486 0.7669440 0.7665956 0.7665474 0.7665474 -9999.000 -9999.000 -9999.000 -9999.000 -9999.000 -9999.000 -9999.000 -9999.000 -9999.000 -9999.000 -9999.000 -9999.000 -9999.000 -9999.000 -9999.000 -9999.000 -9999.000 -9999.000 -9999.000 -9999.000 -9999.000 -9999.000 -9999.000 -9999.000 -9999.000 -9999.000 -9999.000 -9999.000
-9999.000 -9999.000 -9999.000 -9999.000 -9999.000 -9999.000 -9999.000 -9999.000 -9999.000 -9999.000 -9999.000 -9999.000 -9999.000 -9999.000 -9999.000 0.7699926 0.7706239 0.7708808 0.7709492 0.7707823 0.7705296 0.7702577 0.7699817 0.7697247 0.7694939 0.7692828 0.7690884 0.7688741 0.7685012 0.7683889 0.7683889 -9999.000 -9999.000 -9999.000 -9999.000 -9999.000 -9999.000 -9999.000 -9999.000 -9999.000 -9999.000 -9999.000 -9999.000 -9999.000 -9999.000 -9999.000 -9999.000 -9999.000 -9999.000 -9999.000 -9999.000 -9999.000 -9999.000 -9999.000 -9999.000 -9999.000 -9999.000 -9999.000 -9999.000
-9999.000 -9999.000 -9999.000 -9999.000 -9999.000 -9999.000 -9999.000 -9999.000 -9999.000 -9999.000 -9999.000 -9999.000 -9999.000 -9999.000 -9999.000 0.7719685 0.7726164 0.7728742 0.7729391 0.7727624 0.7725007 0.7722211 0.7719372 0.7716734 0.7714364 0.7712184 0.7710167 0.7707909 0.7703887 0.7701927 0.7701927 -9999.000 -9999.000 -9999.000 -9999.000 -9999.000 -9999.000 -9999.000 -9999.000 -9999.000 -9999.000 -9999.000 -9999.000 -9999.000 -9999.000 -9999.000 -9999.000 -9999.000 -9999.000 -9999.000 -9999.000 -9999.000 -9999.000 -9999.000 -9999.000 -9999.000 -9999.000 -9999.000 -9999.000
-9999.000 -9999.000 -9999.000 -9999.000 -9999.000 -9999.000 -9999.000 -9999.000 -9999.000 -9999.000 -9999.000 -9999.000 -9999.000 -9999.000 -9999.000 0.7739397 0.7746039 0.7748610 0.7749211 0.7747330 0.7744617 0.7741743 0.7738822 0.7736114 0.7733679 0.7731423 0.7729324 0.7726933 0.7722564 0.7719506 0.7719506 -9999.000 -9999.000 -9999.000 -9999.000 -9999.000 -9999.000 -9999.000 -9999.000 -9999.000 -9999.000 -9999.000 -9999.000 -9999.000 -9999.000 -9999.000 -9999.000 -9999.000 -9999.000 -9999.000 -9999.000 -9999.000 -9999.000 -9999.000 -9999.000 -9999.000 -9999.000 -9999.000 -9999.000
-9999.000 -9999.000 -9999.000 -9999.000 -9999.000 -9999.000 -9999.000 -9999.000 -9999.000 -9999.000 -9999.000 -9999.000 -9999.000 -9999.000 -9999.000 0.7759050 0.7765850 0.7768398 0.7768936 0.7766926 0.7764110 0.7761156 0.7758148 0.7755371 0.7752869 0.7750531 0.7748342 0.7745796 0.7741011 0.7736505 0.7736505 -9999.000 -9999.000 -9999.000 -9999.000 -9999.000 -9999.000 -9999.000 -9999.000 -9999.000 -9999.000 -9999.000 -9999.000 -9999.000 -9999.000 -9999.000 -9999.000 -9999.000 -9999.000 -9999.000 -9999.000 -9999.000 -9999.000 -9999.000 -9999.000 -9999.000 -9999.000 -9999.000 -9999.000
-9999.000 -9999.000 -9999.000 -9999.000 -9999.000 -9999.000 -9999.000 -9999.000 -9999.000 -9999.000 -9999.000 -9999.000 -9999.000 -9999.000 -9999.000 0.7778627 0.7785582 0.7788088 0.7788548 0.7786390 0.7783464 0.7780428 0.7777332 0.7774485 0.7771913 0.7769488 0.7767198 0.7764471 0.7759187 0.7752746 0.7752746 -9999.000 -9999.000 -9999.000 -9999.000 -9999.000 -9999.000 -9999.000 -9999.000 -9999.000 -9999.000 -9999.000 -9999.000 -9999.000 -9999.000 -9999.000 -9999.000 -9999.000 -9999.000 -9999.000 -9999.000 -9999.000 -9999.000 -9999.000 -9999.000 -9999.000 -9999.000 -9999.000 -9999.000
-9999.000 -9999.000 -9999.000 -9999.000 -9999.000 -9999.000 -9999.000 -9999.000 -9999.000 -9999.000 -9999.000 -9999.000 -9999.000 -9999.000 -9999.000 0.7798103 0.7805213 0.7807657 0.7808021 0.7805695 0.7802650 0.7799532 0.7796344 0.7793427 0.7790785 0.7788262 0.7785860 0.7782920 0.7777033 0.7767969 0.7767969 -9999.000 -9999.000 -9999.000 -9999.000 -9999.000 -9999.000 -9999.000 -9999.000 -9999.000 -9999.000 -9999.000 -9999.000 -9999.000 -9999.000 -9999.000 -9999.000 -9999.000 -9999.000 -9999.000 -9999.000 -9999.000 -9999.000 -9999.000 -9999.000 -9999.000 -9999.000 -9999.000 -9999.000
-9999.000 -9999.000 -9999.000 -9999.000 -9999.000 -9999.000 -9999.000 -9999.000 -9999.000 -9999.000 -9999.000 -9999.000 -9999.000 -9999.000 -9999.000 0.7817374 0.7824653 0.7827027 0.7827317 0.7824823 0.7821653 0.7818450 0.7815165 0.7812176 0.7809460 0.7806828 0.7804296 0.7801097 0.7794470 0.7781781 0.7781781 -9999.000 -9999.000 -9999.000 -9999.000 -9999.000 -9999.000 -9999.000 -9999.000 -9999.000 -9999.000 -9999.000 -9999.000 -9999.000 -9999.000 -9999.000 -9999.000 -9999.000 -9999.000 -9999.000 -9999.000 -9999.000 -9999.000 -9999.000 -9999.000 -9999.000 -9999.000 -9999.000 -9999.000
-9999.000 -9999.000 -9999.000 -9999.000 -9999.000 -9999.000 -9999.000 -9999.000 -9999.000 -9999.000 -9999.000 -9999.000 -9999.000 -9999.000 -9999.000 0.7833248 0.7841430 0.7844685 0.7846395 0.7844477 0.7841265 0.7837957 0.7834505 0.7831365 0.7828484 0.7825646 0.7822893 0.7819321 0.7811735 0.7793963 0.7793963 -9999.000 -9999.000 -9999.000 -9999.000 -9999.000 -9999.000 -9999.000 -9999.000 -9999.000 -9999.000 -9999.000 -9999.000 -9999.000 -9999.000 -9999.000 -9999.000 -9999.000 -9999.000 -9999.000 -9999.000 -9999.000 -9999.000 -9999.000 -9999.000 -9999.000 -9999.000 -9999.000 -9999.000
-9999.000 -9999.000 -9999.000 -9999.000 -9999.000 -9999.000 -9999.000 -9999.000 -9999.000 -9999.000 -9999.000 -9999.000 -9999.000 -9999.000 -9999.000 0.7706738 0.7805519 0.7859941 0.7896502 0.7903150 0.7893548 0.7883893 0.7874484 0.7866181 0.7858990 0.7852588 0.7846919 0.7840670 0.7829523 0.7796835 0.7796835 -9999.000 -9999.000 -9999.000 -9999.000 -9999.000 -9999.000 -9999.000 -9999.000 -9999.000 -9999.000 -9999.000 -9999.000 -9999.000 -9999.000 -9999.000 -9999.000 -9999.000 -9999.000 -9999.000 -9999.000 -9999.000 -9999.000 -9999.000 -9999.000 -9999.000 -9999.000 -9999.000 -9999.000
0.8797814 0.8797814 0.8738043 0.8647680 0.8564463 0.8564463 0.8528666 0.8472773 0.8472773 0.8427898 0.8427898 0.8390880 0.8374531 0.8359308 0.8343876 0.8343876 0.7902121 0.7886681 0.7872436 0.7858645 0.7872074 0.7891195 0.7913406 0.7942350 0.7974140 0.8003109 0.8027935 0.8035053 0.7982296 0.7703231 0.7703231 0.5507650 0.5101418 0.4837380 0.4747092 0.4747092 0.4595317 0.4595317 0.4567326 0.4567326 0.4647749 0.5077582 0.5077582 0.5882808 0.5882808 0.6878482 0.6878482 0.6878482 0.6944072 0.6944072 0.6856845 0.6856845 0.6709033 0.6709033 0.6547032 0.6547032 0.6392901 0.6392901 0.6392901
0.8767141 0.8767141 0.8720422 0.8627546 0.8555503 0.8555503 0.8517610 0.8461064 0.8461064 0.8416393 0.8416393 0.8379565 0.8363300 0.8348156 0.8332825 0.8332825 0.7952942 0.7884091 0.7827457 0.7776964 0.7742559 0.7718025 0.7702342 0.7697601 0.7703161 0.7716760 0.7737339 0.7758995 0.7763936 0.7688094 0.7688094 0.6215111 0.5635520 0.5042353 0.4869328 0.4869328 0.4652312 0.4652312 0.4617718 0.4617718 0.4694813 0.5081356 0.5081356 0.5761345 0.5761345 0.6796834 0.6796834 0.6796834 0.6923610 0.6923610 0.6854464 0.6854464 0.6712780 0.6712780 0.6553441 0.6553441 0.6400482 0.6400482 0.6400482
0.8751808 0.8751808 0.8719040 0.8623656 0.8558084 0.8558084 0.8518483 0.8460677 0.8460677 0.8415893 0.8415893 0.8379056 0.8362762 0.8347591 0.8332095 0.8332095 0.7992724 0.7880872 0.7784033 0.7698114 0.7628413 0.7573032 0.7530568 0.7501557 0.7485725 0.7481641 0.7488312 0.7501785 0.7509031 0.7462336 0.7462336 0.6556790 0.5963721 0.5231676 0.5003596 0.5003596 0.4744580 0.4744580 0.4751602 0.4751602 0.4859970 0.5246186 0.5246186 0.5780028 0.5780028 0.6680015 0.6680015 0.6680015 0.6863977 0.6863977 0.6829182 0.6829182 0.6702151 0.6702151 0.6548710 0.6548710 0.6398759 0.6398759 0.6398759
0.8740857 0.8740857 0.8711933 0.8621327 0.8560244 0.8560244 0.8519492 0.8460556 0.8460556 0.8415777 0.8415777 0.8379022 0.8362743 0.8347582 0.8331823 0.8331823 0.8020695 0.7873870 0.7739382 0.7618432 0.7515275 0.7430281 0.7362620 0.7311990 0.7277745 0.7258447 0.7252692 0.7257360 0.7262902 0.7234822 0.7234822 0.6673782 0.6158206 0.5408452 0.5160338 0.5160338 0.4915400 0.4915400 0.5010648 0.5010648 0.5155050 0.5503988 0.5503988 0.5853701 0.5853701 0.6526341 0.6526341 0.6526341 0.6748136 0.6748136 0.6762820 0.6762820 0.6665725 0.6665725 0.6527925 0.6527925 0.6387300 0.6387300 0.6387300
0.8733867 0.8733867 0.8702796 0.8620118 0.8561963 0.8561963 0.8520380 0.8460436 0.8460436 0.8415663 0.8415663 0.8378986 0.8362719 0.8347558 0.8331384 0.8331384 0.8032373 0.7856159 0.7687659 0.7533405 0.7398175 0.7283820 0.7190439 0.7117715 0.7064909 0.7030601 0.7013093 0.7009539 0.7012646 0.6997669 0.6997669 0.6650973 0.6238039 0.5552574 0.5328724 0.5328724 0.5191082 0.5191082 0.5404392 0.5404392 0.5556924 0.5794900 0.5794900 0.5948991 0.5948991 0.6367036 0.6367036 0.6367036 0.6591454 0.6591454 0.6656306 0.6656306 0.6601853 0.6601853 0.6490843 0.6490843 0.6367384 0.6367384 0.6367384
0.8730304 0.8730304 0.8692898 0.8619872 0.8563306 0.8563306 0.8521062 0.8460275 0.8460275 0.8415490 0.8415490 0.8378894 0.8362651 0.8347508 0.8330751 0.8330751 0.8024790 0.7821907 0.7622771 0.7437814 0.7272762 0.7130408 0.7011667 0.6916559 0.6844510 0.6794299 0.6764255 0.6751797 0.6751260 0.6745076 0.6745076 0.6535878 0.6227161 0.5674023 0.5531367 0.5531367 0.5602972 0.5602972 0.5892928 0.5892928 0.5997040 0.6064030 0.6064030 0.6046196 0.6046196 0.6230703 0.6230703 0.6230703 0.6420316 0.6420316 0.6519362 0.6519362 0.6511500 0.6511500 0.6436582 0.6436582 0.6338613 0.6338613 0.6338613
0.8729372 0.8729372 0.8683909 0.8620090 0.8564153 0.8564153 0.8521481 0.8460229 0.8460229 0.8415496 0.8415496 0.8378958 0.8362720 0.8347570 0.8329953 0.8329953 0.7995048 0.7765579 0.7538147 0.7325287 0.7133292 0.6965395 0.6822977 0.6706383 0.6615279 0.6548734 0.6505311 0.6482809 0.6476908 0.6475666 0.6475666 0.6356888 0.6148649 0.5814916 0.5829381 0.5829381 0.6152205 0.6152205 0.6384763 0.6384763 0.6393135 0.6284400 0.6284400 0.6138579 0.6138579 0.6132138 0.6132138 0.6132138 0.6259270 0.6259270 0.6366767 0.6366767 0.6399031 0.6399031 0.6365206 0.6365206 0.6300344 0.6300344 0.6300344
0.8730948 0.8730948 0.8678148 0.8620428 0.8564628 0.8564628 0.8521757 0.8460250 0.8460250 0.8415483 0.8415483 0.8378956 0.8362719 0.8347570 0.8328770 0.8328770 0.7939333 0.7681260 0.7426818 0.7188733 0.6973096 0.6782983 0.6619782 0.6483919 0.6375206 0.6292960 0.6236057 0.6202759 0.6190010 0.6190947 0.6190947 0.6135321 0.6031432 0.6059094 0.6300640 0.6300640 0.6761433 0.6761433 0.6790676 0.6790676 0.6698248 0.6456126 0.6456126 0.6225339 0.6225339 0.6072565 0.6072565 0.6072565 0.6124374 0.6124374 0.6214377 0.6214377 0.6272184 0.6272184 0.6278771 0.6278771 0.6252577 0.6252577 0.6252577
0.8729383 0.8729383 0.8683684 0.8620111 0.8564154 0.8564154 0.8521479 0.8460232 0.8460232 0.8415500 0.8415500 0.8378962 0.8362721 0.8347569 0.8327133 0.8327133 0.7852002 0.7561668 0.7280617 0.7019859 0.6784260 0.6576030 0.6396030 0.6244405 0.6120883 0.6024895 0.5955573 0.5911664 0.5891524 0.5894700 0.5894700 0.5894957 0.5928146 0.6515644 0.6960125 0.6960125 0.7292544 0.7292544 0.7076805 0.7076805 0.6914391 0.6591457 0.6591457 0.6306723 0.6306723 0.6045290 0.6045290 0.6045290 0.6022075 0.6022075 0.6075602 0.6075602 0.6141253 0.6141253 0.6181939 0.6181939 0.6196752 0.6196752 0.6196752
0.8730323 0.8730323 0.8692460 0.8619906 0.8563296 0.8563296 0.8521045 0.8460273 0.8460273 0.8415496 0.8415496 0.8378901 0.8362656 0.8347510 0.8324838 0.8324838 0.7724050 0.7396737 0.7089162 0.6808553 0.6557309 0.6335956 0.6144239 0.5981615 0.5847446 0.5741069 0.5661748 0.5608694 0.5582488 0.5595663 0.5595663 0.5680205 0.5950423 0.7218772 0.7672690 0.7672690 0.7650001 0.7650001 0.7265326 0.7265326 0.7067417 0.6701275 0.6701275 0.6381538 0.6381538 0.6040714 0.6040714 0.6040714 0.5951243 0.5951243 0.5959146 0.5959146 0.6016811 0.6016811 0.6081666 0.6081666 0.6136072 0.6136072 0.6136072
0.8733886 0.8733886 0.8702176 0.8620144 0.8561932 0.8561932 0.8520341 0.8460428 0.8460428 0.8415669 0.8415669 0.8378994 0.8362725 0.8347558 0.8321789 0.8321789 0.7540861 0.7171621 0.6838291 0.6541776 0.6280477 0.6052288 0.5855247 0.5687724 0.5548438 0.5436428 0.5350937 0.5291776 0.5265104 0.5320914 0.5320914 0.5601780 0.6288365 0.8000953 0.8209088 0.8209088 0.7848828 0.7848828 0.7392177 0.7392177 0.7179829 0.6790807 0.6790807 0.6447341 0.6447341 0.6049590 0.6049590 0.6049590 0.5906501 0.5906501 0.5868652 0.5868652 0.5907885 0.5907885 0.5986279 0.5986279 0.6075470 0.6075470 0.6075470
