simulation_files/asc/Depth____000276.asc
NCOLS        79
NROWS        79
XLLCENTER         -1.500000
YLLCENTER         -4.800000
CELLSIZE           0.100
NODATA_VALUE     -9999.0
[rows 0 to 25 of 79, columns 0 to 58 of 79]
-9999.000 -9999.000 -9999.000 -9999.000 -9999.000 -9999.000 -9999.000 -9999.000 -9999.000 -9999.000 -9999.000 -9999.000 -9999.000 -9999.000 -9999.000 0.7192644 0.7197497 0.7199050 0.7198516 0.7196516 0.7193860 0.7190903 0.7187845 0.7184929 0.7182150 0.7179572 0.7177178 0.7174660 0.7170923 0.7170533 0.7170533 -9999.000 -9999.000 -9999.000 -9999.000 -9999.000 -9999.000 -9999.000 -9999.000 -9999.000 -9999.000 -9999.000 -9999.000 -9999.000 -9999.000 -9999.000 -9999.000 -9999.000 -9999.000 -9999.000 -9999.000 -9999.000 -9999.000 -9999.000 -9999.000 -9999.000 -9999.000 -9999.000 -9999.000
-9999.000 -9999.000 -9999.000 -9999.000 -9999.000 -9999.000 -9999.000 -9999.000 -9999.000 -9999.000 -9999.000 -9999.000 -9999.000 -9999.000 -9999.000 0.7210490 0.7214952 0.7216216 0.7215766 0.7214146 0.7212043 0.7209741 0.7207393 0.7205193 0.7203119 0.7201220 0.7199471 0.7197594 0.7194613 0.7195081 0.7195081 -9999.000 -9999.000 -9999.000 -9999.000 -9999.000 -9999.000 -9999.000 -9999.000 -9999.000 -9999.000 -9999.000 -9999.000 -9999.000 -9999.000 -9999.000 -9999.000 -9999.000 -9999.000 -9999.000 -9999.000 -9999.000 -9999.000 -9999.000 -9999.000 -9999.000 -9999.000 -9999.000 -9999.000
-9999.000 -9999.000 -9999.000 -9999.000 -9999.000 -9999.000 -9999.000 -9999.000 -9999.000 -9999.000 -9999.000 -9999.000 -9999.000 -9999.000 -9999.000 0.7229601 0.7234411 0.7235782 0.7235405 0.7233841 0.7231801 0.7229576 0.7227317 0.7225221 0.7223253 0.7221454 0.7219787 0.7217950 0.7214907 0.7215335 0.7215335 -9999.000 -9999.000 -9999.000 -9999.000 -9999.000 -9999.000 -9999.000 -9999.000 -9999.000 -9999.000 -9999.000 -9999.000 -9999.000 -9999.000 -9999.000 -9999.000 -9999.000 -9999.000 -9999.000 -9999.000 -9999.000 -9999.000 -9999.000 -9999.000 -9999.000 -9999.000 -9999.000 -9999.000
-9999.000 -9999.000 -9999.000 -9999.000 -9999.000 -9999.000 -9999.000 -9999.000 -9999.000 -9999.000 -9999.000 -9999.000 -9999.000 -9999.000 -9999.000 0.7249222 0.7254252 0.7255677 0.7255313 0.7253739 0.7251692 0.7249464 0.7247206 0.7245122 0.7243165 0.7241378 0.7239715 0.7237852 0.7234686 0.7234898 0.7234898 -9999.000 -9999.000 -9999.000 -9999.000 -9999.000 -9999.000 -9999.000 -9999.000 -9999.000 -9999.000 -9999.000 -9999.000 -9999.000 -9999.000 -9999.000 -9999.000 -9999.000 -9999.000 -9999.000 -9999.000 -9999.000 -9999.000 -9999.000 -9999.000 -9999.000 -9999.000 -9999.000 -9999.000
-9999.000 -9999.000 -9999.000 -9999.000 -9999.000 -9999.000 -9999.000 -9999.000 -9999.000 -9999.000 -9999.000 -9999.000 -9999.000 -9999.000 -9999.000 0.7269045 0.7274239 0.7275694 0.7275314 0.7273698 0.7271608 0.7269338 0.7267041 0.7264929 0.7262943 0.7261127 0.7259432 0.7257507 0.7254167 0.7254024 0.7254024 -9999.000 -9999.000 -9999.000 -9999.000 -9999.000 -9999.000 -9999.000 -9999.000 -9999.000 -9999.000 -9999.000 -9999.000 -9999.000 -9999.000 -9999.000 -9999.000 -9999.000 -9999.000 -9999.000 -9999.000 -9999.000 -9999.000 -9999.000 -9999.000 -9999.000 -9999.000 -9999.000 -9999.000
-9999.000 -9999.000 -9999.000 -9999.000 -9999.000 -9999.000 -9999.000 -9999.000 -9999.000 -9999.000 -9999.000 -9999.000 -9999.000 -9999.000 -9999.000 0.7288934 0.7294266 0.7295734 0.7295322 0.7293646 0.7291495 0.7289166 0.7286811 0.7284653 0.7282616 0.7280754 0.7279007 0.7276996 0.7273439 0.7272799 0.7272799 -9999.000 -9999.000 -9999.000 -9999.000 -9999.000 -9999.000 -9999.000 -9999.000 -9999.000 -9999.000 -9999.000 -9999.000 -9999.000 -9999.000 -9999.000 -9999.000 -9999.000 -9999.000 -9999.000 -9999.000 -9999.000 -9999.000 -9999.000 -9999.000 -9999.000 -9999.000 -9999.000 -9999.000
-9999.000 -9999.000 -9999.000 -9999.000 -9999.000 -9999.000 -9999.000 -9999.000 -9999.000 -9999.000 -9999.000 -9999.000 -9999.000 -9999.000 -9999.000 0.7308825 0.7314283 0.7315750 0.7315294 0.7313544 0.7311326 0.7308928 0.7306505 0.7304293 0.7302195 0.7300275 0.7298464 0.7296349 0.7292528 0.7291229 0.7291229 -9999.000 -9999.000 -9999.000 -9999.000 -9999.000 -9999.000 -9999.000 -9999.000 -9999.000 -9999.000 -9999.000 -9999.000 -9999.000 -9999.000 -9999.000 -9999.000 -9999.000 -9999.000 -9999.000 -9999.000 -9999.000 -9999.000 -9999.000 -9999.000 -9999.000 -9999.000 -9999.000 -9999.000
-9999.000 -9999.000 -9999.000 -9999.000 -9999.000 -9999.000 -9999.000 -9999.000 -9999.000 -9999.000 -9999.000 -9999.000 -9999.000 -9999.000 -9999.000 0.7328687 0.7334261 0.7335716 0.7335203 0.7333373 0.7331079 0.7328608 0.7326112 0.7323842 0.7321676 0.7319690 0.7317806 0.7315568 0.7311431 0.7309266 0.7309266 -9999.000 -9999.000 -9999.000 -9999.000 -9999.000 -9999.000 -9999.000 -9999.000 -9999.000 -9999.000 -9999.000 -9999.000 -9999.000 -9999.000 -9999.000 -9999.000 -9999.000 -9999.000 -9999.000 -9999.000 -9999.000 -9999.000 -9999.000 -9999.000 -9999.000 -9999.000 -9999.000 -9999.000
-9999.000 -9999.000 -9999.000 -9999.000 -9999.000 -9999.000 -9999.000 -9999.000 -9999.000 -9999.000 -9999.000 -9999.000 -9999.000 -9999.000 -9999.000 0.7348499 0.7354184 0.7355614 0.7355034 0.7353112 0.7350739 0.7348191 0.7345617 0.7343287 0.7341046 0.7338989 0.7337023 0.7334639 0.7330126 0.7326820 0.7326820 -9999.000 -9999.000 -9999.000 -9999.000 -9999.000 -9999.000 -9999.000 -9999.000 -9999.000 -9999.000 -9999.000 -9999.000 -9999.000 -9999.000 -9999.000 -9999.000 -9999.000 -9999.000 -9999.000 -9999.000 -9999.000 -9999.000 -9999.000 -9999.000 -9999.000 -9999.000 -9999.000 -9999.000
-9999.000 -9999.000 -9999.000 -9999.000 -9999.000 -9999.000 -9999.000 -9999.000 -9999.000 -9999.000 -9999.000 -9999.000 -9999.000 -9999.000 -9999.000 0.7368246 0.7374039 0.7375428 0.7374767 0.7372743 0.7370287 0.7367657 0.7365001 0.7362611 0.7360290 0.7358154 0.7356096 0.7353543 0.7348577 0.7343756 0.7343756 -9999.000 -9999.000 -9999.000 -9999.000 -9999.000 -9999.000 -9999.000 -9999.000 -9999.000 -9999.000 -9999.000 -9999.000 -9999.000 -9999.000 -9999.000 -9999.000 -9999.000 -9999.000 -9999.000 -9999.000 -9999.000 -9999.000 -9999.000 -9999.000 -9999.000 -9999.000 -9999.000 -9999.000
-9999.000 -9999.000 -9999.000 -9999.000 -9999.000 -9999.000 -9999.000 -9999.000 -9999.000 -9999.000 -9999.000 -9999.000 -9999.000 -9999.000 -9999.000 0.7387908 0.7393806 0.7395139 0.7394384 0.7392246 0.7389700 0.7386986 0.7384243 0.7381792 0.7379383 0.7377162 0.7375000 0.7372246 0.7366736 0.7359874 0.7359874 -9999.000 -9999.000 -9999.000 -9999.000 -9999.000 -9999.000 -9999.000 -9999.000 -9999.000 -9999.000 -9999.000 -9999.000 -9999.000 -9999.000 -9999.000 -9999.000 -9999.000 -9999.000 -9999.000 -9999.000 -9999.000 -9999.000 -9999.000 -9999.000 -9999.000 -9999.000 -9999.000 -9999.000
-9999.000 -9999.000 -9999.000 -9999.000 -9999.000 -9999.000 -9999.000 -9999.000 -9999.000 -9999.000 -9999.000 -9999.000 -9999.000 -9999.000 -9999.000 0.7407458 0.7413465 0.7414723 0.7413856 0.7411591 0.7408951 0.7406147 0.7403313 0.7400800 0.7398294 0.7395979 0.7393697 0.7390704 0.7384531 0.7374877 0.7374877 -9999.000 -9999.000 -9999.000 -9999.000 -9999.000 -9999.000 -9999.000 -9999.000 -9999.000 -9999.000 -9999.000 -9999.000 -9999.000 -9999.000 -9999.000 -9999.000 -9999.000 -9999.000 -9999.000 -9999.000 -9999.000 -9999.000 -9999.000 -9999.000 -9999.000 -9999.000 -9999.000 -9999.000
-9999.000 -9999.000 -9999.000 -9999.000 -9999.000 -9999.000 -9999.000 -9999.000 -9999.000 -9999.000 -9999.000 -9999.000 -9999.000 -9999.000 -9999.000 0.7426853 0.7432977 0.7434144 0.7433150 0.7430742 0.7428002 0.7425103 0.7422171 0.7419596 0.7416980 0.7414559 0.7412136 0.7408851 0.7401862 0.7388305 0.7388305 -9999.000 -9999.000 -9999.000 -9999.000 -9999.000 -9999.000 -9999.000 -9999.000 -9999.000 -9999.000 -9999.000 -9999.000 -9999.000 -9999.000 -9999.000 -9999.000 -9999.000 -9999.000 -9999.000 -9999.000 -9999.000 -9999.000 -9999.000 -9999.000 -9999.000 -9999.000 -9999.000 -9999.000
-9999.000 -9999.000 -9999.000 -9999.000 -9999.000 -9999.000 -9999.000 -9999.000 -9999.000 -9999.000 -9999.000 -9999.000 -9999.000 -9999.000 -9999.000 0.7444797 0.7451424 0.7452966 0.7452321 0.7449906 0.7447082 0.7444077 0.7441016 0.7438349 0.7435573 0.7433001 0.7430384 0.7426715 0.7418690 0.7399570 0.7399570 -9999.000 -9999.000 -9999.000 -9999.000 -9999.000 -9999.000 -9999.000 -9999.000 -9999.000 -9999.000 -9999.000 -9999.000 -9999.000 -9999.000 -9999.000 -9999.000 -9999.000 -9999.000 -9999.000 -9999.000 -9999.000 -9999.000 -9999.000 -9999.000 -9999.000 -9999.000 -9999.000 -9999.000
-9999.000 -9999.000 -9999.000 -9999.000 -9999.000 -9999.000 -9999.000 -9999.000 -9999.000 -9999.000 -9999.000 -9999.000 -9999.000 -9999.000 -9999.000 0.7366943 0.7437915 0.7474942 0.7492952 0.7492312 0.7485965 0.7479361 0.7472864 0.7467197 0.7461753 0.7456928 0.7452362 0.7446677 0.7435470 0.7400947 0.7400947 -9999.000 -9999.000 -9999.000 -9999.000 -9999.000 -9999.000 -9999.000 -9999.000 -9999.000 -9999.000 -9999.000 -9999.000 -9999.000 -9999.000 -9999.000 -9999.000 -9999.000 -9999.000 -9999.000 -9999.000 -9999.000 -9999.000 -9999.000 -9999.000 -9999.000 -9999.000 -9999.000 -9999.000
0.8265723 0.8265723 0.8234692 0.8143842 0.8060811 0.8060811 0.8025588 0.7971563 0.7971563 0.7927955 0.7927955 0.7891663 0.7875581 0.7860583 0.7845818 0.7845818 0.7505842 0.7492160 0.7477595 0.7477790 0.7490757 0.7508084 0.7529532 0.7558674 0.7585459 0.7611915 0.7632980 0.7634080 0.7572967 0.7284859 0.7284859 0.5154616 0.4775500 0.4541633 0.4462447 0.4462447 0.4334511 0.4334511 0.4339486 0.4339486 0.4438336 0.4904602 0.4904602 0.5866122 0.5866122 0.6539377 0.6539377 0.6539377 0.6562472 0.6562472 0.6463990 0.6463990 0.6320384 0.6320384 0.6168231 0.6168231 0.6026760 0.6026760 0.6026760
0.8238003 0.8238003 0.8215384 0.8123751 0.8052487 0.8052487 0.8015400 0.7960598 0.7960598 0.7917068 0.7917068 0.7880927 0.7864920 0.7849998 0.7835315 0.7835315 0.7541857 0.7483737 0.7432306 0.7391158 0.7360556 0.7338248 0.7324913 0.7322763 0.7328626 0.7342823 0.7363111 0.7382842 0.7383897 0.7286088 0.7286088 0.5847785 0.5291750 0.4735160 0.4576530 0.4576530 0.4387463 0.4387463 0.4384747 0.4384747 0.4478190 0.4890172 0.4890172 0.5645916 0.5645916 0.6489809 0.6489809 0.6489809 0.6552895 0.6552895 0.6464843 0.6464843 0.6324385 0.6324385 0.6174170 0.6174170 0.6033453 0.6033453 0.6033453
0.8225207 0.8225207 0.8208869 0.8119244 0.8055066 0.8055066 0.8016530 0.7960383 0.7960383 0.7916635 0.7916635 0.7880440 0.7864401 0.7849451 0.7834646 0.7834646 0.7569548 0.7474260 0.7387515 0.7312000 0.7249324 0.7198723 0.7160184 0.7134897 0.7121266 0.7119042 0.7126885 0.7140153 0.7145159 0.7085733 0.7085733 0.6184956 0.5613362 0.4919277 0.4707775 0.4707775 0.4481604 0.4481604 0.4519352 0.4519352 0.4638394 0.5029448 0.5029448 0.5594507 0.5594507 0.6394371 0.6394371 0.6394371 0.6510055 0.6510055 0.6447771 0.6447771 0.6317436 0.6317436 0.6171240 0.6171240 0.6032722 0.6032722 0.6032722
0.8217942 0.8217942 0.8203725 0.8117461 0.8057995 0.8057995 0.8018304 0.7960647 0.7960647 0.7916644 0.7916644 0.7880433 0.7864393 0.7849442 0.7834469 0.7834469 0.7587461 0.7460751 0.7340386 0.7232007 0.7138785 0.7061335 0.6999660 0.6954148 0.6923618 0.6907188 0.6903496 0.6908998 0.6913493 0.6876435 0.6876435 0.6311083 0.5809153 0.5094708 0.4865136 0.4865136 0.4658080 0.4658080 0.4776775 0.4776775 0.4921091 0.5252801 0.5252801 0.5610658 0.5610658 0.6251177 0.6251177 0.6251177 0.6414985 0.6414985 0.6395686 0.6395686 0.6288795 0.6288795 0.6154627 0.6154627 0.6023687 0.6023687 0.6023687
0.8217318 0.8217318 0.8196799 0.8118155 0.8060918 0.8060918 0.8019927 0.7960744 0.7960744 0.7916574 0.7916574 0.7880407 0.7864376 0.7849426 0.7834190 0.7834190 0.7591572 0.7437431 0.7286043 0.7146583 0.7023810 0.6919606 0.6834486 0.6768650 0.6721223 0.6691055 0.6676604 0.6674818 0.6677882 0.6656803 0.6656803 0.6302447 0.5896187 0.5242870 0.5040206 0.5040206 0.4941896 0.4941896 0.5158545 0.5158545 0.5296935 0.5504872 0.5504872 0.5661389 0.5661389 0.6090950 0.6090950 0.6090950 0.6277307 0.6277307 0.6307414 0.6307414 0.6236809 0.6236809 0.6124557 0.6124557 0.6007979 0.6007979 0.6007979
0.8214998 0.8214998 0.8191856 0.8118742 0.8062863 0.8062863 0.8021068 0.7960817 0.7960817 0.7916572 0.7916572 0.7880476 0.7864459 0.7849510 0.7833875 0.7833875 0.7579029 0.7399194 0.7219188 0.7050948 0.6900453 0.6770511 0.6662204 0.6575871 0.6510957 0.6466393 0.6440642 0.6431051 0.6431563 0.6421696 0.6421696 0.6204460 0.5897595 0.5376178 0.5258083 0.5258083 0.5356653 0.5356653 0.5616041 0.5616041 0.5697723 0.5738525 0.5738525 0.5727326 0.5727326 0.5945905 0.5945905 0.5945905 0.6119222 0.6119222 0.6189238 0.6189238 0.6161395 0.6161395 0.6080177 0.6080177 0.5985470 0.5985470 0.5985470
0.8213487 0.8213487 0.8188868 0.8119272 0.8064119 0.8064119 0.8021822 0.7960811 0.7960811 0.7916433 0.7916433 0.7880349 0.7864348 0.7849416 0.7833244 0.7833244 0.7546828 0.7340930 0.7134041 0.6939453 0.6763719 0.6610084 0.6479986 0.6373929 0.6291639 0.6232275 0.6194497 0.6176091 0.6172462 0.6169708 0.6169708 0.6044384 0.5836276 0.5540209 0.5578869 0.5578869 0.5889112 0.5889112 0.6062757 0.6062757 0.6051723 0.5932036 0.5932036 0.5799159 0.5799159 0.5835094 0.5835094 0.5835094 0.5963967 0.5963967 0.6052736 0.6052736 0.6065183 0.6065183 0.6021096 0.6021096 0.5955565 0.5955565 0.5955565
0.8213063 0.8213063 0.8187820 0.8119441 0.8064553 0.8064553 0.8022105 0.7960832 0.7960832 0.7916419 0.7916419 0.7880344 0.7864346 0.7849416 0.7832461 0.7832461 0.7491235 0.7257050 0.7024097 0.6805435 0.6607334 0.6432880 0.6283483 0.6159642 0.6061217 0.5987584 0.5937677 0.5909759 0.5900589 0.5902063 0.5902063 0.5842843 0.5742111 0.5819393 0.6067187 0.6067187 0.6453225 0.6453225 0.6423849 0.6423849 0.6323268 0.6086081 0.6086081 0.5872689 0.5872689 0.5763019 0.5763019 0.5763019 0.5828729 0.5828729 0.5911837 0.5911837 0.5954043 0.5954043 0.5948555 0.5948555 0.5918118 0.5918118 0.5918118
0.8213488 0.8213488 0.8188868 0.8119273 0.8064119 0.8064119 0.8021822 0.7960809 0.7960809 0.7916431 0.7916431 0.7880349 0.7864348 0.7849417 0.7831374 0.7831374 0.7406709 0.7140666 0.6881819 0.6641320 0.6424145 0.6232536 0.6067378 0.5928866 0.5816773 0.5730571 0.5669429 0.5632094 0.5616806 0.5622483 0.5622483 0.5624018 0.5671411 0.6308397 0.6710894 0.6710894 0.6923825 0.6923825 0.6678281 0.6678281 0.6518662 0.6210755 0.6210755 0.5945477 0.5945477 0.5724822 0.5724822 0.5724822 0.5722236 0.5722236 0.5779547 0.5779547 0.5836440 0.5836440 0.5866050 0.5866050 0.5874090 0.5874090 0.5874090
0.8214998 0.8214998 0.8191856 0.8118742 0.8062864 0.8062864 0.8021068 0.7960815 0.7960815 0.7916570 0.7916570 0.7880475 0.7864460 0.7849510 0.7829942 0.7829942 0.7284588 0.6982179 0.6697385 0.6437575 0.6205260 0.6001047 0.5824750 0.5675887 0.5553881 0.5458108 0.5387862 0.5342368 0.5322174 0.5339889 0.5339889 0.5434901 0.5741667 0.7006098 0.7358741 0.7358741 0.7233089 0.7233089 0.6850101 0.6850101 0.6660736 0.6313915 0.6313915 0.6014262 0.6014262 0.5711381 0.5711381 0.5711381 0.5645505 0.5645505 0.5665352 0.5665352 0.5722077 0.5722077 0.5779282 0.5779282 0.5825841 0.5825841 0.5825841
0.8217317 0.8217317 0.8196799 0.8118156 0.8060918 0.8060918 0.8019928 0.7960744 0.7960744 0.7916573 0.7916573 0.7880405 0.7864377 0.7849427 0.7827792 0.7827792 0.7110926 0.6767610 0.6457605 0.6182156 0.5939897 0.5728906 0.5547361 0.5393738 0.5266855 0.5165809 0.5089884 0.5038924 0.5019251 0.5082145 0.5082145 0.5392070 0.6137113 0.7718331 0.7809861 0.7809861 0.7409031 0.7409031 0.6969597 0.6969597 0.6767493 0.6398950 0.6398950 0.6075640 0.6075640 0.5713446 0.5713446 0.5713446 0.5594789 0.5594789 0.5574325 0.5574325 0.5619957 0.5619957 0.5695575 0.5695575 0.5777319 0.5777319 0.5777319
