simulation_files/asc/Depth____610.0.asc
NCOLS       216
NROWS       273
XLLCENTER        494.688995
YLLCENTER        787.867981
CELLSIZE           0.500
NODATA_VALUE     -9999.0
[rows 162 to 188 of 273, columns 118 to 176 of 216]
2.004890 2.680775 2.877667 2.914829 2.926730 2.936025 2.713015 2.136948 1.522140 0.6158687 0.1577682 0.8543198E-01 0.1144632 0.1577900 0.1395717 0.1276582 0.1528039 0.1667918 0.1896134 0.1968261 0.1923182 0.1517931 0.1052089 0.1122671 0.1414822 0.1474297 0.1119503 0.7323503E-01 -9999.000 -9999.000 -9999.000 -9999.000 -9999.000 -9999.000 -9999.000 -9999.000 -9999.000 -9999.000 -9999.000 -9999.000 -9999.000 -9999.000 -9999.000 -9999.000 -9999.000 -9999.000 -9999.000 -9999.000 -9999.000 -9999.000 -9999.000 -9999.000 -9999.000 -9999.000 -9999.000 -9999.000 -9999.000 -9999.000 -9999.000
1.666328 2.587298 2.871093 2.905033 2.906138 2.496584 1.699515 1.015918 0.4802575 0.1655825 0.1417518 0.1236744 0.1303395 0.1235225 0.1389935 0.1500976 0.1547119 0.1547322 0.1892105 0.2134102 0.2161089 0.1592544 0.1160025 0.1235678 0.1609657 0.1752273 0.1525351 0.1073170 0.4857713E-01 -9999.000 -9999.000 -9999.000 -9999.000 -9999.000 -9999.000 -9999.000 -9999.000 -9999.000 -9999.000 -9999.000 -9999.000 -9999.000 -9999.000 -9999.000 -9999.000 -9999.000 -9999.000 -9999.000 -9999.000 -9999.000 -9999.000 -9999.000 -9999.000 -9999.000 -9999.000 -9999.000 -9999.000 -9999.000 -9999.000
1.268050 2.296546 2.752001 2.894618 2.466084 1.525191 0.4926293 0.1617083 0.1317473 0.1040834 0.1227411 0.1090734 0.1027149 0.9175116E-01 0.1177362 0.1430053 0.1394184 0.1419473 0.1660200 0.1991951 0.2048157 0.1402266 0.1065978 0.1243563 0.1675727 0.1754797 0.1408490 0.1098989 0.5016989E-01 -9999.000 -9999.000 -9999.000 -9999.000 -9999.000 -9999.000 -9999.000 -9999.000 -9999.000 -9999.000 -9999.000 -9999.000 -9999.000 -9999.000 -9999.000 -9999.000 -9999.000 -9999.000 -9999.000 -9999.000 -9999.000 -9999.000 -9999.000 -9999.000 -9999.000 -9999.000 -9999.000 -9999.000 -9999.000 -9999.000
-9999.000 1.492284 2.313310 2.411904 1.486158 0.4868248 0.1224186 0.1359021 0.1109693 0.7918645E-01 0.6805282E-01 0.6893385E-01 0.8297748E-01 0.8237920E-01 0.1075921 0.1371099 0.1465205 0.1662826 0.1907325 0.2168568 0.1719887 0.1139893 0.9719655E-01 0.1144355 0.1572236 0.1574867 0.1437260 0.1081747 0.6074167E-01 0.2348383E-01 -9999.000 -9999.000 -9999.000 -9999.000 -9999.000 -9999.000 -9999.000 -9999.000 -9999.000 -9999.000 -9999.000 -9999.000 -9999.000 -9999.000 -9999.000 -9999.000 -9999.000 -9999.000 -9999.000 -9999.000 -9999.000 -9999.000 -9999.000 -9999.000 -9999.000 -9999.000 -9999.000 -9999.000 -9999.000
-9999.000 0.6741567 1.371555 1.215312 0.5285673 0.1355260 0.1604933 0.1424780 0.1294931 0.9692156E-01 0.6077064E-01 0.5602605E-01 0.6771016E-01 0.6727358E-01 0.1117768 0.1670397 0.2002038 0.2255411 0.2480705 0.2154004 0.1330808 0.1266793 0.1240643 0.1335752 0.1570595 0.1682595 0.1576195 0.1312798 0.9918247E-01 0.5681734E-01 -9999.000 -9999.000 0.1836429E-01 -9999.000 -9999.000 -9999.000 -9999.000 -9999.000 -9999.000 -9999.000 -9999.000 -9999.000 -9999.000 -9999.000 -9999.000 -9999.000 -9999.000 -9999.000 -9999.000 -9999.000 -9999.000 -9999.000 -9999.000 -9999.000 -9999.000 -9999.000 -9999.000 -9999.000 -9999.000
-9999.000 -9999.000 -9999.000 0.3036961 0.1701885 0.1921289 0.1669183 0.1586874 0.1625149 0.1334841 0.1053251 0.9079207E-01 0.7880580E-01 0.7590488E-01 0.1336332 0.2134751 0.2298983 0.2397576 0.2398178 0.1647239 0.9420882E-01 0.1362159 0.1463208 0.1608259 0.1674165 0.1356955 0.1286153 0.1269911 0.1143858 0.7855193E-01 -9999.000 -9999.000 -9999.000 -9999.000 -9999.000 -9999.000 -9999.000 -9999.000 -9999.000 -9999.000 -9999.000 -9999.000 -9999.000 -9999.000 -9999.000 -9999.000 -9999.000 -9999.000 -9999.000 -9999.000 -9999.000 -9999.000 -9999.000 -9999.000 -9999.000 -9999.000 -9999.000 -9999.000 -9999.000
-9999.000 -9999.000 -9999.000 0.8396088E-01 0.1860209 0.1919530 0.1921970 0.1981658 0.2030687 0.1850015 0.1686964 0.1519525 0.1220800 0.1097386 0.1388289 0.1852718 0.1964389 0.1959578 0.1631922 0.1381489 0.9797147E-01 0.1283033 0.1497437 0.1679520 0.1633757 0.1094069 0.9091315E-01 0.1132001 0.1230820 0.1016355 0.5048104E-01 0.2038463E-01 -9999.000 -9999.000 -9999.000 -9999.000 -9999.000 -9999.000 -9999.000 -9999.000 -9999.000 -9999.000 -9999.000 -9999.000 -9999.000 -9999.000 -9999.000 -9999.000 -9999.000 -9999.000 -9999.000 -9999.000 -9999.000 -9999.000 -9999.000 -9999.000 -9999.000 -9999.000 -9999.000
-9999.000 -9999.000 -9999.000 0.7396957E-01 0.1104908 0.1473027 0.1985687 0.2244257 0.2075893 0.1842181 0.1714320 0.1761690 0.1506550 0.1176852 0.1066218 0.8926313E-01 0.1245244 0.1148112 0.1300509 0.1710038 0.1392231 0.1566375 0.1865349 0.2144174 0.2062438 0.1452744 0.1080636 0.1153219 0.1290146 0.1243309 0.7960689E-01 0.4094509E-01 0.3459795E-01 -9999.000 -9999.000 -9999.000 -9999.000 -9999.000 -9999.000 -9999.000 -9999.000 -9999.000 -9999.000 -9999.000 -9999.000 -9999.000 -9999.000 -9999.000 -9999.000 -9999.000 -9999.000 -9999.000 -9999.000 -9999.000 -9999.000 -9999.000 -9999.000 -9999.000 -9999.000
-9999.000 -9999.000 -9999.000 0.2611336E-01 0.6857617E-01 0.1286972 0.1923005 0.2088372 0.2021237 0.1852576 0.1627198 0.1391899 0.1076846 0.8715772E-01 0.9256020E-01 0.1167883 0.1323265 0.1152429 0.1311954 0.1519860 0.1367276 0.1705804 0.2367884 0.2776830 0.2606742 0.1832111 0.1245782 0.1265583 0.1394017 0.1515113 0.1102306 0.7171146E-01 0.5821444E-01 0.4938948E-01 -9999.000 -9999.000 -9999.000 -9999.000 -9999.000 -9999.000 -9999.000 -9999.000 -9999.000 -9999.000 -9999.000 -9999.000 -9999.000 -9999.000 -9999.000 -9999.000 -9999.000 -9999.000 -9999.000 -9999.000 -9999.000 -9999.000 -9999.000 -9999.000 -9999.000
-9999.000 -9999.000 -9999.000 -9999.000 -9999.000 0.8886501E-01 0.1349036 0.1722305 0.2017976 0.2218804 0.1622525 0.8747760E-01 0.5183250E-01 0.4610990E-01 0.8627087E-01 0.1529895 0.1898988 0.2054825 0.1525703 0.9027857E-01 0.7669983E-01 0.1464604 0.2547806 0.2930355 0.2482182 0.1742572 0.1378623 0.1587468 0.1828705 0.1896746 0.1394355 0.1084110 0.1108588 0.9155156E-01 0.7302872E-01 0.6528561E-01 -9999.000 0.2534516E-01 -9999.000 -9999.000 -9999.000 -9999.000 -9999.000 -9999.000 -9999.000 -9999.000 -9999.000 -9999.000 -9999.000 -9999.000 -9999.000 -9999.000 -9999.000 -9999.000 -9999.000 -9999.000 -9999.000 -9999.000 -9999.000
-9999.000 -9999.000 -9999.000 -9999.000 -9999.000 0.4756185E-01 0.6785919E-01 0.1235012 0.1838520 0.2071389 0.1711133 0.1044589 0.7131752E-01 0.7266143E-01 0.1071391 0.1681211 0.2024766 0.2340261 0.1951772 0.1175876 0.9759622E-01 0.1599417 0.2441143 0.2581707 0.2205592 0.1587388 0.1366395 0.1457575 0.1792161 0.2015580 0.1640836 0.1528450 0.1651858 0.1553554 0.1076937 0.9009912E-01 0.8230825E-01 0.5604517E-01 -9999.000 -9999.000 -9999.000 -9999.000 -9999.000 -9999.000 -9999.000 -9999.000 -9999.000 -9999.000 -9999.000 -9999.000 -9999.000 -9999.000 -9999.000 -9999.000 -9999.000 -9999.000 -9999.000 -9999.000 -9999.000
-9999.000 -9999.000 -9999.000 -9999.000 -9999.000 0.4120354E-01 0.7334986E-01 0.1173254 0.1639482 0.1843351 0.1899533 0.1600743 0.1164175 0.1130139 0.1395841 0.1711366 0.1961965 0.2430303 0.2493794 0.2113547 0.1981962 0.2013567 0.2107988 0.2220257 0.1618368 0.1304859 0.1129999 0.1052684 0.1272812 0.1693133 0.1548848 0.1586222 0.1769130 0.1699941 0.1420355 0.1153501 0.1147882 0.1052240 0.5881221E-01 -9999.000 -9999.000 -9999.000 -9999.000 -9999.000 -9999.000 -9999.000 -9999.000 -9999.000 -9999.000 -9999.000 -9999.000 -9999.000 -9999.000 -9999.000 -9999.000 -9999.000 -9999.000 -9999.000 -9999.000
-9999.000 -9999.000 -9999.000 -9999.000 -9999.000 -9999.000 0.1031463 0.1114642 0.1418800 0.1832409 0.2119296 0.1924388 0.1439606 0.1108157 0.1184106 0.1398132 0.1753389 0.2382687 0.2604482 0.2602803 0.2737329 0.2121476 0.1712254 0.1546885 0.1330669 0.1137154 0.9872306E-01 0.1028030 0.1261562 0.1561344 0.1396402 0.1295943 0.1388500 0.1523346 0.1378533 0.1115868 0.1201289 0.1157253 0.7324860E-01 0.3425021E-01 -9999.000 -9999.000 -9999.000 -9999.000 -9999.000 -9999.000 -9999.000 -9999.000 -9999.000 -9999.000 -9999.000 -9999.000 -9999.000 -9999.000 -9999.000 -9999.000 -9999.000 -9999.000 -9999.000
-9999.000 -9999.000 -9999.000 -9999.000 -9999.000 -9999.000 -9999.000 0.6072493E-01 0.9860706E-01 0.1751636 0.2235249 0.2030076 0.1483542 0.8484583E-01 0.6561313E-01 0.7402043E-01 0.1259025 0.2216187 0.2316603 0.2132604 0.1865424 0.1443063 0.1330950 0.1718766 0.2008509 0.1399440 0.1161616 0.1306277 0.1503703 0.1740536 0.1663459 0.1389493 0.1309005 0.1454499 0.1252778 0.7742207E-01 0.7539864E-01 0.1053107 0.9727325E-01 0.7872711E-01 -9999.000 -9999.000 -9999.000 -9999.000 -9999.000 -9999.000 -9999.000 -9999.000 -9999.000 -9999.000 -9999.000 -9999.000 -9999.000 -9999.000 -9999.000 -9999.000 -9999.000 -9999.000 -9999.000
-9999.000 -9999.000 -9999.000 -9999.000 -9999.000 -9999.000 -9999.000 -9999.000 0.5352782E-01 0.1314574 0.1880848 0.1857310 0.1245998 0.5489739E-01 0.3104832E-01 0.3388875E-01 0.7838207E-01 0.1555489 0.1518557 0.1229413 0.9699823E-01 0.1035515 0.1320621 0.2113829 0.2457474 0.1924870 0.1798285 0.1925822 0.2012260 0.2133212 0.2274829 0.2264610 0.1787933 0.1405555 0.8994710E-01 0.3926505E-01 0.7050342E-01 0.1181638 0.1310119 0.9383204E-01 -9999.000 -9999.000 -9999.000 -9999.000 -9999.000 -9999.000 -9999.000 -9999.000 -9999.000 -9999.000 -9999.000 -9999.000 -9999.000 -9999.000 -9999.000 -9999.000 -9999.000 -9999.000 -9999.000
-9999.000 -9999.000 -9999.000 -9999.000 -9999.000 -9999.000 -9999.000 -9999.000 0.2317945E-01 0.7643026E-01 0.1423382 0.1610817 0.1257526 0.5527774E-01 0.2449132E-01 -9999.000 -9999.000 0.7511890E-01 0.9180152E-01 0.9373592E-01 0.1174302 0.1196548 0.1279385 0.2035876 0.2480052 0.2315153 0.2241506 0.2268377 0.2051650 0.1995028 0.2505326 0.2604203 0.2258950 0.1525453 0.7025743E-01 0.6109027E-01 0.1069104 0.1242959 0.1138756 0.8887555E-01 0.4568880E-01 -9999.000 -9999.000 -9999.000 -9999.000 -9999.000 -9999.000 -9999.000 -9999.000 -9999.000 -9999.000 -9999.000 -9999.000 -9999.000 -9999.000 -9999.000 -9999.000 -9999.000 -9999.000
-9999.000 -9999.000 -9999.000 -9999.000 -9999.000 -9999.000 -9999.000 -9999.000 0.1497517E-01 0.5683158E-01 0.1365217 0.1619211 0.1462309 0.9419267E-01 0.4428517E-01 0.2253679E-01 0.1604058E-01 0.3890779E-01 0.5780827E-01 0.7840617E-01 0.1148071 0.1503535 0.1523006 0.1941584 0.2465116 0.2376383 0.2149097 0.1841926 0.1135905 0.1175361 0.1963652 0.2150299 0.2107099 0.1603988 0.1171557 0.1295328 0.1395985 0.1294860 0.1135285 0.1222612 0.9753438E-01 -9999.000 -9999.000 -9999.000 -9999.000 -9999.000 -9999.000 -9999.000 -9999.000 -9999.000 -9999.000 -9999.000 -9999.000 -9999.000 -9999.000 -9999.000 -9999.000 -9999.000 -9999.000
-9999.000 -9999.000 -9999.000 -9999.000 -9999.000 -9999.000 -9999.000 -9999.000 -9999.000 0.3503780E-01 0.9403274E-01 0.1334532 0.1481797 0.1244072 0.8032358E-01 0.3703117E-01 -9999.000 0.2098294E-01 0.3688048E-01 0.5969780E-01 0.1062055 0.1677561 0.1763689 0.1897354 0.2418926 0.2159288 0.1683464 0.1083197 0.1057325 0.1295884 0.1469838 0.1518982 0.1601986 0.1424149 0.1401414 0.1718960 0.1670232 0.1438982 0.1537826 0.1705342 0.1313510 -9999.000 -9999.000 -9999.000 -9999.000 -9999.000 -9999.000 -9999.000 -9999.000 -9999.000 -9999.000 -9999.000 -9999.000 -9999.000 -9999.000 -9999.000 -9999.000 -9999.000 -9999.000
-9999.000 -9999.000 -9999.000 -9999.000 -9999.000 -9999.000 -9999.000 -9999.000 -9999.000 0.1966039E-01 0.5962798E-01 0.1092544 0.1442548 0.1569964 0.1151146 0.6061615E-01 0.2589244E-01 0.1789530E-01 0.3002891E-01 0.4926435E-01 0.8572421E-01 0.1364918 0.1473995 0.1803661 0.2107276 0.1748660 0.1120991 0.8025333E-01 0.1367385 0.1818533 0.1694558 0.1411130 0.1420914 0.1276618 0.1353243 0.1833006 0.1741449 0.1466394 0.1642791 0.1980663 0.1585981 0.9230238E-01 -9999.000 -9999.000 -9999.000 -9999.000 -9999.000 -9999.000 -9999.000 -9999.000 -9999.000 -9999.000 -9999.000 -9999.000 -9999.000 -9999.000 -9999.000 -9999.000 -9999.000
-9999.000 -9999.000 -9999.000 -9999.000 -9999.000 -9999.000 -9999.000 -9999.000 -9999.000 -9999.000 -9999.000 0.5899143E-01 0.1161423 0.1601100 0.1447778 0.9255500E-01 -9999.000 -9999.000 -9999.000 -9999.000 0.5189937E-01 0.9198254E-01 0.1049157 0.1397078 0.1786224 0.1525640 0.1413088 0.1411172 0.1840116 0.2133165 0.2179257 0.1831956 0.1905922 0.1882582 0.1914859 0.2148550 0.1917562 0.1760321 0.1872858 0.2097555 0.1873717 0.1153021 0.6816885E-01 -9999.000 -9999.000 -9999.000 -9999.000 -9999.000 -9999.000 -9999.000 -9999.000 -9999.000 -9999.000 -9999.000 -9999.000 -9999.000 -9999.000 -9999.000 -9999.000
-9999.000 -9999.000 -9999.000 -9999.000 -9999.000 -9999.000 -9999.000 -9999.000 -9999.000 -9999.000 -9999.000 -9999.000 0.6812725E-01 0.1300067 0.1415540 0.1078507 0.4722797E-01 -9999.000 -9999.000 -9999.000 0.3283744E-01 0.4597413E-01 0.4151483E-01 0.7629540E-01 0.1695965 0.1898736 0.1904822 0.2232186 0.2248126 0.2039806 0.2259066 0.2603485 0.2838525 0.3057501 0.2808800 0.2438324 0.2223042 0.2270276 0.2307693 0.2377677 0.2114947 0.1578385 0.1043915 -9999.000 -9999.000 -9999.000 -9999.000 -9999.000 -9999.000 -9999.000 -9999.000 -9999.000 -9999.000 -9999.000 -9999.000 -9999.000 -9999.000 -9999.000 -9999.000
-9999.000 -9999.000 -9999.000 -9999.000 -9999.000 -9999.000 -9999.000 -9999.000 -9999.000 -9999.000 -9999.000 -9999.000 0.5712040E-01 0.1283481 0.1555136 0.1304732 0.8177325E-01 -9999.000 -9999.000 -9999.000 0.2983596E-01 0.3544824E-01 0.2278735E-01 0.5819008E-01 0.1371062 0.1658968 0.1845570 0.2425673 0.2605753 0.2182597 0.2276262 0.2912177 0.3138370 0.3233382 0.3113191 0.2656827 0.2458119 0.2399540 0.2478472 0.2533816 0.2392861 0.2171871 0.1476243 0.5636463E-01 -9999.000 -9999.000 -9999.000 -9999.000 -9999.000 -9999.000 -9999.000 -9999.000 -9999.000 -9999.000 -9999.000 -9999.000 -9999.000 -9999.000 -9999.000
-9999.000 -9999.000 -9999.000 -9999.000 -9999.000 -9999.000 -9999.000 -9999.000 -9999.000 -9999.000 -9999.000 -9999.000 0.5986820E-01 0.1370537 0.1657764 0.1576545 0.1212295 0.6372735E-01 0.2921967E-01 0.2555192E-01 0.3211846E-01 0.2859108E-01 0.2243546E-01 0.5062262E-01 0.8770885E-01 0.9620683E-01 0.1227744 0.1973369 0.2483493 0.2386382 0.2562224 0.2990729 0.2861581 0.2732594 0.2754374 0.2661100 0.2297203 0.2274058 0.2292790 0.2438732 0.2499075 0.2340098 0.1824101 0.9430315E-01 -9999.000 -9999.000 -9999.000 -9999.000 -9999.000 -9999.000 -9999.000 -9999.000 -9999.000 -9999.000 -9999.000 -9999.000 -9999.000 -9999.000 -9999.000
-9999.000 -9999.000 -9999.000 -9999.000 -9999.000 -9999.000 -9999.000 -9999.000 -9999.000 -9999.000 -9999.000 -9999.000 0.5438771E-01 0.1178841 0.1653294 0.1706368 0.1524943 0.1008861 0.4279325E-01 0.3284527E-01 0.3355189E-01 0.3821257E-01 0.4816484E-01 0.6332841E-01 0.6557757E-01 0.5249215E-01 0.7849976E-01 0.1346660 0.1877767 0.2129633 0.2796080 0.2709891 0.2096753 0.2101045 0.2271185 0.1737122 0.1440377 0.1235583 0.1443915 0.1716054 0.1997917 0.2064821 0.1780970 0.1120566 0.7651573E-01 -9999.000 -9999.000 -9999.000 -9999.000 -9999.000 -9999.000 -9999.000 -9999.000 -9999.000 -9999.000 -9999.000 -9999.000 -9999.000 -9999.000
-9999.000 -9999.000 -9999.000 -9999.000 -9999.000 -9999.000 -9999.000 -9999.000 -9999.000 -9999.000 -9999.000 -9999.000 -9999.000 0.8780671E-01 0.1519941 0.1699727 0.1611847 0.1162464 0.6565489E-01 0.3192015E-01 0.2663962E-01 0.3463032E-01 0.5270363E-01 0.6088797E-01 0.4727480E-01 0.6137403E-01 0.1051785 0.1431458 0.1759189 0.2086818 0.2320493 0.1899530 0.1518669 0.2313819 0.2581791 0.2025920 0.1352891 0.1146828 0.1285198 0.1363794 0.1545780 0.1737960 0.1682555 0.1372227 0.9942435E-01 0.6239608E-01 -9999.000 -9999.000 -9999.000 -9999.000 -9999.000 -9999.000 -9999.000 -9999.000 -9999.000 -9999.000 -9999.000 -9999.000 -9999.000
-9999.000 -9999.000 -9999.000 -9999.000 -9999.000 -9999.000 -9999.000 -9999.000 -9999.000 -9999.000 -9999.000 -9999.000 -9999.000 0.8510971E-01 0.1322499 0.1406810 0.1549967 0.1293112 0.6414217E-01 0.2795442E-01 -9999.000 -9999.000 -9999.000 0.3471806E-01 0.4640459E-01 0.7595184E-01 0.1452086 0.1722289 0.1744680 0.1620142 0.1612873 0.1459828 0.1468731 0.2348260 0.3000810 0.2876642 0.2337559 0.1629045 0.1560860 0.1777039 0.1840088 0.1799718 0.1738045 0.1429284 0.9401545E-01 0.5006974E-01 -9999.000 -9999.000 -9999.000 -9999.000 -9999.000 -9999.000 -9999.000 -9999.000 -9999.000 -9999.000 -9999.000 -9999.000 -9999.000
-9999.000 -9999.000 -9999.000 -9999.000 -9999.000 -9999.000 -9999.000 -9999.000 -9999.000 -9999.000 -9999.000 -9999.000 -9999.000 0.8504146E-01 0.1151098 0.1180296 0.1450814 0.1334647 0.8379385E-01 0.5008188E-01 0.2305879E-01 -9999.000 0.1214264E-01 -9999.000 0.3871233E-01 0.5639268E-01 0.1010686 0.1203985 0.1414440 0.1370875 0.1615552 0.1897405 0.1729491 0.2118988 0.2625203 0.2777661 0.2429118 0.1941807 0.1804678 0.1966078 0.1828822 0.1668448 0.1675841 0.1537741 0.1293973 0.9199156E-01 0.7556288E-01 -9999.000 -9999.000 -9999.000 -9999.000 -9999.000 -9999.000 -9999.000 -9999.000 -9999.000 -9999.000 -9999.000 -9999.000
