simulation_files/asc/Depth____000201.asc
NCOLS        79
NROWS        79
XLLCENTER         -1.500000
YLLCENTER         -4.800000
CELLSIZE           0.100
NODATA_VALUE     -9999.0
[rows 0 to 25 of 79, columns 0 to 58 of 79]
-9999.000 -9999.000 -9999.000 -9999.000 -9999.000 -9999.000 -9999.000 -9999.000 -9999.000 -9999.000 -9999.000 -9999.000 -9999.000 -9999.000 -9999.000 0.7741011 0.7746811 0.7750762 0.7753056 0.7752723 0.7750170 0.7746726 0.7743040 0.7739365 0.7735996 0.7732995 0.7730299 0.7727715 0.7724258 0.7724091 0.7724091 -9999.000 -9999.000 -9999.000 -9999.000 -9999.000 -9999.000 -9999.000 -9999.000 -9999.000 -9999.000 -9999.000 -9999.000 -9999.000 -9999.000 -9999.000 -9999.000 -9999.000 -9999.000 -9999.000 -9999.000 -9999.000 -9999.000 -9999.000 -9999.000 -9999.000 -9999.000 -9999.000 -9999.000
-9999.000 -9999.000 -9999.000 -9999.000 -9999.000 -9999.000 -9999.000 -9999.000 -9999.000 -9999.000 -9999.000 -9999.000 -9999.000 -9999.000 -9999.000 0.7759792 0.7764804 0.7767981 0.7769806 0.7769502 0.7767426 0.7764702 0.7761853 0.7759059 0.7756549 0.7754350 0.7752395 0.7750498 0.7747782 0.7748482 0.7748482 -9999.000 -9999.000 -9999.000 -9999.000 -9999.000 -9999.000 -9999.000 -9999.000 -9999.000 -9999.000 -9999.000 -9999.000 -9999.000 -9999.000 -9999.000 -9999.000 -9999.000 -9999.000 -9999.000 -9999.000 -9999.000 -9999.000 -9999.000 -9999.000 -9999.000 -9999.000 -9999.000 -9999.000
-9999.000 -9999.000 -9999.000 -9999.000 -9999.000 -9999.000 -9999.000 -9999.000 -9999.000 -9999.000 -9999.000 -9999.000 -9999.000 -9999.000 -9999.000 0.7778748 0.7784175 0.7787496 0.7789436 0.7789197 0.7787145 0.7784443 0.7781625 0.7778871 0.7776411 0.7774265 0.7772350 0.7770469 0.7767696 0.7768346 0.7768346 -9999.000 -9999.000 -9999.000 -9999.000 -9999.000 -9999.000 -9999.000 -9999.000 -9999.000 -9999.000 -9999.000 -9999.000 -9999.000 -9999.000 -9999.000 -9999.000 -9999.000 -9999.000 -9999.000 -9999.000 -9999.000 -9999.000 -9999.000 -9999.000 -9999.000 -9999.000 -9999.000 -9999.000
-9999.000 -9999.000 -9999.000 -9999.000 -9999.000 -9999.000 -9999.000 -9999.000 -9999.000 -9999.000 -9999.000 -9999.000 -9999.000 -9999.000 -9999.000 0.7798137 0.7803851 0.7807251 0.7809232 0.7808983 0.7806881 0.7804124 0.7801256 0.7798452 0.7795952 0.7793769 0.7791814 0.7789881 0.7786992 0.7787428 0.7787428 -9999.000 -9999.000 -9999.000 -9999.000 -9999.000 -9999.000 -9999.000 -9999.000 -9999.000 -9999.000 -9999.000 -9999.000 -9999.000 -9999.000 -9999.000 -9999.000 -9999.000 -9999.000 -9999.000 -9999.000 -9999.000 -9999.000 -9999.000 -9999.000 -9999.000 -9999.000 -9999.000 -9999.000
-9999.000 -9999.000 -9999.000 -9999.000 -9999.000 -9999.000 -9999.000 -9999.000 -9999.000 -9999.000 -9999.000 -9999.000 -9999.000 -9999.000 -9999.000 0.7817655 0.7823613 0.7827057 0.7829041 0.7828740 0.7826546 0.7823698 0.7820739 0.7817846 0.7815269 0.7813011 0.7810981 0.7808962 0.7805915 0.7806013 0.7806013 -9999.000 -9999.000 -9999.000 -9999.000 -9999.000 -9999.000 -9999.000 -9999.000 -9999.000 -9999.000 -9999.000 -9999.000 -9999.000 -9999.000 -9999.000 -9999.000 -9999.000 -9999.000 -9999.000 -9999.000 -9999.000 -9999.000 -9999.000 -9999.000 -9999.000 -9999.000 -9999.000 -9999.000
-9999.000 -9999.000 -9999.000 -9999.000 -9999.000 -9999.000 -9999.000 -9999.000 -9999.000 -9999.000 -9999.000 -9999.000 -9999.000 -9999.000 -9999.000 0.7837190 0.7843373 0.7846834 0.7848792 0.7848411 0.7846102 0.7843143 0.7840079 0.7837080 0.7834412 0.7832066 0.7829946 0.7827824 0.7824584 0.7824223 0.7824223 -9999.000 -9999.000 -9999.000 -9999.000 -9999.000 -9999.000 -9999.000 -9999.000 -9999.000 -9999.000 -9999.000 -9999.000 -9999.000 -9999.000 -9999.000 -9999.000 -9999.000 -9999.000 -9999.000 -9999.000 -9999.000 -9999.000 -9999.000 -9999.000 -9999.000 -9999.000 -9999.000 -9999.000
-9999.000 -9999.000 -9999.000 -9999.000 -9999.000 -9999.000 -9999.000 -9999.000 -9999.000 -9999.000 -9999.000 -9999.000 -9999.000 -9999.000 -9999.000 0.7856703 0.7863103 0.7866554 0.7868457 0.7867967 0.7865528 0.7862452 0.7859280 0.7856172 0.7853412 0.7850974 0.7848758 0.7846522 0.7843058 0.7842101 0.7842101 -9999.000 -9999.000 -9999.000 -9999.000 -9999.000 -9999.000 -9999.000 -9999.000 -9999.000 -9999.000 -9999.000 -9999.000 -9999.000 -9999.000 -9999.000 -9999.000 -9999.000 -9999.000 -9999.000 -9999.000 -9999.000 -9999.000 -9999.000 -9999.000 -9999.000 -9999.000 -9999.000 -9999.000
-9999.000 -9999.000 -9999.000 -9999.000 -9999.000 -9999.000 -9999.000 -9999.000 -9999.000 -9999.000 -9999.000 -9999.000 -9999.000 -9999.000 -9999.000 0.7876191 0.7882795 0.7886208 0.7888027 0.7887400 0.7884817 0.7881623 0.7878343 0.7875127 0.7872283 0.7869757 0.7867444 0.7865087 0.7861362 0.7859636 0.7859636 -9999.000 -9999.000 -9999.000 -9999.000 -9999.000 -9999.000 -9999.000 -9999.000 -9999.000 -9999.000 -9999.000 -9999.000 -9999.000 -9999.000 -9999.000 -9999.000 -9999.000 -9999.000 -9999.000 -9999.000 -9999.000 -9999.000 -9999.000 -9999.000 -9999.000 -9999.000 -9999.000 -9999.000
-9999.000 -9999.000 -9999.000 -9999.000 -9999.000 -9999.000 -9999.000 -9999.000 -9999.000 -9999.000 -9999.000 -9999.000 -9999.000 -9999.000 -9999.000 0.7895660 0.7902457 0.7905799 0.7907500 0.7906700 0.7903958 0.7900649 0.7897268 0.7893950 0.7891034 0.7888424 0.7886015 0.7883526 0.7879497 0.7876777 0.7876777 -9999.000 -9999.000 -9999.000 -9999.000 -9999.000 -9999.000 -9999.000 -9999.000 -9999.000 -9999.000 -9999.000 -9999.000 -9999.000 -9999.000 -9999.000 -9999.000 -9999.000 -9999.000 -9999.000 -9999.000 -9999.000 -9999.000 -9999.000 -9999.000 -9999.000 -9999.000 -9999.000 -9999.000
-9999.000 -9999.000 -9999.000 -9999.000 -9999.000 -9999.000 -9999.000 -9999.000 -9999.000 -9999.000 -9999.000 -9999.000 -9999.000 -9999.000 -9999.000 0.7915129 0.7922095 0.7925331 0.7926873 0.7925857 0.7922941 0.7919520 0.7916046 0.7912634 0.7909659 0.7906972 0.7904467 0.7901836 0.7897449 0.7893428 0.7893428 -9999.000 -9999.000 -9999.000 -9999.000 -9999.000 -9999.000 -9999.000 -9999.000 -9999.000 -9999.000 -9999.000 -9999.000 -9999.000 -9999.000 -9999.000 -9999.000 -9999.000 -9999.000 -9999.000 -9999.000 -9999.000 -9999.000 -9999.000 -9999.000 -9999.000 -9999.000 -9999.000 -9999.000
-9999.000 -9999.000 -9999.000 -9999.000 -9999.000 -9999.000 -9999.000 -9999.000 -9999.000 -9999.000 -9999.000 -9999.000 -9999.000 -9999.000 -9999.000 0.7934616 0.7941720 0.7944809 0.7946146 0.7944860 0.7941751 0.7938222 0.7934663 0.7931163 0.7928149 0.7925388 0.7922787 0.7919997 0.7915182 0.7909437 0.7909437 -9999.000 -9999.000 -9999.000 -9999.000 -9999.000 -9999.000 -9999.000 -9999.000 -9999.000 -9999.000 -9999.000 -9999.000 -9999.000 -9999.000 -9999.000 -9999.000 -9999.000 -9999.000 -9999.000 -9999.000 -9999.000 -9999.000 -9999.000 -9999.000 -9999.000 -9999.000 -9999.000 -9999.000
-9999.000 -9999.000 -9999.000 -9999.000 -9999.000 -9999.000 -9999.000 -9999.000 -9999.000 -9999.000 -9999.000 -9999.000 -9999.000 -9999.000 -9999.000 0.7954122 0.7961326 0.7964221 0.7965302 0.7963696 0.7960373 0.7956740 0.7953102 0.7949522 0.7946485 0.7943654 0.7940953 0.7937980 0.7932647 0.7924585 0.7924585 -9999.000 -9999.000 -9999.000 -9999.000 -9999.000 -9999.000 -9999.000 -9999.000 -9999.000 -9999.000 -9999.000 -9999.000 -9999.000 -9999.000 -9999.000 -9999.000 -9999.000 -9999.000 -9999.000 -9999.000 -9999.000 -9999.000 -9999.000 -9999.000 -9999.000 -9999.000 -9999.000 -9999.000
-9999.000 -9999.000 -9999.000 -9999.000 -9999.000 -9999.000 -9999.000 -9999.000 -9999.000 -9999.000 -9999.000 -9999.000 -9999.000 -9999.000 -9999.000 0.7973421 0.7980722 0.7983381 0.7984227 0.7982348 0.7978845 0.7975119 0.7971413 0.7967753 0.7964711 0.7961801 0.7958984 0.7955792 0.7949819 0.7938586 0.7938586 -9999.000 -9999.000 -9999.000 -9999.000 -9999.000 -9999.000 -9999.000 -9999.000 -9999.000 -9999.000 -9999.000 -9999.000 -9999.000 -9999.000 -9999.000 -9999.000 -9999.000 -9999.000 -9999.000 -9999.000 -9999.000 -9999.000 -9999.000 -9999.000 -9999.000 -9999.000 -9999.000 -9999.000
-9999.000 -9999.000 -9999.000 -9999.000 -9999.000 -9999.000 -9999.000 -9999.000 -9999.000 -9999.000 -9999.000 -9999.000 -9999.000 -9999.000 -9999.000 0.7986536 0.7995042 0.7998629 0.8001760 0.8001660 0.7998754 0.7995066 0.7991286 0.7987449 0.7984284 0.7981129 0.7978037 0.7974454 0.7967581 0.7952008 0.7952008 -9999.000 -9999.000 -9999.000 -9999.000 -9999.000 -9999.000 -9999.000 -9999.000 -9999.000 -9999.000 -9999.000 -9999.000 -9999.000 -9999.000 -9999.000 -9999.000 -9999.000 -9999.000 -9999.000 -9999.000 -9999.000 -9999.000 -9999.000 -9999.000 -9999.000 -9999.000 -9999.000 -9999.000
-9999.000 -9999.000 -9999.000 -9999.000 -9999.000 -9999.000 -9999.000 -9999.000 -9999.000 -9999.000 -9999.000 -9999.000 -9999.000 -9999.000 -9999.000 0.7814918 0.7932077 0.7997080 0.8048815 0.8071386 0.8067716 0.8055789 0.8043532 0.8031776 0.8021988 0.8013309 0.8005755 0.7998372 0.7987244 0.7957572 0.7957572 -9999.000 -9999.000 -9999.000 -9999.000 -9999.000 -9999.000 -9999.000 -9999.000 -9999.000 -9999.000 -9999.000 -9999.000 -9999.000 -9999.000 -9999.000 -9999.000 -9999.000 -9999.000 -9999.000 -9999.000 -9999.000 -9999.000 -9999.000 -9999.000 -9999.000 -9999.000 -9999.000 -9999.000
0.8997493 0.8997493 0.9056126 0.8828730 0.8781263 0.8781263 0.8744485 0.8684410 0.8684410 0.8635296 0.8635296 0.8593680 0.8574959 0.8557345 0.8540444 0.8540444 0.8062118 0.8044261 0.8029714 0.8011774 0.8012459 0.8030623 0.8053396 0.8078682 0.8113324 0.8145630 0.8173547 0.8187984 0.8150349 0.7899664 0.7899664 0.5745187 0.5324489 0.5029907 0.4927038 0.4927038 0.4745288 0.4745288 0.4661815 0.4661815 0.4699928 0.5023058 0.5023058 0.5729625 0.5729625 0.6943735 0.6943735 0.6943735 0.7101075 0.7101075 0.7057552 0.7057552 0.6922453 0.6922453 0.6758516 0.6758516 0.6594603 0.6594603 0.6594603
0.8964605 0.8964605 0.9042488 0.8818858 0.8769854 0.8769854 0.8732495 0.8672348 0.8672348 0.8623451 0.8623451 0.8582034 0.8563399 0.8545868 0.8529053 0.8529053 0.8124959 0.8050217 0.7990667 0.7936144 0.7894092 0.7865469 0.7846723 0.7837350 0.7840371 0.7852154 0.7870982 0.7892891 0.7902179 0.7838743 0.7838743 0.6454026 0.5859031 0.5240014 0.5054360 0.5054360 0.4804830 0.4804830 0.4715088 0.4715088 0.4754587 0.5055073 0.5055073 0.5655724 0.5655724 0.6778912 0.6778912 0.6778912 0.7049649 0.7049649 0.7044690 0.7044690 0.6923261 0.6923261 0.6764249 0.6764249 0.6602539 0.6602539 0.6602539
0.8949845 0.8949845 0.9034258 0.8821085 0.8770842 0.8770842 0.8732575 0.8671872 0.8671872 0.8622953 0.8622953 0.8581529 0.8562868 0.8545310 0.8528418 0.8528418 0.8175114 0.8056052 0.7954005 0.7862664 0.7785180 0.7723404 0.7675799 0.7641266 0.7621000 0.7613332 0.7616695 0.7628232 0.7636999 0.7599502 0.7599502 0.6764464 0.6174766 0.5426480 0.5185706 0.5185706 0.4887279 0.4887279 0.4832778 0.4832778 0.4907876 0.5244510 0.5244510 0.5740698 0.5740698 0.6649180 0.6649180 0.6649180 0.6959866 0.6959866 0.7001268 0.7001268 0.6903849 0.6903849 0.6755304 0.6755304 0.6598493 0.6598493 0.6598493
0.8941830 0.8941830 0.9021329 0.8823624 0.8772395 0.8772395 0.8733121 0.8671750 0.8671750 0.8622872 0.8622872 0.8581510 0.8562858 0.8545299 0.8528325 0.8528325 0.8211962 0.8058050 0.7916712 0.7788588 0.7676707 0.7583341 0.7508332 0.7450690 0.7410354 0.7385982 0.7375817 0.7377248 0.7382390 0.7360656 0.7360656 0.6852544 0.6351808 0.5594326 0.5331731 0.5331731 0.5034491 0.5034491 0.5066241 0.5066241 0.5190992 0.5539333 0.5539333 0.5887064 0.5887064 0.6515509 0.6515509 0.6515509 0.6819161 0.6819161 0.6909530 0.6909530 0.6851798 0.6851798 0.6725934 0.6725934 0.6581981 0.6581981 0.6581981
0.8944067 0.8944067 0.9000987 0.8826096 0.8773986 0.8773986 0.8733686 0.8671575 0.8671575 0.8622745 0.8622745 0.8581489 0.8562863 0.8545321 0.8528234 0.8528234 0.8231030 0.8048490 0.7872117 0.7709243 0.7564258 0.7440016 0.7337377 0.7255945 0.7195284 0.7154193 0.7130858 0.7122721 0.7123705 0.7112349 0.7112349 0.6804284 0.6411434 0.5721974 0.5477564 0.5477564 0.5270060 0.5270060 0.5439410 0.5439410 0.5599029 0.5880057 0.5880057 0.6047385 0.6047385 0.6393068 0.6393068 0.6393068 0.6649846 0.6649846 0.6776296 0.6776296 0.6766719 0.6766719 0.6675397 0.6675397 0.6553538 0.6553538 0.6553538
0.8943297 0.8943297 0.8988186 0.8828073 0.8775346 0.8775346 0.8734211 0.8671452 0.8671452 0.8622652 0.8622652 0.8581474 0.8562866 0.8545331 0.8528066 0.8528066 0.8229275 0.8020803 0.7813231 0.7618613 0.7442940 0.7289644 0.7160265 0.7055004 0.6973529 0.6914874 0.6877424 0.6858835 0.6854344 0.6849008 0.6849008 0.6666630 0.6378310 0.5815126 0.5638632 0.5638632 0.5632721 0.5632721 0.5933577 0.5933577 0.6073960 0.6201463 0.6201463 0.6193601 0.6193601 0.6297873 0.6297873 0.6297873 0.6480247 0.6480247 0.6617728 0.6617728 0.6652697 0.6652697 0.6603466 0.6603466 0.6512502 0.6512502 0.6512502
0.8942822 0.8942822 0.8980595 0.8829268 0.8776224 0.8776224 0.8734559 0.8671368 0.8671368 0.8622586 0.8622586 0.8581465 0.8562869 0.8545337 0.8527810 0.8527810 0.8203956 0.7969309 0.7733116 0.7509927 0.7306715 0.7127214 0.6973277 0.6845484 0.6743734 0.6667331 0.6614996 0.6584774 0.6573036 0.6569817 0.6569817 0.6467595 0.6275020 0.5906683 0.5868707 0.5868707 0.6150246 0.6150246 0.6470692 0.6470692 0.6525118 0.6463627 0.6463627 0.6317608 0.6317608 0.6236450 0.6236450 0.6236450 0.6332077 0.6332077 0.6452676 0.6452676 0.6518174 0.6518174 0.6511739 0.6511739 0.6458387 0.6458387 0.6458387
0.8942662 0.8942662 0.8978076 0.8829668 0.8776526 0.8776526 0.8734681 0.8671338 0.8671338 0.8622562 0.8622562 0.8581461 0.8562869 0.8545338 0.8527432 0.8527432 0.8151368 0.7887967 0.7624445 0.7375619 0.7148433 0.6946394 0.6771231 0.6623582 0.6503438 0.6410325 0.6343291 0.6300849 0.6280485 0.6276655 0.6276655 0.6227849 0.6127757 0.6068901 0.6254507 0.6254507 0.6779097 0.6779097 0.6939493 0.6939493 0.6881766 0.6662081 0.6662081 0.6423118 0.6423118 0.6206948 0.6206948 0.6206948 0.6216611 0.6216611 0.6297930 0.6297930 0.6374173 0.6374173 0.6404404 0.6404404 0.6391973 0.6391973 0.6391973
0.8942823 0.8942823 0.8980595 0.8829268 0.8776222 0.8776222 0.8734559 0.8671368 0.8671368 0.8622584 0.8622584 0.8581464 0.8562869 0.8545337 0.8526882 0.8526882 0.8065758 0.7769343 0.7478791 0.7207043 0.6959789 0.6739605 0.6547583 0.6384013 0.6248738 0.6141332 0.6061085 0.6006954 0.5977682 0.5973287 0.5973287 0.5968989 0.5980812 0.6416699 0.6856285 0.6856285 0.7383875 0.7383875 0.7277771 0.7277771 0.7130955 0.6811194 0.6811194 0.6514798 0.6514798 0.6202106 0.6202106 0.6202106 0.6135310 0.6135310 0.6164963 0.6164963 0.6232600 0.6232600 0.6288279 0.6288279 0.6315858 0.6315858 0.6315858
0.8943295 0.8943295 0.8988187 0.8828071 0.8775344 0.8775344 0.8734211 0.8671453 0.8671453 0.8622648 0.8622648 0.8581474 0.8562868 0.8545331 0.8526093 0.8526093 0.7937924 0.7603189 0.7285540 0.6993781 0.6730960 0.6497877 0.6294401 0.6120052 0.5974240 0.5856369 0.5765802 0.5701890 0.5665394 0.5667629 0.5667629 0.5728539 0.5928342 0.7037243 0.7597454 0.7597454 0.7824624 0.7824624 0.7493898 0.7493898 0.7298809 0.6926945 0.6926945 0.6595237 0.6595237 0.6213567 0.6213567 0.6213567 0.6083747 0.6083747 0.6059263 0.6059263 0.6104002 0.6104002 0.6172080 0.6172080 0.6234843 0.6234843 0.6234843
0.8944066 0.8944066 0.9000990 0.8826094 0.8773985 0.8773985 0.8733687 0.8671577 0.8671577 0.8622742 0.8622742 0.8581489 0.8562864 0.8545322 0.8524967 0.8524967 0.7752765 0.7374303 0.7030211 0.6722466 0.6449855 0.6210398 0.6002147 0.5823449 0.5673009 0.5549859 0.5453274 0.5383076 0.5345199 0.5383889 0.5383889 0.5599890 0.6149806 0.7840215 0.8247362 0.8247362 0.8071699 0.8071699 0.7629580 0.7629580 0.7415450 0.7018700 0.7018700 0.6664255 0.6664255 0.6233574 0.6233574 0.6233574 0.6054851 0.6054851 0.5981155 0.5981155 0.5995935 0.5995935 0.6064971 0.6064971 0.6155468 0.6155468 0.6155468
