simulation_files/asc/Depth____49.0.asc
NCOLS        79
NROWS        79
XLLCENTER         -1.500000
YLLCENTER         -4.800000
CELLSIZE           0.100
NODATA_VALUE     -9999.0
[rows 0 to 25 of 79, columns 0 to 56 of 79]
-9999.000 -9999.000 -9999.000 -9999.000 -9999.000 -9999.000 -9999.000 -9999.000 -9999.000 -9999.000 -9999.000 -9999.000 -9999.000 -9999.000 -9999.000 0.2423529 0.2424627 0.2423681 0.2422072 0.2419961 0.2417425 0.2414531 0.2411354 0.2407977 0.2404500 0.2401038 0.2397728 0.2394737 0.2392396 0.2395366 0.2395366 -9999.000 -9999.000 -9999.000 -9999.000 -9999.000 -9999.000 -9999.000 -9999.000 -9999.000 -9999.000 -9999.000 -9999.000 -9999.000 -9999.000 -9999.000 -9999.000 -9999.000 -9999.000 -9999.000 -9999.000 -9999.000 -9999.000 -9999.000 -9999.000 -9999.000 -9999.000
-9999.000 -9999.000 -9999.000 -9999.000 -9999.000 -9999.000 -9999.000 -9999.000 -9999.000 -9999.000 -9999.000 -9999.000 -9999.000 -9999.000 -9999.000 0.2442827 0.2444247 0.2443311 0.2441783 0.2439808 0.2437448 0.2434765 0.2431831 0.2428727 0.2425548 0.2422397 0.2419382 0.2416614 0.2414319 0.2417023 0.2417023 -9999.000 -9999.000 -9999.000 -9999.000 -9999.000 -9999.000 -9999.000 -9999.000 -9999.000 -9999.000 -9999.000 -9999.000 -9999.000 -9999.000 -9999.000 -9999.000 -9999.000 -9999.000 -9999.000 -9999.000 -9999.000 -9999.000 -9999.000 -9999.000 -9999.000 -9999.000
-9999.000 -9999.000 -9999.000 -9999.000 -9999.000 -9999.000 -9999.000 -9999.000 -9999.000 -9999.000 -9999.000 -9999.000 -9999.000 -9999.000 -9999.000 0.2463487 0.2465414 0.2464474 0.2462935 0.2460956 0.2458602 0.2455931 0.2453005 0.2449900 0.2446697 0.2443489 0.2440368 0.2437436 0.2434941 0.2438059 0.2438059 -9999.000 -9999.000 -9999.000 -9999.000 -9999.000 -9999.000 -9999.000 -9999.000 -9999.000 -9999.000 -9999.000 -9999.000 -9999.000 -9999.000 -9999.000 -9999.000 -9999.000 -9999.000 -9999.000 -9999.000 -9999.000 -9999.000 -9999.000 -9999.000 -9999.000 -9999.000
-9999.000 -9999.000 -9999.000 -9999.000 -9999.000 -9999.000 -9999.000 -9999.000 -9999.000 -9999.000 -9999.000 -9999.000 -9999.000 -9999.000 -9999.000 0.2484513 0.2486876 0.2485908 0.2484324 0.2482295 0.2479887 0.2477150 0.2474143 0.2470933 0.2467597 0.2464218 0.2460883 0.2457688 0.2454899 0.2458340 0.2458340 -9999.000 -9999.000 -9999.000 -9999.000 -9999.000 -9999.000 -9999.000 -9999.000 -9999.000 -9999.000 -9999.000 -9999.000 -9999.000 -9999.000 -9999.000 -9999.000 -9999.000 -9999.000 -9999.000 -9999.000 -9999.000 -9999.000 -9999.000 -9999.000 -9999.000 -9999.000
-9999.000 -9999.000 -9999.000 -9999.000 -9999.000 -9999.000 -9999.000 -9999.000 -9999.000 -9999.000 -9999.000 -9999.000 -9999.000 -9999.000 -9999.000 0.2505814 0.2508539 0.2507514 0.2505853 0.2503735 0.2501222 0.2498359 0.2495199 0.2491804 0.2488244 0.2484597 0.2480946 0.2477385 0.2474196 0.2477886 0.2477886 -9999.000 -9999.000 -9999.000 -9999.000 -9999.000 -9999.000 -9999.000 -9999.000 -9999.000 -9999.000 -9999.000 -9999.000 -9999.000 -9999.000 -9999.000 -9999.000 -9999.000 -9999.000 -9999.000 -9999.000 -9999.000 -9999.000 -9999.000 -9999.000 -9999.000 -9999.000
-9999.000 -9999.000 -9999.000 -9999.000 -9999.000 -9999.000 -9999.000 -9999.000 -9999.000 -9999.000 -9999.000 -9999.000 -9999.000 -9999.000 -9999.000 0.2527315 0.2530322 0.2529210 0.2527443 0.2525201 0.2522541 0.2519501 0.2516130 0.2512479 0.2508615 0.2504608 0.2500539 0.2496497 0.2492781 0.2496649 0.2496649 -9999.000 -9999.000 -9999.000 -9999.000 -9999.000 -9999.000 -9999.000 -9999.000 -9999.000 -9999.000 -9999.000 -9999.000 -9999.000 -9999.000 -9999.000 -9999.000 -9999.000 -9999.000 -9999.000 -9999.000 -9999.000 -9999.000 -9999.000 -9999.000 -9999.000 -9999.000
-9999.000 -9999.000 -9999.000 -9999.000 -9999.000 -9999.000 -9999.000 -9999.000 -9999.000 -9999.000 -9999.000 -9999.000 -9999.000 -9999.000 -9999.000 0.2548954 0.2552155 0.2550922 0.2549022 0.2546626 0.2543782 0.2540522 0.2536883 0.2532912 0.2528664 0.2524203 0.2519602 0.2514945 0.2510541 0.2514507 0.2514507 -9999.000 -9999.000 -9999.000 -9999.000 -9999.000 -9999.000 -9999.000 -9999.000 -9999.000 -9999.000 -9999.000 -9999.000 -9999.000 -9999.000 -9999.000 -9999.000 -9999.000 -9999.000 -9999.000 -9999.000 -9999.000 -9999.000 -9999.000 -9999.000 -9999.000 -9999.000
-9999.000 -9999.000 -9999.000 -9999.000 -9999.000 -9999.000 -9999.000 -9999.000 -9999.000 -9999.000 -9999.000 -9999.000 -9999.000 -9999.000 -9999.000 0.2570684 0.2573984 0.2572592 0.2570531 0.2567950 0.2564885 0.2561360 0.2557400 0.2553041 0.2548324 0.2543302 0.2538034 0.2532594 0.2527286 0.2531234 0.2531234 -9999.000 -9999.000 -9999.000 -9999.000 -9999.000 -9999.000 -9999.000 -9999.000 -9999.000 -9999.000 -9999.000 -9999.000 -9999.000 -9999.000 -9999.000 -9999.000 -9999.000 -9999.000 -9999.000 -9999.000 -9999.000 -9999.000 -9999.000 -9999.000 -9999.000 -9999.000
-9999.000 -9999.000 -9999.000 -9999.000 -9999.000 -9999.000 -9999.000 -9999.000 -9999.000 -9999.000 -9999.000 -9999.000 -9999.000 -9999.000 -9999.000 0.2592463 0.2595761 0.2594168 0.2591919 0.2589120 0.2585794 0.2581953 0.2577610 0.2572784 0.2567498 0.2561785 0.2555679 0.2549231 0.2542720 0.2546462 0.2546462 -9999.000 -9999.000 -9999.000 -9999.000 -9999.000 -9999.000 -9999.000 -9999.000 -9999.000 -9999.000 -9999.000 -9999.000 -9999.000 -9999.000 -9999.000 -9999.000 -9999.000 -9999.000 -9999.000 -9999.000 -9999.000 -9999.000 -9999.000 -9999.000 -9999.000 -9999.000
-9999.000 -9999.000 -9999.000 -9999.000 -9999.000 -9999.000 -9999.000 -9999.000 -9999.000 -9999.000 -9999.000 -9999.000 -9999.000 -9999.000 -9999.000 0.2614241 0.2617438 0.2615599 0.2613133 0.2610082 0.2606450 0.2602234 0.2597431 0.2592039 0.2586057 0.2579482 0.2572310 0.2564541 0.2556391 0.2559581 0.2559581 -9999.000 -9999.000 -9999.000 -9999.000 -9999.000 -9999.000 -9999.000 -9999.000 -9999.000 -9999.000 -9999.000 -9999.000 -9999.000 -9999.000 -9999.000 -9999.000 -9999.000 -9999.000 -9999.000 -9999.000 -9999.000 -9999.000 -9999.000 -9999.000 -9999.000 -9999.000
-9999.000 -9999.000 -9999.000 -9999.000 -9999.000 -9999.000 -9999.000 -9999.000 -9999.000 -9999.000 -9999.000 -9999.000 -9999.000 -9999.000 -9999.000 0.2635939 0.2638950 0.2636823 0.2634111 0.2630773 0.2626784 0.2622122 0.2616763 0.2610678 0.2603828 0.2596158 0.2587597 0.2578051 0.2567593 0.2569563 0.2569563 -9999.000 -9999.000 -9999.000 -9999.000 -9999.000 -9999.000 -9999.000 -9999.000 -9999.000 -9999.000 -9999.000 -9999.000 -9999.000 -9999.000 -9999.000 -9999.000 -9999.000 -9999.000 -9999.000 -9999.000 -9999.000 -9999.000 -9999.000 -9999.000 -9999.000 -9999.000
-9999.000 -9999.000 -9999.000 -9999.000 -9999.000 -9999.000 -9999.000 -9999.000 -9999.000 -9999.000 -9999.000 -9999.000 -9999.000 -9999.000 -9999.000 0.2657430 0.2660196 0.2657748 0.2654766 0.2651103 0.2646701 0.2641508 0.2635473 0.2628526 0.2620574 0.2611480 0.2601055 0.2589032 0.2575185 0.2574560 0.2574560 -9999.000 -9999.000 -9999.000 -9999.000 -9999.000 -9999.000 -9999.000 -9999.000 -9999.000 -9999.000 -9999.000 -9999.000 -9999.000 -9999.000 -9999.000 -9999.000 -9999.000 -9999.000 -9999.000 -9999.000 -9999.000 -9999.000 -9999.000 -9999.000 -9999.000 -9999.000
-9999.000 -9999.000 -9999.000 -9999.000 -9999.000 -9999.000 -9999.000 -9999.000 -9999.000 -9999.000 -9999.000 -9999.000 -9999.000 -9999.000 -9999.000 0.2678512 0.2681028 0.2678237 0.2674963 0.2670938 0.2666057 0.2660232 0.2653367 0.2645333 0.2635951 0.2624951 0.2611939 0.2596314 0.2577218 0.2570908 0.2570908 -9999.000 -9999.000 -9999.000 -9999.000 -9999.000 -9999.000 -9999.000 -9999.000 -9999.000 -9999.000 -9999.000 -9999.000 -9999.000 -9999.000 -9999.000 -9999.000 -9999.000 -9999.000 -9999.000 -9999.000 -9999.000 -9999.000 -9999.000 -9999.000 -9999.000 -9999.000
-9999.000 -9999.000 -9999.000 -9999.000 -9999.000 -9999.000 -9999.000 -9999.000 -9999.000 -9999.000 -9999.000 -9999.000 -9999.000 -9999.000 -9999.000 0.2698780 0.2701170 0.2698062 0.2694498 0.2690080 0.2684648 0.2678063 0.2670163 0.2660728 0.2649434 0.2635785 0.2619012 0.2597842 0.2570017 0.2550193 0.2550193 -9999.000 -9999.000 -9999.000 -9999.000 -9999.000 -9999.000 -9999.000 -9999.000 -9999.000 -9999.000 -9999.000 -9999.000 -9999.000 -9999.000 -9999.000 -9999.000 -9999.000 -9999.000 -9999.000 -9999.000 -9999.000 -9999.000 -9999.000 -9999.000 -9999.000 -9999.000
-9999.000 -9999.000 -9999.000 -9999.000 -9999.000 -9999.000 -9999.000 -9999.000 -9999.000 -9999.000 -9999.000 -9999.000 -9999.000 -9999.000 -9999.000 0.2709747 0.2717769 0.2716204 0.2713462 0.2709263 0.2703523 0.2696123 0.2686872 0.2675460 0.2661376 0.2643768 0.2621173 0.2590872 0.2546979 0.2486023 0.2486023 -9999.000 -9999.000 -9999.000 -9999.000 -9999.000 -9999.000 -9999.000 -9999.000 -9999.000 -9999.000 -9999.000 -9999.000 -9999.000 -9999.000 -9999.000 -9999.000 -9999.000 -9999.000 -9999.000 -9999.000 -9999.000 -9999.000 -9999.000 -9999.000 -9999.000 -9999.000
0.2218927 0.2218927 0.2129677 0.2167335 0.2320584 0.2320584 0.2358576 0.2423329 0.2423329 0.2486309 0.2486309 0.2558611 0.2602515 0.2654942 0.2719315 0.2719315 0.2793372 0.2794508 0.2792737 0.2786987 0.2776731 0.2761793 0.2742224 0.2718016 0.2688611 0.2652122 0.2603834 0.2532305 0.2406079 0.2076280 0.2076280 0.9389619E-01 0.6952608E-01 0.6278332E-01 0.6625567E-01 0.6625567E-01 0.8021244E-01 0.8021244E-01 0.1023293 0.1023293 0.1255737 0.1675329 0.1675329 0.1709146 0.1709146 0.1709327 0.1709327 0.1709327 0.1663120 0.1663120 0.1623800 0.1623800 0.1591950 0.1591950 0.1539900 0.1539900 0.1506293
0.2209674 0.2209674 0.2124209 0.2155509 0.2318748 0.2318748 0.2355463 0.2419528 0.2419528 0.2482167 0.2482167 0.2553252 0.2594835 0.2641182 0.2690962 0.2690962 0.2734959 0.2738310 0.2740656 0.2741247 0.2739060 0.2732876 0.2721346 0.2702981 0.2676017 0.2638008 0.2584778 0.2507893 0.2387379 0.2153227 0.2153227 0.1363102 0.1098269 0.8997177E-01 0.8637711E-01 0.8637711E-01 0.8797964E-01 0.8797964E-01 0.1015191 0.1015191 0.1167016 0.1663276 0.1663276 0.1713183 0.1713183 0.1709207 0.1709207 0.1709207 0.1659907 0.1659907 0.1620692 0.1620692 0.1595235 0.1595235 0.1537624 0.1537624 0.1504291
0.2204570 0.2204570 0.2122642 0.2150074 0.2320156 0.2320156 0.2355452 0.2417955 0.2417955 0.2478306 0.2478306 0.2544114 0.2580734 0.2619741 0.2659584 0.2659584 0.2688707 0.2688972 0.2688574 0.2687380 0.2684639 0.2679192 0.2669561 0.2653942 0.2630100 0.2595082 0.2544551 0.2471116 0.2359345 0.2163639 0.2163639 0.1554488 0.1297193 0.1064961 0.1008805 0.1008805 0.9869821E-01 0.9869821E-01 0.1071809 0.1071809 0.1167089 0.1574098 0.1574098 0.1718632 0.1718632 0.1716943 0.1716943 0.1716943 0.1659112 0.1659112 0.1619439 0.1619439 0.1588250 0.1588250 0.1540073 0.1540073 0.1505170
0.2200561 0.2200561 0.2121321 0.2145286 0.2321004 0.2321004 0.2355191 0.2415967 0.2415967 0.2473519 0.2473519 0.2533523 0.2565334 0.2597938 0.2629997 0.2629997 0.2646134 0.2642805 0.2639099 0.2635039 0.2630006 0.2622936 0.2612407 0.2596651 0.2573477 0.2540055 0.2492414 0.2424158 0.2322677 0.2152859 0.2152859 0.1675551 0.1439325 0.1209176 0.1152444 0.1152444 0.1125047 0.1125047 0.1173908 0.1173908 0.1223134 0.1482618 0.1482618 0.1689491 0.1689491 0.1707709 0.1707709 0.1707709 0.1658300 0.1658300 0.1617053 0.1617053 0.1583491 0.1583491 0.1540024 0.1540024 0.1504663
0.2197561 0.2197561 0.2120233 0.2140968 0.2321303 0.2321303 0.2354569 0.2413479 0.2413479 0.2467847 0.2467847 0.2521681 0.2548717 0.2575273 0.2600286 0.2600286 0.2602984 0.2595566 0.2588525 0.2581712 0.2574412 0.2565534 0.2553687 0.2537190 0.2514017 0.2481649 0.2436716 0.2373942 0.2283037 0.2134645 0.2134645 0.1754981 0.1546875 0.1343842 0.1299552 0.1299552 0.1281023 0.1281023 0.1298004 0.1298004 0.1312239 0.1433550 0.1433550 0.1625336 0.1625336 0.1689919 0.1689919 0.1689919 0.1652161 0.1652161 0.1611618 0.1611618 0.1576684 0.1576684 0.1537015 0.1537015 0.1502724
0.2195492 0.2195492 0.2119416 0.2137158 0.2321164 0.2321164 0.2353641 0.2410627 0.2410627 0.2461619 0.2461619 0.2509149 0.2531439 0.2552031 0.2570020 0.2570020 0.2557244 0.2544953 0.2534376 0.2524985 0.2515788 0.2505521 0.2492732 0.2475789 0.2452851 0.2421787 0.2379996 0.2323455 0.2243959 0.2115972 0.2115972 0.1811491 0.1637570 0.1483169 0.1457502 0.1457502 0.1442804 0.1442804 0.1423291 0.1423291 0.1410689 0.1433500 0.1433500 0.1556106 0.1556106 0.1655896 0.1655896 0.1655896 0.1636398 0.1636398 0.1601409 0.1601409 0.1567430 0.1567430 0.1531395 0.1531395 0.1499567
0.2194289 0.2194289 0.2118910 0.2133924 0.2320671 0.2320671 0.2352461 0.2407559 0.2407559 0.2455150 0.2455150 0.2496445 0.2514055 0.2528647 0.2539198 0.2539198 0.2507412 0.2489259 0.2474781 0.2462899 0.2452195 0.2441100 0.2427993 0.2411221 0.2389094 0.2359919 0.2322150 0.2273370 0.2207422 0.2103326 0.2103326 0.1858637 0.1728428 0.1637680 0.1626186 0.1626186 0.1596142 0.1596142 0.1537255 0.1537255 0.1504427 0.1465674 0.1465674 0.1510015 0.1510015 0.1608624 0.1608624 0.1608624 0.1608905 0.1608905 0.1584399 0.1584399 0.1554762 0.1554762 0.1523329 0.1523329 0.1495336
0.2193911 0.2193911 0.2118737 0.2131357 0.2319891 0.2319891 0.2351088 0.2404416 0.2404416 0.2448723 0.2448723 0.2484026 0.2497085 0.2505627 0.2508052 0.2508052 0.2451833 0.2426695 0.2407883 0.2393565 0.2381754 0.2370447 0.2357747 0.2341890 0.2321279 0.2294703 0.2262303 0.2224091 0.2175791 0.2099426 0.2099426 0.1916893 0.1836832 0.1806423 0.1793824 0.1793824 0.1729299 0.1729299 0.1635115 0.1635115 0.1587743 0.1511711 0.1511711 0.1494677 0.1494677 0.1558576 0.1558576 0.1558576 0.1571629 0.1571629 0.1559606 0.1559606 0.1537652 0.1537652 0.1512665 0.1512665 0.1490033
0.2194341 0.2194341 0.2118906 0.2129556 0.2318871 0.2318871 0.2349583 0.2401325 0.2401325 0.2442577 0.2442577 0.2472285 0.2481011 0.2483536 0.2477079 0.2477079 0.2388384 0.2355077 0.2331508 0.2314840 0.2302389 0.2291586 0.2280132 0.2266046 0.2247734 0.2224507 0.2199613 0.2177389 0.2154669 0.2113231 0.2113231 0.2004321 0.1974544 0.1974700 0.1943427 0.1943427 0.1837847 0.1837847 0.1716773 0.1716773 0.1659225 0.1560043 0.1560043 0.1502206 0.1502206 0.1516353 0.1516353 0.1516353 0.1530201 0.1530201 0.1528200 0.1528200 0.1515770 0.1515770 0.1499200 0.1499200 0.1483655
0.2195593 0.2195593 0.2119409 0.2128621 0.2317640 0.2317640 0.2348008 0.2398404 0.2398404 0.2436915 0.2436915 0.2461551 0.2466263 0.2462976 0.2447091 0.2447091 0.2314185 0.2271620 0.2242939 0.2224062 0.2211554 0.2202141 0.2192974 0.2181709 0.2166608 0.2147440 0.2133875 0.2138360 0.2154913 0.2160863 0.2160863 0.2125428 0.2138742 0.2127073 0.2065936 0.2065936 0.1923504 0.1923504 0.1783547 0.1783547 0.1718819 0.1604678 0.1604678 0.1521409 0.1521409 0.1487158 0.1487158 0.1487158 0.1491100 0.1491100 0.1493448 0.1493448 0.1490054 0.1490054 0.1483192 0.1483192 0.1476309
0.2197707 0.2197707 0.2120220 0.2128658 0.2316211 0.2316211 0.2346420 0.2395753 0.2395753 0.2431902 0.2431902 0.2452086 0.2453192 0.2444487 0.2419153 0.2419153 0.2224875 0.2172664 0.2138953 0.2118048 0.2106026 0.2098994 0.2093424 0.2086391 0.2075731 0.2061266 0.2066797 0.2118430 0.2191924 0.2253228 0.2253228 0.2283788 0.2305278 0.2241664 0.2170282 0.2170282 0.1990157 0.1990157 0.1836825 0.1836825 0.1766954 0.1642966 0.1642966 0.1544078 0.1544078 0.1470649 0.1470649 0.1470649 0.1458963 0.1458963 0.1459564 0.1459564 0.1462745 0.1462745 0.1465641 0.1465641 0.1468362
