simulation_files/asc/Depth____180.0.asc
NCOLS       216
NROWS       273
XLLCENTER        494.688995
YLLCENTER        787.867981
CELLSIZE           0.500
NODATA_VALUE     -9999.0
[rows 182 to 207 of 273, columns 120 to 179 of 216]
-9999.000 -9999.000 -9999.000 -9999.000 -9999.000 -9999.000 -9999.000 -9999.000 -9999.000 0.1003827 0.1776761 0.2653875 0.2706380 0.2179039 0.1411151 0.9242086E-01 0.5041779E-01 0.5820383E-01 0.7842665E-01 0.7474731E-01 0.8619627E-01 0.1532232 0.2354096 0.2217620 0.2411546 0.2924433 0.2993816 0.2720633 0.2903691 0.3327380 0.3653480 0.3937659 0.3718565 0.3306864 0.3088290 0.3173635 0.3169178 0.3178135 0.2853407 0.2291208 0.1499979 0.6905577E-01 -9999.000 -9999.000 -9999.000 -9999.000 -9999.000 -9999.000 -9999.000 -9999.000 -9999.000 -9999.000 -9999.000 -9999.000 -9999.000 -9999.000 -9999.000 -9999.000 -9999.000 -9999.000
-9999.000 -9999.000 -9999.000 -9999.000 -9999.000 -9999.000 -9999.000 -9999.000 -9999.000 0.5973898E-01 0.1557877 0.2355941 0.2637712 0.2395059 0.1932900 0.1358528 0.8048885E-01 0.6134841E-01 0.7134816E-01 0.6692638E-01 0.7323041E-01 0.1210020 0.1757171 0.1966536 0.2411154 0.3162192 0.3363999 0.2853587 0.2974312 0.3711408 0.3988387 0.4086442 0.3988366 0.3519009 0.3387767 0.3309378 0.3295687 0.3320352 0.3145027 0.2921993 0.2031463 0.9514541E-01 -9999.000 -9999.000 -9999.000 -9999.000 -9999.000 -9999.000 -9999.000 -9999.000 -9999.000 -9999.000 -9999.000 -9999.000 -9999.000 -9999.000 -9999.000 -9999.000 -9999.000 -9999.000
-9999.000 -9999.000 -9999.000 -9999.000 -9999.000 -9999.000 -9999.000 -9999.000 -9999.000 0.3748445E-01 0.1305137 0.2342353 0.2694691 0.2682137 0.2346461 0.1814821 0.1253444 0.7765410E-01 0.6742637E-01 0.6098797E-01 0.6999866E-01 0.8576654E-01 0.1051537 0.1349033 0.1963907 0.2783129 0.3237564 0.3065418 0.3320185 0.3805776 0.3578533 0.3462553 0.3534376 0.3358078 0.2881458 0.2809276 0.2895874 0.3096584 0.3186367 0.3062824 0.2548960 0.1447847 0.7066883E-01 -9999.000 -9999.000 -9999.000 -9999.000 -9999.000 -9999.000 -9999.000 -9999.000 -9999.000 -9999.000 -9999.000 -9999.000 -9999.000 -9999.000 -9999.000 -9999.000 -9999.000
-9999.000 -9999.000 -9999.000 -9999.000 -9999.000 -9999.000 -9999.000 -9999.000 -9999.000 0.2419377E-01 0.1347417 0.2331341 0.2807243 0.2856446 0.2676203 0.2209923 0.1540689 0.9535282E-01 0.7460378E-01 0.7517514E-01 0.8527321E-01 0.8023594E-01 0.7779914E-01 0.1072358 0.1558972 0.2150866 0.2655980 0.2898742 0.3493675 0.3201339 0.2524843 0.2768764 0.2951443 0.2209261 0.1838368 0.1611618 0.2010266 0.2278882 0.2634533 0.2746273 0.2395591 0.1771557 0.1373131 0.8014407E-01 -9999.000 -9999.000 -9999.000 -9999.000 -9999.000 -9999.000 -9999.000 -9999.000 -9999.000 -9999.000 -9999.000 -9999.000 -9999.000 -9999.000 -9999.000 -9999.000
-9999.000 -9999.000 -9999.000 -9999.000 -9999.000 -9999.000 -9999.000 -9999.000 -9999.000 -9999.000 -9999.000 0.2066690 0.2712502 0.2857069 0.2801147 0.2327922 0.1585978 0.9588694E-01 0.6902216E-01 0.6387943E-01 0.7839889E-01 0.7689206E-01 0.8006723E-01 0.1149105 0.1713487 0.2155930 0.2498309 0.2646532 0.2771635 0.2278882 0.2028687 0.3122690 0.3322883 0.2806005 0.2060406 0.1836819 0.2000769 0.2184155 0.2323572 0.2420624 0.2324554 0.2020920 0.1697681 0.1216447 -9999.000 -9999.000 -9999.000 -9999.000 -9999.000 -9999.000 -9999.000 -9999.000 -9999.000 -9999.000 -9999.000 -9999.000 -9999.000 -9999.000 -9999.000 -9999.000
-9999.000 -9999.000 -9999.000 -9999.000 -9999.000 -9999.000 -9999.000 -9999.000 -9999.000 -9999.000 -9999.000 0.1718796 0.2441436 0.2574709 0.2630933 0.2157714 0.1284814 0.8889440E-01 0.7130702E-01 0.5269935E-01 0.5266316E-01 0.6921679E-01 0.8552554E-01 0.1352207 0.2072182 0.2301387 0.2153127 0.1938348 0.2110582 0.2166312 0.2268359 0.3143070 0.3807321 0.3589129 0.2945077 0.2248439 0.2334630 0.2532333 0.2405645 0.2218233 0.2223107 0.1934212 0.1538807 0.1110276 0.5814712E-01 -9999.000 -9999.000 -9999.000 -9999.000 -9999.000 -9999.000 -9999.000 -9999.000 -9999.000 -9999.000 -9999.000 -9999.000 -9999.000 -9999.000 -9999.000
-9999.000 -9999.000 -9999.000 -9999.000 -9999.000 -9999.000 -9999.000 -9999.000 -9999.000 -9999.000 0.5457527E-01 0.1588885 0.2240610 0.2247154 0.2374382 0.2115879 0.1528999 0.1267169 0.1019869 0.7381693E-01 0.4991005E-01 0.4654188E-01 0.6936292E-01 0.1166745 0.1462613 0.1567106 0.1847408 0.1898614 0.2358605 0.2703639 0.2516416 0.2837121 0.3326473 0.3138463 0.2791342 0.2496429 0.2440920 0.2294090 0.1990346 0.2143745 0.2325498 0.2258777 0.2138841 0.1783586 0.1388818 0.8194084E-01 -9999.000 -9999.000 -9999.000 -9999.000 -9999.000 -9999.000 -9999.000 -9999.000 -9999.000 -9999.000 -9999.000 -9999.000 -9999.000 -9999.000
-9999.000 -9999.000 -9999.000 -9999.000 -9999.000 -9999.000 -9999.000 -9999.000 -9999.000 -9999.000 -9999.000 0.1257507 0.1896738 0.2205157 0.2419155 0.2386405 0.2150286 0.1906497 0.1488083 0.1224758 0.7253470E-01 0.3279454E-01 0.4165597E-01 0.7055871E-01 0.8092344E-01 0.1108790 0.1957887 0.2396582 0.2836911 0.3106517 0.2990476 0.2848749 0.2741879 0.2431824 0.2530839 0.2636359 0.2590086 0.2091296 0.2096780 0.2484764 0.2669427 0.2645225 0.2786156 0.2607351 0.2183481 0.1397159 -9999.000 -9999.000 -9999.000 -9999.000 -9999.000 -9999.000 -9999.000 -9999.000 -9999.000 -9999.000 -9999.000 -9999.000 -9999.000 -9999.000
-9999.000 -9999.000 -9999.000 -9999.000 -9999.000 -9999.000 -9999.000 -9999.000 -9999.000 -9999.000 -9999.000 -9999.000 0.1343384 0.1886151 0.2257381 0.2428715 0.2482177 0.2438510 0.1966776 0.1652582 0.1127232 0.3869042E-01 0.2664221E-01 0.3671246E-01 0.5581554E-01 0.1064572 0.1863962 0.2413448 0.2822121 0.3103402 0.2966393 0.2969892 0.3062842 0.2742834 0.2730026 0.3205284 0.2833207 0.2474832 0.2804234 0.3131748 0.3142285 0.3069530 0.3280405 0.3098538 0.2649277 0.1717837 0.5327934E-01 -9999.000 -9999.000 -9999.000 -9999.000 -9999.000 -9999.000 -9999.000 -9999.000 -9999.000 -9999.000 -9999.000 -9999.000 -9999.000
-9999.000 -9999.000 -9999.000 -9999.000 -9999.000 -9999.000 -9999.000 -9999.000 -9999.000 -9999.000 -9999.000 -9999.000 0.8076234E-01 0.1333614 0.1876020 0.2247097 0.2625269 0.2724905 0.2455465 0.2164132 0.1626529 0.8401985E-01 0.4920131E-01 0.5212853E-01 0.5596150E-01 0.8268268E-01 0.1335869 0.1951362 0.2466092 0.2804599 0.2724422 0.2833157 0.2997833 0.2641460 0.2933570 0.3327143 0.2810155 0.2876519 0.3512724 0.3785190 0.3501521 0.3474780 0.3653520 0.3068992 0.2413732 0.1471013 0.4975811E-01 0.2203057E-01 -9999.000 -9999.000 -9999.000 -9999.000 -9999.000 -9999.000 -9999.000 -9999.000 -9999.000 -9999.000 -9999.000 -9999.000
-9999.000 -9999.000 -9999.000 -9999.000 -9999.000 -9999.000 -9999.000 -9999.000 -9999.000 -9999.000 -9999.000 -9999.000 -9999.000 0.8556041E-01 0.1449966 0.2094047 0.2412545 0.2756349 0.2871069 0.2507412 0.1922244 0.1353766 0.9134047E-01 0.6274179E-01 0.4835433E-01 0.4790207E-01 0.8093286E-01 0.1540907 0.2263392 0.2659631 0.2338564 0.2264409 0.2276716 0.2424482 0.3167123 0.3415520 0.2937530 0.3168326 0.3938729 0.4111816 0.3798077 0.3419293 0.2817695 0.2154187 0.1768983 0.1378061 0.9905548E-01 0.6146722E-01 -9999.000 -9999.000 -9999.000 -9999.000 -9999.000 -9999.000 -9999.000 -9999.000 -9999.000 -9999.000 -9999.000 -9999.000
-9999.000 -9999.000 -9999.000 -9999.000 -9999.000 -9999.000 -9999.000 -9999.000 -9999.000 -9999.000 -9999.000 -9999.000 -9999.000 0.6059632E-01 0.1316629 0.1526746 0.1389115 0.2004415 0.2580983 0.2417102 0.2169141 0.1780934 0.1236752 0.8221419E-01 0.5165087E-01 0.2928778E-01 0.4319131E-01 0.1141262 0.2003375 0.2260401 0.1632010 0.2018471 0.2394730 0.2622707 0.3311665 0.3562432 0.3293603 0.3483308 0.3849957 0.3967088 0.3457923 0.2465269 0.2134162 0.1787920 0.1964866 0.2134837 0.1918965 0.1524994 0.1180989 -9999.000 -9999.000 -9999.000 -9999.000 -9999.000 -9999.000 -9999.000 -9999.000 -9999.000 -9999.000 -9999.000
-9999.000 -9999.000 -9999.000 -9999.000 -9999.000 -9999.000 -9999.000 -9999.000 -9999.000 -9999.000 -9999.000 -9999.000 -9999.000 -9999.000 0.9069463E-01 0.9597105E-01 -9999.000 0.7525084E-01 0.1488247 0.1992676 0.2379614 0.2090365 0.1750658 0.1279841 0.9112303E-01 0.6380484E-01 0.4755041E-01 0.8813965E-01 0.1632675 0.1665126 0.1423387 0.2050043 0.2612779 0.2844739 0.3209025 0.3501502 0.3467708 0.3430445 0.3544580 0.3492762 0.2960162 0.2858748 0.2640181 0.2605610 0.2862044 0.2895896 0.2794325 0.2699431 0.1965834 0.1028685 -9999.000 -9999.000 -9999.000 -9999.000 -9999.000 -9999.000 -9999.000 -9999.000 -9999.000 -9999.000
-9999.000 -9999.000 -9999.000 -9999.000 -9999.000 -9999.000 -9999.000 -9999.000 -9999.000 -9999.000 -9999.000 -9999.000 -9999.000 -9999.000 -9999.000 -9999.000 0.3952239E-01 0.6277162E-01 0.9836939E-01 0.1461081 0.1966403 0.2014294 0.1794942 0.1296629 0.8761637E-01 0.6386547E-01 0.4642642E-01 0.5064428E-01 0.9335786E-01 0.1190617 0.1381016 0.1840522 0.2452581 0.2732805 0.2997880 0.3185399 0.3298099 0.3255523 0.3367890 0.3471815 0.3483598 0.3565258 0.3351598 0.3237396 0.3182844 0.3187106 0.3050469 0.2875675 0.2155378 0.1257341 -9999.000 -9999.000 -9999.000 -9999.000 -9999.000 -9999.000 -9999.000 -9999.000 -9999.000 -9999.000
-9999.000 -9999.000 -9999.000 -9999.000 -9999.000 -9999.000 -9999.000 -9999.000 -9999.000 -9999.000 -9999.000 -9999.000 -9999.000 -9999.000 -9999.000 -9999.000 0.5288610E-01 0.9213674E-01 0.9766311E-01 0.1135846 0.1488564 0.1663198 0.1573807 0.1243020 0.8408590E-01 0.5038203E-01 0.2758174E-01 -9999.000 -9999.000 0.5934787E-01 0.1106500 0.1507196 0.1931570 0.2177516 0.2618029 0.3092832 0.3145875 0.3091521 0.3379186 0.3897269 0.4093615 0.4071702 0.3543600 0.3213911 0.3358400 0.3373678 0.3035675 0.2440915 0.1626579 0.1110197 0.4756396E-01 -9999.000 -9999.000 -9999.000 -9999.000 -9999.000 -9999.000 -9999.000 -9999.000 -9999.000
-9999.000 -9999.000 -9999.000 -9999.000 -9999.000 -9999.000 -9999.000 -9999.000 -9999.000 -9999.000 -9999.000 -9999.000 -9999.000 -9999.000 -9999.000 -9999.000 -9999.000 0.7089741E-01 0.7490188E-01 0.8873490E-01 0.9415186E-01 0.1323983 0.1609591 0.1453581 0.1130117 0.7449755E-01 0.3897491E-01 -9999.000 -9999.000 -9999.000 0.6012337E-01 0.1110620 0.1291769 0.1400413 0.2010025 0.2647863 0.2659687 0.2673237 0.3301830 0.4011916 0.4302894 0.4007416 0.3396328 0.3097312 0.3058849 0.2660505 0.2304463 0.1784232 0.1392581 0.1189950 -9999.000 -9999.000 -9999.000 -9999.000 -9999.000 -9999.000 -9999.000 -9999.000 -9999.000 -9999.000
-9999.000 -9999.000 -9999.000 -9999.000 -9999.000 -9999.000 -9999.000 -9999.000 -9999.000 -9999.000 -9999.000 -9999.000 -9999.000 -9999.000 -9999.000 -9999.000 -9999.000 0.6163938E-01 0.1169042 0.7648347E-01 0.4910359E-01 0.8505317E-01 0.1264538 0.1311605 0.1254554 0.1024387 0.5196038E-01 0.2311454E-01 -9999.000 -9999.000 -9999.000 0.6644387E-01 0.8146174E-01 0.9765415E-01 0.1424461 0.1947215 0.2090027 0.2560454 0.3407133 0.3843470 0.3848689 0.3540822 0.3118658 0.2764212 0.2590217 0.1993116 0.1690890 0.1492327 0.1539562 0.1489331 0.1193050 -9999.000 -9999.000 -9999.000 -9999.000 -9999.000 -9999.000 -9999.000 -9999.000 -9999.000
-9999.000 -9999.000 -9999.000 -9999.000 -9999.000 -9999.000 -9999.000 -9999.000 -9999.000 -9999.000 -9999.000 -9999.000 -9999.000 -9999.000 -9999.000 -9999.000 -9999.000 0.7660122E-01 0.1283061 0.6835405E-01 0.4451313E-01 0.8142370E-01 0.1028842 0.9939356E-01 0.1233515 0.1067554 -9999.000 -9999.000 -9999.000 -9999.000 -9999.000 -9999.000 0.4610815E-01 0.9575643E-01 0.1553785 0.1954874 0.2265919 0.2798558 0.3068486 0.3301639 0.3184559 0.2963830 0.2828649 0.2893736 0.2629968 0.2546648 0.2341892 0.1768650 0.1795926 0.2034854 0.1781840 0.9058412E-01 -9999.000 -9999.000 -9999.000 -9999.000 -9999.000 -9999.000 -9999.000 -9999.000
-9999.000 -9999.000 -9999.000 -9999.000 -9999.000 -9999.000 -9999.000 -9999.000 -9999.000 -9999.000 -9999.000 -9999.000 -9999.000 -9999.000 -9999.000 0.2028897E-01 0.7784736E-01 0.1264736 0.8674772E-01 0.5549583E-01 0.8800582E-01 0.1393694 0.1482514 0.1074634 0.1157617 0.9744861E-01 0.4838736E-01 -9999.000 -9999.000 -9999.000 -9999.000 -9999.000 0.2520419E-01 0.8869466E-01 0.1768149 0.2318344 0.2628700 0.2493924 0.2326292 0.2409217 0.2679359 0.2431145 0.2565264 0.3011748 0.2915738 0.3026103 0.2777877 0.2193177 0.2070377 0.2388827 0.2142489 0.9513061E-01 0.3663481E-01 -9999.000 -9999.000 -9999.000 -9999.000 -9999.000 -9999.000 -9999.000
-9999.000 -9999.000 -9999.000 -9999.000 -9999.000 -9999.000 -9999.000 -9999.000 -9999.000 -9999.000 -9999.000 -9999.000 -9999.000 -9999.000 -9999.000 -9999.000 0.7300070E-01 0.1371670 0.1105163 0.8370819E-01 0.1592985 0.2088957 0.1913164 0.1410524 0.1336580 0.1035803 0.3569203E-01 -9999.000 -9999.000 -9999.000 -9999.000 -9999.000 -9999.000 0.7314653E-01 0.1465185 0.1843011 0.2049548 0.2114920 0.2134285 0.2227880 0.2258754 0.2010927 0.2037776 0.2832615 0.3137530 0.3009433 0.2693277 0.2331453 0.2223294 0.2330614 0.2182817 0.1185761 0.5302155E-01 -9999.000 -9999.000 -9999.000 -9999.000 -9999.000 -9999.000 -9999.000
-9999.000 -9999.000 -9999.000 -9999.000 -9999.000 -9999.000 -9999.000 -9999.000 -9999.000 -9999.000 -9999.000 -9999.000 -9999.000 -9999.000 -9999.000 -9999.000 -9999.000 0.8843728E-01 0.9988112E-01 0.1037625 0.1563053 0.1863736 0.1743589 0.1863617 0.1863016 0.1336199 0.5582460E-01 0.2140883E-01 -9999.000 -9999.000 -9999.000 -9999.000 -9999.000 0.5131938E-01 0.8127722E-01 0.8718458E-01 0.1307363 0.1741332 0.2161378 0.2214058 0.2271897 0.2165488 0.2105213 0.2642546 0.2963833 0.2978743 0.2781680 0.2390001 0.2395447 0.2522317 0.2058279 0.1412909 0.1060932 0.3989869E-01 -9999.000 -9999.000 -9999.000 -9999.000 -9999.000 -9999.000
-9999.000 -9999.000 -9999.000 -9999.000 -9999.000 -9999.000 -9999.000 -9999.000 -9999.000 -9999.000 -9999.000 -9999.000 -9999.000 -9999.000 -9999.000 -9999.000 -9999.000 -9999.000 0.6835832E-01 0.8294259E-01 0.1164989 0.1284185 0.1377049 0.1879341 0.2130152 0.1636289 0.9705455E-01 0.4243366E-01 0.1805101E-01 -9999.000 -9999.000 -9999.000 -9999.000 -9999.000 0.7397892E-01 0.9832290E-01 0.1216123 0.1543731 0.1789103 0.1952290 0.2313603 0.2655118 0.2697713 0.2744190 0.2634820 0.2869608 0.2661137 0.2405154 0.2693038 0.2928849 0.2469178 0.2120488 0.1897698 0.1180110 -9999.000 -9999.000 -9999.000 -9999.000 -9999.000 -9999.000
-9999.000 -9999.000 -9999.000 -9999.000 -9999.000 -9999.000 -9999.000 -9999.000 -9999.000 -9999.000 -9999.000 -9999.000 -9999.000 -9999.000 -9999.000 -9999.000 -9999.000 0.4765847E-01 0.8084198E-01 0.5910265E-01 0.6232717E-01 0.9218164E-01 0.1220330 0.1689068 0.2074961 0.1827360 0.1335629 0.7034861E-01 0.3182870E-01 -9999.000 -9999.000 -9999.000 -9999.000 -9999.000 0.6898891E-01 0.1035174 0.1309274 0.1467207 0.1655052 0.1803807 0.2016085 0.2417358 0.2557709 0.2378359 0.2212001 0.2041946 0.1950367 0.2177389 0.2908073 0.3326815 0.3013469 0.2677327 0.2393253 0.2050932 0.1771789 -9999.000 -9999.000 -9999.000 -9999.000 -9999.000
-9999.000 -9999.000 -9999.000 -9999.000 -9999.000 -9999.000 -9999.000 -9999.000 -9999.000 -9999.000 -9999.000 -9999.000 -9999.000 -9999.000 -9999.000 -9999.000 -9999.000 -9999.000 0.4648650E-01 0.3426626E-01 0.3399444E-01 0.1159801 0.1689342 0.1973623 0.1853055 0.1492802 0.1220136 0.8573392E-01 0.4321889E-01 -9999.000 -9999.000 -9999.000 -9999.000 -9999.000 -9999.000 0.5598754E-01 0.9579401E-01 0.1283850 0.1718277 0.1894437 0.2034987 0.2294362 0.2473684 0.1984507 0.1330912 0.9929708E-01 0.1240533 0.2158483 0.3092608 0.3568764 0.3032783 0.2763500 0.2499533 0.2222930 0.1682807 0.9413404E-01 -9999.000 -9999.000 -9999.000 -9999.000
-9999.000 -9999.000 -9999.000 -9999.000 -9999.000 -9999.000 -9999.000 -9999.000 -9999.000 -9999.000 -9999.000 -9999.000 -9999.000 -9999.000 -9999.000 -9999.000 -9999.000 -9999.000 0.1767273E-01 0.2086600E-01 0.4573026E-01 0.1422627 0.2234219 0.2376739 0.1928031 0.1555684 0.1255081 0.1003193 0.5623634E-01 -9999.000 -9999.000 -9999.000 -9999.000 -9999.000 -9999.000 0.3467661E-01 0.7062864E-01 0.1243287 0.1729269 0.2045627 0.2417196 0.2516990 0.2544643 0.2055632 0.1564115 0.1521616 0.1812665 0.2522461 0.2951650 0.2751040 0.2496818 0.2706413 0.2608326 0.2010245 0.1716458 0.1222542 0.4749006E-01 -9999.000 -9999.000 -9999.000
-9999.000 -9999.000 -9999.000 -9999.000 -9999.000 -9999.000 -9999.000 -9999.000 -9999.000 -9999.000 -9999.000 -9999.000 -9999.000 -9999.000 -9999.000 -9999.000 -9999.000 -9999.000 -9999.000 0.3366370E-01 0.6613669E-01 0.1564676 0.2368243 0.2278545 0.1908373 0.1521945 0.1233263 0.1025998 0.7077378E-01 -9999.000 -9999.000 -9999.000 -9999.000 -9999.000 -9999.000 -9999.000 0.4944840E-01 0.1205872 0.1944143 0.2405298 0.2944661 0.3103386 0.2734063 0.2318563 0.2391650 0.3254841 0.3767497 0.3578300 0.3046535 0.2457965 0.2688664 0.3224972 0.3065070 0.2179281 0.1902016 0.1791384 0.1071530 -9999.000 -9999.000 -9999.000
