simulation_files/asc/Depth____360.0.asc
NCOLS       216
NROWS       273
XLLCENTER        494.688995
YLLCENTER        787.867981
CELLSIZE           0.500
NODATA_VALUE     -9999.0
[rows 189 to 215 of 273, columns 118 to 176 of 216]
-9999.000 -9999.000 -9999.000 -9999.000 -9999.000 -9999.000 -9999.000 -9999.000 -9999.000 -9999.000 -9999.000 -9999.000 -9999.000 0.8625007E-01 0.1508095 0.1847468 0.2093788 0.2076314 0.1837798 0.1570208 0.1089661 0.7915225E-01 0.3876472E-01 0.1955581E-01 0.2895189E-01 0.5866138E-01 0.7837702E-01 0.9293856E-01 0.1737909 0.2129000 0.2546339 0.2813212 0.2719961 0.2590009 0.2494446 0.2297833 0.2422864 0.2489996 0.2437603 0.1893154 0.1785314 0.2124290 0.2275514 0.2229861 0.2354634 0.2182463 0.1804777 0.1040742 0.2843524E-01 -9999.000 -9999.000 -9999.000 -9999.000 -9999.000 -9999.000 -9999.000 -9999.000 -9999.000 -9999.000
-9999.000 -9999.000 -9999.000 -9999.000 -9999.000 -9999.000 -9999.000 -9999.000 -9999.000 -9999.000 -9999.000 -9999.000 -9999.000 -9999.000 0.9630729E-01 0.1530049 0.1922129 0.2100519 0.2134715 0.2028117 0.1484091 0.1084593 0.5917305E-01 0.1709298E-01 0.1774093E-01 0.2704578E-01 0.4600930E-01 0.8845744E-01 0.1636724 0.2163085 0.2557837 0.2820227 0.2706960 0.2700598 0.2836769 0.2650082 0.2592194 0.2922705 0.2536524 0.2163658 0.2459333 0.2737198 0.2714799 0.2620562 0.2808592 0.2630682 0.2267022 0.1391134 0.3721197E-01 -9999.000 -9999.000 -9999.000 -9999.000 -9999.000 -9999.000 -9999.000 -9999.000 -9999.000 -9999.000
-9999.000 -9999.000 -9999.000 -9999.000 -9999.000 -9999.000 -9999.000 -9999.000 -9999.000 -9999.000 -9999.000 -9999.000 -9999.000 -9999.000 -9999.000 0.1022363 0.1546262 0.1917958 0.2248080 0.2282691 0.1907963 0.1497453 0.1015194 0.4659350E-01 0.2882854E-01 0.3170959E-01 0.3990558E-01 0.6600153E-01 0.1134963 0.1726962 0.2219293 0.2547918 0.2498159 0.2641321 0.2937007 0.2568066 0.2652460 0.2993910 0.2482538 0.2540695 0.3141864 0.3369363 0.3058804 0.3012124 0.3181735 0.2713946 0.2171108 0.1274279 0.3773726E-01 -9999.000 -9999.000 -9999.000 -9999.000 -9999.000 -9999.000 -9999.000 -9999.000 -9999.000 -9999.000
-9999.000 -9999.000 -9999.000 -9999.000 -9999.000 -9999.000 -9999.000 -9999.000 -9999.000 -9999.000 -9999.000 -9999.000 -9999.000 -9999.000 -9999.000 0.5298428E-01 0.1125361 0.1763570 0.2038371 0.2266760 0.2240443 0.1886966 0.1492722 0.9613644E-01 0.5759356E-01 0.3383993E-01 0.2886063E-01 0.3820829E-01 0.6557785E-01 0.1336719 0.2031549 0.2453362 0.2272797 0.2297207 0.2253641 0.2166598 0.2840089 0.3087054 0.2601296 0.2816637 0.3561685 0.3708150 0.3399186 0.3110388 0.2603893 0.1993424 0.1587363 0.1069834 0.7294868E-01 0.4776579E-01 -9999.000 -9999.000 -9999.000 -9999.000 -9999.000 -9999.000 -9999.000 -9999.000 -9999.000
-9999.000 -9999.000 -9999.000 -9999.000 -9999.000 -9999.000 -9999.000 -9999.000 -9999.000 -9999.000 -9999.000 -9999.000 -9999.000 -9999.000 -9999.000 0.2967348E-01 0.9869271E-01 0.1288513 0.1182255 0.1407169 0.1823161 0.1911474 0.1813569 0.1389049 0.8995310E-01 0.4483315E-01 0.2233894E-01 -9999.000 0.3552490E-01 0.9962146E-01 0.1785642 0.2183017 0.1670217 0.1879701 0.2143971 0.2294036 0.2975396 0.3226220 0.2953709 0.3125843 0.3484249 0.3609126 0.3191331 0.2295893 0.1906315 0.1527019 0.1614565 0.1736427 0.1531699 0.1149408 0.8563466E-01 -9999.000 -9999.000 -9999.000 -9999.000 -9999.000 -9999.000 -9999.000 -9999.000
-9999.000 -9999.000 -9999.000 -9999.000 -9999.000 -9999.000 -9999.000 -9999.000 -9999.000 -9999.000 -9999.000 -9999.000 -9999.000 -9999.000 -9999.000 -9999.000 0.8300027E-01 -9999.000 -9999.000 0.3755663E-01 0.9438056E-01 0.1603956 0.1985413 0.1712747 0.1380643 0.8680610E-01 0.4812683E-01 0.3742667E-01 -9999.000 0.7432705E-01 0.1462413 0.1619550 0.1258893 0.1744514 0.2280214 0.2515482 0.2879715 0.3173169 0.3130898 0.3081476 0.3204978 0.3177566 0.2700743 0.2532319 0.2262029 0.2176280 0.2409006 0.2452100 0.2369443 0.2306978 0.1600381 0.6514948E-01 -9999.000 -9999.000 -9999.000 -9999.000 -9999.000 -9999.000 -9999.000
-9999.000 -9999.000 -9999.000 -9999.000 -9999.000 -9999.000 -9999.000 -9999.000 -9999.000 -9999.000 -9999.000 -9999.000 -9999.000 -9999.000 -9999.000 -9999.000 -9999.000 -9999.000 -9999.000 0.5504173E-01 0.7380368E-01 0.1123456 0.1630615 0.1739378 0.1493634 0.9549036E-01 0.5410587E-01 0.2918813E-01 0.2480478E-01 0.4317826E-01 0.9267322E-01 0.1287911 0.1217808 0.1561283 0.2150810 0.2428547 0.2688776 0.2869585 0.2961502 0.2911635 0.3031924 0.3147727 0.3141683 0.3180169 0.2916001 0.2775543 0.2731405 0.2752572 0.2597882 0.2525969 0.1897254 0.9962351E-01 -9999.000 -9999.000 -9999.000 -9999.000 -9999.000 -9999.000 -9999.000
-9999.000 -9999.000 -9999.000 -9999.000 -9999.000 -9999.000 -9999.000 -9999.000 -9999.000 -9999.000 -9999.000 -9999.000 -9999.000 -9999.000 -9999.000 -9999.000 -9999.000 -9999.000 0.5068147E-01 0.9228247E-01 0.9631575E-01 0.1005464 0.1345887 0.1512692 0.1341802 0.1026589 0.6255921E-01 0.3152531E-01 0.1457977E-01 -9999.000 -9999.000 -9999.000 0.1002419 0.1270959 0.1680298 0.1974764 0.2330844 0.2771297 0.2817216 0.2757996 0.3043269 0.3552279 0.3733512 0.3670911 0.3137642 0.2802709 0.2950213 0.3000397 0.2805074 0.2265522 0.1546649 0.1007661 -9999.000 -9999.000 -9999.000 -9999.000 -9999.000 -9999.000 -9999.000
-9999.000 -9999.000 -9999.000 -9999.000 -9999.000 -9999.000 -9999.000 -9999.000 -9999.000 -9999.000 -9999.000 -9999.000 -9999.000 -9999.000 -9999.000 -9999.000 -9999.000 -9999.000 -9999.000 0.8906436E-01 0.7933411E-01 0.9070937E-01 0.9853334E-01 0.1270693 0.1448428 0.1230348 0.9276140E-01 0.5695356E-01 0.2271235E-01 -9999.000 -9999.000 -9999.000 -9999.000 0.9645883E-01 0.1097375 0.1221914 0.1732995 0.2336361 0.2338653 0.2352060 0.2965754 0.3659100 0.3946561 0.3672615 0.3085857 0.2808468 0.2933637 0.2708386 0.2261905 0.1706406 0.1251901 0.1046651 -9999.000 -9999.000 -9999.000 -9999.000 -9999.000 -9999.000 -9999.000
-9999.000 -9999.000 -9999.000 -9999.000 -9999.000 -9999.000 -9999.000 -9999.000 -9999.000 -9999.000 -9999.000 -9999.000 -9999.000 -9999.000 -9999.000 -9999.000 -9999.000 -9999.000 -9999.000 -9999.000 0.1089022 0.6872631E-01 0.4660976E-01 0.7984047E-01 0.1144494 0.1158451 0.1091272 0.8740325E-01 0.4246222E-01 0.1735986E-01 -9999.000 -9999.000 -9999.000 0.5620673E-01 0.6439248E-01 0.7598555E-01 0.1178383 0.1656323 0.1742632 0.2202953 0.3013935 0.3488203 0.3528636 0.3271300 0.2920751 0.2610011 0.2505311 0.1903583 0.1433634 0.1200730 0.1285218 0.1282752 0.8814630E-01 -9999.000 -9999.000 -9999.000 -9999.000 -9999.000 -9999.000
-9999.000 -9999.000 -9999.000 -9999.000 -9999.000 -9999.000 -9999.000 -9999.000 -9999.000 -9999.000 -9999.000 -9999.000 -9999.000 -9999.000 -9999.000 -9999.000 -9999.000 -9999.000 -9999.000 0.7019103E-01 0.1028163 0.4824773E-01 0.3432439E-01 0.6755611E-01 0.8835148E-01 0.8359597E-01 0.1062585 0.9254962E-01 -9999.000 -9999.000 -9999.000 -9999.000 -9999.000 -9999.000 0.3678766E-01 0.7226718E-01 0.1249977 0.1622005 0.1897663 0.2401324 0.2731434 0.3004363 0.2924390 0.2739888 0.2604602 0.2646428 0.2365606 0.2186014 0.1958775 0.1435567 0.1448855 0.1645333 0.1341923 0.5518409E-01 -9999.000 -9999.000 -9999.000 -9999.000 -9999.000
-9999.000 -9999.000 -9999.000 -9999.000 -9999.000 -9999.000 -9999.000 -9999.000 -9999.000 -9999.000 -9999.000 -9999.000 -9999.000 -9999.000 -9999.000 -9999.000 -9999.000 -9999.000 -9999.000 0.1172128 0.7602145E-01 0.4111744E-01 0.7141462E-01 0.1192129 0.1283467 0.9033033E-01 0.9664047E-01 0.7961106E-01 0.4883086E-01 -9999.000 -9999.000 -9999.000 -9999.000 -9999.000 -9999.000 0.6599030E-01 0.1407817 0.1912555 0.2247710 0.2180624 0.2083461 0.2192630 0.2442885 0.2179477 0.2293157 0.2702325 0.2556808 0.2628270 0.2429214 0.1908794 0.1743600 0.1993083 0.1732456 0.5110499E-01 0.1831567E-01 -9999.000 -9999.000 -9999.000 -9999.000
-9999.000 -9999.000 -9999.000 -9999.000 -9999.000 -9999.000 -9999.000 -9999.000 -9999.000 -9999.000 -9999.000 -9999.000 -9999.000 -9999.000 -9999.000 -9999.000 -9999.000 -9999.000 0.6449747E-01 0.1226311 0.1022386 0.7531899E-01 0.1396273 0.1845177 0.1695672 0.1227120 0.1125685 0.8027952E-01 0.3134840E-01 -9999.000 -9999.000 -9999.000 -9999.000 -9999.000 -9999.000 0.5009442E-01 0.1134408 0.1557383 0.1763969 0.1824515 0.1875458 0.1995144 0.1996906 0.1720400 0.1726714 0.2482989 0.2741706 0.2621089 0.2375825 0.2063731 0.1959522 0.2032285 0.1858939 0.9659668E-01 0.4660411E-01 -9999.000 -9999.000 -9999.000 -9999.000
-9999.000 -9999.000 -9999.000 -9999.000 -9999.000 -9999.000 -9999.000 -9999.000 -9999.000 -9999.000 -9999.000 -9999.000 -9999.000 -9999.000 -9999.000 -9999.000 -9999.000 -9999.000 -9999.000 0.7056103E-01 0.9012243E-01 0.9760289E-01 0.1428019 0.1651695 0.1530813 0.1640416 0.1581425 0.1052737 -9999.000 -9999.000 -9999.000 -9999.000 -9999.000 -9999.000 -9999.000 0.3109560E-01 0.5964032E-01 0.6864401E-01 0.1062370 0.1483131 0.1933950 0.1978077 0.1964074 0.1833336 0.1742962 0.2236296 0.2560365 0.2559767 0.2470117 0.2122905 0.2107778 0.2205375 0.1789918 0.1116664 0.8322433E-01 0.3446676E-01 -9999.000 -9999.000 -9999.000
-9999.000 -9999.000 -9999.000 -9999.000 -9999.000 -9999.000 -9999.000 -9999.000 -9999.000 -9999.000 -9999.000 -9999.000 -9999.000 -9999.000 -9999.000 -9999.000 -9999.000 -9999.000 -9999.000 0.3184393E-01 0.5524112E-01 0.7439656E-01 0.1059539 0.1138940 0.1185590 0.1611009 0.1824508 0.1360576 0.7022963E-01 0.2737679E-01 -9999.000 -9999.000 -9999.000 -9999.000 -9999.000 -9999.000 0.5019575E-01 0.7055830E-01 0.9421625E-01 0.1312617 0.1586490 0.1675399 0.1970694 0.2278422 0.2295684 0.2323182 0.2192143 0.2474358 0.2391734 0.2143745 0.2385722 0.2587198 0.2103442 0.1723384 0.1403911 0.8297441E-01 -9999.000 -9999.000 -9999.000
-9999.000 -9999.000 -9999.000 -9999.000 -9999.000 -9999.000 -9999.000 -9999.000 -9999.000 -9999.000 -9999.000 -9999.000 -9999.000 -9999.000 -9999.000 -9999.000 -9999.000 -9999.000 -9999.000 -9999.000 0.6693176E-01 0.5282260E-01 0.6031062E-01 0.8410503E-01 0.1039339 0.1444437 0.1803655 0.1569922 0.1060645 0.5126116E-01 -9999.000 -9999.000 -9999.000 -9999.000 -9999.000 -9999.000 0.5264617E-01 0.7669140E-01 0.1033780 0.1282972 0.1468243 0.1537862 0.1692292 0.2057547 0.2183560 0.2018915 0.1910545 0.1863806 0.1746238 0.1888605 0.2572579 0.2939298 0.2585725 0.2262627 0.1835864 0.1614442 0.1408637 -9999.000 -9999.000
-9999.000 -9999.000 -9999.000 -9999.000 -9999.000 -9999.000 -9999.000 -9999.000 -9999.000 -9999.000 -9999.000 -9999.000 -9999.000 -9999.000 -9999.000 -9999.000 -9999.000 -9999.000 -9999.000 -9999.000 0.5505951E-01 -9999.000 -9999.000 0.1039056 0.1463014 0.1739576 0.1617232 0.1242235 0.9598243E-01 0.6017318E-01 0.2973948E-01 -9999.000 -9999.000 -9999.000 -9999.000 -9999.000 -9999.000 0.4228833E-01 0.7089714E-01 0.1149277 0.1513029 0.1607043 0.1721098 0.1970022 0.2177982 0.1676370 0.1100582 0.8814205E-01 0.1021107 0.1808152 0.2671612 0.3080301 0.2555470 0.2259062 0.1984249 0.1862138 0.1451500 0.7653471E-01 -9999.000
-9999.000 -9999.000 -9999.000 -9999.000 -9999.000 -9999.000 -9999.000 -9999.000 -9999.000 -9999.000 -9999.000 -9999.000 -9999.000 -9999.000 -9999.000 -9999.000 -9999.000 -9999.000 -9999.000 -9999.000 -9999.000 -9999.000 -9999.000 0.1199787 0.1953942 0.2109519 0.1671172 0.1306780 0.1011888 0.7655577E-01 0.3903855E-01 -9999.000 -9999.000 -9999.000 -9999.000 -9999.000 -9999.000 -9999.000 0.5878049E-01 0.1069131 0.1479431 0.1715657 0.2080642 0.2198987 0.2239110 0.1756557 0.1312515 0.1308102 0.1511790 0.2142744 0.2521327 0.2332468 0.2125998 0.2310436 0.2242066 0.1767345 0.1403837 0.8999170E-01 0.3106356E-01
-9999.000 -9999.000 -9999.000 -9999.000 -9999.000 -9999.000 -9999.000 -9999.000 -9999.000 -9999.000 -9999.000 -9999.000 -9999.000 -9999.000 -9999.000 -9999.000 -9999.000 -9999.000 -9999.000 -9999.000 -9999.000 0.1871159E-01 0.4716641E-01 0.1259416 0.2082771 0.2006585 0.1650243 0.1278563 0.1000707 0.8011553E-01 0.4879010E-01 -9999.000 -9999.000 -9999.000 -9999.000 -9999.000 -9999.000 -9999.000 0.4621639E-01 0.1039326 0.1572646 0.2014965 0.2567156 0.2741401 0.2384208 0.2005336 0.2105233 0.2926039 0.3412582 0.3217841 0.2713458 0.2177678 0.2339105 0.2870498 0.2774560 0.1996265 0.1667376 0.1480277 0.7576707E-01
-9999.000 -9999.000 -9999.000 -9999.000 -9999.000 -9999.000 -9999.000 -9999.000 -9999.000 -9999.000 -9999.000 -9999.000 -9999.000 -9999.000 -9999.000 -9999.000 -9999.000 -9999.000 -9999.000 -9999.000 -9999.000 0.2186717E-01 0.5501889E-01 0.1273109 0.2022500 0.2034121 0.1770788 0.1507593 0.1273228 0.1029772 0.6126362E-01 -9999.000 -9999.000 -9999.000 -9999.000 -9999.000 -9999.000 -9999.000 -9999.000 0.6636156E-01 0.1350686 0.2187534 0.2799008 0.3136330 0.2826273 0.2453012 0.2721114 0.3468394 0.3997980 0.3606381 0.3077109 0.2677631 0.2935989 0.3492364 0.2997599 0.1716601 0.1470336 0.1667028 0.1193661
-9999.000 -9999.000 -9999.000 -9999.000 -9999.000 -9999.000 -9999.000 -9999.000 -9999.000 -9999.000 -9999.000 -9999.000 -9999.000 -9999.000 -9999.000 -9999.000 -9999.000 -9999.000 -9999.000 -9999.000 -9999.000 -9999.000 0.6036049E-01 0.1165475 0.1982655 0.2194707 0.2147582 0.1875329 0.1548797 0.1099571 0.6290659E-01 -9999.000 -9999.000 -9999.000 -9999.000 -9999.000 -9999.000 -9999.000 -9999.000 0.3396705E-01 0.8118367E-01 0.1546079 0.2595916 0.2959732 0.2545818 0.2450610 0.2884441 0.3355334 0.3532981 0.3438104 0.3155591 0.3013298 0.3325637 0.3539377 0.2515498 0.1451500 0.1186872 0.1457283 0.1336180
-9999.000 -9999.000 -9999.000 -9999.000 -9999.000 -9999.000 -9999.000 -9999.000 -9999.000 -9999.000 -9999.000 -9999.000 -9999.000 -9999.000 -9999.000 -9999.000 -9999.000 -9999.000 -9999.000 -9999.000 -9999.000 -9999.000 0.7238503E-01 0.9879676E-01 0.1313536 0.1677559 0.2141179 0.2112293 0.1602591 0.8998969E-01 0.5787441E-01 0.3856075E-01 -9999.000 -9999.000 -9999.000 -9999.000 -9999.000 -9999.000 -9999.000 0.3399760E-01 0.3838086E-01 0.8117617E-01 0.1764722 0.1830300 0.1529197 0.2015081 0.2799941 0.3247164 0.3044490 0.2970217 0.3158754 0.3415638 0.3537885 0.3300040 0.2176983 0.1652816 0.1399476 0.1547381 0.1676511
-9999.000 -9999.000 -9999.000 -9999.000 -9999.000 -9999.000 -9999.000 -9999.000 -9999.000 -9999.000 -9999.000 -9999.000 -9999.000 -9999.000 -9999.000 -9999.000 -9999.000 -9999.000 -9999.000 -9999.000 -9999.000 -9999.000 0.7429895E-01 0.1111494 0.1166942 0.1583374 0.2063069 0.2055227 0.1417703 0.8711401E-01 0.7321696E-01 0.4847096E-01 -9999.000 -9999.000 -9999.000 -9999.000 -9999.000 -9999.000 -9999.000 0.3622015E-01 0.5854219E-01 0.6928996E-01 0.1123074 0.9944446E-01 0.1369589 0.2199469 0.3070849 0.2922772 0.2364414 0.2489428 0.3229057 0.3382481 0.3328593 0.2580821 0.2080809 0.1864568 0.1862299 0.2050935 0.2177643
-9999.000 -9999.000 -9999.000 -9999.000 -9999.000 -9999.000 -9999.000 -9999.000 -9999.000 -9999.000 -9999.000 -9999.000 -9999.000 -9999.000 -9999.000 -9999.000 -9999.000 -9999.000 -9999.000 -9999.000 -9999.000 -9999.000 0.4755780E-01 0.1202075 0.1765921 0.1939357 0.1780801 0.1597901 0.1259114 0.1051733 0.8233930E-01 -9999.000 -9999.000 -9999.000 -9999.000 -9999.000 -9999.000 -9999.000 -9999.000 0.3169437E-01 0.6392025E-01 0.9610494E-01 0.1250052 0.1354983 0.1769755 0.2484474 0.2796160 0.2519480 0.2302907 0.2307690 0.2755964 0.2642073 0.2263189 0.2146107 0.2230972 0.2280837 0.2346215 0.2647762 0.2378566
-9999.000 -9999.000 -9999.000 -9999.000 -9999.000 -9999.000 -9999.000 -9999.000 -9999.000 -9999.000 -9999.000 -9999.000 -9999.000 -9999.000 -9999.000 -9999.000 -9999.000 -9999.000 -9999.000 -9999.000 -9999.000 -9999.000 -9999.000 0.9377685E-01 0.1682899 0.2013206 0.1779317 0.1612092 0.1458244 0.1142137 0.6633028E-01 0.3760697E-01 -9999.000 -9999.000 -9999.000 -9999.000 -9999.000 -9999.000 -9999.000 -9999.000 -9999.000 0.1079685 0.1436048 0.1537813 0.1895127 0.2343058 0.2317573 0.2555293 0.2702061 0.2126427 0.1542365 0.1208539 0.1432177 0.2112594 0.2756956 0.3039276 0.3211743 0.2847919 0.2455762
-9999.000 -9999.000 -9999.000 -9999.000 -9999.000 -9999.000 -9999.000 -9999.000 -9999.000 -9999.000 -9999.000 -9999.000 -9999.000 -9999.000 -9999.000 -9999.000 -9999.000 -9999.000 -9999.000 -9999.000 -9999.000 -9999.000 -9999.000 -9999.000 0.1098807 0.1768133 0.1922198 0.1853890 0.1719425 0.1345414 0.8870041E-01 0.4394697E-01 0.1716107E-01 -9999.000 -9999.000 -9999.000 -9999.000 -9999.000 -9999.000 -9999.000 -9999.000 0.9226625E-01 0.1339910 0.1578083 0.1912380 0.2081915 0.2088359 0.2336958 0.2234553 0.1830660 0.1300068 0.1352986 0.1773667 0.2521561 0.3218778 0.3361327 0.3230392 0.3124580 0.2780268
-9999.000 -9999.000 -9999.000 -9999.000 -9999.000 -9999.000 -9999.000 -9999.000 -9999.000 -9999.000 -9999.000 -9999.000 -9999.000 -9999.000 -9999.000 -9999.000 -9999.000 -9999.000 -9999.000 -9999.000 -9999.000 -9999.000 -9999.000 -9999.000 0.6243545E-01 0.1140012 0.1442574 0.1600841 0.1668164 0.1567033 0.1168719 0.6099164E-01 0.2891273E-01 -9999.000 -9999.000 -9999.000 -9999.000 -9999.000 -9999.000 -9999.000 -9999.000 -9999.000 0.1078006 0.1422872 0.1634802 0.1454307 0.1240583 0.1495605 0.1691233 0.1572858 0.1869421 0.2323368 0.2898222 0.3506406 0.3544189 0.3347960 0.3111890 0.3232823 0.2802139
