simulation_files/asc/Depth____000230.asc
NCOLS        79
NROWS        79
XLLCENTER         -1.500000
YLLCENTER         -4.800000
CELLSIZE           0.100
NODATA_VALUE     -9999.0
[rows 0 to 25 of 79, columns 0 to 58 of 79]
-9999.000 -9999.000 -9999.000 -9999.000 -9999.000 -9999.000 -9999.000 -9999.000 -9999.000 -9999.000 -9999.000 -9999.000 -9999.000 -9999.000 -9999.000 0.7567482 0.7573174 0.7575890 0.7576548 0.7574707 0.7571780 0.7568483 0.7565058 0.7561759 0.7558708 0.7555903 0.7553341 0.7550748 0.7547025 0.7546741 0.7546741 -9999.000 -9999.000 -9999.000 -9999.000 -9999.000 -9999.000 -9999.000 -9999.000 -9999.000 -9999.000 -9999.000 -9999.000 -9999.000 -9999.000 -9999.000 -9999.000 -9999.000 -9999.000 -9999.000 -9999.000 -9999.000 -9999.000 -9999.000 -9999.000 -9999.000 -9999.000 -9999.000 -9999.000
-9999.000 -9999.000 -9999.000 -9999.000 -9999.000 -9999.000 -9999.000 -9999.000 -9999.000 -9999.000 -9999.000 -9999.000 -9999.000 -9999.000 -9999.000 0.7585680 0.7590767 0.7592973 0.7593496 0.7591986 0.7589649 0.7587076 0.7584448 0.7581960 0.7579696 0.7577641 0.7575780 0.7573862 0.7570912 0.7571517 0.7571517 -9999.000 -9999.000 -9999.000 -9999.000 -9999.000 -9999.000 -9999.000 -9999.000 -9999.000 -9999.000 -9999.000 -9999.000 -9999.000 -9999.000 -9999.000 -9999.000 -9999.000 -9999.000 -9999.000 -9999.000 -9999.000 -9999.000 -9999.000 -9999.000 -9999.000 -9999.000 -9999.000 -9999.000
-9999.000 -9999.000 -9999.000 -9999.000 -9999.000 -9999.000 -9999.000 -9999.000 -9999.000 -9999.000 -9999.000 -9999.000 -9999.000 -9999.000 -9999.000 0.7604735 0.7610209 0.7612548 0.7613173 0.7611716 0.7609430 0.7606921 0.7604368 0.7601969 0.7599803 0.7597839 0.7596055 0.7594177 0.7591171 0.7591734 0.7591734 -9999.000 -9999.000 -9999.000 -9999.000 -9999.000 -9999.000 -9999.000 -9999.000 -9999.000 -9999.000 -9999.000 -9999.000 -9999.000 -9999.000 -9999.000 -9999.000 -9999.000 -9999.000 -9999.000 -9999.000 -9999.000 -9999.000 -9999.000 -9999.000 -9999.000 -9999.000 -9999.000 -9999.000
-9999.000 -9999.000 -9999.000 -9999.000 -9999.000 -9999.000 -9999.000 -9999.000 -9999.000 -9999.000 -9999.000 -9999.000 -9999.000 -9999.000 -9999.000 0.7624304 0.7630030 0.7632447 0.7633108 0.7631638 0.7629332 0.7626809 0.7624246 0.7621849 0.7619687 0.7617728 0.7615942 0.7614037 0.7610915 0.7611262 0.7611262 -9999.000 -9999.000 -9999.000 -9999.000 -9999.000 -9999.000 -9999.000 -9999.000 -9999.000 -9999.000 -9999.000 -9999.000 -9999.000 -9999.000 -9999.000 -9999.000 -9999.000 -9999.000 -9999.000 -9999.000 -9999.000 -9999.000 -9999.000 -9999.000 -9999.000 -9999.000 -9999.000 -9999.000
-9999.000 -9999.000 -9999.000 -9999.000 -9999.000 -9999.000 -9999.000 -9999.000 -9999.000 -9999.000 -9999.000 -9999.000 -9999.000 -9999.000 -9999.000 0.7644061 0.7649990 0.7652460 0.7653129 0.7651609 0.7649248 0.7646677 0.7644067 0.7641630 0.7639436 0.7637443 0.7635620 0.7633655 0.7630369 0.7630365 0.7630365 -9999.000 -9999.000 -9999.000 -9999.000 -9999.000 -9999.000 -9999.000 -9999.000 -9999.000 -9999.000 -9999.000 -9999.000 -9999.000 -9999.000 -9999.000 -9999.000 -9999.000 -9999.000 -9999.000 -9999.000 -9999.000 -9999.000 -9999.000 -9999.000 -9999.000 -9999.000 -9999.000 -9999.000
-9999.000 -9999.000 -9999.000 -9999.000 -9999.000 -9999.000 -9999.000 -9999.000 -9999.000 -9999.000 -9999.000 -9999.000 -9999.000 -9999.000 -9999.000 0.7663872 0.7669984 0.7672489 0.7673149 0.7671559 0.7669127 0.7666492 0.7663817 0.7661325 0.7659081 0.7657036 0.7655159 0.7653112 0.7649623 0.7649132 0.7649132 -9999.000 -9999.000 -9999.000 -9999.000 -9999.000 -9999.000 -9999.000 -9999.000 -9999.000 -9999.000 -9999.000 -9999.000 -9999.000 -9999.000 -9999.000 -9999.000 -9999.000 -9999.000 -9999.000 -9999.000 -9999.000 -9999.000 -9999.000 -9999.000 -9999.000 -9999.000 -9999.000 -9999.000
-9999.000 -9999.000 -9999.000 -9999.000 -9999.000 -9999.000 -9999.000 -9999.000 -9999.000 -9999.000 -9999.000 -9999.000 -9999.000 -9999.000 -9999.000 0.7683679 0.7689962 0.7692490 0.7693127 0.7691455 0.7688941 0.7686235 0.7683486 0.7680932 0.7678630 0.7676524 0.7674583 0.7672437 0.7668701 0.7667568 0.7667568 -9999.000 -9999.000 -9999.000 -9999.000 -9999.000 -9999.000 -9999.000 -9999.000 -9999.000 -9999.000 -9999.000 -9999.000 -9999.000 -9999.000 -9999.000 -9999.000 -9999.000 -9999.000 -9999.000 -9999.000 -9999.000 -9999.000 -9999.000 -9999.000 -9999.000 -9999.000 -9999.000 -9999.000
-9999.000 -9999.000 -9999.000 -9999.000 -9999.000 -9999.000 -9999.000 -9999.000 -9999.000 -9999.000 -9999.000 -9999.000 -9999.000 -9999.000 -9999.000 0.7703452 0.7709902 0.7712439 0.7713042 0.7711273 0.7708671 0.7705891 0.7703064 0.7700444 0.7698081 0.7695906 0.7693893 0.7691633 0.7687603 0.7685632 0.7685632 -9999.000 -9999.000 -9999.000 -9999.000 -9999.000 -9999.000 -9999.000 -9999.000 -9999.000 -9999.000 -9999.000 -9999.000 -9999.000 -9999.000 -9999.000 -9999.000 -9999.000 -9999.000 -9999.000 -9999.000 -9999.000 -9999.000 -9999.000 -9999.000 -9999.000 -9999.000 -9999.000 -9999.000
-9999.000 -9999.000 -9999.000 -9999.000 -9999.000 -9999.000 -9999.000 -9999.000 -9999.000 -9999.000 -9999.000 -9999.000 -9999.000 -9999.000 -9999.000 0.7723176 0.7729788 0.7732320 0.7732877 0.7730997 0.7728300 0.7725442 0.7722535 0.7719848 0.7717421 0.7715173 0.7713080 0.7710688 0.7706310 0.7703239 0.7703239 -9999.000 -9999.000 -9999.000 -9999.000 -9999.000 -9999.000 -9999.000 -9999.000 -9999.000 -9999.000 -9999.000 -9999.000 -9999.000 -9999.000 -9999.000 -9999.000 -9999.000 -9999.000 -9999.000 -9999.000 -9999.000 -9999.000 -9999.000 -9999.000 -9999.000 -9999.000 -9999.000 -9999.000
-9999.000 -9999.000 -9999.000 -9999.000 -9999.000 -9999.000 -9999.000 -9999.000 -9999.000 -9999.000 -9999.000 -9999.000 -9999.000 -9999.000 -9999.000 0.7742836 0.7749606 0.7752118 0.7752615 0.7750608 0.7747809 0.7744873 0.7741882 0.7739127 0.7736634 0.7734307 0.7732127 0.7729582 0.7724788 0.7720268 0.7720268 -9999.000 -9999.000 -9999.000 -9999.000 -9999.000 -9999.000 -9999.000 -9999.000 -9999.000 -9999.000 -9999.000 -9999.000 -9999.000 -9999.000 -9999.000 -9999.000 -9999.000 -9999.000 -9999.000 -9999.000 -9999.000 -9999.000 -9999.000 -9999.000 -9999.000 -9999.000 -9999.000 -9999.000
-9999.000 -9999.000 -9999.000 -9999.000 -9999.000 -9999.000 -9999.000 -9999.000 -9999.000 -9999.000 -9999.000 -9999.000 -9999.000 -9999.000 -9999.000 0.7762416 0.7769342 0.7771816 0.7772239 0.7770085 0.7767178 0.7764160 0.7761081 0.7758260 0.7755699 0.7753287 0.7751009 0.7748287 0.7742995 0.7736539 0.7736539 -9999.000 -9999.000 -9999.000 -9999.000 -9999.000 -9999.000 -9999.000 -9999.000 -9999.000 -9999.000 -9999.000 -9999.000 -9999.000 -9999.000 -9999.000 -9999.000 -9999.000 -9999.000 -9999.000 -9999.000 -9999.000 -9999.000 -9999.000 -9999.000 -9999.000 -9999.000 -9999.000 -9999.000
-9999.000 -9999.000 -9999.000 -9999.000 -9999.000 -9999.000 -9999.000 -9999.000 -9999.000 -9999.000 -9999.000 -9999.000 -9999.000 -9999.000 -9999.000 0.7781891 0.7788973 0.7791388 0.7791721 0.7789402 0.7786378 0.7783277 0.7780107 0.7777218 0.7774587 0.7772081 0.7769694 0.7766761 0.7760868 0.7751784 0.7751784 -9999.000 -9999.000 -9999.000 -9999.000 -9999.000 -9999.000 -9999.000 -9999.000 -9999.000 -9999.000 -9999.000 -9999.000 -9999.000 -9999.000 -9999.000 -9999.000 -9999.000 -9999.000 -9999.000 -9999.000 -9999.000 -9999.000 -9999.000 -9999.000 -9999.000 -9999.000 -9999.000 -9999.000
-9999.000 -9999.000 -9999.000 -9999.000 -9999.000 -9999.000 -9999.000 -9999.000 -9999.000 -9999.000 -9999.000 -9999.000 -9999.000 -9999.000 -9999.000 0.7801158 0.7808412 0.7810761 0.7811023 0.7808539 0.7805391 0.7802206 0.7798938 0.7795979 0.7793273 0.7790660 0.7788144 0.7784956 0.7778324 0.7765607 0.7765607 -9999.000 -9999.000 -9999.000 -9999.000 -9999.000 -9999.000 -9999.000 -9999.000 -9999.000 -9999.000 -9999.000 -9999.000 -9999.000 -9999.000 -9999.000 -9999.000 -9999.000 -9999.000 -9999.000 -9999.000 -9999.000 -9999.000 -9999.000 -9999.000 -9999.000 -9999.000 -9999.000 -9999.000
-9999.000 -9999.000 -9999.000 -9999.000 -9999.000 -9999.000 -9999.000 -9999.000 -9999.000 -9999.000 -9999.000 -9999.000 -9999.000 -9999.000 -9999.000 0.7817122 0.7825263 0.7828481 0.7830124 0.7828180 0.7824982 0.7821690 0.7818258 0.7815149 0.7812278 0.7809463 0.7806731 0.7803174 0.7795584 0.7777765 0.7777765 -9999.000 -9999.000 -9999.000 -9999.000 -9999.000 -9999.000 -9999.000 -9999.000 -9999.000 -9999.000 -9999.000 -9999.000 -9999.000 -9999.000 -9999.000 -9999.000 -9999.000 -9999.000 -9999.000 -9999.000 -9999.000 -9999.000 -9999.000 -9999.000 -9999.000 -9999.000 -9999.000 -9999.000
-9999.000 -9999.000 -9999.000 -9999.000 -9999.000 -9999.000 -9999.000 -9999.000 -9999.000 -9999.000 -9999.000 -9999.000 -9999.000 -9999.000 -9999.000 0.7692391 0.7790185 0.7844008 0.7879909 0.7886271 0.7876773 0.7867223 0.7857919 0.7849728 0.7842609 0.7836284 0.7830678 0.7824473 0.7813346 0.7780598 0.7780598 -9999.000 -9999.000 -9999.000 -9999.000 -9999.000 -9999.000 -9999.000 -9999.000 -9999.000 -9999.000 -9999.000 -9999.000 -9999.000 -9999.000 -9999.000 -9999.000 -9999.000 -9999.000 -9999.000 -9999.000 -9999.000 -9999.000 -9999.000 -9999.000 -9999.000 -9999.000 -9999.000 -9999.000
0.8763691 0.8763691 0.8693383 0.8625931 0.8540100 0.8540100 0.8504934 0.8451209 0.8451209 0.8407479 0.8407479 0.8370764 0.8354425 0.8339174 0.8323717 0.8323717 0.7885655 0.7870334 0.7856135 0.7842885 0.7856321 0.7875387 0.7897536 0.7926584 0.7958130 0.7987018 0.8011718 0.8018618 0.7965523 0.7686042 0.7686042 0.5493051 0.5087949 0.4825162 0.4735324 0.4735324 0.4584546 0.4584546 0.4558056 0.4558056 0.4639371 0.5071045 0.5071045 0.5883822 0.5883822 0.6864563 0.6864563 0.6864563 0.6928133 0.6928133 0.6840300 0.6840300 0.6692584 0.6692584 0.6530953 0.6530953 0.6377317 0.6377317 0.6377317
0.8733814 0.8733814 0.8672123 0.8605431 0.8531229 0.8531229 0.8494156 0.8439660 0.8439660 0.8396013 0.8396013 0.8359471 0.8343216 0.8328047 0.8312686 0.8312686 0.7935913 0.7867497 0.7811099 0.7760984 0.7726749 0.7702321 0.7686730 0.7682136 0.7687712 0.7701347 0.7721944 0.7743552 0.7748361 0.7671624 0.7671624 0.6199958 0.5621303 0.5029622 0.4857190 0.4857190 0.4641366 0.4641366 0.4608244 0.4608244 0.4686140 0.5073987 0.5073987 0.5757330 0.5757330 0.6784397 0.6784397 0.6784397 0.6908193 0.6908193 0.6838092 0.6838092 0.6696375 0.6696375 0.6537369 0.6537369 0.6384885 0.6384885 0.6384885
0.8720890 0.8720890 0.8664059 0.8601066 0.8533873 0.8533873 0.8495270 0.8439417 0.8439417 0.8395533 0.8395533 0.8358930 0.8342656 0.8327463 0.8311941 0.8311941 0.7975242 0.7864028 0.7767606 0.7682114 0.7612715 0.7557553 0.7515259 0.7486432 0.7470701 0.7466702 0.7473442 0.7486932 0.7494112 0.7446911 0.7446911 0.6541505 0.5949268 0.5218740 0.4991345 0.4991345 0.4733769 0.4733769 0.4742281 0.4742281 0.4851213 0.5237738 0.5237738 0.5772784 0.5772784 0.6668418 0.6668418 0.6668418 0.6849285 0.6849285 0.6813176 0.6813176 0.6685917 0.6685917 0.6532722 0.6532722 0.6383208 0.6383208 0.6383208
0.8714041 0.8714041 0.8660015 0.8599377 0.8536792 0.8536792 0.8496900 0.8439519 0.8439519 0.8395398 0.8395398 0.8358823 0.8342575 0.8327407 0.8311648 0.8311648 0.8002866 0.7856805 0.7722876 0.7602437 0.7499696 0.7415032 0.7347630 0.7297234 0.7263160 0.7243988 0.7238333 0.7243053 0.7248572 0.7220143 0.7220143 0.6658915 0.6143854 0.5395504 0.5148172 0.5148172 0.4904971 0.4904971 0.5001466 0.5001466 0.5145938 0.5494056 0.5494056 0.5843844 0.5843844 0.6515042 0.6515042 0.6515042 0.6734298 0.6734298 0.6747432 0.6747432 0.6649833 0.6649833 0.6512122 0.6512122 0.6371857 0.6371857 0.6371857
0.8715860 0.8715860 0.8644651 0.8598986 0.8539466 0.8539466 0.8498595 0.8439787 0.8439787 0.8395401 0.8395401 0.8358808 0.8342557 0.8327383 0.8311214 0.8311214 0.8014275 0.7838895 0.7671068 0.7517408 0.7382692 0.7268769 0.7175735 0.7103311 0.7050740 0.7016607 0.6999233 0.6995766 0.6998888 0.6983673 0.6983673 0.6636664 0.6223980 0.5539835 0.5316926 0.5316926 0.5181244 0.5181244 0.5394939 0.5394939 0.5546825 0.5783215 0.5783215 0.5937103 0.5937103 0.6355547 0.6355547 0.6355547 0.6578364 0.6578364 0.6641687 0.6641687 0.6586472 0.6586472 0.6475340 0.6475340 0.6352120 0.6352120 0.6352120
0.8714886 0.8714886 0.8635957 0.8598769 0.8541387 0.8541387 0.8499892 0.8439974 0.8439974 0.8395362 0.8395362 0.8358766 0.8342525 0.8327359 0.8310599 0.8310599 0.8006467 0.7804447 0.7606052 0.7421759 0.7257302 0.7115471 0.6997176 0.6902452 0.6830720 0.6780760 0.6750911 0.6738591 0.6738114 0.6731797 0.6731797 0.6522268 0.6213614 0.5661855 0.5520388 0.5520388 0.5593595 0.5593595 0.5882245 0.5882245 0.5985209 0.6050671 0.6050671 0.6032869 0.6032869 0.6218733 0.6218733 0.6218733 0.6407707 0.6407707 0.6505522 0.6505522 0.6496758 0.6496758 0.6421510 0.6421510 0.6323620 0.6323620 0.6323620
0.8714228 0.8714228 0.8630997 0.8598596 0.8542528 0.8542528 0.8500708 0.8440099 0.8440099 0.8395336 0.8395336 0.8358732 0.8342496 0.8327335 0.8309743 0.8309743 0.7976589 0.7748027 0.7521409 0.7309286 0.7117959 0.6950660 0.6808766 0.6692628 0.6601909 0.6535683 0.6492514 0.6470203 0.6464415 0.6463129 0.6463129 0.6344088 0.6135850 0.5803894 0.5819703 0.5819703 0.6142402 0.6142402 0.6372023 0.6372023 0.6379291 0.6269730 0.6269730 0.6124299 0.6124299 0.6119578 0.6119578 0.6119578 0.6246839 0.6246839 0.6353579 0.6353579 0.6384979 0.6384979 0.6350664 0.6350664 0.6285713 0.6285713 0.6285713
0.8713996 0.8713996 0.8629367 0.8598532 0.8542902 0.8542902 0.8500984 0.8440143 0.8440143 0.8395328 0.8395328 0.8358718 0.8342481 0.8327323 0.8308563 0.8308563 0.7920886 0.7663746 0.7410163 0.7172865 0.6957949 0.6768490 0.6605873 0.6470524 0.6362255 0.6280388 0.6223794 0.6190743 0.6178163 0.6179144 0.6179144 0.6123388 0.6019658 0.6049901 0.6292180 0.6292180 0.6749725 0.6749725 0.6775730 0.6775730 0.6682721 0.6440584 0.6440584 0.6210446 0.6210446 0.6059436 0.6059436 0.6059436 0.6111870 0.6111870 0.6201631 0.6201631 0.6258786 0.6258786 0.6264822 0.6264822 0.6238393 0.6238393 0.6238393
0.8714224 0.8714224 0.8630925 0.8598589 0.8542502 0.8542502 0.8500689 0.8440098 0.8440098 0.8395343 0.8395343 0.8358737 0.8342497 0.8327335 0.8306952 0.8306952 0.7833688 0.7544315 0.7264155 0.7004219 0.6769379 0.6561839 0.6382463 0.6231394 0.6108363 0.6012802 0.5943840 0.5900230 0.5880311 0.5883614 0.5883614 0.5883965 0.5917853 0.6508390 0.6951449 0.6951449 0.7277918 0.7277918 0.7060229 0.7060229 0.6897805 0.6575394 0.6575394 0.6291440 0.6291440 0.6031675 0.6031675 0.6031675 0.6009352 0.6009352 0.6063088 0.6063088 0.6128388 0.6128388 0.6168595 0.6168595 0.6183078 0.6183078 0.6183078
0.8714882 0.8714882 0.8635823 0.8598755 0.8541339 0.8541339 0.8499854 0.8439971 0.8439971 0.8395375 0.8395375 0.8358774 0.8342526 0.8327360 0.8304742 0.8304742 0.7706046 0.7379712 0.7073046 0.6793277 0.6542806 0.6322159 0.6131085 0.5969040 0.5835391 0.5729470 0.5650544 0.5597830 0.5571892 0.5585285 0.5585285 0.5670344 0.5942388 0.7211884 0.7661309 0.7661309 0.7632869 0.7632869 0.7247882 0.7247882 0.7050280 0.6684899 0.6684899 0.6365981 0.6365981 0.6026713 0.6026713 0.6026713 0.5938239 0.5938239 0.5946683 0.5946683 0.6004338 0.6004338 0.6068875 0.6068875 0.6122929 0.6122929 0.6122929
0.8715856 0.8715856 0.8644459 0.8598962 0.8539394 0.8539394 0.8498536 0.8439779 0.8439779 0.8395416 0.8395416 0.8358824 0.8342568 0.8327393 0.8301720 0.8301720 0.7523328 0.7155118 0.6822724 0.6527058 0.6266528 0.6039045 0.5842645 0.5675695 0.5536929 0.5425382 0.5340302 0.5281499 0.5255128 0.5311269 0.5311269 0.5593544 0.6283230 0.7991338 0.8193572 0.8193572 0.7830436 0.7830436 0.7374368 0.7374368 0.7162421 0.6774226 0.6774226 0.6431583 0.6431583 0.6035290 0.6035290 0.6035290 0.5893221 0.5893221 0.5856124 0.5856124 0.5895662 0.5895662 0.5973958 0.5973958 0.6062838 0.6062838 0.6062838
