simulation_files/asc/Depth____000223.asc
NCOLS        79
NROWS        79
XLLCENTER         -1.500000
YLLCENTER         -4.800000
CELLSIZE           0.100
NODATA_VALUE     -9999.0
[rows 0 to 25 of 79, columns 0 to 58 of 79]
-9999.000 -9999.000 -9999.000 -9999.000 -9999.000 -9999.000 -9999.000 -9999.000 -9999.000 -9999.000 -9999.000 -9999.000 -9999.000 -9999.000 -9999.000 0.7623433 0.7629244 0.7632131 0.7632974 0.7631164 0.7628202 0.7624858 0.7621385 0.7618027 0.7614937 0.7612098 0.7609511 0.7606906 0.7603185 0.7602916 0.7602916 -9999.000 -9999.000 -9999.000 -9999.000 -9999.000 -9999.000 -9999.000 -9999.000 -9999.000 -9999.000 -9999.000 -9999.000 -9999.000 -9999.000 -9999.000 -9999.000 -9999.000 -9999.000 -9999.000 -9999.000 -9999.000 -9999.000 -9999.000 -9999.000 -9999.000 -9999.000 -9999.000 -9999.000
-9999.000 -9999.000 -9999.000 -9999.000 -9999.000 -9999.000 -9999.000 -9999.000 -9999.000 -9999.000 -9999.000 -9999.000 -9999.000 -9999.000 -9999.000 0.7641684 0.7646859 0.7649204 0.7649878 0.7648390 0.7646022 0.7643413 0.7640748 0.7638215 0.7635924 0.7633846 0.7631968 0.7630044 0.7627098 0.7627723 0.7627723 -9999.000 -9999.000 -9999.000 -9999.000 -9999.000 -9999.000 -9999.000 -9999.000 -9999.000 -9999.000 -9999.000 -9999.000 -9999.000 -9999.000 -9999.000 -9999.000 -9999.000 -9999.000 -9999.000 -9999.000 -9999.000 -9999.000 -9999.000 -9999.000 -9999.000 -9999.000 -9999.000 -9999.000
-9999.000 -9999.000 -9999.000 -9999.000 -9999.000 -9999.000 -9999.000 -9999.000 -9999.000 -9999.000 -9999.000 -9999.000 -9999.000 -9999.000 -9999.000 0.7660729 0.7666294 0.7668777 0.7669556 0.7668121 0.7665803 0.7663255 0.7660664 0.7658218 0.7656022 0.7654035 0.7652233 0.7650347 0.7647346 0.7647929 0.7647929 -9999.000 -9999.000 -9999.000 -9999.000 -9999.000 -9999.000 -9999.000 -9999.000 -9999.000 -9999.000 -9999.000 -9999.000 -9999.000 -9999.000 -9999.000 -9999.000 -9999.000 -9999.000 -9999.000 -9999.000 -9999.000 -9999.000 -9999.000 -9999.000 -9999.000 -9999.000 -9999.000 -9999.000
-9999.000 -9999.000 -9999.000 -9999.000 -9999.000 -9999.000 -9999.000 -9999.000 -9999.000 -9999.000 -9999.000 -9999.000 -9999.000 -9999.000 -9999.000 0.7680286 0.7686108 0.7688671 0.7689490 0.7688041 0.7685700 0.7683138 0.7680535 0.7678087 0.7675897 0.7673912 0.7672107 0.7670195 0.7667078 0.7667446 0.7667446 -9999.000 -9999.000 -9999.000 -9999.000 -9999.000 -9999.000 -9999.000 -9999.000 -9999.000 -9999.000 -9999.000 -9999.000 -9999.000 -9999.000 -9999.000 -9999.000 -9999.000 -9999.000 -9999.000 -9999.000 -9999.000 -9999.000 -9999.000 -9999.000 -9999.000 -9999.000 -9999.000 -9999.000
-9999.000 -9999.000 -9999.000 -9999.000 -9999.000 -9999.000 -9999.000 -9999.000 -9999.000 -9999.000 -9999.000 -9999.000 -9999.000 -9999.000 -9999.000 0.7700027 0.7706058 0.7708676 0.7709506 0.7708006 0.7705609 0.7702997 0.7700346 0.7697858 0.7695634 0.7693614 0.7691772 0.7689800 0.7686521 0.7686536 0.7686536 -9999.000 -9999.000 -9999.000 -9999.000 -9999.000 -9999.000 -9999.000 -9999.000 -9999.000 -9999.000 -9999.000 -9999.000 -9999.000 -9999.000 -9999.000 -9999.000 -9999.000 -9999.000 -9999.000 -9999.000 -9999.000 -9999.000 -9999.000 -9999.000 -9999.000 -9999.000 -9999.000 -9999.000
-9999.000 -9999.000 -9999.000 -9999.000 -9999.000 -9999.000 -9999.000 -9999.000 -9999.000 -9999.000 -9999.000 -9999.000 -9999.000 -9999.000 -9999.000 0.7719820 0.7726039 0.7728695 0.7729518 0.7727949 0.7725479 0.7722802 0.7720085 0.7717540 0.7715266 0.7713194 0.7711298 0.7709244 0.7705763 0.7705293 0.7705293 -9999.000 -9999.000 -9999.000 -9999.000 -9999.000 -9999.000 -9999.000 -9999.000 -9999.000 -9999.000 -9999.000 -9999.000 -9999.000 -9999.000 -9999.000 -9999.000 -9999.000 -9999.000 -9999.000 -9999.000 -9999.000 -9999.000 -9999.000 -9999.000 -9999.000 -9999.000 -9999.000 -9999.000
-9999.000 -9999.000 -9999.000 -9999.000 -9999.000 -9999.000 -9999.000 -9999.000 -9999.000 -9999.000 -9999.000 -9999.000 -9999.000 -9999.000 -9999.000 0.7739607 0.7746004 0.7748686 0.7749488 0.7747835 0.7745282 0.7742534 0.7739744 0.7737134 0.7734803 0.7732670 0.7730709 0.7728556 0.7724832 0.7723722 0.7723722 -9999.000 -9999.000 -9999.000 -9999.000 -9999.000 -9999.000 -9999.000 -9999.000 -9999.000 -9999.000 -9999.000 -9999.000 -9999.000 -9999.000 -9999.000 -9999.000 -9999.000 -9999.000 -9999.000 -9999.000 -9999.000 -9999.000 -9999.000 -9999.000 -9999.000 -9999.000 -9999.000 -9999.000
-9999.000 -9999.000 -9999.000 -9999.000 -9999.000 -9999.000 -9999.000 -9999.000 -9999.000 -9999.000 -9999.000 -9999.000 -9999.000 -9999.000 -9999.000 0.7759361 0.7765931 0.7768624 0.7769394 0.7767643 0.7765000 0.7762176 0.7759309 0.7756631 0.7754241 0.7752039 0.7750005 0.7747741 0.7743726 0.7741780 0.7741780 -9999.000 -9999.000 -9999.000 -9999.000 -9999.000 -9999.000 -9999.000 -9999.000 -9999.000 -9999.000 -9999.000 -9999.000 -9999.000 -9999.000 -9999.000 -9999.000 -9999.000 -9999.000 -9999.000 -9999.000 -9999.000 -9999.000 -9999.000 -9999.000 -9999.000 -9999.000 -9999.000 -9999.000
-9999.000 -9999.000 -9999.000 -9999.000 -9999.000 -9999.000 -9999.000 -9999.000 -9999.000 -9999.000 -9999.000 -9999.000 -9999.000 -9999.000 -9999.000 0.7779065 0.7785804 0.7788494 0.7789219 0.7787355 0.7784615 0.7781715 0.7778767 0.7776020 0.7773568 0.7771293 0.7769180 0.7766785 0.7762426 0.7759388 0.7759388 -9999.000 -9999.000 -9999.000 -9999.000 -9999.000 -9999.000 -9999.000 -9999.000 -9999.000 -9999.000 -9999.000 -9999.000 -9999.000 -9999.000 -9999.000 -9999.000 -9999.000 -9999.000 -9999.000 -9999.000 -9999.000 -9999.000 -9999.000 -9999.000 -9999.000 -9999.000 -9999.000 -9999.000
-9999.000 -9999.000 -9999.000 -9999.000 -9999.000 -9999.000 -9999.000 -9999.000 -9999.000 -9999.000 -9999.000 -9999.000 -9999.000 -9999.000 -9999.000 0.7798706 0.7805610 0.7808281 0.7808948 0.7806953 0.7804111 0.7801132 0.7798100 0.7795283 0.7792770 0.7790416 0.7788216 0.7785671 0.7780902 0.7776423 0.7776423 -9999.000 -9999.000 -9999.000 -9999.000 -9999.000 -9999.000 -9999.000 -9999.000 -9999.000 -9999.000 -9999.000 -9999.000 -9999.000 -9999.000 -9999.000 -9999.000 -9999.000 -9999.000 -9999.000 -9999.000 -9999.000 -9999.000 -9999.000 -9999.000 -9999.000 -9999.000 -9999.000 -9999.000
-9999.000 -9999.000 -9999.000 -9999.000 -9999.000 -9999.000 -9999.000 -9999.000 -9999.000 -9999.000 -9999.000 -9999.000 -9999.000 -9999.000 -9999.000 0.7818268 0.7825335 0.7827969 0.7828560 0.7826418 0.7823464 0.7820405 0.7817286 0.7814399 0.7811823 0.7809384 0.7807090 0.7804371 0.7799110 0.7792709 0.7792709 -9999.000 -9999.000 -9999.000 -9999.000 -9999.000 -9999.000 -9999.000 -9999.000 -9999.000 -9999.000 -9999.000 -9999.000 -9999.000 -9999.000 -9999.000 -9999.000 -9999.000 -9999.000 -9999.000 -9999.000 -9999.000 -9999.000 -9999.000 -9999.000 -9999.000 -9999.000 -9999.000 -9999.000
-9999.000 -9999.000 -9999.000 -9999.000 -9999.000 -9999.000 -9999.000 -9999.000 -9999.000 -9999.000 -9999.000 -9999.000 -9999.000 -9999.000 -9999.000 0.7837726 0.7844955 0.7847532 0.7848034 0.7845722 0.7842648 0.7839507 0.7836298 0.7833341 0.7830701 0.7828169 0.7825767 0.7822843 0.7816991 0.7807984 0.7807984 -9999.000 -9999.000 -9999.000 -9999.000 -9999.000 -9999.000 -9999.000 -9999.000 -9999.000 -9999.000 -9999.000 -9999.000 -9999.000 -9999.000 -9999.000 -9999.000 -9999.000 -9999.000 -9999.000 -9999.000 -9999.000 -9999.000 -9999.000 -9999.000 -9999.000 -9999.000 -9999.000 -9999.000
-9999.000 -9999.000 -9999.000 -9999.000 -9999.000 -9999.000 -9999.000 -9999.000 -9999.000 -9999.000 -9999.000 -9999.000 -9999.000 -9999.000 -9999.000 0.7856965 0.7864373 0.7866886 0.7867324 0.7864849 0.7861652 0.7858428 0.7855123 0.7852091 0.7849382 0.7846743 0.7844217 0.7841042 0.7834464 0.7821860 0.7821860 -9999.000 -9999.000 -9999.000 -9999.000 -9999.000 -9999.000 -9999.000 -9999.000 -9999.000 -9999.000 -9999.000 -9999.000 -9999.000 -9999.000 -9999.000 -9999.000 -9999.000 -9999.000 -9999.000 -9999.000 -9999.000 -9999.000 -9999.000 -9999.000 -9999.000 -9999.000 -9999.000 -9999.000
-9999.000 -9999.000 -9999.000 -9999.000 -9999.000 -9999.000 -9999.000 -9999.000 -9999.000 -9999.000 -9999.000 -9999.000 -9999.000 -9999.000 -9999.000 0.7872555 0.7880917 0.7884372 0.7886370 0.7884563 0.7881343 0.7878013 0.7874538 0.7871342 0.7868468 0.7865618 0.7862869 0.7859326 0.7851800 0.7834160 0.7834160 -9999.000 -9999.000 -9999.000 -9999.000 -9999.000 -9999.000 -9999.000 -9999.000 -9999.000 -9999.000 -9999.000 -9999.000 -9999.000 -9999.000 -9999.000 -9999.000 -9999.000 -9999.000 -9999.000 -9999.000 -9999.000 -9999.000 -9999.000 -9999.000 -9999.000 -9999.000 -9999.000 -9999.000
-9999.000 -9999.000 -9999.000 -9999.000 -9999.000 -9999.000 -9999.000 -9999.000 -9999.000 -9999.000 -9999.000 -9999.000 -9999.000 -9999.000 -9999.000 0.7741121 0.7842742 0.7898943 0.7937430 0.7944874 0.7934971 0.7925034 0.7915352 0.7906765 0.7899415 0.7892866 0.7887105 0.7880819 0.7869702 0.7837187 0.7837187 -9999.000 -9999.000 -9999.000 -9999.000 -9999.000 -9999.000 -9999.000 -9999.000 -9999.000 -9999.000 -9999.000 -9999.000 -9999.000 -9999.000 -9999.000 -9999.000 -9999.000 -9999.000 -9999.000 -9999.000 -9999.000 -9999.000 -9999.000 -9999.000 -9999.000 -9999.000 -9999.000 -9999.000
0.8848152 0.8848152 0.8761370 0.8702179 0.8613570 0.8613570 0.8577139 0.8521911 0.8521911 0.8477679 0.8477679 0.8441055 0.8424845 0.8409723 0.8394316 0.8394316 0.7942334 0.7926739 0.7912569 0.7897363 0.7910831 0.7930135 0.7952534 0.7981241 0.8013664 0.8042899 0.8068122 0.8075857 0.8023967 0.7745759 0.7745759 0.5543762 0.5134816 0.4867668 0.4776222 0.4776222 0.4622029 0.4622029 0.4590822 0.4590822 0.4669440 0.5095639 0.5095639 0.5906282 0.5906282 0.6912133 0.6912133 0.6912133 0.6982276 0.6982276 0.6896424 0.6896424 0.6748324 0.6748324 0.6585382 0.6585382 0.6429994 0.6429994 0.6429994
0.8816878 0.8816878 0.8740641 0.8681359 0.8604395 0.8604395 0.8566117 0.8510216 0.8510216 0.8466119 0.8466119 0.8429673 0.8413545 0.8398507 0.8383196 0.8383196 0.7994713 0.7924775 0.7867615 0.7816201 0.7781407 0.7756648 0.7740774 0.7735702 0.7741275 0.7754834 0.7775463 0.7797329 0.7802689 0.7728376 0.7728376 0.6253236 0.5670823 0.5073759 0.4899250 0.4899250 0.4679420 0.4679420 0.4641675 0.4641675 0.4717138 0.5101102 0.5101102 0.5782782 0.5782782 0.6825686 0.6825686 0.6825686 0.6960267 0.6960267 0.6893594 0.6893594 0.6752009 0.6752009 0.6591836 0.6591836 0.6437670 0.6437670 0.6437670
0.8802249 0.8802249 0.8733799 0.8676518 0.8606742 0.8606742 0.8566986 0.8509861 0.8509861 0.8465621 0.8465621 0.8429138 0.8412985 0.8397924 0.8382446 0.8382446 0.8035761 0.7922235 0.7824368 0.7737401 0.7666976 0.7611106 0.7568268 0.7538849 0.7522805 0.7518550 0.7525117 0.7538626 0.7546111 0.7500349 0.7500349 0.6594899 0.5999619 0.5263622 0.5033851 0.5033851 0.4771538 0.4771538 0.4775446 0.4775446 0.4882679 0.5268312 0.5268312 0.5803573 0.5803573 0.6707200 0.6707200 0.6707200 0.6898673 0.6898673 0.6867292 0.6867292 0.6740924 0.6740924 0.6586891 0.6586891 0.6435835 0.6435835 0.6435835
0.8793076 0.8793076 0.8727791 0.8674585 0.8609489 0.8609489 0.8568422 0.8509888 0.8509888 0.8465536 0.8465536 0.8429100 0.8412963 0.8397908 0.8382164 0.8382164 0.8064768 0.7915925 0.7779996 0.7657764 0.7553585 0.7467812 0.7399545 0.7348377 0.7313755 0.7294170 0.7288216 0.7292808 0.7298462 0.7271053 0.7271053 0.6710764 0.6193891 0.5440567 0.5190595 0.5190595 0.4941861 0.4941861 0.5034593 0.5034593 0.5178877 0.5529468 0.5529468 0.5880620 0.5880620 0.6553419 0.6553419 0.6553419 0.6780787 0.6780787 0.6799324 0.6799324 0.6703588 0.6703588 0.6565616 0.6565616 0.6424101 0.6424101 0.6424101
0.8789100 0.8789100 0.8726104 0.8674800 0.8612316 0.8612316 0.8569952 0.8509949 0.8509949 0.8465459 0.8465459 0.8429076 0.8412954 0.8397906 0.8381737 0.8381737 0.8077249 0.7898838 0.7728605 0.7572843 0.7436332 0.7320924 0.7226686 0.7153235 0.7099862 0.7065113 0.7047285 0.7043546 0.7046653 0.7032122 0.7032122 0.6686344 0.6272857 0.5584293 0.5358381 0.5358381 0.5216767 0.5216767 0.5429422 0.5429422 0.5583260 0.5824285 0.5824285 0.5979269 0.5979269 0.6394945 0.6394945 0.6394945 0.6622460 0.6622460 0.6690903 0.6690903 0.6638390 0.6638390 0.6527733 0.6527733 0.6403704 0.6403704 0.6403704
0.8791335 0.8791335 0.8715810 0.8675748 0.8614706 0.8614706 0.8571297 0.8510033 0.8510033 0.8465392 0.8465392 0.8429049 0.8412942 0.8397899 0.8381110 0.8381110 0.8070138 0.7864962 0.7663890 0.7477233 0.7310696 0.7167069 0.7047255 0.6951239 0.6878449 0.6827651 0.6797161 0.6784403 0.6783742 0.6777808 0.6777808 0.6569449 0.6260652 0.5704610 0.5559602 0.5559602 0.5628287 0.5628287 0.5920948 0.5920948 0.6027293 0.6097041 0.6097041 0.6079111 0.6079111 0.6259891 0.6259891 0.6259891 0.6450353 0.6450353 0.6552120 0.6552120 0.6546445 0.6546445 0.6472385 0.6472385 0.6374233 0.6374233 0.6374233
0.8795943 0.8795943 0.8705338 0.8676578 0.8616192 0.8616192 0.8572111 0.8510050 0.8510050 0.8465337 0.8465337 0.8429034 0.8412939 0.8397900 0.8380231 0.8380231 0.8040597 0.7808810 0.7579330 0.7364631 0.7170993 0.7001646 0.6857976 0.6740301 0.6648292 0.6581004 0.6536993 0.6514059 0.6507909 0.6506726 0.6506726 0.6388580 0.6180411 0.5843332 0.5855403 0.5855403 0.6178942 0.6178942 0.6417263 0.6417263 0.6427668 0.6320173 0.6320173 0.6173320 0.6173320 0.6162696 0.6162696 0.6162696 0.6289037 0.6289037 0.6398050 0.6398050 0.6432320 0.6432320 0.6399701 0.6399701 0.6335049 0.6335049 0.6335049
0.8796977 0.8796977 0.8702372 0.8676853 0.8616717 0.8616717 0.8572418 0.8510070 0.8510070 0.8465319 0.8465319 0.8429022 0.8412932 0.8397897 0.8379002 0.8379002 0.7984872 0.7724449 0.7467871 0.7227837 0.7010440 0.6818743 0.6654145 0.6517060 0.6407295 0.6324168 0.6266540 0.6232684 0.6219553 0.6220374 0.6220374 0.6165072 0.6060978 0.6084163 0.6324763 0.6324763 0.6792403 0.6792403 0.6827739 0.6827739 0.6736245 0.6493714 0.6493714 0.6261292 0.6261292 0.6104375 0.6104375 0.6104375 0.6154394 0.6154394 0.6244693 0.6244693 0.6303936 0.6303936 0.6311827 0.6311827 0.6286175 0.6286175 0.6286175
0.8796794 0.8796794 0.8704356 0.8676661 0.8616257 0.8616257 0.8572156 0.8510067 0.8510067 0.8465338 0.8465338 0.8429025 0.8412930 0.8397894 0.8377303 0.8377303 0.7897278 0.7604548 0.7321289 0.7058499 0.6821050 0.6611146 0.6429648 0.6276697 0.6152017 0.6055030 0.5984871 0.5940288 0.5919642 0.5922529 0.5922529 0.5922664 0.5954656 0.6537338 0.6985239 0.6985239 0.7329510 0.7329510 0.7117172 0.7117172 0.6954541 0.6630123 0.6630123 0.6343473 0.6343473 0.6078128 0.6078128 0.6078128 0.6052640 0.6052640 0.6105449 0.6105449 0.6171775 0.6171775 0.6213557 0.6213557 0.6229109 0.6229109 0.6229109
0.8795567 0.8795567 0.8711008 0.8676012 0.8614847 0.8614847 0.8571368 0.8510038 0.8510038 0.8465375 0.8465375 0.8429031 0.8412930 0.8397890 0.8374974 0.8374974 0.7768813 0.7439017 0.7129157 0.6846456 0.6593305 0.6370221 0.6176949 0.6012940 0.5877541 0.5770090 0.5689846 0.5636022 0.5609208 0.5621921 0.5621921 0.5705527 0.5972483 0.7240312 0.7703605 0.7703605 0.7692007 0.7692007 0.7307445 0.7307445 0.7108697 0.6740603 0.6740603 0.6418849 0.6418849 0.6074362 0.6074362 0.6074362 0.5982450 0.5982450 0.5988913 0.5988913 0.6046444 0.6046444 0.6111960 0.6111960 0.6167141 0.6167141 0.6167141
0.8790315 0.8790315 0.8724505 0.8675017 0.8612487 0.8612487 0.8570069 0.8509992 0.8509992 0.8465468 0.8465468 0.8429070 0.8412947 0.8397896 0.8371790 0.8371790 0.7584749 0.7212917 0.6877242 0.6578603 0.6315381 0.6085455 0.5886849 0.5717918 0.5577379 0.5464258 0.5377794 0.5317799 0.5290439 0.5345581 0.5345581 0.5623821 0.6304867 0.8028464 0.8248457 0.8248457 0.7893362 0.7893362 0.7435057 0.7435057 0.7221674 0.6830570 0.6830570 0.6485065 0.6485065 0.6083852 0.6083852 0.6083852 0.5938311 0.5938311 0.5898572 0.5898572 0.5936956 0.5936956 0.6015462 0.6015462 0.6105306 0.6105306 0.6105306
