simulation_files/asc/Depth____175.0.asc
NCOLS       216
NROWS       273
XLLCENTER        494.688995
YLLCENTER        787.867981
CELLSIZE           0.500
NODATA_VALUE     -9999.0
[rows 182 to 207 of 273, columns 120 to 179 of 216]
-9999.000 -9999.000 -9999.000 -9999.000 -9999.000 -9999.000 -9999.000 -9999.000 -9999.000 0.1014319 0.1786810 0.2663476 0.2715127 0.2186862 0.1418661 0.9301534E-01 0.5083418E-01 0.5845479E-01 0.7878278E-01 0.7514116E-01 0.8641211E-01 0.1531632 0.2350718 0.2222021 0.2423901 0.2936707 0.3004857 0.2728724 0.2908435 0.3332434 0.3659868 0.3945566 0.3728078 0.3316742 0.3097746 0.3183330 0.3177818 0.3185728 0.2859872 0.2296892 0.1505313 0.6952809E-01 -9999.000 -9999.000 -9999.000 -9999.000 -9999.000 -9999.000 -9999.000 -9999.000 -9999.000 -9999.000 -9999.000 -9999.000 -9999.000 -9999.000 -9999.000 -9999.000 -9999.000 -9999.000
-9999.000 -9999.000 -9999.000 -9999.000 -9999.000 -9999.000 -9999.000 -9999.000 0.2149341E-01 0.5866357E-01 0.1567344 0.2364050 0.2645988 0.2402505 0.1939008 0.1363658 0.8098077E-01 0.6183341E-01 0.7222551E-01 0.6757242E-01 0.7381718E-01 0.1207607 0.1744570 0.1963338 0.2429625 0.3180509 0.3376858 0.2858730 0.2976051 0.3715030 0.3994685 0.4095567 0.3999351 0.3529177 0.3397496 0.3318973 0.3303223 0.3327738 0.3151180 0.2927459 0.2035738 0.9556348E-01 -9999.000 -9999.000 -9999.000 -9999.000 -9999.000 -9999.000 -9999.000 -9999.000 -9999.000 -9999.000 -9999.000 -9999.000 -9999.000 -9999.000 -9999.000 -9999.000 -9999.000 -9999.000
-9999.000 -9999.000 -9999.000 -9999.000 -9999.000 -9999.000 -9999.000 -9999.000 -9999.000 0.3792746E-01 0.1312210 0.2350774 0.2702371 0.2689644 0.2352574 0.1819757 0.1259159 0.7829000E-01 0.6811759E-01 0.6145545E-01 0.7074481E-01 0.8613979E-01 0.1044442 0.1350817 0.1991654 0.2813669 0.3243833 0.3064137 0.3319803 0.3805172 0.3592432 0.3474122 0.3544620 0.3365495 0.2887683 0.2813999 0.2899604 0.3101152 0.3191073 0.3066721 0.2552462 0.1449515 0.7111411E-01 -9999.000 -9999.000 -9999.000 -9999.000 -9999.000 -9999.000 -9999.000 -9999.000 -9999.000 -9999.000 -9999.000 -9999.000 -9999.000 -9999.000 -9999.000 -9999.000 -9999.000
-9999.000 -9999.000 -9999.000 -9999.000 -9999.000 -9999.000 -9999.000 -9999.000 -9999.000 0.2448508E-01 0.1199880 0.2340925 0.2815678 0.2864131 0.2682777 0.2214864 0.1545483 0.9557195E-01 0.7493442E-01 0.7534624E-01 0.8585414E-01 0.8111529E-01 0.7836760E-01 0.1081268 0.1597074 0.2170211 0.2652715 0.2895605 0.3491478 0.3188961 0.2542626 0.2785748 0.2957820 0.2213612 0.1842590 0.1614634 0.2012746 0.2281672 0.2636797 0.2747939 0.2395814 0.1773342 0.1378607 0.8084397E-01 -9999.000 -9999.000 -9999.000 -9999.000 -9999.000 -9999.000 -9999.000 -9999.000 -9999.000 -9999.000 -9999.000 -9999.000 -9999.000 -9999.000 -9999.000 -9999.000
-9999.000 -9999.000 -9999.000 -9999.000 -9999.000 -9999.000 -9999.000 -9999.000 -9999.000 -9999.000 0.7995562E-01 0.2076674 0.2721466 0.2865252 0.2808297 0.2332647 0.1583881 0.9557580E-01 0.6922610E-01 0.6417352E-01 0.7879334E-01 0.7742320E-01 0.8062116E-01 0.1158168 0.1725679 0.2156459 0.2489457 0.2644478 0.2775963 0.2271137 0.2031692 0.3129956 0.3328982 0.2812691 0.2066644 0.1842380 0.2008108 0.2189956 0.2326798 0.2422490 0.2327700 0.2025157 0.1703927 0.1221526 -9999.000 -9999.000 -9999.000 -9999.000 -9999.000 -9999.000 -9999.000 -9999.000 -9999.000 -9999.000 -9999.000 -9999.000 -9999.000 -9999.000 -9999.000 -9999.000
-9999.000 -9999.000 -9999.000 -9999.000 -9999.000 -9999.000 -9999.000 -9999.000 -9999.000 -9999.000 -9999.000 0.1810790 0.2452176 0.2584174 0.2638972 0.2161099 0.1282456 0.8869875E-01 0.7148386E-01 0.5297376E-01 0.5281959E-01 0.6938920E-01 0.8592706E-01 0.1354701 0.2064514 0.2290937 0.2149178 0.1940047 0.2116463 0.2174478 0.2275314 0.3150464 0.3814252 0.3595625 0.2950188 0.2253668 0.2340664 0.2537189 0.2408490 0.2222961 0.2228751 0.1939883 0.1545188 0.1117348 0.5869762E-01 -9999.000 -9999.000 -9999.000 -9999.000 -9999.000 -9999.000 -9999.000 -9999.000 -9999.000 -9999.000 -9999.000 -9999.000 -9999.000 -9999.000 -9999.000
-9999.000 -9999.000 -9999.000 -9999.000 -9999.000 -9999.000 -9999.000 -9999.000 -9999.000 -9999.000 0.5543031E-01 0.1600158 0.2252915 0.2258794 0.2385101 0.2123178 0.1533515 0.1271255 0.1024181 0.7431665E-01 0.5035247E-01 0.4677366E-01 0.6966087E-01 0.1165098 0.1457512 0.1571779 0.1850309 0.1904206 0.2365079 0.2710614 0.2523757 0.2843909 0.3332229 0.3143974 0.2794452 0.2500837 0.2446450 0.2299516 0.1997423 0.2151633 0.2333982 0.2267462 0.2148008 0.1794389 0.1401754 0.7525931E-01 -9999.000 -9999.000 -9999.000 -9999.000 -9999.000 -9999.000 -9999.000 -9999.000 -9999.000 -9999.000 -9999.000 -9999.000 -9999.000 -9999.000
-9999.000 -9999.000 -9999.000 -9999.000 -9999.000 -9999.000 -9999.000 -9999.000 -9999.000 -9999.000 -9999.000 0.1268040 0.1910529 0.2217207 0.2430846 0.2396652 0.2159061 0.1914620 0.1497181 0.1235375 0.7356335E-01 0.3317341E-01 0.4181962E-01 0.7057265E-01 0.8104058E-01 0.1120817 0.1962933 0.2403467 0.2844267 0.3113760 0.2997216 0.2854588 0.2745987 0.2434030 0.2533672 0.2641361 0.2596906 0.2099275 0.2105287 0.2494628 0.2679978 0.2656037 0.2797713 0.2620466 0.2198182 0.1370883 -9999.000 -9999.000 -9999.000 -9999.000 -9999.000 -9999.000 -9999.000 -9999.000 -9999.000 -9999.000 -9999.000 -9999.000 -9999.000 -9999.000
-9999.000 -9999.000 -9999.000 -9999.000 -9999.000 -9999.000 -9999.000 -9999.000 -9999.000 -9999.000 -9999.000 -9999.000 0.1357060 0.1898528 0.2269471 0.2439781 0.2493154 0.2450301 0.1979342 0.1667511 0.1142444 0.3948687E-01 0.2707636E-01 0.3714458E-01 0.5628844E-01 0.1069564 0.1869751 0.2420112 0.2828931 0.3111034 0.2972456 0.2974989 0.3067197 0.2746270 0.2735654 0.3212825 0.2841680 0.2483284 0.2813559 0.3142533 0.3153790 0.3081416 0.3292795 0.3112288 0.2666034 0.1729398 0.5400308E-01 -9999.000 -9999.000 -9999.000 -9999.000 -9999.000 -9999.000 -9999.000 -9999.000 -9999.000 -9999.000 -9999.000 -9999.000 -9999.000
-9999.000 -9999.000 -9999.000 -9999.000 -9999.000 -9999.000 -9999.000 -9999.000 -9999.000 -9999.000 -9999.000 -9999.000 0.8202741E-01 0.1345536 0.1887820 0.2258866 0.2636559 0.2736010 0.2466665 0.2177902 0.1642119 0.8522705E-01 0.4986440E-01 0.5271873E-01 0.5666220E-01 0.8314652E-01 0.1341486 0.1957591 0.2472666 0.2811033 0.2728771 0.2837415 0.3001730 0.2645235 0.2941364 0.3336636 0.2819372 0.2885303 0.3522735 0.3796583 0.3513353 0.3487303 0.3665805 0.3082948 0.2428986 0.1476161 0.5015715E-01 0.2290539E-01 -9999.000 -9999.000 -9999.000 -9999.000 -9999.000 -9999.000 -9999.000 -9999.000 -9999.000 -9999.000 -9999.000 -9999.000
-9999.000 -9999.000 -9999.000 -9999.000 -9999.000 -9999.000 -9999.000 -9999.000 -9999.000 -9999.000 -9999.000 -9999.000 -9999.000 0.8678229E-01 0.1461435 0.2104663 0.2423109 0.2766616 0.2882172 0.2521312 0.1935603 0.1363817 0.9209810E-01 0.6352181E-01 0.4918995E-01 0.4842478E-01 0.8147625E-01 0.1546745 0.2269368 0.2664048 0.2338409 0.2266321 0.2281764 0.2431888 0.3175693 0.3424499 0.2946273 0.3177148 0.3948917 0.4122941 0.3809936 0.3430524 0.2830665 0.2167640 0.1777485 0.1382114 0.9950774E-01 0.6224212E-01 -9999.000 -9999.000 -9999.000 -9999.000 -9999.000 -9999.000 -9999.000 -9999.000 -9999.000 -9999.000 -9999.000 -9999.000
-9999.000 -9999.000 -9999.000 -9999.000 -9999.000 -9999.000 -9999.000 -9999.000 -9999.000 -9999.000 -9999.000 -9999.000 -9999.000 0.6180874E-01 0.1328342 0.1537802 0.1399215 0.2014703 0.2593250 0.2430961 0.2178501 0.1790107 0.1245585 0.8316860E-01 0.5267046E-01 0.2991443E-01 0.4359053E-01 0.1146437 0.2009136 0.2262068 0.1631186 0.2023698 0.2401885 0.2631310 0.3320418 0.3571304 0.3302237 0.3492694 0.3860134 0.3978389 0.3469583 0.2476057 0.2149663 0.1802313 0.1973011 0.2143856 0.1928047 0.1536120 0.1191871 -9999.000 -9999.000 -9999.000 -9999.000 -9999.000 -9999.000 -9999.000 -9999.000 -9999.000 -9999.000 -9999.000
-9999.000 -9999.000 -9999.000 -9999.000 -9999.000 -9999.000 -9999.000 -9999.000 -9999.000 -9999.000 -9999.000 -9999.000 -9999.000 -9999.000 0.9186953E-01 0.9710362E-01 -9999.000 0.7618571E-01 0.1500423 0.2003005 0.2388060 0.2098591 0.1760490 0.1290014 0.9216108E-01 0.6463384E-01 0.4815815E-01 0.8858245E-01 0.1637020 0.1665378 0.1426280 0.2057242 0.2621048 0.2853220 0.3217500 0.3510362 0.3476846 0.3440637 0.3555650 0.3505249 0.2973999 0.2872697 0.2655327 0.2616310 0.2871053 0.2906313 0.2805183 0.2710695 0.1976363 0.1037785 -9999.000 -9999.000 -9999.000 -9999.000 -9999.000 -9999.000 -9999.000 -9999.000 -9999.000 -9999.000
-9999.000 -9999.000 -9999.000 -9999.000 -9999.000 -9999.000 -9999.000 -9999.000 -9999.000 -9999.000 -9999.000 -9999.000 -9999.000 -9999.000 -9999.000 -9999.000 0.4030106E-01 0.6351091E-01 0.9912962E-01 0.1469904 0.1973630 0.2021425 0.1802725 0.1304355 0.8828632E-01 0.6447579E-01 0.4693922E-01 0.5664818E-01 0.9456893E-01 0.1192404 0.1385987 0.1848682 0.2460781 0.2740904 0.3005902 0.3193628 0.3308182 0.3266552 0.3379145 0.3483351 0.3494658 0.3576017 0.3362695 0.3244514 0.3192493 0.3197002 0.3061468 0.2884587 0.2161589 0.1262142 -9999.000 -9999.000 -9999.000 -9999.000 -9999.000 -9999.000 -9999.000 -9999.000 -9999.000 -9999.000
-9999.000 -9999.000 -9999.000 -9999.000 -9999.000 -9999.000 -9999.000 -9999.000 -9999.000 -9999.000 -9999.000 -9999.000 -9999.000 -9999.000 -9999.000 -9999.000 0.5325016E-01 0.9258399E-01 0.9851202E-01 0.1142318 0.1493722 0.1668220 0.1579662 0.1247673 0.8458305E-01 0.5078022E-01 0.2828715E-01 -9999.000 -9999.000 0.5971039E-01 0.1112748 0.1514434 0.1938823 0.2184046 0.2625519 0.3101971 0.3156468 0.3102092 0.3389181 0.3906650 0.4102726 0.4081328 0.3551504 0.3221885 0.3365647 0.3381814 0.3039533 0.2444058 0.1629653 0.1151542 0.5477551E-01 -9999.000 -9999.000 -9999.000 -9999.000 -9999.000 -9999.000 -9999.000 -9999.000 -9999.000
-9999.000 -9999.000 -9999.000 -9999.000 -9999.000 -9999.000 -9999.000 -9999.000 -9999.000 -9999.000 -9999.000 -9999.000 -9999.000 -9999.000 -9999.000 -9999.000 -9999.000 0.7023040E-01 0.7497821E-01 0.8899949E-01 0.9420193E-01 0.1326362 0.1613816 0.1458334 0.1134971 0.7498893E-01 0.3613557E-01 -9999.000 -9999.000 -9999.000 0.6072602E-01 0.1116574 0.1297521 0.1405970 0.2016865 0.2656246 0.2668199 0.2681606 0.3310730 0.4020484 0.4311094 0.4013655 0.3400737 0.3098945 0.3058431 0.2657281 0.2303973 0.1784397 0.1397639 0.1196784 -9999.000 -9999.000 -9999.000 -9999.000 -9999.000 -9999.000 -9999.000 -9999.000 -9999.000 -9999.000
-9999.000 -9999.000 -9999.000 -9999.000 -9999.000 -9999.000 -9999.000 -9999.000 -9999.000 -9999.000 -9999.000 -9999.000 -9999.000 -9999.000 -9999.000 -9999.000 -9999.000 0.6180779E-01 0.1170012 0.7661282E-01 0.4916147E-01 0.8535970E-01 0.1269116 0.1316717 0.1259027 0.1028701 0.5226442E-01 0.2223701E-01 -9999.000 -9999.000 -9999.000 0.6695742E-01 0.8206717E-01 0.9832776E-01 0.1430911 0.1955397 0.2098778 0.2570054 0.3416766 0.3851364 0.3855239 0.3544472 0.3120019 0.2765787 0.2592256 0.1996128 0.1697380 0.1497864 0.1545024 0.1495350 0.1199160 -9999.000 -9999.000 -9999.000 -9999.000 -9999.000 -9999.000 -9999.000 -9999.000 -9999.000
-9999.000 -9999.000 -9999.000 -9999.000 -9999.000 -9999.000 -9999.000 -9999.000 -9999.000 -9999.000 -9999.000 -9999.000 -9999.000 -9999.000 -9999.000 -9999.000 -9999.000 0.7704642E-01 0.1286968 0.6866761E-01 0.4480861E-01 0.8181360E-01 0.1033490 0.9989657E-01 0.1238877 0.1072126 -9999.000 -9999.000 -9999.000 -9999.000 -9999.000 -9999.000 0.4665387E-01 0.9660530E-01 0.1561553 0.1963743 0.2275563 0.2808011 0.3074698 0.3306320 0.3187641 0.2965884 0.2832403 0.2900353 0.2637629 0.2555131 0.2349909 0.1775685 0.1801807 0.2041193 0.1785949 0.9040271E-01 -9999.000 -9999.000 -9999.000 -9999.000 -9999.000 -9999.000 -9999.000 -9999.000
-9999.000 -9999.000 -9999.000 -9999.000 -9999.000 -9999.000 -9999.000 -9999.000 -9999.000 -9999.000 -9999.000 -9999.000 -9999.000 -9999.000 -9999.000 0.2004088E-01 0.7730063E-01 0.1272396 0.8735448E-01 0.5564560E-01 0.8846141E-01 0.1398901 0.1488272 0.1079922 0.1163219 0.9797781E-01 0.4876903E-01 -9999.000 -9999.000 -9999.000 -9999.000 -9999.000 0.2528859E-01 0.8958174E-01 0.1777076 0.2327698 0.2636320 0.2498122 0.2328691 0.2411604 0.2682718 0.2436350 0.2570464 0.3018745 0.2923967 0.3034149 0.2783984 0.2198822 0.2074993 0.2395273 0.2146048 0.1011147 0.4627573E-01 -9999.000 -9999.000 -9999.000 -9999.000 -9999.000 -9999.000 -9999.000
-9999.000 -9999.000 -9999.000 -9999.000 -9999.000 -9999.000 -9999.000 -9999.000 -9999.000 -9999.000 -9999.000 -9999.000 -9999.000 -9999.000 -9999.000 0.1541607E-01 0.6997475E-01 0.1380414 0.1113226 0.8376198E-01 0.1597445 0.2094529 0.1919040 0.1416004 0.1342327 0.1041862 0.3619023E-01 -9999.000 -9999.000 -9999.000 -9999.000 -9999.000 -9999.000 0.7417988E-01 0.1474264 0.1848479 0.2054486 0.2120623 0.2139620 0.2232342 0.2264288 0.2016662 0.2043558 0.2840005 0.3146178 0.3016738 0.2698706 0.2337176 0.2229057 0.2337342 0.2187657 0.1190630 0.5580368E-01 -9999.000 -9999.000 -9999.000 -9999.000 -9999.000 -9999.000 -9999.000
-9999.000 -9999.000 -9999.000 -9999.000 -9999.000 -9999.000 -9999.000 -9999.000 -9999.000 -9999.000 -9999.000 -9999.000 -9999.000 -9999.000 -9999.000 -9999.000 -9999.000 0.8595196E-01 0.9995416E-01 0.1040963 0.1566917 0.1868091 0.1748688 0.1869218 0.1869273 0.1342756 0.5638378E-01 0.2167860E-01 -9999.000 -9999.000 -9999.000 -9999.000 -9999.000 0.5193875E-01 0.8191014E-01 0.8760587E-01 0.1312169 0.1747536 0.2166952 0.2219930 0.2278534 0.2172136 0.2112530 0.2650982 0.2972153 0.2987335 0.2787845 0.2396262 0.2402379 0.2528873 0.2064138 0.1419659 0.1091310 0.4530064E-01 -9999.000 -9999.000 -9999.000 -9999.000 -9999.000 -9999.000
-9999.000 -9999.000 -9999.000 -9999.000 -9999.000 -9999.000 -9999.000 -9999.000 -9999.000 -9999.000 -9999.000 -9999.000 -9999.000 -9999.000 -9999.000 -9999.000 -9999.000 0.3847229E-01 0.6841561E-01 0.8339589E-01 0.1169188 0.1287121 0.1380413 0.1884044 0.2136328 0.1643393 0.9768973E-01 0.4463949E-01 -9999.000 -9999.000 -9999.000 -9999.000 -9999.000 -9999.000 0.7459546E-01 0.9902547E-01 0.1221445 0.1548533 0.1794817 0.1959109 0.2321165 0.2663031 0.2706399 0.2753817 0.2644102 0.2877306 0.2666794 0.2411337 0.2700375 0.2935662 0.2475933 0.2129592 0.1906657 0.1188013 -9999.000 -9999.000 -9999.000 -9999.000 -9999.000 -9999.000
-9999.000 -9999.000 -9999.000 -9999.000 -9999.000 -9999.000 -9999.000 -9999.000 -9999.000 -9999.000 -9999.000 -9999.000 -9999.000 -9999.000 -9999.000 -9999.000 -9999.000 0.4467208E-01 0.8127456E-01 0.5619556E-01 0.5843835E-01 0.9245768E-01 0.1223761 0.1693885 0.2080903 0.1834257 0.1342637 0.7094077E-01 0.3457155E-01 -9999.000 -9999.000 -9999.000 -9999.000 -9999.000 0.6967642E-01 0.1042471 0.1314957 0.1472381 0.1661338 0.1810676 0.2023144 0.2424089 0.2565321 0.2385602 0.2216532 0.2044216 0.1955312 0.2184317 0.2914097 0.3335401 0.3025581 0.2688494 0.2401854 0.2058141 0.1777250 -9999.000 -9999.000 -9999.000 -9999.000 -9999.000
-9999.000 -9999.000 -9999.000 -9999.000 -9999.000 -9999.000 -9999.000 -9999.000 -9999.000 -9999.000 -9999.000 -9999.000 -9999.000 -9999.000 -9999.000 -9999.000 -9999.000 -9999.000 0.4606408E-01 0.3081005E-01 0.3385073E-01 0.1163686 0.1694708 0.1979682 0.1859224 0.1499465 0.1227069 0.8645988E-01 0.4378396E-01 -9999.000 -9999.000 -9999.000 -9999.000 -9999.000 -9999.000 0.5650258E-01 0.9613906E-01 0.1289348 0.1725315 0.1902082 0.2042975 0.2301514 0.2480428 0.1989373 0.1333881 0.9958932E-01 0.1248010 0.2166878 0.3101437 0.3582414 0.3048347 0.2774744 0.2509704 0.2232755 0.1670886 0.8473137E-01 -9999.000 -9999.000 -9999.000 -9999.000
-9999.000 -9999.000 -9999.000 -9999.000 -9999.000 -9999.000 -9999.000 -9999.000 -9999.000 -9999.000 -9999.000 -9999.000 -9999.000 -9999.000 -9999.000 -9999.000 -9999.000 -9999.000 0.1786639E-01 0.2079029E-01 0.4633280E-01 0.1430748 0.2242323 0.2383637 0.1934036 0.1561845 0.1261523 0.1009106 0.5673965E-01 -9999.000 -9999.000 -9999.000 -9999.000 -9999.000 -9999.000 0.3505817E-01 0.7104117E-01 0.1249275 0.1737107 0.2054409 0.2426560 0.2527393 0.2553710 0.2063094 0.1569909 0.1528924 0.1821970 0.2534495 0.2966345 0.2767271 0.2507940 0.2717085 0.2619717 0.2021810 0.1729464 0.1233733 0.4821632E-01 -9999.000 -9999.000 -9999.000
-9999.000 -9999.000 -9999.000 -9999.000 -9999.000 -9999.000 -9999.000 -9999.000 -9999.000 -9999.000 -9999.000 -9999.000 -9999.000 -9999.000 -9999.000 -9999.000 -9999.000 -9999.000 0.1407804E-01 0.3271737E-01 0.6695289E-01 0.1574123 0.2377073 0.2285456 0.1914404 0.1528034 0.1239212 0.1031221 0.7123513E-01 -9999.000 -9999.000 -9999.000 -9999.000 -9999.000 -9999.000 -9999.000 0.4975260E-01 0.1212287 0.1954050 0.2415445 0.2954304 0.3112950 0.2743366 0.2326394 0.2399648 0.3264363 0.3777669 0.3588850 0.3058486 0.2466915 0.2697732 0.3235131 0.3074794 0.2185727 0.1910051 0.1802410 0.1082282 -9999.000 -9999.000 -9999.000
