simulation_files/asc/Depth____000029.asc
NCOLS        79
NROWS        79
XLLCENTER         -1.500000
YLLCENTER         -4.800000
CELLSIZE           0.100
NODATA_VALUE     -9999.0
[rows 0 to 25 of 79, columns 0 to 56 of 79]
-9999.000 -9999.000 -9999.000 -9999.000 -9999.000 -9999.000 -9999.000 -9999.000 -9999.000 -9999.000 -9999.000 -9999.000 -9999.000 -9999.000 -9999.000 0.1802012 0.1802184 0.1800863 0.1798780 0.1796120 0.1793016 0.1789600 0.1786002 0.1782358 0.1778810 0.1775508 0.1772610 0.1770293 0.1768825 0.1771561 0.1771561 -9999.000 -9999.000 -9999.000 -9999.000 -9999.000 -9999.000 -9999.000 -9999.000 -9999.000 -9999.000 -9999.000 -9999.000 -9999.000 -9999.000 -9999.000 -9999.000 -9999.000 -9999.000 -9999.000 -9999.000 -9999.000 -9999.000 -9999.000 -9999.000 -9999.000 -9999.000
-9999.000 -9999.000 -9999.000 -9999.000 -9999.000 -9999.000 -9999.000 -9999.000 -9999.000 -9999.000 -9999.000 -9999.000 -9999.000 -9999.000 -9999.000 0.1822753 0.1823595 0.1822338 0.1820352 0.1817819 0.1814864 0.1811608 0.1808178 0.1804703 0.1801319 0.1798162 0.1795366 0.1793059 0.1791424 0.1793734 0.1793734 -9999.000 -9999.000 -9999.000 -9999.000 -9999.000 -9999.000 -9999.000 -9999.000 -9999.000 -9999.000 -9999.000 -9999.000 -9999.000 -9999.000 -9999.000 -9999.000 -9999.000 -9999.000 -9999.000 -9999.000 -9999.000 -9999.000 -9999.000 -9999.000 -9999.000 -9999.000
-9999.000 -9999.000 -9999.000 -9999.000 -9999.000 -9999.000 -9999.000 -9999.000 -9999.000 -9999.000 -9999.000 -9999.000 -9999.000 -9999.000 -9999.000 0.1845420 0.1846891 0.1845592 0.1843530 0.1840913 0.1837873 0.1834528 0.1831004 0.1827425 0.1823920 0.1820620 0.1817654 0.1815148 0.1813325 0.1816027 0.1816027 -9999.000 -9999.000 -9999.000 -9999.000 -9999.000 -9999.000 -9999.000 -9999.000 -9999.000 -9999.000 -9999.000 -9999.000 -9999.000 -9999.000 -9999.000 -9999.000 -9999.000 -9999.000 -9999.000 -9999.000 -9999.000 -9999.000 -9999.000 -9999.000 -9999.000 -9999.000
-9999.000 -9999.000 -9999.000 -9999.000 -9999.000 -9999.000 -9999.000 -9999.000 -9999.000 -9999.000 -9999.000 -9999.000 -9999.000 -9999.000 -9999.000 0.1868496 0.1870539 0.1869139 0.1866921 0.1864124 0.1860886 0.1857332 0.1853584 0.1849770 0.1846016 0.1842452 0.1839209 0.1836422 0.1834350 0.1837407 0.1837407 -9999.000 -9999.000 -9999.000 -9999.000 -9999.000 -9999.000 -9999.000 -9999.000 -9999.000 -9999.000 -9999.000 -9999.000 -9999.000 -9999.000 -9999.000 -9999.000 -9999.000 -9999.000 -9999.000 -9999.000 -9999.000 -9999.000 -9999.000 -9999.000 -9999.000 -9999.000
-9999.000 -9999.000 -9999.000 -9999.000 -9999.000 -9999.000 -9999.000 -9999.000 -9999.000 -9999.000 -9999.000 -9999.000 -9999.000 -9999.000 -9999.000 0.1891894 0.1894448 0.1892893 0.1890449 0.1887389 0.1883861 0.1879993 0.1875913 0.1871750 0.1867632 0.1863692 0.1860067 0.1856903 0.1854497 0.1857864 0.1857864 -9999.000 -9999.000 -9999.000 -9999.000 -9999.000 -9999.000 -9999.000 -9999.000 -9999.000 -9999.000 -9999.000 -9999.000 -9999.000 -9999.000 -9999.000 -9999.000 -9999.000 -9999.000 -9999.000 -9999.000 -9999.000 -9999.000 -9999.000 -9999.000 -9999.000 -9999.000
-9999.000 -9999.000 -9999.000 -9999.000 -9999.000 -9999.000 -9999.000 -9999.000 -9999.000 -9999.000 -9999.000 -9999.000 -9999.000 -9999.000 -9999.000 0.1915554 0.1918539 0.1916777 0.1914050 0.1910656 0.1906755 0.1902484 0.1897974 0.1893358 0.1888768 0.1884342 0.1880222 0.1876568 0.1873721 0.1877355 0.1877355 -9999.000 -9999.000 -9999.000 -9999.000 -9999.000 -9999.000 -9999.000 -9999.000 -9999.000 -9999.000 -9999.000 -9999.000 -9999.000 -9999.000 -9999.000 -9999.000 -9999.000 -9999.000 -9999.000 -9999.000 -9999.000 -9999.000 -9999.000 -9999.000 -9999.000 -9999.000
-9999.000 -9999.000 -9999.000 -9999.000 -9999.000 -9999.000 -9999.000 -9999.000 -9999.000 -9999.000 -9999.000 -9999.000 -9999.000 -9999.000 -9999.000 0.1939434 0.1942748 0.1940728 0.1937665 0.1933877 0.1929533 0.1924774 0.1919741 0.1914568 0.1909395 0.1904362 0.1899621 0.1895345 0.1891921 0.1895771 0.1895771 -9999.000 -9999.000 -9999.000 -9999.000 -9999.000 -9999.000 -9999.000 -9999.000 -9999.000 -9999.000 -9999.000 -9999.000 -9999.000 -9999.000 -9999.000 -9999.000 -9999.000 -9999.000 -9999.000 -9999.000 -9999.000 -9999.000 -9999.000 -9999.000 -9999.000 -9999.000
-9999.000 -9999.000 -9999.000 -9999.000 -9999.000 -9999.000 -9999.000 -9999.000 -9999.000 -9999.000 -9999.000 -9999.000 -9999.000 -9999.000 -9999.000 0.1963504 0.1967010 0.1964677 0.1961236 0.1957004 0.1952152 0.1946827 0.1941175 0.1935336 0.1929454 0.1923675 0.1918157 0.1913089 0.1908906 0.1912907 0.1912907 -9999.000 -9999.000 -9999.000 -9999.000 -9999.000 -9999.000 -9999.000 -9999.000 -9999.000 -9999.000 -9999.000 -9999.000 -9999.000 -9999.000 -9999.000 -9999.000 -9999.000 -9999.000 -9999.000 -9999.000 -9999.000 -9999.000 -9999.000 -9999.000 -9999.000 -9999.000
-9999.000 -9999.000 -9999.000 -9999.000 -9999.000 -9999.000 -9999.000 -9999.000 -9999.000 -9999.000 -9999.000 -9999.000 -9999.000 -9999.000 -9999.000 0.1987714 0.1991244 0.1988541 0.1984688 0.1979972 0.1974556 0.1968590 0.1962220 0.1955593 0.1948855 0.1942155 0.1935659 0.1929571 0.1924372 0.1928412 0.1928412 -9999.000 -9999.000 -9999.000 -9999.000 -9999.000 -9999.000 -9999.000 -9999.000 -9999.000 -9999.000 -9999.000 -9999.000 -9999.000 -9999.000 -9999.000 -9999.000 -9999.000 -9999.000 -9999.000 -9999.000 -9999.000 -9999.000 -9999.000 -9999.000 -9999.000 -9999.000
-9999.000 -9999.000 -9999.000 -9999.000 -9999.000 -9999.000 -9999.000 -9999.000 -9999.000 -9999.000 -9999.000 -9999.000 -9999.000 -9999.000 -9999.000 0.2011982 0.2015342 0.2012208 0.2007916 0.2002684 0.1996658 0.1989979 0.1982791 0.1975238 0.1967464 0.1959621 0.1951873 0.1944436 0.1937835 0.1941703 0.1941703 -9999.000 -9999.000 -9999.000 -9999.000 -9999.000 -9999.000 -9999.000 -9999.000 -9999.000 -9999.000 -9999.000 -9999.000 -9999.000 -9999.000 -9999.000 -9999.000 -9999.000 -9999.000 -9999.000 -9999.000 -9999.000 -9999.000 -9999.000 -9999.000 -9999.000 -9999.000
-9999.000 -9999.000 -9999.000 -9999.000 -9999.000 -9999.000 -9999.000 -9999.000 -9999.000 -9999.000 -9999.000 -9999.000 -9999.000 -9999.000 -9999.000 0.2036167 0.2039159 0.2035534 0.2030780 0.2025008 0.2018330 0.2010870 0.2002756 0.1994120 0.1985092 0.1975809 0.1966424 0.1957148 0.1948532 0.1951801 0.1951801 -9999.000 -9999.000 -9999.000 -9999.000 -9999.000 -9999.000 -9999.000 -9999.000 -9999.000 -9999.000 -9999.000 -9999.000 -9999.000 -9999.000 -9999.000 -9999.000 -9999.000 -9999.000 -9999.000 -9999.000 -9999.000 -9999.000 -9999.000 -9999.000 -9999.000 -9999.000
-9999.000 -9999.000 -9999.000 -9999.000 -9999.000 -9999.000 -9999.000 -9999.000 -9999.000 -9999.000 -9999.000 -9999.000 -9999.000 -9999.000 -9999.000 0.2060058 0.2062513 0.2058340 0.2053107 0.2046770 0.2039398 0.2031083 0.2021924 0.2012018 0.2001459 0.1990337 0.1978756 0.1966875 0.1955217 0.1956961 0.1956961 -9999.000 -9999.000 -9999.000 -9999.000 -9999.000 -9999.000 -9999.000 -9999.000 -9999.000 -9999.000 -9999.000 -9999.000 -9999.000 -9999.000 -9999.000 -9999.000 -9999.000 -9999.000 -9999.000 -9999.000 -9999.000 -9999.000 -9999.000 -9999.000 -9999.000 -9999.000
-9999.000 -9999.000 -9999.000 -9999.000 -9999.000 -9999.000 -9999.000 -9999.000 -9999.000 -9999.000 -9999.000 -9999.000 -9999.000 -9999.000 -9999.000 0.2083341 0.2085166 0.2080412 0.2074686 0.2067757 0.2059637 0.2050378 0.2040028 0.2028621 0.2016165 0.2002645 0.1988021 0.1972276 0.1955721 0.1953740 0.1953740 -9999.000 -9999.000 -9999.000 -9999.000 -9999.000 -9999.000 -9999.000 -9999.000 -9999.000 -9999.000 -9999.000 -9999.000 -9999.000 -9999.000 -9999.000 -9999.000 -9999.000 -9999.000 -9999.000 -9999.000 -9999.000 -9999.000 -9999.000 -9999.000 -9999.000 -9999.000
-9999.000 -9999.000 -9999.000 -9999.000 -9999.000 -9999.000 -9999.000 -9999.000 -9999.000 -9999.000 -9999.000 -9999.000 -9999.000 -9999.000 -9999.000 0.2105511 0.2106788 0.2101484 0.2095269 0.2087721 0.2078786 0.2068463 0.2056728 0.2043504 0.2028642 0.2011893 0.1992874 0.1971040 0.1945879 0.1934175 0.1934175 -9999.000 -9999.000 -9999.000 -9999.000 -9999.000 -9999.000 -9999.000 -9999.000 -9999.000 -9999.000 -9999.000 -9999.000 -9999.000 -9999.000 -9999.000 -9999.000 -9999.000 -9999.000 -9999.000 -9999.000 -9999.000 -9999.000 -9999.000 -9999.000 -9999.000 -9999.000
-9999.000 -9999.000 -9999.000 -9999.000 -9999.000 -9999.000 -9999.000 -9999.000 -9999.000 -9999.000 -9999.000 -9999.000 -9999.000 -9999.000 -9999.000 0.2121411 0.2126041 0.2121345 0.2115178 0.2107176 0.2097347 0.2085710 0.2072194 0.2056588 0.2038484 0.2017182 0.1991500 0.1959391 0.1917127 0.1872107 0.1872107 -9999.000 -9999.000 -9999.000 -9999.000 -9999.000 -9999.000 -9999.000 -9999.000 -9999.000 -9999.000 -9999.000 -9999.000 -9999.000 -9999.000 -9999.000 -9999.000 -9999.000 -9999.000 -9999.000 -9999.000 -9999.000 -9999.000 -9999.000 -9999.000 -9999.000 -9999.000
0.1715125 0.1715125 0.1811996 0.1847394 0.1865725 0.1865725 0.1884703 0.1925527 0.1925527 0.1972440 0.1972440 0.2029660 0.2064311 0.2104600 0.2151449 0.2151449 0.2195611 0.2186282 0.2173399 0.2157113 0.2138147 0.2117150 0.2094368 0.2069456 0.2041260 0.2007356 0.1962830 0.1896759 0.1780148 0.1485135 0.1485135 0.5697673E-01 0.3446173E-01 0.2438381E-01 0.2505360E-01 0.2505360E-01 0.3291462E-01 0.3291462E-01 0.6229370E-01 0.6229370E-01 0.9851602E-01 0.1094292 0.1094292 0.1117956 0.1117956 0.1142606 0.1142606 0.1142606 0.1129764 0.1129764 0.1112622 0.1112622 0.1092858 0.1092858 0.1077128 0.1077128 0.1043404
0.1705634 0.1705634 0.1809574 0.1844979 0.1863364 0.1863364 0.1882421 0.1923490 0.1923490 0.1970627 0.1970627 0.2026630 0.2058461 0.2092403 0.2127002 0.2127002 0.2154461 0.2152006 0.2146499 0.2137440 0.2124473 0.2107379 0.2085971 0.2059883 0.2028222 0.1989024 0.1938296 0.1867930 0.1759710 0.1552336 0.1552336 0.9395792E-01 0.7242291E-01 0.5483321E-01 0.5054483E-01 0.5054483E-01 0.4820102E-01 0.4820102E-01 0.5851351E-01 0.5851351E-01 0.8230834E-01 0.1100640 0.1100640 0.1123419 0.1123419 0.1141787 0.1141787 0.1141787 0.1127597 0.1127597 0.1110490 0.1110490 0.1090572 0.1090572 0.1081378 0.1081378 0.1041872
0.1699447 0.1699447 0.1809322 0.1844212 0.1862284 0.1862284 0.1880930 0.1920641 0.1920641 0.1965053 0.1965053 0.2015577 0.2043047 0.2071327 0.2099179 0.2099179 0.2118498 0.2115696 0.2110434 0.2102558 0.2091604 0.2076951 0.2057861 0.2033424 0.2002391 0.1962810 0.1911317 0.1841623 0.1740393 0.1568359 0.1568359 0.1086975 0.8816820E-01 0.6939753E-01 0.6434909E-01 0.6434909E-01 0.6066230E-01 0.6066230E-01 0.6571114E-01 0.6571114E-01 0.7812599E-01 0.1085294 0.1085294 0.1134305 0.1134305 0.1143399 0.1143399 0.1143399 0.1125759 0.1125759 0.1108276 0.1108276 0.1088561 0.1088561 0.1073878 0.1073878 0.1043573
0.1693516 0.1693516 0.1808885 0.1843188 0.1860850 0.1860850 0.1878958 0.1916963 0.1916963 0.1958254 0.1958254 0.2003323 0.2026921 0.2050575 0.2073326 0.2073326 0.2085073 0.2080696 0.2074129 0.2065404 0.2054151 0.2039735 0.2021306 0.1997785 0.1967767 0.1929284 0.1879317 0.1812680 0.1718956 0.1569486 0.1569486 0.1184848 0.9958169E-01 0.8158149E-01 0.7684172E-01 0.7684172E-01 0.7390796E-01 0.7390796E-01 0.7682697E-01 0.7682697E-01 0.8231774E-01 0.1041399 0.1041399 0.1131689 0.1131689 0.1139826 0.1139826 0.1139826 0.1121918 0.1121918 0.1103732 0.1103732 0.1084122 0.1084122 0.1068066 0.1068066 0.1042308
0.1687849 0.1687849 0.1808294 0.1841892 0.1859056 0.1859056 0.1876517 0.1912545 0.1912545 0.1950438 0.1950438 0.1990036 0.2009996 0.2029480 0.2047776 0.2047776 0.2051878 0.2045400 0.2037122 0.2027047 0.2014825 0.1999840 0.1981259 0.1958014 0.1928741 0.1891603 0.1843927 0.1781354 0.1695468 0.1563912 0.1563912 0.1252290 0.1081799 0.9251009E-01 0.8900373E-01 0.8900373E-01 0.8766925E-01 0.8766925E-01 0.8871194E-01 0.8871194E-01 0.9024006E-01 0.1012232 0.1012232 0.1109371 0.1109371 0.1130789 0.1130789 0.1130789 0.1114679 0.1114679 0.1096453 0.1096453 0.1077182 0.1077182 0.1060492 0.1060492 0.1038267
0.1682543 0.1682543 0.1807606 0.1840398 0.1857001 0.1857001 0.1873746 0.1907631 0.1907631 0.1941966 0.1941966 0.1976047 0.1992417 0.2007821 0.2021750 0.2021750 0.2017457 0.2008424 0.1998243 0.1986745 0.1973489 0.1957835 0.1938968 0.1915892 0.1887368 0.1851788 0.1806880 0.1749030 0.1671391 0.1555891 0.1555891 0.1302383 0.1153587 0.1035679 0.1018112 0.1018112 0.1013484 0.1013484 0.9972084E-01 0.9972084E-01 0.9874833E-01 0.1014298 0.1014298 0.1080486 0.1080486 0.1114399 0.1114399 0.1114399 0.1102832 0.1102832 0.1086093 0.1086093 0.1067813 0.1067813 0.1051280 0.1051280 0.1031978
0.1677738 0.1677738 0.1806870 0.1838782 0.1854791 0.1854791 0.1870786 0.1902460 0.1902460 0.1933185 0.1933185 0.1961696 0.1974408 0.1985566 0.1994784 0.1994784 0.1980554 0.1968479 0.1956242 0.1943380 0.1929258 0.1913141 0.1894209 0.1871543 0.1844082 0.1810521 0.1769067 0.1716874 0.1648472 0.1549114 0.1549114 0.1345890 0.1224237 0.1157215 0.1153881 0.1153881 0.1138845 0.1138845 0.1091526 0.1091526 0.1065094 0.1039935 0.1039935 0.1061892 0.1061892 0.1092713 0.1092713 0.1092713 0.1086100 0.1086100 0.1072229 0.1072229 0.1055864 0.1055864 0.1040396 0.1040396 0.1023827
0.1673602 0.1673602 0.1806127 0.1837120 0.1852531 0.1852531 0.1867774 0.1897257 0.1897257 0.1924412 0.1924412 0.1947334 0.1956249 0.1962800 0.1966553 0.1966553 0.1939746 0.1924102 0.1909700 0.1895627 0.1880939 0.1864731 0.1846140 0.1824333 0.1798480 0.1767697 0.1730833 0.1685952 0.1628959 0.1548108 0.1548108 0.1394013 0.1307004 0.1289247 0.1288074 0.1288074 0.1244379 0.1244379 0.1169517 0.1169517 0.1132058 0.1076271 0.1076271 0.1059789 0.1059789 0.1071098 0.1071098 0.1071098 0.1066149 0.1066149 0.1055102 0.1055102 0.1041311 0.1041311 0.1027791 0.1027791 0.1014105
0.1670319 0.1670319 0.1805409 0.1835487 0.1850317 0.1850317 0.1864838 0.1892224 0.1892224 0.1915946 0.1915946 0.1933336 0.1938304 0.1939758 0.1936861 0.1936861 0.1893148 0.1873411 0.1856853 0.1841872 0.1827073 0.1811291 0.1793591 0.1773240 0.1749744 0.1722879 0.1692491 0.1657903 0.1616482 0.1558742 0.1558742 0.1459100 0.1412408 0.1419594 0.1407638 0.1407638 0.1328537 0.1328537 0.1233388 0.1233388 0.1188644 0.1114495 0.1114495 0.1070668 0.1070668 0.1054536 0.1054536 0.1054536 0.1046064 0.1046064 0.1035999 0.1035999 0.1024621 0.1024621 0.1013616 0.1013616 0.1003106
0.1668081 0.1668081 0.1804740 0.1833950 0.1848240 0.1848240 0.1862094 0.1887545 0.1887545 0.1908068 0.1908068 0.1920115 0.1921047 0.1916891 0.1905752 0.1905752 0.1838069 0.1813820 0.1795360 0.1780039 0.1765824 0.1751186 0.1735085 0.1716935 0.1696790 0.1675587 0.1654912 0.1635963 0.1617416 0.1590906 0.1590906 0.1546355 0.1539731 0.1534161 0.1509334 0.1509334 0.1394604 0.1394604 0.1285136 0.1285136 0.1235399 0.1149795 0.1149795 0.1088101 0.1088101 0.1044995 0.1044995 0.1044995 0.1028775 0.1028775 0.1016941 0.1016941 0.1006897 0.1006897 0.9984211E-01 0.9984211E-01 0.9912735E-01
0.1667078 0.1667078 0.1804134 0.1832569 0.1846382 0.1846382 0.1859647 0.1883384 0.1883384 0.1901035 0.1901035 0.1908109 0.1905065 0.1894944 0.1873770 0.1873770 0.1770468 0.1741622 0.1721968 0.1707321 0.1694781 0.1682308 0.1668736 0.1653717 0.1638258 0.1625549 0.1620343 0.1626097 0.1640814 0.1654381 0.1654381 0.1661932 0.1669919 0.1626767 0.1581411 0.1581411 0.1447743 0.1447743 0.1326407 0.1326407 0.1273118 0.1180188 0.1180188 0.1107148 0.1107148 0.1041759 0.1041759 0.1041759 0.1015954 0.1015954 0.9999735E-01 0.9999735E-01 0.9897155E-01 0.9897155E-01 0.9832144E-01 0.9832144E-01 0.9793115E-01
