simulation_files/asc/Depth____000095.asc
NCOLS        79
NROWS        79
XLLCENTER         -1.500000
YLLCENTER         -4.800000
CELLSIZE           0.100
NODATA_VALUE     -9999.0
[rows 0 to 25 of 79, columns 0 to 57 of 79]
-9999.000 -9999.000 -9999.000 -9999.000 -9999.000 -9999.000 -9999.000 -9999.000 -9999.000 -9999.000 -9999.000 -9999.000 -9999.000 -9999.000 -9999.000 0.3451286 0.3452816 0.3452251 0.3451228 0.3449893 0.3448299 0.3446471 0.3444418 0.3442129 0.3439580 0.3436738 0.3433566 0.3430025 0.3426235 0.3428580 0.3428580 -9999.000 -9999.000 -9999.000 -9999.000 -9999.000 -9999.000 -9999.000 -9999.000 -9999.000 -9999.000 -9999.000 -9999.000 -9999.000 -9999.000 -9999.000 -9999.000 -9999.000 -9999.000 -9999.000 -9999.000 -9999.000 -9999.000 -9999.000 -9999.000 -9999.000 -9999.000 -9999.000
-9999.000 -9999.000 -9999.000 -9999.000 -9999.000 -9999.000 -9999.000 -9999.000 -9999.000 -9999.000 -9999.000 -9999.000 -9999.000 -9999.000 -9999.000 0.3470061 0.3471691 0.3471122 0.3470166 0.3468946 0.3467506 0.3465869 0.3464051 0.3462052 0.3459860 0.3457453 0.3454788 0.3451791 0.3448473 0.3450857 0.3450857 -9999.000 -9999.000 -9999.000 -9999.000 -9999.000 -9999.000 -9999.000 -9999.000 -9999.000 -9999.000 -9999.000 -9999.000 -9999.000 -9999.000 -9999.000 -9999.000 -9999.000 -9999.000 -9999.000 -9999.000 -9999.000 -9999.000 -9999.000 -9999.000 -9999.000 -9999.000 -9999.000
-9999.000 -9999.000 -9999.000 -9999.000 -9999.000 -9999.000 -9999.000 -9999.000 -9999.000 -9999.000 -9999.000 -9999.000 -9999.000 -9999.000 -9999.000 0.3489802 0.3491787 0.3491237 0.3490303 0.3489120 0.3487736 0.3486175 0.3484443 0.3482533 0.3480420 0.3478058 0.3475378 0.3472274 0.3468729 0.3471337 0.3471337 -9999.000 -9999.000 -9999.000 -9999.000 -9999.000 -9999.000 -9999.000 -9999.000 -9999.000 -9999.000 -9999.000 -9999.000 -9999.000 -9999.000 -9999.000 -9999.000 -9999.000 -9999.000 -9999.000 -9999.000 -9999.000 -9999.000 -9999.000 -9999.000 -9999.000 -9999.000 -9999.000
-9999.000 -9999.000 -9999.000 -9999.000 -9999.000 -9999.000 -9999.000 -9999.000 -9999.000 -9999.000 -9999.000 -9999.000 -9999.000 -9999.000 -9999.000 0.3509880 0.3512152 0.3511605 0.3510672 0.3509499 0.3508130 0.3506588 0.3504875 0.3502974 0.3500844 0.3498425 0.3495624 0.3492305 0.3488420 0.3491106 0.3491106 -9999.000 -9999.000 -9999.000 -9999.000 -9999.000 -9999.000 -9999.000 -9999.000 -9999.000 -9999.000 -9999.000 -9999.000 -9999.000 -9999.000 -9999.000 -9999.000 -9999.000 -9999.000 -9999.000 -9999.000 -9999.000 -9999.000 -9999.000 -9999.000 -9999.000 -9999.000 -9999.000
-9999.000 -9999.000 -9999.000 -9999.000 -9999.000 -9999.000 -9999.000 -9999.000 -9999.000 -9999.000 -9999.000 -9999.000 -9999.000 -9999.000 -9999.000 0.3530204 0.3532703 0.3532140 0.3531188 0.3529994 0.3528605 0.3527040 0.3525295 0.3523344 0.3521132 0.3518583 0.3515579 0.3511954 0.3507613 0.3510260 0.3510260 -9999.000 -9999.000 -9999.000 -9999.000 -9999.000 -9999.000 -9999.000 -9999.000 -9999.000 -9999.000 -9999.000 -9999.000 -9999.000 -9999.000 -9999.000 -9999.000 -9999.000 -9999.000 -9999.000 -9999.000 -9999.000 -9999.000 -9999.000 -9999.000 -9999.000 -9999.000 -9999.000
-9999.000 -9999.000 -9999.000 -9999.000 -9999.000 -9999.000 -9999.000 -9999.000 -9999.000 -9999.000 -9999.000 -9999.000 -9999.000 -9999.000 -9999.000 0.3550695 0.3553372 0.3552776 0.3551786 0.3550548 0.3549111 0.3547489 0.3545674 0.3543627 0.3541282 0.3538541 0.3535261 0.3531236 0.3526310 0.3528798 0.3528798 -9999.000 -9999.000 -9999.000 -9999.000 -9999.000 -9999.000 -9999.000 -9999.000 -9999.000 -9999.000 -9999.000 -9999.000 -9999.000 -9999.000 -9999.000 -9999.000 -9999.000 -9999.000 -9999.000 -9999.000 -9999.000 -9999.000 -9999.000 -9999.000 -9999.000 -9999.000 -9999.000
-9999.000 -9999.000 -9999.000 -9999.000 -9999.000 -9999.000 -9999.000 -9999.000 -9999.000 -9999.000 -9999.000 -9999.000 -9999.000 -9999.000 -9999.000 0.3571293 0.3574107 0.3573461 0.3572418 0.3571119 0.3569610 0.3567906 0.3565988 0.3563809 0.3561284 0.3558293 0.3554660 0.3550130 0.3544459 0.3546635 0.3546635 -9999.000 -9999.000 -9999.000 -9999.000 -9999.000 -9999.000 -9999.000 -9999.000 -9999.000 -9999.000 -9999.000 -9999.000 -9999.000 -9999.000 -9999.000 -9999.000 -9999.000 -9999.000 -9999.000 -9999.000 -9999.000 -9999.000 -9999.000 -9999.000 -9999.000 -9999.000 -9999.000
-9999.000 -9999.000 -9999.000 -9999.000 -9999.000 -9999.000 -9999.000 -9999.000 -9999.000 -9999.000 -9999.000 -9999.000 -9999.000 -9999.000 -9999.000 0.3591949 0.3594865 0.3594155 0.3593048 0.3591672 0.3590074 0.3588263 0.3586216 0.3583868 0.3581117 0.3577813 0.3573740 0.3568576 0.3561954 0.3563599 0.3563599 -9999.000 -9999.000 -9999.000 -9999.000 -9999.000 -9999.000 -9999.000 -9999.000 -9999.000 -9999.000 -9999.000 -9999.000 -9999.000 -9999.000 -9999.000 -9999.000 -9999.000 -9999.000 -9999.000 -9999.000 -9999.000 -9999.000 -9999.000 -9999.000 -9999.000 -9999.000 -9999.000
-9999.000 -9999.000 -9999.000 -9999.000 -9999.000 -9999.000 -9999.000 -9999.000 -9999.000 -9999.000 -9999.000 -9999.000 -9999.000 -9999.000 -9999.000 0.3612615 0.3615603 0.3614817 0.3613636 0.3612173 0.3610470 0.3608533 0.3606327 0.3603774 0.3600745 0.3597055 0.3592435 0.3586471 0.3578621 0.3579393 0.3579393 -9999.000 -9999.000 -9999.000 -9999.000 -9999.000 -9999.000 -9999.000 -9999.000 -9999.000 -9999.000 -9999.000 -9999.000 -9999.000 -9999.000 -9999.000 -9999.000 -9999.000 -9999.000 -9999.000 -9999.000 -9999.000 -9999.000 -9999.000 -9999.000 -9999.000 -9999.000 -9999.000
-9999.000 -9999.000 -9999.000 -9999.000 -9999.000 -9999.000 -9999.000 -9999.000 -9999.000 -9999.000 -9999.000 -9999.000 -9999.000 -9999.000 -9999.000 0.3633237 0.3636272 0.3635398 0.3634140 0.3632582 0.3630763 0.3628680 0.3626287 0.3623485 0.3620116 0.3615947 0.3610639 0.3603656 0.3594196 0.3593530 0.3593530 -9999.000 -9999.000 -9999.000 -9999.000 -9999.000 -9999.000 -9999.000 -9999.000 -9999.000 -9999.000 -9999.000 -9999.000 -9999.000 -9999.000 -9999.000 -9999.000 -9999.000 -9999.000 -9999.000 -9999.000 -9999.000 -9999.000 -9999.000 -9999.000 -9999.000 -9999.000 -9999.000
-9999.000 -9999.000 -9999.000 -9999.000 -9999.000 -9999.000 -9999.000 -9999.000 -9999.000 -9999.000 -9999.000 -9999.000 -9999.000 -9999.000 -9999.000 0.3653744 0.3656812 0.3655838 0.3654498 0.3652841 0.3650896 0.3648649 0.3646038 0.3642935 0.3639146 0.3634378 0.3628193 0.3619885 0.3608264 0.3605185 0.3605185 -9999.000 -9999.000 -9999.000 -9999.000 -9999.000 -9999.000 -9999.000 -9999.000 -9999.000 -9999.000 -9999.000 -9999.000 -9999.000 -9999.000 -9999.000 -9999.000 -9999.000 -9999.000 -9999.000 -9999.000 -9999.000 -9999.000 -9999.000 -9999.000 -9999.000 -9999.000 -9999.000
-9999.000 -9999.000 -9999.000 -9999.000 -9999.000 -9999.000 -9999.000 -9999.000 -9999.000 -9999.000 -9999.000 -9999.000 -9999.000 -9999.000 -9999.000 0.3674047 0.3677143 0.3676055 0.3674627 0.3672864 0.3670783 0.3668353 0.3665485 0.3662020 0.3657706 0.3652172 0.3644844 0.3634767 0.3620165 0.3612884 0.3612884 -9999.000 -9999.000 -9999.000 -9999.000 -9999.000 -9999.000 -9999.000 -9999.000 -9999.000 -9999.000 -9999.000 -9999.000 -9999.000 -9999.000 -9999.000 -9999.000 -9999.000 -9999.000 -9999.000 -9999.000 -9999.000 -9999.000 -9999.000 -9999.000 -9999.000 -9999.000 -9999.000
-9999.000 -9999.000 -9999.000 -9999.000 -9999.000 -9999.000 -9999.000 -9999.000 -9999.000 -9999.000 -9999.000 -9999.000 -9999.000 -9999.000 -9999.000 0.3694019 0.3697157 0.3695940 0.3694411 0.3692527 0.3690290 0.3687647 0.3684473 0.3680556 0.3675570 0.3669030 0.3660167 0.3647648 0.3628780 0.3613766 0.3613766 -9999.000 -9999.000 -9999.000 -9999.000 -9999.000 -9999.000 -9999.000 -9999.000 -9999.000 -9999.000 -9999.000 -9999.000 -9999.000 -9999.000 -9999.000 -9999.000 -9999.000 -9999.000 -9999.000 -9999.000 -9999.000 -9999.000 -9999.000 -9999.000 -9999.000 -9999.000 -9999.000
-9999.000 -9999.000 -9999.000 -9999.000 -9999.000 -9999.000 -9999.000 -9999.000 -9999.000 -9999.000 -9999.000 -9999.000 -9999.000 -9999.000 -9999.000 0.3713344 0.3716617 0.3715276 0.3713648 0.3711633 0.3709214 0.3706312 0.3702751 0.3698244 0.3692355 0.3684423 0.3673386 0.3657314 0.3632017 0.3601643 0.3601643 -9999.000 -9999.000 -9999.000 -9999.000 -9999.000 -9999.000 -9999.000 -9999.000 -9999.000 -9999.000 -9999.000 -9999.000 -9999.000 -9999.000 -9999.000 -9999.000 -9999.000 -9999.000 -9999.000 -9999.000 -9999.000 -9999.000 -9999.000 -9999.000 -9999.000 -9999.000 -9999.000
-9999.000 -9999.000 -9999.000 -9999.000 -9999.000 -9999.000 -9999.000 -9999.000 -9999.000 -9999.000 -9999.000 -9999.000 -9999.000 -9999.000 -9999.000 0.3719613 0.3730518 0.3731616 0.3731628 0.3730640 0.3728783 0.3726063 0.3722320 0.3717203 0.3710128 0.3700180 0.3685814 0.3664054 0.3627779 0.3558035 0.3558035 -9999.000 -9999.000 -9999.000 -9999.000 -9999.000 -9999.000 -9999.000 -9999.000 -9999.000 -9999.000 -9999.000 -9999.000 -9999.000 -9999.000 -9999.000 -9999.000 -9999.000 -9999.000 -9999.000 -9999.000 -9999.000 -9999.000 -9999.000 -9999.000 -9999.000 -9999.000 -9999.000
0.3478053 0.3478053 0.3392024 0.3279566 0.3252114 0.3252114 0.3229567 0.3192250 0.3192250 0.3161427 0.3161427 0.3135056 0.3123007 0.3111532 0.3352438 0.3352438 0.3806172 0.3811074 0.3816872 0.3822666 0.3827225 0.3829060 0.3826396 0.3817179 0.3799031 0.3768914 0.3721823 0.3646759 0.3512654 0.3162902 0.3162902 0.1715157 0.1486827 0.1493114 0.1548827 0.1548827 0.1693806 0.1693806 0.2053928 0.2053928 0.2422148 0.2676636 0.2676636 0.2715505 0.2715505 0.2705564 0.2705564 0.2705564 0.2652031 0.2652031 0.2596682 0.2596682 0.2549041 0.2549041 0.2486631 0.2486631 0.2446875 0.2446875
0.3471194 0.3471194 0.3374647 0.3274814 0.3247220 0.3247220 0.3224583 0.3187239 0.3187239 0.3156475 0.3156475 0.3130195 0.3118199 0.3106779 0.3240062 0.3240062 0.3744255 0.3740981 0.3739415 0.3741542 0.3746511 0.3752745 0.3758100 0.3759815 0.3754297 0.3736686 0.3699901 0.3632328 0.3510296 0.3256594 0.3256594 0.2220429 0.1893734 0.1669635 0.1644059 0.1644059 0.1704657 0.1704657 0.1958503 0.1958503 0.2275253 0.2688152 0.2688152 0.2723787 0.2723787 0.2704237 0.2704237 0.2704237 0.2649202 0.2649202 0.2593409 0.2593409 0.2552145 0.2552145 0.2483546 0.2483546 0.2443874 0.2443874
0.3467367 0.3467367 0.3366662 0.3275011 0.3247412 0.3247412 0.3224658 0.3187116 0.3187116 0.3156258 0.3156258 0.3129947 0.3117946 0.3106523 0.3189349 0.3189349 0.3702663 0.3689217 0.3675745 0.3668086 0.3665676 0.3666961 0.3669730 0.3671040 0.3667077 0.3652898 0.3621806 0.3563541 0.3458636 0.3250219 0.3250219 0.2472364 0.2138204 0.1829215 0.1766417 0.1766417 0.1778108 0.1778108 0.1964789 0.1964789 0.2189476 0.2656825 0.2656825 0.2743860 0.2743860 0.2710691 0.2710691 0.2710691 0.2651342 0.2651342 0.2593943 0.2593943 0.2546388 0.2546388 0.2487281 0.2487281 0.2445697 0.2445697
0.3464307 0.3464307 0.3360593 0.3275116 0.3247727 0.3247727 0.3224917 0.3187172 0.3187172 0.3156221 0.3156221 0.3129907 0.3117919 0.3106509 0.3156234 0.3156234 0.3660336 0.3641716 0.3617119 0.3599848 0.3589620 0.3584791 0.3583115 0.3581630 0.3576480 0.3562768 0.3534320 0.3482463 0.3392171 0.3217177 0.3217177 0.2617391 0.2316524 0.1995695 0.1923928 0.1923928 0.1916370 0.1916370 0.2044973 0.2044973 0.2185461 0.2582977 0.2582977 0.2739831 0.2739831 0.2710047 0.2710047 0.2710047 0.2649723 0.2649723 0.2590682 0.2590682 0.2540912 0.2540912 0.2486812 0.2486812 0.2445329 0.2445329
0.3461970 0.3461970 0.3356130 0.3275088 0.3248009 0.3248009 0.3225188 0.3187244 0.3187244 0.3156190 0.3156190 0.3129871 0.3117895 0.3106497 0.3134492 0.3134492 0.3604242 0.3590239 0.3555550 0.3529116 0.3511489 0.3500899 0.3495008 0.3490824 0.3484465 0.3471050 0.3444880 0.3398600 0.3321189 0.3174092 0.3174092 0.2705312 0.2449603 0.2166166 0.2108367 0.2108367 0.2105151 0.2105151 0.2177129 0.2177129 0.2246725 0.2507673 0.2507673 0.2697391 0.2697391 0.2698972 0.2698972 0.2698972 0.2641947 0.2641947 0.2583152 0.2583152 0.2532688 0.2532688 0.2483101 0.2483101 0.2443861 0.2443861
0.3460327 0.3460327 0.3353079 0.3274996 0.3248224 0.3248224 0.3225421 0.3187312 0.3187312 0.3156165 0.3156165 0.3129840 0.3117873 0.3106486 0.3120392 0.3120392 0.3520631 0.3530526 0.3487611 0.3452219 0.3427279 0.3411078 0.3401270 0.3394900 0.3388085 0.3375672 0.3352261 0.3311282 0.3243888 0.3123003 0.3123003 0.2770335 0.2561569 0.2352835 0.2321595 0.2321595 0.2320986 0.2320986 0.2329509 0.2329509 0.2343256 0.2463764 0.2463764 0.2627738 0.2627738 0.2671599 0.2671599 0.2671599 0.2625429 0.2625429 0.2570842 0.2570842 0.2522117 0.2522117 0.2477451 0.2477451 0.2442130 0.2442130
0.3459351 0.3459351 0.3351300 0.3274908 0.3248356 0.3248356 0.3225576 0.3187361 0.3187361 0.3156150 0.3156150 0.3129819 0.3117858 0.3106478 0.3111338 0.3111338 0.3419468 0.3455830 0.3410327 0.3367270 0.3334931 0.3312895 0.3299198 0.3290923 0.3284070 0.3273450 0.3253481 0.3218059 0.3162375 0.3074167 0.3074167 0.2825662 0.2677894 0.2568841 0.2559558 0.2559558 0.2535415 0.2535415 0.2476363 0.2476363 0.2448619 0.2458675 0.2458675 0.2557334 0.2557334 0.2627236 0.2627236 0.2627236 0.2598078 0.2598078 0.2552657 0.2552657 0.2509082 0.2509082 0.2470571 0.2470571 0.2440613 0.2440613
0.3459028 0.3459028 0.3350717 0.3274873 0.3248400 0.3248400 0.3225631 0.3187379 0.3187379 0.3156144 0.3156144 0.3129811 0.3117853 0.3106475 0.3105567 0.3105567 0.3313092 0.3359597 0.3319817 0.3271284 0.3231980 0.3204141 0.3186572 0.3176574 0.3170150 0.3162030 0.3146409 0.3117763 0.3077469 0.3034444 0.3034444 0.2895181 0.2828240 0.2811408 0.2801739 0.2801739 0.2724368 0.2724368 0.2604814 0.2604814 0.2548105 0.2482311 0.2482311 0.2506863 0.2506863 0.2571808 0.2571808 0.2571808 0.2560061 0.2560061 0.2527806 0.2527806 0.2493156 0.2493156 0.2462707 0.2462707 0.2439560 0.2439560
0.3459351 0.3459351 0.3351301 0.3274908 0.3248355 0.3248355 0.3225576 0.3187361 0.3187361 0.3156149 0.3156149 0.3129820 0.3117858 0.3106478 0.3101909 0.3101909 0.3207440 0.3242944 0.3209977 0.3159730 0.3115296 0.3082437 0.3061347 0.3049885 0.3044278 0.3039291 0.3028921 0.3008641 0.2991606 0.3021238 0.3021238 0.3013714 0.3035011 0.3054269 0.3019176 0.3019176 0.2877491 0.2877491 0.2712192 0.2712192 0.2636040 0.2520909 0.2520909 0.2482143 0.2482143 0.2514876 0.2514876 0.2514876 0.2514551 0.2514551 0.2496704 0.2496704 0.2474120 0.2474120 0.2453972 0.2453972 0.2439086 0.2439086
0.3460327 0.3460327 0.3353079 0.3274996 0.3248223 0.3248223 0.3225420 0.3187313 0.3187313 0.3156165 0.3156165 0.3129840 0.3117873 0.3106486 0.3099602 0.3099602 0.3102470 0.3108786 0.3076251 0.3027027 0.2980490 0.2944550 0.2921043 0.2908763 0.2904474 0.2903205 0.2898933 0.2889597 0.2914747 0.3070411 0.3070411 0.3213262 0.3289268 0.3264848 0.3195009 0.3195009 0.2996716 0.2996716 0.2800047 0.2800047 0.2710836 0.2563860 0.2563860 0.2478218 0.2478218 0.2464916 0.2464916 0.2464916 0.2466812 0.2466812 0.2461388 0.2461388 0.2452506 0.2452506 0.2444562 0.2444562 0.2439148 0.2439148
0.3461970 0.3461970 0.3356130 0.3275088 0.3248008 0.3248008 0.3225188 0.3187245 0.3187245 0.3156191 0.3156191 0.3129872 0.3117895 0.3106496 0.3098160 0.3098160 0.2992148 0.2957897 0.2915877 0.2867421 0.2821944 0.2786012 0.2762296 0.2750605 0.2748529 0.2751678 0.2754383 0.2761737 0.2876910 0.3236851 0.3236851 0.3481545 0.3538889 0.3433273 0.3336186 0.3336186 0.3087957 0.3087957 0.2870004 0.2870004 0.2771853 0.2604327 0.2604327 0.2486615 0.2486615 0.2426414 0.2426414 0.2426414 0.2422334 0.2422334 0.2425232 0.2425232 0.2429779 0.2429779 0.2434943 0.2434943 0.2439605 0.2439605
