simulation_files/asc/Depth____000313.asc
NCOLS        79
NROWS        79
XLLCENTER         -1.500000
YLLCENTER         -4.800000
CELLSIZE           0.100
NODATA_VALUE     -9999.0
[rows 0 to 25 of 79, columns 0 to 58 of 79]
-9999.000 -9999.000 -9999.000 -9999.000 -9999.000 -9999.000 -9999.000 -9999.000 -9999.000 -9999.000 -9999.000 -9999.000 -9999.000 -9999.000 -9999.000 0.6884264 0.6888303 0.6888846 0.6887673 0.6885685 0.6883267 0.6880583 0.6877859 0.6875178 0.6872604 0.6870201 0.6867927 0.6865448 0.6861689 0.6861225 0.6861225 -9999.000 -9999.000 -9999.000 -9999.000 -9999.000 -9999.000 -9999.000 -9999.000 -9999.000 -9999.000 -9999.000 -9999.000 -9999.000 -9999.000 -9999.000 -9999.000 -9999.000 -9999.000 -9999.000 -9999.000 -9999.000 -9999.000 -9999.000 -9999.000 -9999.000 -9999.000 -9999.000 -9999.000
-9999.000 -9999.000 -9999.000 -9999.000 -9999.000 -9999.000 -9999.000 -9999.000 -9999.000 -9999.000 -9999.000 -9999.000 -9999.000 -9999.000 -9999.000 0.6901880 0.6905712 0.6906152 0.6905185 0.6903590 0.6901684 0.6899595 0.6897503 0.6895468 0.6893534 0.6891751 0.6890078 0.6888216 0.6885201 0.6885563 0.6885563 -9999.000 -9999.000 -9999.000 -9999.000 -9999.000 -9999.000 -9999.000 -9999.000 -9999.000 -9999.000 -9999.000 -9999.000 -9999.000 -9999.000 -9999.000 -9999.000 -9999.000 -9999.000 -9999.000 -9999.000 -9999.000 -9999.000 -9999.000 -9999.000 -9999.000 -9999.000 -9999.000 -9999.000
-9999.000 -9999.000 -9999.000 -9999.000 -9999.000 -9999.000 -9999.000 -9999.000 -9999.000 -9999.000 -9999.000 -9999.000 -9999.000 -9999.000 -9999.000 0.6921038 0.6925183 0.6925701 0.6924792 0.6923256 0.6921423 0.6919417 0.6917425 0.6915497 0.6913673 0.6911993 0.6910402 0.6908576 0.6905491 0.6905811 0.6905811 -9999.000 -9999.000 -9999.000 -9999.000 -9999.000 -9999.000 -9999.000 -9999.000 -9999.000 -9999.000 -9999.000 -9999.000 -9999.000 -9999.000 -9999.000 -9999.000 -9999.000 -9999.000 -9999.000 -9999.000 -9999.000 -9999.000 -9999.000 -9999.000 -9999.000 -9999.000 -9999.000 -9999.000
-9999.000 -9999.000 -9999.000 -9999.000 -9999.000 -9999.000 -9999.000 -9999.000 -9999.000 -9999.000 -9999.000 -9999.000 -9999.000 -9999.000 -9999.000 0.6940695 0.6945027 0.6945578 0.6944670 0.6943132 0.6941299 0.6939296 0.6937314 0.6935400 0.6933591 0.6931924 0.6930338 0.6928481 0.6925263 0.6925365 0.6925365 -9999.000 -9999.000 -9999.000 -9999.000 -9999.000 -9999.000 -9999.000 -9999.000 -9999.000 -9999.000 -9999.000 -9999.000 -9999.000 -9999.000 -9999.000 -9999.000 -9999.000 -9999.000 -9999.000 -9999.000 -9999.000 -9999.000 -9999.000 -9999.000 -9999.000 -9999.000 -9999.000 -9999.000
-9999.000 -9999.000 -9999.000 -9999.000 -9999.000 -9999.000 -9999.000 -9999.000 -9999.000 -9999.000 -9999.000 -9999.000 -9999.000 -9999.000 -9999.000 0.6960559 0.6965022 0.6965580 0.6964646 0.6963075 0.6961207 0.6959165 0.6957152 0.6955208 0.6953370 0.6951676 0.6950055 0.6948130 0.6944726 0.6944467 0.6944467 -9999.000 -9999.000 -9999.000 -9999.000 -9999.000 -9999.000 -9999.000 -9999.000 -9999.000 -9999.000 -9999.000 -9999.000 -9999.000 -9999.000 -9999.000 -9999.000 -9999.000 -9999.000 -9999.000 -9999.000 -9999.000 -9999.000 -9999.000 -9999.000 -9999.000 -9999.000 -9999.000 -9999.000
-9999.000 -9999.000 -9999.000 -9999.000 -9999.000 -9999.000 -9999.000 -9999.000 -9999.000 -9999.000 -9999.000 -9999.000 -9999.000 -9999.000 -9999.000 0.6980494 0.6985059 0.6985611 0.6984634 0.6983014 0.6981093 0.6978994 0.6976930 0.6974934 0.6973046 0.6971304 0.6969627 0.6967607 0.6963970 0.6963205 0.6963205 -9999.000 -9999.000 -9999.000 -9999.000 -9999.000 -9999.000 -9999.000 -9999.000 -9999.000 -9999.000 -9999.000 -9999.000 -9999.000 -9999.000 -9999.000 -9999.000 -9999.000 -9999.000 -9999.000 -9999.000 -9999.000 -9999.000 -9999.000 -9999.000 -9999.000 -9999.000 -9999.000 -9999.000
-9999.000 -9999.000 -9999.000 -9999.000 -9999.000 -9999.000 -9999.000 -9999.000 -9999.000 -9999.000 -9999.000 -9999.000 -9999.000 -9999.000 -9999.000 0.7000433 0.7005087 0.7005619 0.7004591 0.7002912 0.7000929 0.6998763 0.6996638 0.6994579 0.6992629 0.6990826 0.6989080 0.6986944 0.6983024 0.6981583 0.6981583 -9999.000 -9999.000 -9999.000 -9999.000 -9999.000 -9999.000 -9999.000 -9999.000 -9999.000 -9999.000 -9999.000 -9999.000 -9999.000 -9999.000 -9999.000 -9999.000 -9999.000 -9999.000 -9999.000 -9999.000 -9999.000 -9999.000 -9999.000 -9999.000 -9999.000 -9999.000 -9999.000 -9999.000
-9999.000 -9999.000 -9999.000 -9999.000 -9999.000 -9999.000 -9999.000 -9999.000 -9999.000 -9999.000 -9999.000 -9999.000 -9999.000 -9999.000 -9999.000 0.7020343 0.7025076 0.7025579 0.7024490 0.7022746 0.7020696 0.7018455 0.7016264 0.7014136 0.7012116 0.7010245 0.7008420 0.7006146 0.7001888 0.6999555 0.6999555 -9999.000 -9999.000 -9999.000 -9999.000 -9999.000 -9999.000 -9999.000 -9999.000 -9999.000 -9999.000 -9999.000 -9999.000 -9999.000 -9999.000 -9999.000 -9999.000 -9999.000 -9999.000 -9999.000 -9999.000 -9999.000 -9999.000 -9999.000 -9999.000 -9999.000 -9999.000 -9999.000 -9999.000
-9999.000 -9999.000 -9999.000 -9999.000 -9999.000 -9999.000 -9999.000 -9999.000 -9999.000 -9999.000 -9999.000 -9999.000 -9999.000 -9999.000 -9999.000 0.7040200 0.7045009 0.7045470 0.7044311 0.7042497 0.7040377 0.7038056 0.7035795 0.7033594 0.7031497 0.7029551 0.7027636 0.7025201 0.7020537 0.7017024 0.7017024 -9999.000 -9999.000 -9999.000 -9999.000 -9999.000 -9999.000 -9999.000 -9999.000 -9999.000 -9999.000 -9999.000 -9999.000 -9999.000 -9999.000 -9999.000 -9999.000 -9999.000 -9999.000 -9999.000 -9999.000 -9999.000 -9999.000 -9999.000 -9999.000 -9999.000 -9999.000 -9999.000 -9999.000
-9999.000 -9999.000 -9999.000 -9999.000 -9999.000 -9999.000 -9999.000 -9999.000 -9999.000 -9999.000 -9999.000 -9999.000 -9999.000 -9999.000 -9999.000 0.7059986 0.7064867 0.7065276 0.7064037 0.7062148 0.7059953 0.7057548 0.7055215 0.7052934 0.7050756 0.7048728 0.7046711 0.7044088 0.7038937 0.7033846 0.7033846 -9999.000 -9999.000 -9999.000 -9999.000 -9999.000 -9999.000 -9999.000 -9999.000 -9999.000 -9999.000 -9999.000 -9999.000 -9999.000 -9999.000 -9999.000 -9999.000 -9999.000 -9999.000 -9999.000 -9999.000 -9999.000 -9999.000 -9999.000 -9999.000 -9999.000 -9999.000 -9999.000 -9999.000
-9999.000 -9999.000 -9999.000 -9999.000 -9999.000 -9999.000 -9999.000 -9999.000 -9999.000 -9999.000 -9999.000 -9999.000 -9999.000 -9999.000 -9999.000 0.7079676 0.7084632 0.7084975 0.7083646 0.7081677 0.7079402 0.7076907 0.7074500 0.7072135 0.7069867 0.7067752 0.7065619 0.7062770 0.7057030 0.7049803 0.7049803 -9999.000 -9999.000 -9999.000 -9999.000 -9999.000 -9999.000 -9999.000 -9999.000 -9999.000 -9999.000 -9999.000 -9999.000 -9999.000 -9999.000 -9999.000 -9999.000 -9999.000 -9999.000 -9999.000 -9999.000 -9999.000 -9999.000 -9999.000 -9999.000 -9999.000 -9999.000 -9999.000 -9999.000
-9999.000 -9999.000 -9999.000 -9999.000 -9999.000 -9999.000 -9999.000 -9999.000 -9999.000 -9999.000 -9999.000 -9999.000 -9999.000 -9999.000 -9999.000 0.7099243 0.7104279 0.7104543 0.7103111 0.7101054 0.7098696 0.7096105 0.7093621 0.7091164 0.7088799 0.7086585 0.7084319 0.7081199 0.7074738 0.7064560 0.7064560 -9999.000 -9999.000 -9999.000 -9999.000 -9999.000 -9999.000 -9999.000 -9999.000 -9999.000 -9999.000 -9999.000 -9999.000 -9999.000 -9999.000 -9999.000 -9999.000 -9999.000 -9999.000 -9999.000 -9999.000 -9999.000 -9999.000 -9999.000 -9999.000 -9999.000 -9999.000 -9999.000 -9999.000
-9999.000 -9999.000 -9999.000 -9999.000 -9999.000 -9999.000 -9999.000 -9999.000 -9999.000 -9999.000 -9999.000 -9999.000 -9999.000 -9999.000 -9999.000 0.7118642 0.7123772 0.7123942 0.7122393 0.7120243 0.7117795 0.7115100 0.7112535 0.7109977 0.7107503 0.7105176 0.7102751 0.7099296 0.7091940 0.7077597 0.7077597 -9999.000 -9999.000 -9999.000 -9999.000 -9999.000 -9999.000 -9999.000 -9999.000 -9999.000 -9999.000 -9999.000 -9999.000 -9999.000 -9999.000 -9999.000 -9999.000 -9999.000 -9999.000 -9999.000 -9999.000 -9999.000 -9999.000 -9999.000 -9999.000 -9999.000 -9999.000 -9999.000 -9999.000
-9999.000 -9999.000 -9999.000 -9999.000 -9999.000 -9999.000 -9999.000 -9999.000 -9999.000 -9999.000 -9999.000 -9999.000 -9999.000 -9999.000 -9999.000 0.7137430 0.7142827 0.7143028 0.7141456 0.7139240 0.7136714 0.7133908 0.7131252 0.7128571 0.7125961 0.7123490 0.7120861 0.7116978 0.7108488 0.7088131 0.7088131 -9999.000 -9999.000 -9999.000 -9999.000 -9999.000 -9999.000 -9999.000 -9999.000 -9999.000 -9999.000 -9999.000 -9999.000 -9999.000 -9999.000 -9999.000 -9999.000 -9999.000 -9999.000 -9999.000 -9999.000 -9999.000 -9999.000 -9999.000 -9999.000 -9999.000 -9999.000 -9999.000 -9999.000
-9999.000 -9999.000 -9999.000 -9999.000 -9999.000 -9999.000 -9999.000 -9999.000 -9999.000 -9999.000 -9999.000 -9999.000 -9999.000 -9999.000 -9999.000 0.7096252 0.7144556 0.7166786 0.7173280 0.7170355 0.7166619 0.7162256 0.7157963 0.7153627 0.7149447 0.7145553 0.7141577 0.7136067 0.7124574 0.7088197 0.7088197 -9999.000 -9999.000 -9999.000 -9999.000 -9999.000 -9999.000 -9999.000 -9999.000 -9999.000 -9999.000 -9999.000 -9999.000 -9999.000 -9999.000 -9999.000 -9999.000 -9999.000 -9999.000 -9999.000 -9999.000 -9999.000 -9999.000 -9999.000 -9999.000 -9999.000 -9999.000 -9999.000 -9999.000
0.7870230 0.7870230 0.7868760 0.7740886 0.7664038 0.7664038 0.7629747 0.7575979 0.7575979 0.7532218 0.7532218 0.7495840 0.7479770 0.7464826 0.7450455 0.7450455 0.7193049 0.7180541 0.7170733 0.7177706 0.7189854 0.7205802 0.7228962 0.7253788 0.7278887 0.7303041 0.7320645 0.7316344 0.7248216 0.6952415 0.6952415 0.4873060 0.4515635 0.4306459 0.4236628 0.4236628 0.4129160 0.4129160 0.4162306 0.4162306 0.4276287 0.4771307 0.4771307 0.5832282 0.5832282 0.6261594 0.6261594 0.6261594 0.6255537 0.6255537 0.6151364 0.6151364 0.6012629 0.6012629 0.5869270 0.5869270 0.5738230 0.5738230 0.5738230
0.7843395 0.7843395 0.7856184 0.7722417 0.7656521 0.7656521 0.7620045 0.7565424 0.7565424 0.7521805 0.7521805 0.7485597 0.7469598 0.7454723 0.7440425 0.7440425 0.7217294 0.7167704 0.7122583 0.7087554 0.7059590 0.7039107 0.7028573 0.7026943 0.7033769 0.7048441 0.7068225 0.7086007 0.7084199 0.6965350 0.6965350 0.5554875 0.5017924 0.4491065 0.4344317 0.4344317 0.4178749 0.4178749 0.4202620 0.4202620 0.4309184 0.4741025 0.4741025 0.5556113 0.5556113 0.6234187 0.6234187 0.6234187 0.6252713 0.6252713 0.6154006 0.6154006 0.6016653 0.6016653 0.5874585 0.5874585 0.5744059 0.5744059 0.5744059
0.7831026 0.7831026 0.7847900 0.7718715 0.7659014 0.7659014 0.7620949 0.7565041 0.7565041 0.7521331 0.7521331 0.7485144 0.7469128 0.7454227 0.7439844 0.7439844 0.7235228 0.7153380 0.7075993 0.7008339 0.6950821 0.6903877 0.6869012 0.6845943 0.6834304 0.6833689 0.6842370 0.6855183 0.6858315 0.6786417 0.6786417 0.5888138 0.5334266 0.4671230 0.4473430 0.4473430 0.4274499 0.4274499 0.4336514 0.4336514 0.4463248 0.4857391 0.4857391 0.5451528 0.5451528 0.6158126 0.6158126 0.6158126 0.6222487 0.6222487 0.6142594 0.6142594 0.6012053 0.6012053 0.5872808 0.5872808 0.5743977 0.5743977 0.5743977
0.7823467 0.7823467 0.7835925 0.7716920 0.7661293 0.7661293 0.7622133 0.7564948 0.7564948 0.7521205 0.7521205 0.7485119 0.7469124 0.7454229 0.7439745 0.7439745 0.7244874 0.7134683 0.7026513 0.6928155 0.6842558 0.6770896 0.6714230 0.6672416 0.6644849 0.6630791 0.6628726 0.6634709 0.6638228 0.6592246 0.6592246 0.6021881 0.5531174 0.4845927 0.4631819 0.4631819 0.4455464 0.4455464 0.4590619 0.4590619 0.4733210 0.5051295 0.5051295 0.5421720 0.5421720 0.6027641 0.6027641 0.6027641 0.6144328 0.6144328 0.6101004 0.6101004 0.5988890 0.5988890 0.5859097 0.5859097 0.5736634 0.5736634 0.5736634
0.7820749 0.7820749 0.7820563 0.7716200 0.7663101 0.7663101 0.7623169 0.7564859 0.7564859 0.7521083 0.7521083 0.7485104 0.7469135 0.7454247 0.7439603 0.7439603 0.7242705 0.7106818 0.6969795 0.6842344 0.6729391 0.6633099 0.6554632 0.6494084 0.6450861 0.6424016 0.6411994 0.6411499 0.6414376 0.6387125 0.6387125 0.6025085 0.5624219 0.4998038 0.4813102 0.4813102 0.4744747 0.4744747 0.4959221 0.4959221 0.5085564 0.5272005 0.5272005 0.5436366 0.5436366 0.5870927 0.5870927 0.5870927 0.6023307 0.6023307 0.6026799 0.6026799 0.5945600 0.5945600 0.5834056 0.5834056 0.5723929 0.5723929 0.5723929
0.7823483 0.7823483 0.7803401 0.7716489 0.7664657 0.7664657 0.7624068 0.7564784 0.7564784 0.7520977 0.7520977 0.7485090 0.7469141 0.7454258 0.7439378 0.7439378 0.7225870 0.7065130 0.6901023 0.6746429 0.6607584 0.6487437 0.6387448 0.6307986 0.6248653 0.6208552 0.6186202 0.6178812 0.6180031 0.6166281 0.6166281 0.5941225 0.5635815 0.5142093 0.5043982 0.5043982 0.5158695 0.5158695 0.5389662 0.5389662 0.5454344 0.5478255 0.5478255 0.5476843 0.5476843 0.5721787 0.5721787 0.5721787 0.5877726 0.5877726 0.5923750 0.5923750 0.5881457 0.5881457 0.5796918 0.5796918 0.5705951 0.5705951 0.5705951
0.7823611 0.7823611 0.7795077 0.7716618 0.7665519 0.7665519 0.7624589 0.7564731 0.7564731 0.7520908 0.7520908 0.7485083 0.7469147 0.7454268 0.7439048 0.7439048 0.7191510 0.7005037 0.6815054 0.6635374 0.6472728 0.6330447 0.6210154 0.6112424 0.6037072 0.5983377 0.5950068 0.5934867 0.5932949 0.5928339 0.5928339 0.5796664 0.5588876 0.5326301 0.5382141 0.5382141 0.5673049 0.5673049 0.5800382 0.5800382 0.5776195 0.5651573 0.5651573 0.5531877 0.5531877 0.5602559 0.5602559 0.5602559 0.5729145 0.5729145 0.5800871 0.5800871 0.5797923 0.5797923 0.5747073 0.5747073 0.5682197 0.5682197 0.5682197
0.7823619 0.7823619 0.7792411 0.7716659 0.7665799 0.7665799 0.7624764 0.7564712 0.7564712 0.7520882 0.7520882 0.7485081 0.7469149 0.7454272 0.7438571 0.7438571 0.7135883 0.6921303 0.6705955 0.6503136 0.6319217 0.6157322 0.6018953 0.5904664 0.5814379 0.5747547 0.5703164 0.5679468 0.5673056 0.5674526 0.5674526 0.5611755 0.5514613 0.5633904 0.5879055 0.5879055 0.6198010 0.6198010 0.6127943 0.6127943 0.6023447 0.5792729 0.5792729 0.5594730 0.5594730 0.5520893 0.5520893 0.5520893 0.5595255 0.5595255 0.5670312 0.5670312 0.5699406 0.5699406 0.5685206 0.5685206 0.5652438 0.5652438 0.5652438
0.7823611 0.7823611 0.7795078 0.7716618 0.7665519 0.7665519 0.7624590 0.7564731 0.7564731 0.7520907 0.7520907 0.7485083 0.7469146 0.7454270 0.7437896 0.7437896 0.7053525 0.6807289 0.6566542 0.6342528 0.6140278 0.5962063 0.5808821 0.5680792 0.5577797 0.5499358 0.5444691 0.5412538 0.5401064 0.5408531 0.5408531 0.5411248 0.5473009 0.6144139 0.6500977 0.6500977 0.6621912 0.6621912 0.6360096 0.6360096 0.6204211 0.5909479 0.5909479 0.5660439 0.5660439 0.5473738 0.5473738 0.5473738 0.5486374 0.5486374 0.5544431 0.5544431 0.5593051 0.5593051 0.5613962 0.5613962 0.5617281 0.5617281 0.5617281
0.7823484 0.7823484 0.7803401 0.7716490 0.7664657 0.7664657 0.7624068 0.7564784 0.7564784 0.7520976 0.7520976 0.7485090 0.7469140 0.7454259 0.7436944 0.7436944 0.6936036 0.6653845 0.6387553 0.6144627 0.5927656 0.5737297 0.5573422 0.5435607 0.5323324 0.5235997 0.5172963 0.5133448 0.5118076 0.5139542 0.5139542 0.5244845 0.5586135 0.6825771 0.7090104 0.7090104 0.6897525 0.6897525 0.6520455 0.6520455 0.6338527 0.6007572 0.6007572 0.5724264 0.5724264 0.5452835 0.5452835 0.5452835 0.5405403 0.5405403 0.5433132 0.5433132 0.5487587 0.5487587 0.5538107 0.5538107 0.5578544 0.5578544 0.5578544
0.7820749 0.7820749 0.7820564 0.7716201 0.7663099 0.7663099 0.7623168 0.7564858 0.7564858 0.7521082 0.7521082 0.7485106 0.7469133 0.7454246 0.7435622 0.7435622 0.6769914 0.6447443 0.6156242 0.5897809 0.5670958 0.5473884 0.5304864 0.5162466 0.5045570 0.4953327 0.4885063 0.4840659 0.4826873 0.4896262 0.4896262 0.5234436 0.6029630 0.7469196 0.7476496 0.7476496 0.7058818 0.7058818 0.6634855 0.6634855 0.6441138 0.6089077 0.6089077 0.5781991 0.5781991 0.5449082 0.5449082 0.5449082 0.5350044 0.5350044 0.5342479 0.5342479 0.5391759 0.5391759 0.5464086 0.5464086 0.5539384 0.5539384 0.5539384
