simulation_files/asc/Depth____350.0.asc
NCOLS       216
NROWS       273
XLLCENTER        494.688995
YLLCENTER        787.867981
CELLSIZE           0.500
NODATA_VALUE     -9999.0
[rows 182 to 207 of 273, columns 120 to 179 of 216]
-9999.000 -9999.000 -9999.000 -9999.000 -9999.000 -9999.000 -9999.000 -9999.000 -9999.000 0.5572121E-01 0.1455355 0.2185298 0.2255081 0.1770731 0.9907143E-01 0.5215377E-01 0.2102420E-01 0.3882707E-01 0.6817608E-01 0.7007734E-01 0.6223569E-01 0.1227962 0.2199823 0.2169616 0.2219428 0.2670356 0.2729812 0.2480808 0.2678984 0.3077361 0.3371708 0.3632111 0.3403056 0.3007195 0.2792821 0.2863272 0.2880162 0.2923486 0.2623975 0.2067589 0.1392552 0.6037066E-01 -9999.000 -9999.000 -9999.000 -9999.000 -9999.000 -9999.000 -9999.000 -9999.000 -9999.000 -9999.000 -9999.000 -9999.000 -9999.000 -9999.000 -9999.000 -9999.000 -9999.000 -9999.000
-9999.000 -9999.000 -9999.000 -9999.000 -9999.000 -9999.000 -9999.000 -9999.000 -9999.000 0.4357591E-01 0.1230940 0.1998102 0.2267052 0.2009734 0.1530807 0.9269501E-01 0.4348893E-01 0.4331420E-01 0.6285776E-01 0.5347625E-01 0.5221940E-01 0.1109672 0.1764117 0.1892546 0.2185972 0.2892245 0.3092899 0.2615368 0.2734200 0.3435413 0.3700514 0.3795297 0.3690515 0.3222464 0.3066596 0.3005291 0.3052658 0.3078373 0.2901767 0.2669464 0.1802871 0.7190668E-01 -9999.000 -9999.000 -9999.000 -9999.000 -9999.000 -9999.000 -9999.000 -9999.000 -9999.000 -9999.000 -9999.000 -9999.000 -9999.000 -9999.000 -9999.000 -9999.000 -9999.000 -9999.000
-9999.000 -9999.000 -9999.000 -9999.000 -9999.000 -9999.000 -9999.000 -9999.000 -9999.000 -9999.000 0.1223439 0.2010282 0.2338202 0.2306379 0.1955641 0.1408619 0.8231962E-01 0.5402274E-01 0.5334886E-01 0.4913796E-01 0.5735707E-01 0.8525444E-01 0.1027173 0.1177568 0.1685973 0.2484561 0.2969647 0.2829890 0.3058704 0.3533565 0.3328208 0.3224680 0.3284958 0.3147578 0.2716980 0.2703620 0.2753501 0.2883417 0.2936869 0.2812472 0.2302714 0.1289945 0.6641212E-01 -9999.000 -9999.000 -9999.000 -9999.000 -9999.000 -9999.000 -9999.000 -9999.000 -9999.000 -9999.000 -9999.000 -9999.000 -9999.000 -9999.000 -9999.000 -9999.000 -9999.000
-9999.000 -9999.000 -9999.000 -9999.000 -9999.000 -9999.000 -9999.000 -9999.000 -9999.000 -9999.000 0.1272713 0.1981139 0.2438128 0.2468023 0.2264384 0.1797004 0.1114669 0.6991224E-01 0.5538594E-01 0.6294910E-01 0.7513910E-01 0.7536136E-01 0.6433970E-01 0.8273071E-01 0.1251222 0.1848763 0.2377160 0.2617141 0.3302441 0.3094691 0.2429184 0.2566103 0.2765549 0.2084775 0.1726182 0.1529528 0.1833457 0.2084317 0.2416085 0.2514850 0.2229962 0.1566272 0.1211175 -9999.000 -9999.000 -9999.000 -9999.000 -9999.000 -9999.000 -9999.000 -9999.000 -9999.000 -9999.000 -9999.000 -9999.000 -9999.000 -9999.000 -9999.000 -9999.000 -9999.000
-9999.000 -9999.000 -9999.000 -9999.000 -9999.000 -9999.000 -9999.000 -9999.000 -9999.000 -9999.000 -9999.000 0.1712307 0.2336374 0.2449743 0.2362275 0.1937398 0.1358321 0.7401191E-01 0.4573751E-01 0.4942845E-01 0.6782937E-01 0.6819448E-01 0.6661482E-01 0.9391494E-01 0.1465894 0.1909165 0.2251552 0.2512695 0.2637718 0.2151663 0.1931298 0.2864880 0.3081537 0.2552020 0.1813331 0.1586700 0.1733316 0.1908159 0.2095232 0.2250359 0.2153432 0.1840815 0.1482385 0.1027528 -9999.000 -9999.000 -9999.000 -9999.000 -9999.000 -9999.000 -9999.000 -9999.000 -9999.000 -9999.000 -9999.000 -9999.000 -9999.000 -9999.000 -9999.000 -9999.000
-9999.000 -9999.000 -9999.000 -9999.000 -9999.000 -9999.000 -9999.000 -9999.000 -9999.000 -9999.000 -9999.000 0.1537748 0.2062265 0.2171828 0.2297056 0.1947532 0.1138146 0.6778284E-01 0.4228600E-01 0.2929984E-01 0.3862325E-01 0.5817015E-01 0.7302736E-01 0.1137931 0.1884101 0.2142753 0.2092122 0.1906832 0.1962504 0.1886604 0.1998524 0.2866110 0.3527707 0.3331594 0.2713808 0.2001310 0.2043539 0.2288758 0.2308124 0.2159628 0.2101406 0.1787111 0.1345418 0.8853972E-01 -9999.000 -9999.000 -9999.000 -9999.000 -9999.000 -9999.000 -9999.000 -9999.000 -9999.000 -9999.000 -9999.000 -9999.000 -9999.000 -9999.000 -9999.000 -9999.000
-9999.000 -9999.000 -9999.000 -9999.000 -9999.000 -9999.000 -9999.000 -9999.000 -9999.000 -9999.000 -9999.000 0.1551266 0.1872098 0.1899591 0.2096810 0.1869900 0.1284066 0.9758865E-01 0.6749141E-01 0.3915424E-01 0.2932803E-01 0.3623892E-01 0.5462423E-01 0.9378915E-01 0.1363805 0.1458368 0.1711903 0.1713415 0.2098802 0.2423250 0.2245769 0.2580402 0.3065235 0.2962236 0.2664773 0.2341150 0.2276010 0.2251514 0.1942315 0.1922242 0.2048596 0.1938377 0.1780353 0.1409937 0.1032284 0.7080970E-01 -9999.000 -9999.000 -9999.000 -9999.000 -9999.000 -9999.000 -9999.000 -9999.000 -9999.000 -9999.000 -9999.000 -9999.000 -9999.000 -9999.000
-9999.000 -9999.000 -9999.000 -9999.000 -9999.000 -9999.000 -9999.000 -9999.000 -9999.000 -9999.000 -9999.000 0.8894136E-01 0.1537625 0.1875012 0.2117790 0.2095497 0.1855273 0.1591998 0.1113716 0.8184057E-01 0.4080180E-01 0.2020696E-01 0.2997106E-01 0.5967250E-01 0.7915197E-01 0.9360012E-01 0.1747411 0.2142118 0.2563601 0.2831180 0.2735717 0.2602130 0.2500973 0.2303386 0.2436527 0.2507276 0.2446484 0.1893500 0.1801725 0.2144764 0.2295975 0.2251484 0.2376876 0.2203089 0.1822847 0.1115707 -9999.000 -9999.000 -9999.000 -9999.000 -9999.000 -9999.000 -9999.000 -9999.000 -9999.000 -9999.000 -9999.000 -9999.000 -9999.000 -9999.000
-9999.000 -9999.000 -9999.000 -9999.000 -9999.000 -9999.000 -9999.000 -9999.000 -9999.000 -9999.000 -9999.000 -9999.000 0.9955723E-01 0.1558115 0.1947591 0.2123596 0.2157401 0.2059187 0.1520675 0.1119626 0.6252290E-01 0.1617341E-01 0.1663567E-01 0.2760119E-01 0.4643091E-01 0.8895505E-01 0.1647718 0.2176533 0.2574268 0.2837875 0.2723366 0.2716305 0.2854461 0.2674376 0.2634736 0.2947594 0.2541476 0.2175839 0.2478523 0.2759519 0.2738713 0.2645804 0.2836139 0.2655962 0.2286161 0.1428037 0.3922626E-01 -9999.000 -9999.000 -9999.000 -9999.000 -9999.000 -9999.000 -9999.000 -9999.000 -9999.000 -9999.000 -9999.000 -9999.000 -9999.000
-9999.000 -9999.000 -9999.000 -9999.000 -9999.000 -9999.000 -9999.000 -9999.000 -9999.000 -9999.000 -9999.000 -9999.000 0.4823400E-01 0.1018256 0.1571406 0.1941634 0.2273503 0.2317176 0.1946727 0.1533654 0.1047464 0.4639138E-01 0.2702965E-01 0.3192712E-01 0.3982962E-01 0.6642983E-01 0.1149912 0.1741153 0.2235688 0.2566434 0.2517606 0.2662913 0.2963691 0.2609377 0.2681401 0.3001080 0.2487143 0.2556181 0.3163231 0.3393324 0.3084062 0.3038939 0.3210740 0.2736047 0.2186661 0.1289901 0.3920638E-01 -9999.000 -9999.000 -9999.000 -9999.000 -9999.000 -9999.000 -9999.000 -9999.000 -9999.000 -9999.000 -9999.000 -9999.000 -9999.000
-9999.000 -9999.000 -9999.000 -9999.000 -9999.000 -9999.000 -9999.000 -9999.000 -9999.000 -9999.000 -9999.000 -9999.000 -9999.000 0.5529702E-01 0.1149703 0.1787127 0.2065407 0.2302492 0.2276138 0.1911723 0.1515408 0.9876328E-01 0.5669608E-01 0.3444588E-01 0.2835524E-01 0.3754342E-01 0.6691803E-01 0.1351278 0.2048191 0.2472416 0.2292157 0.2316024 0.2272611 0.2182369 0.2850775 0.3090647 0.2611419 0.2833788 0.3582979 0.3731478 0.3421957 0.3128591 0.2611701 0.2002946 0.1602498 0.1091685 0.7533860E-01 0.5106974E-01 -9999.000 -9999.000 -9999.000 -9999.000 -9999.000 -9999.000 -9999.000 -9999.000 -9999.000 -9999.000 -9999.000 -9999.000
-9999.000 -9999.000 -9999.000 -9999.000 -9999.000 -9999.000 -9999.000 -9999.000 -9999.000 -9999.000 -9999.000 -9999.000 -9999.000 0.3210142E-01 0.1011409 0.1233505 0.1168783 0.1435499 0.1849739 0.1928377 0.1851299 0.1424059 0.8898957E-01 0.4696355E-01 0.2282496E-01 -9999.000 0.3369103E-01 0.9714106E-01 0.1801739 0.2200085 0.1677909 0.1897394 0.2160729 0.2310914 0.2987496 0.3239446 0.2964262 0.3143598 0.3503833 0.3627180 0.3201090 0.2298730 0.1906834 0.1536646 0.1638023 0.1762261 0.1558853 0.1183955 0.8972247E-01 -9999.000 -9999.000 -9999.000 -9999.000 -9999.000 -9999.000 -9999.000 -9999.000 -9999.000 -9999.000 -9999.000
-9999.000 -9999.000 -9999.000 -9999.000 -9999.000 -9999.000 -9999.000 -9999.000 -9999.000 -9999.000 -9999.000 -9999.000 -9999.000 -9999.000 0.8558899E-01 0.6612507E-01 -9999.000 0.3894979E-01 0.9643559E-01 0.1632568 0.2046001 0.1751614 0.1392614 0.8983437E-01 0.5071604E-01 0.4143328E-01 0.3042492E-01 0.7463958E-01 0.1477809 0.1628878 0.1267824 0.1763385 0.2301678 0.2534486 0.2890250 0.3182492 0.3144933 0.3097858 0.3219226 0.3188009 0.2704528 0.2541642 0.2274004 0.2200484 0.2437691 0.2478191 0.2396973 0.2338577 0.1637386 0.6907006E-01 -9999.000 -9999.000 -9999.000 -9999.000 -9999.000 -9999.000 -9999.000 -9999.000 -9999.000 -9999.000
-9999.000 -9999.000 -9999.000 -9999.000 -9999.000 -9999.000 -9999.000 -9999.000 -9999.000 -9999.000 -9999.000 -9999.000 -9999.000 -9999.000 -9999.000 -9999.000 -9999.000 0.5602406E-01 0.7552355E-01 0.1152547 0.1666137 0.1766612 0.1500199 0.9979081E-01 0.5734027E-01 0.3133409E-01 0.2518222E-01 0.4428977E-01 0.9406279E-01 0.1193892 0.1234282 0.1582329 0.2170106 0.2430648 0.2692304 0.2880998 0.2979576 0.2926840 0.3044893 0.3159550 0.3156007 0.3198549 0.2938304 0.2806384 0.2756939 0.2776892 0.2624374 0.2552278 0.1918433 0.1008532 -9999.000 -9999.000 -9999.000 -9999.000 -9999.000 -9999.000 -9999.000 -9999.000 -9999.000 -9999.000
-9999.000 -9999.000 -9999.000 -9999.000 -9999.000 -9999.000 -9999.000 -9999.000 -9999.000 -9999.000 -9999.000 -9999.000 -9999.000 -9999.000 -9999.000 -9999.000 0.5156845E-01 0.9299405E-01 0.9696487E-01 0.1021917 0.1367767 0.1532625 0.1375108 0.1053565 0.6433687E-01 0.3231060E-01 0.1555590E-01 -9999.000 -9999.000 0.5752081E-01 0.9929871E-01 0.1282076 0.1675283 0.1919386 0.2334781 0.2795872 0.2838291 0.2773792 0.3058927 0.3570217 0.3753532 0.3693041 0.3162467 0.2826947 0.2973304 0.3022536 0.2826735 0.2282064 0.1546514 0.1006807 -9999.000 -9999.000 -9999.000 -9999.000 -9999.000 -9999.000 -9999.000 -9999.000 -9999.000 -9999.000
-9999.000 -9999.000 -9999.000 -9999.000 -9999.000 -9999.000 -9999.000 -9999.000 -9999.000 -9999.000 -9999.000 -9999.000 -9999.000 -9999.000 -9999.000 -9999.000 -9999.000 0.8136247E-01 0.7749773E-01 0.9174056E-01 0.1002777 0.1286181 0.1461998 0.1249946 0.9397783E-01 0.5755783E-01 0.2323942E-01 -9999.000 -9999.000 -9999.000 -9999.000 0.9346983E-01 0.1094880 0.1226717 0.1786039 0.2371913 0.2362325 0.2372475 0.2986166 0.3680481 0.3968516 0.3695705 0.3109013 0.2830191 0.2946146 0.2714188 0.2272505 0.1717678 0.1259510 0.1056936 -9999.000 -9999.000 -9999.000 -9999.000 -9999.000 -9999.000 -9999.000 -9999.000 -9999.000 -9999.000
-9999.000 -9999.000 -9999.000 -9999.000 -9999.000 -9999.000 -9999.000 -9999.000 -9999.000 -9999.000 -9999.000 -9999.000 -9999.000 -9999.000 -9999.000 -9999.000 -9999.000 0.6373601E-01 0.1076620 0.6999143E-01 0.4738271E-01 0.8021247E-01 0.1149826 0.1167807 0.1101476 0.8818164E-01 0.4577496E-01 0.1867353E-01 -9999.000 -9999.000 -9999.000 0.5195604E-01 0.6474498E-01 0.8038347E-01 0.1218796 0.1679845 0.1770207 0.2223241 0.3037189 0.3511764 0.3551642 0.3292895 0.2936224 0.2619278 0.2508339 0.1907214 0.1445445 0.1216879 0.1299201 0.1297269 0.7894654E-01 -9999.000 -9999.000 -9999.000 -9999.000 -9999.000 -9999.000 -9999.000 -9999.000 -9999.000
-9999.000 -9999.000 -9999.000 -9999.000 -9999.000 -9999.000 -9999.000 -9999.000 -9999.000 -9999.000 -9999.000 -9999.000 -9999.000 -9999.000 -9999.000 -9999.000 -9999.000 -9999.000 0.1065005 0.4960750E-01 0.3500255E-01 0.6856023E-01 0.8941185E-01 0.8464598E-01 0.1072986 0.9331811E-01 -9999.000 -9999.000 -9999.000 -9999.000 -9999.000 -9999.000 0.3371208E-01 0.7233005E-01 0.1267960 0.1627936 0.1911065 0.2425555 0.2756230 0.3026130 0.2944868 0.2758362 0.2615433 0.2653871 0.2374626 0.2205482 0.1984097 0.1455013 0.1464041 0.1656415 0.1295983 0.4158401E-01 -9999.000 -9999.000 -9999.000 -9999.000 -9999.000 -9999.000 -9999.000 -9999.000
-9999.000 -9999.000 -9999.000 -9999.000 -9999.000 -9999.000 -9999.000 -9999.000 -9999.000 -9999.000 -9999.000 -9999.000 -9999.000 -9999.000 -9999.000 -9999.000 -9999.000 0.1221112 0.7823644E-01 0.4209620E-01 0.7257218E-01 0.1204973 0.1298807 0.9190110E-01 0.9788750E-01 0.8045661E-01 0.4984055E-01 -9999.000 -9999.000 -9999.000 -9999.000 -9999.000 -9999.000 0.6655918E-01 0.1414378 0.1925629 0.2270881 0.2209011 0.2114529 0.2217679 0.2465453 0.2200825 0.2309057 0.2717947 0.2576766 0.2656733 0.2459542 0.1934542 0.1766190 0.2010764 0.1748747 0.5795301E-01 0.1489854E-01 -9999.000 -9999.000 -9999.000 -9999.000 -9999.000 -9999.000 -9999.000
-9999.000 -9999.000 -9999.000 -9999.000 -9999.000 -9999.000 -9999.000 -9999.000 -9999.000 -9999.000 -9999.000 -9999.000 -9999.000 -9999.000 -9999.000 -9999.000 -9999.000 0.1290384 0.1017375 0.7566782E-01 0.1406213 0.1853882 0.1707655 0.1243755 0.1140925 0.8148651E-01 -9999.000 -9999.000 -9999.000 -9999.000 -9999.000 -9999.000 -9999.000 0.5842415E-01 0.1144147 0.1571598 0.1777463 0.1835442 0.1893732 0.2021451 0.2021130 0.1742810 0.1746452 0.2503121 0.2766305 0.2650052 0.2403478 0.2089333 0.1987131 0.2061387 0.1907477 0.9669225E-01 0.3808073E-01 -9999.000 -9999.000 -9999.000 -9999.000 -9999.000 -9999.000 -9999.000
-9999.000 -9999.000 -9999.000 -9999.000 -9999.000 -9999.000 -9999.000 -9999.000 -9999.000 -9999.000 -9999.000 -9999.000 -9999.000 -9999.000 -9999.000 -9999.000 -9999.000 0.7363987E-01 0.9198405E-01 0.9900962E-01 0.1434131 0.1650444 0.1532007 0.1653869 0.1598634 0.1071639 -9999.000 -9999.000 -9999.000 -9999.000 -9999.000 -9999.000 -9999.000 0.3219044E-01 0.6193223E-01 0.6991945E-01 0.1072597 0.1486454 0.1936308 0.1986045 0.1987101 0.1856120 0.1766397 0.2260719 0.2584445 0.2586532 0.2495120 0.2145116 0.2132723 0.2236000 0.1819535 0.1124042 0.8337907E-01 0.3540728E-01 -9999.000 -9999.000 -9999.000 -9999.000 -9999.000 -9999.000
-9999.000 -9999.000 -9999.000 -9999.000 -9999.000 -9999.000 -9999.000 -9999.000 -9999.000 -9999.000 -9999.000 -9999.000 -9999.000 -9999.000 -9999.000 -9999.000 -9999.000 -9999.000 0.5893359E-01 0.7769211E-01 0.1076470 0.1130270 0.1180543 0.1623817 0.1842933 0.1379620 0.7182458E-01 0.2800074E-01 -9999.000 -9999.000 -9999.000 -9999.000 -9999.000 -9999.000 0.5586698E-01 0.7229414E-01 0.9521575E-01 0.1322783 0.1598129 0.1695388 0.1994790 0.2304053 0.2321893 0.2349509 0.2217955 0.2501855 0.2414304 0.2163452 0.2409378 0.2615741 0.2133591 0.1750356 0.1426423 0.8476756E-01 -9999.000 -9999.000 -9999.000 -9999.000 -9999.000 -9999.000
-9999.000 -9999.000 -9999.000 -9999.000 -9999.000 -9999.000 -9999.000 -9999.000 -9999.000 -9999.000 -9999.000 -9999.000 -9999.000 -9999.000 -9999.000 -9999.000 -9999.000 -9999.000 0.6790400E-01 0.5517396E-01 0.6188441E-01 0.8332086E-01 0.1038067 0.1457417 0.1821894 0.1592203 0.1080301 0.4868027E-01 0.1953837E-01 -9999.000 -9999.000 -9999.000 -9999.000 -9999.000 0.6573665E-01 0.8101337E-01 0.1031453 0.1278349 0.1479697 0.1554708 0.1711065 0.2080076 0.2207699 0.2042460 0.1934801 0.1883085 0.1762102 0.1907024 0.2596160 0.2966055 0.2611849 0.2286046 0.1858854 0.1634995 0.1429407 -9999.000 -9999.000 -9999.000 -9999.000 -9999.000
-9999.000 -9999.000 -9999.000 -9999.000 -9999.000 -9999.000 -9999.000 -9999.000 -9999.000 -9999.000 -9999.000 -9999.000 -9999.000 -9999.000 -9999.000 -9999.000 -9999.000 -9999.000 0.5303300E-01 -9999.000 -9999.000 0.1032601 0.1464403 0.1750883 0.1635281 0.1263778 0.9787249E-01 0.6184851E-01 0.3185489E-01 -9999.000 -9999.000 -9999.000 -9999.000 -9999.000 -9999.000 -9999.000 0.7497921E-01 0.1173579 0.1524098 0.1623097 0.1738060 0.1989539 0.2198435 0.1696311 0.1117241 0.8912340E-01 0.1031496 0.1825524 0.2690682 0.3099657 0.2573557 0.2277417 0.2004528 0.1883838 0.1453184 0.6902057E-01 -9999.000 -9999.000 -9999.000 -9999.000
-9999.000 -9999.000 -9999.000 -9999.000 -9999.000 -9999.000 -9999.000 -9999.000 -9999.000 -9999.000 -9999.000 -9999.000 -9999.000 -9999.000 -9999.000 -9999.000 -9999.000 -9999.000 -9999.000 -9999.000 -9999.000 0.1202221 0.1959675 0.2121928 0.1688401 0.1325575 0.1030285 0.7835074E-01 0.4438393E-01 -9999.000 -9999.000 -9999.000 -9999.000 -9999.000 -9999.000 0.2350412E-01 0.6050230E-01 0.1090005 0.1494660 0.1729485 0.2099831 0.2219794 0.2258201 0.1771670 0.1326783 0.1320851 0.1527353 0.2160653 0.2536346 0.2345809 0.2144461 0.2328666 0.2262085 0.1788964 0.1420368 0.9101747E-01 0.3173349E-01 -9999.000 -9999.000 -9999.000
-9999.000 -9999.000 -9999.000 -9999.000 -9999.000 -9999.000 -9999.000 -9999.000 -9999.000 -9999.000 -9999.000 -9999.000 -9999.000 -9999.000 -9999.000 -9999.000 -9999.000 -9999.000 -9999.000 0.1956416E-01 0.4853109E-01 0.1273860 0.2096308 0.2023457 0.1667813 0.1296439 0.1018176 0.8180921E-01 0.5012179E-01 -9999.000 -9999.000 -9999.000 -9999.000 -9999.000 -9999.000 -9999.000 0.4532810E-01 0.1030173 0.1589674 0.2034622 0.2588071 0.2764736 0.2407402 0.2019539 0.2118368 0.2941896 0.3429949 0.3235477 0.2728574 0.2195776 0.2362959 0.2893139 0.2797411 0.2019125 0.1679218 0.1483415 0.7586822E-01 -9999.000 -9999.000 -9999.000
