simulation_files/asc/Depth____525.0.asc
NCOLS       216
NROWS       273
XLLCENTER        494.688995
YLLCENTER        787.867981
CELLSIZE           0.500
NODATA_VALUE     -9999.0
[rows 162 to 188 of 273, columns 118 to 176 of 216]
2.037977 2.713039 2.910582 2.948034 2.959910 2.969762 2.746839 2.175575 1.551230 0.6780053 0.1960218 0.9973421E-01 0.1261571 0.1671510 0.1504858 0.1390626 0.1662726 0.1829796 0.2074269 0.2163389 0.2095666 0.1642097 0.1173684 0.1235444 0.1537305 0.1602159 0.1242186 0.8549004E-01 -9999.000 -9999.000 -9999.000 -9999.000 -9999.000 -9999.000 -9999.000 -9999.000 -9999.000 -9999.000 -9999.000 -9999.000 -9999.000 -9999.000 -9999.000 -9999.000 -9999.000 -9999.000 -9999.000 -9999.000 -9999.000 -9999.000 -9999.000 -9999.000 -9999.000 -9999.000 -9999.000 -9999.000 -9999.000 -9999.000 -9999.000
1.698838 2.620069 2.904216 2.938217 2.938943 2.530535 1.812863 1.120626 0.5061986 0.1736902 0.1584539 0.1356100 0.1398565 0.1318862 0.1503266 0.1610044 0.1675551 0.1706305 0.2065919 0.2338241 0.2290139 0.1675608 0.1277945 0.1341353 0.1740931 0.1889588 0.1651710 0.1190493 0.5957235E-01 -9999.000 -9999.000 -9999.000 -9999.000 -9999.000 -9999.000 -9999.000 -9999.000 -9999.000 -9999.000 -9999.000 -9999.000 -9999.000 -9999.000 -9999.000 -9999.000 -9999.000 -9999.000 -9999.000 -9999.000 -9999.000 -9999.000 -9999.000 -9999.000 -9999.000 -9999.000 -9999.000 -9999.000 -9999.000 -9999.000
1.298909 2.328073 2.783905 2.926836 2.504215 1.661863 0.6064535 0.2003607 0.1438147 0.1118481 0.1351861 0.1191740 0.1111418 0.1003026 0.1287750 0.1522854 0.1509927 0.1575763 0.1840127 0.2172375 0.2096542 0.1460649 0.1171572 0.1356828 0.1820589 0.1903744 0.1534080 0.1188969 0.5864254E-01 -9999.000 -9999.000 -9999.000 -9999.000 -9999.000 -9999.000 -9999.000 -9999.000 -9999.000 -9999.000 -9999.000 -9999.000 -9999.000 -9999.000 -9999.000 -9999.000 -9999.000 -9999.000 -9999.000 -9999.000 -9999.000 -9999.000 -9999.000 -9999.000 -9999.000 -9999.000 -9999.000 -9999.000 -9999.000 -9999.000
-9999.000 1.520178 2.341685 2.444994 1.571906 -9999.000 0.1487155 0.1510650 0.1230030 0.9267357E-01 0.8022507E-01 0.7938698E-01 0.9226124E-01 0.9041060E-01 0.1187074 0.1466269 0.1612340 0.1839541 0.2098634 0.2292636 0.1720039 0.1220843 0.1103115 0.1287190 0.1734421 0.1735384 0.1515401 0.1129047 0.6785481E-01 0.2660317E-01 -9999.000 -9999.000 -9999.000 -9999.000 -9999.000 -9999.000 -9999.000 -9999.000 -9999.000 -9999.000 -9999.000 -9999.000 -9999.000 -9999.000 -9999.000 -9999.000 -9999.000 -9999.000 -9999.000 -9999.000 -9999.000 -9999.000 -9999.000 -9999.000 -9999.000 -9999.000 -9999.000 -9999.000 -9999.000
-9999.000 0.6986924 1.271005 1.178712 0.4949598 0.1515044 0.1782035 0.1584166 0.1458819 0.1145063 0.7544192E-01 0.6943467E-01 0.7866583E-01 0.7585335E-01 0.1246003 0.1826131 0.2186483 0.2449963 0.2667393 0.2221848 0.1378543 0.1395479 0.1382190 0.1496456 0.1748333 0.1780273 0.1589170 0.1345675 0.1045637 0.5882834E-01 -9999.000 -9999.000 0.1836429E-01 -9999.000 -9999.000 -9999.000 -9999.000 -9999.000 -9999.000 -9999.000 -9999.000 -9999.000 -9999.000 -9999.000 -9999.000 -9999.000 -9999.000 -9999.000 -9999.000 -9999.000 -9999.000 -9999.000 -9999.000 -9999.000 -9999.000 -9999.000 -9999.000 -9999.000 -9999.000
-9999.000 -9999.000 -9999.000 0.2302374 0.1640961 0.2127907 0.1856183 0.1777755 0.1820465 0.1542014 0.1258511 0.1073394 0.9152358E-01 0.8649655E-01 0.1497759 0.2330225 0.2492695 0.2561909 0.2500072 0.1682465 0.1017337 0.1489478 0.1603980 0.1762471 0.1815809 0.1404913 0.1308096 0.1329748 0.1243185 0.8467800E-01 -9999.000 -9999.000 -9999.000 -9999.000 -9999.000 -9999.000 -9999.000 -9999.000 -9999.000 -9999.000 -9999.000 -9999.000 -9999.000 -9999.000 -9999.000 -9999.000 -9999.000 -9999.000 -9999.000 -9999.000 -9999.000 -9999.000 -9999.000 -9999.000 -9999.000 -9999.000 -9999.000 -9999.000 -9999.000
-9999.000 -9999.000 -9999.000 0.1070943 0.2111996 0.2137396 0.2127016 0.2195937 0.2238187 0.2065301 0.1877945 0.1672673 0.1378708 0.1199067 0.1525772 0.1997904 0.2123478 0.2058180 0.1708151 0.1475403 0.1085688 0.1412999 0.1653302 0.1846969 0.1765621 0.1178595 0.1022305 0.1278675 0.1389423 0.1163775 0.6119849E-01 0.2572117E-01 0.1718633E-01 -9999.000 -9999.000 -9999.000 -9999.000 -9999.000 -9999.000 -9999.000 -9999.000 -9999.000 -9999.000 -9999.000 -9999.000 -9999.000 -9999.000 -9999.000 -9999.000 -9999.000 -9999.000 -9999.000 -9999.000 -9999.000 -9999.000 -9999.000 -9999.000 -9999.000 -9999.000
-9999.000 -9999.000 -9999.000 0.1013434 0.1306620 0.1679957 0.2207667 0.2472240 0.2274392 0.2023987 0.1942229 0.1935328 0.1678295 0.1271515 0.1136949 0.9619415E-01 0.1371568 0.1261394 0.1464067 0.1847641 0.1491873 0.1722840 0.2049980 0.2351162 0.2263766 0.1598718 0.1226968 0.1312971 0.1459956 0.1405381 0.9170445E-01 0.5261318E-01 0.4130644E-01 0.2642046E-01 -9999.000 -9999.000 -9999.000 -9999.000 -9999.000 -9999.000 -9999.000 -9999.000 -9999.000 -9999.000 -9999.000 -9999.000 -9999.000 -9999.000 -9999.000 -9999.000 -9999.000 -9999.000 -9999.000 -9999.000 -9999.000 -9999.000 -9999.000 -9999.000 -9999.000
-9999.000 -9999.000 -9999.000 0.4665643E-01 0.8184213E-01 0.1494408 0.2174524 0.2327951 0.2231079 0.2078539 0.1859516 0.1544703 0.1095127 0.9225332E-01 0.9987876E-01 0.1226038 0.1423712 0.1304493 0.1508780 0.1677316 0.1467584 0.1864129 0.2565877 0.3002339 0.2806846 0.1962372 0.1389466 0.1420849 0.1553177 0.1678528 0.1232209 0.8581022E-01 0.7473474E-01 0.5572184E-01 0.3294790E-01 -9999.000 -9999.000 -9999.000 -9999.000 -9999.000 -9999.000 -9999.000 -9999.000 -9999.000 -9999.000 -9999.000 -9999.000 -9999.000 -9999.000 -9999.000 -9999.000 -9999.000 -9999.000 -9999.000 -9999.000 -9999.000 -9999.000 -9999.000 -9999.000
-9999.000 -9999.000 -9999.000 -9999.000 -9999.000 0.1051108 0.1560712 0.1949928 0.2221528 0.2425661 0.1818831 0.9863295E-01 0.5852366E-01 0.5290623E-01 0.9643313E-01 0.1657534 0.2018706 0.2193365 0.1720280 0.1051449 0.8722662E-01 0.1627237 0.2748769 0.3154070 0.2641229 0.1867534 0.1526259 0.1722331 0.1967971 0.2005397 0.1539337 0.1245325 0.1279333 0.1093345 0.8189852E-01 0.6572692E-01 0.5325403E-01 0.3731405E-01 -9999.000 -9999.000 -9999.000 -9999.000 -9999.000 -9999.000 -9999.000 -9999.000 -9999.000 -9999.000 -9999.000 -9999.000 -9999.000 -9999.000 -9999.000 -9999.000 -9999.000 -9999.000 -9999.000 -9999.000 -9999.000
-9999.000 -9999.000 -9999.000 -9999.000 -9999.000 0.6982906E-01 0.9092828E-01 0.1434270 0.2018789 0.2251603 0.1915707 0.1275740 0.9150150E-01 0.8738498E-01 0.1216203 0.1834559 0.2170209 0.2488844 0.2142622 0.1354840 0.1123691 0.1760255 0.2628236 0.2753493 0.2347299 0.1732199 0.1519847 0.1592674 0.1922955 0.2205761 0.1886470 0.1761618 0.1827570 0.1767911 0.1266483 0.1084969 0.1050845 0.7664059E-01 -9999.000 -9999.000 -9999.000 -9999.000 -9999.000 -9999.000 -9999.000 -9999.000 -9999.000 -9999.000 -9999.000 -9999.000 -9999.000 -9999.000 -9999.000 -9999.000 -9999.000 -9999.000 -9999.000 -9999.000 -9999.000
-9999.000 -9999.000 -9999.000 -9999.000 -9999.000 0.6342365E-01 0.9440167E-01 0.1334463 0.1800205 0.2027639 0.2119567 0.1861992 0.1437716 0.1332808 0.1569020 0.1867281 0.2108172 0.2600310 0.2659993 0.2274875 0.2153274 0.2176315 0.2258490 0.2323292 0.1731541 0.1445169 0.1278619 0.1209374 0.1483197 0.1934738 0.1818252 0.1794956 0.1940767 0.1885096 0.1638192 0.1393883 0.1354176 0.1233569 0.6257781E-01 -9999.000 -9999.000 -9999.000 -9999.000 -9999.000 -9999.000 -9999.000 -9999.000 -9999.000 -9999.000 -9999.000 -9999.000 -9999.000 -9999.000 -9999.000 -9999.000 -9999.000 -9999.000 -9999.000 -9999.000
-9999.000 -9999.000 -9999.000 -9999.000 -9999.000 -9999.000 0.1198385 0.1234848 0.1580448 0.2039051 0.2338874 0.2149571 0.1692546 0.1354597 0.1400808 0.1547624 0.1896924 0.2554861 0.2777671 0.2753425 0.2884089 0.2234348 0.1834852 0.1641045 0.1474547 0.1279142 0.1137297 0.1191800 0.1432086 0.1741273 0.1564232 0.1451427 0.1576938 0.1724708 0.1606086 0.1348067 0.1436600 0.1443951 0.9242609E-01 0.4815669E-01 -9999.000 -9999.000 -9999.000 -9999.000 -9999.000 -9999.000 -9999.000 -9999.000 -9999.000 -9999.000 -9999.000 -9999.000 -9999.000 -9999.000 -9999.000 -9999.000 -9999.000 -9999.000 -9999.000
-9999.000 -9999.000 -9999.000 -9999.000 -9999.000 -9999.000 -9999.000 0.7065195E-01 0.1152323 0.1973721 0.2464019 0.2238015 0.1683225 0.1099803 0.8865200E-01 0.8877476E-01 0.1410156 0.2401136 0.2460210 0.2222979 0.1859163 0.1508396 0.1461515 0.1851061 0.2156187 0.1544489 0.1316546 0.1476247 0.1659770 0.1868215 0.1809535 0.1582714 0.1514111 0.1680745 0.1442976 0.9295463E-01 0.9156817E-01 0.1204682 0.1103475 0.8378746E-01 -9999.000 -9999.000 -9999.000 -9999.000 -9999.000 -9999.000 -9999.000 -9999.000 -9999.000 -9999.000 -9999.000 -9999.000 -9999.000 -9999.000 -9999.000 -9999.000 -9999.000 -9999.000 -9999.000
-9999.000 -9999.000 -9999.000 -9999.000 -9999.000 -9999.000 -9999.000 -9999.000 0.6722767E-01 0.1536316 0.2081250 0.2026429 0.1434175 0.7629221E-01 0.4659379E-01 0.3916271E-01 0.8100787E-01 0.1642507 0.1606923 0.1312980 0.1072249 0.1119850 0.1454160 0.2262361 0.2616402 0.2088920 0.1971930 0.2112456 0.2168054 0.2264480 0.2439035 0.2466330 0.2026268 0.1596716 0.1016455 0.4800274E-01 0.8329405E-01 0.1317002 0.1412002 0.1000327 -9999.000 -9999.000 -9999.000 -9999.000 -9999.000 -9999.000 -9999.000 -9999.000 -9999.000 -9999.000 -9999.000 -9999.000 -9999.000 -9999.000 -9999.000 -9999.000 -9999.000 -9999.000 -9999.000
-9999.000 -9999.000 -9999.000 -9999.000 -9999.000 -9999.000 -9999.000 -9999.000 0.3528172E-01 0.9259408E-01 0.1577395 0.1754953 0.1431219 0.7243321E-01 0.3619796E-01 -9999.000 0.3590433E-01 0.8097442E-01 0.1002873 0.1049721 0.1311681 0.1349681 0.1430343 0.2191782 0.2647373 0.2488933 0.2416741 0.2427678 0.2172786 0.2123915 0.2690031 0.2820229 0.2430626 0.1612987 0.7911775E-01 0.8021523E-01 0.1226413 0.1379379 0.1237190 0.9819087E-01 0.5985584E-01 -9999.000 -9999.000 -9999.000 -9999.000 -9999.000 -9999.000 -9999.000 -9999.000 -9999.000 -9999.000 -9999.000 -9999.000 -9999.000 -9999.000 -9999.000 -9999.000 -9999.000 -9999.000
-9999.000 -9999.000 -9999.000 -9999.000 -9999.000 -9999.000 -9999.000 -9999.000 -9999.000 0.7513129E-01 0.1490728 0.1734906 0.1595581 0.1079372 0.6439769E-01 0.3788106E-01 0.2473192E-01 0.4671484E-01 0.6725186E-01 0.8919423E-01 0.1287472 0.1654750 0.1664993 0.2102043 0.2650604 0.2544455 0.2276413 0.1915905 0.1192535 0.1313678 0.2117507 0.2291319 0.2217592 0.1683000 0.1336387 0.1480108 0.1560572 0.1434692 0.1268215 0.1382810 0.1142330 -9999.000 -9999.000 -9999.000 -9999.000 -9999.000 -9999.000 -9999.000 -9999.000 -9999.000 -9999.000 -9999.000 -9999.000 -9999.000 -9999.000 -9999.000 -9999.000 -9999.000 -9999.000
-9999.000 -9999.000 -9999.000 -9999.000 -9999.000 -9999.000 -9999.000 -9999.000 -9999.000 -9999.000 0.1089769 0.1500085 0.1646864 0.1417028 0.1009968 0.4789229E-01 0.2236704E-01 0.2616377E-01 0.4442051E-01 0.6985022E-01 0.1200958 0.1828186 0.1912285 0.2105059 0.2584971 0.2278595 0.1739466 0.1125759 0.1172615 0.1415683 0.1580326 0.1620489 0.1698331 0.1573016 0.1567611 0.1893290 0.1840667 0.1607517 0.1706984 0.1871991 0.1482136 -9999.000 -9999.000 -9999.000 -9999.000 -9999.000 -9999.000 -9999.000 -9999.000 -9999.000 -9999.000 -9999.000 -9999.000 -9999.000 -9999.000 -9999.000 -9999.000 -9999.000 -9999.000
-9999.000 -9999.000 -9999.000 -9999.000 -9999.000 -9999.000 -9999.000 -9999.000 -9999.000 0.2532670E-01 0.7510042E-01 0.1221822 0.1614138 0.1771738 0.1342417 0.6910480E-01 0.2667480E-01 0.1958658E-01 0.3327827E-01 0.5818784E-01 0.1002795 0.1529225 0.1646310 0.1950638 0.2184536 0.1782397 0.1144330 0.9105706E-01 0.1504011 0.1956518 0.1820727 0.1535100 0.1554497 0.1415852 0.1514379 0.2003709 0.1911782 0.1629574 0.1811183 0.2154284 0.1755457 0.1094322 -9999.000 -9999.000 -9999.000 -9999.000 -9999.000 -9999.000 -9999.000 -9999.000 -9999.000 -9999.000 -9999.000 -9999.000 -9999.000 -9999.000 -9999.000 -9999.000 -9999.000
-9999.000 -9999.000 -9999.000 -9999.000 -9999.000 -9999.000 -9999.000 -9999.000 -9999.000 -9999.000 -9999.000 0.7230100E-01 0.1373127 0.1840763 0.1677549 0.1085135 -9999.000 -9999.000 0.1879517E-01 -9999.000 0.6545055E-01 0.1040495 0.1094234 0.1444174 0.1845349 0.1634011 0.1528574 0.1554107 0.2000356 0.2287191 0.2327470 0.1983566 0.2061495 0.2052076 0.2101157 0.2338602 0.2092511 0.1941560 0.2059671 0.2282168 0.2053536 0.1331451 0.8659122E-01 -9999.000 -9999.000 -9999.000 -9999.000 -9999.000 -9999.000 -9999.000 -9999.000 -9999.000 -9999.000 -9999.000 -9999.000 -9999.000 -9999.000 -9999.000 -9999.000
-9999.000 -9999.000 -9999.000 -9999.000 -9999.000 -9999.000 -9999.000 -9999.000 -9999.000 -9999.000 -9999.000 -9999.000 0.9099677E-01 0.1575935 0.1706294 0.1303114 0.6464409E-01 -9999.000 -9999.000 0.1817113E-01 0.4223419E-01 0.5876723E-01 0.4884357E-01 0.9058953E-01 0.1878831 0.2038145 0.2038205 0.2395189 0.2424454 0.2204720 0.2417127 0.2775643 0.3023947 0.3253289 0.3010237 0.2631757 0.2417328 0.2472998 0.2508761 0.2569505 0.2297439 0.1755404 0.1220467 -9999.000 -9999.000 -9999.000 -9999.000 -9999.000 -9999.000 -9999.000 -9999.000 -9999.000 -9999.000 -9999.000 -9999.000 -9999.000 -9999.000 -9999.000 -9999.000
-9999.000 -9999.000 -9999.000 -9999.000 -9999.000 -9999.000 -9999.000 -9999.000 -9999.000 -9999.000 -9999.000 -9999.000 0.7802497E-01 0.1508631 0.1779240 0.1504175 0.9889252E-01 0.4321855E-01 0.1926654E-01 0.2280150E-01 0.4331785E-01 0.4589482E-01 0.3264258E-01 0.7365296E-01 0.1540902 0.1780772 0.1986431 0.2599127 0.2786063 0.2348025 0.2446228 0.3100508 0.3335093 0.3426878 0.3310862 0.2848884 0.2661933 0.2612342 0.2687798 0.2729906 0.2577824 0.2351494 0.1650645 0.7311722E-01 -9999.000 -9999.000 -9999.000 -9999.000 -9999.000 -9999.000 -9999.000 -9999.000 -9999.000 -9999.000 -9999.000 -9999.000 -9999.000 -9999.000 -9999.000
-9999.000 -9999.000 -9999.000 -9999.000 -9999.000 -9999.000 -9999.000 -9999.000 -9999.000 -9999.000 -9999.000 -9999.000 0.8007478E-01 0.1575333 0.1866848 0.1796904 0.1430944 0.8302539E-01 0.3924504E-01 0.3312009E-01 0.4107143E-01 0.3620679E-01 0.3108384E-01 0.6345275E-01 0.9829390E-01 0.1067470 0.1396333 0.2159929 0.2664473 0.2556796 0.2744200 0.3189367 0.3035425 0.2900913 0.2930821 0.2835016 0.2456493 0.2457027 0.2470327 0.2606153 0.2664094 0.2511871 0.1998469 0.1057552 0.4309894E-01 -9999.000 -9999.000 -9999.000 -9999.000 -9999.000 -9999.000 -9999.000 -9999.000 -9999.000 -9999.000 -9999.000 -9999.000 -9999.000 -9999.000
-9999.000 -9999.000 -9999.000 -9999.000 -9999.000 -9999.000 -9999.000 -9999.000 -9999.000 -9999.000 -9999.000 -9999.000 0.7493410E-01 0.1473636 0.1935113 0.1961627 0.1752707 0.1221820 0.5639582E-01 0.3945530E-01 0.3967913E-01 0.4593504E-01 0.5874222E-01 0.7390195E-01 0.6982190E-01 0.6328697E-01 0.9480201E-01 0.1529299 0.2061953 0.2306925 0.2979408 0.2865293 0.2228392 0.2253434 0.2429492 0.1858742 0.1530943 0.1352817 0.1597491 0.1877873 0.2142163 0.2221628 0.1946896 0.1279212 0.8895530E-01 -9999.000 -9999.000 -9999.000 -9999.000 -9999.000 -9999.000 -9999.000 -9999.000 -9999.000 -9999.000 -9999.000 -9999.000 -9999.000 -9999.000
-9999.000 -9999.000 -9999.000 -9999.000 -9999.000 -9999.000 -9999.000 -9999.000 -9999.000 -9999.000 -9999.000 -9999.000 -9999.000 0.1192895 0.1823068 0.1947742 0.1841691 0.1377258 0.8252914E-01 0.3983064E-01 0.2907311E-01 0.3950496E-01 0.6184020E-01 0.6823386E-01 0.5257594E-01 0.7301429E-01 0.1208248 0.1615365 0.1950602 0.2256528 0.2439733 0.1992343 0.1654494 0.2499874 0.2774514 0.2237892 0.1532034 0.1332846 0.1462695 0.1557722 0.1731063 0.1912353 0.1861762 0.1552072 0.1176619 0.6895859E-01 -9999.000 -9999.000 -9999.000 -9999.000 -9999.000 -9999.000 -9999.000 -9999.000 -9999.000 -9999.000 -9999.000 -9999.000 -9999.000
-9999.000 -9999.000 -9999.000 -9999.000 -9999.000 -9999.000 -9999.000 -9999.000 -9999.000 -9999.000 -9999.000 -9999.000 -9999.000 0.9841003E-01 0.1538055 0.1626506 0.1737217 0.1443363 0.7671150E-01 0.3742603E-01 0.2023886E-01 0.1873996E-01 0.3064408E-01 0.4386980E-01 0.5603759E-01 0.9089120E-01 0.1632380 0.1901704 0.1901136 0.1744825 0.1739142 0.1597470 0.1652463 0.2546006 0.3196686 0.3076243 0.2539656 0.1798865 0.1729652 0.1962503 0.2033530 0.1963756 0.1897504 0.1587553 0.1101922 0.6080561E-01 -9999.000 -9999.000 -9999.000 -9999.000 -9999.000 -9999.000 -9999.000 -9999.000 -9999.000 -9999.000 -9999.000 -9999.000 -9999.000
-9999.000 -9999.000 -9999.000 -9999.000 -9999.000 -9999.000 -9999.000 -9999.000 -9999.000 -9999.000 -9999.000 -9999.000 -9999.000 0.9427214E-01 0.1355641 0.1377665 0.1615527 0.1478279 0.9690953E-01 0.6606196E-01 0.3626687E-01 0.1966769E-01 0.1598995E-01 0.2320975E-01 0.3563107E-01 0.7018346E-01 0.1188990 0.1347235 0.1545127 0.1502952 0.1788504 0.2084044 0.1929316 0.2309147 0.2803940 0.2915723 0.2531048 0.2056250 0.1939172 0.2089815 0.1903707 0.1770668 0.1811865 0.1688191 0.1453588 0.1077900 0.7025801E-01 0.3679286E-01 -9999.000 -9999.000 -9999.000 -9999.000 -9999.000 -9999.000 -9999.000 -9999.000 -9999.000 -9999.000 -9999.000
