simulation_files/asc/Depth____335.0.asc
NCOLS       216
NROWS       273
XLLCENTER        494.688995
YLLCENTER        787.867981
CELLSIZE           0.500
NODATA_VALUE     -9999.0
[rows 182 to 207 of 273, columns 120 to 179 of 216]
-9999.000 -9999.000 -9999.000 -9999.000 -9999.000 -9999.000 -9999.000 -9999.000 -9999.000 0.5848843E-01 0.1487365 0.2223204 0.2293733 0.1811352 0.1033413 0.5547106E-01 0.2279951E-01 0.4072156E-01 0.6984981E-01 0.7076500E-01 0.6433673E-01 0.1254221 0.2225244 0.2178617 0.2236568 0.2694421 0.2756167 0.2505642 0.2702402 0.3102094 0.3398919 0.3661266 0.3433194 0.3035585 0.2819635 0.2889490 0.2903545 0.2944233 0.2644666 0.2089432 0.1413138 0.6220362E-01 -9999.000 -9999.000 -9999.000 -9999.000 -9999.000 -9999.000 -9999.000 -9999.000 -9999.000 -9999.000 -9999.000 -9999.000 -9999.000 -9999.000 -9999.000 -9999.000 -9999.000 -9999.000
-9999.000 -9999.000 -9999.000 -9999.000 -9999.000 -9999.000 -9999.000 -9999.000 -9999.000 0.4540092E-01 0.1261232 0.2031800 0.2303264 0.2046655 0.1569488 0.9659047E-01 0.4621727E-01 0.4510885E-01 0.6418212E-01 0.5460625E-01 0.5417256E-01 0.1130796 0.1771821 0.1894700 0.2202393 0.2917034 0.3119583 0.2640315 0.2758970 0.3461584 0.3726966 0.3829402 0.3724589 0.3251974 0.3093654 0.3029815 0.3074900 0.3098915 0.2920899 0.2688702 0.1818747 0.7259135E-01 -9999.000 -9999.000 -9999.000 -9999.000 -9999.000 -9999.000 -9999.000 -9999.000 -9999.000 -9999.000 -9999.000 -9999.000 -9999.000 -9999.000 -9999.000 -9999.000 -9999.000 -9999.000
-9999.000 -9999.000 -9999.000 -9999.000 -9999.000 -9999.000 -9999.000 -9999.000 -9999.000 -9999.000 0.1161579 0.2041716 0.2371405 0.2341895 0.1993386 0.1448685 0.8590623E-01 0.5628585E-01 0.5465864E-01 0.5038258E-01 0.5884886E-01 0.8595159E-01 0.1029766 0.1186767 0.1707381 0.2509432 0.2994450 0.2852724 0.3086195 0.3561037 0.3358899 0.3256575 0.3307709 0.3159843 0.2727571 0.2710304 0.2764589 0.2894709 0.2949884 0.2830824 0.2318522 0.1296020 0.6697573E-01 -9999.000 -9999.000 -9999.000 -9999.000 -9999.000 -9999.000 -9999.000 -9999.000 -9999.000 -9999.000 -9999.000 -9999.000 -9999.000 -9999.000 -9999.000 -9999.000 -9999.000
-9999.000 -9999.000 -9999.000 -9999.000 -9999.000 -9999.000 -9999.000 -9999.000 -9999.000 0.1317553E-01 0.1094022 0.2010488 0.2469924 0.2503141 0.2302563 0.1837365 0.1159177 0.7308211E-01 0.5675278E-01 0.6412016E-01 0.7603758E-01 0.7583255E-01 0.6525976E-01 0.8448540E-01 0.1270777 0.1872832 0.2402398 0.2642980 0.3327974 0.3110910 0.2442559 0.2577952 0.2760383 0.2090962 0.1732706 0.1534957 0.1847165 0.2089373 0.2434298 0.2531549 0.2232964 0.1570721 0.1223134 -9999.000 -9999.000 -9999.000 -9999.000 -9999.000 -9999.000 -9999.000 -9999.000 -9999.000 -9999.000 -9999.000 -9999.000 -9999.000 -9999.000 -9999.000 -9999.000 -9999.000
-9999.000 -9999.000 -9999.000 -9999.000 -9999.000 -9999.000 -9999.000 -9999.000 -9999.000 -9999.000 -9999.000 0.1740702 0.2367027 0.2483901 0.2400337 0.1978317 0.1395996 0.7657002E-01 0.4764890E-01 0.5045635E-01 0.6873000E-01 0.6925779E-01 0.6805858E-01 0.9557454E-01 0.1487403 0.1937054 0.2281298 0.2532690 0.2660845 0.2167458 0.1937261 0.2887873 0.3110139 0.2580536 0.1835803 0.1609303 0.1761047 0.1948801 0.2127083 0.2259099 0.2150075 0.1852497 0.1487102 0.1041720 -9999.000 -9999.000 -9999.000 -9999.000 -9999.000 -9999.000 -9999.000 -9999.000 -9999.000 -9999.000 -9999.000 -9999.000 -9999.000 -9999.000 -9999.000 -9999.000
-9999.000 -9999.000 -9999.000 -9999.000 -9999.000 -9999.000 -9999.000 -9999.000 -9999.000 -9999.000 -9999.000 0.1565171 0.2092124 0.2206576 0.2331795 0.1984316 0.1166153 0.7043213E-01 0.4491837E-01 0.3082509E-01 0.3965767E-01 0.5955617E-01 0.7454066E-01 0.1161771 0.1912167 0.2168193 0.2104190 0.1913854 0.1978864 0.1912844 0.2026014 0.2896986 0.3557373 0.3354845 0.2730436 0.2019528 0.2071262 0.2315875 0.2317879 0.2144996 0.2098217 0.1788197 0.1339299 0.8957106E-01 -9999.000 -9999.000 -9999.000 -9999.000 -9999.000 -9999.000 -9999.000 -9999.000 -9999.000 -9999.000 -9999.000 -9999.000 -9999.000 -9999.000 -9999.000 -9999.000
-9999.000 -9999.000 -9999.000 -9999.000 -9999.000 -9999.000 -9999.000 -9999.000 -9999.000 -9999.000 -9999.000 0.1575007 0.1900504 0.1931854 0.2127434 0.1902043 0.1310930 0.1001832 0.7022950E-01 0.4132816E-01 0.3062335E-01 0.3728699E-01 0.5591848E-01 0.9595844E-01 0.1374139 0.1468158 0.1721822 0.1726632 0.2124133 0.2452237 0.2275219 0.2607991 0.3090411 0.2973163 0.2668615 0.2347287 0.2283601 0.2245205 0.1929809 0.1932785 0.2067014 0.1955606 0.1805093 0.1456651 0.1073061 0.6663395E-01 -9999.000 -9999.000 -9999.000 -9999.000 -9999.000 -9999.000 -9999.000 -9999.000 -9999.000 -9999.000 -9999.000 -9999.000 -9999.000 -9999.000
-9999.000 -9999.000 -9999.000 -9999.000 -9999.000 -9999.000 -9999.000 -9999.000 -9999.000 -9999.000 -9999.000 0.9132462E-01 0.1565718 0.1903991 0.2146692 0.2125177 0.1883860 0.1622043 0.1145500 0.8484787E-01 0.4249817E-01 0.2079792E-01 0.3096395E-01 0.6113439E-01 0.8012700E-01 0.9561085E-01 0.1767203 0.2165895 0.2591704 0.2860428 0.2761143 0.2626272 0.2521972 0.2305969 0.2433383 0.2508449 0.2449149 0.1902152 0.1830310 0.2176464 0.2328449 0.2285428 0.2414971 0.2241486 0.1860521 0.1110365 -9999.000 -9999.000 -9999.000 -9999.000 -9999.000 -9999.000 -9999.000 -9999.000 -9999.000 -9999.000 -9999.000 -9999.000 -9999.000 -9999.000
-9999.000 -9999.000 -9999.000 -9999.000 -9999.000 -9999.000 -9999.000 -9999.000 -9999.000 -9999.000 -9999.000 -9999.000 0.1022607 0.1584421 0.1974639 0.2153205 0.2189958 0.2095765 0.1560188 0.1155430 0.6484998E-01 0.1693302E-01 0.1754725E-01 0.2873682E-01 0.4769588E-01 0.9086630E-01 0.1670405 0.2200696 0.2600713 0.2863712 0.2745107 0.2742707 0.2870865 0.2663181 0.2627335 0.2964555 0.2563584 0.2202623 0.2510094 0.2794608 0.2775970 0.2684335 0.2874835 0.2691528 0.2313027 0.1448721 0.4035101E-01 -9999.000 -9999.000 -9999.000 -9999.000 -9999.000 -9999.000 -9999.000 -9999.000 -9999.000 -9999.000 -9999.000 -9999.000 -9999.000
-9999.000 -9999.000 -9999.000 -9999.000 -9999.000 -9999.000 -9999.000 -9999.000 -9999.000 -9999.000 -9999.000 -9999.000 0.5052036E-01 0.1042063 0.1598056 0.1972378 0.2309505 0.2357614 0.1989668 0.1575471 0.1085902 0.4891676E-01 0.2832149E-01 0.3299172E-01 0.4119074E-01 0.6819618E-01 0.1170391 0.1763114 0.2259375 0.2592409 0.2545252 0.2680066 0.2946192 0.2584234 0.2701324 0.3032565 0.2516480 0.2586836 0.3197459 0.3430339 0.3122098 0.3077141 0.3248709 0.2761999 0.2199455 0.1295504 0.4017357E-01 -9999.000 -9999.000 -9999.000 -9999.000 -9999.000 -9999.000 -9999.000 -9999.000 -9999.000 -9999.000 -9999.000 -9999.000 -9999.000
-9999.000 -9999.000 -9999.000 -9999.000 -9999.000 -9999.000 -9999.000 -9999.000 -9999.000 -9999.000 -9999.000 -9999.000 -9999.000 0.5771284E-01 0.1177369 0.1819181 0.2104709 0.2350714 0.2322254 0.1949498 0.1545281 0.1016126 0.5886224E-01 0.3606721E-01 0.2919725E-01 0.3827881E-01 0.6840891E-01 0.1369912 0.2068061 0.2492015 0.2294930 0.2262196 0.2239576 0.2203062 0.2883508 0.3123554 0.2642428 0.2866478 0.3618026 0.3767377 0.3456195 0.3156454 0.2634906 0.2018875 0.1617483 0.1113023 0.7772419E-01 0.5405544E-01 -9999.000 -9999.000 -9999.000 -9999.000 -9999.000 -9999.000 -9999.000 -9999.000 -9999.000 -9999.000 -9999.000 -9999.000
-9999.000 -9999.000 -9999.000 -9999.000 -9999.000 -9999.000 -9999.000 -9999.000 -9999.000 -9999.000 -9999.000 -9999.000 -9999.000 0.3463470E-01 0.1040054 0.1265252 0.1209853 0.1487644 0.1897538 0.1961894 0.1878098 0.1456969 0.9201157E-01 0.4962459E-01 0.2467373E-01 -9999.000 0.3492248E-01 0.9865650E-01 0.1818623 0.2197310 0.1638379 0.1877058 0.2196702 0.2347828 0.3021520 0.3272574 0.2996223 0.3177167 0.3538272 0.3660537 0.3229269 0.2320296 0.1931872 0.1564311 0.1669612 0.1796638 0.1594233 0.1220924 0.9428892E-01 -9999.000 -9999.000 -9999.000 -9999.000 -9999.000 -9999.000 -9999.000 -9999.000 -9999.000 -9999.000 -9999.000
-9999.000 -9999.000 -9999.000 -9999.000 -9999.000 -9999.000 -9999.000 -9999.000 -9999.000 -9999.000 -9999.000 -9999.000 -9999.000 -9999.000 0.8843718E-01 0.6906875E-01 -9999.000 0.4132114E-01 0.9964389E-01 0.1666959 0.2079196 0.1787347 0.1426599 0.9304885E-01 0.5393812E-01 0.4595499E-01 0.3217647E-01 0.7556448E-01 0.1491149 0.1632338 0.1288676 0.1796359 0.2342096 0.2565869 0.2923664 0.3216000 0.3173252 0.3130916 0.3251597 0.3218260 0.2731484 0.2571780 0.2308403 0.2240150 0.2478825 0.2520029 0.2438368 0.2381103 0.1683698 0.7460300E-01 -9999.000 -9999.000 -9999.000 -9999.000 -9999.000 -9999.000 -9999.000 -9999.000 -9999.000 -9999.000
-9999.000 -9999.000 -9999.000 -9999.000 -9999.000 -9999.000 -9999.000 -9999.000 -9999.000 -9999.000 -9999.000 -9999.000 -9999.000 -9999.000 -9999.000 -9999.000 -9999.000 0.5653714E-01 0.7722958E-01 0.1180165 0.1698345 0.1799041 0.1528243 0.1020863 0.6046420E-01 0.3568588E-01 0.2796355E-01 0.4525635E-01 0.9493599E-01 0.1309914 0.1248751 0.1607392 0.2198304 0.2460969 0.2725107 0.2909786 0.3005694 0.2958602 0.3074546 0.3187631 0.3185340 0.3232124 0.2977568 0.2850521 0.2802079 0.2822469 0.2672548 0.2589077 0.1939954 0.1029272 -9999.000 -9999.000 -9999.000 -9999.000 -9999.000 -9999.000 -9999.000 -9999.000 -9999.000 -9999.000
-9999.000 -9999.000 -9999.000 -9999.000 -9999.000 -9999.000 -9999.000 -9999.000 -9999.000 -9999.000 -9999.000 -9999.000 -9999.000 -9999.000 -9999.000 -9999.000 0.5253065E-01 0.9366828E-01 0.9728932E-01 0.1031293 0.1381238 0.1549392 0.1390129 0.1068598 0.6601208E-01 0.3431877E-01 0.1632461E-01 -9999.000 -9999.000 -9999.000 0.1039509 0.1307515 0.1701482 0.1944758 0.2365908 0.2825261 0.2866487 0.2804579 0.3086666 0.3597534 0.3782813 0.3726137 0.3201939 0.2872641 0.3017989 0.3066512 0.2861571 0.2303281 0.1553896 0.1017850 -9999.000 -9999.000 -9999.000 -9999.000 -9999.000 -9999.000 -9999.000 -9999.000 -9999.000 -9999.000
-9999.000 -9999.000 -9999.000 -9999.000 -9999.000 -9999.000 -9999.000 -9999.000 -9999.000 -9999.000 -9999.000 -9999.000 -9999.000 -9999.000 -9999.000 -9999.000 -9999.000 0.8980829E-01 0.7949338E-01 0.9174459E-01 0.1003882 0.1288935 0.1471534 0.1264314 0.9539825E-01 0.5903178E-01 0.2373567E-01 -9999.000 -9999.000 -9999.000 -9999.000 0.9601195E-01 0.1115390 0.1243374 0.1811553 0.2403182 0.2392614 0.2403392 0.3013112 0.3709333 0.3998511 0.3728797 0.3146197 0.2870393 0.2972173 0.2724092 0.2282673 0.1726560 0.1268460 0.1064153 -9999.000 -9999.000 -9999.000 -9999.000 -9999.000 -9999.000 -9999.000 -9999.000 -9999.000 -9999.000
-9999.000 -9999.000 -9999.000 -9999.000 -9999.000 -9999.000 -9999.000 -9999.000 -9999.000 -9999.000 -9999.000 -9999.000 -9999.000 -9999.000 -9999.000 -9999.000 -9999.000 -9999.000 0.1154756 0.7037969E-01 0.4746798E-01 0.8045295E-01 0.1156337 0.1173458 0.1110260 0.8921593E-01 0.4673044E-01 0.1998216E-01 -9999.000 -9999.000 -9999.000 0.5390161E-01 0.6627295E-01 0.8197593E-01 0.1242458 0.1714188 0.1809972 0.2253800 0.3070172 0.3543239 0.3582760 0.3324984 0.2964206 0.2641280 0.2522323 0.1916602 0.1461798 0.1241895 0.1318685 0.1307938 0.8969230E-01 -9999.000 -9999.000 -9999.000 -9999.000 -9999.000 -9999.000 -9999.000 -9999.000 -9999.000
-9999.000 -9999.000 -9999.000 -9999.000 -9999.000 -9999.000 -9999.000 -9999.000 -9999.000 -9999.000 -9999.000 -9999.000 -9999.000 -9999.000 -9999.000 -9999.000 -9999.000 -9999.000 0.1120783 0.4992287E-01 0.3582885E-01 0.6979299E-01 0.9040728E-01 0.8519756E-01 0.1076141 0.9360429E-01 -9999.000 -9999.000 -9999.000 -9999.000 -9999.000 -9999.000 0.3510450E-01 0.7437126E-01 0.1295885 0.1662992 0.1946533 0.2460706 0.2786709 0.3054813 0.2973488 0.2787182 0.2640453 0.2677206 0.2398764 0.2239967 0.2020890 0.1485689 0.1494480 0.1694958 0.1392505 0.5057495E-01 -9999.000 -9999.000 -9999.000 -9999.000 -9999.000 -9999.000 -9999.000 -9999.000
-9999.000 -9999.000 -9999.000 -9999.000 -9999.000 -9999.000 -9999.000 -9999.000 -9999.000 -9999.000 -9999.000 -9999.000 -9999.000 -9999.000 -9999.000 -9999.000 -9999.000 0.1249020 0.8997536E-01 0.4562563E-01 0.7324495E-01 0.1222139 0.1312510 0.9282841E-01 0.9831585E-01 0.8074707E-01 0.5020898E-01 -9999.000 -9999.000 -9999.000 -9999.000 -9999.000 -9999.000 0.6906733E-01 0.1446634 0.1961473 0.2303811 0.2234810 0.2136032 0.2239953 0.2489887 0.2227306 0.2338191 0.2749836 0.2612268 0.2695839 0.2494963 0.1960601 0.1792176 0.2049028 0.1825198 0.7555897E-01 0.2448449E-01 -9999.000 -9999.000 -9999.000 -9999.000 -9999.000 -9999.000 -9999.000
-9999.000 -9999.000 -9999.000 -9999.000 -9999.000 -9999.000 -9999.000 -9999.000 -9999.000 -9999.000 -9999.000 -9999.000 -9999.000 -9999.000 -9999.000 -9999.000 0.6521727E-01 0.1246775 0.1214815 0.8156965E-01 0.1429207 0.1870925 0.1721306 0.1257481 0.1157411 0.8283327E-01 -9999.000 -9999.000 -9999.000 -9999.000 -9999.000 -9999.000 -9999.000 0.6130424E-01 0.1173104 0.1594874 0.1804616 0.1867248 0.1922116 0.2045330 0.2043227 0.1768010 0.1776410 0.2538184 0.2805942 0.2691668 0.2435259 0.2115424 0.2006016 0.2073417 0.1933055 0.1011968 0.4338820E-01 -9999.000 -9999.000 -9999.000 -9999.000 -9999.000 -9999.000 -9999.000
-9999.000 -9999.000 -9999.000 -9999.000 -9999.000 -9999.000 -9999.000 -9999.000 -9999.000 -9999.000 -9999.000 -9999.000 -9999.000 -9999.000 -9999.000 -9999.000 -9999.000 0.7318103E-01 0.9365963E-01 0.1015513 0.1452790 0.1667703 0.1550018 0.1676311 0.1628789 0.1096420 -9999.000 -9999.000 -9999.000 -9999.000 -9999.000 -9999.000 -9999.000 0.3419287E-01 0.6224094E-01 0.7108264E-01 0.1091882 0.1513329 0.1962401 0.2010351 0.2014084 0.1884246 0.1798466 0.2298474 0.2625830 0.2627874 0.2525303 0.2171408 0.2164170 0.2267128 0.1821532 0.1178807 0.8389060E-01 0.3316770E-01 -9999.000 -9999.000 -9999.000 -9999.000 -9999.000 -9999.000
-9999.000 -9999.000 -9999.000 -9999.000 -9999.000 -9999.000 -9999.000 -9999.000 -9999.000 -9999.000 -9999.000 -9999.000 -9999.000 -9999.000 -9999.000 -9999.000 -9999.000 0.3421341E-01 0.6000942E-01 0.7976854E-01 0.1094696 0.1147246 0.1201018 0.1647587 0.1866885 0.1399671 0.7445157E-01 0.2933114E-01 -9999.000 -9999.000 -9999.000 -9999.000 -9999.000 -9999.000 0.5281064E-01 0.7380034E-01 0.9729552E-01 0.1343708 0.1621790 0.1720021 0.2023800 0.2336295 0.2356580 0.2386852 0.2258132 0.2540083 0.2439218 0.2188368 0.2444831 0.2660888 0.2179633 0.1782063 0.1449420 0.8658230E-01 -9999.000 -9999.000 -9999.000 -9999.000 -9999.000 -9999.000
-9999.000 -9999.000 -9999.000 -9999.000 -9999.000 -9999.000 -9999.000 -9999.000 -9999.000 -9999.000 -9999.000 -9999.000 -9999.000 -9999.000 -9999.000 -9999.000 -9999.000 -9999.000 0.6993087E-01 0.5723881E-01 0.6298283E-01 0.8384183E-01 0.1056946 0.1476887 0.1842368 0.1611473 0.1099704 0.5016115E-01 0.2022846E-01 -9999.000 -9999.000 -9999.000 -9999.000 -9999.000 0.5455681E-01 0.8178985E-01 0.1062497 0.1316859 0.1504675 0.1577551 0.1737482 0.2109188 0.2238663 0.2073590 0.1967040 0.1903142 0.1777629 0.1930951 0.2629601 0.3004712 0.2649971 0.2321688 0.1889454 0.1658648 0.1456664 -9999.000 -9999.000 -9999.000 -9999.000 -9999.000
-9999.000 -9999.000 -9999.000 -9999.000 -9999.000 -9999.000 -9999.000 -9999.000 -9999.000 -9999.000 -9999.000 -9999.000 -9999.000 -9999.000 -9999.000 -9999.000 -9999.000 -9999.000 0.5535761E-01 -9999.000 0.3157972E-01 0.1009239 0.1482823 0.1769869 0.1654923 0.1282207 0.9971112E-01 0.6376367E-01 0.3348449E-01 -9999.000 -9999.000 -9999.000 -9999.000 -9999.000 -9999.000 -9999.000 0.7420954E-01 0.1183371 0.1551532 0.1648382 0.1766032 0.2018216 0.2226745 0.1723765 0.1139580 0.8999126E-01 0.1042208 0.1850577 0.2722582 0.3132272 0.2603890 0.2303210 0.2028675 0.1906247 0.1486734 0.7910337E-01 -9999.000 -9999.000 -9999.000 -9999.000
-9999.000 -9999.000 -9999.000 -9999.000 -9999.000 -9999.000 -9999.000 -9999.000 -9999.000 -9999.000 -9999.000 -9999.000 -9999.000 -9999.000 -9999.000 -9999.000 -9999.000 -9999.000 -9999.000 -9999.000 -9999.000 0.1184821 0.1979102 0.2141764 0.1706986 0.1343193 0.1047992 0.8023082E-01 0.4631347E-01 -9999.000 -9999.000 -9999.000 -9999.000 -9999.000 -9999.000 0.2311131E-01 0.6100250E-01 0.1105286 0.1520271 0.1760516 0.2131570 0.2250135 0.2286337 0.1798172 0.1351113 0.1342106 0.1551577 0.2188982 0.2567111 0.2374936 0.2171794 0.2356413 0.2290754 0.1815109 0.1443479 0.9298999E-01 0.3327220E-01 -9999.000 -9999.000 -9999.000
-9999.000 -9999.000 -9999.000 -9999.000 -9999.000 -9999.000 -9999.000 -9999.000 -9999.000 -9999.000 -9999.000 -9999.000 -9999.000 -9999.000 -9999.000 -9999.000 -9999.000 -9999.000 -9999.000 0.2212445E-01 0.5131685E-01 0.1297699 0.2118375 0.2044212 0.1686809 0.1314062 0.1035045 0.8355151E-01 0.5231154E-01 -9999.000 -9999.000 -9999.000 -9999.000 -9999.000 -9999.000 -9999.000 0.4896781E-01 0.1076359 0.1620847 0.2068688 0.2622709 0.2797388 0.2439407 0.2048317 0.2145446 0.2971733 0.3461294 0.3266779 0.2759544 0.2226674 0.2392409 0.2925542 0.2829021 0.2044327 0.1705071 0.1510467 0.7810859E-01 -9999.000 -9999.000 -9999.000
