simulation_files/asc/Depth____000341.asc
NCOLS        79
NROWS        79
XLLCENTER         -1.500000
YLLCENTER         -4.800000
CELLSIZE           0.100
NODATA_VALUE     -9999.0
[rows 0 to 25 of 79, columns 0 to 58 of 79]
-9999.000 -9999.000 -9999.000 -9999.000 -9999.000 -9999.000 -9999.000 -9999.000 -9999.000 -9999.000 -9999.000 -9999.000 -9999.000 -9999.000 -9999.000 0.6647023 0.6650372 0.6650134 0.6648885 0.6647051 0.6644815 0.6642342 0.6639823 0.6637305 0.6634880 0.6632600 0.6630407 0.6627949 0.6624151 0.6623660 0.6623660 -9999.000 -9999.000 -9999.000 -9999.000 -9999.000 -9999.000 -9999.000 -9999.000 -9999.000 -9999.000 -9999.000 -9999.000 -9999.000 -9999.000 -9999.000 -9999.000 -9999.000 -9999.000 -9999.000 -9999.000 -9999.000 -9999.000 -9999.000 -9999.000 -9999.000 -9999.000 -9999.000 -9999.000
-9999.000 -9999.000 -9999.000 -9999.000 -9999.000 -9999.000 -9999.000 -9999.000 -9999.000 -9999.000 -9999.000 -9999.000 -9999.000 -9999.000 -9999.000 0.6664544 0.6667823 0.6667613 0.6666597 0.6665133 0.6663372 0.6661444 0.6659504 0.6657583 0.6655752 0.6654055 0.6652434 0.6650579 0.6647521 0.6647831 0.6647831 -9999.000 -9999.000 -9999.000 -9999.000 -9999.000 -9999.000 -9999.000 -9999.000 -9999.000 -9999.000 -9999.000 -9999.000 -9999.000 -9999.000 -9999.000 -9999.000 -9999.000 -9999.000 -9999.000 -9999.000 -9999.000 -9999.000 -9999.000 -9999.000 -9999.000 -9999.000 -9999.000 -9999.000
-9999.000 -9999.000 -9999.000 -9999.000 -9999.000 -9999.000 -9999.000 -9999.000 -9999.000 -9999.000 -9999.000 -9999.000 -9999.000 -9999.000 -9999.000 0.6683747 0.6687308 0.6687156 0.6686196 0.6684797 0.6683112 0.6681274 0.6679437 0.6677625 0.6675906 0.6674312 0.6672773 0.6670949 0.6667812 0.6668075 0.6668075 -9999.000 -9999.000 -9999.000 -9999.000 -9999.000 -9999.000 -9999.000 -9999.000 -9999.000 -9999.000 -9999.000 -9999.000 -9999.000 -9999.000 -9999.000 -9999.000 -9999.000 -9999.000 -9999.000 -9999.000 -9999.000 -9999.000 -9999.000 -9999.000 -9999.000 -9999.000 -9999.000 -9999.000
-9999.000 -9999.000 -9999.000 -9999.000 -9999.000 -9999.000 -9999.000 -9999.000 -9999.000 -9999.000 -9999.000 -9999.000 -9999.000 -9999.000 -9999.000 0.6703437 0.6707160 0.6707023 0.6706069 0.6704674 0.6702995 0.6701164 0.6699342 0.6697545 0.6695843 0.6694265 0.6692729 0.6690871 0.6687589 0.6687632 0.6687632 -9999.000 -9999.000 -9999.000 -9999.000 -9999.000 -9999.000 -9999.000 -9999.000 -9999.000 -9999.000 -9999.000 -9999.000 -9999.000 -9999.000 -9999.000 -9999.000 -9999.000 -9999.000 -9999.000 -9999.000 -9999.000 -9999.000 -9999.000 -9999.000 -9999.000 -9999.000 -9999.000 -9999.000
-9999.000 -9999.000 -9999.000 -9999.000 -9999.000 -9999.000 -9999.000 -9999.000 -9999.000 -9999.000 -9999.000 -9999.000 -9999.000 -9999.000 -9999.000 0.6723337 0.6727167 0.6727020 0.6726046 0.6724625 0.6722913 0.6721050 0.6719200 0.6717374 0.6715645 0.6714039 0.6712466 0.6710534 0.6707055 0.6706730 0.6706730 -9999.000 -9999.000 -9999.000 -9999.000 -9999.000 -9999.000 -9999.000 -9999.000 -9999.000 -9999.000 -9999.000 -9999.000 -9999.000 -9999.000 -9999.000 -9999.000 -9999.000 -9999.000 -9999.000 -9999.000 -9999.000 -9999.000 -9999.000 -9999.000 -9999.000 -9999.000 -9999.000 -9999.000
-9999.000 -9999.000 -9999.000 -9999.000 -9999.000 -9999.000 -9999.000 -9999.000 -9999.000 -9999.000 -9999.000 -9999.000 -9999.000 -9999.000 -9999.000 0.6743310 0.6747219 0.6747051 0.6746042 0.6744578 0.6742817 0.6740900 0.6739002 0.6737124 0.6735345 0.6733690 0.6732059 0.6730024 0.6726295 0.6725456 0.6725456 -9999.000 -9999.000 -9999.000 -9999.000 -9999.000 -9999.000 -9999.000 -9999.000 -9999.000 -9999.000 -9999.000 -9999.000 -9999.000 -9999.000 -9999.000 -9999.000 -9999.000 -9999.000 -9999.000 -9999.000 -9999.000 -9999.000 -9999.000 -9999.000 -9999.000 -9999.000 -9999.000 -9999.000
-9999.000 -9999.000 -9999.000 -9999.000 -9999.000 -9999.000 -9999.000 -9999.000 -9999.000 -9999.000 -9999.000 -9999.000 -9999.000 -9999.000 -9999.000 0.6763291 0.6767264 0.6767064 0.6766013 0.6764499 0.6762677 0.6760696 0.6758738 0.6756794 0.6754953 0.6753236 0.6751531 0.6749372 0.6745341 0.6743813 0.6743813 -9999.000 -9999.000 -9999.000 -9999.000 -9999.000 -9999.000 -9999.000 -9999.000 -9999.000 -9999.000 -9999.000 -9999.000 -9999.000 -9999.000 -9999.000 -9999.000 -9999.000 -9999.000 -9999.000 -9999.000 -9999.000 -9999.000 -9999.000 -9999.000 -9999.000 -9999.000 -9999.000 -9999.000
-9999.000 -9999.000 -9999.000 -9999.000 -9999.000 -9999.000 -9999.000 -9999.000 -9999.000 -9999.000 -9999.000 -9999.000 -9999.000 -9999.000 -9999.000 0.6783242 0.6787270 0.6787030 0.6785931 0.6784360 0.6782472 0.6780420 0.6778395 0.6776378 0.6774466 0.6772680 0.6770890 0.6768582 0.6764189 0.6761748 0.6761748 -9999.000 -9999.000 -9999.000 -9999.000 -9999.000 -9999.000 -9999.000 -9999.000 -9999.000 -9999.000 -9999.000 -9999.000 -9999.000 -9999.000 -9999.000 -9999.000 -9999.000 -9999.000 -9999.000 -9999.000 -9999.000 -9999.000 -9999.000 -9999.000 -9999.000 -9999.000 -9999.000 -9999.000
-9999.000 -9999.000 -9999.000 -9999.000 -9999.000 -9999.000 -9999.000 -9999.000 -9999.000 -9999.000 -9999.000 -9999.000 -9999.000 -9999.000 -9999.000 0.6803137 0.6807218 0.6806930 0.6805777 0.6804145 0.6802185 0.6800056 0.6797960 0.6795865 0.6793876 0.6792013 0.6790127 0.6787645 0.6782817 0.6779162 0.6779162 -9999.000 -9999.000 -9999.000 -9999.000 -9999.000 -9999.000 -9999.000 -9999.000 -9999.000 -9999.000 -9999.000 -9999.000 -9999.000 -9999.000 -9999.000 -9999.000 -9999.000 -9999.000 -9999.000 -9999.000 -9999.000 -9999.000 -9999.000 -9999.000 -9999.000 -9999.000 -9999.000 -9999.000
-9999.000 -9999.000 -9999.000 -9999.000 -9999.000 -9999.000 -9999.000 -9999.000 -9999.000 -9999.000 -9999.000 -9999.000 -9999.000 -9999.000 -9999.000 0.6822954 0.6827089 0.6826743 0.6825531 0.6823834 0.6821797 0.6819587 0.6817418 0.6815236 0.6813166 0.6811218 0.6809222 0.6806535 0.6801183 0.6795898 0.6795898 -9999.000 -9999.000 -9999.000 -9999.000 -9999.000 -9999.000 -9999.000 -9999.000 -9999.000 -9999.000 -9999.000 -9999.000 -9999.000 -9999.000 -9999.000 -9999.000 -9999.000 -9999.000 -9999.000 -9999.000 -9999.000 -9999.000 -9999.000 -9999.000 -9999.000 -9999.000 -9999.000 -9999.000
-9999.000 -9999.000 -9999.000 -9999.000 -9999.000 -9999.000 -9999.000 -9999.000 -9999.000 -9999.000 -9999.000 -9999.000 -9999.000 -9999.000 -9999.000 0.6842669 0.6846861 0.6846449 0.6845172 0.6843405 0.6841285 0.6838990 0.6836743 0.6834468 0.6832309 0.6830269 0.6828147 0.6825214 0.6819227 0.6811720 0.6811720 -9999.000 -9999.000 -9999.000 -9999.000 -9999.000 -9999.000 -9999.000 -9999.000 -9999.000 -9999.000 -9999.000 -9999.000 -9999.000 -9999.000 -9999.000 -9999.000 -9999.000 -9999.000 -9999.000 -9999.000 -9999.000 -9999.000 -9999.000 -9999.000 -9999.000 -9999.000 -9999.000 -9999.000
-9999.000 -9999.000 -9999.000 -9999.000 -9999.000 -9999.000 -9999.000 -9999.000 -9999.000 -9999.000 -9999.000 -9999.000 -9999.000 -9999.000 -9999.000 0.6862246 0.6866509 0.6866021 0.6864672 0.6862828 0.6860621 0.6858233 0.6855904 0.6853528 0.6851271 0.6849127 0.6846858 0.6843628 0.6836859 0.6826264 0.6826264 -9999.000 -9999.000 -9999.000 -9999.000 -9999.000 -9999.000 -9999.000 -9999.000 -9999.000 -9999.000 -9999.000 -9999.000 -9999.000 -9999.000 -9999.000 -9999.000 -9999.000 -9999.000 -9999.000 -9999.000 -9999.000 -9999.000 -9999.000 -9999.000 -9999.000 -9999.000 -9999.000 -9999.000
-9999.000 -9999.000 -9999.000 -9999.000 -9999.000 -9999.000 -9999.000 -9999.000 -9999.000 -9999.000 -9999.000 -9999.000 -9999.000 -9999.000 -9999.000 0.6881642 0.6885992 0.6885418 0.6883989 0.6882063 0.6879760 0.6877272 0.6874855 0.6872365 0.6869999 0.6867737 0.6865290 0.6861691 0.6853947 0.6838956 0.6838956 -9999.000 -9999.000 -9999.000 -9999.000 -9999.000 -9999.000 -9999.000 -9999.000 -9999.000 -9999.000 -9999.000 -9999.000 -9999.000 -9999.000 -9999.000 -9999.000 -9999.000 -9999.000 -9999.000 -9999.000 -9999.000 -9999.000 -9999.000 -9999.000 -9999.000 -9999.000 -9999.000 -9999.000
-9999.000 -9999.000 -9999.000 -9999.000 -9999.000 -9999.000 -9999.000 -9999.000 -9999.000 -9999.000 -9999.000 -9999.000 -9999.000 -9999.000 -9999.000 0.6900634 0.6905170 0.6904539 0.6903057 0.6901063 0.6898666 0.6896071 0.6893559 0.6890933 0.6888434 0.6886023 0.6883352 0.6879281 0.6870295 0.6848888 0.6848888 -9999.000 -9999.000 -9999.000 -9999.000 -9999.000 -9999.000 -9999.000 -9999.000 -9999.000 -9999.000 -9999.000 -9999.000 -9999.000 -9999.000 -9999.000 -9999.000 -9999.000 -9999.000 -9999.000 -9999.000 -9999.000 -9999.000 -9999.000 -9999.000 -9999.000 -9999.000 -9999.000 -9999.000
-9999.000 -9999.000 -9999.000 -9999.000 -9999.000 -9999.000 -9999.000 -9999.000 -9999.000 -9999.000 -9999.000 -9999.000 -9999.000 -9999.000 -9999.000 0.6883402 0.6915005 0.6925669 0.6927533 0.6926353 0.6924040 0.6920998 0.6917738 0.6914148 0.6910636 0.6907225 0.6903509 0.6897996 0.6886023 0.6847942 0.6847942 -9999.000 -9999.000 -9999.000 -9999.000 -9999.000 -9999.000 -9999.000 -9999.000 -9999.000 -9999.000 -9999.000 -9999.000 -9999.000 -9999.000 -9999.000 -9999.000 -9999.000 -9999.000 -9999.000 -9999.000 -9999.000 -9999.000 -9999.000 -9999.000 -9999.000 -9999.000 -9999.000 -9999.000
0.7525282 0.7525282 0.7591963 0.7384570 0.7343875 0.7343875 0.7314560 0.7267426 0.7267426 0.7227926 0.7227926 0.7193507 0.7177839 0.7163057 0.7148837 0.7148837 0.6952648 0.6940899 0.6940112 0.6946900 0.6958243 0.6974582 0.6997030 0.7019771 0.7043567 0.7065836 0.7080463 0.7071636 0.6997357 0.6695067 0.6695067 0.4653016 0.4312347 0.4122888 0.4060705 0.4060705 0.3969989 0.3969989 0.4025589 0.4025589 0.4151148 0.4667909 0.4667909 0.5687478 0.5687478 0.6040202 0.6040202 0.6040202 0.6014670 0.6014670 0.5907924 0.5907924 0.5773862 0.5773862 0.5637687 0.5637687 0.5514969 0.5514969 0.5514969
0.7495478 0.7495478 0.7578809 0.7374600 0.7333389 0.7333389 0.7304136 0.7257269 0.7257269 0.7217954 0.7217954 0.7183681 0.7168078 0.7153363 0.7139209 0.7139209 0.6968096 0.6924682 0.6886706 0.6854398 0.6828135 0.6809693 0.6800824 0.6800116 0.6807888 0.6822984 0.6842299 0.6859373 0.6852240 0.6717458 0.6717458 0.5326698 0.4804321 0.4300747 0.4163471 0.4163471 0.4016765 0.4016765 0.4061287 0.4061287 0.4177778 0.4624606 0.4624606 0.5457885 0.5457885 0.6025178 0.6025178 0.6025178 0.6015490 0.6015490 0.5911457 0.5911457 0.5777702 0.5777702 0.5642433 0.5642433 0.5520077 0.5520077 0.5520077
0.7478396 0.7478396 0.7578163 0.7374744 0.7333362 0.7333362 0.7303978 0.7257022 0.7257022 0.7217631 0.7217631 0.7183260 0.7167613 0.7152851 0.7138626 0.7138626 0.6978530 0.6906617 0.6837659 0.6775219 0.6721219 0.6677380 0.6645183 0.6624146 0.6614329 0.6615154 0.6624544 0.6637407 0.6637511 0.6555484 0.6555484 0.5656896 0.5116841 0.4478107 0.4291155 0.4291155 0.4113634 0.4113634 0.4193605 0.4193605 0.4325512 0.4721867 0.4721867 0.5340215 0.5340215 0.5963726 0.5963726 0.5963726 0.5993479 0.5993479 0.5903549 0.5903549 0.5774510 0.5774510 0.5641381 0.5641381 0.5520406 0.5520406 0.5520406
0.7464598 0.7464598 0.7579122 0.7375166 0.7333907 0.7333907 0.7304292 0.7257125 0.7257125 0.7217666 0.7217666 0.7183244 0.7167580 0.7152812 0.7138522 0.7138522 0.6981706 0.6883876 0.6785774 0.6694835 0.6614748 0.6547610 0.6494740 0.6455961 0.6430939 0.6418956 0.6418298 0.6424986 0.6426820 0.6373139 0.6373139 0.5797014 0.5314909 0.4652616 0.4450734 0.4450734 0.4297742 0.4297742 0.4443482 0.4443482 0.4583788 0.4892232 0.4892232 0.5281776 0.5281776 0.5846317 0.5846317 0.5846317 0.5927776 0.5927776 0.5869028 0.5869028 0.5754943 0.5754943 0.5629593 0.5629593 0.5514198 0.5514198 0.5514198
0.7454231 0.7454231 0.7581055 0.7375719 0.7334748 0.7334748 0.7304788 0.7257241 0.7257241 0.7217684 0.7217684 0.7183232 0.7167565 0.7152804 0.7138417 0.7138417 0.6974491 0.6852332 0.6726747 0.6608503 0.6502906 0.6412687 0.6339313 0.6282943 0.6243166 0.6219118 0.6209164 0.6209947 0.6212175 0.6179333 0.6179333 0.5809736 0.5412834 0.4808296 0.4637277 0.4637277 0.4590127 0.4590127 0.4799850 0.4799850 0.4916719 0.5088961 0.5088961 0.5268235 0.5268235 0.5696545 0.5696545 0.5696545 0.5820296 0.5820296 0.5804927 0.5804927 0.5717627 0.5717627 0.5607976 0.5607976 0.5503542 0.5503542 0.5503542
0.7449248 0.7449248 0.7581326 0.7376387 0.7335701 0.7335701 0.7305331 0.7257341 0.7257341 0.7217715 0.7217715 0.7183256 0.7167587 0.7152820 0.7138275 0.7138275 0.6954220 0.6807884 0.6656243 0.6512265 0.6382355 0.6269771 0.6176196 0.6102112 0.6047245 0.6010793 0.5991263 0.5985808 0.5987310 0.5969847 0.5969847 0.5737308 0.5432744 0.4961461 0.4878375 0.4878375 0.5001089 0.5001089 0.5208248 0.5208248 0.5260927 0.5274974 0.5274974 0.5287184 0.5287184 0.5547514 0.5547514 0.5547514 0.5685956 0.5685956 0.5713392 0.5713392 0.5661550 0.5661550 0.5575895 0.5575895 0.5488683 0.5488683 0.5488683
0.7444329 0.7444329 0.7584710 0.7376956 0.7336439 0.7336439 0.7305751 0.7257468 0.7257468 0.7217792 0.7217792 0.7183294 0.7167608 0.7152830 0.7138054 0.7138054 0.6918029 0.6746258 0.6569452 0.6401426 0.6248961 0.6115509 0.6002845 0.5911628 0.5841773 0.5792638 0.5762979 0.5750470 0.5749782 0.5743208 0.5743208 0.5605456 0.5397764 0.5162079 0.5228685 0.5228685 0.5498585 0.5498585 0.5591722 0.5591722 0.5559360 0.5433706 0.5433706 0.5327579 0.5327579 0.5423542 0.5423542 0.5423542 0.5544373 0.5544373 0.5601507 0.5601507 0.5587445 0.5587445 0.5532676 0.5532676 0.5469232 0.5469232 0.5469232
0.7442070 0.7442070 0.7587038 0.7377143 0.7336745 0.7336745 0.7305970 0.7257571 0.7257571 0.7217827 0.7217827 0.7183301 0.7167609 0.7152830 0.7137734 0.7137734 0.6862217 0.6662488 0.6460804 0.6270379 0.6097550 0.5945476 0.5815731 0.5708932 0.5625076 0.5563681 0.5523770 0.5503556 0.5499321 0.5500506 0.5500506 0.5434303 0.5340398 0.5490998 0.5728148 0.5728148 0.5992076 0.5992076 0.5895241 0.5895241 0.5789649 0.5565621 0.5565621 0.5380972 0.5380972 0.5334993 0.5334993 0.5334993 0.5413104 0.5413104 0.5479870 0.5479870 0.5498707 0.5498707 0.5478670 0.5478670 0.5444937 0.5444937 0.5444937
0.7444329 0.7444329 0.7584710 0.7376956 0.7336440 0.7336440 0.7305750 0.7257468 0.7257468 0.7217792 0.7217792 0.7183295 0.7167609 0.7152830 0.7137285 0.7137285 0.6781402 0.6550202 0.6323466 0.6112334 0.5921783 0.5754071 0.5610178 0.5490386 0.5394574 0.5322316 0.5272861 0.5244940 0.5236551 0.5245456 0.5245456 0.5249267 0.5323801 0.6013219 0.6327400 0.6327400 0.6381722 0.6381722 0.6112059 0.6112059 0.5960578 0.5676546 0.5676546 0.5440300 0.5440300 0.5280753 0.5280753 0.5280753 0.5303475 0.5303475 0.5360059 0.5360059 0.5401416 0.5401416 0.5415933 0.5415933 0.5416170 0.5416170 0.5416170
0.7449248 0.7449248 0.7581326 0.7376385 0.7335702 0.7335702 0.7305331 0.7257341 0.7257341 0.7217716 0.7217716 0.7183256 0.7167587 0.7152821 0.7136650 0.7136650 0.6667381 0.6400560 0.6148556 0.5918796 0.5713844 0.5534359 0.5380252 0.5251141 0.5146548 0.5065944 0.5008698 0.4974045 0.4962624 0.4987638 0.4987638 0.5102643 0.5472780 0.6674737 0.6868331 0.6868331 0.6634543 0.6634543 0.6264700 0.6264700 0.6090020 0.5770634 0.5770634 0.5499592 0.5499592 0.5253693 0.5253693 0.5253693 0.5219859 0.5219859 0.5252051 0.5252051 0.5303516 0.5303516 0.5348542 0.5348542 0.5384371 0.5384371 0.5384371
0.7454231 0.7454231 0.7581056 0.7375718 0.7334750 0.7334750 0.7304789 0.7257242 0.7257242 0.7217684 0.7217684 0.7183232 0.7167566 0.7152804 0.7135752 0.7135752 0.6507050 0.6200500 0.5923818 0.5678633 0.5463829 0.5277672 0.5118508 0.4984957 0.4875958 0.4790715 0.4728589 0.4689496 0.4680603 0.4757133 0.4757133 0.5120686 0.5952576 0.7260409 0.7208639 0.7208639 0.6786618 0.6786618 0.6375693 0.6375693 0.6190551 0.5848932 0.5848932 0.5553977 0.5553977 0.5245089 0.5245089 0.5245089 0.5161210 0.5161210 0.5162537 0.5162537 0.5213320 0.5213320 0.5282217 0.5282217 0.5352117 0.5352117 0.5352117
