simulation_files/asc/Depth____000260.asc
NCOLS        79
NROWS        79
XLLCENTER         -1.500000
YLLCENTER         -4.800000
CELLSIZE           0.100
NODATA_VALUE     -9999.0
[rows 0 to 25 of 79, columns 0 to 58 of 79]
-9999.000 -9999.000 -9999.000 -9999.000 -9999.000 -9999.000 -9999.000 -9999.000 -9999.000 -9999.000 -9999.000 -9999.000 -9999.000 -9999.000 -9999.000 0.7324097 0.7329257 0.7331224 0.7331106 0.7329159 0.7326406 0.7323329 0.7320129 0.7317102 0.7314231 0.7311577 0.7309129 0.7306590 0.7302863 0.7302508 0.7302508 -9999.000 -9999.000 -9999.000 -9999.000 -9999.000 -9999.000 -9999.000 -9999.000 -9999.000 -9999.000 -9999.000 -9999.000 -9999.000 -9999.000 -9999.000 -9999.000 -9999.000 -9999.000 -9999.000 -9999.000 -9999.000 -9999.000 -9999.000 -9999.000 -9999.000 -9999.000 -9999.000 -9999.000
-9999.000 -9999.000 -9999.000 -9999.000 -9999.000 -9999.000 -9999.000 -9999.000 -9999.000 -9999.000 -9999.000 -9999.000 -9999.000 -9999.000 -9999.000 0.7342069 0.7346759 0.7348359 0.7348249 0.7346663 0.7344478 0.7342082 0.7339625 0.7337344 0.7335206 0.7333255 0.7331471 0.7329585 0.7326618 0.7327133 0.7327133 -9999.000 -9999.000 -9999.000 -9999.000 -9999.000 -9999.000 -9999.000 -9999.000 -9999.000 -9999.000 -9999.000 -9999.000 -9999.000 -9999.000 -9999.000 -9999.000 -9999.000 -9999.000 -9999.000 -9999.000 -9999.000 -9999.000 -9999.000 -9999.000 -9999.000 -9999.000 -9999.000 -9999.000
-9999.000 -9999.000 -9999.000 -9999.000 -9999.000 -9999.000 -9999.000 -9999.000 -9999.000 -9999.000 -9999.000 -9999.000 -9999.000 -9999.000 -9999.000 0.7361158 0.7366210 0.7367928 0.7367899 0.7366369 0.7364241 0.7361916 0.7359542 0.7357360 0.7355324 0.7353469 0.7351765 0.7349917 0.7346891 0.7347364 0.7347364 -9999.000 -9999.000 -9999.000 -9999.000 -9999.000 -9999.000 -9999.000 -9999.000 -9999.000 -9999.000 -9999.000 -9999.000 -9999.000 -9999.000 -9999.000 -9999.000 -9999.000 -9999.000 -9999.000 -9999.000 -9999.000 -9999.000 -9999.000 -9999.000 -9999.000 -9999.000 -9999.000 -9999.000
-9999.000 -9999.000 -9999.000 -9999.000 -9999.000 -9999.000 -9999.000 -9999.000 -9999.000 -9999.000 -9999.000 -9999.000 -9999.000 -9999.000 -9999.000 0.7380759 0.7386042 0.7387822 0.7387816 0.7386274 0.7384133 0.7381800 0.7379422 0.7377248 0.7375219 0.7373372 0.7371668 0.7369793 0.7366644 0.7366902 0.7366902 -9999.000 -9999.000 -9999.000 -9999.000 -9999.000 -9999.000 -9999.000 -9999.000 -9999.000 -9999.000 -9999.000 -9999.000 -9999.000 -9999.000 -9999.000 -9999.000 -9999.000 -9999.000 -9999.000 -9999.000 -9999.000 -9999.000 -9999.000 -9999.000 -9999.000 -9999.000 -9999.000 -9999.000
-9999.000 -9999.000 -9999.000 -9999.000 -9999.000 -9999.000 -9999.000 -9999.000 -9999.000 -9999.000 -9999.000 -9999.000 -9999.000 -9999.000 -9999.000 0.7400557 0.7406018 0.7407835 0.7407822 0.7406234 0.7404044 0.7401667 0.7399244 0.7397041 0.7394978 0.7393098 0.7391358 0.7389420 0.7386100 0.7386003 0.7386003 -9999.000 -9999.000 -9999.000 -9999.000 -9999.000 -9999.000 -9999.000 -9999.000 -9999.000 -9999.000 -9999.000 -9999.000 -9999.000 -9999.000 -9999.000 -9999.000 -9999.000 -9999.000 -9999.000 -9999.000 -9999.000 -9999.000 -9999.000 -9999.000 -9999.000 -9999.000 -9999.000 -9999.000
-9999.000 -9999.000 -9999.000 -9999.000 -9999.000 -9999.000 -9999.000 -9999.000 -9999.000 -9999.000 -9999.000 -9999.000 -9999.000 -9999.000 -9999.000 0.7420417 0.7426032 0.7427871 0.7427833 0.7426179 0.7423925 0.7421486 0.7419000 0.7416749 0.7414633 0.7412702 0.7410908 0.7408884 0.7405349 0.7404758 0.7404758 -9999.000 -9999.000 -9999.000 -9999.000 -9999.000 -9999.000 -9999.000 -9999.000 -9999.000 -9999.000 -9999.000 -9999.000 -9999.000 -9999.000 -9999.000 -9999.000 -9999.000 -9999.000 -9999.000 -9999.000 -9999.000 -9999.000 -9999.000 -9999.000 -9999.000 -9999.000 -9999.000 -9999.000
-9999.000 -9999.000 -9999.000 -9999.000 -9999.000 -9999.000 -9999.000 -9999.000 -9999.000 -9999.000 -9999.000 -9999.000 -9999.000 -9999.000 -9999.000 0.7440278 0.7446035 0.7447881 0.7447807 0.7446075 0.7443746 0.7441236 0.7438678 0.7436373 0.7434194 0.7432202 0.7430342 0.7428213 0.7424420 0.7423175 0.7423175 -9999.000 -9999.000 -9999.000 -9999.000 -9999.000 -9999.000 -9999.000 -9999.000 -9999.000 -9999.000 -9999.000 -9999.000 -9999.000 -9999.000 -9999.000 -9999.000 -9999.000 -9999.000 -9999.000 -9999.000 -9999.000 -9999.000 -9999.000 -9999.000 -9999.000 -9999.000 -9999.000 -9999.000
-9999.000 -9999.000 -9999.000 -9999.000 -9999.000 -9999.000 -9999.000 -9999.000 -9999.000 -9999.000 -9999.000 -9999.000 -9999.000 -9999.000 -9999.000 0.7460110 0.7466000 0.7467841 0.7467719 0.7465898 0.7463489 0.7460905 0.7458268 0.7455906 0.7453657 0.7451597 0.7449663 0.7447413 0.7443311 0.7441210 0.7441210 -9999.000 -9999.000 -9999.000 -9999.000 -9999.000 -9999.000 -9999.000 -9999.000 -9999.000 -9999.000 -9999.000 -9999.000 -9999.000 -9999.000 -9999.000 -9999.000 -9999.000 -9999.000 -9999.000 -9999.000 -9999.000 -9999.000 -9999.000 -9999.000 -9999.000 -9999.000 -9999.000 -9999.000
-9999.000 -9999.000 -9999.000 -9999.000 -9999.000 -9999.000 -9999.000 -9999.000 -9999.000 -9999.000 -9999.000 -9999.000 -9999.000 -9999.000 -9999.000 0.7479894 0.7485913 0.7487733 0.7487552 0.7485631 0.7483136 0.7480474 0.7477754 0.7475336 0.7473012 0.7470880 0.7468864 0.7466473 0.7462003 0.7458776 0.7458776 -9999.000 -9999.000 -9999.000 -9999.000 -9999.000 -9999.000 -9999.000 -9999.000 -9999.000 -9999.000 -9999.000 -9999.000 -9999.000 -9999.000 -9999.000 -9999.000 -9999.000 -9999.000 -9999.000 -9999.000 -9999.000 -9999.000 -9999.000 -9999.000 -9999.000 -9999.000 -9999.000 -9999.000
-9999.000 -9999.000 -9999.000 -9999.000 -9999.000 -9999.000 -9999.000 -9999.000 -9999.000 -9999.000 -9999.000 -9999.000 -9999.000 -9999.000 -9999.000 0.7499614 0.7505757 0.7507544 0.7507289 0.7505255 0.7502669 0.7499925 0.7497121 0.7494646 0.7492242 0.7490031 0.7487925 0.7485371 0.7480461 0.7475742 0.7475742 -9999.000 -9999.000 -9999.000 -9999.000 -9999.000 -9999.000 -9999.000 -9999.000 -9999.000 -9999.000 -9999.000 -9999.000 -9999.000 -9999.000 -9999.000 -9999.000 -9999.000 -9999.000 -9999.000 -9999.000 -9999.000 -9999.000 -9999.000 -9999.000 -9999.000 -9999.000 -9999.000 -9999.000
-9999.000 -9999.000 -9999.000 -9999.000 -9999.000 -9999.000 -9999.000 -9999.000 -9999.000 -9999.000 -9999.000 -9999.000 -9999.000 -9999.000 -9999.000 0.7519252 0.7525517 0.7527252 0.7526911 0.7524748 0.7522066 0.7519239 0.7516344 0.7513816 0.7511324 0.7509029 0.7506821 0.7504075 0.7498637 0.7491914 0.7491914 -9999.000 -9999.000 -9999.000 -9999.000 -9999.000 -9999.000 -9999.000 -9999.000 -9999.000 -9999.000 -9999.000 -9999.000 -9999.000 -9999.000 -9999.000 -9999.000 -9999.000 -9999.000 -9999.000 -9999.000 -9999.000 -9999.000 -9999.000 -9999.000 -9999.000 -9999.000 -9999.000 -9999.000
-9999.000 -9999.000 -9999.000 -9999.000 -9999.000 -9999.000 -9999.000 -9999.000 -9999.000 -9999.000 -9999.000 -9999.000 -9999.000 -9999.000 -9999.000 0.7538784 0.7545171 0.7546837 0.7546391 0.7544084 0.7541298 0.7538384 0.7535394 0.7532814 0.7530227 0.7527840 0.7525517 0.7522542 0.7516463 0.7507007 0.7507007 -9999.000 -9999.000 -9999.000 -9999.000 -9999.000 -9999.000 -9999.000 -9999.000 -9999.000 -9999.000 -9999.000 -9999.000 -9999.000 -9999.000 -9999.000 -9999.000 -9999.000 -9999.000 -9999.000 -9999.000 -9999.000 -9999.000 -9999.000 -9999.000 -9999.000 -9999.000 -9999.000 -9999.000
-9999.000 -9999.000 -9999.000 -9999.000 -9999.000 -9999.000 -9999.000 -9999.000 -9999.000 -9999.000 -9999.000 -9999.000 -9999.000 -9999.000 -9999.000 0.7558149 0.7564669 0.7566250 0.7565693 0.7563228 0.7560334 0.7557329 0.7554237 0.7551608 0.7548913 0.7546422 0.7543966 0.7540712 0.7533844 0.7520579 0.7520579 -9999.000 -9999.000 -9999.000 -9999.000 -9999.000 -9999.000 -9999.000 -9999.000 -9999.000 -9999.000 -9999.000 -9999.000 -9999.000 -9999.000 -9999.000 -9999.000 -9999.000 -9999.000 -9999.000 -9999.000 -9999.000 -9999.000 -9999.000 -9999.000 -9999.000 -9999.000 -9999.000 -9999.000
-9999.000 -9999.000 -9999.000 -9999.000 -9999.000 -9999.000 -9999.000 -9999.000 -9999.000 -9999.000 -9999.000 -9999.000 -9999.000 -9999.000 -9999.000 0.7575509 0.7582651 0.7584766 0.7584872 0.7582539 0.7579557 0.7576447 0.7573211 0.7570491 0.7567624 0.7564971 0.7562317 0.7558687 0.7550812 0.7532149 0.7532149 -9999.000 -9999.000 -9999.000 -9999.000 -9999.000 -9999.000 -9999.000 -9999.000 -9999.000 -9999.000 -9999.000 -9999.000 -9999.000 -9999.000 -9999.000 -9999.000 -9999.000 -9999.000 -9999.000 -9999.000 -9999.000 -9999.000 -9999.000 -9999.000 -9999.000 -9999.000 -9999.000 -9999.000
-9999.000 -9999.000 -9999.000 -9999.000 -9999.000 -9999.000 -9999.000 -9999.000 -9999.000 -9999.000 -9999.000 -9999.000 -9999.000 -9999.000 -9999.000 0.7481056 0.7561502 0.7604497 0.7628813 0.7630541 0.7623004 0.7615318 0.7607759 0.7601344 0.7595246 0.7589910 0.7584989 0.7579128 0.7567948 0.7534057 0.7534057 -9999.000 -9999.000 -9999.000 -9999.000 -9999.000 -9999.000 -9999.000 -9999.000 -9999.000 -9999.000 -9999.000 -9999.000 -9999.000 -9999.000 -9999.000 -9999.000 -9999.000 -9999.000 -9999.000 -9999.000 -9999.000 -9999.000 -9999.000 -9999.000 -9999.000 -9999.000 -9999.000 -9999.000
0.8455199 0.8455199 0.8396592 0.8311405 0.8228515 0.8228515 0.8193354 0.8139315 0.8139315 0.8095732 0.8095732 0.8059509 0.8043454 0.8028476 0.8013563 0.8013563 0.7639011 0.7624765 0.7610313 0.7605754 0.7618932 0.7636892 0.7657911 0.7688497 0.7716126 0.7743486 0.7765859 0.7769015 0.7710677 0.7425488 0.7425488 0.5273123 0.4884955 0.4640973 0.4558009 0.4558009 0.4421879 0.4421879 0.4415577 0.4415577 0.4508232 0.4962527 0.4962527 0.5875438 0.5875438 0.6654919 0.6654919 0.6654919 0.6691521 0.6691521 0.6596282 0.6596282 0.6451010 0.6451010 0.6295444 0.6295444 0.6149668 0.6149668 0.6149668
0.8424465 0.8424465 0.8378853 0.8291407 0.8220003 0.8220003 0.8182852 0.8128070 0.8128070 0.8084633 0.8084633 0.8048592 0.8032618 0.8017715 0.8002887 0.8002887 0.7680022 0.7618275 0.7565106 0.7520765 0.7488923 0.7465901 0.7451557 0.7449082 0.7454597 0.7468576 0.7488992 0.7509403 0.7511775 0.7421501 0.7421501 0.5971311 0.5407278 0.4838327 0.4674813 0.4674813 0.4476213 0.4476213 0.4462692 0.4462692 0.4550692 0.4954386 0.4954386 0.5685048 0.5685048 0.6595120 0.6595120 0.6595120 0.6678608 0.6678608 0.6596184 0.6596184 0.6454986 0.6454986 0.6301573 0.6301573 0.6156681 0.6156681 0.6156681
0.8408418 0.8408418 0.8376176 0.8287289 0.8222586 0.8222586 0.8183805 0.8127699 0.8127699 0.8084136 0.8084136 0.8048084 0.8032088 0.8017157 0.8002198 0.8002198 0.7711803 0.7610874 0.7520724 0.7441684 0.7376666 0.7324494 0.7284512 0.7258260 0.7243837 0.7240956 0.7248409 0.7261775 0.7267556 0.7212549 0.7212549 0.6310181 0.5731214 0.5024211 0.4807063 0.4807063 0.4569728 0.4569728 0.4597272 0.4597272 0.4712917 0.5102621 0.5102621 0.5656765 0.5656765 0.6492141 0.6492141 0.6492141 0.6630251 0.6630251 0.6576500 0.6576500 0.6446885 0.6446885 0.6298078 0.6298078 0.6155640 0.6155640 0.6155640
0.8396313 0.8396313 0.8377102 0.8285511 0.8225139 0.8225139 0.8185096 0.8127658 0.8127658 0.8084026 0.8084026 0.8048050 0.8032068 0.8017146 0.8001987 0.8001987 0.7733128 0.7599534 0.7474380 0.7361750 0.7265199 0.7185247 0.7121499 0.7074421 0.7042672 0.7025267 0.7020881 0.7026119 0.7030988 0.6997077 0.6997077 0.6433278 0.5926640 0.5200097 0.4964181 0.4964181 0.4744347 0.4744347 0.4855618 0.4855618 0.5000263 0.5337842 0.5337842 0.5692183 0.5692183 0.6344758 0.6344758 0.6344758 0.6528152 0.6528152 0.6519768 0.6519768 0.6415748 0.6415748 0.6280132 0.6280132 0.6145831 0.6145831 0.6145831
0.8387707 0.8387707 0.8380577 0.8285418 0.8227589 0.8227589 0.8186441 0.8127635 0.8127635 0.8083919 0.8083919 0.8048026 0.8032062 0.8017148 0.8001673 0.8001673 0.7739831 0.7578121 0.7420918 0.7276450 0.7149486 0.7041890 0.6953962 0.6885892 0.6836700 0.6805150 0.6789670 0.6787301 0.6790402 0.6771482 0.6771482 0.6419832 0.6011255 0.5346832 0.5136913 0.5136913 0.5025644 0.5025644 0.5242008 0.5242008 0.5385324 0.5603005 0.5603005 0.5757877 0.5757877 0.6184186 0.6184186 0.6184186 0.6383859 0.6383859 0.6425454 0.6425454 0.6359904 0.6359904 0.6247799 0.6247799 0.6128766 0.6128766 0.6128766
0.8382159 0.8382159 0.8379490 0.8285334 0.8229174 0.8229174 0.8187366 0.8127599 0.8127599 0.8083832 0.8083832 0.8048015 0.8032070 0.8017164 0.8001223 0.8001223 0.7728930 0.7541196 0.7354680 0.7180781 0.7025385 0.6891283 0.6779464 0.6690229 0.6622961 0.6576523 0.6549341 0.6538800 0.6538981 0.6530442 0.6530442 0.6316035 0.6008499 0.5475988 0.5349586 0.5349586 0.5440000 0.5440000 0.5710384 0.5710384 0.5799465 0.5848404 0.5848404 0.5834310 0.5834310 0.6041616 0.6041616 0.6041616 0.6221064 0.6221064 0.6300959 0.6300959 0.6279583 0.6279583 0.6200212 0.6200212 0.6104234 0.6104234 0.6104234
0.8379192 0.8379192 0.8377870 0.8285329 0.8230122 0.8230122 0.8187951 0.8127571 0.8127571 0.8083739 0.8083739 0.8047955 0.8032019 0.8017119 0.8000521 0.8000521 0.7697523 0.7483554 0.7269678 0.7068907 0.6887692 0.6729271 0.6595033 0.6485466 0.6400251 0.6338505 0.6298853 0.6279088 0.6274722 0.6272548 0.6272548 0.6149534 0.5941316 0.5632004 0.5662891 0.5662891 0.5978943 0.5978943 0.6172314 0.6172314 0.6167378 0.6050697 0.6050697 0.5913041 0.5913041 0.5934684 0.5934684 0.5934684 0.6063545 0.6063545 0.6158934 0.6158934 0.6177971 0.6177971 0.6137101 0.6137101 0.6071606 0.6071606 0.6071606
0.8378374 0.8378374 0.8377123 0.8285322 0.8230383 0.8230383 0.8188079 0.8127500 0.8127500 0.8083695 0.8083695 0.8047960 0.8032038 0.8017142 0.7999619 0.7999619 0.7641920 0.7399576 0.7159322 0.6934092 0.6730076 0.6550357 0.6396318 0.6268448 0.6166592 0.6090089 0.6037852 0.6008143 0.5997788 0.5999129 0.5999129 0.5941181 0.5839219 0.5899381 0.6146355 0.6146355 0.6558829 0.6558829 0.6548083 0.6548083 0.6449795 0.6210489 0.6210489 0.5991018 0.5991018 0.5866731 0.5866731 0.5866731 0.5928167 0.5928167 0.6013994 0.6013994 0.6061560 0.6061560 0.6059972 0.6059972 0.6030788 0.6030788 0.6030788
0.8379256 0.8379256 0.8377768 0.8285331 0.8230118 0.8230118 0.8187948 0.8127571 0.8127571 0.8083740 0.8083740 0.8047956 0.8032019 0.8017120 0.7998314 0.7998314 0.7556457 0.7282149 0.7015775 0.6768427 0.6545037 0.6347831 0.6177680 0.6034765 0.5918843 0.5829368 0.5765494 0.5725965 0.5709054 0.5713907 0.5713907 0.5714972 0.5757177 0.6378318 0.6797001 0.6797001 0.7049563 0.7049563 0.6812661 0.6812661 0.6651827 0.6338636 0.6338636 0.6066710 0.6066710 0.5832211 0.5832211 0.5832211 0.5822921 0.5822921 0.5879333 0.5879333 0.5939355 0.5939355 0.5972688 0.5972688 0.5982893 0.5982893 0.5982893
0.8382272 0.8382272 0.8379331 0.8285341 0.8229170 0.8229170 0.8187358 0.8127602 0.8127602 0.8083838 0.8083838 0.8048019 0.8032072 0.8017166 0.7996584 0.7996584 0.7432461 0.7121606 0.6829101 0.6562259 0.6323553 0.6113557 0.5932058 0.5778559 0.5652460 0.5553125 0.5479833 0.5431804 0.5409570 0.5425715 0.5425715 0.5516946 0.5810722 0.7080136 0.7467974 0.7467974 0.7374205 0.7374205 0.6989766 0.6989766 0.6797404 0.6443990 0.6443990 0.6137536 0.6137536 0.5821784 0.5821784 0.5821784 0.5748083 0.5748083 0.5764205 0.5764205 0.5821499 0.5821499 0.5881371 0.5881371 0.5930542 0.5930542 0.5930542
0.8387857 0.8387857 0.8380430 0.8285455 0.8227601 0.8227601 0.8186440 0.8127639 0.8127639 0.8083925 0.8083925 0.8048030 0.8032065 0.8017150 0.7994128 0.7994128 0.7255668 0.6903574 0.6585677 0.6303099 0.6054404 0.5837606 0.5650824 0.5492510 0.5361445 0.5256702 0.5177557 0.5123840 0.5101719 0.5162069 0.5162069 0.5461603 0.6186596 0.7819157 0.7947250 0.7947250 0.7557175 0.7557175 0.7111605 0.7111605 0.6906004 0.6530532 0.6530532 0.6200420 0.6200420 0.5826180 0.5826180 0.5826180 0.5699342 0.5699342 0.5673225 0.5673225 0.5716954 0.5716954 0.5793689 0.5793689 0.5878017 0.5878017 0.5878017
