simulation_files/asc/Depth____000084.asc
NCOLS        79
NROWS        79
XLLCENTER         -1.500000
YLLCENTER         -4.800000
CELLSIZE           0.100
NODATA_VALUE     -9999.0
[rows 0 to 25 of 79, columns 0 to 57 of 79]
-9999.000 -9999.000 -9999.000 -9999.000 -9999.000 -9999.000 -9999.000 -9999.000 -9999.000 -9999.000 -9999.000 -9999.000 -9999.000 -9999.000 -9999.000 0.3232746 0.3234164 0.3233514 0.3232405 0.3230970 0.3229254 0.3227277 0.3225048 0.3222562 0.3219817 0.3216811 0.3213550 0.3210059 0.3206542 0.3209135 0.3209135 -9999.000 -9999.000 -9999.000 -9999.000 -9999.000 -9999.000 -9999.000 -9999.000 -9999.000 -9999.000 -9999.000 -9999.000 -9999.000 -9999.000 -9999.000 -9999.000 -9999.000 -9999.000 -9999.000 -9999.000 -9999.000 -9999.000 -9999.000 -9999.000 -9999.000 -9999.000 -9999.000
-9999.000 -9999.000 -9999.000 -9999.000 -9999.000 -9999.000 -9999.000 -9999.000 -9999.000 -9999.000 -9999.000 -9999.000 -9999.000 -9999.000 -9999.000 0.3251562 0.3253116 0.3252466 0.3251425 0.3250105 0.3248542 0.3246757 0.3244765 0.3242572 0.3240184 0.3237604 0.3234825 0.3231827 0.3228698 0.3231258 0.3231258 -9999.000 -9999.000 -9999.000 -9999.000 -9999.000 -9999.000 -9999.000 -9999.000 -9999.000 -9999.000 -9999.000 -9999.000 -9999.000 -9999.000 -9999.000 -9999.000 -9999.000 -9999.000 -9999.000 -9999.000 -9999.000 -9999.000 -9999.000 -9999.000 -9999.000 -9999.000 -9999.000
-9999.000 -9999.000 -9999.000 -9999.000 -9999.000 -9999.000 -9999.000 -9999.000 -9999.000 -9999.000 -9999.000 -9999.000 -9999.000 -9999.000 -9999.000 0.3271400 0.3273322 0.3272684 0.3271660 0.3270372 0.3268861 0.3267144 0.3265229 0.3263114 0.3260790 0.3258238 0.3255429 0.3252311 0.3248959 0.3251792 0.3251792 -9999.000 -9999.000 -9999.000 -9999.000 -9999.000 -9999.000 -9999.000 -9999.000 -9999.000 -9999.000 -9999.000 -9999.000 -9999.000 -9999.000 -9999.000 -9999.000 -9999.000 -9999.000 -9999.000 -9999.000 -9999.000 -9999.000 -9999.000 -9999.000 -9999.000 -9999.000 -9999.000
-9999.000 -9999.000 -9999.000 -9999.000 -9999.000 -9999.000 -9999.000 -9999.000 -9999.000 -9999.000 -9999.000 -9999.000 -9999.000 -9999.000 -9999.000 0.3291580 0.3293798 0.3293155 0.3292125 0.3290840 0.3289337 0.3287630 0.3285722 0.3283600 0.3281241 0.3278612 0.3275662 0.3272316 0.3268625 0.3271592 0.3271592 -9999.000 -9999.000 -9999.000 -9999.000 -9999.000 -9999.000 -9999.000 -9999.000 -9999.000 -9999.000 -9999.000 -9999.000 -9999.000 -9999.000 -9999.000 -9999.000 -9999.000 -9999.000 -9999.000 -9999.000 -9999.000 -9999.000 -9999.000 -9999.000 -9999.000 -9999.000 -9999.000
-9999.000 -9999.000 -9999.000 -9999.000 -9999.000 -9999.000 -9999.000 -9999.000 -9999.000 -9999.000 -9999.000 -9999.000 -9999.000 -9999.000 -9999.000 0.3312011 0.3314462 0.3313795 0.3312737 0.3311423 0.3309890 0.3308148 0.3306191 0.3303998 0.3301534 0.3298748 0.3295570 0.3291897 0.3287752 0.3290744 0.3290744 -9999.000 -9999.000 -9999.000 -9999.000 -9999.000 -9999.000 -9999.000 -9999.000 -9999.000 -9999.000 -9999.000 -9999.000 -9999.000 -9999.000 -9999.000 -9999.000 -9999.000 -9999.000 -9999.000 -9999.000 -9999.000 -9999.000 -9999.000 -9999.000 -9999.000 -9999.000 -9999.000
-9999.000 -9999.000 -9999.000 -9999.000 -9999.000 -9999.000 -9999.000 -9999.000 -9999.000 -9999.000 -9999.000 -9999.000 -9999.000 -9999.000 -9999.000 0.3332618 0.3335247 0.3334535 0.3333430 0.3332062 0.3330468 0.3328654 0.3326605 0.3324291 0.3321662 0.3318650 0.3315162 0.3311063 0.3306329 0.3309235 0.3309235 -9999.000 -9999.000 -9999.000 -9999.000 -9999.000 -9999.000 -9999.000 -9999.000 -9999.000 -9999.000 -9999.000 -9999.000 -9999.000 -9999.000 -9999.000 -9999.000 -9999.000 -9999.000 -9999.000 -9999.000 -9999.000 -9999.000 -9999.000 -9999.000 -9999.000 -9999.000 -9999.000
-9999.000 -9999.000 -9999.000 -9999.000 -9999.000 -9999.000 -9999.000 -9999.000 -9999.000 -9999.000 -9999.000 -9999.000 -9999.000 -9999.000 -9999.000 0.3353340 0.3356096 0.3355320 0.3354151 0.3352710 0.3351030 0.3349113 0.3346937 0.3344458 0.3341611 0.3338306 0.3334422 0.3329781 0.3324292 0.3326974 0.3326974 -9999.000 -9999.000 -9999.000 -9999.000 -9999.000 -9999.000 -9999.000 -9999.000 -9999.000 -9999.000 -9999.000 -9999.000 -9999.000 -9999.000 -9999.000 -9999.000 -9999.000 -9999.000 -9999.000 -9999.000 -9999.000 -9999.000 -9999.000 -9999.000 -9999.000 -9999.000 -9999.000
-9999.000 -9999.000 -9999.000 -9999.000 -9999.000 -9999.000 -9999.000 -9999.000 -9999.000 -9999.000 -9999.000 -9999.000 -9999.000 -9999.000 -9999.000 0.3374120 0.3376957 0.3376102 0.3374854 0.3373324 0.3371538 0.3369493 0.3367158 0.3364472 0.3361353 0.3357683 0.3353302 0.3347979 0.3341519 0.3343776 0.3343776 -9999.000 -9999.000 -9999.000 -9999.000 -9999.000 -9999.000 -9999.000 -9999.000 -9999.000 -9999.000 -9999.000 -9999.000 -9999.000 -9999.000 -9999.000 -9999.000 -9999.000 -9999.000 -9999.000 -9999.000 -9999.000 -9999.000 -9999.000 -9999.000 -9999.000 -9999.000 -9999.000
-9999.000 -9999.000 -9999.000 -9999.000 -9999.000 -9999.000 -9999.000 -9999.000 -9999.000 -9999.000 -9999.000 -9999.000 -9999.000 -9999.000 -9999.000 0.3394909 0.3397788 0.3396834 0.3395497 0.3393862 0.3391953 0.3389757 0.3387229 0.3384295 0.3380843 0.3376722 0.3371724 0.3365535 0.3357814 0.3359330 0.3359330 -9999.000 -9999.000 -9999.000 -9999.000 -9999.000 -9999.000 -9999.000 -9999.000 -9999.000 -9999.000 -9999.000 -9999.000 -9999.000 -9999.000 -9999.000 -9999.000 -9999.000 -9999.000 -9999.000 -9999.000 -9999.000 -9999.000 -9999.000 -9999.000 -9999.000 -9999.000 -9999.000
-9999.000 -9999.000 -9999.000 -9999.000 -9999.000 -9999.000 -9999.000 -9999.000 -9999.000 -9999.000 -9999.000 -9999.000 -9999.000 -9999.000 -9999.000 0.3415652 0.3418538 0.3417468 0.3416031 0.3414280 0.3412229 0.3409857 0.3407103 0.3403870 0.3400013 0.3395337 0.3389563 0.3382265 0.3372875 0.3373118 0.3373118 -9999.000 -9999.000 -9999.000 -9999.000 -9999.000 -9999.000 -9999.000 -9999.000 -9999.000 -9999.000 -9999.000 -9999.000 -9999.000 -9999.000 -9999.000 -9999.000 -9999.000 -9999.000 -9999.000 -9999.000 -9999.000 -9999.000 -9999.000 -9999.000 -9999.000 -9999.000 -9999.000
-9999.000 -9999.000 -9999.000 -9999.000 -9999.000 -9999.000 -9999.000 -9999.000 -9999.000 -9999.000 -9999.000 -9999.000 -9999.000 -9999.000 -9999.000 0.3436283 0.3439152 0.3437949 0.3436401 0.3434518 0.3432306 0.3429730 0.3426709 0.3423115 0.3418762 0.3413391 0.3406627 0.3397879 0.3386228 0.3384262 0.3384262 -9999.000 -9999.000 -9999.000 -9999.000 -9999.000 -9999.000 -9999.000 -9999.000 -9999.000 -9999.000 -9999.000 -9999.000 -9999.000 -9999.000 -9999.000 -9999.000 -9999.000 -9999.000 -9999.000 -9999.000 -9999.000 -9999.000 -9999.000 -9999.000 -9999.000 -9999.000 -9999.000
-9999.000 -9999.000 -9999.000 -9999.000 -9999.000 -9999.000 -9999.000 -9999.000 -9999.000 -9999.000 -9999.000 -9999.000 -9999.000 -9999.000 -9999.000 0.3456712 0.3459554 0.3458203 0.3456530 0.3454500 0.3452103 0.3449286 0.3445944 0.3441907 0.3436933 0.3430675 0.3422618 0.3411923 0.3397118 0.3391182 0.3391182 -9999.000 -9999.000 -9999.000 -9999.000 -9999.000 -9999.000 -9999.000 -9999.000 -9999.000 -9999.000 -9999.000 -9999.000 -9999.000 -9999.000 -9999.000 -9999.000 -9999.000 -9999.000 -9999.000 -9999.000 -9999.000 -9999.000 -9999.000 -9999.000 -9999.000 -9999.000 -9999.000
-9999.000 -9999.000 -9999.000 -9999.000 -9999.000 -9999.000 -9999.000 -9999.000 -9999.000 -9999.000 -9999.000 -9999.000 -9999.000 -9999.000 -9999.000 0.3476808 0.3479638 0.3478123 0.3476311 0.3474111 0.3471493 0.3468386 0.3464645 0.3460047 0.3454270 0.3446843 0.3437043 0.3423640 0.3404255 0.3390787 0.3390787 -9999.000 -9999.000 -9999.000 -9999.000 -9999.000 -9999.000 -9999.000 -9999.000 -9999.000 -9999.000 -9999.000 -9999.000 -9999.000 -9999.000 -9999.000 -9999.000 -9999.000 -9999.000 -9999.000 -9999.000 -9999.000 -9999.000 -9999.000 -9999.000 -9999.000 -9999.000 -9999.000
-9999.000 -9999.000 -9999.000 -9999.000 -9999.000 -9999.000 -9999.000 -9999.000 -9999.000 -9999.000 -9999.000 -9999.000 -9999.000 -9999.000 -9999.000 0.3496242 0.3499165 0.3497496 0.3495546 0.3493159 0.3490285 0.3486817 0.3482562 0.3477220 0.3470352 0.3461300 0.3449017 0.3431635 0.3405222 0.3376262 0.3376262 -9999.000 -9999.000 -9999.000 -9999.000 -9999.000 -9999.000 -9999.000 -9999.000 -9999.000 -9999.000 -9999.000 -9999.000 -9999.000 -9999.000 -9999.000 -9999.000 -9999.000 -9999.000 -9999.000 -9999.000 -9999.000 -9999.000 -9999.000 -9999.000 -9999.000 -9999.000 -9999.000
-9999.000 -9999.000 -9999.000 -9999.000 -9999.000 -9999.000 -9999.000 -9999.000 -9999.000 -9999.000 -9999.000 -9999.000 -9999.000 -9999.000 -9999.000 0.3503301 0.3513537 0.3514144 0.3513669 0.3512151 0.3509676 0.3506203 0.3501534 0.3495297 0.3486904 0.3475429 0.3459306 0.3435529 0.3397027 0.3327212 0.3327212 -9999.000 -9999.000 -9999.000 -9999.000 -9999.000 -9999.000 -9999.000 -9999.000 -9999.000 -9999.000 -9999.000 -9999.000 -9999.000 -9999.000 -9999.000 -9999.000 -9999.000 -9999.000 -9999.000 -9999.000 -9999.000 -9999.000 -9999.000 -9999.000 -9999.000 -9999.000 -9999.000
0.3221720 0.3221720 0.3116508 0.3010768 0.2984859 0.2984859 0.2963421 0.2928070 0.2928070 0.2898722 0.2898722 0.2873214 0.2861570 0.2858388 0.3275524 0.3275524 0.3589239 0.3594583 0.3599829 0.3604003 0.3605990 0.3604434 0.3597795 0.3584428 0.3562510 0.3529557 0.3480947 0.3405761 0.3272720 0.2924799 0.2924799 0.1536640 0.1303064 0.1299591 0.1356341 0.1356341 0.1509097 0.1509097 0.1827845 0.1827845 0.2219769 0.2460295 0.2460295 0.2493255 0.2493255 0.2482310 0.2482310 0.2482310 0.2430864 0.2430864 0.2378724 0.2378724 0.2334292 0.2334292 0.2273838 0.2273838 0.2235350 0.2235350
0.3215749 0.3215749 0.3100103 0.3006267 0.2980279 0.2980279 0.2958793 0.2923437 0.2923437 0.2894144 0.2894144 0.2868713 0.2857109 0.2850643 0.3157400 0.3157400 0.3524005 0.3523857 0.3525399 0.3529083 0.3534088 0.3538910 0.3541508 0.3539287 0.3528917 0.3505919 0.3463805 0.3391820 0.3267456 0.3015241 0.3015241 0.2024586 0.1710547 0.1493668 0.1467649 0.1467649 0.1525313 0.1525313 0.1753998 0.1753998 0.2064788 0.2470004 0.2470004 0.2499828 0.2499828 0.2480452 0.2480452 0.2480452 0.2427680 0.2427680 0.2375289 0.2375289 0.2337292 0.2337292 0.2270783 0.2270783 0.2232420 0.2232420
0.3212262 0.3212262 0.3092867 0.3006297 0.2980368 0.2980368 0.2958833 0.2923360 0.2923360 0.2893987 0.2893987 0.2868510 0.2856891 0.2848890 0.3056348 0.3056348 0.3478662 0.3469344 0.3461974 0.3458403 0.3458118 0.3459683 0.3460980 0.3459241 0.3450969 0.3431658 0.3395105 0.3331641 0.3222642 0.3013950 0.3013950 0.2265859 0.1947069 0.1655070 0.1594198 0.1594198 0.1601771 0.1601771 0.1768938 0.1768938 0.1981753 0.2440555 0.2440555 0.2517849 0.2517849 0.2485996 0.2485996 0.2485996 0.2429076 0.2429076 0.2375359 0.2375359 0.2331255 0.2331255 0.2274294 0.2274294 0.2234138 0.2234138
0.3209389 0.3209389 0.3087599 0.3006175 0.2980518 0.2980518 0.2959020 0.2923465 0.2923465 0.2894015 0.2894015 0.2868508 0.2856885 0.2847886 0.2979046 0.2979046 0.3437656 0.3419758 0.3403408 0.3392293 0.3385926 0.3382806 0.3380767 0.3376988 0.3367952 0.3349295 0.3315400 0.3258171 0.3163137 0.2986703 0.2986703 0.2407101 0.2119361 0.1817933 0.1749377 0.1749377 0.1737862 0.1737862 0.1850214 0.1850214 0.1978707 0.2364682 0.2364682 0.2513680 0.2513680 0.2484934 0.2484934 0.2484934 0.2427559 0.2427559 0.2372299 0.2372299 0.2325984 0.2325984 0.2274043 0.2274043 0.2233869 0.2233869
0.3207137 0.3207137 0.3083885 0.3005908 0.2980609 0.2980609 0.2959205 0.2923589 0.2923589 0.2894054 0.2894054 0.2868510 0.2856883 0.2847217 0.2929222 0.2929222 0.3393181 0.3368042 0.3342478 0.3323918 0.3311767 0.3304269 0.3299095 0.3293324 0.3283423 0.3265182 0.3233545 0.3181864 0.3099716 0.2950603 0.2950603 0.2494125 0.2248807 0.1982007 0.1926447 0.1926447 0.1918322 0.1918322 0.1977993 0.1977993 0.2038887 0.2288026 0.2288026 0.2472381 0.2472381 0.2474425 0.2474425 0.2474425 0.2420451 0.2420451 0.2365302 0.2365302 0.2318100 0.2318100 0.2270560 0.2270560 0.2232377 0.2232377
0.3205517 0.3205517 0.3081439 0.3005610 0.2980648 0.2980648 0.2959353 0.2923704 0.2923704 0.2894092 0.2894092 0.2868513 0.2856880 0.2846769 0.2895919 0.2895919 0.3338766 0.3311125 0.3276141 0.3249907 0.3232004 0.3220416 0.3212622 0.3205529 0.3195478 0.3178275 0.3149267 0.3102956 0.3032638 0.2911095 0.2911095 0.2555801 0.2357989 0.2159453 0.2127833 0.2127833 0.2121528 0.2121528 0.2123297 0.2123297 0.2132670 0.2244641 0.2244641 0.2404435 0.2404435 0.2448513 0.2448513 0.2448513 0.2405093 0.2405093 0.2353755 0.2353755 0.2307900 0.2307900 0.2264972 0.2264972 0.2230407 0.2230407
0.3204541 0.3204541 0.3080053 0.3005383 0.2980656 0.2980656 0.2959447 0.2923785 0.2923785 0.2894119 0.2894119 0.2868516 0.2856879 0.2846470 0.2874103 0.2874103 0.3263695 0.3245816 0.3202194 0.3168122 0.3144321 0.3128633 0.3118491 0.3110701 0.3101405 0.3086154 0.3060441 0.3019472 0.2961603 0.2872830 0.2872830 0.2614321 0.2471384 0.2361866 0.2349938 0.2349938 0.2322190 0.2322190 0.2262837 0.2262837 0.2234543 0.2241044 0.2241044 0.2336352 0.2336352 0.2406126 0.2406126 0.2406126 0.2379218 0.2379218 0.2336461 0.2336461 0.2295162 0.2295162 0.2257947 0.2257947 0.2228413 0.2228413
0.3204214 0.3204214 0.3079605 0.3005299 0.2980656 0.2980656 0.2959479 0.2923814 0.2923814 0.2894130 0.2894130 0.2868516 0.2856878 0.2846272 0.2860028 0.2860028 0.3163818 0.3166222 0.3118026 0.3076885 0.3046896 0.3026884 0.3014459 0.3006329 0.2998406 0.2985997 0.2964399 0.2929997 0.2889802 0.2847654 0.2847654 0.2687987 0.2614392 0.2586552 0.2574720 0.2574720 0.2499091 0.2499091 0.2384979 0.2384979 0.2330488 0.2265906 0.2265906 0.2288730 0.2288730 0.2353008 0.2353008 0.2353008 0.2342854 0.2342854 0.2312536 0.2312536 0.2279428 0.2279428 0.2249727 0.2249727 0.2226640 0.2226640
0.3204541 0.3204541 0.3080053 0.3005383 0.2980656 0.2980656 0.2959447 0.2923785 0.2923785 0.2894120 0.2894120 0.2868515 0.2856879 0.2846143 0.2851044 0.2851044 0.3051000 0.3065372 0.3019455 0.2972871 0.2937096 0.2912891 0.2898360 0.2890272 0.2884384 0.2875733 0.2859355 0.2833577 0.2821562 0.2852222 0.2852222 0.2804844 0.2804932 0.2810812 0.2776977 0.2776977 0.2643036 0.2643036 0.2487231 0.2487231 0.2415109 0.2304932 0.2304932 0.2266837 0.2266837 0.2298689 0.2298689 0.2298689 0.2299123 0.2299123 0.2282327 0.2282327 0.2260444 0.2260444 0.2240410 0.2240410 0.2225233 0.2225233
0.3205518 0.3205518 0.3081438 0.3005610 0.2980648 0.2980648 0.2959353 0.2923705 0.2923705 0.2894093 0.2894093 0.2868513 0.2856880 0.2846060 0.2845356 0.2845356 0.2932597 0.2940868 0.2899577 0.2851077 0.2811382 0.2783938 0.2767887 0.2760375 0.2757202 0.2753222 0.2743228 0.2729797 0.2770150 0.2916995 0.2916995 0.2987494 0.3034742 0.3006625 0.2941847 0.2941847 0.2755586 0.2755586 0.2570932 0.2570932 0.2486916 0.2347586 0.2347586 0.2265171 0.2265171 0.2251534 0.2251534 0.2251534 0.2253276 0.2253276 0.2247846 0.2247846 0.2238708 0.2238708 0.2230207 0.2230207 0.2224208 0.2224208
0.3207137 0.3207137 0.3083885 0.3005908 0.2980609 0.2980609 0.2959204 0.2923589 0.2923589 0.2894054 0.2894054 0.2868510 0.2856882 0.2846007 0.2841791 0.2841791 0.2809022 0.2793027 0.2752185 0.2704975 0.2664666 0.2636231 0.2620088 0.2614133 0.2614532 0.2616176 0.2613868 0.2621481 0.2769998 0.3078377 0.3078377 0.3220772 0.3262928 0.3165138 0.3075539 0.3075539 0.2841916 0.2841916 0.2637531 0.2637531 0.2545350 0.2387328 0.2387328 0.2275054 0.2275054 0.2215762 0.2215762 0.2215762 0.2210734 0.2210734 0.2212459 0.2212459 0.2215696 0.2215696 0.2219637 0.2219637 0.2223513 0.2223513
