simulation_files/asc/Depth____205.0.asc
NCOLS       216
NROWS       273
XLLCENTER        494.688995
YLLCENTER        787.867981
CELLSIZE           0.500
NODATA_VALUE     -9999.0
[rows 182 to 207 of 273, columns 120 to 179 of 216]
-9999.000 -9999.000 -9999.000 -9999.000 -9999.000 -9999.000 -9999.000 -9999.000 -9999.000 0.9441828E-01 0.1720245 0.2600863 0.2655494 0.2130108 0.1360572 0.8746676E-01 0.4687323E-01 0.5654613E-01 0.7717851E-01 0.7292102E-01 0.8345505E-01 0.1497980 0.2310609 0.2185795 0.2381743 0.2891757 0.2959676 0.2690124 0.2873079 0.3289800 0.3610197 0.3890864 0.3671475 0.3264475 0.3046063 0.3123165 0.3121260 0.3144543 0.2826827 0.2261910 0.1467459 0.6614941E-01 -9999.000 -9999.000 -9999.000 -9999.000 -9999.000 -9999.000 -9999.000 -9999.000 -9999.000 -9999.000 -9999.000 -9999.000 -9999.000 -9999.000 -9999.000 -9999.000 -9999.000 -9999.000
-9999.000 -9999.000 -9999.000 -9999.000 -9999.000 -9999.000 -9999.000 -9999.000 0.2222609E-01 0.6016326E-01 0.1518313 0.2310182 0.2590179 0.2346239 0.1884231 0.1309633 0.7620475E-01 0.5874012E-01 0.6897225E-01 0.6495800E-01 0.7065672E-01 0.1176566 0.1719862 0.1931327 0.2381312 0.3132330 0.3332303 0.2821860 0.2938741 0.3669215 0.3943227 0.4053346 0.3954166 0.3482425 0.3337933 0.3248886 0.3266355 0.3298833 0.3114479 0.2883028 0.1994774 0.9148285E-01 -9999.000 -9999.000 -9999.000 -9999.000 -9999.000 -9999.000 -9999.000 -9999.000 -9999.000 -9999.000 -9999.000 -9999.000 -9999.000 -9999.000 -9999.000 -9999.000 -9999.000 -9999.000
-9999.000 -9999.000 -9999.000 -9999.000 -9999.000 -9999.000 -9999.000 -9999.000 -9999.000 0.3859613E-01 0.1267644 0.2296035 0.2644894 0.2631731 0.2295534 0.1763133 0.1203084 0.7409119E-01 0.6487062E-01 0.5904428E-01 0.6770897E-01 0.8386926E-01 0.1031596 0.1313414 0.1929756 0.2751568 0.3203737 0.3030466 0.3278485 0.3761672 0.3572500 0.3435441 0.3490861 0.3316907 0.2853837 0.2797385 0.2902015 0.3076851 0.3144949 0.3024682 0.2511564 0.1420108 0.6726325E-01 -9999.000 -9999.000 -9999.000 -9999.000 -9999.000 -9999.000 -9999.000 -9999.000 -9999.000 -9999.000 -9999.000 -9999.000 -9999.000 -9999.000 -9999.000 -9999.000 -9999.000
-9999.000 -9999.000 -9999.000 -9999.000 -9999.000 -9999.000 -9999.000 -9999.000 -9999.000 0.2161556E-01 0.1152855 0.2279500 0.2755203 0.2803603 0.2621539 0.2154354 0.1487758 0.9135073E-01 0.7138850E-01 0.7302449E-01 0.8307799E-01 0.7914585E-01 0.7772660E-01 0.1041609 0.1522420 0.2113328 0.2616096 0.2856719 0.3445892 0.3165179 0.2517899 0.2706533 0.2877091 0.2187057 0.1820496 0.1599538 0.1994800 0.2225456 0.2599766 0.2713692 0.2376519 0.1745374 0.1335212 0.7614220E-01 -9999.000 -9999.000 -9999.000 -9999.000 -9999.000 -9999.000 -9999.000 -9999.000 -9999.000 -9999.000 -9999.000 -9999.000 -9999.000 -9999.000 -9999.000 -9999.000
-9999.000 -9999.000 -9999.000 -9999.000 -9999.000 -9999.000 -9999.000 -9999.000 -9999.000 -9999.000 0.7612531E-01 0.2014497 0.2659883 0.2803077 0.2744962 0.2274443 0.1546594 0.9234439E-01 0.6516545E-01 0.6089045E-01 0.7636059E-01 0.7559941E-01 0.7879753E-01 0.1126166 0.1679306 0.2115373 0.2454209 0.2598852 0.2728631 0.2235209 0.1973354 0.3063487 0.3309200 0.2787106 0.2030044 0.1801264 0.1954734 0.2140930 0.2291873 0.2398205 0.2298816 0.1990179 0.1661177 0.1221898 -9999.000 -9999.000 -9999.000 -9999.000 -9999.000 -9999.000 -9999.000 -9999.000 -9999.000 -9999.000 -9999.000 -9999.000 -9999.000 -9999.000 -9999.000 -9999.000
-9999.000 -9999.000 -9999.000 -9999.000 -9999.000 -9999.000 -9999.000 -9999.000 -9999.000 -9999.000 -9999.000 0.1742566 0.2386267 0.2519479 0.2583218 0.2127898 0.1262541 0.8576721E-01 0.6740538E-01 0.4897597E-01 0.5020506E-01 0.6806480E-01 0.8635907E-01 0.1327788 0.2026168 0.2257656 0.2112545 0.1895629 0.2072199 0.2131189 0.2230201 0.3118036 0.3783694 0.3561631 0.2917009 0.2217684 0.2296327 0.2501823 0.2392498 0.2190911 0.2187841 0.1899543 0.1501422 0.1072492 -9999.000 -9999.000 -9999.000 -9999.000 -9999.000 -9999.000 -9999.000 -9999.000 -9999.000 -9999.000 -9999.000 -9999.000 -9999.000 -9999.000 -9999.000 -9999.000
-9999.000 -9999.000 -9999.000 -9999.000 -9999.000 -9999.000 -9999.000 -9999.000 -9999.000 -9999.000 -9999.000 0.1675529 0.2186059 0.2199267 0.2341222 0.2093430 0.1503445 0.1231321 0.9830118E-01 0.6960135E-01 0.4656234E-01 0.4537803E-01 0.6866004E-01 0.1121179 0.1415084 0.1539956 0.1810973 0.1860433 0.2324757 0.2671824 0.2486601 0.2809789 0.3303632 0.3127954 0.2779596 0.2474889 0.2413726 0.2274067 0.1962286 0.2095511 0.2272465 0.2205814 0.2080594 0.1710504 0.1297127 0.7237942E-01 -9999.000 -9999.000 -9999.000 -9999.000 -9999.000 -9999.000 -9999.000 -9999.000 -9999.000 -9999.000 -9999.000 -9999.000 -9999.000 -9999.000
-9999.000 -9999.000 -9999.000 -9999.000 -9999.000 -9999.000 -9999.000 -9999.000 -9999.000 -9999.000 -9999.000 0.1178793 0.1845772 0.2160084 0.2376798 0.2340006 0.2093336 0.1841096 0.1423465 0.1158203 0.6654104E-01 0.2959387E-01 0.3837725E-01 0.6604467E-01 0.7786249E-01 0.1095919 0.1922334 0.2360193 0.2806749 0.3076923 0.2955736 0.2822995 0.2727806 0.2425277 0.2515546 0.2609188 0.2556281 0.2046893 0.2046140 0.2425417 0.2604832 0.2577445 0.2708876 0.2511887 0.2073387 0.1287605 -9999.000 -9999.000 -9999.000 -9999.000 -9999.000 -9999.000 -9999.000 -9999.000 -9999.000 -9999.000 -9999.000 -9999.000 -9999.000 -9999.000
-9999.000 -9999.000 -9999.000 -9999.000 -9999.000 -9999.000 -9999.000 -9999.000 -9999.000 -9999.000 -9999.000 -9999.000 0.1273642 0.1840398 0.2210706 0.2375557 0.2420422 0.2371461 0.1906066 0.1580535 0.1051383 0.3395691E-01 0.2307762E-01 0.3384890E-01 0.5396436E-01 0.1044961 0.1834077 0.2383529 0.2796397 0.3055862 0.2930892 0.2949551 0.3042835 0.2721836 0.2697883 0.3161535 0.2786029 0.2426074 0.2749430 0.3067607 0.3073034 0.2996721 0.3200691 0.3002176 0.2529653 0.1613863 0.4879720E-01 -9999.000 -9999.000 -9999.000 -9999.000 -9999.000 -9999.000 -9999.000 -9999.000 -9999.000 -9999.000 -9999.000 -9999.000 -9999.000
-9999.000 -9999.000 -9999.000 -9999.000 -9999.000 -9999.000 -9999.000 -9999.000 -9999.000 -9999.000 -9999.000 -9999.000 0.7113043E-01 0.1287157 0.1828532 0.2196828 0.2571516 0.2673705 0.2411090 0.2105635 0.1555710 0.7817891E-01 0.4391850E-01 0.4763091E-01 0.5383648E-01 0.8059963E-01 0.1311881 0.1925665 0.2434986 0.2771480 0.2712364 0.2824482 0.2972883 0.2610321 0.2890357 0.3277424 0.2758900 0.2825249 0.3455375 0.3718946 0.3431364 0.3401500 0.3577324 0.2976103 0.2322584 0.1421800 0.4770547E-01 0.2189593E-01 -9999.000 -9999.000 -9999.000 -9999.000 -9999.000 -9999.000 -9999.000 -9999.000 -9999.000 -9999.000 -9999.000 -9999.000
-9999.000 -9999.000 -9999.000 -9999.000 -9999.000 -9999.000 -9999.000 -9999.000 -9999.000 -9999.000 -9999.000 -9999.000 -9999.000 0.8085118E-01 0.1402911 0.2045892 0.2358800 0.2699511 0.2816867 0.2443737 0.1859737 0.1302990 0.8539201E-01 0.5790372E-01 0.4492353E-01 0.4589150E-01 0.7892327E-01 0.1517321 0.2238262 0.2640142 0.2340856 0.2236171 0.2248857 0.2385131 0.3120684 0.3366039 0.2886248 0.3115708 0.3882116 0.4048836 0.3730615 0.3353281 0.2734413 0.2072833 0.1715533 0.1349679 0.9738060E-01 0.6714475E-01 -9999.000 -9999.000 -9999.000 -9999.000 -9999.000 -9999.000 -9999.000 -9999.000 -9999.000 -9999.000 -9999.000 -9999.000
-9999.000 -9999.000 -9999.000 -9999.000 -9999.000 -9999.000 -9999.000 -9999.000 -9999.000 -9999.000 -9999.000 -9999.000 -9999.000 0.5601575E-01 0.1269429 0.1477752 0.1335022 0.1944375 0.2522300 0.2358805 0.2122548 0.1736935 0.1194014 0.7850274E-01 0.4830437E-01 0.2677250E-01 0.4141937E-01 0.1120681 0.1978902 0.2257000 0.1630176 0.1983864 0.2356905 0.2579508 0.3265088 0.3513759 0.3242913 0.3431083 0.3795547 0.3908437 0.3400756 0.2412607 0.2063431 0.1727416 0.1923582 0.2092310 0.1882924 0.1503444 0.1201196 -9999.000 -9999.000 -9999.000 -9999.000 -9999.000 -9999.000 -9999.000 -9999.000 -9999.000 -9999.000 -9999.000
-9999.000 -9999.000 -9999.000 -9999.000 -9999.000 -9999.000 -9999.000 -9999.000 -9999.000 -9999.000 -9999.000 -9999.000 -9999.000 -9999.000 0.8579392E-01 0.9111384E-01 -9999.000 0.7115667E-01 0.1437171 0.1949895 0.2340559 0.2052952 0.1710936 0.1241101 0.8648082E-01 0.6036280E-01 0.4480721E-01 0.8602077E-01 0.1613728 0.1663023 0.1405468 0.2012842 0.2570789 0.2800994 0.3161957 0.3452498 0.3417565 0.3379114 0.3489399 0.3434645 0.2900606 0.2791756 0.2569015 0.2544748 0.2809315 0.2845901 0.2751556 0.2661880 0.1937617 0.1004840 -9999.000 -9999.000 -9999.000 -9999.000 -9999.000 -9999.000 -9999.000 -9999.000 -9999.000 -9999.000
-9999.000 -9999.000 -9999.000 -9999.000 -9999.000 -9999.000 -9999.000 -9999.000 -9999.000 -9999.000 -9999.000 -9999.000 -9999.000 -9999.000 -9999.000 -9999.000 0.3996315E-01 0.6164998E-01 0.9558597E-01 0.1426184 0.1933619 0.1983794 0.1759791 0.1261410 0.8456406E-01 0.6100234E-01 0.4402906E-01 0.4899807E-01 0.9209761E-01 0.1182935 0.1359097 0.1799151 0.2411027 0.2687555 0.2949696 0.3134100 0.3249831 0.3203543 0.3311675 0.3416390 0.3427313 0.3503297 0.3281424 0.3181205 0.3126156 0.3143084 0.2996454 0.2853550 0.2168995 0.1279092 -9999.000 -9999.000 -9999.000 -9999.000 -9999.000 -9999.000 -9999.000 -9999.000 -9999.000 -9999.000
-9999.000 -9999.000 -9999.000 -9999.000 -9999.000 -9999.000 -9999.000 -9999.000 -9999.000 -9999.000 -9999.000 -9999.000 -9999.000 -9999.000 -9999.000 -9999.000 0.5319402E-01 0.9543966E-01 0.9599419E-01 0.1115220 0.1466471 0.1640872 0.1544157 0.1219830 0.8193165E-01 0.4861612E-01 0.2638267E-01 -9999.000 -9999.000 0.5812765E-01 0.1078970 0.1468250 0.1897714 0.2134656 0.2573497 0.3051962 0.3105452 0.3044864 0.3327298 0.3848054 0.4042874 0.4002216 0.3494816 0.3174534 0.3334433 0.3362027 0.3064724 0.2470049 0.1679380 0.1158072 0.5322822E-01 -9999.000 -9999.000 -9999.000 -9999.000 -9999.000 -9999.000 -9999.000 -9999.000 -9999.000
-9999.000 -9999.000 -9999.000 -9999.000 -9999.000 -9999.000 -9999.000 -9999.000 -9999.000 -9999.000 -9999.000 -9999.000 -9999.000 -9999.000 -9999.000 -9999.000 -9999.000 0.8304651E-01 0.7520802E-01 0.8820195E-01 0.9382418E-01 0.1309162 0.1586301 0.1428372 0.1106751 0.7249504E-01 0.3729078E-01 -9999.000 -9999.000 -9999.000 0.5477407E-01 0.1068317 0.1263378 0.1386118 0.1985901 0.2619640 0.2629229 0.2636388 0.3266267 0.3971725 0.4257610 0.3989532 0.3403588 0.3130984 0.3147398 0.2783235 0.2357208 0.1807906 0.1366011 0.1177097 -9999.000 -9999.000 -9999.000 -9999.000 -9999.000 -9999.000 -9999.000 -9999.000 -9999.000 -9999.000
-9999.000 -9999.000 -9999.000 -9999.000 -9999.000 -9999.000 -9999.000 -9999.000 -9999.000 -9999.000 -9999.000 -9999.000 -9999.000 -9999.000 -9999.000 -9999.000 -9999.000 0.6539350E-01 0.1167509 0.7592946E-01 0.4837713E-01 0.8365445E-01 0.1242732 0.1285416 0.1228396 0.1003909 0.5077707E-01 0.2237318E-01 -9999.000 -9999.000 -9999.000 0.6208710E-01 0.7811955E-01 0.9541550E-01 0.1402378 0.1918475 0.2053013 0.2517976 0.3359877 0.3808962 0.3831734 0.3554221 0.3140456 0.2783039 0.2628572 0.2007032 0.1638407 0.1452034 0.1502631 0.1458835 0.1163457 -9999.000 -9999.000 -9999.000 -9999.000 -9999.000 -9999.000 -9999.000 -9999.000 -9999.000
-9999.000 -9999.000 -9999.000 -9999.000 -9999.000 -9999.000 -9999.000 -9999.000 -9999.000 -9999.000 -9999.000 -9999.000 -9999.000 -9999.000 -9999.000 -9999.000 -9999.000 0.7491757E-01 0.1264473 0.6760255E-01 0.4355549E-01 0.7985721E-01 0.1007558 0.9680108E-01 0.1205218 0.1042468 -9999.000 -9999.000 -9999.000 -9999.000 -9999.000 -9999.000 0.4390065E-01 0.9242896E-01 0.1518043 0.1915099 0.2222419 0.2753731 0.3035748 0.3277893 0.3175990 0.2956737 0.2780954 0.2838385 0.2586588 0.2497068 0.2286199 0.1722963 0.1748933 0.1984832 0.1719912 0.6814190E-01 -9999.000 -9999.000 -9999.000 -9999.000 -9999.000 -9999.000 -9999.000 -9999.000
-9999.000 -9999.000 -9999.000 -9999.000 -9999.000 -9999.000 -9999.000 -9999.000 -9999.000 -9999.000 -9999.000 -9999.000 -9999.000 -9999.000 -9999.000 -9999.000 -9999.000 0.1288836 0.8486330E-01 0.5460882E-01 0.8620050E-01 0.1372865 0.1461079 0.1053319 0.1128170 0.9419599E-01 0.4648997E-01 -9999.000 -9999.000 -9999.000 -9999.000 -9999.000 0.2351364E-01 0.8564138E-01 0.1724480 0.2268494 0.2583634 0.2462693 0.2309091 0.2392304 0.2651820 0.2391319 0.2524297 0.2968294 0.2865760 0.2969279 0.2731070 0.2152606 0.2021958 0.2332766 0.2072429 0.8371336E-01 0.3316851E-01 -9999.000 -9999.000 -9999.000 -9999.000 -9999.000 -9999.000 -9999.000
-9999.000 -9999.000 -9999.000 -9999.000 -9999.000 -9999.000 -9999.000 -9999.000 -9999.000 -9999.000 -9999.000 -9999.000 -9999.000 -9999.000 -9999.000 -9999.000 0.6507994E-01 0.1287185 0.1078456 0.8244966E-01 0.1577559 0.2067682 0.1892056 0.1389044 0.1309889 0.1002733 0.3746722E-01 -9999.000 -9999.000 -9999.000 -9999.000 -9999.000 -9999.000 0.7020385E-01 0.1429747 0.1817771 0.2020292 0.2082419 0.2102316 0.2196727 0.2218456 0.1970350 0.1994018 0.2786181 0.3082959 0.2953291 0.2650074 0.2294801 0.2183658 0.2286080 0.2130338 0.1141383 0.5332889E-01 -9999.000 -9999.000 -9999.000 -9999.000 -9999.000 -9999.000 -9999.000
-9999.000 -9999.000 -9999.000 -9999.000 -9999.000 -9999.000 -9999.000 -9999.000 -9999.000 -9999.000 -9999.000 -9999.000 -9999.000 -9999.000 -9999.000 -9999.000 -9999.000 0.8057814E-01 0.9849030E-01 0.1022312 0.1548882 0.1846924 0.1724200 0.1839448 0.1835620 0.1305669 0.5265831E-01 0.2078669E-01 -9999.000 -9999.000 -9999.000 -9999.000 -9999.000 0.4861494E-01 0.7845895E-01 0.8502995E-01 0.1277752 0.1710836 0.2124378 0.2176802 0.2233444 0.2128635 0.2060992 0.2591024 0.2910298 0.2923155 0.2743364 0.2355803 0.2358068 0.2481251 0.2017101 0.1368286 0.1035605 0.4118781E-01 -9999.000 -9999.000 -9999.000 -9999.000 -9999.000 -9999.000
-9999.000 -9999.000 -9999.000 -9999.000 -9999.000 -9999.000 -9999.000 -9999.000 -9999.000 -9999.000 -9999.000 -9999.000 -9999.000 -9999.000 -9999.000 -9999.000 -9999.000 -9999.000 0.6650800E-01 0.8130208E-01 0.1148992 0.1270697 0.1359233 0.1854583 0.2101643 0.1605512 0.9397597E-01 0.4016060E-01 -9999.000 -9999.000 -9999.000 -9999.000 -9999.000 -9999.000 0.6947033E-01 0.9351691E-01 0.1180114 0.1512568 0.1754223 0.1909170 0.2266392 0.2606322 0.2647120 0.2691787 0.2577639 0.2823434 0.2629546 0.2372542 0.2654981 0.2886898 0.2422951 0.2063958 0.1842498 0.1130455 -9999.000 -9999.000 -9999.000 -9999.000 -9999.000 -9999.000
-9999.000 -9999.000 -9999.000 -9999.000 -9999.000 -9999.000 -9999.000 -9999.000 -9999.000 -9999.000 -9999.000 -9999.000 -9999.000 -9999.000 -9999.000 -9999.000 -9999.000 0.4581311E-01 0.7947593E-01 0.5786772E-01 0.6129660E-01 0.9149130E-01 0.1197845 0.1660823 0.2043587 0.1793694 0.1300417 0.6665525E-01 0.3097169E-01 -9999.000 -9999.000 -9999.000 -9999.000 -9999.000 0.6404008E-01 0.9854283E-01 0.1281480 0.1443281 0.1621644 0.1764776 0.1972217 0.2369014 0.2508411 0.2331483 0.2184312 0.2024402 0.1920097 0.2137462 0.2869047 0.3278764 0.2956821 0.2685992 0.2304376 0.2003878 0.1757175 -9999.000 -9999.000 -9999.000 -9999.000 -9999.000
-9999.000 -9999.000 -9999.000 -9999.000 -9999.000 -9999.000 -9999.000 -9999.000 -9999.000 -9999.000 -9999.000 -9999.000 -9999.000 -9999.000 -9999.000 -9999.000 -9999.000 -9999.000 0.4578614E-01 -9999.000 0.3728487E-01 0.1166460 0.1659988 0.1940636 0.1819063 0.1457402 0.1182816 0.8180324E-01 0.4061763E-01 -9999.000 -9999.000 -9999.000 -9999.000 -9999.000 -9999.000 0.5485004E-01 0.9556952E-01 0.1257173 0.1681759 0.1854086 0.1993832 0.2251765 0.2435054 0.1955688 0.1314011 0.9774420E-01 0.1198144 0.2104574 0.3025966 0.3479423 0.2966344 0.2634361 0.2333706 0.2172947 0.1687960 0.9617945E-01 -9999.000 -9999.000 -9999.000 -9999.000
-9999.000 -9999.000 -9999.000 -9999.000 -9999.000 -9999.000 -9999.000 -9999.000 -9999.000 -9999.000 -9999.000 -9999.000 -9999.000 -9999.000 -9999.000 -9999.000 -9999.000 -9999.000 0.1524832E-01 0.2071088E-01 0.4419707E-01 0.1383870 0.2195507 0.2340863 0.1893200 0.1521986 0.1222439 0.9715721E-01 0.5359434E-01 -9999.000 -9999.000 -9999.000 -9999.000 -9999.000 -9999.000 0.3656358E-01 0.6984243E-01 0.1215781 0.1689085 0.2001917 0.2372824 0.2476009 0.2508011 0.2025100 0.1537475 0.1488439 0.1766124 0.2457246 0.2871474 0.2662443 0.2419983 0.2614305 0.2543400 0.2042730 0.1666328 0.1171664 0.4886202E-01 -9999.000 -9999.000 -9999.000
-9999.000 -9999.000 -9999.000 -9999.000 -9999.000 -9999.000 -9999.000 -9999.000 -9999.000 -9999.000 -9999.000 -9999.000 -9999.000 -9999.000 -9999.000 -9999.000 -9999.000 -9999.000 0.1312994E-01 0.3007406E-01 0.6356804E-01 0.1524489 0.2330736 0.2242621 0.1874272 0.1490453 0.1203267 0.9968184E-01 0.6801963E-01 -9999.000 -9999.000 -9999.000 -9999.000 -9999.000 -9999.000 -9999.000 0.4803585E-01 0.1168247 0.1893254 0.2353559 0.2894315 0.3056618 0.2691599 0.2279835 0.2353858 0.3208626 0.3715952 0.3525616 0.2997134 0.2423477 0.2631748 0.3187668 0.3074504 0.2208561 0.1882358 0.1740170 0.1025088 -9999.000 -9999.000 -9999.000
