simulation_files/asc/Depth____157.0.asc
NCOLS        79
NROWS        79
XLLCENTER         -1.500000
YLLCENTER         -4.800000
CELLSIZE           0.100
NODATA_VALUE     -9999.0
[rows 0 to 25 of 79, columns 0 to 58 of 79]
-9999.000 -9999.000 -9999.000 -9999.000 -9999.000 -9999.000 -9999.000 -9999.000 -9999.000 -9999.000 -9999.000 -9999.000 -9999.000 -9999.000 -9999.000 0.6066593 0.6068864 0.6068509 0.6067547 0.6066099 0.6064269 0.6062234 0.6060095 0.6057931 0.6055831 0.6053838 0.6051884 0.6049641 0.6046090 0.6045588 0.6045588 -9999.000 -9999.000 -9999.000 -9999.000 -9999.000 -9999.000 -9999.000 -9999.000 -9999.000 -9999.000 -9999.000 -9999.000 -9999.000 -9999.000 -9999.000 -9999.000 -9999.000 -9999.000 -9999.000 -9999.000 -9999.000 -9999.000 -9999.000 -9999.000 -9999.000 -9999.000 -9999.000 -9999.000
-9999.000 -9999.000 -9999.000 -9999.000 -9999.000 -9999.000 -9999.000 -9999.000 -9999.000 -9999.000 -9999.000 -9999.000 -9999.000 -9999.000 -9999.000 0.6084158 0.6086469 0.6086158 0.6085368 0.6084201 0.6082740 0.6081135 0.6079463 0.6077790 0.6076185 0.6074686 0.6073231 0.6071528 0.6068655 0.6068848 0.6068848 -9999.000 -9999.000 -9999.000 -9999.000 -9999.000 -9999.000 -9999.000 -9999.000 -9999.000 -9999.000 -9999.000 -9999.000 -9999.000 -9999.000 -9999.000 -9999.000 -9999.000 -9999.000 -9999.000 -9999.000 -9999.000 -9999.000 -9999.000 -9999.000 -9999.000 -9999.000 -9999.000 -9999.000
-9999.000 -9999.000 -9999.000 -9999.000 -9999.000 -9999.000 -9999.000 -9999.000 -9999.000 -9999.000 -9999.000 -9999.000 -9999.000 -9999.000 -9999.000 0.6103584 0.6106139 0.6105878 0.6105144 0.6104040 0.6102652 0.6101128 0.6099549 0.6097973 0.6096466 0.6095058 0.6093674 0.6091995 0.6089039 0.6089178 0.6089178 -9999.000 -9999.000 -9999.000 -9999.000 -9999.000 -9999.000 -9999.000 -9999.000 -9999.000 -9999.000 -9999.000 -9999.000 -9999.000 -9999.000 -9999.000 -9999.000 -9999.000 -9999.000 -9999.000 -9999.000 -9999.000 -9999.000 -9999.000 -9999.000 -9999.000 -9999.000 -9999.000 -9999.000
-9999.000 -9999.000 -9999.000 -9999.000 -9999.000 -9999.000 -9999.000 -9999.000 -9999.000 -9999.000 -9999.000 -9999.000 -9999.000 -9999.000 -9999.000 0.6123430 0.6126126 0.6125879 0.6125160 0.6124066 0.6122684 0.6121168 0.6119599 0.6118032 0.6116534 0.6115133 0.6113744 0.6112025 0.6108927 0.6108851 0.6108851 -9999.000 -9999.000 -9999.000 -9999.000 -9999.000 -9999.000 -9999.000 -9999.000 -9999.000 -9999.000 -9999.000 -9999.000 -9999.000 -9999.000 -9999.000 -9999.000 -9999.000 -9999.000 -9999.000 -9999.000 -9999.000 -9999.000 -9999.000 -9999.000 -9999.000 -9999.000 -9999.000 -9999.000
-9999.000 -9999.000 -9999.000 -9999.000 -9999.000 -9999.000 -9999.000 -9999.000 -9999.000 -9999.000 -9999.000 -9999.000 -9999.000 -9999.000 -9999.000 0.6143472 0.6146256 0.6146005 0.6145275 0.6144159 0.6142746 0.6141196 0.6139593 0.6137989 0.6136456 0.6135017 0.6133584 0.6131787 0.6128497 0.6128069 0.6128069 -9999.000 -9999.000 -9999.000 -9999.000 -9999.000 -9999.000 -9999.000 -9999.000 -9999.000 -9999.000 -9999.000 -9999.000 -9999.000 -9999.000 -9999.000 -9999.000 -9999.000 -9999.000 -9999.000 -9999.000 -9999.000 -9999.000 -9999.000 -9999.000 -9999.000 -9999.000 -9999.000 -9999.000
-9999.000 -9999.000 -9999.000 -9999.000 -9999.000 -9999.000 -9999.000 -9999.000 -9999.000 -9999.000 -9999.000 -9999.000 -9999.000 -9999.000 -9999.000 0.6163593 0.6166435 0.6166170 0.6165415 0.6164261 0.6162798 0.6161189 0.6159527 0.6157860 0.6156265 0.6154767 0.6153265 0.6151363 0.6147835 0.6146917 0.6146917 -9999.000 -9999.000 -9999.000 -9999.000 -9999.000 -9999.000 -9999.000 -9999.000 -9999.000 -9999.000 -9999.000 -9999.000 -9999.000 -9999.000 -9999.000 -9999.000 -9999.000 -9999.000 -9999.000 -9999.000 -9999.000 -9999.000 -9999.000 -9999.000 -9999.000 -9999.000 -9999.000 -9999.000
-9999.000 -9999.000 -9999.000 -9999.000 -9999.000 -9999.000 -9999.000 -9999.000 -9999.000 -9999.000 -9999.000 -9999.000 -9999.000 -9999.000 -9999.000 0.6183732 0.6186616 0.6186328 0.6185542 0.6184340 0.6182814 0.6181133 0.6179398 0.6177654 0.6175982 0.6174408 0.6172822 0.6170793 0.6166978 0.6165408 0.6165408 -9999.000 -9999.000 -9999.000 -9999.000 -9999.000 -9999.000 -9999.000 -9999.000 -9999.000 -9999.000 -9999.000 -9999.000 -9999.000 -9999.000 -9999.000 -9999.000 -9999.000 -9999.000 -9999.000 -9999.000 -9999.000 -9999.000 -9999.000 -9999.000 -9999.000 -9999.000 -9999.000 -9999.000
-9999.000 -9999.000 -9999.000 -9999.000 -9999.000 -9999.000 -9999.000 -9999.000 -9999.000 -9999.000 -9999.000 -9999.000 -9999.000 -9999.000 -9999.000 0.6203851 0.6206771 0.6206454 0.6205631 0.6204375 0.6202779 0.6201020 0.6199204 0.6197371 0.6195614 0.6193954 0.6192271 0.6190091 0.6185935 0.6183507 0.6183507 -9999.000 -9999.000 -9999.000 -9999.000 -9999.000 -9999.000 -9999.000 -9999.000 -9999.000 -9999.000 -9999.000 -9999.000 -9999.000 -9999.000 -9999.000 -9999.000 -9999.000 -9999.000 -9999.000 -9999.000 -9999.000 -9999.000 -9999.000 -9999.000 -9999.000 -9999.000 -9999.000 -9999.000
-9999.000 -9999.000 -9999.000 -9999.000 -9999.000 -9999.000 -9999.000 -9999.000 -9999.000 -9999.000 -9999.000 -9999.000 -9999.000 -9999.000 -9999.000 0.6223922 0.6226876 0.6226528 0.6225666 0.6224352 0.6222681 0.6220838 0.6218937 0.6217012 0.6215161 0.6213407 0.6211615 0.6209260 0.6204697 0.6201134 0.6201134 -9999.000 -9999.000 -9999.000 -9999.000 -9999.000 -9999.000 -9999.000 -9999.000 -9999.000 -9999.000 -9999.000 -9999.000 -9999.000 -9999.000 -9999.000 -9999.000 -9999.000 -9999.000 -9999.000 -9999.000 -9999.000 -9999.000 -9999.000 -9999.000 -9999.000 -9999.000 -9999.000 -9999.000
-9999.000 -9999.000 -9999.000 -9999.000 -9999.000 -9999.000 -9999.000 -9999.000 -9999.000 -9999.000 -9999.000 -9999.000 -9999.000 -9999.000 -9999.000 0.6243924 0.6246914 0.6246532 0.6245627 0.6244252 0.6242504 0.6240575 0.6238586 0.6236565 0.6234617 0.6232762 0.6230847 0.6228286 0.6223238 0.6218157 0.6218157 -9999.000 -9999.000 -9999.000 -9999.000 -9999.000 -9999.000 -9999.000 -9999.000 -9999.000 -9999.000 -9999.000 -9999.000 -9999.000 -9999.000 -9999.000 -9999.000 -9999.000 -9999.000 -9999.000 -9999.000 -9999.000 -9999.000 -9999.000 -9999.000 -9999.000 -9999.000 -9999.000 -9999.000
-9999.000 -9999.000 -9999.000 -9999.000 -9999.000 -9999.000 -9999.000 -9999.000 -9999.000 -9999.000 -9999.000 -9999.000 -9999.000 -9999.000 -9999.000 0.6263828 0.6266860 0.6266440 0.6265492 0.6264054 0.6262226 0.6260208 0.6258132 0.6256011 0.6253962 0.6252000 0.6249948 0.6247145 0.6241511 0.6234372 0.6234372 -9999.000 -9999.000 -9999.000 -9999.000 -9999.000 -9999.000 -9999.000 -9999.000 -9999.000 -9999.000 -9999.000 -9999.000 -9999.000 -9999.000 -9999.000 -9999.000 -9999.000 -9999.000 -9999.000 -9999.000 -9999.000 -9999.000 -9999.000 -9999.000 -9999.000 -9999.000 -9999.000 -9999.000
-9999.000 -9999.000 -9999.000 -9999.000 -9999.000 -9999.000 -9999.000 -9999.000 -9999.000 -9999.000 -9999.000 -9999.000 -9999.000 -9999.000 -9999.000 0.6283597 0.6286687 0.6286226 0.6285232 0.6283728 0.6281818 0.6279710 0.6277545 0.6275320 0.6273165 0.6271089 0.6268883 0.6265792 0.6259444 0.6249460 0.6249460 -9999.000 -9999.000 -9999.000 -9999.000 -9999.000 -9999.000 -9999.000 -9999.000 -9999.000 -9999.000 -9999.000 -9999.000 -9999.000 -9999.000 -9999.000 -9999.000 -9999.000 -9999.000 -9999.000 -9999.000 -9999.000 -9999.000 -9999.000 -9999.000 -9999.000 -9999.000 -9999.000 -9999.000
-9999.000 -9999.000 -9999.000 -9999.000 -9999.000 -9999.000 -9999.000 -9999.000 -9999.000 -9999.000 -9999.000 -9999.000 -9999.000 -9999.000 -9999.000 0.6303188 0.6306356 0.6305850 0.6304808 0.6303235 0.6301237 0.6299036 0.6296781 0.6294446 0.6292180 0.6289978 0.6287592 0.6284152 0.6276920 0.6262898 0.6262898 -9999.000 -9999.000 -9999.000 -9999.000 -9999.000 -9999.000 -9999.000 -9999.000 -9999.000 -9999.000 -9999.000 -9999.000 -9999.000 -9999.000 -9999.000 -9999.000 -9999.000 -9999.000 -9999.000 -9999.000 -9999.000 -9999.000 -9999.000 -9999.000 -9999.000 -9999.000 -9999.000 -9999.000
-9999.000 -9999.000 -9999.000 -9999.000 -9999.000 -9999.000 -9999.000 -9999.000 -9999.000 -9999.000 -9999.000 -9999.000 -9999.000 -9999.000 -9999.000 0.6322438 0.6325754 0.6325223 0.6324147 0.6322515 0.6320435 0.6318142 0.6315794 0.6313338 0.6310946 0.6308597 0.6305991 0.6302108 0.6293755 0.6273857 0.6273857 -9999.000 -9999.000 -9999.000 -9999.000 -9999.000 -9999.000 -9999.000 -9999.000 -9999.000 -9999.000 -9999.000 -9999.000 -9999.000 -9999.000 -9999.000 -9999.000 -9999.000 -9999.000 -9999.000 -9999.000 -9999.000 -9999.000 -9999.000 -9999.000 -9999.000 -9999.000 -9999.000 -9999.000
-9999.000 -9999.000 -9999.000 -9999.000 -9999.000 -9999.000 -9999.000 -9999.000 -9999.000 -9999.000 -9999.000 -9999.000 -9999.000 -9999.000 -9999.000 0.6323866 0.6338353 0.6342058 0.6343976 0.6344275 0.6343231 0.6341294 0.6338837 0.6335934 0.6332923 0.6329868 0.6326442 0.6321331 0.6310341 0.6275321 0.6275321 -9999.000 -9999.000 -9999.000 -9999.000 -9999.000 -9999.000 -9999.000 -9999.000 -9999.000 -9999.000 -9999.000 -9999.000 -9999.000 -9999.000 -9999.000 -9999.000 -9999.000 -9999.000 -9999.000 -9999.000 -9999.000 -9999.000 -9999.000 -9999.000 -9999.000 -9999.000 -9999.000 -9999.000
0.7011048 0.7011048 0.6870678 0.6716488 0.6677963 0.6677963 0.6645610 0.6591425 0.6591425 0.6545931 0.6545931 0.6506227 0.6488057 0.6470824 0.6454422 0.6454422 0.6372288 0.6369603 0.6370522 0.6375373 0.6384226 0.6398474 0.6417153 0.6436938 0.6457764 0.6477216 0.6489567 0.6480200 0.6410577 0.6131711 0.6131711 0.4262281 0.3956001 0.3786815 0.3729554 0.3729554 0.3643701 0.3643701 0.3689270 0.3689270 0.3800372 0.4263347 0.4263347 0.5188518 0.5188518 0.5507048 0.5507048 0.5507048 0.5483636 0.5483636 0.5386693 0.5386693 0.5264793 0.5264793 0.5140402 0.5140402 0.5027226 0.5027226 0.5027226
0.6992127 0.6992127 0.6846189 0.6706946 0.6668418 0.6668418 0.6636076 0.6581992 0.6581992 0.6536650 0.6536650 0.6497101 0.6479003 0.6461843 0.6445510 0.6445510 0.6374518 0.6349022 0.6320689 0.6292796 0.6268667 0.6251293 0.6241990 0.6240349 0.6246515 0.6259400 0.6276144 0.6291060 0.6283332 0.6158549 0.6158549 0.4882574 0.4405062 0.3946368 0.3821066 0.3821066 0.3685149 0.3685149 0.3720866 0.3720866 0.3823599 0.4223934 0.4223934 0.4984559 0.4984559 0.5494907 0.5494907 0.5494907 0.5485004 0.5485004 0.5390157 0.5390157 0.5268358 0.5268358 0.5144431 0.5144431 0.5031666 0.5031666 0.5031666
0.6981487 0.6981487 0.6835665 0.6707039 0.6668444 0.6668444 0.6635963 0.6581702 0.6581702 0.6536292 0.6536292 0.6496698 0.6478579 0.6461395 0.6445037 0.6445037 0.6375700 0.6330097 0.6277380 0.6223949 0.6174834 0.6133685 0.6102434 0.6081424 0.6070879 0.6070278 0.6077699 0.6088572 0.6087638 0.6011681 0.6011681 0.5188010 0.4692645 0.4107772 0.3936384 0.3936384 0.3771210 0.3771210 0.3838303 0.3838303 0.3955468 0.4312429 0.4312429 0.4878912 0.4878912 0.5441399 0.5441399 0.5441399 0.5466238 0.5466238 0.5383506 0.5383506 0.5265514 0.5265514 0.5143453 0.5143453 0.5031940 0.5031940 0.5031940
0.6972921 0.6972921 0.6827310 0.6707239 0.6668714 0.6668714 0.6636121 0.6581699 0.6581699 0.6536267 0.6536267 0.6496689 0.6478575 0.6461393 0.6445037 0.6445037 0.6371338 0.6306265 0.6230204 0.6152856 0.6080853 0.6018461 0.5967993 0.5930136 0.5904984 0.5892032 0.5889753 0.5894578 0.5895073 0.5845047 0.5845047 0.5317631 0.4875123 0.4267014 0.4080871 0.4080871 0.3935691 0.3935691 0.4062318 0.4062318 0.4188385 0.4468898 0.4468898 0.4827392 0.4827392 0.5337330 0.5337330 0.5337330 0.5407956 0.5407956 0.5352656 0.5352656 0.5247732 0.5247732 0.5132550 0.5132550 0.5025988 0.5025988 0.5025988
0.6966346 0.6966346 0.6820919 0.6707377 0.6668990 0.6668990 0.6636297 0.6581706 0.6581706 0.6536249 0.6536249 0.6496685 0.6478578 0.6461400 0.6445046 0.6445046 0.6359266 0.6274151 0.6175115 0.6074623 0.5980539 0.5897635 0.5828579 0.5774425 0.5735340 0.5710824 0.5699516 0.5698457 0.5698995 0.5667824 0.5667824 0.5329568 0.4965226 0.4408622 0.4249204 0.4249204 0.4198020 0.4198020 0.4384693 0.4384693 0.4491420 0.4650701 0.4650701 0.4816938 0.4816938 0.5203453 0.5203453 0.5203453 0.5311660 0.5311660 0.5294878 0.5294878 0.5213763 0.5213763 0.5112567 0.5112567 0.5015791 0.5015791 0.5015791
0.6961702 0.6961702 0.6816408 0.6707460 0.6669223 0.6669223 0.6636454 0.6581715 0.6581715 0.6536233 0.6536233 0.6496683 0.6478581 0.6461405 0.6445053 0.6445053 0.6337355 0.6230513 0.6108575 0.5985808 0.5870699 0.5768238 0.5681257 0.5611092 0.5558106 0.5521946 0.5501477 0.5494264 0.5493765 0.5476338 0.5476338 0.5263135 0.4983281 0.4546552 0.4465539 0.4465539 0.4568778 0.4568778 0.4757533 0.4757533 0.4807440 0.4823251 0.4823251 0.4835865 0.4835865 0.5069668 0.5069668 0.5069668 0.5190843 0.5190843 0.5212187 0.5212187 0.5162711 0.5162711 0.5082977 0.5082977 0.5001617 0.5001617 0.5001617
0.6958936 0.6958936 0.6813722 0.6707500 0.6669377 0.6669377 0.6636561 0.6581721 0.6581721 0.6536220 0.6536220 0.6496677 0.6478578 0.6461406 0.6445056 0.6445056 0.6302981 0.6171738 0.6026574 0.5882410 0.5747649 0.5627081 0.5523443 0.5438137 0.5371678 0.5323906 0.5293974 0.5279984 0.5277129 0.5269293 0.5269293 0.5142185 0.4950455 0.4725381 0.4779545 0.4779545 0.5021262 0.5021262 0.5110686 0.5110686 0.5083324 0.4970596 0.4970596 0.4873936 0.4873936 0.4958157 0.4958157 0.4958157 0.5063341 0.5063341 0.5111098 0.5111098 0.5095327 0.5095327 0.5043221 0.5043221 0.4983144 0.4983144 0.4983144
0.6958018 0.6958018 0.6812829 0.6707513 0.6669430 0.6669430 0.6636599 0.6581724 0.6581724 0.6536216 0.6536216 0.6496676 0.6478578 0.6461408 0.6445057 0.6445057 0.6252525 0.6093404 0.5924329 0.5759628 0.5606859 0.5470146 0.5351785 0.5252988 0.5174253 0.5115547 0.5076296 0.5055125 0.5048776 0.5047666 0.5047666 0.4985160 0.4896125 0.5018578 0.5229922 0.5229922 0.5474670 0.5474670 0.5392081 0.5392081 0.5296869 0.5092680 0.5092680 0.4923424 0.4923424 0.4878469 0.4878469 0.4878469 0.4945090 0.4945090 0.5001274 0.5001274 0.5014773 0.5014773 0.4993674 0.4993674 0.4960172 0.4960172 0.4960172
0.6958936 0.6958936 0.6813722 0.6707501 0.6669377 0.6669377 0.6636561 0.6581722 0.6581722 0.6536220 0.6536220 0.6496677 0.6478578 0.6461406 0.6445056 0.6445056 0.6180741 0.5989682 0.5795827 0.5611565 0.5442803 0.5292462 0.5162021 0.5052199 0.4963263 0.4895162 0.4847501 0.4819379 0.4809140 0.4814725 0.4814725 0.4814947 0.4876994 0.5488105 0.5776245 0.5776245 0.5836327 0.5836327 0.5593420 0.5593420 0.5455157 0.5194963 0.5194963 0.4978074 0.4978074 0.4829748 0.4829748 0.4829748 0.4846377 0.4846377 0.4893213 0.4893213 0.4926626 0.4926626 0.4936280 0.4936280 0.4933093 0.4933093 0.4933093
0.6961700 0.6961700 0.6816407 0.6707460 0.6669223 0.6669223 0.6636454 0.6581715 0.6581715 0.6536233 0.6536233 0.6496683 0.6478579 0.6461406 0.6445053 0.6445053 0.6079724 0.5852399 0.5633097 0.5430719 0.5248608 0.5087894 0.4948825 0.4831322 0.4735188 0.4660174 0.4605933 0.4571993 0.4559059 0.4578866 0.4578866 0.4678174 0.5005830 0.6090607 0.6276680 0.6276680 0.6072347 0.6072347 0.5734698 0.5734698 0.5574573 0.5281466 0.5281466 0.5032538 0.5032538 0.4805591 0.4805591 0.4805591 0.4771146 0.4771146 0.4795902 0.4795902 0.4838087 0.4838087 0.4874776 0.4874776 0.4903263 0.4903263 0.4903263
0.6966345 0.6966345 0.6820918 0.6707377 0.6668990 0.6668990 0.6636297 0.6581708 0.6581708 0.6536249 0.6536249 0.6496686 0.6478578 0.6461400 0.6445047 0.6445047 0.5937076 0.5669467 0.5425009 0.5207123 0.5015484 0.4848768 0.4705576 0.4584744 0.4485404 0.4406953 0.4348959 0.4311490 0.4300995 0.4366547 0.4366547 0.4687912 0.5435416 0.6633465 0.6596756 0.6596756 0.6213855 0.6213855 0.5836917 0.5836917 0.5667007 0.5353330 0.5353330 0.5082432 0.5082432 0.4798112 0.4798112 0.4798112 0.4718445 0.4718445 0.4715334 0.4715334 0.4756647 0.4756647 0.4814367 0.4814367 0.4873082 0.4873082 0.4873082
