simulation_files/asc/Depth____000294.asc
NCOLS        79
NROWS        79
XLLCENTER         -1.500000
YLLCENTER         -4.800000
CELLSIZE           0.100
NODATA_VALUE     -9999.0
[rows 0 to 25 of 79, columns 0 to 58 of 79]
-9999.000 -9999.000 -9999.000 -9999.000 -9999.000 -9999.000 -9999.000 -9999.000 -9999.000 -9999.000 -9999.000 -9999.000 -9999.000 -9999.000 -9999.000 0.7043552 0.7048050 0.7049128 0.7048131 0.7046080 0.7043536 0.7040716 0.7037824 0.7035030 0.7032356 0.7029868 0.7027538 0.7025045 0.7021302 0.7020876 0.7020876 -9999.000 -9999.000 -9999.000 -9999.000 -9999.000 -9999.000 -9999.000 -9999.000 -9999.000 -9999.000 -9999.000 -9999.000 -9999.000 -9999.000 -9999.000 -9999.000 -9999.000 -9999.000 -9999.000 -9999.000 -9999.000 -9999.000 -9999.000 -9999.000 -9999.000 -9999.000 -9999.000 -9999.000
-9999.000 -9999.000 -9999.000 -9999.000 -9999.000 -9999.000 -9999.000 -9999.000 -9999.000 -9999.000 -9999.000 -9999.000 -9999.000 -9999.000 -9999.000 0.7061260 0.7065456 0.7066335 0.7065506 0.7063853 0.7061845 0.7059653 0.7057433 0.7055318 0.7053317 0.7051477 0.7049768 0.7047903 0.7044909 0.7045326 0.7045326 -9999.000 -9999.000 -9999.000 -9999.000 -9999.000 -9999.000 -9999.000 -9999.000 -9999.000 -9999.000 -9999.000 -9999.000 -9999.000 -9999.000 -9999.000 -9999.000 -9999.000 -9999.000 -9999.000 -9999.000 -9999.000 -9999.000 -9999.000 -9999.000 -9999.000 -9999.000 -9999.000 -9999.000
-9999.000 -9999.000 -9999.000 -9999.000 -9999.000 -9999.000 -9999.000 -9999.000 -9999.000 -9999.000 -9999.000 -9999.000 -9999.000 -9999.000 -9999.000 0.7080394 0.7084922 0.7085896 0.7085127 0.7083530 0.7081591 0.7079480 0.7077355 0.7075346 0.7073452 0.7071714 0.7070088 0.7068260 0.7065200 0.7065577 0.7065577 -9999.000 -9999.000 -9999.000 -9999.000 -9999.000 -9999.000 -9999.000 -9999.000 -9999.000 -9999.000 -9999.000 -9999.000 -9999.000 -9999.000 -9999.000 -9999.000 -9999.000 -9999.000 -9999.000 -9999.000 -9999.000 -9999.000 -9999.000 -9999.000 -9999.000 -9999.000 -9999.000 -9999.000
-9999.000 -9999.000 -9999.000 -9999.000 -9999.000 -9999.000 -9999.000 -9999.000 -9999.000 -9999.000 -9999.000 -9999.000 -9999.000 -9999.000 -9999.000 0.7100036 0.7104768 0.7105785 0.7105018 0.7103416 0.7101474 0.7099363 0.7097243 0.7095247 0.7093366 0.7091641 0.7090018 0.7088162 0.7084973 0.7085134 0.7085134 -9999.000 -9999.000 -9999.000 -9999.000 -9999.000 -9999.000 -9999.000 -9999.000 -9999.000 -9999.000 -9999.000 -9999.000 -9999.000 -9999.000 -9999.000 -9999.000 -9999.000 -9999.000 -9999.000 -9999.000 -9999.000 -9999.000 -9999.000 -9999.000 -9999.000 -9999.000 -9999.000 -9999.000
-9999.000 -9999.000 -9999.000 -9999.000 -9999.000 -9999.000 -9999.000 -9999.000 -9999.000 -9999.000 -9999.000 -9999.000 -9999.000 -9999.000 -9999.000 0.7119883 0.7124763 0.7125800 0.7125006 0.7123365 0.7121385 0.7119234 0.7117079 0.7115054 0.7113143 0.7111389 0.7109733 0.7107810 0.7104442 0.7104243 0.7104243 -9999.000 -9999.000 -9999.000 -9999.000 -9999.000 -9999.000 -9999.000 -9999.000 -9999.000 -9999.000 -9999.000 -9999.000 -9999.000 -9999.000 -9999.000 -9999.000 -9999.000 -9999.000 -9999.000 -9999.000 -9999.000 -9999.000 -9999.000 -9999.000 -9999.000 -9999.000 -9999.000 -9999.000
-9999.000 -9999.000 -9999.000 -9999.000 -9999.000 -9999.000 -9999.000 -9999.000 -9999.000 -9999.000 -9999.000 -9999.000 -9999.000 -9999.000 -9999.000 0.7139798 0.7144800 0.7145839 0.7145002 0.7143306 0.7141272 0.7139062 0.7136852 0.7134778 0.7132817 0.7131015 0.7129303 0.7127290 0.7123696 0.7122996 0.7122996 -9999.000 -9999.000 -9999.000 -9999.000 -9999.000 -9999.000 -9999.000 -9999.000 -9999.000 -9999.000 -9999.000 -9999.000 -9999.000 -9999.000 -9999.000 -9999.000 -9999.000 -9999.000 -9999.000 -9999.000 -9999.000 -9999.000 -9999.000 -9999.000 -9999.000 -9999.000 -9999.000 -9999.000
-9999.000 -9999.000 -9999.000 -9999.000 -9999.000 -9999.000 -9999.000 -9999.000 -9999.000 -9999.000 -9999.000 -9999.000 -9999.000 -9999.000 -9999.000 0.7159718 0.7164826 0.7165856 0.7164963 0.7163201 0.7161104 0.7158827 0.7156553 0.7154421 0.7152397 0.7150535 0.7148756 0.7146632 0.7142765 0.7141398 0.7141398 -9999.000 -9999.000 -9999.000 -9999.000 -9999.000 -9999.000 -9999.000 -9999.000 -9999.000 -9999.000 -9999.000 -9999.000 -9999.000 -9999.000 -9999.000 -9999.000 -9999.000 -9999.000 -9999.000 -9999.000 -9999.000 -9999.000 -9999.000 -9999.000 -9999.000 -9999.000 -9999.000 -9999.000
-9999.000 -9999.000 -9999.000 -9999.000 -9999.000 -9999.000 -9999.000 -9999.000 -9999.000 -9999.000 -9999.000 -9999.000 -9999.000 -9999.000 -9999.000 0.7179607 0.7184814 0.7185822 0.7184861 0.7183028 0.7180862 0.7178513 0.7176169 0.7173974 0.7171881 0.7169952 0.7168096 0.7165841 0.7161647 0.7159402 0.7159402 -9999.000 -9999.000 -9999.000 -9999.000 -9999.000 -9999.000 -9999.000 -9999.000 -9999.000 -9999.000 -9999.000 -9999.000 -9999.000 -9999.000 -9999.000 -9999.000 -9999.000 -9999.000 -9999.000 -9999.000 -9999.000 -9999.000 -9999.000 -9999.000 -9999.000 -9999.000 -9999.000 -9999.000
-9999.000 -9999.000 -9999.000 -9999.000 -9999.000 -9999.000 -9999.000 -9999.000 -9999.000 -9999.000 -9999.000 -9999.000 -9999.000 -9999.000 -9999.000 0.7199444 0.7204745 0.7205719 0.7204679 0.7202767 0.7200530 0.7198102 0.7195686 0.7193424 0.7191256 0.7189254 0.7187313 0.7184905 0.7180319 0.7176915 0.7176915 -9999.000 -9999.000 -9999.000 -9999.000 -9999.000 -9999.000 -9999.000 -9999.000 -9999.000 -9999.000 -9999.000 -9999.000 -9999.000 -9999.000 -9999.000 -9999.000 -9999.000 -9999.000 -9999.000 -9999.000 -9999.000 -9999.000 -9999.000 -9999.000 -9999.000 -9999.000 -9999.000 -9999.000
-9999.000 -9999.000 -9999.000 -9999.000 -9999.000 -9999.000 -9999.000 -9999.000 -9999.000 -9999.000 -9999.000 -9999.000 -9999.000 -9999.000 -9999.000 0.7219211 0.7224602 0.7225528 0.7224397 0.7222399 0.7220088 0.7217579 0.7215086 0.7212756 0.7210507 0.7208425 0.7206389 0.7203802 0.7198748 0.7193798 0.7193798 -9999.000 -9999.000 -9999.000 -9999.000 -9999.000 -9999.000 -9999.000 -9999.000 -9999.000 -9999.000 -9999.000 -9999.000 -9999.000 -9999.000 -9999.000 -9999.000 -9999.000 -9999.000 -9999.000 -9999.000 -9999.000 -9999.000 -9999.000 -9999.000 -9999.000 -9999.000 -9999.000 -9999.000
-9999.000 -9999.000 -9999.000 -9999.000 -9999.000 -9999.000 -9999.000 -9999.000 -9999.000 -9999.000 -9999.000 -9999.000 -9999.000 -9999.000 -9999.000 0.7238889 0.7244368 0.7245231 0.7243994 0.7241904 0.7239514 0.7236919 0.7234346 0.7231945 0.7229610 0.7227442 0.7225296 0.7222498 0.7216877 0.7209840 0.7209840 -9999.000 -9999.000 -9999.000 -9999.000 -9999.000 -9999.000 -9999.000 -9999.000 -9999.000 -9999.000 -9999.000 -9999.000 -9999.000 -9999.000 -9999.000 -9999.000 -9999.000 -9999.000 -9999.000 -9999.000 -9999.000 -9999.000 -9999.000 -9999.000 -9999.000 -9999.000 -9999.000 -9999.000
-9999.000 -9999.000 -9999.000 -9999.000 -9999.000 -9999.000 -9999.000 -9999.000 -9999.000 -9999.000 -9999.000 -9999.000 -9999.000 -9999.000 -9999.000 0.7258450 0.7264022 0.7264804 0.7263445 0.7261252 0.7258780 0.7256093 0.7253436 0.7250962 0.7248530 0.7246268 0.7243997 0.7240944 0.7234633 0.7224728 0.7224728 -9999.000 -9999.000 -9999.000 -9999.000 -9999.000 -9999.000 -9999.000 -9999.000 -9999.000 -9999.000 -9999.000 -9999.000 -9999.000 -9999.000 -9999.000 -9999.000 -9999.000 -9999.000 -9999.000 -9999.000 -9999.000 -9999.000 -9999.000 -9999.000 -9999.000 -9999.000 -9999.000 -9999.000
-9999.000 -9999.000 -9999.000 -9999.000 -9999.000 -9999.000 -9999.000 -9999.000 -9999.000 -9999.000 -9999.000 -9999.000 -9999.000 -9999.000 -9999.000 0.7277852 0.7283527 0.7284212 0.7282711 0.7280408 0.7277848 0.7275062 0.7272316 0.7269763 0.7267223 0.7264853 0.7262434 0.7259070 0.7251905 0.7237971 0.7237971 -9999.000 -9999.000 -9999.000 -9999.000 -9999.000 -9999.000 -9999.000 -9999.000 -9999.000 -9999.000 -9999.000 -9999.000 -9999.000 -9999.000 -9999.000 -9999.000 -9999.000 -9999.000 -9999.000 -9999.000 -9999.000 -9999.000 -9999.000 -9999.000 -9999.000 -9999.000 -9999.000 -9999.000
-9999.000 -9999.000 -9999.000 -9999.000 -9999.000 -9999.000 -9999.000 -9999.000 -9999.000 -9999.000 -9999.000 -9999.000 -9999.000 -9999.000 -9999.000 0.7296280 0.7302344 0.7303240 0.7301831 0.7299450 0.7296815 0.7293922 0.7291068 0.7288411 0.7285727 0.7283213 0.7280599 0.7276832 0.7268586 0.7248875 0.7248875 -9999.000 -9999.000 -9999.000 -9999.000 -9999.000 -9999.000 -9999.000 -9999.000 -9999.000 -9999.000 -9999.000 -9999.000 -9999.000 -9999.000 -9999.000 -9999.000 -9999.000 -9999.000 -9999.000 -9999.000 -9999.000 -9999.000 -9999.000 -9999.000 -9999.000 -9999.000 -9999.000 -9999.000
-9999.000 -9999.000 -9999.000 -9999.000 -9999.000 -9999.000 -9999.000 -9999.000 -9999.000 -9999.000 -9999.000 -9999.000 -9999.000 -9999.000 -9999.000 0.7237514 0.7297606 0.7327743 0.7338495 0.7335284 0.7330450 0.7325140 0.7319890 0.7315022 0.7310308 0.7306024 0.7301813 0.7296262 0.7284951 0.7249562 0.7249562 -9999.000 -9999.000 -9999.000 -9999.000 -9999.000 -9999.000 -9999.000 -9999.000 -9999.000 -9999.000 -9999.000 -9999.000 -9999.000 -9999.000 -9999.000 -9999.000 -9999.000 -9999.000 -9999.000 -9999.000 -9999.000 -9999.000 -9999.000 -9999.000 -9999.000 -9999.000 -9999.000 -9999.000
0.8039093 0.8039093 0.8078942 0.7936676 0.7862750 0.7862750 0.7830492 0.7779576 0.7779576 0.7737511 0.7737511 0.7701850 0.7685861 0.7670864 0.7656187 0.7656187 0.7354717 0.7341616 0.7326872 0.7332637 0.7345336 0.7361946 0.7384147 0.7411237 0.7437202 0.7462560 0.7481983 0.7480507 0.7416006 0.7124164 0.7124164 0.5018522 0.4649869 0.4427859 0.4353130 0.4353130 0.4234868 0.4234868 0.4253103 0.4253103 0.4359104 0.4838949 0.4838949 0.5850641 0.5850641 0.6405898 0.6405898 0.6405898 0.6414614 0.6414614 0.6313118 0.6313118 0.6171712 0.6171712 0.6023715 0.6023715 0.5887204 0.5887204 0.5887204
0.8009729 0.8009729 0.8061917 0.7916305 0.7854179 0.7854179 0.7820503 0.7768958 0.7768958 0.7726898 0.7726898 0.7691351 0.7675430 0.7660507 0.7645912 0.7645912 0.7385100 0.7330993 0.7281562 0.7244090 0.7214918 0.7193471 0.7181439 0.7179555 0.7185888 0.7200332 0.7220405 0.7239226 0.7238939 0.7131192 0.7131192 0.5706297 0.5159428 0.4617103 0.4464149 0.4464149 0.4286238 0.4286238 0.4296114 0.4296114 0.4395793 0.4817137 0.4817137 0.5600981 0.5600981 0.6367286 0.6367286 0.6367286 0.6408464 0.6408464 0.6314906 0.6314906 0.6175761 0.6175761 0.6029378 0.6029378 0.5893500 0.5893500 0.5893500
0.7996899 0.7996899 0.8055789 0.7911011 0.7855911 0.7855911 0.7821425 0.7768861 0.7768861 0.7726529 0.7726529 0.7690879 0.7674921 0.7659971 0.7645278 0.7645278 0.7408133 0.7319127 0.7236214 0.7164737 0.7104732 0.7055954 0.7019182 0.6994975 0.6982303 0.6980863 0.6989127 0.7002200 0.7006339 0.6941079 0.6941079 0.6041666 0.5478536 0.4799318 0.4594356 0.4594356 0.4381152 0.4381152 0.4430541 0.4430541 0.4553318 0.4945759 0.4945759 0.5523883 0.5523883 0.6280841 0.6280841 0.6280841 0.6371732 0.6371732 0.6300628 0.6300628 0.6169987 0.6169987 0.6027018 0.6027018 0.5893087 0.5893087 0.5893087
0.7991290 0.7991290 0.8050944 0.7908158 0.7857736 0.7857736 0.7822838 0.7769240 0.7769240 0.7726621 0.7726621 0.7690904 0.7674933 0.7659975 0.7645141 0.7645141 0.7422119 0.7303088 0.7188109 0.7084571 0.6995150 0.6920584 0.6861361 0.6817661 0.6788573 0.6773300 0.6770407 0.6776165 0.6780226 0.6739028 0.6739028 0.6171445 0.5674879 0.4974372 0.4752162 0.4752162 0.4559794 0.4559794 0.4686618 0.4686618 0.4830227 0.5155238 0.5155238 0.5518146 0.5518146 0.6143222 0.6143222 0.6143222 0.6284698 0.6284698 0.6253648 0.6253648 0.6144034 0.6144034 0.6011833 0.6011833 0.5884880 0.5884880 0.5884880
0.7990865 0.7990865 0.8044010 0.7906884 0.7859229 0.7859229 0.7823953 0.7769424 0.7769424 0.7726623 0.7726623 0.7690910 0.7674944 0.7659993 0.7644940 0.7644940 0.7423258 0.7277580 0.7132728 0.6998949 0.6880955 0.6780637 0.6698776 0.6635527 0.6590150 0.6561605 0.6548339 0.6547199 0.6550213 0.6526299 0.6526299 0.6168432 0.5764761 0.5124342 0.4930110 0.4930110 0.4846347 0.4846347 0.5062398 0.5062398 0.5195060 0.5392339 0.5392339 0.5551784 0.5551784 0.5984203 0.5984203 0.5984203 0.6154809 0.6154809 0.6172141 0.6172141 0.6096277 0.6096277 0.5984216 0.5984216 0.5870637 0.5870637 0.5870637
0.7988330 0.7988330 0.8040698 0.7906079 0.7860323 0.7860323 0.7824889 0.7769625 0.7769625 0.7726607 0.7726607 0.7690872 0.7674912 0.7659969 0.7644603 0.7644603 0.7408639 0.7237673 0.7065023 0.6903223 0.6758340 0.6633173 0.6528931 0.6445957 0.6383768 0.6341379 0.6317282 0.6308771 0.6309654 0.6298026 0.6298026 0.6077188 0.5771023 0.5262661 0.5154140 0.5154140 0.5261049 0.5261049 0.5507138 0.5507138 0.5580533 0.5612773 0.5612773 0.5605679 0.5605679 0.5836902 0.5836902 0.5836902 0.6002464 0.6002464 0.6061167 0.6061167 0.6026304 0.6026304 0.5943350 0.5943350 0.5850329 0.5850329 0.5850329
0.7986562 0.7986562 0.8039113 0.7905610 0.7860946 0.7860946 0.7825462 0.7769778 0.7769778 0.7726623 0.7726623 0.7690855 0.7674891 0.7659947 0.7644114 0.7644114 0.7375389 0.7178522 0.6979526 0.6791976 0.6622510 0.6474369 0.6349040 0.6247046 0.6168141 0.6111543 0.6075945 0.6059107 0.6056334 0.6052775 0.6052775 0.5924523 0.5716534 0.5436197 0.5483376 0.5483376 0.5785282 0.5785282 0.5936523 0.5936523 0.5918919 0.5796477 0.5796477 0.5669574 0.5669574 0.5721951 0.5721951 0.5721951 0.5850177 0.5850177 0.5931083 0.5931083 0.5936170 0.5936170 0.5888728 0.5888728 0.5823396 0.5823396 0.5823396
0.7985934 0.7985934 0.8038649 0.7905456 0.7861149 0.7861149 0.7825654 0.7769834 0.7769834 0.7726635 0.7726635 0.7690854 0.7674884 0.7659939 0.7643445 0.7643445 0.7319775 0.7094749 0.6870075 0.6658919 0.6467595 0.6299192 0.6155136 0.6035934 0.5941468 0.5871145 0.5823925 0.5798065 0.5790251 0.5791785 0.5791785 0.5730931 0.5631770 0.5729029 0.5976398 0.5976398 0.6330837 0.6330837 0.6281236 0.6281236 0.6178526 0.5944219 0.5944219 0.5738041 0.5738041 0.5645288 0.5645288 0.5645288 0.5715417 0.5715417 0.5794993 0.5794993 0.5831036 0.5831036 0.5821311 0.5821311 0.5789658 0.5789658 0.5789658
0.7986562 0.7986562 0.8039113 0.7905608 0.7860946 0.7860946 0.7825462 0.7769779 0.7769779 0.7726625 0.7726625 0.7690855 0.7674889 0.7659947 0.7642533 0.7642533 0.7236310 0.6979569 0.6729277 0.6496606 0.6286556 0.6101378 0.5941965 0.5808525 0.5700842 0.5618408 0.5560410 0.5525596 0.5512169 0.5518745 0.5518745 0.5520816 0.5574703 0.6228805 0.6610588 0.6610588 0.6778733 0.6778733 0.6524634 0.6524634 0.6366686 0.6065029 0.6065029 0.5807478 0.5807478 0.5602872 0.5602872 0.5602872 0.5607695 0.5607695 0.5665631 0.5665631 0.5718752 0.5718752 0.5744186 0.5744186 0.5749903 0.5749903 0.5749903
0.7988330 0.7988330 0.8040699 0.7906079 0.7860321 0.7860321 0.7824888 0.7769625 0.7769625 0.7726607 0.7726607 0.7690871 0.7674912 0.7659971 0.7641273 0.7641273 0.7116461 0.6823614 0.6547605 0.6295837 0.6070847 0.5873269 0.5702938 0.5559397 0.5442085 0.5350395 0.5283638 0.5241038 0.5223178 0.5242695 0.5242695 0.5342386 0.5665038 0.6919961 0.7230803 0.7230803 0.7071291 0.7071291 0.6690755 0.6690755 0.6504930 0.6165729 0.6165729 0.5873908 0.5873908 0.5585936 0.5585936 0.5585936 0.5528910 0.5528910 0.5552709 0.5552709 0.5608511 0.5608511 0.5662597 0.5662597 0.5706223 0.5706223 0.5706223
0.7990865 0.7990865 0.8044010 0.7906883 0.7859228 0.7859228 0.7823951 0.7769424 0.7769424 0.7726624 0.7726624 0.7690910 0.7674944 0.7659993 0.7639508 0.7639508 0.6946470 0.6613048 0.6311997 0.6044664 0.5809758 0.5605425 0.5429882 0.5281653 0.5159575 0.5062772 0.4990546 0.4942752 0.4925906 0.4991836 0.4991836 0.5314639 0.6083315 0.7599985 0.7650310 0.7650310 0.7239842 0.7239842 0.6807727 0.6807727 0.6609657 0.6249057 0.6249057 0.5933546 0.5933546 0.5585281 0.5585281 0.5585281 0.5475982 0.5475982 0.5461782 0.5461782 0.5509309 0.5509309 0.5583464 0.5583464 0.5662183 0.5662183 0.5662183
