simulation_files/asc/Depth____302.0.asc
NCOLS        79
NROWS        79
XLLCENTER         -1.500000
YLLCENTER         -4.800000
CELLSIZE           0.100
NODATA_VALUE     -9999.0
[rows 0 to 25 of 79, columns 0 to 58 of 79]
-9999.000 -9999.000 -9999.000 -9999.000 -9999.000 -9999.000 -9999.000 -9999.000 -9999.000 -9999.000 -9999.000 -9999.000 -9999.000 -9999.000 -9999.000 0.6976735 0.6981055 0.6981916 0.6980774 0.6978725 0.6976236 0.6973479 0.6970664 0.6967923 0.6965297 0.6962849 0.6960546 0.6958063 0.6954318 0.6953878 0.6953878 -9999.000 -9999.000 -9999.000 -9999.000 -9999.000 -9999.000 -9999.000 -9999.000 -9999.000 -9999.000 -9999.000 -9999.000 -9999.000 -9999.000 -9999.000 -9999.000 -9999.000 -9999.000 -9999.000 -9999.000 -9999.000 -9999.000 -9999.000 -9999.000 -9999.000 -9999.000 -9999.000 -9999.000
-9999.000 -9999.000 -9999.000 -9999.000 -9999.000 -9999.000 -9999.000 -9999.000 -9999.000 -9999.000 -9999.000 -9999.000 -9999.000 -9999.000 -9999.000 0.6994391 0.6998449 0.6999151 0.6998206 0.6996558 0.6994597 0.6992454 0.6990293 0.6988215 0.6986247 0.6984435 0.6982743 0.6980882 0.6977882 0.6978278 0.6978278 -9999.000 -9999.000 -9999.000 -9999.000 -9999.000 -9999.000 -9999.000 -9999.000 -9999.000 -9999.000 -9999.000 -9999.000 -9999.000 -9999.000 -9999.000 -9999.000 -9999.000 -9999.000 -9999.000 -9999.000 -9999.000 -9999.000 -9999.000 -9999.000 -9999.000 -9999.000 -9999.000 -9999.000
-9999.000 -9999.000 -9999.000 -9999.000 -9999.000 -9999.000 -9999.000 -9999.000 -9999.000 -9999.000 -9999.000 -9999.000 -9999.000 -9999.000 -9999.000 0.7013535 0.7017918 0.7018707 0.7017820 0.7016231 0.7014340 0.7012280 0.7010216 0.7008246 0.7006385 0.7004675 0.7003065 0.7001240 0.6998172 0.6998526 0.6998526 -9999.000 -9999.000 -9999.000 -9999.000 -9999.000 -9999.000 -9999.000 -9999.000 -9999.000 -9999.000 -9999.000 -9999.000 -9999.000 -9999.000 -9999.000 -9999.000 -9999.000 -9999.000 -9999.000 -9999.000 -9999.000 -9999.000 -9999.000 -9999.000 -9999.000 -9999.000 -9999.000 -9999.000
-9999.000 -9999.000 -9999.000 -9999.000 -9999.000 -9999.000 -9999.000 -9999.000 -9999.000 -9999.000 -9999.000 -9999.000 -9999.000 -9999.000 -9999.000 0.7033185 0.7037764 0.7038592 0.7037707 0.7036113 0.7034221 0.7032162 0.7030106 0.7028149 0.7026302 0.7024603 0.7022997 0.7021142 0.7017943 0.7018080 0.7018080 -9999.000 -9999.000 -9999.000 -9999.000 -9999.000 -9999.000 -9999.000 -9999.000 -9999.000 -9999.000 -9999.000 -9999.000 -9999.000 -9999.000 -9999.000 -9999.000 -9999.000 -9999.000 -9999.000 -9999.000 -9999.000 -9999.000 -9999.000 -9999.000 -9999.000 -9999.000 -9999.000 -9999.000
-9999.000 -9999.000 -9999.000 -9999.000 -9999.000 -9999.000 -9999.000 -9999.000 -9999.000 -9999.000 -9999.000 -9999.000 -9999.000 -9999.000 -9999.000 0.7053041 0.7057760 0.7058603 0.7057690 0.7056061 0.7054133 0.7052035 0.7049946 0.7047959 0.7046082 0.7044355 0.7042714 0.7040790 0.7037408 0.7037184 0.7037184 -9999.000 -9999.000 -9999.000 -9999.000 -9999.000 -9999.000 -9999.000 -9999.000 -9999.000 -9999.000 -9999.000 -9999.000 -9999.000 -9999.000 -9999.000 -9999.000 -9999.000 -9999.000 -9999.000 -9999.000 -9999.000 -9999.000 -9999.000 -9999.000 -9999.000 -9999.000 -9999.000 -9999.000
-9999.000 -9999.000 -9999.000 -9999.000 -9999.000 -9999.000 -9999.000 -9999.000 -9999.000 -9999.000 -9999.000 -9999.000 -9999.000 -9999.000 -9999.000 0.7072967 0.7077799 0.7078639 0.7077683 0.7076003 0.7074023 0.7071867 0.7069724 0.7067688 0.7065759 0.7063984 0.7062287 0.7060270 0.7056658 0.7055930 0.7055930 -9999.000 -9999.000 -9999.000 -9999.000 -9999.000 -9999.000 -9999.000 -9999.000 -9999.000 -9999.000 -9999.000 -9999.000 -9999.000 -9999.000 -9999.000 -9999.000 -9999.000 -9999.000 -9999.000 -9999.000 -9999.000 -9999.000 -9999.000 -9999.000 -9999.000 -9999.000 -9999.000 -9999.000
-9999.000 -9999.000 -9999.000 -9999.000 -9999.000 -9999.000 -9999.000 -9999.000 -9999.000 -9999.000 -9999.000 -9999.000 -9999.000 -9999.000 -9999.000 0.7092897 0.7097827 0.7098652 0.7097641 0.7095902 0.7093861 0.7091638 0.7089432 0.7087336 0.7085345 0.7083509 0.7081743 0.7079613 0.7075722 0.7074324 0.7074324 -9999.000 -9999.000 -9999.000 -9999.000 -9999.000 -9999.000 -9999.000 -9999.000 -9999.000 -9999.000 -9999.000 -9999.000 -9999.000 -9999.000 -9999.000 -9999.000 -9999.000 -9999.000 -9999.000 -9999.000 -9999.000 -9999.000 -9999.000 -9999.000 -9999.000 -9999.000 -9999.000 -9999.000
-9999.000 -9999.000 -9999.000 -9999.000 -9999.000 -9999.000 -9999.000 -9999.000 -9999.000 -9999.000 -9999.000 -9999.000 -9999.000 -9999.000 -9999.000 0.7112797 0.7117816 0.7118615 0.7117540 0.7115735 0.7113627 0.7111331 0.7109058 0.7106897 0.7104837 0.7102933 0.7101089 0.7098825 0.7094601 0.7092319 0.7092319 -9999.000 -9999.000 -9999.000 -9999.000 -9999.000 -9999.000 -9999.000 -9999.000 -9999.000 -9999.000 -9999.000 -9999.000 -9999.000 -9999.000 -9999.000 -9999.000 -9999.000 -9999.000 -9999.000 -9999.000 -9999.000 -9999.000 -9999.000 -9999.000 -9999.000 -9999.000 -9999.000 -9999.000
-9999.000 -9999.000 -9999.000 -9999.000 -9999.000 -9999.000 -9999.000 -9999.000 -9999.000 -9999.000 -9999.000 -9999.000 -9999.000 -9999.000 -9999.000 0.7132644 0.7137748 0.7138509 0.7137359 0.7135482 0.7133306 0.7130932 0.7128587 0.7126357 0.7124223 0.7122245 0.7120315 0.7117895 0.7113274 0.7109823 0.7109823 -9999.000 -9999.000 -9999.000 -9999.000 -9999.000 -9999.000 -9999.000 -9999.000 -9999.000 -9999.000 -9999.000 -9999.000 -9999.000 -9999.000 -9999.000 -9999.000 -9999.000 -9999.000 -9999.000 -9999.000 -9999.000 -9999.000 -9999.000 -9999.000 -9999.000 -9999.000 -9999.000 -9999.000
-9999.000 -9999.000 -9999.000 -9999.000 -9999.000 -9999.000 -9999.000 -9999.000 -9999.000 -9999.000 -9999.000 -9999.000 -9999.000 -9999.000 -9999.000 0.7152420 0.7157605 0.7158316 0.7157082 0.7155128 0.7152879 0.7150422 0.7148004 0.7145702 0.7143487 0.7141431 0.7139403 0.7136801 0.7131704 0.7126694 0.7126694 -9999.000 -9999.000 -9999.000 -9999.000 -9999.000 -9999.000 -9999.000 -9999.000 -9999.000 -9999.000 -9999.000 -9999.000 -9999.000 -9999.000 -9999.000 -9999.000 -9999.000 -9999.000 -9999.000 -9999.000 -9999.000 -9999.000 -9999.000 -9999.000 -9999.000 -9999.000 -9999.000 -9999.000
-9999.000 -9999.000 -9999.000 -9999.000 -9999.000 -9999.000 -9999.000 -9999.000 -9999.000 -9999.000 -9999.000 -9999.000 -9999.000 -9999.000 -9999.000 0.7172102 0.7177371 0.7178017 0.7176686 0.7174649 0.7172323 0.7169780 0.7167285 0.7164907 0.7162606 0.7160464 0.7158327 0.7155508 0.7149836 0.7142717 0.7142717 -9999.000 -9999.000 -9999.000 -9999.000 -9999.000 -9999.000 -9999.000 -9999.000 -9999.000 -9999.000 -9999.000 -9999.000 -9999.000 -9999.000 -9999.000 -9999.000 -9999.000 -9999.000 -9999.000 -9999.000 -9999.000 -9999.000 -9999.000 -9999.000 -9999.000 -9999.000 -9999.000 -9999.000
-9999.000 -9999.000 -9999.000 -9999.000 -9999.000 -9999.000 -9999.000 -9999.000 -9999.000 -9999.000 -9999.000 -9999.000 -9999.000 -9999.000 -9999.000 0.7191660 0.7197018 0.7197587 0.7196145 0.7194018 0.7191612 0.7188976 0.7186400 0.7183942 0.7181545 0.7179309 0.7177045 0.7173967 0.7167592 0.7157569 0.7157569 -9999.000 -9999.000 -9999.000 -9999.000 -9999.000 -9999.000 -9999.000 -9999.000 -9999.000 -9999.000 -9999.000 -9999.000 -9999.000 -9999.000 -9999.000 -9999.000 -9999.000 -9999.000 -9999.000 -9999.000 -9999.000 -9999.000 -9999.000 -9999.000 -9999.000 -9999.000 -9999.000 -9999.000
-9999.000 -9999.000 -9999.000 -9999.000 -9999.000 -9999.000 -9999.000 -9999.000 -9999.000 -9999.000 -9999.000 -9999.000 -9999.000 -9999.000 -9999.000 0.7211052 0.7216513 0.7216989 0.7215420 0.7213197 0.7210706 0.7207969 0.7205308 0.7202762 0.7200258 0.7197914 0.7195500 0.7192102 0.7184857 0.7170746 0.7170746 -9999.000 -9999.000 -9999.000 -9999.000 -9999.000 -9999.000 -9999.000 -9999.000 -9999.000 -9999.000 -9999.000 -9999.000 -9999.000 -9999.000 -9999.000 -9999.000 -9999.000 -9999.000 -9999.000 -9999.000 -9999.000 -9999.000 -9999.000 -9999.000 -9999.000 -9999.000 -9999.000 -9999.000
-9999.000 -9999.000 -9999.000 -9999.000 -9999.000 -9999.000 -9999.000 -9999.000 -9999.000 -9999.000 -9999.000 -9999.000 -9999.000 -9999.000 -9999.000 0.7229619 0.7235423 0.7236042 0.7234517 0.7232228 0.7229664 0.7226819 0.7224057 0.7221401 0.7218757 0.7216272 0.7213661 0.7209853 0.7201506 0.7181515 0.7181515 -9999.000 -9999.000 -9999.000 -9999.000 -9999.000 -9999.000 -9999.000 -9999.000 -9999.000 -9999.000 -9999.000 -9999.000 -9999.000 -9999.000 -9999.000 -9999.000 -9999.000 -9999.000 -9999.000 -9999.000 -9999.000 -9999.000 -9999.000 -9999.000 -9999.000 -9999.000 -9999.000 -9999.000
-9999.000 -9999.000 -9999.000 -9999.000 -9999.000 -9999.000 -9999.000 -9999.000 -9999.000 -9999.000 -9999.000 -9999.000 -9999.000 -9999.000 -9999.000 0.7178879 0.7233959 0.7260820 0.7269223 0.7265661 0.7261388 0.7256561 0.7251786 0.7247207 0.7242771 0.7238696 0.7234621 0.7229117 0.7217746 0.7181936 0.7181936 -9999.000 -9999.000 -9999.000 -9999.000 -9999.000 -9999.000 -9999.000 -9999.000 -9999.000 -9999.000 -9999.000 -9999.000 -9999.000 -9999.000 -9999.000 -9999.000 -9999.000 -9999.000 -9999.000 -9999.000 -9999.000 -9999.000 -9999.000 -9999.000 -9999.000 -9999.000 -9999.000 -9999.000
0.7985811 0.7985811 0.7987083 0.7849160 0.7782278 0.7782278 0.7748519 0.7694994 0.7694994 0.7651364 0.7651364 0.7615090 0.7599046 0.7584105 0.7569625 0.7569625 0.7286900 0.7274083 0.7260694 0.7267764 0.7280273 0.7296591 0.7319176 0.7345341 0.7370960 0.7395835 0.7414519 0.7411866 0.7345812 0.7052209 0.7052209 0.4957417 0.4593465 0.4376840 0.4304139 0.4304139 0.4190254 0.4190254 0.4214433 0.4214433 0.4323610 0.4809523 0.4809523 0.5842509 0.5842509 0.6345371 0.6345371 0.6345371 0.6348038 0.6348038 0.6245502 0.6245502 0.6105287 0.6105287 0.5959268 0.5959268 0.5825071 0.5825071 0.5825071
0.7958373 0.7958373 0.7974268 0.7835628 0.7774210 0.7774210 0.7738531 0.7684307 0.7684307 0.7640825 0.7640825 0.7604712 0.7588740 0.7573870 0.7559462 0.7559462 0.7314706 0.7262532 0.7214622 0.7178450 0.7149835 0.7128775 0.7117348 0.7115574 0.7122128 0.7136690 0.7156668 0.7175079 0.7174201 0.7061723 0.7061723 0.5642768 0.5100018 0.4564133 0.4413746 0.4413746 0.4240863 0.4240863 0.4256342 0.4256342 0.4358767 0.4784302 0.4784302 0.5581024 0.5581024 0.6311486 0.6311486 0.6311486 0.6343318 0.6343318 0.6247667 0.6247667 0.6109325 0.6109325 0.5964782 0.5964782 0.5831170 0.5831170 0.5831170
0.7946104 0.7946104 0.7965642 0.7832460 0.7776564 0.7776564 0.7739460 0.7684000 0.7684000 0.7640372 0.7640372 0.7604235 0.7588242 0.7573344 0.7558838 0.7558838 0.7335592 0.7249628 0.7168866 0.7099115 0.7040225 0.6992229 0.6956244 0.6932509 0.6920277 0.6919189 0.6927640 0.6940624 0.6944362 0.6876303 0.6876303 0.5977327 0.5418024 0.4745502 0.4543482 0.4543482 0.4336066 0.4336066 0.4390529 0.4390529 0.4514894 0.4908009 0.4908009 0.5492570 0.5492570 0.6229289 0.6229289 0.6229289 0.6309304 0.6309304 0.6234607 0.6234607 0.6104056 0.6104056 0.5962682 0.5962682 0.5830912 0.5830912 0.5830912
0.7939343 0.7939343 0.7952561 0.7830358 0.7778724 0.7778724 0.7740691 0.7684010 0.7684010 0.7640286 0.7640286 0.7604197 0.7588209 0.7573307 0.7558671 0.7558671 0.7347716 0.7232434 0.7120216 0.7018901 0.6931145 0.6857834 0.6799696 0.6756793 0.6728349 0.6713594 0.6711057 0.6716925 0.6720771 0.6677573 0.6677573 0.6108835 0.5614673 0.4920424 0.4701505 0.4701505 0.4515589 0.4515589 0.4645788 0.4645788 0.4789014 0.5111237 0.5111237 0.5477065 0.5477065 0.6094528 0.6094528 0.6094528 0.6225925 0.6225925 0.6189872 0.6189872 0.6079273 0.6079273 0.5948119 0.5948119 0.5823073 0.5823073 0.5823073
0.7940837 0.7940837 0.7932208 0.7829348 0.7780465 0.7780465 0.7741798 0.7684029 0.7684029 0.7640225 0.7640225 0.7604206 0.7588234 0.7573342 0.7558520 0.7558520 0.7347515 0.7205987 0.7064366 0.6933247 0.6817399 0.6718792 0.6638361 0.6576243 0.6531768 0.6503932 0.6491193 0.6490328 0.6493294 0.6467993 0.6467993 0.6108414 0.5705887 0.5071247 0.4880750 0.4880750 0.4803188 0.4803188 0.5018682 0.5018682 0.5148829 0.5341730 0.5341730 0.5503053 0.5503053 0.5936397 0.5936397 0.5936397 0.6099659 0.6099659 0.6111380 0.6111380 0.6033371 0.6033371 0.5921580 0.5921580 0.5809475 0.5809475 0.5809475
0.7939994 0.7939994 0.7919402 0.7828908 0.7781696 0.7781696 0.7742635 0.7684039 0.7684039 0.7640166 0.7640166 0.7604198 0.7588234 0.7573344 0.7558232 0.7558232 0.7331966 0.7165329 0.6996235 0.6837451 0.6695111 0.6572068 0.6469617 0.6388118 0.6327126 0.6285691 0.6262326 0.6254284 0.6255310 0.6242805 0.6242805 0.6020232 0.5714354 0.5211828 0.5107460 0.5107460 0.5217568 0.5217568 0.5457662 0.5457662 0.5527551 0.5556416 0.5556416 0.5551561 0.5551561 0.5788335 0.5788335 0.5788335 0.5950068 0.5950068 0.6003664 0.6003664 0.5965812 0.5965812 0.5882263 0.5882263 0.5790139 0.5790139 0.5790139
0.7939482 0.7939482 0.7911748 0.7828689 0.7782409 0.7782409 0.7743149 0.7684046 0.7684046 0.7640128 0.7640128 0.7604194 0.7588235 0.7573347 0.7557821 0.7557821 0.7298259 0.7105789 0.6910558 0.6726294 0.6559688 0.6414011 0.6290802 0.6190600 0.6113187 0.6057800 0.6023160 0.6007006 0.6004589 0.6000594 0.6000594 0.5870928 0.5662961 0.5389574 0.5440222 0.5440222 0.5737838 0.5737838 0.5879472 0.5879472 0.5859203 0.5735888 0.5735888 0.5611898 0.5611898 0.5671668 0.5671668 0.5671668 0.5799296 0.5799296 0.5876540 0.5876540 0.5878403 0.5878403 0.5829620 0.5829620 0.5764530 0.5764530 0.5764530
0.7939311 0.7939311 0.7909201 0.7828625 0.7782643 0.7782643 0.7743322 0.7684049 0.7684049 0.7640114 0.7640114 0.7604192 0.7588236 0.7573347 0.7557241 0.7557241 0.7242645 0.7022033 0.6801268 0.6593594 0.6405365 0.6239690 0.6098022 0.5980886 0.5888174 0.5819311 0.5773278 0.5748321 0.5741090 0.5742596 0.5742596 0.5680927 0.5582454 0.5688267 0.5934826 0.5934826 0.6275074 0.6275074 0.6217164 0.6217164 0.6113736 0.5880935 0.5880935 0.5678111 0.5678111 0.5593020 0.5593020 0.5593020 0.5664914 0.5664914 0.5742728 0.5742728 0.5776001 0.5776001 0.5764500 0.5764500 0.5732447 0.5732447 0.5732447
0.7939483 0.7939483 0.7911748 0.7828689 0.7782410 0.7782410 0.7743148 0.7684047 0.7684047 0.7640127 0.7640127 0.7604193 0.7588235 0.7573347 0.7556430 0.7556430 0.7159641 0.6907337 0.6661052 0.6432001 0.6225212 0.6042948 0.5886124 0.5754954 0.5649238 0.5568478 0.5511874 0.5478171 0.5465553 0.5472492 0.5472492 0.5474753 0.5531569 0.6192262 0.6564175 0.6564175 0.6713178 0.6713178 0.6455926 0.6455926 0.6298845 0.6000078 0.6000078 0.5746046 0.5746046 0.5548726 0.5548726 0.5548726 0.5556757 0.5556757 0.5614809 0.5614809 0.5666165 0.5666165 0.5689811 0.5689811 0.5694599 0.5694599 0.5694599
0.7939996 0.7939996 0.7919400 0.7828907 0.7781696 0.7781696 0.7742634 0.7684039 0.7684039 0.7640166 0.7640166 0.7604197 0.7588233 0.7573345 0.7555302 0.7555302 0.7040773 0.6752423 0.6480500 0.6232436 0.6010799 0.5816243 0.5648618 0.5507478 0.5392274 0.5302413 0.5237215 0.5195903 0.5179072 0.5199372 0.5199372 0.5301171 0.5630920 0.6879717 0.7171900 0.7171900 0.6998741 0.6998741 0.6619654 0.6619654 0.6435460 0.6099708 0.6099708 0.5811425 0.5811425 0.5530221 0.5530221 0.5530221 0.5477122 0.5477122 0.5502576 0.5502576 0.5557899 0.5557899 0.5610594 0.5610594 0.5652969 0.5652969 0.5652969
0.7940840 0.7940840 0.7932206 0.7829348 0.7780467 0.7780467 0.7741796 0.7684029 0.7684029 0.7640226 0.7640226 0.7604204 0.7588233 0.7573343 0.7553730 0.7553730 0.6872396 0.6543593 0.6246685 0.5983086 0.5751552 0.5550258 0.5377448 0.5231659 0.5111755 0.5016863 0.4946296 0.4899917 0.4884330 0.4951615 0.4951615 0.5280269 0.6059149 0.7545078 0.7577877 0.7577877 0.7164266 0.7164266 0.6735558 0.6735558 0.6539313 0.6182289 0.6182289 0.5870288 0.5870288 0.5528340 0.5528340 0.5528340 0.5423245 0.5423245 0.5411794 0.5411794 0.5460099 0.5460099 0.5533575 0.5533575 0.5610952 0.5610952 0.5610952
