simulation_files/asc/Depth____74.0.asc
NCOLS        79
NROWS        79
XLLCENTER         -1.500000
YLLCENTER         -4.800000
CELLSIZE           0.100
NODATA_VALUE     -9999.0
[rows 0 to 25 of 79, columns 0 to 57 of 79]
-9999.000 -9999.000 -9999.000 -9999.000 -9999.000 -9999.000 -9999.000 -9999.000 -9999.000 -9999.000 -9999.000 -9999.000 -9999.000 -9999.000 -9999.000 0.3016165 0.3017504 0.3016765 0.3015530 0.3013933 0.3012016 0.3009802 0.3007309 0.3004552 0.3001554 0.2998350 0.2994991 0.2991557 0.2988316 0.2991078 0.2991078 -9999.000 -9999.000 -9999.000 -9999.000 -9999.000 -9999.000 -9999.000 -9999.000 -9999.000 -9999.000 -9999.000 -9999.000 -9999.000 -9999.000 -9999.000 -9999.000 -9999.000 -9999.000 -9999.000 -9999.000 -9999.000 -9999.000 -9999.000 -9999.000 -9999.000 -9999.000 -9999.000
-9999.000 -9999.000 -9999.000 -9999.000 -9999.000 -9999.000 -9999.000 -9999.000 -9999.000 -9999.000 -9999.000 -9999.000 -9999.000 -9999.000 -9999.000 0.3035053 0.3036562 0.3035825 0.3034661 0.3033182 0.3031422 0.3029406 0.3027154 0.3024691 0.3022045 0.3019249 0.3016337 0.3013333 0.3010390 0.3013050 0.3013050 -9999.000 -9999.000 -9999.000 -9999.000 -9999.000 -9999.000 -9999.000 -9999.000 -9999.000 -9999.000 -9999.000 -9999.000 -9999.000 -9999.000 -9999.000 -9999.000 -9999.000 -9999.000 -9999.000 -9999.000 -9999.000 -9999.000 -9999.000 -9999.000 -9999.000 -9999.000 -9999.000
-9999.000 -9999.000 -9999.000 -9999.000 -9999.000 -9999.000 -9999.000 -9999.000 -9999.000 -9999.000 -9999.000 -9999.000 -9999.000 -9999.000 -9999.000 0.3055029 0.3056930 0.3056202 0.3055051 0.3053601 0.3051888 0.3049932 0.3047749 0.3045350 0.3042752 0.3039967 0.3037007 0.3033873 0.3030713 0.3033692 0.3033692 -9999.000 -9999.000 -9999.000 -9999.000 -9999.000 -9999.000 -9999.000 -9999.000 -9999.000 -9999.000 -9999.000 -9999.000 -9999.000 -9999.000 -9999.000 -9999.000 -9999.000 -9999.000 -9999.000 -9999.000 -9999.000 -9999.000 -9999.000 -9999.000 -9999.000 -9999.000 -9999.000
-9999.000 -9999.000 -9999.000 -9999.000 -9999.000 -9999.000 -9999.000 -9999.000 -9999.000 -9999.000 -9999.000 -9999.000 -9999.000 -9999.000 -9999.000 0.3075343 0.3077566 0.3076829 0.3075668 0.3074215 0.3072505 0.3070551 0.3068362 0.3065941 0.3063291 0.3060410 0.3057293 0.3053921 0.3050432 0.3053602 0.3053602 -9999.000 -9999.000 -9999.000 -9999.000 -9999.000 -9999.000 -9999.000 -9999.000 -9999.000 -9999.000 -9999.000 -9999.000 -9999.000 -9999.000 -9999.000 -9999.000 -9999.000 -9999.000 -9999.000 -9999.000 -9999.000 -9999.000 -9999.000 -9999.000 -9999.000 -9999.000 -9999.000
-9999.000 -9999.000 -9999.000 -9999.000 -9999.000 -9999.000 -9999.000 -9999.000 -9999.000 -9999.000 -9999.000 -9999.000 -9999.000 -9999.000 -9999.000 0.3095914 0.3098392 0.3097624 0.3096431 0.3094944 0.3093196 0.3091197 0.3088945 0.3086435 0.3083657 0.3080596 0.3077230 0.3073520 0.3069584 0.3072845 0.3072845 -9999.000 -9999.000 -9999.000 -9999.000 -9999.000 -9999.000 -9999.000 -9999.000 -9999.000 -9999.000 -9999.000 -9999.000 -9999.000 -9999.000 -9999.000 -9999.000 -9999.000 -9999.000 -9999.000 -9999.000 -9999.000 -9999.000 -9999.000 -9999.000 -9999.000 -9999.000 -9999.000
-9999.000 -9999.000 -9999.000 -9999.000 -9999.000 -9999.000 -9999.000 -9999.000 -9999.000 -9999.000 -9999.000 -9999.000 -9999.000 -9999.000 -9999.000 0.3116671 0.3119340 0.3118521 0.3117274 0.3115728 0.3113911 0.3111826 0.3109464 0.3106810 0.3103839 0.3100524 0.3096820 0.3092665 0.3088148 0.3091400 0.3091400 -9999.000 -9999.000 -9999.000 -9999.000 -9999.000 -9999.000 -9999.000 -9999.000 -9999.000 -9999.000 -9999.000 -9999.000 -9999.000 -9999.000 -9999.000 -9999.000 -9999.000 -9999.000 -9999.000 -9999.000 -9999.000 -9999.000 -9999.000 -9999.000 -9999.000 -9999.000 -9999.000
-9999.000 -9999.000 -9999.000 -9999.000 -9999.000 -9999.000 -9999.000 -9999.000 -9999.000 -9999.000 -9999.000 -9999.000 -9999.000 -9999.000 -9999.000 0.3137549 0.3140350 0.3139459 0.3138142 0.3136515 0.3134603 0.3132400 0.3129890 0.3127042 0.3123820 0.3120174 0.3116037 0.3111314 0.3106047 0.3109165 0.3109165 -9999.000 -9999.000 -9999.000 -9999.000 -9999.000 -9999.000 -9999.000 -9999.000 -9999.000 -9999.000 -9999.000 -9999.000 -9999.000 -9999.000 -9999.000 -9999.000 -9999.000 -9999.000 -9999.000 -9999.000 -9999.000 -9999.000 -9999.000 -9999.000 -9999.000 -9999.000 -9999.000
-9999.000 -9999.000 -9999.000 -9999.000 -9999.000 -9999.000 -9999.000 -9999.000 -9999.000 -9999.000 -9999.000 -9999.000 -9999.000 -9999.000 -9999.000 0.3158492 0.3161371 0.3160388 0.3158986 0.3157263 0.3155233 0.3152885 0.3150189 0.3147100 0.3143562 0.3139503 0.3134823 0.3129380 0.3123141 0.3125947 0.3125947 -9999.000 -9999.000 -9999.000 -9999.000 -9999.000 -9999.000 -9999.000 -9999.000 -9999.000 -9999.000 -9999.000 -9999.000 -9999.000 -9999.000 -9999.000 -9999.000 -9999.000 -9999.000 -9999.000 -9999.000 -9999.000 -9999.000 -9999.000 -9999.000 -9999.000 -9999.000 -9999.000
-9999.000 -9999.000 -9999.000 -9999.000 -9999.000 -9999.000 -9999.000 -9999.000 -9999.000 -9999.000 -9999.000 -9999.000 -9999.000 -9999.000 -9999.000 0.3179446 0.3182352 0.3181258 0.3179758 0.3177923 0.3175757 0.3173237 0.3170319 0.3166939 0.3163016 0.3158446 0.3153084 0.3146721 0.3139209 0.3141417 0.3141417 -9999.000 -9999.000 -9999.000 -9999.000 -9999.000 -9999.000 -9999.000 -9999.000 -9999.000 -9999.000 -9999.000 -9999.000 -9999.000 -9999.000 -9999.000 -9999.000 -9999.000 -9999.000 -9999.000 -9999.000 -9999.000 -9999.000 -9999.000 -9999.000 -9999.000 -9999.000 -9999.000
-9999.000 -9999.000 -9999.000 -9999.000 -9999.000 -9999.000 -9999.000 -9999.000 -9999.000 -9999.000 -9999.000 -9999.000 -9999.000 -9999.000 -9999.000 0.3200354 0.3203241 0.3202015 0.3200407 0.3198446 0.3196124 0.3193405 0.3190224 0.3186494 0.3182101 0.3176897 0.3170674 0.3163124 0.3153910 0.3155029 0.3155029 -9999.000 -9999.000 -9999.000 -9999.000 -9999.000 -9999.000 -9999.000 -9999.000 -9999.000 -9999.000 -9999.000 -9999.000 -9999.000 -9999.000 -9999.000 -9999.000 -9999.000 -9999.000 -9999.000 -9999.000 -9999.000 -9999.000 -9999.000 -9999.000 -9999.000 -9999.000 -9999.000
-9999.000 -9999.000 -9999.000 -9999.000 -9999.000 -9999.000 -9999.000 -9999.000 -9999.000 -9999.000 -9999.000 -9999.000 -9999.000 -9999.000 -9999.000 0.3221141 0.3223975 0.3222597 0.3220869 0.3218768 0.3216268 0.3213317 0.3209824 0.3205671 0.3200701 0.3194701 0.3187374 0.3178257 0.3166713 0.3165859 0.3165859 -9999.000 -9999.000 -9999.000 -9999.000 -9999.000 -9999.000 -9999.000 -9999.000 -9999.000 -9999.000 -9999.000 -9999.000 -9999.000 -9999.000 -9999.000 -9999.000 -9999.000 -9999.000 -9999.000 -9999.000 -9999.000 -9999.000 -9999.000 -9999.000 -9999.000 -9999.000 -9999.000
-9999.000 -9999.000 -9999.000 -9999.000 -9999.000 -9999.000 -9999.000 -9999.000 -9999.000 -9999.000 -9999.000 -9999.000 -9999.000 -9999.000 -9999.000 0.3241709 0.3244472 0.3242925 0.3241064 0.3238804 0.3236099 0.3232873 0.3229005 0.3224332 0.3218637 0.3211620 0.3202841 0.3191603 0.3176762 0.3172236 0.3172236 -9999.000 -9999.000 -9999.000 -9999.000 -9999.000 -9999.000 -9999.000 -9999.000 -9999.000 -9999.000 -9999.000 -9999.000 -9999.000 -9999.000 -9999.000 -9999.000 -9999.000 -9999.000 -9999.000 -9999.000 -9999.000 -9999.000 -9999.000 -9999.000 -9999.000 -9999.000 -9999.000
-9999.000 -9999.000 -9999.000 -9999.000 -9999.000 -9999.000 -9999.000 -9999.000 -9999.000 -9999.000 -9999.000 -9999.000 -9999.000 -9999.000 -9999.000 0.3261915 0.3264619 0.3262888 0.3260877 0.3258433 0.3255484 0.3251924 0.3247590 0.3242259 0.3235629 0.3227267 0.3216520 0.3202302 0.3182600 0.3170867 0.3170867 -9999.000 -9999.000 -9999.000 -9999.000 -9999.000 -9999.000 -9999.000 -9999.000 -9999.000 -9999.000 -9999.000 -9999.000 -9999.000 -9999.000 -9999.000 -9999.000 -9999.000 -9999.000 -9999.000 -9999.000 -9999.000 -9999.000 -9999.000 -9999.000 -9999.000 -9999.000 -9999.000
-9999.000 -9999.000 -9999.000 -9999.000 -9999.000 -9999.000 -9999.000 -9999.000 -9999.000 -9999.000 -9999.000 -9999.000 -9999.000 -9999.000 -9999.000 0.3281420 0.3284173 0.3282270 0.3280109 0.3277461 0.3274224 0.3270248 0.3265314 0.3259114 0.3251216 0.3240988 0.3227427 0.3208785 0.3181483 0.3154382 0.3154382 -9999.000 -9999.000 -9999.000 -9999.000 -9999.000 -9999.000 -9999.000 -9999.000 -9999.000 -9999.000 -9999.000 -9999.000 -9999.000 -9999.000 -9999.000 -9999.000 -9999.000 -9999.000 -9999.000 -9999.000 -9999.000 -9999.000 -9999.000 -9999.000 -9999.000 -9999.000 -9999.000
-9999.000 -9999.000 -9999.000 -9999.000 -9999.000 -9999.000 -9999.000 -9999.000 -9999.000 -9999.000 -9999.000 -9999.000 -9999.000 -9999.000 -9999.000 0.3289285 0.3298958 0.3299167 0.3298346 0.3296451 0.3293493 0.3289366 0.3283829 0.3276489 0.3266757 0.3253709 0.3235785 0.3210011 0.3169486 0.3100531 0.3100531 -9999.000 -9999.000 -9999.000 -9999.000 -9999.000 -9999.000 -9999.000 -9999.000 -9999.000 -9999.000 -9999.000 -9999.000 -9999.000 -9999.000 -9999.000 -9999.000 -9999.000 -9999.000 -9999.000 -9999.000 -9999.000 -9999.000 -9999.000 -9999.000 -9999.000 -9999.000 -9999.000
0.2961830 0.2961830 0.2853956 0.2758652 0.2733815 0.2733815 0.2713096 0.2678985 0.2678985 0.2650803 0.2650803 0.2626396 0.2615277 0.2766488 0.3207791 0.3207791 0.3374642 0.3380121 0.3384592 0.3387058 0.3386458 0.3381584 0.3371216 0.3354185 0.3329206 0.3294230 0.3244837 0.3170051 0.3038389 0.2693340 0.2693340 0.1367855 0.1129857 0.1113368 0.1168592 0.1168592 0.1326184 0.1326184 0.1592832 0.1592832 0.2017802 0.2249762 0.2249762 0.2282614 0.2282614 0.2268519 0.2268519 0.2268519 0.2219189 0.2219189 0.2170200 0.2170200 0.2128869 0.2128869 0.2070197 0.2070197 0.2032736 0.2032736
0.2956593 0.2956593 0.2838703 0.2754323 0.2729504 0.2729504 0.2708780 0.2674688 0.2674688 0.2646573 0.2646573 0.2622250 0.2611172 0.2687870 0.3164863 0.3164863 0.3308331 0.3311306 0.3315051 0.3319596 0.3324096 0.3327095 0.3326670 0.3320413 0.3305289 0.3277282 0.3230584 0.3155322 0.3030008 0.2780615 0.2780615 0.1838987 0.1537571 0.1326693 0.1299172 0.1299172 0.1350885 0.1350885 0.1548558 0.1548558 0.1849894 0.2256663 0.2256663 0.2290263 0.2290263 0.2266220 0.2266220 0.2266220 0.2215774 0.2215774 0.2166681 0.2166681 0.2131796 0.2131796 0.2067233 0.2067233 0.2029961 0.2029961
0.2953105 0.2953105 0.2832733 0.2754146 0.2729471 0.2729471 0.2708767 0.2674608 0.2674608 0.2646422 0.2646422 0.2622060 0.2610969 0.2657105 0.3084640 0.3084640 0.3259566 0.3255441 0.3252707 0.3252069 0.3252990 0.3254111 0.3253462 0.3248511 0.3236081 0.3212069 0.3170752 0.3103080 0.2991304 0.2783621 0.2783621 0.2069056 0.1765626 0.1489808 0.1430403 0.1430403 0.1432270 0.1432270 0.1576389 0.1576389 0.1772922 0.2224686 0.2224686 0.2313404 0.2313404 0.2270899 0.2270899 0.2270899 0.2216484 0.2216484 0.2166362 0.2166362 0.2125526 0.2125526 0.2070540 0.2070540 0.2031549 0.2031549
0.2950011 0.2950011 0.2828819 0.2753807 0.2729439 0.2729439 0.2708842 0.2674681 0.2674681 0.2646443 0.2646443 0.2622057 0.2610966 0.2637043 0.2991483 0.2991483 0.3216532 0.3204763 0.3195195 0.3188763 0.3184963 0.3182445 0.3179232 0.3172781 0.3159952 0.3136843 0.3098325 0.3036830 0.2938287 0.2760238 0.2760238 0.2208118 0.1931286 0.1648410 0.1582970 0.1582970 0.1567443 0.1567443 0.1662154 0.1662154 0.1775365 0.2145009 0.2145009 0.2299492 0.2299492 0.2269597 0.2269597 0.2269597 0.2215140 0.2215140 0.2163538 0.2163538 0.2120471 0.2120471 0.2070480 0.2070480 0.2031344 0.2031344
0.2947451 0.2947451 0.2826295 0.2753392 0.2729346 0.2729346 0.2708887 0.2674754 0.2674754 0.2646469 0.2646469 0.2622060 0.2610965 0.2624024 0.2891637 0.2891637 0.3172705 0.3152660 0.3136014 0.3123916 0.3115667 0.3109728 0.3104009 0.3095921 0.3082385 0.3059753 0.3023533 0.2967717 0.2882162 0.2731292 0.2731292 0.2292123 0.2056114 0.1805515 0.1752544 0.1752544 0.1740604 0.1740604 0.1787841 0.1787841 0.1838119 0.2068549 0.2068549 0.2253485 0.2253485 0.2259413 0.2259413 0.2259413 0.2208686 0.2208686 0.2157093 0.2157093 0.2112948 0.2112948 0.2067228 0.2067228 0.2029838 0.2029838
0.2945541 0.2945541 0.2824734 0.2753027 0.2729240 0.2729240 0.2708905 0.2674812 0.2674812 0.2646492 0.2646492 0.2622061 0.2610963 0.2615581 0.2796684 0.2796684 0.3125858 0.3096529 0.3072011 0.3054006 0.3041485 0.3032582 0.3024977 0.3015916 0.3002289 0.2980614 0.2946945 0.2896835 0.2824627 0.2700394 0.2700394 0.2351038 0.2161525 0.1973535 0.1942508 0.1942508 0.1932199 0.1932199 0.1927342 0.1927342 0.1931283 0.2028815 0.2028815 0.2184298 0.2184298 0.2234022 0.2234022 0.2234022 0.2194210 0.2194210 0.2146248 0.2146248 0.2103128 0.2103128 0.2061706 0.2061706 0.2027639 0.2027639
0.2944364 0.2944364 0.2823881 0.2752787 0.2729160 0.2729160 0.2708909 0.2674848 0.2674848 0.2646506 0.2646506 0.2622060 0.2610959 0.2610135 0.2731118 0.2731118 0.3073450 0.3034434 0.3001091 0.2976667 0.2959773 0.2948174 0.2939286 0.2930089 0.2917287 0.2897398 0.2866820 0.2822722 0.2765059 0.2672346 0.2672346 0.2407200 0.2270147 0.2163186 0.2149992 0.2149992 0.2119970 0.2119970 0.2060175 0.2060175 0.2030699 0.2029642 0.2029642 0.2118412 0.2118412 0.2192356 0.2192356 0.2192356 0.2169233 0.2169233 0.2129633 0.2129633 0.2090627 0.2090627 0.2054521 0.2054521 0.2025164 0.2025164
0.2943966 0.2943966 0.2823609 0.2752704 0.2729132 0.2729132 0.2708909 0.2674860 0.2674860 0.2646511 0.2646511 0.2622060 0.2610958 0.2606642 0.2684483 0.2684483 0.3009960 0.2963999 0.2921447 0.2890191 0.2868690 0.2854389 0.2844578 0.2835979 0.2824983 0.2807840 0.2780989 0.2743683 0.2706412 0.2657740 0.2657740 0.2479390 0.2405011 0.2371876 0.2358919 0.2358919 0.2285351 0.2285351 0.2176260 0.2176260 0.2123567 0.2057746 0.2057746 0.2075160 0.2075160 0.2140568 0.2140568 0.2140568 0.2133770 0.2133770 0.2106243 0.2106243 0.2074907 0.2074907 0.2045873 0.2045873 0.2022642 0.2022642
0.2944364 0.2944364 0.2823881 0.2752787 0.2729160 0.2729160 0.2708909 0.2674848 0.2674848 0.2646506 0.2646506 0.2622060 0.2610959 0.2604414 0.2652490 0.2652490 0.2923674 0.2880656 0.2830914 0.2792817 0.2766311 0.2749234 0.2738739 0.2731280 0.2722884 0.2709458 0.2687408 0.2659808 0.2655735 0.2672717 0.2672717 0.2589610 0.2581567 0.2579437 0.2546998 0.2546998 0.2420298 0.2420298 0.2273492 0.2273492 0.2205092 0.2098387 0.2098387 0.2057974 0.2057974 0.2088532 0.2088532 0.2088532 0.2091141 0.2091141 0.2076416 0.2076416 0.2055677 0.2055677 0.2035814 0.2035814 0.2020221 0.2020221
0.2945542 0.2945542 0.2824734 0.2753027 0.2729240 0.2729240 0.2708905 0.2674811 0.2674811 0.2646491 0.2646491 0.2622061 0.2610963 0.2603000 0.2631130 0.2631130 0.2812955 0.2778500 0.2724863 0.2680736 0.2649589 0.2630062 0.2619348 0.2613719 0.2608861 0.2600283 0.2584399 0.2572190 0.2628212 0.2738904 0.2738904 0.2756757 0.2792850 0.2761360 0.2701145 0.2701145 0.2526157 0.2526157 0.2353077 0.2353077 0.2274012 0.2141383 0.2141383 0.2060089 0.2060089 0.2044465 0.2044465 0.2044465 0.2046787 0.2046787 0.2042256 0.2042256 0.2033420 0.2033420 0.2024562 0.2024562 0.2017968 0.2017968
0.2947452 0.2947452 0.2826295 0.2753392 0.2729346 0.2729346 0.2708887 0.2674754 0.2674754 0.2646469 0.2646469 0.2622060 0.2610965 0.2602108 0.2617191 0.2617191 0.2683204 0.2649662 0.2595879 0.2548583 0.2514501 0.2493637 0.2483602 0.2480713 0.2480456 0.2477960 0.2470048 0.2486992 0.2659716 0.2879039 0.2879039 0.2965488 0.3002907 0.2909974 0.2827283 0.2827283 0.2607553 0.2607553 0.2416348 0.2416348 0.2329924 0.2180752 0.2180752 0.2072506 0.2072506 0.2012068 0.2012068 0.2012068 0.2006109 0.2006109 0.2007221 0.2007221 0.2009681 0.2009681 0.2012706 0.2012706 0.2015921 0.2015921
