simulation_files/asc/Depth____000293.asc
NCOLS        79
NROWS        79
XLLCENTER         -1.500000
YLLCENTER         -4.800000
CELLSIZE           0.100
NODATA_VALUE     -9999.0
[rows 0 to 25 of 79, columns 0 to 58 of 79]
-9999.000 -9999.000 -9999.000 -9999.000 -9999.000 -9999.000 -9999.000 -9999.000 -9999.000 -9999.000 -9999.000 -9999.000 -9999.000 -9999.000 -9999.000 0.7051770 0.7056287 0.7057391 0.7056421 0.7054375 0.7051831 0.7049010 0.7046115 0.7043320 0.7040647 0.7038159 0.7035829 0.7033338 0.7029597 0.7029176 0.7029176 -9999.000 -9999.000 -9999.000 -9999.000 -9999.000 -9999.000 -9999.000 -9999.000 -9999.000 -9999.000 -9999.000 -9999.000 -9999.000 -9999.000 -9999.000 -9999.000 -9999.000 -9999.000 -9999.000 -9999.000 -9999.000 -9999.000 -9999.000 -9999.000 -9999.000 -9999.000 -9999.000 -9999.000
-9999.000 -9999.000 -9999.000 -9999.000 -9999.000 -9999.000 -9999.000 -9999.000 -9999.000 -9999.000 -9999.000 -9999.000 -9999.000 -9999.000 -9999.000 0.7069486 0.7073696 0.7074597 0.7073790 0.7072141 0.7070134 0.7067941 0.7065720 0.7063606 0.7061606 0.7059768 0.7058062 0.7056199 0.7053208 0.7053630 0.7053630 -9999.000 -9999.000 -9999.000 -9999.000 -9999.000 -9999.000 -9999.000 -9999.000 -9999.000 -9999.000 -9999.000 -9999.000 -9999.000 -9999.000 -9999.000 -9999.000 -9999.000 -9999.000 -9999.000 -9999.000 -9999.000 -9999.000 -9999.000 -9999.000 -9999.000 -9999.000 -9999.000 -9999.000
-9999.000 -9999.000 -9999.000 -9999.000 -9999.000 -9999.000 -9999.000 -9999.000 -9999.000 -9999.000 -9999.000 -9999.000 -9999.000 -9999.000 -9999.000 0.7088620 0.7093164 0.7094160 0.7093413 0.7091821 0.7089881 0.7087769 0.7085642 0.7083633 0.7081740 0.7080005 0.7078380 0.7076555 0.7073498 0.7073880 0.7073880 -9999.000 -9999.000 -9999.000 -9999.000 -9999.000 -9999.000 -9999.000 -9999.000 -9999.000 -9999.000 -9999.000 -9999.000 -9999.000 -9999.000 -9999.000 -9999.000 -9999.000 -9999.000 -9999.000 -9999.000 -9999.000 -9999.000 -9999.000 -9999.000 -9999.000 -9999.000 -9999.000 -9999.000
-9999.000 -9999.000 -9999.000 -9999.000 -9999.000 -9999.000 -9999.000 -9999.000 -9999.000 -9999.000 -9999.000 -9999.000 -9999.000 -9999.000 -9999.000 0.7108263 0.7113011 0.7114052 0.7113308 0.7111709 0.7109766 0.7107652 0.7105531 0.7103535 0.7101654 0.7099930 0.7098309 0.7096455 0.7093270 0.7093435 0.7093435 -9999.000 -9999.000 -9999.000 -9999.000 -9999.000 -9999.000 -9999.000 -9999.000 -9999.000 -9999.000 -9999.000 -9999.000 -9999.000 -9999.000 -9999.000 -9999.000 -9999.000 -9999.000 -9999.000 -9999.000 -9999.000 -9999.000 -9999.000 -9999.000 -9999.000 -9999.000 -9999.000 -9999.000
-9999.000 -9999.000 -9999.000 -9999.000 -9999.000 -9999.000 -9999.000 -9999.000 -9999.000 -9999.000 -9999.000 -9999.000 -9999.000 -9999.000 -9999.000 0.7128112 0.7133009 0.7134069 0.7133299 0.7131661 0.7129679 0.7127526 0.7125368 0.7123342 0.7121432 0.7119678 0.7118022 0.7116101 0.7112737 0.7112543 0.7112543 -9999.000 -9999.000 -9999.000 -9999.000 -9999.000 -9999.000 -9999.000 -9999.000 -9999.000 -9999.000 -9999.000 -9999.000 -9999.000 -9999.000 -9999.000 -9999.000 -9999.000 -9999.000 -9999.000 -9999.000 -9999.000 -9999.000 -9999.000 -9999.000 -9999.000 -9999.000 -9999.000 -9999.000
-9999.000 -9999.000 -9999.000 -9999.000 -9999.000 -9999.000 -9999.000 -9999.000 -9999.000 -9999.000 -9999.000 -9999.000 -9999.000 -9999.000 -9999.000 0.7148032 0.7153052 0.7154114 0.7153300 0.7151607 0.7149569 0.7147357 0.7145144 0.7143069 0.7141107 0.7139304 0.7137592 0.7135581 0.7131990 0.7131295 0.7131295 -9999.000 -9999.000 -9999.000 -9999.000 -9999.000 -9999.000 -9999.000 -9999.000 -9999.000 -9999.000 -9999.000 -9999.000 -9999.000 -9999.000 -9999.000 -9999.000 -9999.000 -9999.000 -9999.000 -9999.000 -9999.000 -9999.000 -9999.000 -9999.000 -9999.000 -9999.000 -9999.000 -9999.000
-9999.000 -9999.000 -9999.000 -9999.000 -9999.000 -9999.000 -9999.000 -9999.000 -9999.000 -9999.000 -9999.000 -9999.000 -9999.000 -9999.000 -9999.000 0.7167957 0.7173085 0.7174138 0.7173266 0.7171508 0.7169407 0.7167127 0.7164847 0.7162714 0.7160689 0.7158825 0.7157047 0.7154924 0.7151060 0.7149696 0.7149696 -9999.000 -9999.000 -9999.000 -9999.000 -9999.000 -9999.000 -9999.000 -9999.000 -9999.000 -9999.000 -9999.000 -9999.000 -9999.000 -9999.000 -9999.000 -9999.000 -9999.000 -9999.000 -9999.000 -9999.000 -9999.000 -9999.000 -9999.000 -9999.000 -9999.000 -9999.000 -9999.000 -9999.000
-9999.000 -9999.000 -9999.000 -9999.000 -9999.000 -9999.000 -9999.000 -9999.000 -9999.000 -9999.000 -9999.000 -9999.000 -9999.000 -9999.000 -9999.000 0.7187855 0.7193082 0.7194113 0.7193174 0.7191342 0.7189173 0.7186818 0.7184468 0.7182271 0.7180176 0.7178245 0.7176389 0.7174135 0.7169942 0.7167701 0.7167701 -9999.000 -9999.000 -9999.000 -9999.000 -9999.000 -9999.000 -9999.000 -9999.000 -9999.000 -9999.000 -9999.000 -9999.000 -9999.000 -9999.000 -9999.000 -9999.000 -9999.000 -9999.000 -9999.000 -9999.000 -9999.000 -9999.000 -9999.000 -9999.000 -9999.000 -9999.000 -9999.000 -9999.000
-9999.000 -9999.000 -9999.000 -9999.000 -9999.000 -9999.000 -9999.000 -9999.000 -9999.000 -9999.000 -9999.000 -9999.000 -9999.000 -9999.000 -9999.000 0.7207703 0.7213024 0.7214020 0.7213002 0.7211090 0.7208848 0.7206416 0.7203991 0.7201728 0.7199557 0.7197552 0.7195610 0.7193203 0.7188619 0.7185218 0.7185218 -9999.000 -9999.000 -9999.000 -9999.000 -9999.000 -9999.000 -9999.000 -9999.000 -9999.000 -9999.000 -9999.000 -9999.000 -9999.000 -9999.000 -9999.000 -9999.000 -9999.000 -9999.000 -9999.000 -9999.000 -9999.000 -9999.000 -9999.000 -9999.000 -9999.000 -9999.000 -9999.000 -9999.000
-9999.000 -9999.000 -9999.000 -9999.000 -9999.000 -9999.000 -9999.000 -9999.000 -9999.000 -9999.000 -9999.000 -9999.000 -9999.000 -9999.000 -9999.000 0.7227485 0.7232896 0.7233844 0.7232735 0.7230735 0.7228416 0.7225901 0.7223399 0.7221068 0.7218816 0.7216731 0.7214691 0.7212105 0.7207053 0.7202109 0.7202109 -9999.000 -9999.000 -9999.000 -9999.000 -9999.000 -9999.000 -9999.000 -9999.000 -9999.000 -9999.000 -9999.000 -9999.000 -9999.000 -9999.000 -9999.000 -9999.000 -9999.000 -9999.000 -9999.000 -9999.000 -9999.000 -9999.000 -9999.000 -9999.000 -9999.000 -9999.000 -9999.000 -9999.000
-9999.000 -9999.000 -9999.000 -9999.000 -9999.000 -9999.000 -9999.000 -9999.000 -9999.000 -9999.000 -9999.000 -9999.000 -9999.000 -9999.000 -9999.000 0.7247179 0.7252681 0.7253567 0.7252352 0.7250256 0.7247856 0.7245253 0.7242670 0.7240267 0.7237927 0.7235755 0.7233607 0.7230810 0.7225193 0.7218163 0.7218163 -9999.000 -9999.000 -9999.000 -9999.000 -9999.000 -9999.000 -9999.000 -9999.000 -9999.000 -9999.000 -9999.000 -9999.000 -9999.000 -9999.000 -9999.000 -9999.000 -9999.000 -9999.000 -9999.000 -9999.000 -9999.000 -9999.000 -9999.000 -9999.000 -9999.000 -9999.000 -9999.000 -9999.000
-9999.000 -9999.000 -9999.000 -9999.000 -9999.000 -9999.000 -9999.000 -9999.000 -9999.000 -9999.000 -9999.000 -9999.000 -9999.000 -9999.000 -9999.000 0.7266756 0.7272355 0.7273164 0.7271827 0.7269627 0.7267141 0.7264444 0.7261775 0.7259296 0.7256858 0.7254592 0.7252318 0.7249268 0.7242962 0.7233068 0.7233068 -9999.000 -9999.000 -9999.000 -9999.000 -9999.000 -9999.000 -9999.000 -9999.000 -9999.000 -9999.000 -9999.000 -9999.000 -9999.000 -9999.000 -9999.000 -9999.000 -9999.000 -9999.000 -9999.000 -9999.000 -9999.000 -9999.000 -9999.000 -9999.000 -9999.000 -9999.000 -9999.000 -9999.000
-9999.000 -9999.000 -9999.000 -9999.000 -9999.000 -9999.000 -9999.000 -9999.000 -9999.000 -9999.000 -9999.000 -9999.000 -9999.000 -9999.000 -9999.000 0.7286171 0.7291880 0.7292596 0.7291122 0.7288809 0.7286233 0.7283435 0.7280673 0.7278114 0.7275565 0.7273190 0.7270768 0.7267407 0.7260249 0.7246333 0.7246333 -9999.000 -9999.000 -9999.000 -9999.000 -9999.000 -9999.000 -9999.000 -9999.000 -9999.000 -9999.000 -9999.000 -9999.000 -9999.000 -9999.000 -9999.000 -9999.000 -9999.000 -9999.000 -9999.000 -9999.000 -9999.000 -9999.000 -9999.000 -9999.000 -9999.000 -9999.000 -9999.000 -9999.000
-9999.000 -9999.000 -9999.000 -9999.000 -9999.000 -9999.000 -9999.000 -9999.000 -9999.000 -9999.000 -9999.000 -9999.000 -9999.000 -9999.000 -9999.000 0.7304587 0.7310697 0.7311641 0.7310274 0.7307884 0.7305233 0.7302326 0.7299452 0.7296788 0.7294092 0.7291570 0.7288952 0.7285188 0.7276952 0.7257267 0.7257267 -9999.000 -9999.000 -9999.000 -9999.000 -9999.000 -9999.000 -9999.000 -9999.000 -9999.000 -9999.000 -9999.000 -9999.000 -9999.000 -9999.000 -9999.000 -9999.000 -9999.000 -9999.000 -9999.000 -9999.000 -9999.000 -9999.000 -9999.000 -9999.000 -9999.000 -9999.000 -9999.000 -9999.000
-9999.000 -9999.000 -9999.000 -9999.000 -9999.000 -9999.000 -9999.000 -9999.000 -9999.000 -9999.000 -9999.000 -9999.000 -9999.000 -9999.000 -9999.000 0.7244816 0.7305523 0.7336042 0.7347183 0.7344094 0.7339163 0.7333775 0.7328452 0.7323536 0.7318776 0.7314457 0.7310221 0.7304661 0.7293352 0.7258003 0.7258003 -9999.000 -9999.000 -9999.000 -9999.000 -9999.000 -9999.000 -9999.000 -9999.000 -9999.000 -9999.000 -9999.000 -9999.000 -9999.000 -9999.000 -9999.000 -9999.000 -9999.000 -9999.000 -9999.000 -9999.000 -9999.000 -9999.000 -9999.000 -9999.000 -9999.000 -9999.000 -9999.000 -9999.000
0.8069892 0.8069892 0.8116418 0.7930227 0.7879952 0.7879952 0.7845914 0.7792161 0.7792161 0.7748773 0.7748773 0.7712551 0.7696438 0.7681382 0.7666665 0.7666665 0.7363216 0.7350111 0.7335391 0.7340856 0.7353572 0.7370223 0.7392379 0.7419583 0.7445583 0.7470989 0.7490486 0.7489135 0.7424791 0.7133097 0.7133097 0.5025943 0.4656670 0.4433988 0.4359012 0.4359012 0.4240204 0.4240204 0.4257649 0.4257649 0.4363226 0.4842290 0.4842290 0.5851429 0.5851429 0.6413207 0.6413207 0.6413207 0.6422746 0.6422746 0.6321445 0.6321445 0.6179945 0.6179945 0.6031734 0.6031734 0.5894957 0.5894957 0.5894957
0.8038650 0.8038650 0.8103769 0.7919382 0.7869875 0.7869875 0.7835073 0.7781240 0.7781240 0.7738122 0.7738122 0.7702096 0.7686062 0.7671077 0.7656434 0.7656434 0.7393943 0.7339634 0.7290089 0.7252420 0.7223166 0.7201661 0.7189543 0.7187636 0.7193937 0.7208362 0.7228436 0.7247304 0.7247072 0.7139818 0.7139818 0.5714055 0.5166633 0.4623485 0.4470209 0.4470209 0.4291660 0.4291660 0.4300791 0.4300791 0.4400102 0.4820914 0.4820914 0.5603265 0.5603265 0.6373997 0.6373997 0.6373997 0.6416404 0.6416404 0.6323174 0.6323174 0.6183981 0.6183981 0.6037403 0.6037403 0.5901268 0.5901268 0.5901268
0.8020946 0.8020946 0.8107696 0.7919216 0.7871039 0.7871039 0.7835382 0.7780823 0.7780823 0.7737654 0.7737654 0.7701620 0.7685563 0.7670547 0.7655806 0.7655806 0.7417231 0.7327899 0.7244778 0.7173081 0.7112928 0.7064042 0.7027160 0.7002882 0.6990151 0.6988660 0.6996894 0.7009977 0.7014149 0.6949174 0.6949174 0.6049545 0.5485903 0.4805820 0.4600479 0.4600479 0.4386513 0.4386513 0.4435212 0.4435212 0.4557773 0.4950160 0.4950160 0.5527592 0.5527592 0.6287049 0.6287049 0.6287049 0.6379336 0.6379336 0.6308744 0.6308744 0.6178139 0.6178139 0.6035014 0.6035014 0.5900843 0.5900843 0.5900843
0.8006580 0.8006580 0.8107557 0.7918466 0.7872160 0.7872160 0.7835924 0.7780668 0.7780668 0.7737546 0.7737546 0.7701595 0.7685552 0.7670540 0.7655658 0.7655658 0.7431418 0.7311990 0.7196725 0.7092924 0.7003294 0.6928563 0.6869196 0.6825385 0.6796215 0.6780868 0.6777927 0.6783669 0.6787744 0.6746745 0.6746745 0.6179165 0.5682244 0.4980907 0.4758257 0.4758257 0.4565002 0.4565002 0.4691344 0.4691344 0.4835009 0.5160450 0.5160450 0.5523100 0.5523100 0.6149104 0.6149104 0.6149104 0.6291856 0.6291856 0.6261485 0.6261485 0.6152042 0.6152042 0.6019753 0.6019753 0.5892591 0.5892591 0.5892591
0.7995494 0.7995494 0.8106681 0.7917354 0.7873020 0.7873020 0.7836454 0.7780535 0.7780535 0.7737443 0.7737443 0.7701576 0.7685549 0.7670544 0.7655442 0.7655442 0.7432692 0.7286577 0.7141381 0.7007295 0.6889045 0.6788511 0.6706465 0.6643066 0.6597571 0.6568928 0.6555598 0.6554422 0.6557431 0.6533651 0.6533651 0.6175877 0.5771999 0.5130773 0.4936021 0.4936021 0.4851355 0.4851355 0.5067452 0.5067452 0.5200476 0.5398419 0.5398419 0.5557717 0.5557717 0.5989999 0.5989999 0.5989999 0.6161524 0.6161524 0.6179603 0.6179603 0.6104056 0.6104056 0.5992004 0.5992004 0.5878267 0.5878267 0.5878267
0.7987633 0.7987633 0.8105651 0.7916334 0.7873614 0.7873614 0.7836901 0.7780442 0.7780442 0.7737357 0.7737357 0.7701558 0.7685547 0.7670547 0.7655117 0.7655117 0.7418171 0.7246738 0.7073697 0.6911551 0.6766367 0.6640936 0.6536469 0.6453307 0.6390966 0.6348451 0.6324266 0.6315697 0.6316559 0.6305015 0.6305015 0.6084299 0.5778022 0.5268795 0.5159656 0.5159656 0.5266017 0.5266017 0.5512928 0.5512928 0.5586841 0.5619622 0.5619622 0.5612311 0.5612311 0.5842817 0.5842817 0.5842817 0.6008845 0.6008845 0.6068218 0.6068218 0.6033780 0.6033780 0.5950943 0.5950943 0.5857838 0.5857838 0.5857838
0.7982941 0.7982941 0.8104874 0.7915642 0.7873958 0.7873958 0.7837198 0.7780385 0.7780385 0.7737290 0.7737290 0.7701533 0.7685531 0.7670534 0.7654634 0.7654634 0.7384967 0.7187619 0.6988197 0.6800267 0.6630462 0.6482018 0.6356431 0.6254212 0.6175123 0.6118374 0.6082659 0.6065739 0.6062922 0.6059402 0.6059402 0.5931259 0.5723184 0.5441752 0.5488347 0.5488347 0.5790715 0.5790715 0.5943341 0.5943341 0.5926154 0.5803910 0.5803910 0.5676680 0.5676680 0.5728106 0.5728106 0.5728106 0.5856382 0.5856382 0.5937763 0.5937763 0.5943298 0.5943298 0.5896066 0.5896066 0.5830739 0.5830739 0.5830739
0.7981382 0.7981382 0.8104588 0.7915399 0.7874072 0.7874072 0.7837301 0.7780368 0.7780368 0.7737266 0.7737266 0.7701523 0.7685524 0.7670527 0.7653965 0.7653965 0.7329348 0.7103826 0.6878704 0.6667142 0.6475446 0.6306710 0.6162360 0.6042902 0.5948222 0.5877719 0.5830355 0.5804386 0.5796503 0.5798035 0.5798035 0.5737233 0.5637899 0.5733735 0.5981055 0.5981055 0.6337390 0.6337390 0.6289047 0.6289047 0.6186481 0.5952035 0.5952035 0.5745457 0.5745457 0.5651720 0.5651720 0.5651720 0.5721597 0.5721597 0.5801396 0.5801396 0.5837813 0.5837813 0.5828353 0.5828353 0.5796787 0.5796787 0.5796787
0.7982941 0.7982941 0.8104875 0.7915642 0.7873958 0.7873958 0.7837197 0.7780385 0.7780385 0.7737290 0.7737290 0.7701533 0.7685531 0.7670533 0.7653048 0.7653048 0.7245808 0.6988561 0.6737804 0.6504709 0.6294269 0.6108733 0.5949003 0.5815282 0.5707358 0.5624718 0.5566550 0.5531600 0.5518076 0.5524605 0.5524605 0.5526614 0.5580026 0.6232840 0.6615824 0.6615824 0.6786679 0.6786679 0.6533130 0.6533130 0.6375095 0.6073093 0.6073093 0.5815108 0.5815108 0.5609563 0.5609563 0.5609563 0.5613953 0.5613953 0.5671863 0.5671863 0.5725216 0.5725216 0.5750914 0.5750914 0.5756779 0.5756779 0.5756779
0.7987632 0.7987632 0.8105652 0.7916333 0.7873614 0.7873614 0.7836900 0.7780443 0.7780443 0.7737357 0.7737357 0.7701558 0.7685547 0.7670547 0.7651781 0.7651781 0.7125831 0.6832460 0.6555977 0.6303768 0.6078376 0.5880430 0.5709767 0.5565927 0.5448353 0.5356435 0.5289485 0.5246726 0.5228741 0.5248157 0.5248157 0.5347540 0.5669142 0.6924401 0.7237737 0.7237737 0.7080265 0.7080265 0.6699613 0.6699613 0.6513586 0.6173956 0.6173956 0.5881692 0.5881692 0.5592847 0.5592847 0.5592847 0.5535296 0.5535296 0.5558867 0.5558867 0.5614734 0.5614734 0.5669017 0.5669017 0.5712826 0.5712826 0.5712826
0.7995493 0.7995493 0.8106681 0.7917352 0.7873019 0.7873019 0.7836453 0.7780536 0.7780536 0.7737445 0.7737445 0.7701576 0.7685549 0.7670544 0.7649995 0.7649995 0.6955651 0.6621687 0.6320150 0.6052371 0.5817061 0.5612355 0.5436476 0.5287942 0.5165592 0.5068548 0.4996114 0.4948142 0.4931138 0.4996883 0.4996883 0.5318877 0.6086048 0.7606388 0.7659166 0.7659166 0.7249278 0.7249278 0.6816750 0.6816750 0.6618450 0.6257401 0.6257401 0.5941443 0.5941443 0.5592363 0.5592363 0.5592363 0.5482509 0.5482509 0.5467939 0.5467939 0.5515357 0.5515357 0.5589609 0.5589609 0.5668518 0.5668518 0.5668518
