simulation_files/asc/Depth____52.0.asc
NCOLS       411
NROWS       131
XLLCENTER    2538020.000000
YLLCENTER    1152390.000000
CELLSIZE           1.000
NODATA_VALUE     -9999.0
[rows 0 to 25 of 131, columns 300 to 359 of 411]
-9999.000 -9999.000 -9999.000 -9999.000 -9999.000 -9999.000 -9999.000 -9999.000 -9999.000 -9999.000 -9999.000 -9999.000 -9999.000 -9999.000 -9999.000 -9999.000 -9999.000 -9999.000 -9999.000 -9999.000 -9999.000 -9999.000 -9999.000 -9999.000 -9999.000 -9999.000 -9999.000 -9999.000 -9999.000 -9999.000 -9999.000 -9999.000 -9999.000 -9999.000 -9999.000 -9999.000 -9999.000 -9999.000 -9999.000 -9999.000 -9999.000 -9999.000 -9999.000 -9999.000 -9999.000 -9999.000 -9999.000 -9999.000 -9999.000 -9999.000 -9999.000 -9999.000 -9999.000 -9999.000 -9999.000 -9999.000 -9999.000 -9999.000 -9999.000 -9999.000
-9999.000 -9999.000 -9999.000 -9999.000 -9999.000 -9999.000 -9999.000 -9999.000 -9999.000 -9999.000 -9999.000 -9999.000 -9999.000 -9999.000 -9999.000 -9999.000 -9999.000 -9999.000 -9999.000 -9999.000 -9999.000 -9999.000 -9999.000 -9999.000 -9999.000 -9999.000 -9999.000 -9999.000 -9999.000 -9999.000 -9999.000 -9999.000 -9999.000 -9999.000 -9999.000 -9999.000 -9999.000 -9999.000 -9999.000 -9999.000 -9999.000 -9999.000 -9999.000 -9999.000 -9999.000 -9999.000 -9999.000 -9999.000 -9999.000 -9999.000 -9999.000 -9999.000 -9999.000 -9999.000 -9999.000 -9999.000 -9999.000 -9999.000 -9999.000 -9999.000
-9999.000 -9999.000 -9999.000 -9999.000 -9999.000 -9999.000 -9999.000 -9999.000 -9999.000 -9999.000 -9999.000 -9999.000 -9999.000 -9999.000 -9999.000 -9999.000 -9999.000 -9999.000 -9999.000 -9999.000 -9999.000 -9999.000 -9999.000 -9999.000 -9999.000 -9999.000 -9999.000 -9999.000 -9999.000 -9999.000 -9999.000 -9999.000 -9999.000 -9999.000 -9999.000 -9999.000 -9999.000 -9999.000 -9999.000 -9999.000 -9999.000 -9999.000 -9999.000 -9999.000 -9999.000 -9999.000 -9999.000 -9999.000 -9999.000 -9999.000 -9999.000 -9999.000 -9999.000 -9999.000 -9999.000 -9999.000 -9999.000 -9999.000 -9999.000 -9999.000
-9999.000 -9999.000 -9999.000 -9999.000 -9999.000 -9999.000 -9999.000 -9999.000 -9999.000 -9999.000 -9999.000 -9999.000 -9999.000 -9999.000 -9999.000 -9999.000 -9999.000 -9999.000 -9999.000 -9999.000 -9999.000 -9999.000 -9999.000 -9999.000 -9999.000 -9999.000 -9999.000 -9999.000 -9999.000 -9999.000 -9999.000 -9999.000 -9999.000 -9999.000 -9999.000 -9999.000 -9999.000 -9999.000 -9999.000 -9999.000 -9999.000 -9999.000 -9999.000 -9999.000 -9999.000 -9999.000 -9999.000 -9999.000 -9999.000 -9999.000 -9999.000 -9999.000 -9999.000 -9999.000 -9999.000 -9999.000 -9999.000 -9999.000 -9999.000 -9999.000
-9999.000 -9999.000 -9999.000 -9999.000 -9999.000 -9999.000 -9999.000 -9999.000 -9999.000 -9999.000 -9999.000 -9999.000 -9999.000 -9999.000 -9999.000 -9999.000 -9999.000 -9999.000 -9999.000 -9999.000 -9999.000 -9999.000 -9999.000 -9999.000 -9999.000 -9999.000 -9999.000 -9999.000 -9999.000 -9999.000 -9999.000 -9999.000 -9999.000 -9999.000 -9999.000 -9999.000 -9999.000 -9999.000 -9999.000 -9999.000 -9999.000 -9999.000 -9999.000 -9999.000 -9999.000 -9999.000 -9999.000 -9999.000 -9999.000 -9999.000 -9999.000 -9999.000 -9999.000 -9999.000 -9999.000 -9999.000 -9999.000 -9999.000 -9999.000 -9999.000
-9999.000 -9999.000 -9999.000 -9999.000 -9999.000 -9999.000 -9999.000 -9999.000 -9999.000 -9999.000 -9999.000 -9999.000 -9999.000 -9999.000 -9999.000 -9999.000 -9999.000 -9999.000 -9999.000 -9999.000 -9999.000 -9999.000 -9999.000 -9999.000 -9999.000 -9999.000 -9999.000 -9999.000 -9999.000 -9999.000 -9999.000 -9999.000 -9999.000 -9999.000 -9999.000 -9999.000 -9999.000 -9999.000 -9999.000 -9999.000 -9999.000 -9999.000 -9999.000 -9999.000 -9999.000 -9999.000 -9999.000 -9999.000 -9999.000 -9999.000 -9999.000 -9999.000 -9999.000 -9999.000 -9999.000 -9999.000 -9999.000 -9999.000 -9999.000 -9999.000
-9999.000 -9999.000 -9999.000 -9999.000 -9999.000 -9999.000 -9999.000 -9999.000 -9999.000 -9999.000 -9999.000 -9999.000 -9999.000 -9999.000 -9999.000 -9999.000 -9999.000 -9999.000 -9999.000 -9999.000 -9999.000 -9999.000 -9999.000 -9999.000 -9999.000 -9999.000 -9999.000 -9999.000 -9999.000 -9999.000 -9999.000 -9999.000 -9999.000 -9999.000 -9999.000 -9999.000 -9999.000 -9999.000 -9999.000 -9999.000 -9999.000 -9999.000 -9999.000 -9999.000 -9999.000 -9999.000 -9999.000 -9999.000 -9999.000 -9999.000 -9999.000 -9999.000 -9999.000 -9999.000 -9999.000 -9999.000 -9999.000 -9999.000 -9999.000 -9999.000
-9999.000 -9999.000 -9999.000 -9999.000 -9999.000 -9999.000 -9999.000 -9999.000 -9999.000 -9999.000 -9999.000 -9999.000 -9999.000 -9999.000 -9999.000 -9999.000 -9999.000 -9999.000 -9999.000 -9999.000 -9999.000 -9999.000 -9999.000 -9999.000 -9999.000 -9999.000 -9999.000 -9999.000 -9999.000 -9999.000 -9999.000 -9999.000 -9999.000 -9999.000 -9999.000 -9999.000 -9999.000 -9999.000 -9999.000 -9999.000 -9999.000 -9999.000 -9999.000 -9999.000 -9999.000 -9999.000 -9999.000 -9999.000 -9999.000 -9999.000 -9999.000 -9999.000 -9999.000 -9999.000 -9999.000 -9999.000 -9999.000 -9999.000 -9999.000 -9999.000
-9999.000 -9999.000 -9999.000 -9999.000 -9999.000 -9999.000 -9999.000 -9999.000 -9999.000 -9999.000 -9999.000 -9999.000 -9999.000 -9999.000 -9999.000 -9999.000 -9999.000 -9999.000 -9999.000 -9999.000 -9999.000 -9999.000 -9999.000 -9999.000 -9999.000 -9999.000 -9999.000 -9999.000 -9999.000 -9999.000 -9999.000 -9999.000 -9999.000 -9999.000 -9999.000 -9999.000 -9999.000 -9999.000 -9999.000 -9999.000 -9999.000 -9999.000 -9999.000 -9999.000 -9999.000 -9999.000 -9999.000 -9999.000 -9999.000 -9999.000 -9999.000 -9999.000 -9999.000 -9999.000 -9999.000 -9999.000 -9999.000 -9999.000 -9999.000 -9999.000
-9999.000 -9999.000 -9999.000 -9999.000 -9999.000 -9999.000 -9999.000 -9999.000 -9999.000 -9999.000 0.1615434E-01 0.3039121E-01 0.4480681E-01 0.5936116E-01 0.7366558E-01 0.8327300E-01 -9999.000 -9999.000 -9999.000 -9999.000 -9999.000 -9999.000 -9999.000 -9999.000 -9999.000 -9999.000 -9999.000 -9999.000 -9999.000 -9999.000 -9999.000 -9999.000 -9999.000 -9999.000 -9999.000 -9999.000 -9999.000 -9999.000 -9999.000 -9999.000 -9999.000 -9999.000 -9999.000 -9999.000 -9999.000 -9999.000 -9999.000 -9999.000 -9999.000 -9999.000 -9999.000 -9999.000 -9999.000 -9999.000 -9999.000 -9999.000 -9999.000 -9999.000 -9999.000 -9999.000
0.1240291 0.1162205 0.9212690E-01 0.7293345E-01 0.6452407E-01 0.4818133E-01 -9999.000 -9999.000 -9999.000 0.4054155E-01 0.4787263E-01 0.7167503E-01 0.8123544E-01 0.9167296E-01 0.1039686 0.1138723 0.1207499 0.1269757 0.1476945 0.1544458 0.1711746 0.1759356 0.1733680 0.1750994 0.1857229 0.2055891 0.2276717 0.2468171 0.2679501 0.2827042 0.2782600 0.2731780 0.2721309 0.2700160 0.2680103 0.2685498 0.2726426 0.2763869 0.2780443 0.2752393 0.2696472 0.2641753 0.2594436 0.2517569 0.2389222 0.2211475 0.2025566 0.1857181 0.1697545 0.1595322 0.1537310 0.1537908 0.1490069 0.1124126 0.7586152E-01 0.6356166E-01 0.6398685E-01 0.6689294E-01 0.8168264E-01 0.1005619
0.2562527 0.2203048 0.1819068 0.1595277 0.1575408 0.1451004 0.1516523 0.1720203 0.1698386 0.1682166 0.1817787 0.1952687 0.2002108 0.1944408 0.1977012 0.2031590 0.2039438 0.2038269 0.2068253 0.2142592 0.2182218 0.2271370 0.2319897 0.2277646 0.2320969 0.2498568 0.2719355 0.2811379 0.2839567 0.2876343 0.2899825 0.2865156 0.2849878 0.2842583 0.2831201 0.2818511 0.2825102 0.2832772 0.2825090 0.2792536 0.2736958 0.2669871 0.2595084 0.2498580 0.2363808 0.2194477 0.2049347 0.1911797 0.1772932 0.1662924 0.1622192 0.1562411 0.1447037 0.1365693 0.1163265 0.9967067E-01 0.8236544E-01 0.7550910E-01 0.7726116E-01 0.8778257E-01
0.3904413 0.3475010 0.3075523 0.2886784 0.2816429 0.2765507 0.2884233 0.3052096 0.3158888 0.3287900 0.3442681 0.3400730 0.3311498 0.3231055 0.3306677 0.3322573 0.3280531 0.3230121 0.3280686 0.3298123 0.3306755 0.3366877 0.3390695 0.3348555 0.3350117 0.3483662 0.3473668 0.3405441 0.3290221 0.3266330 0.3238106 0.3189877 0.3206635 0.3209993 0.3200411 0.3179091 0.3170513 0.3122724 0.3059684 0.3009261 0.2965781 0.2885290 0.2795141 0.2721031 0.2608011 0.2478252 0.2367937 0.2297376 0.2187681 0.2109290 0.2066140 0.1992180 0.1922562 0.1872688 0.1809984 0.1709962 0.1443796 0.1370214 0.1239687 0.1185477
0.4718291 0.4518075 0.4283828 0.4211847 0.4020490 0.3939414 0.4077209 0.4147576 0.4200899 0.4236730 0.4257548 0.4203594 0.4141793 0.4098988 0.4081160 0.4091809 0.4078562 0.4104787 0.4170061 0.4190748 0.4201497 0.4239605 0.4293295 0.4272974 0.4261250 0.4199274 0.4065041 0.3923212 0.3823842 0.3760292 0.3697044 0.3652928 0.3689141 0.3682910 0.3660644 0.3647075 0.3568953 0.3463415 0.3369469 0.3317598 0.3256292 0.3194201 0.3151757 0.3094995 0.3022417 0.2946294 0.2938083 0.2869038 0.2792598 0.2755359 0.2725035 0.2663832 0.2621021 0.2663889 0.2611000 0.2570468 0.2529783 0.2633286 0.2495393 0.2542552
0.5547231 0.5564443 0.5531378 0.5546316 0.5369845 0.5110045 0.4978320 0.4808801 0.4672804 0.4607935 0.4550295 0.4522164 0.4491821 0.4462119 0.4463345 0.4456729 0.4480070 0.4548310 0.4617544 0.4677350 0.4727768 0.4794022 0.4793202 0.4765219 0.4705268 0.4624203 0.4499035 0.4372121 0.4288222 0.4190133 0.4119965 0.4075523 0.4076446 0.4043265 0.3992846 0.3945795 0.3866248 0.3778071 0.3711406 0.3668759 0.3606844 0.3561380 0.3547365 0.3539747 0.3504476 0.3503813 0.3501210 0.3460267 0.3412589 0.3401788 0.3378270 0.3328536 0.3354619 0.3385764 0.3416949 0.3479247 0.3661028 0.3861534 0.3940764 0.3982211
0.6305331 0.6434388 0.6528952 0.6621759 0.6519933 0.6285528 0.5975294 0.5540032 0.5205872 0.4970293 0.4843633 0.4813127 0.4788353 0.4796629 0.4816224 0.4821628 0.4855427 0.4906542 0.4960520 0.4997493 0.5052547 0.5071183 0.5050844 0.5012155 0.4987154 0.4948002 0.4868529 0.4802342 0.4696095 0.4572387 0.4464865 0.4414524 0.4365669 0.4315314 0.4254453 0.4227249 0.4190910 0.4142882 0.4127714 0.4080855 0.4036245 0.3995267 0.4016009 0.3998616 0.3976593 0.3972089 0.4004680 0.3995230 0.3986418 0.4046231 0.4025402 0.4012172 0.4021619 0.4134884 0.4200056 0.4304348 0.4507878 0.4621653 0.4672632 0.4659857
0.6821535 0.6931086 0.6999127 0.7015674 0.6982648 0.6916015 0.6793310 0.6541539 0.6243179 0.5914462 0.5682092 0.5474514 0.5340509 0.5344335 0.5333094 0.5328723 0.5347160 0.5408912 0.5404333 0.5377739 0.5348888 0.5346872 0.5301615 0.5250249 0.5252072 0.5230381 0.5178689 0.5095301 0.5026031 0.4929498 0.4829249 0.4777775 0.4720024 0.4668561 0.4639193 0.4647538 0.4612633 0.4593797 0.4609581 0.4591780 0.4564769 0.4559004 0.4579504 0.4559198 0.4549241 0.4563168 0.4603579 0.4611541 0.4676069 0.4754107 0.4779536 0.4811462 0.4905463 0.4986978 0.5019781 0.5058083 0.5143125 0.5191806 0.5211537 0.5311465
0.6785508 0.6847955 0.6884875 0.6966802 0.7035032 0.7092158 0.7147143 0.7153705 0.7099497 0.6934210 0.6718248 0.6391959 0.6094214 0.5924916 0.5809300 0.5750420 0.5740231 0.5732178 0.5694039 0.5644175 0.5597679 0.5557169 0.5500756 0.5430082 0.5363478 0.5314049 0.5260212 0.5201282 0.5165348 0.5136082 0.5100445 0.5094077 0.5087401 0.5066303 0.5089323 0.5095344 0.5078691 0.5073573 0.5131326 0.5136655 0.5130298 0.5197354 0.5206552 0.5203379 0.5228857 0.5340390 0.5354551 0.5380187 0.5431446 0.5583978 0.5630224 0.5690583 0.5808518 0.5830241 0.5830432 0.5831929 0.5885520 0.5866463 0.5877566 0.6005428
0.6386956 0.6451409 0.6527221 0.6667792 0.6825751 0.6955082 0.7099965 0.7237424 0.7340715 0.7372336 0.7306976 0.7119811 0.6791519 0.6449638 0.6097901 0.5883108 0.5741421 0.5659984 0.5605347 0.5551532 0.5444206 0.5389573 0.5337445 0.5279284 0.5190690 0.5158795 0.5138385 0.5130141 0.5152992 0.5178146 0.5198536 0.5224305 0.5239844 0.5252196 0.5278848 0.5304567 0.5323341 0.5354514 0.5405957 0.5451648 0.5494941 0.5565973 0.5647485 0.5703162 0.5780341 0.5866255 0.5932505 0.5996223 0.6092510 0.6181585 0.6245585 0.6318686 0.6411931 0.6458357 0.6489028 0.6559951 0.6585450 0.6587651 0.6602377 0.6700420
0.5937029 0.6033309 0.6124069 0.6275693 0.6430573 0.6576324 0.6764408 0.6947830 0.7092564 0.7188221 0.7259505 0.7262414 0.7148894 0.6880441 0.6434939 0.5946644 0.5577379 0.5337988 0.5206368 0.5110482 0.5024693 0.4982661 0.4955621 0.4908348 0.4899212 0.4919522 0.4940125 0.4959042 0.4999760 0.5040467 0.5061966 0.5098612 0.5119659 0.5149453 0.5163616 0.5202956 0.5259335 0.5311702 0.5387587 0.5476742 0.5570230 0.5653093 0.5750759 0.5847840 0.5941043 0.6042551 0.6140427 0.6230251 0.6317635 0.6401848 0.6483625 0.6566611 0.6665616 0.6747064 0.6829695 0.6924165 0.6993142 0.7046832 0.7101891 0.7139578
0.5597485 0.5696157 0.5782130 0.5912530 0.6049589 0.6158652 0.6316001 0.6484367 0.6593548 0.6745387 0.6858891 0.6949079 0.6954342 0.6901811 0.6691474 0.6243467 0.5745121 0.5251159 0.4913245 0.4742300 0.4645444 0.4619853 0.4621347 0.4618692 0.4649285 0.4690360 0.4723067 0.4744307 0.4783389 0.4812972 0.4841088 0.4890115 0.4930113 0.4957170 0.4989608 0.5044471 0.5112609 0.5182691 0.5258279 0.5350319 0.5434219 0.5524257 0.5628396 0.5737283 0.5833622 0.5938529 0.6051083 0.6152579 0.6240540 0.6343570 0.6450651 0.6549751 0.6660067 0.6766265 0.6868982 0.6966815 0.7065527 0.7149436 0.7215929 0.7246207
0.5433617 0.5512327 0.5586936 0.5676815 0.5760834 0.5846092 0.5955370 0.6056724 0.6158471 0.6274084 0.6377546 0.6477184 0.6530165 0.6570693 0.6584344 0.6493383 0.6240906 0.5789036 0.5258658 0.4862469 0.4589569 0.4495011 0.4483808 0.4497969 0.4522144 0.4552192 0.4579737 0.4614359 0.4650143 0.4689691 0.4714664 0.4767730 0.4815667 0.4865661 0.4913167 0.4963470 0.5020405 0.5082633 0.5140311 0.5208539 0.5283408 0.5369839 0.5466728 0.5562970 0.5653202 0.5755498 0.5865343 0.5972746 0.6071154 0.6186380 0.6296575 0.6403443 0.6524345 0.6644191 0.6751512 0.6852397 0.6955348 0.7031496 0.7077622 0.7107075
0.5413577 0.5461824 0.5517031 0.5576248 0.5629638 0.5659895 0.5715628 0.5776239 0.5818498 0.5896302 0.5987833 0.6098495 0.6213290 0.6355099 0.6491057 0.6607607 0.6658273 0.6549784 0.6245943 0.5814772 0.5240177 0.4827575 0.4644487 0.4595623 0.4586455 0.4606105 0.4640852 0.4672575 0.4706341 0.4756703 0.4806541 0.4848135 0.4900734 0.4961910 0.5006676 0.5047268 0.5098573 0.5149058 0.5189412 0.5227768 0.5294094 0.5367170 0.5441745 0.5522740 0.5599735 0.5679226 0.5766074 0.5855628 0.5951988 0.6059711 0.6172256 0.6272215 0.6382572 0.6501081 0.6611676 0.6709391 0.6815483 0.6884937 0.6905349 0.6913941
0.5421640 0.5431299 0.5453634 0.5483959 0.5501793 0.5496814 0.5512636 0.5546564 0.5591886 0.5665406 0.5766659 0.5890172 0.6052278 0.6246801 0.6462704 0.6677733 0.6884510 0.7055148 0.7167611 0.7095110 0.6676816 0.5998510 0.5479541 0.5079390 0.4891604 0.4838362 0.4873112 0.4894925 0.4917357 0.4977179 0.5018097 0.5059516 0.5104109 0.5180184 0.5225747 0.5267688 0.5342211 0.5385164 0.5425815 0.5464290 0.5535793 0.5568318 0.5602127 0.5656808 0.5725824 0.5789170 0.5863099 0.5950740 0.6024928 0.6112457 0.6211285 0.6313317 0.6404471 0.6500108 0.6591946 0.6671870 0.6734765 0.6773981 0.6786378 0.6805081
0.5338994 0.5314181 0.5313832 0.5313816 0.5285090 0.5296110 0.5334155 0.5395064 0.5451788 0.5535174 0.5635106 0.5755307 0.5897108 0.6080844 0.6308247 0.6559740 0.6852925 0.7138625 0.7394136 0.7623660 0.7687839 0.7451277 0.6967442 0.6206050 0.5584658 0.5295112 0.5224570 0.5193160 0.5191662 0.5231126 0.5263109 0.5302220 0.5361874 0.5425242 0.5478165 0.5530854 0.5610743 0.5666922 0.5718610 0.5792259 0.5844526 0.5859274 0.5870313 0.5918117 0.5961642 0.6000966 0.6067917 0.6124204 0.6170877 0.6227522 0.6307116 0.6377003 0.6441817 0.6504243 0.6557266 0.6614085 0.6665506 0.6695258 0.6735008 0.6794256
0.4936076 0.4902662 0.4914726 0.4927567 0.4898033 0.4947792 0.5020588 0.5079750 0.5160695 0.5273057 0.5396443 0.5506911 0.5639542 0.5800385 0.5960979 0.6187495 0.6480337 0.6817277 0.7103643 0.7454012 0.7782257 0.7951872 0.7905051 0.7507011 0.6807525 0.6251423 0.5729102 0.5493292 0.5437514 0.5441425 0.5454476 0.5486013 0.5548804 0.5597665 0.5650714 0.5709073 0.5782343 0.5844062 0.5903731 0.5970290 0.6045938 0.6086279 0.6108313 0.6132395 0.6155071 0.6176863 0.6196000 0.6213522 0.6235932 0.6256177 0.6279729 0.6315105 0.6348467 0.6367443 0.6392401 0.6440760 0.6505628 0.6563879 0.6658598 0.6766895
