simulation_files/asc/Depth____213.0.asc
NCOLS        79
NROWS        79
XLLCENTER         -1.500000
YLLCENTER         -4.800000
CELLSIZE           0.100
NODATA_VALUE     -9999.0
[rows 0 to 25 of 79, columns 0 to 58 of 79]
-9999.000 -9999.000 -9999.000 -9999.000 -9999.000 -9999.000 -9999.000 -9999.000 -9999.000 -9999.000 -9999.000 -9999.000 -9999.000 -9999.000 -9999.000 0.7701517 0.7707449 0.7710551 0.7711642 0.7709945 0.7706968 0.7703565 0.7700021 0.7696573 0.7693422 0.7690532 0.7687904 0.7685279 0.7681565 0.7681311 0.7681311 -9999.000 -9999.000 -9999.000 -9999.000 -9999.000 -9999.000 -9999.000 -9999.000 -9999.000 -9999.000 -9999.000 -9999.000 -9999.000 -9999.000 -9999.000 -9999.000 -9999.000 -9999.000 -9999.000 -9999.000 -9999.000 -9999.000 -9999.000 -9999.000 -9999.000 -9999.000 -9999.000 -9999.000
-9999.000 -9999.000 -9999.000 -9999.000 -9999.000 -9999.000 -9999.000 -9999.000 -9999.000 -9999.000 -9999.000 -9999.000 -9999.000 -9999.000 -9999.000 0.7719850 0.7725108 0.7727626 0.7728501 0.7727103 0.7724720 0.7722059 0.7719340 0.7716736 0.7714401 0.7712287 0.7710381 0.7708445 0.7705508 0.7706155 0.7706155 -9999.000 -9999.000 -9999.000 -9999.000 -9999.000 -9999.000 -9999.000 -9999.000 -9999.000 -9999.000 -9999.000 -9999.000 -9999.000 -9999.000 -9999.000 -9999.000 -9999.000 -9999.000 -9999.000 -9999.000 -9999.000 -9999.000 -9999.000 -9999.000 -9999.000 -9999.000 -9999.000 -9999.000
-9999.000 -9999.000 -9999.000 -9999.000 -9999.000 -9999.000 -9999.000 -9999.000 -9999.000 -9999.000 -9999.000 -9999.000 -9999.000 -9999.000 -9999.000 0.7738889 0.7744545 0.7747205 0.7748189 0.7746845 0.7744508 0.7741907 0.7739257 0.7736737 0.7734495 0.7732469 0.7730637 0.7728739 0.7725749 0.7726352 0.7726352 -9999.000 -9999.000 -9999.000 -9999.000 -9999.000 -9999.000 -9999.000 -9999.000 -9999.000 -9999.000 -9999.000 -9999.000 -9999.000 -9999.000 -9999.000 -9999.000 -9999.000 -9999.000 -9999.000 -9999.000 -9999.000 -9999.000 -9999.000 -9999.000 -9999.000 -9999.000 -9999.000 -9999.000
-9999.000 -9999.000 -9999.000 -9999.000 -9999.000 -9999.000 -9999.000 -9999.000 -9999.000 -9999.000 -9999.000 -9999.000 -9999.000 -9999.000 -9999.000 0.7758439 0.7764359 0.7767104 0.7768132 0.7766774 0.7764412 0.7761794 0.7759130 0.7756604 0.7754365 0.7752340 0.7750504 0.7748579 0.7745475 0.7745862 0.7745862 -9999.000 -9999.000 -9999.000 -9999.000 -9999.000 -9999.000 -9999.000 -9999.000 -9999.000 -9999.000 -9999.000 -9999.000 -9999.000 -9999.000 -9999.000 -9999.000 -9999.000 -9999.000 -9999.000 -9999.000 -9999.000 -9999.000 -9999.000 -9999.000 -9999.000 -9999.000 -9999.000 -9999.000
-9999.000 -9999.000 -9999.000 -9999.000 -9999.000 -9999.000 -9999.000 -9999.000 -9999.000 -9999.000 -9999.000 -9999.000 -9999.000 -9999.000 -9999.000 0.7778172 0.7784309 0.7787113 0.7788156 0.7786748 0.7784327 0.7781656 0.7778941 0.7776371 0.7774099 0.7772036 0.7770163 0.7768178 0.7764915 0.7764949 0.7764949 -9999.000 -9999.000 -9999.000 -9999.000 -9999.000 -9999.000 -9999.000 -9999.000 -9999.000 -9999.000 -9999.000 -9999.000 -9999.000 -9999.000 -9999.000 -9999.000 -9999.000 -9999.000 -9999.000 -9999.000 -9999.000 -9999.000 -9999.000 -9999.000 -9999.000 -9999.000 -9999.000 -9999.000
-9999.000 -9999.000 -9999.000 -9999.000 -9999.000 -9999.000 -9999.000 -9999.000 -9999.000 -9999.000 -9999.000 -9999.000 -9999.000 -9999.000 -9999.000 0.7797955 0.7804289 0.7807137 0.7808177 0.7806701 0.7804203 0.7801465 0.7798683 0.7796052 0.7793729 0.7791613 0.7789683 0.7787618 0.7784155 0.7783705 0.7783705 -9999.000 -9999.000 -9999.000 -9999.000 -9999.000 -9999.000 -9999.000 -9999.000 -9999.000 -9999.000 -9999.000 -9999.000 -9999.000 -9999.000 -9999.000 -9999.000 -9999.000 -9999.000 -9999.000 -9999.000 -9999.000 -9999.000 -9999.000 -9999.000 -9999.000 -9999.000 -9999.000 -9999.000
-9999.000 -9999.000 -9999.000 -9999.000 -9999.000 -9999.000 -9999.000 -9999.000 -9999.000 -9999.000 -9999.000 -9999.000 -9999.000 -9999.000 -9999.000 0.7817731 0.7824254 0.7827133 0.7828159 0.7826598 0.7824014 0.7821202 0.7818345 0.7815645 0.7813266 0.7811086 0.7809090 0.7806928 0.7803224 0.7802137 0.7802137 -9999.000 -9999.000 -9999.000 -9999.000 -9999.000 -9999.000 -9999.000 -9999.000 -9999.000 -9999.000 -9999.000 -9999.000 -9999.000 -9999.000 -9999.000 -9999.000 -9999.000 -9999.000 -9999.000 -9999.000 -9999.000 -9999.000 -9999.000 -9999.000 -9999.000 -9999.000 -9999.000 -9999.000
-9999.000 -9999.000 -9999.000 -9999.000 -9999.000 -9999.000 -9999.000 -9999.000 -9999.000 -9999.000 -9999.000 -9999.000 -9999.000 -9999.000 -9999.000 0.7837471 0.7844180 0.7847077 0.7848076 0.7846418 0.7843740 0.7840852 0.7837916 0.7835144 0.7832706 0.7830455 0.7828386 0.7826111 0.7822121 0.7820202 0.7820202 -9999.000 -9999.000 -9999.000 -9999.000 -9999.000 -9999.000 -9999.000 -9999.000 -9999.000 -9999.000 -9999.000 -9999.000 -9999.000 -9999.000 -9999.000 -9999.000 -9999.000 -9999.000 -9999.000 -9999.000 -9999.000 -9999.000 -9999.000 -9999.000 -9999.000 -9999.000 -9999.000 -9999.000
-9999.000 -9999.000 -9999.000 -9999.000 -9999.000 -9999.000 -9999.000 -9999.000 -9999.000 -9999.000 -9999.000 -9999.000 -9999.000 -9999.000 -9999.000 0.7857161 0.7864052 0.7866954 0.7867913 0.7866143 0.7863365 0.7860397 0.7857381 0.7854536 0.7852039 0.7849714 0.7847564 0.7845159 0.7840831 0.7837825 0.7837825 -9999.000 -9999.000 -9999.000 -9999.000 -9999.000 -9999.000 -9999.000 -9999.000 -9999.000 -9999.000 -9999.000 -9999.000 -9999.000 -9999.000 -9999.000 -9999.000 -9999.000 -9999.000 -9999.000 -9999.000 -9999.000 -9999.000 -9999.000 -9999.000 -9999.000 -9999.000 -9999.000 -9999.000
-9999.000 -9999.000 -9999.000 -9999.000 -9999.000 -9999.000 -9999.000 -9999.000 -9999.000 -9999.000 -9999.000 -9999.000 -9999.000 -9999.000 -9999.000 0.7876785 0.7883857 0.7886747 0.7887654 0.7885755 0.7882869 0.7879822 0.7876722 0.7873805 0.7871250 0.7868845 0.7866607 0.7864055 0.7859323 0.7854887 0.7854887 -9999.000 -9999.000 -9999.000 -9999.000 -9999.000 -9999.000 -9999.000 -9999.000 -9999.000 -9999.000 -9999.000 -9999.000 -9999.000 -9999.000 -9999.000 -9999.000 -9999.000 -9999.000 -9999.000 -9999.000 -9999.000 -9999.000 -9999.000 -9999.000 -9999.000 -9999.000 -9999.000 -9999.000
-9999.000 -9999.000 -9999.000 -9999.000 -9999.000 -9999.000 -9999.000 -9999.000 -9999.000 -9999.000 -9999.000 -9999.000 -9999.000 -9999.000 -9999.000 0.7896330 0.7903580 0.7906442 0.7907281 0.7905232 0.7902229 0.7899101 0.7895917 0.7892925 0.7890315 0.7887825 0.7885493 0.7882770 0.7877557 0.7871216 0.7871216 -9999.000 -9999.000 -9999.000 -9999.000 -9999.000 -9999.000 -9999.000 -9999.000 -9999.000 -9999.000 -9999.000 -9999.000 -9999.000 -9999.000 -9999.000 -9999.000 -9999.000 -9999.000 -9999.000 -9999.000 -9999.000 -9999.000 -9999.000 -9999.000 -9999.000 -9999.000 -9999.000 -9999.000
-9999.000 -9999.000 -9999.000 -9999.000 -9999.000 -9999.000 -9999.000 -9999.000 -9999.000 -9999.000 -9999.000 -9999.000 -9999.000 -9999.000 -9999.000 0.7915766 0.7923197 0.7926009 0.7926767 0.7924550 0.7921419 0.7918209 0.7914936 0.7911869 0.7909206 0.7906624 0.7904188 0.7901266 0.7895474 0.7886558 0.7886558 -9999.000 -9999.000 -9999.000 -9999.000 -9999.000 -9999.000 -9999.000 -9999.000 -9999.000 -9999.000 -9999.000 -9999.000 -9999.000 -9999.000 -9999.000 -9999.000 -9999.000 -9999.000 -9999.000 -9999.000 -9999.000 -9999.000 -9999.000 -9999.000 -9999.000 -9999.000 -9999.000 -9999.000
-9999.000 -9999.000 -9999.000 -9999.000 -9999.000 -9999.000 -9999.000 -9999.000 -9999.000 -9999.000 -9999.000 -9999.000 -9999.000 -9999.000 -9999.000 0.7934953 0.7942586 0.7945347 0.7946059 0.7943694 0.7940437 0.7937143 0.7933775 0.7930629 0.7927908 0.7925221 0.7922665 0.7919502 0.7913004 0.7900540 0.7900540 -9999.000 -9999.000 -9999.000 -9999.000 -9999.000 -9999.000 -9999.000 -9999.000 -9999.000 -9999.000 -9999.000 -9999.000 -9999.000 -9999.000 -9999.000 -9999.000 -9999.000 -9999.000 -9999.000 -9999.000 -9999.000 -9999.000 -9999.000 -9999.000 -9999.000 -9999.000 -9999.000 -9999.000
-9999.000 -9999.000 -9999.000 -9999.000 -9999.000 -9999.000 -9999.000 -9999.000 -9999.000 -9999.000 -9999.000 -9999.000 -9999.000 -9999.000 -9999.000 0.7950003 0.7958679 0.7962482 0.7965012 0.7963529 0.7960306 0.7956901 0.7953354 0.7950022 0.7947138 0.7944226 0.7941443 0.7937916 0.7930489 0.7913077 0.7913077 -9999.000 -9999.000 -9999.000 -9999.000 -9999.000 -9999.000 -9999.000 -9999.000 -9999.000 -9999.000 -9999.000 -9999.000 -9999.000 -9999.000 -9999.000 -9999.000 -9999.000 -9999.000 -9999.000 -9999.000 -9999.000 -9999.000 -9999.000 -9999.000 -9999.000 -9999.000 -9999.000 -9999.000
-9999.000 -9999.000 -9999.000 -9999.000 -9999.000 -9999.000 -9999.000 -9999.000 -9999.000 -9999.000 -9999.000 -9999.000 -9999.000 -9999.000 -9999.000 0.7808987 0.7915809 0.7975181 0.8017231 0.8026859 0.8016943 0.8006374 0.7996079 0.7986852 0.7979118 0.7972202 0.7966185 0.7959766 0.7948666 0.7916444 0.7916444 -9999.000 -9999.000 -9999.000 -9999.000 -9999.000 -9999.000 -9999.000 -9999.000 -9999.000 -9999.000 -9999.000 -9999.000 -9999.000 -9999.000 -9999.000 -9999.000 -9999.000 -9999.000 -9999.000 -9999.000 -9999.000 -9999.000 -9999.000 -9999.000 -9999.000 -9999.000 -9999.000 -9999.000
0.8945324 0.8945324 0.8860673 0.8802977 0.8713475 0.8713475 0.8676462 0.8620290 0.8620290 0.8575249 0.8575249 0.8537810 0.8521184 0.8505643 0.8489851 0.8489851 0.8021539 0.8005669 0.7991653 0.7974614 0.7987136 0.8006648 0.8029372 0.8057493 0.8091197 0.8120919 0.8146904 0.8155923 0.8105993 0.7829884 0.7829884 0.5617696 0.5203333 0.4929423 0.4835399 0.4835399 0.4675721 0.4675721 0.4636676 0.4636676 0.4710583 0.5126442 0.5126442 0.5930479 0.5930479 0.6976385 0.6976385 0.6976385 0.7057896 0.7057896 0.6975924 0.6975924 0.6827644 0.6827644 0.6662834 0.6662834 0.6504751 0.6504751 0.6504751
0.8915253 0.8915253 0.8839117 0.8781971 0.8704169 0.8704169 0.8665321 0.8608472 0.8608472 0.8563557 0.8563557 0.8526286 0.8509738 0.8494273 0.8478580 0.8478580 0.8076777 0.8005032 0.7946990 0.7894130 0.7858251 0.7832879 0.7816511 0.7810658 0.7816167 0.7829542 0.7850158 0.7872368 0.7878557 0.7805468 0.7805468 0.6332431 0.5743152 0.5137708 0.4960026 0.4960026 0.4733912 0.4733912 0.4688469 0.4688469 0.4759631 0.5135990 0.5135990 0.5812677 0.5812677 0.6879361 0.6879361 0.6879361 0.7032310 0.7032310 0.6971999 0.6971999 0.6831125 0.6831125 0.6669337 0.6669337 0.6512603 0.6512603 0.6512603
0.8900899 0.8900899 0.8831650 0.8777108 0.8706533 0.8706533 0.8666219 0.8608139 0.8608139 0.8563070 0.8563070 0.8525760 0.8509181 0.8493690 0.8477823 0.8477823 0.8120211 0.8003953 0.7904317 0.7815564 0.7743588 0.7686555 0.7642803 0.7612410 0.7595809 0.7591082 0.7597313 0.7610775 0.7618687 0.7573962 0.7573962 0.6671895 0.6072459 0.5328491 0.5095156 0.5095156 0.4825413 0.4825413 0.4821450 0.4821450 0.4925453 0.5308444 0.5308444 0.5842587 0.5842587 0.6757123 0.6757123 0.6757123 0.6966273 0.6966273 0.6943346 0.6943346 0.6818965 0.6818965 0.6663889 0.6663889 0.6510499 0.6510499 0.6510499
0.8891919 0.8891919 0.8824828 0.8775223 0.8709313 0.8709313 0.8667687 0.8608198 0.8608198 0.8563001 0.8563001 0.8525735 0.8509162 0.8493677 0.8477542 0.8477542 0.8151183 0.7999094 0.7860684 0.7736176 0.7629948 0.7542473 0.7472820 0.7420386 0.7384830 0.7364516 0.7358013 0.7362314 0.7368107 0.7341482 0.7341482 0.6784518 0.6265705 0.5505454 0.5251536 0.5251536 0.4993962 0.4993962 0.5079859 0.5079859 0.5223292 0.5577047 0.5577047 0.5929710 0.5929710 0.6603271 0.6603271 0.6603271 0.6843762 0.6843762 0.6871670 0.6871670 0.6779506 0.6779506 0.6641467 0.6641467 0.6498091 0.6498091 0.6498091
0.8890918 0.8890918 0.8818833 0.8775709 0.8712258 0.8712258 0.8669265 0.8608280 0.8608280 0.8562940 0.8562940 0.8525727 0.8509165 0.8493686 0.8477130 0.8477130 0.8165151 0.7983237 0.7809996 0.7651495 0.7512487 0.7394887 0.7298787 0.7223709 0.7169018 0.7133231 0.7114606 0.7110350 0.7113340 0.7099330 0.7099330 0.6756436 0.6342515 0.5647952 0.5417466 0.5417466 0.5266002 0.5266002 0.5475928 0.5475928 0.5632507 0.5880760 0.5880760 0.6037387 0.6037387 0.6447134 0.6447134 0.6447134 0.6681817 0.6681817 0.6758864 0.6758864 0.6711219 0.6711219 0.6601704 0.6601704 0.6476538 0.6476538 0.6476538
0.8889686 0.8889686 0.8810296 0.8776725 0.8714640 0.8714640 0.8670606 0.8608410 0.8608410 0.8562956 0.8562956 0.8525799 0.8509249 0.8493774 0.8476604 0.8476604 0.8159136 0.7950305 0.7745854 0.7556064 0.7386629 0.7240392 0.7118292 0.7020270 0.6945786 0.6893604 0.6862025 0.6848482 0.6847434 0.6841717 0.6841717 0.6635636 0.6327241 0.5765262 0.5614625 0.5614625 0.5675116 0.5675116 0.5973299 0.5973299 0.6085038 0.6161994 0.6161994 0.6144025 0.6144025 0.6315545 0.6315545 0.6315545 0.6507744 0.6507744 0.6615898 0.6615898 0.6615571 0.6615571 0.6543784 0.6543784 0.6445373 0.6445373 0.6445373
0.8889027 0.8889027 0.8804828 0.8777553 0.8716156 0.8716156 0.8671454 0.8608449 0.8608449 0.8562897 0.8562897 0.8525760 0.8509219 0.8493748 0.8475714 0.8475714 0.8130128 0.7894581 0.7661467 0.7443334 0.7246494 0.7074216 0.6927913 0.6807905 0.6713871 0.6644876 0.6599473 0.6575470 0.6568641 0.6567337 0.6567337 0.6450738 0.6243069 0.5898297 0.5903975 0.5903975 0.6227398 0.6227398 0.6479512 0.6479512 0.6495258 0.6391680 0.6391680 0.6242837 0.6242837 0.6222023 0.6222023 0.6222023 0.6346152 0.6346152 0.6458561 0.6458561 0.6497602 0.6497602 0.6467993 0.6467993 0.6403965 0.6403965 0.6403965
0.8888854 0.8888854 0.8802931 0.8777835 0.8716667 0.8716667 0.8671743 0.8608467 0.8608467 0.8562885 0.8562885 0.8525758 0.8509218 0.8493747 0.8474501 0.8474501 0.8074448 0.7810131 0.7549704 0.7306006 0.7085171 0.6890301 0.6722819 0.6583142 0.6471085 0.6385976 0.6326683 0.6291480 0.6277380 0.6277723 0.6277723 0.6223107 0.6118580 0.6130121 0.6366942 0.6366942 0.6849560 0.6849560 0.6900671 0.6900671 0.6812055 0.6569531 0.6569531 0.6333778 0.6333778 0.6167008 0.6167008 0.6167008 0.6212482 0.6212482 0.6303194 0.6303194 0.6365724 0.6365724 0.6376719 0.6376719 0.6352396 0.6352396 0.6352396
0.8889027 0.8889027 0.8804829 0.8777553 0.8716156 0.8716156 0.8671454 0.8608448 0.8608448 0.8562896 0.8562896 0.8525761 0.8509219 0.8493748 0.8472827 0.8472827 0.7986385 0.7689565 0.7402269 0.7135640 0.6894589 0.6681353 0.6496807 0.6341085 0.6213924 0.6114751 0.6042702 0.5996531 0.5974647 0.5976692 0.5976692 0.5976334 0.6005175 0.6573389 0.7027531 0.7027531 0.7400492 0.7400492 0.7198033 0.7198033 0.7035502 0.6708441 0.6708441 0.6417840 0.6417840 0.6143446 0.6143446 0.6143446 0.6112355 0.6112355 0.6163141 0.6163141 0.6230822 0.6230822 0.6275069 0.6275069 0.6292305 0.6292305 0.6292305
0.8889686 0.8889686 0.8810299 0.8776723 0.8714641 0.8714641 0.8670605 0.8608411 0.8608411 0.8562957 0.8562957 0.8525799 0.8509249 0.8493773 0.8470547 0.8470547 0.7856852 0.7522681 0.7208596 0.6921920 0.6665071 0.6438581 0.6242186 0.6075326 0.5937350 0.5827590 0.5745310 0.5689726 0.5661454 0.5672927 0.5672927 0.5753943 0.6012174 0.7273510 0.7758048 0.7758048 0.7775205 0.7775205 0.7392505 0.7392505 0.7192283 0.6820389 0.6820389 0.6494500 0.6494500 0.6141772 0.6141772 0.6141772 0.6043972 0.6043972 0.6046718 0.6046718 0.6103584 0.6103584 0.6170399 0.6170399 0.6227205 0.6227205 0.6227205
0.8890918 0.8890918 0.8818835 0.8775709 0.8712259 0.8712259 0.8669263 0.8608281 0.8608281 0.8562941 0.8562941 0.8525728 0.8509166 0.8493685 0.8467308 0.8467308 0.7670919 0.7294369 0.6954303 0.6651620 0.6384689 0.6151373 0.5949667 0.5777905 0.5634786 0.5519328 0.5430771 0.5368913 0.5339949 0.5393297 0.5393297 0.5664552 0.6330217 0.8073730 0.8322792 0.8322792 0.7982820 0.7982820 0.7521842 0.7521842 0.7306480 0.6911272 0.6911272 0.6561630 0.6561630 0.6152818 0.6152818 0.6152818 0.6001484 0.6001484 0.5957015 0.5957015 0.5992982 0.5992982 0.6071344 0.6071344 0.6162375 0.6162375 0.6162375
