simulation_files/asc/Depth____275.0.asc
NCOLS        79
NROWS        79
XLLCENTER         -1.500000
YLLCENTER         -4.800000
CELLSIZE           0.100
NODATA_VALUE     -9999.0
[rows 0 to 25 of 79, columns 0 to 58 of 79]
-9999.000 -9999.000 -9999.000 -9999.000 -9999.000 -9999.000 -9999.000 -9999.000 -9999.000 -9999.000 -9999.000 -9999.000 -9999.000 -9999.000 -9999.000 0.7200803 0.7205674 0.7207254 0.7206745 0.7204747 0.7202085 0.7199121 0.7196054 0.7193134 0.7190352 0.7187772 0.7185377 0.7182860 0.7179125 0.7178738 0.7178738 -9999.000 -9999.000 -9999.000 -9999.000 -9999.000 -9999.000 -9999.000 -9999.000 -9999.000 -9999.000 -9999.000 -9999.000 -9999.000 -9999.000 -9999.000 -9999.000 -9999.000 -9999.000 -9999.000 -9999.000 -9999.000 -9999.000 -9999.000 -9999.000 -9999.000 -9999.000 -9999.000 -9999.000
-9999.000 -9999.000 -9999.000 -9999.000 -9999.000 -9999.000 -9999.000 -9999.000 -9999.000 -9999.000 -9999.000 -9999.000 -9999.000 -9999.000 -9999.000 0.7218658 0.7223134 0.7224420 0.7223989 0.7222372 0.7220263 0.7217956 0.7215601 0.7213398 0.7211322 0.7209421 0.7207671 0.7205795 0.7202816 0.7203286 0.7203286 -9999.000 -9999.000 -9999.000 -9999.000 -9999.000 -9999.000 -9999.000 -9999.000 -9999.000 -9999.000 -9999.000 -9999.000 -9999.000 -9999.000 -9999.000 -9999.000 -9999.000 -9999.000 -9999.000 -9999.000 -9999.000 -9999.000 -9999.000 -9999.000 -9999.000 -9999.000 -9999.000 -9999.000
-9999.000 -9999.000 -9999.000 -9999.000 -9999.000 -9999.000 -9999.000 -9999.000 -9999.000 -9999.000 -9999.000 -9999.000 -9999.000 -9999.000 -9999.000 0.7237769 0.7242594 0.7243987 0.7243629 0.7242067 0.7240021 0.7237789 0.7235522 0.7233421 0.7231449 0.7229646 0.7227978 0.7226140 0.7223098 0.7223528 0.7223528 -9999.000 -9999.000 -9999.000 -9999.000 -9999.000 -9999.000 -9999.000 -9999.000 -9999.000 -9999.000 -9999.000 -9999.000 -9999.000 -9999.000 -9999.000 -9999.000 -9999.000 -9999.000 -9999.000 -9999.000 -9999.000 -9999.000 -9999.000 -9999.000 -9999.000 -9999.000 -9999.000 -9999.000
-9999.000 -9999.000 -9999.000 -9999.000 -9999.000 -9999.000 -9999.000 -9999.000 -9999.000 -9999.000 -9999.000 -9999.000 -9999.000 -9999.000 -9999.000 0.7257390 0.7262435 0.7263882 0.7263538 0.7261965 0.7259911 0.7257674 0.7255407 0.7253317 0.7251354 0.7249561 0.7247894 0.7246029 0.7242863 0.7243077 0.7243077 -9999.000 -9999.000 -9999.000 -9999.000 -9999.000 -9999.000 -9999.000 -9999.000 -9999.000 -9999.000 -9999.000 -9999.000 -9999.000 -9999.000 -9999.000 -9999.000 -9999.000 -9999.000 -9999.000 -9999.000 -9999.000 -9999.000 -9999.000 -9999.000 -9999.000 -9999.000 -9999.000 -9999.000
-9999.000 -9999.000 -9999.000 -9999.000 -9999.000 -9999.000 -9999.000 -9999.000 -9999.000 -9999.000 -9999.000 -9999.000 -9999.000 -9999.000 -9999.000 0.7277214 0.7282423 0.7283900 0.7283540 0.7281924 0.7279825 0.7277546 0.7275239 0.7273117 0.7271122 0.7269299 0.7267597 0.7265667 0.7262326 0.7262183 0.7262183 -9999.000 -9999.000 -9999.000 -9999.000 -9999.000 -9999.000 -9999.000 -9999.000 -9999.000 -9999.000 -9999.000 -9999.000 -9999.000 -9999.000 -9999.000 -9999.000 -9999.000 -9999.000 -9999.000 -9999.000 -9999.000 -9999.000 -9999.000 -9999.000 -9999.000 -9999.000 -9999.000 -9999.000
-9999.000 -9999.000 -9999.000 -9999.000 -9999.000 -9999.000 -9999.000 -9999.000 -9999.000 -9999.000 -9999.000 -9999.000 -9999.000 -9999.000 -9999.000 0.7297103 0.7302452 0.7303942 0.7303550 0.7301872 0.7299712 0.7297373 0.7295005 0.7292836 0.7290788 0.7288915 0.7287158 0.7285141 0.7281581 0.7280940 0.7280940 -9999.000 -9999.000 -9999.000 -9999.000 -9999.000 -9999.000 -9999.000 -9999.000 -9999.000 -9999.000 -9999.000 -9999.000 -9999.000 -9999.000 -9999.000 -9999.000 -9999.000 -9999.000 -9999.000 -9999.000 -9999.000 -9999.000 -9999.000 -9999.000 -9999.000 -9999.000 -9999.000 -9999.000
-9999.000 -9999.000 -9999.000 -9999.000 -9999.000 -9999.000 -9999.000 -9999.000 -9999.000 -9999.000 -9999.000 -9999.000 -9999.000 -9999.000 -9999.000 0.7316996 0.7322471 0.7323961 0.7323524 0.7321773 0.7319543 0.7317135 0.7314697 0.7312472 0.7310361 0.7308427 0.7306604 0.7304479 0.7300653 0.7299354 0.7299354 -9999.000 -9999.000 -9999.000 -9999.000 -9999.000 -9999.000 -9999.000 -9999.000 -9999.000 -9999.000 -9999.000 -9999.000 -9999.000 -9999.000 -9999.000 -9999.000 -9999.000 -9999.000 -9999.000 -9999.000 -9999.000 -9999.000 -9999.000 -9999.000 -9999.000 -9999.000 -9999.000 -9999.000
-9999.000 -9999.000 -9999.000 -9999.000 -9999.000 -9999.000 -9999.000 -9999.000 -9999.000 -9999.000 -9999.000 -9999.000 -9999.000 -9999.000 -9999.000 0.7336860 0.7342453 0.7343929 0.7343437 0.7341603 0.7339299 0.7336815 0.7334303 0.7332019 0.7329838 0.7327836 0.7325937 0.7323686 0.7319543 0.7317378 0.7317378 -9999.000 -9999.000 -9999.000 -9999.000 -9999.000 -9999.000 -9999.000 -9999.000 -9999.000 -9999.000 -9999.000 -9999.000 -9999.000 -9999.000 -9999.000 -9999.000 -9999.000 -9999.000 -9999.000 -9999.000 -9999.000 -9999.000 -9999.000 -9999.000 -9999.000 -9999.000 -9999.000 -9999.000
-9999.000 -9999.000 -9999.000 -9999.000 -9999.000 -9999.000 -9999.000 -9999.000 -9999.000 -9999.000 -9999.000 -9999.000 -9999.000 -9999.000 -9999.000 0.7356676 0.7362381 0.7363832 0.7363271 0.7361345 0.7358961 0.7356400 0.7353808 0.7351464 0.7349206 0.7347131 0.7345148 0.7342752 0.7338231 0.7334925 0.7334925 -9999.000 -9999.000 -9999.000 -9999.000 -9999.000 -9999.000 -9999.000 -9999.000 -9999.000 -9999.000 -9999.000 -9999.000 -9999.000 -9999.000 -9999.000 -9999.000 -9999.000 -9999.000 -9999.000 -9999.000 -9999.000 -9999.000 -9999.000 -9999.000 -9999.000 -9999.000 -9999.000 -9999.000
-9999.000 -9999.000 -9999.000 -9999.000 -9999.000 -9999.000 -9999.000 -9999.000 -9999.000 -9999.000 -9999.000 -9999.000 -9999.000 -9999.000 -9999.000 0.7376426 0.7382240 0.7383650 0.7383009 0.7380980 0.7378511 0.7375869 0.7373196 0.7370790 0.7368451 0.7366297 0.7364221 0.7361654 0.7356681 0.7351860 0.7351860 -9999.000 -9999.000 -9999.000 -9999.000 -9999.000 -9999.000 -9999.000 -9999.000 -9999.000 -9999.000 -9999.000 -9999.000 -9999.000 -9999.000 -9999.000 -9999.000 -9999.000 -9999.000 -9999.000 -9999.000 -9999.000 -9999.000 -9999.000 -9999.000 -9999.000 -9999.000 -9999.000 -9999.000
-9999.000 -9999.000 -9999.000 -9999.000 -9999.000 -9999.000 -9999.000 -9999.000 -9999.000 -9999.000 -9999.000 -9999.000 -9999.000 -9999.000 -9999.000 0.7396091 0.7402011 0.7403365 0.7402629 0.7400486 0.7397928 0.7395201 0.7392442 0.7389976 0.7387549 0.7385308 0.7383128 0.7380361 0.7374843 0.7367984 0.7367984 -9999.000 -9999.000 -9999.000 -9999.000 -9999.000 -9999.000 -9999.000 -9999.000 -9999.000 -9999.000 -9999.000 -9999.000 -9999.000 -9999.000 -9999.000 -9999.000 -9999.000 -9999.000 -9999.000 -9999.000 -9999.000 -9999.000 -9999.000 -9999.000 -9999.000 -9999.000 -9999.000 -9999.000
-9999.000 -9999.000 -9999.000 -9999.000 -9999.000 -9999.000 -9999.000 -9999.000 -9999.000 -9999.000 -9999.000 -9999.000 -9999.000 -9999.000 -9999.000 0.7415645 0.7421674 0.7422953 0.7422106 0.7419835 0.7417183 0.7414367 0.7411517 0.7408990 0.7406466 0.7404132 0.7401833 0.7398826 0.7392646 0.7382996 0.7382996 -9999.000 -9999.000 -9999.000 -9999.000 -9999.000 -9999.000 -9999.000 -9999.000 -9999.000 -9999.000 -9999.000 -9999.000 -9999.000 -9999.000 -9999.000 -9999.000 -9999.000 -9999.000 -9999.000 -9999.000 -9999.000 -9999.000 -9999.000 -9999.000 -9999.000 -9999.000 -9999.000 -9999.000
-9999.000 -9999.000 -9999.000 -9999.000 -9999.000 -9999.000 -9999.000 -9999.000 -9999.000 -9999.000 -9999.000 -9999.000 -9999.000 -9999.000 -9999.000 0.7435039 0.7441186 0.7442375 0.7441403 0.7438989 0.7436237 0.7433327 0.7430381 0.7427793 0.7425159 0.7422721 0.7420282 0.7416983 0.7409986 0.7396436 0.7396436 -9999.000 -9999.000 -9999.000 -9999.000 -9999.000 -9999.000 -9999.000 -9999.000 -9999.000 -9999.000 -9999.000 -9999.000 -9999.000 -9999.000 -9999.000 -9999.000 -9999.000 -9999.000 -9999.000 -9999.000 -9999.000 -9999.000 -9999.000 -9999.000 -9999.000 -9999.000 -9999.000 -9999.000
-9999.000 -9999.000 -9999.000 -9999.000 -9999.000 -9999.000 -9999.000 -9999.000 -9999.000 -9999.000 -9999.000 -9999.000 -9999.000 -9999.000 -9999.000 0.7452950 0.7459605 0.7461178 0.7460572 0.7458161 0.7455327 0.7452313 0.7449240 0.7446560 0.7443768 0.7441179 0.7438546 0.7434862 0.7426826 0.7407718 0.7407718 -9999.000 -9999.000 -9999.000 -9999.000 -9999.000 -9999.000 -9999.000 -9999.000 -9999.000 -9999.000 -9999.000 -9999.000 -9999.000 -9999.000 -9999.000 -9999.000 -9999.000 -9999.000 -9999.000 -9999.000 -9999.000 -9999.000 -9999.000 -9999.000 -9999.000 -9999.000 -9999.000 -9999.000
-9999.000 -9999.000 -9999.000 -9999.000 -9999.000 -9999.000 -9999.000 -9999.000 -9999.000 -9999.000 -9999.000 -9999.000 -9999.000 -9999.000 -9999.000 0.7374173 0.7445654 0.7483014 0.7501378 0.7500873 0.7494462 0.7487797 0.7481243 0.7475528 0.7470039 0.7465174 0.7460574 0.7454861 0.7443630 0.7409118 0.7409118 -9999.000 -9999.000 -9999.000 -9999.000 -9999.000 -9999.000 -9999.000 -9999.000 -9999.000 -9999.000 -9999.000 -9999.000 -9999.000 -9999.000 -9999.000 -9999.000 -9999.000 -9999.000 -9999.000 -9999.000 -9999.000 -9999.000 -9999.000 -9999.000 -9999.000 -9999.000 -9999.000 -9999.000
0.8294775 0.8294775 0.8241832 0.8152867 0.8070728 0.8070728 0.8035753 0.7981802 0.7981802 0.7938107 0.7938107 0.7901800 0.7885744 0.7870789 0.7856054 0.7856054 0.7514105 0.7500392 0.7485832 0.7485774 0.7498761 0.7516132 0.7537584 0.7566798 0.7593616 0.7620111 0.7641217 0.7642382 0.7581349 0.7293293 0.7293293 0.5161538 0.4781952 0.4547560 0.4468158 0.4468158 0.4339726 0.4339726 0.4344011 0.4344011 0.4442479 0.4908037 0.4908037 0.5866764 0.5866764 0.6546515 0.6546515 0.6546515 0.6570442 0.6570442 0.6472169 0.6472169 0.6328480 0.6328480 0.6176130 0.6176130 0.6034405 0.6034405 0.6034405
0.8264856 0.8264856 0.8224270 0.8133103 0.8062429 0.8062429 0.8025460 0.7970753 0.7970753 0.7927201 0.7927201 0.7891074 0.7875098 0.7860219 0.7845569 0.7845569 0.7550420 0.7492085 0.7440548 0.7399229 0.7368573 0.7346241 0.7332871 0.7330712 0.7336553 0.7350732 0.7371010 0.7390748 0.7391832 0.7294379 0.7294379 0.5855187 0.5298650 0.4741329 0.4582411 0.4582411 0.4392773 0.4392773 0.4389403 0.4389403 0.4482515 0.4894014 0.4894014 0.5648285 0.5648285 0.6496347 0.6496347 0.6496347 0.6560674 0.6560674 0.6472965 0.6472965 0.6332478 0.6332478 0.6182077 0.6182077 0.6041111 0.6041111 0.6041111
0.8250116 0.8250116 0.8221298 0.8129093 0.8065045 0.8065045 0.8026451 0.7970393 0.7970393 0.7926705 0.7926705 0.7890579 0.7874584 0.7859678 0.7844906 0.7844906 0.7578348 0.7482713 0.7395759 0.7320043 0.7257237 0.7206555 0.7167950 0.7142618 0.7128947 0.7126684 0.7134493 0.7147748 0.7152763 0.7093548 0.7093548 0.6192565 0.5620480 0.4925589 0.4713742 0.4713742 0.4486888 0.4486888 0.4524020 0.4524020 0.4642866 0.5033866 0.5033866 0.5598285 0.5598285 0.6400445 0.6400445 0.6400445 0.6517504 0.6517504 0.6455736 0.6455736 0.6325459 0.6325459 0.6179108 0.6179108 0.6040364 0.6040364 0.6040364
0.8240077 0.8240077 0.8224189 0.8127737 0.8067863 0.8067863 0.8027914 0.7970378 0.7970378 0.7926590 0.7926590 0.7890546 0.7874572 0.7859674 0.7844731 0.7844731 0.7596446 0.7469305 0.7348642 0.7240012 0.7146599 0.7069012 0.7007230 0.6961640 0.6931050 0.6914568 0.6910830 0.6916307 0.6920796 0.6883889 0.6883889 0.6318569 0.5816311 0.5101084 0.4871115 0.4871115 0.4663267 0.4663267 0.4781519 0.4781519 0.4925876 0.5257971 0.5257971 0.5615621 0.5615621 0.6256978 0.6256978 0.6256978 0.6422004 0.6422004 0.6403374 0.6403374 0.6296666 0.6296666 0.6162416 0.6162416 0.6031281 0.6031281 0.6031281
0.8234521 0.8234521 0.8219931 0.8127629 0.8070292 0.8070292 0.8029281 0.7970372 0.7970372 0.7926482 0.7926482 0.7890527 0.7874576 0.7859684 0.7844473 0.7844473 0.7600703 0.7446088 0.7294337 0.7154573 0.7031553 0.6927152 0.6841874 0.6775916 0.6728393 0.6698149 0.6683633 0.6681808 0.6684856 0.6663881 0.6663881 0.6309652 0.5903216 0.5249176 0.5046054 0.5046054 0.4946946 0.4946946 0.5163615 0.5163615 0.5302319 0.5510859 0.5510859 0.5667273 0.5667273 0.6096709 0.6096709 0.6096709 0.6283912 0.6283912 0.6314733 0.6314733 0.6244445 0.6244445 0.6132208 0.6132208 0.6015489 0.6015489 0.6015489
0.8233122 0.8233122 0.8212292 0.8128000 0.8072157 0.8072157 0.8030391 0.7970396 0.7970396 0.7926415 0.7926415 0.7890523 0.7874583 0.7859689 0.7844072 0.7844072 0.7588150 0.7407827 0.7227430 0.7058857 0.6908084 0.6777906 0.6669408 0.6582919 0.6517879 0.6473210 0.6447377 0.6437728 0.6438211 0.6428406 0.6428406 0.6211315 0.5904380 0.5382240 0.5263624 0.5263624 0.5361708 0.5361708 0.5621805 0.5621805 0.5703944 0.5745243 0.5745243 0.5733858 0.5733858 0.5951798 0.5951798 0.5951798 0.6125528 0.6125528 0.6196166 0.6196166 0.6168728 0.6168728 0.6087630 0.6087630 0.5992857 0.5992857 0.5992857
0.8236964 0.8236964 0.8201663 0.8128527 0.8073366 0.8073366 0.8031095 0.7970370 0.7970370 0.7926328 0.7926328 0.7890497 0.7874579 0.7859696 0.7843518 0.7843518 0.7555984 0.7349568 0.7142243 0.6947283 0.6771225 0.6617309 0.6486973 0.6380721 0.6298271 0.6238779 0.6200898 0.6182417 0.6178747 0.6176023 0.6176023 0.6050826 0.5842692 0.5545778 0.5583963 0.5583963 0.5894600 0.5894600 0.6069468 0.6069468 0.6058804 0.5939295 0.5939295 0.5806121 0.5806121 0.5841214 0.5841214 0.5841214 0.5970120 0.5970120 0.6059321 0.6059321 0.6072183 0.6072183 0.6028299 0.6028299 0.5962781 0.5962781 0.5962781
0.8240498 0.8240498 0.8195193 0.8128844 0.8073804 0.8073804 0.8031350 0.7970371 0.7970371 0.7926306 0.7926306 0.7890494 0.7874579 0.7859699 0.7842723 0.7842723 0.7500380 0.7265686 0.7032290 0.6813245 0.6614799 0.6440040 0.6290373 0.6166298 0.6067677 0.5993881 0.5943838 0.5915813 0.5906572 0.5908031 0.5908031 0.5848876 0.5748050 0.5824255 0.6072020 0.6072020 0.6459713 0.6459713 0.6431463 0.6431463 0.6331016 0.6093694 0.6093694 0.5879928 0.5879928 0.5769385 0.5769385 0.5769385 0.5834863 0.5834863 0.5918165 0.5918165 0.5960717 0.5960717 0.5955474 0.5955474 0.5925121 0.5925121 0.5925121
0.8236965 0.8236965 0.8201663 0.8128527 0.8073366 0.8073366 0.8031095 0.7970369 0.7970369 0.7926326 0.7926326 0.7890498 0.7874579 0.7859696 0.7841611 0.7841611 0.7415812 0.7149262 0.6889964 0.6649064 0.6431526 0.6239590 0.6074142 0.5935374 0.5823062 0.5736668 0.5675365 0.5637896 0.5622510 0.5628131 0.5628131 0.5629624 0.5676674 0.6312687 0.6716211 0.6716211 0.6931553 0.6931553 0.6686515 0.6686515 0.6526817 0.6218584 0.6218584 0.5952902 0.5952902 0.5731412 0.5731412 0.5731412 0.5728435 0.5728435 0.5785717 0.5785717 0.5842823 0.5842823 0.5872673 0.5872673 0.5880851 0.5880851 0.5880851
0.8233123 0.8233123 0.8212292 0.8128001 0.8072158 0.8072158 0.8030392 0.7970394 0.7970394 0.7926414 0.7926414 0.7890525 0.7874584 0.7859689 0.7840059 0.7840059 0.7293617 0.6990715 0.6705473 0.6445255 0.6212573 0.6008022 0.5831420 0.5682284 0.5560033 0.5464045 0.5393613 0.5347956 0.5327632 0.5345241 0.5345241 0.5440000 0.5745934 0.7010708 0.7365519 0.7365519 0.7241757 0.7241757 0.6858661 0.6858661 0.6669105 0.6321883 0.6321883 0.6021816 0.6021816 0.5718151 0.5718151 0.5718151 0.5651813 0.5651813 0.5671455 0.5671455 0.5728236 0.5728236 0.5785620 0.5785620 0.5832348 0.5832348 0.5832348
0.8234523 0.8234523 0.8219931 0.8127629 0.8070292 0.8070292 0.8029283 0.7970371 0.7970371 0.7926481 0.7926481 0.7890528 0.7874576 0.7859683 0.7837943 0.7837943 0.7119860 0.6776000 0.6465512 0.6189631 0.5946984 0.5735647 0.5553790 0.5399891 0.5272758 0.5171490 0.5095370 0.5044240 0.5024413 0.5087141 0.5087141 0.5396399 0.6140188 0.7724633 0.7818376 0.7818376 0.7418132 0.7418132 0.6978309 0.6978309 0.6775988 0.6407014 0.6407014 0.6083286 0.6083286 0.5720357 0.5720357 0.5720357 0.5601214 0.5601214 0.5580420 0.5580420 0.5625957 0.5625957 0.5701661 0.5701661 0.5783576 0.5783576 0.5783576
