simulation_files/asc/Depth____000281.asc
NCOLS        79
NROWS        79
XLLCENTER         -1.500000
YLLCENTER         -4.800000
CELLSIZE           0.100
NODATA_VALUE     -9999.0
[rows 0 to 25 of 79, columns 0 to 58 of 79]
-9999.000 -9999.000 -9999.000 -9999.000 -9999.000 -9999.000 -9999.000 -9999.000 -9999.000 -9999.000 -9999.000 -9999.000 -9999.000 -9999.000 -9999.000 0.7151406 0.7156165 0.7157592 0.7156935 0.7154925 0.7152305 0.7149393 0.7146388 0.7143515 0.7140775 0.7138232 0.7135865 0.7133362 0.7129629 0.7129233 0.7129233 -9999.000 -9999.000 -9999.000 -9999.000 -9999.000 -9999.000 -9999.000 -9999.000 -9999.000 -9999.000 -9999.000 -9999.000 -9999.000 -9999.000 -9999.000 -9999.000 -9999.000 -9999.000 -9999.000 -9999.000 -9999.000 -9999.000 -9999.000 -9999.000 -9999.000 -9999.000 -9999.000 -9999.000
-9999.000 -9999.000 -9999.000 -9999.000 -9999.000 -9999.000 -9999.000 -9999.000 -9999.000 -9999.000 -9999.000 -9999.000 -9999.000 -9999.000 -9999.000 0.7169215 0.7173608 0.7174770 0.7174219 0.7172594 0.7170523 0.7168258 0.7165953 0.7163785 0.7161741 0.7159867 0.7158138 0.7156271 0.7153292 0.7153749 0.7153749 -9999.000 -9999.000 -9999.000 -9999.000 -9999.000 -9999.000 -9999.000 -9999.000 -9999.000 -9999.000 -9999.000 -9999.000 -9999.000 -9999.000 -9999.000 -9999.000 -9999.000 -9999.000 -9999.000 -9999.000 -9999.000 -9999.000 -9999.000 -9999.000 -9999.000 -9999.000 -9999.000 -9999.000
-9999.000 -9999.000 -9999.000 -9999.000 -9999.000 -9999.000 -9999.000 -9999.000 -9999.000 -9999.000 -9999.000 -9999.000 -9999.000 -9999.000 -9999.000 0.7188331 0.7193068 0.7194333 0.7193851 0.7192281 0.7190274 0.7188087 0.7185871 0.7183807 0.7181867 0.7180093 0.7178445 0.7176616 0.7173573 0.7173991 0.7173991 -9999.000 -9999.000 -9999.000 -9999.000 -9999.000 -9999.000 -9999.000 -9999.000 -9999.000 -9999.000 -9999.000 -9999.000 -9999.000 -9999.000 -9999.000 -9999.000 -9999.000 -9999.000 -9999.000 -9999.000 -9999.000 -9999.000 -9999.000 -9999.000 -9999.000 -9999.000 -9999.000 -9999.000
-9999.000 -9999.000 -9999.000 -9999.000 -9999.000 -9999.000 -9999.000 -9999.000 -9999.000 -9999.000 -9999.000 -9999.000 -9999.000 -9999.000 -9999.000 0.7207958 0.7212908 0.7214224 0.7213753 0.7212174 0.7210159 0.7207968 0.7205754 0.7203700 0.7201771 0.7200007 0.7198361 0.7196504 0.7193335 0.7193536 0.7193536 -9999.000 -9999.000 -9999.000 -9999.000 -9999.000 -9999.000 -9999.000 -9999.000 -9999.000 -9999.000 -9999.000 -9999.000 -9999.000 -9999.000 -9999.000 -9999.000 -9999.000 -9999.000 -9999.000 -9999.000 -9999.000 -9999.000 -9999.000 -9999.000 -9999.000 -9999.000 -9999.000 -9999.000
-9999.000 -9999.000 -9999.000 -9999.000 -9999.000 -9999.000 -9999.000 -9999.000 -9999.000 -9999.000 -9999.000 -9999.000 -9999.000 -9999.000 -9999.000 0.7227787 0.7232897 0.7234238 0.7233748 0.7232127 0.7230070 0.7227836 0.7225583 0.7223499 0.7221538 0.7219743 0.7218061 0.7216139 0.7212793 0.7212636 0.7212636 -9999.000 -9999.000 -9999.000 -9999.000 -9999.000 -9999.000 -9999.000 -9999.000 -9999.000 -9999.000 -9999.000 -9999.000 -9999.000 -9999.000 -9999.000 -9999.000 -9999.000 -9999.000 -9999.000 -9999.000 -9999.000 -9999.000 -9999.000 -9999.000 -9999.000 -9999.000 -9999.000 -9999.000
-9999.000 -9999.000 -9999.000 -9999.000 -9999.000 -9999.000 -9999.000 -9999.000 -9999.000 -9999.000 -9999.000 -9999.000 -9999.000 -9999.000 -9999.000 0.7247683 0.7252927 0.7254279 0.7253751 0.7252070 0.7249954 0.7247661 0.7245348 0.7243216 0.7241202 0.7239356 0.7237619 0.7235608 0.7232040 0.7231385 0.7231385 -9999.000 -9999.000 -9999.000 -9999.000 -9999.000 -9999.000 -9999.000 -9999.000 -9999.000 -9999.000 -9999.000 -9999.000 -9999.000 -9999.000 -9999.000 -9999.000 -9999.000 -9999.000 -9999.000 -9999.000 -9999.000 -9999.000 -9999.000 -9999.000 -9999.000 -9999.000 -9999.000 -9999.000
-9999.000 -9999.000 -9999.000 -9999.000 -9999.000 -9999.000 -9999.000 -9999.000 -9999.000 -9999.000 -9999.000 -9999.000 -9999.000 -9999.000 -9999.000 0.7267584 0.7272949 0.7274297 0.7273719 0.7271968 0.7269784 0.7267420 0.7265040 0.7262850 0.7260773 0.7258865 0.7257060 0.7254940 0.7251104 0.7249787 0.7249787 -9999.000 -9999.000 -9999.000 -9999.000 -9999.000 -9999.000 -9999.000 -9999.000 -9999.000 -9999.000 -9999.000 -9999.000 -9999.000 -9999.000 -9999.000 -9999.000 -9999.000 -9999.000 -9999.000 -9999.000 -9999.000 -9999.000 -9999.000 -9999.000 -9999.000 -9999.000 -9999.000 -9999.000
-9999.000 -9999.000 -9999.000 -9999.000 -9999.000 -9999.000 -9999.000 -9999.000 -9999.000 -9999.000 -9999.000 -9999.000 -9999.000 -9999.000 -9999.000 0.7287459 0.7292935 0.7294266 0.7293628 0.7291796 0.7289538 0.7287101 0.7284647 0.7282396 0.7280247 0.7278272 0.7276391 0.7274142 0.7269983 0.7267797 0.7267797 -9999.000 -9999.000 -9999.000 -9999.000 -9999.000 -9999.000 -9999.000 -9999.000 -9999.000 -9999.000 -9999.000 -9999.000 -9999.000 -9999.000 -9999.000 -9999.000 -9999.000 -9999.000 -9999.000 -9999.000 -9999.000 -9999.000 -9999.000 -9999.000 -9999.000 -9999.000 -9999.000 -9999.000
-9999.000 -9999.000 -9999.000 -9999.000 -9999.000 -9999.000 -9999.000 -9999.000 -9999.000 -9999.000 -9999.000 -9999.000 -9999.000 -9999.000 -9999.000 0.7307286 0.7312867 0.7314168 0.7313458 0.7311537 0.7309202 0.7306686 0.7304154 0.7301841 0.7299616 0.7297567 0.7295601 0.7293202 0.7288661 0.7285327 0.7285327 -9999.000 -9999.000 -9999.000 -9999.000 -9999.000 -9999.000 -9999.000 -9999.000 -9999.000 -9999.000 -9999.000 -9999.000 -9999.000 -9999.000 -9999.000 -9999.000 -9999.000 -9999.000 -9999.000 -9999.000 -9999.000 -9999.000 -9999.000 -9999.000 -9999.000 -9999.000 -9999.000 -9999.000
-9999.000 -9999.000 -9999.000 -9999.000 -9999.000 -9999.000 -9999.000 -9999.000 -9999.000 -9999.000 -9999.000 -9999.000 -9999.000 -9999.000 -9999.000 0.7327048 0.7332730 0.7333987 0.7333192 0.7331173 0.7328756 0.7326158 0.7323545 0.7321168 0.7318861 0.7316734 0.7314672 0.7312101 0.7307100 0.7302242 0.7302242 -9999.000 -9999.000 -9999.000 -9999.000 -9999.000 -9999.000 -9999.000 -9999.000 -9999.000 -9999.000 -9999.000 -9999.000 -9999.000 -9999.000 -9999.000 -9999.000 -9999.000 -9999.000 -9999.000 -9999.000 -9999.000 -9999.000 -9999.000 -9999.000 -9999.000 -9999.000 -9999.000 -9999.000
-9999.000 -9999.000 -9999.000 -9999.000 -9999.000 -9999.000 -9999.000 -9999.000 -9999.000 -9999.000 -9999.000 -9999.000 -9999.000 -9999.000 -9999.000 0.7346724 0.7352508 0.7353705 0.7352811 0.7350681 0.7348177 0.7345493 0.7342796 0.7340355 0.7337961 0.7335746 0.7333580 0.7330803 0.7325251 0.7318338 0.7318338 -9999.000 -9999.000 -9999.000 -9999.000 -9999.000 -9999.000 -9999.000 -9999.000 -9999.000 -9999.000 -9999.000 -9999.000 -9999.000 -9999.000 -9999.000 -9999.000 -9999.000 -9999.000 -9999.000 -9999.000 -9999.000 -9999.000 -9999.000 -9999.000 -9999.000 -9999.000 -9999.000 -9999.000
-9999.000 -9999.000 -9999.000 -9999.000 -9999.000 -9999.000 -9999.000 -9999.000 -9999.000 -9999.000 -9999.000 -9999.000 -9999.000 -9999.000 -9999.000 0.7366290 0.7372176 0.7373297 0.7372286 0.7370035 0.7367439 0.7364665 0.7361878 0.7359372 0.7356880 0.7354573 0.7352285 0.7349265 0.7343040 0.7333313 0.7333313 -9999.000 -9999.000 -9999.000 -9999.000 -9999.000 -9999.000 -9999.000 -9999.000 -9999.000 -9999.000 -9999.000 -9999.000 -9999.000 -9999.000 -9999.000 -9999.000 -9999.000 -9999.000 -9999.000 -9999.000 -9999.000 -9999.000 -9999.000 -9999.000 -9999.000 -9999.000 -9999.000 -9999.000
-9999.000 -9999.000 -9999.000 -9999.000 -9999.000 -9999.000 -9999.000 -9999.000 -9999.000 -9999.000 -9999.000 -9999.000 -9999.000 -9999.000 -9999.000 0.7385698 0.7391697 0.7392724 0.7391581 0.7389196 0.7386503 0.7383632 0.7380750 0.7378177 0.7375577 0.7373164 0.7370734 0.7367416 0.7360362 0.7346693 0.7346693 -9999.000 -9999.000 -9999.000 -9999.000 -9999.000 -9999.000 -9999.000 -9999.000 -9999.000 -9999.000 -9999.000 -9999.000 -9999.000 -9999.000 -9999.000 -9999.000 -9999.000 -9999.000 -9999.000 -9999.000 -9999.000 -9999.000 -9999.000 -9999.000 -9999.000 -9999.000 -9999.000 -9999.000
-9999.000 -9999.000 -9999.000 -9999.000 -9999.000 -9999.000 -9999.000 -9999.000 -9999.000 -9999.000 -9999.000 -9999.000 -9999.000 -9999.000 -9999.000 0.7403813 0.7410279 0.7411633 0.7410749 0.7408320 0.7405548 0.7402572 0.7399570 0.7396903 0.7394150 0.7391589 0.7388967 0.7385259 0.7377154 0.7357857 0.7357857 -9999.000 -9999.000 -9999.000 -9999.000 -9999.000 -9999.000 -9999.000 -9999.000 -9999.000 -9999.000 -9999.000 -9999.000 -9999.000 -9999.000 -9999.000 -9999.000 -9999.000 -9999.000 -9999.000 -9999.000 -9999.000 -9999.000 -9999.000 -9999.000 -9999.000 -9999.000 -9999.000 -9999.000
-9999.000 -9999.000 -9999.000 -9999.000 -9999.000 -9999.000 -9999.000 -9999.000 -9999.000 -9999.000 -9999.000 -9999.000 -9999.000 -9999.000 -9999.000 0.7331281 0.7399207 0.7434305 0.7450278 0.7448905 0.7442969 0.7436723 0.7430579 0.7425135 0.7419896 0.7415221 0.7410750 0.7405093 0.7393830 0.7359042 0.7359042 -9999.000 -9999.000 -9999.000 -9999.000 -9999.000 -9999.000 -9999.000 -9999.000 -9999.000 -9999.000 -9999.000 -9999.000 -9999.000 -9999.000 -9999.000 -9999.000 -9999.000 -9999.000 -9999.000 -9999.000 -9999.000 -9999.000 -9999.000 -9999.000 -9999.000 -9999.000 -9999.000 -9999.000
0.8214488 0.8214488 0.8195103 0.8081683 0.8003553 0.8003553 0.7970551 0.7919044 0.7919044 0.7876192 0.7876192 0.7839856 0.7823643 0.7808504 0.7793634 0.7793634 0.7464111 0.7450578 0.7435954 0.7437703 0.7450604 0.7467741 0.7489430 0.7517995 0.7544556 0.7570703 0.7591292 0.7591630 0.7529474 0.7240189 0.7240189 0.5116522 0.4740369 0.4509886 0.4431953 0.4431953 0.4306683 0.4306683 0.4315274 0.4315274 0.4416080 0.4886100 0.4886100 0.5861643 0.5861643 0.6502405 0.6502405 0.6502405 0.6521564 0.6521564 0.6422285 0.6422285 0.6279320 0.6279320 0.6128332 0.6128332 0.5988234 0.5988234 0.5988234
0.8185937 0.8185937 0.8181596 0.8063218 0.7995895 0.7995895 0.7960609 0.7908139 0.7908139 0.7865372 0.7865372 0.7829216 0.7813085 0.7798024 0.7783237 0.7783237 0.7498548 0.7441522 0.7390603 0.7350500 0.7320315 0.7298266 0.7285314 0.7283249 0.7289257 0.7303531 0.7323754 0.7343211 0.7343752 0.7243261 0.7243261 0.5808384 0.5254849 0.4702232 0.4545185 0.4545185 0.4359201 0.4359201 0.4359935 0.4359935 0.4455095 0.4869682 0.4869682 0.5633041 0.5633041 0.6455894 0.6455894 0.6455894 0.6512948 0.6512948 0.6423395 0.6423395 0.6283330 0.6283330 0.6134192 0.6134192 0.5994818 0.5994818 0.5994818
0.8173667 0.8173667 0.8175133 0.8059983 0.7998692 0.7998692 0.7961627 0.7907723 0.7907723 0.7864829 0.7864829 0.7828689 0.7812554 0.7797474 0.7782578 0.7782578 0.7524936 0.7431357 0.7345644 0.7271267 0.7209350 0.7159279 0.7121253 0.7096281 0.7082934 0.7080935 0.7088892 0.7102095 0.7106779 0.7045762 0.7045762 0.6145180 0.5575867 0.4885865 0.4676162 0.4676162 0.4453546 0.4453546 0.4494500 0.4494500 0.4614595 0.5006089 0.5006089 0.5574615 0.5574615 0.6362898 0.6362898 0.6362898 0.6471801 0.6471801 0.6407108 0.6407108 0.6276716 0.6276716 0.6131426 0.6131426 0.5994182 0.5994182 0.5994182
0.8167409 0.8167409 0.8163807 0.8058844 0.8001556 0.8001556 0.7963166 0.7907717 0.7907717 0.7864694 0.7864694 0.7828646 0.7812540 0.7797474 0.7782416 0.7782416 0.7541738 0.7417099 0.7298195 0.7191162 0.7099011 0.7022387 0.6961420 0.6916434 0.6886328 0.6870236 0.6866772 0.6872346 0.6876667 0.6838474 0.6838474 0.6272419 0.5771908 0.5061237 0.4833664 0.4833664 0.4630603 0.4630603 0.4751576 0.4751576 0.4895751 0.5225689 0.5225689 0.5584819 0.5584819 0.6221185 0.6221185 0.6221185 0.6378938 0.6378938 0.6356443 0.6356443 0.6248828 0.6248828 0.6115218 0.6115218 0.5985382 0.5985382 0.5985382
0.8169186 0.8169186 0.8146042 0.8058715 0.8003983 0.8003983 0.7964595 0.7907709 0.7907709 0.7864541 0.7864541 0.7828606 0.7812543 0.7797505 0.7782207 0.7782207 0.7545077 0.7393211 0.7243593 0.7105699 0.6984257 0.6881146 0.6796943 0.6731841 0.6684998 0.6655295 0.6641175 0.6639569 0.6642587 0.6620727 0.6620727 0.6265367 0.5859773 0.5209910 0.5009512 0.5009512 0.4915164 0.4915164 0.5131757 0.5131757 0.5268639 0.5473689 0.5473689 0.5630920 0.5630920 0.6061255 0.6061255 0.6061255 0.6243382 0.6243382 0.6270038 0.6270038 0.6198015 0.6198015 0.6085833 0.6085833 0.5970083 0.5970083 0.5970083
0.8170056 0.8170056 0.8133519 0.8058875 0.8005792 0.8005792 0.7965731 0.7907711 0.7907711 0.7864410 0.7864410 0.7828565 0.7812535 0.7797515 0.7781845 0.7781845 0.7531912 0.7354462 0.7176456 0.7009991 0.6861058 0.6732456 0.6625292 0.6539909 0.6475765 0.6431817 0.6406533 0.6397242 0.6397835 0.6387483 0.6387483 0.6169240 0.5862530 0.5344566 0.5229036 0.5229036 0.5329942 0.5329942 0.5585831 0.5585831 0.5665280 0.5703736 0.5703736 0.5693600 0.5693600 0.5915585 0.5915585 0.5915585 0.6086853 0.6086853 0.6153836 0.6153836 0.6124102 0.6124102 0.6042425 0.6042425 0.5948189 0.5948189 0.5948189
0.8169927 0.8169927 0.8126772 0.8058994 0.8006881 0.8006881 0.7966448 0.7907707 0.7907707 0.7864321 0.7864321 0.7828538 0.7812529 0.7797520 0.7781317 0.7781317 0.7499412 0.7295921 0.7091163 0.6898503 0.6724502 0.6572396 0.6443633 0.6338718 0.6257385 0.6198804 0.6161646 0.6143682 0.6140285 0.6137311 0.6137311 0.6011178 0.5803064 0.5511124 0.5552095 0.5552095 0.5860241 0.5860241 0.6027846 0.6027846 0.6015025 0.5894572 0.5894572 0.5763296 0.5763296 0.5803661 0.5803661 0.5803661 0.5932403 0.5932403 0.6019086 0.6019086 0.6029559 0.6029559 0.5984574 0.5984574 0.5919107 0.5919107 0.5919107
0.8169889 0.8169889 0.8124526 0.8059039 0.8007245 0.8007245 0.7966692 0.7907704 0.7907704 0.7864289 0.7864289 0.7828528 0.7812526 0.7797523 0.7780563 0.7780563 0.7443812 0.7212079 0.6981373 0.6764775 0.6568550 0.6395779 0.6247867 0.6125321 0.6028008 0.5955306 0.5906152 0.5878807 0.5870008 0.5871496 0.5871496 0.5811816 0.5711442 0.5793967 0.6041746 0.6041746 0.6419380 0.6419380 0.6384476 0.6384476 0.6283286 0.6046875 0.6046875 0.5835450 0.5835450 0.5730357 0.5730357 0.5730357 0.5797297 0.5797297 0.5879496 0.5879496 0.5920063 0.5920063 0.5913439 0.5913439 0.5882680 0.5882680 0.5882680
0.8169951 0.8169951 0.8126717 0.8058998 0.8006878 0.8006878 0.7966446 0.7907704 0.7907704 0.7864321 0.7864321 0.7828538 0.7812527 0.7797520 0.7779504 0.7779504 0.7359584 0.7096044 0.6839530 0.6601183 0.6385978 0.6196153 0.6032593 0.5895494 0.5784635 0.5699486 0.5639222 0.5602587 0.5587811 0.5593730 0.5593730 0.5595374 0.5644394 0.6285931 0.6683018 0.6683018 0.6883801 0.6883801 0.6635860 0.6635860 0.6476685 0.6170492 0.6170492 0.5907339 0.5907339 0.5691044 0.5691044 0.5691044 0.5690485 0.5690485 0.5748008 0.5748008 0.5803913 0.5803913 0.5832409 0.5832409 0.5839825 0.5839825 0.5839825
0.8170102 0.8170102 0.8133422 0.8058878 0.8005788 0.8005788 0.7965727 0.7907704 0.7907704 0.7864410 0.7864410 0.7828566 0.7812533 0.7797514 0.7778032 0.7778032 0.7238119 0.6938314 0.6655936 0.6398340 0.6168053 0.5965678 0.5791036 0.5643648 0.5522944 0.5428303 0.5359023 0.5314324 0.5294769 0.5312960 0.5312960 0.5409151 0.5719990 0.6982018 0.7323495 0.7323495 0.7188457 0.7188457 0.6806107 0.6806107 0.6617706 0.6272987 0.6272987 0.5975494 0.5975494 0.5676678 0.5676678 0.5676678 0.5613215 0.5613215 0.5634164 0.5634164 0.5690672 0.5690672 0.5747054 0.5747054 0.5792831 0.5792831 0.5792831
0.8169250 0.8169250 0.8145925 0.8058714 0.8003979 0.8003979 0.7964590 0.7907704 0.7907704 0.7864540 0.7864540 0.7828606 0.7812542 0.7797506 0.7775992 0.7775992 0.7065486 0.6724859 0.6417307 0.6144086 0.5903855 0.5694709 0.5514827 0.5362701 0.5237152 0.5137285 0.5062386 0.5012301 0.4993399 0.5057086 0.5057086 0.5370303 0.6121492 0.7685677 0.7766004 0.7766004 0.7362342 0.7362342 0.6924914 0.6924914 0.6723917 0.6357564 0.6357564 0.6036406 0.6036406 0.5678025 0.5678025 0.5678025 0.5561919 0.5561919 0.5543174 0.5543174 0.5589346 0.5589346 0.5664594 0.5664594 0.5745537 0.5745537 0.5745537
