simulation_files/asc/Depth____106.0.asc
NCOLS       411
NROWS       131
XLLCENTER    2538020.000000
YLLCENTER    1152390.000000
CELLSIZE           1.000
NODATA_VALUE     -9999.0
[rows 0 to 26 of 131, columns 177 to 235 of 411]
-9999.000 -9999.000 -9999.000 -9999.000 -9999.000 -9999.000 -9999.000 -9999.000 -9999.000 -9999.000 -9999.000 -9999.000 -9999.000 -9999.000 -9999.000 -9999.000 -9999.000 -9999.000 -9999.000 -9999.000 -9999.000 -9999.000 -9999.000 -9999.000 -9999.000 -9999.000 -9999.000 -9999.000 -9999.000 -9999.000 -9999.000 -9999.000 -9999.000 -9999.000 -9999.000 -9999.000 -9999.000 -9999.000 -9999.000 -9999.000 -9999.000 -9999.000 -9999.000 -9999.000 -9999.000 -9999.000 -9999.000 -9999.000 -9999.000 -9999.000 -9999.000 -9999.000 -9999.000 -9999.000 -9999.000 -9999.000 -9999.000 -9999.000 -9999.000
-9999.000 -9999.000 -9999.000 -9999.000 -9999.000 -9999.000 -9999.000 -9999.000 -9999.000 -9999.000 -9999.000 -9999.000 -9999.000 -9999.000 -9999.000 -9999.000 -9999.000 -9999.000 -9999.000 -9999.000 -9999.000 -9999.000 -9999.000 -9999.000 -9999.000 -9999.000 -9999.000 -9999.000 -9999.000 -9999.000 -9999.000 -9999.000 -9999.000 -9999.000 -9999.000 -9999.000 -9999.000 -9999.000 -9999.000 -9999.000 -9999.000 -9999.000 -9999.000 -9999.000 -9999.000 -9999.000 -9999.000 -9999.000 -9999.000 -9999.000 -9999.000 -9999.000 -9999.000 -9999.000 -9999.000 -9999.000 -9999.000 -9999.000 -9999.000
-9999.000 -9999.000 -9999.000 -9999.000 -9999.000 -9999.000 -9999.000 -9999.000 -9999.000 -9999.000 -9999.000 -9999.000 -9999.000 -9999.000 -9999.000 -9999.000 -9999.000 -9999.000 -9999.000 -9999.000 -9999.000 -9999.000 -9999.000 -9999.000 -9999.000 -9999.000 -9999.000 -9999.000 -9999.000 -9999.000 -9999.000 -9999.000 -9999.000 -9999.000 -9999.000 -9999.000 -9999.000 -9999.000 -9999.000 -9999.000 -9999.000 -9999.000 -9999.000 -9999.000 -9999.000 -9999.000 -9999.000 -9999.000 -9999.000 -9999.000 -9999.000 -9999.000 -9999.000 -9999.000 -9999.000 -9999.000 0.1250272 0.1062915 0.8382617E-01
-9999.000 -9999.000 -9999.000 -9999.000 -9999.000 -9999.000 -9999.000 -9999.000 -9999.000 -9999.000 -9999.000 -9999.000 -9999.000 -9999.000 -9999.000 -9999.000 -9999.000 -9999.000 -9999.000 -9999.000 -9999.000 -9999.000 -9999.000 -9999.000 -9999.000 -9999.000 -9999.000 -9999.000 -9999.000 -9999.000 -9999.000 -9999.000 -9999.000 -9999.000 -9999.000 -9999.000 -9999.000 -9999.000 -9999.000 -9999.000 -9999.000 -9999.000 -9999.000 -9999.000 -9999.000 -9999.000 -9999.000 -9999.000 -9999.000 -9999.000 -9999.000 0.5300314 0.5205100 0.4682412 0.4054617 0.3161793 0.2638378 0.2588084 0.2576566
-9999.000 -9999.000 -9999.000 -9999.000 -9999.000 -9999.000 -9999.000 -9999.000 -9999.000 -9999.000 -9999.000 -9999.000 -9999.000 -9999.000 -9999.000 -9999.000 -9999.000 -9999.000 -9999.000 -9999.000 -9999.000 -9999.000 -9999.000 -9999.000 -9999.000 -9999.000 -9999.000 -9999.000 -9999.000 -9999.000 -9999.000 -9999.000 -9999.000 -9999.000 -9999.000 -9999.000 -9999.000 -9999.000 -9999.000 -9999.000 -9999.000 -9999.000 -9999.000 -9999.000 -9999.000 -9999.000 -9999.000 0.5290969E-01 0.1915414 0.4301647 0.5749647 0.6240402 0.6733748 0.6697444 0.6573649 0.6217610 0.6006557 0.5867194 0.5789974
-9999.000 -9999.000 -9999.000 -9999.000 -9999.000 -9999.000 -9999.000 -9999.000 -9999.000 -9999.000 -9999.000 -9999.000 -9999.000 -9999.000 -9999.000 -9999.000 -9999.000 -9999.000 -9999.000 -9999.000 -9999.000 -9999.000 -9999.000 -9999.000 -9999.000 -9999.000 -9999.000 -9999.000 -9999.000 -9999.000 -9999.000 -9999.000 -9999.000 -9999.000 -9999.000 -9999.000 -9999.000 -9999.000 -9999.000 -9999.000 -9999.000 -9999.000 -9999.000 -9999.000 -9999.000 -9999.000 -9999.000 0.1148045 0.3061989 0.5717841 0.7806259 0.9439692 0.9983026 1.013832 1.022810 0.9769348 0.9577028 0.9505581 0.9333192
-9999.000 -9999.000 -9999.000 -9999.000 -9999.000 -9999.000 -9999.000 -9999.000 -9999.000 -9999.000 -9999.000 -9999.000 -9999.000 -9999.000 -9999.000 -9999.000 -9999.000 -9999.000 -9999.000 -9999.000 -9999.000 -9999.000 -9999.000 -9999.000 -9999.000 -9999.000 -9999.000 -9999.000 -9999.000 -9999.000 -9999.000 -9999.000 -9999.000 -9999.000 -9999.000 -9999.000 -9999.000 -9999.000 -9999.000 1.156329 0.9423612 0.7159489 0.4298725 0.1929179 0.1707777 0.2915506 0.3833027 0.4740058 0.6830774 0.9119959 1.133360 1.280779 1.344453 1.381033 1.389453 1.348203 1.295915 1.303285 1.299189
-9999.000 -9999.000 -9999.000 -9999.000 -9999.000 -9999.000 -9999.000 -9999.000 -9999.000 -9999.000 -9999.000 -9999.000 -9999.000 -9999.000 -9999.000 -9999.000 -9999.000 -9999.000 -9999.000 -9999.000 -9999.000 -9999.000 -9999.000 -9999.000 -9999.000 -9999.000 -9999.000 -9999.000 -9999.000 -9999.000 -9999.000 -9999.000 -9999.000 -9999.000 -9999.000 -9999.000 1.626101 1.503015 1.408411 1.242705 1.027373 0.7876249 0.5927721 0.4768920 0.5393998 0.6683550 0.8240239 0.9764804 1.161502 1.328756 1.506954 1.639893 1.679436 1.707646 1.699719 1.666334 1.644817 1.645384 1.627518
-9999.000 -9999.000 -9999.000 -9999.000 -9999.000 -9999.000 -9999.000 -9999.000 -9999.000 -9999.000 -9999.000 -9999.000 -9999.000 -9999.000 -9999.000 -9999.000 -9999.000 -9999.000 -9999.000 -9999.000 -9999.000 -9999.000 -9999.000 -9999.000 -9999.000 -9999.000 -9999.000 -9999.000 -9999.000 -9999.000 -9999.000 1.507605 1.530049 1.563792 1.612608 1.651157 1.604677 1.474668 1.297237 1.142008 1.016937 0.9146117 0.8759995 0.9058210 1.009819 1.090407 1.303368 1.518965 1.614365 1.711155 1.827908 1.929024 1.963261 1.999887 1.961267 1.927747 1.911517 1.915818 1.875691
-9999.000 -9999.000 -9999.000 -9999.000 -9999.000 -9999.000 -9999.000 -9999.000 -9999.000 -9999.000 -9999.000 -9999.000 -9999.000 -9999.000 -9999.000 -9999.000 -9999.000 -9999.000 -9999.000 -9999.000 -9999.000 -9999.000 -9999.000 -9999.000 -9999.000 -9999.000 -9999.000 1.298804 1.388567 1.452749 1.465107 1.479363 1.496577 1.531227 1.562211 1.544339 1.443451 1.280956 1.127349 1.040350 1.016247 1.050282 1.133210 1.237715 1.333831 1.439850 1.654259 1.848049 1.929138 1.984183 2.043431 2.095082 2.129405 2.135375 2.112760 2.086188 2.062391 2.036226 1.984642
0.6052234 0.6181053 0.6385167 0.6645984 0.6911849 0.7561459 0.8452448 0.8529878 0.7938408 0.7665276 0.7625002 0.7699822 0.7570296 0.6918948 0.5982191 0.5196277 0.4811506 0.4739041 0.4817535 0.4952798 0.5149879 0.5511198 0.6405252 0.9306797 1.114431 1.167056 1.221870 1.305648 1.388782 1.429240 1.433360 1.422339 1.424207 1.460390 1.465623 1.377437 1.202052 1.060931 1.015692 1.029184 1.084803 1.187687 1.310938 1.422140 1.491103 1.639957 1.868783 1.986037 2.055997 2.091082 2.135743 2.158490 2.179117 2.176227 2.160365 2.134320 2.107039 2.065576 1.994489
0.6092621 0.6254668 0.6467351 0.6732382 0.7135749 0.7808852 0.8497112 0.8640746 0.8359192 0.8109387 0.7987627 0.7833736 0.7485026 0.6931706 0.6308679 0.5745458 0.5344531 0.5178527 0.5216525 0.5400643 0.5759865 0.6465100 0.7927317 0.9892521 1.113649 1.175118 1.245196 1.322293 1.384523 1.403318 1.381804 1.366930 1.377466 1.364436 1.275388 1.132450 1.022333 0.9954976 1.030894 1.101791 1.198325 1.305308 1.403962 1.479610 1.583992 1.753478 1.904028 1.994464 2.051696 2.088322 2.114622 2.141962 2.155603 2.158909 2.153560 2.135337 2.086788 1.978986 1.825265
0.6232684 0.6410439 0.6700737 0.7047201 0.7622984 0.8333677 0.8915181 0.9075879 0.9094209 0.8989721 0.8729689 0.8199851 0.7599173 0.7152706 0.6881620 0.6653591 0.6406040 0.6255853 0.6262609 0.6491008 0.7032162 0.8038854 0.9540068 1.083989 1.143568 1.211991 1.284978 1.351013 1.395167 1.388610 1.353399 1.344614 1.330017 1.236304 1.086372 0.9832675 0.9718319 1.017505 1.093627 1.187155 1.284540 1.374308 1.449445 1.515212 1.643060 1.803906 1.907332 1.980091 2.026461 2.056716 2.078187 2.096133 2.111318 2.119094 2.127446 2.100797 1.958707 1.701763 1.476215
0.6406968 0.6679860 0.7063883 0.7585159 0.8241905 0.8894884 0.9352172 0.9591690 0.9828262 0.9785004 0.9297124 0.8604303 0.8046052 0.7721424 0.7578714 0.7548998 0.7590385 0.7674581 0.7851965 0.8207751 0.8827573 0.9758728 1.072195 1.132771 1.189027 1.259711 1.327663 1.383597 1.406081 1.381720 1.360303 1.330651 1.225735 1.084558 0.9937542 0.9799472 1.022246 1.094801 1.180478 1.266299 1.346343 1.417921 1.481534 1.577068 1.707323 1.808534 1.895285 1.959813 2.007143 2.026959 2.035698 2.048173 2.061715 2.075072 2.031071 1.865676 1.588716 1.380654 1.300280
0.6657906 0.7034989 0.7544232 0.8162334 0.8831648 0.9430055 0.9867153 1.013099 1.031087 1.012298 0.9601838 0.9127481 0.8881716 0.8721600 0.8579879 0.8565007 0.8740546 0.9074643 0.9592942 1.026535 1.095420 1.148928 1.176914 1.194745 1.239663 1.300290 1.355105 1.397794 1.402588 1.368857 1.329963 1.242004 1.103052 1.010920 0.9992352 1.037867 1.104623 1.183639 1.262668 1.335066 1.399830 1.463534 1.538505 1.638038 1.744338 1.818531 1.884764 1.945274 1.987045 1.999830 1.999924 1.998710 1.980351 1.910059 1.736897 1.496449 1.321157 1.296361 1.313320
0.6979229 0.7468196 0.8075437 0.8765574 0.9437894 0.9990164 1.034962 1.050864 1.042628 1.013101 0.9852263 0.9753666 0.9914044 1.003572 1.000743 0.9962262 1.005625 1.041700 1.110928 1.202470 1.292177 1.332966 1.320714 1.307867 1.316873 1.343528 1.372427 1.391478 1.367161 1.311694 1.218951 1.086449 1.011162 1.007593 1.046111 1.107343 1.177584 1.248445 1.314207 1.373826 1.431650 1.497431 1.571362 1.665991 1.744360 1.802485 1.851044 1.899881 1.930035 1.935737 1.917999 1.852813 1.690739 1.478380 1.314403 1.245367 1.259118 1.281607 1.309948
0.7476507 0.8004945 0.8717757 0.9436660 1.006353 1.048972 1.063084 1.051831 1.033050 1.025392 1.037090 1.066458 1.105339 1.142908 1.172588 1.191461 1.203301 1.223606 1.268513 1.339350 1.414171 1.464373 1.490148 1.494584 1.471103 1.435366 1.408004 1.368648 1.286154 1.166069 1.042190 0.9760957 0.9848648 1.031896 1.092587 1.154478 1.213791 1.269245 1.320981 1.372615 1.426323 1.488786 1.568250 1.650067 1.710945 1.748122 1.785605 1.820232 1.828822 1.797970 1.675627 1.453637 1.227546 1.128085 1.127079 1.171667 1.223250 1.259982 1.290967
0.8015573 0.8628713 0.9315881 0.9978586 1.047999 1.072708 1.064414 1.044517 1.040327 1.059611 1.105613 1.160565 1.207454 1.244882 1.290037 1.334404 1.377609 1.411914 1.431592 1.449146 1.472095 1.504457 1.562120 1.617661 1.631803 1.585671 1.492634 1.351478 1.177037 1.029977 0.9507338 0.9526977 0.9926483 1.048779 1.105574 1.160359 1.211469 1.257488 1.301943 1.338041 1.383904 1.445639 1.519140 1.594359 1.638849 1.669103 1.700127 1.721202 1.643986 1.449865 1.218278 1.030714 0.9828801 1.009926 1.067927 1.129868 1.193578 1.249455 1.296538
0.8669911 0.9254514 0.9931817 1.040730 1.068173 1.072632 1.063263 1.062242 1.085207 1.133760 1.198095 1.256935 1.295539 1.329891 1.375129 1.428527 1.490042 1.553730 1.596008 1.592976 1.556432 1.546093 1.590074 1.656956 1.709203 1.712233 1.579533 1.325167 1.109061 0.9926674 0.9620664 0.9817052 1.019672 1.062090 1.105024 1.147090 1.191407 1.230320 1.272688 1.305900 1.353165 1.413626 1.478795 1.530895 1.562232 1.585440 1.596746 1.547837 1.313593 1.074956 0.9271447 0.8956559 0.9311892 0.9811332 1.041786 1.118815 1.198099 1.274951 1.345392
0.9406359 1.002042 1.046902 1.072149 1.078976 1.076558 1.080202 1.106826 1.161232 1.229571 1.292884 1.336002 1.361190 1.393039 1.439440 1.495984 1.560154 1.632921 1.700350 1.722529 1.688828 1.641168 1.626827 1.666117 1.727895 1.741212 1.575680 1.308245 1.147549 1.071706 1.040805 1.039852 1.057651 1.081987 1.108885 1.135634 1.172261 1.209106 1.248429 1.291962 1.344083 1.401874 1.452180 1.489483 1.511147 1.500599 1.402499 1.166634 0.9578000 0.8688867 0.8667776 0.9092602 0.9606901 1.016144 1.085187 1.160497 1.253668 1.345041 1.438576
1.017199 1.062619 1.085480 1.090132 1.087923 1.093050 1.119594 1.174289 1.244793 1.306766 1.349102 1.375143 1.404393 1.442604 1.488959 1.548899 1.616516 1.683192 1.745610 1.782835 1.806525 1.805920 1.736037 1.678556 1.708105 1.651808 1.432299 1.282803 1.238792 1.224847 1.202065 1.164106 1.130094 1.114232 1.119534 1.144547 1.176224 1.209887 1.255807 1.303522 1.358601 1.408724 1.446974 1.469827 1.441423 1.316957 1.095459 0.8921674 0.8363734 0.8620393 0.9105413 0.9683132 1.023453 1.082131 1.152953 1.231441 1.324128 1.429370 1.529598
1.081120 1.108412 1.115269 1.111933 1.112781 1.130005 1.169761 1.224719 1.278128 1.319394 1.352443 1.387814 1.433990 1.483034 1.532593 1.591325 1.659219 1.721262 1.769435 1.809092 1.862352 1.918902 1.896920 1.786297 1.657693 1.481770 1.307021 1.263755 1.289829 1.321668 1.339794 1.324397 1.250527 1.197995 1.169708 1.167760 1.196160 1.236612 1.280374 1.327544 1.374913 1.412906 1.439400 1.411185 1.255371 1.027112 0.8684080 0.8294958 0.8579090 0.9042977 0.9606190 1.016829 1.076639 1.141028 1.216390 1.291151 1.376404 1.487489 1.595727
1.137606 1.144308 1.137969 1.134611 1.143311 1.171984 1.209906 1.241405 1.265244 1.289725 1.323254 1.377889 1.445596 1.511235 1.569014 1.624681 1.689278 1.751248 1.784460 1.823960 1.887741 1.956346 2.033774 1.996029 1.632387 1.291401 1.227646 1.261311 1.307061 1.353756 1.393345 1.418170 1.407969 1.346970 1.274216 1.227901 1.228463 1.251474 1.290545 1.333779 1.370600 1.391589 1.357170 1.196099 0.9884991 0.8472501 0.8169362 0.8453793 0.8849194 0.9301070 0.9794631 1.034902 1.098043 1.164118 1.233836 1.309959 1.394676 1.492323 1.605024
1.159866 1.153097 1.147406 1.154022 1.175648 1.205216 1.229177 1.242715 1.252710 1.269113 1.302933 1.360336 1.437508 1.520225 1.592023 1.653422 1.712033 1.763523 1.802256 1.845939 1.906368 1.975968 2.073322 2.064335 1.685603 1.286470 1.213885 1.260537 1.308975 1.357409 1.402785 1.434320 1.452512 1.458863 1.429393 1.367917 1.286353 1.249467 1.269546 1.298692 1.321871 1.289330 1.132803 0.8888580 0.7828700 0.7789964 0.8036382 0.8398642 0.8767034 0.9159711 0.9514453 0.9999518 1.058118 1.115472 1.185718 1.261756 1.342738 1.427647 1.543829
1.139147 1.133273 1.140374 1.163157 1.193576 1.217520 1.230837 1.239009 1.248432 1.266406 1.303082 1.359889 1.442923 1.537368 1.613929 1.677258 1.733764 1.776144 1.815807 1.863543 1.921734 1.984220 2.073609 2.157587 1.791341 1.306949 1.233632 1.256727 1.295135 1.340621 1.387574 1.420947 1.452368 1.489603 1.513507 1.487368 1.400190 1.290735 1.236389 1.220931 1.168254 1.017675 0.8101786 0.6956631 0.6949489 0.7197276 0.7481959 0.7831555 0.8193934 0.8510644 0.8850777 0.9260495 0.9725473 1.019338 1.077573 1.151750 1.222531 1.306816 1.414257
1.109325 1.114569 1.134019 1.163236 1.190034 1.209099 1.222170 1.234323 1.251808 1.281936 1.326811 1.391665 1.476679 1.563513 1.634962 1.696127 1.749955 1.790130 1.828504 1.878348 1.931587 1.988313 2.064408 2.083118 1.846017 1.530786 1.359966 1.267759 1.264401 1.298857 1.342304 1.379060 1.416373 1.458745 1.504522 1.522127 1.523848 1.450289 1.314676 1.163154 0.9762340 0.7660592 0.6285877 0.6090077 0.6273377 0.6542303 0.6784990 0.7089445 0.7421234 0.7698362 0.8063962 0.8445373 0.8837898 0.9153636 0.9639512 1.025782 1.093686 1.170763 1.272908
1.091302 1.106760 1.131626 1.158715 1.181062 1.199803 1.215828 1.234766 1.263006 1.304846 1.359183 1.431001 1.514029 1.589912 1.650268 1.705055 1.759872 1.799429 1.831404 1.877490 1.926319 1.971690 2.033907 2.033052 1.839272 1.653522 1.552551 1.394684 1.278271 1.251457 1.279352 1.324620 1.367575 1.414343 1.455415 1.466369 1.501529 1.560299 1.470937 1.126543 0.8037737 0.6319707 0.5856005 0.5847982 0.5973203 0.6150747 0.6351839 0.6597242 0.6863481 0.7100434 0.7407943 0.7736908 0.8023676 0.8311815 0.8658502 0.9094392 0.9567944 1.024981 1.118999
