simulation_files/asc/Depth____82.0.asc
NCOLS       411
NROWS       131
XLLCENTER    2538020.000000
YLLCENTER    1152390.000000
CELLSIZE           1.000
NODATA_VALUE     -9999.0
[rows 26 to 51 of 131, columns 240 to 299 of 411]
1.258470 1.367094 1.440336 1.485333 1.507137 1.519643 1.524597 1.525304 1.522194 1.506595 1.512489 1.503751 1.456366 1.289846 0.9709402 0.8252109 0.8285185 0.8504129 0.8558772 0.8260654 0.7693614 0.7076269 0.6597227 0.6405986 0.6172212 0.5895524 0.5556780 0.5313415 0.5143009 0.5017643 0.4882335 0.4830174 0.4798404 0.4830439 0.4881506 0.4895606 0.4917610 0.4987022 0.5057465 0.5034214 0.5082857 0.5137033 0.5132779 0.5169230 0.5243036 0.5333530 0.5365099 0.5439137 0.5523875 0.5508253 0.5537773 0.5617092 0.5711360 0.5707818 0.5785991 0.5854168 0.5844212 0.5844418 0.5887652 0.5929143
1.235540 1.370918 1.446045 1.484246 1.510947 1.533508 1.547640 1.564418 1.576212 1.572051 1.557737 1.525291 1.483701 1.397147 1.126383 0.8247727 0.7867270 0.8035993 0.8351393 0.8495489 0.8317336 0.7857268 0.7252825 0.6700154 0.6461771 0.6248282 0.6047411 0.5821334 0.5460090 0.5158752 0.4937185 0.4682011 0.4460656 0.4326638 0.4270655 0.4194421 0.4211839 0.4248746 0.4286468 0.4253299 0.4297755 0.4318887 0.4279555 0.4336293 0.4406396 0.4459097 0.4461974 0.4527931 0.4589588 0.4609450 0.4602641 0.4685095 0.4742314 0.4793320 0.4899877 0.4991291 0.5033719 0.5073678 0.5153703 0.5176454
1.206987 1.368385 1.451446 1.485735 1.517811 1.548417 1.578982 1.615160 1.636158 1.643272 1.624493 1.585439 1.544885 1.497978 1.291146 0.9280523 0.7846543 0.7891524 0.7976572 0.8356228 0.8640136 0.8549330 0.8145259 0.7399713 0.6802396 0.6303495 0.6272539 0.6228087 0.6036268 0.5829539 0.5577735 0.5215187 0.4826612 0.4440192 0.4149344 0.3955247 0.3815427 0.3743888 0.3671891 0.3640345 0.3639061 0.3651672 0.3630822 0.3652909 0.3692237 0.3672065 0.3703856 0.3741870 0.3783255 0.3755624 0.3814263 0.3890639 0.3941676 0.3995591 0.4097545 0.4208417 0.4254635 0.4389508 0.4520395 0.4613078
1.162905 1.387569 1.457762 1.498116 1.534287 1.570369 1.613922 1.661123 1.686489 1.694035 1.678009 1.638638 1.601231 1.564067 1.418209 1.088297 0.8343404 0.8043003 0.8035802 0.8105735 0.8466628 0.8767288 0.8733297 0.8255010 0.7575106 0.6742529 0.6271731 0.6168115 0.6237481 0.6263690 0.6125831 0.6034683 0.5665472 0.5386474 0.5029290 0.4584218 0.4194898 0.3870242 0.3647381 0.3470339 0.3354487 0.3286935 0.3244043 0.3225642 0.3217315 0.3195986 0.3212208 0.3236796 0.3250377 0.3268095 0.3315080 0.3363167 0.3392361 0.3430961 0.3501809 0.3554743 0.3645706 0.3781993 0.3919124 0.4002692
0.9954590 1.402832 1.471286 1.517251 1.556638 1.591539 1.637237 1.679882 1.705039 1.711445 1.697034 1.671414 1.643705 1.616082 1.544418 1.136947 0.8587997 0.8362451 0.8286337 0.8204801 0.8335217 0.8676672 0.8921429 0.8961974 0.8692853 0.7943900 0.6877503 0.6128138 0.6132479 0.6265294 0.6371797 0.6387425 0.6284005 0.6122163 0.5990897 0.5696339 0.5284603 0.4796545 0.4455225 0.4070193 0.3764993 0.3605577 0.3410438 0.3266602 0.3175675 0.3132611 0.3088060 0.3070342 0.3075896 0.3089644 0.3112776 0.3148525 0.3151277 0.3160104 0.3163198 0.3186556 0.3202963 0.3280461 0.3361104 0.3408022
-9999.000 -9999.000 1.497295 1.541895 1.582728 1.617221 1.660050 1.691075 1.707468 1.711152 1.706343 1.689393 1.670770 1.651437 1.586562 1.289601 0.9427227 0.8820751 0.8707992 0.8555194 0.8480964 0.8673333 0.8948406 0.9163388 0.9304458 0.9072718 0.8311152 0.6868661 0.6373163 0.6236577 0.6438231 0.6597670 0.6673407 0.6667353 0.6575305 0.6380370 0.6090391 0.5704840 0.5480536 0.5101660 0.4771195 0.4526528 0.4226174 0.3921156 0.3711180 0.3575072 0.3401307 0.3254500 0.3160435 0.3088620 0.3048870 0.3029594 0.3003743 0.2969878 0.2931181 0.2886952 0.2871333 0.2907696 0.2939024 0.2948072
-9999.000 -9999.000 -9999.000 -9999.000 1.611845 1.651925 1.697158 1.720692 1.727009 1.720541 1.715216 1.704048 1.682997 1.667867 1.587857 1.384599 1.049721 0.9374734 0.9221144 0.9029707 0.8878822 0.8792956 0.8976539 0.9281109 0.9530567 0.9668156 0.9524472 0.8417270 0.7377043 0.6558178 0.6596265 0.6683511 0.6802805 0.6941504 0.6887304 0.6775791 0.6559791 0.6308273 0.6071415 0.5882013 0.5647163 0.5436380 0.5199910 0.4885825 0.4660806 0.4390816 0.4156985 0.3907124 0.3695157 0.3395524 0.3135572 0.2991794 0.2836902 0.2725861 0.2651495 0.2580812 0.2586380 0.2627010 0.2649716 0.2629730
-9999.000 -9999.000 -9999.000 -9999.000 -9999.000 1.688179 1.740566 1.766146 1.758332 1.741667 1.730570 1.711589 1.684803 1.667485 1.621738 1.418889 1.166987 1.005302 0.9692027 0.9471337 0.9214238 0.9048331 0.9119200 0.9357815 0.9709662 1.004800 1.030444 1.018618 0.9080284 0.7659343 0.6955253 0.6733000 0.6762996 0.6843109 0.6935231 0.6983203 0.6899708 0.6875255 0.6707686 0.6585848 0.6428037 0.6185864 0.5913860 0.5657223 0.5420402 0.5121868 0.4844062 0.4659532 0.4459202 0.4174756 0.3804320 0.3435036 0.3040184 0.2707643 0.2507714 0.2423127 0.2427202 0.2458128 0.2456800 0.2451993
-9999.000 -9999.000 -9999.000 -9999.000 -9999.000 -9999.000 -9999.000 1.786662 1.773196 1.757664 1.745429 1.721066 1.681972 1.648495 1.587881 1.482721 1.279308 1.070218 1.001878 0.9781573 0.9586144 0.9410090 0.9326307 0.9456186 0.9864256 1.042364 1.080603 1.118482 1.056114 0.9331292 0.7850793 0.6895670 0.6730131 0.6732354 0.6862536 0.7027510 0.7084980 0.7134817 0.7136608 0.7164052 0.6986131 0.6753727 0.6476163 0.6209457 0.6042860 0.5712642 0.5293495 0.5026562 0.4824552 0.4657275 0.4479047 0.4268918 0.3902527 0.3473299 0.3060331 0.2788872 0.2552069 0.2457954 0.2429747 0.2436661
-9999.000 -9999.000 -9999.000 -9999.000 -9999.000 -9999.000 -9999.000 -9999.000 -9999.000 1.759215 1.748856 1.724000 1.677343 1.632005 1.582079 1.539360 1.380575 1.180713 1.046270 1.000329 0.9900252 0.9819019 0.9681169 0.9660818 0.9931467 1.039705 1.092025 1.133055 1.134950 1.056862 0.9224812 0.7801338 0.7127882 0.6780573 0.6858338 0.6983455 0.7158617 0.7272555 0.7280913 0.7306366 0.7347845 0.7276732 0.7055442 0.6760021 0.6446888 0.6155503 0.5799585 0.5458314 0.5123378 0.4877931 0.4769278 0.4719216 0.4683068 0.4587184 0.4480632 0.4050833 0.3426700 0.2897916 0.2618240 0.2526401
-9999.000 -9999.000 -9999.000 -9999.000 -9999.000 -9999.000 -9999.000 -9999.000 -9999.000 -9999.000 1.738814 1.713783 1.685355 1.644216 1.592210 1.544625 1.455489 1.284741 1.118920 1.028941 1.012691 1.014556 1.008700 0.9894172 0.9824337 0.9996297 1.050441 1.099667 1.141207 1.116813 1.039543 0.9128634 0.8069144 0.7419109 0.7022187 0.7005660 0.7075334 0.7275584 0.7396461 0.7455697 0.7494918 0.7485947 0.7453388 0.7183678 0.6899636 0.6614183 0.6323466 0.6083486 0.5752090 0.5393080 0.5166959 0.5057867 0.5057994 0.5136745 0.5253529 0.5234504 0.4905897 0.4373456 0.3740855 0.3154126
-9999.000 -9999.000 -9999.000 -9999.000 -9999.000 -9999.000 -9999.000 -9999.000 -9999.000 -9999.000 -9999.000 -9999.000 1.676829 1.646057 1.595543 1.544903 1.484947 1.360068 1.193232 1.070996 1.036491 1.031383 1.030547 1.002297 0.9676580 0.9394736 0.9752118 1.029471 1.098712 1.125169 1.113305 1.036041 0.9180861 0.8328604 0.7852743 0.7441443 0.7132234 0.7169141 0.7311255 0.7420435 0.7437039 0.7396779 0.7437015 0.7390605 0.7282353 0.7170024 0.6916081 0.6770693 0.6520034 0.6199957 0.5869583 0.5553634 0.5410298 0.5387230 0.5389655 0.5530320 0.5665758 0.5650880 0.5381232 0.4831559
-9999.000 -9999.000 -9999.000 -9999.000 -9999.000 -9999.000 -9999.000 -9999.000 -9999.000 -9999.000 -9999.000 -9999.000 -9999.000 -9999.000 1.590203 1.554226 1.495023 1.424050 1.270797 1.130148 1.067219 1.049960 1.029754 1.000949 0.9671748 0.9152522 0.8903984 0.9283842 1.015969 1.072139 1.120893 1.126225 1.004751 0.9006858 0.8556439 0.8183075 0.7677588 0.7136235 0.6976390 0.6997385 0.7103791 0.7145530 0.7232574 0.7407338 0.7531227 0.7587728 0.7468513 0.7332404 0.7136469 0.6924005 0.6736931 0.6434182 0.5991425 0.5797222 0.5715457 0.5593659 0.5621824 0.5733700 0.5919868 0.6054824
-9999.000 -9999.000 -9999.000 -9999.000 -9999.000 -9999.000 -9999.000 -9999.000 -9999.000 -9999.000 -9999.000 -9999.000 -9999.000 -9999.000 -9999.000 -9999.000 1.499904 1.425480 1.294838 1.167465 1.107315 1.086329 1.050989 0.9966050 0.9939306 0.9456236 0.8425520 0.7920924 0.8623313 0.9740490 1.064236 1.145713 1.107152 0.9718613 0.8553157 0.8301868 0.8125734 0.7541978 0.6912966 0.6546540 0.6660934 0.6790464 0.7057155 0.7219525 0.7432851 0.7630832 0.7676717 0.7657022 0.7573431 0.7403596 0.7191416 0.6884113 0.6588164 0.6274220 0.6147713 0.5970682 0.5871782 0.5858222 0.5971319 0.6174563
-9999.000 -9999.000 -9999.000 -9999.000 -9999.000 -9999.000 -9999.000 -9999.000 -9999.000 -9999.000 -9999.000 -9999.000 -9999.000 -9999.000 -9999.000 -9999.000 -9999.000 1.400883 1.279417 1.196790 1.173256 1.142660 1.083469 1.006982 0.9779455 0.9415902 0.8438006 0.6450182 0.6363823 0.7733397 0.9237659 1.057760 1.103716 1.021162 0.8794226 0.7915013 0.7747016 0.7839196 0.7379487 0.6837921 0.6335222 0.6364845 0.6579994 0.6765327 0.6992817 0.7225626 0.7466925 0.7532456 0.7592953 0.7496638 0.7376823 0.7242296 0.7015677 0.6728171 0.6528991 0.6428716 0.6321503 0.6242409 0.6224600 0.6224871
-9999.000 -9999.000 -9999.000 -9999.000 -9999.000 -9999.000 -9999.000 -9999.000 -9999.000 -9999.000 -9999.000 -9999.000 -9999.000 -9999.000 -9999.000 -9999.000 -9999.000 -9999.000 -9999.000 1.237489 1.221942 1.173895 1.089458 0.9843850 0.9279333 0.8790402 0.7777220 0.5223172 0.3974631 0.4891083 0.6557903 0.7921223 0.9395213 0.9912973 0.9359702 0.7787558 0.7204901 0.7365327 0.7517327 0.7363981 0.6640968 0.6101087 0.5923579 0.6042413 0.6271374 0.6493638 0.6799512 0.6953784 0.7222163 0.7253619 0.7258364 0.7223340 0.7159082 0.7028746 0.6783407 0.6678996 0.6536900 0.6527932 0.6399722 0.6091611
-9999.000 -9999.000 -9999.000 -9999.000 -9999.000 -9999.000 -9999.000 -9999.000 -9999.000 -9999.000 -9999.000 -9999.000 -9999.000 -9999.000 -9999.000 -9999.000 -9999.000 -9999.000 -9999.000 -9999.000 1.210714 1.146104 1.033429 0.9170800 0.8300371 0.7446914 0.6202848 0.3729445 0.2313604 0.2565578 0.3145495 0.3901204 0.6911519 0.8131176 0.8827823 0.7944480 0.6998415 0.6520523 0.6822045 0.7134351 0.7165190 0.6353083 0.5576632 0.5288721 0.5417772 0.5595219 0.5929818 0.6244666 0.6651590 0.6926673 0.7072259 0.7125704 0.7047856 0.6965936 0.6725079 0.6424990 0.6109585 0.6025009 0.5683642 0.5328200
-9999.000 -9999.000 -9999.000 -9999.000 -9999.000 -9999.000 -9999.000 -9999.000 -9999.000 -9999.000 -9999.000 -9999.000 -9999.000 -9999.000 -9999.000 -9999.000 -9999.000 -9999.000 -9999.000 -9999.000 -9999.000 -9999.000 0.9456151 0.8270136 0.7033158 0.5900192 0.3788345 0.2247097 0.7593098E-01 0.9822275E-01 0.1184465 0.1766499 0.3020034 0.5228965 0.6898407 0.7110507 0.6689152 0.5939201 0.5732106 0.6092349 0.6845404 0.6574853 0.5795685 0.4897772 0.4729607 0.4823659 0.5114077 0.5496102 0.5933537 0.6423652 0.6611183 0.6675341 0.6572987 0.6353201 0.6185017 0.5789989 0.5414447 0.5128326 0.5048603 0.4956127
-9999.000 -9999.000 -9999.000 -9999.000 -9999.000 -9999.000 -9999.000 -9999.000 -9999.000 -9999.000 -9999.000 -9999.000 -9999.000 -9999.000 -9999.000 -9999.000 -9999.000 -9999.000 -9999.000 -9999.000 -9999.000 -9999.000 -9999.000 -9999.000 0.5999831 0.4290115 0.2420933 -9999.000 -9999.000 -9999.000 -9999.000 -9999.000 -9999.000 0.2511239 0.3999362 0.4793366 0.5021960 0.5091719 0.4243979 0.4602990 0.5584314 0.6201656 0.6242254 0.5296092 0.4376987 0.4279643 0.4421936 0.4625193 0.4906585 0.5319119 0.5635178 0.5787814 0.5903307 0.5805415 0.5741545 0.5525066 0.5285934 0.4830738 0.4789068 0.4807996
-9999.000 -9999.000 -9999.000 -9999.000 -9999.000 -9999.000 -9999.000 -9999.000 -9999.000 -9999.000 -9999.000 -9999.000 -9999.000 -9999.000 -9999.000 -9999.000 -9999.000 -9999.000 -9999.000 -9999.000 -9999.000 -9999.000 -9999.000 -9999.000 -9999.000 0.2522578 -9999.000 -9999.000 -9999.000 -9999.000 -9999.000 -9999.000 -9999.000 -9999.000 -9999.000 0.2657114 0.2942467 0.2661117 0.2143530 0.2283041 0.3578144 0.4797753 0.5775646 0.5877889 0.4469024 0.3687267 0.3650239 0.3698894 0.3855624 0.4073695 0.4541699 0.4984425 0.5401808 0.5597742 0.5744391 0.5709452 0.5617367 0.5358828 0.5009394 0.4715289
-9999.000 -9999.000 -9999.000 -9999.000 -9999.000 -9999.000 -9999.000 -9999.000 -9999.000 -9999.000 -9999.000 -9999.000 -9999.000 -9999.000 -9999.000 -9999.000 -9999.000 -9999.000 -9999.000 -9999.000 -9999.000 -9999.000 -9999.000 -9999.000 -9999.000 -9999.000 -9999.000 -9999.000 -9999.000 -9999.000 -9999.000 -9999.000 -9999.000 -9999.000 -9999.000 -9999.000 -9999.000 0.8464563E-01 -9999.000 0.6901436E-01 0.1569018 0.2864336 0.3933407 0.5315940 0.4640698 0.3423295 0.2891860 0.2961792 0.3115323 0.3238348 0.3627888 0.3974882 0.4660805 0.5118919 0.5575032 0.5747583 0.5810902 0.5782120 0.5460053 0.5062909
-9999.000 -9999.000 -9999.000 -9999.000 -9999.000 -9999.000 -9999.000 -9999.000 -9999.000 -9999.000 -9999.000 -9999.000 -9999.000 -9999.000 -9999.000 -9999.000 -9999.000 -9999.000 -9999.000 -9999.000 -9999.000 -9999.000 -9999.000 -9999.000 -9999.000 -9999.000 -9999.000 -9999.000 -9999.000 -9999.000 -9999.000 -9999.000 -9999.000 -9999.000 -9999.000 -9999.000 -9999.000 -9999.000 -9999.000 -9999.000 -9999.000 -9999.000 0.1804818 0.2899116 0.3839677 0.3414999 0.2450232 0.2308143 0.2413544 0.2585588 0.2819901 0.3111231 0.3584551 0.4195005 0.4877197 0.5357904 0.5698632 0.5857220 0.5817125 0.5644355
-9999.000 -9999.000 -9999.000 -9999.000 -9999.000 -9999.000 -9999.000 -9999.000 -9999.000 -9999.000 -9999.000 -9999.000 -9999.000 -9999.000 -9999.000 -9999.000 -9999.000 -9999.000 -9999.000 -9999.000 -9999.000 -9999.000 -9999.000 -9999.000 -9999.000 -9999.000 -9999.000 -9999.000 -9999.000 -9999.000 -9999.000 -9999.000 -9999.000 -9999.000 -9999.000 -9999.000 -9999.000 -9999.000 -9999.000 -9999.000 -9999.000 -9999.000 -9999.000 0.1080649 0.2139716 0.2296678 0.1981533 0.1674199 0.1666780 0.1799540 0.2040675 0.2296065 0.2558916 0.3003654 0.3588694 0.4407653 0.5070365 0.5642399 0.5800088 0.5854832
-9999.000 -9999.000 -9999.000 -9999.000 -9999.000 -9999.000 -9999.000 -9999.000 -9999.000 -9999.000 -9999.000 -9999.000 -9999.000 -9999.000 -9999.000 -9999.000 -9999.000 -9999.000 -9999.000 -9999.000 -9999.000 -9999.000 -9999.000 -9999.000 -9999.000 -9999.000 -9999.000 -9999.000 -9999.000 -9999.000 -9999.000 -9999.000 -9999.000 -9999.000 -9999.000 -9999.000 -9999.000 -9999.000 -9999.000 -9999.000 -9999.000 -9999.000 -9999.000 -9999.000 -9999.000 0.6732557E-01 0.9362244E-01 0.1003045 0.9682749E-01 0.9932650E-01 0.1186240 0.1367839 0.1639429 0.1915348 0.2184700 0.2966064 0.3616966 0.4662586 0.5153948 0.5480915
-9999.000 -9999.000 -9999.000 -9999.000 -9999.000 -9999.000 -9999.000 -9999.000 -9999.000 -9999.000 -9999.000 -9999.000 -9999.000 -9999.000 -9999.000 -9999.000 -9999.000 -9999.000 -9999.000 -9999.000 -9999.000 -9999.000 -9999.000 -9999.000 -9999.000 -9999.000 -9999.000 -9999.000 -9999.000 -9999.000 -9999.000 -9999.000 -9999.000 -9999.000 -9999.000 -9999.000 -9999.000 -9999.000 -9999.000 -9999.000 -9999.000 -9999.000 -9999.000 -9999.000 -9999.000 -9999.000 -9999.000 -9999.000 0.4344639E-01 0.3518344E-01 0.4659548E-01 0.4914848E-01 0.6465022E-01 0.8574190E-01 0.1008439 0.1301614 0.1803046 0.2571899 0.3533183 0.4206144
-9999.000 -9999.000 -9999.000 -9999.000 -9999.000 -9999.000 -9999.000 -9999.000 -9999.000 -9999.000 -9999.000 -9999.000 -9999.000 -9999.000 -9999.000 -9999.000 -9999.000 -9999.000 -9999.000 -9999.000 -9999.000 -9999.000 -9999.000 -9999.000 -9999.000 -9999.000 -9999.000 -9999.000 -9999.000 -9999.000 -9999.000 -9999.000 -9999.000 -9999.000 -9999.000 -9999.000 -9999.000 -9999.000 -9999.000 -9999.000 -9999.000 -9999.000 -9999.000 -9999.000 -9999.000 -9999.000 -9999.000 -9999.000 -9999.000 -9999.000 -9999.000 -9999.000 -9999.000 0.2569395E-01 0.3935193E-01 -9999.000 0.5565340E-01 0.8576804E-01 0.1536158 0.2311661
