simulation_files/asc/Depth____000196.asc
NCOLS        79
NROWS        79
XLLCENTER         -1.500000
YLLCENTER         -4.800000
CELLSIZE           0.100
NODATA_VALUE     -9999.0
[rows 0 to 25 of 79, columns 0 to 58 of 79]
-9999.000 -9999.000 -9999.000 -9999.000 -9999.000 -9999.000 -9999.000 -9999.000 -9999.000 -9999.000 -9999.000 -9999.000 -9999.000 -9999.000 -9999.000 0.7563122 0.7568766 0.7572291 0.7574100 0.7573261 0.7570617 0.7567275 0.7563722 0.7560172 0.7556950 0.7554026 0.7551383 0.7548823 0.7545353 0.7545159 0.7545159 -9999.000 -9999.000 -9999.000 -9999.000 -9999.000 -9999.000 -9999.000 -9999.000 -9999.000 -9999.000 -9999.000 -9999.000 -9999.000 -9999.000 -9999.000 -9999.000 -9999.000 -9999.000 -9999.000 -9999.000 -9999.000 -9999.000 -9999.000 -9999.000 -9999.000 -9999.000 -9999.000 -9999.000
-9999.000 -9999.000 -9999.000 -9999.000 -9999.000 -9999.000 -9999.000 -9999.000 -9999.000 -9999.000 -9999.000 -9999.000 -9999.000 -9999.000 -9999.000 0.7581578 0.7586519 0.7589374 0.7590829 0.7590132 0.7588001 0.7585374 0.7582633 0.7579938 0.7577541 0.7575395 0.7573473 0.7571588 0.7568855 0.7569516 0.7569516 -9999.000 -9999.000 -9999.000 -9999.000 -9999.000 -9999.000 -9999.000 -9999.000 -9999.000 -9999.000 -9999.000 -9999.000 -9999.000 -9999.000 -9999.000 -9999.000 -9999.000 -9999.000 -9999.000 -9999.000 -9999.000 -9999.000 -9999.000 -9999.000 -9999.000 -9999.000 -9999.000 -9999.000
-9999.000 -9999.000 -9999.000 -9999.000 -9999.000 -9999.000 -9999.000 -9999.000 -9999.000 -9999.000 -9999.000 -9999.000 -9999.000 -9999.000 -9999.000 0.7600682 0.7606031 0.7609046 0.7610631 0.7610014 0.7607931 0.7605351 0.7602671 0.7600046 0.7597733 0.7595669 0.7593818 0.7591972 0.7589197 0.7589822 0.7589822 -9999.000 -9999.000 -9999.000 -9999.000 -9999.000 -9999.000 -9999.000 -9999.000 -9999.000 -9999.000 -9999.000 -9999.000 -9999.000 -9999.000 -9999.000 -9999.000 -9999.000 -9999.000 -9999.000 -9999.000 -9999.000 -9999.000 -9999.000 -9999.000 -9999.000 -9999.000 -9999.000 -9999.000
-9999.000 -9999.000 -9999.000 -9999.000 -9999.000 -9999.000 -9999.000 -9999.000 -9999.000 -9999.000 -9999.000 -9999.000 -9999.000 -9999.000 -9999.000 0.7620259 0.7625896 0.7629013 0.7630671 0.7630073 0.7627968 0.7625366 0.7622668 0.7620028 0.7617714 0.7615649 0.7613792 0.7611923 0.7609050 0.7609475 0.7609475 -9999.000 -9999.000 -9999.000 -9999.000 -9999.000 -9999.000 -9999.000 -9999.000 -9999.000 -9999.000 -9999.000 -9999.000 -9999.000 -9999.000 -9999.000 -9999.000 -9999.000 -9999.000 -9999.000 -9999.000 -9999.000 -9999.000 -9999.000 -9999.000 -9999.000 -9999.000 -9999.000 -9999.000
-9999.000 -9999.000 -9999.000 -9999.000 -9999.000 -9999.000 -9999.000 -9999.000 -9999.000 -9999.000 -9999.000 -9999.000 -9999.000 -9999.000 -9999.000 0.7639999 0.7645882 0.7649082 0.7650786 0.7650177 0.7648017 0.7645357 0.7642605 0.7639912 0.7637562 0.7635460 0.7633564 0.7631642 0.7628631 0.7628729 0.7628729 -9999.000 -9999.000 -9999.000 -9999.000 -9999.000 -9999.000 -9999.000 -9999.000 -9999.000 -9999.000 -9999.000 -9999.000 -9999.000 -9999.000 -9999.000 -9999.000 -9999.000 -9999.000 -9999.000 -9999.000 -9999.000 -9999.000 -9999.000 -9999.000 -9999.000 -9999.000 -9999.000 -9999.000
-9999.000 -9999.000 -9999.000 -9999.000 -9999.000 -9999.000 -9999.000 -9999.000 -9999.000 -9999.000 -9999.000 -9999.000 -9999.000 -9999.000 -9999.000 0.7659776 0.7665889 0.7669160 0.7670897 0.7670262 0.7668030 0.7665296 0.7662473 0.7659711 0.7657308 0.7655153 0.7653204 0.7651209 0.7648027 0.7647678 0.7647678 -9999.000 -9999.000 -9999.000 -9999.000 -9999.000 -9999.000 -9999.000 -9999.000 -9999.000 -9999.000 -9999.000 -9999.000 -9999.000 -9999.000 -9999.000 -9999.000 -9999.000 -9999.000 -9999.000 -9999.000 -9999.000 -9999.000 -9999.000 -9999.000 -9999.000 -9999.000 -9999.000 -9999.000
-9999.000 -9999.000 -9999.000 -9999.000 -9999.000 -9999.000 -9999.000 -9999.000 -9999.000 -9999.000 -9999.000 -9999.000 -9999.000 -9999.000 -9999.000 0.7679530 0.7685872 0.7689204 0.7690966 0.7690297 0.7687981 0.7685163 0.7682263 0.7679422 0.7676961 0.7674745 0.7672732 0.7670653 0.7667266 0.7666331 0.7666331 -9999.000 -9999.000 -9999.000 -9999.000 -9999.000 -9999.000 -9999.000 -9999.000 -9999.000 -9999.000 -9999.000 -9999.000 -9999.000 -9999.000 -9999.000 -9999.000 -9999.000 -9999.000 -9999.000 -9999.000 -9999.000 -9999.000 -9999.000 -9999.000 -9999.000 -9999.000 -9999.000 -9999.000
-9999.000 -9999.000 -9999.000 -9999.000 -9999.000 -9999.000 -9999.000 -9999.000 -9999.000 -9999.000 -9999.000 -9999.000 -9999.000 -9999.000 -9999.000 0.7699237 0.7705809 0.7709194 0.7710971 0.7710261 0.7707850 0.7704945 0.7701963 0.7699040 0.7696519 0.7694237 0.7692154 0.7689978 0.7686350 0.7684656 0.7684656 -9999.000 -9999.000 -9999.000 -9999.000 -9999.000 -9999.000 -9999.000 -9999.000 -9999.000 -9999.000 -9999.000 -9999.000 -9999.000 -9999.000 -9999.000 -9999.000 -9999.000 -9999.000 -9999.000 -9999.000 -9999.000 -9999.000 -9999.000 -9999.000 -9999.000 -9999.000 -9999.000 -9999.000
-9999.000 -9999.000 -9999.000 -9999.000 -9999.000 -9999.000 -9999.000 -9999.000 -9999.000 -9999.000 -9999.000 -9999.000 -9999.000 -9999.000 -9999.000 0.7718881 0.7725684 0.7729114 0.7730899 0.7730139 0.7727625 0.7724628 0.7721561 0.7718551 0.7715971 0.7713619 0.7711461 0.7709177 0.7705268 0.7702591 0.7702591 -9999.000 -9999.000 -9999.000 -9999.000 -9999.000 -9999.000 -9999.000 -9999.000 -9999.000 -9999.000 -9999.000 -9999.000 -9999.000 -9999.000 -9999.000 -9999.000 -9999.000 -9999.000 -9999.000 -9999.000 -9999.000 -9999.000 -9999.000 -9999.000 -9999.000 -9999.000 -9999.000 -9999.000
-9999.000 -9999.000 -9999.000 -9999.000 -9999.000 -9999.000 -9999.000 -9999.000 -9999.000 -9999.000 -9999.000 -9999.000 -9999.000 -9999.000 -9999.000 0.7738448 0.7745486 0.7748951 0.7750736 0.7749916 0.7747289 0.7744195 0.7741041 0.7737941 0.7735304 0.7732881 0.7730641 0.7728236 0.7723994 0.7720035 0.7720035 -9999.000 -9999.000 -9999.000 -9999.000 -9999.000 -9999.000 -9999.000 -9999.000 -9999.000 -9999.000 -9999.000 -9999.000 -9999.000 -9999.000 -9999.000 -9999.000 -9999.000 -9999.000 -9999.000 -9999.000 -9999.000 -9999.000 -9999.000 -9999.000 -9999.000 -9999.000 -9999.000 -9999.000
-9999.000 -9999.000 -9999.000 -9999.000 -9999.000 -9999.000 -9999.000 -9999.000 -9999.000 -9999.000 -9999.000 -9999.000 -9999.000 -9999.000 -9999.000 0.7757925 0.7765201 0.7768690 0.7770465 0.7769575 0.7766823 0.7763627 0.7760385 0.7757192 0.7754500 0.7752000 0.7749673 0.7747129 0.7742497 0.7736846 0.7736846 -9999.000 -9999.000 -9999.000 -9999.000 -9999.000 -9999.000 -9999.000 -9999.000 -9999.000 -9999.000 -9999.000 -9999.000 -9999.000 -9999.000 -9999.000 -9999.000 -9999.000 -9999.000 -9999.000 -9999.000 -9999.000 -9999.000 -9999.000 -9999.000 -9999.000 -9999.000 -9999.000 -9999.000
-9999.000 -9999.000 -9999.000 -9999.000 -9999.000 -9999.000 -9999.000 -9999.000 -9999.000 -9999.000 -9999.000 -9999.000 -9999.000 -9999.000 -9999.000 0.7777280 0.7784802 0.7788301 0.7790061 0.7789097 0.7786207 0.7782904 0.7779571 0.7776281 0.7773536 0.7770956 0.7768533 0.7765829 0.7760730 0.7752820 0.7752820 -9999.000 -9999.000 -9999.000 -9999.000 -9999.000 -9999.000 -9999.000 -9999.000 -9999.000 -9999.000 -9999.000 -9999.000 -9999.000 -9999.000 -9999.000 -9999.000 -9999.000 -9999.000 -9999.000 -9999.000 -9999.000 -9999.000 -9999.000 -9999.000 -9999.000 -9999.000 -9999.000 -9999.000
-9999.000 -9999.000 -9999.000 -9999.000 -9999.000 -9999.000 -9999.000 -9999.000 -9999.000 -9999.000 -9999.000 -9999.000 -9999.000 -9999.000 -9999.000 0.7796308 0.7804112 0.7807622 0.7809427 0.7808476 0.7805475 0.7802061 0.7798631 0.7795232 0.7792431 0.7789756 0.7787219 0.7784323 0.7778659 0.7767674 0.7767674 -9999.000 -9999.000 -9999.000 -9999.000 -9999.000 -9999.000 -9999.000 -9999.000 -9999.000 -9999.000 -9999.000 -9999.000 -9999.000 -9999.000 -9999.000 -9999.000 -9999.000 -9999.000 -9999.000 -9999.000 -9999.000 -9999.000 -9999.000 -9999.000 -9999.000 -9999.000 -9999.000 -9999.000
-9999.000 -9999.000 -9999.000 -9999.000 -9999.000 -9999.000 -9999.000 -9999.000 -9999.000 -9999.000 -9999.000 -9999.000 -9999.000 -9999.000 -9999.000 0.7809815 0.7818843 0.7823515 0.7827834 0.7828779 0.7826226 0.7822660 0.7819018 0.7815349 0.7812332 0.7809392 0.7806586 0.7803347 0.7796906 0.7781720 0.7781720 -9999.000 -9999.000 -9999.000 -9999.000 -9999.000 -9999.000 -9999.000 -9999.000 -9999.000 -9999.000 -9999.000 -9999.000 -9999.000 -9999.000 -9999.000 -9999.000 -9999.000 -9999.000 -9999.000 -9999.000 -9999.000 -9999.000 -9999.000 -9999.000 -9999.000 -9999.000 -9999.000 -9999.000
-9999.000 -9999.000 -9999.000 -9999.000 -9999.000 -9999.000 -9999.000 -9999.000 -9999.000 -9999.000 -9999.000 -9999.000 -9999.000 -9999.000 -9999.000 0.7644789 0.7760484 0.7825366 0.7876604 0.7898699 0.7894152 0.7881682 0.7869450 0.7858089 0.7848756 0.7840675 0.7833766 0.7827084 0.7816827 0.7788226 0.7788226 -9999.000 -9999.000 -9999.000 -9999.000 -9999.000 -9999.000 -9999.000 -9999.000 -9999.000 -9999.000 -9999.000 -9999.000 -9999.000 -9999.000 -9999.000 -9999.000 -9999.000 -9999.000 -9999.000 -9999.000 -9999.000 -9999.000 -9999.000 -9999.000 -9999.000 -9999.000 -9999.000 -9999.000
0.8827099 0.8827099 0.8897577 0.8636336 0.8589325 0.8589325 0.8552023 0.8490882 0.8490882 0.8440802 0.8440802 0.8398101 0.8378785 0.8360552 0.8343121 0.8343121 0.7884830 0.7869751 0.7857814 0.7842457 0.7844146 0.7862063 0.7884185 0.7908719 0.7942593 0.7973832 0.8001244 0.8015415 0.7978175 0.7730972 0.7730972 0.5616734 0.5204420 0.4916194 0.4815691 0.4815691 0.4639762 0.4639762 0.4565231 0.4565231 0.4609218 0.4943490 0.4943490 0.5654346 0.5654346 0.6804326 0.6804326 0.6804326 0.6938852 0.6938852 0.6885509 0.6885509 0.6749038 0.6749038 0.6587389 0.6587389 0.6427519 0.6427519 0.6427519
0.8793561 0.8793561 0.8886371 0.8626034 0.8577794 0.8577794 0.8540165 0.8479080 0.8479080 0.8429207 0.8429207 0.8386696 0.8367465 0.8349315 0.8331968 0.8331968 0.7947282 0.7876652 0.7820454 0.7768856 0.7728845 0.7701182 0.7682763 0.7673423 0.7676313 0.7687680 0.7706280 0.7728067 0.7737498 0.7675214 0.7675214 0.6308781 0.5726091 0.5120306 0.4939013 0.4939013 0.4697426 0.4697426 0.4616885 0.4616885 0.4661403 0.4969879 0.4969879 0.5572254 0.5572254 0.6659799 0.6659799 0.6659799 0.6895280 0.6895280 0.6875402 0.6875402 0.6750574 0.6750574 0.6593258 0.6593258 0.6435328 0.6435328 0.6435328
0.8775964 0.8775964 0.8882835 0.8627208 0.8578249 0.8578249 0.8540066 0.8478638 0.8478638 0.8428735 0.8428735 0.8386189 0.8366933 0.8348752 0.8331354 0.8331354 0.7996928 0.7883243 0.7785409 0.7697535 0.7622817 0.7562884 0.7516381 0.7482468 0.7462573 0.7454962 0.7458368 0.7469971 0.7478866 0.7441885 0.7441885 0.6615220 0.6035715 0.5302396 0.5067302 0.5067302 0.4779286 0.4779286 0.4734821 0.4734821 0.4813585 0.5151579 0.5151579 0.5643458 0.5643458 0.6533921 0.6533921 0.6533921 0.6813129 0.6813129 0.6836700 0.6836700 0.6733508 0.6733508 0.6585478 0.6585478 0.6431925 0.6431925 0.6431925
0.8763243 0.8763243 0.8877308 0.8628346 0.8579056 0.8579056 0.8540318 0.8478528 0.8478528 0.8428672 0.8428672 0.8386175 0.8366929 0.8348751 0.8331314 0.8331314 0.8033214 0.7885783 0.7749538 0.7625557 0.7517105 0.7426367 0.7353216 0.7296826 0.7257352 0.7233461 0.7223591 0.7225240 0.7230537 0.7208993 0.7208993 0.6704362 0.6210686 0.5467405 0.5211344 0.5211344 0.4927002 0.4927002 0.4968125 0.4968125 0.5093624 0.5434421 0.5434421 0.5773819 0.5773819 0.6397830 0.6397830 0.6397830 0.6679582 0.6679582 0.6751869 0.6751869 0.6685751 0.6685751 0.6558500 0.6558500 0.6416782 0.6416782 0.6416782
0.8755440 0.8755440 0.8869663 0.8629466 0.8579915 0.8579915 0.8540618 0.8478428 0.8478428 0.8428614 0.8428614 0.8386170 0.8366933 0.8348763 0.8331263 0.8331263 0.8051850 0.7876672 0.7706212 0.7548190 0.7407296 0.7286407 0.7186377 0.7106881 0.7047639 0.7007498 0.6984789 0.6977059 0.6978272 0.6966961 0.6966961 0.6659952 0.6271392 0.5594452 0.5357314 0.5357314 0.5164458 0.5164458 0.5337933 0.5337933 0.5493081 0.5759645 0.5759645 0.5919155 0.5919155 0.6269923 0.6269923 0.6269923 0.6515372 0.6515372 0.6626364 0.6626364 0.6606619 0.6606619 0.6511694 0.6511694 0.6390601 0.6390601 0.6390601
0.8752643 0.8752643 0.8859770 0.8630688 0.8580754 0.8580754 0.8540928 0.8478360 0.8478360 0.8428582 0.8428582 0.8386187 0.8366960 0.8348791 0.8331193 0.8331193 0.8050078 0.7849628 0.7648659 0.7459562 0.7288619 0.7139331 0.7013246 0.6910594 0.6831135 0.6773950 0.6737530 0.6719626 0.6715522 0.6710241 0.6710241 0.6527815 0.6241743 0.5689746 0.5521562 0.5521562 0.5528772 0.5528772 0.5822248 0.5822248 0.5952920 0.6065079 0.6065079 0.6053453 0.6053453 0.6168365 0.6168365 0.6168365 0.6348147 0.6348147 0.6474805 0.6474805 0.6499476 0.6499476 0.6444694 0.6444694 0.6352782 0.6352782 0.6352782
0.8758297 0.8758297 0.8845238 0.8631785 0.8581411 0.8581411 0.8541165 0.8478298 0.8478298 0.8428529 0.8428529 0.8386163 0.8366942 0.8348777 0.8331044 0.8331044 0.8025298 0.7799158 0.7570132 0.7353066 0.7155167 0.6980266 0.6830233 0.6705670 0.6606516 0.6532121 0.6481270 0.6452082 0.6440978 0.6437955 0.6437955 0.6335353 0.6143857 0.5787011 0.5758284 0.5758284 0.6042848 0.6042848 0.6341217 0.6341217 0.6385241 0.6314148 0.6314148 0.6169162 0.6169162 0.6101053 0.6101053 0.6101053 0.6199957 0.6199957 0.6315017 0.6315017 0.6371711 0.6371711 0.6358730 0.6358730 0.6302812 0.6302812 0.6302812
0.8759083 0.8759083 0.8841110 0.8632243 0.8581671 0.8581671 0.8541259 0.8478281 0.8478281 0.8428516 0.8428516 0.8386162 0.8366943 0.8348779 0.8330848 0.8330848 0.7973950 0.7719409 0.7463491 0.7221280 0.6999903 0.6802965 0.6632225 0.6488336 0.6371318 0.6280717 0.6215633 0.6174626 0.6155215 0.6151831 0.6151831 0.6102825 0.6003721 0.5959252 0.6151772 0.6151772 0.6657577 0.6657577 0.6789390 0.6789390 0.6725146 0.6503562 0.6503562 0.6269141 0.6269141 0.6066576 0.6066576 0.6066576 0.6082822 0.6082822 0.6163403 0.6163403 0.6233650 0.6233650 0.6257483 0.6257483 0.6241276 0.6241276 0.6241276
0.8758298 0.8758298 0.8845236 0.8631786 0.8581414 0.8581414 0.8541165 0.8478298 0.8478298 0.8428527 0.8428527 0.8386163 0.8366942 0.8348777 0.8330562 0.8330562 0.7890422 0.7603149 0.7320549 0.7055802 0.6814750 0.6600057 0.6412858 0.6253465 0.6121745 0.6017289 0.5939415 0.5887112 0.5859144 0.5855504 0.5855504 0.5851661 0.5865908 0.6319195 0.6754120 0.6754120 0.7238391 0.7238391 0.7111086 0.7111086 0.6962973 0.6647046 0.6647046 0.6357121 0.6357121 0.6057768 0.6057768 0.6057768 0.5999079 0.5999079 0.6031675 0.6031675 0.6096666 0.6096666 0.6147226 0.6147226 0.6170494 0.6170494 0.6170494
0.8752645 0.8752645 0.8859768 0.8630690 0.8580756 0.8580756 0.8540930 0.8478360 0.8478360 0.8428578 0.8428578 0.8386186 0.8366960 0.8348790 0.8330172 0.8330172 0.7765714 0.7440387 0.7130958 0.6846473 0.6590124 0.6362788 0.6164397 0.5994505 0.5852550 0.5737950 0.5650096 0.5588359 0.5553486 0.5556775 0.5556775 0.5619578 0.5825339 0.6944757 0.7479318 0.7479318 0.7655174 0.7655174 0.7317466 0.7317466 0.7124578 0.6759411 0.6759411 0.6434995 0.6434995 0.6066169 0.6066169 0.6066169 0.5944960 0.5944960 0.5925871 0.5925871 0.5971164 0.5971164 0.6036187 0.6036187 0.6094868 0.6094868 0.6094868
0.8755442 0.8755442 0.8869658 0.8629468 0.8579918 0.8579918 0.8540618 0.8478428 0.8478428 0.8428610 0.8428610 0.8386170 0.8366933 0.8348763 0.8329574 0.8329574 0.7585009 0.7216280 0.6880619 0.6580302 0.6314276 0.6080664 0.5877591 0.5703464 0.5557021 0.5437322 0.5343663 0.5275879 0.5239826 0.5279678 0.5279678 0.5500678 0.6060150 0.7733989 0.8098422 0.8098422 0.7887778 0.7887778 0.7448669 0.7448669 0.7238097 0.6848996 0.6848996 0.6502116 0.6502116 0.6083837 0.6083837 0.6083837 0.5913758 0.5913758 0.5846909 0.5846909 0.5864878 0.5864878 0.5933219 0.5933219 0.6020502 0.6020502 0.6020502
