simulation_files/asc/Depth____300.0.asc
NCOLS       216
NROWS       273
XLLCENTER        494.688995
YLLCENTER        787.867981
CELLSIZE           0.500
NODATA_VALUE     -9999.0
[rows 182 to 207 of 273, columns 120 to 179 of 216]
-9999.000 -9999.000 -9999.000 -9999.000 -9999.000 -9999.000 -9999.000 -9999.000 0.3421578E-01 0.6936018E-01 0.1522980 0.2364050 0.2417589 0.1897793 0.1104857 0.6079733E-01 0.2699004E-01 0.4641359E-01 0.7366028E-01 0.7036662E-01 0.6825833E-01 0.1311562 0.2248450 0.2184070 0.2277542 0.2753519 0.2818531 0.2564003 0.2757331 0.3161201 0.3465402 0.3732836 0.3506991 0.3106201 0.2888364 0.2957717 0.2966775 0.3003512 0.2700579 0.2145268 0.1472735 0.6797006E-01 -9999.000 -9999.000 -9999.000 -9999.000 -9999.000 -9999.000 -9999.000 -9999.000 -9999.000 -9999.000 -9999.000 -9999.000 -9999.000 -9999.000 -9999.000 -9999.000 -9999.000 -9999.000
-9999.000 -9999.000 -9999.000 -9999.000 -9999.000 -9999.000 -9999.000 -9999.000 -9999.000 0.5242986E-01 0.1316436 0.2084151 0.2371861 0.2124626 0.1649335 0.1028966 0.5272554E-01 0.5071198E-01 0.6676462E-01 0.5552484E-01 0.5849766E-01 0.1177657 0.1768369 0.1897965 0.2249831 0.2979718 0.3183556 0.2697155 0.2814940 0.3524851 0.3793687 0.3902506 0.3797799 0.3323187 0.3167824 0.3096400 0.3135196 0.3157238 0.2977394 0.2745712 0.1875819 0.7791407E-01 -9999.000 -9999.000 -9999.000 -9999.000 -9999.000 -9999.000 -9999.000 -9999.000 -9999.000 -9999.000 -9999.000 -9999.000 -9999.000 -9999.000 -9999.000 -9999.000 -9999.000 -9999.000
-9999.000 -9999.000 -9999.000 -9999.000 -9999.000 -9999.000 -9999.000 -9999.000 -9999.000 -9999.000 0.1212739 0.2092719 0.2433054 0.2411608 0.2064505 0.1521616 0.9735789E-01 0.6233106E-01 0.5597067E-01 0.5285211E-01 0.6166170E-01 0.8729811E-01 0.1012413 0.1180229 0.1760737 0.2573656 0.3054663 0.2900270 0.3150841 0.3625286 0.3437223 0.3318754 0.3365172 0.3211196 0.2773082 0.2747801 0.2809391 0.2943330 0.3004344 0.2889747 0.2373785 0.1303827 0.5519959E-01 -9999.000 -9999.000 -9999.000 -9999.000 -9999.000 -9999.000 -9999.000 -9999.000 -9999.000 -9999.000 -9999.000 -9999.000 -9999.000 -9999.000 -9999.000 -9999.000 -9999.000
-9999.000 -9999.000 -9999.000 -9999.000 -9999.000 -9999.000 -9999.000 -9999.000 -9999.000 0.1310517E-01 0.1130111 0.2071885 0.2540937 0.2580529 0.2377880 0.1913455 0.1271028 0.7466540E-01 0.5945491E-01 0.6616161E-01 0.7770152E-01 0.7707578E-01 0.6736067E-01 0.8877896E-01 0.1328818 0.1938840 0.2469834 0.2714987 0.3374798 0.3130079 0.2469514 0.2615210 0.2791515 0.2126309 0.1764319 0.1561968 0.1890009 0.2134033 0.2491452 0.2589800 0.2270969 0.1614946 0.1216594 -9999.000 -9999.000 -9999.000 -9999.000 -9999.000 -9999.000 -9999.000 -9999.000 -9999.000 -9999.000 -9999.000 -9999.000 -9999.000 -9999.000 -9999.000 -9999.000 -9999.000
-9999.000 -9999.000 -9999.000 -9999.000 -9999.000 -9999.000 -9999.000 -9999.000 -9999.000 -9999.000 -9999.000 0.1813445 0.2447051 0.2570314 0.2480867 0.2052237 0.1436233 0.7941905E-01 0.5060350E-01 0.5234773E-01 0.7056305E-01 0.7159443E-01 0.7110409E-01 0.9967100E-01 0.1539718 0.2002929 0.2354321 0.2585300 0.2693458 0.2195329 0.1944001 0.2938800 0.3175284 0.2643706 0.1886521 0.1654658 0.1808001 0.2010107 0.2180446 0.2293042 0.2184675 0.1891372 0.1526907 0.1088954 -9999.000 -9999.000 -9999.000 -9999.000 -9999.000 -9999.000 -9999.000 -9999.000 -9999.000 -9999.000 -9999.000 -9999.000 -9999.000 -9999.000 -9999.000 -9999.000
-9999.000 -9999.000 -9999.000 -9999.000 -9999.000 -9999.000 -9999.000 -9999.000 -9999.000 -9999.000 -9999.000 0.1542611 0.2172891 0.2279590 0.2373917 0.2006486 0.1189135 0.7417685E-01 0.4938890E-01 0.3408870E-01 0.4188655E-01 0.6206845E-01 0.7759996E-01 0.1200765 0.1954913 0.2215109 0.2126139 0.1923694 0.2009880 0.1980626 0.2084560 0.2963094 0.3625912 0.3417288 0.2769918 0.2047724 0.2125102 0.2367896 0.2335907 0.2154751 0.2127231 0.1826367 0.1377840 0.9335898E-01 -9999.000 -9999.000 -9999.000 -9999.000 -9999.000 -9999.000 -9999.000 -9999.000 -9999.000 -9999.000 -9999.000 -9999.000 -9999.000 -9999.000 -9999.000 -9999.000
-9999.000 -9999.000 -9999.000 -9999.000 -9999.000 -9999.000 -9999.000 -9999.000 -9999.000 -9999.000 -9999.000 0.1477894 0.1978582 0.1993429 0.2171216 0.1943958 0.1348695 0.1050728 0.7587965E-01 0.4638835E-01 0.3387670E-01 0.3962427E-01 0.5928985E-01 0.1006065 0.1421966 0.1501207 0.1742623 0.1752494 0.2181374 0.2515702 0.2334518 0.2661302 0.3170611 0.3041127 0.2690438 0.2364865 0.2322020 0.2223579 0.1913408 0.1979828 0.2129716 0.2021824 0.1878291 0.1524519 0.1129277 0.6428158E-01 -9999.000 -9999.000 -9999.000 -9999.000 -9999.000 -9999.000 -9999.000 -9999.000 -9999.000 -9999.000 -9999.000 -9999.000 -9999.000 -9999.000
-9999.000 -9999.000 -9999.000 -9999.000 -9999.000 -9999.000 -9999.000 -9999.000 -9999.000 -9999.000 -9999.000 0.1002925 0.1647793 0.1971450 0.2203003 0.2178019 0.1935031 0.1679265 0.1216453 0.9224160E-01 0.4654235E-01 0.2221803E-01 0.3361567E-01 0.6511911E-01 0.8383669E-01 0.9927746E-01 0.1818454 0.2220980 0.2658469 0.2925005 0.2819712 0.2700028 0.2631955 0.2362214 0.2450693 0.2526073 0.2475890 0.1909971 0.1891852 0.2249162 0.2408714 0.2369582 0.2498388 0.2317170 0.1923067 0.1092109 0.3311325E-01 -9999.000 -9999.000 -9999.000 -9999.000 -9999.000 -9999.000 -9999.000 -9999.000 -9999.000 -9999.000 -9999.000 -9999.000 -9999.000
-9999.000 -9999.000 -9999.000 -9999.000 -9999.000 -9999.000 -9999.000 -9999.000 -9999.000 -9999.000 -9999.000 -9999.000 0.1102716 0.1654711 0.2039833 0.2214253 0.2250281 0.2175366 0.1656947 0.1254277 0.7183786E-01 0.1908180E-01 0.1838986E-01 0.3057251E-01 0.5071524E-01 0.9518525E-01 0.1722038 0.2258209 0.2662305 0.2923993 0.2811697 0.2842188 0.2946118 0.2643699 0.2590599 0.3010736 0.2628391 0.2267538 0.2579887 0.2875357 0.2864286 0.2775718 0.2967828 0.2779638 0.2382493 0.1474996 0.4131798E-01 -9999.000 -9999.000 -9999.000 -9999.000 -9999.000 -9999.000 -9999.000 -9999.000 -9999.000 -9999.000 -9999.000 -9999.000 -9999.000
-9999.000 -9999.000 -9999.000 -9999.000 -9999.000 -9999.000 -9999.000 -9999.000 -9999.000 -9999.000 -9999.000 -9999.000 0.5790560E-01 0.1111663 0.1662993 0.2033900 0.2380100 0.2443378 0.2093412 0.1679118 0.1174113 0.5484026E-01 0.3166327E-01 0.3588395E-01 0.4417705E-01 0.7241594E-01 0.1221405 0.1814539 0.2315955 0.2647342 0.2614722 0.2745702 0.2909667 0.2520577 0.2738540 0.3102129 0.2586572 0.2655857 0.3273686 0.3517687 0.3214693 0.3170615 0.3341624 0.2832433 0.2250883 0.1333292 0.4212671E-01 0.2034080E-01 -9999.000 -9999.000 -9999.000 -9999.000 -9999.000 -9999.000 -9999.000 -9999.000 -9999.000 -9999.000 -9999.000 -9999.000
-9999.000 -9999.000 -9999.000 -9999.000 -9999.000 -9999.000 -9999.000 -9999.000 -9999.000 -9999.000 -9999.000 -9999.000 -9999.000 0.6439174E-01 0.1240390 0.1881492 0.2171429 0.2451526 0.2435497 0.2049885 0.1626837 0.1088910 0.6554528E-01 0.4136048E-01 0.3249518E-01 0.4219151E-01 0.7263215E-01 0.1414133 0.2122576 0.2543356 0.2324604 0.2233515 0.2172019 0.2246912 0.2952292 0.3194230 0.2714719 0.2939438 0.3696495 0.3852384 0.3539052 0.3216644 0.2677612 0.2055136 0.1658255 0.1166782 0.8259590E-01 0.5447956E-01 -9999.000 -9999.000 -9999.000 -9999.000 -9999.000 -9999.000 -9999.000 -9999.000 -9999.000 -9999.000 -9999.000 -9999.000
-9999.000 -9999.000 -9999.000 -9999.000 -9999.000 -9999.000 -9999.000 -9999.000 -9999.000 -9999.000 -9999.000 -9999.000 -9999.000 0.3976197E-01 0.1104431 0.1324748 0.1285525 0.1609453 0.2021225 0.2049763 0.1946395 0.1529476 0.9980641E-01 0.5893420E-01 0.3276016E-01 -9999.000 0.3714365E-01 0.1025846 0.1867451 0.2201109 0.1640354 0.1894121 0.2213530 0.2415191 0.3092673 0.3343467 0.3069347 0.3252311 0.3614661 0.3735255 0.3282236 0.2351964 0.1973272 0.1618242 0.1742455 0.1876919 0.1671949 0.1294554 0.1007861 -9999.000 -9999.000 -9999.000 -9999.000 -9999.000 -9999.000 -9999.000 -9999.000 -9999.000 -9999.000 -9999.000
-9999.000 -9999.000 -9999.000 -9999.000 -9999.000 -9999.000 -9999.000 -9999.000 -9999.000 -9999.000 -9999.000 -9999.000 -9999.000 -9999.000 0.7942809E-01 0.7522865E-01 -9999.000 0.4884871E-01 0.1073718 0.1739222 0.2144339 0.1854030 0.1505146 0.1031034 0.6452872E-01 0.4718471E-01 0.3249224E-01 0.7831676E-01 0.1519333 0.1637813 0.1338265 0.1867592 0.2407886 0.2636694 0.2994613 0.3286207 0.3246943 0.3206092 0.3323495 0.3283908 0.2782142 0.2634380 0.2379193 0.2326642 0.2574448 0.2612243 0.2525795 0.2457229 0.1750163 0.8078583E-01 -9999.000 -9999.000 -9999.000 -9999.000 -9999.000 -9999.000 -9999.000 -9999.000 -9999.000 -9999.000
-9999.000 -9999.000 -9999.000 -9999.000 -9999.000 -9999.000 -9999.000 -9999.000 -9999.000 -9999.000 -9999.000 -9999.000 -9999.000 -9999.000 -9999.000 -9999.000 0.3674581E-01 0.5777982E-01 0.8037915E-01 0.1241888 0.1760369 0.1845867 0.1575071 0.1085795 0.6768836E-01 0.4252558E-01 0.3218601E-01 0.4759480E-01 0.8603501E-01 0.1135371 0.1268043 0.1656221 0.2265079 0.2530902 0.2793705 0.2978843 0.3081532 0.3033071 0.3146436 0.3257180 0.3258412 0.3313689 0.3066998 0.2952244 0.2900021 0.2915794 0.2765314 0.2665288 0.2010918 0.1101333 -9999.000 -9999.000 -9999.000 -9999.000 -9999.000 -9999.000 -9999.000 -9999.000 -9999.000 -9999.000
-9999.000 -9999.000 -9999.000 -9999.000 -9999.000 -9999.000 -9999.000 -9999.000 -9999.000 -9999.000 -9999.000 -9999.000 -9999.000 -9999.000 -9999.000 -9999.000 0.4931381E-01 0.9493049E-01 0.9979478E-01 0.1067798 0.1415425 0.1575542 0.1422165 0.1111253 0.7121836E-01 0.3887762E-01 0.2020816E-01 -9999.000 -9999.000 0.5468553E-01 0.9995447E-01 0.1357947 0.1766734 0.2008406 0.2430044 0.2893739 0.2937055 0.2873473 0.3157679 0.3673502 0.3863128 0.3810750 0.3293121 0.2970024 0.3114130 0.3152125 0.2916329 0.2348665 0.1580654 0.1079060 -9999.000 -9999.000 -9999.000 -9999.000 -9999.000 -9999.000 -9999.000 -9999.000 -9999.000 -9999.000
-9999.000 -9999.000 -9999.000 -9999.000 -9999.000 -9999.000 -9999.000 -9999.000 -9999.000 -9999.000 -9999.000 -9999.000 -9999.000 -9999.000 -9999.000 -9999.000 -9999.000 0.8369504E-01 0.7948653E-01 0.9298477E-01 0.1003685 0.1309027 0.1524487 0.1336325 0.1013886 0.6405776E-01 0.2971906E-01 -9999.000 -9999.000 -9999.000 0.4667962E-01 0.9706602E-01 0.1167289 0.1290412 0.1861339 0.2464645 0.2456181 0.2465332 0.3086343 0.3786785 0.4077380 0.3809191 0.3227716 0.2955930 0.3027809 0.2740886 0.2300384 0.1745825 0.1267976 0.1082556 -9999.000 -9999.000 -9999.000 -9999.000 -9999.000 -9999.000 -9999.000 -9999.000 -9999.000 -9999.000
-9999.000 -9999.000 -9999.000 -9999.000 -9999.000 -9999.000 -9999.000 -9999.000 -9999.000 -9999.000 -9999.000 -9999.000 -9999.000 -9999.000 -9999.000 -9999.000 -9999.000 0.6597823E-01 0.1105985 0.7021615E-01 0.4729716E-01 0.8084791E-01 0.1176755 0.1201762 0.1142693 0.9307890E-01 0.4650544E-01 0.2022062E-01 -9999.000 -9999.000 -9999.000 0.5386782E-01 0.7014119E-01 0.8571824E-01 0.1290181 0.1776715 0.1880081 0.2325961 0.3148406 0.3620540 0.3658315 0.3395100 0.3018356 0.2684126 0.2552999 0.1943475 0.1517092 0.1317272 0.1371976 0.1336289 0.1027465 -9999.000 -9999.000 -9999.000 -9999.000 -9999.000 -9999.000 -9999.000 -9999.000 -9999.000
-9999.000 -9999.000 -9999.000 -9999.000 -9999.000 -9999.000 -9999.000 -9999.000 -9999.000 -9999.000 -9999.000 -9999.000 -9999.000 -9999.000 -9999.000 -9999.000 -9999.000 -9999.000 0.1113276 0.5072894E-01 0.3722322E-01 0.7267912E-01 0.9159926E-01 0.8618557E-01 0.1099416 0.9624708E-01 -9999.000 -9999.000 -9999.000 -9999.000 -9999.000 -9999.000 0.3584248E-01 0.7927058E-01 0.1361070 0.1737969 0.2026281 0.2543971 0.2860665 0.3122417 0.3034691 0.2839302 0.2680060 0.2719631 0.2450412 0.2316129 0.2103730 0.1571975 0.1592633 0.1803466 0.1525744 0.6404118E-01 -9999.000 -9999.000 -9999.000 -9999.000 -9999.000 -9999.000 -9999.000 -9999.000
-9999.000 -9999.000 -9999.000 -9999.000 -9999.000 -9999.000 -9999.000 -9999.000 -9999.000 -9999.000 -9999.000 -9999.000 -9999.000 -9999.000 -9999.000 -9999.000 -9999.000 0.1233586 0.8144441E-01 0.4565598E-01 0.7773069E-01 0.1272838 0.1355468 0.9554167E-01 0.1008775 0.8396901E-01 0.5262845E-01 -9999.000 -9999.000 -9999.000 -9999.000 -9999.000 0.1697905E-01 0.7541467E-01 0.1526776 0.2049371 0.2384887 0.2303647 0.2194677 0.2294693 0.2542645 0.2276189 0.2388957 0.2809914 0.2681751 0.2767810 0.2561843 0.2023881 0.1877545 0.2170897 0.1938911 0.8382635E-01 0.2155553E-01 -9999.000 -9999.000 -9999.000 -9999.000 -9999.000 -9999.000 -9999.000
-9999.000 -9999.000 -9999.000 -9999.000 -9999.000 -9999.000 -9999.000 -9999.000 -9999.000 -9999.000 -9999.000 -9999.000 -9999.000 -9999.000 -9999.000 -9999.000 0.6380692E-01 0.1225722 0.9834072E-01 0.7713775E-01 0.1479929 0.1944531 0.1778006 0.1290560 0.1195013 0.8758841E-01 0.3516505E-01 -9999.000 -9999.000 -9999.000 -9999.000 -9999.000 -9999.000 0.6895489E-01 0.1252563 0.1657296 0.1861600 0.1922619 0.1972330 0.2097781 0.2095827 0.1820169 0.1832364 0.2604476 0.2878492 0.2755978 0.2499236 0.2169923 0.2058940 0.2149226 0.2019948 0.1075870 0.4442766E-01 -9999.000 -9999.000 -9999.000 -9999.000 -9999.000 -9999.000 -9999.000
-9999.000 -9999.000 -9999.000 -9999.000 -9999.000 -9999.000 -9999.000 -9999.000 -9999.000 -9999.000 -9999.000 -9999.000 -9999.000 -9999.000 -9999.000 -9999.000 -9999.000 0.7419296E-01 0.9078385E-01 0.9481779E-01 0.1447990 0.1727589 0.1607687 0.1731550 0.1695432 0.1151020 -9999.000 -9999.000 -9999.000 -9999.000 -9999.000 -9999.000 -9999.000 0.4021834E-01 0.6748964E-01 0.7495986E-01 0.1142202 0.1571699 0.2020875 0.2067049 0.2072373 0.1943012 0.1861574 0.2372064 0.2694231 0.2713133 0.2596606 0.2228324 0.2215744 0.2324700 0.1872178 0.1219386 0.9065028E-01 0.3453069E-01 -9999.000 -9999.000 -9999.000 -9999.000 -9999.000 -9999.000
-9999.000 -9999.000 -9999.000 -9999.000 -9999.000 -9999.000 -9999.000 -9999.000 -9999.000 -9999.000 -9999.000 -9999.000 -9999.000 -9999.000 -9999.000 -9999.000 -9999.000 0.3486984E-01 0.5830400E-01 0.7322673E-01 0.1051725 0.1167563 0.1247128 0.1705675 0.1923457 0.1445705 0.8019167E-01 0.3109301E-01 -9999.000 -9999.000 -9999.000 -9999.000 -9999.000 -9999.000 0.5740570E-01 0.7913014E-01 0.1028531 0.1398316 0.1673954 0.1775244 0.2086118 0.2404525 0.2426204 0.2459614 0.2349051 0.2638120 0.2503831 0.2243548 0.2508647 0.2727727 0.2244405 0.1860264 0.1583427 0.9120053E-01 -9999.000 -9999.000 -9999.000 -9999.000 -9999.000 -9999.000
-9999.000 -9999.000 -9999.000 -9999.000 -9999.000 -9999.000 -9999.000 -9999.000 -9999.000 -9999.000 -9999.000 -9999.000 -9999.000 -9999.000 -9999.000 -9999.000 -9999.000 -9999.000 0.7158359E-01 0.5560253E-01 0.6004276E-01 0.8476955E-01 0.1095479 0.1524816 0.1890852 0.1664020 0.1158795 0.5221099E-01 0.2081198E-01 -9999.000 -9999.000 -9999.000 -9999.000 -9999.000 0.5868108E-01 0.8756106E-01 0.1120953 0.1365647 0.1548968 0.1625158 0.1792410 0.2174244 0.2312783 0.2153259 0.2042851 0.1944529 0.1815527 0.1987940 0.2700162 0.3083109 0.2735325 0.2412542 0.2013263 0.1738997 0.1552603 -9999.000 -9999.000 -9999.000 -9999.000 -9999.000
-9999.000 -9999.000 -9999.000 -9999.000 -9999.000 -9999.000 -9999.000 -9999.000 -9999.000 -9999.000 -9999.000 -9999.000 -9999.000 -9999.000 -9999.000 -9999.000 -9999.000 -9999.000 0.4958794E-01 -9999.000 0.3504520E-01 0.1071464 0.1536347 0.1818904 0.1705607 0.1335318 0.1051025 0.6853567E-01 0.3695951E-01 -9999.000 -9999.000 -9999.000 -9999.000 -9999.000 -9999.000 -9999.000 0.8007696E-01 0.1228192 0.1597834 0.1699038 0.1820738 0.2079101 0.2301207 0.1807637 0.1203992 0.9135320E-01 0.1067278 0.1917329 0.2804076 0.3220834 0.2689127 0.2380080 0.2109975 0.1991621 0.1555470 0.8417837E-01 -9999.000 -9999.000 -9999.000 -9999.000
-9999.000 -9999.000 -9999.000 -9999.000 -9999.000 -9999.000 -9999.000 -9999.000 -9999.000 -9999.000 -9999.000 -9999.000 -9999.000 -9999.000 -9999.000 -9999.000 -9999.000 -9999.000 -9999.000 -9999.000 -9999.000 0.1257893 0.2039337 0.2194330 0.1755909 0.1391623 0.1096433 0.8480577E-01 0.5062091E-01 -9999.000 -9999.000 -9999.000 -9999.000 -9999.000 -9999.000 0.2670798E-01 0.6573267E-01 0.1153543 0.1570062 0.1815652 0.2192152 0.2312416 0.2350935 0.1857699 0.1405647 0.1377735 0.1607247 0.2257968 0.2645352 0.2448329 0.2237361 0.2427236 0.2366691 0.1882874 0.1504470 0.9893370E-01 0.3820352E-01 -9999.000 -9999.000 -9999.000
-9999.000 -9999.000 -9999.000 -9999.000 -9999.000 -9999.000 -9999.000 -9999.000 -9999.000 -9999.000 -9999.000 -9999.000 -9999.000 -9999.000 -9999.000 -9999.000 -9999.000 -9999.000 -9999.000 0.2265157E-01 0.5487430E-01 0.1356778 0.2171428 0.2093025 0.1734526 0.1360854 0.1080363 0.8791258E-01 0.5617127E-01 -9999.000 -9999.000 -9999.000 -9999.000 -9999.000 -9999.000 -9999.000 0.5276496E-01 0.1121727 0.1682038 0.2135085 0.2692331 0.2864419 0.2503538 0.2105824 0.2198468 0.3032176 0.3525359 0.3331559 0.2821837 0.2284432 0.2452535 0.2995916 0.2897387 0.2090467 0.1758891 0.1576172 0.8338539E-01 -9999.000 -9999.000 -9999.000
