simulation_files/asc/Depth____000178.asc
NCOLS        79
NROWS        79
XLLCENTER         -1.500000
YLLCENTER         -4.800000
CELLSIZE           0.100
NODATA_VALUE     -9999.0
[rows 0 to 25 of 79, columns 0 to 58 of 79]
-9999.000 -9999.000 -9999.000 -9999.000 -9999.000 -9999.000 -9999.000 -9999.000 -9999.000 -9999.000 -9999.000 -9999.000 -9999.000 -9999.000 -9999.000 0.6888890 0.6893139 0.6894580 0.6894189 0.6892406 0.6889974 0.6887226 0.6884327 0.6881528 0.6878876 0.6876403 0.6874115 0.6871756 0.6868320 0.6867970 0.6867970 -9999.000 -9999.000 -9999.000 -9999.000 -9999.000 -9999.000 -9999.000 -9999.000 -9999.000 -9999.000 -9999.000 -9999.000 -9999.000 -9999.000 -9999.000 -9999.000 -9999.000 -9999.000 -9999.000 -9999.000 -9999.000 -9999.000 -9999.000 -9999.000 -9999.000 -9999.000 -9999.000 -9999.000
-9999.000 -9999.000 -9999.000 -9999.000 -9999.000 -9999.000 -9999.000 -9999.000 -9999.000 -9999.000 -9999.000 -9999.000 -9999.000 -9999.000 -9999.000 0.6906592 0.6910529 0.6911705 0.6911377 0.6909930 0.6907995 0.6905847 0.6903606 0.6901475 0.6899479 0.6897639 0.6895951 0.6894185 0.6891441 0.6891875 0.6891875 -9999.000 -9999.000 -9999.000 -9999.000 -9999.000 -9999.000 -9999.000 -9999.000 -9999.000 -9999.000 -9999.000 -9999.000 -9999.000 -9999.000 -9999.000 -9999.000 -9999.000 -9999.000 -9999.000 -9999.000 -9999.000 -9999.000 -9999.000 -9999.000 -9999.000 -9999.000 -9999.000 -9999.000
-9999.000 -9999.000 -9999.000 -9999.000 -9999.000 -9999.000 -9999.000 -9999.000 -9999.000 -9999.000 -9999.000 -9999.000 -9999.000 -9999.000 -9999.000 0.6925838 0.6930116 0.6931406 0.6931162 0.6929774 0.6927902 0.6925827 0.6923671 0.6921638 0.6919744 0.6918001 0.6916395 0.6914670 0.6911875 0.6912282 0.6912282 -9999.000 -9999.000 -9999.000 -9999.000 -9999.000 -9999.000 -9999.000 -9999.000 -9999.000 -9999.000 -9999.000 -9999.000 -9999.000 -9999.000 -9999.000 -9999.000 -9999.000 -9999.000 -9999.000 -9999.000 -9999.000 -9999.000 -9999.000 -9999.000 -9999.000 -9999.000 -9999.000 -9999.000
-9999.000 -9999.000 -9999.000 -9999.000 -9999.000 -9999.000 -9999.000 -9999.000 -9999.000 -9999.000 -9999.000 -9999.000 -9999.000 -9999.000 -9999.000 0.6945559 0.6950060 0.6951420 0.6951211 0.6949821 0.6947942 0.6945865 0.6943707 0.6941683 0.6939802 0.6938069 0.6936467 0.6934721 0.6931819 0.6932033 0.6932033 -9999.000 -9999.000 -9999.000 -9999.000 -9999.000 -9999.000 -9999.000 -9999.000 -9999.000 -9999.000 -9999.000 -9999.000 -9999.000 -9999.000 -9999.000 -9999.000 -9999.000 -9999.000 -9999.000 -9999.000 -9999.000 -9999.000 -9999.000 -9999.000 -9999.000 -9999.000 -9999.000 -9999.000
-9999.000 -9999.000 -9999.000 -9999.000 -9999.000 -9999.000 -9999.000 -9999.000 -9999.000 -9999.000 -9999.000 -9999.000 -9999.000 -9999.000 -9999.000 0.6965471 0.6970145 0.6971555 0.6971359 0.6969935 0.6968014 0.6965895 0.6963696 0.6961639 0.6959728 0.6957966 0.6956332 0.6954532 0.6951477 0.6951369 0.6951369 -9999.000 -9999.000 -9999.000 -9999.000 -9999.000 -9999.000 -9999.000 -9999.000 -9999.000 -9999.000 -9999.000 -9999.000 -9999.000 -9999.000 -9999.000 -9999.000 -9999.000 -9999.000 -9999.000 -9999.000 -9999.000 -9999.000 -9999.000 -9999.000 -9999.000 -9999.000 -9999.000 -9999.000
-9999.000 -9999.000 -9999.000 -9999.000 -9999.000 -9999.000 -9999.000 -9999.000 -9999.000 -9999.000 -9999.000 -9999.000 -9999.000 -9999.000 -9999.000 0.6985442 0.6990268 0.6991719 0.6991522 0.6990048 0.6988066 0.6985886 0.6983626 0.6981516 0.6979556 0.6977745 0.6976060 0.6974184 0.6970938 0.6970380 0.6970380 -9999.000 -9999.000 -9999.000 -9999.000 -9999.000 -9999.000 -9999.000 -9999.000 -9999.000 -9999.000 -9999.000 -9999.000 -9999.000 -9999.000 -9999.000 -9999.000 -9999.000 -9999.000 -9999.000 -9999.000 -9999.000 -9999.000 -9999.000 -9999.000 -9999.000 -9999.000 -9999.000 -9999.000
-9999.000 -9999.000 -9999.000 -9999.000 -9999.000 -9999.000 -9999.000 -9999.000 -9999.000 -9999.000 -9999.000 -9999.000 -9999.000 -9999.000 -9999.000 0.7005410 0.7010378 0.7011862 0.7011659 0.7010123 0.7008072 0.7005821 0.7003487 0.7001316 0.6999296 0.6997425 0.6995678 0.6993708 0.6990234 0.6989080 0.6989080 -9999.000 -9999.000 -9999.000 -9999.000 -9999.000 -9999.000 -9999.000 -9999.000 -9999.000 -9999.000 -9999.000 -9999.000 -9999.000 -9999.000 -9999.000 -9999.000 -9999.000 -9999.000 -9999.000 -9999.000 -9999.000 -9999.000 -9999.000 -9999.000 -9999.000 -9999.000 -9999.000 -9999.000
-9999.000 -9999.000 -9999.000 -9999.000 -9999.000 -9999.000 -9999.000 -9999.000 -9999.000 -9999.000 -9999.000 -9999.000 -9999.000 -9999.000 -9999.000 0.7025340 0.7030448 0.7031958 0.7031745 0.7030138 0.7028010 0.7025684 0.7023270 0.7021031 0.7018945 0.7017007 0.7015190 0.7013112 0.7009366 0.7007436 0.7007436 -9999.000 -9999.000 -9999.000 -9999.000 -9999.000 -9999.000 -9999.000 -9999.000 -9999.000 -9999.000 -9999.000 -9999.000 -9999.000 -9999.000 -9999.000 -9999.000 -9999.000 -9999.000 -9999.000 -9999.000 -9999.000 -9999.000 -9999.000 -9999.000 -9999.000 -9999.000 -9999.000 -9999.000
-9999.000 -9999.000 -9999.000 -9999.000 -9999.000 -9999.000 -9999.000 -9999.000 -9999.000 -9999.000 -9999.000 -9999.000 -9999.000 -9999.000 -9999.000 0.7045213 0.7050459 0.7051989 0.7051761 0.7050076 0.7047866 0.7045458 0.7042959 0.7040651 0.7038496 0.7036485 0.7034590 0.7032388 0.7028322 0.7025374 0.7025374 -9999.000 -9999.000 -9999.000 -9999.000 -9999.000 -9999.000 -9999.000 -9999.000 -9999.000 -9999.000 -9999.000 -9999.000 -9999.000 -9999.000 -9999.000 -9999.000 -9999.000 -9999.000 -9999.000 -9999.000 -9999.000 -9999.000 -9999.000 -9999.000 -9999.000 -9999.000 -9999.000 -9999.000
-9999.000 -9999.000 -9999.000 -9999.000 -9999.000 -9999.000 -9999.000 -9999.000 -9999.000 -9999.000 -9999.000 -9999.000 -9999.000 -9999.000 -9999.000 0.7065010 0.7070398 0.7071941 0.7071692 0.7069919 0.7067621 0.7065129 0.7062541 0.7060160 0.7057932 0.7055843 0.7053863 0.7051520 0.7047072 0.7042785 0.7042785 -9999.000 -9999.000 -9999.000 -9999.000 -9999.000 -9999.000 -9999.000 -9999.000 -9999.000 -9999.000 -9999.000 -9999.000 -9999.000 -9999.000 -9999.000 -9999.000 -9999.000 -9999.000 -9999.000 -9999.000 -9999.000 -9999.000 -9999.000 -9999.000 -9999.000 -9999.000 -9999.000 -9999.000
-9999.000 -9999.000 -9999.000 -9999.000 -9999.000 -9999.000 -9999.000 -9999.000 -9999.000 -9999.000 -9999.000 -9999.000 -9999.000 -9999.000 -9999.000 0.7084713 0.7090248 0.7091794 0.7091519 0.7089646 0.7087256 0.7084675 0.7081994 0.7079539 0.7077234 0.7075061 0.7072988 0.7070479 0.7065578 0.7059506 0.7059506 -9999.000 -9999.000 -9999.000 -9999.000 -9999.000 -9999.000 -9999.000 -9999.000 -9999.000 -9999.000 -9999.000 -9999.000 -9999.000 -9999.000 -9999.000 -9999.000 -9999.000 -9999.000 -9999.000 -9999.000 -9999.000 -9999.000 -9999.000 -9999.000 -9999.000 -9999.000 -9999.000 -9999.000
-9999.000 -9999.000 -9999.000 -9999.000 -9999.000 -9999.000 -9999.000 -9999.000 -9999.000 -9999.000 -9999.000 -9999.000 -9999.000 -9999.000 -9999.000 0.7104299 0.7109988 0.7111529 0.7111220 0.7109235 0.7106745 0.7104072 0.7101291 0.7098761 0.7096375 0.7094110 0.7091932 0.7089230 0.7083781 0.7075290 0.7075290 -9999.000 -9999.000 -9999.000 -9999.000 -9999.000 -9999.000 -9999.000 -9999.000 -9999.000 -9999.000 -9999.000 -9999.000 -9999.000 -9999.000 -9999.000 -9999.000 -9999.000 -9999.000 -9999.000 -9999.000 -9999.000 -9999.000 -9999.000 -9999.000 -9999.000 -9999.000 -9999.000 -9999.000
-9999.000 -9999.000 -9999.000 -9999.000 -9999.000 -9999.000 -9999.000 -9999.000 -9999.000 -9999.000 -9999.000 -9999.000 -9999.000 -9999.000 -9999.000 0.7123728 0.7129587 0.7131113 0.7130761 0.7128651 0.7126054 0.7123285 0.7120397 0.7117791 0.7115317 0.7112949 0.7110652 0.7107717 0.7101600 0.7089769 0.7089769 -9999.000 -9999.000 -9999.000 -9999.000 -9999.000 -9999.000 -9999.000 -9999.000 -9999.000 -9999.000 -9999.000 -9999.000 -9999.000 -9999.000 -9999.000 -9999.000 -9999.000 -9999.000 -9999.000 -9999.000 -9999.000 -9999.000 -9999.000 -9999.000 -9999.000 -9999.000 -9999.000 -9999.000
-9999.000 -9999.000 -9999.000 -9999.000 -9999.000 -9999.000 -9999.000 -9999.000 -9999.000 -9999.000 -9999.000 -9999.000 -9999.000 -9999.000 -9999.000 0.7141821 0.7148160 0.7150071 0.7150184 0.7148120 0.7145428 0.7142548 0.7139521 0.7136801 0.7134197 0.7131682 0.7129219 0.7125977 0.7119021 0.7102495 0.7102495 -9999.000 -9999.000 -9999.000 -9999.000 -9999.000 -9999.000 -9999.000 -9999.000 -9999.000 -9999.000 -9999.000 -9999.000 -9999.000 -9999.000 -9999.000 -9999.000 -9999.000 -9999.000 -9999.000 -9999.000 -9999.000 -9999.000 -9999.000 -9999.000 -9999.000 -9999.000 -9999.000 -9999.000
-9999.000 -9999.000 -9999.000 -9999.000 -9999.000 -9999.000 -9999.000 -9999.000 -9999.000 -9999.000 -9999.000 -9999.000 -9999.000 -9999.000 -9999.000 0.7066753 0.7133871 0.7169862 0.7189911 0.7191029 0.7184765 0.7178293 0.7171827 0.7166067 0.7160822 0.7156042 0.7151641 0.7146484 0.7136678 0.7106799 0.7106799 -9999.000 -9999.000 -9999.000 -9999.000 -9999.000 -9999.000 -9999.000 -9999.000 -9999.000 -9999.000 -9999.000 -9999.000 -9999.000 -9999.000 -9999.000 -9999.000 -9999.000 -9999.000 -9999.000 -9999.000 -9999.000 -9999.000 -9999.000 -9999.000 -9999.000 -9999.000 -9999.000 -9999.000
0.7992107 0.7992107 0.8018473 0.7785286 0.7738845 0.7738845 0.7701927 0.7640736 0.7640736 0.7590079 0.7590079 0.7546902 0.7527463 0.7509181 0.7491887 0.7491887 0.7202079 0.7190832 0.7178799 0.7175657 0.7186567 0.7201974 0.7220542 0.7246377 0.7273385 0.7298926 0.7320700 0.7326073 0.7276252 0.7019040 0.7019040 0.5017245 0.4651293 0.4414510 0.4332265 0.4332265 0.4192579 0.4192579 0.4164365 0.4164365 0.4235542 0.4620049 0.4620049 0.5358017 0.5358017 0.6241976 0.6241976 0.6241976 0.6300953 0.6300953 0.6222212 0.6222212 0.6088711 0.6088711 0.5941338 0.5941338 0.5800822 0.5800822 0.5800822
0.7963862 0.7963862 0.8004975 0.7776484 0.7728822 0.7728822 0.7691354 0.7630002 0.7630002 0.7579513 0.7579513 0.7536510 0.7517151 0.7498944 0.7481726 0.7481726 0.7238332 0.7187412 0.7141245 0.7101094 0.7070231 0.7046744 0.7031136 0.7025925 0.7029689 0.7041230 0.7059277 0.7078304 0.7082029 0.7010930 0.7010930 0.5665396 0.5137379 0.4598680 0.4441518 0.4441518 0.4243361 0.4243361 0.4209137 0.4209137 0.4276987 0.4622600 0.4622600 0.5240740 0.5240740 0.6169998 0.6169998 0.6169998 0.6283106 0.6283106 0.6220288 0.6220288 0.6091877 0.6091877 0.5946990 0.5946990 0.5807550 0.5807550 0.5807550
0.7953305 0.7953305 0.7993900 0.7778372 0.7729887 0.7729887 0.7691602 0.7629631 0.7629631 0.7579057 0.7579057 0.7536033 0.7516655 0.7498426 0.7481181 0.7481181 0.7266783 0.7183031 0.7103946 0.7031658 0.6969699 0.6918329 0.6877841 0.6849683 0.6833428 0.6828248 0.6833198 0.6844539 0.6850292 0.6806369 0.6806369 0.5979277 0.5437794 0.4770643 0.4562893 0.4562893 0.4325865 0.4325865 0.4328535 0.4328535 0.4424465 0.4770780 0.4770780 0.5255498 0.5255498 0.6066548 0.6066548 0.6066548 0.6230424 0.6230424 0.6197944 0.6197944 0.6082442 0.6082442 0.5942823 0.5942823 0.5806037 0.5806037 0.5806037
0.7953478 0.7953478 0.7974043 0.7780334 0.7731320 0.7731320 0.7692202 0.7629544 0.7629544 0.7578957 0.7578957 0.7536011 0.7516655 0.7498439 0.7481202 0.7481202 0.7285703 0.7174385 0.7063920 0.6960585 0.6869143 0.6791423 0.6728040 0.6679760 0.6646256 0.6626601 0.6619647 0.6622508 0.6626406 0.6599485 0.6599485 0.6087133 0.5616087 0.4931659 0.4705012 0.4705012 0.4479159 0.4479159 0.4560717 0.4560717 0.4689563 0.5004252 0.5004252 0.5322648 0.5322648 0.5929819 0.5929819 0.5929819 0.6127097 0.6127097 0.6138448 0.6138448 0.6049551 0.6049551 0.5923909 0.5923909 0.5795466 0.5795466 0.5795466
0.7951130 0.7951130 0.7960207 0.7781946 0.7732674 0.7732674 0.7692851 0.7629526 0.7629526 0.7578892 0.7578892 0.7535983 0.7516636 0.7498423 0.7481185 0.7481185 0.7291435 0.7155747 0.7016198 0.6883404 0.6763650 0.6659982 0.6573636 0.6505269 0.6454679 0.6420963 0.6402816 0.6397713 0.6398999 0.6383855 0.6383855 0.6066883 0.5689399 0.5062841 0.4857478 0.4857478 0.4726934 0.4726934 0.4915292 0.4915292 0.5052665 0.5269219 0.5269219 0.5410540 0.5410540 0.5787608 0.5787608 0.5787608 0.5986779 0.5986779 0.6042630 0.6042630 0.5991744 0.5991744 0.5890101 0.5890101 0.5777060 0.5777060 0.5777060
0.7949502 0.7949502 0.7950174 0.7782997 0.7733663 0.7733663 0.7693340 0.7629487 0.7629487 0.7578826 0.7578826 0.7535966 0.7516634 0.7498428 0.7481192 0.7481192 0.7281439 0.7122173 0.6955539 0.6795396 0.6649227 0.6520884 0.6412147 0.6323805 0.6255849 0.6207571 0.6177740 0.6164169 0.6161755 0.6154374 0.6154374 0.5962399 0.5679759 0.5172828 0.5040161 0.5040161 0.5097767 0.5097767 0.5357680 0.5357680 0.5452652 0.5515438 0.5515438 0.5500313 0.5500313 0.5665679 0.5665679 0.5665679 0.5833248 0.5833248 0.5919355 0.5919355 0.5909991 0.5909991 0.5840669 0.5840669 0.5750507 0.5750507 0.5750507
0.7948551 0.7948551 0.7944105 0.7783592 0.7734267 0.7734267 0.7693650 0.7629461 0.7629461 0.7578782 0.7578782 0.7535958 0.7516634 0.7498431 0.7481199 0.7481199 0.7253034 0.7068835 0.6876355 0.6691045 0.6520885 0.6370030 0.6240510 0.6133242 0.6048373 0.5985425 0.5943393 0.5920494 0.5912923 0.5909783 0.5909783 0.5799789 0.5608343 0.5299380 0.5307968 0.5307968 0.5593985 0.5593985 0.5805603 0.5805603 0.5814573 0.5717572 0.5717572 0.5585414 0.5585414 0.5577505 0.5577505 0.5577505 0.5688705 0.5688705 0.5782047 0.5782047 0.5808352 0.5808352 0.5775757 0.5775757 0.5715268 0.5715268 0.5715268
0.7948238 0.7948238 0.7942072 0.7783787 0.7734470 0.7734470 0.7693756 0.7629453 0.7629453 0.7578766 0.7578766 0.7535955 0.7516633 0.7498432 0.7481200 0.7481200 0.7202614 0.6990451 0.6772516 0.6564080 0.6372695 0.6202211 0.6054515 0.5930439 0.5830163 0.5753371 0.5699308 0.5666624 0.5652705 0.5651356 0.5651356 0.5598476 0.5501443 0.5518072 0.5731917 0.5731917 0.6147372 0.6147372 0.6177301 0.6177301 0.6094481 0.5875151 0.5875151 0.5665063 0.5665063 0.5524328 0.5524328 0.5524328 0.5567657 0.5567657 0.5645034 0.5645034 0.5693878 0.5693878 0.5697305 0.5697305 0.5671398 0.5671398 0.5671398
0.7948551 0.7948551 0.7944105 0.7783593 0.7734266 0.7734266 0.7693649 0.7629462 0.7629462 0.7578781 0.7578781 0.7535958 0.7516634 0.7498431 0.7481197 0.7481197 0.7124744 0.6880376 0.6636757 0.6407149 0.6197641 0.6011087 0.5848741 0.5711052 0.5598016 0.5509333 0.5444426 0.5402358 0.5381794 0.5382386 0.5382386 0.5379953 0.5406575 0.5928258 0.6327879 0.6327879 0.6633075 0.6633075 0.6440306 0.6440306 0.6292991 0.5999112 0.5999112 0.5739536 0.5739536 0.5500178 0.5500178 0.5500178 0.5475922 0.5475922 0.5520378 0.5520378 0.5575948 0.5575948 0.5609597 0.5609597 0.5620246 0.5620246 0.5620246
0.7949504 0.7949504 0.7950172 0.7782997 0.7733663 0.7733663 0.7693340 0.7629488 0.7629488 0.7578825 0.7578825 0.7535968 0.7516633 0.7498426 0.7481192 0.7481192 0.7010934 0.6729426 0.6459758 0.6211236 0.5987297 0.5789030 0.5616527 0.5469492 0.5347490 0.5250055 0.5176656 0.5126730 0.5100915 0.5110554 0.5110554 0.5184130 0.5424443 0.6563500 0.6976207 0.6976207 0.6962255 0.6962255 0.6613610 0.6613610 0.6433310 0.6099532 0.6099532 0.5807893 0.5807893 0.5496463 0.5496463 0.5496463 0.5412495 0.5412495 0.5415875 0.5415875 0.5464014 0.5464014 0.5518951 0.5518951 0.5564776 0.5564776 0.5564776
0.7951133 0.7951133 0.7960203 0.7781946 0.7732674 0.7732674 0.7692852 0.7629529 0.7629529 0.7578892 0.7578892 0.7535983 0.7516636 0.7498420 0.7481186 0.7481186 0.6847466 0.6523988 0.6228715 0.5964635 0.5731149 0.5526720 0.5349730 0.5198788 0.5072797 0.4970942 0.4892611 0.4837711 0.4811824 0.4859917 0.4859917 0.5110676 0.5727647 0.7275073 0.7469023 0.7469023 0.7146076 0.7146076 0.6729913 0.6729913 0.6536113 0.6181320 0.6181320 0.5867965 0.5867965 0.5504836 0.5504836 0.5504836 0.5372514 0.5372514 0.5334743 0.5334743 0.5366164 0.5366164 0.5432874 0.5432874 0.5509485 0.5509485 0.5509485
