simulation_files/asc/Depth____181.0.asc
NCOLS        79
NROWS        79
XLLCENTER         -1.500000
YLLCENTER         -4.800000
CELLSIZE           0.100
NODATA_VALUE     -9999.0
[rows 0 to 25 of 79, columns 0 to 58 of 79]
-9999.000 -9999.000 -9999.000 -9999.000 -9999.000 -9999.000 -9999.000 -9999.000 -9999.000 -9999.000 -9999.000 -9999.000 -9999.000 -9999.000 -9999.000 0.7003864 0.7008400 0.7010220 0.7010201 0.7008458 0.7005926 0.7003058 0.7000040 0.6997105 0.6994359 0.6991808 0.6989460 0.6987069 0.6983630 0.6983313 0.6983313 -9999.000 -9999.000 -9999.000 -9999.000 -9999.000 -9999.000 -9999.000 -9999.000 -9999.000 -9999.000 -9999.000 -9999.000 -9999.000 -9999.000 -9999.000 -9999.000 -9999.000 -9999.000 -9999.000 -9999.000 -9999.000 -9999.000 -9999.000 -9999.000 -9999.000 -9999.000 -9999.000 -9999.000
-9999.000 -9999.000 -9999.000 -9999.000 -9999.000 -9999.000 -9999.000 -9999.000 -9999.000 -9999.000 -9999.000 -9999.000 -9999.000 -9999.000 -9999.000 0.7021677 0.7025828 0.7027311 0.7027287 0.7025865 0.7023845 0.7021599 0.7019268 0.7017032 0.7014971 0.7013077 0.7011349 0.7009562 0.7006822 0.7007301 0.7007301 -9999.000 -9999.000 -9999.000 -9999.000 -9999.000 -9999.000 -9999.000 -9999.000 -9999.000 -9999.000 -9999.000 -9999.000 -9999.000 -9999.000 -9999.000 -9999.000 -9999.000 -9999.000 -9999.000 -9999.000 -9999.000 -9999.000 -9999.000 -9999.000 -9999.000 -9999.000 -9999.000 -9999.000
-9999.000 -9999.000 -9999.000 -9999.000 -9999.000 -9999.000 -9999.000 -9999.000 -9999.000 -9999.000 -9999.000 -9999.000 -9999.000 -9999.000 -9999.000 0.7040893 0.7045400 0.7047008 0.7047079 0.7045714 0.7043752 0.7041577 0.7039327 0.7037185 0.7035225 0.7033427 0.7031778 0.7030034 0.7027245 0.7027698 0.7027698 -9999.000 -9999.000 -9999.000 -9999.000 -9999.000 -9999.000 -9999.000 -9999.000 -9999.000 -9999.000 -9999.000 -9999.000 -9999.000 -9999.000 -9999.000 -9999.000 -9999.000 -9999.000 -9999.000 -9999.000 -9999.000 -9999.000 -9999.000 -9999.000 -9999.000 -9999.000 -9999.000 -9999.000
-9999.000 -9999.000 -9999.000 -9999.000 -9999.000 -9999.000 -9999.000 -9999.000 -9999.000 -9999.000 -9999.000 -9999.000 -9999.000 -9999.000 -9999.000 0.7060587 0.7065330 0.7067016 0.7067130 0.7065763 0.7063791 0.7061610 0.7059357 0.7057220 0.7055271 0.7053482 0.7051836 0.7050072 0.7047177 0.7047437 0.7047437 -9999.000 -9999.000 -9999.000 -9999.000 -9999.000 -9999.000 -9999.000 -9999.000 -9999.000 -9999.000 -9999.000 -9999.000 -9999.000 -9999.000 -9999.000 -9999.000 -9999.000 -9999.000 -9999.000 -9999.000 -9999.000 -9999.000 -9999.000 -9999.000 -9999.000 -9999.000 -9999.000 -9999.000
-9999.000 -9999.000 -9999.000 -9999.000 -9999.000 -9999.000 -9999.000 -9999.000 -9999.000 -9999.000 -9999.000 -9999.000 -9999.000 -9999.000 -9999.000 0.7080469 0.7085399 0.7087144 0.7087278 0.7085875 0.7083857 0.7081633 0.7079337 0.7077165 0.7075186 0.7073367 0.7071689 0.7069871 0.7066826 0.7066763 0.7066763 -9999.000 -9999.000 -9999.000 -9999.000 -9999.000 -9999.000 -9999.000 -9999.000 -9999.000 -9999.000 -9999.000 -9999.000 -9999.000 -9999.000 -9999.000 -9999.000 -9999.000 -9999.000 -9999.000 -9999.000 -9999.000 -9999.000 -9999.000 -9999.000 -9999.000 -9999.000 -9999.000 -9999.000
-9999.000 -9999.000 -9999.000 -9999.000 -9999.000 -9999.000 -9999.000 -9999.000 -9999.000 -9999.000 -9999.000 -9999.000 -9999.000 -9999.000 -9999.000 0.7100406 0.7105503 0.7107295 0.7107438 0.7105981 0.7103900 0.7101616 0.7099257 0.7097029 0.7095003 0.7093134 0.7091405 0.7089512 0.7086281 0.7085770 0.7085770 -9999.000 -9999.000 -9999.000 -9999.000 -9999.000 -9999.000 -9999.000 -9999.000 -9999.000 -9999.000 -9999.000 -9999.000 -9999.000 -9999.000 -9999.000 -9999.000 -9999.000 -9999.000 -9999.000 -9999.000 -9999.000 -9999.000 -9999.000 -9999.000 -9999.000 -9999.000 -9999.000 -9999.000
-9999.000 -9999.000 -9999.000 -9999.000 -9999.000 -9999.000 -9999.000 -9999.000 -9999.000 -9999.000 -9999.000 -9999.000 -9999.000 -9999.000 -9999.000 0.7120336 0.7125590 0.7127424 0.7127569 0.7126048 0.7123893 0.7121537 0.7119106 0.7116814 0.7114731 0.7112802 0.7111012 0.7109029 0.7105573 0.7104470 0.7104470 -9999.000 -9999.000 -9999.000 -9999.000 -9999.000 -9999.000 -9999.000 -9999.000 -9999.000 -9999.000 -9999.000 -9999.000 -9999.000 -9999.000 -9999.000 -9999.000 -9999.000 -9999.000 -9999.000 -9999.000 -9999.000 -9999.000 -9999.000 -9999.000 -9999.000 -9999.000 -9999.000 -9999.000
-9999.000 -9999.000 -9999.000 -9999.000 -9999.000 -9999.000 -9999.000 -9999.000 -9999.000 -9999.000 -9999.000 -9999.000 -9999.000 -9999.000 -9999.000 0.7140225 0.7145634 0.7147502 0.7147646 0.7146050 0.7143815 0.7141384 0.7138875 0.7136512 0.7134368 0.7132373 0.7130514 0.7128426 0.7124705 0.7122830 0.7122830 -9999.000 -9999.000 -9999.000 -9999.000 -9999.000 -9999.000 -9999.000 -9999.000 -9999.000 -9999.000 -9999.000 -9999.000 -9999.000 -9999.000 -9999.000 -9999.000 -9999.000 -9999.000 -9999.000 -9999.000 -9999.000 -9999.000 -9999.000 -9999.000 -9999.000 -9999.000 -9999.000 -9999.000
-9999.000 -9999.000 -9999.000 -9999.000 -9999.000 -9999.000 -9999.000 -9999.000 -9999.000 -9999.000 -9999.000 -9999.000 -9999.000 -9999.000 -9999.000 0.7160051 0.7165616 0.7167511 0.7167649 0.7165969 0.7163650 0.7161140 0.7158547 0.7156112 0.7153904 0.7151837 0.7149903 0.7147695 0.7143662 0.7140778 0.7140778 -9999.000 -9999.000 -9999.000 -9999.000 -9999.000 -9999.000 -9999.000 -9999.000 -9999.000 -9999.000 -9999.000 -9999.000 -9999.000 -9999.000 -9999.000 -9999.000 -9999.000 -9999.000 -9999.000 -9999.000 -9999.000 -9999.000 -9999.000 -9999.000 -9999.000 -9999.000 -9999.000 -9999.000
-9999.000 -9999.000 -9999.000 -9999.000 -9999.000 -9999.000 -9999.000 -9999.000 -9999.000 -9999.000 -9999.000 -9999.000 -9999.000 -9999.000 -9999.000 0.7179796 0.7185519 0.7187433 0.7187561 0.7185786 0.7183377 0.7180787 0.7178109 0.7175599 0.7173326 0.7171182 0.7169166 0.7166821 0.7162417 0.7158207 0.7158207 -9999.000 -9999.000 -9999.000 -9999.000 -9999.000 -9999.000 -9999.000 -9999.000 -9999.000 -9999.000 -9999.000 -9999.000 -9999.000 -9999.000 -9999.000 -9999.000 -9999.000 -9999.000 -9999.000 -9999.000 -9999.000 -9999.000 -9999.000 -9999.000 -9999.000 -9999.000 -9999.000 -9999.000
-9999.000 -9999.000 -9999.000 -9999.000 -9999.000 -9999.000 -9999.000 -9999.000 -9999.000 -9999.000 -9999.000 -9999.000 -9999.000 -9999.000 -9999.000 0.7199441 0.7205324 0.7207246 0.7207357 0.7205478 0.7202974 0.7200302 0.7197536 0.7194951 0.7192612 0.7190385 0.7188279 0.7185777 0.7180932 0.7174955 0.7174955 -9999.000 -9999.000 -9999.000 -9999.000 -9999.000 -9999.000 -9999.000 -9999.000 -9999.000 -9999.000 -9999.000 -9999.000 -9999.000 -9999.000 -9999.000 -9999.000 -9999.000 -9999.000 -9999.000 -9999.000 -9999.000 -9999.000 -9999.000 -9999.000 -9999.000 -9999.000 -9999.000 -9999.000
-9999.000 -9999.000 -9999.000 -9999.000 -9999.000 -9999.000 -9999.000 -9999.000 -9999.000 -9999.000 -9999.000 -9999.000 -9999.000 -9999.000 -9999.000 0.7218965 0.7225010 0.7226929 0.7227013 0.7225013 0.7222410 0.7219656 0.7216798 0.7214138 0.7211734 0.7209418 0.7207212 0.7204524 0.7199149 0.7190786 0.7190786 -9999.000 -9999.000 -9999.000 -9999.000 -9999.000 -9999.000 -9999.000 -9999.000 -9999.000 -9999.000 -9999.000 -9999.000 -9999.000 -9999.000 -9999.000 -9999.000 -9999.000 -9999.000 -9999.000 -9999.000 -9999.000 -9999.000 -9999.000 -9999.000 -9999.000 -9999.000 -9999.000 -9999.000
-9999.000 -9999.000 -9999.000 -9999.000 -9999.000 -9999.000 -9999.000 -9999.000 -9999.000 -9999.000 -9999.000 -9999.000 -9999.000 -9999.000 -9999.000 0.7238323 0.7244540 0.7246439 0.7246492 0.7244361 0.7241651 0.7238815 0.7235863 0.7233124 0.7230654 0.7228240 0.7225921 0.7223013 0.7216992 0.7205343 0.7205343 -9999.000 -9999.000 -9999.000 -9999.000 -9999.000 -9999.000 -9999.000 -9999.000 -9999.000 -9999.000 -9999.000 -9999.000 -9999.000 -9999.000 -9999.000 -9999.000 -9999.000 -9999.000 -9999.000 -9999.000 -9999.000 -9999.000 -9999.000 -9999.000 -9999.000 -9999.000 -9999.000 -9999.000
-9999.000 -9999.000 -9999.000 -9999.000 -9999.000 -9999.000 -9999.000 -9999.000 -9999.000 -9999.000 -9999.000 -9999.000 -9999.000 -9999.000 -9999.000 0.7255847 0.7262626 0.7265034 0.7265835 0.7263894 0.7261090 0.7258151 0.7255061 0.7252196 0.7249610 0.7247039 0.7244554 0.7241348 0.7234509 0.7218261 0.7218261 -9999.000 -9999.000 -9999.000 -9999.000 -9999.000 -9999.000 -9999.000 -9999.000 -9999.000 -9999.000 -9999.000 -9999.000 -9999.000 -9999.000 -9999.000 -9999.000 -9999.000 -9999.000 -9999.000 -9999.000 -9999.000 -9999.000 -9999.000 -9999.000 -9999.000 -9999.000 -9999.000 -9999.000
-9999.000 -9999.000 -9999.000 -9999.000 -9999.000 -9999.000 -9999.000 -9999.000 -9999.000 -9999.000 -9999.000 -9999.000 -9999.000 -9999.000 -9999.000 0.7165342 0.7241263 0.7282746 0.7308546 0.7311875 0.7304570 0.7297142 0.7289824 0.7283237 0.7277513 0.7272285 0.7267577 0.7262260 0.7252460 0.7222912 0.7222912 -9999.000 -9999.000 -9999.000 -9999.000 -9999.000 -9999.000 -9999.000 -9999.000 -9999.000 -9999.000 -9999.000 -9999.000 -9999.000 -9999.000 -9999.000 -9999.000 -9999.000 -9999.000 -9999.000 -9999.000 -9999.000 -9999.000 -9999.000 -9999.000 -9999.000 -9999.000 -9999.000 -9999.000
0.8166971 0.8166971 0.8147631 0.7928562 0.7884341 0.7884341 0.7848898 0.7789059 0.7789059 0.7738588 0.7738588 0.7694968 0.7675158 0.7656454 0.7638717 0.7638717 0.7318209 0.7306349 0.7294377 0.7287066 0.7298186 0.7314218 0.7333413 0.7358717 0.7387541 0.7413854 0.7436720 0.7443768 0.7396237 0.7140961 0.7140961 0.5119612 0.4745475 0.4499762 0.4414374 0.4414374 0.4268290 0.4268290 0.4231645 0.4231645 0.4298154 0.4673477 0.4673477 0.5401418 0.5401418 0.6339192 0.6339192 0.6339192 0.6410656 0.6410656 0.6335613 0.6335613 0.6201220 0.6201220 0.6051204 0.6051204 0.5907227 0.5907227 0.5907227
0.8138121 0.8138121 0.8134705 0.7919325 0.7874007 0.7874007 0.7838076 0.7778167 0.7778167 0.7727903 0.7727903 0.7684477 0.7664753 0.7646127 0.7628466 0.7628466 0.7359045 0.7304605 0.7256729 0.7213760 0.7181823 0.7157782 0.7141716 0.7135682 0.7139545 0.7151027 0.7169239 0.7188851 0.7193667 0.7125864 0.7125864 0.5773959 0.5237349 0.4687380 0.4526057 0.4526057 0.4320248 0.4320248 0.4277724 0.4277724 0.4341365 0.4680564 0.4680564 0.5293167 0.5293167 0.6255496 0.6255496 0.6255496 0.6388854 0.6388854 0.6332484 0.6332484 0.6204199 0.6204199 0.6056939 0.6056939 0.5914176 0.5914176 0.5914176
0.8125889 0.8125889 0.8125979 0.7920904 0.7874897 0.7874897 0.7838217 0.7777776 0.7777776 0.7727463 0.7727463 0.7684013 0.7664272 0.7645617 0.7627926 0.7627926 0.7391229 0.7302032 0.7219658 0.7144204 0.7080211 0.7027559 0.6986144 0.6956976 0.6940247 0.6934684 0.6939415 0.6950883 0.6957272 0.6915463 0.6915463 0.6087512 0.5539478 0.4861024 0.4648533 0.4648533 0.4402521 0.4402521 0.4396970 0.4396970 0.4490003 0.4835174 0.4835174 0.5319296 0.5319296 0.6147164 0.6147164 0.6147164 0.6331059 0.6331059 0.6307486 0.6307486 0.6193562 0.6193562 0.6052204 0.6052204 0.5912361 0.5912361 0.5912361
0.8119934 0.8119934 0.8112399 0.7922703 0.7876213 0.7876213 0.7838742 0.7777695 0.7777695 0.7727393 0.7727393 0.7684001 0.7664271 0.7645621 0.7627930 0.7627930 0.7413254 0.7295291 0.7180233 0.7073041 0.6978697 0.6898887 0.6833971 0.6784356 0.6749955 0.6729652 0.6722260 0.6724986 0.6729210 0.6703847 0.6703847 0.6192452 0.5717328 0.5022645 0.4790825 0.4790825 0.4554681 0.4554681 0.4629581 0.4629581 0.4758201 0.5077664 0.5077664 0.5398220 0.5398220 0.6009389 0.6009389 0.6009389 0.6222139 0.6222139 0.6243713 0.6243713 0.6158254 0.6158254 0.6031996 0.6031996 0.5901056 0.5901056 0.5901056
0.8123614 0.8123614 0.8091227 0.7924498 0.7877520 0.7877520 0.7839268 0.7777568 0.7777568 0.7727256 0.7727256 0.7683927 0.7664214 0.7645577 0.7627896 0.7627896 0.7421358 0.7278361 0.7133265 0.6995903 0.6872477 0.6765944 0.6677389 0.6607216 0.6555271 0.6520564 0.6501718 0.6496246 0.6497603 0.6483560 0.6483560 0.6168234 0.5788639 0.5153022 0.4941946 0.4941946 0.4800607 0.4800607 0.4987185 0.4987185 0.5128119 0.5353217 0.5353217 0.5496433 0.5496433 0.5868844 0.5868844 0.5868844 0.6077139 0.6077139 0.6142723 0.6142723 0.6096897 0.6096897 0.5996064 0.5996064 0.5881386 0.5881386 0.5881386
0.8123799 0.8123799 0.8077859 0.7925908 0.7878589 0.7878589 0.7839735 0.7777505 0.7777505 0.7727198 0.7727198 0.7683923 0.7664223 0.7645591 0.7627911 0.7627911 0.7412899 0.7245992 0.7073163 0.6907829 0.6757320 0.6625413 0.6513799 0.6423111 0.6353310 0.6303626 0.6272771 0.6258552 0.6255948 0.6249254 0.6249254 0.6059029 0.5775639 0.5260239 0.5121109 0.5121109 0.5170646 0.5170646 0.5437763 0.5437763 0.5538853 0.5609452 0.5609452 0.5593970 0.5593970 0.5750026 0.5750026 0.5750026 0.5920676 0.5920676 0.6014359 0.6014359 0.6010827 0.6010827 0.5943707 0.5943707 0.5852974 0.5852974 0.5852974
0.8123876 0.8123876 0.8069925 0.7926733 0.7879253 0.7879253 0.7840033 0.7777464 0.7777464 0.7727159 0.7727159 0.7683922 0.7664229 0.7645602 0.7627922 0.7627922 0.7385198 0.7193232 0.6994144 0.6803166 0.6628134 0.6473139 0.6340159 0.6230016 0.6142808 0.6078014 0.6034581 0.6010706 0.6002633 0.5999759 0.5999759 0.5891213 0.5699602 0.5381249 0.5383288 0.5383288 0.5670881 0.5670881 0.5898107 0.5898107 0.5912733 0.5819380 0.5819380 0.5684398 0.5684398 0.5665404 0.5665404 0.5665404 0.5775089 0.5775089 0.5872868 0.5872868 0.5904613 0.5904613 0.5875235 0.5875235 0.5815287 0.5815287 0.5815287
0.8123897 0.8123897 0.8067296 0.7927004 0.7879478 0.7879478 0.7840136 0.7777449 0.7777449 0.7727145 0.7727145 0.7683921 0.7664232 0.7645605 0.7627925 0.7627925 0.7334647 0.7114677 0.6889891 0.6675447 0.6478794 0.6303728 0.6152102 0.6024689 0.5921632 0.5842575 0.5786727 0.5752717 0.5737959 0.5736445 0.5736445 0.5684385 0.5586669 0.5591304 0.5802432 0.5802432 0.6235973 0.6235973 0.6282694 0.6282694 0.6202531 0.5982196 0.5982196 0.5767584 0.5767584 0.5615568 0.5615568 0.5615568 0.5654479 0.5654479 0.5733011 0.5733011 0.5785901 0.5785901 0.5792845 0.5792845 0.5768430 0.5768430 0.5768430
0.8123876 0.8123876 0.8069926 0.7926733 0.7879254 0.7879254 0.7840034 0.7777464 0.7777464 0.7727159 0.7727159 0.7683922 0.7664230 0.7645601 0.7627922 0.7627922 0.7255785 0.7003580 0.6752965 0.6517129 0.6302086 0.6110644 0.5944031 0.5802653 0.5686478 0.5595173 0.5528135 0.5484402 0.5462663 0.5462659 0.5462659 0.5460005 0.5483604 0.5992819 0.6401308 0.6401308 0.6738436 0.6738436 0.6555220 0.6555220 0.6407345 0.6109347 0.6109347 0.5844400 0.5844400 0.5594226 0.5594226 0.5594226 0.5564041 0.5564041 0.5606862 0.5606862 0.5664465 0.5664465 0.5701169 0.5701169 0.5713916 0.5713916 0.5713916
0.8123798 0.8123798 0.8077859 0.7925907 0.7878590 0.7878590 0.7839735 0.7777506 0.7777506 0.7727198 0.7727198 0.7683923 0.7664223 0.7645591 0.7627910 0.7627910 0.7140039 0.6850609 0.6573859 0.6318996 0.6089383 0.5886062 0.5709096 0.5558150 0.5432767 0.5332447 0.5256642 0.5204766 0.5177475 0.5186087 0.5186087 0.5257484 0.5489734 0.6627990 0.7065527 0.7065527 0.7081952 0.7081952 0.6733715 0.6733715 0.6551050 0.6211760 0.6211760 0.5914428 0.5914428 0.5592765 0.5592765 0.5592765 0.5502245 0.5502245 0.5501953 0.5501953 0.5549955 0.5549955 0.5606863 0.5606863 0.5654957 0.5654957 0.5654957
0.8123614 0.8123614 0.8091228 0.7924497 0.7877520 0.7877520 0.7839268 0.7777569 0.7777569 0.7727258 0.7727258 0.7683926 0.7664213 0.7645578 0.7627897 0.7627897 0.6973494 0.6641933 0.6339532 0.6069103 0.5829939 0.5620441 0.5438947 0.5284023 0.5154544 0.5049666 0.4968757 0.4911704 0.4884126 0.4930727 0.4930727 0.5175275 0.5778691 0.7355763 0.7581626 0.7581626 0.7273159 0.7273159 0.6852342 0.6852342 0.6655592 0.6294877 0.6294877 0.5975740 0.5975740 0.5602865 0.5602865 0.5602865 0.5463848 0.5463848 0.5421095 0.5421095 0.5450435 0.5450435 0.5517691 0.5517691 0.5596319 0.5596319 0.5596319
