simulation_files/asc/Depth____400.0.asc
NCOLS       216
NROWS       273
XLLCENTER        494.688995
YLLCENTER        787.867981
CELLSIZE           0.500
NODATA_VALUE     -9999.0
[rows 162 to 188 of 273, columns 118 to 176 of 216]
2.080833 2.755772 2.951991 2.988407 3.000060 3.010978 2.790721 2.217305 1.660708 0.7346804 0.1884307 0.1165869 0.1462891 0.1809824 0.1639655 0.1549482 0.1845865 0.2024469 0.2273510 0.2410364 0.2336333 0.1767462 0.1344319 0.1419541 0.1719056 0.1778992 0.1393379 0.8999645E-01 -9999.000 -9999.000 -9999.000 -9999.000 -9999.000 -9999.000 -9999.000 -9999.000 -9999.000 -9999.000 -9999.000 -9999.000 -9999.000 -9999.000 -9999.000 -9999.000 -9999.000 -9999.000 -9999.000 -9999.000 -9999.000 -9999.000 -9999.000 -9999.000 -9999.000 -9999.000 -9999.000 -9999.000 -9999.000 -9999.000 -9999.000
1.740253 2.661491 2.944530 2.977060 2.978790 2.570713 1.763795 1.066979 0.6294024 0.2104484 0.1859158 0.1586977 0.1625545 0.1449344 0.1631329 0.1772287 0.1861473 0.1904232 0.2282070 0.2597276 0.2455610 0.1722116 0.1416185 0.1533206 0.1942148 0.2064487 0.1806966 0.1344529 0.7500326E-01 -9999.000 -9999.000 -9999.000 -9999.000 -9999.000 -9999.000 -9999.000 -9999.000 -9999.000 -9999.000 -9999.000 -9999.000 -9999.000 -9999.000 -9999.000 -9999.000 -9999.000 -9999.000 -9999.000 -9999.000 -9999.000 -9999.000 -9999.000 -9999.000 -9999.000 -9999.000 -9999.000 -9999.000 -9999.000 -9999.000
1.177922 2.233117 2.824356 2.965131 2.539768 1.619178 0.5255758 0.1845731 0.1590026 0.1363269 0.1598289 0.1419232 0.1327749 0.1143731 0.1420481 0.1680023 0.1693010 0.1765196 0.2048630 0.2367905 0.2166205 0.1524162 0.1329668 0.1563305 0.2028609 0.2066859 0.1677866 0.1301896 0.6845556E-01 -9999.000 -9999.000 -9999.000 -9999.000 -9999.000 -9999.000 -9999.000 -9999.000 -9999.000 -9999.000 -9999.000 -9999.000 -9999.000 -9999.000 -9999.000 -9999.000 -9999.000 -9999.000 -9999.000 -9999.000 -9999.000 -9999.000 -9999.000 -9999.000 -9999.000 -9999.000 -9999.000 -9999.000 -9999.000 -9999.000
0.2426165 1.379331 2.384095 2.484453 1.599476 -9999.000 0.1470474 0.1686192 0.1414891 0.1118736 0.1008928 0.1003292 0.1155568 0.1073371 0.1328850 0.1643083 0.1798741 0.2029165 0.2303193 0.2452936 0.1795047 0.1376467 0.1297165 0.1536402 0.1962072 0.1951486 0.1660868 0.1188895 0.7379534E-01 0.3594837E-01 -9999.000 -9999.000 -9999.000 -9999.000 -9999.000 -9999.000 -9999.000 -9999.000 -9999.000 -9999.000 -9999.000 -9999.000 -9999.000 -9999.000 -9999.000 -9999.000 -9999.000 -9999.000 -9999.000 -9999.000 -9999.000 -9999.000 -9999.000 -9999.000 -9999.000 -9999.000 -9999.000 -9999.000 -9999.000
-9999.000 0.6982519 1.440937 1.272442 0.5829061 0.1767018 0.2017521 0.1781940 0.1647129 0.1349943 0.9739401E-01 0.9253520E-01 0.1044554 0.9466599E-01 0.1400339 0.2009365 0.2382984 0.2665881 0.2893363 0.2298663 0.1453929 0.1584371 0.1614540 0.1754120 0.1963682 0.1889906 0.1624943 0.1413659 0.1110029 0.6264659E-01 -9999.000 -9999.000 0.1836429E-01 -9999.000 -9999.000 -9999.000 -9999.000 -9999.000 -9999.000 -9999.000 -9999.000 -9999.000 -9999.000 -9999.000 -9999.000 -9999.000 -9999.000 -9999.000 -9999.000 -9999.000 -9999.000 -9999.000 -9999.000 -9999.000 -9999.000 -9999.000 -9999.000 -9999.000 -9999.000
-9999.000 -9999.000 -9999.000 0.3531620 0.2119260 0.2406269 0.2113504 0.2005249 0.2044448 0.1763525 0.1511674 0.1377605 0.1223733 0.1084058 0.1657271 0.2514212 0.2693637 0.2756258 0.2626642 0.1716055 0.1078356 0.1652742 0.1771246 0.1890159 0.1838232 0.1436886 0.1363361 0.1456361 0.1441510 0.9807123E-01 -9999.000 -9999.000 -9999.000 -9999.000 -9999.000 -9999.000 -9999.000 -9999.000 -9999.000 -9999.000 -9999.000 -9999.000 -9999.000 -9999.000 -9999.000 -9999.000 -9999.000 -9999.000 -9999.000 -9999.000 -9999.000 -9999.000 -9999.000 -9999.000 -9999.000 -9999.000 -9999.000 -9999.000 -9999.000
-9999.000 -9999.000 -9999.000 0.1370071 0.2439898 0.2442087 0.2433679 0.2500923 0.2520290 0.2331759 0.2193097 0.2053755 0.1749360 0.1399361 0.1641291 0.2101916 0.2259080 0.2179330 0.1791164 0.1595246 0.1207479 0.1564761 0.1811913 0.1997513 0.1916678 0.1349205 0.1218923 0.1513967 0.1644892 0.1401034 0.8154111E-01 0.4629334E-01 0.3842570E-01 0.3409162E-01 -9999.000 -9999.000 -9999.000 -9999.000 -9999.000 -9999.000 -9999.000 -9999.000 -9999.000 -9999.000 -9999.000 -9999.000 -9999.000 -9999.000 -9999.000 -9999.000 -9999.000 -9999.000 -9999.000 -9999.000 -9999.000 -9999.000 -9999.000 -9999.000 -9999.000
-9999.000 -9999.000 -9999.000 0.1361440 0.1623722 0.1978581 0.2500292 0.2739387 0.2532185 0.2299854 0.2311677 0.2343701 0.1921136 0.1367400 0.1216938 0.1089489 0.1483618 0.1381201 0.1646310 0.2041344 0.1646261 0.1917371 0.2266704 0.2603031 0.2541693 0.1820472 0.1427258 0.1539513 0.1691395 0.1608847 0.1071934 0.6997492E-01 0.5991379E-01 0.4217997E-01 -9999.000 -9999.000 -9999.000 -9999.000 -9999.000 -9999.000 -9999.000 -9999.000 -9999.000 -9999.000 -9999.000 -9999.000 -9999.000 -9999.000 -9999.000 -9999.000 -9999.000 -9999.000 -9999.000 -9999.000 -9999.000 -9999.000 -9999.000 -9999.000 -9999.000
-9999.000 -9999.000 -9999.000 0.8164273E-01 0.1055957 0.1746091 0.2417868 0.2554051 0.2488770 0.2464189 0.2207278 0.1826171 0.1216057 0.1022103 0.1139178 0.1389885 0.1592635 0.1507064 0.1766981 0.1899484 0.1631118 0.2083116 0.2817315 0.3280587 0.3065835 0.2131953 0.1559238 0.1622265 0.1749550 0.1859027 0.1389592 0.1031853 0.9413412E-01 0.7354965E-01 0.4494369E-01 -9999.000 -9999.000 -9999.000 -9999.000 -9999.000 -9999.000 -9999.000 -9999.000 -9999.000 -9999.000 -9999.000 -9999.000 -9999.000 -9999.000 -9999.000 -9999.000 -9999.000 -9999.000 -9999.000 -9999.000 -9999.000 -9999.000 -9999.000 -9999.000
-9999.000 -9999.000 -9999.000 -9999.000 -9999.000 0.1073730 0.1737189 0.2163344 0.2416423 0.2561942 0.2073876 0.1222323 0.7928986E-01 0.6862545E-01 0.1139341 0.1862987 0.2225039 0.2414806 0.1956991 0.1234835 0.1013621 0.1853858 0.3017708 0.3426689 0.2836316 0.2004681 0.1720188 0.1918322 0.2146454 0.2177571 0.1729880 0.1452034 0.1508085 0.1335017 0.1052511 0.9178256E-01 0.8336123E-01 0.6311544E-01 -9999.000 -9999.000 -9999.000 -9999.000 -9999.000 -9999.000 -9999.000 -9999.000 -9999.000 -9999.000 -9999.000 -9999.000 -9999.000 -9999.000 -9999.000 -9999.000 -9999.000 -9999.000 -9999.000 -9999.000 -9999.000
-9999.000 -9999.000 -9999.000 -9999.000 -9999.000 0.6494773E-01 0.1122928 0.1602070 0.2192048 0.2531626 0.2265454 0.1633296 0.1200368 0.1101691 0.1453525 0.2062658 0.2377090 0.2682396 0.2368132 0.1504277 0.1268699 0.1996278 0.2892016 0.2984357 0.2510831 0.1880350 0.1765909 0.1791387 0.2093761 0.2436556 0.2108171 0.1989311 0.2070288 0.2023069 0.1540026 0.1379134 0.1358703 0.9962092E-01 0.4654525E-01 -9999.000 -9999.000 -9999.000 -9999.000 -9999.000 -9999.000 -9999.000 -9999.000 -9999.000 -9999.000 -9999.000 -9999.000 -9999.000 -9999.000 -9999.000 -9999.000 -9999.000 -9999.000 -9999.000 -9999.000
-9999.000 -9999.000 -9999.000 -9999.000 -9999.000 0.7441417E-01 0.1133888 0.1531575 0.2118909 0.2452414 0.2433594 0.2178561 0.1772686 0.1641776 0.1850023 0.2094238 0.2315355 0.2814367 0.2910430 0.2525403 0.2386436 0.2420225 0.2482996 0.2492910 0.1881230 0.1605172 0.1537487 0.1427537 0.1708104 0.2174681 0.2030836 0.2015571 0.2181891 0.2150766 0.1937413 0.1711914 0.1661621 0.1493414 0.8836832E-01 -9999.000 -9999.000 -9999.000 -9999.000 -9999.000 -9999.000 -9999.000 -9999.000 -9999.000 -9999.000 -9999.000 -9999.000 -9999.000 -9999.000 -9999.000 -9999.000 -9999.000 -9999.000 -9999.000 -9999.000
-9999.000 -9999.000 -9999.000 -9999.000 -9999.000 -9999.000 0.1355715 0.1452418 0.1974832 0.2341352 0.2611107 0.2436989 0.2042336 0.1730904 0.1713884 0.1787452 0.2123861 0.2802523 0.3040212 0.3023065 0.3155629 0.2441127 0.1998146 0.1794553 0.1633727 0.1430473 0.1373271 0.1416848 0.1647826 0.1954531 0.1751696 0.1665595 0.1831317 0.2000601 0.1905690 0.1643839 0.1707522 0.1705360 0.1176957 0.7099181E-01 -9999.000 -9999.000 -9999.000 -9999.000 -9999.000 -9999.000 -9999.000 -9999.000 -9999.000 -9999.000 -9999.000 -9999.000 -9999.000 -9999.000 -9999.000 -9999.000 -9999.000 -9999.000 -9999.000
-9999.000 -9999.000 -9999.000 -9999.000 -9999.000 -9999.000 -9999.000 0.9161786E-01 0.1530069 0.2261451 0.2770426 0.2552522 0.2001195 0.1468062 0.1237966 0.1128660 0.1655228 0.2668999 0.2688611 0.2439902 0.2056700 0.1650948 0.1581252 0.2001517 0.2317342 0.1728419 0.1536506 0.1697255 0.1863878 0.2058193 0.2010275 0.1820547 0.1789118 0.1959034 0.1663662 0.1104668 0.1108183 0.1418041 0.1319441 0.1043186 -9999.000 -9999.000 -9999.000 -9999.000 -9999.000 -9999.000 -9999.000 -9999.000 -9999.000 -9999.000 -9999.000 -9999.000 -9999.000 -9999.000 -9999.000 -9999.000 -9999.000 -9999.000 -9999.000
-9999.000 -9999.000 -9999.000 -9999.000 -9999.000 -9999.000 -9999.000 0.3587939E-01 0.8320930E-01 0.1789665 0.2334339 0.2300855 0.1705191 0.1088883 0.7986829E-01 0.5797202E-01 0.9564680E-01 0.1834827 0.1763570 0.1466114 0.1250215 0.1275762 0.1601723 0.2426958 0.2793822 0.2286959 0.2198410 0.2348801 0.2371319 0.2446548 0.2643580 0.2714688 0.2294043 0.1812529 0.1102208 0.5856669E-01 0.1029326 0.1546468 0.1644069 0.1105940 0.4939263E-01 -9999.000 -9999.000 -9999.000 -9999.000 -9999.000 -9999.000 -9999.000 -9999.000 -9999.000 -9999.000 -9999.000 -9999.000 -9999.000 -9999.000 -9999.000 -9999.000 -9999.000 -9999.000
-9999.000 -9999.000 -9999.000 -9999.000 -9999.000 -9999.000 -9999.000 -9999.000 0.5041809E-01 0.1160002 0.1834191 0.2030439 0.1729007 0.1058314 0.7024685E-01 0.4035054E-01 0.4637355E-01 0.9154222E-01 0.1121772 0.1220261 0.1526727 0.1538887 0.1593120 0.2378027 0.2842367 0.2696421 0.2676389 0.2616148 0.2342335 0.2298288 0.2933855 0.3030324 0.2628641 0.1754488 0.8850185E-01 0.1006269 0.1463152 0.1614790 0.1443363 0.1108841 0.6952696E-01 -9999.000 -9999.000 -9999.000 -9999.000 -9999.000 -9999.000 -9999.000 -9999.000 -9999.000 -9999.000 -9999.000 -9999.000 -9999.000 -9999.000 -9999.000 -9999.000 -9999.000 -9999.000
-9999.000 -9999.000 -9999.000 -9999.000 -9999.000 -9999.000 -9999.000 -9999.000 -9999.000 0.8225358E-01 0.1740310 0.2018680 0.1929044 0.1449474 0.9762524E-01 0.5602995E-01 0.3490938E-01 0.5361401E-01 0.7945455E-01 0.1073633 0.1513713 0.1872159 0.1861591 0.2318812 0.2878531 0.2799463 0.2472102 0.1964701 0.1257067 0.1473818 0.2318454 0.2460575 0.2391927 0.1851842 0.1525599 0.1720328 0.1829026 0.1652380 0.1460230 0.1588596 0.1263143 0.5870332E-01 -9999.000 -9999.000 -9999.000 -9999.000 -9999.000 -9999.000 -9999.000 -9999.000 -9999.000 -9999.000 -9999.000 -9999.000 -9999.000 -9999.000 -9999.000 -9999.000 -9999.000
-9999.000 -9999.000 -9999.000 -9999.000 -9999.000 -9999.000 -9999.000 -9999.000 -9999.000 0.5367188E-01 0.1282879 0.1785381 0.1942946 0.1706111 0.1239378 0.6412970E-01 0.2958657E-01 0.3397091E-01 0.5743512E-01 0.8855105E-01 0.1454312 0.2061719 0.2130922 0.2314107 0.2780825 0.2409545 0.1769883 0.1135100 0.1294242 0.1555991 0.1753576 0.1783291 0.1887652 0.1740089 0.1768049 0.2143181 0.2086342 0.1802142 0.1909292 0.2113339 0.1633149 0.7707300E-01 -9999.000 -9999.000 -9999.000 -9999.000 -9999.000 -9999.000 -9999.000 -9999.000 -9999.000 -9999.000 -9999.000 -9999.000 -9999.000 -9999.000 -9999.000 -9999.000 -9999.000
-9999.000 -9999.000 -9999.000 -9999.000 -9999.000 -9999.000 -9999.000 -9999.000 -9999.000 0.4420161E-01 0.9483403E-01 0.1567976 0.1925094 0.2032662 0.1607389 0.9120781E-01 0.3658540E-01 0.2215213E-01 0.4205125E-01 0.7861085E-01 0.1292892 0.1761468 0.1805930 0.2098087 0.2304441 0.1792081 0.1101133 0.1056870 0.1679825 0.2131855 0.1979189 0.1692376 0.1716888 0.1590817 0.1729646 0.2237206 0.2121453 0.1820364 0.2058818 0.2403363 0.1998384 0.9546772E-01 -9999.000 -9999.000 -9999.000 -9999.000 -9999.000 -9999.000 -9999.000 -9999.000 -9999.000 -9999.000 -9999.000 -9999.000 -9999.000 -9999.000 -9999.000 -9999.000 -9999.000
-9999.000 -9999.000 -9999.000 -9999.000 -9999.000 -9999.000 -9999.000 -9999.000 -9999.000 -9999.000 0.4466941E-01 0.9696478E-01 0.1791204 0.2245972 0.2056259 0.1380027 -9999.000 0.2119970E-01 0.2418289E-01 0.5072962E-01 0.9357276E-01 0.1202887 0.1189947 0.1607649 0.2004181 0.1745668 0.1656531 0.1728506 0.2205612 0.2481317 0.2497355 0.2160564 0.2267006 0.2284592 0.2358564 0.2596232 0.2326268 0.2200100 0.2323694 0.2536820 0.2304858 0.1505336 0.9359036E-01 -9999.000 -9999.000 -9999.000 -9999.000 -9999.000 -9999.000 -9999.000 -9999.000 -9999.000 -9999.000 -9999.000 -9999.000 -9999.000 -9999.000 -9999.000 -9999.000
-9999.000 -9999.000 -9999.000 -9999.000 -9999.000 -9999.000 -9999.000 -9999.000 -9999.000 -9999.000 -9999.000 0.4540851E-01 0.1319746 0.2018833 0.2089895 0.1615238 0.8578094E-01 0.4152643E-01 0.1662393E-01 0.3307717E-01 0.6306037E-01 0.7151969E-01 0.5897719E-01 0.1129578 0.2095170 0.2142690 0.2175597 0.2590574 0.2638229 0.2394137 0.2598129 0.2992662 0.3272763 0.3521491 0.3286416 0.2893115 0.2679251 0.2752281 0.2780201 0.2832656 0.2541619 0.1989408 0.1319989 0.5740347E-01 -9999.000 -9999.000 -9999.000 -9999.000 -9999.000 -9999.000 -9999.000 -9999.000 -9999.000 -9999.000 -9999.000 -9999.000 -9999.000 -9999.000 -9999.000
-9999.000 -9999.000 -9999.000 -9999.000 -9999.000 -9999.000 -9999.000 -9999.000 -9999.000 -9999.000 -9999.000 0.3622971E-01 0.1087784 0.1832210 0.2105649 0.1858483 0.1379752 0.7789224E-01 0.3391972E-01 0.3618071E-01 0.5942116E-01 0.5281078E-01 0.4691139E-01 0.9853389E-01 0.1707708 0.1888762 0.2141881 0.2805995 0.2998075 0.2527118 0.2649950 0.3345048 0.3598260 0.3688322 0.3578880 0.3106746 0.2938419 0.2898122 0.2964080 0.2993501 0.2824496 0.2594279 0.1801739 0.7822414E-01 -9999.000 -9999.000 -9999.000 -9999.000 -9999.000 -9999.000 -9999.000 -9999.000 -9999.000 -9999.000 -9999.000 -9999.000 -9999.000 -9999.000 -9999.000
-9999.000 -9999.000 -9999.000 -9999.000 -9999.000 -9999.000 -9999.000 -9999.000 -9999.000 -9999.000 -9999.000 -9999.000 0.9938622E-01 0.1861115 0.2192250 0.2159533 0.1806353 0.1246707 0.6715690E-01 0.4583730E-01 0.5051267E-01 0.4433918E-01 0.5056655E-01 0.7957806E-01 0.1036782 0.1161818 0.1608649 0.2395098 0.2879767 0.2747806 0.2963284 0.3442075 0.3248067 0.3139287 0.3193551 0.3098605 0.2670220 0.2688084 0.2707781 0.2833212 0.2883668 0.2740971 0.2234738 0.1240353 0.6021991E-01 -9999.000 -9999.000 -9999.000 -9999.000 -9999.000 -9999.000 -9999.000 -9999.000 -9999.000 -9999.000 -9999.000 -9999.000 -9999.000 -9999.000
-9999.000 -9999.000 -9999.000 -9999.000 -9999.000 -9999.000 -9999.000 -9999.000 -9999.000 -9999.000 -9999.000 0.1245105E-01 0.9531828E-01 0.1834959 0.2293876 0.2324013 0.2119967 0.1651738 0.9553215E-01 0.5858831E-01 0.4972463E-01 0.5861365E-01 0.7172494E-01 0.7497086E-01 0.6630605E-01 0.7693598E-01 0.1176162 0.1763914 0.2290651 0.2531386 0.3210893 0.3028483 0.2383419 0.2510531 0.2718811 0.2085798 0.1687459 0.1505570 0.1778438 0.2034232 0.2323216 0.2424355 0.2169759 0.1513918 0.1144891 -9999.000 -9999.000 -9999.000 -9999.000 -9999.000 -9999.000 -9999.000 -9999.000 -9999.000 -9999.000 -9999.000 -9999.000 -9999.000 -9999.000
-9999.000 -9999.000 -9999.000 -9999.000 -9999.000 -9999.000 -9999.000 -9999.000 -9999.000 -9999.000 -9999.000 -9999.000 -9999.000 0.1568050 0.2190846 0.2304989 0.2216812 0.1796640 0.1240919 0.6348384E-01 0.3930539E-01 0.4639799E-01 0.6627887E-01 0.6706304E-01 0.6286087E-01 0.8855276E-01 0.1398179 0.1829478 0.2169399 0.2443027 0.2565887 0.2091250 0.1869603 0.2793222 0.3018543 0.2483261 0.1721527 0.1510779 0.1638481 0.1774331 0.1980854 0.2178025 0.2117332 0.1797321 0.1423523 0.9566280E-01 -9999.000 -9999.000 -9999.000 -9999.000 -9999.000 -9999.000 -9999.000 -9999.000 -9999.000 -9999.000 -9999.000 -9999.000 -9999.000
-9999.000 -9999.000 -9999.000 -9999.000 -9999.000 -9999.000 -9999.000 -9999.000 -9999.000 -9999.000 -9999.000 -9999.000 -9999.000 0.1392970 0.1916183 0.2024642 0.2153943 0.1851519 0.1076618 0.5989482E-01 0.3448099E-01 0.2476305E-01 0.3585957E-01 0.5421620E-01 0.6886752E-01 0.1080759 0.1818855 0.2078353 0.2044644 0.1869923 0.1903364 0.1803804 0.1912768 0.2778116 0.3440761 0.3249384 0.2635078 0.1923213 0.1956592 0.2232629 0.2320127 0.2187777 0.2118848 0.1789237 0.1307232 0.8275276E-01 -9999.000 -9999.000 -9999.000 -9999.000 -9999.000 -9999.000 -9999.000 -9999.000 -9999.000 -9999.000 -9999.000 -9999.000 -9999.000
-9999.000 -9999.000 -9999.000 -9999.000 -9999.000 -9999.000 -9999.000 -9999.000 -9999.000 -9999.000 -9999.000 -9999.000 -9999.000 0.1407417 0.1728698 0.1756928 0.1974409 0.1788007 0.1213773 0.8698438E-01 0.5600486E-01 0.3062675E-01 0.2390186E-01 0.3277429E-01 0.5044157E-01 0.8800910E-01 0.1317017 0.1425948 0.1669891 0.1657472 0.2012003 0.2328918 0.2153980 0.2494256 0.2985725 0.2909534 0.2612989 0.2282447 0.2232476 0.2286388 0.2006312 0.1917638 0.2025254 0.1906217 0.1692071 0.1325963 0.9541428E-01 0.6291997E-01 -9999.000 -9999.000 -9999.000 -9999.000 -9999.000 -9999.000 -9999.000 -9999.000 -9999.000 -9999.000 -9999.000
