simulation_files/asc/Depth____000060.asc
NCOLS        79
NROWS        79
XLLCENTER         -1.500000
YLLCENTER         -4.800000
CELLSIZE           0.100
NODATA_VALUE     -9999.0
[rows 0 to 25 of 79, columns 0 to 57 of 79]
-9999.000 -9999.000 -9999.000 -9999.000 -9999.000 -9999.000 -9999.000 -9999.000 -9999.000 -9999.000 -9999.000 -9999.000 -9999.000 -9999.000 -9999.000 0.2704608 0.2705883 0.2705027 0.2703585 0.2701706 0.2699447 0.2696851 0.2693960 0.2690828 0.2687519 0.2684117 0.2680725 0.2677482 0.2674709 0.2677652 0.2677652 -9999.000 -9999.000 -9999.000 -9999.000 -9999.000 -9999.000 -9999.000 -9999.000 -9999.000 -9999.000 -9999.000 -9999.000 -9999.000 -9999.000 -9999.000 -9999.000 -9999.000 -9999.000 -9999.000 -9999.000 -9999.000 -9999.000 -9999.000 -9999.000 -9999.000 -9999.000 -9999.000
-9999.000 -9999.000 -9999.000 -9999.000 -9999.000 -9999.000 -9999.000 -9999.000 -9999.000 -9999.000 -9999.000 -9999.000 -9999.000 -9999.000 -9999.000 0.2723647 0.2725157 0.2724305 0.2722940 0.2721191 0.2719103 0.2716717 0.2714078 0.2711239 0.2708264 0.2705229 0.2702211 0.2699293 0.2696682 0.2699431 0.2699431 -9999.000 -9999.000 -9999.000 -9999.000 -9999.000 -9999.000 -9999.000 -9999.000 -9999.000 -9999.000 -9999.000 -9999.000 -9999.000 -9999.000 -9999.000 -9999.000 -9999.000 -9999.000 -9999.000 -9999.000 -9999.000 -9999.000 -9999.000 -9999.000 -9999.000 -9999.000 -9999.000
-9999.000 -9999.000 -9999.000 -9999.000 -9999.000 -9999.000 -9999.000 -9999.000 -9999.000 -9999.000 -9999.000 -9999.000 -9999.000 -9999.000 -9999.000 0.2743905 0.2745867 0.2745016 0.2743650 0.2741914 0.2739855 0.2737506 0.2734906 0.2732099 0.2729138 0.2726078 0.2722983 0.2719917 0.2717097 0.2720231 0.2720231 -9999.000 -9999.000 -9999.000 -9999.000 -9999.000 -9999.000 -9999.000 -9999.000 -9999.000 -9999.000 -9999.000 -9999.000 -9999.000 -9999.000 -9999.000 -9999.000 -9999.000 -9999.000 -9999.000 -9999.000 -9999.000 -9999.000 -9999.000 -9999.000 -9999.000 -9999.000 -9999.000
-9999.000 -9999.000 -9999.000 -9999.000 -9999.000 -9999.000 -9999.000 -9999.000 -9999.000 -9999.000 -9999.000 -9999.000 -9999.000 -9999.000 -9999.000 0.2764524 0.2766865 0.2765993 0.2764600 0.2762839 0.2760753 0.2758374 0.2755733 0.2752863 0.2749808 0.2746614 0.2743331 0.2740012 0.2736880 0.2740288 0.2740288 -9999.000 -9999.000 -9999.000 -9999.000 -9999.000 -9999.000 -9999.000 -9999.000 -9999.000 -9999.000 -9999.000 -9999.000 -9999.000 -9999.000 -9999.000 -9999.000 -9999.000 -9999.000 -9999.000 -9999.000 -9999.000 -9999.000 -9999.000 -9999.000 -9999.000 -9999.000 -9999.000
-9999.000 -9999.000 -9999.000 -9999.000 -9999.000 -9999.000 -9999.000 -9999.000 -9999.000 -9999.000 -9999.000 -9999.000 -9999.000 -9999.000 -9999.000 0.2785425 0.2788072 0.2787154 0.2785706 0.2783883 0.2781726 0.2779261 0.2776512 0.2773503 0.2770270 0.2766849 0.2763280 0.2759603 0.2756047 0.2759641 0.2759641 -9999.000 -9999.000 -9999.000 -9999.000 -9999.000 -9999.000 -9999.000 -9999.000 -9999.000 -9999.000 -9999.000 -9999.000 -9999.000 -9999.000 -9999.000 -9999.000 -9999.000 -9999.000 -9999.000 -9999.000 -9999.000 -9999.000 -9999.000 -9999.000 -9999.000 -9999.000 -9999.000
-9999.000 -9999.000 -9999.000 -9999.000 -9999.000 -9999.000 -9999.000 -9999.000 -9999.000 -9999.000 -9999.000 -9999.000 -9999.000 -9999.000 -9999.000 0.2806537 0.2809414 0.2808426 0.2806897 0.2804983 0.2802719 0.2800122 0.2797208 0.2793996 0.2790510 0.2786775 0.2782820 0.2778674 0.2774559 0.2778256 0.2778256 -9999.000 -9999.000 -9999.000 -9999.000 -9999.000 -9999.000 -9999.000 -9999.000 -9999.000 -9999.000 -9999.000 -9999.000 -9999.000 -9999.000 -9999.000 -9999.000 -9999.000 -9999.000 -9999.000 -9999.000 -9999.000 -9999.000 -9999.000 -9999.000 -9999.000 -9999.000 -9999.000
-9999.000 -9999.000 -9999.000 -9999.000 -9999.000 -9999.000 -9999.000 -9999.000 -9999.000 -9999.000 -9999.000 -9999.000 -9999.000 -9999.000 -9999.000 0.2827793 0.2830829 0.2829743 0.2828115 0.2826085 0.2823682 0.2820914 0.2817788 0.2814312 0.2810498 0.2806360 0.2801911 0.2797161 0.2792319 0.2796020 0.2796020 -9999.000 -9999.000 -9999.000 -9999.000 -9999.000 -9999.000 -9999.000 -9999.000 -9999.000 -9999.000 -9999.000 -9999.000 -9999.000 -9999.000 -9999.000 -9999.000 -9999.000 -9999.000 -9999.000 -9999.000 -9999.000 -9999.000 -9999.000 -9999.000 -9999.000 -9999.000 -9999.000
-9999.000 -9999.000 -9999.000 -9999.000 -9999.000 -9999.000 -9999.000 -9999.000 -9999.000 -9999.000 -9999.000 -9999.000 -9999.000 -9999.000 -9999.000 0.2849136 0.2852256 0.2851048 0.2849303 0.2847137 0.2844568 0.2841595 0.2838209 0.2834408 0.2830188 0.2825546 0.2820473 0.2814953 0.2809159 0.2812721 0.2812721 -9999.000 -9999.000 -9999.000 -9999.000 -9999.000 -9999.000 -9999.000 -9999.000 -9999.000 -9999.000 -9999.000 -9999.000 -9999.000 -9999.000 -9999.000 -9999.000 -9999.000 -9999.000 -9999.000 -9999.000 -9999.000 -9999.000 -9999.000 -9999.000 -9999.000 -9999.000 -9999.000
-9999.000 -9999.000 -9999.000 -9999.000 -9999.000 -9999.000 -9999.000 -9999.000 -9999.000 -9999.000 -9999.000 -9999.000 -9999.000 -9999.000 -9999.000 0.2870507 0.2873640 0.2872281 0.2870405 0.2868086 0.2865328 0.2862112 0.2858419 0.2854226 0.2849510 0.2844243 0.2838384 0.2831872 0.2824815 0.2828002 0.2828002 -9999.000 -9999.000 -9999.000 -9999.000 -9999.000 -9999.000 -9999.000 -9999.000 -9999.000 -9999.000 -9999.000 -9999.000 -9999.000 -9999.000 -9999.000 -9999.000 -9999.000 -9999.000 -9999.000 -9999.000 -9999.000 -9999.000 -9999.000 -9999.000 -9999.000 -9999.000 -9999.000
-9999.000 -9999.000 -9999.000 -9999.000 -9999.000 -9999.000 -9999.000 -9999.000 -9999.000 -9999.000 -9999.000 -9999.000 -9999.000 -9999.000 -9999.000 0.2891838 0.2894915 0.2893380 0.2891358 0.2888871 0.2885897 0.2882403 0.2878348 0.2873686 0.2868364 0.2862319 0.2855457 0.2847649 0.2838882 0.2841278 0.2841278 -9999.000 -9999.000 -9999.000 -9999.000 -9999.000 -9999.000 -9999.000 -9999.000 -9999.000 -9999.000 -9999.000 -9999.000 -9999.000 -9999.000 -9999.000 -9999.000 -9999.000 -9999.000 -9999.000 -9999.000 -9999.000 -9999.000 -9999.000 -9999.000 -9999.000 -9999.000 -9999.000
-9999.000 -9999.000 -9999.000 -9999.000 -9999.000 -9999.000 -9999.000 -9999.000 -9999.000 -9999.000 -9999.000 -9999.000 -9999.000 -9999.000 -9999.000 0.2913037 0.2916005 0.2914267 0.2912087 0.2909413 0.2906197 0.2902383 0.2897900 0.2892672 0.2886605 0.2879577 0.2871419 0.2861879 0.2850730 0.2851555 0.2851555 -9999.000 -9999.000 -9999.000 -9999.000 -9999.000 -9999.000 -9999.000 -9999.000 -9999.000 -9999.000 -9999.000 -9999.000 -9999.000 -9999.000 -9999.000 -9999.000 -9999.000 -9999.000 -9999.000 -9999.000 -9999.000 -9999.000 -9999.000 -9999.000 -9999.000 -9999.000 -9999.000
-9999.000 -9999.000 -9999.000 -9999.000 -9999.000 -9999.000 -9999.000 -9999.000 -9999.000 -9999.000 -9999.000 -9999.000 -9999.000 -9999.000 -9999.000 0.2933981 0.2936808 0.2934845 0.2932493 0.2929612 0.2926121 0.2921932 0.2916939 0.2911019 0.2904018 0.2895728 0.2885850 0.2873930 0.2859340 0.2857038 0.2857038 -9999.000 -9999.000 -9999.000 -9999.000 -9999.000 -9999.000 -9999.000 -9999.000 -9999.000 -9999.000 -9999.000 -9999.000 -9999.000 -9999.000 -9999.000 -9999.000 -9999.000 -9999.000 -9999.000 -9999.000 -9999.000 -9999.000 -9999.000 -9999.000 -9999.000 -9999.000 -9999.000
-9999.000 -9999.000 -9999.000 -9999.000 -9999.000 -9999.000 -9999.000 -9999.000 -9999.000 -9999.000 -9999.000 -9999.000 -9999.000 -9999.000 -9999.000 0.2954496 0.2957187 0.2954983 0.2952443 0.2949328 0.2945517 0.2940881 0.2935263 0.2928477 0.2920276 0.2910316 0.2898087 0.2882766 0.2862968 0.2854167 0.2854167 -9999.000 -9999.000 -9999.000 -9999.000 -9999.000 -9999.000 -9999.000 -9999.000 -9999.000 -9999.000 -9999.000 -9999.000 -9999.000 -9999.000 -9999.000 -9999.000 -9999.000 -9999.000 -9999.000 -9999.000 -9999.000 -9999.000 -9999.000 -9999.000 -9999.000 -9999.000 -9999.000
-9999.000 -9999.000 -9999.000 -9999.000 -9999.000 -9999.000 -9999.000 -9999.000 -9999.000 -9999.000 -9999.000 -9999.000 -9999.000 -9999.000 -9999.000 0.2974208 0.2976882 0.2974455 0.2971730 0.2968360 0.2964176 0.2958992 0.2952584 0.2944669 0.2934860 0.2922592 0.2906983 0.2886530 0.2858326 0.2834826 0.2834826 -9999.000 -9999.000 -9999.000 -9999.000 -9999.000 -9999.000 -9999.000 -9999.000 -9999.000 -9999.000 -9999.000 -9999.000 -9999.000 -9999.000 -9999.000 -9999.000 -9999.000 -9999.000 -9999.000 -9999.000 -9999.000 -9999.000 -9999.000 -9999.000 -9999.000 -9999.000 -9999.000
-9999.000 -9999.000 -9999.000 -9999.000 -9999.000 -9999.000 -9999.000 -9999.000 -9999.000 -9999.000 -9999.000 -9999.000 -9999.000 -9999.000 -9999.000 0.2983249 0.2992324 0.2991785 0.2990208 0.2987396 0.2983260 0.2977634 0.2970260 0.2960762 0.2948580 0.2932824 0.2911978 0.2883177 0.2839959 0.2774009 0.2774009 -9999.000 -9999.000 -9999.000 -9999.000 -9999.000 -9999.000 -9999.000 -9999.000 -9999.000 -9999.000 -9999.000 -9999.000 -9999.000 -9999.000 -9999.000 -9999.000 -9999.000 -9999.000 -9999.000 -9999.000 -9999.000 -9999.000 -9999.000 -9999.000 -9999.000 -9999.000 -9999.000
0.2585589 0.2585589 0.2460916 0.2386917 0.2363392 0.2363392 0.2343786 0.2311738 0.2311738 0.2470942 0.2470942 0.2793624 0.2848943 0.2909408 0.2981537 0.2981537 0.3066519 0.3070876 0.3073301 0.3072528 0.3067556 0.3057562 0.3041964 0.3020326 0.2991962 0.2955119 0.2905337 0.2831355 0.2701387 0.2361031 0.2361031 0.1129316 0.8839180E-01 0.8386959E-01 0.8848031E-01 0.8848031E-01 0.1038673 0.1038673 0.1269197 0.1269197 0.1598763 0.1936306 0.1936306 0.1970435 0.1970435 0.1960460 0.1960460 0.1960460 0.1914485 0.1914485 0.1870342 0.1870342 0.1833808 0.1833808 0.1778027 0.1778027 0.1742176 0.1742176
0.2575546 0.2575546 0.2454696 0.2382573 0.2359337 0.2359337 0.2339866 0.2307920 0.2307920 0.2432287 0.2432287 0.2790785 0.2842031 0.2896195 0.2953700 0.2953700 0.3003417 0.3007428 0.3011572 0.3015191 0.3017174 0.3016064 0.3010122 0.2997320 0.2975225 0.2940674 0.2888870 0.2810933 0.2686299 0.2442593 0.2442593 0.1576952 0.1292991 0.1087062 0.1054563 0.1054563 0.1088062 0.1088062 0.1249828 0.1249828 0.1464093 0.1933383 0.1933383 0.1975518 0.1975518 0.1958157 0.1958157 0.1958157 0.1911200 0.1911200 0.1867005 0.1867005 0.1836849 0.1836849 0.1775417 0.1775417 0.1739827 0.1739827
0.2570240 0.2570240 0.2452571 0.2382103 0.2359123 0.2359123 0.2339758 0.2307826 0.2307826 0.2406055 0.2406055 0.2786005 0.2830789 0.2876748 0.2923027 0.2923027 0.2953920 0.2953446 0.2953464 0.2953940 0.2954071 0.2952518 0.2947519 0.2936903 0.2917982 0.2887256 0.2839747 0.2767328 0.2653480 0.2449708 0.2449708 0.1787202 0.1507009 0.1253538 0.1195136 0.1195136 0.1183232 0.1183232 0.1293892 0.1293892 0.1430496 0.1870325 0.1870325 0.1985210 0.1985210 0.1961607 0.1961607 0.1961607 0.1910919 0.1910919 0.1866131 0.1866131 0.1830141 0.1830141 0.1778274 0.1778274 0.1741024 0.1741024
0.2566099 0.2566099 0.2450743 0.2381711 0.2359001 0.2359001 0.2339764 0.2307872 0.2307872 0.2382104 0.2382104 0.2779393 0.2818189 0.2856776 0.2893957 0.2893957 0.2908228 0.2902935 0.2898604 0.2895300 0.2892312 0.2888370 0.2881766 0.2870384 0.2851625 0.2822209 0.2777677 0.2711140 0.2609127 0.2433017 0.2433017 0.1917630 0.1660862 0.1405497 0.1344170 0.1344170 0.1320700 0.1320700 0.1388734 0.1388734 0.1463491 0.1779306 0.1779306 0.1965348 0.1965348 0.1959397 0.1959397 0.1959397 0.1909626 0.1909626 0.1863509 0.1863509 0.1825242 0.1825242 0.1778252 0.1778252 0.1740685 0.1740685
0.2562998 0.2562998 0.2449255 0.2381364 0.2358899 0.2358899 0.2339782 0.2307927 0.2307927 0.2360695 0.2360695 0.2771228 0.2804359 0.2835958 0.2864802 0.2864802 0.2861578 0.2850803 0.2842085 0.2835249 0.2829413 0.2823204 0.2814889 0.2802403 0.2783310 0.2754664 0.2712701 0.2652018 0.2561995 0.2409367 0.2409367 0.2000808 0.1777212 0.1551173 0.1502282 0.1502282 0.1485071 0.1485071 0.1514045 0.1514045 0.1542276 0.1713742 0.1713742 0.1908827 0.1908827 0.1946763 0.1946763 0.1946763 0.1903280 0.1903280 0.1857568 0.1857568 0.1818088 0.1818088 0.1775140 0.1775140 0.1738964 0.1738964
0.2560847 0.2560847 0.2448160 0.2381091 0.2358820 0.2358820 0.2339801 0.2307976 0.2307976 0.2348604 0.2348604 0.2762544 0.2790155 0.2814908 0.2835492 0.2835492 0.2811938 0.2794603 0.2781101 0.2770819 0.2762543 0.2754634 0.2745197 0.2732137 0.2713138 0.2685593 0.2646522 0.2592378 0.2515549 0.2387627 0.2387627 0.2056693 0.1875176 0.1704238 0.1675194 0.1675194 0.1660719 0.1660719 0.1646481 0.1646481 0.1639942 0.1694423 0.1694423 0.1837232 0.1837232 0.1917328 0.1917328 0.1917328 0.1888196 0.1888196 0.1847037 0.1847037 0.1808524 0.1808524 0.1769532 0.1769532 0.1736251 0.1736251
0.2559582 0.2559582 0.2447491 0.2380917 0.2358770 0.2358770 0.2339814 0.2308010 0.2308010 0.2337812 0.2337812 0.2753530 0.2775806 0.2793936 0.2806146 0.2806146 0.2757830 0.2732657 0.2713736 0.2699876 0.2689439 0.2680402 0.2670581 0.2657736 0.2639575 0.2613760 0.2578156 0.2531924 0.2470911 0.2369764 0.2369764 0.2107355 0.1974410 0.1875030 0.1861508 0.1861508 0.1829985 0.1829985 0.1769775 0.1769775 0.1737597 0.1713231 0.1713231 0.1779787 0.1779787 0.1872128 0.1872128 0.1872128 0.1861776 0.1861776 0.1830123 0.1830123 0.1795820 0.1795820 0.1761797 0.1761797 0.1732817 0.1732817
0.2559166 0.2559166 0.2447266 0.2380857 0.2358753 0.2358753 0.2339819 0.2308022 0.2308022 0.2329253 0.2329253 0.2744824 0.2761981 0.2773636 0.2777141 0.2777141 0.2697511 0.2663169 0.2638128 0.2620450 0.2608035 0.2598398 0.2588959 0.2577207 0.2560754 0.2537400 0.2505926 0.2470255 0.2430841 0.2363886 0.2363886 0.2170619 0.2094801 0.2061299 0.2047625 0.2047625 0.1978186 0.1978186 0.1876638 0.1876638 0.1826285 0.1752648 0.1752648 0.1750779 0.1750779 0.1819977 0.1819977 0.1819977 0.1824846 0.1824846 0.1805726 0.1805726 0.1779147 0.1779147 0.1751935 0.1751935 0.1728772 0.1728772
0.2559583 0.2559583 0.2447491 0.2380917 0.2358771 0.2358771 0.2339814 0.2308009 0.2308009 0.2322864 0.2322864 0.2736511 0.2748950 0.2754469 0.2749085 0.2749085 0.2628885 0.2584096 0.2552213 0.2530378 0.2516090 0.2506367 0.2498128 0.2488453 0.2474701 0.2454628 0.2428015 0.2408344 0.2402387 0.2381524 0.2381524 0.2265939 0.2250027 0.2245102 0.2214662 0.2214662 0.2099264 0.2099264 0.1965969 0.1965969 0.1903080 0.1798839 0.1798839 0.1747378 0.1747378 0.1771801 0.1771801 0.1771801 0.1781965 0.1781965 0.1774540 0.1774540 0.1758168 0.1758168 0.1739860 0.1739860 0.1724204 0.1724204
0.2560847 0.2560847 0.2448160 0.2381091 0.2358821 0.2358821 0.2339801 0.2307975 0.2307975 0.2318418 0.2318418 0.2728627 0.2736857 0.2736739 0.2722622 0.2722622 0.2548739 0.2492711 0.2453731 0.2427451 0.2411208 0.2401729 0.2395474 0.2388990 0.2379156 0.2363404 0.2342875 0.2350846 0.2400003 0.2436264 0.2436264 0.2406021 0.2435562 0.2405554 0.2352125 0.2352125 0.2194547 0.2194547 0.2038968 0.2038968 0.1967402 0.1843696 0.1843696 0.1759671 0.1759671 0.1734721 0.1734721 0.1734721 0.1739345 0.1739345 0.1739284 0.1739284 0.1733573 0.1733573 0.1725815 0.1725815 0.1719224 0.1719224
0.2562998 0.2562998 0.2449255 0.2381364 0.2358899 0.2358899 0.2339782 0.2307925 0.2307925 0.2315699 0.2315699 0.2721089 0.2725768 0.2720602 0.2698028 0.2698028 0.2453907 0.2386212 0.2338852 0.2307871 0.2289988 0.2281450 0.2278178 0.2276104 0.2271528 0.2261470 0.2250264 0.2310704 0.2444980 0.2544721 0.2544721 0.2588981 0.2621909 0.2538669 0.2466751 0.2466751 0.2268116 0.2268116 0.2097040 0.2097040 0.2019390 0.1883124 0.1883124 0.1778563 0.1778563 0.1710413 0.1710413 0.1710413 0.1702242 0.1702242 0.1703913 0.1703913 0.1707273 0.1707273 0.1710615 0.1710615 0.1714057 0.1714057
