simulation_files/asc/Depth____144.0.asc
NCOLS       411
NROWS       131
XLLCENTER    2538020.000000
YLLCENTER    1152390.000000
CELLSIZE           1.000
NODATA_VALUE     -9999.0
[rows 27 to 53 of 131, columns 295 to 353 of 411]
0.6122028 0.6174632 0.6220348 0.6307876 0.6337098 0.6377525 0.6446445 0.6523102 0.6560540 0.6631019 0.6743830 0.6872165 0.6956766 0.7091421 0.7252594 0.7366440 0.7505844 0.7635206 0.7739497 0.7776969 0.7864345 0.7972106 0.8057059 0.8135196 0.8211170 0.8248961 0.8241706 0.8172139 0.8013255 0.7813945 0.7611556 0.7437099 0.7337645 0.7283827 0.7277670 0.7281052 0.7293465 0.7294709 0.7335889 0.7363006 0.7348200 0.7388622 0.7429855 0.7443684 0.7434804 0.7498624 0.7582117 0.7626868 0.7639855 0.7673440 0.7651864 0.7618110 0.7613488 0.7605685 0.7553721 0.7521765 0.7539774 0.7522497 0.7551730
0.5280673 0.5347448 0.5500859 0.5650040 0.5762822 0.5852184 0.5974155 0.6075253 0.6135720 0.6225243 0.6317020 0.6408703 0.6492198 0.6628367 0.6763834 0.6865385 0.7016326 0.7156743 0.7258529 0.7344921 0.7456094 0.7576022 0.7688387 0.7806343 0.7943106 0.8063098 0.8196173 0.8315176 0.8357293 0.8309821 0.8134833 0.7813357 0.7494844 0.7198379 0.7013594 0.6916247 0.6824917 0.6790801 0.6793655 0.6807261 0.6757424 0.6769226 0.6794235 0.6740528 0.6767586 0.6817237 0.6891688 0.6888821 0.6968153 0.7030682 0.7041550 0.7026016 0.7036886 0.7029813 0.6964585 0.6958920 0.6965938 0.6972044 0.6969411
0.4618674 0.4723861 0.4881310 0.5042506 0.5147326 0.5287690 0.5448212 0.5599615 0.5682141 0.5787195 0.5889327 0.5948171 0.6059274 0.6182908 0.6311722 0.6386321 0.6532228 0.6691481 0.6798769 0.6962706 0.7121165 0.7273158 0.7385427 0.7515825 0.7633091 0.7730044 0.7831850 0.7991260 0.8156409 0.8303561 0.8377561 0.8264831 0.7909490 0.7423969 0.6962421 0.6632189 0.6414517 0.6299253 0.6241066 0.6190714 0.6138549 0.6136983 0.6151550 0.6107248 0.6120645 0.6147496 0.6145064 0.6140944 0.6211821 0.6319882 0.6373768 0.6452187 0.6544130 0.6568986 0.6590044 0.6596468 0.6590501 0.6552862 0.6563504
0.4289469 0.4306264 0.4394815 0.4496700 0.4568765 0.4694572 0.4842519 0.4990964 0.5137182 0.5311302 0.5435869 0.5488712 0.5583692 0.5685333 0.5774589 0.5857289 0.6002219 0.6175387 0.6327134 0.6530486 0.6750993 0.6937101 0.7098745 0.7247694 0.7351404 0.7379608 0.7346693 0.7323711 0.7244668 0.7151685 0.7204368 0.7331271 0.7305510 0.7209764 0.6978393 0.6611679 0.6257616 0.6011137 0.5855228 0.5738050 0.5684395 0.5644059 0.5616074 0.5548258 0.5549436 0.5573203 0.5510616 0.5505648 0.5522095 0.5575234 0.5569227 0.5697977 0.5835776 0.5967194 0.5963383 0.6056904 0.6133694 0.6107623 0.6156674
0.4045249 0.4045947 0.4085593 0.4127176 0.4157324 0.4214565 0.4310166 0.4437813 0.4642643 0.4859487 0.5020057 0.5099222 0.5177925 0.5263006 0.5320504 0.5425469 0.5561168 0.5730906 0.5900419 0.6138407 0.6372191 0.6529614 0.6708332 0.6851469 0.6919037 0.6665185 0.6453842 0.6183983 0.5913265 0.5558317 0.5461832 0.5563230 0.5798763 0.6249019 0.6502957 0.6394652 0.6074965 0.5796135 0.5610499 0.5512903 0.5447289 0.5363808 0.5270091 0.5197250 0.5196218 0.5213065 0.5187215 0.5151363 0.5132464 0.5096776 0.5055372 0.5037498 0.5023652 0.4978830 0.5007033 0.5189494 0.5399321 0.5538920 0.5678850
0.3812348 0.3839383 0.3886683 0.3920404 0.3929303 0.3961355 0.4039591 0.4205839 0.4436817 0.4652100 0.4799931 0.4885424 0.4960680 0.5035407 0.5108859 0.5202662 0.5326564 0.5461987 0.5610954 0.5758729 0.5842963 0.5755601 0.5589769 0.5499444 0.5291819 0.5163444 0.5103931 0.5005084 0.4849143 0.4736554 0.4671903 0.4735566 0.4995347 0.5425120 0.5745330 0.5706387 0.5514413 0.5334304 0.5278795 0.5252288 0.5223827 0.5138107 0.5027590 0.4982542 0.5018453 0.5067348 0.5028298 0.4994189 0.4921675 0.4759684 0.4628555 0.4517123 0.4413487 0.4309310 0.4327180 0.4530874 0.4834758 0.5047536 0.5216981
0.3711500 0.3753046 0.3805762 0.3841351 0.3863925 0.3920599 0.4042268 0.4264459 0.4503327 0.4691094 0.4812089 0.4865976 0.4912388 0.4971450 0.5036937 0.5102920 0.5173300 0.5179594 0.5167412 0.5045510 0.4793906 0.4351623 0.4105883 0.3968457 0.3886358 0.4003239 0.4210717 0.4399180 0.4534575 0.4642078 0.4704762 0.4805880 0.4972817 0.5118532 0.5117557 0.4924862 0.4755241 0.4684671 0.4680627 0.4685560 0.4686457 0.4657272 0.4593861 0.4572680 0.4628988 0.4615825 0.4558245 0.4483212 0.4379355 0.4206886 0.4112620 0.4063017 0.4019048 0.4006058 0.4126693 0.4377910 0.4649560 0.4815593 0.4923244
0.3793610 0.3826377 0.3868947 0.3917807 0.3962973 0.4055392 0.4233394 0.4484581 0.4705329 0.4858525 0.4920404 0.4927899 0.4942084 0.4969937 0.4970222 0.4934868 0.4848115 0.4626097 0.4330439 0.4014369 0.3662424 0.3445138 0.3344962 0.3318398 0.3362816 0.3522799 0.3743030 0.3995931 0.4240365 0.4522936 0.4752977 0.4969061 0.5179302 0.5235381 0.5047017 0.4715642 0.4403845 0.4241588 0.4185047 0.4134763 0.4079029 0.4033212 0.3942011 0.3933834 0.3934560 0.3792556 0.3681694 0.3597529 0.3525637 0.3458899 0.3521246 0.3607717 0.3715164 0.3895874 0.4173930 0.4464406 0.4665839 0.4762380 0.4816060
0.4005445 0.3998211 0.4005273 0.4059461 0.4130915 0.4258566 0.4486372 0.4722163 0.4905286 0.4994565 0.4992846 0.4949518 0.4906473 0.4795479 0.4643578 0.4424517 0.4154015 0.3833448 0.3625568 0.3440712 0.3306016 0.3242946 0.3223379 0.3227573 0.3290669 0.3415594 0.3573789 0.3769086 0.3994439 0.4268942 0.4552928 0.4864009 0.5177432 0.5341059 0.5290059 0.5098656 0.4804542 0.4506335 0.4221280 0.3930661 0.3715052 0.3542500 0.3404508 0.3302731 0.3201071 0.3033849 0.2940709 0.2909716 0.2879127 0.2954551 0.3095912 0.3299413 0.3577754 0.3941535 0.4282142 0.4527166 0.4657440 0.4719267 0.4749609
0.4360717 0.4285195 0.4257762 0.4277345 0.4349538 0.4503841 0.4692454 0.4863519 0.4976646 0.4986414 0.4891447 0.4738929 0.4528209 0.4248036 0.3995967 0.3766119 0.3568546 0.3479167 0.3430074 0.3382721 0.3344894 0.3313446 0.3303481 0.3325555 0.3370231 0.3474491 0.3602743 0.3772076 0.3957704 0.4175254 0.4433889 0.4748031 0.5104948 0.5342614 0.5409774 0.5392078 0.5292380 0.5080540 0.4809050 0.4377544 0.3974732 0.3634323 0.3289294 0.3022592 0.2828475 0.2694817 0.2643997 0.2657141 0.2736030 0.2898451 0.3132288 0.3453279 0.3825490 0.4143646 0.4371915 0.4483730 0.4521782 0.4540167 0.4544520
0.5015672 0.4767639 0.4739214 0.4678559 0.4679205 0.4752321 0.4875264 0.4936248 0.4919786 0.4733288 0.4486666 0.4209169 0.3949992 0.3703630 0.3568798 0.3485507 0.3454252 0.3460959 0.3466696 0.3455885 0.3440136 0.3419759 0.3412112 0.3431520 0.3492565 0.3581124 0.3711629 0.3877983 0.4055017 0.4261265 0.4508339 0.4799600 0.5089242 0.5328345 0.5438368 0.5454815 0.5442326 0.5402642 0.5306769 0.5082615 0.4792843 0.4526013 0.4109070 0.3689510 0.3428503 0.3182925 0.2983643 0.2878808 0.2911319 0.3013422 0.3209436 0.3656856 0.4009564 0.4225276 0.4356985 0.4539341 0.4546680 0.4512262 0.4451852
0.7047756 0.6055160 0.5489623 0.5185262 0.5079212 0.5035617 0.4947581 0.4770407 0.4529734 0.4168424 0.3891643 0.3687351 0.3539513 0.3471878 0.3454497 0.3456780 0.3476695 0.3502763 0.3519852 0.3527599 0.3524443 0.3524181 0.3533787 0.3583937 0.3646707 0.3748601 0.3896329 0.4064974 0.4253360 0.4472261 0.4743597 0.5015931 0.5273289 0.5442292 0.5493532 0.5474772 0.5451870 0.5423611 0.5386736 0.5336627 0.5268169 0.5233389 0.5115516 0.4942448 0.4781837 0.4708073 0.4540952 0.4555977 0.4870724 0.5066356 0.5297145 0.5645471 0.6012155 0.6013686 0.6045298 0.6048368 0.5839816 0.5598895 0.5454333
0.9169014 0.8161273 0.7135630 0.6180484 0.5549228 0.5135183 0.4744461 0.4342691 0.3970039 0.3640082 0.3475815 0.3396969 0.3376704 0.3393986 0.3416670 0.3448862 0.3488566 0.3522384 0.3548104 0.3567749 0.3594292 0.3620425 0.3661802 0.3721162 0.3784881 0.3895270 0.4046399 0.4220960 0.4409443 0.4630746 0.4882990 0.5150753 0.5385157 0.5512379 0.5523086 0.5492589 0.5470729 0.5465302 0.5475827 0.5508298 0.5585018 0.5679503 0.5773073 0.5857190 0.6011654 0.6143944 0.6311829 0.6700878 0.7176634 0.7618534 0.7962520 0.8316045 0.8309805 0.8162714 0.8007997 0.7829733 0.7578430 0.7348860 0.7357728
1.036947 0.9909309 0.8999656 0.7573554 0.6164904 0.5009874 0.4260456 0.3859198 0.3608439 0.3465296 0.3384513 0.3338383 0.3324545 0.3345694 0.3388342 0.3437288 0.3477816 0.3519207 0.3554518 0.3587494 0.3638133 0.3681753 0.3729054 0.3783545 0.3853728 0.3974503 0.4128422 0.4296872 0.4483783 0.4696718 0.4940846 0.5205671 0.5439645 0.5570869 0.5600718 0.5591457 0.5595777 0.5629994 0.5668454 0.5750896 0.5898800 0.6049246 0.6241697 0.6502968 0.6851168 0.7210695 0.7622838 0.8126199 0.8629032 0.8980437 0.9195880 0.9204137 0.9022798 0.8776723 0.8534576 0.8318135 0.8147237 0.8068842 0.8097894
1.025507 0.9866559 0.9437744 0.8551843 0.7274485 0.5942863 0.4660333 0.3824787 0.3454547 0.3361339 0.3328783 0.3302957 0.3291369 0.3310359 0.3356429 0.3397894 0.3437214 0.3485095 0.3527008 0.3568969 0.3625541 0.3671629 0.3713211 0.3766165 0.3844205 0.3969405 0.4124944 0.4305002 0.4509600 0.4738895 0.4983975 0.5238085 0.5478165 0.5655493 0.5759750 0.5821616 0.5908837 0.5983644 0.6057534 0.6148411 0.6329453 0.6503080 0.6725951 0.7090425 0.7478877 0.7947232 0.8446545 0.8940932 0.9284916 0.9478041 0.9457813 0.9266777 0.9005141 0.8735226 0.8510086 0.8350598 0.8245362 0.8236551 0.8363084
0.9226784 0.9055799 0.8781790 0.8475883 0.8020361 0.7329571 0.6229899 0.4917445 0.4078993 0.3528877 0.3310902 0.3266383 0.3260541 0.3280972 0.3317024 0.3331869 0.3356728 0.3400314 0.3427944 0.3479165 0.3533255 0.3577947 0.3612787 0.3669263 0.3758828 0.3891500 0.4056065 0.4254400 0.4476376 0.4708365 0.4941240 0.5188002 0.5453143 0.5706019 0.5910300 0.6072925 0.6244252 0.6390681 0.6534266 0.6711240 0.6923012 0.7121533 0.7361807 0.7726425 0.8030347 0.8335987 0.8631721 0.8843958 0.8971768 0.8989799 0.8854429 0.8723548 0.8649528 0.8594728 0.8600766 0.8575131 0.8548309 0.8600167 0.8701308
0.8272909 0.8227714 0.8175910 0.8188730 0.8194544 0.8048489 0.7679202 0.7011545 0.6065138 0.4765892 0.3769054 0.3359977 0.3235991 0.3240754 0.3242292 0.3237142 0.3245087 0.3270847 0.3288002 0.3329772 0.3379835 0.3415140 0.3458946 0.3520048 0.3618904 0.3753690 0.3934389 0.4135135 0.4316488 0.4502419 0.4712967 0.4978856 0.5286500 0.5618724 0.5897336 0.6138723 0.6367755 0.6605637 0.6846344 0.7140573 0.7430510 0.7742543 0.8070308 0.8456209 0.8671312 0.8789522 0.8824303 0.8723236 0.8535658 0.8311027 0.8114336 0.8131986 0.8279038 0.8515048 0.8731449 0.8831531 0.8891720 0.9020950 0.9064818
0.8061720 0.7984934 0.7977396 0.8089670 0.8170217 0.8199682 0.8178571 0.8125294 0.7670350 0.7012284 0.5848114 0.4867201 0.3869940 0.3335908 0.3187671 0.3147052 0.3136528 0.3133665 0.3126686 0.3147424 0.3180735 0.3196961 0.3247654 0.3296605 0.3380547 0.3476267 0.3636862 0.3839967 0.3990704 0.4128685 0.4368934 0.4678950 0.5042233 0.5407369 0.5703505 0.5964030 0.6234443 0.6546567 0.6875170 0.7223343 0.7623782 0.8048248 0.8466403 0.8830417 0.9063591 0.9155199 0.9145351 0.9007034 0.8747994 0.8527293 0.8404809 0.8367943 0.8488323 0.8749198 0.8845408 0.8828360 0.8853449 0.8870217 0.8766213
0.8370260 0.8251323 0.8146502 0.8095184 0.8072294 0.8132854 0.8229842 0.8269537 0.8222077 0.8186959 0.7810910 0.7088519 0.5755761 0.4394987 0.3546238 0.3135983 0.3033292 0.3019968 0.3016592 0.3019650 0.3021826 0.3026450 0.3039541 0.3067714 0.3100716 0.3169619 0.3271326 0.3385578 0.3479027 0.3657377 0.3952304 0.4325090 0.4722908 0.5107907 0.5421179 0.5672767 0.5963914 0.6296838 0.6662027 0.7033190 0.7463300 0.7911759 0.8298504 0.8628972 0.8857743 0.8994278 0.8973895 0.9043888 0.9092581 0.9172421 0.9327045 0.9517369 0.9716699 0.9799948 0.9386685 0.8874906 0.8382752 0.7675809 0.7073478
0.8599750 0.8525882 0.8416097 0.8230544 0.8112864 0.8117232 0.8129939 0.8080567 0.8101174 0.8138215 0.8107589 0.8106256 0.7748242 0.6626663 0.5326980 0.3878374 0.3077419 0.3022536 0.2989109 0.2986735 0.2968322 0.2938113 0.2910506 0.2889404 0.2881416 0.2905320 0.2943702 0.3007242 0.3130839 0.3366088 0.3677786 0.4028069 0.4396396 0.4789939 0.5121092 0.5404597 0.5703865 0.6039153 0.6405478 0.6793484 0.7187163 0.7535636 0.7771412 0.7914002 0.8030486 0.8071675 0.8188190 0.8391022 0.8682933 0.9059924 0.9623442 1.022675 1.068316 1.078101 1.026259 0.9103982 0.7343907 0.5795472 0.4857110
0.8418968 0.8584156 0.8612271 0.8474213 0.8365282 0.8276162 0.8248271 0.8124892 0.7965870 0.7959282 0.8073551 0.8205322 0.8314607 0.8168609 0.7652819 0.6359507 0.4813136 0.3715825 0.3139651 0.2983740 0.2975924 0.2957770 0.2916716 0.2876793 0.2870262 0.2868262 0.2896634 0.2994177 0.3179001 0.3383743 0.3590437 0.3810322 0.4153343 0.4584220 0.4948380 0.5204247 0.5487934 0.5820014 0.6177619 0.6543575 0.6843523 0.7044322 0.7085791 0.7130360 0.7157749 0.7167879 0.7296643 0.7438825 0.7658436 0.8064110 0.8815746 0.9615355 1.021432 1.021792 0.9469117 0.7902153 0.6207243 0.4706241 0.3640159
0.7808439 0.8241575 0.8607784 0.8620600 0.8570289 0.8549351 0.8515690 0.8458434 0.8228593 0.8054722 0.7945160 0.8092557 0.8267034 0.8525310 0.8553750 0.8353507 0.7456141 0.6099609 0.4492490 0.3508153 0.3179275 0.3105881 0.3114345 0.3136578 0.3182956 0.3207195 0.3260572 0.3368858 0.3494336 0.3587236 0.3710910 0.3918256 0.4254328 0.4623381 0.4854881 0.5042296 0.5339385 0.5658154 0.5933111 0.6162655 0.6305398 0.6309045 0.6276009 0.6254628 0.6288792 0.6303414 0.6373415 0.6438811 0.6470880 0.6846303 0.7504488 0.8144240 0.8330200 0.7813772 0.6557232 0.5561023 0.5177111 0.4573508 0.3946856
0.6740969 0.7241225 0.7998711 0.8286633 0.8444156 0.8495136 0.8562761 0.8681483 0.8673457 0.8436110 0.8157064 0.8000364 0.8094401 0.8301770 0.8550652 0.8745061 0.8716104 0.8606803 0.7460865 0.5665031 0.4278860 0.3418116 0.3356948 0.3454780 0.3550363 0.3634701 0.3692107 0.3761237 0.3751128 0.3777142 0.3878037 0.4037664 0.4283895 0.4460656 0.4422537 0.4614235 0.4948022 0.5232051 0.5340214 0.5444469 0.5442137 0.5307375 0.5244077 0.5215632 0.5209472 0.5174405 0.5246751 0.5340607 0.5436501 0.5707453 0.6054786 0.6051041 0.5649900 0.5076103 0.4428371 0.4134177 0.4294253 0.4299517 0.4026429
0.5158162 0.5637210 0.6271470 0.6952641 0.7464282 0.7785134 0.7974020 0.8156564 0.8670086 0.8643084 0.8520168 0.8222959 0.8093403 0.8120519 0.8340872 0.8650902 0.9025328 0.9370771 0.9286520 0.8684899 0.7436013 0.5386759 0.3997001 0.3551224 0.3532470 0.3604165 0.3615176 0.3604996 0.3628451 0.3676983 0.3711762 0.3752145 0.3774885 0.3709249 0.3706897 0.3958988 0.4246885 0.4350755 0.4412627 0.4442307 0.4380198 0.4197579 0.4135138 0.4152596 0.4078153 0.4148682 0.4300040 0.4526586 0.4705577 0.5026656 0.5202956 0.5018572 0.4698437 0.4544220 0.4153907 0.3699429 0.3447082 0.3427560 0.3051344
0.3447828 0.3761327 0.4107511 0.4813295 0.5540361 0.6164979 0.6803127 0.7187000 0.7717093 0.8270343 0.8601988 0.8560485 0.8402589 0.8438116 0.8475403 0.8669624 0.8870891 0.9274920 0.9791095 1.036145 0.9894099 0.9042406 0.6556004 0.4887414 0.3474616 0.3210467 0.3119534 0.3119656 0.3160163 0.3189731 0.3112768 0.3057999 0.2969357 0.2948539 0.3075567 0.3366714 0.3583620 0.3633478 0.3683324 0.3682791 0.3613633 0.3488044 0.3477367 0.3556651 0.3657745 0.3800005 0.4069753 0.4472489 0.4964896 0.5280395 0.5361228 0.5221270 0.4867549 0.4489896 0.4028417 0.3415262 0.2900215 0.2346163 0.1376390
0.1942529 0.2424931 0.2802668 0.3194379 0.3806966 0.4429621 0.5301284 0.6094799 0.6786619 0.7420988 0.8002103 0.8615714 0.8767566 0.8879859 0.8852479 0.8852322 0.8848673 0.9057668 0.9561828 1.006898 1.041936 1.063054 1.003943 0.8358169 0.6171922 0.3564172 0.2659369 0.2640538 0.2651118 0.2601477 0.2509798 0.2455044 0.2478265 0.2648048 0.2926608 0.3171515 0.3322344 0.3382682 0.3411607 0.3409887 0.3370435 0.3366240 0.3466104 0.3672236 0.4056880 0.4430118 0.4852265 0.5396363 0.5737779 0.5844842 0.5691956 0.5326578 0.4833728 0.4279353 0.3678682 0.2853674 0.2135249 0.1395292 0.7600401E-01
0.1117051 0.1497561 0.1886763 0.2270824 0.2740328 0.3224506 0.3944568 0.4828615 0.5777735 0.6528395 0.7006950 0.7666369 0.8237015 0.8681635 0.8770339 0.8820209 0.8911085 0.8936791 0.9155969 0.9482457 1.011846 1.056772 1.087732 1.071155 0.9056245 0.6464088 0.4639540 0.2916480 0.2502456 0.2351683 0.2253741 0.2292587 0.2514240 0.2864343 0.3142396 0.3329842 0.3449073 0.3566329 0.3656613 0.3811089 0.4140973 0.4310306 0.4566881 0.4967818 0.5446115 0.5775779 0.6068005 0.6259528 0.6177969 0.6048965 0.5715357 0.5138426 0.4544424 0.3962376 0.2786234 0.1721963 0.8726570E-01 0.3847069E-01 0.3389808E-01
