simulation_files/asc/Depth____280.0.asc
NCOLS       216
NROWS       273
XLLCENTER        494.688995
YLLCENTER        787.867981
CELLSIZE           0.500
NODATA_VALUE     -9999.0
[rows 182 to 207 of 273, columns 120 to 179 of 216]
-9999.000 -9999.000 -9999.000 -9999.000 -9999.000 -9999.000 -9999.000 -9999.000 -9999.000 0.8017508E-01 0.1600176 0.2411158 0.2463814 0.1946799 0.1160698 0.6602216E-01 0.3051172E-01 0.5023293E-01 0.7676601E-01 0.7220818E-01 0.7364316E-01 0.1363025 0.2242335 0.2183062 0.2298243 0.2782827 0.2848982 0.2590932 0.2782936 0.3189635 0.3499471 0.3770503 0.3546310 0.3144323 0.2926267 0.2996444 0.3003276 0.3037133 0.2731716 0.2174922 0.1501720 0.7051965E-01 -9999.000 -9999.000 -9999.000 -9999.000 -9999.000 -9999.000 -9999.000 -9999.000 -9999.000 -9999.000 -9999.000 -9999.000 -9999.000 -9999.000 -9999.000 -9999.000 -9999.000 -9999.000
-9999.000 -9999.000 -9999.000 -9999.000 -9999.000 -9999.000 -9999.000 -9999.000 0.1629969E-01 0.4530265E-01 0.1348366 0.2128577 0.2413132 0.2171652 0.1703350 0.1090131 0.5768314E-01 0.5433265E-01 0.6958201E-01 0.5902392E-01 0.6377822E-01 0.1180462 0.1753094 0.1906502 0.2276340 0.3010732 0.3214072 0.2721674 0.2840009 0.3560447 0.3831930 0.3938559 0.3834297 0.3361816 0.3208309 0.3132343 0.3167448 0.3191600 0.3010525 0.2777307 0.1904444 0.8062275E-01 -9999.000 -9999.000 -9999.000 -9999.000 -9999.000 -9999.000 -9999.000 -9999.000 -9999.000 -9999.000 -9999.000 -9999.000 -9999.000 -9999.000 -9999.000 -9999.000 -9999.000 -9999.000
-9999.000 -9999.000 -9999.000 -9999.000 -9999.000 -9999.000 -9999.000 -9999.000 -9999.000 0.3168419E-01 0.1166431 0.2125681 0.2472751 0.2457513 0.2116680 0.1577466 0.1027554 0.6571442E-01 0.5807708E-01 0.5403761E-01 0.6237206E-01 0.8419193E-01 0.9959012E-01 0.1208199 0.1793922 0.2607010 0.3082924 0.2921952 0.3183396 0.3664286 0.3471973 0.3346971 0.3395986 0.3235105 0.2791829 0.2760527 0.2832230 0.2975639 0.3038984 0.2919312 0.2402886 0.1331644 0.6183040E-01 -9999.000 -9999.000 -9999.000 -9999.000 -9999.000 -9999.000 -9999.000 -9999.000 -9999.000 -9999.000 -9999.000 -9999.000 -9999.000 -9999.000 -9999.000 -9999.000 -9999.000
-9999.000 -9999.000 -9999.000 -9999.000 -9999.000 -9999.000 -9999.000 -9999.000 -9999.000 0.1364623E-01 0.1147640 0.2107682 0.2580562 0.2623312 0.2432051 0.1965846 0.1315433 0.7777763E-01 0.6141008E-01 0.6664090E-01 0.7742340E-01 0.7622227E-01 0.6934174E-01 0.9174676E-01 0.1367239 0.1971087 0.2498664 0.2749474 0.3403818 0.3152257 0.2485623 0.2636759 0.2809981 0.2136115 0.1777735 0.1574388 0.1913618 0.2164457 0.2512854 0.2617103 0.2311316 0.1648274 0.1240763 0.7039002E-01 -9999.000 -9999.000 -9999.000 -9999.000 -9999.000 -9999.000 -9999.000 -9999.000 -9999.000 -9999.000 -9999.000 -9999.000 -9999.000 -9999.000 -9999.000 -9999.000
-9999.000 -9999.000 -9999.000 -9999.000 -9999.000 -9999.000 -9999.000 -9999.000 -9999.000 -9999.000 -9999.000 0.1851069 0.2486109 0.2619906 0.2550039 0.2095135 0.1442839 0.8106649E-01 0.5303996E-01 0.5353304E-01 0.7120015E-01 0.7276806E-01 0.7269851E-01 0.1021759 0.1568103 0.2026430 0.2378867 0.2606702 0.2708223 0.2212720 0.1960405 0.2966814 0.3203097 0.2676977 0.1927161 0.1701343 0.1858435 0.2041298 0.2205708 0.2332901 0.2226696 0.1892263 0.1528417 0.1099354 -9999.000 -9999.000 -9999.000 -9999.000 -9999.000 -9999.000 -9999.000 -9999.000 -9999.000 -9999.000 -9999.000 -9999.000 -9999.000 -9999.000 -9999.000 -9999.000
-9999.000 -9999.000 -9999.000 -9999.000 -9999.000 -9999.000 -9999.000 -9999.000 -9999.000 -9999.000 -9999.000 0.1684893 0.2213949 0.2334767 0.2418144 0.2010874 0.1188711 0.7572553E-01 0.5285119E-01 0.3659618E-01 0.4268595E-01 0.6334579E-01 0.7916948E-01 0.1225990 0.1975723 0.2228649 0.2138610 0.1933423 0.2028299 0.2011843 0.2115794 0.2995892 0.3659315 0.3452683 0.2819935 0.2117541 0.2175090 0.2384547 0.2325953 0.2157411 0.2130296 0.1826802 0.1386592 0.9511628E-01 -9999.000 -9999.000 -9999.000 -9999.000 -9999.000 -9999.000 -9999.000 -9999.000 -9999.000 -9999.000 -9999.000 -9999.000 -9999.000 -9999.000 -9999.000 -9999.000
-9999.000 -9999.000 -9999.000 -9999.000 -9999.000 -9999.000 -9999.000 -9999.000 -9999.000 -9999.000 -9999.000 0.1699137 0.2019552 0.2031813 0.2186785 0.1955302 0.1372411 0.1085788 0.8028558E-01 0.5043540E-01 0.3595393E-01 0.4058578E-01 0.6072166E-01 0.1032779 0.1426960 0.1500616 0.1757629 0.1775602 0.2213227 0.2549841 0.2368167 0.2693865 0.3200415 0.3065428 0.2722495 0.2396084 0.2318717 0.2193984 0.1900140 0.1985328 0.2146192 0.2056083 0.1924055 0.1570115 0.1174064 0.8450076E-01 -9999.000 -9999.000 -9999.000 -9999.000 -9999.000 -9999.000 -9999.000 -9999.000 -9999.000 -9999.000 -9999.000 -9999.000 -9999.000 -9999.000
-9999.000 -9999.000 -9999.000 -9999.000 -9999.000 -9999.000 -9999.000 -9999.000 -9999.000 -9999.000 -9999.000 0.1039270 0.1688355 0.2004013 0.2229455 0.2205690 0.1965573 0.1716888 0.1268582 0.9738490E-01 0.4959280E-01 0.2330487E-01 0.3512832E-01 0.6686231E-01 0.8426515E-01 0.1007604 0.1843615 0.2254854 0.2693017 0.2959775 0.2851054 0.2727963 0.2655543 0.2378576 0.2458385 0.2525834 0.2456480 0.1933828 0.1924485 0.2284869 0.2451063 0.2415121 0.2545301 0.2363811 0.1967854 0.1179278 0.3598050E-01 -9999.000 -9999.000 -9999.000 -9999.000 -9999.000 -9999.000 -9999.000 -9999.000 -9999.000 -9999.000 -9999.000 -9999.000 -9999.000
-9999.000 -9999.000 -9999.000 -9999.000 -9999.000 -9999.000 -9999.000 -9999.000 -9999.000 -9999.000 -9999.000 -9999.000 0.1143148 0.1688598 0.2068727 0.2243039 0.2283332 0.2221094 0.1721237 0.1324812 0.7554978E-01 0.2049792E-01 0.1971307E-01 0.3184470E-01 0.5189938E-01 0.9746208E-01 0.1751736 0.2289338 0.2694357 0.2955350 0.2840091 0.2868007 0.2968370 0.2660488 0.2610606 0.3040168 0.2657512 0.2301960 0.2616274 0.2916379 0.2908659 0.2822925 0.3018756 0.2829558 0.2423084 0.1510846 0.4341421E-01 -9999.000 -9999.000 -9999.000 -9999.000 -9999.000 -9999.000 -9999.000 -9999.000 -9999.000 -9999.000 -9999.000 -9999.000 -9999.000
-9999.000 -9999.000 -9999.000 -9999.000 -9999.000 -9999.000 -9999.000 -9999.000 -9999.000 -9999.000 -9999.000 -9999.000 0.6158303E-01 0.1143469 0.1690699 0.2060747 0.2416367 0.2478859 0.2180796 0.1777415 0.1230610 0.5783706E-01 0.3363378E-01 0.3669317E-01 0.4574297E-01 0.7455088E-01 0.1247255 0.1842100 0.2344683 0.2677413 0.2640674 0.2765677 0.2923280 0.2538944 0.2772771 0.3141419 0.2625275 0.2692706 0.3312918 0.3561342 0.3261067 0.3220103 0.3393297 0.2869261 0.2275895 0.1358061 0.4446479E-01 0.2173952E-01 -9999.000 -9999.000 -9999.000 -9999.000 -9999.000 -9999.000 -9999.000 -9999.000 -9999.000 -9999.000 -9999.000 -9999.000
-9999.000 -9999.000 -9999.000 -9999.000 -9999.000 -9999.000 -9999.000 -9999.000 -9999.000 -9999.000 -9999.000 -9999.000 -9999.000 0.6719546E-01 0.1266224 0.1906698 0.2202070 0.2518286 0.2548588 0.2147664 0.1664737 0.1121089 0.6885232E-01 0.4284900E-01 0.3408160E-01 0.4417050E-01 0.7491615E-01 0.1439376 0.2150355 0.2568613 0.2334921 0.2232298 0.2185361 0.2277596 0.2989765 0.3232044 0.2752363 0.2977295 0.3737298 0.3896163 0.3582014 0.3248331 0.2698278 0.2069872 0.1676139 0.1199566 0.8647551E-01 0.5873197E-01 -9999.000 -9999.000 -9999.000 -9999.000 -9999.000 -9999.000 -9999.000 -9999.000 -9999.000 -9999.000 -9999.000 -9999.000
-9999.000 -9999.000 -9999.000 -9999.000 -9999.000 -9999.000 -9999.000 -9999.000 -9999.000 -9999.000 -9999.000 -9999.000 -9999.000 0.4228848E-01 0.1129618 0.1344998 0.1325846 0.1708651 0.2147628 0.2107706 0.1954574 0.1560722 0.1036906 0.6214312E-01 0.3506264E-01 -9999.000 0.3924612E-01 0.1050682 0.1894275 0.2216047 0.1638197 0.1910375 0.2243675 0.2451521 0.3130294 0.3380708 0.3106418 0.3290858 0.3654729 0.3773994 0.3309638 0.2367618 0.1999940 0.1645947 0.1778746 0.1921899 0.1720050 0.1343964 0.1058956 -9999.000 -9999.000 -9999.000 -9999.000 -9999.000 -9999.000 -9999.000 -9999.000 -9999.000 -9999.000 -9999.000
-9999.000 -9999.000 -9999.000 -9999.000 -9999.000 -9999.000 -9999.000 -9999.000 -9999.000 -9999.000 -9999.000 -9999.000 -9999.000 -9999.000 0.8219163E-01 0.7770508E-01 -9999.000 0.5626828E-01 0.1188150 0.1774845 0.2145547 0.1881221 0.1541809 0.1068252 0.6854301E-01 0.5108991E-01 0.3973507E-01 0.8066408E-01 0.1543707 0.1648215 0.1359418 0.1900759 0.2443377 0.2672320 0.3031689 0.3323040 0.3284852 0.3244510 0.3360337 0.3317184 0.2809217 0.2674792 0.2425162 0.2372288 0.2620984 0.2661590 0.2575547 0.2505287 0.1799336 0.8639295E-01 -9999.000 -9999.000 -9999.000 -9999.000 -9999.000 -9999.000 -9999.000 -9999.000 -9999.000 -9999.000
-9999.000 -9999.000 -9999.000 -9999.000 -9999.000 -9999.000 -9999.000 -9999.000 -9999.000 -9999.000 -9999.000 -9999.000 -9999.000 -9999.000 -9999.000 -9999.000 0.3606059E-01 0.5970842E-01 0.8387187E-01 0.1254774 0.1759154 0.1884234 0.1609382 0.1112136 0.7032509E-01 0.4457534E-01 0.3141811E-01 0.4892254E-01 0.9871046E-01 0.1226340 0.1299100 0.1690792 0.2296429 0.2565949 0.2830212 0.3015819 0.3121145 0.3069374 0.3181563 0.3291046 0.3294258 0.3353990 0.3108629 0.2993578 0.2945504 0.2961850 0.2812580 0.2704177 0.2040992 0.1142259 -9999.000 -9999.000 -9999.000 -9999.000 -9999.000 -9999.000 -9999.000 -9999.000 -9999.000 -9999.000
-9999.000 -9999.000 -9999.000 -9999.000 -9999.000 -9999.000 -9999.000 -9999.000 -9999.000 -9999.000 -9999.000 -9999.000 -9999.000 -9999.000 -9999.000 -9999.000 0.4948813E-01 0.9494876E-01 0.9979536E-01 0.1065225 0.1434766 0.1603277 0.1443806 0.1134751 0.7351969E-01 0.4026370E-01 0.2139568E-01 -9999.000 -9999.000 0.5546278E-01 0.9753058E-01 0.1376035 0.1794623 0.2038030 0.2463943 0.2929920 0.2970174 0.2904892 0.3192142 0.3710431 0.3899625 0.3845382 0.3329360 0.3008767 0.3166625 0.3188887 0.2933862 0.2364753 0.1595374 0.1112296 -9999.000 -9999.000 -9999.000 -9999.000 -9999.000 -9999.000 -9999.000 -9999.000 -9999.000 -9999.000
-9999.000 -9999.000 -9999.000 -9999.000 -9999.000 -9999.000 -9999.000 -9999.000 -9999.000 -9999.000 -9999.000 -9999.000 -9999.000 -9999.000 -9999.000 -9999.000 -9999.000 0.8400534E-01 0.7948539E-01 0.9428693E-01 0.1022007 0.1324414 0.1540177 0.1357743 0.1037043 0.6642606E-01 0.3246862E-01 -9999.000 -9999.000 -9999.000 0.4152546E-01 0.9796477E-01 0.1185658 0.1307727 0.1883042 0.2491380 0.2481666 0.2498037 0.3126332 0.3825924 0.4114366 0.3852083 0.3271333 0.3021984 0.3064748 0.2734898 0.2290951 0.1742284 0.1286994 0.1106511 -9999.000 -9999.000 -9999.000 -9999.000 -9999.000 -9999.000 -9999.000 -9999.000 -9999.000 -9999.000
-9999.000 -9999.000 -9999.000 -9999.000 -9999.000 -9999.000 -9999.000 -9999.000 -9999.000 -9999.000 -9999.000 -9999.000 -9999.000 -9999.000 -9999.000 -9999.000 -9999.000 0.6088755E-01 0.1111391 0.7271369E-01 0.4856815E-01 0.8178947E-01 0.1189004 0.1216224 0.1160663 0.9507896E-01 0.4786366E-01 0.2096798E-01 -9999.000 -9999.000 -9999.000 0.5583286E-01 0.7150371E-01 0.8720686E-01 0.1310776 0.1807498 0.1919947 0.2371248 0.3195930 0.3662746 0.3697880 0.3440464 0.3059945 0.2710724 0.2561815 0.1950554 0.1534955 0.1336221 0.1395540 0.1358141 0.1057627 -9999.000 -9999.000 -9999.000 -9999.000 -9999.000 -9999.000 -9999.000 -9999.000 -9999.000
-9999.000 -9999.000 -9999.000 -9999.000 -9999.000 -9999.000 -9999.000 -9999.000 -9999.000 -9999.000 -9999.000 -9999.000 -9999.000 -9999.000 -9999.000 -9999.000 -9999.000 0.6992212E-01 0.1136520 0.5423508E-01 0.3816785E-01 0.7411398E-01 0.9324183E-01 0.8778180E-01 0.1115936 0.9782641E-01 -9999.000 -9999.000 -9999.000 -9999.000 -9999.000 -9999.000 0.3953114E-01 0.8151846E-01 0.1392691 0.1779905 0.2072591 0.2594832 0.2907722 0.3165218 0.3075150 0.2879723 0.2708225 0.2734831 0.2464501 0.2357527 0.2143712 0.1603789 0.1626818 0.1842716 0.1577447 0.7318239E-01 -9999.000 -9999.000 -9999.000 -9999.000 -9999.000 -9999.000 -9999.000 -9999.000
-9999.000 -9999.000 -9999.000 -9999.000 -9999.000 -9999.000 -9999.000 -9999.000 -9999.000 -9999.000 -9999.000 -9999.000 -9999.000 -9999.000 -9999.000 -9999.000 -9999.000 0.1198766 0.8238907E-01 0.4762382E-01 0.7930692E-01 0.1292631 0.1376591 0.9756187E-01 0.1027999 0.8562023E-01 0.5368975E-01 -9999.000 -9999.000 -9999.000 -9999.000 -9999.000 -9999.000 0.7825925E-01 0.1566852 0.2095988 0.2430283 0.2339545 0.2227785 0.2330350 0.2584751 0.2316690 0.2419657 0.2836950 0.2717518 0.2816237 0.2604383 0.2055982 0.1915893 0.2216946 0.1992979 0.8468999E-01 0.2347217E-01 -9999.000 -9999.000 -9999.000 -9999.000 -9999.000 -9999.000 -9999.000
-9999.000 -9999.000 -9999.000 -9999.000 -9999.000 -9999.000 -9999.000 -9999.000 -9999.000 -9999.000 -9999.000 -9999.000 -9999.000 -9999.000 -9999.000 -9999.000 0.6460348E-01 0.1240638 0.9980381E-01 0.7835631E-01 0.1498060 0.1966033 0.1799979 0.1313127 0.1218720 0.8986644E-01 0.3610767E-01 -9999.000 -9999.000 -9999.000 -9999.000 -9999.000 -9999.000 0.6507375E-01 0.1285050 0.1698305 0.1899282 0.1956463 0.2003171 0.2129665 0.2133236 0.1860245 0.1865641 0.2636936 0.2920758 0.2800893 0.2535108 0.2199468 0.2093839 0.2191232 0.2066227 0.1124860 0.4672906E-01 -9999.000 -9999.000 -9999.000 -9999.000 -9999.000 -9999.000 -9999.000
-9999.000 -9999.000 -9999.000 -9999.000 -9999.000 -9999.000 -9999.000 -9999.000 -9999.000 -9999.000 -9999.000 -9999.000 -9999.000 -9999.000 -9999.000 -9999.000 -9999.000 0.7527310E-01 0.9191933E-01 0.9606630E-01 0.1464397 0.1746371 0.1627810 0.1754024 0.1721278 0.1177284 0.4478586E-01 -9999.000 -9999.000 -9999.000 -9999.000 -9999.000 -9999.000 0.3709532E-01 0.6917562E-01 0.7748435E-01 0.1173545 0.1608223 0.2054197 0.2098592 0.2109925 0.1984738 0.1904931 0.2418194 0.2737615 0.2762319 0.2629596 0.2254092 0.2247516 0.2362925 0.1909746 0.1250044 0.9390697E-01 -9999.000 -9999.000 -9999.000 -9999.000 -9999.000 -9999.000 -9999.000
-9999.000 -9999.000 -9999.000 -9999.000 -9999.000 -9999.000 -9999.000 -9999.000 -9999.000 -9999.000 -9999.000 -9999.000 -9999.000 -9999.000 -9999.000 -9999.000 -9999.000 0.3542864E-01 0.5937661E-01 0.7446513E-01 0.1066310 0.1181927 0.1264235 0.1727555 0.1949088 0.1477993 0.8362006E-01 0.3148953E-01 -9999.000 -9999.000 -9999.000 -9999.000 -9999.000 -9999.000 0.5963281E-01 0.8153015E-01 0.1057125 0.1430791 0.1706365 0.1818426 0.2136621 0.2451238 0.2476478 0.2516817 0.2401983 0.2686990 0.2529876 0.2265480 0.2542589 0.2768381 0.2287255 0.1906181 0.1630413 0.9085152E-01 0.4439768E-01 -9999.000 -9999.000 -9999.000 -9999.000 -9999.000
-9999.000 -9999.000 -9999.000 -9999.000 -9999.000 -9999.000 -9999.000 -9999.000 -9999.000 -9999.000 -9999.000 -9999.000 -9999.000 -9999.000 -9999.000 -9999.000 -9999.000 -9999.000 0.7272407E-01 0.5518917E-01 0.5589527E-01 0.8473792E-01 0.1111289 0.1548118 0.1917675 0.1693985 0.1190884 0.5521943E-01 0.2228322E-01 -9999.000 -9999.000 -9999.000 -9999.000 -9999.000 0.5393767E-01 0.8686127E-01 0.1146100 0.1388803 0.1574693 0.1667453 0.1851160 0.2246231 0.2383072 0.2205201 0.2088764 0.1969297 0.1832180 0.2015906 0.2738500 0.3130427 0.2791845 0.2468292 0.2062195 0.1776557 0.1508760 -9999.000 -9999.000 -9999.000 -9999.000 -9999.000
-9999.000 -9999.000 -9999.000 -9999.000 -9999.000 -9999.000 -9999.000 -9999.000 -9999.000 -9999.000 -9999.000 -9999.000 -9999.000 -9999.000 -9999.000 -9999.000 -9999.000 -9999.000 0.5018627E-01 -9999.000 0.3240458E-01 0.1067227 0.1561306 0.1845543 0.1732502 0.1363074 0.1079930 0.7115733E-01 0.3907849E-01 -9999.000 -9999.000 -9999.000 -9999.000 -9999.000 -9999.000 -9999.000 0.8277493E-01 0.1245147 0.1619540 0.1731306 0.1861261 0.2130094 0.2331708 0.1851320 0.1236756 0.9234727E-01 0.1084562 0.1960007 0.2851834 0.3278942 0.2746604 0.2426863 0.2152422 0.2032277 0.1588769 0.8574606E-01 -9999.000 -9999.000 -9999.000 -9999.000
-9999.000 -9999.000 -9999.000 -9999.000 -9999.000 -9999.000 -9999.000 -9999.000 -9999.000 -9999.000 -9999.000 -9999.000 -9999.000 -9999.000 -9999.000 -9999.000 -9999.000 -9999.000 0.1488867E-01 -9999.000 -9999.000 0.1290059 0.2069440 0.2223326 0.1782367 0.1416752 0.1120724 0.8728544E-01 0.5317753E-01 -9999.000 -9999.000 -9999.000 -9999.000 -9999.000 -9999.000 0.2824306E-01 0.6746990E-01 0.1174570 0.1596489 0.1849253 0.2225663 0.2336758 0.2375781 0.1894578 0.1434970 0.1399794 0.1644181 0.2298793 0.2686825 0.2500302 0.2277051 0.2466101 0.2405046 0.1915835 0.1535326 0.1019066 0.4168742E-01 -9999.000 -9999.000 -9999.000
-9999.000 -9999.000 -9999.000 -9999.000 -9999.000 -9999.000 -9999.000 -9999.000 -9999.000 -9999.000 -9999.000 -9999.000 -9999.000 -9999.000 -9999.000 -9999.000 -9999.000 -9999.000 0.1185868E-01 0.2415413E-01 0.5841451E-01 0.1389187 0.2202422 0.2121543 0.1759695 0.1383243 0.1101714 0.9012927E-01 0.5863248E-01 -9999.000 -9999.000 -9999.000 -9999.000 -9999.000 -9999.000 -9999.000 0.5370107E-01 0.1142756 0.1719746 0.2176033 0.2732487 0.2902513 0.2545996 0.2147409 0.2231466 0.3071129 0.3568875 0.3373226 0.2856889 0.2319413 0.2490763 0.3034641 0.2931721 0.2114576 0.1786011 0.1609203 0.8685130E-01 -9999.000 -9999.000 -9999.000
