simulation_files/asc/Depth____320.0.asc
NCOLS        79
NROWS        79
XLLCENTER         -1.500000
YLLCENTER         -4.800000
CELLSIZE           0.100
NODATA_VALUE     -9999.0
[rows 0 to 25 of 79, columns 0 to 58 of 79]
-9999.000 -9999.000 -9999.000 -9999.000 -9999.000 -9999.000 -9999.000 -9999.000 -9999.000 -9999.000 -9999.000 -9999.000 -9999.000 -9999.000 -9999.000 0.6825440 0.6829321 0.6829678 0.6828484 0.6826530 0.6824154 0.6821514 0.6818849 0.6816208 0.6813671 0.6811298 0.6809044 0.6806570 0.6802803 0.6802332 0.6802332 -9999.000 -9999.000 -9999.000 -9999.000 -9999.000 -9999.000 -9999.000 -9999.000 -9999.000 -9999.000 -9999.000 -9999.000 -9999.000 -9999.000 -9999.000 -9999.000 -9999.000 -9999.000 -9999.000 -9999.000 -9999.000 -9999.000 -9999.000 -9999.000 -9999.000 -9999.000 -9999.000 -9999.000
-9999.000 -9999.000 -9999.000 -9999.000 -9999.000 -9999.000 -9999.000 -9999.000 -9999.000 -9999.000 -9999.000 -9999.000 -9999.000 -9999.000 -9999.000 0.6843036 0.6846743 0.6847027 0.6846046 0.6844479 0.6842608 0.6840551 0.6838505 0.6836497 0.6834590 0.6832829 0.6831169 0.6829308 0.6826283 0.6826634 0.6826634 -9999.000 -9999.000 -9999.000 -9999.000 -9999.000 -9999.000 -9999.000 -9999.000 -9999.000 -9999.000 -9999.000 -9999.000 -9999.000 -9999.000 -9999.000 -9999.000 -9999.000 -9999.000 -9999.000 -9999.000 -9999.000 -9999.000 -9999.000 -9999.000 -9999.000 -9999.000 -9999.000 -9999.000
-9999.000 -9999.000 -9999.000 -9999.000 -9999.000 -9999.000 -9999.000 -9999.000 -9999.000 -9999.000 -9999.000 -9999.000 -9999.000 -9999.000 -9999.000 0.6862207 0.6866220 0.6866578 0.6865654 0.6864149 0.6862351 0.6860380 0.6858434 0.6856534 0.6854736 0.6853079 0.6851502 0.6849676 0.6846579 0.6846886 0.6846886 -9999.000 -9999.000 -9999.000 -9999.000 -9999.000 -9999.000 -9999.000 -9999.000 -9999.000 -9999.000 -9999.000 -9999.000 -9999.000 -9999.000 -9999.000 -9999.000 -9999.000 -9999.000 -9999.000 -9999.000 -9999.000 -9999.000 -9999.000 -9999.000 -9999.000 -9999.000 -9999.000 -9999.000
-9999.000 -9999.000 -9999.000 -9999.000 -9999.000 -9999.000 -9999.000 -9999.000 -9999.000 -9999.000 -9999.000 -9999.000 -9999.000 -9999.000 -9999.000 0.6881876 0.6886070 0.6886458 0.6885536 0.6884031 0.6882234 0.6880266 0.6878333 0.6876447 0.6874665 0.6873022 0.6871449 0.6869592 0.6866360 0.6866450 0.6866450 -9999.000 -9999.000 -9999.000 -9999.000 -9999.000 -9999.000 -9999.000 -9999.000 -9999.000 -9999.000 -9999.000 -9999.000 -9999.000 -9999.000 -9999.000 -9999.000 -9999.000 -9999.000 -9999.000 -9999.000 -9999.000 -9999.000 -9999.000 -9999.000 -9999.000 -9999.000 -9999.000 -9999.000
-9999.000 -9999.000 -9999.000 -9999.000 -9999.000 -9999.000 -9999.000 -9999.000 -9999.000 -9999.000 -9999.000 -9999.000 -9999.000 -9999.000 -9999.000 0.6901754 0.6906073 0.6906465 0.6905519 0.6903982 0.6902151 0.6900146 0.6898184 0.6896269 0.6894459 0.6892788 0.6891181 0.6889254 0.6885834 0.6885560 0.6885560 -9999.000 -9999.000 -9999.000 -9999.000 -9999.000 -9999.000 -9999.000 -9999.000 -9999.000 -9999.000 -9999.000 -9999.000 -9999.000 -9999.000 -9999.000 -9999.000 -9999.000 -9999.000 -9999.000 -9999.000 -9999.000 -9999.000 -9999.000 -9999.000 -9999.000 -9999.000 -9999.000 -9999.000
-9999.000 -9999.000 -9999.000 -9999.000 -9999.000 -9999.000 -9999.000 -9999.000 -9999.000 -9999.000 -9999.000 -9999.000 -9999.000 -9999.000 -9999.000 0.6921705 0.6926121 0.6926501 0.6925516 0.6923931 0.6922048 0.6919987 0.6917977 0.6916010 0.6914150 0.6912432 0.6910769 0.6908746 0.6905088 0.6904305 0.6904305 -9999.000 -9999.000 -9999.000 -9999.000 -9999.000 -9999.000 -9999.000 -9999.000 -9999.000 -9999.000 -9999.000 -9999.000 -9999.000 -9999.000 -9999.000 -9999.000 -9999.000 -9999.000 -9999.000 -9999.000 -9999.000 -9999.000 -9999.000 -9999.000 -9999.000 -9999.000 -9999.000 -9999.000
-9999.000 -9999.000 -9999.000 -9999.000 -9999.000 -9999.000 -9999.000 -9999.000 -9999.000 -9999.000 -9999.000 -9999.000 -9999.000 -9999.000 -9999.000 0.6941663 0.6946161 0.6946518 0.6945482 0.6943842 0.6941898 0.6939770 0.6937702 0.6935672 0.6933750 0.6931972 0.6930239 0.6928098 0.6924154 0.6922690 0.6922690 -9999.000 -9999.000 -9999.000 -9999.000 -9999.000 -9999.000 -9999.000 -9999.000 -9999.000 -9999.000 -9999.000 -9999.000 -9999.000 -9999.000 -9999.000 -9999.000 -9999.000 -9999.000 -9999.000 -9999.000 -9999.000 -9999.000 -9999.000 -9999.000 -9999.000 -9999.000 -9999.000 -9999.000
-9999.000 -9999.000 -9999.000 -9999.000 -9999.000 -9999.000 -9999.000 -9999.000 -9999.000 -9999.000 -9999.000 -9999.000 -9999.000 -9999.000 -9999.000 0.6961591 0.6966162 0.6966487 0.6965392 0.6963690 0.6961681 0.6959478 0.6957347 0.6955246 0.6953254 0.6951409 0.6949596 0.6947315 0.6943026 0.6940665 0.6940665 -9999.000 -9999.000 -9999.000 -9999.000 -9999.000 -9999.000 -9999.000 -9999.000 -9999.000 -9999.000 -9999.000 -9999.000 -9999.000 -9999.000 -9999.000 -9999.000 -9999.000 -9999.000 -9999.000 -9999.000 -9999.000 -9999.000 -9999.000 -9999.000 -9999.000 -9999.000 -9999.000 -9999.000
-9999.000 -9999.000 -9999.000 -9999.000 -9999.000 -9999.000 -9999.000 -9999.000 -9999.000 -9999.000 -9999.000 -9999.000 -9999.000 -9999.000 -9999.000 0.6981466 0.6986107 0.6986387 0.6985226 0.6983456 0.6981376 0.6979095 0.6976898 0.6974720 0.6972654 0.6970734 0.6968831 0.6966385 0.6961683 0.6958132 0.6958132 -9999.000 -9999.000 -9999.000 -9999.000 -9999.000 -9999.000 -9999.000 -9999.000 -9999.000 -9999.000 -9999.000 -9999.000 -9999.000 -9999.000 -9999.000 -9999.000 -9999.000 -9999.000 -9999.000 -9999.000 -9999.000 -9999.000 -9999.000 -9999.000 -9999.000 -9999.000 -9999.000 -9999.000
-9999.000 -9999.000 -9999.000 -9999.000 -9999.000 -9999.000 -9999.000 -9999.000 -9999.000 -9999.000 -9999.000 -9999.000 -9999.000 -9999.000 -9999.000 0.7001268 0.7005975 0.7006201 0.7004964 0.7003123 0.7000968 0.6998603 0.6996338 0.6994078 0.6991931 0.6989930 0.6987925 0.6985285 0.6980088 0.6974943 0.6974943 -9999.000 -9999.000 -9999.000 -9999.000 -9999.000 -9999.000 -9999.000 -9999.000 -9999.000 -9999.000 -9999.000 -9999.000 -9999.000 -9999.000 -9999.000 -9999.000 -9999.000 -9999.000 -9999.000 -9999.000 -9999.000 -9999.000 -9999.000 -9999.000 -9999.000 -9999.000 -9999.000 -9999.000
-9999.000 -9999.000 -9999.000 -9999.000 -9999.000 -9999.000 -9999.000 -9999.000 -9999.000 -9999.000 -9999.000 -9999.000 -9999.000 -9999.000 -9999.000 0.7020972 0.7025748 0.7025909 0.7024587 0.7022668 0.7020434 0.7017979 0.7015644 0.7013295 0.7011061 0.7008971 0.7006848 0.7003979 0.6998181 0.6990875 0.6990875 -9999.000 -9999.000 -9999.000 -9999.000 -9999.000 -9999.000 -9999.000 -9999.000 -9999.000 -9999.000 -9999.000 -9999.000 -9999.000 -9999.000 -9999.000 -9999.000 -9999.000 -9999.000 -9999.000 -9999.000 -9999.000 -9999.000 -9999.000 -9999.000 -9999.000 -9999.000 -9999.000 -9999.000
-9999.000 -9999.000 -9999.000 -9999.000 -9999.000 -9999.000 -9999.000 -9999.000 -9999.000 -9999.000 -9999.000 -9999.000 -9999.000 -9999.000 -9999.000 0.7040550 0.7045403 0.7045484 0.7044067 0.7042063 0.7039744 0.7037192 0.7034785 0.7032338 0.7030008 0.7027819 0.7025561 0.7022413 0.7015882 0.7005587 0.7005587 -9999.000 -9999.000 -9999.000 -9999.000 -9999.000 -9999.000 -9999.000 -9999.000 -9999.000 -9999.000 -9999.000 -9999.000 -9999.000 -9999.000 -9999.000 -9999.000 -9999.000 -9999.000 -9999.000 -9999.000 -9999.000 -9999.000 -9999.000 -9999.000 -9999.000 -9999.000 -9999.000 -9999.000
-9999.000 -9999.000 -9999.000 -9999.000 -9999.000 -9999.000 -9999.000 -9999.000 -9999.000 -9999.000 -9999.000 -9999.000 -9999.000 -9999.000 -9999.000 0.7059956 0.7064900 0.7064887 0.7063361 0.7061267 0.7058858 0.7056201 0.7053716 0.7051162 0.7048724 0.7046422 0.7044001 0.7040510 0.7033066 0.7018543 0.7018543 -9999.000 -9999.000 -9999.000 -9999.000 -9999.000 -9999.000 -9999.000 -9999.000 -9999.000 -9999.000 -9999.000 -9999.000 -9999.000 -9999.000 -9999.000 -9999.000 -9999.000 -9999.000 -9999.000 -9999.000 -9999.000 -9999.000 -9999.000 -9999.000 -9999.000 -9999.000 -9999.000 -9999.000
-9999.000 -9999.000 -9999.000 -9999.000 -9999.000 -9999.000 -9999.000 -9999.000 -9999.000 -9999.000 -9999.000 -9999.000 -9999.000 -9999.000 -9999.000 0.7078853 0.7084028 0.7083995 0.7082415 0.7080255 0.7077765 0.7074997 0.7072430 0.7069743 0.7067173 0.7064728 0.7062100 0.7058170 0.7049570 0.7028926 0.7028926 -9999.000 -9999.000 -9999.000 -9999.000 -9999.000 -9999.000 -9999.000 -9999.000 -9999.000 -9999.000 -9999.000 -9999.000 -9999.000 -9999.000 -9999.000 -9999.000 -9999.000 -9999.000 -9999.000 -9999.000 -9999.000 -9999.000 -9999.000 -9999.000 -9999.000 -9999.000 -9999.000 -9999.000
-9999.000 -9999.000 -9999.000 -9999.000 -9999.000 -9999.000 -9999.000 -9999.000 -9999.000 -9999.000 -9999.000 -9999.000 -9999.000 -9999.000 -9999.000 0.7043318 0.7087664 0.7107146 0.7112515 0.7109990 0.7106591 0.7102520 0.7098543 0.7094361 0.7090356 0.7086594 0.7082693 0.7077183 0.7065587 0.7028749 0.7028749 -9999.000 -9999.000 -9999.000 -9999.000 -9999.000 -9999.000 -9999.000 -9999.000 -9999.000 -9999.000 -9999.000 -9999.000 -9999.000 -9999.000 -9999.000 -9999.000 -9999.000 -9999.000 -9999.000 -9999.000 -9999.000 -9999.000 -9999.000 -9999.000 -9999.000 -9999.000 -9999.000 -9999.000
0.7789181 0.7789181 0.7795658 0.7654520 0.7578501 0.7578501 0.7545525 0.7496380 0.7496380 0.7455795 0.7455795 0.7421110 0.7405556 0.7390977 0.7376868 0.7376868 0.7133548 0.7121191 0.7113556 0.7120530 0.7132521 0.7148295 0.7171971 0.7195923 0.7220741 0.7244458 0.7261341 0.7255863 0.7186149 0.6888409 0.6888409 0.4817726 0.4464501 0.4260338 0.4192443 0.4192443 0.4089239 0.4089239 0.4128270 0.4128270 0.4245386 0.4746574 0.4746574 0.5798531 0.5798531 0.6207220 0.6207220 0.6207220 0.6195590 0.6195590 0.6090429 0.6090429 0.5952746 0.5952746 0.5811161 0.5811161 0.5682234 0.5682234 0.5682234
0.7761147 0.7761147 0.7784177 0.7636604 0.7571024 0.7571024 0.7535911 0.7485844 0.7485844 0.7445443 0.7445443 0.7410984 0.7395519 0.7381014 0.7366974 0.7366974 0.7155693 0.7107484 0.7064029 0.7029681 0.7002176 0.6982135 0.6972298 0.6970819 0.6977915 0.6992746 0.7012461 0.7029853 0.7027323 0.6903883 0.6903883 0.5497835 0.4964383 0.4443280 0.4298906 0.4298906 0.4138142 0.4138142 0.4167483 0.4167483 0.4276738 0.4712906 0.4712906 0.5533917 0.5533917 0.6183248 0.6183248 0.6183248 0.6193810 0.6193810 0.6093337 0.6093337 0.5956733 0.5956733 0.5816336 0.5816336 0.5687886 0.5687886 0.5687886
0.7748545 0.7748545 0.7777644 0.7633257 0.7573594 0.7573594 0.7536974 0.7485466 0.7485466 0.7444905 0.7444905 0.7410452 0.7394980 0.7380463 0.7366350 0.7366350 0.7171793 0.7092173 0.7016744 0.6950365 0.6893756 0.6847566 0.6813546 0.6791003 0.6779853 0.6779646 0.6788558 0.6801314 0.6804007 0.6729318 0.6729318 0.5830566 0.5279942 0.4622821 0.4427725 0.4427725 0.4234277 0.4234277 0.4301106 0.4301106 0.4429378 0.4824480 0.4824480 0.5425365 0.5425365 0.6110921 0.6110921 0.6110921 0.6165770 0.6165770 0.6082875 0.6082875 0.5952522 0.5952522 0.5814764 0.5814764 0.5687925 0.5687925 0.5687925
0.7741327 0.7741327 0.7767687 0.7631626 0.7575979 0.7575979 0.7538345 0.7485410 0.7485410 0.7444750 0.7444750 0.7410414 0.7394982 0.7380485 0.7366281 0.7366281 0.7179895 0.7072453 0.6966604 0.6870030 0.6785810 0.6715276 0.6659673 0.6618677 0.6591793 0.6578308 0.6576654 0.6582798 0.6586106 0.6538111 0.6538111 0.5966039 0.5477271 0.4797569 0.4586521 0.4586521 0.4416258 0.4416258 0.4554482 0.4554482 0.4696657 0.5012459 0.5012459 0.5387824 0.5387824 0.5983554 0.5983554 0.5983554 0.6090806 0.6090806 0.6043140 0.6043140 0.5930314 0.5930314 0.5801573 0.5801573 0.5680891 0.5680891 0.5680891
0.7739407 0.7739407 0.7754490 0.7631243 0.7578058 0.7578058 0.7539623 0.7485313 0.7485313 0.7444541 0.7444541 0.7410347 0.7394966 0.7380496 0.7366149 0.7366149 0.7176486 0.7043642 0.6909254 0.6784003 0.6672866 0.6578089 0.6500965 0.6441526 0.6399220 0.6373132 0.6361688 0.6361527 0.6364387 0.6335740 0.6335740 0.5971641 0.5571586 0.4950668 0.4769291 0.4769291 0.4706708 0.4706708 0.4920323 0.4920323 0.5044289 0.5227069 0.5227069 0.5395043 0.5395043 0.5828260 0.5828260 0.5828260 0.5973162 0.5973162 0.5971547 0.5971547 0.5888594 0.5888594 0.5777442 0.5777442 0.5668743 0.5668743 0.5668743
0.7745505 0.7745505 0.7735521 0.7631540 0.7579784 0.7579784 0.7540781 0.7485367 0.7485367 0.7444456 0.7444456 0.7410339 0.7394982 0.7380522 0.7365945 0.7365945 0.7158806 0.7001271 0.6840049 0.6688001 0.6551355 0.6433101 0.6334766 0.6256710 0.6198556 0.6159428 0.6137844 0.6130967 0.6132352 0.6117710 0.6117710 0.5890668 0.5585315 0.5097172 0.5003069 0.5003069 0.5120422 0.5120422 0.5345353 0.5345353 0.5406877 0.5428137 0.5428137 0.5429898 0.5429898 0.5678785 0.5678785 0.5678785 0.5830291 0.5830291 0.5871435 0.5871435 0.5826554 0.5826554 0.5741642 0.5741642 0.5651600 0.5651600 0.5651600
0.7747146 0.7747146 0.7725945 0.7631916 0.7580894 0.7580894 0.7541519 0.7485370 0.7485370 0.7444367 0.7444367 0.7410318 0.7394981 0.7380535 0.7365629 0.7365629 0.7123986 0.6940808 0.6753892 0.6577005 0.6416860 0.6276780 0.6158430 0.6062385 0.5988471 0.5935982 0.5903652 0.5889171 0.5887635 0.5882586 0.5882586 0.5749322 0.5541437 0.5285854 0.5344901 0.5344901 0.5630942 0.5630942 0.5749082 0.5749082 0.5722702 0.5597709 0.5597709 0.5481088 0.5481088 0.5558044 0.5558044 0.5558044 0.5683301 0.5683301 0.5751321 0.5751321 0.5745461 0.5745461 0.5693535 0.5693535 0.5628988 0.5628988 0.5628988
0.7747625 0.7747625 0.7722888 0.7632048 0.7581274 0.7581274 0.7541777 0.7485373 0.7485373 0.7444336 0.7444336 0.7410308 0.7394979 0.7380538 0.7365165 0.7365165 0.7068295 0.6857080 0.6644938 0.6445097 0.6263892 0.6104434 0.5968239 0.5855867 0.5767245 0.5701838 0.5658643 0.5635877 0.5630081 0.5631530 0.5631530 0.5567867 0.5471495 0.5599539 0.5843312 0.5843312 0.6147969 0.6147969 0.6070296 0.6070296 0.5965596 0.5736496 0.5736496 0.5541396 0.5541396 0.5474406 0.5474406 0.5474406 0.5549903 0.5549903 0.5622973 0.5622973 0.5649456 0.5649456 0.5633719 0.5633719 0.5600671 0.5600671 0.5600671
0.7746997 0.7746997 0.7726123 0.7631925 0.7580902 0.7580902 0.7541525 0.7485369 0.7485369 0.7444366 0.7444366 0.7410313 0.7394977 0.7380530 0.7364503 0.7364503 0.6986295 0.6743522 0.6506092 0.6285180 0.6085789 0.5910169 0.5759261 0.5633317 0.5532162 0.5455325 0.5402027 0.5370997 0.5360365 0.5368227 0.5368227 0.5371211 0.5436341 0.6113888 0.6460162 0.6460162 0.6562795 0.6562795 0.6298348 0.6298348 0.6143976 0.5851714 0.5851714 0.5605290 0.5605290 0.5425307 0.5425307 0.5425307 0.5440704 0.5440704 0.5498569 0.5498569 0.5545409 0.5545409 0.5564679 0.5564679 0.5567192 0.5567192 0.5567192
0.7745221 0.7745221 0.7735843 0.7631553 0.7579795 0.7579795 0.7540788 0.7485366 0.7485366 0.7444451 0.7444451 0.7410332 0.7394974 0.7380516 0.7363573 0.7363573 0.6869644 0.6591060 0.6328181 0.6088437 0.5874398 0.5686712 0.5525261 0.5389629 0.5279297 0.5193694 0.5132162 0.5093924 0.5079606 0.5101929 0.5101929 0.5209705 0.5558991 0.6791378 0.7036946 0.7036946 0.6832162 0.6832162 0.6456667 0.6456667 0.6277408 0.5948618 0.5948618 0.5667735 0.5667735 0.5402775 0.5402775 0.5402775 0.5358991 0.5358991 0.5388044 0.5388044 0.5441853 0.5441853 0.5491002 0.5491002 0.5530270 0.5530270 0.5530270
0.7739003 0.7739003 0.7754877 0.7631260 0.7578073 0.7578073 0.7539634 0.7485310 0.7485310 0.7444531 0.7444531 0.7410336 0.7394954 0.7380488 0.7362272 0.7362272 0.6704962 0.6386292 0.6098587 0.5843368 0.5619449 0.5425050 0.5258461 0.5118261 0.5003348 0.4912881 0.4846193 0.4803168 0.4790660 0.4861571 0.4861571 0.5206469 0.6012866 0.7420062 0.7410742 0.7410742 0.6990874 0.6990874 0.6570222 0.6570222 0.6380154 0.6028918 0.6028918 0.5724391 0.5724391 0.5397798 0.5397798 0.5397798 0.5302781 0.5302781 0.5297637 0.5297637 0.5347419 0.5347419 0.5418943 0.5418943 0.5492910 0.5492910 0.5492910
