simulation_files/asc/Depth____36.0.asc
NCOLS       411
NROWS       131
XLLCENTER    2538020.000000
YLLCENTER    1152390.000000
CELLSIZE           1.000
NODATA_VALUE     -9999.0
[rows 26 to 51 of 131, columns 300 to 359 of 411]
0.3296419 0.3280921 0.3274221 0.3263137 0.3193652 0.3219676 0.3260718 0.3254092 0.3322341 0.3403341 0.3474031 0.3514186 0.3621965 0.3720035 0.3781702 0.3806937 0.3942855 0.4087727 0.4230647 0.4495733 0.4832008 0.5177212 0.5568078 0.6094243 0.6565390 0.6928983 0.6913450 0.6208347 0.5286872 0.4750408 0.4605195 0.4573499 0.4577254 0.4591913 0.4613884 0.4634693 0.4664148 0.4713862 0.4772153 0.4798494 0.4864788 0.4934301 0.4958134 0.4976677 0.4996175 0.5004929 0.4972920 0.4972614 0.4979510 0.4967465 0.4952403 0.4957798 0.4966134 0.4933961 0.4958377 0.4995048 0.5042463 0.5068514 0.5164038 0.5276779
0.2810534 0.2802512 0.2773893 0.2703997 0.2665136 0.2665458 0.2686583 0.2671001 0.2708730 0.2784549 0.2807610 0.2875014 0.2957758 0.3025895 0.3009905 0.3060555 0.3155161 0.3241287 0.3368803 0.3572665 0.3836678 0.4059342 0.4490527 0.5024868 0.5589364 0.6201364 0.6799093 0.7015375 0.6567476 0.5419750 0.4619900 0.4474425 0.4423569 0.4410286 0.4395756 0.4350478 0.4348686 0.4366963 0.4369100 0.4350281 0.4404170 0.4498433 0.4565797 0.4597029 0.4635603 0.4609945 0.4573866 0.4562035 0.4542785 0.4482362 0.4431547 0.4419487 0.4369322 0.4352262 0.4379840 0.4430760 0.4442982 0.4505480 0.4600144 0.4724813
0.2311788 0.2384572 0.2408606 0.2371827 0.2343307 0.2307934 0.2277534 0.2244888 0.2257280 0.2279109 0.2272114 0.2309784 0.2353354 0.2365819 0.2364435 0.2418192 0.2491534 0.2566059 0.2666962 0.2826027 0.2981923 0.3203248 0.3539396 0.3985808 0.4489771 0.5174948 0.6027788 0.6840597 0.7290374 0.6528066 0.5040880 0.4334130 0.4107480 0.4062117 0.4033728 0.3969379 0.3951119 0.3939620 0.3857734 0.3836988 0.3855147 0.3920326 0.3938561 0.4027495 0.4098220 0.4104831 0.4096266 0.4099324 0.4064808 0.3964618 0.3911302 0.3869214 0.3822964 0.3755743 0.3769000 0.3796103 0.3804182 0.3882317 0.3964113 0.4003952
0.1756177 0.1868204 0.1967073 0.1978323 0.2005636 0.1998827 0.1943832 0.1928540 0.1915452 0.1904101 0.1854236 0.1847845 0.1855842 0.1824824 0.1850059 0.1890782 0.1953304 0.1975473 0.2083339 0.2200450 0.2311027 0.2427091 0.2651889 0.2933996 0.3244709 0.3836264 0.4585401 0.5373470 0.6176283 0.7030461 0.6296551 0.4602384 0.3805814 0.3674595 0.3608222 0.3560451 0.3546408 0.3533527 0.3475481 0.3442570 0.3417021 0.3381519 0.3362044 0.3405079 0.3478234 0.3512614 0.3588902 0.3665703 0.3665914 0.3645673 0.3584023 0.3499924 0.3386873 0.3325850 0.3310031 0.3319637 0.3291083 0.3332096 0.3408962 0.3466305
0.1239877 0.1281142 0.1332063 0.1428283 0.1574617 0.1638655 0.1611218 0.1602510 0.1574568 0.1525157 0.1466834 0.1435554 0.1420227 0.1400943 0.1402804 0.1418947 0.1429205 0.1449053 0.1514593 0.1575871 0.1586722 0.1579012 0.1620637 0.1604552 0.1571612 0.1697438 0.2002401 0.2438163 0.3370501 0.4938334 0.6180446 0.5663872 0.4097310 0.3468234 0.3281499 0.3218806 0.3180100 0.3153068 0.3123792 0.3143098 0.3130214 0.3040108 0.2965295 0.2910690 0.2891112 0.2828784 0.2904024 0.3000726 0.3091793 0.3053089 0.3093422 0.3094915 0.2994557 0.2960427 0.2939571 0.2921106 0.2882253 0.2926322 0.2944037 0.2968400
0.8636132E-01 0.8389061E-01 0.8215929E-01 0.9191889E-01 0.1100972 0.1230477 0.1259948 0.1265782 0.1238645 0.1168490 0.1140790 0.1101895 0.1072781 0.1059263 0.1087220 0.1105322 0.1085867 0.1083963 0.1077985 0.1055213 0.9393674E-01 0.8601318E-01 0.7427901E-01 0.6045028E-01 0.4474417E-01 0.4257483E-01 0.5273663E-01 0.7856656E-01 0.1454168 0.2818658 0.4802273 0.5330633 0.4089912 0.3353812 0.3139368 0.2996870 0.2890444 0.2801711 0.2767101 0.2836015 0.2913133 0.2914010 0.2856955 0.2763383 0.2649363 0.2537861 0.2426118 0.2330378 0.2223266 0.2181437 0.2287364 0.2447937 0.2527095 0.2568716 0.2581462 0.2568173 0.2555767 0.2557655 0.2572904 0.2617262
0.6076333E-01 0.5662200E-01 0.5671718E-01 0.6557165E-01 0.8139632E-01 0.9322710E-01 0.9609398E-01 0.9711601E-01 0.9552310E-01 0.9184023E-01 0.9027135E-01 0.8794175E-01 0.8555080E-01 0.8721649E-01 0.9181206E-01 0.9384687E-01 0.8956329E-01 0.8038968E-01 0.7017261E-01 0.5517691E-01 0.4099873E-01 0.3470896E-01 -9999.000 -9999.000 -9999.000 -9999.000 0.3014076E-01 0.4435154E-01 0.7829894E-01 0.1606743 0.3068527 0.4124660 0.3325106 0.3020461 0.3003050 0.2793899 0.2565330 0.2397902 0.2359560 0.2464690 0.2634937 0.2693185 0.2722900 0.2657211 0.2471471 0.2309605 0.2075345 0.1861479 0.1687677 0.1625013 0.1732598 0.1978859 0.2129138 0.2199626 0.2221572 0.2224503 0.2268365 0.2306967 0.2345199 0.2356347
0.4687083E-01 0.4390403E-01 0.4583356E-01 0.5459685E-01 0.7020211E-01 0.8551113E-01 0.8755234E-01 0.8052938E-01 0.7847646E-01 0.7796101E-01 0.7792351E-01 0.7661885E-01 0.7488841E-01 0.7731576E-01 0.8048390E-01 0.7934929E-01 0.6503465E-01 0.4891764E-01 0.3350872E-01 -9999.000 -9999.000 -9999.000 -9999.000 -9999.000 -9999.000 -9999.000 -9999.000 -9999.000 0.4349519E-01 0.8515474E-01 0.1666163 0.2270161 0.2177831 0.2283858 0.2543597 0.2482681 0.2188484 0.1971957 0.1910437 0.1983465 0.2072440 0.2110449 0.2077291 0.1978564 0.1797929 0.1694353 0.1612185 0.1534217 0.1439631 0.1443657 0.1609639 0.1846225 0.1959643 0.1980028 0.1991401 0.1980163 0.2007910 0.2046317 0.2087596 0.2072403
0.3923284E-01 0.3778855E-01 0.4082688E-01 0.5137902E-01 0.6875383E-01 0.8450385E-01 0.8518899E-01 0.7639551E-01 0.7359774E-01 0.7385385E-01 0.7110372E-01 0.6789824E-01 0.6614064E-01 0.6582800E-01 0.6654502E-01 0.5838271E-01 0.4055052E-01 0.2427238E-01 0.1513359E-01 -9999.000 -9999.000 -9999.000 -9999.000 -9999.000 -9999.000 -9999.000 -9999.000 -9999.000 0.2324707E-01 0.4390999E-01 0.7886225E-01 0.9935301E-01 0.1166877 0.1461048 0.1884972 0.2041143 0.1805003 0.1530263 0.1450841 0.1469537 0.1444858 0.1318911 0.1170484 0.1063994 0.9811020E-01 0.1010919 0.1062798 0.1121605 0.1173880 0.1343713 0.1593742 0.1795582 0.1865171 0.1866220 0.1844500 0.1811105 0.1803411 0.1830011 0.1838833 0.1795659
0.3275360E-01 0.3235244E-01 0.3815761E-01 0.5011085E-01 0.6962895E-01 0.8684499E-01 0.8112389E-01 0.6932638E-01 0.7004323E-01 0.6805945E-01 0.6350904E-01 0.5857424E-01 0.5477684E-01 0.5239550E-01 0.5143316E-01 0.4033469E-01 0.2350954E-01 -9999.000 -9999.000 -9999.000 -9999.000 -9999.000 -9999.000 -9999.000 -9999.000 -9999.000 -9999.000 -9999.000 -9999.000 -9999.000 -9999.000 -9999.000 0.6228293E-01 0.8741638E-01 0.1153838 0.1344197 0.1348567 0.1236446 0.1122893 0.1102911 0.9640463E-01 0.7213979E-01 0.6100666E-01 0.5816488E-01 0.6375738E-01 0.6831699E-01 0.7546072E-01 0.8495374E-01 0.1057876 0.1357687 0.1650189 0.1796581 0.1819080 0.1807115 0.1761793 0.1712793 0.1667724 0.1633908 0.1616142 0.1602751
0.2212829E-01 0.2859957E-01 0.4053299E-01 0.5498402E-01 0.7102010E-01 0.7988159E-01 0.7162548E-01 0.6457759E-01 0.6300669E-01 0.5867513E-01 0.5379386E-01 0.4765734E-01 0.4258959E-01 0.4040418E-01 0.3859372E-01 0.2895673E-01 0.1412653E-01 -9999.000 -9999.000 -9999.000 -9999.000 -9999.000 -9999.000 -9999.000 -9999.000 -9999.000 -9999.000 -9999.000 -9999.000 -9999.000 -9999.000 -9999.000 -9999.000 0.4618655E-01 0.6097894E-01 0.7137772E-01 0.8076046E-01 0.8683504E-01 0.8646400E-01 0.8430011E-01 0.6786095E-01 0.5074113E-01 0.4695208E-01 0.4946968E-01 0.5634668E-01 0.6378530E-01 0.7356340E-01 0.9107706E-01 0.1171480 0.1460905 0.1670924 0.1766233 0.1797654 0.1776657 0.1701646 0.1593497 0.1510445 0.1470399 0.1454980 0.1445336
-9999.000 0.2316382E-01 0.3769103E-01 0.5305804E-01 0.6590965E-01 0.6946315E-01 0.5670291E-01 0.5133651E-01 0.4922051E-01 0.4522248E-01 0.4101087E-01 0.3720934E-01 0.3286672E-01 0.3001984E-01 0.2721831E-01 -9999.000 -9999.000 -9999.000 -9999.000 -9999.000 -9999.000 -9999.000 -9999.000 -9999.000 -9999.000 -9999.000 -9999.000 -9999.000 -9999.000 -9999.000 -9999.000 -9999.000 -9999.000 -9999.000 0.2498380E-01 0.3426506E-01 0.4143230E-01 0.5202819E-01 0.6338499E-01 0.6566939E-01 0.5482088E-01 0.4525097E-01 0.4349863E-01 0.4530352E-01 0.5113226E-01 0.5918159E-01 0.7112747E-01 0.8929824E-01 0.1137419 0.1375252 0.1520914 0.1579326 0.1601417 0.1575437 0.1489891 0.1387948 0.1322920 0.1286610 0.1275105 0.1256154
-9999.000 -9999.000 0.2883327E-01 0.4269794E-01 0.5345717E-01 0.5296533E-01 0.3916619E-01 0.3423235E-01 0.3382808E-01 0.3065892E-01 0.2618072E-01 0.2495500E-01 0.2181569E-01 0.1873340E-01 0.1634684E-01 -9999.000 -9999.000 -9999.000 -9999.000 -9999.000 -9999.000 -9999.000 -9999.000 -9999.000 -9999.000 -9999.000 -9999.000 -9999.000 -9999.000 -9999.000 -9999.000 -9999.000 -9999.000 -9999.000 -9999.000 -9999.000 0.1774472E-01 0.2907260E-01 0.4523967E-01 0.5891055E-01 0.5152689E-01 0.4106402E-01 0.4096600E-01 0.4506629E-01 0.5181036E-01 0.6247381E-01 0.7764690E-01 0.1002069 0.1225721 0.1397782 0.1475551 0.1489993 0.1455355 0.1387895 0.1305358 0.1208991 0.1160436 0.1125811 0.1094035 0.1079620
-9999.000 -9999.000 -9999.000 0.3184771E-01 0.3995873E-01 -9999.000 -9999.000 -9999.000 -9999.000 -9999.000 -9999.000 -9999.000 -9999.000 -9999.000 -9999.000 -9999.000 -9999.000 -9999.000 -9999.000 -9999.000 -9999.000 -9999.000 -9999.000 -9999.000 -9999.000 -9999.000 -9999.000 -9999.000 -9999.000 -9999.000 -9999.000 -9999.000 -9999.000 -9999.000 -9999.000 -9999.000 -9999.000 -9999.000 0.4026039E-01 0.5717941E-01 0.5517094E-01 0.4452934E-01 0.4232690E-01 0.4582033E-01 0.5458996E-01 0.7004672E-01 0.9307550E-01 0.1178076 0.1375263 0.1486986 0.1525701 0.1537403 0.1450600 0.1292659 0.1170739 0.1082992 0.1035483 0.9984366E-01 0.9609260E-01 0.9279142E-01
-9999.000 -9999.000 -9999.000 -9999.000 -9999.000 -9999.000 -9999.000 -9999.000 -9999.000 -9999.000 -9999.000 -9999.000 -9999.000 -9999.000 -9999.000 -9999.000 -9999.000 -9999.000 -9999.000 -9999.000 -9999.000 -9999.000 -9999.000 -9999.000 -9999.000 -9999.000 -9999.000 -9999.000 -9999.000 -9999.000 -9999.000 -9999.000 -9999.000 -9999.000 -9999.000 -9999.000 -9999.000 0.2805873E-01 0.4373855E-01 0.5826381E-01 0.6439129E-01 0.5987116E-01 0.5320058E-01 0.5757622E-01 0.6996530E-01 0.9224499E-01 0.1176125 0.1395656 0.1536773 0.1609970 0.1629947 0.1561385 0.1352262 0.1166820 0.1042320 0.9695236E-01 0.9415087E-01 0.9039787E-01 0.8893738E-01 0.8913483E-01
-9999.000 -9999.000 -9999.000 -9999.000 -9999.000 -9999.000 -9999.000 -9999.000 -9999.000 -9999.000 -9999.000 -9999.000 -9999.000 -9999.000 -9999.000 -9999.000 -9999.000 -9999.000 -9999.000 -9999.000 -9999.000 -9999.000 -9999.000 -9999.000 -9999.000 -9999.000 -9999.000 -9999.000 -9999.000 -9999.000 -9999.000 -9999.000 -9999.000 -9999.000 -9999.000 -9999.000 -9999.000 0.4077563E-01 0.5696934E-01 0.6414420E-01 0.7080513E-01 0.7696865E-01 0.8521933E-01 0.9309702E-01 0.1073637 0.1312034 0.1555103 0.1709203 0.1765220 0.1756565 0.1687081 0.1526725 0.1231598 0.9914678E-01 0.9342062E-01 0.8786142E-01 0.8522301E-01 0.8462420E-01 0.8669130E-01 0.8960415E-01
-9999.000 -9999.000 -9999.000 -9999.000 -9999.000 -9999.000 -9999.000 -9999.000 -9999.000 -9999.000 -9999.000 -9999.000 -9999.000 -9999.000 -9999.000 -9999.000 -9999.000 -9999.000 -9999.000 -9999.000 -9999.000 -9999.000 -9999.000 -9999.000 -9999.000 -9999.000 -9999.000 -9999.000 -9999.000 -9999.000 -9999.000 -9999.000 -9999.000 -9999.000 -9999.000 -9999.000 0.3190791E-01 0.5158502E-01 0.6669703E-01 0.7192532E-01 0.7865668E-01 0.9375369E-01 0.1155951 0.1356706 0.1528587 0.1725272 0.1859231 0.1881276 0.1803166 0.1683583 0.1580125 0.1381376 0.1075469 0.9196118E-01 0.8553508E-01 0.8453510E-01 0.8375588E-01 0.8753348E-01 0.9265638E-01 0.8942738E-01
-9999.000 -9999.000 -9999.000 -9999.000 -9999.000 -9999.000 -9999.000 -9999.000 -9999.000 -9999.000 -9999.000 -9999.000 -9999.000 -9999.000 -9999.000 -9999.000 -9999.000 -9999.000 -9999.000 -9999.000 -9999.000 -9999.000 -9999.000 -9999.000 -9999.000 -9999.000 -9999.000 -9999.000 -9999.000 -9999.000 -9999.000 -9999.000 -9999.000 -9999.000 -9999.000 -9999.000 0.3352994E-01 0.5617911E-01 0.7334641E-01 0.8126888E-01 0.8562970E-01 0.9736124E-01 0.1175942 0.1390931 0.1561519 0.1678850 0.1724823 0.1667267 0.1530223 0.1470153 0.1483041 0.1315812 0.9800859E-01 0.8412477E-01 0.8314001E-01 0.8931955E-01 0.9486126E-01 0.9674298E-01 0.9251638E-01 0.7561844E-01
-9999.000 -9999.000 -9999.000 -9999.000 -9999.000 -9999.000 -9999.000 -9999.000 -9999.000 -9999.000 -9999.000 -9999.000 -9999.000 -9999.000 -9999.000 -9999.000 -9999.000 -9999.000 -9999.000 -9999.000 -9999.000 -9999.000 -9999.000 -9999.000 -9999.000 -9999.000 -9999.000 -9999.000 -9999.000 -9999.000 -9999.000 -9999.000 -9999.000 -9999.000 -9999.000 -9999.000 0.2776231E-01 0.5108514E-01 0.7365187E-01 0.8796588E-01 0.9123573E-01 0.9669576E-01 0.1089803 0.1226427 0.1323439 0.1353006 0.1320653 0.1236099 0.1162283 0.1287439 0.1446845 0.1325154 0.9936486E-01 0.8722639E-01 0.9376934E-01 0.1027889 0.1068774 0.1018947 0.8460516E-01 0.5414932E-01
-9999.000 -9999.000 -9999.000 -9999.000 -9999.000 -9999.000 -9999.000 -9999.000 -9999.000 -9999.000 -9999.000 -9999.000 -9999.000 -9999.000 -9999.000 -9999.000 -9999.000 -9999.000 -9999.000 -9999.000 -9999.000 -9999.000 -9999.000 -9999.000 -9999.000 -9999.000 -9999.000 -9999.000 -9999.000 -9999.000 -9999.000 -9999.000 -9999.000 -9999.000 -9999.000 -9999.000 -9999.000 0.4540770E-01 0.7545268E-01 0.9618164E-01 0.9775571E-01 0.9816049E-01 0.1085572 0.1182831 0.1197318 0.1138077 0.1023229 0.9103897E-01 0.9502650E-01 0.1231325 0.1456139 0.1356630 0.1101277 0.1011599 0.1099995 0.1118346 0.1075705 0.8860180E-01 0.5426655E-01 0.3493289E-01
-9999.000 -9999.000 -9999.000 -9999.000 -9999.000 -9999.000 -9999.000 -9999.000 -9999.000 -9999.000 -9999.000 -9999.000 -9999.000 -9999.000 -9999.000 -9999.000 -9999.000 -9999.000 -9999.000 -9999.000 -9999.000 -9999.000 -9999.000 -9999.000 -9999.000 -9999.000 -9999.000 -9999.000 -9999.000 -9999.000 -9999.000 -9999.000 -9999.000 -9999.000 -9999.000 -9999.000 -9999.000 0.4776269E-01 0.7607946E-01 0.9378957E-01 0.9560194E-01 0.9604587E-01 0.1063987 0.1137835 0.1106612 0.1000159 0.8793372E-01 0.8215560E-01 0.9675065E-01 0.1267965 0.1505375 0.1540091 0.1282171 0.1144296 0.1159176 0.1070374 0.9072831E-01 0.6021129E-01 0.3373872E-01 -9999.000
-9999.000 -9999.000 -9999.000 -9999.000 -9999.000 -9999.000 -9999.000 -9999.000 -9999.000 -9999.000 -9999.000 -9999.000 -9999.000 -9999.000 -9999.000 -9999.000 -9999.000 -9999.000 -9999.000 -9999.000 -9999.000 -9999.000 -9999.000 -9999.000 -9999.000 -9999.000 -9999.000 -9999.000 -9999.000 -9999.000 -9999.000 -9999.000 -9999.000 -9999.000 -9999.000 -9999.000 -9999.000 0.4195948E-01 0.7515012E-01 0.9202925E-01 0.9411784E-01 0.9952729E-01 0.1127536 0.1130863 0.1008604 0.8998720E-01 0.8342096E-01 0.8644401E-01 0.1080710 0.1397977 0.1685712 0.1704932 0.1383092 0.1195295 0.1043143 0.8686543E-01 0.6234971E-01 0.3695557E-01 -9999.000 -9999.000
-9999.000 -9999.000 -9999.000 -9999.000 -9999.000 -9999.000 -9999.000 -9999.000 -9999.000 -9999.000 -9999.000 -9999.000 -9999.000 -9999.000 -9999.000 -9999.000 -9999.000 -9999.000 -9999.000 -9999.000 -9999.000 -9999.000 -9999.000 -9999.000 -9999.000 -9999.000 -9999.000 -9999.000 -9999.000 -9999.000 -9999.000 -9999.000 -9999.000 -9999.000 -9999.000 -9999.000 -9999.000 0.3957687E-01 0.6639916E-01 0.8454662E-01 0.9554943E-01 0.1149858 0.1361166 0.1203222 0.8690287E-01 0.7901794E-01 0.8245066E-01 0.9869727E-01 0.1311474 0.1691008 0.1929435 0.1827592 0.1421329 0.1031872 0.8396907E-01 0.6284518E-01 0.4046209E-01 -9999.000 -9999.000 -9999.000
-9999.000 -9999.000 -9999.000 -9999.000 -9999.000 -9999.000 -9999.000 -9999.000 -9999.000 -9999.000 -9999.000 -9999.000 -9999.000 -9999.000 -9999.000 -9999.000 -9999.000 -9999.000 -9999.000 -9999.000 -9999.000 -9999.000 -9999.000 -9999.000 -9999.000 -9999.000 -9999.000 -9999.000 -9999.000 -9999.000 -9999.000 -9999.000 -9999.000 -9999.000 -9999.000 -9999.000 -9999.000 0.3064209E-01 0.5061182E-01 0.6795368E-01 0.8337830E-01 0.1080226 0.1308968 0.1160926 0.8439153E-01 0.7657603E-01 0.9373500E-01 0.1277899 0.1682161 0.2002868 0.2020620 0.1760457 0.1353905 0.9597668E-01 0.7460550E-01 0.5634150E-01 0.2875976E-01 -9999.000 -9999.000 -9999.000
-9999.000 -9999.000 -9999.000 -9999.000 -9999.000 -9999.000 -9999.000 -9999.000 -9999.000 -9999.000 -9999.000 -9999.000 -9999.000 -9999.000 -9999.000 -9999.000 -9999.000 -9999.000 -9999.000 -9999.000 -9999.000 -9999.000 -9999.000 -9999.000 -9999.000 -9999.000 -9999.000 -9999.000 -9999.000 -9999.000 -9999.000 -9999.000 -9999.000 -9999.000 -9999.000 -9999.000 -9999.000 -9999.000 0.3463191E-01 0.4959639E-01 0.6179783E-01 0.7770260E-01 0.9514079E-01 0.1027588 0.8612358E-01 0.8862579E-01 0.1369085 0.1832114 0.2135811 0.2238338 0.2132842 0.1954991 0.1581764 0.1184222 0.8282363E-01 0.5492375E-01 -9999.000 -9999.000 -9999.000 -9999.000
-9999.000 -9999.000 -9999.000 -9999.000 -9999.000 -9999.000 -9999.000 -9999.000 -9999.000 -9999.000 -9999.000 -9999.000 -9999.000 -9999.000 -9999.000 -9999.000 -9999.000 -9999.000 -9999.000 -9999.000 -9999.000 -9999.000 -9999.000 -9999.000 -9999.000 -9999.000 -9999.000 -9999.000 -9999.000 -9999.000 -9999.000 -9999.000 -9999.000 -9999.000 -9999.000 -9999.000 -9999.000 -9999.000 0.2459632E-01 0.3932097E-01 0.5074481E-01 0.5970666E-01 0.7303250E-01 0.1090795 0.1582454 0.1853984 0.2127992 0.2458577 0.2660211 0.2559391 0.2224399 0.1942417 0.1558678 0.9819500E-01 0.7052679E-01 -9999.000 -9999.000 -9999.000 -9999.000 -9999.000
