simulation_files/asc/Depth____90.0.asc
NCOLS       216
NROWS       273
XLLCENTER        494.688995
YLLCENTER        787.867981
CELLSIZE           0.500
NODATA_VALUE     -9999.0
[rows 182 to 207 of 273, columns 120 to 179 of 216]
-9999.000 -9999.000 -9999.000 -9999.000 -9999.000 -9999.000 -9999.000 -9999.000 -9999.000 0.3940162E-01 0.1000863 0.1585601 0.1573314 0.1217254 0.7087710E-01 -9999.000 0.1704159E-01 0.3037893E-01 0.6076740E-01 0.7032153E-01 0.5862944E-01 0.1145340 0.2111076 0.2165277 0.2202773 0.2613772 0.2654785 0.2394156 0.2603365 0.3005876 0.3292583 0.3544086 0.3307249 0.2910130 0.2699408 0.2779249 0.2814867 0.2867944 0.2576564 0.2023187 0.1344286 0.5600960E-01 -9999.000 -9999.000 -9999.000 -9999.000 -9999.000 -9999.000 -9999.000 -9999.000 -9999.000 -9999.000 -9999.000 -9999.000 -9999.000 -9999.000 -9999.000 -9999.000 -9999.000 -9999.000
-9999.000 -9999.000 -9999.000 -9999.000 -9999.000 -9999.000 -9999.000 -9999.000 -9999.000 -9999.000 0.9316540E-01 0.1558045 0.1814727 0.1659047 0.1098506 0.5058023E-01 0.2778723E-01 0.3511346E-01 0.6004034E-01 0.5396511E-01 0.4759438E-01 0.9867284E-01 0.1706397 0.1888303 0.2168191 0.2834075 0.3019907 0.2541032 0.2658779 0.3359510 0.3616987 0.3703778 0.3596828 0.3120144 0.2950298 0.2917871 0.2992528 0.3033717 0.2866090 0.2633573 0.1769093 0.7052510E-01 -9999.000 -9999.000 -9999.000 -9999.000 -9999.000 -9999.000 -9999.000 -9999.000 -9999.000 -9999.000 -9999.000 -9999.000 -9999.000 -9999.000 -9999.000 -9999.000 -9999.000 -9999.000
-9999.000 -9999.000 -9999.000 -9999.000 -9999.000 -9999.000 -9999.000 -9999.000 -9999.000 -9999.000 0.8017447E-01 0.1639552 0.2023159 0.1971666 0.1582489 0.9702916E-01 0.5028184E-01 0.4297063E-01 0.5081895E-01 0.4485103E-01 0.4656814E-01 0.7751806E-01 0.1036158 0.1180115 0.1648599 0.2440016 0.2900732 0.2757592 0.2976063 0.3453033 0.3237480 0.3135739 0.3194109 0.3091747 0.2664347 0.2688922 0.2723792 0.2873477 0.2925703 0.2778878 0.2272110 0.1238063 0.5251982E-01 -9999.000 -9999.000 -9999.000 -9999.000 -9999.000 -9999.000 -9999.000 -9999.000 -9999.000 -9999.000 -9999.000 -9999.000 -9999.000 -9999.000 -9999.000 -9999.000 -9999.000
-9999.000 -9999.000 -9999.000 -9999.000 -9999.000 -9999.000 -9999.000 -9999.000 -9999.000 -9999.000 0.8680955E-01 0.1536758 0.2048042 0.2090133 0.1908076 0.1390348 0.6728697E-01 0.4630596E-01 0.4828126E-01 0.5723731E-01 0.7048647E-01 0.7714807E-01 0.6972001E-01 0.8024709E-01 0.1226881 0.1803670 0.2306923 0.2542794 0.3214556 0.3002155 0.2344546 0.2511999 0.2723264 0.2076460 0.1666583 0.1509584 0.1809380 0.2066680 0.2358411 0.2460140 0.2203004 0.1547417 0.1184340 -9999.000 -9999.000 -9999.000 -9999.000 -9999.000 -9999.000 -9999.000 -9999.000 -9999.000 -9999.000 -9999.000 -9999.000 -9999.000 -9999.000 -9999.000 -9999.000 -9999.000
-9999.000 -9999.000 -9999.000 -9999.000 -9999.000 -9999.000 -9999.000 -9999.000 -9999.000 -9999.000 -9999.000 0.1259784 0.1931763 0.2101624 0.2011940 0.1545919 0.9735373E-01 0.4658283E-01 0.3579899E-01 0.4818981E-01 0.6957180E-01 0.7111134E-01 0.6377435E-01 0.9036768E-01 0.1426058 0.1859768 0.2190103 0.2446815 0.2556651 0.2078387 0.1881841 0.2839562 0.3067528 0.2537456 0.1752327 0.1554571 0.1701818 0.1826369 0.2021233 0.2215738 0.2151628 0.1834869 0.1460392 0.9903093E-01 -9999.000 -9999.000 -9999.000 -9999.000 -9999.000 -9999.000 -9999.000 -9999.000 -9999.000 -9999.000 -9999.000 -9999.000 -9999.000 -9999.000 -9999.000 -9999.000
-9999.000 -9999.000 -9999.000 -9999.000 -9999.000 -9999.000 -9999.000 -9999.000 -9999.000 -9999.000 -9999.000 0.1280066 0.1758581 0.1837306 0.1941340 0.1639208 0.9058808E-01 0.4015239E-01 0.2164703E-01 0.2425034E-01 0.3839886E-01 0.5435459E-01 0.7003137E-01 0.1099964 0.1838787 0.2094523 0.2043403 0.1867950 0.1925951 0.1845373 0.1962636 0.2831300 0.3493621 0.3294123 0.2674345 0.1972459 0.2030899 0.2293656 0.2349944 0.2201628 0.2148137 0.1820586 0.1338069 0.8553924E-01 -9999.000 -9999.000 -9999.000 -9999.000 -9999.000 -9999.000 -9999.000 -9999.000 -9999.000 -9999.000 -9999.000 -9999.000 -9999.000 -9999.000 -9999.000 -9999.000
-9999.000 -9999.000 -9999.000 -9999.000 -9999.000 -9999.000 -9999.000 -9999.000 -9999.000 -9999.000 -9999.000 0.1321702 0.1602819 0.1586748 0.1791430 0.1585886 0.1034565 0.6059985E-01 0.3028939E-01 0.1854174E-01 0.2041535E-01 0.3310326E-01 0.5155773E-01 0.8987579E-01 0.1325775 0.1424333 0.1676338 0.1678792 0.2062745 0.2381331 0.2207490 0.2544720 0.3031370 0.2929656 0.2633514 0.2320254 0.2280367 0.2312124 0.2020657 0.1961562 0.2083050 0.1961849 0.1754219 0.1401683 0.1051998 0.7396012E-01 -9999.000 -9999.000 -9999.000 -9999.000 -9999.000 -9999.000 -9999.000 -9999.000 -9999.000 -9999.000 -9999.000 -9999.000 -9999.000 -9999.000
-9999.000 -9999.000 -9999.000 -9999.000 -9999.000 -9999.000 -9999.000 -9999.000 -9999.000 -9999.000 -9999.000 0.8207616E-01 0.1265014 0.1599452 0.1830260 0.1798903 0.1547070 0.1159163 0.6438193E-01 0.4068686E-01 0.1984964E-01 0.1758850E-01 0.2768899E-01 0.5733097E-01 0.7713370E-01 0.9082210E-01 0.1715613 0.2101343 0.2521313 0.2789330 0.2693866 0.2564836 0.2470212 0.2282106 0.2422775 0.2504383 0.2473960 0.1921334 0.1778271 0.2116043 0.2274682 0.2202399 0.2359380 0.2215600 0.1851976 0.1073024 0.3001540E-01 -9999.000 -9999.000 -9999.000 -9999.000 -9999.000 -9999.000 -9999.000 -9999.000 -9999.000 -9999.000 -9999.000 -9999.000 -9999.000
-9999.000 -9999.000 -9999.000 -9999.000 -9999.000 -9999.000 -9999.000 -9999.000 -9999.000 -9999.000 -9999.000 -9999.000 0.7209991E-01 0.1290046 0.1665743 0.1806825 0.1836458 0.1623505 0.1103444 0.7482596E-01 0.3442231E-01 0.1357009E-01 0.1656715E-01 0.2675699E-01 0.4521863E-01 0.8602824E-01 0.1610219 0.2132104 0.2525285 0.2797119 0.2680774 0.2675577 0.2819492 0.2643204 0.2600304 0.2934260 0.2543758 0.2165771 0.2459552 0.2736622 0.2714874 0.2627919 0.2822829 0.2657223 0.2272770 0.1366765 0.3629344E-01 -9999.000 -9999.000 -9999.000 -9999.000 -9999.000 -9999.000 -9999.000 -9999.000 -9999.000 -9999.000 -9999.000 -9999.000 -9999.000
-9999.000 -9999.000 -9999.000 -9999.000 -9999.000 -9999.000 -9999.000 -9999.000 -9999.000 -9999.000 -9999.000 -9999.000 -9999.000 0.8266554E-01 0.1297825 0.1663710 0.1982062 0.1915883 0.1532374 0.1227979 0.8108942E-01 0.3667759E-01 0.2486599E-01 0.3166891E-01 0.3841643E-01 0.6354688E-01 0.1098025 0.1692578 0.2188239 0.2527217 0.2473572 0.2618294 0.2921468 0.2564498 0.2659582 0.2994537 0.2480198 0.2545400 0.3149278 0.3379552 0.3069618 0.3018752 0.3184139 0.2676962 0.2172328 0.1234199 0.3172128E-01 -9999.000 -9999.000 -9999.000 -9999.000 -9999.000 -9999.000 -9999.000 -9999.000 -9999.000 -9999.000 -9999.000 -9999.000 -9999.000
-9999.000 -9999.000 -9999.000 -9999.000 -9999.000 -9999.000 -9999.000 -9999.000 -9999.000 -9999.000 -9999.000 -9999.000 -9999.000 0.4880138E-01 0.9428157E-01 0.1515931 0.1756262 0.1806692 0.1813980 0.1645830 0.1328906 0.8307359E-01 0.5285547E-01 0.3394727E-01 0.2889333E-01 0.3811520E-01 0.6618861E-01 0.1302863 0.2004206 0.2428097 0.2241544 0.2275360 0.2242955 0.2171447 0.2843844 0.3087677 0.2603082 0.2824669 0.3570116 0.3716649 0.3391358 0.3050996 0.2524457 0.1914430 0.1609290 0.1118154 0.7119118E-01 0.4939081E-01 -9999.000 -9999.000 -9999.000 -9999.000 -9999.000 -9999.000 -9999.000 -9999.000 -9999.000 -9999.000 -9999.000 -9999.000
-9999.000 -9999.000 -9999.000 -9999.000 -9999.000 -9999.000 -9999.000 -9999.000 -9999.000 -9999.000 -9999.000 -9999.000 -9999.000 -9999.000 0.8156320E-01 0.1021163 0.8131895E-01 0.1037925 0.1455352 0.1674528 0.1679760 0.1214680 0.7858608E-01 0.3205950E-01 -9999.000 -9999.000 0.3411859E-01 0.9601894E-01 0.1755122 0.2156898 0.1656689 0.1867827 0.2145260 0.2292908 0.2972805 0.3226514 0.2959404 0.3132322 0.3487085 0.3593320 0.3121899 0.2209679 0.1858389 0.1517549 0.1648710 0.1796081 0.1571682 0.1170000 0.8770993E-01 -9999.000 -9999.000 -9999.000 -9999.000 -9999.000 -9999.000 -9999.000 -9999.000 -9999.000 -9999.000 -9999.000
-9999.000 -9999.000 -9999.000 -9999.000 -9999.000 -9999.000 -9999.000 -9999.000 -9999.000 -9999.000 -9999.000 -9999.000 -9999.000 -9999.000 0.7311847E-01 -9999.000 -9999.000 0.2464819E-01 0.7221033E-01 0.1354491 0.1773530 0.1496618 0.1115987 0.5748861E-01 0.2863837E-01 0.2495523E-01 -9999.000 0.7084714E-01 0.1431342 0.1607482 0.1252564 0.1741160 0.2273953 0.2498822 0.2871623 0.3174411 0.3134893 0.3079267 0.3185814 0.3134254 0.2632581 0.2520548 0.2271875 0.2216050 0.2475856 0.2508531 0.2407262 0.2332802 0.1608514 0.6826355E-01 -9999.000 -9999.000 -9999.000 -9999.000 -9999.000 -9999.000 -9999.000 -9999.000 -9999.000 -9999.000
-9999.000 -9999.000 -9999.000 -9999.000 -9999.000 -9999.000 -9999.000 -9999.000 -9999.000 -9999.000 -9999.000 -9999.000 -9999.000 -9999.000 -9999.000 -9999.000 -9999.000 0.4714570E-01 0.5770494E-01 0.9484503E-01 0.1432842 0.1453226 0.1206629 0.7342380E-01 0.3959158E-01 0.2009456E-01 0.2289103E-01 0.4680725E-01 0.9111077E-01 0.1277774 0.1203312 0.1544579 0.2127979 0.2398509 0.2677400 0.2869506 0.2966783 0.2895059 0.3008728 0.3124001 0.3137254 0.3200927 0.2952065 0.2838854 0.2792242 0.2804154 0.2644837 0.2531208 0.1838640 0.9565991E-01 -9999.000 -9999.000 -9999.000 -9999.000 -9999.000 -9999.000 -9999.000 -9999.000 -9999.000 -9999.000
-9999.000 -9999.000 -9999.000 -9999.000 -9999.000 -9999.000 -9999.000 -9999.000 -9999.000 -9999.000 -9999.000 -9999.000 -9999.000 -9999.000 -9999.000 -9999.000 0.4066010E-01 0.8388821E-01 0.9203389E-01 0.9360715E-01 0.1228438 0.1339181 0.1214982 0.9205862E-01 0.5690405E-01 0.2678593E-01 -9999.000 -9999.000 -9999.000 -9999.000 0.9746695E-01 0.1245607 0.1657469 0.1940204 0.2325333 0.2781437 0.2804698 0.2738262 0.3043283 0.3565461 0.3748495 0.3693703 0.3173162 0.2859707 0.3008400 0.3044132 0.2801137 0.2235629 0.1532356 0.1085161 -9999.000 -9999.000 -9999.000 -9999.000 -9999.000 -9999.000 -9999.000 -9999.000 -9999.000 -9999.000
-9999.000 -9999.000 -9999.000 -9999.000 -9999.000 -9999.000 -9999.000 -9999.000 -9999.000 -9999.000 -9999.000 -9999.000 -9999.000 -9999.000 -9999.000 -9999.000 -9999.000 0.8273265E-01 0.7845676E-01 0.8586160E-01 0.9457316E-01 0.1248791 0.1404043 0.1142308 0.8624516E-01 0.5344282E-01 0.2232987E-01 -9999.000 -9999.000 -9999.000 -9999.000 0.9401695E-01 0.1090142 0.1239996 0.1769249 0.2385391 0.2385373 0.2390844 0.3012647 0.3684553 0.3953251 0.3682002 0.3105185 0.2849851 0.2927810 0.2644501 0.2196598 0.1657714 0.1294310 0.1136932 -9999.000 -9999.000 -9999.000 -9999.000 -9999.000 -9999.000 -9999.000 -9999.000 -9999.000 -9999.000
-9999.000 -9999.000 -9999.000 -9999.000 -9999.000 -9999.000 -9999.000 -9999.000 -9999.000 -9999.000 -9999.000 -9999.000 -9999.000 -9999.000 -9999.000 -9999.000 -9999.000 -9999.000 0.9541762E-01 0.6018199E-01 0.4324731E-01 0.8082906E-01 0.1134467 0.1151287 0.1046710 0.8152974E-01 0.4178559E-01 0.1722792E-01 -9999.000 -9999.000 -9999.000 0.5493230E-01 0.6452362E-01 0.7566760E-01 0.1189448 0.1708713 0.1858108 0.2296769 0.3039937 0.3469549 0.3506527 0.3261842 0.2917523 0.2592139 0.2469793 0.1868291 0.1420929 0.1220300 0.1321539 0.1326693 0.8560810E-01 -9999.000 -9999.000 -9999.000 -9999.000 -9999.000 -9999.000 -9999.000 -9999.000 -9999.000
-9999.000 -9999.000 -9999.000 -9999.000 -9999.000 -9999.000 -9999.000 -9999.000 -9999.000 -9999.000 -9999.000 -9999.000 -9999.000 -9999.000 -9999.000 -9999.000 -9999.000 -9999.000 0.8863319E-01 0.4213445E-01 0.3004633E-01 0.6086226E-01 0.8468002E-01 0.8554300E-01 0.1067029 0.9335220E-01 -9999.000 -9999.000 -9999.000 -9999.000 -9999.000 -9999.000 0.3792305E-01 0.6973696E-01 0.1226010 0.1628796 0.1942515 0.2324500 0.2551984 0.2878451 0.2839786 0.2754950 0.2624092 0.2650199 0.2374142 0.2237472 0.1992010 0.1468733 0.1501817 0.1708518 0.1339288 0.4449152E-01 -9999.000 -9999.000 -9999.000 -9999.000 -9999.000 -9999.000 -9999.000 -9999.000
-9999.000 -9999.000 -9999.000 -9999.000 -9999.000 -9999.000 -9999.000 -9999.000 -9999.000 -9999.000 -9999.000 -9999.000 -9999.000 -9999.000 -9999.000 -9999.000 -9999.000 0.1077286 0.6752004E-01 0.3566028E-01 0.6294338E-01 0.1091915 0.1195980 0.8548939E-01 0.9774084E-01 0.8529251E-01 0.5710655E-01 -9999.000 -9999.000 -9999.000 -9999.000 -9999.000 -9999.000 0.6687567E-01 0.1374393 0.1883000 0.2070020 0.1896314 0.1822246 0.2108003 0.2511962 0.2262521 0.2324326 0.2727578 0.2591289 0.2655980 0.2432472 0.1918878 0.1787528 0.2047255 0.1782883 0.6213806E-01 0.2037841E-01 -9999.000 -9999.000 -9999.000 -9999.000 -9999.000 -9999.000 -9999.000
-9999.000 -9999.000 -9999.000 -9999.000 -9999.000 -9999.000 -9999.000 -9999.000 -9999.000 -9999.000 -9999.000 -9999.000 -9999.000 -9999.000 -9999.000 -9999.000 -9999.000 0.1136439 0.1039176 0.6935100E-01 0.1302627 0.1749332 0.1627490 0.1167785 0.1055878 0.7767201E-01 -9999.000 -9999.000 -9999.000 -9999.000 -9999.000 -9999.000 -9999.000 0.5494325E-01 0.1080564 0.1407285 0.1579816 0.1699760 0.1850193 0.2103855 0.2130892 0.1782901 0.1750052 0.2507926 0.2776439 0.2654049 0.2392193 0.2078142 0.1984471 0.2070092 0.1914701 0.1035606 0.4601518E-01 -9999.000 -9999.000 -9999.000 -9999.000 -9999.000 -9999.000 -9999.000
-9999.000 -9999.000 -9999.000 -9999.000 -9999.000 -9999.000 -9999.000 -9999.000 -9999.000 -9999.000 -9999.000 -9999.000 -9999.000 -9999.000 -9999.000 -9999.000 -9999.000 0.6021051E-01 0.8425036E-01 0.9256929E-01 0.1373228 0.1582172 0.1468670 0.1558164 0.1469431 0.9357018E-01 -9999.000 -9999.000 -9999.000 -9999.000 -9999.000 -9999.000 -9999.000 -9999.000 0.6057405E-01 0.6334322E-01 0.1014897 0.1537850 0.2114079 0.2195795 0.2057371 0.1875253 0.1767578 0.2268508 0.2613327 0.2619442 0.2504240 0.2152712 0.2157106 0.2261577 0.1822643 0.1190879 0.9001927E-01 0.3382750E-01 -9999.000 -9999.000 -9999.000 -9999.000 -9999.000 -9999.000
-9999.000 -9999.000 -9999.000 -9999.000 -9999.000 -9999.000 -9999.000 -9999.000 -9999.000 -9999.000 -9999.000 -9999.000 -9999.000 -9999.000 -9999.000 -9999.000 -9999.000 -9999.000 0.5349661E-01 0.7215511E-01 0.1019906 0.1064874 0.1080649 0.1489771 0.1726989 0.1265801 0.5874479E-01 -9999.000 -9999.000 -9999.000 -9999.000 -9999.000 -9999.000 -9999.000 0.6150535E-01 0.6877717E-01 0.9530146E-01 0.1397166 0.1725674 0.1804592 0.2057852 0.2340359 0.2339002 0.2372999 0.2266704 0.2531209 0.2424582 0.2178544 0.2435708 0.2641885 0.2172502 0.1821919 0.1583364 0.8979403E-01 -9999.000 -9999.000 -9999.000 -9999.000 -9999.000 -9999.000
-9999.000 -9999.000 -9999.000 -9999.000 -9999.000 -9999.000 -9999.000 -9999.000 -9999.000 -9999.000 -9999.000 -9999.000 -9999.000 -9999.000 -9999.000 -9999.000 -9999.000 -9999.000 0.6359717E-01 0.4976903E-01 0.5614448E-01 0.7772235E-01 0.9417037E-01 0.1320333 0.1664170 0.1376219 0.8593123E-01 0.3890611E-01 -9999.000 -9999.000 -9999.000 -9999.000 -9999.000 -9999.000 0.6686900E-01 0.7657806E-01 0.1088155 0.1406075 0.1594947 0.1623295 0.1757044 0.2121765 0.2235602 0.2063526 0.1940381 0.1875567 0.1769323 0.1927302 0.2602858 0.3004158 0.2696993 0.2392139 0.2025541 0.1700624 0.1453703 -9999.000 -9999.000 -9999.000 -9999.000 -9999.000
-9999.000 -9999.000 -9999.000 -9999.000 -9999.000 -9999.000 -9999.000 -9999.000 -9999.000 -9999.000 -9999.000 -9999.000 -9999.000 -9999.000 -9999.000 -9999.000 -9999.000 -9999.000 0.5066273E-01 -9999.000 -9999.000 0.9724956E-01 0.1383297 0.1663250 0.1495750 0.1116532 0.8580844E-01 0.5217184E-01 0.2509327E-01 -9999.000 -9999.000 -9999.000 -9999.000 -9999.000 -9999.000 0.4272412E-01 0.7431988E-01 0.1211073 0.1619991 0.1667557 0.1767380 0.2004441 0.2175698 0.1680111 0.1076366 0.8496143E-01 0.1029893 0.1805733 0.2705602 0.3201007 0.2724476 0.2419173 0.2114690 0.1911800 0.1446569 0.7105078E-01 -9999.000 -9999.000 -9999.000 -9999.000
-9999.000 -9999.000 -9999.000 -9999.000 -9999.000 -9999.000 -9999.000 -9999.000 -9999.000 -9999.000 -9999.000 -9999.000 -9999.000 -9999.000 -9999.000 -9999.000 -9999.000 -9999.000 -9999.000 -9999.000 -9999.000 0.1133743 0.1872945 0.2025303 0.1588434 0.1215435 0.9203602E-01 0.6937296E-01 0.3617353E-01 -9999.000 -9999.000 -9999.000 -9999.000 -9999.000 -9999.000 0.1700406E-01 0.6182143E-01 0.1152277 0.1565560 0.1758394 0.2122533 0.2199524 0.2240498 0.1797481 0.1346591 0.1361882 0.1589071 0.2188398 0.2607576 0.2493201 0.2243633 0.2421585 0.2326632 0.1800112 0.1459436 0.9813503E-01 0.3700813E-01 -9999.000 -9999.000 -9999.000
-9999.000 -9999.000 -9999.000 -9999.000 -9999.000 -9999.000 -9999.000 -9999.000 -9999.000 -9999.000 -9999.000 -9999.000 -9999.000 -9999.000 -9999.000 -9999.000 -9999.000 -9999.000 -9999.000 -9999.000 0.3967411E-01 0.1166473 0.1992863 0.1911739 0.1554288 0.1172842 0.9286028E-01 0.7467512E-01 0.4286130E-01 -9999.000 -9999.000 -9999.000 -9999.000 -9999.000 -9999.000 -9999.000 0.5111069E-01 0.1111083 0.1625211 0.2066555 0.2623650 0.2803975 0.2465037 0.2073745 0.2179949 0.3012836 0.3502449 0.3305656 0.2846930 0.2277929 0.2427901 0.2962334 0.2845359 0.2028017 0.1737971 0.1593067 0.8167750E-01 -9999.000 -9999.000 -9999.000
