simulation_files/asc/Depth____80.0.asc
NCOLS       216
NROWS       273
XLLCENTER        494.688995
YLLCENTER        787.867981
CELLSIZE           0.500
NODATA_VALUE     -9999.0
[rows 182 to 207 of 273, columns 120 to 179 of 216]
-9999.000 -9999.000 -9999.000 -9999.000 -9999.000 -9999.000 -9999.000 -9999.000 -9999.000 -9999.000 0.5615977E-01 0.1099392 0.1180149 0.8730137E-01 0.3757936E-01 -9999.000 -9999.000 0.1868385E-01 0.4270600E-01 0.5647353E-01 0.4699773E-01 0.9291721E-01 0.1928417 0.2114605 0.2102646 0.2444337 0.2473408 0.2234989 0.2452403 0.2828600 0.3089079 0.3321812 0.3075200 0.2687529 0.2467857 0.2537910 0.2582003 0.2639663 0.2362665 0.1819197 0.1285007 -9999.000 -9999.000 -9999.000 -9999.000 -9999.000 -9999.000 -9999.000 -9999.000 -9999.000 -9999.000 -9999.000 -9999.000 -9999.000 -9999.000 -9999.000 -9999.000 -9999.000 -9999.000 -9999.000
-9999.000 -9999.000 -9999.000 -9999.000 -9999.000 -9999.000 -9999.000 -9999.000 -9999.000 -9999.000 0.5696843E-01 0.1149288 0.1350655 0.1081570 0.5831932E-01 0.2056378E-01 0.1571284E-01 0.2315746E-01 0.4228057E-01 0.4530631E-01 0.3307028E-01 0.7688574E-01 0.1594875 0.1837129 0.2037396 0.2651484 0.2831938 0.2384146 0.2488188 0.3156811 0.3403989 0.3494434 0.3376666 0.2897548 0.2710023 0.2682970 0.2763189 0.2806116 0.2647791 0.2421094 0.1719441 0.8057408E-01 -9999.000 -9999.000 -9999.000 -9999.000 -9999.000 -9999.000 -9999.000 -9999.000 -9999.000 -9999.000 -9999.000 -9999.000 -9999.000 -9999.000 -9999.000 -9999.000 -9999.000 -9999.000
-9999.000 -9999.000 -9999.000 -9999.000 -9999.000 -9999.000 -9999.000 -9999.000 -9999.000 -9999.000 -9999.000 0.1274181 0.1522442 0.1422268 0.1031359 0.4810711E-01 0.2649584E-01 0.3401357E-01 0.4028490E-01 0.3569680E-01 0.3307907E-01 0.6825572E-01 0.1036717 0.1110037 0.1437379 0.2210984 0.2711320 0.2593569 0.2790700 0.3247643 0.3060917 0.2935568 0.2961901 0.2871972 0.2476474 0.2483620 0.2511480 0.2660210 0.2714387 0.2570033 0.2066787 0.1124443 0.4903145E-01 -9999.000 -9999.000 -9999.000 -9999.000 -9999.000 -9999.000 -9999.000 -9999.000 -9999.000 -9999.000 -9999.000 -9999.000 -9999.000 -9999.000 -9999.000 -9999.000 -9999.000
-9999.000 -9999.000 -9999.000 -9999.000 -9999.000 -9999.000 -9999.000 -9999.000 -9999.000 -9999.000 -9999.000 0.1123478 0.1521004 0.1587077 0.1415881 0.8192315E-01 0.3581191E-01 0.3941682E-01 0.4137939E-01 0.4774636E-01 0.6175327E-01 0.7750995E-01 0.7263423E-01 0.6579152E-01 0.9927706E-01 0.1583174 0.2116077 0.2361215 0.3037375 0.2868892 0.2211956 0.2276096 0.2465955 0.1900524 0.1527642 0.1347964 0.1614957 0.1863782 0.2140704 0.2249810 0.2003948 0.1346398 0.9617817E-01 -9999.000 -9999.000 -9999.000 -9999.000 -9999.000 -9999.000 -9999.000 -9999.000 -9999.000 -9999.000 -9999.000 -9999.000 -9999.000 -9999.000 -9999.000 -9999.000 -9999.000
-9999.000 -9999.000 -9999.000 -9999.000 -9999.000 -9999.000 -9999.000 -9999.000 -9999.000 -9999.000 -9999.000 0.8233172E-01 0.1385130 0.1572882 0.1499397 0.1022197 0.5563375E-01 0.3061330E-01 0.3068231E-01 0.4173030E-01 0.6387330E-01 0.7016042E-01 0.5645964E-01 0.7737123E-01 0.1262460 0.1675037 0.2012479 0.2304427 0.2440936 0.1961878 0.1712537 0.2605532 0.2891818 0.2342903 0.1560092 0.1359098 0.1528039 0.1614904 0.1801366 0.2007241 0.1946553 0.1628467 0.1234293 0.7452815E-01 -9999.000 -9999.000 -9999.000 -9999.000 -9999.000 -9999.000 -9999.000 -9999.000 -9999.000 -9999.000 -9999.000 -9999.000 -9999.000 -9999.000 -9999.000 -9999.000
-9999.000 -9999.000 -9999.000 -9999.000 -9999.000 -9999.000 -9999.000 -9999.000 -9999.000 -9999.000 -9999.000 0.7789727E-01 0.1187603 0.1228571 0.1397755 0.1237418 0.5749184E-01 0.1950510E-01 0.1454328E-01 0.1934114E-01 0.3124897E-01 0.4557696E-01 0.6620429E-01 0.9770754E-01 0.1684340 0.1949387 0.1927832 0.1768129 0.1785537 0.1658113 0.1753861 0.2651632 0.3307977 0.3109154 0.2496694 0.1820311 0.1869862 0.2115999 0.2191601 0.2054426 0.1978065 0.1642930 0.1142245 0.6654803E-01 -9999.000 -9999.000 -9999.000 -9999.000 -9999.000 -9999.000 -9999.000 -9999.000 -9999.000 -9999.000 -9999.000 -9999.000 -9999.000 -9999.000 -9999.000 -9999.000
-9999.000 -9999.000 -9999.000 -9999.000 -9999.000 -9999.000 -9999.000 -9999.000 -9999.000 -9999.000 0.2040946E-01 0.7175772E-01 0.1045850 0.1108476 0.1408930 0.1301859 0.7531787E-01 0.3255145E-01 0.1702578E-01 -9999.000 0.1441519E-01 0.2857156E-01 0.4736878E-01 0.7538729E-01 0.1208432 0.1345222 0.1575439 0.1551891 0.1877472 0.2185919 0.2018879 0.2364622 0.2862499 0.2800348 0.2505936 0.2180700 0.2119515 0.2183141 0.1926895 0.1820110 0.1909763 0.1784917 0.1565194 0.1227727 0.8730198E-01 0.5581122E-01 -9999.000 -9999.000 -9999.000 -9999.000 -9999.000 -9999.000 -9999.000 -9999.000 -9999.000 -9999.000 -9999.000 -9999.000 -9999.000 -9999.000
-9999.000 -9999.000 -9999.000 -9999.000 -9999.000 -9999.000 -9999.000 -9999.000 -9999.000 -9999.000 -9999.000 0.4736958E-01 0.7885484E-01 0.1206996 0.1477031 0.1500797 0.1220757 0.7821369E-01 0.3998590E-01 -9999.000 0.1131296E-01 -9999.000 0.2613222E-01 0.4863985E-01 0.6985631E-01 0.8257443E-01 0.1570522 0.1928009 0.2329312 0.2592497 0.2508091 0.2393789 0.2323212 0.2162334 0.2304579 0.2363533 0.2333185 0.1790924 0.1601651 0.1920330 0.2066659 0.1992170 0.2145524 0.2014582 0.1663478 0.1037219 -9999.000 -9999.000 -9999.000 -9999.000 -9999.000 -9999.000 -9999.000 -9999.000 -9999.000 -9999.000 -9999.000 -9999.000 -9999.000 -9999.000
-9999.000 -9999.000 -9999.000 -9999.000 -9999.000 -9999.000 -9999.000 -9999.000 -9999.000 -9999.000 -9999.000 -9999.000 0.4839835E-01 0.9305677E-01 0.1309112 0.1463966 0.1486259 0.1203468 0.7692690E-01 0.4182149E-01 0.1807854E-01 -9999.000 -9999.000 0.2595066E-01 0.3840471E-01 0.7410908E-01 0.1451993 0.1965134 0.2346811 0.2613895 0.2498754 0.2485076 0.2638175 0.2487940 0.2452718 0.2760601 0.2355251 0.1977867 0.2255068 0.2509759 0.2475452 0.2382759 0.2578404 0.2439987 0.2094015 0.1308819 0.3476706E-01 -9999.000 -9999.000 -9999.000 -9999.000 -9999.000 -9999.000 -9999.000 -9999.000 -9999.000 -9999.000 -9999.000 -9999.000 -9999.000
-9999.000 -9999.000 -9999.000 -9999.000 -9999.000 -9999.000 -9999.000 -9999.000 -9999.000 -9999.000 -9999.000 -9999.000 -9999.000 0.5573977E-01 0.9648269E-01 0.1313183 0.1661838 0.1495313 0.1172637 0.9066292E-01 0.5225077E-01 0.2292707E-01 0.1953199E-01 0.2818121E-01 0.3324880E-01 0.5384731E-01 0.9655927E-01 0.1543797 0.2026076 0.2350166 0.2288734 0.2422532 0.2799438 0.2420335 0.2476617 0.2785731 0.2268579 0.2335334 0.2922967 0.3131207 0.2811501 0.2753772 0.2918401 0.2485002 0.2009666 0.1107835 0.2462921E-01 -9999.000 -9999.000 -9999.000 -9999.000 -9999.000 -9999.000 -9999.000 -9999.000 -9999.000 -9999.000 -9999.000 -9999.000 -9999.000
-9999.000 -9999.000 -9999.000 -9999.000 -9999.000 -9999.000 -9999.000 -9999.000 -9999.000 -9999.000 -9999.000 -9999.000 -9999.000 0.2244702E-01 0.6503440E-01 0.1182766 0.1394145 0.1369917 0.1409781 0.1331219 0.9450917E-01 0.5287401E-01 0.3033529E-01 0.2458538E-01 0.2552923E-01 0.3505559E-01 0.6191131E-01 0.1160787 0.1842134 0.2262194 0.2102833 0.2147459 0.2206568 0.1959133 0.2644063 0.2872700 0.2383440 0.2599925 0.3332117 0.3465735 0.3138358 0.2821472 0.2364171 0.1794205 0.1462709 0.9461687E-01 0.5570168E-01 -9999.000 -9999.000 -9999.000 -9999.000 -9999.000 -9999.000 -9999.000 -9999.000 -9999.000 -9999.000 -9999.000 -9999.000 -9999.000
-9999.000 -9999.000 -9999.000 -9999.000 -9999.000 -9999.000 -9999.000 -9999.000 -9999.000 -9999.000 -9999.000 -9999.000 -9999.000 -9999.000 0.5953785E-01 0.7497880E-01 -9999.000 0.8311312E-01 0.1103297 0.1396662 0.1352213 0.8706762E-01 0.5105983E-01 -9999.000 -9999.000 -9999.000 -9999.000 0.8574096E-01 0.1585535 0.1990299 0.1574920 0.1737463 0.2014640 0.2021656 0.2758260 0.3008915 0.2734295 0.2896987 0.3249917 0.3365871 0.2930023 0.2072470 0.1740711 0.1386639 0.1462549 0.1590053 0.1356044 0.1083042 0.7048209E-01 -9999.000 -9999.000 -9999.000 -9999.000 -9999.000 -9999.000 -9999.000 -9999.000 -9999.000 -9999.000 -9999.000
-9999.000 -9999.000 -9999.000 -9999.000 -9999.000 -9999.000 -9999.000 -9999.000 -9999.000 -9999.000 -9999.000 -9999.000 -9999.000 -9999.000 0.4100968E-01 -9999.000 -9999.000 0.1729261E-01 0.5217446E-01 0.1088816 0.1450940 0.1175846 0.8032592E-01 0.3964239E-01 0.1658752E-01 0.1683571E-01 -9999.000 0.5566506E-01 0.1261665 0.1492722 0.1164058 0.1577808 0.2056917 0.2242220 0.2653253 0.2961486 0.2905635 0.2837352 0.2959219 0.2932584 0.2472483 0.2351751 0.2080480 0.1983632 0.2232819 0.2270475 0.2173772 0.2110082 0.1387946 0.4647206E-01 -9999.000 -9999.000 -9999.000 -9999.000 -9999.000 -9999.000 -9999.000 -9999.000 -9999.000 -9999.000
-9999.000 -9999.000 -9999.000 -9999.000 -9999.000 -9999.000 -9999.000 -9999.000 -9999.000 -9999.000 -9999.000 -9999.000 -9999.000 -9999.000 -9999.000 -9999.000 -9999.000 0.4309864E-01 0.4508577E-01 0.7575041E-01 0.1178904 0.1189180 0.9376966E-01 0.5250471E-01 0.2650510E-01 -9999.000 0.1603473E-01 0.3652916E-01 0.8851604E-01 0.1150672 0.1062287 0.1350217 0.1895862 0.2179203 0.2478723 0.2678769 0.2714209 0.2634037 0.2775794 0.2913209 0.2923569 0.2965524 0.2690526 0.2554515 0.2541573 0.2556196 0.2403282 0.2304613 0.1602736 0.7001271E-01 -9999.000 -9999.000 -9999.000 -9999.000 -9999.000 -9999.000 -9999.000 -9999.000 -9999.000 -9999.000
-9999.000 -9999.000 -9999.000 -9999.000 -9999.000 -9999.000 -9999.000 -9999.000 -9999.000 -9999.000 -9999.000 -9999.000 -9999.000 -9999.000 -9999.000 -9999.000 -9999.000 0.8037919E-01 0.7917246E-01 0.8042645E-01 0.1053789 0.1131961 0.1026013 0.7460914E-01 0.4440762E-01 -9999.000 -9999.000 -9999.000 -9999.000 -9999.000 0.8196866E-01 0.1062607 0.1457238 0.1779733 0.2151232 0.2517249 0.2491252 0.2462686 0.2813858 0.3338162 0.3512200 0.3443176 0.2900318 0.2590986 0.2757791 0.2803399 0.2601953 0.2049036 0.1337452 0.9065991E-01 -9999.000 -9999.000 -9999.000 -9999.000 -9999.000 -9999.000 -9999.000 -9999.000 -9999.000 -9999.000
-9999.000 -9999.000 -9999.000 -9999.000 -9999.000 -9999.000 -9999.000 -9999.000 -9999.000 -9999.000 -9999.000 -9999.000 -9999.000 -9999.000 -9999.000 -9999.000 -9999.000 0.8126258E-01 0.6863154E-01 0.7794847E-01 0.9134729E-01 0.1123095 0.1265510 0.9740380E-01 0.7100586E-01 0.5306836E-01 -9999.000 -9999.000 -9999.000 -9999.000 -9999.000 0.7863236E-01 0.9292987E-01 0.1041189 0.1503138 0.2055026 0.2068928 0.2178466 0.2794895 0.3447785 0.3713754 0.3435210 0.2853033 0.2601564 0.2762864 0.2550072 0.2106377 0.1562744 0.1168162 0.9997790E-01 -9999.000 -9999.000 -9999.000 -9999.000 -9999.000 -9999.000 -9999.000 -9999.000 -9999.000 -9999.000
-9999.000 -9999.000 -9999.000 -9999.000 -9999.000 -9999.000 -9999.000 -9999.000 -9999.000 -9999.000 -9999.000 -9999.000 -9999.000 -9999.000 -9999.000 -9999.000 -9999.000 -9999.000 0.7635520E-01 0.5194398E-01 0.4352273E-01 0.7664374E-01 0.1058131 0.1064146 0.9222556E-01 0.6909490E-01 0.4127416E-01 -9999.000 -9999.000 -9999.000 -9999.000 0.4213028E-01 0.5185297E-01 0.5973516E-01 0.9562478E-01 0.1430174 0.1605625 0.2081204 0.2803801 0.3231812 0.3277753 0.3034588 0.2722660 0.2441960 0.2376062 0.1793476 0.1313151 0.1118015 0.1244085 0.1299991 0.8948974E-01 -9999.000 -9999.000 -9999.000 -9999.000 -9999.000 -9999.000 -9999.000 -9999.000 -9999.000
-9999.000 -9999.000 -9999.000 -9999.000 -9999.000 -9999.000 -9999.000 -9999.000 -9999.000 -9999.000 -9999.000 -9999.000 -9999.000 -9999.000 -9999.000 -9999.000 -9999.000 -9999.000 0.7108038E-01 0.3351713E-01 0.2172935E-01 0.4861495E-01 0.7568801E-01 0.8089879E-01 0.1009365 0.8398397E-01 -9999.000 -9999.000 -9999.000 -9999.000 -9999.000 -9999.000 0.2673588E-01 0.5950658E-01 0.1040179 0.1411663 0.1715532 0.2097747 0.2333995 0.2651165 0.2619842 0.2549726 0.2452298 0.2505295 0.2234927 0.2042553 0.1779144 0.1293220 0.1349990 0.1586627 0.1382275 -9999.000 -9999.000 -9999.000 -9999.000 -9999.000 -9999.000 -9999.000 -9999.000 -9999.000
-9999.000 -9999.000 -9999.000 -9999.000 -9999.000 -9999.000 -9999.000 -9999.000 -9999.000 -9999.000 -9999.000 -9999.000 -9999.000 -9999.000 -9999.000 -9999.000 -9999.000 0.1010761 0.6224072E-01 0.3042694E-01 0.4867976E-01 0.9329321E-01 0.1060463 0.7652050E-01 0.9195846E-01 0.8126873E-01 0.5548087E-01 -9999.000 -9999.000 -9999.000 -9999.000 -9999.000 -9999.000 0.6703414E-01 0.1139867 0.1627646 0.1871430 0.1731607 0.1663579 0.1935893 0.2322785 0.2058595 0.2133266 0.2541097 0.2396679 0.2441671 0.2209937 0.1724002 0.1585482 0.1838005 0.1672399 0.5393232E-01 0.1389890E-01 -9999.000 -9999.000 -9999.000 -9999.000 -9999.000 -9999.000 -9999.000
-9999.000 -9999.000 -9999.000 -9999.000 -9999.000 -9999.000 -9999.000 -9999.000 -9999.000 -9999.000 -9999.000 -9999.000 -9999.000 -9999.000 -9999.000 -9999.000 -9999.000 0.9836302E-01 0.8131618E-01 0.5811499E-01 0.1137833 0.1599562 0.1519651 0.1071699 0.9258284E-01 0.6697657E-01 -9999.000 -9999.000 -9999.000 -9999.000 -9999.000 -9999.000 -9999.000 -9999.000 0.8767476E-01 0.1243837 0.1468331 0.1565543 0.1699916 0.1957699 0.1965474 0.1601684 0.1562801 0.2316196 0.2572115 0.2437781 0.2181972 0.1890155 0.1810368 0.1888683 0.1738710 0.8738331E-01 0.3609615E-01 -9999.000 -9999.000 -9999.000 -9999.000 -9999.000 -9999.000 -9999.000
-9999.000 -9999.000 -9999.000 -9999.000 -9999.000 -9999.000 -9999.000 -9999.000 -9999.000 -9999.000 -9999.000 -9999.000 -9999.000 -9999.000 -9999.000 -9999.000 -9999.000 -9999.000 0.6762918E-01 0.7820588E-01 0.1261019 0.1524751 0.1428282 0.1437271 0.1293400 0.7485045E-01 -9999.000 -9999.000 -9999.000 -9999.000 -9999.000 -9999.000 -9999.000 -9999.000 0.4694704E-01 0.5127230E-01 0.8988564E-01 0.1395415 0.1973392 0.2056114 0.1892346 0.1708459 0.1592952 0.2087668 0.2406045 0.2412280 0.2292584 0.1972434 0.1991872 0.2091435 0.1689065 0.1032899 0.7476027E-01 0.3023618E-01 -9999.000 -9999.000 -9999.000 -9999.000 -9999.000 -9999.000
-9999.000 -9999.000 -9999.000 -9999.000 -9999.000 -9999.000 -9999.000 -9999.000 -9999.000 -9999.000 -9999.000 -9999.000 -9999.000 -9999.000 -9999.000 -9999.000 -9999.000 -9999.000 0.5602977E-01 0.6314525E-01 0.9806146E-01 0.1074606 0.1017212 0.1325958 0.1527534 0.1031290 0.3987521E-01 -9999.000 -9999.000 -9999.000 -9999.000 -9999.000 -9999.000 -9999.000 0.4300554E-01 0.5282826E-01 0.8067137E-01 0.1258025 0.1596456 0.1642187 0.1880642 0.2167713 0.2172646 0.2212692 0.2093324 0.2313488 0.2202237 0.2000472 0.2268656 0.2467598 0.2009448 0.1652002 0.1311218 0.7382275E-01 -9999.000 -9999.000 -9999.000 -9999.000 -9999.000 -9999.000
-9999.000 -9999.000 -9999.000 -9999.000 -9999.000 -9999.000 -9999.000 -9999.000 -9999.000 -9999.000 -9999.000 -9999.000 -9999.000 -9999.000 -9999.000 -9999.000 -9999.000 -9999.000 0.6295385E-01 0.4552059E-01 0.5246631E-01 0.6870610E-01 0.7991277E-01 0.1141130 0.1403392 0.1102865 0.6094328E-01 0.2297072E-01 -9999.000 -9999.000 -9999.000 -9999.000 -9999.000 -9999.000 0.4531128E-01 0.6362293E-01 0.9655890E-01 0.1280377 0.1449472 0.1453620 0.1589500 0.1968859 0.2081645 0.1874405 0.1712186 0.1645670 0.1571271 0.1758262 0.2419528 0.2811408 0.2520413 0.2148677 0.1725662 0.1485395 0.1269106 -9999.000 -9999.000 -9999.000 -9999.000 -9999.000
-9999.000 -9999.000 -9999.000 -9999.000 -9999.000 -9999.000 -9999.000 -9999.000 -9999.000 -9999.000 -9999.000 -9999.000 -9999.000 -9999.000 -9999.000 -9999.000 -9999.000 -9999.000 0.5029658E-01 -9999.000 0.2630678E-01 0.8638594E-01 0.1251441 0.1480538 0.1268116 0.9255064E-01 0.6395841E-01 0.3878948E-01 -9999.000 -9999.000 -9999.000 -9999.000 -9999.000 -9999.000 -9999.000 -9999.000 0.6707843E-01 0.1074960 0.1457714 0.1487489 0.1591459 0.1841010 0.2007605 0.1465390 0.9416268E-01 0.7356182E-01 0.8938291E-01 0.1622356 0.2494246 0.2969931 0.2468961 0.2136930 0.1858871 0.1704839 0.1299523 0.6631124E-01 -9999.000 -9999.000 -9999.000 -9999.000
-9999.000 -9999.000 -9999.000 -9999.000 -9999.000 -9999.000 -9999.000 -9999.000 -9999.000 -9999.000 -9999.000 -9999.000 -9999.000 -9999.000 -9999.000 -9999.000 -9999.000 -9999.000 -9999.000 -9999.000 -9999.000 0.1015106 0.1722641 0.1848262 0.1404941 0.1049521 0.7436978E-01 0.5213344E-01 0.3508886E-01 -9999.000 -9999.000 -9999.000 -9999.000 -9999.000 -9999.000 -9999.000 0.5150130E-01 0.9926113E-01 0.1378090 0.1566082 0.1930258 0.2011823 0.2046768 0.1588967 0.1240698 0.1282837 0.1450653 0.1999221 0.2384375 0.2257957 0.2021999 0.2196405 0.2111433 0.1617908 0.1303155 0.8200409E-01 0.2625352E-01 -9999.000 -9999.000 -9999.000
-9999.000 -9999.000 -9999.000 -9999.000 -9999.000 -9999.000 -9999.000 -9999.000 -9999.000 -9999.000 -9999.000 -9999.000 -9999.000 -9999.000 -9999.000 -9999.000 -9999.000 -9999.000 -9999.000 -9999.000 0.3230335E-01 0.9894558E-01 0.1797572 0.1714057 0.1370479 0.1002976 0.7729797E-01 0.5956670E-01 0.3566399E-01 -9999.000 -9999.000 -9999.000 -9999.000 -9999.000 -9999.000 -9999.000 0.4120999E-01 0.9144013E-01 0.1391553 0.1852421 0.2421722 0.2602363 0.2273961 0.1916996 0.2029312 0.2847764 0.3329221 0.3124727 0.2654804 0.2088231 0.2236470 0.2753401 0.2638738 0.1867964 0.1580860 0.1418605 0.6736756E-01 -9999.000 -9999.000 -9999.000
