simulation_files/asc/Depth____40.0.asc
NCOLS        79
NROWS        79
XLLCENTER         -1.500000
YLLCENTER         -4.800000
CELLSIZE           0.100
NODATA_VALUE     -9999.0
[rows 0 to 25 of 79, columns 0 to 56 of 79]
-9999.000 -9999.000 -9999.000 -9999.000 -9999.000 -9999.000 -9999.000 -9999.000 -9999.000 -9999.000 -9999.000 -9999.000 -9999.000 -9999.000 -9999.000 0.2164374 0.2165189 0.2164074 0.2162216 0.2159795 0.2156916 0.2153680 0.2150193 0.2146571 0.2142940 0.2139438 0.2136221 0.2133468 0.2131493 0.2134387 0.2134387 -9999.000 -9999.000 -9999.000 -9999.000 -9999.000 -9999.000 -9999.000 -9999.000 -9999.000 -9999.000 -9999.000 -9999.000 -9999.000 -9999.000 -9999.000 -9999.000 -9999.000 -9999.000 -9999.000 -9999.000 -9999.000 -9999.000 -9999.000 -9999.000 -9999.000 -9999.000
-9999.000 -9999.000 -9999.000 -9999.000 -9999.000 -9999.000 -9999.000 -9999.000 -9999.000 -9999.000 -9999.000 -9999.000 -9999.000 -9999.000 -9999.000 0.2184040 0.2185294 0.2184203 0.2182434 0.2180150 0.2177444 0.2174408 0.2171144 0.2167761 0.2164379 0.2161123 0.2158120 0.2155495 0.2153469 0.2156038 0.2156038 -9999.000 -9999.000 -9999.000 -9999.000 -9999.000 -9999.000 -9999.000 -9999.000 -9999.000 -9999.000 -9999.000 -9999.000 -9999.000 -9999.000 -9999.000 -9999.000 -9999.000 -9999.000 -9999.000 -9999.000 -9999.000 -9999.000 -9999.000 -9999.000 -9999.000 -9999.000
-9999.000 -9999.000 -9999.000 -9999.000 -9999.000 -9999.000 -9999.000 -9999.000 -9999.000 -9999.000 -9999.000 -9999.000 -9999.000 -9999.000 -9999.000 0.2205251 0.2207065 0.2205959 0.2204153 0.2201835 0.2199098 0.2196033 0.2192736 0.2189308 0.2185863 0.2182512 0.2179375 0.2176571 0.2174351 0.2177343 0.2177343 -9999.000 -9999.000 -9999.000 -9999.000 -9999.000 -9999.000 -9999.000 -9999.000 -9999.000 -9999.000 -9999.000 -9999.000 -9999.000 -9999.000 -9999.000 -9999.000 -9999.000 -9999.000 -9999.000 -9999.000 -9999.000 -9999.000 -9999.000 -9999.000 -9999.000 -9999.000
-9999.000 -9999.000 -9999.000 -9999.000 -9999.000 -9999.000 -9999.000 -9999.000 -9999.000 -9999.000 -9999.000 -9999.000 -9999.000 -9999.000 -9999.000 0.2226875 0.2229186 0.2228029 0.2226140 0.2223725 0.2220881 0.2217695 0.2214260 0.2210675 0.2207048 0.2203488 0.2200109 0.2197034 0.2194540 0.2197885 0.2197885 -9999.000 -9999.000 -9999.000 -9999.000 -9999.000 -9999.000 -9999.000 -9999.000 -9999.000 -9999.000 -9999.000 -9999.000 -9999.000 -9999.000 -9999.000 -9999.000 -9999.000 -9999.000 -9999.000 -9999.000 -9999.000 -9999.000 -9999.000 -9999.000 -9999.000 -9999.000
-9999.000 -9999.000 -9999.000 -9999.000 -9999.000 -9999.000 -9999.000 -9999.000 -9999.000 -9999.000 -9999.000 -9999.000 -9999.000 -9999.000 -9999.000 0.2248828 0.2251565 0.2250322 0.2248308 0.2245744 0.2242727 0.2239344 0.2235685 0.2231849 0.2227939 0.2224065 0.2220342 0.2216894 0.2214027 0.2217666 0.2217666 -9999.000 -9999.000 -9999.000 -9999.000 -9999.000 -9999.000 -9999.000 -9999.000 -9999.000 -9999.000 -9999.000 -9999.000 -9999.000 -9999.000 -9999.000 -9999.000 -9999.000 -9999.000 -9999.000 -9999.000 -9999.000 -9999.000 -9999.000 -9999.000 -9999.000 -9999.000
-9999.000 -9999.000 -9999.000 -9999.000 -9999.000 -9999.000 -9999.000 -9999.000 -9999.000 -9999.000 -9999.000 -9999.000 -9999.000 -9999.000 -9999.000 0.2271044 0.2274123 0.2272758 0.2270582 0.2267824 0.2264579 0.2260934 0.2256977 0.2252803 0.2248517 0.2244226 0.2240048 0.2236113 0.2232754 0.2236628 0.2236628 -9999.000 -9999.000 -9999.000 -9999.000 -9999.000 -9999.000 -9999.000 -9999.000 -9999.000 -9999.000 -9999.000 -9999.000 -9999.000 -9999.000 -9999.000 -9999.000 -9999.000 -9999.000 -9999.000 -9999.000 -9999.000 -9999.000 -9999.000 -9999.000 -9999.000 -9999.000
-9999.000 -9999.000 -9999.000 -9999.000 -9999.000 -9999.000 -9999.000 -9999.000 -9999.000 -9999.000 -9999.000 -9999.000 -9999.000 -9999.000 -9999.000 0.2293468 0.2296795 0.2295268 0.2292895 0.2289903 0.2286383 0.2282417 0.2278090 0.2273496 0.2268737 0.2263920 0.2259163 0.2254602 0.2250597 0.2254642 0.2254642 -9999.000 -9999.000 -9999.000 -9999.000 -9999.000 -9999.000 -9999.000 -9999.000 -9999.000 -9999.000 -9999.000 -9999.000 -9999.000 -9999.000 -9999.000 -9999.000 -9999.000 -9999.000 -9999.000 -9999.000 -9999.000 -9999.000 -9999.000 -9999.000 -9999.000 -9999.000
-9999.000 -9999.000 -9999.000 -9999.000 -9999.000 -9999.000 -9999.000 -9999.000 -9999.000 -9999.000 -9999.000 -9999.000 -9999.000 -9999.000 -9999.000 0.2316057 0.2319517 0.2317785 0.2315186 0.2311922 0.2308080 0.2303735 0.2298968 0.2293867 0.2288530 0.2283060 0.2277575 0.2272211 0.2267355 0.2271476 0.2271476 -9999.000 -9999.000 -9999.000 -9999.000 -9999.000 -9999.000 -9999.000 -9999.000 -9999.000 -9999.000 -9999.000 -9999.000 -9999.000 -9999.000 -9999.000 -9999.000 -9999.000 -9999.000 -9999.000 -9999.000 -9999.000 -9999.000 -9999.000 -9999.000 -9999.000 -9999.000
-9999.000 -9999.000 -9999.000 -9999.000 -9999.000 -9999.000 -9999.000 -9999.000 -9999.000 -9999.000 -9999.000 -9999.000 -9999.000 -9999.000 -9999.000 0.2338757 0.2342226 0.2340244 0.2337387 0.2333817 0.2329607 0.2324823 0.2319538 0.2313834 0.2307796 0.2301520 0.2295114 0.2288713 0.2282713 0.2286756 0.2286756 -9999.000 -9999.000 -9999.000 -9999.000 -9999.000 -9999.000 -9999.000 -9999.000 -9999.000 -9999.000 -9999.000 -9999.000 -9999.000 -9999.000 -9999.000 -9999.000 -9999.000 -9999.000 -9999.000 -9999.000 -9999.000 -9999.000 -9999.000 -9999.000 -9999.000 -9999.000
-9999.000 -9999.000 -9999.000 -9999.000 -9999.000 -9999.000 -9999.000 -9999.000 -9999.000 -9999.000 -9999.000 -9999.000 -9999.000 -9999.000 -9999.000 0.2361495 0.2364844 0.2362563 0.2359424 0.2355516 0.2350890 0.2345600 0.2339709 0.2333284 0.2326394 0.2319115 0.2311534 0.2303763 0.2296191 0.2299870 0.2299870 -9999.000 -9999.000 -9999.000 -9999.000 -9999.000 -9999.000 -9999.000 -9999.000 -9999.000 -9999.000 -9999.000 -9999.000 -9999.000 -9999.000 -9999.000 -9999.000 -9999.000 -9999.000 -9999.000 -9999.000 -9999.000 -9999.000 -9999.000 -9999.000 -9999.000 -9999.000
-9999.000 -9999.000 -9999.000 -9999.000 -9999.000 -9999.000 -9999.000 -9999.000 -9999.000 -9999.000 -9999.000 -9999.000 -9999.000 -9999.000 -9999.000 0.2384152 0.2387262 0.2384641 0.2381199 0.2376923 0.2371832 0.2365963 0.2359361 0.2352071 0.2344134 0.2335588 0.2326473 0.2316849 0.2307040 0.2309790 0.2309790 -9999.000 -9999.000 -9999.000 -9999.000 -9999.000 -9999.000 -9999.000 -9999.000 -9999.000 -9999.000 -9999.000 -9999.000 -9999.000 -9999.000 -9999.000 -9999.000 -9999.000 -9999.000 -9999.000 -9999.000 -9999.000 -9999.000 -9999.000 -9999.000 -9999.000 -9999.000
-9999.000 -9999.000 -9999.000 -9999.000 -9999.000 -9999.000 -9999.000 -9999.000 -9999.000 -9999.000 -9999.000 -9999.000 -9999.000 -9999.000 -9999.000 0.2406545 0.2409330 0.2406336 0.2402578 0.2397909 0.2392304 0.2385773 0.2378332 0.2369994 0.2360750 0.2350570 0.2339400 0.2327177 0.2314045 0.2314673 0.2314673 -9999.000 -9999.000 -9999.000 -9999.000 -9999.000 -9999.000 -9999.000 -9999.000 -9999.000 -9999.000 -9999.000 -9999.000 -9999.000 -9999.000 -9999.000 -9999.000 -9999.000 -9999.000 -9999.000 -9999.000 -9999.000 -9999.000 -9999.000 -9999.000 -9999.000 -9999.000
-9999.000 -9999.000 -9999.000 -9999.000 -9999.000 -9999.000 -9999.000 -9999.000 -9999.000 -9999.000 -9999.000 -9999.000 -9999.000 -9999.000 -9999.000 0.2428413 0.2430847 0.2427465 0.2423382 0.2418295 0.2412121 0.2404829 0.2396394 0.2386769 0.2375862 0.2363518 0.2349503 0.2333473 0.2315111 0.2310865 0.2310865 -9999.000 -9999.000 -9999.000 -9999.000 -9999.000 -9999.000 -9999.000 -9999.000 -9999.000 -9999.000 -9999.000 -9999.000 -9999.000 -9999.000 -9999.000 -9999.000 -9999.000 -9999.000 -9999.000 -9999.000 -9999.000 -9999.000 -9999.000 -9999.000 -9999.000 -9999.000
-9999.000 -9999.000 -9999.000 -9999.000 -9999.000 -9999.000 -9999.000 -9999.000 -9999.000 -9999.000 -9999.000 -9999.000 -9999.000 -9999.000 -9999.000 0.2449309 0.2451508 0.2447771 0.2443375 0.2437848 0.2431043 0.2422869 0.2413233 0.2401993 0.2388912 0.2373604 0.2355466 0.2333525 0.2306262 0.2289917 0.2289917 -9999.000 -9999.000 -9999.000 -9999.000 -9999.000 -9999.000 -9999.000 -9999.000 -9999.000 -9999.000 -9999.000 -9999.000 -9999.000 -9999.000 -9999.000 -9999.000 -9999.000 -9999.000 -9999.000 -9999.000 -9999.000 -9999.000 -9999.000 -9999.000 -9999.000 -9999.000
-9999.000 -9999.000 -9999.000 -9999.000 -9999.000 -9999.000 -9999.000 -9999.000 -9999.000 -9999.000 -9999.000 -9999.000 -9999.000 -9999.000 -9999.000 0.2462113 0.2469115 0.2466619 0.2462804 0.2457274 0.2449933 0.2440712 0.2429488 0.2416019 0.2399857 0.2380225 0.2355773 0.2324025 0.2279889 0.2224788 0.2224788 -9999.000 -9999.000 -9999.000 -9999.000 -9999.000 -9999.000 -9999.000 -9999.000 -9999.000 -9999.000 -9999.000 -9999.000 -9999.000 -9999.000 -9999.000 -9999.000 -9999.000 -9999.000 -9999.000 -9999.000 -9999.000 -9999.000 -9999.000 -9999.000 -9999.000 -9999.000
0.1977419 0.1977419 0.2070931 0.2122575 0.2146702 0.2146702 0.2170467 0.2219293 0.2219293 0.2273507 0.2273507 0.2338693 0.2378428 0.2425521 0.2482398 0.2482398 0.2544355 0.2541947 0.2535916 0.2525505 0.2510758 0.2492087 0.2469927 0.2444363 0.2414689 0.2378770 0.2331689 0.2262037 0.2139043 0.1820998 0.1820998 0.7736553E-01 0.5349198E-01 0.4482872E-01 0.4704891E-01 0.4704891E-01 0.5883181E-01 0.5883181E-01 0.7962844E-01 0.7962844E-01 0.1009408 0.1442905 0.1442905 0.1474225 0.1474225 0.1479303 0.1479303 0.1479303 0.1440384 0.1440384 0.1407610 0.1407610 0.1381051 0.1381051 0.1334723 0.1334723 0.1304863
0.1966469 0.1966469 0.2067092 0.2119242 0.2143436 0.2143436 0.2167231 0.2216070 0.2216070 0.2270231 0.2270231 0.2334335 0.2371588 0.2412389 0.2455305 0.2455305 0.2492603 0.2494420 0.2494259 0.2491300 0.2484656 0.2473439 0.2456785 0.2433800 0.2403314 0.2363341 0.2309958 0.2234879 0.2118665 0.1894173 0.1894173 0.1176559 0.9309436E-01 0.7394703E-01 0.7003424E-01 0.7003424E-01 0.6995750E-01 0.6995750E-01 0.8065614E-01 0.8065614E-01 0.9347846E-01 0.1427824 0.1427824 0.1478214 0.1478214 0.1479552 0.1479552 0.1479552 0.1437424 0.1437424 0.1404801 0.1404801 0.1384653 0.1384653 0.1332630 0.1332630 0.1303024
0.1959636 0.1959636 0.2066638 0.2118709 0.2142684 0.2142684 0.2166146 0.2213812 0.2213812 0.2265483 0.2265483 0.2324084 0.2356531 0.2390633 0.2424974 0.2424974 0.2450514 0.2450296 0.2448549 0.2445032 0.2439044 0.2429607 0.2415521 0.2395359 0.2367342 0.2329035 0.2276650 0.2203385 0.2094720 0.1907565 0.1907565 0.1350115 0.1114245 0.9007967E-01 0.8470496E-01 0.8470496E-01 0.8178827E-01 0.8178827E-01 0.8797268E-01 0.8797268E-01 0.9537958E-01 0.1329955 0.1329955 0.1481779 0.1481779 0.1486899 0.1486899 0.1486899 0.1436292 0.1436292 0.1403202 0.1403202 0.1377558 0.1377558 0.1334654 0.1334654 0.1303633
0.1953639 0.1953639 0.2066216 0.2118054 0.2141735 0.2141735 0.2164762 0.2210918 0.2210918 0.2259580 0.2259580 0.2312365 0.2340341 0.2368796 0.2396577 0.2396577 0.2411750 0.2408763 0.2404483 0.2398875 0.2391387 0.2381119 0.2366889 0.2347229 0.2320299 0.2283667 0.2233797 0.2164834 0.2065108 0.1902406 0.1902406 0.1462053 0.1245252 0.1037355 0.9849411E-01 0.9849411E-01 0.9558959E-01 0.9558959E-01 0.9905096E-01 0.9905096E-01 0.1025269 0.1245050 0.1245050 0.1449920 0.1449920 0.1477580 0.1477580 0.1477580 0.1435164 0.1435164 0.1400689 0.1400689 0.1372825 0.1372825 0.1334443 0.1334443 0.1302892
0.1948511 0.1948511 0.2065779 0.2117236 0.2140546 0.2140546 0.2163038 0.2207396 0.2207396 0.2252658 0.2252658 0.2299379 0.2323004 0.2346223 0.2368171 0.2368171 0.2372817 0.2366640 0.2359706 0.2351889 0.2342617 0.2331009 0.2315927 0.2295979 0.2269449 0.2234136 0.2186952 0.2122956 0.2032593 0.1889776 0.1889776 0.1537290 0.1344321 0.1162217 0.1122232 0.1122232 0.1104543 0.1104543 0.1114067 0.1114067 0.1120433 0.1210464 0.1210464 0.1386648 0.1386648 0.1459575 0.1459575 0.1459575 0.1429036 0.1429036 0.1395337 0.1395337 0.1366165 0.1366165 0.1331377 0.1331377 0.1300706
0.1944314 0.1944314 0.2065337 0.2116297 0.2139177 0.2139177 0.2161069 0.2203449 0.2203449 0.2245096 0.2245096 0.2285625 0.2304913 0.2322949 0.2339086 0.2339086 0.2331854 0.2321927 0.2312215 0.2302318 0.2291479 0.2278728 0.2262928 0.2242767 0.2216714 0.2182906 0.2138827 0.2080471 0.2000058 0.1875476 0.1875476 0.1592367 0.1427860 0.1289752 0.1267445 0.1267445 0.1254700 0.1254700 0.1233055 0.1233055 0.1217574 0.1223199 0.1223199 0.1325237 0.1325237 0.1426297 0.1426297 0.1426297 0.1413674 0.1413674 0.1385430 0.1385430 0.1357137 0.1357137 0.1325748 0.1325748 0.1297110
0.1941121 0.1941121 0.2064904 0.2115285 0.2137703 0.2137703 0.2158956 0.2199279 0.2199279 0.2237253 0.2237253 0.2271586 0.2286508 0.2299205 0.2309068 0.2309068 0.2287391 0.2273008 0.2260321 0.2248488 0.2236428 0.2222971 0.2206905 0.2186974 0.2161855 0.2130128 0.2090021 0.2038574 0.1969632 0.1864133 0.1864133 0.1640801 0.1510966 0.1430085 0.1421085 0.1421085 0.1394545 0.1394545 0.1338487 0.1338487 0.1306423 0.1262222 0.1262222 0.1290656 0.1290656 0.1382215 0.1382215 0.1382215 0.1387461 0.1387461 0.1369054 0.1369054 0.1344762 0.1344762 0.1317539 0.1317539 0.1292197
0.1939009 0.1939009 0.2064495 0.2114247 0.2136191 0.2136191 0.2156800 0.2195077 0.2195077 0.2229454 0.2229454 0.2257716 0.2268255 0.2275345 0.2278080 0.2278080 0.2237807 0.2218147 0.2202268 0.2188684 0.2175828 0.2162216 0.2146485 0.2127392 0.2103844 0.2075043 0.2040338 0.1998122 0.1943868 0.1861448 0.1861448 0.1696309 0.1608637 0.1582801 0.1572815 0.1572815 0.1514628 0.1514628 0.1427898 0.1427898 0.1383891 0.1310235 0.1310235 0.1285484 0.1285484 0.1338238 0.1338238 0.1338238 0.1352991 0.1352991 0.1345486 0.1345486 0.1328055 0.1328055 0.1306546 0.1306546 0.1285952
0.1938057 0.1938057 0.2064126 0.2113231 0.2134711 0.2134711 0.2154696 0.2191017 0.2191017 0.2221986 0.2221986 0.2244446 0.2250648 0.2251865 0.2246328 0.2246328 0.2180991 0.2155167 0.2135949 0.2120914 0.2107823 0.2094745 0.2080078 0.2062541 0.2041308 0.2016564 0.1989641 0.1960915 0.1927442 0.1875750 0.1875750 0.1772980 0.1731700 0.1734947 0.1707746 0.1707746 0.1612095 0.1612095 0.1502256 0.1502256 0.1449849 0.1357895 0.1357895 0.1299573 0.1299573 0.1303812 0.1303812 0.1303812 0.1316127 0.1316127 0.1316213 0.1316213 0.1306810 0.1306810 0.1292623 0.1292623 0.1278295
0.1938342 0.1938342 0.2063813 0.2112280 0.2133323 0.2133323 0.2152728 0.2187250 0.2187250 0.2215101 0.2215101 0.2232178 0.2234204 0.2229420 0.2214389 0.2214389 0.2114020 0.2081182 0.2058635 0.2042664 0.2030131 0.2018498 0.2005816 0.1990694 0.1972603 0.1953476 0.1938589 0.1931200 0.1928749 0.1916912 0.1916912 0.1878543 0.1879269 0.1872837 0.1818586 0.1818586 0.1689085 0.1689085 0.1563059 0.1563059 0.1504653 0.1400733 0.1400733 0.1322076 0.1322076 0.1282369 0.1282369 0.1282369 0.1282873 0.1282873 0.1284631 0.1284631 0.1282119 0.1282119 0.1276075 0.1276075 0.1269344
0.1939935 0.1939935 0.2063568 0.2111431 0.2132081 0.2132081 0.2150972 0.2183907 0.2183907 0.2209012 0.2209012 0.2221271 0.2219426 0.2208773 0.2183355 0.2183355 0.2032732 0.1992274 0.1966665 0.1950572 0.1939740 0.1930824 0.1921370 0.1909759 0.1895707 0.1884518 0.1889877 0.1917577 0.1959902 0.1996652 0.1996652 0.2016897 0.2029723 0.1975801 0.1913532 0.1913532 0.1749279 0.1749279 0.1611628 0.1611628 0.1548862 0.1436964 0.1436964 0.1345970 0.1345970 0.1272315 0.1272315 0.1272315 0.1256925 0.1256925 0.1254722 0.1254722 0.1256296 0.1256296 0.1257993 0.1257993 0.1259561
