simulation_files/asc/Depth____287.0.asc
NCOLS        79
NROWS        79
XLLCENTER         -1.500000
YLLCENTER         -4.800000
CELLSIZE           0.100
NODATA_VALUE     -9999.0
[rows 0 to 25 of 79, columns 0 to 58 of 79]
-9999.000 -9999.000 -9999.000 -9999.000 -9999.000 -9999.000 -9999.000 -9999.000 -9999.000 -9999.000 -9999.000 -9999.000 -9999.000 -9999.000 -9999.000 0.7101543 0.7106181 0.7107444 0.7106626 0.7104594 0.7102007 0.7099135 0.7096181 0.7093342 0.7090631 0.7088111 0.7085759 0.7083260 0.7079521 0.7079110 0.7079110 -9999.000 -9999.000 -9999.000 -9999.000 -9999.000 -9999.000 -9999.000 -9999.000 -9999.000 -9999.000 -9999.000 -9999.000 -9999.000 -9999.000 -9999.000 -9999.000 -9999.000 -9999.000 -9999.000 -9999.000 -9999.000 -9999.000 -9999.000 -9999.000 -9999.000 -9999.000 -9999.000 -9999.000
-9999.000 -9999.000 -9999.000 -9999.000 -9999.000 -9999.000 -9999.000 -9999.000 -9999.000 -9999.000 -9999.000 -9999.000 -9999.000 -9999.000 -9999.000 0.7119306 0.7123607 0.7124636 0.7123953 0.7122312 0.7120267 0.7118034 0.7115766 0.7113620 0.7111594 0.7109734 0.7108013 0.7106146 0.7103158 0.7103596 0.7103596 -9999.000 -9999.000 -9999.000 -9999.000 -9999.000 -9999.000 -9999.000 -9999.000 -9999.000 -9999.000 -9999.000 -9999.000 -9999.000 -9999.000 -9999.000 -9999.000 -9999.000 -9999.000 -9999.000 -9999.000 -9999.000 -9999.000 -9999.000 -9999.000 -9999.000 -9999.000 -9999.000 -9999.000
-9999.000 -9999.000 -9999.000 -9999.000 -9999.000 -9999.000 -9999.000 -9999.000 -9999.000 -9999.000 -9999.000 -9999.000 -9999.000 -9999.000 -9999.000 0.7138432 0.7143071 0.7144200 0.7143582 0.7141997 0.7140018 0.7137863 0.7135687 0.7133647 0.7131727 0.7129968 0.7128328 0.7126499 0.7123446 0.7123843 0.7123843 -9999.000 -9999.000 -9999.000 -9999.000 -9999.000 -9999.000 -9999.000 -9999.000 -9999.000 -9999.000 -9999.000 -9999.000 -9999.000 -9999.000 -9999.000 -9999.000 -9999.000 -9999.000 -9999.000 -9999.000 -9999.000 -9999.000 -9999.000 -9999.000 -9999.000 -9999.000 -9999.000 -9999.000
-9999.000 -9999.000 -9999.000 -9999.000 -9999.000 -9999.000 -9999.000 -9999.000 -9999.000 -9999.000 -9999.000 -9999.000 -9999.000 -9999.000 -9999.000 0.7158067 0.7162916 0.7164093 0.7163482 0.7161889 0.7159905 0.7157748 0.7155576 0.7153547 0.7151639 0.7149891 0.7148254 0.7146395 0.7143216 0.7143397 0.7143397 -9999.000 -9999.000 -9999.000 -9999.000 -9999.000 -9999.000 -9999.000 -9999.000 -9999.000 -9999.000 -9999.000 -9999.000 -9999.000 -9999.000 -9999.000 -9999.000 -9999.000 -9999.000 -9999.000 -9999.000 -9999.000 -9999.000 -9999.000 -9999.000 -9999.000 -9999.000 -9999.000 -9999.000
-9999.000 -9999.000 -9999.000 -9999.000 -9999.000 -9999.000 -9999.000 -9999.000 -9999.000 -9999.000 -9999.000 -9999.000 -9999.000 -9999.000 -9999.000 0.7177907 0.7182911 0.7184110 0.7183477 0.7181844 0.7179821 0.7177622 0.7175413 0.7173354 0.7171414 0.7169637 0.7167965 0.7166041 0.7162683 0.7162506 0.7162506 -9999.000 -9999.000 -9999.000 -9999.000 -9999.000 -9999.000 -9999.000 -9999.000 -9999.000 -9999.000 -9999.000 -9999.000 -9999.000 -9999.000 -9999.000 -9999.000 -9999.000 -9999.000 -9999.000 -9999.000 -9999.000 -9999.000 -9999.000 -9999.000 -9999.000 -9999.000 -9999.000 -9999.000
-9999.000 -9999.000 -9999.000 -9999.000 -9999.000 -9999.000 -9999.000 -9999.000 -9999.000 -9999.000 -9999.000 -9999.000 -9999.000 -9999.000 -9999.000 0.7197816 0.7202948 0.7204154 0.7203481 0.7201790 0.7199710 0.7197453 0.7195187 0.7193080 0.7191088 0.7189261 0.7187534 0.7185521 0.7181939 0.7181262 0.7181262 -9999.000 -9999.000 -9999.000 -9999.000 -9999.000 -9999.000 -9999.000 -9999.000 -9999.000 -9999.000 -9999.000 -9999.000 -9999.000 -9999.000 -9999.000 -9999.000 -9999.000 -9999.000 -9999.000 -9999.000 -9999.000 -9999.000 -9999.000 -9999.000 -9999.000 -9999.000 -9999.000 -9999.000
-9999.000 -9999.000 -9999.000 -9999.000 -9999.000 -9999.000 -9999.000 -9999.000 -9999.000 -9999.000 -9999.000 -9999.000 -9999.000 -9999.000 -9999.000 0.7217729 0.7222975 0.7224175 0.7223449 0.7221690 0.7219546 0.7217221 0.7214888 0.7212723 0.7210668 0.7208781 0.7206988 0.7204864 0.7201012 0.7199671 0.7199671 -9999.000 -9999.000 -9999.000 -9999.000 -9999.000 -9999.000 -9999.000 -9999.000 -9999.000 -9999.000 -9999.000 -9999.000 -9999.000 -9999.000 -9999.000 -9999.000 -9999.000 -9999.000 -9999.000 -9999.000 -9999.000 -9999.000 -9999.000 -9999.000 -9999.000 -9999.000 -9999.000 -9999.000
-9999.000 -9999.000 -9999.000 -9999.000 -9999.000 -9999.000 -9999.000 -9999.000 -9999.000 -9999.000 -9999.000 -9999.000 -9999.000 -9999.000 -9999.000 0.7237614 0.7242965 0.7244146 0.7243357 0.7241522 0.7239307 0.7236909 0.7234504 0.7232278 0.7230154 0.7228199 0.7226328 0.7224076 0.7219900 0.7217684 0.7217684 -9999.000 -9999.000 -9999.000 -9999.000 -9999.000 -9999.000 -9999.000 -9999.000 -9999.000 -9999.000 -9999.000 -9999.000 -9999.000 -9999.000 -9999.000 -9999.000 -9999.000 -9999.000 -9999.000 -9999.000 -9999.000 -9999.000 -9999.000 -9999.000 -9999.000 -9999.000 -9999.000 -9999.000
-9999.000 -9999.000 -9999.000 -9999.000 -9999.000 -9999.000 -9999.000 -9999.000 -9999.000 -9999.000 -9999.000 -9999.000 -9999.000 -9999.000 -9999.000 0.7257448 0.7262898 0.7264048 0.7263186 0.7261267 0.7258976 0.7256501 0.7254021 0.7251731 0.7249532 0.7247503 0.7245548 0.7243145 0.7238582 0.7235214 0.7235214 -9999.000 -9999.000 -9999.000 -9999.000 -9999.000 -9999.000 -9999.000 -9999.000 -9999.000 -9999.000 -9999.000 -9999.000 -9999.000 -9999.000 -9999.000 -9999.000 -9999.000 -9999.000 -9999.000 -9999.000 -9999.000 -9999.000 -9999.000 -9999.000 -9999.000 -9999.000 -9999.000 -9999.000
-9999.000 -9999.000 -9999.000 -9999.000 -9999.000 -9999.000 -9999.000 -9999.000 -9999.000 -9999.000 -9999.000 -9999.000 -9999.000 -9999.000 -9999.000 0.7277215 0.7282760 0.7283865 0.7282916 0.7280905 0.7278537 0.7275979 0.7273420 0.7271065 0.7268785 0.7266678 0.7264628 0.7262049 0.7257023 0.7252122 0.7252122 -9999.000 -9999.000 -9999.000 -9999.000 -9999.000 -9999.000 -9999.000 -9999.000 -9999.000 -9999.000 -9999.000 -9999.000 -9999.000 -9999.000 -9999.000 -9999.000 -9999.000 -9999.000 -9999.000 -9999.000 -9999.000 -9999.000 -9999.000 -9999.000 -9999.000 -9999.000 -9999.000 -9999.000
-9999.000 -9999.000 -9999.000 -9999.000 -9999.000 -9999.000 -9999.000 -9999.000 -9999.000 -9999.000 -9999.000 -9999.000 -9999.000 -9999.000 -9999.000 0.7296892 0.7302533 0.7303578 0.7302527 0.7300414 0.7297964 0.7295322 0.7292681 0.7290258 0.7287890 0.7285698 0.7283541 0.7280756 0.7275172 0.7268201 0.7268201 -9999.000 -9999.000 -9999.000 -9999.000 -9999.000 -9999.000 -9999.000 -9999.000 -9999.000 -9999.000 -9999.000 -9999.000 -9999.000 -9999.000 -9999.000 -9999.000 -9999.000 -9999.000 -9999.000 -9999.000 -9999.000 -9999.000 -9999.000 -9999.000 -9999.000 -9999.000 -9999.000 -9999.000
-9999.000 -9999.000 -9999.000 -9999.000 -9999.000 -9999.000 -9999.000 -9999.000 -9999.000 -9999.000 -9999.000 -9999.000 -9999.000 -9999.000 -9999.000 0.7316454 0.7322193 0.7323160 0.7321991 0.7319767 0.7317231 0.7314498 0.7311771 0.7309279 0.7306815 0.7304528 0.7302250 0.7299216 0.7292953 0.7283143 0.7283143 -9999.000 -9999.000 -9999.000 -9999.000 -9999.000 -9999.000 -9999.000 -9999.000 -9999.000 -9999.000 -9999.000 -9999.000 -9999.000 -9999.000 -9999.000 -9999.000 -9999.000 -9999.000 -9999.000 -9999.000 -9999.000 -9999.000 -9999.000 -9999.000 -9999.000 -9999.000 -9999.000 -9999.000
-9999.000 -9999.000 -9999.000 -9999.000 -9999.000 -9999.000 -9999.000 -9999.000 -9999.000 -9999.000 -9999.000 -9999.000 -9999.000 -9999.000 -9999.000 0.7335857 0.7341704 0.7342576 0.7341272 0.7338926 0.7336298 0.7333469 0.7330650 0.7328086 0.7325515 0.7323121 0.7320698 0.7317361 0.7310258 0.7296467 0.7296467 -9999.000 -9999.000 -9999.000 -9999.000 -9999.000 -9999.000 -9999.000 -9999.000 -9999.000 -9999.000 -9999.000 -9999.000 -9999.000 -9999.000 -9999.000 -9999.000 -9999.000 -9999.000 -9999.000 -9999.000 -9999.000 -9999.000 -9999.000 -9999.000 -9999.000 -9999.000 -9999.000 -9999.000
-9999.000 -9999.000 -9999.000 -9999.000 -9999.000 -9999.000 -9999.000 -9999.000 -9999.000 -9999.000 -9999.000 -9999.000 -9999.000 -9999.000 -9999.000 0.7354146 0.7360415 0.7361561 0.7360421 0.7357997 0.7355295 0.7352362 0.7349432 0.7346772 0.7344052 0.7341515 0.7338898 0.7335168 0.7327001 0.7307515 0.7307515 -9999.000 -9999.000 -9999.000 -9999.000 -9999.000 -9999.000 -9999.000 -9999.000 -9999.000 -9999.000 -9999.000 -9999.000 -9999.000 -9999.000 -9999.000 -9999.000 -9999.000 -9999.000 -9999.000 -9999.000 -9999.000 -9999.000 -9999.000 -9999.000 -9999.000 -9999.000 -9999.000 -9999.000
-9999.000 -9999.000 -9999.000 -9999.000 -9999.000 -9999.000 -9999.000 -9999.000 -9999.000 -9999.000 -9999.000 -9999.000 -9999.000 -9999.000 -9999.000 0.7288010 0.7352251 0.7385038 0.7398610 0.7396396 0.7390969 0.7385158 0.7379429 0.7374256 0.7369261 0.7364770 0.7360420 0.7354817 0.7343540 0.7308483 0.7308483 -9999.000 -9999.000 -9999.000 -9999.000 -9999.000 -9999.000 -9999.000 -9999.000 -9999.000 -9999.000 -9999.000 -9999.000 -9999.000 -9999.000 -9999.000 -9999.000 -9999.000 -9999.000 -9999.000 -9999.000 -9999.000 -9999.000 -9999.000 -9999.000 -9999.000 -9999.000 -9999.000 -9999.000
0.8155590 0.8155590 0.8120918 0.8022809 0.7941659 0.7941659 0.7907195 0.7854192 0.7854192 0.7811085 0.7811085 0.7775065 0.7759081 0.7744166 0.7729560 0.7729560 0.7413520 0.7400209 0.7385567 0.7389162 0.7401977 0.7418870 0.7440792 0.7468678 0.7494965 0.7520748 0.7540807 0.7540322 0.7477096 0.7186644 0.7186644 0.5071318 0.4698625 0.4472040 0.4395579 0.4395579 0.4273547 0.4273547 0.4286640 0.4286640 0.4389900 0.4864622 0.4864622 0.5857843 0.5857843 0.6458087 0.6458087 0.6458087 0.6472236 0.6472236 0.6371837 0.6371837 0.6229557 0.6229557 0.6079946 0.6079946 0.5941522 0.5941522 0.5941522
0.8126466 0.8126466 0.8103038 0.8003311 0.7933628 0.7933628 0.7897148 0.7843314 0.7843314 0.7800312 0.7800312 0.7764477 0.7748579 0.7733747 0.7719225 0.7719225 0.7446077 0.7390451 0.7340215 0.7301362 0.7271656 0.7249883 0.7237350 0.7235369 0.7241526 0.7255875 0.7276030 0.7295204 0.7295359 0.7191573 0.7191573 0.5761286 0.5210817 0.4662941 0.4507782 0.4507782 0.4325535 0.4325535 0.4330542 0.4330542 0.4427838 0.4845673 0.4845673 0.5618897 0.5618897 0.6415349 0.6415349 0.6415349 0.6464809 0.6464809 0.6373281 0.6373281 0.6233594 0.6233594 0.6085719 0.6085719 0.5947971 0.5947971 0.5947971
0.8113143 0.8113143 0.8098447 0.7999413 0.7936380 0.7936380 0.7898296 0.7843012 0.7843012 0.7799804 0.7799804 0.7763955 0.7748044 0.7733196 0.7718576 0.7718576 0.7470903 0.7379503 0.7295099 0.7222081 0.7161050 0.7111574 0.7074121 0.7049501 0.7036464 0.7034721 0.7042820 0.7055972 0.7060410 0.6997467 0.6997467 0.6097414 0.5530941 0.4845908 0.4638397 0.4638397 0.4420154 0.4420154 0.4465080 0.4465080 0.4586464 0.4978464 0.4978464 0.5551580 0.5551580 0.6325403 0.6325403 0.6325403 0.6425755 0.6425755 0.6357952 0.6357952 0.6227381 0.6227381 0.6083148 0.6083148 0.5947442 0.5947442 0.5947442
0.8105279 0.8105279 0.8098525 0.7998293 0.7939399 0.7939399 0.7899978 0.7843073 0.7843073 0.7799661 0.7799661 0.7763873 0.7747992 0.7733163 0.7718405 0.7718405 0.7486392 0.7364424 0.7247368 0.7141964 0.7051078 0.6975402 0.6915235 0.6870840 0.6841201 0.6825485 0.6822281 0.6827946 0.6832154 0.6792597 0.6792597 0.6225828 0.5727118 0.5021129 0.4796040 0.4796040 0.4597977 0.4597977 0.4721754 0.4721754 0.4865699 0.5193350 0.5193350 0.5554249 0.5554249 0.6185543 0.6185543 0.6185543 0.6335627 0.6335627 0.6309031 0.6309031 0.6200410 0.6200410 0.6067423 0.6067423 0.5938925 0.5938925 0.5938925
0.8102821 0.8102821 0.8090006 0.7998528 0.7942130 0.7942130 0.7901638 0.7843183 0.7843183 0.7799532 0.7799532 0.7763791 0.7747933 0.7733121 0.7718136 0.7718136 0.7488639 0.7339722 0.7192355 0.7056382 0.6936547 0.6834732 0.6751612 0.6687368 0.6641203 0.6612036 0.6598313 0.6596931 0.6599956 0.6577167 0.6577167 0.6220647 0.5815924 0.5170409 0.4972878 0.4972878 0.4883524 0.4883524 0.5099954 0.5099954 0.5234876 0.5436253 0.5436253 0.5594476 0.5594476 0.6025952 0.6025952 0.6025952 0.6202708 0.6202708 0.6224937 0.6224937 0.6151044 0.6151044 0.6038877 0.6038877 0.5924126 0.5924126 0.5924126
0.8109067 0.8109067 0.8073940 0.7999096 0.7944183 0.7944183 0.7902921 0.7843231 0.7843231 0.7799402 0.7799402 0.7763740 0.7747918 0.7733130 0.7717810 0.7717810 0.7474818 0.7300454 0.7124974 0.6960682 0.6813629 0.6686617 0.6580802 0.6496530 0.6433290 0.6390059 0.6365323 0.6356399 0.6357135 0.6346211 0.6346211 0.6126775 0.5820304 0.5306777 0.5194531 0.5194531 0.5298361 0.5298361 0.5549724 0.5549724 0.5626317 0.5661789 0.5661789 0.5653023 0.5653023 0.5879439 0.5879439 0.5879439 0.6048099 0.6048099 0.6111185 0.6111185 0.6078994 0.6078994 0.5996675 0.5996675 0.5902982 0.5902982 0.5902982
0.8110790 0.8110790 0.8065733 0.7999599 0.7945496 0.7945496 0.7903773 0.7843283 0.7843283 0.7799321 0.7799321 0.7763696 0.7747893 0.7733119 0.7717305 0.7717305 0.7441969 0.7241629 0.7039583 0.6849307 0.6677410 0.6527139 0.6399965 0.6296398 0.6216184 0.6158519 0.6122081 0.6104639 0.6101535 0.6098306 0.6098306 0.5971205 0.5763141 0.5476606 0.5520546 0.5520546 0.5825936 0.5825936 0.5985845 0.5985845 0.5970737 0.5849273 0.5849273 0.5719997 0.5719997 0.5766041 0.5766041 0.5766041 0.5894614 0.5894614 0.5978606 0.5978606 0.5986525 0.5986525 0.5940349 0.5940349 0.5874921 0.5874921 0.5874921
0.8111359 0.8111359 0.8063017 0.7999768 0.7945936 0.7945936 0.7904065 0.7843302 0.7843302 0.7799293 0.7799293 0.7763680 0.7747885 0.7733115 0.7716599 0.7716599 0.7386366 0.7157818 0.6929948 0.6715889 0.6521937 0.6351188 0.6205062 0.6084061 0.5988062 0.5916460 0.5868199 0.5841541 0.5833200 0.5834720 0.5834720 0.5774507 0.5674698 0.5764176 0.6011914 0.6011914 0.6378791 0.6378791 0.6336883 0.6336883 0.6234922 0.5999428 0.5999428 0.5790420 0.5790420 0.5691124 0.5691124 0.5691124 0.5759622 0.5759622 0.5840631 0.5840631 0.5879073 0.5879073 0.5870970 0.5870970 0.5839773 0.5839773 0.5839773
0.8110789 0.8110789 0.8065733 0.7999600 0.7945495 0.7945495 0.7903773 0.7843284 0.7843284 0.7799321 0.7799321 0.7763696 0.7747893 0.7733120 0.7715615 0.7715615 0.7302492 0.7042174 0.6788580 0.6552882 0.6340073 0.6152403 0.5990763 0.5855356 0.5745966 0.5662072 0.5602855 0.5567060 0.5552910 0.5559140 0.5559140 0.5560995 0.5612288 0.6259945 0.6650057 0.6650057 0.6835470 0.6835470 0.6584499 0.6584499 0.6425854 0.6121733 0.6121733 0.5861166 0.5861166 0.5650336 0.5650336 0.5650336 0.5652344 0.5652344 0.5710106 0.5710106 0.5764724 0.5764724 0.5791780 0.5791780 0.5798387 0.5798387 0.5798387
0.8109065 0.8109065 0.8073941 0.7999097 0.7944184 0.7944184 0.7902921 0.7843232 0.7843232 0.7799402 0.7799402 0.7763739 0.7747917 0.7733130 0.7714252 0.7714252 0.7181780 0.6885263 0.6605870 0.6350995 0.6123171 0.5923023 0.5750376 0.5604770 0.5485637 0.5392359 0.5324246 0.5280516 0.5261745 0.5280558 0.5280558 0.5378390 0.5694767 0.6953945 0.7281169 0.7281169 0.7134407 0.7134407 0.6752802 0.6752802 0.6565573 0.6223393 0.6223393 0.5928519 0.5928519 0.5634756 0.5634756 0.5634756 0.5574331 0.5574331 0.5596660 0.5596660 0.5652872 0.5652872 0.5708190 0.5708190 0.5752959 0.5752959 0.5752959
0.8102819 0.8102819 0.8090008 0.7998531 0.7942130 0.7942130 0.7901638 0.7843183 0.7843183 0.7799532 0.7799532 0.7763791 0.7747933 0.7733120 0.7712339 0.7712339 0.7010362 0.6673129 0.6368621 0.6098150 0.5860399 0.5653488 0.5475619 0.5325301 0.5201361 0.5102911 0.5029249 0.4980222 0.4962274 0.5027016 0.5027016 0.5344718 0.6104190 0.7646693 0.7712869 0.7712869 0.7305764 0.7305764 0.6870747 0.6870747 0.6671094 0.6307393 0.6307393 0.5988839 0.5988839 0.5635160 0.5635160 0.5635160 0.5522249 0.5522249 0.5505670 0.5505670 0.5552519 0.5552519 0.5627286 0.5627286 0.5707202 0.5707202 0.5707202
