simulation_files/asc/Depth____585.0.asc
NCOLS       216
NROWS       273
XLLCENTER        494.688995
YLLCENTER        787.867981
CELLSIZE           0.500
NODATA_VALUE     -9999.0
[rows 162 to 188 of 273, columns 118 to 176 of 216]
2.014694 2.689836 2.887214 2.924272 2.934668 2.943103 2.719475 2.147755 1.602832 -9999.000 0.1822987 0.8982798E-01 0.1186553 0.1603200 0.1428440 0.1321169 0.1586881 0.1727255 0.1950629 0.2027372 0.1972424 0.1547340 0.1090826 0.1165601 0.1460909 0.1521214 0.1164536 0.7776947E-01 -9999.000 -9999.000 -9999.000 -9999.000 -9999.000 -9999.000 -9999.000 -9999.000 -9999.000 -9999.000 -9999.000 -9999.000 -9999.000 -9999.000 -9999.000 -9999.000 -9999.000 -9999.000 -9999.000 -9999.000 -9999.000 -9999.000 -9999.000 -9999.000 -9999.000 -9999.000 -9999.000 -9999.000 -9999.000 -9999.000 -9999.000
1.676043 2.596515 2.880306 2.913866 2.915583 2.507343 1.790997 1.102206 -9999.000 0.1934017 0.1480592 0.1276844 0.1341130 0.1259742 0.1428609 0.1556321 0.1610356 0.1602452 0.1945050 0.2195780 0.2199201 0.1605255 0.1196209 0.1278947 0.1659048 0.1802760 0.1570908 0.1114931 0.5267870E-01 -9999.000 -9999.000 -9999.000 -9999.000 -9999.000 -9999.000 -9999.000 -9999.000 -9999.000 -9999.000 -9999.000 -9999.000 -9999.000 -9999.000 -9999.000 -9999.000 -9999.000 -9999.000 -9999.000 -9999.000 -9999.000 -9999.000 -9999.000 -9999.000 -9999.000 -9999.000 -9999.000 -9999.000 -9999.000 -9999.000
1.277505 2.305419 2.760355 2.901751 2.479564 1.552918 -9999.000 0.1947126 0.1431301 0.1111735 0.1252190 0.1121497 0.1062660 0.9505965E-01 0.1214153 0.1483558 0.1449748 0.1466383 0.1711217 0.2054580 0.2058789 0.1399340 0.1100170 0.1287483 0.1727296 0.1809248 0.1454599 0.1130015 0.5307810E-01 -9999.000 -9999.000 -9999.000 -9999.000 -9999.000 -9999.000 -9999.000 -9999.000 -9999.000 -9999.000 -9999.000 -9999.000 -9999.000 -9999.000 -9999.000 -9999.000 -9999.000 -9999.000 -9999.000 -9999.000 -9999.000 -9999.000 -9999.000 -9999.000 -9999.000 -9999.000 -9999.000 -9999.000 -9999.000 -9999.000
-9999.000 1.499970 2.320448 2.418561 1.494779 0.4922090 0.1270188 0.1407258 0.1142589 0.8302189E-01 0.7062293E-01 0.7187083E-01 0.8640627E-01 0.8585074E-01 0.1127162 0.1443098 0.1519286 0.1711378 0.1968691 0.2204950 0.1713884 0.1154416 0.1012085 0.1187120 0.1624946 0.1634314 0.1469821 0.1094590 0.6315387E-01 0.2479885E-01 -9999.000 -9999.000 -9999.000 -9999.000 -9999.000 -9999.000 -9999.000 -9999.000 -9999.000 -9999.000 -9999.000 -9999.000 -9999.000 -9999.000 -9999.000 -9999.000 -9999.000 -9999.000 -9999.000 -9999.000 -9999.000 -9999.000 -9999.000 -9999.000 -9999.000 -9999.000 -9999.000 -9999.000 -9999.000
-9999.000 0.6806687 1.379356 1.171045 0.4661019 0.1394609 0.1656136 0.1475585 0.1350720 0.1022380 0.6408425E-01 0.5988280E-01 0.7150859E-01 0.7065121E-01 0.1182895 0.1737053 0.2056920 0.2311483 0.2538494 0.2180488 0.1351969 0.1307243 0.1287362 0.1387180 0.1633459 0.1721667 0.1582933 0.1324826 0.1019200 0.5840340E-01 -9999.000 -9999.000 0.1836429E-01 -9999.000 -9999.000 -9999.000 -9999.000 -9999.000 -9999.000 -9999.000 -9999.000 -9999.000 -9999.000 -9999.000 -9999.000 -9999.000 -9999.000 -9999.000 -9999.000 -9999.000 -9999.000 -9999.000 -9999.000 -9999.000 -9999.000 -9999.000 -9999.000 -9999.000 -9999.000
-9999.000 -9999.000 -9999.000 0.2558538 0.1539222 0.1979327 0.1726839 0.1651524 0.1686830 0.1388079 0.1121766 0.9508653E-01 0.8207938E-01 0.7938014E-01 0.1404755 0.2197591 0.2359334 0.2447382 0.2424555 0.1656403 0.9788279E-01 0.1404581 0.1509293 0.1656822 0.1721069 0.1371666 0.1291521 0.1290379 0.1181549 0.8175219E-01 -9999.000 -9999.000 -9999.000 -9999.000 -9999.000 -9999.000 -9999.000 -9999.000 -9999.000 -9999.000 -9999.000 -9999.000 -9999.000 -9999.000 -9999.000 -9999.000 -9999.000 -9999.000 -9999.000 -9999.000 -9999.000 -9999.000 -9999.000 -9999.000 -9999.000 -9999.000 -9999.000 -9999.000 -9999.000
-9999.000 -9999.000 -9999.000 0.8862852E-01 0.1914921 0.1970914 0.1979393 0.2044794 0.2080487 0.1909124 0.1727096 0.1526843 0.1255972 0.1114661 0.1439767 0.1920194 0.2041727 0.1993922 0.1647135 0.1412120 0.1016833 0.1324329 0.1544419 0.1726097 0.1669611 0.1122813 0.9493436E-01 0.1183294 0.1287311 0.1072408 0.5464192E-01 0.2066525E-01 -9999.000 -9999.000 -9999.000 -9999.000 -9999.000 -9999.000 -9999.000 -9999.000 -9999.000 -9999.000 -9999.000 -9999.000 -9999.000 -9999.000 -9999.000 -9999.000 -9999.000 -9999.000 -9999.000 -9999.000 -9999.000 -9999.000 -9999.000 -9999.000 -9999.000 -9999.000 -9999.000
-9999.000 -9999.000 -9999.000 0.7894127E-01 0.1149083 0.1521521 0.2050457 0.2307822 0.2118737 0.1878620 0.1779071 0.1770808 0.1565114 0.1197650 0.1072702 0.9193973E-01 0.1316622 0.1199268 0.1336589 0.1761815 0.1435954 0.1614885 0.1919995 0.2200111 0.2117141 0.1507994 0.1138907 0.1215029 0.1355671 0.1306545 0.8426437E-01 0.4500915E-01 0.4142255E-01 -9999.000 -9999.000 -9999.000 -9999.000 -9999.000 -9999.000 -9999.000 -9999.000 -9999.000 -9999.000 -9999.000 -9999.000 -9999.000 -9999.000 -9999.000 -9999.000 -9999.000 -9999.000 -9999.000 -9999.000 -9999.000 -9999.000 -9999.000 -9999.000 -9999.000 -9999.000
-9999.000 -9999.000 -9999.000 0.3083533E-01 0.7640001E-01 0.1354444 0.2009996 0.2158119 0.2072540 0.1907573 0.1693304 0.1423816 0.1049821 0.8681547E-01 0.9241376E-01 0.1144923 0.1339851 0.1176770 0.1362897 0.1576564 0.1411758 0.1758347 0.2430514 0.2843908 0.2675378 0.1891607 0.1301071 0.1322451 0.1455131 0.1572200 0.1142230 0.7609768E-01 0.6458022E-01 0.5356185E-01 -9999.000 -9999.000 -9999.000 -9999.000 -9999.000 -9999.000 -9999.000 -9999.000 -9999.000 -9999.000 -9999.000 -9999.000 -9999.000 -9999.000 -9999.000 -9999.000 -9999.000 -9999.000 -9999.000 -9999.000 -9999.000 -9999.000 -9999.000 -9999.000 -9999.000
-9999.000 -9999.000 -9999.000 -9999.000 -9999.000 0.1003779 0.1435049 0.1782230 0.2068830 0.2276009 0.1677483 0.8764607E-01 0.5072478E-01 0.4709098E-01 0.8810260E-01 0.1549822 0.1912968 0.2088091 0.1567743 0.9414083E-01 0.8063873E-01 0.1520303 0.2616022 0.3002235 0.2548383 0.1796784 0.1420099 0.1630386 0.1873373 0.1919279 0.1434880 0.1129305 0.1156209 0.9597029E-01 0.7357235E-01 0.6004716E-01 0.4551716E-01 0.2948153E-01 -9999.000 -9999.000 -9999.000 -9999.000 -9999.000 -9999.000 -9999.000 -9999.000 -9999.000 -9999.000 -9999.000 -9999.000 -9999.000 -9999.000 -9999.000 -9999.000 -9999.000 -9999.000 -9999.000 -9999.000 -9999.000
-9999.000 -9999.000 -9999.000 -9999.000 -9999.000 0.6024817E-01 0.7508608E-01 0.1281800 0.1881342 0.2115672 0.1764854 0.1101271 0.7546818E-01 0.7667557E-01 0.1113284 0.1721649 0.2059128 0.2379117 0.1983950 0.1188040 0.1020167 0.1665521 0.2509900 0.2648382 0.2262033 0.1630972 0.1403046 0.1493958 0.1822485 0.2057938 0.1702663 0.1595320 0.1699793 0.1636312 0.1128543 0.9386409E-01 0.8849722E-01 0.6203100E-01 -9999.000 -9999.000 -9999.000 -9999.000 -9999.000 -9999.000 -9999.000 -9999.000 -9999.000 -9999.000 -9999.000 -9999.000 -9999.000 -9999.000 -9999.000 -9999.000 -9999.000 -9999.000 -9999.000 -9999.000 -9999.000
-9999.000 -9999.000 -9999.000 -9999.000 -9999.000 0.4784154E-01 0.7912925E-01 0.1197217 0.1670768 0.1892244 0.1962660 0.1672327 0.1228284 0.1185442 0.1444870 0.1747882 0.1994432 0.2472751 0.2534163 0.2139206 0.2050467 0.2084331 0.2166815 0.2268859 0.1660643 0.1347665 0.1170299 0.1094822 0.1330350 0.1751280 0.1603695 0.1634597 0.1818592 0.1755179 0.1482233 0.1215313 0.1195508 0.1100250 0.6391233E-01 -9999.000 -9999.000 -9999.000 -9999.000 -9999.000 -9999.000 -9999.000 -9999.000 -9999.000 -9999.000 -9999.000 -9999.000 -9999.000 -9999.000 -9999.000 -9999.000 -9999.000 -9999.000 -9999.000 -9999.000
-9999.000 -9999.000 -9999.000 -9999.000 -9999.000 -9999.000 0.1057884 0.1054556 0.1451666 0.1901225 0.2187300 0.1997584 0.1501018 0.1167323 0.1232367 0.1430526 0.1784096 0.2428539 0.2654091 0.2650259 0.2797760 0.2157582 0.1749703 0.1584333 0.1377215 0.1185055 0.1033185 0.1076998 0.1313889 0.1611356 0.1443610 0.1350438 0.1439897 0.1575174 0.1437453 0.1172720 0.1249678 0.1220297 0.7974993E-01 0.3968337E-01 -9999.000 -9999.000 -9999.000 -9999.000 -9999.000 -9999.000 -9999.000 -9999.000 -9999.000 -9999.000 -9999.000 -9999.000 -9999.000 -9999.000 -9999.000 -9999.000 -9999.000 -9999.000 -9999.000
-9999.000 -9999.000 -9999.000 -9999.000 -9999.000 -9999.000 -9999.000 0.5250786E-01 0.1031045 0.1827449 0.2318767 0.2109092 0.1528144 0.9050341E-01 0.7112873E-01 0.7804183E-01 0.1296359 0.2267229 0.2364933 0.2167523 0.1876147 0.1455664 0.1361073 0.1761687 0.2057987 0.1450198 0.1211441 0.1360526 0.1556387 0.1784201 0.1717552 0.1449709 0.1365999 0.1525262 0.1300240 0.8034303E-01 0.7908109E-01 0.1100254 0.1023543 0.8304464E-01 -9999.000 -9999.000 -9999.000 -9999.000 -9999.000 -9999.000 -9999.000 -9999.000 -9999.000 -9999.000 -9999.000 -9999.000 -9999.000 -9999.000 -9999.000 -9999.000 -9999.000 -9999.000 -9999.000
-9999.000 -9999.000 -9999.000 -9999.000 -9999.000 -9999.000 -9999.000 -9999.000 0.6254143E-01 0.1422853 0.1973228 0.1910798 0.1259066 0.6018473E-01 0.3596043E-01 0.3699281E-01 0.8163350E-01 0.1603233 0.1554985 0.1254935 0.9948529E-01 0.1062568 0.1362497 0.2161196 0.2510498 0.1981582 0.1855134 0.1988397 0.2067547 0.2178477 0.2333696 0.2335490 0.1877468 0.1494263 0.9376035E-01 0.3963984E-01 0.7389279E-01 0.1226569 0.1354095 0.9723568E-01 -9999.000 -9999.000 -9999.000 -9999.000 -9999.000 -9999.000 -9999.000 -9999.000 -9999.000 -9999.000 -9999.000 -9999.000 -9999.000 -9999.000 -9999.000 -9999.000 -9999.000 -9999.000 -9999.000
-9999.000 -9999.000 -9999.000 -9999.000 -9999.000 -9999.000 -9999.000 -9999.000 0.3230318E-01 0.8315230E-01 0.1453023 0.1588245 0.1244384 0.5982125E-01 0.3031715E-01 -9999.000 -9999.000 0.7887365E-01 0.9512120E-01 0.9648026E-01 0.1209045 0.1237962 0.1324621 0.2086440 0.2535441 0.2373589 0.2300701 0.2324976 0.2101591 0.2046489 0.2574451 0.2687315 0.2333313 0.1586288 0.7323603E-01 0.6466585E-01 0.1113664 0.1286757 0.1174896 0.9206640E-01 0.4883586E-01 -9999.000 -9999.000 -9999.000 -9999.000 -9999.000 -9999.000 -9999.000 -9999.000 -9999.000 -9999.000 -9999.000 -9999.000 -9999.000 -9999.000 -9999.000 -9999.000 -9999.000 -9999.000
-9999.000 -9999.000 -9999.000 -9999.000 -9999.000 -9999.000 -9999.000 -9999.000 -9999.000 0.6542582E-01 0.1339279 0.1591855 0.1482716 0.1000404 0.5261290E-01 0.2775835E-01 0.1807214E-01 0.4207973E-01 0.6151393E-01 0.8114629E-01 0.1185575 0.1543581 0.1567048 0.1998981 0.2529073 0.2433350 0.2194249 0.1873790 0.1163650 0.1224999 0.2023061 0.2208853 0.2154394 0.1642947 0.1225809 0.1348208 0.1445260 0.1338132 0.1175349 0.1263857 0.1021829 -9999.000 -9999.000 -9999.000 -9999.000 -9999.000 -9999.000 -9999.000 -9999.000 -9999.000 -9999.000 -9999.000 -9999.000 -9999.000 -9999.000 -9999.000 -9999.000 -9999.000 -9999.000
-9999.000 -9999.000 -9999.000 -9999.000 -9999.000 -9999.000 -9999.000 -9999.000 -9999.000 -9999.000 0.9513919E-01 0.1349555 0.1529630 0.1302879 0.8699919E-01 0.3884266E-01 0.1826690E-01 0.2269282E-01 0.3986027E-01 0.6242247E-01 0.1099493 0.1719055 0.1824388 0.1989063 0.2481428 0.2200211 0.1703152 0.1099732 0.1093292 0.1329024 0.1502703 0.1550928 0.1631426 0.1472796 0.1446404 0.1768641 0.1721255 0.1486896 0.1584655 0.1751706 0.1360667 -9999.000 -9999.000 -9999.000 -9999.000 -9999.000 -9999.000 -9999.000 -9999.000 -9999.000 -9999.000 -9999.000 -9999.000 -9999.000 -9999.000 -9999.000 -9999.000 -9999.000 -9999.000
-9999.000 -9999.000 -9999.000 -9999.000 -9999.000 -9999.000 -9999.000 -9999.000 -9999.000 -9999.000 0.6313311E-01 0.1117792 0.1519799 0.1640094 0.1213512 0.6145696E-01 0.2419845E-01 0.2000484E-01 0.3307847E-01 0.5217326E-01 0.8979524E-01 0.1416083 0.1558706 0.1875752 0.2134081 0.1756653 0.1130608 0.8356169E-01 0.1409304 0.1861877 0.1733608 0.1446525 0.1456855 0.1314492 0.1398301 0.1883748 0.1791381 0.1512519 0.1690963 0.2030404 0.1634075 0.9703596E-01 -9999.000 -9999.000 -9999.000 -9999.000 -9999.000 -9999.000 -9999.000 -9999.000 -9999.000 -9999.000 -9999.000 -9999.000 -9999.000 -9999.000 -9999.000 -9999.000 -9999.000
-9999.000 -9999.000 -9999.000 -9999.000 -9999.000 -9999.000 -9999.000 -9999.000 -9999.000 -9999.000 0.2451356E-01 0.5686347E-01 0.1235137 0.1668489 0.1510115 0.9530256E-01 -9999.000 -9999.000 -9999.000 -9999.000 0.5657733E-01 0.9753333E-01 0.1099822 0.1421883 0.1787037 0.1558632 0.1452397 0.1456750 0.1888510 0.2180231 0.2224622 0.1876686 0.1951302 0.1932378 0.1969627 0.2204749 0.1967784 0.1812618 0.1927653 0.2151375 0.1925311 0.1202923 0.7313787E-01 -9999.000 -9999.000 -9999.000 -9999.000 -9999.000 -9999.000 -9999.000 -9999.000 -9999.000 -9999.000 -9999.000 -9999.000 -9999.000 -9999.000 -9999.000 -9999.000
-9999.000 -9999.000 -9999.000 -9999.000 -9999.000 -9999.000 -9999.000 -9999.000 -9999.000 -9999.000 -9999.000 -9999.000 0.7379817E-01 0.1372840 0.1491090 0.1132607 0.4948663E-01 -9999.000 -9999.000 0.1586109E-01 0.3568108E-01 0.5113009E-01 0.4506237E-01 0.7835706E-01 0.1743261 0.1945417 0.1948779 0.2283077 0.2301792 0.2090773 0.2307495 0.2655102 0.2893743 0.3115713 0.2868157 0.2494632 0.2278992 0.2330444 0.2366777 0.2433262 0.2167719 0.1629280 0.1092988 -9999.000 -9999.000 -9999.000 -9999.000 -9999.000 -9999.000 -9999.000 -9999.000 -9999.000 -9999.000 -9999.000 -9999.000 -9999.000 -9999.000 -9999.000 -9999.000
-9999.000 -9999.000 -9999.000 -9999.000 -9999.000 -9999.000 -9999.000 -9999.000 -9999.000 -9999.000 -9999.000 -9999.000 0.6243846E-01 0.1351397 0.1615126 0.1352767 0.8651639E-01 -9999.000 0.1597450E-01 -9999.000 0.3487420E-01 0.3889606E-01 0.2534572E-01 0.6249984E-01 0.1424161 0.1701755 0.1890594 0.2478976 0.2661171 0.2235226 0.2328282 0.2967551 0.3196609 0.3290972 0.3171484 0.2712637 0.2517444 0.2462666 0.2540694 0.2590405 0.2444857 0.2222089 0.1524868 0.6103330E-01 -9999.000 -9999.000 -9999.000 -9999.000 -9999.000 -9999.000 -9999.000 -9999.000 -9999.000 -9999.000 -9999.000 -9999.000 -9999.000 -9999.000 -9999.000
-9999.000 -9999.000 -9999.000 -9999.000 -9999.000 -9999.000 -9999.000 -9999.000 -9999.000 -9999.000 -9999.000 -9999.000 0.6713714E-01 0.1440088 0.1721503 0.1641466 0.1274736 0.6933268E-01 0.3226429E-01 0.2891607E-01 0.3509017E-01 0.3066884E-01 0.2502772E-01 0.5515898E-01 0.9207871E-01 0.9972446E-01 0.1274945 0.2028038 0.2538260 0.2439941 0.2617183 0.3048115 0.2911706 0.2780252 0.2802585 0.2708821 0.2340922 0.2325208 0.2344744 0.2490599 0.2548957 0.2389349 0.1872877 0.9860939E-01 -9999.000 -9999.000 -9999.000 -9999.000 -9999.000 -9999.000 -9999.000 -9999.000 -9999.000 -9999.000 -9999.000 -9999.000 -9999.000 -9999.000 -9999.000
-9999.000 -9999.000 -9999.000 -9999.000 -9999.000 -9999.000 -9999.000 -9999.000 -9999.000 -9999.000 -9999.000 -9999.000 0.6059074E-01 0.1265431 0.1739479 0.1784605 0.1594077 0.1073615 0.4718765E-01 0.3541844E-01 0.3581416E-01 0.4046799E-01 0.5104117E-01 0.6706785E-01 0.6825837E-01 0.5522245E-01 0.8318352E-01 0.1398194 0.1930117 0.2181810 0.2856150 0.2759579 0.2132189 0.2140008 0.2309562 0.1766265 0.1461848 0.1268029 0.1487791 0.1767637 0.2049737 0.2116901 0.1832447 0.1170297 0.8184986E-01 -9999.000 -9999.000 -9999.000 -9999.000 -9999.000 -9999.000 -9999.000 -9999.000 -9999.000 -9999.000 -9999.000 -9999.000 -9999.000 -9999.000
-9999.000 -9999.000 -9999.000 -9999.000 -9999.000 -9999.000 -9999.000 -9999.000 -9999.000 -9999.000 -9999.000 -9999.000 -9999.000 0.9648843E-01 0.1612374 0.1781895 0.1684899 0.1228133 0.7074824E-01 0.3210217E-01 0.2543970E-01 0.3467156E-01 0.5550058E-01 0.6367686E-01 0.4945129E-01 0.6515559E-01 0.1101131 0.1484335 0.1813048 0.2141380 0.2358037 0.1940524 0.1557623 0.2366440 0.2634893 0.2086074 0.1404748 0.1203130 0.1341494 0.1423843 0.1605993 0.1795776 0.1738918 0.1429366 0.1048836 0.5508475E-01 -9999.000 -9999.000 -9999.000 -9999.000 -9999.000 -9999.000 -9999.000 -9999.000 -9999.000 -9999.000 -9999.000 -9999.000 -9999.000
-9999.000 -9999.000 -9999.000 -9999.000 -9999.000 -9999.000 -9999.000 -9999.000 -9999.000 -9999.000 -9999.000 -9999.000 -9999.000 0.9218254E-01 0.1403835 0.1486034 0.1611114 0.1330322 0.6740450E-01 0.2915675E-01 0.1546775E-01 0.1611167E-01 0.2583909E-01 0.3709521E-01 0.4970483E-01 0.8101909E-01 0.1507571 0.1775291 0.1791615 0.1654721 0.1638000 0.1501446 0.1526519 0.2407863 0.3060821 0.2937537 0.2401842 0.1691331 0.1624995 0.1840740 0.1901800 0.1849701 0.1786543 0.1483067 0.9930758E-01 0.4984191E-01 -9999.000 -9999.000 -9999.000 -9999.000 -9999.000 -9999.000 -9999.000 -9999.000 -9999.000 -9999.000 -9999.000 -9999.000 -9999.000
-9999.000 -9999.000 -9999.000 -9999.000 -9999.000 -9999.000 -9999.000 -9999.000 -9999.000 -9999.000 -9999.000 -9999.000 -9999.000 0.9295902E-01 0.1233082 0.1257684 0.1503694 0.1368956 0.8628631E-01 0.5510604E-01 0.2771613E-01 -9999.000 0.1353645E-01 -9999.000 0.3345971E-01 0.5894044E-01 0.1064448 0.1245487 0.1457481 0.1419170 0.1674649 0.1955205 0.1790877 0.2179309 0.2683374 0.2826695 0.2477935 0.1992295 0.1853451 0.2000898 0.1845572 0.1695371 0.1716233 0.1587930 0.1343855 0.9711305E-01 0.6867799E-01 0.3621519E-01 -9999.000 -9999.000 -9999.000 -9999.000 -9999.000 -9999.000 -9999.000 -9999.000 -9999.000 -9999.000 -9999.000
