simulation_files/asc/Depth____000227.asc
NCOLS        79
NROWS        79
XLLCENTER         -1.500000
YLLCENTER         -4.800000
CELLSIZE           0.100
NODATA_VALUE     -9999.0
[rows 0 to 25 of 79, columns 0 to 58 of 79]
-9999.000 -9999.000 -9999.000 -9999.000 -9999.000 -9999.000 -9999.000 -9999.000 -9999.000 -9999.000 -9999.000 -9999.000 -9999.000 -9999.000 -9999.000 0.7591625 0.7597370 0.7600162 0.7600905 0.7599080 0.7596141 0.7592826 0.7589383 0.7586063 0.7582998 0.7580182 0.7577612 0.7575017 0.7571298 0.7571023 0.7571023 -9999.000 -9999.000 -9999.000 -9999.000 -9999.000 -9999.000 -9999.000 -9999.000 -9999.000 -9999.000 -9999.000 -9999.000 -9999.000 -9999.000 -9999.000 -9999.000 -9999.000 -9999.000 -9999.000 -9999.000 -9999.000 -9999.000 -9999.000 -9999.000 -9999.000 -9999.000 -9999.000 -9999.000
-9999.000 -9999.000 -9999.000 -9999.000 -9999.000 -9999.000 -9999.000 -9999.000 -9999.000 -9999.000 -9999.000 -9999.000 -9999.000 -9999.000 -9999.000 0.7609848 0.7614973 0.7617242 0.7617835 0.7616336 0.7613989 0.7611403 0.7608762 0.7606258 0.7603986 0.7601923 0.7600058 0.7598140 0.7595195 0.7595810 0.7595810 -9999.000 -9999.000 -9999.000 -9999.000 -9999.000 -9999.000 -9999.000 -9999.000 -9999.000 -9999.000 -9999.000 -9999.000 -9999.000 -9999.000 -9999.000 -9999.000 -9999.000 -9999.000 -9999.000 -9999.000 -9999.000 -9999.000 -9999.000 -9999.000 -9999.000 -9999.000 -9999.000 -9999.000
-9999.000 -9999.000 -9999.000 -9999.000 -9999.000 -9999.000 -9999.000 -9999.000 -9999.000 -9999.000 -9999.000 -9999.000 -9999.000 -9999.000 -9999.000 0.7628898 0.7634412 0.7636817 0.7637511 0.7636067 0.7633770 0.7631246 0.7628679 0.7626263 0.7624086 0.7622115 0.7620325 0.7618446 0.7615445 0.7616019 0.7616019 -9999.000 -9999.000 -9999.000 -9999.000 -9999.000 -9999.000 -9999.000 -9999.000 -9999.000 -9999.000 -9999.000 -9999.000 -9999.000 -9999.000 -9999.000 -9999.000 -9999.000 -9999.000 -9999.000 -9999.000 -9999.000 -9999.000 -9999.000 -9999.000 -9999.000 -9999.000 -9999.000 -9999.000
-9999.000 -9999.000 -9999.000 -9999.000 -9999.000 -9999.000 -9999.000 -9999.000 -9999.000 -9999.000 -9999.000 -9999.000 -9999.000 -9999.000 -9999.000 0.7648463 0.7654232 0.7656714 0.7657447 0.7655988 0.7653669 0.7651131 0.7648553 0.7646135 0.7643963 0.7641994 0.7640202 0.7638295 0.7635177 0.7635536 0.7635536 -9999.000 -9999.000 -9999.000 -9999.000 -9999.000 -9999.000 -9999.000 -9999.000 -9999.000 -9999.000 -9999.000 -9999.000 -9999.000 -9999.000 -9999.000 -9999.000 -9999.000 -9999.000 -9999.000 -9999.000 -9999.000 -9999.000 -9999.000 -9999.000 -9999.000 -9999.000 -9999.000 -9999.000
-9999.000 -9999.000 -9999.000 -9999.000 -9999.000 -9999.000 -9999.000 -9999.000 -9999.000 -9999.000 -9999.000 -9999.000 -9999.000 -9999.000 -9999.000 0.7668216 0.7674190 0.7676725 0.7677467 0.7675957 0.7673581 0.7670994 0.7668368 0.7665909 0.7663702 0.7661699 0.7659869 0.7657901 0.7654619 0.7654626 0.7654626 -9999.000 -9999.000 -9999.000 -9999.000 -9999.000 -9999.000 -9999.000 -9999.000 -9999.000 -9999.000 -9999.000 -9999.000 -9999.000 -9999.000 -9999.000 -9999.000 -9999.000 -9999.000 -9999.000 -9999.000 -9999.000 -9999.000 -9999.000 -9999.000 -9999.000 -9999.000 -9999.000 -9999.000
-9999.000 -9999.000 -9999.000 -9999.000 -9999.000 -9999.000 -9999.000 -9999.000 -9999.000 -9999.000 -9999.000 -9999.000 -9999.000 -9999.000 -9999.000 0.7688025 0.7694183 0.7696754 0.7697487 0.7695907 0.7693458 0.7690805 0.7688112 0.7685596 0.7683339 0.7681282 0.7679396 0.7677346 0.7673861 0.7673382 0.7673382 -9999.000 -9999.000 -9999.000 -9999.000 -9999.000 -9999.000 -9999.000 -9999.000 -9999.000 -9999.000 -9999.000 -9999.000 -9999.000 -9999.000 -9999.000 -9999.000 -9999.000 -9999.000 -9999.000 -9999.000 -9999.000 -9999.000 -9999.000 -9999.000 -9999.000 -9999.000 -9999.000 -9999.000
-9999.000 -9999.000 -9999.000 -9999.000 -9999.000 -9999.000 -9999.000 -9999.000 -9999.000 -9999.000 -9999.000 -9999.000 -9999.000 -9999.000 -9999.000 0.7707829 0.7714162 0.7716756 0.7717466 0.7715801 0.7713270 0.7710544 0.7707777 0.7705197 0.7702881 0.7700760 0.7698810 0.7696660 0.7692929 0.7691809 0.7691809 -9999.000 -9999.000 -9999.000 -9999.000 -9999.000 -9999.000 -9999.000 -9999.000 -9999.000 -9999.000 -9999.000 -9999.000 -9999.000 -9999.000 -9999.000 -9999.000 -9999.000 -9999.000 -9999.000 -9999.000 -9999.000 -9999.000 -9999.000 -9999.000 -9999.000 -9999.000 -9999.000 -9999.000
-9999.000 -9999.000 -9999.000 -9999.000 -9999.000 -9999.000 -9999.000 -9999.000 -9999.000 -9999.000 -9999.000 -9999.000 -9999.000 -9999.000 -9999.000 0.7727602 0.7734103 0.7736707 0.7737383 0.7735620 0.7732999 0.7730197 0.7727351 0.7724703 0.7722325 0.7720136 0.7718111 0.7715847 0.7711823 0.7709866 0.7709866 -9999.000 -9999.000 -9999.000 -9999.000 -9999.000 -9999.000 -9999.000 -9999.000 -9999.000 -9999.000 -9999.000 -9999.000 -9999.000 -9999.000 -9999.000 -9999.000 -9999.000 -9999.000 -9999.000 -9999.000 -9999.000 -9999.000 -9999.000 -9999.000 -9999.000 -9999.000 -9999.000 -9999.000
-9999.000 -9999.000 -9999.000 -9999.000 -9999.000 -9999.000 -9999.000 -9999.000 -9999.000 -9999.000 -9999.000 -9999.000 -9999.000 -9999.000 -9999.000 0.7747327 0.7753992 0.7756591 0.7757220 0.7755345 0.7752628 0.7749748 0.7746820 0.7744102 0.7741661 0.7739397 0.7737291 0.7734895 0.7730524 0.7727471 0.7727471 -9999.000 -9999.000 -9999.000 -9999.000 -9999.000 -9999.000 -9999.000 -9999.000 -9999.000 -9999.000 -9999.000 -9999.000 -9999.000 -9999.000 -9999.000 -9999.000 -9999.000 -9999.000 -9999.000 -9999.000 -9999.000 -9999.000 -9999.000 -9999.000 -9999.000 -9999.000 -9999.000 -9999.000
-9999.000 -9999.000 -9999.000 -9999.000 -9999.000 -9999.000 -9999.000 -9999.000 -9999.000 -9999.000 -9999.000 -9999.000 -9999.000 -9999.000 -9999.000 0.7766989 0.7773815 0.7776393 0.7776961 0.7774957 0.7772138 0.7769179 0.7766166 0.7763380 0.7760873 0.7758530 0.7756336 0.7753786 0.7749001 0.7744504 0.7744504 -9999.000 -9999.000 -9999.000 -9999.000 -9999.000 -9999.000 -9999.000 -9999.000 -9999.000 -9999.000 -9999.000 -9999.000 -9999.000 -9999.000 -9999.000 -9999.000 -9999.000 -9999.000 -9999.000 -9999.000 -9999.000 -9999.000 -9999.000 -9999.000 -9999.000 -9999.000 -9999.000 -9999.000
-9999.000 -9999.000 -9999.000 -9999.000 -9999.000 -9999.000 -9999.000 -9999.000 -9999.000 -9999.000 -9999.000 -9999.000 -9999.000 -9999.000 -9999.000 0.7786573 0.7793556 0.7796094 0.7796587 0.7794437 0.7791507 0.7788467 0.7785367 0.7782512 0.7779940 0.7777511 0.7775220 0.7772493 0.7767212 0.7760784 0.7760784 -9999.000 -9999.000 -9999.000 -9999.000 -9999.000 -9999.000 -9999.000 -9999.000 -9999.000 -9999.000 -9999.000 -9999.000 -9999.000 -9999.000 -9999.000 -9999.000 -9999.000 -9999.000 -9999.000 -9999.000 -9999.000 -9999.000 -9999.000 -9999.000 -9999.000 -9999.000 -9999.000 -9999.000
-9999.000 -9999.000 -9999.000 -9999.000 -9999.000 -9999.000 -9999.000 -9999.000 -9999.000 -9999.000 -9999.000 -9999.000 -9999.000 -9999.000 -9999.000 0.7806052 0.7813193 0.7815672 0.7816073 0.7813754 0.7810706 0.7807586 0.7804395 0.7801471 0.7798832 0.7796310 0.7793910 0.7790974 0.7785095 0.7776049 0.7776049 -9999.000 -9999.000 -9999.000 -9999.000 -9999.000 -9999.000 -9999.000 -9999.000 -9999.000 -9999.000 -9999.000 -9999.000 -9999.000 -9999.000 -9999.000 -9999.000 -9999.000 -9999.000 -9999.000 -9999.000 -9999.000 -9999.000 -9999.000 -9999.000 -9999.000 -9999.000 -9999.000 -9999.000
-9999.000 -9999.000 -9999.000 -9999.000 -9999.000 -9999.000 -9999.000 -9999.000 -9999.000 -9999.000 -9999.000 -9999.000 -9999.000 -9999.000 -9999.000 0.7825320 0.7832634 0.7835047 0.7835378 0.7832893 0.7829720 0.7826516 0.7823229 0.7820234 0.7817524 0.7814896 0.7812371 0.7809182 0.7802570 0.7789906 0.7789906 -9999.000 -9999.000 -9999.000 -9999.000 -9999.000 -9999.000 -9999.000 -9999.000 -9999.000 -9999.000 -9999.000 -9999.000 -9999.000 -9999.000 -9999.000 -9999.000 -9999.000 -9999.000 -9999.000 -9999.000 -9999.000 -9999.000 -9999.000 -9999.000 -9999.000 -9999.000 -9999.000 -9999.000
-9999.000 -9999.000 -9999.000 -9999.000 -9999.000 -9999.000 -9999.000 -9999.000 -9999.000 -9999.000 -9999.000 -9999.000 -9999.000 -9999.000 -9999.000 0.7841135 0.7849364 0.7852675 0.7854459 0.7852570 0.7849360 0.7846048 0.7842595 0.7839445 0.7836573 0.7833741 0.7830998 0.7827442 0.7819877 0.7802143 0.7802143 -9999.000 -9999.000 -9999.000 -9999.000 -9999.000 -9999.000 -9999.000 -9999.000 -9999.000 -9999.000 -9999.000 -9999.000 -9999.000 -9999.000 -9999.000 -9999.000 -9999.000 -9999.000 -9999.000 -9999.000 -9999.000 -9999.000 -9999.000 -9999.000 -9999.000 -9999.000 -9999.000 -9999.000
-9999.000 -9999.000 -9999.000 -9999.000 -9999.000 -9999.000 -9999.000 -9999.000 -9999.000 -9999.000 -9999.000 -9999.000 -9999.000 -9999.000 -9999.000 0.7713545 0.7812964 0.7867790 0.7904790 0.7911615 0.7901941 0.7892222 0.7882756 0.7874393 0.7867177 0.7860756 0.7855083 0.7848843 0.7837718 0.7805084 0.7805084 -9999.000 -9999.000 -9999.000 -9999.000 -9999.000 -9999.000 -9999.000 -9999.000 -9999.000 -9999.000 -9999.000 -9999.000 -9999.000 -9999.000 -9999.000 -9999.000 -9999.000 -9999.000 -9999.000 -9999.000 -9999.000 -9999.000 -9999.000 -9999.000 -9999.000 -9999.000 -9999.000 -9999.000
0.8809372 0.8809372 0.8716308 0.8660247 0.8573921 0.8573921 0.8538056 0.8482708 0.8482708 0.8438091 0.8438091 0.8401141 0.8384805 0.8369591 0.8354159 0.8354159 0.7910243 0.7894788 0.7880580 0.7866471 0.7879905 0.7899063 0.7921316 0.7950199 0.7982143 0.8011188 0.8036121 0.8043393 0.7990838 0.7711979 0.7711979 0.5515075 0.5108260 0.4843561 0.4753036 0.4753036 0.4600782 0.4600782 0.4572197 0.4572197 0.4652314 0.5081584 0.5081584 0.5883657 0.5883657 0.6885230 0.6885230 0.6885230 0.6951644 0.6951644 0.6864673 0.6864673 0.6716796 0.6716796 0.6554623 0.6554623 0.6400256 0.6400256 0.6400256
0.8780621 0.8780621 0.8695506 0.8640621 0.8565364 0.8565364 0.8527302 0.8471071 0.8471071 0.8426559 0.8426559 0.8389789 0.8373537 0.8358403 0.8343071 0.8343071 0.7961376 0.7892311 0.7835583 0.7784893 0.7750403 0.7725819 0.7710096 0.7705281 0.7710854 0.7724456 0.7745060 0.7766776 0.7771822 0.7696441 0.7696441 0.6222770 0.5642688 0.5048743 0.4875418 0.4875418 0.4657847 0.4657847 0.4622675 0.4622675 0.4699494 0.5085658 0.5085658 0.5764285 0.5764285 0.6802951 0.6802951 0.6802951 0.6930944 0.6930944 0.6862215 0.6862215 0.6720536 0.6720536 0.6561042 0.6561042 0.6407855 0.6407855 0.6407855
0.8767767 0.8767767 0.8693068 0.8637361 0.8568388 0.8568388 0.8528379 0.8470699 0.8470699 0.8426050 0.8426050 0.8389286 0.8373016 0.8357859 0.8342358 0.8342358 0.8001462 0.7889270 0.7792228 0.7706090 0.7636242 0.7580760 0.7538217 0.7509121 0.7493249 0.7489133 0.7495789 0.7509274 0.7516576 0.7470142 0.7470142 0.6564522 0.5971014 0.5238169 0.5009751 0.5009751 0.4750094 0.4750094 0.4756557 0.4756557 0.4864745 0.5250931 0.5250931 0.5784271 0.5784271 0.6685789 0.6685789 0.6685789 0.6870995 0.6870995 0.6836767 0.6836767 0.6709831 0.6709831 0.6556269 0.6556269 0.6406108 0.6406108 0.6406108
0.8760295 0.8760295 0.8682819 0.8636431 0.8571523 0.8571523 0.8529928 0.8470731 0.8470731 0.8425950 0.8425950 0.8389222 0.8372962 0.8357810 0.8342054 0.8342054 0.8029649 0.7882417 0.7747644 0.7626430 0.7523068 0.7437912 0.7370125 0.7319384 0.7285065 0.7265711 0.7259921 0.7264574 0.7270139 0.7242239 0.7242239 0.6681315 0.6165469 0.5414985 0.5166500 0.5166500 0.4920835 0.4920835 0.5015650 0.5015650 0.5160062 0.5509354 0.5509354 0.5858984 0.5858984 0.6531990 0.6531990 0.6531990 0.6754787 0.6754787 0.6770134 0.6770134 0.6673254 0.6673254 0.6535402 0.6535402 0.6394606 0.6394606 0.6394606
0.8760496 0.8760496 0.8665316 0.8636524 0.8574169 0.8574169 0.8531317 0.8470753 0.8470753 0.8425878 0.8425878 0.8389211 0.8372970 0.8357826 0.8341663 0.8341663 0.8041599 0.7864941 0.7696089 0.7541524 0.7406033 0.7291456 0.7197893 0.7125012 0.7072085 0.7037679 0.7020102 0.7016500 0.7019601 0.7004730 0.7004730 0.6658206 0.6245149 0.5559047 0.5334788 0.5334788 0.5196399 0.5196399 0.5409640 0.5409640 0.5562438 0.5800988 0.5800988 0.5955074 0.5955074 0.6372769 0.6372769 0.6372769 0.6597795 0.6597795 0.6663287 0.6663287 0.6609160 0.6609160 0.6498190 0.6498190 0.6374615 0.6374615 0.6374615
0.8758947 0.8758947 0.8654823 0.8636910 0.8576134 0.8576134 0.8532396 0.8470759 0.8470759 0.8425798 0.8425798 0.8389186 0.8372959 0.8357823 0.8341061 0.8341061 0.8034126 0.7830764 0.7631218 0.7445901 0.7280532 0.7137908 0.7018937 0.6923637 0.6851435 0.6801101 0.6770967 0.6758447 0.6757880 0.6751758 0.6751758 0.6542733 0.6234000 0.5680279 0.5537168 0.5537168 0.5608256 0.5608256 0.5898771 0.5898771 0.6003308 0.6070783 0.6070783 0.6052837 0.6052837 0.6236641 0.6236641 0.6236641 0.6426459 0.6426459 0.6526011 0.6526011 0.6518532 0.6518532 0.6443753 0.6443753 0.6345735 0.6345735 0.6345735
0.8758014 0.8758014 0.8648649 0.8637203 0.8577325 0.8577325 0.8533078 0.8470765 0.8470765 0.8425744 0.8425744 0.8389168 0.8372954 0.8357824 0.8340210 0.8340210 0.8004414 0.7774468 0.7546609 0.7333364 0.7141024 0.6972821 0.6830138 0.6713316 0.6622021 0.6555319 0.6511772 0.6489180 0.6483221 0.6481996 0.6481996 0.6363354 0.6155132 0.5820748 0.5834770 0.5834770 0.6157801 0.6157801 0.6391469 0.6391469 0.6400208 0.6291657 0.6291657 0.6145585 0.6145585 0.6138324 0.6138324 0.6138324 0.6265349 0.6265349 0.6373144 0.6373144 0.6405775 0.6405775 0.6372157 0.6372157 0.6307317 0.6307317 0.6307317
0.8757697 0.8757697 0.8646601 0.8637312 0.8577722 0.8577722 0.8533309 0.8470764 0.8470764 0.8425723 0.8425723 0.8389162 0.8372952 0.8357826 0.8339022 0.8339022 0.7948708 0.7690152 0.7435266 0.7196773 0.6980767 0.6790320 0.6626824 0.6490700 0.6381766 0.6299333 0.6242276 0.6208858 0.6196024 0.6196936 0.6196936 0.6141382 0.6037458 0.6064271 0.6305683 0.6305683 0.6767869 0.6767869 0.6798248 0.6798248 0.6705971 0.6463719 0.6463719 0.6232581 0.6232581 0.6078985 0.6078985 0.6078985 0.6130489 0.6130489 0.6220573 0.6220573 0.6278653 0.6278653 0.6285474 0.6285474 0.6259369 0.6259369 0.6259369
0.8757999 0.8757999 0.8648607 0.8637200 0.8577313 0.8577313 0.8533067 0.8470758 0.8470758 0.8425743 0.8425743 0.8389171 0.8372958 0.8357828 0.8337377 0.8337377 0.7861333 0.7570504 0.7288991 0.7027810 0.6791824 0.6583242 0.6402925 0.6251020 0.6127254 0.6031054 0.5961556 0.5917502 0.5897247 0.5900359 0.5900359 0.5900593 0.5933548 0.6520166 0.6965391 0.6965391 0.7300142 0.7300142 0.7085001 0.7085001 0.6922516 0.6599250 0.6599250 0.6314121 0.6314121 0.6051905 0.6051905 0.6051905 0.6028285 0.6028285 0.6081705 0.6081705 0.6147497 0.6147497 0.6188393 0.6188393 0.6203340 0.6203340 0.6203340
0.8758917 0.8758917 0.8654738 0.8636899 0.8576109 0.8576109 0.8532375 0.8470746 0.8470746 0.8425796 0.8425796 0.8389192 0.8372967 0.8357830 0.8335121 0.8335121 0.7733304 0.7405469 0.7097412 0.6816364 0.6564718 0.6342997 0.6150952 0.5988034 0.5853608 0.5747005 0.5667488 0.5614270 0.5587927 0.5600998 0.5600998 0.5685343 0.5954917 0.7223286 0.7679116 0.7679116 0.7658566 0.7658566 0.7273853 0.7273853 0.7075759 0.6709197 0.6709197 0.6389045 0.6389045 0.6047488 0.6047488 0.6047488 0.5957570 0.5957570 0.5965228 0.5965228 0.6022892 0.6022892 0.6087884 0.6087884 0.6142440 0.6142440 0.6142440
0.8760453 0.8760453 0.8665188 0.8636499 0.8574131 0.8574131 0.8531286 0.8470737 0.8470737 0.8425875 0.8425875 0.8389220 0.8372980 0.8357834 0.8332028 0.8332028 0.7549945 0.7180167 0.6846349 0.6549392 0.6287687 0.6059135 0.5861765 0.5693940 0.5554389 0.5442142 0.5356442 0.5297100 0.5270273 0.5325929 0.5325929 0.5606247 0.6291737 0.8006681 0.8217178 0.8217178 0.7857876 0.7857876 0.7400849 0.7400849 0.7188281 0.6798818 0.6798818 0.6454929 0.6454929 0.6056485 0.6056485 0.6056485 0.5912938 0.5912938 0.5874756 0.5874756 0.5913863 0.5913863 0.5992302 0.5992302 0.6081629 0.6081629 0.6081629
