simulation_files/asc/Depth____755.0.asc
NCOLS       216
NROWS       273
XLLCENTER        494.688995
YLLCENTER        787.867981
CELLSIZE           0.500
NODATA_VALUE     -9999.0
[rows 162 to 188 of 273, columns 118 to 176 of 216]
1.939376 2.615634 2.813060 2.850211 2.861276 2.868891 2.645274 2.075522 1.612077 0.6548550 0.1346027 0.6508435E-01 0.9335370E-01 0.1439075 0.1229315 0.1028055 0.1246206 0.1379275 0.1598227 0.1618488 0.1572016 0.1278286 0.8262154E-01 0.8706303E-01 0.1139117 0.1187121 0.9117657E-01 0.5893875E-01 -9999.000 -9999.000 -9999.000 -9999.000 -9999.000 -9999.000 -9999.000 -9999.000 -9999.000 -9999.000 -9999.000 -9999.000 -9999.000 -9999.000 -9999.000 -9999.000 -9999.000 -9999.000 -9999.000 -9999.000 -9999.000 -9999.000 -9999.000 -9999.000 -9999.000 -9999.000 -9999.000 -9999.000 -9999.000 -9999.000 -9999.000
1.860340 2.575395 2.806140 2.839496 2.839272 2.428718 1.720422 1.086169 -9999.000 0.1676183 0.1115420 0.1045455 0.1177563 0.1107085 0.1197629 0.1242671 0.1249971 0.1245316 0.1588670 0.1806320 0.1848050 0.1364415 0.9423434E-01 0.9683872E-01 0.1322709 0.1457594 0.1228900 0.8129438E-01 -9999.000 -9999.000 -9999.000 -9999.000 -9999.000 -9999.000 -9999.000 -9999.000 -9999.000 -9999.000 -9999.000 -9999.000 -9999.000 -9999.000 -9999.000 -9999.000 -9999.000 -9999.000 -9999.000 -9999.000 -9999.000 -9999.000 -9999.000 -9999.000 -9999.000 -9999.000 -9999.000 -9999.000 -9999.000 -9999.000 -9999.000
1.494703 2.231359 2.686052 2.827558 2.404120 1.470956 0.4650549 0.1995485 0.1369611 0.9952797E-01 0.1044277 0.9386769E-01 0.9249788E-01 0.7679510E-01 0.9733002E-01 0.1188614 0.1121333 0.1130527 0.1362487 0.1677595 0.1819121 0.1260430 0.8570167E-01 0.9870067E-01 0.1387904 0.1463106 0.1107347 0.8456938E-01 0.4128371E-01 -9999.000 -9999.000 -9999.000 -9999.000 -9999.000 -9999.000 -9999.000 -9999.000 -9999.000 -9999.000 -9999.000 -9999.000 -9999.000 -9999.000 -9999.000 -9999.000 -9999.000 -9999.000 -9999.000 -9999.000 -9999.000 -9999.000 -9999.000 -9999.000 -9999.000 -9999.000 -9999.000 -9999.000 -9999.000 -9999.000
-9999.000 1.424904 2.245590 2.349164 1.440565 0.4564438 0.1061393 0.1142143 0.8885751E-01 0.5916481E-01 0.5307025E-01 0.5262899E-01 0.6693242E-01 0.6704015E-01 0.8692219E-01 0.1123621 0.1176587 0.1352310 0.1591532 0.1886369 0.1621284 0.1001421 0.7656878E-01 0.9134515E-01 0.1289025 0.1262267 0.1146041 0.8523306E-01 0.4411436E-01 -9999.000 -9999.000 -9999.000 -9999.000 -9999.000 -9999.000 -9999.000 -9999.000 -9999.000 -9999.000 -9999.000 -9999.000 -9999.000 -9999.000 -9999.000 -9999.000 -9999.000 -9999.000 -9999.000 -9999.000 -9999.000 -9999.000 -9999.000 -9999.000 -9999.000 -9999.000 -9999.000 -9999.000 -9999.000 -9999.000
-9999.000 0.6058074 1.303863 1.163974 0.4949001 0.1073597 0.1291494 0.1142199 0.1017942 0.6933523E-01 0.3610574E-01 0.3328555E-01 0.4889484E-01 0.5125285E-01 0.8942799E-01 0.1375381 0.1668198 0.1909221 0.2151451 0.2051257 0.1266782 0.9972775E-01 0.9693584E-01 0.1037643 0.1234792 0.1361935 0.1321028 0.1095887 0.7988290E-01 0.4780018E-01 -9999.000 -9999.000 0.1836429E-01 -9999.000 -9999.000 -9999.000 -9999.000 -9999.000 -9999.000 -9999.000 -9999.000 -9999.000 -9999.000 -9999.000 -9999.000 -9999.000 -9999.000 -9999.000 -9999.000 -9999.000 -9999.000 -9999.000 -9999.000 -9999.000 -9999.000 -9999.000 -9999.000 -9999.000 -9999.000
-9999.000 -9999.000 -9999.000 0.2674694 0.1327379 0.1537928 0.1327011 0.1271825 0.1305575 0.1017586 0.7396105E-01 0.5862064E-01 0.5357622E-01 0.5691499E-01 0.1080551 0.1789906 0.1938154 0.2079496 0.2208558 0.1587543 0.8598166E-01 0.1101240 0.1184922 0.1290087 0.1325561 0.1108871 0.1134661 0.1129648 0.9913572E-01 0.6333572E-01 -9999.000 -9999.000 -9999.000 -9999.000 -9999.000 -9999.000 -9999.000 -9999.000 -9999.000 -9999.000 -9999.000 -9999.000 -9999.000 -9999.000 -9999.000 -9999.000 -9999.000 -9999.000 -9999.000 -9999.000 -9999.000 -9999.000 -9999.000 -9999.000 -9999.000 -9999.000 -9999.000 -9999.000 -9999.000
-9999.000 -9999.000 -9999.000 0.5744616E-01 0.1443236 0.1521255 0.1540340 0.1607685 0.1670696 0.1498347 0.1294822 0.1084601 0.8682078E-01 0.8823486E-01 0.1171881 0.1626987 0.1720627 0.1774668 0.1507186 0.1196962 0.7503178E-01 0.1018840 0.1207766 0.1351578 0.1312109 0.8269690E-01 0.7046466E-01 0.8954347E-01 0.9567490E-01 0.7568909E-01 0.4134687E-01 0.1132021E-01 -9999.000 -9999.000 -9999.000 -9999.000 -9999.000 -9999.000 -9999.000 -9999.000 -9999.000 -9999.000 -9999.000 -9999.000 -9999.000 -9999.000 -9999.000 -9999.000 -9999.000 -9999.000 -9999.000 -9999.000 -9999.000 -9999.000 -9999.000 -9999.000 -9999.000 -9999.000 -9999.000
-9999.000 -9999.000 -9999.000 -9999.000 0.7453466E-01 0.1070520 0.1587128 0.1852725 0.1712043 0.1486670 0.1323195 0.1323584 0.1173517 0.1028140 0.9272290E-01 0.7661412E-01 0.1074479 0.9907503E-01 0.1011476 0.1426195 0.1146018 0.1299262 0.1545581 0.1776104 0.1692116 0.1150809 0.7992003E-01 0.8465568E-01 0.9522698E-01 0.9274347E-01 0.6033189E-01 0.2302853E-01 0.1371731E-01 -9999.000 -9999.000 -9999.000 -9999.000 -9999.000 -9999.000 -9999.000 -9999.000 -9999.000 -9999.000 -9999.000 -9999.000 -9999.000 -9999.000 -9999.000 -9999.000 -9999.000 -9999.000 -9999.000 -9999.000 -9999.000 -9999.000 -9999.000 -9999.000 -9999.000 -9999.000
-9999.000 -9999.000 -9999.000 -9999.000 0.4255971E-01 0.9013612E-01 0.1491023 0.1677012 0.1633055 0.1440214 0.1210787 0.9758892E-01 0.8003112E-01 0.6975016E-01 0.7492386E-01 0.9362885E-01 0.1093526 0.9062696E-01 0.9762390E-01 0.1234346 0.1148894 0.1450000 0.1996864 0.2354540 0.2193887 0.1540223 0.9833869E-01 0.9642817E-01 0.1066570 0.1186700 0.8432503E-01 0.4447153E-01 0.3060221E-01 -9999.000 -9999.000 -9999.000 -9999.000 -9999.000 -9999.000 -9999.000 -9999.000 -9999.000 -9999.000 -9999.000 -9999.000 -9999.000 -9999.000 -9999.000 -9999.000 -9999.000 -9999.000 -9999.000 -9999.000 -9999.000 -9999.000 -9999.000 -9999.000 -9999.000 -9999.000
-9999.000 -9999.000 -9999.000 -9999.000 -9999.000 0.5829168E-01 0.9082976E-01 0.1284140 0.1568298 0.1754009 0.1231422 0.5695857E-01 0.3680781E-01 0.3223073E-01 0.6642588E-01 0.1274318 0.1622008 0.1740916 0.1236044 0.6894337E-01 0.5542349E-01 0.1124084 0.2131666 0.2502526 0.2131588 0.1496986 0.1099757 0.1270739 0.1480845 0.1536352 0.1023861 0.7306561E-01 0.7279511E-01 0.5007614E-01 0.3401766E-01 0.2674655E-01 -9999.000 -9999.000 -9999.000 -9999.000 -9999.000 -9999.000 -9999.000 -9999.000 -9999.000 -9999.000 -9999.000 -9999.000 -9999.000 -9999.000 -9999.000 -9999.000 -9999.000 -9999.000 -9999.000 -9999.000 -9999.000 -9999.000 -9999.000
-9999.000 -9999.000 -9999.000 -9999.000 -9999.000 0.2616967E-01 0.3735009E-01 0.9102737E-01 0.1445337 0.1728369 0.1355067 0.6407724E-01 0.4640470E-01 0.5343101E-01 0.8248991E-01 0.1403696 0.1748075 0.2031338 0.1689247 0.9267107E-01 0.6936778E-01 0.1252590 0.2039608 0.2208571 0.1895861 0.1344993 0.1068150 0.1122396 0.1403917 0.1611063 0.1248912 0.1171273 0.1282037 0.1153927 0.6251352E-01 0.4822021E-01 0.5070434E-01 0.3976680E-01 -9999.000 -9999.000 -9999.000 -9999.000 -9999.000 -9999.000 -9999.000 -9999.000 -9999.000 -9999.000 -9999.000 -9999.000 -9999.000 -9999.000 -9999.000 -9999.000 -9999.000 -9999.000 -9999.000 -9999.000 -9999.000
-9999.000 -9999.000 -9999.000 -9999.000 -9999.000 -9999.000 0.4850145E-01 0.8100234E-01 0.1242969 0.1522563 0.1516957 0.1116540 0.7723830E-01 0.8570780E-01 0.1115374 0.1450017 0.1717818 0.2144101 0.2184282 0.1752382 0.1651878 0.1655055 0.1803236 0.1995886 0.1395272 0.1030123 0.8538168E-01 0.7736120E-01 0.9400475E-01 0.1323527 0.1232576 0.1260072 0.1393551 0.1340305 0.9439516E-01 0.7056580E-01 0.8307681E-01 0.7779330E-01 0.3359680E-01 -9999.000 -9999.000 -9999.000 -9999.000 -9999.000 -9999.000 -9999.000 -9999.000 -9999.000 -9999.000 -9999.000 -9999.000 -9999.000 -9999.000 -9999.000 -9999.000 -9999.000 -9999.000 -9999.000 -9999.000
-9999.000 -9999.000 -9999.000 -9999.000 -9999.000 -9999.000 0.6442297E-01 0.8035007E-01 0.1083402 0.1481068 0.1709122 0.1445742 0.9927560E-01 0.7519227E-01 0.9083649E-01 0.1238965 0.1558169 0.2080993 0.2251474 0.2255887 0.2390615 0.1890152 0.1527012 0.1368266 0.1046330 0.8638649E-01 0.7212047E-01 0.7471710E-01 0.9389658E-01 0.1219886 0.1073922 0.8983734E-01 0.1015085 0.1165714 0.9759671E-01 0.7371667E-01 0.9230264E-01 0.8533074E-01 -9999.000 -9999.000 -9999.000 -9999.000 -9999.000 -9999.000 -9999.000 -9999.000 -9999.000 -9999.000 -9999.000 -9999.000 -9999.000 -9999.000 -9999.000 -9999.000 -9999.000 -9999.000 -9999.000 -9999.000 -9999.000
-9999.000 -9999.000 -9999.000 -9999.000 -9999.000 -9999.000 -9999.000 -9999.000 0.8078079E-01 0.1376290 0.1814671 0.1609777 0.9948907E-01 0.4444792E-01 0.4333876E-01 0.6317270E-01 0.1081593 0.1884449 0.1941913 0.1865903 0.1713979 0.1306712 0.1138519 0.1443368 0.1694324 0.1102468 0.8668917E-01 0.9816883E-01 0.1169861 0.1411744 0.1334381 0.1027634 0.9146038E-01 0.1069827 0.9196772E-01 0.5448263E-01 0.5478586E-01 0.7579767E-01 0.7537759E-01 0.5683672E-01 -9999.000 -9999.000 -9999.000 -9999.000 -9999.000 -9999.000 -9999.000 -9999.000 -9999.000 -9999.000 -9999.000 -9999.000 -9999.000 -9999.000 -9999.000 -9999.000 -9999.000 -9999.000 -9999.000
-9999.000 -9999.000 -9999.000 -9999.000 -9999.000 -9999.000 -9999.000 -9999.000 0.4060722E-01 0.1019076 0.1490218 0.1455914 0.8773897E-01 0.2637044E-01 0.1655372E-01 0.2456917E-01 0.5825327E-01 0.1193073 0.1217730 0.1067817 0.8366529E-01 0.8032143E-01 0.1016294 0.1793714 0.2116358 0.1581321 0.1454496 0.1543362 0.1645386 0.1807797 0.1924294 0.1860738 0.1335663 0.1045097 0.6189496E-01 0.2380054E-01 0.4650056E-01 0.8818090E-01 0.1012994 0.7942803E-01 -9999.000 -9999.000 -9999.000 -9999.000 -9999.000 -9999.000 -9999.000 -9999.000 -9999.000 -9999.000 -9999.000 -9999.000 -9999.000 -9999.000 -9999.000 -9999.000 -9999.000 -9999.000 -9999.000
-9999.000 -9999.000 -9999.000 -9999.000 -9999.000 -9999.000 -9999.000 -9999.000 -9999.000 0.5934224E-01 0.1084172 0.1302743 0.9942544E-01 0.4004992E-01 -9999.000 -9999.000 -9999.000 0.4708854E-01 0.6723689E-01 0.8086658E-01 0.9998759E-01 0.9213517E-01 0.9705557E-01 0.1700734 0.2122492 0.1955986 0.1893827 0.1914356 0.1725615 0.1672821 0.2097835 0.2151422 0.1852035 0.1235217 0.4557886E-01 0.3387760E-01 0.7526067E-01 0.9344532E-01 0.8697420E-01 0.7666128E-01 -9999.000 -9999.000 -9999.000 -9999.000 -9999.000 -9999.000 -9999.000 -9999.000 -9999.000 -9999.000 -9999.000 -9999.000 -9999.000 -9999.000 -9999.000 -9999.000 -9999.000 -9999.000 -9999.000
-9999.000 -9999.000 -9999.000 -9999.000 -9999.000 -9999.000 -9999.000 -9999.000 -9999.000 0.4270252E-01 0.1001021 0.1295939 0.1179476 0.7593016E-01 0.3083717E-01 -9999.000 -9999.000 -9999.000 0.4158984E-01 0.6171391E-01 0.9589310E-01 0.1194873 0.1132847 0.1539556 0.2093889 0.2031254 0.1864421 0.1620467 0.9609403E-01 0.8653663E-01 0.1608755 0.1811584 0.1793033 0.1332647 0.8714692E-01 0.9576397E-01 0.1051618 0.9743527E-01 0.8335932E-01 0.1033119 0.8169802E-01 -9999.000 -9999.000 -9999.000 -9999.000 -9999.000 -9999.000 -9999.000 -9999.000 -9999.000 -9999.000 -9999.000 -9999.000 -9999.000 -9999.000 -9999.000 -9999.000 -9999.000 -9999.000
-9999.000 -9999.000 -9999.000 -9999.000 -9999.000 -9999.000 -9999.000 -9999.000 -9999.000 -9999.000 0.6611077E-01 0.9972383E-01 0.1211766 0.1027297 0.5507109E-01 -9999.000 -9999.000 -9999.000 0.2555084E-01 0.4171068E-01 0.8294554E-01 0.1323055 0.1351201 0.1509148 0.2045851 0.1887642 0.1505554 0.9509878E-01 0.8329552E-01 0.1050850 0.1227445 0.1282964 0.1364680 0.1146272 0.1106014 0.1390227 0.1319884 0.1087989 0.1191723 0.1372381 0.9805820E-01 -9999.000 -9999.000 -9999.000 -9999.000 -9999.000 -9999.000 -9999.000 -9999.000 -9999.000 -9999.000 -9999.000 -9999.000 -9999.000 -9999.000 -9999.000 -9999.000 -9999.000 -9999.000
-9999.000 -9999.000 -9999.000 -9999.000 -9999.000 -9999.000 -9999.000 -9999.000 -9999.000 -9999.000 -9999.000 0.9394180E-01 0.1291238 0.1253626 0.7737012E-01 0.3773222E-01 -9999.000 -9999.000 0.1888215E-01 0.3005190E-01 0.6126646E-01 0.9880404E-01 0.1074728 0.1443426 0.1848561 0.1620304 0.9916807E-01 0.5847606E-01 0.1109424 0.1554810 0.1458578 0.1186093 0.1201868 0.1027875 0.1046207 0.1492283 0.1386396 0.1121089 0.1303085 0.1638608 0.1245386 0.5722710E-01 -9999.000 -9999.000 -9999.000 -9999.000 -9999.000 -9999.000 -9999.000 -9999.000 -9999.000 -9999.000 -9999.000 -9999.000 -9999.000 -9999.000 -9999.000 -9999.000 -9999.000
-9999.000 -9999.000 -9999.000 -9999.000 -9999.000 -9999.000 -9999.000 -9999.000 -9999.000 -9999.000 -9999.000 0.5408068E-01 0.9720674E-01 0.1272090 0.1062940 0.5958350E-01 -9999.000 -9999.000 -9999.000 -9999.000 0.2801091E-01 0.5272884E-01 0.6567873E-01 0.1119984 0.1628849 0.1364679 0.1160617 0.1112327 0.1530723 0.1826636 0.1891298 0.1561581 0.1609007 0.1541233 0.1546434 0.1769626 0.1556776 0.1390787 0.1500196 0.1731998 0.1508125 0.7880428E-01 0.3101904E-01 -9999.000 -9999.000 -9999.000 -9999.000 -9999.000 -9999.000 -9999.000 -9999.000 -9999.000 -9999.000 -9999.000 -9999.000 -9999.000 -9999.000 -9999.000 -9999.000
-9999.000 -9999.000 -9999.000 -9999.000 -9999.000 -9999.000 -9999.000 -9999.000 -9999.000 -9999.000 -9999.000 -9999.000 0.5252007E-01 0.9555497E-01 0.1013711 0.6841745E-01 0.2978198E-01 -9999.000 -9999.000 -9999.000 0.1203606E-01 0.1827436E-01 0.2041342E-01 0.5565420E-01 0.1397265 0.1610708 0.1622512 0.1910456 0.1905496 0.1709763 0.1945639 0.2264630 0.2461059 0.2661664 0.2408808 0.2048127 0.1830944 0.1864190 0.1903317 0.1990749 0.1744463 0.1216789 0.6994153E-01 -9999.000 -9999.000 -9999.000 -9999.000 -9999.000 -9999.000 -9999.000 -9999.000 -9999.000 -9999.000 -9999.000 -9999.000 -9999.000 -9999.000 -9999.000 -9999.000
-9999.000 -9999.000 -9999.000 -9999.000 -9999.000 -9999.000 -9999.000 -9999.000 -9999.000 -9999.000 -9999.000 -9999.000 0.4663146E-01 0.9290512E-01 0.1110921 0.8929903E-01 0.5265764E-01 -9999.000 -9999.000 -9999.000 -9999.000 0.1470234E-01 -9999.000 0.3420091E-01 0.1062432 0.1390743 0.1559067 0.2093648 0.2251729 0.1843319 0.1931768 0.2537228 0.2739050 0.2840838 0.2717744 0.2266046 0.2061722 0.1987971 0.2061077 0.2138464 0.2021445 0.1812936 0.1197148 -9999.000 -9999.000 -9999.000 -9999.000 -9999.000 -9999.000 -9999.000 -9999.000 -9999.000 -9999.000 -9999.000 -9999.000 -9999.000 -9999.000 -9999.000 -9999.000
-9999.000 -9999.000 -9999.000 -9999.000 -9999.000 -9999.000 -9999.000 -9999.000 -9999.000 -9999.000 -9999.000 -9999.000 -9999.000 0.9883960E-01 0.1206024 0.1130820 0.7702420E-01 0.3512929E-01 -9999.000 0.1390773E-01 0.1686297E-01 0.1610294E-01 0.1080430E-01 0.2983339E-01 0.6541356E-01 0.7739332E-01 0.9315470E-01 0.1636212 0.2138454 0.2053137 0.2203943 0.2607289 0.2507741 0.2398345 0.2396353 0.2282669 0.1966494 0.1912743 0.1920481 0.2071711 0.2145516 0.1989626 0.1496636 0.7420287E-01 -9999.000 -9999.000 -9999.000 -9999.000 -9999.000 -9999.000 -9999.000 -9999.000 -9999.000 -9999.000 -9999.000 -9999.000 -9999.000 -9999.000 -9999.000
-9999.000 -9999.000 -9999.000 -9999.000 -9999.000 -9999.000 -9999.000 -9999.000 -9999.000 -9999.000 -9999.000 -9999.000 -9999.000 0.8869577E-01 0.1139895 0.1194936 0.9907231E-01 0.4810592E-01 0.1575783E-01 0.2202352E-01 0.2222574E-01 0.2220821E-01 0.2676601E-01 0.4141169E-01 0.5128465E-01 0.3938117E-01 0.5113229E-01 0.1018006 0.1537579 0.1788562 0.2408761 0.2386870 0.1833609 0.1833483 0.1966818 0.1538595 0.1236418 0.9751462E-01 0.1149284 0.1381045 0.1654676 0.1725690 0.1452933 0.8111765E-01 0.6026349E-01 -9999.000 -9999.000 -9999.000 -9999.000 -9999.000 -9999.000 -9999.000 -9999.000 -9999.000 -9999.000 -9999.000 -9999.000 -9999.000 -9999.000
-9999.000 -9999.000 -9999.000 -9999.000 -9999.000 -9999.000 -9999.000 -9999.000 -9999.000 -9999.000 -9999.000 -9999.000 -9999.000 -9999.000 0.8789024E-01 0.1065546 0.1021243 0.6844588E-01 0.3384289E-01 0.2177959E-01 0.1917675E-01 0.2008949E-01 0.2984533E-01 0.4113526E-01 0.3460709E-01 0.4062250E-01 0.7449513E-01 0.1081281 0.1392069 0.1727878 0.2052326 0.1664899 0.1232974 0.1972289 0.2272018 0.1718359 0.1063368 0.8163558E-01 0.9807770E-01 0.1028306 0.1196221 0.1396413 0.1347095 0.1034671 0.6602038E-01 0.4053788E-01 -9999.000 -9999.000 -9999.000 -9999.000 -9999.000 -9999.000 -9999.000 -9999.000 -9999.000 -9999.000 -9999.000 -9999.000 -9999.000
-9999.000 -9999.000 -9999.000 -9999.000 -9999.000 -9999.000 -9999.000 -9999.000 -9999.000 -9999.000 -9999.000 -9999.000 -9999.000 0.4272241E-01 0.7451900E-01 0.8714632E-01 0.1097140 0.9067243E-01 0.3931106E-01 -9999.000 -9999.000 -9999.000 -9999.000 0.2649060E-01 0.2907882E-01 0.4965466E-01 0.1097491 0.1363867 0.1423118 0.1362850 0.1384467 0.1174024 0.1086306 0.1958388 0.2607872 0.2480759 0.1945812 0.1296554 0.1246629 0.1434330 0.1480149 0.1456595 0.1424774 0.1122290 0.6309362E-01 0.2717658E-01 -9999.000 -9999.000 -9999.000 -9999.000 -9999.000 -9999.000 -9999.000 -9999.000 -9999.000 -9999.000 -9999.000 -9999.000 -9999.000
-9999.000 -9999.000 -9999.000 -9999.000 -9999.000 -9999.000 -9999.000 -9999.000 -9999.000 -9999.000 -9999.000 -9999.000 -9999.000 0.4967644E-01 0.7297237E-01 0.8618870E-01 0.1145142 0.1031590 0.5888779E-01 0.3360258E-01 -9999.000 -9999.000 -9999.000 -9999.000 0.2271165E-01 0.2853210E-01 0.6583443E-01 0.9129991E-01 0.1123604 0.1072722 0.1256714 0.1503985 0.1325546 0.1716324 0.2254781 0.2460446 0.2128103 0.1642396 0.1488977 0.1646216 0.1646866 0.1465277 0.1413253 0.1246910 0.9663319E-01 0.7233350E-01 -9999.000 -9999.000 -9999.000 -9999.000 -9999.000 -9999.000 -9999.000 -9999.000 -9999.000 -9999.000 -9999.000 -9999.000 -9999.000
