simulation_files/asc/Depth____000221.asc
NCOLS        79
NROWS        79
XLLCENTER         -1.500000
YLLCENTER         -4.800000
CELLSIZE           0.100
NODATA_VALUE     -9999.0
[rows 0 to 25 of 79, columns 0 to 58 of 79]
-9999.000 -9999.000 -9999.000 -9999.000 -9999.000 -9999.000 -9999.000 -9999.000 -9999.000 -9999.000 -9999.000 -9999.000 -9999.000 -9999.000 -9999.000 0.7639347 0.7645189 0.7648124 0.7649020 0.7647219 0.7644246 0.7640889 0.7637401 0.7634025 0.7630922 0.7628074 0.7625478 0.7622868 0.7619149 0.7618883 0.7618883 -9999.000 -9999.000 -9999.000 -9999.000 -9999.000 -9999.000 -9999.000 -9999.000 -9999.000 -9999.000 -9999.000 -9999.000 -9999.000 -9999.000 -9999.000 -9999.000 -9999.000 -9999.000 -9999.000 -9999.000 -9999.000 -9999.000 -9999.000 -9999.000 -9999.000 -9999.000 -9999.000 -9999.000
-9999.000 -9999.000 -9999.000 -9999.000 -9999.000 -9999.000 -9999.000 -9999.000 -9999.000 -9999.000 -9999.000 -9999.000 -9999.000 -9999.000 -9999.000 0.7657614 0.7662811 0.7665194 0.7665912 0.7664430 0.7662054 0.7659433 0.7656757 0.7654209 0.7651910 0.7649825 0.7647941 0.7646013 0.7643068 0.7643698 0.7643698 -9999.000 -9999.000 -9999.000 -9999.000 -9999.000 -9999.000 -9999.000 -9999.000 -9999.000 -9999.000 -9999.000 -9999.000 -9999.000 -9999.000 -9999.000 -9999.000 -9999.000 -9999.000 -9999.000 -9999.000 -9999.000 -9999.000 -9999.000 -9999.000 -9999.000 -9999.000 -9999.000 -9999.000
-9999.000 -9999.000 -9999.000 -9999.000 -9999.000 -9999.000 -9999.000 -9999.000 -9999.000 -9999.000 -9999.000 -9999.000 -9999.000 -9999.000 -9999.000 0.7676656 0.7682246 0.7684768 0.7685592 0.7684163 0.7681835 0.7679276 0.7676672 0.7674212 0.7672007 0.7670012 0.7668203 0.7666314 0.7663315 0.7663903 0.7663903 -9999.000 -9999.000 -9999.000 -9999.000 -9999.000 -9999.000 -9999.000 -9999.000 -9999.000 -9999.000 -9999.000 -9999.000 -9999.000 -9999.000 -9999.000 -9999.000 -9999.000 -9999.000 -9999.000 -9999.000 -9999.000 -9999.000 -9999.000 -9999.000 -9999.000 -9999.000 -9999.000 -9999.000
-9999.000 -9999.000 -9999.000 -9999.000 -9999.000 -9999.000 -9999.000 -9999.000 -9999.000 -9999.000 -9999.000 -9999.000 -9999.000 -9999.000 -9999.000 0.7696211 0.7702060 0.7704663 0.7705527 0.7704084 0.7701734 0.7699158 0.7696544 0.7694080 0.7691880 0.7689887 0.7688076 0.7686160 0.7683046 0.7683417 0.7683417 -9999.000 -9999.000 -9999.000 -9999.000 -9999.000 -9999.000 -9999.000 -9999.000 -9999.000 -9999.000 -9999.000 -9999.000 -9999.000 -9999.000 -9999.000 -9999.000 -9999.000 -9999.000 -9999.000 -9999.000 -9999.000 -9999.000 -9999.000 -9999.000 -9999.000 -9999.000 -9999.000 -9999.000
-9999.000 -9999.000 -9999.000 -9999.000 -9999.000 -9999.000 -9999.000 -9999.000 -9999.000 -9999.000 -9999.000 -9999.000 -9999.000 -9999.000 -9999.000 0.7715949 0.7722009 0.7724668 0.7725543 0.7724050 0.7721642 0.7719017 0.7716354 0.7713849 0.7711615 0.7709587 0.7707739 0.7705763 0.7702487 0.7702506 0.7702506 -9999.000 -9999.000 -9999.000 -9999.000 -9999.000 -9999.000 -9999.000 -9999.000 -9999.000 -9999.000 -9999.000 -9999.000 -9999.000 -9999.000 -9999.000 -9999.000 -9999.000 -9999.000 -9999.000 -9999.000 -9999.000 -9999.000 -9999.000 -9999.000 -9999.000 -9999.000 -9999.000 -9999.000
-9999.000 -9999.000 -9999.000 -9999.000 -9999.000 -9999.000 -9999.000 -9999.000 -9999.000 -9999.000 -9999.000 -9999.000 -9999.000 -9999.000 -9999.000 0.7735740 0.7741989 0.7744688 0.7745557 0.7743993 0.7741512 0.7738822 0.7736092 0.7733530 0.7731246 0.7729166 0.7727262 0.7725205 0.7721727 0.7721262 0.7721262 -9999.000 -9999.000 -9999.000 -9999.000 -9999.000 -9999.000 -9999.000 -9999.000 -9999.000 -9999.000 -9999.000 -9999.000 -9999.000 -9999.000 -9999.000 -9999.000 -9999.000 -9999.000 -9999.000 -9999.000 -9999.000 -9999.000 -9999.000 -9999.000 -9999.000 -9999.000 -9999.000 -9999.000
-9999.000 -9999.000 -9999.000 -9999.000 -9999.000 -9999.000 -9999.000 -9999.000 -9999.000 -9999.000 -9999.000 -9999.000 -9999.000 -9999.000 -9999.000 0.7755525 0.7761954 0.7764678 0.7765527 0.7763879 0.7761315 0.7758553 0.7755749 0.7753122 0.7750782 0.7748640 0.7746671 0.7744517 0.7740796 0.7739691 0.7739691 -9999.000 -9999.000 -9999.000 -9999.000 -9999.000 -9999.000 -9999.000 -9999.000 -9999.000 -9999.000 -9999.000 -9999.000 -9999.000 -9999.000 -9999.000 -9999.000 -9999.000 -9999.000 -9999.000 -9999.000 -9999.000 -9999.000 -9999.000 -9999.000 -9999.000 -9999.000 -9999.000 -9999.000
-9999.000 -9999.000 -9999.000 -9999.000 -9999.000 -9999.000 -9999.000 -9999.000 -9999.000 -9999.000 -9999.000 -9999.000 -9999.000 -9999.000 -9999.000 0.7775275 0.7781879 0.7784616 0.7785434 0.7783687 0.7781032 0.7778195 0.7775313 0.7772617 0.7770218 0.7768008 0.7765967 0.7763700 0.7759689 0.7757750 0.7757750 -9999.000 -9999.000 -9999.000 -9999.000 -9999.000 -9999.000 -9999.000 -9999.000 -9999.000 -9999.000 -9999.000 -9999.000 -9999.000 -9999.000 -9999.000 -9999.000 -9999.000 -9999.000 -9999.000 -9999.000 -9999.000 -9999.000 -9999.000 -9999.000 -9999.000 -9999.000 -9999.000 -9999.000
-9999.000 -9999.000 -9999.000 -9999.000 -9999.000 -9999.000 -9999.000 -9999.000 -9999.000 -9999.000 -9999.000 -9999.000 -9999.000 -9999.000 -9999.000 0.7794975 0.7801751 0.7804486 0.7805259 0.7803398 0.7800646 0.7797732 0.7794769 0.7792004 0.7789544 0.7787260 0.7785140 0.7782744 0.7778390 0.7775359 0.7775359 -9999.000 -9999.000 -9999.000 -9999.000 -9999.000 -9999.000 -9999.000 -9999.000 -9999.000 -9999.000 -9999.000 -9999.000 -9999.000 -9999.000 -9999.000 -9999.000 -9999.000 -9999.000 -9999.000 -9999.000 -9999.000 -9999.000 -9999.000 -9999.000 -9999.000 -9999.000 -9999.000 -9999.000
-9999.000 -9999.000 -9999.000 -9999.000 -9999.000 -9999.000 -9999.000 -9999.000 -9999.000 -9999.000 -9999.000 -9999.000 -9999.000 -9999.000 -9999.000 0.7814613 0.7821557 0.7824273 0.7824988 0.7822997 0.7820140 0.7817147 0.7814102 0.7811265 0.7808744 0.7806382 0.7804176 0.7801630 0.7796867 0.7792398 0.7792398 -9999.000 -9999.000 -9999.000 -9999.000 -9999.000 -9999.000 -9999.000 -9999.000 -9999.000 -9999.000 -9999.000 -9999.000 -9999.000 -9999.000 -9999.000 -9999.000 -9999.000 -9999.000 -9999.000 -9999.000 -9999.000 -9999.000 -9999.000 -9999.000 -9999.000 -9999.000 -9999.000 -9999.000
-9999.000 -9999.000 -9999.000 -9999.000 -9999.000 -9999.000 -9999.000 -9999.000 -9999.000 -9999.000 -9999.000 -9999.000 -9999.000 -9999.000 -9999.000 0.7834172 0.7841282 0.7843962 0.7844603 0.7842461 0.7839493 0.7836420 0.7833287 0.7830380 0.7827797 0.7825350 0.7823048 0.7820329 0.7815078 0.7808689 0.7808689 -9999.000 -9999.000 -9999.000 -9999.000 -9999.000 -9999.000 -9999.000 -9999.000 -9999.000 -9999.000 -9999.000 -9999.000 -9999.000 -9999.000 -9999.000 -9999.000 -9999.000 -9999.000 -9999.000 -9999.000 -9999.000 -9999.000 -9999.000 -9999.000 -9999.000 -9999.000 -9999.000 -9999.000
-9999.000 -9999.000 -9999.000 -9999.000 -9999.000 -9999.000 -9999.000 -9999.000 -9999.000 -9999.000 -9999.000 -9999.000 -9999.000 -9999.000 -9999.000 0.7853628 0.7860904 0.7863527 0.7864079 0.7861767 0.7858677 0.7855522 0.7852299 0.7849319 0.7846674 0.7844133 0.7841725 0.7838801 0.7832961 0.7823973 0.7823973 -9999.000 -9999.000 -9999.000 -9999.000 -9999.000 -9999.000 -9999.000 -9999.000 -9999.000 -9999.000 -9999.000 -9999.000 -9999.000 -9999.000 -9999.000 -9999.000 -9999.000 -9999.000 -9999.000 -9999.000 -9999.000 -9999.000 -9999.000 -9999.000 -9999.000 -9999.000 -9999.000 -9999.000
-9999.000 -9999.000 -9999.000 -9999.000 -9999.000 -9999.000 -9999.000 -9999.000 -9999.000 -9999.000 -9999.000 -9999.000 -9999.000 -9999.000 -9999.000 0.7872859 0.7880318 0.7882879 0.7883369 0.7880897 0.7877683 0.7874446 0.7871125 0.7868069 0.7865357 0.7862709 0.7860176 0.7857003 0.7850440 0.7837862 0.7837862 -9999.000 -9999.000 -9999.000 -9999.000 -9999.000 -9999.000 -9999.000 -9999.000 -9999.000 -9999.000 -9999.000 -9999.000 -9999.000 -9999.000 -9999.000 -9999.000 -9999.000 -9999.000 -9999.000 -9999.000 -9999.000 -9999.000 -9999.000 -9999.000 -9999.000 -9999.000 -9999.000 -9999.000
-9999.000 -9999.000 -9999.000 -9999.000 -9999.000 -9999.000 -9999.000 -9999.000 -9999.000 -9999.000 -9999.000 -9999.000 -9999.000 -9999.000 -9999.000 0.7888337 0.7896771 0.7900302 0.7902406 0.7900639 0.7897408 0.7894064 0.7890572 0.7887347 0.7884470 0.7881605 0.7878848 0.7875307 0.7867798 0.7850198 0.7850198 -9999.000 -9999.000 -9999.000 -9999.000 -9999.000 -9999.000 -9999.000 -9999.000 -9999.000 -9999.000 -9999.000 -9999.000 -9999.000 -9999.000 -9999.000 -9999.000 -9999.000 -9999.000 -9999.000 -9999.000 -9999.000 -9999.000 -9999.000 -9999.000 -9999.000 -9999.000 -9999.000 -9999.000
-9999.000 -9999.000 -9999.000 -9999.000 -9999.000 -9999.000 -9999.000 -9999.000 -9999.000 -9999.000 -9999.000 -9999.000 -9999.000 -9999.000 -9999.000 0.7754951 0.7857704 0.7914601 0.7953842 0.7961599 0.7951573 0.7941521 0.7931726 0.7923020 0.7915598 0.7908978 0.7903168 0.7896856 0.7885738 0.7853270 0.7853270 -9999.000 -9999.000 -9999.000 -9999.000 -9999.000 -9999.000 -9999.000 -9999.000 -9999.000 -9999.000 -9999.000 -9999.000 -9999.000 -9999.000 -9999.000 -9999.000 -9999.000 -9999.000 -9999.000 -9999.000 -9999.000 -9999.000 -9999.000 -9999.000 -9999.000 -9999.000 -9999.000 -9999.000
0.8873430 0.8873430 0.8779113 0.8720104 0.8632794 0.8632794 0.8596863 0.8542078 0.8542078 0.8498021 0.8498021 0.8461434 0.8445204 0.8430051 0.8414569 0.8414569 0.7958500 0.7942826 0.7928672 0.7912894 0.7926361 0.7945731 0.7968195 0.7996796 0.8029467 0.8058794 0.8084164 0.8092141 0.8040608 0.7762751 0.7762751 0.5558458 0.5148408 0.4879937 0.4788001 0.4788001 0.4632790 0.4632790 0.4600177 0.4600177 0.4677982 0.5102482 0.5102482 0.5912185 0.5912185 0.6925542 0.6925542 0.6925542 0.6997682 0.6997682 0.6912459 0.6912459 0.6764259 0.6764259 0.6600940 0.6600940 0.6445042 0.6445042 0.6445042
0.8842292 0.8842292 0.8758705 0.8699566 0.8623749 0.8623749 0.8585855 0.8530357 0.8530357 0.8486446 0.8486446 0.8450034 0.8433886 0.8418811 0.8403431 0.8403431 0.8011492 0.7941118 0.7883743 0.7831954 0.7796994 0.7772137 0.7756170 0.7750953 0.7756515 0.7770040 0.7790673 0.7812606 0.7818118 0.7744019 0.7744019 0.6269027 0.5685226 0.5086493 0.4911366 0.4911366 0.4690348 0.4690348 0.4651222 0.4651222 0.4725948 0.5108696 0.5108696 0.5789686 0.5789686 0.6837190 0.6837190 0.6837190 0.6975040 0.6975040 0.6909437 0.6909437 0.6767911 0.6767911 0.6607403 0.6607403 0.6452749 0.6452749 0.6452749
0.8827903 0.8827903 0.8752857 0.8695406 0.8626386 0.8626386 0.8586813 0.8529995 0.8529995 0.8485950 0.8485950 0.8449513 0.8433334 0.8418232 0.8402676 0.8402676 0.8053037 0.7938845 0.7840572 0.7753179 0.7682465 0.7626388 0.7583386 0.7553789 0.7537645 0.7533305 0.7539817 0.7553318 0.7560884 0.7515311 0.7515311 0.6610328 0.6014171 0.5276567 0.5046097 0.5046097 0.4782385 0.4782385 0.4784903 0.4784903 0.4891605 0.5276905 0.5276905 0.5812113 0.5812113 0.6717978 0.6717978 0.6717978 0.6912636 0.6912636 0.6882715 0.6882715 0.6756637 0.6756637 0.6602371 0.6602371 0.6450866 0.6450866 0.6450866
0.8818950 0.8818950 0.8750891 0.8694033 0.8629367 0.8629367 0.8588323 0.8530023 0.8530023 0.8485866 0.8485866 0.8449485 0.8433318 0.8418226 0.8402398 0.8402398 0.8082458 0.7932816 0.7796319 0.7673570 0.7568977 0.7482883 0.7414362 0.7362964 0.7328178 0.7308465 0.7302421 0.7306966 0.7312655 0.7285389 0.7285389 0.6725616 0.6208290 0.5453551 0.5202810 0.5202810 0.4952439 0.4952439 0.5044007 0.5044007 0.5188197 0.5539466 0.5539466 0.5890965 0.5890965 0.6564112 0.6564112 0.6564112 0.6793892 0.6793892 0.6814078 0.6814078 0.6718923 0.6718923 0.6580890 0.6580890 0.6439011 0.6439011 0.6439011
0.8815002 0.8815002 0.8743789 0.8694170 0.8632078 0.8632078 0.8589752 0.8530025 0.8530025 0.8485777 0.8485777 0.8449468 0.8433318 0.8418233 0.8401980 0.8401980 0.8095251 0.7915970 0.7745051 0.7588680 0.7451653 0.7335818 0.7241226 0.7167474 0.7113860 0.7078927 0.7060965 0.7057140 0.7060237 0.7045807 0.7045807 0.6700504 0.6286864 0.5597076 0.5370290 0.5370290 0.5226903 0.5226903 0.5439181 0.5439181 0.5593563 0.5835936 0.5835936 0.5991231 0.5991231 0.6405987 0.6405987 0.6405987 0.6634874 0.6634874 0.6704855 0.6704855 0.6653172 0.6653172 0.6542675 0.6542675 0.6418411 0.6418411 0.6418411
0.8816720 0.8816720 0.8731935 0.8694673 0.8634143 0.8634143 0.8590904 0.8530037 0.8530037 0.8485693 0.8485693 0.8449439 0.8433303 0.8418225 0.8401346 0.8401346 0.8088342 0.7882261 0.7680425 0.7493085 0.7325949 0.7181807 0.7061559 0.6965168 0.6892068 0.6841025 0.6810344 0.6797450 0.6796728 0.6790844 0.6790844 0.6582872 0.6274094 0.5716866 0.5570819 0.5570819 0.5638109 0.5638109 0.5931891 0.5931891 0.6039228 0.6110257 0.6110257 0.6092290 0.6092290 0.6271495 0.6271495 0.6271495 0.6462360 0.6462360 0.6565299 0.6565299 0.6560557 0.6560557 0.6486869 0.6486869 0.6388643 0.6388643 0.6388643
0.8821736 0.8821736 0.8719243 0.8695462 0.8635561 0.8635561 0.8591677 0.8530046 0.8530046 0.8485643 0.8485643 0.8449430 0.8433302 0.8418227 0.8400458 0.8400458 0.8058901 0.7826185 0.7595885 0.7380442 0.7186138 0.7016205 0.6872020 0.6753903 0.6661519 0.6593924 0.6549667 0.6526547 0.6520285 0.6519095 0.6519095 0.6401225 0.6193114 0.5854580 0.5865527 0.5865527 0.6189221 0.6189221 0.6430098 0.6430098 0.6441446 0.6334596 0.6334596 0.6187335 0.6187335 0.6174915 0.6174915 0.6174915 0.6300938 0.6300938 0.6410607 0.6410607 0.6445735 0.6445735 0.6413629 0.6413629 0.6349069 0.6349069 0.6349069
0.8822768 0.8822768 0.8715492 0.8695692 0.8635994 0.8635994 0.8591919 0.8530043 0.8530043 0.8485626 0.8485626 0.8449429 0.8433302 0.8418226 0.8399212 0.8399212 0.8003169 0.7741804 0.7484363 0.7243540 0.7025425 0.6833087 0.6667919 0.6530331 0.6420132 0.6336638 0.6278712 0.6244617 0.6231323 0.6232073 0.6232073 0.6176903 0.6072720 0.6093832 0.6333869 0.6333869 0.6804416 0.6804416 0.6842570 0.6842570 0.6751549 0.6508939 0.6508939 0.6275853 0.6275853 0.6117158 0.6117158 0.6117158 0.6166419 0.6166419 0.6256846 0.6256846 0.6316700 0.6316700 0.6325141 0.6325141 0.6299723 0.6299723 0.6299723
0.8822504 0.8822504 0.8717423 0.8695483 0.8635502 0.8635502 0.8591635 0.8530027 0.8530027 0.8485638 0.8485638 0.8449430 0.8433300 0.8418221 0.8397493 0.8397493 0.7915457 0.7621762 0.7337609 0.7074000 0.6835802 0.6625219 0.6443111 0.6289614 0.6164454 0.6067056 0.5996549 0.5951680 0.5930818 0.5933568 0.5933568 0.5933629 0.5965065 0.6545339 0.6994576 0.6994576 0.7344134 0.7344134 0.7133470 0.7133470 0.6970805 0.6645823 0.6645823 0.6358389 0.6358389 0.6091375 0.6091375 0.6091375 0.6064915 0.6064915 0.6117414 0.6117414 0.6184018 0.6184018 0.6226259 0.6226259 0.6242121 0.6242121 0.6242121
0.8821201 0.8821201 0.8724720 0.8694843 0.8634093 0.8634093 0.8590837 0.8529993 0.8529993 0.8485672 0.8485672 0.8449430 0.8433291 0.8418210 0.8395134 0.8395134 0.7786751 0.7455956 0.7145177 0.6861634 0.6607713 0.6383932 0.6190030 0.6025447 0.5889546 0.5781650 0.5701022 0.5646877 0.5619800 0.5632306 0.5632306 0.5715467 0.5980903 0.7248020 0.7715364 0.7715364 0.7708885 0.7708885 0.7324529 0.7324529 0.7125461 0.6756591 0.6756591 0.6434012 0.6434012 0.6087979 0.6087979 0.6087979 0.5995019 0.5995019 0.6000857 0.6000857 0.6058312 0.6058312 0.6124098 0.6124098 0.6179598 0.6179598 0.6179598
0.8815627 0.8815627 0.8739619 0.8694067 0.8631866 0.8631866 0.8589618 0.8529955 0.8529955 0.8485728 0.8485728 0.8449433 0.8433285 0.8418204 0.8391916 0.8391916 0.7602305 0.7229424 0.6892807 0.6593313 0.6329315 0.6098692 0.5899451 0.5729946 0.5588893 0.5475314 0.5388448 0.5328104 0.5300454 0.5355292 0.5355292 0.5632326 0.6310755 0.8038619 0.8263931 0.8263931 0.7911381 0.7911381 0.7452471 0.7452471 0.7238678 0.6846741 0.6846741 0.6500410 0.6500410 0.6097745 0.6097745 0.6097745 0.5951154 0.5951154 0.5910594 0.5910594 0.5948592 0.5948592 0.6027125 0.6027125 0.6117230 0.6117230 0.6117230
