simulation_files/asc/Depth____705.0.asc
NCOLS       216
NROWS       273
XLLCENTER        494.688995
YLLCENTER        787.867981
CELLSIZE           0.500
NODATA_VALUE     -9999.0
[rows 162 to 188 of 273, columns 118 to 176 of 216]
1.964429 2.640372 2.838417 2.875734 2.886242 2.894142 2.670322 2.096830 1.490409 0.5943606 0.1419163 0.7249635E-01 0.1017919 0.1508726 0.1297154 0.1119340 0.1351588 0.1488485 0.1710951 0.1747555 0.1707134 0.1388889 0.9380789E-01 0.9727801E-01 0.1240927 0.1292649 0.9444736E-01 0.5472224E-01 -9999.000 -9999.000 -9999.000 -9999.000 -9999.000 -9999.000 -9999.000 -9999.000 -9999.000 -9999.000 -9999.000 -9999.000 -9999.000 -9999.000 -9999.000 -9999.000 -9999.000 -9999.000 -9999.000 -9999.000 -9999.000 -9999.000 -9999.000 -9999.000 -9999.000 -9999.000 -9999.000 -9999.000 -9999.000 -9999.000 -9999.000
1.884996 2.600688 2.831820 2.864615 2.863801 2.455477 1.744535 1.042855 0.4638812 0.1507442 0.1219121 0.1118747 0.1226661 0.1158910 0.1260339 0.1341038 0.1363704 0.1359456 0.1704512 0.1933663 0.1971021 0.1462488 0.1050789 0.1074244 0.1431584 0.1568497 0.1338919 0.8856460E-01 0.4055223E-01 -9999.000 -9999.000 -9999.000 -9999.000 -9999.000 -9999.000 -9999.000 -9999.000 -9999.000 -9999.000 -9999.000 -9999.000 -9999.000 -9999.000 -9999.000 -9999.000 -9999.000 -9999.000 -9999.000 -9999.000 -9999.000 -9999.000 -9999.000 -9999.000 -9999.000 -9999.000 -9999.000 -9999.000 -9999.000 -9999.000
1.516962 2.255385 2.711143 2.851849 2.428521 1.572083 -9999.000 0.1606103 0.1207114 0.9247692E-01 0.1091249 0.9878739E-01 0.9570283E-01 0.8258160E-01 0.1049312 0.1281699 0.1227243 0.1242350 0.1477070 0.1799776 0.1915906 0.1317016 0.9545231E-01 0.1093036 0.1499166 0.1574706 0.1222025 0.9521976E-01 0.4845995E-01 -9999.000 -9999.000 -9999.000 -9999.000 -9999.000 -9999.000 -9999.000 -9999.000 -9999.000 -9999.000 -9999.000 -9999.000 -9999.000 -9999.000 -9999.000 -9999.000 -9999.000 -9999.000 -9999.000 -9999.000 -9999.000 -9999.000 -9999.000 -9999.000 -9999.000 -9999.000 -9999.000 -9999.000 -9999.000 -9999.000
-9999.000 1.442035 2.268589 2.371466 1.458251 0.5366465 0.1242521 0.1205929 0.9597036E-01 0.6398520E-01 0.5481555E-01 0.5708635E-01 0.7278415E-01 0.7292166E-01 0.9479031E-01 0.1219670 0.1284543 0.1469392 0.1707872 0.1990144 0.1674981 0.1048092 0.8525717E-01 0.1016830 0.1400964 0.1376368 0.1260889 0.9471306E-01 0.5216180E-01 0.2091233E-01 -9999.000 -9999.000 -9999.000 -9999.000 -9999.000 -9999.000 -9999.000 -9999.000 -9999.000 -9999.000 -9999.000 -9999.000 -9999.000 -9999.000 -9999.000 -9999.000 -9999.000 -9999.000 -9999.000 -9999.000 -9999.000 -9999.000 -9999.000 -9999.000 -9999.000 -9999.000 -9999.000 -9999.000 -9999.000
-9999.000 0.6195855 1.328454 1.184432 0.5077377 0.1165695 0.1404383 0.1247357 0.1115746 0.7780014E-01 0.4388776E-01 0.4077877E-01 0.5577708E-01 0.5719409E-01 0.9792718E-01 0.1484843 0.1789356 0.2035787 0.2267842 0.2099168 0.1300544 0.1092234 0.1069291 0.1154035 0.1361139 0.1485760 0.1424843 0.1184455 0.8802608E-01 0.5005472E-01 -9999.000 -9999.000 0.1836429E-01 -9999.000 -9999.000 -9999.000 -9999.000 -9999.000 -9999.000 -9999.000 -9999.000 -9999.000 -9999.000 -9999.000 -9999.000 -9999.000 -9999.000 -9999.000 -9999.000 -9999.000 -9999.000 -9999.000 -9999.000 -9999.000 -9999.000 -9999.000 -9999.000 -9999.000 -9999.000
-9999.000 -9999.000 -9999.000 0.2802909 0.1481213 0.1692046 0.1455991 0.1390147 0.1425536 0.1133490 0.8516861E-01 0.7006246E-01 0.6278811E-01 0.6376603E-01 0.1174650 0.1912795 0.2065344 0.2204300 0.2295767 0.1615761 0.9017649E-01 0.1201527 0.1290963 0.1414658 0.1466085 0.1214986 0.1201130 0.1190348 0.1058962 0.7043233E-01 -9999.000 -9999.000 -9999.000 -9999.000 -9999.000 -9999.000 -9999.000 -9999.000 -9999.000 -9999.000 -9999.000 -9999.000 -9999.000 -9999.000 -9999.000 -9999.000 -9999.000 -9999.000 -9999.000 -9999.000 -9999.000 -9999.000 -9999.000 -9999.000 -9999.000 -9999.000 -9999.000 -9999.000 -9999.000
-9999.000 -9999.000 -9999.000 0.6109953E-01 0.1609148 0.1683054 0.1672816 0.1738353 0.1805349 0.1637494 0.1436523 0.1231764 0.1000716 0.9606836E-01 0.1250365 0.1711132 0.1827802 0.1882892 0.1577974 0.1252749 0.8385412E-01 0.1121388 0.1315016 0.1476331 0.1447918 0.9461910E-01 0.7779204E-01 0.9881098E-01 0.1069443 0.8762973E-01 0.4523692E-01 0.1445843E-01 -9999.000 -9999.000 -9999.000 -9999.000 -9999.000 -9999.000 -9999.000 -9999.000 -9999.000 -9999.000 -9999.000 -9999.000 -9999.000 -9999.000 -9999.000 -9999.000 -9999.000 -9999.000 -9999.000 -9999.000 -9999.000 -9999.000 -9999.000 -9999.000 -9999.000 -9999.000 -9999.000
-9999.000 -9999.000 -9999.000 0.5780451E-01 0.9102629E-01 0.1225545 0.1714050 0.1984707 0.1853974 0.1629555 0.1449221 0.1453595 0.1293020 0.1074866 0.9732921E-01 0.8201286E-01 0.1166481 0.1073090 0.1101571 0.1503428 0.1236934 0.1383820 0.1655391 0.1907693 0.1827486 0.1255411 0.8937177E-01 0.9578426E-01 0.1083707 0.1072255 0.6871426E-01 0.2972969E-01 0.2017507E-01 -9999.000 -9999.000 -9999.000 -9999.000 -9999.000 -9999.000 -9999.000 -9999.000 -9999.000 -9999.000 -9999.000 -9999.000 -9999.000 -9999.000 -9999.000 -9999.000 -9999.000 -9999.000 -9999.000 -9999.000 -9999.000 -9999.000 -9999.000 -9999.000 -9999.000 -9999.000
-9999.000 -9999.000 -9999.000 -9999.000 0.5465449E-01 0.1000862 0.1584437 0.1805500 0.1779401 0.1586331 0.1330798 0.1097084 0.8879085E-01 0.7581023E-01 0.8172446E-01 0.1030555 0.1199037 0.9986820E-01 0.1069976 0.1301343 0.1207328 0.1510251 0.2128351 0.2508589 0.2348549 0.1651123 0.1073550 0.1064712 0.1180312 0.1292588 0.9090436E-01 0.5401082E-01 0.3900187E-01 0.2848941E-01 -9999.000 -9999.000 -9999.000 -9999.000 -9999.000 -9999.000 -9999.000 -9999.000 -9999.000 -9999.000 -9999.000 -9999.000 -9999.000 -9999.000 -9999.000 -9999.000 -9999.000 -9999.000 -9999.000 -9999.000 -9999.000 -9999.000 -9999.000 -9999.000 -9999.000
-9999.000 -9999.000 -9999.000 -9999.000 -9999.000 0.5981626E-01 0.9668484E-01 0.1394513 0.1702596 0.1893575 0.1364945 0.6676568E-01 0.4225108E-01 0.3732793E-01 0.7382651E-01 0.1378920 0.1729999 0.1834245 0.1326055 0.7455623E-01 0.6228763E-01 0.1252486 0.2290007 0.2663287 0.2261641 0.1589750 0.1212400 0.1387649 0.1610857 0.1663427 0.1132087 0.8573332E-01 0.8869843E-01 0.6620146E-01 0.4536211E-01 0.3496153E-01 -9999.000 -9999.000 -9999.000 -9999.000 -9999.000 -9999.000 -9999.000 -9999.000 -9999.000 -9999.000 -9999.000 -9999.000 -9999.000 -9999.000 -9999.000 -9999.000 -9999.000 -9999.000 -9999.000 -9999.000 -9999.000 -9999.000 -9999.000
-9999.000 -9999.000 -9999.000 -9999.000 -9999.000 0.2880502E-01 0.4497077E-01 0.1033048 0.1593253 0.1884532 0.1511793 0.7911479E-01 0.5525160E-01 0.6016850E-01 0.9123290E-01 0.1510897 0.1851918 0.2141789 0.1787954 0.1019124 0.8060179E-01 0.1381414 0.2191514 0.2349631 0.2003468 0.1427848 0.1184766 0.1249079 0.1559579 0.1755248 0.1367143 0.1304827 0.1436928 0.1342112 0.7767770E-01 0.5645612E-01 0.6236978E-01 0.4917989E-01 -9999.000 -9999.000 -9999.000 -9999.000 -9999.000 -9999.000 -9999.000 -9999.000 -9999.000 -9999.000 -9999.000 -9999.000 -9999.000 -9999.000 -9999.000 -9999.000 -9999.000 -9999.000 -9999.000 -9999.000 -9999.000
-9999.000 -9999.000 -9999.000 -9999.000 -9999.000 -9999.000 0.6127907E-01 0.9739760E-01 0.1412781 0.1675798 0.1668744 0.1287468 0.9032282E-01 0.9411936E-01 0.1198537 0.1549677 0.1814692 0.2260964 0.2305493 0.1883128 0.1780652 0.1794668 0.1925875 0.2085686 0.1446501 0.1118389 0.9635551E-01 0.8739065E-01 0.1060874 0.1452027 0.1327156 0.1385357 0.1548440 0.1509263 0.1116914 0.8058157E-01 0.9220801E-01 0.8851611E-01 0.4966189E-01 -9999.000 -9999.000 -9999.000 -9999.000 -9999.000 -9999.000 -9999.000 -9999.000 -9999.000 -9999.000 -9999.000 -9999.000 -9999.000 -9999.000 -9999.000 -9999.000 -9999.000 -9999.000 -9999.000 -9999.000
-9999.000 -9999.000 -9999.000 -9999.000 -9999.000 -9999.000 0.8108812E-01 0.9301886E-01 0.1241700 0.1614789 0.1851829 0.1605914 0.1150339 0.8619124E-01 0.9843988E-01 0.1310132 0.1639514 0.2204067 0.2401086 0.2389858 0.2495840 0.1986122 0.1614358 0.1438201 0.1131427 0.9722034E-01 0.8435067E-01 0.8560800E-01 0.1069848 0.1351355 0.1194934 0.1075098 0.1167307 0.1299098 0.1117124 0.8607898E-01 0.1037198 0.9927998E-01 -9999.000 -9999.000 -9999.000 -9999.000 -9999.000 -9999.000 -9999.000 -9999.000 -9999.000 -9999.000 -9999.000 -9999.000 -9999.000 -9999.000 -9999.000 -9999.000 -9999.000 -9999.000 -9999.000 -9999.000 -9999.000
-9999.000 -9999.000 -9999.000 -9999.000 -9999.000 -9999.000 -9999.000 0.4783209E-01 0.8081671E-01 0.1496181 0.1956839 0.1758246 0.1186621 0.5715387E-01 0.4926635E-01 0.6841082E-01 0.1149724 0.2022342 0.2107953 0.1973404 0.1774824 0.1354955 0.1208023 0.1539916 0.1799253 0.1214869 0.9990029E-01 0.1108741 0.1301713 0.1542874 0.1463203 0.1164401 0.1060551 0.1206233 0.1033861 0.6256036E-01 0.6332457E-01 0.8865384E-01 0.8863343E-01 0.6776616E-01 -9999.000 -9999.000 -9999.000 -9999.000 -9999.000 -9999.000 -9999.000 -9999.000 -9999.000 -9999.000 -9999.000 -9999.000 -9999.000 -9999.000 -9999.000 -9999.000 -9999.000 -9999.000 -9999.000
-9999.000 -9999.000 -9999.000 -9999.000 -9999.000 -9999.000 -9999.000 -9999.000 0.4089599E-01 0.1093845 0.1625203 0.1600349 0.1026598 0.3598836E-01 0.2135591E-01 -9999.000 0.6930039E-01 0.1337708 0.1327033 0.1116054 0.8926053E-01 0.9049509E-01 0.1126257 0.1902580 0.2235997 0.1706365 0.1581741 0.1690501 0.1787251 0.1931701 0.2056276 0.2011742 0.1503355 0.1191985 0.7146967E-01 0.2838421E-01 0.5471573E-01 0.9764339E-01 0.1094095 0.7582703E-01 -9999.000 -9999.000 -9999.000 -9999.000 -9999.000 -9999.000 -9999.000 -9999.000 -9999.000 -9999.000 -9999.000 -9999.000 -9999.000 -9999.000 -9999.000 -9999.000 -9999.000 -9999.000 -9999.000
-9999.000 -9999.000 -9999.000 -9999.000 -9999.000 -9999.000 -9999.000 -9999.000 -9999.000 0.5983398E-01 0.1211827 0.1417548 0.1100884 0.4414874E-01 0.1735777E-01 -9999.000 -9999.000 0.5837869E-01 0.7547492E-01 0.8365965E-01 0.1075909 0.1045694 0.1083106 0.1813848 0.2249209 0.2083887 0.2017387 0.2044642 0.1847090 0.1791081 0.2253065 0.2321539 0.2032107 0.1391434 0.5586817E-01 0.4311594E-01 0.8597729E-01 0.1019656 0.9208212E-01 0.7242633E-01 -9999.000 -9999.000 -9999.000 -9999.000 -9999.000 -9999.000 -9999.000 -9999.000 -9999.000 -9999.000 -9999.000 -9999.000 -9999.000 -9999.000 -9999.000 -9999.000 -9999.000 -9999.000 -9999.000
-9999.000 -9999.000 -9999.000 -9999.000 -9999.000 -9999.000 -9999.000 -9999.000 -9999.000 0.4774361E-01 0.1130062 0.1385726 0.1276800 0.7913330E-01 0.3483015E-01 -9999.000 -9999.000 0.2803528E-01 0.4577019E-01 0.6797782E-01 0.1021526 0.1315742 0.1278611 0.1687882 0.2221667 0.2150429 0.1962936 0.1698222 0.1017946 0.9811038E-01 0.1757641 0.1965703 0.1947014 0.1474610 0.9985676E-01 0.1084705 0.1176167 0.1078883 0.9272576E-01 0.1072639 0.9125632E-01 -9999.000 -9999.000 -9999.000 -9999.000 -9999.000 -9999.000 -9999.000 -9999.000 -9999.000 -9999.000 -9999.000 -9999.000 -9999.000 -9999.000 -9999.000 -9999.000 -9999.000 -9999.000
-9999.000 -9999.000 -9999.000 -9999.000 -9999.000 -9999.000 -9999.000 -9999.000 -9999.000 -9999.000 0.7711389E-01 0.1118501 0.1292035 0.1068582 0.6926285E-01 -9999.000 -9999.000 -9999.000 0.2928101E-01 0.4724372E-01 0.8967989E-01 0.1453527 0.1511598 0.1640200 0.2179197 0.1989156 0.1569593 0.9971697E-01 0.9090511E-01 0.1149115 0.1343977 0.1399733 0.1478684 0.1263188 0.1223393 0.1512913 0.1448939 0.1215627 0.1320730 0.1502323 0.1113466 -9999.000 -9999.000 -9999.000 -9999.000 -9999.000 -9999.000 -9999.000 -9999.000 -9999.000 -9999.000 -9999.000 -9999.000 -9999.000 -9999.000 -9999.000 -9999.000 -9999.000 -9999.000
-9999.000 -9999.000 -9999.000 -9999.000 -9999.000 -9999.000 -9999.000 -9999.000 -9999.000 -9999.000 -9999.000 0.1019788 0.1314391 0.1367899 0.9394482E-01 0.3950899E-01 0.1406518E-01 0.1561674E-01 0.2234518E-01 0.3445541E-01 0.6554536E-01 0.1125670 0.1221318 0.1572771 0.1957041 0.1688021 0.1043487 0.6581618E-01 0.1203685 0.1661403 0.1561549 0.1283332 0.1299194 0.1134982 0.1164071 0.1618077 0.1517977 0.1252104 0.1435141 0.1772968 0.1380812 0.7116272E-01 -9999.000 -9999.000 -9999.000 -9999.000 -9999.000 -9999.000 -9999.000 -9999.000 -9999.000 -9999.000 -9999.000 -9999.000 -9999.000 -9999.000 -9999.000 -9999.000 -9999.000
-9999.000 -9999.000 -9999.000 -9999.000 -9999.000 -9999.000 -9999.000 -9999.000 -9999.000 -9999.000 -9999.000 0.6307871E-01 0.1068032 0.1407004 0.1227782 0.6418642E-01 -9999.000 -9999.000 -9999.000 -9999.000 0.3392451E-01 0.6620454E-01 0.8019504E-01 0.1234236 0.1710235 0.1426637 0.1257252 0.1226260 0.1648252 0.1948010 0.2004331 0.1666206 0.1725118 0.1668525 0.1682921 0.1910261 0.1691481 0.1531079 0.1642773 0.1873473 0.1651157 0.9302389E-01 0.4521293E-01 -9999.000 -9999.000 -9999.000 -9999.000 -9999.000 -9999.000 -9999.000 -9999.000 -9999.000 -9999.000 -9999.000 -9999.000 -9999.000 -9999.000 -9999.000 -9999.000
-9999.000 -9999.000 -9999.000 -9999.000 -9999.000 -9999.000 -9999.000 -9999.000 -9999.000 -9999.000 -9999.000 -9999.000 0.5414802E-01 0.1055375 0.1117709 0.8089490E-01 0.4016293E-01 -9999.000 -9999.000 -9999.000 0.1655796E-01 0.2814162E-01 0.2884442E-01 0.6528533E-01 0.1501641 0.1714894 0.1733797 0.2033195 0.2035735 0.1836721 0.2065515 0.2394299 0.2604038 0.2809595 0.2557428 0.2193824 0.1978026 0.2015344 0.2056720 0.2140064 0.1888456 0.1355903 0.8245526E-01 -9999.000 -9999.000 -9999.000 -9999.000 -9999.000 -9999.000 -9999.000 -9999.000 -9999.000 -9999.000 -9999.000 -9999.000 -9999.000 -9999.000 -9999.000 -9999.000
-9999.000 -9999.000 -9999.000 -9999.000 -9999.000 -9999.000 -9999.000 -9999.000 -9999.000 -9999.000 -9999.000 0.1257991E-01 0.4269392E-01 0.1029659 0.1248618 0.1027525 0.6301622E-01 -9999.000 -9999.000 -9999.000 0.1905452E-01 0.2356014E-01 0.1411386E-01 0.4196002E-01 0.1178725 0.1491909 0.1667331 0.2216696 0.2385834 0.1973519 0.2064001 0.2680983 0.2891012 0.2988187 0.2865348 0.2412805 0.2208136 0.2141095 0.2220709 0.2292121 0.2165461 0.1949869 0.1257356 0.3466701E-01 -9999.000 -9999.000 -9999.000 -9999.000 -9999.000 -9999.000 -9999.000 -9999.000 -9999.000 -9999.000 -9999.000 -9999.000 -9999.000 -9999.000 -9999.000
-9999.000 -9999.000 -9999.000 -9999.000 -9999.000 -9999.000 -9999.000 -9999.000 -9999.000 -9999.000 -9999.000 -9999.000 -9999.000 0.1109848 0.1359601 0.1270307 0.8851134E-01 0.4008008E-01 0.1588932E-01 0.1743075E-01 0.2184184E-01 0.2047703E-01 0.1476705E-01 0.3587898E-01 0.7569222E-01 0.8516741E-01 0.1023019 0.1759090 0.2268090 0.2180710 0.2337517 0.2749847 0.2640545 0.2523652 0.2532203 0.2426400 0.2097174 0.2050655 0.2063998 0.2215632 0.2283935 0.2124134 0.1610296 0.7391331E-01 -9999.000 -9999.000 -9999.000 -9999.000 -9999.000 -9999.000 -9999.000 -9999.000 -9999.000 -9999.000 -9999.000 -9999.000 -9999.000 -9999.000 -9999.000
-9999.000 -9999.000 -9999.000 -9999.000 -9999.000 -9999.000 -9999.000 -9999.000 -9999.000 -9999.000 -9999.000 -9999.000 -9999.000 0.1000609 0.1360389 0.1392333 0.1176134 0.6425387E-01 0.2165522E-01 0.2603252E-01 0.2611771E-01 0.2819796E-01 0.3472504E-01 0.4931032E-01 0.5961634E-01 0.4578175E-01 0.6004496E-01 0.1134604 0.1662580 0.1916297 0.2553868 0.2504283 0.1930782 0.1932079 0.2083645 0.1619014 0.1327843 0.1078773 0.1261613 0.1510680 0.1785955 0.1855530 0.1578694 0.9386502E-01 0.7366882E-01 -9999.000 -9999.000 -9999.000 -9999.000 -9999.000 -9999.000 -9999.000 -9999.000 -9999.000 -9999.000 -9999.000 -9999.000 -9999.000 -9999.000
-9999.000 -9999.000 -9999.000 -9999.000 -9999.000 -9999.000 -9999.000 -9999.000 -9999.000 -9999.000 -9999.000 -9999.000 -9999.000 0.7501005E-01 0.1189329 0.1354579 0.1257035 0.8168198E-01 0.3902896E-01 0.2376055E-01 0.2303754E-01 0.2551680E-01 0.3823945E-01 0.5012497E-01 0.4125295E-01 0.4863319E-01 0.8522001E-01 0.1207258 0.1526919 0.1863005 0.2152949 0.1751541 0.1348267 0.2103028 0.2388308 0.1828545 0.1171966 0.9392869E-01 0.1095696 0.1157377 0.1330443 0.1526760 0.1476460 0.1166626 0.7927128E-01 0.5330354E-01 -9999.000 -9999.000 -9999.000 -9999.000 -9999.000 -9999.000 -9999.000 -9999.000 -9999.000 -9999.000 -9999.000 -9999.000 -9999.000
-9999.000 -9999.000 -9999.000 -9999.000 -9999.000 -9999.000 -9999.000 -9999.000 -9999.000 -9999.000 -9999.000 -9999.000 -9999.000 0.5827688E-01 0.9088276E-01 0.1004441 0.1218646 0.1016324 0.4393522E-01 0.1540926E-01 -9999.000 -9999.000 -9999.000 0.2732226E-01 0.3691566E-01 0.5847046E-01 0.1224331 0.1497563 0.1545728 0.1464324 0.1475150 0.1288225 0.1240845 0.2110335 0.2760002 0.2633772 0.2101093 0.1437073 0.1377983 0.1572187 0.1622481 0.1585139 0.1545083 0.1240622 0.7487290E-01 0.3718615E-01 -9999.000 -9999.000 -9999.000 -9999.000 -9999.000 -9999.000 -9999.000 -9999.000 -9999.000 -9999.000 -9999.000 -9999.000 -9999.000
-9999.000 -9999.000 -9999.000 -9999.000 -9999.000 -9999.000 -9999.000 -9999.000 -9999.000 -9999.000 -9999.000 -9999.000 -9999.000 0.6448391E-01 0.7955602E-01 0.9191558E-01 0.1229475 0.1151676 0.6913222E-01 0.3849836E-01 0.1676300E-01 -9999.000 -9999.000 -9999.000 0.2963355E-01 0.3763118E-01 0.7790703E-01 0.1020284 0.1234838 0.1187338 0.1392477 0.1658205 0.1483896 0.1878439 0.2408023 0.2609717 0.2269875 0.1782314 0.1627646 0.1782121 0.1739840 0.1552894 0.1517811 0.1357027 0.1090102 0.7725745E-01 0.5748156E-01 -9999.000 -9999.000 -9999.000 -9999.000 -9999.000 -9999.000 -9999.000 -9999.000 -9999.000 -9999.000 -9999.000 -9999.000
