simulation_files/asc/Depth____65.0.asc
NCOLS        79
NROWS        79
XLLCENTER         -1.500000
YLLCENTER         -4.800000
CELLSIZE           0.100
NODATA_VALUE     -9999.0
[rows 0 to 25 of 79, columns 0 to 57 of 79]
-9999.000 -9999.000 -9999.000 -9999.000 -9999.000 -9999.000 -9999.000 -9999.000 -9999.000 -9999.000 -9999.000 -9999.000 -9999.000 -9999.000 -9999.000 0.2820824 0.2822151 0.2821330 0.2819955 0.2818173 0.2816035 0.2813576 0.2810827 0.2807827 0.2804625 0.2801288 0.2797901 0.2794583 0.2791643 0.2794557 0.2794557 -9999.000 -9999.000 -9999.000 -9999.000 -9999.000 -9999.000 -9999.000 -9999.000 -9999.000 -9999.000 -9999.000 -9999.000 -9999.000 -9999.000 -9999.000 -9999.000 -9999.000 -9999.000 -9999.000 -9999.000 -9999.000 -9999.000 -9999.000 -9999.000 -9999.000 -9999.000 -9999.000
-9999.000 -9999.000 -9999.000 -9999.000 -9999.000 -9999.000 -9999.000 -9999.000 -9999.000 -9999.000 -9999.000 -9999.000 -9999.000 -9999.000 -9999.000 0.2839772 0.2841307 0.2840490 0.2839193 0.2837539 0.2835572 0.2833322 0.2830826 0.2828125 0.2825271 0.2822321 0.2819340 0.2816389 0.2813661 0.2816415 0.2816415 -9999.000 -9999.000 -9999.000 -9999.000 -9999.000 -9999.000 -9999.000 -9999.000 -9999.000 -9999.000 -9999.000 -9999.000 -9999.000 -9999.000 -9999.000 -9999.000 -9999.000 -9999.000 -9999.000 -9999.000 -9999.000 -9999.000 -9999.000 -9999.000 -9999.000 -9999.000 -9999.000
-9999.000 -9999.000 -9999.000 -9999.000 -9999.000 -9999.000 -9999.000 -9999.000 -9999.000 -9999.000 -9999.000 -9999.000 -9999.000 -9999.000 -9999.000 0.2859867 0.2861832 0.2861018 0.2859725 0.2858092 0.2856162 0.2853960 0.2851516 0.2848862 0.2846035 0.2843077 0.2840030 0.2836939 0.2834000 0.2837118 0.2837118 -9999.000 -9999.000 -9999.000 -9999.000 -9999.000 -9999.000 -9999.000 -9999.000 -9999.000 -9999.000 -9999.000 -9999.000 -9999.000 -9999.000 -9999.000 -9999.000 -9999.000 -9999.000 -9999.000 -9999.000 -9999.000 -9999.000 -9999.000 -9999.000 -9999.000 -9999.000 -9999.000
-9999.000 -9999.000 -9999.000 -9999.000 -9999.000 -9999.000 -9999.000 -9999.000 -9999.000 -9999.000 -9999.000 -9999.000 -9999.000 -9999.000 -9999.000 0.2880326 0.2882646 0.2881814 0.2880500 0.2878850 0.2876905 0.2874686 0.2872214 0.2869512 0.2866607 0.2863528 0.2860304 0.2856964 0.2853706 0.2857068 0.2857068 -9999.000 -9999.000 -9999.000 -9999.000 -9999.000 -9999.000 -9999.000 -9999.000 -9999.000 -9999.000 -9999.000 -9999.000 -9999.000 -9999.000 -9999.000 -9999.000 -9999.000 -9999.000 -9999.000 -9999.000 -9999.000 -9999.000 -9999.000 -9999.000 -9999.000 -9999.000 -9999.000
-9999.000 -9999.000 -9999.000 -9999.000 -9999.000 -9999.000 -9999.000 -9999.000 -9999.000 -9999.000 -9999.000 -9999.000 -9999.000 -9999.000 -9999.000 0.2901064 0.2903667 0.2902793 0.2901431 0.2899729 0.2897725 0.2895435 0.2892871 0.2890048 0.2886982 0.2883691 0.2880192 0.2876499 0.2872806 0.2876323 0.2876323 -9999.000 -9999.000 -9999.000 -9999.000 -9999.000 -9999.000 -9999.000 -9999.000 -9999.000 -9999.000 -9999.000 -9999.000 -9999.000 -9999.000 -9999.000 -9999.000 -9999.000 -9999.000 -9999.000 -9999.000 -9999.000 -9999.000 -9999.000 -9999.000 -9999.000 -9999.000 -9999.000
-9999.000 -9999.000 -9999.000 -9999.000 -9999.000 -9999.000 -9999.000 -9999.000 -9999.000 -9999.000 -9999.000 -9999.000 -9999.000 -9999.000 -9999.000 0.2922008 0.2924823 0.2923883 0.2922449 0.2920667 0.2918568 0.2916162 0.2913453 0.2910447 0.2907147 0.2903560 0.2899690 0.2895533 0.2891270 0.2894851 0.2894851 -9999.000 -9999.000 -9999.000 -9999.000 -9999.000 -9999.000 -9999.000 -9999.000 -9999.000 -9999.000 -9999.000 -9999.000 -9999.000 -9999.000 -9999.000 -9999.000 -9999.000 -9999.000 -9999.000 -9999.000 -9999.000 -9999.000 -9999.000 -9999.000 -9999.000 -9999.000 -9999.000
-9999.000 -9999.000 -9999.000 -9999.000 -9999.000 -9999.000 -9999.000 -9999.000 -9999.000 -9999.000 -9999.000 -9999.000 -9999.000 -9999.000 -9999.000 0.2943094 0.2946053 0.2945021 0.2943496 0.2941609 0.2939385 0.2936826 0.2933926 0.2930678 0.2927076 0.2923108 0.2918761 0.2914008 0.2909004 0.2912542 0.2912542 -9999.000 -9999.000 -9999.000 -9999.000 -9999.000 -9999.000 -9999.000 -9999.000 -9999.000 -9999.000 -9999.000 -9999.000 -9999.000 -9999.000 -9999.000 -9999.000 -9999.000 -9999.000 -9999.000 -9999.000 -9999.000 -9999.000 -9999.000 -9999.000 -9999.000 -9999.000 -9999.000
-9999.000 -9999.000 -9999.000 -9999.000 -9999.000 -9999.000 -9999.000 -9999.000 -9999.000 -9999.000 -9999.000 -9999.000 -9999.000 -9999.000 -9999.000 0.2964264 0.2967299 0.2966151 0.2964517 0.2962506 0.2960132 0.2957386 0.2954251 0.2950706 0.2946726 0.2942282 0.2937334 0.2931822 0.2925853 0.2929191 0.2929191 -9999.000 -9999.000 -9999.000 -9999.000 -9999.000 -9999.000 -9999.000 -9999.000 -9999.000 -9999.000 -9999.000 -9999.000 -9999.000 -9999.000 -9999.000 -9999.000 -9999.000 -9999.000 -9999.000 -9999.000 -9999.000 -9999.000 -9999.000 -9999.000 -9999.000 -9999.000 -9999.000
-9999.000 -9999.000 -9999.000 -9999.000 -9999.000 -9999.000 -9999.000 -9999.000 -9999.000 -9999.000 -9999.000 -9999.000 -9999.000 -9999.000 -9999.000 0.2985460 0.2988505 0.2987216 0.2985459 0.2983306 0.2980759 0.2977794 0.2974379 0.2970475 0.2966034 0.2961001 0.2955297 0.2948811 0.2941566 0.2944451 0.2944451 -9999.000 -9999.000 -9999.000 -9999.000 -9999.000 -9999.000 -9999.000 -9999.000 -9999.000 -9999.000 -9999.000 -9999.000 -9999.000 -9999.000 -9999.000 -9999.000 -9999.000 -9999.000 -9999.000 -9999.000 -9999.000 -9999.000 -9999.000 -9999.000 -9999.000 -9999.000 -9999.000
-9999.000 -9999.000 -9999.000 -9999.000 -9999.000 -9999.000 -9999.000 -9999.000 -9999.000 -9999.000 -9999.000 -9999.000 -9999.000 -9999.000 -9999.000 0.3006613 0.3009609 0.3008155 0.3006262 0.3003951 0.3001207 0.2997989 0.2994245 0.2989911 0.2984909 0.2979143 0.2972479 0.2964726 0.2955762 0.2957749 0.2957749 -9999.000 -9999.000 -9999.000 -9999.000 -9999.000 -9999.000 -9999.000 -9999.000 -9999.000 -9999.000 -9999.000 -9999.000 -9999.000 -9999.000 -9999.000 -9999.000 -9999.000 -9999.000 -9999.000 -9999.000 -9999.000 -9999.000 -9999.000 -9999.000 -9999.000 -9999.000 -9999.000
-9999.000 -9999.000 -9999.000 -9999.000 -9999.000 -9999.000 -9999.000 -9999.000 -9999.000 -9999.000 -9999.000 -9999.000 -9999.000 -9999.000 -9999.000 0.3027639 0.3030540 0.3028896 0.3026854 0.3024369 0.3021402 0.3017892 0.3013758 0.3008905 0.3003213 0.2996526 0.2988626 0.2979188 0.2967843 0.2968112 0.2968112 -9999.000 -9999.000 -9999.000 -9999.000 -9999.000 -9999.000 -9999.000 -9999.000 -9999.000 -9999.000 -9999.000 -9999.000 -9999.000 -9999.000 -9999.000 -9999.000 -9999.000 -9999.000 -9999.000 -9999.000 -9999.000 -9999.000 -9999.000 -9999.000 -9999.000 -9999.000 -9999.000
-9999.000 -9999.000 -9999.000 -9999.000 -9999.000 -9999.000 -9999.000 -9999.000 -9999.000 -9999.000 -9999.000 -9999.000 -9999.000 -9999.000 -9999.000 0.3048426 0.3051205 0.3049349 0.3047144 0.3044465 0.3041244 0.3037390 0.3032791 0.3027304 0.3020747 0.3012878 0.3003345 0.2991604 0.2976846 0.2973778 0.2973778 -9999.000 -9999.000 -9999.000 -9999.000 -9999.000 -9999.000 -9999.000 -9999.000 -9999.000 -9999.000 -9999.000 -9999.000 -9999.000 -9999.000 -9999.000 -9999.000 -9999.000 -9999.000 -9999.000 -9999.000 -9999.000 -9999.000 -9999.000 -9999.000 -9999.000 -9999.000 -9999.000
-9999.000 -9999.000 -9999.000 -9999.000 -9999.000 -9999.000 -9999.000 -9999.000 -9999.000 -9999.000 -9999.000 -9999.000 -9999.000 -9999.000 -9999.000 0.3068816 0.3071479 0.3069393 0.3067006 0.3064106 0.3060586 0.3056322 0.3051151 0.3044867 0.3037200 0.3027770 0.3016010 0.3000997 0.2981120 0.2971261 0.2971261 -9999.000 -9999.000 -9999.000 -9999.000 -9999.000 -9999.000 -9999.000 -9999.000 -9999.000 -9999.000 -9999.000 -9999.000 -9999.000 -9999.000 -9999.000 -9999.000 -9999.000 -9999.000 -9999.000 -9999.000 -9999.000 -9999.000 -9999.000 -9999.000 -9999.000 -9999.000 -9999.000
-9999.000 -9999.000 -9999.000 -9999.000 -9999.000 -9999.000 -9999.000 -9999.000 -9999.000 -9999.000 -9999.000 -9999.000 -9999.000 -9999.000 -9999.000 0.3088460 0.3091119 0.3088813 0.3086241 0.3083095 0.3079225 0.3074456 0.3068557 0.3061232 0.3052071 0.3040480 0.3025526 0.3005607 0.2977557 0.2952653 0.2952653 -9999.000 -9999.000 -9999.000 -9999.000 -9999.000 -9999.000 -9999.000 -9999.000 -9999.000 -9999.000 -9999.000 -9999.000 -9999.000 -9999.000 -9999.000 -9999.000 -9999.000 -9999.000 -9999.000 -9999.000 -9999.000 -9999.000 -9999.000 -9999.000 -9999.000 -9999.000 -9999.000
-9999.000 -9999.000 -9999.000 -9999.000 -9999.000 -9999.000 -9999.000 -9999.000 -9999.000 -9999.000 -9999.000 -9999.000 -9999.000 -9999.000 -9999.000 0.3097087 0.3106351 0.3105995 0.3104619 0.3102085 0.3098337 0.3093222 0.3086479 0.3077720 0.3066365 0.3051505 0.3031598 0.3003725 0.2961226 0.2893782 0.2893782 -9999.000 -9999.000 -9999.000 -9999.000 -9999.000 -9999.000 -9999.000 -9999.000 -9999.000 -9999.000 -9999.000 -9999.000 -9999.000 -9999.000 -9999.000 -9999.000 -9999.000 -9999.000 -9999.000 -9999.000 -9999.000 -9999.000 -9999.000 -9999.000 -9999.000 -9999.000 -9999.000
0.2715391 0.2715391 0.2602681 0.2523561 0.2499842 0.2499842 0.2480064 0.2446949 0.2446949 0.2419631 0.2419631 0.2546748 0.2909358 0.2997740 0.3084810 0.3084810 0.3180784 0.3185632 0.3188883 0.3189355 0.3186001 0.3177830 0.3164005 0.3143829 0.3116428 0.3079979 0.3030061 0.2955501 0.2824515 0.2481248 0.2481248 0.1212799 0.9685625E-01 0.9331638E-01 0.9830830E-01 0.9830830E-01 0.1139904 0.1139904 0.1373116 0.1373116 0.1751008 0.2048478 0.2048478 0.2082072 0.2082072 0.2070901 0.2070901 0.2070901 0.2023613 0.2023613 0.1977504 0.1977504 0.1939064 0.1939064 0.1882001 0.1882001 0.1845391 0.1845391
0.2704889 0.2704889 0.2595789 0.2519140 0.2495653 0.2495653 0.2475982 0.2442946 0.2442946 0.2415662 0.2415662 0.2493253 0.2905558 0.2988652 0.3058447 0.3058447 0.3115540 0.3119398 0.3123675 0.3127892 0.3131002 0.3131526 0.3127643 0.3117164 0.3097414 0.3064906 0.3014492 0.2936978 0.2811498 0.2564916 0.2564916 0.1669695 0.1378616 0.1170194 0.1139313 0.1139313 0.1179716 0.1179716 0.1350842 0.1350842 0.1597242 0.2049243 0.2049243 0.2087580 0.2087580 0.2068448 0.2068448 0.2068448 0.2020256 0.2020256 0.1974104 0.1974104 0.1942068 0.1942068 0.1879281 0.1879281 0.1842910 0.1842910
0.2699598 0.2699598 0.2592999 0.2518762 0.2495492 0.2495492 0.2475897 0.2442856 0.2442856 0.2415511 0.2415511 0.2465198 0.2881845 0.2973854 0.3029687 0.3029687 0.3064933 0.3063713 0.3063304 0.3063872 0.3064674 0.3064346 0.3061046 0.3052473 0.3035766 0.3007208 0.2961553 0.2890347 0.2776635 0.2570720 0.2570720 0.1887366 0.1598171 0.1336189 0.1277223 0.1277223 0.1270160 0.1270160 0.1391226 0.1391226 0.1548256 0.1996997 0.1996997 0.2099303 0.2099303 0.2072216 0.2072216 0.2072216 0.2020233 0.2020233 0.1973378 0.1973378 0.1935481 0.1935481 0.1882282 0.1882282 0.1844231 0.1844231
0.2695587 0.2695587 0.2590523 0.2518433 0.2495429 0.2495429 0.2475941 0.2442913 0.2442913 0.2415517 0.2415517 0.2445665 0.2845241 0.2958590 0.3002816 0.3002816 0.3018458 0.3011781 0.3006511 0.3002884 0.3000219 0.2997208 0.2992052 0.2982492 0.2965755 0.2938360 0.2895632 0.2830468 0.2729220 0.2551928 0.2551928 0.2020890 0.1756485 0.1491013 0.1428135 0.1428135 0.1407332 0.1407332 0.1483933 0.1483933 0.1571112 0.1908323 0.1908323 0.2083367 0.2083367 0.2070547 0.2070547 0.2070547 0.2018900 0.2018900 0.1970666 0.1970666 0.1930513 0.1930513 0.1882242 0.1882242 0.1843941 0.1843941
0.2692645 0.2692645 0.2588529 0.2518091 0.2495359 0.2495359 0.2475990 0.2442982 0.2442982 0.2415535 0.2415535 0.2431168 0.2797807 0.2942956 0.2976435 0.2976435 0.2971146 0.2958101 0.2947806 0.2940208 0.2934395 0.2928919 0.2921917 0.2911152 0.2893990 0.2867273 0.2827028 0.2767734 0.2679146 0.2527764 0.2527764 0.2102957 0.1875989 0.1641246 0.1590909 0.1590909 0.1575357 0.1575357 0.1610067 0.1610067 0.1645126 0.1837634 0.1837634 0.2030676 0.2030676 0.2058844 0.2058844 0.2058844 0.2012517 0.2012517 0.1964528 0.1964528 0.1923205 0.1923205 0.1879062 0.1879062 0.1842287 0.1842287
0.2690631 0.2690631 0.2587101 0.2517782 0.2495284 0.2495284 0.2476024 0.2443043 0.2443043 0.2415557 0.2415557 0.2420575 0.2742962 0.2927193 0.2950229 0.2950229 0.2920958 0.2900276 0.2884390 0.2872789 0.2864162 0.2856775 0.2848560 0.2837201 0.2820131 0.2794486 0.2757009 0.2704031 0.2629148 0.2502598 0.2502598 0.2160922 0.1976767 0.1800094 0.1770381 0.1770381 0.1757034 0.1757034 0.1745448 0.1745448 0.1741942 0.1810752 0.1810752 0.1959434 0.1959434 0.2030651 0.2030651 0.2030651 0.1997593 0.1997593 0.1953840 0.1953840 0.1913507 0.1913507 0.1873455 0.1873455 0.1839745 0.1839745
0.2689454 0.2689454 0.2586252 0.2517565 0.2495222 0.2495222 0.2476040 0.2443085 0.2443085 0.2415575 0.2415575 0.2412888 0.2684230 0.2911496 0.2924275 0.2924275 0.2866343 0.2836626 0.2814387 0.2798518 0.2787221 0.2778405 0.2769697 0.2758572 0.2742409 0.2718524 0.2684322 0.2638607 0.2580323 0.2482442 0.2482442 0.2213014 0.2079295 0.1978112 0.1964607 0.1964607 0.1933048 0.1933048 0.1872414 0.1872414 0.1840749 0.1823539 0.1823539 0.1898453 0.1898453 0.1986295 0.1986295 0.1986295 0.1971533 0.1971533 0.1936943 0.1936943 0.1900795 0.1900795 0.1865869 0.1865869 0.1836637 0.1836637
0.2689067 0.2689067 0.2585972 0.2517487 0.2495199 0.2495199 0.2476045 0.2443100 0.2443100 0.2415582 0.2415582 0.2407335 0.2625349 0.2895462 0.2898822 0.2898822 0.2805608 0.2765459 0.2736043 0.2715515 0.2701532 0.2691659 0.2683147 0.2673142 0.2658815 0.2637495 0.2607141 0.2570481 0.2535269 0.2475011 0.2475011 0.2278891 0.2204775 0.2172793 0.2158975 0.2158975 0.2087400 0.2087400 0.1982760 0.1982760 0.1931287 0.1859503 0.1859503 0.1864206 0.1864206 0.1933731 0.1933731 0.1933731 0.1934853 0.1934853 0.1912751 0.1912751 0.1884353 0.1884353 0.1856371 0.1856371 0.1833110 0.1833110
0.2689454 0.2689454 0.2586252 0.2517565 0.2495223 0.2495223 0.2476041 0.2443085 0.2443085 0.2415574 0.2415574 0.2403347 0.2570757 0.2877496 0.2874426 0.2874426 0.2736604 0.2684675 0.2647360 0.2621822 0.2605006 0.2594291 0.2586600 0.2578668 0.2567249 0.2549421 0.2523575 0.2499797 0.2501788 0.2493053 0.2493053 0.2379120 0.2367604 0.2365020 0.2333328 0.2333328 0.2213417 0.2213417 0.2075052 0.2075052 0.2010009 0.1904209 0.1904209 0.1856072 0.1856072 0.1883664 0.1883664 0.1883664 0.1891691 0.1891691 0.1881819 0.1881819 0.1863854 0.1863854 0.1844928 0.1844928 0.1829286 0.1829286
0.2690631 0.2690631 0.2587101 0.2517782 0.2495284 0.2495284 0.2476024 0.2443044 0.2443044 0.2415557 0.2415557 0.2400511 0.2528713 0.2851339 0.2852194 0.2852194 0.2655756 0.2592131 0.2546377 0.2515024 0.2495183 0.2483867 0.2477589 0.2472599 0.2465160 0.2451987 0.2432175 0.2430380 0.2495730 0.2551843 0.2551843 0.2527299 0.2562624 0.2532529 0.2476473 0.2476473 0.2312479 0.2312479 0.2150472 0.2150472 0.2076094 0.1948726 0.1948726 0.1865043 0.1865043 0.1843720 0.1843720 0.1843720 0.1848042 0.1848042 0.1846653 0.1846653 0.1839900 0.1839900 0.1831778 0.1831778 0.1825266 0.1825266
0.2692645 0.2692645 0.2588528 0.2518091 0.2495360 0.2495360 0.2475990 0.2442982 0.2442982 0.2415535 0.2415535 0.2398535 0.2500402 0.2819212 0.2830914 0.2830914 0.2560408 0.2483753 0.2428446 0.2391146 0.2368577 0.2357257 0.2353255 0.2352325 0.2350184 0.2343061 0.2331807 0.2373181 0.2544171 0.2668593 0.2668593 0.2721010 0.2757956 0.2671196 0.2595288 0.2595288 0.2388910 0.2388910 0.2210483 0.2210483 0.2129596 0.1988376 0.1988376 0.1881952 0.1881952 0.1816345 0.1816345 0.1816345 0.1809297 0.1809297 0.1811063 0.1811063 0.1814284 0.1814284 0.1817663 0.1817663 0.1821215 0.1821215
