simulation_files/asc/Depth____88.0.asc
NCOLS        79
NROWS        79
XLLCENTER         -1.500000
YLLCENTER         -4.800000
CELLSIZE           0.100
NODATA_VALUE     -9999.0
[rows 0 to 25 of 79, columns 0 to 57 of 79]
-9999.000 -9999.000 -9999.000 -9999.000 -9999.000 -9999.000 -9999.000 -9999.000 -9999.000 -9999.000 -9999.000 -9999.000 -9999.000 -9999.000 -9999.000 0.3313962 0.3315441 0.3314864 0.3313851 0.3312536 0.3310961 0.3309142 0.3307081 0.3304768 0.3302186 0.3299318 0.3296153 0.3292689 0.3289101 0.3291628 0.3291628 -9999.000 -9999.000 -9999.000 -9999.000 -9999.000 -9999.000 -9999.000 -9999.000 -9999.000 -9999.000 -9999.000 -9999.000 -9999.000 -9999.000 -9999.000 -9999.000 -9999.000 -9999.000 -9999.000 -9999.000 -9999.000 -9999.000 -9999.000 -9999.000 -9999.000 -9999.000 -9999.000
-9999.000 -9999.000 -9999.000 -9999.000 -9999.000 -9999.000 -9999.000 -9999.000 -9999.000 -9999.000 -9999.000 -9999.000 -9999.000 -9999.000 -9999.000 0.3332746 0.3334349 0.3333772 0.3332827 0.3331628 0.3330205 0.3328578 0.3326753 0.3324732 0.3322508 0.3320070 0.3317397 0.3314447 0.3311278 0.3313800 0.3313800 -9999.000 -9999.000 -9999.000 -9999.000 -9999.000 -9999.000 -9999.000 -9999.000 -9999.000 -9999.000 -9999.000 -9999.000 -9999.000 -9999.000 -9999.000 -9999.000 -9999.000 -9999.000 -9999.000 -9999.000 -9999.000 -9999.000 -9999.000 -9999.000 -9999.000 -9999.000 -9999.000
-9999.000 -9999.000 -9999.000 -9999.000 -9999.000 -9999.000 -9999.000 -9999.000 -9999.000 -9999.000 -9999.000 -9999.000 -9999.000 -9999.000 -9999.000 0.3352565 0.3354530 0.3353967 0.3353041 0.3351876 0.3350507 0.3348949 0.3347206 0.3345266 0.3343110 0.3340706 0.3338007 0.3334940 0.3331546 0.3334326 0.3334326 -9999.000 -9999.000 -9999.000 -9999.000 -9999.000 -9999.000 -9999.000 -9999.000 -9999.000 -9999.000 -9999.000 -9999.000 -9999.000 -9999.000 -9999.000 -9999.000 -9999.000 -9999.000 -9999.000 -9999.000 -9999.000 -9999.000 -9999.000 -9999.000 -9999.000 -9999.000 -9999.000
-9999.000 -9999.000 -9999.000 -9999.000 -9999.000 -9999.000 -9999.000 -9999.000 -9999.000 -9999.000 -9999.000 -9999.000 -9999.000 -9999.000 -9999.000 0.3372727 0.3374982 0.3374416 0.3373487 0.3372324 0.3370964 0.3369419 0.3367684 0.3365740 0.3363554 0.3361078 0.3358243 0.3354950 0.3351215 0.3354107 0.3354107 -9999.000 -9999.000 -9999.000 -9999.000 -9999.000 -9999.000 -9999.000 -9999.000 -9999.000 -9999.000 -9999.000 -9999.000 -9999.000 -9999.000 -9999.000 -9999.000 -9999.000 -9999.000 -9999.000 -9999.000 -9999.000 -9999.000 -9999.000 -9999.000 -9999.000 -9999.000 -9999.000
-9999.000 -9999.000 -9999.000 -9999.000 -9999.000 -9999.000 -9999.000 -9999.000 -9999.000 -9999.000 -9999.000 -9999.000 -9999.000 -9999.000 -9999.000 0.3393135 0.3395617 0.3395028 0.3394073 0.3392883 0.3391494 0.3389916 0.3388137 0.3386127 0.3383842 0.3381216 0.3378159 0.3374545 0.3370352 0.3373244 0.3373244 -9999.000 -9999.000 -9999.000 -9999.000 -9999.000 -9999.000 -9999.000 -9999.000 -9999.000 -9999.000 -9999.000 -9999.000 -9999.000 -9999.000 -9999.000 -9999.000 -9999.000 -9999.000 -9999.000 -9999.000 -9999.000 -9999.000 -9999.000 -9999.000 -9999.000 -9999.000 -9999.000
-9999.000 -9999.000 -9999.000 -9999.000 -9999.000 -9999.000 -9999.000 -9999.000 -9999.000 -9999.000 -9999.000 -9999.000 -9999.000 -9999.000 -9999.000 0.3413704 0.3416360 0.3415730 0.3414729 0.3413489 0.3412043 0.3410398 0.3408534 0.3406412 0.3403972 0.3401131 0.3397775 0.3393741 0.3388958 0.3391736 0.3391736 -9999.000 -9999.000 -9999.000 -9999.000 -9999.000 -9999.000 -9999.000 -9999.000 -9999.000 -9999.000 -9999.000 -9999.000 -9999.000 -9999.000 -9999.000 -9999.000 -9999.000 -9999.000 -9999.000 -9999.000 -9999.000 -9999.000 -9999.000 -9999.000 -9999.000 -9999.000 -9999.000
-9999.000 -9999.000 -9999.000 -9999.000 -9999.000 -9999.000 -9999.000 -9999.000 -9999.000 -9999.000 -9999.000 -9999.000 -9999.000 -9999.000 -9999.000 0.3434369 0.3437151 0.3436463 0.3435403 0.3434094 0.3432570 0.3430831 0.3428850 0.3426577 0.3423934 0.3420816 0.3417079 0.3412516 0.3406979 0.3409501 0.3409501 -9999.000 -9999.000 -9999.000 -9999.000 -9999.000 -9999.000 -9999.000 -9999.000 -9999.000 -9999.000 -9999.000 -9999.000 -9999.000 -9999.000 -9999.000 -9999.000 -9999.000 -9999.000 -9999.000 -9999.000 -9999.000 -9999.000 -9999.000 -9999.000 -9999.000 -9999.000 -9999.000
-9999.000 -9999.000 -9999.000 -9999.000 -9999.000 -9999.000 -9999.000 -9999.000 -9999.000 -9999.000 -9999.000 -9999.000 -9999.000 -9999.000 -9999.000 0.3455073 0.3457941 0.3457179 0.3456048 0.3454657 0.3453037 0.3451183 0.3449059 0.3446598 0.3443703 0.3440242 0.3436032 0.3430804 0.3424303 0.3426361 0.3426361 -9999.000 -9999.000 -9999.000 -9999.000 -9999.000 -9999.000 -9999.000 -9999.000 -9999.000 -9999.000 -9999.000 -9999.000 -9999.000 -9999.000 -9999.000 -9999.000 -9999.000 -9999.000 -9999.000 -9999.000 -9999.000 -9999.000 -9999.000 -9999.000 -9999.000 -9999.000 -9999.000
-9999.000 -9999.000 -9999.000 -9999.000 -9999.000 -9999.000 -9999.000 -9999.000 -9999.000 -9999.000 -9999.000 -9999.000 -9999.000 -9999.000 -9999.000 0.3475765 0.3478683 0.3477833 0.3476621 0.3475138 0.3473408 0.3471419 0.3469124 0.3466439 0.3463240 0.3459359 0.3454562 0.3448495 0.3440745 0.3442014 0.3442014 -9999.000 -9999.000 -9999.000 -9999.000 -9999.000 -9999.000 -9999.000 -9999.000 -9999.000 -9999.000 -9999.000 -9999.000 -9999.000 -9999.000 -9999.000 -9999.000 -9999.000 -9999.000 -9999.000 -9999.000 -9999.000 -9999.000 -9999.000 -9999.000 -9999.000 -9999.000 -9999.000
-9999.000 -9999.000 -9999.000 -9999.000 -9999.000 -9999.000 -9999.000 -9999.000 -9999.000 -9999.000 -9999.000 -9999.000 -9999.000 -9999.000 -9999.000 0.3496391 0.3499329 0.3498376 0.3497076 0.3495490 0.3493636 0.3491494 0.3489001 0.3486049 0.3482482 0.3478085 0.3472552 0.3465414 0.3456016 0.3455954 0.3455954 -9999.000 -9999.000 -9999.000 -9999.000 -9999.000 -9999.000 -9999.000 -9999.000 -9999.000 -9999.000 -9999.000 -9999.000 -9999.000 -9999.000 -9999.000 -9999.000 -9999.000 -9999.000 -9999.000 -9999.000 -9999.000 -9999.000 -9999.000 -9999.000 -9999.000 -9999.000 -9999.000
-9999.000 -9999.000 -9999.000 -9999.000 -9999.000 -9999.000 -9999.000 -9999.000 -9999.000 -9999.000 -9999.000 -9999.000 -9999.000 -9999.000 -9999.000 0.3516886 0.3519826 0.3518755 0.3517357 0.3515657 0.3513664 0.3511346 0.3508621 0.3505350 0.3501333 0.3496293 0.3489825 0.3481290 0.3469670 0.3467322 0.3467322 -9999.000 -9999.000 -9999.000 -9999.000 -9999.000 -9999.000 -9999.000 -9999.000 -9999.000 -9999.000 -9999.000 -9999.000 -9999.000 -9999.000 -9999.000 -9999.000 -9999.000 -9999.000 -9999.000 -9999.000 -9999.000 -9999.000 -9999.000 -9999.000 -9999.000 -9999.000 -9999.000
-9999.000 -9999.000 -9999.000 -9999.000 -9999.000 -9999.000 -9999.000 -9999.000 -9999.000 -9999.000 -9999.000 -9999.000 -9999.000 -9999.000 -9999.000 0.3537165 0.3540102 0.3538897 0.3537391 0.3535563 0.3533410 0.3530887 0.3527884 0.3524221 0.3519644 0.3513784 0.3506096 0.3495694 0.3480985 0.3474577 0.3474577 -9999.000 -9999.000 -9999.000 -9999.000 -9999.000 -9999.000 -9999.000 -9999.000 -9999.000 -9999.000 -9999.000 -9999.000 -9999.000 -9999.000 -9999.000 -9999.000 -9999.000 -9999.000 -9999.000 -9999.000 -9999.000 -9999.000 -9999.000 -9999.000 -9999.000 -9999.000 -9999.000
-9999.000 -9999.000 -9999.000 -9999.000 -9999.000 -9999.000 -9999.000 -9999.000 -9999.000 -9999.000 -9999.000 -9999.000 -9999.000 -9999.000 -9999.000 0.3557104 0.3560057 0.3558704 0.3557074 0.3555096 0.3552753 0.3549979 0.3546629 0.3542471 0.3537167 0.3530226 0.3520897 0.3507903 0.3488736 0.3474711 0.3474711 -9999.000 -9999.000 -9999.000 -9999.000 -9999.000 -9999.000 -9999.000 -9999.000 -9999.000 -9999.000 -9999.000 -9999.000 -9999.000 -9999.000 -9999.000 -9999.000 -9999.000 -9999.000 -9999.000 -9999.000 -9999.000 -9999.000 -9999.000 -9999.000 -9999.000 -9999.000 -9999.000
-9999.000 -9999.000 -9999.000 -9999.000 -9999.000 -9999.000 -9999.000 -9999.000 -9999.000 -9999.000 -9999.000 -9999.000 -9999.000 -9999.000 -9999.000 0.3576383 0.3579460 0.3577965 0.3576212 0.3574068 0.3571500 0.3568412 0.3564611 0.3559790 0.3553493 0.3545047 0.3533380 0.3516590 0.3490628 0.3461134 0.3461134 -9999.000 -9999.000 -9999.000 -9999.000 -9999.000 -9999.000 -9999.000 -9999.000 -9999.000 -9999.000 -9999.000 -9999.000 -9999.000 -9999.000 -9999.000 -9999.000 -9999.000 -9999.000 -9999.000 -9999.000 -9999.000 -9999.000 -9999.000 -9999.000 -9999.000 -9999.000 -9999.000
-9999.000 -9999.000 -9999.000 -9999.000 -9999.000 -9999.000 -9999.000 -9999.000 -9999.000 -9999.000 -9999.000 -9999.000 -9999.000 -9999.000 -9999.000 0.3583011 0.3593542 0.3594389 0.3594170 0.3592956 0.3590855 0.3587846 0.3583737 0.3578152 0.3570489 0.3559805 0.3544523 0.3521630 0.3484010 0.3414154 0.3414154 -9999.000 -9999.000 -9999.000 -9999.000 -9999.000 -9999.000 -9999.000 -9999.000 -9999.000 -9999.000 -9999.000 -9999.000 -9999.000 -9999.000 -9999.000 -9999.000 -9999.000 -9999.000 -9999.000 -9999.000 -9999.000 -9999.000 -9999.000 -9999.000 -9999.000 -9999.000 -9999.000
0.3325348 0.3325348 0.3191690 0.3110084 0.3083980 0.3083980 0.3062091 0.3025804 0.3025804 0.2995605 0.2995605 0.2969437 0.2957545 0.2946258 0.3289459 0.3289459 0.3668735 0.3674068 0.3679701 0.3684706 0.3687942 0.3687989 0.3683182 0.3671668 0.3651381 0.3619616 0.3571622 0.3496470 0.3362955 0.3014078 0.3014078 0.1602746 0.1370541 0.1370514 0.1427103 0.1427103 0.1577598 0.1577598 0.1914982 0.1914982 0.2295691 0.2540108 0.2540108 0.2574990 0.2574990 0.2564463 0.2564463 0.2564463 0.2512372 0.2512372 0.2459172 0.2459172 0.2413666 0.2413666 0.2352589 0.2352589 0.2313706 0.2313706
0.3312671 0.3312671 0.3183901 0.3104715 0.3078944 0.3078944 0.3057202 0.3021027 0.3021027 0.2990900 0.2990900 0.2964811 0.2952961 0.2941722 0.3170039 0.3170039 0.3604773 0.3603517 0.3604114 0.3607441 0.3612688 0.3618330 0.3622271 0.3621821 0.3613520 0.3592717 0.3552670 0.3482283 0.3358610 0.3105524 0.3105524 0.2097206 0.1778111 0.1558222 0.1532374 0.1532374 0.1591562 0.1591562 0.1831604 0.1831604 0.2145043 0.2550473 0.2550473 0.2582034 0.2582034 0.2562697 0.2562697 0.2562697 0.2509232 0.2509232 0.2455724 0.2455724 0.2416645 0.2416645 0.2349475 0.2349475 0.2310714 0.2310714
0.3305895 0.3305895 0.3181261 0.3104214 0.3078730 0.3078730 0.3057091 0.3020908 0.3020908 0.2990722 0.2990722 0.2964594 0.2952731 0.2941486 0.3082305 0.3082305 0.3561133 0.3549959 0.3540585 0.3535777 0.3534994 0.3536766 0.3538918 0.3538584 0.3532121 0.3514851 0.3480372 0.3418784 0.3311118 0.3102182 0.3102182 0.2342492 0.2017701 0.1719084 0.1657426 0.1657426 0.1666700 0.1666700 0.1842345 0.1842345 0.2060488 0.2521052 0.2521052 0.2600863 0.2600863 0.2568605 0.2568605 0.2568605 0.2510935 0.2510935 0.2455989 0.2455989 0.2410732 0.2410732 0.2353083 0.2353083 0.2312477 0.2312477
0.3300576 0.3300576 0.3178988 0.3103811 0.3078634 0.3078634 0.3057120 0.3020955 0.3020955 0.2990727 0.2990727 0.2964582 0.2952718 0.2941481 0.3029531 0.3029531 0.3520847 0.3501119 0.3481832 0.3468715 0.3461225 0.3457802 0.3456235 0.3453592 0.3446197 0.3429495 0.3397643 0.3342336 0.3248856 0.3072572 0.3072572 0.2485127 0.2192289 0.1883392 0.1813546 0.1813546 0.1803481 0.1803481 0.1922541 0.1922541 0.2056304 0.2446485 0.2446485 0.2596965 0.2596965 0.2567743 0.2567743 0.2567743 0.2509419 0.2509419 0.2452887 0.2452887 0.2405409 0.2405409 0.2352769 0.2352769 0.2312187 0.2312187
0.3296573 0.3296573 0.3177136 0.3103458 0.3078559 0.3078559 0.3057162 0.3021010 0.3021010 0.2990738 0.2990738 0.2964574 0.2952709 0.2941482 0.2994368 0.2994368 0.3474337 0.3449652 0.3420611 0.3399405 0.3385535 0.3377228 0.3372149 0.3367260 0.3358855 0.3342516 0.3312905 0.3263144 0.3182529 0.3033713 0.3033713 0.2572497 0.2323151 0.2049915 0.1993401 0.1993401 0.1986981 0.1986981 0.2051578 0.2051578 0.2116251 0.2370388 0.2370388 0.2555598 0.2555598 0.2557112 0.2557112 0.2557112 0.2502111 0.2502111 0.2445725 0.2445725 0.2397420 0.2397420 0.2349219 0.2349219 0.2310704 0.2310704
0.3293786 0.3293786 0.3175770 0.3103184 0.3078503 0.3078503 0.3057202 0.3021060 0.3021060 0.2990748 0.2990748 0.2964568 0.2952701 0.2941483 0.2971355 0.2971355 0.3413044 0.3392063 0.3353668 0.3324293 0.3304070 0.3291114 0.3282991 0.3276509 0.3267823 0.3252516 0.3225556 0.3181147 0.3111658 0.2989747 0.2989747 0.2635576 0.2433482 0.2230836 0.2199204 0.2199204 0.2194879 0.2194879 0.2199371 0.2199371 0.2210697 0.2326544 0.2326544 0.2487312 0.2487312 0.2530778 0.2530778 0.2530778 0.2486381 0.2486381 0.2433927 0.2433927 0.2387104 0.2387104 0.2343611 0.2343611 0.2308817 0.2308817
0.3292142 0.3292142 0.3174934 0.3103008 0.3078468 0.3078468 0.3057229 0.3021095 0.3021095 0.2990755 0.2990755 0.2964562 0.2952696 0.2941485 0.2956528 0.2956528 0.3323078 0.3324457 0.3278573 0.3241235 0.3214576 0.3196867 0.3185825 0.3178228 0.3170069 0.3156736 0.3133113 0.3094040 0.3036691 0.2947702 0.2947702 0.2693173 0.2548147 0.2438304 0.2427194 0.2427194 0.2400712 0.2400712 0.2341628 0.2341628 0.2313726 0.2322076 0.2322076 0.2418481 0.2418481 0.2487779 0.2487779 0.2487779 0.2460018 0.2460018 0.2416334 0.2416334 0.2374270 0.2374270 0.2336642 0.2336642 0.2307000 0.2307000
0.3291599 0.3291599 0.3174652 0.3102948 0.3078457 0.3078457 0.3057239 0.3021107 0.3021107 0.2990758 0.2990758 0.2964561 0.2952694 0.2941489 0.2947079 0.2947079 0.3216606 0.3239173 0.3192628 0.3148376 0.3115055 0.3092414 0.3078480 0.3070062 0.3062998 0.3052421 0.3033051 0.3000621 0.2960006 0.2917314 0.2917314 0.2765725 0.2694072 0.2669594 0.2658452 0.2658452 0.2582201 0.2582201 0.2466181 0.2466181 0.2410967 0.2346255 0.2346255 0.2369767 0.2369767 0.2433900 0.2433900 0.2433900 0.2423097 0.2423097 0.2392095 0.2392095 0.2358477 0.2358477 0.2328560 0.2328560 0.2305491 0.2305491
0.3292142 0.3292142 0.3174933 0.3103008 0.3078469 0.3078469 0.3057229 0.3021095 0.3021095 0.2990755 0.2990755 0.2964562 0.2952696 0.2941496 0.2941102 0.2941102 0.3104127 0.3131419 0.3090230 0.3041793 0.3002733 0.2975489 0.2958871 0.2949941 0.2944521 0.2937528 0.2923460 0.2899552 0.2885200 0.2915683 0.2915683 0.2883784 0.2890684 0.2900745 0.2866428 0.2866428 0.2729693 0.2729693 0.2570424 0.2570424 0.2496851 0.2385001 0.2385001 0.2346736 0.2346736 0.2378666 0.2378666 0.2378666 0.2378748 0.2378748 0.2361580 0.2361580 0.2339487 0.2339487 0.2319465 0.2319465 0.2304426 0.2304426
0.3293785 0.3293785 0.3175770 0.3103183 0.3078504 0.3078504 0.3057202 0.3021060 0.3021060 0.2990747 0.2990747 0.2964567 0.2952701 0.2941504 0.2937348 0.2937348 0.2990052 0.3001731 0.2964981 0.2916104 0.2873738 0.2843203 0.2824645 0.2815745 0.2812556 0.2809942 0.2802233 0.2790142 0.2824399 0.2975523 0.2975523 0.3073103 0.3129333 0.3102130 0.3035519 0.3035519 0.2844857 0.2844857 0.2655751 0.2655751 0.2569819 0.2427719 0.2427719 0.2344154 0.2344154 0.2330489 0.2330489 0.2330489 0.2332227 0.2332227 0.2326809 0.2326809 0.2317808 0.2317808 0.2309560 0.2309560 0.2303798 0.2303798
0.3296572 0.3296572 0.3177136 0.3103458 0.3078559 0.3078559 0.3057162 0.3021010 0.3021010 0.2990738 0.2990738 0.2964574 0.2952709 0.2941513 0.2935008 0.2935008 0.2871839 0.2851491 0.2812017 0.2764852 0.2722670 0.2691487 0.2672710 0.2664948 0.2664828 0.2667436 0.2667232 0.2674529 0.2810832 0.3140358 0.3140358 0.3318482 0.3365294 0.3264509 0.3172157 0.3172157 0.2933128 0.2933128 0.2723674 0.2723674 0.2629268 0.2467726 0.2467726 0.2353441 0.2353441 0.2293705 0.2293705 0.2293705 0.2288980 0.2288980 0.2291149 0.2291149 0.2294912 0.2294912 0.2299346 0.2299346 0.2303520 0.2303520
