simulation_files/asc/Depth____79.0.asc
NCOLS        79
NROWS        79
XLLCENTER         -1.500000
YLLCENTER         -4.800000
CELLSIZE           0.100
NODATA_VALUE     -9999.0
[rows 0 to 25 of 79, columns 0 to 57 of 79]
-9999.000 -9999.000 -9999.000 -9999.000 -9999.000 -9999.000 -9999.000 -9999.000 -9999.000 -9999.000 -9999.000 -9999.000 -9999.000 -9999.000 -9999.000 0.3126576 0.3127958 0.3127268 0.3126104 0.3124599 0.3122794 0.3120711 0.3118361 0.3115749 0.3112885 0.3109784 0.3106475 0.3103011 0.3099629 0.3102316 0.3102316 -9999.000 -9999.000 -9999.000 -9999.000 -9999.000 -9999.000 -9999.000 -9999.000 -9999.000 -9999.000 -9999.000 -9999.000 -9999.000 -9999.000 -9999.000 -9999.000 -9999.000 -9999.000 -9999.000 -9999.000 -9999.000 -9999.000 -9999.000 -9999.000 -9999.000 -9999.000 -9999.000
-9999.000 -9999.000 -9999.000 -9999.000 -9999.000 -9999.000 -9999.000 -9999.000 -9999.000 -9999.000 -9999.000 -9999.000 -9999.000 -9999.000 -9999.000 0.3145420 0.3146954 0.3146265 0.3145170 0.3143781 0.3142131 0.3140243 0.3138133 0.3135816 0.3133308 0.3130626 0.3127784 0.3124784 0.3121746 0.3124367 0.3124367 -9999.000 -9999.000 -9999.000 -9999.000 -9999.000 -9999.000 -9999.000 -9999.000 -9999.000 -9999.000 -9999.000 -9999.000 -9999.000 -9999.000 -9999.000 -9999.000 -9999.000 -9999.000 -9999.000 -9999.000 -9999.000 -9999.000 -9999.000 -9999.000 -9999.000 -9999.000 -9999.000
-9999.000 -9999.000 -9999.000 -9999.000 -9999.000 -9999.000 -9999.000 -9999.000 -9999.000 -9999.000 -9999.000 -9999.000 -9999.000 -9999.000 -9999.000 0.3165318 0.3167230 0.3166552 0.3165472 0.3164113 0.3162514 0.3160692 0.3158655 0.3156411 0.3153959 0.3151298 0.3148417 0.3145292 0.3142035 0.3144951 0.3144951 -9999.000 -9999.000 -9999.000 -9999.000 -9999.000 -9999.000 -9999.000 -9999.000 -9999.000 -9999.000 -9999.000 -9999.000 -9999.000 -9999.000 -9999.000 -9999.000 -9999.000 -9999.000 -9999.000 -9999.000 -9999.000 -9999.000 -9999.000 -9999.000 -9999.000 -9999.000 -9999.000
-9999.000 -9999.000 -9999.000 -9999.000 -9999.000 -9999.000 -9999.000 -9999.000 -9999.000 -9999.000 -9999.000 -9999.000 -9999.000 -9999.000 -9999.000 0.3185556 0.3187775 0.3187090 0.3186004 0.3184645 0.3183051 0.3181236 0.3179201 0.3176942 0.3174448 0.3171700 0.3168671 0.3165312 0.3161720 0.3164798 0.3164798 -9999.000 -9999.000 -9999.000 -9999.000 -9999.000 -9999.000 -9999.000 -9999.000 -9999.000 -9999.000 -9999.000 -9999.000 -9999.000 -9999.000 -9999.000 -9999.000 -9999.000 -9999.000 -9999.000 -9999.000 -9999.000 -9999.000 -9999.000 -9999.000 -9999.000 -9999.000 -9999.000
-9999.000 -9999.000 -9999.000 -9999.000 -9999.000 -9999.000 -9999.000 -9999.000 -9999.000 -9999.000 -9999.000 -9999.000 -9999.000 -9999.000 -9999.000 0.3206050 0.3208511 0.3207798 0.3206681 0.3205293 0.3203665 0.3201809 0.3199719 0.3197380 0.3194770 0.3191854 0.3188585 0.3184894 0.3180850 0.3183984 0.3183984 -9999.000 -9999.000 -9999.000 -9999.000 -9999.000 -9999.000 -9999.000 -9999.000 -9999.000 -9999.000 -9999.000 -9999.000 -9999.000 -9999.000 -9999.000 -9999.000 -9999.000 -9999.000 -9999.000 -9999.000 -9999.000 -9999.000 -9999.000 -9999.000 -9999.000 -9999.000 -9999.000
-9999.000 -9999.000 -9999.000 -9999.000 -9999.000 -9999.000 -9999.000 -9999.000 -9999.000 -9999.000 -9999.000 -9999.000 -9999.000 -9999.000 -9999.000 0.3226725 0.3229369 0.3228608 0.3227440 0.3225995 0.3224302 0.3222367 0.3220177 0.3217706 0.3214917 0.3211761 0.3208168 0.3204039 0.3199409 0.3202494 0.3202494 -9999.000 -9999.000 -9999.000 -9999.000 -9999.000 -9999.000 -9999.000 -9999.000 -9999.000 -9999.000 -9999.000 -9999.000 -9999.000 -9999.000 -9999.000 -9999.000 -9999.000 -9999.000 -9999.000 -9999.000 -9999.000 -9999.000 -9999.000 -9999.000 -9999.000 -9999.000 -9999.000
-9999.000 -9999.000 -9999.000 -9999.000 -9999.000 -9999.000 -9999.000 -9999.000 -9999.000 -9999.000 -9999.000 -9999.000 -9999.000 -9999.000 -9999.000 0.3247519 0.3250291 0.3249462 0.3248226 0.3246703 0.3244920 0.3242875 0.3240547 0.3237897 0.3234873 0.3231404 0.3227397 0.3222712 0.3217327 0.3220233 0.3220233 -9999.000 -9999.000 -9999.000 -9999.000 -9999.000 -9999.000 -9999.000 -9999.000 -9999.000 -9999.000 -9999.000 -9999.000 -9999.000 -9999.000 -9999.000 -9999.000 -9999.000 -9999.000 -9999.000 -9999.000 -9999.000 -9999.000 -9999.000 -9999.000 -9999.000 -9999.000 -9999.000
-9999.000 -9999.000 -9999.000 -9999.000 -9999.000 -9999.000 -9999.000 -9999.000 -9999.000 -9999.000 -9999.000 -9999.000 -9999.000 -9999.000 -9999.000 0.3268376 0.3271227 0.3270311 0.3268993 0.3267376 0.3265481 0.3263299 0.3260798 0.3257924 0.3254606 0.3250749 0.3246221 0.3240834 0.3234476 0.3237011 0.3237011 -9999.000 -9999.000 -9999.000 -9999.000 -9999.000 -9999.000 -9999.000 -9999.000 -9999.000 -9999.000 -9999.000 -9999.000 -9999.000 -9999.000 -9999.000 -9999.000 -9999.000 -9999.000 -9999.000 -9999.000 -9999.000 -9999.000 -9999.000 -9999.000 -9999.000 -9999.000 -9999.000
-9999.000 -9999.000 -9999.000 -9999.000 -9999.000 -9999.000 -9999.000 -9999.000 -9999.000 -9999.000 -9999.000 -9999.000 -9999.000 -9999.000 -9999.000 0.3289244 0.3292127 0.3291105 0.3289693 0.3287968 0.3285942 0.3283598 0.3280890 0.3277746 0.3274070 0.3269732 0.3264554 0.3258274 0.3250647 0.3252509 0.3252509 -9999.000 -9999.000 -9999.000 -9999.000 -9999.000 -9999.000 -9999.000 -9999.000 -9999.000 -9999.000 -9999.000 -9999.000 -9999.000 -9999.000 -9999.000 -9999.000 -9999.000 -9999.000 -9999.000 -9999.000 -9999.000 -9999.000 -9999.000 -9999.000 -9999.000 -9999.000 -9999.000
-9999.000 -9999.000 -9999.000 -9999.000 -9999.000 -9999.000 -9999.000 -9999.000 -9999.000 -9999.000 -9999.000 -9999.000 -9999.000 -9999.000 -9999.000 0.3310065 0.3312942 0.3311796 0.3310278 0.3308430 0.3306255 0.3303723 0.3300771 0.3297303 0.3293191 0.3288259 0.3282263 0.3274834 0.3265519 0.3266197 0.3266197 -9999.000 -9999.000 -9999.000 -9999.000 -9999.000 -9999.000 -9999.000 -9999.000 -9999.000 -9999.000 -9999.000 -9999.000 -9999.000 -9999.000 -9999.000 -9999.000 -9999.000 -9999.000 -9999.000 -9999.000 -9999.000 -9999.000 -9999.000 -9999.000 -9999.000 -9999.000 -9999.000
-9999.000 -9999.000 -9999.000 -9999.000 -9999.000 -9999.000 -9999.000 -9999.000 -9999.000 -9999.000 -9999.000 -9999.000 -9999.000 -9999.000 -9999.000 0.3330771 0.3333611 0.3332323 0.3330688 0.3328703 0.3326358 0.3323607 0.3320366 0.3316508 0.3311860 0.3306184 0.3299142 0.3290205 0.3278592 0.3277174 0.3277174 -9999.000 -9999.000 -9999.000 -9999.000 -9999.000 -9999.000 -9999.000 -9999.000 -9999.000 -9999.000 -9999.000 -9999.000 -9999.000 -9999.000 -9999.000 -9999.000 -9999.000 -9999.000 -9999.000 -9999.000 -9999.000 -9999.000 -9999.000 -9999.000 -9999.000 -9999.000 -9999.000
-9999.000 -9999.000 -9999.000 -9999.000 -9999.000 -9999.000 -9999.000 -9999.000 -9999.000 -9999.000 -9999.000 -9999.000 -9999.000 -9999.000 -9999.000 0.3351266 0.3354058 0.3352609 0.3350844 0.3348705 0.3346163 0.3343156 0.3339567 0.3335229 0.3329910 0.3323285 0.3314873 0.3303904 0.3289063 0.3283813 0.3283813 -9999.000 -9999.000 -9999.000 -9999.000 -9999.000 -9999.000 -9999.000 -9999.000 -9999.000 -9999.000 -9999.000 -9999.000 -9999.000 -9999.000 -9999.000 -9999.000 -9999.000 -9999.000 -9999.000 -9999.000 -9999.000 -9999.000 -9999.000 -9999.000 -9999.000 -9999.000 -9999.000
-9999.000 -9999.000 -9999.000 -9999.000 -9999.000 -9999.000 -9999.000 -9999.000 -9999.000 -9999.000 -9999.000 -9999.000 -9999.000 -9999.000 -9999.000 0.3371415 0.3374171 0.3372546 0.3370635 0.3368317 0.3365543 0.3362223 0.3358203 0.3353258 0.3347074 0.3339196 0.3328933 0.3315122 0.3295559 0.3282921 0.3282921 -9999.000 -9999.000 -9999.000 -9999.000 -9999.000 -9999.000 -9999.000 -9999.000 -9999.000 -9999.000 -9999.000 -9999.000 -9999.000 -9999.000 -9999.000 -9999.000 -9999.000 -9999.000 -9999.000 -9999.000 -9999.000 -9999.000 -9999.000 -9999.000 -9999.000 -9999.000 -9999.000
-9999.000 -9999.000 -9999.000 -9999.000 -9999.000 -9999.000 -9999.000 -9999.000 -9999.000 -9999.000 -9999.000 -9999.000 -9999.000 -9999.000 -9999.000 0.3390882 0.3393710 0.3391921 0.3389864 0.3387349 0.3384301 0.3380594 0.3376018 0.3370269 0.3362909 0.3353291 0.3340386 0.3322380 0.3295506 0.3267407 0.3267407 -9999.000 -9999.000 -9999.000 -9999.000 -9999.000 -9999.000 -9999.000 -9999.000 -9999.000 -9999.000 -9999.000 -9999.000 -9999.000 -9999.000 -9999.000 -9999.000 -9999.000 -9999.000 -9999.000 -9999.000 -9999.000 -9999.000 -9999.000 -9999.000 -9999.000 -9999.000 -9999.000
-9999.000 -9999.000 -9999.000 -9999.000 -9999.000 -9999.000 -9999.000 -9999.000 -9999.000 -9999.000 -9999.000 -9999.000 -9999.000 -9999.000 -9999.000 0.3398323 0.3408279 0.3408687 0.3408037 0.3406332 0.3403625 0.3399841 0.3394761 0.3387999 0.3378965 0.3366731 0.3349733 0.3324977 0.3285462 0.3215964 0.3215964 -9999.000 -9999.000 -9999.000 -9999.000 -9999.000 -9999.000 -9999.000 -9999.000 -9999.000 -9999.000 -9999.000 -9999.000 -9999.000 -9999.000 -9999.000 -9999.000 -9999.000 -9999.000 -9999.000 -9999.000 -9999.000 -9999.000 -9999.000 -9999.000 -9999.000 -9999.000 -9999.000
0.3093199 0.3093199 0.2987266 0.2885738 0.2860367 0.2860367 0.2839294 0.2804560 0.2804560 0.2775801 0.2775801 0.2750848 0.2739463 0.2794445 0.3233322 0.3233322 0.3484011 0.3489421 0.3494323 0.3497708 0.3498474 0.3495325 0.3486860 0.3471655 0.3448154 0.3414108 0.3365022 0.3289972 0.3157583 0.2810986 0.2810986 0.1453106 0.1217204 0.1207618 0.1263863 0.1263863 0.1419199 0.1419199 0.1714607 0.1714607 0.2121523 0.2357118 0.2357118 0.2387822 0.2387822 0.2376777 0.2376777 0.2376777 0.2326450 0.2326450 0.2275914 0.2275914 0.2233050 0.2233050 0.2173535 0.2173535 0.2135618 0.2135618
0.3087637 0.3087637 0.2971279 0.2881368 0.2855939 0.2855939 0.2834827 0.2800089 0.2800089 0.2771379 0.2771379 0.2746501 0.2735157 0.2760069 0.3142605 0.3142605 0.3418174 0.3419440 0.3422118 0.3426310 0.3431149 0.3435155 0.3436337 0.3432185 0.3419500 0.3394017 0.3349571 0.3275848 0.3150873 0.2899935 0.2899935 0.1932672 0.1624755 0.1410857 0.1384164 0.1384164 0.1439146 0.1439146 0.1653642 0.1653642 0.1960826 0.2365769 0.2365769 0.2393656 0.2393656 0.2374724 0.2374724 0.2374724 0.2323137 0.2323137 0.2272424 0.2272424 0.2236008 0.2236008 0.2170512 0.2170512 0.2132748 0.2132748
0.3084282 0.3084282 0.2964415 0.2881338 0.2855988 0.2855988 0.2834847 0.2800010 0.2800010 0.2771224 0.2771224 0.2746303 0.2734946 0.2746755 0.3045852 0.3045852 0.3371049 0.3364123 0.3359137 0.3357133 0.3357542 0.3358977 0.3359387 0.3356110 0.3345805 0.3324165 0.3285225 0.3219624 0.3109175 0.2900954 0.2900954 0.2168286 0.1857081 0.1573047 0.1512885 0.1512885 0.1517740 0.1517740 0.1674212 0.1674212 0.1880067 0.2335987 0.2335987 0.2410580 0.2410580 0.2379868 0.2379868 0.2379868 0.2324196 0.2324196 0.2272292 0.2272292 0.2229851 0.2229851 0.2173917 0.2173917 0.2134404 0.2134404
0.3081453 0.3081453 0.2959566 0.2881136 0.2856067 0.2856067 0.2834989 0.2800102 0.2800102 0.2771249 0.2771249 0.2746300 0.2734939 0.2738562 0.2951002 0.2951002 0.3328926 0.3313850 0.3301050 0.3292435 0.3287460 0.3284743 0.3282204 0.3277143 0.3266230 0.3245343 0.3209114 0.3149742 0.3053014 0.2876449 0.2876449 0.2307234 0.2025997 0.1733814 0.1666739 0.1666739 0.1653222 0.1653222 0.1757275 0.1757275 0.1879005 0.2258555 0.2258555 0.2405931 0.2405931 0.2378587 0.2378587 0.2378587 0.2322732 0.2322732 0.2269333 0.2269333 0.2224680 0.2224680 0.2173761 0.2173761 0.2134171 0.2134171
0.3079191 0.3079191 0.2956248 0.2880792 0.2856074 0.2856074 0.2835113 0.2800208 0.2800208 0.2771286 0.2771286 0.2746304 0.2734939 0.2733327 0.2871720 0.2871720 0.3285444 0.3261891 0.3240908 0.3225783 0.3215715 0.3209137 0.3203813 0.3196952 0.3185245 0.3164789 0.3130820 0.3077067 0.2993293 0.2843511 0.2843511 0.2393402 0.2153152 0.1894383 0.1840036 0.1840036 0.1830021 0.1830021 0.1883839 0.1883839 0.1939960 0.2181631 0.2181631 0.2364581 0.2364581 0.2368196 0.2368196 0.2368196 0.2315906 0.2315906 0.2262584 0.2262584 0.2216964 0.2216964 0.2170392 0.2170392 0.2132672 0.2132672
0.3077539 0.3077539 0.2954119 0.2880434 0.2856034 0.2856034 0.2835201 0.2800304 0.2800304 0.2771323 0.2771323 0.2746310 0.2734939 0.2729989 0.2818871 0.2818871 0.3236897 0.3205440 0.3175505 0.3153563 0.3138470 0.3128414 0.3120911 0.3112958 0.3101158 0.3081720 0.3050350 0.3002177 0.2931257 0.2808870 0.2808870 0.2453048 0.2260369 0.2067082 0.2035716 0.2035716 0.2027532 0.2027532 0.2026268 0.2026268 0.2033214 0.2139392 0.2139392 0.2297101 0.2297101 0.2342708 0.2342708 0.2342708 0.2301000 0.2301000 0.2251373 0.2251373 0.2206942 0.2206942 0.2164834 0.2164834 0.2130589 0.2130589
0.3076532 0.3076532 0.2952936 0.2880172 0.2855988 0.2855988 0.2835250 0.2800370 0.2800370 0.2771350 0.2771350 0.2746315 0.2734940 0.2727869 0.2782684 0.2782684 0.3177181 0.3142194 0.3103024 0.3073871 0.3053519 0.3040073 0.3030832 0.3022525 0.3011526 0.2993976 0.2965811 0.2923430 0.2865659 0.2775031 0.2775031 0.2511547 0.2371448 0.2263047 0.2250565 0.2250565 0.2221941 0.2221941 0.2162549 0.2162549 0.2133797 0.2137387 0.2137387 0.2230253 0.2230253 0.2300963 0.2300963 0.2300963 0.2275666 0.2275666 0.2234435 0.2234435 0.2194321 0.2194321 0.2157730 0.2157730 0.2128360 0.2128360
0.3076194 0.3076194 0.2952557 0.2880076 0.2855968 0.2855968 0.2835266 0.2800393 0.2800393 0.2771360 0.2771360 0.2746316 0.2734941 0.2726524 0.2758513 0.2758513 0.3094518 0.3068211 0.3021080 0.2984923 0.2959137 0.2942145 0.2931288 0.2923142 0.2913792 0.2899079 0.2874829 0.2838975 0.2799957 0.2755619 0.2755619 0.2585261 0.2510210 0.2479769 0.2467600 0.2467600 0.2393281 0.2393281 0.2281748 0.2281748 0.2228198 0.2163453 0.2163453 0.2184462 0.2184462 0.2248751 0.2248751 0.2248751 0.2239902 0.2239902 0.2210841 0.2210841 0.2178620 0.2178620 0.2149310 0.2149310 0.2126222 0.2126222
0.3076532 0.3076532 0.2952936 0.2880172 0.2855988 0.2855988 0.2835250 0.2800370 0.2800370 0.2771350 0.2771350 0.2746315 0.2734941 0.2725673 0.2742672 0.2742672 0.2988382 0.2977082 0.2927027 0.2884192 0.2852885 0.2832342 0.2820082 0.2812575 0.2805618 0.2794699 0.2775481 0.2748631 0.2739926 0.2766375 0.2766375 0.2699210 0.2693218 0.2695954 0.2663058 0.2663058 0.2532877 0.2532877 0.2381546 0.2381546 0.2311280 0.2203049 0.2203049 0.2164468 0.2164468 0.2195668 0.2195668 0.2195668 0.2196871 0.2196871 0.2180926 0.2180926 0.2159572 0.2159572 0.2139657 0.2139657 0.2124328 0.2124328
0.3077539 0.3077539 0.2954119 0.2880434 0.2856035 0.2856035 0.2835201 0.2800304 0.2800304 0.2771323 0.2771323 0.2746309 0.2734939 0.2725137 0.2732440 0.2732440 0.2868407 0.2862471 0.2814330 0.2767310 0.2731548 0.2708043 0.2694863 0.2688585 0.2684833 0.2678751 0.2665848 0.2652624 0.2699699 0.2834385 0.2834385 0.2873119 0.2913037 0.2885198 0.2822818 0.2822818 0.2642184 0.2642184 0.2463233 0.2463233 0.2381665 0.2245760 0.2245760 0.2164331 0.2164331 0.2150009 0.2150009 0.2150009 0.2151870 0.2151870 0.2146723 0.2146723 0.2137664 0.2137664 0.2128987 0.2128987 0.2122718 0.2122718
0.3079191 0.3079191 0.2956248 0.2880792 0.2856075 0.2856075 0.2835114 0.2800208 0.2800208 0.2771286 0.2771286 0.2746304 0.2734939 0.2724801 0.2725921 0.2725921 0.2738860 0.2721330 0.2675558 0.2628106 0.2590559 0.2565773 0.2552794 0.2548647 0.2549037 0.2548894 0.2543867 0.2555324 0.2713968 0.2987240 0.2987240 0.3093782 0.3132550 0.3038990 0.2952854 0.2952854 0.2726092 0.2726092 0.2528191 0.2528191 0.2438848 0.2285250 0.2285250 0.2175229 0.2175229 0.2115785 0.2115785 0.2115785 0.2110291 0.2110291 0.2111620 0.2111620 0.2114398 0.2114398 0.2117852 0.2117852 0.2121387 0.2121387
