simulation_files/asc/Depth____000033.asc
NCOLS        79
NROWS        79
XLLCENTER         -1.500000
YLLCENTER         -4.800000
CELLSIZE           0.100
NODATA_VALUE     -9999.0
[rows 0 to 25 of 79, columns 0 to 56 of 79]
-9999.000 -9999.000 -9999.000 -9999.000 -9999.000 -9999.000 -9999.000 -9999.000 -9999.000 -9999.000 -9999.000 -9999.000 -9999.000 -9999.000 -9999.000 0.1938255 0.1938716 0.1937405 0.1935293 0.1932572 0.1929376 0.1925833 0.1922077 0.1918246 0.1914487 0.1910954 0.1907813 0.1905247 0.1903545 0.1906345 0.1906345 -9999.000 -9999.000 -9999.000 -9999.000 -9999.000 -9999.000 -9999.000 -9999.000 -9999.000 -9999.000 -9999.000 -9999.000 -9999.000 -9999.000 -9999.000 -9999.000 -9999.000 -9999.000 -9999.000 -9999.000 -9999.000 -9999.000 -9999.000 -9999.000 -9999.000 -9999.000
-9999.000 -9999.000 -9999.000 -9999.000 -9999.000 -9999.000 -9999.000 -9999.000 -9999.000 -9999.000 -9999.000 -9999.000 -9999.000 -9999.000 -9999.000 0.1958508 0.1959545 0.1958283 0.1956272 0.1953693 0.1950669 0.1947319 0.1943772 0.1940159 0.1936619 0.1933291 0.1930312 0.1927814 0.1925997 0.1928421 0.1928421 -9999.000 -9999.000 -9999.000 -9999.000 -9999.000 -9999.000 -9999.000 -9999.000 -9999.000 -9999.000 -9999.000 -9999.000 -9999.000 -9999.000 -9999.000 -9999.000 -9999.000 -9999.000 -9999.000 -9999.000 -9999.000 -9999.000 -9999.000 -9999.000 -9999.000 -9999.000
-9999.000 -9999.000 -9999.000 -9999.000 -9999.000 -9999.000 -9999.000 -9999.000 -9999.000 -9999.000 -9999.000 -9999.000 -9999.000 -9999.000 -9999.000 0.1980584 0.1982238 0.1980953 0.1978891 0.1976262 0.1973191 0.1969797 0.1966202 0.1962535 0.1958924 0.1955500 0.1952389 0.1949720 0.1947728 0.1950574 0.1950574 -9999.000 -9999.000 -9999.000 -9999.000 -9999.000 -9999.000 -9999.000 -9999.000 -9999.000 -9999.000 -9999.000 -9999.000 -9999.000 -9999.000 -9999.000 -9999.000 -9999.000 -9999.000 -9999.000 -9999.000 -9999.000 -9999.000 -9999.000 -9999.000 -9999.000 -9999.000
-9999.000 -9999.000 -9999.000 -9999.000 -9999.000 -9999.000 -9999.000 -9999.000 -9999.000 -9999.000 -9999.000 -9999.000 -9999.000 -9999.000 -9999.000 0.2003061 0.2005276 0.2003926 0.2001757 0.1999004 0.1995799 0.1992260 0.1988509 0.1984672 0.1980873 0.1977239 0.1973896 0.1970973 0.1968740 0.1971959 0.1971959 -9999.000 -9999.000 -9999.000 -9999.000 -9999.000 -9999.000 -9999.000 -9999.000 -9999.000 -9999.000 -9999.000 -9999.000 -9999.000 -9999.000 -9999.000 -9999.000 -9999.000 -9999.000 -9999.000 -9999.000 -9999.000 -9999.000 -9999.000 -9999.000 -9999.000 -9999.000
-9999.000 -9999.000 -9999.000 -9999.000 -9999.000 -9999.000 -9999.000 -9999.000 -9999.000 -9999.000 -9999.000 -9999.000 -9999.000 -9999.000 -9999.000 0.2025857 0.2028566 0.2027112 0.2024787 0.2021850 0.2018437 0.2014669 0.2010669 0.2006560 0.2002467 0.1998515 0.1994834 0.1991559 0.1988993 0.1992534 0.1992534 -9999.000 -9999.000 -9999.000 -9999.000 -9999.000 -9999.000 -9999.000 -9999.000 -9999.000 -9999.000 -9999.000 -9999.000 -9999.000 -9999.000 -9999.000 -9999.000 -9999.000 -9999.000 -9999.000 -9999.000 -9999.000 -9999.000 -9999.000 -9999.000 -9999.000 -9999.000
-9999.000 -9999.000 -9999.000 -9999.000 -9999.000 -9999.000 -9999.000 -9999.000 -9999.000 -9999.000 -9999.000 -9999.000 -9999.000 -9999.000 -9999.000 0.2048911 0.2052032 0.2050435 0.2047911 0.2044738 0.2041055 0.2036984 0.2032648 0.2028171 0.2023679 0.2019299 0.2015163 0.2011419 0.2008406 0.2012217 0.2012217 -9999.000 -9999.000 -9999.000 -9999.000 -9999.000 -9999.000 -9999.000 -9999.000 -9999.000 -9999.000 -9999.000 -9999.000 -9999.000 -9999.000 -9999.000 -9999.000 -9999.000 -9999.000 -9999.000 -9999.000 -9999.000 -9999.000 -9999.000 -9999.000 -9999.000 -9999.000
-9999.000 -9999.000 -9999.000 -9999.000 -9999.000 -9999.000 -9999.000 -9999.000 -9999.000 -9999.000 -9999.000 -9999.000 -9999.000 -9999.000 -9999.000 0.2072177 0.2075605 0.2073823 0.2071062 0.2067608 0.2063599 0.2059157 0.2054403 0.2049461 0.2044459 0.2039527 0.2034804 0.2030449 0.2026842 0.2030865 0.2030865 -9999.000 -9999.000 -9999.000 -9999.000 -9999.000 -9999.000 -9999.000 -9999.000 -9999.000 -9999.000 -9999.000 -9999.000 -9999.000 -9999.000 -9999.000 -9999.000 -9999.000 -9999.000 -9999.000 -9999.000 -9999.000 -9999.000 -9999.000 -9999.000 -9999.000 -9999.000
-9999.000 -9999.000 -9999.000 -9999.000 -9999.000 -9999.000 -9999.000 -9999.000 -9999.000 -9999.000 -9999.000 -9999.000 -9999.000 -9999.000 -9999.000 0.2095610 0.2099216 0.2097200 0.2094170 0.2090394 0.2086007 0.2081125 0.2075870 0.2070363 0.2064731 0.2059107 0.2053635 0.2048489 0.2044090 0.2048246 0.2048246 -9999.000 -9999.000 -9999.000 -9999.000 -9999.000 -9999.000 -9999.000 -9999.000 -9999.000 -9999.000 -9999.000 -9999.000 -9999.000 -9999.000 -9999.000 -9999.000 -9999.000 -9999.000 -9999.000 -9999.000 -9999.000 -9999.000 -9999.000 -9999.000 -9999.000 -9999.000
-9999.000 -9999.000 -9999.000 -9999.000 -9999.000 -9999.000 -9999.000 -9999.000 -9999.000 -9999.000 -9999.000 -9999.000 -9999.000 -9999.000 -9999.000 0.2119154 0.2122784 0.2120484 0.2117152 0.2113018 0.2108201 0.2102814 0.2096970 0.2090786 0.2084386 0.2077900 0.2071476 0.2065300 0.2059832 0.2063994 0.2063994 -9999.000 -9999.000 -9999.000 -9999.000 -9999.000 -9999.000 -9999.000 -9999.000 -9999.000 -9999.000 -9999.000 -9999.000 -9999.000 -9999.000 -9999.000 -9999.000 -9999.000 -9999.000 -9999.000 -9999.000 -9999.000 -9999.000 -9999.000 -9999.000 -9999.000 -9999.000
-9999.000 -9999.000 -9999.000 -9999.000 -9999.000 -9999.000 -9999.000 -9999.000 -9999.000 -9999.000 -9999.000 -9999.000 -9999.000 -9999.000 -9999.000 0.2142727 0.2146213 0.2143573 0.2139913 0.2135386 0.2130091 0.2124126 0.2117596 0.2110608 0.2103273 0.2095712 0.2088068 0.2080529 0.2073584 0.2077513 0.2077513 -9999.000 -9999.000 -9999.000 -9999.000 -9999.000 -9999.000 -9999.000 -9999.000 -9999.000 -9999.000 -9999.000 -9999.000 -9999.000 -9999.000 -9999.000 -9999.000 -9999.000 -9999.000 -9999.000 -9999.000 -9999.000 -9999.000 -9999.000 -9999.000 -9999.000 -9999.000
-9999.000 -9999.000 -9999.000 -9999.000 -9999.000 -9999.000 -9999.000 -9999.000 -9999.000 -9999.000 -9999.000 -9999.000 -9999.000 -9999.000 -9999.000 0.2166198 0.2169376 0.2166340 0.2162329 0.2157380 0.2151556 0.2144938 0.2137611 0.2129665 0.2121187 0.2112271 0.2103034 0.2093641 0.2084584 0.2087805 0.2087805 -9999.000 -9999.000 -9999.000 -9999.000 -9999.000 -9999.000 -9999.000 -9999.000 -9999.000 -9999.000 -9999.000 -9999.000 -9999.000 -9999.000 -9999.000 -9999.000 -9999.000 -9999.000 -9999.000 -9999.000 -9999.000 -9999.000 -9999.000 -9999.000 -9999.000 -9999.000
-9999.000 -9999.000 -9999.000 -9999.000 -9999.000 -9999.000 -9999.000 -9999.000 -9999.000 -9999.000 -9999.000 -9999.000 -9999.000 -9999.000 -9999.000 0.2189378 0.2192111 0.2188627 0.2184244 0.2178846 0.2172443 0.2165086 0.2156832 0.2147737 0.2137843 0.2127188 0.2115816 0.2103812 0.2091587 0.2093077 0.2093077 -9999.000 -9999.000 -9999.000 -9999.000 -9999.000 -9999.000 -9999.000 -9999.000 -9999.000 -9999.000 -9999.000 -9999.000 -9999.000 -9999.000 -9999.000 -9999.000 -9999.000 -9999.000 -9999.000 -9999.000 -9999.000 -9999.000 -9999.000 -9999.000 -9999.000 -9999.000
-9999.000 -9999.000 -9999.000 -9999.000 -9999.000 -9999.000 -9999.000 -9999.000 -9999.000 -9999.000 -9999.000 -9999.000 -9999.000 -9999.000 -9999.000 0.2211998 0.2214220 0.2210246 0.2205465 0.2199583 0.2192545 0.2184351 0.2175012 0.2164523 0.2152845 0.2139899 0.2125565 0.2109709 0.2092431 0.2089779 0.2089779 -9999.000 -9999.000 -9999.000 -9999.000 -9999.000 -9999.000 -9999.000 -9999.000 -9999.000 -9999.000 -9999.000 -9999.000 -9999.000 -9999.000 -9999.000 -9999.000 -9999.000 -9999.000 -9999.000 -9999.000 -9999.000 -9999.000 -9999.000 -9999.000 -9999.000 -9999.000
-9999.000 -9999.000 -9999.000 -9999.000 -9999.000 -9999.000 -9999.000 -9999.000 -9999.000 -9999.000 -9999.000 -9999.000 -9999.000 -9999.000 -9999.000 0.2233595 0.2235413 0.2230964 0.2225768 0.2219357 0.2211608 0.2202454 0.2191825 0.2179612 0.2165626 0.2149557 0.2130929 0.2109030 0.2082975 0.2069676 0.2069676 -9999.000 -9999.000 -9999.000 -9999.000 -9999.000 -9999.000 -9999.000 -9999.000 -9999.000 -9999.000 -9999.000 -9999.000 -9999.000 -9999.000 -9999.000 -9999.000 -9999.000 -9999.000 -9999.000 -9999.000 -9999.000 -9999.000 -9999.000 -9999.000 -9999.000 -9999.000
-9999.000 -9999.000 -9999.000 -9999.000 -9999.000 -9999.000 -9999.000 -9999.000 -9999.000 -9999.000 -9999.000 -9999.000 -9999.000 -9999.000 -9999.000 0.2248163 0.2254018 0.2250451 0.2245505 0.2238807 0.2230307 0.2219953 0.2207625 0.2193085 0.2175905 0.2155350 0.2130164 0.2098117 0.2054920 0.2005965 0.2005965 -9999.000 -9999.000 -9999.000 -9999.000 -9999.000 -9999.000 -9999.000 -9999.000 -9999.000 -9999.000 -9999.000 -9999.000 -9999.000 -9999.000 -9999.000 -9999.000 -9999.000 -9999.000 -9999.000 -9999.000 -9999.000 -9999.000 -9999.000 -9999.000 -9999.000 -9999.000
0.1830925 0.1830925 0.1919712 0.1960613 0.1981324 0.1981324 0.2002972 0.2047525 0.2047525 0.2094555 0.2094555 0.2150909 0.2185741 0.2227146 0.2276599 0.2276599 0.2326676 0.2320523 0.2310585 0.2296665 0.2279307 0.2259154 0.2236590 0.2211460 0.2182779 0.2148204 0.2102769 0.2035292 0.1915963 0.1611266 0.1611266 0.6441101E-01 0.4132873E-01 0.3136089E-01 0.3248149E-01 0.3248149E-01 0.4172804E-01 0.4172804E-01 0.6044865E-01 0.6044865E-01 0.9840482E-01 0.1235910 0.1235910 0.1260630 0.1260630 0.1275301 0.1275301 0.1275301 0.1247299 0.1247299 0.1221974 0.1221974 0.1196003 0.1196003 0.1176490 0.1176490 0.1138862
0.1821033 0.1821033 0.1916638 0.1957827 0.1978606 0.1978606 0.2000319 0.2045106 0.2045106 0.2092367 0.2092367 0.2147672 0.2179885 0.2215046 0.2251690 0.2251690 0.2281941 0.2281349 0.2278113 0.2271587 0.2261194 0.2246421 0.2226796 0.2201765 0.2170386 0.2130744 0.2078889 0.2006601 0.1895085 0.1680545 0.1680545 0.1027387 0.8006559E-01 0.6163364E-01 0.5740596E-01 0.5740596E-01 0.5578863E-01 0.5578863E-01 0.6373710E-01 0.6373710E-01 0.8258716E-01 0.1233417 0.1233417 0.1265792 0.1265792 0.1276122 0.1276122 0.1276122 0.1244884 0.1244884 0.1219909 0.1219909 0.1193691 0.1193691 0.1180649 0.1180649 0.1137456
0.1815206 0.1815206 0.1916166 0.1957082 0.1977587 0.1977587 0.1998935 0.2042522 0.2042522 0.2087234 0.2087234 0.2137142 0.2164890 0.2194089 0.2223426 0.2223426 0.2244276 0.2242493 0.2238608 0.2232448 0.2223475 0.2210914 0.2193795 0.2170962 0.2140948 0.2101642 0.2049561 0.1978239 0.1873855 0.1695558 0.1695558 0.1184763 0.9680045E-01 0.7696448E-01 0.7175212E-01 0.7175212E-01 0.6827343E-01 0.6827343E-01 0.7273701E-01 0.7273701E-01 0.8192005E-01 0.1174709 0.1174709 0.1273641 0.1273641 0.1283384 0.1283384 0.1283384 0.1243525 0.1243525 0.1218226 0.1218226 0.1192270 0.1192270 0.1173512 0.1173512 0.1139467
0.1810008 0.1810008 0.1915528 0.1956095 0.1976238 0.1976238 0.1997116 0.2039184 0.2039184 0.2080913 0.2080913 0.2125315 0.2149018 0.2173274 0.2197044 0.2197044 0.2209365 0.2205440 0.2199655 0.2192046 0.2182210 0.2169409 0.2152628 0.2130584 0.2101668 0.2063727 0.2013554 0.1945723 0.1849336 0.1694391 0.1694391 0.1288019 0.1088516 0.8978894E-01 0.8485044E-01 0.8485044E-01 0.8190662E-01 0.8190662E-01 0.8459063E-01 0.8459063E-01 0.8841826E-01 0.1104431 0.1104431 0.1255555 0.1255555 0.1274806 0.1274806 0.1274806 0.1241874 0.1241874 0.1215196 0.1215196 0.1189003 0.1189003 0.1168500 0.1168500 0.1139010
0.1805342 0.1805342 0.1914757 0.1954836 0.1974544 0.1974544 0.1994859 0.2035140 0.2035140 0.2073575 0.2073575 0.2112367 0.2132209 0.2151947 0.2170807 0.2170807 0.2174502 0.2167998 0.2160054 0.2150667 0.2139453 0.2125707 0.2108452 0.2086449 0.2058156 0.2021575 0.1973867 0.1910446 0.1822461 0.1686246 0.1686246 0.1358516 0.1179418 0.1013518 0.9767058E-01 0.9767058E-01 0.9617978E-01 0.9617978E-01 0.9694538E-01 0.9694538E-01 0.9763332E-01 0.1071124 0.1071124 0.1211020 0.1211020 0.1260412 0.1260412 0.1260412 0.1235918 0.1235918 0.1209522 0.1209522 0.1183450 0.1183450 0.1161963 0.1161963 0.1136029
0.1801225 0.1801225 0.1913924 0.1953397 0.1972614 0.1972614 0.1992297 0.2030616 0.2030616 0.2065580 0.2065580 0.2098678 0.2114682 0.2129964 0.2143964 0.2143964 0.2138093 0.2128559 0.2118323 0.2107183 0.2094643 0.2079964 0.2062194 0.2040175 0.2012518 0.1977485 0.1932685 0.1874335 0.1795222 0.1675947 0.1675947 0.1410642 0.1255675 0.1130639 0.1111471 0.1111471 0.1103870 0.1103870 0.1083836 0.1083836 0.1069087 0.1080007 0.1080007 0.1164588 0.1164588 0.1234769 0.1234769 0.1234769 0.1222708 0.1222708 0.1200034 0.1200034 0.1175420 0.1175420 0.1154002 0.1154002 0.1131072
0.1797716 0.1797716 0.1913086 0.1951856 0.1970549 0.1970549 0.1989561 0.2025835 0.2025835 0.2057274 0.2057274 0.2084638 0.2096738 0.2107381 0.2116113 0.2116113 0.2098799 0.2085708 0.2073043 0.2060266 0.2046646 0.2031330 0.2013348 0.1991627 0.1964972 0.1932001 0.1890868 0.1838638 0.1769564 0.1667558 0.1667558 0.1456164 0.1331094 0.1258935 0.1253795 0.1253795 0.1234511 0.1234511 0.1182488 0.1182488 0.1152208 0.1114061 0.1114061 0.1137974 0.1137974 0.1201253 0.1201253 0.1201253 0.1201350 0.1201350 0.1185439 0.1185439 0.1164292 0.1164292 0.1144405 0.1144405 0.1124507
0.1794910 0.1794910 0.1912287 0.1950292 0.1968448 0.1968448 0.1986777 0.2021008 0.2021008 0.2048975 0.2048975 0.2070637 0.2078726 0.2084378 0.2087017 0.2087017 0.2055106 0.2037861 0.2022659 0.2008437 0.1994103 0.1978593 0.1960879 0.1939960 0.1914899 0.1884810 0.1848608 0.1804391 0.1747880 0.1666039 0.1666039 0.1507156 0.1419467 0.1397811 0.1394296 0.1394296 0.1345239 0.1345239 0.1264660 0.1264660 0.1223609 0.1157217 0.1157217 0.1135150 0.1135150 0.1168213 0.1168213 0.1168213 0.1174135 0.1174135 0.1165443 0.1165443 0.1149495 0.1149495 0.1132820 0.1132820 0.1116518
0.1792922 0.1792922 0.1911566 0.1948775 0.1966401 0.1966401 0.1984064 0.2016325 0.2016325 0.2040974 0.2040974 0.2057074 0.2061065 0.2061289 0.2056608 0.2056608 0.2005015 0.1982997 0.1965254 0.1949932 0.1935400 0.1920289 0.1903456 0.1883980 0.1861283 0.1835280 0.1806101 0.1773311 0.1734170 0.1678155 0.1678155 0.1576489 0.1531251 0.1534859 0.1519770 0.1519770 0.1434209 0.1434209 0.1332285 0.1332285 0.1283863 0.1200476 0.1200476 0.1148571 0.1148571 0.1142920 0.1142920 0.1142920 0.1145722 0.1145722 0.1141472 0.1141472 0.1131127 0.1131127 0.1119057 0.1119057 0.1107242
0.1791881 0.1791881 0.1910950 0.1947367 0.1964496 0.1964496 0.1981533 0.2011962 0.2011962 0.2033539 0.2033539 0.2044361 0.2044257 0.2038660 0.2025127 0.2025127 0.1945687 0.1918361 0.1898309 0.1882498 0.1868536 0.1854627 0.1839460 0.1822201 0.1802834 0.1782731 0.1764204 0.1748976 0.1735411 0.1713460 0.1713460 0.1670375 0.1665806 0.1655593 0.1626637 0.1626637 0.1504390 0.1504390 0.1387198 0.1387198 0.1333609 0.1239450 0.1239450 0.1169217 0.1169217 0.1127921 0.1127921 0.1127921 0.1120674 0.1120674 0.1116317 0.1116317 0.1110302 0.1110302 0.1103423 0.1103423 0.1096923
0.1791923 0.1791923 0.1910454 0.1946128 0.1962807 0.1962807 0.1979282 0.2008072 0.2008072 0.2026911 0.2026911 0.2032906 0.2028870 0.2017285 0.1993380 0.1993380 0.1872942 0.1840065 0.1818352 0.1803099 0.1790873 0.1779303 0.1766848 0.1752753 0.1737930 0.1726684 0.1725393 0.1738195 0.1761642 0.1782666 0.1782666 0.1794023 0.1803129 0.1753534 0.1703080 0.1703080 0.1560779 0.1560779 0.1431020 0.1431020 0.1373702 0.1272532 0.1272532 0.1191103 0.1191103 0.1121868 0.1121868 0.1121868 0.1101661 0.1101661 0.1093068 0.1093068 0.1089025 0.1089025 0.1086909 0.1086909 0.1086072
