simulation_files/asc/Depth____160.0.asc
NCOLS        79
NROWS        79
XLLCENTER         -1.500000
YLLCENTER         -4.800000
CELLSIZE           0.100
NODATA_VALUE     -9999.0
[rows 0 to 25 of 79, columns 0 to 58 of 79]
-9999.000 -9999.000 -9999.000 -9999.000 -9999.000 -9999.000 -9999.000 -9999.000 -9999.000 -9999.000 -9999.000 -9999.000 -9999.000 -9999.000 -9999.000 0.6186216 0.6188501 0.6188077 0.6187010 0.6185421 0.6183420 0.6181158 0.6178817 0.6176445 0.6174142 0.6171967 0.6169873 0.6167540 0.6163986 0.6163465 0.6163465 -9999.000 -9999.000 -9999.000 -9999.000 -9999.000 -9999.000 -9999.000 -9999.000 -9999.000 -9999.000 -9999.000 -9999.000 -9999.000 -9999.000 -9999.000 -9999.000 -9999.000 -9999.000 -9999.000 -9999.000 -9999.000 -9999.000 -9999.000 -9999.000 -9999.000 -9999.000 -9999.000 -9999.000
-9999.000 -9999.000 -9999.000 -9999.000 -9999.000 -9999.000 -9999.000 -9999.000 -9999.000 -9999.000 -9999.000 -9999.000 -9999.000 -9999.000 -9999.000 0.6203719 0.6206054 0.6205682 0.6204799 0.6203508 0.6201898 0.6200095 0.6198248 0.6196394 0.6194614 0.6192956 0.6191378 0.6189593 0.6186717 0.6186906 0.6186906 -9999.000 -9999.000 -9999.000 -9999.000 -9999.000 -9999.000 -9999.000 -9999.000 -9999.000 -9999.000 -9999.000 -9999.000 -9999.000 -9999.000 -9999.000 -9999.000 -9999.000 -9999.000 -9999.000 -9999.000 -9999.000 -9999.000 -9999.000 -9999.000 -9999.000 -9999.000 -9999.000 -9999.000
-9999.000 -9999.000 -9999.000 -9999.000 -9999.000 -9999.000 -9999.000 -9999.000 -9999.000 -9999.000 -9999.000 -9999.000 -9999.000 -9999.000 -9999.000 0.6223150 0.6225731 0.6225412 0.6224590 0.6223369 0.6221840 0.6220128 0.6218387 0.6216643 0.6214975 0.6213421 0.6211928 0.6210179 0.6207232 0.6207377 0.6207377 -9999.000 -9999.000 -9999.000 -9999.000 -9999.000 -9999.000 -9999.000 -9999.000 -9999.000 -9999.000 -9999.000 -9999.000 -9999.000 -9999.000 -9999.000 -9999.000 -9999.000 -9999.000 -9999.000 -9999.000 -9999.000 -9999.000 -9999.000 -9999.000 -9999.000 -9999.000 -9999.000 -9999.000
-9999.000 -9999.000 -9999.000 -9999.000 -9999.000 -9999.000 -9999.000 -9999.000 -9999.000 -9999.000 -9999.000 -9999.000 -9999.000 -9999.000 -9999.000 0.6243016 0.6245741 0.6245440 0.6244638 0.6243435 0.6241924 0.6240231 0.6238517 0.6236801 0.6235160 0.6233632 0.6232151 0.6230379 0.6227306 0.6227247 0.6227247 -9999.000 -9999.000 -9999.000 -9999.000 -9999.000 -9999.000 -9999.000 -9999.000 -9999.000 -9999.000 -9999.000 -9999.000 -9999.000 -9999.000 -9999.000 -9999.000 -9999.000 -9999.000 -9999.000 -9999.000 -9999.000 -9999.000 -9999.000 -9999.000 -9999.000 -9999.000 -9999.000 -9999.000
-9999.000 -9999.000 -9999.000 -9999.000 -9999.000 -9999.000 -9999.000 -9999.000 -9999.000 -9999.000 -9999.000 -9999.000 -9999.000 -9999.000 -9999.000 0.6263083 0.6265898 0.6265600 0.6264794 0.6263581 0.6262054 0.6260343 0.6258616 0.6256886 0.6255231 0.6253690 0.6252185 0.6250352 0.6247106 0.6246709 0.6246709 -9999.000 -9999.000 -9999.000 -9999.000 -9999.000 -9999.000 -9999.000 -9999.000 -9999.000 -9999.000 -9999.000 -9999.000 -9999.000 -9999.000 -9999.000 -9999.000 -9999.000 -9999.000 -9999.000 -9999.000 -9999.000 -9999.000 -9999.000 -9999.000 -9999.000 -9999.000 -9999.000 -9999.000
-9999.000 -9999.000 -9999.000 -9999.000 -9999.000 -9999.000 -9999.000 -9999.000 -9999.000 -9999.000 -9999.000 -9999.000 -9999.000 -9999.000 -9999.000 0.6283225 0.6286107 0.6285800 0.6284980 0.6283741 0.6282181 0.6280431 0.6278671 0.6276904 0.6275215 0.6273637 0.6272088 0.6270171 0.6266707 0.6265835 0.6265835 -9999.000 -9999.000 -9999.000 -9999.000 -9999.000 -9999.000 -9999.000 -9999.000 -9999.000 -9999.000 -9999.000 -9999.000 -9999.000 -9999.000 -9999.000 -9999.000 -9999.000 -9999.000 -9999.000 -9999.000 -9999.000 -9999.000 -9999.000 -9999.000 -9999.000 -9999.000 -9999.000 -9999.000
-9999.000 -9999.000 -9999.000 -9999.000 -9999.000 -9999.000 -9999.000 -9999.000 -9999.000 -9999.000 -9999.000 -9999.000 -9999.000 -9999.000 -9999.000 0.6303378 0.6306313 0.6305993 0.6305150 0.6303877 0.6302273 0.6300472 0.6298668 0.6296852 0.6295114 0.6293489 0.6291881 0.6289859 0.6286132 0.6284626 0.6284626 -9999.000 -9999.000 -9999.000 -9999.000 -9999.000 -9999.000 -9999.000 -9999.000 -9999.000 -9999.000 -9999.000 -9999.000 -9999.000 -9999.000 -9999.000 -9999.000 -9999.000 -9999.000 -9999.000 -9999.000 -9999.000 -9999.000 -9999.000 -9999.000 -9999.000 -9999.000 -9999.000 -9999.000
-9999.000 -9999.000 -9999.000 -9999.000 -9999.000 -9999.000 -9999.000 -9999.000 -9999.000 -9999.000 -9999.000 -9999.000 -9999.000 -9999.000 -9999.000 0.6323501 0.6326487 0.6326148 0.6325277 0.6323965 0.6322309 0.6320447 0.6318592 0.6316717 0.6314922 0.6313241 0.6311564 0.6309416 0.6305375 0.6303034 0.6303034 -9999.000 -9999.000 -9999.000 -9999.000 -9999.000 -9999.000 -9999.000 -9999.000 -9999.000 -9999.000 -9999.000 -9999.000 -9999.000 -9999.000 -9999.000 -9999.000 -9999.000 -9999.000 -9999.000 -9999.000 -9999.000 -9999.000 -9999.000 -9999.000 -9999.000 -9999.000 -9999.000 -9999.000
-9999.000 -9999.000 -9999.000 -9999.000 -9999.000 -9999.000 -9999.000 -9999.000 -9999.000 -9999.000 -9999.000 -9999.000 -9999.000 -9999.000 -9999.000 0.6343567 0.6346605 0.6346244 0.6345341 0.6343983 0.6342269 0.6340339 0.6338428 0.6336486 0.6334627 0.6332882 0.6331125 0.6328831 0.6324413 0.6320968 0.6320968 -9999.000 -9999.000 -9999.000 -9999.000 -9999.000 -9999.000 -9999.000 -9999.000 -9999.000 -9999.000 -9999.000 -9999.000 -9999.000 -9999.000 -9999.000 -9999.000 -9999.000 -9999.000 -9999.000 -9999.000 -9999.000 -9999.000 -9999.000 -9999.000 -9999.000 -9999.000 -9999.000 -9999.000
-9999.000 -9999.000 -9999.000 -9999.000 -9999.000 -9999.000 -9999.000 -9999.000 -9999.000 -9999.000 -9999.000 -9999.000 -9999.000 -9999.000 -9999.000 0.6363552 0.6366650 0.6366261 0.6365322 0.6363912 0.6362132 0.6360128 0.6358156 0.6356139 0.6354210 0.6352394 0.6350546 0.6348078 0.6343209 0.6338289 0.6338289 -9999.000 -9999.000 -9999.000 -9999.000 -9999.000 -9999.000 -9999.000 -9999.000 -9999.000 -9999.000 -9999.000 -9999.000 -9999.000 -9999.000 -9999.000 -9999.000 -9999.000 -9999.000 -9999.000 -9999.000 -9999.000 -9999.000 -9999.000 -9999.000 -9999.000 -9999.000 -9999.000 -9999.000
-9999.000 -9999.000 -9999.000 -9999.000 -9999.000 -9999.000 -9999.000 -9999.000 -9999.000 -9999.000 -9999.000 -9999.000 -9999.000 -9999.000 -9999.000 0.6383427 0.6386599 0.6386179 0.6385198 0.6383730 0.6381878 0.6379790 0.6377751 0.6375652 0.6373645 0.6371750 0.6369798 0.6367122 0.6361710 0.6354791 0.6354791 -9999.000 -9999.000 -9999.000 -9999.000 -9999.000 -9999.000 -9999.000 -9999.000 -9999.000 -9999.000 -9999.000 -9999.000 -9999.000 -9999.000 -9999.000 -9999.000 -9999.000 -9999.000 -9999.000 -9999.000 -9999.000 -9999.000 -9999.000 -9999.000 -9999.000 -9999.000 -9999.000 -9999.000
-9999.000 -9999.000 -9999.000 -9999.000 -9999.000 -9999.000 -9999.000 -9999.000 -9999.000 -9999.000 -9999.000 -9999.000 -9999.000 -9999.000 -9999.000 0.6403164 0.6406428 0.6405972 0.6404943 0.6403409 0.6401476 0.6399295 0.6397185 0.6394993 0.6392899 0.6390914 0.6388841 0.6385915 0.6379839 0.6370160 0.6370160 -9999.000 -9999.000 -9999.000 -9999.000 -9999.000 -9999.000 -9999.000 -9999.000 -9999.000 -9999.000 -9999.000 -9999.000 -9999.000 -9999.000 -9999.000 -9999.000 -9999.000 -9999.000 -9999.000 -9999.000 -9999.000 -9999.000 -9999.000 -9999.000 -9999.000 -9999.000 -9999.000 -9999.000
-9999.000 -9999.000 -9999.000 -9999.000 -9999.000 -9999.000 -9999.000 -9999.000 -9999.000 -9999.000 -9999.000 -9999.000 -9999.000 -9999.000 -9999.000 0.6422713 0.6426100 0.6425605 0.6424521 0.6422912 0.6420888 0.6418602 0.6416415 0.6414117 0.6411923 0.6409835 0.6407617 0.6404383 0.6397484 0.6383904 0.6383904 -9999.000 -9999.000 -9999.000 -9999.000 -9999.000 -9999.000 -9999.000 -9999.000 -9999.000 -9999.000 -9999.000 -9999.000 -9999.000 -9999.000 -9999.000 -9999.000 -9999.000 -9999.000 -9999.000 -9999.000 -9999.000 -9999.000 -9999.000 -9999.000 -9999.000 -9999.000 -9999.000 -9999.000
-9999.000 -9999.000 -9999.000 -9999.000 -9999.000 -9999.000 -9999.000 -9999.000 -9999.000 -9999.000 -9999.000 -9999.000 -9999.000 -9999.000 -9999.000 0.6441917 0.6445506 0.6444991 0.6443866 0.6442190 0.6440073 0.6437675 0.6435402 0.6432976 0.6430664 0.6428448 0.6426045 0.6422421 0.6414480 0.6395255 0.6395255 -9999.000 -9999.000 -9999.000 -9999.000 -9999.000 -9999.000 -9999.000 -9999.000 -9999.000 -9999.000 -9999.000 -9999.000 -9999.000 -9999.000 -9999.000 -9999.000 -9999.000 -9999.000 -9999.000 -9999.000 -9999.000 -9999.000 -9999.000 -9999.000 -9999.000 -9999.000 -9999.000 -9999.000
-9999.000 -9999.000 -9999.000 -9999.000 -9999.000 -9999.000 -9999.000 -9999.000 -9999.000 -9999.000 -9999.000 -9999.000 -9999.000 -9999.000 -9999.000 0.6441875 0.6457924 0.6462379 0.6464143 0.6464309 0.6463147 0.6460995 0.6458549 0.6455601 0.6452610 0.6449652 0.6446424 0.6441603 0.6431122 0.6397192 0.6397192 -9999.000 -9999.000 -9999.000 -9999.000 -9999.000 -9999.000 -9999.000 -9999.000 -9999.000 -9999.000 -9999.000 -9999.000 -9999.000 -9999.000 -9999.000 -9999.000 -9999.000 -9999.000 -9999.000 -9999.000 -9999.000 -9999.000 -9999.000 -9999.000 -9999.000 -9999.000 -9999.000 -9999.000
0.7169458 0.7169458 0.7023814 0.6868998 0.6830429 0.6830429 0.6797993 0.6743593 0.6743593 0.6697943 0.6697943 0.6658172 0.6639978 0.6622717 0.6606274 0.6606274 0.6491101 0.6486582 0.6487179 0.6491987 0.6500933 0.6514104 0.6534208 0.6554497 0.6576138 0.6596841 0.6611165 0.6604618 0.6538802 0.6263884 0.6263884 0.4376542 0.4060827 0.3880684 0.3819355 0.3819355 0.3724702 0.3724702 0.3758478 0.3758478 0.3863505 0.4314599 0.4314599 0.5261034 0.5261034 0.5620086 0.5620086 0.5620086 0.5606785 0.5606785 0.5511144 0.5511144 0.5386856 0.5386856 0.5258558 0.5258558 0.5141318 0.5141318 0.5141318
0.7150010 0.7150010 0.6999050 0.6859239 0.6820679 0.6820679 0.6788260 0.6733968 0.6733968 0.6688471 0.6688471 0.6648856 0.6630737 0.6613548 0.6597177 0.6597177 0.6499833 0.6470147 0.6439724 0.6410424 0.6385081 0.6366135 0.6356212 0.6353830 0.6359493 0.6372282 0.6389497 0.6404474 0.6401203 0.6284846 0.6284846 0.5000120 0.4515081 0.4043940 0.3913577 0.3913577 0.3767667 0.3767667 0.3792498 0.3792498 0.3890046 0.4282167 0.4282167 0.5031121 0.5031121 0.5601422 0.5601422 0.5601422 0.5606273 0.5606273 0.5514132 0.5514132 0.5390355 0.5390355 0.5262950 0.5262950 0.5146190 0.5146190 0.5146190
0.7139062 0.7139062 0.6988447 0.6859325 0.6820696 0.6820696 0.6788139 0.6733671 0.6733671 0.6688105 0.6688105 0.6648445 0.6630303 0.6613089 0.6596693 0.6596693 0.6505257 0.6453691 0.6397367 0.6341507 0.6290489 0.6247403 0.6214810 0.6192575 0.6180981 0.6179628 0.6186762 0.6197446 0.6198960 0.6128509 0.6128509 0.5306485 0.4804202 0.4206721 0.4029638 0.4029638 0.3853248 0.3853248 0.3911026 0.3911026 0.4025435 0.4380840 0.4380840 0.4932196 0.4932196 0.5539898 0.5539898 0.5539898 0.5583096 0.5583096 0.5505601 0.5505601 0.5386793 0.5386793 0.5261648 0.5261648 0.5146260 0.5146260 0.5146260
0.7130243 0.7130243 0.6980017 0.6859525 0.6820961 0.6820961 0.6788289 0.6733664 0.6733664 0.6688080 0.6688080 0.6648435 0.6630298 0.6613089 0.6596694 0.6596694 0.6504595 0.6432328 0.6351276 0.6270354 0.6195578 0.6130700 0.6078255 0.6038721 0.6012143 0.5998054 0.5995038 0.5999334 0.6001190 0.5955462 0.5955462 0.5432152 0.4985621 0.4365887 0.4173436 0.4173436 0.4016201 0.4016201 0.4137372 0.4137372 0.4264550 0.4549673 0.4549673 0.4896119 0.4896119 0.5428554 0.5428554 0.5428554 0.5518107 0.5518107 0.5470995 0.5470995 0.5367171 0.5367171 0.5249794 0.5249794 0.5139775 0.5139775 0.5139775
0.7123470 0.7123470 0.6973566 0.6859668 0.6821234 0.6821234 0.6788459 0.6733667 0.6733667 0.6688061 0.6688061 0.6648433 0.6630303 0.6613097 0.6596705 0.6596705 0.6495435 0.6402480 0.6297394 0.6192271 0.6094499 0.6008431 0.5936736 0.5880361 0.5839401 0.5813355 0.5800918 0.5799032 0.5800134 0.5772126 0.5772126 0.5438640 0.5072758 0.4505397 0.4338893 0.4338893 0.4276960 0.4276960 0.4466119 0.4466119 0.4577657 0.4743981 0.4743981 0.4900998 0.4900998 0.5290779 0.5290779 0.5290779 0.5414540 0.5414540 0.5407882 0.5407882 0.5330103 0.5330103 0.5228090 0.5228090 0.5128599 0.5128599 0.5128599
0.7118685 0.7118685 0.6969007 0.6859756 0.6821464 0.6821464 0.6788611 0.6733673 0.6733673 0.6688044 0.6688044 0.6648430 0.6630305 0.6613102 0.6596712 0.6596712 0.6475542 0.6360617 0.6231906 0.6103635 0.5984000 0.5877672 0.5787405 0.5714445 0.5659092 0.5620964 0.5598950 0.5590568 0.5589968 0.5574633 0.5574633 0.5365933 0.5086144 0.4638328 0.4549744 0.4549744 0.4649187 0.4649187 0.4850237 0.4850237 0.4906293 0.4927056 0.4927056 0.4931655 0.4931655 0.5156903 0.5156903 0.5156903 0.5287738 0.5287738 0.5319154 0.5319154 0.5274888 0.5274888 0.5195951 0.5195951 0.5112911 0.5112911 0.5112911
0.7115834 0.7115834 0.6966290 0.6859802 0.6821617 0.6821617 0.6788716 0.6733677 0.6733677 0.6688033 0.6688033 0.6648427 0.6630306 0.6613106 0.6596717 0.6596717 0.6442263 0.6302921 0.6150546 0.6000222 0.5860225 0.5735144 0.5627617 0.5538969 0.5469651 0.5419464 0.5387563 0.5372022 0.5368472 0.5361714 0.5361714 0.5238184 0.5046821 0.4808337 0.4857216 0.4857216 0.5110168 0.5110168 0.5217261 0.5217261 0.5194178 0.5081989 0.5081989 0.4977664 0.4977664 0.5048008 0.5048008 0.5048008 0.5156576 0.5156576 0.5212356 0.5212356 0.5202665 0.5202665 0.5152854 0.5152854 0.5092327 0.5092327 0.5092327
0.7114888 0.7114888 0.6965389 0.6859816 0.6821671 0.6821671 0.6788753 0.6733680 0.6733680 0.6688029 0.6688029 0.6648426 0.6630306 0.6613107 0.6596719 0.6596719 0.6391983 0.6224822 0.6048303 0.5876995 0.5718449 0.5576683 0.5453916 0.5351290 0.5269246 0.5207705 0.5166078 0.5142972 0.5135387 0.5134394 0.5134394 0.5073933 0.4983455 0.5090096 0.5305948 0.5305948 0.5579535 0.5579535 0.5510885 0.5510885 0.5416452 0.5208880 0.5208880 0.5032216 0.5032216 0.4972129 0.4972129 0.4972129 0.5037051 0.5037051 0.5097963 0.5097963 0.5117131 0.5117131 0.5099354 0.5099354 0.5066666 0.5066666 0.5066666
0.7115834 0.7115834 0.6966291 0.6859803 0.6821617 0.6821617 0.6788716 0.6733679 0.6733679 0.6688033 0.6688033 0.6648427 0.6630307 0.6613106 0.6596717 0.6596717 0.6319428 0.6120364 0.5918955 0.5727821 0.5552915 0.5397125 0.5261878 0.5147837 0.5055218 0.4983923 0.4933529 0.4903118 0.4891159 0.4895902 0.4895902 0.4895722 0.4951001 0.5552938 0.5863643 0.5863643 0.5958631 0.5958631 0.5720025 0.5720025 0.5579903 0.5314158 0.5314158 0.5090190 0.5090190 0.4927331 0.4927331 0.4927331 0.4938894 0.4938894 0.4986870 0.4986870 0.5024412 0.5024412 0.5037699 0.5037699 0.5036440 0.5036440 0.5036440
0.7118685 0.7118685 0.6969007 0.6859757 0.6821464 0.6821464 0.6788611 0.6733675 0.6733675 0.6688045 0.6688045 0.6648430 0.6630305 0.6613103 0.6596711 0.6596711 0.6216620 0.5981222 0.5754318 0.5544952 0.5356510 0.5190118 0.5045993 0.4924010 0.4823925 0.4745449 0.4688199 0.4651673 0.4636576 0.4654391 0.4654391 0.4748885 0.5060536 0.6165487 0.6388762 0.6388762 0.6206285 0.6206285 0.5865231 0.5865231 0.5702066 0.5402622 0.5402622 0.5146932 0.5146932 0.4906595 0.4906595 0.4906595 0.4865245 0.4865245 0.4888007 0.4888007 0.4932101 0.4932101 0.4971979 0.4971979 0.5003197 0.5003197 0.5003197
0.7123471 0.7123471 0.6973565 0.6859670 0.6821234 0.6821234 0.6788459 0.6733669 0.6733669 0.6688061 0.6688061 0.6648434 0.6630302 0.6613097 0.6596704 0.6596704 0.6070969 0.5795082 0.5543002 0.5318142 0.5120165 0.4947730 0.4799407 0.4673992 0.4570577 0.4488516 0.4427341 0.4387075 0.4373932 0.4435551 0.4435551 0.4744411 0.5469725 0.6738262 0.6732624 0.6732624 0.6352494 0.6352494 0.5969203 0.5969203 0.5796019 0.5475882 0.5475882 0.5198461 0.5198461 0.4901837 0.4901837 0.4901837 0.4814461 0.4814461 0.4807018 0.4807018 0.4847905 0.4847905 0.4907762 0.4907762 0.4969628 0.4969628 0.4969628
