simulation_files/asc/Depth____000278.asc
NCOLS        79
NROWS        79
XLLCENTER         -1.500000
YLLCENTER         -4.800000
CELLSIZE           0.100
NODATA_VALUE     -9999.0
[rows 0 to 25 of 79, columns 0 to 58 of 79]
-9999.000 -9999.000 -9999.000 -9999.000 -9999.000 -9999.000 -9999.000 -9999.000 -9999.000 -9999.000 -9999.000 -9999.000 -9999.000 -9999.000 -9999.000 0.7176258 0.7181072 0.7182575 0.7181993 0.7179989 0.7177347 0.7174408 0.7171371 0.7168473 0.7165710 0.7163146 0.7160763 0.7158252 0.7154518 0.7154126 0.7154126 -9999.000 -9999.000 -9999.000 -9999.000 -9999.000 -9999.000 -9999.000 -9999.000 -9999.000 -9999.000 -9999.000 -9999.000 -9999.000 -9999.000 -9999.000 -9999.000 -9999.000 -9999.000 -9999.000 -9999.000 -9999.000 -9999.000 -9999.000 -9999.000 -9999.000 -9999.000 -9999.000 -9999.000
-9999.000 -9999.000 -9999.000 -9999.000 -9999.000 -9999.000 -9999.000 -9999.000 -9999.000 -9999.000 -9999.000 -9999.000 -9999.000 -9999.000 -9999.000 0.7194090 0.7198523 0.7199747 0.7199256 0.7197635 0.7195544 0.7193258 0.7190926 0.7188739 0.7186677 0.7184787 0.7183046 0.7181174 0.7178195 0.7178658 0.7178658 -9999.000 -9999.000 -9999.000 -9999.000 -9999.000 -9999.000 -9999.000 -9999.000 -9999.000 -9999.000 -9999.000 -9999.000 -9999.000 -9999.000 -9999.000 -9999.000 -9999.000 -9999.000 -9999.000 -9999.000 -9999.000 -9999.000 -9999.000 -9999.000 -9999.000 -9999.000 -9999.000 -9999.000
-9999.000 -9999.000 -9999.000 -9999.000 -9999.000 -9999.000 -9999.000 -9999.000 -9999.000 -9999.000 -9999.000 -9999.000 -9999.000 -9999.000 -9999.000 0.7213203 0.7217983 0.7219312 0.7218893 0.7217326 0.7215299 0.7213088 0.7210846 0.7208762 0.7206804 0.7205014 0.7203354 0.7201520 0.7198478 0.7198901 0.7198901 -9999.000 -9999.000 -9999.000 -9999.000 -9999.000 -9999.000 -9999.000 -9999.000 -9999.000 -9999.000 -9999.000 -9999.000 -9999.000 -9999.000 -9999.000 -9999.000 -9999.000 -9999.000 -9999.000 -9999.000 -9999.000 -9999.000 -9999.000 -9999.000 -9999.000 -9999.000 -9999.000 -9999.000
-9999.000 -9999.000 -9999.000 -9999.000 -9999.000 -9999.000 -9999.000 -9999.000 -9999.000 -9999.000 -9999.000 -9999.000 -9999.000 -9999.000 -9999.000 0.7232826 0.7237823 0.7239204 0.7238798 0.7237222 0.7235187 0.7232972 0.7230730 0.7228657 0.7226710 0.7224929 0.7223271 0.7221409 0.7218242 0.7218449 0.7218449 -9999.000 -9999.000 -9999.000 -9999.000 -9999.000 -9999.000 -9999.000 -9999.000 -9999.000 -9999.000 -9999.000 -9999.000 -9999.000 -9999.000 -9999.000 -9999.000 -9999.000 -9999.000 -9999.000 -9999.000 -9999.000 -9999.000 -9999.000 -9999.000 -9999.000 -9999.000 -9999.000 -9999.000
-9999.000 -9999.000 -9999.000 -9999.000 -9999.000 -9999.000 -9999.000 -9999.000 -9999.000 -9999.000 -9999.000 -9999.000 -9999.000 -9999.000 -9999.000 0.7252652 0.7257811 0.7259220 0.7258796 0.7257177 0.7255099 0.7252842 0.7250561 0.7248458 0.7246478 0.7244667 0.7242975 0.7241048 0.7237706 0.7237555 0.7237555 -9999.000 -9999.000 -9999.000 -9999.000 -9999.000 -9999.000 -9999.000 -9999.000 -9999.000 -9999.000 -9999.000 -9999.000 -9999.000 -9999.000 -9999.000 -9999.000 -9999.000 -9999.000 -9999.000 -9999.000 -9999.000 -9999.000 -9999.000 -9999.000 -9999.000 -9999.000 -9999.000 -9999.000
-9999.000 -9999.000 -9999.000 -9999.000 -9999.000 -9999.000 -9999.000 -9999.000 -9999.000 -9999.000 -9999.000 -9999.000 -9999.000 -9999.000 -9999.000 0.7272544 0.7277840 0.7279260 0.7278802 0.7277123 0.7274985 0.7272667 0.7270326 0.7268175 0.7266144 0.7264283 0.7262536 0.7260521 0.7256958 0.7256310 0.7256310 -9999.000 -9999.000 -9999.000 -9999.000 -9999.000 -9999.000 -9999.000 -9999.000 -9999.000 -9999.000 -9999.000 -9999.000 -9999.000 -9999.000 -9999.000 -9999.000 -9999.000 -9999.000 -9999.000 -9999.000 -9999.000 -9999.000 -9999.000 -9999.000 -9999.000 -9999.000 -9999.000 -9999.000
-9999.000 -9999.000 -9999.000 -9999.000 -9999.000 -9999.000 -9999.000 -9999.000 -9999.000 -9999.000 -9999.000 -9999.000 -9999.000 -9999.000 -9999.000 0.7292439 0.7297858 0.7299277 0.7298772 0.7297021 0.7294814 0.7292428 0.7290018 0.7287810 0.7285715 0.7283795 0.7281981 0.7279859 0.7276028 0.7274720 0.7274720 -9999.000 -9999.000 -9999.000 -9999.000 -9999.000 -9999.000 -9999.000 -9999.000 -9999.000 -9999.000 -9999.000 -9999.000 -9999.000 -9999.000 -9999.000 -9999.000 -9999.000 -9999.000 -9999.000 -9999.000 -9999.000 -9999.000 -9999.000 -9999.000 -9999.000 -9999.000 -9999.000 -9999.000
-9999.000 -9999.000 -9999.000 -9999.000 -9999.000 -9999.000 -9999.000 -9999.000 -9999.000 -9999.000 -9999.000 -9999.000 -9999.000 -9999.000 -9999.000 0.7312306 0.7317839 0.7319244 0.7318681 0.7316848 0.7314568 0.7312107 0.7309623 0.7307355 0.7305191 0.7303202 0.7301313 0.7299064 0.7294916 0.7292740 0.7292740 -9999.000 -9999.000 -9999.000 -9999.000 -9999.000 -9999.000 -9999.000 -9999.000 -9999.000 -9999.000 -9999.000 -9999.000 -9999.000 -9999.000 -9999.000 -9999.000 -9999.000 -9999.000 -9999.000 -9999.000 -9999.000 -9999.000 -9999.000 -9999.000 -9999.000 -9999.000 -9999.000 -9999.000
-9999.000 -9999.000 -9999.000 -9999.000 -9999.000 -9999.000 -9999.000 -9999.000 -9999.000 -9999.000 -9999.000 -9999.000 -9999.000 -9999.000 -9999.000 0.7332123 0.7337765 0.7339142 0.7338510 0.7336586 0.7334227 0.7331690 0.7329127 0.7326798 0.7324558 0.7322497 0.7320524 0.7318128 0.7313600 0.7310281 0.7310281 -9999.000 -9999.000 -9999.000 -9999.000 -9999.000 -9999.000 -9999.000 -9999.000 -9999.000 -9999.000 -9999.000 -9999.000 -9999.000 -9999.000 -9999.000 -9999.000 -9999.000 -9999.000 -9999.000 -9999.000 -9999.000 -9999.000 -9999.000 -9999.000 -9999.000 -9999.000 -9999.000 -9999.000
-9999.000 -9999.000 -9999.000 -9999.000 -9999.000 -9999.000 -9999.000 -9999.000 -9999.000 -9999.000 -9999.000 -9999.000 -9999.000 -9999.000 -9999.000 0.7351875 0.7357621 0.7358956 0.7358241 0.7356218 0.7353774 0.7351155 0.7348512 0.7346123 0.7343801 0.7341661 0.7339595 0.7337028 0.7332045 0.7327207 0.7327207 -9999.000 -9999.000 -9999.000 -9999.000 -9999.000 -9999.000 -9999.000 -9999.000 -9999.000 -9999.000 -9999.000 -9999.000 -9999.000 -9999.000 -9999.000 -9999.000 -9999.000 -9999.000 -9999.000 -9999.000 -9999.000 -9999.000 -9999.000 -9999.000 -9999.000 -9999.000 -9999.000 -9999.000
-9999.000 -9999.000 -9999.000 -9999.000 -9999.000 -9999.000 -9999.000 -9999.000 -9999.000 -9999.000 -9999.000 -9999.000 -9999.000 -9999.000 -9999.000 0.7371542 0.7377390 0.7378666 0.7377854 0.7375718 0.7373188 0.7370484 0.7367756 0.7365305 0.7362896 0.7360671 0.7358500 0.7355732 0.7350201 0.7343318 0.7343318 -9999.000 -9999.000 -9999.000 -9999.000 -9999.000 -9999.000 -9999.000 -9999.000 -9999.000 -9999.000 -9999.000 -9999.000 -9999.000 -9999.000 -9999.000 -9999.000 -9999.000 -9999.000 -9999.000 -9999.000 -9999.000 -9999.000 -9999.000 -9999.000 -9999.000 -9999.000 -9999.000 -9999.000
-9999.000 -9999.000 -9999.000 -9999.000 -9999.000 -9999.000 -9999.000 -9999.000 -9999.000 -9999.000 -9999.000 -9999.000 -9999.000 -9999.000 -9999.000 0.7391097 0.7397050 0.7398250 0.7397323 0.7395062 0.7392439 0.7389646 0.7386829 0.7384315 0.7381810 0.7379493 0.7377202 0.7374192 0.7367995 0.7358311 0.7358311 -9999.000 -9999.000 -9999.000 -9999.000 -9999.000 -9999.000 -9999.000 -9999.000 -9999.000 -9999.000 -9999.000 -9999.000 -9999.000 -9999.000 -9999.000 -9999.000 -9999.000 -9999.000 -9999.000 -9999.000 -9999.000 -9999.000 -9999.000 -9999.000 -9999.000 -9999.000 -9999.000 -9999.000
-9999.000 -9999.000 -9999.000 -9999.000 -9999.000 -9999.000 -9999.000 -9999.000 -9999.000 -9999.000 -9999.000 -9999.000 -9999.000 -9999.000 -9999.000 0.7410496 0.7416563 0.7417668 0.7416611 0.7414210 0.7411489 0.7408601 0.7405689 0.7403111 0.7400498 0.7398076 0.7395645 0.7392341 0.7385323 0.7371721 0.7371721 -9999.000 -9999.000 -9999.000 -9999.000 -9999.000 -9999.000 -9999.000 -9999.000 -9999.000 -9999.000 -9999.000 -9999.000 -9999.000 -9999.000 -9999.000 -9999.000 -9999.000 -9999.000 -9999.000 -9999.000 -9999.000 -9999.000 -9999.000 -9999.000 -9999.000 -9999.000 -9999.000 -9999.000
-9999.000 -9999.000 -9999.000 -9999.000 -9999.000 -9999.000 -9999.000 -9999.000 -9999.000 -9999.000 -9999.000 -9999.000 -9999.000 -9999.000 -9999.000 0.7428513 0.7435064 0.7436520 0.7435772 0.7433350 0.7430547 0.7427555 0.7424519 0.7421849 0.7419080 0.7416509 0.7413885 0.7410195 0.7402134 0.7382944 0.7382944 -9999.000 -9999.000 -9999.000 -9999.000 -9999.000 -9999.000 -9999.000 -9999.000 -9999.000 -9999.000 -9999.000 -9999.000 -9999.000 -9999.000 -9999.000 -9999.000 -9999.000 -9999.000 -9999.000 -9999.000 -9999.000 -9999.000 -9999.000 -9999.000 -9999.000 -9999.000 -9999.000 -9999.000
-9999.000 -9999.000 -9999.000 -9999.000 -9999.000 -9999.000 -9999.000 -9999.000 -9999.000 -9999.000 -9999.000 -9999.000 -9999.000 -9999.000 -9999.000 0.7352861 0.7422541 0.7458760 0.7475933 0.7475000 0.7468827 0.7462372 0.7456023 0.7450444 0.7445080 0.7440313 0.7435780 0.7430101 0.7418865 0.7384235 0.7384235 -9999.000 -9999.000 -9999.000 -9999.000 -9999.000 -9999.000 -9999.000 -9999.000 -9999.000 -9999.000 -9999.000 -9999.000 -9999.000 -9999.000 -9999.000 -9999.000 -9999.000 -9999.000 -9999.000 -9999.000 -9999.000 -9999.000 -9999.000 -9999.000 -9999.000 -9999.000 -9999.000 -9999.000
0.8260005 0.8260005 0.8237654 0.8120179 0.8041200 0.8041200 0.8006381 0.7951711 0.7951711 0.7907525 0.7907525 0.7870911 0.7854718 0.7839633 0.7824809 0.7824809 0.7489221 0.7475594 0.7460999 0.7461830 0.7474767 0.7492014 0.7513561 0.7542457 0.7569144 0.7595468 0.7616331 0.7617120 0.7555594 0.7267040 0.7267040 0.5139479 0.4761535 0.4528992 0.4450293 0.4450293 0.4323356 0.4323356 0.4329593 0.4329593 0.4429093 0.4896570 0.4896570 0.5863207 0.5863207 0.6524726 0.6524726 0.6524726 0.6546375 0.6546375 0.6447611 0.6447611 0.6304280 0.6304280 0.6152596 0.6152596 0.6011683 0.6011683 0.6011683
0.8231136 0.8231136 0.8225257 0.8100881 0.8033110 0.8033110 0.7996164 0.7940728 0.7940728 0.7896686 0.7896686 0.7860240 0.7844120 0.7829106 0.7814362 0.7814362 0.7524582 0.7466924 0.7415707 0.7374985 0.7344547 0.7322341 0.7309160 0.7307036 0.7312949 0.7327168 0.7347416 0.7367024 0.7367861 0.7268987 0.7268987 0.5832098 0.5277073 0.4722065 0.4564053 0.4564053 0.4376144 0.4376144 0.4374638 0.4374638 0.4468655 0.4881465 0.4881465 0.5639949 0.5639949 0.6476312 0.6476312 0.6476312 0.6537166 0.6537166 0.6448559 0.6448559 0.6308274 0.6308274 0.6158493 0.6158493 0.6018321 0.6018321 0.6018321
0.8217023 0.8217023 0.8218743 0.8096615 0.8035383 0.8035383 0.7996917 0.7940337 0.7940337 0.7896217 0.7896217 0.7859762 0.7843618 0.7828575 0.7813717 0.7813717 0.7551742 0.7457172 0.7370859 0.7295811 0.7233436 0.7183043 0.7144706 0.7119536 0.7106011 0.7103870 0.7111746 0.7124971 0.7129838 0.7069775 0.7069775 0.6169077 0.5598415 0.4905975 0.4695176 0.4695176 0.4470321 0.4470321 0.4509174 0.4509174 0.4628555 0.5019698 0.5019698 0.5586007 0.5586007 0.6381792 0.6381792 0.6381792 0.6494973 0.6494973 0.6431790 0.6431790 0.6301453 0.6301453 0.6155624 0.6155624 0.6017624 0.6017624 0.6017624
0.8207450 0.8207450 0.8209615 0.8094041 0.8037322 0.8037322 0.7997897 0.7940249 0.7940249 0.7896125 0.7896125 0.7859749 0.7843618 0.7828576 0.7813550 0.7813550 0.7569200 0.7443361 0.7323608 0.7215785 0.7122993 0.7045876 0.6984482 0.6939178 0.6908814 0.6892511 0.6888899 0.6894417 0.6898829 0.6861308 0.6861308 0.6295640 0.5794286 0.5081349 0.4852540 0.4852540 0.4646922 0.4646922 0.4766365 0.4766365 0.4910603 0.5241656 0.5241656 0.5600000 0.5600000 0.6239154 0.6239154 0.6239154 0.6400745 0.6400745 0.6380256 0.6380256 0.6273105 0.6273105 0.6139171 0.6139171 0.6008680 0.6008680 0.6008680
0.8202178 0.8202178 0.8198295 0.8092758 0.8038875 0.8038875 0.7998776 0.7940157 0.7940157 0.7896018 0.7896018 0.7859707 0.7843580 0.7828534 0.7813240 0.7813240 0.7572933 0.7419751 0.7269104 0.7130292 0.7008070 0.6904320 0.6819580 0.6754048 0.6706864 0.6676890 0.6662571 0.6660855 0.6663893 0.6642497 0.6642497 0.6287702 0.5881688 0.5229686 0.5027842 0.5027842 0.4930874 0.4930874 0.5147426 0.5147426 0.5285275 0.5492218 0.5492218 0.5649053 0.5649053 0.6079044 0.6079044 0.6079044 0.6263877 0.6263877 0.6292707 0.6292707 0.6221577 0.6221577 0.6109369 0.6109369 0.5993133 0.5993133 0.5993133
0.8200991 0.8200991 0.8185419 0.8092387 0.8039979 0.8039979 0.7999358 0.7940004 0.7940004 0.7895920 0.7895920 0.7859727 0.7843632 0.7828597 0.7812924 0.7812924 0.7560176 0.7381346 0.7202166 0.7034649 0.6884788 0.6755384 0.6647539 0.6561584 0.6496980 0.6452667 0.6427101 0.6417632 0.6418181 0.6408123 0.6408123 0.6190472 0.5883649 0.5363454 0.5246223 0.5246223 0.5345470 0.5345470 0.5603581 0.5603581 0.5684503 0.5724559 0.5724559 0.5713819 0.5713819 0.5933769 0.5933769 0.5933769 0.6106378 0.6106378 0.6175284 0.6175284 0.6146738 0.6146738 0.6065368 0.6065368 0.5970861 0.5970861 0.5970861
0.8206071 0.8206071 0.8169363 0.8092822 0.8040998 0.8040998 0.7999990 0.7940065 0.7940065 0.7895927 0.7895927 0.7859750 0.7843652 0.7828614 0.7812386 0.7812386 0.7527847 0.7322938 0.7116909 0.6923097 0.6748058 0.6595029 0.6465463 0.6359861 0.6277955 0.6218906 0.6181378 0.6163151 0.6159626 0.6156798 0.6156798 0.6031154 0.5823025 0.5528314 0.5567669 0.5567669 0.5877002 0.5877002 0.6048572 0.6048572 0.6036968 0.5917115 0.5917115 0.5784892 0.5784892 0.5822548 0.5822548 0.5822548 0.5951424 0.5951424 0.6039444 0.6039444 0.6051162 0.6051162 0.6006753 0.6006753 0.5941265 0.5941265 0.5941265
0.8206858 0.8206858 0.8164872 0.8093021 0.8041318 0.8041318 0.8000166 0.7940056 0.7940056 0.7895916 0.7895916 0.7859753 0.7843657 0.7828619 0.7811618 0.7811618 0.7472253 0.7239069 0.7007027 0.6789201 0.6591851 0.6418067 0.6269261 0.6145932 0.6047946 0.5974680 0.5925070 0.5897378 0.5888357 0.5889842 0.5889842 0.5830438 0.5729798 0.5808672 0.6056279 0.6056279 0.6439274 0.6439274 0.6408089 0.6408089 0.6307358 0.6070550 0.6070550 0.5857934 0.5857934 0.5750022 0.5750022 0.5750022 0.5816232 0.5816232 0.5899031 0.5899031 0.5940641 0.5940641 0.5934744 0.5934744 0.5904200 0.5904200 0.5904200
0.8206071 0.8206071 0.8169363 0.8092823 0.8040997 0.8040997 0.7999991 0.7940065 0.7940065 0.7895928 0.7895928 0.7859749 0.7843653 0.7828614 0.7810545 0.7810545 0.7387850 0.7122823 0.6864920 0.6625289 0.6408902 0.6218005 0.6053485 0.5915533 0.5803928 0.5718141 0.5657341 0.5620279 0.5605190 0.5610961 0.5610961 0.5612514 0.5660412 0.6298552 0.6698969 0.6698969 0.6907699 0.6907699 0.6661466 0.6661466 0.6502063 0.6194856 0.6194856 0.5930405 0.5930405 0.5711415 0.5711415 0.5711415 0.5709618 0.5709618 0.5767036 0.5767036 0.5823579 0.5823579 0.5852792 0.5852792 0.5860609 0.5860609 0.5860609
0.8200991 0.8200991 0.8185421 0.8092389 0.8039979 0.8039979 0.7999358 0.7940002 0.7940002 0.7895921 0.7895921 0.7859725 0.7843633 0.7828597 0.7809052 0.7809052 0.7265999 0.6964660 0.6680848 0.6421937 0.6190440 0.5986964 0.5811324 0.5663044 0.5541549 0.5446216 0.5376342 0.5331149 0.5311198 0.5329084 0.5329084 0.5424478 0.5732547 0.6995515 0.7344149 0.7344149 0.7215383 0.7215383 0.6832751 0.6832751 0.6643775 0.6297787 0.6297787 0.5998967 0.5998967 0.5697637 0.5697637 0.5697637 0.5632690 0.5632690 0.5652972 0.5652972 0.5709638 0.5709638 0.5766549 0.5766549 0.5812826 0.5812826 0.5812826
0.8202178 0.8202178 0.8198296 0.8092760 0.8038874 0.8038874 0.7998776 0.7940156 0.7940156 0.7896018 0.7896018 0.7859706 0.7843583 0.7828534 0.7806931 0.7806931 0.7092662 0.6750432 0.6441423 0.6166880 0.5925447 0.5715204 0.5534332 0.5381314 0.5254966 0.5154388 0.5078867 0.5028246 0.5008869 0.5072043 0.5072043 0.5383072 0.6130053 0.7704628 0.7792264 0.7792264 0.7390639 0.7390639 0.6952015 0.6952015 0.6750350 0.6382664 0.6382664 0.6060182 0.6060182 0.5699443 0.5699443 0.5699443 0.5581763 0.5581763 0.5561963 0.5561963 0.5607815 0.5607815 0.5683309 0.5683309 0.5764764 0.5764764 0.5764764
