simulation_files/asc/Depth____390.0.asc
NCOLS       216
NROWS       273
XLLCENTER        494.688995
YLLCENTER        787.867981
CELLSIZE           0.500
NODATA_VALUE     -9999.0
[rows 162 to 188 of 273, columns 118 to 176 of 216]
2.081791 2.757492 2.955284 2.992102 3.003589 3.013523 2.790687 2.220925 1.664498 0.7837913 0.2190166 0.1184534 0.1476771 0.1822769 0.1656095 0.1562737 0.1856431 0.2029886 0.2281622 0.2424311 0.2359675 0.1795052 0.1361315 0.1430470 0.1729311 0.1789530 0.1413457 0.1025563 -9999.000 -9999.000 -9999.000 -9999.000 -9999.000 -9999.000 -9999.000 -9999.000 -9999.000 -9999.000 -9999.000 -9999.000 -9999.000 -9999.000 -9999.000 -9999.000 -9999.000 -9999.000 -9999.000 -9999.000 -9999.000 -9999.000 -9999.000 -9999.000 -9999.000 -9999.000 -9999.000 -9999.000 -9999.000 -9999.000 -9999.000
1.743595 2.664055 2.948119 2.980906 2.982600 2.574752 1.766468 1.070012 0.6338065 0.2107087 0.1885370 0.1604799 0.1638284 0.1459852 0.1642976 0.1779662 0.1863568 0.1905500 0.2291636 0.2612961 0.2480184 0.1746244 0.1428984 0.1543755 0.1953661 0.2075206 0.1816678 0.1353314 0.7562861E-01 -9999.000 -9999.000 -9999.000 -9999.000 -9999.000 -9999.000 -9999.000 -9999.000 -9999.000 -9999.000 -9999.000 -9999.000 -9999.000 -9999.000 -9999.000 -9999.000 -9999.000 -9999.000 -9999.000 -9999.000 -9999.000 -9999.000 -9999.000 -9999.000 -9999.000 -9999.000 -9999.000 -9999.000 -9999.000 -9999.000
1.183963 2.236593 2.827644 2.968174 2.544468 1.586044 0.5268392 0.1858040 0.1576764 0.1356155 0.1611108 0.1434020 0.1340153 0.1147558 0.1421235 0.1678139 0.1691564 0.1771429 0.2064735 0.2388562 0.2191937 0.1543908 0.1341315 0.1574934 0.2040907 0.2077179 0.1685233 0.1298914 0.6866888E-01 -9999.000 -9999.000 -9999.000 -9999.000 -9999.000 -9999.000 -9999.000 -9999.000 -9999.000 -9999.000 -9999.000 -9999.000 -9999.000 -9999.000 -9999.000 -9999.000 -9999.000 -9999.000 -9999.000 -9999.000 -9999.000 -9999.000 -9999.000 -9999.000 -9999.000 -9999.000 -9999.000 -9999.000 -9999.000 -9999.000
0.2474762 1.382496 2.386548 2.490231 1.607201 0.5407707 0.1469956 0.1693841 0.1430332 0.1140025 0.1028422 0.1021152 0.1174143 0.1083856 0.1335275 0.1652053 0.1811291 0.2048370 0.2327166 0.2479420 0.1818822 0.1390366 0.1308927 0.1548929 0.1974811 0.1963178 0.1659336 0.1183316 0.7419004E-01 0.3650551E-01 -9999.000 -9999.000 -9999.000 -9999.000 -9999.000 -9999.000 -9999.000 -9999.000 -9999.000 -9999.000 -9999.000 -9999.000 -9999.000 -9999.000 -9999.000 -9999.000 -9999.000 -9999.000 -9999.000 -9999.000 -9999.000 -9999.000 -9999.000 -9999.000 -9999.000 -9999.000 -9999.000 -9999.000 -9999.000
-9999.000 0.7009529 1.310463 1.250522 -9999.000 0.1714280 0.1981605 0.1792178 0.1671779 0.1383304 0.9987830E-01 0.9494427E-01 0.1070010 0.9626192E-01 0.1415939 0.2029736 0.2405084 0.2691177 0.2921180 0.2324072 0.1472118 0.1596967 0.1626278 0.1767275 0.1977766 0.1894560 0.1624172 0.1416698 0.1118431 0.6337338E-01 -9999.000 -9999.000 0.1836429E-01 -9999.000 -9999.000 -9999.000 -9999.000 -9999.000 -9999.000 -9999.000 -9999.000 -9999.000 -9999.000 -9999.000 -9999.000 -9999.000 -9999.000 -9999.000 -9999.000 -9999.000 -9999.000 -9999.000 -9999.000 -9999.000 -9999.000 -9999.000 -9999.000 -9999.000 -9999.000
-9999.000 -9999.000 -9999.000 0.2533038 0.1858642 0.2432817 0.2123068 0.2022969 0.2068647 0.1791020 0.1541648 0.1410346 0.1255448 0.1104129 0.1675869 0.2537083 0.2717395 0.2780988 0.2651889 0.1738249 0.1092499 0.1664483 0.1782956 0.1903103 0.1848144 0.1437300 0.1365326 0.1465291 0.1456744 0.9932267E-01 -9999.000 -9999.000 -9999.000 -9999.000 -9999.000 -9999.000 -9999.000 -9999.000 -9999.000 -9999.000 -9999.000 -9999.000 -9999.000 -9999.000 -9999.000 -9999.000 -9999.000 -9999.000 -9999.000 -9999.000 -9999.000 -9999.000 -9999.000 -9999.000 -9999.000 -9999.000 -9999.000 -9999.000 -9999.000
-9999.000 -9999.000 -9999.000 0.1372377 0.2436440 0.2456665 0.2454754 0.2529638 0.2556765 0.2369721 0.2228005 0.2090074 0.1786137 0.1423039 0.1659997 0.2127033 0.2283812 0.2202577 0.1812036 0.1619465 0.1223849 0.1578405 0.1824795 0.2012556 0.1930038 0.1356349 0.1230775 0.1532216 0.1664394 0.1418795 0.8299559E-01 0.4780058E-01 0.4001977E-01 0.3589186E-01 -9999.000 -9999.000 -9999.000 -9999.000 -9999.000 -9999.000 -9999.000 -9999.000 -9999.000 -9999.000 -9999.000 -9999.000 -9999.000 -9999.000 -9999.000 -9999.000 -9999.000 -9999.000 -9999.000 -9999.000 -9999.000 -9999.000 -9999.000 -9999.000 -9999.000
-9999.000 -9999.000 -9999.000 0.1332773 0.1616962 0.2010323 0.2552662 0.2796409 0.2581163 0.2340305 0.2351183 0.2386036 0.1955550 0.1382702 0.1229040 0.1107258 0.1503920 0.1398363 0.1663979 0.2073868 0.1671104 0.1931487 0.2280579 0.2620411 0.2557688 0.1830535 0.1440891 0.1557796 0.1710708 0.1626423 0.1085681 0.7153779E-01 0.6171902E-01 0.4373887E-01 -9999.000 -9999.000 -9999.000 -9999.000 -9999.000 -9999.000 -9999.000 -9999.000 -9999.000 -9999.000 -9999.000 -9999.000 -9999.000 -9999.000 -9999.000 -9999.000 -9999.000 -9999.000 -9999.000 -9999.000 -9999.000 -9999.000 -9999.000 -9999.000 -9999.000
-9999.000 -9999.000 -9999.000 0.7739541E-01 0.1062398 0.1828241 0.2509481 0.2621795 0.2531029 0.2496008 0.2240624 0.1858375 0.1237684 0.1030079 0.1146466 0.1402360 0.1609594 0.1524134 0.1789273 0.1925682 0.1652260 0.2096746 0.2833589 0.3299061 0.3079478 0.2140046 0.1572439 0.1639062 0.1766408 0.1875421 0.1403808 0.1047463 0.9588351E-01 0.7503374E-01 0.4584360E-01 -9999.000 -9999.000 -9999.000 -9999.000 -9999.000 -9999.000 -9999.000 -9999.000 -9999.000 -9999.000 -9999.000 -9999.000 -9999.000 -9999.000 -9999.000 -9999.000 -9999.000 -9999.000 -9999.000 -9999.000 -9999.000 -9999.000 -9999.000 -9999.000
-9999.000 -9999.000 -9999.000 -9999.000 -9999.000 0.1146129 0.1798653 0.2191624 0.2434731 0.2582450 0.2092101 0.1239064 0.8332828E-01 0.7044903E-01 0.1147253 0.1879302 0.2246145 0.2437042 0.1982787 0.1257984 0.1026427 0.1866946 0.3035471 0.3445034 0.2845873 0.2011239 0.1734540 0.1934133 0.2162907 0.2193990 0.1745646 0.1469080 0.1526577 0.1353316 0.1069052 0.9370712E-01 0.8570721E-01 0.6308932E-01 -9999.000 -9999.000 -9999.000 -9999.000 -9999.000 -9999.000 -9999.000 -9999.000 -9999.000 -9999.000 -9999.000 -9999.000 -9999.000 -9999.000 -9999.000 -9999.000 -9999.000 -9999.000 -9999.000 -9999.000 -9999.000
-9999.000 -9999.000 -9999.000 -9999.000 -9999.000 0.6691519E-01 0.1131083 0.1609914 0.2215188 0.2562228 0.2293563 0.1679334 0.1314825 0.1142594 0.1457377 0.2081191 0.2403904 0.2705897 0.2392350 0.1525054 0.1283597 0.2009569 0.2907325 0.2997125 0.2519232 0.1887637 0.1779705 0.1806758 0.2109850 0.2452134 0.2125837 0.2008135 0.2090849 0.2044179 0.1561861 0.1403115 0.1384760 0.9704114E-01 0.4356062E-01 -9999.000 -9999.000 -9999.000 -9999.000 -9999.000 -9999.000 -9999.000 -9999.000 -9999.000 -9999.000 -9999.000 -9999.000 -9999.000 -9999.000 -9999.000 -9999.000 -9999.000 -9999.000 -9999.000 -9999.000
-9999.000 -9999.000 -9999.000 -9999.000 -9999.000 0.7531998E-01 0.1146133 0.1570480 0.2153347 0.2481854 0.2470779 0.2237492 0.1874529 0.1671883 0.1845954 0.2124728 0.2349304 0.2838163 0.2929422 0.2540498 0.2405098 0.2431343 0.2488973 0.2495314 0.1888998 0.1615554 0.1551745 0.1442987 0.1725480 0.2192672 0.2050621 0.2035386 0.2203145 0.2173194 0.1962144 0.1738591 0.1688140 0.1519034 0.9098402E-01 -9999.000 -9999.000 -9999.000 -9999.000 -9999.000 -9999.000 -9999.000 -9999.000 -9999.000 -9999.000 -9999.000 -9999.000 -9999.000 -9999.000 -9999.000 -9999.000 -9999.000 -9999.000 -9999.000 -9999.000
-9999.000 -9999.000 -9999.000 -9999.000 -9999.000 -9999.000 0.1414805 0.1498779 0.1992202 0.2351971 0.2639387 0.2470255 0.2082082 0.1744804 0.1746190 0.1841419 0.2159953 0.2824718 0.3057860 0.3026183 0.3150981 0.2439224 0.2000122 0.1801363 0.1646892 0.1441541 0.1387884 0.1433185 0.1665490 0.1972531 0.1770561 0.1683602 0.1852528 0.2022909 0.1929603 0.1668272 0.1731513 0.1729201 0.1200292 0.7322766E-01 -9999.000 -9999.000 -9999.000 -9999.000 -9999.000 -9999.000 -9999.000 -9999.000 -9999.000 -9999.000 -9999.000 -9999.000 -9999.000 -9999.000 -9999.000 -9999.000 -9999.000 -9999.000 -9999.000
-9999.000 -9999.000 -9999.000 -9999.000 -9999.000 -9999.000 -9999.000 0.9075429E-01 0.1511355 0.2273446 0.2790022 0.2572945 0.2032812 0.1499959 0.1289527 0.1180586 0.1674167 0.2684409 0.2694121 0.2429202 0.2028714 0.1645548 0.1587939 0.2012851 0.2330867 0.1741662 0.1551508 0.1714565 0.1881541 0.2074812 0.2026370 0.1839633 0.1811231 0.1980106 0.1680559 0.1120441 0.1126383 0.1438503 0.1341526 0.1065837 -9999.000 -9999.000 -9999.000 -9999.000 -9999.000 -9999.000 -9999.000 -9999.000 -9999.000 -9999.000 -9999.000 -9999.000 -9999.000 -9999.000 -9999.000 -9999.000 -9999.000 -9999.000 -9999.000
-9999.000 -9999.000 -9999.000 -9999.000 -9999.000 -9999.000 -9999.000 0.3407766E-01 0.8271700E-01 0.1804334 0.2348693 0.2313805 0.1728945 0.1134469 0.8681137E-01 0.6238344E-01 0.9612230E-01 0.1821288 0.1759795 0.1463977 0.1257803 0.1288438 0.1613962 0.2439111 0.2807778 0.2300180 0.2215268 0.2367584 0.2388644 0.2461638 0.2659554 0.2736160 0.2316345 0.1827392 0.1106705 0.5963746E-01 0.1047064 0.1566912 0.1666495 0.1125093 0.5069390E-01 -9999.000 -9999.000 -9999.000 -9999.000 -9999.000 -9999.000 -9999.000 -9999.000 -9999.000 -9999.000 -9999.000 -9999.000 -9999.000 -9999.000 -9999.000 -9999.000 -9999.000 -9999.000
-9999.000 -9999.000 -9999.000 -9999.000 -9999.000 -9999.000 -9999.000 -9999.000 0.5297475E-01 0.1180541 0.1839139 0.2031793 0.1740960 0.1112800 0.7539549E-01 0.4139186E-01 0.4728655E-01 0.9236732E-01 0.1129099 0.1232840 0.1541358 0.1554237 0.1605611 0.2391483 0.2856467 0.2710900 0.2696343 0.2630451 0.2357992 0.2315504 0.2957628 0.3052835 0.2647285 0.1765695 0.8928093E-01 0.1022425 0.1482384 0.1632622 0.1458774 0.1123264 0.7050159E-01 -9999.000 -9999.000 -9999.000 -9999.000 -9999.000 -9999.000 -9999.000 -9999.000 -9999.000 -9999.000 -9999.000 -9999.000 -9999.000 -9999.000 -9999.000 -9999.000 -9999.000 -9999.000
-9999.000 -9999.000 -9999.000 -9999.000 -9999.000 -9999.000 -9999.000 -9999.000 -9999.000 0.8462587E-01 0.1722753 0.1986214 0.1907354 0.1476161 0.9664035E-01 0.5530201E-01 0.3683105E-01 0.5596011E-01 0.8092494E-01 0.1084709 0.1530549 0.1887845 0.1873539 0.2333445 0.2894940 0.2816963 0.2485410 0.1966700 0.1261153 0.1486814 0.2338791 0.2480928 0.2408290 0.1865798 0.1542066 0.1739004 0.1847908 0.1667860 0.1474964 0.1605069 0.1280385 0.6048457E-01 -9999.000 -9999.000 -9999.000 -9999.000 -9999.000 -9999.000 -9999.000 -9999.000 -9999.000 -9999.000 -9999.000 -9999.000 -9999.000 -9999.000 -9999.000 -9999.000 -9999.000
-9999.000 -9999.000 -9999.000 -9999.000 -9999.000 -9999.000 -9999.000 -9999.000 -9999.000 0.5187846E-01 0.1266293 0.1784158 0.1980295 0.1744091 0.1218504 0.6333722E-01 0.3108517E-01 0.3517507E-01 0.5831633E-01 0.8972587E-01 0.1472423 0.2077110 0.2144617 0.2329721 0.2793839 0.2417652 0.1769729 0.1132384 0.1301090 0.1558628 0.1767111 0.1799050 0.1900944 0.1752650 0.1782484 0.2161318 0.2104851 0.1819090 0.1928093 0.2133039 0.1652847 0.7866836E-01 -9999.000 -9999.000 -9999.000 -9999.000 -9999.000 -9999.000 -9999.000 -9999.000 -9999.000 -9999.000 -9999.000 -9999.000 -9999.000 -9999.000 -9999.000 -9999.000 -9999.000
-9999.000 -9999.000 -9999.000 -9999.000 -9999.000 -9999.000 -9999.000 -9999.000 -9999.000 0.3686946E-01 0.9798909E-01 0.1666025 0.2054041 0.2108758 0.1593882 0.9138652E-01 0.3754228E-01 0.2295505E-01 0.4311197E-01 0.8003889E-01 0.1312851 0.1776831 0.1821472 0.2111801 0.2312259 0.1792709 0.1098866 0.1067700 0.1693907 0.2146350 0.1992947 0.1705683 0.1730698 0.1604090 0.1746025 0.2255519 0.2138442 0.1836499 0.2078171 0.2424533 0.2020276 0.9717217E-01 -9999.000 -9999.000 -9999.000 -9999.000 -9999.000 -9999.000 -9999.000 -9999.000 -9999.000 -9999.000 -9999.000 -9999.000 -9999.000 -9999.000 -9999.000 -9999.000 -9999.000
-9999.000 -9999.000 -9999.000 -9999.000 -9999.000 -9999.000 -9999.000 -9999.000 -9999.000 -9999.000 0.5203155E-01 0.1043454 0.1833443 0.2281165 0.2061592 0.1412803 0.5118251E-01 0.2055415E-01 0.2510732E-01 0.5251488E-01 0.9556837E-01 0.1210857 0.1200668 0.1624984 0.2017214 0.1753210 0.1664894 0.1740953 0.2221572 0.2496705 0.2511355 0.2174816 0.2282643 0.2301776 0.2377941 0.2616015 0.2343577 0.2219443 0.2345740 0.2559015 0.2326120 0.1523366 0.9515580E-01 -9999.000 -9999.000 -9999.000 -9999.000 -9999.000 -9999.000 -9999.000 -9999.000 -9999.000 -9999.000 -9999.000 -9999.000 -9999.000 -9999.000 -9999.000 -9999.000
-9999.000 -9999.000 -9999.000 -9999.000 -9999.000 -9999.000 -9999.000 -9999.000 -9999.000 -9999.000 -9999.000 0.4898654E-01 0.1342169 0.2048594 0.2123086 0.1641386 0.8753108E-01 0.4268406E-01 0.1734429E-01 0.3494458E-01 0.6485183E-01 0.7196461E-01 0.5987995E-01 0.1150072 0.2108881 0.2145570 0.2184376 0.2606277 0.2655503 0.2410043 0.2613181 0.3009397 0.3291109 0.3541174 0.3306674 0.2912423 0.2699020 0.2774438 0.2803730 0.2855249 0.2562016 0.2007604 0.1330768 0.5534374E-01 -9999.000 -9999.000 -9999.000 -9999.000 -9999.000 -9999.000 -9999.000 -9999.000 -9999.000 -9999.000 -9999.000 -9999.000 -9999.000 -9999.000 -9999.000
-9999.000 -9999.000 -9999.000 -9999.000 -9999.000 -9999.000 -9999.000 -9999.000 -9999.000 -9999.000 -9999.000 0.3769451E-01 0.1118247 0.1865635 0.2138163 0.1887754 0.1406351 0.8017042E-01 0.3534557E-01 0.3790801E-01 0.6043705E-01 0.5302895E-01 0.4826598E-01 0.1006592 0.1712086 0.1888797 0.2151894 0.2823299 0.3015936 0.2542933 0.2666666 0.3363914 0.3617693 0.3707774 0.3598628 0.3125867 0.2958910 0.2920962 0.2987709 0.3015618 0.2844839 0.2612335 0.1751264 0.7607496E-01 -9999.000 -9999.000 -9999.000 -9999.000 -9999.000 -9999.000 -9999.000 -9999.000 -9999.000 -9999.000 -9999.000 -9999.000 -9999.000 -9999.000 -9999.000
-9999.000 -9999.000 -9999.000 -9999.000 -9999.000 -9999.000 -9999.000 -9999.000 -9999.000 -9999.000 -9999.000 -9999.000 0.1020688 0.1888427 0.2221920 0.2191218 0.1836838 0.1276268 0.6964669E-01 0.4742280E-01 0.5094045E-01 0.4522341E-01 0.5259016E-01 0.8067599E-01 0.1033109 0.1164774 0.1624150 0.2412569 0.2897148 0.2763736 0.2982160 0.3462203 0.3265193 0.3156327 0.3210686 0.3115454 0.2685117 0.2704802 0.2724033 0.2849310 0.2900565 0.2758012 0.2250076 0.1251738 0.5568756E-01 -9999.000 -9999.000 -9999.000 -9999.000 -9999.000 -9999.000 -9999.000 -9999.000 -9999.000 -9999.000 -9999.000 -9999.000 -9999.000 -9999.000
-9999.000 -9999.000 -9999.000 -9999.000 -9999.000 -9999.000 -9999.000 -9999.000 -9999.000 -9999.000 -9999.000 0.1252753E-01 0.9751420E-01 0.1864912 0.2326158 0.2355773 0.2149479 0.1678763 0.9811757E-01 0.6001894E-01 0.5059964E-01 0.5963132E-01 0.7260402E-01 0.7460871E-01 0.6574583E-01 0.7803054E-01 0.1190925 0.1781391 0.2308728 0.2551260 0.3230329 0.3042384 0.2395313 0.2526385 0.2735184 0.2097936 0.1696170 0.1516290 0.1789263 0.2046423 0.2341600 0.2441740 0.2182923 0.1524672 0.1151029 -9999.000 -9999.000 -9999.000 -9999.000 -9999.000 -9999.000 -9999.000 -9999.000 -9999.000 -9999.000 -9999.000 -9999.000 -9999.000 -9999.000
-9999.000 -9999.000 -9999.000 -9999.000 -9999.000 -9999.000 -9999.000 -9999.000 -9999.000 -9999.000 -9999.000 -9999.000 -9999.000 0.1598814 0.2225275 0.2338115 0.2246717 0.1822119 0.1259745 0.6472577E-01 0.4003541E-01 0.4678410E-01 0.6641194E-01 0.6695773E-01 0.6368215E-01 0.8960450E-01 0.1412152 0.1847121 0.2188664 0.2458347 0.2575663 0.2099114 0.1883802 0.2812403 0.3037808 0.2503619 0.1738471 0.1529165 0.1655984 0.1794081 0.1997988 0.2190905 0.2127199 0.1808497 0.1432986 0.9620728E-01 -9999.000 -9999.000 -9999.000 -9999.000 -9999.000 -9999.000 -9999.000 -9999.000 -9999.000 -9999.000 -9999.000 -9999.000 -9999.000
-9999.000 -9999.000 -9999.000 -9999.000 -9999.000 -9999.000 -9999.000 -9999.000 -9999.000 -9999.000 -9999.000 -9999.000 -9999.000 0.1425508 0.1951993 0.2060754 0.2186578 0.1873998 0.1089970 0.6108423E-01 0.3545315E-01 0.2538920E-01 0.3640535E-01 0.5507606E-01 0.6972156E-01 0.1092010 0.1832860 0.2092866 0.2055580 0.1880063 0.1917250 0.1819658 0.1931817 0.2797307 0.3460914 0.3268416 0.2652913 0.1939918 0.1971828 0.2240285 0.2315315 0.2177890 0.2119181 0.1796466 0.1317697 0.8360300E-01 -9999.000 -9999.000 -9999.000 -9999.000 -9999.000 -9999.000 -9999.000 -9999.000 -9999.000 -9999.000 -9999.000 -9999.000 -9999.000
-9999.000 -9999.000 -9999.000 -9999.000 -9999.000 -9999.000 -9999.000 -9999.000 -9999.000 -9999.000 -9999.000 -9999.000 -9999.000 0.1445198 0.1767480 0.1793849 0.2004372 0.1806721 0.1227033 0.8845865E-01 0.5764405E-01 0.3207478E-01 0.2508658E-01 0.3355415E-01 0.5147499E-01 0.8907382E-01 0.1327333 0.1433179 0.1678989 0.1669936 0.2030641 0.2347469 0.2173416 0.2513021 0.3005735 0.2923679 0.2625735 0.2295098 0.2240917 0.2277232 0.1988223 0.1914066 0.2030109 0.1912009 0.1698878 0.1325993 0.9377825E-01 0.4980008E-01 -9999.000 -9999.000 -9999.000 -9999.000 -9999.000 -9999.000 -9999.000 -9999.000 -9999.000 -9999.000 -9999.000
