simulation_files/asc/Velocity__x_181.0.asc
NCOLS        79
NROWS        79
XLLCENTER         -1.500000
YLLCENTER         -4.800000
CELLSIZE           0.100
NODATA_VALUE     -9999.0
[rows 0 to 25 of 79, columns 0 to 57 of 79]
-9999.000 -9999.000 -9999.000 -9999.000 -9999.000 -9999.000 -9999.000 -9999.000 -9999.000 -9999.000 -9999.000 -9999.000 -9999.000 -9999.000 -9999.000 -0.8295922E-03 -0.3014577E-04 0.3131222E-02 0.7188912E-02 0.1112633E-01 0.1430696E-01 0.1654722E-01 0.1782523E-01 0.1819908E-01 0.1778602E-01 0.1668884E-01 0.1496610E-01 0.1254372E-01 0.8828647E-02 0.4319326E-02 0.4319326E-02 -9999.000 -9999.000 -9999.000 -9999.000 -9999.000 -9999.000 -9999.000 -9999.000 -9999.000 -9999.000 -9999.000 -9999.000 -9999.000 -9999.000 -9999.000 -9999.000 -9999.000 -9999.000 -9999.000 -9999.000 -9999.000 -9999.000 -9999.000 -9999.000 -9999.000 -9999.000 -9999.000
-9999.000 -9999.000 -9999.000 -9999.000 -9999.000 -9999.000 -9999.000 -9999.000 -9999.000 -9999.000 -9999.000 -9999.000 -9999.000 -9999.000 -9999.000 0.3288795E-03 0.2285759E-02 0.6504135E-02 0.1151093E-01 0.1630967E-01 0.2023387E-01 0.2303546E-01 0.2463373E-01 0.2504291E-01 0.2435052E-01 0.2264839E-01 0.2000330E-01 0.1637824E-01 0.1130108E-01 0.5518259E-02 0.5518259E-02 -9999.000 -9999.000 -9999.000 -9999.000 -9999.000 -9999.000 -9999.000 -9999.000 -9999.000 -9999.000 -9999.000 -9999.000 -9999.000 -9999.000 -9999.000 -9999.000 -9999.000 -9999.000 -9999.000 -9999.000 -9999.000 -9999.000 -9999.000 -9999.000 -9999.000 -9999.000 -9999.000
-9999.000 -9999.000 -9999.000 -9999.000 -9999.000 -9999.000 -9999.000 -9999.000 -9999.000 -9999.000 -9999.000 -9999.000 -9999.000 -9999.000 -9999.000 0.8122916E-03 0.3333667E-02 0.8204021E-02 0.1382994E-01 0.1917137E-01 0.2352698E-01 0.2662905E-01 0.2838305E-01 0.2879508E-01 0.2795193E-01 0.2595026E-01 0.2286761E-01 0.1868057E-01 0.1291618E-01 0.6344933E-02 0.6344933E-02 -9999.000 -9999.000 -9999.000 -9999.000 -9999.000 -9999.000 -9999.000 -9999.000 -9999.000 -9999.000 -9999.000 -9999.000 -9999.000 -9999.000 -9999.000 -9999.000 -9999.000 -9999.000 -9999.000 -9999.000 -9999.000 -9999.000 -9999.000 -9999.000 -9999.000 -9999.000 -9999.000
-9999.000 -9999.000 -9999.000 -9999.000 -9999.000 -9999.000 -9999.000 -9999.000 -9999.000 -9999.000 -9999.000 -9999.000 -9999.000 -9999.000 -9999.000 0.1070362E-02 0.3918343E-02 0.9197933E-02 0.1523218E-01 0.2094034E-01 0.2558984E-01 0.2890133E-01 0.3077349E-01 0.3120973E-01 0.3029972E-01 0.2814372E-01 0.2482406E-01 0.2031971E-01 0.1413560E-01 0.6997101E-02 0.6997101E-02 -9999.000 -9999.000 -9999.000 -9999.000 -9999.000 -9999.000 -9999.000 -9999.000 -9999.000 -9999.000 -9999.000 -9999.000 -9999.000 -9999.000 -9999.000 -9999.000 -9999.000 -9999.000 -9999.000 -9999.000 -9999.000 -9999.000 -9999.000 -9999.000 -9999.000 -9999.000 -9999.000
-9999.000 -9999.000 -9999.000 -9999.000 -9999.000 -9999.000 -9999.000 -9999.000 -9999.000 -9999.000 -9999.000 -9999.000 -9999.000 -9999.000 -9999.000 0.1239303E-02 0.4316530E-02 0.9901519E-02 0.1625249E-01 0.2225051E-01 0.2713529E-01 0.3061970E-01 0.3259887E-01 0.3307518E-01 0.3214166E-01 0.2990120E-01 0.2643811E-01 0.2172830E-01 0.1524136E-01 0.7610959E-02 0.7610959E-02 -9999.000 -9999.000 -9999.000 -9999.000 -9999.000 -9999.000 -9999.000 -9999.000 -9999.000 -9999.000 -9999.000 -9999.000 -9999.000 -9999.000 -9999.000 -9999.000 -9999.000 -9999.000 -9999.000 -9999.000 -9999.000 -9999.000 -9999.000 -9999.000 -9999.000 -9999.000 -9999.000
-9999.000 -9999.000 -9999.000 -9999.000 -9999.000 -9999.000 -9999.000 -9999.000 -9999.000 -9999.000 -9999.000 -9999.000 -9999.000 -9999.000 -9999.000 0.1379621E-02 0.4654028E-02 0.1050811E-01 0.1714332E-01 0.2340444E-01 0.2850349E-01 0.3214906E-01 0.3423423E-01 0.3476175E-01 0.3382885E-01 0.3154049E-01 0.2798109E-01 0.2312006E-01 0.1638085E-01 0.8261436E-02 0.8261436E-02 -9999.000 -9999.000 -9999.000 -9999.000 -9999.000 -9999.000 -9999.000 -9999.000 -9999.000 -9999.000 -9999.000 -9999.000 -9999.000 -9999.000 -9999.000 -9999.000 -9999.000 -9999.000 -9999.000 -9999.000 -9999.000 -9999.000 -9999.000 -9999.000 -9999.000 -9999.000 -9999.000
-9999.000 -9999.000 -9999.000 -9999.000 -9999.000 -9999.000 -9999.000 -9999.000 -9999.000 -9999.000 -9999.000 -9999.000 -9999.000 -9999.000 -9999.000 0.1520375E-02 0.4990749E-02 0.1111060E-01 0.1802690E-01 0.2454775E-01 0.2985860E-01 0.3366584E-01 0.3586212E-01 0.3645146E-01 0.3553613E-01 0.3322294E-01 0.2959530E-01 0.2461307E-01 0.1764273E-01 0.8996802E-02 0.8996802E-02 -9999.000 -9999.000 -9999.000 -9999.000 -9999.000 -9999.000 -9999.000 -9999.000 -9999.000 -9999.000 -9999.000 -9999.000 -9999.000 -9999.000 -9999.000 -9999.000 -9999.000 -9999.000 -9999.000 -9999.000 -9999.000 -9999.000 -9999.000 -9999.000 -9999.000 -9999.000 -9999.000
-9999.000 -9999.000 -9999.000 -9999.000 -9999.000 -9999.000 -9999.000 -9999.000 -9999.000 -9999.000 -9999.000 -9999.000 -9999.000 -9999.000 -9999.000 0.1676802E-02 0.5358553E-02 0.1175770E-01 0.1896675E-01 0.2575708E-01 0.3128686E-01 0.3526339E-01 0.3758034E-01 0.3824366E-01 0.3736173E-01 0.3504299E-01 0.3136932E-01 0.2628788E-01 0.1909553E-01 0.9857767E-02 0.9857767E-02 -9999.000 -9999.000 -9999.000 -9999.000 -9999.000 -9999.000 -9999.000 -9999.000 -9999.000 -9999.000 -9999.000 -9999.000 -9999.000 -9999.000 -9999.000 -9999.000 -9999.000 -9999.000 -9999.000 -9999.000 -9999.000 -9999.000 -9999.000 -9999.000 -9999.000 -9999.000 -9999.000
-9999.000 -9999.000 -9999.000 -9999.000 -9999.000 -9999.000 -9999.000 -9999.000 -9999.000 -9999.000 -9999.000 -9999.000 -9999.000 -9999.000 -9999.000 0.1858613E-02 0.5777788E-02 0.1248035E-01 0.2000303E-01 0.2707985E-01 0.3284246E-01 0.3700168E-01 0.3945307E-01 0.4020549E-01 0.3937502E-01 0.3707219E-01 0.3337546E-01 0.2821699E-01 0.2080878E-01 0.1088843E-01 0.1088843E-01 -9999.000 -9999.000 -9999.000 -9999.000 -9999.000 -9999.000 -9999.000 -9999.000 -9999.000 -9999.000 -9999.000 -9999.000 -9999.000 -9999.000 -9999.000 -9999.000 -9999.000 -9999.000 -9999.000 -9999.000 -9999.000 -9999.000 -9999.000 -9999.000 -9999.000 -9999.000 -9999.000
-9999.000 -9999.000 -9999.000 -9999.000 -9999.000 -9999.000 -9999.000 -9999.000 -9999.000 -9999.000 -9999.000 -9999.000 -9999.000 -9999.000 -9999.000 0.2073991E-02 0.6265186E-02 0.1330386E-01 0.2116912E-01 0.2855646E-01 0.3457125E-01 0.3893132E-01 0.4153584E-01 0.4239742E-01 0.4164203E-01 0.3938119E-01 0.3569026E-01 0.3048227E-01 0.2286694E-01 0.1214487E-01 0.1214487E-01 -9999.000 -9999.000 -9999.000 -9999.000 -9999.000 -9999.000 -9999.000 -9999.000 -9999.000 -9999.000 -9999.000 -9999.000 -9999.000 -9999.000 -9999.000 -9999.000 -9999.000 -9999.000 -9999.000 -9999.000 -9999.000 -9999.000 -9999.000 -9999.000 -9999.000 -9999.000 -9999.000
-9999.000 -9999.000 -9999.000 -9999.000 -9999.000 -9999.000 -9999.000 -9999.000 -9999.000 -9999.000 -9999.000 -9999.000 -9999.000 -9999.000 -9999.000 0.2331799E-02 0.6838835E-02 0.1425602E-01 0.2250106E-01 0.3023033E-01 0.3652322E-01 0.4110884E-01 0.4389158E-01 0.4488920E-01 0.4423996E-01 0.4205676E-01 0.3841004E-01 0.3319023E-01 0.2538414E-01 0.1370354E-01 0.1370354E-01 -9999.000 -9999.000 -9999.000 -9999.000 -9999.000 -9999.000 -9999.000 -9999.000 -9999.000 -9999.000 -9999.000 -9999.000 -9999.000 -9999.000 -9999.000 -9999.000 -9999.000 -9999.000 -9999.000 -9999.000 -9999.000 -9999.000 -9999.000 -9999.000 -9999.000 -9999.000 -9999.000
-9999.000 -9999.000 -9999.000 -9999.000 -9999.000 -9999.000 -9999.000 -9999.000 -9999.000 -9999.000 -9999.000 -9999.000 -9999.000 -9999.000 -9999.000 0.2643081E-02 0.7521898E-02 0.1537226E-01 0.2404515E-01 0.3215706E-01 0.3876254E-01 0.4360686E-01 0.4660196E-01 0.4777296E-01 0.4727235E-01 0.4521531E-01 0.4166647E-01 0.3648987E-01 0.2852306E-01 0.1567474E-01 0.1567474E-01 -9999.000 -9999.000 -9999.000 -9999.000 -9999.000 -9999.000 -9999.000 -9999.000 -9999.000 -9999.000 -9999.000 -9999.000 -9999.000 -9999.000 -9999.000 -9999.000 -9999.000 -9999.000 -9999.000 -9999.000 -9999.000 -9999.000 -9999.000 -9999.000 -9999.000 -9999.000 -9999.000
-9999.000 -9999.000 -9999.000 -9999.000 -9999.000 -9999.000 -9999.000 -9999.000 -9999.000 -9999.000 -9999.000 -9999.000 -9999.000 -9999.000 -9999.000 0.3033468E-02 0.8368545E-02 0.1673646E-01 0.2590899E-01 0.3445150E-01 0.4141102E-01 0.4655467E-01 0.4980452E-01 0.5119551E-01 0.5089964E-01 0.4903413E-01 0.4565834E-01 0.4060384E-01 0.3252693E-01 0.1822349E-01 0.1822349E-01 -9999.000 -9999.000 -9999.000 -9999.000 -9999.000 -9999.000 -9999.000 -9999.000 -9999.000 -9999.000 -9999.000 -9999.000 -9999.000 -9999.000 -9999.000 -9999.000 -9999.000 -9999.000 -9999.000 -9999.000 -9999.000 -9999.000 -9999.000 -9999.000 -9999.000 -9999.000 -9999.000
-9999.000 -9999.000 -9999.000 -9999.000 -9999.000 -9999.000 -9999.000 -9999.000 -9999.000 -9999.000 -9999.000 -9999.000 -9999.000 -9999.000 -9999.000 0.4365201E-02 0.1118968E-01 0.2121010E-01 0.3110463E-01 0.3973204E-01 0.4675565E-01 0.5190807E-01 0.5514845E-01 0.5653784E-01 0.5627747E-01 0.5448647E-01 0.5121341E-01 0.4624580E-01 0.3801034E-01 0.2173107E-01 0.2173107E-01 -9999.000 -9999.000 -9999.000 -9999.000 -9999.000 -9999.000 -9999.000 -9999.000 -9999.000 -9999.000 -9999.000 -9999.000 -9999.000 -9999.000 -9999.000 -9999.000 -9999.000 -9999.000 -9999.000 -9999.000 -9999.000 -9999.000 -9999.000 -9999.000 -9999.000 -9999.000 -9999.000
-9999.000 -9999.000 -9999.000 -9999.000 -9999.000 -9999.000 -9999.000 -9999.000 -9999.000 -9999.000 -9999.000 -9999.000 -9999.000 -9999.000 -9999.000 0.8212972E-01 0.1261061 0.1479816 0.1419780 0.1241645 0.1113233 0.9987189E-01 0.8966210E-01 0.8055056E-01 0.7236581E-01 0.6476431E-01 0.5742966E-01 0.4975796E-01 0.3969534E-01 0.1924373E-01 0.1924373E-01 -9999.000 -9999.000 -9999.000 -9999.000 -9999.000 -9999.000 -9999.000 -9999.000 -9999.000 -9999.000 -9999.000 -9999.000 -9999.000 -9999.000 -9999.000 -9999.000 -9999.000 -9999.000 -9999.000 -9999.000 -9999.000 -9999.000 -9999.000 -9999.000 -9999.000 -9999.000 -9999.000
2.787830 2.787830 2.785125 2.840936 2.846688 2.846688 2.849344 2.850773 2.850773 2.848949 2.848949 2.844780 2.842019 2.838889 2.835437 2.835437 2.955812 2.958943 2.959405 2.950823 2.917649 2.862814 2.785861 2.685254 2.562326 2.420592 2.262243 2.095355 1.942549 1.870928 1.870928 2.678120 2.850176 2.952709 2.979108 2.979108 3.016926 3.016926 3.011597 3.011597 2.976123 2.820685 2.820685 2.532766 2.532766 2.121239 2.121239 2.121239 2.086559 2.086559 2.108388 2.108388 2.151459 2.151459 2.199107 2.199107 2.243040 2.243040
2.810570 2.810570 2.812439 2.890749 2.908134 2.908134 2.922222 2.946094 2.946094 2.966424 2.966424 2.984217 2.992369 3.000104 3.007471 3.007471 3.093401 3.109295 3.122842 3.133913 3.139066 3.137800 3.128063 3.106728 3.071204 3.019780 2.950633 2.864251 2.766619 2.682534 2.682534 3.112982 3.267228 3.417283 3.458596 3.458596 3.507887 3.507887 3.515996 3.515996 3.500425 3.413382 3.413382 3.242658 3.242658 2.937611 2.937611 2.937611 2.898821 2.898821 2.922532 2.922532 2.968560 2.968560 3.018821 3.018821 3.065696 3.065696
2.814846 2.814846 2.815506 2.890541 2.908327 2.908327 2.922862 2.947378 2.947378 2.968297 2.968297 2.986775 2.995307 3.003452 3.011254 3.011254 3.086187 3.113011 3.137401 3.159209 3.176753 3.189700 3.197505 3.198952 3.192693 3.177456 3.151523 3.113978 3.067198 3.026441 3.026441 3.266392 3.416780 3.592662 3.644773 3.644773 3.701808 3.701808 3.700084 3.700084 3.676163 3.584367 3.584367 3.454321 3.454321 3.217783 3.217783 3.217783 3.166403 3.166403 3.177305 3.177305 3.214534 3.214534 3.258661 3.258661 3.301081 3.301081
2.816928 2.816928 2.820161 2.889915 2.907869 2.907869 2.922671 2.947392 2.947392 2.968315 2.968315 2.986784 2.995321 3.003476 3.011292 3.011292 3.079341 3.115260 3.149750 3.181148 3.207788 3.229013 3.244540 3.254002 3.257040 3.253405 3.242577 3.224261 3.199989 3.179580 3.179580 3.323944 3.456058 3.639732 3.698204 3.698204 3.755379 3.755379 3.733389 3.733389 3.697198 3.604732 3.604732 3.515673 3.515673 3.348404 3.348404 3.348404 3.290698 3.290698 3.287650 3.287650 3.315150 3.315150 3.353659 3.353659 3.392647 3.392647
2.813953 2.813953 2.827532 2.889328 2.907461 2.907461 2.922546 2.947546 2.947546 2.968559 2.968559 2.987110 2.995693 3.003892 3.011747 3.011747 3.077308 3.121096 3.164712 3.204988 3.239958 3.268668 3.290732 3.305945 3.314236 3.315728 3.310555 3.299049 3.282733 3.268565 3.268565 3.355532 3.463123 3.637510 3.693911 3.693911 3.731997 3.731997 3.680198 3.680198 3.637201 3.565711 3.565711 3.522978 3.522978 3.423985 3.423985 3.423985 3.369128 3.369128 3.353362 3.353362 3.368859 3.368859 3.399702 3.399702 3.433975 3.433975
2.813909 2.813909 2.832182 2.888860 2.907110 2.907110 2.922400 2.947579 2.947579 2.968592 2.968592 2.987128 2.995708 3.003907 3.011764 3.011764 3.080008 3.131139 3.182937 3.231148 3.273544 3.309023 3.337101 3.357584 3.370448 3.375865 3.374129 3.365773 3.352205 3.338514 3.338514 3.387220 3.467539 3.614473 3.655913 3.655913 3.649163 3.649163 3.571760 3.571760 3.538061 3.509496 3.509496 3.510676 3.510676 3.471216 3.471216 3.471216 3.427965 3.427965 3.404469 3.404469 3.407534 3.407534 3.428525 3.428525 3.456032 3.456032
2.813896 2.813896 2.834939 2.888584 2.906890 2.906890 2.922303 2.947597 2.947597 2.968609 2.968609 2.987131 2.995709 3.003906 3.011763 3.011763 3.088707 3.147280 3.206472 3.261535 3.310197 3.351370 3.384581 3.409657 3.426592 3.435528 3.436736 3.430707 3.418575 3.403902 3.403902 3.426276 3.478867 3.575961 3.583552 3.583552 3.514586 3.514586 3.445557 3.445557 3.437043 3.457355 3.457355 3.492638 3.492638 3.500045 3.500045 3.500045 3.473938 3.473938 3.449575 3.449575 3.442497 3.442497 3.452506 3.452506 3.471245 3.471245
2.813893 2.813893 2.835852 2.888494 2.906816 2.906816 2.922270 2.947603 2.947603 2.968615 2.968615 2.987133 2.995710 3.003907 3.011763 3.011763 3.104456 3.170992 3.236930 3.297692 3.351271 3.396796 3.433932 3.462600 3.482835 3.494761 3.498591 3.494691 3.483845 3.468220 3.468220 3.471993 3.496355 3.509504 3.461772 3.461772 3.348830 3.348830 3.331478 3.331478 3.352512 3.412453 3.412453 3.471230 3.471230 3.513984 3.513984 3.513984 3.506963 3.506963 3.488094 3.488094 3.475219 3.475219 3.474782 3.474782 3.483432 3.483432
2.813896 2.813896 2.834939 2.888584 2.906890 2.906890 2.922302 2.947596 2.947596 2.968609 2.968609 2.987131 2.995709 3.003906 3.011763 3.011763 3.128747 3.203943 3.275982 3.341157 3.398094 3.446361 3.485908 3.516833 3.539271 3.553365 3.559275 3.557240 3.547655 3.531081 3.531081 3.519715 3.510514 3.388110 3.281166 3.281166 3.190160 3.190160 3.244258 3.244258 3.287527 3.372968 3.372968 3.447276 3.447276 3.516335 3.516335 3.516335 3.527479 3.527479 3.518326 3.518326 3.504207 3.504207 3.495364 3.495364 3.493546 3.493546
2.813909 2.813909 2.832182 2.888860 2.907110 2.907110 2.922400 2.947579 2.947579 2.968592 2.968592 2.987128 2.995708 3.003907 3.011764 3.011764 3.163791 3.248223 3.325490 3.393500 3.451927 3.501013 3.541144 3.572685 3.595922 3.611057 3.618230 3.617552 3.608889 3.590016 3.590016 3.559614 3.496936 3.191790 3.067499 3.067499 3.070934 3.070934 3.180630 3.180630 3.236123 3.336080 3.336080 3.420865 3.420865 3.509329 3.509329 3.509329 3.536048 3.536048 3.538258 3.538258 3.526804 3.526804 3.512433 3.512433 3.500772 3.500772
2.813954 2.813954 2.827531 2.889329 2.907462 2.907462 2.922546 2.947546 2.947546 2.968560 2.968560 2.987112 2.995695 3.003892 3.011748 3.011748 3.212920 3.306568 3.387552 3.456245 3.513811 3.561402 3.599963 3.630193 3.652565 3.667364 3.674729 3.674625 3.665769 3.638537 3.638537 3.567086 3.405317 2.948355 2.882071 2.882071 2.991358 2.991358 3.127916 3.127916 3.189132 3.297533 3.297533 3.389824 3.389824 3.492527 3.492527 3.492527 3.531672 3.531672 3.544835 3.544835 3.538394 3.538394 3.521406 3.521406 3.501433 3.501433
