simulation_files/asc/Velocity____47.0.asc
NCOLS        79
NROWS        79
XLLCENTER         -1.500000
YLLCENTER         -4.800000
CELLSIZE           0.100
NODATA_VALUE     -9999.0
[rows 0 to 26 of 79, columns 0 to 59 of 79]
-9999.000 -9999.000 -9999.000 -9999.000 -9999.000 -9999.000 -9999.000 -9999.000 -9999.000 -9999.000 -9999.000 -9999.000 -9999.000 -9999.000 -9999.000 0.2804318 0.2794642 0.2797157 0.2801460 0.2806502 0.2812137 0.2818335 0.2825070 0.2832323 0.2840097 0.2848474 0.2857670 0.2868124 0.2879358 0.2845448 0.2845448 -9999.000 -9999.000 -9999.000 -9999.000 -9999.000 -9999.000 -9999.000 -9999.000 -9999.000 -9999.000 -9999.000 -9999.000 -9999.000 -9999.000 -9999.000 -9999.000 -9999.000 -9999.000 -9999.000 -9999.000 -9999.000 -9999.000 -9999.000 -9999.000 -9999.000 -9999.000 -9999.000 -9999.000 -9999.000
-9999.000 -9999.000 -9999.000 -9999.000 -9999.000 -9999.000 -9999.000 -9999.000 -9999.000 -9999.000 -9999.000 -9999.000 -9999.000 -9999.000 -9999.000 0.2758811 0.2734674 0.2739227 0.2747329 0.2756711 0.2767017 0.2778169 0.2790142 0.2802954 0.2816723 0.2831758 0.2848675 0.2868482 0.2890102 0.2824628 0.2824628 -9999.000 -9999.000 -9999.000 -9999.000 -9999.000 -9999.000 -9999.000 -9999.000 -9999.000 -9999.000 -9999.000 -9999.000 -9999.000 -9999.000 -9999.000 -9999.000 -9999.000 -9999.000 -9999.000 -9999.000 -9999.000 -9999.000 -9999.000 -9999.000 -9999.000 -9999.000 -9999.000 -9999.000 -9999.000
-9999.000 -9999.000 -9999.000 -9999.000 -9999.000 -9999.000 -9999.000 -9999.000 -9999.000 -9999.000 -9999.000 -9999.000 -9999.000 -9999.000 -9999.000 0.2694629 0.2652680 0.2660286 0.2674405 0.2691061 0.2709512 0.2729532 0.2751027 0.2774018 0.2798691 0.2825520 0.2855372 0.2889511 0.2925284 0.2825134 0.2825134 -9999.000 -9999.000 -9999.000 -9999.000 -9999.000 -9999.000 -9999.000 -9999.000 -9999.000 -9999.000 -9999.000 -9999.000 -9999.000 -9999.000 -9999.000 -9999.000 -9999.000 -9999.000 -9999.000 -9999.000 -9999.000 -9999.000 -9999.000 -9999.000 -9999.000 -9999.000 -9999.000 -9999.000 -9999.000
-9999.000 -9999.000 -9999.000 -9999.000 -9999.000 -9999.000 -9999.000 -9999.000 -9999.000 -9999.000 -9999.000 -9999.000 -9999.000 -9999.000 -9999.000 0.2618504 0.2557549 0.2569231 0.2591054 0.2617120 0.2646211 0.2677893 0.2711942 0.2748317 0.2787219 0.2829232 0.2875436 0.2927336 0.2980567 0.2848725 0.2848725 -9999.000 -9999.000 -9999.000 -9999.000 -9999.000 -9999.000 -9999.000 -9999.000 -9999.000 -9999.000 -9999.000 -9999.000 -9999.000 -9999.000 -9999.000 -9999.000 -9999.000 -9999.000 -9999.000 -9999.000 -9999.000 -9999.000 -9999.000 -9999.000 -9999.000 -9999.000 -9999.000 -9999.000 -9999.000
-9999.000 -9999.000 -9999.000 -9999.000 -9999.000 -9999.000 -9999.000 -9999.000 -9999.000 -9999.000 -9999.000 -9999.000 -9999.000 -9999.000 -9999.000 0.2530644 0.2450284 0.2467082 0.2498212 0.2535653 0.2577649 0.2623506 0.2672836 0.2725497 0.2781700 0.2842143 0.2908145 0.2981515 0.3056069 0.2896417 0.2896417 -9999.000 -9999.000 -9999.000 -9999.000 -9999.000 -9999.000 -9999.000 -9999.000 -9999.000 -9999.000 -9999.000 -9999.000 -9999.000 -9999.000 -9999.000 -9999.000 -9999.000 -9999.000 -9999.000 -9999.000 -9999.000 -9999.000 -9999.000 -9999.000 -9999.000 -9999.000 -9999.000 -9999.000 -9999.000
-9999.000 -9999.000 -9999.000 -9999.000 -9999.000 -9999.000 -9999.000 -9999.000 -9999.000 -9999.000 -9999.000 -9999.000 -9999.000 -9999.000 -9999.000 0.2430554 0.2331478 0.2354531 0.2396542 0.2447236 0.2504264 0.2566640 0.2633789 0.2705477 0.2781941 0.2864052 0.2953463 0.3052415 0.3152902 0.2970426 0.2970426 -9999.000 -9999.000 -9999.000 -9999.000 -9999.000 -9999.000 -9999.000 -9999.000 -9999.000 -9999.000 -9999.000 -9999.000 -9999.000 -9999.000 -9999.000 -9999.000 -9999.000 -9999.000 -9999.000 -9999.000 -9999.000 -9999.000 -9999.000 -9999.000 -9999.000 -9999.000 -9999.000 -9999.000 -9999.000
-9999.000 -9999.000 -9999.000 -9999.000 -9999.000 -9999.000 -9999.000 -9999.000 -9999.000 -9999.000 -9999.000 -9999.000 -9999.000 -9999.000 -9999.000 0.2317025 0.2201365 0.2232030 0.2286545 0.2352358 0.2426490 0.2507640 0.2595046 0.2688413 0.2788073 0.2895184 0.3011903 0.3141125 0.3273185 0.3074327 0.3074327 -9999.000 -9999.000 -9999.000 -9999.000 -9999.000 -9999.000 -9999.000 -9999.000 -9999.000 -9999.000 -9999.000 -9999.000 -9999.000 -9999.000 -9999.000 -9999.000 -9999.000 -9999.000 -9999.000 -9999.000 -9999.000 -9999.000 -9999.000 -9999.000 -9999.000 -9999.000 -9999.000 -9999.000 -9999.000
-9999.000 -9999.000 -9999.000 -9999.000 -9999.000 -9999.000 -9999.000 -9999.000 -9999.000 -9999.000 -9999.000 -9999.000 -9999.000 -9999.000 -9999.000 0.2188184 0.2059913 0.2099902 0.2168693 0.2251556 0.2344868 0.2447004 0.2557043 0.2674697 0.2800516 0.2936127 0.3084455 0.3249430 0.3420129 0.3213401 0.3213401 -9999.000 -9999.000 -9999.000 -9999.000 -9999.000 -9999.000 -9999.000 -9999.000 -9999.000 -9999.000 -9999.000 -9999.000 -9999.000 -9999.000 -9999.000 -9999.000 -9999.000 -9999.000 -9999.000 -9999.000 -9999.000 -9999.000 -9999.000 -9999.000 -9999.000 -9999.000 -9999.000 -9999.000 -9999.000
-9999.000 -9999.000 -9999.000 -9999.000 -9999.000 -9999.000 -9999.000 -9999.000 -9999.000 -9999.000 -9999.000 -9999.000 -9999.000 -9999.000 -9999.000 0.2041563 0.1906892 0.1958473 0.2043584 0.2145576 0.2260197 0.2385518 0.2520516 0.2665029 0.2820010 0.2987835 0.3172600 0.3379866 0.3598264 0.3395267 0.3395267 -9999.000 -9999.000 -9999.000 -9999.000 -9999.000 -9999.000 -9999.000 -9999.000 -9999.000 -9999.000 -9999.000 -9999.000 -9999.000 -9999.000 -9999.000 -9999.000 -9999.000 -9999.000 -9999.000 -9999.000 -9999.000 -9999.000 -9999.000 -9999.000 -9999.000 -9999.000 -9999.000 -9999.000 -9999.000
-9999.000 -9999.000 -9999.000 -9999.000 -9999.000 -9999.000 -9999.000 -9999.000 -9999.000 -9999.000 -9999.000 -9999.000 -9999.000 -9999.000 -9999.000 0.1874193 0.1741983 0.1808232 0.1912150 0.2035604 0.2173769 0.2324467 0.2486684 0.2660565 0.2847736 0.3051718 0.3278381 0.3535859 0.3813842 0.3631111 0.3631111 -9999.000 -9999.000 -9999.000 -9999.000 -9999.000 -9999.000 -9999.000 -9999.000 -9999.000 -9999.000 -9999.000 -9999.000 -9999.000 -9999.000 -9999.000 -9999.000 -9999.000 -9999.000 -9999.000 -9999.000 -9999.000 -9999.000 -9999.000 -9999.000 -9999.000 -9999.000 -9999.000 -9999.000 -9999.000
-9999.000 -9999.000 -9999.000 -9999.000 -9999.000 -9999.000 -9999.000 -9999.000 -9999.000 -9999.000 -9999.000 -9999.000 -9999.000 -9999.000 -9999.000 0.1682757 0.1564913 0.1650086 0.1775986 0.1923625 0.2087726 0.2265982 0.2457576 0.2663218 0.2885569 0.3129852 0.3404597 0.3722001 0.4075522 0.3937991 0.3937991 -9999.000 -9999.000 -9999.000 -9999.000 -9999.000 -9999.000 -9999.000 -9999.000 -9999.000 -9999.000 -9999.000 -9999.000 -9999.000 -9999.000 -9999.000 -9999.000 -9999.000 -9999.000 -9999.000 -9999.000 -9999.000 -9999.000 -9999.000 -9999.000 -9999.000 -9999.000 -9999.000 -9999.000 -9999.000
-9999.000 -9999.000 -9999.000 -9999.000 -9999.000 -9999.000 -9999.000 -9999.000 -9999.000 -9999.000 -9999.000 -9999.000 -9999.000 -9999.000 -9999.000 0.1463828 0.1375760 0.1485833 0.1637921 0.1813019 0.2005643 0.2213611 0.2436593 0.2676201 0.2936608 0.3225460 0.3555218 0.3944515 0.4395526 0.4343508 0.4343508 -9999.000 -9999.000 -9999.000 -9999.000 -9999.000 -9999.000 -9999.000 -9999.000 -9999.000 -9999.000 -9999.000 -9999.000 -9999.000 -9999.000 -9999.000 -9999.000 -9999.000 -9999.000 -9999.000 -9999.000 -9999.000 -9999.000 -9999.000 -9999.000 -9999.000 -9999.000 -9999.000 -9999.000 -9999.000
-9999.000 -9999.000 -9999.000 -9999.000 -9999.000 -9999.000 -9999.000 -9999.000 -9999.000 -9999.000 -9999.000 -9999.000 -9999.000 -9999.000 -9999.000 0.1214321 0.1175711 0.1319204 0.1503103 0.1709592 0.1933532 0.2173327 0.2429540 0.2705118 0.3006274 0.3343964 0.3736311 0.4212155 0.4791559 0.4896206 0.4896206 -9999.000 -9999.000 -9999.000 -9999.000 -9999.000 -9999.000 -9999.000 -9999.000 -9999.000 -9999.000 -9999.000 -9999.000 -9999.000 -9999.000 -9999.000 -9999.000 -9999.000 -9999.000 -9999.000 -9999.000 -9999.000 -9999.000 -9999.000 -9999.000 -9999.000 -9999.000 -9999.000 -9999.000 -9999.000
-9999.000 -9999.000 -9999.000 -9999.000 -9999.000 -9999.000 -9999.000 -9999.000 -9999.000 -9999.000 -9999.000 -9999.000 -9999.000 -9999.000 -9999.000 0.9321877E-01 0.9696343E-01 0.1159272 0.1382517 0.1624961 0.1883038 0.2156568 0.2447607 0.2760920 0.3105305 0.3495963 0.3958802 0.4538516 0.5290284 0.5692872 0.5692872 -9999.000 -9999.000 -9999.000 -9999.000 -9999.000 -9999.000 -9999.000 -9999.000 -9999.000 -9999.000 -9999.000 -9999.000 -9999.000 -9999.000 -9999.000 -9999.000 -9999.000 -9999.000 -9999.000 -9999.000 -9999.000 -9999.000 -9999.000 -9999.000 -9999.000 -9999.000 -9999.000 -9999.000 -9999.000
-9999.000 -9999.000 -9999.000 -9999.000 -9999.000 -9999.000 -9999.000 -9999.000 -9999.000 -9999.000 -9999.000 -9999.000 -9999.000 -9999.000 -9999.000 0.6270842E-01 0.8493190E-01 0.1131005 0.1407815 0.1683477 0.1964054 0.2255855 0.2565809 0.2902724 0.3279422 0.3716486 0.4249713 0.4946964 0.5929729 0.6953352 0.6953352 -9999.000 -9999.000 -9999.000 -9999.000 -9999.000 -9999.000 -9999.000 -9999.000 -9999.000 -9999.000 -9999.000 -9999.000 -9999.000 -9999.000 -9999.000 -9999.000 -9999.000 -9999.000 -9999.000 -9999.000 -9999.000 -9999.000 -9999.000 -9999.000 -9999.000 -9999.000 -9999.000 -9999.000 -9999.000
1.451613 1.451613 1.495527 1.361815 1.333623 1.333623 1.308263 1.260261 1.260261 1.210412 1.210412 1.151447 1.114395 1.067748 1.005065 1.005065 0.8603323 0.7973326 0.7316878 0.6669595 0.6068681 0.5551721 0.5154056 0.4907216 0.4839630 0.4981120 0.5374453 0.6102386 0.7343158 0.9646177 0.9646177 1.480093 1.676412 1.781252 1.760443 1.760443 1.624158 1.624158 1.415290 1.415290 1.198977 0.8082595 0.8082595 0.7953976 0.7953976 0.8270127 0.8270127 0.8270127 0.8792408 0.8792408 0.9209182 0.9209182 0.9555094 0.9555094 1.000771 1.000771 1.029166 1.029166 1.029166 1.051396
1.465458 1.465458 1.513705 1.392857 1.371349 1.371349 1.352178 1.315679 1.315679 1.276191 1.276191 1.226690 1.195514 1.159144 1.118754 1.118754 1.059480 1.029637 0.9927799 0.9494494 0.9011094 0.8502139 0.8002415 0.7556926 0.7220526 0.7057757 0.7144495 0.7576137 0.8486871 1.010564 1.010564 1.394131 1.538538 1.636311 1.650380 1.650380 1.637118 1.637118 1.565007 1.565007 1.472310 1.088914 1.088914 1.070479 1.070479 1.106986 1.106986 1.106986 1.162538 1.162538 1.206661 1.206661 1.229081 1.229081 1.283838 1.283838 1.317232 1.317232 1.317232 1.344857
1.468806 1.468806 1.514511 1.392567 1.371899 1.371899 1.353357 1.318365 1.318365 1.281736 1.281736 1.238814 1.213818 1.186615 1.158704 1.158704 1.128034 1.115935 1.099847 1.078880 1.052861 1.022413 0.9891023 0.9556206 0.9259756 0.9057030 0.9021362 0.9249434 0.9873173 1.110543 1.110543 1.426976 1.558153 1.658636 1.681277 1.681277 1.688295 1.688295 1.649364 1.649364 1.601620 1.335366 1.335366 1.245808 1.245808 1.262889 1.262889 1.262889 1.319820 1.319820 1.359251 1.359251 1.388990 1.388990 1.429083 1.429083 1.458065 1.458065 1.458065 1.481203
1.471374 1.471374 1.515078 1.392172 1.372066 1.372066 1.354000 1.320264 1.320264 1.286162 1.286162 1.248719 1.228339 1.207302 1.186809 1.186809 1.170260 1.166343 1.160737 1.152590 1.141410 1.127122 1.110226 1.092024 1.074877 1.062492 1.060292 1.076022 1.120989 1.215386 1.215386 1.469629 1.588730 1.683772 1.703606 1.703606 1.708787 1.708787 1.688103 1.688103 1.668524 1.521250 1.521250 1.394520 1.394520 1.395802 1.395802 1.395802 1.439716 1.439716 1.474654 1.474654 1.501717 1.501717 1.533725 1.533725 1.559114 1.559114 1.559114 1.578930
1.473264 1.473264 1.515525 1.392063 1.372424 1.372424 1.354858 1.322570 1.322570 1.291257 1.291257 1.259273 1.243091 1.227290 1.212689 1.212689 1.206767 1.207528 1.207354 1.205919 1.203061 1.198749 1.193169 1.186923 1.181272 1.178436 1.181966 1.197379 1.233450 1.308369 1.308369 1.510863 1.614455 1.693603 1.705125 1.705125 1.702938 1.702938 1.698280 1.698280 1.697428 1.640949 1.640949 1.531444 1.531444 1.499277 1.499277 1.499277 1.530666 1.530666 1.561196 1.561196 1.585989 1.585989 1.612371 1.612371 1.634535 1.634535 1.634535 1.651726
1.474539 1.474539 1.515863 1.392194 1.372961 1.372961 1.355902 1.325169 1.325169 1.296777 1.296777 1.270198 1.258020 1.247142 1.238094 1.238094 1.242906 1.247427 1.250651 1.252817 1.254272 1.255342 1.256339 1.257673 1.260030 1.264617 1.273474 1.290166 1.321100 1.382376 1.382376 1.543901 1.628815 1.681805 1.683233 1.683233 1.679839 1.679839 1.695189 1.695189 1.707909 1.707589 1.707589 1.643867 1.643867 1.588625 1.588625 1.588625 1.605290 1.605290 1.629487 1.629487 1.651363 1.651363 1.673460 1.673460 1.692461 1.692461 1.692461 1.707028
1.475245 1.475245 1.516085 1.392507 1.373646 1.373646 1.357084 1.327927 1.327927 1.302450 1.302450 1.281101 1.272773 1.266720 1.263399 1.263399 1.280594 1.288915 1.294840 1.299159 1.302721 1.306287 1.310468 1.315762 1.322637 1.331649 1.343586 1.360316 1.386164 1.433864 1.433864 1.564085 1.624972 1.644691 1.640230 1.640230 1.649250 1.649250 1.687065 1.687065 1.709760 1.740836 1.740836 1.722764 1.722764 1.667583 1.667583 1.667583 1.670177 1.670177 1.686015 1.686015 1.703615 1.703615 1.721628 1.721628 1.737168 1.737168 1.737168 1.748866
1.475414 1.475414 1.516179 1.392957 1.374447 1.374447 1.358356 1.330725 1.330725 1.308046 1.308046 1.291642 1.286994 1.285734 1.288594 1.288594 1.321040 1.333527 1.341964 1.347737 1.352190 1.356512 1.361659 1.368333 1.376971 1.387669 1.399872 1.413741 1.431946 1.464943 1.464943 1.560671 1.594081 1.584288 1.584257 1.584257 1.618357 1.618357 1.676755 1.676755 1.706574 1.755241 1.755241 1.769793 1.769793 1.733751 1.733751 1.733751 1.727467 1.727467 1.734593 1.734593 1.746564 1.746564 1.759885 1.759885 1.771553 1.771553 1.771553 1.780161
1.475058 1.475058 1.516136 1.393510 1.375320 1.375320 1.359657 1.333442 1.333442 1.313354 1.313354 1.301505 1.300308 1.303761 1.313352 1.313352 1.365425 1.382539 1.393449 1.400256 1.404820 1.408771 1.413413 1.419703 1.428141 1.438380 1.447748 1.454115 1.459115 1.473474 1.473474 1.525137 1.530567 1.510538 1.526279 1.526279 1.590078 1.590078 1.664633 1.664633 1.699542 1.758788 1.758788 1.793524 1.793524 1.784000 1.784000 1.784000 1.776255 1.776255 1.776709 1.776709 1.782524 1.782524 1.790471 1.790471 1.797737 1.797737 1.797737 1.802894
1.474171 1.474171 1.515947 1.394156 1.376227 1.376227 1.360931 1.335980 1.335980 1.318215 1.318215 1.310442 1.312393 1.320334 1.337007 1.337007 1.415181 1.437323 1.450661 1.458158 1.462199 1.464884 1.467908 1.472536 1.479404 1.487668 1.490264 1.481365 1.463548 1.450449 1.450449 1.458482 1.439176 1.433179 1.472106 1.472106 1.563648 1.563648 1.650365 1.650365 1.689184 1.755601 1.755601 1.802535 1.802535 1.817949 1.817949 1.817949 1.814923 1.814923 1.812310 1.812310 1.812665 1.812665 1.814920 1.814920 1.817249 1.817249 1.817249 1.818564
1.472732 1.472732 1.515612 1.394898 1.377132 1.377132 1.362125 1.338248 1.338248 1.322490 1.322490 1.318254 1.322980 1.334986 1.358406 1.358406 1.472473 1.499718 1.515040 1.522805 1.525772 1.526416 1.526808 1.528633 1.532886 1.538269 1.527511 1.489673 1.436085 1.387998 1.387998 1.355407 1.335536 1.375356 1.419982 1.419982 1.539886 1.539886 1.635885 1.635885 1.677730 1.749116 1.749116 1.803428 1.803428 1.838293 1.838293 1.838293 1.843036 1.843036 1.840918 1.840918 1.837470 1.837470 1.834313 1.834313 1.831421 1.831421 1.831421 1.828626
1.470701 1.470701 1.515127 1.395748 1.378001 1.378001 1.363188 1.340182 1.340182 1.326088 1.326088 1.324820 1.331930 1.347514 1.376837 1.376837 1.540382 1.571301 1.588245 1.595619 1.596730 1.594500 1.591430 1.589562 1.590169 1.592153 1.554442 1.466436 1.368092 1.286704 1.286704 1.232588 1.233348 1.322034 1.382655 1.382655 1.516783 1.516783 1.620955 1.620955 1.665158 1.739993 1.739993 1.798895 1.798895 1.847509 1.847509 1.847509 1.860247 1.860247 1.860941 1.860941 1.855615 1.855615 1.847965 1.847965 1.840083 1.840083 1.840083 1.833259
