simulation_files/asc/Velocity____136.0.asc
NCOLS        79
NROWS        79
XLLCENTER         -1.500000
YLLCENTER         -4.800000
CELLSIZE           0.100
NODATA_VALUE     -9999.0
[rows 0 to 26 of 79, columns 0 to 59 of 79]
-9999.000 -9999.000 -9999.000 -9999.000 -9999.000 -9999.000 -9999.000 -9999.000 -9999.000 -9999.000 -9999.000 -9999.000 -9999.000 -9999.000 -9999.000 0.1276098 0.1264239 0.1264183 0.1266106 0.1269179 0.1272861 0.1276668 0.1280226 0.1283304 0.1285880 0.1288058 0.1291073 0.1297675 0.1313753 0.1320159 0.1320159 -9999.000 -9999.000 -9999.000 -9999.000 -9999.000 -9999.000 -9999.000 -9999.000 -9999.000 -9999.000 -9999.000 -9999.000 -9999.000 -9999.000 -9999.000 -9999.000 -9999.000 -9999.000 -9999.000 -9999.000 -9999.000 -9999.000 -9999.000 -9999.000 -9999.000 -9999.000 -9999.000 -9999.000 -9999.000
-9999.000 -9999.000 -9999.000 -9999.000 -9999.000 -9999.000 -9999.000 -9999.000 -9999.000 -9999.000 -9999.000 -9999.000 -9999.000 -9999.000 -9999.000 0.1255662 0.1231327 0.1231500 0.1236080 0.1243282 0.1251911 0.1260882 0.1269317 0.1276652 0.1282785 0.1287926 0.1294750 0.1309343 0.1344599 0.1363572 0.1363572 -9999.000 -9999.000 -9999.000 -9999.000 -9999.000 -9999.000 -9999.000 -9999.000 -9999.000 -9999.000 -9999.000 -9999.000 -9999.000 -9999.000 -9999.000 -9999.000 -9999.000 -9999.000 -9999.000 -9999.000 -9999.000 -9999.000 -9999.000 -9999.000 -9999.000 -9999.000 -9999.000 -9999.000 -9999.000
-9999.000 -9999.000 -9999.000 -9999.000 -9999.000 -9999.000 -9999.000 -9999.000 -9999.000 -9999.000 -9999.000 -9999.000 -9999.000 -9999.000 -9999.000 0.1221687 0.1184575 0.1185183 0.1193304 0.1206044 0.1221422 0.1237635 0.1253232 0.1267263 0.1279543 0.1290419 0.1304253 0.1330939 0.1391212 0.1430876 0.1430876 -9999.000 -9999.000 -9999.000 -9999.000 -9999.000 -9999.000 -9999.000 -9999.000 -9999.000 -9999.000 -9999.000 -9999.000 -9999.000 -9999.000 -9999.000 -9999.000 -9999.000 -9999.000 -9999.000 -9999.000 -9999.000 -9999.000 -9999.000 -9999.000 -9999.000 -9999.000 -9999.000 -9999.000 -9999.000
-9999.000 -9999.000 -9999.000 -9999.000 -9999.000 -9999.000 -9999.000 -9999.000 -9999.000 -9999.000 -9999.000 -9999.000 -9999.000 -9999.000 -9999.000 0.1180751 0.1131868 0.1133231 0.1145405 0.1164366 0.1187315 0.1211723 0.1235543 0.1257432 0.1277107 0.1295015 0.1317231 0.1357608 0.1445244 0.1511984 0.1511984 -9999.000 -9999.000 -9999.000 -9999.000 -9999.000 -9999.000 -9999.000 -9999.000 -9999.000 -9999.000 -9999.000 -9999.000 -9999.000 -9999.000 -9999.000 -9999.000 -9999.000 -9999.000 -9999.000 -9999.000 -9999.000 -9999.000 -9999.000 -9999.000 -9999.000 -9999.000 -9999.000 -9999.000 -9999.000
-9999.000 -9999.000 -9999.000 -9999.000 -9999.000 -9999.000 -9999.000 -9999.000 -9999.000 -9999.000 -9999.000 -9999.000 -9999.000 -9999.000 -9999.000 0.1134613 0.1074784 0.1077145 0.1093774 0.1119478 0.1150611 0.1183894 0.1216675 0.1247210 0.1275110 0.1300904 0.1332464 0.1387832 0.1505145 0.1605899 0.1605899 -9999.000 -9999.000 -9999.000 -9999.000 -9999.000 -9999.000 -9999.000 -9999.000 -9999.000 -9999.000 -9999.000 -9999.000 -9999.000 -9999.000 -9999.000 -9999.000 -9999.000 -9999.000 -9999.000 -9999.000 -9999.000 -9999.000 -9999.000 -9999.000 -9999.000 -9999.000 -9999.000 -9999.000 -9999.000
-9999.000 -9999.000 -9999.000 -9999.000 -9999.000 -9999.000 -9999.000 -9999.000 -9999.000 -9999.000 -9999.000 -9999.000 -9999.000 -9999.000 -9999.000 0.1084114 0.1014166 0.1017779 0.1039236 0.1072151 0.1111983 0.1154679 0.1196976 0.1236727 0.1273438 0.1307727 0.1349366 0.1420887 0.1570312 0.1713093 0.1713093 -9999.000 -9999.000 -9999.000 -9999.000 -9999.000 -9999.000 -9999.000 -9999.000 -9999.000 -9999.000 -9999.000 -9999.000 -9999.000 -9999.000 -9999.000 -9999.000 -9999.000 -9999.000 -9999.000 -9999.000 -9999.000 -9999.000 -9999.000 -9999.000 -9999.000 -9999.000 -9999.000 -9999.000 -9999.000
-9999.000 -9999.000 -9999.000 -9999.000 -9999.000 -9999.000 -9999.000 -9999.000 -9999.000 -9999.000 -9999.000 -9999.000 -9999.000 -9999.000 -9999.000 0.1029524 0.9504060E-01 0.9555802E-01 0.9822718E-01 0.1022863 0.1071873 0.1124449 0.1176711 0.1226114 0.1272085 0.1315325 0.1367658 0.1456455 0.1640674 0.1835142 0.1835142 -9999.000 -9999.000 -9999.000 -9999.000 -9999.000 -9999.000 -9999.000 -9999.000 -9999.000 -9999.000 -9999.000 -9999.000 -9999.000 -9999.000 -9999.000 -9999.000 -9999.000 -9999.000 -9999.000 -9999.000 -9999.000 -9999.000 -9999.000 -9999.000 -9999.000 -9999.000 -9999.000 -9999.000 -9999.000
-9999.000 -9999.000 -9999.000 -9999.000 -9999.000 -9999.000 -9999.000 -9999.000 -9999.000 -9999.000 -9999.000 -9999.000 -9999.000 -9999.000 -9999.000 0.9707521E-01 0.8836129E-01 0.8907621E-01 0.9231659E-01 0.9719417E-01 0.1030605 0.1093483 0.1156097 0.1215511 0.1271098 0.1323653 0.1387228 0.1494451 0.1716494 0.1974650 0.1974650 -9999.000 -9999.000 -9999.000 -9999.000 -9999.000 -9999.000 -9999.000 -9999.000 -9999.000 -9999.000 -9999.000 -9999.000 -9999.000 -9999.000 -9999.000 -9999.000 -9999.000 -9999.000 -9999.000 -9999.000 -9999.000 -9999.000 -9999.000 -9999.000 -9999.000 -9999.000 -9999.000 -9999.000 -9999.000
-9999.000 -9999.000 -9999.000 -9999.000 -9999.000 -9999.000 -9999.000 -9999.000 -9999.000 -9999.000 -9999.000 -9999.000 -9999.000 -9999.000 -9999.000 0.9074616E-01 0.8137234E-01 0.8234125E-01 0.8621312E-01 0.9196722E-01 0.9884767E-01 0.1062060 0.1135360 0.1205084 0.1270574 0.1332745 0.1408070 0.1534932 0.1798278 0.2135380 0.2135380 -9999.000 -9999.000 -9999.000 -9999.000 -9999.000 -9999.000 -9999.000 -9999.000 -9999.000 -9999.000 -9999.000 -9999.000 -9999.000 -9999.000 -9999.000 -9999.000 -9999.000 -9999.000 -9999.000 -9999.000 -9999.000 -9999.000 -9999.000 -9999.000 -9999.000 -9999.000 -9999.000 -9999.000 -9999.000
-9999.000 -9999.000 -9999.000 -9999.000 -9999.000 -9999.000 -9999.000 -9999.000 -9999.000 -9999.000 -9999.000 -9999.000 -9999.000 -9999.000 -9999.000 0.8391091E-01 0.7405454E-01 0.7535686E-01 0.7993945E-01 0.8663863E-01 0.9458514E-01 0.1030517 0.1114798 0.1195074 0.1270698 0.1342725 0.1430285 0.1578078 0.1886730 0.2322616 0.2322616 -9999.000 -9999.000 -9999.000 -9999.000 -9999.000 -9999.000 -9999.000 -9999.000 -9999.000 -9999.000 -9999.000 -9999.000 -9999.000 -9999.000 -9999.000 -9999.000 -9999.000 -9999.000 -9999.000 -9999.000 -9999.000 -9999.000 -9999.000 -9999.000 -9999.000 -9999.000 -9999.000 -9999.000 -9999.000
-9999.000 -9999.000 -9999.000 -9999.000 -9999.000 -9999.000 -9999.000 -9999.000 -9999.000 -9999.000 -9999.000 -9999.000 -9999.000 -9999.000 -9999.000 0.7649567E-01 0.6637930E-01 0.6813142E-01 0.7353213E-01 0.8125889E-01 0.9032608E-01 0.9993646E-01 0.1094870 0.1185887 0.1271820 0.1353884 0.1454128 0.1624219 0.1982771 0.2543823 0.2543823 -9999.000 -9999.000 -9999.000 -9999.000 -9999.000 -9999.000 -9999.000 -9999.000 -9999.000 -9999.000 -9999.000 -9999.000 -9999.000 -9999.000 -9999.000 -9999.000 -9999.000 -9999.000 -9999.000 -9999.000 -9999.000 -9999.000 -9999.000 -9999.000 -9999.000 -9999.000 -9999.000 -9999.000 -9999.000
-9999.000 -9999.000 -9999.000 -9999.000 -9999.000 -9999.000 -9999.000 -9999.000 -9999.000 -9999.000 -9999.000 -9999.000 -9999.000 -9999.000 -9999.000 0.6840456E-01 0.5831534E-01 0.6069382E-01 0.6706275E-01 0.7591668E-01 0.8616022E-01 0.9694488E-01 0.1076365 0.1178253 0.1274610 0.1366839 0.1480170 0.1673956 0.2087612 0.2809808 0.2809808 -9999.000 -9999.000 -9999.000 -9999.000 -9999.000 -9999.000 -9999.000 -9999.000 -9999.000 -9999.000 -9999.000 -9999.000 -9999.000 -9999.000 -9999.000 -9999.000 -9999.000 -9999.000 -9999.000 -9999.000 -9999.000 -9999.000 -9999.000 -9999.000 -9999.000 -9999.000 -9999.000 -9999.000 -9999.000
-9999.000 -9999.000 -9999.000 -9999.000 -9999.000 -9999.000 -9999.000 -9999.000 -9999.000 -9999.000 -9999.000 -9999.000 -9999.000 -9999.000 -9999.000 0.5951695E-01 0.4984629E-01 0.5313508E-01 0.6068517E-01 0.7078106E-01 0.8225107E-01 0.9423099E-01 0.1060748 0.1173585 0.1280442 0.1382921 0.1509694 0.1728510 0.2202978 0.3136801 0.3136801 -9999.000 -9999.000 -9999.000 -9999.000 -9999.000 -9999.000 -9999.000 -9999.000 -9999.000 -9999.000 -9999.000 -9999.000 -9999.000 -9999.000 -9999.000 -9999.000 -9999.000 -9999.000 -9999.000 -9999.000 -9999.000 -9999.000 -9999.000 -9999.000 -9999.000 -9999.000 -9999.000 -9999.000 -9999.000
-9999.000 -9999.000 -9999.000 -9999.000 -9999.000 -9999.000 -9999.000 -9999.000 -9999.000 -9999.000 -9999.000 -9999.000 -9999.000 -9999.000 -9999.000 0.4965101E-01 0.4104254E-01 0.4577910E-01 0.5483898E-01 0.6630491E-01 0.7902749E-01 0.9219475E-01 0.1051772 0.1175467 0.1292797 0.1405563 0.1546009 0.1790840 0.2331817 0.3550622 0.3550622 -9999.000 -9999.000 -9999.000 -9999.000 -9999.000 -9999.000 -9999.000 -9999.000 -9999.000 -9999.000 -9999.000 -9999.000 -9999.000 -9999.000 -9999.000 -9999.000 -9999.000 -9999.000 -9999.000 -9999.000 -9999.000 -9999.000 -9999.000 -9999.000 -9999.000 -9999.000 -9999.000 -9999.000 -9999.000
-9999.000 -9999.000 -9999.000 -9999.000 -9999.000 -9999.000 -9999.000 -9999.000 -9999.000 -9999.000 -9999.000 -9999.000 -9999.000 -9999.000 -9999.000 0.3751728E-01 0.4309279E-01 0.5602008E-01 0.6846178E-01 0.8037008E-01 0.9204733E-01 0.1036121 0.1149529 0.1258785 0.1364528 0.1468824 0.1606942 0.1865683 0.2471626 0.4068360 0.4068360 -9999.000 -9999.000 -9999.000 -9999.000 -9999.000 -9999.000 -9999.000 -9999.000 -9999.000 -9999.000 -9999.000 -9999.000 -9999.000 -9999.000 -9999.000 -9999.000 -9999.000 -9999.000 -9999.000 -9999.000 -9999.000 -9999.000 -9999.000 -9999.000 -9999.000 -9999.000 -9999.000 -9999.000 -9999.000
2.350172 2.350172 2.394909 2.437801 2.444570 2.444570 2.448869 2.453291 2.453291 2.454277 2.454277 2.452957 2.451632 2.449935 2.447916 2.447916 2.331430 2.303797 2.268442 2.220950 2.158801 2.080838 1.986963 1.878008 1.755942 1.624959 1.492227 1.371305 1.291642 1.324687 1.324687 2.129992 2.272662 2.322891 2.328330 2.328330 2.319613 2.319613 2.245221 2.245221 2.169077 1.722618 1.722618 1.508304 1.508304 1.471922 1.471922 1.471922 1.514446 1.514446 1.564987 1.564987 1.613733 1.613733 1.655690 1.655690 1.688270 1.688270 1.688270 1.710387
2.365628 2.365628 2.425224 2.482065 2.498816 2.498816 2.513081 2.537319 2.537319 2.557956 2.557956 2.576134 2.584502 2.592459 2.600052 2.600052 2.542825 2.537152 2.535717 2.532436 2.523356 2.505621 2.476947 2.435470 2.379892 2.306792 2.221697 2.131629 2.052832 2.033282 2.033282 2.483029 2.629048 2.751868 2.779634 2.779634 2.797545 2.797545 2.763576 2.763576 2.721552 2.494601 2.494601 2.257749 2.257749 2.207421 2.207421 2.207421 2.248382 2.248382 2.296718 2.296718 2.344562 2.344562 2.388339 2.388339 2.425562 2.425562 2.425562 2.453889
2.369056 2.369056 2.429273 2.482327 2.499243 2.499243 2.513739 2.538478 2.538478 2.559662 2.559662 2.578462 2.587172 2.595495 2.603474 2.603474 2.563116 2.561934 2.570404 2.581532 2.590978 2.596212 2.595493 2.587303 2.570210 2.541790 2.503351 2.457741 2.413378 2.398865 2.398865 2.688587 2.822896 2.965784 3.001706 3.001706 3.022965 3.022965 2.984984 2.984984 2.945781 2.798408 2.798408 2.604458 2.604458 2.527542 2.527542 2.527542 2.557266 2.557266 2.597887 2.597887 2.639249 2.639249 2.677151 2.677151 2.708999 2.708999 2.708999 2.733357
2.371784 2.371784 2.432374 2.482249 2.499117 2.499117 2.513661 2.538483 2.538483 2.559690 2.559690 2.578496 2.587210 2.595539 2.603526 2.603526 2.576329 2.578212 2.591622 2.609376 2.626606 2.640727 2.650407 2.654838 2.653363 2.644656 2.629308 2.609132 2.589560 2.589538 2.589538 2.773698 2.896781 3.042718 3.079181 3.079181 3.090499 3.090499 3.041318 3.041318 3.005336 2.910438 2.910438 2.769607 2.769607 2.673433 2.673433 2.673433 2.691076 2.691076 2.725889 2.725889 2.763628 2.763628 2.798287 2.798287 2.827230 2.827230 2.827230 2.849271
2.373868 2.373868 2.434726 2.482204 2.498990 2.498990 2.513569 2.538471 2.538471 2.559696 2.559696 2.578496 2.587207 2.595534 2.603519 2.603519 2.590064 2.597012 2.615350 2.638437 2.661289 2.681125 2.696582 2.707061 2.712334 2.711905 2.706419 2.697600 2.689682 2.695918 2.695918 2.818897 2.926109 3.059007 3.085221 3.085221 3.070409 3.070409 3.015344 3.015344 2.990322 2.943677 2.943677 2.861142 2.861142 2.762003 2.762003 2.762003 2.764963 2.764963 2.791572 2.791572 2.824722 2.824722 2.856248 2.856248 2.882665 2.882665 2.882665 2.902515
2.375334 2.375334 2.436375 2.482185 2.498887 2.498887 2.513489 2.538460 2.538460 2.559702 2.559702 2.578496 2.587204 2.595529 2.603513 2.603513 2.604833 2.618940 2.642970 2.671129 2.698867 2.723454 2.743464 2.758258 2.767670 2.771560 2.770565 2.766338 2.762487 2.768749 2.768749 2.851284 2.938177 3.035491 3.037807 3.037807 2.991020 2.991020 2.950502 2.950502 2.944355 2.942115 2.942115 2.910994 2.910994 2.827810 2.827810 2.827810 2.817496 2.817496 2.833602 2.833602 2.860245 2.860245 2.887576 2.887576 2.910778 2.910778 2.910778 2.927943
2.376205 2.376205 2.437352 2.482181 2.498820 2.498820 2.513436 2.538454 2.538454 2.559707 2.559707 2.578496 2.587203 2.595526 2.603511 2.603511 2.621433 2.644473 2.675081 2.708316 2.740436 2.769085 2.792931 2.811316 2.824023 2.830995 2.832726 2.830606 2.827624 2.830870 2.830870 2.882917 2.942681 2.969688 2.937758 2.937758 2.878322 2.878322 2.876917 2.876917 2.891710 2.925129 2.925129 2.932964 2.932964 2.879113 2.879113 2.879113 2.861321 2.861321 2.866769 2.866769 2.885165 2.885165 2.906690 2.906690 2.925501 2.925501 2.925501 2.939216
2.376493 2.376493 2.437677 2.482181 2.498797 2.498797 2.513417 2.538451 2.538451 2.559708 2.559708 2.578497 2.587203 2.595526 2.603510 2.603510 2.641123 2.674513 2.712466 2.750848 2.786914 2.818933 2.845868 2.867156 2.882568 2.892042 2.895897 2.895164 2.892081 2.891098 2.891098 2.916195 2.935128 2.849047 2.791549 2.791549 2.762393 2.762393 2.810293 2.810293 2.842086 2.900711 2.900711 2.935830 2.935830 2.916248 2.916248 2.916248 2.898576 2.898576 2.895738 2.895738 2.905145 2.905145 2.919354 2.919354 2.932466 2.932466 2.932466 2.941890
2.376205 2.376205 2.437352 2.482181 2.498820 2.498820 2.513436 2.538453 2.538453 2.559707 2.559707 2.578496 2.587202 2.595526 2.603511 2.603511 2.665675 2.710492 2.756265 2.799758 2.839303 2.873947 2.903117 2.926481 2.943886 2.955280 2.960844 2.961250 2.957832 2.951299 2.951299 2.944307 2.892741 2.674295 2.627578 2.627578 2.665675 2.665675 2.753857 2.753857 2.796832 2.872227 2.872227 2.926064 2.926064 2.938990 2.938990 2.938990 2.927881 2.927881 2.920734 2.920734 2.921784 2.921784 2.927703 2.927703 2.933942 2.933942 2.933942 2.938308
2.375334 2.375334 2.436375 2.482186 2.498886 2.498886 2.513490 2.538460 2.538460 2.559702 2.559702 2.578495 2.587204 2.595529 2.603514 2.603514 2.697547 2.754502 2.808132 2.856400 2.898776 2.935172 2.965589 2.990039 3.008537 3.021099 3.027830 3.029081 3.024837 3.008080 3.008080 2.944058 2.771954 2.481082 2.486031 2.486031 2.591705 2.591705 2.704364 2.704364 2.754067 2.840822 2.840822 2.907620 2.907620 2.947793 2.947793 2.947793 2.946924 2.946924 2.939606 2.939606 2.934098 2.934098 2.931568 2.931568 2.930173 2.930173 2.930173 2.928960
2.373868 2.373868 2.434726 2.482205 2.498990 2.498990 2.513569 2.538471 2.538471 2.559696 2.559696 2.578495 2.587206 2.595534 2.603520 2.603520 2.740224 2.809521 2.870409 2.922581 2.966771 3.003789 3.034267 3.058629 3.077132 3.089911 3.097065 3.098587 3.091408 3.047109 3.047109 2.859703 2.536885 2.326452 2.380924 2.380924 2.529959 2.529959 2.656236 2.656236 2.710145 2.805266 2.805266 2.881248 2.881248 2.942593 2.942593 2.942593 2.952867 2.952867 2.948470 2.948470 2.938732 2.938732 2.928458 2.928458 2.919318 2.919318 2.919318 2.912428
2.371784 2.371784 2.432374 2.482249 2.499117 2.499117 2.513661 2.538483 2.538483 2.559691 2.559691 2.578496 2.587210 2.595540 2.603527 2.603527 2.798922 2.879840 2.946393 3.000750 3.045091 3.081155 3.110200 3.133073 3.150298 3.162158 3.168795 3.169424 3.150654 3.019793 3.019793 2.611165 2.216202 2.220029 2.300389 2.300389 2.467812 2.467812 2.603227 2.603227 2.660098 2.762194 2.762194 2.844893 2.844893 2.921977 2.921977 2.921977 2.942358 2.942358 2.942370 2.942370 2.930495 2.930495 2.913791 2.913791 2.897518 2.897518 2.897518 2.885379
