simulation_files/asc/Velocity__y_15.0.asc
NCOLS        79
NROWS        79
XLLCENTER         -1.500000
YLLCENTER         -4.800000
CELLSIZE           0.100
NODATA_VALUE     -9999.0
[rows 0 to 25 of 79, columns 0 to 58 of 79]
-9999.000 -9999.000 -9999.000 -9999.000 -9999.000 -9999.000 -9999.000 -9999.000 -9999.000 -9999.000 -9999.000 -9999.000 -9999.000 -9999.000 -9999.000 -1.350594 -1.363538 -1.363955 -1.364102 -1.364156 -1.364175 -1.364183 -1.364184 -1.364182 -1.364176 -1.364156 -1.364102 -1.363955 -1.363538 -1.350594 -1.350594 -9999.000 -9999.000 -9999.000 -9999.000 -9999.000 -9999.000 -9999.000 -9999.000 -9999.000 -9999.000 -9999.000 -9999.000 -9999.000 -9999.000 -9999.000 -9999.000 -9999.000 -9999.000 -9999.000 -9999.000 -9999.000 -9999.000 -9999.000 -9999.000 -9999.000 -9999.000 -9999.000 -9999.000
-9999.000 -9999.000 -9999.000 -9999.000 -9999.000 -9999.000 -9999.000 -9999.000 -9999.000 -9999.000 -9999.000 -9999.000 -9999.000 -9999.000 -9999.000 -1.335968 -1.359537 -1.360353 -1.360715 -1.360881 -1.360954 -1.360983 -1.360991 -1.360983 -1.360954 -1.360881 -1.360715 -1.360353 -1.359538 -1.335968 -1.335968 -9999.000 -9999.000 -9999.000 -9999.000 -9999.000 -9999.000 -9999.000 -9999.000 -9999.000 -9999.000 -9999.000 -9999.000 -9999.000 -9999.000 -9999.000 -9999.000 -9999.000 -9999.000 -9999.000 -9999.000 -9999.000 -9999.000 -9999.000 -9999.000 -9999.000 -9999.000 -9999.000 -9999.000
-9999.000 -9999.000 -9999.000 -9999.000 -9999.000 -9999.000 -9999.000 -9999.000 -9999.000 -9999.000 -9999.000 -9999.000 -9999.000 -9999.000 -9999.000 -1.323144 -1.355741 -1.356817 -1.357371 -1.357677 -1.357833 -1.357904 -1.357924 -1.357904 -1.357833 -1.357677 -1.357371 -1.356817 -1.355741 -1.323144 -1.323144 -9999.000 -9999.000 -9999.000 -9999.000 -9999.000 -9999.000 -9999.000 -9999.000 -9999.000 -9999.000 -9999.000 -9999.000 -9999.000 -9999.000 -9999.000 -9999.000 -9999.000 -9999.000 -9999.000 -9999.000 -9999.000 -9999.000 -9999.000 -9999.000 -9999.000 -9999.000 -9999.000 -9999.000
-9999.000 -9999.000 -9999.000 -9999.000 -9999.000 -9999.000 -9999.000 -9999.000 -9999.000 -9999.000 -9999.000 -9999.000 -9999.000 -9999.000 -9999.000 -1.311688 -1.352248 -1.353448 -1.354110 -1.354542 -1.354793 -1.354919 -1.354957 -1.354919 -1.354793 -1.354542 -1.354110 -1.353449 -1.352248 -1.311688 -1.311688 -9999.000 -9999.000 -9999.000 -9999.000 -9999.000 -9999.000 -9999.000 -9999.000 -9999.000 -9999.000 -9999.000 -9999.000 -9999.000 -9999.000 -9999.000 -9999.000 -9999.000 -9999.000 -9999.000 -9999.000 -9999.000 -9999.000 -9999.000 -9999.000 -9999.000 -9999.000 -9999.000 -9999.000
-9999.000 -9999.000 -9999.000 -9999.000 -9999.000 -9999.000 -9999.000 -9999.000 -9999.000 -9999.000 -9999.000 -9999.000 -9999.000 -9999.000 -9999.000 -1.301231 -1.349077 -1.350315 -1.350984 -1.351493 -1.351828 -1.352011 -1.352068 -1.352011 -1.351828 -1.351493 -1.350984 -1.350315 -1.349077 -1.301231 -1.301231 -9999.000 -9999.000 -9999.000 -9999.000 -9999.000 -9999.000 -9999.000 -9999.000 -9999.000 -9999.000 -9999.000 -9999.000 -9999.000 -9999.000 -9999.000 -9999.000 -9999.000 -9999.000 -9999.000 -9999.000 -9999.000 -9999.000 -9999.000 -9999.000 -9999.000 -9999.000 -9999.000 -9999.000
-9999.000 -9999.000 -9999.000 -9999.000 -9999.000 -9999.000 -9999.000 -9999.000 -9999.000 -9999.000 -9999.000 -9999.000 -9999.000 -9999.000 -9999.000 -1.291493 -1.346200 -1.347444 -1.348034 -1.348557 -1.348941 -1.349169 -1.349244 -1.349169 -1.348941 -1.348557 -1.348034 -1.347445 -1.346201 -1.291493 -1.291493 -9999.000 -9999.000 -9999.000 -9999.000 -9999.000 -9999.000 -9999.000 -9999.000 -9999.000 -9999.000 -9999.000 -9999.000 -9999.000 -9999.000 -9999.000 -9999.000 -9999.000 -9999.000 -9999.000 -9999.000 -9999.000 -9999.000 -9999.000 -9999.000 -9999.000 -9999.000 -9999.000 -9999.000
-9999.000 -9999.000 -9999.000 -9999.000 -9999.000 -9999.000 -9999.000 -9999.000 -9999.000 -9999.000 -9999.000 -9999.000 -9999.000 -9999.000 -9999.000 -0.5943890 -0.7559579 -0.8529687 -0.9429407 -1.042823 -1.153121 -1.262007 -1.334737 -1.346242 -1.346127 -1.345755 -1.345286 -1.344835 -1.343576 -1.282276 -1.282276 -9999.000 -9999.000 -9999.000 -9999.000 -9999.000 -9999.000 -9999.000 -9999.000 -9999.000 -9999.000 -9999.000 -9999.000 -9999.000 -9999.000 -9999.000 -9999.000 -9999.000 -9999.000 -9999.000 -9999.000 -9999.000 -9999.000 -9999.000 -9999.000 -9999.000 -9999.000 -9999.000 -9999.000
-9999.000 -9999.000 -9999.000 -9999.000 -9999.000 -9999.000 -9999.000 -9999.000 -9999.000 -9999.000 -9999.000 -9999.000 -9999.000 -9999.000 -9999.000 -0.3349329 -0.4119603 -0.4298684 -0.4360855 -0.4453695 -0.4626131 -0.4909887 -0.5344218 -0.6002471 -0.6757485 -0.7514288 -0.8226681 -0.8940411 -0.9203942 -0.6554489 -0.6554489 -9999.000 -9999.000 -9999.000 -9999.000 -9999.000 -9999.000 -9999.000 -9999.000 -9999.000 -9999.000 -9999.000 -9999.000 -9999.000 -9999.000 -9999.000 -9999.000 -9999.000 -9999.000 -9999.000 -9999.000 -9999.000 -9999.000 -9999.000 -9999.000 -9999.000 -9999.000 -9999.000 -9999.000
-9999.000 -9999.000 -9999.000 -9999.000 -9999.000 -9999.000 -9999.000 -9999.000 -9999.000 -9999.000 -9999.000 -9999.000 -9999.000 -9999.000 -9999.000 -0.2740576 -0.3555114 -0.3814981 -0.3909287 -0.3969284 -0.4027673 -0.4081558 -0.4114803 -0.4130752 -0.4139275 -0.4150139 -0.4190238 -0.4352895 -0.4582807 -0.3226593 -0.3226593 -9999.000 -9999.000 -9999.000 -9999.000 -9999.000 -9999.000 -9999.000 -9999.000 -9999.000 -9999.000 -9999.000 -9999.000 -9999.000 -9999.000 -9999.000 -9999.000 -9999.000 -9999.000 -9999.000 -9999.000 -9999.000 -9999.000 -9999.000 -9999.000 -9999.000 -9999.000 -9999.000 -9999.000
-9999.000 -9999.000 -9999.000 -9999.000 -9999.000 -9999.000 -9999.000 -9999.000 -9999.000 -9999.000 -9999.000 -9999.000 -9999.000 -9999.000 -9999.000 -0.2284843 -0.3083954 -0.3409572 -0.3576258 -0.3699963 -0.3812858 -0.3916085 -0.4000756 -0.4071118 -0.4128200 -0.4181543 -0.4255834 -0.4415935 -0.4587142 -0.3234819 -0.3234819 -9999.000 -9999.000 -9999.000 -9999.000 -9999.000 -9999.000 -9999.000 -9999.000 -9999.000 -9999.000 -9999.000 -9999.000 -9999.000 -9999.000 -9999.000 -9999.000 -9999.000 -9999.000 -9999.000 -9999.000 -9999.000 -9999.000 -9999.000 -9999.000 -9999.000 -9999.000 -9999.000 -9999.000
-9999.000 -9999.000 -9999.000 -9999.000 -9999.000 -9999.000 -9999.000 -9999.000 -9999.000 -9999.000 -9999.000 -9999.000 -9999.000 -9999.000 -9999.000 -0.1891668 -0.2646458 -0.3021803 -0.3256124 -0.3445066 -0.3616556 -0.3774628 -0.3917646 -0.4049459 -0.4171469 -0.4292170 -0.4429148 -0.4624971 -0.4801343 -0.3537127 -0.3537127 -9999.000 -9999.000 -9999.000 -9999.000 -9999.000 -9999.000 -9999.000 -9999.000 -9999.000 -9999.000 -9999.000 -9999.000 -9999.000 -9999.000 -9999.000 -9999.000 -9999.000 -9999.000 -9999.000 -9999.000 -9999.000 -9999.000 -9999.000 -9999.000 -9999.000 -9999.000 -9999.000 -9999.000
-9999.000 -9999.000 -9999.000 -9999.000 -9999.000 -9999.000 -9999.000 -9999.000 -9999.000 -9999.000 -9999.000 -9999.000 -9999.000 -9999.000 -9999.000 -0.1532739 -0.2228845 -0.2641320 -0.2935481 -0.3185308 -0.3414017 -0.3627849 -0.3829778 -0.4024346 -0.4214685 -0.4407912 -0.4615489 -0.4866042 -0.5083940 -0.3950744 -0.3950744 -9999.000 -9999.000 -9999.000 -9999.000 -9999.000 -9999.000 -9999.000 -9999.000 -9999.000 -9999.000 -9999.000 -9999.000 -9999.000 -9999.000 -9999.000 -9999.000 -9999.000 -9999.000 -9999.000 -9999.000 -9999.000 -9999.000 -9999.000 -9999.000 -9999.000 -9999.000 -9999.000 -9999.000
-9999.000 -9999.000 -9999.000 -9999.000 -9999.000 -9999.000 -9999.000 -9999.000 -9999.000 -9999.000 -9999.000 -9999.000 -9999.000 -9999.000 -9999.000 -0.1192011 -0.1819853 -0.2256444 -0.2601854 -0.2908242 -0.3193647 -0.3465230 -0.3728232 -0.3988793 -0.4251943 -0.4524209 -0.4813878 -0.5142472 -0.5441244 -0.4480517 -0.4480517 -9999.000 -9999.000 -9999.000 -9999.000 -9999.000 -9999.000 -9999.000 -9999.000 -9999.000 -9999.000 -9999.000 -9999.000 -9999.000 -9999.000 -9999.000 -9999.000 -9999.000 -9999.000 -9999.000 -9999.000 -9999.000 -9999.000 -9999.000 -9999.000 -9999.000 -9999.000 -9999.000 -9999.000
-9999.000 -9999.000 -9999.000 -9999.000 -9999.000 -9999.000 -9999.000 -9999.000 -9999.000 -9999.000 -9999.000 -9999.000 -9999.000 -9999.000 -9999.000 -0.8576694E-01 -0.1410223 -0.1858186 -0.2246996 -0.2606686 -0.2948866 -0.3279884 -0.3605884 -0.3934619 -0.4273357 -0.4630395 -0.5016479 -0.5455621 -0.5896500 -0.5190818 -0.5190818 -9999.000 -9999.000 -9999.000 -9999.000 -9999.000 -9999.000 -9999.000 -9999.000 -9999.000 -9999.000 -9999.000 -9999.000 -9999.000 -9999.000 -9999.000 -9999.000 -9999.000 -9999.000 -9999.000 -9999.000 -9999.000 -9999.000 -9999.000 -9999.000 -9999.000 -9999.000 -9999.000 -9999.000
-9999.000 -9999.000 -9999.000 -9999.000 -9999.000 -9999.000 -9999.000 -9999.000 -9999.000 -9999.000 -9999.000 -9999.000 -9999.000 -9999.000 -9999.000 -0.5021963E-01 -0.9892940E-01 -0.1442431 -0.1869878 -0.2280144 -0.2677853 -0.3067548 -0.3455601 -0.3851095 -0.4264210 -0.4708556 -0.5206103 -0.5801943 -0.6500045 -0.6271538 -0.6271538 -9999.000 -9999.000 -9999.000 -9999.000 -9999.000 -9999.000 -9999.000 -9999.000 -9999.000 -9999.000 -9999.000 -9999.000 -9999.000 -9999.000 -9999.000 -9999.000 -9999.000 -9999.000 -9999.000 -9999.000 -9999.000 -9999.000 -9999.000 -9999.000 -9999.000 -9999.000 -9999.000 -9999.000
-0.2299738E-02 -0.2299738E-02 -0.2608383E-02 -0.2896209E-02 -0.3189630E-02 -0.3189630E-02 -0.3603634E-02 -0.4881756E-02 -0.4881756E-02 -0.7276120E-02 -0.7276120E-02 -0.1228920E-01 -0.1678604E-01 -0.2348028E-01 -0.3316838E-01 -0.3316838E-01 -0.8894675E-01 -0.1291108 -0.1695101 -0.2099469 -0.2506352 -0.2918652 -0.3340874 -0.3780306 -0.4246819 -0.4756886 -0.5343350 -0.6082170 -0.7113817 -0.8519533 -0.8519533 -0.8074620 -0.7710337 -0.1855586E-01 -0.2547123 -0.2547123 -0.7000117E-01 -0.7000117E-01 -0.1189551E-01 -0.1189551E-01 0.1481891E-01 0.4296779E-01 0.4296779E-01 0.4795381E-01 0.4795381E-01 0.3858262E-01 0.3858262E-01 0.3858262E-01 0.2956827E-01 0.2956827E-01 0.2295159E-01 0.2295159E-01 0.1810988E-01 0.1810988E-01 0.1430853E-01 0.1430853E-01 0.1287374E-01 0.1287374E-01 0.1287374E-01
-0.3709458E-02 -0.3709458E-02 -0.4222303E-02 -0.5044633E-02 -0.5823839E-02 -0.5823839E-02 -0.6891462E-02 -0.1015713E-01 -0.1015713E-01 -0.1601632E-01 -0.1601632E-01 -0.2694984E-01 -0.3574046E-01 -0.4787897E-01 -0.6428732E-01 -0.6428732E-01 -0.1213064 -0.1545218 -0.1878999 -0.2219222 -0.2573747 -0.2949021 -0.3350051 -0.3781507 -0.4248170 -0.4758046 -0.5328062 -0.5994673 -0.6800317 -0.7519771 -0.7519771 -0.6137241 -0.5116195 -0.3070787 -0.2438906 -0.2438906 -0.1258461 -0.1258461 -0.3617795E-01 -0.3617795E-01 0.1547797E-01 0.9053870E-01 0.9053870E-01 0.1040248 0.1040248 0.8024909E-01 0.8024909E-01 0.8024909E-01 0.6191718E-01 0.6191718E-01 0.4773567E-01 0.4773567E-01 0.3702619E-01 0.3702619E-01 0.2865771E-01 0.2865771E-01 0.2110755E-01 0.2110755E-01 0.2110755E-01
-0.3692305E-02 -0.3692305E-02 -0.4542378E-02 -0.6214987E-02 -0.7604172E-02 -0.7604172E-02 -0.9453294E-02 -0.1503220E-01 -0.1503220E-01 -0.2467255E-01 -0.2467255E-01 -0.4110715E-01 -0.5308527E-01 -0.6839766E-01 -0.8763063E-01 -0.8763063E-01 -0.1439431 -0.1762165 -0.2084215 -0.2405253 -0.2732557 -0.3075580 -0.3443136 -0.3842032 -0.4276339 -0.4749306 -0.5266939 -0.5842154 -0.6477911 -0.6943638 -0.6943638 -0.5996616 -0.5092471 -0.3497211 -0.2839229 -0.2839229 -0.1461604 -0.1461604 -0.2454509E-01 -0.2454509E-01 0.4198117E-01 0.1413140 0.1413140 0.1636094 0.1636094 0.1230666 0.1230666 0.1230666 0.9475083E-01 0.9475083E-01 0.7241090E-01 0.7241090E-01 0.5514835E-01 0.5514835E-01 0.4158597E-01 0.4158597E-01 0.2762433E-01 0.2762433E-01 0.2762433E-01
-0.3759417E-02 -0.3759417E-02 -0.4814868E-02 -0.7132161E-02 -0.8997511E-02 -0.8997511E-02 -0.1145639E-01 -0.1878645E-01 -0.1878645E-01 -0.3113518E-01 -0.3113518E-01 -0.5130288E-01 -0.6536326E-01 -0.8269476E-01 -0.1036905 -0.1036905 -0.1602443 -0.1926904 -0.2254184 -0.2578412 -0.2901868 -0.3231559 -0.3576185 -0.3943500 -0.4338265 -0.4762480 -0.5216984 -0.5702248 -0.6203614 -0.6534711 -0.6534711 -0.5891920 -0.5187140 -0.3823658 -0.3127927 -0.3127927 -0.1598935 -0.1598935 -0.4204622E-02 -0.4204622E-02 0.6741213E-01 0.1691246 0.1691246 0.2035465 0.2035465 0.1642275 0.1642275 0.1642275 0.1276568 0.1276568 0.9685786E-01 0.9685786E-01 0.7243761E-01 0.7243761E-01 0.5315715E-01 0.5315715E-01 0.3591042E-01 0.3591042E-01 0.3591042E-01
-0.3841156E-02 -0.3841156E-02 -0.5011539E-02 -0.7781961E-02 -0.9994756E-02 -0.9994756E-02 -0.1289697E-01 -0.2147124E-01 -0.2147124E-01 -0.3568146E-01 -0.3568146E-01 -0.5838078E-01 -0.7387234E-01 -0.9263912E-01 -0.1149818 -0.1149818 -0.1726653 -0.2057303 -0.2394376 -0.2729043 -0.3059232 -0.3388050 -0.3721591 -0.4066367 -0.4426898 -0.4804851 -0.5199074 -0.5604374 -0.5999416 -0.6242840 -0.6242840 -0.5793907 -0.5239832 -0.3987938 -0.3247789 -0.3247789 -0.1507886 -0.1507886 0.1660921E-01 0.1660921E-01 0.8295406E-01 0.1739399 0.1739399 0.2150890 0.2150890 0.1950806 0.1950806 0.1950806 0.1584049 0.1584049 0.1219607 0.1219607 0.9068492E-01 0.9068492E-01 0.6523813E-01 0.6523813E-01 0.4382143E-01 0.4382143E-01 0.4382143E-01
-0.3849709E-02 -0.3849709E-02 -0.5065751E-02 -0.8116467E-02 -0.1055372E-01 -0.1055372E-01 -0.1373999E-01 -0.2309298E-01 -0.2309298E-01 -0.3845241E-01 -0.3845241E-01 -0.6278574E-01 -0.7928326E-01 -0.9916789E-01 -0.1227347 -0.1227347 -0.1826037 -0.2167685 -0.2517405 -0.2865097 -0.3205982 -0.3539945 -0.3870103 -0.4200754 -0.4535213 -0.4874525 -0.5216589 -0.5553883 -0.5863692 -0.6040189 -0.6040189 -0.5703887 -0.5238023 -0.3959190 -0.3114608 -0.3114608 -0.1233898 -0.1233898 0.3084910E-01 0.3084910E-01 0.8681461E-01 0.1641252 0.1641252 0.2061827 0.2061827 0.2077050 0.2077050 0.2077050 0.1799368 0.1799368 0.1443243 0.1443243 0.1091683 0.1091683 0.7834215E-01 0.7834215E-01 0.5226775E-01 0.5226775E-01 0.5226775E-01
-0.3732910E-02 -0.3732910E-02 -0.4936112E-02 -0.8107448E-02 -0.1065044E-01 -0.1065044E-01 -0.1396856E-01 -0.2366785E-01 -0.2366785E-01 -0.3954184E-01 -0.3954184E-01 -0.6474739E-01 -0.8191819E-01 -0.1027191 -0.1275450 -0.1275450 -0.1909613 -0.2268751 -0.2635118 -0.2998042 -0.3351412 -0.3693103 -0.4023906 -0.4345970 -0.4661013 -0.4969001 -0.5266830 -0.5545686 -0.5783126 -0.5898065 -0.5898065 -0.5606176 -0.5142995 -0.3670464 -0.2728967 -0.2728967 -0.9240057E-01 -0.9240057E-01 0.3574780E-01 0.3574780E-01 0.8133740E-01 0.1466322 0.1466322 0.1867487 0.1867487 0.2029611 0.2029611 0.2029611 0.1873532 0.1873532 0.1587747 0.1587747 0.1248025 0.1248025 0.9135021E-01 0.9135021E-01 0.6138651E-01 0.6138651E-01 0.6138651E-01
-0.3475469E-02 -0.3475469E-02 -0.4611528E-02 -0.7748897E-02 -0.1027956E-01 -0.1027956E-01 -0.1358070E-01 -0.2321828E-01 -0.2321828E-01 -0.3901842E-01 -0.3901842E-01 -0.6437145E-01 -0.8189081E-01 -0.1034226 -0.1296172 -0.1296172 -0.1984402 -0.2369650 -0.2758436 -0.3139785 -0.3507266 -0.3857922 -0.4191175 -0.4507539 -0.4807143 -0.5088437 -0.5346674 -0.5571149 -0.5738681 -0.5783052 -0.5783052 -0.5463468 -0.4882488 -0.3160768 -0.2233889 -0.2233889 -0.6870320E-01 -0.6870320E-01 0.3337205E-01 0.3337205E-01 0.7059686E-01 0.1260914 0.1260914 0.1629969 0.1629969 0.1865543 0.1865543 0.1865543 0.1810652 0.1810652 0.1619493 0.1619493 0.1337019 0.1337019 0.1016380 0.1016380 0.7010271E-01 0.7010271E-01 0.7010271E-01
-0.3053371E-02 -0.3053371E-02 -0.4071746E-02 -0.7039060E-02 -0.9449433E-02 -0.9449433E-02 -0.1259657E-01 -0.2179521E-01 -0.2179521E-01 -0.3695908E-01 -0.3695908E-01 -0.6170264E-01 -0.7918572E-01 -0.1011857 -0.1288451 -0.1288451 -0.2057449 -0.2479959 -0.2898736 -0.3302859 -0.3686483 -0.4046913 -0.4383180 -0.4694775 -0.4980302 -0.5236082 -0.5454343 -0.5620213 -0.5705884 -0.5649049 -0.5649049 -0.5207115 -0.4421571 -0.2592661 -0.1788686 -0.1788686 -0.5339208E-01 -0.5339208E-01 0.2767286E-01 0.2767286E-01 0.5821954E-01 0.1051862 0.1051862 0.1381220 0.1381220 0.1639105 0.1639105 0.1639105 0.1648807 0.1648807 0.1541099 0.1541099 0.1334976 0.1334976 0.1062786 0.1062786 0.7633787E-01 0.7633787E-01 0.7633787E-01
-0.2448146E-02 -0.2448146E-02 -0.3304720E-02 -0.5987364E-02 -0.8181892E-02 -0.8181892E-02 -0.1105204E-01 -0.1946723E-01 -0.1946723E-01 -0.3345251E-01 -0.3345251E-01 -0.5676201E-01 -0.7370931E-01 -0.9573276E-01 -0.1247989 -0.1247989 -0.2137830 -0.2611794 -0.3069749 -0.3501797 -0.3903808 -0.4274472 -0.4613384 -0.4919576 -0.5189984 -0.5417601 -0.5588958 -0.5680426 -0.5652353 -0.5429385 -0.5429385 -0.4760651 -0.3832557 -0.2104233 -0.1449021 -0.1449021 -0.4324297E-01 -0.4324297E-01 0.2168846E-01 0.2168846E-01 0.4645826E-01 0.8538247E-01 0.8538247E-01 0.1137940 0.1137940 0.1386342 0.1386342 0.1386342 0.1429160 0.1429160 0.1379662 0.1379662 0.1243873 0.1243873 0.1035692 0.1035692 0.7792453E-01 0.7792453E-01 0.7792453E-01
-0.1644409E-02 -0.1644409E-02 -0.2307858E-02 -0.4616204E-02 -0.6512511E-02 -0.6512511E-02 -0.8997590E-02 -0.1631940E-01 -0.1631940E-01 -0.2861009E-01 -0.2861009E-01 -0.4959077E-01 -0.6535319E-01 -0.8665726E-01 -0.1166615 -0.1166615 -0.2239500 -0.2782682 -0.3290201 -0.3755400 -0.4177524 -0.4558013 -0.4898003 -0.5196506 -0.5448213 -0.5640464 -0.5749450 -0.5736454 -0.5545765 -0.5092855 -0.5092855 -0.4184225 -0.3197860 -0.1702719 -0.1178273 -0.1178273 -0.3745983E-01 -0.3745983E-01 0.1643837E-01 0.1643837E-01 0.3593658E-01 0.6704717E-01 0.6704717E-01 0.9056380E-01 0.9056380E-01 0.1125391 0.1125391 0.1125391 0.1179659 0.1179659 0.1164693 0.1164693 0.1082116 0.1082116 0.9356489E-01 0.9356489E-01 0.7357683E-01 0.7357683E-01 0.7357683E-01
