simulation_files/asc/Velocity__x_64.0.asc
NCOLS        79
NROWS        79
XLLCENTER         -1.500000
YLLCENTER         -4.800000
CELLSIZE           0.100
NODATA_VALUE     -9999.0
[rows 0 to 25 of 79, columns 0 to 57 of 79]
-9999.000 -9999.000 -9999.000 -9999.000 -9999.000 -9999.000 -9999.000 -9999.000 -9999.000 -9999.000 -9999.000 -9999.000 -9999.000 -9999.000 -9999.000 0.3844560E-03 0.1667236E-02 0.3740053E-02 0.5600585E-02 0.7216211E-02 0.8601051E-02 0.9754023E-02 0.1064761E-01 0.1122277E-01 0.1138147E-01 0.1097356E-01 0.9774558E-02 0.7451419E-02 0.3600725E-02 0.8079770E-03 0.8079770E-03 -9999.000 -9999.000 -9999.000 -9999.000 -9999.000 -9999.000 -9999.000 -9999.000 -9999.000 -9999.000 -9999.000 -9999.000 -9999.000 -9999.000 -9999.000 -9999.000 -9999.000 -9999.000 -9999.000 -9999.000 -9999.000 -9999.000 -9999.000 -9999.000 -9999.000 -9999.000 -9999.000
-9999.000 -9999.000 -9999.000 -9999.000 -9999.000 -9999.000 -9999.000 -9999.000 -9999.000 -9999.000 -9999.000 -9999.000 -9999.000 -9999.000 -9999.000 0.1290506E-02 0.3746787E-02 0.7225925E-02 0.1044931E-01 0.1330907E-01 0.1576018E-01 0.1775016E-01 0.1920035E-01 0.1999785E-01 0.1998908E-01 0.1897361E-01 0.1669864E-01 0.1285597E-01 0.7172587E-02 0.2519796E-02 0.2519796E-02 -9999.000 -9999.000 -9999.000 -9999.000 -9999.000 -9999.000 -9999.000 -9999.000 -9999.000 -9999.000 -9999.000 -9999.000 -9999.000 -9999.000 -9999.000 -9999.000 -9999.000 -9999.000 -9999.000 -9999.000 -9999.000 -9999.000 -9999.000 -9999.000 -9999.000 -9999.000 -9999.000
-9999.000 -9999.000 -9999.000 -9999.000 -9999.000 -9999.000 -9999.000 -9999.000 -9999.000 -9999.000 -9999.000 -9999.000 -9999.000 -9999.000 -9999.000 0.2116232E-02 0.5627471E-02 0.1036584E-01 0.1476495E-01 0.1867613E-01 0.2201764E-01 0.2469970E-01 0.2660555E-01 0.2758355E-01 0.2744254E-01 0.2594791E-01 0.2281896E-01 0.1772801E-01 0.1039668E-01 0.4052627E-02 0.4052627E-02 -9999.000 -9999.000 -9999.000 -9999.000 -9999.000 -9999.000 -9999.000 -9999.000 -9999.000 -9999.000 -9999.000 -9999.000 -9999.000 -9999.000 -9999.000 -9999.000 -9999.000 -9999.000 -9999.000 -9999.000 -9999.000 -9999.000 -9999.000 -9999.000 -9999.000 -9999.000 -9999.000
-9999.000 -9999.000 -9999.000 -9999.000 -9999.000 -9999.000 -9999.000 -9999.000 -9999.000 -9999.000 -9999.000 -9999.000 -9999.000 -9999.000 -9999.000 0.2890916E-02 0.7368707E-02 0.1324007E-01 0.1869083E-01 0.2354117E-01 0.2768219E-01 0.3099531E-01 0.3333299E-01 0.3451054E-01 0.3430171E-01 0.3243470E-01 0.2858943E-01 0.2239528E-01 0.1353285E-01 0.5554502E-02 0.5554502E-02 -9999.000 -9999.000 -9999.000 -9999.000 -9999.000 -9999.000 -9999.000 -9999.000 -9999.000 -9999.000 -9999.000 -9999.000 -9999.000 -9999.000 -9999.000 -9999.000 -9999.000 -9999.000 -9999.000 -9999.000 -9999.000 -9999.000 -9999.000 -9999.000 -9999.000 -9999.000 -9999.000
-9999.000 -9999.000 -9999.000 -9999.000 -9999.000 -9999.000 -9999.000 -9999.000 -9999.000 -9999.000 -9999.000 -9999.000 -9999.000 -9999.000 -9999.000 0.3656490E-02 0.9057486E-02 0.1598360E-01 0.2241475E-01 0.2814847E-01 0.3305430E-01 0.3698935E-01 0.3977782E-01 0.4120211E-01 0.4099745E-01 0.3884713E-01 0.3437756E-01 0.2715365E-01 0.1678402E-01 0.7126014E-02 0.7126014E-02 -9999.000 -9999.000 -9999.000 -9999.000 -9999.000 -9999.000 -9999.000 -9999.000 -9999.000 -9999.000 -9999.000 -9999.000 -9999.000 -9999.000 -9999.000 -9999.000 -9999.000 -9999.000 -9999.000 -9999.000 -9999.000 -9999.000 -9999.000 -9999.000 -9999.000 -9999.000 -9999.000
-9999.000 -9999.000 -9999.000 -9999.000 -9999.000 -9999.000 -9999.000 -9999.000 -9999.000 -9999.000 -9999.000 -9999.000 -9999.000 -9999.000 -9999.000 0.4455109E-02 0.1077973E-01 0.1872638E-01 0.2610927E-01 0.3271274E-01 0.3838860E-01 0.4297202E-01 0.4625897E-01 0.4799597E-01 0.4787384E-01 0.4551988E-01 0.4049029E-01 0.3226089E-01 0.2033177E-01 0.8857532E-02 0.8857532E-02 -9999.000 -9999.000 -9999.000 -9999.000 -9999.000 -9999.000 -9999.000 -9999.000 -9999.000 -9999.000 -9999.000 -9999.000 -9999.000 -9999.000 -9999.000 -9999.000 -9999.000 -9999.000 -9999.000 -9999.000 -9999.000 -9999.000 -9999.000 -9999.000 -9999.000 -9999.000 -9999.000
-9999.000 -9999.000 -9999.000 -9999.000 -9999.000 -9999.000 -9999.000 -9999.000 -9999.000 -9999.000 -9999.000 -9999.000 -9999.000 -9999.000 -9999.000 0.5324520E-02 0.1261076E-01 0.2157992E-01 0.2992006E-01 0.3741246E-01 0.4389503E-01 0.4918186E-01 0.5303942E-01 0.5517450E-01 0.5522482E-01 0.5274858E-01 0.4721095E-01 0.3796782E-01 0.2436360E-01 0.1084531E-01 0.1084531E-01 -9999.000 -9999.000 -9999.000 -9999.000 -9999.000 -9999.000 -9999.000 -9999.000 -9999.000 -9999.000 -9999.000 -9999.000 -9999.000 -9999.000 -9999.000 -9999.000 -9999.000 -9999.000 -9999.000 -9999.000 -9999.000 -9999.000 -9999.000 -9999.000 -9999.000 -9999.000 -9999.000
-9999.000 -9999.000 -9999.000 -9999.000 -9999.000 -9999.000 -9999.000 -9999.000 -9999.000 -9999.000 -9999.000 -9999.000 -9999.000 -9999.000 -9999.000 0.6298525E-02 0.1461716E-01 0.2464212E-01 0.3397460E-01 0.4240417E-01 0.4975882E-01 0.5583208E-01 0.6035924E-01 0.6300219E-01 0.6333588E-01 0.6083282E-01 0.5484111E-01 0.4455690E-01 0.2910406E-01 0.1320929E-01 0.1320929E-01 -9999.000 -9999.000 -9999.000 -9999.000 -9999.000 -9999.000 -9999.000 -9999.000 -9999.000 -9999.000 -9999.000 -9999.000 -9999.000 -9999.000 -9999.000 -9999.000 -9999.000 -9999.000 -9999.000 -9999.000 -9999.000 -9999.000 -9999.000 -9999.000 -9999.000 -9999.000 -9999.000
-9999.000 -9999.000 -9999.000 -9999.000 -9999.000 -9999.000 -9999.000 -9999.000 -9999.000 -9999.000 -9999.000 -9999.000 -9999.000 -9999.000 -9999.000 0.7407791E-02 0.1686021E-01 0.2800463E-01 0.3839361E-01 0.4783866E-01 0.5616162E-01 0.6313685E-01 0.6846658E-01 0.7176173E-01 0.7252357E-01 0.7011902E-01 0.6374650E-01 0.5238852E-01 0.3485623E-01 0.1611714E-01 0.1611714E-01 -9999.000 -9999.000 -9999.000 -9999.000 -9999.000 -9999.000 -9999.000 -9999.000 -9999.000 -9999.000 -9999.000 -9999.000 -9999.000 -9999.000 -9999.000 -9999.000 -9999.000 -9999.000 -9999.000 -9999.000 -9999.000 -9999.000 -9999.000 -9999.000 -9999.000 -9999.000 -9999.000
-9999.000 -9999.000 -9999.000 -9999.000 -9999.000 -9999.000 -9999.000 -9999.000 -9999.000 -9999.000 -9999.000 -9999.000 -9999.000 -9999.000 -9999.000 0.8680559E-02 0.1939824E-01 0.3175892E-01 0.4330242E-01 0.5387657E-01 0.6330243E-01 0.7133696E-01 0.7764796E-01 0.8179028E-01 0.8317876E-01 0.8105152E-01 0.7441536E-01 0.6196561E-01 0.4206686E-01 0.1982414E-01 0.1982414E-01 -9999.000 -9999.000 -9999.000 -9999.000 -9999.000 -9999.000 -9999.000 -9999.000 -9999.000 -9999.000 -9999.000 -9999.000 -9999.000 -9999.000 -9999.000 -9999.000 -9999.000 -9999.000 -9999.000 -9999.000 -9999.000 -9999.000 -9999.000 -9999.000 -9999.000 -9999.000 -9999.000
-9999.000 -9999.000 -9999.000 -9999.000 -9999.000 -9999.000 -9999.000 -9999.000 -9999.000 -9999.000 -9999.000 -9999.000 -9999.000 -9999.000 -9999.000 0.1014342E-01 0.2228989E-01 0.3600382E-01 0.4884212E-01 0.6070497E-01 0.7141931E-01 0.8072841E-01 0.8826601E-01 0.9352609E-01 0.9582471E-01 0.9424444E-01 0.8754793E-01 0.7404207E-01 0.5144272E-01 0.2474832E-01 0.2474832E-01 -9999.000 -9999.000 -9999.000 -9999.000 -9999.000 -9999.000 -9999.000 -9999.000 -9999.000 -9999.000 -9999.000 -9999.000 -9999.000 -9999.000 -9999.000 -9999.000 -9999.000 -9999.000 -9999.000 -9999.000 -9999.000 -9999.000 -9999.000 -9999.000 -9999.000 -9999.000 -9999.000
-9999.000 -9999.000 -9999.000 -9999.000 -9999.000 -9999.000 -9999.000 -9999.000 -9999.000 -9999.000 -9999.000 -9999.000 -9999.000 -9999.000 -9999.000 0.1182233E-01 0.2559764E-01 0.4085430E-01 0.5518605E-01 0.6856184E-01 0.8082335E-01 0.9170672E-01 0.1008150 0.1075806 0.1112108 0.1106046 0.1042160 0.8982449E-01 0.6418530E-01 0.3162630E-01 0.3162630E-01 -9999.000 -9999.000 -9999.000 -9999.000 -9999.000 -9999.000 -9999.000 -9999.000 -9999.000 -9999.000 -9999.000 -9999.000 -9999.000 -9999.000 -9999.000 -9999.000 -9999.000 -9999.000 -9999.000 -9999.000 -9999.000 -9999.000 -9999.000 -9999.000 -9999.000 -9999.000 -9999.000
-9999.000 -9999.000 -9999.000 -9999.000 -9999.000 -9999.000 -9999.000 -9999.000 -9999.000 -9999.000 -9999.000 -9999.000 -9999.000 -9999.000 -9999.000 0.1374755E-01 0.2940012E-01 0.4646462E-01 0.6257430E-01 0.7778289E-01 0.9195960E-01 0.1048452 0.1160230 0.1248708 0.1304862 0.1315633 0.1261776 0.1113948 0.8252297E-01 0.4188059E-01 0.4188059E-01 -9999.000 -9999.000 -9999.000 -9999.000 -9999.000 -9999.000 -9999.000 -9999.000 -9999.000 -9999.000 -9999.000 -9999.000 -9999.000 -9999.000 -9999.000 -9999.000 -9999.000 -9999.000 -9999.000 -9999.000 -9999.000 -9999.000 -9999.000 -9999.000 -9999.000 -9999.000 -9999.000
-9999.000 -9999.000 -9999.000 -9999.000 -9999.000 -9999.000 -9999.000 -9999.000 -9999.000 -9999.000 -9999.000 -9999.000 -9999.000 -9999.000 -9999.000 0.1608000E-01 0.3400759E-01 0.5332138E-01 0.7165655E-01 0.8917204E-01 0.1057897 0.1212838 0.1352497 0.1470436 0.1556849 0.1596778 0.1566784 0.1428265 0.1112313 0.5877038E-01 0.5877038E-01 -9999.000 -9999.000 -9999.000 -9999.000 -9999.000 -9999.000 -9999.000 -9999.000 -9999.000 -9999.000 -9999.000 -9999.000 -9999.000 -9999.000 -9999.000 -9999.000 -9999.000 -9999.000 -9999.000 -9999.000 -9999.000 -9999.000 -9999.000 -9999.000 -9999.000 -9999.000 -9999.000
-9999.000 -9999.000 -9999.000 -9999.000 -9999.000 -9999.000 -9999.000 -9999.000 -9999.000 -9999.000 -9999.000 -9999.000 -9999.000 -9999.000 -9999.000 0.3083441E-01 0.5499610E-01 0.7939784E-01 0.1009078 0.1204697 0.1385513 0.1553330 0.1707218 0.1843091 0.1952572 0.2020593 0.2020379 0.1902340 0.1564839 0.8129432E-01 0.8129432E-01 -9999.000 -9999.000 -9999.000 -9999.000 -9999.000 -9999.000 -9999.000 -9999.000 -9999.000 -9999.000 -9999.000 -9999.000 -9999.000 -9999.000 -9999.000 -9999.000 -9999.000 -9999.000 -9999.000 -9999.000 -9999.000 -9999.000 -9999.000 -9999.000 -9999.000 -9999.000 -9999.000
1.576331 1.576331 1.644567 1.678443 1.687137 1.687137 1.693367 1.701327 1.701327 1.705637 1.705637 1.489754 1.357151 1.298225 1.230183 1.230183 1.081751 1.016372 0.9439629 0.8668613 0.7878825 0.7103113 0.6376641 0.5733805 0.5205826 0.4820852 0.4609672 0.4623958 0.4989286 0.5876309 0.5876309 1.470289 1.721808 1.822619 1.790816 1.790816 1.659126 1.659126 1.472504 1.472504 1.149593 0.9097543 0.9097543 0.8982330 0.8982330 0.9368795 0.9368795 0.9368795 0.9861315 0.9861315 1.029496 1.029496 1.065910 1.065910 1.110575 1.110575 1.138304 1.138304
1.590459 1.590459 1.664060 1.711871 1.727932 1.727932 1.741614 1.764532 1.764532 1.783728 1.783728 1.621582 1.461017 1.415612 1.369161 1.369161 1.308180 1.279908 1.243013 1.197075 1.142507 1.080580 1.013466 0.9443398 0.8775260 0.8187316 0.7755134 0.7585769 0.7857708 0.8901390 0.8901390 1.451952 1.639720 1.760477 1.776296 1.776296 1.757333 1.757333 1.673005 1.673005 1.523672 1.201428 1.201428 1.194471 1.194471 1.243638 1.243638 1.243638 1.296223 1.296223 1.343400 1.343400 1.370141 1.370141 1.424990 1.424990 1.458920 1.458920
1.593753 1.593753 1.665447 1.712379 1.728409 1.728409 1.742170 1.765420 1.765420 1.785055 1.785055 1.652604 1.469808 1.435865 1.402831 1.402831 1.371612 1.360680 1.344584 1.322071 1.292527 1.255980 1.213185 1.165781 1.116534 1.069726 1.031835 1.012922 1.030050 1.117773 1.117773 1.522186 1.689259 1.825970 1.855943 1.855943 1.861358 1.861358 1.805714 1.805714 1.726163 1.460703 1.460703 1.409483 1.409483 1.444529 1.444529 1.444529 1.492765 1.492765 1.533883 1.533883 1.565804 1.565804 1.605799 1.605799 1.634765 1.634765
1.596301 1.596301 1.666576 1.712595 1.728464 1.728464 1.742156 1.765392 1.765392 1.785055 1.785055 1.680825 1.476179 1.449372 1.424627 1.424627 1.408601 1.404989 1.397968 1.386679 1.370681 1.349870 1.324551 1.295602 1.264713 1.234749 1.210352 1.199129 1.214597 1.287088 1.287088 1.590774 1.736658 1.870084 1.900298 1.900298 1.910076 1.910076 1.873655 1.873655 1.833519 1.659713 1.659713 1.567973 1.567973 1.590195 1.590195 1.590195 1.631390 1.631390 1.667574 1.667574 1.696413 1.696413 1.728545 1.728545 1.753819 1.753819
1.598208 1.598208 1.667493 1.712786 1.728509 1.728509 1.742132 1.765350 1.765350 1.785037 1.785037 1.709934 1.485407 1.462958 1.444933 1.444933 1.441669 1.442628 1.440149 1.433983 1.424266 1.411331 1.395688 1.378104 1.359795 1.342715 1.330026 1.327003 1.343489 1.404606 1.404606 1.644724 1.767856 1.886763 1.911224 1.911224 1.917322 1.917322 1.898973 1.898973 1.883830 1.795266 1.795266 1.701190 1.701190 1.696222 1.696222 1.696222 1.729962 1.729962 1.762216 1.762216 1.788723 1.788723 1.815642 1.815642 1.837844 1.837844
1.599529 1.599529 1.668168 1.712937 1.728544 1.728544 1.742111 1.765314 1.765314 1.785023 1.785023 1.738241 1.498732 1.476527 1.464831 1.464831 1.475347 1.480620 1.481389 1.477922 1.470914 1.461248 1.449889 1.437877 1.426403 1.416987 1.411774 1.414067 1.430473 1.482816 1.482816 1.677075 1.778921 1.874483 1.890675 1.890675 1.896524 1.896524 1.900701 1.900701 1.903550 1.876966 1.876966 1.810465 1.810465 1.781093 1.781093 1.781093 1.804695 1.804695 1.832075 1.832075 1.856008 1.856008 1.879010 1.879010 1.898128 1.898128
1.600306 1.600306 1.668581 1.713035 1.728567 1.728567 1.742097 1.765290 1.765290 1.785013 1.785013 1.753189 1.521691 1.489582 1.484423 1.484423 1.511106 1.521061 1.524855 1.523214 1.517305 1.508482 1.498190 1.487876 1.478954 1.472846 1.471057 1.475048 1.488213 1.530333 1.530333 1.687864 1.767322 1.833103 1.843533 1.843533 1.860813 1.860813 1.890861 1.890861 1.907244 1.920458 1.920458 1.891139 1.891139 1.852980 1.852980 1.852980 1.865123 1.865123 1.885935 1.885935 1.906364 1.906364 1.925526 1.925526 1.941312 1.941312
1.600563 1.600563 1.668720 1.713068 1.728575 1.728575 1.742093 1.765282 1.765282 1.785010 1.785010 1.765349 1.546082 1.500637 1.502399 1.502399 1.549227 1.564555 1.571613 1.571597 1.566089 1.556836 1.545731 1.534661 1.525397 1.519456 1.517971 1.520118 1.525129 1.552411 1.552411 1.674817 1.728619 1.766980 1.779711 1.779711 1.820892 1.820892 1.875454 1.875454 1.901819 1.939823 1.939823 1.942813 1.942813 1.913190 1.913190 1.913190 1.916111 1.916111 1.929347 1.929347 1.944906 1.944906 1.959735 1.959735 1.971932 1.971932
1.600307 1.600307 1.668581 1.713035 1.728567 1.728567 1.742097 1.765290 1.765290 1.785013 1.785013 1.774336 1.572094 1.510666 1.519104 1.519104 1.590599 1.611774 1.622245 1.623704 1.618246 1.607885 1.594838 1.581389 1.569834 1.561904 1.558598 1.555163 1.543822 1.549363 1.549363 1.632678 1.658739 1.687431 1.711611 1.711611 1.782323 1.782323 1.856778 1.856778 1.890440 1.944430 1.944430 1.970844 1.970844 1.960298 1.960298 1.960298 1.959039 1.959039 1.965370 1.965370 1.975032 1.975032 1.984878 1.984878 1.993022 1.993022
1.599530 1.599530 1.668168 1.712937 1.728544 1.728544 1.742111 1.765314 1.765314 1.785024 1.785024 1.780784 1.597630 1.519874 1.534296 1.534296 1.637768 1.664095 1.677317 1.679957 1.674128 1.662083 1.646340 1.629564 1.614399 1.602979 1.596057 1.581493 1.539529 1.518256 1.518256 1.558134 1.561523 1.607303 1.647074 1.647074 1.746230 1.746230 1.835764 1.835764 1.874942 1.939954 1.939954 1.982324 1.982324 1.993583 1.993583 1.993583 1.993506 1.993506 1.995151 1.995151 1.998863 1.998863 2.003157 2.003157 2.006737 2.006737
1.598208 1.598208 1.667493 1.712787 1.728509 1.728509 1.742133 1.765350 1.765350 1.785039 1.785039 1.785293 1.620663 1.528676 1.548596 1.548596 1.691624 1.722411 1.738050 1.741176 1.734215 1.719710 1.700453 1.679430 1.659635 1.643582 1.631225 1.594624 1.498398 1.447888 1.447888 1.448155 1.453753 1.535748 1.585321 1.585321 1.713178 1.713178 1.814136 1.814136 1.857562 1.930429 1.930429 1.983489 1.983489 2.014295 2.014295 2.014295 2.019022 2.019022 2.018765 2.018765 2.017407 2.017407 2.016006 2.016006 2.014699 2.014699
