simulation_files/asc/Velocity__x_173.0.asc
NCOLS        79
NROWS        79
XLLCENTER         -1.500000
YLLCENTER         -4.800000
CELLSIZE           0.100
NODATA_VALUE     -9999.0
[rows 0 to 25 of 79, columns 0 to 57 of 79]
-9999.000 -9999.000 -9999.000 -9999.000 -9999.000 -9999.000 -9999.000 -9999.000 -9999.000 -9999.000 -9999.000 -9999.000 -9999.000 -9999.000 -9999.000 -0.7735346E-05 0.1416489E-02 0.4682744E-02 0.8248153E-02 0.1140639E-01 0.1390863E-01 0.1566786E-01 0.1665177E-01 0.1691277E-01 0.1653438E-01 0.1557387E-01 0.1406914E-01 0.1191048E-01 0.8448541E-02 0.4142463E-02 0.4142463E-02 -9999.000 -9999.000 -9999.000 -9999.000 -9999.000 -9999.000 -9999.000 -9999.000 -9999.000 -9999.000 -9999.000 -9999.000 -9999.000 -9999.000 -9999.000 -9999.000 -9999.000 -9999.000 -9999.000 -9999.000 -9999.000 -9999.000 -9999.000 -9999.000 -9999.000 -9999.000 -9999.000
-9999.000 -9999.000 -9999.000 -9999.000 -9999.000 -9999.000 -9999.000 -9999.000 -9999.000 -9999.000 -9999.000 -9999.000 -9999.000 -9999.000 -9999.000 0.1128373E-02 0.3702822E-02 0.8060202E-02 0.1263041E-01 0.1669802E-01 0.1995839E-01 0.2226758E-01 0.2354881E-01 0.2381957E-01 0.2314078E-01 0.2156240E-01 0.1912857E-01 0.1576445E-01 0.1093937E-01 0.5353592E-02 0.5353592E-02 -9999.000 -9999.000 -9999.000 -9999.000 -9999.000 -9999.000 -9999.000 -9999.000 -9999.000 -9999.000 -9999.000 -9999.000 -9999.000 -9999.000 -9999.000 -9999.000 -9999.000 -9999.000 -9999.000 -9999.000 -9999.000 -9999.000 -9999.000 -9999.000 -9999.000 -9999.000 -9999.000
-9999.000 -9999.000 -9999.000 -9999.000 -9999.000 -9999.000 -9999.000 -9999.000 -9999.000 -9999.000 -9999.000 -9999.000 -9999.000 -9999.000 -9999.000 0.1666523E-02 0.4851812E-02 0.9892439E-02 0.1509656E-01 0.1970940E-01 0.2340113E-01 0.2600871E-01 0.2744073E-01 0.2770742E-01 0.2686883E-01 0.2497886E-01 0.2209294E-01 0.1814905E-01 0.1261346E-01 0.6210500E-02 0.6210500E-02 -9999.000 -9999.000 -9999.000 -9999.000 -9999.000 -9999.000 -9999.000 -9999.000 -9999.000 -9999.000 -9999.000 -9999.000 -9999.000 -9999.000 -9999.000 -9999.000 -9999.000 -9999.000 -9999.000 -9999.000 -9999.000 -9999.000 -9999.000 -9999.000 -9999.000 -9999.000 -9999.000
-9999.000 -9999.000 -9999.000 -9999.000 -9999.000 -9999.000 -9999.000 -9999.000 -9999.000 -9999.000 -9999.000 -9999.000 -9999.000 -9999.000 -9999.000 0.1983824E-02 0.5543865E-02 0.1102341E-01 0.1664636E-01 0.2162365E-01 0.2560657E-01 0.2842095E-01 0.2996695E-01 0.3025311E-01 0.2934131E-01 0.2728742E-01 0.2415248E-01 0.1987527E-01 0.1389672E-01 0.6895974E-02 0.6895974E-02 -9999.000 -9999.000 -9999.000 -9999.000 -9999.000 -9999.000 -9999.000 -9999.000 -9999.000 -9999.000 -9999.000 -9999.000 -9999.000 -9999.000 -9999.000 -9999.000 -9999.000 -9999.000 -9999.000 -9999.000 -9999.000 -9999.000 -9999.000 -9999.000 -9999.000 -9999.000 -9999.000
-9999.000 -9999.000 -9999.000 -9999.000 -9999.000 -9999.000 -9999.000 -9999.000 -9999.000 -9999.000 -9999.000 -9999.000 -9999.000 -9999.000 -9999.000 0.2208193E-02 0.6040704E-02 0.1184950E-01 0.1779455E-01 0.2305576E-01 0.2726965E-01 0.3025441E-01 0.3190392E-01 0.3222761E-01 0.3128925E-01 0.2914477E-01 0.2585839E-01 0.2136419E-01 0.1506389E-01 0.7542807E-02 0.7542807E-02 -9999.000 -9999.000 -9999.000 -9999.000 -9999.000 -9999.000 -9999.000 -9999.000 -9999.000 -9999.000 -9999.000 -9999.000 -9999.000 -9999.000 -9999.000 -9999.000 -9999.000 -9999.000 -9999.000 -9999.000 -9999.000 -9999.000 -9999.000 -9999.000 -9999.000 -9999.000 -9999.000
-9999.000 -9999.000 -9999.000 -9999.000 -9999.000 -9999.000 -9999.000 -9999.000 -9999.000 -9999.000 -9999.000 -9999.000 -9999.000 -9999.000 -9999.000 0.2399455E-02 0.6466723E-02 0.1256345E-01 0.1879405E-01 0.2430918E-01 0.2873260E-01 0.3187669E-01 0.3363008E-01 0.3400476E-01 0.3306682E-01 0.3087195E-01 0.2748541E-01 0.2283280E-01 0.1626487E-01 0.8226950E-02 0.8226950E-02 -9999.000 -9999.000 -9999.000 -9999.000 -9999.000 -9999.000 -9999.000 -9999.000 -9999.000 -9999.000 -9999.000 -9999.000 -9999.000 -9999.000 -9999.000 -9999.000 -9999.000 -9999.000 -9999.000 -9999.000 -9999.000 -9999.000 -9999.000 -9999.000 -9999.000 -9999.000 -9999.000
-9999.000 -9999.000 -9999.000 -9999.000 -9999.000 -9999.000 -9999.000 -9999.000 -9999.000 -9999.000 -9999.000 -9999.000 -9999.000 -9999.000 -9999.000 0.2587029E-02 0.6883644E-02 0.1326088E-01 0.1977049E-01 0.2553494E-01 0.3016612E-01 0.3347151E-01 0.3533569E-01 0.3577444E-01 0.3485692E-01 0.3263750E-01 0.2918232E-01 0.2440488E-01 0.1759263E-01 0.8999386E-02 0.8999386E-02 -9999.000 -9999.000 -9999.000 -9999.000 -9999.000 -9999.000 -9999.000 -9999.000 -9999.000 -9999.000 -9999.000 -9999.000 -9999.000 -9999.000 -9999.000 -9999.000 -9999.000 -9999.000 -9999.000 -9999.000 -9999.000 -9999.000 -9999.000 -9999.000 -9999.000 -9999.000 -9999.000
-9999.000 -9999.000 -9999.000 -9999.000 -9999.000 -9999.000 -9999.000 -9999.000 -9999.000 -9999.000 -9999.000 -9999.000 -9999.000 -9999.000 -9999.000 0.2786622E-02 0.7323945E-02 0.1399196E-01 0.2079018E-01 0.2681319E-01 0.3166145E-01 0.3513877E-01 0.3712552E-01 0.3764318E-01 0.3676511E-01 0.3454331E-01 0.3104487E-01 0.2616746E-01 0.1912142E-01 0.9904185E-02 0.9904185E-02 -9999.000 -9999.000 -9999.000 -9999.000 -9999.000 -9999.000 -9999.000 -9999.000 -9999.000 -9999.000 -9999.000 -9999.000 -9999.000 -9999.000 -9999.000 -9999.000 -9999.000 -9999.000 -9999.000 -9999.000 -9999.000 -9999.000 -9999.000 -9999.000 -9999.000 -9999.000 -9999.000
-9999.000 -9999.000 -9999.000 -9999.000 -9999.000 -9999.000 -9999.000 -9999.000 -9999.000 -9999.000 -9999.000 -9999.000 -9999.000 -9999.000 -9999.000 0.3007699E-02 0.7808119E-02 0.1478806E-01 0.2189408E-01 0.2819371E-01 0.3327636E-01 0.3694229E-01 0.3906857E-01 0.3968419E-01 0.3886745E-01 0.3666751E-01 0.3315200E-01 0.2819951E-01 0.2092687E-01 0.1098934E-01 0.1098934E-01 -9999.000 -9999.000 -9999.000 -9999.000 -9999.000 -9999.000 -9999.000 -9999.000 -9999.000 -9999.000 -9999.000 -9999.000 -9999.000 -9999.000 -9999.000 -9999.000 -9999.000 -9999.000 -9999.000 -9999.000 -9999.000 -9999.000 -9999.000 -9999.000 -9999.000 -9999.000 -9999.000
-9999.000 -9999.000 -9999.000 -9999.000 -9999.000 -9999.000 -9999.000 -9999.000 -9999.000 -9999.000 -9999.000 -9999.000 -9999.000 -9999.000 -9999.000 0.3257788E-02 0.8351760E-02 0.1567379E-01 0.2311537E-01 0.2971733E-01 0.3505806E-01 0.3893602E-01 0.4122490E-01 0.4196357E-01 0.4123616E-01 0.3908800E-01 0.3558816E-01 0.3059149E-01 0.2310202E-01 0.1231593E-01 0.1231593E-01 -9999.000 -9999.000 -9999.000 -9999.000 -9999.000 -9999.000 -9999.000 -9999.000 -9999.000 -9999.000 -9999.000 -9999.000 -9999.000 -9999.000 -9999.000 -9999.000 -9999.000 -9999.000 -9999.000 -9999.000 -9999.000 -9999.000 -9999.000 -9999.000 -9999.000 -9999.000 -9999.000
-9999.000 -9999.000 -9999.000 -9999.000 -9999.000 -9999.000 -9999.000 -9999.000 -9999.000 -9999.000 -9999.000 -9999.000 -9999.000 -9999.000 -9999.000 0.3544994E-02 0.8971805E-02 0.1667568E-01 0.2448893E-01 0.3142679E-01 0.3705769E-01 0.4117915E-01 0.4366109E-01 0.4455631E-01 0.4395544E-01 0.4189931E-01 0.3845921E-01 0.3346125E-01 0.2577279E-01 0.1396869E-01 0.1396869E-01 -9999.000 -9999.000 -9999.000 -9999.000 -9999.000 -9999.000 -9999.000 -9999.000 -9999.000 -9999.000 -9999.000 -9999.000 -9999.000 -9999.000 -9999.000 -9999.000 -9999.000 -9999.000 -9999.000 -9999.000 -9999.000 -9999.000 -9999.000 -9999.000 -9999.000 -9999.000 -9999.000
-9999.000 -9999.000 -9999.000 -9999.000 -9999.000 -9999.000 -9999.000 -9999.000 -9999.000 -9999.000 -9999.000 -9999.000 -9999.000 -9999.000 -9999.000 0.3879374E-02 0.9689759E-02 0.1782690E-01 0.2605904E-01 0.3337699E-01 0.3934031E-01 0.4374678E-01 0.4646384E-01 0.4756123E-01 0.4713810E-01 0.4523010E-01 0.4191168E-01 0.3697428E-01 0.2911978E-01 0.1606967E-01 0.1606967E-01 -9999.000 -9999.000 -9999.000 -9999.000 -9999.000 -9999.000 -9999.000 -9999.000 -9999.000 -9999.000 -9999.000 -9999.000 -9999.000 -9999.000 -9999.000 -9999.000 -9999.000 -9999.000 -9999.000 -9999.000 -9999.000 -9999.000 -9999.000 -9999.000 -9999.000 -9999.000 -9999.000
-9999.000 -9999.000 -9999.000 -9999.000 -9999.000 -9999.000 -9999.000 -9999.000 -9999.000 -9999.000 -9999.000 -9999.000 -9999.000 -9999.000 -9999.000 0.4276672E-02 0.1053907E-01 0.1917931E-01 0.2789367E-01 0.3565058E-01 0.4200291E-01 0.4675056E-01 0.4975965E-01 0.5112236E-01 0.5094823E-01 0.4926737E-01 0.4616012E-01 0.4137578E-01 0.3341436E-01 0.1880350E-01 0.1880350E-01 -9999.000 -9999.000 -9999.000 -9999.000 -9999.000 -9999.000 -9999.000 -9999.000 -9999.000 -9999.000 -9999.000 -9999.000 -9999.000 -9999.000 -9999.000 -9999.000 -9999.000 -9999.000 -9999.000 -9999.000 -9999.000 -9999.000 -9999.000 -9999.000 -9999.000 -9999.000 -9999.000
-9999.000 -9999.000 -9999.000 -9999.000 -9999.000 -9999.000 -9999.000 -9999.000 -9999.000 -9999.000 -9999.000 -9999.000 -9999.000 -9999.000 -9999.000 0.5043676E-02 0.1213649E-01 0.2164426E-01 0.3085898E-01 0.3906905E-01 0.4579970E-01 0.5087131E-01 0.5416065E-01 0.5579688E-01 0.5590447E-01 0.5450786E-01 0.5169646E-01 0.4716580E-01 0.3916495E-01 0.2251702E-01 0.2251702E-01 -9999.000 -9999.000 -9999.000 -9999.000 -9999.000 -9999.000 -9999.000 -9999.000 -9999.000 -9999.000 -9999.000 -9999.000 -9999.000 -9999.000 -9999.000 -9999.000 -9999.000 -9999.000 -9999.000 -9999.000 -9999.000 -9999.000 -9999.000 -9999.000 -9999.000 -9999.000 -9999.000
-9999.000 -9999.000 -9999.000 -9999.000 -9999.000 -9999.000 -9999.000 -9999.000 -9999.000 -9999.000 -9999.000 -9999.000 -9999.000 -9999.000 -9999.000 0.5582078E-01 0.8490638E-01 0.9795467E-01 0.9268114E-01 0.8871540E-01 0.8480690E-01 0.8056602E-01 0.7600722E-01 0.7136822E-01 0.6656673E-01 0.6152431E-01 0.5616495E-01 0.4994687E-01 0.4075458E-01 0.2006101E-01 0.2006101E-01 -9999.000 -9999.000 -9999.000 -9999.000 -9999.000 -9999.000 -9999.000 -9999.000 -9999.000 -9999.000 -9999.000 -9999.000 -9999.000 -9999.000 -9999.000 -9999.000 -9999.000 -9999.000 -9999.000 -9999.000 -9999.000 -9999.000 -9999.000 -9999.000 -9999.000 -9999.000 -9999.000
2.710973 2.710973 2.724366 2.784822 2.790042 2.790042 2.792694 2.793904 2.793904 2.791722 2.791722 2.787254 2.784379 2.781161 2.777651 2.777651 2.869727 2.871863 2.872112 2.853197 2.814965 2.756431 2.676721 2.573126 2.450641 2.309396 2.153026 1.990273 1.844721 1.782543 1.782543 2.591323 2.759473 2.855512 2.879597 2.879597 2.912425 2.912425 2.898567 2.898567 2.858127 2.689956 2.689956 2.347068 2.347068 2.016361 2.016361 2.016361 1.996701 1.996701 2.024958 2.024958 2.069509 2.069509 2.116822 2.116822 2.159401 2.159401
2.732986 2.732986 2.754584 2.834391 2.850733 2.850733 2.864483 2.887715 2.887715 2.907315 2.907315 2.924423 2.932264 2.939717 2.946833 2.946833 3.012605 3.025892 3.038286 3.046592 3.050167 3.047348 3.035669 3.011621 2.973879 2.919914 2.848452 2.760458 2.662449 2.584577 2.584577 3.019731 3.172798 3.319263 3.358868 3.358868 3.404386 3.404386 3.407242 3.407242 3.388182 3.293174 3.293174 3.100228 3.100228 2.824339 2.824339 2.824339 2.802133 2.802133 2.832251 2.832251 2.879997 2.879997 2.929899 2.929899 2.975505 2.975505
2.736946 2.736946 2.759029 2.834559 2.851152 2.851152 2.865178 2.888941 2.888941 2.909119 2.909119 2.926906 2.935128 2.942988 2.950532 2.950532 3.008424 3.031308 3.053529 3.073119 3.089259 3.101230 3.108097 3.108224 3.100737 3.083956 3.056253 3.016995 2.968991 2.930254 2.930254 3.176362 3.325915 3.498351 3.548545 3.548545 3.601049 3.601049 3.593989 3.593989 3.567237 3.472210 3.472210 3.334074 3.334074 3.107995 3.107995 3.107995 3.071440 3.071440 3.089711 3.089711 3.129148 3.129148 3.173012 3.173012 3.214125 3.214125
2.738842 2.738842 2.764677 2.834038 2.850806 2.850806 2.864968 2.888850 2.888850 2.909122 2.909122 2.927064 2.935378 2.943331 2.950964 2.950964 3.004593 3.035814 3.067300 3.096199 3.120998 3.140901 3.155392 3.163797 3.165933 3.161355 3.149487 3.130115 3.105031 3.085784 3.085784 3.235023 3.367341 3.547926 3.604123 3.604123 3.655477 3.655477 3.628254 3.628254 3.590759 3.500032 3.500032 3.409433 3.409433 3.242190 3.242190 3.242190 3.195308 3.195308 3.200143 3.200143 3.230888 3.230888 3.269733 3.269733 3.307662 3.307662
2.735826 2.735826 2.772695 2.833639 2.850674 2.850674 2.865035 2.889052 2.889052 2.909310 2.909310 2.927208 2.935500 2.943432 2.951048 2.951048 3.004090 3.042776 3.082801 3.120231 3.152979 3.179986 3.200726 3.214785 3.222133 3.222812 3.216895 3.204736 3.188015 3.174812 3.174812 3.265878 3.374662 3.546476 3.600032 3.600032 3.630985 3.630985 3.575624 3.575624 3.534274 3.468499 3.468499 3.426402 3.426402 3.321785 3.321785 3.321785 3.272760 3.272760 3.264166 3.264166 3.283883 3.283883 3.315952 3.315952 3.349665 3.349665
2.735816 2.735816 2.777570 2.833186 2.850430 2.850430 2.864959 2.889086 2.889086 2.909333 2.909333 2.927215 2.935502 2.943432 2.951046 2.951046 3.008165 3.054095 3.101970 3.147044 3.186885 3.220291 3.246689 3.265749 3.277433 3.281873 3.279326 3.270334 3.256427 3.243445 3.243445 3.295546 3.377716 3.522122 3.559737 3.559737 3.546147 3.546147 3.471761 3.471761 3.442257 3.419905 3.419905 3.421148 3.421148 3.373635 3.373635 3.373635 3.331691 3.331691 3.313463 3.313463 3.321099 3.321099 3.344183 3.344183 3.371780 3.371780
2.735838 2.735838 2.780393 2.832912 2.850270 2.850270 2.864903 2.889104 2.889104 2.909344 2.909344 2.927215 2.935501 2.943429 2.951044 2.951044 3.017691 3.071154 3.126287 3.178024 3.223899 3.262727 3.293969 3.317367 3.332878 3.340618 3.340836 3.334029 3.321418 3.307087 3.307087 3.332022 3.386505 3.479573 3.482225 3.482225 3.411591 3.411591 3.352824 3.352824 3.348878 3.373060 3.373060 3.407196 3.407196 3.406298 3.406298 3.406298 3.378365 3.378365 3.356789 3.356789 3.353728 3.353728 3.366419 3.366419 3.385948 3.385948
2.735850 2.735850 2.781318 2.832822 2.850215 2.850215 2.864883 2.889110 2.889110 2.909349 2.909349 2.927216 2.935501 2.943429 2.951042 2.951042 3.033737 3.095356 3.157238 3.214590 3.265246 3.308246 3.343206 3.369986 3.388591 3.399117 3.401761 3.396893 3.385363 3.369675 3.369675 3.375025 3.400381 3.405493 3.353844 3.353844 3.251065 3.251065 3.246524 3.246524 3.270400 3.331278 3.331278 3.388092 3.388092 3.423316 3.423316 3.423316 3.412771 3.412771 3.394296 3.394296 3.384096 3.384096 3.386393 3.386393 3.396384 3.396384
2.735837 2.735837 2.780393 2.832912 2.850270 2.850270 2.864902 2.889103 2.889103 2.909345 2.909345 2.927216 2.935501 2.943430 2.951043 2.951043 3.057816 3.128339 3.196428 3.258204 3.312173 3.357825 3.395071 3.423967 3.444619 3.457149 3.461704 3.458519 3.448033 3.430994 3.430994 3.419952 3.409210 3.273787 3.170298 3.170298 3.102357 3.102357 3.165883 3.165883 3.209763 3.293996 3.293996 3.365890 3.365890 3.428297 3.428297 3.428297 3.435214 3.435214 3.424563 3.424563 3.411655 3.411655 3.404987 3.404987 3.404752 3.404752
2.735816 2.735816 2.777571 2.833188 2.850431 2.850431 2.864959 2.889086 2.889086 2.909333 2.909333 2.927214 2.935502 2.943432 2.951046 2.951046 3.092151 3.172161 3.245650 3.310363 3.365866 3.412340 3.450133 3.479579 3.500941 3.514402 3.520090 3.518111 3.508355 3.488583 3.488583 3.456449 3.386598 3.070417 2.963412 2.963412 2.992606 2.992606 3.105208 3.105208 3.160044 3.257899 3.257899 3.340198 3.340198 3.422881 3.422881 3.422881 3.445304 3.445304 3.444794 3.444794 3.432977 3.432977 3.419824 3.419824 3.409687 3.409687
2.735826 2.735826 2.772695 2.833639 2.850674 2.850674 2.865035 2.889052 2.889052 2.909309 2.909309 2.927208 2.935500 2.943432 2.951047 2.951047 3.140050 3.229521 3.306954 3.372530 3.427304 3.472373 3.508646 3.536796 3.557276 3.570355 3.576162 3.574651 3.564540 3.535784 3.535784 3.458081 3.280052 2.831609 2.793201 2.793201 2.917782 2.917782 3.053454 3.053454 3.113619 3.219696 3.219696 3.309536 3.309536 3.407105 3.407105 3.407105 3.442141 3.442141 3.451904 3.451904 3.443784 3.443784 3.426843 3.426843 3.408001 3.408001
