simulation_files/asc/Velocity__y_10.0.asc
NCOLS        79
NROWS        79
XLLCENTER         -1.500000
YLLCENTER         -4.800000
CELLSIZE           0.100
NODATA_VALUE     -9999.0
[rows 0 to 26 of 79, columns 0 to 58 of 79]
-9999.000 -9999.000 -9999.000 -9999.000 -9999.000 -9999.000 -9999.000 -9999.000 -9999.000 -9999.000 -9999.000 -9999.000 -9999.000 -9999.000 -9999.000 -1.350594 -1.363538 -1.363954 -1.364102 -1.364156 -1.364175 -1.364183 -1.364184 -1.364183 -1.364176 -1.364156 -1.364102 -1.363955 -1.363538 -1.350594 -1.350594 -9999.000 -9999.000 -9999.000 -9999.000 -9999.000 -9999.000 -9999.000 -9999.000 -9999.000 -9999.000 -9999.000 -9999.000 -9999.000 -9999.000 -9999.000 -9999.000 -9999.000 -9999.000 -9999.000 -9999.000 -9999.000 -9999.000 -9999.000 -9999.000 -9999.000 -9999.000 -9999.000 -9999.000
-9999.000 -9999.000 -9999.000 -9999.000 -9999.000 -9999.000 -9999.000 -9999.000 -9999.000 -9999.000 -9999.000 -9999.000 -9999.000 -9999.000 -9999.000 -1.335968 -1.359537 -1.360353 -1.360715 -1.360881 -1.360954 -1.360983 -1.360991 -1.360983 -1.360954 -1.360881 -1.360715 -1.360353 -1.359537 -1.335968 -1.335968 -9999.000 -9999.000 -9999.000 -9999.000 -9999.000 -9999.000 -9999.000 -9999.000 -9999.000 -9999.000 -9999.000 -9999.000 -9999.000 -9999.000 -9999.000 -9999.000 -9999.000 -9999.000 -9999.000 -9999.000 -9999.000 -9999.000 -9999.000 -9999.000 -9999.000 -9999.000 -9999.000 -9999.000
-9999.000 -9999.000 -9999.000 -9999.000 -9999.000 -9999.000 -9999.000 -9999.000 -9999.000 -9999.000 -9999.000 -9999.000 -9999.000 -9999.000 -9999.000 -1.323144 -1.355741 -1.356817 -1.357370 -1.357677 -1.357833 -1.357904 -1.357924 -1.357904 -1.357833 -1.357677 -1.357370 -1.356817 -1.355741 -1.323144 -1.323144 -9999.000 -9999.000 -9999.000 -9999.000 -9999.000 -9999.000 -9999.000 -9999.000 -9999.000 -9999.000 -9999.000 -9999.000 -9999.000 -9999.000 -9999.000 -9999.000 -9999.000 -9999.000 -9999.000 -9999.000 -9999.000 -9999.000 -9999.000 -9999.000 -9999.000 -9999.000 -9999.000 -9999.000
-9999.000 -9999.000 -9999.000 -9999.000 -9999.000 -9999.000 -9999.000 -9999.000 -9999.000 -9999.000 -9999.000 -9999.000 -9999.000 -9999.000 -9999.000 -1.311687 -1.352248 -1.353449 -1.354110 -1.354542 -1.354793 -1.354919 -1.354957 -1.354919 -1.354793 -1.354542 -1.354110 -1.353448 -1.352248 -1.311687 -1.311687 -9999.000 -9999.000 -9999.000 -9999.000 -9999.000 -9999.000 -9999.000 -9999.000 -9999.000 -9999.000 -9999.000 -9999.000 -9999.000 -9999.000 -9999.000 -9999.000 -9999.000 -9999.000 -9999.000 -9999.000 -9999.000 -9999.000 -9999.000 -9999.000 -9999.000 -9999.000 -9999.000 -9999.000
-9999.000 -9999.000 -9999.000 -9999.000 -9999.000 -9999.000 -9999.000 -9999.000 -9999.000 -9999.000 -9999.000 -9999.000 -9999.000 -9999.000 -9999.000 -1.301230 -1.349077 -1.350315 -1.350984 -1.351493 -1.351828 -1.352011 -1.352068 -1.352011 -1.351828 -1.351493 -1.350984 -1.350315 -1.349076 -1.301231 -1.301231 -9999.000 -9999.000 -9999.000 -9999.000 -9999.000 -9999.000 -9999.000 -9999.000 -9999.000 -9999.000 -9999.000 -9999.000 -9999.000 -9999.000 -9999.000 -9999.000 -9999.000 -9999.000 -9999.000 -9999.000 -9999.000 -9999.000 -9999.000 -9999.000 -9999.000 -9999.000 -9999.000 -9999.000
-9999.000 -9999.000 -9999.000 -9999.000 -9999.000 -9999.000 -9999.000 -9999.000 -9999.000 -9999.000 -9999.000 -9999.000 -9999.000 -9999.000 -9999.000 -1.291493 -1.346201 -1.347445 -1.348034 -1.348557 -1.348941 -1.349169 -1.349243 -1.349169 -1.348941 -1.348557 -1.348034 -1.347445 -1.346201 -1.291492 -1.291492 -9999.000 -9999.000 -9999.000 -9999.000 -9999.000 -9999.000 -9999.000 -9999.000 -9999.000 -9999.000 -9999.000 -9999.000 -9999.000 -9999.000 -9999.000 -9999.000 -9999.000 -9999.000 -9999.000 -9999.000 -9999.000 -9999.000 -9999.000 -9999.000 -9999.000 -9999.000 -9999.000 -9999.000
-9999.000 -9999.000 -9999.000 -9999.000 -9999.000 -9999.000 -9999.000 -9999.000 -9999.000 -9999.000 -9999.000 -9999.000 -9999.000 -9999.000 -9999.000 -1.282276 -1.343577 -1.344836 -1.345286 -1.345758 -1.346146 -1.346395 -1.346479 -1.346394 -1.346146 -1.345758 -1.345286 -1.344835 -1.343576 -1.282276 -1.282276 -9999.000 -9999.000 -9999.000 -9999.000 -9999.000 -9999.000 -9999.000 -9999.000 -9999.000 -9999.000 -9999.000 -9999.000 -9999.000 -9999.000 -9999.000 -9999.000 -9999.000 -9999.000 -9999.000 -9999.000 -9999.000 -9999.000 -9999.000 -9999.000 -9999.000 -9999.000 -9999.000 -9999.000
-9999.000 -9999.000 -9999.000 -9999.000 -9999.000 -9999.000 -9999.000 -9999.000 -9999.000 -9999.000 -9999.000 -9999.000 -9999.000 -9999.000 -9999.000 -1.273449 -1.341156 -1.342466 -1.342748 -1.343115 -1.343460 -1.343698 -1.343782 -1.343698 -1.343460 -1.343115 -1.342748 -1.342466 -1.341156 -1.273449 -1.273449 -9999.000 -9999.000 -9999.000 -9999.000 -9999.000 -9999.000 -9999.000 -9999.000 -9999.000 -9999.000 -9999.000 -9999.000 -9999.000 -9999.000 -9999.000 -9999.000 -9999.000 -9999.000 -9999.000 -9999.000 -9999.000 -9999.000 -9999.000 -9999.000 -9999.000 -9999.000 -9999.000 -9999.000
-9999.000 -9999.000 -9999.000 -9999.000 -9999.000 -9999.000 -9999.000 -9999.000 -9999.000 -9999.000 -9999.000 -9999.000 -9999.000 -9999.000 -9999.000 -1.264926 -1.338896 -1.340304 -1.340410 -1.340639 -1.340898 -1.341096 -1.341169 -1.341096 -1.340899 -1.340639 -1.340410 -1.340304 -1.338896 -1.264927 -1.264927 -9999.000 -9999.000 -9999.000 -9999.000 -9999.000 -9999.000 -9999.000 -9999.000 -9999.000 -9999.000 -9999.000 -9999.000 -9999.000 -9999.000 -9999.000 -9999.000 -9999.000 -9999.000 -9999.000 -9999.000 -9999.000 -9999.000 -9999.000 -9999.000 -9999.000 -9999.000 -9999.000 -9999.000
-9999.000 -9999.000 -9999.000 -9999.000 -9999.000 -9999.000 -9999.000 -9999.000 -9999.000 -9999.000 -9999.000 -9999.000 -9999.000 -9999.000 -9999.000 -1.256658 -1.336763 -1.338315 -1.338257 -1.338330 -1.338477 -1.338609 -1.338660 -1.338608 -1.338477 -1.338330 -1.338257 -1.338315 -1.336763 -1.256658 -1.256658 -9999.000 -9999.000 -9999.000 -9999.000 -9999.000 -9999.000 -9999.000 -9999.000 -9999.000 -9999.000 -9999.000 -9999.000 -9999.000 -9999.000 -9999.000 -9999.000 -9999.000 -9999.000 -9999.000 -9999.000 -9999.000 -9999.000 -9999.000 -9999.000 -9999.000 -9999.000 -9999.000 -9999.000
-9999.000 -9999.000 -9999.000 -9999.000 -9999.000 -9999.000 -9999.000 -9999.000 -9999.000 -9999.000 -9999.000 -9999.000 -9999.000 -9999.000 -9999.000 -1.248612 -1.334729 -1.336467 -1.336267 -1.336186 -1.336206 -1.336256 -1.336280 -1.336256 -1.336206 -1.336186 -1.336267 -1.336468 -1.334729 -1.248612 -1.248612 -9999.000 -9999.000 -9999.000 -9999.000 -9999.000 -9999.000 -9999.000 -9999.000 -9999.000 -9999.000 -9999.000 -9999.000 -9999.000 -9999.000 -9999.000 -9999.000 -9999.000 -9999.000 -9999.000 -9999.000 -9999.000 -9999.000 -9999.000 -9999.000 -9999.000 -9999.000 -9999.000 -9999.000
-9999.000 -9999.000 -9999.000 -9999.000 -9999.000 -9999.000 -9999.000 -9999.000 -9999.000 -9999.000 -9999.000 -9999.000 -9999.000 -9999.000 -9999.000 -1.240768 -1.332776 -1.334735 -1.334420 -1.334197 -1.334090 -1.334054 -1.334048 -1.334054 -1.334090 -1.334197 -1.334420 -1.334735 -1.332776 -1.240768 -1.240768 -9999.000 -9999.000 -9999.000 -9999.000 -9999.000 -9999.000 -9999.000 -9999.000 -9999.000 -9999.000 -9999.000 -9999.000 -9999.000 -9999.000 -9999.000 -9999.000 -9999.000 -9999.000 -9999.000 -9999.000 -9999.000 -9999.000 -9999.000 -9999.000 -9999.000 -9999.000 -9999.000 -9999.000
-9999.000 -9999.000 -9999.000 -9999.000 -9999.000 -9999.000 -9999.000 -9999.000 -9999.000 -9999.000 -9999.000 -9999.000 -9999.000 -9999.000 -9999.000 -0.7123520 -1.088564 -1.295519 -1.325018 -1.330301 -1.331560 -1.331856 -1.331936 -1.332004 -1.332129 -1.332352 -1.332696 -1.333098 -1.330890 -1.233112 -1.233112 -9999.000 -9999.000 -9999.000 -9999.000 -9999.000 -9999.000 -9999.000 -9999.000 -9999.000 -9999.000 -9999.000 -9999.000 -9999.000 -9999.000 -9999.000 -9999.000 -9999.000 -9999.000 -9999.000 -9999.000 -9999.000 -9999.000 -9999.000 -9999.000 -9999.000 -9999.000 -9999.000 -9999.000
-9999.000 -9999.000 -9999.000 -9999.000 -9999.000 -9999.000 -9999.000 -9999.000 -9999.000 -9999.000 -9999.000 -9999.000 -9999.000 -9999.000 -9999.000 -0.3336771 -0.5078099 -0.6300500 -0.7981672 -1.059296 -1.261237 -1.313080 -1.325279 -1.328714 -1.329901 -1.330516 -1.331042 -1.331528 -1.329060 -1.225634 -1.225634 -9999.000 -9999.000 -9999.000 -9999.000 -9999.000 -9999.000 -9999.000 -9999.000 -9999.000 -9999.000 -9999.000 -9999.000 -9999.000 -9999.000 -9999.000 -9999.000 -9999.000 -9999.000 -9999.000 -9999.000 -9999.000 -9999.000 -9999.000 -9999.000 -9999.000 -9999.000 -9999.000 -9999.000
-9999.000 -9999.000 -9999.000 -9999.000 -9999.000 -9999.000 -9999.000 -9999.000 -9999.000 -9999.000 -9999.000 -9999.000 -9999.000 -9999.000 -9999.000 -0.2129102 -0.3779419 -0.4602092 -0.5161529 -0.5877527 -0.6964239 -0.8787211 -1.146081 -1.274953 -1.313772 -1.324641 -1.328212 -1.329634 -1.327169 -1.218249 -1.218249 -9999.000 -9999.000 -9999.000 -9999.000 -9999.000 -9999.000 -9999.000 -9999.000 -9999.000 -9999.000 -9999.000 -9999.000 -9999.000 -9999.000 -9999.000 -9999.000 -9999.000 -9999.000 -9999.000 -9999.000 -9999.000 -9999.000 -9999.000 -9999.000 -9999.000 -9999.000 -9999.000 -9999.000
-0.2562390E-02 -0.2562390E-02 -0.2845426E-02 -0.3844439E-02 -0.4438930E-02 -0.4438930E-02 -0.5098201E-02 -0.6832349E-02 -0.6832349E-02 -0.9500070E-02 -0.9500070E-02 -0.1356087E-01 -0.1631713E-01 -0.1971879E-01 -0.2506642E-01 -0.2506642E-01 -0.2974634 -0.3945323 -0.4650083 -0.5263876 -0.5645050 -0.6006797 -0.6719531 -0.8288536 -1.072114 -1.231792 -1.294304 -1.317461 -1.332657 -1.310852 -1.310852 -0.5610709 -0.4391791E-01 -0.4768710E-02 0.7413351E-02 0.7413351E-02 -0.3825857E-02 -0.3825857E-02 0.3908156E-01 0.3908156E-01 0.4311793E-01 0.4112284E-01 0.4112284E-01 0.3890648E-01 0.3890648E-01 0.3316496E-01 0.3316496E-01 0.3316496E-01 0.2992062E-01 0.2992062E-01 0.2597252E-01 0.2597252E-01 0.2554588E-01 0.2554588E-01 0.3151774E-01 0.3151774E-01 0.5190076E-01 0.5190076E-01 0.5190076E-01
-0.4706848E-02 -0.4706848E-02 -0.5297137E-02 -0.7717581E-02 -0.9177455E-02 -0.9177455E-02 -0.1080002E-01 -0.1494653E-01 -0.1494653E-01 -0.2090326E-01 -0.2090326E-01 -0.2929221E-01 -0.3466120E-01 -0.4101870E-01 -0.4953339E-01 -0.4953339E-01 -0.2622552 -0.3596047 -0.4386104 -0.5041738 -0.5460150 -0.5802031 -0.6166756 -0.6493930 -0.7112114 -0.8689434 -1.084213 -1.225138 -1.302434 -1.323045 -1.323045 -0.9666545 -0.5642857 -0.2074652E-01 -0.1043968E-01 -0.1043968E-01 -0.5329441E-02 -0.5329441E-02 0.7910886E-01 0.7910886E-01 0.1010704 0.1135574 0.1135574 0.1104091 0.1104091 0.9214059E-01 0.9214059E-01 0.9214059E-01 0.8147995E-01 0.8147995E-01 0.7310026E-01 0.7310026E-01 0.7128465E-01 0.7128465E-01 0.8320251E-01 0.8320251E-01 0.1191779 0.1191779 0.1191779
-0.5820258E-02 -0.5820258E-02 -0.7030139E-02 -0.1110068E-01 -0.1354544E-01 -0.1354544E-01 -0.1628433E-01 -0.2321567E-01 -0.2321567E-01 -0.3275367E-01 -0.3275367E-01 -0.4535612E-01 -0.5296968E-01 -0.6160378E-01 -0.7220785E-01 -0.7220785E-01 -0.2383277 -0.3329453 -0.4165118 -0.4857970 -0.5340913 -0.5745140 -0.6115379 -0.6411483 -0.6755158 -0.7186878 -0.8056846 -0.9875618 -1.156954 -1.253314 -1.253314 -1.067626 -0.6656486 -0.1329279E-01 -9999.000 -0.2394040E-01 -0.7889980E-02 -0.7889980E-02 0.1309900 0.1309900 0.1779608 0.2265258 0.2265258 0.2331916 0.2331916 0.2023194 0.2023194 0.2023194 0.1758778 0.1758778 0.1620709 0.1620709 0.1610671 0.1610671 0.1766156 0.1766156 0.2087404 0.2087404 0.2087404
-0.6836609E-02 -0.6836609E-02 -0.8427743E-02 -0.1372064E-01 -0.1692777E-01 -0.1692777E-01 -0.2055335E-01 -0.2975047E-01 -0.2975047E-01 -0.4225117E-01 -0.4225117E-01 -0.5841896E-01 -0.6796956E-01 -0.7859425E-01 -0.9100917E-01 -0.9100917E-01 -0.2221960 -0.3111820 -0.3960851 -0.4684590 -0.5231680 -0.5695680 -0.6098410 -0.6434649 -0.6777805 -0.7121105 -0.7530332 -0.8135713 -0.9500408 -1.080297 -1.080297 -1.023032 -0.8518536 -0.3969985E-01 -0.1900433 -0.1900433 -0.1945977E-01 -0.1945977E-01 0.1901267 0.1901267 0.2490087 0.3189684 0.3189684 0.3494579 0.3494579 0.3290674 0.3290674 0.3290674 0.2958283 0.2958283 0.2728182 0.2728182 0.2612150 0.2612150 0.2593465 0.2593465 0.2605615 0.2605615 0.2605615
-0.7754379E-02 -0.7754379E-02 -0.9561082E-02 -0.1571419E-01 -0.1949787E-01 -0.1949787E-01 -0.2381785E-01 -0.3482523E-01 -0.3482523E-01 -0.4971889E-01 -0.4971889E-01 -0.6887367E-01 -0.8012737E-01 -0.9257742E-01 -0.1067536 -0.1067536 -0.2126088 -0.2939239 -0.3772957 -0.4516763 -0.5120580 -0.5639157 -0.6080591 -0.6456581 -0.6816812 -0.7161201 -0.7517279 -0.7892660 -0.8372034 -0.9150643 -0.9150643 -0.9023883 -0.8382726 -0.6085464 -0.4736983 -0.4736983 -0.1046414 -0.1046414 0.2287010 0.2287010 0.3023801 0.3837101 0.3837101 0.4131620 0.4131620 0.3998256 0.3998256 0.3998256 0.3714579 0.3714579 0.3414079 0.3414079 0.3145075 0.3145075 0.2922175 0.2922175 0.2726927 0.2726927 0.2726927
-0.8481089E-02 -0.8481089E-02 -0.1037406E-01 -0.1704975E-01 -0.2123737E-01 -0.2123737E-01 -0.2607540E-01 -0.3848599E-01 -0.3848599E-01 -0.5527935E-01 -0.5527935E-01 -0.7693893E-01 -0.8972415E-01 -0.1039180 -0.1199384 -0.1199384 -0.2085593 -0.2814751 -0.3610792 -0.4359855 -0.5007346 -0.5573384 -0.6054925 -0.6467280 -0.6844570 -0.7194146 -0.7534131 -0.7857867 -0.8154961 -0.8377774 -0.8377774 -0.8106687 -0.7617222 -0.6263275 -0.5478509 -0.5478509 -0.1829537 -0.1829537 0.2245047 0.2245047 0.3223641 0.4139096 0.4139096 0.4412208 0.4412208 0.4249168 0.4249168 0.4249168 0.3954688 0.3954688 0.3613674 0.3613674 0.3273576 0.3273576 0.2964047 0.2964047 0.2693948 0.2693948 0.2693948
-0.8922796E-02 -0.8922796E-02 -0.1079202E-01 -0.1766867E-01 -0.2208953E-01 -0.2208953E-01 -0.2726805E-01 -0.4067639E-01 -0.4067639E-01 -0.5890323E-01 -0.5890323E-01 -0.8263802E-01 -0.9682538E-01 -0.1127492 -0.1308057 -0.1308057 -0.2091062 -0.2741632 -0.3486394 -0.4224868 -0.4899372 -0.5502821 -0.6021838 -0.6467340 -0.6861874 -0.7216234 -0.7544374 -0.7841485 -0.8087150 -0.8182255 -0.8182255 -0.7803733 -0.7277916 -0.6155802 -0.5443794 -0.5443794 -0.1597559 -0.1597559 0.1707150 0.1707150 0.2679262 0.3752346 0.3752346 0.4181883 0.4181883 0.4185152 0.4185152 0.4185152 0.3947391 0.3947391 0.3620191 0.3620191 0.3261767 0.3261767 0.2915980 0.2915980 0.2608427 0.2608427 0.2608427
-0.8992142E-02 -0.8992142E-02 -0.1074497E-01 -0.1752329E-01 -0.2200754E-01 -0.2200754E-01 -0.2734127E-01 -0.4131204E-01 -0.4131204E-01 -0.6047831E-01 -0.6047831E-01 -0.8584074E-01 -0.1013032 -0.1189755 -0.1393508 -0.1393508 -0.2134529 -0.2722054 -0.3411683 -0.4125929 -0.4809605 -0.5437641 -0.5987580 -0.6461967 -0.6873682 -0.7233466 -0.7552450 -0.7828466 -0.8043008 -0.8118135 -0.8118135 -0.7788981 -0.7322317 -0.6116647 -0.4786994 -0.4786994 -0.1043110 -0.1043110 0.1346450 0.1346450 0.2141248 0.3146833 0.3146833 0.3640734 0.3640734 0.3802852 0.3802852 0.3802852 0.3678164 0.3678164 0.3439031 0.3439031 0.3129843 0.3129843 0.2796845 0.2796845 0.2480161 0.2480161 0.2480161
-0.8617698E-02 -0.8617698E-02 -0.1018139E-01 -0.1659301E-01 -0.2097187E-01 -0.2097187E-01 -0.2626455E-01 -0.4031305E-01 -0.4031305E-01 -0.5984970E-01 -0.5984970E-01 -0.8629561E-01 -0.1028572 -0.1222760 -0.1453158 -0.1453158 -0.2210615 -0.2757805 -0.3397666 -0.4078754 -0.4754941 -0.5392882 -0.5963636 -0.6460454 -0.6887539 -0.7253054 -0.7565564 -0.7824795 -0.8015978 -0.8080661 -0.8080661 -0.7820244 -0.7433000 -0.5333703 -0.3482725 -0.3482725 -0.6302349E-01 -0.6302349E-01 0.1087180 0.1087180 0.1716328 0.2584837 0.2584837 0.3067294 0.3067294 0.3299567 0.3299567 0.3299567 0.3250597 0.3250597 0.3096376 0.3096376 0.2864287 0.2864287 0.2584420 0.2584420 0.2292889 0.2292889 0.2292889
-0.7745285E-02 -0.7745285E-02 -0.9071805E-02 -0.1488523E-01 -0.1899122E-01 -0.1899122E-01 -0.2403539E-01 -0.3761920E-01 -0.3761920E-01 -0.5684837E-01 -0.5684837E-01 -0.8365273E-01 -0.1010201 -0.1220825 -0.1481412 -0.1481412 -0.2318198 -0.2852272 -0.3455156 -0.4100001 -0.4754984 -0.5387505 -0.5966066 -0.6475965 -0.6913616 -0.7282940 -0.7589553 -0.7833701 -0.8003351 -0.8050399 -0.8050399 -0.7766922 -0.6935742 -0.3677011 -0.2234027 -0.2234027 -0.3994143E-01 -0.3994143E-01 0.8563477E-01 0.8563477E-01 0.1351957 0.2077213 0.2077213 0.2513585 0.2513585 0.2764615 0.2764615 0.2764615 0.2758920 0.2758920 0.2663639 0.2663639 0.2499024 0.2499024 0.2282831 0.2282831 0.2038734 0.2038734 0.2038734
-0.6328063E-02 -0.6328063E-02 -0.7404297E-02 -0.1243029E-01 -0.1609732E-01 -0.1609732E-01 -0.2067535E-01 -0.3320065E-01 -0.3320065E-01 -0.5131804E-01 -0.5131804E-01 -0.7748371E-01 -0.9515025E-01 -0.1175119 -0.1468107 -0.1468107 -0.2463295 -0.3013893 -0.3597232 -0.4207977 -0.4831688 -0.5443825 -0.6014980 -0.6525323 -0.6964586 -0.7331145 -0.7625739 -0.7843543 -0.7957714 -0.7842454 -0.7842454 -0.6921126 -0.5262464 -0.2440078 -0.1539989 -0.1539989 -0.2993350E-01 -0.2993350E-01 0.6463103E-01 0.6463103E-01 0.1032937 0.1619309 0.1619309 0.1990686 0.1990686 0.2227415 0.2227415 0.2227415 0.2243998 0.2243998 0.2187505 0.2187505 0.2074204 0.2074204 0.1915555 0.1915555 0.1725361 0.1725361 0.1725361
-0.4299640E-02 -0.4299640E-02 -0.5175393E-02 -0.9275847E-02 -0.1234230E-01 -0.1234230E-01 -0.1623240E-01 -0.2707188E-01 -0.2707188E-01 -0.4314846E-01 -0.4314846E-01 -0.6731492E-01 -0.8442420E-01 -0.1072444 -0.1394808 -0.1394808 -0.2664549 -0.3261914 -0.3844118 -0.4425619 -0.5010744 -0.5588099 -0.6134830 -0.6629344 -0.7055623 -0.7403927 -0.7661941 -0.7792761 -0.7673611 -0.7001285 -0.7001285 -0.5281510 -0.3675536 -0.1742359 -0.1143027 -0.1143027 -0.2445785E-01 -0.2445785E-01 0.4613506E-01 0.4613506E-01 0.7522375E-01 0.1202986 0.1202986 0.1498155 0.1498155 0.1698784 0.1698784 0.1698784 0.1723682 0.1723682 0.1692318 0.1692318 0.1617376 0.1617376 0.1506708 0.1506708 0.1368133 0.1368133 0.1368133
