simulation_files/asc/Velocity____104.0.asc
NCOLS        79
NROWS        79
XLLCENTER         -1.500000
YLLCENTER         -4.800000
CELLSIZE           0.100
NODATA_VALUE     -9999.0
[rows 0 to 26 of 79, columns 0 to 59 of 79]
-9999.000 -9999.000 -9999.000 -9999.000 -9999.000 -9999.000 -9999.000 -9999.000 -9999.000 -9999.000 -9999.000 -9999.000 -9999.000 -9999.000 -9999.000 0.1800483 0.1788508 0.1788951 0.1790884 0.1793164 0.1795469 0.1797690 0.1799871 0.1802246 0.1805285 0.1809768 0.1816920 0.1828715 0.1847506 0.1834018 0.1834018 -9999.000 -9999.000 -9999.000 -9999.000 -9999.000 -9999.000 -9999.000 -9999.000 -9999.000 -9999.000 -9999.000 -9999.000 -9999.000 -9999.000 -9999.000 -9999.000 -9999.000 -9999.000 -9999.000 -9999.000 -9999.000 -9999.000 -9999.000 -9999.000 -9999.000 -9999.000 -9999.000 -9999.000 -9999.000
-9999.000 -9999.000 -9999.000 -9999.000 -9999.000 -9999.000 -9999.000 -9999.000 -9999.000 -9999.000 -9999.000 -9999.000 -9999.000 -9999.000 -9999.000 0.1776227 0.1750171 0.1750964 0.1755088 0.1760088 0.1765234 0.1770236 0.1775150 0.1780435 0.1787072 0.1796728 0.1812061 0.1837368 0.1877517 0.1854999 0.1854999 -9999.000 -9999.000 -9999.000 -9999.000 -9999.000 -9999.000 -9999.000 -9999.000 -9999.000 -9999.000 -9999.000 -9999.000 -9999.000 -9999.000 -9999.000 -9999.000 -9999.000 -9999.000 -9999.000 -9999.000 -9999.000 -9999.000 -9999.000 -9999.000 -9999.000 -9999.000 -9999.000 -9999.000 -9999.000
-9999.000 -9999.000 -9999.000 -9999.000 -9999.000 -9999.000 -9999.000 -9999.000 -9999.000 -9999.000 -9999.000 -9999.000 -9999.000 -9999.000 -9999.000 0.1738845 0.1696856 0.1698119 0.1705319 0.1714373 0.1723997 0.1733661 0.1743432 0.1754086 0.1767279 0.1785811 0.1814060 0.1858891 0.1927610 0.1901472 0.1901472 -9999.000 -9999.000 -9999.000 -9999.000 -9999.000 -9999.000 -9999.000 -9999.000 -9999.000 -9999.000 -9999.000 -9999.000 -9999.000 -9999.000 -9999.000 -9999.000 -9999.000 -9999.000 -9999.000 -9999.000 -9999.000 -9999.000 -9999.000 -9999.000 -9999.000 -9999.000 -9999.000 -9999.000 -9999.000
-9999.000 -9999.000 -9999.000 -9999.000 -9999.000 -9999.000 -9999.000 -9999.000 -9999.000 -9999.000 -9999.000 -9999.000 -9999.000 -9999.000 -9999.000 0.1693820 0.1635985 0.1638087 0.1649081 0.1663135 0.1678369 0.1693983 0.1710045 0.1727646 0.1749147 0.1778530 0.1822008 0.1889227 0.1990342 0.1967325 0.1967325 -9999.000 -9999.000 -9999.000 -9999.000 -9999.000 -9999.000 -9999.000 -9999.000 -9999.000 -9999.000 -9999.000 -9999.000 -9999.000 -9999.000 -9999.000 -9999.000 -9999.000 -9999.000 -9999.000 -9999.000 -9999.000 -9999.000 -9999.000 -9999.000 -9999.000 -9999.000 -9999.000 -9999.000 -9999.000
-9999.000 -9999.000 -9999.000 -9999.000 -9999.000 -9999.000 -9999.000 -9999.000 -9999.000 -9999.000 -9999.000 -9999.000 -9999.000 -9999.000 -9999.000 0.1642249 0.1568752 0.1572015 0.1587433 0.1607310 0.1629105 0.1651716 0.1675205 0.1700987 0.1732171 0.1774012 0.1834723 0.1927063 0.2064660 0.2052217 0.2052217 -9999.000 -9999.000 -9999.000 -9999.000 -9999.000 -9999.000 -9999.000 -9999.000 -9999.000 -9999.000 -9999.000 -9999.000 -9999.000 -9999.000 -9999.000 -9999.000 -9999.000 -9999.000 -9999.000 -9999.000 -9999.000 -9999.000 -9999.000 -9999.000 -9999.000 -9999.000 -9999.000 -9999.000 -9999.000
-9999.000 -9999.000 -9999.000 -9999.000 -9999.000 -9999.000 -9999.000 -9999.000 -9999.000 -9999.000 -9999.000 -9999.000 -9999.000 -9999.000 -9999.000 0.1584680 0.1495910 0.1500639 0.1521059 0.1547494 0.1576683 0.1607190 0.1639056 0.1674047 0.1716073 0.1771781 0.1851603 0.1971851 0.2150505 0.2157385 0.2157385 -9999.000 -9999.000 -9999.000 -9999.000 -9999.000 -9999.000 -9999.000 -9999.000 -9999.000 -9999.000 -9999.000 -9999.000 -9999.000 -9999.000 -9999.000 -9999.000 -9999.000 -9999.000 -9999.000 -9999.000 -9999.000 -9999.000 -9999.000 -9999.000 -9999.000 -9999.000 -9999.000 -9999.000 -9999.000
-9999.000 -9999.000 -9999.000 -9999.000 -9999.000 -9999.000 -9999.000 -9999.000 -9999.000 -9999.000 -9999.000 -9999.000 -9999.000 -9999.000 -9999.000 0.1521198 0.1417845 0.1424371 0.1450362 0.1484057 0.1521414 0.1560626 0.1601712 0.1646817 0.1700720 0.1771599 0.1872391 0.2023513 0.2248521 0.2285449 0.2285449 -9999.000 -9999.000 -9999.000 -9999.000 -9999.000 -9999.000 -9999.000 -9999.000 -9999.000 -9999.000 -9999.000 -9999.000 -9999.000 -9999.000 -9999.000 -9999.000 -9999.000 -9999.000 -9999.000 -9999.000 -9999.000 -9999.000 -9999.000 -9999.000 -9999.000 -9999.000 -9999.000 -9999.000 -9999.000
-9999.000 -9999.000 -9999.000 -9999.000 -9999.000 -9999.000 -9999.000 -9999.000 -9999.000 -9999.000 -9999.000 -9999.000 -9999.000 -9999.000 -9999.000 0.1451521 0.1334671 0.1343399 0.1375569 0.1417245 0.1463530 0.1512220 0.1563308 0.1619356 0.1686098 0.1773409 0.1897068 0.2082316 0.2359926 0.2440536 0.2440536 -9999.000 -9999.000 -9999.000 -9999.000 -9999.000 -9999.000 -9999.000 -9999.000 -9999.000 -9999.000 -9999.000 -9999.000 -9999.000 -9999.000 -9999.000 -9999.000 -9999.000 -9999.000 -9999.000 -9999.000 -9999.000 -9999.000 -9999.000 -9999.000 -9999.000 -9999.000 -9999.000 -9999.000 -9999.000
-9999.000 -9999.000 -9999.000 -9999.000 -9999.000 -9999.000 -9999.000 -9999.000 -9999.000 -9999.000 -9999.000 -9999.000 -9999.000 -9999.000 -9999.000 0.1375047 0.1246292 0.1257760 0.1296821 0.1347273 0.1403291 0.1462235 0.1524089 0.1591874 0.1672380 0.1777363 0.1925854 0.2148822 0.2486515 0.2628742 0.2628742 -9999.000 -9999.000 -9999.000 -9999.000 -9999.000 -9999.000 -9999.000 -9999.000 -9999.000 -9999.000 -9999.000 -9999.000 -9999.000 -9999.000 -9999.000 -9999.000 -9999.000 -9999.000 -9999.000 -9999.000 -9999.000 -9999.000 -9999.000 -9999.000 -9999.000 -9999.000 -9999.000 -9999.000 -9999.000
-9999.000 -9999.000 -9999.000 -9999.000 -9999.000 -9999.000 -9999.000 -9999.000 -9999.000 -9999.000 -9999.000 -9999.000 -9999.000 -9999.000 -9999.000 0.1290868 0.1152424 0.1167404 0.1214259 0.1274437 0.1341097 0.1411139 0.1484552 0.1564877 0.1660057 0.1783940 0.1959289 0.2223965 0.2630750 0.2859035 0.2859035 -9999.000 -9999.000 -9999.000 -9999.000 -9999.000 -9999.000 -9999.000 -9999.000 -9999.000 -9999.000 -9999.000 -9999.000 -9999.000 -9999.000 -9999.000 -9999.000 -9999.000 -9999.000 -9999.000 -9999.000 -9999.000 -9999.000 -9999.000 -9999.000 -9999.000 -9999.000 -9999.000 -9999.000 -9999.000
-9999.000 -9999.000 -9999.000 -9999.000 -9999.000 -9999.000 -9999.000 -9999.000 -9999.000 -9999.000 -9999.000 -9999.000 -9999.000 -9999.000 -9999.000 0.1197729 0.1052608 0.1072257 0.1128159 0.1199293 0.1277713 0.1359845 0.1445717 0.1539452 0.1650242 0.1794235 0.1998477 0.2309198 0.2795947 0.3144899 0.3144899 -9999.000 -9999.000 -9999.000 -9999.000 -9999.000 -9999.000 -9999.000 -9999.000 -9999.000 -9999.000 -9999.000 -9999.000 -9999.000 -9999.000 -9999.000 -9999.000 -9999.000 -9999.000 -9999.000 -9999.000 -9999.000 -9999.000 -9999.000 -9999.000 -9999.000 -9999.000 -9999.000 -9999.000 -9999.000
-9999.000 -9999.000 -9999.000 -9999.000 -9999.000 -9999.000 -9999.000 -9999.000 -9999.000 -9999.000 -9999.000 -9999.000 -9999.000 -9999.000 -9999.000 0.1093954 0.9462267E-01 0.9723838E-01 0.1039200 0.1123013 0.1214689 0.1310196 0.1409669 0.1517875 0.1645322 0.1810615 0.2045667 0.2406942 0.2986649 0.3507415 0.3507415 -9999.000 -9999.000 -9999.000 -9999.000 -9999.000 -9999.000 -9999.000 -9999.000 -9999.000 -9999.000 -9999.000 -9999.000 -9999.000 -9999.000 -9999.000 -9999.000 -9999.000 -9999.000 -9999.000 -9999.000 -9999.000 -9999.000 -9999.000 -9999.000 -9999.000 -9999.000 -9999.000 -9999.000 -9999.000
-9999.000 -9999.000 -9999.000 -9999.000 -9999.000 -9999.000 -9999.000 -9999.000 -9999.000 -9999.000 -9999.000 -9999.000 -9999.000 -9999.000 -9999.000 0.9772706E-01 0.8325726E-01 0.8683664E-01 0.9490974E-01 0.1048182 0.1155283 0.1266028 0.1380778 0.1504994 0.1650477 0.1838295 0.2105726 0.2521710 0.3209378 0.3981458 0.3981458 -9999.000 -9999.000 -9999.000 -9999.000 -9999.000 -9999.000 -9999.000 -9999.000 -9999.000 -9999.000 -9999.000 -9999.000 -9999.000 -9999.000 -9999.000 -9999.000 -9999.000 -9999.000 -9999.000 -9999.000 -9999.000 -9999.000 -9999.000 -9999.000 -9999.000 -9999.000 -9999.000 -9999.000 -9999.000
-9999.000 -9999.000 -9999.000 -9999.000 -9999.000 -9999.000 -9999.000 -9999.000 -9999.000 -9999.000 -9999.000 -9999.000 -9999.000 -9999.000 -9999.000 0.8440027E-01 0.7113042E-01 0.7631767E-01 0.8634815E-01 0.9823123E-01 0.1108397 0.1237413 0.1370195 0.1512969 0.1678623 0.1890348 0.2190843 0.2663890 0.3474914 0.4629851 0.4629851 -9999.000 -9999.000 -9999.000 -9999.000 -9999.000 -9999.000 -9999.000 -9999.000 -9999.000 -9999.000 -9999.000 -9999.000 -9999.000 -9999.000 -9999.000 -9999.000 -9999.000 -9999.000 -9999.000 -9999.000 -9999.000 -9999.000 -9999.000 -9999.000 -9999.000 -9999.000 -9999.000 -9999.000 -9999.000
-9999.000 -9999.000 -9999.000 -9999.000 -9999.000 -9999.000 -9999.000 -9999.000 -9999.000 -9999.000 -9999.000 -9999.000 -9999.000 -9999.000 -9999.000 0.6595972E-01 0.6566939E-01 0.8006161E-01 0.9594873E-01 0.1112755 0.1257838 0.1396386 0.1532972 0.1676046 0.1840089 0.2050796 0.2357857 0.2865402 0.3799652 0.5555447 0.5555447 -9999.000 -9999.000 -9999.000 -9999.000 -9999.000 -9999.000 -9999.000 -9999.000 -9999.000 -9999.000 -9999.000 -9999.000 -9999.000 -9999.000 -9999.000 -9999.000 -9999.000 -9999.000 -9999.000 -9999.000 -9999.000 -9999.000 -9999.000 -9999.000 -9999.000 -9999.000 -9999.000 -9999.000 -9999.000
1.910219 1.910219 1.975079 2.009755 2.018336 2.018336 2.024308 2.031550 2.031550 2.034890 2.034890 2.035529 2.035037 2.034097 1.974414 1.974414 1.606172 1.550998 1.487494 1.413796 1.330406 1.238698 1.140977 1.040733 0.9429900 0.8548778 0.7867429 0.7549036 0.7890356 0.9574705 0.9574705 1.715996 1.875762 1.891800 1.860945 1.860945 1.776408 1.776408 1.554845 1.554845 1.285564 1.082059 1.082059 1.057155 1.057155 1.094267 1.094267 1.094267 1.145772 1.145772 1.193946 1.193946 1.244883 1.244883 1.281545 1.281545 1.308321 1.308321 1.308321 1.325752
1.926594 1.926594 1.997501 2.047987 2.064971 2.064971 2.079442 2.103734 2.103734 2.124053 2.124053 2.141541 2.149418 2.156810 2.138852 2.138852 1.866210 1.849084 1.832449 1.806246 1.769132 1.720580 1.660715 1.590676 1.512925 1.431828 1.354818 1.294829 1.275712 1.347289 1.347289 1.833972 1.987228 2.090714 2.104176 2.104176 2.083712 2.083712 1.981898 1.981898 1.819244 1.543557 1.543557 1.523806 1.523806 1.565445 1.565445 1.565445 1.615755 1.615755 1.651544 1.651544 1.707686 1.707686 1.747325 1.747325 1.778523 1.778523 1.778523 1.802004
1.930470 1.930470 1.999088 2.048527 2.065486 2.065486 2.080054 2.104722 2.104722 2.125524 2.125524 2.143565 2.151743 2.159456 2.151607 2.151607 1.915829 1.904133 1.909439 1.908728 1.900170 1.883105 1.856995 1.821980 1.779204 1.731271 1.682934 1.642512 1.625539 1.669683 1.669683 2.013314 2.149628 2.273337 2.298668 2.298668 2.296014 2.296014 2.226499 2.226499 2.133599 1.907157 1.907157 1.847235 1.847235 1.875270 1.875270 1.875270 1.916469 1.916469 1.952110 1.952110 1.992264 1.992264 2.023892 2.023892 2.048575 2.048575 2.048575 2.066835
1.933486 1.933486 2.000378 2.048742 2.065533 2.065533 2.080034 2.104699 2.104699 2.125532 2.125532 2.143592 2.151779 2.159498 2.157136 2.157136 1.955304 1.929936 1.943210 1.953605 1.957885 1.955939 1.947455 1.932597 1.912151 1.887869 1.862953 1.842819 1.836977 1.873275 1.873275 2.128180 2.243322 2.360504 2.384576 2.384576 2.383124 2.383124 2.332362 2.332362 2.278602 2.112461 2.112461 2.026508 2.026508 2.041479 2.041479 2.041479 2.076907 2.076907 2.109160 2.109160 2.142580 2.142580 2.170323 2.170323 2.191972 2.191972 2.191972 2.207709
1.935754 1.935754 2.001427 2.048930 2.065567 2.065567 2.080005 2.104663 2.104663 2.125521 2.125521 2.143590 2.151778 2.159496 2.160631 2.160631 1.998997 1.959097 1.973100 1.989225 2.000115 2.005446 2.005388 2.000483 1.991656 1.980454 1.969399 1.962569 1.966968 2.002100 2.002100 2.188861 2.288237 2.386799 2.401881 2.401881 2.392219 2.392219 2.359932 2.359932 2.334177 2.235004 2.235004 2.146463 2.146463 2.140361 2.140361 2.140361 2.170182 2.170182 2.199904 2.199904 2.229321 2.229321 2.254428 2.254428 2.273839 2.273839 2.273839 2.287675
1.937330 1.937330 2.002200 2.049078 2.065593 2.065593 2.079978 2.104631 2.104631 2.125510 2.125510 2.143590 2.151777 2.159494 2.162870 2.162870 2.043128 1.997171 2.006788 2.026017 2.041447 2.051371 2.055899 2.055796 2.052296 2.047183 2.042975 2.043235 2.053146 2.085135 2.085135 2.219089 2.300441 2.366048 2.367969 2.367969 2.353956 2.353956 2.347237 2.347237 2.343745 2.303711 2.303711 2.235602 2.235602 2.209276 2.209276 2.209276 2.231194 2.231194 2.257242 2.257242 2.283230 2.283230 2.305525 2.305525 2.322598 2.322598 2.322598 2.334558
1.938260 1.938260 2.002672 2.049172 2.065610 2.065610 2.079961 2.104610 2.104610 2.125505 2.125505 2.143590 2.151777 2.159494 2.164300 2.164300 2.084799 2.042871 2.047184 2.067057 2.085644 2.099060 2.106802 2.109505 2.108486 2.105704 2.103829 2.106308 2.116955 2.141415 2.141415 2.230477 2.283890 2.302607 2.294734 2.294734 2.292706 2.292706 2.317377 2.317377 2.331353 2.335650 2.335650 2.299632 2.299632 2.264009 2.264009 2.264009 2.276496 2.276496 2.297089 2.297089 2.318900 2.318900 2.337799 2.337799 2.352221 2.352221 2.352221 2.362219
1.938567 1.938567 2.002832 2.049204 2.065616 2.065616 2.079955 2.104602 2.104602 2.125503 2.125503 2.143590 2.151778 2.159494 2.165213 2.165213 2.123185 2.093693 2.095551 2.114265 2.134421 2.150326 2.160524 2.165218 2.165538 2.163401 2.161520 2.163273 2.170900 2.181231 2.181231 2.220737 2.231034 2.203664 2.198758 2.198758 2.227005 2.227005 2.282122 2.282122 2.308939 2.343636 2.343636 2.339686 2.339686 2.309157 2.309157 2.309157 2.313303 2.313303 2.327177 2.327177 2.343699 2.343699 2.358497 2.358497 2.369807 2.369807 2.369807 2.377663
1.938260 1.938260 2.002672 2.049171 2.065610 2.065610 2.079961 2.104609 2.104609 2.125504 2.125504 2.143590 2.151777 2.159494 2.165793 2.165793 2.159455 2.147619 2.151847 2.169150 2.189300 2.206396 2.218167 2.224236 2.225343 2.223149 2.220215 2.219666 2.220780 2.204690 2.204690 2.175098 2.130085 2.087312 2.100227 2.100227 2.166508 2.166508 2.246005 2.246005 2.281873 2.336975 2.336975 2.359155 2.359155 2.344612 2.344612 2.344612 2.343935 2.343935 2.351096 2.351096 2.361483 2.361483 2.371340 2.371340 2.378987 2.378987 2.378987 2.384508
1.937331 1.937331 2.002199 2.049077 2.065594 2.065594 2.079979 2.104631 2.104631 2.125511 2.125511 2.143590 2.151777 2.159495 2.166163 2.166163 2.196270 2.204194 2.215388 2.232597 2.251716 2.268536 2.280676 2.287293 2.288661 2.286022 2.281602 2.277828 2.266779 2.197406 2.197406 2.068796 1.982301 1.975972 2.012502 2.012502 2.113309 2.113309 2.210431 2.210431 2.252703 2.321754 2.321754 2.363130 2.363130 2.369243 2.369243 2.369243 2.368103 2.368103 2.369869 2.369869 2.373850 2.373850 2.378108 2.378108 2.381633 2.381633 2.381633 2.384696
1.935754 1.935754 2.001427 2.048930 2.065568 2.065568 2.080005 2.104663 2.104663 2.125520 2.125520 2.143590 2.151777 2.159496 2.166397 2.166397 2.237512 2.264930 2.285885 2.304925 2.322770 2.337999 2.349074 2.355093 2.355960 2.352448 2.346290 2.338152 2.300231 2.122319 2.122319 1.888514 1.823091 1.880082 1.932859 1.932859 2.064543 2.064543 2.174500 2.174500 2.221623 2.300712 2.300712 2.355662 2.355662 2.382105 2.382105 2.382105 2.384054 2.384054 2.382477 2.382477 2.380525 2.380525 2.378976 2.378976 2.378190 2.378190 2.378190 2.378841
1.933487 1.933487 2.000378 2.048742 2.065532 2.065532 2.080034 2.104699 2.104699 2.125532 2.125532 2.143592 2.151778 2.159499 2.166544 2.166544 2.288497 2.333397 2.364390 2.386448 2.403154 2.415804 2.424353 2.428383 2.427697 2.422676 2.414444 2.398489 2.288521 1.909695 1.909695 1.688985 1.682187 1.796949 1.868365 1.868365 2.018527 2.018527 2.138579 2.138579 2.189626 2.275962 2.275962 2.340138 2.340138 2.383559 2.383559 2.383559 2.390412 2.390412 2.387499 2.387499 2.380696 2.380696 2.373726 2.373726 2.368853 2.368853 2.368853 2.367356
