simulation_files/asc/Velocity__y_74.0.asc
NCOLS        79
NROWS        79
XLLCENTER         -1.500000
YLLCENTER         -4.800000
CELLSIZE           0.100
NODATA_VALUE     -9999.0
[rows 0 to 25 of 79, columns 0 to 58 of 79]
-9999.000 -9999.000 -9999.000 -9999.000 -9999.000 -9999.000 -9999.000 -9999.000 -9999.000 -9999.000 -9999.000 -9999.000 -9999.000 -9999.000 -9999.000 -0.2201650 -0.2190944 -0.2192589 -0.2195085 -0.2197680 -0.2200381 -0.2203325 -0.2206727 -0.2210860 -0.2216095 -0.2222949 -0.2232169 -0.2244856 -0.2261258 -0.2235777 -0.2235777 -9999.000 -9999.000 -9999.000 -9999.000 -9999.000 -9999.000 -9999.000 -9999.000 -9999.000 -9999.000 -9999.000 -9999.000 -9999.000 -9999.000 -9999.000 -9999.000 -9999.000 -9999.000 -9999.000 -9999.000 -9999.000 -9999.000 -9999.000 -9999.000 -9999.000 -9999.000 -9999.000 -9999.000
-9999.000 -9999.000 -9999.000 -9999.000 -9999.000 -9999.000 -9999.000 -9999.000 -9999.000 -9999.000 -9999.000 -9999.000 -9999.000 -9999.000 -9999.000 -0.2171387 -0.2147285 -0.2150201 -0.2154899 -0.2159767 -0.2164808 -0.2170344 -0.2176871 -0.2185042 -0.2195705 -0.2209991 -0.2229450 -0.2256238 -0.2290503 -0.2242837 -0.2242837 -9999.000 -9999.000 -9999.000 -9999.000 -9999.000 -9999.000 -9999.000 -9999.000 -9999.000 -9999.000 -9999.000 -9999.000 -9999.000 -9999.000 -9999.000 -9999.000 -9999.000 -9999.000 -9999.000 -9999.000 -9999.000 -9999.000 -9999.000 -9999.000 -9999.000 -9999.000 -9999.000 -9999.000
-9999.000 -9999.000 -9999.000 -9999.000 -9999.000 -9999.000 -9999.000 -9999.000 -9999.000 -9999.000 -9999.000 -9999.000 -9999.000 -9999.000 -9999.000 -0.2125505 -0.2086139 -0.2090755 -0.2098794 -0.2107518 -0.2116883 -0.2127430 -0.2140022 -0.2155794 -0.2176179 -0.2202990 -0.2238578 -0.2285983 -0.2344534 -0.2276479 -0.2276479 -9999.000 -9999.000 -9999.000 -9999.000 -9999.000 -9999.000 -9999.000 -9999.000 -9999.000 -9999.000 -9999.000 -9999.000 -9999.000 -9999.000 -9999.000 -9999.000 -9999.000 -9999.000 -9999.000 -9999.000 -9999.000 -9999.000 -9999.000 -9999.000 -9999.000 -9999.000 -9999.000 -9999.000
-9999.000 -9999.000 -9999.000 -9999.000 -9999.000 -9999.000 -9999.000 -9999.000 -9999.000 -9999.000 -9999.000 -9999.000 -9999.000 -9999.000 -9999.000 -0.2068873 -0.2014484 -0.2021357 -0.2033608 -0.2047328 -0.2062429 -0.2079692 -0.2100367 -0.2126087 -0.2158887 -0.2201276 -0.2256423 -0.2328309 -0.2415478 -0.2332629 -0.2332629 -9999.000 -9999.000 -9999.000 -9999.000 -9999.000 -9999.000 -9999.000 -9999.000 -9999.000 -9999.000 -9999.000 -9999.000 -9999.000 -9999.000 -9999.000 -9999.000 -9999.000 -9999.000 -9999.000 -9999.000 -9999.000 -9999.000 -9999.000 -9999.000 -9999.000 -9999.000 -9999.000 -9999.000
-9999.000 -9999.000 -9999.000 -9999.000 -9999.000 -9999.000 -9999.000 -9999.000 -9999.000 -9999.000 -9999.000 -9999.000 -9999.000 -9999.000 -9999.000 -0.2002110 -0.1933424 -0.1943095 -0.1960336 -0.1980024 -0.2002041 -0.2027424 -0.2057842 -0.2095475 -0.2143008 -0.2203728 -0.2281725 -0.2382081 -0.2502704 -0.2411392 -0.2411392 -9999.000 -9999.000 -9999.000 -9999.000 -9999.000 -9999.000 -9999.000 -9999.000 -9999.000 -9999.000 -9999.000 -9999.000 -9999.000 -9999.000 -9999.000 -9999.000 -9999.000 -9999.000 -9999.000 -9999.000 -9999.000 -9999.000 -9999.000 -9999.000 -9999.000 -9999.000 -9999.000 -9999.000
-9999.000 -9999.000 -9999.000 -9999.000 -9999.000 -9999.000 -9999.000 -9999.000 -9999.000 -9999.000 -9999.000 -9999.000 -9999.000 -9999.000 -9999.000 -0.1925332 -0.1843653 -0.1856648 -0.1879526 -0.1905977 -0.1935864 -0.1970515 -0.2012068 -0.2063319 -0.2127704 -0.2209410 -0.2313635 -0.2446825 -0.2606570 -0.2514336 -0.2514336 -9999.000 -9999.000 -9999.000 -9999.000 -9999.000 -9999.000 -9999.000 -9999.000 -9999.000 -9999.000 -9999.000 -9999.000 -9999.000 -9999.000 -9999.000 -9999.000 -9999.000 -9999.000 -9999.000 -9999.000 -9999.000 -9999.000 -9999.000 -9999.000 -9999.000 -9999.000 -9999.000 -9999.000
-9999.000 -9999.000 -9999.000 -9999.000 -9999.000 -9999.000 -9999.000 -9999.000 -9999.000 -9999.000 -9999.000 -9999.000 -9999.000 -9999.000 -9999.000 -0.1838138 -0.1745476 -0.1762323 -0.1791371 -0.1825210 -0.1863719 -0.1908569 -0.1962437 -0.2028836 -0.2112089 -0.2217474 -0.2351559 -0.2522543 -0.2728263 -0.2644474 -0.2644474 -9999.000 -9999.000 -9999.000 -9999.000 -9999.000 -9999.000 -9999.000 -9999.000 -9999.000 -9999.000 -9999.000 -9999.000 -9999.000 -9999.000 -9999.000 -9999.000 -9999.000 -9999.000 -9999.000 -9999.000 -9999.000 -9999.000 -9999.000 -9999.000 -9999.000 -9999.000 -9999.000 -9999.000
-9999.000 -9999.000 -9999.000 -9999.000 -9999.000 -9999.000 -9999.000 -9999.000 -9999.000 -9999.000 -9999.000 -9999.000 -9999.000 -9999.000 -9999.000 -0.1739648 -0.1638848 -0.1660098 -0.1695741 -0.1737438 -0.1785145 -0.1840934 -0.1908120 -0.1991067 -0.2095167 -0.2227050 -0.2395021 -0.2609600 -0.2869788 -0.2806545 -0.2806545 -9999.000 -9999.000 -9999.000 -9999.000 -9999.000 -9999.000 -9999.000 -9999.000 -9999.000 -9999.000 -9999.000 -9999.000 -9999.000 -9999.000 -9999.000 -9999.000 -9999.000 -9999.000 -9999.000 -9999.000 -9999.000 -9999.000 -9999.000 -9999.000 -9999.000 -9999.000 -9999.000 -9999.000
-9999.000 -9999.000 -9999.000 -9999.000 -9999.000 -9999.000 -9999.000 -9999.000 -9999.000 -9999.000 -9999.000 -9999.000 -9999.000 -9999.000 -9999.000 -0.1628536 -0.1523389 -0.1549645 -0.1592211 -0.1642091 -0.1699394 -0.1766676 -0.1848017 -0.1948793 -0.2075710 -0.2237095 -0.2443510 -0.2708605 -0.3033991 -0.3007619 -0.3007619 -9999.000 -9999.000 -9999.000 -9999.000 -9999.000 -9999.000 -9999.000 -9999.000 -9999.000 -9999.000 -9999.000 -9999.000 -9999.000 -9999.000 -9999.000 -9999.000 -9999.000 -9999.000 -9999.000 -9999.000 -9999.000 -9999.000 -9999.000 -9999.000 -9999.000 -9999.000 -9999.000 -9999.000
-9999.000 -9999.000 -9999.000 -9999.000 -9999.000 -9999.000 -9999.000 -9999.000 -9999.000 -9999.000 -9999.000 -9999.000 -9999.000 -9999.000 -9999.000 -0.1503076 -0.1398405 -0.1430329 -0.1480046 -0.1538278 -0.1605388 -0.1684518 -0.1780654 -0.1900404 -0.2052094 -0.2246205 -0.2496277 -0.2820272 -0.3224694 -0.3258222 -0.3258222 -9999.000 -9999.000 -9999.000 -9999.000 -9999.000 -9999.000 -9999.000 -9999.000 -9999.000 -9999.000 -9999.000 -9999.000 -9999.000 -9999.000 -9999.000 -9999.000 -9999.000 -9999.000 -9999.000 -9999.000 -9999.000 -9999.000 -9999.000 -9999.000 -9999.000 -9999.000 -9999.000 -9999.000
-9999.000 -9999.000 -9999.000 -9999.000 -9999.000 -9999.000 -9999.000 -9999.000 -9999.000 -9999.000 -9999.000 -9999.000 -9999.000 -9999.000 -9999.000 -0.1361149 -0.1262846 -0.1301156 -0.1358137 -0.1424709 -0.1501613 -0.1592695 -0.1704021 -0.1843691 -0.2022035 -0.2252301 -0.2552004 -0.2945164 -0.3446823 -0.3574442 -0.3574442 -9999.000 -9999.000 -9999.000 -9999.000 -9999.000 -9999.000 -9999.000 -9999.000 -9999.000 -9999.000 -9999.000 -9999.000 -9999.000 -9999.000 -9999.000 -9999.000 -9999.000 -9999.000 -9999.000 -9999.000 -9999.000 -9999.000 -9999.000 -9999.000 -9999.000 -9999.000 -9999.000 -9999.000
-9999.000 -9999.000 -9999.000 -9999.000 -9999.000 -9999.000 -9999.000 -9999.000 -9999.000 -9999.000 -9999.000 -9999.000 -9999.000 -9999.000 -9999.000 -0.1200221 -0.1115227 -0.1160667 -0.1224878 -0.1299557 -0.1385950 -0.1488750 -0.1615299 -0.1775497 -0.1982164 -0.2252109 -0.2608216 -0.3083173 -0.3706471 -0.3982020 -0.3982020 -9999.000 -9999.000 -9999.000 -9999.000 -9999.000 -9999.000 -9999.000 -9999.000 -9999.000 -9999.000 -9999.000 -9999.000 -9999.000 -9999.000 -9999.000 -9999.000 -9999.000 -9999.000 -9999.000 -9999.000 -9999.000 -9999.000 -9999.000 -9999.000 -9999.000 -9999.000 -9999.000 -9999.000
-9999.000 -9999.000 -9999.000 -9999.000 -9999.000 -9999.000 -9999.000 -9999.000 -9999.000 -9999.000 -9999.000 -9999.000 -9999.000 -9999.000 -9999.000 -0.1017242 -0.9534553E-01 -0.1006731 -0.1077938 -0.1160185 -0.1255370 -0.1369161 -0.1510401 -0.1691141 -0.1927273 -0.2240192 -0.2660075 -0.3232227 -0.4010428 -0.4525055 -0.4525055 -9999.000 -9999.000 -9999.000 -9999.000 -9999.000 -9999.000 -9999.000 -9999.000 -9999.000 -9999.000 -9999.000 -9999.000 -9999.000 -9999.000 -9999.000 -9999.000 -9999.000 -9999.000 -9999.000 -9999.000 -9999.000 -9999.000 -9999.000 -9999.000 -9999.000 -9999.000 -9999.000 -9999.000
-9999.000 -9999.000 -9999.000 -9999.000 -9999.000 -9999.000 -9999.000 -9999.000 -9999.000 -9999.000 -9999.000 -9999.000 -9999.000 -9999.000 -9999.000 -0.8077300E-01 -0.7741352E-01 -0.8359322E-01 -0.9137251E-01 -0.1002672 -0.1105434 -0.1228777 -0.1383259 -0.1583446 -0.1848950 -0.2207001 -0.2697675 -0.3384863 -0.4363449 -0.5287155 -0.5287155 -9999.000 -9999.000 -9999.000 -9999.000 -9999.000 -9999.000 -9999.000 -9999.000 -9999.000 -9999.000 -9999.000 -9999.000 -9999.000 -9999.000 -9999.000 -9999.000 -9999.000 -9999.000 -9999.000 -9999.000 -9999.000 -9999.000 -9999.000 -9999.000 -9999.000 -9999.000 -9999.000 -9999.000
-9999.000 -9999.000 -9999.000 -9999.000 -9999.000 -9999.000 -9999.000 -9999.000 -9999.000 -9999.000 -9999.000 -9999.000 -9999.000 -9999.000 -9999.000 -0.5075688E-01 -0.5507519E-01 -0.6340153E-01 -0.7259558E-01 -0.8257277E-01 -0.9376344E-01 -0.1070146 -0.1236031 -0.1452895 -0.1744864 -0.2146539 -0.2711331 -0.3530408 -0.4767358 -0.6445222 -0.6445222 -9999.000 -9999.000 -9999.000 -9999.000 -9999.000 -9999.000 -9999.000 -9999.000 -9999.000 -9999.000 -9999.000 -9999.000 -9999.000 -9999.000 -9999.000 -9999.000 -9999.000 -9999.000 -9999.000 -9999.000 -9999.000 -9999.000 -9999.000 -9999.000 -9999.000 -9999.000 -9999.000 -9999.000
-0.1305623E-02 -0.1305623E-02 -0.4396567E-02 -0.4473263E-02 -0.4444926E-02 -0.4444926E-02 -0.4415073E-02 -0.4351346E-02 -0.4351346E-02 -0.4294235E-02 -0.4294235E-02 -0.4257011E-02 -0.4243924E-02 -0.2059288E-01 -0.3088423E-01 -0.3088423E-01 -0.6446926E-01 -0.7928894E-01 -0.9372248E-01 -0.1077786 -0.1215988 -0.1357181 -0.1512201 -0.1698877 -0.1944179 -0.2287940 -0.2790135 -0.3548014 -0.4730315 -0.7005553 -0.7005553 -0.4401525 -0.2654558 -0.5997886E-01 -0.1406932E-01 -0.1406932E-01 0.2032646E-01 0.2032646E-01 0.2034396E-01 0.2034396E-01 -0.2036665E-01 -0.7878419E-02 -0.7878419E-02 0.6533279E-02 0.6533279E-02 0.1021105E-01 0.1021105E-01 0.1021105E-01 0.8677177E-02 0.8677177E-02 0.6615264E-02 0.6615264E-02 0.6053694E-02 0.6053694E-02 0.3745852E-02 0.3745852E-02 0.2334177E-02 0.2334177E-02 0.2334177E-02
-0.2126092E-02 -0.2126092E-02 -0.6384848E-02 -0.6386633E-02 -0.6309594E-02 -0.6309594E-02 -0.6244157E-02 -0.6137202E-02 -0.6137202E-02 -0.6063850E-02 -0.6063850E-02 -0.6026600E-02 -0.6015887E-02 -0.2849710E-01 -0.5665591E-01 -0.5665591E-01 -0.1008875 -0.1234680 -0.1462579 -0.1685025 -0.1895416 -0.2090512 -0.2272351 -0.2450182 -0.2642562 -0.2879705 -0.3206215 -0.3684423 -0.4388343 -0.5454577 -0.5454577 -0.3618297 -0.2251722 -0.5320404E-01 -0.5206578E-02 -0.5206578E-02 0.4857488E-01 0.4857488E-01 0.6598384E-01 0.6598384E-01 0.6826319E-02 -0.8179253E-02 -0.8179253E-02 0.1664291E-01 0.1664291E-01 0.2241839E-01 0.2241839E-01 0.2241839E-01 0.1871852E-01 0.1871852E-01 0.1429542E-01 0.1429542E-01 0.9768507E-02 0.9768507E-02 0.7878836E-02 0.7878836E-02 0.5542807E-02 0.5542807E-02 0.5542807E-02
-0.1966404E-02 -0.1966404E-02 -0.4846727E-02 -0.5431142E-02 -0.5394429E-02 -0.5394429E-02 -0.5327976E-02 -0.5207343E-02 -0.5207343E-02 -0.5143950E-02 -0.5143950E-02 -0.5127770E-02 -0.5127211E-02 -0.1978115E-01 -0.6710391E-01 -0.6710391E-01 -0.1134520 -0.1408836 -0.1702605 -0.2003911 -0.2301636 -0.2586807 -0.2853891 -0.3102195 -0.3337310 -0.3572620 -0.3830616 -0.4142677 -0.4537880 -0.5024539 -0.5024539 -0.3923993 -0.2890254 -0.1248505 -0.5980826E-01 -0.5980826E-01 0.4912325E-01 0.4912325E-01 0.1214771 0.1214771 0.9457198E-01 0.2063332E-01 0.2063332E-01 0.2782113E-01 0.2782113E-01 0.3264823E-01 0.3264823E-01 0.3264823E-01 0.2730341E-01 0.2730341E-01 0.2061025E-01 0.2061025E-01 0.1168923E-01 0.1168923E-01 0.9947951E-02 0.9947951E-02 0.7267928E-02 0.7267928E-02 0.7267928E-02
-0.1702161E-02 -0.1702161E-02 -0.3592402E-02 -0.4366532E-02 -0.4368258E-02 -0.4368258E-02 -0.4310459E-02 -0.4185617E-02 -0.4185617E-02 -0.4122533E-02 -0.4122533E-02 -0.4109237E-02 -0.4109367E-02 -0.1369576E-01 -0.6803345E-01 -0.6803345E-01 -0.1183051 -0.1485635 -0.1819676 -0.2172270 -0.2531236 -0.2885693 -0.3226651 -0.3547884 -0.3846841 -0.4125358 -0.4389749 -0.4648503 -0.4900340 -0.5113209 -0.5113209 -0.4384161 -0.3556576 -0.1956392 -0.1171841 -0.1171841 0.3603747E-01 0.3603747E-01 0.1534508 0.1534508 0.1635937 0.8200530E-01 0.8200530E-01 0.4646265E-01 0.4646265E-01 0.3860848E-01 0.3860848E-01 0.3860848E-01 0.3102459E-01 0.3102459E-01 0.2225268E-01 0.2225268E-01 0.1198980E-01 0.1198980E-01 0.7900936E-02 0.7900936E-02 0.5040532E-02 0.5040532E-02 0.5040532E-02
-0.1350679E-02 -0.1350679E-02 -0.2555524E-02 -0.3270900E-02 -0.3297959E-02 -0.3297959E-02 -0.3257590E-02 -0.3151186E-02 -0.3151186E-02 -0.3097030E-02 -0.3097030E-02 -0.3086533E-02 -0.3086650E-02 -0.9327288E-02 -0.6293374E-01 -0.6293374E-01 -0.1210452 -0.1536867 -0.1901762 -0.2291260 -0.2692913 -0.3095675 -0.3489718 -0.3866729 -0.4220261 -0.4545920 -0.4840799 -0.5099834 -0.5302243 -0.5397258 -0.5397258 -0.4865993 -0.4155893 -0.2510951 -0.1593687 -0.1593687 0.2407014E-01 0.2407014E-01 0.1628423 0.1628423 0.1949304 0.1477045 0.1477045 0.7879682E-01 0.7879682E-01 0.4464980E-01 0.4464980E-01 0.4464980E-01 0.3187343E-01 0.3187343E-01 0.2047238E-01 0.2047238E-01 0.9150601E-02 0.9150601E-02 0.3321571E-02 0.3321571E-02 0.5406296E-03 0.5406296E-03 0.5406296E-03
-0.9343555E-03 -0.9343555E-03 -0.1649802E-02 -0.2171945E-02 -0.2204199E-02 -0.2204199E-02 -0.2181174E-02 -0.2106512E-02 -0.2106512E-02 -0.2067766E-02 -0.2067766E-02 -0.2060624E-02 -0.2060672E-02 -0.6094540E-02 -0.5108877E-01 -0.5108877E-01 -0.1232041 -0.1584696 -0.1980682 -0.2404050 -0.2841550 -0.3281977 -0.3715389 -0.4133061 -0.4527383 -0.4891605 -0.5218804 -0.5496858 -0.5690926 -0.5734382 -0.5734382 -0.5284881 -0.4610601 -0.2810864 -0.1772302 -0.1772302 0.1805121E-01 0.1805121E-01 0.1565589 0.1565589 0.1965123 0.1901560 0.1901560 0.1173602 0.1173602 0.5337105E-01 0.5337105E-01 0.5337105E-01 0.3225686E-01 0.3225686E-01 0.1702083E-01 0.1702083E-01 0.4433078E-02 0.4433078E-02 -0.2508454E-02 -0.2508454E-02 -0.4972723E-02 -0.4972723E-02 -0.4972723E-02
-0.4769657E-03 -0.4769657E-03 -0.8114636E-03 -0.1081941E-02 -0.1102590E-02 -0.1102590E-02 -0.1092708E-02 -0.1054952E-02 -0.1054952E-02 -0.1035088E-02 -0.1035088E-02 -0.1031422E-02 -0.1031386E-02 -0.3623479E-02 -0.3651595E-01 -0.3651595E-01 -0.1248136 -0.1636425 -0.2068830 -0.2528714 -0.3002267 -0.3477897 -0.3945259 -0.4395419 -0.4820719 -0.5214269 -0.5568523 -0.5867656 -0.6059905 -0.6052914 -0.6052914 -0.5589672 -0.4853710 -0.2818249 -0.1720955 -0.1720955 0.1488375E-01 0.1488375E-01 0.1403995 0.1403995 0.1806010 0.2023434 0.2023434 0.1497357 0.1497357 0.6555934E-01 0.6555934E-01 0.6555934E-01 0.3404998E-01 0.3404998E-01 0.1349952E-01 0.1349952E-01 -0.9431251E-03 -0.9431251E-03 -0.8646777E-02 -0.8646777E-02 -0.1059810E-01 -0.1059810E-01 -0.1059810E-01
0.2943224E-07 0.2943224E-07 0.7679698E-07 0.1257980E-06 0.9021050E-07 0.9021050E-07 0.6092141E-07 0.2714081E-07 0.2714081E-07 -0.9582771E-07 -0.9582771E-07 -0.3773729E-07 -0.2007308E-07 -0.1658580E-02 -0.2462111E-01 -0.2462111E-01 -0.1258074 -0.1698357 -0.2174813 -0.2676107 -0.3189094 -0.3701563 -0.4202546 -0.4682676 -0.5134323 -0.5551153 -0.5926459 -0.6240073 -0.6408341 -0.6302327 -0.6302327 -0.5723606 -0.4823737 -0.2590451 -0.1537957 -0.1537957 0.1051357E-01 0.1051357E-01 0.1189024 0.1189024 0.1562462 0.1920432 0.1920432 0.1660097 0.1660097 0.7897143E-01 0.7897143E-01 0.7897143E-01 0.3786907E-01 0.3786907E-01 0.1114961E-01 0.1114961E-01 -0.5814986E-02 -0.5814986E-02 -0.1422262E-01 -0.1422262E-01 -0.1555608E-01 -0.1555608E-01 -0.1555608E-01
0.4770261E-03 0.4770261E-03 0.8115459E-03 0.1082217E-02 0.1102815E-02 0.1102815E-02 0.1092844E-02 0.1054934E-02 0.1054934E-02 0.1034935E-02 0.1034935E-02 0.1031319E-02 0.1031267E-02 -0.2566133E-04 -0.1554290E-01 -0.1554290E-01 -0.1264724 -0.1779006 -0.2311105 -0.2860980 -0.3417820 -0.3969472 -0.4504913 -0.5014601 -0.5490823 -0.5927566 -0.6318642 -0.6633132 -0.6724473 -0.6425443 -0.6425443 -0.5614071 -0.4506332 -0.2256981 -0.1330786 -0.1330786 0.4057038E-02 0.4057038E-02 0.9579348E-01 0.9579348E-01 0.1291216 0.1693951 0.1693951 0.1643848 0.1643848 0.8941308E-01 0.8941308E-01 0.8941308E-01 0.4274441E-01 0.4274441E-01 0.1050940E-01 0.1050940E-01 -0.9238545E-02 -0.9238545E-02 -0.1837892E-01 -0.1837892E-01 -0.1911028E-01 -0.1911028E-01 -0.1911028E-01
0.9344477E-03 0.9344477E-03 0.1649845E-02 0.2172144E-02 0.2204442E-02 0.2204442E-02 0.2181354E-02 0.2106636E-02 0.2106636E-02 0.2067784E-02 0.2067784E-02 0.2060525E-02 0.2060539E-02 0.1390807E-02 -0.8839711E-02 -0.8839711E-02 -0.1267989 -0.1887127 -0.2495712 -0.3105101 -0.3710326 -0.4302355 -0.4871740 -0.5409575 -0.5908268 -0.6361986 -0.6764106 -0.7055657 -0.6957561 -0.6341213 -0.6341213 -0.5235901 -0.3997323 -0.1926456 -0.1145602 -0.1145602 -0.2635705E-02 -0.2635705E-02 0.7372341E-01 0.7372341E-01 0.1024300 0.1414632 0.1414632 0.1489974 0.1489974 0.9308810E-01 0.9308810E-01 0.9308810E-01 0.4659849E-01 0.4659849E-01 0.1127986E-01 0.1127986E-01 -0.1063666E-01 -0.1063666E-01 -0.2036894E-01 -0.2036894E-01 -0.2062066E-01 -0.2062066E-01 -0.2062066E-01
0.1350695E-02 0.1350695E-02 0.2555631E-02 0.3270841E-02 0.3298058E-02 0.3298058E-02 0.3257786E-02 0.3151305E-02 0.3151305E-02 0.3097026E-02 0.3097026E-02 0.3086341E-02 0.3086565E-02 0.2666943E-02 -0.3922580E-02 -0.3922580E-02 -0.1295203 -0.2044907 -0.2754864 -0.3436937 -0.4094962 -0.4726735 -0.5327041 -0.5889208 -0.6406490 -0.6873293 -0.7280145 -0.7489020 -0.6992598 -0.6003792 -0.6003792 -0.4671900 -0.3436064 -0.1632250 -0.9940588E-01 -0.9940588E-01 -0.7491089E-02 -0.7491089E-02 0.5417762E-01 0.5417762E-01 0.7778601E-01 0.1122359 0.1122359 0.1253041 0.1253041 0.8833513E-01 0.8833513E-01 0.8833513E-01 0.4727613E-01 0.4727613E-01 0.1254289E-01 0.1254289E-01 -0.9885024E-02 -0.9885024E-02 -0.1969685E-01 -0.1969685E-01 -0.1963117E-01 -0.1963117E-01 -0.1963117E-01
