simulation_files/asc/Velocity____203.0.asc
NCOLS        79
NROWS        79
XLLCENTER         -1.500000
YLLCENTER         -4.800000
CELLSIZE           0.100
NODATA_VALUE     -9999.0
[rows 0 to 26 of 79, columns 0 to 59 of 79]
-9999.000 -9999.000 -9999.000 -9999.000 -9999.000 -9999.000 -9999.000 -9999.000 -9999.000 -9999.000 -9999.000 -9999.000 -9999.000 -9999.000 -9999.000 0.8836943E-01 0.8486929E-01 0.8317056E-01 0.8235573E-01 0.8296297E-01 0.8442532E-01 0.8602869E-01 0.8743350E-01 0.8850767E-01 0.8914803E-01 0.8948265E-01 0.8960542E-01 0.8971146E-01 0.9037036E-01 0.9130152E-01 0.9130152E-01 -9999.000 -9999.000 -9999.000 -9999.000 -9999.000 -9999.000 -9999.000 -9999.000 -9999.000 -9999.000 -9999.000 -9999.000 -9999.000 -9999.000 -9999.000 -9999.000 -9999.000 -9999.000 -9999.000 -9999.000 -9999.000 -9999.000 -9999.000 -9999.000 -9999.000 -9999.000 -9999.000 -9999.000 -9999.000
-9999.000 -9999.000 -9999.000 -9999.000 -9999.000 -9999.000 -9999.000 -9999.000 -9999.000 -9999.000 -9999.000 -9999.000 -9999.000 -9999.000 -9999.000 0.9014592E-01 0.8270963E-01 0.7923203E-01 0.7764282E-01 0.7887230E-01 0.8172873E-01 0.8486113E-01 0.8767691E-01 0.8995300E-01 0.9146132E-01 0.9242769E-01 0.9301510E-01 0.9361998E-01 0.9547105E-01 0.9812108E-01 0.9812108E-01 -9999.000 -9999.000 -9999.000 -9999.000 -9999.000 -9999.000 -9999.000 -9999.000 -9999.000 -9999.000 -9999.000 -9999.000 -9999.000 -9999.000 -9999.000 -9999.000 -9999.000 -9999.000 -9999.000 -9999.000 -9999.000 -9999.000 -9999.000 -9999.000 -9999.000 -9999.000 -9999.000 -9999.000 -9999.000
-9999.000 -9999.000 -9999.000 -9999.000 -9999.000 -9999.000 -9999.000 -9999.000 -9999.000 -9999.000 -9999.000 -9999.000 -9999.000 -9999.000 -9999.000 0.9125981E-01 0.7948665E-01 0.7390568E-01 0.7134556E-01 0.7321491E-01 0.7760160E-01 0.8245355E-01 0.8693083E-01 0.9073626E-01 0.9350701E-01 0.9556752E-01 0.9712235E-01 0.9874599E-01 0.1023514 0.1075310 0.1075310 -9999.000 -9999.000 -9999.000 -9999.000 -9999.000 -9999.000 -9999.000 -9999.000 -9999.000 -9999.000 -9999.000 -9999.000 -9999.000 -9999.000 -9999.000 -9999.000 -9999.000 -9999.000 -9999.000 -9999.000 -9999.000 -9999.000 -9999.000 -9999.000 -9999.000 -9999.000 -9999.000 -9999.000 -9999.000
-9999.000 -9999.000 -9999.000 -9999.000 -9999.000 -9999.000 -9999.000 -9999.000 -9999.000 -9999.000 -9999.000 -9999.000 -9999.000 -9999.000 -9999.000 0.9195638E-01 0.7581275E-01 0.6811035E-01 0.6459302E-01 0.6714208E-01 0.7306916E-01 0.7963893E-01 0.8580241E-01 0.9120555E-01 0.9534739E-01 0.9864838E-01 0.1013356 0.1041476 0.1096976 0.1179037 0.1179037 -9999.000 -9999.000 -9999.000 -9999.000 -9999.000 -9999.000 -9999.000 -9999.000 -9999.000 -9999.000 -9999.000 -9999.000 -9999.000 -9999.000 -9999.000 -9999.000 -9999.000 -9999.000 -9999.000 -9999.000 -9999.000 -9999.000 -9999.000 -9999.000 -9999.000 -9999.000 -9999.000 -9999.000 -9999.000
-9999.000 -9999.000 -9999.000 -9999.000 -9999.000 -9999.000 -9999.000 -9999.000 -9999.000 -9999.000 -9999.000 -9999.000 -9999.000 -9999.000 -9999.000 0.9243153E-01 0.7184099E-01 0.6200388E-01 0.5757920E-01 0.6089000E-01 0.6838175E-01 0.7666256E-01 0.8451737E-01 0.9155129E-01 0.9711727E-01 0.1017355 0.1056412 0.1097374 0.1173720 0.1291080 0.1291080 -9999.000 -9999.000 -9999.000 -9999.000 -9999.000 -9999.000 -9999.000 -9999.000 -9999.000 -9999.000 -9999.000 -9999.000 -9999.000 -9999.000 -9999.000 -9999.000 -9999.000 -9999.000 -9999.000 -9999.000 -9999.000 -9999.000 -9999.000 -9999.000 -9999.000 -9999.000 -9999.000 -9999.000 -9999.000
-9999.000 -9999.000 -9999.000 -9999.000 -9999.000 -9999.000 -9999.000 -9999.000 -9999.000 -9999.000 -9999.000 -9999.000 -9999.000 -9999.000 -9999.000 0.9273020E-01 0.6761417E-01 0.5564886E-01 0.5042224E-01 0.5462312E-01 0.6370037E-01 0.7366775E-01 0.8320015E-01 0.9187564E-01 0.9888905E-01 0.1048670 0.1100410 0.1154841 0.1253292 0.1411659 0.1411659 -9999.000 -9999.000 -9999.000 -9999.000 -9999.000 -9999.000 -9999.000 -9999.000 -9999.000 -9999.000 -9999.000 -9999.000 -9999.000 -9999.000 -9999.000 -9999.000 -9999.000 -9999.000 -9999.000 -9999.000 -9999.000 -9999.000 -9999.000 -9999.000 -9999.000 -9999.000 -9999.000 -9999.000 -9999.000
-9999.000 -9999.000 -9999.000 -9999.000 -9999.000 -9999.000 -9999.000 -9999.000 -9999.000 -9999.000 -9999.000 -9999.000 -9999.000 -9999.000 -9999.000 0.9283303E-01 0.6312772E-01 0.4906925E-01 0.4323051E-01 0.4849472E-01 0.5914851E-01 0.7074660E-01 0.8192234E-01 0.9223388E-01 0.1006997 0.1080628 0.1145371 0.1213763 0.1335618 0.1541836 0.1541836 -9999.000 -9999.000 -9999.000 -9999.000 -9999.000 -9999.000 -9999.000 -9999.000 -9999.000 -9999.000 -9999.000 -9999.000 -9999.000 -9999.000 -9999.000 -9999.000 -9999.000 -9999.000 -9999.000 -9999.000 -9999.000 -9999.000 -9999.000 -9999.000 -9999.000 -9999.000 -9999.000 -9999.000 -9999.000
-9999.000 -9999.000 -9999.000 -9999.000 -9999.000 -9999.000 -9999.000 -9999.000 -9999.000 -9999.000 -9999.000 -9999.000 -9999.000 -9999.000 -9999.000 0.9268887E-01 0.5835561E-01 0.4228286E-01 0.3617021E-01 0.4270660E-01 0.5485236E-01 0.6797439E-01 0.8073356E-01 0.9266087E-01 0.1025711 0.1113345 0.1191315 0.1274108 0.1420799 0.1683284 0.1683284 -9999.000 -9999.000 -9999.000 -9999.000 -9999.000 -9999.000 -9999.000 -9999.000 -9999.000 -9999.000 -9999.000 -9999.000 -9999.000 -9999.000 -9999.000 -9999.000 -9999.000 -9999.000 -9999.000 -9999.000 -9999.000 -9999.000 -9999.000 -9999.000 -9999.000 -9999.000 -9999.000 -9999.000 -9999.000
-9999.000 -9999.000 -9999.000 -9999.000 -9999.000 -9999.000 -9999.000 -9999.000 -9999.000 -9999.000 -9999.000 -9999.000 -9999.000 -9999.000 -9999.000 0.9222720E-01 0.5326236E-01 0.3533172E-01 0.2957508E-01 0.3757036E-01 0.5096577E-01 0.6542825E-01 0.7967903E-01 0.9318552E-01 0.1045204 0.1146909 0.1238262 0.1335871 0.1509022 0.1838281 0.1838281 -9999.000 -9999.000 -9999.000 -9999.000 -9999.000 -9999.000 -9999.000 -9999.000 -9999.000 -9999.000 -9999.000 -9999.000 -9999.000 -9999.000 -9999.000 -9999.000 -9999.000 -9999.000 -9999.000 -9999.000 -9999.000 -9999.000 -9999.000 -9999.000 -9999.000 -9999.000 -9999.000 -9999.000 -9999.000
-9999.000 -9999.000 -9999.000 -9999.000 -9999.000 -9999.000 -9999.000 -9999.000 -9999.000 -9999.000 -9999.000 -9999.000 -9999.000 -9999.000 -9999.000 0.9136312E-01 0.4780515E-01 0.2833525E-01 0.2416838E-01 0.3357352E-01 0.4768871E-01 0.6319932E-01 0.7880858E-01 0.9383886E-01 0.1065647 0.1181417 0.1286233 0.1399065 0.1600523 0.2009837 0.2009837 -9999.000 -9999.000 -9999.000 -9999.000 -9999.000 -9999.000 -9999.000 -9999.000 -9999.000 -9999.000 -9999.000 -9999.000 -9999.000 -9999.000 -9999.000 -9999.000 -9999.000 -9999.000 -9999.000 -9999.000 -9999.000 -9999.000 -9999.000 -9999.000 -9999.000 -9999.000 -9999.000 -9999.000 -9999.000
-9999.000 -9999.000 -9999.000 -9999.000 -9999.000 -9999.000 -9999.000 -9999.000 -9999.000 -9999.000 -9999.000 -9999.000 -9999.000 -9999.000 -9999.000 0.8999650E-01 0.4194063E-01 0.2164691E-01 0.2135080E-01 0.3138844E-01 0.4527707E-01 0.6140120E-01 0.7818465E-01 0.9465989E-01 0.1087271 0.1217006 0.1335274 0.1463714 0.1695583 0.2201954 0.2201954 -9999.000 -9999.000 -9999.000 -9999.000 -9999.000 -9999.000 -9999.000 -9999.000 -9999.000 -9999.000 -9999.000 -9999.000 -9999.000 -9999.000 -9999.000 -9999.000 -9999.000 -9999.000 -9999.000 -9999.000 -9999.000 -9999.000 -9999.000 -9999.000 -9999.000 -9999.000 -9999.000 -9999.000 -9999.000
-9999.000 -9999.000 -9999.000 -9999.000 -9999.000 -9999.000 -9999.000 -9999.000 -9999.000 -9999.000 -9999.000 -9999.000 -9999.000 -9999.000 -9999.000 0.8800540E-01 0.3563150E-01 0.1636102E-01 0.2269805E-01 0.3170535E-01 0.4405444E-01 0.6019542E-01 0.7790253E-01 0.9571052E-01 0.1110469 0.1253922 0.1385507 0.1529885 0.1794537 0.2420042 0.2420042 -9999.000 -9999.000 -9999.000 -9999.000 -9999.000 -9999.000 -9999.000 -9999.000 -9999.000 -9999.000 -9999.000 -9999.000 -9999.000 -9999.000 -9999.000 -9999.000 -9999.000 -9999.000 -9999.000 -9999.000 -9999.000 -9999.000 -9999.000 -9999.000 -9999.000 -9999.000 -9999.000 -9999.000 -9999.000
-9999.000 -9999.000 -9999.000 -9999.000 -9999.000 -9999.000 -9999.000 -9999.000 -9999.000 -9999.000 -9999.000 -9999.000 -9999.000 -9999.000 -9999.000 0.8518937E-01 0.2886753E-01 0.1538681E-01 0.2847257E-01 0.3512871E-01 0.4462232E-01 0.5998568E-01 0.7823495E-01 0.9718095E-01 0.1136566 0.1293092 0.1437524 0.1597962 0.1897945 0.2671706 0.2671706 -9999.000 -9999.000 -9999.000 -9999.000 -9999.000 -9999.000 -9999.000 -9999.000 -9999.000 -9999.000 -9999.000 -9999.000 -9999.000 -9999.000 -9999.000 -9999.000 -9999.000 -9999.000 -9999.000 -9999.000 -9999.000 -9999.000 -9999.000 -9999.000 -9999.000 -9999.000 -9999.000 -9999.000 -9999.000
-9999.000 -9999.000 -9999.000 -9999.000 -9999.000 -9999.000 -9999.000 -9999.000 -9999.000 -9999.000 -9999.000 -9999.000 -9999.000 -9999.000 -9999.000 0.7980752E-01 0.2294038E-01 0.2772225E-01 0.4440204E-01 0.4876897E-01 0.5415688E-01 0.6643118E-01 0.8327181E-01 0.1019685 0.1186291 0.1349186 0.1501491 0.1674782 0.2010471 0.2970737 0.2970737 -9999.000 -9999.000 -9999.000 -9999.000 -9999.000 -9999.000 -9999.000 -9999.000 -9999.000 -9999.000 -9999.000 -9999.000 -9999.000 -9999.000 -9999.000 -9999.000 -9999.000 -9999.000 -9999.000 -9999.000 -9999.000 -9999.000 -9999.000 -9999.000 -9999.000 -9999.000 -9999.000 -9999.000 -9999.000
-9999.000 -9999.000 -9999.000 -9999.000 -9999.000 -9999.000 -9999.000 -9999.000 -9999.000 -9999.000 -9999.000 -9999.000 -9999.000 -9999.000 -9999.000 0.1207953 0.1877585 0.2249804 0.2203290 0.1880728 0.1614931 0.1431727 0.1340976 0.1341875 0.1391714 0.1487641 0.1604706 0.1767230 0.2129892 0.3311861 0.3311861 -9999.000 -9999.000 -9999.000 -9999.000 -9999.000 -9999.000 -9999.000 -9999.000 -9999.000 -9999.000 -9999.000 -9999.000 -9999.000 -9999.000 -9999.000 -9999.000 -9999.000 -9999.000 -9999.000 -9999.000 -9999.000 -9999.000 -9999.000 -9999.000 -9999.000 -9999.000 -9999.000 -9999.000 -9999.000
2.942046 2.942046 2.919253 2.955302 2.971305 2.971305 2.973311 2.972532 2.972532 2.968859 2.968859 2.963040 2.959507 2.955634 2.951625 2.951625 3.119294 3.124704 3.126319 3.126371 3.100389 3.049015 2.973776 2.874642 2.749527 2.605517 2.443603 2.271734 2.113064 2.041303 2.041303 2.849945 3.027171 3.139168 3.169306 3.169306 3.215157 3.215157 3.222226 3.222226 3.195181 3.057089 3.057089 2.787153 2.787153 2.317857 2.317857 2.317857 2.257303 2.257303 2.267918 2.267918 2.309089 2.309089 2.358708 2.358708 2.406596 2.406596 2.406596 2.447639
2.966314 2.966314 2.950457 3.010773 3.034582 3.034582 3.048770 3.071467 3.071467 3.090842 3.090842 3.107853 3.115663 3.123085 3.130312 3.130312 3.252273 3.273282 3.289784 3.304580 3.312813 3.314309 3.307891 3.291028 3.260010 3.213823 3.150044 3.068576 2.974713 2.892297 2.892297 3.304308 3.458981 3.614367 3.658686 3.658686 3.714269 3.714269 3.730176 3.730176 3.718900 3.644399 3.644399 3.487692 3.487692 3.163275 3.163275 3.163275 3.093803 3.093803 3.104911 3.104911 3.147941 3.147941 3.199674 3.199674 3.249891 3.249891 3.249891 3.294272
2.971560 2.971560 2.951874 3.012401 3.034389 3.034389 3.049189 3.072787 3.072787 3.092840 3.092840 3.110581 3.118793 3.126639 3.134340 3.134340 3.241228 3.275445 3.304460 3.330169 3.350935 3.366719 3.377659 3.383264 3.381958 3.372910 3.354295 3.324802 3.286059 3.251773 3.251773 3.476801 3.622554 3.798038 3.851894 3.851894 3.913996 3.913996 3.918380 3.918380 3.898252 3.814147 3.814147 3.691078 3.691078 3.446155 3.446155 3.446155 3.368207 3.368207 3.364569 3.364569 3.397405 3.397405 3.442376 3.442376 3.487915 3.487915 3.487915 3.528915
2.974645 2.974645 2.950341 3.012808 3.033584 3.033584 3.048728 3.072774 3.072774 3.092910 3.092910 3.110665 3.118883 3.126739 3.134493 3.134493 3.231300 3.276131 3.316643 3.352805 3.383463 3.408314 3.427576 3.441473 3.449761 3.452538 3.449425 3.440019 3.425364 3.413855 3.413855 3.549926 3.676330 3.855344 3.913783 3.913783 3.973109 3.973109 3.953626 3.953626 3.919231 3.829540 3.829540 3.743989 3.743989 3.575534 3.575534 3.575534 3.497795 3.497795 3.479429 3.479429 3.500449 3.500449 3.538477 3.538477 3.579989 3.579989 3.579989 3.618294
2.974440 2.974440 2.953792 3.012998 3.032998 3.032998 3.048354 3.072740 3.072740 3.092925 3.092925 3.110675 3.118888 3.126740 3.134559 3.134559 3.226455 3.280044 3.330742 3.376642 3.416492 3.449760 3.476465 3.496859 3.511096 3.519575 3.522623 3.520602 3.514757 3.510934 3.510934 3.595602 3.698813 3.866527 3.920939 3.920939 3.955498 3.955498 3.899241 3.899241 3.854746 3.782141 3.782141 3.742324 3.742324 3.647869 3.647869 3.647869 3.580312 3.580312 3.550485 3.550485 3.557774 3.557774 3.586437 3.586437 3.622241 3.622241 3.622241 3.656739
2.972760 2.972760 2.957891 3.012689 3.032280 3.032280 3.047866 3.072635 3.072635 3.092906 3.092906 3.110658 3.118868 3.126717 3.134632 3.134632 3.227746 3.289169 3.348792 3.403419 3.451550 3.492517 3.526191 3.552736 3.572380 3.585531 3.592679 3.594448 3.592098 3.589882 3.589882 3.641116 3.719477 3.859137 3.895932 3.895932 3.875542 3.875542 3.785453 3.785453 3.747142 3.716283 3.716283 3.721474 3.721474 3.690527 3.690527 3.690527 3.641319 3.641319 3.606861 3.606861 3.601407 3.601407 3.618663 3.618663 3.646482 3.646482 3.646482 3.675304
2.972668 2.972668 2.960104 3.012621 3.031955 3.031955 3.047644 3.072606 3.072606 3.092918 3.092918 3.110669 3.118877 3.126724 3.134779 3.134779 3.236052 3.305127 3.372700 3.434945 3.490239 3.537900 3.577756 3.609917 3.634601 3.652163 3.663062 3.667912 3.667783 3.665621 3.665621 3.694325 3.747693 3.836362 3.834242 3.834242 3.736630 3.736630 3.646117 3.646117 3.632934 3.653591 3.653591 3.694849 3.694849 3.713391 3.713391 3.713391 3.686771 3.686771 3.655593 3.655593 3.641074 3.641074 3.646497 3.646497 3.664383 3.664383 3.664383 3.685515
2.972630 2.972630 2.960863 3.012599 3.031850 3.031850 3.047569 3.072597 3.072597 3.092923 3.092923 3.110673 3.118879 3.126725 3.134983 3.134983 3.252362 3.329490 3.404318 3.473072 3.534278 3.587401 3.632341 3.669233 3.698301 3.719855 3.734279 3.742080 3.744048 3.741869 3.741869 3.754798 3.782175 3.781392 3.714671 3.714671 3.557637 3.557637 3.518500 3.518500 3.537314 3.601092 3.601092 3.667039 3.667039 3.721926 3.721926 3.721926 3.718122 3.718122 3.696670 3.696670 3.678454 3.678454 3.673595 3.673595 3.680534 3.680534 3.680534 3.692197
2.972668 2.972668 2.960104 3.012621 3.031955 3.031955 3.047645 3.072606 3.072606 3.092918 3.092918 3.110669 3.118876 3.126723 3.135265 3.135265 3.278217 3.364143 3.445697 3.519843 3.585592 3.642740 3.691397 3.731810 3.764261 3.789052 3.806509 3.817020 3.821015 3.818554 3.818554 3.817836 3.811749 3.660263 3.523044 3.523044 3.379890 3.379890 3.419554 3.419554 3.463717 3.555538 3.555538 3.637501 3.637501 3.718873 3.718873 3.718873 3.735573 3.735573 3.727522 3.727522 3.711007 3.711007 3.698929 3.698929 3.695108 3.695108 3.695108 3.696103
2.972761 2.972761 2.957891 3.012689 3.032279 3.032279 3.047866 3.072635 3.072635 3.092906 3.092906 3.110658 3.118869 3.126717 3.135658 3.135658 3.315970 3.411532 3.499253 3.577547 3.646283 3.705796 3.756543 3.798975 3.833490 3.860429 3.880097 3.892764 3.898286 3.893408 3.893408 3.872306 3.806905 3.448707 3.286551 3.286551 3.243006 3.243006 3.349104 3.349104 3.407367 3.514626 3.514626 3.606920 3.606920 3.707322 3.707322 3.707322 3.740839 3.740839 3.746944 3.746944 3.736119 3.736119 3.720460 3.720460 3.707146 3.707146 3.707146 3.697011
2.974440 2.974440 2.953792 3.012997 3.032999 3.032999 3.048354 3.072740 3.072740 3.092925 3.092925 3.110675 3.118888 3.126740 3.136246 3.136246 3.369326 3.475077 3.568057 3.648894 3.718720 3.778633 3.829551 3.872212 3.907180 3.934873 3.955606 3.969504 3.974954 3.958863 3.958863 3.887696 3.707282 3.178114 3.073124 3.073124 3.153349 3.153349 3.293324 3.293324 3.357855 3.473471 3.473471 3.572857 3.572857 3.686900 3.686900 3.686900 3.733384 3.733384 3.752338 3.752338 3.749200 3.749200 3.733229 3.733229 3.712517 3.712517 3.712517 3.691796
2.974644 2.974644 2.950341 3.012807 3.033583 3.033583 3.048728 3.072774 3.072774 3.092909 3.092909 3.110666 3.118883 3.126738 3.137036 3.137036 3.444136 3.559704 3.656133 3.737153 3.805572 3.863441 3.912238 3.953028 3.986560 4.013349 4.033734 4.047455 4.047421 3.985688 3.985688 3.787586 3.452406 2.934210 2.933146 2.933146 3.086459 3.086459 3.238186 3.238186 3.305311 3.426064 3.426064 3.530496 3.530496 3.654035 3.654035 3.654035 3.709900 3.709900 3.739183 3.739183 3.743766 3.743766 3.729580 3.729580 3.703747 3.703747 3.703747 3.673820
