simulation_files/asc/Velocity____243.0.asc
NCOLS        79
NROWS        79
XLLCENTER         -1.500000
YLLCENTER         -4.800000
CELLSIZE           0.100
NODATA_VALUE     -9999.0
[rows 0 to 26 of 79, columns 0 to 59 of 79]
-9999.000 -9999.000 -9999.000 -9999.000 -9999.000 -9999.000 -9999.000 -9999.000 -9999.000 -9999.000 -9999.000 -9999.000 -9999.000 -9999.000 -9999.000 0.9072879E-01 0.8766044E-01 0.8646785E-01 0.8634474E-01 0.8733539E-01 0.8868193E-01 0.8997292E-01 0.9105863E-01 0.9182705E-01 0.9230993E-01 0.9256800E-01 0.9268009E-01 0.9284836E-01 0.9366545E-01 0.9465999E-01 0.9465999E-01 -9999.000 -9999.000 -9999.000 -9999.000 -9999.000 -9999.000 -9999.000 -9999.000 -9999.000 -9999.000 -9999.000 -9999.000 -9999.000 -9999.000 -9999.000 -9999.000 -9999.000 -9999.000 -9999.000 -9999.000 -9999.000 -9999.000 -9999.000 -9999.000 -9999.000 -9999.000 -9999.000 -9999.000 -9999.000
-9999.000 -9999.000 -9999.000 -9999.000 -9999.000 -9999.000 -9999.000 -9999.000 -9999.000 -9999.000 -9999.000 -9999.000 -9999.000 -9999.000 -9999.000 0.9123051E-01 0.8483168E-01 0.8241747E-01 0.8220847E-01 0.8421973E-01 0.8692729E-01 0.8955581E-01 0.9183803E-01 0.9354589E-01 0.9472372E-01 0.9547488E-01 0.9595040E-01 0.9658644E-01 0.9868631E-01 0.1014376 0.1014376 -9999.000 -9999.000 -9999.000 -9999.000 -9999.000 -9999.000 -9999.000 -9999.000 -9999.000 -9999.000 -9999.000 -9999.000 -9999.000 -9999.000 -9999.000 -9999.000 -9999.000 -9999.000 -9999.000 -9999.000 -9999.000 -9999.000 -9999.000 -9999.000 -9999.000 -9999.000 -9999.000 -9999.000 -9999.000
-9999.000 -9999.000 -9999.000 -9999.000 -9999.000 -9999.000 -9999.000 -9999.000 -9999.000 -9999.000 -9999.000 -9999.000 -9999.000 -9999.000 -9999.000 0.9074408E-01 0.8071852E-01 0.7684574E-01 0.7647821E-01 0.7960673E-01 0.8384032E-01 0.8801551E-01 0.9176081E-01 0.9473427E-01 0.9699630E-01 0.9868413E-01 0.1000001 0.1016043 0.1055524 0.1108937 0.1108937 -9999.000 -9999.000 -9999.000 -9999.000 -9999.000 -9999.000 -9999.000 -9999.000 -9999.000 -9999.000 -9999.000 -9999.000 -9999.000 -9999.000 -9999.000 -9999.000 -9999.000 -9999.000 -9999.000 -9999.000 -9999.000 -9999.000 -9999.000 -9999.000 -9999.000 -9999.000 -9999.000 -9999.000 -9999.000
-9999.000 -9999.000 -9999.000 -9999.000 -9999.000 -9999.000 -9999.000 -9999.000 -9999.000 -9999.000 -9999.000 -9999.000 -9999.000 -9999.000 -9999.000 0.8973763E-01 0.7609897E-01 0.7075306E-01 0.7024189E-01 0.7451069E-01 0.8028109E-01 0.8602274E-01 0.9128226E-01 0.9561025E-01 0.9908423E-01 0.1018659 0.1041937 0.1069427 0.1129400 0.1213983 0.1213983 -9999.000 -9999.000 -9999.000 -9999.000 -9999.000 -9999.000 -9999.000 -9999.000 -9999.000 -9999.000 -9999.000 -9999.000 -9999.000 -9999.000 -9999.000 -9999.000 -9999.000 -9999.000 -9999.000 -9999.000 -9999.000 -9999.000 -9999.000 -9999.000 -9999.000 -9999.000 -9999.000 -9999.000 -9999.000
-9999.000 -9999.000 -9999.000 -9999.000 -9999.000 -9999.000 -9999.000 -9999.000 -9999.000 -9999.000 -9999.000 -9999.000 -9999.000 -9999.000 -9999.000 0.8843441E-01 0.7115605E-01 0.6433179E-01 0.6371947E-01 0.6917236E-01 0.7649498E-01 0.8381416E-01 0.9061643E-01 0.9634744E-01 0.1011039 0.1050651 0.1084985 0.1124967 0.1206980 0.1328098 0.1328098 -9999.000 -9999.000 -9999.000 -9999.000 -9999.000 -9999.000 -9999.000 -9999.000 -9999.000 -9999.000 -9999.000 -9999.000 -9999.000 -9999.000 -9999.000 -9999.000 -9999.000 -9999.000 -9999.000 -9999.000 -9999.000 -9999.000 -9999.000 -9999.000 -9999.000 -9999.000 -9999.000 -9999.000 -9999.000
-9999.000 -9999.000 -9999.000 -9999.000 -9999.000 -9999.000 -9999.000 -9999.000 -9999.000 -9999.000 -9999.000 -9999.000 -9999.000 -9999.000 -9999.000 0.8690286E-01 0.6595633E-01 0.5767160E-01 0.5704103E-01 0.6374055E-01 0.7262691E-01 0.8152325E-01 0.8988093E-01 0.9704053E-01 0.1031208 0.1083132 0.1129091 0.1182283 0.1287745 0.1451488 0.1451488 -9999.000 -9999.000 -9999.000 -9999.000 -9999.000 -9999.000 -9999.000 -9999.000 -9999.000 -9999.000 -9999.000 -9999.000 -9999.000 -9999.000 -9999.000 -9999.000 -9999.000 -9999.000 -9999.000 -9999.000 -9999.000 -9999.000 -9999.000 -9999.000 -9999.000 -9999.000 -9999.000 -9999.000 -9999.000
-9999.000 -9999.000 -9999.000 -9999.000 -9999.000 -9999.000 -9999.000 -9999.000 -9999.000 -9999.000 -9999.000 -9999.000 -9999.000 -9999.000 -9999.000 0.8514401E-01 0.6051337E-01 0.5082009E-01 0.5030963E-01 0.5832680E-01 0.6877122E-01 0.7922787E-01 0.8914030E-01 0.9773972E-01 0.1051695 0.1116270 0.1174244 0.1241231 0.1371603 0.1585274 0.1585274 -9999.000 -9999.000 -9999.000 -9999.000 -9999.000 -9999.000 -9999.000 -9999.000 -9999.000 -9999.000 -9999.000 -9999.000 -9999.000 -9999.000 -9999.000 -9999.000 -9999.000 -9999.000 -9999.000 -9999.000 -9999.000 -9999.000 -9999.000 -9999.000 -9999.000 -9999.000 -9999.000 -9999.000 -9999.000
-9999.000 -9999.000 -9999.000 -9999.000 -9999.000 -9999.000 -9999.000 -9999.000 -9999.000 -9999.000 -9999.000 -9999.000 -9999.000 -9999.000 -9999.000 0.8312599E-01 0.5481740E-01 0.4382046E-01 0.4365310E-01 0.5304861E-01 0.6500812E-01 0.7698317E-01 0.8843482E-01 0.9847385E-01 0.1072687 0.1150160 0.1220444 0.1301766 0.1458665 0.1731264 0.1731264 -9999.000 -9999.000 -9999.000 -9999.000 -9999.000 -9999.000 -9999.000 -9999.000 -9999.000 -9999.000 -9999.000 -9999.000 -9999.000 -9999.000 -9999.000 -9999.000 -9999.000 -9999.000 -9999.000 -9999.000 -9999.000 -9999.000 -9999.000 -9999.000 -9999.000 -9999.000 -9999.000 -9999.000 -9999.000
-9999.000 -9999.000 -9999.000 -9999.000 -9999.000 -9999.000 -9999.000 -9999.000 -9999.000 -9999.000 -9999.000 -9999.000 -9999.000 -9999.000 -9999.000 0.8079740E-01 0.4884888E-01 0.3674769E-01 0.3728747E-01 0.4806381E-01 0.6142524E-01 0.7484014E-01 0.8779681E-01 0.9926391E-01 0.1094315 0.1184862 0.1267691 0.1363879 0.1549142 0.1891949 0.1891949 -9999.000 -9999.000 -9999.000 -9999.000 -9999.000 -9999.000 -9999.000 -9999.000 -9999.000 -9999.000 -9999.000 -9999.000 -9999.000 -9999.000 -9999.000 -9999.000 -9999.000 -9999.000 -9999.000 -9999.000 -9999.000 -9999.000 -9999.000 -9999.000 -9999.000 -9999.000 -9999.000 -9999.000 -9999.000
-9999.000 -9999.000 -9999.000 -9999.000 -9999.000 -9999.000 -9999.000 -9999.000 -9999.000 -9999.000 -9999.000 -9999.000 -9999.000 -9999.000 -9999.000 0.7809323E-01 0.4258583E-01 0.2977384E-01 0.3161829E-01 0.4360636E-01 0.5813409E-01 0.7285700E-01 0.8726147E-01 0.1001314 0.1116711 0.1220440 0.1315993 0.1427588 0.1643307 0.2070654 0.2070654 -9999.000 -9999.000 -9999.000 -9999.000 -9999.000 -9999.000 -9999.000 -9999.000 -9999.000 -9999.000 -9999.000 -9999.000 -9999.000 -9999.000 -9999.000 -9999.000 -9999.000 -9999.000 -9999.000 -9999.000 -9999.000 -9999.000 -9999.000 -9999.000 -9999.000 -9999.000 -9999.000 -9999.000 -9999.000
-9999.000 -9999.000 -9999.000 -9999.000 -9999.000 -9999.000 -9999.000 -9999.000 -9999.000 -9999.000 -9999.000 -9999.000 -9999.000 -9999.000 -9999.000 0.7493380E-01 0.3601459E-01 0.2333504E-01 0.2739799E-01 0.4002346E-01 0.5528488E-01 0.7110970E-01 0.8687345E-01 0.1011044 0.1140052 0.1256989 0.1365378 0.1492918 0.1741487 0.2271830 0.2271830 -9999.000 -9999.000 -9999.000 -9999.000 -9999.000 -9999.000 -9999.000 -9999.000 -9999.000 -9999.000 -9999.000 -9999.000 -9999.000 -9999.000 -9999.000 -9999.000 -9999.000 -9999.000 -9999.000 -9999.000 -9999.000 -9999.000 -9999.000 -9999.000 -9999.000 -9999.000 -9999.000 -9999.000 -9999.000
-9999.000 -9999.000 -9999.000 -9999.000 -9999.000 -9999.000 -9999.000 -9999.000 -9999.000 -9999.000 -9999.000 -9999.000 -9999.000 -9999.000 -9999.000 0.7122361E-01 0.2915565E-01 0.1856241E-01 0.2577177E-01 0.3779097E-01 0.5308231E-01 0.6970407E-01 0.8669690E-01 0.1022248 0.1164620 0.1294685 0.1415924 0.1559930 0.1844059 0.2501544 0.2501544 -9999.000 -9999.000 -9999.000 -9999.000 -9999.000 -9999.000 -9999.000 -9999.000 -9999.000 -9999.000 -9999.000 -9999.000 -9999.000 -9999.000 -9999.000 -9999.000 -9999.000 -9999.000 -9999.000 -9999.000 -9999.000 -9999.000 -9999.000 -9999.000 -9999.000 -9999.000 -9999.000 -9999.000 -9999.000
-9999.000 -9999.000 -9999.000 -9999.000 -9999.000 -9999.000 -9999.000 -9999.000 -9999.000 -9999.000 -9999.000 -9999.000 -9999.000 -9999.000 -9999.000 0.6682802E-01 0.2215432E-01 0.1776805E-01 0.2781155E-01 0.3754660E-01 0.5187096E-01 0.6884477E-01 0.8686715E-01 0.1035879 0.1191105 0.1334003 0.1467924 0.1628831 0.1951527 0.2768294 0.2768294 -9999.000 -9999.000 -9999.000 -9999.000 -9999.000 -9999.000 -9999.000 -9999.000 -9999.000 -9999.000 -9999.000 -9999.000 -9999.000 -9999.000 -9999.000 -9999.000 -9999.000 -9999.000 -9999.000 -9999.000 -9999.000 -9999.000 -9999.000 -9999.000 -9999.000 -9999.000 -9999.000 -9999.000 -9999.000
-9999.000 -9999.000 -9999.000 -9999.000 -9999.000 -9999.000 -9999.000 -9999.000 -9999.000 -9999.000 -9999.000 -9999.000 -9999.000 -9999.000 -9999.000 0.6078643E-01 0.1698685E-01 0.2601228E-01 0.3724483E-01 0.4335474E-01 0.5496666E-01 0.7096318E-01 0.8913151E-01 0.1064603 0.1228673 0.1381502 0.1525972 0.1702751 0.2066246 0.3085611 0.3085611 -9999.000 -9999.000 -9999.000 -9999.000 -9999.000 -9999.000 -9999.000 -9999.000 -9999.000 -9999.000 -9999.000 -9999.000 -9999.000 -9999.000 -9999.000 -9999.000 -9999.000 -9999.000 -9999.000 -9999.000 -9999.000 -9999.000 -9999.000 -9999.000 -9999.000 -9999.000 -9999.000 -9999.000 -9999.000
-9999.000 -9999.000 -9999.000 -9999.000 -9999.000 -9999.000 -9999.000 -9999.000 -9999.000 -9999.000 -9999.000 -9999.000 -9999.000 -9999.000 -9999.000 0.9567580E-01 0.1470333 0.1720104 0.1634160 0.1405672 0.1269790 0.1202161 0.1210251 0.1269055 0.1363887 0.1478123 0.1604082 0.1780963 0.2181313 0.3446332 0.3446332 -9999.000 -9999.000 -9999.000 -9999.000 -9999.000 -9999.000 -9999.000 -9999.000 -9999.000 -9999.000 -9999.000 -9999.000 -9999.000 -9999.000 -9999.000 -9999.000 -9999.000 -9999.000 -9999.000 -9999.000 -9999.000 -9999.000 -9999.000 -9999.000 -9999.000 -9999.000 -9999.000 -9999.000 -9999.000
2.856429 2.856429 2.869117 2.875607 2.894564 2.894564 2.896926 2.896327 2.896327 2.892414 2.892414 2.886115 2.882295 2.878120 2.873991 2.873991 3.024848 3.029228 3.030391 3.022731 2.987869 2.930308 2.850011 2.744874 2.618496 2.472939 2.311348 2.142788 1.992415 1.935377 1.935377 2.756132 2.930478 3.034319 3.060853 3.060853 3.097376 3.097376 3.085354 3.085354 3.044236 2.870293 2.870293 2.535939 2.535939 2.155075 2.155075 2.155075 2.130566 2.130566 2.158918 2.158918 2.206220 2.206220 2.256518 2.256518 2.302047 2.302047 2.302047 2.338558
2.879153 2.879153 2.900884 2.929827 2.956094 2.956094 2.970517 2.992890 2.992890 3.011471 3.011471 3.027463 3.034719 3.041575 3.048403 3.048403 3.160352 3.179725 3.195474 3.208087 3.213929 3.213196 3.204101 3.183338 3.148911 3.098576 3.030593 2.945542 2.849625 2.770856 2.770856 3.205252 3.358373 3.509785 3.551834 3.551834 3.600976 3.600976 3.605285 3.605285 3.586077 3.488747 3.488747 3.295727 3.295727 2.992292 2.992292 2.992292 2.964483 2.964483 2.994977 2.994977 3.045149 3.045149 3.097984 3.097984 3.146506 3.146506 3.146506 3.187469
2.883624 2.883624 2.903186 2.931393 2.955637 2.955637 2.970842 2.994161 2.994161 3.013386 3.013386 3.030085 3.037733 3.045010 3.052323 3.052323 3.152082 3.184165 3.211844 3.235816 3.254743 3.268965 3.278410 3.281997 3.278780 3.267305 3.245769 3.213178 3.171803 3.137772 3.137772 3.378498 3.525110 3.697701 3.749099 3.749099 3.803185 3.803185 3.795073 3.795073 3.767400 3.671158 3.671158 3.531859 3.531859 3.284904 3.284904 3.284904 3.241288 3.241288 3.258768 3.258768 3.300160 3.300160 3.346864 3.346864 3.390882 3.390882 3.390882 3.428546
2.886235 2.886235 2.902115 2.931695 2.954565 2.954565 2.970287 2.994134 2.994134 3.013417 3.013417 3.030121 3.037781 3.045075 3.052482 3.052482 3.144509 3.187085 3.225813 3.260013 3.288612 3.311595 3.329210 3.341390 3.348172 3.349387 3.344523 3.333228 3.316883 3.305456 3.305456 3.452235 3.581070 3.757681 3.812759 3.812759 3.860331 3.860331 3.827402 3.827402 3.788415 3.698853 3.698853 3.609334 3.609334 3.425284 3.425284 3.425284 3.369824 3.369824 3.372298 3.372298 3.404198 3.404198 3.445559 3.445559 3.486254 3.486254 3.486254 3.521463
2.887038 2.887038 2.905199 2.931536 2.953655 2.953655 2.969872 2.994333 2.994333 3.013718 3.013718 3.030414 3.038064 3.045350 3.052864 3.052864 3.141832 3.193251 3.241853 3.285551 3.323111 3.354177 3.378865 3.397320 3.409841 3.416759 3.418328 3.414911 3.407958 3.404355 3.404355 3.496789 3.603424 3.768612 3.817685 3.817685 3.835431 3.835431 3.769304 3.769304 3.726922 3.665216 3.665216 3.626663 3.626663 3.509938 3.509938 3.509938 3.451584 3.451584 3.439080 3.439080 3.458880 3.458880 3.492925 3.492925 3.529114 3.529114 3.529114 3.561049
2.884257 2.884257 2.910905 2.931660 2.953235 2.953235 2.969685 2.994424 2.994424 3.013785 3.013785 3.030440 3.038083 3.045367 3.053057 3.053057 3.144700 3.204098 3.261487 3.313754 3.359442 3.398004 3.429393 3.453759 3.471405 3.482752 3.488276 3.488622 3.485214 3.483033 3.483033 3.539826 3.621848 3.756793 3.784425 3.784425 3.744895 3.744895 3.657858 3.657858 3.628896 3.613006 3.613006 3.619555 3.619555 3.565253 3.565253 3.565253 3.514534 3.514534 3.491328 3.491328 3.497926 3.497926 3.522259 3.522259 3.551867 3.551867 3.551867 3.578945
2.884027 2.884027 2.913386 2.931481 2.952801 2.952801 2.969430 2.994420 2.994420 3.013805 3.013805 3.030445 3.038086 3.045368 3.053300 3.053300 3.154128 3.221294 3.286571 3.346360 3.399125 3.444268 3.481682 3.511489 3.533957 3.549473 3.558512 3.561721 3.560312 3.557748 3.557748 3.589990 3.646078 3.723042 3.706524 3.706524 3.599232 3.599232 3.531384 3.531384 3.529737 3.561747 3.561747 3.602236 3.602236 3.599532 3.599532 3.599532 3.564603 3.564603 3.537758 3.537758 3.532741 3.532741 3.545881 3.545881 3.566821 3.566821 3.566821 3.587219
2.883961 2.883961 2.914178 2.931423 2.952656 2.952656 2.969342 2.994418 2.994418 3.013811 3.013811 3.030447 3.038086 3.045367 3.053642 3.053642 3.171204 3.246454 3.318949 3.385203 3.443852 3.494419 3.536855 3.571304 3.598025 3.617355 3.629709 3.635632 3.636021 3.632891 3.632891 3.647265 3.674465 3.647352 3.565471 3.565471 3.425728 3.425728 3.418637 3.418637 3.446038 3.515270 3.515270 3.578978 3.578978 3.616364 3.616364 3.616364 3.601290 3.601290 3.578115 3.578115 3.565449 3.565449 3.567444 3.567444 3.578148 3.578148 3.578148 3.590123
2.884027 2.884027 2.913386 2.931482 2.952800 2.952800 2.969430 2.994419 2.994419 3.013805 3.013805 3.030446 3.038085 3.045367 3.054116 3.054116 3.197473 3.281454 3.360640 3.432279 3.495490 3.550111 3.596277 3.634244 3.664310 3.686790 3.702041 3.710483 3.712623 3.708610 3.708610 3.706632 3.693565 3.497468 3.359412 3.359412 3.266216 3.266216 3.333109 3.333109 3.381050 3.473606 3.473606 3.552557 3.552557 3.619869 3.619869 3.619869 3.624793 3.624793 3.610670 3.610670 3.595281 3.595281 3.587698 3.587698 3.587421 3.587421 3.587421 3.589538
2.884257 2.884257 2.910905 2.931661 2.953235 2.953235 2.969685 2.994423 2.994423 3.013785 3.013785 3.030439 3.038083 3.045366 3.054766 3.054766 3.235251 3.328702 3.414012 3.489821 3.556082 3.613152 3.661491 3.701550 3.733725 3.758363 3.775781 3.786273 3.789719 3.782497 3.782497 3.755120 3.668273 3.263585 3.129802 3.129802 3.149549 3.149549 3.268874 3.268874 3.327816 3.433683 3.433683 3.522952 3.522952 3.612226 3.612226 3.612226 3.634834 3.634834 3.632417 3.632417 3.618542 3.618542 3.604088 3.604088 3.593165 3.593165 3.593165 3.584647
2.887038 2.887038 2.905199 2.931537 2.953654 2.953654 2.969872 2.994332 2.994332 3.013717 3.013717 3.030413 3.038065 3.045349 3.055639 3.055639 3.288125 3.391529 3.482051 3.560453 3.627908 3.685507 3.734159 3.774585 3.807334 3.832821 3.851360 3.863070 3.866256 3.846197 3.846197 3.756730 3.533640 2.995746 2.944036 2.944036 3.070942 3.070942 3.214396 3.214396 3.278496 3.392186 3.392186 3.488762 3.488762 3.593830 3.593830 3.593830 3.630684 3.630684 3.640102 3.640102 3.630665 3.630665 3.612288 3.612288 3.591981 3.591981 3.591981 3.572903
2.886235 2.886235 2.902114 2.931695 2.954565 2.954565 2.970286 2.994134 2.994134 3.013417 3.013417 3.030122 3.037782 3.045076 3.056604 3.056604 3.361701 3.474673 3.568629 3.647321 3.713534 3.769283 3.816020 3.854778 3.886285 3.911039 3.929369 3.940943 3.938309 3.867881 3.867881 3.626853 3.240105 2.785044 2.826699 2.826699 3.004616 3.004616 3.157002 3.157002 3.223747 3.342806 3.342806 3.444805 3.444805 3.561041 3.561041 3.561041 3.608583 3.608583 3.628232 3.628232 3.624321 3.624321 3.604435 3.604435 3.576615 3.576615 3.576615 3.547964
