simulation_files/asc/Velocity____321.0.asc
NCOLS        79
NROWS        79
XLLCENTER         -1.500000
YLLCENTER         -4.800000
CELLSIZE           0.100
NODATA_VALUE     -9999.0
[rows 0 to 26 of 79, columns 0 to 59 of 79]
-9999.000 -9999.000 -9999.000 -9999.000 -9999.000 -9999.000 -9999.000 -9999.000 -9999.000 -9999.000 -9999.000 -9999.000 -9999.000 -9999.000 -9999.000 0.9764780E-01 0.9570395E-01 0.9547339E-01 0.9598544E-01 0.9678409E-01 0.9765175E-01 0.9848354E-01 0.9915941E-01 0.9968499E-01 0.1000567 0.1002904 0.1004567 0.1007664 0.1018090 0.1028325 0.1028325 -9999.000 -9999.000 -9999.000 -9999.000 -9999.000 -9999.000 -9999.000 -9999.000 -9999.000 -9999.000 -9999.000 -9999.000 -9999.000 -9999.000 -9999.000 -9999.000 -9999.000 -9999.000 -9999.000 -9999.000 -9999.000 -9999.000 -9999.000 -9999.000 -9999.000 -9999.000 -9999.000 -9999.000 -9999.000
-9999.000 -9999.000 -9999.000 -9999.000 -9999.000 -9999.000 -9999.000 -9999.000 -9999.000 -9999.000 -9999.000 -9999.000 -9999.000 -9999.000 -9999.000 0.9626114E-01 0.9232593E-01 0.9189780E-01 0.9301247E-01 0.9472203E-01 0.9658957E-01 0.9840681E-01 0.9992322E-01 0.1011412 0.1020441 0.1026594 0.1031378 0.1039515 0.1064092 0.1091611 0.1091611 -9999.000 -9999.000 -9999.000 -9999.000 -9999.000 -9999.000 -9999.000 -9999.000 -9999.000 -9999.000 -9999.000 -9999.000 -9999.000 -9999.000 -9999.000 -9999.000 -9999.000 -9999.000 -9999.000 -9999.000 -9999.000 -9999.000 -9999.000 -9999.000 -9999.000 -9999.000 -9999.000 -9999.000 -9999.000
-9999.000 -9999.000 -9999.000 -9999.000 -9999.000 -9999.000 -9999.000 -9999.000 -9999.000 -9999.000 -9999.000 -9999.000 -9999.000 -9999.000 -9999.000 0.9347996E-01 0.8747765E-01 0.8680571E-01 0.8860504E-01 0.9136980E-01 0.9442246E-01 0.9745260E-01 0.1000742 0.1022948 0.1040818 0.1054654 0.1066705 0.1084392 0.1128594 0.1181806 0.1181806 -9999.000 -9999.000 -9999.000 -9999.000 -9999.000 -9999.000 -9999.000 -9999.000 -9999.000 -9999.000 -9999.000 -9999.000 -9999.000 -9999.000 -9999.000 -9999.000 -9999.000 -9999.000 -9999.000 -9999.000 -9999.000 -9999.000 -9999.000 -9999.000 -9999.000 -9999.000 -9999.000 -9999.000 -9999.000
-9999.000 -9999.000 -9999.000 -9999.000 -9999.000 -9999.000 -9999.000 -9999.000 -9999.000 -9999.000 -9999.000 -9999.000 -9999.000 -9999.000 -9999.000 0.9001843E-01 0.8204915E-01 0.8114631E-01 0.8365861E-01 0.8750818E-01 0.9178166E-01 0.9607786E-01 0.9988132E-01 0.1032121 0.1060182 0.1083247 0.1104208 0.1133172 0.1199073 0.1283639 0.1283639 -9999.000 -9999.000 -9999.000 -9999.000 -9999.000 -9999.000 -9999.000 -9999.000 -9999.000 -9999.000 -9999.000 -9999.000 -9999.000 -9999.000 -9999.000 -9999.000 -9999.000 -9999.000 -9999.000 -9999.000 -9999.000 -9999.000 -9999.000 -9999.000 -9999.000 -9999.000 -9999.000 -9999.000 -9999.000
-9999.000 -9999.000 -9999.000 -9999.000 -9999.000 -9999.000 -9999.000 -9999.000 -9999.000 -9999.000 -9999.000 -9999.000 -9999.000 -9999.000 -9999.000 0.8610734E-01 0.7624059E-01 0.7512783E-01 0.7838926E-01 0.8335436E-01 0.8887664E-01 0.9447379E-01 0.9950469E-01 0.1040093 0.1079137 0.1112325 0.1143169 0.1184536 0.1273876 0.1395684 0.1395684 -9999.000 -9999.000 -9999.000 -9999.000 -9999.000 -9999.000 -9999.000 -9999.000 -9999.000 -9999.000 -9999.000 -9999.000 -9999.000 -9999.000 -9999.000 -9999.000 -9999.000 -9999.000 -9999.000 -9999.000 -9999.000 -9999.000 -9999.000 -9999.000 -9999.000 -9999.000 -9999.000 -9999.000 -9999.000
-9999.000 -9999.000 -9999.000 -9999.000 -9999.000 -9999.000 -9999.000 -9999.000 -9999.000 -9999.000 -9999.000 -9999.000 -9999.000 -9999.000 -9999.000 0.8183295E-01 0.7013865E-01 0.6885588E-01 0.7291788E-01 0.7903435E-01 0.8582991E-01 0.9275341E-01 0.9904030E-01 0.1047600 0.1098126 0.1141995 0.1183346 0.1237960 0.1352396 0.1518161 0.1518161 -9999.000 -9999.000 -9999.000 -9999.000 -9999.000 -9999.000 -9999.000 -9999.000 -9999.000 -9999.000 -9999.000 -9999.000 -9999.000 -9999.000 -9999.000 -9999.000 -9999.000 -9999.000 -9999.000 -9999.000 -9999.000 -9999.000 -9999.000 -9999.000 -9999.000 -9999.000 -9999.000 -9999.000 -9999.000
-9999.000 -9999.000 -9999.000 -9999.000 -9999.000 -9999.000 -9999.000 -9999.000 -9999.000 -9999.000 -9999.000 -9999.000 -9999.000 -9999.000 -9999.000 0.7721156E-01 0.6377589E-01 0.6238796E-01 0.6731844E-01 0.7462508E-01 0.8271426E-01 0.9098165E-01 0.9854218E-01 0.1055055 0.1117408 0.1172338 0.1224645 0.1293229 0.1434509 0.1652305 0.1652305 -9999.000 -9999.000 -9999.000 -9999.000 -9999.000 -9999.000 -9999.000 -9999.000 -9999.000 -9999.000 -9999.000 -9999.000 -9999.000 -9999.000 -9999.000 -9999.000 -9999.000 -9999.000 -9999.000 -9999.000 -9999.000 -9999.000 -9999.000 -9999.000 -9999.000 -9999.000 -9999.000 -9999.000 -9999.000
-9999.000 -9999.000 -9999.000 -9999.000 -9999.000 -9999.000 -9999.000 -9999.000 -9999.000 -9999.000 -9999.000 -9999.000 -9999.000 -9999.000 -9999.000 0.7222506E-01 0.5715989E-01 0.5576725E-01 0.6165253E-01 0.7018609E-01 0.7958028E-01 0.8919995E-01 0.9804241E-01 0.1062698 0.1137131 0.1203400 0.1267019 0.1350262 0.1520336 0.1800144 0.1800144 -9999.000 -9999.000 -9999.000 -9999.000 -9999.000 -9999.000 -9999.000 -9999.000 -9999.000 -9999.000 -9999.000 -9999.000 -9999.000 -9999.000 -9999.000 -9999.000 -9999.000 -9999.000 -9999.000 -9999.000 -9999.000 -9999.000 -9999.000 -9999.000 -9999.000 -9999.000 -9999.000 -9999.000 -9999.000
-9999.000 -9999.000 -9999.000 -9999.000 -9999.000 -9999.000 -9999.000 -9999.000 -9999.000 -9999.000 -9999.000 -9999.000 -9999.000 -9999.000 -9999.000 0.6683610E-01 0.5029110E-01 0.4904766E-01 0.5599282E-01 0.6577929E-01 0.7647390E-01 0.8744169E-01 0.9756491E-01 0.1070694 0.1157391 0.1235208 0.1310435 0.1409042 0.1610124 0.1964532 0.1964532 -9999.000 -9999.000 -9999.000 -9999.000 -9999.000 -9999.000 -9999.000 -9999.000 -9999.000 -9999.000 -9999.000 -9999.000 -9999.000 -9999.000 -9999.000 -9999.000 -9999.000 -9999.000 -9999.000 -9999.000 -9999.000 -9999.000 -9999.000 -9999.000 -9999.000 -9999.000 -9999.000 -9999.000 -9999.000
-9999.000 -9999.000 -9999.000 -9999.000 -9999.000 -9999.000 -9999.000 -9999.000 -9999.000 -9999.000 -9999.000 -9999.000 -9999.000 -9999.000 -9999.000 0.6099495E-01 0.4317653E-01 0.4232593E-01 0.5044908E-01 0.6148580E-01 0.7344941E-01 0.8574299E-01 0.9713376E-01 0.1079210 0.1178288 0.1267795 0.1354880 0.1469584 0.1704209 0.2149339 0.2149339 -9999.000 -9999.000 -9999.000 -9999.000 -9999.000 -9999.000 -9999.000 -9999.000 -9999.000 -9999.000 -9999.000 -9999.000 -9999.000 -9999.000 -9999.000 -9999.000 -9999.000 -9999.000 -9999.000 -9999.000 -9999.000 -9999.000 -9999.000 -9999.000 -9999.000 -9999.000 -9999.000 -9999.000 -9999.000
-9999.000 -9999.000 -9999.000 -9999.000 -9999.000 -9999.000 -9999.000 -9999.000 -9999.000 -9999.000 -9999.000 -9999.000 -9999.000 -9999.000 -9999.000 0.5464168E-01 0.3585216E-01 0.3579868E-01 0.4520303E-01 0.5742434E-01 0.7058068E-01 0.8415157E-01 0.9678095E-01 0.1088477 0.1199972 0.1301234 0.1400369 0.1531928 0.1803002 0.2359833 0.2359833 -9999.000 -9999.000 -9999.000 -9999.000 -9999.000 -9999.000 -9999.000 -9999.000 -9999.000 -9999.000 -9999.000 -9999.000 -9999.000 -9999.000 -9999.000 -9999.000 -9999.000 -9999.000 -9999.000 -9999.000 -9999.000 -9999.000 -9999.000 -9999.000 -9999.000 -9999.000 -9999.000 -9999.000 -9999.000
-9999.000 -9999.000 -9999.000 -9999.000 -9999.000 -9999.000 -9999.000 -9999.000 -9999.000 -9999.000 -9999.000 -9999.000 -9999.000 -9999.000 -9999.000 0.4770654E-01 0.2844319E-01 0.2988829E-01 0.4056473E-01 0.5377617E-01 0.6797700E-01 0.8273816E-01 0.9655640E-01 0.1098868 0.1222715 0.1335698 0.1446997 0.1596179 0.1907005 0.2603330 0.2603330 -9999.000 -9999.000 -9999.000 -9999.000 -9999.000 -9999.000 -9999.000 -9999.000 -9999.000 -9999.000 -9999.000 -9999.000 -9999.000 -9999.000 -9999.000 -9999.000 -9999.000 -9999.000 -9999.000 -9999.000 -9999.000 -9999.000 -9999.000 -9999.000 -9999.000 -9999.000 -9999.000 -9999.000 -9999.000
-9999.000 -9999.000 -9999.000 -9999.000 -9999.000 -9999.000 -9999.000 -9999.000 -9999.000 -9999.000 -9999.000 -9999.000 -9999.000 -9999.000 -9999.000 0.4011028E-01 0.2136022E-01 0.2548261E-01 0.3704772E-01 0.5082149E-01 0.6580759E-01 0.8161636E-01 0.9654507E-01 0.1111061 0.1247049 0.1371591 0.1495052 0.1662601 0.2016861 0.2890262 0.2890262 -9999.000 -9999.000 -9999.000 -9999.000 -9999.000 -9999.000 -9999.000 -9999.000 -9999.000 -9999.000 -9999.000 -9999.000 -9999.000 -9999.000 -9999.000 -9999.000 -9999.000 -9999.000 -9999.000 -9999.000 -9999.000 -9999.000 -9999.000 -9999.000 -9999.000 -9999.000 -9999.000 -9999.000 -9999.000
-9999.000 -9999.000 -9999.000 -9999.000 -9999.000 -9999.000 -9999.000 -9999.000 -9999.000 -9999.000 -9999.000 -9999.000 -9999.000 -9999.000 -9999.000 0.3170849E-01 0.1618941E-01 0.2443554E-01 0.3574961E-01 0.4928038E-01 0.6458502E-01 0.8116797E-01 0.9704559E-01 0.1127441 0.1274883 0.1410437 0.1545752 0.1732188 0.2133739 0.3236316 0.3236316 -9999.000 -9999.000 -9999.000 -9999.000 -9999.000 -9999.000 -9999.000 -9999.000 -9999.000 -9999.000 -9999.000 -9999.000 -9999.000 -9999.000 -9999.000 -9999.000 -9999.000 -9999.000 -9999.000 -9999.000 -9999.000 -9999.000 -9999.000 -9999.000 -9999.000 -9999.000 -9999.000 -9999.000 -9999.000
-9999.000 -9999.000 -9999.000 -9999.000 -9999.000 -9999.000 -9999.000 -9999.000 -9999.000 -9999.000 -9999.000 -9999.000 -9999.000 -9999.000 -9999.000 0.4672096E-01 0.7127523E-01 0.8119743E-01 0.8051220E-01 0.8345870E-01 0.8905720E-01 0.9796997E-01 0.1085388 0.1208610 0.1336319 0.1462031 0.1595960 0.1794660 0.2245507 0.3635432 0.3635432 -9999.000 -9999.000 -9999.000 -9999.000 -9999.000 -9999.000 -9999.000 -9999.000 -9999.000 -9999.000 -9999.000 -9999.000 -9999.000 -9999.000 -9999.000 -9999.000 -9999.000 -9999.000 -9999.000 -9999.000 -9999.000 -9999.000 -9999.000 -9999.000 -9999.000 -9999.000 -9999.000 -9999.000 -9999.000
2.725360 2.725360 2.705727 2.751329 2.761938 2.761938 2.765741 2.766989 2.766989 2.764061 2.764061 2.758610 2.755226 2.751505 2.747634 2.747634 2.839947 2.842600 2.836967 2.811270 2.766388 2.701156 2.612984 2.505046 2.377764 2.233313 2.076296 1.917531 1.784568 1.751769 1.751769 2.575295 2.741832 2.831767 2.852898 2.852898 2.876893 2.876893 2.843160 2.843160 2.789827 2.584754 2.584754 2.122245 2.122245 1.939577 1.939577 1.939577 1.944927 1.944927 1.985021 1.985021 2.034569 2.034569 2.083517 2.083517 2.125758 2.125758 2.125758 2.157647
2.748337 2.748337 2.733474 2.800219 2.821530 2.821530 2.836689 2.859980 2.859980 2.878664 2.878664 2.894639 2.901914 2.908813 2.915513 2.915513 2.985127 2.999831 3.012345 3.020159 3.022889 3.018711 3.004586 2.978781 2.938731 2.882439 2.809081 2.720260 2.623018 2.563346 2.563346 3.004296 3.156558 3.301136 3.339501 3.339501 3.379800 3.379800 3.371424 3.371424 3.343984 3.227433 3.227433 2.969989 2.969989 2.757659 2.757659 2.757659 2.762377 2.762377 2.804129 2.804129 2.856683 2.856683 2.908329 2.908329 2.953915 2.953915 2.953915 2.990945
2.754326 2.754326 2.731217 2.800936 2.821845 2.821845 2.837418 2.861316 2.861316 2.880543 2.880543 2.897182 2.904838 2.912146 2.919297 2.919297 2.982989 3.007908 3.031195 3.051226 3.067651 3.079981 3.087082 3.088244 3.082071 3.066864 3.041089 3.004358 2.959759 2.931987 2.931987 3.186624 3.331560 3.497114 3.544287 3.544287 3.587875 3.587875 3.568269 3.568269 3.535012 3.431865 3.431865 3.262381 3.262381 3.056056 3.056056 3.056056 3.044558 3.044558 3.075747 3.075747 3.120550 3.120550 3.166044 3.166044 3.206916 3.206916 3.206916 3.240510
2.759121 2.759121 2.731630 2.801155 2.821423 2.821423 2.837213 2.861387 2.861387 2.880603 2.880603 2.897219 2.904877 2.912194 2.919389 2.919389 2.980486 3.014430 3.047413 3.076979 3.102201 3.122720 3.138132 3.148417 3.153367 3.152519 3.145298 3.131556 3.113145 3.105232 3.105232 3.263054 3.392076 3.561639 3.611301 3.611301 3.645376 3.645376 3.602809 3.602809 3.563086 3.478081 3.478081 3.375388 3.375388 3.200133 3.200133 3.200133 3.171750 3.171750 3.190441 3.190441 3.227987 3.227987 3.269215 3.269215 3.307136 3.307136 3.307136 3.338398
2.762788 2.762788 2.732261 2.801507 2.821105 2.821105 2.837013 2.861437 2.861437 2.880643 2.880643 2.897223 2.904875 2.912188 2.919433 2.919433 2.981677 3.023781 3.065715 3.104079 3.137424 3.165197 3.187125 3.203293 3.213879 3.219044 3.218942 3.214021 3.206015 3.205070 3.205070 3.306663 3.415305 3.573075 3.614630 3.614630 3.616706 3.616706 3.549067 3.549067 3.512543 3.462398 3.462398 3.417641 3.417641 3.290513 3.290513 3.290513 3.250126 3.250126 3.254148 3.254148 3.282126 3.282126 3.317805 3.317805 3.352104 3.352104 3.352104 3.380523
2.765366 2.765366 2.732880 2.801825 2.820888 2.820888 2.836850 2.861472 2.861472 2.880670 2.880670 2.897214 2.904854 2.912159 2.919474 2.919474 2.987455 3.037372 3.087534 3.133900 3.174706 3.209242 3.237231 3.258731 3.273972 3.283273 3.287049 3.286003 3.281789 3.281506 3.281506 3.345809 3.430946 3.556052 3.573115 3.573115 3.522343 3.522343 3.449642 3.449642 3.430690 3.425854 3.425854 3.427470 3.427470 3.353963 3.353963 3.353963 3.311037 3.311037 3.301746 3.301746 3.318103 3.318103 3.346026 3.346026 3.375025 3.375025 3.375025 3.399353
2.766895 2.766895 2.733316 2.802037 2.820763 2.820763 2.836742 2.861482 2.861482 2.880668 2.880668 2.897184 2.904816 2.912122 2.919546 2.919546 2.998777 3.056634 3.114446 3.167971 3.215389 3.255960 3.289429 3.315834 3.335383 3.348402 3.355328 3.356855 3.354382 3.352768 3.352768 3.390533 3.449210 3.509036 3.480556 3.480556 3.380399 3.380399 3.339602 3.339602 3.347131 3.385032 3.385032 3.420243 3.420243 3.396707 3.396707 3.396707 3.361174 3.361174 3.343496 3.343496 3.348071 3.348071 3.366345 3.366345 3.388122 3.388122 3.388122 3.406842
2.767406 2.767406 2.733468 2.802105 2.820717 2.820717 2.836697 2.861471 2.861471 2.880650 2.880650 2.897160 2.904796 2.912107 2.919691 2.919691 3.016768 3.083039 3.148040 3.207846 3.260860 3.306488 3.344576 3.375201 3.398568 3.414973 3.424804 3.428637 3.427511 3.424301 3.424301 3.441636 3.467906 3.410951 3.325783 3.325783 3.223040 3.223040 3.244291 3.244291 3.276271 3.345639 3.345639 3.403630 3.403630 3.421788 3.421788 3.421788 3.400619 3.400619 3.381133 3.381133 3.375985 3.375985 3.383686 3.383686 3.396501 3.396501 3.396501 3.408064
2.766908 2.766908 2.733303 2.802032 2.820764 2.820764 2.836744 2.861483 2.861483 2.880669 2.880669 2.897183 2.904817 2.912121 2.919911 2.919911 3.042941 3.118310 3.190103 3.255258 3.312711 3.362200 3.403777 3.437643 3.464046 3.483272 3.495650 3.501619 3.501758 3.496591 3.496591 3.493809 3.470479 3.237563 3.121674 3.121674 3.087008 3.087008 3.170479 3.170479 3.218596 3.307819 3.307819 3.381088 3.381088 3.431794 3.431794 3.431794 3.427889 3.427889 3.412599 3.412599 3.401399 3.401399 3.398929 3.398929 3.401619 3.401619 3.401619 3.404693
2.765391 2.765391 2.732855 2.801816 2.820889 2.820889 2.836855 2.861475 2.861475 2.880672 2.880672 2.897213 2.904854 2.912160 2.920245 2.920245 3.079654 3.164832 3.242932 3.312335 3.372850 3.424742 3.468405 3.504231 3.532573 3.553746 3.568044 3.575762 3.576735 3.567038 3.567038 3.531609 3.415559 2.999023 2.918093 2.918093 2.988839 2.988839 3.111406 3.111406 3.168211 3.269637 3.269637 3.353533 3.353533 3.428688 3.428688 3.428688 3.441633 3.441633 3.434497 3.434497 3.421317 3.421317 3.410271 3.410271 3.402531 3.402531 3.402531 3.396285
2.762824 2.762824 2.732234 2.801486 2.821108 2.821108 2.837022 2.861443 2.861443 2.880646 2.880646 2.897224 2.904875 2.912188 2.920698 2.920698 3.130418 3.225842 3.309405 3.381603 3.443467 3.495996 3.540034 3.576243 3.605128 3.627069 3.642359 3.651091 3.651227 3.626312 3.626312 3.512426 3.238121 2.760604 2.768426 2.768426 2.917513 2.917513 3.058073 3.058073 3.119263 3.228812 3.228812 3.320309 3.320309 3.413216 3.413216 3.413216 3.440606 3.440606 3.443127 3.443127 3.431218 3.431218 3.413879 3.413879 3.396320 3.396320 3.396320 3.380629
2.759166 2.759166 2.731609 2.801120 2.821429 2.821429 2.837226 2.861394 2.861394 2.880605 2.880605 2.897220 2.904877 2.912193 2.921285 2.921285 3.200762 3.305968 3.393265 3.466068 3.526983 3.577921 3.620251 3.654953 3.682707 3.703976 3.719063 3.727534 3.720579 3.639689 3.639689 3.345794 2.909227 2.603332 2.667789 2.667789 2.850877 2.850877 2.999761 2.999761 3.063421 3.179455 3.179455 3.276599 3.276599 3.382270 3.382270 3.382270 3.421013 3.421013 3.432684 3.432684 3.423730 3.423730 3.402385 3.402385 3.376417 3.376417 3.376417 3.352011
