simulation_files/asc/Velocity__x_45.0.asc
NCOLS        79
NROWS        79
XLLCENTER         -1.500000
YLLCENTER         -4.800000
CELLSIZE           0.100
NODATA_VALUE     -9999.0
[rows 0 to 25 of 79, columns 0 to 57 of 79]
-9999.000 -9999.000 -9999.000 -9999.000 -9999.000 -9999.000 -9999.000 -9999.000 -9999.000 -9999.000 -9999.000 -9999.000 -9999.000 -9999.000 -9999.000 0.5259052E-03 0.1902181E-02 0.4006200E-02 0.5894165E-02 0.7496300E-02 0.8798655E-02 0.9781756E-02 0.1041232E-01 0.1064195E-01 0.1040390E-01 0.9604936E-02 0.8111490E-02 0.5727767E-02 0.2241028E-02 0.1268319E-03 0.1268319E-03 -9999.000 -9999.000 -9999.000 -9999.000 -9999.000 -9999.000 -9999.000 -9999.000 -9999.000 -9999.000 -9999.000 -9999.000 -9999.000 -9999.000 -9999.000 -9999.000 -9999.000 -9999.000 -9999.000 -9999.000 -9999.000 -9999.000 -9999.000 -9999.000 -9999.000 -9999.000 -9999.000
-9999.000 -9999.000 -9999.000 -9999.000 -9999.000 -9999.000 -9999.000 -9999.000 -9999.000 -9999.000 -9999.000 -9999.000 -9999.000 -9999.000 -9999.000 0.1393143E-02 0.3999152E-02 0.7648158E-02 0.1100045E-01 0.1389952E-01 0.1626821E-01 0.1803505E-01 0.1912089E-01 0.1943453E-01 0.1887098E-01 0.1731060E-01 0.1461829E-01 0.1064993E-01 0.5347583E-02 0.1533184E-02 0.1533184E-02 -9999.000 -9999.000 -9999.000 -9999.000 -9999.000 -9999.000 -9999.000 -9999.000 -9999.000 -9999.000 -9999.000 -9999.000 -9999.000 -9999.000 -9999.000 -9999.000 -9999.000 -9999.000 -9999.000 -9999.000 -9999.000 -9999.000 -9999.000 -9999.000 -9999.000 -9999.000 -9999.000
-9999.000 -9999.000 -9999.000 -9999.000 -9999.000 -9999.000 -9999.000 -9999.000 -9999.000 -9999.000 -9999.000 -9999.000 -9999.000 -9999.000 -9999.000 0.2219750E-02 0.5970787E-02 0.1105212E-01 0.1573204E-01 0.1979700E-01 0.2312421E-01 0.2560002E-01 0.2710595E-01 0.2751552E-01 0.2669453E-01 0.2450254E-01 0.2079599E-01 0.1543734E-01 0.8400727E-02 0.2931567E-02 0.2931567E-02 -9999.000 -9999.000 -9999.000 -9999.000 -9999.000 -9999.000 -9999.000 -9999.000 -9999.000 -9999.000 -9999.000 -9999.000 -9999.000 -9999.000 -9999.000 -9999.000 -9999.000 -9999.000 -9999.000 -9999.000 -9999.000 -9999.000 -9999.000 -9999.000 -9999.000 -9999.000 -9999.000
-9999.000 -9999.000 -9999.000 -9999.000 -9999.000 -9999.000 -9999.000 -9999.000 -9999.000 -9999.000 -9999.000 -9999.000 -9999.000 -9999.000 -9999.000 0.3037842E-02 0.7889752E-02 0.1432442E-01 0.2025621E-01 0.2542345E-01 0.2966538E-01 0.3283204E-01 0.3476909E-01 0.3531583E-01 0.3430671E-01 0.3157373E-01 0.2695075E-01 0.2028275E-01 0.1154367E-01 0.4389252E-02 0.4389252E-02 -9999.000 -9999.000 -9999.000 -9999.000 -9999.000 -9999.000 -9999.000 -9999.000 -9999.000 -9999.000 -9999.000 -9999.000 -9999.000 -9999.000 -9999.000 -9999.000 -9999.000 -9999.000 -9999.000 -9999.000 -9999.000 -9999.000 -9999.000 -9999.000 -9999.000 -9999.000 -9999.000
-9999.000 -9999.000 -9999.000 -9999.000 -9999.000 -9999.000 -9999.000 -9999.000 -9999.000 -9999.000 -9999.000 -9999.000 -9999.000 -9999.000 -9999.000 0.3887393E-02 0.9835822E-02 0.1758188E-01 0.2472980E-01 0.3097795E-01 0.3613238E-01 0.4000882E-01 0.4241697E-01 0.4315916E-01 0.4203199E-01 0.3882930E-01 0.3334675E-01 0.2539166E-01 0.1491315E-01 0.5970368E-02 0.5970368E-02 -9999.000 -9999.000 -9999.000 -9999.000 -9999.000 -9999.000 -9999.000 -9999.000 -9999.000 -9999.000 -9999.000 -9999.000 -9999.000 -9999.000 -9999.000 -9999.000 -9999.000 -9999.000 -9999.000 -9999.000 -9999.000 -9999.000 -9999.000 -9999.000 -9999.000 -9999.000 -9999.000
-9999.000 -9999.000 -9999.000 -9999.000 -9999.000 -9999.000 -9999.000 -9999.000 -9999.000 -9999.000 -9999.000 -9999.000 -9999.000 -9999.000 -9999.000 0.4812797E-02 0.1189322E-01 0.2094216E-01 0.2930214E-01 0.3664192E-01 0.4273714E-01 0.4736978E-01 0.5031150E-01 0.5132222E-01 0.5015175E-01 0.4654251E-01 0.4023397E-01 0.3097273E-01 0.1865335E-01 0.7744069E-02 0.7744069E-02 -9999.000 -9999.000 -9999.000 -9999.000 -9999.000 -9999.000 -9999.000 -9999.000 -9999.000 -9999.000 -9999.000 -9999.000 -9999.000 -9999.000 -9999.000 -9999.000 -9999.000 -9999.000 -9999.000 -9999.000 -9999.000 -9999.000 -9999.000 -9999.000 -9999.000 -9999.000 -9999.000
-9999.000 -9999.000 -9999.000 -9999.000 -9999.000 -9999.000 -9999.000 -9999.000 -9999.000 -9999.000 -9999.000 -9999.000 -9999.000 -9999.000 -9999.000 0.5860270E-02 0.1414798E-01 0.2452206E-01 0.3411777E-01 0.4258666E-01 0.4967739E-01 0.5513749E-01 0.5869696E-01 0.6006659E-01 0.5893840E-01 0.5498739E-01 0.4787431E-01 0.3725524E-01 0.2293107E-01 0.9793526E-02 0.9793526E-02 -9999.000 -9999.000 -9999.000 -9999.000 -9999.000 -9999.000 -9999.000 -9999.000 -9999.000 -9999.000 -9999.000 -9999.000 -9999.000 -9999.000 -9999.000 -9999.000 -9999.000 -9999.000 -9999.000 -9999.000 -9999.000 -9999.000 -9999.000 -9999.000 -9999.000 -9999.000 -9999.000
-9999.000 -9999.000 -9999.000 -9999.000 -9999.000 -9999.000 -9999.000 -9999.000 -9999.000 -9999.000 -9999.000 -9999.000 -9999.000 -9999.000 -9999.000 0.7076506E-02 0.1668586E-01 0.2843689E-01 0.3931797E-01 0.4897954E-01 0.5714672E-01 0.6353166E-01 0.6781867E-01 0.6966138E-01 0.6868122E-01 0.6446583E-01 0.5656871E-01 0.4451583E-01 0.2795834E-01 0.1222773E-01 0.1222773E-01 -9999.000 -9999.000 -9999.000 -9999.000 -9999.000 -9999.000 -9999.000 -9999.000 -9999.000 -9999.000 -9999.000 -9999.000 -9999.000 -9999.000 -9999.000 -9999.000 -9999.000 -9999.000 -9999.000 -9999.000 -9999.000 -9999.000 -9999.000 -9999.000 -9999.000 -9999.000 -9999.000
-9999.000 -9999.000 -9999.000 -9999.000 -9999.000 -9999.000 -9999.000 -9999.000 -9999.000 -9999.000 -9999.000 -9999.000 -9999.000 -9999.000 -9999.000 0.8506482E-02 0.1959028E-01 0.3280051E-01 0.4504406E-01 0.5598999E-01 0.6534438E-01 0.7278348E-01 0.7794168E-01 0.8040667E-01 0.7971401E-01 0.7534005E-01 0.6669424E-01 0.5311714E-01 0.3402782E-01 0.1520223E-01 0.1520223E-01 -9999.000 -9999.000 -9999.000 -9999.000 -9999.000 -9999.000 -9999.000 -9999.000 -9999.000 -9999.000 -9999.000 -9999.000 -9999.000 -9999.000 -9999.000 -9999.000 -9999.000 -9999.000 -9999.000 -9999.000 -9999.000 -9999.000 -9999.000 -9999.000 -9999.000 -9999.000 -9999.000
-9999.000 -9999.000 -9999.000 -9999.000 -9999.000 -9999.000 -9999.000 -9999.000 -9999.000 -9999.000 -9999.000 -9999.000 -9999.000 -9999.000 -9999.000 0.1019100E-01 0.2293913E-01 0.3772508E-01 0.5144059E-01 0.6379708E-01 0.7448752E-01 0.8315270E-01 0.8937323E-01 0.9266200E-01 0.9245195E-01 0.8807894E-01 0.7875960E-01 0.6357147E-01 0.4157512E-01 0.1895622E-01 0.1895622E-01 -9999.000 -9999.000 -9999.000 -9999.000 -9999.000 -9999.000 -9999.000 -9999.000 -9999.000 -9999.000 -9999.000 -9999.000 -9999.000 -9999.000 -9999.000 -9999.000 -9999.000 -9999.000 -9999.000 -9999.000 -9999.000 -9999.000 -9999.000 -9999.000 -9999.000 -9999.000 -9999.000
-9999.000 -9999.000 -9999.000 -9999.000 -9999.000 -9999.000 -9999.000 -9999.000 -9999.000 -9999.000 -9999.000 -9999.000 -9999.000 -9999.000 -9999.000 0.1216293E-01 0.2680063E-01 0.4332045E-01 0.5866024E-01 0.7259940E-01 0.8482620E-01 0.9494884E-01 0.1024923 0.1068869 0.1074454 0.1033284 0.9349646E-01 0.7665168E-01 0.5129587E-01 0.2388554E-01 0.2388554E-01 -9999.000 -9999.000 -9999.000 -9999.000 -9999.000 -9999.000 -9999.000 -9999.000 -9999.000 -9999.000 -9999.000 -9999.000 -9999.000 -9999.000 -9999.000 -9999.000 -9999.000 -9999.000 -9999.000 -9999.000 -9999.000 -9999.000 -9999.000 -9999.000 -9999.000 -9999.000 -9999.000
-9999.000 -9999.000 -9999.000 -9999.000 -9999.000 -9999.000 -9999.000 -9999.000 -9999.000 -9999.000 -9999.000 -9999.000 -9999.000 -9999.000 -9999.000 0.1444252E-01 0.3122780E-01 0.4969313E-01 0.6686846E-01 0.8262728E-01 0.9666432E-01 0.1085618 0.1177921 0.1236996 0.1254620 0.1220270 0.1120184 0.9359930E-01 0.6438431E-01 0.3069792E-01 0.3069792E-01 -9999.000 -9999.000 -9999.000 -9999.000 -9999.000 -9999.000 -9999.000 -9999.000 -9999.000 -9999.000 -9999.000 -9999.000 -9999.000 -9999.000 -9999.000 -9999.000 -9999.000 -9999.000 -9999.000 -9999.000 -9999.000 -9999.000 -9999.000 -9999.000 -9999.000 -9999.000 -9999.000
-9999.000 -9999.000 -9999.000 -9999.000 -9999.000 -9999.000 -9999.000 -9999.000 -9999.000 -9999.000 -9999.000 -9999.000 -9999.000 -9999.000 -9999.000 0.1703484E-01 0.3625605E-01 0.5695047E-01 0.7625756E-01 0.9416698E-01 0.1103951 0.1245120 0.1359500 0.1439759 0.1476294 0.1456148 0.1361267 0.1165580 0.8308196E-01 0.4078650E-01 0.4078650E-01 -9999.000 -9999.000 -9999.000 -9999.000 -9999.000 -9999.000 -9999.000 -9999.000 -9999.000 -9999.000 -9999.000 -9999.000 -9999.000 -9999.000 -9999.000 -9999.000 -9999.000 -9999.000 -9999.000 -9999.000 -9999.000 -9999.000 -9999.000 -9999.000 -9999.000 -9999.000 -9999.000
-9999.000 -9999.000 -9999.000 -9999.000 -9999.000 -9999.000 -9999.000 -9999.000 -9999.000 -9999.000 -9999.000 -9999.000 -9999.000 -9999.000 -9999.000 0.2004174E-01 0.4208134E-01 0.6543165E-01 0.8730433E-01 0.1078250 0.1267601 0.1437022 0.1580822 0.1691303 0.1757847 0.1765213 0.1690440 0.1496930 0.1122674 0.5742899E-01 0.5742899E-01 -9999.000 -9999.000 -9999.000 -9999.000 -9999.000 -9999.000 -9999.000 -9999.000 -9999.000 -9999.000 -9999.000 -9999.000 -9999.000 -9999.000 -9999.000 -9999.000 -9999.000 -9999.000 -9999.000 -9999.000 -9999.000 -9999.000 -9999.000 -9999.000 -9999.000 -9999.000 -9999.000
-9999.000 -9999.000 -9999.000 -9999.000 -9999.000 -9999.000 -9999.000 -9999.000 -9999.000 -9999.000 -9999.000 -9999.000 -9999.000 -9999.000 -9999.000 0.3383895E-01 0.6143126E-01 0.8921351E-01 0.1138773 0.1363311 0.1568773 0.1755024 0.1919271 0.2055775 0.2154773 0.2200128 0.2164394 0.1997612 0.1598807 0.8154883E-01 0.8154883E-01 -9999.000 -9999.000 -9999.000 -9999.000 -9999.000 -9999.000 -9999.000 -9999.000 -9999.000 -9999.000 -9999.000 -9999.000 -9999.000 -9999.000 -9999.000 -9999.000 -9999.000 -9999.000 -9999.000 -9999.000 -9999.000 -9999.000 -9999.000 -9999.000 -9999.000 -9999.000 -9999.000
1.446315 1.446315 1.403997 1.320947 1.295677 1.295677 1.272121 1.226801 1.226801 1.178928 1.178928 1.120741 1.083434 1.036049 0.9721377 0.9721377 0.8239466 0.7595304 0.6926349 0.6265373 0.5643594 0.5088882 0.4622715 0.4258489 0.4002247 0.3856696 0.3830174 0.3956062 0.4342240 0.5130787 0.5130787 1.333322 1.600347 1.762206 1.750024 1.750024 1.616402 1.616402 1.405318 1.405318 1.199678 0.7911373 0.7911373 0.7781457 0.7781457 0.8094931 0.8094931 0.8094931 0.8613737 0.8613737 0.9025778 0.9025778 0.9367707 0.9367707 0.9817552 0.9817552 1.009942 1.009942
1.453505 1.453505 1.430931 1.351065 1.332090 1.332090 1.314525 1.280404 1.280404 1.242501 1.242501 1.193319 1.161752 1.124683 1.083224 1.083224 1.018721 0.9854953 0.9448952 0.8975218 0.8448146 0.7890229 0.7331177 0.6806582 0.6356508 0.6025272 0.5865310 0.5951400 0.6422272 0.7545012 0.7545012 1.293835 1.484974 1.615028 1.633107 1.633107 1.619852 1.619852 1.547125 1.547125 1.460839 1.073971 1.073971 1.053850 1.053850 1.089370 1.089370 1.089370 1.144401 1.144401 1.187859 1.187859 1.209468 1.209468 1.263834 1.263834 1.296834 1.296834
1.454481 1.454481 1.437215 1.351226 1.332762 1.332762 1.315693 1.282999 1.282999 1.248044 1.248044 1.205717 1.180487 1.152648 1.123553 1.123553 1.087050 1.070702 1.049529 1.022704 0.9901482 0.9525520 0.9114370 0.8692454 0.8294517 0.7967462 0.7774286 0.7804360 0.8202889 0.9256089 0.9256089 1.325989 1.493703 1.627050 1.656428 1.656428 1.666521 1.666521 1.622826 1.622826 1.576267 1.319620 1.319620 1.226127 1.226127 1.242119 1.242119 1.242119 1.298797 1.298797 1.337784 1.337784 1.367063 1.367063 1.406804 1.406804 1.435458 1.435458
1.455204 1.455204 1.442412 1.351242 1.333151 1.333151 1.316479 1.285011 1.285011 1.252665 1.252665 1.215998 1.195461 1.173786 1.152007 1.152007 1.129242 1.120608 1.109185 1.094126 1.075032 1.051974 1.025608 0.9973389 0.9695284 0.9457794 0.9314014 0.9343444 0.9675245 1.056953 1.056953 1.364177 1.513641 1.642886 1.672390 1.672390 1.684432 1.684432 1.657221 1.657221 1.634771 1.497626 1.497626 1.372777 1.372777 1.372937 1.372937 1.372937 1.416637 1.416637 1.451242 1.451242 1.477950 1.477950 1.509652 1.509652 1.534762 1.534762
1.455701 1.455701 1.446720 1.351455 1.333743 1.333743 1.317530 1.287503 1.287503 1.258035 1.258035 1.226983 1.210701 1.194252 1.178257 1.178257 1.165611 1.161223 1.154663 1.145581 1.133883 1.119692 1.103426 1.085954 1.068829 1.054586 1.047215 1.053011 1.082522 1.158326 1.158326 1.398746 1.529444 1.645367 1.669298 1.669298 1.676968 1.676968 1.665950 1.665950 1.660796 1.607973 1.607973 1.506556 1.506556 1.474987 1.474987 1.474987 1.506220 1.506220 1.536497 1.536497 1.560992 1.560992 1.587093 1.587093 1.608999 1.608999
1.455998 1.455998 1.450128 1.351831 1.334498 1.334498 1.318774 1.290313 1.290313 1.263862 1.263862 1.238380 1.226179 1.214677 1.204159 1.204159 1.201571 1.200426 1.196645 1.190456 1.182277 1.172596 1.161976 1.151162 1.141267 1.134044 1.132321 1.140842 1.167944 1.233363 1.233363 1.424565 1.535839 1.629853 1.645662 1.645662 1.653104 1.653104 1.663065 1.663065 1.671626 1.669574 1.669574 1.614188 1.614188 1.563253 1.563253 1.563253 1.580063 1.580063 1.604081 1.604081 1.625680 1.625680 1.647476 1.647476 1.666248 1.666248
1.456116 1.456116 1.452604 1.352338 1.335372 1.335372 1.320142 1.293283 1.293283 1.269843 1.269843 1.249781 1.241542 1.234951 1.230145 1.230145 1.239077 1.241086 1.239246 1.234375 1.227439 1.219385 1.211096 1.203426 1.197315 1.193973 1.195249 1.204586 1.228514 1.283541 1.283541 1.438525 1.527660 1.593331 1.603508 1.603508 1.622343 1.622343 1.656003 1.656003 1.675257 1.702385 1.702385 1.688997 1.688997 1.641081 1.641081 1.641081 1.644589 1.644589 1.660406 1.660406 1.677735 1.677735 1.695440 1.695440 1.710771 1.710771
1.456068 1.456068 1.454108 1.352944 1.336324 1.336324 1.321573 1.296277 1.296277 1.275738 1.275738 1.260830 1.256423 1.254788 1.256240 1.256240 1.279323 1.284697 1.284411 1.279941 1.272834 1.264519 1.256260 1.249119 1.244000 1.241674 1.242961 1.250163 1.268474 1.311654 1.311654 1.433626 1.498707 1.537322 1.550168 1.550168 1.592088 1.592088 1.647413 1.647413 1.674547 1.718975 1.718975 1.734691 1.734691 1.706138 1.706138 1.706138 1.701787 1.701787 1.709214 1.709214 1.720949 1.720949 1.733958 1.733958 1.745405 1.745405
1.455862 1.455862 1.454595 1.353619 1.337313 1.337313 1.323003 1.299171 1.299171 1.281327 1.281327 1.271201 1.270437 1.273763 1.282165 1.282165 1.323450 1.332452 1.333418 1.328632 1.320281 1.310318 1.300426 1.291916 1.285705 1.282055 1.280195 1.281215 1.289739 1.319161 1.319161 1.401870 1.443240 1.469302 1.495145 1.495145 1.564788 1.564788 1.637117 1.637117 1.670007 1.725548 1.725548 1.759516 1.759516 1.755649 1.755649 1.755649 1.750554 1.750554 1.751764 1.751764 1.757462 1.757462 1.765096 1.765096 1.772134 1.772134
1.455501 1.455501 1.454014 1.354338 1.338299 1.338299 1.324378 1.301864 1.301864 1.286446 1.286446 1.280633 1.283232 1.291372 1.307279 1.307279 1.372799 1.385577 1.387410 1.381555 1.370928 1.358065 1.345158 1.333807 1.324969 1.318175 1.309297 1.297913 1.289733 1.299796 1.299796 1.345389 1.363602 1.396914 1.443467 1.443467 1.539333 1.539333 1.624431 1.624431 1.661782 1.725275 1.725275 1.770778 1.770778 1.789550 1.789550 1.789550 1.789228 1.789228 1.787770 1.787770 1.788217 1.788217 1.790221 1.790221 1.792335 1.792335
1.454984 1.454984 1.452307 1.355075 1.339242 1.339242 1.325643 1.304264 1.304264 1.290948 1.290948 1.288896 1.294490 1.307067 1.330400 1.330400 1.429134 1.445512 1.447473 1.439630 1.425651 1.408551 1.391222 1.375700 1.363053 1.351802 1.329644 1.295260 1.260833 1.245873 1.245873 1.257207 1.272582 1.343556 1.393484 1.393484 1.516552 1.516552 1.611312 1.611312 1.652111 1.721326 1.721326 1.774194 1.774194 1.810604 1.810604 1.810604 1.817543 1.817543 1.816733 1.816733 1.813617 1.813617 1.810349 1.810349 1.807289 1.807289
