simulation_files/asc/Velocity__x_129.0.asc
NCOLS        79
NROWS        79
XLLCENTER         -1.500000
YLLCENTER         -4.800000
CELLSIZE           0.100
NODATA_VALUE     -9999.0
[rows 0 to 25 of 79, columns 0 to 57 of 79]
-9999.000 -9999.000 -9999.000 -9999.000 -9999.000 -9999.000 -9999.000 -9999.000 -9999.000 -9999.000 -9999.000 -9999.000 -9999.000 -9999.000 -9999.000 0.1435628E-03 0.1170770E-02 0.3117589E-02 0.5039444E-02 0.6773661E-02 0.8236135E-02 0.9391626E-02 0.1024249E-01 0.1081831E-01 0.1116485E-01 0.1129192E-01 0.1107153E-01 0.1006340E-01 0.7196791E-02 0.3369000E-02 0.3369000E-02 -9999.000 -9999.000 -9999.000 -9999.000 -9999.000 -9999.000 -9999.000 -9999.000 -9999.000 -9999.000 -9999.000 -9999.000 -9999.000 -9999.000 -9999.000 -9999.000 -9999.000 -9999.000 -9999.000 -9999.000 -9999.000 -9999.000 -9999.000 -9999.000 -9999.000 -9999.000 -9999.000
-9999.000 -9999.000 -9999.000 -9999.000 -9999.000 -9999.000 -9999.000 -9999.000 -9999.000 -9999.000 -9999.000 -9999.000 -9999.000 -9999.000 -9999.000 0.9492175E-03 0.2858701E-02 0.5741552E-02 0.8574973E-02 0.1115222E-01 0.1334276E-01 0.1506876E-01 0.1629519E-01 0.1701694E-01 0.1724560E-01 0.1695728E-01 0.1599958E-01 0.1394259E-01 0.9822071E-02 0.4699337E-02 0.4699337E-02 -9999.000 -9999.000 -9999.000 -9999.000 -9999.000 -9999.000 -9999.000 -9999.000 -9999.000 -9999.000 -9999.000 -9999.000 -9999.000 -9999.000 -9999.000 -9999.000 -9999.000 -9999.000 -9999.000 -9999.000 -9999.000 -9999.000 -9999.000 -9999.000 -9999.000 -9999.000 -9999.000
-9999.000 -9999.000 -9999.000 -9999.000 -9999.000 -9999.000 -9999.000 -9999.000 -9999.000 -9999.000 -9999.000 -9999.000 -9999.000 -9999.000 -9999.000 0.1490267E-02 0.4026577E-02 0.7612759E-02 0.1110000E-01 0.1425460E-01 0.1692183E-01 0.1900275E-01 0.2044511E-01 0.2123130E-01 0.2136574E-01 0.2082210E-01 0.1944491E-01 0.1679303E-01 0.1186113E-01 0.5748380E-02 0.5748380E-02 -9999.000 -9999.000 -9999.000 -9999.000 -9999.000 -9999.000 -9999.000 -9999.000 -9999.000 -9999.000 -9999.000 -9999.000 -9999.000 -9999.000 -9999.000 -9999.000 -9999.000 -9999.000 -9999.000 -9999.000 -9999.000 -9999.000 -9999.000 -9999.000 -9999.000 -9999.000 -9999.000
-9999.000 -9999.000 -9999.000 -9999.000 -9999.000 -9999.000 -9999.000 -9999.000 -9999.000 -9999.000 -9999.000 -9999.000 -9999.000 -9999.000 -9999.000 0.1892736E-02 0.4897929E-02 0.9011591E-02 0.1298926E-01 0.1657655E-01 0.1960097E-01 0.2195044E-01 0.2356334E-01 0.2441665E-01 0.2451430E-01 0.2382934E-01 0.2219976E-01 0.1915965E-01 0.1363226E-01 0.6686620E-02 0.6686620E-02 -9999.000 -9999.000 -9999.000 -9999.000 -9999.000 -9999.000 -9999.000 -9999.000 -9999.000 -9999.000 -9999.000 -9999.000 -9999.000 -9999.000 -9999.000 -9999.000 -9999.000 -9999.000 -9999.000 -9999.000 -9999.000 -9999.000 -9999.000 -9999.000 -9999.000 -9999.000 -9999.000
-9999.000 -9999.000 -9999.000 -9999.000 -9999.000 -9999.000 -9999.000 -9999.000 -9999.000 -9999.000 -9999.000 -9999.000 -9999.000 -9999.000 -9999.000 0.2222365E-02 0.5609167E-02 0.1015021E-01 0.1452806E-01 0.1847219E-01 0.2179667E-01 0.2437973E-01 0.2615380E-01 0.2709344E-01 0.2720288E-01 0.2645464E-01 0.2467578E-01 0.2136560E-01 0.1535343E-01 0.7623452E-02 0.7623452E-02 -9999.000 -9999.000 -9999.000 -9999.000 -9999.000 -9999.000 -9999.000 -9999.000 -9999.000 -9999.000 -9999.000 -9999.000 -9999.000 -9999.000 -9999.000 -9999.000 -9999.000 -9999.000 -9999.000 -9999.000 -9999.000 -9999.000 -9999.000 -9999.000 -9999.000 -9999.000 -9999.000
-9999.000 -9999.000 -9999.000 -9999.000 -9999.000 -9999.000 -9999.000 -9999.000 -9999.000 -9999.000 -9999.000 -9999.000 -9999.000 -9999.000 -9999.000 0.2522919E-02 0.6252786E-02 0.1117333E-01 0.1590886E-01 0.2017633E-01 0.2377856E-01 0.2658609E-01 0.2852754E-01 0.2957604E-01 0.2973715E-01 0.2898233E-01 0.2712393E-01 0.2361716E-01 0.1717423E-01 0.8637372E-02 0.8637372E-02 -9999.000 -9999.000 -9999.000 -9999.000 -9999.000 -9999.000 -9999.000 -9999.000 -9999.000 -9999.000 -9999.000 -9999.000 -9999.000 -9999.000 -9999.000 -9999.000 -9999.000 -9999.000 -9999.000 -9999.000 -9999.000 -9999.000 -9999.000 -9999.000 -9999.000 -9999.000 -9999.000
-9999.000 -9999.000 -9999.000 -9999.000 -9999.000 -9999.000 -9999.000 -9999.000 -9999.000 -9999.000 -9999.000 -9999.000 -9999.000 -9999.000 -9999.000 0.2823522E-02 0.6889996E-02 0.1217640E-01 0.1725818E-01 0.2184226E-01 0.2572171E-01 0.2876091E-01 0.3088575E-01 0.3206892E-01 0.3231867E-01 0.3160490E-01 0.2972141E-01 0.2606938E-01 0.1921759E-01 0.9797029E-02 0.9797029E-02 -9999.000 -9999.000 -9999.000 -9999.000 -9999.000 -9999.000 -9999.000 -9999.000 -9999.000 -9999.000 -9999.000 -9999.000 -9999.000 -9999.000 -9999.000 -9999.000 -9999.000 -9999.000 -9999.000 -9999.000 -9999.000 -9999.000 -9999.000 -9999.000 -9999.000 -9999.000 -9999.000
-9999.000 -9999.000 -9999.000 -9999.000 -9999.000 -9999.000 -9999.000 -9999.000 -9999.000 -9999.000 -9999.000 -9999.000 -9999.000 -9999.000 -9999.000 0.3144252E-02 0.7562805E-02 0.1322480E-01 0.1866235E-01 0.2357531E-01 0.2774758E-01 0.3103838E-01 0.3337218E-01 0.3472213E-01 0.3510047E-01 0.3447538E-01 0.3261829E-01 0.2886471E-01 0.2160846E-01 0.1117701E-01 0.1117701E-01 -9999.000 -9999.000 -9999.000 -9999.000 -9999.000 -9999.000 -9999.000 -9999.000 -9999.000 -9999.000 -9999.000 -9999.000 -9999.000 -9999.000 -9999.000 -9999.000 -9999.000 -9999.000 -9999.000 -9999.000 -9999.000 -9999.000 -9999.000 -9999.000 -9999.000 -9999.000 -9999.000
-9999.000 -9999.000 -9999.000 -9999.000 -9999.000 -9999.000 -9999.000 -9999.000 -9999.000 -9999.000 -9999.000 -9999.000 -9999.000 -9999.000 -9999.000 0.3500550E-02 0.8303345E-02 0.1436816E-01 0.2018828E-01 0.2545779E-01 0.2995259E-01 0.3352765E-01 0.3610719E-01 0.3766629E-01 0.3822237E-01 0.3774215E-01 0.3596976E-01 0.3216172E-01 0.2449751E-01 0.1287110E-01 0.1287110E-01 -9999.000 -9999.000 -9999.000 -9999.000 -9999.000 -9999.000 -9999.000 -9999.000 -9999.000 -9999.000 -9999.000 -9999.000 -9999.000 -9999.000 -9999.000 -9999.000 -9999.000 -9999.000 -9999.000 -9999.000 -9999.000 -9999.000 -9999.000 -9999.000 -9999.000 -9999.000 -9999.000
-9999.000 -9999.000 -9999.000 -9999.000 -9999.000 -9999.000 -9999.000 -9999.000 -9999.000 -9999.000 -9999.000 -9999.000 -9999.000 -9999.000 -9999.000 0.3906043E-02 0.9140933E-02 0.1565320E-01 0.2189874E-01 0.2756808E-01 0.3243030E-01 0.3633706E-01 0.3921426E-01 0.4104012E-01 0.4183936E-01 0.4157737E-01 0.3996551E-01 0.3616384E-01 0.2808869E-01 0.1500992E-01 0.1500992E-01 -9999.000 -9999.000 -9999.000 -9999.000 -9999.000 -9999.000 -9999.000 -9999.000 -9999.000 -9999.000 -9999.000 -9999.000 -9999.000 -9999.000 -9999.000 -9999.000 -9999.000 -9999.000 -9999.000 -9999.000 -9999.000 -9999.000 -9999.000 -9999.000 -9999.000 -9999.000 -9999.000
-9999.000 -9999.000 -9999.000 -9999.000 -9999.000 -9999.000 -9999.000 -9999.000 -9999.000 -9999.000 -9999.000 -9999.000 -9999.000 -9999.000 -9999.000 0.4376394E-02 0.1010831E-01 0.1713181E-01 0.2386480E-01 0.2999679E-01 0.3529049E-01 0.3959653E-01 0.4284422E-01 0.4501709E-01 0.4615047E-01 0.4620834E-01 0.4486246E-01 0.4115625E-01 0.3267942E-01 0.1778813E-01 0.1778813E-01 -9999.000 -9999.000 -9999.000 -9999.000 -9999.000 -9999.000 -9999.000 -9999.000 -9999.000 -9999.000 -9999.000 -9999.000 -9999.000 -9999.000 -9999.000 -9999.000 -9999.000 -9999.000 -9999.000 -9999.000 -9999.000 -9999.000 -9999.000 -9999.000 -9999.000 -9999.000 -9999.000
-9999.000 -9999.000 -9999.000 -9999.000 -9999.000 -9999.000 -9999.000 -9999.000 -9999.000 -9999.000 -9999.000 -9999.000 -9999.000 -9999.000 -9999.000 0.4931381E-02 0.1124805E-01 0.1887308E-01 0.2618201E-01 0.3286583E-01 0.3868298E-01 0.4348469E-01 0.4720696E-01 0.4984226E-01 0.5144004E-01 0.5196518E-01 0.5104181E-01 0.4756978E-01 0.3873094E-01 0.2151155E-01 0.2151155E-01 -9999.000 -9999.000 -9999.000 -9999.000 -9999.000 -9999.000 -9999.000 -9999.000 -9999.000 -9999.000 -9999.000 -9999.000 -9999.000 -9999.000 -9999.000 -9999.000 -9999.000 -9999.000 -9999.000 -9999.000 -9999.000 -9999.000 -9999.000 -9999.000 -9999.000 -9999.000 -9999.000
-9999.000 -9999.000 -9999.000 -9999.000 -9999.000 -9999.000 -9999.000 -9999.000 -9999.000 -9999.000 -9999.000 -9999.000 -9999.000 -9999.000 -9999.000 0.5600811E-02 0.1262490E-01 0.2098140E-01 0.2899552E-01 0.3636212E-01 0.4283718E-01 0.4827633E-01 0.5262658E-01 0.5589470E-01 0.5815192E-01 0.5936664E-01 0.5910707E-01 0.5609690E-01 0.4700247E-01 0.2668824E-01 0.2668824E-01 -9999.000 -9999.000 -9999.000 -9999.000 -9999.000 -9999.000 -9999.000 -9999.000 -9999.000 -9999.000 -9999.000 -9999.000 -9999.000 -9999.000 -9999.000 -9999.000 -9999.000 -9999.000 -9999.000 -9999.000 -9999.000 -9999.000 -9999.000 -9999.000 -9999.000 -9999.000 -9999.000
-9999.000 -9999.000 -9999.000 -9999.000 -9999.000 -9999.000 -9999.000 -9999.000 -9999.000 -9999.000 -9999.000 -9999.000 -9999.000 -9999.000 -9999.000 0.6501628E-02 0.1446925E-01 0.2380034E-01 0.3274259E-01 0.4099952E-01 0.4833168E-01 0.5460934E-01 0.5980310E-01 0.6394677E-01 0.6714789E-01 0.6938712E-01 0.7017036E-01 0.6800534E-01 0.5889823E-01 0.3429208E-01 0.3429208E-01 -9999.000 -9999.000 -9999.000 -9999.000 -9999.000 -9999.000 -9999.000 -9999.000 -9999.000 -9999.000 -9999.000 -9999.000 -9999.000 -9999.000 -9999.000 -9999.000 -9999.000 -9999.000 -9999.000 -9999.000 -9999.000 -9999.000 -9999.000 -9999.000 -9999.000 -9999.000 -9999.000
-9999.000 -9999.000 -9999.000 -9999.000 -9999.000 -9999.000 -9999.000 -9999.000 -9999.000 -9999.000 -9999.000 -9999.000 -9999.000 -9999.000 -9999.000 0.2129041E-01 0.3565413E-01 0.4978027E-01 0.6083822E-01 0.6932648E-01 0.7566372E-01 0.8025026E-01 0.8345580E-01 0.8558378E-01 0.8692288E-01 0.8746886E-01 0.8665587E-01 0.8278658E-01 0.7128788E-01 0.3716981E-01 0.3716981E-01 -9999.000 -9999.000 -9999.000 -9999.000 -9999.000 -9999.000 -9999.000 -9999.000 -9999.000 -9999.000 -9999.000 -9999.000 -9999.000 -9999.000 -9999.000 -9999.000 -9999.000 -9999.000 -9999.000 -9999.000 -9999.000 -9999.000 -9999.000 -9999.000 -9999.000 -9999.000 -9999.000
2.268220 2.268220 2.313712 2.357502 2.364764 2.364764 2.369493 2.374688 2.374688 2.376399 2.376399 2.375803 2.374845 2.373525 2.371887 2.371887 2.199312 2.164640 2.122741 2.069089 2.001271 1.918351 1.820476 1.708837 1.586360 1.457294 1.328785 1.214383 1.140588 1.161066 1.161066 2.026592 2.175449 2.217674 2.217263 2.217263 2.195343 2.195343 2.106165 2.106165 2.020094 1.547703 1.547703 1.382316 1.382316 1.376945 1.376945 1.376945 1.425770 1.425770 1.477652 1.477652 1.525900 1.525900 1.566458 1.566458 1.597031 1.597031
2.282952 2.282952 2.343441 2.400531 2.417519 2.417519 2.431964 2.456471 2.456471 2.477333 2.477333 2.495735 2.504222 2.512311 2.520041 2.520041 2.428042 2.417160 2.412098 2.404742 2.390449 2.366234 2.329933 2.279992 2.212396 2.132023 2.041003 1.947541 1.870127 1.857891 1.857891 2.344894 2.499588 2.621176 2.646132 2.646132 2.656612 2.656612 2.613308 2.613308 2.565082 2.287069 2.287069 2.087447 2.087447 2.073732 2.073732 2.073732 2.120612 2.120612 2.169725 2.169725 2.216712 2.216712 2.258451 2.258451 2.293577 2.293577
2.286160 2.286160 2.347522 2.400779 2.417925 2.417925 2.432600 2.457604 2.457604 2.479003 2.479003 2.498010 2.506832 2.515275 2.523380 2.523380 2.455877 2.448196 2.453493 2.461953 2.467930 2.468403 2.461415 2.445411 2.417717 2.379487 2.331166 2.276641 2.226708 2.213887 2.213887 2.545675 2.688381 2.835278 2.870196 2.870196 2.887331 2.887331 2.843237 2.843237 2.800418 2.623217 2.623217 2.445475 2.445475 2.405538 2.405538 2.405538 2.441417 2.441417 2.482519 2.482519 2.522271 2.522271 2.558139 2.558139 2.587864 2.587864
2.288706 2.288706 2.350641 2.400705 2.417791 2.417791 2.432513 2.457607 2.457607 2.479035 2.479035 2.498048 2.506874 2.515322 2.523436 2.523436 2.474243 2.467708 2.476667 2.491352 2.505263 2.515126 2.519298 2.516797 2.506062 2.487669 2.462076 2.431786 2.404276 2.402584 2.402584 2.618265 2.752540 2.907619 2.945497 2.945497 2.957726 2.957726 2.906776 2.906776 2.869123 2.756563 2.756563 2.616862 2.616862 2.553766 2.553766 2.553766 2.580158 2.580158 2.616652 2.616652 2.653311 2.653311 2.686041 2.686041 2.712790 2.712790
2.290646 2.290646 2.352998 2.400669 2.417659 2.417659 2.432411 2.457594 2.457594 2.479044 2.479044 2.498052 2.506873 2.515319 2.523431 2.523431 2.492366 2.489802 2.502157 2.521091 2.539954 2.555130 2.564874 2.568390 2.564817 2.554685 2.538855 2.519583 2.502734 2.505206 2.505206 2.650140 2.769210 2.915526 2.946768 2.946768 2.941205 2.941205 2.889670 2.889670 2.864080 2.806153 2.806153 2.716665 2.716665 2.641627 2.641627 2.641627 2.655617 2.655617 2.685825 2.685825 2.718869 2.718869 2.748714 2.748714 2.773011 2.773011
2.292009 2.292009 2.354647 2.400659 2.417552 2.417552 2.432324 2.457582 2.457582 2.479052 2.479052 2.498055 2.506872 2.515316 2.523427 2.523427 2.510571 2.514954 2.531759 2.554499 2.577246 2.596387 2.610032 2.617302 2.617588 2.611274 2.599364 2.584050 2.570301 2.570957 2.570957 2.667764 2.765757 2.881664 2.895033 2.895033 2.868254 2.868254 2.834945 2.834945 2.828135 2.817153 2.817153 2.776101 2.776101 2.706192 2.706192 2.706192 2.707279 2.707279 2.728753 2.728753 2.756460 2.756460 2.782714 2.782714 2.804140 2.804140
2.292817 2.292817 2.355623 2.400662 2.417483 2.417483 2.432265 2.457572 2.457572 2.479058 2.479058 2.498058 2.506873 2.515314 2.523425 2.523425 2.529547 2.543235 2.565812 2.592387 2.618325 2.640497 2.657081 2.667131 2.670078 2.666078 2.655986 2.641749 2.627561 2.623167 2.623167 2.683011 2.752404 2.807994 2.796230 2.796230 2.765578 2.765578 2.770812 2.770812 2.784042 2.809584 2.809584 2.807382 2.807382 2.757407 2.757407 2.757407 2.749232 2.749232 2.760908 2.760908 2.781538 2.781538 2.802830 2.802830 2.820459 2.820459
2.293084 2.293084 2.355945 2.400665 2.417458 2.417458 2.432245 2.457569 2.457569 2.479061 2.479061 2.498059 2.506873 2.515314 2.523424 2.523424 2.550565 2.575217 2.604705 2.635310 2.663890 2.688185 2.706739 2.718689 2.723495 2.721114 2.712119 2.698045 2.682207 2.671322 2.671322 2.698390 2.725888 2.688490 2.660570 2.660570 2.661014 2.661014 2.711453 2.711453 2.740849 2.792226 2.792226 2.818411 2.818411 2.796262 2.796262 2.796262 2.785052 2.785052 2.788068 2.788068 2.800482 2.800482 2.815349 2.815349 2.828061 2.828061
2.292816 2.292816 2.355622 2.400662 2.417482 2.417482 2.432265 2.457572 2.457572 2.479058 2.479058 2.498057 2.506873 2.515314 2.523424 2.523424 2.575442 2.612068 2.649121 2.683825 2.714506 2.739987 2.759427 2.772249 2.778027 2.776607 2.768285 2.754121 2.736357 2.717647 2.717647 2.707407 2.666939 2.528614 2.514757 2.514757 2.573169 2.573169 2.659763 2.659763 2.700099 2.769099 2.769099 2.815409 2.815409 2.822193 2.822193 2.822193 2.814082 2.814082 2.811360 2.811360 2.815543 2.815543 2.822875 2.822875 2.829607 2.829607
2.292008 2.292008 2.354646 2.400659 2.417552 2.417552 2.432323 2.457580 2.457580 2.479052 2.479052 2.498055 2.506872 2.515316 2.523427 2.523427 2.606630 2.655612 2.700161 2.738597 2.770634 2.796244 2.815366 2.827868 2.833551 2.832269 2.824112 2.809665 2.789656 2.758968 2.758968 2.688351 2.540197 2.361709 2.390920 2.390920 2.503839 2.503839 2.613158 2.613158 2.660475 2.741802 2.741802 2.802395 2.802395 2.834911 2.834911 2.834911 2.834036 2.834036 2.829127 2.829127 2.826218 2.826218 2.825585 2.825585 2.825591 2.825591
2.290645 2.290645 2.352998 2.400668 2.417659 2.417659 2.432411 2.457594 2.457594 2.479044 2.479044 2.498052 2.506872 2.515318 2.523431 2.523431 2.647459 2.708388 2.759383 2.800409 2.832582 2.857001 2.874427 2.885269 2.889643 2.887501 2.878829 2.863708 2.839847 2.782276 2.782276 2.590538 2.319989 2.231486 2.294353 2.294353 2.443779 2.443779 2.566865 2.566865 2.618818 2.709391 2.709391 2.780303 2.780303 2.833712 2.833712 2.833712 2.841769 2.841769 2.837678 2.837678 2.829533 2.829533 2.821320 2.821320 2.814417 2.814417
