simulation_files/asc/Velocity__x_161.0.asc
NCOLS        79
NROWS        79
XLLCENTER         -1.500000
YLLCENTER         -4.800000
CELLSIZE           0.100
NODATA_VALUE     -9999.0
[rows 0 to 25 of 79, columns 0 to 57 of 79]
-9999.000 -9999.000 -9999.000 -9999.000 -9999.000 -9999.000 -9999.000 -9999.000 -9999.000 -9999.000 -9999.000 -9999.000 -9999.000 -9999.000 -9999.000 0.7640375E-03 0.2528676E-02 0.5301835E-02 0.7994268E-02 0.1039022E-01 0.1233778E-01 0.1373790E-01 0.1457345E-01 0.1486934E-01 0.1465478E-01 0.1397584E-01 0.1284525E-01 0.1109251E-01 0.7974499E-02 0.3920677E-02 0.3920677E-02 -9999.000 -9999.000 -9999.000 -9999.000 -9999.000 -9999.000 -9999.000 -9999.000 -9999.000 -9999.000 -9999.000 -9999.000 -9999.000 -9999.000 -9999.000 -9999.000 -9999.000 -9999.000 -9999.000 -9999.000 -9999.000 -9999.000 -9999.000 -9999.000 -9999.000 -9999.000 -9999.000
-9999.000 -9999.000 -9999.000 -9999.000 -9999.000 -9999.000 -9999.000 -9999.000 -9999.000 -9999.000 -9999.000 -9999.000 -9999.000 -9999.000 -9999.000 0.1815180E-02 0.4674526E-02 0.8552100E-02 0.1227168E-01 0.1557278E-01 0.1825775E-01 0.2018657E-01 0.2130516E-01 0.2160939E-01 0.2110977E-01 0.1984131E-01 0.1781644E-01 0.1489409E-01 0.1044724E-01 0.5131163E-02 0.5131163E-02 -9999.000 -9999.000 -9999.000 -9999.000 -9999.000 -9999.000 -9999.000 -9999.000 -9999.000 -9999.000 -9999.000 -9999.000 -9999.000 -9999.000 -9999.000 -9999.000 -9999.000 -9999.000 -9999.000 -9999.000 -9999.000 -9999.000 -9999.000 -9999.000 -9999.000 -9999.000 -9999.000
-9999.000 -9999.000 -9999.000 -9999.000 -9999.000 -9999.000 -9999.000 -9999.000 -9999.000 -9999.000 -9999.000 -9999.000 -9999.000 -9999.000 -9999.000 0.2406302E-02 0.5914759E-02 0.1048612E-01 0.1483706E-01 0.1868112E-01 0.2179667E-01 0.2402334E-01 0.2529344E-01 0.2559500E-01 0.2493547E-01 0.2335426E-01 0.2087435E-01 0.1736451E-01 0.1218906E-01 0.6024945E-02 0.6024945E-02 -9999.000 -9999.000 -9999.000 -9999.000 -9999.000 -9999.000 -9999.000 -9999.000 -9999.000 -9999.000 -9999.000 -9999.000 -9999.000 -9999.000 -9999.000 -9999.000 -9999.000 -9999.000 -9999.000 -9999.000 -9999.000 -9999.000 -9999.000 -9999.000 -9999.000 -9999.000 -9999.000
-9999.000 -9999.000 -9999.000 -9999.000 -9999.000 -9999.000 -9999.000 -9999.000 -9999.000 -9999.000 -9999.000 -9999.000 -9999.000 -9999.000 -9999.000 0.2795594E-02 0.6732381E-02 0.1176261E-01 0.1653473E-01 0.2074406E-01 0.2415280E-01 0.2658715E-01 0.2797270E-01 0.2829441E-01 0.2755828E-01 0.2580748E-01 0.2306973E-01 0.1921200E-01 0.1356614E-01 0.6760763E-02 0.6760763E-02 -9999.000 -9999.000 -9999.000 -9999.000 -9999.000 -9999.000 -9999.000 -9999.000 -9999.000 -9999.000 -9999.000 -9999.000 -9999.000 -9999.000 -9999.000 -9999.000 -9999.000 -9999.000 -9999.000 -9999.000 -9999.000 -9999.000 -9999.000 -9999.000 -9999.000 -9999.000 -9999.000
-9999.000 -9999.000 -9999.000 -9999.000 -9999.000 -9999.000 -9999.000 -9999.000 -9999.000 -9999.000 -9999.000 -9999.000 -9999.000 -9999.000 -9999.000 0.3093254E-02 0.7355919E-02 0.1273407E-01 0.1782877E-01 0.2232167E-01 0.2596282E-01 0.2856844E-01 0.3005996E-01 0.3042088E-01 0.2965632E-01 0.2781185E-01 0.2491686E-01 0.2082964E-01 0.1483540E-01 0.7463322E-02 0.7463322E-02 -9999.000 -9999.000 -9999.000 -9999.000 -9999.000 -9999.000 -9999.000 -9999.000 -9999.000 -9999.000 -9999.000 -9999.000 -9999.000 -9999.000 -9999.000 -9999.000 -9999.000 -9999.000 -9999.000 -9999.000 -9999.000 -9999.000 -9999.000 -9999.000 -9999.000 -9999.000 -9999.000
-9999.000 -9999.000 -9999.000 -9999.000 -9999.000 -9999.000 -9999.000 -9999.000 -9999.000 -9999.000 -9999.000 -9999.000 -9999.000 -9999.000 -9999.000 0.3355541E-02 0.7903701E-02 0.1358495E-01 0.1896221E-01 0.2370671E-01 0.2755814E-01 0.3032377E-01 0.3192310E-01 0.3233955E-01 0.3157655E-01 0.2968199E-01 0.2668560E-01 0.2243213E-01 0.1614637E-01 0.8209096E-02 0.8209096E-02 -9999.000 -9999.000 -9999.000 -9999.000 -9999.000 -9999.000 -9999.000 -9999.000 -9999.000 -9999.000 -9999.000 -9999.000 -9999.000 -9999.000 -9999.000 -9999.000 -9999.000 -9999.000 -9999.000 -9999.000 -9999.000 -9999.000 -9999.000 -9999.000 -9999.000 -9999.000 -9999.000
-9999.000 -9999.000 -9999.000 -9999.000 -9999.000 -9999.000 -9999.000 -9999.000 -9999.000 -9999.000 -9999.000 -9999.000 -9999.000 -9999.000 -9999.000 0.3611478E-02 0.8436913E-02 0.1441099E-01 0.2006234E-01 0.2505271E-01 0.2911232E-01 0.3204090E-01 0.3375714E-01 0.3424501E-01 0.3350683E-01 0.3159270E-01 0.2853125E-01 0.2414958E-01 0.1759799E-01 0.9052361E-02 0.9052361E-02 -9999.000 -9999.000 -9999.000 -9999.000 -9999.000 -9999.000 -9999.000 -9999.000 -9999.000 -9999.000 -9999.000 -9999.000 -9999.000 -9999.000 -9999.000 -9999.000 -9999.000 -9999.000 -9999.000 -9999.000 -9999.000 -9999.000 -9999.000 -9999.000 -9999.000 -9999.000 -9999.000
-9999.000 -9999.000 -9999.000 -9999.000 -9999.000 -9999.000 -9999.000 -9999.000 -9999.000 -9999.000 -9999.000 -9999.000 -9999.000 -9999.000 -9999.000 0.3876620E-02 0.8988695E-02 0.1526475E-01 0.2119888E-01 0.2644458E-01 0.3072332E-01 0.3382698E-01 0.3567509E-01 0.3625342E-01 0.3556237E-01 0.3365518E-01 0.3055899E-01 0.2607821E-01 0.1927300E-01 0.1004254E-01 0.1004254E-01 -9999.000 -9999.000 -9999.000 -9999.000 -9999.000 -9999.000 -9999.000 -9999.000 -9999.000 -9999.000 -9999.000 -9999.000 -9999.000 -9999.000 -9999.000 -9999.000 -9999.000 -9999.000 -9999.000 -9999.000 -9999.000 -9999.000 -9999.000 -9999.000 -9999.000 -9999.000 -9999.000
-9999.000 -9999.000 -9999.000 -9999.000 -9999.000 -9999.000 -9999.000 -9999.000 -9999.000 -9999.000 -9999.000 -9999.000 -9999.000 -9999.000 -9999.000 0.4160138E-02 0.9579489E-02 0.1617900E-01 0.2241644E-01 0.2793749E-01 0.3245501E-01 0.3575326E-01 0.3775455E-01 0.3844690E-01 0.3782919E-01 0.3595866E-01 0.3285969E-01 0.2830942E-01 0.2125870E-01 0.1123490E-01 0.1123490E-01 -9999.000 -9999.000 -9999.000 -9999.000 -9999.000 -9999.000 -9999.000 -9999.000 -9999.000 -9999.000 -9999.000 -9999.000 -9999.000 -9999.000 -9999.000 -9999.000 -9999.000 -9999.000 -9999.000 -9999.000 -9999.000 -9999.000 -9999.000 -9999.000 -9999.000 -9999.000 -9999.000
-9999.000 -9999.000 -9999.000 -9999.000 -9999.000 -9999.000 -9999.000 -9999.000 -9999.000 -9999.000 -9999.000 -9999.000 -9999.000 -9999.000 -9999.000 0.4469124E-02 0.1022459E-01 0.1717966E-01 0.2375089E-01 0.2957638E-01 0.3436087E-01 0.3788151E-01 0.4006472E-01 0.4090212E-01 0.4039109E-01 0.3859381E-01 0.3553193E-01 0.3094909E-01 0.2366426E-01 0.1270128E-01 0.1270128E-01 -9999.000 -9999.000 -9999.000 -9999.000 -9999.000 -9999.000 -9999.000 -9999.000 -9999.000 -9999.000 -9999.000 -9999.000 -9999.000 -9999.000 -9999.000 -9999.000 -9999.000 -9999.000 -9999.000 -9999.000 -9999.000 -9999.000 -9999.000 -9999.000 -9999.000 -9999.000 -9999.000
-9999.000 -9999.000 -9999.000 -9999.000 -9999.000 -9999.000 -9999.000 -9999.000 -9999.000 -9999.000 -9999.000 -9999.000 -9999.000 -9999.000 -9999.000 0.4810721E-02 0.1094043E-01 0.1829351E-01 0.2523926E-01 0.3140867E-01 0.3649858E-01 0.4027907E-01 0.4268308E-01 0.4370725E-01 0.4334772E-01 0.4167319E-01 0.3870226E-01 0.3413816E-01 0.2663986E-01 0.1454216E-01 0.1454216E-01 -9999.000 -9999.000 -9999.000 -9999.000 -9999.000 -9999.000 -9999.000 -9999.000 -9999.000 -9999.000 -9999.000 -9999.000 -9999.000 -9999.000 -9999.000 -9999.000 -9999.000 -9999.000 -9999.000 -9999.000 -9999.000 -9999.000 -9999.000 -9999.000 -9999.000 -9999.000 -9999.000
-9999.000 -9999.000 -9999.000 -9999.000 -9999.000 -9999.000 -9999.000 -9999.000 -9999.000 -9999.000 -9999.000 -9999.000 -9999.000 -9999.000 -9999.000 0.5194022E-02 0.1174722E-01 0.1955464E-01 0.2692958E-01 0.3349587E-01 0.3894301E-01 0.4303424E-01 0.4571231E-01 0.4698061E-01 0.4683421E-01 0.4535133E-01 0.4254762E-01 0.3807698E-01 0.3040421E-01 0.1690519E-01 0.1690519E-01 -9999.000 -9999.000 -9999.000 -9999.000 -9999.000 -9999.000 -9999.000 -9999.000 -9999.000 -9999.000 -9999.000 -9999.000 -9999.000 -9999.000 -9999.000 -9999.000 -9999.000 -9999.000 -9999.000 -9999.000 -9999.000 -9999.000 -9999.000 -9999.000 -9999.000 -9999.000 -9999.000
-9999.000 -9999.000 -9999.000 -9999.000 -9999.000 -9999.000 -9999.000 -9999.000 -9999.000 -9999.000 -9999.000 -9999.000 -9999.000 -9999.000 -9999.000 0.5633057E-02 0.1267583E-01 0.2101346E-01 0.2889144E-01 0.3592714E-01 0.4180271E-01 0.4627544E-01 0.4930208E-01 0.5089510E-01 0.5104961E-01 0.4985774E-01 0.4733255E-01 0.4306826E-01 0.3529209E-01 0.2001793E-01 0.2001793E-01 -9999.000 -9999.000 -9999.000 -9999.000 -9999.000 -9999.000 -9999.000 -9999.000 -9999.000 -9999.000 -9999.000 -9999.000 -9999.000 -9999.000 -9999.000 -9999.000 -9999.000 -9999.000 -9999.000 -9999.000 -9999.000 -9999.000 -9999.000 -9999.000 -9999.000 -9999.000 -9999.000
-9999.000 -9999.000 -9999.000 -9999.000 -9999.000 -9999.000 -9999.000 -9999.000 -9999.000 -9999.000 -9999.000 -9999.000 -9999.000 -9999.000 -9999.000 0.6211995E-02 0.1388576E-01 0.2289586E-01 0.3139736E-01 0.3900416E-01 0.4539704E-01 0.5033429E-01 0.5379723E-01 0.5581316E-01 0.5638213E-01 0.5561686E-01 0.5352903E-01 0.4964047E-01 0.4188313E-01 0.2428793E-01 0.2428793E-01 -9999.000 -9999.000 -9999.000 -9999.000 -9999.000 -9999.000 -9999.000 -9999.000 -9999.000 -9999.000 -9999.000 -9999.000 -9999.000 -9999.000 -9999.000 -9999.000 -9999.000 -9999.000 -9999.000 -9999.000 -9999.000 -9999.000 -9999.000 -9999.000 -9999.000 -9999.000 -9999.000
-9999.000 -9999.000 -9999.000 -9999.000 -9999.000 -9999.000 -9999.000 -9999.000 -9999.000 -9999.000 -9999.000 -9999.000 -9999.000 -9999.000 -9999.000 0.2296918E-01 0.3780342E-01 0.4871584E-01 0.5720067E-01 0.6296112E-01 0.6640533E-01 0.6790439E-01 0.6796844E-01 0.6685387E-01 0.6476907E-01 0.6191630E-01 0.5828989E-01 0.5328893E-01 0.4455993E-01 0.2236363E-01 0.2236363E-01 -9999.000 -9999.000 -9999.000 -9999.000 -9999.000 -9999.000 -9999.000 -9999.000 -9999.000 -9999.000 -9999.000 -9999.000 -9999.000 -9999.000 -9999.000 -9999.000 -9999.000 -9999.000 -9999.000 -9999.000 -9999.000 -9999.000 -9999.000 -9999.000 -9999.000 -9999.000 -9999.000
2.601116 2.601116 2.645007 2.685563 2.690691 2.690691 2.693515 2.695242 2.695242 2.693647 2.693647 2.689795 2.687245 2.684372 2.681228 2.681228 2.729511 2.727487 2.713839 2.685785 2.640535 2.576288 2.490295 2.385576 2.262038 2.121775 1.969070 1.813996 1.681825 1.636182 1.636182 2.451547 2.613612 2.698397 2.718179 2.718179 2.741152 2.741152 2.710277 2.710277 2.660238 2.467149 2.467149 2.024627 2.024627 1.846462 1.846462 1.846462 1.850318 1.850318 1.887787 1.887787 1.934163 1.934163 1.980228 1.980228 2.020160 2.020160
2.618786 2.618786 2.677231 2.733676 2.749563 2.749563 2.763114 2.786176 2.786176 2.805778 2.805778 2.822986 2.830905 2.838455 2.845687 2.845687 2.880845 2.889832 2.897737 2.903238 2.904181 2.898077 2.881738 2.853486 2.810773 2.751803 2.675930 2.584910 2.485794 2.423088 2.423088 2.864748 3.017233 3.158114 3.194746 3.194746 3.233255 3.233255 3.226042 3.226042 3.200397 3.090001 3.090001 2.845237 2.845237 2.640897 2.640897 2.640897 2.644209 2.644209 2.683071 2.683071 2.732455 2.732455 2.781393 2.781393 2.824671 2.824671
2.622713 2.622713 2.681272 2.733938 2.750032 2.750032 2.763850 2.787476 2.787476 2.807673 2.807673 2.825538 2.833819 2.841754 2.849396 2.849396 2.881804 2.898430 2.916086 2.932899 2.947153 2.957383 2.961917 2.959785 2.949447 2.929258 2.897849 2.855096 2.804432 2.771184 2.771184 3.029340 3.177850 3.344726 3.391575 3.391575 3.435868 3.435868 3.419418 3.419418 3.387889 3.287054 3.287054 3.125581 3.125581 2.930920 2.930920 2.930920 2.919393 2.919393 2.948308 2.948308 2.990357 2.990357 3.033207 3.033207 3.071788 3.071788
2.625876 2.625876 2.684496 2.733868 2.749940 2.749940 2.763800 2.787488 2.787488 2.807703 2.807703 2.825577 2.833864 2.841808 2.849460 2.849460 2.881731 2.905426 2.931411 2.956553 2.978745 2.996627 3.009123 3.015788 3.016124 3.009540 2.995466 2.973908 2.947051 2.931064 2.931064 3.090250 3.223289 3.398746 3.450875 3.450875 3.491877 3.491877 3.456115 3.456115 3.417208 3.329634 3.329634 3.229881 3.229881 3.069316 3.069316 3.069316 3.043123 3.043123 3.060473 3.060473 3.095576 3.095576 3.134245 3.134245 3.169929 3.169929
2.628301 2.628301 2.686956 2.733817 2.749844 2.749844 2.763739 2.787484 2.787484 2.807707 2.807707 2.825578 2.833863 2.841806 2.849457 2.849457 2.884534 2.915157 2.949011 2.981860 3.011177 3.035497 3.053866 3.065897 3.071421 3.070370 3.062790 3.049155 3.031418 3.020654 3.020654 3.120168 3.231409 3.398574 3.446852 3.446852 3.465708 3.465708 3.406862 3.406862 3.369139 3.312342 3.312342 3.266623 3.266623 3.154208 3.154208 3.154208 3.118455 3.118455 3.122447 3.122447 3.148476 3.148476 3.181785 3.181785 3.213975 3.213975
2.630018 2.630018 2.688679 2.733791 2.749764 2.749764 2.763685 2.787480 2.787480 2.807710 2.807710 2.825578 2.833862 2.841804 2.849454 2.849454 2.891027 2.928826 2.970156 3.010064 3.045812 3.075901 3.099450 3.116053 3.125586 3.128106 3.123851 3.113457 3.098689 3.087399 3.087399 3.146528 3.232297 3.371439 3.401978 3.401978 3.378522 3.378522 3.312119 3.312119 3.289805 3.276361 3.276361 3.274654 3.274654 3.212812 3.212812 3.212812 3.176190 3.176190 3.168330 3.168330 3.183444 3.183444 3.209318 3.209318 3.236431 3.236431
2.631043 2.631043 2.689697 2.733779 2.749712 2.749712 2.763648 2.787476 2.787476 2.807714 2.807714 2.825579 2.833862 2.841802 2.849453 2.849453 2.902060 2.947612 2.996089 3.042316 3.083622 3.118624 3.146569 3.167097 3.180088 3.185597 3.183853 3.175425 3.161737 3.148238 3.148238 3.178501 3.236516 3.320693 3.315147 3.315147 3.246310 3.246310 3.205942 3.205942 3.208929 3.238009 3.238009 3.268557 3.268557 3.252110 3.252110 3.252110 3.223186 3.223186 3.208178 3.208178 3.212373 3.212373 3.229060 3.229060 3.249285 3.249285
2.631384 2.631384 2.690034 2.733776 2.749695 2.749695 2.763636 2.787475 2.787475 2.807715 2.807715 2.825579 2.833861 2.841803 2.849452 2.849452 2.918748 2.972821 3.028138 3.079848 3.125653 3.164472 3.195780 3.219343 3.235096 3.243082 3.243471 3.236680 3.223709 3.207963 3.207963 3.216569 3.243381 3.231933 3.176774 3.176774 3.097153 3.097153 3.113178 3.113178 3.140621 3.201836 3.201836 3.254510 3.254510 3.275334 3.275334 3.275334 3.259796 3.259796 3.243660 3.243660 3.239020 3.239020 3.245753 3.245753 3.257485 3.257485
2.631043 2.631043 2.689697 2.733779 2.749712 2.749712 2.763648 2.787477 2.787477 2.807714 2.807714 2.825579 2.833861 2.841803 2.849453 2.849453 2.942643 3.006032 3.067789 3.123970 3.172992 3.214275 3.247641 3.273073 3.290618 3.300348 3.302384 3.296980 3.284668 3.266689 3.266689 3.256153 3.241138 3.082932 2.992750 2.992750 2.965853 2.965853 3.041921 3.041921 3.085935 3.167695 3.167695 3.235350 3.235350 3.285188 3.285188 3.285188 3.285156 3.285156 3.273173 3.273173 3.263181 3.263181 3.260448 3.260448 3.262645 3.262645
2.630018 2.630018 2.688679 2.733791 2.749764 2.749764 2.763684 2.787479 2.787479 2.807710 2.807710 2.825578 2.833862 2.841804 2.849454 2.849454 2.975984 3.049261 3.116745 3.176057 3.226692 3.268778 3.302609 3.328467 3.346567 3.357052 3.360020 3.355578 3.343619 3.321934 3.321934 3.285625 3.199302 2.873125 2.803159 2.803159 2.870191 2.870191 2.985348 2.985348 3.038454 3.132979 3.132979 3.211235 3.211235 3.283098 3.283098 3.283098 3.297989 3.297989 3.293511 3.293511 3.281942 3.281942 3.271357 3.271357 3.263827 3.263827
2.628302 2.628302 2.686956 2.733818 2.749844 2.749844 2.763738 2.787484 2.787484 2.807706 2.807706 2.825577 2.833863 2.841806 2.849457 2.849457 3.022046 3.105152 3.176976 3.237484 3.287632 3.328463 3.360847 3.385420 3.402601 3.412625 3.415595 3.411445 3.398717 3.366554 3.366554 3.274509 3.062558 2.653205 2.659271 2.659271 2.800983 2.800983 2.934490 2.934490 2.992244 3.095326 3.095326 3.181310 3.181310 3.269439 3.269439 3.269439 3.297083 3.297083 3.301277 3.301277 3.290972 3.290972 3.274750 3.274750 3.258167 3.258167
