simulation_files/asc/Velocity____133.0.asc
NCOLS        79
NROWS        79
XLLCENTER         -1.500000
YLLCENTER         -4.800000
CELLSIZE           0.100
NODATA_VALUE     -9999.0
[rows 0 to 26 of 79, columns 0 to 59 of 79]
-9999.000 -9999.000 -9999.000 -9999.000 -9999.000 -9999.000 -9999.000 -9999.000 -9999.000 -9999.000 -9999.000 -9999.000 -9999.000 -9999.000 -9999.000 0.1309626 0.1297740 0.1297652 0.1299488 0.1302430 0.1305940 0.1309554 0.1312918 0.1315830 0.1318199 0.1320343 0.1323537 0.1330538 0.1347095 0.1352499 0.1352499 -9999.000 -9999.000 -9999.000 -9999.000 -9999.000 -9999.000 -9999.000 -9999.000 -9999.000 -9999.000 -9999.000 -9999.000 -9999.000 -9999.000 -9999.000 -9999.000 -9999.000 -9999.000 -9999.000 -9999.000 -9999.000 -9999.000 -9999.000 -9999.000 -9999.000 -9999.000 -9999.000 -9999.000 -9999.000
-9999.000 -9999.000 -9999.000 -9999.000 -9999.000 -9999.000 -9999.000 -9999.000 -9999.000 -9999.000 -9999.000 -9999.000 -9999.000 -9999.000 -9999.000 0.1289498 0.1264964 0.1265002 0.1269319 0.1276163 0.1284349 0.1292830 0.1300781 0.1307705 0.1313358 0.1318398 0.1325590 0.1341040 0.1377308 0.1394241 0.1394241 -9999.000 -9999.000 -9999.000 -9999.000 -9999.000 -9999.000 -9999.000 -9999.000 -9999.000 -9999.000 -9999.000 -9999.000 -9999.000 -9999.000 -9999.000 -9999.000 -9999.000 -9999.000 -9999.000 -9999.000 -9999.000 -9999.000 -9999.000 -9999.000 -9999.000 -9999.000 -9999.000 -9999.000 -9999.000
-9999.000 -9999.000 -9999.000 -9999.000 -9999.000 -9999.000 -9999.000 -9999.000 -9999.000 -9999.000 -9999.000 -9999.000 -9999.000 -9999.000 -9999.000 0.1256094 0.1218460 0.1218811 0.1226477 0.1238605 0.1253233 0.1268625 0.1283392 0.1296705 0.1308162 0.1318838 0.1333264 0.1361371 0.1423341 0.1459871 0.1459871 -9999.000 -9999.000 -9999.000 -9999.000 -9999.000 -9999.000 -9999.000 -9999.000 -9999.000 -9999.000 -9999.000 -9999.000 -9999.000 -9999.000 -9999.000 -9999.000 -9999.000 -9999.000 -9999.000 -9999.000 -9999.000 -9999.000 -9999.000 -9999.000 -9999.000 -9999.000 -9999.000 -9999.000 -9999.000
-9999.000 -9999.000 -9999.000 -9999.000 -9999.000 -9999.000 -9999.000 -9999.000 -9999.000 -9999.000 -9999.000 -9999.000 -9999.000 -9999.000 -9999.000 0.1215734 0.1165921 0.1166911 0.1178456 0.1196573 0.1218499 0.1241774 0.1264447 0.1285340 0.1303867 0.1321498 0.1344576 0.1387011 0.1477141 0.1539752 0.1539752 -9999.000 -9999.000 -9999.000 -9999.000 -9999.000 -9999.000 -9999.000 -9999.000 -9999.000 -9999.000 -9999.000 -9999.000 -9999.000 -9999.000 -9999.000 -9999.000 -9999.000 -9999.000 -9999.000 -9999.000 -9999.000 -9999.000 -9999.000 -9999.000 -9999.000 -9999.000 -9999.000 -9999.000 -9999.000
-9999.000 -9999.000 -9999.000 -9999.000 -9999.000 -9999.000 -9999.000 -9999.000 -9999.000 -9999.000 -9999.000 -9999.000 -9999.000 -9999.000 -9999.000 0.1170092 0.1108854 0.1110734 0.1126570 0.1151224 0.1181087 0.1212964 0.1244319 0.1273613 0.1300076 0.1325558 0.1358312 0.1416476 0.1537222 0.1632982 0.1632982 -9999.000 -9999.000 -9999.000 -9999.000 -9999.000 -9999.000 -9999.000 -9999.000 -9999.000 -9999.000 -9999.000 -9999.000 -9999.000 -9999.000 -9999.000 -9999.000 -9999.000 -9999.000 -9999.000 -9999.000 -9999.000 -9999.000 -9999.000 -9999.000 -9999.000 -9999.000 -9999.000 -9999.000 -9999.000
-9999.000 -9999.000 -9999.000 -9999.000 -9999.000 -9999.000 -9999.000 -9999.000 -9999.000 -9999.000 -9999.000 -9999.000 -9999.000 -9999.000 -9999.000 0.1119976 0.1048072 0.1051097 0.1071604 0.1103278 0.1141624 0.1182678 0.1223312 0.1261619 0.1296647 0.1330631 0.1373876 0.1449038 0.1603005 0.1740090 0.1740090 -9999.000 -9999.000 -9999.000 -9999.000 -9999.000 -9999.000 -9999.000 -9999.000 -9999.000 -9999.000 -9999.000 -9999.000 -9999.000 -9999.000 -9999.000 -9999.000 -9999.000 -9999.000 -9999.000 -9999.000 -9999.000 -9999.000 -9999.000 -9999.000 -9999.000 -9999.000 -9999.000 -9999.000 -9999.000
-9999.000 -9999.000 -9999.000 -9999.000 -9999.000 -9999.000 -9999.000 -9999.000 -9999.000 -9999.000 -9999.000 -9999.000 -9999.000 -9999.000 -9999.000 0.1065647 0.9839551E-01 0.9884288E-01 0.1014007 0.1053183 0.1100518 0.1151251 0.1201655 0.1249457 0.1293537 0.1336528 0.1390958 0.1484359 0.1674419 0.1862702 0.1862702 -9999.000 -9999.000 -9999.000 -9999.000 -9999.000 -9999.000 -9999.000 -9999.000 -9999.000 -9999.000 -9999.000 -9999.000 -9999.000 -9999.000 -9999.000 -9999.000 -9999.000 -9999.000 -9999.000 -9999.000 -9999.000 -9999.000 -9999.000 -9999.000 -9999.000 -9999.000 -9999.000 -9999.000 -9999.000
-9999.000 -9999.000 -9999.000 -9999.000 -9999.000 -9999.000 -9999.000 -9999.000 -9999.000 -9999.000 -9999.000 -9999.000 -9999.000 -9999.000 -9999.000 0.1007032 0.9166266E-01 0.9229428E-01 0.9540596E-01 0.1001251 0.1058070 0.1118938 0.1179531 0.1237224 0.1290749 0.1343152 0.1409393 0.1522312 0.1751726 0.2003489 0.2003489 -9999.000 -9999.000 -9999.000 -9999.000 -9999.000 -9999.000 -9999.000 -9999.000 -9999.000 -9999.000 -9999.000 -9999.000 -9999.000 -9999.000 -9999.000 -9999.000 -9999.000 -9999.000 -9999.000 -9999.000 -9999.000 -9999.000 -9999.000 -9999.000 -9999.000 -9999.000 -9999.000 -9999.000 -9999.000
-9999.000 -9999.000 -9999.000 -9999.000 -9999.000 -9999.000 -9999.000 -9999.000 -9999.000 -9999.000 -9999.000 -9999.000 -9999.000 -9999.000 -9999.000 0.9438328E-01 0.8460595E-01 0.8547522E-01 0.8919853E-01 0.9477672E-01 0.1014575 0.1086004 0.1157149 0.1225059 0.1288345 0.1350484 0.1429129 0.1562912 0.1835418 0.2166318 0.2166318 -9999.000 -9999.000 -9999.000 -9999.000 -9999.000 -9999.000 -9999.000 -9999.000 -9999.000 -9999.000 -9999.000 -9999.000 -9999.000 -9999.000 -9999.000 -9999.000 -9999.000 -9999.000 -9999.000 -9999.000 -9999.000 -9999.000 -9999.000 -9999.000 -9999.000 -9999.000 -9999.000 -9999.000 -9999.000
-9999.000 -9999.000 -9999.000 -9999.000 -9999.000 -9999.000 -9999.000 -9999.000 -9999.000 -9999.000 -9999.000 -9999.000 -9999.000 -9999.000 -9999.000 0.8755762E-01 0.7721217E-01 0.7839413E-01 0.8280420E-01 0.8930910E-01 0.9704186E-01 0.1052806 0.1134812 0.1213196 0.1286486 0.1358615 0.1450218 0.1606293 0.1926197 0.2356662 0.2356662 -9999.000 -9999.000 -9999.000 -9999.000 -9999.000 -9999.000 -9999.000 -9999.000 -9999.000 -9999.000 -9999.000 -9999.000 -9999.000 -9999.000 -9999.000 -9999.000 -9999.000 -9999.000 -9999.000 -9999.000 -9999.000 -9999.000 -9999.000 -9999.000 -9999.000 -9999.000 -9999.000 -9999.000 -9999.000
-9999.000 -9999.000 -9999.000 -9999.000 -9999.000 -9999.000 -9999.000 -9999.000 -9999.000 -9999.000 -9999.000 -9999.000 -9999.000 -9999.000 -9999.000 0.8015849E-01 0.6945995E-01 0.7106427E-01 0.7626382E-01 0.8377769E-01 0.9261890E-01 0.1019908 0.1113030 0.1202077 0.1285543 0.1367836 0.1472907 0.1652762 0.2025007 0.2582318 0.2582318 -9999.000 -9999.000 -9999.000 -9999.000 -9999.000 -9999.000 -9999.000 -9999.000 -9999.000 -9999.000 -9999.000 -9999.000 -9999.000 -9999.000 -9999.000 -9999.000 -9999.000 -9999.000 -9999.000 -9999.000 -9999.000 -9999.000 -9999.000 -9999.000 -9999.000 -9999.000 -9999.000 -9999.000 -9999.000
-9999.000 -9999.000 -9999.000 -9999.000 -9999.000 -9999.000 -9999.000 -9999.000 -9999.000 -9999.000 -9999.000 -9999.000 -9999.000 -9999.000 -9999.000 0.7209302E-01 0.6132182E-01 0.6351669E-01 0.6965148E-01 0.7827661E-01 0.8828692E-01 0.9882611E-01 0.1092701 0.1192539 0.1286294 0.1378849 0.1497836 0.1702968 0.2133129 0.2854684 0.2854684 -9999.000 -9999.000 -9999.000 -9999.000 -9999.000 -9999.000 -9999.000 -9999.000 -9999.000 -9999.000 -9999.000 -9999.000 -9999.000 -9999.000 -9999.000 -9999.000 -9999.000 -9999.000 -9999.000 -9999.000 -9999.000 -9999.000 -9999.000 -9999.000 -9999.000 -9999.000 -9999.000 -9999.000 -9999.000
-9999.000 -9999.000 -9999.000 -9999.000 -9999.000 -9999.000 -9999.000 -9999.000 -9999.000 -9999.000 -9999.000 -9999.000 -9999.000 -9999.000 -9999.000 0.6323387E-01 0.5277562E-01 0.5583366E-01 0.6311743E-01 0.7298008E-01 0.8422182E-01 0.9595791E-01 0.1075492 0.1186215 0.1290348 0.1393228 0.1526512 0.1758299 0.2252448 0.3191041 0.3191041 -9999.000 -9999.000 -9999.000 -9999.000 -9999.000 -9999.000 -9999.000 -9999.000 -9999.000 -9999.000 -9999.000 -9999.000 -9999.000 -9999.000 -9999.000 -9999.000 -9999.000 -9999.000 -9999.000 -9999.000 -9999.000 -9999.000 -9999.000 -9999.000 -9999.000 -9999.000 -9999.000 -9999.000 -9999.000
-9999.000 -9999.000 -9999.000 -9999.000 -9999.000 -9999.000 -9999.000 -9999.000 -9999.000 -9999.000 -9999.000 -9999.000 -9999.000 -9999.000 -9999.000 0.5337333E-01 0.4386093E-01 0.4830552E-01 0.5708559E-01 0.6834634E-01 0.8087435E-01 0.9382032E-01 0.1065595 0.1187193 0.1301757 0.1415010 0.1562839 0.1822195 0.2386287 0.3619178 0.3619178 -9999.000 -9999.000 -9999.000 -9999.000 -9999.000 -9999.000 -9999.000 -9999.000 -9999.000 -9999.000 -9999.000 -9999.000 -9999.000 -9999.000 -9999.000 -9999.000 -9999.000 -9999.000 -9999.000 -9999.000 -9999.000 -9999.000 -9999.000 -9999.000 -9999.000 -9999.000 -9999.000 -9999.000 -9999.000
-9999.000 -9999.000 -9999.000 -9999.000 -9999.000 -9999.000 -9999.000 -9999.000 -9999.000 -9999.000 -9999.000 -9999.000 -9999.000 -9999.000 -9999.000 0.4064215E-01 0.4493616E-01 0.5770907E-01 0.7023820E-01 0.8231715E-01 0.9411243E-01 0.1056795 0.1169085 0.1276758 0.1379682 0.1483901 0.1629047 0.1902299 0.2533802 0.4160480 0.4160480 -9999.000 -9999.000 -9999.000 -9999.000 -9999.000 -9999.000 -9999.000 -9999.000 -9999.000 -9999.000 -9999.000 -9999.000 -9999.000 -9999.000 -9999.000 -9999.000 -9999.000 -9999.000 -9999.000 -9999.000 -9999.000 -9999.000 -9999.000 -9999.000 -9999.000 -9999.000 -9999.000 -9999.000 -9999.000
2.317648 2.317648 2.360800 2.404314 2.411291 2.411291 2.415763 2.420494 2.420494 2.421768 2.421768 2.420722 2.419533 2.417974 2.416095 2.416095 2.276611 2.246402 2.208672 2.159053 2.095042 2.015556 1.920587 1.811102 1.689415 1.559947 1.430075 1.313830 1.241179 1.283527 1.283527 2.090222 2.231900 2.277552 2.280440 2.280440 2.266071 2.266071 2.184956 2.184956 2.104578 1.645000 1.645000 1.451659 1.451659 1.429775 1.429775 1.429775 1.475390 1.475390 1.526753 1.526753 1.575445 1.575445 1.616887 1.616887 1.648527 1.648527 1.648527 1.669806
2.332818 2.332818 2.390891 2.448071 2.464922 2.464922 2.479253 2.503585 2.503585 2.524297 2.524297 2.542539 2.550935 2.558924 2.566552 2.566552 2.495450 2.487781 2.485036 2.480413 2.469727 2.450094 2.419289 2.375556 2.316937 2.241448 2.155902 2.066145 1.989878 1.975927 1.975927 2.430126 2.576276 2.696858 2.723211 2.723211 2.737720 2.737720 2.699617 2.699617 2.655054 2.406112 2.406112 2.183385 2.183385 2.150419 2.150419 2.150419 2.194196 2.194196 2.242996 2.242996 2.290536 2.290536 2.333427 2.333427 2.369878 2.369878 2.369878 2.397542
2.336159 2.336159 2.394952 2.448327 2.465342 2.465342 2.479902 2.504731 2.504731 2.525985 2.525985 2.544842 2.553578 2.561928 2.569939 2.569939 2.518727 2.514996 2.522318 2.532685 2.541305 2.545497 2.543470 2.533705 2.514466 2.483924 2.444048 2.397303 2.352936 2.340508 2.340508 2.638965 2.772200 2.912742 2.947339 2.947339 2.965767 2.965767 2.925239 2.925239 2.884953 2.725076 2.725076 2.536219 2.536219 2.475772 2.475772 2.475772 2.508465 2.508465 2.549421 2.549421 2.590141 2.590141 2.627204 2.627204 2.658207 2.658207 2.658207 2.681748
2.338816 2.338816 2.398056 2.448253 2.465215 2.465215 2.479821 2.504734 2.504734 2.526014 2.526014 2.544878 2.553617 2.561974 2.569993 2.569993 2.533957 2.532540 2.544318 2.561190 2.577718 2.591100 2.599933 2.603377 2.600554 2.590424 2.574003 2.552950 2.533181 2.534473 2.534473 2.725013 2.847760 2.991106 3.026006 3.026006 3.034801 3.034801 2.984968 2.984968 2.949272 2.847937 2.847937 2.705376 2.705376 2.622682 2.622682 2.622682 2.644348 2.644348 2.680033 2.680033 2.717376 2.717376 2.751242 2.751242 2.779248 2.779248 2.779248 2.800411
2.340843 2.340843 2.400405 2.448212 2.465087 2.465087 2.479725 2.504721 2.504721 2.526021 2.526021 2.544877 2.553614 2.561969 2.569987 2.569987 2.549406 2.552649 2.568808 2.590655 2.612632 2.631685 2.646354 2.656010 2.660281 2.658823 2.652588 2.643285 2.635431 2.642898 2.642898 2.770691 2.878120 3.007964 3.032372 3.032372 3.016242 3.016242 2.963054 2.963054 2.939191 2.889525 2.889525 2.802045 2.802045 2.711058 2.711058 2.711058 2.718789 2.718789 2.747096 2.747096 2.780299 2.780299 2.811147 2.811147 2.836658 2.836658 2.836658 2.855647
2.342270 2.342270 2.402049 2.448199 2.464983 2.464983 2.479643 2.504709 2.504709 2.526027 2.526027 2.544879 2.553612 2.561965 2.569982 2.569982 2.565521 2.575868 2.597311 2.623844 2.650446 2.674096 2.693233 2.707172 2.715652 2.718618 2.716943 2.712368 2.708722 2.716188 2.716188 2.802532 2.889884 2.983450 2.984358 2.984358 2.939321 2.939321 2.902808 2.902808 2.897821 2.893793 2.893793 2.857231 2.857231 2.776648 2.776648 2.776648 2.770888 2.770888 2.789397 2.789397 2.816626 2.816626 2.843563 2.843563 2.866008 2.866008 2.866008 2.882423
2.343117 2.343117 2.403022 2.448198 2.464917 2.464917 2.479588 2.504701 2.504701 2.526031 2.526031 2.544880 2.553612 2.561963 2.569978 2.569978 2.583054 2.602522 2.630335 2.661618 2.692326 2.719845 2.742692 2.760134 2.771879 2.777902 2.778875 2.776333 2.773475 2.777724 2.777724 2.832602 2.892355 2.915167 2.884027 2.884027 2.830626 2.830626 2.833322 2.833322 2.848648 2.880446 2.880446 2.883612 2.883612 2.828313 2.828313 2.828313 2.813916 2.813916 2.822022 2.822022 2.841521 2.841521 2.863041 2.863041 2.881355 2.881355 2.881355 2.894520
2.343398 2.343398 2.403344 2.448199 2.464894 2.464894 2.479569 2.504698 2.504698 2.526032 2.526032 2.544880 2.553612 2.561962 2.569978 2.569978 2.603278 2.633404 2.668541 2.704756 2.739169 2.769862 2.795656 2.815899 2.830288 2.838756 2.841738 2.840415 2.837232 2.836828 2.836828 2.863314 2.880356 2.792436 2.740128 2.740128 2.719514 2.719514 2.769613 2.769613 2.801253 2.858207 2.858207 2.889679 2.889679 2.866511 2.866511 2.866511 2.850620 2.850620 2.850132 2.850132 2.860960 2.860960 2.875564 2.875564 2.888519 2.888519 2.888519 2.897681
2.343118 2.343118 2.403021 2.448198 2.464916 2.464916 2.479588 2.504700 2.504700 2.526031 2.526031 2.544880 2.553612 2.561963 2.569979 2.569979 2.627991 2.669878 2.712957 2.754199 2.791922 2.825071 2.852963 2.875180 2.891493 2.901823 2.906409 2.906050 2.902241 2.895592 2.895592 2.887326 2.830083 2.619594 2.582019 2.582019 2.626682 2.626682 2.714873 2.714873 2.757303 2.831058 2.831058 2.882097 2.882097 2.890733 2.890733 2.890733 2.879872 2.879872 2.874330 2.874330 2.876812 2.876812 2.883450 2.883450 2.889915 2.889915 2.889915 2.894386
2.342270 2.342270 2.402048 2.448199 2.464984 2.464984 2.479644 2.504709 2.504709 2.526027 2.526027 2.544879 2.553613 2.561965 2.569982 2.569982 2.659673 2.714004 2.765144 2.811198 2.851681 2.886469 2.915497 2.938709 2.956051 2.967498 2.973173 2.973511 2.968548 2.950409 2.950409 2.879807 2.698828 2.434203 2.447217 2.447217 2.554711 2.554711 2.666237 2.666237 2.715287 2.800507 2.800507 2.865111 2.865111 2.901077 2.901077 2.901077 2.899315 2.899315 2.892666 2.892666 2.888295 2.888295 2.886669 2.886669 2.885885 2.885885 2.885885 2.885196
2.340843 2.340843 2.400404 2.448212 2.465088 2.465088 2.479726 2.504721 2.504721 2.526020 2.526020 2.544878 2.553614 2.561968 2.569987 2.569987 2.701819 2.768739 2.827374 2.877466 2.919791 2.955166 2.984194 3.007256 3.024556 3.036183 3.042231 3.042724 3.034357 2.985808 2.985808 2.783360 2.457211 2.288942 2.345503 2.345503 2.493630 2.493630 2.618601 2.618601 2.671888 2.765590 2.765590 2.839797 2.839797 2.897332 2.897332 2.897332 2.906017 2.906017 2.901396 2.901396 2.892290 2.892290 2.882936 2.882936 2.874748 2.874748 2.874748 2.868817
2.338816 2.338816 2.398056 2.448252 2.465215 2.465215 2.479820 2.504734 2.504734 2.526014 2.526014 2.544877 2.553617 2.561974 2.569993 2.569993 2.759618 2.838352 2.902894 2.955369 2.997968 3.032440 3.060042 3.081600 3.097602 3.108297 3.113805 3.113292 3.092240 2.950512 2.950512 2.522327 2.146415 2.185458 2.265712 2.265712 2.431899 2.431899 2.566256 2.566256 2.622579 2.723351 2.723351 2.804579 2.804579 2.878310 2.878310 2.878310 2.896751 2.896751 2.895823 2.895823 2.884006 2.884006 2.868103 2.868103 2.853045 2.853045 2.853045 2.842267
