simulation_files/asc/Velocity__y_308.0.asc
NCOLS        79
NROWS        79
XLLCENTER         -1.500000
YLLCENTER         -4.800000
CELLSIZE           0.100
NODATA_VALUE     -9999.0
[rows 0 to 26 of 79, columns 0 to 58 of 79]
-9999.000 -9999.000 -9999.000 -9999.000 -9999.000 -9999.000 -9999.000 -9999.000 -9999.000 -9999.000 -9999.000 -9999.000 -9999.000 -9999.000 -9999.000 -0.9632277E-01 -0.9415535E-01 -0.9361897E-01 -0.9384590E-01 -0.9433487E-01 -0.9490202E-01 -0.9550244E-01 -0.9606590E-01 -0.9657637E-01 -0.9703997E-01 -0.9745428E-01 -0.9786556E-01 -0.9847467E-01 -0.9989347E-01 -0.1012317 -0.1012317 -9999.000 -9999.000 -9999.000 -9999.000 -9999.000 -9999.000 -9999.000 -9999.000 -9999.000 -9999.000 -9999.000 -9999.000 -9999.000 -9999.000 -9999.000 -9999.000 -9999.000 -9999.000 -9999.000 -9999.000 -9999.000 -9999.000 -9999.000 -9999.000 -9999.000 -9999.000 -9999.000 -9999.000
-9999.000 -9999.000 -9999.000 -9999.000 -9999.000 -9999.000 -9999.000 -9999.000 -9999.000 -9999.000 -9999.000 -9999.000 -9999.000 -9999.000 -9999.000 -0.9519368E-01 -0.9072711E-01 -0.8959971E-01 -0.9012182E-01 -0.9123737E-01 -0.9255069E-01 -0.9395929E-01 -0.9530561E-01 -0.9654915E-01 -0.9769712E-01 -0.9873968E-01 -0.9977021E-01 -0.1012077 -0.1043274 -0.1075807 -0.1075807 -9999.000 -9999.000 -9999.000 -9999.000 -9999.000 -9999.000 -9999.000 -9999.000 -9999.000 -9999.000 -9999.000 -9999.000 -9999.000 -9999.000 -9999.000 -9999.000 -9999.000 -9999.000 -9999.000 -9999.000 -9999.000 -9999.000 -9999.000 -9999.000 -9999.000 -9999.000 -9999.000 -9999.000
-9999.000 -9999.000 -9999.000 -9999.000 -9999.000 -9999.000 -9999.000 -9999.000 -9999.000 -9999.000 -9999.000 -9999.000 -9999.000 -9999.000 -9999.000 -0.9271852E-01 -0.8584603E-01 -0.8407851E-01 -0.8502411E-01 -0.8699185E-01 -0.8933759E-01 -0.9188259E-01 -0.9435835E-01 -0.9668714E-01 -0.9886784E-01 -0.1008732 -0.1028435 -0.1054403 -0.1106933 -0.1166394 -0.1166394 -9999.000 -9999.000 -9999.000 -9999.000 -9999.000 -9999.000 -9999.000 -9999.000 -9999.000 -9999.000 -9999.000 -9999.000 -9999.000 -9999.000 -9999.000 -9999.000 -9999.000 -9999.000 -9999.000 -9999.000 -9999.000 -9999.000 -9999.000 -9999.000 -9999.000 -9999.000 -9999.000 -9999.000
-9999.000 -9999.000 -9999.000 -9999.000 -9999.000 -9999.000 -9999.000 -9999.000 -9999.000 -9999.000 -9999.000 -9999.000 -9999.000 -9999.000 -9999.000 -0.8958612E-01 -0.8040080E-01 -0.7801911E-01 -0.7945199E-01 -0.8235551E-01 -0.8583122E-01 -0.8962326E-01 -0.9334510E-01 -0.9687889E-01 -0.1002112 -0.1032915 -0.1063050 -0.1101642 -0.1176921 -0.1268546 -0.1268546 -9999.000 -9999.000 -9999.000 -9999.000 -9999.000 -9999.000 -9999.000 -9999.000 -9999.000 -9999.000 -9999.000 -9999.000 -9999.000 -9999.000 -9999.000 -9999.000 -9999.000 -9999.000 -9999.000 -9999.000 -9999.000 -9999.000 -9999.000 -9999.000 -9999.000 -9999.000 -9999.000 -9999.000
-9999.000 -9999.000 -9999.000 -9999.000 -9999.000 -9999.000 -9999.000 -9999.000 -9999.000 -9999.000 -9999.000 -9999.000 -9999.000 -9999.000 -9999.000 -0.8602637E-01 -0.7458115E-01 -0.7159562E-01 -0.7355699E-01 -0.7745024E-01 -0.8211802E-01 -0.8722724E-01 -0.9226650E-01 -0.9707777E-01 -0.1016339 -0.1058578 -0.1099810 -0.1151814 -0.1251274 -0.1380746 -0.1380746 -9999.000 -9999.000 -9999.000 -9999.000 -9999.000 -9999.000 -9999.000 -9999.000 -9999.000 -9999.000 -9999.000 -9999.000 -9999.000 -9999.000 -9999.000 -9999.000 -9999.000 -9999.000 -9999.000 -9999.000 -9999.000 -9999.000 -9999.000 -9999.000 -9999.000 -9999.000 -9999.000 -9999.000
-9999.000 -9999.000 -9999.000 -9999.000 -9999.000 -9999.000 -9999.000 -9999.000 -9999.000 -9999.000 -9999.000 -9999.000 -9999.000 -9999.000 -9999.000 -0.8212154E-01 -0.6846131E-01 -0.6487966E-01 -0.6740257E-01 -0.7232663E-01 -0.7823182E-01 -0.8470937E-01 -0.9111635E-01 -0.9725601E-01 -0.1030874 -0.1085034 -0.1137865 -0.1203995 -0.1329199 -0.1503153 -0.1503153 -9999.000 -9999.000 -9999.000 -9999.000 -9999.000 -9999.000 -9999.000 -9999.000 -9999.000 -9999.000 -9999.000 -9999.000 -9999.000 -9999.000 -9999.000 -9999.000 -9999.000 -9999.000 -9999.000 -9999.000 -9999.000 -9999.000 -9999.000 -9999.000 -9999.000 -9999.000 -9999.000 -9999.000
-9999.000 -9999.000 -9999.000 -9999.000 -9999.000 -9999.000 -9999.000 -9999.000 -9999.000 -9999.000 -9999.000 -9999.000 -9999.000 -9999.000 -9999.000 -0.7788400E-01 -0.6206095E-01 -0.5789311E-01 -0.6101004E-01 -0.6700066E-01 -0.7418118E-01 -0.8207023E-01 -0.8988526E-01 -0.9739385E-01 -0.1045416 -0.1111890 -0.1176752 -0.1257714 -0.1410436 -0.1636941 -0.1636941 -9999.000 -9999.000 -9999.000 -9999.000 -9999.000 -9999.000 -9999.000 -9999.000 -9999.000 -9999.000 -9999.000 -9999.000 -9999.000 -9999.000 -9999.000 -9999.000 -9999.000 -9999.000 -9999.000 -9999.000 -9999.000 -9999.000 -9999.000 -9999.000 -9999.000 -9999.000 -9999.000 -9999.000
-9999.000 -9999.000 -9999.000 -9999.000 -9999.000 -9999.000 -9999.000 -9999.000 -9999.000 -9999.000 -9999.000 -9999.000 -9999.000 -9999.000 -9999.000 -0.7329147E-01 -0.5537209E-01 -0.5063310E-01 -0.5437858E-01 -0.6147070E-01 -0.6996170E-01 -0.7930169E-01 -0.8855972E-01 -0.9747253E-01 -0.1059727 -0.1138858 -0.1216144 -0.1312688 -0.1494982 -0.1784066 -0.1784066 -9999.000 -9999.000 -9999.000 -9999.000 -9999.000 -9999.000 -9999.000 -9999.000 -9999.000 -9999.000 -9999.000 -9999.000 -9999.000 -9999.000 -9999.000 -9999.000 -9999.000 -9999.000 -9999.000 -9999.000 -9999.000 -9999.000 -9999.000 -9999.000 -9999.000 -9999.000 -9999.000 -9999.000
-9999.000 -9999.000 -9999.000 -9999.000 -9999.000 -9999.000 -9999.000 -9999.000 -9999.000 -9999.000 -9999.000 -9999.000 -9999.000 -9999.000 -9999.000 -0.6830233E-01 -0.4837089E-01 -0.4308247E-01 -0.4749517E-01 -0.5572445E-01 -0.6555962E-01 -0.7638901E-01 -0.8712182E-01 -0.9747062E-01 -0.1073562 -0.1165649 -0.1255734 -0.1368667 -0.1582937 -0.1947280 -0.1947280 -9999.000 -9999.000 -9999.000 -9999.000 -9999.000 -9999.000 -9999.000 -9999.000 -9999.000 -9999.000 -9999.000 -9999.000 -9999.000 -9999.000 -9999.000 -9999.000 -9999.000 -9999.000 -9999.000 -9999.000 -9999.000 -9999.000 -9999.000 -9999.000 -9999.000 -9999.000 -9999.000 -9999.000
-9999.000 -9999.000 -9999.000 -9999.000 -9999.000 -9999.000 -9999.000 -9999.000 -9999.000 -9999.000 -9999.000 -9999.000 -9999.000 -9999.000 -9999.000 -0.6286047E-01 -0.4102290E-01 -0.3521417E-01 -0.4033842E-01 -0.4974168E-01 -0.6095437E-01 -0.7331073E-01 -0.8554702E-01 -0.9736051E-01 -0.1086613 -0.1191920 -0.1295160 -0.1425370 -0.1674434 -0.2130304 -0.2130304 -9999.000 -9999.000 -9999.000 -9999.000 -9999.000 -9999.000 -9999.000 -9999.000 -9999.000 -9999.000 -9999.000 -9999.000 -9999.000 -9999.000 -9999.000 -9999.000 -9999.000 -9999.000 -9999.000 -9999.000 -9999.000 -9999.000 -9999.000 -9999.000 -9999.000 -9999.000 -9999.000 -9999.000
-9999.000 -9999.000 -9999.000 -9999.000 -9999.000 -9999.000 -9999.000 -9999.000 -9999.000 -9999.000 -9999.000 -9999.000 -9999.000 -9999.000 -9999.000 -0.5689785E-01 -0.3328276E-01 -0.2699133E-01 -0.3287721E-01 -0.4349344E-01 -0.5611677E-01 -0.7003704E-01 -0.8380251E-01 -0.9710594E-01 -0.1098478 -0.1217221 -0.1333939 -0.1482398 -0.1769570 -0.2338191 -0.2338191 -9999.000 -9999.000 -9999.000 -9999.000 -9999.000 -9999.000 -9999.000 -9999.000 -9999.000 -9999.000 -9999.000 -9999.000 -9999.000 -9999.000 -9999.000 -9999.000 -9999.000 -9999.000 -9999.000 -9999.000 -9999.000 -9999.000 -9999.000 -9999.000 -9999.000 -9999.000 -9999.000 -9999.000
-9999.000 -9999.000 -9999.000 -9999.000 -9999.000 -9999.000 -9999.000 -9999.000 -9999.000 -9999.000 -9999.000 -9999.000 -9999.000 -9999.000 -9999.000 -0.5033110E-01 -0.2509248E-01 -0.1836464E-01 -0.2506986E-01 -0.3693977E-01 -0.5100621E-01 -0.6652705E-01 -0.8184265E-01 -0.9665695E-01 -0.1108605 -0.1240922 -0.1371386 -0.1539152 -0.1868340 -0.2577910 -0.2577910 -9999.000 -9999.000 -9999.000 -9999.000 -9999.000 -9999.000 -9999.000 -9999.000 -9999.000 -9999.000 -9999.000 -9999.000 -9999.000 -9999.000 -9999.000 -9999.000 -9999.000 -9999.000 -9999.000 -9999.000 -9999.000 -9999.000 -9999.000 -9999.000 -9999.000 -9999.000 -9999.000 -9999.000
-9999.000 -9999.000 -9999.000 -9999.000 -9999.000 -9999.000 -9999.000 -9999.000 -9999.000 -9999.000 -9999.000 -9999.000 -9999.000 -9999.000 -9999.000 -0.4305604E-01 -0.1637618E-01 -0.9268172E-02 -0.1685859E-01 -0.3002535E-01 -0.4556684E-01 -0.6272317E-01 -0.7960388E-01 -0.9594274E-01 -0.1116205 -0.1262119 -0.1406498 -0.1594701 -0.1970519 -0.2859351 -0.2859351 -9999.000 -9999.000 -9999.000 -9999.000 -9999.000 -9999.000 -9999.000 -9999.000 -9999.000 -9999.000 -9999.000 -9999.000 -9999.000 -9999.000 -9999.000 -9999.000 -9999.000 -9999.000 -9999.000 -9999.000 -9999.000 -9999.000 -9999.000 -9999.000 -9999.000 -9999.000 -9999.000 -9999.000
-9999.000 -9999.000 -9999.000 -9999.000 -9999.000 -9999.000 -9999.000 -9999.000 -9999.000 -9999.000 -9999.000 -9999.000 -9999.000 -9999.000 -9999.000 -0.3476258E-01 -0.6922092E-02 0.4293094E-03 -0.8176196E-02 -0.2269960E-01 -0.3975371E-01 -0.5857938E-01 -0.7702892E-01 -0.9489138E-01 -0.1120379 -0.1279685 -0.1437947 -0.1647730 -0.2075618 -0.3197291 -0.3197291 -9999.000 -9999.000 -9999.000 -9999.000 -9999.000 -9999.000 -9999.000 -9999.000 -9999.000 -9999.000 -9999.000 -9999.000 -9999.000 -9999.000 -9999.000 -9999.000 -9999.000 -9999.000 -9999.000 -9999.000 -9999.000 -9999.000 -9999.000 -9999.000 -9999.000 -9999.000 -9999.000 -9999.000
-9999.000 -9999.000 -9999.000 -9999.000 -9999.000 -9999.000 -9999.000 -9999.000 -9999.000 -9999.000 -9999.000 -9999.000 -9999.000 -9999.000 -9999.000 -0.1425736E-02 0.1034155E-01 0.8887201E-02 -0.4233328E-02 -0.1986448E-01 -0.3797614E-01 -0.5790411E-01 -0.7728168E-01 -0.9604090E-01 -0.1140678 -0.1307930 -0.1475465 -0.1703797 -0.2184417 -0.3590611 -0.3590611 -9999.000 -9999.000 -9999.000 -9999.000 -9999.000 -9999.000 -9999.000 -9999.000 -9999.000 -9999.000 -9999.000 -9999.000 -9999.000 -9999.000 -9999.000 -9999.000 -9999.000 -9999.000 -9999.000 -9999.000 -9999.000 -9999.000 -9999.000 -9999.000 -9999.000 -9999.000 -9999.000 -9999.000
-0.3849331E-02 -0.3849331E-02 -0.5220683E-02 -0.7031012E-02 -0.6566260E-02 -0.6566260E-02 -0.6383954E-02 -0.6281943E-02 -0.6281943E-02 -0.6259296E-02 -0.6259296E-02 -0.6240380E-02 -0.6227318E-02 -0.6212353E-02 -0.6198152E-02 -0.6198152E-02 0.2014804E-01 0.1432327E-01 -0.4286432E-03 -0.2076924E-01 -0.4562496E-01 -0.7380197E-01 -0.1035416 -0.1335178 -0.1626830 -0.1900444 -0.2153674 -0.2406645 -0.2743675 -0.3579624 -0.3579624 -0.1962005 -0.1040873 -0.3485133E-01 -0.2572417E-01 -0.2572417E-01 -0.1850240E-01 -0.1850240E-01 -0.5343379E-02 -0.5343379E-02 0.5855117E-02 0.2697882E-01 0.2697882E-01 -0.1795148E-02 -0.1795148E-02 -0.3277974E-02 -0.3277974E-02 -0.3277974E-02 0.1004149E-02 0.1004149E-02 0.1593472E-02 0.1593472E-02 0.5328773E-03 0.5328773E-03 -0.8261881E-03 -0.8261881E-03 -0.2089595E-02 -0.2089595E-02 -0.2089595E-02
-0.5381146E-02 -0.5381146E-02 -0.7227602E-02 -0.1037301E-01 -0.9417370E-02 -0.9417370E-02 -0.9007144E-02 -0.8812197E-02 -0.8812197E-02 -0.8811291E-02 -0.8811291E-02 -0.8817537E-02 -0.8812990E-02 -0.8804091E-02 -0.8804261E-02 -0.8804261E-02 0.1603232E-01 0.1039803E-01 -0.5609900E-02 -0.3143829E-01 -0.6505054E-01 -0.1045463 -0.1483018 -0.1943693 -0.2408778 -0.2861715 -0.3285680 -0.3663101 -0.3974376 -0.4214501 -0.4214501 -0.2837061 -0.1869929 -0.9551388E-01 -0.7730345E-01 -0.7730345E-01 -0.5213596E-01 -0.5213596E-01 -0.7619015E-02 -0.7619015E-02 0.2565903E-01 0.8684245E-01 0.8684245E-01 0.5452162E-01 0.5452162E-01 0.1140484E-01 0.1140484E-01 0.1140484E-01 0.6552865E-02 0.6552865E-02 0.2667249E-02 0.2667249E-02 -0.1373145E-02 -0.1373145E-02 -0.4957207E-02 -0.4957207E-02 -0.7707384E-02 -0.7707384E-02 -0.7707384E-02
-0.3236769E-02 -0.3236769E-02 -0.5050017E-02 -0.9250714E-02 -0.8276222E-02 -0.8276222E-02 -0.7718597E-02 -0.7421860E-02 -0.7421860E-02 -0.7444168E-02 -0.7444168E-02 -0.7488801E-02 -0.7501794E-02 -0.7508605E-02 -0.7541300E-02 -0.7541300E-02 0.9112560E-02 0.3158224E-02 -0.1324243E-01 -0.3968519E-01 -0.7471501E-01 -0.1167662 -0.1644802 -0.2163304 -0.2707231 -0.3261035 -0.3807644 -0.4326355 -0.4788788 -0.5119711 -0.5119711 -0.4212949 -0.3367717 -0.2211022 -0.1832969 -0.1832969 -0.1126536 -0.1126536 -0.7812885E-02 -0.7812885E-02 0.5785168E-01 0.1688651 0.1688651 0.1666147 0.1666147 0.5489963E-01 0.5489963E-01 0.5489963E-01 0.2120093E-01 0.2120093E-01 0.3535309E-02 0.3535309E-02 -0.7331963E-02 -0.7331963E-02 -0.1457900E-01 -0.1457900E-01 -0.1896593E-01 -0.1896593E-01 -0.1896593E-01
-0.1053439E-02 -0.1053439E-02 -0.4029688E-02 -0.7804019E-02 -0.6874784E-02 -0.6874784E-02 -0.6276060E-02 -0.5916792E-02 -0.5916792E-02 -0.5931682E-02 -0.5931682E-02 -0.5983056E-02 -0.6000459E-02 -0.6011658E-02 -0.6069886E-02 -0.6069886E-02 0.1895697E-02 -0.6118932E-02 -0.2399548E-01 -0.5139587E-01 -0.8725866E-01 -0.1303055 -0.1793627 -0.2332147 -0.2906062 -0.3502947 -0.4109063 -0.4706646 -0.5268462 -0.5718993 -0.5718993 -0.5270706 -0.4657723 -0.3512331 -0.2984102 -0.2984102 -0.1717764 -0.1717764 0.4938864E-02 0.4938864E-02 0.9739193E-01 0.2339174 0.2339174 0.2531059 0.2531059 0.1087049 0.1087049 0.1087049 0.4273193E-01 0.4273193E-01 0.6029649E-02 0.6029649E-02 -0.1473022E-01 -0.1473022E-01 -0.2676436E-01 -0.2676436E-01 -0.3281615E-01 -0.3281615E-01 -0.3281615E-01
0.2394622E-05 0.2394622E-05 -0.3469815E-02 -0.5970785E-02 -0.5264305E-02 -0.5264305E-02 -0.4754053E-02 -0.4415333E-02 -0.4415333E-02 -0.4421313E-02 -0.4421313E-02 -0.4469424E-02 -0.4487564E-02 -0.4501475E-02 -0.4590866E-02 -0.4590866E-02 -0.5616841E-02 -0.1733082E-01 -0.3809251E-01 -0.6755903E-01 -0.1049055 -0.1491083 -0.1991705 -0.2540914 -0.3128487 -0.3744290 -0.4377438 -0.5013929 -0.5631215 -0.6165781 -0.6165781 -0.6070110 -0.5701753 -0.4660265 -0.3976668 -0.3976668 -0.2031375 -0.2031375 0.3465701E-01 0.3465701E-01 0.1371572 0.2707983 0.2707983 0.2994445 0.2994445 0.1587793 0.1587793 0.1587793 0.6874475E-01 0.6874475E-01 0.1231242E-01 0.1231242E-01 -0.2032873E-01 -0.2032873E-01 -0.3835571E-01 -0.3835571E-01 -0.4646512E-01 -0.4646512E-01 -0.4646512E-01
-0.4555970E-04 -0.4555970E-04 -0.2228291E-02 -0.4005213E-02 -0.3550852E-02 -0.3550852E-02 -0.3190680E-02 -0.2933882E-02 -0.2933882E-02 -0.2934023E-02 -0.2934023E-02 -0.2968864E-02 -0.2982987E-02 -0.2994302E-02 -0.3118959E-02 -0.3118959E-02 -0.1383051E-01 -0.3076676E-01 -0.5593141E-01 -0.8879153E-01 -0.1286033 -0.1745403 -0.2258038 -0.2816120 -0.3411695 -0.4036695 -0.4682441 -0.5337892 -0.5985054 -0.6573566 -0.6573566 -0.6723661 -0.6560418 -0.5545224 -0.4602537 -0.4602537 -0.1900637 -0.1900637 0.7080139E-01 0.7080139E-01 0.1645539 0.2782782 0.2782782 0.3103411 0.3103411 0.1961016 0.1961016 0.1961016 0.9565288E-01 0.9565288E-01 0.2274242E-01 0.2274242E-01 -0.2245456E-01 -0.2245456E-01 -0.4755816E-01 -0.4755816E-01 -0.5831274E-01 -0.5831274E-01 -0.5831274E-01
-0.3846976E-04 -0.3846976E-04 -0.1085267E-02 -0.2010436E-02 -0.1788322E-02 -0.1788322E-02 -0.1602423E-02 -0.1464557E-02 -0.1464557E-02 -0.1463112E-02 -0.1463112E-02 -0.1481136E-02 -0.1488709E-02 -0.1494633E-02 -0.1663973E-02 -0.1663973E-02 -0.2342201E-01 -0.4712099E-01 -0.7829012E-01 -0.1160047 -0.1594515 -0.2079190 -0.2607990 -0.3175450 -0.3776195 -0.4404614 -0.5054386 -0.5717173 -0.6378835 -0.6999400 -0.6999400 -0.7309405 -0.7281827 -0.6019336 -0.4645068 -0.4645068 -0.1394406 -0.1394406 0.9620357E-01 0.9620357E-01 0.1711280 0.2623557 0.2623557 0.2962306 0.2962306 0.2162411 0.2162411 0.2162411 0.1189807 0.1189807 0.3602539E-01 0.3602539E-01 -0.2056378E-01 -0.2056378E-01 -0.5324541E-01 -0.5324541E-01 -0.6718937E-01 -0.6718937E-01 -0.6718937E-01
-0.1684080E-07 -0.1684080E-07 -0.3973865E-07 0.1363928E-06 0.5674291E-07 0.5674291E-07 0.1689908E-06 0.9006026E-07 0.9006026E-07 0.1349047E-06 0.1349047E-06 0.1264743E-06 0.7646681E-07 0.1111150E-06 -0.2304546E-03 -0.2304546E-03 -0.3538716E-01 -0.6757756E-01 -0.1064745 -0.1505944 -0.1989410 -0.2508489 -0.3058805 -0.3637316 -0.4241466 -0.4868545 -0.5515072 -0.6175655 -0.6839521 -0.7472398 -0.7472398 -0.7864969 -0.7854589 -0.5844236 -0.3994751 -0.3994751 -0.8016418E-01 -0.8016418E-01 0.1012977 0.1012977 0.1578602 0.2318628 0.2318628 0.2670603 0.2670603 0.2189645 0.2189645 0.2189645 0.1345913 0.1345913 0.4961606E-01 0.4961606E-01 -0.1512244E-01 -0.1512244E-01 -0.5481065E-01 -0.5481065E-01 -0.7214990E-01 -0.7214990E-01 -0.7214990E-01
0.3847403E-04 0.3847403E-04 0.1085114E-02 0.2010588E-02 0.1788227E-02 0.1788227E-02 0.1602678E-02 0.1464703E-02 0.1464703E-02 0.1463248E-02 0.1463248E-02 0.1481304E-02 0.1488841E-02 0.1494809E-02 0.1177809E-02 0.1177809E-02 -0.5121724E-01 -0.9401044E-01 -0.1425414 -0.1946707 -0.2491768 -0.3054235 -0.3631449 -0.4222892 -0.4828993 -0.5450231 -0.6086363 -0.6735247 -0.7388518 -0.8007942 -0.8007942 -0.8380177 -0.8141578 -0.4862612 -0.2889265 -0.2889265 -0.3930676E-01 -0.3930676E-01 0.8887698E-01 0.8887698E-01 0.1322358 0.1946206 0.1946206 0.2300350 0.2300350 0.2068091 0.2068091 0.2068091 0.1398735 0.1398735 0.6048063E-01 0.6048063E-01 -0.7448507E-02 -0.7448507E-02 -0.5218333E-01 -0.5218333E-01 -0.7249665E-01 -0.7249665E-01 -0.7249665E-01
0.4536016E-04 0.4536016E-04 0.2228165E-02 0.4005369E-02 0.3550992E-02 0.3550992E-02 0.3190815E-02 0.2934007E-02 0.2934007E-02 0.2934113E-02 0.2934113E-02 0.2968951E-02 0.2983175E-02 0.2994185E-02 0.2554758E-02 0.2554758E-02 -0.7327140E-01 -0.1293806 -0.1896831 -0.2514148 -0.3132020 -0.3745090 -0.4352958 -0.4957977 -0.5563772 -0.6174173 -0.6792371 -0.7419435 -0.8045864 -0.8601257 -0.8601257 -0.8735281 -0.7764472 -0.3371639 -0.1839355 -0.1839355 -0.2302809E-01 -0.2302809E-01 0.6771238E-01 0.6771238E-01 0.1022620 0.1558222 0.1558222 0.1896503 0.1896503 0.1834295 0.1834295 0.1834295 0.1342429 0.1342429 0.6602681E-01 0.6602681E-01 0.6493333E-03 0.6493333E-03 -0.4581150E-01 -0.4581150E-01 -0.6786058E-01 -0.6786058E-01 -0.6786058E-01
-0.2402506E-05 -0.2402506E-05 0.3469952E-02 0.5970909E-02 0.5264570E-02 0.5264570E-02 0.4754300E-02 0.4415349E-02 0.4415349E-02 0.4421404E-02 0.4421404E-02 0.4469445E-02 0.4487809E-02 0.4501364E-02 0.3888109E-02 0.3888109E-02 -0.1055129 -0.1784827 -0.2529023 -0.3256593 -0.3954938 -0.4621689 -0.5260020 -0.5875930 -0.6476609 -0.7069365 -0.7660847 -0.8254346 -0.8825301 -0.9172636 -0.9172636 -0.8511819 -0.6218224 -0.2046566 -0.1172850 -0.1172850 -0.2137437E-01 -0.2137437E-01 0.4529146E-01 0.4529146E-01 0.7309733E-01 0.1182090 0.1182090 0.1484860 0.1484860 0.1524349 0.1524349 0.1524349 0.1188512 0.1188512 0.6482956E-01 0.6482956E-01 0.7380249E-02 0.7380249E-02 -0.3655716E-01 -0.3655716E-01 -0.5829698E-01 -0.5829698E-01 -0.5829698E-01
0.1053512E-02 0.1053512E-02 0.4029941E-02 0.7804227E-02 0.6875161E-02 0.6875161E-02 0.6276327E-02 0.5916779E-02 0.5916779E-02 0.5931587E-02 0.5931587E-02 0.5983094E-02 0.6000473E-02 0.6011808E-02 0.5152814E-02 0.5152814E-02 -0.1550481 -0.2494015 -0.3402530 -0.4249120 -0.5028027 -0.5743598 -0.6404830 -0.7022611 -0.7608265 -0.8172710 -0.8725933 -0.9268886 -0.9701833 -0.9342664 -0.9342664 -0.6897845 -0.3739546 -0.1251569 -0.8442131E-01 -0.8442131E-01 -0.2329662E-01 -0.2329662E-01 0.2564104E-01 0.2564104E-01 0.4719724E-01 0.8310510E-01 0.8310510E-01 0.1081200 0.1081200 0.1169512 0.1169512 0.1169512 0.9593041E-01 0.9593041E-01 0.5690030E-01 0.5690030E-01 0.1149877E-01 0.1149877E-01 -0.2548468E-01 -0.2548468E-01 -0.4435533E-01 -0.4435533E-01 -0.4435533E-01
