simulation_files/asc/Velocity____280.0.asc
NCOLS        79
NROWS        79
XLLCENTER         -1.500000
YLLCENTER         -4.800000
CELLSIZE           0.100
NODATA_VALUE     -9999.0
[rows 0 to 26 of 79, columns 0 to 59 of 79]
-9999.000 -9999.000 -9999.000 -9999.000 -9999.000 -9999.000 -9999.000 -9999.000 -9999.000 -9999.000 -9999.000 -9999.000 -9999.000 -9999.000 -9999.000 0.9373917E-01 0.9116599E-01 0.9040865E-01 0.9071136E-01 0.9165377E-01 0.9276123E-01 0.9381238E-01 0.9469324E-01 0.9531821E-01 0.9573904E-01 0.9598187E-01 0.9611715E-01 0.9634960E-01 0.9727179E-01 0.9828398E-01 0.9828398E-01 -9999.000 -9999.000 -9999.000 -9999.000 -9999.000 -9999.000 -9999.000 -9999.000 -9999.000 -9999.000 -9999.000 -9999.000 -9999.000 -9999.000 -9999.000 -9999.000 -9999.000 -9999.000 -9999.000 -9999.000 -9999.000 -9999.000 -9999.000 -9999.000 -9999.000 -9999.000 -9999.000 -9999.000 -9999.000
-9999.000 -9999.000 -9999.000 -9999.000 -9999.000 -9999.000 -9999.000 -9999.000 -9999.000 -9999.000 -9999.000 -9999.000 -9999.000 -9999.000 -9999.000 0.9330125E-01 0.8800164E-01 0.8648255E-01 0.8714873E-01 0.8910303E-01 0.9139794E-01 0.9361103E-01 0.9552217E-01 0.9694687E-01 0.9797575E-01 0.9865094E-01 0.9911655E-01 0.9982300E-01 0.1020818 0.1048372 0.1048372 -9999.000 -9999.000 -9999.000 -9999.000 -9999.000 -9999.000 -9999.000 -9999.000 -9999.000 -9999.000 -9999.000 -9999.000 -9999.000 -9999.000 -9999.000 -9999.000 -9999.000 -9999.000 -9999.000 -9999.000 -9999.000 -9999.000 -9999.000 -9999.000 -9999.000 -9999.000 -9999.000 -9999.000 -9999.000
-9999.000 -9999.000 -9999.000 -9999.000 -9999.000 -9999.000 -9999.000 -9999.000 -9999.000 -9999.000 -9999.000 -9999.000 -9999.000 -9999.000 -9999.000 0.9166580E-01 0.8344047E-01 0.8100799E-01 0.8205586E-01 0.8514757E-01 0.8880523E-01 0.9239939E-01 0.9561053E-01 0.9815362E-01 0.1001646 0.1016902 0.1029333 0.1045896 0.1087401 0.1140761 0.1140761 -9999.000 -9999.000 -9999.000 -9999.000 -9999.000 -9999.000 -9999.000 -9999.000 -9999.000 -9999.000 -9999.000 -9999.000 -9999.000 -9999.000 -9999.000 -9999.000 -9999.000 -9999.000 -9999.000 -9999.000 -9999.000 -9999.000 -9999.000 -9999.000 -9999.000 -9999.000 -9999.000 -9999.000 -9999.000
-9999.000 -9999.000 -9999.000 -9999.000 -9999.000 -9999.000 -9999.000 -9999.000 -9999.000 -9999.000 -9999.000 -9999.000 -9999.000 -9999.000 -9999.000 0.8943230E-01 0.7833412E-01 0.7498550E-01 0.7643817E-01 0.8069181E-01 0.8573411E-01 0.9074552E-01 0.9532169E-01 0.9908128E-01 0.1022074 0.1047405 0.1069303 0.1097118 0.1159590 0.1244207 0.1244207 -9999.000 -9999.000 -9999.000 -9999.000 -9999.000 -9999.000 -9999.000 -9999.000 -9999.000 -9999.000 -9999.000 -9999.000 -9999.000 -9999.000 -9999.000 -9999.000 -9999.000 -9999.000 -9999.000 -9999.000 -9999.000 -9999.000 -9999.000 -9999.000 -9999.000 -9999.000 -9999.000 -9999.000 -9999.000
-9999.000 -9999.000 -9999.000 -9999.000 -9999.000 -9999.000 -9999.000 -9999.000 -9999.000 -9999.000 -9999.000 -9999.000 -9999.000 -9999.000 -9999.000 0.8682852E-01 0.7287592E-01 0.6861918E-01 0.7051736E-01 0.7596767E-01 0.8241521E-01 0.8886687E-01 0.9484663E-01 0.9987777E-01 0.1041948 0.1078238 0.1110563 0.1150718 0.1235791 0.1357271 0.1357271 -9999.000 -9999.000 -9999.000 -9999.000 -9999.000 -9999.000 -9999.000 -9999.000 -9999.000 -9999.000 -9999.000 -9999.000 -9999.000 -9999.000 -9999.000 -9999.000 -9999.000 -9999.000 -9999.000 -9999.000 -9999.000 -9999.000 -9999.000 -9999.000 -9999.000 -9999.000 -9999.000 -9999.000 -9999.000
-9999.000 -9999.000 -9999.000 -9999.000 -9999.000 -9999.000 -9999.000 -9999.000 -9999.000 -9999.000 -9999.000 -9999.000 -9999.000 -9999.000 -9999.000 0.8393144E-01 0.6714252E-01 0.6200950E-01 0.6442063E-01 0.7111304E-01 0.7898323E-01 0.8688875E-01 0.9429461E-01 0.1006291 0.1061839 0.1109627 0.1152974 0.1206246 0.1315441 0.1480152 0.1480152 -9999.000 -9999.000 -9999.000 -9999.000 -9999.000 -9999.000 -9999.000 -9999.000 -9999.000 -9999.000 -9999.000 -9999.000 -9999.000 -9999.000 -9999.000 -9999.000 -9999.000 -9999.000 -9999.000 -9999.000 -9999.000 -9999.000 -9999.000 -9999.000 -9999.000 -9999.000 -9999.000 -9999.000 -9999.000
-9999.000 -9999.000 -9999.000 -9999.000 -9999.000 -9999.000 -9999.000 -9999.000 -9999.000 -9999.000 -9999.000 -9999.000 -9999.000 -9999.000 -9999.000 0.8074806E-01 0.6115636E-01 0.5521187E-01 0.5823541E-01 0.6621953E-01 0.7552165E-01 0.8488355E-01 0.9372596E-01 0.1013818 0.1082059 0.1141707 0.1196493 0.1263525 0.1398430 0.1614013 0.1614013 -9999.000 -9999.000 -9999.000 -9999.000 -9999.000 -9999.000 -9999.000 -9999.000 -9999.000 -9999.000 -9999.000 -9999.000 -9999.000 -9999.000 -9999.000 -9999.000 -9999.000 -9999.000 -9999.000 -9999.000 -9999.000 -9999.000 -9999.000 -9999.000 -9999.000 -9999.000 -9999.000 -9999.000 -9999.000
-9999.000 -9999.000 -9999.000 -9999.000 -9999.000 -9999.000 -9999.000 -9999.000 -9999.000 -9999.000 -9999.000 -9999.000 -9999.000 -9999.000 -9999.000 0.7725123E-01 0.5491613E-01 0.4827514E-01 0.5205096E-01 0.6137026E-01 0.7209368E-01 0.8289868E-01 0.9317757E-01 0.1021621 0.1102777 0.1174548 0.1241094 0.1322490 0.1484863 0.1760753 0.1760753 -9999.000 -9999.000 -9999.000 -9999.000 -9999.000 -9999.000 -9999.000 -9999.000 -9999.000 -9999.000 -9999.000 -9999.000 -9999.000 -9999.000 -9999.000 -9999.000 -9999.000 -9999.000 -9999.000 -9999.000 -9999.000 -9999.000 -9999.000 -9999.000 -9999.000 -9999.000 -9999.000 -9999.000 -9999.000
-9999.000 -9999.000 -9999.000 -9999.000 -9999.000 -9999.000 -9999.000 -9999.000 -9999.000 -9999.000 -9999.000 -9999.000 -9999.000 -9999.000 -9999.000 0.7339468E-01 0.4841219E-01 0.4127452E-01 0.4599561E-01 0.5666281E-01 0.6876251E-01 0.8097576E-01 0.9267775E-01 0.1029887 0.1124113 0.1208196 0.1286759 0.1383121 0.1574963 0.1923001 0.1923001 -9999.000 -9999.000 -9999.000 -9999.000 -9999.000 -9999.000 -9999.000 -9999.000 -9999.000 -9999.000 -9999.000 -9999.000 -9999.000 -9999.000 -9999.000 -9999.000 -9999.000 -9999.000 -9999.000 -9999.000 -9999.000 -9999.000 -9999.000 -9999.000 -9999.000 -9999.000 -9999.000 -9999.000 -9999.000
-9999.000 -9999.000 -9999.000 -9999.000 -9999.000 -9999.000 -9999.000 -9999.000 -9999.000 -9999.000 -9999.000 -9999.000 -9999.000 -9999.000 -9999.000 0.6911823E-01 0.4163747E-01 0.3436473E-01 0.4028406E-01 0.5223465E-01 0.6560621E-01 0.7916103E-01 0.9225608E-01 0.1038800 0.1146180 0.1242697 0.1333481 0.1445424 0.1669020 0.2104309 0.2104309 -9999.000 -9999.000 -9999.000 -9999.000 -9999.000 -9999.000 -9999.000 -9999.000 -9999.000 -9999.000 -9999.000 -9999.000 -9999.000 -9999.000 -9999.000 -9999.000 -9999.000 -9999.000 -9999.000 -9999.000 -9999.000 -9999.000 -9999.000 -9999.000 -9999.000 -9999.000 -9999.000 -9999.000 -9999.000
-9999.000 -9999.000 -9999.000 -9999.000 -9999.000 -9999.000 -9999.000 -9999.000 -9999.000 -9999.000 -9999.000 -9999.000 -9999.000 -9999.000 -9999.000 0.6434879E-01 0.3460660E-01 0.2789696E-01 0.3529423E-01 0.4828753E-01 0.6272975E-01 0.7751428E-01 0.9195010E-01 0.1048601 0.1169138 0.1278130 0.1381278 0.1509426 0.1767390 0.2309470 0.2309470 -9999.000 -9999.000 -9999.000 -9999.000 -9999.000 -9999.000 -9999.000 -9999.000 -9999.000 -9999.000 -9999.000 -9999.000 -9999.000 -9999.000 -9999.000 -9999.000 -9999.000 -9999.000 -9999.000 -9999.000 -9999.000 -9999.000 -9999.000 -9999.000 -9999.000 -9999.000 -9999.000 -9999.000 -9999.000
-9999.000 -9999.000 -9999.000 -9999.000 -9999.000 -9999.000 -9999.000 -9999.000 -9999.000 -9999.000 -9999.000 -9999.000 -9999.000 -9999.000 -9999.000 0.5899925E-01 0.2740313E-01 0.2269435E-01 0.3166174E-01 0.4511794E-01 0.6028187E-01 0.7612094E-01 0.9181512E-01 0.1059669 0.1193258 0.1314664 0.1430226 0.1575206 0.1870501 0.2545067 0.2545067 -9999.000 -9999.000 -9999.000 -9999.000 -9999.000 -9999.000 -9999.000 -9999.000 -9999.000 -9999.000 -9999.000 -9999.000 -9999.000 -9999.000 -9999.000 -9999.000 -9999.000 -9999.000 -9999.000 -9999.000 -9999.000 -9999.000 -9999.000 -9999.000 -9999.000 -9999.000 -9999.000 -9999.000 -9999.000
-9999.000 -9999.000 -9999.000 -9999.000 -9999.000 -9999.000 -9999.000 -9999.000 -9999.000 -9999.000 -9999.000 -9999.000 -9999.000 -9999.000 -9999.000 0.5296271E-01 0.2034799E-01 0.2042006E-01 0.3029394E-01 0.4314959E-01 0.5848528E-01 0.7511680E-01 0.9194462E-01 0.1072682 0.1219057 0.1352662 0.1480565 0.1642955 0.1978893 0.2820395 0.2820395 -9999.000 -9999.000 -9999.000 -9999.000 -9999.000 -9999.000 -9999.000 -9999.000 -9999.000 -9999.000 -9999.000 -9999.000 -9999.000 -9999.000 -9999.000 -9999.000 -9999.000 -9999.000 -9999.000 -9999.000 -9999.000 -9999.000 -9999.000 -9999.000 -9999.000 -9999.000 -9999.000 -9999.000 -9999.000
-9999.000 -9999.000 -9999.000 -9999.000 -9999.000 -9999.000 -9999.000 -9999.000 -9999.000 -9999.000 -9999.000 -9999.000 -9999.000 -9999.000 -9999.000 0.4577083E-01 0.1550307E-01 0.2448343E-01 0.3365604E-01 0.4432500E-01 0.5876756E-01 0.7554265E-01 0.9310294E-01 0.1093341 0.1250785 0.1395248 0.1534543 0.1714283 0.2094041 0.3149586 0.3149586 -9999.000 -9999.000 -9999.000 -9999.000 -9999.000 -9999.000 -9999.000 -9999.000 -9999.000 -9999.000 -9999.000 -9999.000 -9999.000 -9999.000 -9999.000 -9999.000 -9999.000 -9999.000 -9999.000 -9999.000 -9999.000 -9999.000 -9999.000 -9999.000 -9999.000 -9999.000 -9999.000 -9999.000 -9999.000
-9999.000 -9999.000 -9999.000 -9999.000 -9999.000 -9999.000 -9999.000 -9999.000 -9999.000 -9999.000 -9999.000 -9999.000 -9999.000 -9999.000 -9999.000 0.7209723E-01 0.1100308 0.1264016 0.1180228 0.1086470 0.1049192 0.1066102 0.1133881 0.1227068 0.1343855 0.1466220 0.1596743 0.1783181 0.2206060 0.3525209 0.3525209 -9999.000 -9999.000 -9999.000 -9999.000 -9999.000 -9999.000 -9999.000 -9999.000 -9999.000 -9999.000 -9999.000 -9999.000 -9999.000 -9999.000 -9999.000 -9999.000 -9999.000 -9999.000 -9999.000 -9999.000 -9999.000 -9999.000 -9999.000 -9999.000 -9999.000 -9999.000 -9999.000 -9999.000 -9999.000
2.808147 2.808147 2.792013 2.814382 2.833213 2.833213 2.835926 2.835875 2.835875 2.832513 2.832513 2.826831 2.823325 2.819462 2.815527 2.815527 2.939962 2.943547 2.944580 2.927394 2.887761 2.826644 2.743117 2.635976 2.509495 2.364383 2.204751 2.040410 1.897585 1.851146 1.851146 2.672556 2.843305 2.940996 2.965207 2.965207 2.996406 2.996406 2.975091 2.975091 2.928644 2.741177 2.741177 2.337771 2.337771 2.054895 2.054895 2.054895 2.044533 2.044533 2.078635 2.078635 2.127080 2.127080 2.176917 2.176917 2.221018 2.221018 2.221018 2.255489
2.831205 2.831205 2.822876 2.868377 2.893881 2.893881 2.908301 2.930767 2.930767 2.949530 2.949530 2.965777 2.973169 2.980160 2.987013 2.987013 3.079900 3.097150 3.112081 3.122247 3.126687 3.124521 3.113420 3.090299 3.053551 3.000647 2.930302 2.843567 2.747180 2.676177 2.676177 3.113236 3.265896 3.414211 3.454627 3.454627 3.499910 3.499910 3.498690 3.498690 3.475861 3.370191 3.370191 3.147851 3.147851 2.883712 2.883712 2.883712 2.871341 2.871341 2.907471 2.907471 2.959042 2.959042 3.011418 3.011418 3.058642 3.058642 3.058642 3.097844
2.835481 2.835481 2.825899 2.870599 2.893728 2.893728 2.908704 2.932028 2.932028 2.951447 2.951447 2.968399 2.976178 2.983582 2.990902 2.990902 3.074414 3.103262 3.129242 3.151314 3.169031 3.182405 3.190920 3.193396 3.188970 3.175939 3.152601 3.118217 3.075491 3.043874 3.043874 3.290388 3.436225 3.605627 3.655143 3.655143 3.704569 3.704569 3.691209 3.691209 3.660959 3.561715 3.561715 3.410008 3.410008 3.178958 3.178958 3.178958 3.150152 3.150152 3.174359 3.174359 3.217571 3.217571 3.263845 3.263845 3.306485 3.306485 3.306485 3.342321
2.834363 2.834363 2.827763 2.871924 2.893338 2.893338 2.908510 2.932174 2.932174 2.951624 2.951624 2.968541 2.976305 2.983696 2.991061 2.991061 3.069099 3.107791 3.144084 3.176155 3.203155 3.224985 3.241646 3.252950 3.258946 3.259303 3.253446 3.241108 3.223905 3.213815 3.213815 3.365203 3.494094 3.667565 3.720257 3.720257 3.761770 3.761770 3.724355 3.724355 3.684823 3.597416 3.597416 3.503278 3.503278 3.321463 3.321463 3.321463 3.277953 3.277953 3.288118 3.288118 3.322882 3.322882 3.364350 3.364350 3.403862 3.403862 3.403862 3.437306
2.835791 2.835791 2.829211 2.872182 2.892570 2.892570 2.907991 2.932163 2.932163 2.951738 2.951738 2.968657 2.976413 2.983793 2.991232 2.991232 3.068066 3.115311 3.160996 3.202289 3.237900 3.267435 3.290884 3.308291 3.319950 3.326112 3.326966 3.322908 3.315518 3.312944 3.312944 3.409212 3.516722 3.678714 3.724501 3.724501 3.734992 3.734992 3.667417 3.667417 3.627595 3.571533 3.571533 3.531327 3.531327 3.409084 3.409084 3.409084 3.358190 3.358190 3.353239 3.353239 3.377017 3.377017 3.412008 3.412008 3.447448 3.447448 3.447448 3.477834
2.836866 2.836866 2.830303 2.872419 2.892030 2.892030 2.907522 2.932002 2.932002 2.951700 2.951700 2.968680 2.976456 2.983851 2.991420 2.991420 3.072277 3.127417 3.181595 3.231205 3.274654 3.311352 3.341186 3.364233 3.380781 3.391214 3.395966 3.395700 3.391941 3.390489 3.390489 3.450426 3.533826 3.664660 3.687600 3.687600 3.642292 3.642292 3.561212 3.561212 3.536922 3.526620 3.526620 3.531705 3.531705 3.468513 3.468513 3.468513 3.420566 3.420566 3.403456 3.403456 3.414640 3.414640 3.440809 3.440809 3.470275 3.470275 3.470275 3.496164
2.837529 2.837529 2.830891 2.872590 2.891753 2.891753 2.907269 2.931905 2.931905 2.951641 2.951641 2.968643 2.976434 2.983845 2.991605 2.991605 3.082554 3.145532 3.207467 3.264432 3.314757 3.357794 3.393398 3.421642 3.442771 3.457153 3.465241 3.467696 3.465807 3.463578 3.463578 3.498121 3.555395 3.625170 3.602987 3.602987 3.497647 3.497647 3.442338 3.442338 3.445142 3.480273 3.480273 3.518746 3.518746 3.506694 3.506694 3.506694 3.470883 3.470883 3.447824 3.447824 3.447172 3.447172 3.462815 3.462815 3.484286 3.484286 3.484286 3.503992
2.837753 2.837753 2.831076 2.872649 2.891668 2.891668 2.907191 2.931877 2.931877 2.951621 2.951621 2.968625 2.976419 2.983834 2.991847 2.991847 3.100008 3.171209 3.240331 3.303676 3.359764 3.408073 3.448519 3.481216 3.506402 3.524398 3.535610 3.540589 3.540292 3.537065 3.537065 3.552660 3.579620 3.539515 3.455061 3.455061 3.330957 3.330957 3.337164 3.337164 3.367041 3.436695 3.436695 3.498015 3.498015 3.526969 3.526969 3.526969 3.508790 3.508790 3.486893 3.486893 3.477479 3.477479 3.482175 3.482175 3.493982 3.493982 3.493982 3.505848
2.837529 2.837529 2.830892 2.872589 2.891754 2.891754 2.907270 2.931904 2.931904 2.951641 2.951641 2.968643 2.976434 2.983845 2.992201 2.992201 3.126207 3.206289 3.282133 3.350840 3.411438 3.463720 3.507794 3.543889 3.572281 3.593280 3.607228 3.614554 3.615789 3.611229 3.611229 3.608928 3.591804 3.378461 3.248625 3.248625 3.182188 3.182188 3.257591 3.257591 3.305896 3.397051 3.397051 3.473436 3.473436 3.533466 3.533466 3.533466 3.534242 3.534242 3.519260 3.519260 3.505536 3.505536 3.500272 3.500272 3.501419 3.501419 3.501419 3.504014
2.836866 2.836866 2.830303 2.872419 2.892030 2.892030 2.907522 2.932002 2.932002 2.951699 2.951699 2.968679 2.976456 2.983851 2.992673 2.992673 3.163440 3.253133 3.335178 3.408090 3.471748 3.526470 3.572686 3.610821 3.641254 3.664318 3.680323 3.689562 3.691901 3.683592 3.683592 3.652957 3.554070 3.141044 3.029727 3.029727 3.074492 3.074492 3.195898 3.195898 3.254113 3.357872 3.357872 3.444637 3.444637 3.527737 3.527737 3.527737 3.545963 3.545963 3.541195 3.541195 3.527460 3.527460 3.514458 3.514458 3.504984 3.504984 3.504984 3.497500
2.835791 2.835791 2.829210 2.872182 2.892570 2.892570 2.907991 2.932163 2.932163 2.951739 2.951739 2.968658 2.976413 2.983793 2.993275 2.993275 3.215264 3.315037 3.402400 3.477999 3.542930 3.598241 3.644810 3.683332 3.714336 3.738221 3.755293 3.765662 3.767510 3.745406 3.745406 3.645987 3.400795 2.885025 2.860514 2.860514 2.999617 2.999617 3.142015 3.142015 3.205110 3.316588 3.316588 3.410791 3.410791 3.510561 3.510561 3.510561 3.543195 3.543195 3.549384 3.549384 3.538634 3.538634 3.520576 3.520576 3.501436 3.501436 3.501436 3.483834
2.834362 2.834362 2.827762 2.871923 2.893339 2.893339 2.908510 2.932173 2.932173 2.951625 2.951625 2.968541 2.976305 2.983696 2.994112 2.994112 3.287391 3.396810 3.487729 3.563748 3.627564 3.681140 3.725888 3.762816 3.792631 3.815815 3.832684 3.842866 3.838420 3.763685 3.763685 3.500566 3.090615 2.699726 2.751991 2.751991 2.933253 2.933253 3.084202 3.084202 3.150052 3.267044 3.267044 3.366851 3.366851 3.478492 3.478492 3.478492 3.522143 3.522143 3.538155 3.538155 3.531822 3.531822 3.511087 3.511087 3.483935 3.483935 3.483935 3.457067
