simulation_files/asc/Velocity__x_87.0.asc
NCOLS        79
NROWS        79
XLLCENTER         -1.500000
YLLCENTER         -4.800000
CELLSIZE           0.100
NODATA_VALUE     -9999.0
[rows 0 to 25 of 79, columns 0 to 57 of 79]
-9999.000 -9999.000 -9999.000 -9999.000 -9999.000 -9999.000 -9999.000 -9999.000 -9999.000 -9999.000 -9999.000 -9999.000 -9999.000 -9999.000 -9999.000 0.2917971E-03 0.1433904E-02 0.3341560E-02 0.5071587E-02 0.6594898E-02 0.7934975E-02 0.9111748E-02 0.1012412E-01 0.1093436E-01 0.1144925E-01 0.1149373E-01 0.1077235E-01 0.8809478E-02 0.4946489E-02 0.1598654E-02 0.1598654E-02 -9999.000 -9999.000 -9999.000 -9999.000 -9999.000 -9999.000 -9999.000 -9999.000 -9999.000 -9999.000 -9999.000 -9999.000 -9999.000 -9999.000 -9999.000 -9999.000 -9999.000 -9999.000 -9999.000 -9999.000 -9999.000 -9999.000 -9999.000 -9999.000 -9999.000 -9999.000 -9999.000
-9999.000 -9999.000 -9999.000 -9999.000 -9999.000 -9999.000 -9999.000 -9999.000 -9999.000 -9999.000 -9999.000 -9999.000 -9999.000 -9999.000 -9999.000 0.1131523E-02 0.3303888E-02 0.6409379E-02 0.9317588E-02 0.1193863E-01 0.1424539E-01 0.1621215E-01 0.1779052E-01 0.1888954E-01 0.1935597E-01 0.1895341E-01 0.1734013E-01 0.1404269E-01 0.8507978E-02 0.3367659E-02 0.3367659E-02 -9999.000 -9999.000 -9999.000 -9999.000 -9999.000 -9999.000 -9999.000 -9999.000 -9999.000 -9999.000 -9999.000 -9999.000 -9999.000 -9999.000 -9999.000 -9999.000 -9999.000 -9999.000 -9999.000 -9999.000 -9999.000 -9999.000 -9999.000 -9999.000 -9999.000 -9999.000 -9999.000
-9999.000 -9999.000 -9999.000 -9999.000 -9999.000 -9999.000 -9999.000 -9999.000 -9999.000 -9999.000 -9999.000 -9999.000 -9999.000 -9999.000 -9999.000 0.1856527E-02 0.4922428E-02 0.9071973E-02 0.1295936E-01 0.1646351E-01 0.1952840E-01 0.2209908E-01 0.2409642E-01 0.2539686E-01 0.2581287E-01 0.2507272E-01 0.2279938E-01 0.1848347E-01 0.1153476E-01 0.4846058E-02 0.4846058E-02 -9999.000 -9999.000 -9999.000 -9999.000 -9999.000 -9999.000 -9999.000 -9999.000 -9999.000 -9999.000 -9999.000 -9999.000 -9999.000 -9999.000 -9999.000 -9999.000 -9999.000 -9999.000 -9999.000 -9999.000 -9999.000 -9999.000 -9999.000 -9999.000 -9999.000 -9999.000 -9999.000
-9999.000 -9999.000 -9999.000 -9999.000 -9999.000 -9999.000 -9999.000 -9999.000 -9999.000 -9999.000 -9999.000 -9999.000 -9999.000 -9999.000 -9999.000 0.2509513E-02 0.6366577E-02 0.1142664E-01 0.1616115E-01 0.2042525E-01 0.2414244E-01 0.2723761E-01 0.2961015E-01 0.3111254E-01 0.3152875E-01 0.3055311E-01 0.2776558E-01 0.2260012E-01 0.1439208E-01 0.6252588E-02 0.6252588E-02 -9999.000 -9999.000 -9999.000 -9999.000 -9999.000 -9999.000 -9999.000 -9999.000 -9999.000 -9999.000 -9999.000 -9999.000 -9999.000 -9999.000 -9999.000 -9999.000 -9999.000 -9999.000 -9999.000 -9999.000 -9999.000 -9999.000 -9999.000 -9999.000 -9999.000 -9999.000 -9999.000
-9999.000 -9999.000 -9999.000 -9999.000 -9999.000 -9999.000 -9999.000 -9999.000 -9999.000 -9999.000 -9999.000 -9999.000 -9999.000 -9999.000 -9999.000 0.3128667E-02 0.7717343E-02 0.1360243E-01 0.1910560E-01 0.2406471E-01 0.2838826E-01 0.3198564E-01 0.3473910E-01 0.3647919E-01 0.3696120E-01 0.3584018E-01 0.3264158E-01 0.2672277E-01 0.1731152E-01 0.7705743E-02 0.7705743E-02 -9999.000 -9999.000 -9999.000 -9999.000 -9999.000 -9999.000 -9999.000 -9999.000 -9999.000 -9999.000 -9999.000 -9999.000 -9999.000 -9999.000 -9999.000 -9999.000 -9999.000 -9999.000 -9999.000 -9999.000 -9999.000 -9999.000 -9999.000 -9999.000 -9999.000 -9999.000 -9999.000
-9999.000 -9999.000 -9999.000 -9999.000 -9999.000 -9999.000 -9999.000 -9999.000 -9999.000 -9999.000 -9999.000 -9999.000 -9999.000 -9999.000 -9999.000 0.3749510E-02 0.9049214E-02 0.1571598E-01 0.2195070E-01 0.2758089E-01 0.3250375E-01 0.3661615E-01 0.3978454E-01 0.4181755E-01 0.4243830E-01 0.4125480E-01 0.3772428E-01 0.3110453E-01 0.2047633E-01 0.9299401E-02 0.9299401E-02 -9999.000 -9999.000 -9999.000 -9999.000 -9999.000 -9999.000 -9999.000 -9999.000 -9999.000 -9999.000 -9999.000 -9999.000 -9999.000 -9999.000 -9999.000 -9999.000 -9999.000 -9999.000 -9999.000 -9999.000 -9999.000 -9999.000 -9999.000 -9999.000 -9999.000 -9999.000 -9999.000
-9999.000 -9999.000 -9999.000 -9999.000 -9999.000 -9999.000 -9999.000 -9999.000 -9999.000 -9999.000 -9999.000 -9999.000 -9999.000 -9999.000 -9999.000 0.4403179E-02 0.1042689E-01 0.1786722E-01 0.2482977E-01 0.3113885E-01 0.3668341E-01 0.4134994E-01 0.4498966E-01 0.4738745E-01 0.4822953E-01 0.4706765E-01 0.4327419E-01 0.3597950E-01 0.2406747E-01 0.1113005E-01 0.1113005E-01 -9999.000 -9999.000 -9999.000 -9999.000 -9999.000 -9999.000 -9999.000 -9999.000 -9999.000 -9999.000 -9999.000 -9999.000 -9999.000 -9999.000 -9999.000 -9999.000 -9999.000 -9999.000 -9999.000 -9999.000 -9999.000 -9999.000 -9999.000 -9999.000 -9999.000 -9999.000 -9999.000
-9999.000 -9999.000 -9999.000 -9999.000 -9999.000 -9999.000 -9999.000 -9999.000 -9999.000 -9999.000 -9999.000 -9999.000 -9999.000 -9999.000 -9999.000 0.5117770E-02 0.1190781E-01 0.2014379E-01 0.2785933E-01 0.3488272E-01 0.4109797E-01 0.4638279E-01 0.5057328E-01 0.5342846E-01 0.5459182E-01 0.5354755E-01 0.4956339E-01 0.4160663E-01 0.2829910E-01 0.1331648E-01 0.1331648E-01 -9999.000 -9999.000 -9999.000 -9999.000 -9999.000 -9999.000 -9999.000 -9999.000 -9999.000 -9999.000 -9999.000 -9999.000 -9999.000 -9999.000 -9999.000 -9999.000 -9999.000 -9999.000 -9999.000 -9999.000 -9999.000 -9999.000 -9999.000 -9999.000 -9999.000 -9999.000 -9999.000
-9999.000 -9999.000 -9999.000 -9999.000 -9999.000 -9999.000 -9999.000 -9999.000 -9999.000 -9999.000 -9999.000 -9999.000 -9999.000 -9999.000 -9999.000 0.5918904E-02 0.1354491E-01 0.2262749E-01 0.3114896E-01 0.3894995E-01 0.4591272E-01 0.5190820E-01 0.5675778E-01 0.6019199E-01 0.6180523E-01 0.6100076E-01 0.5691662E-01 0.4831192E-01 0.3345723E-01 0.1602333E-01 0.1602333E-01 -9999.000 -9999.000 -9999.000 -9999.000 -9999.000 -9999.000 -9999.000 -9999.000 -9999.000 -9999.000 -9999.000 -9999.000 -9999.000 -9999.000 -9999.000 -9999.000 -9999.000 -9999.000 -9999.000 -9999.000 -9999.000 -9999.000 -9999.000 -9999.000 -9999.000 -9999.000 -9999.000
-9999.000 -9999.000 -9999.000 -9999.000 -9999.000 -9999.000 -9999.000 -9999.000 -9999.000 -9999.000 -9999.000 -9999.000 -9999.000 -9999.000 -9999.000 0.6831780E-02 0.1539078E-01 0.2540109E-01 0.3481211E-01 0.4348551E-01 0.5130609E-01 0.5814081E-01 0.6379706E-01 0.6797483E-01 0.7021245E-01 0.6981643E-01 0.6576429E-01 0.5654686E-01 0.3995917E-01 0.1949824E-01 0.1949824E-01 -9999.000 -9999.000 -9999.000 -9999.000 -9999.000 -9999.000 -9999.000 -9999.000 -9999.000 -9999.000 -9999.000 -9999.000 -9999.000 -9999.000 -9999.000 -9999.000 -9999.000 -9999.000 -9999.000 -9999.000 -9999.000 -9999.000 -9999.000 -9999.000 -9999.000 -9999.000 -9999.000
-9999.000 -9999.000 -9999.000 -9999.000 -9999.000 -9999.000 -9999.000 -9999.000 -9999.000 -9999.000 -9999.000 -9999.000 -9999.000 -9999.000 -9999.000 0.7883280E-02 0.1750352E-01 0.2855952E-01 0.3898198E-01 0.4866323E-01 0.5749631E-01 0.6534863E-01 0.7201578E-01 0.7716638E-01 0.8027523E-01 0.8053459E-01 0.7672300E-01 0.6698394E-01 0.4845862E-01 0.2414112E-01 0.2414112E-01 -9999.000 -9999.000 -9999.000 -9999.000 -9999.000 -9999.000 -9999.000 -9999.000 -9999.000 -9999.000 -9999.000 -9999.000 -9999.000 -9999.000 -9999.000 -9999.000 -9999.000 -9999.000 -9999.000 -9999.000 -9999.000 -9999.000 -9999.000 -9999.000 -9999.000 -9999.000 -9999.000
-9999.000 -9999.000 -9999.000 -9999.000 -9999.000 -9999.000 -9999.000 -9999.000 -9999.000 -9999.000 -9999.000 -9999.000 -9999.000 -9999.000 -9999.000 0.9105914E-02 0.1995541E-01 0.3222466E-01 0.4383319E-01 0.5471610E-01 0.6478148E-01 0.7390346E-01 0.8187167E-01 0.8832456E-01 0.9266850E-01 0.9396297E-01 0.9074238E-01 0.8069667E-01 0.6005462E-01 0.3064478E-01 0.3064478E-01 -9999.000 -9999.000 -9999.000 -9999.000 -9999.000 -9999.000 -9999.000 -9999.000 -9999.000 -9999.000 -9999.000 -9999.000 -9999.000 -9999.000 -9999.000 -9999.000 -9999.000 -9999.000 -9999.000 -9999.000 -9999.000 -9999.000 -9999.000 -9999.000 -9999.000 -9999.000 -9999.000
-9999.000 -9999.000 -9999.000 -9999.000 -9999.000 -9999.000 -9999.000 -9999.000 -9999.000 -9999.000 -9999.000 -9999.000 -9999.000 -9999.000 -9999.000 0.1054681E-01 0.2285191E-01 0.3657683E-01 0.4962761E-01 0.6199475E-01 0.7361292E-01 0.8437404E-01 0.9407128E-01 0.1023211 0.1084619 0.1114069 0.1093969 0.9953307E-01 0.7675160E-01 0.4031304E-01 0.4031304E-01 -9999.000 -9999.000 -9999.000 -9999.000 -9999.000 -9999.000 -9999.000 -9999.000 -9999.000 -9999.000 -9999.000 -9999.000 -9999.000 -9999.000 -9999.000 -9999.000 -9999.000 -9999.000 -9999.000 -9999.000 -9999.000 -9999.000 -9999.000 -9999.000 -9999.000 -9999.000 -9999.000
-9999.000 -9999.000 -9999.000 -9999.000 -9999.000 -9999.000 -9999.000 -9999.000 -9999.000 -9999.000 -9999.000 -9999.000 -9999.000 -9999.000 -9999.000 0.1238679E-01 0.2654733E-01 0.4215765E-01 0.5707752E-01 0.7137254E-01 0.8502647E-01 0.9797394E-01 0.1100376 0.1208374 0.1296670 0.1353040 0.1356672 0.1271182 0.1027511 0.5603303E-01 0.5603303E-01 -9999.000 -9999.000 -9999.000 -9999.000 -9999.000 -9999.000 -9999.000 -9999.000 -9999.000 -9999.000 -9999.000 -9999.000 -9999.000 -9999.000 -9999.000 -9999.000 -9999.000 -9999.000 -9999.000 -9999.000 -9999.000 -9999.000 -9999.000 -9999.000 -9999.000 -9999.000 -9999.000
-9999.000 -9999.000 -9999.000 -9999.000 -9999.000 -9999.000 -9999.000 -9999.000 -9999.000 -9999.000 -9999.000 -9999.000 -9999.000 -9999.000 -9999.000 0.2740162E-01 0.4822012E-01 0.6926928E-01 0.8752061E-01 0.1038221 0.1187096 0.1325176 0.1453598 0.1570670 0.1670706 0.1741754 0.1760935 0.1684020 0.1417354 0.7458922E-01 0.7458922E-01 -9999.000 -9999.000 -9999.000 -9999.000 -9999.000 -9999.000 -9999.000 -9999.000 -9999.000 -9999.000 -9999.000 -9999.000 -9999.000 -9999.000 -9999.000 -9999.000 -9999.000 -9999.000 -9999.000 -9999.000 -9999.000 -9999.000 -9999.000 -9999.000 -9999.000 -9999.000 -9999.000
1.752669 1.752669 1.815849 1.847501 1.855597 1.855597 1.861458 1.869011 1.869011 1.872934 1.872934 1.874411 1.874464 1.875378 1.629794 1.629794 1.341221 1.278162 1.206137 1.126051 1.039622 0.9493726 0.8585950 0.7712823 0.6920190 0.6259408 0.5790582 0.5597625 0.5840138 0.6748696 0.6748696 1.590283 1.807174 1.855368 1.817642 1.817642 1.705681 1.705681 1.454185 1.454185 1.154407 0.9847860 0.9847860 0.9764618 0.9764618 1.016121 1.016121 1.016121 1.067241 1.067241 1.113437 1.113437 1.152650 1.152650 1.196291 1.196291 1.223007 1.223007
1.768023 1.768023 1.836881 1.883412 1.899397 1.899397 1.913235 1.936791 1.936791 1.956638 1.956638 1.973909 1.981807 1.990355 1.843796 1.843796 1.592374 1.571524 1.542244 1.502862 1.452913 1.392789 1.323746 1.248034 1.169154 1.092366 1.025582 0.9811450 0.9803044 1.063839 1.063839 1.627747 1.807016 1.921151 1.935258 1.935258 1.911484 1.911484 1.798964 1.798964 1.610287 1.341566 1.341566 1.342874 1.342874 1.392328 1.392328 1.392328 1.445991 1.445991 1.495217 1.495217 1.525230 1.525230 1.578608 1.578608 1.611837 1.611837
1.771662 1.771662 1.838376 1.883923 1.899884 1.899884 1.913818 1.937737 1.937737 1.958045 1.958045 1.975841 1.984025 1.992664 1.912124 1.912124 1.646001 1.643989 1.637279 1.623324 1.601177 1.570470 1.531451 1.485160 1.433666 1.380469 1.331259 1.295526 1.290596 1.355278 1.355278 1.750684 1.912667 2.050804 2.079739 2.079739 2.079340 2.079340 2.006365 2.006365 1.900792 1.653348 1.653348 1.620477 1.620477 1.658869 1.658869 1.658869 1.705232 1.705232 1.746580 1.746580 1.779278 1.779278 1.817560 1.817560 1.845150 1.845150
1.774494 1.774494 1.839594 1.884121 1.899923 1.899923 1.913797 1.937719 1.937719 1.958055 1.958055 1.975866 1.984055 1.992504 1.943737 1.943737 1.673064 1.678939 1.682369 1.679978 1.671309 1.656310 1.635224 1.608773 1.578369 1.546425 1.516895 1.496391 1.497145 1.550620 1.550620 1.847205 1.985691 2.121322 2.151157 2.151157 2.156312 2.156312 2.106523 2.106523 2.048573 1.863706 1.863706 1.795462 1.795462 1.824367 1.824367 1.824367 1.864192 1.864192 1.900516 1.900516 1.929958 1.929958 1.960917 1.960917 1.984970 1.984970
1.776622 1.776622 1.840586 1.884293 1.899949 1.899949 1.913767 1.937688 1.937688 1.958045 1.958045 1.975861 1.984050 1.992324 1.963958 1.963958 1.699608 1.708994 1.718543 1.722148 1.719805 1.712064 1.699635 1.683531 1.665157 1.646502 1.630479 1.621600 1.627787 1.674589 1.674589 1.906279 2.023313 2.144604 2.168821 2.168821 2.170448 2.170448 2.140965 2.140965 2.114078 2.003728 2.003728 1.922358 1.922358 1.931505 1.931505 1.931505 1.965719 1.965719 1.998585 1.998585 2.025846 2.025846 2.052288 2.052288 2.073535 2.073535
1.778101 1.778101 1.841318 1.884428 1.899969 1.899969 1.913741 1.937662 1.937662 1.958037 1.958037 1.975858 1.984046 1.992178 1.976997 1.976997 1.733385 1.741227 1.755534 1.763355 1.764618 1.760267 1.751432 1.739579 1.726468 1.714167 1.705201 1.702834 1.712323 1.752725 1.752725 1.932396 2.030514 2.127700 2.143119 2.143119 2.144092 2.144092 2.139766 2.139766 2.135438 2.089103 2.089103 2.022061 2.022061 2.009008 2.009008 2.009008 2.035739 2.035739 2.064676 2.064676 2.089763 2.089763 2.112671 2.112671 2.131105 2.131105
1.778973 1.778973 1.841766 1.884513 1.899982 1.899982 1.913724 1.937645 1.937645 1.958031 1.958031 1.975855 1.984043 1.992066 1.985300 1.985300 1.781372 1.777674 1.795502 1.806875 1.810776 1.808352 1.800895 1.790158 1.778261 1.767610 1.760884 1.760943 1.770288 1.800292 1.800292 1.932713 2.009797 2.074964 2.083788 2.083788 2.096650 2.096650 2.121770 2.121770 2.134422 2.134356 2.134356 2.097007 2.097007 2.070973 2.070973 2.070973 2.088423 2.088423 2.111979 2.111979 2.133944 2.133944 2.153316 2.153316 2.168741 2.168741
1.779261 1.779261 1.841917 1.884543 1.899986 1.899986 1.913718 1.937638 1.937638 1.958031 1.958031 1.975855 1.984043 1.991988 1.990539 1.990539 1.838840 1.822385 1.839811 1.853557 1.859646 1.858541 1.851503 1.840420 1.827685 1.816042 1.808441 1.807397 1.811745 1.823674 1.823674 1.909784 1.958985 1.993709 2.004684 2.004684 2.043653 2.043653 2.097052 2.097052 2.122159 2.153056 2.153056 2.146969 2.146969 2.122406 2.122406 2.122406 2.131112 2.131112 2.148021 2.148021 2.165493 2.165493 2.180915 2.180915 2.193086 2.193086
1.778973 1.778973 1.841766 1.884514 1.899982 1.899982 1.913724 1.937645 1.937645 1.958032 1.958032 1.975856 1.984044 1.991936 1.993822 1.993822 1.898790 1.877762 1.890722 1.904925 1.912241 1.911811 1.904565 1.892330 1.877611 1.863402 1.852921 1.848136 1.841534 1.822482 1.822482 1.856042 1.873731 1.897812 1.921651 1.921651 1.993390 1.993390 2.069767 2.069767 2.103854 2.155320 2.155320 2.174981 2.174981 2.163578 2.163578 2.163578 2.166691 2.166691 2.176800 2.176800 2.188684 2.188684 2.199475 2.199475 2.207987 2.207987
1.778101 1.778101 1.841318 1.884428 1.899969 1.899969 1.913741 1.937662 1.937662 1.958037 1.958037 1.975858 1.984046 1.991903 1.995872 1.995872 1.957933 1.942660 1.950711 1.962742 1.969491 1.968635 1.960438 1.946423 1.929005 1.911274 1.896640 1.885718 1.857754 1.785668 1.785668 1.760936 1.757725 1.803533 1.845403 1.845403 1.948119 1.948119 2.041593 2.041593 2.082225 2.147682 2.147682 2.186273 2.186273 2.193521 2.193521 2.193521 2.195327 2.195327 2.199822 2.199822 2.205662 2.205662 2.211178 2.211178 2.215625 2.215625
1.776622 1.776622 1.840586 1.884293 1.899950 1.899950 1.913768 1.937688 1.937688 1.958045 1.958045 1.975861 1.984049 1.991885 1.997141 1.997141 2.016606 2.014890 2.020792 2.028674 2.032428 2.029357 2.019046 2.002497 1.981797 1.959925 1.940294 1.919734 1.847041 1.689751 1.689751 1.630067 1.633959 1.719231 1.773463 1.773463 1.905886 1.905886 2.012274 2.012274 2.057933 2.133379 2.133379 2.185394 2.185394 2.211623 2.211623 2.211623 2.215775 2.215775 2.216674 2.216674 2.216794 2.216794 2.216760 2.216760 2.216929 2.216929
