simulation_files/asc/Velocity__x_188.0.asc
NCOLS        79
NROWS        79
XLLCENTER         -1.500000
YLLCENTER         -4.800000
CELLSIZE           0.100
NODATA_VALUE     -9999.0
[rows 0 to 25 of 79, columns 0 to 57 of 79]
-9999.000 -9999.000 -9999.000 -9999.000 -9999.000 -9999.000 -9999.000 -9999.000 -9999.000 -9999.000 -9999.000 -9999.000 -9999.000 -9999.000 -9999.000 -0.1529569E-02 -0.1277216E-02 0.1746933E-02 0.6180407E-02 0.1077891E-01 0.1456267E-01 0.1724738E-01 0.1881443E-01 0.1931896E-01 0.1889867E-01 0.1769862E-01 0.1579604E-01 0.1314527E-01 0.9201601E-02 0.4496842E-02 0.4496842E-02 -9999.000 -9999.000 -9999.000 -9999.000 -9999.000 -9999.000 -9999.000 -9999.000 -9999.000 -9999.000 -9999.000 -9999.000 -9999.000 -9999.000 -9999.000 -9999.000 -9999.000 -9999.000 -9999.000 -9999.000 -9999.000 -9999.000 -9999.000 -9999.000 -9999.000 -9999.000 -9999.000
-9999.000 -9999.000 -9999.000 -9999.000 -9999.000 -9999.000 -9999.000 -9999.000 -9999.000 -9999.000 -9999.000 -9999.000 -9999.000 -9999.000 -9999.000 -0.3485282E-03 0.1069162E-02 0.5121686E-02 0.1045066E-01 0.1585620E-01 0.2035796E-01 0.2360419E-01 0.2550548E-01 0.2606543E-01 0.2538686E-01 0.2359856E-01 0.2078643E-01 0.1694347E-01 0.1164607E-01 0.5679569E-02 0.5679569E-02 -9999.000 -9999.000 -9999.000 -9999.000 -9999.000 -9999.000 -9999.000 -9999.000 -9999.000 -9999.000 -9999.000 -9999.000 -9999.000 -9999.000 -9999.000 -9999.000 -9999.000 -9999.000 -9999.000 -9999.000 -9999.000 -9999.000 -9999.000 -9999.000 -9999.000 -9999.000 -9999.000
-9999.000 -9999.000 -9999.000 -9999.000 -9999.000 -9999.000 -9999.000 -9999.000 -9999.000 -9999.000 -9999.000 -9999.000 -9999.000 -9999.000 -9999.000 0.9036553E-04 0.2033489E-02 0.6709023E-02 0.1263871E-01 0.1857767E-01 0.2350615E-01 0.2705161E-01 0.2911165E-01 0.2968090E-01 0.2886131E-01 0.2678697E-01 0.2355329E-01 0.1916747E-01 0.1320684E-01 0.6479038E-02 0.6479038E-02 -9999.000 -9999.000 -9999.000 -9999.000 -9999.000 -9999.000 -9999.000 -9999.000 -9999.000 -9999.000 -9999.000 -9999.000 -9999.000 -9999.000 -9999.000 -9999.000 -9999.000 -9999.000 -9999.000 -9999.000 -9999.000 -9999.000 -9999.000 -9999.000 -9999.000 -9999.000 -9999.000
-9999.000 -9999.000 -9999.000 -9999.000 -9999.000 -9999.000 -9999.000 -9999.000 -9999.000 -9999.000 -9999.000 -9999.000 -9999.000 -9999.000 -9999.000 0.3019506E-03 0.2532987E-02 0.7591892E-02 0.1391605E-01 0.2021700E-01 0.2543783E-01 0.2919303E-01 0.3137446E-01 0.3197292E-01 0.3109354E-01 0.2887527E-01 0.2541787E-01 0.2073125E-01 0.1437278E-01 0.7104116E-02 0.7104116E-02 -9999.000 -9999.000 -9999.000 -9999.000 -9999.000 -9999.000 -9999.000 -9999.000 -9999.000 -9999.000 -9999.000 -9999.000 -9999.000 -9999.000 -9999.000 -9999.000 -9999.000 -9999.000 -9999.000 -9999.000 -9999.000 -9999.000 -9999.000 -9999.000 -9999.000 -9999.000 -9999.000
-9999.000 -9999.000 -9999.000 -9999.000 -9999.000 -9999.000 -9999.000 -9999.000 -9999.000 -9999.000 -9999.000 -9999.000 -9999.000 -9999.000 -9999.000 0.4289559E-03 0.2855887E-02 0.8200115E-02 0.1483136E-01 0.2142059E-01 0.2687662E-01 0.3080543E-01 0.3309631E-01 0.3373787E-01 0.3283948E-01 0.3054422E-01 0.2695263E-01 0.2207247E-01 0.1542919E-01 0.7692373E-02 0.7692373E-02 -9999.000 -9999.000 -9999.000 -9999.000 -9999.000 -9999.000 -9999.000 -9999.000 -9999.000 -9999.000 -9999.000 -9999.000 -9999.000 -9999.000 -9999.000 -9999.000 -9999.000 -9999.000 -9999.000 -9999.000 -9999.000 -9999.000 -9999.000 -9999.000 -9999.000 -9999.000 -9999.000
-9999.000 -9999.000 -9999.000 -9999.000 -9999.000 -9999.000 -9999.000 -9999.000 -9999.000 -9999.000 -9999.000 -9999.000 -9999.000 -9999.000 -9999.000 0.5317625E-03 0.3127510E-02 0.8725916E-02 0.1563543E-01 0.2248746E-01 0.2815831E-01 0.3224858E-01 0.3464699E-01 0.3534091E-01 0.3444495E-01 0.3210644E-01 0.2842441E-01 0.2340171E-01 0.1652083E-01 0.8317602E-02 0.8317602E-02 -9999.000 -9999.000 -9999.000 -9999.000 -9999.000 -9999.000 -9999.000 -9999.000 -9999.000 -9999.000 -9999.000 -9999.000 -9999.000 -9999.000 -9999.000 -9999.000 -9999.000 -9999.000 -9999.000 -9999.000 -9999.000 -9999.000 -9999.000 -9999.000 -9999.000 -9999.000 -9999.000
-9999.000 -9999.000 -9999.000 -9999.000 -9999.000 -9999.000 -9999.000 -9999.000 -9999.000 -9999.000 -9999.000 -9999.000 -9999.000 -9999.000 -9999.000 0.6383150E-03 0.3405871E-02 0.9258999E-02 0.1644552E-01 0.2355803E-01 0.2944065E-01 0.3369166E-01 0.3620144E-01 0.3695624E-01 0.3607754E-01 0.3371666E-01 0.2996973E-01 0.2483156E-01 0.1773246E-01 0.9025468E-02 0.9025468E-02 -9999.000 -9999.000 -9999.000 -9999.000 -9999.000 -9999.000 -9999.000 -9999.000 -9999.000 -9999.000 -9999.000 -9999.000 -9999.000 -9999.000 -9999.000 -9999.000 -9999.000 -9999.000 -9999.000 -9999.000 -9999.000 -9999.000 -9999.000 -9999.000 -9999.000 -9999.000 -9999.000
-9999.000 -9999.000 -9999.000 -9999.000 -9999.000 -9999.000 -9999.000 -9999.000 -9999.000 -9999.000 -9999.000 -9999.000 -9999.000 -9999.000 -9999.000 0.7637852E-03 0.3722083E-02 0.9846087E-02 0.1732247E-01 0.2470454E-01 0.3080520E-01 0.3522329E-01 0.3785229E-01 0.3867753E-01 0.3782955E-01 0.3546361E-01 0.3167159E-01 0.2643806E-01 0.1912883E-01 0.9855003E-02 0.9855003E-02 -9999.000 -9999.000 -9999.000 -9999.000 -9999.000 -9999.000 -9999.000 -9999.000 -9999.000 -9999.000 -9999.000 -9999.000 -9999.000 -9999.000 -9999.000 -9999.000 -9999.000 -9999.000 -9999.000 -9999.000 -9999.000 -9999.000 -9999.000 -9999.000 -9999.000 -9999.000 -9999.000
-9999.000 -9999.000 -9999.000 -9999.000 -9999.000 -9999.000 -9999.000 -9999.000 -9999.000 -9999.000 -9999.000 -9999.000 -9999.000 -9999.000 -9999.000 0.9176670E-03 0.4095449E-02 0.1051667E-01 0.1830440E-01 0.2597253E-01 0.3230354E-01 0.3689963E-01 0.3965952E-01 0.4056796E-01 0.3976601E-01 0.3741419E-01 0.3359764E-01 0.2828855E-01 0.2077501E-01 0.1084750E-01 0.1084750E-01 -9999.000 -9999.000 -9999.000 -9999.000 -9999.000 -9999.000 -9999.000 -9999.000 -9999.000 -9999.000 -9999.000 -9999.000 -9999.000 -9999.000 -9999.000 -9999.000 -9999.000 -9999.000 -9999.000 -9999.000 -9999.000 -9999.000 -9999.000 -9999.000 -9999.000 -9999.000 -9999.000
-9999.000 -9999.000 -9999.000 -9999.000 -9999.000 -9999.000 -9999.000 -9999.000 -9999.000 -9999.000 -9999.000 -9999.000 -9999.000 -9999.000 -9999.000 0.1108332E-02 0.4543142E-02 0.1129671E-01 0.1942495E-01 0.2740196E-01 0.3398015E-01 0.3876969E-01 0.4167638E-01 0.4268479E-01 0.4194931E-01 0.3963525E-01 0.3581979E-01 0.3045991E-01 0.2274997E-01 0.1205542E-01 0.1205542E-01 -9999.000 -9999.000 -9999.000 -9999.000 -9999.000 -9999.000 -9999.000 -9999.000 -9999.000 -9999.000 -9999.000 -9999.000 -9999.000 -9999.000 -9999.000 -9999.000 -9999.000 -9999.000 -9999.000 -9999.000 -9999.000 -9999.000 -9999.000 -9999.000 -9999.000 -9999.000 -9999.000
-9999.000 -9999.000 -9999.000 -9999.000 -9999.000 -9999.000 -9999.000 -9999.000 -9999.000 -9999.000 -9999.000 -9999.000 -9999.000 -9999.000 -9999.000 0.1344850E-02 0.5083963E-02 0.1221390E-01 0.2071996E-01 0.2903562E-01 0.3588420E-01 0.4088853E-01 0.4396372E-01 0.4509459E-01 0.4445253E-01 0.4220788E-01 0.3842789E-01 0.3305179E-01 0.2516069E-01 0.1355042E-01 0.1355042E-01 -9999.000 -9999.000 -9999.000 -9999.000 -9999.000 -9999.000 -9999.000 -9999.000 -9999.000 -9999.000 -9999.000 -9999.000 -9999.000 -9999.000 -9999.000 -9999.000 -9999.000 -9999.000 -9999.000 -9999.000 -9999.000 -9999.000 -9999.000 -9999.000 -9999.000 -9999.000 -9999.000
-9999.000 -9999.000 -9999.000 -9999.000 -9999.000 -9999.000 -9999.000 -9999.000 -9999.000 -9999.000 -9999.000 -9999.000 -9999.000 -9999.000 -9999.000 0.1640227E-02 0.5744967E-02 0.1331040E-01 0.2224536E-01 0.3093660E-01 0.3808541E-01 0.4333197E-01 0.4660412E-01 0.4788797E-01 0.4737573E-01 0.4524365E-01 0.4154705E-01 0.3620366E-01 0.2815854E-01 0.1543513E-01 0.1543513E-01 -9999.000 -9999.000 -9999.000 -9999.000 -9999.000 -9999.000 -9999.000 -9999.000 -9999.000 -9999.000 -9999.000 -9999.000 -9999.000 -9999.000 -9999.000 -9999.000 -9999.000 -9999.000 -9999.000 -9999.000 -9999.000 -9999.000 -9999.000 -9999.000 -9999.000 -9999.000 -9999.000
-9999.000 -9999.000 -9999.000 -9999.000 -9999.000 -9999.000 -9999.000 -9999.000 -9999.000 -9999.000 -9999.000 -9999.000 -9999.000 -9999.000 -9999.000 0.2046766E-02 0.6637697E-02 0.1476411E-01 0.2422868E-01 0.3333029E-01 0.4079830E-01 0.4630589E-01 0.4979609E-01 0.5125832E-01 0.5091204E-01 0.4894048E-01 0.4538443E-01 0.4013705E-01 0.3197792E-01 0.1786635E-01 0.1786635E-01 -9999.000 -9999.000 -9999.000 -9999.000 -9999.000 -9999.000 -9999.000 -9999.000 -9999.000 -9999.000 -9999.000 -9999.000 -9999.000 -9999.000 -9999.000 -9999.000 -9999.000 -9999.000 -9999.000 -9999.000 -9999.000 -9999.000 -9999.000 -9999.000 -9999.000 -9999.000 -9999.000
-9999.000 -9999.000 -9999.000 -9999.000 -9999.000 -9999.000 -9999.000 -9999.000 -9999.000 -9999.000 -9999.000 -9999.000 -9999.000 -9999.000 -9999.000 0.4132559E-02 0.1109680E-01 0.2196232E-01 0.3266832E-01 0.4152471E-01 0.4859638E-01 0.5369058E-01 0.5677347E-01 0.5786233E-01 0.5722149E-01 0.5503895E-01 0.5132907E-01 0.4594483E-01 0.3744918E-01 0.2131530E-01 0.2131530E-01 -9999.000 -9999.000 -9999.000 -9999.000 -9999.000 -9999.000 -9999.000 -9999.000 -9999.000 -9999.000 -9999.000 -9999.000 -9999.000 -9999.000 -9999.000 -9999.000 -9999.000 -9999.000 -9999.000 -9999.000 -9999.000 -9999.000 -9999.000 -9999.000 -9999.000 -9999.000 -9999.000
-9999.000 -9999.000 -9999.000 -9999.000 -9999.000 -9999.000 -9999.000 -9999.000 -9999.000 -9999.000 -9999.000 -9999.000 -9999.000 -9999.000 -9999.000 0.1034651 0.1596980 0.1891924 0.1832632 0.1554720 0.1350978 0.1175067 0.1023681 0.8931151E-01 0.7813101E-01 0.6825707E-01 0.5917161E-01 0.5020306E-01 0.3932980E-01 0.1883564E-01 0.1883564E-01 -9999.000 -9999.000 -9999.000 -9999.000 -9999.000 -9999.000 -9999.000 -9999.000 -9999.000 -9999.000 -9999.000 -9999.000 -9999.000 -9999.000 -9999.000 -9999.000 -9999.000 -9999.000 -9999.000 -9999.000 -9999.000 -9999.000 -9999.000 -9999.000 -9999.000 -9999.000 -9999.000
2.854965 2.854965 2.829504 2.892778 2.898706 2.898706 2.901422 2.902515 2.902515 2.899972 2.899972 2.894929 2.891717 2.888138 2.884250 2.884250 3.026865 3.030786 3.031420 3.030232 3.001448 2.949610 2.874805 2.776577 2.653250 2.511100 2.351205 2.181138 2.022710 1.943046 1.943046 2.749422 2.924767 3.032807 3.061173 3.061173 3.102946 3.102946 3.103949 3.103949 3.072814 2.926559 2.926559 2.648617 2.648617 2.207853 2.207853 2.207853 2.160778 2.160778 2.177031 2.177031 2.218667 2.218667 2.266449 2.266449 2.311363 2.311363
2.878654 2.878654 2.856780 2.943422 2.961188 2.961188 2.975479 2.999365 2.999365 3.019376 3.019376 3.036710 3.044619 3.052117 3.059257 3.059257 3.160958 3.178915 3.193409 3.206469 3.212862 3.212738 3.204401 3.185079 3.151196 3.101664 3.034267 2.949116 2.851757 2.766563 2.766563 3.186600 3.343519 3.497200 3.539986 3.539986 3.592298 3.592298 3.604398 3.604398 3.590991 3.510038 3.510038 3.346189 3.346189 3.031736 3.031736 3.031736 2.978453 2.978453 2.996281 2.996281 3.040599 3.040599 3.091027 3.091027 3.138853 3.138853
2.883847 2.883847 2.858852 2.943337 2.961497 2.961497 2.976198 3.000709 3.000709 3.021325 3.021325 3.039366 3.047669 3.055586 3.063171 3.063171 3.151406 3.181314 3.207456 3.230965 3.249655 3.263385 3.271884 3.274297 3.268920 3.254791 3.230143 3.193865 3.147983 3.107240 3.107240 3.340613 3.491806 3.670722 3.724405 3.724405 3.784993 3.784993 3.787464 3.787464 3.765827 3.676684 3.676684 3.548430 3.548430 3.309493 3.309493 3.309493 3.246120 3.246120 3.250447 3.250447 3.285499 3.285499 3.329638 3.329638 3.372999 3.372999
2.887002 2.887002 2.862076 2.942846 2.961132 2.961132 2.976060 3.000744 3.000744 3.021368 3.021368 3.039408 3.047717 3.055643 3.063238 3.063238 3.142618 3.182221 3.219105 3.252487 3.280621 3.302922 3.319263 3.329512 3.333194 3.330204 3.320086 3.302489 3.278756 3.258301 3.258301 3.398118 3.529920 3.716094 3.776362 3.776362 3.838083 3.838083 3.820420 3.820420 3.785481 3.691777 3.691777 3.601546 3.601546 3.436409 3.436409 3.436409 3.370805 3.370805 3.361161 3.361161 3.385665 3.385665 3.423651 3.423651 3.463347 3.463347
2.886025 2.886025 2.868221 2.942420 2.960778 2.960778 2.975905 3.000757 3.000757 3.021377 3.021377 3.039396 3.047698 3.055619 3.063208 3.063208 3.138513 3.186244 3.232695 3.275237 3.312021 3.342155 3.365339 3.381518 3.390600 3.392765 3.388194 3.377208 3.361213 3.346869 3.346869 3.430417 3.536899 3.713185 3.771743 3.771743 3.815472 3.815472 3.766527 3.766527 3.722634 3.646693 3.646693 3.602145 3.602145 3.508017 3.508017 3.508017 3.449556 3.449556 3.428226 3.428226 3.440083 3.440083 3.469676 3.469676 3.504219 3.504219
2.884777 2.884777 2.872627 2.941770 2.960344 2.960344 2.975713 3.000751 3.000751 3.021374 3.021374 3.039385 3.047687 3.055611 3.063206 3.063206 3.140142 3.195304 3.250189 3.300889 3.345337 3.382497 3.411943 3.433578 3.447399 3.453602 3.452518 3.444672 3.431394 3.417533 3.417533 3.463629 3.542374 3.690950 3.735227 3.735227 3.734252 3.734252 3.655910 3.655910 3.618875 3.584886 3.584886 3.585095 3.585095 3.551562 3.551562 3.551562 3.508117 3.508117 3.480881 3.480881 3.480239 3.480239 3.499314 3.499314 3.526541 3.526541
2.884476 2.884476 2.875781 2.941429 2.960108 2.960108 2.975617 3.000767 3.000767 3.021393 3.021393 3.039394 3.047695 3.055619 3.063214 3.063214 3.148233 3.210784 3.273168 3.330865 3.381752 3.424809 3.459606 3.486033 3.504107 3.513992 3.515985 3.510571 3.498824 3.484122 3.484122 3.504627 3.555638 3.655224 3.666599 3.666599 3.600090 3.600090 3.523437 3.523437 3.511064 3.527814 3.527814 3.563552 3.563552 3.577020 3.577020 3.577020 3.552917 3.552917 3.526906 3.526906 3.516915 3.516915 3.524641 3.524641 3.542565 3.542565
2.884361 2.884361 2.876857 2.941314 2.960028 2.960028 2.975585 3.000775 3.000775 3.021400 3.021400 3.039398 3.047698 3.055621 3.063217 3.063217 3.163784 3.234169 3.303298 3.366759 3.422667 3.470209 3.509091 3.539269 3.560806 3.573844 3.578609 3.575467 3.565160 3.549722 3.549722 3.552387 3.575793 3.594215 3.550114 3.550114 3.430851 3.430851 3.402945 3.402945 3.421386 3.480249 3.480249 3.540383 3.540383 3.588646 3.588646 3.588646 3.584670 3.584670 3.565984 3.565984 3.551175 3.551175 3.548567 3.548567 3.556021 3.556021
2.884476 2.884476 2.875781 2.941428 2.960108 2.960108 2.975616 3.000768 3.000768 3.021393 3.021393 3.039395 3.047695 3.055619 3.063215 3.063215 3.188272 3.267155 3.342315 3.410184 3.469482 3.519828 3.561209 3.593750 3.617610 3.632942 3.639925 3.638789 3.629910 3.613770 3.613770 3.602182 3.593697 3.480532 3.372895 3.372895 3.264535 3.264535 3.310048 3.310048 3.352599 3.438871 3.438871 3.515054 3.515054 3.589059 3.589059 3.589059 3.603609 3.603609 3.595988 3.595988 3.581235 3.581235 3.570767 3.570767 3.567618 3.567618
2.884776 2.884776 2.872628 2.941770 2.960343 2.960343 2.975713 3.000751 3.000751 3.021374 3.021374 3.039385 3.047688 3.055612 3.063207 3.063207 3.223909 3.311853 3.392120 3.462753 3.523504 3.574665 3.616652 3.649855 3.674576 3.691033 3.699377 3.699718 3.691907 3.673749 3.673749 3.644507 3.586181 3.290045 3.155899 3.155899 3.137266 3.137266 3.243694 3.243694 3.299633 3.401281 3.401281 3.488078 3.488078 3.580929 3.580929 3.580929 3.611011 3.611011 3.615573 3.615573 3.604694 3.604694 3.589543 3.589543 3.576704 3.576704
2.886025 2.886025 2.868221 2.942419 2.960779 2.960779 2.975905 3.000758 3.000758 3.021376 3.021376 3.039397 3.047698 3.055618 3.063209 3.063209 3.274054 3.371031 3.454842 3.526014 3.585792 3.635376 3.675741 3.707611 3.731476 3.747630 3.756222 3.757222 3.749344 3.723228 3.723228 3.655933 3.504480 3.043609 2.960416 2.960416 3.053123 3.053123 3.190008 3.190008 3.252079 3.362419 3.362419 3.456741 3.456741 3.563421 3.563421 3.563421 3.605744 3.605744 3.621676 3.621676 3.616772 3.616772 3.599958 3.599958 3.579211 3.579211
