simulation_files/asc/Velocity____195.0.asc
NCOLS        79
NROWS        79
XLLCENTER         -1.500000
YLLCENTER         -4.800000
CELLSIZE           0.100
NODATA_VALUE     -9999.0
[rows 0 to 26 of 79, columns 0 to 59 of 79]
-9999.000 -9999.000 -9999.000 -9999.000 -9999.000 -9999.000 -9999.000 -9999.000 -9999.000 -9999.000 -9999.000 -9999.000 -9999.000 -9999.000 -9999.000 0.9053049E-01 0.8719239E-01 0.8553425E-01 0.8473256E-01 0.8531227E-01 0.8669955E-01 0.8820044E-01 0.8950610E-01 0.9050849E-01 0.9111219E-01 0.9143525E-01 0.9157287E-01 0.9170699E-01 0.9239406E-01 0.9331567E-01 0.9331567E-01 -9999.000 -9999.000 -9999.000 -9999.000 -9999.000 -9999.000 -9999.000 -9999.000 -9999.000 -9999.000 -9999.000 -9999.000 -9999.000 -9999.000 -9999.000 -9999.000 -9999.000 -9999.000 -9999.000 -9999.000 -9999.000 -9999.000 -9999.000 -9999.000 -9999.000 -9999.000 -9999.000 -9999.000 -9999.000
-9999.000 -9999.000 -9999.000 -9999.000 -9999.000 -9999.000 -9999.000 -9999.000 -9999.000 -9999.000 -9999.000 -9999.000 -9999.000 -9999.000 -9999.000 0.9183525E-01 0.8473875E-01 0.8133120E-01 0.7976043E-01 0.8095273E-01 0.8371004E-01 0.8669980E-01 0.8936799E-01 0.9152571E-01 0.9295925E-01 0.9387632E-01 0.9444897E-01 0.9505343E-01 0.9689394E-01 0.9947504E-01 0.9947504E-01 -9999.000 -9999.000 -9999.000 -9999.000 -9999.000 -9999.000 -9999.000 -9999.000 -9999.000 -9999.000 -9999.000 -9999.000 -9999.000 -9999.000 -9999.000 -9999.000 -9999.000 -9999.000 -9999.000 -9999.000 -9999.000 -9999.000 -9999.000 -9999.000 -9999.000 -9999.000 -9999.000 -9999.000 -9999.000
-9999.000 -9999.000 -9999.000 -9999.000 -9999.000 -9999.000 -9999.000 -9999.000 -9999.000 -9999.000 -9999.000 -9999.000 -9999.000 -9999.000 -9999.000 0.9237254E-01 0.8112600E-01 0.7564735E-01 0.7311564E-01 0.7494531E-01 0.7922835E-01 0.8391792E-01 0.8821297E-01 0.9185740E-01 0.9450969E-01 0.9646559E-01 0.9795192E-01 0.9951824E-01 0.1030467 0.1080839 0.1080839 -9999.000 -9999.000 -9999.000 -9999.000 -9999.000 -9999.000 -9999.000 -9999.000 -9999.000 -9999.000 -9999.000 -9999.000 -9999.000 -9999.000 -9999.000 -9999.000 -9999.000 -9999.000 -9999.000 -9999.000 -9999.000 -9999.000 -9999.000 -9999.000 -9999.000 -9999.000 -9999.000 -9999.000 -9999.000
-9999.000 -9999.000 -9999.000 -9999.000 -9999.000 -9999.000 -9999.000 -9999.000 -9999.000 -9999.000 -9999.000 -9999.000 -9999.000 -9999.000 -9999.000 0.9251504E-01 0.7707445E-01 0.6949418E-01 0.6599865E-01 0.6849182E-01 0.7431976E-01 0.8072482E-01 0.8668561E-01 0.9189672E-01 0.9588460E-01 0.9902861E-01 0.1015941 0.1042906 0.1096919 0.1176806 0.1176806 -9999.000 -9999.000 -9999.000 -9999.000 -9999.000 -9999.000 -9999.000 -9999.000 -9999.000 -9999.000 -9999.000 -9999.000 -9999.000 -9999.000 -9999.000 -9999.000 -9999.000 -9999.000 -9999.000 -9999.000 -9999.000 -9999.000 -9999.000 -9999.000 -9999.000 -9999.000 -9999.000 -9999.000 -9999.000
-9999.000 -9999.000 -9999.000 -9999.000 -9999.000 -9999.000 -9999.000 -9999.000 -9999.000 -9999.000 -9999.000 -9999.000 -9999.000 -9999.000 -9999.000 0.9248492E-01 0.7275430E-01 0.6303796E-01 0.5859754E-01 0.6180868E-01 0.6921031E-01 0.7733916E-01 0.8498514E-01 0.9180800E-01 0.9719530E-01 0.1016104 0.1053469 0.1092718 0.1166822 0.1281216 0.1281216 -9999.000 -9999.000 -9999.000 -9999.000 -9999.000 -9999.000 -9999.000 -9999.000 -9999.000 -9999.000 -9999.000 -9999.000 -9999.000 -9999.000 -9999.000 -9999.000 -9999.000 -9999.000 -9999.000 -9999.000 -9999.000 -9999.000 -9999.000 -9999.000 -9999.000 -9999.000 -9999.000 -9999.000 -9999.000
-9999.000 -9999.000 -9999.000 -9999.000 -9999.000 -9999.000 -9999.000 -9999.000 -9999.000 -9999.000 -9999.000 -9999.000 -9999.000 -9999.000 -9999.000 0.9235820E-01 0.6822733E-01 0.5635098E-01 0.5102494E-01 0.5504581E-01 0.6404723E-01 0.7389213E-01 0.8322423E-01 0.9168250E-01 0.9850515E-01 0.1042418 0.1092059 0.1144251 0.1239647 0.1394147 0.1394147 -9999.000 -9999.000 -9999.000 -9999.000 -9999.000 -9999.000 -9999.000 -9999.000 -9999.000 -9999.000 -9999.000 -9999.000 -9999.000 -9999.000 -9999.000 -9999.000 -9999.000 -9999.000 -9999.000 -9999.000 -9999.000 -9999.000 -9999.000 -9999.000 -9999.000 -9999.000 -9999.000 -9999.000 -9999.000
-9999.000 -9999.000 -9999.000 -9999.000 -9999.000 -9999.000 -9999.000 -9999.000 -9999.000 -9999.000 -9999.000 -9999.000 -9999.000 -9999.000 -9999.000 0.9214693E-01 0.6350543E-01 0.4946256E-01 0.4337680E-01 0.4834213E-01 0.5894406E-01 0.7046805E-01 0.8146764E-01 0.9157001E-01 0.9984738E-01 0.1069396 0.1131710 0.1197362 0.1315270 0.1516518 0.1516518 -9999.000 -9999.000 -9999.000 -9999.000 -9999.000 -9999.000 -9999.000 -9999.000 -9999.000 -9999.000 -9999.000 -9999.000 -9999.000 -9999.000 -9999.000 -9999.000 -9999.000 -9999.000 -9999.000 -9999.000 -9999.000 -9999.000 -9999.000 -9999.000 -9999.000 -9999.000 -9999.000 -9999.000 -9999.000
-9999.000 -9999.000 -9999.000 -9999.000 -9999.000 -9999.000 -9999.000 -9999.000 -9999.000 -9999.000 -9999.000 -9999.000 -9999.000 -9999.000 -9999.000 0.9183220E-01 0.5857711E-01 0.4238890E-01 0.3579264E-01 0.4188589E-01 0.5402000E-01 0.6713561E-01 0.7975878E-01 0.9150049E-01 0.1012409 0.1097136 0.1172432 0.1252010 0.1393744 0.1649839 0.1649839 -9999.000 -9999.000 -9999.000 -9999.000 -9999.000 -9999.000 -9999.000 -9999.000 -9999.000 -9999.000 -9999.000 -9999.000 -9999.000 -9999.000 -9999.000 -9999.000 -9999.000 -9999.000 -9999.000 -9999.000 -9999.000 -9999.000 -9999.000 -9999.000 -9999.000 -9999.000 -9999.000 -9999.000 -9999.000
-9999.000 -9999.000 -9999.000 -9999.000 -9999.000 -9999.000 -9999.000 -9999.000 -9999.000 -9999.000 -9999.000 -9999.000 -9999.000 -9999.000 -9999.000 0.9137700E-01 0.5341883E-01 0.3515561E-01 0.2856121E-01 0.3599102E-01 0.4942909E-01 0.6396668E-01 0.7813547E-01 0.9149726E-01 0.1026990 0.1125701 0.1214234 0.1308180 0.1475208 0.1796198 0.1796198 -9999.000 -9999.000 -9999.000 -9999.000 -9999.000 -9999.000 -9999.000 -9999.000 -9999.000 -9999.000 -9999.000 -9999.000 -9999.000 -9999.000 -9999.000 -9999.000 -9999.000 -9999.000 -9999.000 -9999.000 -9999.000 -9999.000 -9999.000 -9999.000 -9999.000 -9999.000 -9999.000 -9999.000 -9999.000
-9999.000 -9999.000 -9999.000 -9999.000 -9999.000 -9999.000 -9999.000 -9999.000 -9999.000 -9999.000 -9999.000 -9999.000 -9999.000 -9999.000 -9999.000 0.9073044E-01 0.4799969E-01 0.2783599E-01 0.2237058E-01 0.3120705E-01 0.4538982E-01 0.6104997E-01 0.7664002E-01 0.9158397E-01 0.1042342 0.1155156 0.1257131 0.1365873 0.1559855 0.1958351 0.1958351 -9999.000 -9999.000 -9999.000 -9999.000 -9999.000 -9999.000 -9999.000 -9999.000 -9999.000 -9999.000 -9999.000 -9999.000 -9999.000 -9999.000 -9999.000 -9999.000 -9999.000 -9999.000 -9999.000 -9999.000 -9999.000 -9999.000 -9999.000 -9999.000 -9999.000 -9999.000 -9999.000 -9999.000 -9999.000
-9999.000 -9999.000 -9999.000 -9999.000 -9999.000 -9999.000 -9999.000 -9999.000 -9999.000 -9999.000 -9999.000 -9999.000 -9999.000 -9999.000 -9999.000 0.8982769E-01 0.4228292E-01 0.2066010E-01 0.1878443E-01 0.2839871E-01 0.4220917E-01 0.5850356E-01 0.7532782E-01 0.9179165E-01 0.1058627 0.1185583 0.1301140 0.1425098 0.1647900 0.2139943 0.2139943 -9999.000 -9999.000 -9999.000 -9999.000 -9999.000 -9999.000 -9999.000 -9999.000 -9999.000 -9999.000 -9999.000 -9999.000 -9999.000 -9999.000 -9999.000 -9999.000 -9999.000 -9999.000 -9999.000 -9999.000 -9999.000 -9999.000 -9999.000 -9999.000 -9999.000 -9999.000 -9999.000 -9999.000 -9999.000
-9999.000 -9999.000 -9999.000 -9999.000 -9999.000 -9999.000 -9999.000 -9999.000 -9999.000 -9999.000 -9999.000 -9999.000 -9999.000 -9999.000 -9999.000 0.8858553E-01 0.3622638E-01 0.1444898E-01 0.1988992E-01 0.2854528E-01 0.4030814E-01 0.5650374E-01 0.7428744E-01 0.9217241E-01 0.1076153 0.1217163 0.1346344 0.1485890 0.1739595 0.2345877 0.2345877 -9999.000 -9999.000 -9999.000 -9999.000 -9999.000 -9999.000 -9999.000 -9999.000 -9999.000 -9999.000 -9999.000 -9999.000 -9999.000 -9999.000 -9999.000 -9999.000 -9999.000 -9999.000 -9999.000 -9999.000 -9999.000 -9999.000 -9999.000 -9999.000 -9999.000 -9999.000 -9999.000 -9999.000 -9999.000
-9999.000 -9999.000 -9999.000 -9999.000 -9999.000 -9999.000 -9999.000 -9999.000 -9999.000 -9999.000 -9999.000 -9999.000 -9999.000 -9999.000 -9999.000 0.8683649E-01 0.2976645E-01 0.1220440E-01 0.2594437E-01 0.3237498E-01 0.4045155E-01 0.5551047E-01 0.7380475E-01 0.9291531E-01 0.1096189 0.1250752 0.1393280 0.1548575 0.1835389 0.2582990 0.2582990 -9999.000 -9999.000 -9999.000 -9999.000 -9999.000 -9999.000 -9999.000 -9999.000 -9999.000 -9999.000 -9999.000 -9999.000 -9999.000 -9999.000 -9999.000 -9999.000 -9999.000 -9999.000 -9999.000 -9999.000 -9999.000 -9999.000 -9999.000 -9999.000 -9999.000 -9999.000 -9999.000 -9999.000 -9999.000
-9999.000 -9999.000 -9999.000 -9999.000 -9999.000 -9999.000 -9999.000 -9999.000 -9999.000 -9999.000 -9999.000 -9999.000 -9999.000 -9999.000 -9999.000 0.8266173E-01 0.2342458E-01 0.2481242E-01 0.4265198E-01 0.4739576E-01 0.5083956E-01 0.6201643E-01 0.7847834E-01 0.9720782E-01 0.1141079 0.1301885 0.1452552 0.1620169 0.1939918 0.2863984 0.2863984 -9999.000 -9999.000 -9999.000 -9999.000 -9999.000 -9999.000 -9999.000 -9999.000 -9999.000 -9999.000 -9999.000 -9999.000 -9999.000 -9999.000 -9999.000 -9999.000 -9999.000 -9999.000 -9999.000 -9999.000 -9999.000 -9999.000 -9999.000 -9999.000 -9999.000 -9999.000 -9999.000 -9999.000 -9999.000
-9999.000 -9999.000 -9999.000 -9999.000 -9999.000 -9999.000 -9999.000 -9999.000 -9999.000 -9999.000 -9999.000 -9999.000 -9999.000 -9999.000 -9999.000 0.1253942 0.1953979 0.2360240 0.2336974 0.2016527 0.1699847 0.1480619 0.1356993 0.1332596 0.1367505 0.1450533 0.1560035 0.1712705 0.2053986 0.3184691 0.3184691 -9999.000 -9999.000 -9999.000 -9999.000 -9999.000 -9999.000 -9999.000 -9999.000 -9999.000 -9999.000 -9999.000 -9999.000 -9999.000 -9999.000 -9999.000 -9999.000 -9999.000 -9999.000 -9999.000 -9999.000 -9999.000 -9999.000 -9999.000 -9999.000 -9999.000 -9999.000 -9999.000 -9999.000 -9999.000
2.910855 2.910855 2.878817 2.944361 2.949996 2.949996 2.952347 2.952566 2.952566 2.949194 2.949194 2.943449 2.939927 2.936061 2.931942 2.931942 3.095142 3.099917 3.100694 3.099616 3.078022 3.029972 2.958228 2.863184 2.742316 2.601737 2.443355 2.273977 2.115394 2.039081 2.039081 2.824193 2.998013 3.109451 3.139500 3.139500 3.184778 3.184778 3.191378 3.191378 3.164421 3.026680 3.026680 2.757725 2.757725 2.292294 2.292294 2.292294 2.232984 2.232984 2.243365 2.243365 2.283284 2.283284 2.331023 2.331023 2.376751 2.376751 2.376751 2.415483
2.935090 2.935090 2.906558 2.995813 3.013490 3.013490 3.027581 3.050932 3.050932 3.070450 3.070450 3.087409 3.095168 3.102534 3.109592 3.109592 3.225922 3.245828 3.261151 3.274830 3.283105 3.284759 3.278908 3.263275 3.234111 3.190048 3.128927 3.050270 2.958790 2.877265 2.877265 3.270425 3.422348 3.575198 3.618831 3.618831 3.673458 3.673458 3.688708 3.688708 3.677204 3.602531 3.602531 3.445844 3.445844 3.123028 3.123028 3.123028 3.055571 3.055571 3.067184 3.067184 3.109536 3.109536 3.159966 3.159966 3.208599 3.208599 3.208599 3.251253
2.940523 2.940523 2.908537 2.995730 3.013830 3.013830 3.028321 3.052294 3.052294 3.072431 3.072431 3.090107 3.098265 3.106056 3.113570 3.113570 3.214140 3.246871 3.274592 3.299126 3.319326 3.334733 3.345463 3.351150 3.350276 3.341876 3.324291 3.296117 3.258655 3.224824 3.224824 3.439046 3.581167 3.753302 3.806269 3.806269 3.867390 3.867390 3.871451 3.871451 3.851259 3.767332 3.767332 3.644209 3.644209 3.399761 3.399761 3.399761 3.323732 3.323732 3.321073 3.321073 3.353708 3.353708 3.397721 3.397721 3.441919 3.441919 3.441919 3.481378
2.944002 2.944002 2.911485 2.995247 3.013491 3.013491 3.028195 3.052329 3.052329 3.072474 3.072474 3.090150 3.098313 3.106111 3.113647 3.113647 3.203546 3.246462 3.285528 3.320514 3.350447 3.374824 3.393766 3.407501 3.415803 3.418683 3.415829 3.406826 3.392547 3.380879 3.380879 3.510095 3.632766 3.808044 3.865508 3.865508 3.923985 3.923985 3.904564 3.904564 3.870375 3.780890 3.780890 3.695039 3.695039 3.526013 3.526013 3.526013 3.449710 3.449710 3.432591 3.432591 3.453844 3.453844 3.491227 3.491227 3.531574 3.531574 3.531574 3.568443
2.945525 2.945525 2.915607 2.994704 3.013081 3.013081 3.027995 3.052271 3.052271 3.072387 3.072387 3.090034 3.098194 3.106001 3.113566 3.113566 3.198052 3.249355 3.298468 3.343177 3.382222 3.414955 3.441297 3.461475 3.475628 3.484086 3.487167 3.485214 3.479351 3.475075 3.475075 3.555062 3.654682 3.818441 3.871932 3.871932 3.906100 3.906100 3.850199 3.850199 3.805859 3.733102 3.733102 3.692630 3.692630 3.596714 3.596714 3.596714 3.529853 3.529853 3.501253 3.501253 3.509144 3.509144 3.537513 3.537513 3.572366 3.572366 3.572366 3.605539
2.942218 2.942218 2.921742 2.994162 3.012714 3.012714 3.027847 3.052319 3.052319 3.072469 3.072469 3.090118 3.098274 3.106070 3.113647 3.113647 3.198758 3.257571 3.315435 3.368793 3.416021 3.456363 3.489611 3.515892 3.535408 3.548515 3.555671 3.557455 3.555028 3.552376 3.552376 3.600387 3.675535 3.811440 3.847675 3.847675 3.827646 3.827646 3.737825 3.737825 3.699250 3.667578 3.667578 3.671734 3.671734 3.638657 3.638657 3.638657 3.589309 3.589309 3.555714 3.555714 3.550979 3.550979 3.568267 3.568267 3.595382 3.595382 3.595382 3.623039
2.941894 2.941894 2.925008 2.993804 3.012477 3.012477 3.027749 3.052334 3.052334 3.072486 3.072486 3.090126 3.098280 3.106075 3.113688 3.113688 3.206351 3.272625 3.338320 3.399215 3.453520 3.500466 3.539816 3.571642 3.596141 3.613629 3.624529 3.629409 3.629254 3.626804 3.626804 3.653397 3.704185 3.790190 3.788344 3.788344 3.691407 3.691407 3.599875 3.599875 3.585984 3.605329 3.605329 3.645292 3.645292 3.661314 3.661314 3.661314 3.633815 3.633815 3.602907 3.602907 3.589056 3.589056 3.594747 3.594747 3.612206 3.612206 3.612206 3.632393
2.941785 2.941785 2.926097 2.993685 3.012395 3.012395 3.027716 3.052339 3.052339 3.072493 3.072493 3.090129 3.098282 3.106076 3.113743 3.113743 3.221839 3.296084 3.368952 3.436281 3.496417 3.548735 3.593082 3.629557 3.658368 3.679795 3.694195 3.702036 3.704038 3.701744 3.701744 3.713463 3.739201 3.738394 3.672913 3.672913 3.515152 3.515152 3.473504 3.473504 3.491306 3.553444 3.553444 3.617874 3.617874 3.669978 3.669978 3.669978 3.664724 3.664724 3.642846 3.642846 3.624939 3.624939 3.620384 3.620384 3.627115 3.627115 3.627115 3.638085
2.941892 2.941892 2.925011 2.993803 3.012476 3.012476 3.027749 3.052335 3.052335 3.072487 3.072487 3.090127 3.098281 3.106075 3.113819 3.113819 3.246735 3.329790 3.409342 3.482001 3.546607 3.602867 3.650845 3.690757 3.722870 3.747467 3.764853 3.775388 3.779453 3.777047 3.777047 3.775961 3.769740 3.622649 3.486334 3.486334 3.339168 3.339168 3.375543 3.375543 3.418588 3.508544 3.508544 3.588793 3.588793 3.667204 3.667204 3.667204 3.682077 3.682077 3.672961 3.672961 3.656217 3.656217 3.644255 3.644255 3.640337 3.640337 3.640337 3.640889
2.942215 2.942215 2.921748 2.994160 3.012714 3.012714 3.027847 3.052319 3.052319 3.072469 3.072469 3.090118 3.098275 3.106071 3.113926 3.113926 3.283366 3.376140 3.461864 3.538631 3.606164 3.664720 3.714712 3.756566 3.790663 3.817334 3.836868 3.849518 3.855126 3.850513 3.850513 3.830201 3.767415 3.417682 3.253625 3.253625 3.203054 3.203054 3.305854 3.305854 3.362967 3.468187 3.468187 3.558611 3.558611 3.655943 3.655943 3.655943 3.687422 3.687422 3.691968 3.691968 3.680328 3.680328 3.664407 3.664407 3.650962 3.650962 3.650962 3.640612
2.945522 2.945522 2.915614 2.994702 3.013080 3.013080 3.027993 3.052270 3.052270 3.072387 3.072387 3.090034 3.098195 3.106001 3.114027 3.114027 3.335356 3.438471 3.529510 3.608825 3.677427 3.736343 3.786456 3.828478 3.862959 3.890311 3.910839 3.924668 3.930222 3.914880 3.914880 3.846993 3.673567 3.151939 3.041119 3.041119 3.114008 3.114008 3.250922 3.250922 3.314227 3.427603 3.427603 3.524970 3.524970 3.635852 3.635852 3.635852 3.680180 3.680180 3.697223 3.697223 3.692730 3.692730 3.675999 3.675999 3.654967 3.654967 3.654967 3.634184
2.943998 2.943998 2.911494 2.995246 3.013489 3.013489 3.028193 3.052328 3.052328 3.072474 3.072474 3.090150 3.098313 3.106113 3.114346 3.114346 3.408646 3.521720 3.616268 3.695789 3.762983 3.819841 3.867806 3.907920 3.940918 3.967311 3.987432 4.001042 4.001276 3.941934 3.941934 3.752464 3.427247 2.908706 2.900472 2.900472 3.048051 3.048051 3.196664 3.196664 3.262459 3.380775 3.380775 3.483070 3.483070 3.603369 3.603369 3.603369 3.657022 3.657022 3.684170 3.684170 3.686958 3.686958 3.671504 3.671504 3.645056 3.645056 3.645056 3.615148
