simulation_files/asc/Velocity__y_154.0.asc
NCOLS        79
NROWS        79
XLLCENTER         -1.500000
YLLCENTER         -4.800000
CELLSIZE           0.100
NODATA_VALUE     -9999.0
[rows 0 to 26 of 79, columns 0 to 58 of 79]
-9999.000 -9999.000 -9999.000 -9999.000 -9999.000 -9999.000 -9999.000 -9999.000 -9999.000 -9999.000 -9999.000 -9999.000 -9999.000 -9999.000 -9999.000 -0.1110604 -0.1099351 -0.1099073 -0.1100569 -0.1103293 -0.1106834 -0.1110528 -0.1114348 -0.1118005 -0.1121313 -0.1124317 -0.1127690 -0.1133554 -0.1148446 -0.1159790 -0.1159790 -9999.000 -9999.000 -9999.000 -9999.000 -9999.000 -9999.000 -9999.000 -9999.000 -9999.000 -9999.000 -9999.000 -9999.000 -9999.000 -9999.000 -9999.000 -9999.000 -9999.000 -9999.000 -9999.000 -9999.000 -9999.000 -9999.000 -9999.000 -9999.000 -9999.000 -9999.000 -9999.000 -9999.000
-9999.000 -9999.000 -9999.000 -9999.000 -9999.000 -9999.000 -9999.000 -9999.000 -9999.000 -9999.000 -9999.000 -9999.000 -9999.000 -9999.000 -9999.000 -0.1086587 -0.1063914 -0.1063442 -0.1066975 -0.1073354 -0.1081683 -0.1090509 -0.1099733 -0.1108715 -0.1117022 -0.1124733 -0.1133249 -0.1146996 -0.1179564 -0.1207960 -0.1207960 -9999.000 -9999.000 -9999.000 -9999.000 -9999.000 -9999.000 -9999.000 -9999.000 -9999.000 -9999.000 -9999.000 -9999.000 -9999.000 -9999.000 -9999.000 -9999.000 -9999.000 -9999.000 -9999.000 -9999.000 -9999.000 -9999.000 -9999.000 -9999.000 -9999.000 -9999.000 -9999.000 -9999.000
-9999.000 -9999.000 -9999.000 -9999.000 -9999.000 -9999.000 -9999.000 -9999.000 -9999.000 -9999.000 -9999.000 -9999.000 -9999.000 -9999.000 -9999.000 -0.1047231 -0.1013599 -0.1013325 -0.1020025 -0.1031825 -0.1047229 -0.1063804 -0.1081301 -0.1098599 -0.1114912 -0.1130298 -0.1146946 -0.1171869 -0.1226713 -0.1279985 -0.1279985 -9999.000 -9999.000 -9999.000 -9999.000 -9999.000 -9999.000 -9999.000 -9999.000 -9999.000 -9999.000 -9999.000 -9999.000 -9999.000 -9999.000 -9999.000 -9999.000 -9999.000 -9999.000 -9999.000 -9999.000 -9999.000 -9999.000 -9999.000 -9999.000 -9999.000 -9999.000 -9999.000 -9999.000
-9999.000 -9999.000 -9999.000 -9999.000 -9999.000 -9999.000 -9999.000 -9999.000 -9999.000 -9999.000 -9999.000 -9999.000 -9999.000 -9999.000 -9999.000 -0.1000669 -0.9574579E-01 -0.9577672E-01 -0.9682260E-01 -0.9862535E-01 -0.1009728 -0.1035159 -0.1062143 -0.1089010 -0.1114570 -0.1138812 -0.1164702 -0.1201939 -0.1280686 -0.1364481 -0.1364481 -9999.000 -9999.000 -9999.000 -9999.000 -9999.000 -9999.000 -9999.000 -9999.000 -9999.000 -9999.000 -9999.000 -9999.000 -9999.000 -9999.000 -9999.000 -9999.000 -9999.000 -9999.000 -9999.000 -9999.000 -9999.000 -9999.000 -9999.000 -9999.000 -9999.000 -9999.000 -9999.000 -9999.000
-9999.000 -9999.000 -9999.000 -9999.000 -9999.000 -9999.000 -9999.000 -9999.000 -9999.000 -9999.000 -9999.000 -9999.000 -9999.000 -9999.000 -9999.000 -0.9489518E-01 -0.8972383E-01 -0.8983695E-01 -0.9129662E-01 -0.9377574E-01 -0.9699754E-01 -0.1004991 -0.1042261 -0.1079516 -0.1115123 -0.1148985 -0.1184878 -0.1235340 -0.1339645 -0.1460118 -0.1460118 -9999.000 -9999.000 -9999.000 -9999.000 -9999.000 -9999.000 -9999.000 -9999.000 -9999.000 -9999.000 -9999.000 -9999.000 -9999.000 -9999.000 -9999.000 -9999.000 -9999.000 -9999.000 -9999.000 -9999.000 -9999.000 -9999.000 -9999.000 -9999.000 -9999.000 -9999.000 -9999.000 -9999.000
-9999.000 -9999.000 -9999.000 -9999.000 -9999.000 -9999.000 -9999.000 -9999.000 -9999.000 -9999.000 -9999.000 -9999.000 -9999.000 -9999.000 -9999.000 -0.8929823E-01 -0.8337586E-01 -0.8358841E-01 -0.8548830E-01 -0.8868229E-01 -0.9282875E-01 -0.9734156E-01 -0.1021561 -0.1069805 -0.1116044 -0.1160089 -0.1206584 -0.1271103 -0.1402764 -0.1567053 -0.1567053 -9999.000 -9999.000 -9999.000 -9999.000 -9999.000 -9999.000 -9999.000 -9999.000 -9999.000 -9999.000 -9999.000 -9999.000 -9999.000 -9999.000 -9999.000 -9999.000 -9999.000 -9999.000 -9999.000 -9999.000 -9999.000 -9999.000 -9999.000 -9999.000 -9999.000 -9999.000 -9999.000 -9999.000
-9999.000 -9999.000 -9999.000 -9999.000 -9999.000 -9999.000 -9999.000 -9999.000 -9999.000 -9999.000 -9999.000 -9999.000 -9999.000 -9999.000 -9999.000 -0.8330569E-01 -0.7673399E-01 -0.7706069E-01 -0.7942138E-01 -0.8336134E-01 -0.8847430E-01 -0.9404035E-01 -0.9999055E-01 -0.1059623 -0.1116966 -0.1171651 -0.1229271 -0.1308676 -0.1469721 -0.1686437 -0.1686437 -9999.000 -9999.000 -9999.000 -9999.000 -9999.000 -9999.000 -9999.000 -9999.000 -9999.000 -9999.000 -9999.000 -9999.000 -9999.000 -9999.000 -9999.000 -9999.000 -9999.000 -9999.000 -9999.000 -9999.000 -9999.000 -9999.000 -9999.000 -9999.000 -9999.000 -9999.000 -9999.000 -9999.000
-9999.000 -9999.000 -9999.000 -9999.000 -9999.000 -9999.000 -9999.000 -9999.000 -9999.000 -9999.000 -9999.000 -9999.000 -9999.000 -9999.000 -9999.000 -0.7691396E-01 -0.6980380E-01 -0.7025930E-01 -0.7309845E-01 -0.7781206E-01 -0.8392892E-01 -0.9058399E-01 -0.9771182E-01 -0.1048729 -0.1117575 -0.1183295 -0.1252526 -0.1347687 -0.1540454 -0.1820246 -0.1820246 -9999.000 -9999.000 -9999.000 -9999.000 -9999.000 -9999.000 -9999.000 -9999.000 -9999.000 -9999.000 -9999.000 -9999.000 -9999.000 -9999.000 -9999.000 -9999.000 -9999.000 -9999.000 -9999.000 -9999.000 -9999.000 -9999.000 -9999.000 -9999.000 -9999.000 -9999.000 -9999.000 -9999.000
-9999.000 -9999.000 -9999.000 -9999.000 -9999.000 -9999.000 -9999.000 -9999.000 -9999.000 -9999.000 -9999.000 -9999.000 -9999.000 -9999.000 -9999.000 -0.7010053E-01 -0.6257473E-01 -0.6317489E-01 -0.6650940E-01 -0.7202277E-01 -0.7917922E-01 -0.8695506E-01 -0.9529849E-01 -0.1036862 -0.1117558 -0.1194655 -0.1275958 -0.1387812 -0.1615015 -0.1971319 -0.1971319 -9999.000 -9999.000 -9999.000 -9999.000 -9999.000 -9999.000 -9999.000 -9999.000 -9999.000 -9999.000 -9999.000 -9999.000 -9999.000 -9999.000 -9999.000 -9999.000 -9999.000 -9999.000 -9999.000 -9999.000 -9999.000 -9999.000 -9999.000 -9999.000 -9999.000 -9999.000 -9999.000 -9999.000
-9999.000 -9999.000 -9999.000 -9999.000 -9999.000 -9999.000 -9999.000 -9999.000 -9999.000 -9999.000 -9999.000 -9999.000 -9999.000 -9999.000 -9999.000 -0.6282879E-01 -0.5502406E-01 -0.5578652E-01 -0.5963380E-01 -0.6597310E-01 -0.7420489E-01 -0.8313025E-01 -0.9272459E-01 -0.1023717 -0.1116554 -0.1205314 -0.1299121 -0.1428683 -0.1693495 -0.2143568 -0.2143568 -9999.000 -9999.000 -9999.000 -9999.000 -9999.000 -9999.000 -9999.000 -9999.000 -9999.000 -9999.000 -9999.000 -9999.000 -9999.000 -9999.000 -9999.000 -9999.000 -9999.000 -9999.000 -9999.000 -9999.000 -9999.000 -9999.000 -9999.000 -9999.000 -9999.000 -9999.000 -9999.000 -9999.000
-9999.000 -9999.000 -9999.000 -9999.000 -9999.000 -9999.000 -9999.000 -9999.000 -9999.000 -9999.000 -9999.000 -9999.000 -9999.000 -9999.000 -9999.000 -0.5504875E-01 -0.4711602E-01 -0.4806107E-01 -0.5243984E-01 -0.5963215E-01 -0.6897578E-01 -0.7907759E-01 -0.8995602E-01 -0.1008908 -0.1114114 -0.1214750 -0.1321452 -0.1469816 -0.1775962 -0.2342388 -0.2342388 -9999.000 -9999.000 -9999.000 -9999.000 -9999.000 -9999.000 -9999.000 -9999.000 -9999.000 -9999.000 -9999.000 -9999.000 -9999.000 -9999.000 -9999.000 -9999.000 -9999.000 -9999.000 -9999.000 -9999.000 -9999.000 -9999.000 -9999.000 -9999.000 -9999.000 -9999.000 -9999.000 -9999.000
-9999.000 -9999.000 -9999.000 -9999.000 -9999.000 -9999.000 -9999.000 -9999.000 -9999.000 -9999.000 -9999.000 -9999.000 -9999.000 -9999.000 -9999.000 -0.4669404E-01 -0.3879968E-01 -0.3994974E-01 -0.4488008E-01 -0.5295417E-01 -0.6344793E-01 -0.7475178E-01 -0.8694553E-01 -0.9919155E-01 -0.1109641 -0.1222271 -0.1342188 -0.1510527 -0.1862392 -0.2575375 -0.2575375 -9999.000 -9999.000 -9999.000 -9999.000 -9999.000 -9999.000 -9999.000 -9999.000 -9999.000 -9999.000 -9999.000 -9999.000 -9999.000 -9999.000 -9999.000 -9999.000 -9999.000 -9999.000 -9999.000 -9999.000 -9999.000 -9999.000 -9999.000 -9999.000 -9999.000 -9999.000 -9999.000 -9999.000
-9999.000 -9999.000 -9999.000 -9999.000 -9999.000 -9999.000 -9999.000 -9999.000 -9999.000 -9999.000 -9999.000 -9999.000 -9999.000 -9999.000 -9999.000 -0.3767665E-01 -0.3000311E-01 -0.3138243E-01 -0.3688566E-01 -0.4587197E-01 -0.5755560E-01 -0.7008547E-01 -0.8362344E-01 -0.9719853E-01 -0.1102282 -0.1226894 -0.1360240 -0.1549801 -0.1952565 -0.2853514 -0.2853514 -9999.000 -9999.000 -9999.000 -9999.000 -9999.000 -9999.000 -9999.000 -9999.000 -9999.000 -9999.000 -9999.000 -9999.000 -9999.000 -9999.000 -9999.000 -9999.000 -9999.000 -9999.000 -9999.000 -9999.000 -9999.000 -9999.000 -9999.000 -9999.000 -9999.000 -9999.000 -9999.000 -9999.000
-9999.000 -9999.000 -9999.000 -9999.000 -9999.000 -9999.000 -9999.000 -9999.000 -9999.000 -9999.000 -9999.000 -9999.000 -9999.000 -9999.000 -9999.000 -0.2783996E-01 -0.2060184E-01 -0.2224483E-01 -0.2835138E-01 -0.3828781E-01 -0.5120536E-01 -0.6498518E-01 -0.7989189E-01 -0.9480402E-01 -0.1090803 -0.1227181 -0.1373989 -0.1586054 -0.2045867 -0.3193428 -0.3193428 -9999.000 -9999.000 -9999.000 -9999.000 -9999.000 -9999.000 -9999.000 -9999.000 -9999.000 -9999.000 -9999.000 -9999.000 -9999.000 -9999.000 -9999.000 -9999.000 -9999.000 -9999.000 -9999.000 -9999.000 -9999.000 -9999.000 -9999.000 -9999.000 -9999.000 -9999.000 -9999.000 -9999.000
-9999.000 -9999.000 -9999.000 -9999.000 -9999.000 -9999.000 -9999.000 -9999.000 -9999.000 -9999.000 -9999.000 -9999.000 -9999.000 -9999.000 -9999.000 -0.1009770E-01 -0.7840427E-02 -0.1145109E-01 -0.1938358E-01 -0.3109763E-01 -0.4574235E-01 -0.6098901E-01 -0.7729416E-01 -0.9343080E-01 -0.1087535 -0.1233309 -0.1391404 -0.1624871 -0.2144560 -0.3600364 -0.3600364 -9999.000 -9999.000 -9999.000 -9999.000 -9999.000 -9999.000 -9999.000 -9999.000 -9999.000 -9999.000 -9999.000 -9999.000 -9999.000 -9999.000 -9999.000 -9999.000 -9999.000 -9999.000 -9999.000 -9999.000 -9999.000 -9999.000 -9999.000 -9999.000 -9999.000 -9999.000 -9999.000 -9999.000
-0.2835806E-02 -0.2835806E-02 -0.5854560E-02 -0.5996722E-02 -0.5994485E-02 -0.5994485E-02 -0.5986107E-02 -0.5966851E-02 -0.5966851E-02 -0.5941775E-02 -0.5941775E-02 -0.5909885E-02 -0.5891535E-02 -0.5871737E-02 -0.5851194E-02 -0.5851194E-02 -0.2280288E-02 -0.7466145E-02 -0.1828247E-01 -0.3455266E-01 -0.5540486E-01 -0.7919915E-01 -0.1047965 -0.1308537 -0.1561696 -0.1799270 -0.2022691 -0.2252869 -0.2599059 -0.3503693 -0.3503693 -0.1859510 -0.9522758E-01 -0.2935352E-01 -0.2115141E-01 -0.2115141E-01 -0.1446890E-01 -0.1446890E-01 -0.1983908E-02 -0.1983908E-02 0.7996570E-02 0.2257941E-01 0.2257941E-01 -0.1379567E-01 -0.1379567E-01 -0.1122526E-02 -0.1122526E-02 -0.1122526E-02 0.3166456E-02 0.3166456E-02 0.3444682E-02 0.3444682E-02 0.2112521E-02 0.2112521E-02 0.4865091E-03 0.4865091E-03 -0.8824413E-03 -0.8824413E-03 -0.8824413E-03
-0.4351322E-02 -0.4351322E-02 -0.8686853E-02 -0.8519187E-02 -0.8447450E-02 -0.8447450E-02 -0.8411228E-02 -0.8389808E-02 -0.8389808E-02 -0.8377327E-02 -0.8377327E-02 -0.8353851E-02 -0.8337810E-02 -0.8319495E-02 -0.8299924E-02 -0.8299924E-02 -0.5812404E-02 -0.1296886E-01 -0.2779363E-01 -0.5027090E-01 -0.7951913E-01 -0.1143414 -0.1529260 -0.1935939 -0.2346542 -0.2744497 -0.3113566 -0.3435076 -0.3704138 -0.3940001 -0.3940001 -0.2600890 -0.1675559 -0.8201491E-01 -0.6532817E-01 -0.6532817E-01 -0.4108883E-01 -0.4108883E-01 0.1615060E-02 0.1615060E-02 0.3159229E-01 0.7817515E-01 0.7817515E-01 0.2463999E-01 0.2463999E-01 0.8528539E-02 0.8528539E-02 0.8528539E-02 0.8041842E-02 0.8041842E-02 0.5449712E-02 0.5449712E-02 0.1679168E-02 0.1679168E-02 -0.1922469E-02 -0.1922469E-02 -0.4661997E-02 -0.4661997E-02 -0.4661997E-02
-0.3580014E-02 -0.3580014E-02 -0.7108200E-02 -0.7231226E-02 -0.7137206E-02 -0.7137206E-02 -0.7088685E-02 -0.7079633E-02 -0.7079633E-02 -0.7096272E-02 -0.7096272E-02 -0.7099393E-02 -0.7095591E-02 -0.7089445E-02 -0.7082107E-02 -0.7082107E-02 -0.7830590E-02 -0.1658964E-01 -0.3316020E-01 -0.5760205E-01 -0.8929659E-01 -0.1273839 -0.1705551 -0.2174549 -0.2666387 -0.3165532 -0.3654764 -0.4115611 -0.4514789 -0.4785100 -0.4785100 -0.3892154 -0.3073744 -0.1967466 -0.1604221 -0.1604221 -0.9098645E-01 -0.9098645E-01 0.9183060E-02 0.9183060E-02 0.6827932E-01 0.1578453 0.1578453 0.1223490 0.1223490 0.3862249E-01 0.3862249E-01 0.3862249E-01 0.1742227E-01 0.1742227E-01 0.5251801E-02 0.5251801E-02 -0.3405735E-02 -0.3405735E-02 -0.9677466E-02 -0.9677466E-02 -0.1360498E-01 -0.1360498E-01 -0.1360498E-01
-0.2823925E-02 -0.2823925E-02 -0.5582251E-02 -0.5847104E-02 -0.5740916E-02 -0.5740916E-02 -0.5679545E-02 -0.5661214E-02 -0.5661214E-02 -0.5679261E-02 -0.5679261E-02 -0.5683932E-02 -0.5680832E-02 -0.5675749E-02 -0.5669740E-02 -0.5669740E-02 -0.1022833E-01 -0.2139433E-01 -0.4023024E-01 -0.6663311E-01 -0.1000361 -0.1397352 -0.1847712 -0.2341185 -0.2866857 -0.3412734 -0.3964755 -0.4506382 -0.5004639 -0.5385186 -0.5385186 -0.4908949 -0.4298629 -0.3176259 -0.2653279 -0.2653279 -0.1400000 -0.1400000 0.2596722E-01 0.2596722E-01 0.1080394 0.2203307 0.2203307 0.2083537 0.2083537 0.8002450E-01 0.8002450E-01 0.8002450E-01 0.3170971E-01 0.3170971E-01 0.5011308E-02 0.5011308E-02 -0.1086952E-01 -0.1086952E-01 -0.2053742E-01 -0.2053742E-01 -0.2545640E-01 -0.2545640E-01 -0.2545640E-01
-0.2092128E-02 -0.2092128E-02 -0.4125022E-02 -0.4424064E-02 -0.4326046E-02 -0.4326046E-02 -0.4265168E-02 -0.4243415E-02 -0.4243415E-02 -0.4259505E-02 -0.4259505E-02 -0.4264030E-02 -0.4261432E-02 -0.4257187E-02 -0.4252431E-02 -0.4252431E-02 -0.1334685E-01 -0.2789512E-01 -0.4996953E-01 -0.7914807E-01 -0.1147923 -0.1562504 -0.2027700 -0.2535556 -0.3077720 -0.3645098 -0.4226958 -0.4810078 -0.5367196 -0.5832147 -0.5832147 -0.5686543 -0.5297840 -0.4240547 -0.3547526 -0.3547526 -0.1641013 -0.1641013 0.5375437E-01 0.5375437E-01 0.1434205 0.2547260 0.2547260 0.2600468 0.2600468 0.1224390 0.1224390 0.1224390 0.5052069E-01 0.5052069E-01 0.7446010E-02 0.7446010E-02 -0.1752142E-01 -0.1752142E-01 -0.3146736E-01 -0.3146736E-01 -0.3752455E-01 -0.3752455E-01 -0.3752455E-01
-0.1381662E-02 -0.1381662E-02 -0.2720421E-02 -0.2968747E-02 -0.2894818E-02 -0.2894818E-02 -0.2846402E-02 -0.2827922E-02 -0.2827922E-02 -0.2839727E-02 -0.2839727E-02 -0.2843130E-02 -0.2841338E-02 -0.2838206E-02 -0.2834887E-02 -0.2834887E-02 -0.1758925E-01 -0.3658945E-01 -0.6299629E-01 -0.9594160E-01 -0.1346229 -0.1783814 -0.2266019 -0.2786832 -0.3340077 -0.3919036 -0.4515665 -0.5119694 -0.5709881 -0.6231765 -0.6231765 -0.6320741 -0.6117544 -0.5038395 -0.4077513 -0.4077513 -0.1500619 -0.1500619 0.8301065E-01 0.8301065E-01 0.1645016 0.2609725 0.2609725 0.2774448 0.2774448 0.1575767 0.1575767 0.1575767 0.7175515E-01 0.7175515E-01 0.1354780E-01 0.1354780E-01 -0.2156917E-01 -0.2156917E-01 -0.4071434E-01 -0.4071434E-01 -0.4828747E-01 -0.4828747E-01 -0.4828747E-01
-0.6867550E-03 -0.6867550E-03 -0.1351455E-02 -0.1490261E-02 -0.1450851E-02 -0.1450851E-02 -0.1424307E-02 -0.1413557E-02 -0.1413557E-02 -0.1419936E-02 -0.1419936E-02 -0.1421701E-02 -0.1420678E-02 -0.1419063E-02 -0.1417433E-02 -0.1417433E-02 -0.2355077E-01 -0.4824760E-01 -0.8021182E-01 -0.1180308 -0.1606645 -0.2073989 -0.2577124 -0.3111798 -0.3674035 -0.4259504 -0.4862742 -0.5476205 -0.6083754 -0.6641158 -0.6641158 -0.6883951 -0.6796944 -0.5416421 -0.4052205 -0.4052205 -0.1068242 -0.1068242 0.1002488 0.1002488 0.1659511 0.2455420 0.2455420 0.2693480 0.2693480 0.1798620 0.1798620 0.1798620 0.9188955E-01 0.9188955E-01 0.2278700E-01 0.2278700E-01 -0.2218037E-01 -0.2218037E-01 -0.4711891E-01 -0.4711891E-01 -0.5663680E-01 -0.5663680E-01 -0.5663680E-01
0.2526548E-07 0.2526548E-07 0.6505213E-07 0.1394551E-06 -0.1204990E-06 -0.1204990E-06 -0.1236603E-06 0.8418954E-07 0.8418954E-07 -0.7154291E-07 -0.7154291E-07 -0.3565875E-07 0.1627105E-07 0.1133402E-06 0.4150789E-07 0.4150789E-07 -0.3211437E-01 -0.6403964E-01 -0.1029642 -0.1468669 -0.1944305 -0.2448646 -0.2977175 -0.3527317 -0.4097331 -0.4685443 -0.5288950 -0.5903177 -0.6516171 -0.7089570 -0.7089570 -0.7410205 -0.7314879 -0.5164703 -0.3425601 -0.3425601 -0.6014860E-01 -0.6014860E-01 0.9950084E-01 0.9950084E-01 0.1502845 0.2168693 0.2168693 0.2453337 0.2453337 0.1871826 0.1871826 0.1871826 0.1070218 0.1070218 0.3336394E-01 0.3336394E-01 -0.1939541E-01 -0.1939541E-01 -0.4995403E-01 -0.4995403E-01 -0.6166589E-01 -0.6166589E-01 -0.6166589E-01
0.6869686E-03 0.6869686E-03 0.1351581E-02 0.1490399E-02 0.1450666E-02 0.1450666E-02 0.1424100E-02 0.1413589E-02 0.1413589E-02 0.1419964E-02 0.1419964E-02 0.1421724E-02 0.1420731E-02 0.1419231E-02 0.1417504E-02 0.1417504E-02 -0.4463173E-01 -0.8574716E-01 -0.1332673 -0.1845488 -0.2380156 -0.2928286 -0.3486223 -0.4053136 -0.4629599 -0.5216514 -0.5814112 -0.6420738 -0.7027220 -0.7590912 -0.7590912 -0.7882616 -0.7520040 -0.4213775 -0.2471037 -0.2471037 -0.3078703E-01 -0.3078703E-01 0.8463994E-01 0.8463994E-01 0.1247020 0.1821157 0.1821157 0.2126698 0.2126698 0.1804836 0.1804836 0.1804836 0.1141300 0.1141300 0.4276709E-01 0.4276709E-01 -0.1403640E-01 -0.1403640E-01 -0.4893193E-01 -0.4893193E-01 -0.6266660E-01 -0.6266660E-01 -0.6266660E-01
0.1381872E-02 0.1381872E-02 0.2720797E-02 0.2968672E-02 0.2894655E-02 0.2894655E-02 0.2846312E-02 0.2827756E-02 0.2827756E-02 0.2839863E-02 0.2839863E-02 0.2843223E-02 0.2841301E-02 0.2838250E-02 0.2834986E-02 0.2834986E-02 -0.6326773E-01 -0.1161406 -0.1741611 -0.2341473 -0.2943814 -0.3540788 -0.4130321 -0.4713739 -0.5294135 -0.5875171 -0.6460081 -0.7050070 -0.7634698 -0.8136979 -0.8136979 -0.8167095 -0.7040909 -0.2920040 -0.1628165 -0.1628165 -0.2113660E-01 -0.2113660E-01 0.6342033E-01 0.6342033E-01 0.9611643E-01 0.1459377 0.1459377 0.1760327 0.1760327 0.1625210 0.1625210 0.1625210 0.1119106 0.1119106 0.4858921E-01 0.4858921E-01 -0.7450504E-02 -0.7450504E-02 -0.4421207E-01 -0.4421207E-01 -0.5920580E-01 -0.5920580E-01 -0.5920580E-01
0.2092245E-02 0.2092245E-02 0.4125191E-02 0.4424029E-02 0.4326092E-02 0.4326092E-02 0.4265003E-02 0.4243461E-02 0.4243461E-02 0.4259663E-02 0.4259663E-02 0.4264078E-02 0.4261388E-02 0.4257056E-02 0.4252499E-02 0.4252499E-02 -0.9167895E-01 -0.1596758 -0.2303398 -0.3002428 -0.3678066 -0.4325172 -0.4944700 -0.5540993 -0.6120065 -0.6688479 -0.7252425 -0.7814906 -0.8349463 -0.8641357 -0.8641357 -0.7833992 -0.5492572 -0.1860331 -0.1112806 -0.1112806 -0.2175764E-01 -0.2175764E-01 0.4204597E-01 0.4204597E-01 0.6883389E-01 0.1107781 0.1107781 0.1381674 0.1381674 0.1365404 0.1365404 0.1365404 0.1007840 0.1007840 0.4923547E-01 0.4923547E-01 -0.1116929E-02 -0.1116929E-02 -0.3635963E-01 -0.3635963E-01 -0.5123413E-01 -0.5123413E-01 -0.5123413E-01
0.2823995E-02 0.2823995E-02 0.5582305E-02 0.5847138E-02 0.5740946E-02 0.5740946E-02 0.5679422E-02 0.5661259E-02 0.5661259E-02 0.5679348E-02 0.5679348E-02 0.5683911E-02 0.5680783E-02 0.5675575E-02 0.5669747E-02 0.5669747E-02 -0.1364459 -0.2238565 -0.3093162 -0.3898823 -0.4646689 -0.5338032 -0.5979138 -0.6578664 -0.7146180 -0.7691314 -0.8223106 -0.8741784 -0.9142389 -0.8718243 -0.8718243 -0.6170835 -0.3275723 -0.1244435 -0.8499656E-01 -0.8499656E-01 -0.2382499E-01 -0.2382499E-01 0.2371023E-01 0.2371023E-01 0.4489306E-01 0.7786853E-01 0.7786853E-01 0.1008131 0.1008131 0.1056220 0.1056220 0.1056220 0.8245508E-01 0.8245508E-01 0.4433847E-01 0.4433847E-01 0.3801574E-02 0.3801574E-02 -0.2621036E-01 -0.2621036E-01 -0.3916502E-01 -0.3916502E-01 -0.3916502E-01
