simulation_files/asc/Velocity__y_138.0.asc
NCOLS        79
NROWS        79
XLLCENTER         -1.500000
YLLCENTER         -4.800000
CELLSIZE           0.100
NODATA_VALUE     -9999.0
[rows 0 to 26 of 79, columns 0 to 58 of 79]
-9999.000 -9999.000 -9999.000 -9999.000 -9999.000 -9999.000 -9999.000 -9999.000 -9999.000 -9999.000 -9999.000 -9999.000 -9999.000 -9999.000 -9999.000 -0.1254879 -0.1243026 -0.1242558 -0.1243768 -0.1245936 -0.1248672 -0.1251631 -0.1254527 -0.1257158 -0.1259496 -0.1261665 -0.1264779 -0.1271885 -0.1289425 -0.1297902 -0.1297902 -9999.000 -9999.000 -9999.000 -9999.000 -9999.000 -9999.000 -9999.000 -9999.000 -9999.000 -9999.000 -9999.000 -9999.000 -9999.000 -9999.000 -9999.000 -9999.000 -9999.000 -9999.000 -9999.000 -9999.000 -9999.000 -9999.000 -9999.000 -9999.000 -9999.000 -9999.000 -9999.000 -9999.000
-9999.000 -9999.000 -9999.000 -9999.000 -9999.000 -9999.000 -9999.000 -9999.000 -9999.000 -9999.000 -9999.000 -9999.000 -9999.000 -9999.000 -9999.000 -0.1234144 -0.1209696 -0.1208687 -0.1211447 -0.1216450 -0.1222845 -0.1229873 -0.1236898 -0.1243478 -0.1249542 -0.1255358 -0.1263271 -0.1279652 -0.1317817 -0.1340606 -0.1340606 -9999.000 -9999.000 -9999.000 -9999.000 -9999.000 -9999.000 -9999.000 -9999.000 -9999.000 -9999.000 -9999.000 -9999.000 -9999.000 -9999.000 -9999.000 -9999.000 -9999.000 -9999.000 -9999.000 -9999.000 -9999.000 -9999.000 -9999.000 -9999.000 -9999.000 -9999.000 -9999.000 -9999.000
-9999.000 -9999.000 -9999.000 -9999.000 -9999.000 -9999.000 -9999.000 -9999.000 -9999.000 -9999.000 -9999.000 -9999.000 -9999.000 -9999.000 -9999.000 -0.1199660 -0.1162377 -0.1161010 -0.1166207 -0.1175523 -0.1187518 -0.1200900 -0.1214573 -0.1227755 -0.1240282 -0.1252561 -0.1268329 -0.1297758 -0.1362010 -0.1407111 -0.1407111 -9999.000 -9999.000 -9999.000 -9999.000 -9999.000 -9999.000 -9999.000 -9999.000 -9999.000 -9999.000 -9999.000 -9999.000 -9999.000 -9999.000 -9999.000 -9999.000 -9999.000 -9999.000 -9999.000 -9999.000 -9999.000 -9999.000 -9999.000 -9999.000 -9999.000 -9999.000 -9999.000 -9999.000
-9999.000 -9999.000 -9999.000 -9999.000 -9999.000 -9999.000 -9999.000 -9999.000 -9999.000 -9999.000 -9999.000 -9999.000 -9999.000 -9999.000 -9999.000 -0.1158189 -0.1109128 -0.1107751 -0.1115969 -0.1130390 -0.1148966 -0.1169834 -0.1191389 -0.1212460 -0.1232745 -0.1252742 -0.1277606 -0.1321485 -0.1413936 -0.1487589 -0.1487589 -9999.000 -9999.000 -9999.000 -9999.000 -9999.000 -9999.000 -9999.000 -9999.000 -9999.000 -9999.000 -9999.000 -9999.000 -9999.000 -9999.000 -9999.000 -9999.000 -9999.000 -9999.000 -9999.000 -9999.000 -9999.000 -9999.000 -9999.000 -9999.000 -9999.000 -9999.000 -9999.000 -9999.000
-9999.000 -9999.000 -9999.000 -9999.000 -9999.000 -9999.000 -9999.000 -9999.000 -9999.000 -9999.000 -9999.000 -9999.000 -9999.000 -9999.000 -9999.000 -0.1111509 -0.1051520 -0.1050371 -0.1062008 -0.1082101 -0.1107960 -0.1137112 -0.1167400 -0.1197236 -0.1226146 -0.1254713 -0.1289567 -0.1349110 -0.1471973 -0.1581059 -0.1581059 -9999.000 -9999.000 -9999.000 -9999.000 -9999.000 -9999.000 -9999.000 -9999.000 -9999.000 -9999.000 -9999.000 -9999.000 -9999.000 -9999.000 -9999.000 -9999.000 -9999.000 -9999.000 -9999.000 -9999.000 -9999.000 -9999.000 -9999.000 -9999.000 -9999.000 -9999.000 -9999.000 -9999.000
-9999.000 -9999.000 -9999.000 -9999.000 -9999.000 -9999.000 -9999.000 -9999.000 -9999.000 -9999.000 -9999.000 -9999.000 -9999.000 -9999.000 -9999.000 -0.1060443 -0.9903444E-01 -0.9896037E-01 -0.1004952 -0.1031139 -0.1064808 -0.1102843 -0.1142508 -0.1181758 -0.1219937 -0.1257719 -0.1303302 -0.1379673 -0.1535400 -0.1687956 -0.1687956 -9999.000 -9999.000 -9999.000 -9999.000 -9999.000 -9999.000 -9999.000 -9999.000 -9999.000 -9999.000 -9999.000 -9999.000 -9999.000 -9999.000 -9999.000 -9999.000 -9999.000 -9999.000 -9999.000 -9999.000 -9999.000 -9999.000 -9999.000 -9999.000 -9999.000 -9999.000 -9999.000 -9999.000
-9999.000 -9999.000 -9999.000 -9999.000 -9999.000 -9999.000 -9999.000 -9999.000 -9999.000 -9999.000 -9999.000 -9999.000 -9999.000 -9999.000 -9999.000 -0.1005238 -0.9259179E-01 -0.9257448E-01 -0.9450336E-01 -0.9776583E-01 -0.1019571 -0.1066981 -0.1116539 -0.1165722 -0.1213686 -0.1261208 -0.1318179 -0.1412579 -0.1603962 -0.1809740 -0.1809740 -9999.000 -9999.000 -9999.000 -9999.000 -9999.000 -9999.000 -9999.000 -9999.000 -9999.000 -9999.000 -9999.000 -9999.000 -9999.000 -9999.000 -9999.000 -9999.000 -9999.000 -9999.000 -9999.000 -9999.000 -9999.000 -9999.000 -9999.000 -9999.000 -9999.000 -9999.000 -9999.000 -9999.000
-9999.000 -9999.000 -9999.000 -9999.000 -9999.000 -9999.000 -9999.000 -9999.000 -9999.000 -9999.000 -9999.000 -9999.000 -9999.000 -9999.000 -9999.000 -0.9457908E-01 -0.8582755E-01 -0.8588324E-01 -0.8822584E-01 -0.9216222E-01 -0.9721559E-01 -0.1029364 -0.1089256 -0.1148810 -0.1206984 -0.1264692 -0.1333666 -0.1447381 -0.1677654 -0.1948811 -0.1948811 -9999.000 -9999.000 -9999.000 -9999.000 -9999.000 -9999.000 -9999.000 -9999.000 -9999.000 -9999.000 -9999.000 -9999.000 -9999.000 -9999.000 -9999.000 -9999.000 -9999.000 -9999.000 -9999.000 -9999.000 -9999.000 -9999.000 -9999.000 -9999.000 -9999.000 -9999.000 -9999.000 -9999.000
-9999.000 -9999.000 -9999.000 -9999.000 -9999.000 -9999.000 -9999.000 -9999.000 -9999.000 -9999.000 -9999.000 -9999.000 -9999.000 -9999.000 -9999.000 -0.8817577E-01 -0.7872570E-01 -0.7887238E-01 -0.8164711E-01 -0.8628513E-01 -0.9223523E-01 -0.9897408E-01 -0.1060355 -0.1130649 -0.1199390 -0.1267661 -0.1349221 -0.1483652 -0.1756607 -0.2108642 -0.2108642 -9999.000 -9999.000 -9999.000 -9999.000 -9999.000 -9999.000 -9999.000 -9999.000 -9999.000 -9999.000 -9999.000 -9999.000 -9999.000 -9999.000 -9999.000 -9999.000 -9999.000 -9999.000 -9999.000 -9999.000 -9999.000 -9999.000 -9999.000 -9999.000 -9999.000 -9999.000 -9999.000 -9999.000
-9999.000 -9999.000 -9999.000 -9999.000 -9999.000 -9999.000 -9999.000 -9999.000 -9999.000 -9999.000 -9999.000 -9999.000 -9999.000 -9999.000 -9999.000 -0.8126185E-01 -0.7125515E-01 -0.7151286E-01 -0.7473789E-01 -0.8010425E-01 -0.8698379E-01 -0.9477575E-01 -0.1029436 -0.1110780 -0.1190369 -0.1269509 -0.1364205 -0.1520906 -0.1841013 -0.2294124 -0.2294124 -9999.000 -9999.000 -9999.000 -9999.000 -9999.000 -9999.000 -9999.000 -9999.000 -9999.000 -9999.000 -9999.000 -9999.000 -9999.000 -9999.000 -9999.000 -9999.000 -9999.000 -9999.000 -9999.000 -9999.000 -9999.000 -9999.000 -9999.000 -9999.000 -9999.000 -9999.000 -9999.000 -9999.000
-9999.000 -9999.000 -9999.000 -9999.000 -9999.000 -9999.000 -9999.000 -9999.000 -9999.000 -9999.000 -9999.000 -9999.000 -9999.000 -9999.000 -9999.000 -0.7376719E-01 -0.6336904E-01 -0.6376114E-01 -0.6745426E-01 -0.7357471E-01 -0.8141474E-01 -0.9029213E-01 -0.9959573E-01 -0.1088593 -0.1179229 -0.1269457 -0.1377800 -0.1558495 -0.1931075 -0.2512215 -0.2512215 -9999.000 -9999.000 -9999.000 -9999.000 -9999.000 -9999.000 -9999.000 -9999.000 -9999.000 -9999.000 -9999.000 -9999.000 -9999.000 -9999.000 -9999.000 -9999.000 -9999.000 -9999.000 -9999.000 -9999.000 -9999.000 -9999.000 -9999.000 -9999.000 -9999.000 -9999.000 -9999.000 -9999.000
-9999.000 -9999.000 -9999.000 -9999.000 -9999.000 -9999.000 -9999.000 -9999.000 -9999.000 -9999.000 -9999.000 -9999.000 -9999.000 -9999.000 -9999.000 -0.6560065E-01 -0.5500164E-01 -0.5555424E-01 -0.5973298E-01 -0.6663284E-01 -0.7546256E-01 -0.8545373E-01 -0.9591677E-01 -0.1063251 -0.1165020 -0.1266438 -0.1388874 -0.1595497 -0.2026916 -0.2773011 -0.2773011 -9999.000 -9999.000 -9999.000 -9999.000 -9999.000 -9999.000 -9999.000 -9999.000 -9999.000 -9999.000 -9999.000 -9999.000 -9999.000 -9999.000 -9999.000 -9999.000 -9999.000 -9999.000 -9999.000 -9999.000 -9999.000 -9999.000 -9999.000 -9999.000 -9999.000 -9999.000 -9999.000 -9999.000
-9999.000 -9999.000 -9999.000 -9999.000 -9999.000 -9999.000 -9999.000 -9999.000 -9999.000 -9999.000 -9999.000 -9999.000 -9999.000 -9999.000 -9999.000 -0.5664181E-01 -0.4606035E-01 -0.4680194E-01 -0.5148361E-01 -0.5918738E-01 -0.6903289E-01 -0.8016104E-01 -0.9179826E-01 -0.1033541 -0.1146375 -0.1258903 -0.1395757 -0.1630466 -0.2128403 -0.3091636 -0.3091636 -9999.000 -9999.000 -9999.000 -9999.000 -9999.000 -9999.000 -9999.000 -9999.000 -9999.000 -9999.000 -9999.000 -9999.000 -9999.000 -9999.000 -9999.000 -9999.000 -9999.000 -9999.000 -9999.000 -9999.000 -9999.000 -9999.000 -9999.000 -9999.000 -9999.000 -9999.000 -9999.000 -9999.000
-9999.000 -9999.000 -9999.000 -9999.000 -9999.000 -9999.000 -9999.000 -9999.000 -9999.000 -9999.000 -9999.000 -9999.000 -9999.000 -9999.000 -9999.000 -0.4668268E-01 -0.3638534E-01 -0.3735555E-01 -0.4256533E-01 -0.5110256E-01 -0.6199095E-01 -0.7427355E-01 -0.8708721E-01 -0.9977378E-01 -0.1121297 -0.1244545 -0.1395887 -0.1661023 -0.2234764 -0.3491903 -0.3491903 -9999.000 -9999.000 -9999.000 -9999.000 -9999.000 -9999.000 -9999.000 -9999.000 -9999.000 -9999.000 -9999.000 -9999.000 -9999.000 -9999.000 -9999.000 -9999.000 -9999.000 -9999.000 -9999.000 -9999.000 -9999.000 -9999.000 -9999.000 -9999.000 -9999.000 -9999.000 -9999.000 -9999.000
-9999.000 -9999.000 -9999.000 -9999.000 -9999.000 -9999.000 -9999.000 -9999.000 -9999.000 -9999.000 -9999.000 -9999.000 -9999.000 -9999.000 -9999.000 -0.2856336E-01 -0.2305317E-01 -0.2588622E-01 -0.3278917E-01 -0.4296041E-01 -0.5538642E-01 -0.6907328E-01 -0.8312722E-01 -0.9687895E-01 -0.1101657 -0.1233920 -0.1398423 -0.1694723 -0.2351080 -0.3994569 -0.3994569 -9999.000 -9999.000 -9999.000 -9999.000 -9999.000 -9999.000 -9999.000 -9999.000 -9999.000 -9999.000 -9999.000 -9999.000 -9999.000 -9999.000 -9999.000 -9999.000 -9999.000 -9999.000 -9999.000 -9999.000 -9999.000 -9999.000 -9999.000 -9999.000 -9999.000 -9999.000 -9999.000 -9999.000
-0.2536669E-02 -0.2536669E-02 -0.5591212E-02 -0.5700432E-02 -0.5685914E-02 -0.5685914E-02 -0.5671625E-02 -0.5649156E-02 -0.5649156E-02 -0.5624901E-02 -0.5624901E-02 -0.5594219E-02 -0.5576632E-02 -0.5557942E-02 -0.5538454E-02 -0.5538454E-02 -0.2204707E-01 -0.2813884E-01 -0.3851173E-01 -0.5352042E-01 -0.7233331E-01 -0.9367702E-01 -0.1162000 -0.1386695 -0.1601604 -0.1798494 -0.1987740 -0.2227735 -0.2656842 -0.3787074 -0.3787074 -0.1929293 -0.9429557E-01 -0.2436769E-01 -0.1593624E-01 -0.1593624E-01 -0.8617396E-02 -0.8617396E-02 0.3904330E-02 0.3904330E-02 0.1184596E-01 -0.1509573E-01 -0.1509573E-01 -0.1625556E-01 -0.1625556E-01 0.4178575E-02 0.4178575E-02 0.4178575E-02 0.6659876E-02 0.6659876E-02 0.5963012E-02 0.5963012E-02 0.4139561E-02 0.4139561E-02 0.2098292E-02 0.2098292E-02 0.3518608E-03 0.3518608E-03 0.3518608E-03
-0.3886691E-02 -0.3886691E-02 -0.8296100E-02 -0.8112474E-02 -0.8019138E-02 -0.8019138E-02 -0.7970823E-02 -0.7941507E-02 -0.7941507E-02 -0.7929983E-02 -0.7929983E-02 -0.7908059E-02 -0.7892867E-02 -0.7875741E-02 -0.7857316E-02 -0.7857316E-02 -0.2992278E-01 -0.4015300E-01 -0.5572157E-01 -0.7769027E-01 -0.1054954 -0.1378050 -0.1729891 -0.2093488 -0.2452235 -0.2787593 -0.3085187 -0.3345787 -0.3585127 -0.3859259 -0.3859259 -0.2475418 -0.1531553 -0.6723681E-01 -0.5043745E-01 -0.5043745E-01 -0.2413196E-01 -0.2413196E-01 0.1876571E-01 0.1876571E-01 0.4391745E-01 0.2568367E-01 0.2568367E-01 -0.2162409E-02 -0.2162409E-02 0.1036368E-01 0.1036368E-01 0.1036368E-01 0.1225066E-01 0.1225066E-01 0.9861086E-02 0.9861086E-02 0.5871051E-02 0.5871051E-02 0.1906559E-02 0.1906559E-02 -0.1172992E-02 -0.1172992E-02 -0.1172992E-02
-0.3187747E-02 -0.3187747E-02 -0.6755420E-02 -0.6909770E-02 -0.6789670E-02 -0.6789670E-02 -0.6721679E-02 -0.6696934E-02 -0.6696934E-02 -0.6713642E-02 -0.6713642E-02 -0.6718922E-02 -0.6716171E-02 -0.6711071E-02 -0.6704604E-02 -0.6704604E-02 -0.2795688E-01 -0.4170285E-01 -0.6054288E-01 -0.8568401E-01 -0.1170640 -0.1538803 -0.1949382 -0.2388341 -0.2840375 -0.3290950 -0.3721128 -0.4106208 -0.4423505 -0.4622739 -0.4622739 -0.3689285 -0.2848533 -0.1717011 -0.1334023 -0.1334023 -0.5790870E-01 -0.5790870E-01 0.4126909E-01 0.4126909E-01 0.9178406E-01 0.1231000 0.1231000 0.6223158E-01 0.6223158E-01 0.2445465E-01 0.2445465E-01 0.2445465E-01 0.1642714E-01 0.1642714E-01 0.9186765E-02 0.9186765E-02 0.2248964E-02 0.2248964E-02 -0.3404543E-02 -0.3404543E-02 -0.7066971E-02 -0.7066971E-02 -0.7066971E-02
-0.2506812E-02 -0.2506812E-02 -0.5283259E-02 -0.5604089E-02 -0.5472630E-02 -0.5472630E-02 -0.5388733E-02 -0.5351401E-02 -0.5351401E-02 -0.5369761E-02 -0.5369761E-02 -0.5378096E-02 -0.5376596E-02 -0.5372724E-02 -0.5367847E-02 -0.5367847E-02 -0.2570353E-01 -0.4267018E-01 -0.6480186E-01 -0.9274339E-01 -0.1265256 -0.1656855 -0.2094350 -0.2567748 -0.3065441 -0.3575807 -0.4082569 -0.4560169 -0.4977160 -0.5266736 -0.5266736 -0.4696037 -0.4038290 -0.2843641 -0.2269869 -0.2269869 -0.9182569E-01 -0.9182569E-01 0.6650636E-01 0.6650636E-01 0.1354696 0.1997014 0.1997014 0.1402520 0.1402520 0.4767761E-01 0.4767761E-01 0.4767761E-01 0.2148117E-01 0.2148117E-01 0.5700843E-02 0.5700843E-02 -0.5262700E-02 -0.5262700E-02 -0.1260471E-01 -0.1260471E-01 -0.1634247E-01 -0.1634247E-01 -0.1634247E-01
-0.1852024E-02 -0.1852024E-02 -0.3891319E-02 -0.4250746E-02 -0.4131552E-02 -0.4131552E-02 -0.4049302E-02 -0.4008586E-02 -0.4008586E-02 -0.4025277E-02 -0.4025277E-02 -0.4034026E-02 -0.4033155E-02 -0.4030094E-02 -0.4026219E-02 -0.4026219E-02 -0.2457101E-01 -0.4487807E-01 -0.7081456E-01 -0.1021522 -0.1386983 -0.1801006 -0.2258233 -0.2751711 -0.3273063 -0.3813579 -0.4360858 -0.4893357 -0.5379817 -0.5754145 -0.5754145 -0.5494102 -0.5028276 -0.3822625 -0.3039049 -0.3039049 -0.1053273 -0.1053273 0.9241644E-01 0.9241644E-01 0.1663186 0.2409205 0.2409205 0.2011044 0.2011044 0.7649399E-01 0.7649399E-01 0.7649399E-01 0.2986592E-01 0.2986592E-01 0.2910142E-02 0.2910142E-02 -0.1340864E-01 -0.1340864E-01 -0.2278945E-01 -0.2278945E-01 -0.2640338E-01 -0.2640338E-01 -0.2640338E-01
-0.1220402E-02 -0.1220402E-02 -0.2560249E-02 -0.2857621E-02 -0.2768542E-02 -0.2768542E-02 -0.2703693E-02 -0.2669625E-02 -0.2669625E-02 -0.2682374E-02 -0.2682374E-02 -0.2689532E-02 -0.2689008E-02 -0.2686895E-02 -0.2684271E-02 -0.2684271E-02 -0.2507908E-01 -0.4913855E-01 -0.7948150E-01 -0.1149540 -0.1549485 -0.1990553 -0.2468748 -0.2979391 -0.3516750 -0.4074570 -0.4643812 -0.5207659 -0.5738498 -0.6176841 -0.6176841 -0.6145816 -0.5834878 -0.4500167 -0.3425448 -0.3425448 -0.9061509E-01 -0.9061509E-01 0.1114286 0.1114286 0.1785711 0.2501375 0.2501375 0.2333742 0.2333742 0.1058384 0.1058384 0.1058384 0.4193607E-01 0.4193607E-01 0.2686839E-02 0.2686839E-02 -0.2027013E-01 -0.2027013E-01 -0.3226787E-01 -0.3226787E-01 -0.3580633E-01 -0.3580633E-01 -0.3580633E-01
-0.6058000E-03 -0.6058000E-03 -0.1269866E-02 -0.1436125E-02 -0.1388837E-02 -0.1388837E-02 -0.1353191E-02 -0.1333906E-02 -0.1333906E-02 -0.1340842E-02 -0.1340842E-02 -0.1344743E-02 -0.1344507E-02 -0.1343518E-02 -0.1342292E-02 -0.1342292E-02 -0.2778809E-01 -0.5638730E-01 -0.9187752E-01 -0.1322654 -0.1764500 -0.2238484 -0.2741081 -0.3269366 -0.3820002 -0.4389118 -0.4970666 -0.5552241 -0.6110708 -0.6593085 -0.6593085 -0.6712328 -0.6473718 -0.4713457 -0.3294140 -0.3294140 -0.5922828E-01 -0.5922828E-01 0.1162766 0.1162766 0.1719518 0.2366256 0.2366256 0.2388435 0.2388435 0.1298778 0.1298778 0.1298778 0.5607684E-01 0.5607684E-01 0.5636094E-02 0.5636094E-02 -0.2462013E-01 -0.2462013E-01 -0.3981773E-01 -0.3981773E-01 -0.4350632E-01 -0.4350632E-01 -0.4350632E-01
0.6629319E-08 0.6629319E-08 0.1075009E-07 0.3517757E-07 -0.5527362E-08 -0.5527362E-08 0.5940114E-07 -0.8534551E-07 -0.8534551E-07 -0.2581538E-06 -0.2581538E-06 0.2639120E-07 0.1969579E-07 0.1860080E-07 -0.2184104E-07 -0.2184104E-07 -0.3347099E-01 -0.6785892E-01 -0.1094741 -0.1556244 -0.2047376 -0.2560124 -0.3090859 -0.3638001 -0.4200441 -0.4776791 -0.5363968 -0.5953723 -0.6527201 -0.7033267 -0.7033267 -0.7217235 -0.6889323 -0.4328374 -0.2714321 -0.2714321 -0.3132419E-01 -0.3132419E-01 0.1062400 0.1062400 0.1514813 0.2098713 0.2098713 0.2249645 0.2249645 0.1439614 0.1439614 0.1439614 0.6929679E-01 0.6929679E-01 0.1116137E-01 0.1116137E-01 -0.2587518E-01 -0.2587518E-01 -0.4452051E-01 -0.4452051E-01 -0.4862546E-01 -0.4862546E-01 -0.4862546E-01
0.6057252E-03 0.6057252E-03 0.1269904E-02 0.1436162E-02 0.1388779E-02 0.1388779E-02 0.1353240E-02 0.1333924E-02 0.1333924E-02 0.1340511E-02 0.1340511E-02 0.1344695E-02 0.1344522E-02 0.1343555E-02 0.1342204E-02 0.1342204E-02 -0.4331833E-01 -0.8529577E-01 -0.1343309 -0.1871831 -0.2419215 -0.2975679 -0.3537470 -0.4104170 -0.4676757 -0.5256378 -0.5842968 -0.6432212 -0.7008073 -0.7507462 -0.7507462 -0.7616630 -0.6881686 -0.3445933 -0.1993228 -0.1993228 -0.1832571E-01 -0.1832571E-01 0.8654077E-01 0.8654077E-01 0.1240931 0.1770632 0.1770632 0.1993118 0.1993118 0.1460676 0.1460676 0.1460676 0.7835626E-01 0.7835626E-01 0.1773048E-01 0.1773048E-01 -0.2409008E-01 -0.2409008E-01 -0.4575741E-01 -0.4575741E-01 -0.5042757E-01 -0.5042757E-01 -0.5042757E-01
0.1220303E-02 0.1220303E-02 0.2560214E-02 0.2857555E-02 0.2768364E-02 0.2768364E-02 0.2703578E-02 0.2669470E-02 0.2669470E-02 0.2682196E-02 0.2682196E-02 0.2689286E-02 0.2688882E-02 0.2686997E-02 0.2684300E-02 0.2684300E-02 -0.5927860E-01 -0.1113141 -0.1694219 -0.2299923 -0.2909422 -0.3512587 -0.4106262 -0.4691443 -0.5271189 -0.5849177 -0.6428322 -0.7007719 -0.7568771 -0.7993014 -0.7993014 -0.7712840 -0.6115232 -0.2473957 -0.1433900 -0.1433900 -0.1788036E-01 -0.1788036E-01 0.6372010E-01 0.6372010E-01 0.9540767E-01 0.1426297 0.1426297 0.1674295 0.1674295 0.1367881 0.1367881 0.1367881 0.8088292E-01 0.8088292E-01 0.2339117E-01 0.2339117E-01 -0.1987954E-01 -0.1987954E-01 -0.4327010E-01 -0.4327010E-01 -0.4839657E-01 -0.4839657E-01 -0.4839657E-01
0.1852013E-02 0.1852013E-02 0.3891347E-02 0.4250766E-02 0.4131435E-02 0.4131435E-02 0.4049074E-02 0.4008239E-02 0.4008239E-02 0.4025223E-02 0.4025223E-02 0.4033843E-02 0.4032931E-02 0.4030117E-02 0.4026274E-02 0.4026274E-02 -0.8470308E-01 -0.1500698 -0.2192203 -0.2884882 -0.3559763 -0.4208956 -0.4831513 -0.5430642 -0.6011754 -0.6581057 -0.7144313 -0.7702410 -0.8214120 -0.8359423 -0.8359423 -0.7025187 -0.4533912 -0.1770457 -0.1110411 -0.1110411 -0.2190038E-01 -0.2190038E-01 0.4229990E-01 0.4229990E-01 0.6867896E-01 0.1089438 0.1089438 0.1328782 0.1328782 0.1183553 0.1183553 0.1183553 0.7600129E-01 0.7600129E-01 0.2642154E-01 0.2642154E-01 -0.1420536E-01 -0.1420536E-01 -0.3719395E-01 -0.3719395E-01 -0.4234351E-01 -0.4234351E-01 -0.4234351E-01
0.2506831E-02 0.2506831E-02 0.5283274E-02 0.5604295E-02 0.5472610E-02 0.5472610E-02 0.5388531E-02 0.5351100E-02 0.5351100E-02 0.5369896E-02 0.5369896E-02 0.5378164E-02 0.5376622E-02 0.5372684E-02 0.5367755E-02 0.5367755E-02 -0.1256880 -0.2085465 -0.2907912 -0.3693760 -0.4431490 -0.5119432 -0.5761350 -0.6364040 -0.6935828 -0.7485534 -0.8021550 -0.8540425 -0.8894568 -0.8124588 -0.8124588 -0.5141669 -0.2882797 -0.1338542 -0.9191991E-01 -0.9191991E-01 -0.2448655E-01 -0.2448655E-01 0.2440407E-01 0.2440407E-01 0.4537963E-01 0.7723701E-01 0.7723701E-01 0.9794544E-01 0.9794544E-01 0.9365182E-01 0.9365182E-01 0.9365182E-01 0.6437859E-01 0.6437859E-01 0.2590953E-01 0.2590953E-01 -0.8042862E-02 -0.8042862E-02 -0.2803341E-01 -0.2803341E-01 -0.3251492E-01 -0.3251492E-01 -0.3251492E-01
