simulation_files/asc/Velocity__x_91.0.asc
NCOLS        79
NROWS        79
XLLCENTER         -1.500000
YLLCENTER         -4.800000
CELLSIZE           0.100
NODATA_VALUE     -9999.0
[rows 0 to 25 of 79, columns 0 to 57 of 79]
-9999.000 -9999.000 -9999.000 -9999.000 -9999.000 -9999.000 -9999.000 -9999.000 -9999.000 -9999.000 -9999.000 -9999.000 -9999.000 -9999.000 -9999.000 0.2347269E-03 0.1320534E-02 0.3186109E-02 0.4887440E-02 0.6391180E-02 0.7720617E-02 0.8897986E-02 0.9926256E-02 0.1077188E-01 0.1134424E-01 0.1146679E-01 0.1083527E-01 0.8953626E-02 0.5121200E-02 0.1711316E-02 0.1711316E-02 -9999.000 -9999.000 -9999.000 -9999.000 -9999.000 -9999.000 -9999.000 -9999.000 -9999.000 -9999.000 -9999.000 -9999.000 -9999.000 -9999.000 -9999.000 -9999.000 -9999.000 -9999.000 -9999.000 -9999.000 -9999.000 -9999.000 -9999.000 -9999.000 -9999.000 -9999.000 -9999.000
-9999.000 -9999.000 -9999.000 -9999.000 -9999.000 -9999.000 -9999.000 -9999.000 -9999.000 -9999.000 -9999.000 -9999.000 -9999.000 -9999.000 -9999.000 0.1064138E-02 0.3161380E-02 0.6199284E-02 0.9056994E-02 0.1164139E-01 0.1392525E-01 0.1588533E-01 0.1747767E-01 0.1861608E-01 0.1914998E-01 0.1884118E-01 0.1733825E-01 0.1414525E-01 0.8665158E-02 0.3479062E-02 0.3479062E-02 -9999.000 -9999.000 -9999.000 -9999.000 -9999.000 -9999.000 -9999.000 -9999.000 -9999.000 -9999.000 -9999.000 -9999.000 -9999.000 -9999.000 -9999.000 -9999.000 -9999.000 -9999.000 -9999.000 -9999.000 -9999.000 -9999.000 -9999.000 -9999.000 -9999.000 -9999.000 -9999.000
-9999.000 -9999.000 -9999.000 -9999.000 -9999.000 -9999.000 -9999.000 -9999.000 -9999.000 -9999.000 -9999.000 -9999.000 -9999.000 -9999.000 -9999.000 0.1777013E-02 0.4750228E-02 0.8810135E-02 0.1262696E-01 0.1607639E-01 0.1910261E-01 0.2165399E-01 0.2365695E-01 0.2499403E-01 0.2548159E-01 0.2484744E-01 0.2270496E-01 0.1852150E-01 0.1165970E-01 0.4947475E-02 0.4947475E-02 -9999.000 -9999.000 -9999.000 -9999.000 -9999.000 -9999.000 -9999.000 -9999.000 -9999.000 -9999.000 -9999.000 -9999.000 -9999.000 -9999.000 -9999.000 -9999.000 -9999.000 -9999.000 -9999.000 -9999.000 -9999.000 -9999.000 -9999.000 -9999.000 -9999.000 -9999.000 -9999.000
-9999.000 -9999.000 -9999.000 -9999.000 -9999.000 -9999.000 -9999.000 -9999.000 -9999.000 -9999.000 -9999.000 -9999.000 -9999.000 -9999.000 -9999.000 0.2410294E-02 0.6149989E-02 0.1109193E-01 0.1572979E-01 0.1991538E-01 0.2357324E-01 0.2663226E-01 0.2899906E-01 0.3053372E-01 0.3102615E-01 0.3017142E-01 0.2754070E-01 0.2254420E-01 0.1446610E-01 0.6335525E-02 0.6335525E-02 -9999.000 -9999.000 -9999.000 -9999.000 -9999.000 -9999.000 -9999.000 -9999.000 -9999.000 -9999.000 -9999.000 -9999.000 -9999.000 -9999.000 -9999.000 -9999.000 -9999.000 -9999.000 -9999.000 -9999.000 -9999.000 -9999.000 -9999.000 -9999.000 -9999.000 -9999.000 -9999.000
-9999.000 -9999.000 -9999.000 -9999.000 -9999.000 -9999.000 -9999.000 -9999.000 -9999.000 -9999.000 -9999.000 -9999.000 -9999.000 -9999.000 -9999.000 0.3001282E-02 0.7440006E-02 0.1317153E-01 0.1854550E-01 0.2339662E-01 0.2763489E-01 0.3117549E-01 0.3390908E-01 0.3567617E-01 0.3624001E-01 0.3525809E-01 0.3224843E-01 0.2654381E-01 0.1731640E-01 0.7762083E-02 0.7762083E-02 -9999.000 -9999.000 -9999.000 -9999.000 -9999.000 -9999.000 -9999.000 -9999.000 -9999.000 -9999.000 -9999.000 -9999.000 -9999.000 -9999.000 -9999.000 -9999.000 -9999.000 -9999.000 -9999.000 -9999.000 -9999.000 -9999.000 -9999.000 -9999.000 -9999.000 -9999.000 -9999.000
-9999.000 -9999.000 -9999.000 -9999.000 -9999.000 -9999.000 -9999.000 -9999.000 -9999.000 -9999.000 -9999.000 -9999.000 -9999.000 -9999.000 -9999.000 0.3586610E-02 0.8697726E-02 0.1517088E-01 0.2123932E-01 0.2672742E-01 0.3153473E-01 0.3556557E-01 0.3869722E-01 0.4075039E-01 0.4145875E-01 0.4043497E-01 0.3713017E-01 0.3077736E-01 0.2039704E-01 0.9323030E-02 0.9323030E-02 -9999.000 -9999.000 -9999.000 -9999.000 -9999.000 -9999.000 -9999.000 -9999.000 -9999.000 -9999.000 -9999.000 -9999.000 -9999.000 -9999.000 -9999.000 -9999.000 -9999.000 -9999.000 -9999.000 -9999.000 -9999.000 -9999.000 -9999.000 -9999.000 -9999.000 -9999.000 -9999.000
-9999.000 -9999.000 -9999.000 -9999.000 -9999.000 -9999.000 -9999.000 -9999.000 -9999.000 -9999.000 -9999.000 -9999.000 -9999.000 -9999.000 -9999.000 0.4198613E-02 0.9990525E-02 0.1719410E-01 0.2395011E-01 0.3007926E-01 0.3547390E-01 0.4003002E-01 0.4361263E-01 0.4602164E-01 0.4695656E-01 0.4597662E-01 0.4244975E-01 0.3548153E-01 0.2389118E-01 0.1111611E-01 0.1111611E-01 -9999.000 -9999.000 -9999.000 -9999.000 -9999.000 -9999.000 -9999.000 -9999.000 -9999.000 -9999.000 -9999.000 -9999.000 -9999.000 -9999.000 -9999.000 -9999.000 -9999.000 -9999.000 -9999.000 -9999.000 -9999.000 -9999.000 -9999.000 -9999.000 -9999.000 -9999.000 -9999.000
-9999.000 -9999.000 -9999.000 -9999.000 -9999.000 -9999.000 -9999.000 -9999.000 -9999.000 -9999.000 -9999.000 -9999.000 -9999.000 -9999.000 -9999.000 0.4865455E-02 0.1137665E-01 0.1933076E-01 0.2679692E-01 0.3359891E-01 0.3962541E-01 0.4476633E-01 0.4887481E-01 0.5172893E-01 0.5298907E-01 0.5214982E-01 0.4847689E-01 0.4091340E-01 0.2801239E-01 0.1326051E-01 0.1326051E-01 -9999.000 -9999.000 -9999.000 -9999.000 -9999.000 -9999.000 -9999.000 -9999.000 -9999.000 -9999.000 -9999.000 -9999.000 -9999.000 -9999.000 -9999.000 -9999.000 -9999.000 -9999.000 -9999.000 -9999.000 -9999.000 -9999.000 -9999.000 -9999.000 -9999.000 -9999.000 -9999.000
-9999.000 -9999.000 -9999.000 -9999.000 -9999.000 -9999.000 -9999.000 -9999.000 -9999.000 -9999.000 -9999.000 -9999.000 -9999.000 -9999.000 -9999.000 0.5612824E-02 0.1290891E-01 0.2166262E-01 0.2988922E-01 0.3742329E-01 0.4415336E-01 0.4996546E-01 0.5470248E-01 0.5811856E-01 0.5982979E-01 0.5925368E-01 0.5552919E-01 0.4739284E-01 0.3304293E-01 0.1591956E-01 0.1591956E-01 -9999.000 -9999.000 -9999.000 -9999.000 -9999.000 -9999.000 -9999.000 -9999.000 -9999.000 -9999.000 -9999.000 -9999.000 -9999.000 -9999.000 -9999.000 -9999.000 -9999.000 -9999.000 -9999.000 -9999.000 -9999.000 -9999.000 -9999.000 -9999.000 -9999.000 -9999.000 -9999.000
-9999.000 -9999.000 -9999.000 -9999.000 -9999.000 -9999.000 -9999.000 -9999.000 -9999.000 -9999.000 -9999.000 -9999.000 -9999.000 -9999.000 -9999.000 0.6465809E-02 0.1464018E-01 0.2427269E-01 0.3334042E-01 0.4169677E-01 0.4923432E-01 0.5583879E-01 0.6134398E-01 0.6547987E-01 0.6781184E-01 0.6766568E-01 0.6402430E-01 0.5535945E-01 0.3939227E-01 0.1933802E-01 0.1933802E-01 -9999.000 -9999.000 -9999.000 -9999.000 -9999.000 -9999.000 -9999.000 -9999.000 -9999.000 -9999.000 -9999.000 -9999.000 -9999.000 -9999.000 -9999.000 -9999.000 -9999.000 -9999.000 -9999.000 -9999.000 -9999.000 -9999.000 -9999.000 -9999.000 -9999.000 -9999.000 -9999.000
-9999.000 -9999.000 -9999.000 -9999.000 -9999.000 -9999.000 -9999.000 -9999.000 -9999.000 -9999.000 -9999.000 -9999.000 -9999.000 -9999.000 -9999.000 0.7451891E-02 0.1662935E-01 0.2725688E-01 0.3728400E-01 0.4659290E-01 0.5508526E-01 0.6265085E-01 0.6911813E-01 0.7419274E-01 0.7738381E-01 0.7790960E-01 0.7456047E-01 0.6546693E-01 0.4769966E-01 0.2390900E-01 0.2390900E-01 -9999.000 -9999.000 -9999.000 -9999.000 -9999.000 -9999.000 -9999.000 -9999.000 -9999.000 -9999.000 -9999.000 -9999.000 -9999.000 -9999.000 -9999.000 -9999.000 -9999.000 -9999.000 -9999.000 -9999.000 -9999.000 -9999.000 -9999.000 -9999.000 -9999.000 -9999.000 -9999.000
-9999.000 -9999.000 -9999.000 -9999.000 -9999.000 -9999.000 -9999.000 -9999.000 -9999.000 -9999.000 -9999.000 -9999.000 -9999.000 -9999.000 -9999.000 0.8604850E-02 0.1895106E-01 0.3073937E-01 0.4189731E-01 0.5234588E-01 0.6200323E-01 0.7077039E-01 0.7847601E-01 0.8480437E-01 0.8920474E-01 0.9077136E-01 0.8805963E-01 0.7875817E-01 0.5903756E-01 0.3031182E-01 0.3031182E-01 -9999.000 -9999.000 -9999.000 -9999.000 -9999.000 -9999.000 -9999.000 -9999.000 -9999.000 -9999.000 -9999.000 -9999.000 -9999.000 -9999.000 -9999.000 -9999.000 -9999.000 -9999.000 -9999.000 -9999.000 -9999.000 -9999.000 -9999.000 -9999.000 -9999.000 -9999.000 -9999.000
-9999.000 -9999.000 -9999.000 -9999.000 -9999.000 -9999.000 -9999.000 -9999.000 -9999.000 -9999.000 -9999.000 -9999.000 -9999.000 -9999.000 -9999.000 0.9974019E-02 0.2171485E-01 0.3490562E-01 0.4744698E-01 0.5931068E-01 0.7044199E-01 0.8076435E-01 0.9011808E-01 0.9817419E-01 0.1043243 0.1075265 0.1060554 0.9702989E-01 0.7535763E-01 0.3981915E-01 0.3981915E-01 -9999.000 -9999.000 -9999.000 -9999.000 -9999.000 -9999.000 -9999.000 -9999.000 -9999.000 -9999.000 -9999.000 -9999.000 -9999.000 -9999.000 -9999.000 -9999.000 -9999.000 -9999.000 -9999.000 -9999.000 -9999.000 -9999.000 -9999.000 -9999.000 -9999.000 -9999.000 -9999.000
-9999.000 -9999.000 -9999.000 -9999.000 -9999.000 -9999.000 -9999.000 -9999.000 -9999.000 -9999.000 -9999.000 -9999.000 -9999.000 -9999.000 -9999.000 0.1174104E-01 0.2527762E-01 0.4030132E-01 0.5465128E-01 0.6836804E-01 0.8144476E-01 0.9385177E-01 0.1054674 0.1159758 0.1247340 0.1305742 0.1314635 0.1238084 0.1007352 0.5523273E-01 0.5523273E-01 -9999.000 -9999.000 -9999.000 -9999.000 -9999.000 -9999.000 -9999.000 -9999.000 -9999.000 -9999.000 -9999.000 -9999.000 -9999.000 -9999.000 -9999.000 -9999.000 -9999.000 -9999.000 -9999.000 -9999.000 -9999.000 -9999.000 -9999.000 -9999.000 -9999.000 -9999.000 -9999.000
-9999.000 -9999.000 -9999.000 -9999.000 -9999.000 -9999.000 -9999.000 -9999.000 -9999.000 -9999.000 -9999.000 -9999.000 -9999.000 -9999.000 -9999.000 0.2669707E-01 0.4697082E-01 0.6748720E-01 0.8518288E-01 0.1008790 0.1151246 0.1282946 0.1405616 0.1518198 0.1615606 0.1686451 0.1708492 0.1638442 0.1384304 0.7297855E-01 0.7297855E-01 -9999.000 -9999.000 -9999.000 -9999.000 -9999.000 -9999.000 -9999.000 -9999.000 -9999.000 -9999.000 -9999.000 -9999.000 -9999.000 -9999.000 -9999.000 -9999.000 -9999.000 -9999.000 -9999.000 -9999.000 -9999.000 -9999.000 -9999.000 -9999.000 -9999.000 -9999.000 -9999.000
1.782389 1.782389 1.840856 1.872547 1.881084 1.881084 1.887153 1.894664 1.894664 1.898393 1.898393 1.899773 1.899826 1.899538 1.701498 1.701498 1.383595 1.321952 1.251073 1.171618 1.085113 0.9938923 0.9010997 0.8106785 0.7273273 0.6564893 0.6046677 0.5808786 0.6017926 0.6917920 0.6917920 1.609971 1.821598 1.865201 1.828360 1.828360 1.720714 1.720714 1.460009 1.460009 1.169979 0.9987210 0.9987210 0.9888183 0.9888183 1.028187 1.028187 1.028187 1.079362 1.079362 1.125848 1.125848 1.165418 1.165418 1.208948 1.208948 1.235617 1.235617
1.797972 1.797972 1.862229 1.908789 1.925325 1.925325 1.939490 1.963209 1.963209 1.983025 1.983025 2.000346 2.008320 2.015918 1.916431 1.916431 1.637372 1.618373 1.591144 1.553618 1.505228 1.446220 1.377705 1.301780 1.221790 1.142848 1.072782 1.024006 1.018142 1.097181 1.097181 1.659517 1.837589 1.951594 1.965790 1.965790 1.942214 1.942214 1.825658 1.825658 1.636935 1.369264 1.369264 1.369218 1.369218 1.418259 1.418259 1.418259 1.471776 1.471776 1.521141 1.521141 1.551564 1.551564 1.604713 1.604713 1.637866 1.637866
1.801657 1.801657 1.863858 1.909235 1.925768 1.925768 1.940063 1.964185 1.964185 1.984468 1.984468 2.002310 2.010568 2.018467 1.963957 1.963957 1.687700 1.687408 1.682969 1.671023 1.650652 1.621433 1.583541 1.537937 1.486603 1.432938 1.382501 1.344629 1.336534 1.397464 1.397464 1.790451 1.951552 2.090013 2.118843 2.118843 2.118016 2.118016 2.042696 2.042696 1.936088 1.690762 1.690762 1.656781 1.656781 1.694603 1.694603 1.694603 1.740437 1.740437 1.781628 1.781628 1.814321 1.814321 1.852281 1.852281 1.879661 1.879661
1.804514 1.804514 1.865224 1.909352 1.925745 1.925745 1.940019 1.964191 1.964191 1.984503 1.984503 2.002348 2.010606 2.018507 1.986478 1.986478 1.713901 1.720251 1.725906 1.725387 1.718291 1.704546 1.684392 1.658548 1.628414 1.596367 1.566294 1.544672 1.543502 1.594400 1.594400 1.889010 2.026687 2.162815 2.192634 2.192634 2.197212 2.197212 2.145522 2.145522 2.086158 1.901769 1.901769 1.833632 1.833632 1.862159 1.862159 1.862159 1.901621 1.901621 1.937808 1.937808 1.967211 1.967211 1.997906 1.997906 2.021711 2.021711
1.806657 1.806657 1.866357 1.909449 1.925710 1.925710 1.939964 1.964185 1.964185 1.984518 1.984518 2.002354 2.010605 2.018500 2.000847 2.000847 1.742773 1.749594 1.761246 1.766676 1.765812 1.759110 1.747300 1.731440 1.712995 1.694003 1.677392 1.667627 1.672424 1.717330 1.717330 1.947315 2.063803 2.185672 2.209878 2.209878 2.210806 2.210806 2.179674 2.179674 2.151571 2.040426 2.040426 1.959698 1.959698 1.968913 1.968913 1.968913 2.002944 2.002944 2.035733 2.035733 2.062962 2.062962 2.089200 2.089200 2.110202 2.110202
1.808149 1.808149 1.867200 1.909522 1.925675 1.925675 1.939914 1.964178 1.964178 1.984531 1.984531 2.002358 2.010603 2.018493 2.010077 2.010077 1.782655 1.781618 1.797695 1.807411 1.810318 1.807077 1.798788 1.786958 1.773441 1.760427 1.750543 1.747131 1.755803 1.795339 1.795339 1.970914 2.069338 2.166953 2.182219 2.182219 2.182378 2.182378 2.176886 2.176886 2.171784 2.124368 2.124368 2.057754 2.057754 2.045242 2.045242 2.045242 2.071959 2.071959 2.100873 2.100873 2.125933 2.125933 2.148665 2.148665 2.166864 2.166864
1.809031 1.809031 1.867718 1.909568 1.925650 1.925650 1.939879 1.964172 1.964172 1.984539 1.984539 2.002362 2.010602 2.018488 2.015959 2.015959 1.835087 1.818895 1.837378 1.850398 1.856108 1.855014 1.848293 1.837669 1.825316 1.813764 1.805845 1.804628 1.813219 1.842434 1.842434 1.970312 2.047143 2.111836 2.120322 2.120322 2.132536 2.132536 2.157149 2.157149 2.169460 2.168620 2.168620 2.131298 2.131298 2.105986 2.105986 2.105986 2.123568 2.123568 2.147145 2.147145 2.169065 2.169065 2.188269 2.188269 2.203463 2.203463
1.809323 1.809323 1.867891 1.909584 1.925641 1.925641 1.939868 1.964171 1.964171 1.984542 1.984542 2.002363 2.010602 2.018487 2.019688 2.019688 1.892006 1.866333 1.881855 1.896859 1.904776 1.905218 1.899174 1.888410 1.875307 1.862702 1.853714 1.851206 1.855073 1.866544 1.866544 1.947098 1.994653 2.027811 2.038513 2.038513 2.077359 2.077359 2.130880 2.130880 2.155971 2.186556 2.186556 2.180310 2.180310 2.156340 2.156340 2.156340 2.165262 2.165262 2.182222 2.182222 2.199626 2.199626 2.214871 2.214871 2.226809 2.226809
1.809031 1.809031 1.867718 1.909568 1.925651 1.925651 1.939880 1.964172 1.964172 1.984539 1.984539 2.002362 2.010602 2.018488 2.022045 2.022045 1.948586 1.923748 1.933836 1.948469 1.957368 1.958585 1.952584 1.940947 1.926070 1.910971 1.899027 1.892721 1.886405 1.867286 1.867286 1.892771 1.906862 1.929154 1.953108 1.953108 2.025326 2.025326 2.102276 2.102276 2.136562 2.188124 2.188124 2.207690 2.207690 2.196638 2.196638 2.196638 2.199956 2.199956 2.210114 2.210114 2.221905 2.221905 2.232499 2.232499 2.240779 2.240779
1.808149 1.808149 1.867201 1.909523 1.925675 1.925675 1.939914 1.964177 1.964177 1.984530 1.984530 2.002358 2.010603 2.018492 2.023532 2.023532 2.003305 1.989011 1.995165 2.007019 2.014906 2.015611 2.008820 1.995687 1.978399 1.959972 1.943920 1.931669 1.905792 1.832951 1.832951 1.795215 1.787314 1.832652 1.875059 1.875059 1.978642 1.978642 2.072968 2.072968 2.113940 2.179805 2.179805 2.218485 2.218485 2.225905 2.225905 2.225905 2.227819 2.227819 2.232310 2.232310 2.238015 2.238015 2.243313 2.243313 2.247539 2.247539
1.806657 1.806657 1.866358 1.909449 1.925710 1.925710 1.939964 1.964184 1.964184 1.984518 1.984518 2.002354 2.010604 2.018499 2.024465 2.024465 2.057859 2.060029 2.066090 2.073939 2.078465 2.076720 2.067831 2.052378 2.032116 2.009827 1.988949 1.967772 1.900930 1.736834 1.736834 1.658797 1.660471 1.746741 1.801816 1.801816 1.935233 1.935233 2.042640 2.042640 2.088731 2.164801 2.164801 2.217098 2.217098 2.243435 2.243435 2.243435 2.247561 2.247561 2.248353 2.248353 2.248274 2.248274 2.247999 2.247999 2.247969 2.247969
