simulation_files/asc/Velocity__x_222.0.asc
NCOLS        79
NROWS        79
XLLCENTER         -1.500000
YLLCENTER         -4.800000
CELLSIZE           0.100
NODATA_VALUE     -9999.0
[rows 0 to 25 of 79, columns 0 to 57 of 79]
-9999.000 -9999.000 -9999.000 -9999.000 -9999.000 -9999.000 -9999.000 -9999.000 -9999.000 -9999.000 -9999.000 -9999.000 -9999.000 -9999.000 -9999.000 -0.1673531E-02 -0.1362736E-02 0.1992515E-02 0.6839739E-02 0.1182026E-01 0.1589152E-01 0.1875941E-01 0.2041154E-01 0.2092975E-01 0.2046632E-01 0.1916421E-01 0.1710955E-01 0.1424835E-01 0.9987831E-02 0.4891028E-02 0.4891028E-02 -9999.000 -9999.000 -9999.000 -9999.000 -9999.000 -9999.000 -9999.000 -9999.000 -9999.000 -9999.000 -9999.000 -9999.000 -9999.000 -9999.000 -9999.000 -9999.000 -9999.000 -9999.000 -9999.000 -9999.000 -9999.000 -9999.000 -9999.000 -9999.000 -9999.000 -9999.000 -9999.000
-9999.000 -9999.000 -9999.000 -9999.000 -9999.000 -9999.000 -9999.000 -9999.000 -9999.000 -9999.000 -9999.000 -9999.000 -9999.000 -9999.000 -9999.000 -0.4058202E-03 0.1129540E-02 0.5528710E-02 0.1126363E-01 0.1703509E-01 0.2180999E-01 0.2522838E-01 0.2720547E-01 0.2776848E-01 0.2703233E-01 0.2512371E-01 0.2213641E-01 0.1805752E-01 0.1242411E-01 0.6064712E-02 0.6064712E-02 -9999.000 -9999.000 -9999.000 -9999.000 -9999.000 -9999.000 -9999.000 -9999.000 -9999.000 -9999.000 -9999.000 -9999.000 -9999.000 -9999.000 -9999.000 -9999.000 -9999.000 -9999.000 -9999.000 -9999.000 -9999.000 -9999.000 -9999.000 -9999.000 -9999.000 -9999.000 -9999.000
-9999.000 -9999.000 -9999.000 -9999.000 -9999.000 -9999.000 -9999.000 -9999.000 -9999.000 -9999.000 -9999.000 -9999.000 -9999.000 -9999.000 -9999.000 0.3532154E-04 0.2095714E-02 0.7113322E-02 0.1343742E-01 0.1972645E-01 0.2491163E-01 0.2861595E-01 0.3074283E-01 0.3131191E-01 0.3043695E-01 0.2824892E-01 0.2485174E-01 0.2024498E-01 0.1396381E-01 0.6854644E-02 0.6854644E-02 -9999.000 -9999.000 -9999.000 -9999.000 -9999.000 -9999.000 -9999.000 -9999.000 -9999.000 -9999.000 -9999.000 -9999.000 -9999.000 -9999.000 -9999.000 -9999.000 -9999.000 -9999.000 -9999.000 -9999.000 -9999.000 -9999.000 -9999.000 -9999.000 -9999.000 -9999.000 -9999.000
-9999.000 -9999.000 -9999.000 -9999.000 -9999.000 -9999.000 -9999.000 -9999.000 -9999.000 -9999.000 -9999.000 -9999.000 -9999.000 -9999.000 -9999.000 0.2477037E-03 0.2595313E-02 0.7990153E-02 0.1469498E-01 0.2132672E-01 0.2678608E-01 0.3068639E-01 0.3292629E-01 0.3352335E-01 0.3259405E-01 0.3027257E-01 0.2666666E-01 0.2177697E-01 0.1511402E-01 0.7473782E-02 0.7473782E-02 -9999.000 -9999.000 -9999.000 -9999.000 -9999.000 -9999.000 -9999.000 -9999.000 -9999.000 -9999.000 -9999.000 -9999.000 -9999.000 -9999.000 -9999.000 -9999.000 -9999.000 -9999.000 -9999.000 -9999.000 -9999.000 -9999.000 -9999.000 -9999.000 -9999.000 -9999.000 -9999.000
-9999.000 -9999.000 -9999.000 -9999.000 -9999.000 -9999.000 -9999.000 -9999.000 -9999.000 -9999.000 -9999.000 -9999.000 -9999.000 -9999.000 -9999.000 0.3849874E-03 0.2937294E-02 0.8619066E-02 0.1562140E-01 0.2252341E-01 0.2819958E-01 0.3225903E-01 0.3459929E-01 0.3523751E-01 0.3429347E-01 0.3190376E-01 0.2817686E-01 0.2310850E-01 0.1617230E-01 0.8065898E-02 0.8065898E-02 -9999.000 -9999.000 -9999.000 -9999.000 -9999.000 -9999.000 -9999.000 -9999.000 -9999.000 -9999.000 -9999.000 -9999.000 -9999.000 -9999.000 -9999.000 -9999.000 -9999.000 -9999.000 -9999.000 -9999.000 -9999.000 -9999.000 -9999.000 -9999.000 -9999.000 -9999.000 -9999.000
-9999.000 -9999.000 -9999.000 -9999.000 -9999.000 -9999.000 -9999.000 -9999.000 -9999.000 -9999.000 -9999.000 -9999.000 -9999.000 -9999.000 -9999.000 0.5095541E-03 0.3249787E-02 0.9195806E-02 0.1647189E-01 0.2362027E-01 0.2949216E-01 0.3369765E-01 0.3613530E-01 0.3682313E-01 0.3588508E-01 0.3345901E-01 0.2965268E-01 0.2445357E-01 0.1728622E-01 0.8705935E-02 0.8705935E-02 -9999.000 -9999.000 -9999.000 -9999.000 -9999.000 -9999.000 -9999.000 -9999.000 -9999.000 -9999.000 -9999.000 -9999.000 -9999.000 -9999.000 -9999.000 -9999.000 -9999.000 -9999.000 -9999.000 -9999.000 -9999.000 -9999.000 -9999.000 -9999.000 -9999.000 -9999.000 -9999.000
-9999.000 -9999.000 -9999.000 -9999.000 -9999.000 -9999.000 -9999.000 -9999.000 -9999.000 -9999.000 -9999.000 -9999.000 -9999.000 -9999.000 -9999.000 0.6487963E-03 0.3590737E-02 0.9809360E-02 0.1736196E-01 0.2475484E-01 0.3081885E-01 0.3516901E-01 0.3770681E-01 0.3845149E-01 0.3753339E-01 0.3509107E-01 0.3122960E-01 0.2592549E-01 0.1854180E-01 0.9441183E-02 0.9441183E-02 -9999.000 -9999.000 -9999.000 -9999.000 -9999.000 -9999.000 -9999.000 -9999.000 -9999.000 -9999.000 -9999.000 -9999.000 -9999.000 -9999.000 -9999.000 -9999.000 -9999.000 -9999.000 -9999.000 -9999.000 -9999.000 -9999.000 -9999.000 -9999.000 -9999.000 -9999.000 -9999.000
-9999.000 -9999.000 -9999.000 -9999.000 -9999.000 -9999.000 -9999.000 -9999.000 -9999.000 -9999.000 -9999.000 -9999.000 -9999.000 -9999.000 -9999.000 0.8185430E-03 0.3991101E-02 0.1050597E-01 0.1835134E-01 0.2599800E-01 0.3225908E-01 0.3675848E-01 0.3940293E-01 0.4021454E-01 0.3933007E-01 0.3688858E-01 0.3299179E-01 0.2760201E-01 0.2000695E-01 0.1031272E-01 0.1031272E-01 -9999.000 -9999.000 -9999.000 -9999.000 -9999.000 -9999.000 -9999.000 -9999.000 -9999.000 -9999.000 -9999.000 -9999.000 -9999.000 -9999.000 -9999.000 -9999.000 -9999.000 -9999.000 -9999.000 -9999.000 -9999.000 -9999.000 -9999.000 -9999.000 -9999.000 -9999.000 -9999.000
-9999.000 -9999.000 -9999.000 -9999.000 -9999.000 -9999.000 -9999.000 -9999.000 -9999.000 -9999.000 -9999.000 -9999.000 -9999.000 -9999.000 -9999.000 0.1029027E-02 0.4471706E-02 0.1131647E-01 0.1947980E-01 0.2739684E-01 0.3386495E-01 0.3852315E-01 0.4128498E-01 0.4217631E-01 0.4134177E-01 0.3892099E-01 0.3501063E-01 0.2955536E-01 0.2175217E-01 0.1136543E-01 0.1136543E-01 -9999.000 -9999.000 -9999.000 -9999.000 -9999.000 -9999.000 -9999.000 -9999.000 -9999.000 -9999.000 -9999.000 -9999.000 -9999.000 -9999.000 -9999.000 -9999.000 -9999.000 -9999.000 -9999.000 -9999.000 -9999.000 -9999.000 -9999.000 -9999.000 -9999.000 -9999.000 -9999.000
-9999.000 -9999.000 -9999.000 -9999.000 -9999.000 -9999.000 -9999.000 -9999.000 -9999.000 -9999.000 -9999.000 -9999.000 -9999.000 -9999.000 -9999.000 0.1289496E-02 0.5051709E-02 0.1226936E-01 0.2078335E-01 0.2899328E-01 0.3568397E-01 0.4051511E-01 0.4340929E-01 0.4439775E-01 0.4363488E-01 0.4126007E-01 0.3736438E-01 0.3187046E-01 0.2386538E-01 0.1265808E-01 0.1265808E-01 -9999.000 -9999.000 -9999.000 -9999.000 -9999.000 -9999.000 -9999.000 -9999.000 -9999.000 -9999.000 -9999.000 -9999.000 -9999.000 -9999.000 -9999.000 -9999.000 -9999.000 -9999.000 -9999.000 -9999.000 -9999.000 -9999.000 -9999.000 -9999.000 -9999.000 -9999.000 -9999.000
-9999.000 -9999.000 -9999.000 -9999.000 -9999.000 -9999.000 -9999.000 -9999.000 -9999.000 -9999.000 -9999.000 -9999.000 -9999.000 -9999.000 -9999.000 0.1610594E-02 0.5752559E-02 0.1339641E-01 0.2230317E-01 0.3083608E-01 0.3777082E-01 0.4279467E-01 0.4584269E-01 0.4695242E-01 0.4629079E-01 0.4399657E-01 0.4015384E-01 0.3465943E-01 0.2646706E-01 0.1427118E-01 0.1427118E-01 -9999.000 -9999.000 -9999.000 -9999.000 -9999.000 -9999.000 -9999.000 -9999.000 -9999.000 -9999.000 -9999.000 -9999.000 -9999.000 -9999.000 -9999.000 -9999.000 -9999.000 -9999.000 -9999.000 -9999.000 -9999.000 -9999.000 -9999.000 -9999.000 -9999.000 -9999.000 -9999.000
-9999.000 -9999.000 -9999.000 -9999.000 -9999.000 -9999.000 -9999.000 -9999.000 -9999.000 -9999.000 -9999.000 -9999.000 -9999.000 -9999.000 -9999.000 0.2008158E-02 0.6606886E-02 0.1474743E-01 0.2410524E-01 0.3299854E-01 0.4020557E-01 0.4544901E-01 0.4867940E-01 0.4994301E-01 0.4942275E-01 0.4725675E-01 0.4352099E-01 0.3808117E-01 0.2972980E-01 0.1632136E-01 0.1632136E-01 -9999.000 -9999.000 -9999.000 -9999.000 -9999.000 -9999.000 -9999.000 -9999.000 -9999.000 -9999.000 -9999.000 -9999.000 -9999.000 -9999.000 -9999.000 -9999.000 -9999.000 -9999.000 -9999.000 -9999.000 -9999.000 -9999.000 -9999.000 -9999.000 -9999.000 -9999.000 -9999.000
-9999.000 -9999.000 -9999.000 -9999.000 -9999.000 -9999.000 -9999.000 -9999.000 -9999.000 -9999.000 -9999.000 -9999.000 -9999.000 -9999.000 -9999.000 0.2543126E-02 0.7743955E-02 0.1652883E-01 0.2644422E-01 0.3573200E-01 0.4323070E-01 0.4871156E-01 0.5214538E-01 0.5359128E-01 0.5325285E-01 0.5126824E-01 0.4770481E-01 0.4239170E-01 0.3392395E-01 0.1898939E-01 0.1898939E-01 -9999.000 -9999.000 -9999.000 -9999.000 -9999.000 -9999.000 -9999.000 -9999.000 -9999.000 -9999.000 -9999.000 -9999.000 -9999.000 -9999.000 -9999.000 -9999.000 -9999.000 -9999.000 -9999.000 -9999.000 -9999.000 -9999.000 -9999.000 -9999.000 -9999.000 -9999.000 -9999.000
-9999.000 -9999.000 -9999.000 -9999.000 -9999.000 -9999.000 -9999.000 -9999.000 -9999.000 -9999.000 -9999.000 -9999.000 -9999.000 -9999.000 -9999.000 0.4918593E-02 0.1279906E-01 0.2446513E-01 0.3558439E-01 0.4456890E-01 0.5165859E-01 0.5669636E-01 0.5969587E-01 0.6075959E-01 0.6012821E-01 0.5793837E-01 0.5424140E-01 0.4881113E-01 0.3998647E-01 0.2280995E-01 0.2280995E-01 -9999.000 -9999.000 -9999.000 -9999.000 -9999.000 -9999.000 -9999.000 -9999.000 -9999.000 -9999.000 -9999.000 -9999.000 -9999.000 -9999.000 -9999.000 -9999.000 -9999.000 -9999.000 -9999.000 -9999.000 -9999.000 -9999.000 -9999.000 -9999.000 -9999.000 -9999.000 -9999.000
-9999.000 -9999.000 -9999.000 -9999.000 -9999.000 -9999.000 -9999.000 -9999.000 -9999.000 -9999.000 -9999.000 -9999.000 -9999.000 -9999.000 -9999.000 0.1081131 0.1658894 0.1948536 0.1870578 0.1584491 0.1380483 0.1202431 0.1049539 0.9192198E-01 0.8079327E-01 0.7100461E-01 0.6204862E-01 0.5314477E-01 0.4201427E-01 0.2023397E-01 0.2023397E-01 -9999.000 -9999.000 -9999.000 -9999.000 -9999.000 -9999.000 -9999.000 -9999.000 -9999.000 -9999.000 -9999.000 -9999.000 -9999.000 -9999.000 -9999.000 -9999.000 -9999.000 -9999.000 -9999.000 -9999.000 -9999.000 -9999.000 -9999.000 -9999.000 -9999.000 -9999.000 -9999.000
2.888218 2.888218 2.906689 2.907292 2.927531 2.927531 2.930291 2.929804 2.929804 2.925585 2.925585 2.918861 2.914822 2.910436 2.906176 2.906176 3.070716 3.075599 3.076963 3.074423 3.042002 2.985903 2.906159 2.801373 2.672911 2.524798 2.359322 2.184987 2.025408 1.950513 1.950513 2.795085 2.976414 3.085326 3.113210 3.113210 3.152560 3.152560 3.145458 3.145458 3.107230 2.940553 2.940553 2.634651 2.634651 2.211121 2.211121 2.211121 2.178250 2.178250 2.203015 2.203015 2.249461 2.249461 2.299904 2.299904 2.346148 2.346148
2.911738 2.911738 2.938853 2.962472 2.990096 2.990096 3.004949 3.027618 3.027618 3.046124 3.046124 3.061927 3.069079 3.075837 3.082638 3.082638 3.204445 3.225008 3.241338 3.255219 3.261498 3.260661 3.250936 3.229139 3.192499 3.139298 3.067603 2.977942 2.876642 2.789765 2.789765 3.241636 3.402916 3.560344 3.603788 3.603788 3.655458 3.655458 3.663199 3.663199 3.646033 3.552311 3.552311 3.370407 3.370407 3.053160 3.053160 3.053160 3.016027 3.016027 3.042861 3.042861 3.092001 3.092001 3.144977 3.144977 3.194147 3.194147
2.916887 2.916887 2.940792 2.964423 2.989825 2.989825 3.005347 3.028882 3.028882 3.048024 3.048024 3.064540 3.072094 3.079277 3.086577 3.086577 3.194787 3.228611 3.257276 3.282205 3.301400 3.315095 3.323161 3.324558 3.317942 3.302059 3.275109 3.236141 3.187671 3.145779 3.145779 3.398678 3.556153 3.740451 3.795096 3.795096 3.854588 3.854588 3.851676 3.851676 3.825648 3.727892 3.727892 3.590506 3.590506 3.343130 3.343130 3.343130 3.291993 3.291993 3.305408 3.305408 3.345498 3.345498 3.392255 3.392255 3.436918 3.436918
2.920397 2.920397 2.942254 2.965186 2.988965 2.988965 3.004877 3.028843 3.028843 3.048021 3.048021 3.064533 3.072091 3.079281 3.086675 3.086675 3.185977 3.230600 3.270607 3.305781 3.334706 3.357154 3.373222 3.382791 3.385624 3.381557 3.370092 3.350938 3.325727 3.304840 3.304840 3.457471 3.596069 3.788440 3.849543 3.849543 3.908475 3.908475 3.883777 3.883777 3.845073 3.748169 3.748169 3.655296 3.655296 3.479460 3.479460 3.479460 3.420477 3.420477 3.419022 3.419022 3.449031 3.449031 3.490050 3.490050 3.531215 3.531215
2.921588 2.921588 2.943479 2.964980 2.987867 2.987867 3.004223 3.028729 3.028729 3.047988 3.047988 3.064495 3.072051 3.079238 3.086771 3.086771 3.182111 3.235704 3.285772 3.330445 3.368307 3.398787 3.421817 3.437428 3.445705 3.446892 3.441198 3.429009 3.411962 3.397431 3.397431 3.489661 3.602753 3.785328 3.843935 3.843935 3.881866 3.881866 3.825697 3.825697 3.780736 3.707582 3.707582 3.664025 3.664025 3.559227 3.559227 3.559227 3.502030 3.502030 3.486726 3.486726 3.504159 3.504159 3.537271 3.537271 3.573579 3.573579
2.921069 2.921069 2.943691 2.964977 2.987332 2.987332 3.003966 3.028760 3.028760 3.048010 3.048010 3.064490 3.072041 3.079226 3.086956 3.086956 3.184236 3.245770 3.304601 3.357704 3.403493 3.441232 3.470698 3.491901 3.504966 3.510194 3.507977 3.498935 3.484605 3.470398 3.470398 3.522218 3.606785 3.760316 3.802678 3.802678 3.792789 3.792789 3.711504 3.711504 3.677392 3.650026 3.650026 3.652376 3.652376 3.609791 3.609791 3.609791 3.563868 3.563868 3.539786 3.539786 3.543996 3.543996 3.566825 3.566825 3.596110 3.596110
2.918714 2.918714 2.946339 2.964630 2.986843 2.986843 3.003719 3.028777 3.028777 3.048053 3.048053 3.064524 3.072073 3.079259 3.087270 3.087270 3.193216 3.262342 3.328861 3.389176 3.441649 3.485532 3.520567 3.546739 3.564168 3.573110 3.573939 3.567241 3.554274 3.538856 3.538856 3.562729 3.618100 3.718519 3.724565 3.724565 3.650075 3.650075 3.580312 3.580312 3.573133 3.596612 3.596612 3.634253 3.634253 3.640921 3.640921 3.640921 3.612522 3.612522 3.586893 3.586893 3.580055 3.580055 3.591312 3.591312 3.611439 3.611439
2.918107 2.918107 2.947747 2.964487 2.986656 2.986656 3.003618 3.028772 3.028772 3.048058 3.048058 3.064528 3.072076 3.079261 3.087665 3.087665 3.209986 3.286864 3.360175 3.426394 3.484095 3.532701 3.572058 3.602205 3.623274 3.635474 3.639108 3.634632 3.622939 3.606381 3.606381 3.610403 3.635795 3.646299 3.593871 3.593871 3.476601 3.476601 3.462734 3.462734 3.486215 3.550341 3.550341 3.612251 3.612251 3.656271 3.656271 3.656271 3.647780 3.647780 3.627440 3.627440 3.614079 3.614079 3.614157 3.614157 3.623654 3.623654
2.918010 2.918010 2.947277 2.964537 2.986799 2.986799 3.003698 3.028771 3.028771 3.048050 3.048050 3.064522 3.072072 3.079257 3.088204 3.088204 3.236053 3.321120 3.400375 3.471064 3.532304 3.583915 3.625995 3.658733 3.682333 3.696995 3.702952 3.700507 3.690137 3.672490 3.672490 3.660261 3.649625 3.515276 3.402244 3.402244 3.312848 3.312848 3.373617 3.373617 3.419658 3.509691 3.509691 3.587636 3.587636 3.659474 3.659474 3.659474 3.670101 3.670101 3.659668 3.659668 3.644603 3.644603 3.635519 3.635519 3.633864 3.633864
2.920679 2.920679 2.943688 2.964755 2.987298 2.987298 3.003995 3.028789 3.028789 3.048026 3.048026 3.064501 3.072050 3.079235 3.088921 3.088921 3.273603 3.367246 3.451407 3.524836 3.587611 3.640183 3.683056 3.716665 3.741342 3.757329 3.764811 3.763938 3.754615 3.734496 3.734496 3.701735 3.633276 3.306226 3.179139 3.179139 3.191186 3.191186 3.308146 3.308146 3.366484 3.471338 3.471338 3.560182 3.560182 3.652596 3.652596 3.652596 3.679723 3.679723 3.681116 3.681116 3.668501 3.668501 3.653223 3.653223 3.640998 3.640998
2.921029 2.921029 2.941615 2.964987 2.987973 2.987973 3.004334 3.028776 3.028776 3.047997 3.047997 3.064493 3.072048 3.079237 3.089943 3.089943 3.326071 3.428160 3.515572 3.589430 3.651232 3.702305 3.743686 3.776128 3.800137 3.816020 3.823936 3.823863 3.814459 3.785429 3.785429 3.708343 3.533189 3.051438 2.989340 2.989340 3.109963 3.109963 3.253515 3.253515 3.317634 3.431218 3.431218 3.527894 3.527894 3.635390 3.635390 3.635390 3.675707 3.675707 3.688598 3.688598 3.681016 3.681016 3.662612 3.662612 3.641344 3.641344
