simulation_files/asc/Velocity__x_61.0.asc
NCOLS        79
NROWS        79
XLLCENTER         -1.500000
YLLCENTER         -4.800000
CELLSIZE           0.100
NODATA_VALUE     -9999.0
[rows 0 to 25 of 79, columns 0 to 57 of 79]
-9999.000 -9999.000 -9999.000 -9999.000 -9999.000 -9999.000 -9999.000 -9999.000 -9999.000 -9999.000 -9999.000 -9999.000 -9999.000 -9999.000 -9999.000 0.4005970E-03 0.1698055E-02 0.3781458E-02 0.5652863E-02 0.7275179E-02 0.8658433E-02 0.9797916E-02 0.1066387E-01 0.1119668E-01 0.1130073E-01 0.1083250E-01 0.9579447E-02 0.7229573E-02 0.3411084E-02 0.7065297E-03 0.7065297E-03 -9999.000 -9999.000 -9999.000 -9999.000 -9999.000 -9999.000 -9999.000 -9999.000 -9999.000 -9999.000 -9999.000 -9999.000 -9999.000 -9999.000 -9999.000 -9999.000 -9999.000 -9999.000 -9999.000 -9999.000 -9999.000 -9999.000 -9999.000 -9999.000 -9999.000 -9999.000 -9999.000
-9999.000 -9999.000 -9999.000 -9999.000 -9999.000 -9999.000 -9999.000 -9999.000 -9999.000 -9999.000 -9999.000 -9999.000 -9999.000 -9999.000 -9999.000 0.1294112E-02 0.3764251E-02 0.7263758E-02 0.1050573E-01 0.1337623E-01 0.1582596E-01 0.1779833E-01 0.1921245E-01 0.1995541E-01 0.1987738E-01 0.1878690E-01 0.1644622E-01 0.1257099E-01 0.6923116E-02 0.2379119E-02 0.2379119E-02 -9999.000 -9999.000 -9999.000 -9999.000 -9999.000 -9999.000 -9999.000 -9999.000 -9999.000 -9999.000 -9999.000 -9999.000 -9999.000 -9999.000 -9999.000 -9999.000 -9999.000 -9999.000 -9999.000 -9999.000 -9999.000 -9999.000 -9999.000 -9999.000 -9999.000 -9999.000 -9999.000
-9999.000 -9999.000 -9999.000 -9999.000 -9999.000 -9999.000 -9999.000 -9999.000 -9999.000 -9999.000 -9999.000 -9999.000 -9999.000 -9999.000 -9999.000 0.2115340E-02 0.5646751E-02 0.1042207E-01 0.1485529E-01 0.1878999E-01 0.2213930E-01 0.2480844E-01 0.2667779E-01 0.2759566E-01 0.2737469E-01 0.2578986E-01 0.2257746E-01 0.1743647E-01 0.1012838E-01 0.3896181E-02 0.3896181E-02 -9999.000 -9999.000 -9999.000 -9999.000 -9999.000 -9999.000 -9999.000 -9999.000 -9999.000 -9999.000 -9999.000 -9999.000 -9999.000 -9999.000 -9999.000 -9999.000 -9999.000 -9999.000 -9999.000 -9999.000 -9999.000 -9999.000 -9999.000 -9999.000 -9999.000 -9999.000 -9999.000
-9999.000 -9999.000 -9999.000 -9999.000 -9999.000 -9999.000 -9999.000 -9999.000 -9999.000 -9999.000 -9999.000 -9999.000 -9999.000 -9999.000 -9999.000 0.2896784E-02 0.7412672E-02 0.1334941E-01 0.1886044E-01 0.2375652E-01 0.2792220E-01 0.3123320E-01 0.3353799E-01 0.3465110E-01 0.3434977E-01 0.3237256E-01 0.2841771E-01 0.2214394E-01 0.1327694E-01 0.5397750E-02 0.5397750E-02 -9999.000 -9999.000 -9999.000 -9999.000 -9999.000 -9999.000 -9999.000 -9999.000 -9999.000 -9999.000 -9999.000 -9999.000 -9999.000 -9999.000 -9999.000 -9999.000 -9999.000 -9999.000 -9999.000 -9999.000 -9999.000 -9999.000 -9999.000 -9999.000 -9999.000 -9999.000 -9999.000
-9999.000 -9999.000 -9999.000 -9999.000 -9999.000 -9999.000 -9999.000 -9999.000 -9999.000 -9999.000 -9999.000 -9999.000 -9999.000 -9999.000 -9999.000 0.3678620E-02 0.9145174E-02 0.1617364E-01 0.2269877E-01 0.2850699E-01 0.3345984E-01 0.3740744E-01 0.4016884E-01 0.4152460E-01 0.4121324E-01 0.3892834E-01 0.3431606E-01 0.2697361E-01 0.1656057E-01 0.6978600E-02 0.6978600E-02 -9999.000 -9999.000 -9999.000 -9999.000 -9999.000 -9999.000 -9999.000 -9999.000 -9999.000 -9999.000 -9999.000 -9999.000 -9999.000 -9999.000 -9999.000 -9999.000 -9999.000 -9999.000 -9999.000 -9999.000 -9999.000 -9999.000 -9999.000 -9999.000 -9999.000 -9999.000 -9999.000
-9999.000 -9999.000 -9999.000 -9999.000 -9999.000 -9999.000 -9999.000 -9999.000 -9999.000 -9999.000 -9999.000 -9999.000 -9999.000 -9999.000 -9999.000 0.4501152E-02 0.1092512E-01 0.1901609E-01 0.2653119E-01 0.3324184E-01 0.3899046E-01 0.4360348E-01 0.4687035E-01 0.4853500E-01 0.4829063E-01 0.4577500E-01 0.4056483E-01 0.3217144E-01 0.2015260E-01 0.8724671E-02 0.8724671E-02 -9999.000 -9999.000 -9999.000 -9999.000 -9999.000 -9999.000 -9999.000 -9999.000 -9999.000 -9999.000 -9999.000 -9999.000 -9999.000 -9999.000 -9999.000 -9999.000 -9999.000 -9999.000 -9999.000 -9999.000 -9999.000 -9999.000 -9999.000 -9999.000 -9999.000 -9999.000 -9999.000
-9999.000 -9999.000 -9999.000 -9999.000 -9999.000 -9999.000 -9999.000 -9999.000 -9999.000 -9999.000 -9999.000 -9999.000 -9999.000 -9999.000 -9999.000 0.5401377E-02 0.1282563E-01 0.2198397E-01 0.3049706E-01 0.3813173E-01 0.4471495E-01 0.5005043E-01 0.5389638E-01 0.5595565E-01 0.5586762E-01 0.5320035E-01 0.4744048E-01 0.3798242E-01 0.2423576E-01 0.1072937E-01 0.1072937E-01 -9999.000 -9999.000 -9999.000 -9999.000 -9999.000 -9999.000 -9999.000 -9999.000 -9999.000 -9999.000 -9999.000 -9999.000 -9999.000 -9999.000 -9999.000 -9999.000 -9999.000 -9999.000 -9999.000 -9999.000 -9999.000 -9999.000 -9999.000 -9999.000 -9999.000 -9999.000 -9999.000
-9999.000 -9999.000 -9999.000 -9999.000 -9999.000 -9999.000 -9999.000 -9999.000 -9999.000 -9999.000 -9999.000 -9999.000 -9999.000 -9999.000 -9999.000 0.6413538E-02 0.1491367E-01 0.2517440E-01 0.3472225E-01 0.4333146E-01 0.5081701E-01 0.5696028E-01 0.6148637E-01 0.6405092E-01 0.6422964E-01 0.6150416E-01 0.5524473E-01 0.4468863E-01 0.2903310E-01 0.1311111E-01 0.1311111E-01 -9999.000 -9999.000 -9999.000 -9999.000 -9999.000 -9999.000 -9999.000 -9999.000 -9999.000 -9999.000 -9999.000 -9999.000 -9999.000 -9999.000 -9999.000 -9999.000 -9999.000 -9999.000 -9999.000 -9999.000 -9999.000 -9999.000 -9999.000 -9999.000 -9999.000 -9999.000 -9999.000
-9999.000 -9999.000 -9999.000 -9999.000 -9999.000 -9999.000 -9999.000 -9999.000 -9999.000 -9999.000 -9999.000 -9999.000 -9999.000 -9999.000 -9999.000 0.7569285E-02 0.1725187E-01 0.2868052E-01 0.3932926E-01 0.4899361E-01 0.5748075E-01 0.6455046E-01 0.6989197E-01 0.7310843E-01 0.7369916E-01 0.7103921E-01 0.6434891E-01 0.5265411E-01 0.3484877E-01 0.1603708E-01 0.1603708E-01 -9999.000 -9999.000 -9999.000 -9999.000 -9999.000 -9999.000 -9999.000 -9999.000 -9999.000 -9999.000 -9999.000 -9999.000 -9999.000 -9999.000 -9999.000 -9999.000 -9999.000 -9999.000 -9999.000 -9999.000 -9999.000 -9999.000 -9999.000 -9999.000 -9999.000 -9999.000 -9999.000
-9999.000 -9999.000 -9999.000 -9999.000 -9999.000 -9999.000 -9999.000 -9999.000 -9999.000 -9999.000 -9999.000 -9999.000 -9999.000 -9999.000 -9999.000 0.8898048E-02 0.1990030E-01 0.3259589E-01 0.4444542E-01 0.5528126E-01 0.6490797E-01 0.7306550E-01 0.7940558E-01 0.8347190E-01 0.8467489E-01 0.8225834E-01 0.7524966E-01 0.6238898E-01 0.4213252E-01 0.1976264E-01 0.1976264E-01 -9999.000 -9999.000 -9999.000 -9999.000 -9999.000 -9999.000 -9999.000 -9999.000 -9999.000 -9999.000 -9999.000 -9999.000 -9999.000 -9999.000 -9999.000 -9999.000 -9999.000 -9999.000 -9999.000 -9999.000 -9999.000 -9999.000 -9999.000 -9999.000 -9999.000 -9999.000 -9999.000
-9999.000 -9999.000 -9999.000 -9999.000 -9999.000 -9999.000 -9999.000 -9999.000 -9999.000 -9999.000 -9999.000 -9999.000 -9999.000 -9999.000 -9999.000 0.1042654E-01 0.2291802E-01 0.3701987E-01 0.5021257E-01 0.6238266E-01 0.7333870E-01 0.8280384E-01 0.9039255E-01 0.9558416E-01 0.9768689E-01 0.9578474E-01 0.8865772E-01 0.7465617E-01 0.5159541E-01 0.2470610E-01 0.2470610E-01 -9999.000 -9999.000 -9999.000 -9999.000 -9999.000 -9999.000 -9999.000 -9999.000 -9999.000 -9999.000 -9999.000 -9999.000 -9999.000 -9999.000 -9999.000 -9999.000 -9999.000 -9999.000 -9999.000 -9999.000 -9999.000 -9999.000 -9999.000 -9999.000 -9999.000 -9999.000 -9999.000
-9999.000 -9999.000 -9999.000 -9999.000 -9999.000 -9999.000 -9999.000 -9999.000 -9999.000 -9999.000 -9999.000 -9999.000 -9999.000 -9999.000 -9999.000 0.1218003E-01 0.2636659E-01 0.4206666E-01 0.5680344E-01 0.7053510E-01 0.8308315E-01 0.9416033E-01 0.1033475 0.1100584 0.1134882 0.1125323 0.1056552 0.9067395E-01 0.6444588E-01 0.3160512E-01 0.3160512E-01 -9999.000 -9999.000 -9999.000 -9999.000 -9999.000 -9999.000 -9999.000 -9999.000 -9999.000 -9999.000 -9999.000 -9999.000 -9999.000 -9999.000 -9999.000 -9999.000 -9999.000 -9999.000 -9999.000 -9999.000 -9999.000 -9999.000 -9999.000 -9999.000 -9999.000 -9999.000 -9999.000
-9999.000 -9999.000 -9999.000 -9999.000 -9999.000 -9999.000 -9999.000 -9999.000 -9999.000 -9999.000 -9999.000 -9999.000 -9999.000 -9999.000 -9999.000 0.1418621E-01 0.3032095E-01 0.4788691E-01 0.6445442E-01 0.8007000E-01 0.9458154E-01 0.1077034 0.1189932 0.1278070 0.1332263 0.1339350 0.1280097 0.1125400 0.8292522E-01 0.4188670E-01 0.4188670E-01 -9999.000 -9999.000 -9999.000 -9999.000 -9999.000 -9999.000 -9999.000 -9999.000 -9999.000 -9999.000 -9999.000 -9999.000 -9999.000 -9999.000 -9999.000 -9999.000 -9999.000 -9999.000 -9999.000 -9999.000 -9999.000 -9999.000 -9999.000 -9999.000 -9999.000 -9999.000 -9999.000
-9999.000 -9999.000 -9999.000 -9999.000 -9999.000 -9999.000 -9999.000 -9999.000 -9999.000 -9999.000 -9999.000 -9999.000 -9999.000 -9999.000 -9999.000 0.1660218E-01 0.3508337E-01 0.5495796E-01 0.7380386E-01 0.9177712E-01 0.1087778 0.1245517 0.1386658 0.1504533 0.1589145 0.1625385 0.1589709 0.1443532 0.1118462 0.5883177E-01 0.5883177E-01 -9999.000 -9999.000 -9999.000 -9999.000 -9999.000 -9999.000 -9999.000 -9999.000 -9999.000 -9999.000 -9999.000 -9999.000 -9999.000 -9999.000 -9999.000 -9999.000 -9999.000 -9999.000 -9999.000 -9999.000 -9999.000 -9999.000 -9999.000 -9999.000 -9999.000 -9999.000 -9999.000
-9999.000 -9999.000 -9999.000 -9999.000 -9999.000 -9999.000 -9999.000 -9999.000 -9999.000 -9999.000 -9999.000 -9999.000 -9999.000 -9999.000 -9999.000 0.3132670E-01 0.5599586E-01 0.8090515E-01 0.1028866 0.1228876 0.1413592 0.1584571 0.1740624 0.1877434 0.1986411 0.2052259 0.2047938 0.1923493 0.1576787 0.8173713E-01 0.8173713E-01 -9999.000 -9999.000 -9999.000 -9999.000 -9999.000 -9999.000 -9999.000 -9999.000 -9999.000 -9999.000 -9999.000 -9999.000 -9999.000 -9999.000 -9999.000 -9999.000 -9999.000 -9999.000 -9999.000 -9999.000 -9999.000 -9999.000 -9999.000 -9999.000 -9999.000 -9999.000 -9999.000
1.569715 1.569715 1.620848 1.653800 1.662793 1.662793 1.669289 1.677586 1.677586 1.652476 1.652476 1.352671 1.307031 1.256378 1.192215 1.192215 1.046129 0.9808647 0.9089842 0.8329996 0.7558420 0.6808260 0.6113781 0.5507290 0.5016934 0.4667262 0.4485416 0.4519678 0.4892276 0.5768310 0.5768310 1.452285 1.707344 1.816517 1.786645 1.786645 1.653585 1.653585 1.464465 1.464465 1.163160 0.8976107 0.8976107 0.8856386 0.8856386 0.9238638 0.9238638 0.9238638 0.9727696 0.9727696 1.015571 1.015571 1.051402 1.051402 1.096007 1.096007 1.123701 1.123701
1.583871 1.583871 1.640410 1.686975 1.703251 1.703251 1.717113 1.740201 1.740201 1.740070 1.740070 1.448049 1.411512 1.371803 1.328286 1.328286 1.268092 1.239146 1.201656 1.155343 1.100755 1.039292 0.9732491 0.9058918 0.8415796 0.7859512 0.7463518 0.7331060 0.7635026 0.8695920 0.8695920 1.429204 1.617740 1.739506 1.755545 1.755545 1.737616 1.737616 1.654867 1.654867 1.518191 1.184526 1.184526 1.175408 1.175408 1.223700 1.223700 1.223700 1.275863 1.275863 1.322445 1.322445 1.348402 1.348402 1.403205 1.403205 1.437032 1.437032
1.587151 1.587151 1.641832 1.687469 1.703720 1.703720 1.717665 1.741078 1.741078 1.745913 1.745913 1.453920 1.424723 1.394226 1.363204 1.363204 1.332099 1.320393 1.303519 1.280305 1.250214 1.213355 1.170570 1.123588 1.075265 1.029966 0.9942173 0.9780413 0.9982796 1.088723 1.088723 1.493194 1.660511 1.796640 1.826555 1.826555 1.832790 1.832790 1.778922 1.778922 1.705688 1.439713 1.439713 1.382091 1.382091 1.416158 1.416158 1.416158 1.464423 1.464423 1.505236 1.505236 1.536801 1.536801 1.576827 1.576827 1.605823 1.605823
1.589732 1.589732 1.642927 1.687678 1.703774 1.703774 1.717651 1.741048 1.741048 1.749164 1.749164 1.457381 1.433515 1.409493 1.386243 1.386243 1.369864 1.365465 1.357700 1.345756 1.329214 1.308002 1.282457 1.253496 1.222866 1.193513 1.170176 1.160571 1.178261 1.253061 1.253061 1.557567 1.703953 1.836636 1.866727 1.866727 1.876957 1.876957 1.842088 1.842088 1.805214 1.635927 1.635927 1.538205 1.538205 1.558360 1.558360 1.558360 1.599519 1.599519 1.635502 1.635502 1.664103 1.664103 1.696279 1.696279 1.721635 1.721635
1.591708 1.591708 1.643774 1.687864 1.703819 1.703819 1.717628 1.741005 1.741005 1.751643 1.751643 1.461949 1.442812 1.424469 1.407715 1.407715 1.403584 1.403636 1.400373 1.393593 1.383432 1.370220 1.354446 1.336865 1.318692 1.301918 1.289783 1.287718 1.305801 1.368680 1.368680 1.609599 1.733338 1.851555 1.875901 1.875901 1.882361 1.882361 1.865294 1.865294 1.851926 1.768482 1.768482 1.671787 1.671787 1.663491 1.663491 1.663491 1.696883 1.696883 1.728912 1.728912 1.755224 1.755224 1.782169 1.782169 1.804478 1.804478
1.593092 1.593092 1.644383 1.688013 1.703854 1.703854 1.717608 1.740968 1.740968 1.753525 1.753525 1.467198 1.452472 1.439427 1.428831 1.428831 1.437840 1.441980 1.441812 1.437672 1.430250 1.420418 1.409098 1.397267 1.386053 1.376953 1.372129 1.375040 1.392809 1.446699 1.446699 1.641590 1.744079 1.839146 1.855295 1.855295 1.861513 1.861513 1.866633 1.866633 1.870448 1.847643 1.847643 1.781589 1.781589 1.748921 1.748921 1.748921 1.771753 1.771753 1.798791 1.798791 1.822528 1.822528 1.845540 1.845540 1.864768 1.864768
1.593912 1.593912 1.644749 1.688111 1.703878 1.703878 1.717595 1.740943 1.740943 1.754943 1.754943 1.472722 1.462140 1.454097 1.449617 1.449617 1.473998 1.482564 1.485221 1.482780 1.476394 1.467439 1.457321 1.447386 1.438929 1.433284 1.431864 1.436210 1.450831 1.494751 1.494751 1.652940 1.733148 1.798806 1.809268 1.809268 1.826825 1.826825 1.857365 1.857365 1.874204 1.889657 1.889657 1.862094 1.862094 1.821896 1.821896 1.821896 1.832985 1.832985 1.853275 1.853275 1.873448 1.873448 1.892593 1.892593 1.908474 1.908474
1.594183 1.594183 1.644872 1.688145 1.703887 1.703887 1.717590 1.740934 1.740934 1.756008 1.756008 1.478265 1.471531 1.468163 1.469812 1.469812 1.512905 1.526364 1.531901 1.530808 1.524614 1.515146 1.504276 1.493761 1.485176 1.479898 1.478786 1.480812 1.487738 1.517655 1.517655 1.641070 1.695871 1.734519 1.747254 1.747254 1.788415 1.788415 1.842981 1.842981 1.869456 1.908547 1.908547 1.913251 1.913251 1.883111 1.883111 1.883111 1.885036 1.885036 1.897632 1.897632 1.912871 1.912871 1.927643 1.927643 1.939911 1.939911
1.593912 1.593912 1.644750 1.688111 1.703878 1.703878 1.717595 1.740943 1.740943 1.756803 1.756803 1.483709 1.480444 1.481336 1.488941 1.488941 1.555420 1.574132 1.582646 1.582752 1.576258 1.565377 1.552446 1.539666 1.528968 1.521918 1.518950 1.514284 1.506073 1.515722 1.515722 1.600715 1.628091 1.657178 1.681161 1.681161 1.751442 1.751442 1.825479 1.825479 1.859015 1.913325 1.913325 1.940890 1.940890 1.930857 1.930857 1.930857 1.928979 1.928979 1.934713 1.934713 1.944029 1.944029 1.953777 1.953777 1.961949 1.961949
1.593093 1.593093 1.644383 1.688013 1.703854 1.703854 1.717608 1.740968 1.740968 1.757389 1.757389 1.489059 1.488767 1.493389 1.506336 1.506336 1.603407 1.627289 1.638183 1.638988 1.631735 1.618854 1.602992 1.586754 1.572492 1.562125 1.555636 1.537645 1.501435 1.486462 1.486462 1.528527 1.533410 1.579110 1.618418 1.618418 1.716823 1.716823 1.805615 1.805615 1.844501 1.909337 1.909337 1.952263 1.952263 1.964419 1.964419 1.964419 1.964207 1.964207 1.965481 1.965481 1.968908 1.968908 1.973081 1.973081 1.976631 1.976631
1.591708 1.591708 1.643774 1.687864 1.703819 1.703819 1.717628 1.741005 1.741005 1.757812 1.757812 1.494469 1.496470 1.504262 1.521843 1.521843 1.658274 1.686308 1.699343 1.700258 1.691505 1.675806 1.656124 1.635449 1.616538 1.601658 1.589561 1.545031 1.462116 1.418839 1.418839 1.421537 1.428085 1.509394 1.558095 1.558095 1.685022 1.685022 1.785000 1.785000 1.828025 1.900399 1.900399 1.953551 1.953551 1.985204 1.985204 1.985204 1.990204 1.990204 1.989911 1.989911 1.988435 1.988435 1.986939 1.986939 1.985532 1.985532
