simulation_files/asc/Velocity__y_91.0.asc
NCOLS        79
NROWS        79
XLLCENTER         -1.500000
YLLCENTER         -4.800000
CELLSIZE           0.100
NODATA_VALUE     -9999.0
[rows 0 to 26 of 79, columns 0 to 58 of 79]
-9999.000 -9999.000 -9999.000 -9999.000 -9999.000 -9999.000 -9999.000 -9999.000 -9999.000 -9999.000 -9999.000 -9999.000 -9999.000 -9999.000 -9999.000 -0.1968889 -0.1957768 -0.1958952 -0.1960997 -0.1963095 -0.1965151 -0.1967239 -0.1969545 -0.1972396 -0.1976285 -0.1981945 -0.1990454 -0.2003438 -0.2022043 -0.2002416 -0.2002416 -9999.000 -9999.000 -9999.000 -9999.000 -9999.000 -9999.000 -9999.000 -9999.000 -9999.000 -9999.000 -9999.000 -9999.000 -9999.000 -9999.000 -9999.000 -9999.000 -9999.000 -9999.000 -9999.000 -9999.000 -9999.000 -9999.000 -9999.000 -9999.000 -9999.000 -9999.000 -9999.000 -9999.000
-9999.000 -9999.000 -9999.000 -9999.000 -9999.000 -9999.000 -9999.000 -9999.000 -9999.000 -9999.000 -9999.000 -9999.000 -9999.000 -9999.000 -9999.000 -0.1943830 -0.1919448 -0.1921577 -0.1925607 -0.1929801 -0.1933940 -0.1938189 -0.1942977 -0.1949054 -0.1957516 -0.1969942 -0.1988573 -0.2016640 -0.2056133 -0.2020870 -0.2020870 -9999.000 -9999.000 -9999.000 -9999.000 -9999.000 -9999.000 -9999.000 -9999.000 -9999.000 -9999.000 -9999.000 -9999.000 -9999.000 -9999.000 -9999.000 -9999.000 -9999.000 -9999.000 -9999.000 -9999.000 -9999.000 -9999.000 -9999.000 -9999.000 -9999.000 -9999.000 -9999.000 -9999.000
-9999.000 -9999.000 -9999.000 -9999.000 -9999.000 -9999.000 -9999.000 -9999.000 -9999.000 -9999.000 -9999.000 -9999.000 -9999.000 -9999.000 -9999.000 -0.1904399 -0.1865259 -0.1868647 -0.1875639 -0.1883325 -0.1891294 -0.1899813 -0.1909628 -0.1922024 -0.1938861 -0.1962705 -0.1997071 -0.2046796 -0.2114281 -0.2067221 -0.2067221 -9999.000 -9999.000 -9999.000 -9999.000 -9999.000 -9999.000 -9999.000 -9999.000 -9999.000 -9999.000 -9999.000 -9999.000 -9999.000 -9999.000 -9999.000 -9999.000 -9999.000 -9999.000 -9999.000 -9999.000 -9999.000 -9999.000 -9999.000 -9999.000 -9999.000 -9999.000 -9999.000 -9999.000
-9999.000 -9999.000 -9999.000 -9999.000 -9999.000 -9999.000 -9999.000 -9999.000 -9999.000 -9999.000 -9999.000 -9999.000 -9999.000 -9999.000 -9999.000 -0.1855154 -0.1801730 -0.1806861 -0.1817590 -0.1829778 -0.1842825 -0.1857091 -0.1873662 -0.1894373 -0.1921870 -0.1959751 -0.2012868 -0.2087793 -0.2187531 -0.2135015 -0.2135015 -9999.000 -9999.000 -9999.000 -9999.000 -9999.000 -9999.000 -9999.000 -9999.000 -9999.000 -9999.000 -9999.000 -9999.000 -9999.000 -9999.000 -9999.000 -9999.000 -9999.000 -9999.000 -9999.000 -9999.000 -9999.000 -9999.000 -9999.000 -9999.000 -9999.000 -9999.000 -9999.000 -9999.000
-9999.000 -9999.000 -9999.000 -9999.000 -9999.000 -9999.000 -9999.000 -9999.000 -9999.000 -9999.000 -9999.000 -9999.000 -9999.000 -9999.000 -9999.000 -0.1797095 -0.1730123 -0.1737451 -0.1752587 -0.1770125 -0.1789254 -0.1810437 -0.1835109 -0.1865701 -0.1905711 -0.1959871 -0.2034515 -0.2138199 -0.2274890 -0.2223933 -0.2223933 -9999.000 -9999.000 -9999.000 -9999.000 -9999.000 -9999.000 -9999.000 -9999.000 -9999.000 -9999.000 -9999.000 -9999.000 -9999.000 -9999.000 -9999.000 -9999.000 -9999.000 -9999.000 -9999.000 -9999.000 -9999.000 -9999.000 -9999.000 -9999.000 -9999.000 -9999.000 -9999.000 -9999.000
-9999.000 -9999.000 -9999.000 -9999.000 -9999.000 -9999.000 -9999.000 -9999.000 -9999.000 -9999.000 -9999.000 -9999.000 -9999.000 -9999.000 -9999.000 -0.1730651 -0.1651215 -0.1661159 -0.1681252 -0.1704815 -0.1730813 -0.1759822 -0.1793661 -0.1835420 -0.1889550 -0.1962067 -0.2061023 -0.2197305 -0.2376408 -0.2335287 -0.2335287 -9999.000 -9999.000 -9999.000 -9999.000 -9999.000 -9999.000 -9999.000 -9999.000 -9999.000 -9999.000 -9999.000 -9999.000 -9999.000 -9999.000 -9999.000 -9999.000 -9999.000 -9999.000 -9999.000 -9999.000 -9999.000 -9999.000 -9999.000 -9999.000 -9999.000 -9999.000 -9999.000 -9999.000
-9999.000 -9999.000 -9999.000 -9999.000 -9999.000 -9999.000 -9999.000 -9999.000 -9999.000 -9999.000 -9999.000 -9999.000 -9999.000 -9999.000 -9999.000 -0.1655720 -0.1565349 -0.1578316 -0.1603811 -0.1633923 -0.1667399 -0.1704939 -0.1748797 -0.1802814 -0.1872531 -0.1965457 -0.2091666 -0.2264872 -0.2492937 -0.2471886 -0.2471886 -9999.000 -9999.000 -9999.000 -9999.000 -9999.000 -9999.000 -9999.000 -9999.000 -9999.000 -9999.000 -9999.000 -9999.000 -9999.000 -9999.000 -9999.000 -9999.000 -9999.000 -9999.000 -9999.000 -9999.000 -9999.000 -9999.000 -9999.000 -9999.000 -9999.000 -9999.000 -9999.000 -9999.000
-9999.000 -9999.000 -9999.000 -9999.000 -9999.000 -9999.000 -9999.000 -9999.000 -9999.000 -9999.000 -9999.000 -9999.000 -9999.000 -9999.000 -9999.000 -0.1571744 -0.1472514 -0.1488920 -0.1520176 -0.1557238 -0.1598641 -0.1645245 -0.1699802 -0.1767018 -0.1853707 -0.1969142 -0.2125828 -0.2340965 -0.2626026 -0.2638236 -0.2638236 -9999.000 -9999.000 -9999.000 -9999.000 -9999.000 -9999.000 -9999.000 -9999.000 -9999.000 -9999.000 -9999.000 -9999.000 -9999.000 -9999.000 -9999.000 -9999.000 -9999.000 -9999.000 -9999.000 -9999.000 -9999.000 -9999.000 -9999.000 -9999.000 -9999.000 -9999.000 -9999.000 -9999.000
-9999.000 -9999.000 -9999.000 -9999.000 -9999.000 -9999.000 -9999.000 -9999.000 -9999.000 -9999.000 -9999.000 -9999.000 -9999.000 -9999.000 -9999.000 -0.1477764 -0.1372386 -0.1392678 -0.1429978 -0.1474273 -0.1523913 -0.1579952 -0.1645724 -0.1726945 -0.1831935 -0.1972070 -0.2162831 -0.2425810 -0.2777903 -0.2841075 -0.2841075 -9999.000 -9999.000 -9999.000 -9999.000 -9999.000 -9999.000 -9999.000 -9999.000 -9999.000 -9999.000 -9999.000 -9999.000 -9999.000 -9999.000 -9999.000 -9999.000 -9999.000 -9999.000 -9999.000 -9999.000 -9999.000 -9999.000 -9999.000 -9999.000 -9999.000 -9999.000 -9999.000 -9999.000
-9999.000 -9999.000 -9999.000 -9999.000 -9999.000 -9999.000 -9999.000 -9999.000 -9999.000 -9999.000 -9999.000 -9999.000 -9999.000 -9999.000 -9999.000 -0.1372450 -0.1264345 -0.1289006 -0.1332561 -0.1384257 -0.1442296 -0.1507967 -0.1585290 -0.1681172 -0.1805719 -0.1972855 -0.2201749 -0.2519639 -0.2951502 -0.3090400 -0.3090400 -9999.000 -9999.000 -9999.000 -9999.000 -9999.000 -9999.000 -9999.000 -9999.000 -9999.000 -9999.000 -9999.000 -9999.000 -9999.000 -9999.000 -9999.000 -9999.000 -9999.000 -9999.000 -9999.000 -9999.000 -9999.000 -9999.000 -9999.000 -9999.000 -9999.000 -9999.000 -9999.000 -9999.000
-9999.000 -9999.000 -9999.000 -9999.000 -9999.000 -9999.000 -9999.000 -9999.000 -9999.000 -9999.000 -9999.000 -9999.000 -9999.000 -9999.000 -9999.000 -0.1254087 -0.1147434 -0.1176989 -0.1226926 -0.1286059 -0.1352481 -0.1427774 -0.1516759 -0.1627752 -0.1772988 -0.1969506 -0.2241111 -0.2622434 -0.3150508 -0.3401393 -0.3401393 -9999.000 -9999.000 -9999.000 -9999.000 -9999.000 -9999.000 -9999.000 -9999.000 -9999.000 -9999.000 -9999.000 -9999.000 -9999.000 -9999.000 -9999.000 -9999.000 -9999.000 -9999.000 -9999.000 -9999.000 -9999.000 -9999.000 -9999.000 -9999.000 -9999.000 -9999.000 -9999.000 -9999.000
-9999.000 -9999.000 -9999.000 -9999.000 -9999.000 -9999.000 -9999.000 -9999.000 -9999.000 -9999.000 -9999.000 -9999.000 -9999.000 -9999.000 -9999.000 -0.1120521 -0.1020284 -0.1055279 -0.1111617 -0.1178054 -0.1252616 -0.1337237 -0.1437674 -0.1563904 -0.1730717 -0.1958975 -0.2278384 -0.2733440 -0.3379264 -0.3798108 -0.3798108 -9999.000 -9999.000 -9999.000 -9999.000 -9999.000 -9999.000 -9999.000 -9999.000 -9999.000 -9999.000 -9999.000 -9999.000 -9999.000 -9999.000 -9999.000 -9999.000 -9999.000 -9999.000 -9999.000 -9999.000 -9999.000 -9999.000 -9999.000 -9999.000 -9999.000 -9999.000 -9999.000 -9999.000
-9999.000 -9999.000 -9999.000 -9999.000 -9999.000 -9999.000 -9999.000 -9999.000 -9999.000 -9999.000 -9999.000 -9999.000 -9999.000 -9999.000 -9999.000 -0.9690096E-01 -0.8809414E-01 -0.9218992E-01 -0.9845018E-01 -0.1057870 -0.1140004 -0.1233241 -0.1344427 -0.1485481 -0.1674256 -0.1936319 -0.2308959 -0.2850061 -0.3642187 -0.4321086 -0.4321086 -9999.000 -9999.000 -9999.000 -9999.000 -9999.000 -9999.000 -9999.000 -9999.000 -9999.000 -9999.000 -9999.000 -9999.000 -9999.000 -9999.000 -9999.000 -9999.000 -9999.000 -9999.000 -9999.000 -9999.000 -9999.000 -9999.000 -9999.000 -9999.000 -9999.000 -9999.000 -9999.000 -9999.000
-9999.000 -9999.000 -9999.000 -9999.000 -9999.000 -9999.000 -9999.000 -9999.000 -9999.000 -9999.000 -9999.000 -9999.000 -9999.000 -9999.000 -9999.000 -0.7952730E-01 -0.7261573E-01 -0.7736101E-01 -0.8422104E-01 -0.9218764E-01 -0.1010594 -0.1111139 -0.1231581 -0.1386091 -0.1596141 -0.1893068 -0.2323919 -0.2965040 -0.3941251 -0.5045266 -0.5045266 -9999.000 -9999.000 -9999.000 -9999.000 -9999.000 -9999.000 -9999.000 -9999.000 -9999.000 -9999.000 -9999.000 -9999.000 -9999.000 -9999.000 -9999.000 -9999.000 -9999.000 -9999.000 -9999.000 -9999.000 -9999.000 -9999.000 -9999.000 -9999.000 -9999.000 -9999.000 -9999.000 -9999.000
-9999.000 -9999.000 -9999.000 -9999.000 -9999.000 -9999.000 -9999.000 -9999.000 -9999.000 -9999.000 -9999.000 -9999.000 -9999.000 -9999.000 -9999.000 -0.5315718E-01 -0.5269552E-01 -0.5944280E-01 -0.6774085E-01 -0.7683447E-01 -0.8660355E-01 -0.9742917E-01 -0.1102908 -0.1268794 -0.1497719 -0.1828009 -0.2319200 -0.3073008 -0.4278745 -0.6119001 -0.6119001 -9999.000 -9999.000 -9999.000 -9999.000 -9999.000 -9999.000 -9999.000 -9999.000 -9999.000 -9999.000 -9999.000 -9999.000 -9999.000 -9999.000 -9999.000 -9999.000 -9999.000 -9999.000 -9999.000 -9999.000 -9999.000 -9999.000 -9999.000 -9999.000 -9999.000 -9999.000 -9999.000 -9999.000
-0.2818076E-02 -0.2818076E-02 -0.3941953E-02 -0.4510059E-02 -0.4548886E-02 -0.4548886E-02 -0.4552906E-02 -0.4543555E-02 -0.4543555E-02 -0.4531185E-02 -0.4531185E-02 -0.4510807E-02 -0.4496923E-02 -0.4480589E-02 -0.2886421E-01 -0.2886421E-01 -0.6239635E-01 -0.7490328E-01 -0.8864590E-01 -0.1028420 -0.1169041 -0.1306906 -0.1446844 -0.1601805 -0.1795436 -0.2066343 -0.2476241 -0.3128015 -0.4203400 -0.6394759 -0.6394759 -0.3723598 -0.2073546 -0.3910416E-01 -0.7502491E-02 -0.7502491E-02 0.1397939E-01 0.1397939E-01 0.2785953E-02 0.2785953E-02 -0.2713566E-01 -0.9657963E-02 -0.9657963E-02 0.5539707E-02 0.5539707E-02 0.1050485E-01 0.1050485E-01 0.1050485E-01 0.9150369E-02 0.9150369E-02 0.7039586E-02 0.7039586E-02 0.6303417E-02 0.6303417E-02 0.3861449E-02 0.3861449E-02 0.2320769E-02 0.2320769E-02 0.2320769E-02
-0.4259274E-02 -0.4259274E-02 -0.5815180E-02 -0.6437847E-02 -0.6437033E-02 -0.6437033E-02 -0.6413455E-02 -0.6394145E-02 -0.6394145E-02 -0.6397494E-02 -0.6397494E-02 -0.6389178E-02 -0.6377380E-02 -0.6360920E-02 -0.4373635E-01 -0.4373635E-01 -0.9505204E-01 -0.1144140 -0.1365174 -0.1598154 -0.1829417 -0.2048818 -0.2251208 -0.2438241 -0.2620703 -0.2821605 -0.3080272 -0.3457640 -0.4035560 -0.4972906 -0.4972906 -0.3198391 -0.1910740 -0.4222588E-01 -0.5242301E-02 -0.5242301E-02 0.3577132E-01 0.3577132E-01 0.3847880E-01 0.3847880E-01 -0.8410377E-02 -0.1276746E-01 -0.1276746E-01 0.1418446E-01 0.1418446E-01 0.2268395E-01 0.2268395E-01 0.2268395E-01 0.1935814E-01 0.1935814E-01 0.1486661E-01 0.1486661E-01 0.1022848E-01 0.1022848E-01 0.7998866E-02 0.7998866E-02 0.5458092E-02 0.5458092E-02 0.5458092E-02
-0.3392338E-02 -0.3392338E-02 -0.4847255E-02 -0.5469758E-02 -0.5449524E-02 -0.5449524E-02 -0.5410182E-02 -0.5391464E-02 -0.5391464E-02 -0.5422264E-02 -0.5422264E-02 -0.5441410E-02 -0.5440333E-02 -0.5432803E-02 -0.3431384E-01 -0.3431384E-01 -0.1033615 -0.1271486 -0.1551939 -0.1858586 -0.2175820 -0.2489860 -0.2789782 -0.3068899 -0.3326227 -0.3568045 -0.3809420 -0.4074880 -0.4390988 -0.4774458 -0.4774458 -0.3706300 -0.2703927 -0.1169263 -0.5843196E-01 -0.5843196E-01 0.3910559E-01 0.3910559E-01 0.9982952E-01 0.9982952E-01 0.7354021E-01 0.1365889E-01 0.1365889E-01 0.2583070E-01 0.2583070E-01 0.3241915E-01 0.3241915E-01 0.3241915E-01 0.2727382E-01 0.2727382E-01 0.2052480E-01 0.2052480E-01 0.1172957E-01 0.1172957E-01 0.9629037E-02 0.9629037E-02 0.6873049E-02 0.6873049E-02 0.6873049E-02
-0.2605375E-02 -0.2605375E-02 -0.3863595E-02 -0.4424083E-02 -0.4386492E-02 -0.4386492E-02 -0.4333748E-02 -0.4304848E-02 -0.4304848E-02 -0.4339317E-02 -0.4339317E-02 -0.4363294E-02 -0.4363595E-02 -0.4357034E-02 -0.2381405E-01 -0.2381405E-01 -0.1047434 -0.1315883 -0.1633298 -0.1985626 -0.2358500 -0.2738223 -0.3112244 -0.3470076 -0.3804297 -0.4111381 -0.4391913 -0.4648775 -0.4877067 -0.5043768 -0.5043768 -0.4330526 -0.3513432 -0.1949805 -0.1190567 -0.1190567 0.2911801E-01 0.2911801E-01 0.1403672 0.1403672 0.1470854 0.7388834E-01 0.7388834E-01 0.4510540E-01 0.4510540E-01 0.3764476E-01 0.3764476E-01 0.3764476E-01 0.2982031E-01 0.2982031E-01 0.2096480E-01 0.2096480E-01 0.1096892E-01 0.1096892E-01 0.6846930E-02 0.6846930E-02 0.4217594E-02 0.4217594E-02 0.4217594E-02
-0.1892086E-02 -0.1892086E-02 -0.2886813E-02 -0.3347576E-02 -0.3305585E-02 -0.3305585E-02 -0.3252075E-02 -0.3221712E-02 -0.3221712E-02 -0.3254287E-02 -0.3254287E-02 -0.3277846E-02 -0.3278563E-02 -0.3273045E-02 -0.1603487E-01 -0.1603487E-01 -0.1041462 -0.1342830 -0.1691739 -0.2078295 -0.2490079 -0.2914579 -0.3339546 -0.3753548 -0.4146577 -0.4510452 -0.4838552 -0.5123237 -0.5345474 -0.5449499 -0.5449499 -0.4918922 -0.4216058 -0.2572271 -0.1650812 -0.1650812 0.1945134E-01 0.1945134E-01 0.1569322 0.1569322 0.1858052 0.1386909 0.1386909 0.7561181E-01 0.7561181E-01 0.4266503E-01 0.4266503E-01 0.4266503E-01 0.2952486E-01 0.2952486E-01 0.1804794E-01 0.1804794E-01 0.7145924E-02 0.7145924E-02 0.1690010E-02 0.1690010E-02 -0.5086359E-03 -0.5086359E-03 -0.5086359E-03
-0.1233132E-02 -0.1233132E-02 -0.1917867E-02 -0.2246087E-02 -0.2211175E-02 -0.2211175E-02 -0.2168538E-02 -0.2144133E-02 -0.2144133E-02 -0.2169528E-02 -0.2169528E-02 -0.2188058E-02 -0.2188712E-02 -0.2184646E-02 -0.1042763E-01 -0.1042763E-01 -0.1022008 -0.1369795 -0.1753714 -0.2173279 -0.2619028 -0.3079713 -0.3543544 -0.3998933 -0.4435063 -0.4842153 -0.5211067 -0.5530455 -0.5774385 -0.5864267 -0.5864267 -0.5414166 -0.4744776 -0.2914880 -0.1848620 -0.1848620 0.1548914E-01 0.1548914E-01 0.1552414 0.1552414 0.1931301 0.1821908 0.1821908 0.1116432 0.1116432 0.4998356E-01 0.4998356E-01 0.4998356E-01 0.2878985E-01 0.2878985E-01 0.1364430E-01 0.1364430E-01 0.1692017E-02 0.1692017E-02 -0.4462183E-02 -0.4462183E-02 -0.5989172E-02 -0.5989172E-02 -0.5989172E-02
-0.6086023E-03 -0.6086023E-03 -0.9564455E-03 -0.1127407E-02 -0.1107766E-02 -0.1107766E-02 -0.1084414E-02 -0.1070985E-02 -0.1070985E-02 -0.1084820E-02 -0.1084820E-02 -0.1094853E-02 -0.1095258E-02 -0.1093112E-02 -0.6364605E-02 -0.6364605E-02 -0.9765765E-01 -0.1399930 -0.1828398 -0.2285532 -0.2766773 -0.3262346 -0.3760973 -0.4251051 -0.4721440 -0.5161941 -0.5563043 -0.5912524 -0.6173961 -0.6237087 -0.6237087 -0.5786326 -0.5042039 -0.2933034 -0.1792772 -0.1792772 0.1397367E-01 0.1397367E-01 0.1413355 0.1413355 0.1803732 0.1968604 0.1968604 0.1422954 0.1422954 0.6037159E-01 0.6037159E-01 0.6037159E-01 0.2937542E-01 0.2937542E-01 0.9312490E-02 0.9312490E-02 -0.4163279E-02 -0.4163279E-02 -0.1067395E-01 -0.1067395E-01 -0.1134690E-01 -0.1134690E-01 -0.1134690E-01
-0.1349274E-07 -0.1349274E-07 -0.4313938E-07 -0.1010004E-06 -0.6470121E-07 -0.6470121E-07 -0.9016835E-07 -0.4646920E-07 -0.4646920E-07 0.5268935E-07 0.5268935E-07 0.1170393E-06 0.1862450E-06 0.1813353E-06 -0.3349197E-02 -0.3349197E-02 -0.9070002E-01 -0.1430725 -0.1922093 -0.2426919 -0.2948848 -0.3480998 -0.4013495 -0.4535376 -0.5035612 -0.5503843 -0.5930446 -0.6301569 -0.6562083 -0.6546394 -0.6546394 -0.5973834 -0.5035517 -0.2688844 -0.1592754 -0.1592754 0.1040422E-01 0.1040422E-01 0.1204536 0.1204536 0.1572315 0.1889601 0.1889601 0.1586050 0.1586050 0.7199426E-01 0.7199426E-01 0.7199426E-01 0.3190091E-01 0.3190091E-01 0.6221408E-02 0.6221408E-02 -0.9326389E-02 -0.9326389E-02 -0.1611205E-01 -0.1611205E-01 -0.1585602E-01 -0.1585602E-01 -0.1585602E-01
0.6085641E-03 0.6085641E-03 0.9563300E-03 0.1127218E-02 0.1107727E-02 0.1107727E-02 0.1084259E-02 0.1070961E-02 0.1070961E-02 0.1084916E-02 0.1084916E-02 0.1094945E-02 0.1095444E-02 0.1093369E-02 -0.1024972E-02 -0.1024972E-02 -0.8434224E-01 -0.1466102 -0.2044172 -0.2611821 -0.3181776 -0.3753045 -0.4319130 -0.4870901 -0.5398047 -0.5890229 -0.6337647 -0.6722323 -0.6945207 -0.6735939 -0.6735939 -0.5882006 -0.4698597 -0.2329897 -0.1371271 -0.1371271 0.3877496E-02 0.3877496E-02 0.9705102E-01 0.9705102E-01 0.1302184 0.1678928 0.1678928 0.1583134 0.1583134 0.8127356E-01 0.8127356E-01 0.8127356E-01 0.3561951E-01 0.3561951E-01 0.4923720E-02 0.4923720E-02 -0.1289278E-01 -0.1289278E-01 -0.1997297E-01 -0.1997297E-01 -0.1886391E-01 -0.1886391E-01 -0.1886391E-01
0.1233057E-02 0.1233057E-02 0.1917791E-02 0.2246008E-02 0.2211089E-02 0.2211089E-02 0.2168473E-02 0.2144135E-02 0.2144135E-02 0.2169635E-02 0.2169635E-02 0.2188044E-02 0.2188723E-02 0.2184844E-02 0.8510847E-03 0.8510847E-03 -0.8235043E-01 -0.1530449 -0.2210544 -0.2857790 -0.3485342 -0.4099002 -0.4697937 -0.5276787 -0.5827237 -0.6339595 -0.6803753 -0.7189864 -0.7287930 -0.6684186 -0.6684186 -0.5462462 -0.4139090 -0.1981684 -0.1180941 -0.1180941 -0.3390000E-02 -0.3390000E-02 0.7431921E-01 0.7431921E-01 0.1031277 0.1407271 0.1407271 0.1445614 0.1445614 0.8478395E-01 0.8478395E-01 0.8478395E-01 0.3879722E-01 0.3879722E-01 0.5257763E-02 0.5257763E-02 -0.1427532E-01 -0.1427532E-01 -0.2157342E-01 -0.2157342E-01 -0.1983416E-01 -0.1983416E-01 -0.1983416E-01
0.1892011E-02 0.1892011E-02 0.2886750E-02 0.3347562E-02 0.3305537E-02 0.3305537E-02 0.3252065E-02 0.3221596E-02 0.3221596E-02 0.3254369E-02 0.3254369E-02 0.3277830E-02 0.3278501E-02 0.3273132E-02 0.2439883E-02 0.2439883E-02 -0.8891806E-01 -0.1670696 -0.2454731 -0.3192885 -0.3886700 -0.4545578 -0.5175357 -0.5776443 -0.6344343 -0.6871192 -0.7346473 -0.7704590 -0.7458141 -0.6283281 -0.6283281 -0.4821464 -0.3530001 -0.1679677 -0.1028079 -0.1028079 -0.8902323E-02 -0.8902323E-02 0.5405155E-01 0.5405155E-01 0.7790291E-01 0.1116976 0.1116976 0.1221843 0.1221843 0.8079584E-01 0.8079584E-01 0.8079584E-01 0.3954870E-01 0.3954870E-01 0.6510868E-02 0.6510868E-02 -0.1329800E-01 -0.1329800E-01 -0.2047288E-01 -0.2047288E-01 -0.1841571E-01 -0.1841571E-01 -0.1841571E-01
0.2605408E-02 0.2605408E-02 0.3863537E-02 0.4424060E-02 0.4386618E-02 0.4386618E-02 0.4333693E-02 0.4304641E-02 0.4304641E-02 0.4339302E-02 0.4339302E-02 0.4363331E-02 0.4363575E-02 0.4357169E-02 0.3846366E-02 0.3846366E-02 -0.1094725 -0.1959129 -0.2839272 -0.3666831 -0.4427998 -0.5130700 -0.5786083 -0.6401218 -0.6977113 -0.7509280 -0.7985746 -0.8221127 -0.7216641 -0.5662141 -0.5662141 -0.4127274 -0.2936130 -0.1390099 -0.8754120E-01 -0.8754120E-01 -0.1175375E-01 -0.1175375E-01 0.3679048E-01 0.3679048E-01 0.5523879E-01 0.8298814E-01 0.8298814E-01 0.9523401E-01 0.9523401E-01 0.6953170E-01 0.6953170E-01 0.6953170E-01 0.3662586E-01 0.3662586E-01 0.7782360E-02 0.7782360E-02 -0.1016998E-01 -0.1016998E-01 -0.1657460E-01 -0.1657460E-01 -0.1453228E-01 -0.1453228E-01 -0.1453228E-01
