simulation_files/asc/Velocity__x_38.0.asc
NCOLS        79
NROWS        79
XLLCENTER         -1.500000
YLLCENTER         -4.800000
CELLSIZE           0.100
NODATA_VALUE     -9999.0
[rows 0 to 25 of 79, columns 0 to 57 of 79]
-9999.000 -9999.000 -9999.000 -9999.000 -9999.000 -9999.000 -9999.000 -9999.000 -9999.000 -9999.000 -9999.000 -9999.000 -9999.000 -9999.000 -9999.000 0.6741988E-03 0.2149658E-02 0.4277774E-02 0.6170881E-02 0.7745500E-02 0.8980215E-02 0.9854652E-02 0.1034151E-01 0.1040440E-01 0.9994883E-02 0.9045986E-02 0.7460194E-02 0.5091645E-02 0.1785476E-02 -0.7698417E-04 -0.7698417E-04 -9999.000 -9999.000 -9999.000 -9999.000 -9999.000 -9999.000 -9999.000 -9999.000 -9999.000 -9999.000 -9999.000 -9999.000 -9999.000 -9999.000 -9999.000 -9999.000 -9999.000 -9999.000 -9999.000 -9999.000 -9999.000 -9999.000 -9999.000 -9999.000 -9999.000 -9999.000 -9999.000
-9999.000 -9999.000 -9999.000 -9999.000 -9999.000 -9999.000 -9999.000 -9999.000 -9999.000 -9999.000 -9999.000 -9999.000 -9999.000 -9999.000 -9999.000 0.1556629E-02 0.4323713E-02 0.8094429E-02 0.1151189E-01 0.1440353E-01 0.1668609E-01 0.1829247E-01 0.1915671E-01 0.1920982E-01 0.1837781E-01 0.1658067E-01 0.1373316E-01 0.9752638E-02 0.4649038E-02 0.1175118E-02 0.1175118E-02 -9999.000 -9999.000 -9999.000 -9999.000 -9999.000 -9999.000 -9999.000 -9999.000 -9999.000 -9999.000 -9999.000 -9999.000 -9999.000 -9999.000 -9999.000 -9999.000 -9999.000 -9999.000 -9999.000 -9999.000 -9999.000 -9999.000 -9999.000 -9999.000 -9999.000 -9999.000 -9999.000
-9999.000 -9999.000 -9999.000 -9999.000 -9999.000 -9999.000 -9999.000 -9999.000 -9999.000 -9999.000 -9999.000 -9999.000 -9999.000 -9999.000 -9999.000 0.2395242E-02 0.6367477E-02 0.1167074E-01 0.1649140E-01 0.2059119E-01 0.2383943E-01 0.2612877E-01 0.2735893E-01 0.2743312E-01 0.2625757E-01 0.2374275E-01 0.1980744E-01 0.1438900E-01 0.7545812E-02 0.2473588E-02 0.2473588E-02 -9999.000 -9999.000 -9999.000 -9999.000 -9999.000 -9999.000 -9999.000 -9999.000 -9999.000 -9999.000 -9999.000 -9999.000 -9999.000 -9999.000 -9999.000 -9999.000 -9999.000 -9999.000 -9999.000 -9999.000 -9999.000 -9999.000 -9999.000 -9999.000 -9999.000 -9999.000 -9999.000
-9999.000 -9999.000 -9999.000 -9999.000 -9999.000 -9999.000 -9999.000 -9999.000 -9999.000 -9999.000 -9999.000 -9999.000 -9999.000 -9999.000 -9999.000 0.3231043E-02 0.8374460E-02 0.1514724E-01 0.2131385E-01 0.2657804E-01 0.3076773E-01 0.3373891E-01 0.3535881E-01 0.3550227E-01 0.3405251E-01 0.3090303E-01 0.2596219E-01 0.1916458E-01 0.1058640E-01 0.3859477E-02 0.3859477E-02 -9999.000 -9999.000 -9999.000 -9999.000 -9999.000 -9999.000 -9999.000 -9999.000 -9999.000 -9999.000 -9999.000 -9999.000 -9999.000 -9999.000 -9999.000 -9999.000 -9999.000 -9999.000 -9999.000 -9999.000 -9999.000 -9999.000 -9999.000 -9999.000 -9999.000 -9999.000 -9999.000
-9999.000 -9999.000 -9999.000 -9999.000 -9999.000 -9999.000 -9999.000 -9999.000 -9999.000 -9999.000 -9999.000 -9999.000 -9999.000 -9999.000 -9999.000 0.4112089E-02 0.1043875E-01 0.1865859E-01 0.2615621E-01 0.3258359E-01 0.3773002E-01 0.4141558E-01 0.4347311E-01 0.4374523E-01 0.4208506E-01 0.3835858E-01 0.3244934E-01 0.2427027E-01 0.1389453E-01 0.5388147E-02 0.5388147E-02 -9999.000 -9999.000 -9999.000 -9999.000 -9999.000 -9999.000 -9999.000 -9999.000 -9999.000 -9999.000 -9999.000 -9999.000 -9999.000 -9999.000 -9999.000 -9999.000 -9999.000 -9999.000 -9999.000 -9999.000 -9999.000 -9999.000 -9999.000 -9999.000 -9999.000 -9999.000 -9999.000
-9999.000 -9999.000 -9999.000 -9999.000 -9999.000 -9999.000 -9999.000 -9999.000 -9999.000 -9999.000 -9999.000 -9999.000 -9999.000 -9999.000 -9999.000 0.5088948E-02 0.1265347E-01 0.2233062E-01 0.3117493E-01 0.3879530E-01 0.4494365E-01 0.4940263E-01 0.5196678E-01 0.5243996E-01 0.5063569E-01 0.4637937E-01 0.3951282E-01 0.2990704E-01 0.1760741E-01 0.7124443E-02 0.7124443E-02 -9999.000 -9999.000 -9999.000 -9999.000 -9999.000 -9999.000 -9999.000 -9999.000 -9999.000 -9999.000 -9999.000 -9999.000 -9999.000 -9999.000 -9999.000 -9999.000 -9999.000 -9999.000 -9999.000 -9999.000 -9999.000 -9999.000 -9999.000 -9999.000 -9999.000 -9999.000 -9999.000
-9999.000 -9999.000 -9999.000 -9999.000 -9999.000 -9999.000 -9999.000 -9999.000 -9999.000 -9999.000 -9999.000 -9999.000 -9999.000 -9999.000 -9999.000 0.6213749E-02 0.1511167E-01 0.2628357E-01 0.3651483E-01 0.4538309E-01 0.5260435E-01 0.5792084E-01 0.6108343E-01 0.6184844E-01 0.5997773E-01 0.5523989E-01 0.4741374E-01 0.3630148E-01 0.2188739E-01 0.9147705E-02 0.9147705E-02 -9999.000 -9999.000 -9999.000 -9999.000 -9999.000 -9999.000 -9999.000 -9999.000 -9999.000 -9999.000 -9999.000 -9999.000 -9999.000 -9999.000 -9999.000 -9999.000 -9999.000 -9999.000 -9999.000 -9999.000 -9999.000 -9999.000 -9999.000 -9999.000 -9999.000 -9999.000 -9999.000
-9999.000 -9999.000 -9999.000 -9999.000 -9999.000 -9999.000 -9999.000 -9999.000 -9999.000 -9999.000 -9999.000 -9999.000 -9999.000 -9999.000 -9999.000 0.7540130E-02 0.1790759E-01 0.3063680E-01 0.4231688E-01 0.5251137E-01 0.6090188E-01 0.6718726E-01 0.7106778E-01 0.7224197E-01 0.7040503E-01 0.6524766E-01 0.5645750E-01 0.4373117E-01 0.2694313E-01 0.1156324E-01 0.1156324E-01 -9999.000 -9999.000 -9999.000 -9999.000 -9999.000 -9999.000 -9999.000 -9999.000 -9999.000 -9999.000 -9999.000 -9999.000 -9999.000 -9999.000 -9999.000 -9999.000 -9999.000 -9999.000 -9999.000 -9999.000 -9999.000 -9999.000 -9999.000 -9999.000 -9999.000 -9999.000 -9999.000
-9999.000 -9999.000 -9999.000 -9999.000 -9999.000 -9999.000 -9999.000 -9999.000 -9999.000 -9999.000 -9999.000 -9999.000 -9999.000 -9999.000 -9999.000 0.9121306E-02 0.2113508E-01 0.3551047E-01 0.4872414E-01 0.6034801E-01 0.7003272E-01 0.7743095E-01 0.8218513E-01 0.8392406E-01 0.8225803E-01 0.7677326E-01 0.6702844E-01 0.5256160E-01 0.3306335E-01 0.1452118E-01 0.1452118E-01 -9999.000 -9999.000 -9999.000 -9999.000 -9999.000 -9999.000 -9999.000 -9999.000 -9999.000 -9999.000 -9999.000 -9999.000 -9999.000 -9999.000 -9999.000 -9999.000 -9999.000 -9999.000 -9999.000 -9999.000 -9999.000 -9999.000 -9999.000 -9999.000 -9999.000 -9999.000 -9999.000
-9999.000 -9999.000 -9999.000 -9999.000 -9999.000 -9999.000 -9999.000 -9999.000 -9999.000 -9999.000 -9999.000 -9999.000 -9999.000 -9999.000 -9999.000 0.1100569E-01 0.2488242E-01 0.4102412E-01 0.5588410E-01 0.6907103E-01 0.8021063E-01 0.8890760E-01 0.9474023E-01 0.9725504E-01 0.9595647E-01 0.9029289E-01 0.7964224E-01 0.6330653E-01 0.4067563E-01 0.1825176E-01 0.1825176E-01 -9999.000 -9999.000 -9999.000 -9999.000 -9999.000 -9999.000 -9999.000 -9999.000 -9999.000 -9999.000 -9999.000 -9999.000 -9999.000 -9999.000 -9999.000 -9999.000 -9999.000 -9999.000 -9999.000 -9999.000 -9999.000 -9999.000 -9999.000 -9999.000 -9999.000 -9999.000 -9999.000
-9999.000 -9999.000 -9999.000 -9999.000 -9999.000 -9999.000 -9999.000 -9999.000 -9999.000 -9999.000 -9999.000 -9999.000 -9999.000 -9999.000 -9999.000 0.1323058E-01 0.2922343E-01 0.4729104E-01 0.6394897E-01 0.7887473E-01 0.9167794E-01 0.1019172 0.1091025 0.1126870 0.1120471 0.1064526 0.9503169E-01 0.7673423E-01 0.5045824E-01 0.2313395E-01 0.2313395E-01 -9999.000 -9999.000 -9999.000 -9999.000 -9999.000 -9999.000 -9999.000 -9999.000 -9999.000 -9999.000 -9999.000 -9999.000 -9999.000 -9999.000 -9999.000 -9999.000 -9999.000 -9999.000 -9999.000 -9999.000 -9999.000 -9999.000 -9999.000 -9999.000 -9999.000 -9999.000 -9999.000
-9999.000 -9999.000 -9999.000 -9999.000 -9999.000 -9999.000 -9999.000 -9999.000 -9999.000 -9999.000 -9999.000 -9999.000 -9999.000 -9999.000 -9999.000 0.1581261E-01 0.3420406E-01 0.5440871E-01 0.7307264E-01 0.8997439E-01 0.1047196 0.1168273 0.1257412 0.1308154 0.1312785 0.1261777 0.1143001 0.9407160E-01 0.6357232E-01 0.2984447E-01 0.2984447E-01 -9999.000 -9999.000 -9999.000 -9999.000 -9999.000 -9999.000 -9999.000 -9999.000 -9999.000 -9999.000 -9999.000 -9999.000 -9999.000 -9999.000 -9999.000 -9999.000 -9999.000 -9999.000 -9999.000 -9999.000 -9999.000 -9999.000 -9999.000 -9999.000 -9999.000 -9999.000 -9999.000
-9999.000 -9999.000 -9999.000 -9999.000 -9999.000 -9999.000 -9999.000 -9999.000 -9999.000 -9999.000 -9999.000 -9999.000 -9999.000 -9999.000 -9999.000 0.1873966E-01 0.3983013E-01 0.6244995E-01 0.8340926E-01 0.1026145 0.1196831 0.1341082 0.1452803 0.1524620 0.1547287 0.1508676 0.1392193 0.1174331 0.8220188E-01 0.3972178E-01 0.3972178E-01 -9999.000 -9999.000 -9999.000 -9999.000 -9999.000 -9999.000 -9999.000 -9999.000 -9999.000 -9999.000 -9999.000 -9999.000 -9999.000 -9999.000 -9999.000 -9999.000 -9999.000 -9999.000 -9999.000 -9999.000 -9999.000 -9999.000 -9999.000 -9999.000 -9999.000 -9999.000 -9999.000
-9999.000 -9999.000 -9999.000 -9999.000 -9999.000 -9999.000 -9999.000 -9999.000 -9999.000 -9999.000 -9999.000 -9999.000 -9999.000 -9999.000 -9999.000 0.2207321E-01 0.4622135E-01 0.7165576E-01 0.9532068E-01 0.1172734 0.1371715 0.1545166 0.1686851 0.1788910 0.1840937 0.1828308 0.1729220 0.1509200 0.1111271 0.5594366E-01 0.5594366E-01 -9999.000 -9999.000 -9999.000 -9999.000 -9999.000 -9999.000 -9999.000 -9999.000 -9999.000 -9999.000 -9999.000 -9999.000 -9999.000 -9999.000 -9999.000 -9999.000 -9999.000 -9999.000 -9999.000 -9999.000 -9999.000 -9999.000 -9999.000 -9999.000 -9999.000 -9999.000 -9999.000
-9999.000 -9999.000 -9999.000 -9999.000 -9999.000 -9999.000 -9999.000 -9999.000 -9999.000 -9999.000 -9999.000 -9999.000 -9999.000 -9999.000 -9999.000 0.3525936E-01 0.6460290E-01 0.9413318E-01 0.1204288 0.1443252 0.1659912 0.1852863 0.2018349 0.2150025 0.2237914 0.2266120 0.2207926 0.2014622 0.1588010 0.8011657E-01 0.8011657E-01 -9999.000 -9999.000 -9999.000 -9999.000 -9999.000 -9999.000 -9999.000 -9999.000 -9999.000 -9999.000 -9999.000 -9999.000 -9999.000 -9999.000 -9999.000 -9999.000 -9999.000 -9999.000 -9999.000 -9999.000 -9999.000 -9999.000 -9999.000 -9999.000 -9999.000 -9999.000 -9999.000
1.295953 1.295953 1.231677 1.189761 1.169065 1.169065 1.148779 1.108510 1.108510 1.063803 1.063803 1.007301 0.9705988 0.9237053 0.8604182 0.8604182 0.7155022 0.6540327 0.5925142 0.5344061 0.4825418 0.4389713 0.4047950 0.3802001 0.3647415 0.3578866 0.3599592 0.3740030 0.4104254 0.4829867 0.4829867 1.265698 1.526984 1.707897 1.708187 1.708187 1.582249 1.582249 1.359209 1.359209 1.095241 0.6821904 0.6821904 0.6745887 0.6745887 0.7111719 0.7111719 0.7111719 0.7645773 0.7645773 0.8068562 0.8068562 0.8427250 0.8427250 0.8886365 0.8886365 0.9180317 0.9180317
1.311031 1.311031 1.247913 1.217134 1.201804 1.201804 1.186672 1.155896 1.155896 1.119211 1.119211 1.069755 1.038249 1.001743 0.9613122 0.9613122 0.8955134 0.8609508 0.8199849 0.7737939 0.7243227 0.6741685 0.6263755 0.5841883 0.5508534 0.5296568 0.5244791 0.5414283 0.5930774 0.7042741 0.7042741 1.227209 1.416263 1.549804 1.569590 1.569590 1.558038 1.558038 1.491344 1.491344 1.396311 0.9922417 0.9922417 0.9758537 0.9758537 1.010152 1.010152 1.010152 1.063336 1.063336 1.104711 1.104711 1.124316 1.124316 1.177970 1.177970 1.210413 1.210413
1.315492 1.315492 1.248335 1.217826 1.202836 1.202836 1.188188 1.159051 1.159051 1.125792 1.125792 1.083957 1.059146 1.032005 1.003714 1.003714 0.9650859 0.9467141 0.9237375 0.8956713 0.8628207 0.8262823 0.7879656 0.7506033 0.7177444 0.6938113 0.6844059 0.6973279 0.7455696 0.8553558 0.8553558 1.249176 1.415159 1.546350 1.575022 1.575022 1.585407 1.585407 1.545543 1.545543 1.499759 1.238885 1.238885 1.146570 1.146570 1.160757 1.160757 1.160757 1.215894 1.215894 1.252905 1.252905 1.280545 1.280545 1.319297 1.319297 1.347125 1.347125
1.319334 1.319334 1.248723 1.218400 1.203683 1.203683 1.189448 1.161790 1.161790 1.131621 1.131621 1.096008 1.076079 1.055141 1.034049 1.034049 1.009176 0.9988045 0.9857346 0.9692227 0.9490203 0.9254230 0.8993872 0.8726654 0.8479471 0.8290442 0.8212309 0.8320431 0.8734689 0.9693896 0.9693896 1.275934 1.425459 1.552130 1.580872 1.580872 1.592214 1.592214 1.566182 1.566182 1.545252 1.411905 1.411905 1.288679 1.288679 1.287478 1.287478 1.287478 1.329551 1.329551 1.362081 1.362081 1.387022 1.387022 1.417481 1.417481 1.441650 1.441650
1.322643 1.322643 1.249189 1.219187 1.204814 1.204814 1.191077 1.165134 1.165134 1.138277 1.138277 1.108660 1.093034 1.077213 1.061653 1.061653 1.046505 1.040602 1.032803 1.022715 1.010207 0.9954184 0.9788814 0.9616913 0.9457080 0.9338065 0.9302468 0.9413793 0.9773909 1.059055 1.059055 1.301308 1.433973 1.547928 1.571264 1.571264 1.577612 1.577612 1.566657 1.566657 1.562615 1.514940 1.514940 1.418011 1.418011 1.385990 1.385990 1.385990 1.415539 1.415539 1.443746 1.443746 1.466384 1.466384 1.491071 1.491071 1.511822 1.511822
1.325396 1.325396 1.249691 1.220127 1.206153 1.206153 1.192980 1.168902 1.168902 1.145478 1.145478 1.121765 1.110239 1.099212 1.088781 1.088781 1.082719 1.079979 1.075158 1.068391 1.059945 1.050173 1.039575 1.028954 1.019611 1.013611 1.014176 1.026328 1.058376 1.128317 1.128317 1.321716 1.436406 1.528882 1.544117 1.544117 1.550138 1.550138 1.559864 1.559864 1.569153 1.570799 1.570799 1.521026 1.521026 1.471833 1.471833 1.471833 1.487204 1.487204 1.509200 1.509200 1.528877 1.528877 1.549023 1.549023 1.566528 1.566528
1.327561 1.327561 1.250203 1.221178 1.207641 1.207641 1.195065 1.172906 1.172906 1.152905 1.152905 1.134969 1.127472 1.121255 1.116167 1.116167 1.120081 1.120125 1.117171 1.111927 1.105158 1.097585 1.089895 1.082844 1.077415 1.075060 1.078101 1.090382 1.118589 1.178422 1.178422 1.332618 1.427667 1.491877 1.501384 1.501384 1.518816 1.518816 1.551990 1.551990 1.571604 1.600767 1.600767 1.591890 1.591890 1.547872 1.547872 1.547872 1.550708 1.550708 1.564737 1.564737 1.580150 1.580150 1.596018 1.596018 1.610170 1.610170
1.329078 1.329078 1.250684 1.222257 1.209169 1.209169 1.197198 1.176935 1.176935 1.160249 1.160249 1.147900 1.144404 1.143181 1.144070 1.144070 1.159991 1.162780 1.161056 1.156185 1.149484 1.142103 1.135009 1.129036 1.124982 1.123781 1.126937 1.137279 1.160222 1.209354 1.209354 1.328480 1.401230 1.437857 1.449989 1.449989 1.490243 1.490243 1.544652 1.544652 1.571803 1.616996 1.616996 1.635375 1.635375 1.611447 1.611447 1.611447 1.607504 1.607504 1.613691 1.613691 1.623678 1.623678 1.634977 1.634977 1.645273 1.645273
1.329891 1.329891 1.251118 1.223326 1.210681 1.210681 1.199295 1.180834 1.180834 1.167257 1.167257 1.160203 1.160643 1.164642 1.172457 1.172457 1.203765 1.209325 1.208284 1.202841 1.194950 1.186233 1.177979 1.171139 1.166342 1.163900 1.164337 1.169509 1.183976 1.219339 1.219339 1.302896 1.351151 1.374073 1.399160 1.399160 1.466333 1.466333 1.537193 1.537193 1.569745 1.625013 1.625013 1.659950 1.659950 1.659891 1.659891 1.659891 1.656085 1.656085 1.656835 1.656835 1.661196 1.661196 1.667421 1.667421 1.673328 1.673328
1.329930 1.329930 1.251475 1.224318 1.212091 1.212091 1.201249 1.184443 1.184443 1.173696 1.173696 1.171526 1.175743 1.185086 1.200905 1.200905 1.252937 1.261182 1.260139 1.253106 1.242801 1.231392 1.220532 1.211294 1.204050 1.198038 1.192121 1.187073 1.187574 1.205598 1.205598 1.254062 1.277448 1.307056 1.352251 1.352251 1.444746 1.444746 1.528022 1.528022 1.564721 1.627118 1.627118 1.672324 1.672324 1.693339 1.693339 1.693339 1.694670 1.694670 1.693547 1.693547 1.693299 1.693299 1.694291 1.694291 1.695425 1.695425
1.329148 1.329148 1.251764 1.225236 1.213391 1.213391 1.203035 1.187680 1.187680 1.179404 1.179404 1.181567 1.189257 1.203796 1.228356 1.228356 1.309448 1.319975 1.317944 1.308042 1.293901 1.278351 1.263512 1.250595 1.239559 1.227400 1.209508 1.185918 1.164351 1.159072 1.159072 1.174769 1.192846 1.260036 1.307443 1.307443 1.425866 1.425866 1.518773 1.518773 1.558626 1.626060 1.626060 1.677716 1.677716 1.714711 1.714711 1.714711 1.723137 1.723137 1.723230 1.723230 1.720165 1.720165 1.716479 1.716479 1.712736 1.712736
