simulation_files/asc/Velocity____192.0.asc
NCOLS        79
NROWS        79
XLLCENTER         -1.500000
YLLCENTER         -4.800000
CELLSIZE           0.100
NODATA_VALUE     -9999.0
[rows 0 to 26 of 79, columns 0 to 59 of 79]
-9999.000 -9999.000 -9999.000 -9999.000 -9999.000 -9999.000 -9999.000 -9999.000 -9999.000 -9999.000 -9999.000 -9999.000 -9999.000 -9999.000 -9999.000 0.9153312E-01 0.8832702E-01 0.8679918E-01 0.8615959E-01 0.8687899E-01 0.8823772E-01 0.8963713E-01 0.9084274E-01 0.9176569E-01 0.9231547E-01 0.9262105E-01 0.9275947E-01 0.9291055E-01 0.9363031E-01 0.9455183E-01 0.9455183E-01 -9999.000 -9999.000 -9999.000 -9999.000 -9999.000 -9999.000 -9999.000 -9999.000 -9999.000 -9999.000 -9999.000 -9999.000 -9999.000 -9999.000 -9999.000 -9999.000 -9999.000 -9999.000 -9999.000 -9999.000 -9999.000 -9999.000 -9999.000 -9999.000 -9999.000 -9999.000 -9999.000 -9999.000 -9999.000
-9999.000 -9999.000 -9999.000 -9999.000 -9999.000 -9999.000 -9999.000 -9999.000 -9999.000 -9999.000 -9999.000 -9999.000 -9999.000 -9999.000 -9999.000 0.9245034E-01 0.8566727E-01 0.8253567E-01 0.8128648E-01 0.8276356E-01 0.8548690E-01 0.8830744E-01 0.9080447E-01 0.9281664E-01 0.9413704E-01 0.9500087E-01 0.9554987E-01 0.9616008E-01 0.9804031E-01 0.1006044 0.1006044 -9999.000 -9999.000 -9999.000 -9999.000 -9999.000 -9999.000 -9999.000 -9999.000 -9999.000 -9999.000 -9999.000 -9999.000 -9999.000 -9999.000 -9999.000 -9999.000 -9999.000 -9999.000 -9999.000 -9999.000 -9999.000 -9999.000 -9999.000 -9999.000 -9999.000 -9999.000 -9999.000 -9999.000 -9999.000
-9999.000 -9999.000 -9999.000 -9999.000 -9999.000 -9999.000 -9999.000 -9999.000 -9999.000 -9999.000 -9999.000 -9999.000 -9999.000 -9999.000 -9999.000 0.9250084E-01 0.8177909E-01 0.7674652E-01 0.7472897E-01 0.7702033E-01 0.8127439E-01 0.8573150E-01 0.8978764E-01 0.9322110E-01 0.9569569E-01 0.9755579E-01 0.9898368E-01 0.1005350 0.1041046 0.1091077 0.1091077 -9999.000 -9999.000 -9999.000 -9999.000 -9999.000 -9999.000 -9999.000 -9999.000 -9999.000 -9999.000 -9999.000 -9999.000 -9999.000 -9999.000 -9999.000 -9999.000 -9999.000 -9999.000 -9999.000 -9999.000 -9999.000 -9999.000 -9999.000 -9999.000 -9999.000 -9999.000 -9999.000 -9999.000 -9999.000
-9999.000 -9999.000 -9999.000 -9999.000 -9999.000 -9999.000 -9999.000 -9999.000 -9999.000 -9999.000 -9999.000 -9999.000 -9999.000 -9999.000 -9999.000 0.9212192E-01 0.7743182E-01 0.7047009E-01 0.6768609E-01 0.7081881E-01 0.7662410E-01 0.8273880E-01 0.8840066E-01 0.9334073E-01 0.9708896E-01 0.1000970 0.1025700 0.1052308 0.1106762 0.1186202 0.1186202 -9999.000 -9999.000 -9999.000 -9999.000 -9999.000 -9999.000 -9999.000 -9999.000 -9999.000 -9999.000 -9999.000 -9999.000 -9999.000 -9999.000 -9999.000 -9999.000 -9999.000 -9999.000 -9999.000 -9999.000 -9999.000 -9999.000 -9999.000 -9999.000 -9999.000 -9999.000 -9999.000 -9999.000 -9999.000
-9999.000 -9999.000 -9999.000 -9999.000 -9999.000 -9999.000 -9999.000 -9999.000 -9999.000 -9999.000 -9999.000 -9999.000 -9999.000 -9999.000 -9999.000 0.9153851E-01 0.7280095E-01 0.6387933E-01 0.6035189E-01 0.6437685E-01 0.7175960E-01 0.7954460E-01 0.8683634E-01 0.9333318E-01 0.9842037E-01 0.1026620 0.1062730 0.1101432 0.1176038 0.1289943 0.1289943 -9999.000 -9999.000 -9999.000 -9999.000 -9999.000 -9999.000 -9999.000 -9999.000 -9999.000 -9999.000 -9999.000 -9999.000 -9999.000 -9999.000 -9999.000 -9999.000 -9999.000 -9999.000 -9999.000 -9999.000 -9999.000 -9999.000 -9999.000 -9999.000 -9999.000 -9999.000 -9999.000 -9999.000 -9999.000
-9999.000 -9999.000 -9999.000 -9999.000 -9999.000 -9999.000 -9999.000 -9999.000 -9999.000 -9999.000 -9999.000 -9999.000 -9999.000 -9999.000 -9999.000 0.9082917E-01 0.6795228E-01 0.5705256E-01 0.5284433E-01 0.5784098E-01 0.6682348E-01 0.7627645E-01 0.8520570E-01 0.9328771E-01 0.9975025E-01 0.1052781 0.1100853 0.1152325 0.1248317 0.1402361 0.1402361 -9999.000 -9999.000 -9999.000 -9999.000 -9999.000 -9999.000 -9999.000 -9999.000 -9999.000 -9999.000 -9999.000 -9999.000 -9999.000 -9999.000 -9999.000 -9999.000 -9999.000 -9999.000 -9999.000 -9999.000 -9999.000 -9999.000 -9999.000 -9999.000 -9999.000 -9999.000 -9999.000 -9999.000 -9999.000
-9999.000 -9999.000 -9999.000 -9999.000 -9999.000 -9999.000 -9999.000 -9999.000 -9999.000 -9999.000 -9999.000 -9999.000 -9999.000 -9999.000 -9999.000 0.9000793E-01 0.6290186E-01 0.5002502E-01 0.4526270E-01 0.5133945E-01 0.6192166E-01 0.7301556E-01 0.8357177E-01 0.9325295E-01 0.1011103 0.1079611 0.1140053 0.1204830 0.1323462 0.1524373 0.1524373 -9999.000 -9999.000 -9999.000 -9999.000 -9999.000 -9999.000 -9999.000 -9999.000 -9999.000 -9999.000 -9999.000 -9999.000 -9999.000 -9999.000 -9999.000 -9999.000 -9999.000 -9999.000 -9999.000 -9999.000 -9999.000 -9999.000 -9999.000 -9999.000 -9999.000 -9999.000 -9999.000 -9999.000 -9999.000
-9999.000 -9999.000 -9999.000 -9999.000 -9999.000 -9999.000 -9999.000 -9999.000 -9999.000 -9999.000 -9999.000 -9999.000 -9999.000 -9999.000 -9999.000 0.8905850E-01 0.5764183E-01 0.4282091E-01 0.3774752E-01 0.4503559E-01 0.5715869E-01 0.6982531E-01 0.8197634E-01 0.9325845E-01 0.1025182 0.1107195 0.1180324 0.1258886 0.1401514 0.1657503 0.1657503 -9999.000 -9999.000 -9999.000 -9999.000 -9999.000 -9999.000 -9999.000 -9999.000 -9999.000 -9999.000 -9999.000 -9999.000 -9999.000 -9999.000 -9999.000 -9999.000 -9999.000 -9999.000 -9999.000 -9999.000 -9999.000 -9999.000 -9999.000 -9999.000 -9999.000 -9999.000 -9999.000 -9999.000 -9999.000
-9999.000 -9999.000 -9999.000 -9999.000 -9999.000 -9999.000 -9999.000 -9999.000 -9999.000 -9999.000 -9999.000 -9999.000 -9999.000 -9999.000 -9999.000 0.8794760E-01 0.5215317E-01 0.3547961E-01 0.3057372E-01 0.3918659E-01 0.5266533E-01 0.6677105E-01 0.8045588E-01 0.9332678E-01 0.1039858 0.1135590 0.1221665 0.1314470 0.1482609 0.1803857 0.1803857 -9999.000 -9999.000 -9999.000 -9999.000 -9999.000 -9999.000 -9999.000 -9999.000 -9999.000 -9999.000 -9999.000 -9999.000 -9999.000 -9999.000 -9999.000 -9999.000 -9999.000 -9999.000 -9999.000 -9999.000 -9999.000 -9999.000 -9999.000 -9999.000 -9999.000 -9999.000 -9999.000 -9999.000 -9999.000
-9999.000 -9999.000 -9999.000 -9999.000 -9999.000 -9999.000 -9999.000 -9999.000 -9999.000 -9999.000 -9999.000 -9999.000 -9999.000 -9999.000 -9999.000 0.8662856E-01 0.4640980E-01 0.2809909E-01 0.2436021E-01 0.3422784E-01 0.4862291E-01 0.6393278E-01 0.7905068E-01 0.9348187E-01 0.1055250 0.1164857 0.1264081 0.1371575 0.1566931 0.1966231 0.1966231 -9999.000 -9999.000 -9999.000 -9999.000 -9999.000 -9999.000 -9999.000 -9999.000 -9999.000 -9999.000 -9999.000 -9999.000 -9999.000 -9999.000 -9999.000 -9999.000 -9999.000 -9999.000 -9999.000 -9999.000 -9999.000 -9999.000 -9999.000 -9999.000 -9999.000 -9999.000 -9999.000 -9999.000 -9999.000
-9999.000 -9999.000 -9999.000 -9999.000 -9999.000 -9999.000 -9999.000 -9999.000 -9999.000 -9999.000 -9999.000 -9999.000 -9999.000 -9999.000 -9999.000 0.8504114E-01 0.4038128E-01 0.2096449E-01 0.2045334E-01 0.3085059E-01 0.4528624E-01 0.6141590E-01 0.7781353E-01 0.9375469E-01 0.1071528 0.1195089 0.1307596 0.1430205 0.1654701 0.2148344 0.2148344 -9999.000 -9999.000 -9999.000 -9999.000 -9999.000 -9999.000 -9999.000 -9999.000 -9999.000 -9999.000 -9999.000 -9999.000 -9999.000 -9999.000 -9999.000 -9999.000 -9999.000 -9999.000 -9999.000 -9999.000 -9999.000 -9999.000 -9999.000 -9999.000 -9999.000 -9999.000 -9999.000 -9999.000 -9999.000
-9999.000 -9999.000 -9999.000 -9999.000 -9999.000 -9999.000 -9999.000 -9999.000 -9999.000 -9999.000 -9999.000 -9999.000 -9999.000 -9999.000 -9999.000 0.8310626E-01 0.3403569E-01 0.1501948E-01 0.2076619E-01 0.2993381E-01 0.4300565E-01 0.5937196E-01 0.7682377E-01 0.9419350E-01 0.1088974 0.1226464 0.1352289 0.1490395 0.1746176 0.2355205 0.2355205 -9999.000 -9999.000 -9999.000 -9999.000 -9999.000 -9999.000 -9999.000 -9999.000 -9999.000 -9999.000 -9999.000 -9999.000 -9999.000 -9999.000 -9999.000 -9999.000 -9999.000 -9999.000 -9999.000 -9999.000 -9999.000 -9999.000 -9999.000 -9999.000 -9999.000 -9999.000 -9999.000 -9999.000 -9999.000
-9999.000 -9999.000 -9999.000 -9999.000 -9999.000 -9999.000 -9999.000 -9999.000 -9999.000 -9999.000 -9999.000 -9999.000 -9999.000 -9999.000 -9999.000 0.8067448E-01 0.2734227E-01 0.1322921E-01 0.2592633E-01 0.3235521E-01 0.4242415E-01 0.5817200E-01 0.7631288E-01 0.9495351E-01 0.1108637 0.1259700 0.1398604 0.1552418 0.1841784 0.2593800 0.2593800 -9999.000 -9999.000 -9999.000 -9999.000 -9999.000 -9999.000 -9999.000 -9999.000 -9999.000 -9999.000 -9999.000 -9999.000 -9999.000 -9999.000 -9999.000 -9999.000 -9999.000 -9999.000 -9999.000 -9999.000 -9999.000 -9999.000 -9999.000 -9999.000 -9999.000 -9999.000 -9999.000 -9999.000 -9999.000
-9999.000 -9999.000 -9999.000 -9999.000 -9999.000 -9999.000 -9999.000 -9999.000 -9999.000 -9999.000 -9999.000 -9999.000 -9999.000 -9999.000 -9999.000 0.7613932E-01 0.2109047E-01 0.2454651E-01 0.4077718E-01 0.4474106E-01 0.5023910E-01 0.6292132E-01 0.7988799E-01 0.9854662E-01 0.1148259 0.1307196 0.1455031 0.1621904 0.1945312 0.2876440 0.2876440 -9999.000 -9999.000 -9999.000 -9999.000 -9999.000 -9999.000 -9999.000 -9999.000 -9999.000 -9999.000 -9999.000 -9999.000 -9999.000 -9999.000 -9999.000 -9999.000 -9999.000 -9999.000 -9999.000 -9999.000 -9999.000 -9999.000 -9999.000 -9999.000 -9999.000 -9999.000 -9999.000 -9999.000 -9999.000
-9999.000 -9999.000 -9999.000 -9999.000 -9999.000 -9999.000 -9999.000 -9999.000 -9999.000 -9999.000 -9999.000 -9999.000 -9999.000 -9999.000 -9999.000 0.1163260 0.1807732 0.2169420 0.2127496 0.1816812 0.1552919 0.1376058 0.1289954 0.1294103 0.1343210 0.1437332 0.1551282 0.1707564 0.2055666 0.3197827 0.3197827 -9999.000 -9999.000 -9999.000 -9999.000 -9999.000 -9999.000 -9999.000 -9999.000 -9999.000 -9999.000 -9999.000 -9999.000 -9999.000 -9999.000 -9999.000 -9999.000 -9999.000 -9999.000 -9999.000 -9999.000 -9999.000 -9999.000 -9999.000 -9999.000 -9999.000 -9999.000 -9999.000 -9999.000 -9999.000
2.885230 2.885230 2.860492 2.923138 2.928604 2.928604 2.930864 2.931156 2.931156 2.928032 2.928032 2.922591 2.919226 2.915519 2.911535 2.911535 3.066341 3.070758 3.071436 3.070461 3.045872 2.996443 2.923810 2.828243 2.706688 2.566637 2.408764 2.240489 2.083951 2.010775 2.010775 2.795413 2.967889 3.077180 3.106462 3.106462 3.150228 3.150228 3.154460 3.154460 3.125743 2.984486 2.984486 2.711941 2.711941 2.256628 2.256628 2.256628 2.202509 2.202509 2.215414 2.215414 2.256089 2.256089 2.303858 2.303858 2.349248 2.349248 2.349248 2.387429
2.909046 2.909046 2.888424 2.974235 2.991661 2.991661 3.005605 3.028896 3.028896 3.048516 3.048516 3.065639 3.073486 3.080942 3.088069 3.088069 3.198447 3.217545 3.232489 3.245934 3.253521 3.254753 3.248482 3.232333 3.202399 3.157790 3.096046 3.016896 2.925244 2.844046 2.844046 3.240564 3.391523 3.542984 3.586037 3.586037 3.639476 3.639476 3.653187 3.653187 3.640731 3.563762 3.563762 3.404551 3.404551 3.084519 3.084519 3.084519 3.022984 3.022984 3.037253 3.037253 3.080459 3.080459 3.130896 3.130896 3.179189 3.179189 3.179189 3.221334
2.913884 2.913884 2.891146 2.974089 2.991946 2.991946 3.006314 3.030245 3.030245 3.050484 3.050484 3.068319 3.076564 3.084442 3.092020 3.092020 3.187549 3.219115 3.246163 3.270303 3.290015 3.305088 3.315583 3.321038 3.319786 3.311053 3.293042 3.264406 3.226574 3.192660 3.192660 3.408918 3.550702 3.721669 3.774024 3.774024 3.833750 3.833750 3.836162 3.836162 3.815268 3.730248 3.730248 3.606405 3.606405 3.362336 3.362336 3.362336 3.291073 3.291073 3.291273 3.291273 3.324946 3.324946 3.369038 3.369038 3.412899 3.412899 3.412899 3.451837
2.916560 2.916560 2.895164 2.973511 2.991538 2.991538 3.006150 3.030268 3.030268 3.050520 3.050520 3.068357 3.076607 3.084495 3.092089 3.092089 3.177673 3.219223 3.257389 3.291777 3.321166 3.345117 3.363750 3.377254 3.385300 3.387972 3.384892 3.375635 3.361136 3.349419 3.349419 3.479987 3.602671 3.776931 3.833687 3.833687 3.890353 3.890353 3.869220 3.869220 3.834556 3.745558 3.745558 3.660156 3.660156 3.489953 3.489953 3.489953 3.416717 3.416717 3.402382 3.402382 3.424999 3.424999 3.462692 3.462692 3.502813 3.502813 3.502813 3.539201
2.916289 2.916289 2.899926 2.972786 2.991031 2.991031 3.005921 3.030254 3.030254 3.050520 3.050520 3.068357 3.076613 3.084509 3.092123 3.092123 3.172833 3.222670 3.270717 3.314654 3.353050 3.385246 3.411165 3.431017 3.444880 3.453108 3.456000 3.453876 3.447894 3.443642 3.443642 3.524633 3.624522 3.787426 3.840032 3.840032 3.871882 3.871882 3.814906 3.814906 3.770965 3.700037 3.700037 3.660302 3.660302 3.562260 3.562260 3.562260 3.496726 3.496726 3.470412 3.470412 3.479893 3.479893 3.508872 3.508872 3.543682 3.543682 3.543682 3.576467
2.914172 2.914172 2.906038 2.972427 2.990726 2.990726 3.005779 3.030260 3.030260 3.050524 3.050524 3.068337 3.076583 3.084469 3.092084 3.092084 3.173831 3.231169 3.287898 3.340380 3.386882 3.426613 3.459354 3.485224 3.504391 3.517213 3.524141 3.525748 3.523208 3.520577 3.520577 3.569341 3.644904 3.779940 3.814936 3.814936 3.792453 3.792453 3.703139 3.703139 3.665995 3.636635 3.636635 3.641233 3.641233 3.605702 3.605702 3.605702 3.556322 3.556322 3.524223 3.524223 3.520992 3.520992 3.539155 3.539155 3.566453 3.566453 3.566453 3.593868
2.914147 2.914147 2.908753 2.972139 2.990498 2.990498 3.005673 3.030267 3.030267 3.050536 3.050536 3.068341 3.076584 3.084468 3.092102 3.092102 3.181636 3.246459 3.310982 3.370931 3.424440 3.470706 3.509474 3.540810 3.564892 3.582031 3.592643 3.597294 3.596984 3.594502 3.594502 3.621606 3.672786 3.757384 3.753778 3.753778 3.655757 3.655757 3.567620 3.567620 3.555436 3.576390 3.576390 3.616220 3.616220 3.629772 3.629772 3.629772 3.601374 3.601374 3.571087 3.571087 3.558492 3.558492 3.565163 3.565163 3.583004 3.583004 3.583004 3.603115
2.914152 2.914152 2.909645 2.972044 2.990417 2.990417 3.005634 3.030269 3.030269 3.050539 3.050539 3.068342 3.076584 3.084469 3.092131 3.092131 3.197187 3.270021 3.341713 3.408059 3.467355 3.518942 3.562655 3.598582 3.626916 3.647932 3.661986 3.669541 3.671327 3.668923 3.668923 3.680893 3.706766 3.703099 3.635828 3.635828 3.480743 3.480743 3.443943 3.443943 3.462945 3.525627 3.525627 3.589518 3.589518 3.639377 3.639377 3.639377 3.632829 3.632829 3.610826 3.610826 3.593698 3.593698 3.590054 3.590054 3.597313 3.597313 3.597313 3.608391
2.914147 2.914147 2.908753 2.972139 2.990498 2.990498 3.005673 3.030267 3.030267 3.050535 3.050535 3.068340 3.076584 3.084468 3.092170 3.092170 3.221994 3.303688 3.382084 3.453749 3.517491 3.572991 3.620302 3.659627 3.691223 3.715364 3.732354 3.742548 3.746340 3.743735 3.743735 3.742581 3.735831 3.583808 3.447611 3.447611 3.307861 3.307861 3.348176 3.348176 3.391642 3.481341 3.481341 3.560849 3.560849 3.637291 3.637291 3.637291 3.650767 3.650767 3.640998 3.640998 3.624490 3.624490 3.613187 3.613187 3.609826 3.609826 3.609826 3.610641
2.914172 2.914172 2.906038 2.972427 2.990726 2.990726 3.005778 3.030261 3.030261 3.050524 3.050524 3.068337 3.076582 3.084469 3.092228 3.092228 3.258385 3.349847 3.434441 3.510225 3.576894 3.634684 3.683999 3.725246 3.758803 3.784991 3.804095 3.816365 3.821647 3.816734 3.816734 3.795811 3.731076 3.376004 3.216200 3.216200 3.175219 3.175219 3.279803 3.279803 3.336792 3.441344 3.441344 3.530955 3.530955 3.626544 3.626544 3.626544 3.656666 3.656666 3.660242 3.660242 3.648347 3.648347 3.632718 3.632718 3.619732 3.619732 3.619732 3.609749
2.916289 2.916289 2.899927 2.972786 2.991033 2.991033 3.005920 3.030255 3.030255 3.050520 3.050520 3.068357 3.076613 3.084510 3.092366 3.092366 3.310053 3.411885 3.501819 3.580168 3.647916 3.706074 3.755510 3.796924 3.830857 3.857714 3.877794 3.891217 3.896405 3.880610 3.880610 3.810852 3.633441 3.110706 3.008170 3.008170 3.088236 3.088236 3.225267 3.225267 3.288246 3.400848 3.400848 3.497408 3.497408 3.606734 3.606734 3.606734 3.649807 3.649807 3.665739 3.665739 3.660611 3.660611 3.643771 3.643771 3.623007 3.623007 3.623007 3.602641
2.916559 2.916559 2.895164 2.973511 2.991539 2.991539 3.006150 3.030269 3.030269 3.050520 3.050520 3.068357 3.076607 3.084495 3.092461 3.092461 3.382648 3.494488 3.587997 3.666614 3.733012 3.789159 3.836487 3.876023 3.908498 3.934407 3.954085 3.967281 3.967125 3.906984 3.906984 3.713015 3.383485 2.872064 2.872199 2.872199 3.022825 3.022825 3.171026 3.171026 3.236485 3.354043 3.354043 3.455563 3.455563 3.574449 3.574449 3.574449 3.626954 3.626954 3.652954 3.652954 3.654851 3.654851 3.638929 3.638929 3.612506 3.612506 3.612506 3.583005
