simulation_files/asc/Velocity____247.0.asc
NCOLS        79
NROWS        79
XLLCENTER         -1.500000
YLLCENTER         -4.800000
CELLSIZE           0.100
NODATA_VALUE     -9999.0
[rows 0 to 26 of 79, columns 0 to 59 of 79]
-9999.000 -9999.000 -9999.000 -9999.000 -9999.000 -9999.000 -9999.000 -9999.000 -9999.000 -9999.000 -9999.000 -9999.000 -9999.000 -9999.000 -9999.000 0.9104049E-01 0.8802176E-01 0.8687431E-01 0.8679762E-01 0.8778478E-01 0.8910639E-01 0.9037176E-01 0.9143632E-01 0.9218711E-01 0.9266333E-01 0.9292025E-01 0.9303465E-01 0.9320997E-01 0.9403869E-01 0.9503585E-01 0.9503585E-01 -9999.000 -9999.000 -9999.000 -9999.000 -9999.000 -9999.000 -9999.000 -9999.000 -9999.000 -9999.000 -9999.000 -9999.000 -9999.000 -9999.000 -9999.000 -9999.000 -9999.000 -9999.000 -9999.000 -9999.000 -9999.000 -9999.000 -9999.000 -9999.000 -9999.000 -9999.000 -9999.000 -9999.000 -9999.000
-9999.000 -9999.000 -9999.000 -9999.000 -9999.000 -9999.000 -9999.000 -9999.000 -9999.000 -9999.000 -9999.000 -9999.000 -9999.000 -9999.000 -9999.000 0.9144506E-01 0.8515748E-01 0.8283629E-01 0.8272183E-01 0.8472963E-01 0.8739424E-01 0.8997913E-01 0.9222443E-01 0.9389772E-01 0.9505956E-01 0.9580325E-01 0.9627746E-01 0.9692065E-01 0.9903778E-01 0.1017909 0.1017909 -9999.000 -9999.000 -9999.000 -9999.000 -9999.000 -9999.000 -9999.000 -9999.000 -9999.000 -9999.000 -9999.000 -9999.000 -9999.000 -9999.000 -9999.000 -9999.000 -9999.000 -9999.000 -9999.000 -9999.000 -9999.000 -9999.000 -9999.000 -9999.000 -9999.000 -9999.000 -9999.000 -9999.000 -9999.000
-9999.000 -9999.000 -9999.000 -9999.000 -9999.000 -9999.000 -9999.000 -9999.000 -9999.000 -9999.000 -9999.000 -9999.000 -9999.000 -9999.000 -9999.000 0.9084022E-01 0.8099703E-01 0.7727367E-01 0.7705859E-01 0.8018655E-01 0.8436056E-01 0.8847532E-01 0.9216849E-01 0.9508923E-01 0.9732477E-01 0.9899609E-01 0.1003039 0.1019128 0.1058825 0.1112255 0.1112255 -9999.000 -9999.000 -9999.000 -9999.000 -9999.000 -9999.000 -9999.000 -9999.000 -9999.000 -9999.000 -9999.000 -9999.000 -9999.000 -9999.000 -9999.000 -9999.000 -9999.000 -9999.000 -9999.000 -9999.000 -9999.000 -9999.000 -9999.000 -9999.000 -9999.000 -9999.000 -9999.000 -9999.000 -9999.000
-9999.000 -9999.000 -9999.000 -9999.000 -9999.000 -9999.000 -9999.000 -9999.000 -9999.000 -9999.000 -9999.000 -9999.000 -9999.000 -9999.000 -9999.000 0.8970701E-01 0.7632611E-01 0.7118724E-01 0.7088726E-01 0.7515830E-01 0.8085368E-01 0.8651982E-01 0.9171401E-01 0.9597212E-01 0.9940976E-01 0.1021658 0.1044782 0.1072292 0.1132533 0.1217148 0.1217148 -9999.000 -9999.000 -9999.000 -9999.000 -9999.000 -9999.000 -9999.000 -9999.000 -9999.000 -9999.000 -9999.000 -9999.000 -9999.000 -9999.000 -9999.000 -9999.000 -9999.000 -9999.000 -9999.000 -9999.000 -9999.000 -9999.000 -9999.000 -9999.000 -9999.000 -9999.000 -9999.000 -9999.000 -9999.000
-9999.000 -9999.000 -9999.000 -9999.000 -9999.000 -9999.000 -9999.000 -9999.000 -9999.000 -9999.000 -9999.000 -9999.000 -9999.000 -9999.000 -9999.000 0.8826888E-01 0.7132845E-01 0.6477071E-01 0.6442769E-01 0.6988485E-01 0.7711750E-01 0.8434733E-01 0.9107204E-01 0.9671639E-01 0.1014274 0.1053545 0.1087658 0.1127640 0.1209979 0.1331171 0.1331171 -9999.000 -9999.000 -9999.000 -9999.000 -9999.000 -9999.000 -9999.000 -9999.000 -9999.000 -9999.000 -9999.000 -9999.000 -9999.000 -9999.000 -9999.000 -9999.000 -9999.000 -9999.000 -9999.000 -9999.000 -9999.000 -9999.000 -9999.000 -9999.000 -9999.000 -9999.000 -9999.000 -9999.000 -9999.000
-9999.000 -9999.000 -9999.000 -9999.000 -9999.000 -9999.000 -9999.000 -9999.000 -9999.000 -9999.000 -9999.000 -9999.000 -9999.000 -9999.000 -9999.000 0.8659548E-01 0.6607175E-01 0.5811460E-01 0.5780984E-01 0.6451339E-01 0.7329565E-01 0.8209052E-01 0.9035984E-01 0.9741633E-01 0.1034428 0.1085927 0.1131599 0.1184780 0.1290639 0.1454527 0.1454527 -9999.000 -9999.000 -9999.000 -9999.000 -9999.000 -9999.000 -9999.000 -9999.000 -9999.000 -9999.000 -9999.000 -9999.000 -9999.000 -9999.000 -9999.000 -9999.000 -9999.000 -9999.000 -9999.000 -9999.000 -9999.000 -9999.000 -9999.000 -9999.000 -9999.000 -9999.000 -9999.000 -9999.000 -9999.000
-9999.000 -9999.000 -9999.000 -9999.000 -9999.000 -9999.000 -9999.000 -9999.000 -9999.000 -9999.000 -9999.000 -9999.000 -9999.000 -9999.000 -9999.000 0.8468807E-01 0.6057065E-01 0.5126781E-01 0.5113474E-01 0.5915331E-01 0.6948151E-01 0.7982677E-01 0.8964135E-01 0.9812165E-01 0.1054899 0.1118970 0.1176593 0.1243563 0.1374417 0.1588340 0.1588340 -9999.000 -9999.000 -9999.000 -9999.000 -9999.000 -9999.000 -9999.000 -9999.000 -9999.000 -9999.000 -9999.000 -9999.000 -9999.000 -9999.000 -9999.000 -9999.000 -9999.000 -9999.000 -9999.000 -9999.000 -9999.000 -9999.000 -9999.000 -9999.000 -9999.000 -9999.000 -9999.000 -9999.000 -9999.000
-9999.000 -9999.000 -9999.000 -9999.000 -9999.000 -9999.000 -9999.000 -9999.000 -9999.000 -9999.000 -9999.000 -9999.000 -9999.000 -9999.000 -9999.000 0.8251462E-01 0.5481595E-01 0.4427409E-01 0.4452571E-01 0.5391786E-01 0.6575323E-01 0.7761051E-01 0.8895656E-01 0.9886102E-01 0.1075877 0.1152764 0.1222637 0.1303944 0.1461423 0.1734428 0.1734428 -9999.000 -9999.000 -9999.000 -9999.000 -9999.000 -9999.000 -9999.000 -9999.000 -9999.000 -9999.000 -9999.000 -9999.000 -9999.000 -9999.000 -9999.000 -9999.000 -9999.000 -9999.000 -9999.000 -9999.000 -9999.000 -9999.000 -9999.000 -9999.000 -9999.000 -9999.000 -9999.000 -9999.000 -9999.000
-9999.000 -9999.000 -9999.000 -9999.000 -9999.000 -9999.000 -9999.000 -9999.000 -9999.000 -9999.000 -9999.000 -9999.000 -9999.000 -9999.000 -9999.000 0.8002460E-01 0.4878885E-01 0.3720904E-01 0.3818648E-01 0.4895657E-01 0.6219544E-01 0.7549126E-01 0.8833778E-01 0.9965507E-01 0.1097489 0.1187370 0.1269732 0.1365915 0.1551873 0.1895300 0.1895300 -9999.000 -9999.000 -9999.000 -9999.000 -9999.000 -9999.000 -9999.000 -9999.000 -9999.000 -9999.000 -9999.000 -9999.000 -9999.000 -9999.000 -9999.000 -9999.000 -9999.000 -9999.000 -9999.000 -9999.000 -9999.000 -9999.000 -9999.000 -9999.000 -9999.000 -9999.000 -9999.000 -9999.000 -9999.000
-9999.000 -9999.000 -9999.000 -9999.000 -9999.000 -9999.000 -9999.000 -9999.000 -9999.000 -9999.000 -9999.000 -9999.000 -9999.000 -9999.000 -9999.000 0.7715257E-01 0.4246885E-01 0.3024324E-01 0.3249571E-01 0.4449084E-01 0.5891572E-01 0.7352649E-01 0.8781917E-01 0.1005247 0.1119869 0.1222852 0.1317881 0.1429486 0.1646042 0.2074302 0.2074302 -9999.000 -9999.000 -9999.000 -9999.000 -9999.000 -9999.000 -9999.000 -9999.000 -9999.000 -9999.000 -9999.000 -9999.000 -9999.000 -9999.000 -9999.000 -9999.000 -9999.000 -9999.000 -9999.000 -9999.000 -9999.000 -9999.000 -9999.000 -9999.000 -9999.000 -9999.000 -9999.000 -9999.000 -9999.000
-9999.000 -9999.000 -9999.000 -9999.000 -9999.000 -9999.000 -9999.000 -9999.000 -9999.000 -9999.000 -9999.000 -9999.000 -9999.000 -9999.000 -9999.000 0.7381955E-01 0.3584496E-01 0.2380441E-01 0.2815291E-01 0.4084845E-01 0.5605910E-01 0.7179054E-01 0.8744527E-01 0.1014978 0.1143191 0.1259302 0.1367111 0.1494686 0.1744255 0.2275924 0.2275924 -9999.000 -9999.000 -9999.000 -9999.000 -9999.000 -9999.000 -9999.000 -9999.000 -9999.000 -9999.000 -9999.000 -9999.000 -9999.000 -9999.000 -9999.000 -9999.000 -9999.000 -9999.000 -9999.000 -9999.000 -9999.000 -9999.000 -9999.000 -9999.000 -9999.000 -9999.000 -9999.000 -9999.000 -9999.000
-9999.000 -9999.000 -9999.000 -9999.000 -9999.000 -9999.000 -9999.000 -9999.000 -9999.000 -9999.000 -9999.000 -9999.000 -9999.000 -9999.000 -9999.000 0.6993041E-01 0.2894313E-01 0.1898712E-01 0.2624491E-01 0.3848419E-01 0.5382376E-01 0.7038671E-01 0.8727904E-01 0.1026158 0.1167735 0.1296893 0.1417499 0.1561575 0.1846896 0.2506284 0.2506284 -9999.000 -9999.000 -9999.000 -9999.000 -9999.000 -9999.000 -9999.000 -9999.000 -9999.000 -9999.000 -9999.000 -9999.000 -9999.000 -9999.000 -9999.000 -9999.000 -9999.000 -9999.000 -9999.000 -9999.000 -9999.000 -9999.000 -9999.000 -9999.000 -9999.000 -9999.000 -9999.000 -9999.000 -9999.000
-9999.000 -9999.000 -9999.000 -9999.000 -9999.000 -9999.000 -9999.000 -9999.000 -9999.000 -9999.000 -9999.000 -9999.000 -9999.000 -9999.000 -9999.000 0.6535424E-01 0.2192537E-01 0.1802536E-01 0.2786806E-01 0.3801338E-01 0.5253748E-01 0.6951029E-01 0.8744993E-01 0.1039696 0.1194164 0.1336081 0.1469329 0.1630356 0.1954468 0.2773960 0.2773960 -9999.000 -9999.000 -9999.000 -9999.000 -9999.000 -9999.000 -9999.000 -9999.000 -9999.000 -9999.000 -9999.000 -9999.000 -9999.000 -9999.000 -9999.000 -9999.000 -9999.000 -9999.000 -9999.000 -9999.000 -9999.000 -9999.000 -9999.000 -9999.000 -9999.000 -9999.000 -9999.000 -9999.000 -9999.000
-9999.000 -9999.000 -9999.000 -9999.000 -9999.000 -9999.000 -9999.000 -9999.000 -9999.000 -9999.000 -9999.000 -9999.000 -9999.000 -9999.000 -9999.000 0.5919097E-01 0.1678530E-01 0.2580894E-01 0.3666394E-01 0.4326450E-01 0.5527660E-01 0.7141304E-01 0.8957847E-01 0.1067377 0.1231027 0.1382997 0.1526899 0.1703965 0.2069216 0.3092536 0.3092536 -9999.000 -9999.000 -9999.000 -9999.000 -9999.000 -9999.000 -9999.000 -9999.000 -9999.000 -9999.000 -9999.000 -9999.000 -9999.000 -9999.000 -9999.000 -9999.000 -9999.000 -9999.000 -9999.000 -9999.000 -9999.000 -9999.000 -9999.000 -9999.000 -9999.000 -9999.000 -9999.000 -9999.000 -9999.000
-9999.000 -9999.000 -9999.000 -9999.000 -9999.000 -9999.000 -9999.000 -9999.000 -9999.000 -9999.000 -9999.000 -9999.000 -9999.000 -9999.000 -9999.000 0.9317076E-01 0.1431074 0.1671598 0.1585495 0.1370751 0.1245122 0.1186566 0.1201673 0.1263901 0.1361578 0.1476801 0.1603272 0.1781152 0.2183933 0.3454814 0.3454814 -9999.000 -9999.000 -9999.000 -9999.000 -9999.000 -9999.000 -9999.000 -9999.000 -9999.000 -9999.000 -9999.000 -9999.000 -9999.000 -9999.000 -9999.000 -9999.000 -9999.000 -9999.000 -9999.000 -9999.000 -9999.000 -9999.000 -9999.000 -9999.000 -9999.000 -9999.000 -9999.000 -9999.000 -9999.000
2.849361 2.849361 2.861115 2.867864 2.887516 2.887516 2.890297 2.890076 2.890076 2.886240 2.886240 2.879917 2.876074 2.871881 2.867727 2.867727 3.015780 3.020078 3.021230 3.012560 2.977178 2.919224 2.838629 2.733137 2.606794 2.461263 2.299858 2.131723 1.982137 1.926234 1.926234 2.747096 2.921051 3.024228 3.050515 3.050515 3.086487 3.086487 3.073491 3.073491 3.031800 2.856388 2.856388 2.513991 2.513991 2.144062 2.144062 2.144062 2.121178 2.121178 2.150221 2.150221 2.197681 2.197681 2.247948 2.247948 2.293334 2.293334 2.293334 2.329632
2.872599 2.872599 2.892471 2.922432 2.949257 2.949257 2.964006 2.986681 2.986681 3.005308 3.005308 3.021257 3.028483 3.035307 3.042096 3.042096 3.152007 3.171163 3.186821 3.199181 3.204871 3.203977 3.194674 3.173607 3.138932 3.088303 3.020044 2.934787 2.838791 2.760792 2.760792 3.195482 3.348554 3.499632 3.541506 3.541506 3.590240 3.590240 3.593961 3.593961 3.574362 3.476124 3.476124 3.279941 3.279941 2.980569 2.980569 2.980569 2.954506 2.954506 2.985673 2.985673 3.036032 3.036032 3.088829 3.088829 3.137213 3.137213 3.137213 3.177988
2.877867 2.877867 2.893961 2.924401 2.948978 2.948978 2.964393 2.987938 2.987938 3.007195 3.007195 3.023850 3.031470 3.038718 3.045992 3.045992 3.144005 3.175752 3.203254 3.227029 3.245829 3.259961 3.269316 3.272766 3.269421 3.257781 3.236045 3.203251 3.161718 3.127909 3.127909 3.369215 3.515743 3.687992 3.739188 3.739188 3.792770 3.792770 3.784077 3.784077 3.756113 3.659526 3.659526 3.518929 3.518929 3.273526 3.273526 3.273526 3.231546 3.231546 3.249811 3.249811 3.291431 3.291431 3.338101 3.338101 3.381973 3.381973 3.381973 3.419438
2.881594 2.881594 2.894685 2.925100 2.948092 2.948092 2.963904 2.987882 2.987882 3.007156 3.007156 3.023778 3.031389 3.038634 3.045981 3.045981 3.136487 3.178658 3.217129 3.251109 3.279551 3.302422 3.319956 3.332048 3.338762 3.339906 3.334951 3.323558 3.307129 3.295835 3.295835 3.443077 3.571917 3.748197 3.803022 3.803022 3.849937 3.849937 3.816493 3.816493 3.777421 3.688074 3.688074 3.598104 3.598104 3.414187 3.414187 3.414187 3.360013 3.360013 3.363361 3.363361 3.395606 3.395606 3.437000 3.437000 3.477576 3.477576 3.477576 3.512593
2.883824 2.883824 2.891874 2.925150 2.947228 2.947228 2.963422 2.987865 2.987865 3.007194 3.007194 3.023823 3.031443 3.038701 3.046173 3.046173 3.133860 3.184857 3.233160 3.276618 3.313982 3.344897 3.369468 3.387823 3.400267 3.407129 3.408642 3.405178 3.398197 3.394710 3.394710 3.487541 3.594275 3.759138 3.807867 3.807867 3.824807 3.824807 3.758444 3.758444 3.716320 3.655238 3.655238 3.616559 3.616559 3.499187 3.499187 3.499187 3.441606 3.441606 3.429944 3.429944 3.450210 3.450210 3.484380 3.484380 3.520499 3.520499 3.520499 3.552274
2.884548 2.884548 2.893374 2.924908 2.946522 2.946522 2.963028 2.987849 2.987849 3.007206 3.007206 3.023812 3.031423 3.038676 3.046311 3.046311 3.136799 3.195755 3.252808 3.304797 3.350252 3.388618 3.419852 3.444087 3.461628 3.472899 3.478364 3.478671 3.475252 3.473170 3.473170 3.530303 3.612487 3.747034 3.774168 3.774168 3.733948 3.733948 3.647490 3.647490 3.619037 3.603796 3.603796 3.610228 3.610228 3.554948 3.554948 3.554948 3.504487 3.504487 3.481942 3.481942 3.489069 3.489069 3.513630 3.513630 3.543241 3.543241 3.543241 3.570203
2.881031 2.881031 2.897335 2.924786 2.946184 2.946184 2.962873 2.987908 2.987908 3.007267 3.007267 3.023856 3.031468 3.038726 3.046607 3.046607 3.146387 3.213125 3.278056 3.337549 3.390054 3.434972 3.472191 3.501830 3.524151 3.539546 3.548490 3.551627 3.550179 3.547662 3.547662 3.580156 3.636386 3.712631 3.695481 3.695481 3.588276 3.588276 3.521778 3.521778 3.520640 3.553037 3.553037 3.593333 3.593333 3.589622 3.589622 3.589622 3.554558 3.554558 3.528113 3.528113 3.523580 3.523580 3.537021 3.537021 3.558037 3.558037 3.558037 3.578371
2.880703 2.880703 2.898295 2.924617 2.945976 2.945976 2.962754 2.987914 2.987914 3.007303 3.007303 3.023897 3.031510 3.038766 3.046977 3.046977 3.163537 3.238366 3.310510 3.376457 3.434835 3.485161 3.527384 3.561644 3.588199 3.607381 3.619609 3.625432 3.625752 3.622617 3.622617 3.637124 3.664315 3.635832 3.553576 3.553576 3.415405 3.415405 3.409818 3.409818 3.437521 3.506834 3.506834 3.570300 3.570300 3.606783 3.606783 3.606783 3.591346 3.591346 3.568285 3.568285 3.555957 3.555957 3.558261 3.558261 3.569103 3.569103 3.569103 3.581073
2.881031 2.881031 2.897335 2.924786 2.946184 2.946184 2.962873 2.987908 2.987908 3.007267 3.007267 3.023856 3.031469 3.038726 3.047399 3.047399 3.189768 3.273349 3.352191 3.423527 3.486467 3.540843 3.586789 3.624558 3.654445 3.676766 3.691876 3.700199 3.702242 3.698174 3.698174 3.696164 3.682693 3.484658 3.347325 3.347325 3.257019 3.257019 3.324935 3.324935 3.372936 3.465362 3.465362 3.544044 3.544044 3.610576 3.610576 3.610576 3.615036 3.615036 3.600792 3.600792 3.585578 3.585578 3.578243 3.578243 3.578130 3.578130 3.578130 3.580299
2.884549 2.884549 2.893375 2.924907 2.946521 2.946521 2.963027 2.987848 2.987848 3.007205 3.007205 3.023811 3.031424 3.038676 3.047975 3.047975 3.227422 3.320481 3.405452 3.480958 3.546950 3.603776 3.651897 3.691758 3.723755 3.748233 3.765507 3.775871 3.779207 3.771880 3.771880 3.744177 3.656094 3.250237 3.118739 3.118739 3.141349 3.141349 3.260968 3.260968 3.319847 3.425498 3.425498 3.514503 3.514503 3.603120 3.603120 3.603120 3.625245 3.625245 3.622554 3.622554 3.608673 3.608673 3.594371 3.594371 3.583605 3.583605 3.583605 3.575198
2.883824 2.883824 2.891874 2.925150 2.947228 2.947228 2.963421 2.987865 2.987865 3.007194 3.007194 3.023823 3.031444 3.038701 3.048877 3.048877 3.280234 3.383259 3.473449 3.551555 3.618742 3.676097 3.724529 3.764753 3.797318 3.822634 3.841017 3.852589 3.855646 3.835384 3.835384 3.744906 3.519467 2.983534 2.934756 2.934756 3.063184 3.063184 3.206563 3.206563 3.270568 3.384031 3.384031 3.480357 3.480357 3.584865 3.584865 3.584865 3.621261 3.621261 3.630318 3.630318 3.620718 3.620718 3.602363 3.602363 3.582176 3.582176 3.582176 3.563253
2.881595 2.881595 2.894685 2.925101 2.948092 2.948092 2.963904 2.987883 2.987883 3.007156 3.007156 3.023777 3.031388 3.038633 3.049992 3.049992 3.353764 3.466345 3.559968 3.638369 3.704323 3.759835 3.806357 3.844917 3.876240 3.900824 3.918997 3.930422 3.927634 3.856762 3.856762 3.613417 3.224061 2.775682 2.818500 2.818500 2.996887 2.996887 3.149146 3.149146 3.215804 3.334651 3.334651 3.436419 3.436419 3.552170 3.552170 3.552170 3.599298 3.599298 3.618547 3.618547 3.614360 3.614360 3.594366 3.594366 3.566604 3.566604 3.566604 3.538137
