simulation_files/asc/Velocity__x_189.0.asc
NCOLS        79
NROWS        79
XLLCENTER         -1.500000
YLLCENTER         -4.800000
CELLSIZE           0.100
NODATA_VALUE     -9999.0
[rows 0 to 25 of 79, columns 0 to 57 of 79]
-9999.000 -9999.000 -9999.000 -9999.000 -9999.000 -9999.000 -9999.000 -9999.000 -9999.000 -9999.000 -9999.000 -9999.000 -9999.000 -9999.000 -9999.000 -0.1626658E-02 -0.1454602E-02 0.1539948E-02 0.6011862E-02 0.1069781E-01 0.1457518E-01 0.1733339E-01 0.1895003E-01 0.1947905E-01 0.1906158E-01 0.1784886E-01 0.1592110E-01 0.1323704E-01 0.9258903E-02 0.4524280E-02 0.4524280E-02 -9999.000 -9999.000 -9999.000 -9999.000 -9999.000 -9999.000 -9999.000 -9999.000 -9999.000 -9999.000 -9999.000 -9999.000 -9999.000 -9999.000 -9999.000 -9999.000 -9999.000 -9999.000 -9999.000 -9999.000 -9999.000 -9999.000 -9999.000 -9999.000 -9999.000 -9999.000 -9999.000
-9999.000 -9999.000 -9999.000 -9999.000 -9999.000 -9999.000 -9999.000 -9999.000 -9999.000 -9999.000 -9999.000 -9999.000 -9999.000 -9999.000 -9999.000 -0.4439652E-03 0.8934574E-03 0.4911671E-02 0.1027124E-01 0.1575592E-01 0.2034592E-01 0.2366489E-01 0.2561739E-01 0.2620517E-01 0.2553308E-01 0.2373549E-01 0.2090091E-01 0.1702702E-01 0.1169741E-01 0.5703808E-02 0.5703808E-02 -9999.000 -9999.000 -9999.000 -9999.000 -9999.000 -9999.000 -9999.000 -9999.000 -9999.000 -9999.000 -9999.000 -9999.000 -9999.000 -9999.000 -9999.000 -9999.000 -9999.000 -9999.000 -9999.000 -9999.000 -9999.000 -9999.000 -9999.000 -9999.000 -9999.000 -9999.000 -9999.000
-9999.000 -9999.000 -9999.000 -9999.000 -9999.000 -9999.000 -9999.000 -9999.000 -9999.000 -9999.000 -9999.000 -9999.000 -9999.000 -9999.000 -9999.000 -0.1180306E-04 0.1844702E-02 0.6480943E-02 0.1243747E-01 0.1845382E-01 0.2347008E-01 0.2708840E-01 0.2920051E-01 0.2979884E-01 0.2898729E-01 0.2690582E-01 0.2365252E-01 0.1923892E-01 0.1324982E-01 0.6499018E-02 0.6499018E-02 -9999.000 -9999.000 -9999.000 -9999.000 -9999.000 -9999.000 -9999.000 -9999.000 -9999.000 -9999.000 -9999.000 -9999.000 -9999.000 -9999.000 -9999.000 -9999.000 -9999.000 -9999.000 -9999.000 -9999.000 -9999.000 -9999.000 -9999.000 -9999.000 -9999.000 -9999.000 -9999.000
-9999.000 -9999.000 -9999.000 -9999.000 -9999.000 -9999.000 -9999.000 -9999.000 -9999.000 -9999.000 -9999.000 -9999.000 -9999.000 -9999.000 -9999.000 0.1928362E-03 0.2331455E-02 0.7346612E-02 0.1369472E-01 0.2007227E-01 0.2538159E-01 0.2921071E-01 0.3144520E-01 0.3207369E-01 0.3120372E-01 0.2897999E-01 0.2550458E-01 0.2079241E-01 0.1440836E-01 0.7120112E-02 0.7120112E-02 -9999.000 -9999.000 -9999.000 -9999.000 -9999.000 -9999.000 -9999.000 -9999.000 -9999.000 -9999.000 -9999.000 -9999.000 -9999.000 -9999.000 -9999.000 -9999.000 -9999.000 -9999.000 -9999.000 -9999.000 -9999.000 -9999.000 -9999.000 -9999.000 -9999.000 -9999.000 -9999.000
-9999.000 -9999.000 -9999.000 -9999.000 -9999.000 -9999.000 -9999.000 -9999.000 -9999.000 -9999.000 -9999.000 -9999.000 -9999.000 -9999.000 -9999.000 0.3133667E-03 0.2642778E-02 0.7939767E-02 0.1459241E-01 0.2125769E-01 0.2680343E-01 0.3080738E-01 0.3315277E-01 0.3382549E-01 0.3293747E-01 0.3063782E-01 0.2702949E-01 0.2212509E-01 0.1545816E-01 0.7705034E-02 0.7705034E-02 -9999.000 -9999.000 -9999.000 -9999.000 -9999.000 -9999.000 -9999.000 -9999.000 -9999.000 -9999.000 -9999.000 -9999.000 -9999.000 -9999.000 -9999.000 -9999.000 -9999.000 -9999.000 -9999.000 -9999.000 -9999.000 -9999.000 -9999.000 -9999.000 -9999.000 -9999.000 -9999.000
-9999.000 -9999.000 -9999.000 -9999.000 -9999.000 -9999.000 -9999.000 -9999.000 -9999.000 -9999.000 -9999.000 -9999.000 -9999.000 -9999.000 -9999.000 0.4099646E-03 0.2903400E-02 0.8451627E-02 0.1538050E-01 0.2230846E-01 0.2807036E-01 0.3223734E-01 0.3469155E-01 0.3541766E-01 0.3453292E-01 0.3219073E-01 0.2849248E-01 0.2344617E-01 0.1654336E-01 0.8326476E-02 0.8326476E-02 -9999.000 -9999.000 -9999.000 -9999.000 -9999.000 -9999.000 -9999.000 -9999.000 -9999.000 -9999.000 -9999.000 -9999.000 -9999.000 -9999.000 -9999.000 -9999.000 -9999.000 -9999.000 -9999.000 -9999.000 -9999.000 -9999.000 -9999.000 -9999.000 -9999.000 -9999.000 -9999.000
-9999.000 -9999.000 -9999.000 -9999.000 -9999.000 -9999.000 -9999.000 -9999.000 -9999.000 -9999.000 -9999.000 -9999.000 -9999.000 -9999.000 -9999.000 0.5106759E-03 0.3171412E-02 0.8971621E-02 0.1617570E-01 0.2336384E-01 0.2933921E-01 0.3366843E-01 0.3623530E-01 0.3702298E-01 0.3615599E-01 0.3379198E-01 0.3002939E-01 0.2486825E-01 0.1774853E-01 0.9030834E-02 0.9030834E-02 -9999.000 -9999.000 -9999.000 -9999.000 -9999.000 -9999.000 -9999.000 -9999.000 -9999.000 -9999.000 -9999.000 -9999.000 -9999.000 -9999.000 -9999.000 -9999.000 -9999.000 -9999.000 -9999.000 -9999.000 -9999.000 -9999.000 -9999.000 -9999.000 -9999.000 -9999.000 -9999.000
-9999.000 -9999.000 -9999.000 -9999.000 -9999.000 -9999.000 -9999.000 -9999.000 -9999.000 -9999.000 -9999.000 -9999.000 -9999.000 -9999.000 -9999.000 0.6302604E-03 0.3477351E-02 0.9546033E-02 0.1703808E-01 0.2449557E-01 0.3069026E-01 0.3518775E-01 0.3787495E-01 0.3873398E-01 0.3789802E-01 0.3552970E-01 0.3172219E-01 0.2646591E-01 0.1913726E-01 0.9855948E-02 0.9855948E-02 -9999.000 -9999.000 -9999.000 -9999.000 -9999.000 -9999.000 -9999.000 -9999.000 -9999.000 -9999.000 -9999.000 -9999.000 -9999.000 -9999.000 -9999.000 -9999.000 -9999.000 -9999.000 -9999.000 -9999.000 -9999.000 -9999.000 -9999.000 -9999.000 -9999.000 -9999.000 -9999.000
-9999.000 -9999.000 -9999.000 -9999.000 -9999.000 -9999.000 -9999.000 -9999.000 -9999.000 -9999.000 -9999.000 -9999.000 -9999.000 -9999.000 -9999.000 0.7785408E-03 0.3841307E-02 0.1020490E-01 0.1800623E-01 0.2574939E-01 0.3217502E-01 0.3685139E-01 0.3967028E-01 0.4061290E-01 0.3982371E-01 0.3746976E-01 0.3363776E-01 0.2830613E-01 0.2077438E-01 0.1084304E-01 0.1084304E-01 -9999.000 -9999.000 -9999.000 -9999.000 -9999.000 -9999.000 -9999.000 -9999.000 -9999.000 -9999.000 -9999.000 -9999.000 -9999.000 -9999.000 -9999.000 -9999.000 -9999.000 -9999.000 -9999.000 -9999.000 -9999.000 -9999.000 -9999.000 -9999.000 -9999.000 -9999.000 -9999.000
-9999.000 -9999.000 -9999.000 -9999.000 -9999.000 -9999.000 -9999.000 -9999.000 -9999.000 -9999.000 -9999.000 -9999.000 -9999.000 -9999.000 -9999.000 0.9636766E-03 0.4279824E-02 0.1097368E-01 0.1911342E-01 0.2716436E-01 0.3383779E-01 0.3870790E-01 0.4167398E-01 0.4271657E-01 0.4199392E-01 0.3967799E-01 0.3584728E-01 0.3046505E-01 0.2273806E-01 0.1204419E-01 0.1204419E-01 -9999.000 -9999.000 -9999.000 -9999.000 -9999.000 -9999.000 -9999.000 -9999.000 -9999.000 -9999.000 -9999.000 -9999.000 -9999.000 -9999.000 -9999.000 -9999.000 -9999.000 -9999.000 -9999.000 -9999.000 -9999.000 -9999.000 -9999.000 -9999.000 -9999.000 -9999.000 -9999.000
-9999.000 -9999.000 -9999.000 -9999.000 -9999.000 -9999.000 -9999.000 -9999.000 -9999.000 -9999.000 -9999.000 -9999.000 -9999.000 -9999.000 -9999.000 0.1195377E-02 0.4812694E-02 0.1188129E-01 0.2039667E-01 0.2878498E-01 0.3572823E-01 0.4081232E-01 0.4394618E-01 0.4511059E-01 0.4448085E-01 0.4223488E-01 0.3843955E-01 0.3304089E-01 0.2513415E-01 0.1353033E-01 0.1353033E-01 -9999.000 -9999.000 -9999.000 -9999.000 -9999.000 -9999.000 -9999.000 -9999.000 -9999.000 -9999.000 -9999.000 -9999.000 -9999.000 -9999.000 -9999.000 -9999.000 -9999.000 -9999.000 -9999.000 -9999.000 -9999.000 -9999.000 -9999.000 -9999.000 -9999.000 -9999.000 -9999.000
-9999.000 -9999.000 -9999.000 -9999.000 -9999.000 -9999.000 -9999.000 -9999.000 -9999.000 -9999.000 -9999.000 -9999.000 -9999.000 -9999.000 -9999.000 0.1486939E-02 0.5467417E-02 0.1297052E-01 0.2191347E-01 0.3067549E-01 0.3791760E-01 0.4324184E-01 0.4657093E-01 0.4788624E-01 0.4738504E-01 0.4525109E-01 0.4153843E-01 0.3617217E-01 0.2811266E-01 0.1540330E-01 0.1540330E-01 -9999.000 -9999.000 -9999.000 -9999.000 -9999.000 -9999.000 -9999.000 -9999.000 -9999.000 -9999.000 -9999.000 -9999.000 -9999.000 -9999.000 -9999.000 -9999.000 -9999.000 -9999.000 -9999.000 -9999.000 -9999.000 -9999.000 -9999.000 -9999.000 -9999.000 -9999.000 -9999.000
-9999.000 -9999.000 -9999.000 -9999.000 -9999.000 -9999.000 -9999.000 -9999.000 -9999.000 -9999.000 -9999.000 -9999.000 -9999.000 -9999.000 -9999.000 0.1896565E-02 0.6369133E-02 0.1444145E-01 0.2391937E-01 0.3309184E-01 0.4064643E-01 0.4622394E-01 0.4976325E-01 0.5124985E-01 0.5090857E-01 0.4893109E-01 0.4535523E-01 0.4008214E-01 0.3190807E-01 0.1781916E-01 0.1781916E-01 -9999.000 -9999.000 -9999.000 -9999.000 -9999.000 -9999.000 -9999.000 -9999.000 -9999.000 -9999.000 -9999.000 -9999.000 -9999.000 -9999.000 -9999.000 -9999.000 -9999.000 -9999.000 -9999.000 -9999.000 -9999.000 -9999.000 -9999.000 -9999.000 -9999.000 -9999.000 -9999.000
-9999.000 -9999.000 -9999.000 -9999.000 -9999.000 -9999.000 -9999.000 -9999.000 -9999.000 -9999.000 -9999.000 -9999.000 -9999.000 -9999.000 -9999.000 0.4106022E-02 0.1109498E-01 0.2209558E-01 0.3292580E-01 0.4184002E-01 0.4891210E-01 0.5400025E-01 0.5705839E-01 0.5810280E-01 0.5740620E-01 0.5516537E-01 0.5138963E-01 0.4593965E-01 0.3739562E-01 0.2126839E-01 0.2126839E-01 -9999.000 -9999.000 -9999.000 -9999.000 -9999.000 -9999.000 -9999.000 -9999.000 -9999.000 -9999.000 -9999.000 -9999.000 -9999.000 -9999.000 -9999.000 -9999.000 -9999.000 -9999.000 -9999.000 -9999.000 -9999.000 -9999.000 -9999.000 -9999.000 -9999.000 -9999.000 -9999.000
-9999.000 -9999.000 -9999.000 -9999.000 -9999.000 -9999.000 -9999.000 -9999.000 -9999.000 -9999.000 -9999.000 -9999.000 -9999.000 -9999.000 -9999.000 0.1065360 0.1646335 0.1954231 0.1898018 0.1611663 0.1393583 0.1207104 0.1047123 0.9096733E-01 0.7926193E-01 0.6898824E-01 0.5959390E-01 0.5039054E-01 0.3935482E-01 0.1880939E-01 0.1880939E-01 -9999.000 -9999.000 -9999.000 -9999.000 -9999.000 -9999.000 -9999.000 -9999.000 -9999.000 -9999.000 -9999.000 -9999.000 -9999.000 -9999.000 -9999.000 -9999.000 -9999.000 -9999.000 -9999.000 -9999.000 -9999.000 -9999.000 -9999.000 -9999.000 -9999.000 -9999.000 -9999.000
2.863963 2.863963 2.838625 2.900463 2.906137 2.906137 2.908648 2.909503 2.909503 2.906906 2.906906 2.901899 2.898706 2.895139 2.891253 2.891253 3.036889 3.040932 3.041609 3.040845 3.012952 2.961599 2.887136 2.789271 2.665925 2.523740 2.363649 2.193162 2.033973 1.953199 1.953199 2.759450 2.935228 3.043996 3.072624 3.072624 3.114917 3.114917 3.116750 3.116750 3.086231 2.941246 2.941246 2.664786 2.664786 2.220511 2.220511 2.220511 2.171650 2.171650 2.187050 2.187050 2.228445 2.228445 2.276209 2.276209 2.321226 2.321226
2.887612 2.887612 2.866391 2.951207 2.968764 2.968764 2.982892 3.006598 3.006598 3.026603 3.026603 3.044020 3.051973 3.059504 3.066666 3.066666 3.170500 3.188740 3.203368 3.216618 3.223231 3.223274 3.215126 3.196075 3.162421 3.113152 3.046005 2.961037 2.863731 2.778397 2.778397 3.196991 3.354259 3.508427 3.551411 3.551411 3.604127 3.604127 3.616757 3.616757 3.603614 3.523503 3.523503 3.360642 3.360642 3.045277 3.045277 3.045277 2.989921 2.989921 3.006846 3.006846 3.050875 3.050875 3.101285 3.101285 3.149207 3.149207
2.892329 2.892329 2.869228 2.951041 2.969032 2.969032 2.983592 3.007942 3.007942 3.028562 3.028562 3.046687 3.055032 3.062983 3.070590 3.070590 3.160630 3.190950 3.217331 3.241030 3.259895 3.273749 3.282355 3.284902 3.279652 3.265683 3.241220 3.205132 3.159392 3.118668 3.118668 3.351115 3.502398 3.681718 3.735610 3.735610 3.796666 3.796666 3.799697 3.799697 3.778374 3.689620 3.689620 3.561619 3.561619 3.322579 3.322579 3.322579 3.257531 3.257531 3.260867 3.260867 3.295568 3.295568 3.339679 3.339679 3.383149 3.383149
2.894771 2.894771 2.873549 2.950429 2.968605 2.968605 2.983421 3.007969 3.007969 3.028603 3.028603 3.046729 3.055080 3.063040 3.070657 3.070657 3.151576 3.191667 3.228874 3.262501 3.290842 3.313303 3.329767 3.340134 3.343913 3.341025 3.331017 3.313537 3.289898 3.269454 3.269454 3.408628 3.540366 3.726858 3.787359 3.787359 3.849678 3.849678 3.832609 3.832609 3.797863 3.704018 3.704018 3.613605 3.613605 3.448874 3.448874 3.448874 3.382205 3.382205 3.371599 3.371599 3.395640 3.395640 3.433524 3.433524 3.473303 3.473303
2.892059 2.892059 2.880362 2.949790 2.968133 2.968133 2.983203 3.007957 3.007957 3.028599 3.028599 3.046713 3.055062 3.063022 3.070642 3.070642 3.147298 3.195561 3.242404 3.285251 3.322289 3.352632 3.375983 3.392308 3.401507 3.403770 3.399287 3.388377 3.372433 3.358070 3.358070 3.441121 3.547414 3.723907 3.782737 3.782737 3.827210 3.827210 3.778684 3.778684 3.734695 3.658141 3.658141 3.613293 3.613293 3.519868 3.519868 3.519868 3.460953 3.460953 3.438836 3.438836 3.450150 3.450150 3.479539 3.479539 3.514103 3.514103
2.892132 2.892132 2.884701 2.949315 2.967774 2.967774 2.983045 3.007972 3.007972 3.028619 3.028619 3.046721 3.055064 3.063021 3.070638 3.070638 3.148761 3.204453 3.259749 3.310781 3.355509 3.392908 3.422559 3.444372 3.458344 3.464678 3.463703 3.455948 3.442729 3.428862 3.428862 3.474583 3.553078 3.701805 3.746440 3.746440 3.746254 3.746254 3.667849 3.667849 3.630358 3.595576 3.595576 3.595589 3.595589 3.562866 3.562866 3.562866 3.519434 3.519434 3.491690 3.491690 3.490515 3.490515 3.509297 3.509297 3.536467 3.536467
2.892177 2.892177 2.887330 2.949036 2.967546 2.967546 2.982939 3.007980 3.007980 3.028632 3.028632 3.046724 3.055067 3.063022 3.070640 3.070640 3.156758 3.219833 3.282641 3.340691 3.391878 3.435198 3.470223 3.496850 3.515098 3.525135 3.527257 3.521952 3.510283 3.495599 3.495599 3.515847 3.566613 3.666456 3.678326 3.678326 3.612217 3.612217 3.534538 3.534538 3.521603 3.537790 3.537790 3.573543 3.573543 3.587831 3.587831 3.587831 3.564035 3.564035 3.537819 3.537819 3.527420 3.527420 3.534811 3.534811 3.552609 3.552609
2.892192 2.892192 2.888209 2.948947 2.967470 2.967470 2.982904 3.007984 3.007984 3.028638 3.028638 3.046726 3.055067 3.063023 3.070642 3.070642 3.172277 3.243169 3.312723 3.376547 3.432770 3.480592 3.519721 3.550117 3.571848 3.585055 3.589968 3.586951 3.576744 3.561357 3.561357 3.563879 3.587127 3.606186 3.562604 3.562604 3.442577 3.442577 3.413122 3.413122 3.431162 3.489822 3.489822 3.550120 3.550120 3.599135 3.599135 3.599135 3.595597 3.595597 3.576962 3.576962 3.561892 3.561892 3.558977 3.558977 3.566254 3.566254
2.892177 2.892177 2.887330 2.949036 2.967545 2.967545 2.982939 3.007980 3.007980 3.028632 3.028632 3.046724 3.055066 3.063022 3.070645 3.070645 3.196789 3.276160 3.351737 3.419969 3.479588 3.530221 3.571858 3.604631 3.628696 3.644215 3.651361 3.650370 3.641606 3.625554 3.625554 3.613945 3.605520 3.493607 3.385963 3.385963 3.275240 3.275240 3.319471 3.319471 3.361877 3.448222 3.448222 3.524640 3.524640 3.599307 3.599307 3.599307 3.614328 3.614328 3.606936 3.606936 3.592108 3.592108 3.581418 3.581418 3.578082 3.578082
2.892131 2.892131 2.884701 2.949315 2.967774 2.967774 2.983044 3.007972 3.007972 3.028619 3.028619 3.046720 3.055064 3.063022 3.070649 3.070649 3.232509 3.320920 3.401588 3.472574 3.533642 3.585088 3.627330 3.660767 3.685701 3.702352 3.710869 3.711369 3.703696 3.685660 3.685660 3.656585 3.598775 3.304093 3.168658 3.168658 3.146820 3.146820 3.252659 3.252659 3.308631 3.410486 3.410486 3.497546 3.497546 3.590980 3.590980 3.590980 3.621514 3.621514 3.626409 3.626409 3.615622 3.615622 3.600373 3.600373 3.587375 3.587375
2.892059 2.892059 2.880362 2.949789 2.968133 2.968133 2.983203 3.007956 3.007956 3.028598 3.028598 3.046712 3.055061 3.063022 3.070661 3.070661 3.282809 3.380241 3.464438 3.535954 3.596036 3.645896 3.686512 3.718610 3.742684 3.759030 3.767799 3.768961 3.761231 3.735284 3.735284 3.668547 3.518331 3.057577 2.971821 2.971821 3.061993 3.061993 3.198824 3.198824 3.260991 3.371569 3.371569 3.466147 3.466147 3.573338 3.573338 3.573338 3.616078 3.616078 3.632386 3.632386 3.627700 3.627700 3.610924 3.610924 3.590082 3.590082
