simulation_files/asc/Velocity__x_241.0.asc
NCOLS        79
NROWS        79
XLLCENTER         -1.500000
YLLCENTER         -4.800000
CELLSIZE           0.100
NODATA_VALUE     -9999.0
[rows 0 to 25 of 79, columns 0 to 57 of 79]
-9999.000 -9999.000 -9999.000 -9999.000 -9999.000 -9999.000 -9999.000 -9999.000 -9999.000 -9999.000 -9999.000 -9999.000 -9999.000 -9999.000 -9999.000 -0.1302362E-02 -0.6960245E-03 0.2743080E-02 0.7395918E-02 0.1202272E-01 0.1576729E-01 0.1839055E-01 0.1987974E-01 0.2032280E-01 0.1986218E-01 0.1861696E-01 0.1666355E-01 0.1392999E-01 0.9795164E-02 0.4801059E-02 0.4801059E-02 -9999.000 -9999.000 -9999.000 -9999.000 -9999.000 -9999.000 -9999.000 -9999.000 -9999.000 -9999.000 -9999.000 -9999.000 -9999.000 -9999.000 -9999.000 -9999.000 -9999.000 -9999.000 -9999.000 -9999.000 -9999.000 -9999.000 -9999.000 -9999.000 -9999.000 -9999.000 -9999.000
-9999.000 -9999.000 -9999.000 -9999.000 -9999.000 -9999.000 -9999.000 -9999.000 -9999.000 -9999.000 -9999.000 -9999.000 -9999.000 -9999.000 -9999.000 -0.4771829E-04 0.1778710E-02 0.6278915E-02 0.1185288E-01 0.1730685E-01 0.2177620E-01 0.2495604E-01 0.2676767E-01 0.2724729E-01 0.2650262E-01 0.2463974E-01 0.2174227E-01 0.1777926E-01 0.1225977E-01 0.5989735E-02 0.5989735E-02 -9999.000 -9999.000 -9999.000 -9999.000 -9999.000 -9999.000 -9999.000 -9999.000 -9999.000 -9999.000 -9999.000 -9999.000 -9999.000 -9999.000 -9999.000 -9999.000 -9999.000 -9999.000 -9999.000 -9999.000 -9999.000 -9999.000 -9999.000 -9999.000 -9999.000 -9999.000 -9999.000
-9999.000 -9999.000 -9999.000 -9999.000 -9999.000 -9999.000 -9999.000 -9999.000 -9999.000 -9999.000 -9999.000 -9999.000 -9999.000 -9999.000 -9999.000 0.4184891E-03 0.2792795E-02 0.7928708E-02 0.1410387E-01 0.2008227E-01 0.2496670E-01 0.2843522E-01 0.3039628E-01 0.3087918E-01 0.2999070E-01 0.2784039E-01 0.2452275E-01 0.2001930E-01 0.1383588E-01 0.6798036E-02 0.6798036E-02 -9999.000 -9999.000 -9999.000 -9999.000 -9999.000 -9999.000 -9999.000 -9999.000 -9999.000 -9999.000 -9999.000 -9999.000 -9999.000 -9999.000 -9999.000 -9999.000 -9999.000 -9999.000 -9999.000 -9999.000 -9999.000 -9999.000 -9999.000 -9999.000 -9999.000 -9999.000 -9999.000
-9999.000 -9999.000 -9999.000 -9999.000 -9999.000 -9999.000 -9999.000 -9999.000 -9999.000 -9999.000 -9999.000 -9999.000 -9999.000 -9999.000 -9999.000 0.6562560E-03 0.3339032E-02 0.8866770E-02 0.1543051E-01 0.2175486E-01 0.2691536E-01 0.3058044E-01 0.3265355E-01 0.3316237E-01 0.3221603E-01 0.2992675E-01 0.2639296E-01 0.2159716E-01 0.1501962E-01 0.7434512E-02 0.7434512E-02 -9999.000 -9999.000 -9999.000 -9999.000 -9999.000 -9999.000 -9999.000 -9999.000 -9999.000 -9999.000 -9999.000 -9999.000 -9999.000 -9999.000 -9999.000 -9999.000 -9999.000 -9999.000 -9999.000 -9999.000 -9999.000 -9999.000 -9999.000 -9999.000 -9999.000 -9999.000 -9999.000
-9999.000 -9999.000 -9999.000 -9999.000 -9999.000 -9999.000 -9999.000 -9999.000 -9999.000 -9999.000 -9999.000 -9999.000 -9999.000 -9999.000 -9999.000 0.8170414E-03 0.3722915E-02 0.9547938E-02 0.1641353E-01 0.2300884E-01 0.2838635E-01 0.3221079E-01 0.3438332E-01 0.3493228E-01 0.3396973E-01 0.3160889E-01 0.2794977E-01 0.2296927E-01 0.1610834E-01 0.8042783E-02 0.8042783E-02 -9999.000 -9999.000 -9999.000 -9999.000 -9999.000 -9999.000 -9999.000 -9999.000 -9999.000 -9999.000 -9999.000 -9999.000 -9999.000 -9999.000 -9999.000 -9999.000 -9999.000 -9999.000 -9999.000 -9999.000 -9999.000 -9999.000 -9999.000 -9999.000 -9999.000 -9999.000 -9999.000
-9999.000 -9999.000 -9999.000 -9999.000 -9999.000 -9999.000 -9999.000 -9999.000 -9999.000 -9999.000 -9999.000 -9999.000 -9999.000 -9999.000 -9999.000 0.9631629E-03 0.4073249E-02 0.1017031E-01 0.1731142E-01 0.2415195E-01 0.2972521E-01 0.3369592E-01 0.3596549E-01 0.3656409E-01 0.3560732E-01 0.3320857E-01 0.2946770E-01 0.2435274E-01 0.1725274E-01 0.8699331E-02 0.8699331E-02 -9999.000 -9999.000 -9999.000 -9999.000 -9999.000 -9999.000 -9999.000 -9999.000 -9999.000 -9999.000 -9999.000 -9999.000 -9999.000 -9999.000 -9999.000 -9999.000 -9999.000 -9999.000 -9999.000 -9999.000 -9999.000 -9999.000 -9999.000 -9999.000 -9999.000 -9999.000 -9999.000
-9999.000 -9999.000 -9999.000 -9999.000 -9999.000 -9999.000 -9999.000 -9999.000 -9999.000 -9999.000 -9999.000 -9999.000 -9999.000 -9999.000 -9999.000 0.1123692E-02 0.4449998E-02 0.1082534E-01 0.1824293E-01 0.2532634E-01 0.3109149E-01 0.3520747E-01 0.3757722E-01 0.3823443E-01 0.3729898E-01 0.3488372E-01 0.3108721E-01 0.2586485E-01 0.1854166E-01 0.9453305E-02 0.9453305E-02 -9999.000 -9999.000 -9999.000 -9999.000 -9999.000 -9999.000 -9999.000 -9999.000 -9999.000 -9999.000 -9999.000 -9999.000 -9999.000 -9999.000 -9999.000 -9999.000 -9999.000 -9999.000 -9999.000 -9999.000 -9999.000 -9999.000 -9999.000 -9999.000 -9999.000 -9999.000 -9999.000
-9999.000 -9999.000 -9999.000 -9999.000 -9999.000 -9999.000 -9999.000 -9999.000 -9999.000 -9999.000 -9999.000 -9999.000 -9999.000 -9999.000 -9999.000 0.1313962E-02 0.4884570E-02 0.1156026E-01 0.1926996E-01 0.2660513E-01 0.3256761E-01 0.3683459E-01 0.3931239E-01 0.4003925E-01 0.3914027E-01 0.3672689E-01 0.3289598E-01 0.2758684E-01 0.2004580E-01 0.1034725E-01 0.1034725E-01 -9999.000 -9999.000 -9999.000 -9999.000 -9999.000 -9999.000 -9999.000 -9999.000 -9999.000 -9999.000 -9999.000 -9999.000 -9999.000 -9999.000 -9999.000 -9999.000 -9999.000 -9999.000 -9999.000 -9999.000 -9999.000 -9999.000 -9999.000 -9999.000 -9999.000 -9999.000 -9999.000
-9999.000 -9999.000 -9999.000 -9999.000 -9999.000 -9999.000 -9999.000 -9999.000 -9999.000 -9999.000 -9999.000 -9999.000 -9999.000 -9999.000 -9999.000 0.1544424E-02 0.5398137E-02 0.1240724E-01 0.2043326E-01 0.2803657E-01 0.3420760E-01 0.3863640E-01 0.4123422E-01 0.4204527E-01 0.4120073E-01 0.3881059E-01 0.3496843E-01 0.2959422E-01 0.2183898E-01 0.1142826E-01 0.1142826E-01 -9999.000 -9999.000 -9999.000 -9999.000 -9999.000 -9999.000 -9999.000 -9999.000 -9999.000 -9999.000 -9999.000 -9999.000 -9999.000 -9999.000 -9999.000 -9999.000 -9999.000 -9999.000 -9999.000 -9999.000 -9999.000 -9999.000 -9999.000 -9999.000 -9999.000 -9999.000 -9999.000
-9999.000 -9999.000 -9999.000 -9999.000 -9999.000 -9999.000 -9999.000 -9999.000 -9999.000 -9999.000 -9999.000 -9999.000 -9999.000 -9999.000 -9999.000 0.1824350E-02 0.6009922E-02 0.1339430E-01 0.2176874E-01 0.2966330E-01 0.3605987E-01 0.4066622E-01 0.4340087E-01 0.4431573E-01 0.4354983E-01 0.4120996E-01 0.3738678E-01 0.3197605E-01 0.2401322E-01 0.1275735E-01 0.1275735E-01 -9999.000 -9999.000 -9999.000 -9999.000 -9999.000 -9999.000 -9999.000 -9999.000 -9999.000 -9999.000 -9999.000 -9999.000 -9999.000 -9999.000 -9999.000 -9999.000 -9999.000 -9999.000 -9999.000 -9999.000 -9999.000 -9999.000 -9999.000 -9999.000 -9999.000 -9999.000 -9999.000
-9999.000 -9999.000 -9999.000 -9999.000 -9999.000 -9999.000 -9999.000 -9999.000 -9999.000 -9999.000 -9999.000 -9999.000 -9999.000 -9999.000 -9999.000 0.2164247E-02 0.6740835E-02 0.1455301E-01 0.2331766E-01 0.3153422E-01 0.3817952E-01 0.4298591E-01 0.4588086E-01 0.4692688E-01 0.4627172E-01 0.4401935E-01 0.4025639E-01 0.3484960E-01 0.2669466E-01 0.1441908E-01 0.1441908E-01 -9999.000 -9999.000 -9999.000 -9999.000 -9999.000 -9999.000 -9999.000 -9999.000 -9999.000 -9999.000 -9999.000 -9999.000 -9999.000 -9999.000 -9999.000 -9999.000 -9999.000 -9999.000 -9999.000 -9999.000 -9999.000 -9999.000 -9999.000 -9999.000 -9999.000 -9999.000 -9999.000
-9999.000 -9999.000 -9999.000 -9999.000 -9999.000 -9999.000 -9999.000 -9999.000 -9999.000 -9999.000 -9999.000 -9999.000 -9999.000 -9999.000 -9999.000 0.2577153E-02 0.7618198E-02 0.1592499E-01 0.2513363E-01 0.3371315E-01 0.4063958E-01 0.4567726E-01 0.4876578E-01 0.4998054E-01 0.4948157E-01 0.4736818E-01 0.4372425E-01 0.3838116E-01 0.3006465E-01 0.1653644E-01 0.1653644E-01 -9999.000 -9999.000 -9999.000 -9999.000 -9999.000 -9999.000 -9999.000 -9999.000 -9999.000 -9999.000 -9999.000 -9999.000 -9999.000 -9999.000 -9999.000 -9999.000 -9999.000 -9999.000 -9999.000 -9999.000 -9999.000 -9999.000 -9999.000 -9999.000 -9999.000 -9999.000 -9999.000
-9999.000 -9999.000 -9999.000 -9999.000 -9999.000 -9999.000 -9999.000 -9999.000 -9999.000 -9999.000 -9999.000 -9999.000 -9999.000 -9999.000 -9999.000 0.3108392E-02 0.8737397E-02 0.1766165E-01 0.2740741E-01 0.3638877E-01 0.4362918E-01 0.4892948E-01 0.5224558E-01 0.5367158E-01 0.5338201E-01 0.5147317E-01 0.4802586E-01 0.4282923E-01 0.3440174E-01 0.1929667E-01 0.1929667E-01 -9999.000 -9999.000 -9999.000 -9999.000 -9999.000 -9999.000 -9999.000 -9999.000 -9999.000 -9999.000 -9999.000 -9999.000 -9999.000 -9999.000 -9999.000 -9999.000 -9999.000 -9999.000 -9999.000 -9999.000 -9999.000 -9999.000 -9999.000 -9999.000 -9999.000 -9999.000 -9999.000
-9999.000 -9999.000 -9999.000 -9999.000 -9999.000 -9999.000 -9999.000 -9999.000 -9999.000 -9999.000 -9999.000 -9999.000 -9999.000 -9999.000 -9999.000 0.5025182E-02 0.1279190E-01 0.2394693E-01 0.3457431E-01 0.4342516E-01 0.5053612E-01 0.5565049E-01 0.5877758E-01 0.6005447E-01 0.5968248E-01 0.5775242E-01 0.5433923E-01 0.4917370E-01 0.4050836E-01 0.2318058E-01 0.2318058E-01 -9999.000 -9999.000 -9999.000 -9999.000 -9999.000 -9999.000 -9999.000 -9999.000 -9999.000 -9999.000 -9999.000 -9999.000 -9999.000 -9999.000 -9999.000 -9999.000 -9999.000 -9999.000 -9999.000 -9999.000 -9999.000 -9999.000 -9999.000 -9999.000 -9999.000 -9999.000 -9999.000
-9999.000 -9999.000 -9999.000 -9999.000 -9999.000 -9999.000 -9999.000 -9999.000 -9999.000 -9999.000 -9999.000 -9999.000 -9999.000 -9999.000 -9999.000 0.9667049E-01 0.1479130 0.1728100 0.1650261 0.1421392 0.1255297 0.1109599 0.9829552E-01 0.8739883E-01 0.7790598E-01 0.6936957E-01 0.6139047E-01 0.5321303E-01 0.4252469E-01 0.2063002E-01 0.2063002E-01 -9999.000 -9999.000 -9999.000 -9999.000 -9999.000 -9999.000 -9999.000 -9999.000 -9999.000 -9999.000 -9999.000 -9999.000 -9999.000 -9999.000 -9999.000 -9999.000 -9999.000 -9999.000 -9999.000 -9999.000 -9999.000 -9999.000 -9999.000 -9999.000 -9999.000 -9999.000 -9999.000
2.861571 2.861571 2.868799 2.878611 2.897384 2.897384 2.899850 2.899519 2.899519 2.895746 2.895746 2.889480 2.885649 2.881459 2.877310 2.877310 3.029205 3.033681 3.034969 3.027804 2.992990 2.935091 2.853993 2.747625 2.619333 2.471357 2.306733 2.134286 1.978122 1.907768 1.907768 2.753521 2.933166 3.039070 3.065830 3.065830 3.102691 3.102691 3.091239 3.091239 3.050442 2.877172 2.877172 2.547023 2.547023 2.160573 2.160573 2.160573 2.135216 2.135216 2.163210 2.163210 2.210430 2.210430 2.260740 2.260740 2.306339 2.306339
2.884184 2.884184 2.899719 2.932829 2.958874 2.958874 2.973383 2.996031 2.996031 3.014774 3.014774 3.030829 3.038089 3.044941 3.051761 3.051761 3.164479 3.183994 3.199875 3.212589 3.218164 3.216610 3.205988 3.182887 3.145202 3.090781 3.017955 2.927493 2.825996 2.742281 2.742281 3.196607 3.357469 3.513285 3.555933 3.555933 3.605776 3.605776 3.610868 3.610868 3.591911 3.494078 3.494078 3.302292 3.302292 2.998079 2.998079 2.998079 2.969399 2.969399 2.999546 2.999546 3.049618 3.049618 3.102465 3.102465 3.151045 3.151045
2.889327 2.889327 2.900968 2.934560 2.958496 2.958496 2.973741 2.997292 2.997292 3.016672 3.016672 3.033434 3.041090 3.048360 3.055670 3.055670 3.156133 3.188389 3.216194 3.240172 3.258719 3.271932 3.279532 3.280272 3.273060 3.256427 3.228617 3.188811 3.139747 3.098908 3.098908 3.355091 3.512281 3.695032 3.748778 3.748778 3.806049 3.806049 3.800412 3.800412 3.772908 3.673444 3.673444 3.532512 3.532512 3.289618 3.289618 3.289618 3.245961 3.245961 3.263170 3.263170 3.304429 3.304429 3.351109 3.351109 3.395166 3.395166
2.892971 2.892971 2.900759 2.934799 2.957385 2.957385 2.973161 2.997256 2.997256 3.016690 3.016690 3.033445 3.041103 3.048382 3.055776 3.055776 3.148423 3.191191 3.230011 3.264117 3.292204 3.314012 3.329564 3.338597 3.340980 3.336452 3.324481 3.304818 3.279226 3.258963 3.258963 3.414240 3.553083 3.744099 3.804116 3.804116 3.860143 3.860143 3.832734 3.832734 3.793332 3.697297 3.697297 3.603912 3.603912 3.427721 3.427721 3.427721 3.374108 3.374108 3.376669 3.376669 3.408381 3.408381 3.449627 3.449627 3.490303 3.490303
2.895178 2.895178 2.899414 2.935040 2.956711 2.956711 2.972793 2.997255 2.997255 3.016705 3.016705 3.033436 3.041089 3.048365 3.055875 3.055875 3.145420 3.197029 3.245667 3.289137 3.325988 3.355643 3.377993 3.392989 3.400753 3.401492 3.395391 3.382853 3.365590 3.351548 3.351548 3.445984 3.559806 3.741267 3.798478 3.798478 3.832774 3.832774 3.774724 3.774724 3.730610 3.660419 3.660419 3.617353 3.617353 3.509592 3.509592 3.509592 3.455206 3.455206 3.443513 3.443513 3.463122 3.463122 3.496903 3.496903 3.532974 3.532974
2.895950 2.895950 2.901649 2.934858 2.956063 2.956063 2.972427 2.997248 2.997248 3.016739 3.016739 3.033479 3.041149 3.048449 3.056164 3.056164 3.148354 3.207901 3.265207 3.317022 3.361696 3.398475 3.427117 3.447582 3.460009 3.464684 3.461991 3.452564 3.437998 3.424094 3.424094 3.477674 3.563255 3.715625 3.756038 3.756038 3.742579 3.742579 3.662835 3.662835 3.630901 3.606779 3.606779 3.609272 3.609272 3.562627 3.562627 3.562627 3.517244 3.517244 3.495777 3.495777 3.502315 3.502315 3.526238 3.526238 3.555601 3.555601
2.893211 2.893211 2.906507 2.935203 2.956192 2.956192 2.972736 2.997789 2.997789 3.017288 3.017288 3.033986 3.041633 3.048908 3.056840 3.056840 3.158025 3.225154 3.290050 3.348969 3.400213 3.443015 3.477098 3.502425 3.519111 3.527403 3.527672 3.520515 3.507236 3.491923 3.491923 3.517081 3.573437 3.671840 3.675285 3.675285 3.599840 3.599840 3.535392 3.535392 3.530590 3.556121 3.556121 3.593271 3.593271 3.595815 3.595815 3.595815 3.566412 3.566412 3.542129 3.542129 3.537335 3.537335 3.549961 3.549961 3.570504 3.570504
2.892995 2.892995 2.907685 2.935115 2.956051 2.956051 2.972660 2.997796 2.997796 3.017303 3.017303 3.033995 3.041642 3.048916 3.057193 3.057193 3.174970 3.249915 3.321592 3.386384 3.442806 3.490266 3.528597 3.557820 3.578063 3.589532 3.592523 3.587504 3.575405 3.558748 3.558748 3.563533 3.589417 3.595718 3.541118 3.541118 3.429030 3.429030 3.421830 3.421830 3.446805 3.511488 3.511488 3.572484 3.572484 3.612804 3.612804 3.612804 3.602494 3.602494 3.582294 3.582294 3.570228 3.570228 3.571695 3.571695 3.581876 3.581876
2.893211 2.893211 2.906507 2.935203 2.956192 2.956192 2.972736 2.997788 2.997788 3.017288 3.017288 3.033986 3.041633 3.048908 3.057664 3.057664 3.201004 3.284205 3.361847 3.431104 3.491050 3.541489 3.582502 3.614269 3.636986 3.650851 3.656093 3.653023 3.642146 3.624202 3.624202 3.612082 3.600599 3.459249 3.347798 3.347798 3.270377 3.270377 3.336080 3.336080 3.382479 3.471987 3.471987 3.548788 3.548788 3.617378 3.617378 3.617378 3.625869 3.625869 3.614635 3.614635 3.600140 3.600140 3.592134 3.592134 3.591270 3.591270
2.895950 2.895950 2.901650 2.934859 2.956064 2.956064 2.972427 2.997248 2.997248 3.016740 3.016740 3.033479 3.041149 3.048450 3.057893 3.057893 3.238015 3.329907 3.412540 3.484608 3.546146 3.597587 3.639419 3.672065 3.695853 3.711020 3.717747 3.716190 3.706270 3.685636 3.685636 3.651907 3.579654 3.246163 3.128010 3.128010 3.153558 3.153558 3.272111 3.272111 3.330165 3.434045 3.434045 3.521708 3.521708 3.611314 3.611314 3.611314 3.636291 3.636291 3.636279 3.636279 3.623439 3.623439 3.608742 3.608742 3.597257 3.597257
2.895178 2.895178 2.899414 2.935040 2.956710 2.956710 2.972793 2.997255 2.997255 3.016705 3.016705 3.033437 3.041090 3.048365 3.058678 3.058678 3.289840 3.390214 3.476141 3.548686 3.609305 3.659298 3.699685 3.731208 3.754358 3.769439 3.776603 3.775828 3.765773 3.735915 3.735915 3.655511 3.471809 2.992938 2.946075 2.946075 3.074744 3.074744 3.217957 3.217957 3.281590 3.394081 3.394081 3.489585 3.489585 3.594580 3.594580 3.594580 3.632847 3.632847 3.644007 3.644007 3.635533 3.635533 3.617104 3.617104 3.596355 3.596355
