simulation_files/asc/Velocity__y_280.0.asc
NCOLS        79
NROWS        79
XLLCENTER         -1.500000
YLLCENTER         -4.800000
CELLSIZE           0.100
NODATA_VALUE     -9999.0
[rows 0 to 26 of 79, columns 0 to 58 of 79]
-9999.000 -9999.000 -9999.000 -9999.000 -9999.000 -9999.000 -9999.000 -9999.000 -9999.000 -9999.000 -9999.000 -9999.000 -9999.000 -9999.000 -9999.000 -0.9373782E-01 -0.9116312E-01 -0.9030581E-01 -0.9031034E-01 -0.9081364E-01 -0.9146839E-01 -0.9215654E-01 -0.9282446E-01 -0.9339904E-01 -0.9391692E-01 -0.9437740E-01 -0.9481902E-01 -0.9542998E-01 -0.9681619E-01 -0.9817544E-01 -0.9817544E-01 -9999.000 -9999.000 -9999.000 -9999.000 -9999.000 -9999.000 -9999.000 -9999.000 -9999.000 -9999.000 -9999.000 -9999.000 -9999.000 -9999.000 -9999.000 -9999.000 -9999.000 -9999.000 -9999.000 -9999.000 -9999.000 -9999.000 -9999.000 -9999.000 -9999.000 -9999.000 -9999.000 -9999.000
-9999.000 -9999.000 -9999.000 -9999.000 -9999.000 -9999.000 -9999.000 -9999.000 -9999.000 -9999.000 -9999.000 -9999.000 -9999.000 -9999.000 -9999.000 -0.9329843E-01 -0.8794456E-01 -0.8612498E-01 -0.8616548E-01 -0.8730477E-01 -0.8880324E-01 -0.9040187E-01 -0.9197684E-01 -0.9336500E-01 -0.9463681E-01 -0.9578466E-01 -0.9688561E-01 -0.9833018E-01 -0.1013836 -0.1046747 -0.1046747 -9999.000 -9999.000 -9999.000 -9999.000 -9999.000 -9999.000 -9999.000 -9999.000 -9999.000 -9999.000 -9999.000 -9999.000 -9999.000 -9999.000 -9999.000 -9999.000 -9999.000 -9999.000 -9999.000 -9999.000 -9999.000 -9999.000 -9999.000 -9999.000 -9999.000 -9999.000 -9999.000 -9999.000
-9999.000 -9999.000 -9999.000 -9999.000 -9999.000 -9999.000 -9999.000 -9999.000 -9999.000 -9999.000 -9999.000 -9999.000 -9999.000 -9999.000 -9999.000 -0.9165731E-01 -0.8333024E-01 -0.8043153E-01 -0.8058456E-01 -0.8257743E-01 -0.8521420E-01 -0.8806489E-01 -0.9091382E-01 -0.9348178E-01 -0.9586939E-01 -0.9805093E-01 -0.1001383 -0.1027469 -0.1078900 -0.1138803 -0.1138803 -9999.000 -9999.000 -9999.000 -9999.000 -9999.000 -9999.000 -9999.000 -9999.000 -9999.000 -9999.000 -9999.000 -9999.000 -9999.000 -9999.000 -9999.000 -9999.000 -9999.000 -9999.000 -9999.000 -9999.000 -9999.000 -9999.000 -9999.000 -9999.000 -9999.000 -9999.000 -9999.000 -9999.000
-9999.000 -9999.000 -9999.000 -9999.000 -9999.000 -9999.000 -9999.000 -9999.000 -9999.000 -9999.000 -9999.000 -9999.000 -9999.000 -9999.000 -9999.000 -0.8941901E-01 -0.7817837E-01 -0.7421539E-01 -0.7453642E-01 -0.7746571E-01 -0.8133744E-01 -0.8554802E-01 -0.8978620E-01 -0.9364946E-01 -0.9726910E-01 -0.1005939 -0.1037683 -0.1076396 -0.1150073 -0.1242031 -0.1242031 -9999.000 -9999.000 -9999.000 -9999.000 -9999.000 -9999.000 -9999.000 -9999.000 -9999.000 -9999.000 -9999.000 -9999.000 -9999.000 -9999.000 -9999.000 -9999.000 -9999.000 -9999.000 -9999.000 -9999.000 -9999.000 -9999.000 -9999.000 -9999.000 -9999.000 -9999.000 -9999.000 -9999.000
-9999.000 -9999.000 -9999.000 -9999.000 -9999.000 -9999.000 -9999.000 -9999.000 -9999.000 -9999.000 -9999.000 -9999.000 -9999.000 -9999.000 -9999.000 -0.8681081E-01 -0.7267468E-01 -0.6764631E-01 -0.6816855E-01 -0.7208951E-01 -0.7725883E-01 -0.8289733E-01 -0.8859671E-01 -0.9382392E-01 -0.9874575E-01 -0.1032805 -0.1076059 -0.1128143 -0.1225415 -0.1354913 -0.1354913 -9999.000 -9999.000 -9999.000 -9999.000 -9999.000 -9999.000 -9999.000 -9999.000 -9999.000 -9999.000 -9999.000 -9999.000 -9999.000 -9999.000 -9999.000 -9999.000 -9999.000 -9999.000 -9999.000 -9999.000 -9999.000 -9999.000 -9999.000 -9999.000 -9999.000 -9999.000 -9999.000 -9999.000
-9999.000 -9999.000 -9999.000 -9999.000 -9999.000 -9999.000 -9999.000 -9999.000 -9999.000 -9999.000 -9999.000 -9999.000 -9999.000 -9999.000 -9999.000 -0.8390887E-01 -0.6688783E-01 -0.6079106E-01 -0.6154138E-01 -0.6649870E-01 -0.7301227E-01 -0.8012918E-01 -0.8734179E-01 -0.9397995E-01 -0.1002540 -0.1060464 -0.1115710 -0.1181828 -0.1304159 -0.1477598 -0.1477598 -9999.000 -9999.000 -9999.000 -9999.000 -9999.000 -9999.000 -9999.000 -9999.000 -9999.000 -9999.000 -9999.000 -9999.000 -9999.000 -9999.000 -9999.000 -9999.000 -9999.000 -9999.000 -9999.000 -9999.000 -9999.000 -9999.000 -9999.000 -9999.000 -9999.000 -9999.000 -9999.000 -9999.000
-9999.000 -9999.000 -9999.000 -9999.000 -9999.000 -9999.000 -9999.000 -9999.000 -9999.000 -9999.000 -9999.000 -9999.000 -9999.000 -9999.000 -9999.000 -0.8071945E-01 -0.6083182E-01 -0.5366672E-01 -0.5467252E-01 -0.6070843E-01 -0.6860790E-01 -0.7724567E-01 -0.8601435E-01 -0.9410018E-01 -0.1017672 -0.1088559 -0.1156209 -0.1237016 -0.1386068 -0.1611223 -0.1611223 -9999.000 -9999.000 -9999.000 -9999.000 -9999.000 -9999.000 -9999.000 -9999.000 -9999.000 -9999.000 -9999.000 -9999.000 -9999.000 -9999.000 -9999.000 -9999.000 -9999.000 -9999.000 -9999.000 -9999.000 -9999.000 -9999.000 -9999.000 -9999.000 -9999.000 -9999.000 -9999.000 -9999.000
-9999.000 -9999.000 -9999.000 -9999.000 -9999.000 -9999.000 -9999.000 -9999.000 -9999.000 -9999.000 -9999.000 -9999.000 -9999.000 -9999.000 -9999.000 -0.7721457E-01 -0.5449441E-01 -0.4626700E-01 -0.4755944E-01 -0.5471833E-01 -0.6404243E-01 -0.7424024E-01 -0.8460412E-01 -0.9416791E-01 -0.1032640 -0.1116829 -0.1197257 -0.1293439 -0.1471137 -0.1757661 -0.1757661 -9999.000 -9999.000 -9999.000 -9999.000 -9999.000 -9999.000 -9999.000 -9999.000 -9999.000 -9999.000 -9999.000 -9999.000 -9999.000 -9999.000 -9999.000 -9999.000 -9999.000 -9999.000 -9999.000 -9999.000 -9999.000 -9999.000 -9999.000 -9999.000 -9999.000 -9999.000 -9999.000 -9999.000
-9999.000 -9999.000 -9999.000 -9999.000 -9999.000 -9999.000 -9999.000 -9999.000 -9999.000 -9999.000 -9999.000 -9999.000 -9999.000 -9999.000 -9999.000 -0.7334694E-01 -0.4784852E-01 -0.3857207E-01 -0.4018826E-01 -0.4851719E-01 -0.5930502E-01 -0.7110050E-01 -0.8309639E-01 -0.9416398E-01 -0.1047223 -0.1145017 -0.1238578 -0.1350872 -0.1559463 -0.1919515 -0.1919515 -9999.000 -9999.000 -9999.000 -9999.000 -9999.000 -9999.000 -9999.000 -9999.000 -9999.000 -9999.000 -9999.000 -9999.000 -9999.000 -9999.000 -9999.000 -9999.000 -9999.000 -9999.000 -9999.000 -9999.000 -9999.000 -9999.000 -9999.000 -9999.000 -9999.000 -9999.000 -9999.000 -9999.000
-9999.000 -9999.000 -9999.000 -9999.000 -9999.000 -9999.000 -9999.000 -9999.000 -9999.000 -9999.000 -9999.000 -9999.000 -9999.000 -9999.000 -9999.000 -0.6905480E-01 -0.4085565E-01 -0.3055287E-01 -0.3253625E-01 -0.4208716E-01 -0.5437810E-01 -0.6780829E-01 -0.8147106E-01 -0.9406369E-01 -0.1061148 -0.1172816 -0.1279843 -0.1409053 -0.1651159 -0.2100300 -0.2100300 -9999.000 -9999.000 -9999.000 -9999.000 -9999.000 -9999.000 -9999.000 -9999.000 -9999.000 -9999.000 -9999.000 -9999.000 -9999.000 -9999.000 -9999.000 -9999.000 -9999.000 -9999.000 -9999.000 -9999.000 -9999.000 -9999.000 -9999.000 -9999.000 -9999.000 -9999.000 -9999.000 -9999.000
-9999.000 -9999.000 -9999.000 -9999.000 -9999.000 -9999.000 -9999.000 -9999.000 -9999.000 -9999.000 -9999.000 -9999.000 -9999.000 -9999.000 -9999.000 -0.6426259E-01 -0.3346726E-01 -0.2217003E-01 -0.2457268E-01 -0.3540257E-01 -0.4923667E-01 -0.6433785E-01 -0.7970051E-01 -0.9383417E-01 -0.1074059 -0.1199822 -0.1320615 -0.1467611 -0.1746316 -0.2304752 -0.2304752 -9999.000 -9999.000 -9999.000 -9999.000 -9999.000 -9999.000 -9999.000 -9999.000 -9999.000 -9999.000 -9999.000 -9999.000 -9999.000 -9999.000 -9999.000 -9999.000 -9999.000 -9999.000 -9999.000 -9999.000 -9999.000 -9999.000 -9999.000 -9999.000 -9999.000 -9999.000 -9999.000 -9999.000
-9999.000 -9999.000 -9999.000 -9999.000 -9999.000 -9999.000 -9999.000 -9999.000 -9999.000 -9999.000 -9999.000 -9999.000 -9999.000 -9999.000 -9999.000 -0.5887890E-01 -0.2562171E-01 -0.1337298E-01 -0.1625622E-01 -0.2842860E-01 -0.4384623E-01 -0.6065342E-01 -0.7774621E-01 -0.9343009E-01 -0.1085461 -0.1225473 -0.1360278 -0.1526003 -0.1844927 -0.2539367 -0.2539367 -9999.000 -9999.000 -9999.000 -9999.000 -9999.000 -9999.000 -9999.000 -9999.000 -9999.000 -9999.000 -9999.000 -9999.000 -9999.000 -9999.000 -9999.000 -9999.000 -9999.000 -9999.000 -9999.000 -9999.000 -9999.000 -9999.000 -9999.000 -9999.000 -9999.000 -9999.000 -9999.000 -9999.000
-9999.000 -9999.000 -9999.000 -9999.000 -9999.000 -9999.000 -9999.000 -9999.000 -9999.000 -9999.000 -9999.000 -9999.000 -9999.000 -9999.000 -9999.000 -0.5278853E-01 -0.1723848E-01 -0.4094535E-02 -0.7531639E-02 -0.2111703E-01 -0.3815913E-01 -0.5670598E-01 -0.7555529E-01 -0.9278864E-01 -0.1094657 -0.1248968 -0.1397936 -0.1583388 -0.1946793 -0.2813294 -0.2813294 -9999.000 -9999.000 -9999.000 -9999.000 -9999.000 -9999.000 -9999.000 -9999.000 -9999.000 -9999.000 -9999.000 -9999.000 -9999.000 -9999.000 -9999.000 -9999.000 -9999.000 -9999.000 -9999.000 -9999.000 -9999.000 -9999.000 -9999.000 -9999.000 -9999.000 -9999.000 -9999.000 -9999.000
-9999.000 -9999.000 -9999.000 -9999.000 -9999.000 -9999.000 -9999.000 -9999.000 -9999.000 -9999.000 -9999.000 -9999.000 -9999.000 -9999.000 -9999.000 -0.4543930E-01 -0.7930181E-02 0.5874929E-02 0.1639455E-02 -0.1348133E-01 -0.3219759E-01 -0.5251456E-01 -0.7313415E-01 -0.9189329E-01 -0.1101283 -0.1269681 -0.1432720 -0.1638858 -0.2051735 -0.3140345 -0.3140345 -9999.000 -9999.000 -9999.000 -9999.000 -9999.000 -9999.000 -9999.000 -9999.000 -9999.000 -9999.000 -9999.000 -9999.000 -9999.000 -9999.000 -9999.000 -9999.000 -9999.000 -9999.000 -9999.000 -9999.000 -9999.000 -9999.000 -9999.000 -9999.000 -9999.000 -9999.000 -9999.000 -9999.000
-9999.000 -9999.000 -9999.000 -9999.000 -9999.000 -9999.000 -9999.000 -9999.000 -9999.000 -9999.000 -9999.000 -9999.000 -9999.000 -9999.000 -9999.000 -0.2894779E-02 0.1360703E-01 0.1537500E-01 0.3740025E-02 -0.1357185E-01 -0.3288309E-01 -0.5382847E-01 -0.7510123E-01 -0.9434114E-01 -0.1132511 -0.1307236 -0.1477948 -0.1700277 -0.2161900 -0.3518563 -0.3518563 -9999.000 -9999.000 -9999.000 -9999.000 -9999.000 -9999.000 -9999.000 -9999.000 -9999.000 -9999.000 -9999.000 -9999.000 -9999.000 -9999.000 -9999.000 -9999.000 -9999.000 -9999.000 -9999.000 -9999.000 -9999.000 -9999.000 -9999.000 -9999.000 -9999.000 -9999.000 -9999.000 -9999.000
-0.3856940E-02 -0.3856940E-02 -0.5490437E-02 -0.7099763E-02 -0.6663429E-02 -0.6663429E-02 -0.6498607E-02 -0.6400370E-02 -0.6400370E-02 -0.6365602E-02 -0.6365602E-02 -0.6332887E-02 -0.6315335E-02 -0.6296941E-02 -0.6281021E-02 -0.6281021E-02 0.2694917E-01 0.2166473E-01 0.6564423E-02 -0.1487664E-01 -0.4065589E-01 -0.6967572E-01 -0.1005524 -0.1314542 -0.1616211 -0.1900178 -0.2162560 -0.2420380 -0.2754202 -0.3545711 -0.3545711 -0.1964903 -0.1054779 -0.3640376E-01 -0.2719799E-01 -0.2719799E-01 -0.2019398E-01 -0.2019398E-01 -0.7543055E-02 -0.7543055E-02 0.3641103E-02 0.2714093E-01 0.2714093E-01 0.9441510E-02 0.9441510E-02 -0.3684143E-02 -0.3684143E-02 -0.3684143E-02 0.2312383E-03 0.2312383E-03 0.9545429E-03 0.9545429E-03 0.5496779E-04 0.5496779E-04 -0.1215210E-02 -0.1215210E-02 -0.2448855E-02 -0.2448855E-02 -0.2448855E-02
-0.5294460E-02 -0.5294460E-02 -0.7861643E-02 -0.1044152E-01 -0.9562646E-02 -0.9562646E-02 -0.9192917E-02 -0.9008542E-02 -0.9008542E-02 -0.8979294E-02 -0.8979294E-02 -0.8951737E-02 -0.8934914E-02 -0.8916329E-02 -0.8914462E-02 -0.8914462E-02 0.2209031E-01 0.1736858E-01 0.1734007E-02 -0.2394887E-01 -0.5797725E-01 -0.9821506E-01 -0.1428099 -0.1901175 -0.2379735 -0.2847588 -0.3287915 -0.3682707 -0.4011306 -0.4251383 -0.4251383 -0.2881228 -0.1914127 -0.9941254E-01 -0.8112378E-01 -0.8112378E-01 -0.5679906E-01 -0.5679906E-01 -0.1375340E-01 -0.1375340E-01 0.1960939E-01 0.8615799E-01 0.8615799E-01 0.7283060E-01 0.7283060E-01 0.1446309E-01 0.1446309E-01 0.1446309E-01 0.6762286E-02 0.6762286E-02 0.2043410E-02 0.2043410E-02 -0.2182662E-02 -0.2182662E-02 -0.5830573E-02 -0.5830573E-02 -0.8638554E-02 -0.8638554E-02 -0.8638554E-02
-0.2908694E-02 -0.2908694E-02 -0.6021030E-02 -0.9245812E-02 -0.8388272E-02 -0.8388272E-02 -0.7895749E-02 -0.7634936E-02 -0.7634936E-02 -0.7621180E-02 -0.7621180E-02 -0.7611461E-02 -0.7602165E-02 -0.7591109E-02 -0.7622462E-02 -0.7622462E-02 0.1383741E-01 0.9118296E-02 -0.6604266E-02 -0.3263407E-01 -0.6770803E-01 -0.1101584 -0.1584318 -0.2111667 -0.2666264 -0.3232571 -0.3793799 -0.4329470 -0.4810480 -0.5166306 -0.5166306 -0.4270882 -0.3429921 -0.2275478 -0.1901423 -0.1901423 -0.1217922 -0.1217922 -0.1932476E-01 -0.1932476E-01 0.4715902E-01 0.1664761 0.1664761 0.1835781 0.1835781 0.6513635E-01 0.6513635E-01 0.6513635E-01 0.2493465E-01 0.2493465E-01 0.4176139E-02 0.4176139E-02 -0.7996755E-02 -0.7996755E-02 -0.1585348E-01 -0.1585348E-01 -0.2059218E-01 -0.2059218E-01 -0.2059218E-01
-0.1538306E-02 -0.1538306E-02 -0.4235724E-02 -0.7704685E-02 -0.6948062E-02 -0.6948062E-02 -0.6445033E-02 -0.6145407E-02 -0.6145407E-02 -0.6124624E-02 -0.6124624E-02 -0.6109850E-02 -0.6096079E-02 -0.6079781E-02 -0.6135663E-02 -0.6135663E-02 0.5424302E-02 -0.1292783E-02 -0.1833358E-01 -0.4519296E-01 -0.8089176E-01 -0.1241203 -0.1735664 -0.2280712 -0.2863045 -0.3470009 -0.4088082 -0.4700018 -0.5278662 -0.5754638 -0.5754638 -0.5329444 -0.4727920 -0.3597485 -0.3082322 -0.3082322 -0.1858874 -0.1858874 -0.1050717E-01 -0.1050717E-01 0.8461957E-01 0.2315857 0.2315857 0.2667814 0.2667814 0.1243233 0.1243233 0.1243233 0.5058847E-01 0.5058847E-01 0.8750643E-02 0.8750643E-02 -0.1469469E-01 -0.1469469E-01 -0.2811622E-01 -0.2811622E-01 -0.3496867E-01 -0.3496867E-01 -0.3496867E-01
-0.1225126E-02 -0.1225126E-02 -0.2830790E-02 -0.5804757E-02 -0.5283550E-02 -0.5283550E-02 -0.4885466E-02 -0.4634829E-02 -0.4634829E-02 -0.4626533E-02 -0.4626533E-02 -0.4614691E-02 -0.4598102E-02 -0.4577796E-02 -0.4666162E-02 -0.4666162E-02 -0.3127126E-02 -0.1365760E-01 -0.3355536E-01 -0.6242090E-01 -0.9947431E-01 -0.1436949 -0.1940065 -0.2494166 -0.3088595 -0.3712878 -0.4356145 -0.5004806 -0.5636740 -0.6193984 -0.6193984 -0.6125379 -0.5775216 -0.4767671 -0.4111660 -0.4111660 -0.2222194 -0.2222194 0.1853136E-01 0.1853136E-01 0.1257657 0.2699614 0.2699614 0.3101280 0.3101280 0.1766046 0.1766046 0.1766046 0.8008944E-01 0.8008944E-01 0.1745810E-01 0.1745810E-01 -0.1914201E-01 -0.1914201E-01 -0.3946293E-01 -0.3946293E-01 -0.4895220E-01 -0.4895220E-01 -0.4895220E-01
-0.8506523E-03 -0.8506523E-03 -0.1771176E-02 -0.3865327E-02 -0.3526046E-02 -0.3526046E-02 -0.3252585E-02 -0.3089145E-02 -0.3089145E-02 -0.3101388E-02 -0.3101388E-02 -0.3099676E-02 -0.3086916E-02 -0.3069545E-02 -0.3209017E-02 -0.3209017E-02 -0.1225349E-01 -0.2823126E-01 -0.5262067E-01 -0.8490203E-01 -0.1243678 -0.1702120 -0.2216015 -0.2777534 -0.3378499 -0.4010573 -0.4664982 -0.5330938 -0.5990930 -0.6599057 -0.6599057 -0.6776629 -0.6637565 -0.5685785 -0.4789173 -0.4789173 -0.2120998 -0.2120998 0.5766826E-01 0.5766826E-01 0.1568810 0.2791519 0.2791519 0.3186671 0.3186671 0.2133209 0.2133209 0.2133209 0.1091635 0.1091635 0.3023117E-01 0.3023117E-01 -0.1981083E-01 -0.1981083E-01 -0.4811782E-01 -0.4811782E-01 -0.6092393E-01 -0.6092393E-01 -0.6092393E-01
-0.4352631E-03 -0.4352631E-03 -0.8524518E-03 -0.1934076E-02 -0.1765748E-02 -0.1765748E-02 -0.1624855E-02 -0.1541351E-02 -0.1541351E-02 -0.1552336E-02 -0.1552336E-02 -0.1555648E-02 -0.1550065E-02 -0.1541288E-02 -0.1755571E-02 -0.1755571E-02 -0.2265341E-01 -0.4568977E-01 -0.7626715E-01 -0.1135087 -0.1566370 -0.2049676 -0.2578874 -0.3148544 -0.3753253 -0.4387271 -0.5044219 -0.5715924 -0.6388711 -0.7026108 -0.7026108 -0.7362823 -0.7366915 -0.6214243 -0.4892594 -0.4892594 -0.1597940 -0.1597940 0.8809289E-01 0.8809289E-01 0.1674610 0.2643164 0.2643164 0.3026829 0.3026829 0.2311279 0.2311279 0.2311279 0.1330919 0.1330919 0.4536140E-01 0.4536140E-01 -0.1636581E-01 -0.1636581E-01 -0.5301723E-01 -0.5301723E-01 -0.6971150E-01 -0.6971150E-01 -0.6971150E-01
-0.4381422E-07 -0.4381422E-07 -0.2751437E-07 0.1451433E-06 -0.4329866E-08 -0.4329866E-08 -0.1192621E-06 0.1731806E-06 0.1731806E-06 0.7414212E-07 0.7414212E-07 0.1184045E-06 0.4104502E-07 0.1762838E-07 -0.3138504E-03 -0.3138504E-03 -0.3535664E-01 -0.6722432E-01 -0.1057851 -0.1496109 -0.1977405 -0.2495372 -0.3045746 -0.3625611 -0.4232497 -0.4863717 -0.5515829 -0.6183622 -0.6856800 -0.7503985 -0.7503985 -0.7923166 -0.7958483 -0.6111291 -0.4273714 -0.4273714 -0.9434157E-01 -0.9434157E-01 0.9774067E-01 0.9774067E-01 0.1570162 0.2341670 0.2341670 0.2720144 0.2720144 0.2309174 0.2309174 0.2309174 0.1479277 0.1479277 0.5998637E-01 0.5998637E-01 -0.9533734E-02 -0.9533734E-02 -0.5366740E-01 -0.5366740E-01 -0.7438803E-01 -0.7438803E-01 -0.7438803E-01
0.4352147E-03 0.4352147E-03 0.8524292E-03 0.1934200E-02 0.1765764E-02 0.1765764E-02 0.1624793E-02 0.1541582E-02 0.1541582E-02 0.1552332E-02 0.1552332E-02 0.1555696E-02 0.1550098E-02 0.1541277E-02 0.1094945E-02 0.1094945E-02 -0.5190698E-01 -0.9474913E-01 -0.1432529 -0.1953261 -0.2497779 -0.3060004 -0.3637476 -0.4229870 -0.4837794 -0.5461873 -0.6102005 -0.6756292 -0.7416963 -0.8048645 -0.8048645 -0.8451577 -0.8289600 -0.5170472 -0.3123107 -0.3123107 -0.4629317E-01 -0.4629317E-01 0.8806480E-01 0.8806480E-01 0.1327366 0.1967544 0.1967544 0.2337924 0.2337924 0.2159603 0.2159603 0.2159603 0.1515182 0.1515182 0.7094245E-01 0.7094245E-01 -0.8850015E-03 -0.8850015E-03 -0.5015337E-01 -0.5015337E-01 -0.7430689E-01 -0.7430689E-01 -0.7430689E-01
0.8507742E-03 0.8507742E-03 0.1771293E-02 0.3865277E-02 0.3525997E-02 0.3525997E-02 0.3252513E-02 0.3089240E-02 0.3089240E-02 0.3101191E-02 0.3101191E-02 0.3099525E-02 0.3086795E-02 0.3069413E-02 0.2446022E-02 0.2446022E-02 -0.7472696E-01 -0.1312880 -0.1919146 -0.2538727 -0.3158152 -0.3772332 -0.4381119 -0.4987110 -0.5594174 -0.6206369 -0.6827115 -0.7457801 -0.8089879 -0.8656968 -0.8656968 -0.8839376 -0.7998512 -0.3620670 -0.1966994 -0.1966994 -0.2503895E-01 -0.2503895E-01 0.6803825E-01 0.6803825E-01 0.1031167 0.1575504 0.1575504 0.1924404 0.1924404 0.1901973 0.1901973 0.1901973 0.1437562 0.1437562 0.7569884E-01 0.7569884E-01 0.7564330E-02 0.7564330E-02 -0.4311214E-01 -0.4311214E-01 -0.6917886E-01 -0.6917886E-01 -0.6917886E-01
0.1225371E-02 0.1225371E-02 0.2830908E-02 0.5804689E-02 0.5283436E-02 0.5283436E-02 0.4885553E-02 0.4634803E-02 0.4634803E-02 0.4626303E-02 0.4626303E-02 0.4614567E-02 0.4598122E-02 0.4577654E-02 0.3720061E-02 0.3720061E-02 -0.1078527 -0.1817174 -0.2568502 -0.3301506 -0.4003817 -0.4673355 -0.5313590 -0.5930821 -0.6532528 -0.7126313 -0.7719108 -0.8314626 -0.8890414 -0.9253629 -0.9253629 -0.8689276 -0.6538482 -0.2156971 -0.1203814 -0.1203814 -0.2122351E-01 -0.2122351E-01 0.4581907E-01 0.4581907E-01 0.7383014E-01 0.1194707 0.1194707 0.1504774 0.1504774 0.1572684 0.1572684 0.1572684 0.1261554 0.1261554 0.7304078E-01 0.7304078E-01 0.1392314E-01 0.1392314E-01 -0.3357223E-01 -0.3357223E-01 -0.5914360E-01 -0.5914360E-01 -0.5914360E-01
0.1538473E-02 0.1538473E-02 0.4235674E-02 0.7704601E-02 0.6948119E-02 0.6948119E-02 0.6445090E-02 0.6145472E-02 0.6145472E-02 0.6124607E-02 0.6124607E-02 0.6109869E-02 0.6095989E-02 0.6079698E-02 0.4906626E-02 0.4906626E-02 -0.1585095 -0.2542608 -0.3462505 -0.4317902 -0.5103321 -0.5823467 -0.6487715 -0.7107322 -0.7693956 -0.8258870 -0.8812362 -0.9356110 -0.9796960 -0.9469118 -0.9469118 -0.7170985 -0.4014571 -0.1249839 -0.8285157E-01 -0.8285157E-01 -0.2268212E-01 -0.2268212E-01 0.2597789E-01 0.2597789E-01 0.4763776E-01 0.8389147E-01 0.8389147E-01 0.1094085 0.1094085 0.1202006 0.1202006 0.1202006 0.1011306 0.1011306 0.6322696E-01 0.6322696E-01 0.1699168E-01 0.1699168E-01 -0.2268885E-01 -0.2268885E-01 -0.4482354E-01 -0.4482354E-01 -0.4482354E-01
