simulation_files/asc/Velocity____225.0.asc
NCOLS        79
NROWS        79
XLLCENTER         -1.500000
YLLCENTER         -4.800000
CELLSIZE           0.100
NODATA_VALUE     -9999.0
[rows 0 to 26 of 79, columns 0 to 59 of 79]
-9999.000 -9999.000 -9999.000 -9999.000 -9999.000 -9999.000 -9999.000 -9999.000 -9999.000 -9999.000 -9999.000 -9999.000 -9999.000 -9999.000 -9999.000 0.8938604E-01 0.8610006E-01 0.8470789E-01 0.8437357E-01 0.8537742E-01 0.8683476E-01 0.8824131E-01 0.8942144E-01 0.9026933E-01 0.9078180E-01 0.9104546E-01 0.9114444E-01 0.9128111E-01 0.9204710E-01 0.9302992E-01 0.9302992E-01 -9999.000 -9999.000 -9999.000 -9999.000 -9999.000 -9999.000 -9999.000 -9999.000 -9999.000 -9999.000 -9999.000 -9999.000 -9999.000 -9999.000 -9999.000 -9999.000 -9999.000 -9999.000 -9999.000 -9999.000 -9999.000 -9999.000 -9999.000 -9999.000 -9999.000 -9999.000 -9999.000 -9999.000 -9999.000
-9999.000 -9999.000 -9999.000 -9999.000 -9999.000 -9999.000 -9999.000 -9999.000 -9999.000 -9999.000 -9999.000 -9999.000 -9999.000 -9999.000 -9999.000 0.9032172E-01 0.8343323E-01 0.8060869E-01 0.7997311E-01 0.8199580E-01 0.8489114E-01 0.8771378E-01 0.9015881E-01 0.9201987E-01 0.9326778E-01 0.9405360E-01 0.9453367E-01 0.9513815E-01 0.9716414E-01 0.9990854E-01 0.9990854E-01 -9999.000 -9999.000 -9999.000 -9999.000 -9999.000 -9999.000 -9999.000 -9999.000 -9999.000 -9999.000 -9999.000 -9999.000 -9999.000 -9999.000 -9999.000 -9999.000 -9999.000 -9999.000 -9999.000 -9999.000 -9999.000 -9999.000 -9999.000 -9999.000 -9999.000 -9999.000 -9999.000 -9999.000 -9999.000
-9999.000 -9999.000 -9999.000 -9999.000 -9999.000 -9999.000 -9999.000 -9999.000 -9999.000 -9999.000 -9999.000 -9999.000 -9999.000 -9999.000 -9999.000 0.9036590E-01 0.7953677E-01 0.7500572E-01 0.7395276E-01 0.7707673E-01 0.8156965E-01 0.8601192E-01 0.8998487E-01 0.9318864E-01 0.9556746E-01 0.9732984E-01 0.9868198E-01 0.1002666 0.1041232 0.1094606 0.1094606 -9999.000 -9999.000 -9999.000 -9999.000 -9999.000 -9999.000 -9999.000 -9999.000 -9999.000 -9999.000 -9999.000 -9999.000 -9999.000 -9999.000 -9999.000 -9999.000 -9999.000 -9999.000 -9999.000 -9999.000 -9999.000 -9999.000 -9999.000 -9999.000 -9999.000 -9999.000 -9999.000 -9999.000 -9999.000
-9999.000 -9999.000 -9999.000 -9999.000 -9999.000 -9999.000 -9999.000 -9999.000 -9999.000 -9999.000 -9999.000 -9999.000 -9999.000 -9999.000 -9999.000 0.8992518E-01 0.7515269E-01 0.6889541E-01 0.6743696E-01 0.7168512E-01 0.7778148E-01 0.8385546E-01 0.8939999E-01 0.9403183E-01 0.9766655E-01 0.1005626 0.1029587 0.1057004 0.1115874 0.1200357 0.1200357 -9999.000 -9999.000 -9999.000 -9999.000 -9999.000 -9999.000 -9999.000 -9999.000 -9999.000 -9999.000 -9999.000 -9999.000 -9999.000 -9999.000 -9999.000 -9999.000 -9999.000 -9999.000 -9999.000 -9999.000 -9999.000 -9999.000 -9999.000 -9999.000 -9999.000 -9999.000 -9999.000 -9999.000 -9999.000
-9999.000 -9999.000 -9999.000 -9999.000 -9999.000 -9999.000 -9999.000 -9999.000 -9999.000 -9999.000 -9999.000 -9999.000 -9999.000 -9999.000 -9999.000 0.8922066E-01 0.7045888E-01 0.6246369E-01 0.6064409E-01 0.6606605E-01 0.7377844E-01 0.8148833E-01 0.8862786E-01 0.9473397E-01 0.9969210E-01 0.1038067 0.1073399 0.1113414 0.1194093 0.1314943 0.1314943 -9999.000 -9999.000 -9999.000 -9999.000 -9999.000 -9999.000 -9999.000 -9999.000 -9999.000 -9999.000 -9999.000 -9999.000 -9999.000 -9999.000 -9999.000 -9999.000 -9999.000 -9999.000 -9999.000 -9999.000 -9999.000 -9999.000 -9999.000 -9999.000 -9999.000 -9999.000 -9999.000 -9999.000 -9999.000
-9999.000 -9999.000 -9999.000 -9999.000 -9999.000 -9999.000 -9999.000 -9999.000 -9999.000 -9999.000 -9999.000 -9999.000 -9999.000 -9999.000 -9999.000 0.8831784E-01 0.6551711E-01 0.5579538E-01 0.5370677E-01 0.6037455E-01 0.6971020E-01 0.7904837E-01 0.8778982E-01 0.9539405E-01 0.1017137 0.1070973 0.1118235 0.1171544 0.1275392 0.1438570 0.1438570 -9999.000 -9999.000 -9999.000 -9999.000 -9999.000 -9999.000 -9999.000 -9999.000 -9999.000 -9999.000 -9999.000 -9999.000 -9999.000 -9999.000 -9999.000 -9999.000 -9999.000 -9999.000 -9999.000 -9999.000 -9999.000 -9999.000 -9999.000 -9999.000 -9999.000 -9999.000 -9999.000 -9999.000 -9999.000
-9999.000 -9999.000 -9999.000 -9999.000 -9999.000 -9999.000 -9999.000 -9999.000 -9999.000 -9999.000 -9999.000 -9999.000 -9999.000 -9999.000 -9999.000 0.8721532E-01 0.6033772E-01 0.4893325E-01 0.4673747E-01 0.5473504E-01 0.6567790E-01 0.7661590E-01 0.8695153E-01 0.9606346E-01 0.1037665 0.1104526 0.1164100 0.1231264 0.1359687 0.1572340 0.1572340 -9999.000 -9999.000 -9999.000 -9999.000 -9999.000 -9999.000 -9999.000 -9999.000 -9999.000 -9999.000 -9999.000 -9999.000 -9999.000 -9999.000 -9999.000 -9999.000 -9999.000 -9999.000 -9999.000 -9999.000 -9999.000 -9999.000 -9999.000 -9999.000 -9999.000 -9999.000 -9999.000 -9999.000 -9999.000
-9999.000 -9999.000 -9999.000 -9999.000 -9999.000 -9999.000 -9999.000 -9999.000 -9999.000 -9999.000 -9999.000 -9999.000 -9999.000 -9999.000 -9999.000 0.8587991E-01 0.5490753E-01 0.4191661E-01 0.3989042E-01 0.4928764E-01 0.6177083E-01 0.7424955E-01 0.8615448E-01 0.9677219E-01 0.1058703 0.1138830 0.1211002 0.1292536 0.1447085 0.1718019 0.1718019 -9999.000 -9999.000 -9999.000 -9999.000 -9999.000 -9999.000 -9999.000 -9999.000 -9999.000 -9999.000 -9999.000 -9999.000 -9999.000 -9999.000 -9999.000 -9999.000 -9999.000 -9999.000 -9999.000 -9999.000 -9999.000 -9999.000 -9999.000 -9999.000 -9999.000 -9999.000 -9999.000 -9999.000 -9999.000
-9999.000 -9999.000 -9999.000 -9999.000 -9999.000 -9999.000 -9999.000 -9999.000 -9999.000 -9999.000 -9999.000 -9999.000 -9999.000 -9999.000 -9999.000 0.8425948E-01 0.4920273E-01 0.3481815E-01 0.3344389E-01 0.4423102E-01 0.5809088E-01 0.7200457E-01 0.8543266E-01 0.9754205E-01 0.1080381 0.1173943 0.1258943 0.1355350 0.1537791 0.1878027 0.1878027 -9999.000 -9999.000 -9999.000 -9999.000 -9999.000 -9999.000 -9999.000 -9999.000 -9999.000 -9999.000 -9999.000 -9999.000 -9999.000 -9999.000 -9999.000 -9999.000 -9999.000 -9999.000 -9999.000 -9999.000 -9999.000 -9999.000 -9999.000 -9999.000 -9999.000 -9999.000 -9999.000 -9999.000 -9999.000
-9999.000 -9999.000 -9999.000 -9999.000 -9999.000 -9999.000 -9999.000 -9999.000 -9999.000 -9999.000 -9999.000 -9999.000 -9999.000 -9999.000 -9999.000 0.8228753E-01 0.4319626E-01 0.2781372E-01 0.2795019E-01 0.3986630E-01 0.5476921E-01 0.6994554E-01 0.8482315E-01 0.9839617E-01 0.1102832 0.1209936 0.1307934 0.1419720 0.1632065 0.2055577 0.2055577 -9999.000 -9999.000 -9999.000 -9999.000 -9999.000 -9999.000 -9999.000 -9999.000 -9999.000 -9999.000 -9999.000 -9999.000 -9999.000 -9999.000 -9999.000 -9999.000 -9999.000 -9999.000 -9999.000 -9999.000 -9999.000 -9999.000 -9999.000 -9999.000 -9999.000 -9999.000 -9999.000 -9999.000 -9999.000
-9999.000 -9999.000 -9999.000 -9999.000 -9999.000 -9999.000 -9999.000 -9999.000 -9999.000 -9999.000 -9999.000 -9999.000 -9999.000 -9999.000 -9999.000 0.7988320E-01 0.3686469E-01 0.2137630E-01 0.2443837E-01 0.3663628E-01 0.5198182E-01 0.6815638E-01 0.8437361E-01 0.9936403E-01 0.1126234 0.1246905 0.1358003 0.1485669 0.1730209 0.2254965 0.2254965 -9999.000 -9999.000 -9999.000 -9999.000 -9999.000 -9999.000 -9999.000 -9999.000 -9999.000 -9999.000 -9999.000 -9999.000 -9999.000 -9999.000 -9999.000 -9999.000 -9999.000 -9999.000 -9999.000 -9999.000 -9999.000 -9999.000 -9999.000 -9999.000 -9999.000 -9999.000 -9999.000 -9999.000 -9999.000
-9999.000 -9999.000 -9999.000 -9999.000 -9999.000 -9999.000 -9999.000 -9999.000 -9999.000 -9999.000 -9999.000 -9999.000 -9999.000 -9999.000 -9999.000 0.7694729E-01 0.3020569E-01 0.1681154E-01 0.2427153E-01 0.3511659E-01 0.4996929E-01 0.6675669E-01 0.8415487E-01 0.1004918 0.1150886 0.1285036 0.1409234 0.1553259 0.1832588 0.2482023 0.2482023 -9999.000 -9999.000 -9999.000 -9999.000 -9999.000 -9999.000 -9999.000 -9999.000 -9999.000 -9999.000 -9999.000 -9999.000 -9999.000 -9999.000 -9999.000 -9999.000 -9999.000 -9999.000 -9999.000 -9999.000 -9999.000 -9999.000 -9999.000 -9999.000 -9999.000 -9999.000 -9999.000 -9999.000 -9999.000
-9999.000 -9999.000 -9999.000 -9999.000 -9999.000 -9999.000 -9999.000 -9999.000 -9999.000 -9999.000 -9999.000 -9999.000 -9999.000 -9999.000 -9999.000 0.7332937E-01 0.2330214E-01 0.1677565E-01 0.2818035E-01 0.3599717E-01 0.4914713E-01 0.6599610E-01 0.8433096E-01 0.1018941 0.1177590 0.1324889 0.1461973 0.1622719 0.1939697 0.2744913 0.2744913 -9999.000 -9999.000 -9999.000 -9999.000 -9999.000 -9999.000 -9999.000 -9999.000 -9999.000 -9999.000 -9999.000 -9999.000 -9999.000 -9999.000 -9999.000 -9999.000 -9999.000 -9999.000 -9999.000 -9999.000 -9999.000 -9999.000 -9999.000 -9999.000 -9999.000 -9999.000 -9999.000 -9999.000 -9999.000
-9999.000 -9999.000 -9999.000 -9999.000 -9999.000 -9999.000 -9999.000 -9999.000 -9999.000 -9999.000 -9999.000 -9999.000 -9999.000 -9999.000 -9999.000 0.6775729E-01 0.1808295E-01 0.2718925E-01 0.4043886E-01 0.4463347E-01 0.5420494E-01 0.6935246E-01 0.8738944E-01 0.1053528 0.1219146 0.1375550 0.1522539 0.1698310 0.2054574 0.3057131 0.3057131 -9999.000 -9999.000 -9999.000 -9999.000 -9999.000 -9999.000 -9999.000 -9999.000 -9999.000 -9999.000 -9999.000 -9999.000 -9999.000 -9999.000 -9999.000 -9999.000 -9999.000 -9999.000 -9999.000 -9999.000 -9999.000 -9999.000 -9999.000 -9999.000 -9999.000 -9999.000 -9999.000 -9999.000 -9999.000
-9999.000 -9999.000 -9999.000 -9999.000 -9999.000 -9999.000 -9999.000 -9999.000 -9999.000 -9999.000 -9999.000 -9999.000 -9999.000 -9999.000 -9999.000 0.1065506 0.1640746 0.1930668 0.1845904 0.1558710 0.1379850 0.1273248 0.1250383 0.1293076 0.1375067 0.1484675 0.1608415 0.1781208 0.2171466 0.3411728 0.3411728 -9999.000 -9999.000 -9999.000 -9999.000 -9999.000 -9999.000 -9999.000 -9999.000 -9999.000 -9999.000 -9999.000 -9999.000 -9999.000 -9999.000 -9999.000 -9999.000 -9999.000 -9999.000 -9999.000 -9999.000 -9999.000 -9999.000 -9999.000 -9999.000 -9999.000 -9999.000 -9999.000 -9999.000 -9999.000
2.881829 2.881829 2.902634 2.901515 2.922223 2.922223 2.925129 2.924835 2.924835 2.920775 2.920775 2.914178 2.910189 2.905845 2.901602 2.901602 3.064433 3.069197 3.070410 3.067088 3.034451 2.978552 2.899495 2.795829 2.669250 2.523527 2.361095 2.190686 2.036951 1.975117 1.975117 2.795670 2.971690 3.078356 3.105934 3.105934 3.144804 3.144804 3.136917 3.136917 3.098242 2.930585 2.930585 2.623513 2.623513 2.203103 2.203103 2.203103 2.171465 2.171465 2.196763 2.196763 2.243341 2.243341 2.293765 2.293765 2.339910 2.339910 2.339910 2.377340
2.905348 2.905348 2.935123 2.956643 2.984738 2.984738 2.999725 3.022551 3.022551 3.041179 3.041179 3.057072 3.064260 3.071042 3.077847 3.077847 3.198400 3.218767 3.234921 3.248606 3.255071 3.254961 3.246665 3.227091 3.193617 3.144416 3.077499 2.993224 2.897533 2.815339 2.815339 3.248547 3.401880 3.554705 3.597492 3.597492 3.648357 3.648357 3.655165 3.655165 3.637628 3.544168 3.544168 3.362079 3.362079 3.044446 3.044446 3.044446 3.008722 3.008722 3.036124 3.036124 3.085429 3.085429 3.138395 3.138395 3.187480 3.187480 3.187480 3.229238
2.910163 2.910163 2.937596 2.958544 2.984441 2.984441 3.000111 3.023807 3.023807 3.043078 3.043078 3.059687 3.067272 3.074482 3.081781 3.081781 3.188860 3.222422 3.250896 3.275734 3.295229 3.309849 3.319673 3.323821 3.321117 3.310309 3.289563 3.257769 3.216997 3.181938 3.181938 3.420079 3.567013 3.741045 3.793286 3.793286 3.849482 3.849482 3.843864 3.843864 3.817472 3.722728 3.722728 3.587798 3.587798 3.335710 3.335710 3.335710 3.284900 3.284900 3.298806 3.298806 3.339108 3.339108 3.385894 3.385894 3.430500 3.430500 3.430500 3.468982
2.913124 2.913124 2.939851 2.959173 2.983531 2.983531 2.999624 3.023767 3.023767 3.043079 3.043079 3.059683 3.067271 3.074489 3.081883 3.081883 3.180175 3.224499 3.264328 3.299506 3.328855 3.352388 3.370433 3.383056 3.390209 3.391813 3.387389 3.376560 3.360601 3.348620 3.348620 3.493341 3.622118 3.800108 3.856245 3.856245 3.906619 3.906619 3.875982 3.875982 3.837417 3.746905 3.746905 3.658650 3.658650 3.474707 3.474707 3.474707 3.413815 3.413815 3.412410 3.412410 3.442714 3.442714 3.483886 3.483886 3.525059 3.525059 3.525059 3.561053
2.914048 2.914048 2.939434 2.959175 2.982616 2.982616 2.999075 3.023644 3.023644 3.043022 3.043022 3.059639 3.067229 3.074449 3.081978 3.081978 3.176417 3.229711 3.279649 3.324465 3.362944 3.394749 3.420031 3.439019 3.451982 3.459286 3.461207 3.458110 3.451385 3.447378 3.447378 3.538120 3.644336 3.810876 3.861411 3.861411 3.882669 3.882669 3.817718 3.817718 3.774263 3.709756 3.709756 3.671332 3.671332 3.557601 3.557601 3.557601 3.496160 3.496160 3.480046 3.480046 3.497768 3.497768 3.531200 3.531200 3.567636 3.567636 3.567636 3.600252
2.910958 2.910958 2.943482 2.958824 2.981863 2.981863 2.998690 3.023643 3.023643 3.043025 3.043025 3.059603 3.067188 3.074407 3.082135 3.082135 3.178644 3.239943 3.298784 3.352265 3.398986 3.438416 3.470533 3.495532 3.513716 3.525521 3.531436 3.532099 3.528894 3.526456 3.526456 3.581895 3.663283 3.799917 3.829691 3.829691 3.793357 3.793357 3.703985 3.703985 3.672792 3.653962 3.653962 3.660765 3.660765 3.610664 3.610664 3.610664 3.559089 3.559089 3.533143 3.533143 3.537467 3.537467 3.560785 3.560785 3.590353 3.590353 3.590353 3.617941
2.910348 2.910348 2.945472 2.958407 2.981256 2.981256 2.998343 3.023618 3.023618 3.043040 3.043040 3.059601 3.067176 3.074389 3.082390 3.082390 3.187680 3.256718 3.323505 3.384577 3.438459 3.484571 3.522823 3.553364 3.576464 3.592521 3.602020 3.605607 3.604453 3.601800 3.601800 3.633076 3.688606 3.768539 3.754853 3.754853 3.647598 3.647598 3.573942 3.573942 3.570003 3.600213 3.600213 3.641384 3.641384 3.642945 3.642945 3.642945 3.608773 3.608773 3.580385 3.580385 3.573305 3.573305 3.585151 3.585151 3.605732 3.605732 3.605732 3.626400
2.910103 2.910103 2.946307 2.958314 2.981085 2.981085 2.998245 3.023611 3.023611 3.043044 3.043044 3.059601 3.067176 3.074389 3.082775 3.082775 3.204598 3.281664 3.355683 3.423258 3.483075 3.534678 3.578028 3.613288 3.640723 3.660676 3.673568 3.679940 3.680668 3.677629 3.677629 3.691494 3.718728 3.697247 3.617372 3.617372 3.471237 3.471237 3.457446 3.457446 3.483451 3.552242 3.552242 3.616925 3.616925 3.658107 3.658107 3.658107 3.644701 3.644701 3.621170 3.621170 3.607115 3.607115 3.607772 3.607772 3.617861 3.617861 3.617861 3.629827
2.910158 2.910158 2.945639 2.958392 2.981238 2.981238 2.998328 3.023611 3.023611 3.043038 3.043038 3.059602 3.067179 3.074392 3.083308 3.083308 3.230900 3.316637 3.397337 3.470310 3.534710 3.590401 3.637526 3.676355 3.707192 3.730360 3.746217 3.755183 3.757749 3.754005 3.754005 3.752165 3.740711 3.552915 3.412449 3.412449 3.306655 3.306655 3.368794 3.368794 3.416412 3.509504 3.509504 3.589594 3.589594 3.660186 3.660186 3.660186 3.667159 3.667159 3.653645 3.653645 3.637549 3.637549 3.628888 3.628888 3.627890 3.627890 3.627890 3.629743
2.911827 2.911827 2.942178 2.958642 2.981747 2.981747 2.998636 3.023689 3.023689 3.043104 3.043104 3.059675 3.067246 3.074450 3.084086 3.084086 3.268949 3.364096 3.450889 3.528018 3.595463 3.653603 3.702914 3.743855 3.776830 3.802191 3.820262 3.831335 3.835285 3.828544 3.828544 3.802511 3.720679 3.322228 3.178864 3.178864 3.185346 3.185346 3.303171 3.303171 3.362388 3.469189 3.469189 3.559599 3.559599 3.651667 3.651667 3.651667 3.676358 3.676358 3.675191 3.675191 3.661392 3.661392 3.646317 3.646317 3.634703 3.634703 3.634703 3.625689
2.914062 2.914062 2.938953 2.959034 2.982546 2.982546 2.999077 3.023719 3.023719 3.043087 3.043087 3.059668 3.067243 3.074450 3.085088 3.085088 3.322313 3.427381 3.519347 3.599037 3.667646 3.726292 3.775898 3.817195 3.850742 3.876960 3.896168 3.908491 3.912246 3.893041 3.893041 3.807745 3.594322 3.051738 2.985139 2.985139 3.104445 3.104445 3.248232 3.248232 3.312795 3.427526 3.427526 3.525223 3.525223 3.632732 3.632732 3.632732 3.671567 3.671567 3.682586 3.682586 3.673888 3.673888 3.655466 3.655466 3.634653 3.634653 3.634653 3.614908
2.912929 2.912929 2.939848 2.959141 2.983497 2.983497 2.999595 3.023753 3.023753 3.043077 3.043077 3.059686 3.067274 3.074491 3.086500 3.086500 3.396872 3.511451 3.606776 3.686670 3.753956 3.810679 3.858303 3.897878 3.930139 3.955595 3.974576 3.986771 3.984768 3.916162 3.916162 3.684762 3.308908 2.833913 2.862466 2.862466 3.038152 3.038152 3.191221 3.191221 3.258388 3.378432 3.378432 3.481476 3.481476 3.599839 3.599839 3.599839 3.649194 3.649194 3.670586 3.670586 3.667899 3.667899 3.648523 3.648523 3.620477 3.620477 3.620477 3.591060
