simulation_files/asc/Velocity__y_23.0.asc
NCOLS        79
NROWS        79
XLLCENTER         -1.500000
YLLCENTER         -4.800000
CELLSIZE           0.100
NODATA_VALUE     -9999.0
[rows 0 to 25 of 79, columns 0 to 58 of 79]
-9999.000 -9999.000 -9999.000 -9999.000 -9999.000 -9999.000 -9999.000 -9999.000 -9999.000 -9999.000 -9999.000 -9999.000 -9999.000 -9999.000 -9999.000 -0.4296364 -0.4305470 -0.4312314 -0.4322129 -0.4333944 -0.4347205 -0.4361432 -0.4376143 -0.4390868 -0.4405141 -0.4418535 -0.4430699 -0.4441479 -0.4450300 -0.4408734 -0.4408734 -9999.000 -9999.000 -9999.000 -9999.000 -9999.000 -9999.000 -9999.000 -9999.000 -9999.000 -9999.000 -9999.000 -9999.000 -9999.000 -9999.000 -9999.000 -9999.000 -9999.000 -9999.000 -9999.000 -9999.000 -9999.000 -9999.000 -9999.000 -9999.000 -9999.000 -9999.000 -9999.000 -9999.000
-9999.000 -9999.000 -9999.000 -9999.000 -9999.000 -9999.000 -9999.000 -9999.000 -9999.000 -9999.000 -9999.000 -9999.000 -9999.000 -9999.000 -9999.000 -0.4198363 -0.4202817 -0.4212644 -0.4226483 -0.4242628 -0.4260364 -0.4279159 -0.4298519 -0.4317976 -0.4337101 -0.4355528 -0.4373038 -0.4389747 -0.4404738 -0.4330357 -0.4330357 -9999.000 -9999.000 -9999.000 -9999.000 -9999.000 -9999.000 -9999.000 -9999.000 -9999.000 -9999.000 -9999.000 -9999.000 -9999.000 -9999.000 -9999.000 -9999.000 -9999.000 -9999.000 -9999.000 -9999.000 -9999.000 -9999.000 -9999.000 -9999.000 -9999.000 -9999.000 -9999.000 -9999.000
-9999.000 -9999.000 -9999.000 -9999.000 -9999.000 -9999.000 -9999.000 -9999.000 -9999.000 -9999.000 -9999.000 -9999.000 -9999.000 -9999.000 -9999.000 -0.4076625 -0.4073575 -0.4089712 -0.4111515 -0.4136158 -0.4162674 -0.4190432 -0.4218885 -0.4247526 -0.4275882 -0.4303525 -0.4330113 -0.4355559 -0.4377326 -0.4261297 -0.4261297 -9999.000 -9999.000 -9999.000 -9999.000 -9999.000 -9999.000 -9999.000 -9999.000 -9999.000 -9999.000 -9999.000 -9999.000 -9999.000 -9999.000 -9999.000 -9999.000 -9999.000 -9999.000 -9999.000 -9999.000 -9999.000 -9999.000 -9999.000 -9999.000 -9999.000 -9999.000 -9999.000 -9999.000
-9999.000 -9999.000 -9999.000 -9999.000 -9999.000 -9999.000 -9999.000 -9999.000 -9999.000 -9999.000 -9999.000 -9999.000 -9999.000 -9999.000 -9999.000 -0.3943399 -0.3928244 -0.3952951 -0.3985663 -0.4021954 -0.4060494 -0.4100504 -0.4141357 -0.4182463 -0.4223255 -0.4263157 -0.4301597 -0.4338171 -0.4368396 -0.4209616 -0.4209616 -9999.000 -9999.000 -9999.000 -9999.000 -9999.000 -9999.000 -9999.000 -9999.000 -9999.000 -9999.000 -9999.000 -9999.000 -9999.000 -9999.000 -9999.000 -9999.000 -9999.000 -9999.000 -9999.000 -9999.000 -9999.000 -9999.000 -9999.000 -9999.000 -9999.000 -9999.000 -9999.000 -9999.000
-9999.000 -9999.000 -9999.000 -9999.000 -9999.000 -9999.000 -9999.000 -9999.000 -9999.000 -9999.000 -9999.000 -9999.000 -9999.000 -9999.000 -9999.000 -0.3798461 -0.3766848 -0.3802285 -0.3848804 -0.3899831 -0.3953559 -0.4009035 -0.4065520 -0.4122331 -0.4178779 -0.4234103 -0.4287450 -0.4338018 -0.4378962 -0.4177254 -0.4177254 -9999.000 -9999.000 -9999.000 -9999.000 -9999.000 -9999.000 -9999.000 -9999.000 -9999.000 -9999.000 -9999.000 -9999.000 -9999.000 -9999.000 -9999.000 -9999.000 -9999.000 -9999.000 -9999.000 -9999.000 -9999.000 -9999.000 -9999.000 -9999.000 -9999.000 -9999.000 -9999.000 -9999.000
-9999.000 -9999.000 -9999.000 -9999.000 -9999.000 -9999.000 -9999.000 -9999.000 -9999.000 -9999.000 -9999.000 -9999.000 -9999.000 -9999.000 -9999.000 -0.3640490 -0.3588926 -0.3637241 -0.3700472 -0.3769340 -0.3841444 -0.3915621 -0.3991026 -0.4066886 -0.4142390 -0.4216592 -0.4288333 -0.4356332 -0.4410914 -0.4167106 -0.4167106 -9999.000 -9999.000 -9999.000 -9999.000 -9999.000 -9999.000 -9999.000 -9999.000 -9999.000 -9999.000 -9999.000 -9999.000 -9999.000 -9999.000 -9999.000 -9999.000 -9999.000 -9999.000 -9999.000 -9999.000 -9999.000 -9999.000 -9999.000 -9999.000 -9999.000 -9999.000 -9999.000 -9999.000
-9999.000 -9999.000 -9999.000 -9999.000 -9999.000 -9999.000 -9999.000 -9999.000 -9999.000 -9999.000 -9999.000 -9999.000 -9999.000 -9999.000 -9999.000 -0.3467055 -0.3393698 -0.3457060 -0.3539921 -0.3629773 -0.3723497 -0.3819704 -0.3917456 -0.4015916 -0.4114193 -0.4211178 -0.4305412 -0.4395060 -0.4467112 -0.4183290 -0.4183290 -9999.000 -9999.000 -9999.000 -9999.000 -9999.000 -9999.000 -9999.000 -9999.000 -9999.000 -9999.000 -9999.000 -9999.000 -9999.000 -9999.000 -9999.000 -9999.000 -9999.000 -9999.000 -9999.000 -9999.000 -9999.000 -9999.000 -9999.000 -9999.000 -9999.000 -9999.000 -9999.000 -9999.000
-9999.000 -9999.000 -9999.000 -9999.000 -9999.000 -9999.000 -9999.000 -9999.000 -9999.000 -9999.000 -9999.000 -9999.000 -9999.000 -9999.000 -9999.000 -0.3274552 -0.3180183 -0.3260819 -0.3366197 -0.3480178 -0.3598823 -0.3720496 -0.3844201 -0.3969098 -0.4094285 -0.4218574 -0.4340246 -0.4456841 -0.4551517 -0.4231443 -0.4231443 -9999.000 -9999.000 -9999.000 -9999.000 -9999.000 -9999.000 -9999.000 -9999.000 -9999.000 -9999.000 -9999.000 -9999.000 -9999.000 -9999.000 -9999.000 -9999.000 -9999.000 -9999.000 -9999.000 -9999.000 -9999.000 -9999.000 -9999.000 -9999.000 -9999.000 -9999.000 -9999.000 -9999.000
-9999.000 -9999.000 -9999.000 -9999.000 -9999.000 -9999.000 -9999.000 -9999.000 -9999.000 -9999.000 -9999.000 -9999.000 -9999.000 -9999.000 -9999.000 -0.3058095 -0.2947240 -0.3047501 -0.3178181 -0.3319388 -0.3466271 -0.3616939 -0.3770386 -0.3925871 -0.4082624 -0.4239510 -0.4394682 -0.4545056 -0.4669459 -0.4319220 -0.4319220 -9999.000 -9999.000 -9999.000 -9999.000 -9999.000 -9999.000 -9999.000 -9999.000 -9999.000 -9999.000 -9999.000 -9999.000 -9999.000 -9999.000 -9999.000 -9999.000 -9999.000 -9999.000 -9999.000 -9999.000 -9999.000 -9999.000 -9999.000 -9999.000 -9999.000 -9999.000 -9999.000 -9999.000
-9999.000 -9999.000 -9999.000 -9999.000 -9999.000 -9999.000 -9999.000 -9999.000 -9999.000 -9999.000 -9999.000 -9999.000 -9999.000 -9999.000 -9999.000 -0.2811468 -0.2693525 -0.2815988 -0.2974580 -0.3145978 -0.3324376 -0.3507619 -0.3694758 -0.3885307 -0.4078844 -0.4274572 -0.4470787 -0.4663931 -0.4828130 -0.4457279 -0.4457279 -9999.000 -9999.000 -9999.000 -9999.000 -9999.000 -9999.000 -9999.000 -9999.000 -9999.000 -9999.000 -9999.000 -9999.000 -9999.000 -9999.000 -9999.000 -9999.000 -9999.000 -9999.000 -9999.000 -9999.000 -9999.000 -9999.000 -9999.000 -9999.000 -9999.000 -9999.000 -9999.000 -9999.000
-9999.000 -9999.000 -9999.000 -9999.000 -9999.000 -9999.000 -9999.000 -9999.000 -9999.000 -9999.000 -9999.000 -9999.000 -9999.000 -9999.000 -9999.000 -0.2527301 -0.2417431 -0.2565009 -0.2753868 -0.2958189 -0.3171254 -0.3390626 -0.3615503 -0.3845867 -0.4081998 -0.4323922 -0.4570656 -0.4818688 -0.5037419 -0.4661205 -0.4661205 -9999.000 -9999.000 -9999.000 -9999.000 -9999.000 -9999.000 -9999.000 -9999.000 -9999.000 -9999.000 -9999.000 -9999.000 -9999.000 -9999.000 -9999.000 -9999.000 -9999.000 -9999.000 -9999.000 -9999.000 -9999.000 -9999.000 -9999.000 -9999.000 -9999.000 -9999.000 -9999.000 -9999.000
-9999.000 -9999.000 -9999.000 -9999.000 -9999.000 -9999.000 -9999.000 -9999.000 -9999.000 -9999.000 -9999.000 -9999.000 -9999.000 -9999.000 -9999.000 -0.2197604 -0.2117047 -0.2293074 -0.2514210 -0.2753811 -0.3004419 -0.3263314 -0.3529928 -0.3804997 -0.4090034 -0.4386718 -0.4695941 -0.5015586 -0.5311339 -0.4955498 -0.4955498 -9999.000 -9999.000 -9999.000 -9999.000 -9999.000 -9999.000 -9999.000 -9999.000 -9999.000 -9999.000 -9999.000 -9999.000 -9999.000 -9999.000 -9999.000 -9999.000 -9999.000 -9999.000 -9999.000 -9999.000 -9999.000 -9999.000 -9999.000 -9999.000 -9999.000 -9999.000 -9999.000 -9999.000
-9999.000 -9999.000 -9999.000 -9999.000 -9999.000 -9999.000 -9999.000 -9999.000 -9999.000 -9999.000 -9999.000 -9999.000 -9999.000 -9999.000 -9999.000 -0.1814726 -0.1790107 -0.1998317 -0.2253337 -0.2530048 -0.2820586 -0.3121972 -0.3433975 -0.3758431 -0.4098836 -0.4459883 -0.4846570 -0.5261447 -0.5670450 -0.5382776 -0.5382776 -9999.000 -9999.000 -9999.000 -9999.000 -9999.000 -9999.000 -9999.000 -9999.000 -9999.000 -9999.000 -9999.000 -9999.000 -9999.000 -9999.000 -9999.000 -9999.000 -9999.000 -9999.000 -9999.000 -9999.000 -9999.000 -9999.000 -9999.000 -9999.000 -9999.000 -9999.000 -9999.000 -9999.000
-9999.000 -9999.000 -9999.000 -9999.000 -9999.000 -9999.000 -9999.000 -9999.000 -9999.000 -9999.000 -9999.000 -9999.000 -9999.000 -9999.000 -9999.000 -0.1372413 -0.1433879 -0.1678194 -0.1968320 -0.2283351 -0.2615451 -0.2961456 -0.3321568 -0.3699094 -0.4100481 -0.4535488 -0.5017319 -0.5560897 -0.6145564 -0.6029355 -0.6029355 -9999.000 -9999.000 -9999.000 -9999.000 -9999.000 -9999.000 -9999.000 -9999.000 -9999.000 -9999.000 -9999.000 -9999.000 -9999.000 -9999.000 -9999.000 -9999.000 -9999.000 -9999.000 -9999.000 -9999.000 -9999.000 -9999.000 -9999.000 -9999.000 -9999.000 -9999.000 -9999.000 -9999.000
-9999.000 -9999.000 -9999.000 -9999.000 -9999.000 -9999.000 -9999.000 -9999.000 -9999.000 -9999.000 -9999.000 -9999.000 -9999.000 -9999.000 -9999.000 -0.8459715E-01 -0.1042652 -0.1331395 -0.1659303 -0.2013436 -0.2387195 -0.2777739 -0.3185989 -0.3617083 -0.4081354 -0.4596228 -0.5189824 -0.5906522 -0.6782240 -0.7112607 -0.7112607 -9999.000 -9999.000 -9999.000 -9999.000 -9999.000 -9999.000 -9999.000 -9999.000 -9999.000 -9999.000 -9999.000 -9999.000 -9999.000 -9999.000 -9999.000 -9999.000 -9999.000 -9999.000 -9999.000 -9999.000 -9999.000 -9999.000 -9999.000 -9999.000 -9999.000 -9999.000 -9999.000 -9999.000
-0.3214476E-02 -0.3214476E-02 -0.3520766E-02 -0.4298444E-02 -0.4785636E-02 -0.4785636E-02 -0.5324122E-02 -0.6725404E-02 -0.6725404E-02 -0.9232017E-02 -0.9232017E-02 -0.1466517E-01 -0.1969749E-01 -0.2737485E-01 -0.3889015E-01 -0.3889015E-01 -0.9960055E-01 -0.1281866 -0.1591052 -0.1927605 -0.2291871 -0.2683853 -0.3105108 -0.3560666 -0.4061474 -0.4628306 -0.5299621 -0.6150237 -0.7324907 -0.9236017 -0.9236017 -0.8681461 -0.8358606 -0.6088187 -0.3748998 -0.3748998 -0.1068463 -0.1068463 -0.1013413E-01 -0.1013413E-01 0.1441759E-01 0.4876716E-01 0.4876716E-01 0.5746884E-01 0.5746884E-01 0.3907155E-01 0.3907155E-01 0.3907155E-01 0.2881462E-01 0.2881462E-01 0.2179140E-01 0.2179140E-01 0.1661040E-01 0.1661040E-01 0.1516919E-01 0.1516919E-01 0.1136992E-01 0.1136992E-01 0.1136992E-01
-0.5118173E-02 -0.5118173E-02 -0.5560391E-02 -0.7375186E-02 -0.8637188E-02 -0.8637188E-02 -0.1009585E-01 -0.1389275E-01 -0.1389275E-01 -0.2014320E-01 -0.2014320E-01 -0.3193957E-01 -0.4169287E-01 -0.5546355E-01 -0.7457656E-01 -0.7457656E-01 -0.1372991 -0.1636135 -0.1900021 -0.2178542 -0.2481975 -0.2818168 -0.3193417 -0.3613999 -0.4088356 -0.4629862 -0.5260290 -0.6014019 -0.6926000 -0.7952210 -0.7952210 -0.6355276 -0.5081065 -0.2875486 -0.1960587 -0.1960587 -0.1383626 -0.1383626 -0.3115947E-01 -0.3115947E-01 0.1944474E-01 0.8548166E-01 0.8548166E-01 0.1016677 0.1016677 0.7742491E-01 0.7742491E-01 0.7742491E-01 0.5845524E-01 0.5845524E-01 0.4444435E-01 0.4444435E-01 0.3398765E-01 0.3398765E-01 0.2588368E-01 0.2588368E-01 0.2238398E-01 0.2238398E-01 0.2238398E-01
-0.4713546E-02 -0.4713546E-02 -0.5629184E-02 -0.8789294E-02 -0.1103220E-01 -0.1103220E-01 -0.1368857E-01 -0.2051084E-01 -0.2051084E-01 -0.3094379E-01 -0.3094379E-01 -0.4851321E-01 -0.6159752E-01 -0.7863446E-01 -0.1004385 -0.1004385 -0.1624837 -0.1915290 -0.2196243 -0.2474864 -0.2760305 -0.3063028 -0.3393831 -0.3763211 -0.4181413 -0.4659117 -0.5208230 -0.5841171 -0.6553013 -0.7216024 -0.7216024 -0.6182018 -0.5183354 -0.3349931 -0.2526012 -0.2526012 -0.1216948 -0.1216948 0.1239119E-02 0.1239119E-02 0.5812833E-01 0.1287640 0.1287640 0.1352486 0.1352486 0.1055226 0.1055226 0.1055226 0.8239601E-01 0.8239601E-01 0.6365795E-01 0.6365795E-01 0.4903617E-01 0.4903617E-01 0.3429392E-01 0.3429392E-01 0.3050439E-01 0.3050439E-01 0.3050439E-01
-0.4388269E-02 -0.4388269E-02 -0.5604990E-02 -0.9826062E-02 -0.1289362E-01 -0.1289362E-01 -0.1654400E-01 -0.2572143E-01 -0.2572143E-01 -0.3907068E-01 -0.3907068E-01 -0.6028339E-01 -0.7534691E-01 -0.9424917E-01 -0.1175341 -0.1175341 -0.1796735 -0.2113953 -0.2424319 -0.2726728 -0.3024250 -0.3323578 -0.3634060 -0.3966497 -0.4331925 -0.4740494 -0.5200095 -0.5713144 -0.6259926 -0.6711783 -0.6711783 -0.6018586 -0.5242874 -0.3641064 -0.2820311 -0.2820311 -0.1098256 -0.1098256 0.4082127E-01 0.4082127E-01 0.9691761E-01 0.1632419 0.1632419 0.1665381 0.1665381 0.1274896 0.1274896 0.1274896 0.1006603 0.1006603 0.7816967E-01 0.7816967E-01 0.6005502E-01 0.6005502E-01 0.4297567E-01 0.4297567E-01 0.3506098E-01 0.3506098E-01 0.3506098E-01
-0.4070238E-02 -0.4070238E-02 -0.5456568E-02 -0.1047693E-01 -0.1421112E-01 -0.1421112E-01 -0.1865964E-01 -0.2962433E-01 -0.2962433E-01 -0.4494226E-01 -0.4494226E-01 -0.6839831E-01 -0.8465774E-01 -0.1047247 -0.1290446 -0.1290446 -0.1921085 -0.2260698 -0.2599303 -0.2930239 -0.3251155 -0.3563782 -0.3873408 -0.4187948 -0.4516602 -0.4868100 -0.5248252 -0.5655582 -0.6067116 -0.6374884 -0.6374884 -0.5886956 -0.5268256 -0.3777587 -0.2894514 -0.2894514 -0.9426781E-01 -0.9426781E-01 0.6308993E-01 0.6308993E-01 0.1158792 0.1786089 0.1786089 0.1879453 0.1879453 0.1475747 0.1475747 0.1475747 0.1170795 0.1170795 0.9077021E-01 0.9077021E-01 0.6909842E-01 0.6909842E-01 0.4967789E-01 0.4967789E-01 0.3787528E-01 0.3787528E-01 0.3787528E-01
-0.3695733E-02 -0.3695733E-02 -0.5148175E-02 -0.1069387E-01 -0.1491236E-01 -0.1491236E-01 -0.1994872E-01 -0.3217285E-01 -0.3217285E-01 -0.4870052E-01 -0.4870052E-01 -0.7342261E-01 -0.9039716E-01 -0.1112667 -0.1365106 -0.1365106 -0.2016195 -0.2377359 -0.2742187 -0.3100861 -0.3447507 -0.3779978 -0.4099537 -0.4410278 -0.4718070 -0.5028903 -0.5346277 -0.5666754 -0.5968363 -0.6165972 -0.6165972 -0.5785373 -0.5241964 -0.3700271 -0.2720624 -0.2720624 -0.7341851E-01 -0.7341851E-01 0.6991697E-01 0.6991697E-01 0.1173044 0.1773845 0.1773845 0.1954691 0.1954691 0.1628189 0.1628189 0.1628189 0.1310743 0.1310743 0.1018071 0.1018071 0.7682447E-01 0.7682447E-01 0.5497367E-01 0.5497367E-01 0.3971547E-01 0.3971547E-01 0.3971547E-01
-0.3226897E-02 -0.3226897E-02 -0.4661877E-02 -0.1045155E-01 -0.1495586E-01 -0.1495586E-01 -0.2035774E-01 -0.3332831E-01 -0.3332831E-01 -0.5040758E-01 -0.5040758E-01 -0.7562543E-01 -0.9297290E-01 -0.1144388 -0.1406747 -0.1406747 -0.2093607 -0.2479746 -0.2871377 -0.3256938 -0.3628748 -0.3982399 -0.4316293 -0.4631188 -0.4929397 -0.5213398 -0.5483535 -0.5734020 -0.5943818 -0.6045566 -0.6045566 -0.5691541 -0.5122567 -0.3390129 -0.2359497 -0.2359497 -0.5455913E-01 -0.5455913E-01 0.6663205E-01 0.6663205E-01 0.1082118 0.1651458 0.1651458 0.1900249 0.1900249 0.1701699 0.1701699 0.1701699 0.1407076 0.1407076 0.1104476 0.1104476 0.8307379E-01 0.8307379E-01 0.5903155E-01 0.5903155E-01 0.4086356E-01 0.4086356E-01 0.4086356E-01
-0.2642956E-02 -0.2642956E-02 -0.3991798E-02 -0.9749464E-02 -0.1433353E-01 -0.1433353E-01 -0.1986860E-01 -0.3307294E-01 -0.3307294E-01 -0.5009833E-01 -0.5009833E-01 -0.7512531E-01 -0.9254128E-01 -0.1144352 -0.1418133 -0.1418133 -0.2162100 -0.2580644 -0.3002877 -0.3416241 -0.3812576 -0.4186726 -0.4535676 -0.4857907 -0.5152629 -0.5418512 -0.5651605 -0.5841925 -0.5966465 -0.5967867 -0.5967867 -0.5558183 -0.4845667 -0.2922374 -0.1945617 -0.1945617 -0.4191238E-01 -0.4191238E-01 0.5814281E-01 0.5814281E-01 0.9431992E-01 0.1469946 0.1469946 0.1752638 0.1752638 0.1682736 0.1682736 0.1682736 0.1439976 0.1439976 0.1152564 0.1152564 0.8710726E-01 0.8710726E-01 0.6164602E-01 0.6164602E-01 0.4132377E-01 0.4132377E-01 0.4132377E-01
-0.1932954E-02 -0.1932954E-02 -0.3140733E-02 -0.8609743E-02 -0.1306726E-01 -0.1306726E-01 -0.1849590E-01 -0.3141377E-01 -0.3141377E-01 -0.4780524E-01 -0.4780524E-01 -0.7196335E-01 -0.8910924E-01 -0.1112005 -0.1398546 -0.1398546 -0.2230309 -0.2692546 -0.3152150 -0.3596242 -0.4017318 -0.4410825 -0.4773683 -0.5103250 -0.5396233 -0.5647089 -0.5845733 -0.5974395 -0.6002415 -0.5871827 -0.5871827 -0.5309657 -0.4396710 -0.2434245 -0.1586369 -0.1586369 -0.3411183E-01 -0.3411183E-01 0.4812358E-01 0.4812358E-01 0.7917406E-01 0.1263689 0.1263689 0.1549505 0.1549505 0.1577901 0.1577901 0.1577901 0.1399127 0.1399127 0.1148574 0.1148574 0.8790633E-01 0.8790633E-01 0.6232596E-01 0.6232596E-01 0.4090925E-01 0.4090925E-01 0.4090925E-01
-0.1091617E-02 -0.1091617E-02 -0.2118109E-02 -0.7071794E-02 -0.1120415E-01 -0.1120415E-01 -0.1628513E-01 -0.2838910E-01 -0.2838910E-01 -0.4358029E-01 -0.4358029E-01 -0.6615802E-01 -0.8260536E-01 -0.1044950 -0.1343880 -0.1343880 -0.2309122 -0.2830330 -0.3336552 -0.3815781 -0.4262521 -0.4674142 -0.5048729 -0.5383529 -0.5673065 -0.5906361 -0.6063577 -0.6113013 -0.6008804 -0.5680755 -0.5680755 -0.4877500 -0.3844703 -0.2016357 -0.1325923 -0.1325923 -0.2804622E-01 -0.2804622E-01 0.3862635E-01 0.3862635E-01 0.6456730E-01 0.1052505 0.1052505 0.1318632 0.1318632 0.1406216 0.1406216 0.1406216 0.1287476 0.1287476 0.1085678 0.1085678 0.8460400E-01 0.8460400E-01 0.6048844E-01 0.6048844E-01 0.3932515E-01 0.3932515E-01 0.3932515E-01
-0.1166675E-03 -0.1166675E-03 -0.9386141E-03 -0.5186470E-02 -0.8810760E-02 -0.8810760E-02 -0.1331013E-01 -0.2407597E-01 -0.2407597E-01 -0.3751789E-01 -0.3751789E-01 -0.5775943E-01 -0.7295601E-01 -0.9397002E-01 -0.1246318 -0.1246318 -0.2414860 -0.3014603 -0.3578515 -0.4097810 -0.4570962 -0.4998827 -0.5381879 -0.5718076 -0.5999408 -0.6206387 -0.6302595 -0.6234750 -0.5941941 -0.5356823 -0.5356823 -0.4318148 -0.3250657 -0.1659156 -0.1115145 -0.1115145 -0.2243654E-01 -0.2243654E-01 0.3013594E-01 0.3013594E-01 0.5095232E-01 0.8444545E-01 0.8444545E-01 0.1075637 0.1075637 0.1187831 0.1187831 0.1187831 0.1116651 0.1116651 0.9655195E-01 0.9655195E-01 0.7679547E-01 0.7679547E-01 0.5567416E-01 0.5567416E-01 0.3626315E-01 0.3626315E-01 0.3626315E-01
