simulation_files/asc/Velocity__y_11.0.asc
NCOLS        79
NROWS        79
XLLCENTER         -1.500000
YLLCENTER         -4.800000
CELLSIZE           0.100
NODATA_VALUE     -9999.0
[rows 0 to 26 of 79, columns 0 to 58 of 79]
-9999.000 -9999.000 -9999.000 -9999.000 -9999.000 -9999.000 -9999.000 -9999.000 -9999.000 -9999.000 -9999.000 -9999.000 -9999.000 -9999.000 -9999.000 -1.350594 -1.363538 -1.363955 -1.364102 -1.364156 -1.364176 -1.364183 -1.364185 -1.364183 -1.364176 -1.364156 -1.364102 -1.363955 -1.363538 -1.350594 -1.350594 -9999.000 -9999.000 -9999.000 -9999.000 -9999.000 -9999.000 -9999.000 -9999.000 -9999.000 -9999.000 -9999.000 -9999.000 -9999.000 -9999.000 -9999.000 -9999.000 -9999.000 -9999.000 -9999.000 -9999.000 -9999.000 -9999.000 -9999.000 -9999.000 -9999.000 -9999.000 -9999.000 -9999.000
-9999.000 -9999.000 -9999.000 -9999.000 -9999.000 -9999.000 -9999.000 -9999.000 -9999.000 -9999.000 -9999.000 -9999.000 -9999.000 -9999.000 -9999.000 -1.335968 -1.359537 -1.360353 -1.360715 -1.360881 -1.360954 -1.360983 -1.360991 -1.360983 -1.360954 -1.360881 -1.360715 -1.360353 -1.359537 -1.335968 -1.335968 -9999.000 -9999.000 -9999.000 -9999.000 -9999.000 -9999.000 -9999.000 -9999.000 -9999.000 -9999.000 -9999.000 -9999.000 -9999.000 -9999.000 -9999.000 -9999.000 -9999.000 -9999.000 -9999.000 -9999.000 -9999.000 -9999.000 -9999.000 -9999.000 -9999.000 -9999.000 -9999.000 -9999.000
-9999.000 -9999.000 -9999.000 -9999.000 -9999.000 -9999.000 -9999.000 -9999.000 -9999.000 -9999.000 -9999.000 -9999.000 -9999.000 -9999.000 -9999.000 -1.323144 -1.355741 -1.356817 -1.357370 -1.357677 -1.357833 -1.357904 -1.357924 -1.357904 -1.357833 -1.357677 -1.357370 -1.356817 -1.355741 -1.323144 -1.323144 -9999.000 -9999.000 -9999.000 -9999.000 -9999.000 -9999.000 -9999.000 -9999.000 -9999.000 -9999.000 -9999.000 -9999.000 -9999.000 -9999.000 -9999.000 -9999.000 -9999.000 -9999.000 -9999.000 -9999.000 -9999.000 -9999.000 -9999.000 -9999.000 -9999.000 -9999.000 -9999.000 -9999.000
-9999.000 -9999.000 -9999.000 -9999.000 -9999.000 -9999.000 -9999.000 -9999.000 -9999.000 -9999.000 -9999.000 -9999.000 -9999.000 -9999.000 -9999.000 -1.311688 -1.352248 -1.353449 -1.354110 -1.354542 -1.354793 -1.354919 -1.354957 -1.354919 -1.354793 -1.354542 -1.354110 -1.353448 -1.352248 -1.311688 -1.311688 -9999.000 -9999.000 -9999.000 -9999.000 -9999.000 -9999.000 -9999.000 -9999.000 -9999.000 -9999.000 -9999.000 -9999.000 -9999.000 -9999.000 -9999.000 -9999.000 -9999.000 -9999.000 -9999.000 -9999.000 -9999.000 -9999.000 -9999.000 -9999.000 -9999.000 -9999.000 -9999.000 -9999.000
-9999.000 -9999.000 -9999.000 -9999.000 -9999.000 -9999.000 -9999.000 -9999.000 -9999.000 -9999.000 -9999.000 -9999.000 -9999.000 -9999.000 -9999.000 -1.301231 -1.349077 -1.350315 -1.350984 -1.351493 -1.351828 -1.352011 -1.352068 -1.352011 -1.351828 -1.351493 -1.350984 -1.350315 -1.349076 -1.301231 -1.301231 -9999.000 -9999.000 -9999.000 -9999.000 -9999.000 -9999.000 -9999.000 -9999.000 -9999.000 -9999.000 -9999.000 -9999.000 -9999.000 -9999.000 -9999.000 -9999.000 -9999.000 -9999.000 -9999.000 -9999.000 -9999.000 -9999.000 -9999.000 -9999.000 -9999.000 -9999.000 -9999.000 -9999.000
-9999.000 -9999.000 -9999.000 -9999.000 -9999.000 -9999.000 -9999.000 -9999.000 -9999.000 -9999.000 -9999.000 -9999.000 -9999.000 -9999.000 -9999.000 -1.291493 -1.346201 -1.347444 -1.348035 -1.348557 -1.348941 -1.349169 -1.349243 -1.349169 -1.348941 -1.348557 -1.348034 -1.347445 -1.346200 -1.291493 -1.291493 -9999.000 -9999.000 -9999.000 -9999.000 -9999.000 -9999.000 -9999.000 -9999.000 -9999.000 -9999.000 -9999.000 -9999.000 -9999.000 -9999.000 -9999.000 -9999.000 -9999.000 -9999.000 -9999.000 -9999.000 -9999.000 -9999.000 -9999.000 -9999.000 -9999.000 -9999.000 -9999.000 -9999.000
-9999.000 -9999.000 -9999.000 -9999.000 -9999.000 -9999.000 -9999.000 -9999.000 -9999.000 -9999.000 -9999.000 -9999.000 -9999.000 -9999.000 -9999.000 -1.282276 -1.343576 -1.344836 -1.345287 -1.345758 -1.346147 -1.346395 -1.346479 -1.346395 -1.346147 -1.345757 -1.345287 -1.344836 -1.343576 -1.282277 -1.282277 -9999.000 -9999.000 -9999.000 -9999.000 -9999.000 -9999.000 -9999.000 -9999.000 -9999.000 -9999.000 -9999.000 -9999.000 -9999.000 -9999.000 -9999.000 -9999.000 -9999.000 -9999.000 -9999.000 -9999.000 -9999.000 -9999.000 -9999.000 -9999.000 -9999.000 -9999.000 -9999.000 -9999.000
-9999.000 -9999.000 -9999.000 -9999.000 -9999.000 -9999.000 -9999.000 -9999.000 -9999.000 -9999.000 -9999.000 -9999.000 -9999.000 -9999.000 -9999.000 -1.273449 -1.341155 -1.342466 -1.342748 -1.343115 -1.343460 -1.343698 -1.343781 -1.343698 -1.343460 -1.343115 -1.342748 -1.342466 -1.341155 -1.273449 -1.273449 -9999.000 -9999.000 -9999.000 -9999.000 -9999.000 -9999.000 -9999.000 -9999.000 -9999.000 -9999.000 -9999.000 -9999.000 -9999.000 -9999.000 -9999.000 -9999.000 -9999.000 -9999.000 -9999.000 -9999.000 -9999.000 -9999.000 -9999.000 -9999.000 -9999.000 -9999.000 -9999.000 -9999.000
-9999.000 -9999.000 -9999.000 -9999.000 -9999.000 -9999.000 -9999.000 -9999.000 -9999.000 -9999.000 -9999.000 -9999.000 -9999.000 -9999.000 -9999.000 -1.264927 -1.338896 -1.340304 -1.340410 -1.340639 -1.340899 -1.341095 -1.341168 -1.341095 -1.340899 -1.340639 -1.340410 -1.340304 -1.338895 -1.264927 -1.264927 -9999.000 -9999.000 -9999.000 -9999.000 -9999.000 -9999.000 -9999.000 -9999.000 -9999.000 -9999.000 -9999.000 -9999.000 -9999.000 -9999.000 -9999.000 -9999.000 -9999.000 -9999.000 -9999.000 -9999.000 -9999.000 -9999.000 -9999.000 -9999.000 -9999.000 -9999.000 -9999.000 -9999.000
-9999.000 -9999.000 -9999.000 -9999.000 -9999.000 -9999.000 -9999.000 -9999.000 -9999.000 -9999.000 -9999.000 -9999.000 -9999.000 -9999.000 -9999.000 -1.256658 -1.336763 -1.338315 -1.338257 -1.338330 -1.338477 -1.338608 -1.338660 -1.338608 -1.338478 -1.338330 -1.338257 -1.338315 -1.336762 -1.256658 -1.256658 -9999.000 -9999.000 -9999.000 -9999.000 -9999.000 -9999.000 -9999.000 -9999.000 -9999.000 -9999.000 -9999.000 -9999.000 -9999.000 -9999.000 -9999.000 -9999.000 -9999.000 -9999.000 -9999.000 -9999.000 -9999.000 -9999.000 -9999.000 -9999.000 -9999.000 -9999.000 -9999.000 -9999.000
-9999.000 -9999.000 -9999.000 -9999.000 -9999.000 -9999.000 -9999.000 -9999.000 -9999.000 -9999.000 -9999.000 -9999.000 -9999.000 -9999.000 -9999.000 -1.248612 -1.334729 -1.336468 -1.336267 -1.336186 -1.336206 -1.336256 -1.336280 -1.336256 -1.336206 -1.336186 -1.336268 -1.336467 -1.334728 -1.248612 -1.248612 -9999.000 -9999.000 -9999.000 -9999.000 -9999.000 -9999.000 -9999.000 -9999.000 -9999.000 -9999.000 -9999.000 -9999.000 -9999.000 -9999.000 -9999.000 -9999.000 -9999.000 -9999.000 -9999.000 -9999.000 -9999.000 -9999.000 -9999.000 -9999.000 -9999.000 -9999.000 -9999.000 -9999.000
-9999.000 -9999.000 -9999.000 -9999.000 -9999.000 -9999.000 -9999.000 -9999.000 -9999.000 -9999.000 -9999.000 -9999.000 -9999.000 -9999.000 -9999.000 -0.6214730 -0.9188740 -1.191133 -1.316635 -1.330516 -1.333155 -1.333814 -1.333987 -1.334039 -1.334086 -1.334196 -1.334420 -1.334735 -1.332775 -1.240767 -1.240767 -9999.000 -9999.000 -9999.000 -9999.000 -9999.000 -9999.000 -9999.000 -9999.000 -9999.000 -9999.000 -9999.000 -9999.000 -9999.000 -9999.000 -9999.000 -9999.000 -9999.000 -9999.000 -9999.000 -9999.000 -9999.000 -9999.000 -9999.000 -9999.000 -9999.000 -9999.000 -9999.000 -9999.000
-9999.000 -9999.000 -9999.000 -9999.000 -9999.000 -9999.000 -9999.000 -9999.000 -9999.000 -9999.000 -9999.000 -9999.000 -9999.000 -9999.000 -9999.000 -0.3019990 -0.4400334 -0.5307167 -0.6353033 -0.8133813 -1.085153 -1.279640 -1.320444 -1.328970 -1.331288 -1.332117 -1.332631 -1.333079 -1.330885 -1.233108 -1.233108 -9999.000 -9999.000 -9999.000 -9999.000 -9999.000 -9999.000 -9999.000 -9999.000 -9999.000 -9999.000 -9999.000 -9999.000 -9999.000 -9999.000 -9999.000 -9999.000 -9999.000 -9999.000 -9999.000 -9999.000 -9999.000 -9999.000 -9999.000 -9999.000 -9999.000 -9999.000 -9999.000 -9999.000
-9999.000 -9999.000 -9999.000 -9999.000 -9999.000 -9999.000 -9999.000 -9999.000 -9999.000 -9999.000 -9999.000 -9999.000 -9999.000 -9999.000 -9999.000 -0.1956474 -0.3302819 -0.4099989 -0.4550482 -0.5019118 -0.5696769 -0.6750766 -0.8641895 -1.147743 -1.282567 -1.318288 -1.327604 -1.330531 -1.328784 -1.225455 -1.225455 -9999.000 -9999.000 -9999.000 -9999.000 -9999.000 -9999.000 -9999.000 -9999.000 -9999.000 -9999.000 -9999.000 -9999.000 -9999.000 -9999.000 -9999.000 -9999.000 -9999.000 -9999.000 -9999.000 -9999.000 -9999.000 -9999.000 -9999.000 -9999.000 -9999.000 -9999.000 -9999.000 -9999.000
-9999.000 -9999.000 -9999.000 -9999.000 -9999.000 -9999.000 -9999.000 -9999.000 -9999.000 -9999.000 -9999.000 -9999.000 -9999.000 -9999.000 -9999.000 -0.1095446 -0.2403602 -0.3302935 -0.3926484 -0.4498755 -0.5012573 -0.5321884 -0.5693257 -0.6429128 -0.7986726 -1.053577 -1.238389 -1.304367 -1.320174 -1.213947 -1.213947 -9999.000 -9999.000 -9999.000 -9999.000 -9999.000 -9999.000 -9999.000 -9999.000 -9999.000 -9999.000 -9999.000 -9999.000 -9999.000 -9999.000 -9999.000 -9999.000 -9999.000 -9999.000 -9999.000 -9999.000 -9999.000 -9999.000 -9999.000 -9999.000 -9999.000 -9999.000 -9999.000 -9999.000
-0.2243175E-02 -0.2243175E-02 -0.2798465E-02 -0.3575960E-02 -0.3886829E-02 -0.3886829E-02 -0.4326337E-02 -0.5856175E-02 -0.5856175E-02 -0.8625356E-02 -0.8625356E-02 -0.1350038E-01 -0.1721772E-01 -0.2213037E-01 -0.2883762E-01 -0.2883762E-01 -0.1790606 -0.2714603 -0.3461943 -0.4136977 -0.4692258 -0.5050935 -0.5407106 -0.5798377 -0.6123543 -0.6735833 -0.8279504 -1.069049 -1.232900 -1.260750 -1.260750 -1.128807 -0.5805122 0.2218262E-02 -0.1169234E-03 -0.1169234E-03 -0.2193026E-01 -0.2193026E-01 -0.7879498E-02 -0.7879498E-02 0.8104504E-02 0.2728177E-01 0.2728177E-01 0.3521271E-01 0.3521271E-01 0.3568769E-01 0.3568769E-01 0.3568769E-01 0.3194981E-01 0.3194981E-01 0.2782360E-01 0.2782360E-01 0.2390477E-01 0.2390477E-01 0.2042619E-01 0.2042619E-01 0.1527408E-01 0.1527408E-01 0.1527408E-01
-0.4019922E-02 -0.4019922E-02 -0.5264160E-02 -0.7266628E-02 -0.8184565E-02 -0.8184565E-02 -0.9402143E-02 -0.1322174E-01 -0.1322174E-01 -0.1945177E-01 -0.1945177E-01 -0.2933621E-01 -0.3631973E-01 -0.4510137E-01 -0.5621202E-01 -0.5621202E-01 -0.1724330 -0.2522785 -0.3258904 -0.3945964 -0.4514468 -0.4931813 -0.5338950 -0.5728533 -0.6041621 -0.6424395 -0.6886471 -0.7711058 -0.9670281 -1.121409 -1.121409 -1.029073 -0.8023416 -0.5024686E-01 -0.2549675E-02 -0.2549675E-02 -0.3585802E-01 -0.3585802E-01 -0.6275382E-02 -0.6275382E-02 0.3294671E-01 0.7655481E-01 0.7655481E-01 0.9146383E-01 0.9146383E-01 0.8591686E-01 0.8591686E-01 0.8591686E-01 0.7522780E-01 0.7522780E-01 0.6462149E-01 0.6462149E-01 0.5486260E-01 0.5486260E-01 0.4737487E-01 0.4737487E-01 0.3575560E-01 0.3575560E-01 0.3575560E-01
-0.4862461E-02 -0.4862461E-02 -0.7056500E-02 -0.1058519E-01 -0.1231785E-01 -0.1231785E-01 -0.1454679E-01 -0.2109425E-01 -0.2109425E-01 -0.3097222E-01 -0.3097222E-01 -0.4531291E-01 -0.5470110E-01 -0.6587275E-01 -0.7916909E-01 -0.7916909E-01 -0.1718054 -0.2421782 -0.3132162 -0.3812291 -0.4389373 -0.4853933 -0.5297967 -0.5702885 -0.6054208 -0.6439216 -0.6837015 -0.7318489 -0.7981337 -0.9142830 -0.9142830 -0.8840758 -0.8027456 -0.5310325 -0.3369325 -0.3369325 -0.6222250E-01 -0.6222250E-01 0.3114376E-01 0.3114376E-01 0.9623143E-01 0.1660527 0.1660527 0.1797008 0.1797008 0.1538074 0.1538074 0.1538074 0.1296320 0.1296320 0.1085140 0.1085140 0.8978476E-01 0.8978476E-01 0.7325311E-01 0.7325311E-01 0.5930148E-01 0.5930148E-01 0.5930148E-01
-0.5698513E-02 -0.5698513E-02 -0.8549857E-02 -0.1327054E-01 -0.1564611E-01 -0.1564611E-01 -0.1866583E-01 -0.2731863E-01 -0.2731863E-01 -0.3999565E-01 -0.3999565E-01 -0.5778703E-01 -0.6906818E-01 -0.8215867E-01 -0.9727610E-01 -0.9727610E-01 -0.1744371 -0.2364879 -0.3038060 -0.3703477 -0.4290147 -0.4794075 -0.5267541 -0.5690472 -0.6069720 -0.6460064 -0.6851313 -0.7278591 -0.7732825 -0.8071594 -0.8071594 -0.7667622 -0.7114115 -0.5647091 -0.4780162 -0.4780162 -0.2064423 -0.2064423 0.6886426E-01 0.6886426E-01 0.1821231 0.2961177 0.2961177 0.3065430 0.3065430 0.2441881 0.2441881 0.2441881 0.1973135 0.1973135 0.1588315 0.1588315 0.1270669 0.1270669 0.1003227 0.1003227 0.8236444E-01 0.8236444E-01 0.8236444E-01
-0.6433073E-02 -0.6433073E-02 -0.9730422E-02 -0.1535578E-01 -0.1822218E-01 -0.1822218E-01 -0.2183491E-01 -0.3204892E-01 -0.3204892E-01 -0.4681325E-01 -0.4681325E-01 -0.6728161E-01 -0.8012462E-01 -0.9490383E-01 -0.1117716 -0.1117716 -0.1794489 -0.2343081 -0.2970390 -0.3613231 -0.4206118 -0.4740719 -0.5239115 -0.5681620 -0.6081096 -0.6471944 -0.6853207 -0.7245705 -0.7626328 -0.7835100 -0.7835100 -0.7299930 -0.6682680 -0.5384999 -0.4670237 -0.4670237 -0.2792079 -0.2792079 0.2397873E-01 0.2397873E-01 0.1787276 0.3761898 0.3761898 0.4370255 0.4370255 0.3751491 0.3751491 0.3751491 0.3016691 0.3016691 0.2356945 0.2356945 0.1822776 0.1822776 0.1416776 0.1416776 0.1128938 0.1128938 0.1128938
-0.7135584E-02 -0.7135584E-02 -0.1054440E-01 -0.1673932E-01 -0.1998207E-01 -0.1998207E-01 -0.2402568E-01 -0.3533234E-01 -0.3533234E-01 -0.5159151E-01 -0.5159151E-01 -0.7412261E-01 -0.8828355E-01 -0.1046144 -0.1232679 -0.1232679 -0.1861455 -0.2353319 -0.2932766 -0.3546401 -0.4138002 -0.4692564 -0.5210762 -0.5672473 -0.6088255 -0.6478962 -0.6848499 -0.7209031 -0.7538399 -0.7712234 -0.7712234 -0.7301002 -0.6761176 -0.5487821 -0.4765508 -0.4765508 -0.2787285 -0.2787285 0.7944593E-02 0.7944593E-02 0.1365362 0.3102449 0.3102449 0.3959752 0.3959752 0.4283983 0.4283983 0.4283983 0.3959911 0.3959911 0.3342395 0.3342395 0.2659535 0.2659535 0.2075370 0.2075370 0.1637668 0.1637668 0.1637668
-0.7738032E-02 -0.7738032E-02 -0.1094309E-01 -0.1736362E-01 -0.2086673E-01 -0.2086673E-01 -0.2518933E-01 -0.3715930E-01 -0.3715930E-01 -0.5438370E-01 -0.5438370E-01 -0.7845001E-01 -0.9373317E-01 -0.1115339 -0.1320877 -0.1320877 -0.1940386 -0.2393782 -0.2930422 -0.3511626 -0.4093263 -0.4656006 -0.5186996 -0.5664854 -0.6094057 -0.6485729 -0.6845017 -0.7178642 -0.7467655 -0.7618260 -0.7618260 -0.7321659 -0.6903176 -0.5804712 -0.5022641 -0.5022641 -0.2407701 -0.2407701 0.1986482E-01 0.1986482E-01 0.1190461 0.2575205 0.2575205 0.3348481 0.3348481 0.3813690 0.3813690 0.3813690 0.3843360 0.3843360 0.3662339 0.3662339 0.3266209 0.3266209 0.2756733 0.2756733 0.2269165 0.2269165 0.2269165
-0.7908284E-02 -0.7908284E-02 -0.1087109E-01 -0.1728325E-01 -0.2088454E-01 -0.2088454E-01 -0.2530340E-01 -0.3750059E-01 -0.3750059E-01 -0.5517374E-01 -0.5517374E-01 -0.8026261E-01 -0.9648151E-01 -0.1156955 -0.1383377 -0.1383377 -0.2028952 -0.2463873 -0.2968415 -0.3518364 -0.4082855 -0.4642408 -0.5177487 -0.5665614 -0.6104346 -0.6497215 -0.6848083 -0.7160017 -0.7417526 -0.7550334 -0.7550334 -0.7332882 -0.6990560 -0.5728324 -0.4495211 -0.4495211 -0.1627205 -0.1627205 0.3215127E-01 0.3215127E-01 0.1055556 0.2145461 0.2145461 0.2821022 0.2821022 0.3293242 0.3293242 0.3293242 0.3385901 0.3385901 0.3353960 0.3353960 0.3202296 0.3202296 0.2935298 0.2935298 0.2593562 0.2593562 0.2593562
-0.7563632E-02 -0.7563632E-02 -0.1029465E-01 -0.1649030E-01 -0.2002235E-01 -0.2002235E-01 -0.2434964E-01 -0.3632779E-01 -0.3632779E-01 -0.5390768E-01 -0.5390768E-01 -0.7944678E-01 -0.9637650E-01 -0.1169270 -0.1419073 -0.1419073 -0.2128082 -0.2565459 -0.3052360 -0.3576351 -0.4119453 -0.4666035 -0.5195566 -0.5685634 -0.6127836 -0.6519467 -0.6861364 -0.7153299 -0.7381753 -0.7490829 -0.7490829 -0.7294077 -0.6863829 -0.4676672 -0.3223240 -0.3223240 -0.1012138 -0.1012138 0.3382796E-01 0.3382796E-01 0.8893105E-01 0.1758894 0.1758894 0.2340873 0.2340873 0.2787370 0.2787370 0.2787370 0.2897756 0.2897756 0.2908794 0.2908794 0.2838673 0.2838673 0.2695134 0.2695134 0.2487319 0.2487319 0.2487319
-0.6792913E-02 -0.6792913E-02 -0.9212729E-02 -0.1493768E-01 -0.1825151E-01 -0.1825151E-01 -0.2231530E-01 -0.3362643E-01 -0.3362643E-01 -0.5051650E-01 -0.5051650E-01 -0.7579610E-01 -0.9310650E-01 -0.1148163 -0.1423960 -0.1423960 -0.2243221 -0.2704764 -0.3190386 -0.3696640 -0.4217176 -0.4743084 -0.5257232 -0.5739005 -0.6175818 -0.6559603 -0.6886373 -0.7150227 -0.7331933 -0.7361127 -0.7361127 -0.6955523 -0.5988463 -0.3278612 -0.2172065 -0.2172065 -0.7006108E-01 -0.7006108E-01 0.2779670E-01 0.2779670E-01 0.7047457E-01 0.1404715 0.1404715 0.1897328 0.1897328 0.2299610 0.2299610 0.2299610 0.2411714 0.2411714 0.2440878 0.2440878 0.2405643 0.2405643 0.2316304 0.2316304 0.2179047 0.2179047 0.2179047
-0.5622796E-02 -0.5622796E-02 -0.7630007E-02 -0.1262292E-01 -0.1558270E-01 -0.1558270E-01 -0.1922024E-01 -0.2940765E-01 -0.2940765E-01 -0.4493781E-01 -0.4493781E-01 -0.6903179E-01 -0.8619611E-01 -0.1086425 -0.1389324 -0.1389324 -0.2386751 -0.2895177 -0.3396082 -0.3893889 -0.4392708 -0.4892012 -0.5381032 -0.5842707 -0.6261992 -0.6625330 -0.6919991 -0.7124510 -0.7186921 -0.6957432 -0.6957432 -0.5983332 -0.4573922 -0.2323471 -0.1580805 -0.1580805 -0.5410964E-01 -0.5410964E-01 0.2008275E-01 0.2008275E-01 0.5316827E-01 0.1086619 0.1086619 0.1490144 0.1490144 0.1833693 0.1833693 0.1833693 0.1936691 0.1936691 0.1972224 0.1972224 0.1956095 0.1956095 0.1897862 0.1897862 0.1802953 0.1802953 0.1802953
-0.4058021E-02 -0.4058021E-02 -0.5570366E-02 -0.9573546E-02 -0.1204899E-01 -0.1204899E-01 -0.1510600E-01 -0.2371583E-01 -0.2371583E-01 -0.3714237E-01 -0.3714237E-01 -0.5884207E-01 -0.7502332E-01 -0.9729334E-01 -0.1298222 -0.1298222 -0.2583056 -0.3162134 -0.3693113 -0.4190269 -0.4668076 -0.5135300 -0.5589168 -0.6017324 -0.6403064 -0.6724956 -0.6952220 -0.7025598 -0.6827992 -0.6162660 -0.6162660 -0.4712207 -0.3369671 -0.1720698 -0.1200149 -0.1200149 -0.4171175E-01 -0.4171175E-01 0.1318589E-01 0.1318589E-01 0.3789311E-01 0.8005305E-01 0.8005305E-01 0.1113950 0.1113950 0.1388023 0.1388023 0.1388023 0.1474156 0.1474156 0.1508469 0.1508469 0.1503274 0.1503274 0.1466214 0.1466214 0.1401673 0.1401673 0.1401673
