simulation_files/asc/Velocity__y_166.0.asc
NCOLS        79
NROWS        79
XLLCENTER         -1.500000
YLLCENTER         -4.800000
CELLSIZE           0.100
NODATA_VALUE     -9999.0
[rows 0 to 26 of 79, columns 0 to 58 of 79]
-9999.000 -9999.000 -9999.000 -9999.000 -9999.000 -9999.000 -9999.000 -9999.000 -9999.000 -9999.000 -9999.000 -9999.000 -9999.000 -9999.000 -9999.000 -0.1028479 -0.1013788 -0.1012388 -0.1014260 -0.1017634 -0.1021894 -0.1026716 -0.1031379 -0.1035707 -0.1039727 -0.1043366 -0.1047033 -0.1052643 -0.1066075 -0.1077964 -0.1077964 -9999.000 -9999.000 -9999.000 -9999.000 -9999.000 -9999.000 -9999.000 -9999.000 -9999.000 -9999.000 -9999.000 -9999.000 -9999.000 -9999.000 -9999.000 -9999.000 -9999.000 -9999.000 -9999.000 -9999.000 -9999.000 -9999.000 -9999.000 -9999.000 -9999.000 -9999.000 -9999.000 -9999.000
-9999.000 -9999.000 -9999.000 -9999.000 -9999.000 -9999.000 -9999.000 -9999.000 -9999.000 -9999.000 -9999.000 -9999.000 -9999.000 -9999.000 -9999.000 -0.1005978 -0.9761120E-01 -0.9732597E-01 -0.9776516E-01 -0.9855268E-01 -0.9955349E-01 -0.1006931 -0.1018134 -0.1028715 -0.1038687 -0.1047862 -0.1057071 -0.1070297 -0.1099791 -0.1129121 -0.1129121 -9999.000 -9999.000 -9999.000 -9999.000 -9999.000 -9999.000 -9999.000 -9999.000 -9999.000 -9999.000 -9999.000 -9999.000 -9999.000 -9999.000 -9999.000 -9999.000 -9999.000 -9999.000 -9999.000 -9999.000 -9999.000 -9999.000 -9999.000 -9999.000 -9999.000 -9999.000 -9999.000 -9999.000
-9999.000 -9999.000 -9999.000 -9999.000 -9999.000 -9999.000 -9999.000 -9999.000 -9999.000 -9999.000 -9999.000 -9999.000 -9999.000 -9999.000 -9999.000 -0.9679776E-01 -0.9229118E-01 -0.9187840E-01 -0.9269417E-01 -0.9412976E-01 -0.9595942E-01 -0.9805240E-01 -0.1001435 -0.1021503 -0.1040660 -0.1058503 -0.1076277 -0.1100282 -0.1150010 -0.1204333 -0.1204333 -9999.000 -9999.000 -9999.000 -9999.000 -9999.000 -9999.000 -9999.000 -9999.000 -9999.000 -9999.000 -9999.000 -9999.000 -9999.000 -9999.000 -9999.000 -9999.000 -9999.000 -9999.000 -9999.000 -9999.000 -9999.000 -9999.000 -9999.000 -9999.000 -9999.000 -9999.000 -9999.000 -9999.000
-9999.000 -9999.000 -9999.000 -9999.000 -9999.000 -9999.000 -9999.000 -9999.000 -9999.000 -9999.000 -9999.000 -9999.000 -9999.000 -9999.000 -9999.000 -0.9231897E-01 -0.8640519E-01 -0.8589300E-01 -0.8714616E-01 -0.8931249E-01 -0.9207086E-01 -0.9523034E-01 -0.9841226E-01 -0.1014910 -0.1044472 -0.1072136 -0.1099537 -0.1135363 -0.1206734 -0.1291304 -0.1291304 -9999.000 -9999.000 -9999.000 -9999.000 -9999.000 -9999.000 -9999.000 -9999.000 -9999.000 -9999.000 -9999.000 -9999.000 -9999.000 -9999.000 -9999.000 -9999.000 -9999.000 -9999.000 -9999.000 -9999.000 -9999.000 -9999.000 -9999.000 -9999.000 -9999.000 -9999.000 -9999.000 -9999.000
-9999.000 -9999.000 -9999.000 -9999.000 -9999.000 -9999.000 -9999.000 -9999.000 -9999.000 -9999.000 -9999.000 -9999.000 -9999.000 -9999.000 -9999.000 -0.8738995E-01 -0.8013926E-01 -0.7953686E-01 -0.8126568E-01 -0.8421748E-01 -0.8797000E-01 -0.9227090E-01 -0.9662142E-01 -0.1008494 -0.1049234 -0.1087451 -0.1125177 -0.1173626 -0.1268043 -0.1388511 -0.1388511 -9999.000 -9999.000 -9999.000 -9999.000 -9999.000 -9999.000 -9999.000 -9999.000 -9999.000 -9999.000 -9999.000 -9999.000 -9999.000 -9999.000 -9999.000 -9999.000 -9999.000 -9999.000 -9999.000 -9999.000 -9999.000 -9999.000 -9999.000 -9999.000 -9999.000 -9999.000 -9999.000 -9999.000
-9999.000 -9999.000 -9999.000 -9999.000 -9999.000 -9999.000 -9999.000 -9999.000 -9999.000 -9999.000 -9999.000 -9999.000 -9999.000 -9999.000 -9999.000 -0.8210973E-01 -0.7357617E-01 -0.7288334E-01 -0.7511536E-01 -0.7889380E-01 -0.8368982E-01 -0.8918829E-01 -0.9476446E-01 -0.1001977 -0.1054458 -0.1103761 -0.1152348 -0.1214130 -0.1333096 -0.1495985 -0.1495985 -9999.000 -9999.000 -9999.000 -9999.000 -9999.000 -9999.000 -9999.000 -9999.000 -9999.000 -9999.000 -9999.000 -9999.000 -9999.000 -9999.000 -9999.000 -9999.000 -9999.000 -9999.000 -9999.000 -9999.000 -9999.000 -9999.000 -9999.000 -9999.000 -9999.000 -9999.000 -9999.000 -9999.000
-9999.000 -9999.000 -9999.000 -9999.000 -9999.000 -9999.000 -9999.000 -9999.000 -9999.000 -9999.000 -9999.000 -9999.000 -9999.000 -9999.000 -9999.000 -0.7651221E-01 -0.6674505E-01 -0.6595723E-01 -0.6871608E-01 -0.7335637E-01 -0.7923819E-01 -0.8598205E-01 -0.9283136E-01 -0.9951537E-01 -0.1059838 -0.1120661 -0.1180565 -0.1256371 -0.1401573 -0.1614721 -0.1614721 -9999.000 -9999.000 -9999.000 -9999.000 -9999.000 -9999.000 -9999.000 -9999.000 -9999.000 -9999.000 -9999.000 -9999.000 -9999.000 -9999.000 -9999.000 -9999.000 -9999.000 -9999.000 -9999.000 -9999.000 -9999.000 -9999.000 -9999.000 -9999.000 -9999.000 -9999.000 -9999.000 -9999.000
-9999.000 -9999.000 -9999.000 -9999.000 -9999.000 -9999.000 -9999.000 -9999.000 -9999.000 -9999.000 -9999.000 -9999.000 -9999.000 -9999.000 -9999.000 -0.7059787E-01 -0.5964786E-01 -0.5875801E-01 -0.6206615E-01 -0.6760229E-01 -0.7460947E-01 -0.8264348E-01 -0.9080879E-01 -0.9878321E-01 -0.1065128 -0.1137852 -0.1209492 -0.1300047 -0.1473408 -0.1746467 -0.1746467 -9999.000 -9999.000 -9999.000 -9999.000 -9999.000 -9999.000 -9999.000 -9999.000 -9999.000 -9999.000 -9999.000 -9999.000 -9999.000 -9999.000 -9999.000 -9999.000 -9999.000 -9999.000 -9999.000 -9999.000 -9999.000 -9999.000 -9999.000 -9999.000 -9999.000 -9999.000 -9999.000 -9999.000
-9999.000 -9999.000 -9999.000 -9999.000 -9999.000 -9999.000 -9999.000 -9999.000 -9999.000 -9999.000 -9999.000 -9999.000 -9999.000 -9999.000 -9999.000 -0.6434858E-01 -0.5227062E-01 -0.5127055E-01 -0.5515122E-01 -0.6161734E-01 -0.6978884E-01 -0.7915637E-01 -0.8867857E-01 -0.9797981E-01 -0.1070084 -0.1155056 -0.1238827 -0.1344897 -0.1548647 -0.1893712 -0.1893712 -9999.000 -9999.000 -9999.000 -9999.000 -9999.000 -9999.000 -9999.000 -9999.000 -9999.000 -9999.000 -9999.000 -9999.000 -9999.000 -9999.000 -9999.000 -9999.000 -9999.000 -9999.000 -9999.000 -9999.000 -9999.000 -9999.000 -9999.000 -9999.000 -9999.000 -9999.000 -9999.000 -9999.000
-9999.000 -9999.000 -9999.000 -9999.000 -9999.000 -9999.000 -9999.000 -9999.000 -9999.000 -9999.000 -9999.000 -9999.000 -9999.000 -9999.000 -9999.000 -0.5773369E-01 -0.4458839E-01 -0.4346937E-01 -0.4794729E-01 -0.5537866E-01 -0.6475374E-01 -0.7549859E-01 -0.8641671E-01 -0.9707807E-01 -0.1074415 -0.1171947 -0.1268224 -0.1390637 -0.1627369 -0.2059847 -0.2059847 -9999.000 -9999.000 -9999.000 -9999.000 -9999.000 -9999.000 -9999.000 -9999.000 -9999.000 -9999.000 -9999.000 -9999.000 -9999.000 -9999.000 -9999.000 -9999.000 -9999.000 -9999.000 -9999.000 -9999.000 -9999.000 -9999.000 -9999.000 -9999.000 -9999.000 -9999.000 -9999.000 -9999.000
-9999.000 -9999.000 -9999.000 -9999.000 -9999.000 -9999.000 -9999.000 -9999.000 -9999.000 -9999.000 -9999.000 -9999.000 -9999.000 -9999.000 -9999.000 -0.5071157E-01 -0.3656647E-01 -0.3531931E-01 -0.4042199E-01 -0.4885512E-01 -0.5947350E-01 -0.7163981E-01 -0.8399133E-01 -0.9604320E-01 -0.1077737 -0.1188101 -0.1297228 -0.1436884 -0.1709626 -0.2249471 -0.2249471 -9999.000 -9999.000 -9999.000 -9999.000 -9999.000 -9999.000 -9999.000 -9999.000 -9999.000 -9999.000 -9999.000 -9999.000 -9999.000 -9999.000 -9999.000 -9999.000 -9999.000 -9999.000 -9999.000 -9999.000 -9999.000 -9999.000 -9999.000 -9999.000 -9999.000 -9999.000 -9999.000 -9999.000
-9999.000 -9999.000 -9999.000 -9999.000 -9999.000 -9999.000 -9999.000 -9999.000 -9999.000 -9999.000 -9999.000 -9999.000 -9999.000 -9999.000 -9999.000 -0.4322748E-01 -0.2815856E-01 -0.2677430E-01 -0.3253172E-01 -0.4200488E-01 -0.5390720E-01 -0.6753883E-01 -0.8135941E-01 -0.9482747E-01 -0.1079537 -0.1202940 -0.1325215 -0.1483083 -0.1795377 -0.2468929 -0.2468929 -9999.000 -9999.000 -9999.000 -9999.000 -9999.000 -9999.000 -9999.000 -9999.000 -9999.000 -9999.000 -9999.000 -9999.000 -9999.000 -9999.000 -9999.000 -9999.000 -9999.000 -9999.000 -9999.000 -9999.000 -9999.000 -9999.000 -9999.000 -9999.000 -9999.000 -9999.000 -9999.000 -9999.000
-9999.000 -9999.000 -9999.000 -9999.000 -9999.000 -9999.000 -9999.000 -9999.000 -9999.000 -9999.000 -9999.000 -9999.000 -9999.000 -9999.000 -9999.000 -0.3520861E-01 -0.1930226E-01 -0.1777323E-01 -0.2421887E-01 -0.3477190E-01 -0.4799885E-01 -0.6313950E-01 -0.7846149E-01 -0.9336469E-01 -0.1079091 -0.1215646 -0.1351281 -0.1528385 -0.1884395 -0.2727177 -0.2727177 -9999.000 -9999.000 -9999.000 -9999.000 -9999.000 -9999.000 -9999.000 -9999.000 -9999.000 -9999.000 -9999.000 -9999.000 -9999.000 -9999.000 -9999.000 -9999.000 -9999.000 -9999.000 -9999.000 -9999.000 -9999.000 -9999.000 -9999.000 -9999.000 -9999.000 -9999.000 -9999.000 -9999.000
-9999.000 -9999.000 -9999.000 -9999.000 -9999.000 -9999.000 -9999.000 -9999.000 -9999.000 -9999.000 -9999.000 -9999.000 -9999.000 -9999.000 -9999.000 -0.2648826E-01 -0.9874190E-02 -0.8213050E-02 -0.1539919E-01 -0.2708417E-01 -0.4168255E-01 -0.5837727E-01 -0.7522693E-01 -0.9157328E-01 -0.1075454 -0.1225100 -0.1374143 -0.1571529 -0.1976146 -0.3037464 -0.3037464 -9999.000 -9999.000 -9999.000 -9999.000 -9999.000 -9999.000 -9999.000 -9999.000 -9999.000 -9999.000 -9999.000 -9999.000 -9999.000 -9999.000 -9999.000 -9999.000 -9999.000 -9999.000 -9999.000 -9999.000 -9999.000 -9999.000 -9999.000 -9999.000 -9999.000 -9999.000 -9999.000 -9999.000
-9999.000 -9999.000 -9999.000 -9999.000 -9999.000 -9999.000 -9999.000 -9999.000 -9999.000 -9999.000 -9999.000 -9999.000 -9999.000 -9999.000 -9999.000 -0.1977496E-02 0.4582620E-02 0.1298650E-02 -0.8554265E-02 -0.2168951E-01 -0.3772834E-01 -0.5585327E-01 -0.7395897E-01 -0.9139528E-01 -0.1084258 -0.1243174 -0.1402167 -0.1617478 -0.2071417 -0.3398029 -0.3398029 -9999.000 -9999.000 -9999.000 -9999.000 -9999.000 -9999.000 -9999.000 -9999.000 -9999.000 -9999.000 -9999.000 -9999.000 -9999.000 -9999.000 -9999.000 -9999.000 -9999.000 -9999.000 -9999.000 -9999.000 -9999.000 -9999.000 -9999.000 -9999.000 -9999.000 -9999.000 -9999.000 -9999.000
-0.3197517E-02 -0.3197517E-02 -0.5781908E-02 -0.6221309E-02 -0.6237778E-02 -0.6237778E-02 -0.6223854E-02 -0.6185129E-02 -0.6185129E-02 -0.6152668E-02 -0.6152668E-02 -0.6117494E-02 -0.6098837E-02 -0.6079600E-02 -0.6060048E-02 -0.6060048E-02 0.1225923E-01 0.7410123E-02 -0.4436049E-02 -0.2189949E-01 -0.4412969E-01 -0.6997123E-01 -0.9775546E-01 -0.1260270 -0.1537883 -0.1800205 -0.2044046 -0.2287269 -0.2609026 -0.3389941 -0.3389941 -0.1854836 -0.9822004E-01 -0.3314999E-01 -0.2476184E-01 -0.2476184E-01 -0.1848428E-01 -0.1848428E-01 -0.6742700E-02 -0.6742700E-02 0.3587358E-02 0.2468733E-01 0.2468733E-01 0.2780754E-02 0.2780754E-02 -0.3347403E-02 -0.3347403E-02 -0.3347403E-02 0.9214504E-03 0.9214504E-03 0.1692810E-02 0.1692810E-02 0.7366648E-03 0.7366648E-03 -0.5596334E-03 -0.5596334E-03 -0.1782987E-02 -0.1782987E-02 -0.1782987E-02
-0.4185644E-02 -0.4185644E-02 -0.9105808E-02 -0.8881977E-02 -0.8798120E-02 -0.8798120E-02 -0.8750804E-02 -0.8708181E-02 -0.8708181E-02 -0.8677921E-02 -0.8677921E-02 -0.8642032E-02 -0.8622989E-02 -0.8603834E-02 -0.8585135E-02 -0.8585135E-02 0.8950265E-02 0.4129188E-02 -0.9968141E-02 -0.3287549E-01 -0.6325237E-01 -0.9956328E-01 -0.1403005 -0.1837007 -0.2278727 -0.2711994 -0.3120289 -0.3486215 -0.3790104 -0.4018175 -0.4018175 -0.2704046 -0.1783110 -0.9173526E-01 -0.7481328E-01 -0.7481328E-01 -0.5225388E-01 -0.5225388E-01 -0.1196344E-01 -0.1196344E-01 0.1906105E-01 0.7982127E-01 0.7982127E-01 0.5945927E-01 0.5945927E-01 0.1263533E-01 0.1263533E-01 0.1263533E-01 0.7160547E-02 0.7160547E-02 0.3254470E-02 0.3254470E-02 -0.7290242E-03 -0.7290242E-03 -0.4253911E-02 -0.4253911E-02 -0.6993721E-02 -0.6993721E-02 -0.6993721E-02
-0.2767225E-02 -0.2767225E-02 -0.7942556E-02 -0.7582939E-02 -0.7445087E-02 -0.7445087E-02 -0.7386009E-02 -0.7363637E-02 -0.7363637E-02 -0.7355330E-02 -0.7355330E-02 -0.7339661E-02 -0.7330947E-02 -0.7322643E-02 -0.7315617E-02 -0.7315617E-02 0.3862210E-02 -0.1649482E-02 -0.1652438E-01 -0.4049684E-01 -0.7253972E-01 -0.1114195 -0.1559402 -0.2047535 -0.2563140 -0.3091217 -0.3615307 -0.4115452 -0.4563930 -0.4890923 -0.4890923 -0.4028564 -0.3223607 -0.2126137 -0.1772644 -0.1772644 -0.1127434 -0.1127434 -0.1640131E-01 -0.1640131E-01 0.4569572E-01 0.1559323 0.1559323 0.1657661 0.1657661 0.5833006E-01 0.5833006E-01 0.5833006E-01 0.2351567E-01 0.2351567E-01 0.5278987E-02 0.5278987E-02 -0.5810913E-02 -0.5810913E-02 -0.1315578E-01 -0.1315578E-01 -0.1769136E-01 -0.1769136E-01 -0.1769136E-01
-0.2241077E-02 -0.2241077E-02 -0.6098081E-02 -0.6151753E-02 -0.6011792E-02 -0.6011792E-02 -0.5937683E-02 -0.5895802E-02 -0.5895802E-02 -0.5888079E-02 -0.5888079E-02 -0.5875967E-02 -0.5868800E-02 -0.5862175E-02 -0.5856575E-02 -0.5856575E-02 -0.1478321E-02 -0.9190293E-02 -0.2583635E-01 -0.5119626E-01 -0.8443153E-01 -0.1245076 -0.1704223 -0.2211308 -0.2754691 -0.3322624 -0.3902037 -0.4476027 -0.5018453 -0.5460085 -0.5460085 -0.5043284 -0.4463516 -0.3381771 -0.2890617 -0.2890617 -0.1729125 -0.1729125 -0.7824241E-02 -0.7824241E-02 0.8118884E-01 0.2178163 0.2178163 0.2468357 0.2468357 0.1129563 0.1129563 0.1129563 0.4672736E-01 0.4672736E-01 0.9225626E-02 0.9225626E-02 -0.1206181E-01 -0.1206181E-01 -0.2445341E-01 -0.2445341E-01 -0.3090487E-01 -0.3090487E-01 -0.3090487E-01
-0.1706021E-02 -0.1706021E-02 -0.4419245E-02 -0.4663850E-02 -0.4545896E-02 -0.4545896E-02 -0.4472032E-02 -0.4424294E-02 -0.4424294E-02 -0.4417300E-02 -0.4417300E-02 -0.4408052E-02 -0.4402296E-02 -0.4397045E-02 -0.4392602E-02 -0.4392602E-02 -0.7151985E-02 -0.1850419E-01 -0.3823588E-01 -0.6602176E-01 -0.1011107 -0.1426197 -0.1896957 -0.2414938 -0.2971097 -0.3556197 -0.4160123 -0.4769747 -0.5363716 -0.5884134 -0.5884134 -0.5807201 -0.5465369 -0.4495298 -0.3867270 -0.3867270 -0.2073058 -0.2073058 0.1921504E-01 0.1921504E-01 0.1197183 0.2544177 0.2544177 0.2898416 0.2898416 0.1621104 0.1621104 0.1621104 0.7371271E-01 0.7371271E-01 0.1687417E-01 0.1687417E-01 -0.1643369E-01 -0.1643369E-01 -0.3508164E-01 -0.3508164E-01 -0.4389262E-01 -0.4389262E-01 -0.4389262E-01
-0.1154115E-02 -0.1154115E-02 -0.2871505E-02 -0.3132873E-02 -0.3048570E-02 -0.3048570E-02 -0.2990458E-02 -0.2950971E-02 -0.2950971E-02 -0.2945418E-02 -0.2945418E-02 -0.2939080E-02 -0.2935133E-02 -0.2931440E-02 -0.2928382E-02 -0.2928382E-02 -0.1358624E-01 -0.2995692E-01 -0.5417588E-01 -0.8561610E-01 -0.1234986 -0.1670434 -0.2155435 -0.2683421 -0.3247646 -0.3841095 -0.4456013 -0.5082321 -0.5703267 -0.6273183 -0.6273183 -0.6431381 -0.6289697 -0.5367886 -0.4509588 -0.4509588 -0.1982715 -0.1982715 0.5543938E-01 0.5543938E-01 0.1486476 0.2634040 0.2634040 0.2993589 0.2993589 0.1973346 0.1973346 0.1973346 0.1006175 0.1006175 0.2830209E-01 0.2830209E-01 -0.1740398E-01 -0.1740398E-01 -0.4331770E-01 -0.4331770E-01 -0.5509321E-01 -0.5509321E-01 -0.5509321E-01
-0.5831053E-03 -0.5831053E-03 -0.1413422E-02 -0.1572976E-02 -0.1529504E-02 -0.1529504E-02 -0.1498099E-02 -0.1476098E-02 -0.1476098E-02 -0.1472935E-02 -0.1472935E-02 -0.1469602E-02 -0.1467580E-02 -0.1465666E-02 -0.1464230E-02 -0.1464230E-02 -0.2145144E-01 -0.4427499E-01 -0.7446144E-01 -0.1109006 -0.1526682 -0.1990257 -0.2493986 -0.3033208 -0.3603547 -0.4200430 -0.4818555 -0.5450634 -0.6083843 -0.6682224 -0.6682224 -0.6992398 -0.6985803 -0.5867366 -0.4607510 -0.4607510 -0.1498259 -0.1498259 0.8347208E-01 0.8347208E-01 0.1582962 0.2496218 0.2496218 0.2851779 0.2851779 0.2150682 0.2150682 0.2150682 0.1230457 0.1230457 0.4201902E-01 0.4201902E-01 -0.1458670E-01 -0.1458670E-01 -0.4812631E-01 -0.4812631E-01 -0.6338672E-01 -0.6338672E-01 -0.6338672E-01
-0.2526286E-07 -0.2526286E-07 0.5794099E-07 0.1229384E-06 0.2762418E-07 0.2762418E-07 -0.5731368E-07 -0.1444452E-06 -0.1444452E-06 0.1973992E-07 0.1973992E-07 0.3359112E-07 0.4520137E-07 0.8104062E-07 0.1397226E-06 0.1397226E-06 -0.3172457E-01 -0.6264533E-01 -0.1004016 -0.1432656 -0.1900824 -0.2401083 -0.2928870 -0.3481457 -0.4056927 -0.4653404 -0.5268354 -0.5897452 -0.6531321 -0.7139460 -0.7139460 -0.7528206 -0.7548892 -0.5765978 -0.4025686 -0.4025686 -0.8910149E-01 -0.8910149E-01 0.9213598E-01 0.9213598E-01 0.1482440 0.2212764 0.2212764 0.2567309 0.2567309 0.2158136 0.2158136 0.2158136 0.1372170 0.1372170 0.5541622E-01 0.5541622E-01 -0.8597161E-02 -0.8597161E-02 -0.4901274E-01 -0.4901274E-01 -0.6789315E-01 -0.6789315E-01 -0.6789315E-01
0.5830846E-03 0.5830846E-03 0.1413676E-02 0.1573201E-02 0.1529729E-02 0.1529729E-02 0.1498237E-02 0.1476010E-02 0.1476010E-02 0.1472961E-02 0.1472961E-02 0.1469699E-02 0.1467603E-02 0.1465808E-02 0.1464206E-02 0.1464206E-02 -0.4586679E-01 -0.8691858E-01 -0.1340315 -0.1847984 -0.2378138 -0.2923296 -0.3480203 -0.4048188 -0.4627900 -0.5220316 -0.5825911 -0.6443496 -0.7066216 -0.7660220 -0.7660220 -0.8032960 -0.7860860 -0.4875751 -0.2948803 -0.2948803 -0.4453479E-01 -0.4453479E-01 0.8278543E-01 0.8278543E-01 0.1252163 0.1859778 0.1859778 0.2208848 0.2208848 0.2024705 0.2024705 0.2024705 0.1409759 0.1409759 0.6555311E-01 0.6555311E-01 -0.8499115E-03 -0.8499115E-03 -0.4602476E-01 -0.4602476E-01 -0.6799737E-01 -0.6799737E-01 -0.6799737E-01
0.1154172E-02 0.1154172E-02 0.2871724E-02 0.3132936E-02 0.3048895E-02 0.3048895E-02 0.2990848E-02 0.2951154E-02 0.2951154E-02 0.2945426E-02 0.2945426E-02 0.2939069E-02 0.2935166E-02 0.2931440E-02 0.2928230E-02 0.2928230E-02 -0.6617913E-01 -0.1199922 -0.1784826 -0.2386240 -0.2988516 -0.3584950 -0.4174224 -0.4758151 -0.5340159 -0.5924189 -0.6513822 -0.7110861 -0.7707718 -0.8241393 -0.8241393 -0.8402147 -0.7576312 -0.3421806 -0.1870449 -0.1870449 -0.2483162E-01 -0.2483162E-01 0.6378587E-01 0.6378587E-01 0.9717422E-01 0.1489238 0.1489238 0.1819205 0.1819205 0.1787055 0.1787055 0.1787055 0.1340916 0.1340916 0.7003590E-01 0.7003590E-01 0.6809648E-02 0.6809648E-02 -0.3972475E-01 -0.3972475E-01 -0.6341963E-01 -0.6341963E-01 -0.6341963E-01
0.1705996E-02 0.1705996E-02 0.4419415E-02 0.4663903E-02 0.4546142E-02 0.4546142E-02 0.4472272E-02 0.4424542E-02 0.4424542E-02 0.4417187E-02 0.4417187E-02 0.4407919E-02 0.4402309E-02 0.4397019E-02 0.4392476E-02 0.4392476E-02 -0.9651088E-01 -0.1665305 -0.2386320 -0.3094639 -0.3775753 -0.4425773 -0.5046698 -0.5643657 -0.6223274 -0.6792590 -0.7358273 -0.7924170 -0.8469513 -0.8811572 -0.8811572 -0.8255894 -0.6183168 -0.2057089 -0.1158477 -0.1158477 -0.2126938E-01 -0.2126938E-01 0.4277688E-01 0.4277688E-01 0.6946090E-01 0.1129068 0.1129068 0.1422907 0.1422907 0.1479803 0.1479803 0.1479803 0.1179034 0.1179034 0.6767780E-01 0.6767780E-01 0.1263470E-01 0.1263470E-01 -0.3104224E-01 -0.3104224E-01 -0.5427993E-01 -0.5427993E-01 -0.5427993E-01
0.2241109E-02 0.2241109E-02 0.6098222E-02 0.6151791E-02 0.6011970E-02 0.6011970E-02 0.5937688E-02 0.5896025E-02 0.5896025E-02 0.5888074E-02 0.5888074E-02 0.5875963E-02 0.5868781E-02 0.5862251E-02 0.5856683E-02 0.5856683E-02 -0.1437560 -0.2343833 -0.3223123 -0.4046324 -0.4805720 -0.5503953 -0.6148594 -0.6749382 -0.7316756 -0.7861028 -0.8391850 -0.8911070 -0.9331321 -0.9022161 -0.9022161 -0.6807697 -0.3801022 -0.1211683 -0.8060984E-01 -0.8060984E-01 -0.2250411E-01 -0.2250411E-01 0.2406625E-01 0.2406625E-01 0.4469915E-01 0.7926483E-01 0.7926483E-01 0.1034719 0.1034719 0.1132139 0.1132139 0.1132139 0.9465606E-01 0.9465606E-01 0.5867369E-01 0.5867369E-01 0.1550422E-01 0.1550422E-01 -0.2103356E-01 -0.2103356E-01 -0.4114825E-01 -0.4114825E-01 -0.4114825E-01
