simulation_files/asc/Velocity__y_165.0.asc
NCOLS        79
NROWS        79
XLLCENTER         -1.500000
YLLCENTER         -4.800000
CELLSIZE           0.100
NODATA_VALUE     -9999.0
[rows 0 to 26 of 79, columns 0 to 58 of 79]
-9999.000 -9999.000 -9999.000 -9999.000 -9999.000 -9999.000 -9999.000 -9999.000 -9999.000 -9999.000 -9999.000 -9999.000 -9999.000 -9999.000 -9999.000 -0.1034181 -0.1020245 -0.1019379 -0.1021258 -0.1024507 -0.1028662 -0.1033399 -0.1037944 -0.1042220 -0.1046193 -0.1049789 -0.1053431 -0.1059059 -0.1072565 -0.1084442 -0.1084442 -9999.000 -9999.000 -9999.000 -9999.000 -9999.000 -9999.000 -9999.000 -9999.000 -9999.000 -9999.000 -9999.000 -9999.000 -9999.000 -9999.000 -9999.000 -9999.000 -9999.000 -9999.000 -9999.000 -9999.000 -9999.000 -9999.000 -9999.000 -9999.000 -9999.000 -9999.000 -9999.000 -9999.000
-9999.000 -9999.000 -9999.000 -9999.000 -9999.000 -9999.000 -9999.000 -9999.000 -9999.000 -9999.000 -9999.000 -9999.000 -9999.000 -9999.000 -9999.000 -0.1010873 -0.9826277E-01 -0.9809190E-01 -0.9853284E-01 -0.9929284E-01 -0.1002693 -0.1013881 -0.1024803 -0.1035239 -0.1045083 -0.1054141 -0.1063274 -0.1076525 -0.1106166 -0.1135479 -0.1135479 -9999.000 -9999.000 -9999.000 -9999.000 -9999.000 -9999.000 -9999.000 -9999.000 -9999.000 -9999.000 -9999.000 -9999.000 -9999.000 -9999.000 -9999.000 -9999.000 -9999.000 -9999.000 -9999.000 -9999.000 -9999.000 -9999.000 -9999.000 -9999.000 -9999.000 -9999.000 -9999.000 -9999.000
-9999.000 -9999.000 -9999.000 -9999.000 -9999.000 -9999.000 -9999.000 -9999.000 -9999.000 -9999.000 -9999.000 -9999.000 -9999.000 -9999.000 -9999.000 -0.9719496E-01 -0.9295102E-01 -0.9272510E-01 -0.9354490E-01 -0.9493625E-01 -0.9672508E-01 -0.9878244E-01 -0.1008249 -0.1028058 -0.1046981 -0.1064617 -0.1082255 -0.1106292 -0.1156259 -0.1210575 -0.1210575 -9999.000 -9999.000 -9999.000 -9999.000 -9999.000 -9999.000 -9999.000 -9999.000 -9999.000 -9999.000 -9999.000 -9999.000 -9999.000 -9999.000 -9999.000 -9999.000 -9999.000 -9999.000 -9999.000 -9999.000 -9999.000 -9999.000 -9999.000 -9999.000 -9999.000 -9999.000 -9999.000 -9999.000
-9999.000 -9999.000 -9999.000 -9999.000 -9999.000 -9999.000 -9999.000 -9999.000 -9999.000 -9999.000 -9999.000 -9999.000 -9999.000 -9999.000 -9999.000 -0.9261476E-01 -0.8706935E-01 -0.8681903E-01 -0.8807877E-01 -0.9018397E-01 -0.9288471E-01 -0.9599380E-01 -0.9910652E-01 -0.1021475 -0.1050697 -0.1078061 -0.1105267 -0.1141137 -0.1212845 -0.1297436 -0.1297436 -9999.000 -9999.000 -9999.000 -9999.000 -9999.000 -9999.000 -9999.000 -9999.000 -9999.000 -9999.000 -9999.000 -9999.000 -9999.000 -9999.000 -9999.000 -9999.000 -9999.000 -9999.000 -9999.000 -9999.000 -9999.000 -9999.000 -9999.000 -9999.000 -9999.000 -9999.000 -9999.000 -9999.000
-9999.000 -9999.000 -9999.000 -9999.000 -9999.000 -9999.000 -9999.000 -9999.000 -9999.000 -9999.000 -9999.000 -9999.000 -9999.000 -9999.000 -9999.000 -0.8757366E-01 -0.8080254E-01 -0.8054004E-01 -0.8227841E-01 -0.8515156E-01 -0.8882996E-01 -0.9306525E-01 -0.9732553E-01 -0.1015044 -0.1055338 -0.1093160 -0.1130638 -0.1179146 -0.1274008 -0.1394556 -0.1394556 -9999.000 -9999.000 -9999.000 -9999.000 -9999.000 -9999.000 -9999.000 -9999.000 -9999.000 -9999.000 -9999.000 -9999.000 -9999.000 -9999.000 -9999.000 -9999.000 -9999.000 -9999.000 -9999.000 -9999.000 -9999.000 -9999.000 -9999.000 -9999.000 -9999.000 -9999.000 -9999.000 -9999.000
-9999.000 -9999.000 -9999.000 -9999.000 -9999.000 -9999.000 -9999.000 -9999.000 -9999.000 -9999.000 -9999.000 -9999.000 -9999.000 -9999.000 -9999.000 -0.8216989E-01 -0.7423245E-01 -0.7396118E-01 -0.7620569E-01 -0.7988743E-01 -0.8459277E-01 -0.9001055E-01 -0.9547503E-01 -0.1008482 -0.1060412 -0.1109227 -0.1157514 -0.1219380 -0.1338912 -0.1501973 -0.1501973 -9999.000 -9999.000 -9999.000 -9999.000 -9999.000 -9999.000 -9999.000 -9999.000 -9999.000 -9999.000 -9999.000 -9999.000 -9999.000 -9999.000 -9999.000 -9999.000 -9999.000 -9999.000 -9999.000 -9999.000 -9999.000 -9999.000 -9999.000 -9999.000 -9999.000 -9999.000 -9999.000 -9999.000
-9999.000 -9999.000 -9999.000 -9999.000 -9999.000 -9999.000 -9999.000 -9999.000 -9999.000 -9999.000 -9999.000 -9999.000 -9999.000 -9999.000 -9999.000 -0.7643685E-01 -0.6738807E-01 -0.6710713E-01 -0.6988069E-01 -0.7440599E-01 -0.8018040E-01 -0.8682871E-01 -0.9354460E-01 -0.1001580 -0.1065608 -0.1125854 -0.1185412 -0.1261337 -0.1407236 -0.1620689 -0.1620689 -9999.000 -9999.000 -9999.000 -9999.000 -9999.000 -9999.000 -9999.000 -9999.000 -9999.000 -9999.000 -9999.000 -9999.000 -9999.000 -9999.000 -9999.000 -9999.000 -9999.000 -9999.000 -9999.000 -9999.000 -9999.000 -9999.000 -9999.000 -9999.000 -9999.000 -9999.000 -9999.000 -9999.000
-9999.000 -9999.000 -9999.000 -9999.000 -9999.000 -9999.000 -9999.000 -9999.000 -9999.000 -9999.000 -9999.000 -9999.000 -9999.000 -9999.000 -9999.000 -0.7037509E-01 -0.6027099E-01 -0.5997737E-01 -0.6330184E-01 -0.6870385E-01 -0.7558678E-01 -0.8351023E-01 -0.9151971E-01 -0.9941413E-01 -0.1070680 -0.1142741 -0.1213993 -0.1304713 -0.1478922 -0.1752468 -0.1752468 -9999.000 -9999.000 -9999.000 -9999.000 -9999.000 -9999.000 -9999.000 -9999.000 -9999.000 -9999.000 -9999.000 -9999.000 -9999.000 -9999.000 -9999.000 -9999.000 -9999.000 -9999.000 -9999.000 -9999.000 -9999.000 -9999.000 -9999.000 -9999.000 -9999.000 -9999.000 -9999.000 -9999.000
-9999.000 -9999.000 -9999.000 -9999.000 -9999.000 -9999.000 -9999.000 -9999.000 -9999.000 -9999.000 -9999.000 -9999.000 -9999.000 -9999.000 -9999.000 -0.6396648E-01 -0.5286755E-01 -0.5255701E-01 -0.5645441E-01 -0.6276599E-01 -0.7079649E-01 -0.8003885E-01 -0.8938164E-01 -0.9859481E-01 -0.1075376 -0.1159601 -0.1242954 -0.1349250 -0.1554022 -0.1899823 -0.1899823 -9999.000 -9999.000 -9999.000 -9999.000 -9999.000 -9999.000 -9999.000 -9999.000 -9999.000 -9999.000 -9999.000 -9999.000 -9999.000 -9999.000 -9999.000 -9999.000 -9999.000 -9999.000 -9999.000 -9999.000 -9999.000 -9999.000 -9999.000 -9999.000 -9999.000 -9999.000 -9999.000 -9999.000
-9999.000 -9999.000 -9999.000 -9999.000 -9999.000 -9999.000 -9999.000 -9999.000 -9999.000 -9999.000 -9999.000 -9999.000 -9999.000 -9999.000 -9999.000 -0.5718098E-01 -0.4515348E-01 -0.4482110E-01 -0.4931464E-01 -0.5656943E-01 -0.6578650E-01 -0.7639161E-01 -0.8710587E-01 -0.9767263E-01 -0.1079399 -0.1176107 -0.1271940 -0.1394663 -0.1632618 -0.2066179 -0.2066179 -9999.000 -9999.000 -9999.000 -9999.000 -9999.000 -9999.000 -9999.000 -9999.000 -9999.000 -9999.000 -9999.000 -9999.000 -9999.000 -9999.000 -9999.000 -9999.000 -9999.000 -9999.000 -9999.000 -9999.000 -9999.000 -9999.000 -9999.000 -9999.000 -9999.000 -9999.000 -9999.000 -9999.000
-9999.000 -9999.000 -9999.000 -9999.000 -9999.000 -9999.000 -9999.000 -9999.000 -9999.000 -9999.000 -9999.000 -9999.000 -9999.000 -9999.000 -9999.000 -0.4997713E-01 -0.3709449E-01 -0.3673507E-01 -0.4184996E-01 -0.5008298E-01 -0.6052636E-01 -0.7253791E-01 -0.8465959E-01 -0.9661192E-01 -0.1082361 -0.1191822 -0.1300492 -0.1440558 -0.1714766 -0.2256192 -0.2256192 -9999.000 -9999.000 -9999.000 -9999.000 -9999.000 -9999.000 -9999.000 -9999.000 -9999.000 -9999.000 -9999.000 -9999.000 -9999.000 -9999.000 -9999.000 -9999.000 -9999.000 -9999.000 -9999.000 -9999.000 -9999.000 -9999.000 -9999.000 -9999.000 -9999.000 -9999.000 -9999.000 -9999.000
-9999.000 -9999.000 -9999.000 -9999.000 -9999.000 -9999.000 -9999.000 -9999.000 -9999.000 -9999.000 -9999.000 -9999.000 -9999.000 -9999.000 -9999.000 -0.4230143E-01 -0.2864473E-01 -0.2825378E-01 -0.3401720E-01 -0.4326500E-01 -0.5497480E-01 -0.6843656E-01 -0.8199918E-01 -0.9536436E-01 -0.1083737 -0.1206157 -0.1327968 -0.1486371 -0.1800431 -0.2476285 -0.2476285 -9999.000 -9999.000 -9999.000 -9999.000 -9999.000 -9999.000 -9999.000 -9999.000 -9999.000 -9999.000 -9999.000 -9999.000 -9999.000 -9999.000 -9999.000 -9999.000 -9999.000 -9999.000 -9999.000 -9999.000 -9999.000 -9999.000 -9999.000 -9999.000 -9999.000 -9999.000 -9999.000 -9999.000
-9999.000 -9999.000 -9999.000 -9999.000 -9999.000 -9999.000 -9999.000 -9999.000 -9999.000 -9999.000 -9999.000 -9999.000 -9999.000 -9999.000 -9999.000 -0.3408249E-01 -0.1974269E-01 -0.1931608E-01 -0.2575850E-01 -0.3605885E-01 -0.4907614E-01 -0.6403156E-01 -0.7906397E-01 -0.9386353E-01 -0.1082786 -0.1218273 -0.1353441 -0.1531235 -0.1889378 -0.2735557 -0.2735557 -9999.000 -9999.000 -9999.000 -9999.000 -9999.000 -9999.000 -9999.000 -9999.000 -9999.000 -9999.000 -9999.000 -9999.000 -9999.000 -9999.000 -9999.000 -9999.000 -9999.000 -9999.000 -9999.000 -9999.000 -9999.000 -9999.000 -9999.000 -9999.000 -9999.000 -9999.000 -9999.000 -9999.000
-9999.000 -9999.000 -9999.000 -9999.000 -9999.000 -9999.000 -9999.000 -9999.000 -9999.000 -9999.000 -9999.000 -9999.000 -9999.000 -9999.000 -9999.000 -0.2516250E-01 -0.1026914E-01 -0.9819741E-02 -0.1698868E-01 -0.2839106E-01 -0.4276232E-01 -0.5925575E-01 -0.7578108E-01 -0.9202535E-01 -0.1078541 -0.1227020 -0.1375589 -0.1573847 -0.1981055 -0.3047475 -0.3047475 -9999.000 -9999.000 -9999.000 -9999.000 -9999.000 -9999.000 -9999.000 -9999.000 -9999.000 -9999.000 -9999.000 -9999.000 -9999.000 -9999.000 -9999.000 -9999.000 -9999.000 -9999.000 -9999.000 -9999.000 -9999.000 -9999.000 -9999.000 -9999.000 -9999.000 -9999.000 -9999.000 -9999.000
-9999.000 -9999.000 -9999.000 -9999.000 -9999.000 -9999.000 -9999.000 -9999.000 -9999.000 -9999.000 -9999.000 -9999.000 -9999.000 -9999.000 -9999.000 -0.2001206E-02 0.3711773E-02 -0.1908957E-03 -0.9700287E-02 -0.2262836E-01 -0.3851267E-01 -0.5649219E-01 -0.7429446E-01 -0.9167961E-01 -0.1085839 -0.1243735 -0.1402439 -0.1618977 -0.2076161 -0.3410598 -0.3410598 -9999.000 -9999.000 -9999.000 -9999.000 -9999.000 -9999.000 -9999.000 -9999.000 -9999.000 -9999.000 -9999.000 -9999.000 -9999.000 -9999.000 -9999.000 -9999.000 -9999.000 -9999.000 -9999.000 -9999.000 -9999.000 -9999.000 -9999.000 -9999.000 -9999.000 -9999.000 -9999.000 -9999.000
-0.3020441E-02 -0.3020441E-02 -0.6023506E-02 -0.6183577E-02 -0.6188108E-02 -0.6188108E-02 -0.6183194E-02 -0.6164158E-02 -0.6164158E-02 -0.6135430E-02 -0.6135430E-02 -0.6100341E-02 -0.6081112E-02 -0.6061347E-02 -0.6041343E-02 -0.6041343E-02 0.1102862E-01 0.6082872E-02 -0.5588749E-02 -0.2290176E-01 -0.4499956E-01 -0.7070700E-01 -0.9829735E-01 -0.1264120 -0.1540042 -0.1800646 -0.2043012 -0.2285516 -0.2607874 -0.3396097 -0.3396097 -0.1854272 -0.9796586E-01 -0.3287504E-01 -0.2450216E-01 -0.2450216E-01 -0.1818015E-01 -0.1818015E-01 -0.6336812E-02 -0.6336812E-02 0.4004971E-02 0.2470037E-01 0.2470037E-01 0.8523887E-03 0.8523887E-03 -0.3245973E-02 -0.3245973E-02 -0.3245973E-02 0.1043189E-02 0.1043189E-02 0.1757785E-02 0.1757785E-02 0.7631178E-03 0.7631178E-03 -0.5515495E-03 -0.5515495E-03 -0.1782345E-02 -0.1782345E-02 -0.1782345E-02
-0.4640563E-02 -0.4640563E-02 -0.8943420E-02 -0.8775201E-02 -0.8714919E-02 -0.8714919E-02 -0.8686471E-02 -0.8667387E-02 -0.8667387E-02 -0.8649634E-02 -0.8649634E-02 -0.8621159E-02 -0.8604416E-02 -0.8586672E-02 -0.8568417E-02 -0.8568417E-02 0.7841129E-02 0.2858976E-02 -0.1134424E-01 -0.3422273E-01 -0.6449871E-01 -0.1006666 -0.1412493 -0.1844276 -0.2283622 -0.2714297 -0.3119791 -0.3482778 -0.3783749 -0.4011722 -0.4011722 -0.2696194 -0.1775232 -0.9104567E-01 -0.7413808E-01 -0.7413808E-01 -0.5141649E-01 -0.5141649E-01 -0.1083540E-01 -0.1083540E-01 0.2019340E-01 0.8002734E-01 0.8002734E-01 0.5630169E-01 0.5630169E-01 0.1210714E-01 0.1210714E-01 0.1210714E-01 0.7071683E-02 0.7071683E-02 0.3262914E-02 0.3262914E-02 -0.7068402E-03 -0.7068402E-03 -0.4227462E-02 -0.4227462E-02 -0.6957997E-02 -0.6957997E-02 -0.6957997E-02
-0.3828218E-02 -0.3828218E-02 -0.7349847E-02 -0.7433665E-02 -0.7353098E-02 -0.7353098E-02 -0.7316846E-02 -0.7314864E-02 -0.7314864E-02 -0.7326056E-02 -0.7326056E-02 -0.7324485E-02 -0.7320787E-02 -0.7316100E-02 -0.7310856E-02 -0.7310856E-02 0.2989871E-02 -0.2742628E-02 -0.1777059E-01 -0.4178573E-01 -0.7378940E-01 -0.1125772 -0.1569845 -0.2056305 -0.2569944 -0.3095763 -0.3617260 -0.4114448 -0.4559737 -0.4882489 -0.4882489 -0.4018157 -0.3212472 -0.2114671 -0.1760478 -0.1760478 -0.1111019 -0.1111019 -0.1428937E-01 -0.1428937E-01 0.4768619E-01 0.1564611 0.1564611 0.1628161 0.1628161 0.5645619E-01 0.5645619E-01 0.5645619E-01 0.2273310E-01 0.2273310E-01 0.5002015E-02 0.5002015E-02 -0.5874536E-02 -0.5874536E-02 -0.1311626E-01 -0.1311626E-01 -0.1758427E-01 -0.1758427E-01 -0.1758427E-01
-0.3025827E-02 -0.3025827E-02 -0.5794396E-02 -0.6000735E-02 -0.5906654E-02 -0.5906654E-02 -0.5858670E-02 -0.5850233E-02 -0.5850233E-02 -0.5862433E-02 -0.5862433E-02 -0.5862658E-02 -0.5859958E-02 -0.5856361E-02 -0.5852553E-02 -0.5852553E-02 -0.2123850E-02 -0.1007055E-01 -0.2688648E-01 -0.5232907E-01 -0.8556839E-01 -0.1255894 -0.1714168 -0.2219952 -0.2761722 -0.3327771 -0.3904990 -0.4476403 -0.5015871 -0.5453165 -0.5453165 -0.5032532 -0.4450862 -0.3366596 -0.2873135 -0.2873135 -0.1703753 -0.1703753 -0.4992203E-02 -0.4992203E-02 0.8355973E-01 0.2183152 0.2183152 0.2444244 0.2444244 0.1100466 0.1100466 0.1100466 0.4513999E-01 0.4513999E-01 0.8524998E-02 0.8524998E-02 -0.1229130E-01 -0.1229130E-01 -0.2443093E-01 -0.2443093E-01 -0.3072747E-01 -0.3072747E-01 -0.3072747E-01
-0.2244875E-02 -0.2244875E-02 -0.4295614E-02 -0.4534350E-02 -0.4445718E-02 -0.4445718E-02 -0.4397090E-02 -0.4385567E-02 -0.4385567E-02 -0.4396680E-02 -0.4396680E-02 -0.4397320E-02 -0.4394970E-02 -0.4392127E-02 -0.4389135E-02 -0.4389135E-02 -0.7601283E-02 -0.1916708E-01 -0.3906614E-01 -0.6695455E-01 -0.1020783 -0.1435633 -0.1905752 -0.2422690 -0.2977484 -0.3560945 -0.4162956 -0.4770330 -0.5361658 -0.5878168 -0.5878168 -0.5796781 -0.5451953 -0.4476125 -0.3843223 -0.3843223 -0.2038655 -0.2038655 0.2217181E-01 0.2217181E-01 0.1218256 0.2546110 0.2546110 0.2879165 0.2879165 0.1587440 0.1587440 0.1587440 0.7144269E-01 0.7144269E-01 0.1569586E-01 0.1569586E-01 -0.1689819E-01 -0.1689819E-01 -0.3512043E-01 -0.3512043E-01 -0.4366542E-01 -0.4366542E-01 -0.4366542E-01
-0.1483702E-02 -0.1483702E-02 -0.2839772E-02 -0.3040093E-02 -0.2972059E-02 -0.2972059E-02 -0.2933145E-02 -0.2922675E-02 -0.2922675E-02 -0.2931095E-02 -0.2931095E-02 -0.2931591E-02 -0.2929931E-02 -0.2927842E-02 -0.2925830E-02 -0.2925830E-02 -0.1386728E-01 -0.3040827E-01 -0.5477356E-01 -0.8631725E-01 -0.1242509 -0.1677953 -0.2162538 -0.2689723 -0.3252812 -0.3844837 -0.4458061 -0.5082366 -0.5700934 -0.6267415 -0.6267415 -0.6421078 -0.6275418 -0.5342808 -0.4476331 -0.4476331 -0.1942822 -0.1942822 0.5783980E-01 0.5783980E-01 0.1500527 0.2632549 0.2632549 0.2978161 0.2978161 0.1940333 0.1940333 0.1940333 0.9791762E-01 0.9791762E-01 0.2667090E-01 0.2667090E-01 -0.1815033E-01 -0.1815033E-01 -0.4346511E-01 -0.4346511E-01 -0.5484743E-01 -0.5484743E-01 -0.5484743E-01
-0.7377624E-03 -0.7377624E-03 -0.1412615E-02 -0.1525321E-02 -0.1488786E-02 -0.1488786E-02 -0.1467160E-02 -0.1461031E-02 -0.1461031E-02 -0.1465603E-02 -0.1465603E-02 -0.1465825E-02 -0.1464936E-02 -0.1463985E-02 -0.1462833E-02 -0.1462833E-02 -0.2158645E-01 -0.4452340E-01 -0.7481966E-01 -0.1113459 -0.1531653 -0.1995354 -0.2498848 -0.3037487 -0.3606926 -0.4202620 -0.4819283 -0.5449600 -0.6080683 -0.6676044 -0.6676044 -0.6981764 -0.6969931 -0.5832695 -0.4563326 -0.4563326 -0.1461255 -0.1461255 0.8493467E-01 0.8493467E-01 0.1589454 0.2492543 0.2492543 0.2839403 0.2839403 0.2121596 0.2121596 0.2121596 0.1202160 0.1202160 0.4003718E-01 0.4003718E-01 -0.1562476E-01 -0.1562476E-01 -0.4842145E-01 -0.4842145E-01 -0.6315743E-01 -0.6315743E-01 -0.6315743E-01
-0.5779068E-07 -0.5779068E-07 -0.1051698E-06 0.4188535E-07 -0.1053446E-06 -0.1053446E-06 0.4333266E-07 -0.1122809E-06 -0.1122809E-06 -0.9964560E-07 -0.9964560E-07 0.3410714E-07 0.2885442E-07 -0.7274355E-07 -0.6576666E-07 -0.6576666E-07 -0.3172758E-01 -0.6269745E-01 -0.1005148 -0.1434349 -0.1902898 -0.2403285 -0.2930938 -0.3483116 -0.4057906 -0.4653440 -0.5267187 -0.5894795 -0.6526816 -0.7132317 -0.7132317 -0.7516558 -0.7529615 -0.5718538 -0.3975609 -0.3975609 -0.8651986E-01 -0.8651986E-01 0.9274250E-01 0.9274250E-01 0.1483655 0.2208391 0.2208391 0.2557386 0.2557386 0.2134231 0.2134231 0.2134231 0.1345257 0.1345257 0.5324635E-01 0.5324635E-01 -0.9888392E-02 -0.9888392E-02 -0.4947409E-01 -0.4947409E-01 -0.6771267E-01 -0.6771267E-01 -0.6771267E-01
0.7378696E-03 0.7378696E-03 0.1412643E-02 0.1525250E-02 0.1488713E-02 0.1488713E-02 0.1467165E-02 0.1460908E-02 0.1460908E-02 0.1465337E-02 0.1465337E-02 0.1465957E-02 0.1464960E-02 0.1463943E-02 0.1462811E-02 0.1462811E-02 -0.4574339E-01 -0.8677513E-01 -0.1338911 -0.1846709 -0.2376979 -0.2922153 -0.3478930 -0.4046613 -0.4625826 -0.5217535 -0.5822201 -0.6438594 -0.7059771 -0.7651452 -0.7651452 -0.8018934 -0.7833956 -0.4820779 -0.2906388 -0.2906388 -0.4327399E-01 -0.4327399E-01 0.8287456E-01 0.8287456E-01 0.1250973 0.1855690 0.1855690 0.2200867 0.2200867 0.2005896 0.2005896 0.2005896 0.1386068 0.1386068 0.6338207E-01 0.6338207E-01 -0.2310247E-02 -0.2310247E-02 -0.4664225E-01 -0.4664225E-01 -0.6788907E-01 -0.6788907E-01 -0.6788907E-01
0.1483888E-02 0.1483888E-02 0.2839765E-02 0.3039939E-02 0.2972191E-02 0.2972191E-02 0.2933120E-02 0.2922540E-02 0.2922540E-02 0.2930850E-02 0.2930850E-02 0.2931667E-02 0.2929877E-02 0.2927895E-02 0.2925833E-02 0.2925833E-02 -0.6592455E-01 -0.1196434 -0.1780712 -0.2381734 -0.2983759 -0.3579995 -0.4169061 -0.4752721 -0.5334359 -0.5917885 -0.6506847 -0.7103003 -0.7698615 -0.8230048 -0.8230048 -0.8382546 -0.7534696 -0.3376712 -0.1846882 -0.1846882 -0.2449240E-01 -0.2449240E-01 0.6366731E-01 0.6366731E-01 0.9701194E-01 0.1485815 0.1485815 0.1812777 0.1812777 0.1772719 0.1772719 0.1772719 0.1321380 0.1321380 0.6803637E-01 0.6803637E-01 0.5304647E-02 0.5304647E-02 -0.4045128E-01 -0.4045128E-01 -0.6339063E-01 -0.6339063E-01 -0.6339063E-01
0.2244881E-02 0.2244881E-02 0.4295690E-02 0.4534470E-02 0.4445798E-02 0.4445798E-02 0.4396999E-02 0.4385361E-02 0.4385361E-02 0.4396652E-02 0.4396652E-02 0.4397254E-02 0.4394711E-02 0.4391963E-02 0.4389129E-02 0.4389129E-02 -0.9610493E-01 -0.1659498 -0.2379170 -0.3086513 -0.3766941 -0.4416482 -0.5037053 -0.5633717 -0.6213042 -0.6782017 -0.7347267 -0.7912569 -0.8456826 -0.8795966 -0.8795966 -0.8223952 -0.6126566 -0.2036361 -0.1152430 -0.1152430 -0.2133174E-01 -0.2133174E-01 0.4263154E-01 0.4263154E-01 0.6935224E-01 0.1126327 0.1126327 0.1417808 0.1417808 0.1469255 0.1469255 0.1469255 0.1163889 0.1163889 0.6598088E-01 0.6598088E-01 0.1122850E-01 0.1122850E-01 -0.3179822E-01 -0.3179822E-01 -0.5431931E-01 -0.5431931E-01 -0.5431931E-01
0.3025796E-02 0.3025796E-02 0.5794409E-02 0.6000673E-02 0.5906584E-02 0.5906584E-02 0.5858500E-02 0.5850051E-02 0.5850051E-02 0.5862514E-02 0.5862514E-02 0.5862696E-02 0.5859753E-02 0.5856193E-02 0.5852414E-02 0.5852414E-02 -0.1431539 -0.2335164 -0.3212346 -0.4033957 -0.4792210 -0.5489654 -0.6133769 -0.6734206 -0.7301331 -0.7845398 -0.8375998 -0.8894868 -0.9313566 -0.8998994 -0.8998994 -0.6759558 -0.3751703 -0.1211062 -0.8086415E-01 -0.8086415E-01 -0.2264922E-01 -0.2264922E-01 0.2397026E-01 0.2397026E-01 0.4467751E-01 0.7905130E-01 0.7905130E-01 0.1030928 0.1030928 0.1124845 0.1124845 0.1124845 0.9356748E-01 0.9356748E-01 0.5736293E-01 0.5736293E-01 0.1432821E-01 0.1432821E-01 -0.2172274E-01 -0.2172274E-01 -0.4122995E-01 -0.4122995E-01 -0.4122995E-01
