simulation_files/asc/Velocity____234.0.asc
NCOLS        79
NROWS        79
XLLCENTER         -1.500000
YLLCENTER         -4.800000
CELLSIZE           0.100
NODATA_VALUE     -9999.0
[rows 0 to 26 of 79, columns 0 to 59 of 79]
-9999.000 -9999.000 -9999.000 -9999.000 -9999.000 -9999.000 -9999.000 -9999.000 -9999.000 -9999.000 -9999.000 -9999.000 -9999.000 -9999.000 -9999.000 0.9004994E-01 0.8686966E-01 0.8557571E-01 0.8534697E-01 0.8634549E-01 0.8774792E-01 0.8909708E-01 0.9022999E-01 0.9103824E-01 0.9153616E-01 0.9179720E-01 0.9190279E-01 0.9205537E-01 0.9284727E-01 0.9383612E-01 0.9383612E-01 -9999.000 -9999.000 -9999.000 -9999.000 -9999.000 -9999.000 -9999.000 -9999.000 -9999.000 -9999.000 -9999.000 -9999.000 -9999.000 -9999.000 -9999.000 -9999.000 -9999.000 -9999.000 -9999.000 -9999.000 -9999.000 -9999.000 -9999.000 -9999.000 -9999.000 -9999.000 -9999.000 -9999.000 -9999.000
-9999.000 -9999.000 -9999.000 -9999.000 -9999.000 -9999.000 -9999.000 -9999.000 -9999.000 -9999.000 -9999.000 -9999.000 -9999.000 -9999.000 -9999.000 0.9077299E-01 0.8412298E-01 0.8150040E-01 0.8107765E-01 0.8309636E-01 0.8589908E-01 0.8862567E-01 0.9098980E-01 0.9277480E-01 0.9398801E-01 0.9475671E-01 0.9523451E-01 0.9585462E-01 0.9791826E-01 0.1006664 0.1006664 -9999.000 -9999.000 -9999.000 -9999.000 -9999.000 -9999.000 -9999.000 -9999.000 -9999.000 -9999.000 -9999.000 -9999.000 -9999.000 -9999.000 -9999.000 -9999.000 -9999.000 -9999.000 -9999.000 -9999.000 -9999.000 -9999.000 -9999.000 -9999.000 -9999.000 -9999.000 -9999.000 -9999.000 -9999.000
-9999.000 -9999.000 -9999.000 -9999.000 -9999.000 -9999.000 -9999.000 -9999.000 -9999.000 -9999.000 -9999.000 -9999.000 -9999.000 -9999.000 -9999.000 0.9055738E-01 0.8011956E-01 0.7591252E-01 0.7520104E-01 0.7832954E-01 0.8269509E-01 0.8700578E-01 0.9086602E-01 0.9395569E-01 0.9627668E-01 0.9800211E-01 0.9933615E-01 0.1009302 0.1048334 0.1101732 0.1101732 -9999.000 -9999.000 -9999.000 -9999.000 -9999.000 -9999.000 -9999.000 -9999.000 -9999.000 -9999.000 -9999.000 -9999.000 -9999.000 -9999.000 -9999.000 -9999.000 -9999.000 -9999.000 -9999.000 -9999.000 -9999.000 -9999.000 -9999.000 -9999.000 -9999.000 -9999.000 -9999.000 -9999.000 -9999.000
-9999.000 -9999.000 -9999.000 -9999.000 -9999.000 -9999.000 -9999.000 -9999.000 -9999.000 -9999.000 -9999.000 -9999.000 -9999.000 -9999.000 -9999.000 0.8983936E-01 0.7561907E-01 0.6981020E-01 0.6882343E-01 0.7308497E-01 0.7902163E-01 0.8493216E-01 0.9033605E-01 0.9481736E-01 0.9837279E-01 0.1012119 0.1035738 0.1063185 0.1122618 0.1207156 0.1207156 -9999.000 -9999.000 -9999.000 -9999.000 -9999.000 -9999.000 -9999.000 -9999.000 -9999.000 -9999.000 -9999.000 -9999.000 -9999.000 -9999.000 -9999.000 -9999.000 -9999.000 -9999.000 -9999.000 -9999.000 -9999.000 -9999.000 -9999.000 -9999.000 -9999.000 -9999.000 -9999.000 -9999.000 -9999.000
-9999.000 -9999.000 -9999.000 -9999.000 -9999.000 -9999.000 -9999.000 -9999.000 -9999.000 -9999.000 -9999.000 -9999.000 -9999.000 -9999.000 -9999.000 0.8884107E-01 0.7080216E-01 0.6338292E-01 0.6216412E-01 0.6760515E-01 0.7512681E-01 0.8264516E-01 0.8961870E-01 0.9553903E-01 0.1003976 0.1044360 0.1079191 0.1119184 0.1200539 0.1321531 0.1321531 -9999.000 -9999.000 -9999.000 -9999.000 -9999.000 -9999.000 -9999.000 -9999.000 -9999.000 -9999.000 -9999.000 -9999.000 -9999.000 -9999.000 -9999.000 -9999.000 -9999.000 -9999.000 -9999.000 -9999.000 -9999.000 -9999.000 -9999.000 -9999.000 -9999.000 -9999.000 -9999.000 -9999.000 -9999.000
-9999.000 -9999.000 -9999.000 -9999.000 -9999.000 -9999.000 -9999.000 -9999.000 -9999.000 -9999.000 -9999.000 -9999.000 -9999.000 -9999.000 -9999.000 0.8762927E-01 0.6573252E-01 0.5671777E-01 0.5535426E-01 0.6204189E-01 0.7115822E-01 0.8028028E-01 0.8883334E-01 0.9621754E-01 0.1024190 0.1077076 0.1123684 0.1176928 0.1281593 0.1445062 0.1445062 -9999.000 -9999.000 -9999.000 -9999.000 -9999.000 -9999.000 -9999.000 -9999.000 -9999.000 -9999.000 -9999.000 -9999.000 -9999.000 -9999.000 -9999.000 -9999.000 -9999.000 -9999.000 -9999.000 -9999.000 -9999.000 -9999.000 -9999.000 -9999.000 -9999.000 -9999.000 -9999.000 -9999.000 -9999.000
-9999.000 -9999.000 -9999.000 -9999.000 -9999.000 -9999.000 -9999.000 -9999.000 -9999.000 -9999.000 -9999.000 -9999.000 -9999.000 -9999.000 -9999.000 0.8620392E-01 0.6042214E-01 0.4985999E-01 0.4850138E-01 0.5651261E-01 0.6721310E-01 0.7791667E-01 0.8804503E-01 0.9690366E-01 0.1044717 0.1110444 0.1169211 0.1236281 0.1365689 0.1578861 0.1578861 -9999.000 -9999.000 -9999.000 -9999.000 -9999.000 -9999.000 -9999.000 -9999.000 -9999.000 -9999.000 -9999.000 -9999.000 -9999.000 -9999.000 -9999.000 -9999.000 -9999.000 -9999.000 -9999.000 -9999.000 -9999.000 -9999.000 -9999.000 -9999.000 -9999.000 -9999.000 -9999.000 -9999.000 -9999.000
-9999.000 -9999.000 -9999.000 -9999.000 -9999.000 -9999.000 -9999.000 -9999.000 -9999.000 -9999.000 -9999.000 -9999.000 -9999.000 -9999.000 -9999.000 0.8453198E-01 0.5485959E-01 0.4285085E-01 0.4174615E-01 0.5114627E-01 0.6337635E-01 0.7561087E-01 0.8729422E-01 0.9762635E-01 0.1065747 0.1144556 0.1215779 0.1297198 0.1452936 0.1724713 0.1724713 -9999.000 -9999.000 -9999.000 -9999.000 -9999.000 -9999.000 -9999.000 -9999.000 -9999.000 -9999.000 -9999.000 -9999.000 -9999.000 -9999.000 -9999.000 -9999.000 -9999.000 -9999.000 -9999.000 -9999.000 -9999.000 -9999.000 -9999.000 -9999.000 -9999.000 -9999.000 -9999.000 -9999.000 -9999.000
-9999.000 -9999.000 -9999.000 -9999.000 -9999.000 -9999.000 -9999.000 -9999.000 -9999.000 -9999.000 -9999.000 -9999.000 -9999.000 -9999.000 -9999.000 0.8256190E-01 0.4902303E-01 0.3576442E-01 0.3533376E-01 0.4611969E-01 0.5974257E-01 0.7341633E-01 0.8661494E-01 0.9840758E-01 0.1087414 0.1179480 0.1263387 0.1359679 0.1543539 0.1885077 0.1885077 -9999.000 -9999.000 -9999.000 -9999.000 -9999.000 -9999.000 -9999.000 -9999.000 -9999.000 -9999.000 -9999.000 -9999.000 -9999.000 -9999.000 -9999.000 -9999.000 -9999.000 -9999.000 -9999.000 -9999.000 -9999.000 -9999.000 -9999.000 -9999.000 -9999.000 -9999.000 -9999.000 -9999.000 -9999.000
-9999.000 -9999.000 -9999.000 -9999.000 -9999.000 -9999.000 -9999.000 -9999.000 -9999.000 -9999.000 -9999.000 -9999.000 -9999.000 -9999.000 -9999.000 0.8022733E-01 0.4288768E-01 0.2877520E-01 0.2973738E-01 0.4169852E-01 0.5643283E-01 0.7139456E-01 0.8604326E-01 0.9926974E-01 0.1109852 0.1215279 0.1312049 0.1423731 0.1637771 0.2063221 0.2063221 -9999.000 -9999.000 -9999.000 -9999.000 -9999.000 -9999.000 -9999.000 -9999.000 -9999.000 -9999.000 -9999.000 -9999.000 -9999.000 -9999.000 -9999.000 -9999.000 -9999.000 -9999.000 -9999.000 -9999.000 -9999.000 -9999.000 -9999.000 -9999.000 -9999.000 -9999.000 -9999.000 -9999.000 -9999.000
-9999.000 -9999.000 -9999.000 -9999.000 -9999.000 -9999.000 -9999.000 -9999.000 -9999.000 -9999.000 -9999.000 -9999.000 -9999.000 -9999.000 -9999.000 0.7744782E-01 0.3643469E-01 0.2233828E-01 0.2583991E-01 0.3827543E-01 0.5360996E-01 0.6962539E-01 0.8562484E-01 0.1002414 0.1133234 0.1252049 0.1361784 0.1489379 0.1735941 0.2263516 0.2263516 -9999.000 -9999.000 -9999.000 -9999.000 -9999.000 -9999.000 -9999.000 -9999.000 -9999.000 -9999.000 -9999.000 -9999.000 -9999.000 -9999.000 -9999.000 -9999.000 -9999.000 -9999.000 -9999.000 -9999.000 -9999.000 -9999.000 -9999.000 -9999.000 -9999.000 -9999.000 -9999.000 -9999.000 -9999.000
-9999.000 -9999.000 -9999.000 -9999.000 -9999.000 -9999.000 -9999.000 -9999.000 -9999.000 -9999.000 -9999.000 -9999.000 -9999.000 -9999.000 -9999.000 0.7412563E-01 0.2967230E-01 0.1767084E-01 0.2490784E-01 0.3637730E-01 0.5149594E-01 0.6822127E-01 0.8542738E-01 0.1013664 0.1157852 0.1289970 0.1412679 0.1556683 0.1838420 0.2491911 0.2491911 -9999.000 -9999.000 -9999.000 -9999.000 -9999.000 -9999.000 -9999.000 -9999.000 -9999.000 -9999.000 -9999.000 -9999.000 -9999.000 -9999.000 -9999.000 -9999.000 -9999.000 -9999.000 -9999.000 -9999.000 -9999.000 -9999.000 -9999.000 -9999.000 -9999.000 -9999.000 -9999.000 -9999.000 -9999.000
-9999.000 -9999.000 -9999.000 -9999.000 -9999.000 -9999.000 -9999.000 -9999.000 -9999.000 -9999.000 -9999.000 -9999.000 -9999.000 -9999.000 -9999.000 0.7011907E-01 0.2271390E-01 0.1725286E-01 0.2788398E-01 0.3667210E-01 0.5046761E-01 0.6740665E-01 0.8559845E-01 0.1027484 0.1184445 0.1329553 0.1465048 0.1625861 0.1945705 0.2756735 0.2756735 -9999.000 -9999.000 -9999.000 -9999.000 -9999.000 -9999.000 -9999.000 -9999.000 -9999.000 -9999.000 -9999.000 -9999.000 -9999.000 -9999.000 -9999.000 -9999.000 -9999.000 -9999.000 -9999.000 -9999.000 -9999.000 -9999.000 -9999.000 -9999.000 -9999.000 -9999.000 -9999.000 -9999.000 -9999.000
-9999.000 -9999.000 -9999.000 -9999.000 -9999.000 -9999.000 -9999.000 -9999.000 -9999.000 -9999.000 -9999.000 -9999.000 -9999.000 -9999.000 -9999.000 0.6431714E-01 0.1751593E-01 0.2657966E-01 0.3876397E-01 0.4386880E-01 0.5450122E-01 0.7011174E-01 0.8823880E-01 0.1059008 0.1223915 0.1378572 0.1524311 0.1700585 0.2060479 0.3071487 0.3071487 -9999.000 -9999.000 -9999.000 -9999.000 -9999.000 -9999.000 -9999.000 -9999.000 -9999.000 -9999.000 -9999.000 -9999.000 -9999.000 -9999.000 -9999.000 -9999.000 -9999.000 -9999.000 -9999.000 -9999.000 -9999.000 -9999.000 -9999.000 -9999.000 -9999.000 -9999.000 -9999.000 -9999.000 -9999.000
-9999.000 -9999.000 -9999.000 -9999.000 -9999.000 -9999.000 -9999.000 -9999.000 -9999.000 -9999.000 -9999.000 -9999.000 -9999.000 -9999.000 -9999.000 0.1011779 0.1556593 0.1826622 0.1741127 0.1482815 0.1325011 0.1237654 0.1230223 0.1281085 0.1369537 0.1481486 0.1606332 0.1781148 0.2176450 0.3429123 0.3429123 -9999.000 -9999.000 -9999.000 -9999.000 -9999.000 -9999.000 -9999.000 -9999.000 -9999.000 -9999.000 -9999.000 -9999.000 -9999.000 -9999.000 -9999.000 -9999.000 -9999.000 -9999.000 -9999.000 -9999.000 -9999.000 -9999.000 -9999.000 -9999.000 -9999.000 -9999.000 -9999.000 -9999.000 -9999.000
2.868286 2.868286 2.885608 2.888909 2.908657 2.908657 2.911303 2.910815 2.910815 2.906742 2.906742 2.900187 2.896228 2.891921 2.887698 2.887698 3.044669 3.049247 3.050435 3.044960 3.011210 2.954473 2.874788 2.770378 2.643888 2.498238 2.336215 2.166720 2.014655 1.955221 1.955221 2.775911 2.951102 3.056364 3.083425 3.083425 3.121124 3.121124 3.111170 3.111170 3.071268 2.900452 2.900452 2.583499 2.583499 2.179121 2.179121 2.179121 2.151087 2.151087 2.177934 2.177934 2.224885 2.224885 2.275248 2.275248 2.321081 2.321081 2.321081 2.358048
2.891627 2.891627 2.917482 2.943749 2.970832 2.970832 2.985544 3.008096 3.008096 3.026606 3.026606 3.042431 3.049599 3.056367 3.063145 3.063145 3.179492 3.199373 3.215330 3.228485 3.234638 3.234216 3.225518 3.205343 3.171385 3.121607 3.054148 2.969476 2.873659 2.793154 2.793154 3.226973 3.380208 3.532331 3.574749 3.574749 3.624752 3.624752 3.630307 3.630307 3.611929 3.516519 3.516519 3.330131 3.330131 3.018156 3.018156 3.018156 2.986556 2.986556 3.015562 3.015562 3.065322 3.065322 3.118233 3.118233 3.167044 3.167044 3.167044 3.208409
2.896691 2.896691 2.919399 2.945607 2.970520 2.970520 2.985932 3.009367 3.009367 3.028506 3.028506 3.045043 3.052606 3.059802 3.067072 3.067072 3.170577 3.203418 3.231502 3.255914 3.275127 3.289547 3.299180 3.303046 3.300083 3.288937 3.267792 3.235594 3.194514 3.159953 3.159953 3.399382 3.546160 3.719474 3.771292 3.771292 3.826426 3.826426 3.819546 3.819546 3.792504 3.696991 3.696991 3.560359 3.560359 3.310172 3.310172 3.310172 3.263033 3.263033 3.278795 3.278795 3.319676 3.319676 3.366437 3.366437 3.410756 3.410756 3.410756 3.448833
2.900134 2.900134 2.920699 2.946146 2.969500 2.969500 2.985319 3.009173 3.009173 3.028345 3.028345 3.044906 3.052496 3.059726 3.067111 3.067111 3.162387 3.205874 3.245173 3.279879 3.308862 3.332124 3.349957 3.362362 3.369329 3.370736 3.366089 3.355024 3.338869 3.327152 3.327152 3.472895 3.601702 3.779001 3.834605 3.834605 3.883564 3.883564 3.851757 3.851757 3.812968 3.722924 3.722924 3.634263 3.634263 3.449974 3.449974 3.449974 3.391787 3.391787 3.392369 3.392369 3.423504 3.423504 3.464789 3.464789 3.505734 3.505734 3.505734 3.541340
2.902042 2.902042 2.918603 2.946191 2.968676 2.968676 2.984934 3.009302 3.009302 3.028510 3.028510 3.045009 3.052567 3.059767 3.067251 3.067251 3.159040 3.211425 3.260711 3.304980 3.343008 3.374453 3.399448 3.418180 3.430932 3.438057 3.439814 3.436569 3.429739 3.425938 3.425938 3.517526 3.623960 3.789827 3.839630 3.839630 3.859116 3.859116 3.793551 3.793551 3.750629 3.687541 3.687541 3.649169 3.649169 3.533840 3.533840 3.533840 3.473890 3.473890 3.459603 3.459603 3.478396 3.478396 3.512155 3.512155 3.548475 3.548475 3.548475 3.580753
2.902475 2.902475 2.920736 2.945929 2.967898 2.967898 2.984463 3.009198 3.009198 3.028423 3.028423 3.044909 3.052475 3.059692 3.067384 3.067384 3.161580 3.221972 3.280118 3.333014 3.379233 3.418237 3.449994 3.474678 3.492595 3.504174 3.509895 3.510404 3.507100 3.504794 3.504794 3.560912 3.642624 3.778414 3.807116 3.807116 3.769161 3.769161 3.680945 3.680945 3.650879 3.633555 3.633555 3.640292 3.640292 3.588073 3.588073 3.588073 3.536867 3.536867 3.512280 3.512280 3.517764 3.517764 3.541612 3.541612 3.571211 3.571211 3.571211 3.598550
2.898731 2.898731 2.925045 2.945787 2.967520 2.967520 2.984309 3.009338 3.009338 3.028608 3.028608 3.045076 3.052628 3.059828 3.067766 3.067766 3.170903 3.239033 3.305080 3.365517 3.418846 3.464474 3.502308 3.532478 3.555263 3.571049 3.580317 3.583713 3.582431 3.579820 3.579820 3.611579 3.667392 3.745822 3.730714 3.730714 3.623413 3.623413 3.552687 3.552687 3.549916 3.581054 3.581054 3.621910 3.621910 3.621350 3.621350 3.621350 3.586755 3.586755 3.559115 3.559115 3.553077 3.553077 3.565588 3.565588 3.586362 3.586362 3.586362 3.606896
2.898404 2.898404 2.926195 2.945692 2.967356 2.967356 2.984215 3.009336 3.009336 3.028616 3.028616 3.045080 3.052630 3.059830 3.068134 3.068134 3.187903 3.264088 3.337360 3.404283 3.463520 3.514608 3.557503 3.592358 3.619434 3.639074 3.651693 3.657839 3.658396 3.655308 3.655308 3.669425 3.696641 3.672295 3.591413 3.591413 3.448462 3.448462 3.438068 3.438068 3.464792 3.533818 3.533818 3.598026 3.598026 3.637327 3.637327 3.637327 3.623056 3.623056 3.599671 3.599671 3.586304 3.586304 3.587639 3.587639 3.598045 3.598045 3.598045 3.610021
2.898759 2.898759 2.924990 2.945793 2.967518 2.967518 2.984304 3.009334 3.009334 3.028606 3.028606 3.045076 3.052628 3.059828 3.068635 3.068635 3.214191 3.299073 3.379030 3.451346 3.515158 3.570316 3.616965 3.655365 3.685815 3.708638 3.724192 3.732891 3.735241 3.731360 3.731360 3.729446 3.717180 3.525167 3.385911 3.385911 3.286426 3.286426 3.350992 3.350992 3.398779 3.491608 3.491608 3.571132 3.571132 3.640100 3.640100 3.640100 3.646033 3.646033 3.632185 3.632185 3.616426 3.616426 3.608303 3.608303 3.607671 3.607671 3.607671 3.609659
2.902529 2.902529 2.920637 2.945947 2.967901 2.967901 2.984466 3.009202 3.009202 3.028426 3.028426 3.044909 3.052470 3.059684 3.069201 3.069201 3.252005 3.346343 3.432425 3.508918 3.575789 3.633408 3.682245 3.722750 3.755330 3.780334 3.798080 3.808861 3.812557 3.805573 3.805573 3.778866 3.694501 3.293000 3.154328 3.154328 3.167460 3.167460 3.286062 3.286062 3.345145 3.451477 3.451477 3.541316 3.541316 3.632000 3.632000 3.632000 3.655647 3.655647 3.653831 3.653831 3.639975 3.639975 3.625201 3.625201 3.613930 3.613930 3.613930 3.605166
2.902110 2.902110 2.918478 2.946206 2.968666 2.968666 2.984920 3.009292 3.009292 3.028507 3.028507 3.045011 3.052570 3.059772 3.070224 3.070224 3.305156 3.409410 3.500666 3.579722 3.647763 3.705897 3.755037 3.795905 3.829061 3.854921 3.873799 3.885819 3.889292 3.869661 3.869661 3.782279 3.563926 3.024236 2.964499 2.964499 3.087674 3.087674 3.231311 3.231311 3.295650 3.409866 3.409866 3.507011 3.507011 3.613322 3.613322 3.613322 3.651170 3.651170 3.661381 3.661381 3.652294 3.652294 3.633882 3.633882 3.613312 3.613312 3.613312 3.593893
2.900208 2.900208 2.920561 2.946169 2.969499 2.969499 2.985316 3.009172 3.009172 3.028342 3.028342 3.044899 3.052487 3.059716 3.071495 3.071495 3.379313 3.493100 3.587746 3.667040 3.733790 3.790026 3.837205 3.876371 3.908255 3.933361 3.952018 3.963901 3.961582 3.892063 3.892063 3.655824 3.274300 2.811156 2.844430 2.844430 3.021389 3.021389 3.174126 3.174126 3.241091 3.360654 3.360654 3.463182 3.463182 3.580496 3.580496 3.580496 3.628955 3.628955 3.649472 3.649472 3.646164 3.646164 3.626518 3.626518 3.598568 3.598568 3.598568 3.569517
