simulation_files/asc/Velocity____24.0.asc
NCOLS        79
NROWS        79
XLLCENTER         -1.500000
YLLCENTER         -4.800000
CELLSIZE           0.100
NODATA_VALUE     -9999.0
[rows 0 to 26 of 79, columns 0 to 59 of 79]
-9999.000 -9999.000 -9999.000 -9999.000 -9999.000 -9999.000 -9999.000 -9999.000 -9999.000 -9999.000 -9999.000 -9999.000 -9999.000 -9999.000 -9999.000 0.4203084 0.4209759 0.4215875 0.4225047 0.4236100 0.4248429 0.4261551 0.4275024 0.4288434 0.4301398 0.4313579 0.4324719 0.4334716 0.4343042 0.4301536 0.4301536 -9999.000 -9999.000 -9999.000 -9999.000 -9999.000 -9999.000 -9999.000 -9999.000 -9999.000 -9999.000 -9999.000 -9999.000 -9999.000 -9999.000 -9999.000 -9999.000 -9999.000 -9999.000 -9999.000 -9999.000 -9999.000 -9999.000 -9999.000 -9999.000 -9999.000 -9999.000 -9999.000 -9999.000 -9999.000
-9999.000 -9999.000 -9999.000 -9999.000 -9999.000 -9999.000 -9999.000 -9999.000 -9999.000 -9999.000 -9999.000 -9999.000 -9999.000 -9999.000 -9999.000 0.4099984 0.4100199 0.4109397 0.4123103 0.4139071 0.4156365 0.4174363 0.4192565 0.4210565 0.4228048 0.4244807 0.4260815 0.4276302 0.4290427 0.4215463 0.4215463 -9999.000 -9999.000 -9999.000 -9999.000 -9999.000 -9999.000 -9999.000 -9999.000 -9999.000 -9999.000 -9999.000 -9999.000 -9999.000 -9999.000 -9999.000 -9999.000 -9999.000 -9999.000 -9999.000 -9999.000 -9999.000 -9999.000 -9999.000 -9999.000 -9999.000 -9999.000 -9999.000 -9999.000 -9999.000
-9999.000 -9999.000 -9999.000 -9999.000 -9999.000 -9999.000 -9999.000 -9999.000 -9999.000 -9999.000 -9999.000 -9999.000 -9999.000 -9999.000 -9999.000 0.3971733 0.3961897 0.3977440 0.3999888 0.4025353 0.4052356 0.4079993 0.4107620 0.4134769 0.4161130 0.4186533 0.4210962 0.4234544 0.4254918 0.4137653 0.4137653 -9999.000 -9999.000 -9999.000 -9999.000 -9999.000 -9999.000 -9999.000 -9999.000 -9999.000 -9999.000 -9999.000 -9999.000 -9999.000 -9999.000 -9999.000 -9999.000 -9999.000 -9999.000 -9999.000 -9999.000 -9999.000 -9999.000 -9999.000 -9999.000 -9999.000 -9999.000 -9999.000 -9999.000 -9999.000
-9999.000 -9999.000 -9999.000 -9999.000 -9999.000 -9999.000 -9999.000 -9999.000 -9999.000 -9999.000 -9999.000 -9999.000 -9999.000 -9999.000 -9999.000 0.3832457 0.3807851 0.3832135 0.3866663 0.3905290 0.3945768 0.3986796 0.4027502 0.4067292 0.4105799 0.4142824 0.4178295 0.4212176 0.4240308 0.4079761 0.4079761 -9999.000 -9999.000 -9999.000 -9999.000 -9999.000 -9999.000 -9999.000 -9999.000 -9999.000 -9999.000 -9999.000 -9999.000 -9999.000 -9999.000 -9999.000 -9999.000 -9999.000 -9999.000 -9999.000 -9999.000 -9999.000 -9999.000 -9999.000 -9999.000 -9999.000 -9999.000 -9999.000 -9999.000 -9999.000
-9999.000 -9999.000 -9999.000 -9999.000 -9999.000 -9999.000 -9999.000 -9999.000 -9999.000 -9999.000 -9999.000 -9999.000 -9999.000 -9999.000 -9999.000 0.3681905 0.3638322 0.3673713 0.3723665 0.3779094 0.3836764 0.3894858 0.3952202 0.4008041 0.4061927 0.4113615 0.4162970 0.4209763 0.4247710 0.4043941 0.4043941 -9999.000 -9999.000 -9999.000 -9999.000 -9999.000 -9999.000 -9999.000 -9999.000 -9999.000 -9999.000 -9999.000 -9999.000 -9999.000 -9999.000 -9999.000 -9999.000 -9999.000 -9999.000 -9999.000 -9999.000 -9999.000 -9999.000 -9999.000 -9999.000 -9999.000 -9999.000 -9999.000 -9999.000 -9999.000
-9999.000 -9999.000 -9999.000 -9999.000 -9999.000 -9999.000 -9999.000 -9999.000 -9999.000 -9999.000 -9999.000 -9999.000 -9999.000 -9999.000 -9999.000 0.3518909 0.3453287 0.3502237 0.3571037 0.3646970 0.3725573 0.3804403 0.3881934 0.3957236 0.4029790 0.4099341 0.4165714 0.4228491 0.4278896 0.4033004 0.4033004 -9999.000 -9999.000 -9999.000 -9999.000 -9999.000 -9999.000 -9999.000 -9999.000 -9999.000 -9999.000 -9999.000 -9999.000 -9999.000 -9999.000 -9999.000 -9999.000 -9999.000 -9999.000 -9999.000 -9999.000 -9999.000 -9999.000 -9999.000 -9999.000 -9999.000 -9999.000 -9999.000 -9999.000 -9999.000
-9999.000 -9999.000 -9999.000 -9999.000 -9999.000 -9999.000 -9999.000 -9999.000 -9999.000 -9999.000 -9999.000 -9999.000 -9999.000 -9999.000 -9999.000 0.3341315 0.3252574 0.3317739 0.3408951 0.3509197 0.3612547 0.3715827 0.3817136 0.3915385 0.4010040 0.4100900 0.4187818 0.4270229 0.4336513 0.4050789 0.4050789 -9999.000 -9999.000 -9999.000 -9999.000 -9999.000 -9999.000 -9999.000 -9999.000 -9999.000 -9999.000 -9999.000 -9999.000 -9999.000 -9999.000 -9999.000 -9999.000 -9999.000 -9999.000 -9999.000 -9999.000 -9999.000 -9999.000 -9999.000 -9999.000 -9999.000 -9999.000 -9999.000 -9999.000 -9999.000
-9999.000 -9999.000 -9999.000 -9999.000 -9999.000 -9999.000 -9999.000 -9999.000 -9999.000 -9999.000 -9999.000 -9999.000 -9999.000 -9999.000 -9999.000 0.3145866 0.3035945 0.3120373 0.3237749 0.3366247 0.3498248 0.3629761 0.3758510 0.3883303 0.4003689 0.4119639 0.4231176 0.4337662 0.4424349 0.4102618 0.4102618 -9999.000 -9999.000 -9999.000 -9999.000 -9999.000 -9999.000 -9999.000 -9999.000 -9999.000 -9999.000 -9999.000 -9999.000 -9999.000 -9999.000 -9999.000 -9999.000 -9999.000 -9999.000 -9999.000 -9999.000 -9999.000 -9999.000 -9999.000 -9999.000 -9999.000 -9999.000 -9999.000 -9999.000 -9999.000
-9999.000 -9999.000 -9999.000 -9999.000 -9999.000 -9999.000 -9999.000 -9999.000 -9999.000 -9999.000 -9999.000 -9999.000 -9999.000 -9999.000 -9999.000 0.2928086 0.2803184 0.2910584 0.3058131 0.3218957 0.3383580 0.3547153 0.3707065 0.3862131 0.4012126 0.4157395 0.4298345 0.4434469 0.4547705 0.4195910 0.4195910 -9999.000 -9999.000 -9999.000 -9999.000 -9999.000 -9999.000 -9999.000 -9999.000 -9999.000 -9999.000 -9999.000 -9999.000 -9999.000 -9999.000 -9999.000 -9999.000 -9999.000 -9999.000 -9999.000 -9999.000 -9999.000 -9999.000 -9999.000 -9999.000 -9999.000 -9999.000 -9999.000 -9999.000 -9999.000
-9999.000 -9999.000 -9999.000 -9999.000 -9999.000 -9999.000 -9999.000 -9999.000 -9999.000 -9999.000 -9999.000 -9999.000 -9999.000 -9999.000 -9999.000 0.2682315 0.2554175 0.2689318 0.2871394 0.3068730 0.3269949 0.3469382 0.3664189 0.3853358 0.4037127 0.4216501 0.4392649 0.4565573 0.4713979 0.4341267 0.4341267 -9999.000 -9999.000 -9999.000 -9999.000 -9999.000 -9999.000 -9999.000 -9999.000 -9999.000 -9999.000 -9999.000 -9999.000 -9999.000 -9999.000 -9999.000 -9999.000 -9999.000 -9999.000 -9999.000 -9999.000 -9999.000 -9999.000 -9999.000 -9999.000 -9999.000 -9999.000 -9999.000 -9999.000 -9999.000
-9999.000 -9999.000 -9999.000 -9999.000 -9999.000 -9999.000 -9999.000 -9999.000 -9999.000 -9999.000 -9999.000 -9999.000 -9999.000 -9999.000 -9999.000 0.2402007 0.2289114 0.2458340 0.2679752 0.2917810 0.3159465 0.3398397 0.3631739 0.3858897 0.4080893 0.4299846 0.4518302 0.4737532 0.4933622 0.4554461 0.4554461 -9999.000 -9999.000 -9999.000 -9999.000 -9999.000 -9999.000 -9999.000 -9999.000 -9999.000 -9999.000 -9999.000 -9999.000 -9999.000 -9999.000 -9999.000 -9999.000 -9999.000 -9999.000 -9999.000 -9999.000 -9999.000 -9999.000 -9999.000 -9999.000 -9999.000 -9999.000 -9999.000 -9999.000 -9999.000
-9999.000 -9999.000 -9999.000 -9999.000 -9999.000 -9999.000 -9999.000 -9999.000 -9999.000 -9999.000 -9999.000 -9999.000 -9999.000 -9999.000 -9999.000 0.2080501 0.2008965 0.2220750 0.2486786 0.2769618 0.3055180 0.3336888 0.3612164 0.3881160 0.4146118 0.4410940 0.4680583 0.4959116 0.5221854 0.4860594 0.4860594 -9999.000 -9999.000 -9999.000 -9999.000 -9999.000 -9999.000 -9999.000 -9999.000 -9999.000 -9999.000 -9999.000 -9999.000 -9999.000 -9999.000 -9999.000 -9999.000 -9999.000 -9999.000 -9999.000 -9999.000 -9999.000 -9999.000 -9999.000 -9999.000 -9999.000 -9999.000 -9999.000 -9999.000 -9999.000
-9999.000 -9999.000 -9999.000 -9999.000 -9999.000 -9999.000 -9999.000 -9999.000 -9999.000 -9999.000 -9999.000 -9999.000 -9999.000 -9999.000 -9999.000 0.1712452 0.1716463 0.1981799 0.2298020 0.2629130 0.2961340 0.3288472 0.3608662 0.3923200 0.4236109 0.4554031 0.4886075 0.5242183 0.5601851 0.5303727 0.5303727 -9999.000 -9999.000 -9999.000 -9999.000 -9999.000 -9999.000 -9999.000 -9999.000 -9999.000 -9999.000 -9999.000 -9999.000 -9999.000 -9999.000 -9999.000 -9999.000 -9999.000 -9999.000 -9999.000 -9999.000 -9999.000 -9999.000 -9999.000 -9999.000 -9999.000 -9999.000 -9999.000 -9999.000 -9999.000
-9999.000 -9999.000 -9999.000 -9999.000 -9999.000 -9999.000 -9999.000 -9999.000 -9999.000 -9999.000 -9999.000 -9999.000 -9999.000 -9999.000 -9999.000 0.1296382 0.1418707 0.1750783 0.2122141 0.2503675 0.2883954 0.3258143 0.3625574 0.3989095 0.4355145 0.4734414 0.5143003 0.5602937 0.6111167 0.5973715 0.5973715 -9999.000 -9999.000 -9999.000 -9999.000 -9999.000 -9999.000 -9999.000 -9999.000 -9999.000 -9999.000 -9999.000 -9999.000 -9999.000 -9999.000 -9999.000 -9999.000 -9999.000 -9999.000 -9999.000 -9999.000 -9999.000 -9999.000 -9999.000 -9999.000 -9999.000 -9999.000 -9999.000 -9999.000 -9999.000
-9999.000 -9999.000 -9999.000 -9999.000 -9999.000 -9999.000 -9999.000 -9999.000 -9999.000 -9999.000 -9999.000 -9999.000 -9999.000 -9999.000 -9999.000 0.8489304E-01 0.1172798 0.1589184 0.2012642 0.2435546 0.2854597 0.3268661 0.3679113 0.4090625 0.4512400 0.4960410 0.5461673 0.6062140 0.6813163 0.7093381 0.7093381 -9999.000 -9999.000 -9999.000 -9999.000 -9999.000 -9999.000 -9999.000 -9999.000 -9999.000 -9999.000 -9999.000 -9999.000 -9999.000 -9999.000 -9999.000 -9999.000 -9999.000 -9999.000 -9999.000 -9999.000 -9999.000 -9999.000 -9999.000 -9999.000 -9999.000 -9999.000 -9999.000 -9999.000 -9999.000
1.055632 1.055632 0.9764149 0.9168770 0.8912676 0.8912676 0.8674987 0.8221811 0.8221811 0.7751428 0.7751428 0.7184425 0.6817713 0.6352453 0.5742477 0.5742477 0.4557898 0.4191090 0.3935229 0.3813114 0.3825411 0.3958024 0.4191288 0.4508736 0.4903756 0.5385606 0.5988799 0.6794428 0.7973311 0.9956311 0.9956311 1.371371 1.540843 1.533519 1.437777 1.437777 0.4726957 0.4726957 0.9771889E-01 0.9771889E-01 0.5513436E-01 0.1190979 0.1190979 0.2250587 0.2250587 0.3580240 0.3580240 0.3580240 0.4446543 0.4446543 0.5173379 0.5173379 0.5772713 0.5772713 0.6268457 0.6268457 0.6817614 0.6817614 0.6817614 0.7183756
1.069815 1.069815 0.9897050 0.9382882 0.9162931 0.9162931 0.8958161 0.8557943 0.8557943 0.8120192 0.8120192 0.7588773 0.7274033 0.6927003 0.6558840 0.6558840 0.5997922 0.5743188 0.5493718 0.5279130 0.5129005 0.5068252 0.5113844 0.5274913 0.5556834 0.5968471 0.6531799 0.7295135 0.8344228 0.9772356 0.9772356 1.226055 1.326821 1.379385 1.380533 1.380533 1.194925 1.194925 0.8715077 0.8715077 0.8650391 0.8510977 0.8510977 0.8065786 0.8065786 0.8042510 0.8042510 0.8042510 0.8395346 0.8395346 0.8789185 0.8789185 0.9174200 0.9174200 0.9332089 0.9332089 0.9867502 0.9867502 0.9867502 1.018330
1.075814 1.075814 0.9906484 0.9397529 0.9182214 0.9182214 0.8984897 0.8612005 0.8612005 0.8228434 0.8228434 0.7798979 0.7561670 0.7313420 0.7065463 0.7065463 0.6748584 0.6618828 0.6478657 0.6337140 0.6211948 0.6126491 0.6106504 0.6176845 0.6359817 0.6676377 0.7150999 0.7820792 0.8744725 0.9987597 0.9987597 1.228764 1.325378 1.382893 1.390338 1.390338 1.344194 1.344194 1.176674 1.176674 1.147390 1.124249 1.124249 1.088199 1.088199 1.045592 1.045592 1.045592 1.055987 1.055987 1.075028 1.075028 1.097338 1.097338 1.114441 1.114441 1.144980 1.144980 1.144980 1.166908
1.082241 1.082241 0.9919198 0.9413093 0.9201092 0.9201092 0.9010122 0.8662418 0.8662418 0.8326889 0.8326889 0.7979444 0.7799436 0.7619461 0.7447916 0.7447916 0.7275054 0.7226656 0.7173968 0.7115324 0.7056993 0.7012706 0.7002481 0.7050661 0.7183778 0.7429256 0.7816330 0.8380625 0.9171841 1.025843 1.025843 1.231324 1.327708 1.387810 1.394606 1.394606 1.365524 1.365524 1.275042 1.275042 1.246361 1.231000 1.231000 1.215845 1.215845 1.175348 1.175348 1.175348 1.174278 1.174278 1.183085 1.183085 1.196764 1.196764 1.208708 1.208708 1.229035 1.229035 1.229035 1.246032
1.089058 1.089058 0.9936182 0.9433160 0.9224573 0.9224573 0.9040399 0.8719363 0.8719363 0.8431049 0.8431049 0.8156114 0.8022892 0.7895761 0.7780268 0.7780268 0.7709621 0.7714882 0.7722819 0.7728817 0.7733322 0.7742618 0.7769184 0.7831300 0.7951981 0.8157744 0.8478211 0.8948088 0.9613001 1.054506 1.054506 1.232982 1.326482 1.380506 1.380999 1.380999 1.349082 1.349082 1.297036 1.297036 1.283309 1.285968 1.285968 1.290238 1.290238 1.262942 1.262942 1.262942 1.257022 1.257022 1.259411 1.259411 1.267203 1.267203 1.275345 1.275345 1.288973 1.288973 1.288973 1.301890
1.096061 1.096061 0.9956490 0.9456659 0.9251342 0.9251342 0.9074089 0.8780573 0.8780573 0.8539262 0.8539262 0.8332342 0.8241026 0.8159829 0.8091639 0.8091639 0.8106313 0.8149987 0.8199090 0.8250162 0.8302162 0.8357473 0.8422952 0.8510562 0.8637357 0.8825042 0.9099641 0.9492595 1.004551 1.083043 1.083043 1.233924 1.319250 1.354350 1.345247 1.345247 1.315015 1.315015 1.298837 1.298837 1.301588 1.322289 1.322289 1.340946 1.340946 1.330277 1.330277 1.330277 1.323838 1.323838 1.321805 1.321805 1.324501 1.324501 1.328823 1.328823 1.337085 1.337085 1.337085 1.345981
1.102994 1.102994 0.9979071 0.9482356 0.9279936 0.9279936 0.9109391 0.8843412 0.8843412 0.8648647 0.8648647 0.8507623 0.8456502 0.8419305 0.8396528 0.8396528 0.8493479 0.8567815 0.8645402 0.8725897 0.8809412 0.8897249 0.8993074 0.9103972 0.9241156 0.9420226 0.9661385 0.9990537 1.044371 1.108853 1.108853 1.231711 1.301340 1.306555 1.291146 1.291146 1.277624 1.277624 1.295804 1.295804 1.311497 1.346559 1.346559 1.375610 1.375610 1.381655 1.381655 1.381655 1.378596 1.378596 1.374758 1.374758 1.373458 1.373458 1.373984 1.373984 1.377532 1.377532 1.377532 1.382374
1.109558 1.109558 1.000283 0.9509047 0.9309015 0.9309015 0.9144717 0.8905579 0.8905579 0.8756418 0.8756418 0.8680351 0.8669662 0.8677986 0.8703965 0.8703965 0.8890518 0.8991836 0.9089599 0.9187710 0.9288948 0.9395375 0.9509363 0.9634715 0.9777642 0.9947429 1.015718 1.042534 1.078045 1.128206 1.128206 1.220605 1.264335 1.241833 1.230010 1.230010 1.246373 1.246373 1.292487 1.292487 1.316959 1.362355 1.362355 1.398895 1.398895 1.419397 1.419397 1.419397 1.422205 1.422205 1.419387 1.419387 1.415827 1.415827 1.413069 1.413069 1.412405 1.412405 1.412405 1.413199
1.115437 1.115437 1.002666 0.9535578 0.9337373 0.9337373 0.9178712 0.8965057 0.8965057 0.8859866 0.8859866 0.8848076 0.8879240 0.8937277 0.9020521 0.9020521 0.9314935 0.9441282 0.9552870 0.9659134 0.9766483 0.9878793 0.9998305 1.012662 1.026546 1.041738 1.058671 1.078201 1.102255 1.136425 1.136425 1.194803 1.198160 1.171974 1.173475 1.173475 1.222975 1.222975 1.289399 1.289399 1.319612 1.372297 1.372297 1.414294 1.414294 1.446174 1.446174 1.446174 1.455570 1.455570 1.455918 1.455918 1.452094 1.452094 1.447092 1.447092 1.442857 1.442857 1.442857 1.439744
1.120308 1.120308 1.004949 0.9560838 0.9363943 0.9363943 0.9210215 0.9020080 0.9020080 0.8956285 0.8956285 0.9007418 0.9082187 0.9196018 0.9350806 0.9350806 0.9786595 0.9935648 1.005443 1.015983 1.026274 1.036942 1.048243 1.060143 1.072319 1.084149 1.094819 1.103749 1.111686 1.123402 1.123402 1.139425 1.121311 1.111474 1.123488 1.123488 1.204090 1.204090 1.286108 1.286108 1.320274 1.378337 1.378337 1.424495 1.424495 1.464945 1.464945 1.464945 1.480353 1.480353 1.484840 1.484840 1.482381 1.482381 1.476409 1.476409 1.469464 1.469464 1.469464 1.462798
1.123862 1.123862 1.007031 0.9583815 0.9387825 0.9387825 0.9238297 0.9069111 0.9069111 0.9042983 0.9042983 0.9154004 0.9273287 0.9449282 0.9695657 0.9695657 1.033156 1.049801 1.061459 1.070849 1.079596 1.088589 1.098101 1.107830 1.116720 1.122733 1.123009 1.115033 1.098988 1.080059 1.080059 1.057058 1.036056 1.064104 1.098033 1.098033 1.188395 1.188395 1.284988 1.284988 1.321765 1.383410 1.383410 1.432398 1.432398 1.478700 1.478700 1.478700 1.498744 1.498744 1.507156 1.507156 1.506854 1.506854 1.500975 1.500975 1.492252 1.492252 1.492252 1.482594
1.125819 1.125819 1.008829 0.9603590 0.9408258 0.9408258 0.9262207 0.9110829 0.9110829 0.9117345 0.9117345 0.9282628 0.9444996 0.9686604 1.004603 1.004603 1.098711 1.115850 1.125750 1.132524 1.138393 1.144529 1.151132 1.157434 1.161077 1.157365 1.140126 1.105698 1.057561 1.005764 1.005764 0.9584193 0.9536466 1.025871 1.074672 1.074672 1.168867 1.168867 1.284282 1.284282 1.322847 1.386727 1.386727 1.437492 1.437492 1.487562 1.487562 1.487562 1.510883 1.510883 1.522486 1.522486 1.524472 1.524472 1.519393 1.519393 1.509793 1.509793 1.509793 1.497901
