simulation_files/asc/Velocity__x_135.0.asc
NCOLS        79
NROWS        79
XLLCENTER         -1.500000
YLLCENTER         -4.800000
CELLSIZE           0.100
NODATA_VALUE     -9999.0
[rows 0 to 25 of 79, columns 0 to 57 of 79]
-9999.000 -9999.000 -9999.000 -9999.000 -9999.000 -9999.000 -9999.000 -9999.000 -9999.000 -9999.000 -9999.000 -9999.000 -9999.000 -9999.000 -9999.000 0.2043410E-03 0.1317315E-02 0.3371335E-02 0.5391748E-02 0.7209304E-02 0.8730443E-02 0.9910631E-02 0.1074584E-01 0.1126188E-01 0.1149818E-01 0.1148506E-01 0.1114739E-01 0.1010189E-01 0.7308992E-02 0.3489563E-02 0.3489563E-02 -9999.000 -9999.000 -9999.000 -9999.000 -9999.000 -9999.000 -9999.000 -9999.000 -9999.000 -9999.000 -9999.000 -9999.000 -9999.000 -9999.000 -9999.000 -9999.000 -9999.000 -9999.000 -9999.000 -9999.000 -9999.000 -9999.000 -9999.000 -9999.000 -9999.000 -9999.000 -9999.000
-9999.000 -9999.000 -9999.000 -9999.000 -9999.000 -9999.000 -9999.000 -9999.000 -9999.000 -9999.000 -9999.000 -9999.000 -9999.000 -9999.000 -9999.000 0.1061547E-02 0.3098513E-02 0.6118049E-02 0.9069004E-02 0.1173782E-01 0.1398411E-01 0.1572086E-01 0.1690678E-01 0.1753480E-01 0.1761462E-01 0.1714787E-01 0.1604005E-01 0.1392341E-01 0.9869904E-02 0.4778231E-02 0.4778231E-02 -9999.000 -9999.000 -9999.000 -9999.000 -9999.000 -9999.000 -9999.000 -9999.000 -9999.000 -9999.000 -9999.000 -9999.000 -9999.000 -9999.000 -9999.000 -9999.000 -9999.000 -9999.000 -9999.000 -9999.000 -9999.000 -9999.000 -9999.000 -9999.000 -9999.000 -9999.000 -9999.000
-9999.000 -9999.000 -9999.000 -9999.000 -9999.000 -9999.000 -9999.000 -9999.000 -9999.000 -9999.000 -9999.000 -9999.000 -9999.000 -9999.000 -9999.000 0.1616749E-02 0.4287766E-02 0.8009799E-02 0.1160995E-01 0.1484801E-01 0.1755957E-01 0.1963627E-01 0.2102044E-01 0.2169384E-01 0.2165982E-01 0.2092033E-01 0.1938337E-01 0.1667572E-01 0.1183563E-01 0.5790242E-02 0.5790242E-02 -9999.000 -9999.000 -9999.000 -9999.000 -9999.000 -9999.000 -9999.000 -9999.000 -9999.000 -9999.000 -9999.000 -9999.000 -9999.000 -9999.000 -9999.000 -9999.000 -9999.000 -9999.000 -9999.000 -9999.000 -9999.000 -9999.000 -9999.000 -9999.000 -9999.000 -9999.000 -9999.000
-9999.000 -9999.000 -9999.000 -9999.000 -9999.000 -9999.000 -9999.000 -9999.000 -9999.000 -9999.000 -9999.000 -9999.000 -9999.000 -9999.000 -9999.000 0.2019084E-02 0.5151764E-02 0.9385997E-02 0.1346109E-01 0.1711641E-01 0.2016999E-01 0.2250024E-01 0.2404021E-01 0.2476724E-01 0.2468294E-01 0.2379164E-01 0.2199968E-01 0.1891559E-01 0.1351407E-01 0.6682324E-02 0.6682324E-02 -9999.000 -9999.000 -9999.000 -9999.000 -9999.000 -9999.000 -9999.000 -9999.000 -9999.000 -9999.000 -9999.000 -9999.000 -9999.000 -9999.000 -9999.000 -9999.000 -9999.000 -9999.000 -9999.000 -9999.000 -9999.000 -9999.000 -9999.000 -9999.000 -9999.000 -9999.000 -9999.000
-9999.000 -9999.000 -9999.000 -9999.000 -9999.000 -9999.000 -9999.000 -9999.000 -9999.000 -9999.000 -9999.000 -9999.000 -9999.000 -9999.000 -9999.000 0.2344361E-02 0.5847649E-02 0.1049149E-01 0.1494905E-01 0.1894454E-01 0.2228287E-01 0.2483228E-01 0.2651994E-01 0.2732045E-01 0.2723530E-01 0.2626980E-01 0.2432545E-01 0.2098255E-01 0.1513237E-01 0.7567479E-02 0.7567479E-02 -9999.000 -9999.000 -9999.000 -9999.000 -9999.000 -9999.000 -9999.000 -9999.000 -9999.000 -9999.000 -9999.000 -9999.000 -9999.000 -9999.000 -9999.000 -9999.000 -9999.000 -9999.000 -9999.000 -9999.000 -9999.000 -9999.000 -9999.000 -9999.000 -9999.000 -9999.000 -9999.000
-9999.000 -9999.000 -9999.000 -9999.000 -9999.000 -9999.000 -9999.000 -9999.000 -9999.000 -9999.000 -9999.000 -9999.000 -9999.000 -9999.000 -9999.000 0.2639798E-02 0.6474525E-02 0.1148004E-01 0.1627809E-01 0.2058109E-01 0.2418234E-01 0.2694250E-01 0.2878412E-01 0.2968037E-01 0.2963268E-01 0.2864714E-01 0.2661715E-01 0.2308619E-01 0.1684102E-01 0.8524093E-02 0.8524093E-02 -9999.000 -9999.000 -9999.000 -9999.000 -9999.000 -9999.000 -9999.000 -9999.000 -9999.000 -9999.000 -9999.000 -9999.000 -9999.000 -9999.000 -9999.000 -9999.000 -9999.000 -9999.000 -9999.000 -9999.000 -9999.000 -9999.000 -9999.000 -9999.000 -9999.000 -9999.000 -9999.000
-9999.000 -9999.000 -9999.000 -9999.000 -9999.000 -9999.000 -9999.000 -9999.000 -9999.000 -9999.000 -9999.000 -9999.000 -9999.000 -9999.000 -9999.000 0.2934397E-02 0.7094048E-02 0.1244749E-01 0.1757492E-01 0.2217867E-01 0.2604254E-01 0.2902055E-01 0.3103182E-01 0.3204867E-01 0.3207316E-01 0.3111164E-01 0.2904652E-01 0.2537586E-01 0.1875783E-01 0.9618145E-02 0.9618145E-02 -9999.000 -9999.000 -9999.000 -9999.000 -9999.000 -9999.000 -9999.000 -9999.000 -9999.000 -9999.000 -9999.000 -9999.000 -9999.000 -9999.000 -9999.000 -9999.000 -9999.000 -9999.000 -9999.000 -9999.000 -9999.000 -9999.000 -9999.000 -9999.000 -9999.000 -9999.000 -9999.000
-9999.000 -9999.000 -9999.000 -9999.000 -9999.000 -9999.000 -9999.000 -9999.000 -9999.000 -9999.000 -9999.000 -9999.000 -9999.000 -9999.000 -9999.000 0.3247112E-02 0.7745308E-02 0.1345557E-01 0.1892113E-01 0.2383734E-01 0.2797869E-01 0.3119328E-01 0.3339792E-01 0.3456547E-01 0.3469873E-01 0.3380433E-01 0.3175100E-01 0.2798138E-01 0.2099704E-01 0.1091805E-01 0.1091805E-01 -9999.000 -9999.000 -9999.000 -9999.000 -9999.000 -9999.000 -9999.000 -9999.000 -9999.000 -9999.000 -9999.000 -9999.000 -9999.000 -9999.000 -9999.000 -9999.000 -9999.000 -9999.000 -9999.000 -9999.000 -9999.000 -9999.000 -9999.000 -9999.000 -9999.000 -9999.000 -9999.000
-9999.000 -9999.000 -9999.000 -9999.000 -9999.000 -9999.000 -9999.000 -9999.000 -9999.000 -9999.000 -9999.000 -9999.000 -9999.000 -9999.000 -9999.000 0.3592266E-02 0.8458495E-02 0.1455103E-01 0.2037916E-01 0.2563285E-01 0.3007861E-01 0.3355951E-01 0.3599126E-01 0.3734819E-01 0.3763406E-01 0.3685676E-01 0.3486822E-01 0.3104332E-01 0.2369292E-01 0.1250792E-01 0.1250792E-01 -9999.000 -9999.000 -9999.000 -9999.000 -9999.000 -9999.000 -9999.000 -9999.000 -9999.000 -9999.000 -9999.000 -9999.000 -9999.000 -9999.000 -9999.000 -9999.000 -9999.000 -9999.000 -9999.000 -9999.000 -9999.000 -9999.000 -9999.000 -9999.000 -9999.000 -9999.000 -9999.000
-9999.000 -9999.000 -9999.000 -9999.000 -9999.000 -9999.000 -9999.000 -9999.000 -9999.000 -9999.000 -9999.000 -9999.000 -9999.000 -9999.000 -9999.000 0.3982320E-02 0.9260016E-02 0.1577518E-01 0.2200473E-01 0.2763514E-01 0.3242556E-01 0.3621540E-01 0.3892025E-01 0.4051751E-01 0.4101354E-01 0.4041786E-01 0.3856192E-01 0.3473829E-01 0.2702455E-01 0.1450377E-01 0.1450377E-01 -9999.000 -9999.000 -9999.000 -9999.000 -9999.000 -9999.000 -9999.000 -9999.000 -9999.000 -9999.000 -9999.000 -9999.000 -9999.000 -9999.000 -9999.000 -9999.000 -9999.000 -9999.000 -9999.000 -9999.000 -9999.000 -9999.000 -9999.000 -9999.000 -9999.000 -9999.000 -9999.000
-9999.000 -9999.000 -9999.000 -9999.000 -9999.000 -9999.000 -9999.000 -9999.000 -9999.000 -9999.000 -9999.000 -9999.000 -9999.000 -9999.000 -9999.000 0.4430526E-02 0.1017855E-01 0.1717444E-01 0.2386171E-01 0.2992469E-01 0.3511645E-01 0.3927416E-01 0.4231567E-01 0.4422360E-01 0.4500830E-01 0.4468241E-01 0.4305309E-01 0.3931250E-01 0.3125080E-01 0.1707597E-01 0.1707597E-01 -9999.000 -9999.000 -9999.000 -9999.000 -9999.000 -9999.000 -9999.000 -9999.000 -9999.000 -9999.000 -9999.000 -9999.000 -9999.000 -9999.000 -9999.000 -9999.000 -9999.000 -9999.000 -9999.000 -9999.000 -9999.000 -9999.000 -9999.000 -9999.000 -9999.000 -9999.000 -9999.000
-9999.000 -9999.000 -9999.000 -9999.000 -9999.000 -9999.000 -9999.000 -9999.000 -9999.000 -9999.000 -9999.000 -9999.000 -9999.000 -9999.000 -9999.000 0.4953996E-02 0.1125146E-01 0.1880996E-01 0.2603458E-01 0.3260954E-01 0.3828292E-01 0.4289224E-01 0.4636020E-01 0.4867793E-01 0.4986336E-01 0.4993413E-01 0.4866862E-01 0.4513613E-01 0.3676984E-01 0.2048944E-01 0.2048944E-01 -9999.000 -9999.000 -9999.000 -9999.000 -9999.000 -9999.000 -9999.000 -9999.000 -9999.000 -9999.000 -9999.000 -9999.000 -9999.000 -9999.000 -9999.000 -9999.000 -9999.000 -9999.000 -9999.000 -9999.000 -9999.000 -9999.000 -9999.000 -9999.000 -9999.000 -9999.000 -9999.000
-9999.000 -9999.000 -9999.000 -9999.000 -9999.000 -9999.000 -9999.000 -9999.000 -9999.000 -9999.000 -9999.000 -9999.000 -9999.000 -9999.000 -9999.000 0.5577946E-02 0.1253354E-01 0.2077203E-01 0.2865031E-01 0.3585287E-01 0.4212502E-01 0.4730754E-01 0.5133301E-01 0.5420638E-01 0.5595811E-01 0.5661551E-01 0.5592343E-01 0.5279968E-01 0.4422979E-01 0.2517911E-01 0.2517911E-01 -9999.000 -9999.000 -9999.000 -9999.000 -9999.000 -9999.000 -9999.000 -9999.000 -9999.000 -9999.000 -9999.000 -9999.000 -9999.000 -9999.000 -9999.000 -9999.000 -9999.000 -9999.000 -9999.000 -9999.000 -9999.000 -9999.000 -9999.000 -9999.000 -9999.000 -9999.000 -9999.000
-9999.000 -9999.000 -9999.000 -9999.000 -9999.000 -9999.000 -9999.000 -9999.000 -9999.000 -9999.000 -9999.000 -9999.000 -9999.000 -9999.000 -9999.000 0.6407619E-02 0.1423089E-01 0.2336788E-01 0.3209873E-01 0.4011044E-01 0.4715165E-01 0.5307672E-01 0.5783950E-01 0.6147102E-01 0.6402587E-01 0.6555162E-01 0.6575609E-01 0.6337022E-01 0.5480982E-01 0.3196405E-01 0.3196405E-01 -9999.000 -9999.000 -9999.000 -9999.000 -9999.000 -9999.000 -9999.000 -9999.000 -9999.000 -9999.000 -9999.000 -9999.000 -9999.000 -9999.000 -9999.000 -9999.000 -9999.000 -9999.000 -9999.000 -9999.000 -9999.000 -9999.000 -9999.000 -9999.000 -9999.000 -9999.000 -9999.000
-9999.000 -9999.000 -9999.000 -9999.000 -9999.000 -9999.000 -9999.000 -9999.000 -9999.000 -9999.000 -9999.000 -9999.000 -9999.000 -9999.000 -9999.000 0.2115647E-01 0.3519353E-01 0.4889996E-01 0.5945969E-01 0.6737283E-01 0.7307132E-01 0.7696563E-01 0.7943147E-01 0.8078945E-01 0.8125843E-01 0.8096779E-01 0.7953662E-01 0.7549994E-01 0.6477933E-01 0.3355433E-01 0.3355433E-01 -9999.000 -9999.000 -9999.000 -9999.000 -9999.000 -9999.000 -9999.000 -9999.000 -9999.000 -9999.000 -9999.000 -9999.000 -9999.000 -9999.000 -9999.000 -9999.000 -9999.000 -9999.000 -9999.000 -9999.000 -9999.000 -9999.000 -9999.000 -9999.000 -9999.000 -9999.000 -9999.000
2.339475 2.339475 2.383371 2.426702 2.433537 2.433537 2.437889 2.442448 2.442448 2.443646 2.443646 2.442573 2.441359 2.439758 2.437818 2.437818 2.314290 2.285668 2.249213 2.200453 2.136817 2.057133 1.961308 1.850205 1.725852 1.592674 1.457513 1.333024 1.245733 1.252253 1.252253 2.107474 2.256986 2.307657 2.312324 2.312324 2.301739 2.301739 2.224982 2.224982 2.147276 1.695647 1.695647 1.488403 1.488403 1.457165 1.457165 1.457165 1.500857 1.500857 1.551808 1.551808 1.600655 1.600655 1.642534 1.642534 1.674845 1.674845
2.354842 2.354842 2.413601 2.470795 2.487576 2.487576 2.501858 2.526159 2.526159 2.546937 2.546937 2.565293 2.573736 2.581757 2.589397 2.589397 2.527505 2.520911 2.518625 2.514187 2.503417 2.483316 2.451529 2.406203 2.346132 2.267452 2.177818 2.082958 1.999848 1.976547 1.976547 2.452816 2.606874 2.732602 2.760252 2.760252 2.777337 2.777337 2.741895 2.741895 2.698682 2.464580 2.464580 2.232250 2.232250 2.188059 2.188059 2.188059 2.230055 2.230055 2.278637 2.278637 2.326459 2.326459 2.369987 2.369987 2.407017 2.407017
2.358249 2.358249 2.417650 2.471061 2.488007 2.488007 2.502518 2.527318 2.527318 2.548640 2.548640 2.567613 2.576399 2.584782 2.592808 2.592808 2.548716 2.546405 2.554007 2.564050 2.571864 2.574690 2.570619 2.558045 2.535532 2.500417 2.455177 2.402534 2.351974 2.334284 2.334284 2.646717 2.791719 2.943227 2.980701 2.980701 3.003337 3.003337 2.964565 2.964565 2.923805 2.771546 2.771546 2.580893 2.580893 2.510091 2.510091 2.510091 2.540910 2.540910 2.581697 2.581697 2.622860 2.622860 2.660494 2.660494 2.692074 2.692074
2.360963 2.360963 2.420745 2.470992 2.487888 2.487888 2.502444 2.527326 2.527326 2.548671 2.548671 2.567650 2.576440 2.584830 2.592864 2.592864 2.562603 2.563092 2.575401 2.591900 2.607355 2.618921 2.625066 2.624839 2.617505 2.601522 2.578183 2.549499 2.521907 2.516792 2.516792 2.717679 2.852536 3.012640 3.053520 3.053520 3.070780 3.070780 3.021601 3.021601 2.983333 2.883253 2.883253 2.745204 2.745204 2.656187 2.656187 2.656187 2.675486 2.675486 2.710659 2.710659 2.748251 2.748251 2.782612 2.782612 2.811212 2.811212
2.363038 2.363038 2.423086 2.470954 2.487767 2.487767 2.502357 2.527318 2.527318 2.548680 2.548680 2.567653 2.576438 2.584826 2.592858 2.592858 2.576914 2.582303 2.599251 2.620784 2.641562 2.658535 2.670137 2.675608 2.674611 2.666461 2.652197 2.633833 2.616483 2.615698 2.615698 2.749000 2.867143 3.018906 3.053500 3.053500 3.050895 3.050895 2.996273 2.996273 2.968418 2.916185 2.916185 2.835282 2.835282 2.744218 2.744218 2.744218 2.749531 2.749531 2.776828 2.776828 2.809943 2.809943 2.841160 2.841160 2.867219 2.867219
2.364498 2.364498 2.424725 2.470942 2.487668 2.487668 2.502280 2.527309 2.527309 2.548688 2.548688 2.567654 2.576437 2.584822 2.592853 2.592853 2.592128 2.604599 2.626948 2.653166 2.678404 2.699681 2.715372 2.724684 2.727329 2.723005 2.712551 2.697902 2.683429 2.680903 2.680903 2.768180 2.864292 2.986059 3.001945 3.001945 2.972716 2.972716 2.932316 2.932316 2.923283 2.915677 2.915677 2.884607 2.884607 2.809198 2.809198 2.809198 2.801817 2.801817 2.818956 2.818956 2.845695 2.845695 2.872761 2.872761 2.895639 2.895639
2.365365 2.365365 2.425694 2.470941 2.487604 2.487604 2.502227 2.527303 2.527303 2.548693 2.548693 2.567657 2.576437 2.584821 2.592850 2.592850 2.609017 2.630379 2.659004 2.689820 2.718871 2.743601 2.762514 2.774803 2.780136 2.778312 2.769902 2.756532 2.741833 2.734693 2.734693 2.787071 2.854859 2.915891 2.902742 2.902742 2.861953 2.861953 2.859928 2.859928 2.872189 2.900875 2.900875 2.907469 2.907469 2.859784 2.859784 2.859784 2.845193 2.845193 2.851941 2.851941 2.870565 2.870565 2.891898 2.891898 2.910464 2.910464
2.365653 2.365653 2.426016 2.470942 2.487582 2.487582 2.502209 2.527301 2.527301 2.548695 2.548695 2.567658 2.576437 2.584821 2.592850 2.592850 2.628827 2.660457 2.696059 2.731420 2.763673 2.790970 2.812164 2.826579 2.833879 2.833874 2.826879 2.814084 2.798266 2.785534 2.785534 2.808135 2.836583 2.799195 2.762157 2.762157 2.747937 2.747937 2.794681 2.794681 2.824436 2.879099 2.879099 2.912287 2.912287 2.896669 2.896669 2.896669 2.882036 2.882036 2.880617 2.880617 2.890346 2.890346 2.904441 2.904441 2.917410 2.917410
2.365365 2.365365 2.425695 2.470941 2.487604 2.487604 2.502227 2.527303 2.527303 2.548693 2.548693 2.567657 2.576438 2.584821 2.592852 2.592852 2.653302 2.696143 2.739041 2.778709 2.813463 2.842339 2.864729 2.880244 2.888646 2.889771 2.883740 2.871302 2.854244 2.835126 2.835126 2.825862 2.791642 2.635066 2.605153 2.605153 2.652583 2.652583 2.739489 2.739489 2.780918 2.853151 2.853151 2.904919 2.904919 2.919769 2.919769 2.919769 2.911133 2.911133 2.905331 2.905331 2.906734 2.906734 2.912608 2.912608 2.918822 2.918822
2.364498 2.364498 2.424725 2.470941 2.487667 2.487667 2.502279 2.527309 2.527309 2.548688 2.548688 2.567655 2.576437 2.584823 2.592853 2.592853 2.684825 2.739319 2.789239 2.832552 2.868840 2.898114 2.920444 2.935848 2.944291 2.945684 2.940041 2.927715 2.909182 2.880521 2.880521 2.821777 2.682843 2.453357 2.468892 2.468892 2.579270 2.579270 2.690899 2.690899 2.739506 2.823883 2.823883 2.888829 2.888829 2.929446 2.929446 2.929446 2.930245 2.930245 2.924002 2.924002 2.918805 2.918805 2.916289 2.916289 2.914990 2.914990
2.363037 2.363037 2.423086 2.470954 2.487767 2.487767 2.502357 2.527319 2.527319 2.548681 2.548681 2.567653 2.576439 2.584827 2.592859 2.592859 2.726691 2.792543 2.848337 2.893914 2.930266 2.958438 2.979226 2.993124 3.000370 3.001004 2.995001 2.982324 2.960918 2.910449 2.910449 2.750130 2.471689 2.307008 2.366333 2.366333 2.517706 2.517706 2.643350 2.643350 2.696540 2.789991 2.789991 2.864507 2.864507 2.925422 2.925422 2.925422 2.936536 2.936536 2.932802 2.932802 2.923264 2.923264 2.913044 2.913044 2.904117 2.904117
