simulation_files/asc/Velocity__y_304.0.asc
NCOLS        79
NROWS        79
XLLCENTER         -1.500000
YLLCENTER         -4.800000
CELLSIZE           0.100
NODATA_VALUE     -9999.0
[rows 0 to 26 of 79, columns 0 to 58 of 79]
-9999.000 -9999.000 -9999.000 -9999.000 -9999.000 -9999.000 -9999.000 -9999.000 -9999.000 -9999.000 -9999.000 -9999.000 -9999.000 -9999.000 -9999.000 -0.9591384E-01 -0.9368759E-01 -0.9310167E-01 -0.9332516E-01 -0.9382377E-01 -0.9440093E-01 -0.9501037E-01 -0.9558624E-01 -0.9610358E-01 -0.9657358E-01 -0.9699367E-01 -0.9740866E-01 -0.9801739E-01 -0.9943034E-01 -0.1007710 -0.1007710 -9999.000 -9999.000 -9999.000 -9999.000 -9999.000 -9999.000 -9999.000 -9999.000 -9999.000 -9999.000 -9999.000 -9999.000 -9999.000 -9999.000 -9999.000 -9999.000 -9999.000 -9999.000 -9999.000 -9999.000 -9999.000 -9999.000 -9999.000 -9999.000 -9999.000 -9999.000 -9999.000 -9999.000
-9999.000 -9999.000 -9999.000 -9999.000 -9999.000 -9999.000 -9999.000 -9999.000 -9999.000 -9999.000 -9999.000 -9999.000 -9999.000 -9999.000 -9999.000 -0.9485430E-01 -0.9026061E-01 -0.8902739E-01 -0.8954130E-01 -0.9067723E-01 -0.9201198E-01 -0.9344044E-01 -0.9481399E-01 -0.9607325E-01 -0.9723558E-01 -0.9829089E-01 -0.9932972E-01 -0.1007665 -0.1038738 -0.1071313 -0.1071313 -9999.000 -9999.000 -9999.000 -9999.000 -9999.000 -9999.000 -9999.000 -9999.000 -9999.000 -9999.000 -9999.000 -9999.000 -9999.000 -9999.000 -9999.000 -9999.000 -9999.000 -9999.000 -9999.000 -9999.000 -9999.000 -9999.000 -9999.000 -9999.000 -9999.000 -9999.000 -9999.000 -9999.000
-9999.000 -9999.000 -9999.000 -9999.000 -9999.000 -9999.000 -9999.000 -9999.000 -9999.000 -9999.000 -9999.000 -9999.000 -9999.000 -9999.000 -9999.000 -0.9246155E-01 -0.8538212E-01 -0.8344297E-01 -0.8437376E-01 -0.8637361E-01 -0.8875351E-01 -0.9133100E-01 -0.9385192E-01 -0.9620702E-01 -0.9841148E-01 -0.1004377 -0.1024212 -0.1050162 -0.1102487 -0.1161989 -0.1161989 -9999.000 -9999.000 -9999.000 -9999.000 -9999.000 -9999.000 -9999.000 -9999.000 -9999.000 -9999.000 -9999.000 -9999.000 -9999.000 -9999.000 -9999.000 -9999.000 -9999.000 -9999.000 -9999.000 -9999.000 -9999.000 -9999.000 -9999.000 -9999.000 -9999.000 -9999.000 -9999.000 -9999.000
-9999.000 -9999.000 -9999.000 -9999.000 -9999.000 -9999.000 -9999.000 -9999.000 -9999.000 -9999.000 -9999.000 -9999.000 -9999.000 -9999.000 -9999.000 -0.8941974E-01 -0.7994369E-01 -0.7732304E-01 -0.7873427E-01 -0.8168148E-01 -0.8520417E-01 -0.8904093E-01 -0.9282552E-01 -0.9639531E-01 -0.9976025E-01 -0.1028691 -0.1058998 -0.1097552 -0.1172533 -0.1264172 -0.1264172 -9999.000 -9999.000 -9999.000 -9999.000 -9999.000 -9999.000 -9999.000 -9999.000 -9999.000 -9999.000 -9999.000 -9999.000 -9999.000 -9999.000 -9999.000 -9999.000 -9999.000 -9999.000 -9999.000 -9999.000 -9999.000 -9999.000 -9999.000 -9999.000 -9999.000 -9999.000 -9999.000 -9999.000
-9999.000 -9999.000 -9999.000 -9999.000 -9999.000 -9999.000 -9999.000 -9999.000 -9999.000 -9999.000 -9999.000 -9999.000 -9999.000 -9999.000 -9999.000 -0.8595948E-01 -0.7413490E-01 -0.7084126E-01 -0.7277444E-01 -0.7672325E-01 -0.8145047E-01 -0.8661617E-01 -0.9173580E-01 -0.9659228E-01 -0.1011894 -0.1054488 -0.1095927 -0.1147863 -0.1246916 -0.1376346 -0.1376346 -9999.000 -9999.000 -9999.000 -9999.000 -9999.000 -9999.000 -9999.000 -9999.000 -9999.000 -9999.000 -9999.000 -9999.000 -9999.000 -9999.000 -9999.000 -9999.000 -9999.000 -9999.000 -9999.000 -9999.000 -9999.000 -9999.000 -9999.000 -9999.000 -9999.000 -9999.000 -9999.000 -9999.000
-9999.000 -9999.000 -9999.000 -9999.000 -9999.000 -9999.000 -9999.000 -9999.000 -9999.000 -9999.000 -9999.000 -9999.000 -9999.000 -9999.000 -9999.000 -0.8216242E-01 -0.6802975E-01 -0.6406879E-01 -0.6655737E-01 -0.7154927E-01 -0.7752636E-01 -0.8407208E-01 -0.9057755E-01 -0.9677071E-01 -0.1026511 -0.1081096 -0.1134166 -0.1200183 -0.1324850 -0.1498676 -0.1498676 -9999.000 -9999.000 -9999.000 -9999.000 -9999.000 -9999.000 -9999.000 -9999.000 -9999.000 -9999.000 -9999.000 -9999.000 -9999.000 -9999.000 -9999.000 -9999.000 -9999.000 -9999.000 -9999.000 -9999.000 -9999.000 -9999.000 -9999.000 -9999.000 -9999.000 -9999.000 -9999.000 -9999.000
-9999.000 -9999.000 -9999.000 -9999.000 -9999.000 -9999.000 -9999.000 -9999.000 -9999.000 -9999.000 -9999.000 -9999.000 -9999.000 -9999.000 -9999.000 -0.7804036E-01 -0.6164685E-01 -0.5702689E-01 -0.6010380E-01 -0.6617516E-01 -0.7344010E-01 -0.8140910E-01 -0.8934124E-01 -0.9691126E-01 -0.1041163 -0.1108130 -0.1173257 -0.1254058 -0.1406098 -0.1632341 -0.1632341 -9999.000 -9999.000 -9999.000 -9999.000 -9999.000 -9999.000 -9999.000 -9999.000 -9999.000 -9999.000 -9999.000 -9999.000 -9999.000 -9999.000 -9999.000 -9999.000 -9999.000 -9999.000 -9999.000 -9999.000 -9999.000 -9999.000 -9999.000 -9999.000 -9999.000 -9999.000 -9999.000 -9999.000
-9999.000 -9999.000 -9999.000 -9999.000 -9999.000 -9999.000 -9999.000 -9999.000 -9999.000 -9999.000 -9999.000 -9999.000 -9999.000 -9999.000 -9999.000 -0.7357048E-01 -0.5497728E-01 -0.4971138E-01 -0.5341220E-01 -0.6059891E-01 -0.6918699E-01 -0.7861889E-01 -0.8801385E-01 -0.9699561E-01 -0.1055615 -0.1135306 -0.1212885 -0.1309208 -0.1490657 -0.1779293 -0.1779293 -9999.000 -9999.000 -9999.000 -9999.000 -9999.000 -9999.000 -9999.000 -9999.000 -9999.000 -9999.000 -9999.000 -9999.000 -9999.000 -9999.000 -9999.000 -9999.000 -9999.000 -9999.000 -9999.000 -9999.000 -9999.000 -9999.000 -9999.000 -9999.000 -9999.000 -9999.000 -9999.000 -9999.000
-9999.000 -9999.000 -9999.000 -9999.000 -9999.000 -9999.000 -9999.000 -9999.000 -9999.000 -9999.000 -9999.000 -9999.000 -9999.000 -9999.000 -9999.000 -0.6871018E-01 -0.4799679E-01 -0.4210496E-01 -0.4646949E-01 -0.5480841E-01 -0.6475352E-01 -0.7568668E-01 -0.8657741E-01 -0.9700192E-01 -0.1069622 -0.1162344 -0.1252750 -0.1365396 -0.1578630 -0.1942259 -0.1942259 -9999.000 -9999.000 -9999.000 -9999.000 -9999.000 -9999.000 -9999.000 -9999.000 -9999.000 -9999.000 -9999.000 -9999.000 -9999.000 -9999.000 -9999.000 -9999.000 -9999.000 -9999.000 -9999.000 -9999.000 -9999.000 -9999.000 -9999.000 -9999.000 -9999.000 -9999.000 -9999.000 -9999.000
-9999.000 -9999.000 -9999.000 -9999.000 -9999.000 -9999.000 -9999.000 -9999.000 -9999.000 -9999.000 -9999.000 -9999.000 -9999.000 -9999.000 -9999.000 -0.6340391E-01 -0.4067030E-01 -0.3417964E-01 -0.3925372E-01 -0.4878290E-01 -0.6011865E-01 -0.7259092E-01 -0.8500776E-01 -0.9690297E-01 -0.1082882 -0.1188906 -0.1292493 -0.1422338 -0.1670144 -0.2124922 -0.2124922 -9999.000 -9999.000 -9999.000 -9999.000 -9999.000 -9999.000 -9999.000 -9999.000 -9999.000 -9999.000 -9999.000 -9999.000 -9999.000 -9999.000 -9999.000 -9999.000 -9999.000 -9999.000 -9999.000 -9999.000 -9999.000 -9999.000 -9999.000 -9999.000 -9999.000 -9999.000 -9999.000 -9999.000
-9999.000 -9999.000 -9999.000 -9999.000 -9999.000 -9999.000 -9999.000 -9999.000 -9999.000 -9999.000 -9999.000 -9999.000 -9999.000 -9999.000 -9999.000 -0.5758282E-01 -0.3295217E-01 -0.2589810E-01 -0.3173407E-01 -0.4249380E-01 -0.5525348E-01 -0.6930233E-01 -0.8327245E-01 -0.9666279E-01 -0.1094996 -0.1214541 -0.1331632 -0.1479632 -0.1765285 -0.2332270 -0.2332270 -9999.000 -9999.000 -9999.000 -9999.000 -9999.000 -9999.000 -9999.000 -9999.000 -9999.000 -9999.000 -9999.000 -9999.000 -9999.000 -9999.000 -9999.000 -9999.000 -9999.000 -9999.000 -9999.000 -9999.000 -9999.000 -9999.000 -9999.000 -9999.000 -9999.000 -9999.000 -9999.000 -9999.000
-9999.000 -9999.000 -9999.000 -9999.000 -9999.000 -9999.000 -9999.000 -9999.000 -9999.000 -9999.000 -9999.000 -9999.000 -9999.000 -9999.000 -9999.000 -0.5116354E-01 -0.2478428E-01 -0.1721131E-01 -0.2386881E-01 -0.3590166E-01 -0.5011831E-01 -0.6578024E-01 -0.8132719E-01 -0.9623184E-01 -0.1105419 -0.1238628 -0.1369489 -0.1536679 -0.1864033 -0.2571182 -0.2571182 -9999.000 -9999.000 -9999.000 -9999.000 -9999.000 -9999.000 -9999.000 -9999.000 -9999.000 -9999.000 -9999.000 -9999.000 -9999.000 -9999.000 -9999.000 -9999.000 -9999.000 -9999.000 -9999.000 -9999.000 -9999.000 -9999.000 -9999.000 -9999.000 -9999.000 -9999.000 -9999.000 -9999.000
-9999.000 -9999.000 -9999.000 -9999.000 -9999.000 -9999.000 -9999.000 -9999.000 -9999.000 -9999.000 -9999.000 -9999.000 -9999.000 -9999.000 -9999.000 -0.4404178E-01 -0.1609075E-01 -0.8053250E-02 -0.1560128E-01 -0.2895241E-01 -0.4465780E-01 -0.6196830E-01 -0.7910983E-01 -0.9554029E-01 -0.1113371 -0.1260278 -0.1405077 -0.1592561 -0.1966160 -0.2851398 -0.2851398 -9999.000 -9999.000 -9999.000 -9999.000 -9999.000 -9999.000 -9999.000 -9999.000 -9999.000 -9999.000 -9999.000 -9999.000 -9999.000 -9999.000 -9999.000 -9999.000 -9999.000 -9999.000 -9999.000 -9999.000 -9999.000 -9999.000 -9999.000 -9999.000 -9999.000 -9999.000 -9999.000 -9999.000
-9999.000 -9999.000 -9999.000 -9999.000 -9999.000 -9999.000 -9999.000 -9999.000 -9999.000 -9999.000 -9999.000 -9999.000 -9999.000 -9999.000 -9999.000 -0.3587672E-01 -0.6639234E-02 0.1711378E-02 -0.6871310E-02 -0.2160277E-01 -0.3883433E-01 -0.5782730E-01 -0.7656998E-01 -0.9452258E-01 -0.1118022 -0.1278425 -0.1437123 -0.1646009 -0.2071203 -0.3187507 -0.3187507 -9999.000 -9999.000 -9999.000 -9999.000 -9999.000 -9999.000 -9999.000 -9999.000 -9999.000 -9999.000 -9999.000 -9999.000 -9999.000 -9999.000 -9999.000 -9999.000 -9999.000 -9999.000 -9999.000 -9999.000 -9999.000 -9999.000 -9999.000 -9999.000 -9999.000 -9999.000 -9999.000 -9999.000
-9999.000 -9999.000 -9999.000 -9999.000 -9999.000 -9999.000 -9999.000 -9999.000 -9999.000 -9999.000 -9999.000 -9999.000 -9999.000 -9999.000 -9999.000 -0.1381022E-02 0.1106171E-01 0.1010520E-01 -0.3277662E-02 -0.1906692E-01 -0.3730116E-01 -0.5735157E-01 -0.7700857E-01 -0.9581406E-01 -0.1139607 -0.1307840 -0.1475642 -0.1702732 -0.2179996 -0.3578075 -0.3578075 -9999.000 -9999.000 -9999.000 -9999.000 -9999.000 -9999.000 -9999.000 -9999.000 -9999.000 -9999.000 -9999.000 -9999.000 -9999.000 -9999.000 -9999.000 -9999.000 -9999.000 -9999.000 -9999.000 -9999.000 -9999.000 -9999.000 -9999.000 -9999.000 -9999.000 -9999.000 -9999.000 -9999.000
-0.4425712E-02 -0.4425712E-02 -0.5269893E-02 -0.6609292E-02 -0.6483381E-02 -0.6483381E-02 -0.6399586E-02 -0.6301593E-02 -0.6301593E-02 -0.6265326E-02 -0.6265326E-02 -0.6239564E-02 -0.6225811E-02 -0.6211414E-02 -0.6199143E-02 -0.6199143E-02 0.2119034E-01 0.1544393E-01 0.5606047E-03 -0.1989577E-01 -0.4485444E-01 -0.7314017E-01 -0.1030496 -0.1331638 -0.1624814 -0.1899993 -0.2154565 -0.2408131 -0.2744382 -0.3572885 -0.3572885 -0.1961800 -0.1042767 -0.3509188E-01 -0.2595649E-01 -0.2595649E-01 -0.1877418E-01 -0.1877418E-01 -0.5696294E-02 -0.5696294E-02 0.5503631E-02 0.2702198E-01 0.2702198E-01 -0.1250744E-03 -0.1250744E-03 -0.3360725E-02 -0.3360725E-02 -0.3360725E-02 0.8839262E-03 0.8839262E-03 0.1499118E-02 0.1499118E-02 0.4641670E-03 0.4641670E-03 -0.8812080E-03 -0.8812080E-03 -0.2139970E-02 -0.2139970E-02 -0.2139970E-02
-0.6829492E-02 -0.6829492E-02 -0.7424100E-02 -0.9386585E-02 -0.9141033E-02 -0.9141033E-02 -0.9002260E-02 -0.8870636E-02 -0.8870636E-02 -0.8835588E-02 -0.8835588E-02 -0.8820198E-02 -0.8812672E-02 -0.8804365E-02 -0.8807855E-02 -0.8807855E-02 0.1696162E-01 0.1146227E-01 -0.4439409E-02 -0.3027163E-01 -0.6394813E-01 -0.1035471 -0.1474185 -0.1936682 -0.2403766 -0.2858934 -0.3285363 -0.3665408 -0.3979283 -0.4219238 -0.4219238 -0.2843366 -0.1876531 -0.9611960E-01 -0.7790393E-01 -0.7790393E-01 -0.5288095E-01 -0.5288095E-01 -0.8597717E-02 -0.8597717E-02 0.2470252E-01 0.8676609E-01 0.8676609E-01 0.5731375E-01 0.5731375E-01 0.1182246E-01 0.1182246E-01 0.1182246E-01 0.6564860E-02 0.6564860E-02 0.2568088E-02 0.2568088E-02 -0.1494198E-02 -0.1494198E-02 -0.5084953E-02 -0.5084953E-02 -0.7842432E-02 -0.7842432E-02 -0.7842432E-02
-0.5663250E-02 -0.5663250E-02 -0.5646026E-02 -0.7842873E-02 -0.7698263E-02 -0.7698263E-02 -0.7596700E-02 -0.7510995E-02 -0.7510995E-02 -0.7497901E-02 -0.7497901E-02 -0.7502126E-02 -0.7505864E-02 -0.7508687E-02 -0.7542317E-02 -0.7542317E-02 0.9841481E-02 0.4073959E-02 -0.1218720E-01 -0.3857275E-01 -0.7361137E-01 -0.1157164 -0.1635030 -0.2154775 -0.2700233 -0.3255861 -0.3804631 -0.4325895 -0.4791173 -0.5125935 -0.5125935 -0.4221204 -0.3376886 -0.2220895 -0.1843603 -0.1843603 -0.1141007 -0.1141007 -0.9634282E-02 -0.9634282E-02 0.5617112E-01 0.1685203 0.1685203 0.1692901 0.1692901 0.5639683E-01 0.5639683E-01 0.5639683E-01 0.2172405E-01 0.2172405E-01 0.3611599E-02 0.3611599E-02 -0.7440302E-02 -0.7440302E-02 -0.1477237E-01 -0.1477237E-01 -0.1920887E-01 -0.1920887E-01 -0.1920887E-01
-0.4477026E-02 -0.4477026E-02 -0.3973202E-02 -0.6405367E-02 -0.6209411E-02 -0.6209411E-02 -0.6099385E-02 -0.6028786E-02 -0.6028786E-02 -0.6013665E-02 -0.6013665E-02 -0.6007552E-02 -0.6006007E-02 -0.6004632E-02 -0.6058136E-02 -0.6058136E-02 0.2459524E-02 -0.5357054E-02 -0.2308355E-01 -0.5039904E-01 -0.8623956E-01 -0.1293132 -0.1784223 -0.2323653 -0.2898752 -0.3497073 -0.4104922 -0.4704627 -0.5268999 -0.5723464 -0.5723464 -0.5278934 -0.4667912 -0.3525217 -0.2999220 -0.2999220 -0.1739897 -0.1739897 0.2521192E-02 0.2521192E-02 0.9540058E-01 0.2335676 0.2335676 0.2552761 0.2552761 0.1110394 0.1110394 0.1110394 0.4387091E-01 0.4387091E-01 0.6407486E-02 0.6407486E-02 -0.1474265E-01 -0.1474265E-01 -0.2697689E-01 -0.2697689E-01 -0.3314406E-01 -0.3314406E-01 -0.3314406E-01
-0.3219799E-02 -0.3219799E-02 -0.2571413E-02 -0.4984645E-02 -0.4735361E-02 -0.4735361E-02 -0.4612223E-02 -0.4538532E-02 -0.4538532E-02 -0.4509663E-02 -0.4509663E-02 -0.4491825E-02 -0.4487288E-02 -0.4485406E-02 -0.4568578E-02 -0.4568578E-02 -0.5197239E-02 -0.1672991E-01 -0.3734569E-01 -0.6671468E-01 -0.1040177 -0.1482245 -0.1983218 -0.2533114 -0.3121649 -0.3738656 -0.4373261 -0.5011531 -0.5631018 -0.6169078 -0.6169078 -0.6077694 -0.5712279 -0.4676439 -0.3997378 -0.3997378 -0.2061012 -0.2061012 0.3216096E-01 0.3216096E-01 0.1353935 0.2706627 0.2706627 0.3011227 0.3011227 0.1614785 0.1614785 0.1614785 0.7041832E-01 0.7041832E-01 0.1305025E-01 0.1305025E-01 -0.2017518E-01 -0.2017518E-01 -0.3853794E-01 -0.3853794E-01 -0.4684879E-01 -0.4684879E-01 -0.4684879E-01
-0.2081618E-02 -0.2081618E-02 -0.1366921E-02 -0.3483849E-02 -0.3240812E-02 -0.3240812E-02 -0.3118040E-02 -0.3027143E-02 -0.3027143E-02 -0.2987609E-02 -0.2987609E-02 -0.2973369E-02 -0.2973194E-02 -0.2975662E-02 -0.3100060E-02 -0.3100060E-02 -0.1355192E-01 -0.3033993E-01 -0.5537624E-01 -0.8814018E-01 -0.1278969 -0.1738187 -0.2250985 -0.2809540 -0.3405864 -0.4031861 -0.4678840 -0.5335816 -0.5984889 -0.6576409 -0.6576409 -0.6730799 -0.6571389 -0.5566477 -0.4631173 -0.4631173 -0.1934461 -0.1934461 0.6878892E-01 0.6878892E-01 0.1633697 0.2783940 0.2783940 0.3116276 0.3116276 0.1987340 0.1987340 0.1987340 0.9767342E-01 0.9767342E-01 0.2383738E-01 0.2383738E-01 -0.2208444E-01 -0.2208444E-01 -0.4766185E-01 -0.4766185E-01 -0.5871927E-01 -0.5871927E-01 -0.5871927E-01
-0.1070675E-02 -0.1070675E-02 -0.4611217E-03 -0.1828149E-02 -0.1667612E-02 -0.1667612E-02 -0.1579572E-02 -0.1503330E-02 -0.1503330E-02 -0.1478772E-02 -0.1478772E-02 -0.1477306E-02 -0.1480200E-02 -0.1483877E-02 -0.1658360E-02 -0.1658360E-02 -0.2327623E-01 -0.4687010E-01 -0.7794023E-01 -0.1155740 -0.1589670 -0.2074099 -0.2602917 -0.3170659 -0.3771935 -0.4401121 -0.5051896 -0.5715963 -0.6379260 -0.7002391 -0.7002391 -0.7316548 -0.7293968 -0.6049041 -0.4682920 -0.4682920 -0.1425223 -0.1425223 0.9497110E-01 0.9497110E-01 0.1705595 0.2626342 0.2626342 0.2972145 0.2972145 0.2185353 0.2185353 0.2185353 0.1211177 0.1211177 0.3741303E-01 0.3741303E-01 -0.1995621E-01 -0.1995621E-01 -0.5323233E-01 -0.5323233E-01 -0.6758586E-01 -0.6758586E-01 -0.6758586E-01
-0.4603031E-07 -0.4603031E-07 -0.1549942E-06 0.1376677E-06 0.1466706E-06 0.1466706E-06 0.5057328E-07 0.6401983E-09 0.6401983E-09 -0.7503112E-07 -0.7503112E-07 -0.5475338E-07 0.7488055E-07 0.4784171E-07 -0.2397549E-03 -0.2397549E-03 -0.3536372E-01 -0.6749859E-01 -0.1063354 -0.1504015 -0.1987074 -0.2505925 -0.3056195 -0.3634848 -0.4239342 -0.4866969 -0.5514259 -0.6175856 -0.6841071 -0.7476113 -0.7476113 -0.7872826 -0.7869704 -0.5885003 -0.4036944 -0.4036944 -0.8227833E-01 -0.8227833E-01 0.1007611 0.1007611 0.1577244 0.2321981 0.2321981 0.2678128 0.2678128 0.2208204 0.2208204 0.2208204 0.1366353 0.1366353 0.5118015E-01 0.5118015E-01 -0.1429645E-01 -0.1429645E-01 -0.5465971E-01 -0.5465971E-01 -0.7250710E-01 -0.7250710E-01 -0.7250710E-01
0.1070592E-02 0.1070592E-02 0.4609374E-03 0.1828304E-02 0.1667874E-02 0.1667874E-02 0.1579711E-02 0.1503267E-02 0.1503267E-02 0.1478789E-02 0.1478789E-02 0.1477293E-02 0.1480385E-02 0.1483928E-02 0.1152484E-02 0.1152484E-02 -0.5131377E-01 -0.9410539E-01 -0.1426219 -0.1947327 -0.2492207 -0.3054554 -0.3631737 -0.4223253 -0.4829557 -0.5451147 -0.6087805 -0.6737425 -0.7391753 -0.8013022 -0.8013022 -0.8390087 -0.8163742 -0.4909108 -0.2923988 -0.2923988 -0.4032652E-01 -0.4032652E-01 0.8875825E-01 0.8875825E-01 0.1323093 0.1949385 0.1949385 0.2306085 0.2306085 0.2082399 0.2082399 0.2082399 0.1416775 0.1416775 0.6207846E-01 0.6207846E-01 -0.6464900E-02 -0.6464900E-02 -0.5189676E-01 -0.5189676E-01 -0.7279263E-01 -0.7279263E-01 -0.7279263E-01
0.2081565E-02 0.2081565E-02 0.1366849E-02 0.3483885E-02 0.3240921E-02 0.3240921E-02 0.3118122E-02 0.3026999E-02 0.3026999E-02 0.2987637E-02 0.2987637E-02 0.2973303E-02 0.2973195E-02 0.2975757E-02 0.2512596E-02 0.2512596E-02 -0.7349483E-01 -0.1296607 -0.1900002 -0.2517540 -0.3135530 -0.3748665 -0.4356581 -0.4961663 -0.5567567 -0.6178154 -0.6796654 -0.7424187 -0.8051409 -0.8608585 -0.8608585 -0.8750338 -0.7800145 -0.3408419 -0.1857758 -0.1857758 -0.2330307E-01 -0.2330307E-01 0.6776974E-01 0.6776974E-01 0.1023958 0.1560864 0.1560864 0.1900805 0.1900805 0.1844933 0.1844933 0.1844933 0.1357293 0.1357293 0.6751922E-01 0.6751922E-01 0.1696913E-02 0.1696913E-02 -0.4542036E-01 -0.4542036E-01 -0.6808438E-01 -0.6808438E-01 -0.6808438E-01
0.3219909E-02 0.3219909E-02 0.2571377E-02 0.4984567E-02 0.4735420E-02 0.4735420E-02 0.4612154E-02 0.4538457E-02 0.4538457E-02 0.4509724E-02 0.4509724E-02 0.4491540E-02 0.4487078E-02 0.4485322E-02 0.3835503E-02 0.3835503E-02 -0.1058732 -0.1789649 -0.2534791 -0.3263047 -0.3961863 -0.4628916 -0.5267429 -0.5883440 -0.6484178 -0.7076998 -0.7668594 -0.8262315 -0.8833960 -0.9183797 -0.9183797 -0.8538424 -0.6266709 -0.2062177 -0.1176922 -0.1176922 -0.2133139E-01 -0.2133139E-01 0.4538265E-01 0.4538265E-01 0.7321765E-01 0.1184078 0.1184078 0.1487970 0.1487970 0.1531975 0.1531975 0.1531975 0.1199992 0.1199992 0.6610604E-01 0.6610604E-01 0.8380233E-02 0.8380233E-02 -0.3611797E-01 -0.3611797E-01 -0.5844793E-01 -0.5844793E-01 -0.5844793E-01
0.4477213E-02 0.4477213E-02 0.3973056E-02 0.6405634E-02 0.6209491E-02 0.6209491E-02 0.6099414E-02 0.6028866E-02 0.6028866E-02 0.6013683E-02 0.6013683E-02 0.6007466E-02 0.6005611E-02 0.6004434E-02 0.5099848E-02 0.5099848E-02 -0.1555632 -0.2501146 -0.3411255 -0.4259052 -0.5038826 -0.5754974 -0.6416556 -0.7034515 -0.7620223 -0.8184651 -0.8737829 -0.9280826 -0.9714987 -0.9360907 -0.9360907 -0.6939164 -0.3779893 -0.1250594 -0.8415528E-01 -0.8415528E-01 -0.2318884E-01 -0.2318884E-01 0.2570399E-01 0.2570399E-01 0.4727479E-01 0.8323364E-01 0.8323364E-01 0.1083241 0.1083241 0.1174655 0.1174655 0.1174655 0.9675143E-01 0.9675143E-01 0.5788914E-01 0.5788914E-01 0.1234383E-01 0.1234383E-01 -0.2506858E-01 -0.2506858E-01 -0.4444378E-01 -0.4444378E-01 -0.4444378E-01
