simulation_files/asc/Velocity____175.0.asc
NCOLS        79
NROWS        79
XLLCENTER         -1.500000
YLLCENTER         -4.800000
CELLSIZE           0.100
NODATA_VALUE     -9999.0
[rows 0 to 26 of 79, columns 0 to 59 of 79]
-9999.000 -9999.000 -9999.000 -9999.000 -9999.000 -9999.000 -9999.000 -9999.000 -9999.000 -9999.000 -9999.000 -9999.000 -9999.000 -9999.000 -9999.000 0.9826796E-01 0.9613975E-01 0.9555016E-01 0.9586408E-01 0.9663704E-01 0.9753054E-01 0.9839977E-01 0.9916570E-01 0.9971967E-01 0.1001166 0.1003733 0.1005429 0.1008083 0.1017323 0.1026705 0.1026705 -9999.000 -9999.000 -9999.000 -9999.000 -9999.000 -9999.000 -9999.000 -9999.000 -9999.000 -9999.000 -9999.000 -9999.000 -9999.000 -9999.000 -9999.000 -9999.000 -9999.000 -9999.000 -9999.000 -9999.000 -9999.000 -9999.000 -9999.000 -9999.000 -9999.000 -9999.000 -9999.000 -9999.000 -9999.000
-9999.000 -9999.000 -9999.000 -9999.000 -9999.000 -9999.000 -9999.000 -9999.000 -9999.000 -9999.000 -9999.000 -9999.000 -9999.000 -9999.000 -9999.000 0.9698277E-01 0.9261445E-01 0.9143253E-01 0.9213462E-01 0.9378399E-01 0.9569275E-01 0.9757424E-01 0.9927153E-01 0.1005513 0.1015136 0.1021872 0.1026833 0.1034046 0.1055882 0.1081180 0.1081180 -9999.000 -9999.000 -9999.000 -9999.000 -9999.000 -9999.000 -9999.000 -9999.000 -9999.000 -9999.000 -9999.000 -9999.000 -9999.000 -9999.000 -9999.000 -9999.000 -9999.000 -9999.000 -9999.000 -9999.000 -9999.000 -9999.000 -9999.000 -9999.000 -9999.000 -9999.000 -9999.000 -9999.000 -9999.000
-9999.000 -9999.000 -9999.000 -9999.000 -9999.000 -9999.000 -9999.000 -9999.000 -9999.000 -9999.000 -9999.000 -9999.000 -9999.000 -9999.000 -9999.000 0.9433312E-01 0.8758311E-01 0.8569620E-01 0.8683248E-01 0.8949915E-01 0.9261260E-01 0.9573632E-01 0.9863937E-01 0.1009533 0.1028307 0.1043022 0.1055258 0.1071263 0.1110703 0.1159846 0.1159846 -9999.000 -9999.000 -9999.000 -9999.000 -9999.000 -9999.000 -9999.000 -9999.000 -9999.000 -9999.000 -9999.000 -9999.000 -9999.000 -9999.000 -9999.000 -9999.000 -9999.000 -9999.000 -9999.000 -9999.000 -9999.000 -9999.000 -9999.000 -9999.000 -9999.000 -9999.000 -9999.000 -9999.000 -9999.000
-9999.000 -9999.000 -9999.000 -9999.000 -9999.000 -9999.000 -9999.000 -9999.000 -9999.000 -9999.000 -9999.000 -9999.000 -9999.000 -9999.000 -9999.000 0.9108009E-01 0.8200716E-01 0.7941118E-01 0.8100569E-01 0.8472737E-01 0.8908724E-01 0.9350781E-01 0.9769467E-01 0.1011461 0.1040697 0.1064897 0.1085993 0.1112412 0.1171340 0.1249658 0.1249658 -9999.000 -9999.000 -9999.000 -9999.000 -9999.000 -9999.000 -9999.000 -9999.000 -9999.000 -9999.000 -9999.000 -9999.000 -9999.000 -9999.000 -9999.000 -9999.000 -9999.000 -9999.000 -9999.000 -9999.000 -9999.000 -9999.000 -9999.000 -9999.000 -9999.000 -9999.000 -9999.000 -9999.000 -9999.000
-9999.000 -9999.000 -9999.000 -9999.000 -9999.000 -9999.000 -9999.000 -9999.000 -9999.000 -9999.000 -9999.000 -9999.000 -9999.000 -9999.000 -9999.000 0.8745730E-01 0.7608014E-01 0.7277252E-01 0.7485422E-01 0.7967016E-01 0.8531051E-01 0.9106468E-01 0.9658451E-01 0.1012342 0.1052819 0.1087393 0.1118295 0.1156170 0.1236125 0.1349087 0.1349087 -9999.000 -9999.000 -9999.000 -9999.000 -9999.000 -9999.000 -9999.000 -9999.000 -9999.000 -9999.000 -9999.000 -9999.000 -9999.000 -9999.000 -9999.000 -9999.000 -9999.000 -9999.000 -9999.000 -9999.000 -9999.000 -9999.000 -9999.000 -9999.000 -9999.000 -9999.000 -9999.000 -9999.000 -9999.000
-9999.000 -9999.000 -9999.000 -9999.000 -9999.000 -9999.000 -9999.000 -9999.000 -9999.000 -9999.000 -9999.000 -9999.000 -9999.000 -9999.000 -9999.000 0.8355907E-01 0.6988757E-01 0.6587950E-01 0.6849297E-01 0.7444887E-01 0.8140055E-01 0.8851457E-01 0.9540027E-01 0.1012861 0.1065082 0.1110593 0.1151911 0.1201997 0.1304410 0.1458157 0.1458157 -9999.000 -9999.000 -9999.000 -9999.000 -9999.000 -9999.000 -9999.000 -9999.000 -9999.000 -9999.000 -9999.000 -9999.000 -9999.000 -9999.000 -9999.000 -9999.000 -9999.000 -9999.000 -9999.000 -9999.000 -9999.000 -9999.000 -9999.000 -9999.000 -9999.000 -9999.000 -9999.000 -9999.000 -9999.000
-9999.000 -9999.000 -9999.000 -9999.000 -9999.000 -9999.000 -9999.000 -9999.000 -9999.000 -9999.000 -9999.000 -9999.000 -9999.000 -9999.000 -9999.000 0.7941315E-01 0.6346168E-01 0.5878646E-01 0.6199709E-01 0.6914425E-01 0.7743189E-01 0.8592233E-01 0.9419525E-01 0.1013411 0.1077726 0.1134572 0.1186745 0.1249665 0.1376006 0.1577826 0.1577826 -9999.000 -9999.000 -9999.000 -9999.000 -9999.000 -9999.000 -9999.000 -9999.000 -9999.000 -9999.000 -9999.000 -9999.000 -9999.000 -9999.000 -9999.000 -9999.000 -9999.000 -9999.000 -9999.000 -9999.000 -9999.000 -9999.000 -9999.000 -9999.000 -9999.000 -9999.000 -9999.000 -9999.000 -9999.000
-9999.000 -9999.000 -9999.000 -9999.000 -9999.000 -9999.000 -9999.000 -9999.000 -9999.000 -9999.000 -9999.000 -9999.000 -9999.000 -9999.000 -9999.000 0.7501379E-01 0.5681016E-01 0.5153565E-01 0.5543730E-01 0.6382605E-01 0.7346196E-01 0.8333218E-01 0.9300359E-01 0.1014230 0.1090900 0.1159381 0.1222752 0.1299081 0.1450952 0.1709743 0.1709743 -9999.000 -9999.000 -9999.000 -9999.000 -9999.000 -9999.000 -9999.000 -9999.000 -9999.000 -9999.000 -9999.000 -9999.000 -9999.000 -9999.000 -9999.000 -9999.000 -9999.000 -9999.000 -9999.000 -9999.000 -9999.000 -9999.000 -9999.000 -9999.000 -9999.000 -9999.000 -9999.000 -9999.000 -9999.000
-9999.000 -9999.000 -9999.000 -9999.000 -9999.000 -9999.000 -9999.000 -9999.000 -9999.000 -9999.000 -9999.000 -9999.000 -9999.000 -9999.000 -9999.000 0.7033629E-01 0.4993033E-01 0.4418380E-01 0.4891123E-01 0.5857800E-01 0.6954867E-01 0.8078317E-01 0.9185181E-01 0.1015490 0.1104705 0.1185057 0.1259910 0.1350206 0.1529407 0.1856240 0.1856240 -9999.000 -9999.000 -9999.000 -9999.000 -9999.000 -9999.000 -9999.000 -9999.000 -9999.000 -9999.000 -9999.000 -9999.000 -9999.000 -9999.000 -9999.000 -9999.000 -9999.000 -9999.000 -9999.000 -9999.000 -9999.000 -9999.000 -9999.000 -9999.000 -9999.000 -9999.000 -9999.000 -9999.000 -9999.000
-9999.000 -9999.000 -9999.000 -9999.000 -9999.000 -9999.000 -9999.000 -9999.000 -9999.000 -9999.000 -9999.000 -9999.000 -9999.000 -9999.000 -9999.000 0.6534410E-01 0.4281971E-01 0.3684288E-01 0.4258364E-01 0.5351882E-01 0.6576491E-01 0.7831895E-01 0.9076729E-01 0.1017359 0.1119243 0.1211640 0.1298203 0.1403030 0.1611602 0.2020460 0.2020460 -9999.000 -9999.000 -9999.000 -9999.000 -9999.000 -9999.000 -9999.000 -9999.000 -9999.000 -9999.000 -9999.000 -9999.000 -9999.000 -9999.000 -9999.000 -9999.000 -9999.000 -9999.000 -9999.000 -9999.000 -9999.000 -9999.000 -9999.000 -9999.000 -9999.000 -9999.000 -9999.000 -9999.000 -9999.000
-9999.000 -9999.000 -9999.000 -9999.000 -9999.000 -9999.000 -9999.000 -9999.000 -9999.000 -9999.000 -9999.000 -9999.000 -9999.000 -9999.000 -9999.000 0.5998872E-01 0.3549054E-01 0.2976621E-01 0.3675807E-01 0.4883216E-01 0.6221176E-01 0.7599732E-01 0.8978543E-01 0.1020059 0.1134658 0.1239203 0.1337647 0.1457564 0.1697808 0.2206639 0.2206639 -9999.000 -9999.000 -9999.000 -9999.000 -9999.000 -9999.000 -9999.000 -9999.000 -9999.000 -9999.000 -9999.000 -9999.000 -9999.000 -9999.000 -9999.000 -9999.000 -9999.000 -9999.000 -9999.000 -9999.000 -9999.000 -9999.000 -9999.000 -9999.000 -9999.000 -9999.000 -9999.000 -9999.000 -9999.000
-9999.000 -9999.000 -9999.000 -9999.000 -9999.000 -9999.000 -9999.000 -9999.000 -9999.000 -9999.000 -9999.000 -9999.000 -9999.000 -9999.000 -9999.000 0.5420988E-01 0.2800576E-01 0.2357333E-01 0.3199276E-01 0.4480524E-01 0.5903753E-01 0.7390215E-01 0.8895876E-01 0.1023938 0.1151193 0.1267893 0.1378301 0.1513856 0.1788368 0.2420563 0.2420563 -9999.000 -9999.000 -9999.000 -9999.000 -9999.000 -9999.000 -9999.000 -9999.000 -9999.000 -9999.000 -9999.000 -9999.000 -9999.000 -9999.000 -9999.000 -9999.000 -9999.000 -9999.000 -9999.000 -9999.000 -9999.000 -9999.000 -9999.000 -9999.000 -9999.000 -9999.000 -9999.000 -9999.000 -9999.000
-9999.000 -9999.000 -9999.000 -9999.000 -9999.000 -9999.000 -9999.000 -9999.000 -9999.000 -9999.000 -9999.000 -9999.000 -9999.000 -9999.000 -9999.000 0.4793092E-01 0.2060576E-01 0.1971760E-01 0.2921779E-01 0.4187502E-01 0.5646667E-01 0.7216401E-01 0.8837242E-01 0.1029601 0.1169298 0.1298022 0.1420363 0.1572047 0.1883708 0.2670330 0.2670330 -9999.000 -9999.000 -9999.000 -9999.000 -9999.000 -9999.000 -9999.000 -9999.000 -9999.000 -9999.000 -9999.000 -9999.000 -9999.000 -9999.000 -9999.000 -9999.000 -9999.000 -9999.000 -9999.000 -9999.000 -9999.000 -9999.000 -9999.000 -9999.000 -9999.000 -9999.000 -9999.000 -9999.000 -9999.000
-9999.000 -9999.000 -9999.000 -9999.000 -9999.000 -9999.000 -9999.000 -9999.000 -9999.000 -9999.000 -9999.000 -9999.000 -9999.000 -9999.000 -9999.000 0.4083656E-01 0.1472347E-01 0.2151032E-01 0.3059726E-01 0.4154115E-01 0.5553746E-01 0.7151808E-01 0.8855497E-01 0.1040948 0.1191859 0.1331708 0.1465340 0.1633202 0.1984867 0.2968022 0.2968022 -9999.000 -9999.000 -9999.000 -9999.000 -9999.000 -9999.000 -9999.000 -9999.000 -9999.000 -9999.000 -9999.000 -9999.000 -9999.000 -9999.000 -9999.000 -9999.000 -9999.000 -9999.000 -9999.000 -9999.000 -9999.000 -9999.000 -9999.000 -9999.000 -9999.000 -9999.000 -9999.000 -9999.000 -9999.000
-9999.000 -9999.000 -9999.000 -9999.000 -9999.000 -9999.000 -9999.000 -9999.000 -9999.000 -9999.000 -9999.000 -9999.000 -9999.000 -9999.000 -9999.000 0.6257080E-01 0.9599207E-01 0.1113666 0.1051589 0.9833083E-01 0.9627659E-01 0.9891222E-01 0.1063284 0.1157139 0.1271878 0.1392464 0.1518699 0.1692711 0.2083234 0.3305400 0.3305400 -9999.000 -9999.000 -9999.000 -9999.000 -9999.000 -9999.000 -9999.000 -9999.000 -9999.000 -9999.000 -9999.000 -9999.000 -9999.000 -9999.000 -9999.000 -9999.000 -9999.000 -9999.000 -9999.000 -9999.000 -9999.000 -9999.000 -9999.000 -9999.000 -9999.000 -9999.000 -9999.000 -9999.000 -9999.000
2.742274 2.742274 2.731515 2.798062 2.804976 2.804976 2.808052 2.809445 2.809445 2.807282 2.807282 2.802780 2.799874 2.796620 2.793064 2.793064 2.892227 2.894550 2.894725 2.878493 2.841747 2.784642 2.706545 2.604922 2.484137 2.345013 2.190894 2.030541 1.888266 1.836065 1.836065 2.620055 2.784311 2.880383 2.904974 2.904974 2.939075 2.939075 2.927449 2.927449 2.888314 2.723648 2.723648 2.399140 2.399140 2.042784 2.042784 2.042784 2.019288 2.019288 2.045919 2.045919 2.090078 2.090078 2.137501 2.137501 2.180449 2.180449 2.180449 2.214944
2.764296 2.764296 2.757422 2.847050 2.865321 2.865321 2.879666 2.903284 2.903284 2.923110 2.923110 2.940419 2.948352 2.955888 2.963076 2.963076 3.033895 3.047823 3.060483 3.069564 3.073903 3.072344 3.062700 3.041641 3.007625 2.958256 2.892036 2.809606 2.716938 2.641355 2.641355 3.056608 3.202530 3.345888 3.385452 3.385452 3.431495 3.431495 3.435303 3.435303 3.417122 3.325130 3.325130 3.139739 3.139739 2.853066 2.853066 2.853066 2.826736 2.826736 2.855289 2.855289 2.902646 2.902646 2.952662 2.952662 2.998621 2.998621 2.998621 3.037458
2.769119 2.769119 2.759251 2.847070 2.865541 2.865541 2.880249 2.904498 2.904498 2.924942 2.924942 2.942954 2.951274 2.959224 2.966845 2.966845 3.028942 3.052808 3.075569 3.095848 3.112804 3.126044 3.134950 3.138149 3.134790 3.123325 3.102062 3.070114 3.029715 2.996539 2.996539 3.226018 3.365740 3.529601 3.578181 3.578181 3.629131 3.629131 3.621437 3.621437 3.595390 3.504338 3.504338 3.371023 3.371023 3.136823 3.136823 3.136823 3.095756 3.095756 3.112093 3.112093 3.151009 3.151009 3.194987 3.194987 3.236470 3.236470 3.236470 3.272002
2.772138 2.772138 2.762015 2.846776 2.865186 2.865186 2.880050 2.904464 2.904464 2.924940 2.924940 2.942967 2.951298 2.959260 2.966897 2.966897 3.023962 3.056334 3.088604 3.118354 3.144224 3.165673 3.182465 3.194182 3.200767 3.201917 3.197093 3.185965 3.169879 3.158501 3.158501 3.298077 3.420787 3.588654 3.640905 3.640905 3.686173 3.686173 3.655353 3.655353 3.618564 3.533273 3.533273 3.447207 3.447207 3.272185 3.272185 3.272185 3.220104 3.220104 3.222445 3.222445 3.252403 3.252403 3.291276 3.291276 3.329557 3.329557 3.329557 3.362725
2.773398 2.773398 2.766004 2.846389 2.864781 2.864781 2.879800 2.904393 2.904393 2.924900 2.924900 2.942932 2.951270 2.959238 2.966881 2.966881 3.022894 3.062864 3.103911 3.142433 3.176558 3.205462 3.228857 3.246571 3.258734 3.265529 3.267112 3.263807 3.256990 3.253314 3.253314 3.341151 3.442719 3.599918 3.646714 3.646714 3.664369 3.664369 3.602316 3.602316 3.561953 3.502345 3.502345 3.464592 3.464592 3.353245 3.353245 3.353245 3.298519 3.298519 3.286899 3.286899 3.305509 3.305509 3.337472 3.337472 3.371484 3.371484 3.371484 3.401568
2.770571 2.770571 2.772607 2.846459 2.864910 2.864910 2.880089 2.904833 2.904833 2.925318 2.925318 2.943274 2.951566 2.959488 2.967087 2.967087 3.026758 3.074024 3.123124 3.169576 3.211176 3.246925 3.276461 3.299656 3.316638 3.327678 3.333135 3.333569 3.330314 3.328157 3.328157 3.382186 3.460382 3.589129 3.615952 3.615952 3.579873 3.579873 3.497309 3.497309 3.469216 3.452756 3.452756 3.458007 3.458007 3.405883 3.405883 3.405883 3.358374 3.358374 3.336781 3.336781 3.343045 3.343045 3.365891 3.365891 3.393716 3.393716 3.393716 3.419246
2.770262 2.770262 2.775844 2.846161 2.864657 2.864657 2.879925 2.904757 2.904757 2.925256 2.925256 2.943232 2.951543 2.959487 2.967109 2.967109 3.036177 3.091094 3.147746 3.201286 3.249446 3.291220 3.326231 3.354387 3.375800 3.390720 3.399505 3.402708 3.401439 3.399006 3.399006 3.429784 3.483392 3.557584 3.543036 3.543036 3.442520 3.442520 3.377002 3.377002 3.374605 3.403796 3.403796 3.441558 3.441558 3.438420 3.438420 3.438420 3.405771 3.405771 3.380811 3.380811 3.376226 3.376226 3.388579 3.388579 3.408261 3.408261 3.408261 3.427522
2.770160 2.770160 2.776920 2.846072 2.864584 2.864584 2.879886 2.904756 2.904756 2.925261 2.925261 2.943237 2.951548 2.959491 2.967114 2.967114 3.052241 3.115503 3.179318 3.239069 3.292736 3.339483 3.379037 3.411379 3.436637 3.455037 3.466889 3.472645 3.473109 3.470188 3.470188 3.484061 3.510353 3.486679 3.410445 3.410445 3.277705 3.277705 3.269121 3.269121 3.294438 3.359385 3.359385 3.419430 3.419430 3.454338 3.454338 3.454338 3.440372 3.440372 3.418879 3.418879 3.407217 3.407217 3.409139 3.409139 3.419224 3.419224 3.419224 3.430585
2.770261 2.770261 2.775844 2.846162 2.864657 2.864657 2.879925 2.904757 2.904757 2.925256 2.925256 2.943232 2.951543 2.959486 2.967109 2.967109 3.076547 3.149074 3.219746 3.284795 3.342786 3.393253 3.436154 3.471613 3.499828 3.521033 3.535493 3.543554 3.545646 3.541900 3.541900 3.540330 3.528660 3.345825 3.215693 3.215693 3.125024 3.125024 3.186768 3.186768 3.231934 3.319443 3.319443 3.394139 3.394139 3.457484 3.457484 3.457484 3.462359 3.462359 3.449388 3.449388 3.435173 3.435173 3.428185 3.428185 3.428013 3.428013 3.428013 3.430154
2.770570 2.770570 2.772606 2.846460 2.864911 2.864911 2.880089 2.904833 2.904833 2.925318 2.925318 2.943274 2.951566 2.959487 2.967086 2.967086 3.111379 3.194066 3.271183 3.340464 3.401409 3.454129 3.498938 3.536184 3.566186 3.589230 3.605568 3.615438 3.618690 3.611903 3.611903 3.586384 3.505207 3.124972 2.997063 2.997063 3.012521 3.012521 3.124997 3.124997 3.180877 3.281251 3.281251 3.365838 3.365838 3.450055 3.450055 3.450055 3.471600 3.471600 3.469638 3.469638 3.456887 3.456887 3.443529 3.443529 3.433436 3.433436 3.433436 3.425642
2.773396 2.773396 2.766003 2.846389 2.864782 2.864782 2.879800 2.904393 2.904393 2.924900 2.924900 2.942932 2.951270 2.959237 2.966880 2.966880 3.160275 3.253722 3.336518 3.408620 3.470825 3.524029 3.569020 3.606441 3.636782 3.660413 3.677606 3.688452 3.691344 3.672446 3.672446 3.588369 3.378309 2.870728 2.818121 2.818121 2.936419 2.936419 3.072612 3.072612 3.133540 3.241460 3.241460 3.333074 3.333074 3.432342 3.432342 3.432342 3.467346 3.467346 3.476521 3.476521 3.467966 3.467966 3.451010 3.451010 3.432206 3.432206 3.432206 3.414570
2.772135 2.772135 2.762016 2.846776 2.865186 2.865186 2.880049 2.904464 2.904464 2.924940 2.924940 2.942967 2.951299 2.959261 2.966898 2.966898 3.229055 3.332834 3.419590 3.492323 3.553492 3.604941 3.648023 3.683707 3.712678 3.735400 3.752178 3.762704 3.760018 3.693768 3.693768 3.466007 3.099750 2.670348 2.703747 2.703747 2.872634 2.872634 3.017676 3.017676 3.081183 3.194233 3.194233 3.291065 3.291065 3.400976 3.400976 3.400976 3.446093 3.446093 3.464893 3.464893 3.461546 3.461546 3.443236 3.443236 3.417483 3.417483 3.417483 3.390948
