simulation_files/asc/Velocity____182.0.asc
NCOLS        79
NROWS        79
XLLCENTER         -1.500000
YLLCENTER         -4.800000
CELLSIZE           0.100
NODATA_VALUE     -9999.0
[rows 0 to 26 of 79, columns 0 to 59 of 79]
-9999.000 -9999.000 -9999.000 -9999.000 -9999.000 -9999.000 -9999.000 -9999.000 -9999.000 -9999.000 -9999.000 -9999.000 -9999.000 -9999.000 -9999.000 0.9527164E-01 0.9264988E-01 0.9164547E-01 0.9157278E-01 0.9239775E-01 0.9351102E-01 0.9459367E-01 0.9552833E-01 0.9622407E-01 0.9667391E-01 0.9694489E-01 0.9709869E-01 0.9731440E-01 0.9815174E-01 0.9907562E-01 0.9907562E-01 -9999.000 -9999.000 -9999.000 -9999.000 -9999.000 -9999.000 -9999.000 -9999.000 -9999.000 -9999.000 -9999.000 -9999.000 -9999.000 -9999.000 -9999.000 -9999.000 -9999.000 -9999.000 -9999.000 -9999.000 -9999.000 -9999.000 -9999.000 -9999.000 -9999.000 -9999.000 -9999.000 -9999.000 -9999.000
-9999.000 -9999.000 -9999.000 -9999.000 -9999.000 -9999.000 -9999.000 -9999.000 -9999.000 -9999.000 -9999.000 -9999.000 -9999.000 -9999.000 -9999.000 0.9491295E-01 0.8945461E-01 0.8741214E-01 0.8730999E-01 0.8903092E-01 0.9133577E-01 0.9360593E-01 0.9562035E-01 0.9719045E-01 0.9828351E-01 0.9902270E-01 0.9953016E-01 0.1001947 0.1022420 0.1047662 0.1047662 -9999.000 -9999.000 -9999.000 -9999.000 -9999.000 -9999.000 -9999.000 -9999.000 -9999.000 -9999.000 -9999.000 -9999.000 -9999.000 -9999.000 -9999.000 -9999.000 -9999.000 -9999.000 -9999.000 -9999.000 -9999.000 -9999.000 -9999.000 -9999.000 -9999.000 -9999.000 -9999.000 -9999.000 -9999.000
-9999.000 -9999.000 -9999.000 -9999.000 -9999.000 -9999.000 -9999.000 -9999.000 -9999.000 -9999.000 -9999.000 -9999.000 -9999.000 -9999.000 -9999.000 0.9339612E-01 0.8485745E-01 0.8157947E-01 0.8140718E-01 0.8413982E-01 0.8781973E-01 0.9150273E-01 0.9487046E-01 0.9763660E-01 0.9973933E-01 0.1013536 0.1026446 0.1042054 0.1079743 0.1128918 0.1128918 -9999.000 -9999.000 -9999.000 -9999.000 -9999.000 -9999.000 -9999.000 -9999.000 -9999.000 -9999.000 -9999.000 -9999.000 -9999.000 -9999.000 -9999.000 -9999.000 -9999.000 -9999.000 -9999.000 -9999.000 -9999.000 -9999.000 -9999.000 -9999.000 -9999.000 -9999.000 -9999.000 -9999.000 -9999.000
-9999.000 -9999.000 -9999.000 -9999.000 -9999.000 -9999.000 -9999.000 -9999.000 -9999.000 -9999.000 -9999.000 -9999.000 -9999.000 -9999.000 -9999.000 0.9134880E-01 0.7974856E-01 0.7521921E-01 0.7499079E-01 0.7877015E-01 0.8385757E-01 0.8899366E-01 0.9378009E-01 0.9783938E-01 0.1010792 0.1037201 0.1059579 0.1085805 0.1142592 0.1220893 0.1220893 -9999.000 -9999.000 -9999.000 -9999.000 -9999.000 -9999.000 -9999.000 -9999.000 -9999.000 -9999.000 -9999.000 -9999.000 -9999.000 -9999.000 -9999.000 -9999.000 -9999.000 -9999.000 -9999.000 -9999.000 -9999.000 -9999.000 -9999.000 -9999.000 -9999.000 -9999.000 -9999.000 -9999.000 -9999.000
-9999.000 -9999.000 -9999.000 -9999.000 -9999.000 -9999.000 -9999.000 -9999.000 -9999.000 -9999.000 -9999.000 -9999.000 -9999.000 -9999.000 -9999.000 0.8900178E-01 0.7431462E-01 0.6851932E-01 0.6826092E-01 0.7313289E-01 0.7965829E-01 0.8627419E-01 0.9251878E-01 0.9792829E-01 0.1023778 0.1061333 0.1094121 0.1131994 0.1209360 0.1322067 0.1322067 -9999.000 -9999.000 -9999.000 -9999.000 -9999.000 -9999.000 -9999.000 -9999.000 -9999.000 -9999.000 -9999.000 -9999.000 -9999.000 -9999.000 -9999.000 -9999.000 -9999.000 -9999.000 -9999.000 -9999.000 -9999.000 -9999.000 -9999.000 -9999.000 -9999.000 -9999.000 -9999.000 -9999.000 -9999.000
-9999.000 -9999.000 -9999.000 -9999.000 -9999.000 -9999.000 -9999.000 -9999.000 -9999.000 -9999.000 -9999.000 -9999.000 -9999.000 -9999.000 -9999.000 0.8644141E-01 0.6863218E-01 0.6157087E-01 0.6133562E-01 0.6736049E-01 0.7535148E-01 0.8346210E-01 0.9118766E-01 0.9798215E-01 0.1036854 0.1086107 0.1129903 0.1180144 0.1279435 0.1432470 0.1432470 -9999.000 -9999.000 -9999.000 -9999.000 -9999.000 -9999.000 -9999.000 -9999.000 -9999.000 -9999.000 -9999.000 -9999.000 -9999.000 -9999.000 -9999.000 -9999.000 -9999.000 -9999.000 -9999.000 -9999.000 -9999.000 -9999.000 -9999.000 -9999.000 -9999.000 -9999.000 -9999.000 -9999.000 -9999.000
-9999.000 -9999.000 -9999.000 -9999.000 -9999.000 -9999.000 -9999.000 -9999.000 -9999.000 -9999.000 -9999.000 -9999.000 -9999.000 -9999.000 -9999.000 0.8368804E-01 0.6272562E-01 0.5442212E-01 0.5430148E-01 0.6155045E-01 0.7102311E-01 0.8062901E-01 0.8984531E-01 0.9804504E-01 0.1050305 0.1111637 0.1166866 0.1230061 0.1352652 0.1553041 0.1553041 -9999.000 -9999.000 -9999.000 -9999.000 -9999.000 -9999.000 -9999.000 -9999.000 -9999.000 -9999.000 -9999.000 -9999.000 -9999.000 -9999.000 -9999.000 -9999.000 -9999.000 -9999.000 -9999.000 -9999.000 -9999.000 -9999.000 -9999.000 -9999.000 -9999.000 -9999.000 -9999.000 -9999.000 -9999.000
-9999.000 -9999.000 -9999.000 -9999.000 -9999.000 -9999.000 -9999.000 -9999.000 -9999.000 -9999.000 -9999.000 -9999.000 -9999.000 -9999.000 -9999.000 0.8072907E-01 0.5659429E-01 0.4711048E-01 0.4725737E-01 0.5580246E-01 0.6674701E-01 0.7782681E-01 0.8852911E-01 0.9814423E-01 0.1064293 0.1137996 0.1204984 0.1281664 0.1429052 0.1685369 0.1685369 -9999.000 -9999.000 -9999.000 -9999.000 -9999.000 -9999.000 -9999.000 -9999.000 -9999.000 -9999.000 -9999.000 -9999.000 -9999.000 -9999.000 -9999.000 -9999.000 -9999.000 -9999.000 -9999.000 -9999.000 -9999.000 -9999.000 -9999.000 -9999.000 -9999.000 -9999.000 -9999.000 -9999.000 -9999.000
-9999.000 -9999.000 -9999.000 -9999.000 -9999.000 -9999.000 -9999.000 -9999.000 -9999.000 -9999.000 -9999.000 -9999.000 -9999.000 -9999.000 -9999.000 0.7753281E-01 0.5022646E-01 0.3969262E-01 0.4036380E-01 0.5024963E-01 0.6260378E-01 0.7510409E-01 0.8726964E-01 0.9829918E-01 0.1078930 0.1165225 0.1244244 0.1334920 0.1508784 0.1831682 0.1831682 -9999.000 -9999.000 -9999.000 -9999.000 -9999.000 -9999.000 -9999.000 -9999.000 -9999.000 -9999.000 -9999.000 -9999.000 -9999.000 -9999.000 -9999.000 -9999.000 -9999.000 -9999.000 -9999.000 -9999.000 -9999.000 -9999.000 -9999.000 -9999.000 -9999.000 -9999.000 -9999.000 -9999.000 -9999.000
-9999.000 -9999.000 -9999.000 -9999.000 -9999.000 -9999.000 -9999.000 -9999.000 -9999.000 -9999.000 -9999.000 -9999.000 -9999.000 -9999.000 -9999.000 0.7405431E-01 0.4360645E-01 0.3229193E-01 0.3392776E-01 0.4509639E-01 0.5869957E-01 0.7251744E-01 0.8609996E-01 0.9853011E-01 0.1094324 0.1193374 0.1284637 0.1389820 0.1592056 0.1994965 0.1994965 -9999.000 -9999.000 -9999.000 -9999.000 -9999.000 -9999.000 -9999.000 -9999.000 -9999.000 -9999.000 -9999.000 -9999.000 -9999.000 -9999.000 -9999.000 -9999.000 -9999.000 -9999.000 -9999.000 -9999.000 -9999.000 -9999.000 -9999.000 -9999.000 -9999.000 -9999.000 -9999.000 -9999.000 -9999.000
-9999.000 -9999.000 -9999.000 -9999.000 -9999.000 -9999.000 -9999.000 -9999.000 -9999.000 -9999.000 -9999.000 -9999.000 -9999.000 -9999.000 -9999.000 0.7023691E-01 0.3672367E-01 0.2521970E-01 0.2855964E-01 0.4066432E-01 0.5518153E-01 0.7014094E-01 0.8506210E-01 0.9886297E-01 0.1110625 0.1222519 0.1326177 0.1446364 0.1679115 0.2179212 0.2179212 -9999.000 -9999.000 -9999.000 -9999.000 -9999.000 -9999.000 -9999.000 -9999.000 -9999.000 -9999.000 -9999.000 -9999.000 -9999.000 -9999.000 -9999.000 -9999.000 -9999.000 -9999.000 -9999.000 -9999.000 -9999.000 -9999.000 -9999.000 -9999.000 -9999.000 -9999.000 -9999.000 -9999.000 -9999.000
-9999.000 -9999.000 -9999.000 -9999.000 -9999.000 -9999.000 -9999.000 -9999.000 -9999.000 -9999.000 -9999.000 -9999.000 -9999.000 -9999.000 -9999.000 0.6600900E-01 0.2959199E-01 0.1932439E-01 0.2536503E-01 0.3743736E-01 0.5225787E-01 0.6807910E-01 0.8421660E-01 0.9933646E-01 0.1128074 0.1252808 0.1368921 0.1504583 0.1770256 0.2389842 0.2389842 -9999.000 -9999.000 -9999.000 -9999.000 -9999.000 -9999.000 -9999.000 -9999.000 -9999.000 -9999.000 -9999.000 -9999.000 -9999.000 -9999.000 -9999.000 -9999.000 -9999.000 -9999.000 -9999.000 -9999.000 -9999.000 -9999.000 -9999.000 -9999.000 -9999.000 -9999.000 -9999.000 -9999.000 -9999.000
-9999.000 -9999.000 -9999.000 -9999.000 -9999.000 -9999.000 -9999.000 -9999.000 -9999.000 -9999.000 -9999.000 -9999.000 -9999.000 -9999.000 -9999.000 0.6127203E-01 0.2231770E-01 0.1671691E-01 0.2575384E-01 0.3609449E-01 0.5025372E-01 0.6651033E-01 0.8367495E-01 0.1000269 0.1147195 0.1284599 0.1413075 0.1564608 0.1865866 0.2634411 0.2634411 -9999.000 -9999.000 -9999.000 -9999.000 -9999.000 -9999.000 -9999.000 -9999.000 -9999.000 -9999.000 -9999.000 -9999.000 -9999.000 -9999.000 -9999.000 -9999.000 -9999.000 -9999.000 -9999.000 -9999.000 -9999.000 -9999.000 -9999.000 -9999.000 -9999.000 -9999.000 -9999.000 -9999.000 -9999.000
-9999.000 -9999.000 -9999.000 -9999.000 -9999.000 -9999.000 -9999.000 -9999.000 -9999.000 -9999.000 -9999.000 -9999.000 -9999.000 -9999.000 -9999.000 0.5529430E-01 0.1625341E-01 0.2263636E-01 0.3322726E-01 0.4005857E-01 0.5181565E-01 0.6733494E-01 0.8478694E-01 0.1019000 0.1174908 0.1322807 0.1462040 0.1628722 0.1967682 0.2924668 0.2924668 -9999.000 -9999.000 -9999.000 -9999.000 -9999.000 -9999.000 -9999.000 -9999.000 -9999.000 -9999.000 -9999.000 -9999.000 -9999.000 -9999.000 -9999.000 -9999.000 -9999.000 -9999.000 -9999.000 -9999.000 -9999.000 -9999.000 -9999.000 -9999.000 -9999.000 -9999.000 -9999.000 -9999.000 -9999.000
-9999.000 -9999.000 -9999.000 -9999.000 -9999.000 -9999.000 -9999.000 -9999.000 -9999.000 -9999.000 -9999.000 -9999.000 -9999.000 -9999.000 -9999.000 0.8553343E-01 0.1318949 0.1553286 0.1485739 0.1287177 0.1172910 0.1120023 0.1135935 0.1202363 0.1294871 0.1407997 0.1530711 0.1697552 0.2069975 0.3253072 0.3253072 -9999.000 -9999.000 -9999.000 -9999.000 -9999.000 -9999.000 -9999.000 -9999.000 -9999.000 -9999.000 -9999.000 -9999.000 -9999.000 -9999.000 -9999.000 -9999.000 -9999.000 -9999.000 -9999.000 -9999.000 -9999.000 -9999.000 -9999.000 -9999.000 -9999.000 -9999.000 -9999.000 -9999.000 -9999.000
2.795588 2.795588 2.790496 2.848839 2.854646 2.854646 2.857245 2.858399 2.858399 2.856263 2.856263 2.851833 2.848964 2.845746 2.842220 2.842220 2.966183 2.969368 2.969740 2.962301 2.929817 2.875780 2.799879 2.700783 2.579456 2.439814 2.283931 2.119988 1.971396 1.910243 1.910243 2.694702 2.862528 2.964249 2.990848 2.990848 3.029237 3.029237 3.024855 3.024855 2.989942 2.836075 2.836075 2.549804 2.549804 2.133571 2.133571 2.133571 2.097146 2.097146 2.118256 2.118256 2.161183 2.161183 2.208907 2.208907 2.253030 2.253030 2.253030 2.289226
2.818177 2.818177 2.817338 2.898661 2.916108 2.916108 2.930162 2.953850 2.953850 2.973993 2.973993 2.991666 2.999783 3.007504 3.014871 3.014871 3.103394 3.119602 3.133238 3.144638 3.150247 3.149907 3.141792 3.122949 3.090718 3.043440 2.979161 2.898127 2.805866 2.725974 2.725974 3.136343 3.283721 3.430294 3.471340 3.471340 3.520633 3.520633 3.528889 3.528889 3.513623 3.428321 3.428321 3.259395 3.259395 2.951302 2.951302 2.951302 2.910300 2.910300 2.933174 2.933174 2.978988 2.978988 3.029300 3.029300 3.076339 3.076339 3.076339 3.116666
2.822929 2.822929 2.819599 2.898546 2.916332 2.916332 2.930800 2.955129 2.955129 2.975874 2.975874 2.994242 3.002750 3.010884 3.018690 3.018690 3.095787 3.123100 3.147744 3.169899 3.187996 3.201981 3.211568 3.215783 3.213362 3.203124 3.183312 3.152828 3.113559 3.079327 3.079327 3.303840 3.444447 3.611314 3.661532 3.661532 3.716359 3.716359 3.713086 3.713086 3.689277 3.600782 3.600782 3.473888 3.473888 3.232243 3.232243 3.232243 3.178037 3.178037 3.187786 3.187786 3.224707 3.224707 3.268877 3.268877 3.311473 3.311473 3.311473 3.348545
2.825840 2.825840 2.822935 2.898060 2.915923 2.915923 2.930621 2.955140 2.955140 2.975895 2.975895 2.994262 3.002775 3.010918 3.018734 3.018734 3.088619 3.125129 3.160021 3.191907 3.219298 3.241782 3.259332 3.271814 3.279026 3.280843 3.276797 3.266505 3.251130 3.239206 3.239206 3.375164 3.497959 3.668632 3.722876 3.722876 3.773171 3.773171 3.746412 3.746412 3.710388 3.623389 3.623389 3.538895 3.538895 3.364748 3.364748 3.364748 3.302959 3.302959 3.298226 3.298226 3.325256 3.325256 3.363787 3.363787 3.402966 3.402966 3.402966 3.437597
2.826912 2.826912 2.827501 2.897519 2.915489 2.915489 2.930420 2.955139 2.955139 2.975896 2.975896 2.994242 3.002748 3.010884 3.018695 3.018695 3.085798 3.130226 3.174382 3.215333 3.251322 3.281618 3.306068 3.324682 3.337565 3.344977 3.347136 3.344360 3.337921 3.333764 3.333764 3.418728 3.519689 3.679543 3.728970 3.728970 3.752815 3.752815 3.692854 3.692854 3.650680 3.586131 3.586131 3.548277 3.548277 3.442485 3.442485 3.442485 3.382381 3.382381 3.364271 3.364271 3.379096 3.379096 3.409945 3.409945 3.444426 3.444426 3.444426 3.475758
2.823616 2.823616 2.834505 2.897198 2.915308 2.915308 2.930441 2.955319 2.955319 2.976063 2.976063 2.994380 3.002879 3.011012 3.018821 3.018821 3.088471 3.140315 3.192830 3.241971 3.285721 3.323175 3.354057 3.378367 3.396257 3.408036 3.414108 3.415035 3.412081 3.409562 3.409562 3.461297 3.538454 3.670292 3.700835 3.700835 3.670371 3.670371 3.583949 3.583949 3.551935 3.530217 3.530217 3.535763 3.535763 3.491158 3.491158 3.491158 3.442282 3.442282 3.415835 3.415835 3.417993 3.417993 3.438979 3.438979 3.466720 3.466720 3.466720 3.493163
2.823161 2.823161 2.838097 2.896834 2.915060 2.915060 2.930335 2.955337 2.955337 2.976083 2.976083 2.994391 3.002889 3.011021 3.018829 3.018829 3.097143 3.156550 3.216725 3.273111 3.323622 3.367339 3.403953 3.433456 3.455991 3.471841 3.481396 3.485208 3.484339 3.481782 3.481782 3.510913 3.563577 3.642907 3.633180 3.633180 3.532859 3.532859 3.457232 3.457232 3.450770 3.476759 3.476759 3.515742 3.515742 3.520226 3.520226 3.520226 3.489069 3.489069 3.461438 3.461438 3.453258 3.453258 3.463246 3.463246 3.482255 3.482255 3.482255 3.501972
2.823008 2.823008 2.839292 2.896713 2.914975 2.914975 2.930298 2.955341 2.955341 2.976090 2.976090 2.994394 3.002890 3.011023 3.018830 3.018830 3.112973 3.180563 3.247897 3.310568 3.366705 3.415554 3.456895 3.490765 3.517327 3.536831 3.549613 3.556129 3.557148 3.554385 3.554385 3.567391 3.593705 3.579583 3.506731 3.506731 3.363061 3.363061 3.342651 3.342651 3.365478 3.429704 3.429704 3.491574 3.491574 3.533311 3.533311 3.533311 3.522419 3.522419 3.500398 3.500398 3.486245 3.486245 3.485770 3.485770 3.494730 3.494730 3.494730 3.506053
2.823160 2.823160 2.838096 2.896834 2.915060 2.915060 2.930335 2.955336 2.955336 2.976083 2.976083 2.994392 3.002889 3.011020 3.018828 3.018828 3.137500 3.214153 3.288265 3.356236 3.416748 3.469406 3.514209 3.551325 3.580981 3.603430 3.618964 3.627929 3.630740 3.627451 3.627451 3.626088 3.617071 3.448172 3.313881 3.313881 3.201381 3.201381 3.254599 3.254599 3.299227 3.387835 3.387835 3.464702 3.464702 3.534019 3.534019 3.534019 3.542626 3.542626 3.530844 3.530844 3.515446 3.515446 3.506543 3.506543 3.505050 3.505050 3.505050 3.506684
2.823617 2.823617 2.834505 2.897199 2.915308 2.915308 2.930440 2.955318 2.955318 2.976062 2.976062 2.994380 3.002879 3.011011 3.018820 3.018820 3.173041 3.259665 3.340102 3.412249 3.475701 3.530629 3.577387 3.616353 3.647874 3.672256 3.689769 3.700657 3.704770 3.698787 3.698787 3.675474 3.602675 3.232296 3.088255 3.088255 3.080471 3.080471 3.190266 3.190266 3.246716 3.348952 3.348952 3.435748 3.435748 3.525100 3.525100 3.525100 3.550435 3.550435 3.550780 3.550780 3.538237 3.538237 3.523799 3.523799 3.512447 3.512447 3.512447 3.503724
2.826912 2.826912 2.827501 2.897520 2.915489 2.915489 2.930420 2.955139 2.955139 2.975896 2.975896 2.994242 3.002748 3.010884 3.018694 3.018694 3.223078 3.320249 3.406192 3.481037 3.545670 3.601037 3.647965 3.687119 3.719014 3.744036 3.762472 3.774426 3.778310 3.760825 3.760825 3.683649 3.490012 2.971997 2.895609 2.895609 3.000193 3.000193 3.137090 3.137090 3.198933 3.308890 3.308890 3.402661 3.402661 3.506432 3.506432 3.506432 3.545029 3.545029 3.557119 3.557119 3.549941 3.549941 3.532924 3.532924 3.513208 3.513208 3.513208 3.494350
2.825840 2.825840 2.822935 2.898061 2.915923 2.915923 2.930621 2.955139 2.955139 2.975895 2.975895 2.994261 3.002775 3.010918 3.018734 3.018734 3.293571 3.400902 3.490610 3.565908 3.629352 3.682845 3.727769 3.765124 3.795611 3.819712 3.837743 3.849424 3.847852 3.784530 3.784530 3.572891 3.225626 2.755279 2.771633 2.771633 2.936117 2.936117 3.082616 3.082616 3.146967 3.261955 3.261955 3.360810 3.360810 3.474688 3.474688 3.474688 3.523095 3.523095 3.545051 3.545051 3.543927 3.543927 3.526551 3.526551 3.500395 3.500395 3.500395 3.472471
