simulation_files/asc/Velocity____312.0.asc
NCOLS        79
NROWS        79
XLLCENTER         -1.500000
YLLCENTER         -4.800000
CELLSIZE           0.100
NODATA_VALUE     -9999.0
[rows 0 to 26 of 79, columns 0 to 59 of 79]
-9999.000 -9999.000 -9999.000 -9999.000 -9999.000 -9999.000 -9999.000 -9999.000 -9999.000 -9999.000 -9999.000 -9999.000 -9999.000 -9999.000 -9999.000 0.9671955E-01 0.9463967E-01 0.9429490E-01 0.9481049E-01 0.9565196E-01 0.9656355E-01 0.9743264E-01 0.9814565E-01 0.9868686E-01 0.9906559E-01 0.9929958E-01 0.9945846E-01 0.9975079E-01 0.1007663 0.1017893 0.1017893 -9999.000 -9999.000 -9999.000 -9999.000 -9999.000 -9999.000 -9999.000 -9999.000 -9999.000 -9999.000 -9999.000 -9999.000 -9999.000 -9999.000 -9999.000 -9999.000 -9999.000 -9999.000 -9999.000 -9999.000 -9999.000 -9999.000 -9999.000 -9999.000 -9999.000 -9999.000 -9999.000 -9999.000 -9999.000
-9999.000 -9999.000 -9999.000 -9999.000 -9999.000 -9999.000 -9999.000 -9999.000 -9999.000 -9999.000 -9999.000 -9999.000 -9999.000 -9999.000 -9999.000 0.9550669E-01 0.9127983E-01 0.9061396E-01 0.9173111E-01 0.9351937E-01 0.9546676E-01 0.9735265E-01 0.9894229E-01 0.1001938 0.1011166 0.1017400 0.1022124 0.1029997 0.1054102 0.1081656 0.1081656 -9999.000 -9999.000 -9999.000 -9999.000 -9999.000 -9999.000 -9999.000 -9999.000 -9999.000 -9999.000 -9999.000 -9999.000 -9999.000 -9999.000 -9999.000 -9999.000 -9999.000 -9999.000 -9999.000 -9999.000 -9999.000 -9999.000 -9999.000 -9999.000 -9999.000 -9999.000 -9999.000 -9999.000 -9999.000
-9999.000 -9999.000 -9999.000 -9999.000 -9999.000 -9999.000 -9999.000 -9999.000 -9999.000 -9999.000 -9999.000 -9999.000 -9999.000 -9999.000 -9999.000 0.9293213E-01 0.8645681E-01 0.8540088E-01 0.8719549E-01 0.9007294E-01 0.9323944E-01 0.9636810E-01 0.9910078E-01 0.1013751 0.1031994 0.1046060 0.1058129 0.1075507 0.1119044 0.1172321 0.1172321 -9999.000 -9999.000 -9999.000 -9999.000 -9999.000 -9999.000 -9999.000 -9999.000 -9999.000 -9999.000 -9999.000 -9999.000 -9999.000 -9999.000 -9999.000 -9999.000 -9999.000 -9999.000 -9999.000 -9999.000 -9999.000 -9999.000 -9999.000 -9999.000 -9999.000 -9999.000 -9999.000 -9999.000 -9999.000
-9999.000 -9999.000 -9999.000 -9999.000 -9999.000 -9999.000 -9999.000 -9999.000 -9999.000 -9999.000 -9999.000 -9999.000 -9999.000 -9999.000 -9999.000 0.8969223E-01 0.8105941E-01 0.7962289E-01 0.8212277E-01 0.8611722E-01 0.9053550E-01 0.9495652E-01 0.9890683E-01 0.1023100 0.1051707 0.1075158 0.1096229 0.1124843 0.1189879 0.1274493 0.1274493 -9999.000 -9999.000 -9999.000 -9999.000 -9999.000 -9999.000 -9999.000 -9999.000 -9999.000 -9999.000 -9999.000 -9999.000 -9999.000 -9999.000 -9999.000 -9999.000 -9999.000 -9999.000 -9999.000 -9999.000 -9999.000 -9999.000 -9999.000 -9999.000 -9999.000 -9999.000 -9999.000 -9999.000 -9999.000
-9999.000 -9999.000 -9999.000 -9999.000 -9999.000 -9999.000 -9999.000 -9999.000 -9999.000 -9999.000 -9999.000 -9999.000 -9999.000 -9999.000 -9999.000 0.8601780E-01 0.7528709E-01 0.7348882E-01 0.7673165E-01 0.8187359E-01 0.8756918E-01 0.9331549E-01 0.9852765E-01 0.1031215 0.1070972 0.1104700 0.1135744 0.1176713 0.1264964 0.1386739 0.1386739 -9999.000 -9999.000 -9999.000 -9999.000 -9999.000 -9999.000 -9999.000 -9999.000 -9999.000 -9999.000 -9999.000 -9999.000 -9999.000 -9999.000 -9999.000 -9999.000 -9999.000 -9999.000 -9999.000 -9999.000 -9999.000 -9999.000 -9999.000 -9999.000 -9999.000 -9999.000 -9999.000 -9999.000 -9999.000
-9999.000 -9999.000 -9999.000 -9999.000 -9999.000 -9999.000 -9999.000 -9999.000 -9999.000 -9999.000 -9999.000 -9999.000 -9999.000 -9999.000 -9999.000 0.8199310E-01 0.6922486E-01 0.6710412E-01 0.7114467E-01 0.7747028E-01 0.8446604E-01 0.9156048E-01 0.9806228E-01 0.1038863 0.1090263 0.1134822 0.1176455 0.1230607 0.1343696 0.1509263 0.1509263 -9999.000 -9999.000 -9999.000 -9999.000 -9999.000 -9999.000 -9999.000 -9999.000 -9999.000 -9999.000 -9999.000 -9999.000 -9999.000 -9999.000 -9999.000 -9999.000 -9999.000 -9999.000 -9999.000 -9999.000 -9999.000 -9999.000 -9999.000 -9999.000 -9999.000 -9999.000 -9999.000 -9999.000 -9999.000
-9999.000 -9999.000 -9999.000 -9999.000 -9999.000 -9999.000 -9999.000 -9999.000 -9999.000 -9999.000 -9999.000 -9999.000 -9999.000 -9999.000 -9999.000 0.7763235E-01 0.6290324E-01 0.6052704E-01 0.6543889E-01 0.7298715E-01 0.8130050E-01 0.8975773E-01 0.9756616E-01 0.1046465 0.1109848 0.1165616 0.1218279 0.1286317 0.1425954 0.1643287 0.1643287 -9999.000 -9999.000 -9999.000 -9999.000 -9999.000 -9999.000 -9999.000 -9999.000 -9999.000 -9999.000 -9999.000 -9999.000 -9999.000 -9999.000 -9999.000 -9999.000 -9999.000 -9999.000 -9999.000 -9999.000 -9999.000 -9999.000 -9999.000 -9999.000 -9999.000 -9999.000 -9999.000 -9999.000 -9999.000
-9999.000 -9999.000 -9999.000 -9999.000 -9999.000 -9999.000 -9999.000 -9999.000 -9999.000 -9999.000 -9999.000 -9999.000 -9999.000 -9999.000 -9999.000 0.7291523E-01 0.5632856E-01 0.5380339E-01 0.5968045E-01 0.6848716E-01 0.7812505E-01 0.8794990E-01 0.9707233E-01 0.1054267 0.1129880 0.1197130 0.1261172 0.1343766 0.1511852 0.1790807 0.1790807 -9999.000 -9999.000 -9999.000 -9999.000 -9999.000 -9999.000 -9999.000 -9999.000 -9999.000 -9999.000 -9999.000 -9999.000 -9999.000 -9999.000 -9999.000 -9999.000 -9999.000 -9999.000 -9999.000 -9999.000 -9999.000 -9999.000 -9999.000 -9999.000 -9999.000 -9999.000 -9999.000 -9999.000 -9999.000
-9999.000 -9999.000 -9999.000 -9999.000 -9999.000 -9999.000 -9999.000 -9999.000 -9999.000 -9999.000 -9999.000 -9999.000 -9999.000 -9999.000 -9999.000 0.6780221E-01 0.4949917E-01 0.4699358E-01 0.5395088E-01 0.6403723E-01 0.7498828E-01 0.8617174E-01 0.9660546E-01 0.1062437 0.1150462 0.1229397 0.1305109 0.1402938 0.1601634 0.1954623 0.1954623 -9999.000 -9999.000 -9999.000 -9999.000 -9999.000 -9999.000 -9999.000 -9999.000 -9999.000 -9999.000 -9999.000 -9999.000 -9999.000 -9999.000 -9999.000 -9999.000 -9999.000 -9999.000 -9999.000 -9999.000 -9999.000 -9999.000 -9999.000 -9999.000 -9999.000 -9999.000 -9999.000 -9999.000 -9999.000
-9999.000 -9999.000 -9999.000 -9999.000 -9999.000 -9999.000 -9999.000 -9999.000 -9999.000 -9999.000 -9999.000 -9999.000 -9999.000 -9999.000 -9999.000 0.6224053E-01 0.4242031E-01 0.4020958E-01 0.4837525E-01 0.5972620E-01 0.7194760E-01 0.8446050E-01 0.9618996E-01 0.1071141 0.1171691 0.1262455 0.1350073 0.1463841 0.1695625 0.2138527 0.2138527 -9999.000 -9999.000 -9999.000 -9999.000 -9999.000 -9999.000 -9999.000 -9999.000 -9999.000 -9999.000 -9999.000 -9999.000 -9999.000 -9999.000 -9999.000 -9999.000 -9999.000 -9999.000 -9999.000 -9999.000 -9999.000 -9999.000 -9999.000 -9999.000 -9999.000 -9999.000 -9999.000 -9999.000 -9999.000
-9999.000 -9999.000 -9999.000 -9999.000 -9999.000 -9999.000 -9999.000 -9999.000 -9999.000 -9999.000 -9999.000 -9999.000 -9999.000 -9999.000 -9999.000 0.5616733E-01 0.3512657E-01 0.3368437E-01 0.4316303E-01 0.5568428E-01 0.6908128E-01 0.8286543E-01 0.9585888E-01 0.1080608 0.1193719 0.1296374 0.1396080 0.1526516 0.1794221 0.2347673 0.2347673 -9999.000 -9999.000 -9999.000 -9999.000 -9999.000 -9999.000 -9999.000 -9999.000 -9999.000 -9999.000 -9999.000 -9999.000 -9999.000 -9999.000 -9999.000 -9999.000 -9999.000 -9999.000 -9999.000 -9999.000 -9999.000 -9999.000 -9999.000 -9999.000 -9999.000 -9999.000 -9999.000 -9999.000 -9999.000
-9999.000 -9999.000 -9999.000 -9999.000 -9999.000 -9999.000 -9999.000 -9999.000 -9999.000 -9999.000 -9999.000 -9999.000 -9999.000 -9999.000 -9999.000 0.4950913E-01 0.2774372E-01 0.2792793E-01 0.3867066E-01 0.5210870E-01 0.6650423E-01 0.8145927E-01 0.9566268E-01 0.1091207 0.1216810 0.1331321 0.1443217 0.1591057 0.1897901 0.2589196 0.2589196 -9999.000 -9999.000 -9999.000 -9999.000 -9999.000 -9999.000 -9999.000 -9999.000 -9999.000 -9999.000 -9999.000 -9999.000 -9999.000 -9999.000 -9999.000 -9999.000 -9999.000 -9999.000 -9999.000 -9999.000 -9999.000 -9999.000 -9999.000 -9999.000 -9999.000 -9999.000 -9999.000 -9999.000 -9999.000
-9999.000 -9999.000 -9999.000 -9999.000 -9999.000 -9999.000 -9999.000 -9999.000 -9999.000 -9999.000 -9999.000 -9999.000 -9999.000 -9999.000 -9999.000 0.4218264E-01 0.2069586E-01 0.2400612E-01 0.3547864E-01 0.4930137E-01 0.6439322E-01 0.8035813E-01 0.9568597E-01 0.1103601 0.1241485 0.1367683 0.1491756 0.1657706 0.2007285 0.2873251 0.2873251 -9999.000 -9999.000 -9999.000 -9999.000 -9999.000 -9999.000 -9999.000 -9999.000 -9999.000 -9999.000 -9999.000 -9999.000 -9999.000 -9999.000 -9999.000 -9999.000 -9999.000 -9999.000 -9999.000 -9999.000 -9999.000 -9999.000 -9999.000 -9999.000 -9999.000 -9999.000 -9999.000 -9999.000 -9999.000
-9999.000 -9999.000 -9999.000 -9999.000 -9999.000 -9999.000 -9999.000 -9999.000 -9999.000 -9999.000 -9999.000 -9999.000 -9999.000 -9999.000 -9999.000 0.3399284E-01 0.1576888E-01 0.2413644E-01 0.3492239E-01 0.4815496E-01 0.6338497E-01 0.8003218E-01 0.9628975E-01 0.1120609 0.1269956 0.1407185 0.1543030 0.1727518 0.2123557 0.3215104 0.3215104 -9999.000 -9999.000 -9999.000 -9999.000 -9999.000 -9999.000 -9999.000 -9999.000 -9999.000 -9999.000 -9999.000 -9999.000 -9999.000 -9999.000 -9999.000 -9999.000 -9999.000 -9999.000 -9999.000 -9999.000 -9999.000 -9999.000 -9999.000 -9999.000 -9999.000 -9999.000 -9999.000 -9999.000 -9999.000
-9999.000 -9999.000 -9999.000 -9999.000 -9999.000 -9999.000 -9999.000 -9999.000 -9999.000 -9999.000 -9999.000 -9999.000 -9999.000 -9999.000 -9999.000 0.5167875E-01 0.7863718E-01 0.8928865E-01 0.8579172E-01 0.8691934E-01 0.9100826E-01 0.9882806E-01 0.1089761 0.1208611 0.1335401 0.1461189 0.1594688 0.1790614 0.2234777 0.3608108 0.3608108 -9999.000 -9999.000 -9999.000 -9999.000 -9999.000 -9999.000 -9999.000 -9999.000 -9999.000 -9999.000 -9999.000 -9999.000 -9999.000 -9999.000 -9999.000 -9999.000 -9999.000 -9999.000 -9999.000 -9999.000 -9999.000 -9999.000 -9999.000 -9999.000 -9999.000 -9999.000 -9999.000 -9999.000 -9999.000
2.743840 2.743840 2.738467 2.759432 2.778694 2.778694 2.781899 2.782654 2.782654 2.780003 2.780003 2.774846 2.771532 2.767826 2.763937 2.763937 2.862863 2.865667 2.862542 2.838169 2.794359 2.730002 2.642867 2.535058 2.407937 2.263315 2.105672 1.945579 1.810286 1.774258 1.774258 2.597063 2.764506 2.856216 2.878076 2.878076 2.903803 2.903803 2.873046 2.873046 2.821340 2.620481 2.620481 2.159646 2.159646 1.965705 1.965705 1.965705 1.967494 1.967494 2.006240 2.006240 2.055556 2.055556 2.104719 2.104719 2.147406 2.147406 2.147406 2.179904
2.764754 2.764754 2.767895 2.811173 2.837214 2.837214 2.852153 2.875267 2.875267 2.894488 2.894488 2.911028 2.918505 2.925548 2.932347 2.932347 3.006758 3.021975 3.035225 3.043420 3.046523 3.042831 3.029439 3.004270 2.965001 2.909506 2.836853 2.748519 2.651409 2.589072 2.589072 3.028953 3.181257 3.326664 3.365500 3.365500 3.406968 3.406968 3.400282 3.400282 3.373926 3.259982 3.259982 3.008337 3.008337 2.785602 2.785602 2.785602 2.786685 2.786685 2.827258 2.827258 2.879636 2.879636 2.931475 2.931475 2.977458 2.977458 2.977458 3.015008
2.768979 2.768979 2.767066 2.812932 2.836901 2.836901 2.852530 2.876540 2.876540 2.896386 2.896386 2.913607 2.921465 2.928918 2.936166 2.936166 3.003888 3.029609 3.053557 3.073971 3.090650 3.103217 3.110662 3.112143 3.106393 3.091712 3.066519 3.030346 2.986168 2.957466 2.957466 3.210047 3.355165 3.521579 3.569291 3.569291 3.614234 3.614234 3.596010 3.596010 3.563441 3.461254 3.461254 3.296065 3.296065 3.083267 3.083267 3.083267 3.068015 3.068015 3.097759 3.097759 3.142269 3.142269 3.187979 3.187979 3.229278 3.229278 3.229278 3.263403
2.771364 2.771364 2.768939 2.812886 2.835615 2.835615 2.851797 2.876498 2.876498 2.896460 2.896460 2.913676 2.921533 2.928990 2.936281 2.936281 3.000779 3.035692 3.069429 3.099517 3.125108 3.145911 3.161617 3.172144 3.177345 3.176790 3.169897 3.156494 3.138355 3.129905 3.129905 3.286109 3.415070 3.585522 3.635891 3.635891 3.671678 3.671678 3.630253 3.630253 3.590534 3.505039 3.505039 3.404974 3.404974 3.227201 3.227201 3.227201 3.195342 3.195342 3.212207 3.212207 3.249210 3.249210 3.290547 3.290547 3.328862 3.328862 3.328862 3.360639
2.770359 2.770359 2.775204 2.813521 2.835340 2.835340 2.851780 2.876796 2.876796 2.896644 2.896644 2.913705 2.921509 2.928928 2.936249 2.936249 3.001359 3.044518 3.087283 3.126290 3.160132 3.188304 3.210591 3.227059 3.237911 3.243324 3.243463 3.238759 3.230899 3.229553 3.229553 3.329818 3.438170 3.596930 3.639481 3.639481 3.643449 3.643449 3.575684 3.575684 3.538384 3.486999 3.486999 3.443849 3.443849 3.317160 3.317160 3.317160 3.274166 3.274166 3.276182 3.276182 3.303292 3.303292 3.338883 3.338883 3.373483 3.373483 3.373483 3.402372
2.770724 2.770724 2.778431 2.813523 2.834924 2.834924 2.851702 2.877249 2.877249 2.897179 2.897179 2.914164 2.921914 2.929281 2.936634 2.936634 3.007022 3.057978 3.108986 3.156045 3.197414 3.232417 3.260815 3.282664 3.298204 3.307770 3.311779 3.310922 3.306812 3.306237 3.306237 3.369455 3.454167 3.580657 3.599090 3.599090 3.549406 3.549406 3.474651 3.474651 3.454514 3.448582 3.448582 3.451337 3.451337 3.379850 3.379850 3.379850 3.335500 3.335500 3.324382 3.324382 3.339622 3.339622 3.367217 3.367217 3.396370 3.396370 3.396370 3.421074
2.770907 2.770907 2.780365 2.813397 2.834503 2.834503 2.851426 2.877241 2.877241 2.897214 2.897214 2.914184 2.921928 2.929292 2.936758 2.936758 3.018116 3.076986 3.135653 3.189911 3.237950 3.279052 3.312986 3.339799 3.359708 3.373039 3.380240 3.381991 3.379660 3.377889 3.377889 3.414856 3.473207 3.535456 3.508357 3.508357 3.406709 3.406709 3.362568 3.362568 3.369116 3.406528 3.406528 3.442633 3.442633 3.421599 3.421599 3.421599 3.385770 3.385770 3.366763 3.366763 3.370168 3.370168 3.387903 3.387903 3.409655 3.409655 3.409655 3.428622
2.770963 2.770963 2.781019 2.813354 2.834362 2.834362 2.851331 2.877236 2.877236 2.897223 2.897223 2.914188 2.921929 2.929292 2.936922 2.936922 3.035965 3.103207 3.169058 3.229611 3.283285 3.329490 3.368091 3.399172 3.422946 3.439714 3.449867 3.453974 3.453048 3.449832 3.449832 3.466741 3.493222 3.440275 3.355008 3.355008 3.247094 3.247094 3.265030 3.265030 3.296672 3.366197 3.366197 3.424947 3.424947 3.445557 3.445557 3.445557 3.424924 3.424924 3.404774 3.404774 3.398637 3.398637 3.405691 3.405691 3.418312 3.418312 3.418312 3.429957
2.770907 2.770907 2.780365 2.813397 2.834503 2.834503 2.851426 2.877241 2.877241 2.897213 2.897213 2.914183 2.921927 2.929290 2.937152 2.937152 3.062132 3.138438 3.211071 3.276978 3.335104 3.385191 3.427310 3.461660 3.488501 3.508122 3.520859 3.527143 3.527543 3.522521 3.522521 3.519873 3.498145 3.269600 3.150075 3.150075 3.108150 3.108150 3.189964 3.189964 3.238318 3.327964 3.327964 3.401831 3.401831 3.454712 3.454712 3.454712 3.451816 3.451816 3.436503 3.436503 3.424668 3.424668 3.421569 3.421569 3.423931 3.423931 3.423931 3.426902
2.770724 2.770724 2.778431 2.813524 2.834925 2.834925 2.851702 2.877249 2.877249 2.897179 2.897179 2.914164 2.921915 2.929281 2.937466 2.937466 3.098925 3.185022 3.263952 3.334104 3.395296 3.447803 3.492019 3.528345 3.557144 3.578735 3.593416 3.601480 3.602770 3.593405 3.593405 3.559199 3.447448 3.030987 2.942736 2.942736 3.007908 3.007908 3.130341 3.130341 3.187767 3.289507 3.289507 3.373896 3.373896 3.450963 3.450963 3.450963 3.465120 3.465120 3.458465 3.458465 3.445107 3.445107 3.433588 3.433588 3.425447 3.425447 3.425447 3.418906
2.770358 2.770358 2.775204 2.813520 2.835340 2.835340 2.851781 2.876795 2.876795 2.896645 2.896645 2.913706 2.921509 2.928928 2.937609 2.937609 3.149676 3.246033 3.330430 3.403387 3.465935 3.519090 3.563695 3.600421 3.629783 3.652163 3.667857 3.676966 3.677507 3.653284 3.653284 3.543056 3.275812 2.788171 2.788647 2.788647 2.935863 2.935863 3.076928 3.076928 3.139049 3.248466 3.248466 3.340450 3.340450 3.435072 3.435072 3.435072 3.463699 3.463699 3.467030 3.467030 3.455327 3.455327 3.437775 3.437775 3.419825 3.419825 3.419825 3.403669
2.771364 2.771364 2.768939 2.812886 2.835616 2.835616 2.851797 2.876498 2.876498 2.896460 2.896460 2.913676 2.921533 2.928989 2.938317 2.938317 3.220481 3.326591 3.414674 3.488177 3.549727 3.601245 3.644109 3.679303 3.707517 3.729216 3.744709 3.753573 3.747222 3.667870 3.667870 3.381636 2.951167 2.624758 2.686487 2.686487 2.869345 2.869345 3.018787 3.018787 3.083791 3.198868 3.198868 3.296639 3.296639 3.403855 3.403855 3.403855 3.443769 3.443769 3.456423 3.456423 3.448018 3.448018 3.426749 3.426749 3.400452 3.400452 3.400452 3.375434
