simulation_files/asc/Velocity__y_208.0.asc
NCOLS        79
NROWS        79
XLLCENTER         -1.500000
YLLCENTER         -4.800000
CELLSIZE           0.100
NODATA_VALUE     -9999.0
[rows 0 to 26 of 79, columns 0 to 58 of 79]
-9999.000 -9999.000 -9999.000 -9999.000 -9999.000 -9999.000 -9999.000 -9999.000 -9999.000 -9999.000 -9999.000 -9999.000 -9999.000 -9999.000 -9999.000 -0.8819897E-01 -0.8477457E-01 -0.8323176E-01 -0.8246747E-01 -0.8284659E-01 -0.8368047E-01 -0.8458849E-01 -0.8547957E-01 -0.8629722E-01 -0.8697210E-01 -0.8756489E-01 -0.8810574E-01 -0.8874796E-01 -0.9006290E-01 -0.9146956E-01 -0.9146956E-01 -9999.000 -9999.000 -9999.000 -9999.000 -9999.000 -9999.000 -9999.000 -9999.000 -9999.000 -9999.000 -9999.000 -9999.000 -9999.000 -9999.000 -9999.000 -9999.000 -9999.000 -9999.000 -9999.000 -9999.000 -9999.000 -9999.000 -9999.000 -9999.000 -9999.000 -9999.000 -9999.000 -9999.000
-9999.000 -9999.000 -9999.000 -9999.000 -9999.000 -9999.000 -9999.000 -9999.000 -9999.000 -9999.000 -9999.000 -9999.000 -9999.000 -9999.000 -9999.000 -0.8953011E-01 -0.8231379E-01 -0.7901017E-01 -0.7739107E-01 -0.7824368E-01 -0.8011205E-01 -0.8217931E-01 -0.8423898E-01 -0.8615870E-01 -0.8778101E-01 -0.8922570E-01 -0.9054978E-01 -0.9206831E-01 -0.9497609E-01 -0.9835132E-01 -0.9835132E-01 -9999.000 -9999.000 -9999.000 -9999.000 -9999.000 -9999.000 -9999.000 -9999.000 -9999.000 -9999.000 -9999.000 -9999.000 -9999.000 -9999.000 -9999.000 -9999.000 -9999.000 -9999.000 -9999.000 -9999.000 -9999.000 -9999.000 -9999.000 -9999.000 -9999.000 -9999.000 -9999.000 -9999.000
-9999.000 -9999.000 -9999.000 -9999.000 -9999.000 -9999.000 -9999.000 -9999.000 -9999.000 -9999.000 -9999.000 -9999.000 -9999.000 -9999.000 -9999.000 -0.9004860E-01 -0.7865722E-01 -0.7333062E-01 -0.7077005E-01 -0.7225793E-01 -0.7546044E-01 -0.7905180E-01 -0.8268058E-01 -0.8611235E-01 -0.8907478E-01 -0.9174526E-01 -0.9419903E-01 -0.9692712E-01 -0.1018295 -0.1079108 -0.1079108 -9999.000 -9999.000 -9999.000 -9999.000 -9999.000 -9999.000 -9999.000 -9999.000 -9999.000 -9999.000 -9999.000 -9999.000 -9999.000 -9999.000 -9999.000 -9999.000 -9999.000 -9999.000 -9999.000 -9999.000 -9999.000 -9999.000 -9999.000 -9999.000 -9999.000 -9999.000 -9999.000 -9999.000
-9999.000 -9999.000 -9999.000 -9999.000 -9999.000 -9999.000 -9999.000 -9999.000 -9999.000 -9999.000 -9999.000 -9999.000 -9999.000 -9999.000 -9999.000 -0.9011738E-01 -0.7453477E-01 -0.6718037E-01 -0.6370740E-01 -0.6590427E-01 -0.7053333E-01 -0.7574774E-01 -0.8105198E-01 -0.8610462E-01 -0.9051138E-01 -0.9450872E-01 -0.9818444E-01 -0.1022101 -0.1092244 -0.1184774 -0.1184774 -9999.000 -9999.000 -9999.000 -9999.000 -9999.000 -9999.000 -9999.000 -9999.000 -9999.000 -9999.000 -9999.000 -9999.000 -9999.000 -9999.000 -9999.000 -9999.000 -9999.000 -9999.000 -9999.000 -9999.000 -9999.000 -9999.000 -9999.000 -9999.000 -9999.000 -9999.000 -9999.000 -9999.000
-9999.000 -9999.000 -9999.000 -9999.000 -9999.000 -9999.000 -9999.000 -9999.000 -9999.000 -9999.000 -9999.000 -9999.000 -9999.000 -9999.000 -9999.000 -0.8995350E-01 -0.7011751E-01 -0.6071201E-01 -0.5633485E-01 -0.5929151E-01 -0.6541002E-01 -0.7231116E-01 -0.7935768E-01 -0.8609773E-01 -0.9200940E-01 -0.9739420E-01 -0.1023496 -0.1077367 -0.1169789 -0.1299058 -0.1299058 -9999.000 -9999.000 -9999.000 -9999.000 -9999.000 -9999.000 -9999.000 -9999.000 -9999.000 -9999.000 -9999.000 -9999.000 -9999.000 -9999.000 -9999.000 -9999.000 -9999.000 -9999.000 -9999.000 -9999.000 -9999.000 -9999.000 -9999.000 -9999.000 -9999.000 -9999.000 -9999.000 -9999.000
-9999.000 -9999.000 -9999.000 -9999.000 -9999.000 -9999.000 -9999.000 -9999.000 -9999.000 -9999.000 -9999.000 -9999.000 -9999.000 -9999.000 -9999.000 -0.8961820E-01 -0.6545842E-01 -0.5397787E-01 -0.4870084E-01 -0.5246268E-01 -0.6012289E-01 -0.6875894E-01 -0.7759786E-01 -0.8607364E-01 -0.9353117E-01 -0.1003475 -0.1066257 -0.1134303 -0.1250252 -0.1422135 -0.1422135 -9999.000 -9999.000 -9999.000 -9999.000 -9999.000 -9999.000 -9999.000 -9999.000 -9999.000 -9999.000 -9999.000 -9999.000 -9999.000 -9999.000 -9999.000 -9999.000 -9999.000 -9999.000 -9999.000 -9999.000 -9999.000 -9999.000 -9999.000 -9999.000 -9999.000 -9999.000 -9999.000 -9999.000
-9999.000 -9999.000 -9999.000 -9999.000 -9999.000 -9999.000 -9999.000 -9999.000 -9999.000 -9999.000 -9999.000 -9999.000 -9999.000 -9999.000 -9999.000 -0.8910803E-01 -0.6056068E-01 -0.4698470E-01 -0.4081514E-01 -0.4543012E-01 -0.5468224E-01 -0.6509560E-01 -0.7576967E-01 -0.8602148E-01 -0.9505618E-01 -0.1033409 -0.1109792 -0.1192554 -0.1333448 -0.1555073 -0.1555073 -9999.000 -9999.000 -9999.000 -9999.000 -9999.000 -9999.000 -9999.000 -9999.000 -9999.000 -9999.000 -9999.000 -9999.000 -9999.000 -9999.000 -9999.000 -9999.000 -9999.000 -9999.000 -9999.000 -9999.000 -9999.000 -9999.000 -9999.000 -9999.000 -9999.000 -9999.000 -9999.000 -9999.000
-9999.000 -9999.000 -9999.000 -9999.000 -9999.000 -9999.000 -9999.000 -9999.000 -9999.000 -9999.000 -9999.000 -9999.000 -9999.000 -9999.000 -9999.000 -0.8838771E-01 -0.5540309E-01 -0.3971845E-01 -0.3266978E-01 -0.3819208E-01 -0.4908790E-01 -0.6131861E-01 -0.7386791E-01 -0.8593162E-01 -0.9656963E-01 -0.1063553 -0.1153880 -0.1251925 -0.1419395 -0.1699582 -0.1699582 -9999.000 -9999.000 -9999.000 -9999.000 -9999.000 -9999.000 -9999.000 -9999.000 -9999.000 -9999.000 -9999.000 -9999.000 -9999.000 -9999.000 -9999.000 -9999.000 -9999.000 -9999.000 -9999.000 -9999.000 -9999.000 -9999.000 -9999.000 -9999.000 -9999.000 -9999.000 -9999.000 -9999.000
-9999.000 -9999.000 -9999.000 -9999.000 -9999.000 -9999.000 -9999.000 -9999.000 -9999.000 -9999.000 -9999.000 -9999.000 -9999.000 -9999.000 -9999.000 -0.8740404E-01 -0.4995213E-01 -0.3215386E-01 -0.2424672E-01 -0.3073907E-01 -0.4333413E-01 -0.5742126E-01 -0.7188410E-01 -0.8579329E-01 -0.9805518E-01 -0.1093727 -0.1198320 -0.1312249 -0.1508189 -0.1857997 -0.1857997 -9999.000 -9999.000 -9999.000 -9999.000 -9999.000 -9999.000 -9999.000 -9999.000 -9999.000 -9999.000 -9999.000 -9999.000 -9999.000 -9999.000 -9999.000 -9999.000 -9999.000 -9999.000 -9999.000 -9999.000 -9999.000 -9999.000 -9999.000 -9999.000 -9999.000 -9999.000 -9999.000 -9999.000
-9999.000 -9999.000 -9999.000 -9999.000 -9999.000 -9999.000 -9999.000 -9999.000 -9999.000 -9999.000 -9999.000 -9999.000 -9999.000 -9999.000 -9999.000 -0.8608986E-01 -0.4416426E-01 -0.2425703E-01 -0.1552090E-01 -0.2305618E-01 -0.3741027E-01 -0.5339228E-01 -0.6980600E-01 -0.8559159E-01 -0.9949317E-01 -0.1123706 -0.1242868 -0.1373323 -0.1599938 -0.2033407 -0.2033407 -9999.000 -9999.000 -9999.000 -9999.000 -9999.000 -9999.000 -9999.000 -9999.000 -9999.000 -9999.000 -9999.000 -9999.000 -9999.000 -9999.000 -9999.000 -9999.000 -9999.000 -9999.000 -9999.000 -9999.000 -9999.000 -9999.000 -9999.000 -9999.000 -9999.000 -9999.000 -9999.000 -9999.000
-9999.000 -9999.000 -9999.000 -9999.000 -9999.000 -9999.000 -9999.000 -9999.000 -9999.000 -9999.000 -9999.000 -9999.000 -9999.000 -9999.000 -9999.000 -0.8436234E-01 -0.3798597E-01 -0.1598531E-01 -0.6459525E-02 -0.1512294E-01 -0.3130062E-01 -0.4921534E-01 -0.6761625E-01 -0.8530606E-01 -0.1008567 -0.1153194 -0.1287195 -0.1434860 -0.1694721 -0.2229918 -0.2229918 -9999.000 -9999.000 -9999.000 -9999.000 -9999.000 -9999.000 -9999.000 -9999.000 -9999.000 -9999.000 -9999.000 -9999.000 -9999.000 -9999.000 -9999.000 -9999.000 -9999.000 -9999.000 -9999.000 -9999.000 -9999.000 -9999.000 -9999.000 -9999.000 -9999.000 -9999.000 -9999.000 -9999.000
-9999.000 -9999.000 -9999.000 -9999.000 -9999.000 -9999.000 -9999.000 -9999.000 -9999.000 -9999.000 -9999.000 -9999.000 -9999.000 -9999.000 -9999.000 -0.8211938E-01 -0.3134859E-01 -0.7283066E-02 0.2980427E-02 -0.6911817E-02 -0.2498405E-01 -0.4486857E-01 -0.6529128E-01 -0.8490906E-01 -0.1021094 -0.1181784 -0.1330840 -0.1496435 -0.1792540 -0.2453079 -0.2453079 -9999.000 -9999.000 -9999.000 -9999.000 -9999.000 -9999.000 -9999.000 -9999.000 -9999.000 -9999.000 -9999.000 -9999.000 -9999.000 -9999.000 -9999.000 -9999.000 -9999.000 -9999.000 -9999.000 -9999.000 -9999.000 -9999.000 -9999.000 -9999.000 -9999.000 -9999.000 -9999.000 -9999.000
-9999.000 -9999.000 -9999.000 -9999.000 -9999.000 -9999.000 -9999.000 -9999.000 -9999.000 -9999.000 -9999.000 -9999.000 -9999.000 -9999.000 -9999.000 -0.7918837E-01 -0.2412802E-01 0.1952233E-02 0.1286695E-01 0.1605550E-02 -0.1844521E-01 -0.4033519E-01 -0.6281145E-01 -0.8437368E-01 -0.1032119 -0.1208997 -0.1373225 -0.1557478 -0.1893317 -0.2710640 -0.2710640 -9999.000 -9999.000 -9999.000 -9999.000 -9999.000 -9999.000 -9999.000 -9999.000 -9999.000 -9999.000 -9999.000 -9999.000 -9999.000 -9999.000 -9999.000 -9999.000 -9999.000 -9999.000 -9999.000 -9999.000 -9999.000 -9999.000 -9999.000 -9999.000 -9999.000 -9999.000 -9999.000 -9999.000
-9999.000 -9999.000 -9999.000 -9999.000 -9999.000 -9999.000 -9999.000 -9999.000 -9999.000 -9999.000 -9999.000 -9999.000 -9999.000 -9999.000 -9999.000 -0.7390969E-01 -0.1502009E-01 0.1260275E-01 0.2335493E-01 0.1013433E-01 -0.1207023E-01 -0.3599133E-01 -0.6052200E-01 -0.8399846E-01 -0.1044052 -0.1236749 -0.1415778 -0.1619127 -0.1998571 -0.3015716 -0.3015716 -9999.000 -9999.000 -9999.000 -9999.000 -9999.000 -9999.000 -9999.000 -9999.000 -9999.000 -9999.000 -9999.000 -9999.000 -9999.000 -9999.000 -9999.000 -9999.000 -9999.000 -9999.000 -9999.000 -9999.000 -9999.000 -9999.000 -9999.000 -9999.000 -9999.000 -9999.000 -9999.000 -9999.000
-9999.000 -9999.000 -9999.000 -9999.000 -9999.000 -9999.000 -9999.000 -9999.000 -9999.000 -9999.000 -9999.000 -9999.000 -9999.000 -9999.000 -9999.000 -0.8426484E-02 0.1861096E-01 0.2738874E-01 0.2287330E-01 0.2664296E-02 -0.1971869E-01 -0.4315512E-01 -0.6733931E-01 -0.9057499E-01 -0.1107056 -0.1300960 -0.1482984 -0.1696635 -0.2115158 -0.3366881 -0.3366881 -9999.000 -9999.000 -9999.000 -9999.000 -9999.000 -9999.000 -9999.000 -9999.000 -9999.000 -9999.000 -9999.000 -9999.000 -9999.000 -9999.000 -9999.000 -9999.000 -9999.000 -9999.000 -9999.000 -9999.000 -9999.000 -9999.000 -9999.000 -9999.000 -9999.000 -9999.000 -9999.000 -9999.000
-0.4178725E-02 -0.4178725E-02 -0.5701401E-02 -0.7247350E-02 -0.6817651E-02 -0.6817651E-02 -0.6672839E-02 -0.6609487E-02 -0.6609487E-02 -0.6589060E-02 -0.6589060E-02 -0.6561374E-02 -0.6545253E-02 -0.6527232E-02 -0.6513244E-02 -0.6513244E-02 0.4195739E-01 0.3816041E-01 0.2315767E-01 -0.6707786E-03 -0.2871219E-01 -0.5974618E-01 -0.9277590E-01 -0.1263880 -0.1588216 -0.1895981 -0.2180707 -0.2452594 -0.2780499 -0.3490892 -0.3490892 -0.1979993 -0.1091356 -0.4020236E-01 -0.3076508E-01 -0.3076508E-01 -0.2425167E-01 -0.2425167E-01 -0.1321554E-01 -0.1321554E-01 -0.2599720E-02 0.2511977E-01 0.2511977E-01 0.3283711E-01 0.3283711E-01 -0.2505278E-02 -0.2505278E-02 -0.2505278E-02 -0.1182356E-02 -0.1182356E-02 -0.4862632E-03 -0.4862632E-03 -0.1029800E-02 -0.1029800E-02 -0.2161454E-02 -0.2161454E-02 -0.3347272E-02 -0.3347272E-02 -0.3347272E-02
-0.6086730E-02 -0.6086730E-02 -0.8054876E-02 -0.1058728E-01 -0.9708337E-02 -0.9708337E-02 -0.9385421E-02 -0.9281906E-02 -0.9281906E-02 -0.9285432E-02 -0.9285432E-02 -0.9270181E-02 -0.9257422E-02 -0.9242753E-02 -0.9250669E-02 -0.9250669E-02 0.3515764E-01 0.3281165E-01 0.1793538E-01 -0.6956746E-02 -0.4150628E-01 -0.8320919E-01 -0.1297982 -0.1794525 -0.2305030 -0.2807271 -0.3285318 -0.3720819 -0.4090241 -0.4345040 -0.4345040 -0.2989593 -0.2021245 -0.1087192 -0.9016375E-01 -0.9016375E-01 -0.6782091E-01 -0.6782091E-01 -0.2939628E-01 -0.2939628E-01 0.2839147E-02 0.7935018E-01 0.7935018E-01 0.1089489 0.1089489 0.2695858E-01 0.2695858E-01 0.2695858E-01 0.9478381E-02 0.9478381E-02 0.1463306E-02 0.1463306E-02 -0.3708915E-02 -0.3708915E-02 -0.7777082E-02 -0.7777082E-02 -0.1085556E-01 -0.1085556E-01 -0.1085556E-01
-0.4269058E-02 -0.4269058E-02 -0.5999199E-02 -0.9265481E-02 -0.8401635E-02 -0.8401635E-02 -0.7973128E-02 -0.7826594E-02 -0.7826594E-02 -0.7861133E-02 -0.7861133E-02 -0.7872715E-02 -0.7871258E-02 -0.7869246E-02 -0.7924237E-02 -0.7924237E-02 0.2383366E-01 0.2212860E-01 0.7913918E-02 -0.1691475E-01 -0.5173292E-01 -0.9482943E-01 -0.1443630 -0.1987566 -0.2566081 -0.3160782 -0.3755180 -0.4329598 -0.4854672 -0.5265428 -0.5265428 -0.4406800 -0.3577934 -0.2427686 -0.2061616 -0.2061616 -0.1433801 -0.1433801 -0.4894616E-01 -0.4894616E-01 0.1739358E-01 0.1537205 0.1537205 0.2146818 0.2146818 0.9697797E-01 0.9697797E-01 0.9697797E-01 0.3889258E-01 0.3889258E-01 0.8333043E-02 0.8333043E-02 -0.8323132E-02 -0.8323132E-02 -0.1832297E-01 -0.1832297E-01 -0.2428946E-01 -0.2428946E-01 -0.2428946E-01
-0.2421552E-02 -0.2421552E-02 -0.3912679E-02 -0.7886468E-02 -0.6952050E-02 -0.6952050E-02 -0.6452983E-02 -0.6258102E-02 -0.6258102E-02 -0.6288779E-02 -0.6288779E-02 -0.6297489E-02 -0.6294578E-02 -0.6291612E-02 -0.6387406E-02 -0.6387406E-02 0.1278335E-01 0.9099771E-02 -0.6052246E-02 -0.3154220E-01 -0.6660661E-01 -0.1099943 -0.1602378 -0.2159756 -0.2760211 -0.3389798 -0.4034917 -0.4679349 -0.5297216 -0.5827844 -0.5827844 -0.5462255 -0.4891065 -0.3795959 -0.3310137 -0.3310137 -0.2197704 -0.2197704 -0.5180831E-01 -0.5180831E-01 0.4770891E-01 0.2189681 0.2189681 0.2918986 0.2918986 0.1683004 0.1683004 0.1683004 0.7615723E-01 0.7615723E-01 0.1958239E-01 0.1958239E-01 -0.1225382E-01 -0.1225382E-01 -0.3017162E-01 -0.3017162E-01 -0.3966045E-01 -0.3966045E-01 -0.3966045E-01
-0.5546600E-03 -0.5546600E-03 -0.2940682E-02 -0.6233838E-02 -0.5350992E-02 -0.5350992E-02 -0.4876827E-02 -0.4686230E-02 -0.4686230E-02 -0.4717381E-02 -0.4717381E-02 -0.4726509E-02 -0.4723806E-02 -0.4720568E-02 -0.4866436E-02 -0.4866436E-02 0.2053300E-02 -0.5819485E-02 -0.2380718E-01 -0.5127175E-01 -0.8750567E-01 -0.1315633 -0.1823169 -0.2386376 -0.2995002 -0.3637911 -0.4303896 -0.4980022 -0.5645736 -0.6251563 -0.6251563 -0.6248354 -0.5943596 -0.5014699 -0.4423515 -0.4423515 -0.2697090 -0.2697090 -0.2692325E-01 -0.2692325E-01 0.9103899E-01 0.2623663 0.2623663 0.3307653 0.3307653 0.2237809 0.2237809 0.2237809 0.1143658 0.1143658 0.3538014E-01 0.3538014E-01 -0.1283634E-01 -0.1283634E-01 -0.4022886E-01 -0.4022886E-01 -0.5409909E-01 -0.5409909E-01 -0.5409909E-01
0.2907621E-03 0.2907621E-03 -0.2383703E-02 -0.4219508E-02 -0.3593415E-02 -0.3593415E-02 -0.3249228E-02 -0.3113907E-02 -0.3113907E-02 -0.3147224E-02 -0.3147224E-02 -0.3161078E-02 -0.3160964E-02 -0.3159273E-02 -0.3371127E-02 -0.3371127E-02 -0.8902452E-02 -0.2281133E-01 -0.4555290E-01 -0.7657970E-01 -0.1152222 -0.1607399 -0.2123098 -0.2690857 -0.3302630 -0.3949813 -0.4623361 -0.5312837 -0.6002082 -0.6652353 -0.6652353 -0.6893912 -0.6812565 -0.6005322 -0.5224853 -0.5224853 -0.2700979 -0.2700979 0.1835070E-01 0.1835070E-01 0.1318406 0.2776501 0.2776501 0.3358791 0.3358791 0.2569511 0.2569511 0.2569511 0.1478160 0.1478160 0.5440822E-01 0.5440822E-01 -0.9045028E-02 -0.9045028E-02 -0.4681470E-01 -0.4681470E-01 -0.6594396E-01 -0.6594396E-01 -0.6594396E-01
0.1308994E-03 0.1308994E-03 -0.1161866E-02 -0.2113299E-02 -0.1799027E-02 -0.1799027E-02 -0.1622246E-02 -0.1553058E-02 -0.1553058E-02 -0.1573980E-02 -0.1573980E-02 -0.1584447E-02 -0.1585562E-02 -0.1585250E-02 -0.1885990E-02 -0.1885990E-02 -0.2088968E-01 -0.4256138E-01 -0.7196399E-01 -0.1082747 -0.1507504 -0.1987598 -0.2517259 -0.3090976 -0.3703516 -0.4349207 -0.5021657 -0.5713025 -0.6410801 -0.7084332 -0.7084332 -0.7481402 -0.7557703 -0.6658066 -0.5493101 -0.5493101 -0.2172396 -0.2172396 0.6185236E-01 0.6185236E-01 0.1540218 0.2671989 0.2671989 0.3169286 0.3169286 0.2677893 0.2677893 0.2677893 0.1717670 0.1717670 0.7391402E-01 0.7391402E-01 -0.1174480E-02 -0.1174480E-02 -0.4908323E-01 -0.4908323E-01 -0.7404247E-01 -0.7404247E-01 -0.7404247E-01
0.3447981E-07 0.3447981E-07 -0.2316516E-07 -0.1353184E-06 0.5479357E-07 0.5479357E-07 -0.1321829E-07 0.1676350E-06 0.1676350E-06 -0.8549765E-07 -0.8549765E-07 -0.6309858E-07 0.8206537E-07 0.1445975E-06 -0.4199819E-03 -0.4199819E-03 -0.3504985E-01 -0.6633169E-01 -0.1043382 -0.1477072 -0.1955083 -0.2471461 -0.3022363 -0.3605097 -0.4217530 -0.4857293 -0.5521231 -0.6204599 -0.6898260 -0.7575870 -0.7575870 -0.8053166 -0.8187988 -0.6741145 -0.5000475 -0.5000475 -0.1375716 -0.1375716 0.8496410E-01 0.8496410E-01 0.1525483 0.2390222 0.2390222 0.2834832 0.2834832 0.2598282 0.2598282 0.2598282 0.1832228 0.1832228 0.9035423E-01 0.9035423E-01 0.9313488E-02 0.9313488E-02 -0.4692150E-01 -0.4692150E-01 -0.7758142E-01 -0.7758142E-01 -0.7758142E-01
-0.1308349E-03 -0.1308349E-03 0.1161719E-02 0.2113100E-02 0.1799136E-02 0.1799136E-02 0.1622201E-02 0.1553293E-02 0.1553293E-02 0.1574076E-02 0.1574076E-02 0.1584400E-02 0.1585576E-02 0.1585465E-02 0.1003421E-02 0.1003421E-02 -0.5304721E-01 -0.9614744E-01 -0.1448291 -0.1970403 -0.2516123 -0.3079681 -0.3659027 -0.4254213 -0.4866293 -0.5496393 -0.6144923 -0.6810634 -0.7487077 -0.8144214 -0.8144214 -0.8611577 -0.8613076 -0.5955395 -0.3794148 -0.3794148 -0.6955956E-01 -0.6955956E-01 0.8436351E-01 0.8436351E-01 0.1331292 0.2018091 0.2018091 0.2427623 0.2427623 0.2378608 0.2378608 0.2378608 0.1814796 0.1814796 0.1004786 0.1004786 0.2014023E-01 0.2014023E-01 -0.4092618E-01 -0.4092618E-01 -0.7610683E-01 -0.7610683E-01 -0.7610683E-01
-0.2907536E-03 -0.2907536E-03 0.2383587E-02 0.4219406E-02 0.3593586E-02 0.3593586E-02 0.3249279E-02 0.3114075E-02 0.3114075E-02 0.3147349E-02 0.3147349E-02 0.3161029E-02 0.3160894E-02 0.3159308E-02 0.2355315E-02 0.2355315E-02 -0.7744610E-01 -0.1351895 -0.1968220 -0.2596089 -0.3222127 -0.3841519 -0.4454522 -0.5064191 -0.5674917 -0.6291355 -0.6917580 -0.7555799 -0.8199195 -0.8789584 -0.8789584 -0.9071379 -0.8521429 -0.4334212 -0.2383006 -0.2383006 -0.3271807E-01 -0.3271807E-01 0.6848784E-01 0.6848784E-01 0.1051728 0.1618962 0.1618962 0.1992600 0.1992600 0.2063412 0.2063412 0.2063412 0.1677405 0.1677405 0.1022105 0.1022105 0.2883142E-01 0.2883142E-01 -0.3227643E-01 -0.3227643E-01 -0.6960569E-01 -0.6960569E-01 -0.6960569E-01
0.5546235E-03 0.5546235E-03 0.2940520E-02 0.6233724E-02 0.5350726E-02 0.5350726E-02 0.4876834E-02 0.4686333E-02 0.4686333E-02 0.4717561E-02 0.4717561E-02 0.4726485E-02 0.4723703E-02 0.4720540E-02 0.3613042E-02 0.3613042E-02 -0.1124829 -0.1885679 -0.2656246 -0.3405129 -0.4120027 -0.4799184 -0.5446558 -0.6068984 -0.6674534 -0.7271461 -0.7867410 -0.8467122 -0.9051115 -0.9445127 -0.9445127 -0.9086761 -0.7314935 -0.2543178 -0.1335941 -0.1335941 -0.2122769E-01 -0.2122769E-01 0.4738870E-01 0.4738870E-01 0.7592233E-01 0.1227939 0.1227939 0.1554542 0.1554542 0.1688215 0.1688215 0.1688215 0.1443264 0.1443264 0.9503797E-01 0.9503797E-01 0.3342871E-01 0.3342871E-01 -0.2242689E-01 -0.2242689E-01 -0.5851416E-01 -0.5851416E-01 -0.5851416E-01
0.2421586E-02 0.2421586E-02 0.3912590E-02 0.7886292E-02 0.6951750E-02 0.6951750E-02 0.6452835E-02 0.6257993E-02 0.6257993E-02 0.6288997E-02 0.6288997E-02 0.6297372E-02 0.6294614E-02 0.6291574E-02 0.4767544E-02 0.4767544E-02 -0.1657106 -0.2648800 -0.3597930 -0.4477145 -0.5281215 -0.6015397 -0.6689740 -0.7316193 -0.7907112 -0.8474451 -0.9029239 -0.9574751 -1.002533 -0.9762173 -0.9762173 -0.7819087 -0.4788050 -0.1299568 -0.7980844E-01 -0.7980844E-01 -0.2053797E-01 -0.2053797E-01 0.2727288E-01 0.2727288E-01 0.4911492E-01 0.8609947E-01 0.8609947E-01 0.1127321 0.1127321 0.1280248 0.1280248 0.1280248 0.1139817 0.1139817 0.7990550E-01 0.7990550E-01 0.3300462E-01 0.3300462E-01 -0.1271093E-01 -0.1271093E-01 -0.4366468E-01 -0.4366468E-01 -0.4366468E-01
