simulation_files/asc/Velocity__x_88.0.asc
NCOLS        79
NROWS        79
XLLCENTER         -1.500000
YLLCENTER         -4.800000
CELLSIZE           0.100
NODATA_VALUE     -9999.0
[rows 0 to 25 of 79, columns 0 to 57 of 79]
-9999.000 -9999.000 -9999.000 -9999.000 -9999.000 -9999.000 -9999.000 -9999.000 -9999.000 -9999.000 -9999.000 -9999.000 -9999.000 -9999.000 -9999.000 0.2652607E-03 0.1382013E-02 0.3273189E-02 0.4992407E-02 0.6510613E-02 0.7851449E-02 0.9034742E-02 0.1005908E-01 0.1088628E-01 0.1142236E-01 0.1149077E-01 0.1079287E-01 0.8847967E-02 0.4987035E-02 0.1623380E-02 0.1623380E-02 -9999.000 -9999.000 -9999.000 -9999.000 -9999.000 -9999.000 -9999.000 -9999.000 -9999.000 -9999.000 -9999.000 -9999.000 -9999.000 -9999.000 -9999.000 -9999.000 -9999.000 -9999.000 -9999.000 -9999.000 -9999.000 -9999.000 -9999.000 -9999.000 -9999.000 -9999.000 -9999.000
-9999.000 -9999.000 -9999.000 -9999.000 -9999.000 -9999.000 -9999.000 -9999.000 -9999.000 -9999.000 -9999.000 -9999.000 -9999.000 -9999.000 -9999.000 0.1115623E-02 0.3271942E-02 0.6369171E-02 0.9274844E-02 0.1189836E-01 0.1421211E-01 0.1618975E-01 0.1778232E-01 0.1889823E-01 0.1938330E-01 0.1900004E-01 0.1740370E-01 0.1411564E-01 0.8573479E-02 0.3406288E-02 0.3406288E-02 -9999.000 -9999.000 -9999.000 -9999.000 -9999.000 -9999.000 -9999.000 -9999.000 -9999.000 -9999.000 -9999.000 -9999.000 -9999.000 -9999.000 -9999.000 -9999.000 -9999.000 -9999.000 -9999.000 -9999.000 -9999.000 -9999.000 -9999.000 -9999.000 -9999.000 -9999.000 -9999.000
-9999.000 -9999.000 -9999.000 -9999.000 -9999.000 -9999.000 -9999.000 -9999.000 -9999.000 -9999.000 -9999.000 -9999.000 -9999.000 -9999.000 -9999.000 0.1847544E-02 0.4902644E-02 0.9047767E-02 0.1293584E-01 0.1644500E-01 0.1951834E-01 0.2210005E-01 0.2411060E-01 0.2542602E-01 0.2585813E-01 0.2513455E-01 0.2287587E-01 0.1856786E-01 0.1161017E-01 0.4891188E-02 0.4891188E-02 -9999.000 -9999.000 -9999.000 -9999.000 -9999.000 -9999.000 -9999.000 -9999.000 -9999.000 -9999.000 -9999.000 -9999.000 -9999.000 -9999.000 -9999.000 -9999.000 -9999.000 -9999.000 -9999.000 -9999.000 -9999.000 -9999.000 -9999.000 -9999.000 -9999.000 -9999.000 -9999.000
-9999.000 -9999.000 -9999.000 -9999.000 -9999.000 -9999.000 -9999.000 -9999.000 -9999.000 -9999.000 -9999.000 -9999.000 -9999.000 -9999.000 -9999.000 0.2498353E-02 0.6340056E-02 0.1138907E-01 0.1611830E-01 0.2038185E-01 0.2410285E-01 0.2720530E-01 0.2958850E-01 0.3110467E-01 0.3153780E-01 0.3058167E-01 0.2781425E-01 0.2266469E-01 0.1445751E-01 0.6294718E-02 0.6294718E-02 -9999.000 -9999.000 -9999.000 -9999.000 -9999.000 -9999.000 -9999.000 -9999.000 -9999.000 -9999.000 -9999.000 -9999.000 -9999.000 -9999.000 -9999.000 -9999.000 -9999.000 -9999.000 -9999.000 -9999.000 -9999.000 -9999.000 -9999.000 -9999.000 -9999.000 -9999.000 -9999.000
-9999.000 -9999.000 -9999.000 -9999.000 -9999.000 -9999.000 -9999.000 -9999.000 -9999.000 -9999.000 -9999.000 -9999.000 -9999.000 -9999.000 -9999.000 0.3108856E-02 0.7670522E-02 0.1353068E-01 0.1901586E-01 0.2396346E-01 0.2828173E-01 0.3188000E-01 0.3464049E-01 0.3639397E-01 0.3689604E-01 0.3580143E-01 0.3263402E-01 0.2674615E-01 0.1735331E-01 0.7738598E-02 0.7738598E-02 -9999.000 -9999.000 -9999.000 -9999.000 -9999.000 -9999.000 -9999.000 -9999.000 -9999.000 -9999.000 -9999.000 -9999.000 -9999.000 -9999.000 -9999.000 -9999.000 -9999.000 -9999.000 -9999.000 -9999.000 -9999.000 -9999.000 -9999.000 -9999.000 -9999.000 -9999.000 -9999.000
-9999.000 -9999.000 -9999.000 -9999.000 -9999.000 -9999.000 -9999.000 -9999.000 -9999.000 -9999.000 -9999.000 -9999.000 -9999.000 -9999.000 -9999.000 0.3717391E-02 0.8974912E-02 0.1559936E-01 0.2180003E-01 0.2740471E-01 0.3231063E-01 0.3641569E-01 0.3958691E-01 0.4163340E-01 0.4227865E-01 0.4113097E-01 0.3764591E-01 0.3107570E-01 0.2048773E-01 0.9319905E-02 0.9319905E-02 -9999.000 -9999.000 -9999.000 -9999.000 -9999.000 -9999.000 -9999.000 -9999.000 -9999.000 -9999.000 -9999.000 -9999.000 -9999.000 -9999.000 -9999.000 -9999.000 -9999.000 -9999.000 -9999.000 -9999.000 -9999.000 -9999.000 -9999.000 -9999.000 -9999.000 -9999.000 -9999.000
-9999.000 -9999.000 -9999.000 -9999.000 -9999.000 -9999.000 -9999.000 -9999.000 -9999.000 -9999.000 -9999.000 -9999.000 -9999.000 -9999.000 -9999.000 0.4356811E-02 0.1032145E-01 0.1770042E-01 0.2461124E-01 0.3087859E-01 0.3639302E-01 0.4104266E-01 0.4468034E-01 0.4709182E-01 0.4796435E-01 0.4684951E-01 0.4311789E-01 0.3589369E-01 0.2404614E-01 0.1113744E-01 0.1113744E-01 -9999.000 -9999.000 -9999.000 -9999.000 -9999.000 -9999.000 -9999.000 -9999.000 -9999.000 -9999.000 -9999.000 -9999.000 -9999.000 -9999.000 -9999.000 -9999.000 -9999.000 -9999.000 -9999.000 -9999.000 -9999.000 -9999.000 -9999.000 -9999.000 -9999.000 -9999.000 -9999.000
-9999.000 -9999.000 -9999.000 -9999.000 -9999.000 -9999.000 -9999.000 -9999.000 -9999.000 -9999.000 -9999.000 -9999.000 -9999.000 -9999.000 -9999.000 0.5055421E-02 0.1176815E-01 0.1992296E-01 0.2756774E-01 0.3453181E-01 0.4070178E-01 0.4595857E-01 0.5014119E-01 0.5301051E-01 0.5421121E-01 0.5322699E-01 0.4932310E-01 0.4146022E-01 0.2824363E-01 0.1331081E-01 0.1331081E-01 -9999.000 -9999.000 -9999.000 -9999.000 -9999.000 -9999.000 -9999.000 -9999.000 -9999.000 -9999.000 -9999.000 -9999.000 -9999.000 -9999.000 -9999.000 -9999.000 -9999.000 -9999.000 -9999.000 -9999.000 -9999.000 -9999.000 -9999.000 -9999.000 -9999.000 -9999.000 -9999.000
-9999.000 -9999.000 -9999.000 -9999.000 -9999.000 -9999.000 -9999.000 -9999.000 -9999.000 -9999.000 -9999.000 -9999.000 -9999.000 -9999.000 -9999.000 0.5838701E-02 0.1336792E-01 0.2234833E-01 0.3077870E-01 0.3850098E-01 0.4540111E-01 0.5135550E-01 0.5618990E-01 0.5963826E-01 0.6129657E-01 0.6056706E-01 0.5658427E-01 0.4809963E-01 0.3336556E-01 0.1600433E-01 0.1600433E-01 -9999.000 -9999.000 -9999.000 -9999.000 -9999.000 -9999.000 -9999.000 -9999.000 -9999.000 -9999.000 -9999.000 -9999.000 -9999.000 -9999.000 -9999.000 -9999.000 -9999.000 -9999.000 -9999.000 -9999.000 -9999.000 -9999.000 -9999.000 -9999.000 -9999.000 -9999.000 -9999.000
-9999.000 -9999.000 -9999.000 -9999.000 -9999.000 -9999.000 -9999.000 -9999.000 -9999.000 -9999.000 -9999.000 -9999.000 -9999.000 -9999.000 -9999.000 0.6731488E-02 0.1517274E-01 0.2505940E-01 0.3435779E-01 0.4293086E-01 0.5066915E-01 0.5744683E-01 0.6307835E-01 0.6726914E-01 0.6955917E-01 0.6925416E-01 0.6532698E-01 0.5625953E-01 0.3982692E-01 0.1946500E-01 0.1946500E-01 -9999.000 -9999.000 -9999.000 -9999.000 -9999.000 -9999.000 -9999.000 -9999.000 -9999.000 -9999.000 -9999.000 -9999.000 -9999.000 -9999.000 -9999.000 -9999.000 -9999.000 -9999.000 -9999.000 -9999.000 -9999.000 -9999.000 -9999.000 -9999.000 -9999.000 -9999.000 -9999.000
-9999.000 -9999.000 -9999.000 -9999.000 -9999.000 -9999.000 -9999.000 -9999.000 -9999.000 -9999.000 -9999.000 -9999.000 -9999.000 -9999.000 -9999.000 0.7760234E-02 0.1724048E-01 0.2815090E-01 0.3843796E-01 0.4799579E-01 0.5672407E-01 0.6450005E-01 0.7112966E-01 0.7628933E-01 0.7945696E-01 0.7982361E-01 0.7616261E-01 0.6660718E-01 0.4827760E-01 0.2409104E-01 0.2409104E-01 -9999.000 -9999.000 -9999.000 -9999.000 -9999.000 -9999.000 -9999.000 -9999.000 -9999.000 -9999.000 -9999.000 -9999.000 -9999.000 -9999.000 -9999.000 -9999.000 -9999.000 -9999.000 -9999.000 -9999.000 -9999.000 -9999.000 -9999.000 -9999.000 -9999.000 -9999.000 -9999.000
-9999.000 -9999.000 -9999.000 -9999.000 -9999.000 -9999.000 -9999.000 -9999.000 -9999.000 -9999.000 -9999.000 -9999.000 -9999.000 -9999.000 -9999.000 0.8957829E-02 0.1964395E-01 0.3174622E-01 0.4319625E-01 0.5393000E-01 0.6386448E-01 0.7288676E-01 0.8080027E-01 0.8725473E-01 0.9166119E-01 0.9307816E-01 0.9003402E-01 0.8020879E-01 0.5981057E-01 0.3057246E-01 0.3057246E-01 -9999.000 -9999.000 -9999.000 -9999.000 -9999.000 -9999.000 -9999.000 -9999.000 -9999.000 -9999.000 -9999.000 -9999.000 -9999.000 -9999.000 -9999.000 -9999.000 -9999.000 -9999.000 -9999.000 -9999.000 -9999.000 -9999.000 -9999.000 -9999.000 -9999.000 -9999.000 -9999.000
-9999.000 -9999.000 -9999.000 -9999.000 -9999.000 -9999.000 -9999.000 -9999.000 -9999.000 -9999.000 -9999.000 -9999.000 -9999.000 -9999.000 -9999.000 0.1037101E-01 0.2248959E-01 0.3602786E-01 0.4889730E-01 0.6108790E-01 0.7254480E-01 0.8317722E-01 0.9279685E-01 0.1010352 0.1072378 0.1103171 0.1085080 0.9890232E-01 0.7641952E-01 0.4020673E-01 0.4020673E-01 -9999.000 -9999.000 -9999.000 -9999.000 -9999.000 -9999.000 -9999.000 -9999.000 -9999.000 -9999.000 -9999.000 -9999.000 -9999.000 -9999.000 -9999.000 -9999.000 -9999.000 -9999.000 -9999.000 -9999.000 -9999.000 -9999.000 -9999.000 -9999.000 -9999.000 -9999.000 -9999.000
-9999.000 -9999.000 -9999.000 -9999.000 -9999.000 -9999.000 -9999.000 -9999.000 -9999.000 -9999.000 -9999.000 -9999.000 -9999.000 -9999.000 -9999.000 0.1218043E-01 0.2613204E-01 0.4153992E-01 0.5625809E-01 0.7034896E-01 0.8380786E-01 0.9659147E-01 0.1085471 0.1193151 0.1281986 0.1339746 0.1345552 0.1262946 0.1022807 0.5586323E-01 0.5586323E-01 -9999.000 -9999.000 -9999.000 -9999.000 -9999.000 -9999.000 -9999.000 -9999.000 -9999.000 -9999.000 -9999.000 -9999.000 -9999.000 -9999.000 -9999.000 -9999.000 -9999.000 -9999.000 -9999.000 -9999.000 -9999.000 -9999.000 -9999.000 -9999.000 -9999.000 -9999.000 -9999.000
-9999.000 -9999.000 -9999.000 -9999.000 -9999.000 -9999.000 -9999.000 -9999.000 -9999.000 -9999.000 -9999.000 -9999.000 -9999.000 -9999.000 -9999.000 0.2714544E-01 0.4778159E-01 0.6865570E-01 0.8672240E-01 0.1028229 0.1175054 0.1311291 0.1438354 0.1554770 0.1654944 0.1726903 0.1747713 0.1673153 0.1409806 0.7422774E-01 0.7422774E-01 -9999.000 -9999.000 -9999.000 -9999.000 -9999.000 -9999.000 -9999.000 -9999.000 -9999.000 -9999.000 -9999.000 -9999.000 -9999.000 -9999.000 -9999.000 -9999.000 -9999.000 -9999.000 -9999.000 -9999.000 -9999.000 -9999.000 -9999.000 -9999.000 -9999.000 -9999.000 -9999.000
1.755279 1.755279 1.822098 1.854436 1.862486 1.862486 1.868189 1.875394 1.875394 1.879169 1.879169 1.880670 1.880749 1.880493 1.651743 1.651743 1.352938 1.290491 1.219036 1.139379 1.053139 0.9627483 0.8714374 0.7831919 0.7026591 0.6350997 0.5866944 0.5660226 0.5892366 0.6797535 0.6797535 1.595970 1.811944 1.859648 1.822249 1.822249 1.711001 1.711001 1.454747 1.454747 1.157883 0.9881300 0.9881300 0.9791435 0.9791435 1.018419 1.018419 1.018419 1.069524 1.069524 1.115858 1.115858 1.155285 1.155285 1.199040 1.199040 1.225893 1.225893
1.770636 1.770636 1.843122 1.890418 1.906385 1.906385 1.920089 1.943341 1.943341 1.963082 1.963082 1.980420 1.988366 1.995935 1.865910 1.865910 1.604325 1.584068 1.555439 1.516680 1.467269 1.407533 1.338676 1.262900 1.183672 1.106226 1.038471 0.9927904 0.9905512 1.072868 1.072868 1.636337 1.815436 1.929719 1.943861 1.943861 1.919872 1.919872 1.804984 1.804984 1.615454 1.347548 1.347548 1.348674 1.348674 1.398084 1.398084 1.398084 1.451822 1.451822 1.501218 1.501218 1.531489 1.531489 1.584946 1.584946 1.618272 1.618272
1.774284 1.774284 1.844602 1.890936 1.906878 1.906878 1.920678 1.944291 1.944291 1.964496 1.964496 1.982362 1.990595 1.998465 1.927968 1.927968 1.656991 1.655545 1.649427 1.635991 1.614282 1.583913 1.545117 1.498919 1.447381 1.393987 1.344401 1.308086 1.302345 1.366109 1.366109 1.760914 1.922738 2.061031 2.089945 2.089945 2.089311 2.089311 2.015045 2.015045 1.908580 1.661708 1.661708 1.629045 1.629045 1.667302 1.667302 1.667302 1.713573 1.713573 1.754940 1.754940 1.787706 1.787706 1.825981 1.825981 1.853593 1.853593
1.777126 1.777126 1.845806 1.891139 1.906924 1.906924 1.920661 1.944270 1.944270 1.964505 1.964505 1.982390 1.990630 1.998502 1.956262 1.956262 1.683355 1.689612 1.693570 1.691610 1.683270 1.668493 1.647531 1.621119 1.590681 1.558636 1.528930 1.508145 1.508463 1.561391 1.561391 1.857571 1.995936 2.131793 2.161654 2.161654 2.166637 2.166637 2.116046 2.116046 2.057369 1.872435 1.872435 1.804821 1.804821 1.833694 1.833694 1.833694 1.873399 1.873399 1.909666 1.909666 1.939084 1.939084 1.969971 1.969971 1.993942 1.993942
1.779265 1.779265 1.846787 1.891316 1.906956 1.906956 1.920632 1.944236 1.944236 1.964494 1.964494 1.982389 1.990629 1.998496 1.974320 1.974320 1.710061 1.719354 1.729347 1.733325 1.731249 1.723643 1.711229 1.695049 1.676540 1.657719 1.641509 1.632421 1.638328 1.684792 1.684792 1.916207 2.033215 2.154802 2.179074 2.179074 2.180567 2.180567 2.150547 2.150547 2.123178 2.012436 2.012436 1.931734 1.931734 1.941046 1.941046 1.941046 1.975147 1.975147 2.007916 2.007916 2.035092 2.035092 2.061395 2.061395 2.082524 2.082524
1.780754 1.780754 1.847509 1.891455 1.906980 1.906980 1.920608 1.944207 1.944207 1.964485 1.964485 1.982387 1.990629 1.998491 1.985937 1.985937 1.744737 1.751555 1.766199 1.774388 1.775937 1.771716 1.762856 1.750851 1.737503 1.724929 1.715685 1.713065 1.722409 1.762718 1.762718 1.941622 2.039921 2.137399 2.152852 2.152852 2.153696 2.153696 2.149067 2.149067 2.144485 2.097775 2.097775 2.031187 2.031187 2.018474 2.018474 2.018474 2.045116 2.045116 2.073934 2.073934 2.098880 2.098880 2.121627 2.121627 2.139918 2.139918
1.781631 1.781631 1.847951 1.891543 1.906996 1.906996 1.920591 1.944187 1.944187 1.964478 1.964478 1.982387 1.990629 1.998487 1.993339 1.993339 1.794402 1.788079 1.806038 1.817745 1.821991 1.819764 1.812336 1.801468 1.789315 1.778331 1.771248 1.770987 1.780206 1.810152 1.810152 1.941688 2.018831 2.084081 2.092893 2.092893 2.105687 2.105687 2.130740 2.130740 2.143311 2.143035 2.143035 2.105913 2.105913 2.080273 2.080273 2.080273 2.097669 2.097669 2.121093 2.121093 2.142892 2.142892 2.162086 2.162086 2.177329 2.177329
1.781921 1.781921 1.848100 1.891574 1.907001 1.907001 1.920586 1.944180 1.944180 1.964477 1.964477 1.982388 1.990630 1.998484 1.998022 1.998022 1.852098 1.833311 1.850299 1.864329 1.870795 1.869963 1.863035 1.851885 1.838921 1.826933 1.818925 1.817512 1.821810 1.833766 1.833766 1.918710 1.967637 2.002161 2.013136 2.013136 2.052190 2.052190 2.105726 2.105726 2.130866 2.161724 2.161724 2.155744 2.155744 2.131518 2.131518 2.131518 2.140196 2.140196 2.156968 2.156968 2.174261 2.174261 2.189477 2.189477 2.201441 2.201441
1.781631 1.781631 1.847951 1.891544 1.906995 1.906995 1.920591 1.944187 1.944187 1.964479 1.964479 1.982388 1.990629 1.998481 2.000970 2.000970 1.911382 1.889172 1.901408 1.915714 1.923374 1.923265 1.916210 1.903992 1.889109 1.874579 1.863676 1.858511 1.852065 1.833138 1.833138 1.864858 1.881793 1.905594 1.929534 1.929534 2.001537 2.001537 2.078188 2.078188 2.112374 2.163929 2.163929 2.183673 2.183673 2.172512 2.172512 2.172512 2.175605 2.175605 2.185574 2.185574 2.197259 2.197259 2.207821 2.207821 2.216113 2.216113
1.780754 1.780754 1.847509 1.891455 1.906980 1.906980 1.920608 1.944206 1.944206 1.964485 1.964485 1.982387 1.990629 1.998478 2.002818 2.002818 1.969460 1.954196 1.961697 1.973673 1.980675 1.980140 1.972194 1.958283 1.940784 1.922789 1.907750 1.896502 1.869167 1.797015 1.797015 1.769166 1.764928 1.810774 1.852864 1.852864 1.955958 1.955958 2.049785 2.049785 2.090555 2.156189 2.156189 2.194885 2.194885 2.202296 2.202296 2.202296 2.204071 2.204071 2.208419 2.208419 2.214041 2.214041 2.219312 2.219312 2.223531 2.223531
1.779265 1.779265 1.846787 1.891317 1.906956 1.906956 1.920632 1.944236 1.944236 1.964494 1.964494 1.982388 1.990629 1.998478 2.003971 2.003971 2.027072 2.026164 2.031996 2.039829 2.043746 2.040953 2.030915 2.014539 1.993847 1.971787 1.951800 1.931103 1.859990 1.701029 1.701029 1.636969 1.640407 1.726090 1.780631 1.780631 1.913469 1.913469 2.020252 2.020252 2.066072 2.141749 2.141749 2.193902 2.193902 2.220250 2.220250 2.220250 2.224348 2.224348 2.225083 2.225083 2.224969 2.224969 2.224678 2.224678 2.224617 2.224617
