simulation_files/asc/Velocity__y_71.0.asc
NCOLS        79
NROWS        79
XLLCENTER         -1.500000
YLLCENTER         -4.800000
CELLSIZE           0.100
NODATA_VALUE     -9999.0
[rows 0 to 25 of 79, columns 0 to 58 of 79]
-9999.000 -9999.000 -9999.000 -9999.000 -9999.000 -9999.000 -9999.000 -9999.000 -9999.000 -9999.000 -9999.000 -9999.000 -9999.000 -9999.000 -9999.000 -0.2252169 -0.2241319 -0.2243038 -0.2245640 -0.2248355 -0.2251197 -0.2254317 -0.2257919 -0.2262269 -0.2267707 -0.2274711 -0.2283970 -0.2296495 -0.2312376 -0.2285709 -0.2285709 -9999.000 -9999.000 -9999.000 -9999.000 -9999.000 -9999.000 -9999.000 -9999.000 -9999.000 -9999.000 -9999.000 -9999.000 -9999.000 -9999.000 -9999.000 -9999.000 -9999.000 -9999.000 -9999.000 -9999.000 -9999.000 -9999.000 -9999.000 -9999.000 -9999.000 -9999.000 -9999.000 -9999.000
-9999.000 -9999.000 -9999.000 -9999.000 -9999.000 -9999.000 -9999.000 -9999.000 -9999.000 -9999.000 -9999.000 -9999.000 -9999.000 -9999.000 -9999.000 -0.2220585 -0.2196064 -0.2199106 -0.2203990 -0.2209061 -0.2214342 -0.2220173 -0.2227045 -0.2235584 -0.2246580 -0.2261082 -0.2280520 -0.2306858 -0.2339930 -0.2289793 -0.2289793 -9999.000 -9999.000 -9999.000 -9999.000 -9999.000 -9999.000 -9999.000 -9999.000 -9999.000 -9999.000 -9999.000 -9999.000 -9999.000 -9999.000 -9999.000 -9999.000 -9999.000 -9999.000 -9999.000 -9999.000 -9999.000 -9999.000 -9999.000 -9999.000 -9999.000 -9999.000 -9999.000 -9999.000
-9999.000 -9999.000 -9999.000 -9999.000 -9999.000 -9999.000 -9999.000 -9999.000 -9999.000 -9999.000 -9999.000 -9999.000 -9999.000 -9999.000 -9999.000 -0.2172912 -0.2132739 -0.2137565 -0.2145930 -0.2155018 -0.2164817 -0.2175892 -0.2189100 -0.2205520 -0.2226491 -0.2253682 -0.2289231 -0.2335856 -0.2392372 -0.2320141 -0.2320141 -9999.000 -9999.000 -9999.000 -9999.000 -9999.000 -9999.000 -9999.000 -9999.000 -9999.000 -9999.000 -9999.000 -9999.000 -9999.000 -9999.000 -9999.000 -9999.000 -9999.000 -9999.000 -9999.000 -9999.000 -9999.000 -9999.000 -9999.000 -9999.000 -9999.000 -9999.000 -9999.000 -9999.000
-9999.000 -9999.000 -9999.000 -9999.000 -9999.000 -9999.000 -9999.000 -9999.000 -9999.000 -9999.000 -9999.000 -9999.000 -9999.000 -9999.000 -9999.000 -0.2114260 -0.2058612 -0.2065798 -0.2078548 -0.2092836 -0.2108620 -0.2126715 -0.2148357 -0.2175104 -0.2208846 -0.2251878 -0.2307055 -0.2377892 -0.2462173 -0.2373279 -0.2373279 -9999.000 -9999.000 -9999.000 -9999.000 -9999.000 -9999.000 -9999.000 -9999.000 -9999.000 -9999.000 -9999.000 -9999.000 -9999.000 -9999.000 -9999.000 -9999.000 -9999.000 -9999.000 -9999.000 -9999.000 -9999.000 -9999.000 -9999.000 -9999.000 -9999.000 -9999.000 -9999.000 -9999.000
-9999.000 -9999.000 -9999.000 -9999.000 -9999.000 -9999.000 -9999.000 -9999.000 -9999.000 -9999.000 -9999.000 -9999.000 -9999.000 -9999.000 -9999.000 -0.2045253 -0.1974817 -0.1984922 -0.2002859 -0.2023354 -0.2046348 -0.2072927 -0.2104745 -0.2143877 -0.2192815 -0.2254552 -0.2332753 -0.2431869 -0.2548761 -0.2449364 -0.2449364 -9999.000 -9999.000 -9999.000 -9999.000 -9999.000 -9999.000 -9999.000 -9999.000 -9999.000 -9999.000 -9999.000 -9999.000 -9999.000 -9999.000 -9999.000 -9999.000 -9999.000 -9999.000 -9999.000 -9999.000 -9999.000 -9999.000 -9999.000 -9999.000 -9999.000 -9999.000 -9999.000 -9999.000
-9999.000 -9999.000 -9999.000 -9999.000 -9999.000 -9999.000 -9999.000 -9999.000 -9999.000 -9999.000 -9999.000 -9999.000 -9999.000 -9999.000 -9999.000 -0.1965949 -0.1882044 -0.1895615 -0.1919410 -0.1946933 -0.1978133 -0.2014402 -0.2057870 -0.2111196 -0.2177567 -0.2260794 -0.2365523 -0.2497378 -0.2652571 -0.2550039 -0.2550039 -9999.000 -9999.000 -9999.000 -9999.000 -9999.000 -9999.000 -9999.000 -9999.000 -9999.000 -9999.000 -9999.000 -9999.000 -9999.000 -9999.000 -9999.000 -9999.000 -9999.000 -9999.000 -9999.000 -9999.000 -9999.000 -9999.000 -9999.000 -9999.000 -9999.000 -9999.000 -9999.000 -9999.000
-9999.000 -9999.000 -9999.000 -9999.000 -9999.000 -9999.000 -9999.000 -9999.000 -9999.000 -9999.000 -9999.000 -9999.000 -9999.000 -9999.000 -9999.000 -0.1875869 -0.1780587 -0.1798173 -0.1828380 -0.1863583 -0.1903780 -0.1950734 -0.2007114 -0.2076272 -0.2162227 -0.2269783 -0.2404818 -0.2574501 -0.2774887 -0.2678386 -0.2678386 -9999.000 -9999.000 -9999.000 -9999.000 -9999.000 -9999.000 -9999.000 -9999.000 -9999.000 -9999.000 -9999.000 -9999.000 -9999.000 -9999.000 -9999.000 -9999.000 -9999.000 -9999.000 -9999.000 -9999.000 -9999.000 -9999.000 -9999.000 -9999.000 -9999.000 -9999.000 -9999.000 -9999.000
-9999.000 -9999.000 -9999.000 -9999.000 -9999.000 -9999.000 -9999.000 -9999.000 -9999.000 -9999.000 -9999.000 -9999.000 -9999.000 -9999.000 -9999.000 -0.1774042 -0.1670382 -0.1692571 -0.1729632 -0.1773008 -0.1822812 -0.1881247 -0.1951627 -0.2038134 -0.2145793 -0.2280661 -0.2450208 -0.2663673 -0.2917807 -0.2839202 -0.2839202 -9999.000 -9999.000 -9999.000 -9999.000 -9999.000 -9999.000 -9999.000 -9999.000 -9999.000 -9999.000 -9999.000 -9999.000 -9999.000 -9999.000 -9999.000 -9999.000 -9999.000 -9999.000 -9999.000 -9999.000 -9999.000 -9999.000 -9999.000 -9999.000 -9999.000 -9999.000 -9999.000 -9999.000
-9999.000 -9999.000 -9999.000 -9999.000 -9999.000 -9999.000 -9999.000 -9999.000 -9999.000 -9999.000 -9999.000 -9999.000 -9999.000 -9999.000 -9999.000 -0.1659058 -0.1551047 -0.1578481 -0.1622738 -0.1674622 -0.1734458 -0.1804981 -0.1890280 -0.1995532 -0.2127017 -0.2292388 -0.2501210 -0.2765583 -0.3084307 -0.3039607 -0.3039607 -9999.000 -9999.000 -9999.000 -9999.000 -9999.000 -9999.000 -9999.000 -9999.000 -9999.000 -9999.000 -9999.000 -9999.000 -9999.000 -9999.000 -9999.000 -9999.000 -9999.000 -9999.000 -9999.000 -9999.000 -9999.000 -9999.000 -9999.000 -9999.000 -9999.000 -9999.000 -9999.000 -9999.000
-9999.000 -9999.000 -9999.000 -9999.000 -9999.000 -9999.000 -9999.000 -9999.000 -9999.000 -9999.000 -9999.000 -9999.000 -9999.000 -9999.000 -9999.000 -0.1529110 -0.1421884 -0.1455269 -0.1506953 -0.1567513 -0.1637605 -0.1720611 -0.1821548 -0.1946809 -0.2104240 -0.2303546 -0.2557105 -0.2881034 -0.3278370 -0.3290197 -0.3290197 -9999.000 -9999.000 -9999.000 -9999.000 -9999.000 -9999.000 -9999.000 -9999.000 -9999.000 -9999.000 -9999.000 -9999.000 -9999.000 -9999.000 -9999.000 -9999.000 -9999.000 -9999.000 -9999.000 -9999.000 -9999.000 -9999.000 -9999.000 -9999.000 -9999.000 -9999.000 -9999.000 -9999.000
-9999.000 -9999.000 -9999.000 -9999.000 -9999.000 -9999.000 -9999.000 -9999.000 -9999.000 -9999.000 -9999.000 -9999.000 -9999.000 -9999.000 -9999.000 -0.1382020 -0.1281848 -0.1321947 -0.1381159 -0.1450366 -0.1530698 -0.1626315 -0.1743353 -0.1889685 -0.2075117 -0.2312024 -0.2616597 -0.3010703 -0.3505159 -0.3607176 -0.3607176 -9999.000 -9999.000 -9999.000 -9999.000 -9999.000 -9999.000 -9999.000 -9999.000 -9999.000 -9999.000 -9999.000 -9999.000 -9999.000 -9999.000 -9999.000 -9999.000 -9999.000 -9999.000 -9999.000 -9999.000 -9999.000 -9999.000 -9999.000 -9999.000 -9999.000 -9999.000 -9999.000 -9999.000
-9999.000 -9999.000 -9999.000 -9999.000 -9999.000 -9999.000 -9999.000 -9999.000 -9999.000 -9999.000 -9999.000 -9999.000 -9999.000 -9999.000 -9999.000 -0.1215251 -0.1129488 -0.1177074 -0.1243744 -0.1321319 -0.1411559 -0.1519558 -0.1652779 -0.1820905 -0.2036188 -0.2314488 -0.2677216 -0.3154614 -0.3771123 -0.4016544 -0.4016544 -9999.000 -9999.000 -9999.000 -9999.000 -9999.000 -9999.000 -9999.000 -9999.000 -9999.000 -9999.000 -9999.000 -9999.000 -9999.000 -9999.000 -9999.000 -9999.000 -9999.000 -9999.000 -9999.000 -9999.000 -9999.000 -9999.000 -9999.000 -9999.000 -9999.000 -9999.000 -9999.000 -9999.000
-9999.000 -9999.000 -9999.000 -9999.000 -9999.000 -9999.000 -9999.000 -9999.000 -9999.000 -9999.000 -9999.000 -9999.000 -9999.000 -9999.000 -9999.000 -0.1025847 -0.9627953E-01 -0.1018566 -0.1092385 -0.1177710 -0.1277094 -0.1396721 -0.1545623 -0.1735649 -0.1982102 -0.2305376 -0.2734074 -0.3310826 -0.4083583 -0.4562992 -0.4562992 -9999.000 -9999.000 -9999.000 -9999.000 -9999.000 -9999.000 -9999.000 -9999.000 -9999.000 -9999.000 -9999.000 -9999.000 -9999.000 -9999.000 -9999.000 -9999.000 -9999.000 -9999.000 -9999.000 -9999.000 -9999.000 -9999.000 -9999.000 -9999.000 -9999.000 -9999.000 -9999.000 -9999.000
-9999.000 -9999.000 -9999.000 -9999.000 -9999.000 -9999.000 -9999.000 -9999.000 -9999.000 -9999.000 -9999.000 -9999.000 -9999.000 -9999.000 -9999.000 -0.8095457E-01 -0.7785455E-01 -0.8431134E-01 -0.9235398E-01 -0.1015613 -0.1122818 -0.1252562 -0.1415675 -0.1626553 -0.1904223 -0.2274898 -0.2777065 -0.3471885 -0.4447983 -0.5331663 -0.5331663 -9999.000 -9999.000 -9999.000 -9999.000 -9999.000 -9999.000 -9999.000 -9999.000 -9999.000 -9999.000 -9999.000 -9999.000 -9999.000 -9999.000 -9999.000 -9999.000 -9999.000 -9999.000 -9999.000 -9999.000 -9999.000 -9999.000 -9999.000 -9999.000 -9999.000 -9999.000 -9999.000 -9999.000
-9999.000 -9999.000 -9999.000 -9999.000 -9999.000 -9999.000 -9999.000 -9999.000 -9999.000 -9999.000 -9999.000 -9999.000 -9999.000 -9999.000 -9999.000 -0.5031386E-01 -0.5508907E-01 -0.6369817E-01 -0.7312988E-01 -0.8339679E-01 -0.9503015E-01 -0.1089536 -0.1264802 -0.1493592 -0.1799476 -0.2216095 -0.2795398 -0.3626132 -0.4866335 -0.6504915 -0.6504915 -9999.000 -9999.000 -9999.000 -9999.000 -9999.000 -9999.000 -9999.000 -9999.000 -9999.000 -9999.000 -9999.000 -9999.000 -9999.000 -9999.000 -9999.000 -9999.000 -9999.000 -9999.000 -9999.000 -9999.000 -9999.000 -9999.000 -9999.000 -9999.000 -9999.000 -9999.000 -9999.000 -9999.000
-0.2635175E-02 -0.2635175E-02 -0.3684079E-02 -0.4256173E-02 -0.4300907E-02 -0.4300907E-02 -0.4304962E-02 -0.4286187E-02 -0.4286187E-02 -0.4265351E-02 -0.4265351E-02 -0.4242592E-02 -0.4210657E-02 -0.2545624E-01 -0.2928113E-01 -0.2928113E-01 -0.6428216E-01 -0.7951174E-01 -0.9413549E-01 -0.1082866 -0.1222400 -0.1366574 -0.1527307 -0.1723206 -0.1981593 -0.2342094 -0.2863784 -0.3642253 -0.4843433 -0.7128307 -0.7128307 -0.4555980 -0.2798315 -0.6621914E-01 -0.1655636E-01 -0.1655636E-01 0.2182351E-01 0.2182351E-01 0.2645420E-01 0.2645420E-01 -0.1784387E-01 -0.7760434E-02 -0.7760434E-02 0.5628477E-02 0.5628477E-02 0.1031602E-01 0.1031602E-01 0.1031602E-01 0.8673708E-02 0.8673708E-02 0.6593326E-02 0.6593326E-02 0.6038489E-02 0.6038489E-02 0.3737505E-02 0.3737505E-02 0.2328363E-02 0.2328363E-02 0.2328363E-02
-0.3984931E-02 -0.3984931E-02 -0.5417973E-02 -0.6083108E-02 -0.6100957E-02 -0.6100957E-02 -0.6079216E-02 -0.6037563E-02 -0.6037563E-02 -0.6021004E-02 -0.6021004E-02 -0.6007980E-02 -0.5959148E-02 -0.4287901E-01 -0.5314514E-01 -0.5314514E-01 -0.1009312 -0.1242407 -0.1472690 -0.1694406 -0.1902475 -0.2095115 -0.2275857 -0.2455465 -0.2653902 -0.2902455 -0.3246187 -0.3746897 -0.4476181 -0.5563914 -0.5563914 -0.3720014 -0.2339635 -0.5699858E-01 -0.6212545E-02 -0.6212545E-02 0.5156552E-01 0.5156552E-01 0.7507093E-01 0.7507093E-01 0.1253045E-01 -0.7206119E-02 -0.7206119E-02 0.1481081E-01 0.1481081E-01 0.2261900E-01 0.2261900E-01 0.2261900E-01 0.1870844E-01 0.1870844E-01 0.1426245E-01 0.1426245E-01 0.9713491E-02 0.9713491E-02 0.7849712E-02 0.7849712E-02 0.5504243E-02 0.5504243E-02 0.5504243E-02
-0.3181412E-02 -0.3181412E-02 -0.4481955E-02 -0.5170322E-02 -0.5183493E-02 -0.5183493E-02 -0.5150449E-02 -0.5099538E-02 -0.5099538E-02 -0.5099465E-02 -0.5099465E-02 -0.5112339E-02 -0.5065776E-02 -0.4085106E-01 -0.6504837E-01 -0.6504837E-01 -0.1143510 -0.1426273 -0.1723242 -0.2024052 -0.2318784 -0.2599576 -0.2862076 -0.3106845 -0.3340797 -0.3578682 -0.3844290 -0.4169943 -0.4584453 -0.5092122 -0.5092122 -0.3987182 -0.2947353 -0.1280849 -0.6136220E-01 -0.6136220E-01 0.5103518E-01 0.5103518E-01 0.1279864 0.1279864 0.1022290 0.2362148E-01 0.2362148E-01 0.2802941E-01 0.2802941E-01 0.3268774E-01 0.3268774E-01 0.3268774E-01 0.2734645E-01 0.2734645E-01 0.2066515E-01 0.2066515E-01 0.1167612E-01 0.1167612E-01 0.9944709E-02 0.9944709E-02 0.7206949E-02 0.7206949E-02 0.7206949E-02
-0.2456413E-02 -0.2456413E-02 -0.3545229E-02 -0.4180434E-02 -0.4185431E-02 -0.4185431E-02 -0.4142728E-02 -0.4078556E-02 -0.4078556E-02 -0.4077687E-02 -0.4077687E-02 -0.4095243E-02 -0.4053500E-02 -0.3176033E-01 -0.7118946E-01 -0.7118946E-01 -0.1205902 -0.1515594 -0.1852590 -0.2204776 -0.2560729 -0.2910294 -0.3245326 -0.3560542 -0.3854380 -0.4129727 -0.4393977 -0.4656596 -0.4916911 -0.5141614 -0.5141614 -0.4410884 -0.3581951 -0.1972209 -0.1179581 -0.1179581 0.3714393E-01 0.3714393E-01 0.1571422 0.1571422 0.1693518 0.8672216E-01 0.8672216E-01 0.4918040E-01 0.4918040E-01 0.3856494E-01 0.3856494E-01 0.3856494E-01 0.3121719E-01 0.3121719E-01 0.2249679E-01 0.2249679E-01 0.1214161E-01 0.1214161E-01 0.7984497E-02 0.7984497E-02 0.4992165E-02 0.4992165E-02 0.4992165E-02
-0.1796994E-02 -0.1796994E-02 -0.2630190E-02 -0.3160344E-02 -0.3162036E-02 -0.3162036E-02 -0.3120622E-02 -0.3057713E-02 -0.3057713E-02 -0.3056220E-02 -0.3056220E-02 -0.3073596E-02 -0.3042068E-02 -0.2192722E-01 -0.7289787E-01 -0.7289787E-01 -0.1244678 -0.1577427 -0.1945083 -0.2334248 -0.2733035 -0.3130874 -0.3518577 -0.3888554 -0.4235080 -0.4554454 -0.4844403 -0.5100235 -0.5301386 -0.5398314 -0.5398314 -0.4866138 -0.4156589 -0.2509585 -0.1590159 -0.1590159 0.2479136E-01 0.2479136E-01 0.1644708 0.1644708 0.1980522 0.1528707 0.1528707 0.8231448E-01 0.8231448E-01 0.4502245E-01 0.4502245E-01 0.4502245E-01 0.3230632E-01 0.3230632E-01 0.2091432E-01 0.2091432E-01 0.9455419E-02 0.9455419E-02 0.3466135E-02 0.3466135E-02 0.4729980E-03 0.4729980E-03 0.4729980E-03
-0.1180242E-02 -0.1180242E-02 -0.1736935E-02 -0.2118227E-02 -0.2119277E-02 -0.2119277E-02 -0.2087432E-02 -0.2038277E-02 -0.2038277E-02 -0.2036595E-02 -0.2036595E-02 -0.2050146E-02 -0.2030161E-02 -0.1464856E-01 -0.6936976E-01 -0.6936976E-01 -0.1271306 -0.1631240 -0.2030337 -0.2453656 -0.2888517 -0.3324071 -0.3750981 -0.4161215 -0.4547759 -0.4904267 -0.5223997 -0.5494261 -0.5678899 -0.5715913 -0.5715913 -0.5267923 -0.4595533 -0.2796601 -0.1760523 -0.1760523 0.1848189E-01 0.1848189E-01 0.1569607 0.1569607 0.1977594 0.1943505 0.1943505 0.1216483 0.1216483 0.5450560E-01 0.5450560E-01 0.5450560E-01 0.3304835E-01 0.3304835E-01 0.1766512E-01 0.1766512E-01 0.4850661E-02 0.4850661E-02 -0.2354248E-02 -0.2354248E-02 -0.5111935E-02 -0.5111935E-02 -0.5111935E-02
-0.5858612E-03 -0.5858612E-03 -0.8626495E-03 -0.1062359E-02 -0.1063192E-02 -0.1063192E-02 -0.1045984E-02 -0.1019151E-02 -0.1019151E-02 -0.1018026E-02 -0.1018026E-02 -0.1025305E-02 -0.1015481E-02 -0.9342914E-02 -0.5996486E-01 -0.5996486E-01 -0.1295154 -0.1688585 -0.2123334 -0.2582958 -0.3053700 -0.3524039 -0.3984276 -0.4426343 -0.4843240 -0.5228316 -0.5573816 -0.5862164 -0.6038021 -0.6019292 -0.6019292 -0.5561491 -0.4830133 -0.2796782 -0.1706357 -0.1706357 0.1502526E-01 0.1502526E-01 0.1402012 0.1402012 0.1808529 0.2050670 0.2050670 0.1541557 0.1541557 0.6764601E-01 0.6764601E-01 0.6764601E-01 0.3535175E-01 0.3535175E-01 0.1438614E-01 0.1438614E-01 -0.4402187E-03 -0.4402187E-03 -0.8531550E-02 -0.8531550E-02 -0.1086163E-01 -0.1086163E-01 -0.1086163E-01
-0.1918160E-07 -0.1918160E-07 0.2813690E-07 0.2547680E-07 -0.1392212E-06 -0.1392212E-06 -0.9662089E-07 -0.7897579E-07 -0.7897579E-07 0.1118292E-07 0.1118292E-07 0.1720133E-07 0.2899224E-05 -0.5453431E-02 -0.4640240E-01 -0.4640240E-01 -0.1321172 -0.1758130 -0.2234734 -0.2734894 -0.3244413 -0.3750862 -0.4243732 -0.4714573 -0.5156607 -0.5563927 -0.5929586 -0.6230037 -0.6375543 -0.6257890 -0.6257890 -0.5687372 -0.4796831 -0.2567192 -0.1524911 -0.1524911 0.1046845E-01 0.1046845E-01 0.1185152 0.1185152 0.1560927 0.1935689 0.1935689 0.1697978 0.1697978 0.8189394E-01 0.8189394E-01 0.8189394E-01 0.3976907E-01 0.3976907E-01 0.1233521E-01 0.1233521E-01 -0.5227988E-02 -0.5227988E-02 -0.1417670E-01 -0.1417670E-01 -0.1597727E-01 -0.1597727E-01 -0.1597727E-01
0.5858581E-03 0.5858581E-03 0.8626836E-03 0.1062257E-02 0.1063016E-02 0.1063016E-02 0.1045823E-02 0.1019027E-02 0.1019027E-02 0.1018017E-02 0.1018017E-02 0.1025366E-02 0.1024502E-02 -0.2532855E-02 -0.3293810E-01 -0.3293810E-01 -0.1352313 -0.1847671 -0.2375737 -0.2923034 -0.3475710 -0.4020952 -0.4547698 -0.5046964 -0.5511994 -0.5937722 -0.6318158 -0.6616273 -0.6675545 -0.6371317 -0.6371317 -0.5579156 -0.4481477 -0.2236461 -0.1320871 -0.1320871 0.3998087E-02 0.3998087E-02 0.9544766E-01 0.9544766E-01 0.1288811 0.1701805 0.1701805 0.1671931 0.1671931 0.9277759E-01 0.9277759E-01 0.9277759E-01 0.4518393E-01 0.4518393E-01 0.1201936E-01 0.1201936E-01 -0.8557349E-02 -0.8557349E-02 -0.1840862E-01 -0.1840862E-01 -0.1969044E-01 -0.1969044E-01 -0.1969044E-01
0.1180205E-02 0.1180205E-02 0.1736892E-02 0.2118009E-02 0.2119214E-02 0.2119214E-02 0.2087299E-02 0.2038132E-02 0.2038132E-02 0.2036487E-02 0.2036487E-02 0.2050061E-02 0.2047935E-02 -0.2572394E-03 -0.2175580E-01 -0.2175580E-01 -0.1392160 -0.1970261 -0.2564926 -0.3168265 -0.3768406 -0.4353925 -0.4914492 -0.5441320 -0.5927699 -0.6369004 -0.6758775 -0.7026470 -0.6885103 -0.6285439 -0.6285439 -0.5203252 -0.3973370 -0.1914012 -0.1138776 -0.1138776 -0.2561156E-02 -0.2561156E-02 0.7356212E-01 0.7356212E-01 0.1022956 0.1419069 0.1419069 0.1509351 0.1509351 0.9642768E-01 0.9642768E-01 0.9642768E-01 0.4936459E-01 0.4936459E-01 0.1306279E-01 0.1306279E-01 -0.9864900E-02 -0.9864900E-02 -0.2046082E-01 -0.2046082E-01 -0.2132647E-01 -0.2132647E-01 -0.2132647E-01
0.1796945E-02 0.1796945E-02 0.2629953E-02 0.3160156E-02 0.3162141E-02 0.3162141E-02 0.3120594E-02 0.3057604E-02 0.3057604E-02 0.3056163E-02 0.3056163E-02 0.3073656E-02 0.3071630E-02 0.1595390E-02 -0.1298883E-01 -0.1298883E-01 -0.1454285 -0.2150172 -0.2832317 -0.3501140 -0.4151334 -0.4776002 -0.5367605 -0.5918710 -0.6423052 -0.6876278 -0.7268324 -0.7436822 -0.6902320 -0.5955980 -0.5955980 -0.4634220 -0.3408161 -0.1627083 -0.9896644E-01 -0.9896644E-01 -0.7282828E-02 -0.7282828E-02 0.5419394E-01 0.5419394E-01 0.7778744E-01 0.1125401 0.1125401 0.1266040 0.1266040 0.9126765E-01 0.9126765E-01 0.9126765E-01 0.5004493E-01 0.5004493E-01 0.1444227E-01 0.1444227E-01 -0.9068459E-02 -0.9068459E-02 -0.1983194E-01 -0.1983194E-01 -0.2040122E-01 -0.2040122E-01 -0.2040122E-01
