simulation_files/asc/Velocity__x_78.0.asc
NCOLS        79
NROWS        79
XLLCENTER         -1.500000
YLLCENTER         -4.800000
CELLSIZE           0.100
NODATA_VALUE     -9999.0
[rows 0 to 25 of 79, columns 0 to 57 of 79]
-9999.000 -9999.000 -9999.000 -9999.000 -9999.000 -9999.000 -9999.000 -9999.000 -9999.000 -9999.000 -9999.000 -9999.000 -9999.000 -9999.000 -9999.000 0.3171572E-03 0.1489158E-02 0.3426478E-02 0.5178615E-02 0.6721932E-02 0.8078963E-02 0.9260888E-02 0.1025350E-01 0.1100601E-01 0.1141700E-01 0.1131426E-01 0.1042331E-01 0.8318419E-02 0.4438609E-02 0.1291279E-02 0.1291279E-02 -9999.000 -9999.000 -9999.000 -9999.000 -9999.000 -9999.000 -9999.000 -9999.000 -9999.000 -9999.000 -9999.000 -9999.000 -9999.000 -9999.000 -9999.000 -9999.000 -9999.000 -9999.000 -9999.000 -9999.000 -9999.000 -9999.000 -9999.000 -9999.000 -9999.000 -9999.000 -9999.000
-9999.000 -9999.000 -9999.000 -9999.000 -9999.000 -9999.000 -9999.000 -9999.000 -9999.000 -9999.000 -9999.000 -9999.000 -9999.000 -9999.000 -9999.000 0.1186482E-02 0.3443012E-02 0.6653947E-02 0.9652744E-02 0.1235097E-01 0.1471757E-01 0.1671589E-01 0.1828209E-01 0.1931051E-01 0.1963941E-01 0.1903758E-01 0.1718857E-01 0.1367569E-01 0.8051793E-02 0.3065716E-02 0.3065716E-02 -9999.000 -9999.000 -9999.000 -9999.000 -9999.000 -9999.000 -9999.000 -9999.000 -9999.000 -9999.000 -9999.000 -9999.000 -9999.000 -9999.000 -9999.000 -9999.000 -9999.000 -9999.000 -9999.000 -9999.000 -9999.000 -9999.000 -9999.000 -9999.000 -9999.000 -9999.000 -9999.000
-9999.000 -9999.000 -9999.000 -9999.000 -9999.000 -9999.000 -9999.000 -9999.000 -9999.000 -9999.000 -9999.000 -9999.000 -9999.000 -9999.000 -9999.000 0.1951731E-02 0.5159791E-02 0.9488194E-02 0.1353449E-01 0.1717622E-01 0.2035136E-01 0.2299076E-01 0.2499675E-01 0.2622778E-01 0.2648521E-01 0.2550126E-01 0.2292535E-01 0.1830914E-01 0.1117858E-01 0.4579389E-02 0.4579389E-02 -9999.000 -9999.000 -9999.000 -9999.000 -9999.000 -9999.000 -9999.000 -9999.000 -9999.000 -9999.000 -9999.000 -9999.000 -9999.000 -9999.000 -9999.000 -9999.000 -9999.000 -9999.000 -9999.000 -9999.000 -9999.000 -9999.000 -9999.000 -9999.000 -9999.000 -9999.000 -9999.000
-9999.000 -9999.000 -9999.000 -9999.000 -9999.000 -9999.000 -9999.000 -9999.000 -9999.000 -9999.000 -9999.000 -9999.000 -9999.000 -9999.000 -9999.000 0.2646930E-02 0.6702605E-02 0.1201054E-01 0.1696819E-01 0.2142829E-01 0.2530627E-01 0.2851002E-01 0.3091689E-01 0.3235701E-01 0.3259990E-01 0.3134118E-01 0.2818687E-01 0.2263508E-01 0.1414774E-01 0.6027321E-02 0.6027321E-02 -9999.000 -9999.000 -9999.000 -9999.000 -9999.000 -9999.000 -9999.000 -9999.000 -9999.000 -9999.000 -9999.000 -9999.000 -9999.000 -9999.000 -9999.000 -9999.000 -9999.000 -9999.000 -9999.000 -9999.000 -9999.000 -9999.000 -9999.000 -9999.000 -9999.000 -9999.000 -9999.000
-9999.000 -9999.000 -9999.000 -9999.000 -9999.000 -9999.000 -9999.000 -9999.000 -9999.000 -9999.000 -9999.000 -9999.000 -9999.000 -9999.000 -9999.000 0.3313061E-02 0.8158130E-02 0.1435788E-01 0.2014660E-01 0.2535946E-01 0.2989527E-01 0.3364373E-01 0.3646065E-01 0.3814980E-01 0.3844755E-01 0.3700650E-01 0.3337688E-01 0.2698250E-01 0.1718812E-01 0.7525191E-02 0.7525191E-02 -9999.000 -9999.000 -9999.000 -9999.000 -9999.000 -9999.000 -9999.000 -9999.000 -9999.000 -9999.000 -9999.000 -9999.000 -9999.000 -9999.000 -9999.000 -9999.000 -9999.000 -9999.000 -9999.000 -9999.000 -9999.000 -9999.000 -9999.000 -9999.000 -9999.000 -9999.000 -9999.000
-9999.000 -9999.000 -9999.000 -9999.000 -9999.000 -9999.000 -9999.000 -9999.000 -9999.000 -9999.000 -9999.000 -9999.000 -9999.000 -9999.000 -9999.000 0.3989231E-02 0.9607950E-02 0.1665704E-01 0.2324068E-01 0.2918397E-01 0.3437325E-01 0.3868302E-01 0.4194872E-01 0.4394675E-01 0.4437553E-01 0.4283606E-01 0.3880756E-01 0.3161556E-01 0.2048895E-01 0.9168993E-02 0.9168993E-02 -9999.000 -9999.000 -9999.000 -9999.000 -9999.000 -9999.000 -9999.000 -9999.000 -9999.000 -9999.000 -9999.000 -9999.000 -9999.000 -9999.000 -9999.000 -9999.000 -9999.000 -9999.000 -9999.000 -9999.000 -9999.000 -9999.000 -9999.000 -9999.000 -9999.000 -9999.000 -9999.000
-9999.000 -9999.000 -9999.000 -9999.000 -9999.000 -9999.000 -9999.000 -9999.000 -9999.000 -9999.000 -9999.000 -9999.000 -9999.000 -9999.000 -9999.000 0.4709502E-02 0.1112170E-01 0.1901406E-01 0.2639103E-01 0.3307558E-01 0.3894509E-01 0.4386033E-01 0.4763710E-01 0.5002150E-01 0.5066831E-01 0.4911579E-01 0.4475370E-01 0.3677984E-01 0.2423751E-01 0.1105706E-01 0.1105706E-01 -9999.000 -9999.000 -9999.000 -9999.000 -9999.000 -9999.000 -9999.000 -9999.000 -9999.000 -9999.000 -9999.000 -9999.000 -9999.000 -9999.000 -9999.000 -9999.000 -9999.000 -9999.000 -9999.000 -9999.000 -9999.000 -9999.000 -9999.000 -9999.000 -9999.000 -9999.000 -9999.000
-9999.000 -9999.000 -9999.000 -9999.000 -9999.000 -9999.000 -9999.000 -9999.000 -9999.000 -9999.000 -9999.000 -9999.000 -9999.000 -9999.000 -9999.000 0.5503186E-02 0.1275933E-01 0.2152004E-01 0.2971810E-01 0.3718330E-01 0.4378707E-01 0.4937860E-01 0.5375312E-01 0.5662391E-01 0.5759462E-01 0.5612743E-01 0.5150009E-01 0.4274494E-01 0.2865351E-01 0.1330981E-01 0.1330981E-01 -9999.000 -9999.000 -9999.000 -9999.000 -9999.000 -9999.000 -9999.000 -9999.000 -9999.000 -9999.000 -9999.000 -9999.000 -9999.000 -9999.000 -9999.000 -9999.000 -9999.000 -9999.000 -9999.000 -9999.000 -9999.000 -9999.000 -9999.000 -9999.000 -9999.000 -9999.000 -9999.000
-9999.000 -9999.000 -9999.000 -9999.000 -9999.000 -9999.000 -9999.000 -9999.000 -9999.000 -9999.000 -9999.000 -9999.000 -9999.000 -9999.000 -9999.000 0.6397490E-02 0.1457599E-01 0.2425938E-01 0.3333502E-01 0.4164875E-01 0.4907006E-01 0.5543821E-01 0.6052807E-01 0.6401633E-01 0.6544759E-01 0.6419200E-01 0.5938734E-01 0.4985109E-01 0.3403146E-01 0.1609449E-01 0.1609449E-01 -9999.000 -9999.000 -9999.000 -9999.000 -9999.000 -9999.000 -9999.000 -9999.000 -9999.000 -9999.000 -9999.000 -9999.000 -9999.000 -9999.000 -9999.000 -9999.000 -9999.000 -9999.000 -9999.000 -9999.000 -9999.000 -9999.000 -9999.000 -9999.000 -9999.000 -9999.000 -9999.000
-9999.000 -9999.000 -9999.000 -9999.000 -9999.000 -9999.000 -9999.000 -9999.000 -9999.000 -9999.000 -9999.000 -9999.000 -9999.000 -9999.000 -9999.000 0.7418089E-02 0.1662600E-01 0.2731824E-01 0.3735976E-01 0.4662309E-01 0.5498030E-01 0.6226388E-01 0.6822816E-01 0.7251076E-01 0.7458784E-01 0.7371925E-01 0.6886769E-01 0.5857050E-01 0.4080207E-01 0.1966337E-01 0.1966337E-01 -9999.000 -9999.000 -9999.000 -9999.000 -9999.000 -9999.000 -9999.000 -9999.000 -9999.000 -9999.000 -9999.000 -9999.000 -9999.000 -9999.000 -9999.000 -9999.000 -9999.000 -9999.000 -9999.000 -9999.000 -9999.000 -9999.000 -9999.000 -9999.000 -9999.000 -9999.000 -9999.000
-9999.000 -9999.000 -9999.000 -9999.000 -9999.000 -9999.000 -9999.000 -9999.000 -9999.000 -9999.000 -9999.000 -9999.000 -9999.000 -9999.000 -9999.000 0.8592255E-02 0.1896822E-01 0.3079353E-01 0.4192935E-01 0.5228620E-01 0.6174516E-01 0.7013551E-01 0.7719375E-01 0.8251577E-01 0.8550098E-01 0.8527793E-01 0.8059077E-01 0.6960837E-01 0.4964288E-01 0.2442656E-01 0.2442656E-01 -9999.000 -9999.000 -9999.000 -9999.000 -9999.000 -9999.000 -9999.000 -9999.000 -9999.000 -9999.000 -9999.000 -9999.000 -9999.000 -9999.000 -9999.000 -9999.000 -9999.000 -9999.000 -9999.000 -9999.000 -9999.000 -9999.000 -9999.000 -9999.000 -9999.000 -9999.000 -9999.000
-9999.000 -9999.000 -9999.000 -9999.000 -9999.000 -9999.000 -9999.000 -9999.000 -9999.000 -9999.000 -9999.000 -9999.000 -9999.000 -9999.000 -9999.000 0.9951182E-02 0.2167338E-01 0.3480735E-01 0.4722152E-01 0.5887685E-01 0.6967095E-01 0.7943740E-01 0.8789969E-01 0.9461298E-01 0.9889328E-01 0.9971639E-01 0.9555526E-01 0.8409292E-01 0.6169863E-01 0.3109925E-01 0.3109925E-01 -9999.000 -9999.000 -9999.000 -9999.000 -9999.000 -9999.000 -9999.000 -9999.000 -9999.000 -9999.000 -9999.000 -9999.000 -9999.000 -9999.000 -9999.000 -9999.000 -9999.000 -9999.000 -9999.000 -9999.000 -9999.000 -9999.000 -9999.000 -9999.000 -9999.000 -9999.000 -9999.000
-9999.000 -9999.000 -9999.000 -9999.000 -9999.000 -9999.000 -9999.000 -9999.000 -9999.000 -9999.000 -9999.000 -9999.000 -9999.000 -9999.000 -9999.000 0.1153795E-01 0.2484148E-01 0.3953629E-01 0.5349660E-01 0.6674746E-01 0.7921488E-01 0.9074821E-01 0.1010690 0.1096997 0.1158731 0.1183955 0.1154134 0.1039700 0.7907215E-01 0.4104107E-01 0.4104107E-01 -9999.000 -9999.000 -9999.000 -9999.000 -9999.000 -9999.000 -9999.000 -9999.000 -9999.000 -9999.000 -9999.000 -9999.000 -9999.000 -9999.000 -9999.000 -9999.000 -9999.000 -9999.000 -9999.000 -9999.000 -9999.000 -9999.000 -9999.000 -9999.000 -9999.000 -9999.000 -9999.000
-9999.000 -9999.000 -9999.000 -9999.000 -9999.000 -9999.000 -9999.000 -9999.000 -9999.000 -9999.000 -9999.000 -9999.000 -9999.000 -9999.000 -9999.000 0.1352996E-01 0.2881791E-01 0.4551194E-01 0.6145773E-01 0.7676336E-01 0.9140605E-01 0.1052779 0.1181266 0.1294710 0.1384869 0.1438243 0.1432700 0.1330569 0.1062096 0.5730225E-01 0.5730225E-01 -9999.000 -9999.000 -9999.000 -9999.000 -9999.000 -9999.000 -9999.000 -9999.000 -9999.000 -9999.000 -9999.000 -9999.000 -9999.000 -9999.000 -9999.000 -9999.000 -9999.000 -9999.000 -9999.000 -9999.000 -9999.000 -9999.000 -9999.000 -9999.000 -9999.000 -9999.000 -9999.000
-9999.000 -9999.000 -9999.000 -9999.000 -9999.000 -9999.000 -9999.000 -9999.000 -9999.000 -9999.000 -9999.000 -9999.000 -9999.000 -9999.000 -9999.000 0.2841619E-01 0.5019709E-01 0.7222044E-01 0.9147708E-01 0.1088442 0.1248394 0.1397520 0.1536285 0.1662114 0.1768230 0.1841327 0.1856779 0.1767914 0.1477412 0.7747094E-01 0.7747094E-01 -9999.000 -9999.000 -9999.000 -9999.000 -9999.000 -9999.000 -9999.000 -9999.000 -9999.000 -9999.000 -9999.000 -9999.000 -9999.000 -9999.000 -9999.000 -9999.000 -9999.000 -9999.000 -9999.000 -9999.000 -9999.000 -9999.000 -9999.000 -9999.000 -9999.000 -9999.000 -9999.000
1.685796 1.685796 1.752704 1.785599 1.793909 1.793909 1.799835 1.807391 1.807391 1.811443 1.811443 1.813198 1.813403 1.755996 1.470132 1.470132 1.243878 1.178912 1.105808 1.025944 0.9413813 0.8549247 0.7700309 0.6906369 0.6209522 0.5653732 0.5288461 0.5184715 0.5487630 0.6401781 0.6401781 1.545634 1.775096 1.838818 1.801358 1.801358 1.680676 1.680676 1.454070 1.454070 1.122301 0.9537027 0.9537027 0.9475097 0.9475097 0.9860969 0.9860969 0.9860969 1.036399 1.036399 1.081539 1.081539 1.119825 1.119825 1.163885 1.163885 1.191034 1.191034
1.700676 1.700676 1.773137 1.820582 1.836592 1.836592 1.850304 1.873479 1.873479 1.893074 1.893074 1.910242 1.918101 1.901450 1.659604 1.659604 1.492346 1.467967 1.434958 1.392225 1.339592 1.277740 1.208238 1.133671 1.057888 0.9864455 0.9273453 0.8925926 0.9024012 0.9947190 0.9947190 1.559302 1.741433 1.857098 1.871568 1.871568 1.848278 1.848278 1.745273 1.745273 1.554852 1.279046 1.279046 1.282672 1.282672 1.331998 1.331998 1.331998 1.385615 1.385615 1.434312 1.434312 1.463368 1.463368 1.517457 1.517457 1.551109 1.551109
1.704186 1.704186 1.774584 1.821096 1.837079 1.837079 1.850880 1.874405 1.874405 1.894454 1.894454 1.912139 1.920279 1.913484 1.725911 1.725911 1.549276 1.543844 1.533178 1.515571 1.490153 1.456670 1.415552 1.368056 1.316500 1.264669 1.218579 1.188042 1.190516 1.263555 1.263555 1.662916 1.826655 1.964144 1.993451 1.993451 1.994509 1.994509 1.926909 1.926909 1.823252 1.568006 1.568006 1.536897 1.536897 1.575678 1.575678 1.575678 1.622909 1.622909 1.664293 1.664293 1.696793 1.696793 1.735778 1.735778 1.763910 1.763910
1.706914 1.706914 1.775761 1.821304 1.837127 1.837127 1.850863 1.874381 1.874381 1.894460 1.894460 1.912165 1.920312 1.918855 1.786125 1.786125 1.579949 1.582534 1.581544 1.575401 1.563595 1.546005 1.522899 1.495063 1.463997 1.432248 1.403989 1.386178 1.391572 1.451180 1.451180 1.751768 1.892097 2.026706 2.056678 2.056678 2.063344 2.063344 2.017866 2.017866 1.963124 1.776221 1.776221 1.707143 1.707143 1.736262 1.736262 1.736262 1.776544 1.776544 1.812773 1.812773 1.841929 1.841929 1.873240 1.873240 1.897643 1.897643
1.708961 1.708961 1.776719 1.821486 1.837165 1.837165 1.850836 1.874344 1.874344 1.894447 1.894447 1.912163 1.920311 1.922229 1.844210 1.844210 1.608348 1.616205 1.620745 1.620173 1.614578 1.604386 1.590286 1.573234 1.554563 1.536209 1.521109 1.513958 1.523305 1.574844 1.574844 1.810343 1.928854 2.049086 2.073435 2.073435 2.076738 2.076738 2.051057 2.051057 2.027072 1.918840 1.918840 1.836018 1.836018 1.844526 1.844526 1.844526 1.878740 1.878740 1.911320 1.911320 1.938179 1.938179 1.964622 1.964622 1.986069 1.986069
1.710384 1.710384 1.777425 1.821629 1.837193 1.837193 1.850813 1.874313 1.874313 1.894437 1.894437 1.912162 1.920310 1.924371 1.874130 1.874130 1.636713 1.649301 1.658778 1.662155 1.659978 1.653162 1.642909 1.630628 1.617900 1.606566 1.598941 1.598145 1.609040 1.652725 1.652725 1.841217 1.938956 2.035376 2.051169 2.051169 2.054002 2.054002 2.052550 2.052550 2.050208 2.007111 2.007111 1.939772 1.939772 1.925224 1.925224 1.925224 1.951493 1.951493 1.979941 1.979941 2.004472 2.004472 2.027241 2.027241 2.045767 2.045767
1.711222 1.711222 1.777856 1.821721 1.837211 1.837211 1.850797 1.874291 1.874291 1.894429 1.894429 1.912161 1.920309 1.925729 1.895426 1.895426 1.669957 1.684891 1.698951 1.705715 1.705912 1.700703 1.691657 1.680628 1.669601 1.660632 1.655881 1.657467 1.667539 1.700873 1.700873 1.844521 1.921878 1.987793 1.997280 1.997280 2.011684 2.011684 2.038359 2.038359 2.052058 2.054557 2.054557 2.018177 2.018177 1.990623 1.990623 1.990623 2.007232 2.007232 2.030115 2.030115 2.051512 2.051512 2.070677 2.070677 2.086080 2.086080
1.711499 1.711499 1.778002 1.821752 1.837216 1.837216 1.850790 1.874284 1.874284 1.894426 1.894426 1.912161 1.920310 1.926588 1.909577 1.909577 1.714474 1.725421 1.743149 1.752663 1.754611 1.750188 1.741096 1.729447 1.717587 1.707950 1.702922 1.703880 1.708153 1.723111 1.723111 1.823582 1.875525 1.912726 1.924209 1.924209 1.963741 1.963741 2.017381 2.017381 2.042796 2.075088 2.075088 2.070396 2.070396 2.045038 2.045038 2.045038 2.052762 2.052762 2.068874 2.068874 2.085800 2.085800 2.100940 2.100940 2.112997 2.112997
1.711222 1.711222 1.777856 1.821721 1.837210 1.837210 1.850796 1.874291 1.874291 1.894429 1.894429 1.912161 1.920310 1.927129 1.918807 1.918807 1.772575 1.773986 1.792098 1.803581 1.806815 1.802650 1.792790 1.779496 1.765402 1.753285 1.745773 1.743048 1.734478 1.718906 1.718906 1.772953 1.796415 1.823040 1.846684 1.846684 1.917840 1.917840 1.993436 1.993436 2.027309 2.079094 2.079094 2.099834 2.099834 2.088487 2.088487 2.088487 2.090807 2.090807 2.100135 2.100135 2.111474 2.111474 2.121949 2.121949 2.130266 2.130266
1.710384 1.710384 1.777425 1.821629 1.837192 1.837192 1.850813 1.874313 1.874313 1.894436 1.894436 1.912161 1.920310 1.927470 1.924753 1.924753 1.837694 1.833206 1.848207 1.859750 1.863198 1.858547 1.847259 1.831588 1.814322 1.798515 1.787001 1.777421 1.743652 1.679361 1.679361 1.684679 1.688002 1.733960 1.774862 1.774862 1.876183 1.876183 1.968163 1.968163 2.008219 2.073162 2.073162 2.112206 2.112206 2.120027 2.120027 2.120027 2.121469 2.121469 2.125393 2.125393 2.130771 2.130771 2.135962 2.135962 2.140120 2.140120
1.708961 1.708961 1.776719 1.821486 1.837165 1.837165 1.850836 1.874344 1.874344 1.894447 1.894447 1.912163 1.920310 1.927683 1.928538 1.928538 1.905906 1.903664 1.914015 1.922789 1.924453 1.918021 1.904427 1.885678 1.864527 1.844182 1.827510 1.805809 1.719794 1.589956 1.589956 1.564132 1.570632 1.653639 1.706221 1.706221 1.836920 1.836920 1.941357 1.941357 1.986202 2.060563 2.060563 2.112431 2.112431 2.139359 2.139359 2.139359 2.143645 2.143645 2.144349 2.144349 2.144196 2.144196 2.143851 2.143851 2.143612 2.143612
