simulation_files/asc/Velocity____38.0.asc
NCOLS        79
NROWS        79
XLLCENTER         -1.500000
YLLCENTER         -4.800000
CELLSIZE           0.100
NODATA_VALUE     -9999.0
[rows 0 to 26 of 79, columns 0 to 59 of 79]
-9999.000 -9999.000 -9999.000 -9999.000 -9999.000 -9999.000 -9999.000 -9999.000 -9999.000 -9999.000 -9999.000 -9999.000 -9999.000 -9999.000 -9999.000 0.3154350 0.3147128 0.3150301 0.3155760 0.3162324 0.3169706 0.3177744 0.3186287 0.3195191 0.3204341 0.3213680 0.3223267 0.3233325 0.3243221 0.3207129 0.3207129 -9999.000 -9999.000 -9999.000 -9999.000 -9999.000 -9999.000 -9999.000 -9999.000 -9999.000 -9999.000 -9999.000 -9999.000 -9999.000 -9999.000 -9999.000 -9999.000 -9999.000 -9999.000 -9999.000 -9999.000 -9999.000 -9999.000 -9999.000 -9999.000 -9999.000 -9999.000 -9999.000 -9999.000 -9999.000
-9999.000 -9999.000 -9999.000 -9999.000 -9999.000 -9999.000 -9999.000 -9999.000 -9999.000 -9999.000 -9999.000 -9999.000 -9999.000 -9999.000 -9999.000 0.3097140 0.3076287 0.3081684 0.3091296 0.3102615 0.3115051 0.3128314 0.3142196 0.3156548 0.3171329 0.3186667 0.3202933 0.3220791 0.3238931 0.3169641 0.3169641 -9999.000 -9999.000 -9999.000 -9999.000 -9999.000 -9999.000 -9999.000 -9999.000 -9999.000 -9999.000 -9999.000 -9999.000 -9999.000 -9999.000 -9999.000 -9999.000 -9999.000 -9999.000 -9999.000 -9999.000 -9999.000 -9999.000 -9999.000 -9999.000 -9999.000 -9999.000 -9999.000 -9999.000 -9999.000
-9999.000 -9999.000 -9999.000 -9999.000 -9999.000 -9999.000 -9999.000 -9999.000 -9999.000 -9999.000 -9999.000 -9999.000 -9999.000 -9999.000 -9999.000 0.3019861 0.2981348 0.2990304 0.3006753 0.3026269 0.3047716 0.3070528 0.3094326 0.3118882 0.3144158 0.3170367 0.3198023 0.3227867 0.3256878 0.3149210 0.3149210 -9999.000 -9999.000 -9999.000 -9999.000 -9999.000 -9999.000 -9999.000 -9999.000 -9999.000 -9999.000 -9999.000 -9999.000 -9999.000 -9999.000 -9999.000 -9999.000 -9999.000 -9999.000 -9999.000 -9999.000 -9999.000 -9999.000 -9999.000 -9999.000 -9999.000 -9999.000 -9999.000 -9999.000 -9999.000
-9999.000 -9999.000 -9999.000 -9999.000 -9999.000 -9999.000 -9999.000 -9999.000 -9999.000 -9999.000 -9999.000 -9999.000 -9999.000 -9999.000 -9999.000 0.2931040 0.2872531 0.2886255 0.2911585 0.2941841 0.2975201 0.3010723 0.3047762 0.3085924 0.3125100 0.3165521 0.3207788 0.3252694 0.3295310 0.3150859 0.3150859 -9999.000 -9999.000 -9999.000 -9999.000 -9999.000 -9999.000 -9999.000 -9999.000 -9999.000 -9999.000 -9999.000 -9999.000 -9999.000 -9999.000 -9999.000 -9999.000 -9999.000 -9999.000 -9999.000 -9999.000 -9999.000 -9999.000 -9999.000 -9999.000 -9999.000 -9999.000 -9999.000 -9999.000 -9999.000
-9999.000 -9999.000 -9999.000 -9999.000 -9999.000 -9999.000 -9999.000 -9999.000 -9999.000 -9999.000 -9999.000 -9999.000 -9999.000 -9999.000 -9999.000 0.2830547 0.2750568 0.2770288 0.2806475 0.2849884 0.2897885 0.2949062 0.3002444 0.3057413 0.3113759 0.3171710 0.3231964 0.3295384 0.3354940 0.3176328 0.3176328 -9999.000 -9999.000 -9999.000 -9999.000 -9999.000 -9999.000 -9999.000 -9999.000 -9999.000 -9999.000 -9999.000 -9999.000 -9999.000 -9999.000 -9999.000 -9999.000 -9999.000 -9999.000 -9999.000 -9999.000 -9999.000 -9999.000 -9999.000 -9999.000 -9999.000 -9999.000 -9999.000 -9999.000 -9999.000
-9999.000 -9999.000 -9999.000 -9999.000 -9999.000 -9999.000 -9999.000 -9999.000 -9999.000 -9999.000 -9999.000 -9999.000 -9999.000 -9999.000 -9999.000 0.2717482 0.2615816 0.2642866 0.2691880 0.2750792 0.2816055 0.2885718 0.2958431 0.3033332 0.3110104 0.3189012 0.3270900 0.3356774 0.3437355 0.3228369 0.3228369 -9999.000 -9999.000 -9999.000 -9999.000 -9999.000 -9999.000 -9999.000 -9999.000 -9999.000 -9999.000 -9999.000 -9999.000 -9999.000 -9999.000 -9999.000 -9999.000 -9999.000 -9999.000 -9999.000 -9999.000 -9999.000 -9999.000 -9999.000 -9999.000 -9999.000 -9999.000 -9999.000 -9999.000 -9999.000
-9999.000 -9999.000 -9999.000 -9999.000 -9999.000 -9999.000 -9999.000 -9999.000 -9999.000 -9999.000 -9999.000 -9999.000 -9999.000 -9999.000 -9999.000 0.2590187 0.2468360 0.2504314 0.2568184 0.2644944 0.2730054 0.2820970 0.2915940 0.3013874 0.3114397 0.3217884 0.3325437 0.3438351 0.3545059 0.3310918 0.3310918 -9999.000 -9999.000 -9999.000 -9999.000 -9999.000 -9999.000 -9999.000 -9999.000 -9999.000 -9999.000 -9999.000 -9999.000 -9999.000 -9999.000 -9999.000 -9999.000 -9999.000 -9999.000 -9999.000 -9999.000 -9999.000 -9999.000 -9999.000 -9999.000 -9999.000 -9999.000 -9999.000 -9999.000 -9999.000
-9999.000 -9999.000 -9999.000 -9999.000 -9999.000 -9999.000 -9999.000 -9999.000 -9999.000 -9999.000 -9999.000 -9999.000 -9999.000 -9999.000 -9999.000 0.2446247 0.2308089 0.2354934 0.2435846 0.2532863 0.2640401 0.2755295 0.2875412 0.2999484 0.3127179 0.3259125 0.3396879 0.3542278 0.3681608 0.3429445 0.3429445 -9999.000 -9999.000 -9999.000 -9999.000 -9999.000 -9999.000 -9999.000 -9999.000 -9999.000 -9999.000 -9999.000 -9999.000 -9999.000 -9999.000 -9999.000 -9999.000 -9999.000 -9999.000 -9999.000 -9999.000 -9999.000 -9999.000 -9999.000 -9999.000 -9999.000 -9999.000 -9999.000 -9999.000 -9999.000
-9999.000 -9999.000 -9999.000 -9999.000 -9999.000 -9999.000 -9999.000 -9999.000 -9999.000 -9999.000 -9999.000 -9999.000 -9999.000 -9999.000 -9999.000 0.2282518 0.2134754 0.2195132 0.2295559 0.2415376 0.2547947 0.2689511 0.2837610 0.2990918 0.3149307 0.3313898 0.3487024 0.3671494 0.3851907 0.3591619 0.3591619 -9999.000 -9999.000 -9999.000 -9999.000 -9999.000 -9999.000 -9999.000 -9999.000 -9999.000 -9999.000 -9999.000 -9999.000 -9999.000 -9999.000 -9999.000 -9999.000 -9999.000 -9999.000 -9999.000 -9999.000 -9999.000 -9999.000 -9999.000 -9999.000 -9999.000 -9999.000 -9999.000 -9999.000 -9999.000
-9999.000 -9999.000 -9999.000 -9999.000 -9999.000 -9999.000 -9999.000 -9999.000 -9999.000 -9999.000 -9999.000 -9999.000 -9999.000 -9999.000 -9999.000 0.2095210 0.1948051 0.2025581 0.2148467 0.2293838 0.2454095 0.2624953 0.2803770 0.2989354 0.3182043 0.3383801 0.3598247 0.3829901 0.4062676 0.3808511 0.3808511 -9999.000 -9999.000 -9999.000 -9999.000 -9999.000 -9999.000 -9999.000 -9999.000 -9999.000 -9999.000 -9999.000 -9999.000 -9999.000 -9999.000 -9999.000 -9999.000 -9999.000 -9999.000 -9999.000 -9999.000 -9999.000 -9999.000 -9999.000 -9999.000 -9999.000 -9999.000 -9999.000 -9999.000 -9999.000
-9999.000 -9999.000 -9999.000 -9999.000 -9999.000 -9999.000 -9999.000 -9999.000 -9999.000 -9999.000 -9999.000 -9999.000 -9999.000 -9999.000 -9999.000 0.1880086 0.1747791 0.1847502 0.1996490 0.2170479 0.2361105 0.2563761 0.2775856 0.2996621 0.3227235 0.3471023 0.3733677 0.4022678 0.4323274 0.4096877 0.4096877 -9999.000 -9999.000 -9999.000 -9999.000 -9999.000 -9999.000 -9999.000 -9999.000 -9999.000 -9999.000 -9999.000 -9999.000 -9999.000 -9999.000 -9999.000 -9999.000 -9999.000 -9999.000 -9999.000 -9999.000 -9999.000 -9999.000 -9999.000 -9999.000 -9999.000 -9999.000 -9999.000 -9999.000 -9999.000
-9999.000 -9999.000 -9999.000 -9999.000 -9999.000 -9999.000 -9999.000 -9999.000 -9999.000 -9999.000 -9999.000 -9999.000 -9999.000 -9999.000 -9999.000 0.1632853 0.1534283 0.1663189 0.1842905 0.2048934 0.2272590 0.2509325 0.2756975 0.3015595 0.3287693 0.3578677 0.3897508 0.4256763 0.4647049 0.4483795 0.4483795 -9999.000 -9999.000 -9999.000 -9999.000 -9999.000 -9999.000 -9999.000 -9999.000 -9999.000 -9999.000 -9999.000 -9999.000 -9999.000 -9999.000 -9999.000 -9999.000 -9999.000 -9999.000 -9999.000 -9999.000 -9999.000 -9999.000 -9999.000 -9999.000 -9999.000 -9999.000 -9999.000 -9999.000 -9999.000
-9999.000 -9999.000 -9999.000 -9999.000 -9999.000 -9999.000 -9999.000 -9999.000 -9999.000 -9999.000 -9999.000 -9999.000 -9999.000 -9999.000 -9999.000 0.1349851 0.1309209 0.1477072 0.1693342 0.1935124 0.2194300 0.2467038 0.2752135 0.3050962 0.3367951 0.3711527 0.4095675 0.4541696 0.5053660 0.5017128 0.5017128 -9999.000 -9999.000 -9999.000 -9999.000 -9999.000 -9999.000 -9999.000 -9999.000 -9999.000 -9999.000 -9999.000 -9999.000 -9999.000 -9999.000 -9999.000 -9999.000 -9999.000 -9999.000 -9999.000 -9999.000 -9999.000 -9999.000 -9999.000 -9999.000 -9999.000 -9999.000 -9999.000 -9999.000 -9999.000
-9999.000 -9999.000 -9999.000 -9999.000 -9999.000 -9999.000 -9999.000 -9999.000 -9999.000 -9999.000 -9999.000 -9999.000 -9999.000 -9999.000 -9999.000 0.1029251 0.1078396 0.1298884 0.1558727 0.1839867 0.2136454 0.2446434 0.2770280 0.3111243 0.3476312 0.3878008 0.4337708 0.4891369 0.5573243 0.5793532 0.5793532 -9999.000 -9999.000 -9999.000 -9999.000 -9999.000 -9999.000 -9999.000 -9999.000 -9999.000 -9999.000 -9999.000 -9999.000 -9999.000 -9999.000 -9999.000 -9999.000 -9999.000 -9999.000 -9999.000 -9999.000 -9999.000 -9999.000 -9999.000 -9999.000 -9999.000 -9999.000 -9999.000 -9999.000 -9999.000
-9999.000 -9999.000 -9999.000 -9999.000 -9999.000 -9999.000 -9999.000 -9999.000 -9999.000 -9999.000 -9999.000 -9999.000 -9999.000 -9999.000 -9999.000 0.6835613E-01 0.9248403E-01 0.1235172 0.1546049 0.1859779 0.2180810 0.2513592 0.2863107 0.3236144 0.3643227 0.4101931 0.4643434 0.5326847 0.6250492 0.7041301 0.7041301 -9999.000 -9999.000 -9999.000 -9999.000 -9999.000 -9999.000 -9999.000 -9999.000 -9999.000 -9999.000 -9999.000 -9999.000 -9999.000 -9999.000 -9999.000 -9999.000 -9999.000 -9999.000 -9999.000 -9999.000 -9999.000 -9999.000 -9999.000 -9999.000 -9999.000 -9999.000 -9999.000 -9999.000 -9999.000
1.295957 1.295957 1.231682 1.189768 1.169072 1.169072 1.148787 1.108521 1.108521 1.063823 1.063823 1.007352 0.9706968 0.9239231 0.8609718 0.8609718 0.7191678 0.6602366 0.6023544 0.5495226 0.5053276 0.4727937 0.4541768 0.4509533 0.4641421 0.4950821 0.5468489 0.6269810 0.7525990 0.9751456 0.9751456 1.436396 1.617808 1.724551 1.712577 1.712577 1.582349 1.582349 1.360590 1.360590 1.095781 0.6822261 0.6822261 0.6746343 0.6746343 0.7113000 0.7113000 0.7113000 0.7646549 0.7646549 0.8069004 0.8069004 0.8427643 0.8427643 0.8886533 0.8886533 0.9180399 0.9180399 0.9180399 0.9416651
1.311040 1.311040 1.247924 1.217148 1.201821 1.201821 1.186691 1.155928 1.155928 1.119281 1.119281 1.069959 1.038641 1.002555 0.9631078 0.9631078 0.9028343 0.8719506 0.8354090 0.7945710 0.7517073 0.7099637 0.6732206 0.6458746 0.6325914 0.6381844 0.6678881 0.7285316 0.8305973 0.9918513 0.9918513 1.332700 1.465769 1.557772 1.571296 1.571296 1.559037 1.559037 1.497072 1.497072 1.400514 0.9922532 0.9922532 0.9760498 0.9760498 1.010540 1.010540 1.010540 1.063577 1.063577 1.104851 1.104851 1.124389 1.124389 1.178020 1.178020 1.210441 1.210441 1.210441 1.237535
1.315500 1.315500 1.248345 1.217839 1.202853 1.202853 1.188211 1.159099 1.159099 1.125921 1.125921 1.084373 1.059932 1.033518 1.006655 1.006655 0.9746019 0.9609716 0.9436966 0.9222824 0.8970783 0.8693442 0.8413384 0.8163714 0.7987942 0.7939448 0.8081514 0.8490942 0.9268197 1.056745 1.056745 1.349307 1.471670 1.561377 1.580590 1.580590 1.585602 1.585602 1.553452 1.553452 1.510695 1.240701 1.240701 1.147256 1.147256 1.161389 1.161389 1.161389 1.216339 1.216339 1.253173 1.253173 1.280646 1.280646 1.319375 1.319375 1.347169 1.347169 1.347169 1.369625
1.319339 1.319339 1.248730 1.218412 1.203700 1.203700 1.189472 1.161852 1.161852 1.131803 1.131803 1.096608 1.077188 1.057189 1.037781 1.037781 1.020021 1.015067 1.008654 0.9999620 0.9886424 0.9749210 0.9597678 0.9450713 0.9337837 0.9300344 0.9392526 0.9684654 1.027095 1.130568 1.130568 1.373806 1.488246 1.573982 1.590631 1.590631 1.592214 1.592214 1.573891 1.573891 1.558664 1.420026 1.420026 1.290789 1.290789 1.288327 1.288327 1.288327 1.330146 1.330146 1.362432 1.362432 1.387158 1.387158 1.417557 1.417557 1.441686 1.441686 1.441686 1.460726
1.322646 1.322646 1.249195 1.219197 1.204829 1.204829 1.191102 1.165204 1.165204 1.138499 1.138499 1.109395 1.094370 1.079618 1.065894 1.065894 1.058245 1.058242 1.057809 1.056459 1.053895 1.050062 1.045299 1.040546 1.037550 1.039064 1.049066 1.073121 1.119218 1.202016 1.202016 1.399912 1.502666 1.574941 1.583845 1.583845 1.577645 1.577645 1.573345 1.573345 1.575132 1.529030 1.529030 1.423218 1.423218 1.387308 1.387308 1.387308 1.416270 1.416270 1.444127 1.444127 1.466522 1.466522 1.491123 1.491123 1.511838 1.511838 1.511838 1.528075
1.325399 1.325399 1.249694 1.220135 1.206167 1.206167 1.193003 1.168975 1.168975 1.145721 1.145721 1.122570 1.111691 1.101795 1.093283 1.093283 1.095111 1.098723 1.101903 1.104670 1.107090 1.109248 1.111337 1.113827 1.117661 1.124481 1.136902 1.158932 1.196882 1.264151 1.264151 1.422770 1.509826 1.557874 1.557114 1.557114 1.550184 1.550184 1.565263 1.565263 1.579442 1.586334 1.586334 1.530158 1.530158 1.473979 1.473979 1.473979 1.488127 1.488127 1.509592 1.509592 1.528994 1.528994 1.549048 1.549048 1.566530 1.566530 1.566530 1.580190
1.327563 1.327563 1.250205 1.221184 1.207652 1.207652 1.195085 1.172976 1.172976 1.153147 1.153147 1.135777 1.128928 1.123842 1.120691 1.120691 1.132970 1.139895 1.145639 1.150755 1.155761 1.161059 1.166960 1.173785 1.182013 1.192465 1.206591 1.226974 1.258320 1.312524 1.312524 1.436089 1.503087 1.519078 1.512732 1.512732 1.518852 1.518852 1.556039 1.556039 1.579403 1.614406 1.614406 1.603411 1.603411 1.551201 1.551201 1.551201 1.551944 1.551944 1.565156 1.565156 1.580242 1.580242 1.596024 1.596024 1.610172 1.610172 1.610172 1.621049
1.329079 1.329079 1.250685 1.222261 1.209177 1.209177 1.197214 1.176997 1.176997 1.160470 1.160470 1.148651 1.145761 1.145610 1.148388 1.148388 1.173292 1.183642 1.191480 1.197947 1.204050 1.210559 1.218014 1.226758 1.237005 1.248899 1.262796 1.279924 1.303508 1.343631 1.343631 1.432250 1.474140 1.460575 1.458903 1.458903 1.490279 1.490279 1.547466 1.547466 1.577349 1.627601 1.627601 1.646717 1.646717 1.615945 1.615945 1.615945 1.609164 1.609164 1.614175 1.614175 1.623755 1.623755 1.634977 1.634977 1.645292 1.645292 1.645292 1.653016
1.329891 1.329891 1.251118 1.223328 1.210686 1.210686 1.199306 1.180883 1.180883 1.167442 1.167442 1.160846 1.161817 1.166773 1.176354 1.176354 1.217476 1.231501 1.241144 1.248279 1.254451 1.260829 1.268222 1.277059 1.287346 1.298454 1.309370 1.319776 1.331579 1.353029 1.353029 1.402899 1.416460 1.391672 1.405879 1.405879 1.466381 1.466381 1.539014 1.539014 1.573469 1.632633 1.632633 1.669381 1.669381 1.664979 1.664979 1.664979 1.658143 1.658143 1.657413 1.657413 1.661268 1.661268 1.667423 1.667423 1.673372 1.673372 1.673372 1.677602
1.329930 1.329930 1.251475 1.224319 1.212093 1.212093 1.201255 1.184477 1.184477 1.173836 1.173836 1.172029 1.176677 1.186817 1.204195 1.204195 1.267194 1.285123 1.296246 1.303397 1.308754 1.313928 1.320032 1.327600 1.336381 1.344474 1.348519 1.346145 1.338736 1.335435 1.335435 1.344931 1.331966 1.320579 1.357295 1.357295 1.444808 1.444808 1.529126 1.529126 1.567083 1.632238 1.632238 1.679276 1.679276 1.698155 1.698155 1.698155 1.696895 1.696895 1.694207 1.694207 1.693377 1.693377 1.694297 1.694297 1.695488 1.695488 1.695488 1.695860
1.329149 1.329149 1.251765 1.225236 1.213392 1.213392 1.203037 1.187699 1.187699 1.179495 1.179495 1.181919 1.189926 1.205075 1.230914 1.230914 1.324621 1.346492 1.358603 1.364993 1.368575 1.371477 1.375206 1.380428 1.386539 1.389066 1.379902 1.354510 1.317124 1.281053 1.281053 1.252662 1.235898 1.270194 1.311302 1.311302 1.425932 1.425932 1.519396 1.519396 1.560022 1.629245 1.629245 1.682323 1.682323 1.718556 1.718556 1.718556 1.725169 1.725169 1.723897 1.723897 1.720250 1.720250 1.716484 1.716484 1.712800 1.712800 1.712800 1.709072
1.327457 1.327457 1.251942 1.226006 1.214499 1.214499 1.204562 1.190438 1.190438 1.184271 1.184271 1.190278 1.201204 1.220833 1.254561 1.254561 1.393127 1.418165 1.430271 1.434971 1.435738 1.435128 1.435253 1.437131 1.439768 1.432966 1.398894 1.335565 1.259239 1.190212 1.190212 1.140182 1.141008 1.223527 1.280728 1.280728 1.407364 1.407364 1.509362 1.509362 1.552018 1.623976 1.623976 1.680702 1.680702 1.728772 1.728772 1.728772 1.742943 1.742943 1.745007 1.745007 1.740458 1.740458 1.733116 1.733116 1.724965 1.724965 1.724965 1.717286
