simulation_files/asc/Velocity__x_336.0.asc
NCOLS        79
NROWS        79
XLLCENTER         -1.500000
YLLCENTER         -4.800000
CELLSIZE           0.100
NODATA_VALUE     -9999.0
[rows 0 to 25 of 79, columns 0 to 57 of 79]
-9999.000 -9999.000 -9999.000 -9999.000 -9999.000 -9999.000 -9999.000 -9999.000 -9999.000 -9999.000 -9999.000 -9999.000 -9999.000 -9999.000 -9999.000 0.5295142E-03 0.2429140E-02 0.5813302E-02 0.9155177E-02 0.1204930E-01 0.1432684E-01 0.1591066E-01 0.1680743E-01 0.1706496E-01 0.1673024E-01 0.1586290E-01 0.1448238E-01 0.1241429E-01 0.8885696E-02 0.4371123E-02 0.4371123E-02 -9999.000 -9999.000 -9999.000 -9999.000 -9999.000 -9999.000 -9999.000 -9999.000 -9999.000 -9999.000 -9999.000 -9999.000 -9999.000 -9999.000 -9999.000 -9999.000 -9999.000 -9999.000 -9999.000 -9999.000 -9999.000 -9999.000 -9999.000 -9999.000 -9999.000 -9999.000 -9999.000
-9999.000 -9999.000 -9999.000 -9999.000 -9999.000 -9999.000 -9999.000 -9999.000 -9999.000 -9999.000 -9999.000 -9999.000 -9999.000 -9999.000 -9999.000 0.1701555E-02 0.4785920E-02 0.9317888E-02 0.1372385E-01 0.1756394E-01 0.2061565E-01 0.2275263E-01 0.2393948E-01 0.2419198E-01 0.2353818E-01 0.2202772E-01 0.1968407E-01 0.1636858E-01 0.1143711E-01 0.5611840E-02 0.5611840E-02 -9999.000 -9999.000 -9999.000 -9999.000 -9999.000 -9999.000 -9999.000 -9999.000 -9999.000 -9999.000 -9999.000 -9999.000 -9999.000 -9999.000 -9999.000 -9999.000 -9999.000 -9999.000 -9999.000 -9999.000 -9999.000 -9999.000 -9999.000 -9999.000 -9999.000 -9999.000 -9999.000
-9999.000 -9999.000 -9999.000 -9999.000 -9999.000 -9999.000 -9999.000 -9999.000 -9999.000 -9999.000 -9999.000 -9999.000 -9999.000 -9999.000 -9999.000 0.2294010E-02 0.6034110E-02 0.1127312E-01 0.1632103E-01 0.2070978E-01 0.2419404E-01 0.2662819E-01 0.2796438E-01 0.2821021E-01 0.2739166E-01 0.2556348E-01 0.2275979E-01 0.1885239E-01 0.1318734E-01 0.6509161E-02 0.6509161E-02 -9999.000 -9999.000 -9999.000 -9999.000 -9999.000 -9999.000 -9999.000 -9999.000 -9999.000 -9999.000 -9999.000 -9999.000 -9999.000 -9999.000 -9999.000 -9999.000 -9999.000 -9999.000 -9999.000 -9999.000 -9999.000 -9999.000 -9999.000 -9999.000 -9999.000 -9999.000 -9999.000
-9999.000 -9999.000 -9999.000 -9999.000 -9999.000 -9999.000 -9999.000 -9999.000 -9999.000 -9999.000 -9999.000 -9999.000 -9999.000 -9999.000 -9999.000 0.2666602E-02 0.6824133E-02 0.1251736E-01 0.1798139E-01 0.2272854E-01 0.2649892E-01 0.2913588E-01 0.3058501E-01 0.3085170E-01 0.2996062E-01 0.2797048E-01 0.2491965E-01 0.2067626E-01 0.1455163E-01 0.7239556E-02 0.7239556E-02 -9999.000 -9999.000 -9999.000 -9999.000 -9999.000 -9999.000 -9999.000 -9999.000 -9999.000 -9999.000 -9999.000 -9999.000 -9999.000 -9999.000 -9999.000 -9999.000 -9999.000 -9999.000 -9999.000 -9999.000 -9999.000 -9999.000 -9999.000 -9999.000 -9999.000 -9999.000 -9999.000
-9999.000 -9999.000 -9999.000 -9999.000 -9999.000 -9999.000 -9999.000 -9999.000 -9999.000 -9999.000 -9999.000 -9999.000 -9999.000 -9999.000 -9999.000 0.2949883E-02 0.7423546E-02 0.1345932E-01 0.1923870E-01 0.2426044E-01 0.2825491E-01 0.3105729E-01 0.3261063E-01 0.3291842E-01 0.3200500E-01 0.2993120E-01 0.2673627E-01 0.2227791E-01 0.1581628E-01 0.7941538E-02 0.7941538E-02 -9999.000 -9999.000 -9999.000 -9999.000 -9999.000 -9999.000 -9999.000 -9999.000 -9999.000 -9999.000 -9999.000 -9999.000 -9999.000 -9999.000 -9999.000 -9999.000 -9999.000 -9999.000 -9999.000 -9999.000 -9999.000 -9999.000 -9999.000 -9999.000 -9999.000 -9999.000 -9999.000
-9999.000 -9999.000 -9999.000 -9999.000 -9999.000 -9999.000 -9999.000 -9999.000 -9999.000 -9999.000 -9999.000 -9999.000 -9999.000 -9999.000 -9999.000 0.3205747E-02 0.7961961E-02 0.1429913E-01 0.2035571E-01 0.2562097E-01 0.2981755E-01 0.3277508E-01 0.3443497E-01 0.3480053E-01 0.3389506E-01 0.3178137E-01 0.2849816E-01 0.2388683E-01 0.1714115E-01 0.8697237E-02 0.8697237E-02 -9999.000 -9999.000 -9999.000 -9999.000 -9999.000 -9999.000 -9999.000 -9999.000 -9999.000 -9999.000 -9999.000 -9999.000 -9999.000 -9999.000 -9999.000 -9999.000 -9999.000 -9999.000 -9999.000 -9999.000 -9999.000 -9999.000 -9999.000 -9999.000 -9999.000 -9999.000 -9999.000
-9999.000 -9999.000 -9999.000 -9999.000 -9999.000 -9999.000 -9999.000 -9999.000 -9999.000 -9999.000 -9999.000 -9999.000 -9999.000 -9999.000 -9999.000 0.3464878E-02 0.8503104E-02 0.1513588E-01 0.2146325E-01 0.2696731E-01 0.3136534E-01 0.3448189E-01 0.3625854E-01 0.3669851E-01 0.3582451E-01 0.3370155E-01 0.3036616E-01 0.2563843E-01 0.1863008E-01 0.9563678E-02 0.9563678E-02 -9999.000 -9999.000 -9999.000 -9999.000 -9999.000 -9999.000 -9999.000 -9999.000 -9999.000 -9999.000 -9999.000 -9999.000 -9999.000 -9999.000 -9999.000 -9999.000 -9999.000 -9999.000 -9999.000 -9999.000 -9999.000 -9999.000 -9999.000 -9999.000 -9999.000 -9999.000 -9999.000
-9999.000 -9999.000 -9999.000 -9999.000 -9999.000 -9999.000 -9999.000 -9999.000 -9999.000 -9999.000 -9999.000 -9999.000 -9999.000 -9999.000 -9999.000 0.3743126E-02 0.9080611E-02 0.1602219E-01 0.2263109E-01 0.2838450E-01 0.3299535E-01 0.3628412E-01 0.3819391E-01 0.3872861E-01 0.3790965E-01 0.3580508E-01 0.3244827E-01 0.2763290E-01 0.2037027E-01 0.1059344E-01 0.1059344E-01 -9999.000 -9999.000 -9999.000 -9999.000 -9999.000 -9999.000 -9999.000 -9999.000 -9999.000 -9999.000 -9999.000 -9999.000 -9999.000 -9999.000 -9999.000 -9999.000 -9999.000 -9999.000 -9999.000 -9999.000 -9999.000 -9999.000 -9999.000 -9999.000 -9999.000 -9999.000 -9999.000
-9999.000 -9999.000 -9999.000 -9999.000 -9999.000 -9999.000 -9999.000 -9999.000 -9999.000 -9999.000 -9999.000 -9999.000 -9999.000 -9999.000 -9999.000 0.4050420E-02 0.9715384E-02 0.1699116E-01 0.2390329E-01 0.2992667E-01 0.3477106E-01 0.3825342E-01 0.4031937E-01 0.4097421E-01 0.4023866E-01 0.3818440E-01 0.3484047E-01 0.2996786E-01 0.2245612E-01 0.1184630E-01 0.1184630E-01 -9999.000 -9999.000 -9999.000 -9999.000 -9999.000 -9999.000 -9999.000 -9999.000 -9999.000 -9999.000 -9999.000 -9999.000 -9999.000 -9999.000 -9999.000 -9999.000 -9999.000 -9999.000 -9999.000 -9999.000 -9999.000 -9999.000 -9999.000 -9999.000 -9999.000 -9999.000 -9999.000
-9999.000 -9999.000 -9999.000 -9999.000 -9999.000 -9999.000 -9999.000 -9999.000 -9999.000 -9999.000 -9999.000 -9999.000 -9999.000 -9999.000 -9999.000 0.4394299E-02 0.1042376E-01 0.1806917E-01 0.2531635E-01 0.3163940E-01 0.3674651E-01 0.4045185E-01 0.4270565E-01 0.4351484E-01 0.4289928E-01 0.4093596E-01 0.3764875E-01 0.3275852E-01 0.2500683E-01 0.1340108E-01 0.1340108E-01 -9999.000 -9999.000 -9999.000 -9999.000 -9999.000 -9999.000 -9999.000 -9999.000 -9999.000 -9999.000 -9999.000 -9999.000 -9999.000 -9999.000 -9999.000 -9999.000 -9999.000 -9999.000 -9999.000 -9999.000 -9999.000 -9999.000 -9999.000 -9999.000 -9999.000 -9999.000 -9999.000
-9999.000 -9999.000 -9999.000 -9999.000 -9999.000 -9999.000 -9999.000 -9999.000 -9999.000 -9999.000 -9999.000 -9999.000 -9999.000 -9999.000 -9999.000 0.4782308E-02 0.1122274E-01 0.1928453E-01 0.2690941E-01 0.3357258E-01 0.3898213E-01 0.4295032E-01 0.4543437E-01 0.4644363E-01 0.4599838E-01 0.4418153E-01 0.4101137E-01 0.3616028E-01 0.2818889E-01 0.1536884E-01 0.1536884E-01 -9999.000 -9999.000 -9999.000 -9999.000 -9999.000 -9999.000 -9999.000 -9999.000 -9999.000 -9999.000 -9999.000 -9999.000 -9999.000 -9999.000 -9999.000 -9999.000 -9999.000 -9999.000 -9999.000 -9999.000 -9999.000 -9999.000 -9999.000 -9999.000 -9999.000 -9999.000 -9999.000
-9999.000 -9999.000 -9999.000 -9999.000 -9999.000 -9999.000 -9999.000 -9999.000 -9999.000 -9999.000 -9999.000 -9999.000 -9999.000 -9999.000 -9999.000 0.5224512E-02 0.1213457E-01 0.2067400E-01 0.2873373E-01 0.3579146E-01 0.4155700E-01 0.4584252E-01 0.4861459E-01 0.4988758E-01 0.4968206E-01 0.4809035E-01 0.4512395E-01 0.4039598E-01 0.3224652E-01 0.1791485E-01 0.1791485E-01 -9999.000 -9999.000 -9999.000 -9999.000 -9999.000 -9999.000 -9999.000 -9999.000 -9999.000 -9999.000 -9999.000 -9999.000 -9999.000 -9999.000 -9999.000 -9999.000 -9999.000 -9999.000 -9999.000 -9999.000 -9999.000 -9999.000 -9999.000 -9999.000 -9999.000 -9999.000 -9999.000
-9999.000 -9999.000 -9999.000 -9999.000 -9999.000 -9999.000 -9999.000 -9999.000 -9999.000 -9999.000 -9999.000 -9999.000 -9999.000 -9999.000 -9999.000 0.5736073E-02 0.1319243E-01 0.2229200E-01 0.3086493E-01 0.3839229E-01 0.4458820E-01 0.4926636E-01 0.5240766E-01 0.5403320E-01 0.5416660E-01 0.5291349E-01 0.5027844E-01 0.4580288E-01 0.3755465E-01 0.2129410E-01 0.2129410E-01 -9999.000 -9999.000 -9999.000 -9999.000 -9999.000 -9999.000 -9999.000 -9999.000 -9999.000 -9999.000 -9999.000 -9999.000 -9999.000 -9999.000 -9999.000 -9999.000 -9999.000 -9999.000 -9999.000 -9999.000 -9999.000 -9999.000 -9999.000 -9999.000 -9999.000 -9999.000 -9999.000
-9999.000 -9999.000 -9999.000 -9999.000 -9999.000 -9999.000 -9999.000 -9999.000 -9999.000 -9999.000 -9999.000 -9999.000 -9999.000 -9999.000 -9999.000 0.6440752E-02 0.1462544E-01 0.2445106E-01 0.3366399E-01 0.4176117E-01 0.4847192E-01 0.5362277E-01 0.5722111E-01 0.5930252E-01 0.5989892E-01 0.5913630E-01 0.5701333E-01 0.5298277E-01 0.4477353E-01 0.2597079E-01 0.2597079E-01 -9999.000 -9999.000 -9999.000 -9999.000 -9999.000 -9999.000 -9999.000 -9999.000 -9999.000 -9999.000 -9999.000 -9999.000 -9999.000 -9999.000 -9999.000 -9999.000 -9999.000 -9999.000 -9999.000 -9999.000 -9999.000 -9999.000 -9999.000 -9999.000 -9999.000 -9999.000 -9999.000
-9999.000 -9999.000 -9999.000 -9999.000 -9999.000 -9999.000 -9999.000 -9999.000 -9999.000 -9999.000 -9999.000 -9999.000 -9999.000 -9999.000 -9999.000 0.3761875E-01 0.5752947E-01 0.6652613E-01 0.7020605E-01 0.7304414E-01 0.7427233E-01 0.7418031E-01 0.7313468E-01 0.7128257E-01 0.6875265E-01 0.6566826E-01 0.6193283E-01 0.5681176E-01 0.4767663E-01 0.2396147E-01 0.2396147E-01 -9999.000 -9999.000 -9999.000 -9999.000 -9999.000 -9999.000 -9999.000 -9999.000 -9999.000 -9999.000 -9999.000 -9999.000 -9999.000 -9999.000 -9999.000 -9999.000 -9999.000 -9999.000 -9999.000 -9999.000 -9999.000 -9999.000 -9999.000 -9999.000 -9999.000 -9999.000 -9999.000
2.711089 2.711089 2.684079 2.715794 2.734545 2.734545 2.738348 2.740080 2.740080 2.737915 2.737915 2.733130 2.730016 2.726525 2.722798 2.722798 2.802114 2.804408 2.794334 2.766279 2.719259 2.651558 2.561297 2.451254 2.321708 2.175048 2.016031 1.855563 1.720247 1.675704 1.675704 2.531141 2.701664 2.790236 2.810194 2.810194 2.831277 2.831277 2.792622 2.792622 2.736597 2.524416 2.524416 2.060729 2.060729 1.896033 1.896033 1.896033 1.906798 1.906798 1.948836 1.948836 1.998622 1.998622 2.047139 2.047139 2.088606 2.088606
2.733560 2.733560 2.713768 2.768207 2.793334 2.793334 2.808457 2.832098 2.832098 2.851483 2.851483 2.868044 2.875530 2.882581 2.889340 2.889340 2.949429 2.963087 2.974148 2.981033 2.982474 2.976139 2.959024 2.929283 2.884325 2.822357 2.742867 2.647727 2.545399 2.485304 2.485304 2.949571 3.109514 3.256643 3.294638 3.294638 3.333389 3.333389 3.322612 3.322612 3.293216 3.171300 3.171300 2.905411 2.905411 2.710907 2.710907 2.710907 2.721221 2.721221 2.764657 2.764657 2.817390 2.817390 2.868669 2.868669 2.913570 2.913570
2.734937 2.734937 2.718294 2.770601 2.793383 2.793383 2.808924 2.833326 2.833326 2.853344 2.853344 2.870596 2.878458 2.885914 2.893109 2.893109 2.948633 2.971901 2.993810 3.012821 3.028048 3.038495 3.042819 3.040099 3.028774 3.007154 2.973871 2.928853 2.876254 2.844326 2.844326 3.119667 3.275113 3.449073 3.497528 3.497528 3.541743 3.541743 3.521277 3.521277 3.486279 3.378004 3.378004 3.202186 3.202186 3.010175 3.010175 3.010175 3.004889 3.004889 3.038265 3.038265 3.083427 3.083427 3.128494 3.128494 3.168612 3.168612
2.737168 2.737168 2.716826 2.771824 2.793028 2.793028 2.808730 2.833452 2.833452 2.853480 2.853480 2.870691 2.878540 2.885987 2.893202 2.893202 2.947260 2.979153 3.010515 3.038700 3.062389 3.080793 3.093248 3.099507 3.099160 3.091643 3.076403 3.053484 3.025522 3.010696 3.010696 3.181956 3.321865 3.504641 3.558128 3.558128 3.597582 3.597582 3.556602 3.556602 3.515286 3.424760 3.424760 3.317131 3.317131 3.153450 3.153450 3.153450 3.131881 3.131881 3.153574 3.153574 3.191854 3.191854 3.232767 3.232767 3.269959 3.269959
2.739191 2.739191 2.717109 2.772181 2.792407 2.792407 2.808295 2.833482 2.833482 2.853612 2.853612 2.870786 2.878609 2.886032 2.893264 2.893264 2.949365 2.989201 3.029264 3.065879 3.097259 3.122502 3.141061 3.152802 3.157712 3.155818 3.147236 3.132516 3.113940 3.104021 3.104021 3.212094 3.329752 3.503558 3.552199 3.552199 3.567168 3.567168 3.504229 3.504229 3.466208 3.410459 3.410459 3.361319 3.361319 3.242728 3.242728 3.242728 3.209203 3.209203 3.216918 3.216918 3.246147 3.246147 3.281759 3.281759 3.315432 3.315432
2.740662 2.740662 2.717354 2.772422 2.791934 2.791934 2.807872 2.833372 2.833372 2.853632 2.853632 2.870835 2.878656 2.886074 2.893354 2.893354 2.955862 3.003388 3.051435 3.095659 3.134001 3.165463 3.189528 3.206042 3.215057 3.216753 3.211481 3.199985 3.184308 3.173356 3.173356 3.238358 3.329628 3.473142 3.502048 3.502048 3.473248 3.473248 3.406974 3.406974 3.386587 3.376464 3.376464 3.373890 3.373890 3.305526 3.305526 3.305526 3.268810 3.268810 3.263512 3.263512 3.281567 3.281567 3.309724 3.309724 3.338283 3.338283
2.741557 2.741557 2.717435 2.772572 2.791672 2.791672 2.807613 2.833266 2.833266 2.853597 2.853597 2.870837 2.878673 2.886104 2.893471 2.893471 2.967635 3.022993 3.078382 3.129280 3.173617 3.210435 3.239277 3.259999 3.272652 3.277418 3.274647 3.265034 3.250243 3.236499 3.236499 3.270387 3.332332 3.415802 3.406161 3.406161 3.334695 3.334695 3.299684 3.299684 3.305802 3.338893 3.338893 3.370082 3.370082 3.348574 3.348574 3.348574 3.317993 3.317993 3.304113 3.304113 3.310608 3.310608 3.329375 3.329375 3.350941 3.350941
2.741860 2.741860 2.717454 2.772630 2.791598 2.791598 2.807537 2.833231 2.833231 2.853575 2.853575 2.870828 2.878672 2.886112 2.893596 2.893596 2.985739 3.049348 3.111507 3.168053 3.217212 3.258231 3.290821 3.314916 3.330585 3.337994 3.337421 3.329406 3.315150 3.298594 3.298594 3.308770 3.336822 3.315832 3.256421 3.256421 3.182535 3.182535 3.207791 3.207791 3.238204 3.303164 3.303164 3.357336 3.357336 3.375108 3.375108 3.375108 3.357273 3.357273 3.340943 3.340943 3.337632 3.337632 3.345969 3.345969 3.358791 3.358791
2.741557 2.741557 2.717436 2.772571 2.791672 2.791672 2.807613 2.833267 2.833267 2.853597 2.853597 2.870837 2.878674 2.886103 2.893733 2.893733 3.011674 3.084065 3.152381 3.213395 3.265958 3.309741 3.344734 3.371043 3.388809 3.398197 3.399421 3.392837 3.379126 3.359799 3.359799 3.348576 3.329787 3.152045 3.063586 3.063586 3.051631 3.051631 3.136340 3.136340 3.182881 3.268292 3.268292 3.338172 3.338172 3.387040 3.387040 3.387040 3.384870 3.384870 3.371785 3.371785 3.362048 3.362048 3.360203 3.360203 3.363096 3.363096
2.740661 2.740661 2.717354 2.772421 2.791935 2.791935 2.807872 2.833373 2.833373 2.853632 2.853632 2.870835 2.878657 2.886074 2.893908 2.893908 3.047669 3.129234 3.202833 3.266815 3.321031 3.365799 3.401523 3.428561 3.447191 3.457610 3.459982 3.454491 3.441083 3.417397 3.417397 3.376889 3.277250 2.930158 2.872700 2.872700 2.956720 2.956720 3.078660 3.078660 3.134099 3.232455 3.232455 3.313524 3.313524 3.386154 3.386154 3.386154 3.399490 3.399490 3.393473 3.393473 3.381146 3.381146 3.370553 3.370553 3.363145 3.363145
2.739190 2.739190 2.717109 2.772181 2.792407 2.792407 2.808295 2.833482 2.833482 2.853611 2.853611 2.870786 2.878609 2.886032 2.894171 2.894171 3.097034 3.187603 3.264970 3.329829 3.383444 3.426997 3.461423 3.487401 3.505376 3.515610 3.518240 3.513229 3.498976 3.463442 3.463442 3.359777 3.120495 2.708989 2.732749 2.732749 2.886493 2.886493 3.025955 3.025955 3.086110 3.193351 3.193351 3.282606 3.282606 3.372845 3.372845 3.372845 3.399648 3.399648 3.402253 3.402253 3.390511 3.390511 3.373325 3.373325 3.356153 3.356153
