simulation_files/asc/Velocity__x_132.0.asc
NCOLS        79
NROWS        79
XLLCENTER         -1.500000
YLLCENTER         -4.800000
CELLSIZE           0.100
NODATA_VALUE     -9999.0
[rows 0 to 25 of 79, columns 0 to 57 of 79]
-9999.000 -9999.000 -9999.000 -9999.000 -9999.000 -9999.000 -9999.000 -9999.000 -9999.000 -9999.000 -9999.000 -9999.000 -9999.000 -9999.000 -9999.000 0.1864635E-03 0.1274211E-02 0.3291875E-02 0.5274729E-02 0.7056540E-02 0.8548185E-02 0.9710025E-02 0.1054278E-01 0.1107459E-01 0.1135078E-01 0.1139616E-01 0.1111090E-01 0.1008358E-01 0.7256762E-02 0.3433450E-02 0.3433450E-02 -9999.000 -9999.000 -9999.000 -9999.000 -9999.000 -9999.000 -9999.000 -9999.000 -9999.000 -9999.000 -9999.000 -9999.000 -9999.000 -9999.000 -9999.000 -9999.000 -9999.000 -9999.000 -9999.000 -9999.000 -9999.000 -9999.000 -9999.000 -9999.000 -9999.000 -9999.000 -9999.000
-9999.000 -9999.000 -9999.000 -9999.000 -9999.000 -9999.000 -9999.000 -9999.000 -9999.000 -9999.000 -9999.000 -9999.000 -9999.000 -9999.000 -9999.000 0.1015250E-02 0.3002883E-02 0.5968182E-02 0.8869958E-02 0.1149728E-01 0.1371462E-01 0.1543993E-01 0.1663613E-01 0.1729762E-01 0.1743750E-01 0.1704945E-01 0.1601168E-01 0.1392595E-01 0.9844243E-02 0.4740170E-02 0.4740170E-02 -9999.000 -9999.000 -9999.000 -9999.000 -9999.000 -9999.000 -9999.000 -9999.000 -9999.000 -9999.000 -9999.000 -9999.000 -9999.000 -9999.000 -9999.000 -9999.000 -9999.000 -9999.000 -9999.000 -9999.000 -9999.000 -9999.000 -9999.000 -9999.000 -9999.000 -9999.000 -9999.000
-9999.000 -9999.000 -9999.000 -9999.000 -9999.000 -9999.000 -9999.000 -9999.000 -9999.000 -9999.000 -9999.000 -9999.000 -9999.000 -9999.000 -9999.000 0.1561955E-02 0.4178711E-02 0.7845619E-02 0.1139784E-01 0.1459804E-01 0.1728614E-01 0.1935850E-01 0.2076145E-01 0.2147746E-01 0.2151320E-01 0.2086075E-01 0.1939864E-01 0.1672084E-01 0.1184198E-01 0.5768184E-02 0.5768184E-02 -9999.000 -9999.000 -9999.000 -9999.000 -9999.000 -9999.000 -9999.000 -9999.000 -9999.000 -9999.000 -9999.000 -9999.000 -9999.000 -9999.000 -9999.000 -9999.000 -9999.000 -9999.000 -9999.000 -9999.000 -9999.000 -9999.000 -9999.000 -9999.000 -9999.000 -9999.000 -9999.000
-9999.000 -9999.000 -9999.000 -9999.000 -9999.000 -9999.000 -9999.000 -9999.000 -9999.000 -9999.000 -9999.000 -9999.000 -9999.000 -9999.000 -9999.000 0.1963580E-02 0.5044667E-02 0.9231353E-02 0.1326638E-01 0.1689207E-01 0.1993053E-01 0.2226500E-01 0.2383185E-01 0.2460848E-01 0.2460042E-01 0.2380074E-01 0.2208414E-01 0.1902315E-01 0.1356570E-01 0.6682394E-02 0.6682394E-02 -9999.000 -9999.000 -9999.000 -9999.000 -9999.000 -9999.000 -9999.000 -9999.000 -9999.000 -9999.000 -9999.000 -9999.000 -9999.000 -9999.000 -9999.000 -9999.000 -9999.000 -9999.000 -9999.000 -9999.000 -9999.000 -9999.000 -9999.000 -9999.000 -9999.000 -9999.000 -9999.000
-9999.000 -9999.000 -9999.000 -9999.000 -9999.000 -9999.000 -9999.000 -9999.000 -9999.000 -9999.000 -9999.000 -9999.000 -9999.000 -9999.000 -9999.000 0.2290127E-02 0.5746681E-02 0.1035189E-01 0.1477886E-01 0.1875445E-01 0.2208730E-01 0.2465040E-01 0.2637416E-01 0.2723239E-01 0.2723050E-01 0.2636164E-01 0.2449253E-01 0.2116490E-01 0.1523853E-01 0.7594199E-02 0.7594199E-02 -9999.000 -9999.000 -9999.000 -9999.000 -9999.000 -9999.000 -9999.000 -9999.000 -9999.000 -9999.000 -9999.000 -9999.000 -9999.000 -9999.000 -9999.000 -9999.000 -9999.000 -9999.000 -9999.000 -9999.000 -9999.000 -9999.000 -9999.000 -9999.000 -9999.000 -9999.000 -9999.000
-9999.000 -9999.000 -9999.000 -9999.000 -9999.000 -9999.000 -9999.000 -9999.000 -9999.000 -9999.000 -9999.000 -9999.000 -9999.000 -9999.000 -9999.000 0.2587240E-02 0.6380210E-02 0.1135602E-01 0.1613301E-01 0.2042605E-01 0.2403238E-01 0.2681700E-01 0.2870534E-01 0.2966944E-01 0.2971454E-01 0.2883297E-01 0.2687956E-01 0.2335595E-01 0.1701173E-01 0.8582628E-02 0.8582628E-02 -9999.000 -9999.000 -9999.000 -9999.000 -9999.000 -9999.000 -9999.000 -9999.000 -9999.000 -9999.000 -9999.000 -9999.000 -9999.000 -9999.000 -9999.000 -9999.000 -9999.000 -9999.000 -9999.000 -9999.000 -9999.000 -9999.000 -9999.000 -9999.000 -9999.000 -9999.000 -9999.000
-9999.000 -9999.000 -9999.000 -9999.000 -9999.000 -9999.000 -9999.000 -9999.000 -9999.000 -9999.000 -9999.000 -9999.000 -9999.000 -9999.000 -9999.000 0.2883933E-02 0.7006474E-02 0.1233934E-01 0.1745515E-01 0.2205953E-01 0.2594004E-01 0.2895465E-01 0.3102539E-01 0.3212295E-01 0.3225259E-01 0.3140496E-01 0.2941991E-01 0.2574886E-01 0.1900623E-01 0.9715603E-02 0.9715603E-02 -9999.000 -9999.000 -9999.000 -9999.000 -9999.000 -9999.000 -9999.000 -9999.000 -9999.000 -9999.000 -9999.000 -9999.000 -9999.000 -9999.000 -9999.000 -9999.000 -9999.000 -9999.000 -9999.000 -9999.000 -9999.000 -9999.000 -9999.000 -9999.000 -9999.000 -9999.000 -9999.000
-9999.000 -9999.000 -9999.000 -9999.000 -9999.000 -9999.000 -9999.000 -9999.000 -9999.000 -9999.000 -9999.000 -9999.000 -9999.000 -9999.000 -9999.000 0.3199512E-02 0.7666341E-02 0.1336547E-01 0.1882947E-01 0.2375736E-01 0.2792760E-01 0.3119259E-01 0.3347194E-01 0.3473598E-01 0.3499059E-01 0.3422400E-01 0.3225711E-01 0.2848009E-01 0.2134173E-01 0.1106449E-01 0.1106449E-01 -9999.000 -9999.000 -9999.000 -9999.000 -9999.000 -9999.000 -9999.000 -9999.000 -9999.000 -9999.000 -9999.000 -9999.000 -9999.000 -9999.000 -9999.000 -9999.000 -9999.000 -9999.000 -9999.000 -9999.000 -9999.000 -9999.000 -9999.000 -9999.000 -9999.000 -9999.000 -9999.000
-9999.000 -9999.000 -9999.000 -9999.000 -9999.000 -9999.000 -9999.000 -9999.000 -9999.000 -9999.000 -9999.000 -9999.000 -9999.000 -9999.000 -9999.000 0.3548691E-02 0.8390782E-02 0.1448245E-01 0.2032009E-01 0.2559782E-01 0.3008630E-01 0.3363348E-01 0.3615751E-01 0.3762988E-01 0.3805750E-01 0.3742665E-01 0.3553437E-01 0.3169646E-01 0.2415928E-01 0.1271810E-01 0.1271810E-01 -9999.000 -9999.000 -9999.000 -9999.000 -9999.000 -9999.000 -9999.000 -9999.000 -9999.000 -9999.000 -9999.000 -9999.000 -9999.000 -9999.000 -9999.000 -9999.000 -9999.000 -9999.000 -9999.000 -9999.000 -9999.000 -9999.000 -9999.000 -9999.000 -9999.000 -9999.000 -9999.000
-9999.000 -9999.000 -9999.000 -9999.000 -9999.000 -9999.000 -9999.000 -9999.000 -9999.000 -9999.000 -9999.000 -9999.000 -9999.000 -9999.000 -9999.000 0.3945064E-02 0.9207704E-02 0.1573427E-01 0.2198621E-01 0.2765466E-01 0.3250373E-01 0.3637778E-01 0.3919536E-01 0.4093095E-01 0.4159398E-01 0.4116858E-01 0.3942413E-01 0.3558474E-01 0.2764843E-01 0.1479883E-01 0.1479883E-01 -9999.000 -9999.000 -9999.000 -9999.000 -9999.000 -9999.000 -9999.000 -9999.000 -9999.000 -9999.000 -9999.000 -9999.000 -9999.000 -9999.000 -9999.000 -9999.000 -9999.000 -9999.000 -9999.000 -9999.000 -9999.000 -9999.000 -9999.000 -9999.000 -9999.000 -9999.000 -9999.000
-9999.000 -9999.000 -9999.000 -9999.000 -9999.000 -9999.000 -9999.000 -9999.000 -9999.000 -9999.000 -9999.000 -9999.000 -9999.000 -9999.000 -9999.000 0.4402468E-02 0.1014745E-01 0.1716943E-01 0.2389420E-01 0.3001210E-01 0.3528151E-01 0.3954512E-01 0.4272395E-01 0.4479764E-01 0.4578112E-01 0.4565709E-01 0.4416136E-01 0.4040720E-01 0.3208477E-01 0.1748806E-01 0.1748806E-01 -9999.000 -9999.000 -9999.000 -9999.000 -9999.000 -9999.000 -9999.000 -9999.000 -9999.000 -9999.000 -9999.000 -9999.000 -9999.000 -9999.000 -9999.000 -9999.000 -9999.000 -9999.000 -9999.000 -9999.000 -9999.000 -9999.000 -9999.000 -9999.000 -9999.000 -9999.000 -9999.000
-9999.000 -9999.000 -9999.000 -9999.000 -9999.000 -9999.000 -9999.000 -9999.000 -9999.000 -9999.000 -9999.000 -9999.000 -9999.000 -9999.000 -9999.000 0.4939721E-02 0.1125000E-01 0.1885231E-01 0.2613286E-01 0.3278363E-01 0.3855853E-01 0.4330079E-01 0.4693704E-01 0.4945561E-01 0.5088032E-01 0.5119545E-01 0.5009732E-01 0.4656256E-01 0.3789761E-01 0.2107099E-01 0.2107099E-01 -9999.000 -9999.000 -9999.000 -9999.000 -9999.000 -9999.000 -9999.000 -9999.000 -9999.000 -9999.000 -9999.000 -9999.000 -9999.000 -9999.000 -9999.000 -9999.000 -9999.000 -9999.000 -9999.000 -9999.000 -9999.000 -9999.000 -9999.000 -9999.000 -9999.000 -9999.000 -9999.000
-9999.000 -9999.000 -9999.000 -9999.000 -9999.000 -9999.000 -9999.000 -9999.000 -9999.000 -9999.000 -9999.000 -9999.000 -9999.000 -9999.000 -9999.000 0.5584405E-02 0.1257531E-01 0.2087989E-01 0.2883630E-01 0.3614100E-01 0.4254566E-01 0.4789749E-01 0.5213298E-01 0.5525473E-01 0.5730162E-01 0.5826366E-01 0.5779127E-01 0.5469291E-01 0.4579121E-01 0.2601954E-01 0.2601954E-01 -9999.000 -9999.000 -9999.000 -9999.000 -9999.000 -9999.000 -9999.000 -9999.000 -9999.000 -9999.000 -9999.000 -9999.000 -9999.000 -9999.000 -9999.000 -9999.000 -9999.000 -9999.000 -9999.000 -9999.000 -9999.000 -9999.000 -9999.000 -9999.000 -9999.000 -9999.000 -9999.000
-9999.000 -9999.000 -9999.000 -9999.000 -9999.000 -9999.000 -9999.000 -9999.000 -9999.000 -9999.000 -9999.000 -9999.000 -9999.000 -9999.000 -9999.000 0.6448545E-02 0.1434297E-01 0.2357716E-01 0.3241622E-01 0.4056541E-01 0.4778183E-01 0.5392687E-01 0.5895932E-01 0.6290843E-01 0.6584039E-01 0.6776096E-01 0.6827030E-01 0.6596883E-01 0.5706114E-01 0.3323231E-01 0.3323231E-01 -9999.000 -9999.000 -9999.000 -9999.000 -9999.000 -9999.000 -9999.000 -9999.000 -9999.000 -9999.000 -9999.000 -9999.000 -9999.000 -9999.000 -9999.000 -9999.000 -9999.000 -9999.000 -9999.000 -9999.000 -9999.000 -9999.000 -9999.000 -9999.000 -9999.000 -9999.000 -9999.000
-9999.000 -9999.000 -9999.000 -9999.000 -9999.000 -9999.000 -9999.000 -9999.000 -9999.000 -9999.000 -9999.000 -9999.000 -9999.000 -9999.000 -9999.000 0.2120095E-01 0.3539056E-01 0.4928775E-01 0.6008873E-01 0.6830579E-01 0.7436561E-01 0.7867057E-01 0.8158616E-01 0.8341826E-01 0.8439656E-01 0.8458091E-01 0.8348126E-01 0.7949449E-01 0.6828760E-01 0.3547804E-01 0.3547804E-01 -9999.000 -9999.000 -9999.000 -9999.000 -9999.000 -9999.000 -9999.000 -9999.000 -9999.000 -9999.000 -9999.000 -9999.000 -9999.000 -9999.000 -9999.000 -9999.000 -9999.000 -9999.000 -9999.000 -9999.000 -9999.000 -9999.000 -9999.000 -9999.000 -9999.000 -9999.000 -9999.000
2.301750 2.301750 2.349025 2.392627 2.399661 2.399661 2.404200 2.409069 2.409069 2.410471 2.410471 2.409547 2.408415 2.406912 2.405085 2.405085 2.256894 2.225311 2.186177 2.135041 2.069379 1.988102 1.891212 1.779710 1.656076 1.524697 1.392609 1.272937 1.192278 1.205837 1.205837 2.066670 2.215526 2.261549 2.263632 2.263632 2.247402 2.247402 2.164262 2.164262 2.082534 1.619922 1.619922 1.433812 1.433812 1.416624 1.416624 1.416624 1.463310 1.463310 1.514976 1.514976 1.563623 1.563623 1.604815 1.604815 1.636091 1.636091
2.316789 2.316789 2.378965 2.436183 2.453052 2.453052 2.467416 2.491817 2.491817 2.512587 2.512587 2.530882 2.539301 2.547312 2.554960 2.554960 2.478217 2.469546 2.465906 2.460053 2.447568 2.425445 2.391408 2.343743 2.280011 2.200088 2.109715 2.015395 1.934987 1.917168 1.917168 2.398972 2.553358 2.676958 2.703245 2.703245 2.717029 2.717029 2.677662 2.677662 2.632001 2.376707 2.376707 2.159559 2.159559 2.131673 2.131673 2.131673 2.176366 2.176366 2.225353 2.225353 2.272803 2.272803 2.315395 2.315395 2.351478 2.351478
2.320101 2.320101 2.383012 2.436442 2.453471 2.453471 2.468064 2.492963 2.492963 2.514273 2.514273 2.533180 2.541937 2.550308 2.558337 2.558337 2.502722 2.497784 2.504232 2.513492 2.520421 2.522115 2.516637 2.502394 2.477410 2.440628 2.393893 2.340312 2.290042 2.274739 2.274739 2.596645 2.740650 2.889894 2.926069 2.926069 2.945855 2.945855 2.904327 2.904327 2.862504 2.698467 2.698467 2.513383 2.513383 2.458314 2.458314 2.458314 2.491968 2.491968 2.533111 2.533111 2.573711 2.573711 2.610546 2.610546 2.641253 2.641253
2.322736 2.322736 2.386104 2.436369 2.453343 2.453343 2.467982 2.492968 2.492968 2.514304 2.514304 2.533217 2.541979 2.550356 2.558393 2.558393 2.518812 2.515874 2.526507 2.542089 2.556786 2.567538 2.572751 2.571455 2.562548 2.545369 2.520989 2.491581 2.464081 2.460669 2.460669 2.668715 2.803398 2.961053 3.000395 3.000395 3.014944 3.014944 2.964683 2.964683 2.926683 2.820883 2.820883 2.681572 2.681572 2.605257 2.605257 2.605257 2.628371 2.628371 2.664422 2.664422 2.701701 2.701701 2.735346 2.735346 2.763068 2.763068
2.324748 2.324748 2.388444 2.436332 2.453215 2.453215 2.467886 2.492956 2.492956 2.514314 2.514314 2.533220 2.541977 2.550352 2.558387 2.558387 2.534984 2.536510 2.551189 2.571415 2.591244 2.607350 2.618074 2.622637 2.620466 2.611381 2.596424 2.577704 2.560679 2.561535 2.561535 2.700453 2.819141 2.968230 3.001070 3.001070 2.996697 2.996697 2.943432 2.943432 2.916715 2.861987 2.861987 2.776700 2.776700 2.693093 2.693093 2.693093 2.702910 2.702910 2.731883 2.731883 2.765130 2.765130 2.795775 2.795775 2.821026 2.821026
2.326163 2.326163 2.390081 2.436320 2.453110 2.453110 2.467804 2.492945 2.492945 2.514322 2.514322 2.533223 2.541977 2.550350 2.558383 2.558383 2.551654 2.560204 2.579840 2.604331 2.628335 2.648574 2.663292 2.671651 2.673220 2.667977 2.656879 2.641987 2.627946 2.627026 2.627026 2.718924 2.816035 2.934839 2.949302 2.949302 2.920986 2.920986 2.884107 2.884107 2.876224 2.867125 2.867125 2.831113 2.831113 2.757868 2.757868 2.757868 2.754751 2.754751 2.774248 2.774248 2.801653 2.801653 2.828448 2.828448 2.850691 2.850691
2.327003 2.327003 2.391050 2.436320 2.453043 2.453043 2.467747 2.492938 2.492938 2.514327 2.514327 2.533225 2.541977 2.550348 2.558381 2.558381 2.569553 2.587196 2.612880 2.641613 2.669132 2.692617 2.710414 2.721651 2.725886 2.723059 2.713891 2.700168 2.685784 2.680028 2.680028 2.736076 2.804705 2.862731 2.850019 2.850019 2.814158 2.814158 2.815893 2.815893 2.828671 2.855856 2.855856 2.858108 2.858108 2.808814 2.808814 2.808814 2.797345 2.797345 2.806692 2.806692 2.826501 2.826501 2.847964 2.847964 2.866166 2.866166
2.327282 2.327282 2.391371 2.436322 2.453020 2.453020 2.467728 2.492936 2.492936 2.514330 2.514330 2.533226 2.541977 2.550347 2.558381 2.558381 2.589947 2.618188 2.650828 2.683872 2.714331 2.740170 2.760095 2.773344 2.779485 2.778380 2.770471 2.757114 2.741340 2.729548 2.729548 2.754489 2.782422 2.744222 2.711561 2.711561 2.704886 2.704886 2.753630 2.753630 2.783209 2.836216 2.836216 2.865921 2.865921 2.846721 2.846721 2.846721 2.833658 2.833658 2.834526 2.834526 2.845759 2.845759 2.860397 2.860397 2.873354 2.873354
2.327003 2.327003 2.391050 2.436321 2.453043 2.453043 2.467748 2.492939 2.492939 2.514328 2.514328 2.533224 2.541976 2.550348 2.558382 2.558382 2.614615 2.654428 2.694497 2.731761 2.764541 2.791773 2.812747 2.826982 2.834154 2.834095 2.827007 2.813785 2.796432 2.777566 2.777566 2.768323 2.730488 2.581680 2.559999 2.559999 2.613369 2.613369 2.700182 2.700182 2.741041 2.811599 2.811599 2.860623 2.860623 2.871238 2.871238 2.871238 2.862716 2.862716 2.858467 2.858467 2.861387 2.861387 2.868143 2.868143 2.874741 2.874741
2.326163 2.326163 2.390080 2.436320 2.453111 2.453111 2.467804 2.492945 2.492945 2.514322 2.514322 2.533222 2.541977 2.550349 2.558383 2.558383 2.645970 2.697769 2.745087 2.786047 2.820287 2.847798 2.868591 2.882614 2.889757 2.889900 2.883089 2.869786 2.850586 2.821043 2.821043 2.757842 2.611933 2.407122 2.430079 2.430079 2.542039 2.542039 2.652493 2.652493 2.700420 2.783203 2.783203 2.845941 2.845941 2.882386 2.882386 2.882386 2.882226 2.882226 2.876628 2.876628 2.872661 2.872661 2.871222 2.871222 2.870707 2.870707
2.324748 2.324748 2.388443 2.436331 2.453214 2.453214 2.467886 2.492956 2.492956 2.514314 2.514314 2.533220 2.541977 2.550352 2.558387 2.558387 2.687325 2.750762 2.804225 2.847610 2.881959 2.908336 2.927522 2.939968 2.945858 2.945190 2.937941 2.924130 2.901599 2.847916 2.847916 2.675512 2.393489 2.269382 2.330682 2.330682 2.481145 2.481145 2.605456 2.605456 2.657995 2.749948 2.749948 2.822628 2.822628 2.879720 2.879720 2.879720 2.889217 2.889217 2.885265 2.885265 2.876470 2.876470 2.867363 2.867363 2.859573 2.859573
