simulation_files/asc/Velocity____310.0.asc
NCOLS        79
NROWS        79
XLLCENTER         -1.500000
YLLCENTER         -4.800000
CELLSIZE           0.100
NODATA_VALUE     -9999.0
[rows 0 to 26 of 79, columns 0 to 59 of 79]
-9999.000 -9999.000 -9999.000 -9999.000 -9999.000 -9999.000 -9999.000 -9999.000 -9999.000 -9999.000 -9999.000 -9999.000 -9999.000 -9999.000 -9999.000 0.9651989E-01 0.9440351E-01 0.9402946E-01 0.9454632E-01 0.9539887E-01 0.9632187E-01 0.9720024E-01 0.9792202E-01 0.9846716E-01 0.9884772E-01 0.9908184E-01 0.9923903E-01 0.9952752E-01 0.1005372 0.1015595 0.1015595 -9999.000 -9999.000 -9999.000 -9999.000 -9999.000 -9999.000 -9999.000 -9999.000 -9999.000 -9999.000 -9999.000 -9999.000 -9999.000 -9999.000 -9999.000 -9999.000 -9999.000 -9999.000 -9999.000 -9999.000 -9999.000 -9999.000 -9999.000 -9999.000 -9999.000 -9999.000 -9999.000 -9999.000 -9999.000
-9999.000 -9999.000 -9999.000 -9999.000 -9999.000 -9999.000 -9999.000 -9999.000 -9999.000 -9999.000 -9999.000 -9999.000 -9999.000 -9999.000 -9999.000 0.9535263E-01 0.9104754E-01 0.9032075E-01 0.9143937E-01 0.9324820E-01 0.9521618E-01 0.9711943E-01 0.9872652E-01 0.9998655E-01 0.1009142 0.1015397 0.1020108 0.1027924 0.1051929 0.1079480 0.1079480 -9999.000 -9999.000 -9999.000 -9999.000 -9999.000 -9999.000 -9999.000 -9999.000 -9999.000 -9999.000 -9999.000 -9999.000 -9999.000 -9999.000 -9999.000 -9999.000 -9999.000 -9999.000 -9999.000 -9999.000 -9999.000 -9999.000 -9999.000 -9999.000 -9999.000 -9999.000 -9999.000 -9999.000 -9999.000
-9999.000 -9999.000 -9999.000 -9999.000 -9999.000 -9999.000 -9999.000 -9999.000 -9999.000 -9999.000 -9999.000 -9999.000 -9999.000 -9999.000 -9999.000 0.9283235E-01 0.8623003E-01 0.8507592E-01 0.8687076E-01 0.8977804E-01 0.9297422E-01 0.9612794E-01 0.9888710E-01 0.1011751 0.1030085 0.1044205 0.1056283 0.1073597 0.1116994 0.1170271 0.1170271 -9999.000 -9999.000 -9999.000 -9999.000 -9999.000 -9999.000 -9999.000 -9999.000 -9999.000 -9999.000 -9999.000 -9999.000 -9999.000 -9999.000 -9999.000 -9999.000 -9999.000 -9999.000 -9999.000 -9999.000 -9999.000 -9999.000 -9999.000 -9999.000 -9999.000 -9999.000 -9999.000 -9999.000 -9999.000
-9999.000 -9999.000 -9999.000 -9999.000 -9999.000 -9999.000 -9999.000 -9999.000 -9999.000 -9999.000 -9999.000 -9999.000 -9999.000 -9999.000 -9999.000 0.8964988E-01 0.8083947E-01 0.7926684E-01 0.8176553E-01 0.8579858E-01 0.9025475E-01 0.9470790E-01 0.9869330E-01 0.1021147 0.1049890 0.1073433 0.1094536 0.1123081 0.1187938 0.1272547 0.1272547 -9999.000 -9999.000 -9999.000 -9999.000 -9999.000 -9999.000 -9999.000 -9999.000 -9999.000 -9999.000 -9999.000 -9999.000 -9999.000 -9999.000 -9999.000 -9999.000 -9999.000 -9999.000 -9999.000 -9999.000 -9999.000 -9999.000 -9999.000 -9999.000 -9999.000 -9999.000 -9999.000 -9999.000 -9999.000
-9999.000 -9999.000 -9999.000 -9999.000 -9999.000 -9999.000 -9999.000 -9999.000 -9999.000 -9999.000 -9999.000 -9999.000 -9999.000 -9999.000 -9999.000 0.8603660E-01 0.7507516E-01 0.7310241E-01 0.7634312E-01 0.8153244E-01 0.8727351E-01 0.9305809E-01 0.9831382E-01 0.1029305 0.1069238 0.1103097 0.1134194 0.1175089 0.1263116 0.1384867 0.1384867 -9999.000 -9999.000 -9999.000 -9999.000 -9999.000 -9999.000 -9999.000 -9999.000 -9999.000 -9999.000 -9999.000 -9999.000 -9999.000 -9999.000 -9999.000 -9999.000 -9999.000 -9999.000 -9999.000 -9999.000 -9999.000 -9999.000 -9999.000 -9999.000 -9999.000 -9999.000 -9999.000 -9999.000 -9999.000
-9999.000 -9999.000 -9999.000 -9999.000 -9999.000 -9999.000 -9999.000 -9999.000 -9999.000 -9999.000 -9999.000 -9999.000 -9999.000 -9999.000 -9999.000 0.8207583E-01 0.6902175E-01 0.6668822E-01 0.7072657E-01 0.7710838E-01 0.8415662E-01 0.9129506E-01 0.9784854E-01 0.1036992 0.1088609 0.1133336 0.1175045 0.1229113 0.1341927 0.1507438 0.1507438 -9999.000 -9999.000 -9999.000 -9999.000 -9999.000 -9999.000 -9999.000 -9999.000 -9999.000 -9999.000 -9999.000 -9999.000 -9999.000 -9999.000 -9999.000 -9999.000 -9999.000 -9999.000 -9999.000 -9999.000 -9999.000 -9999.000 -9999.000 -9999.000 -9999.000 -9999.000 -9999.000 -9999.000 -9999.000
-9999.000 -9999.000 -9999.000 -9999.000 -9999.000 -9999.000 -9999.000 -9999.000 -9999.000 -9999.000 -9999.000 -9999.000 -9999.000 -9999.000 -9999.000 0.7778167E-01 0.6270961E-01 0.6008307E-01 0.6499387E-01 0.7260703E-01 0.8097904E-01 0.8948538E-01 0.9735315E-01 0.1044635 0.1108274 0.1164247 0.1217007 0.1284948 0.1424251 0.1641474 0.1641474 -9999.000 -9999.000 -9999.000 -9999.000 -9999.000 -9999.000 -9999.000 -9999.000 -9999.000 -9999.000 -9999.000 -9999.000 -9999.000 -9999.000 -9999.000 -9999.000 -9999.000 -9999.000 -9999.000 -9999.000 -9999.000 -9999.000 -9999.000 -9999.000 -9999.000 -9999.000 -9999.000 -9999.000 -9999.000
-9999.000 -9999.000 -9999.000 -9999.000 -9999.000 -9999.000 -9999.000 -9999.000 -9999.000 -9999.000 -9999.000 -9999.000 -9999.000 -9999.000 -9999.000 0.7313333E-01 0.5614464E-01 0.5333357E-01 0.5921252E-01 0.6809200E-01 0.7779393E-01 0.8767188E-01 0.9686103E-01 0.1052480 0.1128388 0.1195879 0.1260036 0.1342516 0.1510202 0.1788964 0.1788964 -9999.000 -9999.000 -9999.000 -9999.000 -9999.000 -9999.000 -9999.000 -9999.000 -9999.000 -9999.000 -9999.000 -9999.000 -9999.000 -9999.000 -9999.000 -9999.000 -9999.000 -9999.000 -9999.000 -9999.000 -9999.000 -9999.000 -9999.000 -9999.000 -9999.000 -9999.000 -9999.000 -9999.000 -9999.000
-9999.000 -9999.000 -9999.000 -9999.000 -9999.000 -9999.000 -9999.000 -9999.000 -9999.000 -9999.000 -9999.000 -9999.000 -9999.000 -9999.000 -9999.000 0.6809098E-01 0.4932566E-01 0.4650247E-01 0.5346677E-01 0.6363234E-01 0.7465055E-01 0.8588969E-01 0.9639668E-01 0.1060696 0.1149051 0.1228265 0.1304108 0.1401801 0.1600019 0.1952699 0.1952699 -9999.000 -9999.000 -9999.000 -9999.000 -9999.000 -9999.000 -9999.000 -9999.000 -9999.000 -9999.000 -9999.000 -9999.000 -9999.000 -9999.000 -9999.000 -9999.000 -9999.000 -9999.000 -9999.000 -9999.000 -9999.000 -9999.000 -9999.000 -9999.000 -9999.000 -9999.000 -9999.000 -9999.000 -9999.000
-9999.000 -9999.000 -9999.000 -9999.000 -9999.000 -9999.000 -9999.000 -9999.000 -9999.000 -9999.000 -9999.000 -9999.000 -9999.000 -9999.000 -9999.000 0.6260195E-01 0.4225791E-01 0.3970625E-01 0.4788641E-01 0.5931892E-01 0.7160714E-01 0.8417642E-01 0.9598542E-01 0.1069452 0.1170368 0.1261441 0.1349207 0.1462811 0.1694028 0.2136459 0.2136459 -9999.000 -9999.000 -9999.000 -9999.000 -9999.000 -9999.000 -9999.000 -9999.000 -9999.000 -9999.000 -9999.000 -9999.000 -9999.000 -9999.000 -9999.000 -9999.000 -9999.000 -9999.000 -9999.000 -9999.000 -9999.000 -9999.000 -9999.000 -9999.000 -9999.000 -9999.000 -9999.000 -9999.000 -9999.000
-9999.000 -9999.000 -9999.000 -9999.000 -9999.000 -9999.000 -9999.000 -9999.000 -9999.000 -9999.000 -9999.000 -9999.000 -9999.000 -9999.000 -9999.000 0.5660276E-01 0.3497637E-01 0.3318856E-01 0.4268795E-01 0.5528491E-01 0.6874353E-01 0.8258213E-01 0.9566021E-01 0.1078975 0.1192486 0.1295480 0.1395346 0.1525585 0.1792623 0.2345373 0.2345373 -9999.000 -9999.000 -9999.000 -9999.000 -9999.000 -9999.000 -9999.000 -9999.000 -9999.000 -9999.000 -9999.000 -9999.000 -9999.000 -9999.000 -9999.000 -9999.000 -9999.000 -9999.000 -9999.000 -9999.000 -9999.000 -9999.000 -9999.000 -9999.000 -9999.000 -9999.000 -9999.000 -9999.000 -9999.000
-9999.000 -9999.000 -9999.000 -9999.000 -9999.000 -9999.000 -9999.000 -9999.000 -9999.000 -9999.000 -9999.000 -9999.000 -9999.000 -9999.000 -9999.000 0.5001900E-01 0.2760719E-01 0.2748214E-01 0.3823966E-01 0.5173183E-01 0.6617620E-01 0.8118021E-01 0.9547195E-01 0.1089639 0.1215670 0.1330550 0.1442614 0.1590216 0.1896278 0.2586543 0.2586543 -9999.000 -9999.000 -9999.000 -9999.000 -9999.000 -9999.000 -9999.000 -9999.000 -9999.000 -9999.000 -9999.000 -9999.000 -9999.000 -9999.000 -9999.000 -9999.000 -9999.000 -9999.000 -9999.000 -9999.000 -9999.000 -9999.000 -9999.000 -9999.000 -9999.000 -9999.000 -9999.000 -9999.000 -9999.000
-9999.000 -9999.000 -9999.000 -9999.000 -9999.000 -9999.000 -9999.000 -9999.000 -9999.000 -9999.000 -9999.000 -9999.000 -9999.000 -9999.000 -9999.000 0.4276462E-01 0.2057530E-01 0.2369464E-01 0.3513649E-01 0.4896584E-01 0.6408389E-01 0.8008786E-01 0.9550603E-01 0.1102105 0.1240442 0.1367035 0.1491279 0.1656946 0.2005606 0.2870067 0.2870067 -9999.000 -9999.000 -9999.000 -9999.000 -9999.000 -9999.000 -9999.000 -9999.000 -9999.000 -9999.000 -9999.000 -9999.000 -9999.000 -9999.000 -9999.000 -9999.000 -9999.000 -9999.000 -9999.000 -9999.000 -9999.000 -9999.000 -9999.000 -9999.000 -9999.000 -9999.000 -9999.000 -9999.000 -9999.000
-9999.000 -9999.000 -9999.000 -9999.000 -9999.000 -9999.000 -9999.000 -9999.000 -9999.000 -9999.000 -9999.000 -9999.000 -9999.000 -9999.000 -9999.000 0.3462744E-01 0.1570583E-01 0.2411844E-01 0.3476958E-01 0.4792380E-01 0.6313645E-01 0.7979996E-01 0.9614149E-01 0.1119325 0.1269109 0.1406723 0.1542714 0.1726846 0.2121804 0.3211124 0.3211124 -9999.000 -9999.000 -9999.000 -9999.000 -9999.000 -9999.000 -9999.000 -9999.000 -9999.000 -9999.000 -9999.000 -9999.000 -9999.000 -9999.000 -9999.000 -9999.000 -9999.000 -9999.000 -9999.000 -9999.000 -9999.000 -9999.000 -9999.000 -9999.000 -9999.000 -9999.000 -9999.000 -9999.000 -9999.000
-9999.000 -9999.000 -9999.000 -9999.000 -9999.000 -9999.000 -9999.000 -9999.000 -9999.000 -9999.000 -9999.000 -9999.000 -9999.000 -9999.000 -9999.000 0.5282719E-01 0.8035511E-01 0.9119256E-01 0.8707471E-01 0.8779015E-01 0.9153128E-01 0.9909438E-01 0.1091332 0.1209139 0.1335655 0.1461411 0.1594799 0.1790163 0.2232991 0.3602974 0.3602974 -9999.000 -9999.000 -9999.000 -9999.000 -9999.000 -9999.000 -9999.000 -9999.000 -9999.000 -9999.000 -9999.000 -9999.000 -9999.000 -9999.000 -9999.000 -9999.000 -9999.000 -9999.000 -9999.000 -9999.000 -9999.000 -9999.000 -9999.000 -9999.000 -9999.000 -9999.000 -9999.000 -9999.000 -9999.000
2.745902 2.745902 2.727559 2.762716 2.781506 2.781506 2.785131 2.786348 2.786348 2.783540 2.783540 2.778073 2.774620 2.770800 2.766827 2.766827 2.867441 2.870344 2.867816 2.843770 2.800229 2.736093 2.649209 2.541451 2.414375 2.269724 2.111944 1.951569 1.815785 1.779091 1.779091 2.601843 2.769504 2.861604 2.883619 2.883619 2.909708 2.909708 2.879574 2.879574 2.828214 2.628249 2.628249 2.167811 2.167811 1.971445 1.971445 1.971445 1.972486 1.972486 2.010955 2.010955 2.060224 2.060224 2.109432 2.109432 2.152210 2.152210 2.152210 2.184833
2.769039 2.769039 2.756034 2.815750 2.841080 2.841080 2.856283 2.879682 2.879682 2.898675 2.898675 2.914866 2.922182 2.929078 2.935757 2.935757 3.011328 3.026685 3.040126 3.048418 3.051615 3.048038 3.034814 3.009790 2.970696 2.915375 2.842871 2.754636 2.657554 2.594653 2.594653 3.034365 3.186698 3.332302 3.371244 3.371244 3.412970 3.412970 3.406646 3.406646 3.380521 3.267127 3.267127 3.016711 3.016711 2.791731 2.791731 2.791731 2.792024 2.792024 2.832344 2.832344 2.884677 2.884677 2.936549 2.936549 2.982613 2.982613 2.982613 3.020272
2.775129 2.775129 2.755238 2.817709 2.840891 2.840891 2.856800 2.881130 2.881130 2.900719 2.900719 2.917536 2.925205 2.932487 2.939600 2.939600 3.008287 3.034213 3.058332 3.078845 3.095592 3.108218 3.115749 3.117309 3.111662 3.097103 3.072043 3.035995 2.991910 2.963018 2.963018 3.215206 3.360380 3.526995 3.574827 3.574827 3.620065 3.620065 3.602148 3.602148 3.569725 3.467739 3.467739 3.303439 3.303439 3.089255 3.089255 3.089255 3.073195 3.073195 3.102623 3.102623 3.147067 3.147067 3.192817 3.192817 3.234211 3.234211 3.234211 3.268449
2.780014 2.780014 2.751959 2.819177 2.840574 2.840574 2.856622 2.881180 2.881180 2.900757 2.900757 2.917562 2.925237 2.932530 2.939691 2.939691 3.005012 3.040174 3.074106 3.104324 3.130005 3.150877 3.166651 3.177239 3.182505 3.182020 3.175207 3.161885 3.143816 3.135264 3.135264 3.291162 3.420128 3.590787 3.641310 3.641310 3.677465 3.677465 3.636288 3.636288 3.596572 3.510965 3.510965 3.411435 3.411435 3.233135 3.233135 3.233135 3.200533 3.200533 3.217009 3.217009 3.253894 3.253894 3.295250 3.295250 3.333652 3.333652 3.333652 3.365547
2.783814 2.783814 2.751658 2.820063 2.840253 2.840253 2.856371 2.881185 2.881185 2.900770 2.900770 2.917557 2.925230 2.932523 2.939745 2.939745 3.005580 3.049015 3.091985 3.131141 3.165091 3.193345 3.215702 3.232228 3.243130 3.248592 3.248775 3.244113 3.236282 3.234854 3.234854 3.334863 3.443170 3.602150 3.644911 3.644911 3.649278 3.649278 3.581496 3.581496 3.544034 3.492374 3.492374 3.449551 3.449551 3.322972 3.322972 3.322972 3.279434 3.279434 3.281025 3.281025 3.307955 3.307955 3.343529 3.343529 3.378199 3.378199 3.378199 3.407197
2.786517 2.786517 2.751661 2.820746 2.840101 2.840101 2.856206 2.881191 2.881191 2.900780 2.900780 2.917550 2.925220 2.932513 2.939818 2.939818 3.010926 3.062191 3.113445 3.160694 3.202216 3.237339 3.265840 3.287774 3.303389 3.313019 3.317083 3.316267 3.312183 3.311550 3.311550 3.374559 3.459197 3.585982 3.604698 3.604698 3.555253 3.555253 3.480081 3.480081 3.459692 3.453514 3.453514 3.456513 3.456513 3.385484 3.385484 3.385484 3.340847 3.340847 3.329346 3.329346 3.344354 3.344354 3.371884 3.371884 3.401075 3.401075 3.401075 3.425868
2.788134 2.788134 2.751747 2.821158 2.840039 2.840039 2.856113 2.881192 2.881192 2.900780 2.900780 2.917530 2.925194 2.932482 2.939905 2.939905 3.021923 3.081092 3.140003 3.194462 3.242670 3.283913 3.317972 3.344892 3.364891 3.378303 3.385570 3.387371 3.385069 3.383271 3.383271 3.420084 3.478376 3.541121 3.514313 3.514313 3.412379 3.412379 3.367556 3.367556 3.373887 3.411185 3.411185 3.447500 3.447500 3.427025 3.427025 3.427025 3.391141 3.391141 3.371858 3.371858 3.375018 3.375018 3.392642 3.392642 3.414399 3.414399 3.414399 3.433428
2.788673 2.788673 2.751790 2.821295 2.840022 2.840022 2.856082 2.881189 2.881189 2.900772 2.900772 2.917512 2.925173 2.932459 2.940054 2.940054 3.039726 3.107258 3.173350 3.234114 3.287967 3.334331 3.373070 3.404273 3.428156 3.445017 3.455249 3.459420 3.458537 3.455320 3.455320 3.472144 3.498667 3.446531 3.361262 3.361262 3.252304 3.252304 3.269553 3.269553 3.301105 3.370656 3.370656 3.429604 3.429604 3.450759 3.450759 3.450759 3.430241 3.430241 3.409950 3.409950 3.403604 3.403604 3.410524 3.410524 3.423115 3.423115 3.423115 3.434793
2.788135 2.788135 2.751748 2.821159 2.840039 2.840039 2.856113 2.881193 2.881193 2.900780 2.900780 2.917530 2.925194 2.932482 2.940317 2.940317 3.065916 3.142496 3.215358 3.281468 3.339774 3.390025 3.432290 3.466772 3.493732 3.513458 3.526287 3.532649 3.533109 3.528118 3.528118 3.525494 3.504078 3.276428 3.156186 3.156186 3.112771 3.112771 3.194237 3.194237 3.242598 3.332344 3.332344 3.406389 3.406389 3.459744 3.459744 3.459744 3.457057 3.457057 3.441738 3.441738 3.429769 3.429769 3.426543 3.426543 3.428842 3.428842 3.428842 3.431804
2.786518 2.786518 2.751662 2.820747 2.840101 2.840101 2.856206 2.881190 2.881190 2.900781 2.900781 2.917549 2.925220 2.932513 2.940688 2.940688 3.102787 3.189140 3.268287 3.338636 3.400005 3.452667 3.497027 3.533486 3.562404 3.584103 3.598881 3.607031 3.608397 3.599105 3.599105 3.565137 3.454232 3.037819 2.948089 2.948089 3.012096 3.012096 3.134497 3.134497 3.191974 3.293843 3.293843 3.378390 3.378390 3.455854 3.455854 3.455854 3.470264 3.470264 3.463708 3.463708 3.450315 3.450315 3.438705 3.438705 3.430491 3.430491 3.430491 3.423903
2.783814 2.783814 2.751658 2.820064 2.840253 2.840253 2.856372 2.881185 2.881185 2.900770 2.900770 2.917557 2.925231 2.932524 2.941163 2.941163 3.153823 3.250389 3.334967 3.408086 3.470786 3.524077 3.568807 3.605651 3.635121 3.657601 3.673387 3.682578 3.683205 3.659119 3.659119 3.549605 3.283760 2.794113 2.793074 2.793074 2.939883 2.939883 3.081042 3.081042 3.143227 3.252773 3.252773 3.344902 3.344902 3.439869 3.439869 3.439869 3.468753 3.468753 3.472255 3.472255 3.460603 3.460603 3.443018 3.443018 3.424998 3.424998 3.424998 3.408762
2.780014 2.780014 2.751959 2.819177 2.840574 2.840574 2.856623 2.881181 2.881181 2.900757 2.900757 2.917562 2.925237 2.932530 2.941815 2.941815 3.224648 3.330966 3.419231 3.492902 3.554606 3.606265 3.649261 3.684577 3.712900 3.734700 3.750284 3.759234 3.753006 3.673953 3.673953 3.389221 2.959965 2.629392 2.690554 2.690554 2.873363 2.873363 3.022905 3.022905 3.087963 3.203163 3.203163 3.301069 3.301069 3.408585 3.408585 3.408585 3.448747 3.448747 3.461614 3.461614 3.453335 3.453335 3.432099 3.432099 3.405751 3.405751 3.405751 3.380624
