simulation_files/asc/Velocity__x_339.0.asc
NCOLS        79
NROWS        79
XLLCENTER         -1.500000
YLLCENTER         -4.800000
CELLSIZE           0.100
NODATA_VALUE     -9999.0
[rows 0 to 25 of 79, columns 0 to 57 of 79]
-9999.000 -9999.000 -9999.000 -9999.000 -9999.000 -9999.000 -9999.000 -9999.000 -9999.000 -9999.000 -9999.000 -9999.000 -9999.000 -9999.000 -9999.000 0.5821391E-03 0.2512728E-02 0.5877510E-02 0.9171112E-02 0.1202163E-01 0.1426711E-01 0.1583114E-01 0.1671904E-01 0.1697550E-01 0.1664691E-01 0.1579151E-01 0.1442754E-01 0.1237756E-01 0.8863404E-02 0.4359663E-02 0.4359663E-02 -9999.000 -9999.000 -9999.000 -9999.000 -9999.000 -9999.000 -9999.000 -9999.000 -9999.000 -9999.000 -9999.000 -9999.000 -9999.000 -9999.000 -9999.000 -9999.000 -9999.000 -9999.000 -9999.000 -9999.000 -9999.000 -9999.000 -9999.000 -9999.000 -9999.000 -9999.000 -9999.000
-9999.000 -9999.000 -9999.000 -9999.000 -9999.000 -9999.000 -9999.000 -9999.000 -9999.000 -9999.000 -9999.000 -9999.000 -9999.000 -9999.000 -9999.000 0.1750589E-02 0.4864007E-02 0.9379219E-02 0.1374029E-01 0.1753813E-01 0.2055763E-01 0.2267400E-01 0.2385099E-01 0.2410182E-01 0.2345414E-01 0.2195631E-01 0.1962962E-01 0.1633301E-01 0.1141661E-01 0.5601887E-02 0.5601887E-02 -9999.000 -9999.000 -9999.000 -9999.000 -9999.000 -9999.000 -9999.000 -9999.000 -9999.000 -9999.000 -9999.000 -9999.000 -9999.000 -9999.000 -9999.000 -9999.000 -9999.000 -9999.000 -9999.000 -9999.000 -9999.000 -9999.000 -9999.000 -9999.000 -9999.000 -9999.000 -9999.000
-9999.000 -9999.000 -9999.000 -9999.000 -9999.000 -9999.000 -9999.000 -9999.000 -9999.000 -9999.000 -9999.000 -9999.000 -9999.000 -9999.000 -9999.000 0.2346133E-02 0.6117912E-02 0.1134139E-01 0.1634490E-01 0.2069176E-01 0.2414409E-01 0.2655799E-01 0.2788439E-01 0.2812876E-01 0.2731607E-01 0.2550005E-01 0.2271259E-01 0.1882287E-01 0.1317108E-01 0.6501362E-02 0.6501362E-02 -9999.000 -9999.000 -9999.000 -9999.000 -9999.000 -9999.000 -9999.000 -9999.000 -9999.000 -9999.000 -9999.000 -9999.000 -9999.000 -9999.000 -9999.000 -9999.000 -9999.000 -9999.000 -9999.000 -9999.000 -9999.000 -9999.000 -9999.000 -9999.000 -9999.000 -9999.000 -9999.000
-9999.000 -9999.000 -9999.000 -9999.000 -9999.000 -9999.000 -9999.000 -9999.000 -9999.000 -9999.000 -9999.000 -9999.000 -9999.000 -9999.000 -9999.000 0.2722176E-02 0.6913933E-02 0.1259298E-01 0.1801320E-01 0.2271904E-01 0.2645797E-01 0.2907512E-01 0.3051511E-01 0.3078007E-01 0.2989488E-01 0.2791657E-01 0.2488133E-01 0.2065446E-01 0.1454129E-01 0.7234659E-02 0.7234659E-02 -9999.000 -9999.000 -9999.000 -9999.000 -9999.000 -9999.000 -9999.000 -9999.000 -9999.000 -9999.000 -9999.000 -9999.000 -9999.000 -9999.000 -9999.000 -9999.000 -9999.000 -9999.000 -9999.000 -9999.000 -9999.000 -9999.000 -9999.000 -9999.000 -9999.000 -9999.000 -9999.000
-9999.000 -9999.000 -9999.000 -9999.000 -9999.000 -9999.000 -9999.000 -9999.000 -9999.000 -9999.000 -9999.000 -9999.000 -9999.000 -9999.000 -9999.000 0.3008693E-02 0.7518897E-02 0.1354099E-01 0.1927655E-01 0.2425762E-01 0.2822111E-01 0.3100441E-01 0.3254924E-01 0.3285584E-01 0.3194829E-01 0.2988624E-01 0.2670677E-01 0.2226418E-01 0.1581217E-01 0.7939987E-02 0.7939987E-02 -9999.000 -9999.000 -9999.000 -9999.000 -9999.000 -9999.000 -9999.000 -9999.000 -9999.000 -9999.000 -9999.000 -9999.000 -9999.000 -9999.000 -9999.000 -9999.000 -9999.000 -9999.000 -9999.000 -9999.000 -9999.000 -9999.000 -9999.000 -9999.000 -9999.000 -9999.000 -9999.000
-9999.000 -9999.000 -9999.000 -9999.000 -9999.000 -9999.000 -9999.000 -9999.000 -9999.000 -9999.000 -9999.000 -9999.000 -9999.000 -9999.000 -9999.000 0.3267160E-02 0.8061448E-02 0.1438511E-01 0.2039777E-01 0.2562255E-01 0.2978884E-01 0.3272800E-01 0.3438038E-01 0.3474551E-01 0.3384648E-01 0.3174515E-01 0.2847740E-01 0.2388142E-01 0.1714368E-01 0.8699129E-02 0.8699129E-02 -9999.000 -9999.000 -9999.000 -9999.000 -9999.000 -9999.000 -9999.000 -9999.000 -9999.000 -9999.000 -9999.000 -9999.000 -9999.000 -9999.000 -9999.000 -9999.000 -9999.000 -9999.000 -9999.000 -9999.000 -9999.000 -9999.000 -9999.000 -9999.000 -9999.000 -9999.000 -9999.000
-9999.000 -9999.000 -9999.000 -9999.000 -9999.000 -9999.000 -9999.000 -9999.000 -9999.000 -9999.000 -9999.000 -9999.000 -9999.000 -9999.000 -9999.000 0.3528329E-02 0.8605788E-02 0.1522492E-01 0.2150786E-01 0.2697146E-01 0.3133978E-01 0.3443905E-01 0.3620926E-01 0.3664993E-01 0.3578329E-01 0.3367365E-01 0.3035445E-01 0.2564229E-01 0.1864049E-01 0.9569897E-02 0.9569897E-02 -9999.000 -9999.000 -9999.000 -9999.000 -9999.000 -9999.000 -9999.000 -9999.000 -9999.000 -9999.000 -9999.000 -9999.000 -9999.000 -9999.000 -9999.000 -9999.000 -9999.000 -9999.000 -9999.000 -9999.000 -9999.000 -9999.000 -9999.000 -9999.000 -9999.000 -9999.000 -9999.000
-9999.000 -9999.000 -9999.000 -9999.000 -9999.000 -9999.000 -9999.000 -9999.000 -9999.000 -9999.000 -9999.000 -9999.000 -9999.000 -9999.000 -9999.000 0.3808529E-02 0.9186390E-02 0.1611348E-01 0.2267684E-01 0.2838992E-01 0.3297170E-01 0.3624428E-01 0.3814881E-01 0.3868522E-01 0.3787519E-01 0.3578564E-01 0.3244652E-01 0.2764739E-01 0.2038989E-01 0.1060477E-01 0.1060477E-01 -9999.000 -9999.000 -9999.000 -9999.000 -9999.000 -9999.000 -9999.000 -9999.000 -9999.000 -9999.000 -9999.000 -9999.000 -9999.000 -9999.000 -9999.000 -9999.000 -9999.000 -9999.000 -9999.000 -9999.000 -9999.000 -9999.000 -9999.000 -9999.000 -9999.000 -9999.000 -9999.000
-9999.000 -9999.000 -9999.000 -9999.000 -9999.000 -9999.000 -9999.000 -9999.000 -9999.000 -9999.000 -9999.000 -9999.000 -9999.000 -9999.000 -9999.000 0.4117930E-02 0.9824158E-02 0.1708417E-01 0.2394968E-01 0.2993263E-01 0.3474828E-01 0.3821532E-01 0.4027732E-01 0.4093527E-01 0.4021047E-01 0.3817340E-01 0.3484916E-01 0.2999426E-01 0.2248676E-01 0.1186426E-01 0.1186426E-01 -9999.000 -9999.000 -9999.000 -9999.000 -9999.000 -9999.000 -9999.000 -9999.000 -9999.000 -9999.000 -9999.000 -9999.000 -9999.000 -9999.000 -9999.000 -9999.000 -9999.000 -9999.000 -9999.000 -9999.000 -9999.000 -9999.000 -9999.000 -9999.000 -9999.000 -9999.000 -9999.000
-9999.000 -9999.000 -9999.000 -9999.000 -9999.000 -9999.000 -9999.000 -9999.000 -9999.000 -9999.000 -9999.000 -9999.000 -9999.000 -9999.000 -9999.000 0.4464097E-02 0.1053621E-01 0.1816467E-01 0.2536373E-01 0.3164621E-01 0.3672505E-01 0.4041574E-01 0.4266638E-01 0.4348001E-01 0.4287751E-01 0.4093388E-01 0.3766914E-01 0.3279898E-01 0.2505123E-01 0.1342736E-01 0.1342736E-01 -9999.000 -9999.000 -9999.000 -9999.000 -9999.000 -9999.000 -9999.000 -9999.000 -9999.000 -9999.000 -9999.000 -9999.000 -9999.000 -9999.000 -9999.000 -9999.000 -9999.000 -9999.000 -9999.000 -9999.000 -9999.000 -9999.000 -9999.000 -9999.000 -9999.000 -9999.000 -9999.000
-9999.000 -9999.000 -9999.000 -9999.000 -9999.000 -9999.000 -9999.000 -9999.000 -9999.000 -9999.000 -9999.000 -9999.000 -9999.000 -9999.000 -9999.000 0.4855526E-02 0.1134052E-01 0.1938404E-01 0.2695913E-01 0.3358148E-01 0.3896286E-01 0.4291708E-01 0.4539917E-01 0.4641423E-01 0.4598411E-01 0.4419017E-01 0.4104587E-01 0.3621788E-01 0.2825105E-01 0.1540632E-01 0.1540632E-01 -9999.000 -9999.000 -9999.000 -9999.000 -9999.000 -9999.000 -9999.000 -9999.000 -9999.000 -9999.000 -9999.000 -9999.000 -9999.000 -9999.000 -9999.000 -9999.000 -9999.000 -9999.000 -9999.000 -9999.000 -9999.000 -9999.000 -9999.000 -9999.000 -9999.000 -9999.000 -9999.000
-9999.000 -9999.000 -9999.000 -9999.000 -9999.000 -9999.000 -9999.000 -9999.000 -9999.000 -9999.000 -9999.000 -9999.000 -9999.000 -9999.000 -9999.000 0.5302483E-02 0.1226009E-01 0.2078003E-01 0.2878781E-01 0.3580483E-01 0.4154308E-01 0.4581597E-01 0.4858718E-01 0.4986695E-01 0.4967869E-01 0.4811304E-01 0.4517667E-01 0.4047623E-01 0.3233282E-01 0.1796782E-01 0.1796782E-01 -9999.000 -9999.000 -9999.000 -9999.000 -9999.000 -9999.000 -9999.000 -9999.000 -9999.000 -9999.000 -9999.000 -9999.000 -9999.000 -9999.000 -9999.000 -9999.000 -9999.000 -9999.000 -9999.000 -9999.000 -9999.000 -9999.000 -9999.000 -9999.000 -9999.000 -9999.000 -9999.000
-9999.000 -9999.000 -9999.000 -9999.000 -9999.000 -9999.000 -9999.000 -9999.000 -9999.000 -9999.000 -9999.000 -9999.000 -9999.000 -9999.000 -9999.000 0.5820636E-02 0.1332899E-01 0.2240825E-01 0.3092690E-01 0.3841413E-01 0.4458407E-01 0.4925172E-01 0.5239444E-01 0.5402841E-01 0.5418167E-01 0.5295829E-01 0.5035823E-01 0.4591611E-01 0.3767677E-01 0.2137037E-01 0.2137037E-01 -9999.000 -9999.000 -9999.000 -9999.000 -9999.000 -9999.000 -9999.000 -9999.000 -9999.000 -9999.000 -9999.000 -9999.000 -9999.000 -9999.000 -9999.000 -9999.000 -9999.000 -9999.000 -9999.000 -9999.000 -9999.000 -9999.000 -9999.000 -9999.000 -9999.000 -9999.000 -9999.000
-9999.000 -9999.000 -9999.000 -9999.000 -9999.000 -9999.000 -9999.000 -9999.000 -9999.000 -9999.000 -9999.000 -9999.000 -9999.000 -9999.000 -9999.000 0.6528073E-02 0.1476565E-01 0.2456704E-01 0.3372294E-01 0.4178187E-01 0.4847105E-01 0.5361768E-01 0.5722348E-01 0.5931823E-01 0.5994004E-01 0.5921400E-01 0.5713414E-01 0.5314640E-01 0.4495134E-01 0.2608420E-01 0.2608420E-01 -9999.000 -9999.000 -9999.000 -9999.000 -9999.000 -9999.000 -9999.000 -9999.000 -9999.000 -9999.000 -9999.000 -9999.000 -9999.000 -9999.000 -9999.000 -9999.000 -9999.000 -9999.000 -9999.000 -9999.000 -9999.000 -9999.000 -9999.000 -9999.000 -9999.000 -9999.000 -9999.000
-9999.000 -9999.000 -9999.000 -9999.000 -9999.000 -9999.000 -9999.000 -9999.000 -9999.000 -9999.000 -9999.000 -9999.000 -9999.000 -9999.000 -9999.000 0.3584519E-01 0.5490243E-01 0.6362677E-01 0.6825561E-01 0.7161615E-01 0.7325198E-01 0.7348239E-01 0.7267943E-01 0.7101161E-01 0.6863005E-01 0.6566873E-01 0.6203626E-01 0.5699953E-01 0.4789995E-01 0.2409407E-01 0.2409407E-01 -9999.000 -9999.000 -9999.000 -9999.000 -9999.000 -9999.000 -9999.000 -9999.000 -9999.000 -9999.000 -9999.000 -9999.000 -9999.000 -9999.000 -9999.000 -9999.000 -9999.000 -9999.000 -9999.000 -9999.000 -9999.000 -9999.000 -9999.000 -9999.000 -9999.000 -9999.000 -9999.000
2.688229 2.688229 2.681276 2.727160 2.730555 2.730555 2.732338 2.733343 2.733343 2.731253 2.731253 2.726723 2.723765 2.720436 2.716877 2.716877 2.793979 2.796236 2.785177 2.756584 2.709113 2.640923 2.550462 2.440248 2.310659 2.164103 2.005380 1.845500 1.711054 1.667534 1.667534 2.523667 2.693967 2.781977 2.801699 2.801699 2.822267 2.822267 2.782823 2.782823 2.726393 2.513176 2.513176 2.049453 2.049453 1.887713 1.887713 1.887713 1.899374 1.899374 1.941743 1.941743 1.991569 1.991569 2.040014 2.040014 2.081346 2.081346
2.709621 2.709621 2.706963 2.774879 2.789603 2.789603 2.802397 2.825039 2.825039 2.844350 2.844350 2.861058 2.868657 2.875841 2.882741 2.882741 2.941341 2.954861 2.965652 2.972408 2.973716 2.967174 2.949860 2.919865 2.874630 2.812402 2.732693 2.637230 2.535344 2.476063 2.476063 2.940888 3.100864 3.247754 3.285614 3.285614 3.324050 3.324050 3.312899 3.312899 3.283227 3.160682 3.160682 2.893333 2.893333 2.701796 2.701796 2.701796 2.713027 2.713027 2.756736 2.756736 2.809499 2.809499 2.860723 2.860723 2.905505 2.905505
2.714072 2.714072 2.709499 2.774582 2.789793 2.789793 2.803027 2.826293 2.826293 2.846188 2.846188 2.863570 2.871546 2.879133 2.886470 2.886470 2.940810 2.963840 2.985524 3.004412 3.019554 3.029898 3.034131 3.031286 3.019800 2.997992 2.964509 2.919234 2.866706 2.835128 2.835128 3.111375 3.266792 3.440504 3.488811 3.488811 3.532675 3.532675 3.511829 3.511829 3.476686 3.368256 3.368256 3.191364 3.191364 3.001258 3.001258 3.001258 2.996939 2.996939 3.030661 3.030661 3.075886 3.075886 3.120888 3.120888 3.160887 3.160887
2.716774 2.716774 2.713153 2.773907 2.789358 2.789358 2.802861 2.826313 2.826313 2.846211 2.846211 2.863594 2.871578 2.879174 2.886547 2.886547 2.939692 2.971294 3.002411 3.030425 3.053991 3.072291 3.084657 3.090830 3.090385 3.082757 3.067399 3.044323 3.016382 3.001806 3.001806 3.173798 3.313787 3.496342 3.549650 3.549650 3.588699 3.588699 3.547476 3.547476 3.506190 3.415872 3.415872 3.307595 3.307595 3.144693 3.144693 3.144693 3.124023 3.124023 3.146162 3.146162 3.184561 3.184561 3.225431 3.225431 3.262501 3.262501
2.717754 2.717754 2.717965 2.773185 2.788914 2.788914 2.802742 2.826518 2.826518 2.846553 2.846553 2.864036 2.872059 2.879690 2.887120 2.887120 2.942535 2.982048 3.021831 3.058212 3.089399 3.114468 3.132871 3.144470 3.149245 3.147222 3.138521 3.123670 3.105083 3.095352 3.095352 3.204015 3.321843 3.495445 3.543859 3.543859 3.558424 3.558424 3.495559 3.495559 3.457748 3.402353 3.402353 3.352802 3.352802 3.234148 3.234148 3.234148 3.201303 3.201303 3.209516 3.209516 3.238942 3.238942 3.274554 3.274554 3.308130 3.308130
2.714854 2.714854 2.725531 2.773089 2.789051 2.789051 2.803092 2.826936 2.826936 2.846838 2.846838 2.864197 2.872180 2.879778 2.887239 2.887239 2.949185 2.996381 3.044134 3.088104 3.126229 3.157500 3.181396 3.197760 3.206636 3.208209 3.202825 3.191226 3.175525 3.164716 3.164716 3.230203 3.321705 3.465002 3.493640 3.493640 3.464668 3.464668 3.398908 3.398908 3.378812 3.368965 3.368965 3.366069 3.366069 3.297181 3.297181 3.297181 3.260832 3.260832 3.255994 3.255994 3.274321 3.274321 3.302544 3.302544 3.331047 3.331047
2.714465 2.714465 2.729151 2.772633 2.788771 2.788771 2.802985 2.826956 2.826956 2.846857 2.846857 2.864206 2.872186 2.879783 2.887319 2.887319 2.961008 3.016042 3.071133 3.121762 3.165863 3.202471 3.231128 3.251687 3.264193 3.268829 3.265947 3.256236 3.241409 3.227762 3.227762 3.262029 3.324213 3.407358 3.397513 3.397513 3.326497 3.326497 3.292266 3.292266 3.298609 3.331792 3.331792 3.362696 3.362696 3.340507 3.340507 3.340507 3.310003 3.310003 3.296463 3.296463 3.303250 3.303250 3.322140 3.322140 3.343696 3.343696
2.714339 2.714339 2.730345 2.772480 2.788674 2.788674 2.802944 2.826961 2.826961 2.846863 2.846863 2.864207 2.872187 2.879785 2.887426 2.887426 2.979139 3.042437 3.104299 3.160572 3.209482 3.250280 3.282669 3.306587 3.322096 3.329361 3.328665 3.320544 3.306231 3.289716 3.289716 3.300139 3.328328 3.306834 3.247617 3.247617 3.175014 3.175014 3.200983 3.200983 3.231469 3.296350 3.296350 3.350256 3.350256 3.367343 3.367343 3.367343 3.349370 3.349370 3.333214 3.333214 3.330155 3.330155 3.338646 3.338646 3.351505 3.351505
2.714465 2.714465 2.729151 2.772632 2.788772 2.788772 2.802984 2.826956 2.826956 2.846857 2.846857 2.864206 2.872185 2.879783 2.887575 2.887575 3.005113 3.077203 3.145227 3.205964 3.258271 3.301822 3.336601 3.362717 3.380307 3.389539 3.390622 3.383918 3.370122 3.350775 3.350775 3.339611 3.320674 3.142553 3.055146 3.055146 3.044870 3.044870 3.129876 3.129876 3.176378 3.261624 3.261624 3.331260 3.331260 3.379515 3.379515 3.379515 3.377082 3.377082 3.364003 3.364003 3.354429 3.354429 3.352744 3.352744 3.355714 3.355714
2.714854 2.714854 2.725531 2.773089 2.789052 2.789052 2.803093 2.826936 2.826936 2.846838 2.846838 2.864198 2.872178 2.879778 2.887781 2.887781 3.041123 3.122398 3.195712 3.259422 3.313384 3.357914 3.393417 3.420251 3.438694 3.448944 3.451162 3.445534 3.432015 3.408225 3.408225 3.367440 3.267156 2.920865 2.865288 2.865288 2.950462 2.950462 3.072366 3.072366 3.127721 3.225887 3.225887 3.306732 3.306732 3.378830 3.378830 3.378830 3.391845 3.391845 3.385701 3.385701 3.373425 3.373425 3.362958 3.362958 3.355648 3.355648
2.717754 2.717754 2.717966 2.773185 2.788914 2.788914 2.802743 2.826518 2.826518 2.846553 2.846553 2.864035 2.872058 2.879689 2.888010 2.888010 3.090425 3.180721 3.257826 3.322432 3.375807 3.419131 3.453342 3.479117 3.496901 3.506959 3.509423 3.504264 3.489866 3.454071 3.454071 3.349426 3.109239 2.700955 2.726422 2.726422 2.880441 2.880441 3.019751 3.019751 3.079815 3.186866 3.186866 3.275912 3.275912 3.365686 3.365686 3.365686 3.392156 3.392156 3.394546 3.394546 3.382744 3.382744 3.365615 3.365615 3.348551 3.348551
