simulation_files/asc/Velocity__y_181.0.asc
NCOLS        79
NROWS        79
XLLCENTER         -1.500000
YLLCENTER         -4.800000
CELLSIZE           0.100
NODATA_VALUE     -9999.0
[rows 0 to 26 of 79, columns 0 to 58 of 79]
-9999.000 -9999.000 -9999.000 -9999.000 -9999.000 -9999.000 -9999.000 -9999.000 -9999.000 -9999.000 -9999.000 -9999.000 -9999.000 -9999.000 -9999.000 -0.9566832E-01 -0.9312036E-01 -0.9212123E-01 -0.9187778E-01 -0.9230889E-01 -0.9296397E-01 -0.9365944E-01 -0.9435112E-01 -0.9496803E-01 -0.9549671E-01 -0.9596890E-01 -0.9641198E-01 -0.9698309E-01 -0.9824579E-01 -0.9947404E-01 -0.9947404E-01 -9999.000 -9999.000 -9999.000 -9999.000 -9999.000 -9999.000 -9999.000 -9999.000 -9999.000 -9999.000 -9999.000 -9999.000 -9999.000 -9999.000 -9999.000 -9999.000 -9999.000 -9999.000 -9999.000 -9999.000 -9999.000 -9999.000 -9999.000 -9999.000 -9999.000 -9999.000 -9999.000 -9999.000
-9999.000 -9999.000 -9999.000 -9999.000 -9999.000 -9999.000 -9999.000 -9999.000 -9999.000 -9999.000 -9999.000 -9999.000 -9999.000 -9999.000 -9999.000 -0.9517656E-01 -0.8984514E-01 -0.8771202E-01 -0.8721185E-01 -0.8818525E-01 -0.8967485E-01 -0.9128197E-01 -0.9290262E-01 -0.9437649E-01 -0.9566736E-01 -0.9683575E-01 -0.9793464E-01 -0.9928887E-01 -0.1020750 -0.1050780 -0.1050780 -9999.000 -9999.000 -9999.000 -9999.000 -9999.000 -9999.000 -9999.000 -9999.000 -9999.000 -9999.000 -9999.000 -9999.000 -9999.000 -9999.000 -9999.000 -9999.000 -9999.000 -9999.000 -9999.000 -9999.000 -9999.000 -9999.000 -9999.000 -9999.000 -9999.000 -9999.000 -9999.000 -9999.000
-9999.000 -9999.000 -9999.000 -9999.000 -9999.000 -9999.000 -9999.000 -9999.000 -9999.000 -9999.000 -9999.000 -9999.000 -9999.000 -9999.000 -9999.000 -0.9349001E-01 -0.8514430E-01 -0.8171652E-01 -0.8097372E-01 -0.8267953E-01 -0.8528794E-01 -0.8814278E-01 -0.9105920E-01 -0.9376153E-01 -0.9617557E-01 -0.9838556E-01 -0.1004637 -0.1029193 -0.1076233 -0.1131322 -0.1131322 -9999.000 -9999.000 -9999.000 -9999.000 -9999.000 -9999.000 -9999.000 -9999.000 -9999.000 -9999.000 -9999.000 -9999.000 -9999.000 -9999.000 -9999.000 -9999.000 -9999.000 -9999.000 -9999.000 -9999.000 -9999.000 -9999.000 -9999.000 -9999.000 -9999.000 -9999.000 -9999.000 -9999.000
-9999.000 -9999.000 -9999.000 -9999.000 -9999.000 -9999.000 -9999.000 -9999.000 -9999.000 -9999.000 -9999.000 -9999.000 -9999.000 -9999.000 -9999.000 -0.9126365E-01 -0.7993264E-01 -0.7521068E-01 -0.7426224E-01 -0.7678054E-01 -0.8060666E-01 -0.8481849E-01 -0.8914845E-01 -0.9319867E-01 -0.9685226E-01 -0.1002153 -0.1033742 -0.1070269 -0.1137733 -0.1222735 -0.1222735 -9999.000 -9999.000 -9999.000 -9999.000 -9999.000 -9999.000 -9999.000 -9999.000 -9999.000 -9999.000 -9999.000 -9999.000 -9999.000 -9999.000 -9999.000 -9999.000 -9999.000 -9999.000 -9999.000 -9999.000 -9999.000 -9999.000 -9999.000 -9999.000 -9999.000 -9999.000 -9999.000 -9999.000
-9999.000 -9999.000 -9999.000 -9999.000 -9999.000 -9999.000 -9999.000 -9999.000 -9999.000 -9999.000 -9999.000 -9999.000 -9999.000 -9999.000 -9999.000 -0.8872884E-01 -0.7439412E-01 -0.6835965E-01 -0.6721795E-01 -0.7060251E-01 -0.7571328E-01 -0.8135378E-01 -0.8717386E-01 -0.9264719E-01 -0.9761175E-01 -0.1021972 -0.1065021 -0.1114225 -0.1203326 -0.1323419 -0.1323419 -9999.000 -9999.000 -9999.000 -9999.000 -9999.000 -9999.000 -9999.000 -9999.000 -9999.000 -9999.000 -9999.000 -9999.000 -9999.000 -9999.000 -9999.000 -9999.000 -9999.000 -9999.000 -9999.000 -9999.000 -9999.000 -9999.000 -9999.000 -9999.000 -9999.000 -9999.000 -9999.000 -9999.000
-9999.000 -9999.000 -9999.000 -9999.000 -9999.000 -9999.000 -9999.000 -9999.000 -9999.000 -9999.000 -9999.000 -9999.000 -9999.000 -9999.000 -9999.000 -0.8597358E-01 -0.6860215E-01 -0.6123105E-01 -0.5989768E-01 -0.6419245E-01 -0.7064036E-01 -0.7776386E-01 -0.8513191E-01 -0.9208376E-01 -0.9841023E-01 -0.1042692 -0.1097695 -0.1160188 -0.1272212 -0.1433360 -0.1433360 -9999.000 -9999.000 -9999.000 -9999.000 -9999.000 -9999.000 -9999.000 -9999.000 -9999.000 -9999.000 -9999.000 -9999.000 -9999.000 -9999.000 -9999.000 -9999.000 -9999.000 -9999.000 -9999.000 -9999.000 -9999.000 -9999.000 -9999.000 -9999.000 -9999.000 -9999.000 -9999.000 -9999.000
-9999.000 -9999.000 -9999.000 -9999.000 -9999.000 -9999.000 -9999.000 -9999.000 -9999.000 -9999.000 -9999.000 -9999.000 -9999.000 -9999.000 -9999.000 -0.8301910E-01 -0.6257711E-01 -0.5384462E-01 -0.5231833E-01 -0.5756466E-01 -0.6539778E-01 -0.7405100E-01 -0.8301664E-01 -0.9149265E-01 -0.9922192E-01 -0.1063970 -0.1131351 -0.1207722 -0.1344106 -0.1553467 -0.1553467 -9999.000 -9999.000 -9999.000 -9999.000 -9999.000 -9999.000 -9999.000 -9999.000 -9999.000 -9999.000 -9999.000 -9999.000 -9999.000 -9999.000 -9999.000 -9999.000 -9999.000 -9999.000 -9999.000 -9999.000 -9999.000 -9999.000 -9999.000 -9999.000 -9999.000 -9999.000 -9999.000 -9999.000
-9999.000 -9999.000 -9999.000 -9999.000 -9999.000 -9999.000 -9999.000 -9999.000 -9999.000 -9999.000 -9999.000 -9999.000 -9999.000 -9999.000 -9999.000 -0.7985412E-01 -0.5631422E-01 -0.4619762E-01 -0.4447623E-01 -0.5071820E-01 -0.5998294E-01 -0.7020954E-01 -0.8081914E-01 -0.9086012E-01 -0.1000277 -0.1085573 -0.1165719 -0.1256570 -0.1418954 -0.1685313 -0.1685313 -9999.000 -9999.000 -9999.000 -9999.000 -9999.000 -9999.000 -9999.000 -9999.000 -9999.000 -9999.000 -9999.000 -9999.000 -9999.000 -9999.000 -9999.000 -9999.000 -9999.000 -9999.000 -9999.000 -9999.000 -9999.000 -9999.000 -9999.000 -9999.000 -9999.000 -9999.000 -9999.000 -9999.000
-9999.000 -9999.000 -9999.000 -9999.000 -9999.000 -9999.000 -9999.000 -9999.000 -9999.000 -9999.000 -9999.000 -9999.000 -9999.000 -9999.000 -9999.000 -0.7644916E-01 -0.4979415E-01 -0.3827447E-01 -0.3635703E-01 -0.4364207E-01 -0.5438637E-01 -0.6622899E-01 -0.7852733E-01 -0.9017119E-01 -0.1008085 -0.1107281 -0.1200563 -0.1306528 -0.1496801 -0.1831115 -0.1831115 -9999.000 -9999.000 -9999.000 -9999.000 -9999.000 -9999.000 -9999.000 -9999.000 -9999.000 -9999.000 -9999.000 -9999.000 -9999.000 -9999.000 -9999.000 -9999.000 -9999.000 -9999.000 -9999.000 -9999.000 -9999.000 -9999.000 -9999.000 -9999.000 -9999.000 -9999.000 -9999.000 -9999.000
-9999.000 -9999.000 -9999.000 -9999.000 -9999.000 -9999.000 -9999.000 -9999.000 -9999.000 -9999.000 -9999.000 -9999.000 -9999.000 -9999.000 -9999.000 -0.7276118E-01 -0.4298810E-01 -0.3005089E-01 -0.2793900E-01 -0.3632017E-01 -0.4859354E-01 -0.6209388E-01 -0.7612448E-01 -0.8940704E-01 -0.1015415 -0.1128846 -0.1235610 -0.1357367 -0.1577712 -0.1993845 -0.1993845 -9999.000 -9999.000 -9999.000 -9999.000 -9999.000 -9999.000 -9999.000 -9999.000 -9999.000 -9999.000 -9999.000 -9999.000 -9999.000 -9999.000 -9999.000 -9999.000 -9999.000 -9999.000 -9999.000 -9999.000 -9999.000 -9999.000 -9999.000 -9999.000 -9999.000 -9999.000 -9999.000 -9999.000
-9999.000 -9999.000 -9999.000 -9999.000 -9999.000 -9999.000 -9999.000 -9999.000 -9999.000 -9999.000 -9999.000 -9999.000 -9999.000 -9999.000 -9999.000 -0.6873462E-01 -0.3585715E-01 -0.2149375E-01 -0.1919247E-01 -0.2873011E-01 -0.4258461E-01 -0.5778363E-01 -0.7358941E-01 -0.8854311E-01 -0.1021976 -0.1149946 -0.1270514 -0.1408776 -0.1661735 -0.2177480 -0.2177480 -9999.000 -9999.000 -9999.000 -9999.000 -9999.000 -9999.000 -9999.000 -9999.000 -9999.000 -9999.000 -9999.000 -9999.000 -9999.000 -9999.000 -9999.000 -9999.000 -9999.000 -9999.000 -9999.000 -9999.000 -9999.000 -9999.000 -9999.000 -9999.000 -9999.000 -9999.000 -9999.000 -9999.000
-9999.000 -9999.000 -9999.000 -9999.000 -9999.000 -9999.000 -9999.000 -9999.000 -9999.000 -9999.000 -9999.000 -9999.000 -9999.000 -9999.000 -9999.000 -0.6429779E-01 -0.2835063E-01 -0.1256010E-01 -0.1007948E-01 -0.2084251E-01 -0.3633232E-01 -0.5327039E-01 -0.7089320E-01 -0.8754613E-01 -0.1027373 -0.1170145 -0.1304786 -0.1460309 -0.1748834 -0.2387415 -0.2387415 -9999.000 -9999.000 -9999.000 -9999.000 -9999.000 -9999.000 -9999.000 -9999.000 -9999.000 -9999.000 -9999.000 -9999.000 -9999.000 -9999.000 -9999.000 -9999.000 -9999.000 -9999.000 -9999.000 -9999.000 -9999.000 -9999.000 -9999.000 -9999.000 -9999.000 -9999.000 -9999.000 -9999.000
-9999.000 -9999.000 -9999.000 -9999.000 -9999.000 -9999.000 -9999.000 -9999.000 -9999.000 -9999.000 -9999.000 -9999.000 -9999.000 -9999.000 -9999.000 -0.5935032E-01 -0.2039533E-01 -0.3186736E-02 -0.5474374E-03 -0.1261826E-01 -0.2980158E-01 -0.4851766E-01 -0.6799781E-01 -0.8637261E-01 -0.1031076 -0.1188842 -0.1337745 -0.1511307 -0.1838832 -0.2631146 -0.2631146 -9999.000 -9999.000 -9999.000 -9999.000 -9999.000 -9999.000 -9999.000 -9999.000 -9999.000 -9999.000 -9999.000 -9999.000 -9999.000 -9999.000 -9999.000 -9999.000 -9999.000 -9999.000 -9999.000 -9999.000 -9999.000 -9999.000 -9999.000 -9999.000 -9999.000 -9999.000 -9999.000 -9999.000
-9999.000 -9999.000 -9999.000 -9999.000 -9999.000 -9999.000 -9999.000 -9999.000 -9999.000 -9999.000 -9999.000 -9999.000 -9999.000 -9999.000 -9999.000 -0.5315220E-01 -0.1142655E-01 0.6976437E-02 0.9446417E-02 -0.4158127E-02 -0.2310539E-01 -0.4363235E-01 -0.6499413E-01 -0.8508777E-01 -0.1033431 -0.1206110 -0.1369189 -0.1561452 -0.1931906 -0.2920136 -0.2920136 -9999.000 -9999.000 -9999.000 -9999.000 -9999.000 -9999.000 -9999.000 -9999.000 -9999.000 -9999.000 -9999.000 -9999.000 -9999.000 -9999.000 -9999.000 -9999.000 -9999.000 -9999.000 -9999.000 -9999.000 -9999.000 -9999.000 -9999.000 -9999.000 -9999.000 -9999.000 -9999.000 -9999.000
-9999.000 -9999.000 -9999.000 -9999.000 -9999.000 -9999.000 -9999.000 -9999.000 -9999.000 -9999.000 -9999.000 -9999.000 -9999.000 -9999.000 -9999.000 -0.5180179E-02 0.1358342E-01 0.1855915E-01 0.1132225E-01 -0.6089753E-02 -0.2528852E-01 -0.4605553E-01 -0.6781521E-01 -0.8827859E-01 -0.1068859 -0.1246908 -0.1416242 -0.1621279 -0.2032110 -0.3251460 -0.3251460 -9999.000 -9999.000 -9999.000 -9999.000 -9999.000 -9999.000 -9999.000 -9999.000 -9999.000 -9999.000 -9999.000 -9999.000 -9999.000 -9999.000 -9999.000 -9999.000 -9999.000 -9999.000 -9999.000 -9999.000 -9999.000 -9999.000 -9999.000 -9999.000 -9999.000 -9999.000 -9999.000 -9999.000
-0.3836967E-02 -0.3836967E-02 -0.4917043E-02 -0.6570815E-02 -0.6446504E-02 -0.6446504E-02 -0.6401739E-02 -0.6378361E-02 -0.6378361E-02 -0.6354335E-02 -0.6354335E-02 -0.6317999E-02 -0.6297686E-02 -0.6277747E-02 -0.6258457E-02 -0.6258457E-02 0.2989382E-01 0.2631756E-01 0.1316217E-01 -0.7266003E-02 -0.3200558E-01 -0.6010879E-01 -0.9049325E-01 -0.1215082 -0.1517580 -0.1805527 -0.2072755 -0.2330194 -0.2646337 -0.3338778 -0.3338778 -0.1879060 -0.1025981 -0.3719118E-01 -0.2843717E-01 -0.2843717E-01 -0.2243904E-01 -0.2243904E-01 -0.1191169E-01 -0.1191169E-01 -0.1864315E-02 0.2367564E-01 0.2367564E-01 0.2893670E-01 0.2893670E-01 -0.3173026E-02 -0.3173026E-02 -0.3173026E-02 -0.8125397E-03 -0.8125397E-03 0.6301163E-04 0.6301163E-04 -0.5105773E-03 -0.5105773E-03 -0.1616347E-02 -0.1616347E-02 -0.2774450E-02 -0.2774450E-02 -0.2774450E-02
-0.5341090E-02 -0.5341090E-02 -0.7555206E-02 -0.9410195E-02 -0.9081374E-02 -0.9081374E-02 -0.8975143E-02 -0.8965760E-02 -0.8965760E-02 -0.8968587E-02 -0.8968587E-02 -0.8942821E-02 -0.8924110E-02 -0.8905434E-02 -0.8887184E-02 -0.8887184E-02 0.2450031E-01 0.2195404E-01 0.8587250E-02 -0.1433171E-01 -0.4605639E-01 -0.8445993E-01 -0.1276157 -0.1739227 -0.2215759 -0.2686110 -0.3134375 -0.3542628 -0.3888413 -0.4126215 -0.4126215 -0.2825227 -0.1899997 -0.1014854 -0.8409405E-01 -0.8409405E-01 -0.6298328E-01 -0.6298328E-01 -0.2620990E-01 -0.2620990E-01 0.4364507E-02 0.7540517E-01 0.7540517E-01 0.9959441E-01 0.9959441E-01 0.2264209E-01 0.2264209E-01 0.2264209E-01 0.8693876E-02 0.8693876E-02 0.2025929E-02 0.2025929E-02 -0.2674766E-02 -0.2674766E-02 -0.6480026E-02 -0.6480026E-02 -0.9410581E-02 -0.9410581E-02 -0.9410581E-02
-0.3172642E-02 -0.3172642E-02 -0.7085971E-02 -0.8117151E-02 -0.7700804E-02 -0.7700804E-02 -0.7551983E-02 -0.7568566E-02 -0.7568566E-02 -0.7620942E-02 -0.7620942E-02 -0.7629232E-02 -0.7623722E-02 -0.7616364E-02 -0.7608648E-02 -0.7608648E-02 0.1580504E-01 0.1340871E-01 0.1033966E-03 -0.2314333E-01 -0.5560362E-01 -0.9574888E-01 -0.1420008 -0.1930102 -0.2473387 -0.3033103 -0.3593268 -0.4134632 -0.4628805 -0.5013832 -0.5013832 -0.4180545 -0.3384257 -0.2285950 -0.1937441 -0.1937441 -0.1336703 -0.1336703 -0.4330407E-01 -0.4330407E-01 0.1957567E-01 0.1467580 0.1467580 0.2000702 0.2000702 0.8635182E-01 0.8635182E-01 0.8635182E-01 0.3491964E-01 0.3491964E-01 0.7960306E-02 0.7960306E-02 -0.7001121E-02 -0.7001121E-02 -0.1615839E-01 -0.1615839E-01 -0.2169922E-01 -0.2169922E-01 -0.2169922E-01
-0.9738582E-03 -0.9738582E-03 -0.6667457E-02 -0.6695167E-02 -0.6229907E-02 -0.6229907E-02 -0.6051416E-02 -0.6065827E-02 -0.6065827E-02 -0.6132390E-02 -0.6132390E-02 -0.6146121E-02 -0.6140815E-02 -0.6131925E-02 -0.6121813E-02 -0.6121813E-02 0.7265826E-02 0.2810299E-02 -0.1183277E-01 -0.3606626E-01 -0.6915879E-01 -0.1099472 -0.1571423 -0.2095888 -0.2661498 -0.3255509 -0.3865032 -0.4474262 -0.5058005 -0.5557922 -0.5557922 -0.5195851 -0.4642762 -0.3590115 -0.3123439 -0.3123439 -0.2053066 -0.2053066 -0.4496533E-01 -0.4496533E-01 0.4904099E-01 0.2089102 0.2089102 0.2741264 0.2741264 0.1529216 0.1529216 0.1529216 0.6869574E-01 0.6869574E-01 0.1770434E-01 0.1770434E-01 -0.1104056E-01 -0.1104056E-01 -0.2734180E-01 -0.2734180E-01 -0.3601313E-01 -0.3601313E-01 -0.3601313E-01
0.9838519E-04 0.9838519E-04 -0.5542960E-02 -0.5130467E-02 -0.4709809E-02 -0.4709809E-02 -0.4541606E-02 -0.4552632E-02 -0.4552632E-02 -0.4617692E-02 -0.4617692E-02 -0.4631963E-02 -0.4626935E-02 -0.4618232E-02 -0.4608109E-02 -0.4608109E-02 -0.1117840E-02 -0.9555881E-02 -0.2720876E-01 -0.5366554E-01 -0.8824657E-01 -0.1300387 -0.1780170 -0.2312095 -0.2886808 -0.3494281 -0.4124185 -0.4764155 -0.5394235 -0.5966638 -0.5966638 -0.5952415 -0.5652692 -0.4752914 -0.4181083 -0.4181083 -0.2518679 -0.2518679 -0.2113299E-01 -0.2113299E-01 0.8987869E-01 0.2498489 0.2498489 0.3118440 0.3118440 0.2058122 0.2058122 0.2058122 0.1038870 0.1038870 0.3168235E-01 0.3168235E-01 -0.1213551E-01 -0.1213551E-01 -0.3702591E-01 -0.3702591E-01 -0.4958235E-01 -0.4958235E-01 -0.4958235E-01
0.4693599E-04 0.4693599E-04 -0.3671079E-02 -0.3439498E-02 -0.3144844E-02 -0.3144844E-02 -0.3021545E-02 -0.3028935E-02 -0.3028935E-02 -0.3078117E-02 -0.3078117E-02 -0.3089136E-02 -0.3085794E-02 -0.3079796E-02 -0.3072844E-02 -0.3072844E-02 -0.9855419E-02 -0.2394350E-01 -0.4632134E-01 -0.7645737E-01 -0.1136657 -0.1571975 -0.2062717 -0.2601406 -0.3180858 -0.3793460 -0.4431099 -0.5084075 -0.5736881 -0.6352105 -0.6352105 -0.6573130 -0.6486201 -0.5695793 -0.4937856 -0.4937856 -0.2516625 -0.2516625 0.2102257E-01 0.2102257E-01 0.1275790 0.2639627 0.2639627 0.3173957 0.3173957 0.2383227 0.2383227 0.2383227 0.1352130 0.1352130 0.4883946E-01 0.4883946E-01 -0.9209092E-02 -0.9209092E-02 -0.4357435E-01 -0.4357435E-01 -0.6081227E-01 -0.6081227E-01 -0.6081227E-01
0.1751868E-04 0.1751868E-04 -0.1826550E-02 -0.1725648E-02 -0.1574146E-02 -0.1574146E-02 -0.1509008E-02 -0.1512424E-02 -0.1512424E-02 -0.1538694E-02 -0.1538694E-02 -0.1544795E-02 -0.1543091E-02 -0.1540107E-02 -0.1536544E-02 -0.1536544E-02 -0.1973033E-01 -0.4106713E-01 -0.6989010E-01 -0.1052688 -0.1463970 -0.1926049 -0.2433135 -0.2980163 -0.3562483 -0.4175176 -0.4812678 -0.5467918 -0.6129113 -0.6766776 -0.6766776 -0.7137274 -0.7199927 -0.6310828 -0.5181961 -0.5181961 -0.2018241 -0.2018241 0.6089552E-01 0.6089552E-01 0.1474588 0.2537327 0.2537327 0.2999270 0.2999270 0.2498968 0.2498968 0.2498968 0.1581175 0.1581175 0.6671785E-01 0.6671785E-01 -0.2437633E-02 -0.2437633E-02 -0.4614196E-01 -0.4614196E-01 -0.6859753E-01 -0.6859753E-01 -0.6859753E-01
-0.5306823E-08 -0.5306823E-08 0.4221302E-07 -0.3573752E-07 -0.3091283E-08 -0.3091283E-08 0.9735698E-08 -0.8491392E-08 -0.8491392E-08 0.4914422E-07 0.4914422E-07 0.1556432E-07 0.6884317E-07 0.5461762E-07 0.3180897E-07 0.3180897E-07 -0.3183299E-01 -0.6216135E-01 -0.9921236E-01 -0.1414525 -0.1878554 -0.2377653 -0.2907657 -0.3465891 -0.4050435 -0.4659356 -0.5290074 -0.5938506 -0.6596233 -0.7238083 -0.7238083 -0.7685605 -0.7801646 -0.6375557 -0.4703316 -0.4703316 -0.1276870 -0.1276870 0.8147890E-01 0.8147890E-01 0.1451693 0.2268126 0.2268126 0.2685334 0.2685334 0.2435369 0.2435369 0.2435369 0.1695768 0.1695768 0.8204237E-01 0.8204237E-01 0.6909057E-02 0.6909057E-02 -0.4456047E-01 -0.4456047E-01 -0.7214769E-01 -0.7214769E-01 -0.7214769E-01
-0.1758694E-04 -0.1758694E-04 0.1826584E-02 0.1725555E-02 0.1574028E-02 0.1574028E-02 0.1508898E-02 0.1512435E-02 0.1512435E-02 0.1538958E-02 0.1538958E-02 0.1544886E-02 0.1543190E-02 0.1540186E-02 0.1536686E-02 0.1536686E-02 -0.4774662E-01 -0.8917467E-01 -0.1363797 -0.1871191 -0.2401108 -0.2947018 -0.3506328 -0.4078773 -0.4665284 -0.5267051 -0.5884749 -0.6517562 -0.7159685 -0.7782519 -0.7782519 -0.8220110 -0.8202501 -0.5613006 -0.3561145 -0.3561145 -0.6505250E-01 -0.6505250E-01 0.8000638E-01 0.8000638E-01 0.1262162 0.1914031 0.1914031 0.2300969 0.2300969 0.2236395 0.2236395 0.2236395 0.1687046 0.1687046 0.9173291E-01 0.9173291E-01 0.1677871E-01 0.1677871E-01 -0.3931652E-01 -0.3931652E-01 -0.7100325E-01 -0.7100325E-01 -0.7100325E-01
-0.4702091E-04 -0.4702091E-04 0.3671031E-02 0.3439247E-02 0.3144543E-02 0.3144543E-02 0.3021280E-02 0.3028952E-02 0.3028952E-02 0.3078331E-02 0.3078331E-02 0.3089205E-02 0.3085740E-02 0.3079956E-02 0.3073144E-02 0.3073144E-02 -0.6992154E-01 -0.1251584 -0.1846531 -0.2454906 -0.3062147 -0.3662530 -0.4255576 -0.4843762 -0.5431048 -0.6021833 -0.6620110 -0.7228243 -0.7840071 -0.8400108 -0.8400108 -0.8657709 -0.8100036 -0.4074872 -0.2243178 -0.2243178 -0.3152543E-01 -0.3152543E-01 0.6449839E-01 0.6449839E-01 0.9943616E-01 0.1534734 0.1534734 0.1889199 0.1889199 0.1944114 0.1944114 0.1944114 0.1564633 0.1564633 0.9374596E-01 0.9374596E-01 0.2488405E-01 0.2488405E-01 -0.3145188E-01 -0.3145188E-01 -0.6511624E-01 -0.6511624E-01 -0.6511624E-01
-0.9842987E-04 -0.9842987E-04 0.5542956E-02 0.5130234E-02 0.4709587E-02 0.4709587E-02 0.4541279E-02 0.4552596E-02 0.4552596E-02 0.4617770E-02 0.4617770E-02 0.4632017E-02 0.4626845E-02 0.4618355E-02 0.4608214E-02 0.4608214E-02 -0.1024191 -0.1750149 -0.2491325 -0.3214779 -0.3906946 -0.4564988 -0.5191897 -0.5793685 -0.6377733 -0.6951740 -0.7522970 -0.8096075 -0.8652934 -0.9027089 -0.9027089 -0.8663996 -0.6925592 -0.2401117 -0.1274771 -0.1274771 -0.2127186E-01 -0.2127186E-01 0.4432040E-01 0.4432040E-01 0.7157715E-01 0.1163337 0.1163337 0.1473904 0.1473904 0.1592720 0.1592720 0.1592720 0.1349568 0.1349568 0.8749251E-01 0.8749251E-01 0.2938086E-01 0.2938086E-01 -0.2228169E-01 -0.2228169E-01 -0.5486120E-01 -0.5486120E-01 -0.5486120E-01
0.9738844E-03 0.9738844E-03 0.6667570E-02 0.6695013E-02 0.6229870E-02 0.6229870E-02 0.6051262E-02 0.6065719E-02 0.6065719E-02 0.6132272E-02 0.6132272E-02 0.6146266E-02 0.6140761E-02 0.6131943E-02 0.6121768E-02 0.6121768E-02 -0.1524801 -0.2469765 -0.3380102 -0.4227053 -0.5003902 -0.5714519 -0.6367688 -0.6974242 -0.7545586 -0.8092868 -0.8626478 -0.9149647 -0.9582013 -0.9332144 -0.9332144 -0.7436270 -0.4511088 -0.1251176 -0.7788751E-01 -0.7788751E-01 -0.2069282E-01 -0.2069282E-01 0.2523905E-01 0.2523905E-01 0.4612451E-01 0.8150969E-01 0.8150969E-01 0.1068653 0.1068653 0.1208790 0.1208790 0.1208790 0.1067664 0.1067664 0.7377896E-01 0.7377896E-01 0.2935836E-01 0.2935836E-01 -0.1303619E-01 -0.1303619E-01 -0.4099573E-01 -0.4099573E-01 -0.4099573E-01
