simulation_files/asc/Velocity__y_281.0.asc
NCOLS        79
NROWS        79
XLLCENTER         -1.500000
YLLCENTER         -4.800000
CELLSIZE           0.100
NODATA_VALUE     -9999.0
[rows 0 to 26 of 79, columns 0 to 58 of 79]
-9999.000 -9999.000 -9999.000 -9999.000 -9999.000 -9999.000 -9999.000 -9999.000 -9999.000 -9999.000 -9999.000 -9999.000 -9999.000 -9999.000 -9999.000 -0.9383032E-01 -0.9126862E-01 -0.9042148E-01 -0.9043639E-01 -0.9094073E-01 -0.9159281E-01 -0.9227824E-01 -0.9294286E-01 -0.9351584E-01 -0.9403234E-01 -0.9449170E-01 -0.9493299E-01 -0.9554420E-01 -0.9693176E-01 -0.9829014E-01 -0.9829014E-01 -9999.000 -9999.000 -9999.000 -9999.000 -9999.000 -9999.000 -9999.000 -9999.000 -9999.000 -9999.000 -9999.000 -9999.000 -9999.000 -9999.000 -9999.000 -9999.000 -9999.000 -9999.000 -9999.000 -9999.000 -9999.000 -9999.000 -9999.000 -9999.000 -9999.000 -9999.000 -9999.000 -9999.000
-9999.000 -9999.000 -9999.000 -9999.000 -9999.000 -9999.000 -9999.000 -9999.000 -9999.000 -9999.000 -9999.000 -9999.000 -9999.000 -9999.000 -9999.000 -0.9337005E-01 -0.8804447E-01 -0.8624707E-01 -0.8630983E-01 -0.8745183E-01 -0.8894501E-01 -0.9053764E-01 -0.9210541E-01 -0.9348948E-01 -0.9475815E-01 -0.9590368E-01 -0.9700318E-01 -0.9844830E-01 -0.1015043 -0.1047939 -0.1047939 -9999.000 -9999.000 -9999.000 -9999.000 -9999.000 -9999.000 -9999.000 -9999.000 -9999.000 -9999.000 -9999.000 -9999.000 -9999.000 -9999.000 -9999.000 -9999.000 -9999.000 -9999.000 -9999.000 -9999.000 -9999.000 -9999.000 -9999.000 -9999.000 -9999.000 -9999.000 -9999.000 -9999.000
-9999.000 -9999.000 -9999.000 -9999.000 -9999.000 -9999.000 -9999.000 -9999.000 -9999.000 -9999.000 -9999.000 -9999.000 -9999.000 -9999.000 -9999.000 -0.9170330E-01 -0.8342306E-01 -0.8056079E-01 -0.8075064E-01 -0.8274814E-01 -0.8537660E-01 -0.8821771E-01 -0.9105498E-01 -0.9361622E-01 -0.9599844E-01 -0.9817573E-01 -0.1002607 -0.1028702 -0.1080177 -0.1140059 -0.1140059 -9999.000 -9999.000 -9999.000 -9999.000 -9999.000 -9999.000 -9999.000 -9999.000 -9999.000 -9999.000 -9999.000 -9999.000 -9999.000 -9999.000 -9999.000 -9999.000 -9999.000 -9999.000 -9999.000 -9999.000 -9999.000 -9999.000 -9999.000 -9999.000 -9999.000 -9999.000 -9999.000 -9999.000
-9999.000 -9999.000 -9999.000 -9999.000 -9999.000 -9999.000 -9999.000 -9999.000 -9999.000 -9999.000 -9999.000 -9999.000 -9999.000 -9999.000 -9999.000 -0.8943627E-01 -0.7826222E-01 -0.7435062E-01 -0.7472348E-01 -0.7765911E-01 -0.8151926E-01 -0.8571673E-01 -0.8993882E-01 -0.9379257E-01 -0.9740449E-01 -0.1007234 -0.1038945 -0.1077671 -0.1151410 -0.1243346 -0.1243346 -9999.000 -9999.000 -9999.000 -9999.000 -9999.000 -9999.000 -9999.000 -9999.000 -9999.000 -9999.000 -9999.000 -9999.000 -9999.000 -9999.000 -9999.000 -9999.000 -9999.000 -9999.000 -9999.000 -9999.000 -9999.000 -9999.000 -9999.000 -9999.000 -9999.000 -9999.000 -9999.000 -9999.000
-9999.000 -9999.000 -9999.000 -9999.000 -9999.000 -9999.000 -9999.000 -9999.000 -9999.000 -9999.000 -9999.000 -9999.000 -9999.000 -9999.000 -9999.000 -0.8679574E-01 -0.7274727E-01 -0.6778610E-01 -0.6837622E-01 -0.7230489E-01 -0.7745924E-01 -0.8308093E-01 -0.8875935E-01 -0.9397426E-01 -0.9888607E-01 -0.1034130 -0.1077340 -0.1129443 -0.1226795 -0.1356274 -0.1356274 -9999.000 -9999.000 -9999.000 -9999.000 -9999.000 -9999.000 -9999.000 -9999.000 -9999.000 -9999.000 -9999.000 -9999.000 -9999.000 -9999.000 -9999.000 -9999.000 -9999.000 -9999.000 -9999.000 -9999.000 -9999.000 -9999.000 -9999.000 -9999.000 -9999.000 -9999.000 -9999.000 -9999.000
-9999.000 -9999.000 -9999.000 -9999.000 -9999.000 -9999.000 -9999.000 -9999.000 -9999.000 -9999.000 -9999.000 -9999.000 -9999.000 -9999.000 -9999.000 -0.8385753E-01 -0.6694689E-01 -0.6093373E-01 -0.6176868E-01 -0.6673516E-01 -0.7323019E-01 -0.8032663E-01 -0.8751281E-01 -0.9413583E-01 -0.1003974 -0.1061798 -0.1116990 -0.1183129 -0.1305566 -0.1478997 -0.1478997 -9999.000 -9999.000 -9999.000 -9999.000 -9999.000 -9999.000 -9999.000 -9999.000 -9999.000 -9999.000 -9999.000 -9999.000 -9999.000 -9999.000 -9999.000 -9999.000 -9999.000 -9999.000 -9999.000 -9999.000 -9999.000 -9999.000 -9999.000 -9999.000 -9999.000 -9999.000 -9999.000 -9999.000
-9999.000 -9999.000 -9999.000 -9999.000 -9999.000 -9999.000 -9999.000 -9999.000 -9999.000 -9999.000 -9999.000 -9999.000 -9999.000 -9999.000 -9999.000 -0.8062771E-01 -0.6087540E-01 -0.5381119E-01 -0.5491950E-01 -0.6096586E-01 -0.6884228E-01 -0.7745524E-01 -0.8619207E-01 -0.9425974E-01 -0.1019115 -0.1089879 -0.1157460 -0.1238294 -0.1387484 -0.1612652 -0.1612652 -9999.000 -9999.000 -9999.000 -9999.000 -9999.000 -9999.000 -9999.000 -9999.000 -9999.000 -9999.000 -9999.000 -9999.000 -9999.000 -9999.000 -9999.000 -9999.000 -9999.000 -9999.000 -9999.000 -9999.000 -9999.000 -9999.000 -9999.000 -9999.000 -9999.000 -9999.000 -9999.000 -9999.000
-9999.000 -9999.000 -9999.000 -9999.000 -9999.000 -9999.000 -9999.000 -9999.000 -9999.000 -9999.000 -9999.000 -9999.000 -9999.000 -9999.000 -9999.000 -0.7707828E-01 -0.5452053E-01 -0.4641243E-01 -0.4782669E-01 -0.5499635E-01 -0.6429245E-01 -0.7446074E-01 -0.8478685E-01 -0.9432975E-01 -0.1034074 -0.1118111 -0.1198460 -0.1294678 -0.1472551 -0.1759122 -0.1759122 -9999.000 -9999.000 -9999.000 -9999.000 -9999.000 -9999.000 -9999.000 -9999.000 -9999.000 -9999.000 -9999.000 -9999.000 -9999.000 -9999.000 -9999.000 -9999.000 -9999.000 -9999.000 -9999.000 -9999.000 -9999.000 -9999.000 -9999.000 -9999.000 -9999.000 -9999.000 -9999.000 -9999.000
-9999.000 -9999.000 -9999.000 -9999.000 -9999.000 -9999.000 -9999.000 -9999.000 -9999.000 -9999.000 -9999.000 -9999.000 -9999.000 -9999.000 -9999.000 -0.7316167E-01 -0.4785514E-01 -0.3871790E-01 -0.4047629E-01 -0.4881596E-01 -0.5957002E-01 -0.7133137E-01 -0.8328283E-01 -0.9432634E-01 -0.1048629 -0.1146243 -0.1239713 -0.1352058 -0.1560872 -0.1921030 -0.1921030 -9999.000 -9999.000 -9999.000 -9999.000 -9999.000 -9999.000 -9999.000 -9999.000 -9999.000 -9999.000 -9999.000 -9999.000 -9999.000 -9999.000 -9999.000 -9999.000 -9999.000 -9999.000 -9999.000 -9999.000 -9999.000 -9999.000 -9999.000 -9999.000 -9999.000 -9999.000 -9999.000 -9999.000
-9999.000 -9999.000 -9999.000 -9999.000 -9999.000 -9999.000 -9999.000 -9999.000 -9999.000 -9999.000 -9999.000 -9999.000 -9999.000 -9999.000 -9999.000 -0.6881563E-01 -0.4084083E-01 -0.3069824E-01 -0.3284641E-01 -0.4240732E-01 -0.5465812E-01 -0.6804886E-01 -0.8166000E-01 -0.9422538E-01 -0.1062511 -0.1173971 -0.1280895 -0.1410176 -0.1652568 -0.2101904 -0.2101904 -9999.000 -9999.000 -9999.000 -9999.000 -9999.000 -9999.000 -9999.000 -9999.000 -9999.000 -9999.000 -9999.000 -9999.000 -9999.000 -9999.000 -9999.000 -9999.000 -9999.000 -9999.000 -9999.000 -9999.000 -9999.000 -9999.000 -9999.000 -9999.000 -9999.000 -9999.000 -9999.000 -9999.000
-9999.000 -9999.000 -9999.000 -9999.000 -9999.000 -9999.000 -9999.000 -9999.000 -9999.000 -9999.000 -9999.000 -9999.000 -9999.000 -9999.000 -9999.000 -0.6396458E-01 -0.3342882E-01 -0.2231448E-01 -0.2490660E-01 -0.3574523E-01 -0.4953182E-01 -0.6458794E-01 -0.7989071E-01 -0.9399413E-01 -0.1075363 -0.1200888 -0.1321566 -0.1468660 -0.1747733 -0.2306502 -0.2306502 -9999.000 -9999.000 -9999.000 -9999.000 -9999.000 -9999.000 -9999.000 -9999.000 -9999.000 -9999.000 -9999.000 -9999.000 -9999.000 -9999.000 -9999.000 -9999.000 -9999.000 -9999.000 -9999.000 -9999.000 -9999.000 -9999.000 -9999.000 -9999.000 -9999.000 -9999.000 -9999.000 -9999.000
-9999.000 -9999.000 -9999.000 -9999.000 -9999.000 -9999.000 -9999.000 -9999.000 -9999.000 -9999.000 -9999.000 -9999.000 -9999.000 -9999.000 -9999.000 -0.5851715E-01 -0.2555801E-01 -0.1351639E-01 -0.1661584E-01 -0.2879515E-01 -0.4415716E-01 -0.6091337E-01 -0.7793739E-01 -0.9358765E-01 -0.1086694 -0.1226433 -0.1361110 -0.1526965 -0.1846357 -0.2541353 -0.2541353 -9999.000 -9999.000 -9999.000 -9999.000 -9999.000 -9999.000 -9999.000 -9999.000 -9999.000 -9999.000 -9999.000 -9999.000 -9999.000 -9999.000 -9999.000 -9999.000 -9999.000 -9999.000 -9999.000 -9999.000 -9999.000 -9999.000 -9999.000 -9999.000 -9999.000 -9999.000 -9999.000 -9999.000
-9999.000 -9999.000 -9999.000 -9999.000 -9999.000 -9999.000 -9999.000 -9999.000 -9999.000 -9999.000 -9999.000 -9999.000 -9999.000 -9999.000 -9999.000 -0.5235879E-01 -0.1714800E-01 -0.4235991E-02 -0.7918570E-02 -0.2150879E-01 -0.3848675E-01 -0.5697633E-01 -0.7574718E-01 -0.9294369E-01 -0.1095813 -0.1249805 -0.1398625 -0.1584245 -0.1948245 -0.2815642 -0.2815642 -9999.000 -9999.000 -9999.000 -9999.000 -9999.000 -9999.000 -9999.000 -9999.000 -9999.000 -9999.000 -9999.000 -9999.000 -9999.000 -9999.000 -9999.000 -9999.000 -9999.000 -9999.000 -9999.000 -9999.000 -9999.000 -9999.000 -9999.000 -9999.000 -9999.000 -9999.000 -9999.000 -9999.000
-9999.000 -9999.000 -9999.000 -9999.000 -9999.000 -9999.000 -9999.000 -9999.000 -9999.000 -9999.000 -9999.000 -9999.000 -9999.000 -9999.000 -9999.000 -0.4495122E-01 -0.7821158E-02 0.5729976E-02 0.1224567E-02 -0.1389504E-01 -0.3253911E-01 -0.5279271E-01 -0.7332341E-01 -0.9204273E-01 -0.1102322 -0.1270352 -0.1433221 -0.1639569 -0.2053198 -0.3143234 -0.3143234 -9999.000 -9999.000 -9999.000 -9999.000 -9999.000 -9999.000 -9999.000 -9999.000 -9999.000 -9999.000 -9999.000 -9999.000 -9999.000 -9999.000 -9999.000 -9999.000 -9999.000 -9999.000 -9999.000 -9999.000 -9999.000 -9999.000 -9999.000 -9999.000 -9999.000 -9999.000 -9999.000 -9999.000
-9999.000 -9999.000 -9999.000 -9999.000 -9999.000 -9999.000 -9999.000 -9999.000 -9999.000 -9999.000 -9999.000 -9999.000 -9999.000 -9999.000 -9999.000 -0.2784159E-02 0.1352446E-01 0.1515818E-01 0.3384329E-02 -0.1385199E-01 -0.3311187E-01 -0.5401561E-01 -0.7521316E-01 -0.9443048E-01 -0.1133030 -0.1307447 -0.1478051 -0.1700707 -0.2163316 -0.3522223 -0.3522223 -9999.000 -9999.000 -9999.000 -9999.000 -9999.000 -9999.000 -9999.000 -9999.000 -9999.000 -9999.000 -9999.000 -9999.000 -9999.000 -9999.000 -9999.000 -9999.000 -9999.000 -9999.000 -9999.000 -9999.000 -9999.000 -9999.000 -9999.000 -9999.000 -9999.000 -9999.000 -9999.000 -9999.000
-0.3793612E-02 -0.3793612E-02 -0.4848851E-02 -0.7260588E-02 -0.6633357E-02 -0.6633357E-02 -0.6421838E-02 -0.6352986E-02 -0.6352986E-02 -0.6349667E-02 -0.6349667E-02 -0.6328284E-02 -0.6312949E-02 -0.6295886E-02 -0.6281539E-02 -0.6281539E-02 0.2668892E-01 0.2137498E-01 0.6266594E-02 -0.1513161E-01 -0.4087651E-01 -0.6986608E-01 -0.1007011 -0.1315684 -0.1616962 -0.1900526 -0.2162567 -0.2420250 -0.2754354 -0.3547825 -0.3547825 -0.1965188 -0.1054420 -0.3634743E-01 -0.2714418E-01 -0.2714418E-01 -0.2013475E-01 -0.2013475E-01 -0.7466936E-02 -0.7466936E-02 0.3719716E-02 0.2714236E-01 0.2714236E-01 0.9023632E-02 0.9023632E-02 -0.3649599E-02 -0.3649599E-02 -0.3649599E-02 0.2766474E-03 0.2766474E-03 0.9904471E-03 0.9904471E-03 0.8089361E-04 0.8089361E-04 -0.1195353E-02 -0.1195353E-02 -0.2431270E-02 -0.2431270E-02 -0.2431270E-02
-0.5306493E-02 -0.5306493E-02 -0.7139854E-02 -0.1056221E-01 -0.9413537E-02 -0.9413537E-02 -0.9010989E-02 -0.8914439E-02 -0.8914439E-02 -0.8950801E-02 -0.8950801E-02 -0.8949729E-02 -0.8938724E-02 -0.8924338E-02 -0.8925832E-02 -0.8925832E-02 0.2183995E-01 0.1707405E-01 0.1423064E-02 -0.2427878E-01 -0.5829946E-01 -0.9851386E-01 -0.1430800 -0.1903422 -0.2381480 -0.2848777 -0.3288495 -0.3682643 -0.4010607 -0.4250665 -0.4250665 -0.2879914 -0.1912608 -0.9926619E-01 -0.8098132E-01 -0.8098132E-01 -0.5663418E-01 -0.5663418E-01 -0.1354008E-01 -0.1354008E-01 0.1982448E-01 0.8620010E-01 0.8620010E-01 0.7217369E-01 0.7217369E-01 0.1438608E-01 0.1438608E-01 0.1438608E-01 0.6788310E-02 0.6788310E-02 0.2093716E-02 0.2093716E-02 -0.2132123E-02 -0.2132123E-02 -0.5783059E-02 -0.5783059E-02 -0.8592398E-02 -0.8592398E-02 -0.8592398E-02
-0.3223095E-02 -0.3223095E-02 -0.6331839E-02 -0.9084256E-02 -0.8080775E-02 -0.8080775E-02 -0.7609417E-02 -0.7489701E-02 -0.7489701E-02 -0.7573302E-02 -0.7573302E-02 -0.7608809E-02 -0.7610808E-02 -0.7608141E-02 -0.7646190E-02 -0.7646190E-02 0.1362238E-01 0.8847450E-02 -0.6902712E-02 -0.3295639E-01 -0.6803470E-01 -0.1104733 -0.1587273 -0.2114297 -0.2668510 -0.3234370 -0.3795074 -0.4330136 -0.4810449 -0.5165298 -0.5165298 -0.4269184 -0.3427853 -0.2273128 -0.1898932 -0.1898932 -0.1214735 -0.1214735 -0.1892496E-01 -0.1892496E-01 0.4753992E-01 0.1665893 0.1665893 0.1830026 0.1830026 0.6480300E-01 0.6480300E-01 0.6480300E-01 0.2484099E-01 0.2484099E-01 0.4192041E-02 0.4192041E-02 -0.7939257E-02 -0.7939257E-02 -0.1578002E-01 -0.1578002E-01 -0.2051125E-01 -0.2051125E-01 -0.2051125E-01
-0.1124177E-02 -0.1124177E-02 -0.5915657E-02 -0.7468021E-02 -0.6569047E-02 -0.6569047E-02 -0.6085633E-02 -0.5953225E-02 -0.5953225E-02 -0.6051933E-02 -0.6051933E-02 -0.6090732E-02 -0.6091097E-02 -0.6085920E-02 -0.6151265E-02 -0.6151265E-02 0.5258282E-02 -0.1517366E-02 -0.1859377E-01 -0.4547964E-01 -0.8119007E-01 -0.1244157 -0.1738493 -0.2283316 -0.2865360 -0.3471972 -0.4089638 -0.4701073 -0.5279106 -0.5754111 -0.5754111 -0.5327858 -0.4725727 -0.3594572 -0.3078963 -0.3078963 -0.1854143 -0.1854143 -0.9976896E-02 -0.9976896E-02 0.8507294E-01 0.2316980 0.2316980 0.2663298 0.2663298 0.1237964 0.1237964 0.1237964 0.5034680E-01 0.5034680E-01 0.8696300E-02 0.8696300E-02 -0.1465570E-01 -0.1465570E-01 -0.2803194E-01 -0.2803194E-01 -0.3486084E-01 -0.3486084E-01 -0.3486084E-01
-0.6839568E-04 -0.6839568E-04 -0.4896522E-02 -0.5718492E-02 -0.4990307E-02 -0.4990307E-02 -0.4567354E-02 -0.4443147E-02 -0.4443147E-02 -0.4536980E-02 -0.4536980E-02 -0.4571943E-02 -0.4570556E-02 -0.4563662E-02 -0.4664567E-02 -0.4664567E-02 -0.3243952E-02 -0.1382964E-01 -0.3376563E-01 -0.6265893E-01 -0.9972783E-01 -0.1439515 -0.1942565 -0.2496508 -0.3090709 -0.3714713 -0.4357651 -0.5005910 -0.5637337 -0.6193750 -0.6193750 -0.6124038 -0.5773085 -0.4764251 -0.4107344 -0.4107344 -0.2216009 -0.2216009 0.1908020E-01 0.1908020E-01 0.1261691 0.2700145 0.2700145 0.3097757 0.3097757 0.1759960 0.1759960 0.1759960 0.7972012E-01 0.7972012E-01 0.1731654E-01 0.1731654E-01 -0.1914106E-01 -0.1914106E-01 -0.3938276E-01 -0.3938276E-01 -0.4882614E-01 -0.4882614E-01 -0.4882614E-01
-0.5459632E-04 -0.5459632E-04 -0.3199693E-02 -0.3835971E-02 -0.3346722E-02 -0.3346722E-02 -0.3043600E-02 -0.2950671E-02 -0.2950671E-02 -0.3023396E-02 -0.3023396E-02 -0.3051101E-02 -0.3050287E-02 -0.3045017E-02 -0.3196998E-02 -0.3196998E-02 -0.1233037E-01 -0.2835596E-01 -0.5278192E-01 -0.8509046E-01 -0.1245737 -0.1704243 -0.2218113 -0.2779522 -0.3380307 -0.4012150 -0.4666276 -0.5331891 -0.5991447 -0.6598881 -0.6598881 -0.6775410 -0.6635429 -0.5681538 -0.4783457 -0.4783457 -0.2113947 -0.2113947 0.5811382E-01 0.5811382E-01 0.1571520 0.2791352 0.2791352 0.3183879 0.3183879 0.2127295 0.2127295 0.2127295 0.1087123 0.1087123 0.3000267E-01 0.3000267E-01 -0.1986185E-01 -0.1986185E-01 -0.4805521E-01 -0.4805521E-01 -0.6078933E-01 -0.6078933E-01 -0.6078933E-01
-0.2828726E-04 -0.2828726E-04 -0.1583258E-02 -0.1924779E-02 -0.1679366E-02 -0.1679366E-02 -0.1521477E-02 -0.1471882E-02 -0.1471882E-02 -0.1511435E-02 -0.1511435E-02 -0.1526652E-02 -0.1526253E-02 -0.1523568E-02 -0.1743999E-02 -0.1743999E-02 -0.2269481E-01 -0.4576543E-01 -0.7637212E-01 -0.1136366 -0.1567809 -0.2051197 -0.2580405 -0.3150014 -0.3754601 -0.4388444 -0.5045157 -0.5716577 -0.6388994 -0.7025812 -0.7025812 -0.7361568 -0.7364575 -0.6208479 -0.4885084 -0.4885084 -0.1591410 -0.1591410 0.8836725E-01 0.8836725E-01 0.1675887 0.2642511 0.2642511 0.3024595 0.3024595 0.2306136 0.2306136 0.2306136 0.1326134 0.1326134 0.4506196E-01 0.4506196E-01 -0.1647565E-01 -0.1647565E-01 -0.5298345E-01 -0.5298345E-01 -0.6957908E-01 -0.6957908E-01 -0.6957908E-01
0.4395940E-05 0.4395940E-05 -0.5752116E-05 0.2576606E-06 -0.8905788E-07 -0.8905788E-07 -0.3679630E-07 -0.1676858E-06 -0.1676858E-06 -0.2116537E-06 -0.2116537E-06 -0.3108944E-06 -0.4758928E-06 -0.3566182E-06 -0.3133702E-03 -0.3133702E-03 -0.3537077E-01 -0.6725572E-01 -0.1058331 -0.1496734 -0.1978142 -0.2496182 -0.3046585 -0.3626430 -0.4233245 -0.4864345 -0.5516288 -0.6183855 -0.6856731 -0.7503428 -0.7503428 -0.7921706 -0.7955588 -0.6103359 -0.4265145 -0.4265145 -0.9388525E-01 -0.9388525E-01 0.9785598E-01 0.9785598E-01 0.1570402 0.2340830 0.2340830 0.2718384 0.2718384 0.2305020 0.2305020 0.2305020 0.1474711 0.1474711 0.5964370E-01 0.5964370E-01 -0.9699212E-02 -0.9699212E-02 -0.5367029E-01 -0.5367029E-01 -0.7426832E-01 -0.7426832E-01 -0.7426832E-01
0.3640373E-04 0.3640373E-04 0.1573457E-02 0.1924736E-02 0.1678626E-02 0.1678626E-02 0.1520906E-02 0.1471519E-02 0.1471519E-02 0.1511002E-02 0.1511002E-02 0.1526127E-02 0.1525483E-02 0.1522780E-02 0.1084729E-02 0.1084729E-02 -0.5189519E-01 -0.9473664E-01 -0.1432422 -0.1953191 -0.2497756 -0.3060024 -0.3637523 -0.4229921 -0.4837818 -0.5461835 -0.6101860 -0.6755984 -0.7416423 -0.8047696 -0.8047696 -0.8449662 -0.8285421 -0.5161158 -0.3115798 -0.3115798 -0.4607370E-01 -0.4607370E-01 0.8808140E-01 0.8808140E-01 0.1327099 0.1966749 0.1966749 0.2336580 0.2336580 0.2156408 0.2156408 0.2156408 0.1511165 0.1511165 0.7058923E-01 0.7058923E-01 -0.1093097E-02 -0.1093097E-02 -0.5019448E-01 -0.5019448E-01 -0.7420727E-01 -0.7420727E-01 -0.7420727E-01
0.6180791E-04 0.6180791E-04 0.3195643E-02 0.3834694E-02 0.3344826E-02 0.3344826E-02 0.3041866E-02 0.2949888E-02 0.2949888E-02 0.3022887E-02 0.3022887E-02 0.3050433E-02 0.3049536E-02 0.3044480E-02 0.2436000E-02 0.2436000E-02 -0.7468366E-01 -0.1312270 -0.1918417 -0.2537930 -0.3157323 -0.3771500 -0.4380296 -0.4986301 -0.5593366 -0.6205542 -0.6826242 -0.7456837 -0.8088742 -0.8655469 -0.8655469 -0.8836477 -0.7991838 -0.3613003 -0.1963000 -0.1963000 -0.2498667E-01 -0.2498667E-01 0.6801644E-01 0.6801644E-01 0.1030794 0.1574872 0.1574872 0.1923418 0.1923418 0.1899607 0.1899607 0.1899607 0.1434252 0.1434252 0.7536624E-01 0.7536624E-01 0.7334813E-02 0.7334813E-02 -0.4318572E-01 -0.4318572E-01 -0.6910424E-01 -0.6910424E-01 -0.6910424E-01
0.7440650E-04 0.7440650E-04 0.4902285E-02 0.5714889E-02 0.4986612E-02 0.4986612E-02 0.4564578E-02 0.4442388E-02 0.4442388E-02 0.4536408E-02 0.4536408E-02 0.4571273E-02 0.4569745E-02 0.4562941E-02 0.3721996E-02 0.3721996E-02 -0.1077740 -0.1816060 -0.2567141 -0.3299964 -0.4002159 -0.4671630 -0.5311841 -0.5929071 -0.6530789 -0.7124584 -0.7717376 -0.8312858 -0.8888518 -0.9251310 -0.9251310 -0.8684271 -0.6529167 -0.2153627 -0.1202985 -0.1202985 -0.2124243E-01 -0.2124243E-01 0.4579466E-01 0.4579466E-01 0.7380222E-01 0.1194282 0.1194282 0.1504100 0.1504100 0.1570994 0.1570994 0.1570994 0.1258988 0.1258988 0.7275355E-01 0.7275355E-01 0.1369887E-01 0.1369887E-01 -0.3366491E-01 -0.3366491E-01 -0.5909470E-01 -0.5909470E-01 -0.5909470E-01
0.1128486E-02 0.1128486E-02 0.5934278E-02 0.7460537E-02 0.6562861E-02 0.6562861E-02 0.6082147E-02 0.5952985E-02 0.5952985E-02 0.6051742E-02 0.6051742E-02 0.6090376E-02 0.6090807E-02 0.6085581E-02 0.4929104E-02 0.4929104E-02 -0.1583812 -0.2540852 -0.3460368 -0.4315480 -0.5100701 -0.5820726 -0.6484913 -0.7104502 -0.7691149 -0.8256094 -0.8809623 -0.9353383 -0.9794047 -0.9465451 -0.9465451 -0.7163153 -0.4006343 -0.1250090 -0.8292313E-01 -0.8292313E-01 -0.2271227E-01 -0.2271227E-01 0.2596525E-01 0.2596525E-01 0.4762489E-01 0.8386928E-01 0.8386928E-01 0.1093679 0.1093679 0.1200865 0.1200865 0.1200865 0.1009452 0.1009452 0.6300136E-01 0.6300136E-01 0.1679819E-01 0.1679819E-01 -0.2278221E-01 -0.2278221E-01 -0.4479562E-01 -0.4479562E-01 -0.4479562E-01
