simulation_files/asc/Velocity__x_269.0.asc
NCOLS        79
NROWS        79
XLLCENTER         -1.500000
YLLCENTER         -4.800000
CELLSIZE           0.100
NODATA_VALUE     -9999.0
[rows 0 to 25 of 79, columns 0 to 57 of 79]
-9999.000 -9999.000 -9999.000 -9999.000 -9999.000 -9999.000 -9999.000 -9999.000 -9999.000 -9999.000 -9999.000 -9999.000 -9999.000 -9999.000 -9999.000 -0.7350272E-03 0.3157253E-03 0.3864720E-02 0.8205627E-02 0.1228854E-01 0.1553896E-01 0.1779825E-01 0.1905485E-01 0.1939882E-01 0.1895211E-01 0.1780106E-01 0.1600461E-01 0.1346443E-01 0.9515150E-02 0.4670386E-02 0.4670386E-02 -9999.000 -9999.000 -9999.000 -9999.000 -9999.000 -9999.000 -9999.000 -9999.000 -9999.000 -9999.000 -9999.000 -9999.000 -9999.000 -9999.000 -9999.000 -9999.000 -9999.000 -9999.000 -9999.000 -9999.000 -9999.000 -9999.000 -9999.000 -9999.000 -9999.000 -9999.000 -9999.000
-9999.000 -9999.000 -9999.000 -9999.000 -9999.000 -9999.000 -9999.000 -9999.000 -9999.000 -9999.000 -9999.000 -9999.000 -9999.000 -9999.000 -9999.000 0.5015302E-03 0.2767422E-02 0.7404166E-02 0.1271454E-01 0.1767432E-01 0.2167638E-01 0.2449741E-01 0.2606876E-01 0.2643450E-01 0.2568716E-01 0.2390284E-01 0.2114841E-01 0.1736457E-01 0.1201644E-01 0.5878904E-02 0.5878904E-02 -9999.000 -9999.000 -9999.000 -9999.000 -9999.000 -9999.000 -9999.000 -9999.000 -9999.000 -9999.000 -9999.000 -9999.000 -9999.000 -9999.000 -9999.000 -9999.000 -9999.000 -9999.000 -9999.000 -9999.000 -9999.000 -9999.000 -9999.000 -9999.000 -9999.000 -9999.000 -9999.000
-9999.000 -9999.000 -9999.000 -9999.000 -9999.000 -9999.000 -9999.000 -9999.000 -9999.000 -9999.000 -9999.000 -9999.000 -9999.000 -9999.000 -9999.000 0.1006870E-02 0.3855360E-02 0.9154054E-02 0.1508255E-01 0.2057585E-01 0.2499931E-01 0.2811205E-01 0.2983209E-01 0.3019692E-01 0.2929748E-01 0.2721401E-01 0.2402470E-01 0.1968200E-01 0.1364700E-01 0.6714766E-02 0.6714766E-02 -9999.000 -9999.000 -9999.000 -9999.000 -9999.000 -9999.000 -9999.000 -9999.000 -9999.000 -9999.000 -9999.000 -9999.000 -9999.000 -9999.000 -9999.000 -9999.000 -9999.000 -9999.000 -9999.000 -9999.000 -9999.000 -9999.000 -9999.000 -9999.000 -9999.000 -9999.000 -9999.000
-9999.000 -9999.000 -9999.000 -9999.000 -9999.000 -9999.000 -9999.000 -9999.000 -9999.000 -9999.000 -9999.000 -9999.000 -9999.000 -9999.000 -9999.000 0.1284678E-02 0.4475081E-02 0.1018761E-01 0.1651531E-01 0.2235812E-01 0.2705953E-01 0.3036977E-01 0.3220041E-01 0.3258829E-01 0.3162599E-01 0.2939532E-01 0.2597952E-01 0.2133097E-01 0.1488228E-01 0.7377794E-02 0.7377794E-02 -9999.000 -9999.000 -9999.000 -9999.000 -9999.000 -9999.000 -9999.000 -9999.000 -9999.000 -9999.000 -9999.000 -9999.000 -9999.000 -9999.000 -9999.000 -9999.000 -9999.000 -9999.000 -9999.000 -9999.000 -9999.000 -9999.000 -9999.000 -9999.000 -9999.000 -9999.000 -9999.000
-9999.000 -9999.000 -9999.000 -9999.000 -9999.000 -9999.000 -9999.000 -9999.000 -9999.000 -9999.000 -9999.000 -9999.000 -9999.000 -9999.000 -9999.000 0.1481720E-02 0.4923755E-02 0.1094987E-01 0.1758514E-01 0.2369846E-01 0.2861723E-01 0.3208722E-01 0.3401669E-01 0.3444393E-01 0.3346280E-01 0.3115601E-01 0.2760826E-01 0.2276569E-01 0.1601876E-01 0.8011500E-02 0.8011500E-02 -9999.000 -9999.000 -9999.000 -9999.000 -9999.000 -9999.000 -9999.000 -9999.000 -9999.000 -9999.000 -9999.000 -9999.000 -9999.000 -9999.000 -9999.000 -9999.000 -9999.000 -9999.000 -9999.000 -9999.000 -9999.000 -9999.000 -9999.000 -9999.000 -9999.000 -9999.000 -9999.000
-9999.000 -9999.000 -9999.000 -9999.000 -9999.000 -9999.000 -9999.000 -9999.000 -9999.000 -9999.000 -9999.000 -9999.000 -9999.000 -9999.000 -9999.000 0.1661057E-02 0.5331961E-02 0.1164157E-01 0.1855379E-01 0.2490976E-01 0.3002367E-01 0.3364074E-01 0.3566778E-01 0.3614536E-01 0.3517041E-01 0.3282398E-01 0.2919166E-01 0.2420912E-01 0.1721110E-01 0.8694699E-02 0.8694699E-02 -9999.000 -9999.000 -9999.000 -9999.000 -9999.000 -9999.000 -9999.000 -9999.000 -9999.000 -9999.000 -9999.000 -9999.000 -9999.000 -9999.000 -9999.000 -9999.000 -9999.000 -9999.000 -9999.000 -9999.000 -9999.000 -9999.000 -9999.000 -9999.000 -9999.000 -9999.000 -9999.000
-9999.000 -9999.000 -9999.000 -9999.000 -9999.000 -9999.000 -9999.000 -9999.000 -9999.000 -9999.000 -9999.000 -9999.000 -9999.000 -9999.000 -9999.000 0.1852688E-02 0.5761578E-02 0.1235752E-01 0.1954521E-01 0.2613991E-01 0.3144567E-01 0.3520986E-01 0.3733901E-01 0.3787877E-01 0.3692765E-01 0.3456506E-01 0.3087694E-01 0.2578399E-01 0.1855249E-01 0.9478194E-02 0.9478194E-02 -9999.000 -9999.000 -9999.000 -9999.000 -9999.000 -9999.000 -9999.000 -9999.000 -9999.000 -9999.000 -9999.000 -9999.000 -9999.000 -9999.000 -9999.000 -9999.000 -9999.000 -9999.000 -9999.000 -9999.000 -9999.000 -9999.000 -9999.000 -9999.000 -9999.000 -9999.000 -9999.000
-9999.000 -9999.000 -9999.000 -9999.000 -9999.000 -9999.000 -9999.000 -9999.000 -9999.000 -9999.000 -9999.000 -9999.000 -9999.000 -9999.000 -9999.000 0.2072175E-02 0.6244879E-02 0.1314716E-01 0.2062379E-01 0.2746581E-01 0.3297003E-01 0.3688872E-01 0.3912981E-01 0.3974482E-01 0.3883519E-01 0.3647765E-01 0.3275747E-01 0.2757723E-01 0.2011831E-01 0.1040766E-01 0.1040766E-01 -9999.000 -9999.000 -9999.000 -9999.000 -9999.000 -9999.000 -9999.000 -9999.000 -9999.000 -9999.000 -9999.000 -9999.000 -9999.000 -9999.000 -9999.000 -9999.000 -9999.000 -9999.000 -9999.000 -9999.000 -9999.000 -9999.000 -9999.000 -9999.000 -9999.000 -9999.000 -9999.000
-9999.000 -9999.000 -9999.000 -9999.000 -9999.000 -9999.000 -9999.000 -9999.000 -9999.000 -9999.000 -9999.000 -9999.000 -9999.000 -9999.000 -9999.000 0.2330216E-02 0.6803496E-02 0.1404266E-01 0.2183138E-01 0.2893741E-01 0.3465350E-01 0.3874024E-01 0.4110748E-01 0.4181539E-01 0.4096835E-01 0.3863928E-01 0.3491316E-01 0.2966948E-01 0.2198732E-01 0.1153339E-01 0.1153339E-01 -9999.000 -9999.000 -9999.000 -9999.000 -9999.000 -9999.000 -9999.000 -9999.000 -9999.000 -9999.000 -9999.000 -9999.000 -9999.000 -9999.000 -9999.000 -9999.000 -9999.000 -9999.000 -9999.000 -9999.000 -9999.000 -9999.000 -9999.000 -9999.000 -9999.000 -9999.000 -9999.000
-9999.000 -9999.000 -9999.000 -9999.000 -9999.000 -9999.000 -9999.000 -9999.000 -9999.000 -9999.000 -9999.000 -9999.000 -9999.000 -9999.000 -9999.000 0.2635579E-02 0.7456045E-02 0.1507239E-01 0.2320430E-01 0.3059821E-01 0.3654591E-01 0.4081994E-01 0.4333394E-01 0.4415801E-01 0.4340084E-01 0.4113065E-01 0.3743184E-01 0.3215610E-01 0.2425856E-01 0.1292081E-01 0.1292081E-01 -9999.000 -9999.000 -9999.000 -9999.000 -9999.000 -9999.000 -9999.000 -9999.000 -9999.000 -9999.000 -9999.000 -9999.000 -9999.000 -9999.000 -9999.000 -9999.000 -9999.000 -9999.000 -9999.000 -9999.000 -9999.000 -9999.000 -9999.000 -9999.000 -9999.000 -9999.000 -9999.000
-9999.000 -9999.000 -9999.000 -9999.000 -9999.000 -9999.000 -9999.000 -9999.000 -9999.000 -9999.000 -9999.000 -9999.000 -9999.000 -9999.000 -9999.000 0.2998183E-02 0.8222028E-02 0.1626688E-01 0.2478320E-01 0.3249698E-01 0.3870369E-01 0.4319175E-01 0.4588018E-01 0.4685285E-01 0.4622256E-01 0.4405265E-01 0.4042724E-01 0.3516413E-01 0.2706769E-01 0.1466099E-01 0.1466099E-01 -9999.000 -9999.000 -9999.000 -9999.000 -9999.000 -9999.000 -9999.000 -9999.000 -9999.000 -9999.000 -9999.000 -9999.000 -9999.000 -9999.000 -9999.000 -9999.000 -9999.000 -9999.000 -9999.000 -9999.000 -9999.000 -9999.000 -9999.000 -9999.000 -9999.000 -9999.000 -9999.000
-9999.000 -9999.000 -9999.000 -9999.000 -9999.000 -9999.000 -9999.000 -9999.000 -9999.000 -9999.000 -9999.000 -9999.000 -9999.000 -9999.000 -9999.000 0.3430155E-02 0.9127864E-02 0.1766571E-01 0.2661912E-01 0.3469605E-01 0.4119911E-01 0.4593882E-01 0.4884132E-01 0.5000750E-01 0.4955593E-01 0.4754407E-01 0.4405773E-01 0.3887310E-01 0.3061129E-01 0.1688691E-01 0.1688691E-01 -9999.000 -9999.000 -9999.000 -9999.000 -9999.000 -9999.000 -9999.000 -9999.000 -9999.000 -9999.000 -9999.000 -9999.000 -9999.000 -9999.000 -9999.000 -9999.000 -9999.000 -9999.000 -9999.000 -9999.000 -9999.000 -9999.000 -9999.000 -9999.000 -9999.000 -9999.000 -9999.000
-9999.000 -9999.000 -9999.000 -9999.000 -9999.000 -9999.000 -9999.000 -9999.000 -9999.000 -9999.000 -9999.000 -9999.000 -9999.000 -9999.000 -9999.000 0.3954962E-02 0.1022289E-01 0.1934697E-01 0.2881044E-01 0.3730807E-01 0.4415800E-01 0.4919932E-01 0.5236849E-01 0.5378907E-01 0.5358724E-01 0.5181486E-01 0.4856159E-01 0.4355290E-01 0.3518645E-01 0.1980007E-01 0.1980007E-01 -9999.000 -9999.000 -9999.000 -9999.000 -9999.000 -9999.000 -9999.000 -9999.000 -9999.000 -9999.000 -9999.000 -9999.000 -9999.000 -9999.000 -9999.000 -9999.000 -9999.000 -9999.000 -9999.000 -9999.000 -9999.000 -9999.000 -9999.000 -9999.000 -9999.000 -9999.000 -9999.000
-9999.000 -9999.000 -9999.000 -9999.000 -9999.000 -9999.000 -9999.000 -9999.000 -9999.000 -9999.000 -9999.000 -9999.000 -9999.000 -9999.000 -9999.000 0.5343179E-02 0.1312701E-01 0.2374759E-01 0.3380823E-01 0.4251466E-01 0.4951252E-01 0.5465249E-01 0.5790514E-01 0.5943601E-01 0.5938429E-01 0.5779639E-01 0.5476648E-01 0.4995469E-01 0.4147671E-01 0.2383873E-01 0.2383873E-01 -9999.000 -9999.000 -9999.000 -9999.000 -9999.000 -9999.000 -9999.000 -9999.000 -9999.000 -9999.000 -9999.000 -9999.000 -9999.000 -9999.000 -9999.000 -9999.000 -9999.000 -9999.000 -9999.000 -9999.000 -9999.000 -9999.000 -9999.000 -9999.000 -9999.000 -9999.000 -9999.000
-9999.000 -9999.000 -9999.000 -9999.000 -9999.000 -9999.000 -9999.000 -9999.000 -9999.000 -9999.000 -9999.000 -9999.000 -9999.000 -9999.000 -9999.000 0.7915729E-01 0.1203735 0.1391081 0.1314723 0.1175493 0.1069390 0.9733798E-01 0.8866517E-01 0.8095029E-01 0.7388790E-01 0.6721342E-01 0.6068037E-01 0.5356755E-01 0.4350535E-01 0.2134080E-01 0.2134080E-01 -9999.000 -9999.000 -9999.000 -9999.000 -9999.000 -9999.000 -9999.000 -9999.000 -9999.000 -9999.000 -9999.000 -9999.000 -9999.000 -9999.000 -9999.000 -9999.000 -9999.000 -9999.000 -9999.000 -9999.000 -9999.000 -9999.000 -9999.000 -9999.000 -9999.000 -9999.000 -9999.000
2.812239 2.812239 2.809666 2.833101 2.851408 2.851408 2.854163 2.854216 2.854216 2.850708 2.850708 2.844771 2.841135 2.837152 2.833138 2.833138 2.965512 2.969374 2.970529 2.956222 2.917782 2.857164 2.773798 2.665465 2.537261 2.389551 2.226312 2.056897 1.906137 1.842711 1.842711 2.690399 2.867452 2.968714 2.993731 2.993731 3.026639 3.026639 3.008289 3.008289 2.963500 2.780055 2.780055 2.396480 2.396480 2.084546 2.084546 2.084546 2.070093 2.070093 2.102590 2.102590 2.150745 2.150745 2.200772 2.200772 2.245337 2.245337
2.835189 2.835189 2.836380 2.886789 2.912247 2.912247 2.926958 2.949695 2.949695 2.968390 2.968390 2.984469 2.991776 2.998690 3.005506 3.005506 3.104130 3.122046 3.137273 3.148120 3.152572 3.149869 3.137729 3.112668 3.073261 3.016890 2.942276 2.850566 2.748765 2.670802 2.670802 3.127539 3.288081 3.441516 3.482928 3.482928 3.529890 3.529890 3.530832 3.530832 3.509112 3.404966 3.404966 3.191643 3.191643 2.916051 2.916051 2.916051 2.899202 2.899202 2.933772 2.933772 2.985009 2.985009 3.037568 3.037568 3.085217 3.085217
2.840560 2.840560 2.837944 2.888601 2.911988 2.911988 2.927394 2.950982 2.950982 2.970282 2.970282 2.987051 2.994749 3.002078 3.009365 3.009365 3.097800 3.127643 3.154145 3.176649 3.194201 3.206677 3.213516 3.213264 3.205082 3.187238 3.158051 3.116912 3.066907 3.028105 3.028105 3.289018 3.445743 3.626102 3.678436 3.678436 3.732246 3.732246 3.722502 3.722502 3.692846 3.590944 3.590944 3.441699 3.441699 3.209892 3.209892 3.209892 3.177311 3.177311 3.199716 3.199716 3.242450 3.242450 3.288869 3.288869 3.331930 3.331930
2.844570 2.844570 2.839967 2.889553 2.911367 2.911367 2.927075 2.951007 2.951007 2.970308 2.970308 2.987063 2.994765 3.002103 3.009462 3.009462 3.091775 3.131660 3.168643 3.201108 3.227915 3.248754 3.263494 3.271724 3.273406 3.268144 3.255365 3.234891 3.208691 3.189647 3.189647 3.348891 3.488026 3.676869 3.735177 3.735177 3.786736 3.786736 3.755476 3.755476 3.715241 3.620674 3.620674 3.524940 3.524940 3.350104 3.350104 3.350104 3.305061 3.305061 3.313418 3.313418 3.347381 3.347381 3.388784 3.388784 3.428626 3.428626
2.847380 2.847380 2.842263 2.890144 2.910924 2.910924 2.926820 2.951039 2.951039 2.970323 2.970323 2.987043 2.994737 3.002072 3.009526 3.009526 3.090107 3.138626 3.185073 3.226700 3.262022 3.290437 3.311754 3.325830 3.332816 3.332870 3.326135 3.313042 3.295434 3.282315 3.282315 3.380133 3.494986 3.674545 3.729536 3.729536 3.758389 3.758389 3.698060 3.698060 3.655438 3.589609 3.589609 3.546271 3.546271 3.434572 3.434572 3.434572 3.385184 3.385184 3.378997 3.378997 3.401658 3.401658 3.436238 3.436238 3.471819 3.471819
2.849157 2.849157 2.844437 2.890458 2.910619 2.910619 2.926624 2.951049 2.951049 2.970326 2.970326 2.987041 2.994751 3.002110 3.009732 3.009732 3.093948 3.150337 3.205230 3.255013 3.297942 3.333236 3.360613 3.379975 3.391459 3.395333 3.391964 3.382000 3.367138 3.353889 3.353889 3.410292 3.497399 3.647706 3.685078 3.685078 3.666703 3.666703 3.589927 3.589927 3.561277 3.541660 3.541660 3.543714 3.543714 3.490854 3.490854 3.490854 3.446984 3.446984 3.429768 3.429768 3.439728 3.439728 3.465114 3.465114 3.494449 3.494449
2.850113 2.850113 2.846058 2.890641 2.910493 2.910493 2.926575 2.951165 2.951165 2.970481 2.970481 2.987216 2.994929 3.002288 3.010102 3.010102 3.104025 3.168064 3.230469 3.287257 3.336630 3.377786 3.410431 3.434488 3.450062 3.457397 3.456854 3.449048 3.435362 3.420369 3.420369 3.447668 3.505551 3.600439 3.600084 3.600084 3.524295 3.524295 3.468077 3.468077 3.466629 3.494814 3.494814 3.530835 3.530835 3.526863 3.526863 3.526863 3.496428 3.496428 3.474583 3.474583 3.472949 3.472949 3.487514 3.487514 3.508551 3.508551
2.850428 2.850428 2.846671 2.890681 2.910443 2.910443 2.926557 2.951224 2.951224 2.970555 2.970555 2.987276 2.994980 3.002328 3.010409 3.010409 3.121259 3.193206 3.262363 3.324957 3.379423 3.425130 3.461892 3.489708 3.508695 3.519057 3.521087 3.515263 3.502583 3.485883 3.485883 3.491974 3.518580 3.517943 3.460909 3.460909 3.357924 3.357924 3.360273 3.360273 3.387199 3.452403 3.452403 3.511810 3.511810 3.546213 3.546213 3.546213 3.533412 3.533412 3.513804 3.513804 3.503955 3.503955 3.507468 3.507468 3.518572 3.518572
2.850113 2.850113 2.846059 2.890641 2.910493 2.910493 2.926575 2.951165 2.951165 2.970482 2.970482 2.987215 2.994930 3.002288 3.010764 3.010764 3.147234 3.227560 3.302715 3.369769 3.427733 3.476372 3.515750 3.546030 3.567398 3.580046 3.584200 3.580184 3.568544 3.550196 3.550196 3.538296 3.525301 3.373437 3.266190 3.266190 3.206972 3.206972 3.279140 3.279140 3.325883 3.414428 3.414428 3.489400 3.489400 3.552815 3.552815 3.552815 3.558170 3.558170 3.546019 3.546019 3.532573 3.532573 3.526268 3.526268 3.526552 3.526552
2.849156 2.849156 2.844437 2.890457 2.910618 2.910618 2.926625 2.951048 2.951048 2.970325 2.970325 2.987041 2.994750 3.002110 3.011128 3.011128 3.184067 3.273174 3.353371 3.423256 3.482816 3.532450 3.572621 3.603740 3.626124 3.639999 3.645545 3.642926 3.632074 3.610645 3.610645 3.575334 3.496692 3.156216 3.052918 3.052918 3.096887 3.096887 3.217153 3.217153 3.274692 3.377027 3.377027 3.462860 3.462860 3.548024 3.548024 3.548024 3.569755 3.569755 3.567816 3.567816 3.554869 3.554869 3.541185 3.541185 3.530840 3.530840
2.847379 2.847379 2.842264 2.890143 2.910924 2.910924 2.926820 2.951038 2.951038 2.970324 2.970324 2.987043 2.994737 3.002072 3.011800 3.011800 3.235219 3.332925 3.416533 3.487001 3.545730 3.593987 3.632767 3.662793 3.684544 3.698313 3.704252 3.702335 3.691183 3.659955 3.659955 3.574040 3.376427 2.909821 2.882735 2.882735 3.020978 3.020978 3.163490 3.163490 3.226380 3.337228 3.337228 3.430978 3.430978 3.532117 3.532117 3.532117 3.567282 3.567282 3.575941 3.575941 3.566332 3.566332 3.548047 3.548047 3.528196 3.528196
