simulation_files/asc/Velocity____176.0.asc
NCOLS        79
NROWS        79
XLLCENTER         -1.500000
YLLCENTER         -4.800000
CELLSIZE           0.100
NODATA_VALUE     -9999.0
[rows 0 to 26 of 79, columns 0 to 59 of 79]
-9999.000 -9999.000 -9999.000 -9999.000 -9999.000 -9999.000 -9999.000 -9999.000 -9999.000 -9999.000 -9999.000 -9999.000 -9999.000 -9999.000 -9999.000 0.9782612E-01 0.9562653E-01 0.9497572E-01 0.9523600E-01 0.9601787E-01 0.9694222E-01 0.9784023E-01 0.9862889E-01 0.9920112E-01 0.9960394E-01 0.9986213E-01 0.1000292 0.1002871 0.1011985 0.1021349 0.1021349 -9999.000 -9999.000 -9999.000 -9999.000 -9999.000 -9999.000 -9999.000 -9999.000 -9999.000 -9999.000 -9999.000 -9999.000 -9999.000 -9999.000 -9999.000 -9999.000 -9999.000 -9999.000 -9999.000 -9999.000 -9999.000 -9999.000 -9999.000 -9999.000 -9999.000 -9999.000 -9999.000 -9999.000 -9999.000
-9999.000 -9999.000 -9999.000 -9999.000 -9999.000 -9999.000 -9999.000 -9999.000 -9999.000 -9999.000 -9999.000 -9999.000 -9999.000 -9999.000 -9999.000 0.9668243E-01 0.9215698E-01 0.9084837E-01 0.9143814E-01 0.9310047E-01 0.9506572E-01 0.9700064E-01 0.9874176E-01 0.1000598 0.1010377 0.1017188 0.1022151 0.1029268 0.1050892 0.1076179 0.1076179 -9999.000 -9999.000 -9999.000 -9999.000 -9999.000 -9999.000 -9999.000 -9999.000 -9999.000 -9999.000 -9999.000 -9999.000 -9999.000 -9999.000 -9999.000 -9999.000 -9999.000 -9999.000 -9999.000 -9999.000 -9999.000 -9999.000 -9999.000 -9999.000 -9999.000 -9999.000 -9999.000 -9999.000 -9999.000
-9999.000 -9999.000 -9999.000 -9999.000 -9999.000 -9999.000 -9999.000 -9999.000 -9999.000 -9999.000 -9999.000 -9999.000 -9999.000 -9999.000 -9999.000 0.9420545E-01 0.8719748E-01 0.8510591E-01 0.8605896E-01 0.8873951E-01 0.9193459E-01 0.9513635E-01 0.9810417E-01 0.1004789 0.1023840 0.1038729 0.1051031 0.1066948 0.1106101 0.1155238 0.1155238 -9999.000 -9999.000 -9999.000 -9999.000 -9999.000 -9999.000 -9999.000 -9999.000 -9999.000 -9999.000 -9999.000 -9999.000 -9999.000 -9999.000 -9999.000 -9999.000 -9999.000 -9999.000 -9999.000 -9999.000 -9999.000 -9999.000 -9999.000 -9999.000 -9999.000 -9999.000 -9999.000 -9999.000 -9999.000
-9999.000 -9999.000 -9999.000 -9999.000 -9999.000 -9999.000 -9999.000 -9999.000 -9999.000 -9999.000 -9999.000 -9999.000 -9999.000 -9999.000 -9999.000 0.9113484E-01 0.8169721E-01 0.7881720E-01 0.8015579E-01 0.8389202E-01 0.8835738E-01 0.9287892E-01 0.9715056E-01 0.1006850 0.1036482 0.1060959 0.1082200 0.1108541 0.1167109 0.1245404 0.1245404 -9999.000 -9999.000 -9999.000 -9999.000 -9999.000 -9999.000 -9999.000 -9999.000 -9999.000 -9999.000 -9999.000 -9999.000 -9999.000 -9999.000 -9999.000 -9999.000 -9999.000 -9999.000 -9999.000 -9999.000 -9999.000 -9999.000 -9999.000 -9999.000 -9999.000 -9999.000 -9999.000 -9999.000 -9999.000
-9999.000 -9999.000 -9999.000 -9999.000 -9999.000 -9999.000 -9999.000 -9999.000 -9999.000 -9999.000 -9999.000 -9999.000 -9999.000 -9999.000 -9999.000 0.8770298E-01 0.7584846E-01 0.7217591E-01 0.7392867E-01 0.7876032E-01 0.8452992E-01 0.9040713E-01 0.9603061E-01 0.1007858 0.1048850 0.1083808 0.1114935 0.1152748 0.1232264 0.1345150 0.1345150 -9999.000 -9999.000 -9999.000 -9999.000 -9999.000 -9999.000 -9999.000 -9999.000 -9999.000 -9999.000 -9999.000 -9999.000 -9999.000 -9999.000 -9999.000 -9999.000 -9999.000 -9999.000 -9999.000 -9999.000 -9999.000 -9999.000 -9999.000 -9999.000 -9999.000 -9999.000 -9999.000 -9999.000 -9999.000
-9999.000 -9999.000 -9999.000 -9999.000 -9999.000 -9999.000 -9999.000 -9999.000 -9999.000 -9999.000 -9999.000 -9999.000 -9999.000 -9999.000 -9999.000 0.8400270E-01 0.6973471E-01 0.6528024E-01 0.6749213E-01 0.7346679E-01 0.8057099E-01 0.8782893E-01 0.9483635E-01 0.1008506 0.1061359 0.1107368 0.1148997 0.1199038 0.1300919 0.1454508 0.1454508 -9999.000 -9999.000 -9999.000 -9999.000 -9999.000 -9999.000 -9999.000 -9999.000 -9999.000 -9999.000 -9999.000 -9999.000 -9999.000 -9999.000 -9999.000 -9999.000 -9999.000 -9999.000 -9999.000 -9999.000 -9999.000 -9999.000 -9999.000 -9999.000 -9999.000 -9999.000 -9999.000 -9999.000 -9999.000
-9999.000 -9999.000 -9999.000 -9999.000 -9999.000 -9999.000 -9999.000 -9999.000 -9999.000 -9999.000 -9999.000 -9999.000 -9999.000 -9999.000 -9999.000 0.8005987E-01 0.6338696E-01 0.5818298E-01 0.6092258E-01 0.6809359E-01 0.7655630E-01 0.8520954E-01 0.9362131E-01 0.1009188 0.1074251 0.1131715 0.1184291 0.1247186 0.1372891 0.1574426 0.1574426 -9999.000 -9999.000 -9999.000 -9999.000 -9999.000 -9999.000 -9999.000 -9999.000 -9999.000 -9999.000 -9999.000 -9999.000 -9999.000 -9999.000 -9999.000 -9999.000 -9999.000 -9999.000 -9999.000 -9999.000 -9999.000 -9999.000 -9999.000 -9999.000 -9999.000 -9999.000 -9999.000 -9999.000 -9999.000
-9999.000 -9999.000 -9999.000 -9999.000 -9999.000 -9999.000 -9999.000 -9999.000 -9999.000 -9999.000 -9999.000 -9999.000 -9999.000 -9999.000 -9999.000 0.7586693E-01 0.5681132E-01 0.5092608E-01 0.5429433E-01 0.6271424E-01 0.7254490E-01 0.8259387E-01 0.9241916E-01 0.1010137 0.1087664 0.1156891 0.1220764 0.1297085 0.1448211 0.1706533 0.1706533 -9999.000 -9999.000 -9999.000 -9999.000 -9999.000 -9999.000 -9999.000 -9999.000 -9999.000 -9999.000 -9999.000 -9999.000 -9999.000 -9999.000 -9999.000 -9999.000 -9999.000 -9999.000 -9999.000 -9999.000 -9999.000 -9999.000 -9999.000 -9999.000 -9999.000 -9999.000 -9999.000 -9999.000 -9999.000
-9999.000 -9999.000 -9999.000 -9999.000 -9999.000 -9999.000 -9999.000 -9999.000 -9999.000 -9999.000 -9999.000 -9999.000 -9999.000 -9999.000 -9999.000 0.7139781E-01 0.5000390E-01 0.4356726E-01 0.4771235E-01 0.5741823E-01 0.6859791E-01 0.8002207E-01 0.9125666E-01 0.1011520 0.1101692 0.1182921 0.1258379 0.1348688 0.1527017 0.1853123 0.1853123 -9999.000 -9999.000 -9999.000 -9999.000 -9999.000 -9999.000 -9999.000 -9999.000 -9999.000 -9999.000 -9999.000 -9999.000 -9999.000 -9999.000 -9999.000 -9999.000 -9999.000 -9999.000 -9999.000 -9999.000 -9999.000 -9999.000 -9999.000 -9999.000 -9999.000 -9999.000 -9999.000 -9999.000 -9999.000
-9999.000 -9999.000 -9999.000 -9999.000 -9999.000 -9999.000 -9999.000 -9999.000 -9999.000 -9999.000 -9999.000 -9999.000 -9999.000 -9999.000 -9999.000 0.6661340E-01 0.4296010E-01 0.3622049E-01 0.4135711E-01 0.5233453E-01 0.6479231E-01 0.7753983E-01 0.9016194E-01 0.1013506 0.1116432 0.1209834 0.1297107 0.1401962 0.1609510 0.2017289 0.2017289 -9999.000 -9999.000 -9999.000 -9999.000 -9999.000 -9999.000 -9999.000 -9999.000 -9999.000 -9999.000 -9999.000 -9999.000 -9999.000 -9999.000 -9999.000 -9999.000 -9999.000 -9999.000 -9999.000 -9999.000 -9999.000 -9999.000 -9999.000 -9999.000 -9999.000 -9999.000 -9999.000 -9999.000 -9999.000
-9999.000 -9999.000 -9999.000 -9999.000 -9999.000 -9999.000 -9999.000 -9999.000 -9999.000 -9999.000 -9999.000 -9999.000 -9999.000 -9999.000 -9999.000 0.6146299E-01 0.3568881E-01 0.2914813E-01 0.3556342E-01 0.4766263E-01 0.6123589E-01 0.7520762E-01 0.8917172E-01 0.1016323 0.1132022 0.1237697 0.1336950 0.1456899 0.1695950 0.2203205 0.2203205 -9999.000 -9999.000 -9999.000 -9999.000 -9999.000 -9999.000 -9999.000 -9999.000 -9999.000 -9999.000 -9999.000 -9999.000 -9999.000 -9999.000 -9999.000 -9999.000 -9999.000 -9999.000 -9999.000 -9999.000 -9999.000 -9999.000 -9999.000 -9999.000 -9999.000 -9999.000 -9999.000 -9999.000 -9999.000
-9999.000 -9999.000 -9999.000 -9999.000 -9999.000 -9999.000 -9999.000 -9999.000 -9999.000 -9999.000 -9999.000 -9999.000 -9999.000 -9999.000 -9999.000 0.5588299E-01 0.2824580E-01 0.2299726E-01 0.3094725E-01 0.4371286E-01 0.5808512E-01 0.7311215E-01 0.8833946E-01 0.1020318 0.1148698 0.1266648 0.1377958 0.1513533 0.1786654 0.2416587 0.2416587 -9999.000 -9999.000 -9999.000 -9999.000 -9999.000 -9999.000 -9999.000 -9999.000 -9999.000 -9999.000 -9999.000 -9999.000 -9999.000 -9999.000 -9999.000 -9999.000 -9999.000 -9999.000 -9999.000 -9999.000 -9999.000 -9999.000 -9999.000 -9999.000 -9999.000 -9999.000 -9999.000 -9999.000 -9999.000
-9999.000 -9999.000 -9999.000 -9999.000 -9999.000 -9999.000 -9999.000 -9999.000 -9999.000 -9999.000 -9999.000 -9999.000 -9999.000 -9999.000 -9999.000 0.4979280E-01 0.2085085E-01 0.1929493E-01 0.2851263E-01 0.4095132E-01 0.5557499E-01 0.7138919E-01 0.8775307E-01 0.1026106 0.1166911 0.1296995 0.1420316 0.1571994 0.1882041 0.2665456 0.2665456 -9999.000 -9999.000 -9999.000 -9999.000 -9999.000 -9999.000 -9999.000 -9999.000 -9999.000 -9999.000 -9999.000 -9999.000 -9999.000 -9999.000 -9999.000 -9999.000 -9999.000 -9999.000 -9999.000 -9999.000 -9999.000 -9999.000 -9999.000 -9999.000 -9999.000 -9999.000 -9999.000 -9999.000 -9999.000
-9999.000 -9999.000 -9999.000 -9999.000 -9999.000 -9999.000 -9999.000 -9999.000 -9999.000 -9999.000 -9999.000 -9999.000 -9999.000 -9999.000 -9999.000 0.4283141E-01 0.1492412E-01 0.2159310E-01 0.3065099E-01 0.4109600E-01 0.5490914E-01 0.7089172E-01 0.8802374E-01 0.1038161 0.1189938 0.1331117 0.1465705 0.1633467 0.1983227 0.2961838 0.2961838 -9999.000 -9999.000 -9999.000 -9999.000 -9999.000 -9999.000 -9999.000 -9999.000 -9999.000 -9999.000 -9999.000 -9999.000 -9999.000 -9999.000 -9999.000 -9999.000 -9999.000 -9999.000 -9999.000 -9999.000 -9999.000 -9999.000 -9999.000 -9999.000 -9999.000 -9999.000 -9999.000 -9999.000 -9999.000
-9999.000 -9999.000 -9999.000 -9999.000 -9999.000 -9999.000 -9999.000 -9999.000 -9999.000 -9999.000 -9999.000 -9999.000 -9999.000 -9999.000 -9999.000 0.6565030E-01 0.1008203 0.1172750 0.1109448 0.1023008 0.9895482E-01 0.1005342 0.1072117 0.1162952 0.1275056 0.1394984 0.1520998 0.1694134 0.2082042 0.3297600 0.3297600 -9999.000 -9999.000 -9999.000 -9999.000 -9999.000 -9999.000 -9999.000 -9999.000 -9999.000 -9999.000 -9999.000 -9999.000 -9999.000 -9999.000 -9999.000 -9999.000 -9999.000 -9999.000 -9999.000 -9999.000 -9999.000 -9999.000 -9999.000 -9999.000 -9999.000 -9999.000 -9999.000 -9999.000 -9999.000
2.752549 2.752549 2.737055 2.803616 2.810938 2.810938 2.814397 2.816268 2.816268 2.814339 2.814339 2.809946 2.807068 2.803826 2.800273 2.800273 2.902738 2.905202 2.905439 2.890399 2.854223 2.797529 2.719721 2.618432 2.497557 2.358356 2.203995 2.043155 1.900015 1.846600 1.846600 2.630737 2.795513 2.892450 2.917375 2.917375 2.952214 2.952214 2.941801 2.941801 2.903363 2.740446 2.740446 2.425595 2.425595 2.056325 2.056325 2.056325 2.030922 2.030922 2.056743 2.056743 2.100721 2.100721 2.148171 2.148171 2.191272 2.191272 2.191272 2.226000
2.775215 2.775215 2.763349 2.852804 2.871579 2.871579 2.886354 2.910504 2.910504 2.930589 2.930589 2.948029 2.956002 2.963563 2.970769 2.970769 3.043930 3.058179 3.070991 3.080404 3.084926 3.083542 3.074117 3.053369 3.019605 2.970540 2.904608 2.822401 2.729822 2.653357 2.653357 3.068381 3.214397 3.358192 3.397979 3.397979 3.444533 3.444533 3.449047 3.449047 3.431329 3.340405 3.340405 3.158767 3.158767 2.867403 2.867403 2.867403 2.839047 2.839047 2.866830 2.866830 2.913981 2.913981 2.964046 2.964046 3.010164 3.010164 3.010164 3.049221
2.780062 2.780062 2.765409 2.852768 2.871826 2.871826 2.887002 2.911801 2.911801 2.932487 2.932487 2.950610 2.958962 2.966932 2.974568 2.974568 3.038635 3.062974 3.085999 3.106544 3.123664 3.137013 3.146022 3.149374 3.146159 3.134888 3.113856 3.082148 3.041942 3.008516 3.008516 3.237350 3.377179 3.541450 3.590266 3.590266 3.641798 3.641798 3.634775 3.634775 3.609071 3.518432 3.518432 3.386645 3.386645 3.150689 3.150689 3.150689 3.107743 3.107743 3.123186 3.123186 3.161853 3.161853 3.205881 3.205881 3.247539 3.247539 3.247539 3.283305
2.783012 2.783012 2.768540 2.852365 2.871433 2.871433 2.886823 2.911836 2.911836 2.932541 2.932541 2.950659 2.959013 2.966989 2.974633 2.974633 3.033368 3.066300 3.098930 3.128977 3.155061 3.176657 3.193559 3.205393 3.212079 3.213341 3.208651 3.197673 3.181717 3.170210 3.170210 3.309266 3.431975 3.600227 3.652768 3.652768 3.698784 3.698784 3.668562 3.668562 3.631881 3.546350 3.546350 3.460807 3.460807 3.285681 3.285681 3.285681 3.232149 3.232149 3.233503 3.233503 3.263081 3.263081 3.301933 3.301933 3.340364 3.340364 3.340364 3.373758
2.784034 2.784034 2.772930 2.851887 2.870991 2.870991 2.886596 2.911823 2.911823 2.932527 2.932527 2.950609 2.958952 2.966921 2.974564 2.974564 3.032009 3.072586 3.114063 3.152927 3.187318 3.216424 3.239977 3.257829 3.270107 3.277006 3.278693 3.275489 3.268749 3.264976 3.264976 3.352380 3.453849 3.611424 3.658614 3.658614 3.677190 3.677190 3.615425 3.615425 3.574776 3.514454 3.514454 3.476851 3.476851 3.366305 3.366305 3.366305 3.310735 3.310735 3.298180 3.298180 3.316274 3.316274 3.348105 3.348105 3.382205 3.382205 3.382205 3.412480
2.780250 2.780250 2.779552 2.851439 2.870630 2.870630 2.886435 2.911870 2.911870 2.932601 2.932601 2.950682 2.959028 2.967003 2.974653 2.974653 3.035691 3.083612 3.133211 3.180062 3.221984 3.257995 3.287738 3.311107 3.328230 3.339388 3.344945 3.345462 3.342258 3.340025 3.340025 3.393690 3.471714 3.600916 3.628304 3.628304 3.593035 3.593035 3.509826 3.509826 3.481147 3.463940 3.463940 3.469336 3.469336 3.418391 3.418391 3.418391 3.370637 3.370637 3.348323 3.348323 3.354004 3.354004 3.376603 3.376603 3.404433 3.404433 3.404433 3.430105
2.779678 2.779678 2.783119 2.851104 2.870370 2.870370 2.886311 2.911885 2.911885 2.932627 2.932627 2.950695 2.959037 2.967010 2.974660 2.974660 3.044959 3.100504 3.157661 3.211619 3.260133 3.302205 3.337470 3.365846 3.387448 3.402528 3.411452 3.414767 3.413574 3.411116 3.411116 3.441631 3.495085 3.570075 3.556255 3.556255 3.455679 3.455679 3.388604 3.388604 3.385610 3.414357 3.414357 3.452361 3.452361 3.450436 3.450436 3.450436 3.417986 3.417986 3.392612 3.392612 3.387493 3.387493 3.399517 3.399517 3.419114 3.419114 3.419114 3.438447
2.779486 2.779486 2.784307 2.850993 2.870282 2.870282 2.886268 2.911889 2.911889 2.932636 2.932636 2.950698 2.959039 2.967011 2.974661 2.974661 3.060985 3.124851 3.189170 3.249345 3.303379 3.350443 3.390274 3.422859 3.448331 3.466918 3.478933 3.484829 3.485400 3.482513 3.482513 3.496253 3.522555 3.500391 3.424628 3.424628 3.290115 3.290115 3.279757 3.279757 3.304716 3.369582 3.369582 3.429934 3.429934 3.465936 3.465936 3.465936 3.452426 3.452426 3.430840 3.430840 3.418816 3.418816 3.420390 3.420390 3.430317 3.430317 3.430317 3.441675
2.779675 2.779675 2.783121 2.851104 2.870370 2.870370 2.886311 2.911885 2.911885 2.932627 2.932627 2.950695 2.959037 2.967010 2.974660 2.974660 3.085325 3.158430 3.229591 3.295064 3.353426 3.404221 3.447412 3.483129 3.511573 3.532983 3.547628 3.555847 3.558072 3.554413 3.554413 3.552888 3.541661 3.361005 3.230136 3.230136 3.136086 3.136086 3.196589 3.196589 3.241685 3.329374 3.329374 3.404418 3.404418 3.468716 3.468716 3.468716 3.474158 3.474158 3.461357 3.461357 3.446960 3.446960 3.439691 3.439691 3.439330 3.439330 3.439330 3.441397
2.780245 2.780245 2.779556 2.851439 2.870631 2.870631 2.886436 2.911871 2.911871 2.932602 2.932602 2.950682 2.959028 2.967002 2.974653 2.974653 3.120301 3.203551 3.281150 3.350851 3.412165 3.465213 3.510314 3.547819 3.578055 3.601309 3.617836 3.627874 3.631274 3.624624 3.624624 3.599474 3.519660 3.140885 3.010393 3.010393 3.022362 3.022362 3.134468 3.134468 3.190435 3.291094 3.291094 3.376023 3.376023 3.461051 3.461051 3.461051 3.483175 3.483175 3.481554 3.481554 3.468824 3.468824 3.455303 3.455303 3.445024 3.445024 3.445024 3.437093
2.784027 2.784027 2.772933 2.851887 2.870990 2.870990 2.886596 2.911821 2.911821 2.932527 2.932527 2.950608 2.958951 2.966921 2.974563 2.974563 3.169384 3.263341 3.346579 3.419073 3.481632 3.535156 3.580439 3.618124 3.648709 3.672561 3.689956 3.700986 3.704045 3.685385 3.685385 3.602438 3.394996 2.885638 2.829354 2.829354 2.945664 2.945664 3.081968 3.081968 3.143030 3.251251 3.251251 3.343190 3.343190 3.443157 3.443157 3.443157 3.478710 3.478710 3.488318 3.488318 3.479956 3.479956 3.462984 3.462984 3.444039 3.444039 3.444039 3.426220
2.783003 2.783003 2.768544 2.852366 2.871433 2.871433 2.886825 2.911836 2.911836 2.932540 2.932540 2.950655 2.959009 2.966984 2.974628 2.974628 3.238442 3.342705 3.429866 3.502955 3.564444 3.616186 3.659537 3.695470 3.724673 3.747610 3.764590 3.775307 3.772807 3.707043 3.707043 3.481886 3.118577 2.682644 2.713578 2.713578 2.881815 2.881815 3.027065 3.027065 3.090694 3.204026 3.204026 3.301162 3.301162 3.411686 3.411686 3.411686 3.457307 3.457307 3.476581 3.476581 3.473557 3.473557 3.455376 3.455376 3.429555 3.429555 3.429555 3.402809
