simulation_files/asc/Velocity__y_163.0.asc
NCOLS        79
NROWS        79
XLLCENTER         -1.500000
YLLCENTER         -4.800000
CELLSIZE           0.100
NODATA_VALUE     -9999.0
[rows 0 to 26 of 79, columns 0 to 58 of 79]
-9999.000 -9999.000 -9999.000 -9999.000 -9999.000 -9999.000 -9999.000 -9999.000 -9999.000 -9999.000 -9999.000 -9999.000 -9999.000 -9999.000 -9999.000 -0.1046072 -0.1033662 -0.1033329 -0.1035090 -0.1038111 -0.1042066 -0.1046612 -0.1050878 -0.1055011 -0.1058844 -0.1062310 -0.1065870 -0.1071524 -0.1085189 -0.1096996 -0.1096996 -9999.000 -9999.000 -9999.000 -9999.000 -9999.000 -9999.000 -9999.000 -9999.000 -9999.000 -9999.000 -9999.000 -9999.000 -9999.000 -9999.000 -9999.000 -9999.000 -9999.000 -9999.000 -9999.000 -9999.000 -9999.000 -9999.000 -9999.000 -9999.000 -9999.000 -9999.000 -9999.000 -9999.000
-9999.000 -9999.000 -9999.000 -9999.000 -9999.000 -9999.000 -9999.000 -9999.000 -9999.000 -9999.000 -9999.000 -9999.000 -9999.000 -9999.000 -9999.000 -0.1021155 -0.9961791E-01 -0.9956401E-01 -0.9998167E-01 -0.1006937 -0.1016272 -0.1027048 -0.1037371 -0.1047496 -0.1057039 -0.1065822 -0.1074788 -0.1088106 -0.1118091 -0.1147290 -0.1147290 -9999.000 -9999.000 -9999.000 -9999.000 -9999.000 -9999.000 -9999.000 -9999.000 -9999.000 -9999.000 -9999.000 -9999.000 -9999.000 -9999.000 -9999.000 -9999.000 -9999.000 -9999.000 -9999.000 -9999.000 -9999.000 -9999.000 -9999.000 -9999.000 -9999.000 -9999.000 -9999.000 -9999.000
-9999.000 -9999.000 -9999.000 -9999.000 -9999.000 -9999.000 -9999.000 -9999.000 -9999.000 -9999.000 -9999.000 -9999.000 -9999.000 -9999.000 -9999.000 -0.9803054E-01 -0.9431721E-01 -0.9428690E-01 -0.9507193E-01 -0.9638555E-01 -0.9810390E-01 -0.1000929 -0.1020366 -0.1039655 -0.1058080 -0.1075266 -0.1092643 -0.1116806 -0.1167356 -0.1221564 -0.1221564 -9999.000 -9999.000 -9999.000 -9999.000 -9999.000 -9999.000 -9999.000 -9999.000 -9999.000 -9999.000 -9999.000 -9999.000 -9999.000 -9999.000 -9999.000 -9999.000 -9999.000 -9999.000 -9999.000 -9999.000 -9999.000 -9999.000 -9999.000 -9999.000 -9999.000 -9999.000 -9999.000 -9999.000
-9999.000 -9999.000 -9999.000 -9999.000 -9999.000 -9999.000 -9999.000 -9999.000 -9999.000 -9999.000 -9999.000 -9999.000 -9999.000 -9999.000 -9999.000 -0.9324436E-01 -0.8844375E-01 -0.8847552E-01 -0.8968912E-01 -0.9168553E-01 -0.9428719E-01 -0.9730047E-01 -0.1002745 -0.1032431 -0.1060961 -0.1087704 -0.1114561 -0.1150631 -0.1223193 -0.1307744 -0.1307744 -9999.000 -9999.000 -9999.000 -9999.000 -9999.000 -9999.000 -9999.000 -9999.000 -9999.000 -9999.000 -9999.000 -9999.000 -9999.000 -9999.000 -9999.000 -9999.000 -9999.000 -9999.000 -9999.000 -9999.000 -9999.000 -9999.000 -9999.000 -9999.000 -9999.000 -9999.000 -9999.000 -9999.000
-9999.000 -9999.000 -9999.000 -9999.000 -9999.000 -9999.000 -9999.000 -9999.000 -9999.000 -9999.000 -9999.000 -9999.000 -9999.000 -9999.000 -9999.000 -0.8798078E-01 -0.8218060E-01 -0.8229761E-01 -0.8397862E-01 -0.8671026E-01 -0.9025992E-01 -0.9437184E-01 -0.9845196E-01 -0.1025388 -0.1064796 -0.1101829 -0.1138877 -0.1187676 -0.1283696 -0.1404350 -0.1404350 -9999.000 -9999.000 -9999.000 -9999.000 -9999.000 -9999.000 -9999.000 -9999.000 -9999.000 -9999.000 -9999.000 -9999.000 -9999.000 -9999.000 -9999.000 -9999.000 -9999.000 -9999.000 -9999.000 -9999.000 -9999.000 -9999.000 -9999.000 -9999.000 -9999.000 -9999.000 -9999.000 -9999.000
-9999.000 -9999.000 -9999.000 -9999.000 -9999.000 -9999.000 -9999.000 -9999.000 -9999.000 -9999.000 -9999.000 -9999.000 -9999.000 -9999.000 -9999.000 -0.8233705E-01 -0.7560916E-01 -0.7582784E-01 -0.7800446E-01 -0.8150985E-01 -0.8605557E-01 -0.9132175E-01 -0.9656280E-01 -0.1018245 -0.1069094 -0.1116952 -0.1164728 -0.1226994 -0.1348025 -0.1511433 -0.1511433 -9999.000 -9999.000 -9999.000 -9999.000 -9999.000 -9999.000 -9999.000 -9999.000 -9999.000 -9999.000 -9999.000 -9999.000 -9999.000 -9999.000 -9999.000 -9999.000 -9999.000 -9999.000 -9999.000 -9999.000 -9999.000 -9999.000 -9999.000 -9999.000 -9999.000 -9999.000 -9999.000 -9999.000
-9999.000 -9999.000 -9999.000 -9999.000 -9999.000 -9999.000 -9999.000 -9999.000 -9999.000 -9999.000 -9999.000 -9999.000 -9999.000 -9999.000 -9999.000 -0.7634605E-01 -0.6875820E-01 -0.6909337E-01 -0.7178905E-01 -0.7610027E-01 -0.8168279E-01 -0.8815027E-01 -0.9459635E-01 -0.1010797 -0.1073541 -0.1132655 -0.1191626 -0.1268079 -0.1415861 -0.1630025 -0.1630025 -9999.000 -9999.000 -9999.000 -9999.000 -9999.000 -9999.000 -9999.000 -9999.000 -9999.000 -9999.000 -9999.000 -9999.000 -9999.000 -9999.000 -9999.000 -9999.000 -9999.000 -9999.000 -9999.000 -9999.000 -9999.000 -9999.000 -9999.000 -9999.000 -9999.000 -9999.000 -9999.000 -9999.000
-9999.000 -9999.000 -9999.000 -9999.000 -9999.000 -9999.000 -9999.000 -9999.000 -9999.000 -9999.000 -9999.000 -9999.000 -9999.000 -9999.000 -9999.000 -0.7000709E-01 -0.6162852E-01 -0.6209499E-01 -0.6533210E-01 -0.7047933E-01 -0.7713610E-01 -0.8484861E-01 -0.9253873E-01 -0.1002850 -0.1077889 -0.1148634 -0.1219223 -0.1310613 -0.1487140 -0.1761918 -0.1761918 -9999.000 -9999.000 -9999.000 -9999.000 -9999.000 -9999.000 -9999.000 -9999.000 -9999.000 -9999.000 -9999.000 -9999.000 -9999.000 -9999.000 -9999.000 -9999.000 -9999.000 -9999.000 -9999.000 -9999.000 -9999.000 -9999.000 -9999.000 -9999.000 -9999.000 -9999.000 -9999.000 -9999.000
-9999.000 -9999.000 -9999.000 -9999.000 -9999.000 -9999.000 -9999.000 -9999.000 -9999.000 -9999.000 -9999.000 -9999.000 -9999.000 -9999.000 -9999.000 -0.6330080E-01 -0.5420466E-01 -0.5481922E-01 -0.5862036E-01 -0.6463294E-01 -0.7240098E-01 -0.8140064E-01 -0.9037092E-01 -0.9941843E-01 -0.1081883 -0.1164598 -0.1247207 -0.1354338 -0.1561917 -0.1909685 -0.1909685 -9999.000 -9999.000 -9999.000 -9999.000 -9999.000 -9999.000 -9999.000 -9999.000 -9999.000 -9999.000 -9999.000 -9999.000 -9999.000 -9999.000 -9999.000 -9999.000 -9999.000 -9999.000 -9999.000 -9999.000 -9999.000 -9999.000 -9999.000 -9999.000 -9999.000 -9999.000 -9999.000 -9999.000
-9999.000 -9999.000 -9999.000 -9999.000 -9999.000 -9999.000 -9999.000 -9999.000 -9999.000 -9999.000 -9999.000 -9999.000 -9999.000 -9999.000 -9999.000 -0.5619533E-01 -0.4646001E-01 -0.4724118E-01 -0.5163015E-01 -0.5853795E-01 -0.6745464E-01 -0.7778387E-01 -0.8806774E-01 -0.9845258E-01 -0.1085222 -0.1180207 -0.1275218 -0.1398957 -0.1640280 -0.2076831 -0.2076831 -9999.000 -9999.000 -9999.000 -9999.000 -9999.000 -9999.000 -9999.000 -9999.000 -9999.000 -9999.000 -9999.000 -9999.000 -9999.000 -9999.000 -9999.000 -9999.000 -9999.000 -9999.000 -9999.000 -9999.000 -9999.000 -9999.000 -9999.000 -9999.000 -9999.000 -9999.000 -9999.000 -9999.000
-9999.000 -9999.000 -9999.000 -9999.000 -9999.000 -9999.000 -9999.000 -9999.000 -9999.000 -9999.000 -9999.000 -9999.000 -9999.000 -9999.000 -9999.000 -0.4864801E-01 -0.3835751E-01 -0.3932655E-01 -0.4432844E-01 -0.5216219E-01 -0.6226531E-01 -0.7396676E-01 -0.8559553E-01 -0.9735155E-01 -0.1087509 -0.1195019 -0.1302782 -0.1444077 -0.1722293 -0.2268137 -0.2268137 -9999.000 -9999.000 -9999.000 -9999.000 -9999.000 -9999.000 -9999.000 -9999.000 -9999.000 -9999.000 -9999.000 -9999.000 -9999.000 -9999.000 -9999.000 -9999.000 -9999.000 -9999.000 -9999.000 -9999.000 -9999.000 -9999.000 -9999.000 -9999.000 -9999.000 -9999.000 -9999.000 -9999.000
-9999.000 -9999.000 -9999.000 -9999.000 -9999.000 -9999.000 -9999.000 -9999.000 -9999.000 -9999.000 -9999.000 -9999.000 -9999.000 -9999.000 -9999.000 -0.4060367E-01 -0.2984827E-01 -0.3102918E-01 -0.3667072E-01 -0.4546200E-01 -0.5679062E-01 -0.6990644E-01 -0.8290809E-01 -0.9606572E-01 -0.1088202 -0.1208427 -0.1329244 -0.1489120 -0.1807922 -0.2490214 -0.2490214 -9999.000 -9999.000 -9999.000 -9999.000 -9999.000 -9999.000 -9999.000 -9999.000 -9999.000 -9999.000 -9999.000 -9999.000 -9999.000 -9999.000 -9999.000 -9999.000 -9999.000 -9999.000 -9999.000 -9999.000 -9999.000 -9999.000 -9999.000 -9999.000 -9999.000 -9999.000 -9999.000 -9999.000
-9999.000 -9999.000 -9999.000 -9999.000 -9999.000 -9999.000 -9999.000 -9999.000 -9999.000 -9999.000 -9999.000 -9999.000 -9999.000 -9999.000 -9999.000 -0.3199059E-01 -0.2086692E-01 -0.2228664E-01 -0.2859651E-01 -0.3837823E-01 -0.5097142E-01 -0.6554405E-01 -0.7994203E-01 -0.9452627E-01 -0.1086534 -0.1219558 -0.1353645 -0.1533195 -0.1896928 -0.2752438 -0.2752438 -9999.000 -9999.000 -9999.000 -9999.000 -9999.000 -9999.000 -9999.000 -9999.000 -9999.000 -9999.000 -9999.000 -9999.000 -9999.000 -9999.000 -9999.000 -9999.000 -9999.000 -9999.000 -9999.000 -9999.000 -9999.000 -9999.000 -9999.000 -9999.000 -9999.000 -9999.000 -9999.000 -9999.000
-9999.000 -9999.000 -9999.000 -9999.000 -9999.000 -9999.000 -9999.000 -9999.000 -9999.000 -9999.000 -9999.000 -9999.000 -9999.000 -9999.000 -9999.000 -0.2266289E-01 -0.1129745E-01 -0.1299766E-01 -0.2001696E-01 -0.3083102E-01 -0.4473329E-01 -0.6080564E-01 -0.7661614E-01 -0.9264283E-01 -0.1081465 -0.1227193 -0.1374597 -0.1574946 -0.1988730 -0.3068719 -0.3068719 -9999.000 -9999.000 -9999.000 -9999.000 -9999.000 -9999.000 -9999.000 -9999.000 -9999.000 -9999.000 -9999.000 -9999.000 -9999.000 -9999.000 -9999.000 -9999.000 -9999.000 -9999.000 -9999.000 -9999.000 -9999.000 -9999.000 -9999.000 -9999.000 -9999.000 -9999.000 -9999.000 -9999.000
-9999.000 -9999.000 -9999.000 -9999.000 -9999.000 -9999.000 -9999.000 -9999.000 -9999.000 -9999.000 -9999.000 -9999.000 -9999.000 -9999.000 -9999.000 -0.2193694E-02 0.1799527E-02 -0.3174014E-02 -0.1192121E-01 -0.2441854E-01 -0.3997733E-01 -0.5764480E-01 -0.7476415E-01 -0.9202805E-01 -0.1086334 -0.1241696 -0.1399552 -0.1618860 -0.2083959 -0.3438334 -0.3438334 -9999.000 -9999.000 -9999.000 -9999.000 -9999.000 -9999.000 -9999.000 -9999.000 -9999.000 -9999.000 -9999.000 -9999.000 -9999.000 -9999.000 -9999.000 -9999.000 -9999.000 -9999.000 -9999.000 -9999.000 -9999.000 -9999.000 -9999.000 -9999.000 -9999.000 -9999.000 -9999.000 -9999.000
-0.2990173E-02 -0.2990173E-02 -0.5979215E-02 -0.6152343E-02 -0.6156235E-02 -0.6156235E-02 -0.6149971E-02 -0.6129487E-02 -0.6129487E-02 -0.6101353E-02 -0.6101353E-02 -0.6066614E-02 -0.6047681E-02 -0.6028217E-02 -0.6008222E-02 -0.6008222E-02 0.8446864E-02 0.3363297E-02 -0.7915639E-02 -0.2491234E-01 -0.4673940E-01 -0.7217075E-01 -0.9934202E-01 -0.1271155 -0.1543313 -0.1800002 -0.2038955 -0.2279777 -0.2603709 -0.3409935 -0.3409935 -0.1853562 -0.9745469E-01 -0.3229126E-01 -0.2394955E-01 -0.2394955E-01 -0.1755782E-01 -0.1755782E-01 -0.5554105E-02 -0.5554105E-02 0.4771469E-02 0.2452943E-01 0.2452943E-01 -0.3778176E-02 -0.3778176E-02 -0.3088835E-02 -0.3088835E-02 -0.3088835E-02 0.1360830E-02 0.1360830E-02 0.2043163E-02 0.2043163E-02 0.9922275E-03 0.9922275E-03 -0.3542286E-03 -0.3542286E-03 -0.1593938E-02 -0.1593938E-02 -0.1593938E-02
-0.4595282E-02 -0.4595282E-02 -0.8873887E-02 -0.8733812E-02 -0.8671436E-02 -0.8671436E-02 -0.8639691E-02 -0.8617739E-02 -0.8617739E-02 -0.8600922E-02 -0.8600922E-02 -0.8574151E-02 -0.8557721E-02 -0.8540306E-02 -0.8522076E-02 -0.8522076E-02 0.5513122E-02 0.2252313E-03 -0.1417140E-01 -0.3698834E-01 -0.6707145E-01 -0.1029651 -0.1432485 -0.1859774 -0.2294215 -0.2719401 -0.3118815 -0.3475304 -0.3769839 -0.3998342 -0.3998342 -0.2679758 -0.1758600 -0.8957054E-01 -0.7269780E-01 -0.7269780E-01 -0.4969170E-01 -0.4969170E-01 -0.8627275E-02 -0.8627275E-02 0.2233157E-01 0.8010172E-01 0.8010172E-01 0.4883858E-01 0.4883858E-01 0.1095849E-01 0.1095849E-01 0.1095849E-01 0.7058121E-02 0.7058121E-02 0.3594444E-02 0.3594444E-02 -0.2954112E-03 -0.2954112E-03 -0.3785466E-02 -0.3785466E-02 -0.6492191E-02 -0.6492191E-02 -0.6492191E-02
-0.3793650E-02 -0.3793650E-02 -0.7285013E-02 -0.7402103E-02 -0.7318592E-02 -0.7318592E-02 -0.7277408E-02 -0.7270849E-02 -0.7270849E-02 -0.7283507E-02 -0.7283507E-02 -0.7284921E-02 -0.7281846E-02 -0.7277388E-02 -0.7271996E-02 -0.7271996E-02 0.1166922E-02 -0.5025317E-02 -0.2036523E-01 -0.4447382E-01 -0.7641633E-01 -0.1150444 -0.1592536 -0.2075869 -0.2585716 -0.3107033 -0.3623173 -0.4114061 -0.4552382 -0.4865760 -0.4865760 -0.3996892 -0.3189372 -0.2090494 -0.1734824 -0.1734824 -0.1077242 -0.1077242 -0.1011400E-01 -0.1011400E-01 0.5152591E-01 0.1571941 0.1571941 0.1560713 0.1560713 0.5261001E-01 0.5261001E-01 0.5261001E-01 0.2143206E-01 0.2143206E-01 0.4902691E-02 0.4902691E-02 -0.5465757E-02 -0.5465757E-02 -0.1246726E-01 -0.1246726E-01 -0.1680272E-01 -0.1680272E-01 -0.1680272E-01
-0.3000059E-02 -0.3000059E-02 -0.5738324E-02 -0.5977944E-02 -0.5881050E-02 -0.5881050E-02 -0.5827553E-02 -0.5813240E-02 -0.5813240E-02 -0.5827686E-02 -0.5827686E-02 -0.5831215E-02 -0.5829121E-02 -0.5825993E-02 -0.5822073E-02 -0.5822073E-02 -0.3482778E-02 -0.1193589E-01 -0.2911363E-01 -0.5473844E-01 -0.8800554E-01 -0.1279430 -0.1736316 -0.2239852 -0.2778734 -0.3341283 -0.3914256 -0.4480457 -0.5013688 -0.5441346 -0.5441346 -0.5011641 -0.4425361 -0.3335111 -0.2836766 -0.2836766 -0.1651942 -0.1651942 0.6242520E-03 0.6242520E-03 0.8819046E-01 0.2191175 0.2191175 0.2391301 0.2391301 0.1041647 0.1041647 0.1041647 0.4229468E-01 0.4229468E-01 0.7658157E-02 0.7658157E-02 -0.1212411E-01 -0.1212411E-01 -0.2372857E-01 -0.2372857E-01 -0.2972244E-01 -0.2972244E-01 -0.2972244E-01
-0.2226506E-02 -0.2226506E-02 -0.4251176E-02 -0.4518978E-02 -0.4428001E-02 -0.4428001E-02 -0.4374152E-02 -0.4356675E-02 -0.4356675E-02 -0.4370142E-02 -0.4370142E-02 -0.4373937E-02 -0.4372378E-02 -0.4369944E-02 -0.4366989E-02 -0.4366989E-02 -0.8559719E-02 -0.2059838E-01 -0.4086624E-01 -0.6898507E-01 -0.1042010 -0.1456642 -0.1925834 -0.2441090 -0.2993575 -0.3574179 -0.4172722 -0.4775812 -0.5361838 -0.5869830 -0.5869830 -0.5777925 -0.5425929 -0.4436960 -0.3793827 -0.3793827 -0.1969100 -0.1969100 0.2804657E-01 0.2804657E-01 0.1259975 0.2549590 0.2549590 0.2838979 0.2838979 0.1520232 0.1520232 0.1520232 0.6727249E-01 0.6727249E-01 0.1391349E-01 0.1391349E-01 -0.1716112E-01 -0.1716112E-01 -0.3450287E-01 -0.3450287E-01 -0.4252358E-01 -0.4252358E-01 -0.4252358E-01
-0.1472001E-02 -0.1472001E-02 -0.2808999E-02 -0.3030807E-02 -0.2961133E-02 -0.2961133E-02 -0.2918025E-02 -0.2902751E-02 -0.2902751E-02 -0.2913133E-02 -0.2913133E-02 -0.2916265E-02 -0.2915265E-02 -0.2913555E-02 -0.2911486E-02 -0.2911486E-02 -0.1448280E-01 -0.3141140E-01 -0.5611002E-01 -0.8789261E-01 -0.1259551 -0.1695254 -0.2179342 -0.2705327 -0.3266598 -0.3856269 -0.4466591 -0.5087300 -0.5701347 -0.6260572 -0.6260572 -0.6403685 -0.6248646 -0.5292009 -0.4408612 -0.4408612 -0.1862902 -0.1862902 0.6264385E-01 0.6264385E-01 0.1529138 0.2630469 0.2630469 0.2947734 0.2947734 0.1875383 0.1875383 0.1875383 0.9290922E-01 0.9290922E-01 0.2399219E-01 0.2399219E-01 -0.1896903E-01 -0.1896903E-01 -0.4305508E-01 -0.4305508E-01 -0.5365581E-01 -0.5365581E-01 -0.5365581E-01
-0.7321538E-03 -0.7321538E-03 -0.1396973E-02 -0.1521013E-02 -0.1483332E-02 -0.1483332E-02 -0.1459626E-02 -0.1450832E-02 -0.1450832E-02 -0.1456396E-02 -0.1456396E-02 -0.1458236E-02 -0.1457831E-02 -0.1456843E-02 -0.1455826E-02 -0.1455826E-02 -0.2190327E-01 -0.4511195E-01 -0.7567050E-01 -0.1124066 -0.1543604 -0.2007835 -0.2511171 -0.3049030 -0.3617118 -0.4210950 -0.4825234 -0.5452558 -0.6079805 -0.6669059 -0.6669059 -0.6964647 -0.6940702 -0.5762487 -0.4473967 -0.4473967 -0.1387616 -0.1387616 0.8792816E-01 0.8792816E-01 0.1603829 0.2486928 0.2486928 0.2816404 0.2816404 0.2065448 0.2065448 0.2065448 0.1149548 0.1149548 0.3664251E-01 0.3664251E-01 -0.1704060E-01 -0.1704060E-01 -0.4831390E-01 -0.4831390E-01 -0.6200059E-01 -0.6200059E-01 -0.6200059E-01
-0.5926134E-07 -0.5926134E-07 -0.4041734E-07 -0.8314172E-08 -0.5141874E-08 -0.5141874E-08 -0.1098254E-06 -0.2012477E-06 -0.2012477E-06 0.2682332E-08 0.2682332E-08 -0.3488890E-07 -0.1106008E-06 -0.2164193E-07 0.2084822E-07 0.2084822E-07 -0.3177517E-01 -0.6288220E-01 -0.1008624 -0.1439310 -0.1908945 -0.2409891 -0.2937581 -0.3489302 -0.4063159 -0.4657309 -0.5269215 -0.5894436 -0.6523303 -0.7123705 -0.7123705 -0.7497970 -0.7493753 -0.5622421 -0.3875248 -0.3875248 -0.8139582E-01 -0.8139582E-01 0.9408748E-01 0.9408748E-01 0.1488064 0.2201726 0.2201726 0.2539971 0.2539971 0.2089147 0.2089147 0.2089147 0.1295325 0.1295325 0.4943950E-01 0.4943950E-01 -0.1184160E-01 -0.1184160E-01 -0.4971904E-01 -0.4971904E-01 -0.6666707E-01 -0.6666707E-01 -0.6666707E-01
0.7320667E-03 0.7320667E-03 0.1396885E-02 0.1520938E-02 0.1483359E-02 0.1483359E-02 0.1459511E-02 0.1450600E-02 0.1450600E-02 0.1456417E-02 0.1456417E-02 0.1458163E-02 0.1457838E-02 0.1456905E-02 0.1455856E-02 0.1455856E-02 -0.4553345E-01 -0.8655573E-01 -0.1337126 -0.1845530 -0.2376356 -0.2921869 -0.3478700 -0.4046120 -0.4624738 -0.5215504 -0.5818858 -0.6433487 -0.7052198 -0.7639568 -0.7639568 -0.7995618 -0.7781929 -0.4710164 -0.2822613 -0.2822613 -0.4075482E-01 -0.4075482E-01 0.8321974E-01 0.8321974E-01 0.1250923 0.1849617 0.1849617 0.2187559 0.2187559 0.1971338 0.1971338 0.1971338 0.1342345 0.1342345 0.5951957E-01 0.5951957E-01 -0.4645133E-02 -0.4645133E-02 -0.4722983E-01 -0.4722983E-01 -0.6701151E-01 -0.6701151E-01 -0.6701151E-01
0.1471961E-02 0.1471961E-02 0.2808991E-02 0.3030696E-02 0.2961027E-02 0.2961027E-02 0.2917915E-02 0.2902614E-02 0.2902614E-02 0.2913039E-02 0.2913039E-02 0.2916256E-02 0.2915402E-02 0.2913714E-02 0.2911452E-02 0.2911452E-02 -0.6544658E-01 -0.1189983 -0.1773278 -0.2373814 -0.2975639 -0.3571783 -0.4160742 -0.4744197 -0.5325478 -0.5908442 -0.6496594 -0.7091592 -0.7685347 -0.8212668 -0.8212668 -0.8347127 -0.7450897 -0.3287719 -0.1801632 -0.1801632 -0.2378124E-01 -0.2378124E-01 0.6359092E-01 0.6359092E-01 0.9695531E-01 0.1480845 0.1480845 0.1802462 0.1802462 0.1747094 0.1747094 0.1747094 0.1285616 0.1285616 0.6445548E-01 0.6445548E-01 0.2822887E-02 0.2822887E-02 -0.4130182E-01 -0.4130182E-01 -0.6270954E-01 -0.6270954E-01 -0.6270954E-01
0.2226449E-02 0.2226449E-02 0.4251169E-02 0.4519117E-02 0.4427913E-02 0.4427913E-02 0.4374040E-02 0.4356694E-02 0.4356694E-02 0.4369958E-02 0.4369958E-02 0.4373955E-02 0.4372620E-02 0.4370057E-02 0.4366948E-02 0.4366948E-02 -0.9531748E-01 -0.1648229 -0.2365385 -0.3070998 -0.3750316 -0.4399180 -0.5019345 -0.5615746 -0.6194855 -0.6763579 -0.7328471 -0.7893180 -0.8435839 -0.8769260 -0.8769260 -0.8161176 -0.6011022 -0.1997688 -0.1142126 -0.1142126 -0.2141039E-01 -0.2141039E-01 0.4247777E-01 0.4247777E-01 0.6948036E-01 0.1122131 0.1122131 0.1409756 0.1409756 0.1450905 0.1450905 0.1450905 0.1136458 0.1136458 0.6293952E-01 0.6293952E-01 0.8871248E-02 0.8871248E-02 -0.3277199E-01 -0.3277199E-01 -0.5383333E-01 -0.5383333E-01 -0.5383333E-01
0.3000027E-02 0.3000027E-02 0.5738354E-02 0.5978097E-02 0.5881010E-02 0.5881010E-02 0.5827452E-02 0.5813210E-02 0.5813210E-02 0.5827681E-02 0.5827681E-02 0.5831254E-02 0.5829335E-02 0.5826035E-02 0.5822008E-02 0.5822008E-02 -0.1419647 -0.2317962 -0.3190983 -0.4009551 -0.4765716 -0.5461828 -0.6105167 -0.6705221 -0.7272214 -0.7816288 -0.8346940 -0.8865662 -0.9281598 -0.8955450 -0.8955450 -0.6661023 -0.3653105 -0.1212900 -0.8151001E-01 -0.8151001E-01 -0.2289691E-01 -0.2289691E-01 0.2389033E-01 0.2389033E-01 0.4515111E-01 0.7864065E-01 0.7864065E-01 0.1024942 0.1024942 0.1112521 0.1112521 0.1112521 0.9162208E-01 0.9162208E-01 0.5502361E-01 0.5502361E-01 0.1234814E-01 0.1234814E-01 -0.2264770E-01 -0.2264770E-01 -0.4091166E-01 -0.4091166E-01 -0.4091166E-01
