simulation_files/asc/Velocity__y_286.0.asc
NCOLS        79
NROWS        79
XLLCENTER         -1.500000
YLLCENTER         -4.800000
CELLSIZE           0.100
NODATA_VALUE     -9999.0
[rows 0 to 26 of 79, columns 0 to 58 of 79]
-9999.000 -9999.000 -9999.000 -9999.000 -9999.000 -9999.000 -9999.000 -9999.000 -9999.000 -9999.000 -9999.000 -9999.000 -9999.000 -9999.000 -9999.000 -0.9426747E-01 -0.9177528E-01 -0.9098255E-01 -0.9105320E-01 -0.9155966E-01 -0.9219501E-01 -0.9286325E-01 -0.9350798E-01 -0.9406823E-01 -0.9457417E-01 -0.9502470E-01 -0.9545991E-01 -0.9607034E-01 -0.9746348E-01 -0.9881872E-01 -0.9881872E-01 -9999.000 -9999.000 -9999.000 -9999.000 -9999.000 -9999.000 -9999.000 -9999.000 -9999.000 -9999.000 -9999.000 -9999.000 -9999.000 -9999.000 -9999.000 -9999.000 -9999.000 -9999.000 -9999.000 -9999.000 -9999.000 -9999.000 -9999.000 -9999.000 -9999.000 -9999.000 -9999.000 -9999.000
-9999.000 -9999.000 -9999.000 -9999.000 -9999.000 -9999.000 -9999.000 -9999.000 -9999.000 -9999.000 -9999.000 -9999.000 -9999.000 -9999.000 -9999.000 -0.9367322E-01 -0.8849981E-01 -0.8681994E-01 -0.8700313E-01 -0.8815106E-01 -0.8960905E-01 -0.9116433E-01 -0.9268880E-01 -0.9404430E-01 -0.9528885E-01 -0.9641381E-01 -0.9749943E-01 -0.9894213E-01 -0.1020094 -0.1052931 -0.1052931 -9999.000 -9999.000 -9999.000 -9999.000 -9999.000 -9999.000 -9999.000 -9999.000 -9999.000 -9999.000 -9999.000 -9999.000 -9999.000 -9999.000 -9999.000 -9999.000 -9999.000 -9999.000 -9999.000 -9999.000 -9999.000 -9999.000 -9999.000 -9999.000 -9999.000 -9999.000 -9999.000 -9999.000
-9999.000 -9999.000 -9999.000 -9999.000 -9999.000 -9999.000 -9999.000 -9999.000 -9999.000 -9999.000 -9999.000 -9999.000 -9999.000 -9999.000 -9999.000 -0.9184376E-01 -0.8381344E-01 -0.8114374E-01 -0.8153100E-01 -0.8354105E-01 -0.8611461E-01 -0.8889592E-01 -0.9166253E-01 -0.9417665E-01 -0.9651881E-01 -0.9866175E-01 -0.1007233 -0.1033285 -0.1084947 -0.1144762 -0.1144762 -9999.000 -9999.000 -9999.000 -9999.000 -9999.000 -9999.000 -9999.000 -9999.000 -9999.000 -9999.000 -9999.000 -9999.000 -9999.000 -9999.000 -9999.000 -9999.000 -9999.000 -9999.000 -9999.000 -9999.000 -9999.000 -9999.000 -9999.000 -9999.000 -9999.000 -9999.000 -9999.000 -9999.000
-9999.000 -9999.000 -9999.000 -9999.000 -9999.000 -9999.000 -9999.000 -9999.000 -9999.000 -9999.000 -9999.000 -9999.000 -9999.000 -9999.000 -9999.000 -0.8940235E-01 -0.7858263E-01 -0.7494055E-01 -0.7558986E-01 -0.7854506E-01 -0.8233088E-01 -0.8644658E-01 -0.9057090E-01 -0.9435996E-01 -0.9791601E-01 -0.1011871 -0.1043260 -0.1081930 -0.1155942 -0.1247834 -0.1247834 -9999.000 -9999.000 -9999.000 -9999.000 -9999.000 -9999.000 -9999.000 -9999.000 -9999.000 -9999.000 -9999.000 -9999.000 -9999.000 -9999.000 -9999.000 -9999.000 -9999.000 -9999.000 -9999.000 -9999.000 -9999.000 -9999.000 -9999.000 -9999.000 -9999.000 -9999.000 -9999.000 -9999.000
-9999.000 -9999.000 -9999.000 -9999.000 -9999.000 -9999.000 -9999.000 -9999.000 -9999.000 -9999.000 -9999.000 -9999.000 -9999.000 -9999.000 -9999.000 -0.8657703E-01 -0.7299341E-01 -0.6838050E-01 -0.6932853E-01 -0.7328416E-01 -0.7834401E-01 -0.8386257E-01 -0.8941608E-01 -0.9454932E-01 -0.9938964E-01 -0.1038557 -0.1081358 -0.1133402 -0.1231127 -0.1360625 -0.1360625 -9999.000 -9999.000 -9999.000 -9999.000 -9999.000 -9999.000 -9999.000 -9999.000 -9999.000 -9999.000 -9999.000 -9999.000 -9999.000 -9999.000 -9999.000 -9999.000 -9999.000 -9999.000 -9999.000 -9999.000 -9999.000 -9999.000 -9999.000 -9999.000 -9999.000 -9999.000 -9999.000 -9999.000
-9999.000 -9999.000 -9999.000 -9999.000 -9999.000 -9999.000 -9999.000 -9999.000 -9999.000 -9999.000 -9999.000 -9999.000 -9999.000 -9999.000 -9999.000 -0.8344429E-01 -0.6711577E-01 -0.6153115E-01 -0.6280810E-01 -0.6780791E-01 -0.7418822E-01 -0.8115967E-01 -0.8819368E-01 -0.9471888E-01 -0.1008936 -0.1066023 -0.1120720 -0.1186806 -0.1309730 -0.1483282 -0.1483282 -9999.000 -9999.000 -9999.000 -9999.000 -9999.000 -9999.000 -9999.000 -9999.000 -9999.000 -9999.000 -9999.000 -9999.000 -9999.000 -9999.000 -9999.000 -9999.000 -9999.000 -9999.000 -9999.000 -9999.000 -9999.000 -9999.000 -9999.000 -9999.000 -9999.000 -9999.000 -9999.000 -9999.000
-9999.000 -9999.000 -9999.000 -9999.000 -9999.000 -9999.000 -9999.000 -9999.000 -9999.000 -9999.000 -9999.000 -9999.000 -9999.000 -9999.000 -9999.000 -0.8001139E-01 -0.6096489E-01 -0.5441120E-01 -0.5604729E-01 -0.6213265E-01 -0.6987292E-01 -0.7833955E-01 -0.8689654E-01 -0.9485040E-01 -0.1024001 -0.1093897 -0.1160905 -0.1241698 -0.1391508 -0.1616950 -0.1616950 -9999.000 -9999.000 -9999.000 -9999.000 -9999.000 -9999.000 -9999.000 -9999.000 -9999.000 -9999.000 -9999.000 -9999.000 -9999.000 -9999.000 -9999.000 -9999.000 -9999.000 -9999.000 -9999.000 -9999.000 -9999.000 -9999.000 -9999.000 -9999.000 -9999.000 -9999.000 -9999.000 -9999.000
-9999.000 -9999.000 -9999.000 -9999.000 -9999.000 -9999.000 -9999.000 -9999.000 -9999.000 -9999.000 -9999.000 -9999.000 -9999.000 -9999.000 -9999.000 -0.7625119E-01 -0.5452896E-01 -0.4701475E-01 -0.4904435E-01 -0.5625699E-01 -0.6539495E-01 -0.7539552E-01 -0.8551332E-01 -0.9492724E-01 -0.1038878 -0.1121923 -0.1201617 -0.1297814 -0.1476462 -0.1763524 -0.1763524 -9999.000 -9999.000 -9999.000 -9999.000 -9999.000 -9999.000 -9999.000 -9999.000 -9999.000 -9999.000 -9999.000 -9999.000 -9999.000 -9999.000 -9999.000 -9999.000 -9999.000 -9999.000 -9999.000 -9999.000 -9999.000 -9999.000 -9999.000 -9999.000 -9999.000 -9999.000 -9999.000 -9999.000
-9999.000 -9999.000 -9999.000 -9999.000 -9999.000 -9999.000 -9999.000 -9999.000 -9999.000 -9999.000 -9999.000 -9999.000 -9999.000 -9999.000 -9999.000 -0.7211681E-01 -0.4778133E-01 -0.3932264E-01 -0.4178551E-01 -0.5017022E-01 -0.6074281E-01 -0.7231485E-01 -0.8402918E-01 -0.9492987E-01 -0.1053343 -0.1149839 -0.1242579 -0.1354933 -0.1564696 -0.1925651 -0.1925651 -9999.000 -9999.000 -9999.000 -9999.000 -9999.000 -9999.000 -9999.000 -9999.000 -9999.000 -9999.000 -9999.000 -9999.000 -9999.000 -9999.000 -9999.000 -9999.000 -9999.000 -9999.000 -9999.000 -9999.000 -9999.000 -9999.000 -9999.000 -9999.000 -9999.000 -9999.000 -9999.000 -9999.000
-9999.000 -9999.000 -9999.000 -9999.000 -9999.000 -9999.000 -9999.000 -9999.000 -9999.000 -9999.000 -9999.000 -9999.000 -9999.000 -9999.000 -9999.000 -0.6754764E-01 -0.4068450E-01 -0.3130572E-01 -0.3424889E-01 -0.4385431E-01 -0.5589873E-01 -0.6907928E-01 -0.8242332E-01 -0.9483360E-01 -0.1067120 -0.1177331 -0.1283458 -0.1412789 -0.1656336 -0.2106893 -0.2106893 -9999.000 -9999.000 -9999.000 -9999.000 -9999.000 -9999.000 -9999.000 -9999.000 -9999.000 -9999.000 -9999.000 -9999.000 -9999.000 -9999.000 -9999.000 -9999.000 -9999.000 -9999.000 -9999.000 -9999.000 -9999.000 -9999.000 -9999.000 -9999.000 -9999.000 -9999.000 -9999.000 -9999.000
-9999.000 -9999.000 -9999.000 -9999.000 -9999.000 -9999.000 -9999.000 -9999.000 -9999.000 -9999.000 -9999.000 -9999.000 -9999.000 -9999.000 -9999.000 -0.6246942E-01 -0.3319044E-01 -0.2292574E-01 -0.2640454E-01 -0.3728347E-01 -0.5083724E-01 -0.6566234E-01 -0.8066747E-01 -0.9460486E-01 -0.1079846 -0.1203992 -0.1323806 -0.1471010 -0.1751474 -0.2312060 -0.2312060 -9999.000 -9999.000 -9999.000 -9999.000 -9999.000 -9999.000 -9999.000 -9999.000 -9999.000 -9999.000 -9999.000 -9999.000 -9999.000 -9999.000 -9999.000 -9999.000 -9999.000 -9999.000 -9999.000 -9999.000 -9999.000 -9999.000 -9999.000 -9999.000 -9999.000 -9999.000 -9999.000 -9999.000
-9999.000 -9999.000 -9999.000 -9999.000 -9999.000 -9999.000 -9999.000 -9999.000 -9999.000 -9999.000 -9999.000 -9999.000 -9999.000 -9999.000 -9999.000 -0.5679272E-01 -0.2523845E-01 -0.1413240E-01 -0.1821114E-01 -0.3042204E-01 -0.4552294E-01 -0.6202772E-01 -0.7872256E-01 -0.9419773E-01 -0.1091017 -0.1229246 -0.1362996 -0.1529039 -0.1850105 -0.2547748 -0.2547748 -9999.000 -9999.000 -9999.000 -9999.000 -9999.000 -9999.000 -9999.000 -9999.000 -9999.000 -9999.000 -9999.000 -9999.000 -9999.000 -9999.000 -9999.000 -9999.000 -9999.000 -9999.000 -9999.000 -9999.000 -9999.000 -9999.000 -9999.000 -9999.000 -9999.000 -9999.000 -9999.000 -9999.000
-9999.000 -9999.000 -9999.000 -9999.000 -9999.000 -9999.000 -9999.000 -9999.000 -9999.000 -9999.000 -9999.000 -9999.000 -9999.000 -9999.000 -9999.000 -0.5040571E-01 -0.1674968E-01 -0.4858510E-02 -0.9613050E-02 -0.2322043E-01 -0.3990673E-01 -0.5812506E-01 -0.7653344E-01 -0.9354844E-01 -0.1099921 -0.1252274 -0.1400113 -0.1586014 -0.1952024 -0.2823261 -0.2823261 -9999.000 -9999.000 -9999.000 -9999.000 -9999.000 -9999.000 -9999.000 -9999.000 -9999.000 -9999.000 -9999.000 -9999.000 -9999.000 -9999.000 -9999.000 -9999.000 -9999.000 -9999.000 -9999.000 -9999.000 -9999.000 -9999.000 -9999.000 -9999.000 -9999.000 -9999.000 -9999.000 -9999.000
-9999.000 -9999.000 -9999.000 -9999.000 -9999.000 -9999.000 -9999.000 -9999.000 -9999.000 -9999.000 -9999.000 -9999.000 -9999.000 -9999.000 -9999.000 -0.4282757E-01 -0.7391082E-02 0.5070573E-02 -0.5709099E-03 -0.1567126E-01 -0.3398920E-01 -0.5395289E-01 -0.7408732E-01 -0.9262352E-01 -0.1106038 -0.1272305 -0.1434152 -0.1640912 -0.2056951 -0.3152584 -0.3152584 -9999.000 -9999.000 -9999.000 -9999.000 -9999.000 -9999.000 -9999.000 -9999.000 -9999.000 -9999.000 -9999.000 -9999.000 -9999.000 -9999.000 -9999.000 -9999.000 -9999.000 -9999.000 -9999.000 -9999.000 -9999.000 -9999.000 -9999.000 -9999.000 -9999.000 -9999.000 -9999.000 -9999.000
-9999.000 -9999.000 -9999.000 -9999.000 -9999.000 -9999.000 -9999.000 -9999.000 -9999.000 -9999.000 -9999.000 -9999.000 -9999.000 -9999.000 -9999.000 -0.2396707E-02 0.1308380E-01 0.1417537E-01 0.1857458E-02 -0.1503602E-01 -0.3405514E-01 -0.5476508E-01 -0.7563013E-01 -0.9474701E-01 -0.1134571 -0.1307584 -0.1477493 -0.1700979 -0.2166657 -0.3533837 -0.3533837 -9999.000 -9999.000 -9999.000 -9999.000 -9999.000 -9999.000 -9999.000 -9999.000 -9999.000 -9999.000 -9999.000 -9999.000 -9999.000 -9999.000 -9999.000 -9999.000 -9999.000 -9999.000 -9999.000 -9999.000 -9999.000 -9999.000 -9999.000 -9999.000 -9999.000 -9999.000 -9999.000 -9999.000
-0.4219575E-02 -0.4219575E-02 -0.5485197E-02 -0.6963477E-02 -0.6544806E-02 -0.6544806E-02 -0.6406121E-02 -0.6344064E-02 -0.6344064E-02 -0.6326288E-02 -0.6326288E-02 -0.6304000E-02 -0.6290587E-02 -0.6276099E-02 -0.6263982E-02 -0.6263982E-02 0.2551195E-01 0.2010622E-01 0.5010596E-02 -0.1616712E-01 -0.4173047E-01 -0.7056346E-01 -0.1012004 -0.1319050 -0.1618594 -0.1900358 -0.2160778 -0.2417529 -0.2752044 -0.3552736 -0.3552736 -0.1964237 -0.1051818 -0.3607808E-01 -0.2689034E-01 -0.2689034E-01 -0.1984189E-01 -0.1984189E-01 -0.7075853E-02 -0.7075853E-02 0.4122731E-02 0.2715485E-01 0.2715485E-01 0.6976234E-02 0.6976234E-02 -0.3610092E-02 -0.3610092E-02 -0.3610092E-02 0.3989389E-03 0.3989389E-03 0.1094669E-02 0.1094669E-02 0.1596507E-03 0.1596507E-03 -0.1130632E-02 -0.1130632E-02 -0.2371115E-02 -0.2371115E-02 -0.2371115E-02
-0.6303911E-02 -0.6303911E-02 -0.7844782E-02 -0.1010689E-01 -0.9301661E-02 -0.9301661E-02 -0.9001981E-02 -0.8899447E-02 -0.8899447E-02 -0.8906906E-02 -0.8906906E-02 -0.8903353E-02 -0.8896956E-02 -0.8888754E-02 -0.8895285E-02 -0.8895285E-02 0.2079947E-01 0.1587486E-01 0.1893397E-03 -0.2555542E-01 -0.5950852E-01 -0.9959335E-01 -0.1440104 -0.1910567 -0.2386283 -0.2850994 -0.3287876 -0.3679011 -0.4003962 -0.4243849 -0.4243849 -0.2872073 -0.1904920 -0.9859994E-01 -0.8032882E-01 -0.8032882E-01 -0.5582863E-01 -0.5582863E-01 -0.1245251E-01 -0.1245251E-01 0.2091947E-01 0.8640198E-01 0.8640198E-01 0.6892052E-01 0.6892052E-01 0.1376976E-01 0.1376976E-01 0.1376976E-01 0.6704357E-02 0.6704357E-02 0.2174284E-02 0.2174284E-02 -0.2008641E-02 -0.2008641E-02 -0.5642907E-02 -0.5642907E-02 -0.8438324E-02 -0.8438324E-02 -0.8438324E-02
-0.4680710E-02 -0.4680710E-02 -0.6195304E-02 -0.8693825E-02 -0.8005885E-02 -0.8005885E-02 -0.7622190E-02 -0.7474700E-02 -0.7474700E-02 -0.7520015E-02 -0.7520015E-02 -0.7554718E-02 -0.7564958E-02 -0.7572681E-02 -0.7618106E-02 -0.7618106E-02 0.1280880E-01 0.7817875E-02 -0.8026530E-02 -0.3415751E-01 -0.6923317E-01 -0.1116030 -0.1597566 -0.2123034 -0.2675369 -0.3239036 -0.3797191 -0.4329310 -0.4806409 -0.5156983 -0.5156983 -0.4259027 -0.3417062 -0.2262060 -0.1887180 -0.1887180 -0.1198863 -0.1198863 -0.1687682E-01 -0.1687682E-01 0.4947577E-01 0.1671109 0.1671109 0.1800962 0.1800962 0.6288752E-01 0.6288752E-01 0.6288752E-01 0.2409272E-01 0.2409272E-01 0.4018634E-02 0.4018634E-02 -0.7862407E-02 -0.7862407E-02 -0.1558358E-01 -0.1558358E-01 -0.2024441E-01 -0.2024441E-01 -0.2024441E-01
-0.2760784E-02 -0.2760784E-02 -0.4739392E-02 -0.7270452E-02 -0.6581713E-02 -0.6581713E-02 -0.6134965E-02 -0.5934204E-02 -0.5934204E-02 -0.5994635E-02 -0.5994635E-02 -0.6046360E-02 -0.6061163E-02 -0.6071341E-02 -0.6146097E-02 -0.6146097E-02 0.4630075E-02 -0.2370371E-02 -0.1957395E-01 -0.4654910E-01 -0.8228717E-01 -0.1254784 -0.1748389 -0.2292019 -0.2872536 -0.3477344 -0.4092888 -0.4701804 -0.5276912 -0.5747570 -0.5747570 -0.5317436 -0.4713408 -0.3579779 -0.3061911 -0.3061911 -0.1829348 -0.1829348 -0.7199111E-02 -0.7199111E-02 0.8740516E-01 0.2322035 0.2322035 0.2640174 0.2640174 0.1209418 0.1209418 0.1209418 0.4884815E-01 0.4884815E-01 0.8131008E-02 0.8131008E-02 -0.1472127E-01 -0.1472127E-01 -0.2783482E-01 -0.2783482E-01 -0.3450998E-01 -0.3450998E-01 -0.3450998E-01
-0.1565268E-02 -0.1565268E-02 -0.2709959E-02 -0.5810766E-02 -0.5097652E-02 -0.5097652E-02 -0.4638469E-02 -0.4415056E-02 -0.4415056E-02 -0.4482507E-02 -0.4482507E-02 -0.4544083E-02 -0.4559966E-02 -0.4568400E-02 -0.4674918E-02 -0.4674918E-02 -0.3700666E-02 -0.1448747E-01 -0.3455837E-01 -0.6354588E-01 -0.1006608 -0.1448769 -0.1951331 -0.2504364 -0.3097310 -0.3719774 -0.4360893 -0.5006986 -0.5635841 -0.6188367 -0.6188367 -0.6114048 -0.5760013 -0.4745401 -0.4083658 -0.4083658 -0.2181999 -0.2181999 0.2201960E-01 0.2201960E-01 0.1282745 0.2702328 0.2702328 0.3079637 0.3079637 0.1727834 0.1727834 0.1727834 0.7760319E-01 0.7760319E-01 0.1630707E-01 0.1630707E-01 -0.1942568E-01 -0.1942568E-01 -0.3924039E-01 -0.3924039E-01 -0.4842389E-01 -0.4842389E-01 -0.4842389E-01
-0.1186857E-02 -0.1186857E-02 -0.1000140E-02 -0.4047088E-02 -0.3489712E-02 -0.3489712E-02 -0.3129303E-02 -0.2938525E-02 -0.2938525E-02 -0.2990279E-02 -0.2990279E-02 -0.3040401E-02 -0.3050646E-02 -0.3053254E-02 -0.3200991E-02 -0.3200991E-02 -0.1261413E-01 -0.2879929E-01 -0.5334774E-01 -0.8574652E-01 -0.1252841 -0.1711475 -0.2225095 -0.2785873 -0.3385685 -0.4016249 -0.4668820 -0.5332561 -0.5989851 -0.6593903 -0.6593903 -0.6765726 -0.6621599 -0.5656739 -0.4750406 -0.4750406 -0.2074057 -0.2074057 0.6054195E-01 0.6054195E-01 0.1585912 0.2790224 0.2790224 0.3169593 0.3169593 0.2096552 0.2096552 0.2096552 0.1062266 0.1062266 0.2857335E-01 0.2857335E-01 -0.2041518E-01 -0.2041518E-01 -0.4801892E-01 -0.4801892E-01 -0.6037169E-01 -0.6037169E-01 -0.6037169E-01
-0.6519619E-03 -0.6519619E-03 -0.4360777E-03 -0.2022551E-02 -0.1755936E-02 -0.1755936E-02 -0.1575345E-02 -0.1474815E-02 -0.1474815E-02 -0.1501389E-02 -0.1501389E-02 -0.1525865E-02 -0.1528805E-02 -0.1527440E-02 -0.1735971E-02 -0.1735971E-02 -0.2282614E-01 -0.4600643E-01 -0.7670759E-01 -0.1140460 -0.1572402 -0.2055995 -0.2585107 -0.3154301 -0.3758169 -0.4390999 -0.5046427 -0.5716254 -0.6386703 -0.7020602 -0.7020602 -0.7351767 -0.7349316 -0.6173953 -0.4840741 -0.4840741 -0.1553972 -0.1553972 0.8989235E-01 0.8989235E-01 0.1682927 0.2639217 0.2639217 0.3013371 0.3013371 0.2279718 0.2279718 0.2279718 0.1300446 0.1300446 0.4331122E-01 0.4331122E-01 -0.1730844E-01 -0.1730844E-01 -0.5309302E-01 -0.5309302E-01 -0.6918177E-01 -0.6918177E-01 -0.6918177E-01
-0.1727388E-07 -0.1727388E-07 0.4253706E-07 0.1319346E-06 0.8587609E-07 0.8587609E-07 0.2116593E-07 0.1430558E-06 0.1430558E-06 0.1594801E-06 0.1594801E-06 0.2640516E-06 0.1568530E-06 0.2491310E-06 -0.2963609E-03 -0.2963609E-03 -0.3536921E-01 -0.6730691E-01 -0.1059376 -0.1498224 -0.1979950 -0.2498139 -0.3048494 -0.3628067 -0.4234368 -0.4864714 -0.5515647 -0.6181921 -0.6853144 -0.7497357 -0.7497357 -0.7911054 -0.7937056 -0.6055621 -0.4214354 -0.4214354 -0.9123396E-01 -0.9123396E-01 0.9853954E-01 0.9853954E-01 0.1572166 0.2336786 0.2336786 0.2709674 0.2709674 0.2283896 0.2283896 0.2283896 0.1450642 0.1450642 0.5772405E-01 0.5772405E-01 -0.1077629E-01 -0.1077629E-01 -0.5394530E-01 -0.5394530E-01 -0.7392374E-01 -0.7392374E-01 -0.7392374E-01
0.6520502E-03 0.6520502E-03 0.4362528E-03 0.2022952E-02 0.1756052E-02 0.1756052E-02 0.1575422E-02 0.1474955E-02 0.1474955E-02 0.1501783E-02 0.1501783E-02 0.1526199E-02 0.1529101E-02 0.1527778E-02 0.1112155E-02 0.1112155E-02 -0.5176380E-01 -0.9459607E-01 -0.1431037 -0.1951858 -0.2496457 -0.3058710 -0.3636115 -0.4228304 -0.4835838 -0.5459318 -0.6098608 -0.6751759 -0.7410880 -0.8040016 -0.8040016 -0.8436697 -0.8259207 -0.5105194 -0.3072349 -0.3072349 -0.4474061E-01 -0.4474061E-01 0.8824644E-01 0.8824644E-01 0.1326290 0.1962944 0.1962944 0.2329927 0.2329927 0.2140278 0.2140278 0.2140278 0.1490301 0.1490301 0.6867310E-01 0.6867310E-01 -0.2336133E-02 -0.2336133E-02 -0.5062699E-01 -0.5062699E-01 -0.7393967E-01 -0.7393967E-01 -0.7393967E-01
0.1187060E-02 0.1187060E-02 0.1000123E-02 0.4047425E-02 0.3489926E-02 0.3489926E-02 0.3129406E-02 0.2938384E-02 0.2938384E-02 0.2990569E-02 0.2990569E-02 0.3040653E-02 0.3050758E-02 0.3053438E-02 0.2480490E-02 0.2480490E-02 -0.7440537E-01 -0.1308717 -0.1914296 -0.2533394 -0.3152478 -0.3766417 -0.4375008 -0.4980801 -0.5587602 -0.6199422 -0.6819637 -0.7449567 -0.8080463 -0.8645148 -0.8645148 -0.8817816 -0.7950374 -0.3566658 -0.1938636 -0.1938636 -0.2458657E-01 -0.2458657E-01 0.6796350E-01 0.6796350E-01 0.1029271 0.1571763 0.1571763 0.1918449 0.1918449 0.1887680 0.1887680 0.1887680 0.1417298 0.1417298 0.7361004E-01 0.7361004E-01 0.6042523E-02 0.6042523E-02 -0.4373220E-01 -0.4373220E-01 -0.6892224E-01 -0.6892224E-01 -0.6892224E-01
0.1565318E-02 0.1565318E-02 0.2709937E-02 0.5810931E-02 0.5097908E-02 0.5097908E-02 0.4638765E-02 0.4415070E-02 0.4415070E-02 0.4482764E-02 0.4482764E-02 0.4544268E-02 0.4560018E-02 0.4568631E-02 0.3781729E-02 0.3781729E-02 -0.1073202 -0.1809958 -0.2559797 -0.3291674 -0.3993170 -0.4662144 -0.5302004 -0.5918985 -0.6520502 -0.7114088 -0.7706622 -0.8301725 -0.8876523 -0.9236534 -0.9236534 -0.8652725 -0.6471531 -0.2132292 -0.1196679 -0.1196679 -0.2125843E-01 -0.2125843E-01 0.4569862E-01 0.4569862E-01 0.7366752E-01 0.1191988 0.1191988 0.1500527 0.1500527 0.1562469 0.1562469 0.1562469 0.1246026 0.1246026 0.7127348E-01 0.7127348E-01 0.1249002E-01 0.1249002E-01 -0.3425137E-01 -0.3425137E-01 -0.5899011E-01 -0.5899011E-01 -0.5899011E-01
0.2760738E-02 0.2760738E-02 0.4739431E-02 0.7270433E-02 0.6581793E-02 0.6581793E-02 0.6135306E-02 0.5934353E-02 0.5934353E-02 0.5994839E-02 0.5994839E-02 0.6046231E-02 0.6061245E-02 0.6071580E-02 0.4984979E-02 0.4984979E-02 -0.1577278 -0.2531803 -0.3449294 -0.4302846 -0.5086917 -0.5806131 -0.6469786 -0.7089054 -0.7675526 -0.8240380 -0.8793851 -0.9337462 -0.9776739 -0.9442618 -0.9442618 -0.7114215 -0.3955162 -0.1249639 -0.8318797E-01 -0.8318797E-01 -0.2282493E-01 -0.2282493E-01 0.2589969E-01 0.2589969E-01 0.4753997E-01 0.8372308E-01 0.8372308E-01 0.1091343 0.1091343 0.1195138 0.1195138 0.1195138 0.1000266 0.1000266 0.6186858E-01 0.6186858E-01 0.1579206E-01 0.1579206E-01 -0.2332110E-01 -0.2332110E-01 -0.4474859E-01 -0.4474859E-01 -0.4474859E-01
