simulation_files/asc/Velocity____230.0.asc
NCOLS        79
NROWS        79
XLLCENTER         -1.500000
YLLCENTER         -4.800000
CELLSIZE           0.100
NODATA_VALUE     -9999.0
[rows 0 to 26 of 79, columns 0 to 59 of 79]
-9999.000 -9999.000 -9999.000 -9999.000 -9999.000 -9999.000 -9999.000 -9999.000 -9999.000 -9999.000 -9999.000 -9999.000 -9999.000 -9999.000 -9999.000 0.8974802E-01 0.8652094E-01 0.8518378E-01 0.8490913E-01 0.8591031E-01 0.8733739E-01 0.8871181E-01 0.8986561E-01 0.9069169E-01 0.9119589E-01 0.9145809E-01 0.9156066E-01 0.9170589E-01 0.9248610E-01 0.9347185E-01 0.9347185E-01 -9999.000 -9999.000 -9999.000 -9999.000 -9999.000 -9999.000 -9999.000 -9999.000 -9999.000 -9999.000 -9999.000 -9999.000 -9999.000 -9999.000 -9999.000 -9999.000 -9999.000 -9999.000 -9999.000 -9999.000 -9999.000 -9999.000 -9999.000 -9999.000 -9999.000 -9999.000 -9999.000 -9999.000 -9999.000
-9999.000 -9999.000 -9999.000 -9999.000 -9999.000 -9999.000 -9999.000 -9999.000 -9999.000 -9999.000 -9999.000 -9999.000 -9999.000 -9999.000 -9999.000 0.9056167E-01 0.8380619E-01 0.8109500E-01 0.8057941E-01 0.8260055E-01 0.8544450E-01 0.8821398E-01 0.9061396E-01 0.9243322E-01 0.9366152E-01 0.9443745E-01 0.9491593E-01 0.9552857E-01 0.9757513E-01 0.1003208 0.1003208 -9999.000 -9999.000 -9999.000 -9999.000 -9999.000 -9999.000 -9999.000 -9999.000 -9999.000 -9999.000 -9999.000 -9999.000 -9999.000 -9999.000 -9999.000 -9999.000 -9999.000 -9999.000 -9999.000 -9999.000 -9999.000 -9999.000 -9999.000 -9999.000 -9999.000 -9999.000 -9999.000 -9999.000 -9999.000
-9999.000 -9999.000 -9999.000 -9999.000 -9999.000 -9999.000 -9999.000 -9999.000 -9999.000 -9999.000 -9999.000 -9999.000 -9999.000 -9999.000 -9999.000 0.9045686E-01 0.7984615E-01 0.7549665E-01 0.7463629E-01 0.7776373E-01 0.8218614E-01 0.8655560E-01 0.9046591E-01 0.9360673E-01 0.9595298E-01 0.9769449E-01 0.9903597E-01 0.1006251 0.1045071 0.1098442 0.1098442 -9999.000 -9999.000 -9999.000 -9999.000 -9999.000 -9999.000 -9999.000 -9999.000 -9999.000 -9999.000 -9999.000 -9999.000 -9999.000 -9999.000 -9999.000 -9999.000 -9999.000 -9999.000 -9999.000 -9999.000 -9999.000 -9999.000 -9999.000 -9999.000 -9999.000 -9999.000 -9999.000 -9999.000 -9999.000
-9999.000 -9999.000 -9999.000 -9999.000 -9999.000 -9999.000 -9999.000 -9999.000 -9999.000 -9999.000 -9999.000 -9999.000 -9999.000 -9999.000 -9999.000 0.8985806E-01 0.7539354E-01 0.6938754E-01 0.6819483E-01 0.7245163E-01 0.7845979E-01 0.8444320E-01 0.8990991E-01 0.9445848E-01 0.9804852E-01 0.1009125 0.1032890 0.1060312 0.1119488 0.1203981 0.1203981 -9999.000 -9999.000 -9999.000 -9999.000 -9999.000 -9999.000 -9999.000 -9999.000 -9999.000 -9999.000 -9999.000 -9999.000 -9999.000 -9999.000 -9999.000 -9999.000 -9999.000 -9999.000 -9999.000 -9999.000 -9999.000 -9999.000 -9999.000 -9999.000 -9999.000 -9999.000 -9999.000 -9999.000 -9999.000
-9999.000 -9999.000 -9999.000 -9999.000 -9999.000 -9999.000 -9999.000 -9999.000 -9999.000 -9999.000 -9999.000 -9999.000 -9999.000 -9999.000 -9999.000 0.8898675E-01 0.7062779E-01 0.6295527E-01 0.6147407E-01 0.6690823E-01 0.7451543E-01 0.8211917E-01 0.8916675E-01 0.9517028E-01 0.1000724 0.1041439 0.1076486 0.1116474 0.1197522 0.1318423 0.1318423 -9999.000 -9999.000 -9999.000 -9999.000 -9999.000 -9999.000 -9999.000 -9999.000 -9999.000 -9999.000 -9999.000 -9999.000 -9999.000 -9999.000 -9999.000 -9999.000 -9999.000 -9999.000 -9999.000 -9999.000 -9999.000 -9999.000 -9999.000 -9999.000 -9999.000 -9999.000 -9999.000 -9999.000 -9999.000
-9999.000 -9999.000 -9999.000 -9999.000 -9999.000 -9999.000 -9999.000 -9999.000 -9999.000 -9999.000 -9999.000 -9999.000 -9999.000 -9999.000 -9999.000 0.8790947E-01 0.6561211E-01 0.5628596E-01 0.5460573E-01 0.6128646E-01 0.7050111E-01 0.7971981E-01 0.8835695E-01 0.9583976E-01 0.1020929 0.1074229 0.1121119 0.1174376 0.1278666 0.1441973 0.1441973 -9999.000 -9999.000 -9999.000 -9999.000 -9999.000 -9999.000 -9999.000 -9999.000 -9999.000 -9999.000 -9999.000 -9999.000 -9999.000 -9999.000 -9999.000 -9999.000 -9999.000 -9999.000 -9999.000 -9999.000 -9999.000 -9999.000 -9999.000 -9999.000 -9999.000 -9999.000 -9999.000 -9999.000 -9999.000
-9999.000 -9999.000 -9999.000 -9999.000 -9999.000 -9999.000 -9999.000 -9999.000 -9999.000 -9999.000 -9999.000 -9999.000 -9999.000 -9999.000 -9999.000 0.8662584E-01 0.6035754E-01 0.4942368E-01 0.4769937E-01 0.5570704E-01 0.6651638E-01 0.7732499E-01 0.8754575E-01 0.9651791E-01 0.1041453 0.1107674 0.1166789 0.1233882 0.1362836 0.1575740 0.1575740 -9999.000 -9999.000 -9999.000 -9999.000 -9999.000 -9999.000 -9999.000 -9999.000 -9999.000 -9999.000 -9999.000 -9999.000 -9999.000 -9999.000 -9999.000 -9999.000 -9999.000 -9999.000 -9999.000 -9999.000 -9999.000 -9999.000 -9999.000 -9999.000 -9999.000 -9999.000 -9999.000 -9999.000 -9999.000
-9999.000 -9999.000 -9999.000 -9999.000 -9999.000 -9999.000 -9999.000 -9999.000 -9999.000 -9999.000 -9999.000 -9999.000 -9999.000 -9999.000 -9999.000 0.8510247E-01 0.5485175E-01 0.4240886E-01 0.4090156E-01 0.5030351E-01 0.6264795E-01 0.7499238E-01 0.8677458E-01 0.9723455E-01 0.1062488 0.1141870 0.1213504 0.1294952 0.1450142 0.1721502 0.1721502 -9999.000 -9999.000 -9999.000 -9999.000 -9999.000 -9999.000 -9999.000 -9999.000 -9999.000 -9999.000 -9999.000 -9999.000 -9999.000 -9999.000 -9999.000 -9999.000 -9999.000 -9999.000 -9999.000 -9999.000 -9999.000 -9999.000 -9999.000 -9999.000 -9999.000 -9999.000 -9999.000 -9999.000 -9999.000
-9999.000 -9999.000 -9999.000 -9999.000 -9999.000 -9999.000 -9999.000 -9999.000 -9999.000 -9999.000 -9999.000 -9999.000 -9999.000 -9999.000 -9999.000 0.8328792E-01 0.4907228E-01 0.3531525E-01 0.3447202E-01 0.4526239E-01 0.5899351E-01 0.7277577E-01 0.8607709E-01 0.9801173E-01 0.1084167 0.1176886 0.1261267 0.1357584 0.1540792 0.1881701 0.1881701 -9999.000 -9999.000 -9999.000 -9999.000 -9999.000 -9999.000 -9999.000 -9999.000 -9999.000 -9999.000 -9999.000 -9999.000 -9999.000 -9999.000 -9999.000 -9999.000 -9999.000 -9999.000 -9999.000 -9999.000 -9999.000 -9999.000 -9999.000 -9999.000 -9999.000 -9999.000 -9999.000 -9999.000 -9999.000
-9999.000 -9999.000 -9999.000 -9999.000 -9999.000 -9999.000 -9999.000 -9999.000 -9999.000 -9999.000 -9999.000 -9999.000 -9999.000 -9999.000 -9999.000 0.8111675E-01 0.4299359E-01 0.2831835E-01 0.2891802E-01 0.4086453E-01 0.5567845E-01 0.7073821E-01 0.8548979E-01 0.9887203E-01 0.1106626 0.1212787 0.1310087 0.1421789 0.1635047 0.2059580 0.2059580 -9999.000 -9999.000 -9999.000 -9999.000 -9999.000 -9999.000 -9999.000 -9999.000 -9999.000 -9999.000 -9999.000 -9999.000 -9999.000 -9999.000 -9999.000 -9999.000 -9999.000 -9999.000 -9999.000 -9999.000 -9999.000 -9999.000 -9999.000 -9999.000 -9999.000 -9999.000 -9999.000 -9999.000 -9999.000
-9999.000 -9999.000 -9999.000 -9999.000 -9999.000 -9999.000 -9999.000 -9999.000 -9999.000 -9999.000 -9999.000 -9999.000 -9999.000 -9999.000 -9999.000 0.7850854E-01 0.3659437E-01 0.2188187E-01 0.2518654E-01 0.3752423E-01 0.5287135E-01 0.6896117E-01 0.8505917E-01 0.9984429E-01 0.1130038 0.1249668 0.1359993 0.1487590 0.1733220 0.2259479 0.2259479 -9999.000 -9999.000 -9999.000 -9999.000 -9999.000 -9999.000 -9999.000 -9999.000 -9999.000 -9999.000 -9999.000 -9999.000 -9999.000 -9999.000 -9999.000 -9999.000 -9999.000 -9999.000 -9999.000 -9999.000 -9999.000 -9999.000 -9999.000 -9999.000 -9999.000 -9999.000 -9999.000 -9999.000 -9999.000
-9999.000 -9999.000 -9999.000 -9999.000 -9999.000 -9999.000 -9999.000 -9999.000 -9999.000 -9999.000 -9999.000 -9999.000 -9999.000 -9999.000 -9999.000 0.7536526E-01 0.2987816E-01 0.1726411E-01 0.2459237E-01 0.3579085E-01 0.5080201E-01 0.6756018E-01 0.8485422E-01 0.1009733 0.1154699 0.1287712 0.1411067 0.1555046 0.1835670 0.2487292 0.2487292 -9999.000 -9999.000 -9999.000 -9999.000 -9999.000 -9999.000 -9999.000 -9999.000 -9999.000 -9999.000 -9999.000 -9999.000 -9999.000 -9999.000 -9999.000 -9999.000 -9999.000 -9999.000 -9999.000 -9999.000 -9999.000 -9999.000 -9999.000 -9999.000 -9999.000 -9999.000 -9999.000 -9999.000 -9999.000
-9999.000 -9999.000 -9999.000 -9999.000 -9999.000 -9999.000 -9999.000 -9999.000 -9999.000 -9999.000 -9999.000 -9999.000 -9999.000 -9999.000 -9999.000 0.7154287E-01 0.2294409E-01 0.1702463E-01 0.2799117E-01 0.3634143E-01 0.4986228E-01 0.6676878E-01 0.8502831E-01 0.1023664 0.1181366 0.1327444 0.1463630 0.1624376 0.1942897 0.2751264 0.2751264 -9999.000 -9999.000 -9999.000 -9999.000 -9999.000 -9999.000 -9999.000 -9999.000 -9999.000 -9999.000 -9999.000 -9999.000 -9999.000 -9999.000 -9999.000 -9999.000 -9999.000 -9999.000 -9999.000 -9999.000 -9999.000 -9999.000 -9999.000 -9999.000 -9999.000 -9999.000 -9999.000 -9999.000 -9999.000
-9999.000 -9999.000 -9999.000 -9999.000 -9999.000 -9999.000 -9999.000 -9999.000 -9999.000 -9999.000 -9999.000 -9999.000 -9999.000 -9999.000 -9999.000 0.6585856E-01 0.1774034E-01 0.2685179E-01 0.3950904E-01 0.4418903E-01 0.5435010E-01 0.6976184E-01 0.8785421E-01 0.1056566 0.1221784 0.1377220 0.1523503 0.1699512 0.2057731 0.3064885 0.3064885 -9999.000 -9999.000 -9999.000 -9999.000 -9999.000 -9999.000 -9999.000 -9999.000 -9999.000 -9999.000 -9999.000 -9999.000 -9999.000 -9999.000 -9999.000 -9999.000 -9999.000 -9999.000 -9999.000 -9999.000 -9999.000 -9999.000 -9999.000 -9999.000 -9999.000 -9999.000 -9999.000 -9999.000 -9999.000
-9999.000 -9999.000 -9999.000 -9999.000 -9999.000 -9999.000 -9999.000 -9999.000 -9999.000 -9999.000 -9999.000 -9999.000 -9999.000 -9999.000 -9999.000 0.1036443 0.1595113 0.1874129 0.1788830 0.1517153 0.1349693 0.1253582 0.1239192 0.1286433 0.1371990 0.1482905 0.1607253 0.1781123 0.2174110 0.3421137 0.3421137 -9999.000 -9999.000 -9999.000 -9999.000 -9999.000 -9999.000 -9999.000 -9999.000 -9999.000 -9999.000 -9999.000 -9999.000 -9999.000 -9999.000 -9999.000 -9999.000 -9999.000 -9999.000 -9999.000 -9999.000 -9999.000 -9999.000 -9999.000 -9999.000 -9999.000 -9999.000 -9999.000 -9999.000 -9999.000
2.879054 2.879054 2.892662 2.895817 2.915414 2.915414 2.917833 2.917006 2.917006 2.912812 2.912812 2.906287 2.902363 2.898090 2.893907 2.893907 3.053617 3.058273 3.059464 3.054980 3.021739 2.965384 2.885986 2.781915 2.655384 2.509701 2.347492 2.177579 2.024750 1.964215 1.964215 2.784824 2.960396 3.066298 3.093590 3.093590 3.131806 3.131806 3.122770 3.122770 3.083417 2.914033 2.914033 2.605347 2.605347 2.190090 2.190090 2.190090 2.160396 2.160396 2.186521 2.186521 2.233300 2.233300 2.283685 2.283685 2.329652 2.329652 2.329652 2.366829
2.901823 2.901823 2.924937 2.950423 2.977340 2.977340 2.991827 3.014101 3.014101 3.032556 3.032556 3.048463 3.055683 3.062506 3.069341 3.069341 3.187677 3.207775 3.223813 3.237210 3.243512 3.243244 3.234746 3.214864 3.181146 3.131656 3.064465 2.979995 2.884259 2.803022 2.803022 3.236569 3.389855 3.542308 3.584897 3.584897 3.635298 3.635298 3.641427 3.641427 3.623433 3.528925 3.528925 3.345636 3.345636 3.029867 3.029867 3.029867 2.996482 2.996482 3.024764 3.024764 3.074305 3.074305 3.127224 3.127224 3.176138 3.176138 3.176138 3.217664
2.906110 2.906110 2.927752 2.952187 2.976961 2.976961 2.992157 3.015356 3.015356 3.034479 3.034479 3.051109 3.058728 3.065973 3.073300 3.073300 3.178503 3.211668 3.239923 3.264523 3.283863 3.298372 3.308093 3.312092 3.309254 3.298275 3.277325 3.245324 3.204401 3.169635 3.169635 3.408519 3.555380 3.729033 3.781051 3.781051 3.836676 3.836676 3.830377 3.830377 3.803635 3.708499 3.708499 3.573130 3.573130 3.321560 3.321560 3.321560 3.272776 3.272776 3.287705 3.287705 3.328316 3.328316 3.375081 3.375081 3.419515 3.419515 3.419515 3.457766
2.908332 2.908332 2.927395 2.952655 2.975943 2.975943 2.991605 3.015393 3.015393 3.034692 3.034692 3.051406 3.059054 3.066322 3.073744 3.073744 3.170404 3.214245 3.253753 3.288640 3.317758 3.341113 3.359013 3.371492 3.378522 3.380004 3.375449 3.364487 3.348420 3.336591 3.336591 3.481903 3.610711 3.788337 3.844187 3.844187 3.893790 3.893790 3.862519 3.862519 3.823843 3.733625 3.733625 3.645385 3.645385 3.461049 3.461049 3.461049 3.401594 3.401594 3.401270 3.401270 3.432027 3.432027 3.473255 3.473255 3.514298 3.514298 3.514298 3.550073
2.906448 2.906448 2.932884 2.953146 2.975410 2.975410 2.991367 3.015533 3.015533 3.034825 3.034825 3.051476 3.059104 3.066364 3.073917 3.073917 3.166960 3.219759 3.269336 3.313844 3.352065 3.383654 3.408755 3.427575 3.440392 3.447567 3.449368 3.446162 3.439352 3.435440 3.435440 3.526652 3.632988 3.799160 3.849289 3.849289 3.869565 3.869565 3.804281 3.804281 3.761134 3.697448 3.697448 3.659166 3.659166 3.544501 3.544501 3.544501 3.483814 3.483814 3.468679 3.468679 3.486982 3.486982 3.520596 3.520596 3.556971 3.556971 3.556971 3.589401
2.906820 2.906820 2.935740 2.953208 2.974772 2.974772 2.990935 3.015454 3.015454 3.034801 3.034801 3.051435 3.059053 3.066304 3.074044 3.074044 3.169308 3.230111 3.288567 3.341727 3.388174 3.427367 3.459283 3.484102 3.502128 3.513793 3.519583 3.520140 3.516856 3.514465 3.514465 3.570267 3.651826 3.787978 3.817149 3.817149 3.779901 3.779901 3.691188 3.691188 3.660632 3.642660 3.642660 3.649476 3.649476 3.598220 3.598220 3.598220 3.546790 3.546790 3.521558 3.521558 3.526506 3.526506 3.550116 3.550116 3.579708 3.579708 3.579708 3.607162
2.907072 2.907072 2.937359 2.953259 2.974394 2.974394 2.990668 3.015410 3.015410 3.034801 3.034801 3.051430 3.059043 3.066289 3.074291 3.074291 3.178443 3.246989 3.313375 3.374104 3.427686 3.473537 3.511563 3.541901 3.564828 3.580732 3.590095 3.593564 3.592325 3.589675 3.589675 3.621202 3.676875 3.755946 3.741453 3.741453 3.634158 3.634158 3.562152 3.562152 3.558875 3.589612 3.589612 3.630629 3.630629 3.631050 3.631050 3.631050 3.596611 3.596611 3.568595 3.568595 3.562071 3.562071 3.574283 3.574283 3.594978 3.594978 3.594978 3.615579
2.907160 2.907160 2.937889 2.953277 2.974268 2.974268 2.990575 3.015393 3.015393 3.034799 3.034799 3.051427 3.059039 3.066285 3.074660 3.074660 3.195398 3.271988 3.345599 3.412820 3.472324 3.523647 3.566750 3.601789 3.629029 3.648809 3.661549 3.667791 3.668415 3.665334 3.665334 3.679324 3.706532 3.683417 3.602962 3.602962 3.458596 3.458596 3.446720 3.446720 3.473131 3.542052 3.542052 3.606479 3.606479 3.646655 3.646655 3.646655 3.632762 3.632762 3.609288 3.609288 3.595594 3.595594 3.596616 3.596616 3.606889 3.606889 3.606889 3.618870
2.907073 2.907073 2.937385 2.953265 2.974408 2.974408 2.990681 3.015421 3.015421 3.034808 3.034808 3.051432 3.059044 3.066290 3.075182 3.075182 3.221702 3.306975 3.387271 3.459885 3.523965 3.579365 3.626231 3.664825 3.695450 3.718429 3.734119 3.742933 3.745373 3.741543 3.741543 3.739647 3.727723 3.537524 3.397711 3.397711 3.295455 3.295455 3.358966 3.358966 3.406677 3.499618 3.499618 3.579394 3.579394 3.649117 3.649117 3.649117 3.655519 3.655519 3.641807 3.641807 3.625884 3.625884 3.617513 3.617513 3.616719 3.616719 3.616719 3.618656
2.906822 2.906822 2.935787 2.953214 2.974789 2.974789 2.990951 3.015460 3.015460 3.034801 3.034801 3.051433 3.059053 3.066304 3.075912 3.075912 3.259685 3.354390 3.440790 3.517565 3.584690 3.642540 3.691586 3.732283 3.765036 3.790197 3.808085 3.818991 3.822794 3.815908 3.815908 3.789485 3.706216 3.305994 3.165241 3.165241 3.175471 3.175471 3.293734 3.293734 3.352872 3.459407 3.459407 3.549500 3.549500 3.640823 3.640823 3.640823 3.664949 3.664949 3.663419 3.663419 3.649582 3.649582 3.634669 3.634669 3.623243 3.623243 3.623243 3.614374
2.906451 2.906451 2.932950 2.953153 2.975435 2.975435 2.991388 3.015539 3.015539 3.034823 3.034823 3.051471 3.059101 3.066360 3.076941 3.076941 3.312975 3.417599 3.509175 3.588512 3.656806 3.715163 3.764503 3.805557 3.838880 3.864890 3.883906 3.896052 3.899640 3.880186 3.880186 3.793703 3.577486 3.036445 2.973697 2.973697 3.095203 3.095203 3.238897 3.238897 3.303330 3.417766 3.417766 3.515156 3.515156 3.622016 3.622016 3.622016 3.660321 3.660321 3.670902 3.670902 3.661987 3.661987 3.643566 3.643566 3.622888 3.622888 3.622888 3.603325
2.908336 2.908336 2.927493 2.952672 2.975978 2.975978 2.991633 3.015401 3.015401 3.034696 3.034696 3.051414 3.059065 3.066333 3.078244 3.078244 3.387265 3.501404 3.596350 3.675910 3.742897 3.799347 3.846723 3.886070 3.918121 3.943380 3.962179 3.974197 3.972012 3.902880 3.902880 3.668732 3.289645 2.821239 2.852477 2.852477 3.028899 3.028899 3.181765 3.181765 3.248817 3.368590 3.368590 3.471348 3.471348 3.589148 3.589148 3.589148 3.638018 3.638018 3.658938 3.658938 3.655914 3.655914 3.636388 3.636388 3.608394 3.608394 3.608394 3.579177
