simulation_files/asc/Velocity__x_179.0.asc
NCOLS        79
NROWS        79
XLLCENTER         -1.500000
YLLCENTER         -4.800000
CELLSIZE           0.100
NODATA_VALUE     -9999.0
[rows 0 to 25 of 79, columns 0 to 57 of 79]
-9999.000 -9999.000 -9999.000 -9999.000 -9999.000 -9999.000 -9999.000 -9999.000 -9999.000 -9999.000 -9999.000 -9999.000 -9999.000 -9999.000 -9999.000 -0.6233225E-03 0.3339495E-03 0.3525600E-02 0.7462498E-02 0.1120011E-01 0.1420333E-01 0.1631671E-01 0.1751510E-01 0.1785699E-01 0.1745257E-01 0.1639086E-01 0.1472481E-01 0.1237131E-01 0.8724217E-02 0.4270438E-02 0.4270438E-02 -9999.000 -9999.000 -9999.000 -9999.000 -9999.000 -9999.000 -9999.000 -9999.000 -9999.000 -9999.000 -9999.000 -9999.000 -9999.000 -9999.000 -9999.000 -9999.000 -9999.000 -9999.000 -9999.000 -9999.000 -9999.000 -9999.000 -9999.000 -9999.000 -9999.000 -9999.000 -9999.000
-9999.000 -9999.000 -9999.000 -9999.000 -9999.000 -9999.000 -9999.000 -9999.000 -9999.000 -9999.000 -9999.000 -9999.000 -9999.000 -9999.000 -9999.000 0.5288932E-03 0.2641058E-02 0.6897905E-02 0.1179769E-01 0.1640958E-01 0.2016121E-01 0.2283356E-01 0.2434679E-01 0.2471762E-01 0.2402799E-01 0.2235752E-01 0.1976694E-01 0.1621006E-01 0.1120058E-01 0.5472001E-02 0.5472001E-02 -9999.000 -9999.000 -9999.000 -9999.000 -9999.000 -9999.000 -9999.000 -9999.000 -9999.000 -9999.000 -9999.000 -9999.000 -9999.000 -9999.000 -9999.000 -9999.000 -9999.000 -9999.000 -9999.000 -9999.000 -9999.000 -9999.000 -9999.000 -9999.000 -9999.000 -9999.000 -9999.000
-9999.000 -9999.000 -9999.000 -9999.000 -9999.000 -9999.000 -9999.000 -9999.000 -9999.000 -9999.000 -9999.000 -9999.000 -9999.000 -9999.000 -9999.000 0.1026697E-02 0.3716036E-02 0.8633560E-02 0.1415715E-01 0.1931346E-01 0.2349738E-01 0.2647035E-01 0.2813847E-01 0.2851028E-01 0.2766720E-01 0.2569344E-01 0.2266058E-01 0.1853598E-01 0.1283215E-01 0.6306981E-02 0.6306981E-02 -9999.000 -9999.000 -9999.000 -9999.000 -9999.000 -9999.000 -9999.000 -9999.000 -9999.000 -9999.000 -9999.000 -9999.000 -9999.000 -9999.000 -9999.000 -9999.000 -9999.000 -9999.000 -9999.000 -9999.000 -9999.000 -9999.000 -9999.000 -9999.000 -9999.000 -9999.000 -9999.000
-9999.000 -9999.000 -9999.000 -9999.000 -9999.000 -9999.000 -9999.000 -9999.000 -9999.000 -9999.000 -9999.000 -9999.000 -9999.000 -9999.000 -9999.000 0.1300665E-02 0.4329820E-02 0.9664862E-02 0.1560030E-01 0.2112383E-01 0.2560180E-01 0.2878410E-01 0.3056951E-01 0.3096442E-01 0.3005233E-01 0.2792099E-01 0.2464716E-01 0.2020006E-01 0.1406921E-01 0.6968107E-02 0.6968107E-02 -9999.000 -9999.000 -9999.000 -9999.000 -9999.000 -9999.000 -9999.000 -9999.000 -9999.000 -9999.000 -9999.000 -9999.000 -9999.000 -9999.000 -9999.000 -9999.000 -9999.000 -9999.000 -9999.000 -9999.000 -9999.000 -9999.000 -9999.000 -9999.000 -9999.000 -9999.000 -9999.000
-9999.000 -9999.000 -9999.000 -9999.000 -9999.000 -9999.000 -9999.000 -9999.000 -9999.000 -9999.000 -9999.000 -9999.000 -9999.000 -9999.000 -9999.000 0.1484886E-02 0.4755477E-02 0.1040275E-01 0.1665658E-01 0.2246954E-01 0.2718265E-01 0.3053785E-01 0.3242966E-01 0.3286386E-01 0.3192689E-01 0.2970874E-01 0.2628833E-01 0.2163154E-01 0.1519165E-01 0.7590749E-02 0.7590749E-02 -9999.000 -9999.000 -9999.000 -9999.000 -9999.000 -9999.000 -9999.000 -9999.000 -9999.000 -9999.000 -9999.000 -9999.000 -9999.000 -9999.000 -9999.000 -9999.000 -9999.000 -9999.000 -9999.000 -9999.000 -9999.000 -9999.000 -9999.000 -9999.000 -9999.000 -9999.000 -9999.000
-9999.000 -9999.000 -9999.000 -9999.000 -9999.000 -9999.000 -9999.000 -9999.000 -9999.000 -9999.000 -9999.000 -9999.000 -9999.000 -9999.000 -9999.000 0.1639646E-02 0.5118235E-02 0.1104007E-01 0.1757907E-01 0.2365324E-01 0.2858011E-01 0.3209643E-01 0.3409398E-01 0.3457903E-01 0.3364218E-01 0.3137455E-01 0.2785592E-01 0.2304486E-01 0.1634748E-01 0.8249903E-02 0.8249903E-02 -9999.000 -9999.000 -9999.000 -9999.000 -9999.000 -9999.000 -9999.000 -9999.000 -9999.000 -9999.000 -9999.000 -9999.000 -9999.000 -9999.000 -9999.000 -9999.000 -9999.000 -9999.000 -9999.000 -9999.000 -9999.000 -9999.000 -9999.000 -9999.000 -9999.000 -9999.000 -9999.000
-9999.000 -9999.000 -9999.000 -9999.000 -9999.000 -9999.000 -9999.000 -9999.000 -9999.000 -9999.000 -9999.000 -9999.000 -9999.000 -9999.000 -9999.000 0.1794211E-02 0.5479029E-02 0.1167103E-01 0.1849047E-01 0.2482209E-01 0.2995980E-01 0.3363780E-01 0.3574634E-01 0.3629351E-01 0.3537444E-01 0.3308129E-01 0.2949337E-01 0.2455923E-01 0.1762635E-01 0.8994450E-02 0.8994450E-02 -9999.000 -9999.000 -9999.000 -9999.000 -9999.000 -9999.000 -9999.000 -9999.000 -9999.000 -9999.000 -9999.000 -9999.000 -9999.000 -9999.000 -9999.000 -9999.000 -9999.000 -9999.000 -9999.000 -9999.000 -9999.000 -9999.000 -9999.000 -9999.000 -9999.000 -9999.000 -9999.000
-9999.000 -9999.000 -9999.000 -9999.000 -9999.000 -9999.000 -9999.000 -9999.000 -9999.000 -9999.000 -9999.000 -9999.000 -9999.000 -9999.000 -9999.000 0.1964145E-02 0.5870037E-02 0.1234457E-01 0.1945526E-01 0.2605315E-01 0.3140920E-01 0.3525707E-01 0.3748634E-01 0.3810839E-01 0.3722372E-01 0.3492515E-01 0.3129107E-01 0.2625677E-01 0.1909792E-01 0.9865800E-02 0.9865800E-02 -9999.000 -9999.000 -9999.000 -9999.000 -9999.000 -9999.000 -9999.000 -9999.000 -9999.000 -9999.000 -9999.000 -9999.000 -9999.000 -9999.000 -9999.000 -9999.000 -9999.000 -9999.000 -9999.000 -9999.000 -9999.000 -9999.000 -9999.000 -9999.000 -9999.000 -9999.000 -9999.000
-9999.000 -9999.000 -9999.000 -9999.000 -9999.000 -9999.000 -9999.000 -9999.000 -9999.000 -9999.000 -9999.000 -9999.000 -9999.000 -9999.000 -9999.000 0.2159189E-02 0.6311575E-02 0.1309215E-01 0.2051401E-01 0.2739498E-01 0.3298317E-01 0.3701434E-01 0.3937883E-01 0.4009192E-01 0.3926075E-01 0.3697896E-01 0.3332283E-01 0.2821144E-01 0.2083324E-01 0.1090924E-01 0.1090924E-01 -9999.000 -9999.000 -9999.000 -9999.000 -9999.000 -9999.000 -9999.000 -9999.000 -9999.000 -9999.000 -9999.000 -9999.000 -9999.000 -9999.000 -9999.000 -9999.000 -9999.000 -9999.000 -9999.000 -9999.000 -9999.000 -9999.000 -9999.000 -9999.000 -9999.000 -9999.000 -9999.000
-9999.000 -9999.000 -9999.000 -9999.000 -9999.000 -9999.000 -9999.000 -9999.000 -9999.000 -9999.000 -9999.000 -9999.000 -9999.000 -9999.000 -9999.000 0.2387389E-02 0.6820345E-02 0.1393946E-01 0.2170092E-01 0.2888837E-01 0.3472850E-01 0.3896191E-01 0.4148088E-01 0.4230596E-01 0.4155296E-01 0.3931533E-01 0.3566714E-01 0.3050726E-01 0.2291910E-01 0.1218190E-01 0.1218190E-01 -9999.000 -9999.000 -9999.000 -9999.000 -9999.000 -9999.000 -9999.000 -9999.000 -9999.000 -9999.000 -9999.000 -9999.000 -9999.000 -9999.000 -9999.000 -9999.000 -9999.000 -9999.000 -9999.000 -9999.000 -9999.000 -9999.000 -9999.000 -9999.000 -9999.000 -9999.000 -9999.000
-9999.000 -9999.000 -9999.000 -9999.000 -9999.000 -9999.000 -9999.000 -9999.000 -9999.000 -9999.000 -9999.000 -9999.000 -9999.000 -9999.000 -9999.000 0.2657453E-02 0.7414582E-02 0.1491433E-01 0.2305223E-01 0.3057778E-01 0.3669623E-01 0.4115727E-01 0.4385667E-01 0.4482209E-01 0.4417938E-01 0.4202244E-01 0.3842238E-01 0.3325361E-01 0.2547214E-01 0.1376201E-01 0.1376201E-01 -9999.000 -9999.000 -9999.000 -9999.000 -9999.000 -9999.000 -9999.000 -9999.000 -9999.000 -9999.000 -9999.000 -9999.000 -9999.000 -9999.000 -9999.000 -9999.000 -9999.000 -9999.000 -9999.000 -9999.000 -9999.000 -9999.000 -9999.000 -9999.000 -9999.000 -9999.000 -9999.000
-9999.000 -9999.000 -9999.000 -9999.000 -9999.000 -9999.000 -9999.000 -9999.000 -9999.000 -9999.000 -9999.000 -9999.000 -9999.000 -9999.000 -9999.000 0.2980100E-02 0.8116515E-02 0.1605157E-01 0.2461443E-01 0.3251905E-01 0.3895134E-01 0.4367452E-01 0.4658940E-01 0.4773374E-01 0.4724622E-01 0.4522011E-01 0.4172399E-01 0.3660289E-01 0.2865916E-01 0.1576287E-01 0.1576287E-01 -9999.000 -9999.000 -9999.000 -9999.000 -9999.000 -9999.000 -9999.000 -9999.000 -9999.000 -9999.000 -9999.000 -9999.000 -9999.000 -9999.000 -9999.000 -9999.000 -9999.000 -9999.000 -9999.000 -9999.000 -9999.000 -9999.000 -9999.000 -9999.000 -9999.000 -9999.000 -9999.000
-9999.000 -9999.000 -9999.000 -9999.000 -9999.000 -9999.000 -9999.000 -9999.000 -9999.000 -9999.000 -9999.000 -9999.000 -9999.000 -9999.000 -9999.000 0.3374404E-02 0.8966782E-02 0.1741440E-01 0.2646930E-01 0.3480765E-01 0.4160048E-01 0.4663114E-01 0.4980827E-01 0.5118301E-01 0.5091059E-01 0.4908497E-01 0.4577193E-01 0.4078161E-01 0.3272878E-01 0.1835315E-01 0.1835315E-01 -9999.000 -9999.000 -9999.000 -9999.000 -9999.000 -9999.000 -9999.000 -9999.000 -9999.000 -9999.000 -9999.000 -9999.000 -9999.000 -9999.000 -9999.000 -9999.000 -9999.000 -9999.000 -9999.000 -9999.000 -9999.000 -9999.000 -9999.000 -9999.000 -9999.000 -9999.000 -9999.000
-9999.000 -9999.000 -9999.000 -9999.000 -9999.000 -9999.000 -9999.000 -9999.000 -9999.000 -9999.000 -9999.000 -9999.000 -9999.000 -9999.000 -9999.000 0.4525031E-02 0.1139669E-01 0.2124334E-01 0.3092491E-01 0.3947190E-01 0.4642525E-01 0.5156044E-01 0.5481695E-01 0.5627454E-01 0.5611333E-01 0.5442717E-01 0.5127705E-01 0.4642631E-01 0.3825385E-01 0.2189834E-01 0.2189834E-01 -9999.000 -9999.000 -9999.000 -9999.000 -9999.000 -9999.000 -9999.000 -9999.000 -9999.000 -9999.000 -9999.000 -9999.000 -9999.000 -9999.000 -9999.000 -9999.000 -9999.000 -9999.000 -9999.000 -9999.000 -9999.000 -9999.000 -9999.000 -9999.000 -9999.000 -9999.000 -9999.000
-9999.000 -9999.000 -9999.000 -9999.000 -9999.000 -9999.000 -9999.000 -9999.000 -9999.000 -9999.000 -9999.000 -9999.000 -9999.000 -9999.000 -9999.000 0.7537398E-01 0.1155160 0.1350917 0.1292270 0.1148642 0.1043124 0.9473721E-01 0.8601066E-01 0.7807748E-01 0.7078131E-01 0.6384952E-01 0.5703061E-01 0.4973767E-01 0.3989943E-01 0.1941489E-01 0.1941489E-01 -9999.000 -9999.000 -9999.000 -9999.000 -9999.000 -9999.000 -9999.000 -9999.000 -9999.000 -9999.000 -9999.000 -9999.000 -9999.000 -9999.000 -9999.000 -9999.000 -9999.000 -9999.000 -9999.000 -9999.000 -9999.000 -9999.000 -9999.000 -9999.000 -9999.000 -9999.000 -9999.000
2.774415 2.774415 2.768111 2.824909 2.831272 2.831272 2.834451 2.836610 2.836610 2.835187 2.835187 2.831179 2.828434 2.825290 2.821805 2.821805 2.934750 2.937598 2.937981 2.926748 2.892232 2.836396 2.758688 2.657222 2.534354 2.392677 2.234763 2.068859 1.917845 1.848740 1.848740 2.656555 2.827600 2.928428 2.954238 2.954238 2.990869 2.990869 2.983612 2.983612 2.947024 2.788751 2.788751 2.501994 2.501994 2.095577 2.095577 2.095577 2.064585 2.064585 2.088023 2.088023 2.131484 2.131484 2.179075 2.179075 2.222703 2.222703
2.796849 2.796849 2.795179 2.874354 2.892298 2.892298 2.906868 2.931423 2.931423 2.952139 2.952139 2.970102 2.978278 2.986008 2.993353 2.993353 3.073999 3.089232 3.102502 3.112879 3.117626 3.115957 3.105715 3.083661 3.047545 2.995439 2.925659 2.838819 2.741042 2.657613 2.657613 3.090858 3.244420 3.393421 3.434290 3.434290 3.482662 3.482662 3.489566 3.489566 3.473204 3.384365 3.384365 3.212505 3.212505 2.909309 2.909309 2.909309 2.874979 2.874979 2.900401 2.900401 2.946912 2.946912 2.997118 2.997118 3.043720 3.043720
2.801079 2.801079 2.798277 2.874156 2.892492 2.892492 2.907503 2.932717 2.932717 2.954039 2.954039 2.972692 2.981255 2.989399 2.997178 2.997178 3.067614 3.093431 3.117278 3.138529 3.155715 3.168413 3.175983 3.177091 3.170517 3.154884 3.128493 3.090500 3.043391 3.002750 3.002750 3.244602 3.394745 3.569714 3.621344 3.621344 3.677286 3.677286 3.674309 3.674309 3.649722 3.557176 3.557176 3.426837 3.426837 3.190550 3.190550 3.190550 3.142896 3.142896 3.155750 3.155750 3.193603 3.193603 3.237716 3.237716 3.279856 3.279856
2.803121 2.803121 2.802954 2.873531 2.892017 2.892017 2.907290 2.932711 2.932711 2.954028 2.954028 2.972657 2.981212 2.989354 2.997138 2.997138 3.061325 3.096030 3.129755 3.160530 3.186717 3.207624 3.222911 3.232129 3.234961 3.231112 3.220043 3.201480 3.177017 3.156695 3.156695 3.302382 3.434560 3.617453 3.675367 3.675367 3.731150 3.731150 3.707897 3.707897 3.671367 3.579278 3.579278 3.490551 3.490551 3.322331 3.322331 3.322331 3.267109 3.267109 3.266060 3.266060 3.294441 3.294441 3.333094 3.333094 3.371871 3.371871
2.800304 2.800304 2.810477 2.873043 2.891669 2.891669 2.907194 2.932838 2.932838 2.954170 2.954170 2.972794 2.981350 2.989495 2.997279 2.997279 3.059431 3.101882 3.144567 3.184118 3.218528 3.246818 3.268567 3.283515 3.291601 3.292929 3.287614 3.275992 3.259624 3.245613 3.245613 3.333641 3.441562 3.615359 3.671094 3.671094 3.707491 3.707491 3.654770 3.654770 3.612113 3.541952 3.541952 3.499689 3.499689 3.399025 3.399025 3.399025 3.345345 3.345345 3.331309 3.331309 3.347905 3.347905 3.379118 3.379118 3.413310 3.413310
2.800212 2.800212 2.815159 2.872569 2.891297 2.891297 2.907024 2.932856 2.932856 2.954197 2.954197 2.972807 2.981359 2.989503 2.997287 2.997287 3.062480 3.112242 3.163022 3.210426 3.252170 3.287122 3.314776 3.334905 3.347485 3.352675 3.350763 3.342283 3.328673 3.315129 3.315129 3.364693 3.445507 3.591925 3.632495 3.632495 3.624099 3.624099 3.547293 3.547293 3.514559 3.487478 3.487478 3.488826 3.488826 3.447394 3.447394 3.447394 3.404250 3.404250 3.381956 3.381956 3.386166 3.386166 3.407735 3.407735 3.435324 3.435324
2.800160 2.800160 2.817941 2.872291 2.891062 2.891062 2.906912 2.932864 2.932864 2.954211 2.954211 2.972811 2.981361 2.989503 2.997288 2.997288 3.071393 3.128618 3.186758 3.240965 3.288914 3.329488 3.362198 3.386851 3.403430 3.412071 3.413044 3.406844 3.394623 3.380026 3.380026 3.403036 3.456129 3.552406 3.558868 3.558868 3.489401 3.489401 3.422721 3.422721 3.415297 3.436555 3.436555 3.471636 3.471636 3.477110 3.477110 3.477110 3.450428 3.450428 3.426641 3.426641 3.420500 3.420500 3.431216 3.431216 3.450212 3.450212
2.800143 2.800143 2.818864 2.872200 2.890982 2.890982 2.906873 2.932868 2.932868 2.954217 2.954217 2.972814 2.981363 2.989505 2.997288 2.997288 3.087216 3.152455 3.217340 3.277226 3.330059 3.374940 3.411523 3.439711 3.459534 3.471112 3.474652 3.470523 3.459529 3.443890 3.443890 3.448056 3.472710 3.484139 3.435462 3.435462 3.324753 3.324753 3.310451 3.310451 3.332184 3.392370 3.392370 3.450708 3.450708 3.491737 3.491737 3.491737 3.483801 3.483801 3.464940 3.464940 3.452712 3.452712 3.452962 3.452962 3.461989 3.461989
2.800160 2.800160 2.817942 2.872291 2.891062 2.891062 2.906912 2.932865 2.932865 2.954211 2.954211 2.972812 2.981362 2.989504 2.997288 2.997288 3.111445 3.185412 3.256428 3.320731 3.376912 3.424513 3.463473 3.493883 3.515868 3.529569 3.535144 3.532832 3.523040 3.506361 3.506361 3.495093 3.485613 3.360301 3.254034 3.254034 3.168390 3.168390 3.224821 3.224821 3.268251 3.353407 3.353407 3.427148 3.427148 3.494680 3.494680 3.494680 3.504786 3.504786 3.495211 3.495211 3.481345 3.481345 3.473037 3.473037 3.471642 3.471642
2.800212 2.800212 2.815158 2.872569 2.891296 2.891296 2.907024 2.932855 2.932855 2.954196 2.954196 2.972807 2.981359 2.989503 2.997287 2.997287 3.146299 3.229573 3.305864 3.373031 3.430713 3.479135 3.518671 3.549680 3.572440 3.587153 3.593955 3.592960 3.584040 3.564963 3.564963 3.534198 3.469974 3.162257 3.041808 3.041808 3.051454 3.051454 3.161920 3.161920 3.217259 3.316705 3.316705 3.400895 3.400895 3.488024 3.488024 3.488024 3.513717 3.513717 3.515239 3.515239 3.503658 3.503658 3.489572 3.489572 3.478304 3.478304
2.800303 2.800303 2.810478 2.873044 2.891668 2.891668 2.907194 2.932837 2.932837 2.954170 2.954170 2.972795 2.981351 2.989495 2.997279 2.997279 3.195102 3.287662 3.367733 3.435631 3.492485 3.539433 3.577410 3.607109 3.629001 3.643365 3.650341 3.649892 3.640738 3.613163 3.613163 3.540353 3.374949 2.919858 2.859893 2.859893 2.973058 2.973058 3.109443 3.109443 3.170407 3.278244 3.278244 3.369948 3.369948 3.471456 3.471456 3.471456 3.509630 3.509630 3.521964 3.521964 3.515090 3.515090 3.498096 3.498096 3.478400 3.478400
