simulation_files/asc/Velocity__x_165.0.asc
NCOLS        79
NROWS        79
XLLCENTER         -1.500000
YLLCENTER         -4.800000
CELLSIZE           0.100
NODATA_VALUE     -9999.0
[rows 0 to 25 of 79, columns 0 to 57 of 79]
-9999.000 -9999.000 -9999.000 -9999.000 -9999.000 -9999.000 -9999.000 -9999.000 -9999.000 -9999.000 -9999.000 -9999.000 -9999.000 -9999.000 -9999.000 0.6100149E-03 0.2376786E-02 0.5354218E-02 0.8273225E-02 0.1084950E-01 0.1292786E-01 0.1440772E-01 0.1526461E-01 0.1553341E-01 0.1525510E-01 0.1447657E-01 0.1321867E-01 0.1133321E-01 0.8111440E-02 0.3985472E-02 0.3985472E-02 -9999.000 -9999.000 -9999.000 -9999.000 -9999.000 -9999.000 -9999.000 -9999.000 -9999.000 -9999.000 -9999.000 -9999.000 -9999.000 -9999.000 -9999.000 -9999.000 -9999.000 -9999.000 -9999.000 -9999.000 -9999.000 -9999.000 -9999.000 -9999.000 -9999.000 -9999.000 -9999.000
-9999.000 -9999.000 -9999.000 -9999.000 -9999.000 -9999.000 -9999.000 -9999.000 -9999.000 -9999.000 -9999.000 -9999.000 -9999.000 -9999.000 -9999.000 0.1691502E-02 0.4571743E-02 0.8656659E-02 0.1260853E-01 0.1609885E-01 0.1892226E-01 0.2093492E-01 0.2207472E-01 0.2234620E-01 0.2177179E-01 0.2038918E-01 0.1822184E-01 0.1515231E-01 0.1058891E-01 0.5194986E-02 0.5194986E-02 -9999.000 -9999.000 -9999.000 -9999.000 -9999.000 -9999.000 -9999.000 -9999.000 -9999.000 -9999.000 -9999.000 -9999.000 -9999.000 -9999.000 -9999.000 -9999.000 -9999.000 -9999.000 -9999.000 -9999.000 -9999.000 -9999.000 -9999.000 -9999.000 -9999.000 -9999.000 -9999.000
-9999.000 -9999.000 -9999.000 -9999.000 -9999.000 -9999.000 -9999.000 -9999.000 -9999.000 -9999.000 -9999.000 -9999.000 -9999.000 -9999.000 -9999.000 0.2269661E-02 0.5791701E-02 0.1057261E-01 0.1516044E-01 0.1919647E-01 0.2245168E-01 0.2476202E-01 0.2605163E-01 0.2631774E-01 0.2558045E-01 0.2388218E-01 0.2125699E-01 0.1759938E-01 0.1231057E-01 0.6077347E-02 0.6077347E-02 -9999.000 -9999.000 -9999.000 -9999.000 -9999.000 -9999.000 -9999.000 -9999.000 -9999.000 -9999.000 -9999.000 -9999.000 -9999.000 -9999.000 -9999.000 -9999.000 -9999.000 -9999.000 -9999.000 -9999.000 -9999.000 -9999.000 -9999.000 -9999.000 -9999.000 -9999.000 -9999.000
-9999.000 -9999.000 -9999.000 -9999.000 -9999.000 -9999.000 -9999.000 -9999.000 -9999.000 -9999.000 -9999.000 -9999.000 -9999.000 -9999.000 -9999.000 0.2637130E-02 0.6572987E-02 0.1181075E-01 0.1682246E-01 0.2122527E-01 0.2477380E-01 0.2729186E-01 0.2869577E-01 0.2897995E-01 0.2816496E-01 0.2629622E-01 0.2341326E-01 0.1940966E-01 0.1365751E-01 0.6796597E-02 0.6796597E-02 -9999.000 -9999.000 -9999.000 -9999.000 -9999.000 -9999.000 -9999.000 -9999.000 -9999.000 -9999.000 -9999.000 -9999.000 -9999.000 -9999.000 -9999.000 -9999.000 -9999.000 -9999.000 -9999.000 -9999.000 -9999.000 -9999.000 -9999.000 -9999.000 -9999.000 -9999.000 -9999.000
-9999.000 -9999.000 -9999.000 -9999.000 -9999.000 -9999.000 -9999.000 -9999.000 -9999.000 -9999.000 -9999.000 -9999.000 -9999.000 -9999.000 -9999.000 0.2909766E-02 0.7154877E-02 0.1273836E-01 0.1807621E-01 0.2276523E-01 0.2654720E-01 0.2923672E-01 0.3074534E-01 0.3106691E-01 0.3022215E-01 0.2825821E-01 0.2521734E-01 0.2098594E-01 0.1489250E-01 0.7479998E-02 0.7479998E-02 -9999.000 -9999.000 -9999.000 -9999.000 -9999.000 -9999.000 -9999.000 -9999.000 -9999.000 -9999.000 -9999.000 -9999.000 -9999.000 -9999.000 -9999.000 -9999.000 -9999.000 -9999.000 -9999.000 -9999.000 -9999.000 -9999.000 -9999.000 -9999.000 -9999.000 -9999.000 -9999.000
-9999.000 -9999.000 -9999.000 -9999.000 -9999.000 -9999.000 -9999.000 -9999.000 -9999.000 -9999.000 -9999.000 -9999.000 -9999.000 -9999.000 -9999.000 0.3145431E-02 0.7658371E-02 0.1354332E-01 0.1916940E-01 0.2411394E-01 0.2810783E-01 0.3095797E-01 0.3257307E-01 0.3294765E-01 0.3210210E-01 0.3008587E-01 0.2694142E-01 0.2254387E-01 0.1616517E-01 0.8204007E-02 0.8204007E-02 -9999.000 -9999.000 -9999.000 -9999.000 -9999.000 -9999.000 -9999.000 -9999.000 -9999.000 -9999.000 -9999.000 -9999.000 -9999.000 -9999.000 -9999.000 -9999.000 -9999.000 -9999.000 -9999.000 -9999.000 -9999.000 -9999.000 -9999.000 -9999.000 -9999.000 -9999.000 -9999.000
-9999.000 -9999.000 -9999.000 -9999.000 -9999.000 -9999.000 -9999.000 -9999.000 -9999.000 -9999.000 -9999.000 -9999.000 -9999.000 -9999.000 -9999.000 0.3373244E-02 0.8144728E-02 0.1432147E-01 0.2022835E-01 0.2542371E-01 0.2962848E-01 0.3264263E-01 0.3437301E-01 0.3481554E-01 0.3399164E-01 0.3195196E-01 0.2873871E-01 0.2421174E-01 0.1757295E-01 0.9021840E-02 0.9021840E-02 -9999.000 -9999.000 -9999.000 -9999.000 -9999.000 -9999.000 -9999.000 -9999.000 -9999.000 -9999.000 -9999.000 -9999.000 -9999.000 -9999.000 -9999.000 -9999.000 -9999.000 -9999.000 -9999.000 -9999.000 -9999.000 -9999.000 -9999.000 -9999.000 -9999.000 -9999.000 -9999.000
-9999.000 -9999.000 -9999.000 -9999.000 -9999.000 -9999.000 -9999.000 -9999.000 -9999.000 -9999.000 -9999.000 -9999.000 -9999.000 -9999.000 -9999.000 0.3608974E-02 0.8647162E-02 0.1512467E-01 0.2132224E-01 0.2677834E-01 0.3120482E-01 0.3439516E-01 0.3625506E-01 0.3678330E-01 0.3600246E-01 0.3396454E-01 0.3071135E-01 0.2608262E-01 0.1919519E-01 0.9980565E-02 0.9980565E-02 -9999.000 -9999.000 -9999.000 -9999.000 -9999.000 -9999.000 -9999.000 -9999.000 -9999.000 -9999.000 -9999.000 -9999.000 -9999.000 -9999.000 -9999.000 -9999.000 -9999.000 -9999.000 -9999.000 -9999.000 -9999.000 -9999.000 -9999.000 -9999.000 -9999.000 -9999.000 -9999.000
-9999.000 -9999.000 -9999.000 -9999.000 -9999.000 -9999.000 -9999.000 -9999.000 -9999.000 -9999.000 -9999.000 -9999.000 -9999.000 -9999.000 -9999.000 0.3861919E-02 0.9185782E-02 0.1598481E-01 0.2249382E-01 0.2823070E-01 0.3289792E-01 0.3628364E-01 0.3829342E-01 0.3892997E-01 0.3821716E-01 0.3620884E-01 0.3294579E-01 0.2824347E-01 0.2111536E-01 0.1113331E-01 0.1113331E-01 -9999.000 -9999.000 -9999.000 -9999.000 -9999.000 -9999.000 -9999.000 -9999.000 -9999.000 -9999.000 -9999.000 -9999.000 -9999.000 -9999.000 -9999.000 -9999.000 -9999.000 -9999.000 -9999.000 -9999.000 -9999.000 -9999.000 -9999.000 -9999.000 -9999.000 -9999.000 -9999.000
-9999.000 -9999.000 -9999.000 -9999.000 -9999.000 -9999.000 -9999.000 -9999.000 -9999.000 -9999.000 -9999.000 -9999.000 -9999.000 -9999.000 -9999.000 0.4139395E-02 0.9776366E-02 0.1692758E-01 0.2377758E-01 0.2982335E-01 0.3475874E-01 0.3836666E-01 0.4055345E-01 0.4132752E-01 0.4071450E-01 0.3877066E-01 0.3553532E-01 0.3079424E-01 0.2343608E-01 0.1254747E-01 0.1254747E-01 -9999.000 -9999.000 -9999.000 -9999.000 -9999.000 -9999.000 -9999.000 -9999.000 -9999.000 -9999.000 -9999.000 -9999.000 -9999.000 -9999.000 -9999.000 -9999.000 -9999.000 -9999.000 -9999.000 -9999.000 -9999.000 -9999.000 -9999.000 -9999.000 -9999.000 -9999.000 -9999.000
-9999.000 -9999.000 -9999.000 -9999.000 -9999.000 -9999.000 -9999.000 -9999.000 -9999.000 -9999.000 -9999.000 -9999.000 -9999.000 -9999.000 -9999.000 0.4449049E-02 0.1043535E-01 0.1797897E-01 0.2520949E-01 0.3160189E-01 0.3684190E-01 0.4070780E-01 0.4310830E-01 0.4405899E-01 0.4358814E-01 0.4175511E-01 0.3859825E-01 0.3386714E-01 0.2629886E-01 0.1431780E-01 0.1431780E-01 -9999.000 -9999.000 -9999.000 -9999.000 -9999.000 -9999.000 -9999.000 -9999.000 -9999.000 -9999.000 -9999.000 -9999.000 -9999.000 -9999.000 -9999.000 -9999.000 -9999.000 -9999.000 -9999.000 -9999.000 -9999.000 -9999.000 -9999.000 -9999.000 -9999.000 -9999.000 -9999.000
-9999.000 -9999.000 -9999.000 -9999.000 -9999.000 -9999.000 -9999.000 -9999.000 -9999.000 -9999.000 -9999.000 -9999.000 -9999.000 -9999.000 -9999.000 0.4800262E-02 0.1118339E-01 0.1917299E-01 0.2683619E-01 0.3362489E-01 0.3921784E-01 0.4338975E-01 0.4605356E-01 0.4723447E-01 0.4696418E-01 0.4530663E-01 0.4229981E-01 0.3764916E-01 0.2990777E-01 0.1658242E-01 0.1658242E-01 -9999.000 -9999.000 -9999.000 -9999.000 -9999.000 -9999.000 -9999.000 -9999.000 -9999.000 -9999.000 -9999.000 -9999.000 -9999.000 -9999.000 -9999.000 -9999.000 -9999.000 -9999.000 -9999.000 -9999.000 -9999.000 -9999.000 -9999.000 -9999.000 -9999.000 -9999.000 -9999.000
-9999.000 -9999.000 -9999.000 -9999.000 -9999.000 -9999.000 -9999.000 -9999.000 -9999.000 -9999.000 -9999.000 -9999.000 -9999.000 -9999.000 -9999.000 0.5207308E-02 0.1205134E-01 0.2055902E-01 0.2872490E-01 0.3597700E-01 0.4198916E-01 0.4653292E-01 0.4952837E-01 0.5101400E-01 0.5102657E-01 0.4963713E-01 0.4688432E-01 0.4242054E-01 0.3457319E-01 0.1955213E-01 0.1955213E-01 -9999.000 -9999.000 -9999.000 -9999.000 -9999.000 -9999.000 -9999.000 -9999.000 -9999.000 -9999.000 -9999.000 -9999.000 -9999.000 -9999.000 -9999.000 -9999.000 -9999.000 -9999.000 -9999.000 -9999.000 -9999.000 -9999.000 -9999.000 -9999.000 -9999.000 -9999.000 -9999.000
-9999.000 -9999.000 -9999.000 -9999.000 -9999.000 -9999.000 -9999.000 -9999.000 -9999.000 -9999.000 -9999.000 -9999.000 -9999.000 -9999.000 -9999.000 0.5783949E-02 0.1325173E-01 0.2242935E-01 0.3121323E-01 0.3901761E-01 0.4552094E-01 0.5050180E-01 0.5389780E-01 0.5576908E-01 0.5616227E-01 0.5515951E-01 0.5280253E-01 0.4867872E-01 0.4083554E-01 0.2360625E-01 0.2360625E-01 -9999.000 -9999.000 -9999.000 -9999.000 -9999.000 -9999.000 -9999.000 -9999.000 -9999.000 -9999.000 -9999.000 -9999.000 -9999.000 -9999.000 -9999.000 -9999.000 -9999.000 -9999.000 -9999.000 -9999.000 -9999.000 -9999.000 -9999.000 -9999.000 -9999.000 -9999.000 -9999.000
-9999.000 -9999.000 -9999.000 -9999.000 -9999.000 -9999.000 -9999.000 -9999.000 -9999.000 -9999.000 -9999.000 -9999.000 -9999.000 -9999.000 -9999.000 0.3321972E-01 0.5164602E-01 0.6114675E-01 0.6569833E-01 0.6909227E-01 0.7068495E-01 0.7074536E-01 0.6961991E-01 0.6758155E-01 0.6476772E-01 0.6130376E-01 0.5718035E-01 0.5183504E-01 0.4301144E-01 0.2144509E-01 0.2144509E-01 -9999.000 -9999.000 -9999.000 -9999.000 -9999.000 -9999.000 -9999.000 -9999.000 -9999.000 -9999.000 -9999.000 -9999.000 -9999.000 -9999.000 -9999.000 -9999.000 -9999.000 -9999.000 -9999.000 -9999.000 -9999.000 -9999.000 -9999.000 -9999.000 -9999.000 -9999.000 -9999.000
2.638655 2.638655 2.680979 2.720128 2.725095 2.725095 2.727764 2.729168 2.729168 2.727304 2.727304 2.723276 2.720650 2.717694 2.714449 2.714449 2.778280 2.779441 2.770277 2.745117 2.702291 2.640067 2.556273 2.451948 2.328785 2.188166 2.034120 1.876222 1.739144 1.687511 1.687511 2.499793 2.663898 2.752734 2.774129 2.774129 2.800870 2.800870 2.776478 2.776478 2.730073 2.546577 2.546577 2.128995 2.128995 1.906359 1.906359 1.906359 1.902241 1.902241 1.936662 1.936662 1.982471 1.982471 2.028990 2.028990 2.069825 2.069825
2.656609 2.656609 2.713409 2.768752 2.784618 2.784618 2.798158 2.821175 2.821175 2.840750 2.840750 2.857992 2.865936 2.873502 2.880735 2.880735 2.926784 2.937560 2.946977 2.953419 2.955371 2.950551 2.935981 2.909328 2.868489 2.811396 2.737169 2.647281 2.548601 2.480049 2.480049 2.918949 3.071517 3.214334 3.252043 3.252043 3.293169 3.293169 3.289760 3.289760 3.266585 3.162076 3.162076 2.935317 2.935317 2.704791 2.704791 2.704791 2.699466 2.699466 2.735534 2.735534 2.784461 2.784461 2.833736 2.833736 2.877814 2.877814
2.660799 2.660799 2.717415 2.769073 2.785133 2.785133 2.798912 2.822445 2.822445 2.842606 2.842606 2.860526 2.868845 2.876812 2.884468 2.884468 2.925929 2.944927 2.964147 2.981867 2.996781 3.007677 3.013117 3.011874 3.002653 2.983790 2.953812 2.912403 2.862770 2.827333 2.827333 3.080621 3.229409 3.398184 3.446226 3.446226 3.493503 3.493503 3.480435 3.480435 3.450604 3.351948 3.351948 3.199944 3.199944 2.992207 2.992207 2.992207 2.971907 2.971907 2.997360 2.997360 3.038651 3.038651 3.081930 3.081930 3.121441 3.121441
2.664155 2.664155 2.720514 2.769001 2.785052 2.785052 2.798876 2.822464 2.822464 2.842636 2.842636 2.860565 2.868892 2.876868 2.884535 2.884535 2.924329 2.950797 2.978714 3.005126 3.028211 3.046823 3.060074 3.067422 3.068483 3.062712 3.049531 3.028859 3.002729 2.985448 2.985448 3.140643 3.273309 3.450524 3.504114 3.504114 3.548832 3.548832 3.516050 3.516050 3.477521 3.388838 3.388838 3.293538 3.293538 3.129246 3.129246 3.129246 3.095415 3.095415 3.108517 3.108517 3.142272 3.142272 3.181129 3.181129 3.217681 3.217681
2.666733 2.666733 2.722889 2.768944 2.784964 2.784964 2.798826 2.822466 2.822466 2.842641 2.842641 2.860564 2.868890 2.876866 2.884532 2.884532 2.925914 2.959469 2.995522 3.029958 3.060457 3.085721 3.104952 3.117740 3.123968 3.123604 3.116697 3.103672 3.086374 3.074656 3.074656 3.170814 3.281049 3.449845 3.500042 3.500042 3.523131 3.523131 3.465093 3.465093 3.425984 3.366148 3.366148 3.322657 3.322657 3.212454 3.212454 3.212454 3.171461 3.171461 3.170981 3.170981 3.194939 3.194939 3.227962 3.227962 3.260796 3.260796
2.668555 2.668555 2.724567 2.768906 2.784887 2.784887 2.798781 2.822468 2.822468 2.842645 2.842645 2.860564 2.868889 2.876863 2.884530 2.884530 2.931517 2.972247 3.015920 3.057643 3.094817 3.126069 3.150634 3.168133 3.178472 3.181729 3.178145 3.168319 3.153919 3.141972 3.141972 3.198323 3.282677 3.423750 3.456847 3.456847 3.436553 3.436553 3.366921 3.366921 3.342072 3.325716 3.325716 3.325667 3.325667 3.268879 3.268879 3.268879 3.229830 3.229830 3.218098 3.218098 3.230644 3.230644 3.255672 3.255672 3.283072 3.283072
2.669639 2.669639 2.725569 2.768885 2.784837 2.784837 2.798750 2.822469 2.822469 2.842649 2.842649 2.860564 2.868888 2.876863 2.884529 2.884529 2.941985 2.990364 3.041224 3.089405 3.132318 3.168666 3.197782 3.219342 3.233259 3.239607 3.238618 3.230827 3.217579 3.203757 3.203757 3.231918 3.288572 3.376103 3.373370 3.373370 3.303152 3.303152 3.256282 3.256282 3.256915 3.284435 3.284435 3.316563 3.316563 3.305832 3.305832 3.305832 3.276863 3.276863 3.259235 3.259235 3.260836 3.260836 3.276218 3.276218 3.296317 3.296317
2.669999 2.669999 2.725902 2.768878 2.784820 2.784820 2.798739 2.822469 2.822469 2.842651 2.842651 2.860564 2.868888 2.876863 2.884528 2.884528 2.958415 3.015164 3.072826 3.126545 3.174069 3.214367 3.246971 3.271688 3.288476 3.297403 3.298643 3.292594 3.280193 3.264470 3.264470 3.271794 3.298089 3.292794 3.238336 3.238336 3.149649 3.149649 3.158435 3.158435 3.184807 3.246038 3.246038 3.300364 3.300364 3.326628 3.326628 3.326628 3.312664 3.312664 3.295419 3.295419 3.288674 3.288674 3.293900 3.293900 3.305124 3.305124
2.669639 2.669639 2.725569 2.768884 2.784837 2.784837 2.798750 2.822469 2.822469 2.842649 2.842649 2.860564 2.868888 2.876863 2.884529 2.884529 2.982343 3.048245 3.112255 3.170431 3.221214 3.264051 3.298797 3.325470 3.344138 3.354896 3.357872 3.353312 3.341708 3.324095 3.324095 3.313372 3.300134 3.149889 3.053862 3.053862 3.012182 3.012182 3.084248 3.084248 3.128355 3.210963 3.210963 3.280176 3.280176 3.334765 3.334765 3.334765 3.337134 3.337134 3.325404 3.325404 3.314194 3.314194 3.310054 3.310054 3.311447 3.311447
2.668555 2.668555 2.724568 2.768906 2.784888 2.784888 2.798781 2.822468 2.822468 2.842646 2.842646 2.860564 2.868888 2.876863 2.884530 2.884530 3.016001 3.091636 3.161247 3.222484 3.274856 3.318509 3.353756 3.380902 3.400180 3.411751 3.415726 3.412212 3.401098 3.380158 3.380158 3.345546 3.265794 2.941717 2.857451 2.857451 2.911833 2.911833 3.026351 3.026351 3.080206 3.175725 3.175725 3.255431 3.255431 3.331392 3.331392 3.331392 3.348983 3.348983 3.345781 3.345781 3.334002 3.334002 3.322434 3.322434 3.313986 3.313986
2.666733 2.666733 2.722888 2.768944 2.784963 2.784963 2.798826 2.822466 2.822466 2.842642 2.842642 2.860564 2.868890 2.876866 2.884532 2.884532 3.062675 3.148001 3.221804 3.284114 3.335915 3.378264 3.412043 3.437903 3.456278 3.467416 3.471432 3.468269 3.456542 3.425716 3.425716 3.339440 3.140582 2.714132 2.704220 2.704220 2.840890 2.840890 2.975235 2.975235 3.034062 3.137799 3.137799 3.225195 3.225195 3.316902 3.316902 3.316902 3.347240 3.347240 3.353358 3.353358 3.343710 3.343710 3.327133 3.327133 3.309702 3.309702
