simulation_files/asc/Velocity__x_41.0.asc
NCOLS        79
NROWS        79
XLLCENTER         -1.500000
YLLCENTER         -4.800000
CELLSIZE           0.100
NODATA_VALUE     -9999.0
[rows 0 to 25 of 79, columns 0 to 57 of 79]
-9999.000 -9999.000 -9999.000 -9999.000 -9999.000 -9999.000 -9999.000 -9999.000 -9999.000 -9999.000 -9999.000 -9999.000 -9999.000 -9999.000 -9999.000 0.6062845E-03 0.2034300E-02 0.4146809E-02 0.6031525E-02 0.7611134E-02 0.8867677E-02 0.9781655E-02 0.1032379E-01 0.1045358E-01 0.1011551E-01 0.9232146E-02 0.7691039E-02 0.5325435E-02 0.1956218E-02 -0.2753578E-06 -0.2753578E-06 -9999.000 -9999.000 -9999.000 -9999.000 -9999.000 -9999.000 -9999.000 -9999.000 -9999.000 -9999.000 -9999.000 -9999.000 -9999.000 -9999.000 -9999.000 -9999.000 -9999.000 -9999.000 -9999.000 -9999.000 -9999.000 -9999.000 -9999.000 -9999.000 -9999.000 -9999.000 -9999.000
-9999.000 -9999.000 -9999.000 -9999.000 -9999.000 -9999.000 -9999.000 -9999.000 -9999.000 -9999.000 -9999.000 -9999.000 -9999.000 -9999.000 -9999.000 0.1478311E-02 0.4165459E-02 0.7870943E-02 0.1124759E-01 0.1413027E-01 0.1643864E-01 0.1810441E-01 0.1905659E-01 0.1921762E-01 0.1850128E-01 0.1681101E-01 0.1404082E-01 0.1008179E-01 0.4914661E-02 0.1314257E-02 0.1314257E-02 -9999.000 -9999.000 -9999.000 -9999.000 -9999.000 -9999.000 -9999.000 -9999.000 -9999.000 -9999.000 -9999.000 -9999.000 -9999.000 -9999.000 -9999.000 -9999.000 -9999.000 -9999.000 -9999.000 -9999.000 -9999.000 -9999.000 -9999.000 -9999.000 -9999.000 -9999.000 -9999.000
-9999.000 -9999.000 -9999.000 -9999.000 -9999.000 -9999.000 -9999.000 -9999.000 -9999.000 -9999.000 -9999.000 -9999.000 -9999.000 -9999.000 -9999.000 0.2309353E-02 0.6171377E-02 0.1136004E-01 0.1610239E-01 0.2017156E-01 0.2344098E-01 0.2580104E-01 0.2714416E-01 0.2736126E-01 0.2634176E-01 0.2397470E-01 0.2015208E-01 0.1477894E-01 0.7877192E-02 0.2655367E-02 0.2655367E-02 -9999.000 -9999.000 -9999.000 -9999.000 -9999.000 -9999.000 -9999.000 -9999.000 -9999.000 -9999.000 -9999.000 -9999.000 -9999.000 -9999.000 -9999.000 -9999.000 -9999.000 -9999.000 -9999.000 -9999.000 -9999.000 -9999.000 -9999.000 -9999.000 -9999.000 -9999.000 -9999.000
-9999.000 -9999.000 -9999.000 -9999.000 -9999.000 -9999.000 -9999.000 -9999.000 -9999.000 -9999.000 -9999.000 -9999.000 -9999.000 -9999.000 -9999.000 0.3136520E-02 0.8136975E-02 0.1474062E-01 0.2078458E-01 0.2598894E-01 0.3018760E-01 0.3323442E-01 0.3498747E-01 0.3530636E-01 0.3405323E-01 0.3109492E-01 0.2630758E-01 0.1958667E-01 0.1096402E-01 0.4073391E-02 0.4073391E-02 -9999.000 -9999.000 -9999.000 -9999.000 -9999.000 -9999.000 -9999.000 -9999.000 -9999.000 -9999.000 -9999.000 -9999.000 -9999.000 -9999.000 -9999.000 -9999.000 -9999.000 -9999.000 -9999.000 -9999.000 -9999.000 -9999.000 -9999.000 -9999.000 -9999.000 -9999.000 -9999.000
-9999.000 -9999.000 -9999.000 -9999.000 -9999.000 -9999.000 -9999.000 -9999.000 -9999.000 -9999.000 -9999.000 -9999.000 -9999.000 -9999.000 -9999.000 0.4004562E-02 0.1015020E-01 0.1813968E-01 0.2546211E-01 0.3179208E-01 0.3692761E-01 0.4068769E-01 0.4289499E-01 0.4337443E-01 0.4195401E-01 0.3846769E-01 0.3276041E-01 0.2469889E-01 0.1430251E-01 0.5626366E-02 0.5626366E-02 -9999.000 -9999.000 -9999.000 -9999.000 -9999.000 -9999.000 -9999.000 -9999.000 -9999.000 -9999.000 -9999.000 -9999.000 -9999.000 -9999.000 -9999.000 -9999.000 -9999.000 -9999.000 -9999.000 -9999.000 -9999.000 -9999.000 -9999.000 -9999.000 -9999.000 -9999.000 -9999.000
-9999.000 -9999.000 -9999.000 -9999.000 -9999.000 -9999.000 -9999.000 -9999.000 -9999.000 -9999.000 -9999.000 -9999.000 -9999.000 -9999.000 -9999.000 0.4961324E-02 0.1230091E-01 0.2168035E-01 0.3028928E-01 0.3776609E-01 0.4387558E-01 0.4840131E-01 0.5112807E-01 0.5184004E-01 0.5032174E-01 0.4636123E-01 0.3975440E-01 0.3031765E-01 0.1803112E-01 0.7380427E-02 0.7380427E-02 -9999.000 -9999.000 -9999.000 -9999.000 -9999.000 -9999.000 -9999.000 -9999.000 -9999.000 -9999.000 -9999.000 -9999.000 -9999.000 -9999.000 -9999.000 -9999.000 -9999.000 -9999.000 -9999.000 -9999.000 -9999.000 -9999.000 -9999.000 -9999.000 -9999.000 -9999.000 -9999.000
-9999.000 -9999.000 -9999.000 -9999.000 -9999.000 -9999.000 -9999.000 -9999.000 -9999.000 -9999.000 -9999.000 -9999.000 -9999.000 -9999.000 -9999.000 0.6057208E-02 0.1468061E-01 0.2548409E-01 0.3541401E-01 0.4408500E-01 0.5123090E-01 0.5659863E-01 0.5993097E-01 0.6096419E-01 0.5942809E-01 0.5504800E-01 0.4754928E-01 0.3666952E-01 0.2231345E-01 0.9416053E-02 0.9416053E-02 -9999.000 -9999.000 -9999.000 -9999.000 -9999.000 -9999.000 -9999.000 -9999.000 -9999.000 -9999.000 -9999.000 -9999.000 -9999.000 -9999.000 -9999.000 -9999.000 -9999.000 -9999.000 -9999.000 -9999.000 -9999.000 -9999.000 -9999.000 -9999.000 -9999.000 -9999.000 -9999.000
-9999.000 -9999.000 -9999.000 -9999.000 -9999.000 -9999.000 -9999.000 -9999.000 -9999.000 -9999.000 -9999.000 -9999.000 -9999.000 -9999.000 -9999.000 0.7343668E-02 0.1738216E-01 0.2967256E-01 0.4098330E-01 0.5092116E-01 0.5919171E-01 0.6550377E-01 0.6955342E-01 0.7102022E-01 0.6956577E-01 0.6483290E-01 0.5644771E-01 0.4403051E-01 0.2735871E-01 0.1183976E-01 0.1183976E-01 -9999.000 -9999.000 -9999.000 -9999.000 -9999.000 -9999.000 -9999.000 -9999.000 -9999.000 -9999.000 -9999.000 -9999.000 -9999.000 -9999.000 -9999.000 -9999.000 -9999.000 -9999.000 -9999.000 -9999.000 -9999.000 -9999.000 -9999.000 -9999.000 -9999.000 -9999.000 -9999.000
-9999.000 -9999.000 -9999.000 -9999.000 -9999.000 -9999.000 -9999.000 -9999.000 -9999.000 -9999.000 -9999.000 -9999.000 -9999.000 -9999.000 -9999.000 0.8871203E-02 0.2049662E-01 0.3436668E-01 0.4714496E-01 0.5845066E-01 0.6796446E-01 0.7535545E-01 0.8026778E-01 0.8231530E-01 0.8107562E-01 0.7608429E-01 0.6683093E-01 0.5276442E-01 0.3345673E-01 0.1480372E-01 0.1480372E-01 -9999.000 -9999.000 -9999.000 -9999.000 -9999.000 -9999.000 -9999.000 -9999.000 -9999.000 -9999.000 -9999.000 -9999.000 -9999.000 -9999.000 -9999.000 -9999.000 -9999.000 -9999.000 -9999.000 -9999.000 -9999.000 -9999.000 -9999.000 -9999.000 -9999.000 -9999.000 -9999.000
-9999.000 -9999.000 -9999.000 -9999.000 -9999.000 -9999.000 -9999.000 -9999.000 -9999.000 -9999.000 -9999.000 -9999.000 -9999.000 -9999.000 -9999.000 0.1068470E-01 0.2410729E-01 0.3968312E-01 0.5404766E-01 0.6685702E-01 0.7777182E-01 0.8641995E-01 0.9238915E-01 0.9521750E-01 0.9438115E-01 0.8927824E-01 0.7921252E-01 0.6338401E-01 0.4103771E-01 0.1854152E-01 0.1854152E-01 -9999.000 -9999.000 -9999.000 -9999.000 -9999.000 -9999.000 -9999.000 -9999.000 -9999.000 -9999.000 -9999.000 -9999.000 -9999.000 -9999.000 -9999.000 -9999.000 -9999.000 -9999.000 -9999.000 -9999.000 -9999.000 -9999.000 -9999.000 -9999.000 -9999.000 -9999.000 -9999.000
-9999.000 -9999.000 -9999.000 -9999.000 -9999.000 -9999.000 -9999.000 -9999.000 -9999.000 -9999.000 -9999.000 -9999.000 -9999.000 -9999.000 -9999.000 0.1281798E-01 0.2828230E-01 0.4572969E-01 0.6184086E-01 0.7633614E-01 0.8886252E-01 0.9900786E-01 0.1062994 0.1101909 0.1100383 0.1050664 0.9432776E-01 0.7666039E-01 0.5078733E-01 0.2343899E-01 0.2343899E-01 -9999.000 -9999.000 -9999.000 -9999.000 -9999.000 -9999.000 -9999.000 -9999.000 -9999.000 -9999.000 -9999.000 -9999.000 -9999.000 -9999.000 -9999.000 -9999.000 -9999.000 -9999.000 -9999.000 -9999.000 -9999.000 -9999.000 -9999.000 -9999.000 -9999.000 -9999.000 -9999.000
-9999.000 -9999.000 -9999.000 -9999.000 -9999.000 -9999.000 -9999.000 -9999.000 -9999.000 -9999.000 -9999.000 -9999.000 -9999.000 -9999.000 -9999.000 0.1528714E-01 0.3306584E-01 0.5260094E-01 0.7067595E-01 0.8710353E-01 0.1015268 0.1134974 0.1224835 0.1278489 0.1288131 0.1243879 0.1132910 0.9383099E-01 0.6388288E-01 0.3018667E-01 0.3018667E-01 -9999.000 -9999.000 -9999.000 -9999.000 -9999.000 -9999.000 -9999.000 -9999.000 -9999.000 -9999.000 -9999.000 -9999.000 -9999.000 -9999.000 -9999.000 -9999.000 -9999.000 -9999.000 -9999.000 -9999.000 -9999.000 -9999.000 -9999.000 -9999.000 -9999.000 -9999.000 -9999.000
-9999.000 -9999.000 -9999.000 -9999.000 -9999.000 -9999.000 -9999.000 -9999.000 -9999.000 -9999.000 -9999.000 -9999.000 -9999.000 -9999.000 -9999.000 0.1808449E-01 0.3847130E-01 0.6037700E-01 0.8071456E-01 0.9941223E-01 0.1161232 0.1303756 0.1415880 0.1490416 0.1518138 0.1486705 0.1378968 0.1170316 0.8253937E-01 0.4014926E-01 0.4014926E-01 -9999.000 -9999.000 -9999.000 -9999.000 -9999.000 -9999.000 -9999.000 -9999.000 -9999.000 -9999.000 -9999.000 -9999.000 -9999.000 -9999.000 -9999.000 -9999.000 -9999.000 -9999.000 -9999.000 -9999.000 -9999.000 -9999.000 -9999.000 -9999.000 -9999.000 -9999.000 -9999.000
-9999.000 -9999.000 -9999.000 -9999.000 -9999.000 -9999.000 -9999.000 -9999.000 -9999.000 -9999.000 -9999.000 -9999.000 -9999.000 -9999.000 -9999.000 0.2128627E-01 0.4464616E-01 0.6933471E-01 0.9235949E-01 0.1137845 0.1333017 0.1504492 0.1646340 0.1750935 0.1807990 0.1802825 0.1713289 0.1504055 0.1115938 0.5655585E-01 0.5655585E-01 -9999.000 -9999.000 -9999.000 -9999.000 -9999.000 -9999.000 -9999.000 -9999.000 -9999.000 -9999.000 -9999.000 -9999.000 -9999.000 -9999.000 -9999.000 -9999.000 -9999.000 -9999.000 -9999.000 -9999.000 -9999.000 -9999.000 -9999.000 -9999.000 -9999.000 -9999.000 -9999.000
-9999.000 -9999.000 -9999.000 -9999.000 -9999.000 -9999.000 -9999.000 -9999.000 -9999.000 -9999.000 -9999.000 -9999.000 -9999.000 -9999.000 -9999.000 0.3472231E-01 0.6343141E-01 0.9237564E-01 0.1181200 0.1415032 0.1627386 0.1817377 0.1981717 0.2114450 0.2205888 0.2240259 0.2190737 0.2008193 0.1593189 0.8075695E-01 0.8075695E-01 -9999.000 -9999.000 -9999.000 -9999.000 -9999.000 -9999.000 -9999.000 -9999.000 -9999.000 -9999.000 -9999.000 -9999.000 -9999.000 -9999.000 -9999.000 -9999.000 -9999.000 -9999.000 -9999.000 -9999.000 -9999.000 -9999.000 -9999.000 -9999.000 -9999.000 -9999.000 -9999.000
1.353325 1.353325 1.290034 1.244529 1.223349 1.223349 1.202607 1.160523 1.160523 1.113769 1.113769 1.055629 1.018183 0.9706090 0.9066021 0.9066021 0.7592146 0.6959188 0.6316392 0.5698324 0.5135033 0.4650196 0.4258862 0.3967111 0.3774224 0.3677722 0.3682679 0.3820671 0.4197468 0.4951774 0.4951774 1.295064 1.560394 1.735004 1.729636 1.729636 1.598780 1.598780 1.379817 1.379817 1.164746 0.7384198 0.7384198 0.7275973 0.7275973 0.7611789 0.7611789 0.7611789 0.8137361 0.8137361 0.8553287 0.8553287 0.8901227 0.8901227 0.9355184 0.9355184 0.9641814 0.9641814
1.368642 1.368642 1.306878 1.272915 1.257398 1.257398 1.242146 1.210322 1.210322 1.172492 1.172492 1.122304 1.090332 1.053211 1.012077 1.012077 0.9462405 0.9118385 0.8705934 0.8234625 0.7722145 0.7193432 0.6679040 0.6213058 0.5831346 0.5571632 0.5478290 0.5617809 0.6120948 0.7243097 0.7243097 1.255271 1.445789 1.578132 1.597029 1.597029 1.584344 1.584344 1.514492 1.514492 1.429633 1.031851 1.031851 1.011700 1.011700 1.046576 1.046576 1.046576 1.100930 1.100930 1.143540 1.143540 1.164209 1.164209 1.218430 1.218430 1.251263 1.251263
1.373413 1.373413 1.307375 1.273644 1.258463 1.258463 1.243684 1.213432 1.213432 1.178865 1.178865 1.136056 1.110693 1.082953 1.054131 1.054131 1.016075 0.9983647 0.9759367 0.9481491 0.9151466 0.8778617 0.8380549 0.7983564 0.7623167 0.7345205 0.7209199 0.7298383 0.7749252 0.8833575 0.8833575 1.280903 1.447976 1.580205 1.609172 1.609172 1.619434 1.619434 1.577975 1.577975 1.534006 1.278235 1.278235 1.181081 1.181081 1.195804 1.195804 1.195804 1.252100 1.252100 1.290423 1.290423 1.319117 1.319117 1.358658 1.358658 1.387125 1.387125
1.377548 1.377548 1.307716 1.274174 1.259253 1.259253 1.244865 1.216008 1.216008 1.184384 1.184384 1.147640 1.127115 1.105586 1.084027 1.084027 1.059819 1.050107 1.037675 1.021712 1.001886 0.9783878 0.9520350 0.9244286 0.8981269 0.8768839 0.8660462 0.8733992 0.9113921 1.004814 1.004814 1.312327 1.462105 1.589977 1.619068 1.619068 1.630806 1.630806 1.604715 1.604715 1.584128 1.452522 1.452522 1.325866 1.325866 1.323854 1.323854 1.323854 1.367064 1.367064 1.400944 1.400944 1.427033 1.427033 1.458415 1.458415 1.483308 1.483308
1.381067 1.381067 1.308049 1.274838 1.260244 1.260244 1.246330 1.219101 1.219101 1.190669 1.190669 1.159840 1.143629 1.127273 1.111342 1.111342 1.097015 1.091715 1.084448 1.074818 1.062688 1.048173 1.031729 1.014333 0.9977020 0.9845725 0.9791274 0.9877580 1.020882 1.100068 1.100068 1.341878 1.473867 1.588707 1.612305 1.612305 1.619437 1.619437 1.609144 1.609144 1.605222 1.557673 1.557673 1.458166 1.458166 1.424203 1.424203 1.424203 1.454610 1.454610 1.484083 1.484083 1.507897 1.507897 1.533569 1.533569 1.555101 1.555101
1.383925 1.383925 1.308381 1.275611 1.261395 1.261395 1.248015 1.222561 1.222561 1.197449 1.197449 1.172460 1.160370 1.148886 1.138220 1.138220 1.133330 1.131216 1.126850 1.120388 1.112147 1.102518 1.092000 1.081338 1.071724 1.065078 1.064476 1.074873 1.104661 1.172612 1.172612 1.365049 1.478353 1.571486 1.586953 1.586953 1.593890 1.593890 1.604529 1.604529 1.613894 1.615302 1.615302 1.563604 1.563604 1.511722 1.511722 1.511722 1.527460 1.527460 1.550537 1.550537 1.571363 1.571363 1.592526 1.592526 1.610925 1.610925
1.386072 1.386072 1.308704 1.276448 1.262640 1.262640 1.249824 1.226201 1.226201 1.204404 1.204404 1.185116 1.177060 1.170448 1.165280 1.165280 1.170947 1.171743 1.169253 1.164214 1.157470 1.149826 1.142026 1.134833 1.129171 1.126363 1.128546 1.139439 1.165743 1.223996 1.223996 1.377025 1.470200 1.535102 1.544861 1.544861 1.563390 1.563390 1.597532 1.597532 1.617212 1.646180 1.646180 1.636077 1.636077 1.589183 1.589183 1.589183 1.591787 1.591787 1.606585 1.606585 1.623045 1.623045 1.640024 1.640024 1.655014 1.655014
1.387455 1.387455 1.309012 1.277306 1.263917 1.263917 1.251669 1.229851 1.229851 1.211255 1.211255 1.197435 1.193339 1.191734 1.192682 1.192682 1.211197 1.214964 1.213805 1.209118 1.202316 1.194666 1.187235 1.180920 1.176522 1.174858 1.177170 1.186119 1.207128 1.254721 1.254721 1.372378 1.442930 1.480547 1.492923 1.492923 1.534611 1.534611 1.590021 1.590021 1.617256 1.662415 1.662415 1.680213 1.680213 1.653828 1.653828 1.653828 1.649146 1.649146 1.655686 1.655686 1.666524 1.666524 1.678843 1.678843 1.689884 1.689884
1.388022 1.388022 1.309291 1.278147 1.265167 1.265167 1.253468 1.233363 1.233363 1.217757 1.217757 1.209066 1.208809 1.212346 1.220276 1.220276 1.255326 1.262195 1.261924 1.256723 1.248666 1.239526 1.230723 1.223335 1.218065 1.215118 1.214535 1.217939 1.229991 1.263349 1.263349 1.344922 1.390898 1.415251 1.440566 1.440566 1.509789 1.509789 1.581622 1.581622 1.614300 1.669748 1.669748 1.704620 1.704620 1.702903 1.702903 1.702903 1.698103 1.698103 1.698782 1.698782 1.703700 1.703700 1.710689 1.710689 1.717295 1.717295
1.387723 1.387723 1.309529 1.278934 1.266339 1.266339 1.255149 1.236608 1.236608 1.223705 1.223705 1.219689 1.223048 1.231730 1.247517 1.247517 1.304783 1.314786 1.314850 1.308213 1.297739 1.285789 1.274186 1.264206 1.256430 1.250018 1.242737 1.235042 1.232037 1.246961 1.246961 1.293108 1.314822 1.346084 1.391766 1.391766 1.486998 1.486998 1.571053 1.571053 1.607937 1.670752 1.670752 1.716278 1.716278 1.736507 1.736507 1.736507 1.736874 1.736874 1.735347 1.735347 1.735301 1.735301 1.736793 1.736793 1.738508 1.738508
1.386517 1.386517 1.309711 1.279636 1.267388 1.267388 1.256649 1.239481 1.239481 1.228933 1.228933 1.229031 1.235663 1.249226 1.273257 1.273257 1.361366 1.374240 1.373861 1.364653 1.350416 1.334241 1.318446 1.304566 1.293049 1.281028 1.261058 1.233037 1.206265 1.196964 1.196964 1.210191 1.227453 1.296350 1.344791 1.344791 1.466770 1.466770 1.560086 1.560086 1.600218 1.668326 1.668326 1.720606 1.720606 1.757586 1.757586 1.757586 1.765284 1.765284 1.764804 1.764804 1.761589 1.761589 1.758073 1.758073 1.754720 1.754720
