simulation_files/asc/Velocity__y_343.0.asc
NCOLS        79
NROWS        79
XLLCENTER         -1.500000
YLLCENTER         -4.800000
CELLSIZE           0.100
NODATA_VALUE     -9999.0
[rows 0 to 26 of 79, columns 0 to 58 of 79]
-9999.000 -9999.000 -9999.000 -9999.000 -9999.000 -9999.000 -9999.000 -9999.000 -9999.000 -9999.000 -9999.000 -9999.000 -9999.000 -9999.000 -9999.000 -0.1000355 -0.9842257E-01 -0.9834122E-01 -0.9859145E-01 -0.9898373E-01 -0.9945706E-01 -0.9995945E-01 -0.1004311 -0.1008794 -0.1012873 -0.1016541 -0.1020375 -0.1026533 -0.1041313 -0.1054349 -0.1054349 -9999.000 -9999.000 -9999.000 -9999.000 -9999.000 -9999.000 -9999.000 -9999.000 -9999.000 -9999.000 -9999.000 -9999.000 -9999.000 -9999.000 -9999.000 -9999.000 -9999.000 -9999.000 -9999.000 -9999.000 -9999.000 -9999.000 -9999.000 -9999.000 -9999.000 -9999.000 -9999.000 -9999.000
-9999.000 -9999.000 -9999.000 -9999.000 -9999.000 -9999.000 -9999.000 -9999.000 -9999.000 -9999.000 -9999.000 -9999.000 -9999.000 -9999.000 -9999.000 -0.9818213E-01 -0.9491286E-01 -0.9475938E-01 -0.9533940E-01 -0.9625152E-01 -0.9736134E-01 -0.9855317E-01 -0.9969399E-01 -0.1007945 -0.1018132 -0.1027463 -0.1037120 -0.1051599 -0.1084036 -0.1115927 -0.1115927 -9999.000 -9999.000 -9999.000 -9999.000 -9999.000 -9999.000 -9999.000 -9999.000 -9999.000 -9999.000 -9999.000 -9999.000 -9999.000 -9999.000 -9999.000 -9999.000 -9999.000 -9999.000 -9999.000 -9999.000 -9999.000 -9999.000 -9999.000 -9999.000 -9999.000 -9999.000 -9999.000 -9999.000
-9999.000 -9999.000 -9999.000 -9999.000 -9999.000 -9999.000 -9999.000 -9999.000 -9999.000 -9999.000 -9999.000 -9999.000 -9999.000 -9999.000 -9999.000 -0.9484963E-01 -0.8992744E-01 -0.8974200E-01 -0.9079565E-01 -0.9244341E-01 -0.9446038E-01 -0.9664942E-01 -0.9878454E-01 -0.1008720 -0.1028342 -0.1046554 -0.1065178 -0.1091328 -0.1145918 -0.1204574 -0.1204574 -9999.000 -9999.000 -9999.000 -9999.000 -9999.000 -9999.000 -9999.000 -9999.000 -9999.000 -9999.000 -9999.000 -9999.000 -9999.000 -9999.000 -9999.000 -9999.000 -9999.000 -9999.000 -9999.000 -9999.000 -9999.000 -9999.000 -9999.000 -9999.000 -9999.000 -9999.000 -9999.000 -9999.000
-9999.000 -9999.000 -9999.000 -9999.000 -9999.000 -9999.000 -9999.000 -9999.000 -9999.000 -9999.000 -9999.000 -9999.000 -9999.000 -9999.000 -9999.000 -0.9079873E-01 -0.8435571E-01 -0.8417976E-01 -0.8577124E-01 -0.8823740E-01 -0.9126159E-01 -0.9456003E-01 -0.9780788E-01 -0.1010056 -0.1040326 -0.1068567 -0.1097225 -0.1136132 -0.1214403 -0.1305272 -0.1305272 -9999.000 -9999.000 -9999.000 -9999.000 -9999.000 -9999.000 -9999.000 -9999.000 -9999.000 -9999.000 -9999.000 -9999.000 -9999.000 -9999.000 -9999.000 -9999.000 -9999.000 -9999.000 -9999.000 -9999.000 -9999.000 -9999.000 -9999.000 -9999.000 -9999.000 -9999.000 -9999.000 -9999.000
-9999.000 -9999.000 -9999.000 -9999.000 -9999.000 -9999.000 -9999.000 -9999.000 -9999.000 -9999.000 -9999.000 -9999.000 -9999.000 -9999.000 -9999.000 -0.8625929E-01 -0.7838909E-01 -0.7824881E-01 -0.8041850E-01 -0.8375596E-01 -0.8785101E-01 -0.9232985E-01 -0.9676349E-01 -0.1011474 -0.1053135 -0.1092112 -0.1131506 -0.1184022 -0.1287533 -0.1416563 -0.1416563 -9999.000 -9999.000 -9999.000 -9999.000 -9999.000 -9999.000 -9999.000 -9999.000 -9999.000 -9999.000 -9999.000 -9999.000 -9999.000 -9999.000 -9999.000 -9999.000 -9999.000 -9999.000 -9999.000 -9999.000 -9999.000 -9999.000 -9999.000 -9999.000 -9999.000 -9999.000 -9999.000 -9999.000
-9999.000 -9999.000 -9999.000 -9999.000 -9999.000 -9999.000 -9999.000 -9999.000 -9999.000 -9999.000 -9999.000 -9999.000 -9999.000 -9999.000 -9999.000 -0.8132037E-01 -0.7210799E-01 -0.7202463E-01 -0.7480229E-01 -0.7904951E-01 -0.8426221E-01 -0.8997259E-01 -0.9564350E-01 -0.1012677 -0.1066256 -0.1116469 -0.1167138 -0.1234036 -0.1364501 -0.1538640 -0.1538640 -9999.000 -9999.000 -9999.000 -9999.000 -9999.000 -9999.000 -9999.000 -9999.000 -9999.000 -9999.000 -9999.000 -9999.000 -9999.000 -9999.000 -9999.000 -9999.000 -9999.000 -9999.000 -9999.000 -9999.000 -9999.000 -9999.000 -9999.000 -9999.000 -9999.000 -9999.000 -9999.000 -9999.000
-9999.000 -9999.000 -9999.000 -9999.000 -9999.000 -9999.000 -9999.000 -9999.000 -9999.000 -9999.000 -9999.000 -9999.000 -9999.000 -9999.000 -9999.000 -0.7600207E-01 -0.6553701E-01 -0.6553226E-01 -0.6894422E-01 -0.7413290E-01 -0.8050247E-01 -0.8748690E-01 -0.9443558E-01 -0.1013441 -0.1079358 -0.1141210 -0.1203614 -0.1285674 -0.1445049 -0.1672756 -0.1672756 -9999.000 -9999.000 -9999.000 -9999.000 -9999.000 -9999.000 -9999.000 -9999.000 -9999.000 -9999.000 -9999.000 -9999.000 -9999.000 -9999.000 -9999.000 -9999.000 -9999.000 -9999.000 -9999.000 -9999.000 -9999.000 -9999.000 -9999.000 -9999.000 -9999.000 -9999.000 -9999.000 -9999.000
-9999.000 -9999.000 -9999.000 -9999.000 -9999.000 -9999.000 -9999.000 -9999.000 -9999.000 -9999.000 -9999.000 -9999.000 -9999.000 -9999.000 -9999.000 -0.7028952E-01 -0.5867254E-01 -0.5877153E-01 -0.6284308E-01 -0.6900298E-01 -0.7656500E-01 -0.8486164E-01 -0.9312323E-01 -0.1013549 -0.1092164 -0.1166002 -0.1240567 -0.1338620 -0.1529176 -0.1820993 -0.1820993 -9999.000 -9999.000 -9999.000 -9999.000 -9999.000 -9999.000 -9999.000 -9999.000 -9999.000 -9999.000 -9999.000 -9999.000 -9999.000 -9999.000 -9999.000 -9999.000 -9999.000 -9999.000 -9999.000 -9999.000 -9999.000 -9999.000 -9999.000 -9999.000 -9999.000 -9999.000 -9999.000 -9999.000
-9999.000 -9999.000 -9999.000 -9999.000 -9999.000 -9999.000 -9999.000 -9999.000 -9999.000 -9999.000 -9999.000 -9999.000 -9999.000 -9999.000 -9999.000 -0.6414860E-01 -0.5149490E-01 -0.5172663E-01 -0.5648393E-01 -0.6364421E-01 -0.7243363E-01 -0.8207858E-01 -0.9168491E-01 -0.1012752 -0.1104387 -0.1190513 -0.1277653 -0.1392600 -0.1616997 -0.1986297 -0.1986297 -9999.000 -9999.000 -9999.000 -9999.000 -9999.000 -9999.000 -9999.000 -9999.000 -9999.000 -9999.000 -9999.000 -9999.000 -9999.000 -9999.000 -9999.000 -9999.000 -9999.000 -9999.000 -9999.000 -9999.000 -9999.000 -9999.000 -9999.000 -9999.000 -9999.000 -9999.000 -9999.000 -9999.000
-9999.000 -9999.000 -9999.000 -9999.000 -9999.000 -9999.000 -9999.000 -9999.000 -9999.000 -9999.000 -9999.000 -9999.000 -9999.000 -9999.000 -9999.000 -0.5753138E-01 -0.4397263E-01 -0.4437101E-01 -0.4984217E-01 -0.5803188E-01 -0.6808324E-01 -0.7911149E-01 -0.9009121E-01 -0.1010736 -0.1115673 -0.1214347 -0.1314455 -0.1447292 -0.1708661 -0.2172681 -0.2172681 -9999.000 -9999.000 -9999.000 -9999.000 -9999.000 -9999.000 -9999.000 -9999.000 -9999.000 -9999.000 -9999.000 -9999.000 -9999.000 -9999.000 -9999.000 -9999.000 -9999.000 -9999.000 -9999.000 -9999.000 -9999.000 -9999.000 -9999.000 -9999.000 -9999.000 -9999.000 -9999.000 -9999.000
-9999.000 -9999.000 -9999.000 -9999.000 -9999.000 -9999.000 -9999.000 -9999.000 -9999.000 -9999.000 -9999.000 -9999.000 -9999.000 -9999.000 -9999.000 -0.5037807E-01 -0.3606342E-01 -0.3666782E-01 -0.4288226E-01 -0.5213124E-01 -0.6347950E-01 -0.7592478E-01 -0.8830302E-01 -0.1007080 -0.1125554 -0.1236980 -0.1350420 -0.1502245 -0.1804285 -0.2385640 -0.2385640 -9999.000 -9999.000 -9999.000 -9999.000 -9999.000 -9999.000 -9999.000 -9999.000 -9999.000 -9999.000 -9999.000 -9999.000 -9999.000 -9999.000 -9999.000 -9999.000 -9999.000 -9999.000 -9999.000 -9999.000 -9999.000 -9999.000 -9999.000 -9999.000 -9999.000 -9999.000 -9999.000 -9999.000
-9999.000 -9999.000 -9999.000 -9999.000 -9999.000 -9999.000 -9999.000 -9999.000 -9999.000 -9999.000 -9999.000 -9999.000 -9999.000 -9999.000 -9999.000 -0.4261456E-01 -0.2771193E-01 -0.2856682E-01 -0.3555669E-01 -0.4589510E-01 -0.5857497E-01 -0.7246932E-01 -0.8626695E-01 -0.1001210 -0.1133386 -0.1257683 -0.1384764 -0.1556778 -0.1903869 -0.2632829 -0.2632829 -9999.000 -9999.000 -9999.000 -9999.000 -9999.000 -9999.000 -9999.000 -9999.000 -9999.000 -9999.000 -9999.000 -9999.000 -9999.000 -9999.000 -9999.000 -9999.000 -9999.000 -9999.000 -9999.000 -9999.000 -9999.000 -9999.000 -9999.000 -9999.000 -9999.000 -9999.000 -9999.000 -9999.000
-9999.000 -9999.000 -9999.000 -9999.000 -9999.000 -9999.000 -9999.000 -9999.000 -9999.000 -9999.000 -9999.000 -9999.000 -9999.000 -9999.000 -9999.000 -0.3414734E-01 -0.1884423E-01 -0.1999996E-01 -0.2779956E-01 -0.3925807E-01 -0.5330409E-01 -0.6867711E-01 -0.8390827E-01 -0.9923127E-01 -0.1138251 -0.1275405 -0.1416336 -0.1609830 -0.2007170 -0.2925216 -0.2925216 -9999.000 -9999.000 -9999.000 -9999.000 -9999.000 -9999.000 -9999.000 -9999.000 -9999.000 -9999.000 -9999.000 -9999.000 -9999.000 -9999.000 -9999.000 -9999.000 -9999.000 -9999.000 -9999.000 -9999.000 -9999.000 -9999.000 -9999.000 -9999.000 -9999.000 -9999.000 -9999.000 -9999.000
-9999.000 -9999.000 -9999.000 -9999.000 -9999.000 -9999.000 -9999.000 -9999.000 -9999.000 -9999.000 -9999.000 -9999.000 -9999.000 -9999.000 -9999.000 -0.2479717E-01 -0.9329337E-02 -0.1085669E-01 -0.1951476E-01 -0.3213251E-01 -0.4758291E-01 -0.6446111E-01 -0.8112995E-01 -0.9793060E-01 -0.1138875 -0.1288645 -0.1443430 -0.1659738 -0.2113503 -0.3279280 -0.3279280 -9999.000 -9999.000 -9999.000 -9999.000 -9999.000 -9999.000 -9999.000 -9999.000 -9999.000 -9999.000 -9999.000 -9999.000 -9999.000 -9999.000 -9999.000 -9999.000 -9999.000 -9999.000 -9999.000 -9999.000 -9999.000 -9999.000 -9999.000 -9999.000 -9999.000 -9999.000 -9999.000 -9999.000
-9999.000 -9999.000 -9999.000 -9999.000 -9999.000 -9999.000 -9999.000 -9999.000 -9999.000 -9999.000 -9999.000 -9999.000 -9999.000 -9999.000 -9999.000 -0.1522168E-02 0.4177041E-02 -0.1775110E-02 -0.1250356E-01 -0.2671371E-01 -0.4372370E-01 -0.6203989E-01 -0.7992283E-01 -0.9791046E-01 -0.1148822 -0.1307667 -0.1473222 -0.1710607 -0.2223061 -0.3696496 -0.3696496 -9999.000 -9999.000 -9999.000 -9999.000 -9999.000 -9999.000 -9999.000 -9999.000 -9999.000 -9999.000 -9999.000 -9999.000 -9999.000 -9999.000 -9999.000 -9999.000 -9999.000 -9999.000 -9999.000 -9999.000 -9999.000 -9999.000 -9999.000 -9999.000 -9999.000 -9999.000 -9999.000 -9999.000
-0.3891475E-02 -0.3891475E-02 -0.4627042E-02 -0.6360001E-02 -0.6172853E-02 -0.6172853E-02 -0.6119719E-02 -0.6143421E-02 -0.6143421E-02 -0.6156657E-02 -0.6156657E-02 -0.6132874E-02 -0.6113313E-02 -0.6091609E-02 -0.6071182E-02 -0.6071182E-02 0.1119162E-01 0.4633445E-02 -0.8909241E-02 -0.2821877E-01 -0.5215330E-01 -0.7921189E-01 -0.1076631 -0.1364109 -0.1642215 -0.1901979 -0.2143463 -0.2389334 -0.2736722 -0.3637205 -0.3637205 -0.1964585 -0.1025828 -0.3285528E-01 -0.2377989E-01 -0.2377989E-01 -0.1624250E-01 -0.1624250E-01 -0.2590102E-02 -0.2590102E-02 0.8426930E-02 0.2585067E-01 0.2585067E-01 -0.1009544E-01 -0.1009544E-01 -0.2071239E-02 -0.2071239E-02 -0.2071239E-02 0.2175580E-02 0.2175580E-02 0.2485023E-02 0.2485023E-02 0.1180636E-02 0.1180636E-02 -0.3032766E-03 -0.3032766E-03 -0.1611589E-02 -0.1611589E-02 -0.1611589E-02
-0.5650845E-02 -0.5650845E-02 -0.7028289E-02 -0.9098770E-02 -0.8674072E-02 -0.8674072E-02 -0.8549172E-02 -0.8618108E-02 -0.8618108E-02 -0.8682870E-02 -0.8682870E-02 -0.8674053E-02 -0.8655310E-02 -0.8633149E-02 -0.8617735E-02 -0.8617735E-02 0.7994619E-02 0.1156316E-02 -0.1573535E-01 -0.4147933E-01 -0.7447742E-01 -0.1130970 -0.1556537 -0.2001415 -0.2448689 -0.2881528 -0.3283268 -0.3636187 -0.3926796 -0.4170024 -0.4170024 -0.2781520 -0.1812960 -0.9031537E-01 -0.7214816E-01 -0.7214816E-01 -0.4583667E-01 -0.4583667E-01 0.2067371E-03 0.2067371E-03 0.3289771E-01 0.8593751E-01 0.8593751E-01 0.3610448E-01 0.3610448E-01 0.9158018E-02 0.9158018E-02 0.9158018E-02 0.6947683E-02 0.6947683E-02 0.3756551E-02 0.3756551E-02 -0.1929492E-03 -0.1929492E-03 -0.3744120E-02 -0.3744120E-02 -0.6443277E-02 -0.6443277E-02 -0.6443277E-02
-0.3949082E-02 -0.3949082E-02 -0.6429325E-02 -0.7828992E-02 -0.7334030E-02 -0.7334030E-02 -0.7146331E-02 -0.7232780E-02 -0.7232780E-02 -0.7356160E-02 -0.7356160E-02 -0.7381148E-02 -0.7374003E-02 -0.7362747E-02 -0.7368599E-02 -0.7368599E-02 0.2821503E-02 -0.4780225E-02 -0.2241934E-01 -0.4932618E-01 -0.8423334E-01 -0.1258206 -0.1727677 -0.2234948 -0.2765021 -0.3302139 -0.3828839 -0.4324976 -0.4760236 -0.5059234 -0.5059234 -0.4137377 -0.3285907 -0.2124504 -0.1740129 -0.1740129 -0.1003170 -0.1003170 0.6857930E-02 0.6857930E-02 0.7075444E-01 0.1698094 0.1698094 0.1423999 0.1423999 0.4400168E-01 0.4400168E-01 0.4400168E-01 0.1774931E-01 0.1774931E-01 0.3395917E-02 0.3395917E-02 -0.6118760E-02 -0.6118760E-02 -0.1271547E-01 -0.1271547E-01 -0.1671162E-01 -0.1671162E-01 -0.1671162E-01
-0.2302017E-02 -0.2302017E-02 -0.5742961E-02 -0.6428521E-02 -0.5910697E-02 -0.5910697E-02 -0.5683468E-02 -0.5753325E-02 -0.5753325E-02 -0.5890344E-02 -0.5890344E-02 -0.5919164E-02 -0.5912257E-02 -0.5900859E-02 -0.5919818E-02 -0.5919818E-02 -0.2803061E-02 -0.1257252E-01 -0.3179911E-01 -0.5995120E-01 -0.9600795E-01 -0.1388565 -0.1874090 -0.2404468 -0.2967767 -0.3551588 -0.4141722 -0.4720357 -0.5257598 -0.5673817 -0.5673817 -0.5193794 -0.4564997 -0.3397504 -0.2850519 -0.2850519 -0.1529619 -0.1529619 0.2418741E-01 0.2418741E-01 0.1125364 0.2350183 0.2350183 0.2311949 0.2311949 0.9032357E-01 0.9032357E-01 0.9032357E-01 0.3431788E-01 0.3431788E-01 0.3588772E-02 0.3588772E-02 -0.1415909E-01 -0.1415909E-01 -0.2463468E-01 -0.2463468E-01 -0.2977083E-01 -0.2977083E-01 -0.2977083E-01
-0.7436168E-03 -0.7436168E-03 -0.4968073E-02 -0.4968009E-02 -0.4481090E-02 -0.4481090E-02 -0.4253163E-02 -0.4300953E-02 -0.4300953E-02 -0.4427203E-02 -0.4427203E-02 -0.4450743E-02 -0.4442208E-02 -0.4429597E-02 -0.4463552E-02 -0.4463552E-02 -0.8931852E-02 -0.2226160E-01 -0.4434508E-01 -0.7469322E-01 -0.1124467 -0.1566615 -0.2064171 -0.2607355 -0.3186446 -0.3791545 -0.4411535 -0.5032200 -0.5628582 -0.6131828 -0.6131828 -0.5998541 -0.5604911 -0.4514593 -0.3793136 -0.3793136 -0.1783325 -0.1783325 0.5413074E-01 0.5413074E-01 0.1502942 0.2705345 0.2705345 0.2822443 0.2822443 0.1364606 0.1364606 0.1364606 0.5572947E-01 0.5572947E-01 0.6986717E-02 0.6986717E-02 -0.2099360E-01 -0.2099360E-01 -0.3635661E-01 -0.3635661E-01 -0.4286138E-01 -0.4286138E-01 -0.4286138E-01
0.6788599E-03 0.6788599E-03 -0.4144252E-02 -0.3451612E-02 -0.3028153E-02 -0.3028153E-02 -0.2825630E-02 -0.2845088E-02 -0.2845088E-02 -0.2946616E-02 -0.2946616E-02 -0.2968651E-02 -0.2962338E-02 -0.2952212E-02 -0.3008972E-02 -0.3008972E-02 -0.1595494E-01 -0.3421506E-01 -0.6054414E-01 -0.9427522E-01 -0.1345970 -0.1806979 -0.2318235 -0.2872144 -0.3461099 -0.4077285 -0.4711967 -0.5353918 -0.5983264 -0.6544410 -0.6544410 -0.6655959 -0.6458664 -0.5353415 -0.4351371 -0.4351371 -0.1624653 -0.1624653 0.8611400E-01 0.8611400E-01 0.1731066 0.2764406 0.2764406 0.2975280 0.2975280 0.1735712 0.1735712 0.1735712 0.7938655E-01 0.7938655E-01 0.1444064E-01 0.1444064E-01 -0.2480244E-01 -0.2480244E-01 -0.4607574E-01 -0.4607574E-01 -0.5441005E-01 -0.5441005E-01 -0.5441005E-01
0.8954402E-03 0.8954402E-03 -0.2487659E-02 -0.1789192E-02 -0.1528309E-02 -0.1528309E-02 -0.1401850E-02 -0.1403028E-02 -0.1403028E-02 -0.1463326E-02 -0.1463326E-02 -0.1481226E-02 -0.1479657E-02 -0.1475575E-02 -0.1566314E-02 -0.1566314E-02 -0.2450938E-01 -0.4914936E-01 -0.8121989E-01 -0.1196727 -0.1636170 -0.2123189 -0.2651815 -0.3216679 -0.3812568 -0.4434026 -0.5074711 -0.5726105 -0.6372619 -0.6969590 -0.6969590 -0.7241604 -0.7168511 -0.5754263 -0.4321482 -0.4321482 -0.1150561 -0.1150561 0.1052953 0.1052953 0.1750254 0.2596284 0.2596284 0.2868515 0.2868515 0.1961474 0.1961474 0.1961474 0.1013344 0.1013344 0.2519157E-01 0.2519157E-01 -0.2480418E-01 -0.2480418E-01 -0.5260576E-01 -0.5260576E-01 -0.6325816E-01 -0.6325816E-01 -0.6325816E-01
-0.8005438E-07 -0.8005438E-07 -0.3173454E-07 0.6154013E-07 -0.4354121E-07 -0.4354121E-07 -0.4518498E-07 0.5324614E-07 0.5324614E-07 -0.1848047E-07 -0.1848047E-07 -0.9696938E-07 0.1543841E-08 -0.7262034E-07 -0.1346500E-03 -0.1346500E-03 -0.3552447E-01 -0.6821398E-01 -0.1076644 -0.1522877 -0.2010133 -0.2531371 -0.3082082 -0.3659158 -0.4260027 -0.4881990 -0.5521483 -0.6172888 -0.6824222 -0.7436868 -0.7436868 -0.7790663 -0.7713212 -0.5490957 -0.3647636 -0.3647636 -0.6398223E-01 -0.6398223E-01 0.1050893 0.1050893 0.1586611 0.2290232 0.2290232 0.2602082 0.2602082 0.2025017 0.2025017 0.2025017 0.1174034 0.1174034 0.3715839E-01 0.3715839E-01 -0.2114967E-01 -0.2114967E-01 -0.5522028E-01 -0.5522028E-01 -0.6845338E-01 -0.6845338E-01 -0.6845338E-01
-0.8956822E-03 -0.8956822E-03 0.2487607E-02 0.1789278E-02 0.1528401E-02 0.1528401E-02 0.1401839E-02 0.1402973E-02 0.1402973E-02 0.1463181E-02 0.1463181E-02 0.1481240E-02 0.1479835E-02 0.1475615E-02 0.1281977E-02 0.1281977E-02 -0.5043321E-01 -0.9323787E-01 -0.1419048 -0.1942187 -0.2488952 -0.3052542 -0.3630016 -0.4220643 -0.4824694 -0.5442511 -0.6073669 -0.6715713 -0.7359094 -0.7960683 -0.7960683 -0.8286485 -0.7935765 -0.4477501 -0.2616735 -0.2616735 -0.3177715E-01 -0.3177715E-01 0.8964930E-01 0.8964930E-01 0.1317128 0.1921634 0.1921634 0.2250114 0.2250114 0.1940671 0.1940671 0.1940671 0.1245199 0.1245199 0.4756716E-01 0.4756716E-01 -0.1482020E-01 -0.1482020E-01 -0.5366533E-01 -0.5366533E-01 -0.6925423E-01 -0.6925423E-01 -0.6925423E-01
-0.6790096E-03 -0.6790096E-03 0.4144076E-02 0.3451545E-02 0.3028354E-02 0.3028354E-02 0.2825820E-02 0.2844973E-02 0.2844973E-02 0.2946569E-02 0.2946569E-02 0.2968671E-02 0.2962507E-02 0.2952345E-02 0.2678101E-02 0.2678101E-02 -0.7152060E-01 -0.1271055 -0.1870673 -0.2485977 -0.3102759 -0.3715210 -0.4322557 -0.4926832 -0.5531375 -0.6139763 -0.6754914 -0.7377481 -0.7996359 -0.8533176 -0.8533176 -0.8592258 -0.7442849 -0.3084472 -0.1703678 -0.1703678 -0.2107919E-01 -0.2107919E-01 0.6733366E-01 0.6733366E-01 0.1015658 0.1539170 0.1539170 0.1859739 0.1859739 0.1739739 0.1739739 0.1739739 0.1215042 0.1215042 0.5383678E-01 0.5383678E-01 -0.7341132E-02 -0.7341132E-02 -0.4816839E-01 -0.4816839E-01 -0.6521479E-01 -0.6521479E-01 -0.6521479E-01
0.7436197E-03 0.7436197E-03 0.4967844E-02 0.4967933E-02 0.4481162E-02 0.4481162E-02 0.4253346E-02 0.4301089E-02 0.4301089E-02 0.4427193E-02 0.4427193E-02 0.4450743E-02 0.4442263E-02 0.4429710E-02 0.4048833E-02 0.4048833E-02 -0.1026272 -0.1744747 -0.2480237 -0.3201464 -0.3895457 -0.4559382 -0.5195957 -0.5810765 -0.6410613 -0.7002462 -0.7592608 -0.8183763 -0.8748026 -0.9065689 -0.9065689 -0.8261567 -0.5807015 -0.1936567 -0.1147821 -0.1147821 -0.2166897E-01 -0.2166897E-01 0.4479173E-01 0.4479173E-01 0.7279028E-01 0.1168153 0.1168153 0.1458432 0.1458432 0.1457004 0.1457004 0.1457004 0.1089860 0.1089860 0.5432267E-01 0.5432267E-01 -0.3453578E-03 -0.3453578E-03 -0.3938719E-01 -0.3938719E-01 -0.5630120E-01 -0.5630120E-01 -0.5630120E-01
0.2302017E-02 0.2302017E-02 0.5742815E-02 0.6428462E-02 0.5910721E-02 0.5910721E-02 0.5683677E-02 0.5753350E-02 0.5753350E-02 0.5890280E-02 0.5890280E-02 0.5919278E-02 0.5912112E-02 0.5900907E-02 0.5374332E-02 0.5374332E-02 -0.1506811 -0.2432312 -0.3326354 -0.4162009 -0.4933126 -0.5643494 -0.6301559 -0.6917684 -0.7502708 -0.8067133 -0.8620529 -0.9162805 -0.9583800 -0.9156718 -0.9156718 -0.6528304 -0.3434201 -0.1270718 -0.8681475E-01 -0.8681475E-01 -0.2399560E-01 -0.2399560E-01 0.2541863E-01 0.2541863E-01 0.4752370E-01 0.8211663E-01 0.8211663E-01 0.1063556 0.1063556 0.1124559 0.1124559 0.1124559 0.8888479E-01 0.8888479E-01 0.4872178E-01 0.4872178E-01 0.4913967E-02 0.4913967E-02 -0.2825537E-01 -0.2825537E-01 -0.4297864E-01 -0.4297864E-01 -0.4297864E-01
