simulation_files/asc/Velocity__y_284.0.asc
NCOLS        79
NROWS        79
XLLCENTER         -1.500000
YLLCENTER         -4.800000
CELLSIZE           0.100
NODATA_VALUE     -9999.0
[rows 0 to 26 of 79, columns 0 to 58 of 79]
-9999.000 -9999.000 -9999.000 -9999.000 -9999.000 -9999.000 -9999.000 -9999.000 -9999.000 -9999.000 -9999.000 -9999.000 -9999.000 -9999.000 -9999.000 -0.9409086E-01 -0.9157003E-01 -0.9075516E-01 -0.9080325E-01 -0.9130902E-01 -0.9195162E-01 -0.9262681E-01 -0.9327968E-01 -0.9384506E-01 -0.9435531E-01 -0.9480966E-01 -0.9524725E-01 -0.9585807E-01 -0.9724930E-01 -0.9860592E-01 -0.9860592E-01 -9999.000 -9999.000 -9999.000 -9999.000 -9999.000 -9999.000 -9999.000 -9999.000 -9999.000 -9999.000 -9999.000 -9999.000 -9999.000 -9999.000 -9999.000 -9999.000 -9999.000 -9999.000 -9999.000 -9999.000 -9999.000 -9999.000 -9999.000 -9999.000 -9999.000 -9999.000 -9999.000 -9999.000
-9999.000 -9999.000 -9999.000 -9999.000 -9999.000 -9999.000 -9999.000 -9999.000 -9999.000 -9999.000 -9999.000 -9999.000 -9999.000 -9999.000 -9999.000 -0.9355021E-01 -0.8831383E-01 -0.8658592E-01 -0.8672065E-01 -0.8786634E-01 -0.8933903E-01 -0.9090964E-01 -0.9245160E-01 -0.9381873E-01 -0.9507284E-01 -0.9620629E-01 -0.9729755E-01 -0.9874126E-01 -0.1018047 -0.1050909 -0.1050909 -9999.000 -9999.000 -9999.000 -9999.000 -9999.000 -9999.000 -9999.000 -9999.000 -9999.000 -9999.000 -9999.000 -9999.000 -9999.000 -9999.000 -9999.000 -9999.000 -9999.000 -9999.000 -9999.000 -9999.000 -9999.000 -9999.000 -9999.000 -9999.000 -9999.000 -9999.000 -9999.000 -9999.000
-9999.000 -9999.000 -9999.000 -9999.000 -9999.000 -9999.000 -9999.000 -9999.000 -9999.000 -9999.000 -9999.000 -9999.000 -9999.000 -9999.000 -9999.000 -0.9178615E-01 -0.8365237E-01 -0.8090369E-01 -0.8121113E-01 -0.8321658E-01 -0.8581286E-01 -0.8861870E-01 -0.9141397E-01 -0.9394696E-01 -0.9630539E-01 -0.9846225E-01 -0.1005333 -0.1031402 -0.1082999 -0.1142844 -0.1142844 -9999.000 -9999.000 -9999.000 -9999.000 -9999.000 -9999.000 -9999.000 -9999.000 -9999.000 -9999.000 -9999.000 -9999.000 -9999.000 -9999.000 -9999.000 -9999.000 -9999.000 -9999.000 -9999.000 -9999.000 -9999.000 -9999.000 -9999.000 -9999.000 -9999.000 -9999.000 -9999.000 -9999.000
-9999.000 -9999.000 -9999.000 -9999.000 -9999.000 -9999.000 -9999.000 -9999.000 -9999.000 -9999.000 -9999.000 -9999.000 -9999.000 -9999.000 -9999.000 -0.8941503E-01 -0.7844864E-01 -0.7469581E-01 -0.7523309E-01 -0.7818117E-01 -0.8199797E-01 -0.8614709E-01 -0.9031099E-01 -0.9412615E-01 -0.9770484E-01 -0.1009951 -0.1041468 -0.1080161 -0.1154076 -0.1245989 -0.1245989 -9999.000 -9999.000 -9999.000 -9999.000 -9999.000 -9999.000 -9999.000 -9999.000 -9999.000 -9999.000 -9999.000 -9999.000 -9999.000 -9999.000 -9999.000 -9999.000 -9999.000 -9999.000 -9999.000 -9999.000 -9999.000 -9999.000 -9999.000 -9999.000 -9999.000 -9999.000 -9999.000 -9999.000
-9999.000 -9999.000 -9999.000 -9999.000 -9999.000 -9999.000 -9999.000 -9999.000 -9999.000 -9999.000 -9999.000 -9999.000 -9999.000 -9999.000 -9999.000 -0.8666499E-01 -0.7288866E-01 -0.6813243E-01 -0.6893531E-01 -0.7288100E-01 -0.7798008E-01 -0.8354111E-01 -0.8914531E-01 -0.9431163E-01 -0.9918071E-01 -0.1036711 -0.1079675 -0.1131741 -0.1229332 -0.1358826 -0.1358826 -9999.000 -9999.000 -9999.000 -9999.000 -9999.000 -9999.000 -9999.000 -9999.000 -9999.000 -9999.000 -9999.000 -9999.000 -9999.000 -9999.000 -9999.000 -9999.000 -9999.000 -9999.000 -9999.000 -9999.000 -9999.000 -9999.000 -9999.000 -9999.000 -9999.000 -9999.000 -9999.000 -9999.000
-9999.000 -9999.000 -9999.000 -9999.000 -9999.000 -9999.000 -9999.000 -9999.000 -9999.000 -9999.000 -9999.000 -9999.000 -9999.000 -9999.000 -9999.000 -0.8361194E-01 -0.6704210E-01 -0.6128103E-01 -0.6237838E-01 -0.6736606E-01 -0.7379396E-01 -0.8081675E-01 -0.8791262E-01 -0.9447760E-01 -0.1006873 -0.1064254 -0.1119148 -0.1185254 -0.1308000 -0.1481505 -0.1481505 -9999.000 -9999.000 -9999.000 -9999.000 -9999.000 -9999.000 -9999.000 -9999.000 -9999.000 -9999.000 -9999.000 -9999.000 -9999.000 -9999.000 -9999.000 -9999.000 -9999.000 -9999.000 -9999.000 -9999.000 -9999.000 -9999.000 -9999.000 -9999.000 -9999.000 -9999.000 -9999.000 -9999.000
-9999.000 -9999.000 -9999.000 -9999.000 -9999.000 -9999.000 -9999.000 -9999.000 -9999.000 -9999.000 -9999.000 -9999.000 -9999.000 -9999.000 -9999.000 -0.8026314E-01 -0.6092373E-01 -0.5415964E-01 -0.5558089E-01 -0.6165211E-01 -0.6944894E-01 -0.7797593E-01 -0.8660593E-01 -0.9460638E-01 -0.1021971 -0.1092215 -0.1159451 -0.1240258 -0.1389838 -0.1615172 -0.1615172 -9999.000 -9999.000 -9999.000 -9999.000 -9999.000 -9999.000 -9999.000 -9999.000 -9999.000 -9999.000 -9999.000 -9999.000 -9999.000 -9999.000 -9999.000 -9999.000 -9999.000 -9999.000 -9999.000 -9999.000 -9999.000 -9999.000 -9999.000 -9999.000 -9999.000 -9999.000 -9999.000 -9999.000
-9999.000 -9999.000 -9999.000 -9999.000 -9999.000 -9999.000 -9999.000 -9999.000 -9999.000 -9999.000 -9999.000 -9999.000 -9999.000 -9999.000 -9999.000 -0.7659095E-01 -0.5452153E-01 -0.4676230E-01 -0.4854094E-01 -0.5573802E-01 -0.6494204E-01 -0.7501205E-01 -0.8521459E-01 -0.9468114E-01 -0.1036890 -0.1120332 -0.1200287 -0.1296488 -0.1474844 -0.1761711 -0.1761711 -9999.000 -9999.000 -9999.000 -9999.000 -9999.000 -9999.000 -9999.000 -9999.000 -9999.000 -9999.000 -9999.000 -9999.000 -9999.000 -9999.000 -9999.000 -9999.000 -9999.000 -9999.000 -9999.000 -9999.000 -9999.000 -9999.000 -9999.000 -9999.000 -9999.000 -9999.000 -9999.000 -9999.000
-9999.000 -9999.000 -9999.000 -9999.000 -9999.000 -9999.000 -9999.000 -9999.000 -9999.000 -9999.000 -9999.000 -9999.000 -9999.000 -9999.000 -9999.000 -0.7254833E-01 -0.4780862E-01 -0.3906942E-01 -0.4124475E-01 -0.4961349E-01 -0.6026212E-01 -0.7191277E-01 -0.8372350E-01 -0.9468276E-01 -0.1051406 -0.1148351 -0.1241382 -0.1353725 -0.1563126 -0.1923764 -0.1923764 -9999.000 -9999.000 -9999.000 -9999.000 -9999.000 -9999.000 -9999.000 -9999.000 -9999.000 -9999.000 -9999.000 -9999.000 -9999.000 -9999.000 -9999.000 -9999.000 -9999.000 -9999.000 -9999.000 -9999.000 -9999.000 -9999.000 -9999.000 -9999.000 -9999.000 -9999.000 -9999.000 -9999.000
-9999.000 -9999.000 -9999.000 -9999.000 -9999.000 -9999.000 -9999.000 -9999.000 -9999.000 -9999.000 -9999.000 -9999.000 -9999.000 -9999.000 -9999.000 -0.6807399E-01 -0.4074708E-01 -0.3105223E-01 -0.3367015E-01 -0.4326008E-01 -0.5539124E-01 -0.6865934E-01 -0.8211231E-01 -0.9458640E-01 -0.1065246 -0.1175962 -0.1282404 -0.1411707 -0.1654809 -0.2104879 -0.2104879 -9999.000 -9999.000 -9999.000 -9999.000 -9999.000 -9999.000 -9999.000 -9999.000 -9999.000 -9999.000 -9999.000 -9999.000 -9999.000 -9999.000 -9999.000 -9999.000 -9999.000 -9999.000 -9999.000 -9999.000 -9999.000 -9999.000 -9999.000 -9999.000 -9999.000 -9999.000 -9999.000 -9999.000
-9999.000 -9999.000 -9999.000 -9999.000 -9999.000 -9999.000 -9999.000 -9999.000 -9999.000 -9999.000 -9999.000 -9999.000 -9999.000 -9999.000 -9999.000 -0.6309286E-01 -0.3328868E-01 -0.2267170E-01 -0.2578673E-01 -0.3665242E-01 -0.5030416E-01 -0.6522570E-01 -0.8035261E-01 -0.9435870E-01 -0.1078048 -0.1202752 -0.1322910 -0.1470062 -0.1749983 -0.2309839 -0.2309839 -9999.000 -9999.000 -9999.000 -9999.000 -9999.000 -9999.000 -9999.000 -9999.000 -9999.000 -9999.000 -9999.000 -9999.000 -9999.000 -9999.000 -9999.000 -9999.000 -9999.000 -9999.000 -9999.000 -9999.000 -9999.000 -9999.000 -9999.000 -9999.000 -9999.000 -9999.000 -9999.000 -9999.000
-9999.000 -9999.000 -9999.000 -9999.000 -9999.000 -9999.000 -9999.000 -9999.000 -9999.000 -9999.000 -9999.000 -9999.000 -9999.000 -9999.000 -9999.000 -0.5751466E-01 -0.2537213E-01 -0.1387748E-01 -0.1755343E-01 -0.2975489E-01 -0.4496593E-01 -0.6157584E-01 -0.7840560E-01 -0.9395394E-01 -0.1089309 -0.1228154 -0.1362275 -0.1528233 -0.1848645 -0.2545216 -0.2545216 -9999.000 -9999.000 -9999.000 -9999.000 -9999.000 -9999.000 -9999.000 -9999.000 -9999.000 -9999.000 -9999.000 -9999.000 -9999.000 -9999.000 -9999.000 -9999.000 -9999.000 -9999.000 -9999.000 -9999.000 -9999.000 -9999.000 -9999.000 -9999.000 -9999.000 -9999.000 -9999.000 -9999.000
-9999.000 -9999.000 -9999.000 -9999.000 -9999.000 -9999.000 -9999.000 -9999.000 -9999.000 -9999.000 -9999.000 -9999.000 -9999.000 -9999.000 -9999.000 -0.5122623E-01 -0.1691801E-01 -0.4602153E-02 -0.8914799E-02 -0.2251849E-01 -0.3932768E-01 -0.5765973E-01 -0.7621682E-01 -0.9330826E-01 -0.1098321 -0.1251350 -0.1399584 -0.1585365 -0.1950585 -0.2820265 -0.2820265 -9999.000 -9999.000 -9999.000 -9999.000 -9999.000 -9999.000 -9999.000 -9999.000 -9999.000 -9999.000 -9999.000 -9999.000 -9999.000 -9999.000 -9999.000 -9999.000 -9999.000 -9999.000 -9999.000 -9999.000 -9999.000 -9999.000 -9999.000 -9999.000 -9999.000 -9999.000 -9999.000 -9999.000
-9999.000 -9999.000 -9999.000 -9999.000 -9999.000 -9999.000 -9999.000 -9999.000 -9999.000 -9999.000 -9999.000 -9999.000 -9999.000 -9999.000 -9999.000 -0.4372235E-01 -0.7575349E-02 0.5340429E-02 0.1687682E-03 -0.1494260E-01 -0.3339732E-01 -0.5348264E-01 -0.7377986E-01 -0.9239417E-01 -0.1104617 -0.1271617 -0.1433881 -0.1640470 -0.2055559 -0.3148915 -0.3148915 -9999.000 -9999.000 -9999.000 -9999.000 -9999.000 -9999.000 -9999.000 -9999.000 -9999.000 -9999.000 -9999.000 -9999.000 -9999.000 -9999.000 -9999.000 -9999.000 -9999.000 -9999.000 -9999.000 -9999.000 -9999.000 -9999.000 -9999.000 -9999.000 -9999.000 -9999.000 -9999.000 -9999.000
-9999.000 -9999.000 -9999.000 -9999.000 -9999.000 -9999.000 -9999.000 -9999.000 -9999.000 -9999.000 -9999.000 -9999.000 -9999.000 -9999.000 -9999.000 -0.2571092E-02 0.1325962E-01 0.1457709E-01 0.2483940E-02 -0.1455338E-01 -0.3367339E-01 -0.5446514E-01 -0.7546639E-01 -0.9462813E-01 -0.1134065 -0.1307668 -0.1477862 -0.1701008 -0.2165465 -0.3529278 -0.3529278 -9999.000 -9999.000 -9999.000 -9999.000 -9999.000 -9999.000 -9999.000 -9999.000 -9999.000 -9999.000 -9999.000 -9999.000 -9999.000 -9999.000 -9999.000 -9999.000 -9999.000 -9999.000 -9999.000 -9999.000 -9999.000 -9999.000 -9999.000 -9999.000 -9999.000 -9999.000 -9999.000 -9999.000
-0.3828471E-02 -0.3828471E-02 -0.5376991E-02 -0.7120616E-02 -0.6610780E-02 -0.6610780E-02 -0.6428345E-02 -0.6345400E-02 -0.6345400E-02 -0.6332709E-02 -0.6332709E-02 -0.6315274E-02 -0.6302494E-02 -0.6287665E-02 -0.6275355E-02 -0.6275355E-02 0.2599381E-01 0.2062457E-01 0.5521664E-02 -0.1574986E-01 -0.4139085E-01 -0.7029030E-01 -0.1010095 -0.1317820 -0.1618080 -0.1900576 -0.2161642 -0.2418756 -0.2753114 -0.3550864 -0.3550864 -0.1964659 -0.1052883 -0.3618722E-01 -0.2699298E-01 -0.2699298E-01 -0.1995840E-01 -0.1995840E-01 -0.7229206E-02 -0.7229206E-02 0.3965923E-02 0.2715423E-01 0.2715423E-01 0.7787347E-02 0.7787347E-02 -0.3627869E-02 -0.3627869E-02 -0.3627869E-02 0.3488452E-03 0.3488452E-03 0.1051079E-02 0.1051079E-02 0.1261681E-03 0.1261681E-03 -0.1159122E-02 -0.1159122E-02 -0.2398176E-02 -0.2398176E-02 -0.2398176E-02
-0.5335837E-02 -0.5335837E-02 -0.7510351E-02 -0.1050078E-01 -0.9448983E-02 -0.9448983E-02 -0.9038874E-02 -0.8890743E-02 -0.8890743E-02 -0.8913971E-02 -0.8913971E-02 -0.8923934E-02 -0.8919882E-02 -0.8911357E-02 -0.8917496E-02 -0.8917496E-02 0.2122268E-01 0.1636083E-01 0.6862344E-03 -0.2504513E-01 -0.5903034E-01 -0.9917134E-01 -0.1436514 -0.1907859 -0.2384517 -0.2850254 -0.3288249 -0.3680565 -0.4006709 -0.4246621 -0.4246621 -0.2875213 -0.1907985 -0.9886527E-01 -0.8058820E-01 -0.8058820E-01 -0.5614586E-01 -0.5614586E-01 -0.1287649E-01 -0.1287649E-01 0.2049504E-01 0.8633304E-01 0.8633304E-01 0.7021405E-01 0.7021405E-01 0.1400889E-01 0.1400889E-01 0.1400889E-01 0.6731795E-02 0.6731795E-02 0.2135653E-02 0.2135653E-02 -0.2064424E-02 -0.2064424E-02 -0.5705793E-02 -0.5705793E-02 -0.8506870E-02 -0.8506870E-02 -0.8506870E-02
-0.3185653E-02 -0.3185653E-02 -0.5381437E-02 -0.9361405E-02 -0.8260272E-02 -0.8260272E-02 -0.7692950E-02 -0.7462536E-02 -0.7462536E-02 -0.7525201E-02 -0.7525201E-02 -0.7577565E-02 -0.7591327E-02 -0.7598996E-02 -0.7644242E-02 -0.7644242E-02 0.1313423E-01 0.8230053E-02 -0.7579133E-02 -0.3368223E-01 -0.6876309E-01 -0.1111646 -0.1593615 -0.2119720 -0.2672797 -0.3237326 -0.3796472 -0.4329728 -0.4808062 -0.5160317 -0.5160317 -0.4263054 -0.3421320 -0.2266415 -0.1891798 -0.1891798 -0.1205071 -0.1205071 -0.1767239E-01 -0.1767239E-01 0.4872723E-01 0.1669214 0.1669214 0.1812587 0.1812587 0.6363826E-01 0.6363826E-01 0.6363826E-01 0.2437753E-01 0.2437753E-01 0.4074828E-02 0.4074828E-02 -0.7905504E-02 -0.7905504E-02 -0.1567393E-01 -0.1567393E-01 -0.2036181E-01 -0.2036181E-01 -0.2036181E-01
-0.1007365E-02 -0.1007365E-02 -0.4400230E-02 -0.7880113E-02 -0.6826087E-02 -0.6826087E-02 -0.6215876E-02 -0.5935906E-02 -0.5935906E-02 -0.6001389E-02 -0.6001389E-02 -0.6059322E-02 -0.6074236E-02 -0.6082711E-02 -0.6157520E-02 -0.6157520E-02 0.4881057E-02 -0.2029999E-02 -0.1918611E-01 -0.4612932E-01 -0.8186084E-01 -0.1250707 -0.1744646 -0.2288778 -0.2869907 -0.3475423 -0.4091784 -0.4701660 -0.5277874 -0.5750220 -0.5750220 -0.5321580 -0.4718270 -0.3585580 -0.3068587 -0.3068587 -0.1839016 -0.1839016 -0.8275646E-02 -0.8275646E-02 0.8650590E-01 0.2320223 0.2320223 0.2649461 0.2649461 0.1220639 0.1220639 0.1220639 0.4942679E-01 0.4942679E-01 0.8338316E-02 0.8338316E-02 -0.1471169E-01 -0.1471169E-01 -0.2792909E-01 -0.2792909E-01 -0.3466327E-01 -0.3466327E-01 -0.3466327E-01
0.6362757E-04 0.6362757E-04 -0.3834877E-02 -0.6018930E-02 -0.5205551E-02 -0.5205551E-02 -0.4685265E-02 -0.4426916E-02 -0.4426916E-02 -0.4486332E-02 -0.4486332E-02 -0.4538910E-02 -0.4551749E-02 -0.4558503E-02 -0.4668338E-02 -0.4668338E-02 -0.3516719E-02 -0.1422602E-01 -0.3424764E-01 -0.6320304E-01 -0.1003054 -0.1445308 -0.1948121 -0.2501558 -0.3095026 -0.3718102 -0.4359920 -0.5006830 -0.5636642 -0.6190650 -0.6190650 -0.6118096 -0.5765229 -0.4752821 -0.4092949 -0.4092949 -0.2195256 -0.2195256 0.2088283E-01 0.2088283E-01 0.1274664 0.2701650 0.2701650 0.3086948 0.3086948 0.1740494 0.1740494 0.1740494 0.7842620E-01 0.7842620E-01 0.1668832E-01 0.1668832E-01 -0.1933164E-01 -0.1933164E-01 -0.3931464E-01 -0.3931464E-01 -0.4859864E-01 -0.4859864E-01 -0.4859864E-01
0.2787045E-04 0.2787045E-04 -0.2526727E-02 -0.4034791E-02 -0.3501026E-02 -0.3501026E-02 -0.3131606E-02 -0.2937115E-02 -0.2937115E-02 -0.2982295E-02 -0.2982295E-02 -0.3023030E-02 -0.3032770E-02 -0.3037772E-02 -0.3194325E-02 -0.3194325E-02 -0.1250401E-01 -0.2862836E-01 -0.5313116E-01 -0.8549768E-01 -0.1250178 -0.1708813 -0.2222584 -0.2783662 -0.3383901 -0.4014990 -0.4668178 -0.5332641 -0.5990783 -0.6596124 -0.6596124 -0.6769748 -0.6627199 -0.5666562 -0.4763425 -0.4763425 -0.2089621 -0.2089621 0.5960609E-01 0.5960609E-01 0.1580446 0.2790848 0.2790848 0.3175386 0.3175386 0.2108702 0.2108702 0.2108702 0.1071977 0.1071977 0.2912085E-01 0.2912085E-01 -0.2021574E-01 -0.2021574E-01 -0.4805135E-01 -0.4805135E-01 -0.6055263E-01 -0.6055263E-01 -0.6055263E-01
0.9327054E-05 0.9327054E-05 -0.1253147E-02 -0.2024503E-02 -0.1759883E-02 -0.1759883E-02 -0.1568365E-02 -0.1463950E-02 -0.1463950E-02 -0.1488380E-02 -0.1488380E-02 -0.1510700E-02 -0.1516132E-02 -0.1518885E-02 -0.1738062E-02 -0.1738062E-02 -0.2278168E-01 -0.4591934E-01 -0.7658352E-01 -0.1138934 -0.1570695 -0.2054233 -0.2583422 -0.3152826 -0.3757019 -0.4390284 -0.5046244 -0.5716709 -0.6387923 -0.7022948 -0.7022948 -0.7355889 -0.7355545 -0.6187676 -0.4858244 -0.4858244 -0.1568580 -0.1568580 0.8931066E-01 0.8931066E-01 0.1680337 0.2640677 0.2640677 0.3017932 0.3017932 0.2290177 0.2290177 0.2290177 0.1310510 0.1310510 0.4398711E-01 0.4398711E-01 -0.1699783E-01 -0.1699783E-01 -0.5306716E-01 -0.5306716E-01 -0.6935441E-01 -0.6935441E-01 -0.6935441E-01
-0.1726383E-07 -0.1726383E-07 -0.2635176E-06 -0.6431588E-07 0.3105633E-07 0.3105633E-07 0.1642093E-06 0.3437188E-06 0.3437188E-06 -0.1265519E-07 -0.1265519E-07 -0.8187984E-07 -0.1895910E-06 -0.9873542E-07 -0.3048037E-03 -0.3048037E-03 -0.3537675E-01 -0.6729297E-01 -0.1059014 -0.1497682 -0.1979287 -0.2497426 -0.3047824 -0.3627540 -0.4234082 -0.4864762 -0.5516126 -0.6182934 -0.6854823 -0.7500018 -0.7500018 -0.7915515 -0.7944605 -0.6074575 -0.4234383 -0.4234383 -0.9226627E-01 -0.9226627E-01 0.9828515E-01 0.9828515E-01 0.1571617 0.2338509 0.2338509 0.2713203 0.2713203 0.2292254 0.2292254 0.2292254 0.1460084 0.1460084 0.5846867E-01 0.5846867E-01 -0.1036772E-01 -0.1036772E-01 -0.5385336E-01 -0.5385336E-01 -0.7407511E-01 -0.7407511E-01 -0.7407511E-01
-0.9349938E-05 -0.9349938E-05 0.1252767E-02 0.2024370E-02 0.1760169E-02 0.1760169E-02 0.1568730E-02 0.1464407E-02 0.1464407E-02 0.1488460E-02 0.1488460E-02 0.1510572E-02 0.1515822E-02 0.1518673E-02 0.1096123E-02 0.1096123E-02 -0.5182118E-01 -0.9465508E-01 -0.1431596 -0.1952384 -0.2496961 -0.3059219 -0.3636673 -0.4228964 -0.4836673 -0.5460399 -0.6100013 -0.6753578 -0.7413242 -0.8043247 -0.8043247 -0.8442029 -0.8269767 -0.5127306 -0.3089413 -0.3089413 -0.4525570E-01 -0.4525570E-01 0.8819000E-01 0.8819000E-01 0.1326692 0.1964510 0.1964510 0.2332586 0.2332586 0.2146640 0.2146640 0.2146640 0.1498483 0.1498483 0.6941863E-01 0.6941863E-01 -0.1859807E-02 -0.1859807E-02 -0.5047202E-01 -0.5047202E-01 -0.7406061E-01 -0.7406061E-01 -0.7406061E-01
-0.2794434E-04 -0.2794434E-04 0.2526431E-02 0.4034704E-02 0.3501270E-02 0.3501270E-02 0.3131879E-02 0.2937494E-02 0.2937494E-02 0.2982329E-02 0.2982329E-02 0.3022963E-02 0.3032593E-02 0.3037549E-02 0.2452343E-02 0.2452343E-02 -0.7452365E-01 -0.1310171 -0.1915938 -0.2535165 -0.3154348 -0.3768368 -0.4377036 -0.4982917 -0.5589840 -0.6201826 -0.6822262 -0.7452485 -0.8083810 -0.8649330 -0.8649330 -0.8825315 -0.7966861 -0.3584824 -0.1948113 -0.1948113 -0.2473735E-01 -0.2473735E-01 0.6798645E-01 0.6798645E-01 0.1029878 0.1572973 0.1572973 0.1920375 0.1920375 0.1892351 0.1892351 0.1892351 0.1423935 0.1423935 0.7429454E-01 0.7429454E-01 0.6540802E-02 0.6540802E-02 -0.4353045E-01 -0.4353045E-01 -0.6900905E-01 -0.6900905E-01 -0.6900905E-01
-0.6371558E-04 -0.6371558E-04 0.3834467E-02 0.6018791E-02 0.5205640E-02 0.5205640E-02 0.4685476E-02 0.4427391E-02 0.4427391E-02 0.4486328E-02 0.4486328E-02 0.4539065E-02 0.4551571E-02 0.4558269E-02 0.3748997E-02 0.3748997E-02 -0.1075124 -0.1812475 -0.2562770 -0.3294980 -0.3996716 -0.4665855 -0.5305828 -0.5922890 -0.6524482 -0.7118162 -0.7710814 -0.8306094 -0.8881257 -0.9242393 -0.9242393 -0.8665198 -0.6494181 -0.2140492 -0.1199030 -0.1199030 -0.2125091E-01 -0.2125091E-01 0.4573042E-01 0.4573042E-01 0.7371271E-01 0.1192793 0.1192793 0.1501840 0.1501840 0.1565768 0.1565768 0.1565768 0.1251084 0.1251084 0.7185066E-01 0.7185066E-01 0.1295752E-01 0.1295752E-01 -0.3403185E-01 -0.3403185E-01 -0.5904445E-01 -0.5904445E-01 -0.5904445E-01
0.1007239E-02 0.1007239E-02 0.4399883E-02 0.7879925E-02 0.6826252E-02 0.6826252E-02 0.6216138E-02 0.5936313E-02 0.5936313E-02 0.6001539E-02 0.6001539E-02 0.6059334E-02 0.6074258E-02 0.6082575E-02 0.4963712E-02 0.4963712E-02 -0.1580005 -0.2535540 -0.3453821 -0.4307966 -0.5092460 -0.5811959 -0.6475787 -0.7095150 -0.7681664 -0.8246542 -0.8800033 -0.9343710 -0.9783543 -0.9451602 -0.9451602 -0.7133367 -0.3974999 -0.1249615 -0.8307504E-01 -0.8307504E-01 -0.2278575E-01 -0.2278575E-01 0.2591237E-01 0.2591237E-01 0.4755859E-01 0.8376495E-01 0.8376495E-01 0.1092131 0.1092131 0.1197318 0.1197318 0.1197318 0.1003834 0.1003834 0.6231051E-01 0.6231051E-01 0.1618234E-01 0.1618234E-01 -0.2311776E-01 -0.2311776E-01 -0.4477750E-01 -0.4477750E-01 -0.4477750E-01
