simulation_files/asc/Velocity____306.0.asc
NCOLS        79
NROWS        79
XLLCENTER         -1.500000
YLLCENTER         -4.800000
CELLSIZE           0.100
NODATA_VALUE     -9999.0
[rows 0 to 26 of 79, columns 0 to 59 of 79]
-9999.000 -9999.000 -9999.000 -9999.000 -9999.000 -9999.000 -9999.000 -9999.000 -9999.000 -9999.000 -9999.000 -9999.000 -9999.000 -9999.000 -9999.000 0.9611952E-01 0.9393618E-01 0.9350701E-01 0.9402616E-01 0.9490018E-01 0.9584473E-01 0.9674139E-01 0.9748068E-01 0.9803320E-01 0.9841701E-01 0.9865104E-01 0.9880468E-01 0.9908506E-01 0.1000823 0.1011026 0.1011026 -9999.000 -9999.000 -9999.000 -9999.000 -9999.000 -9999.000 -9999.000 -9999.000 -9999.000 -9999.000 -9999.000 -9999.000 -9999.000 -9999.000 -9999.000 -9999.000 -9999.000 -9999.000 -9999.000 -9999.000 -9999.000 -9999.000 -9999.000 -9999.000 -9999.000 -9999.000 -9999.000 -9999.000 -9999.000
-9999.000 -9999.000 -9999.000 -9999.000 -9999.000 -9999.000 -9999.000 -9999.000 -9999.000 -9999.000 -9999.000 -9999.000 -9999.000 -9999.000 -9999.000 0.9503626E-01 0.9058718E-01 0.8974582E-01 0.9086737E-01 0.9271587E-01 0.9472311E-01 0.9665994E-01 0.9830131E-01 0.9957743E-01 0.1005142 0.1011435 0.1016119 0.1023811 0.1047602 0.1075139 0.1075139 -9999.000 -9999.000 -9999.000 -9999.000 -9999.000 -9999.000 -9999.000 -9999.000 -9999.000 -9999.000 -9999.000 -9999.000 -9999.000 -9999.000 -9999.000 -9999.000 -9999.000 -9999.000 -9999.000 -9999.000 -9999.000 -9999.000 -9999.000 -9999.000 -9999.000 -9999.000 -9999.000 -9999.000 -9999.000
-9999.000 -9999.000 -9999.000 -9999.000 -9999.000 -9999.000 -9999.000 -9999.000 -9999.000 -9999.000 -9999.000 -9999.000 -9999.000 -9999.000 -9999.000 0.9261504E-01 0.8577945E-01 0.8444037E-01 0.8623601E-01 0.8920059E-01 0.9245311E-01 0.9565495E-01 0.9846610E-01 0.1007800 0.1026308 0.1040537 0.1052627 0.1069801 0.1112902 0.1166165 0.1166165 -9999.000 -9999.000 -9999.000 -9999.000 -9999.000 -9999.000 -9999.000 -9999.000 -9999.000 -9999.000 -9999.000 -9999.000 -9999.000 -9999.000 -9999.000 -9999.000 -9999.000 -9999.000 -9999.000 -9999.000 -9999.000 -9999.000 -9999.000 -9999.000 -9999.000 -9999.000 -9999.000 -9999.000 -9999.000
-9999.000 -9999.000 -9999.000 -9999.000 -9999.000 -9999.000 -9999.000 -9999.000 -9999.000 -9999.000 -9999.000 -9999.000 -9999.000 -9999.000 -9999.000 0.8953893E-01 0.8040062E-01 0.7857107E-01 0.8106854E-01 0.8517569E-01 0.8970363E-01 0.9421809E-01 0.9827229E-01 0.1017289 0.1046288 0.1070014 0.1091177 0.1119570 0.1184046 0.1268623 0.1268623 -9999.000 -9999.000 -9999.000 -9999.000 -9999.000 -9999.000 -9999.000 -9999.000 -9999.000 -9999.000 -9999.000 -9999.000 -9999.000 -9999.000 -9999.000 -9999.000 -9999.000 -9999.000 -9999.000 -9999.000 -9999.000 -9999.000 -9999.000 -9999.000 -9999.000 -9999.000 -9999.000 -9999.000 -9999.000
-9999.000 -9999.000 -9999.000 -9999.000 -9999.000 -9999.000 -9999.000 -9999.000 -9999.000 -9999.000 -9999.000 -9999.000 -9999.000 -9999.000 -9999.000 0.8603917E-01 0.7464997E-01 0.7234683E-01 0.7558506E-01 0.8086531E-01 0.8669297E-01 0.9255086E-01 0.9789192E-01 0.1025522 0.1065795 0.1099912 0.1131117 0.1171845 0.1259395 0.1381069 0.1381069 -9999.000 -9999.000 -9999.000 -9999.000 -9999.000 -9999.000 -9999.000 -9999.000 -9999.000 -9999.000 -9999.000 -9999.000 -9999.000 -9999.000 -9999.000 -9999.000 -9999.000 -9999.000 -9999.000 -9999.000 -9999.000 -9999.000 -9999.000 -9999.000 -9999.000 -9999.000 -9999.000 -9999.000 -9999.000
-9999.000 -9999.000 -9999.000 -9999.000 -9999.000 -9999.000 -9999.000 -9999.000 -9999.000 -9999.000 -9999.000 -9999.000 -9999.000 -9999.000 -9999.000 0.8219862E-01 0.6861131E-01 0.6587376E-01 0.6990989E-01 0.7639983E-01 0.8354866E-01 0.9077153E-01 0.9742647E-01 0.1033284 0.1085323 0.1130382 0.1172243 0.1226124 0.1338354 0.1503707 0.1503707 -9999.000 -9999.000 -9999.000 -9999.000 -9999.000 -9999.000 -9999.000 -9999.000 -9999.000 -9999.000 -9999.000 -9999.000 -9999.000 -9999.000 -9999.000 -9999.000 -9999.000 -9999.000 -9999.000 -9999.000 -9999.000 -9999.000 -9999.000 -9999.000 -9999.000 -9999.000 -9999.000 -9999.000 -9999.000
-9999.000 -9999.000 -9999.000 -9999.000 -9999.000 -9999.000 -9999.000 -9999.000 -9999.000 -9999.000 -9999.000 -9999.000 -9999.000 -9999.000 -9999.000 0.7803062E-01 0.6231418E-01 0.5921064E-01 0.6412258E-01 0.7186127E-01 0.8034673E-01 0.8894751E-01 0.9693221E-01 0.1041006 0.1105147 0.1161522 0.1214477 0.1282202 0.1420798 0.1637739 0.1637739 -9999.000 -9999.000 -9999.000 -9999.000 -9999.000 -9999.000 -9999.000 -9999.000 -9999.000 -9999.000 -9999.000 -9999.000 -9999.000 -9999.000 -9999.000 -9999.000 -9999.000 -9999.000 -9999.000 -9999.000 -9999.000 -9999.000 -9999.000 -9999.000 -9999.000 -9999.000 -9999.000 -9999.000 -9999.000
-9999.000 -9999.000 -9999.000 -9999.000 -9999.000 -9999.000 -9999.000 -9999.000 -9999.000 -9999.000 -9999.000 -9999.000 -9999.000 -9999.000 -9999.000 0.7351377E-01 0.5576422E-01 0.5240600E-01 0.5829347E-01 0.6731546E-01 0.7714117E-01 0.8712181E-01 0.9644270E-01 0.1048932 0.1125420 0.1193387 0.1257778 0.1340005 0.1506839 0.1785141 0.1785141 -9999.000 -9999.000 -9999.000 -9999.000 -9999.000 -9999.000 -9999.000 -9999.000 -9999.000 -9999.000 -9999.000 -9999.000 -9999.000 -9999.000 -9999.000 -9999.000 -9999.000 -9999.000 -9999.000 -9999.000 -9999.000 -9999.000 -9999.000 -9999.000 -9999.000 -9999.000 -9999.000 -9999.000 -9999.000
-9999.000 -9999.000 -9999.000 -9999.000 -9999.000 -9999.000 -9999.000 -9999.000 -9999.000 -9999.000 -9999.000 -9999.000 -9999.000 -9999.000 -9999.000 0.6860738E-01 0.4895927E-01 0.4552651E-01 0.5251199E-01 0.6283386E-01 0.7398282E-01 0.8533026E-01 0.9598338E-01 0.1057237 0.1146246 0.1226009 0.1302119 0.1399512 0.1596714 0.1948681 0.1948681 -9999.000 -9999.000 -9999.000 -9999.000 -9999.000 -9999.000 -9999.000 -9999.000 -9999.000 -9999.000 -9999.000 -9999.000 -9999.000 -9999.000 -9999.000 -9999.000 -9999.000 -9999.000 -9999.000 -9999.000 -9999.000 -9999.000 -9999.000 -9999.000 -9999.000 -9999.000 -9999.000 -9999.000 -9999.000
-9999.000 -9999.000 -9999.000 -9999.000 -9999.000 -9999.000 -9999.000 -9999.000 -9999.000 -9999.000 -9999.000 -9999.000 -9999.000 -9999.000 -9999.000 0.6325822E-01 0.4190399E-01 0.3869768E-01 0.4691653E-01 0.5851210E-01 0.7093196E-01 0.8361147E-01 0.9557941E-01 0.1066090 0.1167730 0.1259423 0.1347485 0.1460732 0.1690745 0.2132105 0.2132105 -9999.000 -9999.000 -9999.000 -9999.000 -9999.000 -9999.000 -9999.000 -9999.000 -9999.000 -9999.000 -9999.000 -9999.000 -9999.000 -9999.000 -9999.000 -9999.000 -9999.000 -9999.000 -9999.000 -9999.000 -9999.000 -9999.000 -9999.000 -9999.000 -9999.000 -9999.000 -9999.000 -9999.000 -9999.000
-9999.000 -9999.000 -9999.000 -9999.000 -9999.000 -9999.000 -9999.000 -9999.000 -9999.000 -9999.000 -9999.000 -9999.000 -9999.000 -9999.000 -9999.000 0.5740128E-01 0.3463277E-01 0.3218526E-01 0.4174001E-01 0.5448960E-01 0.6807058E-01 0.8201654E-01 0.9526471E-01 0.1075719 0.1190022 0.1293705 0.1393892 0.1523701 0.1789317 0.2340499 0.2340499 -9999.000 -9999.000 -9999.000 -9999.000 -9999.000 -9999.000 -9999.000 -9999.000 -9999.000 -9999.000 -9999.000 -9999.000 -9999.000 -9999.000 -9999.000 -9999.000 -9999.000 -9999.000 -9999.000 -9999.000 -9999.000 -9999.000 -9999.000 -9999.000 -9999.000 -9999.000 -9999.000 -9999.000 -9999.000
-9999.000 -9999.000 -9999.000 -9999.000 -9999.000 -9999.000 -9999.000 -9999.000 -9999.000 -9999.000 -9999.000 -9999.000 -9999.000 -9999.000 -9999.000 0.5096087E-01 0.2727258E-01 0.2657546E-01 0.3737678E-01 0.5097642E-01 0.6551839E-01 0.8061995E-01 0.9509007E-01 0.1086496 0.1213388 0.1329020 0.1441425 0.1588511 0.1892902 0.2580892 0.2580892 -9999.000 -9999.000 -9999.000 -9999.000 -9999.000 -9999.000 -9999.000 -9999.000 -9999.000 -9999.000 -9999.000 -9999.000 -9999.000 -9999.000 -9999.000 -9999.000 -9999.000 -9999.000 -9999.000 -9999.000 -9999.000 -9999.000 -9999.000 -9999.000 -9999.000 -9999.000 -9999.000 -9999.000 -9999.000
-9999.000 -9999.000 -9999.000 -9999.000 -9999.000 -9999.000 -9999.000 -9999.000 -9999.000 -9999.000 -9999.000 -9999.000 -9999.000 -9999.000 -9999.000 0.4384787E-01 0.2025496E-01 0.2307596E-01 0.3445646E-01 0.4829013E-01 0.6345810E-01 0.7954046E-01 0.9514198E-01 0.1099083 0.1238344 0.1365747 0.1490345 0.1655395 0.2002104 0.2863269 0.2863269 -9999.000 -9999.000 -9999.000 -9999.000 -9999.000 -9999.000 -9999.000 -9999.000 -9999.000 -9999.000 -9999.000 -9999.000 -9999.000 -9999.000 -9999.000 -9999.000 -9999.000 -9999.000 -9999.000 -9999.000 -9999.000 -9999.000 -9999.000 -9999.000 -9999.000 -9999.000 -9999.000 -9999.000 -9999.000
-9999.000 -9999.000 -9999.000 -9999.000 -9999.000 -9999.000 -9999.000 -9999.000 -9999.000 -9999.000 -9999.000 -9999.000 -9999.000 -9999.000 -9999.000 0.3581849E-01 0.1552068E-01 0.2414848E-01 0.3450112E-01 0.4746896E-01 0.6263421E-01 0.7932664E-01 0.9583699E-01 0.1116696 0.1267384 0.1405805 0.1542111 0.1725477 0.2118142 0.3202662 0.3202662 -9999.000 -9999.000 -9999.000 -9999.000 -9999.000 -9999.000 -9999.000 -9999.000 -9999.000 -9999.000 -9999.000 -9999.000 -9999.000 -9999.000 -9999.000 -9999.000 -9999.000 -9999.000 -9999.000 -9999.000 -9999.000 -9999.000 -9999.000 -9999.000 -9999.000 -9999.000 -9999.000 -9999.000 -9999.000
-9999.000 -9999.000 -9999.000 -9999.000 -9999.000 -9999.000 -9999.000 -9999.000 -9999.000 -9999.000 -9999.000 -9999.000 -9999.000 -9999.000 -9999.000 0.5540512E-01 0.8414872E-01 0.9535344E-01 0.8986339E-01 0.8968316E-01 0.9266933E-01 0.9967344E-01 0.1094648 0.1210225 0.1336138 0.1461842 0.1595035 0.1789227 0.2229247 0.3592119 0.3592119 -9999.000 -9999.000 -9999.000 -9999.000 -9999.000 -9999.000 -9999.000 -9999.000 -9999.000 -9999.000 -9999.000 -9999.000 -9999.000 -9999.000 -9999.000 -9999.000 -9999.000 -9999.000 -9999.000 -9999.000 -9999.000 -9999.000 -9999.000 -9999.000 -9999.000 -9999.000 -9999.000 -9999.000 -9999.000
2.752786 2.752786 2.738752 2.775245 2.791167 2.791167 2.793994 2.793399 2.793399 2.789572 2.789572 2.783813 2.780379 2.776640 2.772792 2.772792 2.877280 2.880279 2.878969 2.855537 2.812479 2.748731 2.662290 2.554583 2.427565 2.282824 2.124762 1.963807 1.827021 1.788950 1.788950 2.611497 2.779590 2.872478 2.894810 2.894810 2.921661 2.921661 2.892855 2.892855 2.842236 2.644154 2.644154 2.194779 2.194779 1.982805 1.982805 1.982805 1.982285 1.982285 2.020171 2.020171 2.069339 2.069339 2.118647 2.118647 2.161627 2.161627 2.161627 2.194534
2.775300 2.775300 2.764942 2.826148 2.850691 2.850691 2.865284 2.887070 2.887070 2.905061 2.905061 2.920919 2.928230 2.935189 2.941983 2.941983 3.020430 3.036085 3.049896 3.058373 3.061742 3.058387 3.045488 3.020753 2.982010 2.927046 2.854858 2.766844 2.669850 2.605828 2.605828 3.045148 3.197524 3.343512 3.382665 3.382665 3.424914 3.424914 3.419353 3.419353 3.393718 3.281489 3.281489 3.035954 3.035954 2.804523 2.804523 2.804523 2.803016 2.803016 2.842771 2.842771 2.895010 2.895010 2.946968 2.946968 2.993213 2.993213 2.993213 3.031108
2.780264 2.780264 2.766963 2.827846 2.850505 2.850505 2.865715 2.888365 2.888365 2.906959 2.906959 2.923494 2.931188 2.938554 2.945805 2.945805 3.017023 3.043422 3.067898 3.088604 3.105467 3.118199 3.125880 3.127584 3.122128 3.107805 3.083008 3.047215 3.003331 2.974067 2.974067 3.225446 3.370715 3.537727 3.585803 3.585803 3.631652 3.631652 3.614398 3.614398 3.582290 3.480727 3.480727 3.318371 3.318371 3.101707 3.101707 3.101707 3.083793 3.083793 3.112492 3.112492 3.156768 3.156768 3.202602 3.202602 3.244175 3.244175 3.244175 3.278649
2.783553 2.783553 2.769857 2.828747 2.849899 2.849899 2.865360 2.888397 2.888397 2.907009 2.907009 2.923522 2.931218 2.938590 2.945890 2.945890 3.013430 3.049169 3.083506 3.113984 3.139832 3.160822 3.176717 3.187407 3.192787 3.192435 3.185777 3.172614 3.154686 3.145930 3.145930 3.301198 3.430162 3.601233 3.652074 3.652074 3.689010 3.689010 3.648367 3.648367 3.608673 3.522840 3.522840 3.424063 3.424063 3.245384 3.245384 3.245384 3.211192 3.211192 3.226770 3.226770 3.263360 3.263360 3.304739 3.304739 3.343304 3.343304 3.343304 3.375422
2.785242 2.785242 2.773589 2.829223 2.849403 2.849403 2.865018 2.888385 2.888385 2.907000 2.907000 2.923483 2.931178 2.938562 2.945942 2.945942 3.013787 3.057870 3.101308 3.140795 3.174983 3.203409 3.225909 3.242550 3.253555 3.259111 3.259390 3.254817 3.247052 3.245465 3.245465 3.344948 3.453151 3.612582 3.655789 3.655789 3.661034 3.661034 3.593257 3.593257 3.555457 3.503206 3.503206 3.460730 3.460730 3.334904 3.334904 3.334904 3.290298 3.290298 3.290950 3.290950 3.317435 3.317435 3.352928 3.352928 3.387711 3.387711 3.387711 3.416908
2.785358 2.785358 2.777854 2.829245 2.848944 2.848944 2.864737 2.888502 2.888502 2.907227 2.907227 2.923729 2.931425 2.938804 2.946268 2.946268 3.019164 3.071072 3.122797 3.170403 3.212193 3.247524 3.276196 3.298272 3.314004 3.323733 3.327882 3.327135 3.323087 3.322330 3.322330 3.384897 3.469363 3.596761 3.616094 3.616094 3.567204 3.567204 3.491161 3.491161 3.470225 3.463496 3.463496 3.466772 3.466772 3.396954 3.396954 3.396954 3.351843 3.351843 3.339534 3.339534 3.354001 3.354001 3.381340 3.381340 3.410572 3.410572 3.410572 3.435522
2.781656 2.781656 2.783858 2.829504 2.848980 2.848980 2.864829 2.888684 2.888684 2.907335 2.907335 2.923769 2.931448 2.938818 2.946411 2.946411 3.030091 3.089894 3.149288 3.204126 3.252636 3.294122 3.328383 3.355473 3.375615 3.389148 3.396517 3.398399 3.396146 3.394275 3.394275 3.430755 3.488910 3.552717 3.526555 3.526555 3.424055 3.424055 3.377739 3.377739 3.383584 3.420597 3.420597 3.457201 3.457201 3.437985 3.437985 3.437985 3.402124 3.402124 3.382299 3.382299 3.384916 3.384916 3.402263 3.402263 3.423983 3.423983 3.423983 3.443110
2.781281 2.781281 2.785482 2.829444 2.848879 2.848879 2.864769 2.888692 2.888692 2.907345 2.907345 2.923772 2.931448 2.938818 2.946600 2.946600 3.047864 3.115999 3.182567 3.243716 3.297891 3.344520 3.383488 3.414886 3.438935 3.455940 3.466295 3.470568 3.469757 3.466527 3.466527 3.483171 3.509780 3.459425 3.374196 3.374196 3.263005 3.263005 3.278718 3.278718 3.310042 3.379620 3.379620 3.438890 3.438890 3.461191 3.461191 3.461191 3.441026 3.441026 3.420514 3.420514 3.413732 3.413732 3.420342 3.420342 3.432823 3.432823 3.432823 3.444530
2.781656 2.781656 2.783858 2.829503 2.848979 2.848979 2.864828 2.888684 2.888684 2.907335 2.907335 2.923769 2.931447 2.938818 2.946862 2.946862 3.074041 3.151194 3.224525 3.291025 3.349666 3.400202 3.442713 3.477408 3.504553 3.524442 3.537412 3.543896 3.544454 3.539512 3.539512 3.536940 3.516197 3.290570 3.168829 3.168829 3.122157 3.122157 3.202810 3.202810 3.251168 3.341113 3.341113 3.415478 3.415478 3.469803 3.469803 3.469803 3.467637 3.467637 3.452376 3.452376 3.440156 3.440156 3.436641 3.436641 3.438784 3.438784 3.438784 3.441693
2.785358 2.785358 2.777855 2.829247 2.848945 2.848945 2.864738 2.888503 2.888503 2.907228 2.907228 2.923729 2.931425 2.938805 2.947222 2.947222 3.110940 3.197831 3.277428 3.348163 3.409867 3.462828 3.507449 3.544138 3.573260 3.595139 3.610076 3.618367 3.619858 3.610697 3.610697 3.577239 3.468160 3.052021 2.959116 2.959116 3.020523 3.020523 3.142805 3.142805 3.200386 3.302515 3.302515 3.387365 3.387365 3.465643 3.465643 3.465643 3.480618 3.480618 3.474333 3.474333 3.460908 3.460908 3.449105 3.449105 3.440714 3.440714 3.440714 3.433996
2.785243 2.785243 2.773590 2.829223 2.849403 2.849403 2.865018 2.888386 2.888386 2.907000 2.907000 2.923482 2.931178 2.938562 2.947498 2.947498 3.161911 3.259004 3.344029 3.417540 3.480588 3.534190 3.579200 3.616292 3.645983 3.668662 3.684627 3.693981 3.694775 3.670978 3.670978 3.563001 3.300210 2.806451 2.802109 2.802109 2.947968 2.947968 3.089305 3.089305 3.151612 3.261420 3.261420 3.353834 3.353834 3.449487 3.449487 3.449487 3.478926 3.478926 3.482833 3.482833 3.471323 3.471323 3.453679 3.453679 3.435503 3.435503 3.435503 3.419068
2.783552 2.783552 2.769857 2.828747 2.849899 2.849899 2.865361 2.888397 2.888397 2.907009 2.907009 2.923523 2.931217 2.938590 2.948215 2.948215 3.232907 3.339700 3.428366 3.502394 3.564422 3.616374 3.659640 3.695203 3.723754 3.745763 3.761538 3.770670 3.764705 3.686309 3.686309 3.404832 2.978306 2.638906 2.698827 2.698827 2.881475 2.881475 3.031213 3.031213 3.096380 3.211823 3.211823 3.309995 3.309995 3.418105 3.418105 3.418105 3.458780 3.458780 3.472117 3.472117 3.464136 3.464136 3.442983 3.442983 3.416521 3.416521 3.416521 3.391135
