simulation_files/asc/Velocity____78.0.asc
NCOLS        79
NROWS        79
XLLCENTER         -1.500000
YLLCENTER         -4.800000
CELLSIZE           0.100
NODATA_VALUE     -9999.0
[rows 0 to 26 of 79, columns 0 to 59 of 79]
-9999.000 -9999.000 -9999.000 -9999.000 -9999.000 -9999.000 -9999.000 -9999.000 -9999.000 -9999.000 -9999.000 -9999.000 -9999.000 -9999.000 -9999.000 0.2139723 0.2128921 0.2130638 0.2133289 0.2136073 0.2138944 0.2142000 0.2145424 0.2149463 0.2154444 0.2160835 0.2169347 0.2181152 0.2196942 0.2172336 0.2172336 -9999.000 -9999.000 -9999.000 -9999.000 -9999.000 -9999.000 -9999.000 -9999.000 -9999.000 -9999.000 -9999.000 -9999.000 -9999.000 -9999.000 -9999.000 -9999.000 -9999.000 -9999.000 -9999.000 -9999.000 -9999.000 -9999.000 -9999.000 -9999.000 -9999.000 -9999.000 -9999.000 -9999.000 -9999.000
-9999.000 -9999.000 -9999.000 -9999.000 -9999.000 -9999.000 -9999.000 -9999.000 -9999.000 -9999.000 -9999.000 -9999.000 -9999.000 -9999.000 -9999.000 0.2110519 0.2086596 0.2090072 0.2095675 0.2101651 0.2107823 0.2114345 0.2121552 0.2129946 0.2140216 0.2153378 0.2170999 0.2195581 0.2228365 0.2182239 0.2182239 -9999.000 -9999.000 -9999.000 -9999.000 -9999.000 -9999.000 -9999.000 -9999.000 -9999.000 -9999.000 -9999.000 -9999.000 -9999.000 -9999.000 -9999.000 -9999.000 -9999.000 -9999.000 -9999.000 -9999.000 -9999.000 -9999.000 -9999.000 -9999.000 -9999.000 -9999.000 -9999.000 -9999.000 -9999.000
-9999.000 -9999.000 -9999.000 -9999.000 -9999.000 -9999.000 -9999.000 -9999.000 -9999.000 -9999.000 -9999.000 -9999.000 -9999.000 -9999.000 -9999.000 0.2065686 0.2027079 0.2032959 0.2042923 0.2053967 0.2065684 0.2078275 0.2092269 0.2108501 0.2128138 0.2152854 0.2185138 0.2228740 0.2284839 0.2219400 0.2219400 -9999.000 -9999.000 -9999.000 -9999.000 -9999.000 -9999.000 -9999.000 -9999.000 -9999.000 -9999.000 -9999.000 -9999.000 -9999.000 -9999.000 -9999.000 -9999.000 -9999.000 -9999.000 -9999.000 -9999.000 -9999.000 -9999.000 -9999.000 -9999.000 -9999.000 -9999.000 -9999.000 -9999.000 -9999.000
-9999.000 -9999.000 -9999.000 -9999.000 -9999.000 -9999.000 -9999.000 -9999.000 -9999.000 -9999.000 -9999.000 -9999.000 -9999.000 -9999.000 -9999.000 0.2010241 0.1957415 0.1966425 0.1981827 0.1999278 0.2018133 0.2038616 0.2061452 0.2087810 0.2119344 0.2158418 0.2208486 0.2274654 0.2358158 0.2279090 0.2279090 -9999.000 -9999.000 -9999.000 -9999.000 -9999.000 -9999.000 -9999.000 -9999.000 -9999.000 -9999.000 -9999.000 -9999.000 -9999.000 -9999.000 -9999.000 -9999.000 -9999.000 -9999.000 -9999.000 -9999.000 -9999.000 -9999.000 -9999.000 -9999.000 -9999.000 -9999.000 -9999.000 -9999.000 -9999.000
-9999.000 -9999.000 -9999.000 -9999.000 -9999.000 -9999.000 -9999.000 -9999.000 -9999.000 -9999.000 -9999.000 -9999.000 -9999.000 -9999.000 -9999.000 0.1945047 0.1878877 0.1891729 0.1913545 0.1938587 0.1965937 0.1995841 0.2029223 0.2067610 0.2113191 0.2169087 0.2239847 0.2332150 0.2447551 0.2361171 0.2361171 -9999.000 -9999.000 -9999.000 -9999.000 -9999.000 -9999.000 -9999.000 -9999.000 -9999.000 -9999.000 -9999.000 -9999.000 -9999.000 -9999.000 -9999.000 -9999.000 -9999.000 -9999.000 -9999.000 -9999.000 -9999.000 -9999.000 -9999.000 -9999.000 -9999.000 -9999.000 -9999.000 -9999.000 -9999.000
-9999.000 -9999.000 -9999.000 -9999.000 -9999.000 -9999.000 -9999.000 -9999.000 -9999.000 -9999.000 -9999.000 -9999.000 -9999.000 -9999.000 -9999.000 0.1870352 0.1792262 0.1809706 0.1838860 0.1872569 0.1909624 0.1950287 0.1995703 0.2047798 0.2109358 0.2184384 0.2278717 0.2400934 0.2553386 0.2467128 0.2467128 -9999.000 -9999.000 -9999.000 -9999.000 -9999.000 -9999.000 -9999.000 -9999.000 -9999.000 -9999.000 -9999.000 -9999.000 -9999.000 -9999.000 -9999.000 -9999.000 -9999.000 -9999.000 -9999.000 -9999.000 -9999.000 -9999.000 -9999.000 -9999.000 -9999.000 -9999.000 -9999.000 -9999.000 -9999.000
-9999.000 -9999.000 -9999.000 -9999.000 -9999.000 -9999.000 -9999.000 -9999.000 -9999.000 -9999.000 -9999.000 -9999.000 -9999.000 -9999.000 -9999.000 0.1785853 0.1697966 0.1720855 0.1758281 0.1801696 0.1849589 0.1902244 0.1961056 0.2028397 0.2107757 0.2204171 0.2325053 0.2481345 0.2676956 0.2599971 0.2599971 -9999.000 -9999.000 -9999.000 -9999.000 -9999.000 -9999.000 -9999.000 -9999.000 -9999.000 -9999.000 -9999.000 -9999.000 -9999.000 -9999.000 -9999.000 -9999.000 -9999.000 -9999.000 -9999.000 -9999.000 -9999.000 -9999.000 -9999.000 -9999.000 -9999.000 -9999.000 -9999.000 -9999.000 -9999.000
-9999.000 -9999.000 -9999.000 -9999.000 -9999.000 -9999.000 -9999.000 -9999.000 -9999.000 -9999.000 -9999.000 -9999.000 -9999.000 -9999.000 -9999.000 0.1690784 0.1596080 0.1625449 0.1672150 0.1726343 0.1786201 0.1852042 0.1925541 0.2009596 0.2108517 0.2228594 0.2379187 0.2574251 0.2820432 0.2764466 0.2764466 -9999.000 -9999.000 -9999.000 -9999.000 -9999.000 -9999.000 -9999.000 -9999.000 -9999.000 -9999.000 -9999.000 -9999.000 -9999.000 -9999.000 -9999.000 -9999.000 -9999.000 -9999.000 -9999.000 -9999.000 -9999.000 -9999.000 -9999.000 -9999.000 -9999.000 -9999.000 -9999.000 -9999.000 -9999.000
-9999.000 -9999.000 -9999.000 -9999.000 -9999.000 -9999.000 -9999.000 -9999.000 -9999.000 -9999.000 -9999.000 -9999.000 -9999.000 -9999.000 -9999.000 0.1583971 0.1486449 0.1523607 0.1580755 0.1646910 0.1719927 0.1800166 0.1889631 0.1991831 0.2112049 0.2258106 0.2441811 0.2681042 0.2986956 0.2967731 0.2967731 -9999.000 -9999.000 -9999.000 -9999.000 -9999.000 -9999.000 -9999.000 -9999.000 -9999.000 -9999.000 -9999.000 -9999.000 -9999.000 -9999.000 -9999.000 -9999.000 -9999.000 -9999.000 -9999.000 -9999.000 -9999.000 -9999.000 -9999.000 -9999.000 -9999.000 -9999.000 -9999.000 -9999.000 -9999.000
-9999.000 -9999.000 -9999.000 -9999.000 -9999.000 -9999.000 -9999.000 -9999.000 -9999.000 -9999.000 -9999.000 -9999.000 -9999.000 -9999.000 -9999.000 0.1463876 0.1368730 0.1415404 0.1484460 0.1563982 0.1651505 0.1747449 0.1854197 0.1975970 0.2119202 0.2293598 0.2514078 0.2803716 0.3180857 0.3220375 0.3220375 -9999.000 -9999.000 -9999.000 -9999.000 -9999.000 -9999.000 -9999.000 -9999.000 -9999.000 -9999.000 -9999.000 -9999.000 -9999.000 -9999.000 -9999.000 -9999.000 -9999.000 -9999.000 -9999.000 -9999.000 -9999.000 -9999.000 -9999.000 -9999.000 -9999.000 -9999.000 -9999.000 -9999.000 -9999.000
-9999.000 -9999.000 -9999.000 -9999.000 -9999.000 -9999.000 -9999.000 -9999.000 -9999.000 -9999.000 -9999.000 -9999.000 -9999.000 -9999.000 -9999.000 0.1328626 0.1242449 0.1301001 0.1383911 0.1478588 0.1582254 0.1695403 0.1820865 0.1963671 0.2131621 0.2336715 0.2597853 0.2945088 0.3408053 0.3538641 0.3538641 -9999.000 -9999.000 -9999.000 -9999.000 -9999.000 -9999.000 -9999.000 -9999.000 -9999.000 -9999.000 -9999.000 -9999.000 -9999.000 -9999.000 -9999.000 -9999.000 -9999.000 -9999.000 -9999.000 -9999.000 -9999.000 -9999.000 -9999.000 -9999.000 -9999.000 -9999.000 -9999.000 -9999.000 -9999.000
-9999.000 -9999.000 -9999.000 -9999.000 -9999.000 -9999.000 -9999.000 -9999.000 -9999.000 -9999.000 -9999.000 -9999.000 -9999.000 -9999.000 -9999.000 0.1176023 0.1107122 0.1180923 0.1280442 0.1392706 0.1514635 0.1646856 0.1792701 0.1958122 0.2152480 0.2390552 0.2696299 0.3109256 0.3676696 0.3948562 0.3948562 -9999.000 -9999.000 -9999.000 -9999.000 -9999.000 -9999.000 -9999.000 -9999.000 -9999.000 -9999.000 -9999.000 -9999.000 -9999.000 -9999.000 -9999.000 -9999.000 -9999.000 -9999.000 -9999.000 -9999.000 -9999.000 -9999.000 -9999.000 -9999.000 -9999.000 -9999.000 -9999.000 -9999.000 -9999.000
-9999.000 -9999.000 -9999.000 -9999.000 -9999.000 -9999.000 -9999.000 -9999.000 -9999.000 -9999.000 -9999.000 -9999.000 -9999.000 -9999.000 -9999.000 0.1003558 0.9625841E-01 0.1056721 0.1176959 0.1310282 0.1453415 0.1607223 0.1775635 0.1965589 0.2188153 0.2461315 0.2815376 0.3302749 0.3998314 0.4494831 0.4494831 -9999.000 -9999.000 -9999.000 -9999.000 -9999.000 -9999.000 -9999.000 -9999.000 -9999.000 -9999.000 -9999.000 -9999.000 -9999.000 -9999.000 -9999.000 -9999.000 -9999.000 -9999.000 -9999.000 -9999.000 -9999.000 -9999.000 -9999.000 -9999.000 -9999.000 -9999.000 -9999.000 -9999.000 -9999.000
-9999.000 -9999.000 -9999.000 -9999.000 -9999.000 -9999.000 -9999.000 -9999.000 -9999.000 -9999.000 -9999.000 -9999.000 -9999.000 -9999.000 -9999.000 0.8080854E-01 0.8103090E-01 0.9336174E-01 0.1081412 0.1241198 0.1409918 0.1588999 0.1783120 0.2000247 0.2253168 0.2563325 0.2968515 0.3538253 0.4390472 0.5262532 0.5262532 -9999.000 -9999.000 -9999.000 -9999.000 -9999.000 -9999.000 -9999.000 -9999.000 -9999.000 -9999.000 -9999.000 -9999.000 -9999.000 -9999.000 -9999.000 -9999.000 -9999.000 -9999.000 -9999.000 -9999.000 -9999.000 -9999.000 -9999.000 -9999.000 -9999.000 -9999.000 -9999.000 -9999.000 -9999.000
-9999.000 -9999.000 -9999.000 -9999.000 -9999.000 -9999.000 -9999.000 -9999.000 -9999.000 -9999.000 -9999.000 -9999.000 -9999.000 -9999.000 -9999.000 0.5801120E-01 0.7375876E-01 0.9513194E-01 0.1156672 0.1353271 0.1545518 0.1739884 0.1944701 0.2171001 0.2434892 0.2762767 0.3202122 0.3845542 0.4877662 0.6419157 0.6419157 -9999.000 -9999.000 -9999.000 -9999.000 -9999.000 -9999.000 -9999.000 -9999.000 -9999.000 -9999.000 -9999.000 -9999.000 -9999.000 -9999.000 -9999.000 -9999.000 -9999.000 -9999.000 -9999.000 -9999.000 -9999.000 -9999.000 -9999.000 -9999.000 -9999.000 -9999.000 -9999.000 -9999.000 -9999.000
1.685798 1.685798 1.752708 1.785604 1.793914 1.793914 1.799840 1.807396 1.807396 1.811449 1.811449 1.813203 1.813408 1.756039 1.470500 1.470500 1.245503 1.181476 1.109630 1.031411 0.9489797 0.8653290 0.7842777 0.7104490 0.6493179 0.6075528 0.5940080 0.6221678 0.7159979 0.9383342 0.9383342 1.602442 1.792615 1.839606 1.801397 1.801397 1.680779 1.680779 1.454142 1.454142 1.122529 0.9537380 0.9537380 0.9475285 0.9475285 0.9861505 0.9861505 0.9861505 1.036436 1.036436 1.081560 1.081560 1.119842 1.119842 1.163892 1.163892 1.191037 1.191037 1.191037 1.210099
1.700681 1.700681 1.773145 1.820593 1.836603 1.836603 1.850314 1.873489 1.873489 1.893084 1.893084 1.910252 1.918111 1.901527 1.660611 1.660611 1.495622 1.472929 1.442115 1.402094 1.352673 1.294524 1.229273 1.159707 1.090145 1.027043 0.9799560 0.9632355 0.9993883 1.128621 1.128621 1.598314 1.754790 1.857765 1.871574 1.871574 1.848830 1.848830 1.746206 1.746206 1.554853 1.279080 1.279080 1.282765 1.282765 1.332189 1.332189 1.332189 1.385745 1.385745 1.434386 1.434386 1.463402 1.463402 1.517478 1.517478 1.551119 1.551119 1.551119 1.577481
1.704189 1.704189 1.774590 1.821103 1.837087 1.837087 1.850888 1.874413 1.874413 1.894461 1.894461 1.912146 1.920286 1.913526 1.727046 1.727046 1.553189 1.549904 1.542150 1.528255 1.507322 1.479023 1.443710 1.402595 1.358053 1.314083 1.277115 1.257485 1.272547 1.357187 1.357187 1.707241 1.848578 1.967945 1.994321 1.994321 1.995057 1.995057 1.930331 1.930331 1.825349 1.568110 1.568110 1.537146 1.537146 1.576020 1.576020 1.576020 1.623143 1.623143 1.664423 1.664423 1.696835 1.696835 1.735808 1.735808 1.763925 1.763925 1.763925 1.785304
1.706915 1.706915 1.775764 1.821309 1.837132 1.837132 1.850868 1.874386 1.874386 1.894465 1.894465 1.912170 1.920317 1.918875 1.787065 1.787065 1.584084 1.589062 1.591415 1.589646 1.583249 1.572031 1.556129 1.536161 1.513453 1.490402 1.471027 1.461998 1.475016 1.537792 1.537792 1.805364 1.924947 2.036060 2.060012 2.060012 2.063633 2.063633 2.023413 2.023413 1.969492 1.777958 1.777958 1.707787 1.707787 1.736695 1.736695 1.736695 1.776816 1.776816 1.812910 1.812910 1.841968 1.841968 1.873257 1.873257 1.897650 1.897650 1.897650 1.915847
1.708962 1.708962 1.776721 1.821489 1.837168 1.837168 1.850839 1.874347 1.874347 1.894449 1.894449 1.912165 1.920314 1.922239 1.844780 1.844780 1.612593 1.623027 1.631239 1.635543 1.636056 1.633149 1.627366 1.619442 1.610419 1.601880 1.596324 1.597769 1.613280 1.665103 1.665103 1.874826 1.973339 2.064551 2.079634 2.079634 2.076867 2.076867 2.057393 2.057393 2.036161 1.924239 1.924239 1.837670 1.837670 1.845064 1.845064 1.845064 1.879008 1.879008 1.911428 1.911428 1.938200 1.938200 1.964624 1.964624 1.986069 1.986069 1.986069 2.001921
1.710385 1.710385 1.777425 1.821631 1.837194 1.837194 1.850814 1.874314 1.874314 1.894438 1.894438 1.912163 1.920311 1.924376 1.874399 1.874399 1.640988 1.656378 1.669878 1.678626 1.683210 1.684493 1.683528 1.681468 1.679544 1.679145 1.682013 1.690416 1.707496 1.750456 1.750456 1.916394 1.993726 2.055025 2.058965 2.058965 2.054077 2.054077 2.058501 2.058501 2.059522 2.015824 2.015824 1.943191 1.943191 1.925948 1.925948 1.925948 1.951751 1.951751 1.980010 1.980010 2.004476 2.004476 2.027243 2.027243 2.045773 2.045773 2.045773 2.059358
1.711222 1.711222 1.777857 1.821722 1.837211 1.837211 1.850797 1.874291 1.874291 1.894429 1.894429 1.912161 1.920310 1.925730 1.895545 1.895545 1.674160 1.692234 1.710750 1.723450 1.731120 1.734869 1.736094 1.736361 1.737257 1.740332 1.747118 1.758804 1.775439 1.807076 1.807076 1.928694 1.983313 2.008078 2.004835 2.004835 2.011739 2.011739 2.043225 2.043225 2.060003 2.064322 2.064322 2.023526 2.023526 1.991662 1.991662 1.991662 2.007506 2.007506 2.030156 2.030156 2.051513 2.051513 2.070696 2.070696 2.086106 2.086106 2.086106 2.097287
1.711499 1.711499 1.778002 1.821752 1.837216 1.837216 1.850790 1.874284 1.874284 1.894426 1.894426 1.912161 1.920310 1.926588 1.909624 1.909624 1.718524 1.733113 1.755855 1.772005 1.782271 1.787790 1.790065 1.790881 1.792137 1.795711 1.803323 1.815310 1.826096 1.836976 1.836976 1.913078 1.937888 1.930540 1.930458 1.930458 1.963770 1.963770 2.020923 2.020923 2.048804 2.083878 2.083878 2.076842 2.076842 2.046489 2.046489 2.046489 2.053087 2.053087 2.068900 2.068900 2.085810 2.085810 2.100989 2.100989 2.113052 2.113052 2.113052 2.121719
1.711222 1.711222 1.777856 1.821721 1.837211 1.837211 1.850797 1.874291 1.874291 1.894429 1.894429 1.912161 1.920310 1.927129 1.918822 1.918822 1.776354 1.782133 1.806068 1.825120 1.837734 1.844684 1.847456 1.847951 1.848303 1.850676 1.856981 1.866080 1.862716 1.837791 1.837791 1.861682 1.853350 1.837204 1.851545 1.851545 1.917845 1.917845 1.995765 1.995765 2.031453 2.085962 2.085962 2.106112 2.106112 2.090302 2.090302 2.090302 2.091208 2.091208 2.100155 2.100155 2.111496 2.111496 2.122029 2.122029 2.130348 2.130348 2.130348 2.136343
1.710385 1.710385 1.777426 1.821630 1.837194 1.837194 1.850814 1.874314 1.874314 1.894437 1.894437 1.912162 1.920311 1.927471 1.924756 1.924756 1.841189 1.841972 1.864015 1.884443 1.898648 1.906543 1.909362 1.908983 1.907654 1.907761 1.911337 1.913985 1.880951 1.797927 1.797927 1.765898 1.735638 1.744792 1.778609 1.778609 1.876184 1.876184 1.969558 1.969558 2.010852 2.077982 2.077982 2.117366 2.117366 2.121965 2.121965 2.121965 2.121936 2.121936 2.125416 2.125416 2.130801 2.130801 2.136059 2.136059 2.140214 2.140214 2.140214 2.143410
1.708962 1.708962 1.776721 1.821489 1.837168 1.837168 1.850839 1.874347 1.874347 1.894449 1.894449 1.912165 1.920313 1.927685 1.928538 1.928538 1.909387 1.913490 1.932613 1.952147 1.966411 1.974300 1.976539 1.974771 1.971204 1.968334 1.968098 1.957645 1.861136 1.702024 1.702024 1.633680 1.608365 1.661794 1.709159 1.709159 1.836936 1.836936 1.942117 1.942117 1.987734 2.063619 2.063619 2.116096 2.116096 2.141093 2.141093 2.141093 2.144120 2.144120 2.144377 2.144377 2.144222 2.144222 2.143940 2.143940 2.143695 2.143695 2.143695 2.144096
1.706915 1.706915 1.775765 1.821308 1.837132 1.837132 1.850868 1.874386 1.874386 1.894465 1.894465 1.912170 1.920317 1.927822 1.930905 1.930905 1.981384 1.996240 2.014003 2.030694 2.042840 2.049114 2.049718 2.045875 2.039544 2.033166 2.027896 1.986109 1.754167 1.560448 1.560448 1.483917 1.486262 1.590393 1.656513 1.656513 1.801084 1.801084 1.916052 1.916052 1.964903 2.046648 2.046648 2.107627 2.107627 2.149443 2.149443 2.149443 2.157535 2.157535 2.156739 2.156739 2.152091 2.152091 2.146540 2.146540 2.142004 2.142004 2.142004 2.139802
