simulation_files/asc/Velocity____141.0.asc
NCOLS        79
NROWS        79
XLLCENTER         -1.500000
YLLCENTER         -4.800000
CELLSIZE           0.100
NODATA_VALUE     -9999.0
[rows 0 to 26 of 79, columns 0 to 59 of 79]
-9999.000 -9999.000 -9999.000 -9999.000 -9999.000 -9999.000 -9999.000 -9999.000 -9999.000 -9999.000 -9999.000 -9999.000 -9999.000 -9999.000 -9999.000 0.1224687 0.1213043 0.1213174 0.1215314 0.1218708 0.1222760 0.1226930 0.1230794 0.1234081 0.1236724 0.1238933 0.1241494 0.1247213 0.1262193 0.1269744 0.1269744 -9999.000 -9999.000 -9999.000 -9999.000 -9999.000 -9999.000 -9999.000 -9999.000 -9999.000 -9999.000 -9999.000 -9999.000 -9999.000 -9999.000 -9999.000 -9999.000 -9999.000 -9999.000 -9999.000 -9999.000 -9999.000 -9999.000 -9999.000 -9999.000 -9999.000 -9999.000 -9999.000 -9999.000 -9999.000
-9999.000 -9999.000 -9999.000 -9999.000 -9999.000 -9999.000 -9999.000 -9999.000 -9999.000 -9999.000 -9999.000 -9999.000 -9999.000 -9999.000 -9999.000 0.1203645 0.1179978 0.1180578 0.1185628 0.1193507 0.1202913 0.1212650 0.1221752 0.1229567 0.1235893 0.1241170 0.1247113 0.1259919 0.1292974 0.1314351 0.1314351 -9999.000 -9999.000 -9999.000 -9999.000 -9999.000 -9999.000 -9999.000 -9999.000 -9999.000 -9999.000 -9999.000 -9999.000 -9999.000 -9999.000 -9999.000 -9999.000 -9999.000 -9999.000 -9999.000 -9999.000 -9999.000 -9999.000 -9999.000 -9999.000 -9999.000 -9999.000 -9999.000 -9999.000 -9999.000
-9999.000 -9999.000 -9999.000 -9999.000 -9999.000 -9999.000 -9999.000 -9999.000 -9999.000 -9999.000 -9999.000 -9999.000 -9999.000 -9999.000 -9999.000 0.1168673 0.1132903 0.1134208 0.1143054 0.1156822 0.1173382 0.1190786 0.1207450 0.1222292 0.1234968 0.1246181 0.1258703 0.1282576 0.1339329 0.1382705 0.1382705 -9999.000 -9999.000 -9999.000 -9999.000 -9999.000 -9999.000 -9999.000 -9999.000 -9999.000 -9999.000 -9999.000 -9999.000 -9999.000 -9999.000 -9999.000 -9999.000 -9999.000 -9999.000 -9999.000 -9999.000 -9999.000 -9999.000 -9999.000 -9999.000 -9999.000 -9999.000 -9999.000 -9999.000 -9999.000
-9999.000 -9999.000 -9999.000 -9999.000 -9999.000 -9999.000 -9999.000 -9999.000 -9999.000 -9999.000 -9999.000 -9999.000 -9999.000 -9999.000 -9999.000 0.1126625 0.1079873 0.1082205 0.1095341 0.1115646 0.1140151 0.1166143 0.1191418 0.1214461 0.1234762 0.1253256 0.1273752 0.1310272 0.1392963 0.1464584 0.1464584 -9999.000 -9999.000 -9999.000 -9999.000 -9999.000 -9999.000 -9999.000 -9999.000 -9999.000 -9999.000 -9999.000 -9999.000 -9999.000 -9999.000 -9999.000 -9999.000 -9999.000 -9999.000 -9999.000 -9999.000 -9999.000 -9999.000 -9999.000 -9999.000 -9999.000 -9999.000 -9999.000 -9999.000 -9999.000
-9999.000 -9999.000 -9999.000 -9999.000 -9999.000 -9999.000 -9999.000 -9999.000 -9999.000 -9999.000 -9999.000 -9999.000 -9999.000 -9999.000 -9999.000 0.1079329 0.1022511 0.1026125 0.1043938 0.1071282 0.1104322 0.1139563 0.1174181 0.1206222 0.1234997 0.1261675 0.1291108 0.1341533 0.1452345 0.1558966 0.1558966 -9999.000 -9999.000 -9999.000 -9999.000 -9999.000 -9999.000 -9999.000 -9999.000 -9999.000 -9999.000 -9999.000 -9999.000 -9999.000 -9999.000 -9999.000 -9999.000 -9999.000 -9999.000 -9999.000 -9999.000 -9999.000 -9999.000 -9999.000 -9999.000 -9999.000 -9999.000 -9999.000 -9999.000 -9999.000
-9999.000 -9999.000 -9999.000 -9999.000 -9999.000 -9999.000 -9999.000 -9999.000 -9999.000 -9999.000 -9999.000 -9999.000 -9999.000 -9999.000 -9999.000 0.1027645 0.9616703E-01 0.9668390E-01 0.9897096E-01 0.1024551 0.1066625 0.1111641 0.1156155 0.1197769 0.1235621 0.1271133 0.1310227 0.1375655 0.1516851 0.1666245 0.1666245 -9999.000 -9999.000 -9999.000 -9999.000 -9999.000 -9999.000 -9999.000 -9999.000 -9999.000 -9999.000 -9999.000 -9999.000 -9999.000 -9999.000 -9999.000 -9999.000 -9999.000 -9999.000 -9999.000 -9999.000 -9999.000 -9999.000 -9999.000 -9999.000 -9999.000 -9999.000 -9999.000 -9999.000 -9999.000
-9999.000 -9999.000 -9999.000 -9999.000 -9999.000 -9999.000 -9999.000 -9999.000 -9999.000 -9999.000 -9999.000 -9999.000 -9999.000 -9999.000 -9999.000 0.9718493E-01 0.8977371E-01 0.9048093E-01 0.9331574E-01 0.9759650E-01 0.1027543 0.1082791 0.1137645 0.1189275 0.1236657 0.1281496 0.1330826 0.1412294 0.1586341 0.1787850 0.1787850 -9999.000 -9999.000 -9999.000 -9999.000 -9999.000 -9999.000 -9999.000 -9999.000 -9999.000 -9999.000 -9999.000 -9999.000 -9999.000 -9999.000 -9999.000 -9999.000 -9999.000 -9999.000 -9999.000 -9999.000 -9999.000 -9999.000 -9999.000 -9999.000 -9999.000 -9999.000 -9999.000 -9999.000 -9999.000
-9999.000 -9999.000 -9999.000 -9999.000 -9999.000 -9999.000 -9999.000 -9999.000 -9999.000 -9999.000 -9999.000 -9999.000 -9999.000 -9999.000 -9999.000 0.9118722E-01 0.8308283E-01 0.8402582E-01 0.8745939E-01 0.9258782E-01 0.9874297E-01 0.1053323 0.1118889 0.1180892 0.1238149 0.1292702 0.1352751 0.1451291 0.1660960 0.1926141 0.1926141 -9999.000 -9999.000 -9999.000 -9999.000 -9999.000 -9999.000 -9999.000 -9999.000 -9999.000 -9999.000 -9999.000 -9999.000 -9999.000 -9999.000 -9999.000 -9999.000 -9999.000 -9999.000 -9999.000 -9999.000 -9999.000 -9999.000 -9999.000 -9999.000 -9999.000 -9999.000 -9999.000 -9999.000 -9999.000
-9999.000 -9999.000 -9999.000 -9999.000 -9999.000 -9999.000 -9999.000 -9999.000 -9999.000 -9999.000 -9999.000 -9999.000 -9999.000 -9999.000 -9999.000 0.8474169E-01 0.7608971E-01 0.7733000E-01 0.8142627E-01 0.8746034E-01 0.9465999E-01 0.1023517 0.1100118 0.1172779 0.1240178 0.1304753 0.1375930 0.1492609 0.1741043 0.2084540 0.2084540 -9999.000 -9999.000 -9999.000 -9999.000 -9999.000 -9999.000 -9999.000 -9999.000 -9999.000 -9999.000 -9999.000 -9999.000 -9999.000 -9999.000 -9999.000 -9999.000 -9999.000 -9999.000 -9999.000 -9999.000 -9999.000 -9999.000 -9999.000 -9999.000 -9999.000 -9999.000 -9999.000 -9999.000 -9999.000
-9999.000 -9999.000 -9999.000 -9999.000 -9999.000 -9999.000 -9999.000 -9999.000 -9999.000 -9999.000 -9999.000 -9999.000 -9999.000 -9999.000 -9999.000 0.7780087E-01 0.6877980E-01 0.7040324E-01 0.7524500E-01 0.8225062E-01 0.9054293E-01 0.9937113E-01 0.1081611 0.1165146 0.1242887 0.1317721 0.1400372 0.1536300 0.1827104 0.2267858 0.2267858 -9999.000 -9999.000 -9999.000 -9999.000 -9999.000 -9999.000 -9999.000 -9999.000 -9999.000 -9999.000 -9999.000 -9999.000 -9999.000 -9999.000 -9999.000 -9999.000 -9999.000 -9999.000 -9999.000 -9999.000 -9999.000 -9999.000 -9999.000 -9999.000 -9999.000 -9999.000 -9999.000 -9999.000 -9999.000
-9999.000 -9999.000 -9999.000 -9999.000 -9999.000 -9999.000 -9999.000 -9999.000 -9999.000 -9999.000 -9999.000 -9999.000 -9999.000 -9999.000 -9999.000 0.7030264E-01 0.6113456E-01 0.6326430E-01 0.6896113E-01 0.7701481E-01 0.8644620E-01 0.9643889E-01 0.1063780 0.1158339 0.1246546 0.1331808 0.1426213 0.1582549 0.1919850 0.2482905 0.2482905 -9999.000 -9999.000 -9999.000 -9999.000 -9999.000 -9999.000 -9999.000 -9999.000 -9999.000 -9999.000 -9999.000 -9999.000 -9999.000 -9999.000 -9999.000 -9999.000 -9999.000 -9999.000 -9999.000 -9999.000 -9999.000 -9999.000 -9999.000 -9999.000 -9999.000 -9999.000 -9999.000 -9999.000 -9999.000
-9999.000 -9999.000 -9999.000 -9999.000 -9999.000 -9999.000 -9999.000 -9999.000 -9999.000 -9999.000 -9999.000 -9999.000 -9999.000 -9999.000 -9999.000 0.6216836E-01 0.5313964E-01 0.5596215E-01 0.6266294E-01 0.7184979E-01 0.8245959E-01 0.9363436E-01 0.1047322 0.1152972 0.1251693 0.1347483 0.1453847 0.1631785 0.2020252 0.2739509 0.2739509 -9999.000 -9999.000 -9999.000 -9999.000 -9999.000 -9999.000 -9999.000 -9999.000 -9999.000 -9999.000 -9999.000 -9999.000 -9999.000 -9999.000 -9999.000 -9999.000 -9999.000 -9999.000 -9999.000 -9999.000 -9999.000 -9999.000 -9999.000 -9999.000 -9999.000 -9999.000 -9999.000 -9999.000 -9999.000
-9999.000 -9999.000 -9999.000 -9999.000 -9999.000 -9999.000 -9999.000 -9999.000 -9999.000 -9999.000 -9999.000 -9999.000 -9999.000 -9999.000 -9999.000 0.5329980E-01 0.4480773E-01 0.4862233E-01 0.5652913E-01 0.6693444E-01 0.7874441E-01 0.9110059E-01 0.1033525 0.1150230 0.1259435 0.1365791 0.1484233 0.1684932 0.2129713 0.3052289 0.3052289 -9999.000 -9999.000 -9999.000 -9999.000 -9999.000 -9999.000 -9999.000 -9999.000 -9999.000 -9999.000 -9999.000 -9999.000 -9999.000 -9999.000 -9999.000 -9999.000 -9999.000 -9999.000 -9999.000 -9999.000 -9999.000 -9999.000 -9999.000 -9999.000 -9999.000 -9999.000 -9999.000 -9999.000 -9999.000
-9999.000 -9999.000 -9999.000 -9999.000 -9999.000 -9999.000 -9999.000 -9999.000 -9999.000 -9999.000 -9999.000 -9999.000 -9999.000 -9999.000 -9999.000 0.4354561E-01 0.3626905E-01 0.4163343E-01 0.5103352E-01 0.6272496E-01 0.7571185E-01 0.8920538E-01 0.1025725 0.1153186 0.1272662 0.1389485 0.1519959 0.1744319 0.2250629 0.3444160 0.3444160 -9999.000 -9999.000 -9999.000 -9999.000 -9999.000 -9999.000 -9999.000 -9999.000 -9999.000 -9999.000 -9999.000 -9999.000 -9999.000 -9999.000 -9999.000 -9999.000 -9999.000 -9999.000 -9999.000 -9999.000 -9999.000 -9999.000 -9999.000 -9999.000 -9999.000 -9999.000 -9999.000 -9999.000 -9999.000
-9999.000 -9999.000 -9999.000 -9999.000 -9999.000 -9999.000 -9999.000 -9999.000 -9999.000 -9999.000 -9999.000 -9999.000 -9999.000 -9999.000 -9999.000 0.3269020E-01 0.4019659E-01 0.5340480E-01 0.6561773E-01 0.7719781E-01 0.8867192E-01 0.1002186 0.1117277 0.1229253 0.1336879 0.1445931 0.1573686 0.1811366 0.2378597 0.3926296 0.3926296 -9999.000 -9999.000 -9999.000 -9999.000 -9999.000 -9999.000 -9999.000 -9999.000 -9999.000 -9999.000 -9999.000 -9999.000 -9999.000 -9999.000 -9999.000 -9999.000 -9999.000 -9999.000 -9999.000 -9999.000 -9999.000 -9999.000 -9999.000 -9999.000 -9999.000 -9999.000 -9999.000 -9999.000 -9999.000
2.402954 2.402954 2.449320 2.491519 2.497935 2.497935 2.501923 2.505790 2.505790 2.506261 2.506261 2.504454 2.502899 2.500984 2.498756 2.498756 2.419754 2.397432 2.366655 2.323202 2.264579 2.189409 2.097456 1.989385 1.866857 1.733247 1.595627 1.467142 1.376247 1.394499 1.394499 2.196997 2.342121 2.399465 2.408339 2.408339 2.407236 2.407236 2.342298 2.342298 2.272147 1.887241 1.887241 1.606365 1.606365 1.544023 1.544023 1.544023 1.580895 1.580895 1.629973 1.629973 1.678805 1.678805 1.721634 1.721634 1.755868 1.755868 1.755868 1.779589
2.418879 2.418879 2.479998 2.536601 2.553171 2.553171 2.567297 2.591322 2.591322 2.611783 2.611783 2.629809 2.638111 2.646014 2.653562 2.653562 2.618356 2.616072 2.616819 2.615704 2.609214 2.594530 2.569271 2.531402 2.479353 2.412188 2.326890 2.236421 2.153805 2.125485 2.125485 2.568505 2.714314 2.840260 2.869895 2.869895 2.892321 2.892321 2.864297 2.864297 2.825989 2.636643 2.636643 2.380257 2.380257 2.299036 2.299036 2.299036 2.334557 2.334557 2.381908 2.381908 2.430221 2.430221 2.475426 2.475426 2.513999 2.513999 2.513999 2.543589
2.422455 2.422455 2.484022 2.536874 2.553614 2.553614 2.567973 2.592501 2.592501 2.613515 2.613515 2.632174 2.640826 2.649100 2.657042 2.657042 2.633823 2.636755 2.647185 2.659584 2.670336 2.677159 2.678399 2.672554 2.658131 2.633710 2.597077 2.553057 2.508687 2.491018 2.491018 2.768376 2.904033 3.050281 3.088108 3.088108 3.113522 3.113522 3.079490 3.079490 3.041954 2.913498 2.913498 2.716909 2.716909 2.611809 2.611809 2.611809 2.635236 2.635236 2.674732 2.674732 2.716901 2.716901 2.756129 2.756129 2.789407 2.789407 2.789407 2.815217
2.425306 2.425306 2.487110 2.536797 2.553496 2.553496 2.567901 2.592507 2.592507 2.613543 2.613543 2.632209 2.640865 2.649147 2.657097 2.657097 2.643820 2.650883 2.667046 2.686367 2.704806 2.720108 2.731065 2.736924 2.737050 2.730776 2.716819 2.697745 2.678363 2.676348 2.676348 2.851557 2.974963 3.124675 3.163496 3.163496 3.178900 3.178900 3.130941 3.130941 3.094557 3.007839 3.007839 2.873675 2.873675 2.756557 2.756557 2.756557 2.766152 2.766152 2.798693 2.798693 2.836696 2.836696 2.872518 2.872518 2.902980 2.902980 2.902980 2.926536
2.427487 2.427487 2.489455 2.536750 2.553375 2.553375 2.567817 2.592498 2.592498 2.613548 2.613548 2.632209 2.640862 2.649142 2.657091 2.657091 2.654867 2.667543 2.689445 2.714695 2.739095 2.760254 2.776965 2.788677 2.795177 2.796381 2.791906 2.783633 2.775492 2.779845 2.779845 2.895999 3.002715 3.140077 3.169127 3.169127 3.156957 3.156957 3.099526 3.099526 3.072528 3.028779 3.028779 2.955682 2.955682 2.845708 2.845708 2.845708 2.839872 2.839872 2.862759 2.862759 2.895297 2.895297 2.927685 2.927685 2.955510 2.955510 2.955510 2.976812
2.429023 2.429023 2.491103 2.536728 2.553277 2.553277 2.567743 2.592490 2.592490 2.613554 2.613554 2.632210 2.640860 2.649137 2.657085 2.657085 2.667566 2.687448 2.715606 2.746516 2.776237 2.802438 2.823883 2.840008 2.850662 2.855945 2.855925 2.852120 2.847884 2.852326 2.852326 2.929379 3.015365 3.118256 3.123032 3.123032 3.074428 3.074428 3.027577 3.027577 3.019281 3.018484 3.018484 2.996216 2.996216 2.911416 2.911416 2.911416 2.893389 2.893389 2.904748 2.904748 2.929819 2.929819 2.957457 2.957457 2.981768 2.981768 2.981768 3.000182
2.429936 2.429936 2.492080 2.536720 2.553212 2.553212 2.567693 2.592483 2.592483 2.613558 2.613558 2.632210 2.640858 2.649134 2.657083 2.657083 2.682749 2.711282 2.746287 2.782736 2.817263 2.847847 2.873361 2.893251 2.907336 2.915706 2.918551 2.917028 2.913839 2.915609 2.915609 2.963526 3.023011 3.056678 3.024148 3.024148 2.956056 2.956056 2.947496 2.947496 2.961064 2.996107 2.996107 3.011052 3.011052 2.961545 2.961545 2.961545 2.938549 2.938549 2.939143 2.939143 2.955132 2.955132 2.976272 2.976272 2.995716 2.995716 2.995716 3.010314
2.430239 2.430239 2.492405 2.536719 2.553191 2.553191 2.567676 2.592482 2.592482 2.613561 2.613561 2.632211 2.640858 2.649135 2.657082 2.657082 2.701651 2.740092 2.782443 2.824324 2.863146 2.897405 2.926246 2.949224 2.966169 2.977125 2.982269 2.982404 2.979490 2.977683 2.977683 3.000667 3.022068 2.940060 2.875228 2.875228 2.832766 2.832766 2.876045 2.876045 2.907739 2.968410 2.968410 3.008945 3.008945 2.996409 2.996409 2.996409 2.976494 2.976494 2.969667 2.969667 2.976275 2.976275 2.989439 2.989439 3.002596 3.002596 3.002596 3.012394
2.429936 2.429936 2.492081 2.536720 2.553212 2.553212 2.567693 2.592484 2.592484 2.613559 2.613559 2.632210 2.640857 2.649135 2.657083 2.657083 2.725998 2.775389 2.825375 2.872460 2.914987 2.952117 2.983407 3.008634 3.027718 3.040695 3.047696 3.049234 3.046421 3.040068 3.040068 3.034656 2.991467 2.763111 2.702660 2.702660 2.729712 2.729712 2.816632 2.816632 2.860218 2.937842 2.937842 2.995826 2.995826 3.016357 3.016357 3.016357 3.005558 3.005558 2.995938 2.995938 2.994375 2.994375 2.998776 2.998776 3.004427 3.004427 3.004427 3.008538
2.429023 2.429023 2.491103 2.536727 2.553277 2.553277 2.567743 2.592490 2.592490 2.613554 2.613554 2.632209 2.640859 2.649137 2.657086 2.657086 2.758207 2.819306 2.876854 2.928641 2.974083 3.013115 3.045811 3.072266 3.092565 3.106798 3.115080 3.117672 3.114500 3.099668 3.099668 3.044673 2.887268 2.557114 2.550659 2.550659 2.652181 2.652181 2.765490 2.765490 2.816082 2.905064 2.905064 2.975161 2.975161 3.022468 3.022468 3.022468 3.023662 3.023662 3.015574 3.015574 3.008152 3.008152 3.003916 3.003916 3.001326 3.001326 3.001326 2.999142
2.427488 2.427488 2.489456 2.536750 2.553376 2.553376 2.567817 2.592498 2.592498 2.613549 2.613549 2.632209 2.640862 2.649141 2.657091 2.657091 2.801754 2.874846 2.939319 2.994810 3.042000 3.081686 3.114519 3.140972 3.161359 3.175874 3.184652 3.187672 3.182195 3.143755 3.143755 2.978077 2.664655 2.381879 2.442077 2.442077 2.589256 2.589256 2.716652 2.716652 2.771468 2.868685 2.868685 2.947368 2.947368 3.014993 3.014993 3.014993 3.028295 3.028295 3.024640 3.024640 3.013993 3.013993 3.002120 3.002120 2.991272 2.991272 2.991272 2.982667
2.425307 2.425307 2.487111 2.536798 2.553496 2.553496 2.567900 2.592507 2.592507 2.613543 2.613543 2.632210 2.640865 2.649147 2.657097 2.657097 2.861900 2.946348 3.016139 3.073525 3.120674 3.159308 3.190678 3.215649 3.234779 3.248402 3.256692 3.258965 3.243371 3.127871 3.127871 2.749901 2.334890 2.273762 2.353918 2.353918 2.526235 2.526235 2.662587 2.662587 2.720275 2.824323 2.824323 2.909314 2.909314 2.991874 2.991874 2.991874 3.015711 3.015711 3.017609 3.017609 3.005875 3.005875 2.987908 2.987908 2.969554 2.969554 2.969554 2.955005
