simulation_files/asc/Velocity____170.0.asc
NCOLS        79
NROWS        79
XLLCENTER         -1.500000
YLLCENTER         -4.800000
CELLSIZE           0.100
NODATA_VALUE     -9999.0
[rows 0 to 26 of 79, columns 0 to 59 of 79]
-9999.000 -9999.000 -9999.000 -9999.000 -9999.000 -9999.000 -9999.000 -9999.000 -9999.000 -9999.000 -9999.000 -9999.000 -9999.000 -9999.000 -9999.000 0.1007105 0.9895523E-01 0.9867754E-01 0.9907663E-01 0.9975576E-01 0.1005205 0.1012793 0.1019456 0.1024513 0.1028279 0.1030833 0.1032707 0.1035765 0.1045669 0.1055170 0.1055170 -9999.000 -9999.000 -9999.000 -9999.000 -9999.000 -9999.000 -9999.000 -9999.000 -9999.000 -9999.000 -9999.000 -9999.000 -9999.000 -9999.000 -9999.000 -9999.000 -9999.000 -9999.000 -9999.000 -9999.000 -9999.000 -9999.000 -9999.000 -9999.000 -9999.000 -9999.000 -9999.000 -9999.000 -9999.000
-9999.000 -9999.000 -9999.000 -9999.000 -9999.000 -9999.000 -9999.000 -9999.000 -9999.000 -9999.000 -9999.000 -9999.000 -9999.000 -9999.000 -9999.000 0.9888384E-01 0.9532003E-01 0.9478764E-01 0.9567608E-01 0.9715299E-01 0.9882021E-01 0.1004920 0.1019896 0.1031621 0.1040667 0.1047154 0.1052223 0.1060024 0.1082997 0.1108416 0.1108416 -9999.000 -9999.000 -9999.000 -9999.000 -9999.000 -9999.000 -9999.000 -9999.000 -9999.000 -9999.000 -9999.000 -9999.000 -9999.000 -9999.000 -9999.000 -9999.000 -9999.000 -9999.000 -9999.000 -9999.000 -9999.000 -9999.000 -9999.000 -9999.000 -9999.000 -9999.000 -9999.000 -9999.000 -9999.000
-9999.000 -9999.000 -9999.000 -9999.000 -9999.000 -9999.000 -9999.000 -9999.000 -9999.000 -9999.000 -9999.000 -9999.000 -9999.000 -9999.000 -9999.000 0.9558477E-01 0.9014420E-01 0.8930771E-01 0.9076814E-01 0.9319264E-01 0.9595460E-01 0.9877150E-01 0.1013700 0.1035102 0.1052785 0.1066828 0.1078901 0.1095520 0.1136518 0.1185791 0.1185791 -9999.000 -9999.000 -9999.000 -9999.000 -9999.000 -9999.000 -9999.000 -9999.000 -9999.000 -9999.000 -9999.000 -9999.000 -9999.000 -9999.000 -9999.000 -9999.000 -9999.000 -9999.000 -9999.000 -9999.000 -9999.000 -9999.000 -9999.000 -9999.000 -9999.000 -9999.000 -9999.000 -9999.000 -9999.000
-9999.000 -9999.000 -9999.000 -9999.000 -9999.000 -9999.000 -9999.000 -9999.000 -9999.000 -9999.000 -9999.000 -9999.000 -9999.000 -9999.000 -9999.000 0.9163650E-01 0.8440507E-01 0.8326906E-01 0.8533590E-01 0.8874998E-01 0.9265409E-01 0.9667771E-01 0.1004603 0.1036737 0.1064361 0.1087426 0.1108039 0.1135055 0.1195956 0.1274509 0.1274509 -9999.000 -9999.000 -9999.000 -9999.000 -9999.000 -9999.000 -9999.000 -9999.000 -9999.000 -9999.000 -9999.000 -9999.000 -9999.000 -9999.000 -9999.000 -9999.000 -9999.000 -9999.000 -9999.000 -9999.000 -9999.000 -9999.000 -9999.000 -9999.000 -9999.000 -9999.000 -9999.000 -9999.000 -9999.000
-9999.000 -9999.000 -9999.000 -9999.000 -9999.000 -9999.000 -9999.000 -9999.000 -9999.000 -9999.000 -9999.000 -9999.000 -9999.000 -9999.000 -9999.000 0.8727021E-01 0.7829580E-01 0.7686482E-01 0.7957467E-01 0.8401679E-01 0.8909940E-01 0.9437078E-01 0.9938938E-01 0.1037385 0.1075732 0.1108692 0.1138778 0.1177237 0.1259619 0.1373061 0.1373061 -9999.000 -9999.000 -9999.000 -9999.000 -9999.000 -9999.000 -9999.000 -9999.000 -9999.000 -9999.000 -9999.000 -9999.000 -9999.000 -9999.000 -9999.000 -9999.000 -9999.000 -9999.000 -9999.000 -9999.000 -9999.000 -9999.000 -9999.000 -9999.000 -9999.000 -9999.000 -9999.000 -9999.000 -9999.000
-9999.000 -9999.000 -9999.000 -9999.000 -9999.000 -9999.000 -9999.000 -9999.000 -9999.000 -9999.000 -9999.000 -9999.000 -9999.000 -9999.000 -9999.000 0.8258177E-01 0.7190390E-01 0.7019309E-01 0.7359473E-01 0.7910805E-01 0.8540089E-01 0.9195023E-01 0.9824003E-01 0.1037642 0.1087219 0.1130638 0.1170807 0.1221483 0.1326831 0.1481486 0.1481486 -9999.000 -9999.000 -9999.000 -9999.000 -9999.000 -9999.000 -9999.000 -9999.000 -9999.000 -9999.000 -9999.000 -9999.000 -9999.000 -9999.000 -9999.000 -9999.000 -9999.000 -9999.000 -9999.000 -9999.000 -9999.000 -9999.000 -9999.000 -9999.000 -9999.000 -9999.000 -9999.000 -9999.000 -9999.000
-9999.000 -9999.000 -9999.000 -9999.000 -9999.000 -9999.000 -9999.000 -9999.000 -9999.000 -9999.000 -9999.000 -9999.000 -9999.000 -9999.000 -9999.000 0.7760104E-01 0.6526406E-01 0.6330623E-01 0.6746496E-01 0.7409678E-01 0.8162731E-01 0.8947611E-01 0.9706187E-01 0.1037870 0.1099038 0.1153312 0.1204007 0.1267550 0.1397405 0.1600778 0.1600778 -9999.000 -9999.000 -9999.000 -9999.000 -9999.000 -9999.000 -9999.000 -9999.000 -9999.000 -9999.000 -9999.000 -9999.000 -9999.000 -9999.000 -9999.000 -9999.000 -9999.000 -9999.000 -9999.000 -9999.000 -9999.000 -9999.000 -9999.000 -9999.000 -9999.000 -9999.000 -9999.000 -9999.000 -9999.000
-9999.000 -9999.000 -9999.000 -9999.000 -9999.000 -9999.000 -9999.000 -9999.000 -9999.000 -9999.000 -9999.000 -9999.000 -9999.000 -9999.000 -9999.000 0.7232425E-01 0.5838653E-01 0.5624207E-01 0.6124327E-01 0.6904146E-01 0.7782885E-01 0.8698925E-01 0.9588676E-01 0.1038290 0.1111322 0.1176753 0.1238327 0.1315346 0.1471398 0.1732664 0.1732664 -9999.000 -9999.000 -9999.000 -9999.000 -9999.000 -9999.000 -9999.000 -9999.000 -9999.000 -9999.000 -9999.000 -9999.000 -9999.000 -9999.000 -9999.000 -9999.000 -9999.000 -9999.000 -9999.000 -9999.000 -9999.000 -9999.000 -9999.000 -9999.000 -9999.000 -9999.000 -9999.000 -9999.000 -9999.000
-9999.000 -9999.000 -9999.000 -9999.000 -9999.000 -9999.000 -9999.000 -9999.000 -9999.000 -9999.000 -9999.000 -9999.000 -9999.000 -9999.000 -9999.000 0.6672912E-01 0.5127181E-01 0.4904732E-01 0.5500083E-01 0.6400681E-01 0.7405462E-01 0.8452473E-01 0.9473995E-01 0.1039068 0.1124175 0.1201000 0.1273747 0.1364841 0.1548993 0.1879586 0.1879586 -9999.000 -9999.000 -9999.000 -9999.000 -9999.000 -9999.000 -9999.000 -9999.000 -9999.000 -9999.000 -9999.000 -9999.000 -9999.000 -9999.000 -9999.000 -9999.000 -9999.000 -9999.000 -9999.000 -9999.000 -9999.000 -9999.000 -9999.000 -9999.000 -9999.000 -9999.000 -9999.000 -9999.000 -9999.000
-9999.000 -9999.000 -9999.000 -9999.000 -9999.000 -9999.000 -9999.000 -9999.000 -9999.000 -9999.000 -9999.000 -9999.000 -9999.000 -9999.000 -9999.000 0.6078134E-01 0.4392336E-01 0.4180830E-01 0.4885012E-01 0.5908098E-01 0.7036438E-01 0.8212183E-01 0.9364779E-01 0.1040373 0.1137706 0.1226098 0.1310263 0.1416042 0.1630448 0.2044851 0.2044851 -9999.000 -9999.000 -9999.000 -9999.000 -9999.000 -9999.000 -9999.000 -9999.000 -9999.000 -9999.000 -9999.000 -9999.000 -9999.000 -9999.000 -9999.000 -9999.000 -9999.000 -9999.000 -9999.000 -9999.000 -9999.000 -9999.000 -9999.000 -9999.000 -9999.000 -9999.000 -9999.000 -9999.000 -9999.000
-9999.000 -9999.000 -9999.000 -9999.000 -9999.000 -9999.000 -9999.000 -9999.000 -9999.000 -9999.000 -9999.000 -9999.000 -9999.000 -9999.000 -9999.000 0.5443633E-01 0.3636457E-01 0.3471072E-01 0.4298754E-01 0.5439743E-01 0.6684119E-01 0.7983252E-01 0.9264459E-01 0.1042429 0.1152067 0.1252132 0.1347897 0.1468977 0.1716086 0.2232929 0.2232929 -9999.000 -9999.000 -9999.000 -9999.000 -9999.000 -9999.000 -9999.000 -9999.000 -9999.000 -9999.000 -9999.000 -9999.000 -9999.000 -9999.000 -9999.000 -9999.000 -9999.000 -9999.000 -9999.000 -9999.000 -9999.000 -9999.000 -9999.000 -9999.000 -9999.000 -9999.000 -9999.000 -9999.000 -9999.000
-9999.000 -9999.000 -9999.000 -9999.000 -9999.000 -9999.000 -9999.000 -9999.000 -9999.000 -9999.000 -9999.000 -9999.000 -9999.000 -9999.000 -9999.000 0.4763989E-01 0.2868412E-01 0.2818198E-01 0.3776583E-01 0.5016597E-01 0.6360824E-01 0.7773328E-01 0.9178202E-01 0.1045593 0.1167520 0.1279262 0.1386730 0.1523718 0.1806283 0.2449961 0.2449961 -9999.000 -9999.000 -9999.000 -9999.000 -9999.000 -9999.000 -9999.000 -9999.000 -9999.000 -9999.000 -9999.000 -9999.000 -9999.000 -9999.000 -9999.000 -9999.000 -9999.000 -9999.000 -9999.000 -9999.000 -9999.000 -9999.000 -9999.000 -9999.000 -9999.000 -9999.000 -9999.000 -9999.000 -9999.000
-9999.000 -9999.000 -9999.000 -9999.000 -9999.000 -9999.000 -9999.000 -9999.000 -9999.000 -9999.000 -9999.000 -9999.000 -9999.000 -9999.000 -9999.000 0.4032627E-01 0.2118777E-01 0.2321001E-01 0.3379992E-01 0.4671407E-01 0.6085396E-01 0.7594281E-01 0.9114272E-01 0.1050477 0.1184541 0.1307838 0.1426993 0.1580442 0.1901526 0.2704585 0.2704585 -9999.000 -9999.000 -9999.000 -9999.000 -9999.000 -9999.000 -9999.000 -9999.000 -9999.000 -9999.000 -9999.000 -9999.000 -9999.000 -9999.000 -9999.000 -9999.000 -9999.000 -9999.000 -9999.000 -9999.000 -9999.000 -9999.000 -9999.000 -9999.000 -9999.000 -9999.000 -9999.000 -9999.000 -9999.000
-9999.000 -9999.000 -9999.000 -9999.000 -9999.000 -9999.000 -9999.000 -9999.000 -9999.000 -9999.000 -9999.000 -9999.000 -9999.000 -9999.000 -9999.000 0.3233743E-01 0.1522466E-01 0.2207957E-01 0.3244040E-01 0.4489729E-01 0.5916527E-01 0.7488191E-01 0.9103945E-01 0.1059470 0.1204983 0.1339270 0.1469736 0.1639948 0.2002732 0.3009614 0.3009614 -9999.000 -9999.000 -9999.000 -9999.000 -9999.000 -9999.000 -9999.000 -9999.000 -9999.000 -9999.000 -9999.000 -9999.000 -9999.000 -9999.000 -9999.000 -9999.000 -9999.000 -9999.000 -9999.000 -9999.000 -9999.000 -9999.000 -9999.000 -9999.000 -9999.000 -9999.000 -9999.000 -9999.000 -9999.000
-9999.000 -9999.000 -9999.000 -9999.000 -9999.000 -9999.000 -9999.000 -9999.000 -9999.000 -9999.000 -9999.000 -9999.000 -9999.000 -9999.000 -9999.000 0.4724818E-01 0.7250214E-01 0.8373034E-01 0.8109088E-01 0.8240553E-01 0.8613306E-01 0.9324057E-01 0.1032857 0.1142395 0.1265214 0.1387861 0.1515381 0.1694883 0.2099892 0.3357229 0.3357229 -9999.000 -9999.000 -9999.000 -9999.000 -9999.000 -9999.000 -9999.000 -9999.000 -9999.000 -9999.000 -9999.000 -9999.000 -9999.000 -9999.000 -9999.000 -9999.000 -9999.000 -9999.000 -9999.000 -9999.000 -9999.000 -9999.000 -9999.000 -9999.000 -9999.000 -9999.000 -9999.000 -9999.000 -9999.000
2.685177 2.685177 2.713272 2.762382 2.767142 2.767142 2.769547 2.770543 2.770543 2.768328 2.768328 2.763942 2.761133 2.757989 2.754555 2.754555 2.836230 2.837963 2.835636 2.814122 2.774401 2.715029 2.634746 2.532179 2.411232 2.272476 2.119718 1.962227 1.825030 1.779923 1.779923 2.564275 2.725950 2.817737 2.840767 2.840767 2.871414 2.871414 2.853846 2.853846 2.811329 2.638027 2.638027 2.267247 2.267247 1.975879 1.975879 1.975879 1.961904 1.961904 1.992396 1.992396 2.037378 2.037378 2.084372 2.084372 2.126312 2.126312 2.126312 2.159406
2.705630 2.705630 2.743957 2.810834 2.826635 2.826635 2.840045 2.862919 2.862919 2.882422 2.882422 2.899596 2.907502 2.915030 2.922221 2.922221 2.980798 2.993165 3.004728 3.012420 3.015863 3.013299 3.002222 2.979640 2.943995 2.892895 2.825103 2.741564 2.648593 2.578152 2.578152 2.995149 3.140713 3.281922 3.320381 3.320381 3.363901 3.363901 3.364166 3.364166 3.343674 3.246351 3.246351 3.041634 3.041634 2.780428 2.780428 2.780428 2.764395 2.764395 2.796766 2.796766 2.844978 2.844978 2.894675 2.894675 2.939771 2.939771 2.939771 2.977456
2.706711 2.706711 2.751939 2.811641 2.827790 2.827790 2.841533 2.864991 2.864991 2.885070 2.885070 2.902895 2.911165 2.919077 2.926678 2.926678 2.978514 2.999970 3.021214 3.040276 3.056483 3.069158 3.077382 3.079825 3.075576 3.062999 3.040470 3.007282 2.965939 2.934287 2.934287 3.167464 3.306635 3.468314 3.515632 3.515632 3.563534 3.563534 3.552431 3.552431 3.524702 3.431687 3.431687 3.290289 3.290289 3.066173 3.066173 3.066173 3.034900 3.034900 3.055778 3.055778 3.095961 3.095961 3.139687 3.139687 3.180290 3.180290 3.180290 3.214652
2.709201 2.709201 2.756913 2.811286 2.827578 2.827578 2.841455 2.865032 2.865032 2.885129 2.885129 2.902960 2.911235 2.919159 2.926771 2.926771 2.975210 3.004679 3.034975 3.063241 3.088084 3.108806 3.124972 3.136130 3.142175 3.142719 3.137200 3.125346 3.108651 3.098083 3.098083 3.240529 3.363210 3.528943 3.579624 3.579624 3.620944 3.620944 3.587181 3.587181 3.549959 3.465993 3.465993 3.376982 3.376982 3.203187 3.203187 3.203187 3.158935 3.158935 3.166422 3.166422 3.198349 3.198349 3.237344 3.237344 3.274890 3.274890 3.274890 3.306942
2.711142 2.711142 2.760660 2.810986 2.827358 2.827358 2.841354 2.865041 2.865041 2.885140 2.885140 2.902960 2.911233 2.919155 2.926767 2.926767 2.975440 3.012273 3.051030 3.087799 3.120604 3.148515 3.171108 3.188156 3.199758 3.206045 3.207146 3.203402 3.196278 3.193228 3.193228 3.283435 3.385497 3.540567 3.585242 3.585242 3.598155 3.598155 3.534907 3.534907 3.496115 3.440159 3.440159 3.401425 3.401425 3.286352 3.286352 3.286352 3.236451 3.236451 3.229836 3.229836 3.251143 3.251143 3.283798 3.283798 3.317378 3.317378 3.317378 3.346491
2.712524 2.712524 2.763277 2.810767 2.827178 2.827178 2.841268 2.865048 2.865048 2.885151 2.885151 2.902960 2.911230 2.919151 2.926763 2.926763 2.980093 3.024212 3.070868 3.115387 3.155451 3.189982 3.218518 3.240885 3.257176 3.267629 3.272585 3.272619 3.269129 3.267423 3.267423 3.323395 3.402419 3.528545 3.552369 3.552369 3.512358 3.512358 3.433368 3.433368 3.408262 3.395477 3.395477 3.399840 3.399840 3.341832 3.341832 3.341832 3.296057 3.296057 3.278469 3.278469 3.287804 3.287804 3.311926 3.311926 3.339721 3.339721 3.339721 3.364519
2.713351 2.713351 2.764825 2.810635 2.827061 2.827061 2.841211 2.865053 2.865053 2.885157 2.885157 2.902959 2.911228 2.919148 2.926761 2.926761 2.990007 3.041828 3.095956 3.147427 3.193885 3.234251 3.268086 3.295253 3.315832 3.330047 3.338242 3.340976 3.339412 3.337199 3.337199 3.369412 3.423762 3.493532 3.475294 3.475294 3.375585 3.375585 3.318016 3.318016 3.318539 3.349821 3.349821 3.386293 3.386293 3.376994 3.376994 3.376994 3.343698 3.343698 3.321199 3.321199 3.319514 3.319514 3.333577 3.333577 3.353675 3.353675 3.353675 3.372541
2.713625 2.713625 2.765336 2.810592 2.827021 2.827021 2.841191 2.865054 2.865054 2.885159 2.885159 2.902959 2.911227 2.919148 2.926760 2.926760 3.006282 3.066569 3.127867 3.185489 3.237345 3.282548 3.320781 3.351990 3.376276 3.393841 3.404984 3.410159 3.410207 3.407243 3.407243 3.421898 3.448086 3.416435 3.338211 3.338211 3.215015 3.215015 3.215114 3.215114 3.242098 3.307360 3.307360 3.365839 3.365839 3.395192 3.395192 3.395192 3.379143 3.379143 3.358463 3.358463 3.348891 3.348891 3.352652 3.352652 3.363533 3.363533 3.363533 3.374892
2.713351 2.713351 2.764824 2.810635 2.827062 2.827062 2.841211 2.865053 2.865053 2.885157 2.885157 2.902959 2.911228 2.919148 2.926761 2.926761 3.030487 3.100177 3.168392 3.231311 3.287445 3.336294 3.377780 3.412003 3.439138 3.459398 3.473042 3.480407 3.481947 3.477881 3.477881 3.476149 3.462066 3.268338 3.142798 3.142798 3.069244 3.069244 3.136755 3.136755 3.182194 3.268786 3.268786 3.341778 3.341778 3.400312 3.400312 3.400312 3.402434 3.402434 3.388876 3.388876 3.375819 3.375819 3.370384 3.370384 3.371207 3.371207 3.371207 3.373725
2.712525 2.712525 2.763277 2.810766 2.827178 2.827178 2.841268 2.865048 2.865048 2.885150 2.885150 2.902959 2.911230 2.919151 2.926763 2.926763 3.064946 3.144940 3.219702 3.286903 3.346002 3.397081 3.440431 3.476379 3.505228 3.527246 3.542679 3.551753 3.554319 3.546873 3.546873 3.519396 3.430925 3.044485 2.930550 2.930550 2.962742 2.962742 3.076737 3.076737 3.132142 3.231114 3.231114 3.314026 3.314026 3.394145 3.394145 3.394145 3.412790 3.412790 3.409264 3.409264 3.396605 3.396605 3.384231 3.384231 3.375150 3.375150 3.375150 3.368101
2.711142 2.711142 2.760660 2.810986 2.827358 2.827358 2.841354 2.865041 2.865041 2.885140 2.885140 2.902959 2.911232 2.919155 2.926767 2.926767 3.113197 3.204035 3.284568 3.354662 3.415072 3.466665 3.510208 3.546323 3.575489 3.598060 3.614298 3.624284 3.626354 3.606219 3.606219 3.516066 3.292419 2.796227 2.762412 2.762412 2.889390 2.889390 3.024882 3.024882 3.085123 3.191538 3.191538 3.281538 3.281538 3.377248 3.377248 3.377248 3.409446 3.409446 3.416477 3.416477 3.407061 3.407061 3.390337 3.390337 3.372352 3.372352 3.372352 3.355746
2.709201 2.709201 2.756914 2.811287 2.827579 2.827579 2.841455 2.865033 2.865033 2.885129 2.885129 2.902960 2.911236 2.919159 2.926772 2.926772 3.180813 3.282086 3.366710 3.437566 3.497052 3.546980 3.588679 3.623105 3.650927 3.672601 3.688418 3.698046 3.694314 3.625441 3.625441 3.383979 3.003290 2.608988 2.654388 2.654388 2.825638 2.825638 2.969616 2.969616 3.032505 3.144136 3.144136 3.239468 3.239468 3.346278 3.346278 3.346278 3.388803 3.388803 3.405200 3.405200 3.400269 3.400269 3.381431 3.381431 3.356172 3.356172 3.356172 3.330868
