simulation_files/asc/Velocity__y_278.0.asc
NCOLS        79
NROWS        79
XLLCENTER         -1.500000
YLLCENTER         -4.800000
CELLSIZE           0.100
NODATA_VALUE     -9999.0
[rows 0 to 25 of 79, columns 0 to 58 of 79]
-9999.000 -9999.000 -9999.000 -9999.000 -9999.000 -9999.000 -9999.000 -9999.000 -9999.000 -9999.000 -9999.000 -9999.000 -9999.000 -9999.000 -9999.000 -0.9356861E-01 -0.9096663E-01 -0.9008773E-01 -0.9006958E-01 -0.9057204E-01 -0.9123393E-01 -0.9192967E-01 -0.9260635E-01 -0.9318665E-01 -0.9370980E-01 -0.9417471E-01 -0.9461983E-01 -0.9523182E-01 -0.9661601E-01 -0.9797706E-01 -0.9797706E-01 -9999.000 -9999.000 -9999.000 -9999.000 -9999.000 -9999.000 -9999.000 -9999.000 -9999.000 -9999.000 -9999.000 -9999.000 -9999.000 -9999.000 -9999.000 -9999.000 -9999.000 -9999.000 -9999.000 -9999.000 -9999.000 -9999.000 -9999.000 -9999.000 -9999.000 -9999.000 -9999.000 -9999.000
-9999.000 -9999.000 -9999.000 -9999.000 -9999.000 -9999.000 -9999.000 -9999.000 -9999.000 -9999.000 -9999.000 -9999.000 -9999.000 -9999.000 -9999.000 -0.9318529E-01 -0.8777155E-01 -0.8590540E-01 -0.8589700E-01 -0.8703408E-01 -0.8854743E-01 -0.9016206E-01 -0.9175580E-01 -0.9315643E-01 -0.9443974E-01 -0.9559762E-01 -0.9670577E-01 -0.9815282E-01 -0.1012018 -0.1044961 -0.1044961 -9999.000 -9999.000 -9999.000 -9999.000 -9999.000 -9999.000 -9999.000 -9999.000 -9999.000 -9999.000 -9999.000 -9999.000 -9999.000 -9999.000 -9999.000 -9999.000 -9999.000 -9999.000 -9999.000 -9999.000 -9999.000 -9999.000 -9999.000 -9999.000 -9999.000 -9999.000 -9999.000 -9999.000
-9999.000 -9999.000 -9999.000 -9999.000 -9999.000 -9999.000 -9999.000 -9999.000 -9999.000 -9999.000 -9999.000 -9999.000 -9999.000 -9999.000 -9999.000 -0.9161271E-01 -0.8318722E-01 -0.8021238E-01 -0.8028544E-01 -0.8227313E-01 -0.8493316E-01 -0.8780915E-01 -0.9068837E-01 -0.9327690E-01 -0.9568329E-01 -0.9788109E-01 -0.9998039E-01 -0.1025928 -0.1077286 -0.1137223 -0.1137223 -9999.000 -9999.000 -9999.000 -9999.000 -9999.000 -9999.000 -9999.000 -9999.000 -9999.000 -9999.000 -9999.000 -9999.000 -9999.000 -9999.000 -9999.000 -9999.000 -9999.000 -9999.000 -9999.000 -9999.000 -9999.000 -9999.000 -9999.000 -9999.000 -9999.000 -9999.000 -9999.000 -9999.000
-9999.000 -9999.000 -9999.000 -9999.000 -9999.000 -9999.000 -9999.000 -9999.000 -9999.000 -9999.000 -9999.000 -9999.000 -9999.000 -9999.000 -9999.000 -0.8944645E-01 -0.7806706E-01 -0.7399790E-01 -0.7420693E-01 -0.7712790E-01 -0.8103073E-01 -0.8527570E-01 -0.8955517E-01 -0.9344672E-01 -0.9709175E-01 -0.1004388 -0.1036293 -0.1075054 -0.1148621 -0.1240601 -0.1240601 -9999.000 -9999.000 -9999.000 -9999.000 -9999.000 -9999.000 -9999.000 -9999.000 -9999.000 -9999.000 -9999.000 -9999.000 -9999.000 -9999.000 -9999.000 -9999.000 -9999.000 -9999.000 -9999.000 -9999.000 -9999.000 -9999.000 -9999.000 -9999.000 -9999.000 -9999.000 -9999.000 -9999.000
-9999.000 -9999.000 -9999.000 -9999.000 -9999.000 -9999.000 -9999.000 -9999.000 -9999.000 -9999.000 -9999.000 -9999.000 -9999.000 -9999.000 -9999.000 -0.8691351E-01 -0.7259576E-01 -0.6743062E-01 -0.6780837E-01 -0.7171781E-01 -0.7692590E-01 -0.8260766E-01 -0.8835921E-01 -0.9362167E-01 -0.9857512E-01 -0.1031379 -0.1074831 -0.1126966 -0.1224086 -0.1353580 -0.1353580 -9999.000 -9999.000 -9999.000 -9999.000 -9999.000 -9999.000 -9999.000 -9999.000 -9999.000 -9999.000 -9999.000 -9999.000 -9999.000 -9999.000 -9999.000 -9999.000 -9999.000 -9999.000 -9999.000 -9999.000 -9999.000 -9999.000 -9999.000 -9999.000 -9999.000 -9999.000 -9999.000 -9999.000
-9999.000 -9999.000 -9999.000 -9999.000 -9999.000 -9999.000 -9999.000 -9999.000 -9999.000 -9999.000 -9999.000 -9999.000 -9999.000 -9999.000 -9999.000 -0.8408878E-01 -0.6684134E-01 -0.6057683E-01 -0.6114967E-01 -0.6609226E-01 -0.7265262E-01 -0.7982124E-01 -0.8709662E-01 -0.9377684E-01 -0.1000886 -0.1059141 -0.1114618 -0.1180786 -0.1302917 -0.1476308 -0.1476308 -9999.000 -9999.000 -9999.000 -9999.000 -9999.000 -9999.000 -9999.000 -9999.000 -9999.000 -9999.000 -9999.000 -9999.000 -9999.000 -9999.000 -9999.000 -9999.000 -9999.000 -9999.000 -9999.000 -9999.000 -9999.000 -9999.000 -9999.000 -9999.000 -9999.000 -9999.000 -9999.000 -9999.000
-9999.000 -9999.000 -9999.000 -9999.000 -9999.000 -9999.000 -9999.000 -9999.000 -9999.000 -9999.000 -9999.000 -9999.000 -9999.000 -9999.000 -9999.000 -0.8097817E-01 -0.6081779E-01 -0.5345374E-01 -0.5424906E-01 -0.6026743E-01 -0.6822105E-01 -0.7691839E-01 -0.8576084E-01 -0.9389469E-01 -0.1016054 -0.1087320 -0.1155230 -0.1236080 -0.1384875 -0.1609918 -0.1609918 -9999.000 -9999.000 -9999.000 -9999.000 -9999.000 -9999.000 -9999.000 -9999.000 -9999.000 -9999.000 -9999.000 -9999.000 -9999.000 -9999.000 -9999.000 -9999.000 -9999.000 -9999.000 -9999.000 -9999.000 -9999.000 -9999.000 -9999.000 -9999.000 -9999.000 -9999.000 -9999.000 -9999.000
-9999.000 -9999.000 -9999.000 -9999.000 -9999.000 -9999.000 -9999.000 -9999.000 -9999.000 -9999.000 -9999.000 -9999.000 -9999.000 -9999.000 -9999.000 -0.7755330E-01 -0.5451245E-01 -0.4605509E-01 -0.4710394E-01 -0.5424251E-01 -0.6362841E-01 -0.7389344E-01 -0.8434198E-01 -0.9395914E-01 -0.1031044 -0.1115658 -0.1196376 -0.1292588 -0.1469966 -0.1756283 -0.1756283 -9999.000 -9999.000 -9999.000 -9999.000 -9999.000 -9999.000 -9999.000 -9999.000 -9999.000 -9999.000 -9999.000 -9999.000 -9999.000 -9999.000 -9999.000 -9999.000 -9999.000 -9999.000 -9999.000 -9999.000 -9999.000 -9999.000 -9999.000 -9999.000 -9999.000 -9999.000 -9999.000 -9999.000
-9999.000 -9999.000 -9999.000 -9999.000 -9999.000 -9999.000 -9999.000 -9999.000 -9999.000 -9999.000 -9999.000 -9999.000 -9999.000 -9999.000 -9999.000 -0.7376593E-01 -0.4789782E-01 -0.3836105E-01 -0.3969995E-01 -0.4800690E-01 -0.5886442E-01 -0.7073448E-01 -0.8282565E-01 -0.9395148E-01 -0.1045642 -0.1143907 -0.1237782 -0.1350093 -0.1558288 -0.1918012 -0.1918012 -9999.000 -9999.000 -9999.000 -9999.000 -9999.000 -9999.000 -9999.000 -9999.000 -9999.000 -9999.000 -9999.000 -9999.000 -9999.000 -9999.000 -9999.000 -9999.000 -9999.000 -9999.000 -9999.000 -9999.000 -9999.000 -9999.000 -9999.000 -9999.000 -9999.000 -9999.000 -9999.000 -9999.000
-9999.000 -9999.000 -9999.000 -9999.000 -9999.000 -9999.000 -9999.000 -9999.000 -9999.000 -9999.000 -9999.000 -9999.000 -9999.000 -9999.000 -9999.000 -0.6955371E-01 -0.4093543E-01 -0.3034191E-01 -0.3201540E-01 -0.4154336E-01 -0.5391198E-01 -0.6742401E-01 -0.8119260E-01 -0.9384748E-01 -0.1059584 -0.1171766 -0.1279131 -0.1408340 -0.1649967 -0.2098615 -0.2098615 -9999.000 -9999.000 -9999.000 -9999.000 -9999.000 -9999.000 -9999.000 -9999.000 -9999.000 -9999.000 -9999.000 -9999.000 -9999.000 -9999.000 -9999.000 -9999.000 -9999.000 -9999.000 -9999.000 -9999.000 -9999.000 -9999.000 -9999.000 -9999.000 -9999.000 -9999.000 -9999.000 -9999.000
-9999.000 -9999.000 -9999.000 -9999.000 -9999.000 -9999.000 -9999.000 -9999.000 -9999.000 -9999.000 -9999.000 -9999.000 -9999.000 -9999.000 -9999.000 -0.6484058E-01 -0.3357653E-01 -0.2195877E-01 -0.2401928E-01 -0.3482715E-01 -0.4874721E-01 -0.6393687E-01 -0.7941619E-01 -0.9361549E-01 -0.1072519 -0.1198839 -0.1319991 -0.1466966 -0.1745095 -0.2302812 -0.2302812 -9999.000 -9999.000 -9999.000 -9999.000 -9999.000 -9999.000 -9999.000 -9999.000 -9999.000 -9999.000 -9999.000 -9999.000 -9999.000 -9999.000 -9999.000 -9999.000 -9999.000 -9999.000 -9999.000 -9999.000 -9999.000 -9999.000 -9999.000 -9999.000 -9999.000 -9999.000 -9999.000 -9999.000
-9999.000 -9999.000 -9999.000 -9999.000 -9999.000 -9999.000 -9999.000 -9999.000 -9999.000 -9999.000 -9999.000 -9999.000 -9999.000 -9999.000 -9999.000 -0.5953459E-01 -0.2575908E-01 -0.1316076E-01 -0.1567059E-01 -0.2782349E-01 -0.4333654E-01 -0.6023869E-01 -0.7745917E-01 -0.9321085E-01 -0.1083963 -0.1224573 -0.1359755 -0.1525428 -0.1843668 -0.2537079 -0.2537079 -9999.000 -9999.000 -9999.000 -9999.000 -9999.000 -9999.000 -9999.000 -9999.000 -9999.000 -9999.000 -9999.000 -9999.000 -9999.000 -9999.000 -9999.000 -9999.000 -9999.000 -9999.000 -9999.000 -9999.000 -9999.000 -9999.000 -9999.000 -9999.000 -9999.000 -9999.000 -9999.000 -9999.000
-9999.000 -9999.000 -9999.000 -9999.000 -9999.000 -9999.000 -9999.000 -9999.000 -9999.000 -9999.000 -9999.000 -9999.000 -9999.000 -9999.000 -9999.000 -0.5351910E-01 -0.1740183E-01 -0.3879874E-02 -0.6913503E-02 -0.2048477E-01 -0.3763307E-01 -0.5628135E-01 -0.7526992E-01 -0.9257208E-01 -0.1093236 -0.1248181 -0.1397537 -0.1582898 -0.1945493 -0.2810527 -0.2810527 -9999.000 -9999.000 -9999.000 -9999.000 -9999.000 -9999.000 -9999.000 -9999.000 -9999.000 -9999.000 -9999.000 -9999.000 -9999.000 -9999.000 -9999.000 -9999.000 -9999.000 -9999.000 -9999.000 -9999.000 -9999.000 -9999.000 -9999.000 -9999.000 -9999.000 -9999.000 -9999.000 -9999.000
-9999.000 -9999.000 -9999.000 -9999.000 -9999.000 -9999.000 -9999.000 -9999.000 -9999.000 -9999.000 -9999.000 -9999.000 -9999.000 -9999.000 -9999.000 -0.4622039E-01 -0.8099658E-02 0.6105097E-02 0.2290924E-02 -0.1283078E-01 -0.3166606E-01 -0.5209070E-01 -0.7286164E-01 -0.9168878E-01 -0.1100025 -0.1269086 -0.1432517 -0.1638508 -0.2050418 -0.3136928 -0.3136928 -9999.000 -9999.000 -9999.000 -9999.000 -9999.000 -9999.000 -9999.000 -9999.000 -9999.000 -9999.000 -9999.000 -9999.000 -9999.000 -9999.000 -9999.000 -9999.000 -9999.000 -9999.000 -9999.000 -9999.000 -9999.000 -9999.000 -9999.000 -9999.000 -9999.000 -9999.000 -9999.000 -9999.000
-9999.000 -9999.000 -9999.000 -9999.000 -9999.000 -9999.000 -9999.000 -9999.000 -9999.000 -9999.000 -9999.000 -9999.000 -9999.000 -9999.000 -9999.000 -0.3038316E-02 0.1376007E-01 0.1572867E-01 0.4294789E-02 -0.1313883E-01 -0.3254090E-01 -0.5355949E-01 -0.7496142E-01 -0.9423804E-01 -0.1132088 -0.1307330 -0.1478299 -0.1700316 -0.2160724 -0.3514323 -0.3514323 -9999.000 -9999.000 -9999.000 -9999.000 -9999.000 -9999.000 -9999.000 -9999.000 -9999.000 -9999.000 -9999.000 -9999.000 -9999.000 -9999.000 -9999.000 -9999.000 -9999.000 -9999.000 -9999.000 -9999.000 -9999.000 -9999.000 -9999.000 -9999.000 -9999.000 -9999.000 -9999.000 -9999.000
-0.3914744E-02 -0.3914744E-02 -0.4875885E-02 -0.7200025E-02 -0.6622044E-02 -0.6622044E-02 -0.6436039E-02 -0.6371723E-02 -0.6371723E-02 -0.6359325E-02 -0.6359325E-02 -0.6335285E-02 -0.6320396E-02 -0.6304566E-02 -0.6291473E-02 -0.6291473E-02 0.2736192E-01 0.2211563E-01 0.7015354E-02 -0.1450330E-01 -0.4035018E-01 -0.6942962E-01 -0.1003827 -0.1313467 -0.1615794 -0.1900437 -0.2163437 -0.2421629 -0.2755266 -0.3544167 -0.3544167 -0.1965593 -0.1056032 -0.3651997E-01 -0.2730544E-01 -0.2730544E-01 -0.2031703E-01 -0.2031703E-01 -0.7709632E-02 -0.7709632E-02 0.3467835E-02 0.2712651E-01 0.2712651E-01 0.1025235E-01 0.1025235E-01 -0.3686911E-02 -0.3686911E-02 -0.3686911E-02 0.1949869E-03 0.1949869E-03 0.9224382E-03 0.9224382E-03 0.2929658E-04 0.2929658E-04 -0.1237810E-02 -0.1237810E-02 -0.2470666E-02 -0.2470666E-02 -0.2470666E-02
-0.5721332E-02 -0.5721332E-02 -0.7428365E-02 -0.1034579E-01 -0.9329408E-02 -0.9329408E-02 -0.9001566E-02 -0.8943923E-02 -0.8943923E-02 -0.8967682E-02 -0.8967682E-02 -0.8957358E-02 -0.8946469E-02 -0.8934068E-02 -0.8938393E-02 -0.8938393E-02 0.2243411E-01 0.1777298E-01 0.2155975E-02 -0.2350685E-01 -0.5755658E-01 -0.9784053E-01 -0.1424883 -0.1898754 -0.2378186 -0.2847012 -0.3288421 -0.3684392 -0.4014153 -0.4254405 -0.4254405 -0.2884603 -0.1917368 -0.9968480E-01 -0.8138898E-01 -0.8138898E-01 -0.5713182E-01 -0.5713182E-01 -0.1421416E-01 -0.1421416E-01 0.1913990E-01 0.8605302E-01 0.8605302E-01 0.7411000E-01 0.7411000E-01 0.1472521E-01 0.1472521E-01 0.1472521E-01 0.6817135E-02 0.6817135E-02 0.2030904E-02 0.2030904E-02 -0.2216322E-02 -0.2216322E-02 -0.5873888E-02 -0.5873888E-02 -0.8688963E-02 -0.8688963E-02 -0.8688963E-02
-0.4101776E-02 -0.4101776E-02 -0.6809053E-02 -0.8677354E-02 -0.7909720E-02 -0.7909720E-02 -0.7575186E-02 -0.7538141E-02 -0.7538141E-02 -0.7603850E-02 -0.7603850E-02 -0.7620226E-02 -0.7620730E-02 -0.7620218E-02 -0.7662364E-02 -0.7662364E-02 0.1407720E-01 0.9436751E-02 -0.6247198E-02 -0.3224204E-01 -0.6730855E-01 -0.1097765 -0.1580791 -0.2108653 -0.2663905 -0.3231006 -0.3793184 -0.4329988 -0.4812275 -0.5169729 -0.5169729 -0.4274981 -0.3434216 -0.2279819 -0.1906057 -0.1906057 -0.1224408 -0.1224408 -0.2018974E-01 -0.2018974E-01 0.4633114E-01 0.1662304 0.1662304 0.1847107 0.1847107 0.6590596E-01 0.6590596E-01 0.6590596E-01 0.2525294E-01 0.2525294E-01 0.4270931E-02 0.4270931E-02 -0.8001030E-02 -0.8001030E-02 -0.1590513E-01 -0.1590513E-01 -0.2067180E-01 -0.2067180E-01 -0.2067180E-01
-0.2557696E-02 -0.2557696E-02 -0.6103349E-02 -0.6972058E-02 -0.6376538E-02 -0.6376538E-02 -0.6065413E-02 -0.6027856E-02 -0.6027856E-02 -0.6096201E-02 -0.6096201E-02 -0.6111182E-02 -0.6110738E-02 -0.6109932E-02 -0.6182942E-02 -0.6182942E-02 0.5577879E-02 -0.1059606E-02 -0.1805049E-01 -0.4486978E-01 -0.8054775E-01 -0.1237769 -0.1732371 -0.2277742 -0.2860542 -0.3468103 -0.4086926 -0.4699781 -0.5279555 -0.5757161 -0.5757161 -0.5333381 -0.4732541 -0.3603095 -0.3088935 -0.3088935 -0.1869034 -0.1869034 -0.1168549E-01 -0.1168549E-01 0.8361935E-01 0.2313488 0.2313488 0.2676865 0.2676865 0.1254559 0.1254559 0.1254559 0.5119914E-01 0.5119914E-01 0.9002742E-02 0.9002742E-02 -0.1463513E-01 -0.1463513E-01 -0.2815644E-01 -0.2815644E-01 -0.3506662E-01 -0.3506662E-01 -0.3506662E-01
-0.1110895E-02 -0.1110895E-02 -0.5294641E-02 -0.5300850E-02 -0.4831634E-02 -0.4831634E-02 -0.4565679E-02 -0.4524203E-02 -0.4524203E-02 -0.4577995E-02 -0.4577995E-02 -0.4582819E-02 -0.4578591E-02 -0.4574849E-02 -0.4683590E-02 -0.4683590E-02 -0.3012063E-02 -0.1347543E-01 -0.3332520E-01 -0.6215385E-01 -0.9918443E-01 -0.1433997 -0.1937197 -0.2491536 -0.3086336 -0.3711109 -0.4354993 -0.5004414 -0.5637301 -0.6195980 -0.6195980 -0.6129045 -0.5780020 -0.4774861 -0.4121005 -0.4121005 -0.2236394 -0.2236394 0.1727157E-01 0.1727157E-01 0.1248571 0.2698553 0.2698553 0.3108520 0.3108520 0.1778771 0.1778771 0.1778771 0.8094085E-01 0.8094085E-01 0.1788519E-01 0.1788519E-01 -0.1899141E-01 -0.1899141E-01 -0.3947300E-01 -0.3947300E-01 -0.4905846E-01 -0.4905846E-01 -0.4905846E-01
0.2190433E-03 0.2190433E-03 -0.4370005E-02 -0.3611526E-02 -0.3236598E-02 -0.3236598E-02 -0.3028582E-02 -0.2995791E-02 -0.2995791E-02 -0.3041858E-02 -0.3041858E-02 -0.3046094E-02 -0.3041482E-02 -0.3036806E-02 -0.3194241E-02 -0.3194241E-02 -0.1216124E-01 -0.2809048E-01 -0.5244226E-01 -0.8469471E-01 -0.1241427 -0.1699821 -0.2213791 -0.2775518 -0.3376819 -0.4009342 -0.4664309 -0.5330946 -0.5991769 -0.6601142 -0.6601142 -0.6780421 -0.6642897 -0.5695695 -0.4802777 -0.4802777 -0.2138084 -0.2138084 0.5661541E-01 0.5661541E-01 0.1562567 0.2791984 0.2791984 0.3192559 0.3192559 0.2145432 0.2145432 0.2145432 0.1101587 0.1101587 0.3082206E-01 0.3082206E-01 -0.1955262E-01 -0.1955262E-01 -0.4808130E-01 -0.4808130E-01 -0.6102896E-01 -0.6102896E-01 -0.6102896E-01
0.5650346E-03 0.5650346E-03 -0.2582667E-02 -0.1834606E-02 -0.1610348E-02 -0.1610348E-02 -0.1491648E-02 -0.1477785E-02 -0.1477785E-02 -0.1512338E-02 -0.1512338E-02 -0.1520664E-02 -0.1519586E-02 -0.1517656E-02 -0.1743437E-02 -0.1743437E-02 -0.2260539E-01 -0.4561216E-01 -0.7616453E-01 -0.1133861 -0.1565013 -0.2048275 -0.2577524 -0.3147349 -0.3752331 -0.4386733 -0.5044168 -0.5716483 -0.6390026 -0.7028521 -0.7028521 -0.7366952 -0.7373154 -0.6228703 -0.4911555 -0.4911555 -0.1614340 -0.1614340 0.8742341E-01 0.8742341E-01 0.1671565 0.2644665 0.2644665 0.3031609 0.3031609 0.2321866 0.2321866 0.2321866 0.1341196 0.1341196 0.4607666E-01 0.4607666E-01 -0.1599827E-01 -0.1599827E-01 -0.5292164E-01 -0.5292164E-01 -0.6980491E-01 -0.6980491E-01 -0.6980491E-01
0.1112253E-07 0.1112253E-07 0.5514143E-07 0.2567508E-06 0.7980346E-07 0.7980346E-07 0.1892679E-06 -0.7959336E-07 -0.7959336E-07 0.1026314E-06 0.1026314E-06 0.1187481E-06 0.2124486E-06 0.1329800E-06 -0.3169558E-03 -0.3169558E-03 -0.3535718E-01 -0.6721394E-01 -0.1057644 -0.1495818 -0.1977064 -0.2495026 -0.3045454 -0.3625445 -0.4232540 -0.4864064 -0.5516577 -0.6184878 -0.6858717 -0.7506872 -0.7506872 -0.7927839 -0.7966356 -0.6131921 -0.4296018 -0.4296018 -0.9552311E-01 -0.9552311E-01 0.9744009E-01 0.9744009E-01 0.1569451 0.2343549 0.2343549 0.2723949 0.2723949 0.2317709 0.2317709 0.2317709 0.1488907 0.1488907 0.6076419E-01 0.6076419E-01 -0.9073718E-02 -0.9073718E-02 -0.5350826E-01 -0.5350826E-01 -0.7446074E-01 -0.7446074E-01 -0.7446074E-01
-0.5650275E-03 -0.5650275E-03 0.2582836E-02 0.1835037E-02 0.1610587E-02 0.1610587E-02 0.1491811E-02 0.1477624E-02 0.1477624E-02 0.1512505E-02 0.1512505E-02 0.1520768E-02 0.1520020E-02 0.1518076E-02 0.1076460E-02 0.1076460E-02 -0.5195873E-01 -0.9481084E-01 -0.1433225 -0.1954026 -0.2498607 -0.3060902 -0.3638466 -0.4230982 -0.4839074 -0.5463380 -0.6103820 -0.6758501 -0.7419709 -0.8052244 -0.8052244 -0.8457323 -0.8300918 -0.5195149 -0.3142570 -0.3142570 -0.4689655E-01 -0.4689655E-01 0.8799709E-01 0.8799709E-01 0.1327810 0.1969329 0.1969329 0.2340876 0.2340876 0.2166160 0.2166160 0.2166160 0.1523527 0.1523527 0.7171382E-01 0.7171382E-01 -0.3650771E-03 -0.3650771E-03 -0.4993704E-01 -0.4993704E-01 -0.7435220E-01 -0.7435220E-01 -0.7435220E-01
-0.2190589E-03 -0.2190589E-03 0.4370176E-02 0.3611754E-02 0.3236775E-02 0.3236775E-02 0.3028705E-02 0.2995860E-02 0.2995860E-02 0.3041862E-02 0.3041862E-02 0.3046173E-02 0.3041733E-02 0.3037132E-02 0.2424315E-02 0.2424315E-02 -0.7483058E-01 -0.1314281 -0.1920860 -0.2540705 -0.3160343 -0.3774702 -0.4383646 -0.4989782 -0.5596994 -0.6209359 -0.6830321 -0.7461290 -0.8093779 -0.8661702 -0.8661702 -0.8847595 -0.8016493 -0.3641471 -0.1978158 -0.1978158 -0.2522547E-01 -0.2522547E-01 0.6806588E-01 0.6806588E-01 0.1031909 0.1576956 0.1576956 0.1926616 0.1926616 0.1906838 0.1906838 0.1906838 0.1444329 0.1444329 0.7640173E-01 0.7640173E-01 0.8096855E-02 0.8096855E-02 -0.4285707E-01 -0.4285707E-01 -0.6919511E-01 -0.6919511E-01 -0.6919511E-01
0.1110783E-02 0.1110783E-02 0.5294703E-02 0.5300977E-02 0.4831690E-02 0.4831690E-02 0.4565626E-02 0.4524519E-02 0.4524519E-02 0.4578021E-02 0.4578021E-02 0.4582951E-02 0.4578697E-02 0.4574992E-02 0.3730012E-02 0.3730012E-02 -0.1079915 -0.1819275 -0.2571225 -0.3304750 -0.4007483 -0.4677359 -0.5317858 -0.5935293 -0.6537164 -0.7131091 -0.7724028 -0.8319725 -0.8895878 -0.9260265 -0.9260265 -0.8702974 -0.6563562 -0.2166830 -0.1206914 -0.1206914 -0.2122475E-01 -0.2122475E-01 0.4586205E-01 0.4586205E-01 0.7389184E-01 0.1195747 0.1195747 0.1506337 0.1506337 0.1576145 0.1576145 0.1576145 0.1266703 0.1266703 0.7362929E-01 0.7362929E-01 0.1441573E-01 0.1441573E-01 -0.3330806E-01 -0.3330806E-01 -0.5913530E-01 -0.5913530E-01 -0.5913530E-01
