simulation_files/asc/Velocity__y_192.0.asc
NCOLS        79
NROWS        79
XLLCENTER         -1.500000
YLLCENTER         -4.800000
CELLSIZE           0.100
NODATA_VALUE     -9999.0
[rows 0 to 26 of 79, columns 0 to 58 of 79]
-9999.000 -9999.000 -9999.000 -9999.000 -9999.000 -9999.000 -9999.000 -9999.000 -9999.000 -9999.000 -9999.000 -9999.000 -9999.000 -9999.000 -9999.000 -0.9151278E-01 -0.8830392E-01 -0.8679508E-01 -0.8599199E-01 -0.8626774E-01 -0.8704430E-01 -0.8791721E-01 -0.8877555E-01 -0.8958293E-01 -0.9023118E-01 -0.9080128E-01 -0.9132005E-01 -0.9192421E-01 -0.9315459E-01 -0.9443965E-01 -0.9443965E-01 -9999.000 -9999.000 -9999.000 -9999.000 -9999.000 -9999.000 -9999.000 -9999.000 -9999.000 -9999.000 -9999.000 -9999.000 -9999.000 -9999.000 -9999.000 -9999.000 -9999.000 -9999.000 -9999.000 -9999.000 -9999.000 -9999.000 -9999.000 -9999.000 -9999.000 -9999.000 -9999.000 -9999.000
-9999.000 -9999.000 -9999.000 -9999.000 -9999.000 -9999.000 -9999.000 -9999.000 -9999.000 -9999.000 -9999.000 -9999.000 -9999.000 -9999.000 -9999.000 -0.9244733E-01 -0.8566666E-01 -0.8242924E-01 -0.8071993E-01 -0.8134308E-01 -0.8308151E-01 -0.8506709E-01 -0.8705130E-01 -0.8894355E-01 -0.9050342E-01 -0.9189457E-01 -0.9316631E-01 -0.9459913E-01 -0.9732275E-01 -0.1004387 -0.1004387 -9999.000 -9999.000 -9999.000 -9999.000 -9999.000 -9999.000 -9999.000 -9999.000 -9999.000 -9999.000 -9999.000 -9999.000 -9999.000 -9999.000 -9999.000 -9999.000 -9999.000 -9999.000 -9999.000 -9999.000 -9999.000 -9999.000 -9999.000 -9999.000 -9999.000 -9999.000 -9999.000 -9999.000
-9999.000 -9999.000 -9999.000 -9999.000 -9999.000 -9999.000 -9999.000 -9999.000 -9999.000 -9999.000 -9999.000 -9999.000 -9999.000 -9999.000 -9999.000 -0.9250022E-01 -0.8176985E-01 -0.7653468E-01 -0.7381184E-01 -0.7491542E-01 -0.7789994E-01 -0.8135494E-01 -0.8485923E-01 -0.8824517E-01 -0.9110447E-01 -0.9368645E-01 -0.9605305E-01 -0.9864026E-01 -0.1032433 -0.1089108 -0.1089108 -9999.000 -9999.000 -9999.000 -9999.000 -9999.000 -9999.000 -9999.000 -9999.000 -9999.000 -9999.000 -9999.000 -9999.000 -9999.000 -9999.000 -9999.000 -9999.000 -9999.000 -9999.000 -9999.000 -9999.000 -9999.000 -9999.000 -9999.000 -9999.000 -9999.000 -9999.000 -9999.000 -9999.000
-9999.000 -9999.000 -9999.000 -9999.000 -9999.000 -9999.000 -9999.000 -9999.000 -9999.000 -9999.000 -9999.000 -9999.000 -9999.000 -9999.000 -9999.000 -0.9212179E-01 -0.7741372E-01 -0.7016901E-01 -0.6645302E-01 -0.6810147E-01 -0.7242523E-01 -0.7745393E-01 -0.8259076E-01 -0.8758718E-01 -0.9185522E-01 -0.9573490E-01 -0.9929361E-01 -0.1031252 -0.1097224 -0.1184038 -0.1184038 -9999.000 -9999.000 -9999.000 -9999.000 -9999.000 -9999.000 -9999.000 -9999.000 -9999.000 -9999.000 -9999.000 -9999.000 -9999.000 -9999.000 -9999.000 -9999.000 -9999.000 -9999.000 -9999.000 -9999.000 -9999.000 -9999.000 -9999.000 -9999.000 -9999.000 -9999.000 -9999.000 -9999.000
-9999.000 -9999.000 -9999.000 -9999.000 -9999.000 -9999.000 -9999.000 -9999.000 -9999.000 -9999.000 -9999.000 -9999.000 -9999.000 -9999.000 -9999.000 -0.9153850E-01 -0.7277492E-01 -0.6348925E-01 -0.5877682E-01 -0.6100820E-01 -0.6673496E-01 -0.7340723E-01 -0.8024910E-01 -0.8693225E-01 -0.9267436E-01 -0.9791830E-01 -0.1027310 -0.1078725 -0.1165741 -0.1287621 -0.1287621 -9999.000 -9999.000 -9999.000 -9999.000 -9999.000 -9999.000 -9999.000 -9999.000 -9999.000 -9999.000 -9999.000 -9999.000 -9999.000 -9999.000 -9999.000 -9999.000 -9999.000 -9999.000 -9999.000 -9999.000 -9999.000 -9999.000 -9999.000 -9999.000 -9999.000 -9999.000 -9999.000 -9999.000
-9999.000 -9999.000 -9999.000 -9999.000 -9999.000 -9999.000 -9999.000 -9999.000 -9999.000 -9999.000 -9999.000 -9999.000 -9999.000 -9999.000 -9999.000 -0.9082917E-01 -0.6791763E-01 -0.5655584E-01 -0.5083609E-01 -0.5367848E-01 -0.6085989E-01 -0.6922963E-01 -0.7783258E-01 -0.8626057E-01 -0.9352215E-01 -0.1001796 -0.1062942 -0.1128014 -0.1237238 -0.1399875 -0.1399875 -9999.000 -9999.000 -9999.000 -9999.000 -9999.000 -9999.000 -9999.000 -9999.000 -9999.000 -9999.000 -9999.000 -9999.000 -9999.000 -9999.000 -9999.000 -9999.000 -9999.000 -9999.000 -9999.000 -9999.000 -9999.000 -9999.000 -9999.000 -9999.000 -9999.000 -9999.000 -9999.000 -9999.000
-9999.000 -9999.000 -9999.000 -9999.000 -9999.000 -9999.000 -9999.000 -9999.000 -9999.000 -9999.000 -9999.000 -9999.000 -9999.000 -9999.000 -9999.000 -0.9000788E-01 -0.6285603E-01 -0.4938367E-01 -0.4264497E-01 -0.4612422E-01 -0.5480905E-01 -0.6492400E-01 -0.7533640E-01 -0.8556006E-01 -0.9437600E-01 -0.1024893 -0.1099467 -0.1178733 -0.1311466 -0.1521691 -0.1521691 -9999.000 -9999.000 -9999.000 -9999.000 -9999.000 -9999.000 -9999.000 -9999.000 -9999.000 -9999.000 -9999.000 -9999.000 -9999.000 -9999.000 -9999.000 -9999.000 -9999.000 -9999.000 -9999.000 -9999.000 -9999.000 -9999.000 -9999.000 -9999.000 -9999.000 -9999.000 -9999.000 -9999.000
-9999.000 -9999.000 -9999.000 -9999.000 -9999.000 -9999.000 -9999.000 -9999.000 -9999.000 -9999.000 -9999.000 -9999.000 -9999.000 -9999.000 -9999.000 -0.8905827E-01 -0.5757999E-01 -0.4196651E-01 -0.3419978E-01 -0.3834317E-01 -0.4858047E-01 -0.6048609E-01 -0.7275355E-01 -0.8482070E-01 -0.9521922E-01 -0.1048267 -0.1136651 -0.1230657 -0.1388378 -0.1654572 -0.1654572 -9999.000 -9999.000 -9999.000 -9999.000 -9999.000 -9999.000 -9999.000 -9999.000 -9999.000 -9999.000 -9999.000 -9999.000 -9999.000 -9999.000 -9999.000 -9999.000 -9999.000 -9999.000 -9999.000 -9999.000 -9999.000 -9999.000 -9999.000 -9999.000 -9999.000 -9999.000 -9999.000 -9999.000
-9999.000 -9999.000 -9999.000 -9999.000 -9999.000 -9999.000 -9999.000 -9999.000 -9999.000 -9999.000 -9999.000 -9999.000 -9999.000 -9999.000 -9999.000 -0.8794700E-01 -0.5206714E-01 -0.3428720E-01 -0.2548647E-01 -0.3032471E-01 -0.4216636E-01 -0.5590772E-01 -0.7007425E-01 -0.8403099E-01 -0.9603500E-01 -0.1071733 -0.1174289 -0.1283606 -0.1468013 -0.1800607 -0.1800607 -9999.000 -9999.000 -9999.000 -9999.000 -9999.000 -9999.000 -9999.000 -9999.000 -9999.000 -9999.000 -9999.000 -9999.000 -9999.000 -9999.000 -9999.000 -9999.000 -9999.000 -9999.000 -9999.000 -9999.000 -9999.000 -9999.000 -9999.000 -9999.000 -9999.000 -9999.000 -9999.000 -9999.000
-9999.000 -9999.000 -9999.000 -9999.000 -9999.000 -9999.000 -9999.000 -9999.000 -9999.000 -9999.000 -9999.000 -9999.000 -9999.000 -9999.000 -9999.000 -0.8662719E-01 -0.4628560E-01 -0.2632029E-01 -0.1648462E-01 -0.2205338E-01 -0.3555493E-01 -0.5117729E-01 -0.6728539E-01 -0.8317737E-01 -0.9680353E-01 -0.1095077 -0.1212149 -0.1337378 -0.1550428 -0.1962563 -0.1962563 -9999.000 -9999.000 -9999.000 -9999.000 -9999.000 -9999.000 -9999.000 -9999.000 -9999.000 -9999.000 -9999.000 -9999.000 -9999.000 -9999.000 -9999.000 -9999.000 -9999.000 -9999.000 -9999.000 -9999.000 -9999.000 -9999.000 -9999.000 -9999.000 -9999.000 -9999.000 -9999.000 -9999.000
-9999.000 -9999.000 -9999.000 -9999.000 -9999.000 -9999.000 -9999.000 -9999.000 -9999.000 -9999.000 -9999.000 -9999.000 -9999.000 -9999.000 -9999.000 -0.8503830E-01 -0.4019402E-01 -0.1803231E-01 -0.7167111E-02 -0.1350821E-01 -0.2873053E-01 -0.4627859E-01 -0.6436988E-01 -0.8224145E-01 -0.9749953E-01 -0.1118027 -0.1249931 -0.1391701 -0.1635655 -0.2144121 -0.2144121 -9999.000 -9999.000 -9999.000 -9999.000 -9999.000 -9999.000 -9999.000 -9999.000 -9999.000 -9999.000 -9999.000 -9999.000 -9999.000 -9999.000 -9999.000 -9999.000 -9999.000 -9999.000 -9999.000 -9999.000 -9999.000 -9999.000 -9999.000 -9999.000 -9999.000 -9999.000 -9999.000 -9999.000
-9999.000 -9999.000 -9999.000 -9999.000 -9999.000 -9999.000 -9999.000 -9999.000 -9999.000 -9999.000 -9999.000 -9999.000 -9999.000 -9999.000 -9999.000 -0.8310065E-01 -0.3373691E-01 -0.9377610E-02 0.2503028E-02 -0.4662533E-02 -0.2167231E-01 -0.4119124E-01 -0.6130574E-01 -0.8119902E-01 -0.9808943E-01 -0.1140213 -0.1287221 -0.1446183 -0.1723656 -0.2350229 -0.2350229 -9999.000 -9999.000 -9999.000 -9999.000 -9999.000 -9999.000 -9999.000 -9999.000 -9999.000 -9999.000 -9999.000 -9999.000 -9999.000 -9999.000 -9999.000 -9999.000 -9999.000 -9999.000 -9999.000 -9999.000 -9999.000 -9999.000 -9999.000 -9999.000 -9999.000 -9999.000 -9999.000 -9999.000
-9999.000 -9999.000 -9999.000 -9999.000 -9999.000 -9999.000 -9999.000 -9999.000 -9999.000 -9999.000 -9999.000 -9999.000 -9999.000 -9999.000 -9999.000 -0.8066276E-01 -0.2680179E-01 -0.2599201E-03 0.1259150E-01 0.4512288E-02 -0.1436968E-01 -0.3590463E-01 -0.5807888E-01 -0.8003202E-01 -0.9854044E-01 -0.1161241 -0.1323530 -0.1500329 -0.1814335 -0.2587773 -0.2587773 -9999.000 -9999.000 -9999.000 -9999.000 -9999.000 -9999.000 -9999.000 -9999.000 -9999.000 -9999.000 -9999.000 -9999.000 -9999.000 -9999.000 -9999.000 -9999.000 -9999.000 -9999.000 -9999.000 -9999.000 -9999.000 -9999.000 -9999.000 -9999.000 -9999.000 -9999.000 -9999.000 -9999.000
-9999.000 -9999.000 -9999.000 -9999.000 -9999.000 -9999.000 -9999.000 -9999.000 -9999.000 -9999.000 -9999.000 -9999.000 -9999.000 -9999.000 -9999.000 -0.7603609E-01 -0.1802089E-01 0.1030403E-01 0.2332434E-01 0.1370979E-01 -0.7269538E-02 -0.3085357E-01 -0.5508780E-01 -0.7908753E-01 -0.9913517E-01 -0.1183398 -0.1360628 -0.1555562 -0.1909351 -0.2868669 -0.2868669 -9999.000 -9999.000 -9999.000 -9999.000 -9999.000 -9999.000 -9999.000 -9999.000 -9999.000 -9999.000 -9999.000 -9999.000 -9999.000 -9999.000 -9999.000 -9999.000 -9999.000 -9999.000 -9999.000 -9999.000 -9999.000 -9999.000 -9999.000 -9999.000 -9999.000 -9999.000 -9999.000 -9999.000
-9999.000 -9999.000 -9999.000 -9999.000 -9999.000 -9999.000 -9999.000 -9999.000 -9999.000 -9999.000 -9999.000 -9999.000 -9999.000 -9999.000 -9999.000 -0.1001531E-01 0.1677049E-01 0.2663468E-01 0.2414767E-01 0.6611397E-02 -0.1534262E-01 -0.3830859E-01 -0.6202928E-01 -0.8577137E-01 -0.1053604 -0.1246242 -0.1425783 -0.1629301 -0.2017346 -0.3192320 -0.3192320 -9999.000 -9999.000 -9999.000 -9999.000 -9999.000 -9999.000 -9999.000 -9999.000 -9999.000 -9999.000 -9999.000 -9999.000 -9999.000 -9999.000 -9999.000 -9999.000 -9999.000 -9999.000 -9999.000 -9999.000 -9999.000 -9999.000 -9999.000 -9999.000 -9999.000 -9999.000 -9999.000 -9999.000
-0.4089523E-02 -0.4089523E-02 -0.5051934E-02 -0.6695458E-02 -0.6600133E-02 -0.6600133E-02 -0.6566726E-02 -0.6546985E-02 -0.6546985E-02 -0.6525152E-02 -0.6525152E-02 -0.6492903E-02 -0.6474372E-02 -0.6455025E-02 -0.6435515E-02 -0.6435515E-02 0.4126767E-01 0.3859944E-01 0.2517719E-01 0.3027701E-02 -0.2386072E-01 -0.5379559E-01 -0.8583979E-01 -0.1189006 -0.1507878 -0.1812313 -0.2095132 -0.2363522 -0.2679000 -0.3345537 -0.3345537 -0.1904951 -0.1057409 -0.3988597E-01 -0.3085885E-01 -0.3085885E-01 -0.2490844E-01 -0.2490844E-01 -0.1514503E-01 -0.1514503E-01 -0.5314040E-02 0.2192060E-01 0.2192060E-01 0.3392474E-01 0.3392474E-01 -0.1062078E-02 -0.1062078E-02 -0.1062078E-02 -0.1405160E-02 -0.1405160E-02 -0.8187171E-03 -0.8187171E-03 -0.1233719E-02 -0.1233719E-02 -0.2267732E-02 -0.2267732E-02 -0.3401100E-02 -0.3401100E-02 -0.3401100E-02
-0.5796520E-02 -0.5796520E-02 -0.7685665E-02 -0.9582741E-02 -0.9302327E-02 -0.9302327E-02 -0.9211333E-02 -0.9196756E-02 -0.9196756E-02 -0.9196227E-02 -0.9196227E-02 -0.9174954E-02 -0.9159940E-02 -0.9143587E-02 -0.9128230E-02 -0.9128230E-02 0.3437329E-01 0.3337415E-01 0.2023602E-01 -0.2800894E-02 -0.3517047E-01 -0.7491678E-01 -0.1198067 -0.1679053 -0.2178913 -0.2673390 -0.3147133 -0.3582252 -0.3955024 -0.4215037 -0.4215037 -0.2913294 -0.1981185 -0.1079974 -0.9014956E-01 -0.9014956E-01 -0.6954838E-01 -0.6954838E-01 -0.3495663E-01 -0.3495663E-01 -0.5027613E-02 0.7036179E-01 0.7036179E-01 0.1087076 0.1087076 0.3237282E-01 0.3237282E-01 0.3237282E-01 0.1116912E-01 0.1116912E-01 0.1901038E-02 0.1901038E-02 -0.3597430E-02 -0.3597430E-02 -0.7730707E-02 -0.7730707E-02 -0.1084268E-01 -0.1084268E-01 -0.1084268E-01
-0.3710430E-02 -0.3710430E-02 -0.7045061E-02 -0.8261492E-02 -0.7890408E-02 -0.7890408E-02 -0.7753098E-02 -0.7748989E-02 -0.7748989E-02 -0.7785599E-02 -0.7785599E-02 -0.7795202E-02 -0.7794037E-02 -0.7791656E-02 -0.7792828E-02 -0.7792828E-02 0.2331955E-01 0.2293239E-01 0.1043610E-01 -0.1252174E-01 -0.4518763E-01 -0.8614329E-01 -0.1336547 -0.1860943 -0.2422908 -0.3003610 -0.3587034 -0.4154458 -0.4677615 -0.5092556 -0.5092556 -0.4289938 -0.3498633 -0.2394065 -0.2044997 -0.2044997 -0.1464029 -0.1464029 -0.5992049E-01 -0.5992049E-01 0.2581952E-02 0.1380803 0.1380803 0.2100339 0.2100339 0.1070175 0.1070175 0.1070175 0.4472049E-01 0.4472049E-01 0.1113927E-01 0.1113927E-01 -0.6970681E-02 -0.6970681E-02 -0.1760920E-01 -0.1760920E-01 -0.2393845E-01 -0.2393845E-01 -0.2393845E-01
-0.1692477E-02 -0.1692477E-02 -0.6320114E-02 -0.6819933E-02 -0.6387994E-02 -0.6387994E-02 -0.6209943E-02 -0.6188013E-02 -0.6188013E-02 -0.6228650E-02 -0.6228650E-02 -0.6240697E-02 -0.6240574E-02 -0.6239279E-02 -0.6244568E-02 -0.6244568E-02 0.1272928E-01 0.1029092E-01 -0.3237161E-02 -0.2692970E-01 -0.5996433E-01 -0.1012270 -0.1493571 -0.2029933 -0.2610910 -0.3222792 -0.3852395 -0.4484414 -0.5094494 -0.5624416 -0.5624416 -0.5302520 -0.4768069 -0.3729505 -0.3273080 -0.3273080 -0.2250303 -0.2250303 -0.6863037E-01 -0.6863037E-01 0.2739837E-01 0.2004191 0.2004191 0.2840859 0.2840859 0.1792573 0.1792573 0.1792573 0.8533148E-01 0.8533148E-01 0.2515945E-01 0.2515945E-01 -0.9120746E-02 -0.9120746E-02 -0.2839619E-01 -0.2839619E-01 -0.3873070E-01 -0.3873070E-01 -0.3873070E-01
-0.1868820E-03 -0.1868820E-03 -0.5390861E-02 -0.5252316E-02 -0.4835551E-02 -0.4835551E-02 -0.4659486E-02 -0.4631357E-02 -0.4631357E-02 -0.4668619E-02 -0.4668619E-02 -0.4679010E-02 -0.4678594E-02 -0.4677114E-02 -0.4686749E-02 -0.4686749E-02 0.2617283E-02 -0.4080168E-02 -0.2057361E-01 -0.4636046E-01 -0.8070696E-01 -0.1227254 -0.1713692 -0.2255393 -0.2843089 -0.3466183 -0.4113915 -0.4774104 -0.5427651 -0.6027881 -0.6027881 -0.6054654 -0.5782724 -0.4921104 -0.4377345 -0.4377345 -0.2794009 -0.2794009 -0.4823296E-01 -0.4823296E-01 0.6868359E-01 0.2446474 0.2446474 0.3216884 0.3216884 0.2327945 0.2327945 0.2327945 0.1250981 0.1250981 0.4337242E-01 0.4337242E-01 -0.7746700E-02 -0.7746700E-02 -0.3714933E-01 -0.3714933E-01 -0.5242177E-01 -0.5242177E-01 -0.5242177E-01
0.2144820E-03 0.2144820E-03 -0.3809364E-02 -0.3547327E-02 -0.3236265E-02 -0.3236265E-02 -0.3103385E-02 -0.3081552E-02 -0.3081552E-02 -0.3109876E-02 -0.3109876E-02 -0.3116909E-02 -0.3116300E-02 -0.3114806E-02 -0.3130330E-02 -0.3130330E-02 -0.7603900E-02 -0.2037974E-01 -0.4175377E-01 -0.7123908E-01 -0.1081445 -0.1517454 -0.2012683 -0.2559036 -0.3149213 -0.3775261 -0.4428699 -0.5099811 -0.5773714 -0.6414352 -0.6414352 -0.6674240 -0.6621405 -0.5901366 -0.5198340 -0.5198340 -0.2859399 -0.2859399 -0.3460049E-02 -0.3460049E-02 0.1116922 0.2628303 0.2628303 0.3267829 0.3267829 0.2626512 0.2626512 0.2626512 0.1582173 0.1582173 0.6397713E-01 0.6397713E-01 -0.2115906E-02 -0.2115906E-02 -0.4232062E-01 -0.4232062E-01 -0.6340936E-01 -0.6340936E-01 -0.6340936E-01
0.4961350E-04 0.4961350E-04 -0.1835658E-02 -0.1786456E-02 -0.1624378E-02 -0.1624378E-02 -0.1551618E-02 -0.1539265E-02 -0.1539265E-02 -0.1554536E-02 -0.1554536E-02 -0.1558563E-02 -0.1558101E-02 -0.1557293E-02 -0.1581663E-02 -0.1581663E-02 -0.1878971E-01 -0.3932414E-01 -0.6745145E-01 -0.1023411 -0.1432191 -0.1894457 -0.2404656 -0.2957556 -0.3548462 -0.4172338 -0.4823415 -0.5494592 -0.6174539 -0.6835124 -0.6835124 -0.7241607 -0.7344432 -0.6576618 -0.5530539 -0.5530539 -0.2372974 -0.2372974 0.4382240E-01 0.4382240E-01 0.1386536 0.2556553 0.2556553 0.3084350 0.3084350 0.2701482 0.2701482 0.2701482 0.1804376 0.1804376 0.8398266E-01 0.8398266E-01 0.7208273E-02 0.7208273E-02 -0.4321940E-01 -0.4321940E-01 -0.7061327E-01 -0.7061327E-01 -0.7061327E-01
0.1062915E-06 0.1062915E-06 0.1442783E-06 -0.2997655E-07 -0.1308139E-06 -0.1308139E-06 0.1138915E-06 -0.5902280E-07 -0.5902280E-07 -0.9317080E-08 -0.9317080E-08 -0.1164964E-07 0.3570231E-07 0.1559805E-06 -0.3649473E-04 -0.3649473E-04 -0.3209910E-01 -0.6218728E-01 -0.9896085E-01 -0.1409950 -0.1873144 -0.2372989 -0.2905649 -0.3468552 -0.4059892 -0.4677807 -0.5319724 -0.5981621 -0.6655489 -0.7317535 -0.7317535 -0.7798761 -0.7965212 -0.6734746 -0.5132678 -0.5132678 -0.1560837 -0.1560837 0.7266317E-01 0.7266317E-01 0.1421091 0.2301974 0.2301974 0.2758370 0.2758370 0.2595844 0.2595844 0.2595844 0.1895114 0.1895114 0.9987715E-01 0.9987715E-01 0.1850882E-01 0.1850882E-01 -0.3993338E-01 -0.3993338E-01 -0.7332807E-01 -0.7332807E-01 -0.7332807E-01
-0.4937781E-04 -0.4937781E-04 0.1835796E-02 0.1786500E-02 0.1624246E-02 0.1624246E-02 0.1551806E-02 0.1539063E-02 0.1539063E-02 0.1554486E-02 0.1554486E-02 0.1558566E-02 0.1558328E-02 0.1557420E-02 0.1503941E-02 0.1503941E-02 -0.4919403E-01 -0.9098841E-01 -0.1384194 -0.1893347 -0.2425062 -0.2973216 -0.3535592 -0.4112199 -0.4704222 -0.5313078 -0.5939629 -0.6583270 -0.7238646 -0.7878846 -0.7878846 -0.8351218 -0.8408132 -0.6064774 -0.3983976 -0.3983976 -0.8162480E-01 -0.8162480E-01 0.7720145E-01 0.7720145E-01 0.1264601 0.1950192 0.1950192 0.2360706 0.2360706 0.2359654 0.2359654 0.2359654 0.1854016 0.1854016 0.1086647 0.1086647 0.2935904E-01 0.2935904E-01 -0.3326889E-01 -0.3326889E-01 -0.7124194E-01 -0.7124194E-01 -0.7124194E-01
-0.2143617E-03 -0.2143617E-03 0.3809424E-02 0.3547460E-02 0.3236207E-02 0.3236207E-02 0.3103432E-02 0.3081413E-02 0.3081413E-02 0.3109702E-02 0.3109702E-02 0.3116948E-02 0.3116359E-02 0.3114793E-02 0.3037151E-02 0.3037151E-02 -0.7261955E-01 -0.1288842 -0.1891815 -0.2506556 -0.3118991 -0.3723851 -0.4321086 -0.4913563 -0.5505607 -0.6101965 -0.6706957 -0.7323303 -0.7945375 -0.8520539 -0.8520539 -0.8825608 -0.8393849 -0.4513596 -0.2536635 -0.2536635 -0.3781447E-01 -0.3781447E-01 0.6467708E-01 0.6467708E-01 0.1009091 0.1566456 0.1566456 0.1936040 0.1936040 0.2036652 0.2036652 0.2036652 0.1697467 0.1697467 0.1086586 0.1086586 0.3732480E-01 0.3732480E-01 -0.2455397E-01 -0.2455397E-01 -0.6448267E-01 -0.6448267E-01 -0.6448267E-01
0.1868743E-03 0.1868743E-03 0.5391034E-02 0.5252412E-02 0.4835486E-02 0.4835486E-02 0.4659503E-02 0.4631410E-02 0.4631410E-02 0.4668377E-02 0.4668377E-02 0.4679032E-02 0.4678704E-02 0.4677212E-02 0.4565848E-02 0.4565848E-02 -0.1065731 -0.1809374 -0.2565033 -0.3300052 -0.4001334 -0.4666558 -0.5299238 -0.5905892 -0.6494364 -0.7072796 -0.7648880 -0.8227767 -0.8791922 -0.9181752 -0.9181752 -0.8910269 -0.7340481 -0.2672020 -0.1396146 -0.1396146 -0.2190953E-01 -0.2190953E-01 0.4540842E-01 0.4540842E-01 0.7313143E-01 0.1188027 0.1188027 0.1508890 0.1508890 0.1660251 0.1660251 0.1660251 0.1450170 0.1450170 0.9970211E-01 0.9970211E-01 0.4059624E-01 0.4059624E-01 -0.1531947E-01 -0.1531947E-01 -0.5360923E-01 -0.5360923E-01 -0.5360923E-01
0.1692524E-02 0.1692524E-02 0.6320129E-02 0.6820205E-02 0.6388060E-02 0.6388060E-02 0.6209988E-02 0.6188069E-02 0.6188069E-02 0.6228574E-02 0.6228574E-02 0.6240727E-02 0.6240775E-02 0.6239382E-02 0.6079522E-02 0.6079522E-02 -0.1585343 -0.2556531 -0.3488440 -0.4352494 -0.5142558 -0.5863173 -0.6523808 -0.7135934 -0.7711535 -0.8262288 -0.8799089 -0.9325913 -0.9762706 -0.9537008 -0.9537008 -0.7805725 -0.4937453 -0.1320617 -0.7785863E-01 -0.7785863E-01 -0.1938896E-01 -0.1938896E-01 0.2623403E-01 0.2623403E-01 0.4728595E-01 0.8320206E-01 0.8320206E-01 0.1092655 0.1092655 0.1255438 0.1255438 0.1255438 0.1139092 0.1139092 0.8296487E-01 0.8296487E-01 0.3845732E-01 0.3845732E-01 -0.6867700E-02 -0.6867700E-02 -0.3951154E-01 -0.3951154E-01 -0.3951154E-01
