simulation_files/asc/Velocity____149.0.asc
NCOLS        79
NROWS        79
XLLCENTER         -1.500000
YLLCENTER         -4.800000
CELLSIZE           0.100
NODATA_VALUE     -9999.0
[rows 0 to 26 of 79, columns 0 to 59 of 79]
-9999.000 -9999.000 -9999.000 -9999.000 -9999.000 -9999.000 -9999.000 -9999.000 -9999.000 -9999.000 -9999.000 -9999.000 -9999.000 -9999.000 -9999.000 0.1151376 0.1140075 0.1140439 0.1143048 0.1147089 0.1151687 0.1156464 0.1160921 0.1164711 0.1167691 0.1170034 0.1172485 0.1177211 0.1190632 0.1199510 0.1199510 -9999.000 -9999.000 -9999.000 -9999.000 -9999.000 -9999.000 -9999.000 -9999.000 -9999.000 -9999.000 -9999.000 -9999.000 -9999.000 -9999.000 -9999.000 -9999.000 -9999.000 -9999.000 -9999.000 -9999.000 -9999.000 -9999.000 -9999.000 -9999.000 -9999.000 -9999.000 -9999.000 -9999.000 -9999.000
-9999.000 -9999.000 -9999.000 -9999.000 -9999.000 -9999.000 -9999.000 -9999.000 -9999.000 -9999.000 -9999.000 -9999.000 -9999.000 -9999.000 -9999.000 0.1128635 0.1105987 0.1107172 0.1113283 0.1122582 0.1133180 0.1144227 0.1154609 0.1163525 0.1170623 0.1176243 0.1182029 0.1192816 0.1222662 0.1246736 0.1246736 -9999.000 -9999.000 -9999.000 -9999.000 -9999.000 -9999.000 -9999.000 -9999.000 -9999.000 -9999.000 -9999.000 -9999.000 -9999.000 -9999.000 -9999.000 -9999.000 -9999.000 -9999.000 -9999.000 -9999.000 -9999.000 -9999.000 -9999.000 -9999.000 -9999.000 -9999.000 -9999.000 -9999.000 -9999.000
-9999.000 -9999.000 -9999.000 -9999.000 -9999.000 -9999.000 -9999.000 -9999.000 -9999.000 -9999.000 -9999.000 -9999.000 -9999.000 -9999.000 -9999.000 0.1091113 0.1057381 0.1059685 0.1070254 0.1086286 0.1104732 0.1124218 0.1142958 0.1159644 0.1173685 0.1185595 0.1198008 0.1218699 0.1270272 0.1317693 0.1317693 -9999.000 -9999.000 -9999.000 -9999.000 -9999.000 -9999.000 -9999.000 -9999.000 -9999.000 -9999.000 -9999.000 -9999.000 -9999.000 -9999.000 -9999.000 -9999.000 -9999.000 -9999.000 -9999.000 -9999.000 -9999.000 -9999.000 -9999.000 -9999.000 -9999.000 -9999.000 -9999.000 -9999.000 -9999.000
-9999.000 -9999.000 -9999.000 -9999.000 -9999.000 -9999.000 -9999.000 -9999.000 -9999.000 -9999.000 -9999.000 -9999.000 -9999.000 -9999.000 -9999.000 0.1046472 0.1002931 0.1006656 0.1022129 0.1045489 0.1072491 0.1101262 0.1129348 0.1154943 0.1177191 0.1196742 0.1217189 0.1249295 0.1324658 0.1401428 0.1401428 -9999.000 -9999.000 -9999.000 -9999.000 -9999.000 -9999.000 -9999.000 -9999.000 -9999.000 -9999.000 -9999.000 -9999.000 -9999.000 -9999.000 -9999.000 -9999.000 -9999.000 -9999.000 -9999.000 -9999.000 -9999.000 -9999.000 -9999.000 -9999.000 -9999.000 -9999.000 -9999.000 -9999.000 -9999.000
-9999.000 -9999.000 -9999.000 -9999.000 -9999.000 -9999.000 -9999.000 -9999.000 -9999.000 -9999.000 -9999.000 -9999.000 -9999.000 -9999.000 -9999.000 0.9966899E-01 0.9443772E-01 0.9497689E-01 0.9705088E-01 0.1001657 0.1037731 0.1076369 0.1114465 0.1149714 0.1180980 0.1209039 0.1238462 0.1283112 0.1384206 0.1496749 0.1496749 -9999.000 -9999.000 -9999.000 -9999.000 -9999.000 -9999.000 -9999.000 -9999.000 -9999.000 -9999.000 -9999.000 -9999.000 -9999.000 -9999.000 -9999.000 -9999.000 -9999.000 -9999.000 -9999.000 -9999.000 -9999.000 -9999.000 -9999.000 -9999.000 -9999.000 -9999.000 -9999.000 -9999.000 -9999.000
-9999.000 -9999.000 -9999.000 -9999.000 -9999.000 -9999.000 -9999.000 -9999.000 -9999.000 -9999.000 -9999.000 -9999.000 -9999.000 -9999.000 -9999.000 0.9426574E-01 0.8825849E-01 0.8899342E-01 0.9163126E-01 0.9556859E-01 0.1001271 0.1050237 0.1098833 0.1144261 0.1185104 0.1222267 0.1261344 0.1319465 0.1448254 0.1603917 0.1603917 -9999.000 -9999.000 -9999.000 -9999.000 -9999.000 -9999.000 -9999.000 -9999.000 -9999.000 -9999.000 -9999.000 -9999.000 -9999.000 -9999.000 -9999.000 -9999.000 -9999.000 -9999.000 -9999.000 -9999.000 -9999.000 -9999.000 -9999.000 -9999.000 -9999.000 -9999.000 -9999.000 -9999.000 -9999.000
-9999.000 -9999.000 -9999.000 -9999.000 -9999.000 -9999.000 -9999.000 -9999.000 -9999.000 -9999.000 -9999.000 -9999.000 -9999.000 -9999.000 -9999.000 0.8846419E-01 0.8179224E-01 0.8276028E-01 0.8600582E-01 0.9081187E-01 0.9636346E-01 0.1023323 0.1082808 0.1138811 0.1189641 0.1236342 0.1285608 0.1358037 0.1516633 0.1724219 0.1724219 -9999.000 -9999.000 -9999.000 -9999.000 -9999.000 -9999.000 -9999.000 -9999.000 -9999.000 -9999.000 -9999.000 -9999.000 -9999.000 -9999.000 -9999.000 -9999.000 -9999.000 -9999.000 -9999.000 -9999.000 -9999.000 -9999.000 -9999.000 -9999.000 -9999.000 -9999.000 -9999.000 -9999.000 -9999.000
-9999.000 -9999.000 -9999.000 -9999.000 -9999.000 -9999.000 -9999.000 -9999.000 -9999.000 -9999.000 -9999.000 -9999.000 -9999.000 -9999.000 -9999.000 0.8225575E-01 0.7504775E-01 0.7629962E-01 0.8020664E-01 0.8593220E-01 0.9251824E-01 0.9959406E-01 0.1066639 0.1133533 0.1194668 0.1251240 0.1311146 0.1398692 0.1589454 0.1859808 0.1859808 -9999.000 -9999.000 -9999.000 -9999.000 -9999.000 -9999.000 -9999.000 -9999.000 -9999.000 -9999.000 -9999.000 -9999.000 -9999.000 -9999.000 -9999.000 -9999.000 -9999.000 -9999.000 -9999.000 -9999.000 -9999.000 -9999.000 -9999.000 -9999.000 -9999.000 -9999.000 -9999.000 -9999.000 -9999.000
-9999.000 -9999.000 -9999.000 -9999.000 -9999.000 -9999.000 -9999.000 -9999.000 -9999.000 -9999.000 -9999.000 -9999.000 -9999.000 -9999.000 -9999.000 0.7561108E-01 0.6801939E-01 0.6962422E-01 0.7426012E-01 0.8096162E-01 0.8862279E-01 0.9683648E-01 0.1050543 0.1128580 0.1200263 0.1266970 0.1337914 0.1441395 0.1666998 0.2013786 0.2013786 -9999.000 -9999.000 -9999.000 -9999.000 -9999.000 -9999.000 -9999.000 -9999.000 -9999.000 -9999.000 -9999.000 -9999.000 -9999.000 -9999.000 -9999.000 -9999.000 -9999.000 -9999.000 -9999.000 -9999.000 -9999.000 -9999.000 -9999.000 -9999.000 -9999.000 -9999.000 -9999.000 -9999.000 -9999.000
-9999.000 -9999.000 -9999.000 -9999.000 -9999.000 -9999.000 -9999.000 -9999.000 -9999.000 -9999.000 -9999.000 -9999.000 -9999.000 -9999.000 -9999.000 0.6848732E-01 0.6069547E-01 0.6274982E-01 0.6820071E-01 0.7593980E-01 0.8471409E-01 0.9408980E-01 0.1034757 0.1124126 0.1206540 0.1283581 0.1365920 0.1486182 0.1749684 0.2190457 0.2190457 -9999.000 -9999.000 -9999.000 -9999.000 -9999.000 -9999.000 -9999.000 -9999.000 -9999.000 -9999.000 -9999.000 -9999.000 -9999.000 -9999.000 -9999.000 -9999.000 -9999.000 -9999.000 -9999.000 -9999.000 -9999.000 -9999.000 -9999.000 -9999.000 -9999.000 -9999.000 -9999.000 -9999.000 -9999.000
-9999.000 -9999.000 -9999.000 -9999.000 -9999.000 -9999.000 -9999.000 -9999.000 -9999.000 -9999.000 -9999.000 -9999.000 -9999.000 -9999.000 -9999.000 0.6083335E-01 0.5306889E-01 0.5571269E-01 0.6208932E-01 0.7092907E-01 0.8084600E-01 0.9139758E-01 0.1019628 0.1120436 0.1213695 0.1301206 0.1395253 0.1533154 0.1838054 0.2395792 0.2395792 -9999.000 -9999.000 -9999.000 -9999.000 -9999.000 -9999.000 -9999.000 -9999.000 -9999.000 -9999.000 -9999.000 -9999.000 -9999.000 -9999.000 -9999.000 -9999.000 -9999.000 -9999.000 -9999.000 -9999.000 -9999.000 -9999.000 -9999.000 -9999.000 -9999.000 -9999.000 -9999.000 -9999.000 -9999.000
-9999.000 -9999.000 -9999.000 -9999.000 -9999.000 -9999.000 -9999.000 -9999.000 -9999.000 -9999.000 -9999.000 -9999.000 -9999.000 -9999.000 -9999.000 0.5259088E-01 0.4515272E-01 0.4859899E-01 0.5604278E-01 0.6603785E-01 0.7710877E-01 0.8883194E-01 0.1005737 0.1117991 0.1222117 0.1320155 0.1426162 0.1582556 0.1932813 0.2638249 0.2638249 -9999.000 -9999.000 -9999.000 -9999.000 -9999.000 -9999.000 -9999.000 -9999.000 -9999.000 -9999.000 -9999.000 -9999.000 -9999.000 -9999.000 -9999.000 -9999.000 -9999.000 -9999.000 -9999.000 -9999.000 -9999.000 -9999.000 -9999.000 -9999.000 -9999.000 -9999.000 -9999.000 -9999.000 -9999.000
-9999.000 -9999.000 -9999.000 -9999.000 -9999.000 -9999.000 -9999.000 -9999.000 -9999.000 -9999.000 -9999.000 -9999.000 -9999.000 -9999.000 -9999.000 0.4369468E-01 0.3701772E-01 0.4160890E-01 0.5028933E-01 0.6146203E-01 0.7366147E-01 0.8652179E-01 0.9941558E-01 0.1117708 0.1232607 0.1341126 0.1459258 0.1634940 0.2034937 0.2930176 0.2930176 -9999.000 -9999.000 -9999.000 -9999.000 -9999.000 -9999.000 -9999.000 -9999.000 -9999.000 -9999.000 -9999.000 -9999.000 -9999.000 -9999.000 -9999.000 -9999.000 -9999.000 -9999.000 -9999.000 -9999.000 -9999.000 -9999.000 -9999.000 -9999.000 -9999.000 -9999.000 -9999.000 -9999.000 -9999.000
-9999.000 -9999.000 -9999.000 -9999.000 -9999.000 -9999.000 -9999.000 -9999.000 -9999.000 -9999.000 -9999.000 -9999.000 -9999.000 -9999.000 -9999.000 0.3405108E-01 0.2894230E-01 0.3528935E-01 0.4538155E-01 0.5766947E-01 0.7089531E-01 0.8479565E-01 0.9876967E-01 0.1122032 0.1247331 0.1366069 0.1496300 0.1691820 0.2146093 0.3290525 0.3290525 -9999.000 -9999.000 -9999.000 -9999.000 -9999.000 -9999.000 -9999.000 -9999.000 -9999.000 -9999.000 -9999.000 -9999.000 -9999.000 -9999.000 -9999.000 -9999.000 -9999.000 -9999.000 -9999.000 -9999.000 -9999.000 -9999.000 -9999.000 -9999.000 -9999.000 -9999.000 -9999.000 -9999.000 -9999.000
-9999.000 -9999.000 -9999.000 -9999.000 -9999.000 -9999.000 -9999.000 -9999.000 -9999.000 -9999.000 -9999.000 -9999.000 -9999.000 -9999.000 -9999.000 0.2609964E-01 0.3653996E-01 0.4989208E-01 0.6164216E-01 0.7276335E-01 0.8374159E-01 0.9516633E-01 0.1069757 0.1187452 0.1301149 0.1412994 0.1542533 0.1749666 0.2258988 0.3722578 0.3722578 -9999.000 -9999.000 -9999.000 -9999.000 -9999.000 -9999.000 -9999.000 -9999.000 -9999.000 -9999.000 -9999.000 -9999.000 -9999.000 -9999.000 -9999.000 -9999.000 -9999.000 -9999.000 -9999.000 -9999.000 -9999.000 -9999.000 -9999.000 -9999.000 -9999.000 -9999.000 -9999.000 -9999.000 -9999.000
2.489086 2.489086 2.531647 2.572814 2.578677 2.578677 2.582222 2.585380 2.585380 2.585180 2.585180 2.582661 2.580747 2.578483 2.575911 2.575911 2.552795 2.538451 2.514839 2.478047 2.424623 2.353663 2.264804 2.158384 2.035761 1.899628 1.755660 1.616525 1.509899 1.506773 1.506773 2.303076 2.452632 2.520936 2.534726 2.534726 2.544591 2.544591 2.493969 2.493969 2.432728 2.190488 2.190488 1.768813 1.768813 1.662323 1.662323 1.662323 1.687479 1.687479 1.732718 1.732718 1.780974 1.780974 1.825127 1.825127 1.862011 1.862011 1.862011 1.888482
2.505733 2.505733 2.562957 2.619138 2.635420 2.635420 2.649364 2.673202 2.673202 2.693509 2.693509 2.711333 2.719529 2.727330 2.734783 2.734783 2.730907 2.733392 2.737284 2.739290 2.736260 2.725741 2.705315 2.672691 2.625975 2.563927 2.486377 2.393173 2.305989 2.264943 2.264943 2.698109 2.843531 2.974226 3.006736 3.006736 3.036093 3.036093 3.017188 3.017188 2.984337 2.850549 2.850549 2.570722 2.570722 2.440028 2.440028 2.440028 2.464640 2.464640 2.509525 2.509525 2.558633 2.558633 2.605772 2.605772 2.646467 2.646467 2.646467 2.678453
2.509515 2.509515 2.566966 2.619431 2.635889 2.635889 2.650065 2.674408 2.674408 2.695282 2.695282 2.713755 2.722310 2.730493 2.738350 2.738350 2.739564 2.748362 2.761797 2.776175 2.788667 2.797503 2.801259 2.798514 2.787763 2.767504 2.736582 2.694240 2.650184 2.628200 2.628200 2.888952 3.025993 3.177130 3.217934 3.217934 3.250131 3.250131 3.222667 3.222667 3.187657 3.081240 3.081240 2.888517 2.888517 2.742214 2.742214 2.742214 2.753411 2.753411 2.789886 2.789886 2.832625 2.832625 2.873651 2.873651 2.909225 2.909225 2.909225 2.937531
2.512538 2.512538 2.570045 2.619361 2.635787 2.635787 2.650004 2.674414 2.674414 2.695308 2.695308 2.713790 2.722350 2.730541 2.738407 2.738407 2.745027 2.759374 2.779699 2.801545 2.821794 2.838712 2.851338 2.859046 2.861286 2.857460 2.847002 2.829437 2.810365 2.805573 2.805573 2.968750 3.092153 3.247162 3.289665 3.289665 3.312180 3.312180 3.266923 3.266923 3.229822 3.149682 3.149682 3.028569 3.028569 2.885130 2.885130 2.885130 2.880672 2.880672 2.908284 2.908284 2.945889 2.945889 2.983259 2.983259 3.016044 3.016044 3.016044 3.042095
2.514857 2.514857 2.572386 2.619317 2.635680 2.635680 2.649931 2.674407 2.674407 2.695313 2.695313 2.713789 2.722347 2.730535 2.738400 2.738400 2.752344 2.772983 2.800097 2.828716 2.855508 2.878608 2.897070 2.910464 2.918632 2.921545 2.919280 2.912012 2.903622 2.905320 2.905320 3.012159 3.117667 3.261147 3.294846 3.294846 3.288240 3.288240 3.227214 3.227214 3.196869 3.153459 3.153459 3.094169 3.094169 2.974401 2.974401 2.974401 2.954895 2.954895 2.970825 2.970825 3.001570 3.001570 3.034877 3.034877 3.064755 3.064755 3.064755 3.088392
2.516495 2.516495 2.574032 2.619292 2.635591 2.635591 2.649866 2.674400 2.674400 2.695318 2.695318 2.713789 2.722344 2.730532 2.738396 2.738396 2.762217 2.790103 2.824153 2.859191 2.891943 2.920562 2.944088 2.962101 2.974503 2.981421 2.983180 2.980311 2.975738 2.977709 2.977709 3.047209 3.131322 3.242122 3.251767 3.251767 3.202187 3.202187 3.145613 3.145613 3.133254 3.131858 3.131858 3.121138 3.121138 3.039146 3.039146 3.039146 3.010534 3.010534 3.013936 3.013936 3.035707 3.035707 3.063278 3.063278 3.089087 3.089087 3.089087 3.109462
2.517471 2.517471 2.575009 2.619282 2.635533 2.635533 2.649824 2.674395 2.674395 2.695320 2.695320 2.713789 2.722343 2.730529 2.738393 2.738393 2.775500 2.811673 2.852860 2.893996 2.932124 2.965604 2.993575 3.015640 3.031700 3.041872 3.046485 3.046125 3.042950 3.042853 3.042853 3.085069 3.143450 3.188042 3.157003 3.157003 3.075919 3.075919 3.054449 3.054449 3.065556 3.101654 3.101654 3.125709 3.125709 3.085998 3.085998 3.085998 3.057083 3.057083 3.050313 3.050313 3.061944 3.061944 3.081942 3.081942 3.102124 3.102124 3.102124 3.118106
2.517795 2.517795 2.575333 2.619280 2.635514 2.635514 2.649809 2.674394 2.674394 2.695322 2.695322 2.713789 2.722342 2.730528 2.738392 2.738392 2.793383 2.838906 2.887408 2.934290 2.977142 3.014713 3.046364 3.071808 3.090972 3.103947 3.110997 3.112607 3.110247 3.107542 3.107542 3.127515 3.151508 3.080847 3.007232 3.007232 2.940823 2.940823 2.975148 2.975148 3.006490 3.069705 3.069705 3.117230 3.117230 3.116752 3.116752 3.116752 3.095492 3.095492 3.083271 3.083271 3.085290 3.085290 3.096383 3.096383 3.109367 3.109367 3.109367 3.119746
2.517471 2.517471 2.575008 2.619282 2.635533 2.635533 2.649824 2.674396 2.674396 2.695321 2.695321 2.713789 2.722343 2.730529 2.738393 2.738393 2.817530 2.873406 2.929288 2.981448 3.028257 3.069003 3.103395 3.131342 3.152864 3.168062 3.177138 3.180438 3.178745 3.172834 3.172834 3.169128 3.137094 2.906749 2.823415 2.823415 2.826548 2.826548 2.911063 2.911063 2.955680 3.036518 3.036518 3.099948 3.099948 3.132231 3.132231 3.132231 3.123548 3.123548 3.111217 3.111217 3.105794 3.105794 3.107621 3.107621 3.112203 3.112203 3.112203 3.115931
2.516495 2.516495 2.574032 2.619293 2.635591 2.635591 2.649867 2.674400 2.674400 2.695318 2.695318 2.713789 2.722345 2.730532 2.738396 2.738396 2.850312 2.917357 2.980425 3.037158 3.086942 3.129750 3.165740 3.195101 3.218009 3.234623 3.245123 3.249711 3.248224 3.236013 3.236013 3.192288 3.057610 2.688492 2.652776 2.652776 2.742397 2.742397 2.857568 2.857568 2.909686 3.001943 3.001943 3.076460 3.076460 3.134244 3.134244 3.134244 3.139651 3.139651 3.131509 3.131509 3.121686 3.121686 3.114904 3.114904 3.110476 3.110476 3.110476 3.106842
2.514857 2.514857 2.572386 2.619316 2.635680 2.635680 2.649931 2.674407 2.674407 2.695312 2.695312 2.713788 2.722347 2.730535 2.738400 2.738400 2.895206 2.973809 3.043369 3.103528 3.154940 3.198397 3.234587 3.264038 3.287131 3.304128 3.315221 3.320414 3.317368 3.286428 3.286428 3.149891 2.858131 2.490492 2.531238 2.531238 2.677422 2.677422 2.807786 2.807786 2.864083 2.964337 2.964337 3.046738 3.046738 3.123390 3.123390 3.123390 3.141878 3.141878 3.140319 3.140319 3.129056 3.129056 3.115151 3.115151 3.101902 3.101902 3.101902 3.090757
2.512538 2.512538 2.570045 2.619362 2.635786 2.635786 2.650004 2.674415 2.674415 2.695308 2.695308 2.713789 2.722351 2.730541 2.738407 2.738407 2.957555 3.047170 3.121605 3.183264 3.234349 3.276581 3.311222 3.339163 3.361005 3.377130 3.387770 3.392376 3.380989 3.285549 3.285549 2.954064 2.530354 2.366582 2.439889 2.439889 2.613682 2.613682 2.752551 2.752551 2.811498 2.918335 2.918335 3.006606 3.006606 3.096982 3.096982 3.096982 3.126311 3.126311 3.131813 3.131813 3.121127 3.121127 3.101947 3.101947 3.080863 3.080863 3.080863 3.062767
