simulation_files/asc/Velocity__x_253.0.asc
NCOLS        79
NROWS        79
XLLCENTER         -1.500000
YLLCENTER         -4.800000
CELLSIZE           0.100
NODATA_VALUE     -9999.0
[rows 0 to 25 of 79, columns 0 to 57 of 79]
-9999.000 -9999.000 -9999.000 -9999.000 -9999.000 -9999.000 -9999.000 -9999.000 -9999.000 -9999.000 -9999.000 -9999.000 -9999.000 -9999.000 -9999.000 -0.1063382E-02 -0.2694953E-03 0.3217156E-02 0.7739571E-02 0.1213689E-01 0.1567196E-01 0.1813996E-01 0.1952801E-01 0.1992684E-01 0.1947197E-01 0.1826644E-01 0.1637973E-01 0.1372897E-01 0.9674184E-02 0.4744788E-02 0.4744788E-02 -9999.000 -9999.000 -9999.000 -9999.000 -9999.000 -9999.000 -9999.000 -9999.000 -9999.000 -9999.000 -9999.000 -9999.000 -9999.000 -9999.000 -9999.000 -9999.000 -9999.000 -9999.000 -9999.000 -9999.000 -9999.000 -9999.000 -9999.000 -9999.000 -9999.000 -9999.000 -9999.000
-9999.000 -9999.000 -9999.000 -9999.000 -9999.000 -9999.000 -9999.000 -9999.000 -9999.000 -9999.000 -9999.000 -9999.000 -9999.000 -9999.000 -9999.000 0.1829467E-03 0.2194411E-02 0.6753030E-02 0.1221735E-01 0.1746341E-01 0.2173528E-01 0.2476292E-01 0.2647056E-01 0.2690027E-01 0.2615410E-01 0.2432385E-01 0.2148686E-01 0.1760044E-01 0.1215486E-01 0.5942132E-02 0.5942132E-02 -9999.000 -9999.000 -9999.000 -9999.000 -9999.000 -9999.000 -9999.000 -9999.000 -9999.000 -9999.000 -9999.000 -9999.000 -9999.000 -9999.000 -9999.000 -9999.000 -9999.000 -9999.000 -9999.000 -9999.000 -9999.000 -9999.000 -9999.000 -9999.000 -9999.000 -9999.000 -9999.000
-9999.000 -9999.000 -9999.000 -9999.000 -9999.000 -9999.000 -9999.000 -9999.000 -9999.000 -9999.000 -9999.000 -9999.000 -9999.000 -9999.000 -9999.000 0.6653794E-03 0.3239082E-02 0.8444775E-02 0.1451735E-01 0.2029199E-01 0.2498191E-01 0.2829955E-01 0.3015647E-01 0.3058732E-01 0.2969405E-01 0.2757193E-01 0.2430813E-01 0.1987311E-01 0.1375379E-01 0.6762038E-02 0.6762038E-02 -9999.000 -9999.000 -9999.000 -9999.000 -9999.000 -9999.000 -9999.000 -9999.000 -9999.000 -9999.000 -9999.000 -9999.000 -9999.000 -9999.000 -9999.000 -9999.000 -9999.000 -9999.000 -9999.000 -9999.000 -9999.000 -9999.000 -9999.000 -9999.000 -9999.000 -9999.000 -9999.000
-9999.000 -9999.000 -9999.000 -9999.000 -9999.000 -9999.000 -9999.000 -9999.000 -9999.000 -9999.000 -9999.000 -9999.000 -9999.000 -9999.000 -9999.000 0.9198606E-03 0.3816183E-02 0.9422740E-02 0.1588837E-01 0.2201058E-01 0.2697739E-01 0.3049188E-01 0.3246001E-01 0.3291577E-01 0.3196253E-01 0.2969774E-01 0.2621387E-01 0.2148090E-01 0.1495914E-01 0.7409677E-02 0.7409677E-02 -9999.000 -9999.000 -9999.000 -9999.000 -9999.000 -9999.000 -9999.000 -9999.000 -9999.000 -9999.000 -9999.000 -9999.000 -9999.000 -9999.000 -9999.000 -9999.000 -9999.000 -9999.000 -9999.000 -9999.000 -9999.000 -9999.000 -9999.000 -9999.000 -9999.000 -9999.000 -9999.000
-9999.000 -9999.000 -9999.000 -9999.000 -9999.000 -9999.000 -9999.000 -9999.000 -9999.000 -9999.000 -9999.000 -9999.000 -9999.000 -9999.000 -9999.000 0.1095768E-02 0.4227115E-02 0.1013782E-01 0.1690792E-01 0.2330098E-01 0.2848458E-01 0.3215860E-01 0.3422567E-01 0.3472106E-01 0.3375067E-01 0.3141245E-01 0.2780019E-01 0.2287873E-01 0.1606763E-01 0.8028422E-02 0.8028422E-02 -9999.000 -9999.000 -9999.000 -9999.000 -9999.000 -9999.000 -9999.000 -9999.000 -9999.000 -9999.000 -9999.000 -9999.000 -9999.000 -9999.000 -9999.000 -9999.000 -9999.000 -9999.000 -9999.000 -9999.000 -9999.000 -9999.000 -9999.000 -9999.000 -9999.000 -9999.000 -9999.000
-9999.000 -9999.000 -9999.000 -9999.000 -9999.000 -9999.000 -9999.000 -9999.000 -9999.000 -9999.000 -9999.000 -9999.000 -9999.000 -9999.000 -9999.000 0.1255926E-02 0.4601764E-02 0.1078938E-01 0.1783565E-01 0.2447285E-01 0.2985205E-01 0.3367250E-01 0.3583624E-01 0.3638125E-01 0.3541703E-01 0.3304008E-01 0.2934500E-01 0.2428664E-01 0.1723156E-01 0.8695797E-02 0.8695797E-02 -9999.000 -9999.000 -9999.000 -9999.000 -9999.000 -9999.000 -9999.000 -9999.000 -9999.000 -9999.000 -9999.000 -9999.000 -9999.000 -9999.000 -9999.000 -9999.000 -9999.000 -9999.000 -9999.000 -9999.000 -9999.000 -9999.000 -9999.000 -9999.000 -9999.000 -9999.000 -9999.000
-9999.000 -9999.000 -9999.000 -9999.000 -9999.000 -9999.000 -9999.000 -9999.000 -9999.000 -9999.000 -9999.000 -9999.000 -9999.000 -9999.000 -9999.000 0.1429585E-02 0.5000837E-02 0.1147009E-01 0.1879286E-01 0.2567118E-01 0.3124207E-01 0.3520841E-01 0.3747291E-01 0.3807779E-01 0.3713601E-01 0.3474258E-01 0.3099162E-01 0.2582463E-01 0.1854204E-01 0.9461907E-02 0.9461907E-02 -9999.000 -9999.000 -9999.000 -9999.000 -9999.000 -9999.000 -9999.000 -9999.000 -9999.000 -9999.000 -9999.000 -9999.000 -9999.000 -9999.000 -9999.000 -9999.000 -9999.000 -9999.000 -9999.000 -9999.000 -9999.000 -9999.000 -9999.000 -9999.000 -9999.000 -9999.000 -9999.000
-9999.000 -9999.000 -9999.000 -9999.000 -9999.000 -9999.000 -9999.000 -9999.000 -9999.000 -9999.000 -9999.000 -9999.000 -9999.000 -9999.000 -9999.000 0.1632620E-02 0.5456646E-02 0.1222887E-01 0.1984244E-01 0.2697069E-01 0.3273917E-01 0.3685762E-01 0.3923122E-01 0.3990801E-01 0.3900486E-01 0.3661466E-01 0.3282996E-01 0.2757594E-01 0.2007191E-01 0.1037064E-01 0.1037064E-01 -9999.000 -9999.000 -9999.000 -9999.000 -9999.000 -9999.000 -9999.000 -9999.000 -9999.000 -9999.000 -9999.000 -9999.000 -9999.000 -9999.000 -9999.000 -9999.000 -9999.000 -9999.000 -9999.000 -9999.000 -9999.000 -9999.000 -9999.000 -9999.000 -9999.000 -9999.000 -9999.000
-9999.000 -9999.000 -9999.000 -9999.000 -9999.000 -9999.000 -9999.000 -9999.000 -9999.000 -9999.000 -9999.000 -9999.000 -9999.000 -9999.000 -9999.000 0.1875118E-02 0.5990180E-02 0.1309738E-01 0.2102555E-01 0.2842033E-01 0.3439844E-01 0.3868109E-01 0.4117658E-01 0.4194084E-01 0.4109582E-01 0.3873073E-01 0.3493706E-01 0.2961856E-01 0.2189622E-01 0.1147013E-01 0.1147013E-01 -9999.000 -9999.000 -9999.000 -9999.000 -9999.000 -9999.000 -9999.000 -9999.000 -9999.000 -9999.000 -9999.000 -9999.000 -9999.000 -9999.000 -9999.000 -9999.000 -9999.000 -9999.000 -9999.000 -9999.000 -9999.000 -9999.000 -9999.000 -9999.000 -9999.000 -9999.000 -9999.000
-9999.000 -9999.000 -9999.000 -9999.000 -9999.000 -9999.000 -9999.000 -9999.000 -9999.000 -9999.000 -9999.000 -9999.000 -9999.000 -9999.000 -9999.000 0.2166640E-02 0.6620369E-02 0.1410399E-01 0.2237855E-01 0.3006323E-01 0.3626904E-01 0.4073295E-01 0.4336856E-01 0.4424187E-01 0.4348007E-01 0.4116858E-01 0.3739727E-01 0.3204399E-01 0.2411081E-01 0.1282337E-01 0.1282337E-01 -9999.000 -9999.000 -9999.000 -9999.000 -9999.000 -9999.000 -9999.000 -9999.000 -9999.000 -9999.000 -9999.000 -9999.000 -9999.000 -9999.000 -9999.000 -9999.000 -9999.000 -9999.000 -9999.000 -9999.000 -9999.000 -9999.000 -9999.000 -9999.000 -9999.000 -9999.000 -9999.000
-9999.000 -9999.000 -9999.000 -9999.000 -9999.000 -9999.000 -9999.000 -9999.000 -9999.000 -9999.000 -9999.000 -9999.000 -9999.000 -9999.000 -9999.000 0.2516939E-02 0.7367921E-02 0.1527986E-01 0.2394242E-01 0.3194808E-01 0.3840645E-01 0.4307580E-01 0.4587701E-01 0.4688834E-01 0.4624454E-01 0.4402525E-01 0.4031952E-01 0.3497392E-01 0.2684571E-01 0.1451793E-01 0.1451793E-01 -9999.000 -9999.000 -9999.000 -9999.000 -9999.000 -9999.000 -9999.000 -9999.000 -9999.000 -9999.000 -9999.000 -9999.000 -9999.000 -9999.000 -9999.000 -9999.000 -9999.000 -9999.000 -9999.000 -9999.000 -9999.000 -9999.000 -9999.000 -9999.000 -9999.000 -9999.000 -9999.000
-9999.000 -9999.000 -9999.000 -9999.000 -9999.000 -9999.000 -9999.000 -9999.000 -9999.000 -9999.000 -9999.000 -9999.000 -9999.000 -9999.000 -9999.000 0.2939129E-02 0.8259157E-02 0.1666536E-01 0.2576938E-01 0.3413785E-01 0.4088330E-01 0.4579199E-01 0.4879414E-01 0.4998451E-01 0.4950663E-01 0.4743410E-01 0.4385535E-01 0.3857932E-01 0.3028790E-01 0.1668038E-01 0.1668038E-01 -9999.000 -9999.000 -9999.000 -9999.000 -9999.000 -9999.000 -9999.000 -9999.000 -9999.000 -9999.000 -9999.000 -9999.000 -9999.000 -9999.000 -9999.000 -9999.000 -9999.000 -9999.000 -9999.000 -9999.000 -9999.000 -9999.000 -9999.000 -9999.000 -9999.000 -9999.000 -9999.000
-9999.000 -9999.000 -9999.000 -9999.000 -9999.000 -9999.000 -9999.000 -9999.000 -9999.000 -9999.000 -9999.000 -9999.000 -9999.000 -9999.000 -9999.000 0.3468058E-02 0.9368183E-02 0.1837721E-01 0.2800550E-01 0.3678447E-01 0.4385747E-01 0.4904503E-01 0.5229056E-01 0.5371076E-01 0.5346048E-01 0.5160698E-01 0.4824021E-01 0.4312302E-01 0.3472335E-01 0.1950392E-01 0.1950392E-01 -9999.000 -9999.000 -9999.000 -9999.000 -9999.000 -9999.000 -9999.000 -9999.000 -9999.000 -9999.000 -9999.000 -9999.000 -9999.000 -9999.000 -9999.000 -9999.000 -9999.000 -9999.000 -9999.000 -9999.000 -9999.000 -9999.000 -9999.000 -9999.000 -9999.000 -9999.000 -9999.000
-9999.000 -9999.000 -9999.000 -9999.000 -9999.000 -9999.000 -9999.000 -9999.000 -9999.000 -9999.000 -9999.000 -9999.000 -9999.000 -9999.000 -9999.000 0.5146686E-02 0.1290290E-01 0.2380748E-01 0.3418125E-01 0.4298370E-01 0.5005104E-01 0.5517999E-01 0.5835794E-01 0.5974619E-01 0.5951907E-01 0.5773677E-01 0.5448923E-01 0.4947763E-01 0.4089743E-01 0.2344769E-01 0.2344769E-01 -9999.000 -9999.000 -9999.000 -9999.000 -9999.000 -9999.000 -9999.000 -9999.000 -9999.000 -9999.000 -9999.000 -9999.000 -9999.000 -9999.000 -9999.000 -9999.000 -9999.000 -9999.000 -9999.000 -9999.000 -9999.000 -9999.000 -9999.000 -9999.000 -9999.000 -9999.000 -9999.000
-9999.000 -9999.000 -9999.000 -9999.000 -9999.000 -9999.000 -9999.000 -9999.000 -9999.000 -9999.000 -9999.000 -9999.000 -9999.000 -9999.000 -9999.000 0.8924385E-01 0.1362471 0.1585274 0.1507836 0.1316359 0.1175545 0.1050930 0.9412219E-01 0.8459470E-01 0.7614751E-01 0.6840821E-01 0.6104930E-01 0.5332933E-01 0.4291305E-01 0.2091695E-01 0.2091695E-01 -9999.000 -9999.000 -9999.000 -9999.000 -9999.000 -9999.000 -9999.000 -9999.000 -9999.000 -9999.000 -9999.000 -9999.000 -9999.000 -9999.000 -9999.000 -9999.000 -9999.000 -9999.000 -9999.000 -9999.000 -9999.000 -9999.000 -9999.000 -9999.000 -9999.000 -9999.000 -9999.000
2.837725 2.837725 2.841124 2.858421 2.877047 2.877047 2.879901 2.880193 2.880193 2.876737 2.876737 2.870672 2.866928 2.862822 2.858717 2.858717 3.002321 3.006539 3.007776 2.997617 2.961276 2.902235 2.820286 2.712903 2.584749 2.436879 2.272829 2.101640 1.947725 1.880269 1.880269 2.726756 2.905301 3.009260 3.035299 3.035299 3.070535 3.070535 3.056236 3.056236 3.013773 2.836223 2.836223 2.482756 2.482756 2.128107 2.128107 2.128107 2.107484 2.107484 2.137478 2.137478 2.185140 2.185140 2.235357 2.235357 2.280533 2.280533
2.860250 2.860250 2.868139 2.912220 2.938138 2.938138 2.953014 2.976141 2.976141 2.995064 2.995064 3.011189 3.018475 3.025351 3.032159 3.032159 3.138893 3.157733 3.173335 3.185284 3.190396 3.188373 3.177157 3.153188 3.114820 3.059593 2.986024 2.895042 2.793419 2.712081 2.712081 3.167383 3.328099 3.482908 3.525039 3.525039 3.573683 3.573683 3.577048 3.577048 3.556931 3.456430 3.456430 3.255582 3.255582 2.963113 2.963113 2.963113 2.939538 2.939538 2.971654 2.971654 3.022268 3.022268 3.075015 3.075015 3.123212 3.123212
2.865403 2.865403 2.869996 2.913996 2.937854 2.937854 2.953436 2.977409 2.977409 2.996940 2.996940 3.013758 3.021435 3.028729 3.036014 3.036014 3.131365 3.162598 3.189848 3.213210 3.231338 3.244246 3.251549 3.251854 3.244252 3.227129 3.198753 3.158398 3.108947 3.068944 3.068944 3.327078 3.484072 3.665811 3.718965 3.718965 3.774789 3.774789 3.767422 3.767422 3.738997 3.638471 3.638471 3.494090 3.494090 3.255612 3.255612 3.255612 3.216676 3.216676 3.236166 3.236166 3.278101 3.278101 3.324693 3.324693 3.368336 3.368336
2.869174 2.869174 2.872375 2.914915 2.937203 2.937203 2.953104 2.977415 2.977415 2.996953 2.996953 3.013759 3.021441 3.028744 3.036108 3.036108 3.124353 3.165901 3.203943 3.237358 3.264904 3.286303 3.301523 3.310208 3.312297 3.307468 3.295167 3.275171 3.249330 3.229565 3.229565 3.386486 3.525452 3.715559 3.774864 3.774864 3.829021 3.829021 3.799959 3.799959 3.760173 3.664733 3.664733 3.570437 3.570437 3.394663 3.394663 3.394663 3.344645 3.344645 3.349712 3.349712 3.382426 3.382426 3.423762 3.423762 3.464094 3.464094
2.871730 2.871730 2.875121 2.915465 2.936729 2.936729 2.952838 2.977436 2.977436 2.996964 2.996964 3.013744 3.021425 3.028730 3.036211 3.036211 3.121944 3.172258 3.219986 3.262690 3.298911 3.328058 3.349992 3.364604 3.372041 3.372494 3.366128 3.353351 3.335937 3.322261 3.322261 3.418085 3.532334 3.713004 3.769292 3.769292 3.801290 3.801290 3.742208 3.742208 3.698691 3.630351 3.630351 3.587244 3.587244 3.477752 3.477752 3.477752 3.425408 3.425408 3.416060 3.416060 3.437002 3.437002 3.471152 3.471152 3.507024 3.507024
2.873251 2.873251 2.877836 2.915730 2.936399 2.936399 2.952655 2.977507 2.977507 2.997093 2.997093 3.013945 3.021672 3.029025 3.036707 3.036707 3.125490 3.183699 3.239978 3.290926 3.334851 3.370991 3.399094 3.419085 3.431107 3.435440 3.432460 3.422804 3.408106 3.394459 3.394459 3.449194 3.535403 3.686927 3.726073 3.726073 3.710490 3.710490 3.631902 3.631902 3.601345 3.579166 3.579166 3.581533 3.581533 3.532240 3.532240 3.532240 3.487421 3.487421 3.467731 3.467731 3.475743 3.475743 3.500314 3.500314 3.529678 3.529678
2.874329 2.874329 2.880183 2.916060 2.936469 2.936469 2.952850 2.977908 2.977908 2.997506 2.997506 3.014301 3.021988 3.029299 3.037164 3.037164 3.135216 3.201036 3.264880 3.322902 3.373359 3.415469 3.448952 3.473747 3.489967 3.497860 3.497791 3.490364 3.476914 3.461727 3.461727 3.487763 3.544756 3.641732 3.643570 3.643570 3.567839 3.567839 3.506814 3.506814 3.503451 3.530152 3.530152 3.566860 3.566860 3.566652 3.566652 3.566652 3.536746 3.536746 3.513454 3.513454 3.510005 3.510005 3.523477 3.523477 3.544247 3.544247
2.874649 2.874649 2.881178 2.916179 2.936536 2.936536 2.952963 2.978049 2.978049 2.997594 2.997594 3.014340 3.022012 3.029314 3.037489 3.037489 3.152272 3.225945 3.296559 3.360425 3.416020 3.462745 3.500417 3.529052 3.548769 3.559775 3.562366 3.557013 3.544670 3.527994 3.527994 3.533314 3.559512 3.562963 3.507253 3.507253 3.398823 3.398823 3.395688 3.395688 3.421520 3.486462 3.486462 3.546809 3.546809 3.584637 3.584637 3.584637 3.573232 3.573232 3.553235 3.553235 3.542066 3.542066 3.544417 3.544417 3.555005 3.555005
2.874277 2.874277 2.880268 2.916064 2.936481 2.936481 2.952864 2.977922 2.977922 2.997516 2.997516 3.014306 3.021991 3.029300 3.037916 3.037916 3.178283 3.260259 3.336849 3.405174 3.464285 3.513966 3.554294 3.585439 3.607591 3.620947 3.625735 3.622270 3.611076 3.592965 3.592965 3.580936 3.568858 3.423085 3.313206 3.313206 3.243388 3.243388 3.311922 3.311922 3.358489 3.447612 3.447612 3.523649 3.523649 3.590065 3.590065 3.590065 3.597204 3.597204 3.585538 3.585538 3.571486 3.571486 3.564192 3.564192 3.563824 3.563824
2.873225 2.873225 2.877902 2.915725 2.936398 2.936398 2.952655 2.977508 2.977508 2.997094 2.997094 3.013945 3.021672 3.029024 3.038285 3.038285 3.215324 3.306030 3.387625 3.458758 3.519453 3.570119 3.611241 3.643236 3.666426 3.681042 3.687268 3.685263 3.674954 3.653990 3.653990 3.619620 3.544771 3.208115 3.095995 3.095995 3.129452 3.129452 3.248807 3.248807 3.306655 3.409893 3.409893 3.496791 3.496791 3.584534 3.584534 3.584534 3.608128 3.608128 3.607269 3.607269 3.594354 3.594354 3.580069 3.580069 3.569069 3.569069
2.871703 2.871703 2.875191 2.915461 2.936731 2.936731 2.952839 2.977437 2.977437 2.996964 2.996964 3.013744 3.021425 3.028730 3.038779 3.038779 3.266658 3.365918 3.450886 3.522573 3.582411 3.631688 3.671411 3.702312 3.724883 3.739415 3.746066 3.744812 3.734310 3.703893 3.703893 3.621243 3.431799 2.957574 2.918993 2.918993 3.051931 3.051931 3.194888 3.194888 3.258214 3.370015 3.370015 3.464782 3.464782 3.568162 3.568162 3.568162 3.605114 3.605114 3.615196 3.615196 3.606213 3.606213 3.587822 3.587822 3.567440 3.567440
