simulation_files/asc/Velocity____42.0.asc
NCOLS        79
NROWS        79
XLLCENTER         -1.500000
YLLCENTER         -4.800000
CELLSIZE           0.100
NODATA_VALUE     -9999.0
[rows 0 to 26 of 79, columns 0 to 59 of 79]
-9999.000 -9999.000 -9999.000 -9999.000 -9999.000 -9999.000 -9999.000 -9999.000 -9999.000 -9999.000 -9999.000 -9999.000 -9999.000 -9999.000 -9999.000 0.2984394 0.2975980 0.2978889 0.2983880 0.2989835 0.2996535 0.3003873 0.3011753 0.3020079 0.3028781 0.3037851 0.3047408 0.3057752 0.3068303 0.3033339 0.3033339 -9999.000 -9999.000 -9999.000 -9999.000 -9999.000 -9999.000 -9999.000 -9999.000 -9999.000 -9999.000 -9999.000 -9999.000 -9999.000 -9999.000 -9999.000 -9999.000 -9999.000 -9999.000 -9999.000 -9999.000 -9999.000 -9999.000 -9999.000 -9999.000 -9999.000 -9999.000 -9999.000 -9999.000 -9999.000
-9999.000 -9999.000 -9999.000 -9999.000 -9999.000 -9999.000 -9999.000 -9999.000 -9999.000 -9999.000 -9999.000 -9999.000 -9999.000 -9999.000 -9999.000 0.2933788 0.2911361 0.2916431 0.2925460 0.2936049 0.2947720 0.2960271 0.2973565 0.2987514 0.3002134 0.3017607 0.3034395 0.3053288 0.3073039 0.3005626 0.3005626 -9999.000 -9999.000 -9999.000 -9999.000 -9999.000 -9999.000 -9999.000 -9999.000 -9999.000 -9999.000 -9999.000 -9999.000 -9999.000 -9999.000 -9999.000 -9999.000 -9999.000 -9999.000 -9999.000 -9999.000 -9999.000 -9999.000 -9999.000 -9999.000 -9999.000 -9999.000 -9999.000 -9999.000 -9999.000
-9999.000 -9999.000 -9999.000 -9999.000 -9999.000 -9999.000 -9999.000 -9999.000 -9999.000 -9999.000 -9999.000 -9999.000 -9999.000 -9999.000 -9999.000 0.2864158 0.2823968 0.2832364 0.2847883 0.2866303 0.2886668 0.2908560 0.2931713 0.2955981 0.2981404 0.3008277 0.3037240 0.3069229 0.3101327 0.2997185 0.2997185 -9999.000 -9999.000 -9999.000 -9999.000 -9999.000 -9999.000 -9999.000 -9999.000 -9999.000 -9999.000 -9999.000 -9999.000 -9999.000 -9999.000 -9999.000 -9999.000 -9999.000 -9999.000 -9999.000 -9999.000 -9999.000 -9999.000 -9999.000 -9999.000 -9999.000 -9999.000 -9999.000 -9999.000 -9999.000
-9999.000 -9999.000 -9999.000 -9999.000 -9999.000 -9999.000 -9999.000 -9999.000 -9999.000 -9999.000 -9999.000 -9999.000 -9999.000 -9999.000 -9999.000 0.2782816 0.2723041 0.2735875 0.2759738 0.2788314 0.2820064 0.2854258 0.2890427 0.2928294 0.2967855 0.3009460 0.3053882 0.3102182 0.3149609 0.3010909 0.3010909 -9999.000 -9999.000 -9999.000 -9999.000 -9999.000 -9999.000 -9999.000 -9999.000 -9999.000 -9999.000 -9999.000 -9999.000 -9999.000 -9999.000 -9999.000 -9999.000 -9999.000 -9999.000 -9999.000 -9999.000 -9999.000 -9999.000 -9999.000 -9999.000 -9999.000 -9999.000 -9999.000 -9999.000 -9999.000
-9999.000 -9999.000 -9999.000 -9999.000 -9999.000 -9999.000 -9999.000 -9999.000 -9999.000 -9999.000 -9999.000 -9999.000 -9999.000 -9999.000 -9999.000 0.2689701 0.2609369 0.2627777 0.2661776 0.2702703 0.2748329 0.2797557 0.2849647 0.2904158 0.2961017 0.3020621 0.3083895 0.3152066 0.3218392 0.3048295 0.3048295 -9999.000 -9999.000 -9999.000 -9999.000 -9999.000 -9999.000 -9999.000 -9999.000 -9999.000 -9999.000 -9999.000 -9999.000 -9999.000 -9999.000 -9999.000 -9999.000 -9999.000 -9999.000 -9999.000 -9999.000 -9999.000 -9999.000 -9999.000 -9999.000 -9999.000 -9999.000 -9999.000 -9999.000 -9999.000
-9999.000 -9999.000 -9999.000 -9999.000 -9999.000 -9999.000 -9999.000 -9999.000 -9999.000 -9999.000 -9999.000 -9999.000 -9999.000 -9999.000 -9999.000 0.2584035 0.2483367 0.2508595 0.2554513 0.2609912 0.2671802 0.2738655 0.2809435 0.2883520 0.2960789 0.3041727 0.3127482 0.3219550 0.3309101 0.3111920 0.3111920 -9999.000 -9999.000 -9999.000 -9999.000 -9999.000 -9999.000 -9999.000 -9999.000 -9999.000 -9999.000 -9999.000 -9999.000 -9999.000 -9999.000 -9999.000 -9999.000 -9999.000 -9999.000 -9999.000 -9999.000 -9999.000 -9999.000 -9999.000 -9999.000 -9999.000 -9999.000 -9999.000 -9999.000 -9999.000
-9999.000 -9999.000 -9999.000 -9999.000 -9999.000 -9999.000 -9999.000 -9999.000 -9999.000 -9999.000 -9999.000 -9999.000 -9999.000 -9999.000 -9999.000 0.2464321 0.2345155 0.2378685 0.2438367 0.2510361 0.2590856 0.2677853 0.2770016 0.2866563 0.2967383 0.3073145 0.3185361 0.3305969 0.3424110 0.3205605 0.3205605 -9999.000 -9999.000 -9999.000 -9999.000 -9999.000 -9999.000 -9999.000 -9999.000 -9999.000 -9999.000 -9999.000 -9999.000 -9999.000 -9999.000 -9999.000 -9999.000 -9999.000 -9999.000 -9999.000 -9999.000 -9999.000 -9999.000 -9999.000 -9999.000 -9999.000 -9999.000 -9999.000 -9999.000 -9999.000
-9999.000 -9999.000 -9999.000 -9999.000 -9999.000 -9999.000 -9999.000 -9999.000 -9999.000 -9999.000 -9999.000 -9999.000 -9999.000 -9999.000 -9999.000 0.2328364 0.2194634 0.2238339 0.2313787 0.2404567 0.2506013 0.2615643 0.2731836 0.2853717 0.2981296 0.3115597 0.3258722 0.3413355 0.3566863 0.3334779 0.3334779 -9999.000 -9999.000 -9999.000 -9999.000 -9999.000 -9999.000 -9999.000 -9999.000 -9999.000 -9999.000 -9999.000 -9999.000 -9999.000 -9999.000 -9999.000 -9999.000 -9999.000 -9999.000 -9999.000 -9999.000 -9999.000 -9999.000 -9999.000 -9999.000 -9999.000 -9999.000 -9999.000 -9999.000 -9999.000
-9999.000 -9999.000 -9999.000 -9999.000 -9999.000 -9999.000 -9999.000 -9999.000 -9999.000 -9999.000 -9999.000 -9999.000 -9999.000 -9999.000 -9999.000 0.2173316 0.2031547 0.2087916 0.2181416 0.2293318 0.2418108 0.2552837 0.2695659 0.2845731 0.3003361 0.3170182 0.3349250 0.3544502 0.3742141 0.3507127 0.3507127 -9999.000 -9999.000 -9999.000 -9999.000 -9999.000 -9999.000 -9999.000 -9999.000 -9999.000 -9999.000 -9999.000 -9999.000 -9999.000 -9999.000 -9999.000 -9999.000 -9999.000 -9999.000 -9999.000 -9999.000 -9999.000 -9999.000 -9999.000 -9999.000 -9999.000 -9999.000 -9999.000 -9999.000 -9999.000
-9999.000 -9999.000 -9999.000 -9999.000 -9999.000 -9999.000 -9999.000 -9999.000 -9999.000 -9999.000 -9999.000 -9999.000 -9999.000 -9999.000 -9999.000 0.1995756 0.1855564 0.1927992 0.2042300 0.2177905 0.2328508 0.2490768 0.2662742 0.2843801 0.3034827 0.3238443 0.3459206 0.3703140 0.3956504 0.3733816 0.3733816 -9999.000 -9999.000 -9999.000 -9999.000 -9999.000 -9999.000 -9999.000 -9999.000 -9999.000 -9999.000 -9999.000 -9999.000 -9999.000 -9999.000 -9999.000 -9999.000 -9999.000 -9999.000 -9999.000 -9999.000 -9999.000 -9999.000 -9999.000 -9999.000 -9999.000 -9999.000 -9999.000 -9999.000 -9999.000
-9999.000 -9999.000 -9999.000 -9999.000 -9999.000 -9999.000 -9999.000 -9999.000 -9999.000 -9999.000 -9999.000 -9999.000 -9999.000 -9999.000 -9999.000 0.1791860 0.1666442 0.1759635 0.1898219 0.2060461 0.2239448 0.2431603 0.2635106 0.2849828 0.3077594 0.3322552 0.3591605 0.3894224 0.4219055 0.4031799 0.4031799 -9999.000 -9999.000 -9999.000 -9999.000 -9999.000 -9999.000 -9999.000 -9999.000 -9999.000 -9999.000 -9999.000 -9999.000 -9999.000 -9999.000 -9999.000 -9999.000 -9999.000 -9999.000 -9999.000 -9999.000 -9999.000 -9999.000 -9999.000 -9999.000 -9999.000 -9999.000 -9999.000 -9999.000 -9999.000
-9999.000 -9999.000 -9999.000 -9999.000 -9999.000 -9999.000 -9999.000 -9999.000 -9999.000 -9999.000 -9999.000 -9999.000 -9999.000 -9999.000 -9999.000 0.1557724 0.1464363 0.1584906 0.1752250 0.1944530 0.2154559 0.2378845 0.2616034 0.2866878 0.3134632 0.3425702 0.3750570 0.4124413 0.4542707 0.4428482 0.4428482 -9999.000 -9999.000 -9999.000 -9999.000 -9999.000 -9999.000 -9999.000 -9999.000 -9999.000 -9999.000 -9999.000 -9999.000 -9999.000 -9999.000 -9999.000 -9999.000 -9999.000 -9999.000 -9999.000 -9999.000 -9999.000 -9999.000 -9999.000 -9999.000 -9999.000 -9999.000 -9999.000 -9999.000 -9999.000
-9999.000 -9999.000 -9999.000 -9999.000 -9999.000 -9999.000 -9999.000 -9999.000 -9999.000 -9999.000 -9999.000 -9999.000 -9999.000 -9999.000 -9999.000 0.1289956 0.1250776 0.1407914 0.1609820 0.1836010 0.2079743 0.2338188 0.2610935 0.2900085 0.3210903 0.3552972 0.3942114 0.4402916 0.4946317 0.4972203 0.4972203 -9999.000 -9999.000 -9999.000 -9999.000 -9999.000 -9999.000 -9999.000 -9999.000 -9999.000 -9999.000 -9999.000 -9999.000 -9999.000 -9999.000 -9999.000 -9999.000 -9999.000 -9999.000 -9999.000 -9999.000 -9999.000 -9999.000 -9999.000 -9999.000 -9999.000 -9999.000 -9999.000 -9999.000 -9999.000
-9999.000 -9999.000 -9999.000 -9999.000 -9999.000 -9999.000 -9999.000 -9999.000 -9999.000 -9999.000 -9999.000 -9999.000 -9999.000 -9999.000 -9999.000 0.9866734E-01 0.1031117 0.1238136 0.1481920 0.1746107 0.2025883 0.2320035 0.2629766 0.2959062 0.3315801 0.3713765 0.4176386 0.4743493 0.5458525 0.5760055 0.5760055 -9999.000 -9999.000 -9999.000 -9999.000 -9999.000 -9999.000 -9999.000 -9999.000 -9999.000 -9999.000 -9999.000 -9999.000 -9999.000 -9999.000 -9999.000 -9999.000 -9999.000 -9999.000 -9999.000 -9999.000 -9999.000 -9999.000 -9999.000 -9999.000 -9999.000 -9999.000 -9999.000 -9999.000 -9999.000
-9999.000 -9999.000 -9999.000 -9999.000 -9999.000 -9999.000 -9999.000 -9999.000 -9999.000 -9999.000 -9999.000 -9999.000 -9999.000 -9999.000 -9999.000 0.6591868E-01 0.8923456E-01 0.1190228 0.1486184 0.1783187 0.2086459 0.2401328 0.2733709 0.3091367 0.3485948 0.3936453 0.4476159 0.5168089 0.6120955 0.7017683 0.7017683 -9999.000 -9999.000 -9999.000 -9999.000 -9999.000 -9999.000 -9999.000 -9999.000 -9999.000 -9999.000 -9999.000 -9999.000 -9999.000 -9999.000 -9999.000 -9999.000 -9999.000 -9999.000 -9999.000 -9999.000 -9999.000 -9999.000 -9999.000 -9999.000 -9999.000 -9999.000 -9999.000 -9999.000 -9999.000
1.366428 1.366428 1.310474 1.263560 1.241724 1.241724 1.220277 1.176887 1.176887 1.129571 1.129571 1.071713 1.034623 0.9875213 0.9241835 0.9241835 0.7798734 0.7185847 0.6567271 0.5981573 0.5465863 0.5054272 0.4775505 0.4651939 0.4701543 0.4944164 0.5414830 0.6191375 0.7447715 0.9715902 0.9715902 1.456614 1.646159 1.755095 1.739324 1.739324 1.604930 1.604930 1.387600 1.387600 1.172926 0.7502450 0.7502450 0.7391527 0.7391527 0.7724956 0.7724956 0.7724956 0.8249720 0.8249720 0.8665336 0.8665336 0.9012762 0.9012762 0.9467148 0.9467148 0.9754421 0.9754421 0.9754421 0.9982833
1.381611 1.381611 1.327570 1.292304 1.276219 1.276219 1.260354 1.227419 1.227419 1.189257 1.189257 1.139623 1.108137 1.071624 1.031472 1.031472 0.9711643 0.9404714 0.9034594 0.8611069 0.8153325 0.7690103 0.7259082 0.6905609 0.6681069 0.6641819 0.6850976 0.7388211 0.8369914 0.9995622 0.9995622 1.359997 1.498785 1.593867 1.607572 1.607572 1.594686 1.594686 1.527574 1.527574 1.440938 1.041083 1.041083 1.021118 1.021118 1.056268 1.056268 1.056268 1.110667 1.110667 1.153399 1.153399 1.174274 1.174274 1.228635 1.228635 1.261655 1.261655 1.261655 1.289173
1.386289 1.386289 1.328145 1.293030 1.277269 1.277269 1.261864 1.230462 1.230462 1.195496 1.195496 1.153169 1.128326 1.101359 1.073843 1.073843 1.042125 1.029081 1.012226 0.9908476 0.9650322 0.9357438 0.9049416 0.8756923 0.8522623 0.8401817 0.8463521 0.8794406 0.9509148 1.078743 1.078743 1.382827 1.509532 1.604263 1.625069 1.625069 1.631236 1.631236 1.596268 1.596268 1.554185 1.288882 1.288882 1.191395 1.191395 1.206193 1.206193 1.206193 1.262401 1.262401 1.300740 1.300740 1.329463 1.329463 1.369152 1.369152 1.397783 1.397783 1.397783 1.420833
1.390319 1.390319 1.328542 1.293554 1.278036 1.278036 1.263003 1.232942 1.232942 1.200849 1.200849 1.164548 1.144591 1.123971 1.103922 1.103922 1.086440 1.081916 1.075873 1.067428 1.056130 1.042039 1.025895 1.009318 0.9950098 0.9869632 0.9906955 1.013677 1.066288 1.166147 1.166147 1.415001 1.531853 1.621898 1.640037 1.640037 1.643531 1.643531 1.624817 1.624817 1.608975 1.470320 1.470320 1.337961 1.337961 1.335081 1.335081 1.335081 1.378171 1.378171 1.412004 1.412004 1.438088 1.438088 1.469603 1.469603 1.494657 1.494657 1.494657 1.514370
1.393718 1.393718 1.328910 1.294209 1.279001 1.279001 1.264418 1.235922 1.235922 1.206945 1.206945 1.176520 1.160913 1.145566 1.131300 1.131300 1.124092 1.124387 1.124104 1.122790 1.120175 1.116176 1.111034 1.105507 1.101112 1.100372 1.107122 1.126998 1.168463 1.247867 1.247867 1.447988 1.551299 1.626733 1.636871 1.636871 1.632921 1.632921 1.629308 1.629308 1.630649 1.582842 1.582842 1.473799 1.473799 1.436412 1.436412 1.436412 1.466435 1.466435 1.495778 1.495778 1.519574 1.519574 1.545370 1.545370 1.567104 1.567104 1.567104 1.584148
1.396441 1.396441 1.329259 1.294964 1.280114 1.280114 1.266039 1.239247 1.239247 1.213510 1.213510 1.188866 1.177383 1.166957 1.158062 1.158062 1.160801 1.164735 1.167944 1.170517 1.172621 1.174424 1.176137 1.178165 1.181305 1.186985 1.197584 1.216985 1.251658 1.316391 1.316391 1.475636 1.561902 1.612305 1.612605 1.612605 1.607770 1.607770 1.623849 1.623849 1.637799 1.643215 1.643215 1.583896 1.583896 1.525104 1.525104 1.525104 1.539880 1.539880 1.562682 1.562682 1.583478 1.583478 1.604779 1.604779 1.623374 1.623374 1.623374 1.637807
1.398442 1.398442 1.329585 1.295778 1.281317 1.281317 1.267780 1.242744 1.242744 1.220235 1.220235 1.201197 1.193710 1.188144 1.184797 1.184797 1.198757 1.206175 1.211966 1.216764 1.221226 1.225898 1.231198 1.237490 1.245202 1.254996 1.268037 1.286669 1.315579 1.367934 1.367934 1.491298 1.556625 1.574708 1.569294 1.569294 1.577342 1.577342 1.615562 1.615562 1.638840 1.672971 1.672971 1.659632 1.659632 1.604045 1.604045 1.604045 1.604771 1.604771 1.619030 1.619030 1.635427 1.635427 1.652583 1.652583 1.667745 1.667745 1.667745 1.679303
1.399676 1.399676 1.329885 1.296613 1.282551 1.282551 1.269556 1.246251 1.246251 1.226847 1.226847 1.213150 1.209541 1.208902 1.211644 1.211644 1.239312 1.250450 1.258480 1.264623 1.270047 1.275709 1.282311 1.290323 1.300008 1.311415 1.324504 1.340158 1.361506 1.399874 1.399874 1.487521 1.527204 1.515925 1.515011 1.515011 1.548367 1.548367 1.606624 1.606624 1.636536 1.686449 1.686449 1.704264 1.704264 1.670193 1.670193 1.670193 1.662727 1.662727 1.668336 1.668336 1.679031 1.679031 1.691517 1.691517 1.702738 1.702738 1.702738 1.711152
1.400098 1.400098 1.330146 1.297430 1.283761 1.283761 1.271290 1.249626 1.249626 1.233111 1.233111 1.224388 1.224498 1.228849 1.238444 1.238444 1.283773 1.298994 1.309093 1.316001 1.321453 1.326839 1.333172 1.341080 1.350733 1.361491 1.371611 1.380259 1.389294 1.408300 1.408300 1.456270 1.467533 1.445422 1.460239 1.460239 1.523178 1.523178 1.596894 1.596894 1.631490 1.690763 1.690763 1.727096 1.727096 1.720221 1.720221 1.720221 1.712254 1.712254 1.711600 1.711600 1.716237 1.716237 1.723345 1.723345 1.730130 1.730130 1.730130 1.735030
1.399667 1.399667 1.330356 1.298194 1.284897 1.284897 1.272912 1.252745 1.252745 1.238836 1.238836 1.234615 1.238193 1.247471 1.264661 1.264661 1.333699 1.353344 1.365334 1.372469 1.377148 1.381253 1.386134 1.392610 1.400771 1.408897 1.411961 1.406800 1.395147 1.387854 1.387854 1.394873 1.380424 1.371822 1.409411 1.409411 1.499960 1.499960 1.585217 1.585217 1.623423 1.689071 1.689071 1.736339 1.736339 1.753863 1.753863 1.753863 1.751381 1.751381 1.748301 1.748301 1.747811 1.747811 1.749361 1.749361 1.751223 1.751223 1.751223 1.752212
1.398351 1.398351 1.330497 1.298874 1.285914 1.285914 1.274361 1.255508 1.255508 1.243864 1.243864 1.243585 1.250276 1.264174 1.289196 1.289196 1.391083 1.415313 1.428927 1.435680 1.438730 1.440549 1.442901 1.446854 1.452475 1.456092 1.445307 1.414774 1.370739 1.329425 1.329425 1.298346 1.281171 1.318165 1.360769 1.360769 1.479281 1.479281 1.573354 1.573354 1.614359 1.684430 1.684430 1.738207 1.738207 1.774153 1.774153 1.774153 1.779768 1.779768 1.777816 1.777816 1.774040 1.774040 1.770478 1.770478 1.767209 1.767209 1.767209 1.764017
1.396126 1.396126 1.330552 1.299445 1.286775 1.286775 1.275589 1.257833 1.257833 1.248076 1.248076 1.251116 1.260484 1.278430 1.310190 1.310190 1.459762 1.487239 1.501481 1.507126 1.507768 1.506342 1.505064 1.505389 1.507653 1.504536 1.466493 1.393597 1.308175 1.233657 1.233657 1.181626 1.183005 1.268434 1.327041 1.327041 1.459024 1.459024 1.561015 1.561015 1.604204 1.677322 1.677322 1.735097 1.735097 1.783752 1.783752 1.783752 1.797318 1.797318 1.798631 1.798631 1.793549 1.793549 1.785920 1.785920 1.777826 1.777826 1.777826 1.770539
