simulation_files/asc/Velocity__x_94.0.asc
NCOLS        79
NROWS        79
XLLCENTER         -1.500000
YLLCENTER         -4.800000
CELLSIZE           0.100
NODATA_VALUE     -9999.0
[rows 0 to 25 of 79, columns 0 to 57 of 79]
-9999.000 -9999.000 -9999.000 -9999.000 -9999.000 -9999.000 -9999.000 -9999.000 -9999.000 -9999.000 -9999.000 -9999.000 -9999.000 -9999.000 -9999.000 0.2396669E-03 0.1340510E-02 0.3232801E-02 0.4963136E-02 0.6491192E-02 0.7837748E-02 0.9025592E-02 0.1006094E-01 0.1091463E-01 0.1150015E-01 0.1164308E-01 0.1103646E-01 0.9172707E-02 0.5323205E-02 0.1829425E-02 0.1829425E-02 -9999.000 -9999.000 -9999.000 -9999.000 -9999.000 -9999.000 -9999.000 -9999.000 -9999.000 -9999.000 -9999.000 -9999.000 -9999.000 -9999.000 -9999.000 -9999.000 -9999.000 -9999.000 -9999.000 -9999.000 -9999.000 -9999.000 -9999.000 -9999.000 -9999.000 -9999.000 -9999.000
-9999.000 -9999.000 -9999.000 -9999.000 -9999.000 -9999.000 -9999.000 -9999.000 -9999.000 -9999.000 -9999.000 -9999.000 -9999.000 -9999.000 -9999.000 0.1059943E-02 0.3157687E-02 0.6202628E-02 0.9072062E-02 0.1166650E-01 0.1395639E-01 0.1591938E-01 0.1751526E-01 0.1866271E-01 0.1921591E-01 0.1893895E-01 0.1747664E-01 0.1432068E-01 0.8844388E-02 0.3590697E-02 0.3590697E-02 -9999.000 -9999.000 -9999.000 -9999.000 -9999.000 -9999.000 -9999.000 -9999.000 -9999.000 -9999.000 -9999.000 -9999.000 -9999.000 -9999.000 -9999.000 -9999.000 -9999.000 -9999.000 -9999.000 -9999.000 -9999.000 -9999.000 -9999.000 -9999.000 -9999.000 -9999.000 -9999.000
-9999.000 -9999.000 -9999.000 -9999.000 -9999.000 -9999.000 -9999.000 -9999.000 -9999.000 -9999.000 -9999.000 -9999.000 -9999.000 -9999.000 -9999.000 0.1755007E-02 0.4707013E-02 0.8749321E-02 0.1255505E-01 0.1599398E-01 0.1900874E-01 0.2154932E-01 0.2354694E-01 0.2489031E-01 0.2540174E-01 0.2481204E-01 0.2273166E-01 0.1861462E-01 0.1179123E-01 0.5039480E-02 0.5039480E-02 -9999.000 -9999.000 -9999.000 -9999.000 -9999.000 -9999.000 -9999.000 -9999.000 -9999.000 -9999.000 -9999.000 -9999.000 -9999.000 -9999.000 -9999.000 -9999.000 -9999.000 -9999.000 -9999.000 -9999.000 -9999.000 -9999.000 -9999.000 -9999.000 -9999.000 -9999.000 -9999.000
-9999.000 -9999.000 -9999.000 -9999.000 -9999.000 -9999.000 -9999.000 -9999.000 -9999.000 -9999.000 -9999.000 -9999.000 -9999.000 -9999.000 -9999.000 0.2371396E-02 0.6070375E-02 0.1097339E-01 0.1558024E-01 0.1973707E-01 0.2336698E-01 0.2640161E-01 0.2875329E-01 0.3028971E-01 0.3080822E-01 0.3000822E-01 0.2745881E-01 0.2255646E-01 0.1455068E-01 0.6408231E-02 0.6408231E-02 -9999.000 -9999.000 -9999.000 -9999.000 -9999.000 -9999.000 -9999.000 -9999.000 -9999.000 -9999.000 -9999.000 -9999.000 -9999.000 -9999.000 -9999.000 -9999.000 -9999.000 -9999.000 -9999.000 -9999.000 -9999.000 -9999.000 -9999.000 -9999.000 -9999.000 -9999.000 -9999.000
-9999.000 -9999.000 -9999.000 -9999.000 -9999.000 -9999.000 -9999.000 -9999.000 -9999.000 -9999.000 -9999.000 -9999.000 -9999.000 -9999.000 -9999.000 0.2945757E-02 0.7325437E-02 0.1299925E-01 0.1832441E-01 0.2312996E-01 0.2732479E-01 0.3082744E-01 0.3353559E-01 0.3529880E-01 0.3588949E-01 0.3497111E-01 0.3206047E-01 0.2647690E-01 0.1735555E-01 0.7816597E-02 0.7816597E-02 -9999.000 -9999.000 -9999.000 -9999.000 -9999.000 -9999.000 -9999.000 -9999.000 -9999.000 -9999.000 -9999.000 -9999.000 -9999.000 -9999.000 -9999.000 -9999.000 -9999.000 -9999.000 -9999.000 -9999.000 -9999.000 -9999.000 -9999.000 -9999.000 -9999.000 -9999.000 -9999.000
-9999.000 -9999.000 -9999.000 -9999.000 -9999.000 -9999.000 -9999.000 -9999.000 -9999.000 -9999.000 -9999.000 -9999.000 -9999.000 -9999.000 -9999.000 0.3512632E-02 0.8545839E-02 0.1494247E-01 0.2094440E-01 0.2636991E-01 0.3111789E-01 0.3509654E-01 0.3819146E-01 0.4023414E-01 0.4096917E-01 0.4001713E-01 0.3682956E-01 0.3062605E-01 0.2038802E-01 0.9358522E-02 0.9358522E-02 -9999.000 -9999.000 -9999.000 -9999.000 -9999.000 -9999.000 -9999.000 -9999.000 -9999.000 -9999.000 -9999.000 -9999.000 -9999.000 -9999.000 -9999.000 -9999.000 -9999.000 -9999.000 -9999.000 -9999.000 -9999.000 -9999.000 -9999.000 -9999.000 -9999.000 -9999.000 -9999.000
-9999.000 -9999.000 -9999.000 -9999.000 -9999.000 -9999.000 -9999.000 -9999.000 -9999.000 -9999.000 -9999.000 -9999.000 -9999.000 -9999.000 -9999.000 0.4103574E-02 0.9796912E-02 0.1690458E-01 0.2357562E-01 0.2962426E-01 0.3494247E-01 0.3943087E-01 0.4296389E-01 0.4535427E-01 0.4631466E-01 0.4541425E-01 0.4202348E-01 0.3523544E-01 0.2382807E-01 0.1113065E-01 0.1113065E-01 -9999.000 -9999.000 -9999.000 -9999.000 -9999.000 -9999.000 -9999.000 -9999.000 -9999.000 -9999.000 -9999.000 -9999.000 -9999.000 -9999.000 -9999.000 -9999.000 -9999.000 -9999.000 -9999.000 -9999.000 -9999.000 -9999.000 -9999.000 -9999.000 -9999.000 -9999.000 -9999.000
-9999.000 -9999.000 -9999.000 -9999.000 -9999.000 -9999.000 -9999.000 -9999.000 -9999.000 -9999.000 -9999.000 -9999.000 -9999.000 -9999.000 -9999.000 0.4746526E-02 0.1113662E-01 0.1897454E-01 0.2633644E-01 0.3303896E-01 0.3897041E-01 0.4402627E-01 0.4807043E-01 0.5089556E-01 0.5217806E-01 0.5142537E-01 0.4790773E-01 0.4055806E-01 0.2788651E-01 0.1325098E-01 0.1325098E-01 -9999.000 -9999.000 -9999.000 -9999.000 -9999.000 -9999.000 -9999.000 -9999.000 -9999.000 -9999.000 -9999.000 -9999.000 -9999.000 -9999.000 -9999.000 -9999.000 -9999.000 -9999.000 -9999.000 -9999.000 -9999.000 -9999.000 -9999.000 -9999.000 -9999.000 -9999.000 -9999.000
-9999.000 -9999.000 -9999.000 -9999.000 -9999.000 -9999.000 -9999.000 -9999.000 -9999.000 -9999.000 -9999.000 -9999.000 -9999.000 -9999.000 -9999.000 0.5467331E-02 0.1261807E-01 0.2123434E-01 0.2933635E-01 0.3675059E-01 0.4336536E-01 0.4907284E-01 0.5372804E-01 0.5710194E-01 0.5882951E-01 0.5834462E-01 0.5479460E-01 0.4690865E-01 0.3284215E-01 0.1588145E-01 0.1588145E-01 -9999.000 -9999.000 -9999.000 -9999.000 -9999.000 -9999.000 -9999.000 -9999.000 -9999.000 -9999.000 -9999.000 -9999.000 -9999.000 -9999.000 -9999.000 -9999.000 -9999.000 -9999.000 -9999.000 -9999.000 -9999.000 -9999.000 -9999.000 -9999.000 -9999.000 -9999.000 -9999.000
-9999.000 -9999.000 -9999.000 -9999.000 -9999.000 -9999.000 -9999.000 -9999.000 -9999.000 -9999.000 -9999.000 -9999.000 -9999.000 -9999.000 -9999.000 0.6291235E-02 0.1429443E-01 0.2376745E-01 0.3268878E-01 0.4090325E-01 0.4830278E-01 0.5478000E-01 0.6018225E-01 0.6425868E-01 0.6659674E-01 0.6654323E-01 0.6309413E-01 0.5471908E-01 0.3909861E-01 0.1926420E-01 0.1926420E-01 -9999.000 -9999.000 -9999.000 -9999.000 -9999.000 -9999.000 -9999.000 -9999.000 -9999.000 -9999.000 -9999.000 -9999.000 -9999.000 -9999.000 -9999.000 -9999.000 -9999.000 -9999.000 -9999.000 -9999.000 -9999.000 -9999.000 -9999.000 -9999.000 -9999.000 -9999.000 -9999.000
-9999.000 -9999.000 -9999.000 -9999.000 -9999.000 -9999.000 -9999.000 -9999.000 -9999.000 -9999.000 -9999.000 -9999.000 -9999.000 -9999.000 -9999.000 0.7246191E-02 0.1622508E-01 0.2666928E-01 0.3652654E-01 0.4566880E-01 0.5399733E-01 0.6140911E-01 0.6774763E-01 0.7273997E-01 0.7592113E-01 0.7653542E-01 0.7339333E-01 0.6463116E-01 0.4728564E-01 0.2378766E-01 0.2378766E-01 -9999.000 -9999.000 -9999.000 -9999.000 -9999.000 -9999.000 -9999.000 -9999.000 -9999.000 -9999.000 -9999.000 -9999.000 -9999.000 -9999.000 -9999.000 -9999.000 -9999.000 -9999.000 -9999.000 -9999.000 -9999.000 -9999.000 -9999.000 -9999.000 -9999.000 -9999.000 -9999.000
-9999.000 -9999.000 -9999.000 -9999.000 -9999.000 -9999.000 -9999.000 -9999.000 -9999.000 -9999.000 -9999.000 -9999.000 -9999.000 -9999.000 -9999.000 0.8366712E-02 0.1848566E-01 0.3006479E-01 0.4102641E-01 0.5128001E-01 0.6074312E-01 0.6932452E-01 0.7686899E-01 0.8308485E-01 0.8745094E-01 0.8909389E-01 0.8659792E-01 0.7766915E-01 0.5845854E-01 0.3012181E-01 0.3012181E-01 -9999.000 -9999.000 -9999.000 -9999.000 -9999.000 -9999.000 -9999.000 -9999.000 -9999.000 -9999.000 -9999.000 -9999.000 -9999.000 -9999.000 -9999.000 -9999.000 -9999.000 -9999.000 -9999.000 -9999.000 -9999.000 -9999.000 -9999.000 -9999.000 -9999.000 -9999.000 -9999.000
-9999.000 -9999.000 -9999.000 -9999.000 -9999.000 -9999.000 -9999.000 -9999.000 -9999.000 -9999.000 -9999.000 -9999.000 -9999.000 -9999.000 -9999.000 0.9703269E-02 0.2118741E-01 0.3414053E-01 0.4645472E-01 0.5808987E-01 0.6899041E-01 0.7908766E-01 0.8823899E-01 0.9614173E-01 0.1022212 0.1054742 0.1042149 0.9559678E-01 0.7453416E-01 0.3951796E-01 0.3951796E-01 -9999.000 -9999.000 -9999.000 -9999.000 -9999.000 -9999.000 -9999.000 -9999.000 -9999.000 -9999.000 -9999.000 -9999.000 -9999.000 -9999.000 -9999.000 -9999.000 -9999.000 -9999.000 -9999.000 -9999.000 -9999.000 -9999.000 -9999.000 -9999.000 -9999.000 -9999.000 -9999.000
-9999.000 -9999.000 -9999.000 -9999.000 -9999.000 -9999.000 -9999.000 -9999.000 -9999.000 -9999.000 -9999.000 -9999.000 -9999.000 -9999.000 -9999.000 0.1143841E-01 0.2468896E-01 0.3944226E-01 0.5352785E-01 0.6697490E-01 0.7977562E-01 0.9190833E-01 0.1032684 0.1135679 0.1222004 0.1280425 0.1291121 0.1218726 0.9950309E-01 0.5472050E-01 0.5472050E-01 -9999.000 -9999.000 -9999.000 -9999.000 -9999.000 -9999.000 -9999.000 -9999.000 -9999.000 -9999.000 -9999.000 -9999.000 -9999.000 -9999.000 -9999.000 -9999.000 -9999.000 -9999.000 -9999.000 -9999.000 -9999.000 -9999.000 -9999.000 -9999.000 -9999.000 -9999.000 -9999.000
-9999.000 -9999.000 -9999.000 -9999.000 -9999.000 -9999.000 -9999.000 -9999.000 -9999.000 -9999.000 -9999.000 -9999.000 -9999.000 -9999.000 -9999.000 0.2642829E-01 0.4644293E-01 0.6668220E-01 0.8408414E-01 0.9946688E-01 0.1133821 0.1262136 0.1381487 0.1491045 0.1586046 0.1655532 0.1677865 0.1610642 0.1363283 0.7192460E-01 0.7192460E-01 -9999.000 -9999.000 -9999.000 -9999.000 -9999.000 -9999.000 -9999.000 -9999.000 -9999.000 -9999.000 -9999.000 -9999.000 -9999.000 -9999.000 -9999.000 -9999.000 -9999.000 -9999.000 -9999.000 -9999.000 -9999.000 -9999.000 -9999.000 -9999.000 -9999.000 -9999.000 -9999.000
1.798462 1.798462 1.847838 1.893741 1.901709 1.901709 1.907153 1.913838 1.913838 1.917188 1.917188 1.918386 1.918358 1.917969 1.744946 1.744946 1.411787 1.350584 1.280038 1.200651 1.113848 1.021872 0.9277873 0.8354965 0.7497288 0.6760624 0.6212555 0.5946907 0.6135065 0.7029806 0.7029806 1.623248 1.831094 1.870978 1.834489 1.834489 1.729613 1.729613 1.463845 1.463845 1.180373 1.007697 1.007697 0.9971065 0.9971065 1.037008 1.037008 1.037008 1.088524 1.088524 1.135339 1.135339 1.175136 1.175136 1.218472 1.218472 1.244931 1.244931
1.808977 1.808977 1.874329 1.929915 1.946118 1.946118 1.959786 1.982832 1.982832 2.002409 2.002409 2.019691 2.027651 2.035217 1.959937 1.959937 1.667499 1.649349 1.623201 1.586689 1.539159 1.480782 1.412577 1.336547 1.255940 1.175763 1.103763 1.052360 1.043370 1.119542 1.119542 1.681149 1.858382 1.972071 1.986222 1.986222 1.962855 1.962855 1.844553 1.844553 1.656714 1.389551 1.389551 1.388571 1.388571 1.437578 1.437578 1.437578 1.491057 1.491057 1.540498 1.540498 1.571106 1.571106 1.623955 1.623955 1.656905 1.656905
1.811065 1.811065 1.878363 1.930154 1.946463 1.946463 1.960315 1.983790 1.983790 2.003849 2.003849 2.021671 2.029923 2.037797 1.995511 1.995511 1.716063 1.716455 1.713304 1.702603 1.683376 1.655173 1.618106 1.573054 1.521937 1.468078 1.416944 1.377766 1.367658 1.426145 1.426145 1.817795 1.978341 2.116976 2.145706 2.145706 2.144653 2.144653 2.068341 2.068341 1.961718 1.718019 1.718019 1.682894 1.682894 1.720554 1.720554 1.720554 1.766159 1.766159 1.807325 1.807325 1.840050 1.840050 1.877773 1.877773 1.904964 1.904964
1.812754 1.812754 1.881271 1.930175 1.946357 1.946357 1.960205 1.983742 1.983742 2.003849 2.003849 2.021695 2.029954 2.037836 2.013600 2.013600 1.742397 1.748430 1.755308 1.756005 1.749976 1.737168 1.717799 1.692517 1.662703 1.630702 1.600346 1.578024 1.575559 1.624660 1.624660 1.918128 2.055290 2.191736 2.221521 2.221521 2.225697 2.225697 2.173009 2.173009 2.113104 1.929461 1.929461 1.860797 1.860797 1.889099 1.889099 1.889099 1.928461 1.928461 1.964692 1.964692 1.994186 1.994186 2.024784 2.024784 2.048504 2.048504
1.814065 1.814065 1.883347 1.930266 1.946274 1.946274 1.960091 1.983678 1.983678 2.003829 2.003829 2.021690 2.029951 2.037831 2.025149 2.025149 1.773287 1.777614 1.790323 1.797008 1.797187 1.791346 1.780200 1.764723 1.746415 1.727337 1.710415 1.700092 1.703899 1.747352 1.747352 1.976293 2.092408 2.214597 2.238735 2.238735 2.239094 2.239094 2.206950 2.206950 2.178240 2.066943 2.066943 1.986129 1.986129 1.995217 1.995217 1.995217 2.029258 2.029258 2.062159 2.062159 2.089534 2.089534 2.115806 2.115806 2.136771 2.136771
1.815001 1.815001 1.884732 1.930380 1.946221 1.946221 1.959997 1.983618 1.983618 2.003813 2.003813 2.021688 2.029950 2.037830 2.032550 2.032550 1.817436 1.809650 1.826349 1.837460 1.841494 1.839168 1.831611 1.820108 1.806554 1.793252 1.782869 1.778879 1.786964 1.825511 1.825511 1.998473 2.097047 2.194791 2.209848 2.209848 2.209305 2.209305 2.203038 2.203038 2.197511 2.149611 2.149611 2.082942 2.082942 2.070486 2.070486 2.070486 2.097301 2.097301 2.126374 2.126374 2.151629 2.151629 2.174441 2.174441 2.192637 2.192637
1.815562 1.815562 1.885524 1.930470 1.946194 1.946194 1.959936 1.983578 1.983578 2.003801 2.003801 2.021688 2.029951 2.037830 2.037262 2.037262 1.871227 1.848237 1.865956 1.880168 1.887110 1.887076 1.881179 1.870952 1.858576 1.846654 1.838091 1.836128 1.844169 1.872606 1.872606 1.997476 2.074009 2.138085 2.146206 2.146206 2.157828 2.157828 2.182073 2.182073 2.194183 2.192932 2.192932 2.155416 2.155416 2.130243 2.130243 2.130243 2.147990 2.147990 2.171757 2.171757 2.193867 2.193867 2.213168 2.213168 2.228401 2.228401
1.815749 1.815749 1.885782 1.930505 1.946187 1.946187 1.959915 1.983564 1.983564 2.003797 2.003797 2.021688 2.029951 2.037831 2.040249 2.040249 1.926986 1.897335 1.910900 1.926619 1.935742 1.937352 1.932261 1.922030 1.908984 1.895990 1.886252 1.882864 1.886362 1.897403 1.897403 1.974255 2.020438 2.052102 2.062494 2.062494 2.101146 2.101146 2.154700 2.154700 2.179772 2.210164 2.210164 2.203668 2.203668 2.179773 2.179773 2.179773 2.188890 2.188890 2.206056 2.206056 2.223634 2.223634 2.238992 2.238992 2.250996 2.250996
1.815562 1.815562 1.885524 1.930470 1.946194 1.946194 1.959936 1.983579 1.983579 2.003801 2.003801 2.021688 2.029951 2.037830 2.042136 2.042136 1.981104 1.955622 1.963774 1.978533 1.988430 1.990836 1.985909 1.974980 1.960310 1.944891 1.932162 1.924935 1.918774 1.899647 1.899647 1.919697 1.930845 1.951446 1.975402 1.975402 2.047874 2.047874 2.125145 2.125145 2.159539 2.211134 2.211134 2.230521 2.230521 2.219427 2.219427 2.219427 2.222909 2.222909 2.233263 2.233263 2.245218 2.245218 2.255929 2.255929 2.264291 2.264291
1.815001 1.815001 1.884732 1.930380 1.946221 1.946221 1.959997 1.983619 1.983619 2.003813 2.003813 2.021688 2.029950 2.037830 2.043323 2.043323 2.033087 2.020632 2.025946 2.037665 2.046258 2.048053 2.042391 2.030128 2.013242 1.994642 1.977860 1.964817 1.940358 1.867289 1.867289 1.820503 1.808636 1.853332 1.896070 1.896070 2.000183 2.000183 2.095011 2.095011 2.136178 2.202263 2.202263 2.240900 2.240900 2.248202 2.248202 2.248202 2.250200 2.250200 2.254843 2.254843 2.260685 2.260685 2.266096 2.266096 2.270421 2.270421
1.814065 1.814065 1.883348 1.930266 1.946275 1.946275 1.960091 1.983677 1.983677 2.003830 2.003830 2.021691 2.029952 2.037832 2.044066 2.044066 2.085310 2.090564 2.097237 2.105235 2.110297 2.109481 2.101685 2.087208 2.067541 2.045279 2.023810 2.002329 1.939668 1.771640 1.771640 1.679693 1.679406 1.766240 1.821862 1.821862 1.955898 1.955898 2.063922 2.063922 2.110271 2.186700 2.186700 2.239096 2.239096 2.265309 2.265309 2.265309 2.269419 2.269419 2.270280 2.270280 2.270294 2.270294 2.270124 2.270124 2.270216 2.270216
