simulation_files/asc/Velocity__y_73.0.asc
NCOLS        79
NROWS        79
XLLCENTER         -1.500000
YLLCENTER         -4.800000
CELLSIZE           0.100
NODATA_VALUE     -9999.0
[rows 0 to 25 of 79, columns 0 to 58 of 79]
-9999.000 -9999.000 -9999.000 -9999.000 -9999.000 -9999.000 -9999.000 -9999.000 -9999.000 -9999.000 -9999.000 -9999.000 -9999.000 -9999.000 -9999.000 -0.2219079 -0.2208234 -0.2209873 -0.2212350 -0.2214912 -0.2217573 -0.2220477 -0.2223836 -0.2227925 -0.2233114 -0.2239905 -0.2249038 -0.2261593 -0.2277770 -0.2251794 -0.2251794 -9999.000 -9999.000 -9999.000 -9999.000 -9999.000 -9999.000 -9999.000 -9999.000 -9999.000 -9999.000 -9999.000 -9999.000 -9999.000 -9999.000 -9999.000 -9999.000 -9999.000 -9999.000 -9999.000 -9999.000 -9999.000 -9999.000 -9999.000 -9999.000 -9999.000 -9999.000 -9999.000 -9999.000
-9999.000 -9999.000 -9999.000 -9999.000 -9999.000 -9999.000 -9999.000 -9999.000 -9999.000 -9999.000 -9999.000 -9999.000 -9999.000 -9999.000 -9999.000 -0.2188207 -0.2163847 -0.2166785 -0.2171494 -0.2176359 -0.2181388 -0.2186916 -0.2193434 -0.2201592 -0.2212225 -0.2226439 -0.2245764 -0.2272297 -0.2306098 -0.2257467 -0.2257467 -9999.000 -9999.000 -9999.000 -9999.000 -9999.000 -9999.000 -9999.000 -9999.000 -9999.000 -9999.000 -9999.000 -9999.000 -9999.000 -9999.000 -9999.000 -9999.000 -9999.000 -9999.000 -9999.000 -9999.000 -9999.000 -9999.000 -9999.000 -9999.000 -9999.000 -9999.000 -9999.000 -9999.000
-9999.000 -9999.000 -9999.000 -9999.000 -9999.000 -9999.000 -9999.000 -9999.000 -9999.000 -9999.000 -9999.000 -9999.000 -9999.000 -9999.000 -9999.000 -0.2141305 -0.2101585 -0.2106272 -0.2114391 -0.2123192 -0.2132635 -0.2143274 -0.2155964 -0.2171828 -0.2192267 -0.2219059 -0.2254497 -0.2301530 -0.2359331 -0.2289758 -0.2289758 -9999.000 -9999.000 -9999.000 -9999.000 -9999.000 -9999.000 -9999.000 -9999.000 -9999.000 -9999.000 -9999.000 -9999.000 -9999.000 -9999.000 -9999.000 -9999.000 -9999.000 -9999.000 -9999.000 -9999.000 -9999.000 -9999.000 -9999.000 -9999.000 -9999.000 -9999.000 -9999.000 -9999.000
-9999.000 -9999.000 -9999.000 -9999.000 -9999.000 -9999.000 -9999.000 -9999.000 -9999.000 -9999.000 -9999.000 -9999.000 -9999.000 -9999.000 -9999.000 -0.2083504 -0.2028669 -0.2035673 -0.2048094 -0.2061991 -0.2077295 -0.2094788 -0.2115713 -0.2141680 -0.2174671 -0.2217142 -0.2272170 -0.2343597 -0.2429734 -0.2344789 -0.2344789 -9999.000 -9999.000 -9999.000 -9999.000 -9999.000 -9999.000 -9999.000 -9999.000 -9999.000 -9999.000 -9999.000 -9999.000 -9999.000 -9999.000 -9999.000 -9999.000 -9999.000 -9999.000 -9999.000 -9999.000 -9999.000 -9999.000 -9999.000 -9999.000 -9999.000 -9999.000 -9999.000 -9999.000
-9999.000 -9999.000 -9999.000 -9999.000 -9999.000 -9999.000 -9999.000 -9999.000 -9999.000 -9999.000 -9999.000 -9999.000 -9999.000 -9999.000 -9999.000 -0.2015531 -0.1946288 -0.1956157 -0.1973662 -0.1993643 -0.2016000 -0.2041776 -0.2072628 -0.2110697 -0.2158604 -0.2219546 -0.2297490 -0.2397332 -0.2516649 -0.2422599 -0.2422599 -9999.000 -9999.000 -9999.000 -9999.000 -9999.000 -9999.000 -9999.000 -9999.000 -9999.000 -9999.000 -9999.000 -9999.000 -9999.000 -9999.000 -9999.000 -9999.000 -9999.000 -9999.000 -9999.000 -9999.000 -9999.000 -9999.000 -9999.000 -9999.000 -9999.000 -9999.000 -9999.000 -9999.000
-9999.000 -9999.000 -9999.000 -9999.000 -9999.000 -9999.000 -9999.000 -9999.000 -9999.000 -9999.000 -9999.000 -9999.000 -9999.000 -9999.000 -9999.000 -0.1937493 -0.1855142 -0.1868404 -0.1891648 -0.1918513 -0.1948894 -0.1984125 -0.2026331 -0.2078253 -0.2143238 -0.2225360 -0.2329648 -0.2462298 -0.2620468 -0.2524783 -0.2524783 -9999.000 -9999.000 -9999.000 -9999.000 -9999.000 -9999.000 -9999.000 -9999.000 -9999.000 -9999.000 -9999.000 -9999.000 -9999.000 -9999.000 -9999.000 -9999.000 -9999.000 -9999.000 -9999.000 -9999.000 -9999.000 -9999.000 -9999.000 -9999.000 -9999.000 -9999.000 -9999.000 -9999.000
-9999.000 -9999.000 -9999.000 -9999.000 -9999.000 -9999.000 -9999.000 -9999.000 -9999.000 -9999.000 -9999.000 -9999.000 -9999.000 -9999.000 -9999.000 -0.1848959 -0.1755524 -0.1772708 -0.1802225 -0.1836609 -0.1875784 -0.1921431 -0.1976214 -0.2043569 -0.2127711 -0.2233766 -0.2368085 -0.2538552 -0.2742436 -0.2654398 -0.2654398 -9999.000 -9999.000 -9999.000 -9999.000 -9999.000 -9999.000 -9999.000 -9999.000 -9999.000 -9999.000 -9999.000 -9999.000 -9999.000 -9999.000 -9999.000 -9999.000 -9999.000 -9999.000 -9999.000 -9999.000 -9999.000 -9999.000 -9999.000 -9999.000 -9999.000 -9999.000 -9999.000 -9999.000
-9999.000 -9999.000 -9999.000 -9999.000 -9999.000 -9999.000 -9999.000 -9999.000 -9999.000 -9999.000 -9999.000 -9999.000 -9999.000 -9999.000 -9999.000 -0.1749022 -0.1647388 -0.1669050 -0.1705265 -0.1747645 -0.1796202 -0.1853036 -0.1921440 -0.2005686 -0.2111030 -0.2243906 -0.2412354 -0.2626492 -0.2884600 -0.2816215 -0.2816215 -9999.000 -9999.000 -9999.000 -9999.000 -9999.000 -9999.000 -9999.000 -9999.000 -9999.000 -9999.000 -9999.000 -9999.000 -9999.000 -9999.000 -9999.000 -9999.000 -9999.000 -9999.000 -9999.000 -9999.000 -9999.000 -9999.000 -9999.000 -9999.000 -9999.000 -9999.000 -9999.000 -9999.000
-9999.000 -9999.000 -9999.000 -9999.000 -9999.000 -9999.000 -9999.000 -9999.000 -9999.000 -9999.000 -9999.000 -9999.000 -9999.000 -9999.000 -9999.000 -0.1636347 -0.1530370 -0.1557115 -0.1600353 -0.1651050 -0.1709398 -0.1777996 -0.1860897 -0.1963373 -0.2091958 -0.2254738 -0.2461953 -0.2726756 -0.3049853 -0.3017317 -0.3017317 -9999.000 -9999.000 -9999.000 -9999.000 -9999.000 -9999.000 -9999.000 -9999.000 -9999.000 -9999.000 -9999.000 -9999.000 -9999.000 -9999.000 -9999.000 -9999.000 -9999.000 -9999.000 -9999.000 -9999.000 -9999.000 -9999.000 -9999.000 -9999.000 -9999.000 -9999.000 -9999.000 -9999.000
-9999.000 -9999.000 -9999.000 -9999.000 -9999.000 -9999.000 -9999.000 -9999.000 -9999.000 -9999.000 -9999.000 -9999.000 -9999.000 -9999.000 -9999.000 -0.1509195 -0.1403786 -0.1436275 -0.1486753 -0.1545931 -0.1614284 -0.1695016 -0.1793092 -0.1914996 -0.2068848 -0.2264846 -0.2516136 -0.2840082 -0.3242066 -0.3268244 -0.3268244 -9999.000 -9999.000 -9999.000 -9999.000 -9999.000 -9999.000 -9999.000 -9999.000 -9999.000 -9999.000 -9999.000 -9999.000 -9999.000 -9999.000 -9999.000 -9999.000 -9999.000 -9999.000 -9999.000 -9999.000 -9999.000 -9999.000 -9999.000 -9999.000 -9999.000 -9999.000 -9999.000 -9999.000
-9999.000 -9999.000 -9999.000 -9999.000 -9999.000 -9999.000 -9999.000 -9999.000 -9999.000 -9999.000 -9999.000 -9999.000 -9999.000 -9999.000 -9999.000 -0.1365434 -0.1266588 -0.1305534 -0.1363349 -0.1430985 -0.1509327 -0.1602312 -0.1715985 -0.1858313 -0.2039391 -0.2272129 -0.2573588 -0.2967075 -0.3466248 -0.3585117 -0.3585117 -9999.000 -9999.000 -9999.000 -9999.000 -9999.000 -9999.000 -9999.000 -9999.000 -9999.000 -9999.000 -9999.000 -9999.000 -9999.000 -9999.000 -9999.000 -9999.000 -9999.000 -9999.000 -9999.000 -9999.000 -9999.000 -9999.000 -9999.000 -9999.000 -9999.000 -9999.000 -9999.000 -9999.000
-9999.000 -9999.000 -9999.000 -9999.000 -9999.000 -9999.000 -9999.000 -9999.000 -9999.000 -9999.000 -9999.000 -9999.000 -9999.000 -9999.000 -9999.000 -0.1202522 -0.1117285 -0.1163419 -0.1228512 -0.1304352 -0.1392373 -0.1497383 -0.1626716 -0.1790127 -0.2000176 -0.2273289 -0.2631830 -0.3107667 -0.3728622 -0.3993783 -0.3993783 -9999.000 -9999.000 -9999.000 -9999.000 -9999.000 -9999.000 -9999.000 -9999.000 -9999.000 -9999.000 -9999.000 -9999.000 -9999.000 -9999.000 -9999.000 -9999.000 -9999.000 -9999.000 -9999.000 -9999.000 -9999.000 -9999.000 -9999.000 -9999.000 -9999.000 -9999.000 -9999.000 -9999.000
-9999.000 -9999.000 -9999.000 -9999.000 -9999.000 -9999.000 -9999.000 -9999.000 -9999.000 -9999.000 -9999.000 -9999.000 -9999.000 -9999.000 -9999.000 -0.1017425 -0.9537868E-01 -0.1007782 -0.1079877 -0.1163347 -0.1260328 -0.1376636 -0.1521124 -0.1705687 -0.1945932 -0.2262837 -0.2686008 -0.3259845 -0.4036187 -0.4538575 -0.4538575 -9999.000 -9999.000 -9999.000 -9999.000 -9999.000 -9999.000 -9999.000 -9999.000 -9999.000 -9999.000 -9999.000 -9999.000 -9999.000 -9999.000 -9999.000 -9999.000 -9999.000 -9999.000 -9999.000 -9999.000 -9999.000 -9999.000 -9999.000 -9999.000 -9999.000 -9999.000 -9999.000 -9999.000
-9999.000 -9999.000 -9999.000 -9999.000 -9999.000 -9999.000 -9999.000 -9999.000 -9999.000 -9999.000 -9999.000 -9999.000 -9999.000 -9999.000 -9999.000 -0.8057093E-01 -0.7727107E-01 -0.8351997E-01 -0.9138237E-01 -0.1004001 -0.1108687 -0.1234843 -0.1393051 -0.1597715 -0.1868143 -0.2231124 -0.2726144 -0.3416160 -0.4393965 -0.5303715 -0.5303715 -9999.000 -9999.000 -9999.000 -9999.000 -9999.000 -9999.000 -9999.000 -9999.000 -9999.000 -9999.000 -9999.000 -9999.000 -9999.000 -9999.000 -9999.000 -9999.000 -9999.000 -9999.000 -9999.000 -9999.000 -9999.000 -9999.000 -9999.000 -9999.000 -9999.000 -9999.000 -9999.000 -9999.000
-9999.000 -9999.000 -9999.000 -9999.000 -9999.000 -9999.000 -9999.000 -9999.000 -9999.000 -9999.000 -9999.000 -9999.000 -9999.000 -9999.000 -9999.000 -0.5034736E-01 -0.5476809E-01 -0.6315295E-01 -0.7241518E-01 -0.8250695E-01 -0.9389478E-01 -0.1074495 -0.1244526 -0.1466486 -0.1764186 -0.2171786 -0.2742139 -0.3565584 -0.4803876 -0.6468198 -0.6468198 -9999.000 -9999.000 -9999.000 -9999.000 -9999.000 -9999.000 -9999.000 -9999.000 -9999.000 -9999.000 -9999.000 -9999.000 -9999.000 -9999.000 -9999.000 -9999.000 -9999.000 -9999.000 -9999.000 -9999.000 -9999.000 -9999.000 -9999.000 -9999.000 -9999.000 -9999.000 -9999.000 -9999.000
-0.2649580E-02 -0.2649580E-02 -0.3675156E-02 -0.4278454E-02 -0.4337354E-02 -0.4337354E-02 -0.4346765E-02 -0.4323103E-02 -0.4323103E-02 -0.4292523E-02 -0.4292523E-02 -0.4263081E-02 -0.4247887E-02 -0.2241099E-01 -0.3037625E-01 -0.3037625E-01 -0.6420265E-01 -0.7909713E-01 -0.9356679E-01 -0.1076581 -0.1215549 -0.1358316 -0.1516030 -0.1706708 -0.1957369 -0.2307699 -0.2817315 -0.3582885 -0.4772231 -0.7051777 -0.7051777 -0.4457429 -0.2705303 -0.6207728E-01 -0.1488856E-01 -0.1488856E-01 0.2075485E-01 0.2075485E-01 0.2183280E-01 0.2183280E-01 -0.1967997E-01 -0.7834096E-02 -0.7834096E-02 0.5965087E-02 0.5965087E-02 0.1033645E-01 0.1033645E-01 0.1033645E-01 0.8755612E-02 0.8755612E-02 0.6684908E-02 0.6684908E-02 0.6119228E-02 0.6119228E-02 0.3803751E-02 0.3803751E-02 0.2377915E-02 0.2377915E-02 0.2377915E-02
-0.4002098E-02 -0.4002098E-02 -0.5396556E-02 -0.6116840E-02 -0.6159500E-02 -0.6159500E-02 -0.6146590E-02 -0.6093687E-02 -0.6093687E-02 -0.6057420E-02 -0.6057420E-02 -0.6031854E-02 -0.6018970E-02 -0.3325840E-01 -0.5577602E-01 -0.5577602E-01 -0.1008837 -0.1236340 -0.1464659 -0.1686784 -0.1896539 -0.2091094 -0.2272920 -0.2451738 -0.2646575 -0.2888019 -0.3220845 -0.3707218 -0.4420331 -0.5494679 -0.5494679 -0.3654535 -0.2282237 -0.5443694E-01 -0.5506703E-02 -0.5506703E-02 0.4946337E-01 0.4946337E-01 0.6823986E-01 0.6823986E-01 0.8320707E-02 -0.7840647E-02 -0.7840647E-02 0.1567897E-01 0.1567897E-01 0.2266770E-01 0.2266770E-01 0.2266770E-01 0.1888028E-01 0.1888028E-01 0.1443523E-01 0.1443523E-01 0.9882913E-02 0.9882913E-02 0.7978960E-02 0.7978960E-02 0.5609194E-02 0.5609194E-02 0.5609194E-02
-0.3186136E-02 -0.3186136E-02 -0.4456059E-02 -0.5197222E-02 -0.5240053E-02 -0.5240053E-02 -0.5219900E-02 -0.5156313E-02 -0.5156313E-02 -0.5129223E-02 -0.5129223E-02 -0.5124315E-02 -0.5122776E-02 -0.2544236E-01 -0.6711179E-01 -0.6711179E-01 -0.1139090 -0.1415465 -0.1709910 -0.2010954 -0.2307789 -0.2591711 -0.2857487 -0.3104766 -0.3339559 -0.3575722 -0.3836232 -0.4152866 -0.4554672 -0.5048718 -0.5048718 -0.3945986 -0.2909606 -0.1258837 -0.6028186E-01 -0.6028186E-01 0.4969421E-01 0.4969421E-01 0.1231392 0.1231392 0.9651640E-01 0.2155878E-01 0.2155878E-01 0.2787769E-01 0.2787769E-01 0.3285558E-01 0.3285558E-01 0.3285558E-01 0.2754045E-01 0.2754045E-01 0.2084699E-01 0.2084699E-01 0.1187222E-01 0.1187222E-01 0.1009047E-01 0.1009047E-01 0.7343498E-02 0.7343498E-02 0.7343498E-02
-0.2446123E-02 -0.2446123E-02 -0.3521724E-02 -0.4201771E-02 -0.4237124E-02 -0.4237124E-02 -0.4208845E-02 -0.4131638E-02 -0.4131638E-02 -0.4100548E-02 -0.4100548E-02 -0.4098441E-02 -0.4098920E-02 -0.1769549E-01 -0.6979730E-01 -0.6979730E-01 -0.1192755 -0.1497113 -0.1831899 -0.2184392 -0.2542571 -0.2895706 -0.3234987 -0.3554409 -0.3851707 -0.4129049 -0.4393140 -0.4652874 -0.4907250 -0.5123899 -0.5123899 -0.4393738 -0.3565246 -0.1961448 -0.1174243 -0.1174243 0.3636365E-01 0.3636365E-01 0.1544102 0.1544102 0.1650596 0.8338542E-01 0.8338542E-01 0.4772482E-01 0.4772482E-01 0.3874399E-01 0.3874399E-01 0.3874399E-01 0.3132194E-01 0.3132194E-01 0.2258757E-01 0.2258757E-01 0.1226285E-01 0.1226285E-01 0.8097828E-02 0.8097828E-02 0.5137204E-02 0.5137204E-02 0.5137204E-02
-0.1774465E-02 -0.1774465E-02 -0.2613558E-02 -0.3177584E-02 -0.3205814E-02 -0.3205814E-02 -0.3177311E-02 -0.3102384E-02 -0.3102384E-02 -0.3072372E-02 -0.3072372E-02 -0.3071636E-02 -0.3073076E-02 -0.1198442E-01 -0.6666520E-01 -0.6666520E-01 -0.1223293 -0.1551487 -0.1917205 -0.2306728 -0.2707728 -0.3109263 -0.3501633 -0.3876659 -0.4228086 -0.4551700 -0.4844787 -0.5102479 -0.5304134 -0.5399492 -0.5399492 -0.4867348 -0.4156956 -0.2511004 -0.1592992 -0.1592992 0.2426650E-01 0.2426650E-01 0.1632675 0.1632675 0.1957379 0.1492109 0.1492109 0.8038431E-01 0.8038431E-01 0.4490964E-01 0.4490964E-01 0.4490964E-01 0.3223784E-01 0.3223784E-01 0.2086798E-01 0.2086798E-01 0.9479146E-02 0.9479146E-02 0.3549678E-02 0.3549678E-02 0.6453226E-03 0.6453226E-03 0.6453226E-03
-0.1154263E-02 -0.1154263E-02 -0.1728222E-02 -0.2131192E-02 -0.2151160E-02 -0.2151160E-02 -0.2128731E-02 -0.2070003E-02 -0.2070003E-02 -0.2046593E-02 -0.2046593E-02 -0.2046522E-02 -0.2048107E-02 -0.7818600E-02 -0.5725046E-01 -0.5725046E-01 -0.1246319 -0.1601221 -0.1998170 -0.2421603 -0.2858423 -0.3297555 -0.3729214 -0.4144798 -0.4536881 -0.4898766 -0.5223528 -0.5498943 -0.5689789 -0.5731050 -0.5731050 -0.5281438 -0.4607264 -0.2807568 -0.1769592 -0.1769592 0.1815044E-01 0.1815044E-01 0.1566674 0.1566674 0.1968526 0.1914144 0.1914144 0.1190884 0.1190884 0.5388815E-01 0.5388815E-01 0.5388815E-01 0.3271285E-01 0.3271285E-01 0.1745916E-01 0.1745916E-01 0.4787385E-02 0.4787385E-02 -0.2276249E-02 -0.2276249E-02 -0.4881716E-02 -0.4881716E-02 -0.4881716E-02
-0.5685093E-03 -0.5685093E-03 -0.8596382E-03 -0.1069426E-02 -0.1079866E-02 -0.1079866E-02 -0.1067680E-02 -0.1035527E-02 -0.1035527E-02 -0.1022745E-02 -0.1022745E-02 -0.1022835E-02 -0.1023847E-02 -0.4729881E-02 -0.4345360E-01 -0.4345360E-01 -0.1265266 -0.1654982 -0.2088134 -0.2548006 -0.3020719 -0.3494774 -0.3960041 -0.4407766 -0.4830577 -0.5221591 -0.5573090 -0.5868835 -0.6055932 -0.6045476 -0.6045476 -0.5583451 -0.4848089 -0.2813312 -0.1717745 -0.1717745 0.1489729E-01 0.1489729E-01 0.1403605 0.1403605 0.1806990 0.2032082 0.2032082 0.1513886 0.1513886 0.6639677E-01 0.6639677E-01 0.6639677E-01 0.3464936E-01 0.3464936E-01 0.1398821E-01 0.1398821E-01 -0.5797811E-03 -0.5797811E-03 -0.8432266E-02 -0.8432266E-02 -0.1054215E-01 -0.1054215E-01 -0.1054215E-01
0.1400072E-07 0.1400072E-07 -0.5691462E-07 0.5848916E-07 0.2216641E-07 0.2216641E-07 0.9801729E-07 0.2762760E-07 0.2762760E-07 0.9635844E-08 0.9635844E-08 0.3267806E-07 0.1522740E-07 -0.2365786E-02 -0.3014146E-01 -0.3014146E-01 -0.1280437 -0.1719449 -0.2196068 -0.2697160 -0.3209139 -0.3719755 -0.4218209 -0.4695390 -0.5144032 -0.5557914 -0.5930163 -0.6239743 -0.6401130 -0.6292394 -0.6292394 -0.5716176 -0.4816436 -0.2585193 -0.1535235 -0.1535235 0.1048367E-01 0.1048367E-01 0.1188233 0.1188233 0.1562486 0.1925747 0.1925747 0.1673818 0.1673818 0.8007675E-01 0.8007675E-01 0.8007675E-01 0.3864094E-01 0.3864094E-01 0.1170591E-01 0.1170591E-01 -0.5446300E-02 -0.5446300E-02 -0.1403981E-01 -0.1403981E-01 -0.1554978E-01 -0.1554978E-01 -0.1554978E-01
0.5685715E-03 0.5685715E-03 0.8596547E-03 0.1069395E-02 0.1079921E-02 0.1079921E-02 0.1067696E-02 0.1035670E-02 0.1035670E-02 0.1022768E-02 0.1022768E-02 0.1022800E-02 0.1023961E-02 -0.4784159E-03 -0.1959888E-01 -0.1959888E-01 -0.1294640 -0.1802633 -0.2333635 -0.2882935 -0.3438676 -0.3988412 -0.4521124 -0.5027519 -0.5500168 -0.5933396 -0.6321095 -0.6630575 -0.6712378 -0.6413723 -0.6413723 -0.5610061 -0.4497229 -0.2252484 -0.1328798 -0.1328798 0.4045927E-02 0.4045927E-02 0.9573481E-01 0.9573481E-01 0.1291053 0.1697098 0.1697098 0.1653997 0.1653997 0.9064392E-01 0.9064392E-01 0.9064392E-01 0.4366727E-01 0.4366727E-01 0.1114131E-01 0.1114131E-01 -0.8862954E-02 -0.8862954E-02 -0.1823303E-01 -0.1823303E-01 -0.1915756E-01 -0.1915756E-01 -0.1915756E-01
0.1154227E-02 0.1154227E-02 0.1728198E-02 0.2131118E-02 0.2151181E-02 0.2151181E-02 0.2128773E-02 0.2070057E-02 0.2070057E-02 0.2046575E-02 0.2046575E-02 0.2046564E-02 0.2048243E-02 0.1100067E-02 -0.1167024E-01 -0.1167024E-01 -0.1308935 -0.1915205 -0.2519511 -0.3127217 -0.3731090 -0.4321225 -0.4887877 -0.5422240 -0.5916969 -0.6366673 -0.6764851 -0.7049209 -0.6938399 -0.6328880 -0.6328880 -0.5232000 -0.3991686 -0.1923984 -0.1144243 -0.1144243 -0.2599477E-02 -0.2599477E-02 0.7373142E-01 0.7373142E-01 0.1024567 0.1416781 0.1416781 0.1497115 0.1497115 0.9428690E-01 0.9428690E-01 0.9428690E-01 0.4760239E-01 0.4760239E-01 0.1197215E-01 0.1197215E-01 -0.1025564E-01 -0.1025564E-01 -0.2025801E-01 -0.2025801E-01 -0.2071458E-01 -0.2071458E-01 -0.2071458E-01
0.1774433E-02 0.1774433E-02 0.2613448E-02 0.3177577E-02 0.3205845E-02 0.3205845E-02 0.3177387E-02 0.3102275E-02 0.3102275E-02 0.3072386E-02 0.3072386E-02 0.3071654E-02 0.3073258E-02 0.2480807E-02 -0.5818639E-02 -0.5818639E-02 -0.1343685 -0.2079080 -0.2780915 -0.3459128 -0.4114963 -0.4744697 -0.5342350 -0.5901045 -0.6414155 -0.6876536 -0.7278665 -0.7475527 -0.6968041 -0.5991329 -0.5991329 -0.4659669 -0.3434235 -0.1631592 -0.9932812E-01 -0.9932812E-01 -0.7422128E-02 -0.7422128E-02 0.5423938E-01 0.5423938E-01 0.7785300E-01 0.1124013 0.1124013 0.1257961 0.1257961 0.8937563E-01 0.8937563E-01 0.8937563E-01 0.4825586E-01 0.4825586E-01 0.1324653E-01 0.1324653E-01 -0.9512927E-02 -0.9512927E-02 -0.1961647E-01 -0.1961647E-01 -0.1975562E-01 -0.1975562E-01 -0.1975562E-01
