simulation_files/asc/Velocity__y_103.0.asc
NCOLS        79
NROWS        79
XLLCENTER         -1.500000
YLLCENTER         -4.800000
CELLSIZE           0.100
NODATA_VALUE     -9999.0
[rows 0 to 26 of 79, columns 0 to 58 of 79]
-9999.000 -9999.000 -9999.000 -9999.000 -9999.000 -9999.000 -9999.000 -9999.000 -9999.000 -9999.000 -9999.000 -9999.000 -9999.000 -9999.000 -9999.000 -0.1821580 -0.1809808 -0.1810273 -0.1811944 -0.1813800 -0.1815591 -0.1817264 -0.1818916 -0.1820843 -0.1823604 -0.1828105 -0.1835738 -0.1848636 -0.1868870 -0.1854995 -0.1854995 -9999.000 -9999.000 -9999.000 -9999.000 -9999.000 -9999.000 -9999.000 -9999.000 -9999.000 -9999.000 -9999.000 -9999.000 -9999.000 -9999.000 -9999.000 -9999.000 -9999.000 -9999.000 -9999.000 -9999.000 -9999.000 -9999.000 -9999.000 -9999.000 -9999.000 -9999.000 -9999.000 -9999.000
-9999.000 -9999.000 -9999.000 -9999.000 -9999.000 -9999.000 -9999.000 -9999.000 -9999.000 -9999.000 -9999.000 -9999.000 -9999.000 -9999.000 -9999.000 -0.1797964 -0.1772190 -0.1772787 -0.1776024 -0.1779720 -0.1783334 -0.1786749 -0.1790218 -0.1794415 -0.1800588 -0.1810693 -0.1827651 -0.1855778 -0.1899001 -0.1875813 -0.1875813 -9999.000 -9999.000 -9999.000 -9999.000 -9999.000 -9999.000 -9999.000 -9999.000 -9999.000 -9999.000 -9999.000 -9999.000 -9999.000 -9999.000 -9999.000 -9999.000 -9999.000 -9999.000 -9999.000 -9999.000 -9999.000 -9999.000 -9999.000 -9999.000 -9999.000 -9999.000 -9999.000 -9999.000
-9999.000 -9999.000 -9999.000 -9999.000 -9999.000 -9999.000 -9999.000 -9999.000 -9999.000 -9999.000 -9999.000 -9999.000 -9999.000 -9999.000 -9999.000 -0.1761553 -0.1719833 -0.1720569 -0.1726062 -0.1732698 -0.1739543 -0.1746403 -0.1753715 -0.1762660 -0.1775345 -0.1795003 -0.1826311 -0.1875935 -0.1949514 -0.1922226 -0.1922226 -9999.000 -9999.000 -9999.000 -9999.000 -9999.000 -9999.000 -9999.000 -9999.000 -9999.000 -9999.000 -9999.000 -9999.000 -9999.000 -9999.000 -9999.000 -9999.000 -9999.000 -9999.000 -9999.000 -9999.000 -9999.000 -9999.000 -9999.000 -9999.000 -9999.000 -9999.000 -9999.000 -9999.000
-9999.000 -9999.000 -9999.000 -9999.000 -9999.000 -9999.000 -9999.000 -9999.000 -9999.000 -9999.000 -9999.000 -9999.000 -9999.000 -9999.000 -9999.000 -0.1717288 -0.1659662 -0.1660848 -0.1669217 -0.1679640 -0.1690768 -0.1702311 -0.1714885 -0.1730182 -0.1751196 -0.1782501 -0.1830629 -0.1904812 -0.2012763 -0.1988163 -0.1988163 -9999.000 -9999.000 -9999.000 -9999.000 -9999.000 -9999.000 -9999.000 -9999.000 -9999.000 -9999.000 -9999.000 -9999.000 -9999.000 -9999.000 -9999.000 -9999.000 -9999.000 -9999.000 -9999.000 -9999.000 -9999.000 -9999.000 -9999.000 -9999.000 -9999.000 -9999.000 -9999.000 -9999.000
-9999.000 -9999.000 -9999.000 -9999.000 -9999.000 -9999.000 -9999.000 -9999.000 -9999.000 -9999.000 -9999.000 -9999.000 -9999.000 -9999.000 -9999.000 -0.1666045 -0.1592711 -0.1594633 -0.1606438 -0.1621395 -0.1637691 -0.1654917 -0.1673859 -0.1696733 -0.1727479 -0.1772120 -0.1839246 -0.1940987 -0.2087701 -0.2073415 -0.2073415 -9999.000 -9999.000 -9999.000 -9999.000 -9999.000 -9999.000 -9999.000 -9999.000 -9999.000 -9999.000 -9999.000 -9999.000 -9999.000 -9999.000 -9999.000 -9999.000 -9999.000 -9999.000 -9999.000 -9999.000 -9999.000 -9999.000 -9999.000 -9999.000 -9999.000 -9999.000 -9999.000 -9999.000
-9999.000 -9999.000 -9999.000 -9999.000 -9999.000 -9999.000 -9999.000 -9999.000 -9999.000 -9999.000 -9999.000 -9999.000 -9999.000 -9999.000 -9999.000 -0.1608339 -0.1519692 -0.1522592 -0.1538299 -0.1558399 -0.1580578 -0.1604277 -0.1630451 -0.1661863 -0.1703485 -0.1762943 -0.1851160 -0.1983611 -0.2174124 -0.2179197 -0.2179197 -9999.000 -9999.000 -9999.000 -9999.000 -9999.000 -9999.000 -9999.000 -9999.000 -9999.000 -9999.000 -9999.000 -9999.000 -9999.000 -9999.000 -9999.000 -9999.000 -9999.000 -9999.000 -9999.000 -9999.000 -9999.000 -9999.000 -9999.000 -9999.000 -9999.000 -9999.000 -9999.000 -9999.000
-9999.000 -9999.000 -9999.000 -9999.000 -9999.000 -9999.000 -9999.000 -9999.000 -9999.000 -9999.000 -9999.000 -9999.000 -9999.000 -9999.000 -9999.000 -0.1544304 -0.1440990 -0.1445080 -0.1465064 -0.1490798 -0.1519425 -0.1550217 -0.1584295 -0.1625012 -0.1678479 -0.1754131 -0.1865563 -0.2032190 -0.2272449 -0.2308045 -0.2308045 -9999.000 -9999.000 -9999.000 -9999.000 -9999.000 -9999.000 -9999.000 -9999.000 -9999.000 -9999.000 -9999.000 -9999.000 -9999.000 -9999.000 -9999.000 -9999.000 -9999.000 -9999.000 -9999.000 -9999.000 -9999.000 -9999.000 -9999.000 -9999.000 -9999.000 -9999.000 -9999.000 -9999.000
-9999.000 -9999.000 -9999.000 -9999.000 -9999.000 -9999.000 -9999.000 -9999.000 -9999.000 -9999.000 -9999.000 -9999.000 -9999.000 -9999.000 -9999.000 -0.1473689 -0.1356679 -0.1362161 -0.1386726 -0.1418483 -0.1454002 -0.1492365 -0.1534862 -0.1585502 -0.1651662 -0.1744837 -0.1881732 -0.2086458 -0.2383628 -0.2464018 -0.2464018 -9999.000 -9999.000 -9999.000 -9999.000 -9999.000 -9999.000 -9999.000 -9999.000 -9999.000 -9999.000 -9999.000 -9999.000 -9999.000 -9999.000 -9999.000 -9999.000 -9999.000 -9999.000 -9999.000 -9999.000 -9999.000 -9999.000 -9999.000 -9999.000 -9999.000 -9999.000 -9999.000 -9999.000
-9999.000 -9999.000 -9999.000 -9999.000 -9999.000 -9999.000 -9999.000 -9999.000 -9999.000 -9999.000 -9999.000 -9999.000 -9999.000 -9999.000 -9999.000 -0.1395868 -0.1266535 -0.1273619 -0.1303019 -0.1341113 -0.1383865 -0.1430149 -0.1481449 -0.1542492 -0.1622092 -0.1734107 -0.1898900 -0.2146250 -0.2509097 -0.2653178 -0.2653178 -9999.000 -9999.000 -9999.000 -9999.000 -9999.000 -9999.000 -9999.000 -9999.000 -9999.000 -9999.000 -9999.000 -9999.000 -9999.000 -9999.000 -9999.000 -9999.000 -9999.000 -9999.000 -9999.000 -9999.000 -9999.000 -9999.000 -9999.000 -9999.000 -9999.000 -9999.000 -9999.000 -9999.000
-9999.000 -9999.000 -9999.000 -9999.000 -9999.000 -9999.000 -9999.000 -9999.000 -9999.000 -9999.000 -9999.000 -9999.000 -9999.000 -9999.000 -9999.000 -0.1309844 -0.1170038 -0.1178955 -0.1213405 -0.1258077 -0.1308309 -0.1362751 -0.1423094 -0.1494881 -0.1588559 -0.1720731 -0.1916084 -0.2211347 -0.2650737 -0.2884447 -0.2884447 -9999.000 -9999.000 -9999.000 -9999.000 -9999.000 -9999.000 -9999.000 -9999.000 -9999.000 -9999.000 -9999.000 -9999.000 -9999.000 -9999.000 -9999.000 -9999.000 -9999.000 -9999.000 -9999.000 -9999.000 -9999.000 -9999.000 -9999.000 -9999.000 -9999.000 -9999.000 -9999.000 -9999.000
-9999.000 -9999.000 -9999.000 -9999.000 -9999.000 -9999.000 -9999.000 -9999.000 -9999.000 -9999.000 -9999.000 -9999.000 -9999.000 -9999.000 -9999.000 -0.1214211 -0.1066337 -0.1077352 -0.1117022 -0.1168441 -0.1226295 -0.1288994 -0.1358462 -0.1441162 -0.1549413 -0.1703020 -0.1931849 -0.2281245 -0.2810818 -0.3171194 -0.3171194 -9999.000 -9999.000 -9999.000 -9999.000 -9999.000 -9999.000 -9999.000 -9999.000 -9999.000 -9999.000 -9999.000 -9999.000 -9999.000 -9999.000 -9999.000 -9999.000 -9999.000 -9999.000 -9999.000 -9999.000 -9999.000 -9999.000 -9999.000 -9999.000 -9999.000 -9999.000 -9999.000 -9999.000
-9999.000 -9999.000 -9999.000 -9999.000 -9999.000 -9999.000 -9999.000 -9999.000 -9999.000 -9999.000 -9999.000 -9999.000 -9999.000 -9999.000 -9999.000 -0.1107086 -0.9541805E-01 -0.9675832E-01 -0.1012584 -0.1070815 -0.1136295 -0.1207171 -0.1285627 -0.1379163 -0.1502254 -0.1678461 -0.1943901 -0.2354747 -0.2991819 -0.3534247 -0.3534247 -9999.000 -9999.000 -9999.000 -9999.000 -9999.000 -9999.000 -9999.000 -9999.000 -9999.000 -9999.000 -9999.000 -9999.000 -9999.000 -9999.000 -9999.000 -9999.000 -9999.000 -9999.000 -9999.000 -9999.000 -9999.000 -9999.000 -9999.000 -9999.000 -9999.000 -9999.000 -9999.000 -9999.000
-9999.000 -9999.000 -9999.000 -9999.000 -9999.000 -9999.000 -9999.000 -9999.000 -9999.000 -9999.000 -9999.000 -9999.000 -9999.000 -9999.000 -9999.000 -0.9859285E-01 -0.8317526E-01 -0.8478455E-01 -0.8981955E-01 -0.9631470E-01 -0.1036038 -0.1114727 -0.1201686 -0.1305589 -0.1443388 -0.1643057 -0.1948313 -0.2429123 -0.3195857 -0.4007943 -0.4007943 -9999.000 -9999.000 -9999.000 -9999.000 -9999.000 -9999.000 -9999.000 -9999.000 -9999.000 -9999.000 -9999.000 -9999.000 -9999.000 -9999.000 -9999.000 -9999.000 -9999.000 -9999.000 -9999.000 -9999.000 -9999.000 -9999.000 -9999.000 -9999.000 -9999.000 -9999.000 -9999.000 -9999.000
-9999.000 -9999.000 -9999.000 -9999.000 -9999.000 -9999.000 -9999.000 -9999.000 -9999.000 -9999.000 -9999.000 -9999.000 -9999.000 -9999.000 -9999.000 -0.8465288E-01 -0.6959281E-01 -0.7151133E-01 -0.7707986E-01 -0.8422325E-01 -0.9220460E-01 -0.1007771 -0.1102189 -0.1215294 -0.1366880 -0.1590100 -0.1937941 -0.2498147 -0.3422826 -0.4653836 -0.4653836 -9999.000 -9999.000 -9999.000 -9999.000 -9999.000 -9999.000 -9999.000 -9999.000 -9999.000 -9999.000 -9999.000 -9999.000 -9999.000 -9999.000 -9999.000 -9999.000 -9999.000 -9999.000 -9999.000 -9999.000 -9999.000 -9999.000 -9999.000 -9999.000 -9999.000 -9999.000 -9999.000 -9999.000
-9999.000 -9999.000 -9999.000 -9999.000 -9999.000 -9999.000 -9999.000 -9999.000 -9999.000 -9999.000 -9999.000 -9999.000 -9999.000 -9999.000 -9999.000 -0.6176578E-01 -0.5152426E-01 -0.5518392E-01 -0.6224228E-01 -0.7064731E-01 -0.7967316E-01 -0.8910209E-01 -0.9929410E-01 -0.1114266 -0.1278154 -0.1523780 -0.1915251 -0.2563008 -0.3677287 -0.5583975 -0.5583975 -9999.000 -9999.000 -9999.000 -9999.000 -9999.000 -9999.000 -9999.000 -9999.000 -9999.000 -9999.000 -9999.000 -9999.000 -9999.000 -9999.000 -9999.000 -9999.000 -9999.000 -9999.000 -9999.000 -9999.000 -9999.000 -9999.000 -9999.000 -9999.000 -9999.000 -9999.000 -9999.000 -9999.000
-0.2937227E-02 -0.2937227E-02 -0.4067326E-02 -0.4714462E-02 -0.4773759E-02 -0.4773759E-02 -0.4782452E-02 -0.4759402E-02 -0.4759402E-02 -0.4731048E-02 -0.4731048E-02 -0.4702872E-02 -0.4687509E-02 -0.4671065E-02 -0.1488058E-01 -0.1488058E-01 -0.6229524E-01 -0.6995002E-01 -0.8144028E-01 -0.9500845E-01 -0.1092722 -0.1233661 -0.1370043 -0.1506833 -0.1660113 -0.1862242 -0.2171027 -0.2688548 -0.3602640 -0.5590945 -0.5590945 -0.3024697 -0.1558600 -0.2563714E-01 -0.4975534E-02 -0.4975534E-02 0.8950184E-02 0.8950184E-02 0.1381490E-02 0.1381490E-02 -0.2675219E-01 -0.1260004E-01 -0.1260004E-01 0.4709229E-02 0.4709229E-02 0.1088532E-01 0.1088532E-01 0.1088532E-01 0.9626345E-02 0.9626345E-02 0.7652996E-02 0.7652996E-02 0.6084706E-02 0.6084706E-02 0.3859378E-02 0.3859378E-02 0.2217208E-02 0.2217208E-02 0.2217208E-02
-0.4442285E-02 -0.4442285E-02 -0.5975140E-02 -0.6732969E-02 -0.6770541E-02 -0.6770541E-02 -0.6754559E-02 -0.6704078E-02 -0.6704078E-02 -0.6673334E-02 -0.6673334E-02 -0.6650889E-02 -0.6637909E-02 -0.6623378E-02 -0.2084783E-01 -0.2084783E-01 -0.9116288E-01 -0.1043562 -0.1231302 -0.1454248 -0.1692702 -0.1930819 -0.2156743 -0.2363989 -0.2553772 -0.2738470 -0.2946779 -0.3230452 -0.3668999 -0.4421491 -0.4421491 -0.2773596 -0.1605695 -0.3681809E-01 -0.8946217E-02 -0.8946217E-02 0.2444610E-01 0.2444610E-01 0.3306534E-01 0.3306534E-01 -0.7503322E-02 -0.1670104E-01 -0.1670104E-01 0.1148986E-01 0.1148986E-01 0.2230544E-01 0.2230544E-01 0.2230544E-01 0.1930024E-01 0.1930024E-01 0.1472127E-01 0.1472127E-01 0.9890351E-02 0.9890351E-02 0.7362776E-02 0.7362776E-02 0.4704420E-02 0.4704420E-02 0.4704420E-02
-0.3546673E-02 -0.3546673E-02 -0.4942249E-02 -0.5715919E-02 -0.5751836E-02 -0.5751836E-02 -0.5727943E-02 -0.5668826E-02 -0.5668826E-02 -0.5649792E-02 -0.5649792E-02 -0.5648616E-02 -0.5647368E-02 -0.5644472E-02 -0.1523726E-01 -0.1523726E-01 -0.9462692E-01 -0.1129944 -0.1369482 -0.1654711 -0.1968696 -0.2295319 -0.2619649 -0.2929186 -0.3215615 -0.3476827 -0.3719137 -0.3957637 -0.4211058 -0.4491396 -0.4491396 -0.3478480 -0.2531132 -0.1132101 -0.6150178E-01 -0.6150178E-01 0.2673995E-01 0.2673995E-01 0.8921750E-01 0.8921750E-01 0.7153463E-01 0.1489948E-01 0.1489948E-01 0.2278499E-01 0.2278499E-01 0.3035459E-01 0.3035459E-01 0.3035459E-01 0.2540860E-01 0.2540860E-01 0.1841899E-01 0.1841899E-01 0.1029869E-01 0.1029869E-01 0.7554509E-02 0.7554509E-02 0.4819194E-02 0.4819194E-02 0.4819194E-02
-0.2730043E-02 -0.2730043E-02 -0.3912888E-02 -0.4618753E-02 -0.4645952E-02 -0.4645952E-02 -0.4613320E-02 -0.4540721E-02 -0.4540721E-02 -0.4517467E-02 -0.4517467E-02 -0.4517911E-02 -0.4518528E-02 -0.4517538E-02 -0.1072733E-01 -0.1072733E-01 -0.9138376E-01 -0.1150227 -0.1425712 -0.1748467 -0.2107466 -0.2489527 -0.2880547 -0.3266470 -0.3634504 -0.3974624 -0.4281283 -0.4551566 -0.4777285 -0.4921306 -0.4921306 -0.4227826 -0.3445790 -0.1962303 -0.1244352 -0.1244352 0.1739467E-01 0.1739467E-01 0.1286192 0.1286192 0.1411305 0.7979549E-01 0.7979549E-01 0.4476795E-01 0.4476795E-01 0.3455685E-01 0.3455685E-01 0.3455685E-01 0.2626489E-01 0.2626489E-01 0.1729888E-01 0.1729888E-01 0.7615628E-02 0.7615628E-02 0.3359415E-02 0.3359415E-02 0.9921816E-03 0.9921816E-03 0.9921816E-03
-0.1984592E-02 -0.1984592E-02 -0.2908378E-02 -0.3491639E-02 -0.3511965E-02 -0.3511965E-02 -0.3479335E-02 -0.3408392E-02 -0.3408392E-02 -0.3385226E-02 -0.3385226E-02 -0.3386342E-02 -0.3387623E-02 -0.3387574E-02 -0.7376553E-02 -0.7376553E-02 -0.8433332E-01 -0.1156216 -0.1470110 -0.1824415 -0.2216258 -0.2635703 -0.3070626 -0.3507758 -0.3933404 -0.4334416 -0.4699653 -0.5018468 -0.5273185 -0.5405022 -0.5405022 -0.4892443 -0.4223703 -0.2634277 -0.1731675 -0.1731675 0.9211822E-02 0.9211822E-02 0.1469753 0.1469753 0.1785230 0.1431616 0.1431616 0.7774941E-01 0.7774941E-01 0.3930440E-01 0.3930440E-01 0.3930440E-01 0.2493862E-01 0.2493862E-01 0.1315042E-01 0.1315042E-01 0.2504392E-02 0.2504392E-02 -0.2742899E-02 -0.2742899E-02 -0.4465498E-02 -0.4465498E-02 -0.4465498E-02
-0.1292947E-02 -0.1292947E-02 -0.1925497E-02 -0.2341239E-02 -0.2355098E-02 -0.2355098E-02 -0.2329390E-02 -0.2273678E-02 -0.2273678E-02 -0.2255184E-02 -0.2255184E-02 -0.2256343E-02 -0.2257613E-02 -0.2258095E-02 -0.4810314E-02 -0.4810314E-02 -0.7506855E-01 -0.1153930 -0.1519561 -0.1910710 -0.2335321 -0.2787063 -0.3255895 -0.3730029 -0.4196544 -0.4642029 -0.5053148 -0.5416139 -0.5707903 -0.5853396 -0.5853396 -0.5450118 -0.4816899 -0.3012128 -0.1942564 -0.1942564 0.7359227E-02 0.7359227E-02 0.1477726 0.1477726 0.1865044 0.1826754 0.1826754 0.1139311 0.1139311 0.4676772E-01 0.4676772E-01 0.4676772E-01 0.2376182E-01 0.2376182E-01 0.8030153E-02 0.8030153E-02 -0.3689120E-02 -0.3689120E-02 -0.9413818E-02 -0.9413818E-02 -0.1029129E-01 -0.1029129E-01 -0.1029129E-01
-0.6374742E-03 -0.6374742E-03 -0.9584653E-03 -0.1174658E-02 -0.1181704E-02 -0.1181704E-02 -0.1167739E-02 -0.1137275E-02 -0.1137275E-02 -0.1127073E-02 -0.1127073E-02 -0.1127736E-02 -0.1128545E-02 -0.1128964E-02 -0.2757997E-02 -0.2757997E-02 -0.6589826E-01 -0.1143096 -0.1579240 -0.2019332 -0.2482184 -0.2967156 -0.3467201 -0.3972432 -0.4471100 -0.4950203 -0.5395836 -0.5792976 -0.6113129 -0.6259993 -0.6259993 -0.5884179 -0.5170240 -0.3040014 -0.1878959 -0.1878959 0.7988907E-02 0.7988907E-02 0.1357713 0.1357713 0.1748141 0.1942666 0.1942666 0.1426953 0.1426953 0.5720029E-01 0.5720029E-01 0.5720029E-01 0.2425409E-01 0.2425409E-01 0.3435316E-02 0.3435316E-02 -0.9846386E-02 -0.9846386E-02 -0.1578202E-01 -0.1578202E-01 -0.1566045E-01 -0.1566045E-01 -0.1566045E-01
0.3336411E-07 0.3336411E-07 0.1106342E-06 0.6555715E-07 0.1102031E-06 0.1102031E-06 0.5402761E-07 0.1040948E-06 0.1040948E-06 -0.1744712E-07 -0.1744712E-07 -0.2731755E-07 -0.1019863E-06 -0.3256157E-07 -0.1038075E-02 -0.1038075E-02 -0.5907792E-01 -0.1136104 -0.1655440 -0.2159552 -0.2669744 -0.3191802 -0.3723152 -0.4256860 -0.4783029 -0.5289535 -0.5762473 -0.6185865 -0.6521234 -0.6624685 -0.6624685 -0.6135301 -0.5196933 -0.2777920 -0.1657869 -0.1657869 0.5945016E-02 0.5945016E-02 0.1159576 0.1159576 0.1524605 0.1849262 0.1849262 0.1566868 0.1566868 0.6850513E-01 0.6850513E-01 0.6850513E-01 0.2678641E-01 0.2678641E-01 0.3890854E-03 0.3890854E-03 -0.1495995E-01 -0.1495995E-01 -0.2105787E-01 -0.2105787E-01 -0.1990054E-01 -0.1990054E-01 -0.1990054E-01
0.6375206E-03 0.6375206E-03 0.9586060E-03 0.1174847E-02 0.1181918E-02 0.1181918E-02 0.1167844E-02 0.1137348E-02 0.1137348E-02 0.1127102E-02 0.1127102E-02 0.1127782E-02 0.1128428E-02 0.1128859E-02 0.4685729E-03 0.4685729E-03 -0.5669202E-01 -0.1157600 -0.1762446 -0.2343948 -0.2912413 -0.3477210 -0.4041053 -0.4601347 -0.5151269 -0.5680460 -0.6175575 -0.6618862 -0.6946574 -0.6903002 -0.6903002 -0.6089948 -0.4846583 -0.2388949 -0.1416974 -0.1416974 0.1269389E-03 0.1269389E-03 0.9302078E-01 0.9302078E-01 0.1259163 0.1634887 0.1634887 0.1548244 0.1548244 0.7723883E-01 0.7723883E-01 0.7723883E-01 0.3049839E-01 0.3049839E-01 -0.6843315E-03 -0.6843315E-03 -0.1820463E-01 -0.1820463E-01 -0.2449826E-01 -0.2449826E-01 -0.2243454E-01 -0.2243454E-01 -0.2243454E-01
0.1293049E-02 0.1293049E-02 0.1925502E-02 0.2341313E-02 0.2355234E-02 0.2355234E-02 0.2329558E-02 0.2273789E-02 0.2273789E-02 0.2255187E-02 0.2255187E-02 0.2256257E-02 0.2257595E-02 0.2257925E-02 0.1839277E-02 0.1839277E-02 -0.6084300E-01 -0.1242668 -0.1928261 -0.2594033 -0.3230045 -0.3843414 -0.4441071 -0.5025645 -0.5594780 -0.6141195 -0.6653023 -0.7108121 -0.7373585 -0.6959882 -0.6959882 -0.5642585 -0.4226647 -0.2018493 -0.1217046 -0.1217046 -0.6988835E-02 -0.6988835E-02 0.7046323E-01 0.7046323E-01 0.9912175E-01 0.1364539 0.1364539 0.1404471 0.1404471 0.8030862E-01 0.8030862E-01 0.8030862E-01 0.3370808E-01 0.3370808E-01 -0.2068429E-05 -0.2068429E-05 -0.1906922E-01 -0.1906922E-01 -0.2549438E-01 -0.2549438E-01 -0.2280432E-01 -0.2280432E-01 -0.2280432E-01
0.1984744E-02 0.1984744E-02 0.2908398E-02 0.3491664E-02 0.3512016E-02 0.3512016E-02 0.3479467E-02 0.3408526E-02 0.3408526E-02 0.3385103E-02 0.3385103E-02 0.3386136E-02 0.3387502E-02 0.3387512E-02 0.3123773E-02 0.3123773E-02 -0.7430631E-01 -0.1437209 -0.2198806 -0.2947048 -0.3653509 -0.4318118 -0.4949215 -0.5554276 -0.6136284 -0.6692393 -0.7213310 -0.7663449 -0.7710723 -0.6563108 -0.6563108 -0.4900260 -0.3556668 -0.1706724 -0.1060126 -0.1060126 -0.1254146E-01 -0.1254146E-01 0.5030302E-01 0.5030302E-01 0.7415582E-01 0.1077558 0.1077558 0.1180965 0.1180965 0.7624182E-01 0.7624182E-01 0.7624182E-01 0.3467198E-01 0.3467198E-01 0.1748760E-02 0.1748760E-02 -0.1742177E-01 -0.1742177E-01 -0.2367554E-01 -0.2367554E-01 -0.2073445E-01 -0.2073445E-01 -0.2073445E-01
0.2730059E-02 0.2730059E-02 0.3912929E-02 0.4618762E-02 0.4645976E-02 0.4645976E-02 0.4613400E-02 0.4540770E-02 0.4540770E-02 0.4517407E-02 0.4517407E-02 0.4517808E-02 0.4518541E-02 0.4517571E-02 0.4354239E-02 0.4354239E-02 -0.1018000 -0.1805381 -0.2643356 -0.3464056 -0.4232976 -0.4943260 -0.5602100 -0.6220183 -0.6805612 -0.7360748 -0.7879326 -0.8275921 -0.7663319 -0.5749005 -0.5749005 -0.4114103 -0.2932846 -0.1414835 -0.9049631E-01 -0.9049631E-01 -0.1534531E-01 -0.1534531E-01 0.3328135E-01 0.3328135E-01 0.5184513E-01 0.7947980E-01 0.7947980E-01 0.9152955E-01 0.9152955E-01 0.6533803E-01 0.6533803E-01 0.6533803E-01 0.3227436E-01 0.3227436E-01 0.3734839E-02 0.3734839E-02 -0.1348313E-01 -0.1348313E-01 -0.1900007E-01 -0.1900007E-01 -0.1621144E-01 -0.1621144E-01 -0.1621144E-01
