simulation_files/asc/Velocity__y_275.0.asc
NCOLS        79
NROWS        79
XLLCENTER         -1.500000
YLLCENTER         -4.800000
CELLSIZE           0.100
NODATA_VALUE     -9999.0
[rows 0 to 25 of 79, columns 0 to 58 of 79]
-9999.000 -9999.000 -9999.000 -9999.000 -9999.000 -9999.000 -9999.000 -9999.000 -9999.000 -9999.000 -9999.000 -9999.000 -9999.000 -9999.000 -9999.000 -0.9331430E-01 -0.9067123E-01 -0.8976118E-01 -0.8971114E-01 -0.9021227E-01 -0.9088369E-01 -0.9158944E-01 -0.9227753E-01 -0.9286539E-01 -0.9339479E-01 -0.9386507E-01 -0.9431398E-01 -0.9492702E-01 -0.9630898E-01 -0.9767304E-01 -0.9767304E-01 -9999.000 -9999.000 -9999.000 -9999.000 -9999.000 -9999.000 -9999.000 -9999.000 -9999.000 -9999.000 -9999.000 -9999.000 -9999.000 -9999.000 -9999.000 -9999.000 -9999.000 -9999.000 -9999.000 -9999.000 -9999.000 -9999.000 -9999.000 -9999.000 -9999.000 -9999.000 -9999.000 -9999.000
-9999.000 -9999.000 -9999.000 -9999.000 -9999.000 -9999.000 -9999.000 -9999.000 -9999.000 -9999.000 -9999.000 -9999.000 -9999.000 -9999.000 -9999.000 -0.9300891E-01 -0.8750542E-01 -0.8557183E-01 -0.8549449E-01 -0.8662760E-01 -0.8816127E-01 -0.8979726E-01 -0.9141576E-01 -0.9283317E-01 -0.9413060E-01 -0.9530048E-01 -0.9641728E-01 -0.9786705E-01 -0.1009115 -0.1042114 -0.1042114 -9999.000 -9999.000 -9999.000 -9999.000 -9999.000 -9999.000 -9999.000 -9999.000 -9999.000 -9999.000 -9999.000 -9999.000 -9999.000 -9999.000 -9999.000 -9999.000 -9999.000 -9999.000 -9999.000 -9999.000 -9999.000 -9999.000 -9999.000 -9999.000 -9999.000 -9999.000 -9999.000 -9999.000
-9999.000 -9999.000 -9999.000 -9999.000 -9999.000 -9999.000 -9999.000 -9999.000 -9999.000 -9999.000 -9999.000 -9999.000 -9999.000 -9999.000 -9999.000 -0.9153117E-01 -0.8295833E-01 -0.7987285E-01 -0.7983306E-01 -0.8181267E-01 -0.8450411E-01 -0.8741451E-01 -0.9033375E-01 -0.9294960E-01 -0.9537969E-01 -0.9759746E-01 -0.9971070E-01 -0.1023278 -0.1074561 -0.1134570 -0.1134570 -9999.000 -9999.000 -9999.000 -9999.000 -9999.000 -9999.000 -9999.000 -9999.000 -9999.000 -9999.000 -9999.000 -9999.000 -9999.000 -9999.000 -9999.000 -9999.000 -9999.000 -9999.000 -9999.000 -9999.000 -9999.000 -9999.000 -9999.000 -9999.000 -9999.000 -9999.000 -9999.000 -9999.000
-9999.000 -9999.000 -9999.000 -9999.000 -9999.000 -9999.000 -9999.000 -9999.000 -9999.000 -9999.000 -9999.000 -9999.000 -9999.000 -9999.000 -9999.000 -0.8946580E-01 -0.7787806E-01 -0.7365425E-01 -0.7370514E-01 -0.7661375E-01 -0.8055941E-01 -0.8485126E-01 -0.8918588E-01 -0.9311486E-01 -0.9679259E-01 -0.1001674 -0.1033772 -0.1072592 -0.1146045 -0.1238098 -0.1238098 -9999.000 -9999.000 -9999.000 -9999.000 -9999.000 -9999.000 -9999.000 -9999.000 -9999.000 -9999.000 -9999.000 -9999.000 -9999.000 -9999.000 -9999.000 -9999.000 -9999.000 -9999.000 -9999.000 -9999.000 -9999.000 -9999.000 -9999.000 -9999.000 -9999.000 -9999.000 -9999.000 -9999.000
-9999.000 -9999.000 -9999.000 -9999.000 -9999.000 -9999.000 -9999.000 -9999.000 -9999.000 -9999.000 -9999.000 -9999.000 -9999.000 -9999.000 -9999.000 -0.8703975E-01 -0.7244887E-01 -0.6708435E-01 -0.6725731E-01 -0.7115014E-01 -0.7641245E-01 -0.8215326E-01 -0.8797494E-01 -0.9328507E-01 -0.9828006E-01 -0.1028778 -0.1072473 -0.1124676 -0.1221633 -0.1351181 -0.1351181 -9999.000 -9999.000 -9999.000 -9999.000 -9999.000 -9999.000 -9999.000 -9999.000 -9999.000 -9999.000 -9999.000 -9999.000 -9999.000 -9999.000 -9999.000 -9999.000 -9999.000 -9999.000 -9999.000 -9999.000 -9999.000 -9999.000 -9999.000 -9999.000 -9999.000 -9999.000 -9999.000 -9999.000
-9999.000 -9999.000 -9999.000 -9999.000 -9999.000 -9999.000 -9999.000 -9999.000 -9999.000 -9999.000 -9999.000 -9999.000 -9999.000 -9999.000 -9999.000 -0.8432730E-01 -0.6673862E-01 -0.6022892E-01 -0.6054929E-01 -0.6547138E-01 -0.7209734E-01 -0.7933717E-01 -0.8669782E-01 -0.9343503E-01 -0.9979708E-01 -0.1056649 -0.1112417 -0.1178655 -0.1300565 -0.1473972 -0.1473972 -9999.000 -9999.000 -9999.000 -9999.000 -9999.000 -9999.000 -9999.000 -9999.000 -9999.000 -9999.000 -9999.000 -9999.000 -9999.000 -9999.000 -9999.000 -9999.000 -9999.000 -9999.000 -9999.000 -9999.000 -9999.000 -9999.000 -9999.000 -9999.000 -9999.000 -9999.000 -9999.000 -9999.000
-9999.000 -9999.000 -9999.000 -9999.000 -9999.000 -9999.000 -9999.000 -9999.000 -9999.000 -9999.000 -9999.000 -9999.000 -9999.000 -9999.000 -9999.000 -0.8133361E-01 -0.6076032E-01 -0.5310440E-01 -0.5359810E-01 -0.5959275E-01 -0.6762400E-01 -0.7640492E-01 -0.8534793E-01 -0.9354781E-01 -0.1013172 -0.1084935 -0.1153181 -0.1234098 -0.1382608 -0.1607600 -0.1607600 -9999.000 -9999.000 -9999.000 -9999.000 -9999.000 -9999.000 -9999.000 -9999.000 -9999.000 -9999.000 -9999.000 -9999.000 -9999.000 -9999.000 -9999.000 -9999.000 -9999.000 -9999.000 -9999.000 -9999.000 -9999.000 -9999.000 -9999.000 -9999.000 -9999.000 -9999.000 -9999.000 -9999.000
-9999.000 -9999.000 -9999.000 -9999.000 -9999.000 -9999.000 -9999.000 -9999.000 -9999.000 -9999.000 -9999.000 -9999.000 -9999.000 -9999.000 -9999.000 -0.7802968E-01 -0.5450116E-01 -0.4570416E-01 -0.4640120E-01 -0.5351363E-01 -0.6298975E-01 -0.7335084E-01 -0.8391553E-01 -0.9360760E-01 -0.1028198 -0.1113381 -0.1194478 -0.1290752 -0.1467765 -0.1753933 -0.1753933 -9999.000 -9999.000 -9999.000 -9999.000 -9999.000 -9999.000 -9999.000 -9999.000 -9999.000 -9999.000 -9999.000 -9999.000 -9999.000 -9999.000 -9999.000 -9999.000 -9999.000 -9999.000 -9999.000 -9999.000 -9999.000 -9999.000 -9999.000 -9999.000 -9999.000 -9999.000 -9999.000 -9999.000
-9999.000 -9999.000 -9999.000 -9999.000 -9999.000 -9999.000 -9999.000 -9999.000 -9999.000 -9999.000 -9999.000 -9999.000 -9999.000 -9999.000 -9999.000 -0.7436709E-01 -0.4793305E-01 -0.3800787E-01 -0.3894436E-01 -0.4722359E-01 -0.5818465E-01 -0.7016301E-01 -0.8238651E-01 -0.9359548E-01 -0.1042839 -0.1141745 -0.1236043 -0.1348401 -0.1556139 -0.1915567 -0.1915567 -9999.000 -9999.000 -9999.000 -9999.000 -9999.000 -9999.000 -9999.000 -9999.000 -9999.000 -9999.000 -9999.000 -9999.000 -9999.000 -9999.000 -9999.000 -9999.000 -9999.000 -9999.000 -9999.000 -9999.000 -9999.000 -9999.000 -9999.000 -9999.000 -9999.000 -9999.000 -9999.000 -9999.000
-9999.000 -9999.000 -9999.000 -9999.000 -9999.000 -9999.000 -9999.000 -9999.000 -9999.000 -9999.000 -9999.000 -9999.000 -9999.000 -9999.000 -9999.000 -0.7028309E-01 -0.4101723E-01 -0.2998588E-01 -0.3120488E-01 -0.4070532E-01 -0.5319202E-01 -0.6682434E-01 -0.8074225E-01 -0.9348786E-01 -0.1056829 -0.1169726 -0.1277557 -0.1406792 -0.1647851 -0.2095989 -0.2095989 -9999.000 -9999.000 -9999.000 -9999.000 -9999.000 -9999.000 -9999.000 -9999.000 -9999.000 -9999.000 -9999.000 -9999.000 -9999.000 -9999.000 -9999.000 -9999.000 -9999.000 -9999.000 -9999.000 -9999.000 -9999.000 -9999.000 -9999.000 -9999.000 -9999.000 -9999.000 -9999.000 -9999.000
-9999.000 -9999.000 -9999.000 -9999.000 -9999.000 -9999.000 -9999.000 -9999.000 -9999.000 -9999.000 -9999.000 -9999.000 -9999.000 -9999.000 -9999.000 -0.6570131E-01 -0.3370470E-01 -0.2159904E-01 -0.2315181E-01 -0.3393412E-01 -0.4798786E-01 -0.6331022E-01 -0.7895625E-01 -0.9325301E-01 -0.1069826 -0.1196937 -0.1318593 -0.1465562 -0.1742991 -0.2299895 -0.2299895 -9999.000 -9999.000 -9999.000 -9999.000 -9999.000 -9999.000 -9999.000 -9999.000 -9999.000 -9999.000 -9999.000 -9999.000 -9999.000 -9999.000 -9999.000 -9999.000 -9999.000 -9999.000 -9999.000 -9999.000 -9999.000 -9999.000 -9999.000 -9999.000 -9999.000 -9999.000 -9999.000 -9999.000
-9999.000 -9999.000 -9999.000 -9999.000 -9999.000 -9999.000 -9999.000 -9999.000 -9999.000 -9999.000 -9999.000 -9999.000 -9999.000 -9999.000 -9999.000 -0.6052966E-01 -0.2593380E-01 -0.1279650E-01 -0.1474434E-01 -0.2687608E-01 -0.4253948E-01 -0.5958651E-01 -0.7699201E-01 -0.9284683E-01 -0.1081348 -0.1222823 -0.1358547 -0.1524178 -0.1841557 -0.2533715 -0.2533715 -9999.000 -9999.000 -9999.000 -9999.000 -9999.000 -9999.000 -9999.000 -9999.000 -9999.000 -9999.000 -9999.000 -9999.000 -9999.000 -9999.000 -9999.000 -9999.000 -9999.000 -9999.000 -9999.000 -9999.000 -9999.000 -9999.000 -9999.000 -9999.000 -9999.000 -9999.000 -9999.000 -9999.000
-9999.000 -9999.000 -9999.000 -9999.000 -9999.000 -9999.000 -9999.000 -9999.000 -9999.000 -9999.000 -9999.000 -9999.000 -9999.000 -9999.000 -9999.000 -0.5465140E-01 -0.1762308E-01 -0.3510232E-02 -0.5926219E-02 -0.1948432E-01 -0.3680130E-01 -0.5560646E-01 -0.7479889E-01 -0.9220854E-01 -0.1090722 -0.1246612 -0.1396546 -0.1581814 -0.1943356 -0.2806494 -0.2806494 -9999.000 -9999.000 -9999.000 -9999.000 -9999.000 -9999.000 -9999.000 -9999.000 -9999.000 -9999.000 -9999.000 -9999.000 -9999.000 -9999.000 -9999.000 -9999.000 -9999.000 -9999.000 -9999.000 -9999.000 -9999.000 -9999.000 -9999.000 -9999.000 -9999.000 -9999.000 -9999.000 -9999.000
-9999.000 -9999.000 -9999.000 -9999.000 -9999.000 -9999.000 -9999.000 -9999.000 -9999.000 -9999.000 -9999.000 -9999.000 -9999.000 -9999.000 -9999.000 -0.4745680E-01 -0.8338638E-02 0.6499449E-02 0.3341034E-02 -0.1178936E-01 -0.3081378E-01 -0.5140688E-01 -0.7240099E-01 -0.9133738E-01 -0.1097722 -0.1267800 -0.1431837 -0.1637663 -0.2048284 -0.3131939 -0.3131939 -9999.000 -9999.000 -9999.000 -9999.000 -9999.000 -9999.000 -9999.000 -9999.000 -9999.000 -9999.000 -9999.000 -9999.000 -9999.000 -9999.000 -9999.000 -9999.000 -9999.000 -9999.000 -9999.000 -9999.000 -9999.000 -9999.000 -9999.000 -9999.000 -9999.000 -9999.000 -9999.000 -9999.000
-9999.000 -9999.000 -9999.000 -9999.000 -9999.000 -9999.000 -9999.000 -9999.000 -9999.000 -9999.000 -9999.000 -9999.000 -9999.000 -9999.000 -9999.000 -0.3262008E-02 0.1403199E-01 0.1631620E-01 0.5192572E-02 -0.1244128E-01 -0.3198398E-01 -0.5311503E-01 -0.7470243E-01 -0.9404028E-01 -0.1131046 -0.1307093 -0.1478479 -0.1700090 -0.2158815 -0.3508085 -0.3508085 -9999.000 -9999.000 -9999.000 -9999.000 -9999.000 -9999.000 -9999.000 -9999.000 -9999.000 -9999.000 -9999.000 -9999.000 -9999.000 -9999.000 -9999.000 -9999.000 -9999.000 -9999.000 -9999.000 -9999.000 -9999.000 -9999.000 -9999.000 -9999.000 -9999.000 -9999.000 -9999.000 -9999.000
-0.4066591E-02 -0.4066591E-02 -0.5368450E-02 -0.7079565E-02 -0.6589571E-02 -0.6589571E-02 -0.6430338E-02 -0.6377228E-02 -0.6377228E-02 -0.6368570E-02 -0.6368570E-02 -0.6346093E-02 -0.6331010E-02 -0.6314536E-02 -0.6301249E-02 -0.6301249E-02 0.2806406E-01 0.2287249E-01 0.7760252E-02 -0.1389133E-01 -0.3984709E-01 -0.6901988E-01 -0.1000865 -0.1311444 -0.1614772 -0.1900446 -0.2164374 -0.2423118 -0.2756503 -0.3541596 -0.3541596 -0.1966108 -0.1057416 -0.3666749E-01 -0.2744585E-01 -0.2744585E-01 -0.2047593E-01 -0.2047593E-01 -0.7914239E-02 -0.7914239E-02 0.3258965E-02 0.2711977E-01 0.2711977E-01 0.1135079E-01 0.1135079E-01 -0.3711485E-02 -0.3711485E-02 -0.3711485E-02 0.1216343E-03 0.1216343E-03 0.8581977E-03 0.8581977E-03 -0.1911788E-04 -0.1911788E-04 -0.1278971E-02 -0.1278971E-02 -0.2509521E-02 -0.2509521E-02 -0.2509521E-02
-0.5962475E-02 -0.5962475E-02 -0.7326806E-02 -0.1037540E-01 -0.9373800E-02 -0.9373800E-02 -0.9023838E-02 -0.8947387E-02 -0.8947387E-02 -0.8976568E-02 -0.8976568E-02 -0.8970533E-02 -0.8959619E-02 -0.8946737E-02 -0.8952071E-02 -0.8952071E-02 0.2305233E-01 0.1848355E-01 0.2881735E-02 -0.2276193E-01 -0.5685636E-01 -0.9722116E-01 -0.1419598 -0.1894733 -0.2375526 -0.2845847 -0.3288875 -0.3686552 -0.4017976 -0.4258409 -0.4258409 -0.2889087 -0.1921728 -0.1000636 -0.8175789E-01 -0.8175789E-01 -0.5756851E-01 -0.5756851E-01 -0.1477985E-01 -0.1477985E-01 0.1857652E-01 0.8595484E-01 0.8595484E-01 0.7584410E-01 0.7584410E-01 0.1505323E-01 0.1505323E-01 0.1505323E-01 0.6849242E-02 0.6849242E-02 0.1969706E-02 0.1969706E-02 -0.2300039E-02 -0.2300039E-02 -0.5967426E-02 -0.5967426E-02 -0.8788749E-02 -0.8788749E-02 -0.8788749E-02
-0.4306514E-02 -0.4306514E-02 -0.4882458E-02 -0.9136344E-02 -0.8110515E-02 -0.8110515E-02 -0.7639033E-02 -0.7525762E-02 -0.7525762E-02 -0.7598479E-02 -0.7598479E-02 -0.7623928E-02 -0.7625834E-02 -0.7625706E-02 -0.7670304E-02 -0.7670304E-02 0.1455032E-01 0.1003280E-01 -0.5601552E-02 -0.3155819E-01 -0.6663303E-01 -0.1091481 -0.1575159 -0.2103972 -0.2660341 -0.3228724 -0.3792377 -0.4330863 -0.4815016 -0.5174860 -0.5174860 -0.4281104 -0.3440655 -0.2286303 -0.1912808 -0.1912808 -0.1232992 -0.1232992 -0.2125148E-01 -0.2125148E-01 0.4533913E-01 0.1659807 0.1659807 0.1862541 0.1862541 0.6693656E-01 0.6693656E-01 0.6693656E-01 0.2564180E-01 0.2564180E-01 0.4338695E-02 0.4338695E-02 -0.8072811E-02 -0.8072811E-02 -0.1604319E-01 -0.1604319E-01 -0.2084593E-01 -0.2084593E-01 -0.2084593E-01
-0.2695402E-02 -0.2695402E-02 -0.3510640E-02 -0.7576229E-02 -0.6626295E-02 -0.6626295E-02 -0.6133915E-02 -0.5995913E-02 -0.5995913E-02 -0.6074716E-02 -0.6074716E-02 -0.6102996E-02 -0.6105029E-02 -0.6105407E-02 -0.6181655E-02 -0.6181655E-02 0.5923830E-02 -0.5885632E-03 -0.1750964E-01 -0.4428061E-01 -0.7994660E-01 -0.1231998 -0.1727077 -0.2273187 -0.2856909 -0.3465548 -0.4085622 -0.4699948 -0.5281444 -0.5761518 -0.5761518 -0.5339969 -0.4740182 -0.3611912 -0.3098760 -0.3098760 -0.1882337 -0.1882337 -0.1312110E-01 -0.1312110E-01 0.8242763E-01 0.2311169 0.2311169 0.2689221 0.2689221 0.1269876 0.1269876 0.1269876 0.5199099E-01 0.5199099E-01 0.9277541E-02 0.9277541E-02 -0.1463820E-01 -0.1463820E-01 -0.2830480E-01 -0.2830480E-01 -0.3529751E-01 -0.3529751E-01 -0.3529751E-01
-0.1149180E-02 -0.1149180E-02 -0.3224275E-02 -0.5749714E-02 -0.5013935E-02 -0.5013935E-02 -0.4598950E-02 -0.4475764E-02 -0.4475764E-02 -0.4549565E-02 -0.4549565E-02 -0.4576931E-02 -0.4579395E-02 -0.4580506E-02 -0.4696600E-02 -0.4696600E-02 -0.2795445E-02 -0.1314900E-01 -0.3292243E-01 -0.6169556E-01 -0.9869853E-01 -0.1429166 -0.1932644 -0.2487514 -0.3083049 -0.3708733 -0.4353688 -0.5004380 -0.5638795 -0.6199720 -0.6199720 -0.6135463 -0.5788188 -0.4785922 -0.4134315 -0.4134315 -0.2254328 -0.2254328 0.1576092E-01 0.1576092E-01 0.1237871 0.2697719 0.2697719 0.3118221 0.3118221 0.1795892 0.1795892 0.1795892 0.8206107E-01 0.8206107E-01 0.1839722E-01 0.1839722E-01 -0.1888017E-01 -0.1888017E-01 -0.3959749E-01 -0.3959749E-01 -0.4932407E-01 -0.4932407E-01 -0.4932407E-01
0.2618909E-03 0.2618909E-03 -0.2814357E-02 -0.3923966E-02 -0.3384577E-02 -0.3384577E-02 -0.3074700E-02 -0.2978892E-02 -0.2978892E-02 -0.3035287E-02 -0.3035287E-02 -0.3054597E-02 -0.3054937E-02 -0.3054447E-02 -0.3220226E-02 -0.3220226E-02 -0.1204584E-01 -0.2788791E-01 -0.5216955E-01 -0.8436809E-01 -0.1237818 -0.1696099 -0.2210182 -0.2772243 -0.3374083 -0.4007324 -0.4663182 -0.5330900 -0.5993059 -0.6604392 -0.6604392 -0.6786407 -0.6651243 -0.5709566 -0.4820549 -0.4820549 -0.2158734 -0.2158734 0.5537540E-01 0.5537540E-01 0.1555297 0.2792776 0.2792776 0.3200167 0.3200167 0.2161687 0.2161687 0.2161687 0.1114697 0.1114697 0.3155887E-01 0.3155887E-01 -0.1929670E-01 -0.1929670E-01 -0.4814912E-01 -0.4814912E-01 -0.6130434E-01 -0.6130434E-01 -0.6130434E-01
0.7578128E-03 0.7578128E-03 -0.1836268E-02 -0.2010433E-02 -0.1712704E-02 -0.1712704E-02 -0.1544357E-02 -0.1491762E-02 -0.1491762E-02 -0.1522039E-02 -0.1522039E-02 -0.1530451E-02 -0.1528955E-02 -0.1526950E-02 -0.1760212E-02 -0.1760212E-02 -0.2255159E-01 -0.4549748E-01 -0.7599656E-01 -0.1131756 -0.1562618 -0.2045754 -0.2575050 -0.3145105 -0.3750494 -0.4385462 -0.5043629 -0.5716851 -0.6391531 -0.7031699 -0.7031699 -0.7372747 -0.7381941 -0.6247047 -0.4934555 -0.4934555 -0.1633490 -0.1633490 0.8664569E-01 0.8664569E-01 0.1668027 0.2646491 0.2646491 0.3037555 0.3037555 0.2335741 0.2335741 0.2335741 0.1354686 0.1354686 0.4698489E-01 0.4698489E-01 -0.1558989E-01 -0.1558989E-01 -0.5290809E-01 -0.5290809E-01 -0.7006689E-01 -0.7006689E-01 -0.7006689E-01
0.6540787E-07 0.6540787E-07 -0.2557322E-07 -0.7217708E-07 -0.8708879E-09 -0.8708879E-09 0.5197427E-07 0.2013701E-06 0.2013701E-06 0.1510478E-07 0.1510478E-07 -0.5397088E-07 0.1060964E-07 0.2160743E-06 -0.3278957E-03 -0.3278957E-03 -0.3536407E-01 -0.6719115E-01 -0.1057120 -0.1495047 -0.1976114 -0.2493999 -0.3044462 -0.3624617 -0.4232012 -0.4863974 -0.5517066 -0.6186108 -0.6860889 -0.7510445 -0.7510445 -0.7933937 -0.7976559 -0.6156428 -0.4321887 -0.4321887 -0.9687135E-01 -0.9687135E-01 0.9709266E-01 0.9709266E-01 0.1568588 0.2345703 0.2345703 0.2728543 0.2728543 0.2328753 0.2328753 0.2328753 0.1501492 0.1501492 0.6176122E-01 0.6176122E-01 -0.8532053E-02 -0.8532053E-02 -0.5340137E-01 -0.5340137E-01 -0.7468984E-01 -0.7468984E-01 -0.7468984E-01
-0.7576965E-03 -0.7576965E-03 0.1836249E-02 0.2010396E-02 0.1712643E-02 0.1712643E-02 0.1544495E-02 0.1491882E-02 0.1491882E-02 0.1522004E-02 0.1522004E-02 0.1530437E-02 0.1529212E-02 0.1527251E-02 0.1070450E-02 0.1070450E-02 -0.5202124E-01 -0.9487822E-01 -0.1433892 -0.1954679 -0.2499258 -0.3061586 -0.3639229 -0.4231891 -0.4840216 -0.5464857 -0.6105735 -0.6760992 -0.7422960 -0.8056684 -0.8056684 -0.8464545 -0.8314762 -0.5223516 -0.3164586 -0.3164586 -0.4757029E-01 -0.4757029E-01 0.8791852E-01 0.8791852E-01 0.1328279 0.1971340 0.1971340 0.2344378 0.2344378 0.2174565 0.2174565 0.2174565 0.1534390 0.1534390 0.7270768E-01 0.7270768E-01 0.2667797E-03 0.2667797E-03 -0.4974100E-01 -0.4974100E-01 -0.7453461E-01 -0.7453461E-01 -0.7453461E-01
-0.2616350E-03 -0.2616350E-03 0.2814395E-02 0.3923787E-02 0.3384563E-02 0.3384563E-02 0.3074825E-02 0.2979098E-02 0.2979098E-02 0.3035430E-02 0.3035430E-02 0.3054809E-02 0.3055267E-02 0.3054568E-02 0.2424808E-02 0.2424808E-02 -0.7494127E-01 -0.1315805 -0.1922722 -0.2542844 -0.3162714 -0.3777273 -0.4386398 -0.4992719 -0.5600143 -0.6212771 -0.6834059 -0.7465448 -0.8098539 -0.8667573 -0.8667573 -0.8857664 -0.8037812 -0.3664974 -0.1990491 -0.1990491 -0.2542031E-01 -0.2542031E-01 0.6810150E-01 0.6810150E-01 0.1032769 0.1578625 0.1578625 0.1929252 0.1929252 0.1913056 0.1913056 0.1913056 0.1453146 0.1453146 0.7731217E-01 0.7731217E-01 0.8758130E-02 0.8758130E-02 -0.4259625E-01 -0.4259625E-01 -0.6932735E-01 -0.6932735E-01 -0.6932735E-01
0.1149315E-02 0.1149315E-02 0.3224313E-02 0.5749705E-02 0.5013934E-02 0.5013934E-02 0.4599039E-02 0.4475994E-02 0.4475994E-02 0.4549760E-02 0.4549760E-02 0.4577282E-02 0.4579809E-02 0.4580672E-02 0.3712639E-02 0.3712639E-02 -0.1081857 -0.1822029 -0.2574675 -0.3308770 -0.4011963 -0.4682195 -0.5322977 -0.5940643 -0.6542718 -0.7136852 -0.7730016 -0.8325995 -0.8902670 -0.9268489 -0.9268489 -0.8719516 -0.6593091 -0.2177698 -0.1210028 -0.1210028 -0.2120206E-01 -0.2120206E-01 0.4592364E-01 0.4592364E-01 0.7397240E-01 0.1197032 0.1197032 0.1508281 0.1508281 0.1580628 0.1580628 0.1580628 0.1273467 0.1273467 0.7439837E-01 0.7439837E-01 0.1503767E-01 0.1503767E-01 -0.3302128E-01 -0.3302128E-01 -0.5922139E-01 -0.5922139E-01 -0.5922139E-01
