simulation_files/asc/Velocity__x_285.0.asc
NCOLS        79
NROWS        79
XLLCENTER         -1.500000
YLLCENTER         -4.800000
CELLSIZE           0.100
NODATA_VALUE     -9999.0
[rows 0 to 25 of 79, columns 0 to 57 of 79]
-9999.000 -9999.000 -9999.000 -9999.000 -9999.000 -9999.000 -9999.000 -9999.000 -9999.000 -9999.000 -9999.000 -9999.000 -9999.000 -9999.000 -9999.000 -0.4014889E-03 0.9066172E-03 0.4510145E-02 0.8658193E-02 0.1241791E-01 0.1537928E-01 0.1742855E-01 0.1856179E-01 0.1885874E-01 0.1842057E-01 0.1732544E-01 0.1562250E-01 0.1319513E-01 0.9352194E-02 0.4593424E-02 0.4593424E-02 -9999.000 -9999.000 -9999.000 -9999.000 -9999.000 -9999.000 -9999.000 -9999.000 -9999.000 -9999.000 -9999.000 -9999.000 -9999.000 -9999.000 -9999.000 -9999.000 -9999.000 -9999.000 -9999.000 -9999.000 -9999.000 -9999.000 -9999.000 -9999.000 -9999.000 -9999.000 -9999.000
-9999.000 -9999.000 -9999.000 -9999.000 -9999.000 -9999.000 -9999.000 -9999.000 -9999.000 -9999.000 -9999.000 -9999.000 -9999.000 -9999.000 -9999.000 0.8269165E-03 0.3349313E-02 0.8057453E-02 0.1320251E-01 0.1786553E-01 0.2159115E-01 0.2420318E-01 0.2564430E-01 0.2595299E-01 0.2520450E-01 0.2346776E-01 0.2079923E-01 0.1712142E-01 0.1187326E-01 0.5813117E-02 0.5813117E-02 -9999.000 -9999.000 -9999.000 -9999.000 -9999.000 -9999.000 -9999.000 -9999.000 -9999.000 -9999.000 -9999.000 -9999.000 -9999.000 -9999.000 -9999.000 -9999.000 -9999.000 -9999.000 -9999.000 -9999.000 -9999.000 -9999.000 -9999.000 -9999.000 -9999.000 -9999.000 -9999.000
-9999.000 -9999.000 -9999.000 -9999.000 -9999.000 -9999.000 -9999.000 -9999.000 -9999.000 -9999.000 -9999.000 -9999.000 -9999.000 -9999.000 -9999.000 0.1356433E-02 0.4482660E-02 0.9868232E-02 0.1564054E-01 0.2084194E-01 0.2499191E-01 0.2789670E-01 0.2948609E-01 0.2979115E-01 0.2888599E-01 0.2684363E-01 0.2373159E-01 0.1948434E-01 0.1353560E-01 0.6665047E-02 0.6665047E-02 -9999.000 -9999.000 -9999.000 -9999.000 -9999.000 -9999.000 -9999.000 -9999.000 -9999.000 -9999.000 -9999.000 -9999.000 -9999.000 -9999.000 -9999.000 -9999.000 -9999.000 -9999.000 -9999.000 -9999.000 -9999.000 -9999.000 -9999.000 -9999.000 -9999.000 -9999.000 -9999.000
-9999.000 -9999.000 -9999.000 -9999.000 -9999.000 -9999.000 -9999.000 -9999.000 -9999.000 -9999.000 -9999.000 -9999.000 -9999.000 -9999.000 -9999.000 0.1658762E-02 0.5147639E-02 0.1096038E-01 0.1713785E-01 0.2268989E-01 0.2711873E-01 0.3022146E-01 0.3192114E-01 0.3224807E-01 0.3127679E-01 0.2908240E-01 0.2573772E-01 0.2117609E-01 0.1480210E-01 0.7344320E-02 0.7344320E-02 -9999.000 -9999.000 -9999.000 -9999.000 -9999.000 -9999.000 -9999.000 -9999.000 -9999.000 -9999.000 -9999.000 -9999.000 -9999.000 -9999.000 -9999.000 -9999.000 -9999.000 -9999.000 -9999.000 -9999.000 -9999.000 -9999.000 -9999.000 -9999.000 -9999.000 -9999.000 -9999.000
-9999.000 -9999.000 -9999.000 -9999.000 -9999.000 -9999.000 -9999.000 -9999.000 -9999.000 -9999.000 -9999.000 -9999.000 -9999.000 -9999.000 -9999.000 0.1878518E-02 0.5636537E-02 0.1177280E-01 0.1826040E-01 0.2408211E-01 0.2872839E-01 0.3199118E-01 0.3378999E-01 0.3415561E-01 0.3316384E-01 0.3089061E-01 0.2741050E-01 0.2264951E-01 0.1596808E-01 0.7993618E-02 0.7993618E-02 -9999.000 -9999.000 -9999.000 -9999.000 -9999.000 -9999.000 -9999.000 -9999.000 -9999.000 -9999.000 -9999.000 -9999.000 -9999.000 -9999.000 -9999.000 -9999.000 -9999.000 -9999.000 -9999.000 -9999.000 -9999.000 -9999.000 -9999.000 -9999.000 -9999.000 -9999.000 -9999.000
-9999.000 -9999.000 -9999.000 -9999.000 -9999.000 -9999.000 -9999.000 -9999.000 -9999.000 -9999.000 -9999.000 -9999.000 -9999.000 -9999.000 -9999.000 0.2078276E-02 0.6080404E-02 0.1250704E-01 0.1927206E-01 0.2533374E-01 0.3017497E-01 0.3358547E-01 0.3548289E-01 0.3590001E-01 0.3491401E-01 0.3260040E-01 0.2903428E-01 0.2412975E-01 0.1718942E-01 0.8692545E-02 0.8692545E-02 -9999.000 -9999.000 -9999.000 -9999.000 -9999.000 -9999.000 -9999.000 -9999.000 -9999.000 -9999.000 -9999.000 -9999.000 -9999.000 -9999.000 -9999.000 -9999.000 -9999.000 -9999.000 -9999.000 -9999.000 -9999.000 -9999.000 -9999.000 -9999.000 -9999.000 -9999.000 -9999.000
-9999.000 -9999.000 -9999.000 -9999.000 -9999.000 -9999.000 -9999.000 -9999.000 -9999.000 -9999.000 -9999.000 -9999.000 -9999.000 -9999.000 -9999.000 0.2288915E-02 0.6542255E-02 0.1326012E-01 0.2029896E-01 0.2659603E-01 0.3162904E-01 0.3518818E-01 0.3719011E-01 0.3767154E-01 0.3671032E-01 0.3438164E-01 0.3075998E-01 0.2574342E-01 0.1856313E-01 0.9494356E-02 0.9494356E-02 -9999.000 -9999.000 -9999.000 -9999.000 -9999.000 -9999.000 -9999.000 -9999.000 -9999.000 -9999.000 -9999.000 -9999.000 -9999.000 -9999.000 -9999.000 -9999.000 -9999.000 -9999.000 -9999.000 -9999.000 -9999.000 -9999.000 -9999.000 -9999.000 -9999.000 -9999.000 -9999.000
-9999.000 -9999.000 -9999.000 -9999.000 -9999.000 -9999.000 -9999.000 -9999.000 -9999.000 -9999.000 -9999.000 -9999.000 -9999.000 -9999.000 -9999.000 0.2525935E-02 0.7054826E-02 0.1408203E-01 0.2140670E-01 0.2794717E-01 0.3317945E-01 0.3689593E-01 0.3901386E-01 0.3957422E-01 0.3865702E-01 0.3633600E-01 0.3268404E-01 0.2757999E-01 0.2016663E-01 0.1044550E-01 0.1044550E-01 -9999.000 -9999.000 -9999.000 -9999.000 -9999.000 -9999.000 -9999.000 -9999.000 -9999.000 -9999.000 -9999.000 -9999.000 -9999.000 -9999.000 -9999.000 -9999.000 -9999.000 -9999.000 -9999.000 -9999.000 -9999.000 -9999.000 -9999.000 -9999.000 -9999.000 -9999.000 -9999.000
-9999.000 -9999.000 -9999.000 -9999.000 -9999.000 -9999.000 -9999.000 -9999.000 -9999.000 -9999.000 -9999.000 -9999.000 -9999.000 -9999.000 -9999.000 0.2800065E-02 0.7639619E-02 0.1500553E-01 0.2263787E-01 0.2943846E-01 0.3488479E-01 0.3877402E-01 0.4102398E-01 0.4168298E-01 0.4083258E-01 0.3854429E-01 0.3489033E-01 0.2972397E-01 0.2208201E-01 0.1159867E-01 0.1159867E-01 -9999.000 -9999.000 -9999.000 -9999.000 -9999.000 -9999.000 -9999.000 -9999.000 -9999.000 -9999.000 -9999.000 -9999.000 -9999.000 -9999.000 -9999.000 -9999.000 -9999.000 -9999.000 -9999.000 -9999.000 -9999.000 -9999.000 -9999.000 -9999.000 -9999.000 -9999.000 -9999.000
-9999.000 -9999.000 -9999.000 -9999.000 -9999.000 -9999.000 -9999.000 -9999.000 -9999.000 -9999.000 -9999.000 -9999.000 -9999.000 -9999.000 -9999.000 0.3119825E-02 0.8314885E-02 0.1605847E-01 0.2402901E-01 0.3111393E-01 0.3679582E-01 0.4087906E-01 0.4328420E-01 0.4406752E-01 0.4331294E-01 0.4109021E-01 0.3747004E-01 0.3227494E-01 0.2441249E-01 0.1302150E-01 0.1302150E-01 -9999.000 -9999.000 -9999.000 -9999.000 -9999.000 -9999.000 -9999.000 -9999.000 -9999.000 -9999.000 -9999.000 -9999.000 -9999.000 -9999.000 -9999.000 -9999.000 -9999.000 -9999.000 -9999.000 -9999.000 -9999.000 -9999.000 -9999.000 -9999.000 -9999.000 -9999.000 -9999.000
-9999.000 -9999.000 -9999.000 -9999.000 -9999.000 -9999.000 -9999.000 -9999.000 -9999.000 -9999.000 -9999.000 -9999.000 -9999.000 -9999.000 -9999.000 0.3494782E-02 0.9100241E-02 0.1727114E-01 0.2561991E-01 0.3302171E-01 0.3896878E-01 0.4327572E-01 0.4586710E-01 0.4681024E-01 0.4619167E-01 0.4407883E-01 0.4054142E-01 0.3536499E-01 0.2729980E-01 0.1480976E-01 0.1480976E-01 -9999.000 -9999.000 -9999.000 -9999.000 -9999.000 -9999.000 -9999.000 -9999.000 -9999.000 -9999.000 -9999.000 -9999.000 -9999.000 -9999.000 -9999.000 -9999.000 -9999.000 -9999.000 -9999.000 -9999.000 -9999.000 -9999.000 -9999.000 -9999.000 -9999.000 -9999.000 -9999.000
-9999.000 -9999.000 -9999.000 -9999.000 -9999.000 -9999.000 -9999.000 -9999.000 -9999.000 -9999.000 -9999.000 -9999.000 -9999.000 -9999.000 -9999.000 0.3936763E-02 0.1002047E-01 0.1868241E-01 0.2746179E-01 0.3522469E-01 0.4147797E-01 0.4604985E-01 0.4887088E-01 0.5002254E-01 0.4959545E-01 0.4765477E-01 0.4427036E-01 0.3918216E-01 0.3095024E-01 0.1710267E-01 0.1710267E-01 -9999.000 -9999.000 -9999.000 -9999.000 -9999.000 -9999.000 -9999.000 -9999.000 -9999.000 -9999.000 -9999.000 -9999.000 -9999.000 -9999.000 -9999.000 -9999.000 -9999.000 -9999.000 -9999.000 -9999.000 -9999.000 -9999.000 -9999.000 -9999.000 -9999.000 -9999.000 -9999.000
-9999.000 -9999.000 -9999.000 -9999.000 -9999.000 -9999.000 -9999.000 -9999.000 -9999.000 -9999.000 -9999.000 -9999.000 -9999.000 -9999.000 -9999.000 0.4464142E-02 0.1111510E-01 0.2035410E-01 0.2963596E-01 0.3782101E-01 0.4443707E-01 0.4933090E-01 0.5244173E-01 0.5387023E-01 0.5371263E-01 0.5203316E-01 0.4890364E-01 0.4400919E-01 0.3567584E-01 0.2011226E-01 0.2011226E-01 -9999.000 -9999.000 -9999.000 -9999.000 -9999.000 -9999.000 -9999.000 -9999.000 -9999.000 -9999.000 -9999.000 -9999.000 -9999.000 -9999.000 -9999.000 -9999.000 -9999.000 -9999.000 -9999.000 -9999.000 -9999.000 -9999.000 -9999.000 -9999.000 -9999.000 -9999.000 -9999.000
-9999.000 -9999.000 -9999.000 -9999.000 -9999.000 -9999.000 -9999.000 -9999.000 -9999.000 -9999.000 -9999.000 -9999.000 -9999.000 -9999.000 -9999.000 0.5594535E-02 0.1345994E-01 0.2385068E-01 0.3361222E-01 0.4216940E-01 0.4907291E-01 0.5420818E-01 0.5754115E-01 0.5920676E-01 0.5931149E-01 0.5792147E-01 0.5511139E-01 0.5049745E-01 0.4211267E-01 0.2426258E-01 0.2426258E-01 -9999.000 -9999.000 -9999.000 -9999.000 -9999.000 -9999.000 -9999.000 -9999.000 -9999.000 -9999.000 -9999.000 -9999.000 -9999.000 -9999.000 -9999.000 -9999.000 -9999.000 -9999.000 -9999.000 -9999.000 -9999.000 -9999.000 -9999.000 -9999.000 -9999.000 -9999.000 -9999.000
-9999.000 -9999.000 -9999.000 -9999.000 -9999.000 -9999.000 -9999.000 -9999.000 -9999.000 -9999.000 -9999.000 -9999.000 -9999.000 -9999.000 -9999.000 0.6868951E-01 0.1039180 0.1190393 0.1116155 0.1032633 0.9626895E-01 0.8960197E-01 0.8328395E-01 0.7737464E-01 0.7169510E-01 0.6609818E-01 0.6039821E-01 0.5389337E-01 0.4417757E-01 0.2180913E-01 0.2180913E-01 -9999.000 -9999.000 -9999.000 -9999.000 -9999.000 -9999.000 -9999.000 -9999.000 -9999.000 -9999.000 -9999.000 -9999.000 -9999.000 -9999.000 -9999.000 -9999.000 -9999.000 -9999.000 -9999.000 -9999.000 -9999.000 -9999.000 -9999.000 -9999.000 -9999.000 -9999.000 -9999.000
2.786448 2.786448 2.785202 2.806339 2.824989 2.824989 2.827797 2.827935 2.827935 2.824617 2.824617 2.818865 2.815305 2.811391 2.807401 2.807401 2.927898 2.931401 2.932470 2.913837 2.873245 2.811010 2.725906 2.617173 2.488619 2.341095 2.178730 2.011200 1.863759 1.804500 1.804500 2.653546 2.829087 2.927571 2.951515 2.951515 2.981942 2.981942 2.959267 2.959267 2.912027 2.722382 2.722382 2.309642 2.309642 2.040823 2.040823 2.040823 2.032471 2.032471 2.067373 2.067373 2.115997 2.115997 2.165756 2.165756 2.209659 2.209659
2.809390 2.809390 2.815103 2.859581 2.885323 2.885323 2.900026 2.922712 2.922712 2.941439 2.941439 2.957534 2.964834 2.971731 2.978491 2.978491 3.068508 3.085464 3.100309 3.109984 3.113744 3.110326 3.097131 3.071105 3.030525 2.972952 2.897276 2.804842 2.702855 2.628584 2.628584 3.086833 3.247205 3.399236 3.439906 3.439906 3.485108 3.485108 3.483498 3.483498 3.460096 3.352117 3.352117 3.125612 3.125612 2.868342 2.868342 2.868342 2.858188 2.858188 2.895092 2.895092 2.946833 2.946833 2.999149 2.999149 3.046201 3.046201
2.814478 2.814478 2.812575 2.861087 2.884912 2.884912 2.900398 2.924016 2.924016 2.943361 2.943361 2.960147 2.967836 2.975157 2.982389 2.982389 3.063495 3.091887 3.117628 3.139246 3.156217 3.168259 3.174566 3.173815 3.164991 3.146364 3.116310 3.074355 3.023765 2.986310 2.986310 3.250177 3.406615 3.585541 3.637022 3.637022 3.688720 3.688720 3.676520 3.676520 3.645611 3.542292 3.542292 3.387669 3.387669 3.163388 3.163388 3.163388 3.137275 3.137275 3.162508 3.162508 3.205955 3.205955 3.252141 3.252141 3.294571 3.294571
2.818015 2.818015 2.813877 2.861630 2.884053 2.884053 2.899956 2.924033 2.924033 2.943402 2.943402 2.960165 2.967851 2.975173 2.982462 2.982462 3.058467 3.096597 3.132487 3.163971 3.190027 3.210304 3.224538 3.232347 3.233613 3.227893 3.214610 3.193635 3.167053 3.148822 3.148822 3.310535 3.449834 3.637345 3.694597 3.694597 3.743440 3.743440 3.709852 3.709852 3.669239 3.575613 3.575613 3.478096 3.478096 3.304558 3.304558 3.304558 3.264722 3.264722 3.276344 3.276344 3.311481 3.311481 3.352882 3.352882 3.392175 3.392175
2.820127 2.820127 2.816062 2.861926 2.883388 2.883388 2.899570 2.924048 2.924048 2.943430 2.943430 2.960153 2.967828 2.975144 2.982509 2.982509 3.057603 3.104217 3.149339 3.189851 3.224252 3.251920 3.272602 3.286151 3.292684 3.292328 3.285212 3.271789 3.253979 3.241485 3.241485 3.341426 3.456893 3.635241 3.688851 3.688851 3.714468 3.714468 3.653171 3.653171 3.611512 3.548173 3.548173 3.504303 3.504303 3.390401 3.390401 3.390401 3.344224 3.344224 3.341260 3.341260 3.365590 3.365590 3.400541 3.400541 3.435761 3.435761
2.820982 2.820982 2.818744 2.861985 2.882849 2.882849 2.899201 2.923960 2.923960 2.943342 2.943342 2.960053 2.967738 2.975075 2.982585 2.982585 3.061938 3.116392 3.169829 3.218394 3.260282 3.294695 3.321312 3.340028 3.350960 3.354360 3.350584 3.340298 3.325261 3.312456 3.312456 3.370640 3.458663 3.607598 3.643088 3.643088 3.621983 3.621983 3.547278 3.547278 3.520579 3.503448 3.503448 3.504986 3.504986 3.448409 3.448409 3.448409 3.405706 3.405706 3.391089 3.391089 3.403005 3.403005 3.429157 3.429157 3.458409 3.458409
2.820745 2.820745 2.821095 2.861767 2.882414 2.882414 2.898961 2.924052 2.924052 2.943514 2.943514 2.960215 2.967888 2.975207 2.982867 2.982867 3.072336 3.134477 3.195367 3.250870 3.299121 3.339298 3.371083 3.394386 3.409304 3.416070 3.415040 3.406844 3.392915 3.378149 3.378149 3.406800 3.465590 3.558134 3.555536 3.555536 3.480045 3.480045 3.428801 3.428801 3.429248 3.458821 3.458821 3.494017 3.494017 3.486088 3.486088 3.486088 3.455244 3.455244 3.434991 3.434991 3.435226 3.435226 3.450863 3.450863 3.472120 3.472120
2.819641 2.819641 2.822377 2.861871 2.882473 2.882473 2.899050 2.924137 2.924137 2.943552 2.943552 2.960228 2.967895 2.975212 2.983109 2.983109 3.089738 3.159854 3.227489 3.288762 3.342054 3.386715 3.422540 3.449520 3.467763 3.477468 3.478924 3.472621 3.459594 3.442893 3.442893 3.449811 3.476796 3.471731 3.413582 3.413582 3.316615 3.316615 3.324461 3.324461 3.352411 3.417775 3.417775 3.476144 3.476144 3.506927 3.506927 3.506927 3.492762 3.492762 3.473658 3.473658 3.465228 3.465228 3.469909 3.469909 3.481497 3.481497
2.820745 2.820745 2.821095 2.861767 2.882414 2.882414 2.898961 2.924052 2.924052 2.943514 2.943514 2.960216 2.967887 2.975207 2.983438 2.983438 3.115708 3.194275 3.267928 3.333652 3.390425 3.437987 3.476389 3.505781 3.526344 3.538267 3.541774 3.537194 3.525099 3.506521 3.506521 3.494751 3.480677 3.322552 3.218562 3.218562 3.170301 3.170301 3.245898 3.245898 3.292757 3.380664 3.380664 3.454508 3.454508 3.514771 3.514771 3.514771 3.518313 3.518313 3.505749 3.505749 3.492978 3.492978 3.487694 3.487694 3.488627 3.488627
2.820982 2.820982 2.818744 2.861984 2.882848 2.882848 2.899202 2.923960 2.923960 2.943343 2.943343 2.960053 2.967738 2.975075 2.983786 2.983786 3.152382 3.239805 3.318537 3.387111 3.445490 3.494043 3.533226 3.563436 3.584982 3.598089 3.602933 3.599682 3.588273 3.566361 3.566361 3.530000 3.447140 3.103421 3.009764 3.009764 3.064019 3.064019 3.185015 3.185015 3.242207 3.343600 3.343600 3.428327 3.428327 3.510786 3.510786 3.510786 3.530596 3.530596 3.527596 3.527596 3.514679 3.514679 3.501641 3.501641 3.491971 3.491971
2.820127 2.820127 2.816061 2.861925 2.883388 2.883388 2.899570 2.924048 2.924048 2.943430 2.943430 2.960153 2.967828 2.975144 2.984468 2.984468 3.203201 3.299293 3.381498 3.450708 3.508295 3.555504 3.593313 3.622435 3.643346 3.656328 3.661534 3.658936 3.647111 3.615015 3.615015 3.525474 3.319064 2.861830 2.846633 2.846633 2.989635 2.989635 3.131598 3.131598 3.194029 3.303892 3.303892 3.396592 3.396592 3.495388 3.495388 3.495388 3.528687 3.528687 3.535905 3.535905 3.525697 3.525697 3.507568 3.507568 3.488281 3.488281
