simulation_files/asc/Velocity__x_309.0.asc
NCOLS        79
NROWS        79
XLLCENTER         -1.500000
YLLCENTER         -4.800000
CELLSIZE           0.100
NODATA_VALUE     -9999.0
[rows 0 to 25 of 79, columns 0 to 57 of 79]
-9999.000 -9999.000 -9999.000 -9999.000 -9999.000 -9999.000 -9999.000 -9999.000 -9999.000 -9999.000 -9999.000 -9999.000 -9999.000 -9999.000 -9999.000 0.6884324E-04 0.1706079E-02 0.5288517E-02 0.9094614E-02 0.1240858E-01 0.1499535E-01 0.1677943E-01 0.1776698E-01 0.1802351E-01 0.1761955E-01 0.1662237E-01 0.1506677E-01 0.1280890E-01 0.9120464E-02 0.4484014E-02 0.4484014E-02 -9999.000 -9999.000 -9999.000 -9999.000 -9999.000 -9999.000 -9999.000 -9999.000 -9999.000 -9999.000 -9999.000 -9999.000 -9999.000 -9999.000 -9999.000 -9999.000 -9999.000 -9999.000 -9999.000 -9999.000 -9999.000 -9999.000 -9999.000 -9999.000 -9999.000 -9999.000 -9999.000
-9999.000 -9999.000 -9999.000 -9999.000 -9999.000 -9999.000 -9999.000 -9999.000 -9999.000 -9999.000 -9999.000 -9999.000 -9999.000 -9999.000 -9999.000 0.1277352E-02 0.4120833E-02 0.8830759E-02 0.1367015E-01 0.1791641E-01 0.2127814E-01 0.2362251E-01 0.2490805E-01 0.2516475E-01 0.2444113E-01 0.2279630E-01 0.2027083E-01 0.1675894E-01 0.1166183E-01 0.5716256E-02 0.5716256E-02 -9999.000 -9999.000 -9999.000 -9999.000 -9999.000 -9999.000 -9999.000 -9999.000 -9999.000 -9999.000 -9999.000 -9999.000 -9999.000 -9999.000 -9999.000 -9999.000 -9999.000 -9999.000 -9999.000 -9999.000 -9999.000 -9999.000 -9999.000 -9999.000 -9999.000 -9999.000 -9999.000
-9999.000 -9999.000 -9999.000 -9999.000 -9999.000 -9999.000 -9999.000 -9999.000 -9999.000 -9999.000 -9999.000 -9999.000 -9999.000 -9999.000 -9999.000 0.1839622E-02 0.5314954E-02 0.1072055E-01 0.1619690E-01 0.2098720E-01 0.2477763E-01 0.2741704E-01 0.2885074E-01 0.2910125E-01 0.2821548E-01 0.2625724E-01 0.2327821E-01 0.1918397E-01 0.1336842E-01 0.6590769E-02 0.6590769E-02 -9999.000 -9999.000 -9999.000 -9999.000 -9999.000 -9999.000 -9999.000 -9999.000 -9999.000 -9999.000 -9999.000 -9999.000 -9999.000 -9999.000 -9999.000 -9999.000 -9999.000 -9999.000 -9999.000 -9999.000 -9999.000 -9999.000 -9999.000 -9999.000 -9999.000 -9999.000 -9999.000
-9999.000 -9999.000 -9999.000 -9999.000 -9999.000 -9999.000 -9999.000 -9999.000 -9999.000 -9999.000 -9999.000 -9999.000 -9999.000 -9999.000 -9999.000 0.2177059E-02 0.6042902E-02 0.1189096E-01 0.1777880E-01 0.2292293E-01 0.2699529E-01 0.2983421E-01 0.3137906E-01 0.3165035E-01 0.3069450E-01 0.2857848E-01 0.2535872E-01 0.2093891E-01 0.1468137E-01 0.7294252E-02 0.7294252E-02 -9999.000 -9999.000 -9999.000 -9999.000 -9999.000 -9999.000 -9999.000 -9999.000 -9999.000 -9999.000 -9999.000 -9999.000 -9999.000 -9999.000 -9999.000 -9999.000 -9999.000 -9999.000 -9999.000 -9999.000 -9999.000 -9999.000 -9999.000 -9999.000 -9999.000 -9999.000 -9999.000
-9999.000 -9999.000 -9999.000 -9999.000 -9999.000 -9999.000 -9999.000 -9999.000 -9999.000 -9999.000 -9999.000 -9999.000 -9999.000 -9999.000 -9999.000 0.2427977E-02 0.6586595E-02 0.1276844E-01 0.1896885E-01 0.2438341E-01 0.2867544E-01 0.3167669E-01 0.3332287E-01 0.3363393E-01 0.3265654E-01 0.3045879E-01 0.2709899E-01 0.2247204E-01 0.1589297E-01 0.7967898E-02 0.7967898E-02 -9999.000 -9999.000 -9999.000 -9999.000 -9999.000 -9999.000 -9999.000 -9999.000 -9999.000 -9999.000 -9999.000 -9999.000 -9999.000 -9999.000 -9999.000 -9999.000 -9999.000 -9999.000 -9999.000 -9999.000 -9999.000 -9999.000 -9999.000 -9999.000 -9999.000 -9999.000 -9999.000
-9999.000 -9999.000 -9999.000 -9999.000 -9999.000 -9999.000 -9999.000 -9999.000 -9999.000 -9999.000 -9999.000 -9999.000 -9999.000 -9999.000 -9999.000 0.2655452E-02 0.7077025E-02 0.1355526E-01 0.2003192E-01 0.2568599E-01 0.3017560E-01 0.3332756E-01 0.3507594E-01 0.3544168E-01 0.3447083E-01 0.3223278E-01 0.2878576E-01 0.2401048E-01 0.1716116E-01 0.8692522E-02 0.8692522E-02 -9999.000 -9999.000 -9999.000 -9999.000 -9999.000 -9999.000 -9999.000 -9999.000 -9999.000 -9999.000 -9999.000 -9999.000 -9999.000 -9999.000 -9999.000 -9999.000 -9999.000 -9999.000 -9999.000 -9999.000 -9999.000 -9999.000 -9999.000 -9999.000 -9999.000 -9999.000 -9999.000
-9999.000 -9999.000 -9999.000 -9999.000 -9999.000 -9999.000 -9999.000 -9999.000 -9999.000 -9999.000 -9999.000 -9999.000 -9999.000 -9999.000 -9999.000 0.2889930E-02 0.7578039E-02 0.1434969E-01 0.2109680E-01 0.2698504E-01 0.3166992E-01 0.3497512E-01 0.3683389E-01 0.3726906E-01 0.3632618E-01 0.3407568E-01 0.3057456E-01 0.2568553E-01 0.1858636E-01 0.9523490E-02 0.9523490E-02 -9999.000 -9999.000 -9999.000 -9999.000 -9999.000 -9999.000 -9999.000 -9999.000 -9999.000 -9999.000 -9999.000 -9999.000 -9999.000 -9999.000 -9999.000 -9999.000 -9999.000 -9999.000 -9999.000 -9999.000 -9999.000 -9999.000 -9999.000 -9999.000 -9999.000 -9999.000 -9999.000
-9999.000 -9999.000 -9999.000 -9999.000 -9999.000 -9999.000 -9999.000 -9999.000 -9999.000 -9999.000 -9999.000 -9999.000 -9999.000 -9999.000 -9999.000 0.3148048E-02 0.8123435E-02 0.1520361E-01 0.2223159E-01 0.2836242E-01 0.3325174E-01 0.3672107E-01 0.3870385E-01 0.3922599E-01 0.3833228E-01 0.3609469E-01 0.3256779E-01 0.2759141E-01 0.2025013E-01 0.1050952E-01 0.1050952E-01 -9999.000 -9999.000 -9999.000 -9999.000 -9999.000 -9999.000 -9999.000 -9999.000 -9999.000 -9999.000 -9999.000 -9999.000 -9999.000 -9999.000 -9999.000 -9999.000 -9999.000 -9999.000 -9999.000 -9999.000 -9999.000 -9999.000 -9999.000 -9999.000 -9999.000 -9999.000 -9999.000
-9999.000 -9999.000 -9999.000 -9999.000 -9999.000 -9999.000 -9999.000 -9999.000 -9999.000 -9999.000 -9999.000 -9999.000 -9999.000 -9999.000 -9999.000 0.3439568E-02 0.8734459E-02 0.1614994E-01 0.2347949E-01 0.2987050E-01 0.3498153E-01 0.3863275E-01 0.4075925E-01 0.4139089E-01 0.4057186E-01 0.3837519E-01 0.3485359E-01 0.2981806E-01 0.2224031E-01 0.1170677E-01 0.1170677E-01 -9999.000 -9999.000 -9999.000 -9999.000 -9999.000 -9999.000 -9999.000 -9999.000 -9999.000 -9999.000 -9999.000 -9999.000 -9999.000 -9999.000 -9999.000 -9999.000 -9999.000 -9999.000 -9999.000 -9999.000 -9999.000 -9999.000 -9999.000 -9999.000 -9999.000 -9999.000 -9999.000
-9999.000 -9999.000 -9999.000 -9999.000 -9999.000 -9999.000 -9999.000 -9999.000 -9999.000 -9999.000 -9999.000 -9999.000 -9999.000 -9999.000 -9999.000 0.3773034E-02 0.9428539E-02 0.1721628E-01 0.2487701E-01 0.3155383E-01 0.3691146E-01 0.4076961E-01 0.4306676E-01 0.4383742E-01 0.4312592E-01 0.4100681E-01 0.3753009E-01 0.3247184E-01 0.2466638E-01 0.1318759E-01 0.1318759E-01 -9999.000 -9999.000 -9999.000 -9999.000 -9999.000 -9999.000 -9999.000 -9999.000 -9999.000 -9999.000 -9999.000 -9999.000 -9999.000 -9999.000 -9999.000 -9999.000 -9999.000 -9999.000 -9999.000 -9999.000 -9999.000 -9999.000 -9999.000 -9999.000 -9999.000 -9999.000 -9999.000
-9999.000 -9999.000 -9999.000 -9999.000 -9999.000 -9999.000 -9999.000 -9999.000 -9999.000 -9999.000 -9999.000 -9999.000 -9999.000 -9999.000 -9999.000 0.4157364E-02 0.1022484E-01 0.1843195E-01 0.2646355E-01 0.3346148E-01 0.3909976E-01 0.4319924E-01 0.4570321E-01 0.4665324E-01 0.4609333E-01 0.4410136E-01 0.4072398E-01 0.3569470E-01 0.2768136E-01 0.1505449E-01 0.1505449E-01 -9999.000 -9999.000 -9999.000 -9999.000 -9999.000 -9999.000 -9999.000 -9999.000 -9999.000 -9999.000 -9999.000 -9999.000 -9999.000 -9999.000 -9999.000 -9999.000 -9999.000 -9999.000 -9999.000 -9999.000 -9999.000 -9999.000 -9999.000 -9999.000 -9999.000 -9999.000 -9999.000
-9999.000 -9999.000 -9999.000 -9999.000 -9999.000 -9999.000 -9999.000 -9999.000 -9999.000 -9999.000 -9999.000 -9999.000 -9999.000 -9999.000 -9999.000 0.4603372E-02 0.1114650E-01 0.1983492E-01 0.2829044E-01 0.3565687E-01 0.4162253E-01 0.4601069E-01 0.4877174E-01 0.4995650E-01 0.4960983E-01 0.4781411E-01 0.4461325E-01 0.3968954E-01 0.3150691E-01 0.1745743E-01 0.1745743E-01 -9999.000 -9999.000 -9999.000 -9999.000 -9999.000 -9999.000 -9999.000 -9999.000 -9999.000 -9999.000 -9999.000 -9999.000 -9999.000 -9999.000 -9999.000 -9999.000 -9999.000 -9999.000 -9999.000 -9999.000 -9999.000 -9999.000 -9999.000 -9999.000 -9999.000 -9999.000 -9999.000
-9999.000 -9999.000 -9999.000 -9999.000 -9999.000 -9999.000 -9999.000 -9999.000 -9999.000 -9999.000 -9999.000 -9999.000 -9999.000 -9999.000 -9999.000 0.5127937E-02 0.1222985E-01 0.2148203E-01 0.3043374E-01 0.3823484E-01 0.4459284E-01 0.4933543E-01 0.5242369E-01 0.5392131E-01 0.5387511E-01 0.5237540E-01 0.4946429E-01 0.4476189E-01 0.3648269E-01 0.2062718E-01 0.2062718E-01 -9999.000 -9999.000 -9999.000 -9999.000 -9999.000 -9999.000 -9999.000 -9999.000 -9999.000 -9999.000 -9999.000 -9999.000 -9999.000 -9999.000 -9999.000 -9999.000 -9999.000 -9999.000 -9999.000 -9999.000 -9999.000 -9999.000 -9999.000 -9999.000 -9999.000 -9999.000 -9999.000
-9999.000 -9999.000 -9999.000 -9999.000 -9999.000 -9999.000 -9999.000 -9999.000 -9999.000 -9999.000 -9999.000 -9999.000 -9999.000 -9999.000 -9999.000 0.5999417E-02 0.1400997E-01 0.2411904E-01 0.3362916E-01 0.4191140E-01 0.4868675E-01 0.5380414E-01 0.5724910E-01 0.5910806E-01 0.5943453E-01 0.5833215E-01 0.5584274E-01 0.5150895E-01 0.4323423E-01 0.2499581E-01 0.2499581E-01 -9999.000 -9999.000 -9999.000 -9999.000 -9999.000 -9999.000 -9999.000 -9999.000 -9999.000 -9999.000 -9999.000 -9999.000 -9999.000 -9999.000 -9999.000 -9999.000 -9999.000 -9999.000 -9999.000 -9999.000 -9999.000 -9999.000 -9999.000 -9999.000 -9999.000 -9999.000 -9999.000
-9999.000 -9999.000 -9999.000 -9999.000 -9999.000 -9999.000 -9999.000 -9999.000 -9999.000 -9999.000 -9999.000 -9999.000 -9999.000 -9999.000 -9999.000 0.5346230E-01 0.8069292E-01 0.9186546E-01 0.8767895E-01 0.8596755E-01 0.8352982E-01 0.8050931E-01 0.7712010E-01 0.7345256E-01 0.6949359E-01 0.6525404E-01 0.6061160E-01 0.5486678E-01 0.4553776E-01 0.2268370E-01 0.2268370E-01 -9999.000 -9999.000 -9999.000 -9999.000 -9999.000 -9999.000 -9999.000 -9999.000 -9999.000 -9999.000 -9999.000 -9999.000 -9999.000 -9999.000 -9999.000 -9999.000 -9999.000 -9999.000 -9999.000 -9999.000 -9999.000 -9999.000 -9999.000 -9999.000 -9999.000 -9999.000 -9999.000
2.745799 2.745799 2.739195 2.766258 2.784956 2.784956 2.788029 2.788296 2.788296 2.785166 2.785166 2.779597 2.776107 2.772255 2.768261 2.768261 2.869787 2.872747 2.870563 2.846594 2.802874 2.738210 2.650406 2.541177 2.412144 2.264994 2.104115 1.939720 1.797746 1.745165 1.745165 2.596840 2.770059 2.864091 2.886280 2.886280 2.912610 2.912610 2.882851 2.882851 2.831670 2.632020 2.632020 2.172753 2.172753 1.974199 1.974199 1.974199 1.974803 1.974803 2.013124 2.013124 2.062377 2.062377 2.111624 2.111624 2.154466 2.154466
2.768348 2.768348 2.765827 2.818902 2.844638 2.844638 2.859474 2.882009 2.882009 2.900594 2.900594 2.916572 2.923800 2.930627 2.937257 2.937257 3.013485 3.028933 3.042469 3.050640 3.053338 3.048710 3.033730 3.006123 2.963620 2.904100 2.826717 2.733140 2.630681 2.562960 2.562960 3.023724 3.183859 3.333673 3.373152 3.373152 3.415495 3.415495 3.409748 3.409748 3.383653 3.269484 3.269484 3.020402 3.020402 2.794910 2.794910 2.794910 2.794794 2.794794 2.834982 2.834982 2.887299 2.887299 2.939202 2.939202 2.985315 2.985315
2.772966 2.772966 2.767442 2.820210 2.844010 2.844010 2.859610 2.883182 2.883182 2.902479 2.902479 2.919189 2.926821 2.934072 2.941169 2.941169 3.010486 3.036552 3.060738 3.081070 3.097190 3.108539 3.113944 3.112356 3.102459 3.082533 3.051062 3.007784 2.956169 2.921215 2.921215 3.190044 3.346033 3.522711 3.572835 3.572835 3.621168 3.621168 3.605147 3.605147 3.572334 3.466804 3.466804 3.302701 3.302701 3.091870 3.091870 3.091870 3.075783 3.075783 3.105092 3.105092 3.149483 3.149483 3.195229 3.195229 3.236645 3.236645
2.775689 2.775689 2.770281 2.820791 2.843164 2.843164 2.859141 2.883200 2.883200 2.902530 2.902530 2.919203 2.926824 2.934070 2.941202 2.941202 3.007066 3.042372 3.076321 3.106272 3.131203 3.150625 3.164041 3.171170 3.171741 3.165248 3.151121 3.129319 3.102065 3.085344 3.085344 3.251218 3.390795 3.576189 3.631757 3.631757 3.676328 3.676328 3.639265 3.639265 3.598228 3.506091 3.506091 3.405056 3.405056 3.234373 3.234373 3.234373 3.202939 3.202939 3.219459 3.219459 3.256233 3.256233 3.297514 3.297514 3.335899 3.335899
2.776533 2.776533 2.774443 2.820921 2.842398 2.842398 2.858647 2.883131 2.883131 2.902471 2.902471 2.919099 2.926715 2.933965 2.941169 2.941169 3.007508 3.051080 3.093999 3.132755 3.165763 3.192319 3.212024 3.224755 3.230567 3.229532 3.221774 3.207793 3.189605 3.178228 3.178228 3.281725 3.398183 3.574540 3.625927 3.625927 3.646585 3.646585 3.584246 3.584246 3.544204 3.484557 3.484557 3.439268 3.439268 3.322185 3.322185 3.322185 3.281476 3.281476 3.283523 3.283523 3.310286 3.310286 3.345670 3.345670 3.380260 3.380260
2.773709 2.773709 2.779912 2.820896 2.841897 2.841897 2.858382 2.883275 2.883275 2.902676 2.902676 2.919280 2.926881 2.934118 2.941395 2.941395 3.012903 3.064218 3.115250 3.161850 3.202108 3.235160 3.260597 3.278302 3.288368 3.291008 3.286571 3.275758 3.260416 3.248400 3.248400 3.309564 3.399056 3.545659 3.578159 3.578159 3.553206 3.553206 3.482126 3.482126 3.458405 3.444796 3.444796 3.445105 3.445105 3.382699 3.382699 3.382699 3.342277 3.342277 3.331861 3.331861 3.346722 3.346722 3.373932 3.373932 3.402958 3.402958
2.771984 2.771984 2.784388 2.820776 2.841531 2.841531 2.858151 2.883286 2.883286 2.902712 2.902712 2.919293 2.926887 2.934121 2.941523 2.941523 3.023854 3.082924 3.141350 3.194777 3.241249 3.279890 3.310322 3.332445 3.346333 3.352199 3.350394 3.341573 3.327251 3.312907 3.312907 3.343840 3.404069 3.492668 3.486701 3.486701 3.412489 3.412489 3.368729 3.368729 3.371974 3.403452 3.403452 3.437176 3.437176 3.422960 3.422960 3.422960 3.391841 3.391841 3.374320 3.374320 3.377464 3.377464 3.394654 3.394654 3.416148 3.416148
2.771767 2.771767 2.785533 2.820734 2.841409 2.841409 2.858072 2.883290 2.883290 2.902725 2.902725 2.919297 2.926889 2.934122 2.941700 2.941700 3.041552 3.108714 3.173884 3.233025 3.284445 3.327451 3.361800 3.387463 3.404535 3.413203 3.413750 3.406686 3.393104 3.376444 3.376444 3.384773 3.412302 3.400069 3.340820 3.340820 3.254008 3.254008 3.270276 3.270276 3.299566 3.364923 3.364923 3.421510 3.421510 3.446421 3.446421 3.446421 3.430321 3.430321 3.412263 3.412263 3.406131 3.406131 3.412560 3.412560 3.424796 3.424796
2.771984 2.771984 2.784388 2.820776 2.841532 2.841532 2.858151 2.883286 2.883286 2.902713 2.902713 2.919292 2.926888 2.934121 2.941947 2.941947 3.067509 3.143261 3.214499 3.278096 3.332962 3.378810 3.415662 3.443651 3.462943 3.473721 3.476200 3.470724 3.457905 3.438985 3.438985 3.427449 3.411429 3.243878 3.146170 3.146170 3.114863 3.114863 3.195136 3.195136 3.242036 3.328847 3.328847 3.400879 3.400879 3.456067 3.456067 3.456067 3.456884 3.456884 3.443888 3.443888 3.432381 3.432381 3.428689 3.428689 3.430577 3.430577
2.773709 2.773709 2.779911 2.820896 2.841898 2.841898 2.858382 2.883275 2.883275 2.902677 2.902677 2.919280 2.926881 2.934118 2.942291 2.942291 3.103923 3.188660 3.265048 3.331535 3.388023 3.434858 3.472469 3.501237 3.521458 3.533348 3.537078 3.532824 3.520521 3.497840 3.497840 3.459676 3.369607 3.022694 2.945110 2.945110 3.014104 3.014104 3.135830 3.135830 3.192429 3.292315 3.292315 3.375295 3.375295 3.453418 3.453418 3.453418 3.470256 3.470256 3.465748 3.465748 3.452982 3.452982 3.441021 3.441021 3.432396 3.432396
2.776533 2.776533 2.774442 2.820921 2.842398 2.842398 2.858647 2.883131 2.883131 2.902472 2.902472 2.919099 2.926714 2.933965 2.942632 2.942632 3.153987 3.247564 3.327576 3.394824 3.450621 3.496180 3.532462 3.560163 3.579746 3.591487 3.595531 3.591850 3.578943 3.545418 3.545418 3.449651 3.228751 2.789694 2.792853 2.792853 2.941816 2.941816 3.082766 3.082766 3.144464 3.252783 3.252783 3.343834 3.343834 3.438890 3.438890 3.438890 3.469265 3.469265 3.474308 3.474308 3.463293 3.463293 3.445509 3.445509 3.427152 3.427152
