simulation_files/asc/Velocity__y_230.0.asc
NCOLS        79
NROWS        79
XLLCENTER         -1.500000
YLLCENTER         -4.800000
CELLSIZE           0.100
NODATA_VALUE     -9999.0
[rows 0 to 26 of 79, columns 0 to 58 of 79]
-9999.000 -9999.000 -9999.000 -9999.000 -9999.000 -9999.000 -9999.000 -9999.000 -9999.000 -9999.000 -9999.000 -9999.000 -9999.000 -9999.000 -9999.000 -0.8973520E-01 -0.8651418E-01 -0.8515240E-01 -0.8461349E-01 -0.8508045E-01 -0.8588783E-01 -0.8673774E-01 -0.8756743E-01 -0.8830266E-01 -0.8892699E-01 -0.8947615E-01 -0.8998299E-01 -0.9061301E-01 -0.9195393E-01 -0.9334578E-01 -0.9334578E-01 -9999.000 -9999.000 -9999.000 -9999.000 -9999.000 -9999.000 -9999.000 -9999.000 -9999.000 -9999.000 -9999.000 -9999.000 -9999.000 -9999.000 -9999.000 -9999.000 -9999.000 -9999.000 -9999.000 -9999.000 -9999.000 -9999.000 -9999.000 -9999.000 -9999.000 -9999.000 -9999.000 -9999.000
-9999.000 -9999.000 -9999.000 -9999.000 -9999.000 -9999.000 -9999.000 -9999.000 -9999.000 -9999.000 -9999.000 -9999.000 -9999.000 -9999.000 -9999.000 -0.9056132E-01 -0.8379444E-01 -0.8088388E-01 -0.7975205E-01 -0.8079910E-01 -0.8261573E-01 -0.8456131E-01 -0.8648905E-01 -0.8823037E-01 -0.8974107E-01 -0.9108913E-01 -0.9233746E-01 -0.9382847E-01 -0.9678967E-01 -0.1001392 -0.1001392 -9999.000 -9999.000 -9999.000 -9999.000 -9999.000 -9999.000 -9999.000 -9999.000 -9999.000 -9999.000 -9999.000 -9999.000 -9999.000 -9999.000 -9999.000 -9999.000 -9999.000 -9999.000 -9999.000 -9999.000 -9999.000 -9999.000 -9999.000 -9999.000 -9999.000 -9999.000 -9999.000 -9999.000
-9999.000 -9999.000 -9999.000 -9999.000 -9999.000 -9999.000 -9999.000 -9999.000 -9999.000 -9999.000 -9999.000 -9999.000 -9999.000 -9999.000 -9999.000 -0.9045664E-01 -0.7981037E-01 -0.7512720E-01 -0.7336372E-01 -0.7517874E-01 -0.7830965E-01 -0.8171213E-01 -0.8513187E-01 -0.8827648E-01 -0.9105840E-01 -0.9357166E-01 -0.9590218E-01 -0.9858657E-01 -0.1035771 -0.1096316 -0.1096316 -9999.000 -9999.000 -9999.000 -9999.000 -9999.000 -9999.000 -9999.000 -9999.000 -9999.000 -9999.000 -9999.000 -9999.000 -9999.000 -9999.000 -9999.000 -9999.000 -9999.000 -9999.000 -9999.000 -9999.000 -9999.000 -9999.000 -9999.000 -9999.000 -9999.000 -9999.000 -9999.000 -9999.000
-9999.000 -9999.000 -9999.000 -9999.000 -9999.000 -9999.000 -9999.000 -9999.000 -9999.000 -9999.000 -9999.000 -9999.000 -9999.000 -9999.000 -9999.000 -0.8985709E-01 -0.7533741E-01 -0.6888182E-01 -0.6652239E-01 -0.6918355E-01 -0.7372295E-01 -0.7868430E-01 -0.8370598E-01 -0.8836468E-01 -0.9252644E-01 -0.9630916E-01 -0.9981721E-01 -0.1037863 -0.1109292 -0.1201669 -0.1201669 -9999.000 -9999.000 -9999.000 -9999.000 -9999.000 -9999.000 -9999.000 -9999.000 -9999.000 -9999.000 -9999.000 -9999.000 -9999.000 -9999.000 -9999.000 -9999.000 -9999.000 -9999.000 -9999.000 -9999.000 -9999.000 -9999.000 -9999.000 -9999.000 -9999.000 -9999.000 -9999.000 -9999.000
-9999.000 -9999.000 -9999.000 -9999.000 -9999.000 -9999.000 -9999.000 -9999.000 -9999.000 -9999.000 -9999.000 -9999.000 -9999.000 -9999.000 -9999.000 -0.8898494E-01 -0.7055215E-01 -0.6230683E-01 -0.5936605E-01 -0.6292702E-01 -0.6893767E-01 -0.7552264E-01 -0.8221518E-01 -0.8845488E-01 -0.9406067E-01 -0.9917542E-01 -0.1039207 -0.1092418 -0.1186588 -0.1315960 -0.1315960 -9999.000 -9999.000 -9999.000 -9999.000 -9999.000 -9999.000 -9999.000 -9999.000 -9999.000 -9999.000 -9999.000 -9999.000 -9999.000 -9999.000 -9999.000 -9999.000 -9999.000 -9999.000 -9999.000 -9999.000 -9999.000 -9999.000 -9999.000 -9999.000 -9999.000 -9999.000 -9999.000 -9999.000
-9999.000 -9999.000 -9999.000 -9999.000 -9999.000 -9999.000 -9999.000 -9999.000 -9999.000 -9999.000 -9999.000 -9999.000 -9999.000 -9999.000 -9999.000 -0.8790668E-01 -0.6551351E-01 -0.5545986E-01 -0.5194727E-01 -0.5645462E-01 -0.6398676E-01 -0.7224379E-01 -0.8065834E-01 -0.8852597E-01 -0.9562031E-01 -0.1021125 -0.1081400 -0.1148723 -0.1266946 -0.1439345 -0.1439345 -9999.000 -9999.000 -9999.000 -9999.000 -9999.000 -9999.000 -9999.000 -9999.000 -9999.000 -9999.000 -9999.000 -9999.000 -9999.000 -9999.000 -9999.000 -9999.000 -9999.000 -9999.000 -9999.000 -9999.000 -9999.000 -9999.000 -9999.000 -9999.000 -9999.000 -9999.000 -9999.000 -9999.000
-9999.000 -9999.000 -9999.000 -9999.000 -9999.000 -9999.000 -9999.000 -9999.000 -9999.000 -9999.000 -9999.000 -9999.000 -9999.000 -9999.000 -9999.000 -0.8662170E-01 -0.6022808E-01 -0.4835163E-01 -0.4427874E-01 -0.4978070E-01 -0.5888112E-01 -0.6885150E-01 -0.7903141E-01 -0.8856463E-01 -0.9718283E-01 -0.1050900 -0.1124380 -0.1206391 -0.1350165 -0.1572906 -0.1572906 -9999.000 -9999.000 -9999.000 -9999.000 -9999.000 -9999.000 -9999.000 -9999.000 -9999.000 -9999.000 -9999.000 -9999.000 -9999.000 -9999.000 -9999.000 -9999.000 -9999.000 -9999.000 -9999.000 -9999.000 -9999.000 -9999.000 -9999.000 -9999.000 -9999.000 -9999.000 -9999.000 -9999.000
-9999.000 -9999.000 -9999.000 -9999.000 -9999.000 -9999.000 -9999.000 -9999.000 -9999.000 -9999.000 -9999.000 -9999.000 -9999.000 -9999.000 -9999.000 -0.8509629E-01 -0.5467778E-01 -0.4097082E-01 -0.3635470E-01 -0.4290437E-01 -0.5362011E-01 -0.6534225E-01 -0.7732756E-01 -0.8855905E-01 -0.9873100E-01 -0.1080864 -0.1167904 -0.1265206 -0.1436252 -0.1718402 -0.1718402 -9999.000 -9999.000 -9999.000 -9999.000 -9999.000 -9999.000 -9999.000 -9999.000 -9999.000 -9999.000 -9999.000 -9999.000 -9999.000 -9999.000 -9999.000 -9999.000 -9999.000 -9999.000 -9999.000 -9999.000 -9999.000 -9999.000 -9999.000 -9999.000 -9999.000 -9999.000 -9999.000 -9999.000
-9999.000 -9999.000 -9999.000 -9999.000 -9999.000 -9999.000 -9999.000 -9999.000 -9999.000 -9999.000 -9999.000 -9999.000 -9999.000 -9999.000 -9999.000 -0.8327864E-01 -0.4883121E-01 -0.3329453E-01 -0.2815877E-01 -0.3581669E-01 -0.4819679E-01 -0.6170750E-01 -0.7553683E-01 -0.8849562E-01 -0.1002471 -0.1110816 -0.1211748 -0.1324985 -0.1525310 -0.1878250 -0.1878250 -9999.000 -9999.000 -9999.000 -9999.000 -9999.000 -9999.000 -9999.000 -9999.000 -9999.000 -9999.000 -9999.000 -9999.000 -9999.000 -9999.000 -9999.000 -9999.000 -9999.000 -9999.000 -9999.000 -9999.000 -9999.000 -9999.000 -9999.000 -9999.000 -9999.000 -9999.000 -9999.000 -9999.000
-9999.000 -9999.000 -9999.000 -9999.000 -9999.000 -9999.000 -9999.000 -9999.000 -9999.000 -9999.000 -9999.000 -9999.000 -9999.000 -9999.000 -9999.000 -0.8110268E-01 -0.4264680E-01 -0.2529075E-01 -0.1966668E-01 -0.2850257E-01 -0.4259884E-01 -0.5793405E-01 -0.7364479E-01 -0.8835640E-01 -0.1017095 -0.1140508 -0.1255643 -0.1385508 -0.1617448 -0.2055662 -0.2055662 -9999.000 -9999.000 -9999.000 -9999.000 -9999.000 -9999.000 -9999.000 -9999.000 -9999.000 -9999.000 -9999.000 -9999.000 -9999.000 -9999.000 -9999.000 -9999.000 -9999.000 -9999.000 -9999.000 -9999.000 -9999.000 -9999.000 -9999.000 -9999.000 -9999.000 -9999.000 -9999.000 -9999.000
-9999.000 -9999.000 -9999.000 -9999.000 -9999.000 -9999.000 -9999.000 -9999.000 -9999.000 -9999.000 -9999.000 -9999.000 -9999.000 -9999.000 -9999.000 -0.7848701E-01 -0.3607205E-01 -0.1691795E-01 -0.1084650E-01 -0.2094068E-01 -0.3680845E-01 -0.5400292E-01 -0.7163098E-01 -0.8811648E-01 -0.1030883 -0.1169610 -0.1299230 -0.1446462 -0.1712749 -0.2254930 -0.2254930 -9999.000 -9999.000 -9999.000 -9999.000 -9999.000 -9999.000 -9999.000 -9999.000 -9999.000 -9999.000 -9999.000 -9999.000 -9999.000 -9999.000 -9999.000 -9999.000 -9999.000 -9999.000 -9999.000 -9999.000 -9999.000 -9999.000 -9999.000 -9999.000 -9999.000 -9999.000 -9999.000 -9999.000
-9999.000 -9999.000 -9999.000 -9999.000 -9999.000 -9999.000 -9999.000 -9999.000 -9999.000 -9999.000 -9999.000 -9999.000 -9999.000 -9999.000 -9999.000 -0.7533196E-01 -0.2904158E-01 -0.8123028E-02 -0.1655981E-02 -0.1310251E-01 -0.3080074E-01 -0.4988802E-01 -0.6946773E-01 -0.8774221E-01 -0.1043434 -0.1197666 -0.1341997 -0.1507385 -0.1811212 -0.2481874 -0.2481874 -9999.000 -9999.000 -9999.000 -9999.000 -9999.000 -9999.000 -9999.000 -9999.000 -9999.000 -9999.000 -9999.000 -9999.000 -9999.000 -9999.000 -9999.000 -9999.000 -9999.000 -9999.000 -9999.000 -9999.000 -9999.000 -9999.000 -9999.000 -9999.000 -9999.000 -9999.000 -9999.000 -9999.000
-9999.000 -9999.000 -9999.000 -9999.000 -9999.000 -9999.000 -9999.000 -9999.000 -9999.000 -9999.000 -9999.000 -9999.000 -9999.000 -9999.000 -9999.000 -0.7148928E-01 -0.2145123E-01 0.1179071E-02 0.7963484E-02 -0.4955246E-02 -0.2454828E-01 -0.4555981E-01 -0.6712294E-01 -0.8719266E-01 -0.1054240 -0.1224081 -0.1383249 -0.1567603 -0.1912709 -0.2744617 -0.2744617 -9999.000 -9999.000 -9999.000 -9999.000 -9999.000 -9999.000 -9999.000 -9999.000 -9999.000 -9999.000 -9999.000 -9999.000 -9999.000 -9999.000 -9999.000 -9999.000 -9999.000 -9999.000 -9999.000 -9999.000 -9999.000 -9999.000 -9999.000 -9999.000 -9999.000 -9999.000 -9999.000 -9999.000
-9999.000 -9999.000 -9999.000 -9999.000 -9999.000 -9999.000 -9999.000 -9999.000 -9999.000 -9999.000 -9999.000 -9999.000 -9999.000 -9999.000 -9999.000 -0.6567256E-01 -0.1231784E-01 0.1160937E-01 0.1808349E-01 0.3282097E-02 -0.1830557E-01 -0.4126359E-01 -0.6481685E-01 -0.8664871E-01 -0.1064674 -0.1249817 -0.1423558 -0.1627491 -0.2018098 -0.3056276 -0.3056276 -9999.000 -9999.000 -9999.000 -9999.000 -9999.000 -9999.000 -9999.000 -9999.000 -9999.000 -9999.000 -9999.000 -9999.000 -9999.000 -9999.000 -9999.000 -9999.000 -9999.000 -9999.000 -9999.000 -9999.000 -9999.000 -9999.000 -9999.000 -9999.000 -9999.000 -9999.000 -9999.000 -9999.000
-9999.000 -9999.000 -9999.000 -9999.000 -9999.000 -9999.000 -9999.000 -9999.000 -9999.000 -9999.000 -9999.000 -9999.000 -9999.000 -9999.000 -9999.000 -0.6578269E-02 0.1771539E-01 0.2452352E-01 0.1789673E-01 -0.2307069E-02 -0.2385192E-01 -0.4660616E-01 -0.7012314E-01 -0.9189416E-01 -0.1117636 -0.1305632 -0.1483864 -0.1699953 -0.2132742 -0.3415056 -0.3415056 -9999.000 -9999.000 -9999.000 -9999.000 -9999.000 -9999.000 -9999.000 -9999.000 -9999.000 -9999.000 -9999.000 -9999.000 -9999.000 -9999.000 -9999.000 -9999.000 -9999.000 -9999.000 -9999.000 -9999.000 -9999.000 -9999.000 -9999.000 -9999.000 -9999.000 -9999.000 -9999.000 -9999.000
-0.3856082E-02 -0.3856082E-02 -0.5725585E-02 -0.7234079E-02 -0.6767924E-02 -0.6767924E-02 -0.6604184E-02 -0.6523619E-02 -0.6523619E-02 -0.6502609E-02 -0.6502609E-02 -0.6481894E-02 -0.6469576E-02 -0.6455522E-02 -0.6444905E-02 -0.6444905E-02 0.3809827E-01 0.3374552E-01 0.1852100E-01 -0.4938979E-02 -0.3244942E-01 -0.6298757E-01 -0.9550070E-01 -0.1282988 -0.1600883 -0.1901643 -0.2179517 -0.2446892 -0.2776708 -0.3506776 -0.3506776 -0.1978494 -0.1082324 -0.3905477E-01 -0.2964525E-01 -0.2964525E-01 -0.2291011E-01 -0.2291011E-01 -0.1118799E-01 -0.1118799E-01 -0.2391482E-03 0.2634164E-01 0.2634164E-01 0.2938981E-01 0.2938981E-01 -0.3727469E-02 -0.3727469E-02 -0.3727469E-02 -0.9063631E-03 -0.9063631E-03 -0.7627887E-04 -0.7627887E-04 -0.7061465E-03 -0.7061465E-03 -0.1881804E-02 -0.1881804E-02 -0.3082788E-02 -0.3082788E-02 -0.3082788E-02
-0.5412249E-02 -0.5412249E-02 -0.8096424E-02 -0.1064218E-01 -0.9667315E-02 -0.9667315E-02 -0.9296558E-02 -0.9152783E-02 -0.9152783E-02 -0.9156783E-02 -0.9156783E-02 -0.9158058E-02 -0.9153645E-02 -0.9145810E-02 -0.9161892E-02 -0.9161892E-02 0.3184288E-01 0.2867480E-01 0.1337931E-01 -0.1189126E-01 -0.4654554E-01 -0.8802112E-01 -0.1341510 -0.1832671 -0.2334237 -0.2826603 -0.3293493 -0.3716601 -0.4073202 -0.4318907 -0.4318907 -0.2958512 -0.1989400 -0.1058138 -0.8729549E-01 -0.8729549E-01 -0.6416596E-01 -0.6416596E-01 -0.2378069E-01 -0.2378069E-01 0.9195554E-02 0.8293045E-01 0.8293045E-01 0.1028342 0.1028342 0.2097887E-01 0.2097887E-01 0.2097887E-01 0.7824514E-02 0.7824514E-02 0.1322286E-02 0.1322286E-02 -0.3372308E-02 -0.3372308E-02 -0.7242823E-02 -0.7242823E-02 -0.1019771E-01 -0.1019771E-01 -0.1019771E-01
-0.3359526E-02 -0.3359526E-02 -0.5929139E-02 -0.9470605E-02 -0.8440174E-02 -0.8440174E-02 -0.7924899E-02 -0.7705742E-02 -0.7705742E-02 -0.7740520E-02 -0.7740520E-02 -0.7777656E-02 -0.7788936E-02 -0.7795804E-02 -0.7864874E-02 -0.7864874E-02 0.2129288E-01 0.1861881E-01 0.3799810E-02 -0.2151397E-01 -0.5660713E-01 -0.9970747E-01 -0.1490176 -0.2030805 -0.2603237 -0.3190222 -0.3775226 -0.4338287 -0.4849994 -0.5245564 -0.5245564 -0.4368361 -0.3533602 -0.2380399 -0.2011060 -0.2011060 -0.1361754 -0.1361754 -0.3819207E-01 -0.3819207E-01 0.2877763E-01 0.1599698 0.1599698 0.2083928 0.2083928 0.8404068E-01 0.8404068E-01 0.8404068E-01 0.3267071E-01 0.3267071E-01 0.6095755E-02 0.6095755E-02 -0.8670166E-02 -0.8670166E-02 -0.1776059E-01 -0.1776059E-01 -0.2319826E-01 -0.2319826E-01 -0.2319826E-01
-0.1360333E-02 -0.1360333E-02 -0.4789694E-02 -0.7968384E-02 -0.6961724E-02 -0.6961724E-02 -0.6396018E-02 -0.6126381E-02 -0.6126381E-02 -0.6162522E-02 -0.6162522E-02 -0.6208468E-02 -0.6224648E-02 -0.6236977E-02 -0.6356754E-02 -0.6356754E-02 0.1086587E-01 0.6239838E-02 -0.9583463E-02 -0.3558630E-01 -0.7099000E-01 -0.1144987 -0.1646555 -0.2201808 -0.2798095 -0.3421887 -0.4059674 -0.4694913 -0.5301231 -0.5817012 -0.5817012 -0.5428233 -0.4844718 -0.3735424 -0.3238630 -0.3238630 -0.2082762 -0.2082762 -0.3646329E-01 -0.3646329E-01 0.6215071E-01 0.2253446 0.2253446 0.2861141 0.2861141 0.1516020 0.1516020 0.1516020 0.6553520E-01 0.6553520E-01 0.1458700E-01 0.1458700E-01 -0.1387248E-01 -0.1387248E-01 -0.2993608E-01 -0.2993608E-01 -0.3830946E-01 -0.3830946E-01 -0.3830946E-01
-0.3556078E-03 -0.3556078E-03 -0.4022048E-02 -0.6090396E-02 -0.5299218E-02 -0.5299218E-02 -0.4809478E-02 -0.4557873E-02 -0.4557873E-02 -0.4591212E-02 -0.4591212E-02 -0.4637053E-02 -0.4654590E-02 -0.4669372E-02 -0.4849205E-02 -0.4849205E-02 0.6271714E-03 -0.8059031E-02 -0.2668371E-01 -0.5464244E-01 -0.9122958E-01 -0.1354717 -0.1862331 -0.2424284 -0.3029993 -0.3668445 -0.4328545 -0.4997157 -0.5653192 -0.6245843 -0.6245843 -0.6219645 -0.5898054 -0.4940184 -0.4325083 -0.4325083 -0.2531638 -0.2531638 -0.9505808E-02 -0.9505808E-02 0.1050757 0.2667823 0.2667823 0.3254892 0.3254892 0.2066079 0.2066079 0.2066079 0.1007018 0.1007018 0.2759948E-01 0.2759948E-01 -0.1610581E-01 -0.1610581E-01 -0.4064780E-01 -0.4064780E-01 -0.5269068E-01 -0.5269068E-01 -0.5269068E-01
-0.2792506E-03 -0.2792506E-03 -0.2585235E-02 -0.4088690E-02 -0.3566329E-02 -0.3566329E-02 -0.3217947E-02 -0.3029775E-02 -0.3029775E-02 -0.3054487E-02 -0.3054487E-02 -0.3086737E-02 -0.3098249E-02 -0.3108074E-02 -0.3356960E-02 -0.3356960E-02 -0.9920159E-02 -0.2445741E-01 -0.4772491E-01 -0.7917166E-01 -0.1181316 -0.1638487 -0.2154848 -0.2722091 -0.3331986 -0.3975891 -0.4644788 -0.5328116 -0.6009254 -0.6648121 -0.6648121 -0.6868506 -0.6766946 -0.5908397 -0.5084262 -0.5084262 -0.2491683 -0.2491683 0.3394374E-01 0.3394374E-01 0.1424051 0.2795302 0.2795302 0.3311330 0.3311330 0.2415411 0.2415411 0.2415411 0.1328809 0.1328809 0.4430316E-01 0.4430316E-01 -0.1412861E-01 -0.1412861E-01 -0.4816791E-01 -0.4816791E-01 -0.6469541E-01 -0.6469541E-01 -0.6469541E-01
-0.1535005E-03 -0.1535005E-03 -0.1265860E-02 -0.2051486E-02 -0.1793178E-02 -0.1793178E-02 -0.1613692E-02 -0.1514737E-02 -0.1514737E-02 -0.1528286E-02 -0.1528286E-02 -0.1543523E-02 -0.1548235E-02 -0.1551936E-02 -0.1892331E-02 -0.1892331E-02 -0.2156753E-01 -0.4364972E-01 -0.7340743E-01 -0.1100088 -0.1527143 -0.2008847 -0.2539285 -0.3112942 -0.3724426 -0.4367928 -0.5036968 -0.5723544 -0.6414739 -0.7078635 -0.7078635 -0.7456610 -0.7508619 -0.6519743 -0.5291723 -0.5291723 -0.1956841 -0.1956841 0.7268700E-01 0.7268700E-01 0.1600998 0.2671310 0.2671310 0.3128068 0.3128068 0.2551315 0.2551315 0.2551315 0.1572042 0.1572042 0.6231872E-01 0.6231872E-01 -0.7986829E-02 -0.7986829E-02 -0.5155693E-01 -0.5155693E-01 -0.7315815E-01 -0.7315815E-01 -0.7315815E-01
-0.7094191E-06 -0.7094191E-06 -0.1286068E-04 0.4744712E-05 0.8778090E-06 0.8778090E-06 -0.2040866E-05 -0.4715695E-05 -0.4715695E-05 -0.4990443E-05 -0.4990443E-05 -0.1776645E-05 0.5951163E-07 0.1759949E-05 -0.4645272E-03 -0.4645272E-03 -0.3542709E-01 -0.6688178E-01 -0.1050340 -0.1485224 -0.1964218 -0.2481350 -0.3032673 -0.3615420 -0.4227298 -0.4865755 -0.5527449 -0.6207401 -0.6896054 -0.7565799 -0.7565799 -0.8025324 -0.8127445 -0.6535534 -0.4744446 -0.4744446 -0.1206964 -0.1206964 0.9056902E-01 0.9056902E-01 0.1549814 0.2379462 0.2379462 0.2800806 0.2800806 0.2500223 0.2500223 0.2500223 0.1702212 0.1702212 0.7831025E-01 0.7831025E-01 0.1149820E-02 0.1149820E-02 -0.5053696E-01 -0.5053696E-01 -0.7720944E-01 -0.7720944E-01 -0.7720944E-01
0.1524418E-03 0.1524418E-03 0.1241584E-02 0.2061041E-02 0.1795399E-02 0.1795399E-02 0.1610243E-02 0.1505647E-02 0.1505647E-02 0.1518609E-02 0.1518609E-02 0.1539584E-02 0.1547778E-02 0.1554713E-02 0.9163622E-03 0.9163622E-03 -0.5311556E-01 -0.9613516E-01 -0.1447276 -0.1968572 -0.2513649 -0.3076764 -0.3655797 -0.4250710 -0.4862403 -0.5491790 -0.6139051 -0.6802644 -0.7475659 -0.8126484 -0.8126484 -0.8574304 -0.8521903 -0.5683839 -0.3544772 -0.3544772 -0.6009302E-01 -0.6009302E-01 0.8625725E-01 0.8625725E-01 0.1334605 0.2004493 0.2004493 0.2400727 0.2400727 0.2305386 0.2305386 0.2305386 0.1706452 0.1706452 0.8899768E-01 0.8899768E-01 0.1127723E-01 0.1127723E-01 -0.4548759E-01 -0.4548759E-01 -0.7630391E-01 -0.7630391E-01 -0.7630391E-01
0.2791200E-03 0.2791200E-03 0.2563801E-02 0.4097780E-02 0.3568845E-02 0.3568845E-02 0.3215298E-02 0.3021756E-02 0.3021756E-02 0.3046112E-02 0.3046112E-02 0.3083145E-02 0.3097695E-02 0.3109868E-02 0.2236498E-02 0.2236498E-02 -0.7714272E-01 -0.1345332 -0.1958223 -0.2583065 -0.3206646 -0.3824183 -0.4435887 -0.5044721 -0.5654928 -0.6270958 -0.6896639 -0.7533864 -0.8175265 -0.8759906 -0.8759906 -0.9010434 -0.8360816 -0.4070931 -0.2219089 -0.2219089 -0.2941412E-01 -0.2941412E-01 0.6856854E-01 0.6856854E-01 0.1046768 0.1606460 0.1606460 0.1972076 0.1972076 0.2010043 0.2010043 0.2010043 0.1591971 0.1591971 0.9207739E-01 0.9207739E-01 0.2005557E-01 0.2005557E-01 -0.3737854E-01 -0.3737854E-01 -0.7030838E-01 -0.7030838E-01 -0.7030838E-01
0.3569573E-03 0.3569573E-03 0.4002675E-02 0.6098142E-02 0.5301663E-02 0.5301663E-02 0.4807740E-02 0.4551071E-02 0.4551071E-02 0.4584596E-02 0.4584596E-02 0.4634540E-02 0.4654435E-02 0.4670766E-02 0.3472849E-02 0.3472849E-02 -0.1116893 -0.1871210 -0.2635622 -0.3379160 -0.4089698 -0.4765507 -0.5410477 -0.6031349 -0.6636045 -0.7232630 -0.7828514 -0.8428079 -0.9011107 -0.9396455 -0.9396455 -0.8969082 -0.7055101 -0.2387878 -0.1278776 -0.1278776 -0.2114628E-01 -0.2114628E-01 0.4688248E-01 0.4688248E-01 0.7527674E-01 0.1218031 0.1218031 0.1539523 0.1539523 0.1650327 0.1650327 0.1650327 0.1379283 0.1379283 0.8674479E-01 0.8674479E-01 0.2551132E-01 0.2551132E-01 -0.2750859E-01 -0.2750859E-01 -0.5953375E-01 -0.5953375E-01 -0.5953375E-01
0.1365154E-02 0.1365154E-02 0.4774987E-02 0.7973626E-02 0.6962767E-02 0.6962767E-02 0.6393478E-02 0.6121144E-02 0.6121144E-02 0.6159422E-02 0.6159422E-02 0.6208173E-02 0.6225260E-02 0.6237805E-02 0.4586574E-02 0.4586574E-02 -0.1642284 -0.2623963 -0.3564011 -0.4435511 -0.5233340 -0.5962725 -0.6633601 -0.7257773 -0.7847440 -0.8414372 -0.8969393 -0.9515226 -0.9964914 -0.9679595 -0.9679595 -0.7607129 -0.4505363 -0.1271636 -0.8068669E-01 -0.8068669E-01 -0.2146536E-01 -0.2146536E-01 0.2677208E-01 0.2677208E-01 0.4860679E-01 0.8541948E-01 0.8541948E-01 0.1117232 0.1117232 0.1254688 0.1254688 0.1254688 0.1094913 0.1094913 0.7368225E-01 0.7368225E-01 0.2658890E-01 0.2658890E-01 -0.1715603E-01 -0.1715603E-01 -0.4472855E-01 -0.4472855E-01 -0.4472855E-01
