simulation_files/asc/Velocity__x_272.0.asc
NCOLS        79
NROWS        79
XLLCENTER         -1.500000
YLLCENTER         -4.800000
CELLSIZE           0.100
NODATA_VALUE     -9999.0
[rows 0 to 25 of 79, columns 0 to 57 of 79]
-9999.000 -9999.000 -9999.000 -9999.000 -9999.000 -9999.000 -9999.000 -9999.000 -9999.000 -9999.000 -9999.000 -9999.000 -9999.000 -9999.000 -9999.000 -0.6748726E-03 0.4222016E-03 0.3980232E-02 0.8284242E-02 0.1230623E-01 0.1550210E-01 0.1772131E-01 0.1895457E-01 0.1928971E-01 0.1884492E-01 0.1770519E-01 0.1592752E-01 0.1340980E-01 0.9482146E-02 0.4654814E-02 0.4654814E-02 -9999.000 -9999.000 -9999.000 -9999.000 -9999.000 -9999.000 -9999.000 -9999.000 -9999.000 -9999.000 -9999.000 -9999.000 -9999.000 -9999.000 -9999.000 -9999.000 -9999.000 -9999.000 -9999.000 -9999.000 -9999.000 -9999.000 -9999.000 -9999.000 -9999.000 -9999.000 -9999.000
-9999.000 -9999.000 -9999.000 -9999.000 -9999.000 -9999.000 -9999.000 -9999.000 -9999.000 -9999.000 -9999.000 -9999.000 -9999.000 -9999.000 -9999.000 0.5604414E-03 0.2872390E-02 0.7521403E-02 0.1280045E-01 0.1770451E-01 0.2165452E-01 0.2443606E-01 0.2598286E-01 0.2633834E-01 0.2559108E-01 0.2381623E-01 0.2107863E-01 0.1731565E-01 0.1198772E-01 0.5865778E-02 0.5865778E-02 -9999.000 -9999.000 -9999.000 -9999.000 -9999.000 -9999.000 -9999.000 -9999.000 -9999.000 -9999.000 -9999.000 -9999.000 -9999.000 -9999.000 -9999.000 -9999.000 -9999.000 -9999.000 -9999.000 -9999.000 -9999.000 -9999.000 -9999.000 -9999.000 -9999.000 -9999.000 -9999.000
-9999.000 -9999.000 -9999.000 -9999.000 -9999.000 -9999.000 -9999.000 -9999.000 -9999.000 -9999.000 -9999.000 -9999.000 -9999.000 -9999.000 -9999.000 0.1070209E-02 0.3968799E-02 0.9282925E-02 0.1518175E-01 0.2062035E-01 0.2499227E-01 0.2806577E-01 0.2976134E-01 0.3011536E-01 0.2921530E-01 0.2714018E-01 0.2396600E-01 0.1964213E-01 0.1362432E-01 0.6704723E-02 0.6704723E-02 -9999.000 -9999.000 -9999.000 -9999.000 -9999.000 -9999.000 -9999.000 -9999.000 -9999.000 -9999.000 -9999.000 -9999.000 -9999.000 -9999.000 -9999.000 -9999.000 -9999.000 -9999.000 -9999.000 -9999.000 -9999.000 -9999.000 -9999.000 -9999.000 -9999.000 -9999.000 -9999.000
-9999.000 -9999.000 -9999.000 -9999.000 -9999.000 -9999.000 -9999.000 -9999.000 -9999.000 -9999.000 -9999.000 -9999.000 -9999.000 -9999.000 -9999.000 0.1352571E-02 0.4597223E-02 0.1032752E-01 0.1662688E-01 0.2241532E-01 0.2706545E-01 0.3033643E-01 0.3214278E-01 0.3251959E-01 0.3155606E-01 0.2933274E-01 0.2593078E-01 0.2129932E-01 0.1486574E-01 0.7371030E-02 0.7371030E-02 -9999.000 -9999.000 -9999.000 -9999.000 -9999.000 -9999.000 -9999.000 -9999.000 -9999.000 -9999.000 -9999.000 -9999.000 -9999.000 -9999.000 -9999.000 -9999.000 -9999.000 -9999.000 -9999.000 -9999.000 -9999.000 -9999.000 -9999.000 -9999.000 -9999.000 -9999.000 -9999.000
-9999.000 -9999.000 -9999.000 -9999.000 -9999.000 -9999.000 -9999.000 -9999.000 -9999.000 -9999.000 -9999.000 -9999.000 -9999.000 -9999.000 -9999.000 0.1554015E-02 0.5053593E-02 0.1109951E-01 0.1770688E-01 0.2376563E-01 0.2863303E-01 0.3206410E-01 0.3396930E-01 0.3438515E-01 0.3340251E-01 0.3110259E-01 0.2756824E-01 0.2274177E-01 0.1600810E-01 0.8007737E-02 0.8007737E-02 -9999.000 -9999.000 -9999.000 -9999.000 -9999.000 -9999.000 -9999.000 -9999.000 -9999.000 -9999.000 -9999.000 -9999.000 -9999.000 -9999.000 -9999.000 -9999.000 -9999.000 -9999.000 -9999.000 -9999.000 -9999.000 -9999.000 -9999.000 -9999.000 -9999.000 -9999.000 -9999.000
-9999.000 -9999.000 -9999.000 -9999.000 -9999.000 -9999.000 -9999.000 -9999.000 -9999.000 -9999.000 -9999.000 -9999.000 -9999.000 -9999.000 -9999.000 0.1737463E-02 0.5468894E-02 0.1179976E-01 0.1868440E-01 0.2498527E-01 0.3004793E-01 0.3362620E-01 0.3562870E-01 0.3609539E-01 0.3511869E-01 0.3277890E-01 0.2915950E-01 0.2419240E-01 0.1720592E-01 0.8693841E-02 0.8693841E-02 -9999.000 -9999.000 -9999.000 -9999.000 -9999.000 -9999.000 -9999.000 -9999.000 -9999.000 -9999.000 -9999.000 -9999.000 -9999.000 -9999.000 -9999.000 -9999.000 -9999.000 -9999.000 -9999.000 -9999.000 -9999.000 -9999.000 -9999.000 -9999.000 -9999.000 -9999.000 -9999.000
-9999.000 -9999.000 -9999.000 -9999.000 -9999.000 -9999.000 -9999.000 -9999.000 -9999.000 -9999.000 -9999.000 -9999.000 -9999.000 -9999.000 -9999.000 0.1932899E-02 0.5905001E-02 0.1252333E-01 0.1968326E-01 0.2622219E-01 0.3147680E-01 0.3520215E-01 0.3730741E-01 0.3783624E-01 0.3688353E-01 0.3452776E-01 0.3085270E-01 0.2577486E-01 0.1855368E-01 0.9480972E-02 0.9480972E-02 -9999.000 -9999.000 -9999.000 -9999.000 -9999.000 -9999.000 -9999.000 -9999.000 -9999.000 -9999.000 -9999.000 -9999.000 -9999.000 -9999.000 -9999.000 -9999.000 -9999.000 -9999.000 -9999.000 -9999.000 -9999.000 -9999.000 -9999.000 -9999.000 -9999.000 -9999.000 -9999.000
-9999.000 -9999.000 -9999.000 -9999.000 -9999.000 -9999.000 -9999.000 -9999.000 -9999.000 -9999.000 -9999.000 -9999.000 -9999.000 -9999.000 -9999.000 0.2156261E-02 0.6394705E-02 0.1332005E-01 0.2076841E-01 0.2755376E-01 0.3300693E-01 0.3688755E-01 0.3910533E-01 0.3971002E-01 0.3879917E-01 0.3644874E-01 0.3274161E-01 0.2757627E-01 0.2012663E-01 0.1041449E-01 0.1041449E-01 -9999.000 -9999.000 -9999.000 -9999.000 -9999.000 -9999.000 -9999.000 -9999.000 -9999.000 -9999.000 -9999.000 -9999.000 -9999.000 -9999.000 -9999.000 -9999.000 -9999.000 -9999.000 -9999.000 -9999.000 -9999.000 -9999.000 -9999.000 -9999.000 -9999.000 -9999.000 -9999.000
-9999.000 -9999.000 -9999.000 -9999.000 -9999.000 -9999.000 -9999.000 -9999.000 -9999.000 -9999.000 -9999.000 -9999.000 -9999.000 -9999.000 -9999.000 0.2417624E-02 0.6959221E-02 0.1422230E-01 0.2198172E-01 0.2903022E-01 0.3469536E-01 0.3874467E-01 0.4108993E-01 0.4178838E-01 0.4094048E-01 0.3861938E-01 0.3490706E-01 0.2967847E-01 0.2200435E-01 0.1154541E-01 0.1154541E-01 -9999.000 -9999.000 -9999.000 -9999.000 -9999.000 -9999.000 -9999.000 -9999.000 -9999.000 -9999.000 -9999.000 -9999.000 -9999.000 -9999.000 -9999.000 -9999.000 -9999.000 -9999.000 -9999.000 -9999.000 -9999.000 -9999.000 -9999.000 -9999.000 -9999.000 -9999.000 -9999.000
-9999.000 -9999.000 -9999.000 -9999.000 -9999.000 -9999.000 -9999.000 -9999.000 -9999.000 -9999.000 -9999.000 -9999.000 -9999.000 -9999.000 -9999.000 0.2726462E-02 0.7617088E-02 0.1525752E-01 0.2335918E-01 0.3069466E-01 0.3659195E-01 0.4082964E-01 0.4332249E-01 0.4413895E-01 0.4338223E-01 0.4112103E-01 0.3743745E-01 0.3217729E-01 0.2428682E-01 0.1293947E-01 0.1293947E-01 -9999.000 -9999.000 -9999.000 -9999.000 -9999.000 -9999.000 -9999.000 -9999.000 -9999.000 -9999.000 -9999.000 -9999.000 -9999.000 -9999.000 -9999.000 -9999.000 -9999.000 -9999.000 -9999.000 -9999.000 -9999.000 -9999.000 -9999.000 -9999.000 -9999.000 -9999.000 -9999.000
-9999.000 -9999.000 -9999.000 -9999.000 -9999.000 -9999.000 -9999.000 -9999.000 -9999.000 -9999.000 -9999.000 -9999.000 -9999.000 -9999.000 -9999.000 0.3092227E-02 0.8388479E-02 0.1645722E-01 0.2494184E-01 0.3259642E-01 0.3875320E-01 0.4320655E-01 0.4587624E-01 0.4684302E-01 0.4621486E-01 0.4405549E-01 0.4044699E-01 0.3520050E-01 0.2711049E-01 0.1468856E-01 0.1468856E-01 -9999.000 -9999.000 -9999.000 -9999.000 -9999.000 -9999.000 -9999.000 -9999.000 -9999.000 -9999.000 -9999.000 -9999.000 -9999.000 -9999.000 -9999.000 -9999.000 -9999.000 -9999.000 -9999.000 -9999.000 -9999.000 -9999.000 -9999.000 -9999.000 -9999.000 -9999.000 -9999.000
-9999.000 -9999.000 -9999.000 -9999.000 -9999.000 -9999.000 -9999.000 -9999.000 -9999.000 -9999.000 -9999.000 -9999.000 -9999.000 -9999.000 -9999.000 0.3527141E-02 0.9298760E-02 0.1786047E-01 0.2678109E-01 0.3479776E-01 0.4125251E-01 0.4595940E-01 0.4884560E-01 0.5000842E-01 0.4956103E-01 0.4756260E-01 0.4409574E-01 0.3892963E-01 0.3067409E-01 0.1692697E-01 0.1692697E-01 -9999.000 -9999.000 -9999.000 -9999.000 -9999.000 -9999.000 -9999.000 -9999.000 -9999.000 -9999.000 -9999.000 -9999.000 -9999.000 -9999.000 -9999.000 -9999.000 -9999.000 -9999.000 -9999.000 -9999.000 -9999.000 -9999.000 -9999.000 -9999.000 -9999.000 -9999.000 -9999.000
-9999.000 -9999.000 -9999.000 -9999.000 -9999.000 -9999.000 -9999.000 -9999.000 -9999.000 -9999.000 -9999.000 -9999.000 -9999.000 -9999.000 -9999.000 0.4052792E-02 0.1039402E-01 0.1953970E-01 0.2896795E-01 0.3740599E-01 0.4421009E-01 0.4922228E-01 0.5237922E-01 0.5380035E-01 0.5360670E-01 0.5185176E-01 0.4862212E-01 0.4363577E-01 0.3527669E-01 0.1985802E-01 0.1985802E-01 -9999.000 -9999.000 -9999.000 -9999.000 -9999.000 -9999.000 -9999.000 -9999.000 -9999.000 -9999.000 -9999.000 -9999.000 -9999.000 -9999.000 -9999.000 -9999.000 -9999.000 -9999.000 -9999.000 -9999.000 -9999.000 -9999.000 -9999.000 -9999.000 -9999.000 -9999.000 -9999.000
-9999.000 -9999.000 -9999.000 -9999.000 -9999.000 -9999.000 -9999.000 -9999.000 -9999.000 -9999.000 -9999.000 -9999.000 -9999.000 -9999.000 -9999.000 0.5390312E-02 0.1318782E-01 0.2376109E-01 0.3376273E-01 0.4244231E-01 0.4942169E-01 0.5456018E-01 0.5782733E-01 0.5938319E-01 0.5936135E-01 0.5781138E-01 0.5482387E-01 0.5005102E-01 0.4159243E-01 0.2391651E-01 0.2391651E-01 -9999.000 -9999.000 -9999.000 -9999.000 -9999.000 -9999.000 -9999.000 -9999.000 -9999.000 -9999.000 -9999.000 -9999.000 -9999.000 -9999.000 -9999.000 -9999.000 -9999.000 -9999.000 -9999.000 -9999.000 -9999.000 -9999.000 -9999.000 -9999.000 -9999.000 -9999.000 -9999.000
-9999.000 -9999.000 -9999.000 -9999.000 -9999.000 -9999.000 -9999.000 -9999.000 -9999.000 -9999.000 -9999.000 -9999.000 -9999.000 -9999.000 -9999.000 0.7718251E-01 0.1172772 0.1353335 0.1277344 0.1148480 0.1049168 0.9586934E-01 0.8764181E-01 0.8026822E-01 0.7346743E-01 0.6699680E-01 0.6062153E-01 0.5362424E-01 0.4362826E-01 0.2142709E-01 0.2142709E-01 -9999.000 -9999.000 -9999.000 -9999.000 -9999.000 -9999.000 -9999.000 -9999.000 -9999.000 -9999.000 -9999.000 -9999.000 -9999.000 -9999.000 -9999.000 -9999.000 -9999.000 -9999.000 -9999.000 -9999.000 -9999.000 -9999.000 -9999.000 -9999.000 -9999.000 -9999.000 -9999.000
2.806445 2.806445 2.813295 2.828296 2.847094 2.847094 2.849746 2.849559 2.849559 2.846000 2.846000 2.840053 2.836402 2.832397 2.828350 2.828350 2.958454 2.962248 2.963389 2.948275 2.909428 2.848505 2.764814 2.656407 2.528134 2.380458 2.217381 2.048316 1.898171 1.835530 1.835530 2.683483 2.860250 2.960989 2.985805 2.985805 3.018251 3.018251 2.999084 2.999084 2.953824 2.769187 2.769187 2.379955 2.379955 2.076311 2.076311 2.076311 2.063037 2.063037 2.096001 2.096001 2.144246 2.144246 2.194230 2.194230 2.238673 2.238673
2.829337 2.829337 2.843979 2.881851 2.907834 2.907834 2.922459 2.944974 2.944974 2.963599 2.963599 2.979637 2.986912 2.993786 3.000555 3.000555 3.097518 3.115251 3.130405 3.141035 3.145353 3.142514 3.130172 3.104928 3.065298 3.008698 2.933882 2.842030 2.740197 2.662904 2.662904 3.119935 3.280449 3.433629 3.474903 3.474903 3.521540 3.521540 3.522003 3.522003 3.499960 3.395079 3.395079 3.179284 3.179284 2.907134 2.907134 2.907134 2.891573 2.891573 2.926599 2.926599 2.977946 2.977946 3.030460 3.030460 3.078000 3.078000
2.834063 2.834063 2.842013 2.883274 2.907364 2.907364 2.922795 2.946280 2.946280 2.965564 2.965564 2.982320 2.989997 2.997300 3.004549 3.004549 3.091566 3.121132 3.147487 3.169818 3.187252 3.199636 3.206362 3.206004 3.197689 3.179689 3.150327 3.109027 3.058906 3.020337 3.020337 3.281797 3.438472 3.618568 3.670743 3.670743 3.724157 3.724157 3.713944 3.713944 3.684043 3.581861 3.581861 3.431622 3.431622 3.201213 3.201213 3.201213 3.169862 3.169862 3.192811 3.192811 3.235682 3.235682 3.282060 3.282060 3.325005 3.325005
2.837045 2.837045 2.844100 2.883706 2.906421 2.906421 2.922293 2.946257 2.946257 2.965554 2.965554 2.982264 2.989928 2.997227 3.004536 3.004536 3.085621 3.125178 3.161963 3.194247 3.220921 3.241659 3.256309 3.264463 3.266066 3.260718 3.247843 3.227274 3.200999 3.182094 3.182094 3.341787 3.480955 3.669552 3.727663 3.727663 3.778706 3.778706 3.747013 3.747013 3.706691 3.612286 3.612286 3.516227 3.516227 3.341614 3.341614 3.341614 3.297541 3.297541 3.306512 3.306512 3.340697 3.340697 3.382097 3.382097 3.421837 3.421837
2.838415 2.838415 2.847337 2.883861 2.905660 2.905660 2.921842 2.946228 2.946228 2.965532 2.965532 2.982187 2.989835 2.997128 3.004528 3.004528 3.084051 3.132225 3.178440 3.219872 3.255037 3.283323 3.304533 3.318514 3.325420 3.325399 3.318592 3.305435 3.287786 3.274774 3.274774 3.372976 3.487940 3.667271 3.722003 3.722003 3.750230 3.750230 3.689663 3.689663 3.647218 3.581862 3.581862 3.538440 3.538440 3.426321 3.426321 3.426321 3.377518 3.377518 3.371931 3.371931 3.394905 3.394905 3.429559 3.429559 3.465070 3.465070
2.838157 2.838157 2.851134 2.883579 2.904907 2.904907 2.921383 2.946242 2.946242 2.965652 2.965652 2.982325 2.989978 2.997275 3.004813 3.004813 3.088029 3.144036 3.198643 3.248189 3.290919 3.326047 3.353285 3.372528 3.383916 3.387708 3.384270 3.374254 3.359365 3.346198 3.346198 3.402929 3.490205 3.640259 3.677274 3.677274 3.658352 3.658352 3.581940 3.581940 3.553662 3.534528 3.534528 3.536495 3.536495 3.482930 3.482930 3.482930 3.439265 3.439265 3.422524 3.422524 3.432851 3.432851 3.458378 3.458378 3.487695 3.487695
2.834336 2.834336 2.856678 2.883680 2.904752 2.904752 2.921341 2.946344 2.946344 2.965717 2.965717 2.982346 2.989988 2.997281 3.005010 3.005010 3.098047 3.161730 3.223856 3.280409 3.329578 3.370558 3.403048 3.426968 3.442428 3.449664 3.449036 3.441165 3.427440 3.412495 3.412495 3.440045 3.498099 3.592549 3.591757 3.591757 3.515979 3.515979 3.460706 3.460706 3.459626 3.488089 3.488089 3.523957 3.523957 3.519235 3.519235 3.519235 3.488709 3.488709 3.467156 3.467156 3.465870 3.465870 3.480638 3.480638 3.501717 3.501717
2.833960 2.833960 2.858122 2.883594 2.904614 2.904614 2.921263 2.946349 2.946349 2.965728 2.965728 2.982349 2.989990 2.997280 3.005280 3.005280 3.115299 3.186904 3.255782 3.318134 3.372386 3.417904 3.454496 3.482162 3.501017 3.511261 3.513187 3.507281 3.494538 3.477844 3.477844 3.484089 3.510767 3.509289 3.452008 3.452008 3.350121 3.350121 3.353527 3.353527 3.380661 3.445907 3.445907 3.505121 3.505121 3.538848 3.538848 3.538848 3.525784 3.525784 3.506263 3.506263 3.496677 3.496677 3.500416 3.500416 3.511612 3.511612
2.834336 2.834336 2.856677 2.883680 2.904751 2.904751 2.921341 2.946344 2.946344 2.965716 2.965716 2.982346 2.989989 2.997281 3.005657 3.005657 3.141285 3.221276 3.296154 3.362962 3.420707 3.469151 3.508353 3.538470 3.559691 3.572208 3.576247 3.572129 3.560406 3.542018 3.542018 3.530143 3.516951 3.363865 3.257175 3.257175 3.200038 3.200038 3.272892 3.272892 3.319663 3.408097 3.408097 3.482857 3.482857 3.545688 3.545688 3.545688 3.550698 3.550698 3.538462 3.538462 3.525137 3.525137 3.519027 3.519027 3.519433 3.519433
2.838157 2.838157 2.851133 2.883579 2.904906 2.904906 2.921383 2.946242 2.946242 2.965652 2.965652 2.982325 2.989978 2.997274 3.006172 3.006172 3.178203 3.266972 3.346877 3.416502 3.475830 3.525254 3.565237 3.596183 3.618409 3.632140 3.637556 3.634822 3.623868 3.602350 3.602350 3.566847 3.487425 3.146226 3.044703 3.044703 3.090682 3.090682 3.211111 3.211111 3.268588 3.370749 3.370749 3.456375 3.456375 3.541039 3.541039 3.541039 3.562411 3.562411 3.560268 3.560268 3.547325 3.547325 3.533760 3.533760 3.523545 3.523545
2.838416 2.838416 2.847336 2.883862 2.905660 2.905660 2.921842 2.946228 2.946228 2.965532 2.965532 2.982186 2.989834 2.997127 3.006741 3.006741 3.229246 3.326657 3.410006 3.480242 3.538761 3.586822 3.625420 3.655272 3.676862 3.690480 3.696276 3.694229 3.682948 3.651556 3.651556 3.564972 3.365711 2.900696 2.875865 2.875865 3.015079 3.015079 3.157498 3.157498 3.220301 3.330968 3.330968 3.424522 3.424522 3.525232 3.525232 3.525232 3.560047 3.560047 3.568434 3.568434 3.558706 3.558706 3.540448 3.540448 3.520700 3.520700
