simulation_files/asc/Velocity__x_156.0.asc
NCOLS        79
NROWS        79
XLLCENTER         -1.500000
YLLCENTER         -4.800000
CELLSIZE           0.100
NODATA_VALUE     -9999.0
[rows 0 to 25 of 79, columns 0 to 57 of 79]
-9999.000 -9999.000 -9999.000 -9999.000 -9999.000 -9999.000 -9999.000 -9999.000 -9999.000 -9999.000 -9999.000 -9999.000 -9999.000 -9999.000 -9999.000 0.6684147E-03 0.2309741E-02 0.4932752E-02 0.7482044E-02 0.9751353E-02 0.1159534E-01 0.1294313E-01 0.1378137E-01 0.1411691E-01 0.1398417E-01 0.1342965E-01 0.1245295E-01 0.1085836E-01 0.7847392E-02 0.3855126E-02 0.3855126E-02 -9999.000 -9999.000 -9999.000 -9999.000 -9999.000 -9999.000 -9999.000 -9999.000 -9999.000 -9999.000 -9999.000 -9999.000 -9999.000 -9999.000 -9999.000 -9999.000 -9999.000 -9999.000 -9999.000 -9999.000 -9999.000 -9999.000 -9999.000 -9999.000 -9999.000 -9999.000 -9999.000
-9999.000 -9999.000 -9999.000 -9999.000 -9999.000 -9999.000 -9999.000 -9999.000 -9999.000 -9999.000 -9999.000 -9999.000 -9999.000 -9999.000 -9999.000 0.1686187E-02 0.4391327E-02 0.8091894E-02 0.1164857E-01 0.1481084E-01 0.1738828E-01 0.1926692E-01 0.2039657E-01 0.2075609E-01 0.2035909E-01 0.1923792E-01 0.1738925E-01 0.1464380E-01 0.1031922E-01 0.5070225E-02 0.5070225E-02 -9999.000 -9999.000 -9999.000 -9999.000 -9999.000 -9999.000 -9999.000 -9999.000 -9999.000 -9999.000 -9999.000 -9999.000 -9999.000 -9999.000 -9999.000 -9999.000 -9999.000 -9999.000 -9999.000 -9999.000 -9999.000 -9999.000 -9999.000 -9999.000 -9999.000 -9999.000 -9999.000
-9999.000 -9999.000 -9999.000 -9999.000 -9999.000 -9999.000 -9999.000 -9999.000 -9999.000 -9999.000 -9999.000 -9999.000 -9999.000 -9999.000 -9999.000 0.2275256E-02 0.5628221E-02 0.1002217E-01 0.1421125E-01 0.1791898E-01 0.2093063E-01 0.2311260E-01 0.2440030E-01 0.2476349E-01 0.2421274E-01 0.2278461E-01 0.2048483E-01 0.1715252E-01 0.1209327E-01 0.5981793E-02 0.5981793E-02 -9999.000 -9999.000 -9999.000 -9999.000 -9999.000 -9999.000 -9999.000 -9999.000 -9999.000 -9999.000 -9999.000 -9999.000 -9999.000 -9999.000 -9999.000 -9999.000 -9999.000 -9999.000 -9999.000 -9999.000 -9999.000 -9999.000 -9999.000 -9999.000 -9999.000 -9999.000 -9999.000
-9999.000 -9999.000 -9999.000 -9999.000 -9999.000 -9999.000 -9999.000 -9999.000 -9999.000 -9999.000 -9999.000 -9999.000 -9999.000 -9999.000 -9999.000 0.2672004E-02 0.6460293E-02 0.1131941E-01 0.1593594E-01 0.2001534E-01 0.2332612E-01 0.2572223E-01 0.2713138E-01 0.2751894E-01 0.2689497E-01 0.2529930E-01 0.2274186E-01 0.1905808E-01 0.1351660E-01 0.6742564E-02 0.6742564E-02 -9999.000 -9999.000 -9999.000 -9999.000 -9999.000 -9999.000 -9999.000 -9999.000 -9999.000 -9999.000 -9999.000 -9999.000 -9999.000 -9999.000 -9999.000 -9999.000 -9999.000 -9999.000 -9999.000 -9999.000 -9999.000 -9999.000 -9999.000 -9999.000 -9999.000 -9999.000 -9999.000
-9999.000 -9999.000 -9999.000 -9999.000 -9999.000 -9999.000 -9999.000 -9999.000 -9999.000 -9999.000 -9999.000 -9999.000 -9999.000 -9999.000 -9999.000 0.2980623E-02 0.7103688E-02 0.1231707E-01 0.1726223E-01 0.2163185E-01 0.2518129E-01 0.2775524E-01 0.2927663E-01 0.2970791E-01 0.2905905E-01 0.2737235E-01 0.2465822E-01 0.2074172E-01 0.1483925E-01 0.7474157E-02 0.7474157E-02 -9999.000 -9999.000 -9999.000 -9999.000 -9999.000 -9999.000 -9999.000 -9999.000 -9999.000 -9999.000 -9999.000 -9999.000 -9999.000 -9999.000 -9999.000 -9999.000 -9999.000 -9999.000 -9999.000 -9999.000 -9999.000 -9999.000 -9999.000 -9999.000 -9999.000 -9999.000 -9999.000
-9999.000 -9999.000 -9999.000 -9999.000 -9999.000 -9999.000 -9999.000 -9999.000 -9999.000 -9999.000 -9999.000 -9999.000 -9999.000 -9999.000 -9999.000 0.3256189E-02 0.7673977E-02 0.1319488E-01 0.1842746E-01 0.2305440E-01 0.2681961E-01 0.2956069E-01 0.3119692E-01 0.3168865E-01 0.3104645E-01 0.2931408E-01 0.2650115E-01 0.2241648E-01 0.1621031E-01 0.8253220E-02 0.8253220E-02 -9999.000 -9999.000 -9999.000 -9999.000 -9999.000 -9999.000 -9999.000 -9999.000 -9999.000 -9999.000 -9999.000 -9999.000 -9999.000 -9999.000 -9999.000 -9999.000 -9999.000 -9999.000 -9999.000 -9999.000 -9999.000 -9999.000 -9999.000 -9999.000 -9999.000 -9999.000 -9999.000
-9999.000 -9999.000 -9999.000 -9999.000 -9999.000 -9999.000 -9999.000 -9999.000 -9999.000 -9999.000 -9999.000 -9999.000 -9999.000 -9999.000 -9999.000 0.3528131E-02 0.8233029E-02 0.1404974E-01 0.1955970E-01 0.2443727E-01 0.2841623E-01 0.3132780E-01 0.3308873E-01 0.3365814E-01 0.3304716E-01 0.3130158E-01 0.2842844E-01 0.2421588E-01 0.1773209E-01 0.9136070E-02 0.9136070E-02 -9999.000 -9999.000 -9999.000 -9999.000 -9999.000 -9999.000 -9999.000 -9999.000 -9999.000 -9999.000 -9999.000 -9999.000 -9999.000 -9999.000 -9999.000 -9999.000 -9999.000 -9999.000 -9999.000 -9999.000 -9999.000 -9999.000 -9999.000 -9999.000 -9999.000 -9999.000 -9999.000
-9999.000 -9999.000 -9999.000 -9999.000 -9999.000 -9999.000 -9999.000 -9999.000 -9999.000 -9999.000 -9999.000 -9999.000 -9999.000 -9999.000 -9999.000 0.3813006E-02 0.8815807E-02 0.1493616E-01 0.2073134E-01 0.2586870E-01 0.3007228E-01 0.3316720E-01 0.3506908E-01 0.3573636E-01 0.3518100E-01 0.3345132E-01 0.3055071E-01 0.2624145E-01 0.1949196E-01 0.1017484E-01 0.1017484E-01 -9999.000 -9999.000 -9999.000 -9999.000 -9999.000 -9999.000 -9999.000 -9999.000 -9999.000 -9999.000 -9999.000 -9999.000 -9999.000 -9999.000 -9999.000 -9999.000 -9999.000 -9999.000 -9999.000 -9999.000 -9999.000 -9999.000 -9999.000 -9999.000 -9999.000 -9999.000 -9999.000
-9999.000 -9999.000 -9999.000 -9999.000 -9999.000 -9999.000 -9999.000 -9999.000 -9999.000 -9999.000 -9999.000 -9999.000 -9999.000 -9999.000 -9999.000 0.4120855E-02 0.9444092E-02 0.1588916E-01 0.2198979E-01 0.2740716E-01 0.3185558E-01 0.3515521E-01 0.3722101E-01 0.3801144E-01 0.3754018E-01 0.3585870E-01 0.3296550E-01 0.2859142E-01 0.2158437E-01 0.1142950E-01 0.1142950E-01 -9999.000 -9999.000 -9999.000 -9999.000 -9999.000 -9999.000 -9999.000 -9999.000 -9999.000 -9999.000 -9999.000 -9999.000 -9999.000 -9999.000 -9999.000 -9999.000 -9999.000 -9999.000 -9999.000 -9999.000 -9999.000 -9999.000 -9999.000 -9999.000 -9999.000 -9999.000 -9999.000
-9999.000 -9999.000 -9999.000 -9999.000 -9999.000 -9999.000 -9999.000 -9999.000 -9999.000 -9999.000 -9999.000 -9999.000 -9999.000 -9999.000 -9999.000 0.4459770E-02 0.1013525E-01 0.1693712E-01 0.2337401E-01 0.2910142E-01 0.3382438E-01 0.3735848E-01 0.3961930E-01 0.4056625E-01 0.4021568E-01 0.3862281E-01 0.3578087E-01 0.3138215E-01 0.2412867E-01 0.1297835E-01 0.1297835E-01 -9999.000 -9999.000 -9999.000 -9999.000 -9999.000 -9999.000 -9999.000 -9999.000 -9999.000 -9999.000 -9999.000 -9999.000 -9999.000 -9999.000 -9999.000 -9999.000 -9999.000 -9999.000 -9999.000 -9999.000 -9999.000 -9999.000 -9999.000 -9999.000 -9999.000 -9999.000 -9999.000
-9999.000 -9999.000 -9999.000 -9999.000 -9999.000 -9999.000 -9999.000 -9999.000 -9999.000 -9999.000 -9999.000 -9999.000 -9999.000 -9999.000 -9999.000 0.4838080E-02 0.1090760E-01 0.1810969E-01 0.2492499E-01 0.3100386E-01 0.3604202E-01 0.3985133E-01 0.4234950E-01 0.4349815E-01 0.4331724E-01 0.4186764E-01 0.3913632E-01 0.3476867E-01 0.2729033E-01 0.1493176E-01 0.1493176E-01 -9999.000 -9999.000 -9999.000 -9999.000 -9999.000 -9999.000 -9999.000 -9999.000 -9999.000 -9999.000 -9999.000 -9999.000 -9999.000 -9999.000 -9999.000 -9999.000 -9999.000 -9999.000 -9999.000 -9999.000 -9999.000 -9999.000 -9999.000 -9999.000 -9999.000 -9999.000 -9999.000
-9999.000 -9999.000 -9999.000 -9999.000 -9999.000 -9999.000 -9999.000 -9999.000 -9999.000 -9999.000 -9999.000 -9999.000 -9999.000 -9999.000 -9999.000 0.5265386E-02 0.1178316E-01 0.1944451E-01 0.2669559E-01 0.3318220E-01 0.3859096E-01 0.4273125E-01 0.4552510E-01 0.4693771E-01 0.4699508E-01 0.4576560E-01 0.4322918E-01 0.3897516E-01 0.3131297E-01 0.1745394E-01 0.1745394E-01 -9999.000 -9999.000 -9999.000 -9999.000 -9999.000 -9999.000 -9999.000 -9999.000 -9999.000 -9999.000 -9999.000 -9999.000 -9999.000 -9999.000 -9999.000 -9999.000 -9999.000 -9999.000 -9999.000 -9999.000 -9999.000 -9999.000 -9999.000 -9999.000 -9999.000 -9999.000 -9999.000
-9999.000 -9999.000 -9999.000 -9999.000 -9999.000 -9999.000 -9999.000 -9999.000 -9999.000 -9999.000 -9999.000 -9999.000 -9999.000 -9999.000 -9999.000 0.5757327E-02 0.1279600E-01 0.2099702E-01 0.2876304E-01 0.3573542E-01 0.4159208E-01 0.4614164E-01 0.4931337E-01 0.5107854E-01 0.5147239E-01 0.5057413E-01 0.4835673E-01 0.4434144E-01 0.3657233E-01 0.2079992E-01 0.2079992E-01 -9999.000 -9999.000 -9999.000 -9999.000 -9999.000 -9999.000 -9999.000 -9999.000 -9999.000 -9999.000 -9999.000 -9999.000 -9999.000 -9999.000 -9999.000 -9999.000 -9999.000 -9999.000 -9999.000 -9999.000 -9999.000 -9999.000 -9999.000 -9999.000 -9999.000 -9999.000 -9999.000
-9999.000 -9999.000 -9999.000 -9999.000 -9999.000 -9999.000 -9999.000 -9999.000 -9999.000 -9999.000 -9999.000 -9999.000 -9999.000 -9999.000 -9999.000 0.6395001E-02 0.1410142E-01 0.2299281E-01 0.3140470E-01 0.3897601E-01 0.4538150E-01 0.5043713E-01 0.5408764E-01 0.5631790E-01 0.5717828E-01 0.5676635E-01 0.5504859E-01 0.5146305E-01 0.4372371E-01 0.2542966E-01 0.2542966E-01 -9999.000 -9999.000 -9999.000 -9999.000 -9999.000 -9999.000 -9999.000 -9999.000 -9999.000 -9999.000 -9999.000 -9999.000 -9999.000 -9999.000 -9999.000 -9999.000 -9999.000 -9999.000 -9999.000 -9999.000 -9999.000 -9999.000 -9999.000 -9999.000 -9999.000 -9999.000 -9999.000
-9999.000 -9999.000 -9999.000 -9999.000 -9999.000 -9999.000 -9999.000 -9999.000 -9999.000 -9999.000 -9999.000 -9999.000 -9999.000 -9999.000 -9999.000 0.2084666E-01 0.3409008E-01 0.4673165E-01 0.5601674E-01 0.6245817E-01 0.6649120E-01 0.6858388E-01 0.6914803E-01 0.6847809E-01 0.6683367E-01 0.6440207E-01 0.6113326E-01 0.5634616E-01 0.4743906E-01 0.2397208E-01 0.2397208E-01 -9999.000 -9999.000 -9999.000 -9999.000 -9999.000 -9999.000 -9999.000 -9999.000 -9999.000 -9999.000 -9999.000 -9999.000 -9999.000 -9999.000 -9999.000 -9999.000 -9999.000 -9999.000 -9999.000 -9999.000 -9999.000 -9999.000 -9999.000 -9999.000 -9999.000 -9999.000 -9999.000
2.554401 2.554401 2.599495 2.640009 2.645457 2.645457 2.648569 2.650807 2.650807 2.649672 2.649672 2.646263 2.643934 2.641282 2.638357 2.638357 2.659125 2.651453 2.633658 2.601960 2.553546 2.485729 2.398429 2.292387 2.168372 2.028668 1.878016 1.727415 1.602464 1.565664 1.565664 2.387353 2.546583 2.625422 2.642896 2.642896 2.660728 2.660728 2.621380 2.621380 2.566770 2.361344 2.361344 1.915493 1.915493 1.768575 1.768575 1.768575 1.781995 1.781995 1.823112 1.823112 1.870498 1.870498 1.915865 1.915865 1.954641 1.954641
2.571642 2.571642 2.631241 2.687367 2.703444 2.703444 2.717162 2.740494 2.740494 2.760285 2.760285 2.777634 2.785620 2.793240 2.800541 2.800541 2.820601 2.826843 2.833110 2.837145 2.836379 2.827904 2.809304 2.778306 2.732661 2.670821 2.592463 2.498755 2.401259 2.345805 2.345805 2.792542 2.945156 3.083420 3.118566 3.118566 3.153563 3.153563 3.141624 3.141624 3.112875 2.994957 2.994957 2.732867 2.732867 2.559186 2.559186 2.559186 2.572121 2.572121 2.613887 2.613887 2.663347 2.663347 2.711642 2.711642 2.753876 2.753876
2.575637 2.575637 2.635203 2.687684 2.703939 2.703939 2.717889 2.741731 2.741731 2.762096 2.762096 2.780108 2.788462 2.796472 2.804185 2.804185 2.824260 2.837687 2.853539 2.869193 2.882469 2.891495 2.894878 2.891297 2.879187 2.856951 2.823371 2.778183 2.726972 2.696485 2.696485 2.962271 3.110491 3.274825 3.320056 3.320056 3.360425 3.360425 3.339855 3.339855 3.306346 3.202847 3.202847 3.028765 3.028765 2.853442 2.853442 2.853442 2.852027 2.852027 2.884568 2.884568 2.927131 2.927131 2.969308 2.969308 3.006679 3.006679
2.578838 2.578838 2.638247 2.687623 2.703851 2.703851 2.717842 2.741745 2.741745 2.762126 2.762126 2.780146 2.788506 2.796523 2.804246 2.804246 2.826324 2.846271 2.869853 2.893414 2.914426 2.931188 2.942713 2.948390 2.947638 2.939832 2.924433 2.901328 2.873949 2.859776 2.859776 3.024961 3.158573 3.331657 3.381829 3.381829 3.418125 3.418125 3.378898 3.378898 3.339783 3.253576 3.253576 3.146328 3.146328 2.993429 2.993429 2.993429 2.976724 2.976724 2.998817 2.998817 3.035225 3.035225 3.073477 3.073477 3.108013 3.108013
2.581299 2.581299 2.640566 2.687579 2.703755 2.703755 2.717781 2.741744 2.741744 2.762133 2.762133 2.780148 2.788504 2.796520 2.804243 2.804243 2.830864 2.857502 2.888514 2.919347 2.947138 2.970137 2.987370 2.998364 3.002895 3.000863 2.992330 2.977693 2.959648 2.950375 2.950375 3.054861 3.167528 3.332481 3.378262 3.378262 3.392090 3.392090 3.332900 3.332900 3.297030 3.243649 3.243649 3.193389 3.193389 3.080012 3.080012 3.080012 3.051410 3.051410 3.060746 3.060746 3.088997 3.088997 3.122445 3.122445 3.153747 3.153747
2.583038 2.583038 2.642199 2.687554 2.703675 2.703675 2.717727 2.741742 2.741742 2.762139 2.762139 2.780149 2.788504 2.796518 2.804240 2.804240 2.838646 2.872469 2.910705 2.948262 2.982163 3.010688 3.032881 3.048277 3.056706 3.058201 3.053017 3.041766 3.026683 3.016528 3.016528 3.079787 3.167558 3.304136 3.331525 3.331525 3.304970 3.304970 3.243094 3.243094 3.223781 3.213374 3.213374 3.208347 3.208347 3.140916 3.140916 3.140916 3.108208 3.108208 3.105306 3.105306 3.123392 3.123392 3.150099 3.150099 3.176753 3.176753
2.584074 2.584074 2.643170 2.687542 2.703622 2.703622 2.717690 2.741742 2.741742 2.762143 2.762143 2.780149 2.788503 2.796517 2.804238 2.804238 2.850521 2.892251 2.937548 2.981209 3.020415 3.053630 3.080017 3.099157 3.110892 3.115250 3.112473 3.103129 3.088953 3.076113 3.076113 3.109552 3.169514 3.249444 3.240892 3.240892 3.175133 3.175133 3.142721 3.142721 3.148286 3.178730 3.178730 3.206484 3.206484 3.182966 3.182966 3.182966 3.154914 3.154914 3.143572 3.143572 3.150961 3.150961 3.169106 3.169106 3.189392 3.189392
2.584418 2.584418 2.643492 2.687540 2.703604 2.703604 2.717677 2.741741 2.741741 2.762145 2.762145 2.780150 2.788503 2.796516 2.804237 2.804237 2.867624 2.918103 2.970280 3.019325 3.062867 3.099726 3.129309 3.151329 3.165680 3.172383 3.171607 3.163774 3.150087 3.134470 3.134470 3.145067 3.172664 3.153974 3.099295 3.099295 3.031934 3.031934 3.055998 3.055998 3.084497 3.145271 3.145271 3.195359 3.195359 3.209209 3.209209 3.209209 3.192312 3.192312 3.178082 3.178082 3.176214 3.176214 3.184758 3.184758 3.197060 3.197060
2.584074 2.584074 2.643170 2.687543 2.703622 2.703622 2.717690 2.741741 2.741741 2.762144 2.762144 2.780149 2.788503 2.796517 2.804238 2.804238 2.891536 2.951576 3.010318 3.063838 3.110527 3.149746 3.181271 3.205043 3.221073 3.229407 3.230156 3.223580 3.210326 3.191923 3.191923 3.181756 3.164375 2.998249 2.917280 2.917280 2.908133 2.908133 2.988116 2.988116 3.031960 3.112328 3.112328 3.177676 3.177676 3.221373 3.221373 3.221373 3.218725 3.218725 3.206934 3.206934 3.198785 3.198785 3.197863 3.197863 3.201058 3.201058
2.583038 2.583038 2.642199 2.687554 2.703675 2.703675 2.717727 2.741743 2.741743 2.762139 2.762139 2.780148 2.788503 2.796518 2.804240 2.804240 2.924503 2.994665 3.059313 3.116057 3.164377 3.204375 3.236314 3.260447 3.276960 3.285967 3.287557 3.281831 3.268717 3.245951 3.245951 3.207239 3.112274 2.788284 2.737175 2.737175 2.817718 2.817718 2.933062 2.933062 2.985454 3.078296 3.078296 3.154502 3.154502 3.221127 3.221127 3.221127 3.232868 3.232868 3.227220 3.227220 3.216286 3.216286 3.207128 3.207128 3.200835 3.200835
2.581299 2.581299 2.640567 2.687579 2.703755 2.703755 2.717781 2.741744 2.741744 2.762132 2.762132 2.780147 2.788505 2.796520 2.804243 2.804243 2.969800 3.049998 3.119199 3.177303 3.225243 3.264043 3.294556 3.317399 3.332968 3.341477 3.343014 3.337499 3.323376 3.289005 3.289005 3.188888 2.960913 2.579654 2.604440 2.604440 2.750399 2.750399 2.882660 2.882660 2.939621 3.041060 3.041060 3.125203 3.125203 3.208866 3.208866 3.208866 3.233263 3.233263 3.235373 3.235373 3.224618 3.224618 3.209153 3.209153 3.193844 3.193844
