simulation_files/asc/Velocity__x_12.0.asc
NCOLS        79
NROWS        79
XLLCENTER         -1.500000
YLLCENTER         -4.800000
CELLSIZE           0.100
NODATA_VALUE     -9999.0
[rows 0 to 25 of 79, columns 0 to 56 of 79]
-9999.000 -9999.000 -9999.000 -9999.000 -9999.000 -9999.000 -9999.000 -9999.000 -9999.000 -9999.000 -9999.000 -9999.000 -9999.000 -9999.000 -9999.000 0.8586111E-03 0.1037174E-02 0.3844211E-03 0.1418832E-03 0.5223410E-04 0.1894438E-04 0.6157405E-05 0.2039940E-07 -0.6158397E-05 -0.1896033E-04 -0.5221667E-04 -0.1418946E-03 -0.3844555E-03 -0.1037161E-02 -0.8585753E-03 -0.8585753E-03 -9999.000 -9999.000 -9999.000 -9999.000 -9999.000 -9999.000 -9999.000 -9999.000 -9999.000 -9999.000 -9999.000 -9999.000 -9999.000 -9999.000 -9999.000 -9999.000 -9999.000 -9999.000 -9999.000 -9999.000 -9999.000 -9999.000 -9999.000 -9999.000 -9999.000 -9999.000
-9999.000 -9999.000 -9999.000 -9999.000 -9999.000 -9999.000 -9999.000 -9999.000 -9999.000 -9999.000 -9999.000 -9999.000 -9999.000 -9999.000 -9999.000 0.1932547E-02 0.2440697E-02 0.1146640E-02 0.5114810E-03 0.2204609E-03 0.9113401E-04 0.3252425E-04 0.7882401E-08 -0.3251953E-04 -0.9112337E-04 -0.2204348E-03 -0.5114917E-03 -0.1146680E-02 -0.2440710E-02 -0.1932546E-02 -0.1932546E-02 -9999.000 -9999.000 -9999.000 -9999.000 -9999.000 -9999.000 -9999.000 -9999.000 -9999.000 -9999.000 -9999.000 -9999.000 -9999.000 -9999.000 -9999.000 -9999.000 -9999.000 -9999.000 -9999.000 -9999.000 -9999.000 -9999.000 -9999.000 -9999.000 -9999.000 -9999.000
-9999.000 -9999.000 -9999.000 -9999.000 -9999.000 -9999.000 -9999.000 -9999.000 -9999.000 -9999.000 -9999.000 -9999.000 -9999.000 -9999.000 -9999.000 0.2906078E-02 0.3812602E-02 0.2135094E-02 0.1106695E-02 0.5430508E-03 0.2501378E-03 0.9642486E-04 -0.6800886E-09 -0.9640573E-04 -0.2500893E-03 -0.5430410E-03 -0.1106730E-02 -0.2135134E-02 -0.3812637E-02 -0.2906103E-02 -0.2906103E-02 -9999.000 -9999.000 -9999.000 -9999.000 -9999.000 -9999.000 -9999.000 -9999.000 -9999.000 -9999.000 -9999.000 -9999.000 -9999.000 -9999.000 -9999.000 -9999.000 -9999.000 -9999.000 -9999.000 -9999.000 -9999.000 -9999.000 -9999.000 -9999.000 -9999.000 -9999.000
-9999.000 -9999.000 -9999.000 -9999.000 -9999.000 -9999.000 -9999.000 -9999.000 -9999.000 -9999.000 -9999.000 -9999.000 -9999.000 -9999.000 -9999.000 0.3656788E-02 0.4956797E-02 0.3179393E-02 0.1861835E-02 0.1017990E-02 0.5133103E-03 0.2108837E-03 0.1556848E-07 -0.2108613E-03 -0.5133045E-03 -0.1017996E-02 -0.1861874E-02 -0.3179407E-02 -0.4956828E-02 -0.3656796E-02 -0.3656796E-02 -9999.000 -9999.000 -9999.000 -9999.000 -9999.000 -9999.000 -9999.000 -9999.000 -9999.000 -9999.000 -9999.000 -9999.000 -9999.000 -9999.000 -9999.000 -9999.000 -9999.000 -9999.000 -9999.000 -9999.000 -9999.000 -9999.000 -9999.000 -9999.000 -9999.000 -9999.000
-9999.000 -9999.000 -9999.000 -9999.000 -9999.000 -9999.000 -9999.000 -9999.000 -9999.000 -9999.000 -9999.000 -9999.000 -9999.000 -9999.000 -9999.000 0.4167844E-02 0.5809466E-02 0.4147130E-02 0.2684565E-02 0.1607340E-02 0.8745910E-03 0.3788401E-03 0.1443157E-07 -0.3788304E-03 -0.8746079E-03 -0.1607349E-02 -0.2684583E-02 -0.4147128E-02 -0.5809468E-02 -0.4167856E-02 -0.4167856E-02 -9999.000 -9999.000 -9999.000 -9999.000 -9999.000 -9999.000 -9999.000 -9999.000 -9999.000 -9999.000 -9999.000 -9999.000 -9999.000 -9999.000 -9999.000 -9999.000 -9999.000 -9999.000 -9999.000 -9999.000 -9999.000 -9999.000 -9999.000 -9999.000 -9999.000 -9999.000
-9999.000 -9999.000 -9999.000 -9999.000 -9999.000 -9999.000 -9999.000 -9999.000 -9999.000 -9999.000 -9999.000 -9999.000 -9999.000 -9999.000 -9999.000 0.4471574E-02 0.6381376E-02 0.4958380E-02 0.3485378E-02 0.2251721E-02 0.1305964E-02 0.5910661E-03 0.1233482E-07 -0.5910635E-03 -0.1305992E-02 -0.2251742E-02 -0.3485393E-02 -0.4958396E-02 -0.6381377E-02 -0.4471549E-02 -0.4471549E-02 -9999.000 -9999.000 -9999.000 -9999.000 -9999.000 -9999.000 -9999.000 -9999.000 -9999.000 -9999.000 -9999.000 -9999.000 -9999.000 -9999.000 -9999.000 -9999.000 -9999.000 -9999.000 -9999.000 -9999.000 -9999.000 -9999.000 -9999.000 -9999.000 -9999.000 -9999.000
-9999.000 -9999.000 -9999.000 -9999.000 -9999.000 -9999.000 -9999.000 -9999.000 -9999.000 -9999.000 -9999.000 -9999.000 -9999.000 -9999.000 -9999.000 0.4616213E-02 0.6716901E-02 0.5579001E-02 0.4194232E-02 0.2886351E-02 0.1765210E-02 0.8282186E-03 0.1155930E-07 -0.8282434E-03 -0.1765230E-02 -0.2886378E-02 -0.4194252E-02 -0.5579002E-02 -0.6716886E-02 -0.4616192E-02 -0.4616192E-02 -9999.000 -9999.000 -9999.000 -9999.000 -9999.000 -9999.000 -9999.000 -9999.000 -9999.000 -9999.000 -9999.000 -9999.000 -9999.000 -9999.000 -9999.000 -9999.000 -9999.000 -9999.000 -9999.000 -9999.000 -9999.000 -9999.000 -9999.000 -9999.000 -9999.000 -9999.000
-9999.000 -9999.000 -9999.000 -9999.000 -9999.000 -9999.000 -9999.000 -9999.000 -9999.000 -9999.000 -9999.000 -9999.000 -9999.000 -9999.000 -9999.000 0.4648616E-02 0.6869112E-02 0.6006907E-02 0.4765900E-02 0.3453443E-02 0.2205728E-02 0.1065693E-02 -0.2821353E-07 -0.1065770E-02 -0.2205756E-02 -0.3453400E-02 -0.4765866E-02 -0.6006852E-02 -0.6869098E-02 -0.4648621E-02 -0.4648621E-02 -9999.000 -9999.000 -9999.000 -9999.000 -9999.000 -9999.000 -9999.000 -9999.000 -9999.000 -9999.000 -9999.000 -9999.000 -9999.000 -9999.000 -9999.000 -9999.000 -9999.000 -9999.000 -9999.000 -9999.000 -9999.000 -9999.000 -9999.000 -9999.000 -9999.000 -9999.000
-9999.000 -9999.000 -9999.000 -9999.000 -9999.000 -9999.000 -9999.000 -9999.000 -9999.000 -9999.000 -9999.000 -9999.000 -9999.000 -9999.000 -9999.000 0.4607013E-02 0.6886843E-02 0.6258478E-02 0.5178498E-02 0.3909981E-02 0.2585850E-02 0.1279037E-02 -0.3378315E-07 -0.1279112E-02 -0.2585843E-02 -0.3909923E-02 -0.5178491E-02 -0.6258435E-02 -0.6886791E-02 -0.4607025E-02 -0.4607025E-02 -9999.000 -9999.000 -9999.000 -9999.000 -9999.000 -9999.000 -9999.000 -9999.000 -9999.000 -9999.000 -9999.000 -9999.000 -9999.000 -9999.000 -9999.000 -9999.000 -9999.000 -9999.000 -9999.000 -9999.000 -9999.000 -9999.000 -9999.000 -9999.000 -9999.000 -9999.000
-9999.000 -9999.000 -9999.000 -9999.000 -9999.000 -9999.000 -9999.000 -9999.000 -9999.000 -9999.000 -9999.000 -9999.000 -9999.000 -9999.000 -9999.000 0.1244109E-01 0.1407225E-01 0.7474461E-02 0.5557710E-02 0.4241183E-02 0.2875439E-02 0.1448367E-02 -0.1510645E-07 -0.1448384E-02 -0.2874940E-02 -0.4230758E-02 -0.5428761E-02 -0.6358525E-02 -0.6809340E-02 -0.4519317E-02 -0.4519317E-02 -9999.000 -9999.000 -9999.000 -9999.000 -9999.000 -9999.000 -9999.000 -9999.000 -9999.000 -9999.000 -9999.000 -9999.000 -9999.000 -9999.000 -9999.000 -9999.000 -9999.000 -9999.000 -9999.000 -9999.000 -9999.000 -9999.000 -9999.000 -9999.000 -9999.000 -9999.000
-9999.000 -9999.000 -9999.000 -9999.000 -9999.000 -9999.000 -9999.000 -9999.000 -9999.000 -9999.000 -9999.000 -9999.000 -9999.000 -9999.000 -9999.000 0.6149601E-01 0.1217234 0.1557354 0.1463104 0.9221099E-01 0.3206228E-01 0.8741868E-02 0.1722778E-02 -0.1152893E-02 -0.2960646E-02 -0.4385353E-02 -0.5521569E-02 -0.6332770E-02 -0.6665510E-02 -0.4404102E-02 -0.4404102E-02 -9999.000 -9999.000 -9999.000 -9999.000 -9999.000 -9999.000 -9999.000 -9999.000 -9999.000 -9999.000 -9999.000 -9999.000 -9999.000 -9999.000 -9999.000 -9999.000 -9999.000 -9999.000 -9999.000 -9999.000 -9999.000 -9999.000 -9999.000 -9999.000 -9999.000 -9999.000
-9999.000 -9999.000 -9999.000 -9999.000 -9999.000 -9999.000 -9999.000 -9999.000 -9999.000 -9999.000 -9999.000 -9999.000 -9999.000 -9999.000 -9999.000 0.5065423E-01 0.1046516 0.1524437 0.1813506 0.2040607 0.2263592 0.2220333 0.1595062 0.6393865E-01 0.1598116E-01 0.6760144E-03 -0.4151612E-02 -0.5865289E-02 -0.6389969E-02 -0.4254450E-02 -0.4254450E-02 -9999.000 -9999.000 -9999.000 -9999.000 -9999.000 -9999.000 -9999.000 -9999.000 -9999.000 -9999.000 -9999.000 -9999.000 -9999.000 -9999.000 -9999.000 -9999.000 -9999.000 -9999.000 -9999.000 -9999.000 -9999.000 -9999.000 -9999.000 -9999.000 -9999.000 -9999.000
-9999.000 -9999.000 -9999.000 -9999.000 -9999.000 -9999.000 -9999.000 -9999.000 -9999.000 -9999.000 -9999.000 -9999.000 -9999.000 -9999.000 -9999.000 0.4274099E-01 0.9305542E-01 0.1466123 0.1887508 0.2236345 0.2505850 0.2641646 0.2702779 0.2738204 0.2418398 0.1450394 0.5101423E-01 0.1110638E-01 -0.1529061E-02 -0.3041019E-02 -0.3041019E-02 -9999.000 -9999.000 -9999.000 -9999.000 -9999.000 -9999.000 -9999.000 -9999.000 -9999.000 -9999.000 -9999.000 -9999.000 -9999.000 -9999.000 -9999.000 -9999.000 -9999.000 -9999.000 -9999.000 -9999.000 -9999.000 -9999.000 -9999.000 -9999.000 -9999.000 -9999.000
-9999.000 -9999.000 -9999.000 -9999.000 -9999.000 -9999.000 -9999.000 -9999.000 -9999.000 -9999.000 -9999.000 -9999.000 -9999.000 -9999.000 -9999.000 0.3880163E-01 0.8813623E-01 0.1463919 0.1962356 0.2365393 0.2653954 0.2839466 0.2992679 0.3133434 0.3177626 0.3110744 0.2814953 0.1864937 0.7568718E-01 0.1876874E-01 0.1876874E-01 -9999.000 -9999.000 -9999.000 -9999.000 -9999.000 -9999.000 -9999.000 -9999.000 -9999.000 -9999.000 -9999.000 -9999.000 -9999.000 -9999.000 -9999.000 -9999.000 -9999.000 -9999.000 -9999.000 -9999.000 -9999.000 -9999.000 -9999.000 -9999.000 -9999.000 -9999.000
-9999.000 -9999.000 -9999.000 -9999.000 -9999.000 -9999.000 -9999.000 -9999.000 -9999.000 -9999.000 -9999.000 -9999.000 -9999.000 -9999.000 -9999.000 0.4123305E-01 0.9040708E-01 0.1514349 0.2053123 0.2488818 0.2810247 0.3045789 0.3240442 0.3389291 0.3470458 0.3525499 0.3530762 0.3341500 0.2634130 0.1160623 0.1160623 -9999.000 -9999.000 -9999.000 -9999.000 -9999.000 -9999.000 -9999.000 -9999.000 -9999.000 -9999.000 -9999.000 -9999.000 -9999.000 -9999.000 -9999.000 -9999.000 -9999.000 -9999.000 -9999.000 -9999.000 -9999.000 -9999.000 -9999.000 -9999.000 -9999.000 -9999.000
0.6870735 0.6870735 0.6171363 0.5962081 0.5856872 0.5856872 0.5748299 0.5508206 0.5508206 0.5204483 0.5204483 0.4776722 0.4485866 0.4117086 0.3642000 0.3642000 0.2737933 0.2710039 0.2840692 0.3031487 0.3222853 0.3403170 0.3571735 0.3704598 0.3800362 0.3891349 0.3960957 0.4003007 0.4025211 0.4105040 0.4105040 0.9244232 0.9852973 0.2791982 0.2508344E-01 0.2508344E-01 -0.1008235 -0.1008235 -0.1358199 -0.1358199 -0.1226229 -0.4617403E-01 -0.4617403E-01 0.4816148E-01 0.4816148E-01 0.1689768 0.1689768 0.1689768 0.2415753 0.2415753 0.3027264 0.3027264 0.3543279 0.3543279 0.3984710 0.3984710 0.4415256
0.6952322 0.6952322 0.6242301 0.6070678 0.5977721 0.5977721 0.5876921 0.5639091 0.5639091 0.5325601 0.5325601 0.4908014 0.4656920 0.4378400 0.4074207 0.4074207 0.3551099 0.3476412 0.3502528 0.3584862 0.3694108 0.3821743 0.3955447 0.4071805 0.4178278 0.4298149 0.4428141 0.4606718 0.4915985 0.5596605 0.5596605 0.9293272 1.007578 0.9002376 0.7751130 0.7751130 0.2350795 0.2350795 0.6254749E-01 0.6254749E-01 0.9007294E-01 0.1975645 0.1975645 0.2914904 0.2914904 0.3903615 0.3903615 0.3903615 0.4466239 0.4466239 0.4945190 0.4945190 0.5348940 0.5348940 0.5660341 0.5660341 0.6047590
0.6980169 0.6980169 0.6244928 0.6081783 0.5995373 0.5995373 0.5903413 0.5692855 0.5692855 0.5425070 0.5425070 0.5080158 0.4878829 0.4660946 0.4429285 0.4429285 0.4050280 0.3985458 0.3992806 0.4044354 0.4124181 0.4227047 0.4341221 0.4451516 0.4569252 0.4712466 0.4889183 0.5149064 0.5581883 0.6446902 0.6446902 0.9302081 1.036508 1.071173 1.025339 1.025339 0.7940397 0.7940397 0.4869488 0.4869488 0.4255364 0.4930973 0.4930973 0.5569201 0.5569201 0.6153424 0.6153424 0.6153424 0.6397998 0.6397998 0.6627555 0.6627555 0.6754826 0.6754826 0.6868373 0.6868373 0.7149773
0.7013359 0.7013359 0.6249862 0.6094425 0.6014467 0.6014467 0.5931205 0.5747066 0.5747066 0.5522074 0.5522074 0.5240974 0.5080313 0.4908743 0.4728076 0.4728076 0.4441856 0.4385043 0.4385665 0.4426902 0.4497813 0.4592445 0.4700594 0.4814235 0.4944916 0.5107106 0.5315996 0.5620381 0.6102232 0.7000310 0.7000310 0.9338287 1.044504 1.113712 1.107041 1.107041 1.015058 1.015058 0.8734539 0.8734539 0.8213211 0.7874241 0.7874241 0.8062029 0.8062029 0.8159549 0.8159549 0.8159549 0.8193061 0.8193061 0.8194854 0.8194854 0.8191272 0.8191272 0.8159152 0.8159152 0.8224044
0.7051929 0.7051929 0.6257130 0.6110241 0.6037236 0.6037236 0.5963091 0.5805487 0.5805487 0.5621188 0.5621188 0.5397358 0.5271546 0.5138342 0.4998343 0.4998343 0.4784428 0.4734696 0.4729446 0.4762311 0.4827034 0.4917525 0.5025016 0.5145652 0.5289066 0.5466730 0.5696845 0.6023002 0.6517007 0.7387797 0.7387797 0.9358843 1.043512 1.130076 1.140554 1.140554 1.102691 1.102691 1.008680 1.008680 0.9748949 0.9542145 0.9542145 0.9689198 0.9689198 0.9768948 0.9768948 0.9768948 0.9705873 0.9705873 0.9560586 0.9560586 0.9397383 0.9397383 0.9228368 0.9228368 0.9127864
0.7094473 0.7094473 0.6265667 0.6128154 0.6062512 0.6062512 0.5997862 0.5867182 0.5867182 0.5722831 0.5722831 0.5553314 0.5459586 0.5360889 0.5256430 0.5256430 0.5104733 0.5062537 0.5051462 0.5073718 0.5128544 0.5211974 0.5317410 0.5443097 0.5596021 0.5785029 0.6028174 0.6362578 0.6850612 0.7672807 0.7672807 0.9362910 1.039812 1.133734 1.151059 1.151059 1.127149 1.127149 1.052084 1.052084 1.030779 1.034365 1.034365 1.058795 1.058795 1.078798 1.078798 1.078798 1.080014 1.080014 1.066113 1.066113 1.043031 1.043031 1.016352 1.016352 0.9931169
0.7139892 0.7139892 0.6275263 0.6148297 0.6090509 0.6090509 0.6035772 0.5932485 0.5932485 0.5827947 0.5827947 0.5712047 0.5649789 0.5584642 0.5514120 0.5514120 0.5419860 0.5385445 0.5368454 0.5377449 0.5417236 0.5487766 0.5585666 0.5710564 0.5867075 0.6061812 0.6310824 0.6644834 0.7117858 0.7886629 0.7886629 0.9352033 1.034309 1.125215 1.138368 1.138368 1.105333 1.105333 1.061073 1.061073 1.061579 1.089839 1.089839 1.121036 1.121036 1.145714 1.145714 1.145714 1.152868 1.152868 1.146215 1.146215 1.126486 1.126486 1.097429 1.097429 1.065866
0.7186430 0.7186430 0.6285418 0.6170045 0.6120509 0.6120509 0.6076009 0.6000512 0.6000512 0.5936107 0.5936107 0.5875036 0.5845543 0.5815704 0.5780907 0.5780907 0.5743421 0.5715919 0.5691985 0.5684958 0.5704668 0.5755712 0.5838680 0.5954725 0.6106927 0.6300125 0.6547520 0.6874022 0.7326095 0.8040258 0.8040258 0.9314473 1.023813 1.092309 1.091603 1.091603 1.063009 1.063009 1.068619 1.068619 1.087659 1.131211 1.131211 1.166769 1.166769 1.194338 1.194338 1.194338 1.203831 1.203831 1.201604 1.201604 1.187662 1.187662 1.162591 1.162591 1.129634
0.7232111 0.7232111 0.6295773 0.6192648 0.6151471 0.6151471 0.6117222 0.6069420 0.6069420 0.6045535 0.6045535 0.6042002 0.6048397 0.6058566 0.6065423 0.6065423 0.6088413 0.6065056 0.6031194 0.6004458 0.5999049 0.6024050 0.6084100 0.6182218 0.6320875 0.6503522 0.6740214 0.7050430 0.7473043 0.8122092 0.8122092 0.9197885 0.9967737 1.025640 1.021544 1.021544 1.030420 1.030420 1.080951 1.080951 1.109751 1.160814 1.160814 1.199394 1.199394 1.229944 1.229944 1.229944 1.241096 1.241096 1.241123 1.241123 1.230709 1.230709 1.210198 1.210198 1.180373
0.7274294 0.7274294 0.6305655 0.6214830 0.6181848 0.6181848 0.6157635 0.6137093 0.6137093 0.6154059 0.6154059 0.6211746 0.6258792 0.6316947 0.6377073 0.6377073 0.6469741 0.6444468 0.6394399 0.6342108 0.6305671 0.6297942 0.6327028 0.6397782 0.6512559 0.6673397 0.6886564 0.7165189 0.7538181 0.8089337 0.8089337 0.8880057 0.9347937 0.9446112 0.9576750 0.9576750 1.014370 1.014370 1.091192 1.091192 1.124374 1.179545 1.179545 1.220786 1.220786 1.254767 1.254767 1.254767 1.267810 1.267810 1.269686 1.269686 1.261451 1.261451 1.243841 1.243841 1.217328
0.7310669 0.7310669 0.6315020 0.6236070 0.6210845 0.6210845 0.6196154 0.6201795 0.6201795 0.6259286 0.6259286 0.6381845 0.6475505 0.6593239 0.6726768 0.6726768 0.6906865 0.6867625 0.6789852 0.6702476 0.6627068 0.6579156 0.6569099 0.6602773 0.6681891 0.6805801 0.6974380 0.7189702 0.7462850 0.7835802 0.7835802 0.8237666 0.8429578 0.8793609 0.9129246 0.9129246 1.000015 1.000015 1.093247 1.093247 1.129018 1.187799 1.187799 1.232209 1.232209 1.270457 1.270457 1.270457 1.285819 1.285819 1.289675 1.289675 1.283267 1.283267 1.267588 1.267588 1.243301
