simulation_files/asc/Velocity__x_103.0.asc
NCOLS        79
NROWS        79
XLLCENTER         -1.500000
YLLCENTER         -4.800000
CELLSIZE           0.100
NODATA_VALUE     -9999.0
[rows 0 to 25 of 79, columns 0 to 57 of 79]
-9999.000 -9999.000 -9999.000 -9999.000 -9999.000 -9999.000 -9999.000 -9999.000 -9999.000 -9999.000 -9999.000 -9999.000 -9999.000 -9999.000 -9999.000 0.4969916E-04 0.9485486E-03 0.2672264E-02 0.4289345E-02 0.5728530E-02 0.7001070E-02 0.8136276E-02 0.9158633E-02 0.1006399E-01 0.1078927E-01 0.1117056E-01 0.1088518E-01 0.9364766E-02 0.5742815E-02 0.2145715E-02 0.2145715E-02 -9999.000 -9999.000 -9999.000 -9999.000 -9999.000 -9999.000 -9999.000 -9999.000 -9999.000 -9999.000 -9999.000 -9999.000 -9999.000 -9999.000 -9999.000 -9999.000 -9999.000 -9999.000 -9999.000 -9999.000 -9999.000 -9999.000 -9999.000 -9999.000 -9999.000 -9999.000 -9999.000
-9999.000 -9999.000 -9999.000 -9999.000 -9999.000 -9999.000 -9999.000 -9999.000 -9999.000 -9999.000 -9999.000 -9999.000 -9999.000 -9999.000 -9999.000 0.7447361E-03 0.2491649E-02 0.5201585E-02 0.7811101E-02 0.1019608E-01 0.1232074E-01 0.1417239E-01 0.1573233E-01 0.1694734E-01 0.1769671E-01 0.1775415E-01 0.1674371E-01 0.1408697E-01 0.9008482E-02 0.3800921E-02 0.3800921E-02 -9999.000 -9999.000 -9999.000 -9999.000 -9999.000 -9999.000 -9999.000 -9999.000 -9999.000 -9999.000 -9999.000 -9999.000 -9999.000 -9999.000 -9999.000 -9999.000 -9999.000 -9999.000 -9999.000 -9999.000 -9999.000 -9999.000 -9999.000 -9999.000 -9999.000 -9999.000 -9999.000
-9999.000 -9999.000 -9999.000 -9999.000 -9999.000 -9999.000 -9999.000 -9999.000 -9999.000 -9999.000 -9999.000 -9999.000 -9999.000 -9999.000 -9999.000 0.1323771E-02 0.3797509E-02 0.7373290E-02 0.1080261E-01 0.1393143E-01 0.1669833E-01 0.1906624E-01 0.2099201E-01 0.2239791E-01 0.2313671E-01 0.2295285E-01 0.2143697E-01 0.1796930E-01 0.1171784E-01 0.5152109E-02 0.5152109E-02 -9999.000 -9999.000 -9999.000 -9999.000 -9999.000 -9999.000 -9999.000 -9999.000 -9999.000 -9999.000 -9999.000 -9999.000 -9999.000 -9999.000 -9999.000 -9999.000 -9999.000 -9999.000 -9999.000 -9999.000 -9999.000 -9999.000 -9999.000 -9999.000 -9999.000 -9999.000 -9999.000
-9999.000 -9999.000 -9999.000 -9999.000 -9999.000 -9999.000 -9999.000 -9999.000 -9999.000 -9999.000 -9999.000 -9999.000 -9999.000 -9999.000 -9999.000 0.1835703E-02 0.4947063E-02 0.9276424E-02 0.1341295E-01 0.1717625E-01 0.2048597E-01 0.2328902E-01 0.2552828E-01 0.2711126E-01 0.2787309E-01 0.2753376E-01 0.2564633E-01 0.2153215E-01 0.1426508E-01 0.6438346E-02 0.6438346E-02 -9999.000 -9999.000 -9999.000 -9999.000 -9999.000 -9999.000 -9999.000 -9999.000 -9999.000 -9999.000 -9999.000 -9999.000 -9999.000 -9999.000 -9999.000 -9999.000 -9999.000 -9999.000 -9999.000 -9999.000 -9999.000 -9999.000 -9999.000 -9999.000 -9999.000 -9999.000 -9999.000
-9999.000 -9999.000 -9999.000 -9999.000 -9999.000 -9999.000 -9999.000 -9999.000 -9999.000 -9999.000 -9999.000 -9999.000 -9999.000 -9999.000 -9999.000 0.2304516E-02 0.5991273E-02 0.1099406E-01 0.1576374E-01 0.2009826E-01 0.2390255E-01 0.2711224E-01 0.2966060E-01 0.3144467E-01 0.3228405E-01 0.3187216E-01 0.2971678E-01 0.2506240E-01 0.1685515E-01 0.7766873E-02 0.7766873E-02 -9999.000 -9999.000 -9999.000 -9999.000 -9999.000 -9999.000 -9999.000 -9999.000 -9999.000 -9999.000 -9999.000 -9999.000 -9999.000 -9999.000 -9999.000 -9999.000 -9999.000 -9999.000 -9999.000 -9999.000 -9999.000 -9999.000 -9999.000 -9999.000 -9999.000 -9999.000 -9999.000
-9999.000 -9999.000 -9999.000 -9999.000 -9999.000 -9999.000 -9999.000 -9999.000 -9999.000 -9999.000 -9999.000 -9999.000 -9999.000 -9999.000 -9999.000 0.2753518E-02 0.6980634E-02 0.1260677E-01 0.1796637E-01 0.2284018E-01 0.2712120E-01 0.3073714E-01 0.3361430E-01 0.3564095E-01 0.3662072E-01 0.3621658E-01 0.3388090E-01 0.2876239E-01 0.1964010E-01 0.9218268E-02 0.9218268E-02 -9999.000 -9999.000 -9999.000 -9999.000 -9999.000 -9999.000 -9999.000 -9999.000 -9999.000 -9999.000 -9999.000 -9999.000 -9999.000 -9999.000 -9999.000 -9999.000 -9999.000 -9999.000 -9999.000 -9999.000 -9999.000 -9999.000 -9999.000 -9999.000 -9999.000 -9999.000 -9999.000
-9999.000 -9999.000 -9999.000 -9999.000 -9999.000 -9999.000 -9999.000 -9999.000 -9999.000 -9999.000 -9999.000 -9999.000 -9999.000 -9999.000 -9999.000 0.3207160E-02 0.7966489E-02 0.1419523E-01 0.2012938E-01 0.2553630E-01 0.3030033E-01 0.3434295E-01 0.3758572E-01 0.3990849E-01 0.4109818E-01 0.4078255E-01 0.3834742E-01 0.3282264E-01 0.2277278E-01 0.1087730E-01 0.1087730E-01 -9999.000 -9999.000 -9999.000 -9999.000 -9999.000 -9999.000 -9999.000 -9999.000 -9999.000 -9999.000 -9999.000 -9999.000 -9999.000 -9999.000 -9999.000 -9999.000 -9999.000 -9999.000 -9999.000 -9999.000 -9999.000 -9999.000 -9999.000 -9999.000 -9999.000 -9999.000 -9999.000
-9999.000 -9999.000 -9999.000 -9999.000 -9999.000 -9999.000 -9999.000 -9999.000 -9999.000 -9999.000 -9999.000 -9999.000 -9999.000 -9999.000 -9999.000 0.3689254E-02 0.8998638E-02 0.1583660E-01 0.2235512E-01 0.2831304E-01 0.3358810E-01 0.3809772E-01 0.4175988E-01 0.4444703E-01 0.4592771E-01 0.4578897E-01 0.4333729E-01 0.3745638E-01 0.2643677E-01 0.1284963E-01 0.1284963E-01 -9999.000 -9999.000 -9999.000 -9999.000 -9999.000 -9999.000 -9999.000 -9999.000 -9999.000 -9999.000 -9999.000 -9999.000 -9999.000 -9999.000 -9999.000 -9999.000 -9999.000 -9999.000 -9999.000 -9999.000 -9999.000 -9999.000 -9999.000 -9999.000 -9999.000 -9999.000 -9999.000
-9999.000 -9999.000 -9999.000 -9999.000 -9999.000 -9999.000 -9999.000 -9999.000 -9999.000 -9999.000 -9999.000 -9999.000 -9999.000 -9999.000 -9999.000 0.4223230E-02 0.1012557E-01 0.1760515E-01 0.2474261E-01 0.3129283E-01 0.3712951E-01 0.4216835E-01 0.4632531E-01 0.4946611E-01 0.5133886E-01 0.5148386E-01 0.4911317E-01 0.4293075E-01 0.3087569E-01 0.1528076E-01 0.1528076E-01 -9999.000 -9999.000 -9999.000 -9999.000 -9999.000 -9999.000 -9999.000 -9999.000 -9999.000 -9999.000 -9999.000 -9999.000 -9999.000 -9999.000 -9999.000 -9999.000 -9999.000 -9999.000 -9999.000 -9999.000 -9999.000 -9999.000 -9999.000 -9999.000 -9999.000 -9999.000 -9999.000
-9999.000 -9999.000 -9999.000 -9999.000 -9999.000 -9999.000 -9999.000 -9999.000 -9999.000 -9999.000 -9999.000 -9999.000 -9999.000 -9999.000 -9999.000 0.4833386E-02 0.1139793E-01 0.1957965E-01 0.2739713E-01 0.3460719E-01 0.4108287E-01 0.4674099E-01 0.5149760E-01 0.5521257E-01 0.5761195E-01 0.5818219E-01 0.5602223E-01 0.4961421E-01 0.3644294E-01 0.1838767E-01 0.1838767E-01 -9999.000 -9999.000 -9999.000 -9999.000 -9999.000 -9999.000 -9999.000 -9999.000 -9999.000 -9999.000 -9999.000 -9999.000 -9999.000 -9999.000 -9999.000 -9999.000 -9999.000 -9999.000 -9999.000 -9999.000 -9999.000 -9999.000 -9999.000 -9999.000 -9999.000 -9999.000 -9999.000
-9999.000 -9999.000 -9999.000 -9999.000 -9999.000 -9999.000 -9999.000 -9999.000 -9999.000 -9999.000 -9999.000 -9999.000 -9999.000 -9999.000 -9999.000 0.5548364E-02 0.1287590E-01 0.2185377E-01 0.3044602E-01 0.3841762E-01 0.4564552E-01 0.5205146E-01 0.5755547E-01 0.6201353E-01 0.6512831E-01 0.6632397E-01 0.6456406E-01 0.5805440E-01 0.4368678E-01 0.2251555E-01 0.2251555E-01 -9999.000 -9999.000 -9999.000 -9999.000 -9999.000 -9999.000 -9999.000 -9999.000 -9999.000 -9999.000 -9999.000 -9999.000 -9999.000 -9999.000 -9999.000 -9999.000 -9999.000 -9999.000 -9999.000 -9999.000 -9999.000 -9999.000 -9999.000 -9999.000 -9999.000 -9999.000 -9999.000
-9999.000 -9999.000 -9999.000 -9999.000 -9999.000 -9999.000 -9999.000 -9999.000 -9999.000 -9999.000 -9999.000 -9999.000 -9999.000 -9999.000 -9999.000 0.6406185E-02 0.1463949E-01 0.2455502E-01 0.3406430E-01 0.4294880E-01 0.5109503E-01 0.5843610E-01 0.6490177E-01 0.7034836E-01 0.7445542E-01 0.7657647E-01 0.7551286E-01 0.6912430E-01 0.5351785E-01 0.2825071E-01 0.2825071E-01 -9999.000 -9999.000 -9999.000 -9999.000 -9999.000 -9999.000 -9999.000 -9999.000 -9999.000 -9999.000 -9999.000 -9999.000 -9999.000 -9999.000 -9999.000 -9999.000 -9999.000 -9999.000 -9999.000 -9999.000 -9999.000 -9999.000 -9999.000 -9999.000 -9999.000 -9999.000 -9999.000
-9999.000 -9999.000 -9999.000 -9999.000 -9999.000 -9999.000 -9999.000 -9999.000 -9999.000 -9999.000 -9999.000 -9999.000 -9999.000 -9999.000 -9999.000 0.7463414E-02 0.1681009E-01 0.2787869E-01 0.3852307E-01 0.4855085E-01 0.5786747E-01 0.6642696E-01 0.7417855E-01 0.8098743E-01 0.8651449E-01 0.9003676E-01 0.9016412E-01 0.8432216E-01 0.6756631E-01 0.3666600E-01 0.3666600E-01 -9999.000 -9999.000 -9999.000 -9999.000 -9999.000 -9999.000 -9999.000 -9999.000 -9999.000 -9999.000 -9999.000 -9999.000 -9999.000 -9999.000 -9999.000 -9999.000 -9999.000 -9999.000 -9999.000 -9999.000 -9999.000 -9999.000 -9999.000 -9999.000 -9999.000 -9999.000 -9999.000
-9999.000 -9999.000 -9999.000 -9999.000 -9999.000 -9999.000 -9999.000 -9999.000 -9999.000 -9999.000 -9999.000 -9999.000 -9999.000 -9999.000 -9999.000 0.8909517E-02 0.1976385E-01 0.3239345E-01 0.4456121E-01 0.5611775E-01 0.6700541E-01 0.7722000E-01 0.8675298E-01 0.9550017E-01 0.1031218 0.1088270 0.1110159 0.1065813 0.8915941E-01 0.5004815E-01 0.5004815E-01 -9999.000 -9999.000 -9999.000 -9999.000 -9999.000 -9999.000 -9999.000 -9999.000 -9999.000 -9999.000 -9999.000 -9999.000 -9999.000 -9999.000 -9999.000 -9999.000 -9999.000 -9999.000 -9999.000 -9999.000 -9999.000 -9999.000 -9999.000 -9999.000 -9999.000 -9999.000 -9999.000
-9999.000 -9999.000 -9999.000 -9999.000 -9999.000 -9999.000 -9999.000 -9999.000 -9999.000 -9999.000 -9999.000 -9999.000 -9999.000 -9999.000 -9999.000 0.2400332E-01 0.4199508E-01 0.6031178E-01 0.7577167E-01 0.8904336E-01 0.1006614 0.1110533 0.1205152 0.1291455 0.1367221 0.1424854 0.1447190 0.1398283 0.1197938 0.6351218E-01 0.6351218E-01 -9999.000 -9999.000 -9999.000 -9999.000 -9999.000 -9999.000 -9999.000 -9999.000 -9999.000 -9999.000 -9999.000 -9999.000 -9999.000 -9999.000 -9999.000 -9999.000 -9999.000 -9999.000 -9999.000 -9999.000 -9999.000 -9999.000 -9999.000 -9999.000 -9999.000 -9999.000 -9999.000
1.888752 1.888752 1.957546 1.991295 1.999646 1.999646 2.005449 2.012319 2.012319 2.015228 2.015228 2.015584 2.015040 2.014093 1.938654 1.938654 1.570901 1.514735 1.449491 1.374119 1.289357 1.196704 1.098464 0.9979110 0.8995172 0.8092649 0.7351843 0.6888136 0.6901654 0.7705445 0.7705445 1.678569 1.861581 1.887256 1.856848 1.856848 1.772426 1.772426 1.546970 1.546970 1.269482 1.072755 1.072755 1.052368 1.052368 1.090117 1.090117 1.090117 1.141203 1.141203 1.188067 1.188067 1.227366 1.227366 1.268921 1.268921 1.293984 1.293984
1.904958 1.904958 1.979760 2.029243 2.045940 2.045940 2.060184 2.083990 2.083990 2.103757 2.103757 2.120836 2.128600 2.135924 2.111046 2.111046 1.829398 1.813721 1.795018 1.765983 1.725622 1.673582 1.610181 1.536683 1.455576 1.371050 1.290018 1.224303 1.195945 1.251163 1.251163 1.792744 1.961560 2.072520 2.087089 2.087089 2.067976 2.067976 1.965491 1.965491 1.796094 1.516131 1.516131 1.499734 1.499734 1.541177 1.541177 1.541177 1.590907 1.590907 1.635538 1.635538 1.669742 1.669742 1.715799 1.715799 1.745978 1.745978
1.908794 1.908794 1.981339 2.029781 2.046451 2.046451 2.060794 2.084977 2.084977 2.105227 2.105227 2.122857 2.130920 2.138562 2.126548 2.126548 1.876226 1.870510 1.873942 1.869982 1.857398 1.835592 1.804191 1.763513 1.714921 1.661219 1.607284 1.561462 1.539631 1.580893 1.580893 1.957791 2.110205 2.246379 2.274114 2.274114 2.273088 2.273088 2.202289 2.202289 2.106367 1.870965 1.870965 1.814939 1.814939 1.844414 1.844414 1.844414 1.885775 1.885775 1.924207 1.924207 1.954756 1.954756 1.989040 1.989040 2.013612 2.013612
1.911780 1.911780 1.982627 2.029993 2.046496 2.046496 2.060775 2.084957 2.084957 2.105237 2.105237 2.122886 2.130956 2.138604 2.133589 2.133589 1.913946 1.896807 1.908956 1.915815 1.915568 1.908071 1.893203 1.871253 1.843261 1.811353 1.779197 1.752628 1.742151 1.778386 1.778386 2.058573 2.190003 2.325245 2.354305 2.354305 2.356927 2.356927 2.303929 2.303929 2.247965 2.075543 2.075543 1.991733 1.991733 2.010461 2.010461 2.010461 2.046745 2.046745 2.081161 2.081161 2.109183 2.109183 2.137687 2.137687 2.159539 2.159539
1.914023 1.914023 1.983676 2.030179 2.046529 2.046529 2.060746 2.084924 2.084924 2.105227 2.105227 2.122885 2.130954 2.138602 2.138034 2.138034 1.958558 1.924352 1.939262 1.951845 1.957703 1.956865 1.949599 1.936532 1.918833 1.898452 1.878658 1.864030 1.862354 1.896931 1.896931 2.106326 2.221223 2.343622 2.367165 2.367165 2.365140 2.365140 2.330096 2.330096 2.301832 2.198274 2.198274 2.110702 2.110702 2.109830 2.109830 2.109830 2.141281 2.141281 2.172940 2.172940 2.199575 2.199575 2.224544 2.224544 2.244129 2.244129
1.915583 1.915583 1.984450 2.030324 2.046553 2.046553 2.060720 2.084894 2.084894 2.105218 2.105218 2.122884 2.130954 2.138601 2.140873 2.140873 2.005026 1.960956 1.972611 1.988529 1.998490 2.001558 1.998024 1.988766 1.975263 1.959723 1.945435 1.936555 1.939192 1.969331 1.969331 2.122420 2.220185 2.317230 2.331160 2.331160 2.327383 2.327383 2.317776 2.317776 2.311612 2.267630 2.267630 2.199770 2.199770 2.179022 2.179022 2.179022 2.203284 2.203284 2.231294 2.231294 2.256044 2.256044 2.277971 2.277971 2.295147 2.295147
1.916501 1.916501 1.984923 2.030416 2.046567 2.046567 2.060702 2.084874 2.084874 2.105212 2.105212 2.122884 2.130954 2.138600 2.142684 2.142684 2.049792 2.006155 2.011955 2.028833 2.041634 2.047504 2.046273 2.038765 2.026574 2.012124 1.998878 1.990962 1.993096 2.014369 2.014369 2.120255 2.193307 2.253077 2.259267 2.259267 2.267539 2.267539 2.289354 2.289354 2.300866 2.301302 2.301302 2.264681 2.264681 2.233977 2.233977 2.233977 2.249241 2.249241 2.271911 2.271911 2.293476 2.293476 2.312175 2.312175 2.326705 2.326705
1.916805 1.916805 1.985083 2.030449 2.046573 2.046573 2.060695 2.084867 2.084867 2.105210 2.105210 2.122884 2.130954 2.138600 2.143837 2.143837 2.091311 2.057590 2.059015 2.074558 2.088593 2.096264 2.096545 2.089906 2.077800 2.062654 2.048011 2.038035 2.035837 2.042078 2.042078 2.099269 2.136456 2.158673 2.167046 2.167046 2.203450 2.203450 2.255908 2.255908 2.280723 2.311919 2.311919 2.306541 2.306541 2.279575 2.279575 2.279575 2.286508 2.286508 2.302527 2.302527 2.319496 2.319496 2.334362 2.334362 2.345836 2.345836
1.916501 1.916501 1.984923 2.030417 2.046567 2.046567 2.060701 2.084874 2.084874 2.105212 2.105212 2.122884 2.130954 2.138600 2.144572 2.144572 2.130274 2.112870 2.114141 2.127221 2.140594 2.148655 2.149510 2.143074 2.130434 2.113791 2.096567 2.082798 2.072698 2.053179 2.053179 2.048167 2.041114 2.049458 2.072538 2.072538 2.144269 2.144269 2.221531 2.221531 2.255986 2.308209 2.308209 2.328483 2.328483 2.315876 2.315876 2.315876 2.317607 2.317607 2.326798 2.326798 2.338057 2.338057 2.348279 2.348279 2.356209 2.356209
1.915582 1.915582 1.984450 2.030324 2.046552 2.046552 2.060719 2.084894 2.084894 2.105218 2.105218 2.122884 2.130954 2.138600 2.145039 2.145039 2.169080 2.170874 2.176636 2.187701 2.198751 2.205414 2.205490 2.198366 2.184631 2.166051 2.145714 2.127091 2.103675 2.036201 2.036201 1.947116 1.907995 1.944484 1.987756 1.987756 2.092046 2.092046 2.187506 2.187506 2.228966 2.295797 2.295797 2.335179 2.335179 2.341769 2.341769 2.341769 2.342400 2.342400 2.345907 2.345907 2.350961 2.350961 2.355841 2.355841 2.359790 2.359790
1.914023 1.914023 1.983676 2.030179 2.046528 2.046528 2.060745 2.084923 2.084923 2.105226 2.105226 2.122885 2.130954 2.138602 2.145335 2.145335 2.211426 2.232325 2.245611 2.255974 2.263680 2.267083 2.264644 2.255563 2.239954 2.219026 2.195314 2.170726 2.121021 1.961133 1.961133 1.785222 1.766657 1.852825 1.909915 1.909915 2.044062 2.044062 2.152997 2.152997 2.199812 2.277208 2.277208 2.330348 2.330348 2.356241 2.356241 2.356241 2.359232 2.359232 2.358991 2.358991 2.358134 2.358134 2.357391 2.357391 2.357161 2.357161
