simulation_files/asc/Velocity__y_215.0.asc
NCOLS        79
NROWS        79
XLLCENTER         -1.500000
YLLCENTER         -4.800000
CELLSIZE           0.100
NODATA_VALUE     -9999.0
[rows 0 to 26 of 79, columns 0 to 58 of 79]
-9999.000 -9999.000 -9999.000 -9999.000 -9999.000 -9999.000 -9999.000 -9999.000 -9999.000 -9999.000 -9999.000 -9999.000 -9999.000 -9999.000 -9999.000 -0.8865468E-01 -0.8527128E-01 -0.8377581E-01 -0.8308069E-01 -0.8350766E-01 -0.8434434E-01 -0.8523765E-01 -0.8611000E-01 -0.8689895E-01 -0.8755616E-01 -0.8813289E-01 -0.8866109E-01 -0.8929898E-01 -0.9062598E-01 -0.9203096E-01 -0.9203096E-01 -9999.000 -9999.000 -9999.000 -9999.000 -9999.000 -9999.000 -9999.000 -9999.000 -9999.000 -9999.000 -9999.000 -9999.000 -9999.000 -9999.000 -9999.000 -9999.000 -9999.000 -9999.000 -9999.000 -9999.000 -9999.000 -9999.000 -9999.000 -9999.000 -9999.000 -9999.000 -9999.000 -9999.000
-9999.000 -9999.000 -9999.000 -9999.000 -9999.000 -9999.000 -9999.000 -9999.000 -9999.000 -9999.000 -9999.000 -9999.000 -9999.000 -9999.000 -9999.000 -0.8983784E-01 -0.8271474E-01 -0.7951432E-01 -0.7804548E-01 -0.7900250E-01 -0.8087945E-01 -0.8291686E-01 -0.8493706E-01 -0.8679552E-01 -0.8837946E-01 -0.8978949E-01 -0.9108555E-01 -0.9259481E-01 -0.9552785E-01 -0.9890182E-01 -0.9890182E-01 -9999.000 -9999.000 -9999.000 -9999.000 -9999.000 -9999.000 -9999.000 -9999.000 -9999.000 -9999.000 -9999.000 -9999.000 -9999.000 -9999.000 -9999.000 -9999.000 -9999.000 -9999.000 -9999.000 -9999.000 -9999.000 -9999.000 -9999.000 -9999.000 -9999.000 -9999.000 -9999.000 -9999.000
-9999.000 -9999.000 -9999.000 -9999.000 -9999.000 -9999.000 -9999.000 -9999.000 -9999.000 -9999.000 -9999.000 -9999.000 -9999.000 -9999.000 -9999.000 -0.9016865E-01 -0.7893599E-01 -0.7377946E-01 -0.7146522E-01 -0.7312633E-01 -0.7634760E-01 -0.7989433E-01 -0.8346210E-01 -0.8679666E-01 -0.8969814E-01 -0.9231311E-01 -0.9472194E-01 -0.9743550E-01 -0.1023795 -0.1084649 -0.1084649 -9999.000 -9999.000 -9999.000 -9999.000 -9999.000 -9999.000 -9999.000 -9999.000 -9999.000 -9999.000 -9999.000 -9999.000 -9999.000 -9999.000 -9999.000 -9999.000 -9999.000 -9999.000 -9999.000 -9999.000 -9999.000 -9999.000 -9999.000 -9999.000 -9999.000 -9999.000 -9999.000 -9999.000
-9999.000 -9999.000 -9999.000 -9999.000 -9999.000 -9999.000 -9999.000 -9999.000 -9999.000 -9999.000 -9999.000 -9999.000 -9999.000 -9999.000 -9999.000 -0.9003490E-01 -0.7468332E-01 -0.6756680E-01 -0.6443823E-01 -0.6687924E-01 -0.7153764E-01 -0.7669415E-01 -0.8191736E-01 -0.8683787E-01 -0.9116303E-01 -0.9508532E-01 -0.9870062E-01 -0.1027080 -0.1097826 -0.1190496 -0.1190496 -9999.000 -9999.000 -9999.000 -9999.000 -9999.000 -9999.000 -9999.000 -9999.000 -9999.000 -9999.000 -9999.000 -9999.000 -9999.000 -9999.000 -9999.000 -9999.000 -9999.000 -9999.000 -9999.000 -9999.000 -9999.000 -9999.000 -9999.000 -9999.000 -9999.000 -9999.000 -9999.000 -9999.000
-9999.000 -9999.000 -9999.000 -9999.000 -9999.000 -9999.000 -9999.000 -9999.000 -9999.000 -9999.000 -9999.000 -9999.000 -9999.000 -9999.000 -9999.000 -0.8965708E-01 -0.7013077E-01 -0.6103251E-01 -0.5709901E-01 -0.6037169E-01 -0.6653040E-01 -0.7336058E-01 -0.8030707E-01 -0.8688039E-01 -0.9269110E-01 -0.9798270E-01 -0.1028628 -0.1082295 -0.1175523 -0.1305086 -0.1305086 -9999.000 -9999.000 -9999.000 -9999.000 -9999.000 -9999.000 -9999.000 -9999.000 -9999.000 -9999.000 -9999.000 -9999.000 -9999.000 -9999.000 -9999.000 -9999.000 -9999.000 -9999.000 -9999.000 -9999.000 -9999.000 -9999.000 -9999.000 -9999.000 -9999.000 -9999.000 -9999.000 -9999.000
-9999.000 -9999.000 -9999.000 -9999.000 -9999.000 -9999.000 -9999.000 -9999.000 -9999.000 -9999.000 -9999.000 -9999.000 -9999.000 -9999.000 -9999.000 -0.8909898E-01 -0.6533381E-01 -0.5423102E-01 -0.4949779E-01 -0.5364811E-01 -0.6135844E-01 -0.6991023E-01 -0.7863031E-01 -0.8690453E-01 -0.9424353E-01 -0.1009489 -0.1071382 -0.1139213 -0.1256200 -0.1428592 -0.1428592 -9999.000 -9999.000 -9999.000 -9999.000 -9999.000 -9999.000 -9999.000 -9999.000 -9999.000 -9999.000 -9999.000 -9999.000 -9999.000 -9999.000 -9999.000 -9999.000 -9999.000 -9999.000 -9999.000 -9999.000 -9999.000 -9999.000 -9999.000 -9999.000 -9999.000 -9999.000 -9999.000 -9999.000
-9999.000 -9999.000 -9999.000 -9999.000 -9999.000 -9999.000 -9999.000 -9999.000 -9999.000 -9999.000 -9999.000 -9999.000 -9999.000 -9999.000 -9999.000 -0.8835879E-01 -0.6029737E-01 -0.4717106E-01 -0.4164585E-01 -0.4672187E-01 -0.5603225E-01 -0.6634696E-01 -0.7688364E-01 -0.8689852E-01 -0.9579872E-01 -0.1039553 -0.1114916 -0.1197468 -0.1339662 -0.1562081 -0.1562081 -9999.000 -9999.000 -9999.000 -9999.000 -9999.000 -9999.000 -9999.000 -9999.000 -9999.000 -9999.000 -9999.000 -9999.000 -9999.000 -9999.000 -9999.000 -9999.000 -9999.000 -9999.000 -9999.000 -9999.000 -9999.000 -9999.000 -9999.000 -9999.000 -9999.000 -9999.000 -9999.000 -9999.000
-9999.000 -9999.000 -9999.000 -9999.000 -9999.000 -9999.000 -9999.000 -9999.000 -9999.000 -9999.000 -9999.000 -9999.000 -9999.000 -9999.000 -9999.000 -0.8740307E-01 -0.5500224E-01 -0.3984037E-01 -0.3353602E-01 -0.3959142E-01 -0.5055165E-01 -0.6266808E-01 -0.7506110E-01 -0.8685163E-01 -0.9734059E-01 -0.1069816 -0.1159001 -0.1256856 -0.1425920 -0.1707278 -0.1707278 -9999.000 -9999.000 -9999.000 -9999.000 -9999.000 -9999.000 -9999.000 -9999.000 -9999.000 -9999.000 -9999.000 -9999.000 -9999.000 -9999.000 -9999.000 -9999.000 -9999.000 -9999.000 -9999.000 -9999.000 -9999.000 -9999.000 -9999.000 -9999.000 -9999.000 -9999.000 -9999.000 -9999.000
-9999.000 -9999.000 -9999.000 -9999.000 -9999.000 -9999.000 -9999.000 -9999.000 -9999.000 -9999.000 -9999.000 -9999.000 -9999.000 -9999.000 -9999.000 -0.8617944E-01 -0.4941582E-01 -0.3221472E-01 -0.2515156E-01 -0.3224796E-01 -0.4491008E-01 -0.5886578E-01 -0.7315329E-01 -0.8675163E-01 -0.9885213E-01 -0.1100084 -0.1203419 -0.1317195 -0.1515064 -0.1866539 -0.1866539 -9999.000 -9999.000 -9999.000 -9999.000 -9999.000 -9999.000 -9999.000 -9999.000 -9999.000 -9999.000 -9999.000 -9999.000 -9999.000 -9999.000 -9999.000 -9999.000 -9999.000 -9999.000 -9999.000 -9999.000 -9999.000 -9999.000 -9999.000 -9999.000 -9999.000 -9999.000 -9999.000 -9999.000
-9999.000 -9999.000 -9999.000 -9999.000 -9999.000 -9999.000 -9999.000 -9999.000 -9999.000 -9999.000 -9999.000 -9999.000 -9999.000 -9999.000 -9999.000 -0.8462147E-01 -0.4349620E-01 -0.2426158E-01 -0.1646804E-01 -0.2467729E-01 -0.3909706E-01 -0.5492822E-01 -0.7114730E-01 -0.8658261E-01 -0.1003125 -0.1130123 -0.1247914 -0.1378272 -0.1607197 -0.2042993 -0.2042993 -9999.000 -9999.000 -9999.000 -9999.000 -9999.000 -9999.000 -9999.000 -9999.000 -9999.000 -9999.000 -9999.000 -9999.000 -9999.000 -9999.000 -9999.000 -9999.000 -9999.000 -9999.000 -9999.000 -9999.000 -9999.000 -9999.000 -9999.000 -9999.000 -9999.000 -9999.000 -9999.000 -9999.000
-9999.000 -9999.000 -9999.000 -9999.000 -9999.000 -9999.000 -9999.000 -9999.000 -9999.000 -9999.000 -9999.000 -9999.000 -9999.000 -9999.000 -9999.000 -0.8264802E-01 -0.3719106E-01 -0.1593989E-01 -0.7454011E-02 -0.1685907E-01 -0.3309662E-01 -0.5083863E-01 -0.6902487E-01 -0.8632273E-01 -0.1016939 -0.1159624 -0.1292145 -0.1439787 -0.1702396 -0.2240806 -0.2240806 -9999.000 -9999.000 -9999.000 -9999.000 -9999.000 -9999.000 -9999.000 -9999.000 -9999.000 -9999.000 -9999.000 -9999.000 -9999.000 -9999.000 -9999.000 -9999.000 -9999.000 -9999.000 -9999.000 -9999.000 -9999.000 -9999.000 -9999.000 -9999.000 -9999.000 -9999.000 -9999.000 -9999.000
-9999.000 -9999.000 -9999.000 -9999.000 -9999.000 -9999.000 -9999.000 -9999.000 -9999.000 -9999.000 -9999.000 -9999.000 -9999.000 -9999.000 -9999.000 -0.8015686E-01 -0.3043316E-01 -0.7195625E-02 0.1932360E-02 -0.8767366E-02 -0.2688725E-01 -0.4657379E-01 -0.6676089E-01 -0.8594169E-01 -0.1029586 -0.1188161 -0.1335632 -0.1501303 -0.1800657 -0.2465626 -0.2465626 -9999.000 -9999.000 -9999.000 -9999.000 -9999.000 -9999.000 -9999.000 -9999.000 -9999.000 -9999.000 -9999.000 -9999.000 -9999.000 -9999.000 -9999.000 -9999.000 -9999.000 -9999.000 -9999.000 -9999.000 -9999.000 -9999.000 -9999.000 -9999.000 -9999.000 -9999.000 -9999.000 -9999.000
-9999.000 -9999.000 -9999.000 -9999.000 -9999.000 -9999.000 -9999.000 -9999.000 -9999.000 -9999.000 -9999.000 -9999.000 -9999.000 -9999.000 -9999.000 -0.7698126E-01 -0.2310425E-01 0.2067852E-02 0.1175429E-01 -0.3736934E-03 -0.2045070E-01 -0.4211376E-01 -0.6433211E-01 -0.8540889E-01 -0.1040633 -0.1215217 -0.1377758 -0.1562211 -0.1901889 -0.2725327 -0.2725327 -9999.000 -9999.000 -9999.000 -9999.000 -9999.000 -9999.000 -9999.000 -9999.000 -9999.000 -9999.000 -9999.000 -9999.000 -9999.000 -9999.000 -9999.000 -9999.000 -9999.000 -9999.000 -9999.000 -9999.000 -9999.000 -9999.000 -9999.000 -9999.000 -9999.000 -9999.000 -9999.000 -9999.000
-9999.000 -9999.000 -9999.000 -9999.000 -9999.000 -9999.000 -9999.000 -9999.000 -9999.000 -9999.000 -9999.000 -9999.000 -9999.000 -9999.000 -9999.000 -0.7155681E-01 -0.1398875E-01 0.1265192E-01 0.2213137E-01 0.8042179E-02 -0.1413533E-01 -0.3779634E-01 -0.6204699E-01 -0.8498764E-01 -0.1052180 -0.1242416 -0.1419687 -0.1623412 -0.2007400 -0.3033057 -0.3033057 -9999.000 -9999.000 -9999.000 -9999.000 -9999.000 -9999.000 -9999.000 -9999.000 -9999.000 -9999.000 -9999.000 -9999.000 -9999.000 -9999.000 -9999.000 -9999.000 -9999.000 -9999.000 -9999.000 -9999.000 -9999.000 -9999.000 -9999.000 -9999.000 -9999.000 -9999.000 -9999.000 -9999.000
-9999.000 -9999.000 -9999.000 -9999.000 -9999.000 -9999.000 -9999.000 -9999.000 -9999.000 -9999.000 -9999.000 -9999.000 -9999.000 -9999.000 -9999.000 -0.7789989E-02 0.1858016E-01 0.2677225E-01 0.2156048E-01 0.1020568E-02 -0.2114417E-01 -0.4439660E-01 -0.6839515E-01 -0.9114920E-01 -0.1112088 -0.1304048 -0.1484792 -0.1699437 -0.2123592 -0.3387314 -0.3387314 -9999.000 -9999.000 -9999.000 -9999.000 -9999.000 -9999.000 -9999.000 -9999.000 -9999.000 -9999.000 -9999.000 -9999.000 -9999.000 -9999.000 -9999.000 -9999.000 -9999.000 -9999.000 -9999.000 -9999.000 -9999.000 -9999.000 -9999.000 -9999.000 -9999.000 -9999.000 -9999.000 -9999.000
-0.3977642E-02 -0.3977642E-02 -0.5437521E-02 -0.7316909E-02 -0.6798996E-02 -0.6798996E-02 -0.6631367E-02 -0.6571719E-02 -0.6571719E-02 -0.6557245E-02 -0.6557245E-02 -0.6530877E-02 -0.6514920E-02 -0.6498138E-02 -0.6485756E-02 -0.6485756E-02 0.4105394E-01 0.3701300E-01 0.2182271E-01 -0.2057184E-02 -0.3001932E-01 -0.6096443E-01 -0.9388053E-01 -0.1272581 -0.1595009 -0.1900542 -0.2182979 -0.2453349 -0.2782145 -0.3499589 -0.3499589 -0.1982176 -0.1089923 -0.3984714E-01 -0.3038897E-01 -0.3038897E-01 -0.2374258E-01 -0.2374258E-01 -0.1236045E-01 -0.1236045E-01 -0.1557594E-02 0.2575477E-01 0.2575477E-01 0.3137120E-01 0.3137120E-01 -0.3169789E-02 -0.3169789E-02 -0.3169789E-02 -0.1115678E-02 -0.1115678E-02 -0.3391417E-03 -0.3391417E-03 -0.9108153E-03 -0.9108153E-03 -0.2061682E-02 -0.2061682E-02 -0.3254151E-02 -0.3254151E-02 -0.3254151E-02
-0.5754544E-02 -0.5754544E-02 -0.7364095E-02 -0.1074898E-01 -0.9665434E-02 -0.9665434E-02 -0.9306968E-02 -0.9229776E-02 -0.9229776E-02 -0.9251990E-02 -0.9251990E-02 -0.9242235E-02 -0.9230213E-02 -0.9216557E-02 -0.9228661E-02 -0.9228661E-02 0.3440681E-01 0.3173139E-01 0.1660665E-01 -0.8501964E-02 -0.4322645E-01 -0.8497454E-01 -0.1315069 -0.1810578 -0.2318619 -0.2817895 -0.3292365 -0.3723689 -0.4088637 -0.4339699 -0.4339699 -0.2981486 -0.2011898 -0.1077558 -0.8916797E-01 -0.8916797E-01 -0.6640729E-01 -0.6640729E-01 -0.2699282E-01 -0.2699282E-01 0.5679099E-02 0.8119235E-01 0.8119235E-01 0.1064433 0.1064433 0.2405143E-01 0.2405143E-01 0.2405143E-01 0.8580049E-02 0.8580049E-02 0.1297074E-02 0.1297074E-02 -0.3628348E-02 -0.3628348E-02 -0.7595100E-02 -0.7595100E-02 -0.1060814E-01 -0.1060814E-01 -0.1060814E-01
-0.3993464E-02 -0.3993464E-02 -0.5859429E-02 -0.9291532E-02 -0.8283613E-02 -0.8283613E-02 -0.7859006E-02 -0.7782617E-02 -0.7782617E-02 -0.7854489E-02 -0.7854489E-02 -0.7878459E-02 -0.7878741E-02 -0.7876003E-02 -0.7939005E-02 -0.7939005E-02 0.2324894E-01 0.2119251E-01 0.6695728E-02 -0.1837380E-01 -0.5339515E-01 -0.9660570E-01 -0.1461664 -0.2005374 -0.2582566 -0.3175234 -0.3766868 -0.4337688 -0.4858283 -0.5264016 -0.5264016 -0.4396773 -0.3564775 -0.2412065 -0.2044033 -0.2044033 -0.1405508 -0.1405508 -0.4428682E-01 -0.4428682E-01 0.2252896E-01 0.1569172 0.1569172 0.2122796 0.2122796 0.9090591E-01 0.9090591E-01 0.9090591E-01 0.3581614E-01 0.3581614E-01 0.7122657E-02 0.7122657E-02 -0.8618814E-02 -0.8618814E-02 -0.1816892E-01 -0.1816892E-01 -0.2386259E-01 -0.2386259E-01 -0.2386259E-01
-0.2272917E-02 -0.2272917E-02 -0.5427664E-02 -0.7522407E-02 -0.6694435E-02 -0.6694435E-02 -0.6292285E-02 -0.6222695E-02 -0.6222695E-02 -0.6308668E-02 -0.6308668E-02 -0.6336682E-02 -0.6336393E-02 -0.6331386E-02 -0.6439205E-02 -0.6439205E-02 0.1231219E-01 0.8307480E-02 -0.7119417E-02 -0.3284135E-01 -0.6810426E-01 -0.1116300 -0.1619430 -0.2177021 -0.2776903 -0.3405241 -0.4048457 -0.4690210 -0.5304407 -0.5830233 -0.5830233 -0.5454873 -0.4878153 -0.3776096 -0.3284959 -0.3284959 -0.2151459 -0.2151459 -0.4505260E-01 -0.4505260E-01 0.5431824E-01 0.2223204 0.2223204 0.2898092 0.2898092 0.1605961 0.1605961 0.1605961 0.7102340E-01 0.7102340E-01 0.1702949E-01 0.1702949E-01 -0.1319999E-01 -0.1319999E-01 -0.3021041E-01 -0.3021041E-01 -0.3912935E-01 -0.3912935E-01 -0.3912935E-01
-0.6051265E-03 -0.6051265E-03 -0.4970816E-02 -0.5759687E-02 -0.5075434E-02 -0.5075434E-02 -0.4723072E-02 -0.4655045E-02 -0.4655045E-02 -0.4731451E-02 -0.4731451E-02 -0.4753731E-02 -0.4752218E-02 -0.4747065E-02 -0.4914491E-02 -0.4914491E-02 0.1667473E-02 -0.6474973E-02 -0.2470512E-01 -0.5237808E-01 -0.8879378E-01 -0.1329942 -0.1838407 -0.2402113 -0.3010640 -0.3652846 -0.4317539 -0.4991690 -0.5654528 -0.6256205 -0.6256205 -0.6243806 -0.5931951 -0.4990087 -0.4387859 -0.4387859 -0.2628656 -0.2628656 -0.1910617E-01 -0.1910617E-01 0.9759320E-01 0.2648637 0.2648637 0.3289118 0.3289118 0.2159694 0.2159694 0.2159694 0.1078458 0.1078458 0.3149022E-01 0.3149022E-01 -0.1460739E-01 -0.1460739E-01 -0.4061587E-01 -0.4061587E-01 -0.5355910E-01 -0.5355910E-01 -0.5355910E-01
0.2208601E-03 0.2208601E-03 -0.3832447E-02 -0.3906314E-02 -0.3409792E-02 -0.3409792E-02 -0.3147383E-02 -0.3089338E-02 -0.3089338E-02 -0.3142043E-02 -0.3142043E-02 -0.3154828E-02 -0.3152591E-02 -0.3149065E-02 -0.3395686E-02 -0.3395686E-02 -0.9230583E-02 -0.2334959E-01 -0.4628393E-01 -0.7748050E-01 -0.1162759 -0.1619257 -0.2135976 -0.2704446 -0.3316492 -0.3963441 -0.4636216 -0.5324304 -0.6011343 -0.6658154 -0.6658154 -0.6891580 -0.6801969 -0.5972292 -0.5171734 -0.5171734 -0.2612098 -0.2612098 0.2548384E-01 0.2548384E-01 0.1369048 0.2789748 0.2789748 0.3342317 0.3342317 0.2500446 0.2500446 0.2500446 0.1407634 0.1407634 0.4942039E-01 0.4942039E-01 -0.1171070E-01 -0.1171070E-01 -0.4768265E-01 -0.4768265E-01 -0.6549908E-01 -0.6549908E-01 -0.6549908E-01
0.1409824E-03 0.1409824E-03 -0.1940505E-02 -0.1955728E-02 -0.1706762E-02 -0.1706762E-02 -0.1571493E-02 -0.1541965E-02 -0.1541965E-02 -0.1570798E-02 -0.1570798E-02 -0.1577815E-02 -0.1576479E-02 -0.1574658E-02 -0.1923928E-02 -0.1923928E-02 -0.2120281E-01 -0.4301443E-01 -0.7254004E-01 -0.1089603 -0.1515395 -0.1996473 -0.2527012 -0.3101466 -0.3714496 -0.4360334 -0.5032504 -0.5723057 -0.6419293 -0.7090093 -0.7090093 -0.7480122 -0.7546664 -0.6608047 -0.5413346 -0.5413346 -0.2078686 -0.2078686 0.6691997E-01 0.6691997E-01 0.1570635 0.2675808 0.2675808 0.3155100 0.3155100 0.2622093 0.2622093 0.2622093 0.1649590 0.1649590 0.6824508E-01 0.6824508E-01 -0.4685877E-02 -0.4685877E-02 -0.5051821E-01 -0.5051821E-01 -0.7378957E-01 -0.7378957E-01 -0.7378957E-01
-0.6308020E-07 -0.6308020E-07 0.2432424E-07 0.5947097E-07 -0.1673234E-06 -0.1673234E-06 0.6133058E-07 -0.5596837E-07 -0.5596837E-07 -0.3332081E-07 -0.3332081E-07 0.6315954E-07 0.1347013E-06 0.2473304E-06 -0.4858987E-03 -0.4858987E-03 -0.3536164E-01 -0.6670815E-01 -0.1047593 -0.1481668 -0.1960095 -0.2476968 -0.3028427 -0.3611754 -0.4224721 -0.4864869 -0.5528920 -0.6211997 -0.6904756 -0.7580347 -0.7580347 -0.8051273 -0.8172907 -0.6661744 -0.4894785 -0.4894785 -0.1300824 -0.1300824 0.8768726E-01 0.8768726E-01 0.1539052 0.2388770 0.2388770 0.2823275 0.2823275 0.2555827 0.2555827 0.2555827 0.1772044 0.1772044 0.8451191E-01 0.8451191E-01 0.5157550E-02 0.5157550E-02 -0.4892216E-01 -0.4892216E-01 -0.7758613E-01 -0.7758613E-01 -0.7758613E-01
-0.1409420E-03 -0.1409420E-03 0.1940550E-02 0.1955823E-02 0.1706724E-02 0.1706724E-02 0.1571518E-02 0.1541906E-02 0.1541906E-02 0.1570668E-02 0.1570668E-02 0.1577893E-02 0.1576795E-02 0.1575003E-02 0.9043856E-03 0.9043856E-03 -0.5334990E-01 -0.9643711E-01 -0.1450815 -0.1972544 -0.2517995 -0.3081472 -0.3660944 -0.4256444 -0.4868959 -0.5499529 -0.6148437 -0.6814289 -0.7490419 -0.8146101 -0.8146101 -0.8606310 -0.8585489 -0.5844826 -0.3687781 -0.3687781 -0.6527372E-01 -0.6527372E-01 0.8537576E-01 0.8537576E-01 0.1334780 0.2014657 0.2014657 0.2418650 0.2418650 0.2347520 0.2347520 0.2347520 0.1765149 0.1765149 0.9494887E-01 0.9494887E-01 0.1567478E-01 0.1567478E-01 -0.4338060E-01 -0.4338060E-01 -0.7638583E-01 -0.7638583E-01 -0.7638583E-01
-0.2209229E-03 -0.2209229E-03 0.3832501E-02 0.3906335E-02 0.3409963E-02 0.3409963E-02 0.3147404E-02 0.3089510E-02 0.3089510E-02 0.3141892E-02 0.3141892E-02 0.3154807E-02 0.3152818E-02 0.3149077E-02 0.2228265E-02 0.2228265E-02 -0.7771039E-01 -0.1353601 -0.1968721 -0.2595412 -0.3220476 -0.3839181 -0.4451816 -0.5061434 -0.5672384 -0.6289244 -0.6915982 -0.7554661 -0.8198206 -0.8787196 -0.8787196 -0.9056585 -0.8463857 -0.4222655 -0.2311155 -0.2311155 -0.3118325E-01 -0.3118325E-01 0.6863181E-01 0.6863181E-01 0.1050910 0.1615394 0.1615394 0.1985877 0.1985877 0.2041191 0.2041191 0.2041191 0.1638650 0.1638650 0.9736239E-01 0.9736239E-01 0.2444195E-01 0.2444195E-01 -0.3497304E-01 -0.3497304E-01 -0.7011477E-01 -0.7011477E-01 -0.7011477E-01
0.6051146E-03 0.6051146E-03 0.4970795E-02 0.5759793E-02 0.5075761E-02 0.5075761E-02 0.4723424E-02 0.4655110E-02 0.4655110E-02 0.4731263E-02 0.4731263E-02 0.4753608E-02 0.4752184E-02 0.4747126E-02 0.3484211E-02 0.3484211E-02 -0.1126433 -0.1885498 -0.2654041 -0.3400999 -0.4114259 -0.4792156 -0.5438679 -0.6060667 -0.6666175 -0.7263390 -0.7859877 -0.8460220 -0.9044585 -0.9435547 -0.9435547 -0.9047754 -0.7211931 -0.2474806 -0.1310096 -0.1310096 -0.2117050E-01 -0.2117050E-01 0.4722187E-01 0.4722187E-01 0.7572320E-01 0.1224964 0.1224964 0.1549674 0.1549674 0.1672698 0.1672698 0.1672698 0.1414501 0.1414501 0.9109335E-01 0.9109335E-01 0.2949326E-01 0.2949326E-01 -0.2507747E-01 -0.2507747E-01 -0.5914629E-01 -0.5914629E-01 -0.5914629E-01
0.2272857E-02 0.2272857E-02 0.5427819E-02 0.7522506E-02 0.6694779E-02 0.6694779E-02 0.6292760E-02 0.6222766E-02 0.6222766E-02 0.6308685E-02 0.6308685E-02 0.6336663E-02 0.6336367E-02 0.6331674E-02 0.4604835E-02 0.4604835E-02 -0.1656744 -0.2645587 -0.3591802 -0.4468362 -0.5270194 -0.6002620 -0.6675708 -0.7301398 -0.7892027 -0.8459508 -0.9014804 -0.9560961 -1.001159 -0.9738431 -0.9738431 -0.7737288 -0.4668852 -0.1285931 -0.8015843E-01 -0.8015843E-01 -0.2096298E-01 -0.2096298E-01 0.2707125E-01 0.2707125E-01 0.4893517E-01 0.8588726E-01 0.8588726E-01 0.1124045 0.1124045 0.1269883 0.1269883 0.1269883 0.1119757 0.1119757 0.7695907E-01 0.7695907E-01 0.2983391E-01 0.2983391E-01 -0.1500215E-01 -0.1500215E-01 -0.4427258E-01 -0.4427258E-01 -0.4427258E-01
