simulation_files/asc/Velocity__y_54.0.asc
NCOLS        79
NROWS        79
XLLCENTER         -1.500000
YLLCENTER         -4.800000
CELLSIZE           0.100
NODATA_VALUE     -9999.0
[rows 0 to 25 of 79, columns 0 to 58 of 79]
-9999.000 -9999.000 -9999.000 -9999.000 -9999.000 -9999.000 -9999.000 -9999.000 -9999.000 -9999.000 -9999.000 -9999.000 -9999.000 -9999.000 -9999.000 -0.2597761 -0.2587323 -0.2589414 -0.2592886 -0.2596826 -0.2601196 -0.2606083 -0.2611582 -0.2617806 -0.2624893 -0.2633062 -0.2642667 -0.2654254 -0.2667305 -0.2635573 -0.2635573 -9999.000 -9999.000 -9999.000 -9999.000 -9999.000 -9999.000 -9999.000 -9999.000 -9999.000 -9999.000 -9999.000 -9999.000 -9999.000 -9999.000 -9999.000 -9999.000 -9999.000 -9999.000 -9999.000 -9999.000 -9999.000 -9999.000 -9999.000 -9999.000 -9999.000 -9999.000 -9999.000 -9999.000
-9999.000 -9999.000 -9999.000 -9999.000 -9999.000 -9999.000 -9999.000 -9999.000 -9999.000 -9999.000 -9999.000 -9999.000 -9999.000 -9999.000 -9999.000 -0.2558947 -0.2533977 -0.2537519 -0.2543765 -0.2550781 -0.2558507 -0.2567168 -0.2577050 -0.2588481 -0.2601853 -0.2617704 -0.2636803 -0.2660202 -0.2686561 -0.2625744 -0.2625744 -9999.000 -9999.000 -9999.000 -9999.000 -9999.000 -9999.000 -9999.000 -9999.000 -9999.000 -9999.000 -9999.000 -9999.000 -9999.000 -9999.000 -9999.000 -9999.000 -9999.000 -9999.000 -9999.000 -9999.000 -9999.000 -9999.000 -9999.000 -9999.000 -9999.000 -9999.000 -9999.000 -9999.000
-9999.000 -9999.000 -9999.000 -9999.000 -9999.000 -9999.000 -9999.000 -9999.000 -9999.000 -9999.000 -9999.000 -9999.000 -9999.000 -9999.000 -9999.000 -0.2502707 -0.2460226 -0.2465818 -0.2476407 -0.2488674 -0.2502454 -0.2518109 -0.2536145 -0.2557133 -0.2581731 -0.2610745 -0.2645208 -0.2686334 -0.2730974 -0.2639642 -0.2639642 -9999.000 -9999.000 -9999.000 -9999.000 -9999.000 -9999.000 -9999.000 -9999.000 -9999.000 -9999.000 -9999.000 -9999.000 -9999.000 -9999.000 -9999.000 -9999.000 -9999.000 -9999.000 -9999.000 -9999.000 -9999.000 -9999.000 -9999.000 -9999.000 -9999.000 -9999.000 -9999.000 -9999.000
-9999.000 -9999.000 -9999.000 -9999.000 -9999.000 -9999.000 -9999.000 -9999.000 -9999.000 -9999.000 -9999.000 -9999.000 -9999.000 -9999.000 -9999.000 -0.2434597 -0.2373869 -0.2382176 -0.2398252 -0.2417274 -0.2438969 -0.2463850 -0.2492639 -0.2526145 -0.2565258 -0.2611009 -0.2664644 -0.2727492 -0.2794433 -0.2676623 -0.2676623 -9999.000 -9999.000 -9999.000 -9999.000 -9999.000 -9999.000 -9999.000 -9999.000 -9999.000 -9999.000 -9999.000 -9999.000 -9999.000 -9999.000 -9999.000 -9999.000 -9999.000 -9999.000 -9999.000 -9999.000 -9999.000 -9999.000 -9999.000 -9999.000 -9999.000 -9999.000 -9999.000 -9999.000
-9999.000 -9999.000 -9999.000 -9999.000 -9999.000 -9999.000 -9999.000 -9999.000 -9999.000 -9999.000 -9999.000 -9999.000 -9999.000 -9999.000 -9999.000 -0.2354840 -0.2275840 -0.2287525 -0.2310114 -0.2337203 -0.2368424 -0.2404460 -0.2446269 -0.2494913 -0.2551540 -0.2617424 -0.2694043 -0.2782886 -0.2876732 -0.2737336 -0.2737336 -9999.000 -9999.000 -9999.000 -9999.000 -9999.000 -9999.000 -9999.000 -9999.000 -9999.000 -9999.000 -9999.000 -9999.000 -9999.000 -9999.000 -9999.000 -9999.000 -9999.000 -9999.000 -9999.000 -9999.000 -9999.000 -9999.000 -9999.000 -9999.000 -9999.000 -9999.000 -9999.000 -9999.000
-9999.000 -9999.000 -9999.000 -9999.000 -9999.000 -9999.000 -9999.000 -9999.000 -9999.000 -9999.000 -9999.000 -9999.000 -9999.000 -9999.000 -9999.000 -0.2263047 -0.2166663 -0.2182386 -0.2212383 -0.2248665 -0.2290793 -0.2339664 -0.2396521 -0.2462732 -0.2539750 -0.2629177 -0.2732807 -0.2852402 -0.2978631 -0.2823709 -0.2823709 -9999.000 -9999.000 -9999.000 -9999.000 -9999.000 -9999.000 -9999.000 -9999.000 -9999.000 -9999.000 -9999.000 -9999.000 -9999.000 -9999.000 -9999.000 -9999.000 -9999.000 -9999.000 -9999.000 -9999.000 -9999.000 -9999.000 -9999.000 -9999.000 -9999.000 -9999.000 -9999.000 -9999.000
-9999.000 -9999.000 -9999.000 -9999.000 -9999.000 -9999.000 -9999.000 -9999.000 -9999.000 -9999.000 -9999.000 -9999.000 -9999.000 -9999.000 -9999.000 -0.2158210 -0.2046484 -0.2066939 -0.2105113 -0.2151527 -0.2205738 -0.2268925 -0.2342682 -0.2428764 -0.2529045 -0.2645574 -0.2780642 -0.2936484 -0.3101814 -0.2939067 -0.2939067 -9999.000 -9999.000 -9999.000 -9999.000 -9999.000 -9999.000 -9999.000 -9999.000 -9999.000 -9999.000 -9999.000 -9999.000 -9999.000 -9999.000 -9999.000 -9999.000 -9999.000 -9999.000 -9999.000 -9999.000 -9999.000 -9999.000 -9999.000 -9999.000 -9999.000 -9999.000 -9999.000 -9999.000
-9999.000 -9999.000 -9999.000 -9999.000 -9999.000 -9999.000 -9999.000 -9999.000 -9999.000 -9999.000 -9999.000 -9999.000 -9999.000 -9999.000 -9999.000 -0.2038741 -0.1915105 -0.1941060 -0.1988055 -0.2045366 -0.2112648 -0.2191441 -0.2283803 -0.2391995 -0.2518468 -0.2665931 -0.2837437 -0.3036054 -0.3248935 -0.3088447 -0.3088447 -9999.000 -9999.000 -9999.000 -9999.000 -9999.000 -9999.000 -9999.000 -9999.000 -9999.000 -9999.000 -9999.000 -9999.000 -9999.000 -9999.000 -9999.000 -9999.000 -9999.000 -9999.000 -9999.000 -9999.000 -9999.000 -9999.000 -9999.000 -9999.000 -9999.000 -9999.000 -9999.000 -9999.000
-9999.000 -9999.000 -9999.000 -9999.000 -9999.000 -9999.000 -9999.000 -9999.000 -9999.000 -9999.000 -9999.000 -9999.000 -9999.000 -9999.000 -9999.000 -0.1902509 -0.1771998 -0.1804333 -0.1860677 -0.1929468 -0.2010604 -0.2106111 -0.2218636 -0.2351125 -0.2506827 -0.2689416 -0.2903126 -0.3152441 -0.3423761 -0.3279256 -0.3279256 -9999.000 -9999.000 -9999.000 -9999.000 -9999.000 -9999.000 -9999.000 -9999.000 -9999.000 -9999.000 -9999.000 -9999.000 -9999.000 -9999.000 -9999.000 -9999.000 -9999.000 -9999.000 -9999.000 -9999.000 -9999.000 -9999.000 -9999.000 -9999.000 -9999.000 -9999.000 -9999.000 -9999.000
-9999.000 -9999.000 -9999.000 -9999.000 -9999.000 -9999.000 -9999.000 -9999.000 -9999.000 -9999.000 -9999.000 -9999.000 -9999.000 -9999.000 -9999.000 -0.1746892 -0.1616301 -0.1656033 -0.1722127 -0.1802782 -0.1898333 -0.2011446 -0.2145528 -0.2304425 -0.2492499 -0.2714834 -0.2977483 -0.3287294 -0.3631418 -0.3522463 -0.3522463 -9999.000 -9999.000 -9999.000 -9999.000 -9999.000 -9999.000 -9999.000 -9999.000 -9999.000 -9999.000 -9999.000 -9999.000 -9999.000 -9999.000 -9999.000 -9999.000 -9999.000 -9999.000 -9999.000 -9999.000 -9999.000 -9999.000 -9999.000 -9999.000 -9999.000 -9999.000 -9999.000 -9999.000
-9999.000 -9999.000 -9999.000 -9999.000 -9999.000 -9999.000 -9999.000 -9999.000 -9999.000 -9999.000 -9999.000 -9999.000 -9999.000 -9999.000 -9999.000 -0.1568840 -0.1446772 -0.1495057 -0.1571157 -0.1663830 -0.1774096 -0.1905435 -0.2062226 -0.2249500 -0.2473148 -0.2740295 -0.3059790 -0.3442385 -0.3878728 -0.3834838 -0.3834838 -9999.000 -9999.000 -9999.000 -9999.000 -9999.000 -9999.000 -9999.000 -9999.000 -9999.000 -9999.000 -9999.000 -9999.000 -9999.000 -9999.000 -9999.000 -9999.000 -9999.000 -9999.000 -9999.000 -9999.000 -9999.000 -9999.000 -9999.000 -9999.000 -9999.000 -9999.000 -9999.000 -9999.000
-9999.000 -9999.000 -9999.000 -9999.000 -9999.000 -9999.000 -9999.000 -9999.000 -9999.000 -9999.000 -9999.000 -9999.000 -9999.000 -9999.000 -9999.000 -0.1364961 -0.1261721 -0.1319812 -0.1405987 -0.1510552 -0.1635489 -0.1785309 -0.1965596 -0.2182917 -0.2445236 -0.2762611 -0.3148159 -0.3619094 -0.4174606 -0.4243411 -0.4243411 -9999.000 -9999.000 -9999.000 -9999.000 -9999.000 -9999.000 -9999.000 -9999.000 -9999.000 -9999.000 -9999.000 -9999.000 -9999.000 -9999.000 -9999.000 -9999.000 -9999.000 -9999.000 -9999.000 -9999.000 -9999.000 -9999.000 -9999.000 -9999.000 -9999.000 -9999.000 -9999.000 -9999.000
-9999.000 -9999.000 -9999.000 -9999.000 -9999.000 -9999.000 -9999.000 -9999.000 -9999.000 -9999.000 -9999.000 -9999.000 -9999.000 -9999.000 -9999.000 -0.1131583 -0.1058873 -0.1128016 -0.1224082 -0.1340043 -0.1479155 -0.1647166 -0.1851137 -0.2099567 -0.2403177 -0.2776168 -0.3238145 -0.3817043 -0.4530107 -0.4795233 -0.4795233 -9999.000 -9999.000 -9999.000 -9999.000 -9999.000 -9999.000 -9999.000 -9999.000 -9999.000 -9999.000 -9999.000 -9999.000 -9999.000 -9999.000 -9999.000 -9999.000 -9999.000 -9999.000 -9999.000 -9999.000 -9999.000 -9999.000 -9999.000 -9999.000 -9999.000 -9999.000 -9999.000 -9999.000
-9999.000 -9999.000 -9999.000 -9999.000 -9999.000 -9999.000 -9999.000 -9999.000 -9999.000 -9999.000 -9999.000 -9999.000 -9999.000 -9999.000 -9999.000 -0.8640910E-01 -0.8347997E-01 -0.9161846E-01 -0.1021720 -0.1148171 -0.1300362 -0.1485480 -0.1712294 -0.1991643 -0.2337785 -0.2770620 -0.3319446 -0.4030027 -0.4956179 -0.5582242 -0.5582242 -9999.000 -9999.000 -9999.000 -9999.000 -9999.000 -9999.000 -9999.000 -9999.000 -9999.000 -9999.000 -9999.000 -9999.000 -9999.000 -9999.000 -9999.000 -9999.000 -9999.000 -9999.000 -9999.000 -9999.000 -9999.000 -9999.000 -9999.000 -9999.000 -9999.000 -9999.000 -9999.000 -9999.000
-9999.000 -9999.000 -9999.000 -9999.000 -9999.000 -9999.000 -9999.000 -9999.000 -9999.000 -9999.000 -9999.000 -9999.000 -9999.000 -9999.000 -9999.000 -0.5055092E-01 -0.5676164E-01 -0.6736223E-01 -0.7951234E-01 -0.9350774E-01 -0.1100896 -0.1301852 -0.1548956 -0.1856006 -0.2241796 -0.2733891 -0.3375715 -0.4242142 -0.5458847 -0.6814477 -0.6814477 -9999.000 -9999.000 -9999.000 -9999.000 -9999.000 -9999.000 -9999.000 -9999.000 -9999.000 -9999.000 -9999.000 -9999.000 -9999.000 -9999.000 -9999.000 -9999.000 -9999.000 -9999.000 -9999.000 -9999.000 -9999.000 -9999.000 -9999.000 -9999.000 -9999.000 -9999.000 -9999.000 -9999.000
-0.2431389E-02 -0.2431389E-02 -0.3404768E-02 -0.3999915E-02 -0.4063655E-02 -0.4063655E-02 -0.4129610E-02 -0.6691436E-02 -0.6691436E-02 -0.6269949E-02 -0.6269949E-02 -0.8539105E-02 -0.1123520E-01 -0.1619907E-01 -0.2561604E-01 -0.2561604E-01 -0.6464910E-01 -0.8142424E-01 -0.9753736E-01 -0.1135906 -0.1303438 -0.1488642 -0.1706081 -0.1975148 -0.2321611 -0.2780618 -0.3403527 -0.4275498 -0.5548436 -0.7832782 -0.7832782 -0.5555511 -0.3815959 -0.1213236 -0.4501557E-01 -0.4501557E-01 0.2695102E-01 0.2695102E-01 0.4094739E-01 0.4094739E-01 0.1396973E-01 -0.7235848E-02 -0.7235848E-02 0.5531278E-02 0.5531278E-02 0.1052593E-01 0.1052593E-01 0.1052593E-01 0.8436364E-02 0.8436364E-02 0.6283998E-02 0.6283998E-02 0.5868447E-02 0.5868447E-02 0.3639872E-02 0.3639872E-02 0.2307860E-02 0.2307860E-02 0.2307860E-02
-0.3662236E-02 -0.3662236E-02 -0.4990438E-02 -0.5724914E-02 -0.5782306E-02 -0.5782306E-02 -0.5862614E-02 -0.1020313E-01 -0.1020313E-01 -0.1055896E-01 -0.1055896E-01 -0.1610743E-01 -0.2195446E-01 -0.3170972E-01 -0.4817607E-01 -0.4817607E-01 -0.1034421 -0.1282678 -0.1516916 -0.1735810 -0.1939867 -0.2133899 -0.2328612 -0.2541688 -0.2798478 -0.3132598 -0.3586895 -0.4215404 -0.5073237 -0.6246644 -0.6246644 -0.4386199 -0.2949823 -0.9184275E-01 -0.2435104E-01 -0.2435104E-01 0.6249071E-01 0.6249071E-01 0.1003220 0.1003220 0.6863584E-01 -0.3775288E-03 -0.3775288E-03 0.1531459E-01 0.1531459E-01 0.2282578E-01 0.2282578E-01 0.2282578E-01 0.1811041E-01 0.1811041E-01 0.1362623E-01 0.1362623E-01 0.9082905E-02 0.9082905E-02 0.7491355E-02 0.7491355E-02 0.5248921E-02 0.5248921E-02 0.5248921E-02
-0.2898925E-02 -0.2898925E-02 -0.4093848E-02 -0.4862685E-02 -0.4929892E-02 -0.4929892E-02 -0.5003313E-02 -0.1018784E-01 -0.1018784E-01 -0.1230156E-01 -0.1230156E-01 -0.2110302E-01 -0.2955074E-01 -0.4237589E-01 -0.6144159E-01 -0.6144159E-01 -0.1196792 -0.1502557 -0.1807962 -0.2105232 -0.2388082 -0.2653346 -0.2902458 -0.3142770 -0.3388628 -0.3662053 -0.3992482 -0.4414170 -0.4950061 -0.5573471 -0.5573471 -0.4449975 -0.3382497 -0.1589808 -0.8344132E-01 -0.8344132E-01 0.4980295E-01 0.4980295E-01 0.1463520 0.1463520 0.1503315 0.4808351E-01 0.4808351E-01 0.3177726E-01 0.3177726E-01 0.3154344E-01 0.3154344E-01 0.3154344E-01 0.2665619E-01 0.2665619E-01 0.2022652E-01 0.2022652E-01 0.1103994E-01 0.1103994E-01 0.9617005E-02 0.9617005E-02 0.6814337E-02 0.6814337E-02 0.6814337E-02
-0.2219108E-02 -0.2219108E-02 -0.3214030E-02 -0.3927277E-02 -0.3993014E-02 -0.3993014E-02 -0.4061332E-02 -0.9724519E-02 -0.9724519E-02 -0.1325442E-01 -0.1325442E-01 -0.2423921E-01 -0.3418818E-01 -0.4856551E-01 -0.6869982E-01 -0.6869982E-01 -0.1282061 -0.1620752 -0.1971495 -0.2324085 -0.2669494 -0.3000585 -0.3313064 -0.3606503 -0.3885208 -0.4158700 -0.4441057 -0.4747618 -0.5081858 -0.5396996 -0.5396996 -0.4657429 -0.3826236 -0.2180957 -0.1355407 -0.1355407 0.2958762E-01 0.2958762E-01 0.1631858 0.1631858 0.1951868 0.1245854 0.1245854 0.5990319E-01 0.5990319E-01 0.3787079E-01 0.3787079E-01 0.3787079E-01 0.3139521E-01 0.3139521E-01 0.2305461E-01 0.2305461E-01 0.1243522E-01 0.1243522E-01 0.8230047E-02 0.8230047E-02 0.4805228E-02 0.4805228E-02 0.4805228E-02
-0.1608594E-02 -0.1608594E-02 -0.2370901E-02 -0.2966237E-02 -0.3025260E-02 -0.3025260E-02 -0.3096262E-02 -0.9024325E-02 -0.9024325E-02 -0.1362925E-01 -0.1362925E-01 -0.2600828E-01 -0.3679727E-01 -0.5197931E-01 -0.7268292E-01 -0.7268292E-01 -0.1340477 -0.1704926 -0.2088730 -0.2480452 -0.2870340 -0.3250126 -0.3613223 -0.3955167 -0.4274058 -0.4570679 -0.4847314 -0.5104002 -0.5329791 -0.5475569 -0.5475569 -0.4939600 -0.4240082 -0.2614869 -0.1698405 -0.1698405 0.1572478E-01 0.1572478E-01 0.1612806 0.1612806 0.2054960 0.1880975 0.1880975 0.1023367 0.1023367 0.4833340E-01 0.4833340E-01 0.4833340E-01 0.3441945E-01 0.3441945E-01 0.2287965E-01 0.2287965E-01 0.1087580E-01 0.1087580E-01 0.4335850E-02 0.4335850E-02 0.4410593E-03 0.4410593E-03 0.4410593E-03
-0.1047050E-02 -0.1047050E-02 -0.1560117E-02 -0.1987073E-02 -0.2032287E-02 -0.2032287E-02 -0.2108468E-02 -0.8080215E-02 -0.8080215E-02 -0.1343329E-01 -0.1343329E-01 -0.2653331E-01 -0.3766400E-01 -0.5314318E-01 -0.7415323E-01 -0.7415323E-01 -0.1386788 -0.1779381 -0.2194865 -0.2620203 -0.3045155 -0.3461387 -0.3861972 -0.4241188 -0.4594332 -0.4917331 -0.5204563 -0.5443770 -0.5612503 -0.5659449 -0.5659449 -0.5220932 -0.4564917 -0.2824872 -0.1814248 -0.1814248 0.9648724E-02 0.9648724E-02 0.1489434 0.1489434 0.1948580 0.2166136 0.2166136 0.1476965 0.1476965 0.6350116E-01 0.6350116E-01 0.6350116E-01 0.3816649E-01 0.3816649E-01 0.2142086E-01 0.2142086E-01 0.7436501E-02 0.7436501E-02 -0.9809521E-03 -0.9809521E-03 -0.5192452E-02 -0.5192452E-02 -0.5192452E-02
-0.5161563E-03 -0.5161563E-03 -0.7735578E-03 -0.9963331E-03 -0.1021382E-02 -0.1021382E-02 -0.1101012E-02 -0.6886901E-02 -0.6886901E-02 -0.1268862E-01 -0.1268862E-01 -0.2592752E-01 -0.3698555E-01 -0.5233064E-01 -0.7338219E-01 -0.7338219E-01 -0.1427059 -0.1854486 -0.2305937 -0.2766222 -0.3224243 -0.3671589 -0.4101651 -0.4508946 -0.4888286 -0.5233749 -0.5534576 -0.5766095 -0.5894886 -0.5867558 -0.5867558 -0.5430230 -0.4728456 -0.2782175 -0.1729327 -0.1729327 0.6856443E-02 0.6856443E-02 0.1305971 0.1305971 0.1735693 0.2146525 0.2146525 0.1789389 0.1789389 0.8265061E-01 0.8265061E-01 0.8265061E-01 0.4442701E-01 0.4442701E-01 0.2041661E-01 0.2041661E-01 0.3356446E-02 0.3356446E-02 -0.6797860E-02 -0.6797860E-02 -0.1122339E-01 -0.1122339E-01 -0.1122339E-01
0.2208497E-06 0.2208497E-06 0.2639152E-06 -0.5401898E-08 -0.1270617E-05 -0.1270617E-05 -0.8000514E-04 -0.5448942E-02 -0.5448942E-02 -0.1143659E-01 -0.1143659E-01 -0.2431890E-01 -0.3495064E-01 -0.4975972E-01 -0.7051087E-01 -0.7051087E-01 -0.1466954 -0.1938069 -0.2432391 -0.2932429 -0.3425927 -0.3904049 -0.4360447 -0.4790490 -0.5189779 -0.5552625 -0.5864293 -0.6081834 -0.6158084 -0.6034551 -0.6034551 -0.5504693 -0.4665093 -0.2536035 -0.1535252 -0.1535252 0.3303188E-02 0.3303188E-02 0.1093094 0.1093094 0.1478388 0.1951958 0.1951958 0.1880014 0.1880014 0.1011638 0.1011638 0.1011638 0.5302286E-01 0.5302286E-01 0.2103645E-01 0.2103645E-01 -0.1212801E-03 -0.1212801E-03 -0.1218704E-01 -0.1218704E-01 -0.1680824E-01 -0.1680824E-01 -0.1680824E-01
0.5166476E-03 0.5166476E-03 0.7740287E-03 0.9962732E-03 0.1019003E-02 0.1019003E-02 0.9459918E-03 -0.3780072E-02 -0.3780072E-02 -0.9732663E-02 -0.9732663E-02 -0.2184595E-01 -0.3175414E-01 -0.4565634E-01 -0.6569041E-01 -0.6569041E-01 -0.1514837 -0.2039821 -0.2585008 -0.3131105 -0.3664680 -0.4176062 -0.4658801 -0.5109295 -0.5524549 -0.5900530 -0.6217653 -0.6398406 -0.6378596 -0.6103680 -0.6103680 -0.5378773 -0.4353535 -0.2199185 -0.1325568 -0.1325568 -0.1745465E-02 -0.1745465E-02 0.8766723E-01 0.8766723E-01 0.1213449 0.1680085 0.1680085 0.1780376 0.1780376 0.1131535 0.1131535 0.1131535 0.6169755E-01 0.6169755E-01 0.2336733E-01 0.2336733E-01 -0.2085177E-02 -0.2085177E-02 -0.1621598E-01 -0.1621598E-01 -0.2107390E-01 -0.2107390E-01 -0.2107390E-01
0.1047503E-02 0.1047503E-02 0.1560578E-02 0.1987073E-02 0.2030083E-02 0.2030083E-02 0.1967893E-02 -0.1901993E-02 -0.1901993E-02 -0.7641862E-02 -0.7641862E-02 -0.1865047E-01 -0.2759742E-01 -0.4028506E-01 -0.5923317E-01 -0.5923317E-01 -0.1584137 -0.2173515 -0.2778063 -0.3377299 -0.3956269 -0.4504399 -0.5015044 -0.5485295 -0.5913826 -0.6299204 -0.6612800 -0.6708089 -0.6513942 -0.6009029 -0.6009029 -0.5021546 -0.3867081 -0.1887020 -0.1141425 -0.1141425 -0.6630480E-02 -0.6630480E-02 0.6761363E-01 0.6761363E-01 0.9621032E-01 0.1385175 0.1385175 0.1563157 0.1563157 0.1149141 0.1149141 0.1149141 0.6725040E-01 0.6725040E-01 0.2636426E-01 0.2636426E-01 -0.2227235E-02 -0.2227235E-02 -0.1811932E-01 -0.1811932E-01 -0.2321179E-01 -0.2321179E-01 -0.2321179E-01
0.1609041E-02 0.1609041E-02 0.2371314E-02 0.2966299E-02 0.3023209E-02 0.3023209E-02 0.2977279E-02 0.1572753E-03 0.1572753E-03 -0.5234329E-02 -0.5234329E-02 -0.1486925E-01 -0.2267713E-01 -0.3395331E-01 -0.5188450E-01 -0.5188450E-01 -0.1691733 -0.2361302 -0.3036301 -0.3695665 -0.4323888 -0.4910651 -0.5449882 -0.5938882 -0.6377914 -0.6768155 -0.7058221 -0.6977251 -0.6510747 -0.5710923 -0.5710923 -0.4487336 -0.3320087 -0.1611999 -0.9907395E-01 -0.9907395E-01 -0.9750756E-02 -0.9750756E-02 0.5006875E-01 0.5006875E-01 0.7333708E-01 0.1092757 0.1092757 0.1287688 0.1287688 0.1061229 0.1061229 0.1061229 0.6708232E-01 0.6708232E-01 0.2833471E-01 0.2833471E-01 -0.8667805E-03 -0.8667805E-03 -0.1747771E-01 -0.1747771E-01 -0.2261709E-01 -0.2261709E-01 -0.2261709E-01
