simulation_files/asc/Velocity__y_107.0.asc
NCOLS        79
NROWS        79
XLLCENTER         -1.500000
YLLCENTER         -4.800000
CELLSIZE           0.100
NODATA_VALUE     -9999.0
[rows 0 to 25 of 79, columns 0 to 58 of 79]
-9999.000 -9999.000 -9999.000 -9999.000 -9999.000 -9999.000 -9999.000 -9999.000 -9999.000 -9999.000 -9999.000 -9999.000 -9999.000 -9999.000 -9999.000 -0.1732558 -0.1720920 -0.1720489 -0.1721733 -0.1723386 -0.1725062 -0.1726603 -0.1728010 -0.1729474 -0.1731472 -0.1734906 -0.1741313 -0.1753198 -0.1773594 -0.1764173 -0.1764173 -9999.000 -9999.000 -9999.000 -9999.000 -9999.000 -9999.000 -9999.000 -9999.000 -9999.000 -9999.000 -9999.000 -9999.000 -9999.000 -9999.000 -9999.000 -9999.000 -9999.000 -9999.000 -9999.000 -9999.000 -9999.000 -9999.000 -9999.000 -9999.000 -9999.000 -9999.000 -9999.000 -9999.000
-9999.000 -9999.000 -9999.000 -9999.000 -9999.000 -9999.000 -9999.000 -9999.000 -9999.000 -9999.000 -9999.000 -9999.000 -9999.000 -9999.000 -9999.000 -0.1709792 -0.1684439 -0.1683216 -0.1685648 -0.1689060 -0.1692614 -0.1695976 -0.1699166 -0.1702629 -0.1707427 -0.1715510 -0.1730101 -0.1756313 -0.1800106 -0.1786233 -0.1786233 -9999.000 -9999.000 -9999.000 -9999.000 -9999.000 -9999.000 -9999.000 -9999.000 -9999.000 -9999.000 -9999.000 -9999.000 -9999.000 -9999.000 -9999.000 -9999.000 -9999.000 -9999.000 -9999.000 -9999.000 -9999.000 -9999.000 -9999.000 -9999.000 -9999.000 -9999.000 -9999.000 -9999.000
-9999.000 -9999.000 -9999.000 -9999.000 -9999.000 -9999.000 -9999.000 -9999.000 -9999.000 -9999.000 -9999.000 -9999.000 -9999.000 -9999.000 -9999.000 -0.1674477 -0.1633617 -0.1631404 -0.1635590 -0.1641796 -0.1648608 -0.1655461 -0.1662394 -0.1670181 -0.1680616 -0.1696915 -0.1724259 -0.1770660 -0.1845104 -0.1832874 -0.1832874 -9999.000 -9999.000 -9999.000 -9999.000 -9999.000 -9999.000 -9999.000 -9999.000 -9999.000 -9999.000 -9999.000 -9999.000 -9999.000 -9999.000 -9999.000 -9999.000 -9999.000 -9999.000 -9999.000 -9999.000 -9999.000 -9999.000 -9999.000 -9999.000 -9999.000 -9999.000 -9999.000 -9999.000
-9999.000 -9999.000 -9999.000 -9999.000 -9999.000 -9999.000 -9999.000 -9999.000 -9999.000 -9999.000 -9999.000 -9999.000 -9999.000 -9999.000 -9999.000 -0.1631981 -0.1575731 -0.1572763 -0.1579261 -0.1589062 -0.1600137 -0.1611666 -0.1623691 -0.1637308 -0.1655056 -0.1681464 -0.1723772 -0.1793112 -0.1901948 -0.1898282 -0.1898282 -9999.000 -9999.000 -9999.000 -9999.000 -9999.000 -9999.000 -9999.000 -9999.000 -9999.000 -9999.000 -9999.000 -9999.000 -9999.000 -9999.000 -9999.000 -9999.000 -9999.000 -9999.000 -9999.000 -9999.000 -9999.000 -9999.000 -9999.000 -9999.000 -9999.000 -9999.000 -9999.000 -9999.000
-9999.000 -9999.000 -9999.000 -9999.000 -9999.000 -9999.000 -9999.000 -9999.000 -9999.000 -9999.000 -9999.000 -9999.000 -9999.000 -9999.000 -9999.000 -0.1583371 -0.1511938 -0.1508404 -0.1517699 -0.1531772 -0.1547933 -0.1565071 -0.1583210 -0.1603777 -0.1630089 -0.1668086 -0.1727255 -0.1822183 -0.1969460 -0.1982059 -0.1982059 -9999.000 -9999.000 -9999.000 -9999.000 -9999.000 -9999.000 -9999.000 -9999.000 -9999.000 -9999.000 -9999.000 -9999.000 -9999.000 -9999.000 -9999.000 -9999.000 -9999.000 -9999.000 -9999.000 -9999.000 -9999.000 -9999.000 -9999.000 -9999.000 -9999.000 -9999.000 -9999.000 -9999.000
-9999.000 -9999.000 -9999.000 -9999.000 -9999.000 -9999.000 -9999.000 -9999.000 -9999.000 -9999.000 -9999.000 -9999.000 -9999.000 -9999.000 -9999.000 -0.1529191 -0.1442947 -0.1438995 -0.1451475 -0.1470370 -0.1492274 -0.1515751 -0.1540794 -0.1569172 -0.1605048 -0.1655905 -0.1733723 -0.1856994 -0.2047320 -0.2085279 -0.2085279 -9999.000 -9999.000 -9999.000 -9999.000 -9999.000 -9999.000 -9999.000 -9999.000 -9999.000 -9999.000 -9999.000 -9999.000 -9999.000 -9999.000 -9999.000 -9999.000 -9999.000 -9999.000 -9999.000 -9999.000 -9999.000 -9999.000 -9999.000 -9999.000 -9999.000 -9999.000 -9999.000 -9999.000
-9999.000 -9999.000 -9999.000 -9999.000 -9999.000 -9999.000 -9999.000 -9999.000 -9999.000 -9999.000 -9999.000 -9999.000 -9999.000 -9999.000 -9999.000 -0.1469517 -0.1369074 -0.1364831 -0.1380811 -0.1404968 -0.1433141 -0.1463536 -0.1496102 -0.1532977 -0.1579253 -0.1644130 -0.1742399 -0.1897020 -0.2135800 -0.2210308 -0.2210308 -9999.000 -9999.000 -9999.000 -9999.000 -9999.000 -9999.000 -9999.000 -9999.000 -9999.000 -9999.000 -9999.000 -9999.000 -9999.000 -9999.000 -9999.000 -9999.000 -9999.000 -9999.000 -9999.000 -9999.000 -9999.000 -9999.000 -9999.000 -9999.000 -9999.000 -9999.000 -9999.000 -9999.000
-9999.000 -9999.000 -9999.000 -9999.000 -9999.000 -9999.000 -9999.000 -9999.000 -9999.000 -9999.000 -9999.000 -9999.000 -9999.000 -9999.000 -9999.000 -0.1404027 -0.1290334 -0.1285921 -0.1305656 -0.1335438 -0.1370304 -0.1408072 -0.1448644 -0.1494561 -0.1551955 -0.1631955 -0.1752558 -0.1941909 -0.2235612 -0.2360930 -0.2360930 -9999.000 -9999.000 -9999.000 -9999.000 -9999.000 -9999.000 -9999.000 -9999.000 -9999.000 -9999.000 -9999.000 -9999.000 -9999.000 -9999.000 -9999.000 -9999.000 -9999.000 -9999.000 -9999.000 -9999.000 -9999.000 -9999.000 -9999.000 -9999.000 -9999.000 -9999.000 -9999.000 -9999.000
-9999.000 -9999.000 -9999.000 -9999.000 -9999.000 -9999.000 -9999.000 -9999.000 -9999.000 -9999.000 -9999.000 -9999.000 -9999.000 -9999.000 -9999.000 -0.1332076 -0.1206490 -0.1202043 -0.1225745 -0.1261447 -0.1303341 -0.1348827 -0.1397757 -0.1453130 -0.1522248 -0.1618439 -0.1763393 -0.1991351 -0.2347834 -0.2542754 -0.2542754 -9999.000 -9999.000 -9999.000 -9999.000 -9999.000 -9999.000 -9999.000 -9999.000 -9999.000 -9999.000 -9999.000 -9999.000 -9999.000 -9999.000 -9999.000 -9999.000 -9999.000 -9999.000 -9999.000 -9999.000 -9999.000 -9999.000 -9999.000 -9999.000 -9999.000 -9999.000 -9999.000 -9999.000
-9999.000 -9999.000 -9999.000 -9999.000 -9999.000 -9999.000 -9999.000 -9999.000 -9999.000 -9999.000 -9999.000 -9999.000 -9999.000 -9999.000 -9999.000 -0.1252710 -0.1117068 -0.1112746 -0.1140597 -0.1182448 -0.1231615 -0.1285051 -0.1342557 -0.1407651 -0.1488978 -0.1602383 -0.1773870 -0.2044937 -0.2473860 -0.2763987 -0.2763987 -9999.000 -9999.000 -9999.000 -9999.000 -9999.000 -9999.000 -9999.000 -9999.000 -9999.000 -9999.000 -9999.000 -9999.000 -9999.000 -9999.000 -9999.000 -9999.000 -9999.000 -9999.000 -9999.000 -9999.000 -9999.000 -9999.000 -9999.000 -9999.000 -9999.000 -9999.000 -9999.000 -9999.000
-9999.000 -9999.000 -9999.000 -9999.000 -9999.000 -9999.000 -9999.000 -9999.000 -9999.000 -9999.000 -9999.000 -9999.000 -9999.000 -9999.000 -9999.000 -0.1164634 -0.1021329 -0.1017321 -0.1049465 -0.1097629 -0.1154220 -0.1215709 -0.1281845 -0.1356743 -0.1450593 -0.1582160 -0.1782523 -0.2101954 -0.2615334 -0.3036864 -0.3036864 -9999.000 -9999.000 -9999.000 -9999.000 -9999.000 -9999.000 -9999.000 -9999.000 -9999.000 -9999.000 -9999.000 -9999.000 -9999.000 -9999.000 -9999.000 -9999.000 -9999.000 -9999.000 -9999.000 -9999.000 -9999.000 -9999.000 -9999.000 -9999.000 -9999.000 -9999.000 -9999.000 -9999.000
-9999.000 -9999.000 -9999.000 -9999.000 -9999.000 -9999.000 -9999.000 -9999.000 -9999.000 -9999.000 -9999.000 -9999.000 -9999.000 -9999.000 -9999.000 -0.1066142 -0.9181970E-01 -0.9147120E-01 -0.9512474E-01 -0.1005806 -0.1069849 -0.1139326 -0.1213934 -0.1298470 -0.1404906 -0.1555417 -0.1787127 -0.2161047 -0.2773967 -0.3380274 -0.3380274 -9999.000 -9999.000 -9999.000 -9999.000 -9999.000 -9999.000 -9999.000 -9999.000 -9999.000 -9999.000 -9999.000 -9999.000 -9999.000 -9999.000 -9999.000 -9999.000 -9999.000 -9999.000 -9999.000 -9999.000 -9999.000 -9999.000 -9999.000 -9999.000 -9999.000 -9999.000 -9999.000 -9999.000
-9999.000 -9999.000 -9999.000 -9999.000 -9999.000 -9999.000 -9999.000 -9999.000 -9999.000 -9999.000 -9999.000 -9999.000 -9999.000 -9999.000 -9999.000 -0.9549426E-01 -0.8060961E-01 -0.8033436E-01 -0.8443002E-01 -0.9052075E-01 -0.9765557E-01 -0.1053721 -0.1136331 -0.1229956 -0.1348638 -0.1518537 -0.1784045 -0.2219514 -0.2951036 -0.3824948 -0.3824948 -9999.000 -9999.000 -9999.000 -9999.000 -9999.000 -9999.000 -9999.000 -9999.000 -9999.000 -9999.000 -9999.000 -9999.000 -9999.000 -9999.000 -9999.000 -9999.000 -9999.000 -9999.000 -9999.000 -9999.000 -9999.000 -9999.000 -9999.000 -9999.000 -9999.000 -9999.000 -9999.000 -9999.000
-9999.000 -9999.000 -9999.000 -9999.000 -9999.000 -9999.000 -9999.000 -9999.000 -9999.000 -9999.000 -9999.000 -9999.000 -9999.000 -9999.000 -9999.000 -0.8271930E-01 -0.6822566E-01 -0.6805208E-01 -0.7259228E-01 -0.7930386E-01 -0.8713409E-01 -0.9555644E-01 -0.1045236 -0.1146790 -0.1276650 -0.1465652 -0.1766971 -0.2271747 -0.3145862 -0.4424845 -0.4424845 -9999.000 -9999.000 -9999.000 -9999.000 -9999.000 -9999.000 -9999.000 -9999.000 -9999.000 -9999.000 -9999.000 -9999.000 -9999.000 -9999.000 -9999.000 -9999.000 -9999.000 -9999.000 -9999.000 -9999.000 -9999.000 -9999.000 -9999.000 -9999.000 -9999.000 -9999.000 -9999.000 -9999.000
-9999.000 -9999.000 -9999.000 -9999.000 -9999.000 -9999.000 -9999.000 -9999.000 -9999.000 -9999.000 -9999.000 -9999.000 -9999.000 -9999.000 -9999.000 -0.6108471E-01 -0.5149766E-01 -0.5286578E-01 -0.5884410E-01 -0.6683122E-01 -0.7574954E-01 -0.8506760E-01 -0.9477766E-01 -0.1056542 -0.1196303 -0.1403323 -0.1741175 -0.2321809 -0.3364248 -0.5272286 -0.5272286 -9999.000 -9999.000 -9999.000 -9999.000 -9999.000 -9999.000 -9999.000 -9999.000 -9999.000 -9999.000 -9999.000 -9999.000 -9999.000 -9999.000 -9999.000 -9999.000 -9999.000 -9999.000 -9999.000 -9999.000 -9999.000 -9999.000 -9999.000 -9999.000 -9999.000 -9999.000 -9999.000 -9999.000
-0.3025424E-02 -0.3025424E-02 -0.4181111E-02 -0.4837546E-02 -0.4897592E-02 -0.4897592E-02 -0.4906531E-02 -0.4884063E-02 -0.4884063E-02 -0.4855826E-02 -0.4855826E-02 -0.4827193E-02 -0.4811784E-02 -0.4795561E-02 -0.8289034E-02 -0.8289034E-02 -0.6188019E-01 -0.6753138E-01 -0.7736515E-01 -0.9026933E-01 -0.1046716 -0.1193687 -0.1336539 -0.1475269 -0.1620351 -0.1798043 -0.2060997 -0.2506296 -0.3319897 -0.5165502 -0.5165502 -0.2697065 -0.1339947 -0.2223973E-01 -0.6236990E-02 -0.6236990E-02 0.4599582E-02 0.4599582E-02 0.3172509E-02 0.3172509E-02 -0.2520743E-01 -0.1603419E-01 -0.1603419E-01 0.2733904E-02 0.2733904E-02 0.1087594E-01 0.1087594E-01 0.1087594E-01 0.1002131E-01 0.1002131E-01 0.9353099E-02 0.9353099E-02 0.6540712E-02 0.6540712E-02 0.4473849E-02 0.4473849E-02 0.2791910E-02 0.2791910E-02 0.2791910E-02
-0.4579423E-02 -0.4579423E-02 -0.6142897E-02 -0.6906731E-02 -0.6944122E-02 -0.6944122E-02 -0.6928049E-02 -0.6877988E-02 -0.6877988E-02 -0.6848023E-02 -0.6848023E-02 -0.6825888E-02 -0.6813429E-02 -0.6799302E-02 -0.1161419E-01 -0.1161419E-01 -0.8866778E-01 -0.9965996E-01 -0.1159567 -0.1370524 -0.1609911 -0.1859491 -0.2103930 -0.2332117 -0.2539275 -0.2730096 -0.2926211 -0.3170977 -0.3536984 -0.4177071 -0.4177071 -0.2596519 -0.1494185 -0.3879788E-01 -0.1541170E-01 -0.1541170E-01 0.1432575E-01 0.1432575E-01 0.3231794E-01 0.3231794E-01 -0.4087076E-02 -0.1952473E-01 -0.1952473E-01 0.8241727E-02 0.8241727E-02 0.2222365E-01 0.2222365E-01 0.2222365E-01 0.1997568E-01 0.1997568E-01 0.1567223E-01 0.1567223E-01 0.1253588E-01 0.1253588E-01 0.8870040E-02 0.8870040E-02 0.5748511E-02 0.5748511E-02 0.5748511E-02
-0.3662872E-02 -0.3662872E-02 -0.5084797E-02 -0.5862432E-02 -0.5897755E-02 -0.5897755E-02 -0.5873217E-02 -0.5813866E-02 -0.5813866E-02 -0.5796337E-02 -0.5796337E-02 -0.5797418E-02 -0.5797322E-02 -0.5794969E-02 -0.9005049E-02 -0.9005049E-02 -0.8785253E-01 -0.1062676 -0.1275924 -0.1541566 -0.1848112 -0.2179678 -0.2519907 -0.2853360 -0.3166947 -0.3451257 -0.3707743 -0.3944810 -0.4174051 -0.4400565 -0.4400565 -0.3415054 -0.2498908 -0.1183343 -0.7083994E-01 -0.7083994E-01 0.1266260E-01 0.1266260E-01 0.8209023E-01 0.8209023E-01 0.7369360E-01 0.2057018E-01 0.2057018E-01 0.2243750E-01 0.2243750E-01 0.3069561E-01 0.3069561E-01 0.3069561E-01 0.2622052E-01 0.2622052E-01 0.1782244E-01 0.1782244E-01 0.1422320E-01 0.1422320E-01 0.9714934E-02 0.9714934E-02 0.6039991E-02 0.6039991E-02 0.6039991E-02
-0.2823815E-02 -0.2823815E-02 -0.4028408E-02 -0.4736660E-02 -0.4762759E-02 -0.4762759E-02 -0.4729193E-02 -0.4655672E-02 -0.4655672E-02 -0.4634246E-02 -0.4634246E-02 -0.4637927E-02 -0.4639745E-02 -0.4639296E-02 -0.6709701E-02 -0.6709701E-02 -0.7940333E-01 -0.1062243 -0.1320144 -0.1621359 -0.1966859 -0.2346184 -0.2745777 -0.3150777 -0.3545807 -0.3915605 -0.4249909 -0.4540704 -0.4775826 -0.4913392 -0.4913392 -0.4233899 -0.3478057 -0.2062311 -0.1376507 -0.1376507 0.1875276E-02 0.1875276E-02 0.1195142 0.1195142 0.1402689 0.9272586E-01 0.9272586E-01 0.5098371E-01 0.5098371E-01 0.3631720E-01 0.3631720E-01 0.3631720E-01 0.2738458E-01 0.2738458E-01 0.1669481E-01 0.1669481E-01 0.1043274E-01 0.1043274E-01 0.5375149E-02 0.5375149E-02 0.2087988E-02 0.2087988E-02 0.2087988E-02
-0.2055355E-02 -0.2055355E-02 -0.2995965E-02 -0.3580515E-02 -0.3599624E-02 -0.3599624E-02 -0.3565999E-02 -0.3493940E-02 -0.3493940E-02 -0.3472673E-02 -0.3472673E-02 -0.3476891E-02 -0.3479261E-02 -0.3479797E-02 -0.4809556E-02 -0.4809556E-02 -0.6894747E-01 -0.1040507 -0.1353657 -0.1691565 -0.2068585 -0.2480443 -0.2917238 -0.3366599 -0.3814462 -0.4246093 -0.4644695 -0.4995264 -0.5278842 -0.5437393 -0.5437393 -0.4945898 -0.4311951 -0.2786924 -0.1898884 -0.1898884 -0.5071685E-02 -0.5071685E-02 0.1395354 0.1395354 0.1766153 0.1563288 0.1563288 0.8975842E-01 0.8975842E-01 0.4331041E-01 0.4331041E-01 0.4331041E-01 0.2681857E-01 0.2681857E-01 0.1290860E-01 0.1290860E-01 0.4184508E-02 0.4184508E-02 -0.1238488E-02 -0.1238488E-02 -0.3649568E-02 -0.3649568E-02 -0.3649568E-02
-0.1340261E-02 -0.1340261E-02 -0.1984299E-02 -0.2400691E-02 -0.2413538E-02 -0.2413538E-02 -0.2386961E-02 -0.2330316E-02 -0.2330316E-02 -0.2313540E-02 -0.2313540E-02 -0.2317102E-02 -0.2319217E-02 -0.2319871E-02 -0.3172194E-02 -0.3172194E-02 -0.5876628E-01 -0.1007149 -0.1388927 -0.1774202 -0.2186650 -0.2628956 -0.3095414 -0.3576560 -0.4060466 -0.4533536 -0.4978429 -0.5377439 -0.5707023 -0.5900154 -0.5900154 -0.5552620 -0.4968283 -0.3207653 -0.2121863 -0.2121863 -0.3440822E-02 -0.3440822E-02 0.1431781 0.1431781 0.1851009 0.1923917 0.1923917 0.1283110 0.1283110 0.5341440E-01 0.5341440E-01 0.5341440E-01 0.2689801E-01 0.2689801E-01 0.8439004E-02 0.8439004E-02 -0.2773031E-02 -0.2773031E-02 -0.8530162E-02 -0.8530162E-02 -0.9860153E-02 -0.9860153E-02 -0.9860153E-02
-0.6612026E-03 -0.6612026E-03 -0.9881249E-03 -0.1204552E-02 -0.1210989E-02 -0.1210989E-02 -0.1196423E-02 -0.1165461E-02 -0.1165461E-02 -0.1156191E-02 -0.1156191E-02 -0.1158245E-02 -0.1159523E-02 -0.1159933E-02 -0.1705287E-02 -0.1705287E-02 -0.5071348E-01 -0.9747104E-01 -0.1431945 -0.1877972 -0.2334971 -0.2811561 -0.3306904 -0.3815060 -0.4326706 -0.4829899 -0.5308289 -0.5743436 -0.6108871 -0.6324719 -0.6324719 -0.6040403 -0.5388497 -0.3243279 -0.2032632 -0.2032632 0.1398997E-02 0.1398997E-02 0.1334325 0.1334325 0.1741138 0.2003145 0.2003145 0.1558599 0.1558599 0.6607373E-01 0.6607373E-01 0.6607373E-01 0.2892344E-01 0.2892344E-01 0.4750058E-02 0.4750058E-02 -0.9246857E-02 -0.9246857E-02 -0.1544057E-01 -0.1544057E-01 -0.1564899E-01 -0.1564899E-01 -0.1564899E-01
0.9969016E-08 0.9969016E-08 -0.2866390E-08 0.5803811E-07 0.4250266E-08 0.4250266E-08 0.1622942E-07 0.6054511E-07 0.6054511E-07 0.9060371E-07 0.9060371E-07 -0.1421128E-07 0.8314423E-07 0.5854921E-07 -0.3484351E-03 -0.3484351E-03 -0.4631258E-01 -0.9634404E-01 -0.1494411 -0.2012209 -0.2524724 -0.3042266 -0.3568676 -0.4102310 -0.4637254 -0.5163919 -0.5667714 -0.6130223 -0.6520299 -0.6724221 -0.6724221 -0.6364728 -0.5470696 -0.2939747 -0.1759077 -0.1759077 0.2557865E-02 0.2557865E-02 0.1147381 0.1147381 0.1520700 0.1883704 0.1883704 0.1667330 0.1667330 0.7848203E-01 0.7848203E-01 0.7848203E-01 0.3286513E-01 0.3286513E-01 0.2748576E-02 0.2748576E-02 -0.1429118E-01 -0.1429118E-01 -0.2107351E-01 -0.2107351E-01 -0.2026046E-01 -0.2026046E-01 -0.2026046E-01
0.6612054E-03 0.6612054E-03 0.9881073E-03 0.1204636E-02 0.1211064E-02 0.1211064E-02 0.1196621E-02 0.1165641E-02 0.1165641E-02 0.1156214E-02 0.1156214E-02 0.1158208E-02 0.1159527E-02 0.1159969E-02 0.9375880E-03 0.9375880E-03 -0.4691649E-01 -0.9996351E-01 -0.1598122 -0.2192915 -0.2770395 -0.3336278 -0.3897139 -0.4455818 -0.5010687 -0.5555533 -0.6078395 -0.6561156 -0.6960525 -0.7071253 -0.7071253 -0.6402296 -0.5116250 -0.2482229 -0.1468910 -0.1468910 -0.1704757E-02 -0.1704757E-02 0.9205364E-01 0.9205364E-01 0.1254883 0.1653201 0.1653201 0.1615814 0.1615814 0.8695734E-01 0.8695734E-01 0.8695734E-01 0.3745237E-01 0.3745237E-01 0.2647811E-02 0.2647811E-02 -0.1721379E-01 -0.1721379E-01 -0.2465256E-01 -0.2465256E-01 -0.2304691E-01 -0.2304691E-01 -0.2304691E-01
0.1340314E-02 0.1340314E-02 0.1984362E-02 0.2400776E-02 0.2413730E-02 0.2413730E-02 0.2387133E-02 0.2330498E-02 0.2330498E-02 0.2313530E-02 0.2313530E-02 0.2317100E-02 0.2319158E-02 0.2319916E-02 0.2178119E-02 0.2178119E-02 -0.5414139E-01 -0.1114954 -0.1776841 -0.2447535 -0.3094426 -0.3713896 -0.4312003 -0.4895110 -0.5466232 -0.6023508 -0.6558656 -0.7053249 -0.7428765 -0.7246101 -0.7246101 -0.5971166 -0.4398369 -0.2057549 -0.1242254 -0.1242254 -0.8471052E-02 -0.8471052E-02 0.6935737E-01 0.6935737E-01 0.9852156E-01 0.1372844 0.1372844 0.1445552 0.1445552 0.8867414E-01 0.8867414E-01 0.8867414E-01 0.4075846E-01 0.4075846E-01 0.3995347E-02 0.3995347E-02 -0.1767167E-01 -0.1767167E-01 -0.2559640E-01 -0.2559640E-01 -0.2350937E-01 -0.2350937E-01 -0.2350937E-01
0.2055397E-02 0.2055397E-02 0.2996000E-02 0.3580559E-02 0.3599880E-02 0.3599880E-02 0.3566044E-02 0.3494038E-02 0.3494038E-02 0.3472818E-02 0.3472818E-02 0.3476932E-02 0.3479262E-02 0.3479706E-02 0.3389511E-02 0.3389511E-02 -0.7057665E-01 -0.1350021 -0.2078272 -0.2819472 -0.3532655 -0.4205149 -0.4839848 -0.5444763 -0.6026987 -0.6589432 -0.7128352 -0.7620475 -0.7876121 -0.6961160 -0.6961160 -0.5080644 -0.3601440 -0.1721008 -0.1076345 -0.1076345 -0.1417756E-01 -0.1417756E-01 0.4901335E-01 0.4901335E-01 0.7338294E-01 0.1078847 0.1078847 0.1202740 0.1202740 0.8267082E-01 0.8267082E-01 0.8267082E-01 0.4103511E-01 0.4103511E-01 0.5923434E-02 0.5923434E-02 -0.1570556E-01 -0.1570556E-01 -0.2360072E-01 -0.2360072E-01 -0.2136353E-01 -0.2136353E-01 -0.2136353E-01
