simulation_files/asc/Velocity____241.0.asc
NCOLS        79
NROWS        79
XLLCENTER         -1.500000
YLLCENTER         -4.800000
CELLSIZE           0.100
NODATA_VALUE     -9999.0
[rows 0 to 26 of 79, columns 0 to 59 of 79]
-9999.000 -9999.000 -9999.000 -9999.000 -9999.000 -9999.000 -9999.000 -9999.000 -9999.000 -9999.000 -9999.000 -9999.000 -9999.000 -9999.000 -9999.000 0.9057646E-01 0.8748333E-01 0.8626809E-01 0.8612116E-01 0.8711361E-01 0.8847238E-01 0.8977637E-01 0.9087265E-01 0.9165011E-01 0.9213628E-01 0.9239485E-01 0.9250541E-01 0.9267030E-01 0.9348144E-01 0.9447475E-01 0.9447475E-01 -9999.000 -9999.000 -9999.000 -9999.000 -9999.000 -9999.000 -9999.000 -9999.000 -9999.000 -9999.000 -9999.000 -9999.000 -9999.000 -9999.000 -9999.000 -9999.000 -9999.000 -9999.000 -9999.000 -9999.000 -9999.000 -9999.000 -9999.000 -9999.000 -9999.000 -9999.000 -9999.000 -9999.000 -9999.000
-9999.000 -9999.000 -9999.000 -9999.000 -9999.000 -9999.000 -9999.000 -9999.000 -9999.000 -9999.000 -9999.000 -9999.000 -9999.000 -9999.000 -9999.000 0.9112776E-01 0.8467353E-01 0.8221283E-01 0.8195566E-01 0.8396833E-01 0.8669689E-01 0.8934746E-01 0.9164785E-01 0.9337328E-01 0.9455878E-01 0.9531399E-01 0.9578995E-01 0.9642230E-01 0.9851341E-01 0.1012635 0.1012635 -9999.000 -9999.000 -9999.000 -9999.000 -9999.000 -9999.000 -9999.000 -9999.000 -9999.000 -9999.000 -9999.000 -9999.000 -9999.000 -9999.000 -9999.000 -9999.000 -9999.000 -9999.000 -9999.000 -9999.000 -9999.000 -9999.000 -9999.000 -9999.000 -9999.000 -9999.000 -9999.000 -9999.000 -9999.000
-9999.000 -9999.000 -9999.000 -9999.000 -9999.000 -9999.000 -9999.000 -9999.000 -9999.000 -9999.000 -9999.000 -9999.000 -9999.000 -9999.000 -9999.000 0.9070226E-01 0.8058579E-01 0.7663834E-01 0.7619372E-01 0.7932156E-01 0.8358416E-01 0.8778980E-01 0.9156057E-01 0.9456053E-01 0.9683552E-01 0.9853175E-01 0.9985164E-01 0.1014534 0.1053904 0.1107306 0.1107306 -9999.000 -9999.000 -9999.000 -9999.000 -9999.000 -9999.000 -9999.000 -9999.000 -9999.000 -9999.000 -9999.000 -9999.000 -9999.000 -9999.000 -9999.000 -9999.000 -9999.000 -9999.000 -9999.000 -9999.000 -9999.000 -9999.000 -9999.000 -9999.000 -9999.000 -9999.000 -9999.000 -9999.000 -9999.000
-9999.000 -9999.000 -9999.000 -9999.000 -9999.000 -9999.000 -9999.000 -9999.000 -9999.000 -9999.000 -9999.000 -9999.000 -9999.000 -9999.000 -9999.000 0.8976045E-01 0.7599366E-01 0.7054450E-01 0.6992672E-01 0.7419299E-01 0.7999995E-01 0.8577959E-01 0.9107122E-01 0.9543411E-01 0.9892622E-01 0.1017207 0.1040559 0.1068034 0.1127872 0.1212434 0.1212434 -9999.000 -9999.000 -9999.000 -9999.000 -9999.000 -9999.000 -9999.000 -9999.000 -9999.000 -9999.000 -9999.000 -9999.000 -9999.000 -9999.000 -9999.000 -9999.000 -9999.000 -9999.000 -9999.000 -9999.000 -9999.000 -9999.000 -9999.000 -9999.000 -9999.000 -9999.000 -9999.000 -9999.000 -9999.000
-9999.000 -9999.000 -9999.000 -9999.000 -9999.000 -9999.000 -9999.000 -9999.000 -9999.000 -9999.000 -9999.000 -9999.000 -9999.000 -9999.000 -9999.000 0.8852522E-01 0.7107981E-01 0.6412292E-01 0.6337462E-01 0.6882389E-01 0.7619023E-01 0.8355407E-01 0.9039443E-01 0.9616861E-01 0.1009479 0.1049264 0.1083709 0.1123686 0.1205530 0.1326606 0.1326606 -9999.000 -9999.000 -9999.000 -9999.000 -9999.000 -9999.000 -9999.000 -9999.000 -9999.000 -9999.000 -9999.000 -9999.000 -9999.000 -9999.000 -9999.000 -9999.000 -9999.000 -9999.000 -9999.000 -9999.000 -9999.000 -9999.000 -9999.000 -9999.000 -9999.000 -9999.000 -9999.000 -9999.000 -9999.000
-9999.000 -9999.000 -9999.000 -9999.000 -9999.000 -9999.000 -9999.000 -9999.000 -9999.000 -9999.000 -9999.000 -9999.000 -9999.000 -9999.000 -9999.000 0.8706474E-01 0.6590982E-01 0.5746288E-01 0.5666794E-01 0.6336349E-01 0.7230037E-01 0.8124727E-01 0.8964862E-01 0.9685963E-01 0.1029669 0.1081807 0.1127911 0.1181107 0.1286365 0.1450027 0.1450027 -9999.000 -9999.000 -9999.000 -9999.000 -9999.000 -9999.000 -9999.000 -9999.000 -9999.000 -9999.000 -9999.000 -9999.000 -9999.000 -9999.000 -9999.000 -9999.000 -9999.000 -9999.000 -9999.000 -9999.000 -9999.000 -9999.000 -9999.000 -9999.000 -9999.000 -9999.000 -9999.000 -9999.000 -9999.000
-9999.000 -9999.000 -9999.000 -9999.000 -9999.000 -9999.000 -9999.000 -9999.000 -9999.000 -9999.000 -9999.000 -9999.000 -9999.000 -9999.000 -9999.000 0.8537991E-01 0.6049723E-01 0.5061136E-01 0.4991077E-01 0.5792503E-01 0.6842569E-01 0.7893764E-01 0.8889817E-01 0.9755702E-01 0.1050175 0.1115010 0.1173160 0.1240157 0.1370283 0.1583817 0.1583817 -9999.000 -9999.000 -9999.000 -9999.000 -9999.000 -9999.000 -9999.000 -9999.000 -9999.000 -9999.000 -9999.000 -9999.000 -9999.000 -9999.000 -9999.000 -9999.000 -9999.000 -9999.000 -9999.000 -9999.000 -9999.000 -9999.000 -9999.000 -9999.000 -9999.000 -9999.000 -9999.000 -9999.000 -9999.000
-9999.000 -9999.000 -9999.000 -9999.000 -9999.000 -9999.000 -9999.000 -9999.000 -9999.000 -9999.000 -9999.000 -9999.000 -9999.000 -9999.000 -9999.000 0.8343821E-01 0.5483188E-01 0.4361135E-01 0.4323396E-01 0.5262849E-01 0.6464736E-01 0.7668050E-01 0.8818360E-01 0.9828977E-01 0.1071188 0.1148963 0.1219455 0.1300789 0.1457394 0.1729780 0.1729780 -9999.000 -9999.000 -9999.000 -9999.000 -9999.000 -9999.000 -9999.000 -9999.000 -9999.000 -9999.000 -9999.000 -9999.000 -9999.000 -9999.000 -9999.000 -9999.000 -9999.000 -9999.000 -9999.000 -9999.000 -9999.000 -9999.000 -9999.000 -9999.000 -9999.000 -9999.000 -9999.000 -9999.000 -9999.000
-9999.000 -9999.000 -9999.000 -9999.000 -9999.000 -9999.000 -9999.000 -9999.000 -9999.000 -9999.000 -9999.000 -9999.000 -9999.000 -9999.000 -9999.000 0.8118811E-01 0.4889350E-01 0.3653785E-01 0.3685943E-01 0.4763562E-01 0.6105454E-01 0.7452722E-01 0.8753785E-01 0.9907946E-01 0.1092840 0.1183729 0.1266798 0.1362998 0.1547910 0.1890395 0.1890395 -9999.000 -9999.000 -9999.000 -9999.000 -9999.000 -9999.000 -9999.000 -9999.000 -9999.000 -9999.000 -9999.000 -9999.000 -9999.000 -9999.000 -9999.000 -9999.000 -9999.000 -9999.000 -9999.000 -9999.000 -9999.000 -9999.000 -9999.000 -9999.000 -9999.000 -9999.000 -9999.000 -9999.000 -9999.000
-9999.000 -9999.000 -9999.000 -9999.000 -9999.000 -9999.000 -9999.000 -9999.000 -9999.000 -9999.000 -9999.000 -9999.000 -9999.000 -9999.000 -9999.000 0.7856387E-01 0.4265962E-01 0.2956305E-01 0.3120627E-01 0.4318669E-01 0.5776067E-01 0.7253704E-01 0.8699595E-01 0.9994756E-01 0.1115262 0.1219372 0.1315197 0.1426797 0.1642100 0.2068973 0.2068973 -9999.000 -9999.000 -9999.000 -9999.000 -9999.000 -9999.000 -9999.000 -9999.000 -9999.000 -9999.000 -9999.000 -9999.000 -9999.000 -9999.000 -9999.000 -9999.000 -9999.000 -9999.000 -9999.000 -9999.000 -9999.000 -9999.000 -9999.000 -9999.000 -9999.000 -9999.000 -9999.000 -9999.000 -9999.000
-9999.000 -9999.000 -9999.000 -9999.000 -9999.000 -9999.000 -9999.000 -9999.000 -9999.000 -9999.000 -9999.000 -9999.000 -9999.000 -9999.000 -9999.000 0.7548547E-01 0.3611511E-01 0.2312719E-01 0.2705313E-01 0.3963843E-01 0.5491881E-01 0.7078686E-01 0.8660322E-01 0.1009226 0.1138633 0.1255988 0.1364675 0.1492212 0.1740285 0.2269951 0.2269951 -9999.000 -9999.000 -9999.000 -9999.000 -9999.000 -9999.000 -9999.000 -9999.000 -9999.000 -9999.000 -9999.000 -9999.000 -9999.000 -9999.000 -9999.000 -9999.000 -9999.000 -9999.000 -9999.000 -9999.000 -9999.000 -9999.000 -9999.000 -9999.000 -9999.000 -9999.000 -9999.000 -9999.000 -9999.000
-9999.000 -9999.000 -9999.000 -9999.000 -9999.000 -9999.000 -9999.000 -9999.000 -9999.000 -9999.000 -9999.000 -9999.000 -9999.000 -9999.000 -9999.000 0.7185619E-01 0.2927731E-01 0.1837806E-01 0.2557076E-01 0.3747644E-01 0.5273644E-01 0.6938326E-01 0.8642419E-01 0.1020464 0.1163234 0.1293753 0.1415315 0.1559304 0.1842847 0.2499363 0.2499363 -9999.000 -9999.000 -9999.000 -9999.000 -9999.000 -9999.000 -9999.000 -9999.000 -9999.000 -9999.000 -9999.000 -9999.000 -9999.000 -9999.000 -9999.000 -9999.000 -9999.000 -9999.000 -9999.000 -9999.000 -9999.000 -9999.000 -9999.000 -9999.000 -9999.000 -9999.000 -9999.000 -9999.000 -9999.000
-9999.000 -9999.000 -9999.000 -9999.000 -9999.000 -9999.000 -9999.000 -9999.000 -9999.000 -9999.000 -9999.000 -9999.000 -9999.000 -9999.000 -9999.000 0.6753930E-01 0.2228478E-01 0.1766213E-01 0.2781183E-01 0.3734684E-01 0.5156571E-01 0.6853569E-01 0.8659703E-01 0.1034163 0.1189763 0.1333152 0.1467421 0.1628285 0.1950284 0.2765677 0.2765677 -9999.000 -9999.000 -9999.000 -9999.000 -9999.000 -9999.000 -9999.000 -9999.000 -9999.000 -9999.000 -9999.000 -9999.000 -9999.000 -9999.000 -9999.000 -9999.000 -9999.000 -9999.000 -9999.000 -9999.000 -9999.000 -9999.000 -9999.000 -9999.000 -9999.000 -9999.000 -9999.000 -9999.000 -9999.000
-9999.000 -9999.000 -9999.000 -9999.000 -9999.000 -9999.000 -9999.000 -9999.000 -9999.000 -9999.000 -9999.000 -9999.000 -9999.000 -9999.000 -9999.000 0.6154479E-01 0.1710533E-01 0.2612143E-01 0.3754244E-01 0.4342619E-01 0.5484077E-01 0.7076474E-01 0.8893217E-01 0.1063429 0.1227704 0.1380963 0.1525728 0.1702381 0.2065019 0.3082411 0.3082411 -9999.000 -9999.000 -9999.000 -9999.000 -9999.000 -9999.000 -9999.000 -9999.000 -9999.000 -9999.000 -9999.000 -9999.000 -9999.000 -9999.000 -9999.000 -9999.000 -9999.000 -9999.000 -9999.000 -9999.000 -9999.000 -9999.000 -9999.000 -9999.000 -9999.000 -9999.000 -9999.000 -9999.000 -9999.000
-9999.000 -9999.000 -9999.000 -9999.000 -9999.000 -9999.000 -9999.000 -9999.000 -9999.000 -9999.000 -9999.000 -9999.000 -9999.000 -9999.000 -9999.000 0.9684512E-01 0.1488661 0.1742771 0.1656968 0.1422179 0.1281532 0.1209655 0.1214442 0.1271640 0.1365132 0.1478925 0.1604678 0.1781102 0.2180280 0.3442420 0.3442420 -9999.000 -9999.000 -9999.000 -9999.000 -9999.000 -9999.000 -9999.000 -9999.000 -9999.000 -9999.000 -9999.000 -9999.000 -9999.000 -9999.000 -9999.000 -9999.000 -9999.000 -9999.000 -9999.000 -9999.000 -9999.000 -9999.000 -9999.000 -9999.000 -9999.000 -9999.000 -9999.000 -9999.000 -9999.000
2.861574 2.861574 2.868804 2.878620 2.897391 2.897391 2.899857 2.899526 2.899526 2.895753 2.895753 2.889487 2.885656 2.881466 2.877317 2.877317 3.029415 3.033841 3.035011 3.027812 2.993186 2.935798 2.855629 2.750651 2.624242 2.478661 2.316973 2.148202 1.997446 1.939863 1.939863 2.760596 2.935140 3.039314 3.065969 3.065969 3.102772 3.102772 3.091257 3.091257 3.050442 2.877295 2.877295 2.547146 2.547146 2.160576 2.160576 2.160576 2.135216 2.135216 2.163210 2.163210 2.210430 2.210430 2.260741 2.260741 2.306341 2.306341 2.306341 2.342955
2.884190 2.884190 2.899729 2.932848 2.958889 2.958889 2.973397 2.996044 2.996044 3.014787 3.014787 3.030843 3.038102 3.044954 3.051774 3.051774 3.164619 3.184102 3.199893 3.212622 3.218537 3.217875 3.208872 3.188245 3.153926 3.103722 3.035863 2.950903 2.855015 2.775856 2.775856 3.210116 3.363263 3.514838 3.556973 3.556973 3.606320 3.606320 3.610933 3.610933 3.591929 3.495083 3.495083 3.303702 3.303702 2.998142 2.998142 2.998142 2.969409 2.969409 2.999546 2.999546 3.049620 3.049620 3.102473 3.102473 3.151060 3.151060 3.151060 3.192115
2.889330 2.889330 2.900973 2.934574 2.958508 2.958508 2.973751 2.997302 2.997302 3.016682 3.016682 3.033444 3.041100 3.048370 3.055680 3.055680 3.156194 3.188432 3.216195 3.240261 3.259253 3.273520 3.283008 3.286660 3.283503 3.272105 3.250661 3.218162 3.176859 3.142712 3.142712 3.383143 3.529792 3.702550 3.754046 3.754046 3.808380 3.808380 3.800566 3.800566 3.773050 3.676997 3.676997 3.538367 3.538367 3.290586 3.290586 3.290586 3.246108 3.246108 3.263175 3.263175 3.304440 3.304440 3.351154 3.351154 3.395241 3.395241 3.395241 3.432995
2.892972 2.892972 2.900762 2.934809 2.957393 2.957393 2.973168 2.997262 2.997262 3.016696 3.016696 3.033451 3.041110 3.048389 3.055783 3.055783 3.148438 3.191194 3.230031 3.264334 3.293015 3.316061 3.333727 3.345961 3.352792 3.354058 3.349249 3.338014 3.321723 3.310239 3.310239 3.456794 3.585627 3.762401 3.817603 3.817603 3.865511 3.865511 3.832859 3.832859 3.793924 3.704254 3.704254 3.614955 3.614955 3.430814 3.430814 3.430814 3.374680 3.374680 3.376695 3.376695 3.408410 3.408410 3.449754 3.449754 3.490506 3.490506 3.490506 3.525803
2.895178 2.895178 2.899415 2.935045 2.956715 2.956715 2.972797 2.997258 2.997258 3.016708 3.016708 3.033440 3.041093 3.048368 3.055879 3.055879 3.145420 3.197042 3.245789 3.289618 3.327287 3.358447 3.383213 3.401743 3.414333 3.421315 3.422941 3.419582 3.412676 3.409045 3.409045 3.501306 3.607910 3.773274 3.822528 3.822528 3.840707 3.840707 3.774726 3.774726 3.732221 3.670191 3.670191 3.631697 3.631697 3.515296 3.515296 3.515296 3.456543 3.456543 3.443606 3.443606 3.463163 3.463163 3.497137 3.497137 3.533355 3.533355 3.533355 3.565367
2.895950 2.895950 2.901650 2.934861 2.956065 2.956065 2.972428 2.997249 2.997249 3.016741 3.016741 3.033481 3.041151 3.048451 3.056165 3.056165 3.148371 3.208001 3.265571 3.317995 3.363816 3.402486 3.433964 3.458401 3.476106 3.487501 3.493061 3.493436 3.490045 3.487830 3.487830 3.544471 3.626428 3.761592 3.789486 3.789486 3.750350 3.750350 3.663045 3.663045 3.633822 3.617599 3.617599 3.624203 3.624203 3.570407 3.570407 3.570407 3.519562 3.519562 3.496019 3.496019 3.502349 3.502349 3.526568 3.526568 3.556175 3.556175 3.556175 3.583313
2.893211 2.893211 2.906507 2.935204 2.956193 2.956193 2.972736 2.997789 2.997789 3.017289 3.017289 3.033986 3.041634 3.048908 3.056840 3.056840 3.158100 3.225455 3.290882 3.350799 3.403677 3.448918 3.486416 3.516294 3.538824 3.554389 3.563466 3.566704 3.565308 3.562719 3.562719 3.594840 3.650858 3.728198 3.712023 3.712023 3.604740 3.604740 3.536213 3.536213 3.534297 3.566102 3.566102 3.606683 3.606683 3.604503 3.604503 3.604503 3.569650 3.569650 3.542614 3.542614 3.537349 3.537349 3.550341 3.550341 3.571239 3.571239 3.571239 3.591666
2.892995 2.892995 2.907685 2.935115 2.956051 2.956051 2.972660 2.997796 2.997796 3.017303 3.017303 3.033995 3.041642 3.048916 3.057193 3.057193 3.175168 3.250604 3.323257 3.389648 3.448419 3.499094 3.541626 3.576161 3.602957 3.622349 3.634753 3.640718 3.641135 3.638004 3.638004 3.652308 3.679510 3.653106 3.571456 3.571456 3.430951 3.430951 3.423074 3.423074 3.450311 3.519490 3.519490 3.583317 3.583317 3.621173 3.621173 3.621173 3.606292 3.606292 3.583064 3.583064 3.570228 3.570228 3.572063 3.572063 3.582696 3.582696 3.582696 3.594665
2.893211 2.893211 2.906507 2.935204 2.956192 2.956192 2.972736 2.997789 2.997789 3.017288 3.017288 3.033986 3.041633 3.048908 3.057664 3.057664 3.201440 3.285603 3.364948 3.436728 3.500063 3.554796 3.601065 3.639124 3.669271 3.691825 3.707139 3.715635 3.717817 3.713827 3.713827 3.711862 3.698992 3.503920 3.365550 3.365550 3.270872 3.270872 3.337207 3.337207 3.385107 3.477725 3.477725 3.556812 3.556812 3.624527 3.624527 3.624527 3.629695 3.629695 3.615636 3.615636 3.600150 3.600150 3.592436 3.592436 3.592073 3.592073 3.592073 3.594153
2.895950 2.895950 2.901651 2.934862 2.956066 2.956066 2.972429 2.997250 2.997250 3.016742 3.016742 3.033481 3.041151 3.048451 3.057894 3.057894 3.238922 3.332596 3.418106 3.494098 3.560521 3.617737 3.666209 3.706385 3.738665 3.763396 3.780897 3.791458 3.794965 3.787799 3.787799 3.760581 3.674352 3.270364 3.135458 3.135458 3.153685 3.153685 3.272828 3.272828 3.331800 3.437770 3.437770 3.527170 3.527170 3.616780 3.616780 3.616780 3.639634 3.639634 3.637358 3.637358 3.623480 3.623480 3.608949 3.608949 3.597940 3.597940 3.597940 3.589363
2.895178 2.895178 2.899415 2.935046 2.956715 2.956715 2.972797 2.997258 2.997258 3.016709 3.016709 3.033440 3.041093 3.048369 3.058681 3.058681 3.291708 3.395310 3.486009 3.564578 3.632191 3.689939 3.738733 3.779291 3.812162 3.837762 3.856404 3.868208 3.871480 3.851537 3.851537 3.762584 3.540682 3.001981 2.948760 2.948760 3.074816 3.074816 3.218295 3.218295 3.282447 3.396249 3.396249 3.492947 3.492947 3.598293 3.598293 3.598293 3.635372 3.635372 3.644971 3.644971 3.635605 3.635605 3.617219 3.617219 3.596847 3.596847 3.596847 3.577688
2.892971 2.892971 2.900762 2.934810 2.957393 2.957393 2.973168 2.997263 2.997263 3.016696 3.016696 3.033451 3.041110 3.048388 3.059937 3.059937 3.365577 3.478704 3.572796 3.651608 3.717933 3.773790 3.820632 3.859492 3.891101 3.915954 3.934382 3.946051 3.943511 3.873317 3.873317 3.633457 3.248061 2.789822 2.830805 2.830805 3.008442 3.008442 3.160893 3.160893 3.227682 3.346848 3.346848 3.448956 3.448956 3.565428 3.565428 3.565428 3.613176 3.613176 3.633021 3.633021 3.629244 3.629244 3.609409 3.609409 3.581556 3.581556 3.581556 3.552816
