simulation_files/asc/Velocity__y_55.0.asc
NCOLS        79
NROWS        79
XLLCENTER         -1.500000
YLLCENTER         -4.800000
CELLSIZE           0.100
NODATA_VALUE     -9999.0
[rows 0 to 25 of 79, columns 0 to 58 of 79]
-9999.000 -9999.000 -9999.000 -9999.000 -9999.000 -9999.000 -9999.000 -9999.000 -9999.000 -9999.000 -9999.000 -9999.000 -9999.000 -9999.000 -9999.000 -0.2573171 -0.2562422 -0.2564460 -0.2567833 -0.2571642 -0.2575867 -0.2580600 -0.2585953 -0.2592048 -0.2599037 -0.2607150 -0.2616758 -0.2628424 -0.2641654 -0.2609998 -0.2609998 -9999.000 -9999.000 -9999.000 -9999.000 -9999.000 -9999.000 -9999.000 -9999.000 -9999.000 -9999.000 -9999.000 -9999.000 -9999.000 -9999.000 -9999.000 -9999.000 -9999.000 -9999.000 -9999.000 -9999.000 -9999.000 -9999.000 -9999.000 -9999.000 -9999.000 -9999.000 -9999.000 -9999.000
-9999.000 -9999.000 -9999.000 -9999.000 -9999.000 -9999.000 -9999.000 -9999.000 -9999.000 -9999.000 -9999.000 -9999.000 -9999.000 -9999.000 -9999.000 -0.2534073 -0.2508637 -0.2512101 -0.2518201 -0.2525017 -0.2532513 -0.2540933 -0.2550581 -0.2561803 -0.2575019 -0.2590791 -0.2609924 -0.2633508 -0.2660256 -0.2599646 -0.2599646 -9999.000 -9999.000 -9999.000 -9999.000 -9999.000 -9999.000 -9999.000 -9999.000 -9999.000 -9999.000 -9999.000 -9999.000 -9999.000 -9999.000 -9999.000 -9999.000 -9999.000 -9999.000 -9999.000 -9999.000 -9999.000 -9999.000 -9999.000 -9999.000 -9999.000 -9999.000 -9999.000 -9999.000
-9999.000 -9999.000 -9999.000 -9999.000 -9999.000 -9999.000 -9999.000 -9999.000 -9999.000 -9999.000 -9999.000 -9999.000 -9999.000 -9999.000 -9999.000 -0.2477151 -0.2434167 -0.2439649 -0.2450032 -0.2462025 -0.2475484 -0.2490805 -0.2508514 -0.2529214 -0.2553599 -0.2582523 -0.2617074 -0.2658546 -0.2703864 -0.2613090 -0.2613090 -9999.000 -9999.000 -9999.000 -9999.000 -9999.000 -9999.000 -9999.000 -9999.000 -9999.000 -9999.000 -9999.000 -9999.000 -9999.000 -9999.000 -9999.000 -9999.000 -9999.000 -9999.000 -9999.000 -9999.000 -9999.000 -9999.000 -9999.000 -9999.000 -9999.000 -9999.000 -9999.000 -9999.000
-9999.000 -9999.000 -9999.000 -9999.000 -9999.000 -9999.000 -9999.000 -9999.000 -9999.000 -9999.000 -9999.000 -9999.000 -9999.000 -9999.000 -9999.000 -0.2408372 -0.2347223 -0.2355387 -0.2371184 -0.2389842 -0.2411117 -0.2435555 -0.2463911 -0.2497031 -0.2535859 -0.2581496 -0.2635267 -0.2698624 -0.2766562 -0.2649789 -0.2649789 -9999.000 -9999.000 -9999.000 -9999.000 -9999.000 -9999.000 -9999.000 -9999.000 -9999.000 -9999.000 -9999.000 -9999.000 -9999.000 -9999.000 -9999.000 -9999.000 -9999.000 -9999.000 -9999.000 -9999.000 -9999.000 -9999.000 -9999.000 -9999.000 -9999.000 -9999.000 -9999.000 -9999.000
-9999.000 -9999.000 -9999.000 -9999.000 -9999.000 -9999.000 -9999.000 -9999.000 -9999.000 -9999.000 -9999.000 -9999.000 -9999.000 -9999.000 -9999.000 -0.2328128 -0.2248875 -0.2260361 -0.2282577 -0.2309183 -0.2339852 -0.2375306 -0.2416546 -0.2464680 -0.2520925 -0.2586646 -0.2663435 -0.2752948 -0.2848138 -0.2710361 -0.2710361 -9999.000 -9999.000 -9999.000 -9999.000 -9999.000 -9999.000 -9999.000 -9999.000 -9999.000 -9999.000 -9999.000 -9999.000 -9999.000 -9999.000 -9999.000 -9999.000 -9999.000 -9999.000 -9999.000 -9999.000 -9999.000 -9999.000 -9999.000 -9999.000 -9999.000 -9999.000 -9999.000 -9999.000
-9999.000 -9999.000 -9999.000 -9999.000 -9999.000 -9999.000 -9999.000 -9999.000 -9999.000 -9999.000 -9999.000 -9999.000 -9999.000 -9999.000 -9999.000 -0.2236116 -0.2139706 -0.2155149 -0.2184643 -0.2220284 -0.2261689 -0.2309806 -0.2365926 -0.2431472 -0.2507988 -0.2597185 -0.2701013 -0.2821448 -0.2949401 -0.2796782 -0.2796782 -9999.000 -9999.000 -9999.000 -9999.000 -9999.000 -9999.000 -9999.000 -9999.000 -9999.000 -9999.000 -9999.000 -9999.000 -9999.000 -9999.000 -9999.000 -9999.000 -9999.000 -9999.000 -9999.000 -9999.000 -9999.000 -9999.000 -9999.000 -9999.000 -9999.000 -9999.000 -9999.000 -9999.000
-9999.000 -9999.000 -9999.000 -9999.000 -9999.000 -9999.000 -9999.000 -9999.000 -9999.000 -9999.000 -9999.000 -9999.000 -9999.000 -9999.000 -9999.000 -0.2131398 -0.2019897 -0.2039957 -0.2077454 -0.2123028 -0.2176305 -0.2238523 -0.2311341 -0.2396581 -0.2496221 -0.2612448 -0.2747740 -0.2904605 -0.3072083 -0.2912432 -0.2912432 -9999.000 -9999.000 -9999.000 -9999.000 -9999.000 -9999.000 -9999.000 -9999.000 -9999.000 -9999.000 -9999.000 -9999.000 -9999.000 -9999.000 -9999.000 -9999.000 -9999.000 -9999.000 -9999.000 -9999.000 -9999.000 -9999.000 -9999.000 -9999.000 -9999.000 -9999.000 -9999.000 -9999.000
-9999.000 -9999.000 -9999.000 -9999.000 -9999.000 -9999.000 -9999.000 -9999.000 -9999.000 -9999.000 -9999.000 -9999.000 -9999.000 -9999.000 -9999.000 -0.2012447 -0.1889277 -0.1914682 -0.1960780 -0.2017001 -0.2083087 -0.2160657 -0.2251843 -0.2358994 -0.2484674 -0.2631755 -0.2803515 -0.3003355 -0.3218861 -0.3062396 -0.3062396 -9999.000 -9999.000 -9999.000 -9999.000 -9999.000 -9999.000 -9999.000 -9999.000 -9999.000 -9999.000 -9999.000 -9999.000 -9999.000 -9999.000 -9999.000 -9999.000 -9999.000 -9999.000 -9999.000 -9999.000 -9999.000 -9999.000 -9999.000 -9999.000 -9999.000 -9999.000 -9999.000 -9999.000
-9999.000 -9999.000 -9999.000 -9999.000 -9999.000 -9999.000 -9999.000 -9999.000 -9999.000 -9999.000 -9999.000 -9999.000 -9999.000 -9999.000 -9999.000 -0.1877198 -0.1747340 -0.1778924 -0.1834100 -0.1901497 -0.1981122 -0.2075103 -0.2186181 -0.2317402 -0.2472143 -0.2654261 -0.2868254 -0.3119004 -0.3393482 -0.3254090 -0.3254090 -9999.000 -9999.000 -9999.000 -9999.000 -9999.000 -9999.000 -9999.000 -9999.000 -9999.000 -9999.000 -9999.000 -9999.000 -9999.000 -9999.000 -9999.000 -9999.000 -9999.000 -9999.000 -9999.000 -9999.000 -9999.000 -9999.000 -9999.000 -9999.000 -9999.000 -9999.000 -9999.000 -9999.000
-9999.000 -9999.000 -9999.000 -9999.000 -9999.000 -9999.000 -9999.000 -9999.000 -9999.000 -9999.000 -9999.000 -9999.000 -9999.000 -9999.000 -9999.000 -0.1723087 -0.1593227 -0.1631959 -0.1696564 -0.1775466 -0.1869135 -0.1980368 -0.2112687 -0.2270058 -0.2456982 -0.2678741 -0.2941690 -0.3253148 -0.3601004 -0.3498471 -0.3498471 -9999.000 -9999.000 -9999.000 -9999.000 -9999.000 -9999.000 -9999.000 -9999.000 -9999.000 -9999.000 -9999.000 -9999.000 -9999.000 -9999.000 -9999.000 -9999.000 -9999.000 -9999.000 -9999.000 -9999.000 -9999.000 -9999.000 -9999.000 -9999.000 -9999.000 -9999.000 -9999.000 -9999.000
-9999.000 -9999.000 -9999.000 -9999.000 -9999.000 -9999.000 -9999.000 -9999.000 -9999.000 -9999.000 -9999.000 -9999.000 -9999.000 -9999.000 -9999.000 -0.1547116 -0.1425691 -0.1472675 -0.1546915 -0.1637420 -0.1745372 -0.1874418 -0.2029082 -0.2214534 -0.2436811 -0.2703246 -0.3023027 -0.3407456 -0.3848138 -0.3812279 -0.3812279 -9999.000 -9999.000 -9999.000 -9999.000 -9999.000 -9999.000 -9999.000 -9999.000 -9999.000 -9999.000 -9999.000 -9999.000 -9999.000 -9999.000 -9999.000 -9999.000 -9999.000 -9999.000 -9999.000 -9999.000 -9999.000 -9999.000 -9999.000 -9999.000 -9999.000 -9999.000 -9999.000 -9999.000
-9999.000 -9999.000 -9999.000 -9999.000 -9999.000 -9999.000 -9999.000 -9999.000 -9999.000 -9999.000 -9999.000 -9999.000 -9999.000 -9999.000 -9999.000 -0.1345940 -0.1243029 -0.1299463 -0.1383360 -0.1485279 -0.1607401 -0.1754444 -0.1932180 -0.2147336 -0.2408025 -0.2724514 -0.3110281 -0.3583177 -0.4143624 -0.4222501 -0.4222501 -9999.000 -9999.000 -9999.000 -9999.000 -9999.000 -9999.000 -9999.000 -9999.000 -9999.000 -9999.000 -9999.000 -9999.000 -9999.000 -9999.000 -9999.000 -9999.000 -9999.000 -9999.000 -9999.000 -9999.000 -9999.000 -9999.000 -9999.000 -9999.000 -9999.000 -9999.000 -9999.000 -9999.000
-9999.000 -9999.000 -9999.000 -9999.000 -9999.000 -9999.000 -9999.000 -9999.000 -9999.000 -9999.000 -9999.000 -9999.000 -9999.000 -9999.000 -9999.000 -0.1115938 -0.1042967 -0.1110040 -0.1203357 -0.1316121 -0.1451825 -0.1616486 -0.1817405 -0.2063266 -0.2364942 -0.2736825 -0.3198884 -0.3779762 -0.4498260 -0.4776119 -0.4776119 -9999.000 -9999.000 -9999.000 -9999.000 -9999.000 -9999.000 -9999.000 -9999.000 -9999.000 -9999.000 -9999.000 -9999.000 -9999.000 -9999.000 -9999.000 -9999.000 -9999.000 -9999.000 -9999.000 -9999.000 -9999.000 -9999.000 -9999.000 -9999.000 -9999.000 -9999.000 -9999.000 -9999.000
-9999.000 -9999.000 -9999.000 -9999.000 -9999.000 -9999.000 -9999.000 -9999.000 -9999.000 -9999.000 -9999.000 -9999.000 -9999.000 -9999.000 -9999.000 -0.8525075E-01 -0.8220740E-01 -0.9009292E-01 -0.1003190 -0.1125806 -0.1273881 -0.1454950 -0.1678102 -0.1954402 -0.2298255 -0.2729715 -0.3278406 -0.3990811 -0.4922595 -0.5564858 -0.5564858 -9999.000 -9999.000 -9999.000 -9999.000 -9999.000 -9999.000 -9999.000 -9999.000 -9999.000 -9999.000 -9999.000 -9999.000 -9999.000 -9999.000 -9999.000 -9999.000 -9999.000 -9999.000 -9999.000 -9999.000 -9999.000 -9999.000 -9999.000 -9999.000 -9999.000 -9999.000 -9999.000 -9999.000
-9999.000 -9999.000 -9999.000 -9999.000 -9999.000 -9999.000 -9999.000 -9999.000 -9999.000 -9999.000 -9999.000 -9999.000 -9999.000 -9999.000 -9999.000 -0.4979059E-01 -0.5579837E-01 -0.6610893E-01 -0.7788683E-01 -0.9143766E-01 -0.1075349 -0.1271504 -0.1514277 -0.1817749 -0.2200862 -0.2691289 -0.3332692 -0.4200539 -0.5422295 -0.6797569 -0.6797569 -9999.000 -9999.000 -9999.000 -9999.000 -9999.000 -9999.000 -9999.000 -9999.000 -9999.000 -9999.000 -9999.000 -9999.000 -9999.000 -9999.000 -9999.000 -9999.000 -9999.000 -9999.000 -9999.000 -9999.000 -9999.000 -9999.000 -9999.000 -9999.000 -9999.000 -9999.000 -9999.000 -9999.000
-0.2445075E-02 -0.2445075E-02 -0.3411219E-02 -0.4004999E-02 -0.4068753E-02 -0.4068753E-02 -0.4089913E-02 -0.9040793E-02 -0.9040793E-02 -0.6830188E-02 -0.6830188E-02 -0.8653322E-02 -0.1119545E-01 -0.1597393E-01 -0.2514790E-01 -0.2514790E-01 -0.6357886E-01 -0.8015625E-01 -0.9606449E-01 -0.1118776 -0.1283458 -0.1465400 -0.1679275 -0.1944622 -0.2287384 -0.2742951 -0.3363010 -0.4233133 -0.5505803 -0.7794035 -0.7794035 -0.5496989 -0.3753701 -0.1176337 -0.4292193E-01 -0.4292193E-01 0.2688435E-01 0.2688435E-01 0.4016357E-01 0.4016357E-01 0.1153975E-01 -0.7276735E-02 -0.7276735E-02 0.5561003E-02 0.5561003E-02 0.1060806E-01 0.1060806E-01 0.1060806E-01 0.8545379E-02 0.8545379E-02 0.6399043E-02 0.6399043E-02 0.5963235E-02 0.5963235E-02 0.3715212E-02 0.3715212E-02 0.2364048E-02 0.2364048E-02 0.2364048E-02
-0.3679992E-02 -0.3679992E-02 -0.5002667E-02 -0.5735050E-02 -0.5789877E-02 -0.5789877E-02 -0.5796471E-02 -0.1363804E-01 -0.1363804E-01 -0.1136074E-01 -0.1136074E-01 -0.1620667E-01 -0.2177993E-01 -0.3121869E-01 -0.4730262E-01 -0.4730262E-01 -0.1018692 -0.1265706 -0.1499718 -0.1719068 -0.1923870 -0.2118478 -0.2313136 -0.2525136 -0.2779611 -0.3110194 -0.3560028 -0.4183692 -0.5037249 -0.6209090 -0.6209090 -0.4349799 -0.2915855 -0.8968077E-01 -0.2302114E-01 -0.2302114E-01 0.6220302E-01 0.6220302E-01 0.9902105E-01 0.9902105E-01 0.6469958E-01 -0.8983244E-03 -0.8983244E-03 0.1535611E-01 0.1535611E-01 0.2300637E-01 0.2300637E-01 0.2300637E-01 0.1834591E-01 0.1834591E-01 0.1386943E-01 0.1386943E-01 0.9311826E-02 0.9311826E-02 0.7679515E-02 0.7679515E-02 0.5400768E-02 0.5400768E-02 0.5400768E-02
-0.2907149E-02 -0.2907149E-02 -0.4113074E-02 -0.4878466E-02 -0.4937864E-02 -0.4937864E-02 -0.4937437E-02 -0.1232775E-01 -0.1232775E-01 -0.1304503E-01 -0.1304503E-01 -0.2111770E-01 -0.2922667E-01 -0.4168412E-01 -0.6035089E-01 -0.6035089E-01 -0.1178871 -0.1482910 -0.1787820 -0.2085755 -0.2370241 -0.2637773 -0.2889310 -0.3131633 -0.3378514 -0.3651492 -0.3979733 -0.4397527 -0.4928406 -0.5547585 -0.5547585 -0.4425648 -0.3359517 -0.1572550 -0.8210477E-01 -0.8210477E-01 0.5018427E-01 0.5018427E-01 0.1456361 0.1456361 0.1475458 0.4621578E-01 0.4621578E-01 0.3163913E-01 0.3163913E-01 0.3180689E-01 0.3180689E-01 0.3180689E-01 0.2699236E-01 0.2699236E-01 0.2056893E-01 0.2056893E-01 0.1138226E-01 0.1138226E-01 0.9910354E-02 0.9910354E-02 0.7068421E-02 0.7068421E-02 0.7068421E-02
-0.2217095E-02 -0.2217095E-02 -0.3237032E-02 -0.3947030E-02 -0.4001004E-02 -0.4001004E-02 -0.3992332E-02 -0.1109548E-01 -0.1109548E-01 -0.1386516E-01 -0.1386516E-01 -0.2417272E-01 -0.3376726E-01 -0.4776577E-01 -0.6750726E-01 -0.6750726E-01 -0.1263581 -0.1600366 -0.1950276 -0.2303181 -0.2650038 -0.2983561 -0.3299152 -0.3595928 -0.3877652 -0.4153272 -0.4436361 -0.4741840 -0.5073143 -0.5384713 -0.5384713 -0.4645838 -0.3814729 -0.2170700 -0.1346158 -0.1346158 0.3020016E-01 0.3020016E-01 0.1632292 0.1632292 0.1940544 0.1218776 0.1218776 0.5925843E-01 0.5925843E-01 0.3810982E-01 0.3810982E-01 0.3810982E-01 0.3174219E-01 0.3174219E-01 0.2342213E-01 0.2342213E-01 0.1280744E-01 0.1280744E-01 0.8570533E-02 0.8570533E-02 0.5122710E-02 0.5122710E-02 0.5122710E-02
-0.1599644E-02 -0.1599644E-02 -0.2393499E-02 -0.2986392E-02 -0.3032209E-02 -0.3032209E-02 -0.3022019E-02 -0.1000017E-01 -0.1000017E-01 -0.1409362E-01 -0.1409362E-01 -0.2586513E-01 -0.3630682E-01 -0.5111392E-01 -0.7143333E-01 -0.7143333E-01 -0.1322103 -0.1684805 -0.2067746 -0.2459590 -0.2850638 -0.3232594 -0.3598721 -0.3944269 -0.4266950 -0.4567088 -0.4846507 -0.5104619 -0.5329995 -0.5474073 -0.5474073 -0.4938436 -0.4238316 -0.2611341 -0.1693901 -0.1693901 0.1633393E-01 0.1633393E-01 0.1618220 0.1618220 0.2055151 0.1859519 0.1859519 0.1010957 0.1010957 0.4840612E-01 0.4840612E-01 0.4840612E-01 0.3469394E-01 0.3469394E-01 0.2321150E-01 0.2321150E-01 0.1123073E-01 0.1123073E-01 0.4686434E-02 0.4686434E-02 0.7971387E-03 0.7971387E-03 0.7971387E-03
-0.1036361E-02 -0.1036361E-02 -0.1578276E-02 -0.2003447E-02 -0.2037263E-02 -0.2037263E-02 -0.2030372E-02 -0.8856702E-02 -0.8856702E-02 -0.1374869E-01 -0.1374869E-01 -0.2631504E-01 -0.3711997E-01 -0.5223593E-01 -0.7286654E-01 -0.7286654E-01 -0.1368743 -0.1759895 -0.2174710 -0.2600232 -0.3026266 -0.3444474 -0.3847864 -0.4230548 -0.4587609 -0.4914700 -0.5205970 -0.5448394 -0.5618703 -0.5665581 -0.5665581 -0.5227311 -0.4570329 -0.2826290 -0.1813211 -0.1813211 0.1021392E-01 0.1021392E-01 0.1497273 0.1497273 0.1954639 0.2156318 0.2156318 0.1462344 0.1462344 0.6328932E-01 0.6328932E-01 0.6328932E-01 0.3828540E-01 0.3828540E-01 0.2166261E-01 0.2166261E-01 0.7738286E-02 0.7738286E-02 -0.6448834E-03 -0.6448834E-03 -0.4812977E-02 -0.4812977E-02 -0.4812977E-02
-0.5091524E-03 -0.5091524E-03 -0.7837625E-03 -0.1005486E-02 -0.1023584E-02 -0.1023584E-02 -0.1022817E-02 -0.7546552E-02 -0.7546552E-02 -0.1285440E-01 -0.1285440E-01 -0.2563637E-01 -0.3640144E-01 -0.5140234E-01 -0.7207520E-01 -0.7207520E-01 -0.1409469 -0.1835759 -0.2286800 -0.2747491 -0.3206727 -0.3656064 -0.4088834 -0.4499429 -0.4882582 -0.5232293 -0.5538005 -0.5774015 -0.5905674 -0.5879099 -0.5879099 -0.5441712 -0.4738321 -0.2786071 -0.1729810 -0.1729810 0.7394807E-02 0.7394807E-02 0.1314537 0.1314537 0.1744011 0.2145921 0.2145921 0.1777950 0.1777950 0.8213666E-01 0.8213666E-01 0.8213666E-01 0.4432239E-01 0.4432239E-01 0.2051627E-01 0.2051627E-01 0.3574491E-02 0.3574491E-02 -0.6491975E-02 -0.6491975E-02 -0.1082770E-01 -0.1082770E-01 -0.1082770E-01
0.9413241E-07 0.9413241E-07 0.8535610E-07 0.7601169E-07 -0.1059679E-06 -0.1059679E-06 -0.6826731E-05 -0.5996956E-02 -0.5996956E-02 -0.1145162E-01 -0.1145162E-01 -0.2396086E-01 -0.3434139E-01 -0.4883351E-01 -0.6920613E-01 -0.6920613E-01 -0.1450004 -0.1920178 -0.2414289 -0.2915002 -0.3409989 -0.3890317 -0.4349542 -0.4782833 -0.5185820 -0.5552906 -0.5870311 -0.6093379 -0.6173038 -0.6050032 -0.6050032 -0.5519038 -0.4676633 -0.2540163 -0.1535755 -0.1535755 0.3811172E-02 0.3811172E-02 0.1101305 0.1101305 0.1486964 0.1956217 0.1956217 0.1874245 0.1874245 0.1004606 0.1004606 0.1004606 0.5267748E-01 0.5267748E-01 0.2095629E-01 0.2095629E-01 -0.1245376E-04 -0.1245376E-04 -0.1192373E-01 -0.1192373E-01 -0.1640140E-01 -0.1640140E-01 -0.1640140E-01
0.5093458E-03 0.5093458E-03 0.7839339E-03 0.1005555E-02 0.1023283E-02 0.1023283E-02 0.1009465E-02 -0.4156992E-02 -0.4156992E-02 -0.9593402E-02 -0.9593402E-02 -0.2143170E-01 -0.3113753E-01 -0.4476015E-01 -0.6442397E-01 -0.6442397E-01 -0.1498879 -0.2022922 -0.2567937 -0.3114941 -0.3650347 -0.4164306 -0.4650223 -0.5104058 -0.5522984 -0.5903131 -0.6227245 -0.6414482 -0.6397536 -0.6121584 -0.6121584 -0.5393655 -0.4364279 -0.2202350 -0.1325604 -0.1325604 -0.1297012E-02 -0.1297012E-02 0.8838776E-01 0.8838776E-01 0.1221240 0.1686098 0.1686098 0.1779418 0.1779418 0.1124377 0.1124377 0.1124377 0.6116274E-01 0.6116274E-01 0.2310057E-01 0.2310057E-01 -0.2100025E-02 -0.2100025E-02 -0.1600528E-01 -0.1600528E-01 -0.2066313E-01 -0.2066313E-01 -0.2066313E-01
0.1036562E-02 0.1036562E-02 0.1578471E-02 0.2003493E-02 0.2036902E-02 0.2036902E-02 0.2017732E-02 -0.1981806E-02 -0.1981806E-02 -0.7346246E-02 -0.7346246E-02 -0.1819815E-01 -0.2699507E-01 -0.3945072E-01 -0.5806180E-01 -0.5806180E-01 -0.1569370 -0.2157720 -0.2762235 -0.3362581 -0.3943689 -0.4494785 -0.5009002 -0.5482903 -0.5915239 -0.6304660 -0.6627268 -0.6729758 -0.6536087 -0.6027318 -0.6027318 -0.5034734 -0.3875671 -0.1888994 -0.1141254 -0.1141254 -0.6273600E-02 -0.6273600E-02 0.6820080E-01 0.6820080E-01 0.9686171E-01 0.1391216 0.1391216 0.1564987 0.1564987 0.1143248 0.1143248 0.1143248 0.6662792E-01 0.6662792E-01 0.2594633E-01 0.2594633E-01 -0.2360710E-02 -0.2360710E-02 -0.1796618E-01 -0.1796618E-01 -0.2280838E-01 -0.2280838E-01 -0.2280838E-01
0.1599775E-02 0.1599775E-02 0.2393716E-02 0.2986476E-02 0.3031931E-02 0.3031931E-02 0.3010668E-02 0.5800819E-03 0.5800819E-03 -0.4786010E-02 -0.4786010E-02 -0.1440335E-01 -0.2211308E-01 -0.3321287E-01 -0.5089589E-01 -0.5089589E-01 -0.1678255 -0.2347102 -0.3022463 -0.3683107 -0.4313613 -0.4903549 -0.5446518 -0.5939671 -0.6382815 -0.6777030 -0.7079167 -0.7004856 -0.6534056 -0.5727582 -0.5727582 -0.4497805 -0.3326619 -0.1613256 -0.9905478E-01 -0.9905478E-01 -0.9493090E-02 -0.9493090E-02 0.5051330E-01 0.5051330E-01 0.7384286E-01 0.1097967 0.1097967 0.1290574 0.1290574 0.1057121 0.1057121 0.1057121 0.6648157E-01 0.6648157E-01 0.2783880E-01 0.2783880E-01 -0.1088497E-02 -0.1088497E-02 -0.1737874E-01 -0.1737874E-01 -0.2223688E-01 -0.2223688E-01 -0.2223688E-01
