simulation_files/asc/Velocity__x_84.0.asc
NCOLS        79
NROWS        79
XLLCENTER         -1.500000
YLLCENTER         -4.800000
CELLSIZE           0.100
NODATA_VALUE     -9999.0
[rows 0 to 25 of 79, columns 0 to 57 of 79]
-9999.000 -9999.000 -9999.000 -9999.000 -9999.000 -9999.000 -9999.000 -9999.000 -9999.000 -9999.000 -9999.000 -9999.000 -9999.000 -9999.000 -9999.000 0.3062172E-03 0.1464276E-02 0.3386481E-02 0.5129308E-02 0.6666592E-02 0.8021861E-02 0.9211756E-02 0.1022972E-01 0.1103184E-01 0.1152000E-01 0.1151768E-01 0.1073439E-01 0.8710046E-02 0.4818260E-02 0.1513833E-02 0.1513833E-02 -9999.000 -9999.000 -9999.000 -9999.000 -9999.000 -9999.000 -9999.000 -9999.000 -9999.000 -9999.000 -9999.000 -9999.000 -9999.000 -9999.000 -9999.000 -9999.000 -9999.000 -9999.000 -9999.000 -9999.000 -9999.000 -9999.000 -9999.000 -9999.000 -9999.000 -9999.000 -9999.000
-9999.000 -9999.000 -9999.000 -9999.000 -9999.000 -9999.000 -9999.000 -9999.000 -9999.000 -9999.000 -9999.000 -9999.000 -9999.000 -9999.000 -9999.000 0.1151356E-02 0.3352118E-02 0.6491012E-02 0.9429713E-02 0.1208020E-01 0.1441455E-01 0.1640322E-01 0.1799152E-01 0.1908149E-01 0.1951431E-01 0.1905255E-01 0.1736000E-01 0.1398055E-01 0.8396117E-02 0.3285071E-02 0.3285071E-02 -9999.000 -9999.000 -9999.000 -9999.000 -9999.000 -9999.000 -9999.000 -9999.000 -9999.000 -9999.000 -9999.000 -9999.000 -9999.000 -9999.000 -9999.000 -9999.000 -9999.000 -9999.000 -9999.000 -9999.000 -9999.000 -9999.000 -9999.000 -9999.000 -9999.000 -9999.000 -9999.000
-9999.000 -9999.000 -9999.000 -9999.000 -9999.000 -9999.000 -9999.000 -9999.000 -9999.000 -9999.000 -9999.000 -9999.000 -9999.000 -9999.000 -9999.000 0.1886029E-02 0.4994602E-02 0.9195785E-02 0.1313064E-01 0.1667944E-01 0.1978499E-01 0.2238754E-01 0.2440076E-01 0.2569329E-01 0.2607097E-01 0.2526047E-01 0.2289085E-01 0.1847060E-01 0.1144734E-01 0.4771547E-02 0.4771547E-02 -9999.000 -9999.000 -9999.000 -9999.000 -9999.000 -9999.000 -9999.000 -9999.000 -9999.000 -9999.000 -9999.000 -9999.000 -9999.000 -9999.000 -9999.000 -9999.000 -9999.000 -9999.000 -9999.000 -9999.000 -9999.000 -9999.000 -9999.000 -9999.000 -9999.000 -9999.000 -9999.000
-9999.000 -9999.000 -9999.000 -9999.000 -9999.000 -9999.000 -9999.000 -9999.000 -9999.000 -9999.000 -9999.000 -9999.000 -9999.000 -9999.000 -9999.000 0.2552321E-02 0.6468761E-02 0.1159999E-01 0.1639996E-01 0.2072481E-01 0.2449643E-01 0.2763431E-01 0.3002972E-01 0.3152594E-01 0.3189976E-01 0.3084290E-01 0.2794099E-01 0.2264673E-01 0.1433629E-01 0.6189951E-02 0.6189951E-02 -9999.000 -9999.000 -9999.000 -9999.000 -9999.000 -9999.000 -9999.000 -9999.000 -9999.000 -9999.000 -9999.000 -9999.000 -9999.000 -9999.000 -9999.000 -9999.000 -9999.000 -9999.000 -9999.000 -9999.000 -9999.000 -9999.000 -9999.000 -9999.000 -9999.000 -9999.000 -9999.000
-9999.000 -9999.000 -9999.000 -9999.000 -9999.000 -9999.000 -9999.000 -9999.000 -9999.000 -9999.000 -9999.000 -9999.000 -9999.000 -9999.000 -9999.000 0.3187096E-02 0.7852755E-02 0.1382810E-01 0.1941389E-01 0.2444929E-01 0.2884094E-01 0.3249223E-01 0.3527626E-01 0.3701318E-01 0.3744973E-01 0.3623733E-01 0.3290655E-01 0.2683397E-01 0.1729060E-01 0.7656178E-02 0.7656178E-02 -9999.000 -9999.000 -9999.000 -9999.000 -9999.000 -9999.000 -9999.000 -9999.000 -9999.000 -9999.000 -9999.000 -9999.000 -9999.000 -9999.000 -9999.000 -9999.000 -9999.000 -9999.000 -9999.000 -9999.000 -9999.000 -9999.000 -9999.000 -9999.000 -9999.000 -9999.000 -9999.000
-9999.000 -9999.000 -9999.000 -9999.000 -9999.000 -9999.000 -9999.000 -9999.000 -9999.000 -9999.000 -9999.000 -9999.000 -9999.000 -9999.000 -9999.000 0.3825040E-02 0.9219414E-02 0.1599395E-01 0.2232674E-01 0.2804726E-01 0.3305086E-01 0.3722836E-01 0.4043569E-01 0.4247007E-01 0.4304422E-01 0.4176111E-01 0.3808180E-01 0.3128319E-01 0.2049185E-01 0.9263425E-02 0.9263425E-02 -9999.000 -9999.000 -9999.000 -9999.000 -9999.000 -9999.000 -9999.000 -9999.000 -9999.000 -9999.000 -9999.000 -9999.000 -9999.000 -9999.000 -9999.000 -9999.000 -9999.000 -9999.000 -9999.000 -9999.000 -9999.000 -9999.000 -9999.000 -9999.000 -9999.000 -9999.000 -9999.000
-9999.000 -9999.000 -9999.000 -9999.000 -9999.000 -9999.000 -9999.000 -9999.000 -9999.000 -9999.000 -9999.000 -9999.000 -9999.000 -9999.000 -9999.000 0.4497711E-02 0.1063415E-01 0.1819805E-01 0.2527243E-01 0.3168446E-01 0.3732167E-01 0.4206417E-01 0.4575223E-01 0.4815778E-01 0.4895468E-01 0.4768724E-01 0.4372992E-01 0.3623093E-01 0.2412246E-01 0.1110827E-01 0.1110827E-01 -9999.000 -9999.000 -9999.000 -9999.000 -9999.000 -9999.000 -9999.000 -9999.000 -9999.000 -9999.000 -9999.000 -9999.000 -9999.000 -9999.000 -9999.000 -9999.000 -9999.000 -9999.000 -9999.000 -9999.000 -9999.000 -9999.000 -9999.000 -9999.000 -9999.000 -9999.000 -9999.000
-9999.000 -9999.000 -9999.000 -9999.000 -9999.000 -9999.000 -9999.000 -9999.000 -9999.000 -9999.000 -9999.000 -9999.000 -9999.000 -9999.000 -9999.000 0.5234095E-02 0.1215622E-01 0.2053102E-01 0.2837124E-01 0.3550932E-01 0.4182864E-01 0.4720058E-01 0.5144999E-01 0.5432134E-01 0.5544360E-01 0.5429043E-01 0.5012847E-01 0.4194082E-01 0.2839921E-01 0.1331057E-01 0.1331057E-01 -9999.000 -9999.000 -9999.000 -9999.000 -9999.000 -9999.000 -9999.000 -9999.000 -9999.000 -9999.000 -9999.000 -9999.000 -9999.000 -9999.000 -9999.000 -9999.000 -9999.000 -9999.000 -9999.000 -9999.000 -9999.000 -9999.000 -9999.000 -9999.000 -9999.000 -9999.000 -9999.000
-9999.000 -9999.000 -9999.000 -9999.000 -9999.000 -9999.000 -9999.000 -9999.000 -9999.000 -9999.000 -9999.000 -9999.000 -9999.000 -9999.000 -9999.000 0.6060893E-02 0.1384076E-01 0.2307791E-01 0.3173694E-01 0.3966432E-01 0.4674260E-01 0.5283704E-01 0.5775735E-01 0.6121835E-01 0.6279722E-01 0.6188315E-01 0.5760843E-01 0.4874428E-01 0.3361144E-01 0.1603613E-01 0.1603613E-01 -9999.000 -9999.000 -9999.000 -9999.000 -9999.000 -9999.000 -9999.000 -9999.000 -9999.000 -9999.000 -9999.000 -9999.000 -9999.000 -9999.000 -9999.000 -9999.000 -9999.000 -9999.000 -9999.000 -9999.000 -9999.000 -9999.000 -9999.000 -9999.000 -9999.000 -9999.000 -9999.000
-9999.000 -9999.000 -9999.000 -9999.000 -9999.000 -9999.000 -9999.000 -9999.000 -9999.000 -9999.000 -9999.000 -9999.000 -9999.000 -9999.000 -9999.000 0.7004041E-02 0.1574210E-01 0.2592460E-01 0.3548729E-01 0.4429958E-01 0.5224803E-01 0.5919451E-01 0.6493495E-01 0.6915250E-01 0.7136527E-01 0.7086136E-01 0.6660680E-01 0.5709887E-01 0.4018082E-01 0.1953435E-01 0.1953435E-01 -9999.000 -9999.000 -9999.000 -9999.000 -9999.000 -9999.000 -9999.000 -9999.000 -9999.000 -9999.000 -9999.000 -9999.000 -9999.000 -9999.000 -9999.000 -9999.000 -9999.000 -9999.000 -9999.000 -9999.000 -9999.000 -9999.000 -9999.000 -9999.000 -9999.000 -9999.000 -9999.000
-9999.000 -9999.000 -9999.000 -9999.000 -9999.000 -9999.000 -9999.000 -9999.000 -9999.000 -9999.000 -9999.000 -9999.000 -9999.000 -9999.000 -9999.000 0.8091107E-02 0.1791987E-01 0.2916877E-01 0.3975915E-01 0.4959406E-01 0.5856930E-01 0.6654811E-01 0.7331502E-01 0.7852075E-01 0.8161738E-01 0.8177369E-01 0.7774974E-01 0.6768654E-01 0.4876754E-01 0.2420802E-01 0.2420802E-01 -9999.000 -9999.000 -9999.000 -9999.000 -9999.000 -9999.000 -9999.000 -9999.000 -9999.000 -9999.000 -9999.000 -9999.000 -9999.000 -9999.000 -9999.000 -9999.000 -9999.000 -9999.000 -9999.000 -9999.000 -9999.000 -9999.000 -9999.000 -9999.000 -9999.000 -9999.000 -9999.000
-9999.000 -9999.000 -9999.000 -9999.000 -9999.000 -9999.000 -9999.000 -9999.000 -9999.000 -9999.000 -9999.000 -9999.000 -9999.000 -9999.000 -9999.000 0.9354625E-02 0.2044690E-01 0.3293418E-01 0.4473111E-01 0.5578553E-01 0.6601019E-01 0.7527641E-01 0.8336299E-01 0.8989034E-01 0.9423924E-01 0.9544023E-01 0.9200055E-01 0.8159572E-01 0.6048385E-01 0.3075656E-01 0.3075656E-01 -9999.000 -9999.000 -9999.000 -9999.000 -9999.000 -9999.000 -9999.000 -9999.000 -9999.000 -9999.000 -9999.000 -9999.000 -9999.000 -9999.000 -9999.000 -9999.000 -9999.000 -9999.000 -9999.000 -9999.000 -9999.000 -9999.000 -9999.000 -9999.000 -9999.000 -9999.000 -9999.000
-9999.000 -9999.000 -9999.000 -9999.000 -9999.000 -9999.000 -9999.000 -9999.000 -9999.000 -9999.000 -9999.000 -9999.000 -9999.000 -9999.000 -9999.000 0.1084108E-01 0.2342855E-01 0.3740245E-01 0.5066778E-01 0.6322967E-01 0.7502859E-01 0.8595562E-01 0.9579477E-01 0.1041440 0.1103142 0.1131842 0.1109577 0.1007044 0.7736442E-01 0.4050158E-01 0.4050158E-01 -9999.000 -9999.000 -9999.000 -9999.000 -9999.000 -9999.000 -9999.000 -9999.000 -9999.000 -9999.000 -9999.000 -9999.000 -9999.000 -9999.000 -9999.000 -9999.000 -9999.000 -9999.000 -9999.000 -9999.000 -9999.000 -9999.000 -9999.000 -9999.000 -9999.000 -9999.000 -9999.000
-9999.000 -9999.000 -9999.000 -9999.000 -9999.000 -9999.000 -9999.000 -9999.000 -9999.000 -9999.000 -9999.000 -9999.000 -9999.000 -9999.000 -9999.000 0.1273079E-01 0.2721685E-01 0.4311379E-01 0.5828201E-01 0.7280193E-01 0.8666385E-01 0.9980430E-01 0.1120395 0.1229728 0.1318700 0.1374697 0.1376431 0.1286983 0.1036880 0.5638159E-01 0.5638159E-01 -9999.000 -9999.000 -9999.000 -9999.000 -9999.000 -9999.000 -9999.000 -9999.000 -9999.000 -9999.000 -9999.000 -9999.000 -9999.000 -9999.000 -9999.000 -9999.000 -9999.000 -9999.000 -9999.000 -9999.000 -9999.000 -9999.000 -9999.000 -9999.000 -9999.000 -9999.000 -9999.000
-9999.000 -9999.000 -9999.000 -9999.000 -9999.000 -9999.000 -9999.000 -9999.000 -9999.000 -9999.000 -9999.000 -9999.000 -9999.000 -9999.000 -9999.000 0.2768800E-01 0.4876935E-01 0.7006419E-01 0.8855333E-01 0.1050919 0.1202174 0.1342657 0.1473477 0.1592837 0.1694812 0.1767054 0.1786094 0.1706829 0.1434290 0.7542489E-01 0.7542489E-01 -9999.000 -9999.000 -9999.000 -9999.000 -9999.000 -9999.000 -9999.000 -9999.000 -9999.000 -9999.000 -9999.000 -9999.000 -9999.000 -9999.000 -9999.000 -9999.000 -9999.000 -9999.000 -9999.000 -9999.000 -9999.000 -9999.000 -9999.000 -9999.000 -9999.000 -9999.000 -9999.000
1.732609 1.732609 1.781702 1.827958 1.836214 1.836214 1.841924 1.849037 1.849037 1.852702 1.852702 1.854160 1.854253 1.848629 1.574660 1.574660 1.308841 1.245062 1.172676 1.092734 1.007033 0.9181437 0.8293749 0.7446803 0.6685288 0.6058428 0.5623248 0.5459777 0.5723060 0.6635132 0.6635132 1.575985 1.796945 1.850137 1.812594 1.812594 1.698254 1.698254 1.454543 1.454543 1.144279 0.9752815 0.9752815 0.9677563 0.9677563 1.006878 1.006878 1.006878 1.057495 1.057495 1.103096 1.103096 1.141792 1.141792 1.185381 1.185381 1.212110 1.212110
1.742498 1.742498 1.807732 1.863172 1.879452 1.879452 1.893179 1.916244 1.916244 1.935734 1.935734 1.952881 1.960768 1.965830 1.785380 1.785380 1.559300 1.537441 1.507076 1.466752 1.416080 1.355530 1.286446 1.211169 1.133301 1.058196 0.9938096 0.9524106 0.9549597 1.041370 1.041370 1.605594 1.785813 1.900601 1.914952 1.914952 1.891550 1.891550 1.782090 1.782090 1.592204 1.320954 1.320954 1.323122 1.323122 1.372355 1.372355 1.372355 1.425823 1.425823 1.474689 1.474689 1.504244 1.504244 1.557752 1.557752 1.591080 1.591080
1.744447 1.744447 1.811717 1.863415 1.879796 1.879796 1.893698 1.917178 1.917178 1.937140 1.937140 1.954814 1.962986 1.969230 1.856443 1.856443 1.614196 1.611231 1.603334 1.588306 1.565197 1.533668 1.494026 1.447384 1.395889 1.343134 1.294909 1.260813 1.258225 1.325583 1.325583 1.722261 1.884838 2.022888 2.052019 2.052019 2.052223 2.052223 1.980981 1.980981 1.875639 1.624945 1.624945 1.592963 1.592963 1.631418 1.631418 1.631418 1.677942 1.677942 1.719171 1.719171 1.751685 1.751685 1.790104 1.790104 1.817807 1.817807
1.746044 1.746044 1.814540 1.863459 1.879706 1.879706 1.893596 1.917127 1.917127 1.937135 1.937135 1.954834 1.963014 1.969787 1.903677 1.903677 1.643099 1.648101 1.650105 1.646508 1.636805 1.620920 1.599120 1.572159 1.541485 1.509565 1.480418 1.460766 1.462999 1.518432 1.518432 1.816293 1.955380 2.090754 2.120684 2.120684 2.126448 2.126448 2.078094 2.078094 2.020979 1.834667 1.834667 1.766407 1.766407 1.795511 1.795511 1.795511 1.835423 1.835423 1.871627 1.871627 1.900883 1.900883 1.931874 1.931874 1.955965 1.955965
1.747297 1.747297 1.816522 1.863577 1.879644 1.879644 1.893492 1.917059 1.917059 1.937109 1.937109 1.954826 1.963008 1.970127 1.930347 1.930347 1.669346 1.678901 1.686972 1.689319 1.685948 1.677381 1.664350 1.647865 1.629328 1.610729 1.594981 1.586670 1.593884 1.642152 1.642152 1.875139 1.992636 2.113640 2.137955 2.137955 2.140268 2.140268 2.112097 2.112097 2.086060 1.975772 1.975772 1.893952 1.893952 1.903168 1.903168 1.903168 1.937381 1.937381 1.970098 1.970098 1.997154 1.997154 2.023524 2.023524 2.044769 2.044769
1.748200 1.748200 1.817824 1.863714 1.879613 1.879613 1.893409 1.916998 1.916998 1.937088 1.937088 1.954821 1.963006 1.970354 1.947668 1.947668 1.700487 1.711103 1.724070 1.730568 1.730734 1.725534 1.716164 1.704085 1.691025 1.679012 1.670475 1.668680 1.678658 1.719714 1.719714 1.902813 2.000679 2.097678 2.113302 2.113302 2.115055 2.115055 2.111749 2.111749 2.108030 2.062335 2.062335 1.995022 1.995022 1.981790 1.981790 1.981790 2.008434 2.008434 2.037194 2.037194 2.062053 2.062053 2.084851 2.084851 2.103253 2.103253
1.748745 1.748745 1.818560 1.863822 1.879601 1.879601 1.893357 1.916957 1.916957 1.937074 1.937074 1.954818 1.963005 1.970506 1.958839 1.958839 1.742878 1.747221 1.764148 1.774196 1.776894 1.773466 1.765367 1.754376 1.742594 1.732429 1.726299 1.727001 1.736744 1.767351 1.767351 1.903672 1.980903 2.046508 2.055667 2.055667 2.069213 2.069213 2.094916 2.094916 2.107902 2.108441 2.108441 2.071167 2.071167 2.044869 2.044869 2.044869 2.062158 2.062158 2.085519 2.085519 2.107273 2.107273 2.126522 2.126522 2.141878 2.141878
1.748927 1.748927 1.818798 1.863861 1.879598 1.879598 1.893339 1.916942 1.916942 1.937068 1.937068 1.954817 1.963004 1.970608 1.965971 1.965971 1.798207 1.790165 1.808413 1.820995 1.825751 1.823467 1.815611 1.804155 1.791513 1.780423 1.773594 1.773342 1.777793 1.790096 1.790096 1.881009 1.931347 1.967231 1.978497 1.978497 2.017793 2.017793 2.071338 2.071338 2.096555 2.127799 2.127799 2.121964 2.121964 2.097257 2.097257 2.097257 2.105776 2.105776 2.122481 2.122481 2.139770 2.139770 2.155057 2.155057 2.167132 2.167132
1.748745 1.748745 1.818560 1.863821 1.879601 1.879601 1.893356 1.916957 1.916957 1.937073 1.937073 1.954818 1.963004 1.970675 1.970491 1.970491 1.859153 1.843408 1.858516 1.872150 1.878225 1.876520 1.868276 1.855491 1.840757 1.827085 1.817486 1.813545 1.806376 1.787515 1.787515 1.827925 1.848045 1.873389 1.897250 1.897250 1.968893 1.968893 2.045079 2.045079 2.079115 2.130651 2.130651 2.150533 2.150533 2.139177 2.139177 2.139177 2.142151 2.142151 2.152078 2.152078 2.163796 2.163796 2.174452 2.174452 2.182844 2.182844
1.748200 1.748200 1.817824 1.863715 1.879612 1.879612 1.893409 1.916998 1.916998 1.937087 1.937087 1.954821 1.963005 1.970720 1.973343 1.973343 1.921011 1.907086 1.917225 1.929345 1.935164 1.933070 1.923750 1.908994 1.891386 1.874094 1.860369 1.850155 1.820169 1.749104 1.749104 1.734914 1.734684 1.780833 1.822428 1.822428 1.924755 1.924755 2.017804 2.017804 2.058274 2.123569 2.123569 2.162241 2.162241 2.169665 2.169665 2.169665 2.171442 2.171442 2.175824 2.175824 2.181534 2.181534 2.186920 2.186920 2.191217 2.191217
1.747297 1.747297 1.816522 1.863577 1.879644 1.879644 1.893492 1.917059 1.917059 1.937110 1.937110 1.954826 1.963009 1.970752 1.975129 1.975129 1.982828 1.979445 1.986155 1.994327 1.997517 1.993393 1.981942 1.964498 1.943406 1.921804 1.903014 1.882610 1.805050 1.654112 1.654112 1.607953 1.613193 1.697820 1.751537 1.751537 1.883453 1.883453 1.989269 1.989269 2.034688 2.109807 2.109807 2.161753 2.161753 2.188200 2.188200 2.188200 2.192454 2.192454 2.193350 2.193350 2.193403 2.193403 2.193246 2.193246 2.193228 2.193228
