simulation_files/asc/Velocity__x_177.0.asc
NCOLS        79
NROWS        79
XLLCENTER         -1.500000
YLLCENTER         -4.800000
CELLSIZE           0.100
NODATA_VALUE     -9999.0
[rows 0 to 25 of 79, columns 0 to 57 of 79]
-9999.000 -9999.000 -9999.000 -9999.000 -9999.000 -9999.000 -9999.000 -9999.000 -9999.000 -9999.000 -9999.000 -9999.000 -9999.000 -9999.000 -9999.000 -0.4176060E-03 0.6961876E-03 0.3916250E-02 0.7728310E-02 0.1126259E-01 0.1408658E-01 0.1607195E-01 0.1719068E-01 0.1750092E-01 0.1710589E-01 0.1608119E-01 0.1447448E-01 0.1219351E-01 0.8617004E-02 0.4221129E-02 0.4221129E-02 -9999.000 -9999.000 -9999.000 -9999.000 -9999.000 -9999.000 -9999.000 -9999.000 -9999.000 -9999.000 -9999.000 -9999.000 -9999.000 -9999.000 -9999.000 -9999.000 -9999.000 -9999.000 -9999.000 -9999.000 -9999.000 -9999.000 -9999.000 -9999.000 -9999.000 -9999.000 -9999.000
-9999.000 -9999.000 -9999.000 -9999.000 -9999.000 -9999.000 -9999.000 -9999.000 -9999.000 -9999.000 -9999.000 -9999.000 -9999.000 -9999.000 -9999.000 0.7302175E-03 0.2998535E-02 0.7293561E-02 0.1208406E-01 0.1650664E-01 0.2008435E-01 0.2262666E-01 0.2405467E-01 0.2438709E-01 0.2370064E-01 0.2206293E-01 0.1952876E-01 0.1604211E-01 0.1110124E-01 0.5427199E-02 0.5427199E-02 -9999.000 -9999.000 -9999.000 -9999.000 -9999.000 -9999.000 -9999.000 -9999.000 -9999.000 -9999.000 -9999.000 -9999.000 -9999.000 -9999.000 -9999.000 -9999.000 -9999.000 -9999.000 -9999.000 -9999.000 -9999.000 -9999.000 -9999.000 -9999.000 -9999.000 -9999.000 -9999.000
-9999.000 -9999.000 -9999.000 -9999.000 -9999.000 -9999.000 -9999.000 -9999.000 -9999.000 -9999.000 -9999.000 -9999.000 -9999.000 -9999.000 -9999.000 0.1242162E-02 0.4099206E-02 0.9062898E-02 0.1448129E-01 0.1944961E-01 0.2345988E-01 0.2630241E-01 0.2788358E-01 0.2821496E-01 0.2737254E-01 0.2542817E-01 0.2244780E-01 0.1838884E-01 0.1274783E-01 0.6269978E-02 0.6269978E-02 -9999.000 -9999.000 -9999.000 -9999.000 -9999.000 -9999.000 -9999.000 -9999.000 -9999.000 -9999.000 -9999.000 -9999.000 -9999.000 -9999.000 -9999.000 -9999.000 -9999.000 -9999.000 -9999.000 -9999.000 -9999.000 -9999.000 -9999.000 -9999.000 -9999.000 -9999.000 -9999.000
-9999.000 -9999.000 -9999.000 -9999.000 -9999.000 -9999.000 -9999.000 -9999.000 -9999.000 -9999.000 -9999.000 -9999.000 -9999.000 -9999.000 -9999.000 0.1530296E-02 0.4738417E-02 0.1012600E-01 0.1595875E-01 0.2129396E-01 0.2559773E-01 0.2864893E-01 0.3034640E-01 0.3069958E-01 0.2978658E-01 0.2768226E-01 0.2445795E-01 0.2007300E-01 0.1399999E-01 0.6939157E-02 0.6939157E-02 -9999.000 -9999.000 -9999.000 -9999.000 -9999.000 -9999.000 -9999.000 -9999.000 -9999.000 -9999.000 -9999.000 -9999.000 -9999.000 -9999.000 -9999.000 -9999.000 -9999.000 -9999.000 -9999.000 -9999.000 -9999.000 -9999.000 -9999.000 -9999.000 -9999.000 -9999.000 -9999.000
-9999.000 -9999.000 -9999.000 -9999.000 -9999.000 -9999.000 -9999.000 -9999.000 -9999.000 -9999.000 -9999.000 -9999.000 -9999.000 -9999.000 -9999.000 0.1726880E-02 0.5185683E-02 0.1089005E-01 0.1704207E-01 0.2266571E-01 0.2720403E-01 0.3042772E-01 0.3223068E-01 0.3262267E-01 0.3168401E-01 0.2949162E-01 0.2611937E-01 0.2152249E-01 0.1513683E-01 0.7569588E-02 0.7569588E-02 -9999.000 -9999.000 -9999.000 -9999.000 -9999.000 -9999.000 -9999.000 -9999.000 -9999.000 -9999.000 -9999.000 -9999.000 -9999.000 -9999.000 -9999.000 -9999.000 -9999.000 -9999.000 -9999.000 -9999.000 -9999.000 -9999.000 -9999.000 -9999.000 -9999.000 -9999.000 -9999.000
-9999.000 -9999.000 -9999.000 -9999.000 -9999.000 -9999.000 -9999.000 -9999.000 -9999.000 -9999.000 -9999.000 -9999.000 -9999.000 -9999.000 -9999.000 0.1892463E-02 0.5566536E-02 0.1154815E-01 0.1798502E-01 0.2386854E-01 0.2862028E-01 0.3200497E-01 0.3391342E-01 0.3435647E-01 0.3341819E-01 0.3117612E-01 0.2770511E-01 0.2295292E-01 0.1630701E-01 0.8236800E-02 0.8236800E-02 -9999.000 -9999.000 -9999.000 -9999.000 -9999.000 -9999.000 -9999.000 -9999.000 -9999.000 -9999.000 -9999.000 -9999.000 -9999.000 -9999.000 -9999.000 -9999.000 -9999.000 -9999.000 -9999.000 -9999.000 -9999.000 -9999.000 -9999.000 -9999.000 -9999.000 -9999.000 -9999.000
-9999.000 -9999.000 -9999.000 -9999.000 -9999.000 -9999.000 -9999.000 -9999.000 -9999.000 -9999.000 -9999.000 -9999.000 -9999.000 -9999.000 -9999.000 0.2055932E-02 0.5941664E-02 0.1219470E-01 0.1891108E-01 0.2505073E-01 0.3001370E-01 0.3356110E-01 0.3558109E-01 0.3608722E-01 0.3516779E-01 0.3290040E-01 0.2936063E-01 0.2448540E-01 0.1760138E-01 0.8990408E-02 0.8990408E-02 -9999.000 -9999.000 -9999.000 -9999.000 -9999.000 -9999.000 -9999.000 -9999.000 -9999.000 -9999.000 -9999.000 -9999.000 -9999.000 -9999.000 -9999.000 -9999.000 -9999.000 -9999.000 -9999.000 -9999.000 -9999.000 -9999.000 -9999.000 -9999.000 -9999.000 -9999.000 -9999.000
-9999.000 -9999.000 -9999.000 -9999.000 -9999.000 -9999.000 -9999.000 -9999.000 -9999.000 -9999.000 -9999.000 -9999.000 -9999.000 -9999.000 -9999.000 0.2233040E-02 0.6343547E-02 0.1287920E-01 0.1988553E-01 0.2629051E-01 0.3147315E-01 0.3519233E-01 0.3733472E-01 0.3791775E-01 0.3703451E-01 0.3476294E-01 0.3117800E-01 0.2620282E-01 0.1909105E-01 0.9872420E-02 0.9872420E-02 -9999.000 -9999.000 -9999.000 -9999.000 -9999.000 -9999.000 -9999.000 -9999.000 -9999.000 -9999.000 -9999.000 -9999.000 -9999.000 -9999.000 -9999.000 -9999.000 -9999.000 -9999.000 -9999.000 -9999.000 -9999.000 -9999.000 -9999.000 -9999.000 -9999.000 -9999.000 -9999.000
-9999.000 -9999.000 -9999.000 -9999.000 -9999.000 -9999.000 -9999.000 -9999.000 -9999.000 -9999.000 -9999.000 -9999.000 -9999.000 -9999.000 -9999.000 0.2433040E-02 0.6792225E-02 0.1363306E-01 0.2094907E-01 0.2763703E-01 0.3305461E-01 0.3696035E-01 0.3924070E-01 0.3991788E-01 0.3909107E-01 0.3683781E-01 0.3323255E-01 0.2818117E-01 0.2084812E-01 0.1092899E-01 0.1092899E-01 -9999.000 -9999.000 -9999.000 -9999.000 -9999.000 -9999.000 -9999.000 -9999.000 -9999.000 -9999.000 -9999.000 -9999.000 -9999.000 -9999.000 -9999.000 -9999.000 -9999.000 -9999.000 -9999.000 -9999.000 -9999.000 -9999.000 -9999.000 -9999.000 -9999.000 -9999.000 -9999.000
-9999.000 -9999.000 -9999.000 -9999.000 -9999.000 -9999.000 -9999.000 -9999.000 -9999.000 -9999.000 -9999.000 -9999.000 -9999.000 -9999.000 -9999.000 0.2664222E-02 0.7304000E-02 0.1448132E-01 0.2213536E-01 0.2913090E-01 0.3480492E-01 0.3891819E-01 0.4135711E-01 0.4215092E-01 0.4140611E-01 0.3919949E-01 0.3560428E-01 0.3050577E-01 0.2296103E-01 0.1221823E-01 0.1221823E-01 -9999.000 -9999.000 -9999.000 -9999.000 -9999.000 -9999.000 -9999.000 -9999.000 -9999.000 -9999.000 -9999.000 -9999.000 -9999.000 -9999.000 -9999.000 -9999.000 -9999.000 -9999.000 -9999.000 -9999.000 -9999.000 -9999.000 -9999.000 -9999.000 -9999.000 -9999.000 -9999.000
-9999.000 -9999.000 -9999.000 -9999.000 -9999.000 -9999.000 -9999.000 -9999.000 -9999.000 -9999.000 -9999.000 -9999.000 -9999.000 -9999.000 -9999.000 0.2934678E-02 0.7896669E-02 0.1545141E-01 0.2348028E-01 0.3081606E-01 0.3677492E-01 0.4112300E-01 0.4374837E-01 0.4468896E-01 0.4406013E-01 0.4193730E-01 0.3839350E-01 0.3328816E-01 0.2554896E-01 0.1382019E-01 0.1382019E-01 -9999.000 -9999.000 -9999.000 -9999.000 -9999.000 -9999.000 -9999.000 -9999.000 -9999.000 -9999.000 -9999.000 -9999.000 -9999.000 -9999.000 -9999.000 -9999.000 -9999.000 -9999.000 -9999.000 -9999.000 -9999.000 -9999.000 -9999.000 -9999.000 -9999.000 -9999.000 -9999.000
-9999.000 -9999.000 -9999.000 -9999.000 -9999.000 -9999.000 -9999.000 -9999.000 -9999.000 -9999.000 -9999.000 -9999.000 -9999.000 -9999.000 -9999.000 0.3254730E-02 0.8591780E-02 0.1657727E-01 0.2502928E-01 0.3274782E-01 0.3902983E-01 0.4364998E-01 0.4649929E-01 0.4762736E-01 0.4716074E-01 0.4517394E-01 0.4173896E-01 0.3668480E-01 0.2878225E-01 0.1585025E-01 0.1585025E-01 -9999.000 -9999.000 -9999.000 -9999.000 -9999.000 -9999.000 -9999.000 -9999.000 -9999.000 -9999.000 -9999.000 -9999.000 -9999.000 -9999.000 -9999.000 -9999.000 -9999.000 -9999.000 -9999.000 -9999.000 -9999.000 -9999.000 -9999.000 -9999.000 -9999.000 -9999.000 -9999.000
-9999.000 -9999.000 -9999.000 -9999.000 -9999.000 -9999.000 -9999.000 -9999.000 -9999.000 -9999.000 -9999.000 -9999.000 -9999.000 -9999.000 -9999.000 0.3641536E-02 0.9425614E-02 0.1791521E-01 0.2685594E-01 0.3501463E-01 0.4167057E-01 0.4661241E-01 0.4973639E-01 0.5110798E-01 0.5086743E-01 0.4908879E-01 0.4584455E-01 0.4092695E-01 0.3291586E-01 0.1848168E-01 0.1848168E-01 -9999.000 -9999.000 -9999.000 -9999.000 -9999.000 -9999.000 -9999.000 -9999.000 -9999.000 -9999.000 -9999.000 -9999.000 -9999.000 -9999.000 -9999.000 -9999.000 -9999.000 -9999.000 -9999.000 -9999.000 -9999.000 -9999.000 -9999.000 -9999.000 -9999.000 -9999.000 -9999.000
-9999.000 -9999.000 -9999.000 -9999.000 -9999.000 -9999.000 -9999.000 -9999.000 -9999.000 -9999.000 -9999.000 -9999.000 -9999.000 -9999.000 -9999.000 0.4626202E-02 0.1150003E-01 0.2116659E-01 0.3065352E-01 0.3912763E-01 0.4603366E-01 0.5117017E-01 0.5445690E-01 0.5598942E-01 0.5592820E-01 0.5434655E-01 0.5131672E-01 0.4658264E-01 0.3848578E-01 0.2206591E-01 0.2206591E-01 -9999.000 -9999.000 -9999.000 -9999.000 -9999.000 -9999.000 -9999.000 -9999.000 -9999.000 -9999.000 -9999.000 -9999.000 -9999.000 -9999.000 -9999.000 -9999.000 -9999.000 -9999.000 -9999.000 -9999.000 -9999.000 -9999.000 -9999.000 -9999.000 -9999.000 -9999.000 -9999.000
-9999.000 -9999.000 -9999.000 -9999.000 -9999.000 -9999.000 -9999.000 -9999.000 -9999.000 -9999.000 -9999.000 -9999.000 -9999.000 -9999.000 -9999.000 0.6901301E-01 0.1055522 0.1229856 0.1172794 0.1061708 0.9775524E-01 0.8992083E-01 0.8256833E-01 0.7572659E-01 0.6925716E-01 0.6295282E-01 0.5662069E-01 0.4969202E-01 0.4008878E-01 0.1958288E-01 0.1958288E-01 -9999.000 -9999.000 -9999.000 -9999.000 -9999.000 -9999.000 -9999.000 -9999.000 -9999.000 -9999.000 -9999.000 -9999.000 -9999.000 -9999.000 -9999.000 -9999.000 -9999.000 -9999.000 -9999.000 -9999.000 -9999.000 -9999.000 -9999.000 -9999.000 -9999.000 -9999.000 -9999.000
2.764212 2.764212 2.743705 2.810030 2.817283 2.817283 2.820885 2.823197 2.823197 2.821574 2.821574 2.817315 2.814464 2.811233 2.807683 2.807683 2.913703 2.916289 2.916578 2.902906 2.867210 2.810529 2.732225 2.630080 2.507390 2.365884 2.208492 2.043605 1.894318 1.827378 1.827378 2.635172 2.805232 2.904513 2.929771 2.929771 2.965181 2.965181 2.955811 2.955811 2.917978 2.756498 2.756498 2.450651 2.450651 2.069029 2.069029 2.069029 2.041750 2.041750 2.066794 2.066794 2.110614 2.110614 2.158147 2.158147 2.201467 2.201467
2.787081 2.787081 2.770326 2.859337 2.878083 2.878083 2.893010 2.917629 2.917629 2.938059 2.938059 2.955677 2.963699 2.971297 2.978527 2.978527 3.054197 3.068766 3.081726 3.091421 3.095775 3.093729 3.083029 3.060330 3.023704 2.971011 2.900699 2.813493 2.715634 2.633916 2.633916 3.067609 3.220965 3.369115 3.409569 3.409569 3.457011 3.457011 3.462605 3.462605 3.445373 3.354543 3.354543 3.175845 3.175845 2.881168 2.881168 2.881168 2.850832 2.850832 2.877832 2.877832 2.924783 2.924783 2.974913 2.974913 3.021213 3.021213
2.791675 2.791675 2.772833 2.859252 2.878322 2.878322 2.893665 2.918936 2.918936 2.939967 2.939967 2.958272 2.966677 2.974684 2.982349 2.982349 3.048547 3.073374 3.096658 3.117346 3.134172 3.146618 3.153950 3.154729 3.147853 3.131845 3.105027 3.066618 3.019204 2.979124 2.979124 3.222224 3.372144 3.546267 3.597429 3.597429 3.652263 3.652263 3.647974 3.647974 3.622689 3.529344 3.529344 3.396534 3.396534 3.163330 3.163330 3.163330 3.119301 3.119301 3.133963 3.133963 3.172349 3.172349 3.216379 3.216379 3.258176 3.258176
2.794058 2.794058 2.776830 2.858737 2.877887 2.877887 2.893470 2.918963 2.918963 2.940014 2.940014 2.958316 2.966726 2.974741 2.982416 2.982416 3.042963 3.076480 3.109432 3.139564 3.165275 3.185835 3.200851 3.209793 3.212392 3.208303 3.196970 3.178140 3.153463 3.133453 3.133453 3.280212 3.412412 3.594543 3.651904 3.651904 3.706269 3.706269 3.681736 3.681736 3.644889 3.553251 3.553251 3.463982 3.463982 3.295961 3.295961 3.295961 3.243424 3.243424 3.244316 3.244316 3.273483 3.273483 3.312194 3.312194 3.350677 3.350677
2.791232 2.791232 2.783551 2.858347 2.877611 2.877611 2.893442 2.919142 2.919142 2.940152 2.940152 2.958382 2.966766 2.974763 2.982426 2.982426 3.041403 3.082578 3.124360 3.163196 3.197047 3.224905 3.246315 3.260964 3.268804 3.269915 3.264395 3.252589 3.236093 3.222314 3.222314 3.311278 3.419463 3.592616 3.647655 3.647655 3.682307 3.682307 3.628720 3.628720 3.586482 3.517773 3.517773 3.475629 3.475629 3.373646 3.373646 3.373646 3.321430 3.321430 3.309165 3.309165 3.326788 3.326788 3.358276 3.358276 3.392293 3.392293
2.791156 2.791156 2.787729 2.857764 2.877064 2.877064 2.893066 2.918966 2.918966 2.940038 2.940038 2.958305 2.966707 2.974718 2.982394 2.982394 3.044759 3.093223 3.143025 3.189648 3.230757 3.265193 3.292427 3.312199 3.324476 3.329411 3.327282 3.318623 3.304898 3.291507 3.291507 3.341855 3.423095 3.568870 3.608498 3.608498 3.598418 3.598418 3.522382 3.522382 3.490711 3.465214 3.465214 3.466582 3.466582 3.423184 3.423184 3.423184 3.380383 3.380383 3.359390 3.359390 3.364716 3.364716 3.386775 3.386775 3.414353 3.414353
2.791101 2.791101 2.790391 2.857515 2.876846 2.876846 2.892962 2.918978 2.918978 2.940056 2.940056 2.958315 2.966714 2.974725 2.982400 2.982400 3.053869 3.109817 3.166946 3.220328 3.267586 3.307579 3.339800 3.364033 3.380255 3.388592 3.389309 3.382896 3.370528 3.355989 3.355989 3.379590 3.433120 3.528376 3.533612 3.533612 3.463732 3.463732 3.399644 3.399644 3.393382 3.415640 3.415640 3.450446 3.450446 3.453880 3.453880 3.453880 3.426762 3.426762 3.403664 3.403664 3.398512 3.398512 3.409869 3.409869 3.429029 3.429029
2.791079 2.791079 2.791294 2.857435 2.876773 2.876773 2.892926 2.918983 2.918983 2.940063 2.940063 2.958318 2.966715 2.974726 2.982401 2.982401 3.069756 3.133765 3.197641 3.256683 3.308791 3.353049 3.389092 3.416812 3.436229 3.447453 3.450690 3.446307 3.435120 3.419440 3.419440 3.423960 3.448835 3.458238 3.408580 3.408580 3.300403 3.300403 3.289347 3.289347 3.311810 3.372254 3.372254 3.430117 3.430117 3.469295 3.469295 3.469295 3.460500 3.460500 3.441740 3.441740 3.430156 3.430156 3.431062 3.431062 3.440395 3.440395
2.791101 2.791101 2.790391 2.857515 2.876845 2.876845 2.892962 2.918977 2.918977 2.940056 2.940056 2.958315 2.966713 2.974724 2.982401 2.982401 3.093925 3.166720 3.236754 3.300216 3.355663 3.402617 3.441010 3.470918 3.492459 3.505768 3.510999 3.508390 3.498356 3.481538 3.481538 3.470323 3.460436 3.331846 3.226417 3.226417 3.146550 3.146550 3.205395 3.205395 3.248991 3.333862 3.333862 3.407012 3.407012 3.472908 3.472908 3.472908 3.481981 3.481981 3.472037 3.472037 3.458463 3.458463 3.450676 3.450676 3.449646 3.449646
2.791155 2.791155 2.787730 2.857764 2.877064 2.877064 2.893067 2.918965 2.918965 2.940037 2.940037 2.958305 2.966706 2.974718 2.982394 2.982394 3.128589 3.210753 3.286107 3.352458 3.409419 3.457197 3.496155 3.526647 3.548942 3.563237 3.569666 3.568339 3.559133 3.539813 3.539813 3.508596 3.442568 3.132077 3.015876 3.015876 3.032015 3.032015 3.143246 3.143246 3.198431 3.297363 3.297363 3.380942 3.380942 3.466648 3.466648 3.466648 3.491290 3.491290 3.492144 3.492144 3.480468 3.480468 3.466667 3.466667 3.455751 3.455751
2.791229 2.791229 2.783552 2.858348 2.877611 2.877611 2.893442 2.919141 2.919141 2.940152 2.940152 2.958382 2.966765 2.974763 2.982427 2.982427 3.177096 3.268606 3.347790 3.414914 3.471077 3.517402 3.554814 3.584000 3.605422 3.619358 3.625943 3.625136 3.615659 3.587688 3.587688 3.513310 3.343812 2.890952 2.837730 2.837730 2.954807 2.954807 3.090996 3.090996 3.151705 3.258971 3.258971 3.350074 3.350074 3.450320 3.450320 3.450320 3.487488 3.487488 3.498986 3.498986 3.491694 3.491694 3.474696 3.474696 3.455256 3.455256
