simulation_files/asc/Velocity__y_303.0.asc
NCOLS        79
NROWS        79
XLLCENTER         -1.500000
YLLCENTER         -4.800000
CELLSIZE           0.100
NODATA_VALUE     -9999.0
[rows 0 to 26 of 79, columns 0 to 58 of 79]
-9999.000 -9999.000 -9999.000 -9999.000 -9999.000 -9999.000 -9999.000 -9999.000 -9999.000 -9999.000 -9999.000 -9999.000 -9999.000 -9999.000 -9999.000 -0.9582222E-01 -0.9358045E-01 -0.9298181E-01 -0.9320459E-01 -0.9370593E-01 -0.9428594E-01 -0.9489798E-01 -0.9547745E-01 -0.9599703E-01 -0.9646879E-01 -0.9689040E-01 -0.9730629E-01 -0.9791500E-01 -0.9932654E-01 -0.1006679 -0.1006679 -9999.000 -9999.000 -9999.000 -9999.000 -9999.000 -9999.000 -9999.000 -9999.000 -9999.000 -9999.000 -9999.000 -9999.000 -9999.000 -9999.000 -9999.000 -9999.000 -9999.000 -9999.000 -9999.000 -9999.000 -9999.000 -9999.000 -9999.000 -9999.000 -9999.000 -9999.000 -9999.000 -9999.000
-9999.000 -9999.000 -9999.000 -9999.000 -9999.000 -9999.000 -9999.000 -9999.000 -9999.000 -9999.000 -9999.000 -9999.000 -9999.000 -9999.000 -9999.000 -0.9479018E-01 -0.9016287E-01 -0.8890218E-01 -0.8941437E-01 -0.9055589E-01 -0.9189694E-01 -0.9333107E-01 -0.9471246E-01 -0.9597668E-01 -0.9714322E-01 -0.9820249E-01 -0.9924365E-01 -0.1006804 -0.1037849 -0.1070432 -0.1070432 -9999.000 -9999.000 -9999.000 -9999.000 -9999.000 -9999.000 -9999.000 -9999.000 -9999.000 -9999.000 -9999.000 -9999.000 -9999.000 -9999.000 -9999.000 -9999.000 -9999.000 -9999.000 -9999.000 -9999.000 -9999.000 -9999.000 -9999.000 -9999.000 -9999.000 -9999.000 -9999.000 -9999.000
-9999.000 -9999.000 -9999.000 -9999.000 -9999.000 -9999.000 -9999.000 -9999.000 -9999.000 -9999.000 -9999.000 -9999.000 -9999.000 -9999.000 -9999.000 -0.9242941E-01 -0.8529564E-01 -0.8331194E-01 -0.8423958E-01 -0.8624831E-01 -0.8863813E-01 -0.9122501E-01 -0.9375859E-01 -0.9612171E-01 -0.9833362E-01 -0.1003666 -0.1023544 -0.1049496 -0.1101776 -0.1161286 -0.1161286 -9999.000 -9999.000 -9999.000 -9999.000 -9999.000 -9999.000 -9999.000 -9999.000 -9999.000 -9999.000 -9999.000 -9999.000 -9999.000 -9999.000 -9999.000 -9999.000 -9999.000 -9999.000 -9999.000 -9999.000 -9999.000 -9999.000 -9999.000 -9999.000 -9999.000 -9999.000 -9999.000 -9999.000
-9999.000 -9999.000 -9999.000 -9999.000 -9999.000 -9999.000 -9999.000 -9999.000 -9999.000 -9999.000 -9999.000 -9999.000 -9999.000 -9999.000 -9999.000 -0.8941963E-01 -0.7986784E-01 -0.7718514E-01 -0.7859182E-01 -0.8155120E-01 -0.8508722E-01 -0.8893688E-01 -0.9273930E-01 -0.9632023E-01 -0.9969588E-01 -0.1028141 -0.1058515 -0.1097072 -0.1171989 -0.1263633 -0.1263633 -9999.000 -9999.000 -9999.000 -9999.000 -9999.000 -9999.000 -9999.000 -9999.000 -9999.000 -9999.000 -9999.000 -9999.000 -9999.000 -9999.000 -9999.000 -9999.000 -9999.000 -9999.000 -9999.000 -9999.000 -9999.000 -9999.000 -9999.000 -9999.000 -9999.000 -9999.000 -9999.000 -9999.000
-9999.000 -9999.000 -9999.000 -9999.000 -9999.000 -9999.000 -9999.000 -9999.000 -9999.000 -9999.000 -9999.000 -9999.000 -9999.000 -9999.000 -9999.000 -0.8599114E-01 -0.7406876E-01 -0.7069586E-01 -0.7262258E-01 -0.7658666E-01 -0.8133081E-01 -0.8651268E-01 -0.9165530E-01 -0.9652590E-01 -0.1011370 -0.1054088 -0.1095615 -0.1147559 -0.1246527 -0.1375948 -0.1375948 -9999.000 -9999.000 -9999.000 -9999.000 -9999.000 -9999.000 -9999.000 -9999.000 -9999.000 -9999.000 -9999.000 -9999.000 -9999.000 -9999.000 -9999.000 -9999.000 -9999.000 -9999.000 -9999.000 -9999.000 -9999.000 -9999.000 -9999.000 -9999.000 -9999.000 -9999.000 -9999.000 -9999.000
-9999.000 -9999.000 -9999.000 -9999.000 -9999.000 -9999.000 -9999.000 -9999.000 -9999.000 -9999.000 -9999.000 -9999.000 -9999.000 -9999.000 -9999.000 -0.8222463E-01 -0.6797199E-01 -0.6391501E-01 -0.6639535E-01 -0.7140530E-01 -0.7740256E-01 -0.8396777E-01 -0.9050094E-01 -0.9671164E-01 -0.1026088 -0.1080826 -0.1134005 -0.1200033 -0.1324595 -0.1498387 -0.1498387 -9999.000 -9999.000 -9999.000 -9999.000 -9999.000 -9999.000 -9999.000 -9999.000 -9999.000 -9999.000 -9999.000 -9999.000 -9999.000 -9999.000 -9999.000 -9999.000 -9999.000 -9999.000 -9999.000 -9999.000 -9999.000 -9999.000 -9999.000 -9999.000 -9999.000 -9999.000 -9999.000 -9999.000
-9999.000 -9999.000 -9999.000 -9999.000 -9999.000 -9999.000 -9999.000 -9999.000 -9999.000 -9999.000 -9999.000 -9999.000 -9999.000 -9999.000 -9999.000 -0.7813168E-01 -0.6159618E-01 -0.5686410E-01 -0.5993086E-01 -0.6602324E-01 -0.7331132E-01 -0.8130272E-01 -0.8926730E-01 -0.9685751E-01 -0.1040821 -0.1107969 -0.1173224 -0.1254036 -0.1405941 -0.1632115 -0.1632115 -9999.000 -9999.000 -9999.000 -9999.000 -9999.000 -9999.000 -9999.000 -9999.000 -9999.000 -9999.000 -9999.000 -9999.000 -9999.000 -9999.000 -9999.000 -9999.000 -9999.000 -9999.000 -9999.000 -9999.000 -9999.000 -9999.000 -9999.000 -9999.000 -9999.000 -9999.000 -9999.000 -9999.000
-9999.000 -9999.000 -9999.000 -9999.000 -9999.000 -9999.000 -9999.000 -9999.000 -9999.000 -9999.000 -9999.000 -9999.000 -9999.000 -9999.000 -9999.000 -0.7368927E-01 -0.5493283E-01 -0.4953961E-01 -0.5322864E-01 -0.6043869E-01 -0.6905244E-01 -0.7850958E-01 -0.8794143E-01 -0.9694532E-01 -0.1055336 -0.1135232 -0.1212955 -0.1309284 -0.1490564 -0.1779079 -0.1779079 -9999.000 -9999.000 -9999.000 -9999.000 -9999.000 -9999.000 -9999.000 -9999.000 -9999.000 -9999.000 -9999.000 -9999.000 -9999.000 -9999.000 -9999.000 -9999.000 -9999.000 -9999.000 -9999.000 -9999.000 -9999.000 -9999.000 -9999.000 -9999.000 -9999.000 -9999.000 -9999.000 -9999.000
-9999.000 -9999.000 -9999.000 -9999.000 -9999.000 -9999.000 -9999.000 -9999.000 -9999.000 -9999.000 -9999.000 -9999.000 -9999.000 -9999.000 -9999.000 -0.6885464E-01 -0.4795769E-01 -0.4192439E-01 -0.4627595E-01 -0.5464018E-01 -0.6461303E-01 -0.7557385E-01 -0.8650587E-01 -0.9695397E-01 -0.1069389 -0.1162336 -0.1252897 -0.1365540 -0.1578567 -0.1942001 -0.1942001 -9999.000 -9999.000 -9999.000 -9999.000 -9999.000 -9999.000 -9999.000 -9999.000 -9999.000 -9999.000 -9999.000 -9999.000 -9999.000 -9999.000 -9999.000 -9999.000 -9999.000 -9999.000 -9999.000 -9999.000 -9999.000 -9999.000 -9999.000 -9999.000 -9999.000 -9999.000 -9999.000 -9999.000
-9999.000 -9999.000 -9999.000 -9999.000 -9999.000 -9999.000 -9999.000 -9999.000 -9999.000 -9999.000 -9999.000 -9999.000 -9999.000 -9999.000 -9999.000 -0.6357119E-01 -0.4063556E-01 -0.3399102E-01 -0.3905104E-01 -0.4860765E-01 -0.5997298E-01 -0.7247461E-01 -0.8493691E-01 -0.9685645E-01 -0.1082678 -0.1188944 -0.1292694 -0.1422523 -0.1670076 -0.2124565 -0.2124565 -9999.000 -9999.000 -9999.000 -9999.000 -9999.000 -9999.000 -9999.000 -9999.000 -9999.000 -9999.000 -9999.000 -9999.000 -9999.000 -9999.000 -9999.000 -9999.000 -9999.000 -9999.000 -9999.000 -9999.000 -9999.000 -9999.000 -9999.000 -9999.000 -9999.000 -9999.000 -9999.000 -9999.000
-9999.000 -9999.000 -9999.000 -9999.000 -9999.000 -9999.000 -9999.000 -9999.000 -9999.000 -9999.000 -9999.000 -9999.000 -9999.000 -9999.000 -9999.000 -0.5776966E-01 -0.3292082E-01 -0.2570233E-01 -0.3152359E-01 -0.4231274E-01 -0.5510365E-01 -0.6918327E-01 -0.8320259E-01 -0.9661698E-01 -0.1094814 -0.1214614 -0.1331874 -0.1479840 -0.1765190 -0.2331766 -0.2331766 -9999.000 -9999.000 -9999.000 -9999.000 -9999.000 -9999.000 -9999.000 -9999.000 -9999.000 -9999.000 -9999.000 -9999.000 -9999.000 -9999.000 -9999.000 -9999.000 -9999.000 -9999.000 -9999.000 -9999.000 -9999.000 -9999.000 -9999.000 -9999.000 -9999.000 -9999.000 -9999.000 -9999.000
-9999.000 -9999.000 -9999.000 -9999.000 -9999.000 -9999.000 -9999.000 -9999.000 -9999.000 -9999.000 -9999.000 -9999.000 -9999.000 -9999.000 -9999.000 -0.5136575E-01 -0.2475461E-01 -0.1700902E-01 -0.2365240E-01 -0.3571666E-01 -0.4996549E-01 -0.6565940E-01 -0.8125903E-01 -0.9618688E-01 -0.1105254 -0.1238729 -0.1369762 -0.1536902 -0.1863903 -0.2570479 -0.2570479 -9999.000 -9999.000 -9999.000 -9999.000 -9999.000 -9999.000 -9999.000 -9999.000 -9999.000 -9999.000 -9999.000 -9999.000 -9999.000 -9999.000 -9999.000 -9999.000 -9999.000 -9999.000 -9999.000 -9999.000 -9999.000 -9999.000 -9999.000 -9999.000 -9999.000 -9999.000 -9999.000 -9999.000
-9999.000 -9999.000 -9999.000 -9999.000 -9999.000 -9999.000 -9999.000 -9999.000 -9999.000 -9999.000 -9999.000 -9999.000 -9999.000 -9999.000 -9999.000 -0.4425463E-01 -0.1606085E-01 -0.7844821E-02 -0.1538013E-01 -0.2876507E-01 -0.4450412E-01 -0.6184756E-01 -0.7904527E-01 -0.9549724E-01 -0.1113234 -0.1260408 -0.1405380 -0.1592799 -0.1965991 -0.2850448 -0.2850448 -9999.000 -9999.000 -9999.000 -9999.000 -9999.000 -9999.000 -9999.000 -9999.000 -9999.000 -9999.000 -9999.000 -9999.000 -9999.000 -9999.000 -9999.000 -9999.000 -9999.000 -9999.000 -9999.000 -9999.000 -9999.000 -9999.000 -9999.000 -9999.000 -9999.000 -9999.000 -9999.000 -9999.000
-9999.000 -9999.000 -9999.000 -9999.000 -9999.000 -9999.000 -9999.000 -9999.000 -9999.000 -9999.000 -9999.000 -9999.000 -9999.000 -9999.000 -9999.000 -0.3608976E-01 -0.6603002E-02 0.1927975E-02 -0.6647380E-02 -0.2141604E-01 -0.3868304E-01 -0.5770988E-01 -0.7651236E-01 -0.9448372E-01 -0.1117930 -0.1278601 -0.1437466 -0.1646270 -0.2071009 -0.3186242 -0.3186242 -9999.000 -9999.000 -9999.000 -9999.000 -9999.000 -9999.000 -9999.000 -9999.000 -9999.000 -9999.000 -9999.000 -9999.000 -9999.000 -9999.000 -9999.000 -9999.000 -9999.000 -9999.000 -9999.000 -9999.000 -9999.000 -9999.000 -9999.000 -9999.000 -9999.000 -9999.000 -9999.000 -9999.000
-9999.000 -9999.000 -9999.000 -9999.000 -9999.000 -9999.000 -9999.000 -9999.000 -9999.000 -9999.000 -9999.000 -9999.000 -9999.000 -9999.000 -9999.000 -0.1376227E-02 0.1118049E-01 0.1031053E-01 -0.3115902E-02 -0.1893428E-01 -0.3719486E-01 -0.5727081E-01 -0.7698420E-01 -0.9579807E-01 -0.1139694 -0.1308153 -0.1476090 -0.1703062 -0.2179805 -0.3576408 -0.3576408 -9999.000 -9999.000 -9999.000 -9999.000 -9999.000 -9999.000 -9999.000 -9999.000 -9999.000 -9999.000 -9999.000 -9999.000 -9999.000 -9999.000 -9999.000 -9999.000 -9999.000 -9999.000 -9999.000 -9999.000 -9999.000 -9999.000 -9999.000 -9999.000 -9999.000 -9999.000 -9999.000 -9999.000
-0.4076309E-02 -0.4076309E-02 -0.4695599E-02 -0.6459816E-02 -0.6337845E-02 -0.6337845E-02 -0.6291914E-02 -0.6282859E-02 -0.6282859E-02 -0.6276045E-02 -0.6276045E-02 -0.6252733E-02 -0.6237437E-02 -0.6220934E-02 -0.6207108E-02 -0.6207108E-02 0.2136300E-01 0.1563094E-01 0.7256060E-03 -0.1975333E-01 -0.4473484E-01 -0.7304504E-01 -0.1029908 -0.1331339 -0.1624837 -0.1900361 -0.2155261 -0.2409050 -0.2745277 -0.3572482 -0.3572482 -0.1962342 -0.1043482 -0.3514923E-01 -0.2600706E-01 -0.2600706E-01 -0.1883000E-01 -0.1883000E-01 -0.5769969E-02 -0.5769969E-02 0.5431911E-02 0.2704908E-01 0.2704908E-01 0.3058521E-03 0.3058521E-03 -0.3378257E-02 -0.3378257E-02 -0.3378257E-02 0.8492223E-03 0.8492223E-03 0.1466794E-02 0.1466794E-02 0.4374901E-03 0.4374901E-03 -0.9042147E-03 -0.9042147E-03 -0.2160730E-02 -0.2160730E-02 -0.2160730E-02
-0.6163191E-02 -0.6163191E-02 -0.7050755E-02 -0.9175648E-02 -0.8879418E-02 -0.8879418E-02 -0.8791068E-02 -0.8822972E-02 -0.8822972E-02 -0.8854314E-02 -0.8854314E-02 -0.8844349E-02 -0.8831988E-02 -0.8818245E-02 -0.8817591E-02 -0.8817591E-02 0.1711269E-01 0.1163748E-01 -0.4247718E-02 -0.3008543E-01 -0.6377967E-01 -0.1034043 -0.1473038 -0.1935946 -0.2403480 -0.2859153 -0.3286141 -0.3666780 -0.3981223 -0.4221165 -0.4221165 -0.2845299 -0.1878273 -0.9625469E-01 -0.7803220E-01 -0.7803220E-01 -0.5304106E-01 -0.5304106E-01 -0.8815411E-02 -0.8815411E-02 0.2449185E-01 0.8677557E-01 0.8677557E-01 0.5803211E-01 0.5803211E-01 0.1193525E-01 0.1193525E-01 0.1193525E-01 0.6565983E-02 0.6565983E-02 0.2534744E-02 0.2534744E-02 -0.1535029E-02 -0.1535029E-02 -0.5127813E-02 -0.5127813E-02 -0.7885558E-02 -0.7885558E-02 -0.7885558E-02
-0.4884556E-02 -0.4884556E-02 -0.6292819E-02 -0.7756415E-02 -0.7431495E-02 -0.7431495E-02 -0.7338670E-02 -0.7428278E-02 -0.7428278E-02 -0.7511883E-02 -0.7511883E-02 -0.7529936E-02 -0.7528322E-02 -0.7525454E-02 -0.7554836E-02 -0.7554836E-02 0.9952724E-02 0.4216082E-02 -0.1202404E-01 -0.3840405E-01 -0.7344977E-01 -0.1155710 -0.1633774 -0.2153823 -0.2699643 -0.3255701 -0.3804969 -0.4326795 -0.4792669 -0.5128161 -0.5128161 -0.4223598 -0.3379236 -0.2223092 -0.1845920 -0.1845920 -0.1144274 -0.1144274 -0.1005910E-01 -0.1005910E-01 0.5578142E-01 0.1684646 0.1684646 0.1699779 0.1699779 0.5678316E-01 0.5678316E-01 0.5678316E-01 0.2186189E-01 0.2186189E-01 0.3632983E-02 0.3632983E-02 -0.7467060E-02 -0.7467060E-02 -0.1482078E-01 -0.1482078E-01 -0.1926815E-01 -0.1926815E-01 -0.1926815E-01
-0.3692734E-02 -0.3692734E-02 -0.5405116E-02 -0.6230229E-02 -0.5911623E-02 -0.5911623E-02 -0.5819595E-02 -0.5929406E-02 -0.5929406E-02 -0.6026858E-02 -0.6026858E-02 -0.6045697E-02 -0.6042848E-02 -0.6038732E-02 -0.6089936E-02 -0.6089936E-02 0.2522113E-02 -0.5260156E-02 -0.2296155E-01 -0.5026392E-01 -0.8610295E-01 -0.1291844 -0.1783072 -0.2322717 -0.2898097 -0.3496756 -0.4105001 -0.4705170 -0.5270061 -0.5725270 -0.5725270 -0.5281298 -0.4670484 -0.3528129 -0.3002642 -0.3002642 -0.1745151 -0.1745151 0.1938749E-02 0.1938749E-02 0.9492725E-01 0.2335117 0.2335117 0.2558443 0.2558443 0.1116414 0.1116414 0.1116414 0.4417352E-01 0.4417352E-01 0.6518426E-02 0.6518426E-02 -0.1473024E-01 -0.1473024E-01 -0.2701363E-01 -0.2701363E-01 -0.3320842E-01 -0.3320842E-01 -0.3320842E-01
-0.2620780E-02 -0.2620780E-02 -0.4360509E-02 -0.4676011E-02 -0.4403216E-02 -0.4403216E-02 -0.4327865E-02 -0.4443404E-02 -0.4443404E-02 -0.4540010E-02 -0.4540010E-02 -0.4557268E-02 -0.4553473E-02 -0.4548031E-02 -0.4626727E-02 -0.4626727E-02 -0.5175272E-02 -0.1667110E-01 -0.3725810E-01 -0.6660848E-01 -0.1039035 -0.1481118 -0.1982177 -0.2532240 -0.3121008 -0.3738296 -0.4373232 -0.5011891 -0.5631826 -0.6170549 -0.6170549 -0.6079879 -0.5714920 -0.4680232 -0.4002331 -0.4002331 -0.2068372 -0.2068372 0.3154825E-01 0.3154825E-01 0.1349743 0.2706679 0.2706679 0.3015827 0.3015827 0.1621836 0.1621836 0.1621836 0.7086681E-01 0.7086681E-01 0.1326459E-01 0.1326459E-01 -0.2010749E-01 -0.2010749E-01 -0.3855330E-01 -0.3855330E-01 -0.4691378E-01 -0.4691378E-01 -0.4691378E-01
-0.1680983E-02 -0.1680983E-02 -0.3118842E-02 -0.3117048E-02 -0.2918992E-02 -0.2918992E-02 -0.2869086E-02 -0.2969623E-02 -0.2969623E-02 -0.3046348E-02 -0.3046348E-02 -0.3054105E-02 -0.3046776E-02 -0.3037973E-02 -0.3151353E-02 -0.3151353E-02 -0.1353584E-01 -0.3029145E-01 -0.5530217E-01 -0.8804971E-01 -0.1277988 -0.1737215 -0.2250091 -0.2808796 -0.3405330 -0.4031582 -0.4678867 -0.5336192 -0.5985667 -0.6577774 -0.6577774 -0.6732947 -0.6574253 -0.5571814 -0.4638495 -0.4638495 -0.1943187 -0.1943187 0.6829366E-01 0.6829366E-01 0.1630993 0.2784697 0.2784697 0.3120005 0.3120005 0.1994321 0.1994321 0.1994321 0.9821697E-01 0.9821697E-01 0.2414971E-01 0.2414971E-01 -0.2195437E-01 -0.2195437E-01 -0.4765099E-01 -0.4765099E-01 -0.5878398E-01 -0.5878398E-01 -0.5878398E-01
-0.8296474E-03 -0.8296474E-03 -0.1647823E-02 -0.1558140E-02 -0.1454719E-02 -0.1454719E-02 -0.1432096E-02 -0.1491183E-02 -0.1491183E-02 -0.1529818E-02 -0.1529818E-02 -0.1527632E-02 -0.1520417E-02 -0.1512683E-02 -0.1677743E-02 -0.1677743E-02 -0.2325891E-01 -0.4683373E-01 -0.7788932E-01 -0.1155141 -0.1589041 -0.2073505 -0.2602414 -0.3170300 -0.3771771 -0.4401200 -0.5052254 -0.5716632 -0.6380297 -0.7003951 -0.7003951 -0.7318927 -0.7297426 -0.6057060 -0.4693160 -0.4693160 -0.1433396 -0.1433396 0.9467465E-01 0.9467465E-01 0.1704468 0.2627501 0.2627501 0.2975095 0.2975095 0.2191481 0.2191481 0.2191481 0.1216898 0.1216898 0.3779891E-01 0.3779891E-01 -0.1976555E-01 -0.1976555E-01 -0.5319133E-01 -0.5319133E-01 -0.6764796E-01 -0.6764796E-01 -0.6764796E-01
-0.4609061E-07 -0.4609061E-07 0.1504447E-07 0.5016967E-07 0.000000 0.000000 0.2054908E-07 -0.4031927E-09 -0.4031927E-09 0.7395381E-07 0.7395381E-07 0.9450331E-07 -0.4543712E-07 0.7759886E-07 -0.2404100E-03 -0.2404100E-03 -0.3536976E-01 -0.6750239E-01 -0.1063370 -0.1504013 -0.1987080 -0.2505969 -0.3056310 -0.3635080 -0.4239727 -0.4867544 -0.5515059 -0.6176922 -0.6842458 -0.7477967 -0.7477967 -0.7875585 -0.7874238 -0.5896484 -0.4048760 -0.4048760 -0.8284989E-01 -0.8284989E-01 0.1006403 0.1006403 0.1577157 0.2323170 0.2323170 0.2680363 0.2680363 0.2213132 0.2213132 0.2213132 0.1371751 0.1371751 0.5160254E-01 0.5160254E-01 -0.1405635E-01 -0.1405635E-01 -0.5458754E-01 -0.5458754E-01 -0.7256198E-01 -0.7256198E-01 -0.7256198E-01
0.8296793E-03 0.8296793E-03 0.1647865E-02 0.1558264E-02 0.1454747E-02 0.1454747E-02 0.1432206E-02 0.1491236E-02 0.1491236E-02 0.1529835E-02 0.1529835E-02 0.1527915E-02 0.1520481E-02 0.1512853E-02 0.1170593E-02 0.1170593E-02 -0.5134567E-01 -0.9415351E-01 -0.1426816 -0.1948006 -0.2492954 -0.3055365 -0.3632616 -0.4224221 -0.4830633 -0.5452358 -0.6089178 -0.6739000 -0.7393582 -0.8015274 -0.8015274 -0.8393514 -0.8170416 -0.4922470 -0.2933948 -0.2933948 -0.4061209E-01 -0.4061209E-01 0.8873397E-01 0.8873397E-01 0.1323396 0.1950353 0.1950353 0.2307695 0.2307695 0.2086122 0.2086122 0.2086122 0.1421444 0.1421444 0.6249811E-01 0.6249811E-01 -0.6194273E-02 -0.6194273E-02 -0.5179717E-01 -0.5179717E-01 -0.7283644E-01 -0.7283644E-01 -0.7283644E-01
0.1681075E-02 0.1681075E-02 0.3118969E-02 0.3117201E-02 0.2918954E-02 0.2918954E-02 0.2869196E-02 0.2969745E-02 0.2969745E-02 0.3046378E-02 0.3046378E-02 0.3054127E-02 0.3046896E-02 0.3038067E-02 0.2562559E-02 0.2562559E-02 -0.7353109E-01 -0.1297327 -0.1901008 -0.2518772 -0.3136941 -0.3750217 -0.4358248 -0.4963435 -0.5569439 -0.6180133 -0.6798750 -0.7426426 -0.8053848 -0.8611455 -0.8611455 -0.8755242 -0.7810672 -0.3419205 -0.1863272 -0.1863272 -0.2339947E-01 -0.2339947E-01 0.6777363E-01 0.6777363E-01 0.1024231 0.1561513 0.1561513 0.1901890 0.1901890 0.1847613 0.1847613 0.1847613 0.1361050 0.1361050 0.6790110E-01 0.6790110E-01 0.1973811E-02 0.1973811E-02 -0.4530225E-01 -0.4530225E-01 -0.6811608E-01 -0.6811608E-01 -0.6811608E-01
0.2621004E-02 0.2621004E-02 0.4360558E-02 0.4676109E-02 0.4403335E-02 0.4403335E-02 0.4328002E-02 0.4443534E-02 0.4443534E-02 0.4540158E-02 0.4540158E-02 0.4557222E-02 0.4553560E-02 0.4547921E-02 0.3893212E-02 0.3893212E-02 -0.1059111 -0.1790494 -0.2536044 -0.3264645 -0.3963746 -0.4631035 -0.5269737 -0.5885907 -0.6486785 -0.7079732 -0.7671444 -0.8265288 -0.8837141 -0.9187649 -0.9187649 -0.8546427 -0.6280724 -0.2067041 -0.1178483 -0.1178483 -0.2135393E-01 -0.2135393E-01 0.4537984E-01 0.4537984E-01 0.7322564E-01 0.1184411 0.1184411 0.1488627 0.1488627 0.1533805 0.1533805 0.1533805 0.1202812 0.1202812 0.6642470E-01 0.6642470E-01 0.8636297E-02 0.8636297E-02 -0.3599593E-01 -0.3599593E-01 -0.5846974E-01 -0.5846974E-01 -0.5846974E-01
0.3692776E-02 0.3692776E-02 0.5405110E-02 0.6230296E-02 0.5911762E-02 0.5911762E-02 0.5819653E-02 0.5929571E-02 0.5929571E-02 0.6026843E-02 0.6026843E-02 0.6045786E-02 0.6042933E-02 0.6038628E-02 0.5133031E-02 0.5133031E-02 -0.1556358 -0.2502402 -0.3412977 -0.4261168 -0.5041268 -0.5757684 -0.6419481 -0.7037618 -0.7623473 -0.8188033 -0.8741331 -0.9284450 -0.9719000 -0.9366317 -0.9366317 -0.6950772 -0.3791425 -0.1250754 -0.8412402E-01 -0.8412402E-01 -0.2319928E-01 -0.2319928E-01 0.2568626E-01 0.2568626E-01 0.4726375E-01 0.8324097E-01 0.8324097E-01 0.1083551 0.1083551 0.1175796 0.1175796 0.1175796 0.9694520E-01 0.9694520E-01 0.5812941E-01 0.5812941E-01 0.1255319E-01 0.1255319E-01 -0.2496081E-01 -0.2496081E-01 -0.4445915E-01 -0.4445915E-01 -0.4445915E-01
