simulation_files/asc/Velocity__x_144.0.asc
NCOLS        79
NROWS        79
XLLCENTER         -1.500000
YLLCENTER         -4.800000
CELLSIZE           0.100
NODATA_VALUE     -9999.0
[rows 0 to 25 of 79, columns 0 to 57 of 79]
-9999.000 -9999.000 -9999.000 -9999.000 -9999.000 -9999.000 -9999.000 -9999.000 -9999.000 -9999.000 -9999.000 -9999.000 -9999.000 -9999.000 -9999.000 0.3967483E-03 0.1729999E-02 0.4019432E-02 0.6252793E-02 0.8251240E-02 0.9908156E-02 0.1116054E-01 0.1199168E-01 0.1242174E-01 0.1249265E-01 0.1223798E-01 0.1162791E-01 0.1038296E-01 0.7551169E-02 0.3671760E-02 0.3671760E-02 -9999.000 -9999.000 -9999.000 -9999.000 -9999.000 -9999.000 -9999.000 -9999.000 -9999.000 -9999.000 -9999.000 -9999.000 -9999.000 -9999.000 -9999.000 -9999.000 -9999.000 -9999.000 -9999.000 -9999.000 -9999.000 -9999.000 -9999.000 -9999.000 -9999.000 -9999.000 -9999.000
-9999.000 -9999.000 -9999.000 -9999.000 -9999.000 -9999.000 -9999.000 -9999.000 -9999.000 -9999.000 -9999.000 -9999.000 -9999.000 -9999.000 -9999.000 0.1324432E-02 0.3641179E-02 0.6941525E-02 0.1013594E-01 0.1300091E-01 0.1538305E-01 0.1717711E-01 0.1832995E-01 0.1883062E-01 0.1869507E-01 0.1793593E-01 0.1651125E-01 0.1416147E-01 0.1005077E-01 0.4916211E-02 0.4916211E-02 -9999.000 -9999.000 -9999.000 -9999.000 -9999.000 -9999.000 -9999.000 -9999.000 -9999.000 -9999.000 -9999.000 -9999.000 -9999.000 -9999.000 -9999.000 -9999.000 -9999.000 -9999.000 -9999.000 -9999.000 -9999.000 -9999.000 -9999.000 -9999.000 -9999.000 -9999.000 -9999.000
-9999.000 -9999.000 -9999.000 -9999.000 -9999.000 -9999.000 -9999.000 -9999.000 -9999.000 -9999.000 -9999.000 -9999.000 -9999.000 -9999.000 -9999.000 0.1895409E-02 0.4851873E-02 0.8848858E-02 0.1268260E-01 0.1610378E-01 0.1893523E-01 0.2105107E-01 0.2238209E-01 0.2290719E-01 0.2263811E-01 0.2158925E-01 0.1972522E-01 0.1678923E-01 0.1192075E-01 0.5879019E-02 0.5879019E-02 -9999.000 -9999.000 -9999.000 -9999.000 -9999.000 -9999.000 -9999.000 -9999.000 -9999.000 -9999.000 -9999.000 -9999.000 -9999.000 -9999.000 -9999.000 -9999.000 -9999.000 -9999.000 -9999.000 -9999.000 -9999.000 -9999.000 -9999.000 -9999.000 -9999.000 -9999.000 -9999.000
-9999.000 -9999.000 -9999.000 -9999.000 -9999.000 -9999.000 -9999.000 -9999.000 -9999.000 -9999.000 -9999.000 -9999.000 -9999.000 -9999.000 -9999.000 0.2295464E-02 0.5700825E-02 0.1018702E-01 0.1447187E-01 0.1828727E-01 0.2143981E-01 0.2379028E-01 0.2526023E-01 0.2582409E-01 0.2549324E-01 0.2428431E-01 0.2216366E-01 0.1886495E-01 0.1347658E-01 0.6709151E-02 0.6709151E-02 -9999.000 -9999.000 -9999.000 -9999.000 -9999.000 -9999.000 -9999.000 -9999.000 -9999.000 -9999.000 -9999.000 -9999.000 -9999.000 -9999.000 -9999.000 -9999.000 -9999.000 -9999.000 -9999.000 -9999.000 -9999.000 -9999.000 -9999.000 -9999.000 -9999.000 -9999.000 -9999.000
-9999.000 -9999.000 -9999.000 -9999.000 -9999.000 -9999.000 -9999.000 -9999.000 -9999.000 -9999.000 -9999.000 -9999.000 -9999.000 -9999.000 -9999.000 0.2613089E-02 0.6371516E-02 0.1123966E-01 0.1587976E-01 0.2001014E-01 0.2342502E-01 0.2597471E-01 0.2757491E-01 0.2819736E-01 0.2785392E-01 0.2656214E-01 0.2428688E-01 0.2074415E-01 0.1495315E-01 0.7522075E-02 0.7522075E-02 -9999.000 -9999.000 -9999.000 -9999.000 -9999.000 -9999.000 -9999.000 -9999.000 -9999.000 -9999.000 -9999.000 -9999.000 -9999.000 -9999.000 -9999.000 -9999.000 -9999.000 -9999.000 -9999.000 -9999.000 -9999.000 -9999.000 -9999.000 -9999.000 -9999.000 -9999.000 -9999.000
-9999.000 -9999.000 -9999.000 -9999.000 -9999.000 -9999.000 -9999.000 -9999.000 -9999.000 -9999.000 -9999.000 -9999.000 -9999.000 -9999.000 -9999.000 0.2899103E-02 0.6970872E-02 0.1217359E-01 0.1712674E-01 0.2153873E-01 0.2519335E-01 0.2793264E-01 0.2966759E-01 0.3036829E-01 0.3004730E-01 0.2872266E-01 0.2635535E-01 0.2263710E-01 0.1649967E-01 0.8395103E-02 0.8395103E-02 -9999.000 -9999.000 -9999.000 -9999.000 -9999.000 -9999.000 -9999.000 -9999.000 -9999.000 -9999.000 -9999.000 -9999.000 -9999.000 -9999.000 -9999.000 -9999.000 -9999.000 -9999.000 -9999.000 -9999.000 -9999.000 -9999.000 -9999.000 -9999.000 -9999.000 -9999.000 -9999.000
-9999.000 -9999.000 -9999.000 -9999.000 -9999.000 -9999.000 -9999.000 -9999.000 -9999.000 -9999.000 -9999.000 -9999.000 -9999.000 -9999.000 -9999.000 0.3182919E-02 0.7560762E-02 0.1308522E-01 0.1834080E-01 0.2302757E-01 0.2692062E-01 0.2985460E-01 0.3173677E-01 0.3253660E-01 0.3226757E-01 0.3094837E-01 0.2853387E-01 0.2468520E-01 0.1822661E-01 0.9389624E-02 0.9389624E-02 -9999.000 -9999.000 -9999.000 -9999.000 -9999.000 -9999.000 -9999.000 -9999.000 -9999.000 -9999.000 -9999.000 -9999.000 -9999.000 -9999.000 -9999.000 -9999.000 -9999.000 -9999.000 -9999.000 -9999.000 -9999.000 -9999.000 -9999.000 -9999.000 -9999.000 -9999.000 -9999.000
-9999.000 -9999.000 -9999.000 -9999.000 -9999.000 -9999.000 -9999.000 -9999.000 -9999.000 -9999.000 -9999.000 -9999.000 -9999.000 -9999.000 -9999.000 0.3482696E-02 0.8179083E-02 0.1403369E-01 0.1960006E-01 0.2457193E-01 0.2871607E-01 0.3186058E-01 0.3390985E-01 0.3483340E-01 0.3464689E-01 0.3336909E-01 0.3094748E-01 0.2700530E-01 0.2023561E-01 0.1056651E-01 0.1056651E-01 -9999.000 -9999.000 -9999.000 -9999.000 -9999.000 -9999.000 -9999.000 -9999.000 -9999.000 -9999.000 -9999.000 -9999.000 -9999.000 -9999.000 -9999.000 -9999.000 -9999.000 -9999.000 -9999.000 -9999.000 -9999.000 -9999.000 -9999.000 -9999.000 -9999.000 -9999.000 -9999.000
-9999.000 -9999.000 -9999.000 -9999.000 -9999.000 -9999.000 -9999.000 -9999.000 -9999.000 -9999.000 -9999.000 -9999.000 -9999.000 -9999.000 -9999.000 0.3810395E-02 0.8851802E-02 0.1506005E-01 0.2095975E-01 0.2623934E-01 0.3065817E-01 0.3403871E-01 0.3628318E-01 0.3736226E-01 0.3729438E-01 0.3609888E-01 0.3371397E-01 0.2971714E-01 0.2264179E-01 0.1199845E-01 0.1199845E-01 -9999.000 -9999.000 -9999.000 -9999.000 -9999.000 -9999.000 -9999.000 -9999.000 -9999.000 -9999.000 -9999.000 -9999.000 -9999.000 -9999.000 -9999.000 -9999.000 -9999.000 -9999.000 -9999.000 -9999.000 -9999.000 -9999.000 -9999.000 -9999.000 -9999.000 -9999.000 -9999.000
-9999.000 -9999.000 -9999.000 -9999.000 -9999.000 -9999.000 -9999.000 -9999.000 -9999.000 -9999.000 -9999.000 -9999.000 -9999.000 -9999.000 -9999.000 0.4176488E-02 0.9600722E-02 0.1619907E-01 0.2246732E-01 0.2808978E-01 0.3281860E-01 0.3647136E-01 0.3894928E-01 0.4022551E-01 0.4032306E-01 0.3926205E-01 0.3696971E-01 0.3296758E-01 0.2559510E-01 0.1378295E-01 0.1378295E-01 -9999.000 -9999.000 -9999.000 -9999.000 -9999.000 -9999.000 -9999.000 -9999.000 -9999.000 -9999.000 -9999.000 -9999.000 -9999.000 -9999.000 -9999.000 -9999.000 -9999.000 -9999.000 -9999.000 -9999.000 -9999.000 -9999.000 -9999.000 -9999.000 -9999.000 -9999.000 -9999.000
-9999.000 -9999.000 -9999.000 -9999.000 -9999.000 -9999.000 -9999.000 -9999.000 -9999.000 -9999.000 -9999.000 -9999.000 -9999.000 -9999.000 -9999.000 0.4591262E-02 0.1044900E-01 0.1748871E-01 0.2417478E-01 0.3018880E-01 0.3527666E-01 0.3925196E-01 0.4201624E-01 0.4354724E-01 0.4387367E-01 0.4301811E-01 0.4089509E-01 0.3695806E-01 0.2930843E-01 0.1606125E-01 0.1606125E-01 -9999.000 -9999.000 -9999.000 -9999.000 -9999.000 -9999.000 -9999.000 -9999.000 -9999.000 -9999.000 -9999.000 -9999.000 -9999.000 -9999.000 -9999.000 -9999.000 -9999.000 -9999.000 -9999.000 -9999.000 -9999.000 -9999.000 -9999.000 -9999.000 -9999.000 -9999.000 -9999.000
-9999.000 -9999.000 -9999.000 -9999.000 -9999.000 -9999.000 -9999.000 -9999.000 -9999.000 -9999.000 -9999.000 -9999.000 -9999.000 -9999.000 -9999.000 0.5068724E-02 0.1142642E-01 0.1897736E-01 0.2614993E-01 0.3262380E-01 0.3813925E-01 0.4250724E-01 0.4563191E-01 0.4749807E-01 0.4814346E-01 0.4759438E-01 0.4575125E-01 0.4198485E-01 0.3410270E-01 0.1904786E-01 0.1904786E-01 -9999.000 -9999.000 -9999.000 -9999.000 -9999.000 -9999.000 -9999.000 -9999.000 -9999.000 -9999.000 -9999.000 -9999.000 -9999.000 -9999.000 -9999.000 -9999.000 -9999.000 -9999.000 -9999.000 -9999.000 -9999.000 -9999.000 -9999.000 -9999.000 -9999.000 -9999.000 -9999.000
-9999.000 -9999.000 -9999.000 -9999.000 -9999.000 -9999.000 -9999.000 -9999.000 -9999.000 -9999.000 -9999.000 -9999.000 -9999.000 -9999.000 -9999.000 0.5629151E-02 0.1257776E-01 0.2073820E-01 0.2849406E-01 0.3552439E-01 0.4156479E-01 0.4642610E-01 0.5001782E-01 0.5233578E-01 0.5343173E-01 0.5333868E-01 0.5194192E-01 0.4851106E-01 0.4048803E-01 0.2308678E-01 0.2308678E-01 -9999.000 -9999.000 -9999.000 -9999.000 -9999.000 -9999.000 -9999.000 -9999.000 -9999.000 -9999.000 -9999.000 -9999.000 -9999.000 -9999.000 -9999.000 -9999.000 -9999.000 -9999.000 -9999.000 -9999.000 -9999.000 -9999.000 -9999.000 -9999.000 -9999.000 -9999.000 -9999.000
-9999.000 -9999.000 -9999.000 -9999.000 -9999.000 -9999.000 -9999.000 -9999.000 -9999.000 -9999.000 -9999.000 -9999.000 -9999.000 -9999.000 -9999.000 0.6366173E-02 0.1408431E-01 0.2303716E-01 0.3153958E-01 0.3927238E-01 0.4597272E-01 0.5146000E-01 0.5565842E-01 0.5858487E-01 0.6031356E-01 0.6089220E-01 0.6019213E-01 0.5735870E-01 0.4937169E-01 0.2881161E-01 0.2881161E-01 -9999.000 -9999.000 -9999.000 -9999.000 -9999.000 -9999.000 -9999.000 -9999.000 -9999.000 -9999.000 -9999.000 -9999.000 -9999.000 -9999.000 -9999.000 -9999.000 -9999.000 -9999.000 -9999.000 -9999.000 -9999.000 -9999.000 -9999.000 -9999.000 -9999.000 -9999.000 -9999.000
-9999.000 -9999.000 -9999.000 -9999.000 -9999.000 -9999.000 -9999.000 -9999.000 -9999.000 -9999.000 -9999.000 -9999.000 -9999.000 -9999.000 -9999.000 0.2094905E-01 0.3455099E-01 0.4768128E-01 0.5756872E-01 0.6474228E-01 0.6964369E-01 0.7267269E-01 0.7419919E-01 0.7454901E-01 0.7397888E-01 0.7260510E-01 0.7028198E-01 0.6598254E-01 0.5625862E-01 0.2884664E-01 0.2884664E-01 -9999.000 -9999.000 -9999.000 -9999.000 -9999.000 -9999.000 -9999.000 -9999.000 -9999.000 -9999.000 -9999.000 -9999.000 -9999.000 -9999.000 -9999.000 -9999.000 -9999.000 -9999.000 -9999.000 -9999.000 -9999.000 -9999.000 -9999.000 -9999.000 -9999.000 -9999.000 -9999.000
2.436900 2.436900 2.480967 2.523114 2.529346 2.529346 2.533160 2.536692 2.536692 2.536783 2.536783 2.534519 2.532721 2.530576 2.528139 2.528139 2.470402 2.451026 2.422992 2.381626 2.324552 2.250268 2.158340 2.049307 1.924668 1.787454 1.644211 1.507208 1.402191 1.388937 1.388937 2.228777 2.381639 2.444885 2.455788 2.455788 2.459110 2.459110 2.399843 2.399843 2.333171 2.000323 2.000323 1.665359 1.665359 1.586776 1.586776 1.586776 1.619498 1.619498 1.667265 1.667265 1.715967 1.715967 1.759318 1.759318 1.794671 1.794671
2.453121 2.453121 2.511866 2.568673 2.585156 2.585156 2.599203 2.623084 2.623084 2.643359 2.643359 2.661120 2.669275 2.677040 2.684471 2.684471 2.661292 2.660766 2.662566 2.662149 2.656172 2.641733 2.616294 2.577677 2.524190 2.454953 2.367821 2.271399 2.181942 2.143775 2.143775 2.605755 2.759020 2.890432 2.921582 2.921582 2.947157 2.947157 2.922880 2.922880 2.886467 2.719104 2.719104 2.452996 2.452996 2.353041 2.353041 2.353041 2.384742 2.384742 2.431294 2.431294 2.479873 2.479873 2.525963 2.525963 2.565466 2.565466
2.456799 2.456799 2.515867 2.568963 2.585615 2.585615 2.599894 2.624277 2.624277 2.645109 2.645109 2.663510 2.672019 2.680161 2.687989 2.687989 2.674103 2.679180 2.690504 2.703050 2.713438 2.719375 2.719104 2.711040 2.693624 2.665482 2.624721 2.574553 2.523786 2.500034 2.500034 2.789011 2.935984 3.093475 3.134477 3.134477 3.165055 3.165055 3.134213 3.134213 3.096658 2.974972 2.974972 2.781043 2.781043 2.661125 2.661125 2.661125 2.680373 2.680373 2.718928 2.718928 2.761421 2.761421 2.801381 2.801381 2.835550 2.835550
2.459739 2.459739 2.518931 2.568895 2.585510 2.585510 2.599831 2.624288 2.624288 2.645140 2.645140 2.663548 2.672061 2.680210 2.688047 2.688047 2.682333 2.692075 2.709496 2.729060 2.746970 2.760985 2.769794 2.772537 2.768504 2.757050 2.737094 2.710396 2.682884 2.673501 2.673501 2.856530 2.991216 3.157584 3.202684 3.202684 3.228060 3.228060 3.182546 3.182546 3.143782 3.055179 3.055179 2.928292 2.928292 2.804740 2.804740 2.804740 2.809768 2.809768 2.840738 2.840738 2.878700 2.878700 2.915105 2.915105 2.946442 2.946442
2.461992 2.461992 2.521257 2.568855 2.585401 2.585401 2.599756 2.624283 2.624283 2.645148 2.645148 2.663549 2.672060 2.680206 2.688043 2.688043 2.691910 2.707497 2.730969 2.756631 2.780493 2.800200 2.814462 2.822612 2.824323 2.819479 2.807790 2.790698 2.772821 2.767949 2.767949 2.886998 3.002997 3.161347 3.200910 3.200910 3.204604 3.204604 3.147325 3.147325 3.116026 3.066657 3.066657 3.000503 3.000503 2.893164 2.893164 2.893164 2.883482 2.883482 2.904139 2.904139 2.936068 2.936068 2.968774 2.968774 2.997353 2.997353
2.463582 2.463582 2.522891 2.568834 2.585309 2.585309 2.599690 2.624278 2.624278 2.645155 2.645155 2.663551 2.672059 2.680204 2.688040 2.688040 2.703480 2.726219 2.756062 2.787445 2.816553 2.841098 2.859795 2.871984 2.877399 2.876064 2.868059 2.854626 2.839515 2.833130 2.833130 2.908555 3.001203 3.130315 3.150823 3.150823 3.121078 3.121078 3.070848 3.070848 3.057818 3.051270 3.051270 3.033818 3.033818 2.957464 2.957464 2.957464 2.937521 2.937521 2.946427 2.946427 2.970284 2.970284 2.997817 2.997817 3.022655 3.022655
2.464528 2.464528 2.523860 2.568828 2.585250 2.585250 2.599645 2.624274 2.624274 2.645160 2.645160 2.663553 2.672059 2.680202 2.688037 2.688037 2.717874 2.748998 2.785564 2.822350 2.856027 2.884609 2.906955 2.922444 2.930804 2.932037 2.926294 2.914541 2.899682 2.889445 2.889445 2.932402 2.997021 3.066488 3.053807 3.053807 3.000615 3.000615 2.986241 2.986241 2.996189 3.027044 3.027044 3.044767 3.044767 3.005469 3.005469 3.005469 2.982963 2.982963 2.981558 2.981558 2.995900 2.995900 3.016458 3.016458 3.036120 3.036120
2.464842 2.464842 2.524182 2.568827 2.585230 2.585230 2.599629 2.624274 2.624274 2.645162 2.645162 2.663553 2.672059 2.680202 2.688037 2.688037 2.736297 2.776895 2.820419 2.862230 2.899717 2.931408 2.956466 2.974417 2.985030 2.988268 2.984239 2.973606 2.958420 2.943873 2.943873 2.960438 2.989177 2.957328 2.910080 2.910080 2.873481 2.873481 2.912048 2.912048 2.941643 2.999706 2.999706 3.041595 3.041595 3.038285 3.038285 3.038285 3.020808 3.020808 3.012970 3.012970 3.017839 3.017839 3.029997 3.029997 3.043001 3.043001
2.464527 2.464527 2.523860 2.568828 2.585250 2.585250 2.599645 2.624274 2.624274 2.645160 2.645160 2.663552 2.672059 2.680202 2.688037 2.688037 2.760408 2.811356 2.861812 2.908063 2.948427 2.982121 3.008754 3.028116 3.040096 3.044664 3.041871 3.032103 3.016555 2.997409 2.997409 2.987759 2.962356 2.792826 2.739705 2.739705 2.766451 2.766451 2.851450 2.851450 2.894089 2.970263 2.970263 3.028865 3.028865 3.056644 3.056644 3.056644 3.049317 3.049317 3.039847 3.039847 3.036853 3.036853 3.040003 3.040003 3.045130 3.045130
2.463582 2.463582 2.522892 2.568835 2.585309 2.585309 2.599690 2.624279 2.624279 2.645156 2.645156 2.663552 2.672060 2.680204 2.688040 2.688040 2.792517 2.854323 2.911231 2.960945 3.002943 3.037277 3.064117 3.083616 3.095854 3.100868 3.098679 3.089433 3.073286 3.047312 3.047312 2.999006 2.880554 2.593841 2.584767 2.584767 2.686472 2.686472 2.799966 2.799966 2.850287 2.938644 2.938644 3.009151 3.009151 3.061828 3.061828 3.061828 3.066684 3.066684 3.059714 3.059714 3.051461 3.051461 3.045970 3.045970 3.042541 3.042541
2.461992 2.461992 2.521257 2.568854 2.585401 2.585401 2.599756 2.624283 2.624283 2.645148 2.645148 2.663550 2.672060 2.680207 2.688043 2.688043 2.835895 2.908379 2.970488 3.022030 3.063914 3.097152 3.122559 3.140694 3.151881 3.156262 3.153864 3.144578 3.126585 3.084230 3.084230 2.954233 2.694347 2.418411 2.473370 2.473370 2.622836 2.622836 2.751228 2.751228 2.806113 2.903289 2.903289 2.982434 2.982434 3.054016 3.054016 3.054016 3.070648 3.070648 3.068707 3.068707 3.057934 3.057934 3.045028 3.045028 3.033119 3.033119
