simulation_files/asc/Velocity____301.0.asc
NCOLS        79
NROWS        79
XLLCENTER         -1.500000
YLLCENTER         -4.800000
CELLSIZE           0.100
NODATA_VALUE     -9999.0
[rows 0 to 26 of 79, columns 0 to 59 of 79]
-9999.000 -9999.000 -9999.000 -9999.000 -9999.000 -9999.000 -9999.000 -9999.000 -9999.000 -9999.000 -9999.000 -9999.000 -9999.000 -9999.000 -9999.000 0.9562497E-01 0.9336251E-01 0.9286577E-01 0.9338521E-01 0.9428276E-01 0.9525252E-01 0.9617160E-01 0.9693336E-01 0.9749655E-01 0.9788632E-01 0.9812221E-01 0.9827307E-01 0.9854517E-01 0.9952869E-01 0.1005497 0.1005497 -9999.000 -9999.000 -9999.000 -9999.000 -9999.000 -9999.000 -9999.000 -9999.000 -9999.000 -9999.000 -9999.000 -9999.000 -9999.000 -9999.000 -9999.000 -9999.000 -9999.000 -9999.000 -9999.000 -9999.000 -9999.000 -9999.000 -9999.000 -9999.000 -9999.000 -9999.000 -9999.000 -9999.000 -9999.000
-9999.000 -9999.000 -9999.000 -9999.000 -9999.000 -9999.000 -9999.000 -9999.000 -9999.000 -9999.000 -9999.000 -9999.000 -9999.000 -9999.000 -9999.000 0.9464528E-01 0.9002565E-01 0.8904403E-01 0.9016427E-01 0.9205602E-01 0.9410917E-01 0.9608661E-01 0.9777157E-01 0.9906946E-01 0.1000205 0.1006574 0.1011247 0.1018820 0.1042372 0.1069939 0.1069939 -9999.000 -9999.000 -9999.000 -9999.000 -9999.000 -9999.000 -9999.000 -9999.000 -9999.000 -9999.000 -9999.000 -9999.000 -9999.000 -9999.000 -9999.000 -9999.000 -9999.000 -9999.000 -9999.000 -9999.000 -9999.000 -9999.000 -9999.000 -9999.000 -9999.000 -9999.000 -9999.000 -9999.000 -9999.000
-9999.000 -9999.000 -9999.000 -9999.000 -9999.000 -9999.000 -9999.000 -9999.000 -9999.000 -9999.000 -9999.000 -9999.000 -9999.000 -9999.000 -9999.000 0.9234708E-01 0.8523460E-01 0.8366964E-01 0.8545933E-01 0.8848641E-01 0.9180483E-01 0.9506523E-01 0.9794215E-01 0.1002903 0.1021666 0.1036059 0.1048192 0.1065229 0.1107990 0.1161300 0.1161300 -9999.000 -9999.000 -9999.000 -9999.000 -9999.000 -9999.000 -9999.000 -9999.000 -9999.000 -9999.000 -9999.000 -9999.000 -9999.000 -9999.000 -9999.000 -9999.000 -9999.000 -9999.000 -9999.000 -9999.000 -9999.000 -9999.000 -9999.000 -9999.000 -9999.000 -9999.000 -9999.000 -9999.000 -9999.000
-9999.000 -9999.000 -9999.000 -9999.000 -9999.000 -9999.000 -9999.000 -9999.000 -9999.000 -9999.000 -9999.000 -9999.000 -9999.000 -9999.000 -9999.000 0.8940306E-01 0.7987615E-01 0.7773308E-01 0.8021928E-01 0.8440782E-01 0.8901989E-01 0.9360851E-01 0.9774949E-01 0.1012517 0.1041876 0.1065860 0.1087123 0.1115360 0.1179388 0.1263997 0.1263997 -9999.000 -9999.000 -9999.000 -9999.000 -9999.000 -9999.000 -9999.000 -9999.000 -9999.000 -9999.000 -9999.000 -9999.000 -9999.000 -9999.000 -9999.000 -9999.000 -9999.000 -9999.000 -9999.000 -9999.000 -9999.000 -9999.000 -9999.000 -9999.000 -9999.000 -9999.000 -9999.000 -9999.000 -9999.000
-9999.000 -9999.000 -9999.000 -9999.000 -9999.000 -9999.000 -9999.000 -9999.000 -9999.000 -9999.000 -9999.000 -9999.000 -9999.000 -9999.000 -9999.000 0.8604410E-01 0.7414884E-01 0.7144305E-01 0.7466615E-01 0.8004633E-01 0.8597486E-01 0.9192108E-01 0.9736878E-01 0.1020848 0.1061579 0.1096045 0.1127403 0.1167949 0.1254928 0.1376579 0.1376579 -9999.000 -9999.000 -9999.000 -9999.000 -9999.000 -9999.000 -9999.000 -9999.000 -9999.000 -9999.000 -9999.000 -9999.000 -9999.000 -9999.000 -9999.000 -9999.000 -9999.000 -9999.000 -9999.000 -9999.000 -9999.000 -9999.000 -9999.000 -9999.000 -9999.000 -9999.000 -9999.000 -9999.000 -9999.000
-9999.000 -9999.000 -9999.000 -9999.000 -9999.000 -9999.000 -9999.000 -9999.000 -9999.000 -9999.000 -9999.000 -9999.000 -9999.000 -9999.000 -9999.000 0.8235230E-01 0.6813558E-01 0.6490535E-01 0.6892481E-01 0.7553308E-01 0.8279818E-01 0.9012215E-01 0.9690280E-01 0.1028690 0.1081280 0.1126774 0.1168839 0.1222500 0.1334011 0.1499239 0.1499239 -9999.000 -9999.000 -9999.000 -9999.000 -9999.000 -9999.000 -9999.000 -9999.000 -9999.000 -9999.000 -9999.000 -9999.000 -9999.000 -9999.000 -9999.000 -9999.000 -9999.000 -9999.000 -9999.000 -9999.000 -9999.000 -9999.000 -9999.000 -9999.000 -9999.000 -9999.000 -9999.000 -9999.000 -9999.000
-9999.000 -9999.000 -9999.000 -9999.000 -9999.000 -9999.000 -9999.000 -9999.000 -9999.000 -9999.000 -9999.000 -9999.000 -9999.000 -9999.000 -9999.000 0.7833952E-01 0.6186474E-01 0.5817953E-01 0.6307603E-01 0.7095163E-01 0.7956665E-01 0.8827918E-01 0.9640814E-01 0.1036481 0.1101258 0.1158154 0.1211354 0.1278810 0.1416515 0.1633165 0.1633165 -9999.000 -9999.000 -9999.000 -9999.000 -9999.000 -9999.000 -9999.000 -9999.000 -9999.000 -9999.000 -9999.000 -9999.000 -9999.000 -9999.000 -9999.000 -9999.000 -9999.000 -9999.000 -9999.000 -9999.000 -9999.000 -9999.000 -9999.000 -9999.000 -9999.000 -9999.000 -9999.000 -9999.000 -9999.000
-9999.000 -9999.000 -9999.000 -9999.000 -9999.000 -9999.000 -9999.000 -9999.000 -9999.000 -9999.000 -9999.000 -9999.000 -9999.000 -9999.000 -9999.000 0.7398323E-01 0.5534061E-01 0.5131559E-01 0.5719383E-01 0.6636970E-01 0.7633560E-01 0.8643628E-01 0.9591907E-01 0.1044466 0.1121675 0.1190243 0.1254916 0.1336813 0.1502555 0.1780319 0.1780319 -9999.000 -9999.000 -9999.000 -9999.000 -9999.000 -9999.000 -9999.000 -9999.000 -9999.000 -9999.000 -9999.000 -9999.000 -9999.000 -9999.000 -9999.000 -9999.000 -9999.000 -9999.000 -9999.000 -9999.000 -9999.000 -9999.000 -9999.000 -9999.000 -9999.000 -9999.000 -9999.000 -9999.000 -9999.000
-9999.000 -9999.000 -9999.000 -9999.000 -9999.000 -9999.000 -9999.000 -9999.000 -9999.000 -9999.000 -9999.000 -9999.000 -9999.000 -9999.000 -9999.000 0.6924156E-01 0.4856058E-01 0.4438492E-01 0.5137325E-01 0.6186252E-01 0.7315733E-01 0.8462972E-01 0.9546113E-01 0.1052824 0.1142637 0.1223079 0.1299506 0.1396490 0.1592367 0.1943437 0.1943437 -9999.000 -9999.000 -9999.000 -9999.000 -9999.000 -9999.000 -9999.000 -9999.000 -9999.000 -9999.000 -9999.000 -9999.000 -9999.000 -9999.000 -9999.000 -9999.000 -9999.000 -9999.000 -9999.000 -9999.000 -9999.000 -9999.000 -9999.000 -9999.000 -9999.000 -9999.000 -9999.000 -9999.000 -9999.000
-9999.000 -9999.000 -9999.000 -9999.000 -9999.000 -9999.000 -9999.000 -9999.000 -9999.000 -9999.000 -9999.000 -9999.000 -9999.000 -9999.000 -9999.000 0.6405960E-01 0.4152841E-01 0.3752460E-01 0.4576446E-01 0.5753089E-01 0.7009443E-01 0.8289952E-01 0.9506076E-01 0.1061727 0.1164253 0.1256704 0.1345115 0.1457861 0.1686273 0.2126224 0.2126224 -9999.000 -9999.000 -9999.000 -9999.000 -9999.000 -9999.000 -9999.000 -9999.000 -9999.000 -9999.000 -9999.000 -9999.000 -9999.000 -9999.000 -9999.000 -9999.000 -9999.000 -9999.000 -9999.000 -9999.000 -9999.000 -9999.000 -9999.000 -9999.000 -9999.000 -9999.000 -9999.000 -9999.000 -9999.000
-9999.000 -9999.000 -9999.000 -9999.000 -9999.000 -9999.000 -9999.000 -9999.000 -9999.000 -9999.000 -9999.000 -9999.000 -9999.000 -9999.000 -9999.000 0.5837075E-01 0.3427766E-01 0.3102858E-01 0.4062023E-01 0.5352189E-01 0.6723177E-01 0.8129761E-01 0.9475200E-01 0.1071406 0.1186675 0.1291197 0.1391759 0.1520961 0.1784658 0.2333704 0.2333704 -9999.000 -9999.000 -9999.000 -9999.000 -9999.000 -9999.000 -9999.000 -9999.000 -9999.000 -9999.000 -9999.000 -9999.000 -9999.000 -9999.000 -9999.000 -9999.000 -9999.000 -9999.000 -9999.000 -9999.000 -9999.000 -9999.000 -9999.000 -9999.000 -9999.000 -9999.000 -9999.000 -9999.000 -9999.000
-9999.000 -9999.000 -9999.000 -9999.000 -9999.000 -9999.000 -9999.000 -9999.000 -9999.000 -9999.000 -9999.000 -9999.000 -9999.000 -9999.000 -9999.000 0.5209617E-01 0.2693459E-01 0.2555010E-01 0.3636741E-01 0.5005636E-01 0.6469288E-01 0.7989988E-01 0.9458653E-01 0.1082228 0.1210169 0.1326722 0.1439526 0.1585881 0.1887988 0.2572807 0.2572807 -9999.000 -9999.000 -9999.000 -9999.000 -9999.000 -9999.000 -9999.000 -9999.000 -9999.000 -9999.000 -9999.000 -9999.000 -9999.000 -9999.000 -9999.000 -9999.000 -9999.000 -9999.000 -9999.000 -9999.000 -9999.000 -9999.000 -9999.000 -9999.000 -9999.000 -9999.000 -9999.000 -9999.000 -9999.000
-9999.000 -9999.000 -9999.000 -9999.000 -9999.000 -9999.000 -9999.000 -9999.000 -9999.000 -9999.000 -9999.000 -9999.000 -9999.000 -9999.000 -9999.000 0.4514314E-01 0.1993529E-01 0.2241625E-01 0.3367637E-01 0.4746492E-01 0.6266518E-01 0.7882665E-01 0.9465062E-01 0.1094854 0.1235246 0.1363654 0.1488670 0.1652845 0.1996855 0.2853368 0.2853368 -9999.000 -9999.000 -9999.000 -9999.000 -9999.000 -9999.000 -9999.000 -9999.000 -9999.000 -9999.000 -9999.000 -9999.000 -9999.000 -9999.000 -9999.000 -9999.000 -9999.000 -9999.000 -9999.000 -9999.000 -9999.000 -9999.000 -9999.000 -9999.000 -9999.000 -9999.000 -9999.000 -9999.000 -9999.000
-9999.000 -9999.000 -9999.000 -9999.000 -9999.000 -9999.000 -9999.000 -9999.000 -9999.000 -9999.000 -9999.000 -9999.000 -9999.000 -9999.000 -9999.000 0.3722961E-01 0.1534696E-01 0.2425786E-01 0.3422184E-01 0.4691288E-01 0.6198733E-01 0.7869482E-01 0.9540923E-01 0.1112844 0.1264643 0.1404070 0.1540750 0.1723037 0.2112510 0.3190196 0.3190196 -9999.000 -9999.000 -9999.000 -9999.000 -9999.000 -9999.000 -9999.000 -9999.000 -9999.000 -9999.000 -9999.000 -9999.000 -9999.000 -9999.000 -9999.000 -9999.000 -9999.000 -9999.000 -9999.000 -9999.000 -9999.000 -9999.000 -9999.000 -9999.000 -9999.000 -9999.000 -9999.000 -9999.000 -9999.000
-9999.000 -9999.000 -9999.000 -9999.000 -9999.000 -9999.000 -9999.000 -9999.000 -9999.000 -9999.000 -9999.000 -9999.000 -9999.000 -9999.000 -9999.000 0.5821245E-01 0.8833343E-01 0.1000065 0.9298433E-01 0.9178428E-01 0.9389469E-01 0.1002407 0.1097509 0.1210444 0.1335751 0.1461497 0.1594502 0.1787140 0.2223287 0.3576029 0.3576029 -9999.000 -9999.000 -9999.000 -9999.000 -9999.000 -9999.000 -9999.000 -9999.000 -9999.000 -9999.000 -9999.000 -9999.000 -9999.000 -9999.000 -9999.000 -9999.000 -9999.000 -9999.000 -9999.000 -9999.000 -9999.000 -9999.000 -9999.000 -9999.000 -9999.000 -9999.000 -9999.000 -9999.000 -9999.000
2.769342 2.769342 2.755047 2.778664 2.797144 2.797144 2.800080 2.800733 2.800733 2.797941 2.797941 2.792634 2.789265 2.785521 2.781633 2.781633 2.889846 2.892971 2.893133 2.870481 2.828074 2.764874 2.679074 2.571504 2.444640 2.299867 2.141515 1.979868 1.841790 1.801873 1.801873 2.623837 2.792430 2.886333 2.909073 2.909073 2.936857 2.936857 2.909612 2.909612 2.859857 2.664002 2.664002 2.223789 2.223789 1.997617 1.997617 1.997617 1.995127 1.995127 2.032210 2.032210 2.081184 2.081184 2.130533 2.130533 2.173668 2.173668 2.173668 2.206820
2.791968 2.791968 2.782562 2.831444 2.856988 2.856988 2.871810 2.894917 2.894917 2.914011 2.914011 2.930346 2.937726 2.944683 2.951437 2.951437 3.032489 3.048423 3.062583 3.071279 3.074848 3.071760 3.059274 3.034908 2.996622 2.942136 2.870386 2.782692 2.685858 2.620307 2.620307 3.058935 3.211307 3.357743 3.397161 3.397161 3.440053 3.440053 3.435399 3.435399 3.410342 3.299472 3.299472 3.058793 3.058793 2.820527 2.820527 2.820527 2.816887 2.816887 2.855936 2.855936 2.908027 2.908027 2.960028 2.960028 3.006428 3.006428 3.006428 3.044546
2.795709 2.795709 2.786257 2.832857 2.856450 2.856450 2.872037 2.896068 2.896068 2.915797 2.915797 2.932851 2.940635 2.948026 2.955261 2.955261 3.028700 3.055554 3.080402 3.101337 3.118347 3.131209 3.139075 3.140949 3.135722 3.121686 3.097215 3.061744 3.018123 2.988327 2.988327 3.238487 3.383818 3.551272 3.599634 3.599634 3.646206 3.646206 3.629723 3.629723 3.597977 3.496885 3.496885 3.336804 3.336804 3.117062 3.117062 3.117062 3.096998 3.096998 3.124852 3.124852 3.168935 3.168935 3.214860 3.214860 3.256642 3.256642 3.256642 3.291379
2.793914 2.793914 2.792784 2.833352 2.855523 2.855523 2.871536 2.896079 2.896079 2.915863 2.915863 2.932901 2.940683 2.948077 2.955359 2.955359 3.024759 3.061048 3.095813 3.126601 3.152669 3.173833 3.189899 3.200731 3.206252 3.206060 3.199582 3.186605 3.168831 3.159756 3.159756 3.314054 3.442937 3.614437 3.665637 3.665637 3.703463 3.703463 3.663409 3.663409 3.623724 3.537579 3.537579 3.439832 3.439832 3.260401 3.260401 3.260401 3.224345 3.224345 3.238892 3.238892 3.275156 3.275156 3.316575 3.316575 3.355340 3.355340 3.355340 3.387727
2.794796 2.794796 2.797104 2.833587 2.854776 2.854776 2.871080 2.896082 2.896082 2.915913 2.915913 2.932917 2.940686 2.948071 2.955413 2.955413 3.024775 3.069427 3.113314 3.153154 3.187615 3.216265 3.238971 3.255788 3.266951 3.272658 3.273081 3.268636 3.260965 3.259145 3.259145 3.357842 3.465834 3.625724 3.669433 3.669433 3.675664 3.675664 3.607842 3.607842 3.569623 3.516637 3.516637 3.474691 3.474691 3.349520 3.349520 3.349520 3.303624 3.303624 3.303192 3.303192 3.329184 3.329184 3.364611 3.364611 3.399541 3.399541 3.399541 3.428983
2.795438 2.795438 2.800054 2.833708 2.854231 2.854231 2.870719 2.896083 2.896083 2.915957 2.915957 2.932934 2.940694 2.948072 2.955507 2.955507 3.029739 3.082248 3.134467 3.182483 3.224616 3.260233 3.289158 3.311454 3.327379 3.337282 3.341585 3.340966 3.336999 3.336088 3.336088 3.398026 3.482212 3.610252 3.630284 3.630284 3.581993 3.581993 3.504876 3.504876 3.483281 3.475885 3.475885 3.479575 3.479575 3.411059 3.411059 3.411059 3.365338 3.365338 3.352084 3.352084 3.365931 3.365931 3.393068 3.393068 3.422366 3.422366 3.422366 3.447508
2.795827 2.795827 2.801770 2.833767 2.853899 2.853899 2.870489 2.896084 2.896084 2.915987 2.915987 2.932945 2.940698 2.948072 2.955643 2.955643 3.040512 3.100899 3.160795 3.216065 3.264951 3.306762 3.341311 3.368652 3.389020 3.402752 3.410295 3.412323 3.410167 3.408221 3.408221 3.444245 3.502168 3.567141 3.541718 3.541718 3.438485 3.438485 3.390370 3.390370 3.395637 3.432318 3.432318 3.469324 3.469324 3.451532 3.451532 3.451532 3.415637 3.415637 3.395156 3.395156 3.397142 3.397142 3.414179 3.414179 3.435865 3.435865 3.435865 3.455113
2.795959 2.795959 2.802332 2.833783 2.853787 2.853787 2.870409 2.896084 2.896084 2.915998 2.915998 2.932950 2.940700 2.948072 2.955837 2.955837 3.058206 3.126904 3.193972 3.255564 3.310132 3.357111 3.396390 3.428068 3.452368 3.469597 3.480151 3.484594 3.483911 3.480690 3.480690 3.497087 3.523743 3.475413 3.390200 3.390200 3.276278 3.276278 3.290146 3.290146 3.321212 3.390835 3.390835 3.450529 3.450529 3.474155 3.474155 3.474155 3.454348 3.454348 3.433533 3.433533 3.426231 3.426231 3.432473 3.432473 3.444835 3.444835 3.444835 3.456575
2.795828 2.795828 2.801770 2.833767 2.853899 2.853899 2.870489 2.896084 2.896084 2.915987 2.915987 2.932945 2.940698 2.948072 2.956112 2.956112 3.084379 3.162069 3.235888 3.302830 3.361871 3.412767 3.455606 3.490600 3.518016 3.538152 3.551343 3.558022 3.558740 3.553890 3.553890 3.551371 3.531391 3.308110 3.184532 3.184532 3.133876 3.133876 3.213562 3.213562 3.261925 3.352123 3.352123 3.426895 3.426895 3.482347 3.482347 3.482347 3.480734 3.480734 3.465496 3.465496 3.452952 3.452952 3.449100 3.449100 3.451050 3.451050 3.451050 3.453900
2.795438 2.795438 2.800055 2.833709 2.854230 2.854230 2.870719 2.896084 2.896084 2.915957 2.915957 2.932934 2.940694 2.948072 2.956495 2.956495 3.121338 3.208747 3.288819 3.359987 3.422089 3.475412 3.520365 3.557358 3.586761 3.608899 3.624074 3.632579 3.634264 3.625299 3.625299 3.592460 3.485562 3.069698 2.972904 2.972904 3.031096 3.031096 3.153250 3.153250 3.210963 3.313418 3.313418 3.398645 3.398645 3.477869 3.477869 3.477869 3.493464 3.493464 3.487450 3.487450 3.473945 3.473945 3.461895 3.461895 3.453291 3.453291 3.453291 3.446422
2.794796 2.794796 2.797104 2.833587 2.854775 2.854775 2.871079 2.896082 2.896082 2.915913 2.915913 2.932917 2.940686 2.948072 2.957024 2.957024 3.172622 3.270193 3.355650 3.429554 3.492964 3.546899 3.592218 3.629600 3.659563 3.682497 3.698699 3.708275 3.709306 3.685890 3.685890 3.579794 3.320716 2.821910 2.813478 2.813478 2.958126 2.958126 3.099686 3.099686 3.162148 3.272283 3.272283 3.365044 3.365044 3.461502 3.461502 3.461502 3.491555 3.491555 3.495885 3.495885 3.484499 3.484499 3.466756 3.466756 3.448384 3.448384 3.448384 3.431716
2.793914 2.793914 2.792785 2.833352 2.855524 2.855524 2.871536 2.896079 2.896079 2.915863 2.915863 2.932900 2.940682 2.948076 2.957769 2.957769 3.243873 3.351155 3.440249 3.514657 3.577027 3.629293 3.672846 3.708678 3.737482 3.759728 3.775729 3.785083 3.779451 3.701876 3.701876 3.424393 3.001232 2.650884 2.709263 2.709263 2.891687 2.891687 3.041657 3.041657 3.106951 3.222686 3.222686 3.321168 3.321168 3.429957 3.429957 3.429957 3.471207 3.471207 3.485054 3.485054 3.477379 3.477379 3.456288 3.456288 3.429680 3.429680 3.429680 3.404000
