simulation_files/asc/Velocity__x_140.0.asc
NCOLS        79
NROWS        79
XLLCENTER         -1.500000
YLLCENTER         -4.800000
CELLSIZE           0.100
NODATA_VALUE     -9999.0
[rows 0 to 25 of 79, columns 0 to 57 of 79]
-9999.000 -9999.000 -9999.000 -9999.000 -9999.000 -9999.000 -9999.000 -9999.000 -9999.000 -9999.000 -9999.000 -9999.000 -9999.000 -9999.000 -9999.000 0.3268406E-03 0.1580474E-02 0.3786109E-02 0.5947827E-02 0.7887420E-02 0.9498809E-02 0.1072743E-01 0.1156217E-01 0.1202627E-01 0.1216052E-01 0.1199724E-01 0.1149172E-01 0.1032182E-01 0.7491529E-02 0.3616621E-02 0.3616621E-02 -9999.000 -9999.000 -9999.000 -9999.000 -9999.000 -9999.000 -9999.000 -9999.000 -9999.000 -9999.000 -9999.000 -9999.000 -9999.000 -9999.000 -9999.000 -9999.000 -9999.000 -9999.000 -9999.000 -9999.000 -9999.000 -9999.000 -9999.000 -9999.000 -9999.000 -9999.000 -9999.000
-9999.000 -9999.000 -9999.000 -9999.000 -9999.000 -9999.000 -9999.000 -9999.000 -9999.000 -9999.000 -9999.000 -9999.000 -9999.000 -9999.000 -9999.000 0.1225313E-02 0.3437840E-02 0.6636076E-02 0.9746846E-02 0.1254737E-01 0.1488517E-01 0.1666294E-01 0.1783245E-01 0.1838504E-01 0.1833392E-01 0.1768688E-01 0.1638442E-01 0.1412223E-01 0.1001932E-01 0.4880880E-02 0.4880880E-02 -9999.000 -9999.000 -9999.000 -9999.000 -9999.000 -9999.000 -9999.000 -9999.000 -9999.000 -9999.000 -9999.000 -9999.000 -9999.000 -9999.000 -9999.000 -9999.000 -9999.000 -9999.000 -9999.000 -9999.000 -9999.000 -9999.000 -9999.000 -9999.000 -9999.000 -9999.000 -9999.000
-9999.000 -9999.000 -9999.000 -9999.000 -9999.000 -9999.000 -9999.000 -9999.000 -9999.000 -9999.000 -9999.000 -9999.000 -9999.000 -9999.000 -9999.000 0.1788183E-02 0.4636581E-02 0.8531976E-02 0.1228484E-01 0.1564652E-01 0.1843996E-01 0.2054711E-01 0.2190367E-01 0.2248995E-01 0.2231422E-01 0.2138543E-01 0.1964856E-01 0.1679955E-01 0.1192828E-01 0.5863906E-02 0.5863906E-02 -9999.000 -9999.000 -9999.000 -9999.000 -9999.000 -9999.000 -9999.000 -9999.000 -9999.000 -9999.000 -9999.000 -9999.000 -9999.000 -9999.000 -9999.000 -9999.000 -9999.000 -9999.000 -9999.000 -9999.000 -9999.000 -9999.000 -9999.000 -9999.000 -9999.000 -9999.000 -9999.000
-9999.000 -9999.000 -9999.000 -9999.000 -9999.000 -9999.000 -9999.000 -9999.000 -9999.000 -9999.000 -9999.000 -9999.000 -9999.000 -9999.000 -9999.000 0.2188670E-02 0.5490256E-02 0.9883516E-02 0.1409685E-01 0.1786263E-01 0.2098644E-01 0.2333677E-01 0.2484029E-01 0.2547250E-01 0.2524069E-01 0.2415556E-01 0.2216327E-01 0.1894622E-01 0.1353768E-01 0.6721335E-02 0.6721335E-02 -9999.000 -9999.000 -9999.000 -9999.000 -9999.000 -9999.000 -9999.000 -9999.000 -9999.000 -9999.000 -9999.000 -9999.000 -9999.000 -9999.000 -9999.000 -9999.000 -9999.000 -9999.000 -9999.000 -9999.000 -9999.000 -9999.000 -9999.000 -9999.000 -9999.000 -9999.000 -9999.000
-9999.000 -9999.000 -9999.000 -9999.000 -9999.000 -9999.000 -9999.000 -9999.000 -9999.000 -9999.000 -9999.000 -9999.000 -9999.000 -9999.000 -9999.000 0.2508671E-02 0.6169591E-02 0.1095477E-01 0.1553410E-01 0.1962550E-01 0.2302154E-01 0.2558083E-01 0.2722333E-01 0.2792205E-01 0.2768418E-01 0.2652076E-01 0.2437514E-01 0.2090854E-01 0.1507766E-01 0.7566752E-02 0.7566752E-02 -9999.000 -9999.000 -9999.000 -9999.000 -9999.000 -9999.000 -9999.000 -9999.000 -9999.000 -9999.000 -9999.000 -9999.000 -9999.000 -9999.000 -9999.000 -9999.000 -9999.000 -9999.000 -9999.000 -9999.000 -9999.000 -9999.000 -9999.000 -9999.000 -9999.000 -9999.000 -9999.000
-9999.000 -9999.000 -9999.000 -9999.000 -9999.000 -9999.000 -9999.000 -9999.000 -9999.000 -9999.000 -9999.000 -9999.000 -9999.000 -9999.000 -9999.000 0.2797213E-02 0.6777170E-02 0.1190580E-01 0.1680803E-01 0.2119149E-01 0.2483729E-01 0.2759607E-01 0.2938343E-01 0.3017002E-01 0.2996344E-01 0.2877427E-01 0.2654070E-01 0.2289458E-01 0.1669688E-01 0.8477586E-02 0.8477586E-02 -9999.000 -9999.000 -9999.000 -9999.000 -9999.000 -9999.000 -9999.000 -9999.000 -9999.000 -9999.000 -9999.000 -9999.000 -9999.000 -9999.000 -9999.000 -9999.000 -9999.000 -9999.000 -9999.000 -9999.000 -9999.000 -9999.000 -9999.000 -9999.000 -9999.000 -9999.000 -9999.000
-9999.000 -9999.000 -9999.000 -9999.000 -9999.000 -9999.000 -9999.000 -9999.000 -9999.000 -9999.000 -9999.000 -9999.000 -9999.000 -9999.000 -9999.000 0.3083815E-02 0.7374735E-02 0.1283247E-01 0.1804553E-01 0.2271334E-01 0.2660735E-01 0.2957138E-01 0.3151711E-01 0.3241486E-01 0.3227227E-01 0.3109909E-01 0.2882566E-01 0.2504744E-01 0.1850766E-01 0.9516737E-02 0.9516737E-02 -9999.000 -9999.000 -9999.000 -9999.000 -9999.000 -9999.000 -9999.000 -9999.000 -9999.000 -9999.000 -9999.000 -9999.000 -9999.000 -9999.000 -9999.000 -9999.000 -9999.000 -9999.000 -9999.000 -9999.000 -9999.000 -9999.000 -9999.000 -9999.000 -9999.000 -9999.000 -9999.000
-9999.000 -9999.000 -9999.000 -9999.000 -9999.000 -9999.000 -9999.000 -9999.000 -9999.000 -9999.000 -9999.000 -9999.000 -9999.000 -9999.000 -9999.000 0.3386668E-02 0.8001642E-02 0.1379588E-01 0.1932685E-01 0.2428825E-01 0.2844260E-01 0.3162779E-01 0.3375319E-01 0.3478893E-01 0.3474376E-01 0.3362621E-01 0.3135714E-01 0.2748693E-01 0.2061545E-01 0.1074756E-01 0.1074756E-01 -9999.000 -9999.000 -9999.000 -9999.000 -9999.000 -9999.000 -9999.000 -9999.000 -9999.000 -9999.000 -9999.000 -9999.000 -9999.000 -9999.000 -9999.000 -9999.000 -9999.000 -9999.000 -9999.000 -9999.000 -9999.000 -9999.000 -9999.000 -9999.000 -9999.000 -9999.000 -9999.000
-9999.000 -9999.000 -9999.000 -9999.000 -9999.000 -9999.000 -9999.000 -9999.000 -9999.000 -9999.000 -9999.000 -9999.000 -9999.000 -9999.000 -9999.000 0.3719438E-02 0.8685860E-02 0.1483996E-01 0.2071058E-01 0.2598774E-01 0.3042567E-01 0.3385772E-01 0.3619162E-01 0.3739870E-01 0.3749010E-01 0.3647321E-01 0.3425711E-01 0.3033810E-01 0.2314067E-01 0.1224625E-01 0.1224625E-01 -9999.000 -9999.000 -9999.000 -9999.000 -9999.000 -9999.000 -9999.000 -9999.000 -9999.000 -9999.000 -9999.000 -9999.000 -9999.000 -9999.000 -9999.000 -9999.000 -9999.000 -9999.000 -9999.000 -9999.000 -9999.000 -9999.000 -9999.000 -9999.000 -9999.000 -9999.000 -9999.000
-9999.000 -9999.000 -9999.000 -9999.000 -9999.000 -9999.000 -9999.000 -9999.000 -9999.000 -9999.000 -9999.000 -9999.000 -9999.000 -9999.000 -9999.000 0.4093796E-02 0.9452122E-02 0.1600356E-01 0.2224944E-01 0.2787712E-01 0.3263364E-01 0.3634878E-01 0.3893043E-01 0.4035259E-01 0.4063062E-01 0.3977075E-01 0.3766900E-01 0.3375590E-01 0.2624274E-01 0.1411683E-01 0.1411683E-01 -9999.000 -9999.000 -9999.000 -9999.000 -9999.000 -9999.000 -9999.000 -9999.000 -9999.000 -9999.000 -9999.000 -9999.000 -9999.000 -9999.000 -9999.000 -9999.000 -9999.000 -9999.000 -9999.000 -9999.000 -9999.000 -9999.000 -9999.000 -9999.000 -9999.000 -9999.000 -9999.000
-9999.000 -9999.000 -9999.000 -9999.000 -9999.000 -9999.000 -9999.000 -9999.000 -9999.000 -9999.000 -9999.000 -9999.000 -9999.000 -9999.000 -9999.000 0.4522023E-02 0.1032742E-01 0.1733086E-01 0.2400309E-01 0.3003126E-01 0.3515582E-01 0.3920486E-01 0.4208810E-01 0.4378503E-01 0.4431670E-01 0.4369019E-01 0.4178689E-01 0.3795704E-01 0.3015047E-01 0.1651092E-01 0.1651092E-01 -9999.000 -9999.000 -9999.000 -9999.000 -9999.000 -9999.000 -9999.000 -9999.000 -9999.000 -9999.000 -9999.000 -9999.000 -9999.000 -9999.000 -9999.000 -9999.000 -9999.000 -9999.000 -9999.000 -9999.000 -9999.000 -9999.000 -9999.000 -9999.000 -9999.000 -9999.000 -9999.000
-9999.000 -9999.000 -9999.000 -9999.000 -9999.000 -9999.000 -9999.000 -9999.000 -9999.000 -9999.000 -9999.000 -9999.000 -9999.000 -9999.000 -9999.000 0.5020031E-02 0.1134612E-01 0.1887743E-01 0.2604910E-01 0.3254886E-01 0.3811238E-01 0.4256759E-01 0.4582922E-01 0.4788513E-01 0.4876602E-01 0.4848133E-01 0.4689662E-01 0.4326542E-01 0.3521404E-01 0.1966212E-01 0.1966212E-01 -9999.000 -9999.000 -9999.000 -9999.000 -9999.000 -9999.000 -9999.000 -9999.000 -9999.000 -9999.000 -9999.000 -9999.000 -9999.000 -9999.000 -9999.000 -9999.000 -9999.000 -9999.000 -9999.000 -9999.000 -9999.000 -9999.000 -9999.000 -9999.000 -9999.000 -9999.000 -9999.000
-9999.000 -9999.000 -9999.000 -9999.000 -9999.000 -9999.000 -9999.000 -9999.000 -9999.000 -9999.000 -9999.000 -9999.000 -9999.000 -9999.000 -9999.000 0.5610483E-02 0.1255835E-01 0.2072596E-01 0.2850226E-01 0.3557742E-01 0.4168319E-01 0.4665076E-01 0.5040341E-01 0.5294225E-01 0.5431310E-01 0.5453164E-01 0.5344687E-01 0.5019440E-01 0.4199681E-01 0.2394936E-01 0.2394936E-01 -9999.000 -9999.000 -9999.000 -9999.000 -9999.000 -9999.000 -9999.000 -9999.000 -9999.000 -9999.000 -9999.000 -9999.000 -9999.000 -9999.000 -9999.000 -9999.000 -9999.000 -9999.000 -9999.000 -9999.000 -9999.000 -9999.000 -9999.000 -9999.000 -9999.000 -9999.000 -9999.000
-9999.000 -9999.000 -9999.000 -9999.000 -9999.000 -9999.000 -9999.000 -9999.000 -9999.000 -9999.000 -9999.000 -9999.000 -9999.000 -9999.000 -9999.000 0.6392079E-02 0.1415605E-01 0.2316093E-01 0.3172151E-01 0.3953244E-01 0.4632869E-01 0.5195348E-01 0.5634946E-01 0.5954207E-01 0.6160225E-01 0.6255946E-01 0.6224955E-01 0.5966293E-01 0.5151170E-01 0.3007786E-01 0.3007786E-01 -9999.000 -9999.000 -9999.000 -9999.000 -9999.000 -9999.000 -9999.000 -9999.000 -9999.000 -9999.000 -9999.000 -9999.000 -9999.000 -9999.000 -9999.000 -9999.000 -9999.000 -9999.000 -9999.000 -9999.000 -9999.000 -9999.000 -9999.000 -9999.000 -9999.000 -9999.000 -9999.000
-9999.000 -9999.000 -9999.000 -9999.000 -9999.000 -9999.000 -9999.000 -9999.000 -9999.000 -9999.000 -9999.000 -9999.000 -9999.000 -9999.000 -9999.000 0.2104853E-01 0.3483366E-01 0.4817276E-01 0.5829986E-01 0.6573109E-01 0.7090434E-01 0.7423580E-01 0.7610301E-01 0.7683228E-01 0.7666963E-01 0.7570875E-01 0.7377157E-01 0.6963990E-01 0.5958220E-01 0.3069931E-01 0.3069931E-01 -9999.000 -9999.000 -9999.000 -9999.000 -9999.000 -9999.000 -9999.000 -9999.000 -9999.000 -9999.000 -9999.000 -9999.000 -9999.000 -9999.000 -9999.000 -9999.000 -9999.000 -9999.000 -9999.000 -9999.000 -9999.000 -9999.000 -9999.000 -9999.000 -9999.000 -9999.000 -9999.000
2.395565 2.395565 2.438641 2.481063 2.487560 2.487560 2.491604 2.495557 2.495557 2.496109 2.496109 2.494383 2.492867 2.490994 2.488806 2.488806 2.402487 2.379091 2.347198 2.302810 2.243128 2.166794 2.073518 1.963923 1.839655 1.704159 1.564402 1.432689 1.335001 1.330024 1.330024 2.176013 2.327210 2.384992 2.393224 2.393224 2.390483 2.390483 2.323479 2.323479 2.252030 1.848834 1.848834 1.586452 1.586452 1.529387 1.529387 1.529387 1.567362 1.567362 1.616701 1.616701 1.665523 1.665523 1.708218 1.708218 1.742157 1.742157
2.411419 2.411419 2.469281 2.525990 2.542608 2.542608 2.556756 2.580796 2.580796 2.601271 2.601271 2.619311 2.627620 2.635530 2.643087 2.643087 2.603617 2.600615 2.600697 2.598720 2.590865 2.574179 2.546198 2.504872 2.448693 2.376374 2.286545 2.191319 2.104351 2.072406 2.072406 2.540093 2.693638 2.822588 2.852218 2.852218 2.874078 2.874078 2.844873 2.844873 2.805500 2.607683 2.607683 2.354985 2.354985 2.279969 2.279969 2.279969 2.316615 2.316615 2.364173 2.364173 2.412409 2.412409 2.457347 2.457347 2.495691 2.495691
2.414968 2.414968 2.473329 2.526265 2.543054 2.543054 2.557433 2.581976 2.581976 2.603002 2.603002 2.621672 2.630331 2.638611 2.646559 2.646559 2.620024 2.622050 2.631772 2.643306 2.652691 2.657412 2.655638 2.645761 2.626263 2.595590 2.552234 2.501204 2.450464 2.429206 2.429206 2.727611 2.873876 3.028874 3.068357 3.068357 3.095427 3.095427 3.061012 3.061012 3.022040 2.888344 2.888344 2.693356 2.693356 2.594553 2.594553 2.594553 2.619403 2.619403 2.659169 2.659169 2.701171 2.701171 2.740116 2.740116 2.773097 2.773097
2.417795 2.417795 2.476434 2.526192 2.542939 2.542939 2.557363 2.581985 2.581985 2.603033 2.603033 2.621710 2.630372 2.638660 2.646617 2.646617 2.630643 2.636555 2.651773 2.670022 2.686913 2.699934 2.707669 2.709205 2.703816 2.690698 2.668936 2.641417 2.613858 2.606245 2.606245 2.796529 2.931415 3.095233 3.138513 3.138513 3.160231 3.160231 3.112986 3.112986 3.074448 2.982273 2.982273 2.849158 2.849158 2.739298 2.739298 2.739298 2.750968 2.750968 2.784083 2.784083 2.822026 2.822026 2.857573 2.857573 2.887694 2.887694
2.419956 2.419956 2.478790 2.526149 2.542821 2.542821 2.557281 2.581978 2.581978 2.603041 2.603041 2.621712 2.630371 2.638657 2.646613 2.646613 2.642191 2.653563 2.674260 2.698137 2.720679 2.739237 2.752394 2.759432 2.760012 2.753915 2.740930 2.723232 2.705543 2.702365 2.702365 2.827267 2.944304 3.099997 3.137361 3.137361 3.138077 3.138077 3.081979 3.081979 3.052259 3.002672 3.002672 2.929745 2.929745 2.827728 2.827728 2.827728 2.824666 2.824666 2.848513 2.848513 2.881148 2.881148 2.913285 2.913285 2.940773 2.940773
2.421479 2.421479 2.480444 2.526130 2.542725 2.542725 2.557208 2.581970 2.581970 2.603049 2.603049 2.621714 2.630371 2.638655 2.646610 2.646610 2.655256 2.673751 2.700439 2.729608 2.757051 2.780204 2.797634 2.808614 2.812863 2.810348 2.801196 2.787151 2.772237 2.767426 2.767426 2.847742 2.941988 3.068055 3.086352 3.086352 3.056592 3.056592 3.010777 3.010777 2.999654 2.993309 2.993309 2.970060 2.970060 2.892591 2.892591 2.892591 2.877847 2.877847 2.890519 2.890519 2.915842 2.915842 2.943291 2.943291 2.967313 2.967313
2.422382 2.422382 2.481424 2.526124 2.542661 2.542661 2.557159 2.581965 2.581965 2.603053 2.603053 2.621715 2.630371 2.638654 2.646608 2.646608 2.670660 2.697736 2.730982 2.765235 2.796933 2.823870 2.844758 2.858897 2.865980 2.865971 2.859049 2.846522 2.831637 2.822624 2.822624 2.869465 2.935559 3.001187 2.987861 2.987861 2.940228 2.940228 2.931734 2.931734 2.942798 2.973015 2.973015 2.986102 2.986102 2.942088 2.942088 2.942088 2.922522 2.922522 2.924664 2.924664 2.941039 2.941039 2.962067 2.962067 2.981303 2.981303
2.422683 2.422683 2.481749 2.526124 2.542639 2.542639 2.557142 2.581963 2.581963 2.603055 2.603055 2.621716 2.630371 2.638653 2.646608 2.646608 2.689626 2.726489 2.766711 2.805806 2.841071 2.870892 2.894309 2.910764 2.919979 2.921880 2.916581 2.904969 2.889425 2.875549 2.875549 2.894598 2.923357 2.888003 2.844807 2.844807 2.819004 2.819004 2.861549 2.861549 2.891223 2.947895 2.947895 2.986168 2.986168 2.976883 2.976883 2.976883 2.960083 2.960083 2.954867 2.954867 2.961934 2.961934 2.975054 2.975054 2.988103 2.988103
2.422382 2.422382 2.481424 2.526124 2.542661 2.542661 2.557159 2.581965 2.581965 2.603054 2.603054 2.621715 2.630370 2.638653 2.646607 2.646607 2.713855 2.761406 2.808710 2.852202 2.890203 2.921858 2.946695 2.964433 2.974905 2.978042 2.973884 2.962951 2.946692 2.927480 2.927480 2.918017 2.888977 2.722205 2.679912 2.679912 2.717459 2.717459 2.803321 2.803321 2.845372 2.919828 2.919828 2.975573 2.975573 2.997410 2.997410 2.997410 2.989021 2.989021 2.980865 2.980865 2.979757 2.979757 2.984163 2.984163 2.989812 2.989812
2.421479 2.421479 2.480444 2.526129 2.542724 2.542724 2.557208 2.581971 2.581971 2.603048 2.603048 2.621713 2.630370 2.638654 2.646610 2.646610 2.745682 2.804405 2.858391 2.905429 2.945034 2.977241 3.002184 3.019958 3.030602 3.034107 3.030472 3.019913 3.002715 2.975588 2.975588 2.923088 2.795601 2.528826 2.533901 2.533901 2.640673 2.640673 2.753051 2.753051 2.802553 2.889164 2.889164 2.957319 2.957319 3.004599 3.004599 3.004599 3.007316 3.007316 3.000343 3.000343 2.993287 2.993287 2.989087 2.989087 2.986604 2.986604
2.419956 2.419956 2.478790 2.526148 2.542821 2.542821 2.557281 2.581978 2.581978 2.603041 2.603041 2.621713 2.630371 2.638658 2.646613 2.646613 2.788388 2.858059 2.917516 2.966565 3.006140 3.037261 3.060736 3.077097 3.086636 3.089457 3.085558 3.074847 3.055409 3.009742 3.009742 2.867274 2.597808 2.362969 2.428354 2.428354 2.577958 2.577958 2.704765 2.704765 2.758870 2.854435 2.854435 2.931591 2.931591 2.998452 2.998452 2.998452 3.012422 3.012422 3.009403 3.009403 2.998959 2.998959 2.987135 2.987135 2.976495 2.976495
