simulation_files/asc/Velocity__y_122.0.asc
NCOLS        79
NROWS        79
XLLCENTER         -1.500000
YLLCENTER         -4.800000
CELLSIZE           0.100
NODATA_VALUE     -9999.0
[rows 0 to 25 of 79, columns 0 to 58 of 79]
-9999.000 -9999.000 -9999.000 -9999.000 -9999.000 -9999.000 -9999.000 -9999.000 -9999.000 -9999.000 -9999.000 -9999.000 -9999.000 -9999.000 -9999.000 -0.1454318 -0.1442830 -0.1442195 -0.1443172 -0.1444943 -0.1447089 -0.1449303 -0.1451289 -0.1453006 -0.1454647 -0.1456855 -0.1461114 -0.1470516 -0.1490403 -0.1492305 -0.1492305 -9999.000 -9999.000 -9999.000 -9999.000 -9999.000 -9999.000 -9999.000 -9999.000 -9999.000 -9999.000 -9999.000 -9999.000 -9999.000 -9999.000 -9999.000 -9999.000 -9999.000 -9999.000 -9999.000 -9999.000 -9999.000 -9999.000 -9999.000 -9999.000 -9999.000 -9999.000 -9999.000 -9999.000
-9999.000 -9999.000 -9999.000 -9999.000 -9999.000 -9999.000 -9999.000 -9999.000 -9999.000 -9999.000 -9999.000 -9999.000 -9999.000 -9999.000 -9999.000 -0.1433943 -0.1409661 -0.1408174 -0.1410270 -0.1414218 -0.1419111 -0.1424280 -0.1429087 -0.1433455 -0.1437818 -0.1443563 -0.1453827 -0.1475026 -0.1518065 -0.1527534 -0.1527534 -9999.000 -9999.000 -9999.000 -9999.000 -9999.000 -9999.000 -9999.000 -9999.000 -9999.000 -9999.000 -9999.000 -9999.000 -9999.000 -9999.000 -9999.000 -9999.000 -9999.000 -9999.000 -9999.000 -9999.000 -9999.000 -9999.000 -9999.000 -9999.000 -9999.000 -9999.000 -9999.000 -9999.000
-9999.000 -9999.000 -9999.000 -9999.000 -9999.000 -9999.000 -9999.000 -9999.000 -9999.000 -9999.000 -9999.000 -9999.000 -9999.000 -9999.000 -9999.000 -0.1400876 -0.1362889 -0.1360511 -0.1364381 -0.1371704 -0.1380960 -0.1391017 -0.1400800 -0.1410161 -0.1419818 -0.1432037 -0.1451876 -0.1489546 -0.1562223 -0.1586896 -0.1586896 -9999.000 -9999.000 -9999.000 -9999.000 -9999.000 -9999.000 -9999.000 -9999.000 -9999.000 -9999.000 -9999.000 -9999.000 -9999.000 -9999.000 -9999.000 -9999.000 -9999.000 -9999.000 -9999.000 -9999.000 -9999.000 -9999.000 -9999.000 -9999.000 -9999.000 -9999.000 -9999.000 -9999.000
-9999.000 -9999.000 -9999.000 -9999.000 -9999.000 -9999.000 -9999.000 -9999.000 -9999.000 -9999.000 -9999.000 -9999.000 -9999.000 -9999.000 -9999.000 -0.1360969 -0.1309905 -0.1306921 -0.1313107 -0.1324570 -0.1339148 -0.1355209 -0.1371196 -0.1386855 -0.1403158 -0.1423262 -0.1454214 -0.1510242 -0.1615372 -0.1661992 -0.1661992 -9999.000 -9999.000 -9999.000 -9999.000 -9999.000 -9999.000 -9999.000 -9999.000 -9999.000 -9999.000 -9999.000 -9999.000 -9999.000 -9999.000 -9999.000 -9999.000 -9999.000 -9999.000 -9999.000 -9999.000 -9999.000 -9999.000 -9999.000 -9999.000 -9999.000 -9999.000 -9999.000 -9999.000
-9999.000 -9999.000 -9999.000 -9999.000 -9999.000 -9999.000 -9999.000 -9999.000 -9999.000 -9999.000 -9999.000 -9999.000 -9999.000 -9999.000 -9999.000 -0.1315689 -0.1252080 -0.1248703 -0.1257616 -0.1273808 -0.1294432 -0.1317321 -0.1340385 -0.1363238 -0.1387109 -0.1416089 -0.1459350 -0.1535459 -0.1676043 -0.1752100 -0.1752100 -9999.000 -9999.000 -9999.000 -9999.000 -9999.000 -9999.000 -9999.000 -9999.000 -9999.000 -9999.000 -9999.000 -9999.000 -9999.000 -9999.000 -9999.000 -9999.000 -9999.000 -9999.000 -9999.000 -9999.000 -9999.000 -9999.000 -9999.000 -9999.000 -9999.000 -9999.000 -9999.000 -9999.000
-9999.000 -9999.000 -9999.000 -9999.000 -9999.000 -9999.000 -9999.000 -9999.000 -9999.000 -9999.000 -9999.000 -9999.000 -9999.000 -9999.000 -9999.000 -0.1265761 -0.1190167 -0.1186560 -0.1198516 -0.1219890 -0.1247118 -0.1277461 -0.1308255 -0.1338959 -0.1371080 -0.1409710 -0.1466333 -0.1564251 -0.1743659 -0.1857955 -0.1857955 -9999.000 -9999.000 -9999.000 -9999.000 -9999.000 -9999.000 -9999.000 -9999.000 -9999.000 -9999.000 -9999.000 -9999.000 -9999.000 -9999.000 -9999.000 -9999.000 -9999.000 -9999.000 -9999.000 -9999.000 -9999.000 -9999.000 -9999.000 -9999.000 -9999.000 -9999.000 -9999.000 -9999.000
-9999.000 -9999.000 -9999.000 -9999.000 -9999.000 -9999.000 -9999.000 -9999.000 -9999.000 -9999.000 -9999.000 -9999.000 -9999.000 -9999.000 -9999.000 -0.1211387 -0.1124488 -0.1120798 -0.1136046 -0.1162971 -0.1197254 -0.1235554 -0.1274590 -0.1313650 -0.1354549 -0.1403483 -0.1474473 -0.1596039 -0.1818168 -0.1981467 -0.1981467 -9999.000 -9999.000 -9999.000 -9999.000 -9999.000 -9999.000 -9999.000 -9999.000 -9999.000 -9999.000 -9999.000 -9999.000 -9999.000 -9999.000 -9999.000 -9999.000 -9999.000 -9999.000 -9999.000 -9999.000 -9999.000 -9999.000 -9999.000 -9999.000 -9999.000 -9999.000 -9999.000 -9999.000
-9999.000 -9999.000 -9999.000 -9999.000 -9999.000 -9999.000 -9999.000 -9999.000 -9999.000 -9999.000 -9999.000 -9999.000 -9999.000 -9999.000 -9999.000 -0.1152390 -0.1055055 -0.1051432 -0.1070191 -0.1102987 -0.1144710 -0.1191388 -0.1239082 -0.1286896 -0.1337003 -0.1396816 -0.1483175 -0.1630418 -0.1899850 -0.2125730 -0.2125730 -9999.000 -9999.000 -9999.000 -9999.000 -9999.000 -9999.000 -9999.000 -9999.000 -9999.000 -9999.000 -9999.000 -9999.000 -9999.000 -9999.000 -9999.000 -9999.000 -9999.000 -9999.000 -9999.000 -9999.000 -9999.000 -9999.000 -9999.000 -9999.000 -9999.000 -9999.000 -9999.000 -9999.000
-9999.000 -9999.000 -9999.000 -9999.000 -9999.000 -9999.000 -9999.000 -9999.000 -9999.000 -9999.000 -9999.000 -9999.000 -9999.000 -9999.000 -9999.000 -0.1088302 -0.9816475E-01 -0.9782620E-01 -0.1000731 -0.1039688 -0.1089197 -0.1144616 -0.1201315 -0.1258193 -0.1317848 -0.1389057 -0.1491821 -0.1667017 -0.1989215 -0.2295271 -0.2295271 -9999.000 -9999.000 -9999.000 -9999.000 -9999.000 -9999.000 -9999.000 -9999.000 -9999.000 -9999.000 -9999.000 -9999.000 -9999.000 -9999.000 -9999.000 -9999.000 -9999.000 -9999.000 -9999.000 -9999.000 -9999.000 -9999.000 -9999.000 -9999.000 -9999.000 -9999.000 -9999.000 -9999.000
-9999.000 -9999.000 -9999.000 -9999.000 -9999.000 -9999.000 -9999.000 -9999.000 -9999.000 -9999.000 -9999.000 -9999.000 -9999.000 -9999.000 -9999.000 -0.1018407 -0.9038335E-01 -0.9008833E-01 -0.9272551E-01 -0.9726449E-01 -0.1030252 -0.1094733 -0.1160719 -0.1226887 -0.1296340 -0.1379398 -0.1499646 -0.1705393 -0.2086927 -0.2496572 -0.2496572 -9999.000 -9999.000 -9999.000 -9999.000 -9999.000 -9999.000 -9999.000 -9999.000 -9999.000 -9999.000 -9999.000 -9999.000 -9999.000 -9999.000 -9999.000 -9999.000 -9999.000 -9999.000 -9999.000 -9999.000 -9999.000 -9999.000 -9999.000 -9999.000 -9999.000 -9999.000 -9999.000 -9999.000
-9999.000 -9999.000 -9999.000 -9999.000 -9999.000 -9999.000 -9999.000 -9999.000 -9999.000 -9999.000 -9999.000 -9999.000 -9999.000 -9999.000 -9999.000 -0.9417522E-01 -0.8209833E-01 -0.8186864E-01 -0.8491411E-01 -0.9012135E-01 -0.9672018E-01 -0.1041014 -0.1116495 -0.1192076 -0.1271467 -0.1366749 -0.1505594 -0.1744866 -0.2193705 -0.2739026 -0.2739026 -9999.000 -9999.000 -9999.000 -9999.000 -9999.000 -9999.000 -9999.000 -9999.000 -9999.000 -9999.000 -9999.000 -9999.000 -9999.000 -9999.000 -9999.000 -9999.000 -9999.000 -9999.000 -9999.000 -9999.000 -9999.000 -9999.000 -9999.000 -9999.000 -9999.000 -9999.000 -9999.000 -9999.000
-9999.000 -9999.000 -9999.000 -9999.000 -9999.000 -9999.000 -9999.000 -9999.000 -9999.000 -9999.000 -9999.000 -9999.000 -9999.000 -9999.000 -9999.000 -0.8571389E-01 -0.7322455E-01 -0.7308252E-01 -0.7655085E-01 -0.8244774E-01 -0.8990743E-01 -0.9824131E-01 -0.1067498 -0.1152473 -0.1241786 -0.1349530 -0.1508096 -0.1784303 -0.2310185 -0.3036617 -0.3036617 -9999.000 -9999.000 -9999.000 -9999.000 -9999.000 -9999.000 -9999.000 -9999.000 -9999.000 -9999.000 -9999.000 -9999.000 -9999.000 -9999.000 -9999.000 -9999.000 -9999.000 -9999.000 -9999.000 -9999.000 -9999.000 -9999.000 -9999.000 -9999.000 -9999.000 -9999.000 -9999.000 -9999.000
-9999.000 -9999.000 -9999.000 -9999.000 -9999.000 -9999.000 -9999.000 -9999.000 -9999.000 -9999.000 -9999.000 -9999.000 -9999.000 -9999.000 -9999.000 -0.7630144E-01 -0.6364619E-01 -0.6361286E-01 -0.6751291E-01 -0.7411299E-01 -0.8244721E-01 -0.9174075E-01 -0.1012037 -0.1106166 -0.1205131 -0.1325341 -0.1504686 -0.1821693 -0.2436597 -0.3411056 -0.3411056 -9999.000 -9999.000 -9999.000 -9999.000 -9999.000 -9999.000 -9999.000 -9999.000 -9999.000 -9999.000 -9999.000 -9999.000 -9999.000 -9999.000 -9999.000 -9999.000 -9999.000 -9999.000 -9999.000 -9999.000 -9999.000 -9999.000 -9999.000 -9999.000 -9999.000 -9999.000 -9999.000 -9999.000
-9999.000 -9999.000 -9999.000 -9999.000 -9999.000 -9999.000 -9999.000 -9999.000 -9999.000 -9999.000 -9999.000 -9999.000 -9999.000 -9999.000 -9999.000 -0.6567275E-01 -0.5316491E-01 -0.5326804E-01 -0.5760995E-01 -0.6492355E-01 -0.7413550E-01 -0.8437777E-01 -0.9476237E-01 -0.1050294 -0.1158202 -0.1290423 -0.1491304 -0.1853350 -0.2571992 -0.3898209 -0.3898209 -9999.000 -9999.000 -9999.000 -9999.000 -9999.000 -9999.000 -9999.000 -9999.000 -9999.000 -9999.000 -9999.000 -9999.000 -9999.000 -9999.000 -9999.000 -9999.000 -9999.000 -9999.000 -9999.000 -9999.000 -9999.000 -9999.000 -9999.000 -9999.000 -9999.000 -9999.000 -9999.000 -9999.000
-9999.000 -9999.000 -9999.000 -9999.000 -9999.000 -9999.000 -9999.000 -9999.000 -9999.000 -9999.000 -9999.000 -9999.000 -9999.000 -9999.000 -9999.000 -0.4657486E-01 -0.3867531E-01 -0.4045994E-01 -0.4633458E-01 -0.5510782E-01 -0.6566209E-01 -0.7709619E-01 -0.8848101E-01 -0.9956324E-01 -0.1111542 -0.1254812 -0.1477208 -0.1887367 -0.2723393 -0.4545989 -0.4545989 -9999.000 -9999.000 -9999.000 -9999.000 -9999.000 -9999.000 -9999.000 -9999.000 -9999.000 -9999.000 -9999.000 -9999.000 -9999.000 -9999.000 -9999.000 -9999.000 -9999.000 -9999.000 -9999.000 -9999.000 -9999.000 -9999.000 -9999.000 -9999.000 -9999.000 -9999.000 -9999.000 -9999.000
-0.2178334E-02 -0.2178334E-02 -0.5294039E-02 -0.5358159E-02 -0.5328774E-02 -0.5328774E-02 -0.5306642E-02 -0.5279416E-02 -0.5279416E-02 -0.5256636E-02 -0.5256636E-02 -0.5228381E-02 -0.5212534E-02 -0.5195717E-02 -0.5177982E-02 -0.5177982E-02 -0.4336672E-01 -0.4959620E-01 -0.5919071E-01 -0.7281207E-01 -0.8946963E-01 -0.1078363 -0.1263740 -0.1440520 -0.1607800 -0.1774259 -0.1970437 -0.2270677 -0.2847198 -0.4298384 -0.4298384 -0.2150759 -0.1026549 -0.2090659E-01 -0.1076997E-01 -0.1076997E-01 -0.2489858E-02 -0.2489858E-02 0.8219748E-02 0.8219748E-02 -0.2930697E-03 -0.2691747E-01 -0.2691747E-01 -0.5428629E-02 -0.5428629E-02 0.8604400E-02 0.8604400E-02 0.8604400E-02 0.1024404E-01 0.1024404E-01 0.8040524E-02 0.8040524E-02 0.5777947E-02 0.5777947E-02 0.3587629E-02 0.3587629E-02 0.1680092E-02 0.1680092E-02 0.1680092E-02
-0.3331177E-02 -0.3331177E-02 -0.7847285E-02 -0.7643528E-02 -0.7525974E-02 -0.7525974E-02 -0.7461728E-02 -0.7420419E-02 -0.7420419E-02 -0.7410954E-02 -0.7410954E-02 -0.7392977E-02 -0.7379778E-02 -0.7364599E-02 -0.7347558E-02 -0.7347558E-02 -0.5859783E-01 -0.7081321E-01 -0.8646300E-01 -0.1075843 -0.1335248 -0.1627702 -0.1934455 -0.2238087 -0.2525164 -0.2785629 -0.3016861 -0.3233086 -0.3484194 -0.3879404 -0.3879404 -0.2428164 -0.1435463 -0.5173163E-01 -0.3342299E-01 -0.3342299E-01 -0.5443007E-02 -0.5443007E-02 0.3272761E-01 0.3272761E-01 0.3330886E-01 -0.1334235E-01 -0.1334235E-01 -0.2370323E-02 -0.2370323E-02 0.1695927E-01 0.1695927E-01 0.1695927E-01 0.1674321E-01 0.1674321E-01 0.1427931E-01 0.1427931E-01 0.1008151E-01 0.1008151E-01 0.5905942E-02 0.5905942E-02 0.2498003E-02 0.2498003E-02 0.2498003E-02
-0.2720051E-02 -0.2720051E-02 -0.6332560E-02 -0.6539103E-02 -0.6392752E-02 -0.6392752E-02 -0.6301099E-02 -0.6254207E-02 -0.6254207E-02 -0.6272173E-02 -0.6272173E-02 -0.6282840E-02 -0.6281658E-02 -0.6277342E-02 -0.6270663E-02 -0.6270663E-02 -0.5404368E-01 -0.7251500E-01 -0.9300544E-01 -0.1184856 -0.1492709 -0.1844782 -0.2228477 -0.2628091 -0.3025850 -0.3405216 -0.3749746 -0.4046278 -0.4290172 -0.4457160 -0.4457160 -0.3496565 -0.2626737 -0.1435628 -0.1018291 -0.1018291 -0.2153396E-01 -0.2153396E-01 0.6848123E-01 0.6848123E-01 0.9727378E-01 0.6240471E-01 0.6240471E-01 0.2734729E-01 0.2734729E-01 0.2510925E-01 0.2510925E-01 0.2510925E-01 0.1903031E-01 0.1903031E-01 0.1503469E-01 0.1503469E-01 0.9172728E-02 0.9172728E-02 0.3746217E-02 0.3746217E-02 -0.1052505E-03 -0.1052505E-03 -0.1052505E-03
-0.2131355E-02 -0.2131355E-02 -0.4913827E-02 -0.5322276E-02 -0.5168626E-02 -0.5168626E-02 -0.5058911E-02 -0.4995047E-02 -0.4995047E-02 -0.5015017E-02 -0.5015017E-02 -0.5029974E-02 -0.5030099E-02 -0.5026754E-02 -0.5020910E-02 -0.5020910E-02 -0.4699491E-01 -0.7065093E-01 -0.9578785E-01 -0.1248748 -0.1587785 -0.1972308 -0.2394771 -0.2843704 -0.3304287 -0.3760573 -0.4194593 -0.4585629 -0.4905748 -0.5100427 -0.5100427 -0.4447488 -0.3741012 -0.2447552 -0.1815294 -0.1815294 -0.4122102E-01 -0.4122102E-01 0.9983517E-01 0.9983517E-01 0.1487698 0.1463823 0.1463823 0.7959925E-01 0.7959925E-01 0.3547930E-01 0.3547930E-01 0.3547930E-01 0.2036816E-01 0.2036816E-01 0.1104849E-01 0.1104849E-01 0.3061844E-02 0.3061844E-02 -0.3007407E-02 -0.3007407E-02 -0.6393621E-02 -0.6393621E-02 -0.6393621E-02
-0.1570333E-02 -0.1570333E-02 -0.3596291E-02 -0.4047548E-02 -0.3912411E-02 -0.3912411E-02 -0.3806655E-02 -0.3739995E-02 -0.3739995E-02 -0.3758211E-02 -0.3758211E-02 -0.3773393E-02 -0.3774005E-02 -0.3771194E-02 -0.3766153E-02 -0.3766153E-02 -0.4075638E-01 -0.6873757E-01 -0.9886277E-01 -0.1320641 -0.1691796 -0.2103203 -0.2551345 -0.3028806 -0.3524627 -0.4025612 -0.4515479 -0.4972726 -0.5364388 -0.5627578 -0.5627578 -0.5241157 -0.4688463 -0.3307802 -0.2447738 -0.2447738 -0.4853575E-01 -0.4853575E-01 0.1222579 0.1222579 0.1785339 0.2026560 0.2026560 0.1340781 0.1340781 0.5026290E-01 0.5026290E-01 0.5026290E-01 0.2228322E-01 0.2228322E-01 0.5942540E-02 0.5942540E-02 -0.4845063E-02 -0.4845063E-02 -0.1145701E-01 -0.1145701E-01 -0.1397643E-01 -0.1397643E-01 -0.1397643E-01
-0.1032722E-02 -0.1032722E-02 -0.2355072E-02 -0.2725866E-02 -0.2627066E-02 -0.2627066E-02 -0.2544595E-02 -0.2490144E-02 -0.2490144E-02 -0.2503887E-02 -0.2503887E-02 -0.2515982E-02 -0.2516668E-02 -0.2514614E-02 -0.2511023E-02 -0.2511023E-02 -0.3638826E-01 -0.6802624E-01 -0.1033839 -0.1414373 -0.1824485 -0.2266207 -0.2738793 -0.3238256 -0.3757230 -0.4285597 -0.4809768 -0.5310151 -0.5754525 -0.6079679 -0.6079679 -0.5897714 -0.5450609 -0.3845442 -0.2719872 -0.2719872 -0.3886605E-01 -0.3886605E-01 0.1320260 0.1320260 0.1858336 0.2248401 0.2248401 0.1751880 0.1751880 0.6874704E-01 0.6874704E-01 0.6874704E-01 0.2662400E-01 0.2662400E-01 0.1844444E-02 0.1844444E-02 -0.1266238E-01 -0.1266238E-01 -0.2005016E-01 -0.2005016E-01 -0.2154405E-01 -0.2154405E-01 -0.2154405E-01
-0.5118673E-03 -0.5118673E-03 -0.1164773E-02 -0.1371498E-02 -0.1319516E-02 -0.1319516E-02 -0.1274525E-02 -0.1244129E-02 -0.1244129E-02 -0.1251435E-02 -0.1251435E-02 -0.1258122E-02 -0.1258551E-02 -0.1257535E-02 -0.1255644E-02 -0.1255644E-02 -0.3468093E-01 -0.6979869E-01 -0.1105241 -0.1540623 -0.1997349 -0.2475379 -0.2975290 -0.3495909 -0.4033267 -0.4580448 -0.5126835 -0.5655625 -0.6137195 -0.6508111 -0.6508111 -0.6451300 -0.6004649 -0.3925215 -0.2570461 -0.2570461 -0.2184675E-01 -0.2184675E-01 0.1275658 0.1275658 0.1748593 0.2204499 0.2204499 0.1953712 0.1953712 0.8773644E-01 0.8773644E-01 0.8773644E-01 0.3366300E-01 0.3366300E-01 -0.2784743E-04 -0.2784743E-04 -0.1906316E-01 -0.1906316E-01 -0.2760918E-01 -0.2760918E-01 -0.2812274E-01 -0.2812274E-01 -0.2812274E-01
0.7870197E-07 0.7870197E-07 0.4214618E-07 -0.1073850E-06 -0.5473000E-07 -0.5473000E-07 -0.1543317E-07 0.1400285E-07 0.1400285E-07 0.3562194E-07 0.3562194E-07 -0.2729748E-07 -0.3702937E-07 -0.1017589E-06 0.1691495E-07 0.1691495E-07 -0.3643420E-01 -0.7558497E-01 -0.1219256 -0.1714401 -0.2224351 -0.2744717 -0.3275812 -0.3818496 -0.4371977 -0.4932753 -0.5493543 -0.6040803 -0.6547425 -0.6941323 -0.6941323 -0.6900275 -0.6254798 -0.3524200 -0.2134868 -0.2134868 -0.1021310E-01 -0.1021310E-01 0.1115121 0.1115121 0.1522800 0.1998380 0.1998380 0.1953264 0.1953264 0.1027974 0.1027974 0.1027974 0.4209945E-01 0.4209945E-01 0.6675022E-03 0.6675022E-03 -0.2312323E-01 -0.2312323E-01 -0.3315400E-01 -0.3315400E-01 -0.3289968E-01 -0.3289968E-01 -0.3289968E-01
0.5119823E-03 0.5119823E-03 0.1164834E-02 0.1371410E-02 0.1319376E-02 0.1319376E-02 0.1274462E-02 0.1244050E-02 0.1244050E-02 0.1251483E-02 0.1251483E-02 0.1258155E-02 0.1258488E-02 0.1257556E-02 0.1255702E-02 0.1255702E-02 -0.4271156E-01 -0.8728759E-01 -0.1398416 -0.1957545 -0.2525401 -0.3092590 -0.3657966 -0.4223534 -0.4791261 -0.5361127 -0.5929568 -0.6486670 -0.7005749 -0.7379498 -0.7379498 -0.7152614 -0.6003191 -0.2844797 -0.1665805 -0.1665805 -0.8688260E-02 -0.8688260E-02 0.8930280E-01 0.8930280E-01 0.1246185 0.1711647 0.1711647 0.1801909 0.1801909 0.1102057 0.1102057 0.1102057 0.4961247E-01 0.4961247E-01 0.3418252E-02 0.3418252E-02 -0.2437337E-01 -0.2437337E-01 -0.3591767E-01 -0.3591767E-01 -0.3518884E-01 -0.3518884E-01 -0.3518884E-01
0.1032676E-02 0.1032676E-02 0.2354982E-02 0.2725806E-02 0.2626966E-02 0.2626966E-02 0.2544526E-02 0.2490046E-02 0.2490046E-02 0.2503897E-02 0.2503897E-02 0.2515910E-02 0.2516665E-02 0.2514763E-02 0.2511163E-02 0.2511163E-02 -0.5521555E-01 -0.1074894 -0.1673575 -0.2301145 -0.2929134 -0.3544645 -0.4144939 -0.4732551 -0.5311648 -0.5885485 -0.6454357 -0.7011848 -0.7523710 -0.7766252 -0.7766252 -0.6946734 -0.5112016 -0.2203222 -0.1324590 -0.1324590 -0.1354376E-01 -0.1354376E-01 0.6610142E-01 0.6610142E-01 0.9648515E-01 0.1395150 0.1395150 0.1556120 0.1556120 0.1082612 0.1082612 0.1082612 0.5378276E-01 0.5378276E-01 0.7079937E-02 0.7079937E-02 -0.2282122E-01 -0.2282122E-01 -0.3540648E-01 -0.3540648E-01 -0.3448128E-01 -0.3448128E-01 -0.3448128E-01
0.1570176E-02 0.1570176E-02 0.3596150E-02 0.4047324E-02 0.3912369E-02 0.3912369E-02 0.3806613E-02 0.3740035E-02 0.3740035E-02 0.3758298E-02 0.3758298E-02 0.3773226E-02 0.3773872E-02 0.3771315E-02 0.3766323E-02 0.3766323E-02 -0.7692318E-01 -0.1400760 -0.2088640 -0.2789414 -0.3476591 -0.4137340 -0.4768737 -0.5373943 -0.5958917 -0.6529750 -0.7090392 -0.7635975 -0.8094543 -0.7880722 -0.7880722 -0.5924653 -0.3870596 -0.1748118 -0.1113011 -0.1113011 -0.1906862E-01 -0.1906862E-01 0.4511238E-01 0.4511238E-01 0.7037880E-01 0.1077179 0.1077179 0.1260309 0.1260309 0.9742147E-01 0.9742147E-01 0.9742147E-01 0.5298311E-01 0.5298311E-01 0.1030795E-01 0.1030795E-01 -0.1887997E-01 -0.1887997E-01 -0.3146696E-01 -0.3146696E-01 -0.3053274E-01 -0.3053274E-01 -0.3053274E-01
