simulation_files/asc/Velocity__y_210.0.asc
NCOLS        79
NROWS        79
XLLCENTER         -1.500000
YLLCENTER         -4.800000
CELLSIZE           0.100
NODATA_VALUE     -9999.0
[rows 0 to 26 of 79, columns 0 to 58 of 79]
-9999.000 -9999.000 -9999.000 -9999.000 -9999.000 -9999.000 -9999.000 -9999.000 -9999.000 -9999.000 -9999.000 -9999.000 -9999.000 -9999.000 -9999.000 -0.8831567E-01 -0.8490168E-01 -0.8337312E-01 -0.8263241E-01 -0.8303063E-01 -0.8386787E-01 -0.8477258E-01 -0.8565800E-01 -0.8646583E-01 -0.8713441E-01 -0.8772144E-01 -0.8825777E-01 -0.8889835E-01 -0.9021852E-01 -0.9162658E-01 -0.9162658E-01 -9999.000 -9999.000 -9999.000 -9999.000 -9999.000 -9999.000 -9999.000 -9999.000 -9999.000 -9999.000 -9999.000 -9999.000 -9999.000 -9999.000 -9999.000 -9999.000 -9999.000 -9999.000 -9999.000 -9999.000 -9999.000 -9999.000 -9999.000 -9999.000 -9999.000 -9999.000 -9999.000 -9999.000
-9999.000 -9999.000 -9999.000 -9999.000 -9999.000 -9999.000 -9999.000 -9999.000 -9999.000 -9999.000 -9999.000 -9999.000 -9999.000 -9999.000 -9999.000 -0.8959839E-01 -0.8240674E-01 -0.7913441E-01 -0.7756688E-01 -0.7846090E-01 -0.8033762E-01 -0.8239834E-01 -0.8444652E-01 -0.8634529E-01 -0.8795412E-01 -0.8938675E-01 -0.9070080E-01 -0.9221614E-01 -0.9513494E-01 -0.9851404E-01 -0.9851404E-01 -9999.000 -9999.000 -9999.000 -9999.000 -9999.000 -9999.000 -9999.000 -9999.000 -9999.000 -9999.000 -9999.000 -9999.000 -9999.000 -9999.000 -9999.000 -9999.000 -9999.000 -9999.000 -9999.000 -9999.000 -9999.000 -9999.000 -9999.000 -9999.000 -9999.000 -9999.000 -9999.000 -9999.000
-9999.000 -9999.000 -9999.000 -9999.000 -9999.000 -9999.000 -9999.000 -9999.000 -9999.000 -9999.000 -9999.000 -9999.000 -9999.000 -9999.000 -9999.000 -0.9005450E-01 -0.7870644E-01 -0.7343174E-01 -0.7095587E-01 -0.7251216E-01 -0.7573007E-01 -0.7931229E-01 -0.8292368E-01 -0.8632258E-01 -0.8926420E-01 -0.9191530E-01 -0.9435313E-01 -0.9707646E-01 -0.1019971 -0.1080869 -0.1080869 -9999.000 -9999.000 -9999.000 -9999.000 -9999.000 -9999.000 -9999.000 -9999.000 -9999.000 -9999.000 -9999.000 -9999.000 -9999.000 -9999.000 -9999.000 -9999.000 -9999.000 -9999.000 -9999.000 -9999.000 -9999.000 -9999.000 -9999.000 -9999.000 -9999.000 -9999.000 -9999.000 -9999.000
-9999.000 -9999.000 -9999.000 -9999.000 -9999.000 -9999.000 -9999.000 -9999.000 -9999.000 -9999.000 -9999.000 -9999.000 -9999.000 -9999.000 -9999.000 -0.9005596E-01 -0.7453755E-01 -0.6725564E-01 -0.6390084E-01 -0.6619369E-01 -0.7084550E-01 -0.7604888E-01 -0.8133035E-01 -0.8633871E-01 -0.9071805E-01 -0.9468945E-01 -0.9834372E-01 -0.1023637 -0.1094041 -0.1186717 -0.1186717 -9999.000 -9999.000 -9999.000 -9999.000 -9999.000 -9999.000 -9999.000 -9999.000 -9999.000 -9999.000 -9999.000 -9999.000 -9999.000 -9999.000 -9999.000 -9999.000 -9999.000 -9999.000 -9999.000 -9999.000 -9999.000 -9999.000 -9999.000 -9999.000 -9999.000 -9999.000 -9999.000 -9999.000
-9999.000 -9999.000 -9999.000 -9999.000 -9999.000 -9999.000 -9999.000 -9999.000 -9999.000 -9999.000 -9999.000 -9999.000 -9999.000 -9999.000 -9999.000 -0.8982170E-01 -0.7007216E-01 -0.6076043E-01 -0.5653496E-01 -0.5961528E-01 -0.6576363E-01 -0.7265177E-01 -0.7967100E-01 -0.8635542E-01 -0.9223341E-01 -0.9758639E-01 -0.1025152 -0.1078962 -0.1171732 -0.1301228 -0.1301228 -9999.000 -9999.000 -9999.000 -9999.000 -9999.000 -9999.000 -9999.000 -9999.000 -9999.000 -9999.000 -9999.000 -9999.000 -9999.000 -9999.000 -9999.000 -9999.000 -9999.000 -9999.000 -9999.000 -9999.000 -9999.000 -9999.000 -9999.000 -9999.000 -9999.000 -9999.000 -9999.000 -9999.000
-9999.000 -9999.000 -9999.000 -9999.000 -9999.000 -9999.000 -9999.000 -9999.000 -9999.000 -9999.000 -9999.000 -9999.000 -9999.000 -9999.000 -9999.000 -0.8941483E-01 -0.6536507E-01 -0.5399909E-01 -0.4890730E-01 -0.5281993E-01 -0.6051660E-01 -0.6913776E-01 -0.7794467E-01 -0.8635361E-01 -0.9377221E-01 -0.1005509 -0.1067985 -0.1135966 -0.1252360 -0.1424576 -0.1424576 -9999.000 -9999.000 -9999.000 -9999.000 -9999.000 -9999.000 -9999.000 -9999.000 -9999.000 -9999.000 -9999.000 -9999.000 -9999.000 -9999.000 -9999.000 -9999.000 -9999.000 -9999.000 -9999.000 -9999.000 -9999.000 -9999.000 -9999.000 -9999.000 -9999.000 -9999.000 -9999.000 -9999.000
-9999.000 -9999.000 -9999.000 -9999.000 -9999.000 -9999.000 -9999.000 -9999.000 -9999.000 -9999.000 -9999.000 -9999.000 -9999.000 -9999.000 -9999.000 -0.8883219E-01 -0.6041964E-01 -0.4697977E-01 -0.4102832E-01 -0.4582048E-01 -0.5511473E-01 -0.6551068E-01 -0.7614822E-01 -0.8632208E-01 -0.9531333E-01 -0.1035551 -0.1111586 -0.1194292 -0.1335736 -0.1557824 -0.1557824 -9999.000 -9999.000 -9999.000 -9999.000 -9999.000 -9999.000 -9999.000 -9999.000 -9999.000 -9999.000 -9999.000 -9999.000 -9999.000 -9999.000 -9999.000 -9999.000 -9999.000 -9999.000 -9999.000 -9999.000 -9999.000 -9999.000 -9999.000 -9999.000 -9999.000 -9999.000 -9999.000 -9999.000
-9999.000 -9999.000 -9999.000 -9999.000 -9999.000 -9999.000 -9999.000 -9999.000 -9999.000 -9999.000 -9999.000 -9999.000 -9999.000 -9999.000 -9999.000 -0.8803969E-01 -0.5521607E-01 -0.3968892E-01 -0.3289047E-01 -0.3861538E-01 -0.4955792E-01 -0.6176811E-01 -0.7427631E-01 -0.8625061E-01 -0.9684111E-01 -0.1065790 -0.1155733 -0.1253736 -0.1421871 -0.1702684 -0.1702684 -9999.000 -9999.000 -9999.000 -9999.000 -9999.000 -9999.000 -9999.000 -9999.000 -9999.000 -9999.000 -9999.000 -9999.000 -9999.000 -9999.000 -9999.000 -9999.000 -9999.000 -9999.000 -9999.000 -9999.000 -9999.000 -9999.000 -9999.000 -9999.000 -9999.000 -9999.000 -9999.000 -9999.000
-9999.000 -9999.000 -9999.000 -9999.000 -9999.000 -9999.000 -9999.000 -9999.000 -9999.000 -9999.000 -9999.000 -9999.000 -9999.000 -9999.000 -9999.000 -0.8698559E-01 -0.4972137E-01 -0.3210192E-01 -0.2447628E-01 -0.3119544E-01 -0.4384000E-01 -0.5790285E-01 -0.7231996E-01 -0.8612769E-01 -0.9833916E-01 -0.1096041 -0.1200215 -0.1314125 -0.1510860 -0.1861499 -0.1861499 -9999.000 -9999.000 -9999.000 -9999.000 -9999.000 -9999.000 -9999.000 -9999.000 -9999.000 -9999.000 -9999.000 -9999.000 -9999.000 -9999.000 -9999.000 -9999.000 -9999.000 -9999.000 -9999.000 -9999.000 -9999.000 -9999.000 -9999.000 -9999.000 -9999.000 -9999.000 -9999.000 -9999.000
-9999.000 -9999.000 -9999.000 -9999.000 -9999.000 -9999.000 -9999.000 -9999.000 -9999.000 -9999.000 -9999.000 -9999.000 -9999.000 -9999.000 -9999.000 -0.8560269E-01 -0.4389250E-01 -0.2418528E-01 -0.1576086E-01 -0.2354581E-01 -0.3795033E-01 -0.5390340E-01 -0.7026651E-01 -0.8593823E-01 -0.9978725E-01 -0.1126074 -0.1244786 -0.1375249 -0.1602808 -0.2037376 -0.2037376 -9999.000 -9999.000 -9999.000 -9999.000 -9999.000 -9999.000 -9999.000 -9999.000 -9999.000 -9999.000 -9999.000 -9999.000 -9999.000 -9999.000 -9999.000 -9999.000 -9999.000 -9999.000 -9999.000 -9999.000 -9999.000 -9999.000 -9999.000 -9999.000 -9999.000 -9999.000 -9999.000 -9999.000
-9999.000 -9999.000 -9999.000 -9999.000 -9999.000 -9999.000 -9999.000 -9999.000 -9999.000 -9999.000 -9999.000 -9999.000 -9999.000 -9999.000 -9999.000 -0.8380926E-01 -0.3767620E-01 -0.1589683E-01 -0.6711779E-02 -0.1564578E-01 -0.3187308E-01 -0.4975308E-01 -0.6809823E-01 -0.8566104E-01 -0.1011580 -0.1155588 -0.1289110 -0.1436820 -0.1697795 -0.2234443 -0.2234443 -9999.000 -9999.000 -9999.000 -9999.000 -9999.000 -9999.000 -9999.000 -9999.000 -9999.000 -9999.000 -9999.000 -9999.000 -9999.000 -9999.000 -9999.000 -9999.000 -9999.000 -9999.000 -9999.000 -9999.000 -9999.000 -9999.000 -9999.000 -9999.000 -9999.000 -9999.000 -9999.000 -9999.000
-9999.000 -9999.000 -9999.000 -9999.000 -9999.000 -9999.000 -9999.000 -9999.000 -9999.000 -9999.000 -9999.000 -9999.000 -9999.000 -9999.000 -9999.000 -0.8150318E-01 -0.3100449E-01 -0.7181301E-02 0.2713884E-02 -0.7468761E-02 -0.2558667E-01 -0.4542940E-01 -0.6579077E-01 -0.8526774E-01 -0.1024148 -0.1184171 -0.1332724 -0.1498412 -0.1795822 -0.2458284 -0.2458284 -9999.000 -9999.000 -9999.000 -9999.000 -9999.000 -9999.000 -9999.000 -9999.000 -9999.000 -9999.000 -9999.000 -9999.000 -9999.000 -9999.000 -9999.000 -9999.000 -9999.000 -9999.000 -9999.000 -9999.000 -9999.000 -9999.000 -9999.000 -9999.000 -9999.000 -9999.000 -9999.000 -9999.000
-9999.000 -9999.000 -9999.000 -9999.000 -9999.000 -9999.000 -9999.000 -9999.000 -9999.000 -9999.000 -9999.000 -9999.000 -9999.000 -9999.000 -9999.000 -0.7851458E-01 -0.2375515E-01 0.2062043E-02 0.1258260E-01 0.1014594E-02 -0.1907493E-01 -0.4091439E-01 -0.6332344E-01 -0.8472983E-01 -0.1035164 -0.1211331 -0.1375033 -0.1559438 -0.1896805 -0.2716696 -0.2716696 -9999.000 -9999.000 -9999.000 -9999.000 -9999.000 -9999.000 -9999.000 -9999.000 -9999.000 -9999.000 -9999.000 -9999.000 -9999.000 -9999.000 -9999.000 -9999.000 -9999.000 -9999.000 -9999.000 -9999.000 -9999.000 -9999.000 -9999.000 -9999.000 -9999.000 -9999.000 -9999.000 -9999.000
-9999.000 -9999.000 -9999.000 -9999.000 -9999.000 -9999.000 -9999.000 -9999.000 -9999.000 -9999.000 -9999.000 -9999.000 -9999.000 -9999.000 -9999.000 -0.7320944E-01 -0.1464902E-01 0.1269112E-01 0.2303771E-01 0.9512492E-02 -0.1271312E-01 -0.3657356E-01 -0.6103067E-01 -0.8433549E-01 -0.1046950 -0.1238894 -0.1417386 -0.1620962 -0.2002198 -0.3022812 -0.3022812 -9999.000 -9999.000 -9999.000 -9999.000 -9999.000 -9999.000 -9999.000 -9999.000 -9999.000 -9999.000 -9999.000 -9999.000 -9999.000 -9999.000 -9999.000 -9999.000 -9999.000 -9999.000 -9999.000 -9999.000 -9999.000 -9999.000 -9999.000 -9999.000 -9999.000 -9999.000 -9999.000 -9999.000
-9999.000 -9999.000 -9999.000 -9999.000 -9999.000 -9999.000 -9999.000 -9999.000 -9999.000 -9999.000 -9999.000 -9999.000 -9999.000 -9999.000 -9999.000 -0.8196180E-02 0.1867340E-01 0.2726615E-01 0.2251093E-01 0.2165835E-02 -0.2017245E-01 -0.4356736E-01 -0.6770450E-01 -0.9078297E-01 -0.1109003 -0.1302315 -0.1483953 -0.1698043 -0.2118740 -0.3375220 -0.3375220 -9999.000 -9999.000 -9999.000 -9999.000 -9999.000 -9999.000 -9999.000 -9999.000 -9999.000 -9999.000 -9999.000 -9999.000 -9999.000 -9999.000 -9999.000 -9999.000 -9999.000 -9999.000 -9999.000 -9999.000 -9999.000 -9999.000 -9999.000 -9999.000 -9999.000 -9999.000 -9999.000 -9999.000
-0.4102207E-02 -0.4102207E-02 -0.5839138E-02 -0.7219772E-02 -0.6784374E-02 -0.6784374E-02 -0.6644818E-02 -0.6593909E-02 -0.6593909E-02 -0.6579307E-02 -0.6579307E-02 -0.6553763E-02 -0.6537540E-02 -0.6520598E-02 -0.6507098E-02 -0.6507098E-02 0.4176407E-01 0.3787349E-01 0.2277982E-01 -0.1100190E-02 -0.2914597E-01 -0.6017404E-01 -0.9318384E-01 -0.1267289 -0.1591083 -0.1898167 -0.2182166 -0.2453594 -0.2781919 -0.3495072 -0.3495072 -0.1981369 -0.1091169 -0.4008660E-01 -0.3063732E-01 -0.3063732E-01 -0.2406446E-01 -0.2406446E-01 -0.1287622E-01 -0.1287622E-01 -0.2173923E-02 0.2540276E-01 0.2540276E-01 0.3225571E-01 0.3225571E-01 -0.2817439E-02 -0.2817439E-02 -0.2817439E-02 -0.1176719E-02 -0.1176719E-02 -0.4410832E-03 -0.4410832E-03 -0.9922455E-03 -0.9922455E-03 -0.2131420E-02 -0.2131420E-02 -0.3319855E-02 -0.3319855E-02 -0.3319855E-02
-0.5903656E-02 -0.5903656E-02 -0.8300858E-02 -0.1054067E-01 -0.9646608E-02 -0.9646608E-02 -0.9333243E-02 -0.9255583E-02 -0.9255583E-02 -0.9272476E-02 -0.9272476E-02 -0.9263226E-02 -0.9251139E-02 -0.9237587E-02 -0.9248001E-02 -0.9248001E-02 0.3499843E-01 0.3253225E-01 0.1754793E-01 -0.7446734E-02 -0.4208570E-01 -0.8383352E-01 -0.1304300 -0.1800727 -0.2310575 -0.2811951 -0.3288885 -0.3723034 -0.4090963 -0.4344487 -0.4344487 -0.2987635 -0.2018547 -0.1084080 -0.8983015E-01 -0.8983015E-01 -0.6730008E-01 -0.6730008E-01 -0.2843782E-01 -0.2843782E-01 0.4004703E-02 0.8016792E-01 0.8016792E-01 0.1079827 0.1079827 0.2569186E-01 0.2569186E-01 0.2569186E-01 0.9055925E-02 0.9055925E-02 0.1356900E-02 0.1356900E-02 -0.3705028E-02 -0.3705028E-02 -0.7727662E-02 -0.7727662E-02 -0.1077582E-01 -0.1077582E-01 -0.1077582E-01
-0.3999063E-02 -0.3999063E-02 -0.6257391E-02 -0.9230406E-02 -0.8332369E-02 -0.8332369E-02 -0.7907398E-02 -0.7793813E-02 -0.7793813E-02 -0.7850479E-02 -0.7850479E-02 -0.7872842E-02 -0.7874046E-02 -0.7873368E-02 -0.7934572E-02 -0.7934572E-02 0.2369919E-01 0.2187125E-01 0.7543775E-02 -0.1739048E-01 -0.5230490E-01 -0.9546922E-01 -0.1450405 -0.1994532 -0.2572831 -0.3167039 -0.3760662 -0.4333979 -0.4857607 -0.5266681 -0.5266681 -0.4404691 -0.3574430 -0.2422867 -0.2055857 -0.2055857 -0.1423323 -0.1423323 -0.4707807E-01 -0.4707807E-01 0.1951031E-01 0.1551380 0.1551380 0.2138090 0.2138090 0.9440117E-01 0.9440117E-01 0.9440117E-01 0.3753847E-01 0.3753847E-01 0.7764612E-02 0.7764612E-02 -0.8499246E-02 -0.8499246E-02 -0.1830292E-01 -0.1830292E-01 -0.2414669E-01 -0.2414669E-01 -0.2414669E-01
-0.2104620E-02 -0.2104620E-02 -0.4177309E-02 -0.7864490E-02 -0.6886927E-02 -0.6886927E-02 -0.6383972E-02 -0.6221675E-02 -0.6221675E-02 -0.6279915E-02 -0.6279915E-02 -0.6303523E-02 -0.6305044E-02 -0.6304595E-02 -0.6409958E-02 -0.6409958E-02 0.1265793E-01 0.8862933E-02 -0.6394474E-02 -0.3198119E-01 -0.6713624E-01 -0.1105970 -0.1608914 -0.2166635 -0.2767150 -0.3396543 -0.4041221 -0.4684917 -0.5301665 -0.5830728 -0.5830728 -0.5461516 -0.4888143 -0.3790041 -0.3301907 -0.3301907 -0.2180296 -0.2180296 -0.4907525E-01 -0.4907525E-01 0.5045455E-01 0.2204766 0.2204766 0.2911772 0.2911772 0.1650688 0.1650688 0.1650688 0.7393326E-01 0.7393326E-01 0.1842899E-01 0.1842899E-01 -0.1272468E-01 -0.1272468E-01 -0.3024962E-01 -0.3024962E-01 -0.3948447E-01 -0.3948447E-01 -0.3948447E-01
-0.2192063E-03 -0.2192063E-03 -0.3191636E-02 -0.6233337E-02 -0.5309354E-02 -0.5309354E-02 -0.4826000E-02 -0.4656381E-02 -0.4656381E-02 -0.4708423E-02 -0.4708423E-02 -0.4729495E-02 -0.4730764E-02 -0.4730125E-02 -0.4890091E-02 -0.4890091E-02 0.1930517E-02 -0.6036597E-02 -0.2411520E-01 -0.5166382E-01 -0.8797769E-01 -0.1321057 -0.1829158 -0.2392795 -0.3001642 -0.3644556 -0.4310330 -0.4985990 -0.5650896 -0.6255430 -0.6255430 -0.6248916 -0.5941486 -0.5007323 -0.4411481 -0.4411481 -0.2670718 -0.2670718 -0.2371602E-01 -0.2371602E-01 0.9379786E-01 0.2635270 0.2635270 0.3301355 0.3301355 0.2205279 0.2205279 0.2205279 0.1115611 0.1115611 0.3364792E-01 0.3364792E-01 -0.1367461E-01 -0.1367461E-01 -0.4046983E-01 -0.4046983E-01 -0.5392816E-01 -0.5392816E-01 -0.5392816E-01
0.5728723E-03 0.5728723E-03 -0.2594805E-02 -0.4234591E-02 -0.3579629E-02 -0.3579629E-02 -0.3225459E-02 -0.3097687E-02 -0.3097687E-02 -0.3137894E-02 -0.3137894E-02 -0.3153994E-02 -0.3154848E-02 -0.3154363E-02 -0.3385171E-02 -0.3385171E-02 -0.9022808E-02 -0.2300679E-01 -0.4582053E-01 -0.7691481E-01 -0.1156231 -0.1612033 -0.2128293 -0.2696530 -0.3308639 -0.3955982 -0.4629502 -0.5318724 -0.6007417 -0.6656666 -0.6656666 -0.6895381 -0.6810992 -0.5994799 -0.5205910 -0.5205910 -0.2665911 -0.2665911 0.2131377E-01 0.2131377E-01 0.1340036 0.2783133 0.2783133 0.3353169 0.3353169 0.2540927 0.2540927 0.2540927 0.1447955 0.1447955 0.5220377E-01 0.5220377E-01 -0.1027758E-01 -0.1027758E-01 -0.4727347E-01 -0.4727347E-01 -0.6582008E-01 -0.6582008E-01 -0.6582008E-01
0.2822609E-03 0.2822609E-03 -0.1288964E-02 -0.2124275E-02 -0.1795975E-02 -0.1795975E-02 -0.1613106E-02 -0.1546429E-02 -0.1546429E-02 -0.1568428E-02 -0.1568428E-02 -0.1577272E-02 -0.1577685E-02 -0.1577321E-02 -0.1902580E-02 -0.1902580E-02 -0.2101753E-01 -0.4274100E-01 -0.7219009E-01 -0.1085453 -0.1510670 -0.1991248 -0.2521394 -0.3095577 -0.3708521 -0.4354506 -0.5027103 -0.5718424 -0.6415893 -0.7088668 -0.7088668 -0.7483325 -0.7556030 -0.6640760 -0.5463171 -0.5463171 -0.2134706 -0.2134706 0.6398160E-01 0.6398160E-01 0.1553446 0.2674489 0.2674489 0.3164401 0.3164401 0.2654954 0.2654954 0.2654954 0.1688624 0.1688624 0.7142160E-01 0.7142160E-01 -0.2776900E-02 -0.2776900E-02 -0.4979450E-01 -0.4979450E-01 -0.7400537E-01 -0.7400537E-01 -0.7400537E-01
0.8210712E-07 0.8210712E-07 0.2181692E-06 0.8332462E-07 -0.1929057E-07 -0.1929057E-07 -0.6347738E-07 -0.7120638E-08 -0.7120638E-08 0.6374420E-07 0.6374420E-07 0.6269132E-07 -0.9276786E-07 0.4511632E-07 -0.4523552E-03 -0.4523552E-03 -0.3519415E-01 -0.6650172E-01 -0.1045261 -0.1479128 -0.1957357 -0.2474016 -0.3025258 -0.3608383 -0.4221214 -0.4861346 -0.5525571 -0.6209082 -0.6902667 -0.7579784 -0.7579784 -0.8054902 -0.8184764 -0.6711754 -0.4959351 -0.4959351 -0.1345127 -0.1345127 0.8613038E-01 0.8613038E-01 0.1531637 0.2390328 0.2390328 0.2830837 0.2830837 0.2580957 0.2580957 0.2580957 0.1806644 0.1806644 0.8779501E-01 0.8779501E-01 0.7432074E-02 0.7432074E-02 -0.4788172E-01 -0.4788172E-01 -0.7765721E-01 -0.7765721E-01 -0.7765721E-01
-0.2821730E-03 -0.2821730E-03 0.1289129E-02 0.2124416E-02 0.1796035E-02 0.1796035E-02 0.1613007E-02 0.1546316E-02 0.1546316E-02 0.1568347E-02 0.1568347E-02 0.1577199E-02 0.1577573E-02 0.1577311E-02 0.9528350E-03 0.9528350E-03 -0.5320320E-01 -0.9630313E-01 -0.1449740 -0.1971753 -0.2517439 -0.3081058 -0.3660570 -0.4256023 -0.4868449 -0.5498930 -0.6147830 -0.6813837 -0.7490411 -0.8147247 -0.8147247 -0.8612068 -0.8604901 -0.5912688 -0.3751742 -0.3751742 -0.6778342E-01 -0.6778342E-01 0.8481514E-01 0.8481514E-01 0.1333133 0.2017206 0.2017206 0.2424540 0.2424540 0.2366032 0.2366032 0.2366032 0.1793776 0.1793776 0.9806422E-01 0.9806422E-01 0.1813080E-01 0.1813080E-01 -0.4208184E-01 -0.4208184E-01 -0.7629953E-01 -0.7629953E-01 -0.7629953E-01
-0.5728639E-03 -0.5728639E-03 0.2594928E-02 0.4234776E-02 0.3579752E-02 0.3579752E-02 0.3225383E-02 0.3097578E-02 0.3097578E-02 0.3137841E-02 0.3137841E-02 0.3153970E-02 0.3154723E-02 0.3154118E-02 0.2294912E-02 0.2294912E-02 -0.7759602E-01 -0.1353138 -0.1969094 -0.2596600 -0.3222362 -0.3841602 -0.4454587 -0.5064380 -0.5675360 -0.6292148 -0.6918773 -0.7557393 -0.8201080 -0.8791143 -0.8791143 -0.9068224 -0.8501216 -0.4289951 -0.2353798 -0.2353798 -0.3206667E-01 -0.3206667E-01 0.6857151E-01 0.6857151E-01 0.1051679 0.1617897 0.1617897 0.1990320 0.1990320 0.2054510 0.2054510 0.2054510 0.1661070 0.1661070 0.1001007 0.1001007 0.2686613E-01 0.2686613E-01 -0.3353016E-01 -0.3353016E-01 -0.6989212E-01 -0.6989212E-01 -0.6989212E-01
0.2192660E-03 0.2192660E-03 0.3191738E-02 0.6233439E-02 0.5309459E-02 0.5309459E-02 0.4825930E-02 0.4656254E-02 0.4656254E-02 0.4708403E-02 0.4708403E-02 0.4729549E-02 0.4730664E-02 0.4729930E-02 0.3549602E-02 0.3549602E-02 -0.1126055 -0.1886398 -0.2656351 -0.3404644 -0.4119049 -0.4797856 -0.5445037 -0.6067439 -0.6673129 -0.7270339 -0.7866678 -0.8466836 -0.9051173 -0.9444112 -0.9444112 -0.9074071 -0.7276061 -0.2515374 -0.1325130 -0.1325130 -0.2118796E-01 -0.2118796E-01 0.4733733E-01 0.4733733E-01 0.7586156E-01 0.1227026 0.1227026 0.1552925 0.1552925 0.1682070 0.1682070 0.1682070 0.1431205 0.1431205 0.9332732E-01 0.9332732E-01 0.3167448E-01 0.3167448E-01 -0.2364813E-01 -0.2364813E-01 -0.5884339E-01 -0.5884339E-01 -0.5884339E-01
0.2104509E-02 0.2104509E-02 0.4177317E-02 0.7864511E-02 0.6886900E-02 0.6886900E-02 0.6384023E-02 0.6221516E-02 0.6221516E-02 0.6279857E-02 0.6279857E-02 0.6303555E-02 0.6304965E-02 0.6304479E-02 0.4683967E-02 0.4683967E-02 -0.1657876 -0.2648759 -0.3597011 -0.4475409 -0.5278789 -0.6012445 -0.6686442 -0.7312734 -0.7903674 -0.8471206 -0.9026341 -0.9572262 -1.002299 -0.9755748 -0.9755748 -0.7789065 -0.4741429 -0.1293584 -0.7992368E-01 -0.7992368E-01 -0.2070115E-01 -0.2070115E-01 0.2720196E-01 0.2720196E-01 0.4905611E-01 0.8603517E-01 0.8603517E-01 0.1126264 0.1126264 0.1276192 0.1276192 0.1276192 0.1131455 0.1131455 0.7863256E-01 0.7863256E-01 0.3159754E-01 0.3159754E-01 -0.1375808E-01 -0.1375808E-01 -0.4396769E-01 -0.4396769E-01 -0.4396769E-01
