simulation_files/asc/Velocity__y_80.0.asc
NCOLS        79
NROWS        79
XLLCENTER         -1.500000
YLLCENTER         -4.800000
CELLSIZE           0.100
NODATA_VALUE     -9999.0
[rows 0 to 25 of 79, columns 0 to 58 of 79]
-9999.000 -9999.000 -9999.000 -9999.000 -9999.000 -9999.000 -9999.000 -9999.000 -9999.000 -9999.000 -9999.000 -9999.000 -9999.000 -9999.000 -9999.000 -0.2110130 -0.2099367 -0.2100888 -0.2103238 -0.2105660 -0.2108125 -0.2110755 -0.2113754 -0.2117423 -0.2122182 -0.2128633 -0.2137642 -0.2150501 -0.2167763 -0.2144350 -0.2144350 -9999.000 -9999.000 -9999.000 -9999.000 -9999.000 -9999.000 -9999.000 -9999.000 -9999.000 -9999.000 -9999.000 -9999.000 -9999.000 -9999.000 -9999.000 -9999.000 -9999.000 -9999.000 -9999.000 -9999.000 -9999.000 -9999.000 -9999.000 -9999.000 -9999.000 -9999.000 -9999.000 -9999.000
-9999.000 -9999.000 -9999.000 -9999.000 -9999.000 -9999.000 -9999.000 -9999.000 -9999.000 -9999.000 -9999.000 -9999.000 -9999.000 -9999.000 -9999.000 -0.2081690 -0.2057741 -0.2060465 -0.2064967 -0.2069617 -0.2074347 -0.2079428 -0.2085343 -0.2092790 -0.2102721 -0.2116437 -0.2135738 -0.2163159 -0.2199470 -0.2156204 -0.2156204 -9999.000 -9999.000 -9999.000 -9999.000 -9999.000 -9999.000 -9999.000 -9999.000 -9999.000 -9999.000 -9999.000 -9999.000 -9999.000 -9999.000 -9999.000 -9999.000 -9999.000 -9999.000 -9999.000 -9999.000 -9999.000 -9999.000 -9999.000 -9999.000 -9999.000 -9999.000 -9999.000 -9999.000
-9999.000 -9999.000 -9999.000 -9999.000 -9999.000 -9999.000 -9999.000 -9999.000 -9999.000 -9999.000 -9999.000 -9999.000 -9999.000 -9999.000 -9999.000 -0.2037964 -0.1999173 -0.2003504 -0.2011241 -0.2019637 -0.2028527 -0.2038370 -0.2050004 -0.2064635 -0.2083876 -0.2109822 -0.2145248 -0.2193822 -0.2255909 -0.2195400 -0.2195400 -9999.000 -9999.000 -9999.000 -9999.000 -9999.000 -9999.000 -9999.000 -9999.000 -9999.000 -9999.000 -9999.000 -9999.000 -9999.000 -9999.000 -9999.000 -9999.000 -9999.000 -9999.000 -9999.000 -9999.000 -9999.000 -9999.000 -9999.000 -9999.000 -9999.000 -9999.000 -9999.000 -9999.000
-9999.000 -9999.000 -9999.000 -9999.000 -9999.000 -9999.000 -9999.000 -9999.000 -9999.000 -9999.000 -9999.000 -9999.000 -9999.000 -9999.000 -9999.000 -0.1983717 -0.1930460 -0.1936926 -0.1948722 -0.1961944 -0.1976338 -0.1992557 -0.2011816 -0.2035854 -0.2066956 -0.2108043 -0.2162888 -0.2236388 -0.2328590 -0.2256747 -0.2256747 -9999.000 -9999.000 -9999.000 -9999.000 -9999.000 -9999.000 -9999.000 -9999.000 -9999.000 -9999.000 -9999.000 -9999.000 -9999.000 -9999.000 -9999.000 -9999.000 -9999.000 -9999.000 -9999.000 -9999.000 -9999.000 -9999.000 -9999.000 -9999.000 -9999.000 -9999.000 -9999.000 -9999.000
-9999.000 -9999.000 -9999.000 -9999.000 -9999.000 -9999.000 -9999.000 -9999.000 -9999.000 -9999.000 -9999.000 -9999.000 -9999.000 -9999.000 -9999.000 -0.1919745 -0.1852790 -0.1861894 -0.1878471 -0.1897427 -0.1918423 -0.1942321 -0.1970742 -0.2006001 -0.2051114 -0.2109914 -0.2187301 -0.2289580 -0.2416713 -0.2340142 -0.2340142 -9999.000 -9999.000 -9999.000 -9999.000 -9999.000 -9999.000 -9999.000 -9999.000 -9999.000 -9999.000 -9999.000 -9999.000 -9999.000 -9999.000 -9999.000 -9999.000 -9999.000 -9999.000 -9999.000 -9999.000 -9999.000 -9999.000 -9999.000 -9999.000 -9999.000 -9999.000 -9999.000 -9999.000
-9999.000 -9999.000 -9999.000 -9999.000 -9999.000 -9999.000 -9999.000 -9999.000 -9999.000 -9999.000 -9999.000 -9999.000 -9999.000 -9999.000 -9999.000 -0.1846300 -0.1766907 -0.1779121 -0.1801076 -0.1826494 -0.1854963 -0.1887580 -0.1926422 -0.1974446 -0.2035500 -0.2114469 -0.2217570 -0.2352823 -0.2520510 -0.2447042 -0.2447042 -9999.000 -9999.000 -9999.000 -9999.000 -9999.000 -9999.000 -9999.000 -9999.000 -9999.000 -9999.000 -9999.000 -9999.000 -9999.000 -9999.000 -9999.000 -9999.000 -9999.000 -9999.000 -9999.000 -9999.000 -9999.000 -9999.000 -9999.000 -9999.000 -9999.000 -9999.000 -9999.000 -9999.000
-9999.000 -9999.000 -9999.000 -9999.000 -9999.000 -9999.000 -9999.000 -9999.000 -9999.000 -9999.000 -9999.000 -9999.000 -9999.000 -9999.000 -9999.000 -0.1763116 -0.1673150 -0.1688944 -0.1716758 -0.1749206 -0.1785824 -0.1827985 -0.1878287 -0.1940432 -0.2019239 -0.2120833 -0.2253043 -0.2426022 -0.2641043 -0.2580377 -0.2580377 -9999.000 -9999.000 -9999.000 -9999.000 -9999.000 -9999.000 -9999.000 -9999.000 -9999.000 -9999.000 -9999.000 -9999.000 -9999.000 -9999.000 -9999.000 -9999.000 -9999.000 -9999.000 -9999.000 -9999.000 -9999.000 -9999.000 -9999.000 -9999.000 -9999.000 -9999.000 -9999.000 -9999.000
-9999.000 -9999.000 -9999.000 -9999.000 -9999.000 -9999.000 -9999.000 -9999.000 -9999.000 -9999.000 -9999.000 -9999.000 -9999.000 -9999.000 -9999.000 -0.1669467 -0.1571513 -0.1591377 -0.1625428 -0.1665329 -0.1710600 -0.1762946 -0.1825570 -0.1903046 -0.2001356 -0.2128124 -0.2293181 -0.2509420 -0.2780137 -0.2744797 -0.2744797 -9999.000 -9999.000 -9999.000 -9999.000 -9999.000 -9999.000 -9999.000 -9999.000 -9999.000 -9999.000 -9999.000 -9999.000 -9999.000 -9999.000 -9999.000 -9999.000 -9999.000 -9999.000 -9999.000 -9999.000 -9999.000 -9999.000 -9999.000 -9999.000 -9999.000 -9999.000 -9999.000 -9999.000
-9999.000 -9999.000 -9999.000 -9999.000 -9999.000 -9999.000 -9999.000 -9999.000 -9999.000 -9999.000 -9999.000 -9999.000 -9999.000 -9999.000 -9999.000 -0.1564202 -0.1461672 -0.1486127 -0.1526707 -0.1574347 -0.1628614 -0.1691610 -0.1767250 -0.1861143 -0.1980667 -0.2135302 -0.2337406 -0.2603466 -0.2940404 -0.2947247 -0.2947247 -9999.000 -9999.000 -9999.000 -9999.000 -9999.000 -9999.000 -9999.000 -9999.000 -9999.000 -9999.000 -9999.000 -9999.000 -9999.000 -9999.000 -9999.000 -9999.000 -9999.000 -9999.000 -9999.000 -9999.000 -9999.000 -9999.000 -9999.000 -9999.000 -9999.000 -9999.000 -9999.000 -9999.000
-9999.000 -9999.000 -9999.000 -9999.000 -9999.000 -9999.000 -9999.000 -9999.000 -9999.000 -9999.000 -9999.000 -9999.000 -9999.000 -9999.000 -9999.000 -0.1445777 -0.1342977 -0.1372592 -0.1419897 -0.1475424 -0.1538858 -0.1612780 -0.1701947 -0.1813204 -0.1955618 -0.2140982 -0.2384906 -0.2708692 -0.3125334 -0.3198076 -0.3198076 -9999.000 -9999.000 -9999.000 -9999.000 -9999.000 -9999.000 -9999.000 -9999.000 -9999.000 -9999.000 -9999.000 -9999.000 -9999.000 -9999.000 -9999.000 -9999.000 -9999.000 -9999.000 -9999.000 -9999.000 -9999.000 -9999.000 -9999.000 -9999.000 -9999.000 -9999.000 -9999.000 -9999.000
-9999.000 -9999.000 -9999.000 -9999.000 -9999.000 -9999.000 -9999.000 -9999.000 -9999.000 -9999.000 -9999.000 -9999.000 -9999.000 -9999.000 -9999.000 -0.1312257 -0.1214425 -0.1249806 -0.1303926 -0.1367318 -0.1439885 -0.1524778 -0.1627751 -0.1757124 -0.1924025 -0.2143144 -0.2434327 -0.2825462 -0.3339409 -0.3513098 -0.3513098 -9999.000 -9999.000 -9999.000 -9999.000 -9999.000 -9999.000 -9999.000 -9999.000 -9999.000 -9999.000 -9999.000 -9999.000 -9999.000 -9999.000 -9999.000 -9999.000 -9999.000 -9999.000 -9999.000 -9999.000 -9999.000 -9999.000 -9999.000 -9999.000 -9999.000 -9999.000 -9999.000 -9999.000
-9999.000 -9999.000 -9999.000 -9999.000 -9999.000 -9999.000 -9999.000 -9999.000 -9999.000 -9999.000 -9999.000 -9999.000 -9999.000 -9999.000 -9999.000 -0.1161281 -0.1074588 -0.1116351 -0.1177225 -0.1248249 -0.1329639 -0.1425229 -0.1541948 -0.1689875 -0.1882651 -0.2138620 -0.2483205 -0.2953455 -0.3588112 -0.3917570 -0.3917570 -9999.000 -9999.000 -9999.000 -9999.000 -9999.000 -9999.000 -9999.000 -9999.000 -9999.000 -9999.000 -9999.000 -9999.000 -9999.000 -9999.000 -9999.000 -9999.000 -9999.000 -9999.000 -9999.000 -9999.000 -9999.000 -9999.000 -9999.000 -9999.000 -9999.000 -9999.000 -9999.000 -9999.000
-9999.000 -9999.000 -9999.000 -9999.000 -9999.000 -9999.000 -9999.000 -9999.000 -9999.000 -9999.000 -9999.000 -9999.000 -9999.000 -9999.000 -9999.000 -0.9899340E-01 -0.9214393E-01 -0.9701572E-01 -0.1037524 -0.1115641 -0.1205156 -0.1310696 -0.1440566 -0.1606925 -0.1826471 -0.2122158 -0.2526813 -0.3090444 -0.3877406 -0.4454534 -0.4454534 -9999.000 -9999.000 -9999.000 -9999.000 -9999.000 -9999.000 -9999.000 -9999.000 -9999.000 -9999.000 -9999.000 -9999.000 -9999.000 -9999.000 -9999.000 -9999.000 -9999.000 -9999.000 -9999.000 -9999.000 -9999.000 -9999.000 -9999.000 -9999.000 -9999.000 -9999.000 -9999.000 -9999.000
-9999.000 -9999.000 -9999.000 -9999.000 -9999.000 -9999.000 -9999.000 -9999.000 -9999.000 -9999.000 -9999.000 -9999.000 -9999.000 -9999.000 -9999.000 -0.7937641E-01 -0.7516159E-01 -0.8078744E-01 -0.8813115E-01 -0.9656560E-01 -0.1062083 -0.1176131 -0.1317675 -0.1501299 -0.1747358 -0.2084572 -0.2555606 -0.3229055 -0.4211022 -0.5204848 -0.5204848 -9999.000 -9999.000 -9999.000 -9999.000 -9999.000 -9999.000 -9999.000 -9999.000 -9999.000 -9999.000 -9999.000 -9999.000 -9999.000 -9999.000 -9999.000 -9999.000 -9999.000 -9999.000 -9999.000 -9999.000 -9999.000 -9999.000 -9999.000 -9999.000 -9999.000 -9999.000 -9999.000 -9999.000
-9999.000 -9999.000 -9999.000 -9999.000 -9999.000 -9999.000 -9999.000 -9999.000 -9999.000 -9999.000 -9999.000 -9999.000 -9999.000 -9999.000 -9999.000 -0.5067702E-01 -0.5373863E-01 -0.6144098E-01 -0.7018078E-01 -0.7967936E-01 -0.9019607E-01 -0.1024387 -0.1176042 -0.1374446 -0.1644343 -0.2021634 -0.2561971 -0.3360573 -0.4590895 -0.6335641 -0.6335641 -9999.000 -9999.000 -9999.000 -9999.000 -9999.000 -9999.000 -9999.000 -9999.000 -9999.000 -9999.000 -9999.000 -9999.000 -9999.000 -9999.000 -9999.000 -9999.000 -9999.000 -9999.000 -9999.000 -9999.000 -9999.000 -9999.000 -9999.000 -9999.000 -9999.000 -9999.000 -9999.000 -9999.000
-0.2627853E-02 -0.2627853E-02 -0.3903750E-02 -0.4363011E-02 -0.4388690E-02 -0.4388690E-02 -0.4389117E-02 -0.4385162E-02 -0.4385162E-02 -0.4388722E-02 -0.4388722E-02 -0.4377331E-02 -0.4362876E-02 -0.9393815E-02 -0.3305947E-01 -0.3305947E-01 -0.6330056E-01 -0.7727253E-01 -0.9142353E-01 -0.1054657 -0.1192855 -0.1331842 -0.1480388 -0.1654648 -0.1880505 -0.2197577 -0.2666867 -0.3388197 -0.4535458 -0.6788161 -0.6788161 -0.4144399 -0.2425069 -0.5093179E-01 -0.1084768E-01 -0.1084768E-01 0.1786221E-01 0.1786221E-01 0.1247896E-01 0.1247896E-01 -0.2343625E-01 -0.8382720E-02 -0.8382720E-02 0.5972227E-02 0.5972227E-02 0.1032445E-01 0.1032445E-01 0.1032445E-01 0.8864017E-02 0.8864017E-02 0.6774172E-02 0.6774172E-02 0.6137124E-02 0.6137124E-02 0.3765565E-02 0.3765565E-02 0.2293324E-02 0.2293324E-02 0.2293324E-02
-0.3859471E-02 -0.3859471E-02 -0.5831308E-02 -0.6268246E-02 -0.6228815E-02 -0.6228815E-02 -0.6187286E-02 -0.6160047E-02 -0.6160047E-02 -0.6180206E-02 -0.6180206E-02 -0.6187142E-02 -0.6177813E-02 -0.1316261E-01 -0.5708459E-01 -0.5708459E-01 -0.9822703E-01 -0.1197574 -0.1424046 -0.1651234 -0.1869927 -0.2074220 -0.2263351 -0.2443646 -0.2630803 -0.2852605 -0.3152227 -0.3592277 -0.4250515 -0.5272756 -0.5272756 -0.3455917 -0.2115722 -0.4807638E-01 -0.4452749E-02 -0.4452749E-02 0.4369894E-01 0.4369894E-01 0.5394933E-01 0.5394933E-01 -0.8283342E-04 -0.9873723E-02 -0.9873723E-02 0.1532425E-01 0.1532425E-01 0.2256443E-01 0.2256443E-01 0.2256443E-01 0.1900370E-01 0.1900370E-01 0.1452077E-01 0.1452077E-01 0.9921840E-02 0.9921840E-02 0.7875173E-02 0.7875173E-02 0.5441234E-02 0.5441234E-02 0.5441234E-02
-0.2866657E-02 -0.2866657E-02 -0.4938694E-02 -0.5414699E-02 -0.5318822E-02 -0.5318822E-02 -0.5233171E-02 -0.5173859E-02 -0.5173859E-02 -0.5207597E-02 -0.5207597E-02 -0.5243422E-02 -0.5249706E-02 -0.9914380E-02 -0.5900522E-01 -0.5900522E-01 -0.1089962 -0.1353397 -0.1643987 -0.1948748 -0.2255048 -0.2552003 -0.2831908 -0.3091680 -0.3334334 -0.3570544 -0.3820116 -0.4112225 -0.4475532 -0.4921030 -0.4921030 -0.3834634 -0.2811379 -0.1208246 -0.5830687E-01 -0.5830687E-01 0.4578512E-01 0.4578512E-01 0.1125251 0.1125251 0.8519925E-01 0.1733845E-01 0.1733845E-01 0.2743864E-01 0.2743864E-01 0.3272635E-01 0.3272635E-01 0.3272635E-01 0.2739702E-01 0.2739702E-01 0.2061511E-01 0.2061511E-01 0.1168543E-01 0.1168543E-01 0.9765397E-02 0.9765397E-02 0.7028881E-02 0.7028881E-02 0.7028881E-02
-0.2046766E-02 -0.2046766E-02 -0.3960954E-02 -0.4464452E-02 -0.4333444E-02 -0.4333444E-02 -0.4212901E-02 -0.4114514E-02 -0.4114514E-02 -0.4140142E-02 -0.4140142E-02 -0.4181604E-02 -0.4192847E-02 -0.7202552E-02 -0.5097908E-01 -0.5097908E-01 -0.1129777 -0.1419728 -0.1748608 -0.2102462 -0.2468078 -0.2833242 -0.3187437 -0.3522719 -0.3834615 -0.4122862 -0.4391577 -0.4647217 -0.4887066 -0.5077143 -0.5077143 -0.4356165 -0.3531576 -0.1943858 -0.1169167 -0.1169167 0.3406395E-01 0.3406395E-01 0.1484011 0.1484011 0.1565257 0.7769252E-01 0.7769252E-01 0.4654547E-01 0.4654547E-01 0.3849557E-01 0.3849557E-01 0.3849557E-01 0.3071616E-01 0.3071616E-01 0.2182871E-01 0.2182871E-01 0.1159843E-01 0.1159843E-01 0.7447475E-02 0.7447475E-02 0.4640730E-02 0.4640730E-02 0.4640730E-02
-0.1388793E-02 -0.1388793E-02 -0.2953141E-02 -0.3443560E-02 -0.3311874E-02 -0.3311874E-02 -0.3183591E-02 -0.3069058E-02 -0.3069058E-02 -0.3085077E-02 -0.3085077E-02 -0.3124259E-02 -0.3137027E-02 -0.5068752E-02 -0.3824786E-01 -0.3824786E-01 -0.1150191 -0.1463659 -0.1822845 -0.2212624 -0.2619752 -0.3032095 -0.3438681 -0.3829968 -0.4198170 -0.4537449 -0.4843475 -0.5110320 -0.5317452 -0.5410902 -0.5410902 -0.4878733 -0.4170405 -0.2525168 -0.1606942 -0.1606942 0.2292490E-01 0.2292490E-01 0.1608401 0.1608401 0.1912784 0.1430477 0.1430477 0.7733889E-01 0.7733889E-01 0.4409195E-01 0.4409195E-01 0.4409195E-01 0.3112517E-01 0.3112517E-01 0.1962507E-01 0.1962507E-01 0.8398036E-02 0.8398036E-02 0.2664210E-02 0.2664210E-02 0.7194215E-04 0.7194215E-04 0.7194215E-04
-0.8564075E-03 -0.8564075E-03 -0.1949637E-02 -0.2348379E-02 -0.2244920E-02 -0.2244920E-02 -0.2138403E-02 -0.2037693E-02 -0.2037693E-02 -0.2045490E-02 -0.2045490E-02 -0.2075743E-02 -0.2086605E-02 -0.3321815E-02 -0.2628338E-01 -0.2628338E-01 -0.1156428 -0.1502308 -0.1894379 -0.2318338 -0.2761288 -0.3211262 -0.3657320 -0.4089652 -0.4499564 -0.4879257 -0.5221027 -0.5513386 -0.5724815 -0.5780300 -0.5780300 -0.5328295 -0.4654084 -0.2843328 -0.1795269 -0.1795269 0.1754545E-01 0.1754545E-01 0.1564000 0.1564000 0.1953721 0.1863192 0.1863192 0.1143729 0.1143729 0.5209693E-01 0.5209693E-01 0.5209693E-01 0.3101870E-01 0.3101870E-01 0.1579486E-01 0.1579486E-01 0.3407612E-02 0.3407612E-02 -0.3267353E-02 -0.3267353E-02 -0.5398888E-02 -0.5398888E-02 -0.5398888E-02
-0.4076218E-03 -0.4076218E-03 -0.9665755E-03 -0.1191514E-02 -0.1135353E-02 -0.1135353E-02 -0.1075180E-02 -0.1016265E-02 -0.1016265E-02 -0.1019050E-02 -0.1019050E-02 -0.1035476E-02 -0.1041676E-02 -0.1827634E-02 -0.1722426E-01 -0.1722426E-01 -0.1153623 -0.1545352 -0.1976161 -0.2436809 -0.2915837 -0.3401425 -0.3882344 -0.4348450 -0.4790832 -0.5201516 -0.5572454 -0.5889930 -0.6109377 -0.6125302 -0.6125302 -0.5656137 -0.4916739 -0.2857237 -0.1744636 -0.1744636 0.1488917E-01 0.1488917E-01 0.1411021 0.1411021 0.1807800 0.1999017 0.1999017 0.1459631 0.1459631 0.6333701E-01 0.6333701E-01 0.6333701E-01 0.3222061E-01 0.3222061E-01 0.1191468E-01 0.1191468E-01 -0.2153924E-02 -0.2153924E-02 -0.9411142E-02 -0.9411142E-02 -0.1088630E-01 -0.1088630E-01 -0.1088630E-01
-0.4682201E-07 -0.4682201E-07 0.2427394E-07 -0.1039136E-07 -0.9331841E-07 -0.9331841E-07 -0.8992070E-07 0.5835184E-07 0.5835184E-07 -0.1186981E-06 -0.1186981E-06 -0.1634130E-06 -0.1316614E-06 -0.4965913E-03 -0.1060769E-01 -0.1060769E-01 -0.1138826 -0.1599037 -0.2077782 -0.2580788 -0.3099172 -0.3621700 -0.4136992 -0.4634495 -0.5105047 -0.5540906 -0.5934738 -0.6270187 -0.6475505 -0.6395267 -0.6395267 -0.5809395 -0.4897836 -0.2625967 -0.1556964 -0.1556964 0.1074982E-01 0.1074982E-01 0.1198067 0.1198067 0.1569034 0.1908045 0.1908045 0.1624405 0.1624405 0.7582726E-01 0.7582726E-01 0.7582726E-01 0.3537433E-01 0.3537433E-01 0.9198340E-02 0.9198340E-02 -0.7155736E-02 -0.7155736E-02 -0.1491452E-01 -0.1491452E-01 -0.1563352E-01 -0.1563352E-01 -0.1563352E-01
0.4076495E-03 0.4076495E-03 0.9666207E-03 0.1191372E-02 0.1135145E-02 0.1135145E-02 0.1075077E-02 0.1016344E-02 0.1016344E-02 0.1018814E-02 0.1018814E-02 0.1035237E-02 0.1041453E-02 0.7313992E-03 -0.5810293E-02 -0.5810293E-02 -0.1104928 -0.1664314 -0.2209459 -0.2765210 -0.3328350 -0.3889950 -0.4439722 -0.4967460 -0.5463967 -0.5921553 -0.6333157 -0.6675329 -0.6819773 -0.6537677 -0.6537677 -0.5707049 -0.4578044 -0.2284587 -0.1345176 -0.1345176 0.4217545E-02 0.4217545E-02 0.9653885E-01 0.9653885E-01 0.1297947 0.1688972 0.1688972 0.1616058 0.1616058 0.8569393E-01 0.8569393E-01 0.8569393E-01 0.3964333E-01 0.3964333E-01 0.8202695E-02 0.8202695E-02 -0.1066961E-01 -0.1066961E-01 -0.1894471E-01 -0.1894471E-01 -0.1894020E-01 -0.1894020E-01 -0.1894020E-01
0.8563917E-03 0.8563917E-03 0.1949602E-02 0.2348218E-02 0.2244788E-02 0.2244788E-02 0.2138289E-02 0.2037624E-02 0.2037624E-02 0.2045394E-02 0.2045394E-02 0.2075653E-02 0.2086435E-02 0.1895432E-02 -0.2285024E-02 -0.2285024E-02 -0.1074160 -0.1750333 -0.2387428 -0.3010195 -0.3624332 -0.4226581 -0.4809970 -0.5365956 -0.5885886 -0.6362134 -0.6787293 -0.7118071 -0.7096636 -0.6457193 -0.6457193 -0.5317836 -0.4053797 -0.1947833 -0.1158402 -0.1158402 -0.2744568E-02 -0.2744568E-02 0.7416361E-01 0.7416361E-01 0.1029068 0.1413006 0.1413006 0.1470654 0.1470654 0.8930059E-01 0.8930059E-01 0.8930059E-01 0.4312836E-01 0.4312836E-01 0.8707128E-02 0.8707128E-02 -0.1210653E-01 -0.1210653E-01 -0.2078142E-01 -0.2078142E-01 -0.2021280E-01 -0.2021280E-01 -0.2021280E-01
0.1388629E-02 0.1388629E-02 0.2953041E-02 0.3443565E-02 0.3311868E-02 0.3311868E-02 0.3183559E-02 0.3069035E-02 0.3069035E-02 0.3085173E-02 0.3085173E-02 0.3124235E-02 0.3136832E-02 0.3020403E-02 0.3871646E-03 0.3871646E-03 -0.1095643 -0.1887649 -0.2636819 -0.3342420 -0.4014667 -0.4658236 -0.5272310 -0.5852159 -0.6390925 -0.6881479 -0.7314703 -0.7589040 -0.7169871 -0.6102732 -0.6102732 -0.4733253 -0.3475214 -0.1650519 -0.1006488 -0.1006488 -0.7893188E-02 -0.7893188E-02 0.5429674E-01 0.5429674E-01 0.7799939E-01 0.1121519 0.1121519 0.1240145 0.1240145 0.8492779E-01 0.8492779E-01 0.8492779E-01 0.4380512E-01 0.4380512E-01 0.9901403E-02 0.9901403E-02 -0.1130914E-01 -0.1130914E-01 -0.1994977E-01 -0.1994977E-01 -0.1904172E-01 -0.1904172E-01 -0.1904172E-01
