simulation_files/asc/Velocity__x_291.0.asc
NCOLS        79
NROWS        79
XLLCENTER         -1.500000
YLLCENTER         -4.800000
CELLSIZE           0.100
NODATA_VALUE     -9999.0
[rows 0 to 25 of 79, columns 0 to 57 of 79]
-9999.000 -9999.000 -9999.000 -9999.000 -9999.000 -9999.000 -9999.000 -9999.000 -9999.000 -9999.000 -9999.000 -9999.000 -9999.000 -9999.000 -9999.000 -0.2758451E-03 0.1126879E-02 0.4745316E-02 0.8814801E-02 0.1244819E-01 0.1529824E-01 0.1726797E-01 0.1835535E-01 0.1863597E-01 0.1820312E-01 0.1713150E-01 0.1546635E-01 0.1308391E-01 0.9284453E-02 0.4561526E-02 0.4561526E-02 -9999.000 -9999.000 -9999.000 -9999.000 -9999.000 -9999.000 -9999.000 -9999.000 -9999.000 -9999.000 -9999.000 -9999.000 -9999.000 -9999.000 -9999.000 -9999.000 -9999.000 -9999.000 -9999.000 -9999.000 -9999.000 -9999.000 -9999.000 -9999.000 -9999.000 -9999.000 -9999.000
-9999.000 -9999.000 -9999.000 -9999.000 -9999.000 -9999.000 -9999.000 -9999.000 -9999.000 -9999.000 -9999.000 -9999.000 -9999.000 -9999.000 -9999.000 0.9496176E-03 0.3566253E-02 0.8295879E-02 0.1337268E-01 0.1791890E-01 0.2153741E-01 0.2406936E-01 0.2546146E-01 0.2574981E-01 0.2500297E-01 0.2328675E-01 0.2065350E-01 0.1701854E-01 0.1181198E-01 0.5785035E-02 0.5785035E-02 -9999.000 -9999.000 -9999.000 -9999.000 -9999.000 -9999.000 -9999.000 -9999.000 -9999.000 -9999.000 -9999.000 -9999.000 -9999.000 -9999.000 -9999.000 -9999.000 -9999.000 -9999.000 -9999.000 -9999.000 -9999.000 -9999.000 -9999.000 -9999.000 -9999.000 -9999.000 -9999.000
-9999.000 -9999.000 -9999.000 -9999.000 -9999.000 -9999.000 -9999.000 -9999.000 -9999.000 -9999.000 -9999.000 -9999.000 -9999.000 -9999.000 -9999.000 0.1488150E-02 0.4717039E-02 0.1013008E-01 0.1583738E-01 0.2092378E-01 0.2496790E-01 0.2779328E-01 0.2933331E-01 0.2961709E-01 0.2871158E-01 0.2668709E-01 0.2360699E-01 0.1939849E-01 0.1348627E-01 0.6643041E-02 0.6643041E-02 -9999.000 -9999.000 -9999.000 -9999.000 -9999.000 -9999.000 -9999.000 -9999.000 -9999.000 -9999.000 -9999.000 -9999.000 -9999.000 -9999.000 -9999.000 -9999.000 -9999.000 -9999.000 -9999.000 -9999.000 -9999.000 -9999.000 -9999.000 -9999.000 -9999.000 -9999.000 -9999.000
-9999.000 -9999.000 -9999.000 -9999.000 -9999.000 -9999.000 -9999.000 -9999.000 -9999.000 -9999.000 -9999.000 -9999.000 -9999.000 -9999.000 -9999.000 0.1800243E-02 0.5399423E-02 0.1124452E-01 0.1735952E-01 0.2279739E-01 0.2712104E-01 0.3014459E-01 0.3179505E-01 0.3209976E-01 0.3112674E-01 0.2894832E-01 0.2563285E-01 0.2110662E-01 0.1476442E-01 0.7328256E-02 0.7328256E-02 -9999.000 -9999.000 -9999.000 -9999.000 -9999.000 -9999.000 -9999.000 -9999.000 -9999.000 -9999.000 -9999.000 -9999.000 -9999.000 -9999.000 -9999.000 -9999.000 -9999.000 -9999.000 -9999.000 -9999.000 -9999.000 -9999.000 -9999.000 -9999.000 -9999.000 -9999.000 -9999.000
-9999.000 -9999.000 -9999.000 -9999.000 -9999.000 -9999.000 -9999.000 -9999.000 -9999.000 -9999.000 -9999.000 -9999.000 -9999.000 -9999.000 -9999.000 0.2028273E-02 0.5903142E-02 0.1207548E-01 0.1850209E-01 0.2420976E-01 0.2875117E-01 0.3193504E-01 0.3368508E-01 0.3402872E-01 0.3303442E-01 0.3077583E-01 0.2732310E-01 0.2259509E-01 0.1594160E-01 0.7983502E-02 0.7983502E-02 -9999.000 -9999.000 -9999.000 -9999.000 -9999.000 -9999.000 -9999.000 -9999.000 -9999.000 -9999.000 -9999.000 -9999.000 -9999.000 -9999.000 -9999.000 -9999.000 -9999.000 -9999.000 -9999.000 -9999.000 -9999.000 -9999.000 -9999.000 -9999.000 -9999.000 -9999.000 -9999.000
-9999.000 -9999.000 -9999.000 -9999.000 -9999.000 -9999.000 -9999.000 -9999.000 -9999.000 -9999.000 -9999.000 -9999.000 -9999.000 -9999.000 -9999.000 0.2235350E-02 0.6359952E-02 0.1282551E-01 0.1952965E-01 0.2547701E-01 0.3021385E-01 0.3354632E-01 0.3539561E-01 0.3579128E-01 0.3480254E-01 0.3250309E-01 0.2896335E-01 0.2408994E-01 0.1717439E-01 0.8688613E-02 0.8688613E-02 -9999.000 -9999.000 -9999.000 -9999.000 -9999.000 -9999.000 -9999.000 -9999.000 -9999.000 -9999.000 -9999.000 -9999.000 -9999.000 -9999.000 -9999.000 -9999.000 -9999.000 -9999.000 -9999.000 -9999.000 -9999.000 -9999.000 -9999.000 -9999.000 -9999.000 -9999.000 -9999.000
-9999.000 -9999.000 -9999.000 -9999.000 -9999.000 -9999.000 -9999.000 -9999.000 -9999.000 -9999.000 -9999.000 -9999.000 -9999.000 -9999.000 -9999.000 0.2452380E-02 0.6832591E-02 0.1359092E-01 0.2056862E-01 0.2675050E-01 0.3167996E-01 0.3516196E-01 0.3711715E-01 0.3757808E-01 0.3661468E-01 0.3430045E-01 0.3070494E-01 0.2571853E-01 0.1856026E-01 0.9497148E-02 0.9497148E-02 -9999.000 -9999.000 -9999.000 -9999.000 -9999.000 -9999.000 -9999.000 -9999.000 -9999.000 -9999.000 -9999.000 -9999.000 -9999.000 -9999.000 -9999.000 -9999.000 -9999.000 -9999.000 -9999.000 -9999.000 -9999.000 -9999.000 -9999.000 -9999.000 -9999.000 -9999.000 -9999.000
-9999.000 -9999.000 -9999.000 -9999.000 -9999.000 -9999.000 -9999.000 -9999.000 -9999.000 -9999.000 -9999.000 -9999.000 -9999.000 -9999.000 -9999.000 0.2695019E-02 0.7354344E-02 0.1442305E-01 0.2168561E-01 0.2811013E-01 0.3323980E-01 0.3688124E-01 0.3895422E-01 0.3949595E-01 0.3857758E-01 0.3627150E-01 0.3264651E-01 0.2757212E-01 0.2017795E-01 0.1045630E-01 0.1045630E-01 -9999.000 -9999.000 -9999.000 -9999.000 -9999.000 -9999.000 -9999.000 -9999.000 -9999.000 -9999.000 -9999.000 -9999.000 -9999.000 -9999.000 -9999.000 -9999.000 -9999.000 -9999.000 -9999.000 -9999.000 -9999.000 -9999.000 -9999.000 -9999.000 -9999.000 -9999.000 -9999.000
-9999.000 -9999.000 -9999.000 -9999.000 -9999.000 -9999.000 -9999.000 -9999.000 -9999.000 -9999.000 -9999.000 -9999.000 -9999.000 -9999.000 -9999.000 0.2973825E-02 0.7946673E-02 0.1535430E-01 0.2292312E-01 0.2960683E-01 0.3495221E-01 0.3876845E-01 0.4097660E-01 0.4161930E-01 0.4076928E-01 0.3849789E-01 0.3487216E-01 0.2973562E-01 0.2211052E-01 0.1161933E-01 0.1161933E-01 -9999.000 -9999.000 -9999.000 -9999.000 -9999.000 -9999.000 -9999.000 -9999.000 -9999.000 -9999.000 -9999.000 -9999.000 -9999.000 -9999.000 -9999.000 -9999.000 -9999.000 -9999.000 -9999.000 -9999.000 -9999.000 -9999.000 -9999.000 -9999.000 -9999.000 -9999.000 -9999.000
-9999.000 -9999.000 -9999.000 -9999.000 -9999.000 -9999.000 -9999.000 -9999.000 -9999.000 -9999.000 -9999.000 -9999.000 -9999.000 -9999.000 -9999.000 0.3297361E-02 0.8627572E-02 0.1641239E-01 0.2431727E-01 0.3128437E-01 0.3686754E-01 0.4088125E-01 0.4324819E-01 0.4401891E-01 0.4326763E-01 0.4106424E-01 0.3747468E-01 0.3231032E-01 0.2446273E-01 0.1305541E-01 0.1305541E-01 -9999.000 -9999.000 -9999.000 -9999.000 -9999.000 -9999.000 -9999.000 -9999.000 -9999.000 -9999.000 -9999.000 -9999.000 -9999.000 -9999.000 -9999.000 -9999.000 -9999.000 -9999.000 -9999.000 -9999.000 -9999.000 -9999.000 -9999.000 -9999.000 -9999.000 -9999.000 -9999.000
-9999.000 -9999.000 -9999.000 -9999.000 -9999.000 -9999.000 -9999.000 -9999.000 -9999.000 -9999.000 -9999.000 -9999.000 -9999.000 -9999.000 -9999.000 0.3675058E-02 0.9416486E-02 0.1762754E-01 0.2590786E-01 0.3319083E-01 0.3904254E-01 0.4328459E-01 0.4584293E-01 0.4677812E-01 0.4616657E-01 0.4407708E-01 0.4057385E-01 0.3543028E-01 0.2737870E-01 0.1486110E-01 0.1486110E-01 -9999.000 -9999.000 -9999.000 -9999.000 -9999.000 -9999.000 -9999.000 -9999.000 -9999.000 -9999.000 -9999.000 -9999.000 -9999.000 -9999.000 -9999.000 -9999.000 -9999.000 -9999.000 -9999.000 -9999.000 -9999.000 -9999.000 -9999.000 -9999.000 -9999.000 -9999.000 -9999.000
-9999.000 -9999.000 -9999.000 -9999.000 -9999.000 -9999.000 -9999.000 -9999.000 -9999.000 -9999.000 -9999.000 -9999.000 -9999.000 -9999.000 -9999.000 0.4118327E-02 0.1033821E-01 0.1903846E-01 0.2774638E-01 0.3538965E-01 0.4155197E-01 0.4606479E-01 0.4885948E-01 0.5000968E-01 0.4959499E-01 0.4768345E-01 0.4433858E-01 0.3928728E-01 0.3106793E-01 0.1717819E-01 0.1717819E-01 -9999.000 -9999.000 -9999.000 -9999.000 -9999.000 -9999.000 -9999.000 -9999.000 -9999.000 -9999.000 -9999.000 -9999.000 -9999.000 -9999.000 -9999.000 -9999.000 -9999.000 -9999.000 -9999.000 -9999.000 -9999.000 -9999.000 -9999.000 -9999.000 -9999.000 -9999.000 -9999.000
-9999.000 -9999.000 -9999.000 -9999.000 -9999.000 -9999.000 -9999.000 -9999.000 -9999.000 -9999.000 -9999.000 -9999.000 -9999.000 -9999.000 -9999.000 0.4645550E-02 0.1143100E-01 0.2070494E-01 0.2991134E-01 0.3797631E-01 0.4450737E-01 0.4935054E-01 0.5244434E-01 0.5388052E-01 0.5374285E-01 0.5210098E-01 0.4901915E-01 0.4416802E-01 0.3584857E-01 0.2022335E-01 0.2022335E-01 -9999.000 -9999.000 -9999.000 -9999.000 -9999.000 -9999.000 -9999.000 -9999.000 -9999.000 -9999.000 -9999.000 -9999.000 -9999.000 -9999.000 -9999.000 -9999.000 -9999.000 -9999.000 -9999.000 -9999.000 -9999.000 -9999.000 -9999.000 -9999.000 -9999.000 -9999.000 -9999.000
-9999.000 -9999.000 -9999.000 -9999.000 -9999.000 -9999.000 -9999.000 -9999.000 -9999.000 -9999.000 -9999.000 -9999.000 -9999.000 -9999.000 -9999.000 0.5702794E-02 0.1361724E-01 0.2394763E-01 0.3362487E-01 0.4209454E-01 0.4895004E-01 0.5407434E-01 0.5743055E-01 0.5914084E-01 0.5929865E-01 0.5797787E-01 0.5524503E-01 0.5070015E-01 0.4234717E-01 0.2441844E-01 0.2441844E-01 -9999.000 -9999.000 -9999.000 -9999.000 -9999.000 -9999.000 -9999.000 -9999.000 -9999.000 -9999.000 -9999.000 -9999.000 -9999.000 -9999.000 -9999.000 -9999.000 -9999.000 -9999.000 -9999.000 -9999.000 -9999.000 -9999.000 -9999.000 -9999.000 -9999.000 -9999.000 -9999.000
-9999.000 -9999.000 -9999.000 -9999.000 -9999.000 -9999.000 -9999.000 -9999.000 -9999.000 -9999.000 -9999.000 -9999.000 -9999.000 -9999.000 -9999.000 0.6474486E-01 0.9770552E-01 0.1114681 0.1041281 0.9792480E-01 0.9229977E-01 0.8673210E-01 0.8128960E-01 0.7604896E-01 0.7088006E-01 0.6568083E-01 0.6028846E-01 0.5400794E-01 0.4442220E-01 0.2198076E-01 0.2198076E-01 -9999.000 -9999.000 -9999.000 -9999.000 -9999.000 -9999.000 -9999.000 -9999.000 -9999.000 -9999.000 -9999.000 -9999.000 -9999.000 -9999.000 -9999.000 -9999.000 -9999.000 -9999.000 -9999.000 -9999.000 -9999.000 -9999.000 -9999.000 -9999.000 -9999.000 -9999.000 -9999.000
2.788926 2.788926 2.772727 2.796361 2.814690 2.814690 2.817252 2.817319 2.817319 2.814222 2.814222 2.808780 2.805377 2.801611 2.797734 2.797734 2.913759 2.917131 2.918200 2.897937 2.856557 2.793741 2.708016 2.599170 2.470524 2.323112 2.161115 1.994331 1.848165 1.790441 1.790441 2.639855 2.814818 2.912269 2.935815 2.935815 2.965318 2.965318 2.941042 2.941042 2.892918 2.701071 2.701071 2.278452 2.278452 2.024996 2.024996 2.024996 2.018780 2.018780 2.054491 2.054491 2.103258 2.103258 2.152875 2.152875 2.196503 2.196503
2.811779 2.811779 2.803388 2.849445 2.874741 2.874741 2.889163 2.911756 2.911756 2.930673 2.930673 2.947025 2.954447 2.961454 2.968287 2.968287 3.055067 3.071656 3.086313 3.095556 3.099063 3.095387 3.081812 3.055450 3.014461 2.956474 2.880443 2.787781 2.685701 2.612952 2.612952 3.071641 3.231918 3.383414 3.423808 3.423808 3.468359 3.468359 3.465814 3.465814 3.441800 3.332444 3.332444 3.101177 3.101177 2.850769 2.850769 2.850769 2.842963 2.842963 2.880651 2.880651 2.932519 2.932519 2.984712 2.984712 3.031515 3.031515
2.815656 2.815656 2.802637 2.851028 2.874357 2.874357 2.889581 2.913187 2.913187 2.932762 2.932762 2.949777 2.957562 2.964957 2.972230 2.972230 3.050526 3.078338 3.103750 3.125018 3.141759 3.153635 3.159745 3.158819 3.149777 3.130883 3.100540 3.058319 3.007522 2.970655 2.970655 3.235574 3.391878 3.570256 3.621420 3.621420 3.672336 3.672336 3.659247 3.659247 3.627894 3.524093 3.524093 3.367482 3.367482 3.146103 3.146103 3.146103 3.122301 3.122301 3.148504 3.148504 3.192179 3.192179 3.238253 3.238253 3.280429 3.280429
2.814143 2.814143 2.807484 2.851363 2.873215 2.873215 2.888874 2.913053 2.913053 2.932752 2.932752 2.949824 2.957642 2.965076 2.972435 2.972435 3.046071 3.083526 3.118982 3.150083 3.175843 3.195896 3.209920 3.217560 3.218652 3.212750 3.199272 3.178115 3.151384 3.133494 3.133494 3.296100 3.435430 3.622411 3.679264 3.679264 3.727095 3.727095 3.692673 3.692673 3.651956 3.558712 3.558712 3.460505 3.460505 3.287531 3.287531 3.287531 3.249594 3.249594 3.262367 3.262367 3.297898 3.297898 3.339269 3.339269 3.378342 3.378342
2.815255 2.815255 2.810381 2.851607 2.872372 2.872372 2.888310 2.912965 2.912965 2.932731 2.932731 2.949779 2.957588 2.965016 2.972448 2.972448 3.045499 3.091391 3.136010 3.176109 3.210172 3.237572 3.258021 3.271374 3.277733 3.277212 3.269937 3.256377 3.238471 3.226213 3.226213 3.326915 3.442574 3.620413 3.673491 3.673491 3.697913 3.697913 3.636332 3.636332 3.595053 3.532624 3.532624 3.488510 3.488510 3.373828 3.373828 3.373828 3.328844 3.328844 3.327035 3.327035 3.351945 3.351945 3.387002 3.387002 3.422072 3.422072
2.816089 2.816089 2.812272 2.851781 2.871780 2.871780 2.887887 2.912921 2.912921 2.932758 2.932758 2.949793 2.957592 2.965013 2.972549 2.972549 3.050026 3.103718 3.156585 3.204683 3.246183 3.280271 3.306613 3.325097 3.335834 3.339061 3.335137 3.324731 3.309623 3.296987 3.296987 3.355810 3.444138 3.592486 3.627260 3.627260 3.605189 3.605189 3.531309 3.531309 3.505327 3.489074 3.489074 3.490376 3.490376 3.432432 3.432432 3.432432 3.390186 3.390186 3.376515 3.376515 3.389121 3.389121 3.415531 3.415531 3.444733 3.444733
2.816604 2.816604 2.813335 2.851890 2.871422 2.871422 2.887618 2.912894 2.912894 2.932780 2.932780 2.949810 2.957606 2.965023 2.972713 2.972713 3.060493 3.121896 3.182206 3.237220 3.285051 3.324867 3.356333 3.379363 3.394046 3.400611 3.399409 3.391074 3.377060 3.362383 3.362383 3.391528 3.450623 3.542217 3.538795 3.538795 3.463517 3.463517 3.414048 3.414048 3.415180 3.445241 3.445241 3.480123 3.480123 3.470735 3.470735 3.470735 3.439775 3.439775 3.420123 3.420123 3.421037 3.421037 3.437048 3.437048 3.458368 3.458368
2.816777 2.816777 2.813678 2.851927 2.871304 2.871304 2.887527 2.912884 2.912884 2.932788 2.932788 2.949817 2.957611 2.965027 2.972939 2.972939 3.077957 3.147364 3.214411 3.275182 3.328031 3.372302 3.407781 3.434455 3.452430 3.461900 3.463151 3.456679 3.443530 3.426835 3.426835 3.434058 3.461155 3.454391 3.395906 3.395906 3.301261 3.301261 3.311156 3.311156 3.339443 3.404825 3.404825 3.462791 3.462791 3.492223 3.492223 3.492223 3.477578 3.477578 3.458687 3.458687 3.450785 3.450785 3.455889 3.455889 3.467644 3.467644
2.816604 2.816604 2.813335 2.851889 2.871423 2.871423 2.887618 2.912893 2.912893 2.932780 2.932780 2.949811 2.957606 2.965023 2.973243 2.973243 3.103915 3.181807 3.254882 3.320105 3.376427 3.423585 3.461624 3.490689 3.510958 3.522618 3.525892 3.521114 3.508858 3.490203 3.490203 3.478480 3.463964 3.303563 3.200933 3.200933 3.156693 3.156693 3.233460 3.233460 3.280337 3.367992 3.367992 3.441420 3.441420 3.500515 3.500515 3.500515 3.503412 3.503412 3.490726 3.490726 3.478228 3.478228 3.473329 3.473329 3.474499 3.474499
2.816089 2.816089 2.812271 2.851781 2.871780 2.871780 2.887887 2.912922 2.912922 2.932758 2.932758 2.949793 2.957593 2.965013 2.973668 2.973668 3.140572 3.227338 3.305499 3.373571 3.431493 3.479638 3.518447 3.548319 3.569556 3.582381 3.586970 3.583495 3.571886 3.549803 3.549803 3.513039 3.428555 3.083892 2.993927 2.993927 3.051789 3.051789 3.172987 3.172987 3.230038 3.331073 3.331073 3.415391 3.415391 3.496851 3.496851 3.496851 3.515965 3.515965 3.512598 3.512598 3.499722 3.499722 3.486937 3.486937 3.477523 3.477523
2.815256 2.815256 2.810381 2.851606 2.872373 2.872373 2.888310 2.912964 2.912964 2.932730 2.932730 2.949779 2.957587 2.965015 2.974276 2.974276 3.191246 3.286734 3.368409 3.437148 3.494302 3.541112 3.578556 3.607337 3.627931 3.640620 3.645552 3.642703 3.630632 3.598213 3.598213 3.507282 3.297566 2.844253 2.833410 2.833410 2.977943 2.977943 3.119664 3.119664 3.181917 3.291405 3.291405 3.383710 3.383710 3.481633 3.481633 3.481633 3.514246 3.514246 3.520945 3.520945 3.510538 3.510538 3.492485 3.492485 3.473417 3.473417
