simulation_files/asc/Velocity____157.0.asc
NCOLS        79
NROWS        79
XLLCENTER         -1.500000
YLLCENTER         -4.800000
CELLSIZE           0.100
NODATA_VALUE     -9999.0
[rows 0 to 26 of 79, columns 0 to 59 of 79]
-9999.000 -9999.000 -9999.000 -9999.000 -9999.000 -9999.000 -9999.000 -9999.000 -9999.000 -9999.000 -9999.000 -9999.000 -9999.000 -9999.000 -9999.000 0.1087670 0.1076782 0.1077417 0.1080414 0.1084991 0.1090469 0.1095863 0.1100741 0.1104879 0.1108081 0.1110432 0.1112601 0.1116626 0.1128456 0.1137953 0.1137953 -9999.000 -9999.000 -9999.000 -9999.000 -9999.000 -9999.000 -9999.000 -9999.000 -9999.000 -9999.000 -9999.000 -9999.000 -9999.000 -9999.000 -9999.000 -9999.000 -9999.000 -9999.000 -9999.000 -9999.000 -9999.000 -9999.000 -9999.000 -9999.000 -9999.000 -9999.000 -9999.000 -9999.000 -9999.000
-9999.000 -9999.000 -9999.000 -9999.000 -9999.000 -9999.000 -9999.000 -9999.000 -9999.000 -9999.000 -9999.000 -9999.000 -9999.000 -9999.000 -9999.000 0.1063081 0.1041579 0.1043417 0.1050398 0.1060850 0.1073317 0.1085703 0.1097030 0.1106769 0.1114446 0.1120217 0.1125555 0.1135003 0.1161632 0.1186944 0.1186944 -9999.000 -9999.000 -9999.000 -9999.000 -9999.000 -9999.000 -9999.000 -9999.000 -9999.000 -9999.000 -9999.000 -9999.000 -9999.000 -9999.000 -9999.000 -9999.000 -9999.000 -9999.000 -9999.000 -9999.000 -9999.000 -9999.000 -9999.000 -9999.000 -9999.000 -9999.000 -9999.000 -9999.000 -9999.000
-9999.000 -9999.000 -9999.000 -9999.000 -9999.000 -9999.000 -9999.000 -9999.000 -9999.000 -9999.000 -9999.000 -9999.000 -9999.000 -9999.000 -9999.000 0.1022856 0.9912994E-01 0.9946664E-01 0.1006586 0.1024384 0.1045745 0.1067346 0.1087629 0.1105750 0.1120914 0.1133311 0.1145246 0.1163980 0.1210457 0.1259668 0.1259668 -9999.000 -9999.000 -9999.000 -9999.000 -9999.000 -9999.000 -9999.000 -9999.000 -9999.000 -9999.000 -9999.000 -9999.000 -9999.000 -9999.000 -9999.000 -9999.000 -9999.000 -9999.000 -9999.000 -9999.000 -9999.000 -9999.000 -9999.000 -9999.000 -9999.000 -9999.000 -9999.000 -9999.000 -9999.000
-9999.000 -9999.000 -9999.000 -9999.000 -9999.000 -9999.000 -9999.000 -9999.000 -9999.000 -9999.000 -9999.000 -9999.000 -9999.000 -9999.000 -9999.000 0.9754336E-01 0.9352209E-01 0.9403928E-01 0.9576530E-01 0.9833185E-01 0.1014219 0.1045821 0.1076007 0.1103647 0.1127595 0.1148025 0.1168014 0.1197564 0.1265838 0.1344710 0.1344710 -9999.000 -9999.000 -9999.000 -9999.000 -9999.000 -9999.000 -9999.000 -9999.000 -9999.000 -9999.000 -9999.000 -9999.000 -9999.000 -9999.000 -9999.000 -9999.000 -9999.000 -9999.000 -9999.000 -9999.000 -9999.000 -9999.000 -9999.000 -9999.000 -9999.000 -9999.000 -9999.000 -9999.000 -9999.000
-9999.000 -9999.000 -9999.000 -9999.000 -9999.000 -9999.000 -9999.000 -9999.000 -9999.000 -9999.000 -9999.000 -9999.000 -9999.000 -9999.000 -9999.000 0.9229268E-01 0.8751839E-01 0.8824107E-01 0.9053509E-01 0.9393003E-01 0.9802168E-01 0.1022359 0.1063068 0.1100958 0.1134514 0.1163858 0.1192842 0.1234307 0.1326126 0.1440751 0.1440751 -9999.000 -9999.000 -9999.000 -9999.000 -9999.000 -9999.000 -9999.000 -9999.000 -9999.000 -9999.000 -9999.000 -9999.000 -9999.000 -9999.000 -9999.000 -9999.000 -9999.000 -9999.000 -9999.000 -9999.000 -9999.000 -9999.000 -9999.000 -9999.000 -9999.000 -9999.000 -9999.000 -9999.000 -9999.000
-9999.000 -9999.000 -9999.000 -9999.000 -9999.000 -9999.000 -9999.000 -9999.000 -9999.000 -9999.000 -9999.000 -9999.000 -9999.000 -9999.000 -9999.000 0.8662585E-01 0.8120831E-01 0.8216773E-01 0.8506735E-01 0.8933174E-01 0.9446619E-01 0.9977716E-01 0.1049449 0.1098100 0.1141822 0.1180677 0.1219307 0.1273558 0.1390636 0.1547937 0.1547937 -9999.000 -9999.000 -9999.000 -9999.000 -9999.000 -9999.000 -9999.000 -9999.000 -9999.000 -9999.000 -9999.000 -9999.000 -9999.000 -9999.000 -9999.000 -9999.000 -9999.000 -9999.000 -9999.000 -9999.000 -9999.000 -9999.000 -9999.000 -9999.000 -9999.000 -9999.000 -9999.000 -9999.000 -9999.000
-9999.000 -9999.000 -9999.000 -9999.000 -9999.000 -9999.000 -9999.000 -9999.000 -9999.000 -9999.000 -9999.000 -9999.000 -9999.000 -9999.000 -9999.000 0.8057261E-01 0.7463064E-01 0.7586870E-01 0.7941977E-01 0.8459756E-01 0.9081341E-01 0.9725659E-01 0.1035549 0.1095344 0.1149641 0.1198435 0.1247208 0.1315012 0.1459155 0.1667386 0.1667386 -9999.000 -9999.000 -9999.000 -9999.000 -9999.000 -9999.000 -9999.000 -9999.000 -9999.000 -9999.000 -9999.000 -9999.000 -9999.000 -9999.000 -9999.000 -9999.000 -9999.000 -9999.000 -9999.000 -9999.000 -9999.000 -9999.000 -9999.000 -9999.000 -9999.000 -9999.000 -9999.000 -9999.000 -9999.000
-9999.000 -9999.000 -9999.000 -9999.000 -9999.000 -9999.000 -9999.000 -9999.000 -9999.000 -9999.000 -9999.000 -9999.000 -9999.000 -9999.000 -9999.000 0.7412954E-01 0.6779861E-01 0.6937231E-01 0.7363177E-01 0.7977055E-01 0.8710375E-01 0.9470857E-01 0.1021633 0.1092868 0.1158050 0.1217109 0.1276429 0.1358522 0.1531722 0.1801010 0.1801010 -9999.000 -9999.000 -9999.000 -9999.000 -9999.000 -9999.000 -9999.000 -9999.000 -9999.000 -9999.000 -9999.000 -9999.000 -9999.000 -9999.000 -9999.000 -9999.000 -9999.000 -9999.000 -9999.000 -9999.000 -9999.000 -9999.000 -9999.000 -9999.000 -9999.000 -9999.000 -9999.000 -9999.000 -9999.000
-9999.000 -9999.000 -9999.000 -9999.000 -9999.000 -9999.000 -9999.000 -9999.000 -9999.000 -9999.000 -9999.000 -9999.000 -9999.000 -9999.000 -9999.000 0.6727453E-01 0.6071394E-01 0.6270196E-01 0.6774089E-01 0.7489123E-01 0.8337315E-01 0.9216185E-01 0.1007910 0.1090808 0.1167110 0.1236685 0.1306894 0.1404012 0.1608511 0.1951549 0.1951549 -9999.000 -9999.000 -9999.000 -9999.000 -9999.000 -9999.000 -9999.000 -9999.000 -9999.000 -9999.000 -9999.000 -9999.000 -9999.000 -9999.000 -9999.000 -9999.000 -9999.000 -9999.000 -9999.000 -9999.000 -9999.000 -9999.000 -9999.000 -9999.000 -9999.000 -9999.000 -9999.000 -9999.000 -9999.000
-9999.000 -9999.000 -9999.000 -9999.000 -9999.000 -9999.000 -9999.000 -9999.000 -9999.000 -9999.000 -9999.000 -9999.000 -9999.000 -9999.000 -9999.000 0.5997392E-01 0.5337647E-01 0.5589056E-01 0.6179851E-01 0.7001134E-01 0.7966366E-01 0.8964809E-01 0.9946074E-01 0.1089318 0.1176902 0.1257176 0.1338563 0.1451460 0.1689797 0.2122767 0.2122767 -9999.000 -9999.000 -9999.000 -9999.000 -9999.000 -9999.000 -9999.000 -9999.000 -9999.000 -9999.000 -9999.000 -9999.000 -9999.000 -9999.000 -9999.000 -9999.000 -9999.000 -9999.000 -9999.000 -9999.000 -9999.000 -9999.000 -9999.000 -9999.000 -9999.000 -9999.000 -9999.000 -9999.000 -9999.000
-9999.000 -9999.000 -9999.000 -9999.000 -9999.000 -9999.000 -9999.000 -9999.000 -9999.000 -9999.000 -9999.000 -9999.000 -9999.000 -9999.000 -9999.000 0.5218646E-01 0.4579600E-01 0.4900099E-01 0.5588975E-01 0.6520823E-01 0.7603497E-01 0.8721148E-01 0.9820443E-01 0.1088625 0.1187575 0.1278654 0.1371448 0.1500892 0.1775940 0.2319853 0.2319853 -9999.000 -9999.000 -9999.000 -9999.000 -9999.000 -9999.000 -9999.000 -9999.000 -9999.000 -9999.000 -9999.000 -9999.000 -9999.000 -9999.000 -9999.000 -9999.000 -9999.000 -9999.000 -9999.000 -9999.000 -9999.000 -9999.000 -9999.000 -9999.000 -9999.000 -9999.000 -9999.000 -9999.000 -9999.000
-9999.000 -9999.000 -9999.000 -9999.000 -9999.000 -9999.000 -9999.000 -9999.000 -9999.000 -9999.000 -9999.000 -9999.000 -9999.000 -9999.000 -9999.000 0.4386416E-01 0.3801527E-01 0.4216533E-01 0.5016577E-01 0.6060684E-01 0.7257918E-01 0.8492016E-01 0.9707378E-01 0.1089134 0.1199433 0.1301327 0.1405679 0.1552435 0.1867426 0.2550085 0.2550085 -9999.000 -9999.000 -9999.000 -9999.000 -9999.000 -9999.000 -9999.000 -9999.000 -9999.000 -9999.000 -9999.000 -9999.000 -9999.000 -9999.000 -9999.000 -9999.000 -9999.000 -9999.000 -9999.000 -9999.000 -9999.000 -9999.000 -9999.000 -9999.000 -9999.000 -9999.000 -9999.000 -9999.000 -9999.000
-9999.000 -9999.000 -9999.000 -9999.000 -9999.000 -9999.000 -9999.000 -9999.000 -9999.000 -9999.000 -9999.000 -9999.000 -9999.000 -9999.000 -9999.000 0.3495878E-01 0.3017838E-01 0.3567493E-01 0.4490612E-01 0.5641881E-01 0.6944837E-01 0.8288781E-01 0.9615871E-01 0.1091585 0.1213084 0.1325689 0.1441646 0.1606440 0.1964934 0.2823966 0.2823966 -9999.000 -9999.000 -9999.000 -9999.000 -9999.000 -9999.000 -9999.000 -9999.000 -9999.000 -9999.000 -9999.000 -9999.000 -9999.000 -9999.000 -9999.000 -9999.000 -9999.000 -9999.000 -9999.000 -9999.000 -9999.000 -9999.000 -9999.000 -9999.000 -9999.000 -9999.000 -9999.000 -9999.000 -9999.000
-9999.000 -9999.000 -9999.000 -9999.000 -9999.000 -9999.000 -9999.000 -9999.000 -9999.000 -9999.000 -9999.000 -9999.000 -9999.000 -9999.000 -9999.000 0.2543356E-01 0.2280368E-01 0.3027509E-01 0.4073955E-01 0.5311917E-01 0.6700259E-01 0.8140002E-01 0.9569407E-01 0.1097950 0.1230206 0.1353174 0.1480576 0.1663961 0.2069674 0.3157377 0.3157377 -9999.000 -9999.000 -9999.000 -9999.000 -9999.000 -9999.000 -9999.000 -9999.000 -9999.000 -9999.000 -9999.000 -9999.000 -9999.000 -9999.000 -9999.000 -9999.000 -9999.000 -9999.000 -9999.000 -9999.000 -9999.000 -9999.000 -9999.000 -9999.000 -9999.000 -9999.000 -9999.000 -9999.000 -9999.000
-9999.000 -9999.000 -9999.000 -9999.000 -9999.000 -9999.000 -9999.000 -9999.000 -9999.000 -9999.000 -9999.000 -9999.000 -9999.000 -9999.000 -9999.000 0.2195053E-01 0.3445127E-01 0.4751487E-01 0.5844926E-01 0.6871510E-01 0.7952020E-01 0.9099410E-01 0.1029308 0.1153738 0.1275559 0.1393297 0.1521295 0.1717269 0.2171818 0.3547475 0.3547475 -9999.000 -9999.000 -9999.000 -9999.000 -9999.000 -9999.000 -9999.000 -9999.000 -9999.000 -9999.000 -9999.000 -9999.000 -9999.000 -9999.000 -9999.000 -9999.000 -9999.000 -9999.000 -9999.000 -9999.000 -9999.000 -9999.000 -9999.000 -9999.000 -9999.000 -9999.000 -9999.000 -9999.000 -9999.000
2.566679 2.566679 2.608895 2.648830 2.654212 2.654212 2.657264 2.659430 2.659430 2.658314 2.658314 2.654986 2.652699 2.650076 2.647162 2.647162 2.674314 2.667596 2.650654 2.619807 2.572338 2.505847 2.419760 2.315394 2.193372 2.055964 1.907885 1.760206 1.639913 1.618127 1.618127 2.407655 2.562104 2.640847 2.658877 2.658877 2.677955 2.677955 2.640380 2.640380 2.586704 2.383902 2.383902 1.938175 1.938175 1.784865 1.784865 1.784865 1.796275 1.796275 1.836562 1.836562 1.883642 1.883642 1.929047 1.929047 1.967957 1.967957 1.967957 1.996877
2.584014 2.584014 2.640801 2.696358 2.712404 2.712404 2.726097 2.749420 2.749420 2.769289 2.769289 2.786780 2.794837 2.802516 2.809856 2.809856 2.833228 2.840015 2.846701 2.851328 2.851565 2.844766 2.828487 2.800672 2.759031 2.701921 2.628827 2.540998 2.447835 2.395353 2.395353 2.820051 2.965219 3.100342 3.135416 3.135416 3.170751 3.170751 3.159353 3.159353 3.131338 3.015845 3.015845 2.756377 2.756377 2.576406 2.576406 2.576406 2.587475 2.587475 2.628656 2.628656 2.678071 2.678071 2.726429 2.726429 2.768771 2.768771 2.768771 2.802820
2.588007 2.588007 2.644814 2.696664 2.712893 2.712893 2.726822 2.750658 2.750658 2.771102 2.771102 2.789258 2.797682 2.805750 2.813504 2.813504 2.836254 2.850361 2.866697 2.882939 2.897190 2.907865 2.913694 2.913580 2.906045 2.889491 2.862577 2.824914 2.780697 2.754886 2.754886 3.002171 3.140054 3.295535 3.339027 3.339027 3.377456 3.377456 3.356332 3.356332 3.323772 3.224109 3.224109 3.051750 3.051750 2.869885 2.869885 2.869885 2.866280 2.866280 2.898092 2.898092 2.940549 2.940549 2.982832 2.982832 3.020393 3.020393 3.020393 3.050965
2.591201 2.591201 2.647910 2.696590 2.712796 2.712796 2.726768 2.750668 2.750668 2.771130 2.771130 2.789292 2.797722 2.805797 2.813561 2.813561 2.837855 2.858639 2.882888 2.907219 2.929383 2.947957 2.962128 2.971490 2.975609 2.973936 2.965903 2.951305 2.932591 2.925277 2.925277 3.078561 3.201591 3.361061 3.406872 3.406872 3.436365 3.436365 3.394571 3.394571 3.356992 3.276497 3.276497 3.171112 3.171112 3.010346 3.010346 3.010346 2.990742 2.990742 3.011762 3.011762 3.047951 3.047951 3.086329 3.086329 3.121093 3.121093 3.121093 3.149438
2.593649 2.593649 2.650275 2.696537 2.712694 2.712694 2.726702 2.750663 2.750663 2.771133 2.771133 2.789291 2.797718 2.805792 2.813554 2.813554 2.842027 2.869601 2.901470 2.933320 2.962545 2.987653 3.007858 3.022879 3.032643 3.037158 3.036511 3.031056 3.022819 3.022233 3.022233 3.121253 3.225254 3.373617 3.411592 3.411592 3.411349 3.411349 3.347997 3.347997 3.314379 3.267597 3.267597 3.219670 3.219670 3.098088 3.098088 3.098088 3.065777 3.065777 3.073621 3.073621 3.101509 3.101509 3.135057 3.135057 3.166587 3.166587 3.166587 3.192356
2.595378 2.595378 2.651942 2.696506 2.712608 2.712608 2.726644 2.750658 2.750658 2.771137 2.771137 2.789289 2.797714 2.805787 2.813549 2.813549 2.849549 2.884381 2.923683 2.962567 2.998285 3.029335 3.054953 3.074837 3.088967 3.097492 3.100724 3.099266 3.094904 3.094964 3.094964 3.158106 3.240028 3.357151 3.371808 3.371808 3.323472 3.323472 3.257736 3.257736 3.241033 3.236823 3.236823 3.234447 3.234447 3.160149 3.160149 3.160149 3.123204 3.123204 3.118417 3.118417 3.135983 3.135983 3.162751 3.162751 3.189605 3.189605 3.189605 3.211734
2.596406 2.596406 2.652935 2.696491 2.712552 2.712552 2.726606 2.750658 2.750658 2.771146 2.771146 2.789299 2.797725 2.805799 2.813561 2.813561 2.861296 2.904129 2.950759 2.996158 3.037692 3.074003 3.104408 3.128632 3.146650 3.158608 3.164824 3.165889 3.163247 3.161921 3.161921 3.199401 3.256099 3.310358 3.282482 3.282482 3.191254 3.191254 3.156820 3.156820 3.164785 3.200370 3.200370 3.230874 3.230874 3.202776 3.202776 3.202776 3.170524 3.170524 3.157032 3.157032 3.163779 3.163779 3.181950 3.181950 3.202399 3.202399 3.202399 3.219558
2.596747 2.596747 2.653266 2.696486 2.712533 2.712533 2.726593 2.750656 2.750656 2.771147 2.771147 2.789299 2.797724 2.805798 2.813560 2.813560 2.878387 2.930139 2.984037 3.035394 3.081967 3.122691 3.157077 3.184945 3.206299 3.221271 3.230123 3.233327 3.231913 3.228869 3.228869 3.246349 3.271494 3.213728 3.134820 3.134820 3.045488 3.045488 3.069092 3.069092 3.099534 3.164392 3.164392 3.217150 3.217150 3.228715 3.228715 3.228715 3.208250 3.208250 3.191835 3.191835 3.189256 3.189256 3.197812 3.197812 3.210238 3.210238 3.210238 3.221043
2.596406 2.596406 2.652935 2.696490 2.712552 2.712552 2.726606 2.750658 2.750658 2.771146 2.771146 2.789299 2.797725 2.805799 2.813562 2.813562 2.902454 2.964100 3.025169 3.081835 3.132527 3.176642 3.213992 3.244576 3.268485 3.285864 3.296931 3.302024 3.301684 3.296508 3.296508 3.293982 3.269975 3.046311 2.943192 2.943192 2.919809 2.919809 3.000236 3.000236 3.045541 3.129048 3.129048 3.196773 3.196773 3.239885 3.239885 3.239885 3.234658 3.234658 3.220926 3.220926 3.212081 3.212081 3.211167 3.211167 3.214443 3.214443 3.214443 3.217710
2.595378 2.595378 2.651943 2.696506 2.712608 2.712608 2.726645 2.750658 2.750658 2.771137 2.771137 2.789289 2.797715 2.805787 2.813549 2.813549 2.935822 3.008221 3.076177 3.137297 3.190980 3.237249 3.276325 3.308463 3.333895 3.352830 3.365470 3.372023 3.372287 3.362417 3.362417 3.327214 3.211251 2.820905 2.755052 2.755052 2.828380 2.828380 2.944400 2.944400 2.997822 3.092968 3.092968 3.171118 3.171118 3.238171 3.238171 3.238171 3.248379 3.248379 3.241276 3.241276 3.229769 3.229769 3.220627 3.220627 3.214370 3.214370 3.214370 3.209337
2.593650 2.593650 2.650275 2.696538 2.712694 2.712694 2.726703 2.750663 2.750663 2.771133 2.771133 2.789291 2.797718 2.805792 2.813554 2.813554 2.982017 3.065628 3.139740 3.204049 3.259233 3.306108 3.345397 3.377669 3.403350 3.422740 3.436061 3.443347 3.442571 3.417538 3.417538 3.304451 3.034056 2.600595 2.617599 2.617599 2.760697 2.760697 2.893467 2.893467 2.951099 3.054118 3.054118 3.139730 3.139730 3.224288 3.224288 3.224288 3.248036 3.248036 3.249304 3.249304 3.238195 3.238195 3.222774 3.222774 3.207441 3.207441 3.207441 3.193985
2.591201 2.591201 2.647910 2.696591 2.712796 2.712796 2.726768 2.750668 2.750668 2.771129 2.771129 2.789292 2.797722 2.805797 2.813561 2.813561 3.046445 3.140796 3.219424 3.284906 3.339509 3.384983 3.422613 3.453314 3.477715 3.496229 3.509113 3.515919 3.508049 3.428271 3.428271 3.139273 2.714918 2.457554 2.522279 2.522279 2.696681 2.696681 2.837615 2.837615 2.897694 3.007076 3.007076 3.098253 3.098253 3.195464 3.195464 3.195464 3.230036 3.230036 3.239499 3.239499 3.230494 3.230494 3.210861 3.210861 3.187675 3.187675 3.187675 3.166446
