simulation_files/asc/Velocity__y_273.0.asc
NCOLS        79
NROWS        79
XLLCENTER         -1.500000
YLLCENTER         -4.800000
CELLSIZE           0.100
NODATA_VALUE     -9999.0
[rows 0 to 26 of 79, columns 0 to 58 of 79]
-9999.000 -9999.000 -9999.000 -9999.000 -9999.000 -9999.000 -9999.000 -9999.000 -9999.000 -9999.000 -9999.000 -9999.000 -9999.000 -9999.000 -9999.000 -0.9314606E-01 -0.9047447E-01 -0.8954282E-01 -0.8947037E-01 -0.8997045E-01 -0.9064867E-01 -0.9136128E-01 -0.9205712E-01 -0.9265031E-01 -0.9318406E-01 -0.9365793E-01 -0.9410938E-01 -0.9472299E-01 -0.9610271E-01 -0.9746817E-01 -0.9746817E-01 -9999.000 -9999.000 -9999.000 -9999.000 -9999.000 -9999.000 -9999.000 -9999.000 -9999.000 -9999.000 -9999.000 -9999.000 -9999.000 -9999.000 -9999.000 -9999.000 -9999.000 -9999.000 -9999.000 -9999.000 -9999.000 -9999.000 -9999.000 -9999.000 -9999.000 -9999.000 -9999.000 -9999.000
-9999.000 -9999.000 -9999.000 -9999.000 -9999.000 -9999.000 -9999.000 -9999.000 -9999.000 -9999.000 -9999.000 -9999.000 -9999.000 -9999.000 -9999.000 -0.9289513E-01 -0.8732976E-01 -0.8534925E-01 -0.8522338E-01 -0.8635376E-01 -0.8790136E-01 -0.8955245E-01 -0.9118807E-01 -0.9261703E-01 -0.9392420E-01 -0.9510255E-01 -0.9622500E-01 -0.9767623E-01 -0.1007164 -0.1040190 -0.1040190 -9999.000 -9999.000 -9999.000 -9999.000 -9999.000 -9999.000 -9999.000 -9999.000 -9999.000 -9999.000 -9999.000 -9999.000 -9999.000 -9999.000 -9999.000 -9999.000 -9999.000 -9999.000 -9999.000 -9999.000 -9999.000 -9999.000 -9999.000 -9999.000 -9999.000 -9999.000 -9999.000 -9999.000
-9999.000 -9999.000 -9999.000 -9999.000 -9999.000 -9999.000 -9999.000 -9999.000 -9999.000 -9999.000 -9999.000 -9999.000 -9999.000 -9999.000 -9999.000 -0.9148379E-01 -0.8280909E-01 -0.7964685E-01 -0.7952749E-01 -0.8150142E-01 -0.8421467E-01 -0.8714906E-01 -0.9009617E-01 -0.9273123E-01 -0.9517758E-01 -0.9740935E-01 -0.9953233E-01 -0.1021516 -0.1072728 -0.1132767 -0.1132767 -9999.000 -9999.000 -9999.000 -9999.000 -9999.000 -9999.000 -9999.000 -9999.000 -9999.000 -9999.000 -9999.000 -9999.000 -9999.000 -9999.000 -9999.000 -9999.000 -9999.000 -9999.000 -9999.000 -9999.000 -9999.000 -9999.000 -9999.000 -9999.000 -9999.000 -9999.000 -9999.000 -9999.000
-9999.000 -9999.000 -9999.000 -9999.000 -9999.000 -9999.000 -9999.000 -9999.000 -9999.000 -9999.000 -9999.000 -9999.000 -9999.000 -9999.000 -9999.000 -0.8948947E-01 -0.7775753E-01 -0.7342619E-01 -0.7336580E-01 -0.7626557E-01 -0.8024061E-01 -0.8456510E-01 -0.8893843E-01 -0.9289376E-01 -0.9659433E-01 -0.9998836E-01 -0.1032115 -0.1070964 -0.1144315 -0.1236390 -0.1236390 -9999.000 -9999.000 -9999.000 -9999.000 -9999.000 -9999.000 -9999.000 -9999.000 -9999.000 -9999.000 -9999.000 -9999.000 -9999.000 -9999.000 -9999.000 -9999.000 -9999.000 -9999.000 -9999.000 -9999.000 -9999.000 -9999.000 -9999.000 -9999.000 -9999.000 -9999.000 -9999.000 -9999.000
-9999.000 -9999.000 -9999.000 -9999.000 -9999.000 -9999.000 -9999.000 -9999.000 -9999.000 -9999.000 -9999.000 -9999.000 -9999.000 -9999.000 -9999.000 -0.8713855E-01 -0.7235883E-01 -0.6685518E-01 -0.6688436E-01 -0.7076527E-01 -0.7606482E-01 -0.8184695E-01 -0.8771795E-01 -0.9306092E-01 -0.9808508E-01 -0.1027073 -0.1070936 -0.1123172 -0.1219992 -0.1349540 -0.1349540 -9999.000 -9999.000 -9999.000 -9999.000 -9999.000 -9999.000 -9999.000 -9999.000 -9999.000 -9999.000 -9999.000 -9999.000 -9999.000 -9999.000 -9999.000 -9999.000 -9999.000 -9999.000 -9999.000 -9999.000 -9999.000 -9999.000 -9999.000 -9999.000 -9999.000 -9999.000 -9999.000 -9999.000
-9999.000 -9999.000 -9999.000 -9999.000 -9999.000 -9999.000 -9999.000 -9999.000 -9999.000 -9999.000 -9999.000 -9999.000 -9999.000 -9999.000 -9999.000 -0.8450516E-01 -0.6668017E-01 -0.5999896E-01 -0.6014200E-01 -0.6504954E-01 -0.7172075E-01 -0.7901032E-01 -0.8643135E-01 -0.9320789E-01 -0.9960496E-01 -0.1055027 -0.1110996 -0.1177271 -0.1299002 -0.1472372 -0.1472372 -9999.000 -9999.000 -9999.000 -9999.000 -9999.000 -9999.000 -9999.000 -9999.000 -9999.000 -9999.000 -9999.000 -9999.000 -9999.000 -9999.000 -9999.000 -9999.000 -9999.000 -9999.000 -9999.000 -9999.000 -9999.000 -9999.000 -9999.000 -9999.000 -9999.000 -9999.000 -9999.000 -9999.000
-9999.000 -9999.000 -9999.000 -9999.000 -9999.000 -9999.000 -9999.000 -9999.000 -9999.000 -9999.000 -9999.000 -9999.000 -9999.000 -9999.000 -9999.000 -0.8159361E-01 -0.6073426E-01 -0.5287404E-01 -0.5315591E-01 -0.5913367E-01 -0.6721870E-01 -0.7605783E-01 -0.8507205E-01 -0.9331764E-01 -0.1011282 -0.1083395 -0.1151877 -0.1232831 -0.1381113 -0.1606013 -0.1606013 -9999.000 -9999.000 -9999.000 -9999.000 -9999.000 -9999.000 -9999.000 -9999.000 -9999.000 -9999.000 -9999.000 -9999.000 -9999.000 -9999.000 -9999.000 -9999.000 -9999.000 -9999.000 -9999.000 -9999.000 -9999.000 -9999.000 -9999.000 -9999.000 -9999.000 -9999.000 -9999.000 -9999.000
-9999.000 -9999.000 -9999.000 -9999.000 -9999.000 -9999.000 -9999.000 -9999.000 -9999.000 -9999.000 -9999.000 -9999.000 -9999.000 -9999.000 -9999.000 -0.7837476E-01 -0.5450789E-01 -0.4547304E-01 -0.4592333E-01 -0.5301681E-01 -0.6255573E-01 -0.7298350E-01 -0.8363053E-01 -0.9337427E-01 -0.1026341 -0.1111927 -0.1193292 -0.1289596 -0.1466326 -0.1752322 -0.1752322 -9999.000 -9999.000 -9999.000 -9999.000 -9999.000 -9999.000 -9999.000 -9999.000 -9999.000 -9999.000 -9999.000 -9999.000 -9999.000 -9999.000 -9999.000 -9999.000 -9999.000 -9999.000 -9999.000 -9999.000 -9999.000 -9999.000 -9999.000 -9999.000 -9999.000 -9999.000 -9999.000 -9999.000
-9999.000 -9999.000 -9999.000 -9999.000 -9999.000 -9999.000 -9999.000 -9999.000 -9999.000 -9999.000 -9999.000 -9999.000 -9999.000 -9999.000 -9999.000 -0.7480002E-01 -0.4797283E-01 -0.3777593E-01 -0.3842963E-01 -0.4668893E-01 -0.5772195E-01 -0.6977596E-01 -0.8209302E-01 -0.9335945E-01 -0.1041015 -0.1140375 -0.1234974 -0.1347355 -0.1554741 -0.1913888 -0.1913888 -9999.000 -9999.000 -9999.000 -9999.000 -9999.000 -9999.000 -9999.000 -9999.000 -9999.000 -9999.000 -9999.000 -9999.000 -9999.000 -9999.000 -9999.000 -9999.000 -9999.000 -9999.000 -9999.000 -9999.000 -9999.000 -9999.000 -9999.000 -9999.000 -9999.000 -9999.000 -9999.000 -9999.000
-9999.000 -9999.000 -9999.000 -9999.000 -9999.000 -9999.000 -9999.000 -9999.000 -9999.000 -9999.000 -9999.000 -9999.000 -9999.000 -9999.000 -9999.000 -0.7080607E-01 -0.4109011E-01 -0.2975280E-01 -0.3065255E-01 -0.4013283E-01 -0.5270142E-01 -0.6641786E-01 -0.8044117E-01 -0.9324948E-01 -0.1055045 -0.1168448 -0.1276608 -0.1405851 -0.1646479 -0.2094182 -0.2094182 -9999.000 -9999.000 -9999.000 -9999.000 -9999.000 -9999.000 -9999.000 -9999.000 -9999.000 -9999.000 -9999.000 -9999.000 -9999.000 -9999.000 -9999.000 -9999.000 -9999.000 -9999.000 -9999.000 -9999.000 -9999.000 -9999.000 -9999.000 -9999.000 -9999.000 -9999.000 -9999.000 -9999.000
-9999.000 -9999.000 -9999.000 -9999.000 -9999.000 -9999.000 -9999.000 -9999.000 -9999.000 -9999.000 -9999.000 -9999.000 -9999.000 -9999.000 -9999.000 -0.6631643E-01 -0.3381071E-01 -0.2136445E-01 -0.2256134E-01 -0.3332428E-01 -0.4747041E-01 -0.6288538E-01 -0.7864871E-01 -0.9301285E-01 -0.1068086 -0.1195753 -0.1317771 -0.1464728 -0.1741633 -0.2297883 -0.2297883 -9999.000 -9999.000 -9999.000 -9999.000 -9999.000 -9999.000 -9999.000 -9999.000 -9999.000 -9999.000 -9999.000 -9999.000 -9999.000 -9999.000 -9999.000 -9999.000 -9999.000 -9999.000 -9999.000 -9999.000 -9999.000 -9999.000 -9999.000 -9999.000 -9999.000 -9999.000 -9999.000 -9999.000
-9999.000 -9999.000 -9999.000 -9999.000 -9999.000 -9999.000 -9999.000 -9999.000 -9999.000 -9999.000 -9999.000 -9999.000 -9999.000 -9999.000 -9999.000 -0.6123777E-01 -0.2607242E-01 -0.1255996E-01 -0.1411442E-01 -0.2622956E-01 -0.4199683E-01 -0.5914471E-01 -0.7667990E-01 -0.9260587E-01 -0.1079661 -0.1221749 -0.1357862 -0.1523453 -0.1840198 -0.2531398 -0.2531398 -9999.000 -9999.000 -9999.000 -9999.000 -9999.000 -9999.000 -9999.000 -9999.000 -9999.000 -9999.000 -9999.000 -9999.000 -9999.000 -9999.000 -9999.000 -9999.000 -9999.000 -9999.000 -9999.000 -9999.000 -9999.000 -9999.000 -9999.000 -9999.000 -9999.000 -9999.000 -9999.000 -9999.000
-9999.000 -9999.000 -9999.000 -9999.000 -9999.000 -9999.000 -9999.000 -9999.000 -9999.000 -9999.000 -9999.000 -9999.000 -9999.000 -9999.000 -9999.000 -0.5545257E-01 -0.1779331E-01 -0.3270783E-02 -0.5256193E-02 -0.1880237E-01 -0.3623539E-01 -0.5514952E-01 -0.7448491E-01 -0.9196854E-01 -0.1089106 -0.1245662 -0.1396012 -0.1581208 -0.1941986 -0.2803723 -0.2803723 -9999.000 -9999.000 -9999.000 -9999.000 -9999.000 -9999.000 -9999.000 -9999.000 -9999.000 -9999.000 -9999.000 -9999.000 -9999.000 -9999.000 -9999.000 -9999.000 -9999.000 -9999.000 -9999.000 -9999.000 -9999.000 -9999.000 -9999.000 -9999.000 -9999.000 -9999.000 -9999.000 -9999.000
-9999.000 -9999.000 -9999.000 -9999.000 -9999.000 -9999.000 -9999.000 -9999.000 -9999.000 -9999.000 -9999.000 -9999.000 -9999.000 -9999.000 -9999.000 -0.4832442E-01 -0.8518470E-02 0.6756331E-02 0.4052380E-02 -0.1108083E-01 -0.3023515E-01 -0.5094494E-01 -0.7209539E-01 -0.9110697E-01 -0.1096259 -0.1267051 -0.1431521 -0.1637229 -0.2046926 -0.3128529 -0.3128529 -9999.000 -9999.000 -9999.000 -9999.000 -9999.000 -9999.000 -9999.000 -9999.000 -9999.000 -9999.000 -9999.000 -9999.000 -9999.000 -9999.000 -9999.000 -9999.000 -9999.000 -9999.000 -9999.000 -9999.000 -9999.000 -9999.000 -9999.000 -9999.000 -9999.000 -9999.000 -9999.000 -9999.000
-9999.000 -9999.000 -9999.000 -9999.000 -9999.000 -9999.000 -9999.000 -9999.000 -9999.000 -9999.000 -9999.000 -9999.000 -9999.000 -9999.000 -9999.000 -0.3421773E-02 0.1420989E-01 0.1670937E-01 0.5799831E-02 -0.1196940E-01 -0.3161016E-01 -0.5282069E-01 -0.7453867E-01 -0.9391838E-01 -0.1130474 -0.1307085 -0.1478767 -0.1700094 -0.2157629 -0.3503857 -0.3503857 -9999.000 -9999.000 -9999.000 -9999.000 -9999.000 -9999.000 -9999.000 -9999.000 -9999.000 -9999.000 -9999.000 -9999.000 -9999.000 -9999.000 -9999.000 -9999.000 -9999.000 -9999.000 -9999.000 -9999.000 -9999.000 -9999.000 -9999.000 -9999.000 -9999.000 -9999.000 -9999.000 -9999.000
-0.4344886E-02 -0.4344886E-02 -0.5458746E-02 -0.6978274E-02 -0.6559016E-02 -0.6559016E-02 -0.6432674E-02 -0.6391902E-02 -0.6391902E-02 -0.6378591E-02 -0.6378591E-02 -0.6353885E-02 -0.6338580E-02 -0.6322233E-02 -0.6308705E-02 -0.6308705E-02 0.2854247E-01 0.2338674E-01 0.8265748E-02 -0.1347764E-01 -0.3950980E-01 -0.6874871E-01 -0.9989557E-01 -0.1310190 -0.1614207 -0.1900599 -0.2165173 -0.2424300 -0.2757503 -0.3539988 -0.3539988 -0.1966669 -0.1058546 -0.3677595E-01 -0.2754598E-01 -0.2754598E-01 -0.2058798E-01 -0.2058798E-01 -0.8062386E-02 -0.8062386E-02 0.3105398E-02 0.2711006E-01 0.2711006E-01 0.1215833E-01 0.1215833E-01 -0.3727070E-02 -0.3727070E-02 -0.3727070E-02 0.7080924E-04 0.7080924E-04 0.8147812E-03 0.8147812E-03 -0.4976306E-04 -0.4976306E-04 -0.1305858E-02 -0.1305858E-02 -0.2534636E-02 -0.2534636E-02 -0.2534636E-02
-0.6675093E-02 -0.6675093E-02 -0.7660443E-02 -0.1008915E-01 -0.9290478E-02 -0.9290478E-02 -0.9027108E-02 -0.8975914E-02 -0.8975914E-02 -0.8989790E-02 -0.8989790E-02 -0.8977653E-02 -0.8966757E-02 -0.8954715E-02 -0.8960248E-02 -0.8960248E-02 0.2347625E-01 0.1896967E-01 0.3378041E-02 -0.2225302E-01 -0.5637906E-01 -0.9679997E-01 -0.1416016 -0.1892032 -0.2373771 -0.2845127 -0.3289279 -0.3688143 -0.4020718 -0.4261307 -0.4261307 -0.2892340 -0.1924870 -0.1003291 -0.8201425E-01 -0.8201425E-01 -0.5787619E-01 -0.5787619E-01 -0.1519107E-01 -0.1519107E-01 0.1816031E-01 0.8586929E-01 0.8586929E-01 0.7710718E-01 0.7710718E-01 0.1529492E-01 0.1529492E-01 0.1529492E-01 0.6878098E-02 0.6878098E-02 0.1933252E-02 0.1933252E-02 -0.2351595E-02 -0.2351595E-02 -0.6027282E-02 -0.6027282E-02 -0.8853970E-02 -0.8853970E-02 -0.8853970E-02
-0.5502690E-02 -0.5502690E-02 -0.5699937E-02 -0.8583643E-02 -0.7933017E-02 -0.7933017E-02 -0.7622256E-02 -0.7564501E-02 -0.7564501E-02 -0.7614853E-02 -0.7614853E-02 -0.7630214E-02 -0.7632149E-02 -0.7633178E-02 -0.7679152E-02 -0.7679152E-02 0.1487679E-01 0.1044433E-01 -0.5154763E-02 -0.3108355E-01 -0.6616297E-01 -0.1087087 -0.1571197 -0.2100660 -0.2657802 -0.3227074 -0.3791746 -0.4331402 -0.4816840 -0.5178319 -0.5178319 -0.4285256 -0.3445019 -0.2290690 -0.1917403 -0.1917403 -0.1239029 -0.1239029 -0.2202548E-01 -0.2202548E-01 0.4460393E-01 0.1657743 0.1657743 0.1873603 0.1873603 0.6768564E-01 0.6768564E-01 0.6768564E-01 0.2593200E-01 0.2593200E-01 0.4400169E-02 0.4400169E-02 -0.8110463E-02 -0.8110463E-02 -0.1612895E-01 -0.1612895E-01 -0.2095944E-01 -0.2095944E-01 -0.2095944E-01
-0.4353427E-02 -0.4353427E-02 -0.3819195E-02 -0.7026437E-02 -0.6456489E-02 -0.6456489E-02 -0.6131250E-02 -0.6054721E-02 -0.6054721E-02 -0.6106033E-02 -0.6106033E-02 -0.6115519E-02 -0.6113618E-02 -0.6110896E-02 -0.6186633E-02 -0.6186633E-02 0.6172747E-02 -0.2504048E-03 -0.1712157E-01 -0.4385841E-01 -0.7951489E-01 -0.1227832 -0.1723219 -0.2269825 -0.2854178 -0.3463556 -0.4084491 -0.4699826 -0.5282503 -0.5764248 -0.5764248 -0.5344175 -0.4745102 -0.3617705 -0.3105340 -0.3105340 -0.1891708 -0.1891708 -0.1417189E-01 -0.1417189E-01 0.8154119E-01 0.2309212 0.2309212 0.2698004 0.2698004 0.1280970 0.1280970 0.1280970 0.5257345E-01 0.5257345E-01 0.9491303E-02 0.9491303E-02 -0.1462149E-01 -0.1462149E-01 -0.2839257E-01 -0.2839257E-01 -0.3544652E-01 -0.3544652E-01 -0.3544652E-01
-0.3231056E-02 -0.3231056E-02 -0.2110720E-02 -0.5470307E-02 -0.4961963E-02 -0.4961963E-02 -0.4652973E-02 -0.4554736E-02 -0.4554736E-02 -0.4584763E-02 -0.4584763E-02 -0.4580001E-02 -0.4573833E-02 -0.4568747E-02 -0.4683579E-02 -0.4683579E-02 -0.2603610E-02 -0.1287787E-01 -0.3259901E-01 -0.6133666E-01 -0.9832366E-01 -0.1425476 -0.1929183 -0.2484448 -0.3080520 -0.3706850 -0.4352556 -0.5004120 -0.5639578 -0.6202003 -0.6202003 -0.6139499 -0.5793393 -0.4793224 -0.4143350 -0.4143350 -0.2267164 -0.2267164 0.1464380E-01 0.1464380E-01 0.1229839 0.2696888 0.2696888 0.3125129 0.3125129 0.1808295 0.1808295 0.1808295 0.8287988E-01 0.8287988E-01 0.1878258E-01 0.1878258E-01 -0.1877914E-01 -0.1877914E-01 -0.3966442E-01 -0.3966442E-01 -0.4949369E-01 -0.4949369E-01 -0.4949369E-01
-0.2132322E-02 -0.2132322E-02 -0.7047211E-03 -0.3882162E-02 -0.3434499E-02 -0.3434499E-02 -0.3151782E-02 -0.3025584E-02 -0.3025584E-02 -0.3038239E-02 -0.3038239E-02 -0.3036444E-02 -0.3033764E-02 -0.3032080E-02 -0.3202120E-02 -0.3202120E-02 -0.1192080E-01 -0.2770121E-01 -0.5193611E-01 -0.8410062E-01 -0.1234948 -0.1693206 -0.2207422 -0.2769771 -0.3372039 -0.4005828 -0.4662340 -0.5330827 -0.5993907 -0.6606556 -0.6606556 -0.6790370 -0.6656765 -0.5719064 -0.4833045 -0.4833045 -0.2173848 -0.2173848 0.5444621E-01 0.5444621E-01 0.1549768 0.2793216 0.2793216 0.3205633 0.3205633 0.2173480 0.2173480 0.2173480 0.1124262 0.1124262 0.3210538E-01 0.3210538E-01 -0.1909214E-01 -0.1909214E-01 -0.4817455E-01 -0.4817455E-01 -0.6147907E-01 -0.6147907E-01 -0.6147907E-01
-0.1057192E-02 -0.1057192E-02 0.7465816E-04 -0.2086520E-02 -0.1773329E-02 -0.1773329E-02 -0.1586005E-02 -0.1497073E-02 -0.1497073E-02 -0.1506803E-02 -0.1506803E-02 -0.1512101E-02 -0.1512660E-02 -0.1512982E-02 -0.1753988E-02 -0.1753988E-02 -0.2249652E-01 -0.4540107E-01 -0.7586428E-01 -0.1130153 -0.1560829 -0.2043899 -0.2573254 -0.3143497 -0.3749198 -0.4384600 -0.5043310 -0.5717186 -0.6392667 -0.7033971 -0.7033971 -0.7376772 -0.7387998 -0.6260084 -0.4951245 -0.4951245 -0.1647788 -0.1647788 0.8605465E-01 0.8605465E-01 0.1665288 0.2647774 0.2647774 0.3041880 0.3041880 0.2345849 0.2345849 0.2345849 0.1364536 0.1364536 0.4765429E-01 0.4765429E-01 -0.1527681E-01 -0.1527681E-01 -0.5287541E-01 -0.5287541E-01 -0.7023165E-01 -0.7023165E-01 -0.7023165E-01
0.6562998E-07 0.6562998E-07 0.2877442E-07 -0.9971689E-07 -0.2895997E-07 -0.2895997E-07 -0.4637210E-08 0.1454398E-06 0.1454398E-06 0.4241557E-07 0.4241557E-07 0.1439760E-06 0.9649668E-07 -0.9905583E-08 -0.3358441E-03 -0.3358441E-03 -0.3537011E-01 -0.6717668E-01 -0.1056767 -0.1494516 -0.1975456 -0.2493282 -0.3043775 -0.3624055 -0.4231674 -0.4863963 -0.5517481 -0.6187059 -0.6862516 -0.7513048 -0.7513048 -0.7938270 -0.7983773 -0.6174309 -0.4341080 -0.4341080 -0.9789363E-01 -0.9789363E-01 0.9682433E-01 0.9682433E-01 0.1567889 0.2347287 0.2347287 0.2731923 0.2731923 0.2336839 0.2336839 0.2336839 0.1510702 0.1510702 0.6249540E-01 0.6249540E-01 -0.8123078E-02 -0.8123078E-02 -0.5330281E-01 -0.5330281E-01 -0.7483192E-01 -0.7483192E-01 -0.7483192E-01
0.1057172E-02 0.1057172E-02 -0.7462138E-04 0.2086456E-02 0.1773377E-02 0.1773377E-02 0.1586140E-02 0.1497247E-02 0.1497247E-02 0.1506879E-02 0.1506879E-02 0.1512371E-02 0.1512917E-02 0.1513029E-02 0.1047635E-02 0.1047635E-02 -0.5208757E-01 -0.9494735E-01 -0.1434562 -0.1955315 -0.2499864 -0.3062184 -0.3639858 -0.4232610 -0.4841091 -0.5465961 -0.6107152 -0.6762816 -0.7425330 -0.8059896 -0.8059896 -0.8469716 -0.8324699 -0.5244567 -0.3181193 -0.3181193 -0.4808928E-01 -0.4808928E-01 0.8785572E-01 0.8785572E-01 0.1328617 0.1972850 0.1972850 0.2346984 0.2346984 0.2180754 0.2180754 0.2180754 0.1542366 0.1542366 0.7344042E-01 0.7344042E-01 0.7408469E-03 0.7408469E-03 -0.4958090E-01 -0.4958090E-01 -0.7464609E-01 -0.7464609E-01 -0.7464609E-01
0.2132334E-02 0.2132334E-02 0.7047029E-03 0.3882256E-02 0.3434841E-02 0.3434841E-02 0.3151905E-02 0.3025479E-02 0.3025479E-02 0.3038103E-02 0.3038103E-02 0.3036433E-02 0.3033897E-02 0.3032203E-02 0.2388081E-02 0.2388081E-02 -0.7507636E-01 -0.1317456 -0.1924581 -0.2544846 -0.3164812 -0.3779442 -0.4388627 -0.4995019 -0.5602543 -0.6215311 -0.6836796 -0.7468461 -0.8101966 -0.8671788 -0.8671788 -0.8864880 -0.8053243 -0.3682652 -0.1999962 -0.1999962 -0.2557597E-01 -0.2557597E-01 0.6812651E-01 0.6812651E-01 0.1033410 0.1579883 0.1579883 0.1931229 0.1931229 0.1917641 0.1917641 0.1917641 0.1459620 0.1459620 0.7798298E-01 0.7798298E-01 0.9251540E-02 0.9251540E-02 -0.4239077E-01 -0.4239077E-01 -0.6940406E-01 -0.6940406E-01 -0.6940406E-01
0.3231083E-02 0.3231083E-02 0.2110733E-02 0.5470457E-02 0.4962262E-02 0.4962262E-02 0.4652922E-02 0.4554742E-02 0.4554742E-02 0.4584566E-02 0.4584566E-02 0.4579873E-02 0.4573740E-02 0.4568632E-02 0.3677031E-02 0.3677031E-02 -0.1083905 -0.1824718 -0.2577859 -0.3312320 -0.4015774 -0.4686189 -0.5327091 -0.5944839 -0.6546978 -0.7141179 -0.7734438 -0.8330566 -0.8907574 -0.9274396 -0.9274396 -0.8731399 -0.6614605 -0.2186034 -0.1212552 -0.1212552 -0.2119219E-01 -0.2119219E-01 0.4596775E-01 0.4596775E-01 0.7403141E-01 0.1197980 0.1197980 0.1509719 0.1509719 0.1583909 0.1583909 0.1583909 0.1278415 0.1278415 0.7496274E-01 0.7496274E-01 0.1549899E-01 0.1549899E-01 -0.3279858E-01 -0.3279858E-01 -0.5926621E-01 -0.5926621E-01 -0.5926621E-01
0.4353376E-02 0.4353376E-02 0.3819228E-02 0.7026381E-02 0.6456465E-02 0.6456465E-02 0.6131227E-02 0.6054835E-02 0.6054835E-02 0.6105859E-02 0.6105859E-02 0.6115351E-02 0.6113303E-02 0.6110871E-02 0.4882698E-02 0.4882698E-02 -0.1592938 -0.2553892 -0.3476658 -0.4334352 -0.5121546 -0.5843014 -0.6508212 -0.7128479 -0.7715553 -0.8280765 -0.8834489 -0.9378561 -0.9821277 -0.9500372 -0.9500372 -0.7235771 -0.4083198 -0.1250968 -0.8250815E-01 -0.8250815E-01 -0.2251932E-01 -0.2251932E-01 0.2608429E-01 0.2608429E-01 0.4776981E-01 0.8410402E-01 0.8410402E-01 0.1097353 0.1097353 0.1209592 0.1209592 0.1209592 0.1023285 0.1023285 0.6469862E-01 0.6469862E-01 0.1830343E-01 0.1830343E-01 -0.2197631E-01 -0.2197631E-01 -0.4487030E-01 -0.4487030E-01 -0.4487030E-01
