simulation_files/asc/Velocity__x_221.0.asc
NCOLS        79
NROWS        79
XLLCENTER         -1.500000
YLLCENTER         -4.800000
CELLSIZE           0.100
NODATA_VALUE     -9999.0
[rows 0 to 25 of 79, columns 0 to 57 of 79]
-9999.000 -9999.000 -9999.000 -9999.000 -9999.000 -9999.000 -9999.000 -9999.000 -9999.000 -9999.000 -9999.000 -9999.000 -9999.000 -9999.000 -9999.000 -0.1691813E-02 -0.1395600E-02 0.1955242E-02 0.6811923E-02 0.1181050E-01 0.1589895E-01 0.1878011E-01 0.2044152E-01 0.2096440E-01 0.2050127E-01 0.1919620E-01 0.1713601E-01 0.1426739E-01 0.9999494E-02 0.4896656E-02 0.4896656E-02 -9999.000 -9999.000 -9999.000 -9999.000 -9999.000 -9999.000 -9999.000 -9999.000 -9999.000 -9999.000 -9999.000 -9999.000 -9999.000 -9999.000 -9999.000 -9999.000 -9999.000 -9999.000 -9999.000 -9999.000 -9999.000 -9999.000 -9999.000 -9999.000 -9999.000 -9999.000 -9999.000
-9999.000 -9999.000 -9999.000 -9999.000 -9999.000 -9999.000 -9999.000 -9999.000 -9999.000 -9999.000 -9999.000 -9999.000 -9999.000 -9999.000 -9999.000 -0.4234533E-03 0.1097181E-02 0.5491247E-02 0.1123398E-01 0.1702153E-01 0.2181248E-01 0.2524380E-01 0.2723026E-01 0.2779819E-01 0.2706294E-01 0.2515192E-01 0.2215992E-01 0.1807456E-01 0.1243435E-01 0.6069604E-02 0.6069604E-02 -9999.000 -9999.000 -9999.000 -9999.000 -9999.000 -9999.000 -9999.000 -9999.000 -9999.000 -9999.000 -9999.000 -9999.000 -9999.000 -9999.000 -9999.000 -9999.000 -9999.000 -9999.000 -9999.000 -9999.000 -9999.000 -9999.000 -9999.000 -9999.000 -9999.000 -9999.000 -9999.000
-9999.000 -9999.000 -9999.000 -9999.000 -9999.000 -9999.000 -9999.000 -9999.000 -9999.000 -9999.000 -9999.000 -9999.000 -9999.000 -9999.000 -9999.000 0.1614531E-04 0.2060716E-02 0.7071979E-02 0.1340330E-01 0.1970804E-01 0.2490916E-01 0.2862622E-01 0.3076235E-01 0.3133656E-01 0.3046274E-01 0.2827292E-01 0.2487172E-01 0.2025901E-01 0.1397177E-01 0.6858238E-02 0.6858238E-02 -9999.000 -9999.000 -9999.000 -9999.000 -9999.000 -9999.000 -9999.000 -9999.000 -9999.000 -9999.000 -9999.000 -9999.000 -9999.000 -9999.000 -9999.000 -9999.000 -9999.000 -9999.000 -9999.000 -9999.000 -9999.000 -9999.000 -9999.000 -9999.000 -9999.000 -9999.000 -9999.000
-9999.000 -9999.000 -9999.000 -9999.000 -9999.000 -9999.000 -9999.000 -9999.000 -9999.000 -9999.000 -9999.000 -9999.000 -9999.000 -9999.000 -9999.000 0.2270645E-03 0.2557520E-02 0.7945277E-02 0.1465704E-01 0.2130455E-01 0.2677989E-01 0.3069307E-01 0.3294224E-01 0.3354430E-01 0.3261609E-01 0.3029314E-01 0.2668357E-01 0.2178860E-01 0.1512060E-01 0.7476699E-02 0.7476699E-02 -9999.000 -9999.000 -9999.000 -9999.000 -9999.000 -9999.000 -9999.000 -9999.000 -9999.000 -9999.000 -9999.000 -9999.000 -9999.000 -9999.000 -9999.000 -9999.000 -9999.000 -9999.000 -9999.000 -9999.000 -9999.000 -9999.000 -9999.000 -9999.000 -9999.000 -9999.000 -9999.000
-9999.000 -9999.000 -9999.000 -9999.000 -9999.000 -9999.000 -9999.000 -9999.000 -9999.000 -9999.000 -9999.000 -9999.000 -9999.000 -9999.000 -9999.000 0.3631750E-03 0.2897219E-02 0.8571369E-02 0.1558070E-01 0.2249856E-01 0.2819061E-01 0.3226285E-01 0.3461233E-01 0.3525571E-01 0.3431311E-01 0.3192192E-01 0.2819126E-01 0.2311782E-01 0.1617698E-01 0.8067796E-02 0.8067796E-02 -9999.000 -9999.000 -9999.000 -9999.000 -9999.000 -9999.000 -9999.000 -9999.000 -9999.000 -9999.000 -9999.000 -9999.000 -9999.000 -9999.000 -9999.000 -9999.000 -9999.000 -9999.000 -9999.000 -9999.000 -9999.000 -9999.000 -9999.000 -9999.000 -9999.000 -9999.000 -9999.000
-9999.000 -9999.000 -9999.000 -9999.000 -9999.000 -9999.000 -9999.000 -9999.000 -9999.000 -9999.000 -9999.000 -9999.000 -9999.000 -9999.000 -9999.000 0.4864534E-03 0.3207655E-02 0.9145768E-02 0.1642886E-01 0.2359327E-01 0.2948130E-01 0.3369978E-01 0.3614668E-01 0.3683933E-01 0.3590242E-01 0.3347506E-01 0.2966506E-01 0.2446121E-01 0.1728957E-01 0.8707051E-02 0.8707051E-02 -9999.000 -9999.000 -9999.000 -9999.000 -9999.000 -9999.000 -9999.000 -9999.000 -9999.000 -9999.000 -9999.000 -9999.000 -9999.000 -9999.000 -9999.000 -9999.000 -9999.000 -9999.000 -9999.000 -9999.000 -9999.000 -9999.000 -9999.000 -9999.000 -9999.000 -9999.000 -9999.000
-9999.000 -9999.000 -9999.000 -9999.000 -9999.000 -9999.000 -9999.000 -9999.000 -9999.000 -9999.000 -9999.000 -9999.000 -9999.000 -9999.000 -9999.000 0.6245759E-03 0.3546846E-02 0.9757430E-02 0.1731702E-01 0.2472637E-01 0.3080656E-01 0.3516963E-01 0.3771667E-01 0.3846640E-01 0.3754918E-01 0.3510507E-01 0.3123984E-01 0.2593091E-01 0.1854349E-01 0.9441591E-02 0.9441591E-02 -9999.000 -9999.000 -9999.000 -9999.000 -9999.000 -9999.000 -9999.000 -9999.000 -9999.000 -9999.000 -9999.000 -9999.000 -9999.000 -9999.000 -9999.000 -9999.000 -9999.000 -9999.000 -9999.000 -9999.000 -9999.000 -9999.000 -9999.000 -9999.000 -9999.000 -9999.000 -9999.000
-9999.000 -9999.000 -9999.000 -9999.000 -9999.000 -9999.000 -9999.000 -9999.000 -9999.000 -9999.000 -9999.000 -9999.000 -9999.000 -9999.000 -9999.000 0.7932684E-03 0.3945305E-02 0.1045207E-01 0.1830480E-01 0.2596827E-01 0.3224546E-01 0.3675773E-01 0.3941146E-01 0.4022786E-01 0.3934408E-01 0.3690112E-01 0.3300037E-01 0.2760561E-01 0.2000694E-01 0.1031199E-01 0.1031199E-01 -9999.000 -9999.000 -9999.000 -9999.000 -9999.000 -9999.000 -9999.000 -9999.000 -9999.000 -9999.000 -9999.000 -9999.000 -9999.000 -9999.000 -9999.000 -9999.000 -9999.000 -9999.000 -9999.000 -9999.000 -9999.000 -9999.000 -9999.000 -9999.000 -9999.000 -9999.000 -9999.000
-9999.000 -9999.000 -9999.000 -9999.000 -9999.000 -9999.000 -9999.000 -9999.000 -9999.000 -9999.000 -9999.000 -9999.000 -9999.000 -9999.000 -9999.000 0.1002316E-02 0.4424042E-02 0.1126067E-01 0.1943167E-01 0.2736583E-01 0.3385054E-01 0.3852156E-01 0.4129260E-01 0.4218834E-01 0.4135420E-01 0.3893140E-01 0.3501692E-01 0.2955650E-01 0.2174979E-01 0.1136344E-01 0.1136344E-01 -9999.000 -9999.000 -9999.000 -9999.000 -9999.000 -9999.000 -9999.000 -9999.000 -9999.000 -9999.000 -9999.000 -9999.000 -9999.000 -9999.000 -9999.000 -9999.000 -9999.000 -9999.000 -9999.000 -9999.000 -9999.000 -9999.000 -9999.000 -9999.000 -9999.000 -9999.000 -9999.000
-9999.000 -9999.000 -9999.000 -9999.000 -9999.000 -9999.000 -9999.000 -9999.000 -9999.000 -9999.000 -9999.000 -9999.000 -9999.000 -9999.000 -9999.000 0.1261406E-02 0.5001892E-02 0.1221142E-01 0.2073367E-01 0.2896137E-01 0.3566860E-01 0.4051245E-01 0.4341574E-01 0.4440817E-01 0.4364529E-01 0.4126834E-01 0.3736803E-01 0.3186883E-01 0.2386057E-01 0.1265441E-01 0.1265441E-01 -9999.000 -9999.000 -9999.000 -9999.000 -9999.000 -9999.000 -9999.000 -9999.000 -9999.000 -9999.000 -9999.000 -9999.000 -9999.000 -9999.000 -9999.000 -9999.000 -9999.000 -9999.000 -9999.000 -9999.000 -9999.000 -9999.000 -9999.000 -9999.000 -9999.000 -9999.000 -9999.000
-9999.000 -9999.000 -9999.000 -9999.000 -9999.000 -9999.000 -9999.000 -9999.000 -9999.000 -9999.000 -9999.000 -9999.000 -9999.000 -9999.000 -9999.000 0.1581094E-02 0.5700449E-02 0.1333643E-01 0.2225200E-01 0.3080327E-01 0.3775466E-01 0.4279104E-01 0.4584780E-01 0.4696095E-01 0.4629869E-01 0.4400179E-01 0.4015409E-01 0.3465390E-01 0.2645836E-01 0.1426515E-01 0.1426515E-01 -9999.000 -9999.000 -9999.000 -9999.000 -9999.000 -9999.000 -9999.000 -9999.000 -9999.000 -9999.000 -9999.000 -9999.000 -9999.000 -9999.000 -9999.000 -9999.000 -9999.000 -9999.000 -9999.000 -9999.000 -9999.000 -9999.000 -9999.000 -9999.000 -9999.000 -9999.000 -9999.000
-9999.000 -9999.000 -9999.000 -9999.000 -9999.000 -9999.000 -9999.000 -9999.000 -9999.000 -9999.000 -9999.000 -9999.000 -9999.000 -9999.000 -9999.000 0.1977436E-02 0.6552722E-02 0.1468567E-01 0.2405319E-01 0.3296546E-01 0.4018917E-01 0.4544483E-01 0.4868359E-01 0.4995007E-01 0.4942844E-01 0.4725913E-01 0.4351740E-01 0.3807119E-01 0.2971646E-01 0.1631259E-01 0.1631259E-01 -9999.000 -9999.000 -9999.000 -9999.000 -9999.000 -9999.000 -9999.000 -9999.000 -9999.000 -9999.000 -9999.000 -9999.000 -9999.000 -9999.000 -9999.000 -9999.000 -9999.000 -9999.000 -9999.000 -9999.000 -9999.000 -9999.000 -9999.000 -9999.000 -9999.000 -9999.000 -9999.000
-9999.000 -9999.000 -9999.000 -9999.000 -9999.000 -9999.000 -9999.000 -9999.000 -9999.000 -9999.000 -9999.000 -9999.000 -9999.000 -9999.000 -9999.000 0.2511958E-02 0.7690150E-02 0.1646973E-01 0.2639745E-01 0.3570512E-01 0.4321932E-01 0.4871101E-01 0.5215151E-01 0.5359833E-01 0.5325699E-01 0.5126747E-01 0.4769675E-01 0.4237578E-01 0.3390445E-01 0.1897652E-01 0.1897652E-01 -9999.000 -9999.000 -9999.000 -9999.000 -9999.000 -9999.000 -9999.000 -9999.000 -9999.000 -9999.000 -9999.000 -9999.000 -9999.000 -9999.000 -9999.000 -9999.000 -9999.000 -9999.000 -9999.000 -9999.000 -9999.000 -9999.000 -9999.000 -9999.000 -9999.000 -9999.000 -9999.000
-9999.000 -9999.000 -9999.000 -9999.000 -9999.000 -9999.000 -9999.000 -9999.000 -9999.000 -9999.000 -9999.000 -9999.000 -9999.000 -9999.000 -9999.000 0.4911892E-02 0.1279955E-01 0.2449694E-01 0.3564718E-01 0.4464177E-01 0.5173209E-01 0.5676680E-01 0.5975994E-01 0.6081218E-01 0.6016630E-01 0.5796146E-01 0.5424793E-01 0.4880182E-01 0.3996689E-01 0.2279524E-01 0.2279524E-01 -9999.000 -9999.000 -9999.000 -9999.000 -9999.000 -9999.000 -9999.000 -9999.000 -9999.000 -9999.000 -9999.000 -9999.000 -9999.000 -9999.000 -9999.000 -9999.000 -9999.000 -9999.000 -9999.000 -9999.000 -9999.000 -9999.000 -9999.000 -9999.000 -9999.000 -9999.000 -9999.000
-9999.000 -9999.000 -9999.000 -9999.000 -9999.000 -9999.000 -9999.000 -9999.000 -9999.000 -9999.000 -9999.000 -9999.000 -9999.000 -9999.000 -9999.000 0.1087314 0.1668562 0.1960403 0.1882477 0.1593335 0.1387316 0.1207536 0.1053237 0.9217735E-01 0.8096074E-01 0.7110442E-01 0.6209554E-01 0.5315206E-01 0.4199687E-01 0.2021800E-01 0.2021800E-01 -9999.000 -9999.000 -9999.000 -9999.000 -9999.000 -9999.000 -9999.000 -9999.000 -9999.000 -9999.000 -9999.000 -9999.000 -9999.000 -9999.000 -9999.000 -9999.000 -9999.000 -9999.000 -9999.000 -9999.000 -9999.000 -9999.000 -9999.000 -9999.000 -9999.000 -9999.000 -9999.000
2.887943 2.887943 2.909493 2.909612 2.929513 2.929513 2.932076 2.931393 2.931393 2.927116 2.927116 2.920379 2.916341 2.911959 2.907706 2.907706 3.072912 3.077813 3.079177 3.076891 3.044609 2.988614 2.908954 2.804263 2.675798 2.527684 2.362169 2.187736 2.027974 1.952805 1.952805 2.797262 2.978677 3.087757 3.115703 3.115703 3.155195 3.155195 3.148334 3.148334 3.110250 2.943940 2.943940 2.638451 2.638451 2.213862 2.213862 2.213862 2.180575 2.180575 2.205154 2.205154 2.251551 2.251551 2.301995 2.301995 2.348270 2.348270
2.911352 2.911352 2.941836 2.964666 2.992023 2.992023 3.006734 3.029247 3.029247 3.047702 3.047702 3.063499 3.070657 3.077421 3.084233 3.084233 3.206508 3.227118 3.243469 3.257407 3.263725 3.262923 3.253249 3.231523 3.194943 3.141813 3.070183 2.980572 2.879291 2.792383 2.792383 3.243843 3.405201 3.562733 3.606223 3.606223 3.657997 3.657997 3.665887 3.665887 3.648822 3.555332 3.555332 3.373709 3.373709 3.056111 3.056111 3.056111 3.018481 3.018481 3.045122 3.045122 3.094208 3.094208 3.147189 3.147189 3.196389 3.196389
2.916075 2.916075 2.943871 2.966323 2.991612 2.991612 3.007079 3.030509 3.030509 3.049608 3.049608 3.066119 3.073679 3.080871 3.088184 3.088184 3.196793 3.230695 3.259398 3.284372 3.303598 3.317315 3.325400 3.326830 3.320244 3.304399 3.277495 3.238573 3.190139 3.148249 3.148249 3.400892 3.558380 3.742765 3.797459 3.797459 3.857075 3.857075 3.854319 3.854319 3.828377 3.730721 3.730721 3.593426 3.593426 3.345973 3.345973 3.345973 3.294418 3.294418 3.307610 3.307610 3.347625 3.347625 3.394379 3.394379 3.439075 3.439075
2.918956 2.918956 2.942939 2.966817 2.990675 2.990675 3.006618 3.030512 3.030512 3.049641 3.049641 3.066144 3.073708 3.080904 3.088311 3.088311 3.187956 3.232672 3.272739 3.307969 3.336940 3.359422 3.375522 3.385121 3.387976 3.383933 3.372492 3.353361 3.328166 3.307272 3.307272 3.459720 3.598289 3.790726 3.851883 3.851883 3.910974 3.910974 3.886429 3.886429 3.847767 3.750815 3.750815 3.657922 3.657922 3.482183 3.482183 3.482183 3.422916 3.422916 3.421229 3.421229 3.451138 3.451138 3.492141 3.492141 3.533332 3.533332
2.920136 2.920136 2.945258 2.966676 2.989676 2.989676 3.006044 3.030427 3.030427 3.049596 3.049596 3.066072 3.073627 3.080818 3.088359 3.088359 3.183985 3.237673 3.287806 3.332538 3.370451 3.400976 3.424049 3.439699 3.448012 3.449234 3.443570 3.431410 3.414380 3.399847 3.399847 3.491943 3.604985 3.787609 3.846290 3.846290 3.884425 3.884425 3.828368 3.828368 3.783365 3.710047 3.710047 3.666437 3.666437 3.561832 3.561832 3.561832 3.504502 3.504502 3.488999 3.488999 3.506303 3.506303 3.539371 3.539371 3.575691 3.575691
2.918708 2.918708 2.948828 2.966413 2.988980 2.988980 3.005690 3.030462 3.030462 3.049668 3.049668 3.066136 3.073695 3.080892 3.088638 3.088638 3.186188 3.247824 3.306734 3.359905 3.405751 3.443538 3.473044 3.494283 3.507380 3.512632 3.510438 3.501416 3.487095 3.472878 3.472878 3.524592 3.609091 3.762669 3.805135 3.805135 3.795451 3.795451 3.714088 3.714088 3.679853 3.652298 3.652298 3.654626 3.654626 3.612274 3.612274 3.612274 3.566342 3.566342 3.542122 3.542122 3.546204 3.546204 3.568969 3.568969 3.598246 3.598246
2.916276 2.916276 2.953387 2.966300 2.988580 2.988580 3.005461 3.030468 3.030468 3.049692 3.049692 3.066148 3.073703 3.080899 3.088927 3.088927 3.195114 3.264339 3.330940 3.391328 3.443866 3.487806 3.522894 3.549114 3.566586 3.575564 3.576425 3.569755 3.556806 3.541390 3.541390 3.565188 3.620496 3.721012 3.727201 3.727201 3.652776 3.652776 3.582715 3.582715 3.575396 3.598751 3.598751 3.636411 3.636411 3.643307 3.643307 3.643307 3.614978 3.614978 3.589289 3.589289 3.582337 3.582337 3.593510 3.593510 3.613611 3.613611
2.916065 2.916065 2.954557 2.966210 2.988430 2.988430 3.005381 3.030472 3.030472 3.049703 3.049703 3.066153 3.073707 3.080901 3.089323 3.089323 3.211870 3.288845 3.362237 3.428531 3.486297 3.534963 3.574375 3.604570 3.625685 3.637930 3.641601 3.637158 3.625491 3.608945 3.608945 3.612929 3.638290 3.649023 3.596721 3.596721 3.479174 3.479174 3.464923 3.464923 3.488311 3.552397 3.552397 3.614354 3.614354 3.658574 3.658574 3.658574 3.650195 3.650195 3.629860 3.629860 3.616431 3.616431 3.616432 3.616432 3.625883 3.625883
2.916202 2.916202 2.953899 2.966262 2.988582 2.988582 3.005468 3.030475 3.030475 3.049700 3.049700 3.066153 3.073708 3.080902 3.089866 3.089866 3.237938 3.323097 3.402435 3.473198 3.534505 3.586177 3.628313 3.661101 3.684745 3.699454 3.705450 3.703040 3.692702 3.675078 3.675078 3.662849 3.652259 3.518309 3.405204 3.405204 3.315142 3.315142 3.375617 3.375617 3.421632 3.511689 3.511689 3.589693 3.589693 3.661705 3.661705 3.661705 3.672458 3.672458 3.662079 3.662079 3.646991 3.646991 3.637842 3.637842 3.636144 3.636144
2.916639 2.916639 2.951492 2.966459 2.989033 2.989033 3.005719 3.030478 3.030478 3.049681 3.049681 3.066146 3.073704 3.080899 3.090610 3.090610 3.275529 3.369264 3.453508 3.527009 3.589853 3.642485 3.685411 3.719068 3.743791 3.759821 3.767340 3.766502 3.757210 3.737121 3.737121 3.704413 3.636167 3.309493 3.181930 3.181930 3.193205 3.193205 3.310061 3.310061 3.368412 3.473317 3.473317 3.562224 3.562224 3.654789 3.654789 3.654789 3.682039 3.682039 3.683514 3.683514 3.670919 3.670919 3.655610 3.655610 3.643343 3.643343
2.920129 2.920129 2.946517 2.966684 2.989728 2.989728 3.006082 3.030450 3.030450 3.049615 3.049615 3.066091 3.073647 3.080839 3.091563 3.091563 3.327940 3.430119 3.517610 3.591543 3.653415 3.704550 3.745990 3.778489 3.802551 3.818482 3.826444 3.826412 3.817049 3.788069 3.788069 3.711170 3.536499 3.054584 2.991700 2.991700 3.111841 3.111841 3.255402 3.255402 3.319546 3.433188 3.433188 3.529926 3.529926 3.637556 3.637556 3.637556 3.677989 3.677989 3.690982 3.690982 3.683454 3.683454 3.665053 3.665053 3.643755 3.643755
