simulation_files/asc/Velocity__x_65.0.asc
NCOLS        79
NROWS        79
XLLCENTER         -1.500000
YLLCENTER         -4.800000
CELLSIZE           0.100
NODATA_VALUE     -9999.0
[rows 0 to 25 of 79, columns 0 to 57 of 79]
-9999.000 -9999.000 -9999.000 -9999.000 -9999.000 -9999.000 -9999.000 -9999.000 -9999.000 -9999.000 -9999.000 -9999.000 -9999.000 -9999.000 -9999.000 0.3923816E-03 0.1681179E-02 0.3754253E-02 0.5615742E-02 0.7234331E-02 0.8624918E-02 0.9786951E-02 0.1069326E-01 0.1128449E-01 0.1146142E-01 0.1107132E-01 0.9885382E-02 0.7564094E-02 0.3694173E-02 0.8572075E-03 0.8572075E-03 -9999.000 -9999.000 -9999.000 -9999.000 -9999.000 -9999.000 -9999.000 -9999.000 -9999.000 -9999.000 -9999.000 -9999.000 -9999.000 -9999.000 -9999.000 -9999.000 -9999.000 -9999.000 -9999.000 -9999.000 -9999.000 -9999.000 -9999.000 -9999.000 -9999.000 -9999.000 -9999.000
-9999.000 -9999.000 -9999.000 -9999.000 -9999.000 -9999.000 -9999.000 -9999.000 -9999.000 -9999.000 -9999.000 -9999.000 -9999.000 -9999.000 -9999.000 0.1279308E-02 0.3716409E-02 0.7166150E-02 0.1036430E-01 0.1320624E-01 0.1564880E-01 0.1764105E-01 0.1910476E-01 0.1992659E-01 0.1995074E-01 0.1897305E-01 0.1673454E-01 0.1291848E-01 0.7239697E-02 0.2559976E-02 0.2559976E-02 -9999.000 -9999.000 -9999.000 -9999.000 -9999.000 -9999.000 -9999.000 -9999.000 -9999.000 -9999.000 -9999.000 -9999.000 -9999.000 -9999.000 -9999.000 -9999.000 -9999.000 -9999.000 -9999.000 -9999.000 -9999.000 -9999.000 -9999.000 -9999.000 -9999.000 -9999.000 -9999.000
-9999.000 -9999.000 -9999.000 -9999.000 -9999.000 -9999.000 -9999.000 -9999.000 -9999.000 -9999.000 -9999.000 -9999.000 -9999.000 -9999.000 -9999.000 0.2086829E-02 0.5556505E-02 0.1023934E-01 0.1459004E-01 0.1846406E-01 0.2178310E-01 0.2445921E-01 0.2637679E-01 0.2738371E-01 0.2728636E-01 0.2584567E-01 0.2277388E-01 0.1773309E-01 0.1043073E-01 0.4078889E-02 0.4078889E-02 -9999.000 -9999.000 -9999.000 -9999.000 -9999.000 -9999.000 -9999.000 -9999.000 -9999.000 -9999.000 -9999.000 -9999.000 -9999.000 -9999.000 -9999.000 -9999.000 -9999.000 -9999.000 -9999.000 -9999.000 -9999.000 -9999.000 -9999.000 -9999.000 -9999.000 -9999.000 -9999.000
-9999.000 -9999.000 -9999.000 -9999.000 -9999.000 -9999.000 -9999.000 -9999.000 -9999.000 -9999.000 -9999.000 -9999.000 -9999.000 -9999.000 -9999.000 0.2852926E-02 0.7277046E-02 0.1307795E-01 0.1846673E-01 0.2326846E-01 0.2737810E-01 0.3067969E-01 0.3302716E-01 0.3423569E-01 0.3407636E-01 0.3227287E-01 0.2849758E-01 0.2236842E-01 0.1354984E-01 0.5574404E-02 0.5574404E-02 -9999.000 -9999.000 -9999.000 -9999.000 -9999.000 -9999.000 -9999.000 -9999.000 -9999.000 -9999.000 -9999.000 -9999.000 -9999.000 -9999.000 -9999.000 -9999.000 -9999.000 -9999.000 -9999.000 -9999.000 -9999.000 -9999.000 -9999.000 -9999.000 -9999.000 -9999.000 -9999.000
-9999.000 -9999.000 -9999.000 -9999.000 -9999.000 -9999.000 -9999.000 -9999.000 -9999.000 -9999.000 -9999.000 -9999.000 -9999.000 -9999.000 -9999.000 0.3614232E-02 0.8954396E-02 0.1580019E-01 0.2215970E-01 0.2783659E-01 0.3270438E-01 0.3662351E-01 0.3942006E-01 0.4087632E-01 0.4072531E-01 0.3864556E-01 0.3425535E-01 0.2710757E-01 0.1679282E-01 0.7144139E-02 0.7144139E-02 -9999.000 -9999.000 -9999.000 -9999.000 -9999.000 -9999.000 -9999.000 -9999.000 -9999.000 -9999.000 -9999.000 -9999.000 -9999.000 -9999.000 -9999.000 -9999.000 -9999.000 -9999.000 -9999.000 -9999.000 -9999.000 -9999.000 -9999.000 -9999.000 -9999.000 -9999.000 -9999.000
-9999.000 -9999.000 -9999.000 -9999.000 -9999.000 -9999.000 -9999.000 -9999.000 -9999.000 -9999.000 -9999.000 -9999.000 -9999.000 -9999.000 -9999.000 0.4406887E-02 0.1066188E-01 0.1851650E-01 0.2581679E-01 0.3235347E-01 0.3798338E-01 0.4254535E-01 0.4583777E-01 0.4760781E-01 0.4754411E-01 0.4526908E-01 0.4033033E-01 0.3219071E-01 0.2033004E-01 0.8873042E-02 0.8873042E-02 -9999.000 -9999.000 -9999.000 -9999.000 -9999.000 -9999.000 -9999.000 -9999.000 -9999.000 -9999.000 -9999.000 -9999.000 -9999.000 -9999.000 -9999.000 -9999.000 -9999.000 -9999.000 -9999.000 -9999.000 -9999.000 -9999.000 -9999.000 -9999.000 -9999.000 -9999.000 -9999.000
-9999.000 -9999.000 -9999.000 -9999.000 -9999.000 -9999.000 -9999.000 -9999.000 -9999.000 -9999.000 -9999.000 -9999.000 -9999.000 -9999.000 -9999.000 0.5266155E-02 0.1246958E-01 0.2133111E-01 0.2957356E-01 0.3698574E-01 0.4341130E-01 0.4866880E-01 0.5252809E-01 0.5469710E-01 0.5481194E-01 0.5242571E-01 0.4699446E-01 0.3785993E-01 0.2434347E-01 0.1085503E-01 0.1085503E-01 -9999.000 -9999.000 -9999.000 -9999.000 -9999.000 -9999.000 -9999.000 -9999.000 -9999.000 -9999.000 -9999.000 -9999.000 -9999.000 -9999.000 -9999.000 -9999.000 -9999.000 -9999.000 -9999.000 -9999.000 -9999.000 -9999.000 -9999.000 -9999.000 -9999.000 -9999.000 -9999.000
-9999.000 -9999.000 -9999.000 -9999.000 -9999.000 -9999.000 -9999.000 -9999.000 -9999.000 -9999.000 -9999.000 -9999.000 -9999.000 -9999.000 -9999.000 0.6225444E-02 0.1444420E-01 0.2434208E-01 0.3355828E-01 0.4189062E-01 0.4917372E-01 0.5520724E-01 0.5973076E-01 0.6240809E-01 0.6281321E-01 0.6041357E-01 0.5454778E-01 0.4439659E-01 0.2905726E-01 0.1321004E-01 0.1321004E-01 -9999.000 -9999.000 -9999.000 -9999.000 -9999.000 -9999.000 -9999.000 -9999.000 -9999.000 -9999.000 -9999.000 -9999.000 -9999.000 -9999.000 -9999.000 -9999.000 -9999.000 -9999.000 -9999.000 -9999.000 -9999.000 -9999.000 -9999.000 -9999.000 -9999.000 -9999.000 -9999.000
-9999.000 -9999.000 -9999.000 -9999.000 -9999.000 -9999.000 -9999.000 -9999.000 -9999.000 -9999.000 -9999.000 -9999.000 -9999.000 -9999.000 -9999.000 0.7316427E-02 0.1664874E-01 0.2764419E-01 0.3789553E-01 0.4722312E-01 0.5545709E-01 0.6237926E-01 0.6769774E-01 0.7102672E-01 0.7186702E-01 0.6958105E-01 0.6335749E-01 0.5216184E-01 0.3477558E-01 0.1610658E-01 0.1610658E-01 -9999.000 -9999.000 -9999.000 -9999.000 -9999.000 -9999.000 -9999.000 -9999.000 -9999.000 -9999.000 -9999.000 -9999.000 -9999.000 -9999.000 -9999.000 -9999.000 -9999.000 -9999.000 -9999.000 -9999.000 -9999.000 -9999.000 -9999.000 -9999.000 -9999.000 -9999.000 -9999.000
-9999.000 -9999.000 -9999.000 -9999.000 -9999.000 -9999.000 -9999.000 -9999.000 -9999.000 -9999.000 -9999.000 -9999.000 -9999.000 -9999.000 -9999.000 0.8568047E-02 0.1914345E-01 0.3133153E-01 0.4271363E-01 0.5314730E-01 0.6246345E-01 0.7042862E-01 0.7671833E-01 0.8089196E-01 0.8236537E-01 0.8037273E-01 0.7391147E-01 0.6165874E-01 0.4194544E-01 0.1980042E-01 0.1980042E-01 -9999.000 -9999.000 -9999.000 -9999.000 -9999.000 -9999.000 -9999.000 -9999.000 -9999.000 -9999.000 -9999.000 -9999.000 -9999.000 -9999.000 -9999.000 -9999.000 -9999.000 -9999.000 -9999.000 -9999.000 -9999.000 -9999.000 -9999.000 -9999.000 -9999.000 -9999.000 -9999.000
-9999.000 -9999.000 -9999.000 -9999.000 -9999.000 -9999.000 -9999.000 -9999.000 -9999.000 -9999.000 -9999.000 -9999.000 -9999.000 -9999.000 -9999.000 0.1000744E-01 0.2198784E-01 0.3550414E-01 0.4815554E-01 0.5985218E-01 0.7043277E-01 0.7965242E-01 0.8715481E-01 0.9244096E-01 0.9482940E-01 0.9340015E-01 0.8690684E-01 0.7363801E-01 0.5127219E-01 0.2470962E-01 0.2470962E-01 -9999.000 -9999.000 -9999.000 -9999.000 -9999.000 -9999.000 -9999.000 -9999.000 -9999.000 -9999.000 -9999.000 -9999.000 -9999.000 -9999.000 -9999.000 -9999.000 -9999.000 -9999.000 -9999.000 -9999.000 -9999.000 -9999.000 -9999.000 -9999.000 -9999.000 -9999.000 -9999.000
-9999.000 -9999.000 -9999.000 -9999.000 -9999.000 -9999.000 -9999.000 -9999.000 -9999.000 -9999.000 -9999.000 -9999.000 -9999.000 -9999.000 -9999.000 0.1166157E-01 0.2524634E-01 0.4027968E-01 0.5439701E-01 0.6757791E-01 0.7967751E-01 0.9044654E-01 0.9950124E-01 0.1062834 0.1100053 0.1095650 0.1034094 0.8930026E-01 0.6395371E-01 0.3156983E-01 0.3156983E-01 -9999.000 -9999.000 -9999.000 -9999.000 -9999.000 -9999.000 -9999.000 -9999.000 -9999.000 -9999.000 -9999.000 -9999.000 -9999.000 -9999.000 -9999.000 -9999.000 -9999.000 -9999.000 -9999.000 -9999.000 -9999.000 -9999.000 -9999.000 -9999.000 -9999.000 -9999.000 -9999.000
-9999.000 -9999.000 -9999.000 -9999.000 -9999.000 -9999.000 -9999.000 -9999.000 -9999.000 -9999.000 -9999.000 -9999.000 -9999.000 -9999.000 -9999.000 0.1356294E-01 0.2900143E-01 0.4581643E-01 0.6168250E-01 0.7666419E-01 0.9064627E-01 0.1033872 0.1144867 0.1233353 0.1290385 0.1302922 0.1251675 0.1107161 0.8220927E-01 0.4179975E-01 0.4179975E-01 -9999.000 -9999.000 -9999.000 -9999.000 -9999.000 -9999.000 -9999.000 -9999.000 -9999.000 -9999.000 -9999.000 -9999.000 -9999.000 -9999.000 -9999.000 -9999.000 -9999.000 -9999.000 -9999.000 -9999.000 -9999.000 -9999.000 -9999.000 -9999.000 -9999.000 -9999.000 -9999.000
-9999.000 -9999.000 -9999.000 -9999.000 -9999.000 -9999.000 -9999.000 -9999.000 -9999.000 -9999.000 -9999.000 -9999.000 -9999.000 -9999.000 -9999.000 0.1587521E-01 0.3356855E-01 0.5260723E-01 0.7066861E-01 0.8792257E-01 0.1043088 0.1196223 0.1334783 0.1452493 0.1539653 0.1581356 0.1554160 0.1419397 0.1107916 0.5864522E-01 0.5864522E-01 -9999.000 -9999.000 -9999.000 -9999.000 -9999.000 -9999.000 -9999.000 -9999.000 -9999.000 -9999.000 -9999.000 -9999.000 -9999.000 -9999.000 -9999.000 -9999.000 -9999.000 -9999.000 -9999.000 -9999.000 -9999.000 -9999.000 -9999.000 -9999.000 -9999.000 -9999.000 -9999.000
-9999.000 -9999.000 -9999.000 -9999.000 -9999.000 -9999.000 -9999.000 -9999.000 -9999.000 -9999.000 -9999.000 -9999.000 -9999.000 -9999.000 -9999.000 0.3064612E-01 0.5456927E-01 0.7868415E-01 0.9990729E-01 0.1191936 0.1370265 0.1536041 0.1688517 0.1823759 0.1933514 0.2002795 0.2004909 0.1890354 0.1557625 0.8100284E-01 0.8100284E-01 -9999.000 -9999.000 -9999.000 -9999.000 -9999.000 -9999.000 -9999.000 -9999.000 -9999.000 -9999.000 -9999.000 -9999.000 -9999.000 -9999.000 -9999.000 -9999.000 -9999.000 -9999.000 -9999.000 -9999.000 -9999.000 -9999.000 -9999.000 -9999.000 -9999.000 -9999.000 -9999.000
1.589596 1.589596 1.650569 1.686678 1.695949 1.695949 1.702526 1.710386 1.710386 1.714306 1.714306 1.608587 1.379064 1.314197 1.243167 1.243167 1.091913 1.026377 0.9538857 0.8766654 0.7974219 0.7193592 0.6459605 0.5806955 0.5267761 0.4871513 0.4650522 0.4657910 0.5020606 0.5911244 0.5911244 1.475857 1.725935 1.823850 1.791521 1.791521 1.660722 1.660722 1.475532 1.475532 1.145707 0.9135079 0.9135079 0.9023573 0.9023573 0.9411798 0.9411798 0.9411798 0.9904178 0.9904178 1.033764 1.033764 1.070178 1.070178 1.114688 1.114688 1.142305 1.142305
1.603819 1.603819 1.670401 1.720102 1.736765 1.736765 1.750816 1.773721 1.773721 1.792667 1.792667 1.747165 1.489979 1.434668 1.385189 1.385189 1.321899 1.293537 1.256688 1.210844 1.156341 1.094379 1.027062 0.9575019 0.8899820 0.8302047 0.7857835 0.7675504 0.7935533 0.8971939 0.8971939 1.459465 1.646868 1.767263 1.783037 1.783037 1.763904 1.763904 1.679520 1.679520 1.526219 1.206945 1.206945 1.200679 1.200679 1.249980 1.249980 1.249980 1.302547 1.302547 1.349724 1.349724 1.376561 1.376561 1.431326 1.431326 1.465252 1.465252
1.606906 1.606906 1.672114 1.720548 1.737206 1.737206 1.751357 1.774614 1.774614 1.793998 1.793998 1.768197 1.511129 1.454816 1.419055 1.419055 1.385838 1.374816 1.358779 1.336392 1.306985 1.270542 1.227779 1.180294 1.130810 1.083562 1.044993 1.025157 1.041177 1.127857 1.127857 1.531996 1.698884 1.835706 1.865669 1.865669 1.870832 1.870832 1.814834 1.814834 1.733352 1.467550 1.467550 1.418222 1.418222 1.453510 1.453510 1.453510 1.501655 1.501655 1.542749 1.542749 1.574685 1.574685 1.614607 1.614607 1.643530 1.643530
1.609226 1.609226 1.673554 1.720718 1.737226 1.737226 1.751323 1.774580 1.774580 1.793992 1.793992 1.779750 1.533416 1.466670 1.440087 1.440087 1.422954 1.419336 1.412356 1.401120 1.385165 1.364380 1.339063 1.310075 1.279084 1.248921 1.224183 1.212422 1.227117 1.298754 1.298754 1.601964 1.747575 1.881117 1.911314 1.911314 1.920884 1.920884 1.884048 1.884048 1.842925 1.667338 1.667338 1.577230 1.577230 1.600154 1.600154 1.600154 1.641355 1.641355 1.677559 1.677559 1.706436 1.706436 1.738536 1.738536 1.763779 1.763779
1.610935 1.610935 1.674701 1.720890 1.737247 1.737247 1.751283 1.774531 1.774531 1.793967 1.793967 1.788339 1.562143 1.477836 1.458928 1.458928 1.455588 1.456780 1.454481 1.448420 1.438733 1.425762 1.410035 1.392336 1.373888 1.356638 1.343718 1.340343 1.356259 1.416709 1.416709 1.656396 1.779224 1.898194 1.922619 1.922619 1.928524 1.928524 1.909804 1.909804 1.894121 1.803702 1.803702 1.710140 1.710140 1.706325 1.706325 1.706325 1.740242 1.740242 1.772592 1.772592 1.799180 1.799180 1.826132 1.826132 1.848337 1.848337
1.612111 1.612111 1.675515 1.721043 1.737272 1.737272 1.751251 1.774488 1.774488 1.793945 1.793945 1.794612 1.595708 1.488941 1.477214 1.477214 1.488527 1.494284 1.495425 1.492202 1.485309 1.475628 1.464155 1.451960 1.440270 1.430629 1.425187 1.427196 1.443090 1.494803 1.494803 1.688686 1.790213 1.885743 1.901882 1.901882 1.907563 1.907563 1.911465 1.911465 1.914018 1.886082 1.886082 1.819141 1.819141 1.790913 1.790913 1.790913 1.814891 1.814891 1.842472 1.842472 1.866539 1.866539 1.889614 1.889614 1.908763 1.908763
1.612801 1.612801 1.675995 1.721149 1.737293 1.737293 1.751231 1.774458 1.774458 1.793931 1.793931 1.799163 1.632207 1.499962 1.495153 1.495153 1.523268 1.533963 1.538347 1.537143 1.531504 1.522768 1.512405 1.501898 1.492710 1.486324 1.484288 1.488056 1.500681 1.542017 1.542017 1.699130 1.778230 1.843851 1.854224 1.854224 1.871403 1.871403 1.901305 1.901305 1.917542 1.929946 1.929946 1.899830 1.899830 1.862376 1.862376 1.862376 1.875030 1.875030 1.896151 1.896151 1.916788 1.916788 1.936050 1.936050 1.951893 1.951893
1.613028 1.613028 1.676153 1.721187 1.737301 1.737301 1.751225 1.774448 1.774448 1.793926 1.793926 1.802447 1.669591 1.511112 1.512607 1.512607 1.560731 1.576827 1.584538 1.585075 1.579985 1.570950 1.559866 1.548648 1.539110 1.532870 1.531149 1.533224 1.537670 1.563783 1.563783 1.685474 1.738914 1.777034 1.789746 1.789746 1.830933 1.830933 1.885481 1.885481 1.911801 1.949399 1.949399 1.951677 1.951677 1.922232 1.922232 1.922232 1.925653 1.925653 1.939273 1.939273 1.955091 1.955091 1.970064 1.970064 1.982352 1.982352
1.612801 1.612801 1.675995 1.721149 1.737292 1.737292 1.751232 1.774459 1.774459 1.793931 1.793931 1.804801 1.705400 1.523210 1.529138 1.529138 1.601807 1.623795 1.634897 1.636901 1.631938 1.621893 1.608961 1.595445 1.583587 1.575340 1.571838 1.568668 1.556511 1.560253 1.560253 1.642726 1.668296 1.696782 1.721015 1.721015 1.791841 1.791841 1.866388 1.866388 1.900076 1.953923 1.953923 1.979867 1.979867 1.969146 1.969146 1.969146 1.968253 1.968253 1.974969 1.974969 1.984914 1.984914 1.994944 1.994944 2.003211 2.003211
1.612110 1.612110 1.675515 1.721043 1.737272 1.737272 1.751251 1.774488 1.774488 1.793945 1.793945 1.806473 1.732612 1.540417 1.544192 1.544192 1.648975 1.675996 1.689880 1.693121 1.687825 1.676150 1.660575 1.643755 1.628320 1.616567 1.609445 1.595588 1.552556 1.528433 1.528433 1.567374 1.570285 1.616063 1.655960 1.655960 1.755298 1.755298 1.845010 1.845010 1.884261 1.949300 1.949300 1.991434 1.991434 2.002390 2.002390 2.002390 2.002494 2.002494 2.004448 2.004448 2.008440 2.008440 2.012940 2.012940 2.016674 2.016674
1.610934 1.610934 1.674701 1.720890 1.737247 1.737247 1.751282 1.774531 1.774531 1.793967 1.793967 1.807640 1.748963 1.559970 1.557764 1.557764 1.702831 1.734431 1.750789 1.754551 1.748142 1.734035 1.714972 1.693913 1.673847 1.657422 1.644913 1.610044 1.511063 1.457067 1.457067 1.456492 1.461836 1.544008 1.593809 1.593809 1.721884 1.721884 1.823083 1.823083 1.866615 1.939614 1.939614 1.992613 1.992613 2.023138 2.023138 2.023138 2.027887 2.027887 2.027816 2.027816 2.026687 2.026687 2.025496 2.025496 2.024370 2.024370
