simulation_files/asc/Velocity__x_215.0.asc
NCOLS        79
NROWS        79
XLLCENTER         -1.500000
YLLCENTER         -4.800000
CELLSIZE           0.100
NODATA_VALUE     -9999.0
[rows 0 to 25 of 79, columns 0 to 57 of 79]
-9999.000 -9999.000 -9999.000 -9999.000 -9999.000 -9999.000 -9999.000 -9999.000 -9999.000 -9999.000 -9999.000 -9999.000 -9999.000 -9999.000 -9999.000 -0.1803974E-02 -0.1606539E-02 0.1696146E-02 0.6582215E-02 0.1167366E-01 0.1587174E-01 0.1884553E-01 0.2057311E-01 0.2113131E-01 0.2067576E-01 0.1935840E-01 0.1726995E-01 0.1436346E-01 0.1005838E-01 0.4924850E-02 0.4924850E-02 -9999.000 -9999.000 -9999.000 -9999.000 -9999.000 -9999.000 -9999.000 -9999.000 -9999.000 -9999.000 -9999.000 -9999.000 -9999.000 -9999.000 -9999.000 -9999.000 -9999.000 -9999.000 -9999.000 -9999.000 -9999.000 -9999.000 -9999.000 -9999.000 -9999.000 -9999.000 -9999.000
-9999.000 -9999.000 -9999.000 -9999.000 -9999.000 -9999.000 -9999.000 -9999.000 -9999.000 -9999.000 -9999.000 -9999.000 -9999.000 -9999.000 -9999.000 -0.5354059E-03 0.8846445E-03 0.5223535E-02 0.1098490E-01 0.1685329E-01 0.2174498E-01 0.2526466E-01 0.2731705E-01 0.2792370E-01 0.2720064E-01 0.2528287E-01 0.2226836E-01 0.1815111E-01 0.1248007E-01 0.6091029E-02 0.6091029E-02 -9999.000 -9999.000 -9999.000 -9999.000 -9999.000 -9999.000 -9999.000 -9999.000 -9999.000 -9999.000 -9999.000 -9999.000 -9999.000 -9999.000 -9999.000 -9999.000 -9999.000 -9999.000 -9999.000 -9999.000 -9999.000 -9999.000 -9999.000 -9999.000 -9999.000 -9999.000 -9999.000
-9999.000 -9999.000 -9999.000 -9999.000 -9999.000 -9999.000 -9999.000 -9999.000 -9999.000 -9999.000 -9999.000 -9999.000 -9999.000 -9999.000 -9999.000 -0.1048651E-03 0.1830757E-02 0.6779909E-02 0.1312491E-01 0.1950718E-01 0.2480696E-01 0.2861134E-01 0.3081378E-01 0.3142738E-01 0.3056804E-01 0.2837461E-01 0.2495505E-01 0.2031556E-01 0.1400370E-01 0.6872881E-02 0.6872881E-02 -9999.000 -9999.000 -9999.000 -9999.000 -9999.000 -9999.000 -9999.000 -9999.000 -9999.000 -9999.000 -9999.000 -9999.000 -9999.000 -9999.000 -9999.000 -9999.000 -9999.000 -9999.000 -9999.000 -9999.000 -9999.000 -9999.000 -9999.000 -9999.000 -9999.000 -9999.000 -9999.000
-9999.000 -9999.000 -9999.000 -9999.000 -9999.000 -9999.000 -9999.000 -9999.000 -9999.000 -9999.000 -9999.000 -9999.000 -9999.000 -9999.000 -9999.000 0.9727800E-04 0.2311538E-02 0.7631680E-02 0.1435379E-01 0.2107753E-01 0.2665086E-01 0.3065084E-01 0.3296638E-01 0.3360890E-01 0.3269650E-01 0.3037207E-01 0.2674673E-01 0.2182847E-01 0.1514075E-01 0.7485371E-02 0.7485371E-02 -9999.000 -9999.000 -9999.000 -9999.000 -9999.000 -9999.000 -9999.000 -9999.000 -9999.000 -9999.000 -9999.000 -9999.000 -9999.000 -9999.000 -9999.000 -9999.000 -9999.000 -9999.000 -9999.000 -9999.000 -9999.000 -9999.000 -9999.000 -9999.000 -9999.000 -9999.000 -9999.000
-9999.000 -9999.000 -9999.000 -9999.000 -9999.000 -9999.000 -9999.000 -9999.000 -9999.000 -9999.000 -9999.000 -9999.000 -9999.000 -9999.000 -9999.000 0.2254953E-03 0.2636804E-02 0.8239335E-02 0.1525709E-01 0.2225105E-01 0.2804123E-01 0.3220058E-01 0.3461685E-01 0.3530070E-01 0.3437431E-01 0.3198304E-01 0.2823837E-01 0.2314393E-01 0.1618695E-01 0.8071254E-02 0.8071254E-02 -9999.000 -9999.000 -9999.000 -9999.000 -9999.000 -9999.000 -9999.000 -9999.000 -9999.000 -9999.000 -9999.000 -9999.000 -9999.000 -9999.000 -9999.000 -9999.000 -9999.000 -9999.000 -9999.000 -9999.000 -9999.000 -9999.000 -9999.000 -9999.000 -9999.000 -9999.000 -9999.000
-9999.000 -9999.000 -9999.000 -9999.000 -9999.000 -9999.000 -9999.000 -9999.000 -9999.000 -9999.000 -9999.000 -9999.000 -9999.000 -9999.000 -9999.000 0.3408495E-03 0.2933465E-02 0.8797003E-02 0.1608767E-01 0.2332893E-01 0.2931596E-01 0.3362151E-01 0.3613515E-01 0.3686809E-01 0.3594744E-01 0.3352040E-01 0.2969711E-01 0.2447364E-01 0.1728878E-01 0.8704849E-02 0.8704849E-02 -9999.000 -9999.000 -9999.000 -9999.000 -9999.000 -9999.000 -9999.000 -9999.000 -9999.000 -9999.000 -9999.000 -9999.000 -9999.000 -9999.000 -9999.000 -9999.000 -9999.000 -9999.000 -9999.000 -9999.000 -9999.000 -9999.000 -9999.000 -9999.000 -9999.000 -9999.000 -9999.000
-9999.000 -9999.000 -9999.000 -9999.000 -9999.000 -9999.000 -9999.000 -9999.000 -9999.000 -9999.000 -9999.000 -9999.000 -9999.000 -9999.000 -9999.000 0.4716269E-03 0.3259451E-02 0.9392995E-02 0.1696040E-01 0.2444776E-01 0.3062766E-01 0.3507771E-01 0.3769115E-01 0.3848041E-01 0.3757896E-01 0.3513552E-01 0.3125738E-01 0.2592971E-01 0.1853160E-01 0.9433160E-02 0.9433160E-02 -9999.000 -9999.000 -9999.000 -9999.000 -9999.000 -9999.000 -9999.000 -9999.000 -9999.000 -9999.000 -9999.000 -9999.000 -9999.000 -9999.000 -9999.000 -9999.000 -9999.000 -9999.000 -9999.000 -9999.000 -9999.000 -9999.000 -9999.000 -9999.000 -9999.000 -9999.000 -9999.000
-9999.000 -9999.000 -9999.000 -9999.000 -9999.000 -9999.000 -9999.000 -9999.000 -9999.000 -9999.000 -9999.000 -9999.000 -9999.000 -9999.000 -9999.000 0.6323787E-03 0.3644493E-02 0.1007240E-01 0.1793336E-01 0.2567678E-01 0.3205457E-01 0.3665354E-01 0.3937307E-01 0.4022796E-01 0.3935873E-01 0.3691562E-01 0.3300175E-01 0.2758870E-01 0.1998206E-01 0.1029622E-01 0.1029622E-01 -9999.000 -9999.000 -9999.000 -9999.000 -9999.000 -9999.000 -9999.000 -9999.000 -9999.000 -9999.000 -9999.000 -9999.000 -9999.000 -9999.000 -9999.000 -9999.000 -9999.000 -9999.000 -9999.000 -9999.000 -9999.000 -9999.000 -9999.000 -9999.000 -9999.000 -9999.000 -9999.000
-9999.000 -9999.000 -9999.000 -9999.000 -9999.000 -9999.000 -9999.000 -9999.000 -9999.000 -9999.000 -9999.000 -9999.000 -9999.000 -9999.000 -9999.000 0.8331837E-03 0.4109305E-02 0.1086557E-01 0.1904592E-01 0.2706232E-01 0.3364860E-01 0.3840566E-01 0.4124109E-01 0.4217357E-01 0.4135235E-01 0.3892855E-01 0.3500016E-01 0.2952172E-01 0.2170924E-01 0.1133880E-01 0.1133880E-01 -9999.000 -9999.000 -9999.000 -9999.000 -9999.000 -9999.000 -9999.000 -9999.000 -9999.000 -9999.000 -9999.000 -9999.000 -9999.000 -9999.000 -9999.000 -9999.000 -9999.000 -9999.000 -9999.000 -9999.000 -9999.000 -9999.000 -9999.000 -9999.000 -9999.000 -9999.000 -9999.000
-9999.000 -9999.000 -9999.000 -9999.000 -9999.000 -9999.000 -9999.000 -9999.000 -9999.000 -9999.000 -9999.000 -9999.000 -9999.000 -9999.000 -9999.000 0.1083794E-02 0.4673080E-02 0.1180102E-01 0.2033406E-01 0.2864628E-01 0.3545624E-01 0.4038491E-01 0.4335126E-01 0.4437775E-01 0.4362532E-01 0.4124569E-01 0.3732985E-01 0.3181179E-01 0.2380014E-01 0.1261817E-01 0.1261817E-01 -9999.000 -9999.000 -9999.000 -9999.000 -9999.000 -9999.000 -9999.000 -9999.000 -9999.000 -9999.000 -9999.000 -9999.000 -9999.000 -9999.000 -9999.000 -9999.000 -9999.000 -9999.000 -9999.000 -9999.000 -9999.000 -9999.000 -9999.000 -9999.000 -9999.000 -9999.000 -9999.000
-9999.000 -9999.000 -9999.000 -9999.000 -9999.000 -9999.000 -9999.000 -9999.000 -9999.000 -9999.000 -9999.000 -9999.000 -9999.000 -9999.000 -9999.000 0.1394778E-02 0.5357425E-02 0.1291042E-01 0.2183853E-01 0.3047721E-01 0.3753190E-01 0.4265160E-01 0.4576915E-01 0.4691304E-01 0.4625767E-01 0.4395556E-01 0.4008982E-01 0.3456926E-01 0.2637256E-01 0.1421354E-01 0.1421354E-01 -9999.000 -9999.000 -9999.000 -9999.000 -9999.000 -9999.000 -9999.000 -9999.000 -9999.000 -9999.000 -9999.000 -9999.000 -9999.000 -9999.000 -9999.000 -9999.000 -9999.000 -9999.000 -9999.000 -9999.000 -9999.000 -9999.000 -9999.000 -9999.000 -9999.000 -9999.000 -9999.000
-9999.000 -9999.000 -9999.000 -9999.000 -9999.000 -9999.000 -9999.000 -9999.000 -9999.000 -9999.000 -9999.000 -9999.000 -9999.000 -9999.000 -9999.000 0.1783038E-02 0.6196710E-02 0.1424609E-01 0.2362916E-01 0.3263098E-01 0.3995792E-01 0.4529418E-01 0.4859025E-01 0.4988245E-01 0.4936267E-01 0.4718433E-01 0.4342042E-01 0.3795089E-01 0.2959623E-01 0.1623978E-01 0.1623978E-01 -9999.000 -9999.000 -9999.000 -9999.000 -9999.000 -9999.000 -9999.000 -9999.000 -9999.000 -9999.000 -9999.000 -9999.000 -9999.000 -9999.000 -9999.000 -9999.000 -9999.000 -9999.000 -9999.000 -9999.000 -9999.000 -9999.000 -9999.000 -9999.000 -9999.000 -9999.000 -9999.000
-9999.000 -9999.000 -9999.000 -9999.000 -9999.000 -9999.000 -9999.000 -9999.000 -9999.000 -9999.000 -9999.000 -9999.000 -9999.000 -9999.000 -9999.000 0.2318307E-02 0.7339729E-02 0.1604595E-01 0.2600065E-01 0.3540285E-01 0.4301280E-01 0.4857630E-01 0.5206471E-01 0.5352630E-01 0.5317590E-01 0.5116836E-01 0.4756595E-01 0.4221384E-01 0.3374016E-01 0.1887539E-01 0.1887539E-01 -9999.000 -9999.000 -9999.000 -9999.000 -9999.000 -9999.000 -9999.000 -9999.000 -9999.000 -9999.000 -9999.000 -9999.000 -9999.000 -9999.000 -9999.000 -9999.000 -9999.000 -9999.000 -9999.000 -9999.000 -9999.000 -9999.000 -9999.000 -9999.000 -9999.000 -9999.000 -9999.000
-9999.000 -9999.000 -9999.000 -9999.000 -9999.000 -9999.000 -9999.000 -9999.000 -9999.000 -9999.000 -9999.000 -9999.000 -9999.000 -9999.000 -9999.000 0.4859463E-02 0.1275429E-01 0.2459741E-01 0.3590374E-01 0.4496906E-01 0.5206069E-01 0.5708114E-01 0.6003823E-01 0.6102432E-01 0.6029615E-01 0.5800838E-01 0.5420376E-01 0.4867415E-01 0.3979554E-01 0.2267773E-01 0.2267773E-01 -9999.000 -9999.000 -9999.000 -9999.000 -9999.000 -9999.000 -9999.000 -9999.000 -9999.000 -9999.000 -9999.000 -9999.000 -9999.000 -9999.000 -9999.000 -9999.000 -9999.000 -9999.000 -9999.000 -9999.000 -9999.000 -9999.000 -9999.000 -9999.000 -9999.000 -9999.000 -9999.000
-9999.000 -9999.000 -9999.000 -9999.000 -9999.000 -9999.000 -9999.000 -9999.000 -9999.000 -9999.000 -9999.000 -9999.000 -9999.000 -9999.000 -9999.000 0.1121472 0.1723771 0.2030480 0.1955946 0.1654657 0.1433733 0.1242209 0.1078249 0.9388975E-01 0.8206778E-01 0.7174888E-01 0.6238116E-01 0.5317285E-01 0.4186022E-01 0.2010264E-01 0.2010264E-01 -9999.000 -9999.000 -9999.000 -9999.000 -9999.000 -9999.000 -9999.000 -9999.000 -9999.000 -9999.000 -9999.000 -9999.000 -9999.000 -9999.000 -9999.000 -9999.000 -9999.000 -9999.000 -9999.000 -9999.000 -9999.000 -9999.000 -9999.000 -9999.000 -9999.000 -9999.000 -9999.000
2.898782 2.898782 2.916886 2.920241 2.939173 2.939173 2.941670 2.941275 2.941275 2.937261 2.937261 2.930712 2.926745 2.922426 2.918212 2.918212 3.086444 3.091471 3.092866 3.091509 3.060304 3.005013 2.925898 2.821845 2.693431 2.545381 2.379688 2.204715 2.043855 1.966991 1.966991 2.810464 2.992372 3.102500 3.130855 3.130855 3.171258 3.171258 3.166022 3.166022 3.128927 2.965208 2.965208 2.662574 2.662574 2.230772 2.230772 2.230772 2.194647 2.194647 2.217979 2.217979 2.264036 2.264036 2.314515 2.314515 2.361035 2.361035
2.921550 2.921550 2.948509 2.974897 3.001426 3.001426 3.016154 3.039008 3.039008 3.057747 3.057747 3.073735 3.080967 3.087797 3.094655 3.094655 3.218976 3.239838 3.256288 3.270507 3.277124 3.276608 3.267276 3.246042 3.209880 3.157237 3.086080 2.996834 2.895709 2.808628 2.808628 3.257309 3.419131 3.577317 3.621097 3.621097 3.673540 3.673540 3.682427 3.682427 3.666056 3.574209 3.574209 3.394548 3.394548 3.074572 3.074572 3.074572 3.033569 3.033569 3.058860 3.058860 3.107545 3.107545 3.160553 3.160553 3.209967 3.209967
2.926259 2.926259 2.947015 2.976348 3.000950 3.000950 3.016491 3.040266 3.040266 3.059642 3.059642 3.076344 3.083975 3.091236 3.098594 3.098594 3.208876 3.243144 3.272066 3.297278 3.316749 3.330670 3.338951 3.340641 3.334296 3.318746 3.292181 3.253596 3.205415 3.163569 3.163569 3.414464 3.572004 3.756905 3.811912 3.811912 3.872334 3.872334 3.870637 3.870637 3.845302 3.748411 3.748411 3.611777 3.611777 3.363782 3.363782 3.363782 3.309390 3.309390 3.321055 3.321055 3.360555 3.360555 3.407298 3.407298 3.452202 3.452202
2.929297 2.929297 2.949472 2.976795 3.000012 3.000012 3.016021 3.040244 3.040244 3.059646 3.059646 3.076332 3.083963 3.091227 3.098676 3.098676 3.199668 3.244803 3.285165 3.320668 3.349909 3.372627 3.388935 3.398753 3.401803 3.397960 3.386734 3.367821 3.342803 3.321942 3.321942 3.473209 3.611605 3.804465 3.866001 3.866001 3.926185 3.926185 3.902758 3.902758 3.864438 3.767271 3.767271 3.674277 3.674277 3.499185 3.499185 3.499185 3.438025 3.438025 3.434781 3.434781 3.463979 3.463979 3.504842 3.504842 3.546179 3.546179
2.930695 2.930695 2.953225 2.976916 2.999251 2.999251 3.015628 3.040317 3.040317 3.059845 3.059845 3.076645 3.084345 3.091677 3.099324 3.099324 3.196118 3.250277 3.300784 3.345840 3.384051 3.414835 3.438120 3.453961 3.462430 3.463781 3.458232 3.446170 3.429198 3.414604 3.414604 3.505786 3.618459 3.801376 3.860545 3.860545 3.900082 3.900082 3.844903 3.844903 3.799658 3.725265 3.725265 3.681310 3.681310 3.578012 3.578012 3.578012 3.519809 3.519809 3.502971 3.502971 3.519406 3.519406 3.552164 3.552164 3.588529 3.588529
2.929076 2.929076 2.958887 2.977355 2.999197 2.999197 3.015837 3.040826 3.040826 3.060313 3.060313 3.077006 3.084656 3.091940 3.099739 3.099739 3.198163 3.260237 3.319535 3.373059 3.419242 3.457343 3.487134 3.508632 3.521957 3.527402 3.525368 3.516467 3.502208 3.487936 3.487936 3.538949 3.622987 3.776863 3.820036 3.820036 3.811816 3.811816 3.730060 3.730060 3.695027 3.666202 3.666202 3.668359 3.668359 3.627569 3.627569 3.627569 3.581608 3.581608 3.556483 3.556483 3.559668 3.559668 3.581971 3.581971 3.611172 3.611172
2.928243 2.928243 2.962595 2.977238 2.998836 2.998836 3.015641 3.040840 3.040840 3.060337 3.060337 3.077015 3.084660 3.091942 3.100021 3.100021 3.206952 3.276610 3.343620 3.404383 3.457279 3.501560 3.536963 3.563477 3.581218 3.590436 3.591503 3.585000 3.572158 3.556746 3.556746 3.580064 3.634954 3.736131 3.743324 3.743324 3.669500 3.669500 3.597510 3.597510 3.589249 3.611734 3.611734 3.649493 3.649493 3.657902 3.657902 3.657902 3.630073 3.630073 3.603978 3.603978 3.596287 3.596287 3.606916 3.606916 3.626822 3.626822
2.928201 2.928201 2.963585 2.977194 2.998713 2.998713 3.015572 3.040843 3.040843 3.060343 3.060343 3.077017 3.084660 3.091942 3.100410 3.100410 3.223634 3.301040 3.374847 3.441531 3.499668 3.548689 3.588433 3.618942 3.640350 3.652862 3.656775 3.652539 3.641029 3.624555 3.624555 3.628281 3.653442 3.665771 3.614427 3.614427 3.495199 3.495199 3.478338 3.478338 3.501084 3.564854 3.564854 3.627079 3.627079 3.672625 3.672625 3.672625 3.664999 3.664999 3.644707 3.644707 3.630848 3.630848 3.630325 3.630325 3.639505 3.639505
2.928243 2.928243 2.962595 2.977238 2.998837 2.998837 3.015640 3.040841 3.040841 3.060337 3.060337 3.077016 3.084660 3.091941 3.100948 3.100948 3.249695 3.335279 3.415033 3.486188 3.547868 3.599896 3.642369 3.675479 3.699427 3.714423 3.720682 3.718510 3.708371 3.690890 3.690890 3.678656 3.668396 3.537295 3.423872 3.423872 3.329398 3.329398 3.387789 3.387789 3.433598 3.523761 3.523761 3.602131 3.602131 3.675285 3.675285 3.675285 3.686872 3.686872 3.676871 3.676871 3.661636 3.661636 3.652114 3.652114 3.650125 3.650125
2.929076 2.929076 2.958886 2.977354 2.999197 2.999197 3.015837 3.040827 3.040827 3.060313 3.060313 3.077006 3.084655 3.091939 3.101682 3.101682 3.287343 3.381508 3.466160 3.540049 3.603256 3.656235 3.699491 3.733465 3.758489 3.774809 3.782604 3.782023 3.772963 3.753093 3.753093 3.720780 3.653992 3.330202 3.199656 3.199656 3.205648 3.205648 3.321692 3.321692 3.380089 3.485281 3.485281 3.574567 3.574567 3.668097 3.668097 3.668097 3.696153 3.696153 3.698207 3.698207 3.685767 3.685767 3.670297 3.670297 3.657786 3.657786
2.930695 2.930695 2.953225 2.976917 2.999251 2.999251 3.015628 3.040317 3.040317 3.059844 3.059844 3.076646 3.084345 3.091678 3.102477 3.102477 3.339839 3.442486 3.530406 3.604729 3.666959 3.718429 3.760185 3.792983 3.817332 3.833542 3.841773 3.842001 3.832886 3.804238 3.804238 3.728599 3.557255 3.074753 3.006670 3.006670 3.123367 3.123367 3.266894 3.266894 3.331167 3.445135 3.445135 3.542238 3.542238 3.650700 3.650700 3.650700 3.691875 3.691875 3.705540 3.705540 3.698409 3.698409 3.680089 3.680089 3.658653 3.658653
