simulation_files/asc/Velocity__x_73.0.asc
NCOLS        79
NROWS        79
XLLCENTER         -1.500000
YLLCENTER         -4.800000
CELLSIZE           0.100
NODATA_VALUE     -9999.0
[rows 0 to 25 of 79, columns 0 to 57 of 79]
-9999.000 -9999.000 -9999.000 -9999.000 -9999.000 -9999.000 -9999.000 -9999.000 -9999.000 -9999.000 -9999.000 -9999.000 -9999.000 -9999.000 -9999.000 0.3703226E-03 0.1609320E-02 0.3615892E-02 0.5422802E-02 0.7006456E-02 0.8386885E-02 0.9570858E-02 0.1053799E-01 0.1123298E-01 0.1155353E-01 0.1133327E-01 0.1031374E-01 0.8101595E-02 0.4193817E-02 0.1140216E-02 0.1140216E-02 -9999.000 -9999.000 -9999.000 -9999.000 -9999.000 -9999.000 -9999.000 -9999.000 -9999.000 -9999.000 -9999.000 -9999.000 -9999.000 -9999.000 -9999.000 -9999.000 -9999.000 -9999.000 -9999.000 -9999.000 -9999.000 -9999.000 -9999.000 -9999.000 -9999.000 -9999.000 -9999.000
-9999.000 -9999.000 -9999.000 -9999.000 -9999.000 -9999.000 -9999.000 -9999.000 -9999.000 -9999.000 -9999.000 -9999.000 -9999.000 -9999.000 -9999.000 0.1253248E-02 0.3606556E-02 0.6930097E-02 0.1002182E-01 0.1279007E-01 0.1520025E-01 0.1720989E-01 0.1874872E-01 0.1970591E-01 0.1991989E-01 0.1916726E-01 0.1715145E-01 0.1349272E-01 0.7806981E-02 0.2900912E-02 0.2900912E-02 -9999.000 -9999.000 -9999.000 -9999.000 -9999.000 -9999.000 -9999.000 -9999.000 -9999.000 -9999.000 -9999.000 -9999.000 -9999.000 -9999.000 -9999.000 -9999.000 -9999.000 -9999.000 -9999.000 -9999.000 -9999.000 -9999.000 -9999.000 -9999.000 -9999.000 -9999.000 -9999.000
-9999.000 -9999.000 -9999.000 -9999.000 -9999.000 -9999.000 -9999.000 -9999.000 -9999.000 -9999.000 -9999.000 -9999.000 -9999.000 -9999.000 -9999.000 0.2031133E-02 0.5360459E-02 0.9836964E-02 0.1400885E-01 0.1774911E-01 0.2099061E-01 0.2365708E-01 0.2564261E-01 0.2679952E-01 0.2692838E-01 0.2576927E-01 0.2299264E-01 0.1819020E-01 0.1095743E-01 0.4417326E-02 0.4417326E-02 -9999.000 -9999.000 -9999.000 -9999.000 -9999.000 -9999.000 -9999.000 -9999.000 -9999.000 -9999.000 -9999.000 -9999.000 -9999.000 -9999.000 -9999.000 -9999.000 -9999.000 -9999.000 -9999.000 -9999.000 -9999.000 -9999.000 -9999.000 -9999.000 -9999.000 -9999.000 -9999.000
-9999.000 -9999.000 -9999.000 -9999.000 -9999.000 -9999.000 -9999.000 -9999.000 -9999.000 -9999.000 -9999.000 -9999.000 -9999.000 -9999.000 -9999.000 0.2746109E-02 0.6953709E-02 0.1245012E-01 0.1757087E-01 0.2216259E-01 0.2613470E-01 0.2938598E-01 0.3178355E-01 0.3314966E-01 0.3325157E-01 0.3179206E-01 0.2839889E-01 0.2261291E-01 0.1397236E-01 0.5878943E-02 0.5878943E-02 -9999.000 -9999.000 -9999.000 -9999.000 -9999.000 -9999.000 -9999.000 -9999.000 -9999.000 -9999.000 -9999.000 -9999.000 -9999.000 -9999.000 -9999.000 -9999.000 -9999.000 -9999.000 -9999.000 -9999.000 -9999.000 -9999.000 -9999.000 -9999.000 -9999.000 -9999.000 -9999.000
-9999.000 -9999.000 -9999.000 -9999.000 -9999.000 -9999.000 -9999.000 -9999.000 -9999.000 -9999.000 -9999.000 -9999.000 -9999.000 -9999.000 -9999.000 0.3440934E-02 0.8475987E-02 0.1491032E-01 0.2090477E-01 0.2628745E-01 0.3094955E-01 0.3476996E-01 0.3759186E-01 0.3920890E-01 0.3935293E-01 0.3768291E-01 0.3377104E-01 0.2708628E-01 0.1707700E-01 0.7398968E-02 0.7398968E-02 -9999.000 -9999.000 -9999.000 -9999.000 -9999.000 -9999.000 -9999.000 -9999.000 -9999.000 -9999.000 -9999.000 -9999.000 -9999.000 -9999.000 -9999.000 -9999.000 -9999.000 -9999.000 -9999.000 -9999.000 -9999.000 -9999.000 -9999.000 -9999.000 -9999.000 -9999.000 -9999.000
-9999.000 -9999.000 -9999.000 -9999.000 -9999.000 -9999.000 -9999.000 -9999.000 -9999.000 -9999.000 -9999.000 -9999.000 -9999.000 -9999.000 -9999.000 0.4154261E-02 0.1000716E-01 0.1734064E-01 0.2417602E-01 0.3033098E-01 0.3568270E-01 0.4009237E-01 0.4338040E-01 0.4531005E-01 0.4557303E-01 0.4377476E-01 0.3941616E-01 0.3187000E-01 0.2045684E-01 0.9070864E-02 0.9070864E-02 -9999.000 -9999.000 -9999.000 -9999.000 -9999.000 -9999.000 -9999.000 -9999.000 -9999.000 -9999.000 -9999.000 -9999.000 -9999.000 -9999.000 -9999.000 -9999.000 -9999.000 -9999.000 -9999.000 -9999.000 -9999.000 -9999.000 -9999.000 -9999.000 -9999.000 -9999.000 -9999.000
-9999.000 -9999.000 -9999.000 -9999.000 -9999.000 -9999.000 -9999.000 -9999.000 -9999.000 -9999.000 -9999.000 -9999.000 -9999.000 -9999.000 -9999.000 0.4919790E-02 0.1161584E-01 0.1984467E-01 0.2752165E-01 0.3446259E-01 0.4053405E-01 0.4558127E-01 0.4940140E-01 0.5172430E-01 0.5219463E-01 0.5035262E-01 0.4560857E-01 0.3720909E-01 0.2429766E-01 0.1099171E-01 0.1099171E-01 -9999.000 -9999.000 -9999.000 -9999.000 -9999.000 -9999.000 -9999.000 -9999.000 -9999.000 -9999.000 -9999.000 -9999.000 -9999.000 -9999.000 -9999.000 -9999.000 -9999.000 -9999.000 -9999.000 -9999.000 -9999.000 -9999.000 -9999.000 -9999.000 -9999.000 -9999.000 -9999.000
-9999.000 -9999.000 -9999.000 -9999.000 -9999.000 -9999.000 -9999.000 -9999.000 -9999.000 -9999.000 -9999.000 -9999.000 -9999.000 -9999.000 -9999.000 0.5767842E-02 0.1336278E-01 0.2251379E-01 0.3106214E-01 0.3883111E-01 0.4568036E-01 0.5144038E-01 0.5588425E-01 0.5870440E-01 0.5949049E-01 0.5770312E-01 0.5263808E-01 0.4337719E-01 0.2882091E-01 0.1328175E-01 0.1328175E-01 -9999.000 -9999.000 -9999.000 -9999.000 -9999.000 -9999.000 -9999.000 -9999.000 -9999.000 -9999.000 -9999.000 -9999.000 -9999.000 -9999.000 -9999.000 -9999.000 -9999.000 -9999.000 -9999.000 -9999.000 -9999.000 -9999.000 -9999.000 -9999.000 -9999.000 -9999.000 -9999.000
-9999.000 -9999.000 -9999.000 -9999.000 -9999.000 -9999.000 -9999.000 -9999.000 -9999.000 -9999.000 -9999.000 -9999.000 -9999.000 -9999.000 -9999.000 0.6725960E-02 0.1530436E-01 0.2543413E-01 0.3491234E-01 0.4358067E-01 0.5129561E-01 0.5787460E-01 0.6306563E-01 0.6651980E-01 0.6776219E-01 0.6615656E-01 0.6085465E-01 0.5072239E-01 0.3432485E-01 0.1610873E-01 0.1610873E-01 -9999.000 -9999.000 -9999.000 -9999.000 -9999.000 -9999.000 -9999.000 -9999.000 -9999.000 -9999.000 -9999.000 -9999.000 -9999.000 -9999.000 -9999.000 -9999.000 -9999.000 -9999.000 -9999.000 -9999.000 -9999.000 -9999.000 -9999.000 -9999.000 -9999.000 -9999.000 -9999.000
-9999.000 -9999.000 -9999.000 -9999.000 -9999.000 -9999.000 -9999.000 -9999.000 -9999.000 -9999.000 -9999.000 -9999.000 -9999.000 -9999.000 -9999.000 0.7820787E-02 0.1749622E-01 0.2869345E-01 0.3919275E-01 0.4886566E-01 0.5757032E-01 0.6511389E-01 0.7121904E-01 0.7549120E-01 0.7738110E-01 0.7613523E-01 0.7072377E-01 0.5972851E-01 0.4124691E-01 0.1972701E-01 0.1972701E-01 -9999.000 -9999.000 -9999.000 -9999.000 -9999.000 -9999.000 -9999.000 -9999.000 -9999.000 -9999.000 -9999.000 -9999.000 -9999.000 -9999.000 -9999.000 -9999.000 -9999.000 -9999.000 -9999.000 -9999.000 -9999.000 -9999.000 -9999.000 -9999.000 -9999.000 -9999.000 -9999.000
-9999.000 -9999.000 -9999.000 -9999.000 -9999.000 -9999.000 -9999.000 -9999.000 -9999.000 -9999.000 -9999.000 -9999.000 -9999.000 -9999.000 -9999.000 0.9078978E-02 0.1999686E-01 0.3238950E-01 0.4404214E-01 0.5486904E-01 0.6473607E-01 0.7344399E-01 0.8069210E-01 0.8603746E-01 0.8884579E-01 0.8822363E-01 0.8291297E-01 0.7111865E-01 0.5027626E-01 0.2455044E-01 0.2455044E-01 -9999.000 -9999.000 -9999.000 -9999.000 -9999.000 -9999.000 -9999.000 -9999.000 -9999.000 -9999.000 -9999.000 -9999.000 -9999.000 -9999.000 -9999.000 -9999.000 -9999.000 -9999.000 -9999.000 -9999.000 -9999.000 -9999.000 -9999.000 -9999.000 -9999.000 -9999.000 -9999.000
-9999.000 -9999.000 -9999.000 -9999.000 -9999.000 -9999.000 -9999.000 -9999.000 -9999.000 -9999.000 -9999.000 -9999.000 -9999.000 -9999.000 -9999.000 0.1053028E-01 0.2287482E-01 0.3664297E-01 0.4963802E-01 0.6183020E-01 0.7310176E-01 0.8325384E-01 0.9196676E-01 0.9875005E-01 0.1028769 0.1032897 0.9844614E-01 0.8604890E-01 0.6257980E-01 0.3130405E-01 0.3130405E-01 -9999.000 -9999.000 -9999.000 -9999.000 -9999.000 -9999.000 -9999.000 -9999.000 -9999.000 -9999.000 -9999.000 -9999.000 -9999.000 -9999.000 -9999.000 -9999.000 -9999.000 -9999.000 -9999.000 -9999.000 -9999.000 -9999.000 -9999.000 -9999.000 -9999.000 -9999.000 -9999.000
-9999.000 -9999.000 -9999.000 -9999.000 -9999.000 -9999.000 -9999.000 -9999.000 -9999.000 -9999.000 -9999.000 -9999.000 -9999.000 -9999.000 -9999.000 0.1221365E-01 0.2622348E-01 0.4162358E-01 0.5623526E-01 0.7009833E-01 0.8312266E-01 0.9512211E-01 0.1057697 0.1145345 0.1205972 0.1227190 0.1190124 0.1065138 0.8030788E-01 0.4137313E-01 0.4137313E-01 -9999.000 -9999.000 -9999.000 -9999.000 -9999.000 -9999.000 -9999.000 -9999.000 -9999.000 -9999.000 -9999.000 -9999.000 -9999.000 -9999.000 -9999.000 -9999.000 -9999.000 -9999.000 -9999.000 -9999.000 -9999.000 -9999.000 -9999.000 -9999.000 -9999.000 -9999.000 -9999.000
-9999.000 -9999.000 -9999.000 -9999.000 -9999.000 -9999.000 -9999.000 -9999.000 -9999.000 -9999.000 -9999.000 -9999.000 -9999.000 -9999.000 -9999.000 0.1430137E-01 0.3037706E-01 0.4784941E-01 0.6452159E-01 0.8052140E-01 0.9580988E-01 0.1102408 0.1235090 0.1350745 0.1440542 0.1490415 0.1477692 0.1364233 0.1080292 0.5788824E-01 0.5788824E-01 -9999.000 -9999.000 -9999.000 -9999.000 -9999.000 -9999.000 -9999.000 -9999.000 -9999.000 -9999.000 -9999.000 -9999.000 -9999.000 -9999.000 -9999.000 -9999.000 -9999.000 -9999.000 -9999.000 -9999.000 -9999.000 -9999.000 -9999.000 -9999.000 -9999.000 -9999.000 -9999.000
-9999.000 -9999.000 -9999.000 -9999.000 -9999.000 -9999.000 -9999.000 -9999.000 -9999.000 -9999.000 -9999.000 -9999.000 -9999.000 -9999.000 -9999.000 0.2908683E-01 0.5153721E-01 0.7424483E-01 0.9418600E-01 0.1122538 0.1289457 0.1445131 0.1589532 0.1719563 0.1827872 0.1900509 0.1912032 0.1814622 0.1509197 0.7892989E-01 0.7892989E-01 -9999.000 -9999.000 -9999.000 -9999.000 -9999.000 -9999.000 -9999.000 -9999.000 -9999.000 -9999.000 -9999.000 -9999.000 -9999.000 -9999.000 -9999.000 -9999.000 -9999.000 -9999.000 -9999.000 -9999.000 -9999.000 -9999.000 -9999.000 -9999.000 -9999.000 -9999.000 -9999.000
1.649856 1.649856 1.716000 1.749031 1.757452 1.757452 1.763481 1.771212 1.771212 1.775404 1.775404 1.777275 1.777536 1.633296 1.370010 1.370010 1.186155 1.120007 1.046337 0.9668053 0.8837048 0.8000038 0.7192003 0.6450894 0.5815266 0.5323541 0.5018309 0.4963138 0.5295438 0.6206135 0.6206135 1.518659 1.755265 1.829246 1.792524 1.792524 1.666994 1.666994 1.464850 1.464850 1.107828 0.9371586 0.9371586 0.9288701 0.9288701 0.9691564 0.9691564 0.9691564 1.019432 1.019432 1.064077 1.064077 1.101789 1.101789 1.146118 1.146118 1.173517 1.173517
1.664492 1.664492 1.736137 1.783493 1.799501 1.799501 1.813200 1.836323 1.836323 1.855831 1.855831 1.872890 1.880692 1.814592 1.530290 1.530290 1.432905 1.405930 1.370513 1.325728 1.271561 1.208880 1.139453 1.066072 0.9927769 0.9252266 0.8713460 0.8427645 0.8589082 0.9559336 0.9559336 1.519862 1.703625 1.820309 1.835008 1.835008 1.812514 1.812514 1.718498 1.718498 1.530023 1.248030 1.248030 1.248036 1.248036 1.299509 1.299509 1.299509 1.353062 1.353062 1.401346 1.401346 1.429691 1.429691 1.484123 1.484123 1.517949 1.517949
1.667929 1.667929 1.737571 1.784005 1.799984 1.799984 1.813769 1.837236 1.837236 1.857193 1.857193 1.874763 1.882842 1.847166 1.582288 1.582288 1.493778 1.485580 1.472296 1.452332 1.424841 1.389647 1.347291 1.299165 1.247743 1.196993 1.153111 1.126050 1.133215 1.211169 1.211169 1.611919 1.776797 1.913821 1.943274 1.943274 1.945375 1.945375 1.882568 1.882568 1.782353 1.523515 1.523515 1.486046 1.486046 1.528520 1.528520 1.528520 1.576195 1.576195 1.617533 1.617533 1.649868 1.649868 1.689229 1.689229 1.717647 1.717647
1.670594 1.670594 1.738738 1.784215 1.800033 1.800033 1.813752 1.837210 1.837210 1.857198 1.857198 1.874788 1.882874 1.862764 1.634329 1.634329 1.525538 1.525652 1.522193 1.513976 1.500435 1.481425 1.457213 1.428611 1.397184 1.365591 1.338170 1.322123 1.330577 1.395041 1.395041 1.693674 1.836675 1.970829 2.000795 2.000795 2.008309 2.008309 1.966214 1.966214 1.914821 1.729300 1.729300 1.655815 1.655815 1.684441 1.684441 1.684441 1.725359 1.725359 1.761617 1.761617 1.790650 1.790650 1.822223 1.822223 1.846905 1.846905
1.672592 1.672592 1.739687 1.784400 1.800072 1.800072 1.813725 1.837171 1.837171 1.857183 1.857183 1.874786 1.882872 1.872756 1.693486 1.693486 1.553707 1.559323 1.561198 1.558588 1.551504 1.540318 1.525630 1.508314 1.489649 1.471565 1.457066 1.451031 1.462462 1.517229 1.517229 1.752666 1.872724 1.992289 2.016582 2.016582 2.020789 2.020789 1.997817 1.997817 1.976328 1.871895 1.871895 1.786886 1.786886 1.792413 1.792413 1.792413 1.826932 1.826932 1.859499 1.859499 1.886224 1.886224 1.912789 1.912789 1.934457 1.934457
1.673979 1.673979 1.740386 1.784546 1.800102 1.800102 1.813702 1.837138 1.837138 1.857170 1.857170 1.874784 1.882871 1.879199 1.755333 1.755333 1.583273 1.594079 1.600181 1.600982 1.596977 1.589085 1.578410 1.566215 1.553937 1.543278 1.536473 1.536653 1.549090 1.595579 1.595579 1.784989 1.883818 1.979743 1.995652 1.995652 1.999628 1.999628 2.000245 2.000245 1.999498 1.960151 1.960151 1.893033 1.893033 1.874736 1.874736 1.874736 1.900704 1.900704 1.928996 1.928996 1.953356 1.953356 1.976190 1.976190 1.994890 1.994890
1.674795 1.674795 1.740814 1.784640 1.800121 1.800121 1.813686 1.837115 1.837115 1.857163 1.857163 1.874783 1.882871 1.883328 1.803220 1.803220 1.615099 1.631247 1.641632 1.645339 1.643197 1.636546 1.626929 1.616068 1.605772 1.597857 1.594248 1.596808 1.607390 1.643068 1.643068 1.791603 1.868976 1.934789 1.944685 1.944685 1.960264 1.960264 1.988129 1.988129 2.002650 2.007740 2.007740 1.972965 1.972965 1.942413 1.942413 1.942413 1.958150 1.958150 1.980652 1.980652 2.001852 2.001852 2.021045 2.021045 2.036574 2.036574
1.675064 1.675064 1.740958 1.784672 1.800128 1.800128 1.813681 1.837108 1.837108 1.857160 1.857160 1.874782 1.882871 1.885961 1.834773 1.834773 1.650876 1.671208 1.685956 1.692517 1.691843 1.685632 1.675683 1.664056 1.653019 1.644705 1.641094 1.643013 1.646910 1.665277 1.665277 1.772925 1.825051 1.863160 1.875218 1.875218 1.915438 1.915438 1.969330 1.969330 1.994998 2.028655 2.028655 2.025761 2.025761 1.998870 1.998870 1.998870 2.005487 2.005487 2.021011 2.021011 2.037690 2.037690 2.052811 2.052811 2.064948 2.064948
1.674795 1.674795 1.740814 1.784640 1.800121 1.800121 1.813686 1.837115 1.837115 1.857163 1.857163 1.874783 1.882870 1.887633 1.856298 1.856298 1.696808 1.716962 1.734567 1.743299 1.743723 1.737427 1.726372 1.712890 1.699573 1.688926 1.683124 1.681125 1.670559 1.660760 1.660760 1.725058 1.748541 1.777326 1.801222 1.801222 1.872214 1.872214 1.947293 1.947293 1.981031 2.033239 2.033239 2.055312 2.055312 2.043755 2.043755 2.043755 2.045150 2.045150 2.053822 2.053822 2.064853 2.064853 2.075259 2.075259 2.083594 2.083594
1.673979 1.673979 1.740386 1.784547 1.800102 1.800102 1.813702 1.837137 1.837137 1.857170 1.857170 1.874783 1.882870 1.888691 1.870637 1.870637 1.756545 1.770608 1.788856 1.798808 1.799621 1.792594 1.779740 1.763555 1.746893 1.732597 1.722966 1.713288 1.674832 1.624186 1.624186 1.643080 1.641913 1.691517 1.732007 1.732007 1.832432 1.832432 1.923442 1.923442 1.963158 2.027962 2.027962 2.067777 2.067777 2.076200 2.076200 2.076200 2.077183 2.077183 2.080590 2.080590 2.085662 2.085662 2.090734 2.090734 2.094815 2.094815
1.672592 1.672592 1.739687 1.784401 1.800072 1.800072 1.813725 1.837171 1.837171 1.857183 1.857183 1.874785 1.882872 1.889357 1.879976 1.879976 1.825864 1.835469 1.851241 1.860235 1.860014 1.851269 1.835827 1.816185 1.795339 1.776407 1.761608 1.737586 1.641213 1.541325 1.541325 1.525294 1.530063 1.614514 1.666019 1.666019 1.795561 1.795561 1.898699 1.898699 1.943017 2.016747 2.016747 2.068779 2.068779 2.096503 2.096503 2.096503 2.100830 2.100830 2.101329 2.101329 2.100976 2.100976 2.100474 2.100474 2.100033 2.100033
