simulation_files/asc/Velocity____162.0.asc
NCOLS        79
NROWS        79
XLLCENTER         -1.500000
YLLCENTER         -4.800000
CELLSIZE           0.100
NODATA_VALUE     -9999.0
[rows 0 to 26 of 79, columns 0 to 59 of 79]
-9999.000 -9999.000 -9999.000 -9999.000 -9999.000 -9999.000 -9999.000 -9999.000 -9999.000 -9999.000 -9999.000 -9999.000 -9999.000 -9999.000 -9999.000 0.1052425 0.1040974 0.1041721 0.1045122 0.1050171 0.1056139 0.1062261 0.1067465 0.1071850 0.1075219 0.1077617 0.1079640 0.1083290 0.1094247 0.1103831 0.1103831 -9999.000 -9999.000 -9999.000 -9999.000 -9999.000 -9999.000 -9999.000 -9999.000 -9999.000 -9999.000 -9999.000 -9999.000 -9999.000 -9999.000 -9999.000 -9999.000 -9999.000 -9999.000 -9999.000 -9999.000 -9999.000 -9999.000 -9999.000 -9999.000 -9999.000 -9999.000 -9999.000 -9999.000 -9999.000
-9999.000 -9999.000 -9999.000 -9999.000 -9999.000 -9999.000 -9999.000 -9999.000 -9999.000 -9999.000 -9999.000 -9999.000 -9999.000 -9999.000 -9999.000 0.1027341 0.1004744 0.1006846 0.1014677 0.1026088 0.1039539 0.1053429 0.1065453 0.1075740 0.1083834 0.1089797 0.1094933 0.1103702 0.1128598 0.1154087 0.1154087 -9999.000 -9999.000 -9999.000 -9999.000 -9999.000 -9999.000 -9999.000 -9999.000 -9999.000 -9999.000 -9999.000 -9999.000 -9999.000 -9999.000 -9999.000 -9999.000 -9999.000 -9999.000 -9999.000 -9999.000 -9999.000 -9999.000 -9999.000 -9999.000 -9999.000 -9999.000 -9999.000 -9999.000 -9999.000
-9999.000 -9999.000 -9999.000 -9999.000 -9999.000 -9999.000 -9999.000 -9999.000 -9999.000 -9999.000 -9999.000 -9999.000 -9999.000 -9999.000 -9999.000 0.9863139E-01 0.9530553E-01 0.9568133E-01 0.9700335E-01 0.9892739E-01 0.1012111 0.1036052 0.1057444 0.1076502 0.1092457 0.1105334 0.1117127 0.1134928 0.1178722 0.1228121 0.1228121 -9999.000 -9999.000 -9999.000 -9999.000 -9999.000 -9999.000 -9999.000 -9999.000 -9999.000 -9999.000 -9999.000 -9999.000 -9999.000 -9999.000 -9999.000 -9999.000 -9999.000 -9999.000 -9999.000 -9999.000 -9999.000 -9999.000 -9999.000 -9999.000 -9999.000 -9999.000 -9999.000 -9999.000 -9999.000
-9999.000 -9999.000 -9999.000 -9999.000 -9999.000 -9999.000 -9999.000 -9999.000 -9999.000 -9999.000 -9999.000 -9999.000 -9999.000 -9999.000 -9999.000 0.9382027E-01 0.8955663E-01 0.9012378E-01 0.9202290E-01 0.9477799E-01 0.9805921E-01 0.1015327 0.1046990 0.1075943 0.1101066 0.1122289 0.1142226 0.1170600 0.1235193 0.1314122 0.1314122 -9999.000 -9999.000 -9999.000 -9999.000 -9999.000 -9999.000 -9999.000 -9999.000 -9999.000 -9999.000 -9999.000 -9999.000 -9999.000 -9999.000 -9999.000 -9999.000 -9999.000 -9999.000 -9999.000 -9999.000 -9999.000 -9999.000 -9999.000 -9999.000 -9999.000 -9999.000 -9999.000 -9999.000 -9999.000
-9999.000 -9999.000 -9999.000 -9999.000 -9999.000 -9999.000 -9999.000 -9999.000 -9999.000 -9999.000 -9999.000 -9999.000 -9999.000 -9999.000 -9999.000 0.8852329E-01 0.8341691E-01 0.8419982E-01 0.8671101E-01 0.9033687E-01 0.9465948E-01 0.9926365E-01 0.1035143 0.1074697 0.1109802 0.1140252 0.1169266 0.1209285 0.1296341 0.1410682 0.1410682 -9999.000 -9999.000 -9999.000 -9999.000 -9999.000 -9999.000 -9999.000 -9999.000 -9999.000 -9999.000 -9999.000 -9999.000 -9999.000 -9999.000 -9999.000 -9999.000 -9999.000 -9999.000 -9999.000 -9999.000 -9999.000 -9999.000 -9999.000 -9999.000 -9999.000 -9999.000 -9999.000 -9999.000 -9999.000
-9999.000 -9999.000 -9999.000 -9999.000 -9999.000 -9999.000 -9999.000 -9999.000 -9999.000 -9999.000 -9999.000 -9999.000 -9999.000 -9999.000 -9999.000 0.8283836E-01 0.7697536E-01 0.7800668E-01 0.8117110E-01 0.8570881E-01 0.9111146E-01 0.9688634E-01 0.1022613 0.1073253 0.1118886 0.1159143 0.1197867 0.1250358 0.1361479 0.1517897 0.1517897 -9999.000 -9999.000 -9999.000 -9999.000 -9999.000 -9999.000 -9999.000 -9999.000 -9999.000 -9999.000 -9999.000 -9999.000 -9999.000 -9999.000 -9999.000 -9999.000 -9999.000 -9999.000 -9999.000 -9999.000 -9999.000 -9999.000 -9999.000 -9999.000 -9999.000 -9999.000 -9999.000 -9999.000 -9999.000
-9999.000 -9999.000 -9999.000 -9999.000 -9999.000 -9999.000 -9999.000 -9999.000 -9999.000 -9999.000 -9999.000 -9999.000 -9999.000 -9999.000 -9999.000 0.7679936E-01 0.7026929E-01 0.7159433E-01 0.7546315E-01 0.8095729E-01 0.8747596E-01 0.9445491E-01 0.1009833 0.1071919 0.1128473 0.1178958 0.1227862 0.1293538 0.1430398 0.1636820 0.1636820 -9999.000 -9999.000 -9999.000 -9999.000 -9999.000 -9999.000 -9999.000 -9999.000 -9999.000 -9999.000 -9999.000 -9999.000 -9999.000 -9999.000 -9999.000 -9999.000 -9999.000 -9999.000 -9999.000 -9999.000 -9999.000 -9999.000 -9999.000 -9999.000 -9999.000 -9999.000 -9999.000 -9999.000 -9999.000
-9999.000 -9999.000 -9999.000 -9999.000 -9999.000 -9999.000 -9999.000 -9999.000 -9999.000 -9999.000 -9999.000 -9999.000 -9999.000 -9999.000 -9999.000 0.7040772E-01 0.6331122E-01 0.6499261E-01 0.6962964E-01 0.7612814E-01 0.8379549E-01 0.9200503E-01 0.9970735E-01 0.1070883 0.1138663 0.1199691 0.1259156 0.1338695 0.1503138 0.1769271 0.1769271 -9999.000 -9999.000 -9999.000 -9999.000 -9999.000 -9999.000 -9999.000 -9999.000 -9999.000 -9999.000 -9999.000 -9999.000 -9999.000 -9999.000 -9999.000 -9999.000 -9999.000 -9999.000 -9999.000 -9999.000 -9999.000 -9999.000 -9999.000 -9999.000 -9999.000 -9999.000 -9999.000 -9999.000 -9999.000
-9999.000 -9999.000 -9999.000 -9999.000 -9999.000 -9999.000 -9999.000 -9999.000 -9999.000 -9999.000 -9999.000 -9999.000 -9999.000 -9999.000 -9999.000 0.6364714E-01 0.5610385E-01 0.5823026E-01 0.6371474E-01 0.7126658E-01 0.8010812E-01 0.8956571E-01 0.9845421E-01 0.1070279 0.1149515 0.1221340 0.1291689 0.1385766 0.1579869 0.1917846 0.1917846 -9999.000 -9999.000 -9999.000 -9999.000 -9999.000 -9999.000 -9999.000 -9999.000 -9999.000 -9999.000 -9999.000 -9999.000 -9999.000 -9999.000 -9999.000 -9999.000 -9999.000 -9999.000 -9999.000 -9999.000 -9999.000 -9999.000 -9999.000 -9999.000 -9999.000 -9999.000 -9999.000 -9999.000 -9999.000
-9999.000 -9999.000 -9999.000 -9999.000 -9999.000 -9999.000 -9999.000 -9999.000 -9999.000 -9999.000 -9999.000 -9999.000 -9999.000 -9999.000 -9999.000 0.5649073E-01 0.4865108E-01 0.5135157E-01 0.5778120E-01 0.6643108E-01 0.7645871E-01 0.8716879E-01 0.9724500E-01 0.1070249 0.1161111 0.1243914 0.1325421 0.1434729 0.1660841 0.2086084 0.2086084 -9999.000 -9999.000 -9999.000 -9999.000 -9999.000 -9999.000 -9999.000 -9999.000 -9999.000 -9999.000 -9999.000 -9999.000 -9999.000 -9999.000 -9999.000 -9999.000 -9999.000 -9999.000 -9999.000 -9999.000 -9999.000 -9999.000 -9999.000 -9999.000 -9999.000 -9999.000 -9999.000 -9999.000 -9999.000
-9999.000 -9999.000 -9999.000 -9999.000 -9999.000 -9999.000 -9999.000 -9999.000 -9999.000 -9999.000 -9999.000 -9999.000 -9999.000 -9999.000 -9999.000 0.4890457E-01 0.4097380E-01 0.4444400E-01 0.5193456E-01 0.6170975E-01 0.7291053E-01 0.8485752E-01 0.9610986E-01 0.1071001 0.1173576 0.1267469 0.1360350 0.1485593 0.1746379 0.2278827 0.2278827 -9999.000 -9999.000 -9999.000 -9999.000 -9999.000 -9999.000 -9999.000 -9999.000 -9999.000 -9999.000 -9999.000 -9999.000 -9999.000 -9999.000 -9999.000 -9999.000 -9999.000 -9999.000 -9999.000 -9999.000 -9999.000 -9999.000 -9999.000 -9999.000 -9999.000 -9999.000 -9999.000 -9999.000 -9999.000
-9999.000 -9999.000 -9999.000 -9999.000 -9999.000 -9999.000 -9999.000 -9999.000 -9999.000 -9999.000 -9999.000 -9999.000 -9999.000 -9999.000 -9999.000 0.4084896E-01 0.3314573E-01 0.3769394E-01 0.4636262E-01 0.5724403E-01 0.6956083E-01 0.8269825E-01 0.9509638E-01 0.1072895 0.1187170 0.1292169 0.1396556 0.1538438 0.1836892 0.2502789 0.2502789 -9999.000 -9999.000 -9999.000 -9999.000 -9999.000 -9999.000 -9999.000 -9999.000 -9999.000 -9999.000 -9999.000 -9999.000 -9999.000 -9999.000 -9999.000 -9999.000 -9999.000 -9999.000 -9999.000 -9999.000 -9999.000 -9999.000 -9999.000 -9999.000 -9999.000 -9999.000 -9999.000 -9999.000 -9999.000
-9999.000 -9999.000 -9999.000 -9999.000 -9999.000 -9999.000 -9999.000 -9999.000 -9999.000 -9999.000 -9999.000 -9999.000 -9999.000 -9999.000 -9999.000 0.3228580E-01 0.2540399E-01 0.3151253E-01 0.4140640E-01 0.5326785E-01 0.6656559E-01 0.8079938E-01 0.9428719E-01 0.1076586 0.1202411 0.1318408 0.1434327 0.1593501 0.1932931 0.2767563 0.2767563 -9999.000 -9999.000 -9999.000 -9999.000 -9999.000 -9999.000 -9999.000 -9999.000 -9999.000 -9999.000 -9999.000 -9999.000 -9999.000 -9999.000 -9999.000 -9999.000 -9999.000 -9999.000 -9999.000 -9999.000 -9999.000 -9999.000 -9999.000 -9999.000 -9999.000 -9999.000 -9999.000 -9999.000 -9999.000
-9999.000 -9999.000 -9999.000 -9999.000 -9999.000 -9999.000 -9999.000 -9999.000 -9999.000 -9999.000 -9999.000 -9999.000 -9999.000 -9999.000 -9999.000 0.2318901E-01 0.1862265E-01 0.2692418E-01 0.3780890E-01 0.5030068E-01 0.6429965E-01 0.7944205E-01 0.9390637E-01 0.1083901 0.1220799 0.1347421 0.1474667 0.1651619 0.2035498 0.3087525 0.3087525 -9999.000 -9999.000 -9999.000 -9999.000 -9999.000 -9999.000 -9999.000 -9999.000 -9999.000 -9999.000 -9999.000 -9999.000 -9999.000 -9999.000 -9999.000 -9999.000 -9999.000 -9999.000 -9999.000 -9999.000 -9999.000 -9999.000 -9999.000 -9999.000 -9999.000 -9999.000 -9999.000 -9999.000 -9999.000
-9999.000 -9999.000 -9999.000 -9999.000 -9999.000 -9999.000 -9999.000 -9999.000 -9999.000 -9999.000 -9999.000 -9999.000 -9999.000 -9999.000 -9999.000 0.2548685E-01 0.4071850E-01 0.5070964E-01 0.5989227E-01 0.6864884E-01 0.7834465E-01 0.8966574E-01 0.1012846 0.1138759 0.1264490 0.1386003 0.1514125 0.1703469 0.2133721 0.3456917 0.3456917 -9999.000 -9999.000 -9999.000 -9999.000 -9999.000 -9999.000 -9999.000 -9999.000 -9999.000 -9999.000 -9999.000 -9999.000 -9999.000 -9999.000 -9999.000 -9999.000 -9999.000 -9999.000 -9999.000 -9999.000 -9999.000 -9999.000 -9999.000 -9999.000 -9999.000 -9999.000 -9999.000 -9999.000 -9999.000
2.613000 2.613000 2.654599 2.694004 2.699083 2.699083 2.701862 2.703527 2.703527 2.701928 2.701928 2.698141 2.695635 2.692800 2.689681 2.689681 2.742115 2.741710 2.728931 2.701706 2.657370 2.594266 2.509706 2.406510 2.284929 2.146941 1.996814 1.844760 1.717042 1.684928 1.684928 2.470977 2.628416 2.712902 2.733155 2.733155 2.757281 2.757281 2.728205 2.728205 2.679154 2.488740 2.488740 2.047446 2.047446 1.862454 1.862454 1.862454 1.864101 1.864101 1.900689 1.900689 1.946846 1.946846 1.992985 1.992985 2.033082 2.033082 2.033082 2.063585
2.630733 2.630733 2.686855 2.742234 2.758126 2.758126 2.771691 2.794801 2.794801 2.814475 2.814475 2.831789 2.839767 2.847373 2.854647 2.854647 2.892699 2.902293 2.910562 2.916514 2.918290 2.913622 2.899486 2.874196 2.835302 2.780917 2.710221 2.624666 2.530814 2.470799 2.470799 2.891346 3.036475 3.174099 3.210614 3.210614 3.249429 3.249429 3.242873 3.242873 3.217942 3.110029 3.110029 2.868239 2.868239 2.657506 2.657506 2.657506 2.658665 2.658665 2.696810 2.696810 2.746067 2.746067 2.795056 2.795056 2.838481 2.838481 2.838481 2.873920
2.634846 2.634846 2.690866 2.742546 2.758626 2.758626 2.772427 2.796052 2.796052 2.816305 2.816305 2.834290 2.842640 2.850640 2.858332 2.858332 2.893157 2.910487 2.928600 2.945911 2.961005 2.972689 2.979520 2.980649 2.974680 2.959987 2.935101 2.899621 2.856398 2.828102 2.828102 3.068659 3.206960 3.364942 3.410028 3.410028 3.452380 3.452380 3.435172 3.435172 3.404490 3.307584 3.307584 3.148578 3.148578 2.947118 2.947118 2.947118 2.933075 2.933075 2.961079 2.961079 3.002941 3.002941 3.045892 3.045892 3.084679 3.084679 3.084679 3.116715
2.638137 2.638137 2.693968 2.742472 2.758536 2.758536 2.772383 2.796071 2.796071 2.816343 2.816343 2.834338 2.842695 2.850703 2.858405 2.858405 2.892689 2.917183 2.943796 2.969629 2.992854 3.012379 3.027363 3.037529 3.042543 3.041902 3.035033 3.021771 3.003809 2.995042 2.995042 3.143276 3.266045 3.428062 3.475895 3.475895 3.510155 3.510155 3.471383 3.471383 3.433772 3.351980 3.351980 3.255039 3.255039 3.086376 3.086376 3.086376 3.056876 3.056876 3.072927 3.072927 3.107716 3.107716 3.146483 3.146483 3.182394 3.182394 3.182394 3.212181
2.640663 2.640663 2.696344 2.742415 2.758438 2.758438 2.772323 2.796069 2.796069 2.816347 2.816347 2.834336 2.842690 2.850697 2.858398 2.858398 2.895176 2.926659 2.961308 2.995089 3.025727 3.052000 3.073181 3.089060 3.099629 3.104936 3.105075 3.100433 3.092595 3.090850 3.090850 3.185815 3.288899 3.440041 3.480778 3.480778 3.485581 3.485581 3.421707 3.421707 3.385937 3.335803 3.335803 3.293211 3.293211 3.172680 3.172680 3.172680 3.132758 3.132758 3.134984 3.134984 3.160527 3.160527 3.193897 3.193897 3.226309 3.226309 3.226309 3.253389
2.642447 2.642447 2.698021 2.742378 2.758356 2.758356 2.772269 2.796066 2.796066 2.816350 2.816350 2.834334 2.842687 2.850692 2.858392 2.858392 2.901450 2.940170 2.982487 3.023627 3.061073 3.093540 3.120349 3.141263 3.156311 3.165670 3.169653 3.168868 3.164823 3.164008 3.164008 3.223854 3.304461 3.425374 3.443700 3.443700 3.397988 3.397988 3.326532 3.326532 3.306584 3.299388 3.299388 3.300847 3.300847 3.232523 3.232523 3.232523 3.191258 3.191258 3.181207 3.181207 3.195660 3.195660 3.221547 3.221547 3.248858 3.248858 3.248858 3.272037
2.643507 2.643507 2.699022 2.742358 2.758301 2.758301 2.772233 2.796064 2.796064 2.816353 2.816353 2.834333 2.842685 2.850690 2.858390 2.858390 2.912372 2.958939 3.008658 3.056520 3.100033 3.137987 3.169790 3.195226 3.214317 3.227233 3.234298 3.236092 3.233872 3.232060 3.232060 3.267098 3.322743 3.383493 3.359106 3.359106 3.263328 3.263328 3.219827 3.219827 3.225045 3.259278 3.259278 3.292857 3.292857 3.272322 3.272322 3.272322 3.238945 3.238945 3.221484 3.221484 3.224879 3.224879 3.241545 3.241545 3.261940 3.261940 3.261940 3.279770
2.643860 2.643860 2.699353 2.742352 2.758282 2.758282 2.772221 2.796063 2.796063 2.816355 2.816355 2.834334 2.842685 2.850689 2.858389 2.858389 2.929071 2.984341 3.041288 3.095204 3.143918 3.186460 3.222412 3.251651 3.274223 3.290284 3.300109 3.304160 3.303346 3.300258 3.300258 3.316393 3.342012 3.294782 3.215045 3.215045 3.111263 3.111263 3.126003 3.126003 3.155289 3.220579 3.220579 3.276073 3.276073 3.295065 3.295065 3.295065 3.275879 3.275879 3.257307 3.257307 3.251794 3.251794 3.258494 3.258494 3.270368 3.270368 3.270368 3.281382
2.643507 2.643507 2.699022 2.742358 2.758301 2.758301 2.772234 2.796064 2.796064 2.816353 2.816353 2.834333 2.842685 2.850690 2.858389 2.858389 2.953144 3.018078 3.082082 3.141308 3.194218 3.240261 3.279297 3.311373 3.336614 3.355197 3.367350 3.373412 3.373861 3.369123 3.369123 3.366884 3.347311 3.134576 3.020854 3.020854 2.977705 2.977705 3.053742 3.053742 3.099165 3.184058 3.184058 3.254168 3.254168 3.303766 3.303766 3.303766 3.301193 3.301193 3.287103 3.287103 3.276271 3.276271 3.273506 3.273506 3.275814 3.275814 3.275814 3.278745
2.642447 2.642447 2.698021 2.742378 2.758356 2.758356 2.772270 2.796066 2.796066 2.816350 2.816350 2.834334 2.842687 2.850693 2.858392 2.858392 2.986919 3.062397 3.133136 3.196744 3.252638 3.300870 3.341693 3.375392 3.402234 3.422452 3.436263 3.443884 3.445125 3.436321 3.436321 3.404505 3.300591 2.908523 2.822293 2.822293 2.880753 2.880753 2.996392 2.996392 3.050512 3.147344 3.147344 3.227588 3.227588 3.300108 3.300108 3.300108 3.313555 3.313555 3.307545 3.307545 3.295302 3.295302 3.284708 3.284708 3.277248 3.277248 3.277248 3.271330
2.640664 2.640664 2.696342 2.742415 2.758438 2.758438 2.772323 2.796068 2.796068 2.816347 2.816347 2.834336 2.842691 2.850698 2.858399 2.858399 3.033904 3.120427 3.197148 3.263818 3.321139 3.369944 3.410974 3.444825 3.471944 3.492655 3.507196 3.515623 3.516067 3.493317 3.493317 3.390166 3.139625 2.675774 2.672896 2.672896 2.811135 2.811135 2.945107 2.945107 3.003528 3.108196 3.108196 3.195669 3.195669 3.284821 3.284821 3.284821 3.311901 3.311901 3.315238 3.315238 3.304514 3.304514 3.288329 3.288329 3.271772 3.271772 3.271772 3.256923
2.638138 2.638138 2.693968 2.742473 2.758536 2.758536 2.772383 2.796071 2.796071 2.816342 2.816342 2.834337 2.842695 2.850703 2.858405 2.858405 3.099575 3.196701 3.277754 3.345421 3.402019 3.449317 3.488617 3.520852 3.546666 3.566492 3.580603 3.588601 3.582539 3.508073 3.508073 3.238600 2.832126 2.516101 2.573414 2.573414 2.747223 2.747223 2.889350 2.889350 2.950097 3.060958 3.060958 3.153784 3.153784 3.254882 3.254882 3.254882 3.292638 3.292638 3.304732 3.304732 3.297093 3.297093 3.277477 3.277477 3.253198 3.253198 3.253198 3.230139
