simulation_files/asc/Velocity____205.0.asc
NCOLS        79
NROWS        79
XLLCENTER         -1.500000
YLLCENTER         -4.800000
CELLSIZE           0.100
NODATA_VALUE     -9999.0
[rows 0 to 26 of 79, columns 0 to 59 of 79]
-9999.000 -9999.000 -9999.000 -9999.000 -9999.000 -9999.000 -9999.000 -9999.000 -9999.000 -9999.000 -9999.000 -9999.000 -9999.000 -9999.000 -9999.000 0.8816518E-01 0.8471135E-01 0.8310878E-01 0.8247045E-01 0.8328645E-01 0.8478327E-01 0.8632488E-01 0.8764856E-01 0.8863910E-01 0.8922265E-01 0.8952238E-01 0.8962777E-01 0.8973593E-01 0.9042703E-01 0.9138793E-01 0.9138793E-01 -9999.000 -9999.000 -9999.000 -9999.000 -9999.000 -9999.000 -9999.000 -9999.000 -9999.000 -9999.000 -9999.000 -9999.000 -9999.000 -9999.000 -9999.000 -9999.000 -9999.000 -9999.000 -9999.000 -9999.000 -9999.000 -9999.000 -9999.000 -9999.000 -9999.000 -9999.000 -9999.000 -9999.000 -9999.000
-9999.000 -9999.000 -9999.000 -9999.000 -9999.000 -9999.000 -9999.000 -9999.000 -9999.000 -9999.000 -9999.000 -9999.000 -9999.000 -9999.000 -9999.000 0.8964086E-01 0.8234305E-01 0.7907649E-01 0.7783605E-01 0.7947590E-01 0.8241010E-01 0.8544421E-01 0.8812426E-01 0.9024742E-01 0.9164323E-01 0.9252874E-01 0.9306380E-01 0.9365617E-01 0.9556618E-01 0.9828132E-01 0.9828132E-01 -9999.000 -9999.000 -9999.000 -9999.000 -9999.000 -9999.000 -9999.000 -9999.000 -9999.000 -9999.000 -9999.000 -9999.000 -9999.000 -9999.000 -9999.000 -9999.000 -9999.000 -9999.000 -9999.000 -9999.000 -9999.000 -9999.000 -9999.000 -9999.000 -9999.000 -9999.000 -9999.000 -9999.000 -9999.000
-9999.000 -9999.000 -9999.000 -9999.000 -9999.000 -9999.000 -9999.000 -9999.000 -9999.000 -9999.000 -9999.000 -9999.000 -9999.000 -9999.000 -9999.000 0.9036799E-01 0.7884654E-01 0.7360511E-01 0.7159168E-01 0.7410031E-01 0.7861698E-01 0.8333650E-01 0.8762646E-01 0.9121089E-01 0.9381478E-01 0.9574868E-01 0.9721562E-01 0.9881262E-01 0.1025101 0.1078003 0.1078003 -9999.000 -9999.000 -9999.000 -9999.000 -9999.000 -9999.000 -9999.000 -9999.000 -9999.000 -9999.000 -9999.000 -9999.000 -9999.000 -9999.000 -9999.000 -9999.000 -9999.000 -9999.000 -9999.000 -9999.000 -9999.000 -9999.000 -9999.000 -9999.000 -9999.000 -9999.000 -9999.000 -9999.000 -9999.000
-9999.000 -9999.000 -9999.000 -9999.000 -9999.000 -9999.000 -9999.000 -9999.000 -9999.000 -9999.000 -9999.000 -9999.000 -9999.000 -9999.000 -9999.000 0.9065933E-01 0.7489073E-01 0.6765233E-01 0.6487640E-01 0.6828526E-01 0.7439082E-01 0.8079852E-01 0.8673020E-01 0.9185065E-01 0.9577823E-01 0.9891127E-01 0.1014780 0.1042528 0.1099315 0.1183000 0.1183000 -9999.000 -9999.000 -9999.000 -9999.000 -9999.000 -9999.000 -9999.000 -9999.000 -9999.000 -9999.000 -9999.000 -9999.000 -9999.000 -9999.000 -9999.000 -9999.000 -9999.000 -9999.000 -9999.000 -9999.000 -9999.000 -9999.000 -9999.000 -9999.000 -9999.000 -9999.000 -9999.000 -9999.000 -9999.000
-9999.000 -9999.000 -9999.000 -9999.000 -9999.000 -9999.000 -9999.000 -9999.000 -9999.000 -9999.000 -9999.000 -9999.000 -9999.000 -9999.000 -9999.000 0.9072272E-01 0.7063945E-01 0.6138752E-01 0.5789595E-01 0.6227333E-01 0.6998599E-01 0.7807963E-01 0.8566535E-01 0.9236053E-01 0.9767067E-01 0.1020828 0.1058378 0.1098881 0.1176906 0.1296472 0.1296472 -9999.000 -9999.000 -9999.000 -9999.000 -9999.000 -9999.000 -9999.000 -9999.000 -9999.000 -9999.000 -9999.000 -9999.000 -9999.000 -9999.000 -9999.000 -9999.000 -9999.000 -9999.000 -9999.000 -9999.000 -9999.000 -9999.000 -9999.000 -9999.000 -9999.000 -9999.000 -9999.000 -9999.000 -9999.000
-9999.000 -9999.000 -9999.000 -9999.000 -9999.000 -9999.000 -9999.000 -9999.000 -9999.000 -9999.000 -9999.000 -9999.000 -9999.000 -9999.000 -9999.000 0.9061261E-01 0.6614377E-01 0.5488161E-01 0.5077563E-01 0.5622538E-01 0.6555904E-01 0.7532114E-01 0.8455655E-01 0.9284317E-01 0.9956563E-01 0.1053025 0.1102973 0.1156875 0.1257417 0.1418649 0.1418649 -9999.000 -9999.000 -9999.000 -9999.000 -9999.000 -9999.000 -9999.000 -9999.000 -9999.000 -9999.000 -9999.000 -9999.000 -9999.000 -9999.000 -9999.000 -9999.000 -9999.000 -9999.000 -9999.000 -9999.000 -9999.000 -9999.000 -9999.000 -9999.000 -9999.000 -9999.000 -9999.000 -9999.000 -9999.000
-9999.000 -9999.000 -9999.000 -9999.000 -9999.000 -9999.000 -9999.000 -9999.000 -9999.000 -9999.000 -9999.000 -9999.000 -9999.000 -9999.000 -9999.000 0.9031799E-01 0.6140583E-01 0.4816550E-01 0.4362900E-01 0.5028356E-01 0.6122332E-01 0.7261007E-01 0.8347304E-01 0.9335300E-01 0.1015006 0.1085909 0.1148599 0.1216407 0.1340786 0.1550622 0.1550622 -9999.000 -9999.000 -9999.000 -9999.000 -9999.000 -9999.000 -9999.000 -9999.000 -9999.000 -9999.000 -9999.000 -9999.000 -9999.000 -9999.000 -9999.000 -9999.000 -9999.000 -9999.000 -9999.000 -9999.000 -9999.000 -9999.000 -9999.000 -9999.000 -9999.000 -9999.000 -9999.000 -9999.000 -9999.000
-9999.000 -9999.000 -9999.000 -9999.000 -9999.000 -9999.000 -9999.000 -9999.000 -9999.000 -9999.000 -9999.000 -9999.000 -9999.000 -9999.000 -9999.000 0.8979862E-01 0.5640445E-01 0.4126519E-01 0.3662635E-01 0.4462656E-01 0.5708875E-01 0.7001408E-01 0.8246090E-01 0.9392284E-01 0.1034969 0.1119601 0.1195279 0.1277452 0.1427126 0.1694103 0.1694103 -9999.000 -9999.000 -9999.000 -9999.000 -9999.000 -9999.000 -9999.000 -9999.000 -9999.000 -9999.000 -9999.000 -9999.000 -9999.000 -9999.000 -9999.000 -9999.000 -9999.000 -9999.000 -9999.000 -9999.000 -9999.000 -9999.000 -9999.000 -9999.000 -9999.000 -9999.000 -9999.000 -9999.000 -9999.000
-9999.000 -9999.000 -9999.000 -9999.000 -9999.000 -9999.000 -9999.000 -9999.000 -9999.000 -9999.000 -9999.000 -9999.000 -9999.000 -9999.000 -9999.000 0.8899620E-01 0.5110888E-01 0.3423472E-01 0.3010303E-01 0.3952390E-01 0.5328650E-01 0.6760008E-01 0.8155973E-01 0.9457923E-01 0.1055700 0.1154187 0.1243036 0.1340016 0.1516638 0.1851430 0.1851430 -9999.000 -9999.000 -9999.000 -9999.000 -9999.000 -9999.000 -9999.000 -9999.000 -9999.000 -9999.000 -9999.000 -9999.000 -9999.000 -9999.000 -9999.000 -9999.000 -9999.000 -9999.000 -9999.000 -9999.000 -9999.000 -9999.000 -9999.000 -9999.000 -9999.000 -9999.000 -9999.000 -9999.000 -9999.000
-9999.000 -9999.000 -9999.000 -9999.000 -9999.000 -9999.000 -9999.000 -9999.000 -9999.000 -9999.000 -9999.000 -9999.000 -9999.000 -9999.000 -9999.000 0.8783873E-01 0.4548294E-01 0.2722001E-01 0.2476863E-01 0.3539452E-01 0.4998717E-01 0.6544639E-01 0.8081327E-01 0.9534930E-01 0.1077362 0.1189759 0.1291905 0.1404125 0.1609578 0.2025685 0.2025685 -9999.000 -9999.000 -9999.000 -9999.000 -9999.000 -9999.000 -9999.000 -9999.000 -9999.000 -9999.000 -9999.000 -9999.000 -9999.000 -9999.000 -9999.000 -9999.000 -9999.000 -9999.000 -9999.000 -9999.000 -9999.000 -9999.000 -9999.000 -9999.000 -9999.000 -9999.000 -9999.000 -9999.000 -9999.000
-9999.000 -9999.000 -9999.000 -9999.000 -9999.000 -9999.000 -9999.000 -9999.000 -9999.000 -9999.000 -9999.000 -9999.000 -9999.000 -9999.000 -9999.000 0.8624020E-01 0.3949036E-01 0.2064069E-01 0.2196377E-01 0.3283622E-01 0.4741507E-01 0.6365336E-01 0.8027633E-01 0.9626788E-01 0.1100161 0.1226442 0.1341930 0.1469815 0.1706237 0.2220973 0.2220973 -9999.000 -9999.000 -9999.000 -9999.000 -9999.000 -9999.000 -9999.000 -9999.000 -9999.000 -9999.000 -9999.000 -9999.000 -9999.000 -9999.000 -9999.000 -9999.000 -9999.000 -9999.000 -9999.000 -9999.000 -9999.000 -9999.000 -9999.000 -9999.000 -9999.000 -9999.000 -9999.000 -9999.000 -9999.000
-9999.000 -9999.000 -9999.000 -9999.000 -9999.000 -9999.000 -9999.000 -9999.000 -9999.000 -9999.000 -9999.000 -9999.000 -9999.000 -9999.000 -9999.000 0.8409543E-01 0.3310472E-01 0.1576602E-01 0.2318484E-01 0.3252611E-01 0.4586389E-01 0.6236243E-01 0.8003103E-01 0.9738867E-01 0.1124436 0.1264458 0.1393224 0.1537158 0.1806964 0.2442836 0.2442836 -9999.000 -9999.000 -9999.000 -9999.000 -9999.000 -9999.000 -9999.000 -9999.000 -9999.000 -9999.000 -9999.000 -9999.000 -9999.000 -9999.000 -9999.000 -9999.000 -9999.000 -9999.000 -9999.000 -9999.000 -9999.000 -9999.000 -9999.000 -9999.000 -9999.000 -9999.000 -9999.000 -9999.000 -9999.000
-9999.000 -9999.000 -9999.000 -9999.000 -9999.000 -9999.000 -9999.000 -9999.000 -9999.000 -9999.000 -9999.000 -9999.000 -9999.000 -9999.000 -9999.000 0.8122876E-01 0.2633902E-01 0.1558470E-01 0.2871045E-01 0.3515374E-01 0.4588846E-01 0.6192510E-01 0.8031059E-01 0.9887399E-01 0.1151321 0.1304604 0.1446298 0.1606492 0.1912298 0.2699029 0.2699029 -9999.000 -9999.000 -9999.000 -9999.000 -9999.000 -9999.000 -9999.000 -9999.000 -9999.000 -9999.000 -9999.000 -9999.000 -9999.000 -9999.000 -9999.000 -9999.000 -9999.000 -9999.000 -9999.000 -9999.000 -9999.000 -9999.000 -9999.000 -9999.000 -9999.000 -9999.000 -9999.000 -9999.000 -9999.000
-9999.000 -9999.000 -9999.000 -9999.000 -9999.000 -9999.000 -9999.000 -9999.000 -9999.000 -9999.000 -9999.000 -9999.000 -9999.000 -9999.000 -9999.000 0.7603487E-01 0.2069694E-01 0.2771975E-01 0.4364815E-01 0.4728931E-01 0.5386746E-01 0.6723121E-01 0.8461630E-01 0.1032030 0.1198512 0.1359380 0.1509810 0.1683628 0.2026234 0.3003089 0.3003089 -9999.000 -9999.000 -9999.000 -9999.000 -9999.000 -9999.000 -9999.000 -9999.000 -9999.000 -9999.000 -9999.000 -9999.000 -9999.000 -9999.000 -9999.000 -9999.000 -9999.000 -9999.000 -9999.000 -9999.000 -9999.000 -9999.000 -9999.000 -9999.000 -9999.000 -9999.000 -9999.000 -9999.000 -9999.000
-9999.000 -9999.000 -9999.000 -9999.000 -9999.000 -9999.000 -9999.000 -9999.000 -9999.000 -9999.000 -9999.000 -9999.000 -9999.000 -9999.000 -9999.000 0.1174707 0.1818861 0.2164620 0.2100225 0.1774605 0.1534892 0.1375335 0.1307150 0.1323574 0.1385126 0.1486675 0.1606584 0.1772694 0.2144791 0.3348616 0.3348616 -9999.000 -9999.000 -9999.000 -9999.000 -9999.000 -9999.000 -9999.000 -9999.000 -9999.000 -9999.000 -9999.000 -9999.000 -9999.000 -9999.000 -9999.000 -9999.000 -9999.000 -9999.000 -9999.000 -9999.000 -9999.000 -9999.000 -9999.000 -9999.000 -9999.000 -9999.000 -9999.000 -9999.000 -9999.000
2.936657 2.936657 2.915902 2.945074 2.962868 2.962868 2.965389 2.964938 2.964938 2.961029 2.961029 2.954844 2.951139 2.947114 2.943042 2.943042 3.111315 3.116463 3.117812 3.117617 3.089375 3.036504 2.959942 2.859243 2.733352 2.588441 2.425900 2.253910 2.096128 2.026954 2.026954 2.841203 3.018535 3.129161 3.158518 3.158518 3.201981 3.201981 3.203460 3.203460 3.171543 3.021423 3.021423 2.736106 2.736106 2.283018 2.283018 2.283018 2.234168 2.234168 2.251106 2.251106 2.294901 2.294901 2.345389 2.345389 2.393272 2.393272 2.393272 2.433815
2.961027 2.961027 2.946699 3.000726 3.026007 3.026007 3.040746 3.063705 3.063705 3.082760 3.082760 3.099335 3.106940 3.114179 3.121306 3.121306 3.244395 3.265289 3.281653 3.296229 3.303828 3.304793 3.297794 3.280109 3.248302 3.201122 3.136250 3.053711 2.958997 2.876339 2.876339 3.295869 3.450571 3.605552 3.649467 3.649467 3.703503 3.703503 3.716004 3.716004 3.702369 3.620123 3.620123 3.453077 3.453077 3.129552 3.129552 3.129552 3.073516 3.073516 3.091628 3.091628 3.137670 3.137670 3.190423 3.190423 3.240805 3.240805 3.240805 3.284922
2.967004 2.967004 2.947585 3.002742 3.025862 3.025862 3.041225 3.065056 3.065056 3.084752 3.084752 3.102042 3.110047 3.117708 3.125314 3.125314 3.233625 3.267840 3.296754 3.322272 3.342614 3.357995 3.368563 3.373709 3.371955 3.362340 3.343018 3.312724 3.273220 3.238549 3.238549 3.468253 3.614815 3.790344 3.843812 3.843812 3.903975 3.903975 3.904519 3.904519 3.881907 3.793085 3.793085 3.665083 3.665083 3.416447 3.416447 3.416447 3.349023 3.349023 3.352716 3.352716 3.388978 3.388978 3.435148 3.435148 3.480860 3.480860 3.480860 3.521540
2.971352 2.971352 2.947747 3.003426 3.024960 3.024960 3.040632 3.064886 3.064886 3.084666 3.084666 3.102013 3.110054 3.117752 3.125450 3.125450 3.223975 3.268947 3.309406 3.345384 3.375672 3.400106 3.418969 3.432450 3.440357 3.442733 3.439164 3.429250 3.414099 3.402354 3.402354 3.541504 3.669049 3.848269 3.906092 3.906092 3.962302 3.962302 3.938268 3.938268 3.901923 3.811298 3.811298 3.724655 3.724655 3.549948 3.549948 3.549948 3.478535 3.478535 3.467061 3.467061 3.492142 3.492142 3.531862 3.531862 3.573757 3.573757 3.573757 3.611788
2.974080 2.974080 2.944718 3.003760 3.024347 3.024347 3.040343 3.065050 3.065050 3.084852 3.084852 3.102133 3.110144 3.117815 3.125585 3.125585 3.219399 3.273242 3.323923 3.369646 3.409158 3.442008 3.468275 3.488225 3.502043 3.510122 3.512773 3.510355 3.504156 3.500199 3.500199 3.586991 3.691470 3.859281 3.912483 3.912483 3.942056 3.942056 3.881882 3.881882 3.837322 3.767462 3.767462 3.728385 3.728385 3.626674 3.626674 3.626674 3.561263 3.561263 3.536880 3.536880 3.548581 3.548581 3.579553 3.579553 3.616116 3.616116 3.616116 3.650500
2.975238 2.975238 2.945869 3.003744 3.023724 3.023724 3.039945 3.065017 3.065017 3.084866 3.084866 3.102130 3.110135 3.117800 3.125697 3.125697 3.220922 3.282681 3.342317 3.396776 3.444593 3.485156 3.518379 3.544456 3.563640 3.576347 3.583073 3.584443 3.581758 3.579401 3.579401 3.632066 3.711615 3.850614 3.884944 3.884944 3.857975 3.857975 3.766904 3.766904 3.731086 3.705011 3.705011 3.711242 3.711242 3.673404 3.673404 3.673404 3.623190 3.623190 3.592058 3.592058 3.590551 3.590551 3.610600 3.610600 3.639620 3.639620 3.639620 3.668591
2.971990 2.971990 2.949411 3.003785 3.023411 3.023411 3.039738 3.064975 3.064975 3.084805 3.084805 3.102045 3.110050 3.117723 3.125822 3.125822 3.229410 3.298882 3.366512 3.428618 3.483637 3.530931 3.570358 3.602050 3.626252 3.643332 3.653763 3.658166 3.657651 3.655260 3.655260 3.684800 3.738986 3.824791 3.818203 3.818203 3.715454 3.715454 3.630523 3.630523 3.620973 3.645775 3.645775 3.687440 3.687440 3.700008 3.700008 3.700008 3.670534 3.670534 3.640453 3.640453 3.629083 3.629083 3.637358 3.637358 3.656793 3.656793 3.656793 3.678362
2.971731 2.971731 2.950222 3.003625 3.023163 3.023163 3.039563 3.064955 3.064955 3.084855 3.084855 3.102115 3.110121 3.117789 3.126150 3.126150 3.245986 3.323505 3.398394 3.467024 3.527987 3.580777 3.625320 3.661764 3.690354 3.711412 3.725337 3.732651 3.734170 3.731644 3.731644 3.744828 3.772184 3.763887 3.691306 3.691306 3.536236 3.536236 3.506872 3.506872 3.528744 3.594981 3.594981 3.660831 3.660831 3.711002 3.711002 3.711002 3.703701 3.703701 3.681531 3.681531 3.665117 3.665117 3.662732 3.662732 3.671398 3.671398 3.671398 3.683810
2.971990 2.971990 2.949410 3.003785 3.023411 3.023411 3.039737 3.064975 3.064975 3.084805 3.084805 3.102046 3.110051 3.117723 3.126468 3.126468 3.272022 3.358310 3.439928 3.513974 3.579516 3.636375 3.684680 3.724684 3.756684 3.780991 3.797944 3.807943 3.811438 3.808498 3.808498 3.807320 3.799412 3.633852 3.493208 3.493208 3.362573 3.362573 3.411460 3.411460 3.457331 3.550176 3.550176 3.631818 3.631818 3.709649 3.709649 3.709649 3.722923 3.722923 3.712962 3.712962 3.696804 3.696804 3.686372 3.686372 3.684141 3.684141 3.684141 3.686092
2.975238 2.975238 2.945870 3.003745 3.023724 3.023724 3.039945 3.065016 3.065016 3.084865 3.084865 3.102130 3.110134 3.117799 3.127058 3.127058 3.310019 3.405862 3.493620 3.571816 3.640366 3.699625 3.750060 3.792126 3.826228 3.852714 3.871895 3.884049 3.889039 3.883489 3.883489 3.860601 3.789610 3.414051 3.255601 3.255601 3.231385 3.231385 3.342999 3.342999 3.401945 3.509500 3.509500 3.601450 3.601450 3.699228 3.699228 3.699228 3.729718 3.729718 3.733308 3.733308 3.721593 3.721593 3.706490 3.706490 3.694312 3.694312 3.694312 3.685204
2.974080 2.974080 2.944718 3.003760 3.024347 3.024347 3.040343 3.065051 3.065051 3.084852 3.084852 3.102132 3.110144 3.117815 3.127808 3.127808 3.363559 3.469511 3.562506 3.643252 3.712919 3.772615 3.823267 3.865608 3.900208 3.927487 3.947763 3.961164 3.966043 3.948828 3.948828 3.872612 3.680839 3.141801 3.047472 3.047472 3.145281 3.145281 3.287488 3.287488 3.352291 3.468007 3.468007 3.567119 3.567119 3.679223 3.679223 3.679223 3.723160 3.723160 3.739423 3.739423 3.734483 3.734483 3.717948 3.717948 3.697681 3.697681 3.697681 3.677903
2.971352 2.971352 2.947747 3.003425 3.024960 3.024960 3.040632 3.064886 3.064886 3.084664 3.084664 3.102013 3.110055 3.117752 3.128772 3.128772 3.438496 3.554179 3.650598 3.731538 3.799826 3.857517 3.906092 3.946615 3.979830 4.006254 4.026228 4.039472 4.038758 3.974478 3.974478 3.764275 3.415106 2.907809 2.912277 2.912277 3.078753 3.078753 3.231535 3.231535 3.298902 3.419811 3.419811 3.524083 3.524083 3.646201 3.646201 3.646201 3.699971 3.699971 3.726640 3.726640 3.728855 3.728855 3.713129 3.713129 3.686958 3.686958 3.686958 3.657777
