simulation_files/asc/Velocity__x_210.0.asc
NCOLS        79
NROWS        79
XLLCENTER         -1.500000
YLLCENTER         -4.800000
CELLSIZE           0.100
NODATA_VALUE     -9999.0
[rows 0 to 25 of 79, columns 0 to 57 of 79]
-9999.000 -9999.000 -9999.000 -9999.000 -9999.000 -9999.000 -9999.000 -9999.000 -9999.000 -9999.000 -9999.000 -9999.000 -9999.000 -9999.000 -9999.000 -0.1883740E-02 -0.1763343E-02 0.1489614E-02 0.6383078E-02 0.1153544E-01 0.1581473E-01 0.1886076E-01 0.2064273E-01 0.2123228E-01 0.2078610E-01 0.1946248E-01 0.1735470E-01 0.1442097E-01 0.1009179E-01 0.4940809E-02 0.4940809E-02 -9999.000 -9999.000 -9999.000 -9999.000 -9999.000 -9999.000 -9999.000 -9999.000 -9999.000 -9999.000 -9999.000 -9999.000 -9999.000 -9999.000 -9999.000 -9999.000 -9999.000 -9999.000 -9999.000 -9999.000 -9999.000 -9999.000 -9999.000 -9999.000 -9999.000 -9999.000 -9999.000
-9999.000 -9999.000 -9999.000 -9999.000 -9999.000 -9999.000 -9999.000 -9999.000 -9999.000 -9999.000 -9999.000 -9999.000 -9999.000 -9999.000 -9999.000 -0.6177848E-03 0.7215969E-03 0.5004234E-02 0.1076389E-01 0.1668300E-01 0.2164734E-01 0.2523493E-01 0.2734119E-01 0.2798123E-01 0.2727188E-01 0.2535330E-01 0.2232562E-01 0.1818811E-01 0.1249992E-01 0.6100041E-02 0.6100041E-02 -9999.000 -9999.000 -9999.000 -9999.000 -9999.000 -9999.000 -9999.000 -9999.000 -9999.000 -9999.000 -9999.000 -9999.000 -9999.000 -9999.000 -9999.000 -9999.000 -9999.000 -9999.000 -9999.000 -9999.000 -9999.000 -9999.000 -9999.000 -9999.000 -9999.000 -9999.000 -9999.000
-9999.000 -9999.000 -9999.000 -9999.000 -9999.000 -9999.000 -9999.000 -9999.000 -9999.000 -9999.000 -9999.000 -9999.000 -9999.000 -9999.000 -9999.000 -0.1945887E-03 0.1653354E-02 0.6540224E-02 0.1287836E-01 0.1930757E-01 0.2467798E-01 0.2854918E-01 0.3080518E-01 0.3145312E-01 0.3060929E-01 0.2841807E-01 0.2498923E-01 0.2033419E-01 0.1401085E-01 0.6875765E-02 0.6875765E-02 -9999.000 -9999.000 -9999.000 -9999.000 -9999.000 -9999.000 -9999.000 -9999.000 -9999.000 -9999.000 -9999.000 -9999.000 -9999.000 -9999.000 -9999.000 -9999.000 -9999.000 -9999.000 -9999.000 -9999.000 -9999.000 -9999.000 -9999.000 -9999.000 -9999.000 -9999.000 -9999.000
-9999.000 -9999.000 -9999.000 -9999.000 -9999.000 -9999.000 -9999.000 -9999.000 -9999.000 -9999.000 -9999.000 -9999.000 -9999.000 -9999.000 -9999.000 0.1123708E-05 0.2121889E-02 0.7375338E-02 0.1408752E-01 0.2085659E-01 0.2649988E-01 0.3056634E-01 0.3293559E-01 0.3361252E-01 0.3271664E-01 0.3039595E-01 0.2676375E-01 0.2183274E-01 0.1513751E-01 0.7482806E-02 0.7482806E-02 -9999.000 -9999.000 -9999.000 -9999.000 -9999.000 -9999.000 -9999.000 -9999.000 -9999.000 -9999.000 -9999.000 -9999.000 -9999.000 -9999.000 -9999.000 -9999.000 -9999.000 -9999.000 -9999.000 -9999.000 -9999.000 -9999.000 -9999.000 -9999.000 -9999.000 -9999.000 -9999.000
-9999.000 -9999.000 -9999.000 -9999.000 -9999.000 -9999.000 -9999.000 -9999.000 -9999.000 -9999.000 -9999.000 -9999.000 -9999.000 -9999.000 -9999.000 0.1237051E-03 0.2437032E-02 0.7969751E-02 0.1497604E-01 0.2201479E-01 0.2787486E-01 0.3210060E-01 0.3457057E-01 0.3528925E-01 0.3437968E-01 0.3199300E-01 0.2824251E-01 0.2313722E-01 0.1617548E-01 0.8064191E-02 0.8064191E-02 -9999.000 -9999.000 -9999.000 -9999.000 -9999.000 -9999.000 -9999.000 -9999.000 -9999.000 -9999.000 -9999.000 -9999.000 -9999.000 -9999.000 -9999.000 -9999.000 -9999.000 -9999.000 -9999.000 -9999.000 -9999.000 -9999.000 -9999.000 -9999.000 -9999.000 -9999.000 -9999.000
-9999.000 -9999.000 -9999.000 -9999.000 -9999.000 -9999.000 -9999.000 -9999.000 -9999.000 -9999.000 -9999.000 -9999.000 -9999.000 -9999.000 -9999.000 0.2339758E-03 0.2724856E-02 0.8517069E-02 0.1579560E-01 0.2308200E-01 0.2913939E-01 0.3351129E-01 0.3607834E-01 0.3684564E-01 0.3594171E-01 0.3351962E-01 0.2969099E-01 0.2445716E-01 0.1726916E-01 0.8693265E-02 0.8693265E-02 -9999.000 -9999.000 -9999.000 -9999.000 -9999.000 -9999.000 -9999.000 -9999.000 -9999.000 -9999.000 -9999.000 -9999.000 -9999.000 -9999.000 -9999.000 -9999.000 -9999.000 -9999.000 -9999.000 -9999.000 -9999.000 -9999.000 -9999.000 -9999.000 -9999.000 -9999.000 -9999.000
-9999.000 -9999.000 -9999.000 -9999.000 -9999.000 -9999.000 -9999.000 -9999.000 -9999.000 -9999.000 -9999.000 -9999.000 -9999.000 -9999.000 -9999.000 0.3599730E-03 0.3042755E-02 0.9103972E-02 0.1665938E-01 0.2419286E-01 0.3044397E-01 0.3496023E-01 0.3762662E-01 0.3844978E-01 0.3756411E-01 0.3512499E-01 0.3124113E-01 0.2590353E-01 0.1850374E-01 0.9416779E-02 0.9416779E-02 -9999.000 -9999.000 -9999.000 -9999.000 -9999.000 -9999.000 -9999.000 -9999.000 -9999.000 -9999.000 -9999.000 -9999.000 -9999.000 -9999.000 -9999.000 -9999.000 -9999.000 -9999.000 -9999.000 -9999.000 -9999.000 -9999.000 -9999.000 -9999.000 -9999.000 -9999.000 -9999.000
-9999.000 -9999.000 -9999.000 -9999.000 -9999.000 -9999.000 -9999.000 -9999.000 -9999.000 -9999.000 -9999.000 -9999.000 -9999.000 -9999.000 -9999.000 0.5160561E-03 0.3420642E-02 0.9775677E-02 0.1762540E-01 0.2541620E-01 0.3186614E-01 0.3653114E-01 0.3930290E-01 0.4019012E-01 0.3933537E-01 0.3689576E-01 0.3297541E-01 0.2755178E-01 0.1994453E-01 0.1027434E-01 0.1027434E-01 -9999.000 -9999.000 -9999.000 -9999.000 -9999.000 -9999.000 -9999.000 -9999.000 -9999.000 -9999.000 -9999.000 -9999.000 -9999.000 -9999.000 -9999.000 -9999.000 -9999.000 -9999.000 -9999.000 -9999.000 -9999.000 -9999.000 -9999.000 -9999.000 -9999.000 -9999.000 -9999.000
-9999.000 -9999.000 -9999.000 -9999.000 -9999.000 -9999.000 -9999.000 -9999.000 -9999.000 -9999.000 -9999.000 -9999.000 -9999.000 -9999.000 -9999.000 0.7123923E-03 0.3878350E-02 0.1056210E-01 0.1873221E-01 0.2679747E-01 0.3345651E-01 0.3827900E-01 0.4116569E-01 0.4212877E-01 0.4132007E-01 0.3889845E-01 0.3496188E-01 0.2947153E-01 0.2165937E-01 0.1130940E-01 0.1130940E-01 -9999.000 -9999.000 -9999.000 -9999.000 -9999.000 -9999.000 -9999.000 -9999.000 -9999.000 -9999.000 -9999.000 -9999.000 -9999.000 -9999.000 -9999.000 -9999.000 -9999.000 -9999.000 -9999.000 -9999.000 -9999.000 -9999.000 -9999.000 -9999.000 -9999.000 -9999.000 -9999.000
-9999.000 -9999.000 -9999.000 -9999.000 -9999.000 -9999.000 -9999.000 -9999.000 -9999.000 -9999.000 -9999.000 -9999.000 -9999.000 -9999.000 -9999.000 0.9586483E-03 0.4435500E-02 0.1149137E-01 0.2001552E-01 0.2837841E-01 0.3526186E-01 0.4025507E-01 0.4327076E-01 0.4432528E-01 0.4358263E-01 0.4120310E-01 0.3727676E-01 0.3174542E-01 0.2373449E-01 0.1257913E-01 0.1257913E-01 -9999.000 -9999.000 -9999.000 -9999.000 -9999.000 -9999.000 -9999.000 -9999.000 -9999.000 -9999.000 -9999.000 -9999.000 -9999.000 -9999.000 -9999.000 -9999.000 -9999.000 -9999.000 -9999.000 -9999.000 -9999.000 -9999.000 -9999.000 -9999.000 -9999.000 -9999.000 -9999.000
-9999.000 -9999.000 -9999.000 -9999.000 -9999.000 -9999.000 -9999.000 -9999.000 -9999.000 -9999.000 -9999.000 -9999.000 -9999.000 -9999.000 -9999.000 0.1265081E-02 0.5113127E-02 0.1259521E-01 0.2151637E-01 0.3020766E-01 0.3733640E-01 0.4251862E-01 0.4568297E-01 0.4685113E-01 0.4620206E-01 0.4389726E-01 0.4001790E-01 0.3448183E-01 0.2628630E-01 0.1416168E-01 0.1416168E-01 -9999.000 -9999.000 -9999.000 -9999.000 -9999.000 -9999.000 -9999.000 -9999.000 -9999.000 -9999.000 -9999.000 -9999.000 -9999.000 -9999.000 -9999.000 -9999.000 -9999.000 -9999.000 -9999.000 -9999.000 -9999.000 -9999.000 -9999.000 -9999.000 -9999.000 -9999.000 -9999.000
-9999.000 -9999.000 -9999.000 -9999.000 -9999.000 -9999.000 -9999.000 -9999.000 -9999.000 -9999.000 -9999.000 -9999.000 -9999.000 -9999.000 -9999.000 0.1648859E-02 0.5946612E-02 0.1392751E-01 0.2330654E-01 0.3236252E-01 0.3976330E-01 0.4515921E-01 0.4849809E-01 0.4980940E-01 0.4929094E-01 0.4710570E-01 0.4332422E-01 0.3783570E-01 0.2948212E-01 0.1617036E-01 0.1617036E-01 -9999.000 -9999.000 -9999.000 -9999.000 -9999.000 -9999.000 -9999.000 -9999.000 -9999.000 -9999.000 -9999.000 -9999.000 -9999.000 -9999.000 -9999.000 -9999.000 -9999.000 -9999.000 -9999.000 -9999.000 -9999.000 -9999.000 -9999.000 -9999.000 -9999.000 -9999.000 -9999.000
-9999.000 -9999.000 -9999.000 -9999.000 -9999.000 -9999.000 -9999.000 -9999.000 -9999.000 -9999.000 -9999.000 -9999.000 -9999.000 -9999.000 -9999.000 0.2185432E-02 0.7096312E-02 0.1574476E-01 0.2570659E-01 0.3516773E-01 0.4284553E-01 0.4846031E-01 0.5198226E-01 0.5345275E-01 0.5309388E-01 0.5107116E-01 0.4744283E-01 0.4206477E-01 0.3358948E-01 0.1878206E-01 0.1878206E-01 -9999.000 -9999.000 -9999.000 -9999.000 -9999.000 -9999.000 -9999.000 -9999.000 -9999.000 -9999.000 -9999.000 -9999.000 -9999.000 -9999.000 -9999.000 -9999.000 -9999.000 -9999.000 -9999.000 -9999.000 -9999.000 -9999.000 -9999.000 -9999.000 -9999.000 -9999.000 -9999.000
-9999.000 -9999.000 -9999.000 -9999.000 -9999.000 -9999.000 -9999.000 -9999.000 -9999.000 -9999.000 -9999.000 -9999.000 -9999.000 -9999.000 -9999.000 0.4820454E-02 0.1271647E-01 0.2466366E-01 0.3608271E-01 0.4520657E-01 0.5229454E-01 0.5730207E-01 0.6022883E-01 0.6116188E-01 0.6036907E-01 0.5801673E-01 0.5414113E-01 0.4854607E-01 0.3963393E-01 0.2256793E-01 0.2256793E-01 -9999.000 -9999.000 -9999.000 -9999.000 -9999.000 -9999.000 -9999.000 -9999.000 -9999.000 -9999.000 -9999.000 -9999.000 -9999.000 -9999.000 -9999.000 -9999.000 -9999.000 -9999.000 -9999.000 -9999.000 -9999.000 -9999.000 -9999.000 -9999.000 -9999.000 -9999.000 -9999.000
-9999.000 -9999.000 -9999.000 -9999.000 -9999.000 -9999.000 -9999.000 -9999.000 -9999.000 -9999.000 -9999.000 -9999.000 -9999.000 -9999.000 -9999.000 0.1144502 0.1761703 0.2079842 0.2009127 0.1700893 0.1468233 0.1267883 0.1096649 0.9513437E-01 0.8285602E-01 0.7218844E-01 0.6255046E-01 0.5314315E-01 0.4171421E-01 0.1999113E-01 0.1999113E-01 -9999.000 -9999.000 -9999.000 -9999.000 -9999.000 -9999.000 -9999.000 -9999.000 -9999.000 -9999.000 -9999.000 -9999.000 -9999.000 -9999.000 -9999.000 -9999.000 -9999.000 -9999.000 -9999.000 -9999.000 -9999.000 -9999.000 -9999.000 -9999.000 -9999.000 -9999.000 -9999.000
2.911534 2.911534 2.924052 2.929760 2.949282 2.949282 2.951849 2.951243 2.951243 2.947133 2.947133 2.940616 2.936699 2.932438 2.928246 2.928246 3.097514 3.102601 3.104006 3.103178 3.072920 3.018247 2.939631 2.836166 2.707869 2.559952 2.394197 2.218858 2.057143 1.978863 1.978863 2.821067 3.003258 3.114236 3.142979 3.142979 3.184331 3.184331 3.180892 3.180892 3.144950 2.984408 2.984408 2.685527 2.685527 2.246885 2.246885 2.246885 2.207583 2.207583 2.229434 2.229434 2.275038 2.275038 2.325552 2.325552 2.372392 2.372392
2.935143 2.935143 2.956501 2.985153 3.012175 3.012175 3.026919 3.049625 3.049625 3.068381 3.068381 3.084527 3.091871 3.098825 3.105768 3.105768 3.230500 3.251468 3.267962 3.282351 3.289202 3.288898 3.279820 3.258960 3.223121 3.170865 3.100089 3.011152 2.910159 2.822895 2.822895 3.268668 3.430823 3.589511 3.633538 3.633538 3.686622 3.686622 3.696595 3.696595 3.681026 3.591192 3.591192 3.414082 3.414082 3.092419 3.092419 3.092419 3.047663 3.047663 3.071326 3.071326 3.119472 3.119472 3.172479 3.172479 3.222149 3.222149
2.940015 2.940015 2.958932 2.987038 3.011891 3.011891 3.027319 3.050914 3.050914 3.070316 3.070316 3.087186 3.094928 3.102310 3.109747 3.109747 3.220145 3.254543 3.283554 3.308901 3.328547 3.342633 3.351080 3.352988 3.346854 3.331556 3.305285 3.266998 3.219046 3.177216 3.177216 3.426189 3.583652 3.768906 3.824174 3.824174 3.885371 3.885371 3.884843 3.884843 3.860233 3.764402 3.764402 3.628781 3.628781 3.380938 3.380938 3.380938 3.323476 3.323476 3.333336 3.333336 3.372170 3.372170 3.418853 3.418853 3.463986 3.463986
2.943006 2.943006 2.961102 2.987617 3.010961 3.010961 3.026821 3.050888 3.050888 3.070338 3.070338 3.087203 3.094949 3.102340 3.109867 3.109867 3.210766 3.256035 3.296536 3.332215 3.361663 3.384588 3.401082 3.411098 3.414326 3.410662 3.399627 3.380907 3.356041 3.335179 3.335179 3.485098 3.623175 3.816271 3.878134 3.878134 3.939397 3.939397 3.917239 3.917239 3.879373 3.782142 3.782142 3.689170 3.689170 3.515321 3.515321 3.515321 3.452223 3.452223 3.447200 3.447200 3.475521 3.475521 3.516176 3.516176 3.557680 3.557680
2.944143 2.944143 2.960315 2.987497 3.010007 3.010007 3.026292 3.050844 3.050844 3.070338 3.070338 3.087186 3.094927 3.102317 3.109968 3.109968 3.206424 3.260670 3.311327 3.356583 3.395038 3.426084 3.449633 3.465744 3.474467 3.476061 3.470744 3.458897 3.442088 3.427522 3.427522 3.517754 3.629990 3.813085 3.872725 3.872725 3.913749 3.913749 3.859627 3.859627 3.814209 3.738737 3.738737 3.694435 3.694435 3.592938 3.592938 3.592938 3.533987 3.533987 3.515692 3.515692 3.531100 3.531100 3.563467 3.563467 3.599894 3.599894
2.940701 2.940701 2.965013 2.987171 3.009254 3.009254 3.025891 3.050853 3.050853 3.070390 3.070390 3.087223 3.094962 3.102351 3.110186 3.110186 3.208233 3.270407 3.329890 3.383641 3.430082 3.468453 3.498515 3.520282 3.533865 3.539556 3.537755 3.529068 3.514977 3.500760 3.500760 3.551111 3.634675 3.788817 3.832728 3.832728 3.826174 3.826174 3.744201 3.744201 3.708351 3.678140 3.678140 3.680083 3.680083 3.641248 3.641248 3.641248 3.595484 3.595484 3.569453 3.569453 3.571636 3.571636 3.593396 3.593396 3.622535 3.622535
2.940294 2.940294 2.967361 2.986933 3.008776 3.008776 3.025622 3.050847 3.050847 3.070410 3.070410 3.087233 3.094969 3.102357 3.110450 3.110450 3.216921 3.286674 3.353876 3.414881 3.468045 3.512603 3.548287 3.575080 3.593093 3.602571 3.603884 3.597607 3.584951 3.569628 3.569628 3.592522 3.647010 3.748897 3.757201 3.757201 3.684253 3.684253 3.610338 3.610338 3.601057 3.622538 3.622538 3.660351 3.660351 3.670576 3.670576 3.670576 3.643520 3.643520 3.617128 3.617128 3.608696 3.608696 3.618719 3.618719 3.638442 3.638442
2.940159 2.940159 2.968138 2.986858 3.008617 3.008617 3.025532 3.050845 3.050845 3.070417 3.070417 3.087236 3.094971 3.102358 3.110814 3.110814 3.233533 3.311042 3.385052 3.451984 3.510391 3.559692 3.599720 3.630512 3.652200 3.664984 3.669160 3.665170 3.653875 3.637544 3.637544 3.641073 3.666077 3.680172 3.629992 3.629992 3.509301 3.509301 3.489670 3.489670 3.511682 3.575026 3.575026 3.637481 3.637481 3.684559 3.684559 3.684559 3.677952 3.677952 3.657888 3.657888 3.643605 3.643605 3.642558 3.642558 3.651485 3.651485
2.940293 2.940293 2.967360 2.986933 3.008777 3.008777 3.025622 3.050847 3.050847 3.070410 3.070410 3.087233 3.094969 3.102356 3.111311 3.111311 3.259548 3.345264 3.425234 3.496644 3.558594 3.610896 3.653647 3.687035 3.711263 3.726533 3.733068 3.731160 3.721264 3.703984 3.703984 3.691812 3.681956 3.554101 3.440632 3.440632 3.341724 3.341724 3.397775 3.397775 3.443303 3.533490 3.533490 3.612188 3.612188 3.686616 3.686616 3.686616 3.699266 3.699266 3.689868 3.689868 3.674619 3.674619 3.664775 3.664775 3.662548 3.662548
2.940701 2.940701 2.965013 2.987172 3.009255 3.009255 3.025891 3.050854 3.050854 3.070390 3.070390 3.087224 3.094963 3.102351 3.111993 3.111993 3.297185 3.391523 3.476410 3.550553 3.614024 3.667269 3.710790 3.745028 3.770324 3.786914 3.794981 3.794674 3.785877 3.766278 3.766278 3.734438 3.669256 3.349046 3.215690 3.215690 3.216080 3.216080 3.331105 3.331105 3.389499 3.494903 3.494903 3.584525 3.584525 3.679100 3.679100 3.679100 3.708152 3.708152 3.711020 3.711020 3.698931 3.698931 3.683426 3.683426 3.670774 3.670774
2.944143 2.944143 2.960314 2.987497 3.010007 3.010007 3.026293 3.050844 3.050844 3.070338 3.070338 3.087186 3.094927 3.102316 3.112904 3.112904 3.349803 3.452636 3.540781 3.615339 3.677806 3.729514 3.771509 3.804550 3.829149 3.845617 3.854114 3.854616 3.845782 3.817527 3.817527 3.743283 3.575586 3.093361 3.019969 3.019969 3.132822 3.132822 3.276171 3.276171 3.340532 3.454756 3.454756 3.552186 3.552186 3.661533 3.661533 3.661533 3.703606 3.703606 3.718176 3.718176 3.711681 3.711681 3.693649 3.693649 3.672245 3.672245
