simulation_files/asc/Velocity__x_196.0.asc
NCOLS        79
NROWS        79
XLLCENTER         -1.500000
YLLCENTER         -4.800000
CELLSIZE           0.100
NODATA_VALUE     -9999.0
[rows 0 to 25 of 79, columns 0 to 57 of 79]
-9999.000 -9999.000 -9999.000 -9999.000 -9999.000 -9999.000 -9999.000 -9999.000 -9999.000 -9999.000 -9999.000 -9999.000 -9999.000 -9999.000 -9999.000 -0.2318685E-02 -0.2761406E-02 -0.1018760E-03 0.4447124E-02 0.9627616E-02 0.1419728E-01 0.1756416E-01 0.1961721E-01 0.2040194E-01 0.2007154E-01 0.1881412E-01 0.1674504E-01 0.1385399E-01 0.9650586E-02 0.4712298E-02 0.4712298E-02 -9999.000 -9999.000 -9999.000 -9999.000 -9999.000 -9999.000 -9999.000 -9999.000 -9999.000 -9999.000 -9999.000 -9999.000 -9999.000 -9999.000 -9999.000 -9999.000 -9999.000 -9999.000 -9999.000 -9999.000 -9999.000 -9999.000 -9999.000 -9999.000 -9999.000 -9999.000 -9999.000
-9999.000 -9999.000 -9999.000 -9999.000 -9999.000 -9999.000 -9999.000 -9999.000 -9999.000 -9999.000 -9999.000 -9999.000 -9999.000 -9999.000 -9999.000 -0.1140082E-02 -0.4340876E-03 0.3204915E-02 0.8584806E-02 0.1449938E-01 0.1972997E-01 0.2363696E-01 0.2603241E-01 0.2689954E-01 0.2634718E-01 0.2453973E-01 0.2159747E-01 0.1754896E-01 0.1202450E-01 0.5858762E-02 0.5858762E-02 -9999.000 -9999.000 -9999.000 -9999.000 -9999.000 -9999.000 -9999.000 -9999.000 -9999.000 -9999.000 -9999.000 -9999.000 -9999.000 -9999.000 -9999.000 -9999.000 -9999.000 -9999.000 -9999.000 -9999.000 -9999.000 -9999.000 -9999.000 -9999.000 -9999.000 -9999.000 -9999.000
-9999.000 -9999.000 -9999.000 -9999.000 -9999.000 -9999.000 -9999.000 -9999.000 -9999.000 -9999.000 -9999.000 -9999.000 -9999.000 -9999.000 -9999.000 -0.7606676E-03 0.4164815E-03 0.4633066E-02 0.1057720E-01 0.1700358E-01 0.2265301E-01 0.2685823E-01 0.2941727E-01 0.3030463E-01 0.2962771E-01 0.2755583E-01 0.2421898E-01 0.1965881E-01 0.1350814E-01 0.6620037E-02 0.6620037E-02 -9999.000 -9999.000 -9999.000 -9999.000 -9999.000 -9999.000 -9999.000 -9999.000 -9999.000 -9999.000 -9999.000 -9999.000 -9999.000 -9999.000 -9999.000 -9999.000 -9999.000 -9999.000 -9999.000 -9999.000 -9999.000 -9999.000 -9999.000 -9999.000 -9999.000 -9999.000 -9999.000
-9999.000 -9999.000 -9999.000 -9999.000 -9999.000 -9999.000 -9999.000 -9999.000 -9999.000 -9999.000 -9999.000 -9999.000 -9999.000 -9999.000 -9999.000 -0.6064778E-03 0.8095732E-03 0.5372326E-02 0.1168354E-01 0.1846044E-01 0.2440374E-01 0.2882354E-01 0.3151091E-01 0.3243729E-01 0.3171243E-01 0.2951183E-01 0.2596972E-01 0.2113069E-01 0.1460958E-01 0.7212452E-02 0.7212452E-02 -9999.000 -9999.000 -9999.000 -9999.000 -9999.000 -9999.000 -9999.000 -9999.000 -9999.000 -9999.000 -9999.000 -9999.000 -9999.000 -9999.000 -9999.000 -9999.000 -9999.000 -9999.000 -9999.000 -9999.000 -9999.000 -9999.000 -9999.000 -9999.000 -9999.000 -9999.000 -9999.000
-9999.000 -9999.000 -9999.000 -9999.000 -9999.000 -9999.000 -9999.000 -9999.000 -9999.000 -9999.000 -9999.000 -9999.000 -9999.000 -9999.000 -9999.000 -0.5323104E-03 0.1037177E-02 0.5856459E-02 0.1245422E-01 0.1951372E-01 0.2569862E-01 0.3029922E-01 0.3310349E-01 0.3408113E-01 0.3334592E-01 0.3107841E-01 0.2741436E-01 0.2239676E-01 0.1561123E-01 0.7772587E-02 0.7772587E-02 -9999.000 -9999.000 -9999.000 -9999.000 -9999.000 -9999.000 -9999.000 -9999.000 -9999.000 -9999.000 -9999.000 -9999.000 -9999.000 -9999.000 -9999.000 -9999.000 -9999.000 -9999.000 -9999.000 -9999.000 -9999.000 -9999.000 -9999.000 -9999.000 -9999.000 -9999.000 -9999.000
-9999.000 -9999.000 -9999.000 -9999.000 -9999.000 -9999.000 -9999.000 -9999.000 -9999.000 -9999.000 -9999.000 -9999.000 -9999.000 -9999.000 -9999.000 -0.4798624E-03 0.1220067E-02 0.6270332E-02 0.1313020E-01 0.2045099E-01 0.2686009E-01 0.3163014E-01 0.3454864E-01 0.3558549E-01 0.3485881E-01 0.3255479E-01 0.2880856E-01 0.2365854E-01 0.1665167E-01 0.8370182E-02 0.8370182E-02 -9999.000 -9999.000 -9999.000 -9999.000 -9999.000 -9999.000 -9999.000 -9999.000 -9999.000 -9999.000 -9999.000 -9999.000 -9999.000 -9999.000 -9999.000 -9999.000 -9999.000 -9999.000 -9999.000 -9999.000 -9999.000 -9999.000 -9999.000 -9999.000 -9999.000 -9999.000 -9999.000
-9999.000 -9999.000 -9999.000 -9999.000 -9999.000 -9999.000 -9999.000 -9999.000 -9999.000 -9999.000 -9999.000 -9999.000 -9999.000 -9999.000 -9999.000 -0.4225917E-03 0.1413266E-02 0.6698241E-02 0.1382152E-01 0.2140337E-01 0.2803558E-01 0.3297473E-01 0.3601031E-01 0.3711282E-01 0.3640706E-01 0.3408468E-01 0.3027925E-01 0.2502155E-01 0.1781037E-01 0.9049097E-02 0.9049097E-02 -9999.000 -9999.000 -9999.000 -9999.000 -9999.000 -9999.000 -9999.000 -9999.000 -9999.000 -9999.000 -9999.000 -9999.000 -9999.000 -9999.000 -9999.000 -9999.000 -9999.000 -9999.000 -9999.000 -9999.000 -9999.000 -9999.000 -9999.000 -9999.000 -9999.000 -9999.000 -9999.000
-9999.000 -9999.000 -9999.000 -9999.000 -9999.000 -9999.000 -9999.000 -9999.000 -9999.000 -9999.000 -9999.000 -9999.000 -9999.000 -9999.000 -9999.000 -0.3467398E-03 0.1644744E-02 0.7182833E-02 0.1458381E-01 0.2243735E-01 0.2929974E-01 0.3441318E-01 0.3757199E-01 0.3874839E-01 0.3807488E-01 0.3574969E-01 0.3190288E-01 0.2655520E-01 0.1914683E-01 0.9845245E-02 0.9845245E-02 -9999.000 -9999.000 -9999.000 -9999.000 -9999.000 -9999.000 -9999.000 -9999.000 -9999.000 -9999.000 -9999.000 -9999.000 -9999.000 -9999.000 -9999.000 -9999.000 -9999.000 -9999.000 -9999.000 -9999.000 -9999.000 -9999.000 -9999.000 -9999.000 -9999.000 -9999.000 -9999.000
-9999.000 -9999.000 -9999.000 -9999.000 -9999.000 -9999.000 -9999.000 -9999.000 -9999.000 -9999.000 -9999.000 -9999.000 -9999.000 -9999.000 -9999.000 -0.2427305E-03 0.1933703E-02 0.7752508E-02 0.1545347E-01 0.2359631E-01 0.3070133E-01 0.3599838E-01 0.3928972E-01 0.4055048E-01 0.3992250E-01 0.3761079E-01 0.3374102E-01 0.2832175E-01 0.2072161E-01 0.1079690E-01 0.1079690E-01 -9999.000 -9999.000 -9999.000 -9999.000 -9999.000 -9999.000 -9999.000 -9999.000 -9999.000 -9999.000 -9999.000 -9999.000 -9999.000 -9999.000 -9999.000 -9999.000 -9999.000 -9999.000 -9999.000 -9999.000 -9999.000 -9999.000 -9999.000 -9999.000 -9999.000 -9999.000 -9999.000
-9999.000 -9999.000 -9999.000 -9999.000 -9999.000 -9999.000 -9999.000 -9999.000 -9999.000 -9999.000 -9999.000 -9999.000 -9999.000 -9999.000 -9999.000 -0.1020597E-03 0.2297199E-02 0.8432434E-02 0.1646300E-01 0.2491853E-01 0.3228348E-01 0.3777733E-01 0.4121404E-01 0.4257262E-01 0.4200680E-01 0.3972992E-01 0.3586044E-01 0.3039224E-01 0.2260822E-01 0.1195313E-01 0.1195313E-01 -9999.000 -9999.000 -9999.000 -9999.000 -9999.000 -9999.000 -9999.000 -9999.000 -9999.000 -9999.000 -9999.000 -9999.000 -9999.000 -9999.000 -9999.000 -9999.000 -9999.000 -9999.000 -9999.000 -9999.000 -9999.000 -9999.000 -9999.000 -9999.000 -9999.000 -9999.000 -9999.000
-9999.000 -9999.000 -9999.000 -9999.000 -9999.000 -9999.000 -9999.000 -9999.000 -9999.000 -9999.000 -9999.000 -9999.000 -9999.000 -9999.000 -9999.000 0.8469796E-04 0.2754485E-02 0.9251224E-02 0.1764967E-01 0.2644867E-01 0.3409625E-01 0.3980455E-01 0.4340370E-01 0.4487875E-01 0.4439763E-01 0.4218278E-01 0.3834495E-01 0.3285902E-01 0.2490554E-01 0.1338036E-01 0.1338036E-01 -9999.000 -9999.000 -9999.000 -9999.000 -9999.000 -9999.000 -9999.000 -9999.000 -9999.000 -9999.000 -9999.000 -9999.000 -9999.000 -9999.000 -9999.000 -9999.000 -9999.000 -9999.000 -9999.000 -9999.000 -9999.000 -9999.000 -9999.000 -9999.000 -9999.000 -9999.000 -9999.000
-9999.000 -9999.000 -9999.000 -9999.000 -9999.000 -9999.000 -9999.000 -9999.000 -9999.000 -9999.000 -9999.000 -9999.000 -9999.000 -9999.000 -9999.000 0.3358169E-03 0.3343736E-02 0.1026845E-01 0.1909446E-01 0.2827739E-01 0.3623187E-01 0.4217399E-01 0.4595526E-01 0.4756828E-01 0.4719928E-01 0.4508184E-01 0.4131605E-01 0.3585530E-01 0.2775589E-01 0.1517468E-01 0.1517468E-01 -9999.000 -9999.000 -9999.000 -9999.000 -9999.000 -9999.000 -9999.000 -9999.000 -9999.000 -9999.000 -9999.000 -9999.000 -9999.000 -9999.000 -9999.000 -9999.000 -9999.000 -9999.000 -9999.000 -9999.000 -9999.000 -9999.000 -9999.000 -9999.000 -9999.000 -9999.000 -9999.000
-9999.000 -9999.000 -9999.000 -9999.000 -9999.000 -9999.000 -9999.000 -9999.000 -9999.000 -9999.000 -9999.000 -9999.000 -9999.000 -9999.000 -9999.000 0.7542730E-03 0.4287711E-02 0.1184128E-01 0.2127199E-01 0.3089870E-01 0.3913233E-01 0.4528446E-01 0.4922502E-01 0.5096030E-01 0.5070091E-01 0.4869369E-01 0.4502656E-01 0.3962661E-01 0.3139981E-01 0.1749109E-01 0.1749109E-01 -9999.000 -9999.000 -9999.000 -9999.000 -9999.000 -9999.000 -9999.000 -9999.000 -9999.000 -9999.000 -9999.000 -9999.000 -9999.000 -9999.000 -9999.000 -9999.000 -9999.000 -9999.000 -9999.000 -9999.000 -9999.000 -9999.000 -9999.000 -9999.000 -9999.000 -9999.000 -9999.000
-9999.000 -9999.000 -9999.000 -9999.000 -9999.000 -9999.000 -9999.000 -9999.000 -9999.000 -9999.000 -9999.000 -9999.000 -9999.000 -9999.000 -9999.000 0.3901090E-02 0.1106458E-01 0.2293401E-01 0.3466946E-01 0.4415250E-01 0.5123670E-01 0.5631926E-01 0.5920216E-01 0.5995594E-01 0.5884631E-01 0.5613612E-01 0.5188432E-01 0.4596694E-01 0.3708210E-01 0.2098120E-01 0.2098120E-01 -9999.000 -9999.000 -9999.000 -9999.000 -9999.000 -9999.000 -9999.000 -9999.000 -9999.000 -9999.000 -9999.000 -9999.000 -9999.000 -9999.000 -9999.000 -9999.000 -9999.000 -9999.000 -9999.000 -9999.000 -9999.000 -9999.000 -9999.000 -9999.000 -9999.000 -9999.000 -9999.000
-9999.000 -9999.000 -9999.000 -9999.000 -9999.000 -9999.000 -9999.000 -9999.000 -9999.000 -9999.000 -9999.000 -9999.000 -9999.000 -9999.000 -9999.000 0.1279207 0.1995947 0.2407372 0.2391154 0.2079884 0.1744936 0.1474019 0.1243700 0.1049887 0.8885966E-01 0.7522193E-01 0.6327908E-01 0.5215732E-01 0.3979385E-01 0.1873695E-01 0.1873695E-01 -9999.000 -9999.000 -9999.000 -9999.000 -9999.000 -9999.000 -9999.000 -9999.000 -9999.000 -9999.000 -9999.000 -9999.000 -9999.000 -9999.000 -9999.000 -9999.000 -9999.000 -9999.000 -9999.000 -9999.000 -9999.000 -9999.000 -9999.000 -9999.000 -9999.000 -9999.000 -9999.000
2.917841 2.917841 2.885013 2.951149 2.956851 2.956851 2.959270 2.959579 2.959579 2.956201 2.956201 2.950396 2.946835 2.942927 2.938769 2.938769 3.104510 3.109386 3.110300 3.109297 3.088679 3.040765 2.968601 2.872541 2.750214 2.607234 2.445905 2.272719 2.108647 2.020761 2.020761 2.827160 3.005954 3.119574 3.149906 3.149906 3.195620 3.195620 3.202979 3.202979 3.176610 3.039944 3.039944 2.772000 2.772000 2.303565 2.303565 2.303565 2.242570 2.242570 2.252146 2.252146 2.291837 2.291837 2.339598 2.339598 2.385476 2.385476
2.942234 2.942234 2.912441 3.002736 3.020487 3.020487 3.034656 3.058120 3.058120 3.077672 3.077672 3.094619 3.102365 3.109715 3.116761 3.116761 3.234871 3.255013 3.270550 3.284335 3.292688 3.293854 3.286836 3.269250 3.237295 3.189474 3.123809 3.039927 2.942878 2.856580 2.856580 3.266961 3.426539 3.583980 3.628288 3.628288 3.683699 3.683699 3.699902 3.699902 3.688879 3.614313 3.614313 3.457300 3.457300 3.135180 3.135180 3.135180 3.065970 3.065970 3.076726 3.076726 3.118809 3.118809 3.169250 3.169250 3.218010 3.218010
2.948168 2.948168 2.913735 3.002729 3.020883 3.020883 3.035430 3.059492 3.059492 3.079654 3.079654 3.097320 3.105466 3.113245 3.120749 3.120749 3.222886 3.255973 3.283966 3.308617 3.328721 3.343462 3.352737 3.356010 3.351644 3.338552 3.315138 3.280113 3.235145 3.194435 3.194435 3.421644 3.573689 3.755806 3.811128 3.811128 3.875402 3.875402 3.882335 3.882335 3.862916 3.776945 3.776945 3.650251 3.650251 3.409957 3.409957 3.409957 3.333938 3.333938 3.330654 3.330654 3.362958 3.362958 3.406906 3.406906 3.451179 3.451179
2.952437 2.952437 2.915581 3.002363 3.020627 3.020627 3.035356 3.059541 3.059541 3.079700 3.079700 3.097364 3.105515 3.113303 3.120830 3.120830 3.212112 3.255464 3.294832 3.329911 3.359616 3.383178 3.400473 3.411534 3.415972 3.413654 3.404242 3.387370 3.364194 3.343721 3.343721 3.479229 3.610759 3.799560 3.861689 3.861689 3.928168 3.928168 3.915348 3.915348 3.882013 3.787291 3.787291 3.695261 3.695261 3.532704 3.532704 3.532704 3.459218 3.459218 3.442270 3.442270 3.463168 3.463168 3.500333 3.500333 3.540648 3.540648
2.955065 2.955065 2.918119 3.001999 3.020345 3.020345 3.035255 3.059569 3.059569 3.079716 3.079716 3.097365 3.105514 3.113299 3.120847 3.120847 3.206511 3.258251 3.307625 3.352314 3.390930 3.422601 3.447028 3.464231 3.474177 3.477045 3.473071 3.462587 3.446902 3.432376 3.432376 3.512614 3.617968 3.796159 3.856921 3.856921 3.906676 3.906676 3.861339 3.861339 3.816808 3.736053 3.736053 3.688896 3.688896 3.599788 3.599788 3.599788 3.538138 3.538138 3.510944 3.510944 3.518622 3.518622 3.546594 3.546594 3.581252 3.581252
2.956021 2.956021 2.921391 3.001596 3.020064 3.020064 3.035142 3.059566 3.059566 3.079682 3.079682 3.097289 3.105422 3.113193 3.120760 3.120760 3.206938 3.266167 3.324205 3.377370 3.423896 3.462841 3.493800 3.516712 3.531611 3.538703 3.538339 3.531048 3.518089 3.504083 3.504083 3.547640 3.624770 3.774887 3.822073 3.822073 3.827650 3.827650 3.749207 3.749207 3.708664 3.668337 3.668337 3.666861 3.666861 3.639300 3.639300 3.639300 3.596191 3.596191 3.565272 3.565272 3.560715 3.560715 3.577464 3.577464 3.604182 3.604182
2.952462 2.952462 2.926159 3.001209 3.019822 3.019822 3.035039 3.059573 3.059573 3.079708 3.079708 3.097335 3.105480 3.113265 3.120885 3.120885 3.214507 3.281066 3.346696 3.407044 3.460188 3.505204 3.541703 3.569597 3.588935 3.599886 3.602756 3.598032 3.586735 3.572059 3.572059 3.590767 3.640143 3.742074 3.757491 3.757491 3.694704 3.694704 3.610306 3.610306 3.593476 3.605693 3.605693 3.641473 3.641473 3.661105 3.661105 3.661105 3.639503 3.639503 3.612132 3.612132 3.598972 3.598972 3.604103 3.604103 3.620975 3.620975
2.952199 2.952199 2.927530 3.001065 3.019743 3.019743 3.035014 3.059583 3.059583 3.079717 3.079717 3.097340 3.105486 3.113270 3.120953 3.120953 3.229873 3.304141 3.376518 3.442728 3.501014 3.550648 3.591374 3.623175 3.646131 3.660398 3.666203 3.663913 3.654228 3.639054 3.639054 3.640681 3.663032 3.686771 3.647052 3.647052 3.522580 3.522580 3.482558 3.482558 3.497788 3.555008 3.555008 3.616410 3.616410 3.670379 3.670379 3.670379 3.669855 3.669855 3.651731 3.651731 3.635038 3.635038 3.630049 3.630049 3.636053 3.636053
2.952462 2.952462 2.926159 3.001209 3.019821 3.019821 3.035039 3.059573 3.059573 3.079708 3.079708 3.097335 3.105480 3.113265 3.121037 3.121037 3.254577 3.337190 3.415538 3.486169 3.547892 3.600395 3.643702 3.677961 3.703349 3.720035 3.728194 3.728061 3.719975 3.704357 3.704357 3.692600 3.684571 3.581728 3.474527 3.474527 3.348384 3.348384 3.383702 3.383702 3.425099 3.511949 3.511949 3.590010 3.590010 3.669096 3.669096 3.669096 3.687329 3.687329 3.681598 3.681598 3.666402 3.666402 3.654246 3.654246 3.649574 3.649574
2.956020 2.956020 2.921392 3.001595 3.020064 3.020064 3.035141 3.059566 3.059566 3.079683 3.079683 3.097290 3.105422 3.113194 3.121079 3.121079 3.290757 3.382274 3.465625 3.538967 3.602127 3.655449 3.699383 3.734344 3.760655 3.778544 3.788165 3.789629 3.782770 3.765409 3.765409 3.737303 3.682671 3.399307 3.255221 3.255221 3.212032 3.212032 3.313794 3.313794 3.370027 3.473371 3.473371 3.562278 3.562278 3.659683 3.659683 3.659683 3.693336 3.693336 3.700560 3.700560 3.690521 3.690521 3.674671 3.674671 3.660572 3.660572
2.955065 2.955065 2.918121 3.001999 3.020344 3.020344 3.035255 3.059570 3.059570 3.079717 3.079717 3.097365 3.105514 3.113299 3.121376 3.121376 3.342091 3.442483 3.529220 3.602969 3.665045 3.716700 3.758950 3.792536 3.817974 3.835566 3.845472 3.847662 3.840842 3.815888 3.815888 3.752510 3.610009 3.153174 3.048630 3.048630 3.122455 3.122455 3.259027 3.259027 3.321921 3.434253 3.434253 3.530678 3.530678 3.641447 3.641447 3.641447 3.687087 3.687087 3.706027 3.706027 3.702935 3.702935 3.686485 3.686485 3.665001 3.665001
