simulation_files/asc/Velocity__y_65.0.asc
NCOLS        79
NROWS        79
XLLCENTER         -1.500000
YLLCENTER         -4.800000
CELLSIZE           0.100
NODATA_VALUE     -9999.0
[rows 0 to 25 of 79, columns 0 to 58 of 79]
-9999.000 -9999.000 -9999.000 -9999.000 -9999.000 -9999.000 -9999.000 -9999.000 -9999.000 -9999.000 -9999.000 -9999.000 -9999.000 -9999.000 -9999.000 -0.2354002 -0.2342962 -0.2344859 -0.2347791 -0.2350935 -0.2354296 -0.2358015 -0.2362276 -0.2367295 -0.2373352 -0.2380833 -0.2390302 -0.2402595 -0.2417554 -0.2388966 -0.2388966 -9999.000 -9999.000 -9999.000 -9999.000 -9999.000 -9999.000 -9999.000 -9999.000 -9999.000 -9999.000 -9999.000 -9999.000 -9999.000 -9999.000 -9999.000 -9999.000 -9999.000 -9999.000 -9999.000 -9999.000 -9999.000 -9999.000 -9999.000 -9999.000 -9999.000 -9999.000 -9999.000 -9999.000
-9999.000 -9999.000 -9999.000 -9999.000 -9999.000 -9999.000 -9999.000 -9999.000 -9999.000 -9999.000 -9999.000 -9999.000 -9999.000 -9999.000 -9999.000 -0.2320750 -0.2295494 -0.2298817 -0.2304256 -0.2310042 -0.2316183 -0.2323011 -0.2330972 -0.2340601 -0.2352559 -0.2367712 -0.2387244 -0.2412772 -0.2443634 -0.2389408 -0.2389408 -9999.000 -9999.000 -9999.000 -9999.000 -9999.000 -9999.000 -9999.000 -9999.000 -9999.000 -9999.000 -9999.000 -9999.000 -9999.000 -9999.000 -9999.000 -9999.000 -9999.000 -9999.000 -9999.000 -9999.000 -9999.000 -9999.000 -9999.000 -9999.000 -9999.000 -9999.000 -9999.000 -9999.000
-9999.000 -9999.000 -9999.000 -9999.000 -9999.000 -9999.000 -9999.000 -9999.000 -9999.000 -9999.000 -9999.000 -9999.000 -9999.000 -9999.000 -9999.000 -0.2270972 -0.2229210 -0.2234477 -0.2243759 -0.2254030 -0.2265248 -0.2277962 -0.2292942 -0.2311122 -0.2333613 -0.2361775 -0.2397336 -0.2442439 -0.2495070 -0.2415670 -0.2415670 -9999.000 -9999.000 -9999.000 -9999.000 -9999.000 -9999.000 -9999.000 -9999.000 -9999.000 -9999.000 -9999.000 -9999.000 -9999.000 -9999.000 -9999.000 -9999.000 -9999.000 -9999.000 -9999.000 -9999.000 -9999.000 -9999.000 -9999.000 -9999.000 -9999.000 -9999.000 -9999.000 -9999.000
-9999.000 -9999.000 -9999.000 -9999.000 -9999.000 -9999.000 -9999.000 -9999.000 -9999.000 -9999.000 -9999.000 -9999.000 -9999.000 -9999.000 -9999.000 -0.2209751 -0.2151450 -0.2159282 -0.2173397 -0.2189444 -0.2207340 -0.2227867 -0.2252140 -0.2281494 -0.2317492 -0.2361980 -0.2417213 -0.2485875 -0.2564527 -0.2464971 -0.2464971 -9999.000 -9999.000 -9999.000 -9999.000 -9999.000 -9999.000 -9999.000 -9999.000 -9999.000 -9999.000 -9999.000 -9999.000 -9999.000 -9999.000 -9999.000 -9999.000 -9999.000 -9999.000 -9999.000 -9999.000 -9999.000 -9999.000 -9999.000 -9999.000 -9999.000 -9999.000 -9999.000 -9999.000
-9999.000 -9999.000 -9999.000 -9999.000 -9999.000 -9999.000 -9999.000 -9999.000 -9999.000 -9999.000 -9999.000 -9999.000 -9999.000 -9999.000 -9999.000 -0.2137543 -0.2063276 -0.2074284 -0.2094117 -0.2117054 -0.2142981 -0.2172938 -0.2208423 -0.2251209 -0.2303349 -0.2367229 -0.2445702 -0.2542096 -0.2651580 -0.2537651 -0.2537651 -9999.000 -9999.000 -9999.000 -9999.000 -9999.000 -9999.000 -9999.000 -9999.000 -9999.000 -9999.000 -9999.000 -9999.000 -9999.000 -9999.000 -9999.000 -9999.000 -9999.000 -9999.000 -9999.000 -9999.000 -9999.000 -9999.000 -9999.000 -9999.000 -9999.000 -9999.000 -9999.000 -9999.000
-9999.000 -9999.000 -9999.000 -9999.000 -9999.000 -9999.000 -9999.000 -9999.000 -9999.000 -9999.000 -9999.000 -9999.000 -9999.000 -9999.000 -9999.000 -0.2054249 -0.1965326 -0.1980115 -0.2006421 -0.2037171 -0.2072250 -0.2113001 -0.2161353 -0.2219590 -0.2290340 -0.2376633 -0.2482065 -0.2610801 -0.2756778 -0.2635443 -0.2635443 -9999.000 -9999.000 -9999.000 -9999.000 -9999.000 -9999.000 -9999.000 -9999.000 -9999.000 -9999.000 -9999.000 -9999.000 -9999.000 -9999.000 -9999.000 -9999.000 -9999.000 -9999.000 -9999.000 -9999.000 -9999.000 -9999.000 -9999.000 -9999.000 -9999.000 -9999.000 -9999.000 -9999.000
-9999.000 -9999.000 -9999.000 -9999.000 -9999.000 -9999.000 -9999.000 -9999.000 -9999.000 -9999.000 -9999.000 -9999.000 -9999.000 -9999.000 -9999.000 -0.1959226 -0.1857858 -0.1877054 -0.1910464 -0.1949769 -0.1994912 -0.2047599 -0.2110270 -0.2185823 -0.2277583 -0.2389398 -0.2525829 -0.2692181 -0.2881550 -0.2761506 -0.2761506 -9999.000 -9999.000 -9999.000 -9999.000 -9999.000 -9999.000 -9999.000 -9999.000 -9999.000 -9999.000 -9999.000 -9999.000 -9999.000 -9999.000 -9999.000 -9999.000 -9999.000 -9999.000 -9999.000 -9999.000 -9999.000 -9999.000 -9999.000 -9999.000 -9999.000 -9999.000 -9999.000 -9999.000
-9999.000 -9999.000 -9999.000 -9999.000 -9999.000 -9999.000 -9999.000 -9999.000 -9999.000 -9999.000 -9999.000 -9999.000 -9999.000 -9999.000 -9999.000 -0.1851315 -0.1740778 -0.1765056 -0.1806084 -0.1854521 -0.1910444 -0.1976011 -0.2054283 -0.2148903 -0.2264077 -0.2404705 -0.2576651 -0.2786834 -0.3028187 -0.2920716 -0.2920716 -9999.000 -9999.000 -9999.000 -9999.000 -9999.000 -9999.000 -9999.000 -9999.000 -9999.000 -9999.000 -9999.000 -9999.000 -9999.000 -9999.000 -9999.000 -9999.000 -9999.000 -9999.000 -9999.000 -9999.000 -9999.000 -9999.000 -9999.000 -9999.000 -9999.000 -9999.000 -9999.000 -9999.000
-9999.000 -9999.000 -9999.000 -9999.000 -9999.000 -9999.000 -9999.000 -9999.000 -9999.000 -9999.000 -9999.000 -9999.000 -9999.000 -9999.000 -9999.000 -0.1728879 -0.1613656 -0.1643768 -0.1692826 -0.1750799 -0.1818026 -0.1897224 -0.1992210 -0.2107550 -0.2248572 -0.2421566 -0.2634175 -0.2895659 -0.3199953 -0.3120305 -0.3120305 -9999.000 -9999.000 -9999.000 -9999.000 -9999.000 -9999.000 -9999.000 -9999.000 -9999.000 -9999.000 -9999.000 -9999.000 -9999.000 -9999.000 -9999.000 -9999.000 -9999.000 -9999.000 -9999.000 -9999.000 -9999.000 -9999.000 -9999.000 -9999.000 -9999.000 -9999.000 -9999.000 -9999.000
-9999.000 -9999.000 -9999.000 -9999.000 -9999.000 -9999.000 -9999.000 -9999.000 -9999.000 -9999.000 -9999.000 -9999.000 -9999.000 -9999.000 -9999.000 -0.1589846 -0.1475729 -0.1512524 -0.1569904 -0.1637646 -0.1716490 -0.1809853 -0.1922470 -0.2060065 -0.2229400 -0.2438617 -0.2697834 -0.3019742 -0.3401244 -0.3371042 -0.3371042 -9999.000 -9999.000 -9999.000 -9999.000 -9999.000 -9999.000 -9999.000 -9999.000 -9999.000 -9999.000 -9999.000 -9999.000 -9999.000 -9999.000 -9999.000 -9999.000 -9999.000 -9999.000 -9999.000 -9999.000 -9999.000 -9999.000 -9999.000 -9999.000 -9999.000 -9999.000 -9999.000 -9999.000
-9999.000 -9999.000 -9999.000 -9999.000 -9999.000 -9999.000 -9999.000 -9999.000 -9999.000 -9999.000 -9999.000 -9999.000 -9999.000 -9999.000 -9999.000 -0.1431741 -0.1325863 -0.1370282 -0.1436153 -0.1513685 -0.1604210 -0.1711997 -0.1842910 -0.2004106 -0.2204194 -0.2453791 -0.2766499 -0.3160123 -0.3637826 -0.3689424 -0.3689424 -9999.000 -9999.000 -9999.000 -9999.000 -9999.000 -9999.000 -9999.000 -9999.000 -9999.000 -9999.000 -9999.000 -9999.000 -9999.000 -9999.000 -9999.000 -9999.000 -9999.000 -9999.000 -9999.000 -9999.000 -9999.000 -9999.000 -9999.000 -9999.000 -9999.000 -9999.000 -9999.000 -9999.000
-9999.000 -9999.000 -9999.000 -9999.000 -9999.000 -9999.000 -9999.000 -9999.000 -9999.000 -9999.000 -9999.000 -9999.000 -9999.000 -9999.000 -9999.000 -0.1251696 -0.1162474 -0.1215514 -0.1289886 -0.1376978 -0.1478923 -0.1601028 -0.1750522 -0.1936329 -0.2169428 -0.2463762 -0.2837854 -0.3317257 -0.3917022 -0.4101979 -0.4101979 -9999.000 -9999.000 -9999.000 -9999.000 -9999.000 -9999.000 -9999.000 -9999.000 -9999.000 -9999.000 -9999.000 -9999.000 -9999.000 -9999.000 -9999.000 -9999.000 -9999.000 -9999.000 -9999.000 -9999.000 -9999.000 -9999.000 -9999.000 -9999.000 -9999.000 -9999.000 -9999.000 -9999.000
-9999.000 -9999.000 -9999.000 -9999.000 -9999.000 -9999.000 -9999.000 -9999.000 -9999.000 -9999.000 -9999.000 -9999.000 -9999.000 -9999.000 -9999.000 -0.1046390 -0.9833552E-01 -0.1046000 -0.1128663 -0.1224751 -0.1337421 -0.1473209 -0.1640965 -0.1851774 -0.2119617 -0.2462881 -0.2907087 -0.3489666 -0.4247425 -0.4654540 -0.4654540 -9999.000 -9999.000 -9999.000 -9999.000 -9999.000 -9999.000 -9999.000 -9999.000 -9999.000 -9999.000 -9999.000 -9999.000 -9999.000 -9999.000 -9999.000 -9999.000 -9999.000 -9999.000 -9999.000 -9999.000 -9999.000 -9999.000 -9999.000 -9999.000 -9999.000 -9999.000 -9999.000 -9999.000
-9999.000 -9999.000 -9999.000 -9999.000 -9999.000 -9999.000 -9999.000 -9999.000 -9999.000 -9999.000 -9999.000 -9999.000 -9999.000 -9999.000 -9999.000 -0.8111880E-01 -0.7850011E-01 -0.8582276E-01 -0.9487908E-01 -0.1052949 -0.1175092 -0.1323154 -0.1507863 -0.1742863 -0.2045857 -0.2441064 -0.2963886 -0.3670155 -0.4636238 -0.5435277 -0.5435277 -9999.000 -9999.000 -9999.000 -9999.000 -9999.000 -9999.000 -9999.000 -9999.000 -9999.000 -9999.000 -9999.000 -9999.000 -9999.000 -9999.000 -9999.000 -9999.000 -9999.000 -9999.000 -9999.000 -9999.000 -9999.000 -9999.000 -9999.000 -9999.000 -9999.000 -9999.000 -9999.000 -9999.000
-9999.000 -9999.000 -9999.000 -9999.000 -9999.000 -9999.000 -9999.000 -9999.000 -9999.000 -9999.000 -9999.000 -9999.000 -9999.000 -9999.000 -9999.000 -0.4840273E-01 -0.5424058E-01 -0.6391916E-01 -0.7449147E-01 -0.8608513E-01 -0.9935742E-01 -0.1153067 -0.1352454 -0.1608521 -0.1943587 -0.2389462 -0.2995329 -0.3845268 -0.5086340 -0.6637637 -0.6637637 -9999.000 -9999.000 -9999.000 -9999.000 -9999.000 -9999.000 -9999.000 -9999.000 -9999.000 -9999.000 -9999.000 -9999.000 -9999.000 -9999.000 -9999.000 -9999.000 -9999.000 -9999.000 -9999.000 -9999.000 -9999.000 -9999.000 -9999.000 -9999.000 -9999.000 -9999.000 -9999.000 -9999.000
-0.2513785E-02 -0.2513785E-02 -0.3611520E-02 -0.4137301E-02 -0.4190164E-02 -0.4190164E-02 -0.4209310E-02 -0.4223987E-02 -0.4223987E-02 -0.4211085E-02 -0.4211085E-02 -0.1613915E-01 -0.1563294E-01 -0.1740762E-01 -0.2461158E-01 -0.2461158E-01 -0.6212819E-01 -0.7859112E-01 -0.9423717E-01 -0.1093399 -0.1243691 -0.1401780 -0.1581159 -0.1801453 -0.2090255 -0.2486439 -0.3047050 -0.3864409 -0.5099512 -0.7399020 -0.7399020 -0.4906073 -0.3135395 -0.8265489E-01 -0.2431714E-01 -0.2431714E-01 0.2409978E-01 0.2409978E-01 0.3176441E-01 0.3176441E-01 -0.6762126E-02 -0.7852452E-02 -0.7852452E-02 0.5411081E-02 0.5411081E-02 0.1004974E-01 0.1004974E-01 0.1004974E-01 0.8378293E-02 0.8378293E-02 0.6315954E-02 0.6315954E-02 0.5820449E-02 0.5820449E-02 0.3568321E-02 0.3568321E-02 0.2206108E-02 0.2206108E-02 0.2206108E-02
-0.3733622E-02 -0.3733622E-02 -0.5329372E-02 -0.5931124E-02 -0.5958796E-02 -0.5958796E-02 -0.5956680E-02 -0.5955011E-02 -0.5955011E-02 -0.5940559E-02 -0.5940559E-02 -0.2416179E-01 -0.2888935E-01 -0.3300093E-01 -0.4579225E-01 -0.4579225E-01 -0.9840737E-01 -0.1232816 -0.1472884 -0.1699933 -0.1910905 -0.2106435 -0.2292751 -0.2483393 -0.2700838 -0.2978115 -0.3360629 -0.3908524 -0.4688288 -0.5815994 -0.5815994 -0.3958212 -0.2551097 -0.6795523E-01 -0.1119692E-01 -0.1119692E-01 0.5597865E-01 0.5597865E-01 0.8419041E-01 0.8419041E-01 0.3288216E-01 -0.5346951E-02 -0.5346951E-02 0.1455165E-01 0.1455165E-01 0.2205631E-01 0.2205631E-01 0.2205631E-01 0.1808984E-01 0.1808984E-01 0.1370619E-01 0.1370619E-01 0.9194578E-02 0.9194578E-02 0.7461411E-02 0.7461411E-02 0.5186995E-02 0.5186995E-02 0.5186995E-02
-0.2865835E-02 -0.2865835E-02 -0.4407433E-02 -0.5072840E-02 -0.5091685E-02 -0.5091685E-02 -0.5072749E-02 -0.5043066E-02 -0.5043066E-02 -0.5024302E-02 -0.5024302E-02 -0.1942779E-01 -0.3619665E-01 -0.4301405E-01 -0.5790704E-01 -0.5790704E-01 -0.1123894 -0.1425449 -0.1734467 -0.2041433 -0.2337848 -0.2617626 -0.2878489 -0.3123382 -0.3361876 -0.3611504 -0.3898595 -0.4256996 -0.4714543 -0.5266389 -0.5266389 -0.4152547 -0.3099985 -0.1383609 -0.6832329E-01 -0.6832329E-01 0.5143177E-01 0.5143177E-01 0.1349621 0.1349621 0.1210154 0.3167973E-01 0.3167973E-01 0.2866387E-01 0.2866387E-01 0.3205803E-01 0.3205803E-01 0.3205803E-01 0.2668103E-01 0.2668103E-01 0.2008110E-01 0.2008110E-01 0.1105544E-01 0.1105544E-01 0.9468109E-02 0.9468109E-02 0.6752399E-02 0.6752399E-02 0.6752399E-02
-0.2138475E-02 -0.2138475E-02 -0.3457146E-02 -0.4128055E-02 -0.4142793E-02 -0.4142793E-02 -0.4109887E-02 -0.4046124E-02 -0.4046124E-02 -0.4011275E-02 -0.4011275E-02 -0.1461326E-01 -0.4001564E-01 -0.4837791E-01 -0.6409333E-01 -0.6409333E-01 -0.1192446 -0.1523743 -0.1875023 -0.2234987 -0.2593397 -0.2941469 -0.3272586 -0.3583202 -0.3873761 -0.4149408 -0.4419892 -0.4696719 -0.4980874 -0.5235667 -0.5235667 -0.4502338 -0.3670616 -0.2044355 -0.1238420 -0.1238420 0.3502318E-01 0.3502318E-01 0.1599272 0.1599272 0.1801801 0.1001050 0.1001050 0.5218251E-01 0.5218251E-01 0.3841650E-01 0.3841650E-01 0.3841650E-01 0.3094148E-01 0.3094148E-01 0.2223631E-01 0.2223631E-01 0.1178221E-01 0.1178221E-01 0.7635242E-02 0.7635242E-02 0.4542956E-02 0.4542956E-02 0.4542956E-02
-0.1522735E-02 -0.1522735E-02 -0.2532087E-02 -0.3137197E-02 -0.3154640E-02 -0.3154640E-02 -0.3120406E-02 -0.3043573E-02 -0.3043573E-02 -0.3002011E-02 -0.3002011E-02 -0.1077842E-01 -0.4186804E-01 -0.5087521E-01 -0.6691488E-01 -0.6691488E-01 -0.1237241 -0.1593703 -0.1977178 -0.2375135 -0.2776924 -0.3173281 -0.3556314 -0.3919736 -0.4259233 -0.4572628 -0.4859109 -0.5114855 -0.5321537 -0.5431737 -0.5431737 -0.4899287 -0.4191528 -0.2548340 -0.1628807 -0.1628807 0.2179502E-01 0.2179502E-01 0.1638929 0.1638929 0.2019142 0.1662428 0.1662428 0.8875991E-01 0.8875991E-01 0.4601895E-01 0.4601895E-01 0.4601895E-01 0.3271239E-01 0.3271239E-01 0.2113621E-01 0.2113621E-01 0.9445822E-02 0.9445822E-02 0.3277011E-02 0.3277011E-02 0.2190292E-04 0.2190292E-04 0.2190292E-04
-0.9804433E-03 -0.9804433E-03 -0.1651199E-02 -0.2109721E-02 -0.2127896E-02 -0.2127896E-02 -0.2101456E-02 -0.2034732E-02 -0.2034732E-02 -0.1998277E-02 -0.1998277E-02 -0.7671981E-02 -0.4192122E-01 -0.5118547E-01 -0.6727310E-01 -0.6727310E-01 -0.1271516 -0.1656366 -0.2072078 -0.2504382 -0.2941956 -0.3375348 -0.3796578 -0.4198801 -0.4576107 -0.4923119 -0.5233559 -0.5493338 -0.5667792 -0.5704500 -0.5704500 -0.5259264 -0.4591734 -0.2810117 -0.1782497 -0.1782497 0.1533827E-01 0.1533827E-01 0.1545146 0.1545146 0.1975443 0.2035815 0.2035815 0.1307052 0.1307052 0.5730426E-01 0.5730426E-01 0.5730426E-01 0.3447536E-01 0.3447536E-01 0.1850373E-01 0.1850373E-01 0.5213376E-02 0.5213376E-02 -0.2415644E-02 -0.2415644E-02 -0.5627365E-02 -0.5627365E-02 -0.5627365E-02
-0.4807467E-03 -0.4807467E-03 -0.8130498E-03 -0.1059721E-02 -0.1071593E-02 -0.1071593E-02 -0.1057595E-02 -0.1019405E-02 -0.1019405E-02 -0.9982293E-03 -0.9982293E-03 -0.5118856E-02 -0.4012629E-01 -0.4966342E-01 -0.6557276E-01 -0.6557276E-01 -0.1302068 -0.1721489 -0.2173643 -0.2642356 -0.3115247 -0.3582226 -0.4035156 -0.4467344 -0.4872953 -0.5246115 -0.5578728 -0.5848247 -0.5999658 -0.5971592 -0.5971592 -0.5524382 -0.4802411 -0.2796718 -0.1719317 -0.1719317 0.1199902E-01 0.1199902E-01 0.1370554 0.1370554 0.1787958 0.2096848 0.2096848 0.1633614 0.1633614 0.7251460E-01 0.7251460E-01 0.7251460E-01 0.3812140E-01 0.3812140E-01 0.1599792E-01 0.1599792E-01 0.3143036E-03 0.3143036E-03 -0.8509216E-02 -0.8509216E-02 -0.1151429E-01 -0.1151429E-01 -0.1151429E-01
0.3257490E-07 0.3257490E-07 0.3207449E-07 -0.8091323E-07 -0.3603402E-07 -0.3603402E-07 -0.9378375E-08 0.2455446E-07 0.2455446E-07 -0.8497062E-08 -0.8497062E-08 -0.2976648E-02 -0.3625308E-01 -0.4671276E-01 -0.6214359E-01 -0.6214359E-01 -0.1336282 -0.1797792 -0.2292039 -0.2801438 -0.3312588 -0.3814273 -0.4297665 -0.4756061 -0.5184265 -0.5577378 -0.5927683 -0.6201355 -0.6309181 -0.6181946 -0.6181946 -0.5630627 -0.4757268 -0.2563034 -0.1534416 -0.1534416 0.7757268E-02 0.7757268E-02 0.1153995 0.1153995 0.1534888 0.1950305 0.1950305 0.1770298 0.1770298 0.8838977E-01 0.8838977E-01 0.8838977E-01 0.4399127E-01 0.4399127E-01 0.1485290E-01 0.1485290E-01 -0.4044767E-02 -0.4044767E-02 -0.1409858E-01 -0.1409858E-01 -0.1681811E-01 -0.1681811E-01 -0.1681811E-01
0.4808336E-03 0.4808336E-03 0.8130679E-03 0.1059547E-02 0.1071514E-02 0.1071514E-02 0.1057643E-02 0.1019469E-02 0.1019469E-02 0.9982680E-03 0.9982680E-03 -0.1136103E-02 -0.2975813E-01 -0.4298970E-01 -0.5737699E-01 -0.5737699E-01 -0.1384665 -0.1895946 -0.2438520 -0.2994168 -0.3547889 -0.4087231 -0.4602443 -0.5086510 -0.5534759 -0.5943676 -0.6306377 -0.6567092 -0.6575548 -0.6278728 -0.6278728 -0.5512832 -0.4440514 -0.2232404 -0.1328207 -0.1328207 0.1793389E-02 0.1793389E-02 0.9275246E-01 0.9275246E-01 0.1263895 0.1699864 0.1699864 0.1718460 0.1718460 0.9989230E-01 0.9989230E-01 0.9989230E-01 0.5060190E-01 0.5060190E-01 0.1545023E-01 0.1545023E-01 -0.6923196E-02 -0.6923196E-02 -0.1828076E-01 -0.1828076E-01 -0.2072643E-01 -0.2072643E-01 -0.2072643E-01
0.9804544E-03 0.9804544E-03 0.1651151E-02 0.2109583E-02 0.2127826E-02 0.2127826E-02 0.2101453E-02 0.2034773E-02 0.2034773E-02 0.1998361E-02 0.1998361E-02 0.4850962E-03 -0.2113664E-01 -0.3839445E-01 -0.5168202E-01 -0.5168202E-01 -0.1458219 -0.2030761 -0.2631071 -0.3239631 -0.3839953 -0.4419166 -0.4967255 -0.5477048 -0.5944083 -0.6365794 -0.6734115 -0.6943035 -0.6748739 -0.6190471 -0.6190471 -0.5142199 -0.3938727 -0.1910134 -0.1142901 -0.1142901 -0.4142508E-02 -0.4142508E-02 0.7145447E-01 0.7145447E-01 0.1002179 0.1410533 0.1410533 0.1534965 0.1534965 0.1030946 0.1030946 0.1030946 0.5537758E-01 0.5537758E-01 0.1720087E-01 0.1720087E-01 -0.7832364E-02 -0.7832364E-02 -0.2028183E-01 -0.2028183E-01 -0.2251348E-01 -0.2251348E-01 -0.2251348E-01
0.1522623E-02 0.1522623E-02 0.2531959E-02 0.3137149E-02 0.3154691E-02 0.3154691E-02 0.3120445E-02 0.3043537E-02 0.3043537E-02 0.3002079E-02 0.3002079E-02 0.1950047E-02 -0.1278347E-01 -0.3187868E-01 -0.4502335E-01 -0.4502335E-01 -0.1574415 -0.2229509 -0.2901118 -0.3568600 -0.4217102 -0.4835399 -0.5414521 -0.5947713 -0.6430756 -0.6861725 -0.7225827 -0.7290276 -0.6757125 -0.5877060 -0.5877060 -0.4586487 -0.3380341 -0.1622181 -0.9907723E-01 -0.9907723E-01 -0.8230696E-02 -0.8230696E-02 0.5271378E-01 0.5271378E-01 0.7624169E-01 0.1115937 0.1115937 0.1278467 0.1278467 0.9678740E-01 0.9678740E-01 0.9678740E-01 0.5589977E-01 0.5589977E-01 0.1885619E-01 0.1885619E-01 -0.6811501E-02 -0.6811501E-02 -0.1961696E-01 -0.1961696E-01 -0.2164926E-01 -0.2164926E-01 -0.2164926E-01
