simulation_files/asc/Velocity__y_44.0.asc
NCOLS        79
NROWS        79
XLLCENTER         -1.500000
YLLCENTER         -4.800000
CELLSIZE           0.100
NODATA_VALUE     -9999.0
[rows 0 to 25 of 79, columns 0 to 58 of 79]
-9999.000 -9999.000 -9999.000 -9999.000 -9999.000 -9999.000 -9999.000 -9999.000 -9999.000 -9999.000 -9999.000 -9999.000 -9999.000 -9999.000 -9999.000 -0.2906818 -0.2897738 -0.2900199 -0.2904505 -0.2909631 -0.2915438 -0.2921905 -0.2929010 -0.2936729 -0.2945055 -0.2954040 -0.2963830 -0.2974718 -0.2985967 -0.2951441 -0.2951441 -9999.000 -9999.000 -9999.000 -9999.000 -9999.000 -9999.000 -9999.000 -9999.000 -9999.000 -9999.000 -9999.000 -9999.000 -9999.000 -9999.000 -9999.000 -9999.000 -9999.000 -9999.000 -9999.000 -9999.000 -9999.000 -9999.000 -9999.000 -9999.000 -9999.000 -9999.000 -9999.000 -9999.000
-9999.000 -9999.000 -9999.000 -9999.000 -9999.000 -9999.000 -9999.000 -9999.000 -9999.000 -9999.000 -9999.000 -9999.000 -9999.000 -9999.000 -9999.000 -0.2858236 -0.2834691 -0.2838646 -0.2846031 -0.2854693 -0.2864398 -0.2875189 -0.2887137 -0.2900335 -0.2914923 -0.2931144 -0.2949413 -0.2970343 -0.2992235 -0.2925900 -0.2925900 -9999.000 -9999.000 -9999.000 -9999.000 -9999.000 -9999.000 -9999.000 -9999.000 -9999.000 -9999.000 -9999.000 -9999.000 -9999.000 -9999.000 -9999.000 -9999.000 -9999.000 -9999.000 -9999.000 -9999.000 -9999.000 -9999.000 -9999.000 -9999.000 -9999.000 -9999.000 -9999.000 -9999.000
-9999.000 -9999.000 -9999.000 -9999.000 -9999.000 -9999.000 -9999.000 -9999.000 -9999.000 -9999.000 -9999.000 -9999.000 -9999.000 -9999.000 -9999.000 -0.2790739 -0.2748993 -0.2755211 -0.2767594 -0.2782411 -0.2799202 -0.2818020 -0.2839009 -0.2862352 -0.2888288 -0.2917151 -0.2949416 -0.2985609 -0.3021990 -0.2920291 -0.2920291 -9999.000 -9999.000 -9999.000 -9999.000 -9999.000 -9999.000 -9999.000 -9999.000 -9999.000 -9999.000 -9999.000 -9999.000 -9999.000 -9999.000 -9999.000 -9999.000 -9999.000 -9999.000 -9999.000 -9999.000 -9999.000 -9999.000 -9999.000 -9999.000 -9999.000 -9999.000 -9999.000 -9999.000
-9999.000 -9999.000 -9999.000 -9999.000 -9999.000 -9999.000 -9999.000 -9999.000 -9999.000 -9999.000 -9999.000 -9999.000 -9999.000 -9999.000 -9999.000 -0.2711478 -0.2649816 -0.2659051 -0.2677803 -0.2700580 -0.2726663 -0.2756099 -0.2789077 -0.2825828 -0.2866629 -0.2911832 -0.2961883 -0.3017138 -0.3071575 -0.2937276 -0.2937276 -9999.000 -9999.000 -9999.000 -9999.000 -9999.000 -9999.000 -9999.000 -9999.000 -9999.000 -9999.000 -9999.000 -9999.000 -9999.000 -9999.000 -9999.000 -9999.000 -9999.000 -9999.000 -9999.000 -9999.000 -9999.000 -9999.000 -9999.000 -9999.000 -9999.000 -9999.000 -9999.000 -9999.000
-9999.000 -9999.000 -9999.000 -9999.000 -9999.000 -9999.000 -9999.000 -9999.000 -9999.000 -9999.000 -9999.000 -9999.000 -9999.000 -9999.000 -9999.000 -0.2620451 -0.2537960 -0.2550936 -0.2577294 -0.2609632 -0.2646963 -0.2689326 -0.2736953 -0.2790112 -0.2849108 -0.2914291 -0.2986054 -0.3064566 -0.3141272 -0.2978129 -0.2978129 -9999.000 -9999.000 -9999.000 -9999.000 -9999.000 -9999.000 -9999.000 -9999.000 -9999.000 -9999.000 -9999.000 -9999.000 -9999.000 -9999.000 -9999.000 -9999.000 -9999.000 -9999.000 -9999.000 -9999.000 -9999.000 -9999.000 -9999.000 -9999.000 -9999.000 -9999.000 -9999.000 -9999.000
-9999.000 -9999.000 -9999.000 -9999.000 -9999.000 -9999.000 -9999.000 -9999.000 -9999.000 -9999.000 -9999.000 -9999.000 -9999.000 -9999.000 -9999.000 -0.2516935 -0.2413799 -0.2431227 -0.2466285 -0.2509593 -0.2559910 -0.2617293 -0.2682044 -0.2754493 -0.2834992 -0.2923915 -0.3021646 -0.3128188 -0.3232269 -0.3045259 -0.3045259 -9999.000 -9999.000 -9999.000 -9999.000 -9999.000 -9999.000 -9999.000 -9999.000 -9999.000 -9999.000 -9999.000 -9999.000 -9999.000 -9999.000 -9999.000 -9999.000 -9999.000 -9999.000 -9999.000 -9999.000 -9999.000 -9999.000 -9999.000 -9999.000 -9999.000 -9999.000 -9999.000 -9999.000
-9999.000 -9999.000 -9999.000 -9999.000 -9999.000 -9999.000 -9999.000 -9999.000 -9999.000 -9999.000 -9999.000 -9999.000 -9999.000 -9999.000 -9999.000 -0.2399507 -0.2277345 -0.2299980 -0.2344689 -0.2400186 -0.2465027 -0.2539348 -0.2623568 -0.2718137 -0.2823526 -0.2940221 -0.3068678 -0.3208845 -0.3346651 -0.3142339 -0.3142339 -9999.000 -9999.000 -9999.000 -9999.000 -9999.000 -9999.000 -9999.000 -9999.000 -9999.000 -9999.000 -9999.000 -9999.000 -9999.000 -9999.000 -9999.000 -9999.000 -9999.000 -9999.000 -9999.000 -9999.000 -9999.000 -9999.000 -9999.000 -9999.000 -9999.000 -9999.000 -9999.000 -9999.000
-9999.000 -9999.000 -9999.000 -9999.000 -9999.000 -9999.000 -9999.000 -9999.000 -9999.000 -9999.000 -9999.000 -9999.000 -9999.000 -9999.000 -9999.000 -0.2266071 -0.2128296 -0.2156986 -0.2212163 -0.2280871 -0.2361580 -0.2454585 -0.2560509 -0.2680026 -0.2813845 -0.2962713 -0.3127353 -0.3307863 -0.3487485 -0.3274650 -0.3274650 -9999.000 -9999.000 -9999.000 -9999.000 -9999.000 -9999.000 -9999.000 -9999.000 -9999.000 -9999.000 -9999.000 -9999.000 -9999.000 -9999.000 -9999.000 -9999.000 -9999.000 -9999.000 -9999.000 -9999.000 -9999.000 -9999.000 -9999.000 -9999.000 -9999.000 -9999.000 -9999.000 -9999.000
-9999.000 -9999.000 -9999.000 -9999.000 -9999.000 -9999.000 -9999.000 -9999.000 -9999.000 -9999.000 -9999.000 -9999.000 -9999.000 -9999.000 -9999.000 -0.2113886 -0.1966036 -0.2001785 -0.2068106 -0.2150847 -0.2248552 -0.2361802 -0.2491552 -0.2638845 -0.2804824 -0.2990750 -0.3197934 -0.3427028 -0.3659008 -0.3449728 -0.3449728 -9999.000 -9999.000 -9999.000 -9999.000 -9999.000 -9999.000 -9999.000 -9999.000 -9999.000 -9999.000 -9999.000 -9999.000 -9999.000 -9999.000 -9999.000 -9999.000 -9999.000 -9999.000 -9999.000 -9999.000 -9999.000 -9999.000 -9999.000 -9999.000 -9999.000 -9999.000 -9999.000 -9999.000
-9999.000 -9999.000 -9999.000 -9999.000 -9999.000 -9999.000 -9999.000 -9999.000 -9999.000 -9999.000 -9999.000 -9999.000 -9999.000 -9999.000 -9999.000 -0.1939618 -0.1789614 -0.1833636 -0.1911637 -0.2008999 -0.2124584 -0.2259420 -0.2414961 -0.2592832 -0.2794897 -0.3023324 -0.3280554 -0.3568536 -0.3866960 -0.3678559 -0.3678559 -9999.000 -9999.000 -9999.000 -9999.000 -9999.000 -9999.000 -9999.000 -9999.000 -9999.000 -9999.000 -9999.000 -9999.000 -9999.000 -9999.000 -9999.000 -9999.000 -9999.000 -9999.000 -9999.000 -9999.000 -9999.000 -9999.000 -9999.000 -9999.000 -9999.000 -9999.000 -9999.000 -9999.000
-9999.000 -9999.000 -9999.000 -9999.000 -9999.000 -9999.000 -9999.000 -9999.000 -9999.000 -9999.000 -9999.000 -9999.000 -9999.000 -9999.000 -9999.000 -0.1739442 -0.1597696 -0.1651431 -0.1741495 -0.1853807 -0.1987860 -0.2145333 -0.2328391 -0.2539531 -0.2781748 -0.3058719 -0.3374901 -0.3734863 -0.4119070 -0.3977837 -0.3977837 -9999.000 -9999.000 -9999.000 -9999.000 -9999.000 -9999.000 -9999.000 -9999.000 -9999.000 -9999.000 -9999.000 -9999.000 -9999.000 -9999.000 -9999.000 -9999.000 -9999.000 -9999.000 -9999.000 -9999.000 -9999.000 -9999.000 -9999.000 -9999.000 -9999.000 -9999.000 -9999.000 -9999.000
-9999.000 -9999.000 -9999.000 -9999.000 -9999.000 -9999.000 -9999.000 -9999.000 -9999.000 -9999.000 -9999.000 -9999.000 -9999.000 -9999.000 -9999.000 -0.1509206 -0.1388482 -0.1453584 -0.1555906 -0.1683189 -0.1835925 -0.2016682 -0.2228603 -0.2475417 -0.2761817 -0.3093889 -0.3479546 -0.3928329 -0.4425692 -0.4374483 -0.4374483 -9999.000 -9999.000 -9999.000 -9999.000 -9999.000 -9999.000 -9999.000 -9999.000 -9999.000 -9999.000 -9999.000 -9999.000 -9999.000 -9999.000 -9999.000 -9999.000 -9999.000 -9999.000 -9999.000 -9999.000 -9999.000 -9999.000 -9999.000 -9999.000 -9999.000 -9999.000 -9999.000 -9999.000
-9999.000 -9999.000 -9999.000 -9999.000 -9999.000 -9999.000 -9999.000 -9999.000 -9999.000 -9999.000 -9999.000 -9999.000 -9999.000 -9999.000 -9999.000 -0.1244651 -0.1159619 -0.1237823 -0.1352359 -0.1494246 -0.1665387 -0.1869498 -0.2110981 -0.2395239 -0.2729406 -0.3123268 -0.3590480 -0.4149792 -0.4800335 -0.4915681 -0.4915681 -9999.000 -9999.000 -9999.000 -9999.000 -9999.000 -9999.000 -9999.000 -9999.000 -9999.000 -9999.000 -9999.000 -9999.000 -9999.000 -9999.000 -9999.000 -9999.000 -9999.000 -9999.000 -9999.000 -9999.000 -9999.000 -9999.000 -9999.000 -9999.000 -9999.000 -9999.000 -9999.000 -9999.000
-9999.000 -9999.000 -9999.000 -9999.000 -9999.000 -9999.000 -9999.000 -9999.000 -9999.000 -9999.000 -9999.000 -9999.000 -9999.000 -9999.000 -9999.000 -0.9410013E-01 -0.9077217E-01 -0.1000765 -0.1127241 -0.1282945 -0.1471584 -0.1698252 -0.1968883 -0.2291012 -0.2675094 -0.3136336 -0.3697635 -0.4394498 -0.5258275 -0.5695049 -0.5695049 -9999.000 -9999.000 -9999.000 -9999.000 -9999.000 -9999.000 -9999.000 -9999.000 -9999.000 -9999.000 -9999.000 -9999.000 -9999.000 -9999.000 -9999.000 -9999.000 -9999.000 -9999.000 -9999.000 -9999.000 -9999.000 -9999.000 -9999.000 -9999.000 -9999.000 -9999.000 -9999.000 -9999.000
-9999.000 -9999.000 -9999.000 -9999.000 -9999.000 -9999.000 -9999.000 -9999.000 -9999.000 -9999.000 -9999.000 -9999.000 -9999.000 -9999.000 -9999.000 -0.5476626E-01 -0.6145320E-01 -0.7342161E-01 -0.8783153E-01 -0.1050082 -0.1256122 -0.1503604 -0.1800586 -0.2157436 -0.2589028 -0.3118166 -0.3781942 -0.4645363 -0.5811108 -0.6934397 -0.6934397 -9999.000 -9999.000 -9999.000 -9999.000 -9999.000 -9999.000 -9999.000 -9999.000 -9999.000 -9999.000 -9999.000 -9999.000 -9999.000 -9999.000 -9999.000 -9999.000 -9999.000 -9999.000 -9999.000 -9999.000 -9999.000 -9999.000 -9999.000 -9999.000 -9999.000 -9999.000 -9999.000 -9999.000
-0.2457425E-02 -0.2457425E-02 -0.3999315E-02 -0.4274249E-02 -0.4323371E-02 -0.4323371E-02 -0.4420831E-02 -0.4919128E-02 -0.4919128E-02 -0.6190270E-02 -0.6190270E-02 -0.9334373E-02 -0.1259640E-01 -0.1833129E-01 -0.2863057E-01 -0.2863057E-01 -0.6881680E-01 -0.8582174E-01 -0.1026329 -0.1201816 -0.1394520 -0.1616126 -0.1880742 -0.2205602 -0.2612449 -0.3130681 -0.3804704 -0.4712373 -0.5997806 -0.8222662 -0.8222662 -0.6268849 -0.4661839 -0.1815899 -0.8277400E-01 -0.8277400E-01 0.2519604E-01 0.2519604E-01 0.5300622E-01 0.5300622E-01 0.3420509E-01 -0.6609809E-02 -0.6609809E-02 0.6206507E-02 0.6206507E-02 0.1146609E-01 0.1146609E-01 0.1146609E-01 0.9196886E-02 0.9196886E-02 0.6949237E-02 0.6949237E-02 0.6626199E-02 0.6626199E-02 0.4257219E-02 0.4257219E-02 0.2847971E-02 0.2847971E-02 0.2847971E-02
-0.2702753E-02 -0.2702753E-02 -0.6599533E-02 -0.6408697E-02 -0.6522703E-02 -0.6522703E-02 -0.6808256E-02 -0.8146791E-02 -0.8146791E-02 -0.1134213E-01 -0.1134213E-01 -0.1867623E-01 -0.2559122E-01 -0.3660357E-01 -0.5432477E-01 -0.5432477E-01 -0.1099876 -0.1338110 -0.1560082 -0.1768522 -0.1968349 -0.2168872 -0.2384692 -0.2635807 -0.2947390 -0.3349792 -0.3879483 -0.4581636 -0.5499305 -0.6683226 -0.6683226 -0.4857322 -0.3421797 -0.1268722 -0.4872373E-01 -0.4872373E-01 0.6311953E-01 0.6311953E-01 0.1196950 0.1196950 0.1031993 0.4368492E-02 0.4368492E-02 0.1672416E-01 0.1672416E-01 0.2446837E-01 0.2446837E-01 0.2446837E-01 0.1949722E-01 0.1949722E-01 0.1486262E-01 0.1486262E-01 0.1025030E-01 0.1025030E-01 0.8595004E-02 0.8595004E-02 0.6225466E-02 0.6225466E-02 0.6225466E-02
-0.9987564E-03 -0.9987564E-03 -0.6196153E-02 -0.6098323E-02 -0.6362895E-02 -0.6362895E-02 -0.6899647E-02 -0.9241659E-02 -0.9241659E-02 -0.1457451E-01 -0.1457451E-01 -0.2601335E-01 -0.3588283E-01 -0.5013797E-01 -0.7043251E-01 -0.7043251E-01 -0.1291368 -0.1587955 -0.1878563 -0.2157807 -0.2422500 -0.2673341 -0.2916215 -0.3163055 -0.3432193 -0.3747989 -0.4139422 -0.4636623 -0.5252603 -0.5931839 -0.5931839 -0.4815680 -0.3746612 -0.1892633 -0.1084685 -0.1084685 0.3974234E-01 0.3974234E-01 0.1556903 0.1556903 0.1759806 0.6404258E-01 0.6404258E-01 0.3557619E-01 0.3557619E-01 0.3377405E-01 0.3377405E-01 0.3377405E-01 0.2870869E-01 0.2870869E-01 0.2216030E-01 0.2216030E-01 0.1268854E-01 0.1268854E-01 0.1125864E-01 0.1125864E-01 0.8211851E-02 0.8211851E-02 0.8211851E-02
-0.6764440E-03 -0.6764440E-03 -0.4982731E-02 -0.5513045E-02 -0.5983917E-02 -0.5983917E-02 -0.6762376E-02 -0.9907098E-02 -0.9907098E-02 -0.1680774E-01 -0.1680774E-01 -0.3093844E-01 -0.4252889E-01 -0.5848414E-01 -0.7993109E-01 -0.7993109E-01 -0.1400171 -0.1731464 -0.2068829 -0.2403239 -0.2727339 -0.3036383 -0.3329275 -0.3609488 -0.3885652 -0.4171480 -0.4484341 -0.4841141 -0.5242140 -0.5621402 -0.5621402 -0.4887650 -0.4063056 -0.2401642 -0.1556701 -0.1556701 0.1645308E-01 0.1645308E-01 0.1617897 0.1617897 0.2049823 0.1474021 0.1474021 0.6854443E-01 0.6854443E-01 0.4129206E-01 0.4129206E-01 0.4129206E-01 0.3455452E-01 0.3455452E-01 0.2607287E-01 0.2607287E-01 0.1508263E-01 0.1508263E-01 0.1066438E-01 0.1066438E-01 0.6745184E-02 0.6745184E-02 0.6745184E-02
-0.6231993E-03 -0.6231993E-03 -0.3848489E-02 -0.4723819E-02 -0.5414029E-02 -0.5414029E-02 -0.6434811E-02 -0.1022288E-01 -0.1022288E-01 -0.1821320E-01 -0.1821320E-01 -0.3403876E-01 -0.4663783E-01 -0.6356860E-01 -0.8575705E-01 -0.8575705E-01 -0.1476866 -0.1834037 -0.2205032 -0.2579267 -0.2947906 -0.3303953 -0.3642652 -0.3962043 -0.4263412 -0.4551193 -0.4831647 -0.5109581 -0.5376488 -0.5576048 -0.5576048 -0.5040516 -0.4355479 -0.2750453 -0.1836987 -0.1836987 0.3386159E-02 0.3386159E-02 0.1537977 0.1537977 0.2038967 0.2056018 0.2056018 0.1162267 0.1162267 0.5402980E-01 0.5402980E-01 0.5402980E-01 0.3917185E-01 0.3917185E-01 0.2722281E-01 0.2722281E-01 0.1466229E-01 0.1466229E-01 0.7600371E-02 0.7600371E-02 0.2876594E-02 0.2876594E-02 0.2876594E-02
-0.5000176E-03 -0.5000176E-03 -0.2815785E-02 -0.3862015E-02 -0.4695117E-02 -0.4695117E-02 -0.5889446E-02 -0.1012855E-01 -0.1012855E-01 -0.1877645E-01 -0.1877645E-01 -0.3548607E-01 -0.4857822E-01 -0.6602509E-01 -0.8880550E-01 -0.8880550E-01 -0.1538415 -0.1922538 -0.2324120 -0.2731201 -0.3134415 -0.3526291 -0.3900884 -0.4253722 -0.4581798 -0.4883103 -0.5154971 -0.5391935 -0.5577999 -0.5665613 -0.5665613 -0.5218554 -0.4582331 -0.2890383 -0.1898413 -0.1898413 -0.8863520E-03 -0.8863520E-03 0.1390805 0.1390805 0.1876597 0.2239322 0.2239322 0.1631216 0.1631216 0.7234566E-01 0.7234566E-01 0.7234566E-01 0.4503778E-01 0.4503778E-01 0.2732958E-01 0.2732958E-01 0.1243672E-01 0.1243672E-01 0.3064811E-02 0.3064811E-02 -0.2388801E-02 -0.2388801E-02 -0.2388801E-02
-0.3022188E-03 -0.3022188E-03 -0.1837890E-02 -0.2929141E-02 -0.3838090E-02 -0.3838090E-02 -0.5132802E-02 -0.9615025E-02 -0.9615025E-02 -0.1851494E-01 -0.1851494E-01 -0.3540542E-01 -0.4855397E-01 -0.6612145E-01 -0.8935437E-01 -0.8935437E-01 -0.1591810 -0.2009313 -0.2444833 -0.2884597 -0.3318744 -0.3739974 -0.4142511 -0.4521385 -0.4871790 -0.5187803 -0.5459347 -0.5671445 -0.5800269 -0.5800229 -0.5800229 -0.5358109 -0.4682248 -0.2802868 -0.1777661 -0.1777661 -0.1965912E-02 -0.1965912E-02 0.1205571 0.1205571 0.1645871 0.2143499 0.2143499 0.1909031 0.1909031 0.9442344E-01 0.9442344E-01 0.9442344E-01 0.5378809E-01 0.5378809E-01 0.2813688E-01 0.2813688E-01 0.9626586E-02 0.9626586E-02 -0.2045699E-02 -0.2045699E-02 -0.8193124E-02 -0.8193124E-02 -0.8193124E-02
-0.4779063E-04 -0.4779063E-04 -0.8634452E-03 -0.1922816E-02 -0.2851735E-02 -0.2851735E-02 -0.4177035E-02 -0.8696514E-02 -0.8696514E-02 -0.1747730E-01 -0.1747730E-01 -0.3392715E-01 -0.4673013E-01 -0.6400865E-01 -0.8745666E-01 -0.8745666E-01 -0.1642361 -0.2102857 -0.2579319 -0.3055805 -0.3521804 -0.3970323 -0.4396373 -0.4795652 -0.5163283 -0.5491133 -0.5761160 -0.5947108 -0.6014975 -0.5913529 -0.5913529 -0.5390957 -0.4589443 -0.2535940 -0.1564487 -0.1564487 -0.3916572E-02 -0.3916572E-02 0.1003337 0.1003337 0.1391602 0.1911853 0.1911853 0.1945058 0.1945058 0.1142760 0.1142760 0.1142760 0.6465804E-01 0.6465804E-01 0.3065710E-01 0.3065710E-01 0.7427277E-02 0.7427277E-02 -0.6807060E-02 -0.6807060E-02 -0.1370797E-01 -0.1370797E-01 -0.1370797E-01
0.2455582E-03 0.2455582E-03 0.1415486E-03 -0.8427426E-03 -0.1744909E-02 -0.1744909E-02 -0.3037236E-02 -0.7402290E-02 -0.7402290E-02 -0.1573334E-01 -0.1573334E-01 -0.3119593E-01 -0.4327510E-01 -0.5981708E-01 -0.8308138E-01 -0.8308138E-01 -0.1697081 -0.2212525 -0.2739061 -0.3258643 -0.3760076 -0.4236694 -0.4684588 -0.5100805 -0.5481564 -0.5817423 -0.6077865 -0.6219527 -0.6194457 -0.5944296 -0.5944296 -0.5254180 -0.4276919 -0.2192718 -0.1343997 -0.1343997 -0.7304908E-02 -0.7304908E-02 0.8035173E-01 0.8035173E-01 0.1139509 0.1629239 0.1629239 0.1801295 0.1801295 0.1254811 0.1254811 0.1254811 0.7463358E-01 0.7463358E-01 0.3460265E-01 0.3460265E-01 0.6615025E-02 0.6615025E-02 -0.1034202E-01 -0.1034202E-01 -0.1807202E-01 -0.1807202E-01 -0.1807202E-01
0.5695456E-03 0.5695456E-03 0.1197079E-02 0.3133230E-03 -0.5269635E-03 -0.5269635E-03 -0.1734050E-02 -0.5775898E-02 -0.5775898E-02 -0.1336874E-01 -0.1336874E-01 -0.2737224E-01 -0.3838181E-01 -0.5372288E-01 -0.7624298E-01 -0.7624298E-01 -0.1767187 -0.2351384 -0.2938322 -0.3508558 -0.4050324 -0.4557238 -0.5026728 -0.5457670 -0.5848348 -0.6188408 -0.6422582 -0.6479852 -0.6299258 -0.5830305 -0.5830305 -0.4912176 -0.3802373 -0.1879670 -0.1151529 -0.1151529 -0.1051630E-01 -0.1051630E-01 0.6210592E-01 0.6210592E-01 0.9043115E-01 0.1337208 0.1337208 0.1558973 0.1558973 0.1249430 0.1249430 0.1249430 0.8004761E-01 0.8004761E-01 0.3844604E-01 0.3844604E-01 0.7252168E-02 0.7252168E-02 -0.1198669E-01 -0.1198669E-01 -0.2046711E-01 -0.2046711E-01 -0.2046711E-01
0.9204126E-03 0.9204126E-03 0.2320096E-02 0.1543524E-02 0.7879978E-03 0.7879978E-03 -0.2938337E-03 -0.3869050E-02 -0.3869050E-02 -0.1047750E-01 -0.1047750E-01 -0.2262747E-01 -0.3227382E-01 -0.4599982E-01 -0.6725068E-01 -0.6725068E-01 -0.1871421 -0.2539071 -0.3197390 -0.3826250 -0.4413499 -0.4953162 -0.5444068 -0.5887378 -0.6284477 -0.6624427 -0.6799107 -0.6701695 -0.6284039 -0.5539406 -0.5539406 -0.4396930 -0.3264807 -0.1603000 -0.9950244E-01 -0.9950244E-01 -0.1218675E-01 -0.1218675E-01 0.4623916E-01 0.4623916E-01 0.6915589E-01 0.1053579 0.1053579 0.1273441 0.1273441 0.1133974 0.1133974 0.1133974 0.7837950E-01 0.7837950E-01 0.4011739E-01 0.4011739E-01 0.8690567E-02 0.8690567E-02 -0.1146933E-01 -0.1146933E-01 -0.2027852E-01 -0.2027852E-01 -0.2027852E-01
