simulation_files/asc/Velocity__x_118.0.asc
NCOLS        79
NROWS        79
XLLCENTER         -1.500000
YLLCENTER         -4.800000
CELLSIZE           0.100
NODATA_VALUE     -9999.0
[rows 0 to 25 of 79, columns 0 to 57 of 79]
-9999.000 -9999.000 -9999.000 -9999.000 -9999.000 -9999.000 -9999.000 -9999.000 -9999.000 -9999.000 -9999.000 -9999.000 -9999.000 -9999.000 -9999.000 0.2801609E-04 0.8552733E-03 0.2537525E-02 0.4220336E-02 0.5749628E-02 0.7063440E-02 0.8152966E-02 0.9040853E-02 0.9760479E-02 0.1032825E-01 0.1069436E-01 0.1065118E-01 0.9669849E-02 0.6671738E-02 0.2954637E-02 0.2954637E-02 -9999.000 -9999.000 -9999.000 -9999.000 -9999.000 -9999.000 -9999.000 -9999.000 -9999.000 -9999.000 -9999.000 -9999.000 -9999.000 -9999.000 -9999.000 -9999.000 -9999.000 -9999.000 -9999.000 -9999.000 -9999.000 -9999.000 -9999.000 -9999.000 -9999.000 -9999.000 -9999.000
-9999.000 -9999.000 -9999.000 -9999.000 -9999.000 -9999.000 -9999.000 -9999.000 -9999.000 -9999.000 -9999.000 -9999.000 -9999.000 -9999.000 -9999.000 0.7594822E-03 0.2420429E-02 0.5019920E-02 0.7611083E-02 0.9995761E-02 0.1206610E-01 0.1377062E-01 0.1509247E-01 0.1602552E-01 0.1654456E-01 0.1655582E-01 0.1581504E-01 0.1379282E-01 0.9507128E-02 0.4403534E-02 0.4403534E-02 -9999.000 -9999.000 -9999.000 -9999.000 -9999.000 -9999.000 -9999.000 -9999.000 -9999.000 -9999.000 -9999.000 -9999.000 -9999.000 -9999.000 -9999.000 -9999.000 -9999.000 -9999.000 -9999.000 -9999.000 -9999.000 -9999.000 -9999.000 -9999.000 -9999.000 -9999.000 -9999.000
-9999.000 -9999.000 -9999.000 -9999.000 -9999.000 -9999.000 -9999.000 -9999.000 -9999.000 -9999.000 -9999.000 -9999.000 -9999.000 -9999.000 -9999.000 0.1292315E-02 0.3588724E-02 0.6919107E-02 0.1019831E-01 0.1319969E-01 0.1578979E-01 0.1789494E-01 0.1947959E-01 0.2052236E-01 0.2098519E-01 0.2076334E-01 0.1959970E-01 0.1694141E-01 0.1175346E-01 0.5551286E-02 0.5551286E-02 -9999.000 -9999.000 -9999.000 -9999.000 -9999.000 -9999.000 -9999.000 -9999.000 -9999.000 -9999.000 -9999.000 -9999.000 -9999.000 -9999.000 -9999.000 -9999.000 -9999.000 -9999.000 -9999.000 -9999.000 -9999.000 -9999.000 -9999.000 -9999.000 -9999.000 -9999.000 -9999.000
-9999.000 -9999.000 -9999.000 -9999.000 -9999.000 -9999.000 -9999.000 -9999.000 -9999.000 -9999.000 -9999.000 -9999.000 -9999.000 -9999.000 -9999.000 0.1709038E-02 0.4504438E-02 0.8410039E-02 0.1222947E-01 0.1571245E-01 0.1870706E-01 0.2112544E-01 0.2292236E-01 0.2406973E-01 0.2452415E-01 0.2417358E-01 0.2274461E-01 0.1964642E-01 0.1375760E-01 0.6598847E-02 0.6598847E-02 -9999.000 -9999.000 -9999.000 -9999.000 -9999.000 -9999.000 -9999.000 -9999.000 -9999.000 -9999.000 -9999.000 -9999.000 -9999.000 -9999.000 -9999.000 -9999.000 -9999.000 -9999.000 -9999.000 -9999.000 -9999.000 -9999.000 -9999.000 -9999.000 -9999.000 -9999.000 -9999.000
-9999.000 -9999.000 -9999.000 -9999.000 -9999.000 -9999.000 -9999.000 -9999.000 -9999.000 -9999.000 -9999.000 -9999.000 -9999.000 -9999.000 -9999.000 0.2062439E-02 0.5278478E-02 0.9666923E-02 0.1394238E-01 0.1783607E-01 0.2118113E-01 0.2387995E-01 0.2588149E-01 0.2715399E-01 0.2765041E-01 0.2725037E-01 0.2565902E-01 0.2223501E-01 0.1574464E-01 0.7660952E-02 0.7660952E-02 -9999.000 -9999.000 -9999.000 -9999.000 -9999.000 -9999.000 -9999.000 -9999.000 -9999.000 -9999.000 -9999.000 -9999.000 -9999.000 -9999.000 -9999.000 -9999.000 -9999.000 -9999.000 -9999.000 -9999.000 -9999.000 -9999.000 -9999.000 -9999.000 -9999.000 -9999.000 -9999.000
-9999.000 -9999.000 -9999.000 -9999.000 -9999.000 -9999.000 -9999.000 -9999.000 -9999.000 -9999.000 -9999.000 -9999.000 -9999.000 -9999.000 -9999.000 0.2390981E-02 0.5992494E-02 0.1081841E-01 0.1551001E-01 0.1978343E-01 0.2345963E-01 0.2643382E-01 0.2865130E-01 0.3007813E-01 0.3066396E-01 0.3027814E-01 0.2859886E-01 0.2492193E-01 0.1787247E-01 0.8820593E-02 0.8820593E-02 -9999.000 -9999.000 -9999.000 -9999.000 -9999.000 -9999.000 -9999.000 -9999.000 -9999.000 -9999.000 -9999.000 -9999.000 -9999.000 -9999.000 -9999.000 -9999.000 -9999.000 -9999.000 -9999.000 -9999.000 -9999.000 -9999.000 -9999.000 -9999.000 -9999.000 -9999.000 -9999.000
-9999.000 -9999.000 -9999.000 -9999.000 -9999.000 -9999.000 -9999.000 -9999.000 -9999.000 -9999.000 -9999.000 -9999.000 -9999.000 -9999.000 -9999.000 0.2722654E-02 0.6705187E-02 0.1195593E-01 0.1705376E-01 0.2170289E-01 0.2571379E-01 0.2897605E-01 0.3143308E-01 0.3304991E-01 0.3377301E-01 0.3345942E-01 0.3175450E-01 0.2787714E-01 0.2027728E-01 0.1015448E-01 0.1015448E-01 -9999.000 -9999.000 -9999.000 -9999.000 -9999.000 -9999.000 -9999.000 -9999.000 -9999.000 -9999.000 -9999.000 -9999.000 -9999.000 -9999.000 -9999.000 -9999.000 -9999.000 -9999.000 -9999.000 -9999.000 -9999.000 -9999.000 -9999.000 -9999.000 -9999.000 -9999.000 -9999.000
-9999.000 -9999.000 -9999.000 -9999.000 -9999.000 -9999.000 -9999.000 -9999.000 -9999.000 -9999.000 -9999.000 -9999.000 -9999.000 -9999.000 -9999.000 0.3078428E-02 0.7460310E-02 0.1314775E-01 0.1866467E-01 0.2370577E-01 0.2807243E-01 0.3165002E-01 0.3438183E-01 0.3623298E-01 0.3714703E-01 0.3696696E-01 0.3529838E-01 0.3126663E-01 0.2310528E-01 0.1174924E-01 0.1174924E-01 -9999.000 -9999.000 -9999.000 -9999.000 -9999.000 -9999.000 -9999.000 -9999.000 -9999.000 -9999.000 -9999.000 -9999.000 -9999.000 -9999.000 -9999.000 -9999.000 -9999.000 -9999.000 -9999.000 -9999.000 -9999.000 -9999.000 -9999.000 -9999.000 -9999.000 -9999.000 -9999.000
-9999.000 -9999.000 -9999.000 -9999.000 -9999.000 -9999.000 -9999.000 -9999.000 -9999.000 -9999.000 -9999.000 -9999.000 -9999.000 -9999.000 -9999.000 0.3475622E-02 0.8294029E-02 0.1445015E-01 0.2041824E-01 0.2588589E-01 0.3064620E-01 0.3458184E-01 0.3763778E-01 0.3978082E-01 0.4095204E-01 0.4097857E-01 0.3941876E-01 0.3528409E-01 0.2653959E-01 0.1371801E-01 0.1371801E-01 -9999.000 -9999.000 -9999.000 -9999.000 -9999.000 -9999.000 -9999.000 -9999.000 -9999.000 -9999.000 -9999.000 -9999.000 -9999.000 -9999.000 -9999.000 -9999.000 -9999.000 -9999.000 -9999.000 -9999.000 -9999.000 -9999.000 -9999.000 -9999.000 -9999.000 -9999.000 -9999.000
-9999.000 -9999.000 -9999.000 -9999.000 -9999.000 -9999.000 -9999.000 -9999.000 -9999.000 -9999.000 -9999.000 -9999.000 -9999.000 -9999.000 -9999.000 0.3930602E-02 0.9240692E-02 0.1591728E-01 0.2238803E-01 0.2833619E-01 0.3354748E-01 0.3790340E-01 0.4135231E-01 0.4386486E-01 0.4538115E-01 0.4571013E-01 0.4435394E-01 0.4018601E-01 0.3083556E-01 0.1622300E-01 0.1622300E-01 -9999.000 -9999.000 -9999.000 -9999.000 -9999.000 -9999.000 -9999.000 -9999.000 -9999.000 -9999.000 -9999.000 -9999.000 -9999.000 -9999.000 -9999.000 -9999.000 -9999.000 -9999.000 -9999.000 -9999.000 -9999.000 -9999.000 -9999.000 -9999.000 -9999.000 -9999.000 -9999.000
-9999.000 -9999.000 -9999.000 -9999.000 -9999.000 -9999.000 -9999.000 -9999.000 -9999.000 -9999.000 -9999.000 -9999.000 -9999.000 -9999.000 -9999.000 0.4462104E-02 0.1033960E-01 0.1761123E-01 0.2465966E-01 0.3116623E-01 0.3691126E-01 0.4177637E-01 0.4571608E-01 0.4870755E-01 0.5069146E-01 0.5145711E-01 0.5044020E-01 0.4634439E-01 0.3637717E-01 0.1951267E-01 0.1951267E-01 -9999.000 -9999.000 -9999.000 -9999.000 -9999.000 -9999.000 -9999.000 -9999.000 -9999.000 -9999.000 -9999.000 -9999.000 -9999.000 -9999.000 -9999.000 -9999.000 -9999.000 -9999.000 -9999.000 -9999.000 -9999.000 -9999.000 -9999.000 -9999.000 -9999.000 -9999.000 -9999.000
-9999.000 -9999.000 -9999.000 -9999.000 -9999.000 -9999.000 -9999.000 -9999.000 -9999.000 -9999.000 -9999.000 -9999.000 -9999.000 -9999.000 -9999.000 0.5095149E-02 0.1164423E-01 0.1961698E-01 0.2734978E-01 0.3452664E-01 0.4092412E-01 0.4642721E-01 0.5100004E-01 0.5462981E-01 0.5726071E-01 0.5866114E-01 0.5818841E-01 0.5433758E-01 0.4377904E-01 0.2399073E-01 0.2399073E-01 -9999.000 -9999.000 -9999.000 -9999.000 -9999.000 -9999.000 -9999.000 -9999.000 -9999.000 -9999.000 -9999.000 -9999.000 -9999.000 -9999.000 -9999.000 -9999.000 -9999.000 -9999.000 -9999.000 -9999.000 -9999.000 -9999.000 -9999.000 -9999.000 -9999.000 -9999.000 -9999.000
-9999.000 -9999.000 -9999.000 -9999.000 -9999.000 -9999.000 -9999.000 -9999.000 -9999.000 -9999.000 -9999.000 -9999.000 -9999.000 -9999.000 -9999.000 0.5869311E-02 0.1323877E-01 0.2206804E-01 0.3064238E-01 0.3865345E-01 0.4587856E-01 0.5221080E-01 0.5762966E-01 0.6213902E-01 0.6569163E-01 0.6803485E-01 0.6843419E-01 0.6512645E-01 0.5409109E-01 0.3035552E-01 0.3035552E-01 -9999.000 -9999.000 -9999.000 -9999.000 -9999.000 -9999.000 -9999.000 -9999.000 -9999.000 -9999.000 -9999.000 -9999.000 -9999.000 -9999.000 -9999.000 -9999.000 -9999.000 -9999.000 -9999.000 -9999.000 -9999.000 -9999.000 -9999.000 -9999.000 -9999.000 -9999.000 -9999.000
-9999.000 -9999.000 -9999.000 -9999.000 -9999.000 -9999.000 -9999.000 -9999.000 -9999.000 -9999.000 -9999.000 -9999.000 -9999.000 -9999.000 -9999.000 0.6929498E-02 0.1540974E-01 0.2539166E-01 0.3508383E-01 0.4419521E-01 0.5251485E-01 0.5995823E-01 0.6653539E-01 0.7228224E-01 0.7717359E-01 0.8094288E-01 0.8275294E-01 0.8052240E-01 0.6933118E-01 0.3999805E-01 0.3999805E-01 -9999.000 -9999.000 -9999.000 -9999.000 -9999.000 -9999.000 -9999.000 -9999.000 -9999.000 -9999.000 -9999.000 -9999.000 -9999.000 -9999.000 -9999.000 -9999.000 -9999.000 -9999.000 -9999.000 -9999.000 -9999.000 -9999.000 -9999.000 -9999.000 -9999.000 -9999.000 -9999.000
-9999.000 -9999.000 -9999.000 -9999.000 -9999.000 -9999.000 -9999.000 -9999.000 -9999.000 -9999.000 -9999.000 -9999.000 -9999.000 -9999.000 -9999.000 0.2192606E-01 0.3716583E-01 0.5243370E-01 0.6484013E-01 0.7487252E-01 0.8294348E-01 0.8946088E-01 0.9478598E-01 0.9918313E-01 0.1027473 0.1052346 0.1057275 0.1018679 0.8788354E-01 0.4627468E-01 0.4627468E-01 -9999.000 -9999.000 -9999.000 -9999.000 -9999.000 -9999.000 -9999.000 -9999.000 -9999.000 -9999.000 -9999.000 -9999.000 -9999.000 -9999.000 -9999.000 -9999.000 -9999.000 -9999.000 -9999.000 -9999.000 -9999.000 -9999.000 -9999.000 -9999.000 -9999.000 -9999.000 -9999.000
2.131014 2.131014 2.172898 2.219054 2.227260 2.227260 2.232761 2.239293 2.239293 2.242235 2.242235 2.242772 2.242337 2.241512 2.240343 2.240343 1.968540 1.922755 1.870837 1.807859 1.731979 1.643139 1.542304 1.431374 1.313620 1.194373 1.082153 0.9907847 0.9453027 0.9916940 0.9916940 1.875538 2.027298 2.054202 2.042691 2.042691 1.997547 1.997547 1.886939 1.886939 1.647789 1.306239 1.306239 1.214117 1.214117 1.234268 1.234268 1.234268 1.284944 1.284944 1.344019 1.344019 1.391486 1.391486 1.430432 1.430432 1.459351 1.459351
2.144505 2.144505 2.201725 2.260002 2.277486 2.277486 2.292262 2.317233 2.317233 2.338458 2.338458 2.357133 2.365717 2.373874 2.381650 2.381650 2.221743 2.201885 2.191262 2.177296 2.154768 2.120157 2.072520 2.011116 1.936343 1.850522 1.759023 1.671983 1.609305 1.620706 1.620706 2.124733 2.283106 2.397866 2.417739 2.417739 2.415415 2.415415 2.357616 2.357616 2.255314 1.952605 1.952605 1.837567 1.837567 1.858802 1.858802 1.858802 1.894668 1.894668 1.955196 1.955196 2.001977 2.001977 2.042308 2.042308 2.075127 2.075127
2.147325 2.147325 2.205859 2.260230 2.277856 2.277856 2.292854 2.318315 2.318315 2.340057 2.340057 2.359311 2.368212 2.376707 2.384842 2.384842 2.263358 2.243977 2.245429 2.250611 2.251883 2.245764 2.230869 2.205937 2.170254 2.123728 2.068678 2.014092 1.972063 1.979269 1.979269 2.326082 2.470599 2.611390 2.642190 2.642190 2.650450 2.650450 2.597672 2.597672 2.534481 2.327252 2.327252 2.195320 2.195320 2.196369 2.196369 2.196369 2.231587 2.231587 2.276602 2.276602 2.315252 2.315252 2.348408 2.348408 2.375607 2.375607
2.149555 2.149555 2.208993 2.260164 2.277707 2.277707 2.292747 2.318310 2.318310 2.340088 2.340088 2.359349 2.368252 2.376751 2.384894 2.384894 2.291711 2.269022 2.272202 2.283965 2.294477 2.299726 2.298387 2.289663 2.273104 2.248628 2.217734 2.186095 2.162679 2.173874 2.173874 2.412713 2.545249 2.691371 2.724512 2.724512 2.730231 2.730231 2.677872 2.677872 2.634389 2.498093 2.498093 2.373489 2.373489 2.353369 2.353369 2.353369 2.383395 2.383395 2.422092 2.422092 2.457447 2.457447 2.487759 2.487759 2.512027 2.512027
2.151249 2.151249 2.211342 2.260147 2.277565 2.277565 2.292629 2.318286 2.318286 2.340098 2.340098 2.359353 2.368253 2.376749 2.384889 2.384889 2.318807 2.297175 2.300550 2.315239 2.330484 2.341413 2.346354 2.344719 2.336453 2.321869 2.302460 2.282716 2.269954 2.283505 2.283505 2.449042 2.567893 2.704103 2.730776 2.730776 2.723699 2.723699 2.678347 2.678347 2.652862 2.579013 2.579013 2.484235 2.484235 2.443691 2.443691 2.443691 2.465947 2.465947 2.499100 2.499100 2.531601 2.531601 2.559478 2.559478 2.581369 2.581369
2.152436 2.152436 2.212975 2.260159 2.277452 2.277452 2.292527 2.318266 2.318266 2.340107 2.340107 2.359358 2.368254 2.376747 2.384885 2.384885 2.344369 2.328969 2.333849 2.350288 2.368488 2.383086 2.391876 2.394096 2.389754 2.379380 2.364537 2.349167 2.339711 2.350724 2.350724 2.465700 2.565032 2.671469 2.683139 2.683139 2.663965 2.663965 2.641081 2.641081 2.635325 2.613005 2.613005 2.557945 2.557945 2.507915 2.507915 2.507915 2.519907 2.519907 2.546109 2.546109 2.574515 2.574515 2.599394 2.599394 2.618812 2.618812
2.153139 2.153139 2.213937 2.260177 2.277380 2.277380 2.292458 2.318251 2.318251 2.340113 2.340113 2.359362 2.368255 2.376745 2.384882 2.384882 2.368678 2.363569 2.372324 2.390417 2.410470 2.427466 2.438884 2.443667 2.441639 2.433264 2.419985 2.405248 2.394788 2.399503 2.399503 2.474468 2.545295 2.597117 2.591378 2.591378 2.577905 2.577905 2.591523 2.591523 2.604413 2.620770 2.620770 2.603511 2.603511 2.559170 2.559170 2.559170 2.561398 2.561398 2.579274 2.579274 2.601994 2.601994 2.622920 2.622920 2.639289 2.639289
2.153372 2.153372 2.214253 2.260185 2.277356 2.277356 2.292434 2.318246 2.318246 2.340115 2.340115 2.359364 2.368255 2.376745 2.384881 2.384881 2.392971 2.400734 2.415781 2.436135 2.457345 2.475590 2.488512 2.494895 2.494329 2.487054 2.474209 2.458645 2.445204 2.440933 2.440933 2.477458 2.503834 2.481482 2.470351 2.470351 2.489791 2.489791 2.542332 2.542332 2.569864 2.613372 2.613372 2.626552 2.626552 2.599986 2.599986 2.599986 2.596135 2.596135 2.605617 2.605617 2.621367 2.621367 2.637097 2.637097 2.649582 2.649582
2.153139 2.153139 2.213936 2.260177 2.277381 2.277381 2.292459 2.318252 2.318252 2.340113 2.340113 2.359362 2.368255 2.376745 2.384882 2.384882 2.419226 2.441128 2.464213 2.487667 2.509669 2.528115 2.541331 2.548233 2.548285 2.541484 2.528589 2.511764 2.494539 2.477891 2.477891 2.465900 2.421647 2.338123 2.345583 2.345583 2.413747 2.413747 2.496923 2.496923 2.534700 2.596978 2.596978 2.632783 2.632783 2.629717 2.629717 2.629717 2.624904 2.624904 2.627544 2.627544 2.635735 2.635735 2.645150 2.645150 2.652893 2.652893
2.152436 2.152436 2.212975 2.260158 2.277452 2.277452 2.292526 2.318266 2.318266 2.340107 2.340107 2.359358 2.368254 2.376747 2.384885 2.384885 2.450084 2.486346 2.518111 2.545166 2.567700 2.585398 2.597648 2.603823 2.603463 2.596407 2.583051 2.564822 2.543016 2.505506 2.505506 2.413504 2.274024 2.198519 2.239662 2.239662 2.350834 2.350834 2.454310 2.454310 2.499139 2.574733 2.574733 2.626800 2.626800 2.647371 2.647371 2.647371 2.646071 2.646071 2.644483 2.644483 2.645486 2.645486 2.647933 2.647933 2.650274 2.650274
2.151249 2.151249 2.211342 2.260146 2.277565 2.277565 2.292629 2.318287 2.318287 2.340098 2.340098 2.359354 2.368253 2.376749 2.384889 2.384889 2.489008 2.538879 2.578612 2.608882 2.631382 2.647354 2.657361 2.661466 2.659495 2.651270 2.636913 2.617019 2.587913 2.503803 2.503803 2.271795 2.063956 2.087837 2.151081 2.151081 2.294483 2.294483 2.411352 2.411352 2.461438 2.546996 2.546996 2.610722 2.610722 2.651936 2.651936 2.651936 2.656826 2.656826 2.653730 2.653730 2.648740 2.648740 2.644248 2.644248 2.640957 2.640957
