simulation_files/asc/Velocity____330.0.asc
NCOLS        79
NROWS        79
XLLCENTER         -1.500000
YLLCENTER         -4.800000
CELLSIZE           0.100
NODATA_VALUE     -9999.0
[rows 0 to 26 of 79, columns 0 to 59 of 79]
-9999.000 -9999.000 -9999.000 -9999.000 -9999.000 -9999.000 -9999.000 -9999.000 -9999.000 -9999.000 -9999.000 -9999.000 -9999.000 -9999.000 -9999.000 0.9860013E-01 0.9680489E-01 0.9669504E-01 0.9720185E-01 0.9795521E-01 0.9877714E-01 0.9956761E-01 0.1002105 0.1007192 0.1010827 0.1013157 0.1014891 0.1018160 0.1028855 0.1039089 0.1039089 -9999.000 -9999.000 -9999.000 -9999.000 -9999.000 -9999.000 -9999.000 -9999.000 -9999.000 -9999.000 -9999.000 -9999.000 -9999.000 -9999.000 -9999.000 -9999.000 -9999.000 -9999.000 -9999.000 -9999.000 -9999.000 -9999.000 -9999.000 -9999.000 -9999.000 -9999.000 -9999.000 -9999.000 -9999.000
-9999.000 -9999.000 -9999.000 -9999.000 -9999.000 -9999.000 -9999.000 -9999.000 -9999.000 -9999.000 -9999.000 -9999.000 -9999.000 -9999.000 -9999.000 0.9702754E-01 0.9341083E-01 0.9323474E-01 0.9434380E-01 0.9596911E-01 0.9775202E-01 0.9949128E-01 0.1009424 0.1021240 0.1030051 0.1036110 0.1040956 0.1049362 0.1074413 0.1101880 0.1101880 -9999.000 -9999.000 -9999.000 -9999.000 -9999.000 -9999.000 -9999.000 -9999.000 -9999.000 -9999.000 -9999.000 -9999.000 -9999.000 -9999.000 -9999.000 -9999.000 -9999.000 -9999.000 -9999.000 -9999.000 -9999.000 -9999.000 -9999.000 -9999.000 -9999.000 -9999.000 -9999.000 -9999.000 -9999.000
-9999.000 -9999.000 -9999.000 -9999.000 -9999.000 -9999.000 -9999.000 -9999.000 -9999.000 -9999.000 -9999.000 -9999.000 -9999.000 -9999.000 -9999.000 0.9402604E-01 0.8854032E-01 0.8827598E-01 0.9007526E-01 0.9271827E-01 0.9564916E-01 0.9856480E-01 0.1010875 0.1032493 0.1049956 0.1063549 0.1075582 0.1093589 0.1138462 0.1191581 0.1191581 -9999.000 -9999.000 -9999.000 -9999.000 -9999.000 -9999.000 -9999.000 -9999.000 -9999.000 -9999.000 -9999.000 -9999.000 -9999.000 -9999.000 -9999.000 -9999.000 -9999.000 -9999.000 -9999.000 -9999.000 -9999.000 -9999.000 -9999.000 -9999.000 -9999.000 -9999.000 -9999.000 -9999.000 -9999.000
-9999.000 -9999.000 -9999.000 -9999.000 -9999.000 -9999.000 -9999.000 -9999.000 -9999.000 -9999.000 -9999.000 -9999.000 -9999.000 -9999.000 -9999.000 0.9032873E-01 0.8308417E-01 0.8274765E-01 0.8526615E-01 0.8895837E-01 0.9307641E-01 0.9722450E-01 0.1008977 0.1041489 0.1068953 0.1091616 0.1112469 0.1141793 0.1208573 0.1293047 0.1293047 -9999.000 -9999.000 -9999.000 -9999.000 -9999.000 -9999.000 -9999.000 -9999.000 -9999.000 -9999.000 -9999.000 -9999.000 -9999.000 -9999.000 -9999.000 -9999.000 -9999.000 -9999.000 -9999.000 -9999.000 -9999.000 -9999.000 -9999.000 -9999.000 -9999.000 -9999.000 -9999.000 -9999.000 -9999.000
-9999.000 -9999.000 -9999.000 -9999.000 -9999.000 -9999.000 -9999.000 -9999.000 -9999.000 -9999.000 -9999.000 -9999.000 -9999.000 -9999.000 -9999.000 0.8616721E-01 0.7724303E-01 0.7685775E-01 0.8013014E-01 0.8490226E-01 0.9023736E-01 0.9565511E-01 0.1005263 0.1049321 0.1087584 0.1120208 0.1150854 0.1192636 0.1283084 0.1404866 0.1404866 -9999.000 -9999.000 -9999.000 -9999.000 -9999.000 -9999.000 -9999.000 -9999.000 -9999.000 -9999.000 -9999.000 -9999.000 -9999.000 -9999.000 -9999.000 -9999.000 -9999.000 -9999.000 -9999.000 -9999.000 -9999.000 -9999.000 -9999.000 -9999.000 -9999.000 -9999.000 -9999.000 -9999.000 -9999.000
-9999.000 -9999.000 -9999.000 -9999.000 -9999.000 -9999.000 -9999.000 -9999.000 -9999.000 -9999.000 -9999.000 -9999.000 -9999.000 -9999.000 -9999.000 0.8162899E-01 0.7110516E-01 0.7071117E-01 0.7478535E-01 0.8067311E-01 0.8725205E-01 0.9396677E-01 0.1000663 0.1056695 0.1106261 0.1149412 0.1190482 0.1245577 0.1361384 0.1527267 0.1527267 -9999.000 -9999.000 -9999.000 -9999.000 -9999.000 -9999.000 -9999.000 -9999.000 -9999.000 -9999.000 -9999.000 -9999.000 -9999.000 -9999.000 -9999.000 -9999.000 -9999.000 -9999.000 -9999.000 -9999.000 -9999.000 -9999.000 -9999.000 -9999.000 -9999.000 -9999.000 -9999.000 -9999.000 -9999.000
-9999.000 -9999.000 -9999.000 -9999.000 -9999.000 -9999.000 -9999.000 -9999.000 -9999.000 -9999.000 -9999.000 -9999.000 -9999.000 -9999.000 -9999.000 0.7673249E-01 0.6470417E-01 0.6436436E-01 0.6930314E-01 0.7634552E-01 0.8419114E-01 0.9222262E-01 0.9957027E-01 0.1064011 0.1125230 0.1179294 0.1231244 0.1300395 0.1443349 0.1661498 0.1661498 -9999.000 -9999.000 -9999.000 -9999.000 -9999.000 -9999.000 -9999.000 -9999.000 -9999.000 -9999.000 -9999.000 -9999.000 -9999.000 -9999.000 -9999.000 -9999.000 -9999.000 -9999.000 -9999.000 -9999.000 -9999.000 -9999.000 -9999.000 -9999.000 -9999.000 -9999.000 -9999.000 -9999.000 -9999.000
-9999.000 -9999.000 -9999.000 -9999.000 -9999.000 -9999.000 -9999.000 -9999.000 -9999.000 -9999.000 -9999.000 -9999.000 -9999.000 -9999.000 -9999.000 0.7146185E-01 0.5804934E-01 0.5785776E-01 0.6373955E-01 0.7197433E-01 0.8110242E-01 0.9046248E-01 0.9906938E-01 0.1071501 0.1144635 0.1209890 0.1273088 0.1357009 0.1529101 0.1809626 0.1809626 -9999.000 -9999.000 -9999.000 -9999.000 -9999.000 -9999.000 -9999.000 -9999.000 -9999.000 -9999.000 -9999.000 -9999.000 -9999.000 -9999.000 -9999.000 -9999.000 -9999.000 -9999.000 -9999.000 -9999.000 -9999.000 -9999.000 -9999.000 -9999.000 -9999.000 -9999.000 -9999.000 -9999.000 -9999.000
-9999.000 -9999.000 -9999.000 -9999.000 -9999.000 -9999.000 -9999.000 -9999.000 -9999.000 -9999.000 -9999.000 -9999.000 -9999.000 -9999.000 -9999.000 0.6578174E-01 0.5114199E-01 0.5123855E-01 0.5815890E-01 0.6761625E-01 0.7802916E-01 0.8871800E-01 0.9858628E-01 0.1079323 0.1164563 0.1241223 0.1315977 0.1415396 0.1618897 0.1974555 0.1974555 -9999.000 -9999.000 -9999.000 -9999.000 -9999.000 -9999.000 -9999.000 -9999.000 -9999.000 -9999.000 -9999.000 -9999.000 -9999.000 -9999.000 -9999.000 -9999.000 -9999.000 -9999.000 -9999.000 -9999.000 -9999.000 -9999.000 -9999.000 -9999.000 -9999.000 -9999.000 -9999.000 -9999.000 -9999.000
-9999.000 -9999.000 -9999.000 -9999.000 -9999.000 -9999.000 -9999.000 -9999.000 -9999.000 -9999.000 -9999.000 -9999.000 -9999.000 -9999.000 -9999.000 0.5964541E-01 0.4399021E-01 0.4458911E-01 0.5265576E-01 0.6334412E-01 0.7502167E-01 0.8702336E-01 0.9814399E-01 0.1087640 0.1185109 0.1273324 0.1359895 0.1475573 0.1713084 0.2160231 0.2160231 -9999.000 -9999.000 -9999.000 -9999.000 -9999.000 -9999.000 -9999.000 -9999.000 -9999.000 -9999.000 -9999.000 -9999.000 -9999.000 -9999.000 -9999.000 -9999.000 -9999.000 -9999.000 -9999.000 -9999.000 -9999.000 -9999.000 -9999.000 -9999.000 -9999.000 -9999.000 -9999.000 -9999.000 -9999.000
-9999.000 -9999.000 -9999.000 -9999.000 -9999.000 -9999.000 -9999.000 -9999.000 -9999.000 -9999.000 -9999.000 -9999.000 -9999.000 -9999.000 -9999.000 0.5299583E-01 0.3663081E-01 0.3807366E-01 0.4738718E-01 0.5926568E-01 0.7214919E-01 0.8542404E-01 0.9777352E-01 0.1096676 0.1206419 0.1306260 0.1404855 0.1537585 0.1812087 0.2372044 0.2372044 -9999.000 -9999.000 -9999.000 -9999.000 -9999.000 -9999.000 -9999.000 -9999.000 -9999.000 -9999.000 -9999.000 -9999.000 -9999.000 -9999.000 -9999.000 -9999.000 -9999.000 -9999.000 -9999.000 -9999.000 -9999.000 -9999.000 -9999.000 -9999.000 -9999.000 -9999.000 -9999.000 -9999.000 -9999.000
-9999.000 -9999.000 -9999.000 -9999.000 -9999.000 -9999.000 -9999.000 -9999.000 -9999.000 -9999.000 -9999.000 -9999.000 -9999.000 -9999.000 -9999.000 0.4576741E-01 0.2918762E-01 0.3203943E-01 0.4262084E-01 0.5554688E-01 0.6951541E-01 0.8398915E-01 0.9752458E-01 0.1106807 0.1228763 0.1340208 0.1450956 0.1601547 0.1916424 0.2617483 0.2617483 -9999.000 -9999.000 -9999.000 -9999.000 -9999.000 -9999.000 -9999.000 -9999.000 -9999.000 -9999.000 -9999.000 -9999.000 -9999.000 -9999.000 -9999.000 -9999.000 -9999.000 -9999.000 -9999.000 -9999.000 -9999.000 -9999.000 -9999.000 -9999.000 -9999.000 -9999.000 -9999.000 -9999.000 -9999.000
-9999.000 -9999.000 -9999.000 -9999.000 -9999.000 -9999.000 -9999.000 -9999.000 -9999.000 -9999.000 -9999.000 -9999.000 -9999.000 -9999.000 -9999.000 0.3788864E-01 0.2205744E-01 0.2721831E-01 0.3880882E-01 0.5244805E-01 0.6728283E-01 0.8283054E-01 0.9748235E-01 0.1118721 0.1252690 0.1375581 0.1498505 0.1667738 0.2026770 0.2907268 0.2907268 -9999.000 -9999.000 -9999.000 -9999.000 -9999.000 -9999.000 -9999.000 -9999.000 -9999.000 -9999.000 -9999.000 -9999.000 -9999.000 -9999.000 -9999.000 -9999.000 -9999.000 -9999.000 -9999.000 -9999.000 -9999.000 -9999.000 -9999.000 -9999.000 -9999.000 -9999.000 -9999.000 -9999.000 -9999.000
-9999.000 -9999.000 -9999.000 -9999.000 -9999.000 -9999.000 -9999.000 -9999.000 -9999.000 -9999.000 -9999.000 -9999.000 -9999.000 -9999.000 -9999.000 0.2924971E-01 0.1670638E-01 0.2519581E-01 0.3690583E-01 0.5059813E-01 0.6590103E-01 0.8228637E-01 0.9791564E-01 0.1134599 0.1279972 0.1413830 0.1548680 0.1737147 0.2144307 0.3257540 0.3257540 -9999.000 -9999.000 -9999.000 -9999.000 -9999.000 -9999.000 -9999.000 -9999.000 -9999.000 -9999.000 -9999.000 -9999.000 -9999.000 -9999.000 -9999.000 -9999.000 -9999.000 -9999.000 -9999.000 -9999.000 -9999.000 -9999.000 -9999.000 -9999.000 -9999.000 -9999.000 -9999.000 -9999.000 -9999.000
-9999.000 -9999.000 -9999.000 -9999.000 -9999.000 -9999.000 -9999.000 -9999.000 -9999.000 -9999.000 -9999.000 -9999.000 -9999.000 -9999.000 -9999.000 0.4153106E-01 0.6353372E-01 0.7272626E-01 0.7504456E-01 0.7991233E-01 0.8707114E-01 0.9701017E-01 0.1081516 0.1208375 0.1337014 0.1462757 0.1597288 0.1798930 0.2256633 0.3662828 0.3662828 -9999.000 -9999.000 -9999.000 -9999.000 -9999.000 -9999.000 -9999.000 -9999.000 -9999.000 -9999.000 -9999.000 -9999.000 -9999.000 -9999.000 -9999.000 -9999.000 -9999.000 -9999.000 -9999.000 -9999.000 -9999.000 -9999.000 -9999.000 -9999.000 -9999.000 -9999.000 -9999.000 -9999.000 -9999.000
2.718794 2.718794 2.697773 2.735386 2.751046 2.751046 2.752827 2.751306 2.751306 2.747442 2.747442 2.742003 2.738780 2.735264 2.731586 2.731586 2.816829 2.819287 2.811033 2.783980 2.738003 2.671712 2.582830 2.474603 2.347185 2.202946 2.046620 1.889262 1.758708 1.729205 1.729205 2.553356 2.718952 2.807083 2.827474 2.827474 2.849704 2.849704 2.812953 2.812953 2.757985 2.548696 2.548696 2.085422 2.085422 1.913686 1.913686 1.913686 1.922337 1.922337 1.963623 1.963623 2.013330 2.013330 2.062026 2.062026 2.103802 2.103802 2.103802 2.135069
2.741254 2.741254 2.727955 2.787488 2.810184 2.810184 2.823323 2.843808 2.843808 2.861540 2.861540 2.877475 2.884870 2.891924 2.898768 2.898768 2.963335 2.977498 2.989224 2.996650 2.999001 2.994274 2.979500 2.953004 2.912154 2.855063 2.781007 2.691722 2.594423 2.537410 2.537410 2.979399 3.131594 3.275305 3.313181 3.313181 3.352273 3.352273 3.342174 3.342174 3.313645 3.194485 3.194485 2.931507 2.931507 2.729781 2.729781 2.729781 2.737914 2.737914 2.780702 2.780702 2.833376 2.833376 2.884806 2.884806 2.929977 2.929977 2.929977 2.966476
2.744209 2.744209 2.729278 2.788877 2.809943 2.809943 2.823700 2.845160 2.845160 2.863572 2.863572 2.880166 2.887919 2.895354 2.902621 2.902621 2.962023 2.986072 3.008642 3.028271 3.044443 3.056509 3.063312 3.064139 3.057527 3.041785 3.015420 2.978132 2.933140 2.906305 2.906305 3.162990 3.307709 3.472354 3.518969 3.518969 3.561167 3.561167 3.540183 3.540183 3.506258 3.402184 3.402184 3.228449 3.228449 3.028892 3.028892 3.028892 3.020982 3.020982 3.053479 3.053479 3.098512 3.098512 3.143767 3.143767 3.184195 3.184195 3.184195 3.217252
2.743686 2.743686 2.731142 2.789269 2.809368 2.809368 2.823345 2.845137 2.845137 2.863666 2.863666 2.880325 2.888100 2.895548 2.902852 2.902852 2.960309 2.993169 3.025323 3.054323 3.079160 3.099368 3.114506 3.124546 3.129233 3.128087 3.120527 3.106444 3.087765 3.080397 3.080397 3.239825 3.368869 3.537491 3.586425 3.586425 3.618774 3.618774 3.575114 3.575114 3.535428 3.450958 3.450958 3.345580 3.345580 3.173076 3.173076 3.173076 3.148081 3.148081 3.168475 3.168475 3.206493 3.206493 3.247578 3.247578 3.285086 3.285086 3.285086 3.315821
2.745157 2.745157 2.732740 2.789232 2.808705 2.808705 2.822832 2.844911 2.844911 2.863536 2.863536 2.880260 2.888067 2.895546 2.902921 2.902921 2.962095 3.003036 3.044062 3.081742 3.114574 3.141936 3.163514 3.179391 3.189718 3.194635 3.194298 3.189169 3.181028 3.180496 3.180496 3.283406 3.392301 3.549015 3.589556 3.589556 3.589783 3.589783 3.522359 3.522359 3.486639 3.437748 3.437748 3.391272 3.391272 3.263806 3.263806 3.263806 3.226015 3.226015 3.231953 3.231953 3.260727 3.260727 3.296458 3.296458 3.330433 3.330433 3.330433 3.358370
2.746270 2.746270 2.733708 2.789229 2.808303 2.808303 2.822523 2.844803 2.844803 2.863473 2.863473 2.880199 2.888006 2.895489 2.902936 2.902936 2.968284 3.017034 3.066261 3.111877 3.152077 3.186114 3.213676 3.234812 3.249735 3.258758 3.262293 3.261055 3.256738 3.256756 3.256756 3.322135 3.407661 3.531298 3.546992 3.546992 3.495244 3.495244 3.424640 3.424640 3.406875 3.403138 3.403138 3.403479 3.403479 3.327924 3.327924 3.327924 3.286455 3.286455 3.278962 3.278962 3.296380 3.296380 3.324599 3.324599 3.353418 3.353418 3.353418 3.377351
2.746963 2.746963 2.734223 2.789225 2.808078 2.808078 2.822348 2.844752 2.844752 2.863461 2.863461 2.880189 2.887994 2.895473 2.903014 2.903014 2.979868 3.036573 3.093425 3.146146 3.192886 3.232882 3.265855 3.291831 3.311009 3.323702 3.330351 3.331659 3.329058 3.327616 3.327616 3.366181 3.425152 3.482481 3.452689 3.452689 3.354165 3.354165 3.316658 3.316658 3.325175 3.363564 3.363564 3.397721 3.397721 3.371574 3.371574 3.371574 3.336398 3.336398 3.320070 3.320070 3.325789 3.325789 3.344569 3.344569 3.366347 3.366347 3.366347 3.384808
2.747199 2.747199 2.734383 2.789224 2.808006 2.808006 2.822293 2.844738 2.844738 2.863461 2.863461 2.880192 2.887995 2.895473 2.903148 2.903148 2.997974 3.063132 3.127175 3.186152 3.238444 3.283443 3.320980 3.351121 3.374065 3.390097 3.399606 3.403175 3.401866 3.398686 3.398686 3.416456 3.442477 3.381528 3.296634 3.296634 3.199091 3.199091 3.223502 3.223502 3.255889 3.325098 3.325098 3.382132 3.382132 3.397711 3.397711 3.397711 3.376068 3.376068 3.357304 3.357304 3.353162 3.353162 3.361491 3.361491 3.374477 3.374477 3.374477 3.385939
2.746963 2.746963 2.734223 2.789225 2.808078 2.808078 2.822349 2.844753 2.844753 2.863461 2.863461 2.880189 2.887994 2.895473 2.903340 2.903340 3.024162 3.098478 3.169338 3.233661 3.290372 3.339196 3.380187 3.413526 3.439460 3.458267 3.470275 3.475929 3.475819 3.470524 3.470524 3.467611 3.442612 3.205586 3.093523 3.093523 3.065902 3.065902 3.150895 3.150895 3.198957 3.287672 3.287672 3.360093 3.360093 3.408530 3.408530 3.408530 3.403676 3.403676 3.388483 3.388483 3.377956 3.377956 3.376110 3.376110 3.379120 3.379120 3.379120 3.382287
2.746269 2.746269 2.733708 2.789229 2.808303 2.808303 2.822523 2.844803 2.844803 2.863474 2.863474 2.880198 2.888006 2.895489 2.903625 2.903625 3.060750 3.144934 3.222140 3.290737 3.350518 3.401747 3.444806 3.480084 3.507930 3.528651 3.542542 3.549898 3.550550 3.540520 3.540520 3.503832 3.383393 2.967383 2.893782 2.893782 2.969702 2.969702 3.092350 3.092350 3.148891 3.249696 3.249696 3.332839 3.332839 3.406064 3.406064 3.406064 3.417855 3.417855 3.410308 3.410308 3.397365 3.397365 3.386802 3.386802 3.379455 3.379455 3.379455 3.373493
2.745157 2.745157 2.732741 2.789232 2.808705 2.808705 2.822832 2.844911 2.844911 2.863537 2.863537 2.880260 2.888067 2.895546 2.904047 2.904047 3.111249 3.205705 3.288405 3.359824 3.420978 3.472862 3.516308 3.551976 3.580364 3.601849 3.616716 3.625060 3.624789 3.599166 3.599166 3.481547 3.200200 2.733543 2.748421 2.748421 2.899058 2.899058 3.039137 3.039137 3.100025 3.208957 3.208957 3.299770 3.299770 3.391037 3.391037 3.391037 3.417235 3.417235 3.418997 3.418997 3.406911 3.406911 3.389804 3.389804 3.372642 3.372642 3.372642 3.357412
2.743685 2.743685 2.731143 2.789270 2.809368 2.809368 2.823345 2.845137 2.845137 2.863666 2.863666 2.880324 2.888099 2.895548 2.904544 2.904544 3.181130 3.285389 3.371865 3.443933 3.504183 3.554513 3.596286 3.630474 3.657752 3.678575 3.693248 3.701319 3.693756 3.611273 3.611273 3.309695 2.867316 2.582130 2.649172 2.649172 2.832340 2.832340 2.980739 2.980739 3.044134 3.159600 3.159600 3.256132 3.256132 3.360402 3.360402 3.360402 3.398000 3.398000 3.408714 3.408714 3.399232 3.399232 3.377833 3.377833 3.352200 3.352200 3.352200 3.328402
