simulation_files/asc/Velocity____9.0.asc
NCOLS        79
NROWS        79
XLLCENTER         -1.500000
YLLCENTER         -4.800000
CELLSIZE           0.100
NODATA_VALUE     -9999.0
[rows 0 to 26 of 79, columns 0 to 59 of 79]
-9999.000 -9999.000 -9999.000 -9999.000 -9999.000 -9999.000 -9999.000 -9999.000 -9999.000 -9999.000 -9999.000 -9999.000 -9999.000 -9999.000 -9999.000 1.350594 1.363538 1.363954 1.364102 1.364156 1.364176 1.364183 1.364184 1.364182 1.364176 1.364156 1.364102 1.363955 1.363538 1.350594 1.350594 -9999.000 -9999.000 -9999.000 -9999.000 -9999.000 -9999.000 -9999.000 -9999.000 -9999.000 -9999.000 -9999.000 -9999.000 -9999.000 -9999.000 -9999.000 -9999.000 -9999.000 -9999.000 -9999.000 -9999.000 -9999.000 -9999.000 -9999.000 -9999.000 -9999.000 -9999.000 -9999.000 -9999.000 -9999.000
-9999.000 -9999.000 -9999.000 -9999.000 -9999.000 -9999.000 -9999.000 -9999.000 -9999.000 -9999.000 -9999.000 -9999.000 -9999.000 -9999.000 -9999.000 1.335969 1.359540 1.360353 1.360715 1.360881 1.360954 1.360983 1.360991 1.360983 1.360954 1.360881 1.360715 1.360353 1.359540 1.335969 1.335969 -9999.000 -9999.000 -9999.000 -9999.000 -9999.000 -9999.000 -9999.000 -9999.000 -9999.000 -9999.000 -9999.000 -9999.000 -9999.000 -9999.000 -9999.000 -9999.000 -9999.000 -9999.000 -9999.000 -9999.000 -9999.000 -9999.000 -9999.000 -9999.000 -9999.000 -9999.000 -9999.000 -9999.000 -9999.000
-9999.000 -9999.000 -9999.000 -9999.000 -9999.000 -9999.000 -9999.000 -9999.000 -9999.000 -9999.000 -9999.000 -9999.000 -9999.000 -9999.000 -9999.000 1.323147 1.355746 1.356818 1.357371 1.357677 1.357833 1.357904 1.357924 1.357904 1.357833 1.357677 1.357371 1.356818 1.355746 1.323147 1.323147 -9999.000 -9999.000 -9999.000 -9999.000 -9999.000 -9999.000 -9999.000 -9999.000 -9999.000 -9999.000 -9999.000 -9999.000 -9999.000 -9999.000 -9999.000 -9999.000 -9999.000 -9999.000 -9999.000 -9999.000 -9999.000 -9999.000 -9999.000 -9999.000 -9999.000 -9999.000 -9999.000 -9999.000 -9999.000
-9999.000 -9999.000 -9999.000 -9999.000 -9999.000 -9999.000 -9999.000 -9999.000 -9999.000 -9999.000 -9999.000 -9999.000 -9999.000 -9999.000 -9999.000 1.311693 1.352257 1.353452 1.354111 1.354542 1.354794 1.354919 1.354957 1.354919 1.354794 1.354542 1.354111 1.353452 1.352257 1.311693 1.311693 -9999.000 -9999.000 -9999.000 -9999.000 -9999.000 -9999.000 -9999.000 -9999.000 -9999.000 -9999.000 -9999.000 -9999.000 -9999.000 -9999.000 -9999.000 -9999.000 -9999.000 -9999.000 -9999.000 -9999.000 -9999.000 -9999.000 -9999.000 -9999.000 -9999.000 -9999.000 -9999.000 -9999.000 -9999.000
-9999.000 -9999.000 -9999.000 -9999.000 -9999.000 -9999.000 -9999.000 -9999.000 -9999.000 -9999.000 -9999.000 -9999.000 -9999.000 -9999.000 -9999.000 1.301238 1.349089 1.350321 1.350986 1.351495 1.351828 1.352011 1.352069 1.352011 1.351828 1.351495 1.350986 1.350321 1.349089 1.301238 1.301238 -9999.000 -9999.000 -9999.000 -9999.000 -9999.000 -9999.000 -9999.000 -9999.000 -9999.000 -9999.000 -9999.000 -9999.000 -9999.000 -9999.000 -9999.000 -9999.000 -9999.000 -9999.000 -9999.000 -9999.000 -9999.000 -9999.000 -9999.000 -9999.000 -9999.000 -9999.000 -9999.000 -9999.000 -9999.000
-9999.000 -9999.000 -9999.000 -9999.000 -9999.000 -9999.000 -9999.000 -9999.000 -9999.000 -9999.000 -9999.000 -9999.000 -9999.000 -9999.000 -9999.000 1.291500 1.346216 1.347454 1.348039 1.348559 1.348942 1.349169 1.349244 1.349169 1.348942 1.348559 1.348039 1.347454 1.346216 1.291500 1.291500 -9999.000 -9999.000 -9999.000 -9999.000 -9999.000 -9999.000 -9999.000 -9999.000 -9999.000 -9999.000 -9999.000 -9999.000 -9999.000 -9999.000 -9999.000 -9999.000 -9999.000 -9999.000 -9999.000 -9999.000 -9999.000 -9999.000 -9999.000 -9999.000 -9999.000 -9999.000 -9999.000 -9999.000 -9999.000
-9999.000 -9999.000 -9999.000 -9999.000 -9999.000 -9999.000 -9999.000 -9999.000 -9999.000 -9999.000 -9999.000 -9999.000 -9999.000 -9999.000 -9999.000 1.282284 1.343593 1.344847 1.345293 1.345761 1.346148 1.346395 1.346479 1.346395 1.346148 1.345761 1.345293 1.344848 1.343593 1.282284 1.282284 -9999.000 -9999.000 -9999.000 -9999.000 -9999.000 -9999.000 -9999.000 -9999.000 -9999.000 -9999.000 -9999.000 -9999.000 -9999.000 -9999.000 -9999.000 -9999.000 -9999.000 -9999.000 -9999.000 -9999.000 -9999.000 -9999.000 -9999.000 -9999.000 -9999.000 -9999.000 -9999.000 -9999.000 -9999.000
-9999.000 -9999.000 -9999.000 -9999.000 -9999.000 -9999.000 -9999.000 -9999.000 -9999.000 -9999.000 -9999.000 -9999.000 -9999.000 -9999.000 -9999.000 1.273457 1.341173 1.342479 1.342756 1.343120 1.343462 1.343698 1.343782 1.343698 1.343462 1.343120 1.342756 1.342480 1.341173 1.273457 1.273457 -9999.000 -9999.000 -9999.000 -9999.000 -9999.000 -9999.000 -9999.000 -9999.000 -9999.000 -9999.000 -9999.000 -9999.000 -9999.000 -9999.000 -9999.000 -9999.000 -9999.000 -9999.000 -9999.000 -9999.000 -9999.000 -9999.000 -9999.000 -9999.000 -9999.000 -9999.000 -9999.000 -9999.000 -9999.000
-9999.000 -9999.000 -9999.000 -9999.000 -9999.000 -9999.000 -9999.000 -9999.000 -9999.000 -9999.000 -9999.000 -9999.000 -9999.000 -9999.000 -9999.000 1.264935 1.338913 1.340319 1.340420 1.340644 1.340901 1.341096 1.341168 1.341096 1.340901 1.340645 1.340420 1.340319 1.338914 1.264935 1.264935 -9999.000 -9999.000 -9999.000 -9999.000 -9999.000 -9999.000 -9999.000 -9999.000 -9999.000 -9999.000 -9999.000 -9999.000 -9999.000 -9999.000 -9999.000 -9999.000 -9999.000 -9999.000 -9999.000 -9999.000 -9999.000 -9999.000 -9999.000 -9999.000 -9999.000 -9999.000 -9999.000 -9999.000 -9999.000
-9999.000 -9999.000 -9999.000 -9999.000 -9999.000 -9999.000 -9999.000 -9999.000 -9999.000 -9999.000 -9999.000 -9999.000 -9999.000 -9999.000 -9999.000 1.256666 1.336779 1.338330 1.338268 1.338337 1.338480 1.338609 1.338660 1.338609 1.338480 1.338337 1.338268 1.338330 1.336780 1.256667 1.256667 -9999.000 -9999.000 -9999.000 -9999.000 -9999.000 -9999.000 -9999.000 -9999.000 -9999.000 -9999.000 -9999.000 -9999.000 -9999.000 -9999.000 -9999.000 -9999.000 -9999.000 -9999.000 -9999.000 -9999.000 -9999.000 -9999.000 -9999.000 -9999.000 -9999.000 -9999.000 -9999.000 -9999.000 -9999.000
-9999.000 -9999.000 -9999.000 -9999.000 -9999.000 -9999.000 -9999.000 -9999.000 -9999.000 -9999.000 -9999.000 -9999.000 -9999.000 -9999.000 -9999.000 1.248620 1.334745 1.336483 1.336279 1.336193 1.336209 1.336257 1.336280 1.336257 1.336209 1.336193 1.336279 1.336482 1.334746 1.248620 1.248620 -9999.000 -9999.000 -9999.000 -9999.000 -9999.000 -9999.000 -9999.000 -9999.000 -9999.000 -9999.000 -9999.000 -9999.000 -9999.000 -9999.000 -9999.000 -9999.000 -9999.000 -9999.000 -9999.000 -9999.000 -9999.000 -9999.000 -9999.000 -9999.000 -9999.000 -9999.000 -9999.000 -9999.000 -9999.000
-9999.000 -9999.000 -9999.000 -9999.000 -9999.000 -9999.000 -9999.000 -9999.000 -9999.000 -9999.000 -9999.000 -9999.000 -9999.000 -9999.000 -9999.000 1.240775 1.332791 1.334750 1.334432 1.334204 1.334093 1.334055 1.334048 1.334056 1.334094 1.334204 1.334432 1.334750 1.332791 1.240775 1.240775 -9999.000 -9999.000 -9999.000 -9999.000 -9999.000 -9999.000 -9999.000 -9999.000 -9999.000 -9999.000 -9999.000 -9999.000 -9999.000 -9999.000 -9999.000 -9999.000 -9999.000 -9999.000 -9999.000 -9999.000 -9999.000 -9999.000 -9999.000 -9999.000 -9999.000 -9999.000 -9999.000 -9999.000 -9999.000
-9999.000 -9999.000 -9999.000 -9999.000 -9999.000 -9999.000 -9999.000 -9999.000 -9999.000 -9999.000 -9999.000 -9999.000 -9999.000 -9999.000 -9999.000 1.233119 1.330904 1.333112 1.332708 1.332361 1.332136 1.332016 1.331979 1.332016 1.332135 1.332361 1.332708 1.333111 1.330904 1.233119 1.233119 -9999.000 -9999.000 -9999.000 -9999.000 -9999.000 -9999.000 -9999.000 -9999.000 -9999.000 -9999.000 -9999.000 -9999.000 -9999.000 -9999.000 -9999.000 -9999.000 -9999.000 -9999.000 -9999.000 -9999.000 -9999.000 -9999.000 -9999.000 -9999.000 -9999.000 -9999.000 -9999.000 -9999.000 -9999.000
-9999.000 -9999.000 -9999.000 -9999.000 -9999.000 -9999.000 -9999.000 -9999.000 -9999.000 -9999.000 -9999.000 -9999.000 -9999.000 -9999.000 -9999.000 0.6962786 1.120443 1.294828 1.322352 1.328060 1.329538 1.329901 1.330009 1.330123 1.330326 1.330649 1.331091 1.331551 1.329077 1.225642 1.225642 -9999.000 -9999.000 -9999.000 -9999.000 -9999.000 -9999.000 -9999.000 -9999.000 -9999.000 -9999.000 -9999.000 -9999.000 -9999.000 -9999.000 -9999.000 -9999.000 -9999.000 -9999.000 -9999.000 -9999.000 -9999.000 -9999.000 -9999.000 -9999.000 -9999.000 -9999.000 -9999.000 -9999.000 -9999.000
-9999.000 -9999.000 -9999.000 -9999.000 -9999.000 -9999.000 -9999.000 -9999.000 -9999.000 -9999.000 -9999.000 -9999.000 -9999.000 -9999.000 -9999.000 0.3355811 0.5601400 0.7328002 0.9452365 1.197235 1.288811 1.316575 1.324605 1.327228 1.328286 1.328938 1.329528 1.330049 1.327300 1.218336 1.218336 -9999.000 -9999.000 -9999.000 -9999.000 -9999.000 -9999.000 -9999.000 -9999.000 -9999.000 -9999.000 -9999.000 -9999.000 -9999.000 -9999.000 -9999.000 -9999.000 -9999.000 -9999.000 -9999.000 -9999.000 -9999.000 -9999.000 -9999.000 -9999.000 -9999.000 -9999.000 -9999.000 -9999.000 -9999.000
0.7626536 0.7626536 0.5650648 0.4623400 0.4302322 0.4302322 0.4001250 0.3438379 0.3438379 0.2897340 0.2897340 0.2351352 0.2070121 0.1779595 0.1471755 0.1471755 0.4483643 0.5611495 0.6411528 0.7343901 0.8912439 1.112625 1.242915 1.292958 1.309709 1.316041 1.319976 1.325340 1.335299 1.310845 1.310845 0.7245466 0.1218789 0.6382526E-01 0.6797135E-01 0.6797135E-01 -9999.000 -9999.000 -9999.000 -9999.000 -9999.000 -9999.000 -9999.000 -9999.000 -9999.000 0.6235646E-01 0.6235646E-01 0.6235646E-01 -9999.000 -9999.000 -9999.000 -9999.000 -9999.000 -9999.000 -9999.000 -9999.000 -9999.000 -9999.000 -9999.000 -9999.000
0.7817388 0.7817388 0.5759452 0.4757613 0.4460047 0.4460047 0.4181432 0.3661261 0.3661261 0.3161037 0.3161037 0.2652700 0.2389515 0.2119341 0.1846454 0.1846454 0.4084896 0.5247245 0.6070513 0.6674622 0.7088214 0.7659494 0.8975663 1.089401 1.210340 1.268821 1.294772 1.312185 1.334052 1.339034 1.339034 1.030145 0.6184946 0.7049976E-01 0.9409430E-01 0.9409430E-01 0.8679542E-01 0.8679542E-01 0.1121077 0.1121077 0.1438259 0.2237349 0.2237349 0.2957857 0.2957857 0.3501309 0.3501309 0.3501309 0.3494135 0.3494135 0.3055475 0.3055475 0.1398196 0.1398196 -9999.000 -9999.000 -9999.000 -9999.000 -9999.000 -9999.000
0.7945052 0.7945052 0.5795149 0.4779507 0.4499713 0.4499713 0.4240949 0.3765306 0.3765306 0.3314558 0.3314558 0.2859411 0.2624104 0.2383064 0.2143715 0.2143715 0.3807635 0.4973277 0.5882965 0.6546023 0.6980448 0.7337562 0.7663009 0.8190640 0.9515632 1.108502 1.214539 1.277992 1.321748 1.339223 1.339223 1.148638 0.7171128 0.5149762E-01 0.1364019 0.1364019 0.1183652 0.1183652 0.1722960 0.1722960 0.2281869 0.3227712 0.3227712 0.3935735 0.3935735 0.4498756 0.4498756 0.4498756 0.4649037 0.4649037 0.4589465 0.4589465 0.4284634 0.4284634 0.3417100 0.3417100 -9999.000 -9999.000 -9999.000 -9999.000
0.8093914 0.8093914 0.5844062 0.4780155 0.4514124 0.4514124 0.4271399 0.3832616 0.3832616 0.3425617 0.3425617 0.3022313 0.2815897 0.2605498 0.2398853 0.2398853 0.3614406 0.4731191 0.5699432 0.6439063 0.6961261 0.7363425 0.7669000 0.7958686 0.8322710 0.9099911 1.047644 1.172393 1.268666 1.315871 1.315871 1.198101 0.9132465 0.2055129E-01 0.2249409 0.2249409 0.1497898 0.1497898 0.2300234 0.2300234 0.3011382 0.4075968 0.4075968 0.4754513 0.4754513 0.5275918 0.5275918 0.5275918 0.5425860 0.5425860 0.5447497 0.5447497 0.5254657 0.5254657 0.4839373 0.4839373 0.4002599 0.4002599 0.4002599 -9999.000
0.8262517 0.8262517 0.5917007 0.4777606 0.4526643 0.4526643 0.4301291 0.3900589 0.3900589 0.3536906 0.3536906 0.3183970 0.3005307 0.2823803 0.2645939 0.2645939 0.3508089 0.4527391 0.5516340 0.6323721 0.6933233 0.7403838 0.7765604 0.8079057 0.8380286 0.8735270 0.9310771 1.041435 1.162250 1.252184 1.252184 1.226107 1.062637 0.5820845 0.3622044 0.3622044 0.1677554 0.1677554 0.3070901 0.3070901 0.3923173 0.5087638 0.5087638 0.5683921 0.5683921 0.6054057 0.6054057 0.6054057 0.6204812 0.6204812 0.6161717 0.6161717 0.5995528 0.5995528 0.5705628 0.5705628 0.5124916 0.5124916 0.5124916 0.4088899
0.8436733 0.8436733 0.6014742 0.4772778 0.4539947 0.4539947 0.4334978 0.3976997 0.3976997 0.3659471 0.3659471 0.3357927 0.3206899 0.3053726 0.2903045 0.2903045 0.3496097 0.4382694 0.5349972 0.6203542 0.6889167 0.7429932 0.7854179 0.8213021 0.8540609 0.8873713 0.9249385 0.9789652 1.069506 1.167096 1.167096 1.217431 1.144125 0.7605463 0.5442076 0.5442076 0.2042059 0.2042059 0.4110176 0.4110176 0.4994276 0.6225774 0.6225774 0.6795213 0.6795213 0.6950361 0.6950361 0.6950361 0.6983358 0.6983358 0.6866824 0.6866824 0.6643518 0.6643518 0.6333143 0.6333143 0.5906464 0.5906464 0.5906464 0.5179143
0.8604864 0.8604864 0.6138892 0.4765246 0.4553660 0.4553660 0.4372112 0.4061828 0.4061828 0.3794201 0.3794201 0.3546799 0.3424639 0.3301093 0.3178934 0.3178934 0.3580691 0.4318761 0.5224031 0.6093185 0.6835723 0.7440410 0.7924996 0.8330353 0.8690922 0.9039516 0.9398752 0.9795638 1.033445 1.107967 1.107967 1.188119 1.168654 0.9289553 0.7873858 0.7873858 0.3227141 0.3227141 0.5291413 0.5291413 0.6270644 0.7405966 0.7405966 0.7908903 0.7908903 0.7911637 0.7911637 0.7911637 0.7813691 0.7813691 0.7601631 0.7601631 0.7298653 0.7298653 0.6928191 0.6928191 0.6482853 0.6482853 0.6482853 0.5897476
0.8750734 0.8750734 0.6287617 0.4754162 0.4566841 0.4566841 0.4411320 0.4152564 0.4152564 0.3938043 0.3938043 0.3748574 0.3657770 0.3566939 0.3477191 0.3477191 0.3758382 0.4351595 0.5163439 0.6013678 0.6787490 0.7442874 0.7981098 0.8430585 0.8822938 0.9189172 0.9552165 0.9929103 1.034929 1.088738 1.088738 1.167012 1.173465 1.046180 0.9443065 0.9443065 0.4878249 0.4878249 0.6738349 0.6738349 0.7481551 0.8477681 0.8477681 0.8939255 0.8939255 0.8872929 0.8872929 0.8872929 0.8673912 0.8673912 0.8366594 0.8366594 0.7976649 0.7976649 0.7528937 0.7528937 0.7034594 0.7034594 0.7034594 0.6455862
0.8862520 0.8862520 0.6455933 0.4739357 0.4578841 0.4578841 0.4451316 0.4246600 0.4246600 0.4087589 0.4087589 0.3960575 0.3904759 0.3851424 0.3800245 0.3800245 0.4023576 0.4489940 0.5190195 0.5988667 0.6764163 0.7450941 0.8031370 0.8519540 0.8940935 0.9323664 0.9691080 1.006071 1.045313 1.091617 1.091617 1.161728 1.180595 1.089443 0.8723067 0.8723067 0.6628726 0.6628726 0.8128650 0.8128650 0.8666285 0.9445823 0.9445823 0.9837878 0.9837878 0.9754686 0.9754686 0.9754686 0.9507401 0.9507401 0.9132996 0.9132996 0.8667020 0.8667020 0.8140662 0.8140662 0.7578442 0.7578442 0.7578442 0.6970417
0.8935156 0.8935156 0.6634305 0.4722132 0.4589936 0.4589936 0.4491327 0.4341269 0.4341269 0.4239133 0.4239133 0.4179834 0.4163994 0.4155116 0.4151701 0.4151701 0.4372962 0.4737338 0.5321322 0.6041397 0.6788126 0.7482374 0.8088847 0.8606478 0.9052052 0.9449109 0.9820051 1.018348 1.056015 1.099892 1.099892 1.164249 1.190631 0.9323930 0.7841370 0.7841370 0.8114629 0.8114629 0.9284855 0.9284855 0.9706315 1.031289 1.031289 1.061853 1.061853 1.051272 1.051272 1.051272 1.025193 1.025193 0.9848533 0.9848533 0.9335235 0.9335235 0.8746238 0.8746238 0.8116227 0.8116227 0.8116227 0.7459641
0.8971664 0.8971664 0.6809552 0.4706359 0.4602087 0.4602087 0.4531526 0.4433887 0.4433887 0.4388554 0.4388554 0.4402861 0.4433724 0.4479550 0.4538366 0.4538366 0.4809839 0.5096532 0.5569311 0.6192861 0.6882534 0.7557672 0.8169796 0.8703471 0.9165289 0.9572622 0.9945353 1.030215 1.066466 1.108167 1.108167 1.142785 1.044369 0.7933624 0.7714895 0.7714895 0.9049499 0.9049499 1.010249 1.010249 1.047735 1.099931 1.099931 1.125095 1.125095 1.112920 1.112920 1.112920 1.086962 1.086962 1.046345 1.046345 0.9933784 0.9933784 0.9309577 0.9309577 0.8627805 0.8627805 0.8627805 0.7921541
0.8987658 0.8987658 0.6960981 0.4696493 0.4617267 0.4617267 0.4571761 0.4521602 0.4521602 0.4531544 0.4531544 0.4625634 0.4711977 0.4827744 0.4973258 0.4973258 0.5349655 0.5575393 0.5945374 0.6461903 0.7070430 0.7699251 0.8293269 0.8825174 0.9291125 0.9700965 1.006966 1.040967 1.069981 1.064408 1.064408 0.9308922 0.8008599 0.7537405 0.7963214 0.7963214 0.9610454 0.9610454 1.061276 1.061276 1.097074 1.146424 1.146424 1.170008 1.170008 1.158771 1.158771 1.158771 1.134225 1.134225 1.094986 1.094986 1.042636 1.042636 0.9793308 0.9793308 0.9083641 0.9083641 0.9083641 0.8338916
