simulation_files/asc/Velocity__y_77.0.asc
NCOLS        79
NROWS        79
XLLCENTER         -1.500000
YLLCENTER         -4.800000
CELLSIZE           0.100
NODATA_VALUE     -9999.0
[rows 0 to 25 of 79, columns 0 to 58 of 79]
-9999.000 -9999.000 -9999.000 -9999.000 -9999.000 -9999.000 -9999.000 -9999.000 -9999.000 -9999.000 -9999.000 -9999.000 -9999.000 -9999.000 -9999.000 -0.2154558 -0.2143901 -0.2145495 -0.2147930 -0.2150453 -0.2153051 -0.2155854 -0.2159070 -0.2162988 -0.2168004 -0.2174676 -0.2183813 -0.2196612 -0.2213474 -0.2189126 -0.2189126 -9999.000 -9999.000 -9999.000 -9999.000 -9999.000 -9999.000 -9999.000 -9999.000 -9999.000 -9999.000 -9999.000 -9999.000 -9999.000 -9999.000 -9999.000 -9999.000 -9999.000 -9999.000 -9999.000 -9999.000 -9999.000 -9999.000 -9999.000 -9999.000 -9999.000 -9999.000 -9999.000 -9999.000
-9999.000 -9999.000 -9999.000 -9999.000 -9999.000 -9999.000 -9999.000 -9999.000 -9999.000 -9999.000 -9999.000 -9999.000 -9999.000 -9999.000 -9999.000 -0.2125709 -0.2101846 -0.2104694 -0.2109322 -0.2114120 -0.2119047 -0.2124402 -0.2130672 -0.2138535 -0.2148894 -0.2162962 -0.2182414 -0.2209594 -0.2244960 -0.2199692 -0.2199692 -9999.000 -9999.000 -9999.000 -9999.000 -9999.000 -9999.000 -9999.000 -9999.000 -9999.000 -9999.000 -9999.000 -9999.000 -9999.000 -9999.000 -9999.000 -9999.000 -9999.000 -9999.000 -9999.000 -9999.000 -9999.000 -9999.000 -9999.000 -9999.000 -9999.000 -9999.000 -9999.000 -9999.000
-9999.000 -9999.000 -9999.000 -9999.000 -9999.000 -9999.000 -9999.000 -9999.000 -9999.000 -9999.000 -9999.000 -9999.000 -9999.000 -9999.000 -9999.000 -0.2081593 -0.2042763 -0.2047285 -0.2055220 -0.2063842 -0.2073034 -0.2083300 -0.2095488 -0.2110776 -0.2130688 -0.2157183 -0.2192816 -0.2240941 -0.2301402 -0.2237428 -0.2237428 -9999.000 -9999.000 -9999.000 -9999.000 -9999.000 -9999.000 -9999.000 -9999.000 -9999.000 -9999.000 -9999.000 -9999.000 -9999.000 -9999.000 -9999.000 -9999.000 -9999.000 -9999.000 -9999.000 -9999.000 -9999.000 -9999.000 -9999.000 -9999.000 -9999.000 -9999.000 -9999.000 -9999.000
-9999.000 -9999.000 -9999.000 -9999.000 -9999.000 -9999.000 -9999.000 -9999.000 -9999.000 -9999.000 -9999.000 -9999.000 -9999.000 -9999.000 -9999.000 -0.2026806 -0.1973309 -0.1980048 -0.1992139 -0.2005692 -0.2020526 -0.2037354 -0.2057414 -0.2082399 -0.2114476 -0.2156366 -0.2211536 -0.2284416 -0.2374303 -0.2297370 -0.2297370 -9999.000 -9999.000 -9999.000 -9999.000 -9999.000 -9999.000 -9999.000 -9999.000 -9999.000 -9999.000 -9999.000 -9999.000 -9999.000 -9999.000 -9999.000 -9999.000 -9999.000 -9999.000 -9999.000 -9999.000 -9999.000 -9999.000 -9999.000 -9999.000 -9999.000 -9999.000 -9999.000 -9999.000
-9999.000 -9999.000 -9999.000 -9999.000 -9999.000 -9999.000 -9999.000 -9999.000 -9999.000 -9999.000 -9999.000 -9999.000 -9999.000 -9999.000 -9999.000 -0.1962008 -0.1894576 -0.1904060 -0.1921065 -0.1940500 -0.1962117 -0.1986866 -0.2016392 -0.2052952 -0.2099416 -0.2159344 -0.2237236 -0.2338778 -0.2462910 -0.2379470 -0.2379470 -9999.000 -9999.000 -9999.000 -9999.000 -9999.000 -9999.000 -9999.000 -9999.000 -9999.000 -9999.000 -9999.000 -9999.000 -9999.000 -9999.000 -9999.000 -9999.000 -9999.000 -9999.000 -9999.000 -9999.000 -9999.000 -9999.000 -9999.000 -9999.000 -9999.000 -9999.000 -9999.000 -9999.000
-9999.000 -9999.000 -9999.000 -9999.000 -9999.000 -9999.000 -9999.000 -9999.000 -9999.000 -9999.000 -9999.000 -9999.000 -9999.000 -9999.000 -9999.000 -0.1887336 -0.1807240 -0.1819979 -0.1842531 -0.1868621 -0.1897951 -0.1931721 -0.1972043 -0.2021800 -0.2084655 -0.2165155 -0.2269017 -0.2403477 -0.2567483 -0.2485207 -0.2485207 -9999.000 -9999.000 -9999.000 -9999.000 -9999.000 -9999.000 -9999.000 -9999.000 -9999.000 -9999.000 -9999.000 -9999.000 -9999.000 -9999.000 -9999.000 -9999.000 -9999.000 -9999.000 -9999.000 -9999.000 -9999.000 -9999.000 -9999.000 -9999.000 -9999.000 -9999.000 -9999.000 -9999.000
-9999.000 -9999.000 -9999.000 -9999.000 -9999.000 -9999.000 -9999.000 -9999.000 -9999.000 -9999.000 -9999.000 -9999.000 -9999.000 -9999.000 -9999.000 -0.1802434 -0.1711597 -0.1728091 -0.1756708 -0.1790063 -0.1827836 -0.1871525 -0.1923761 -0.1988159 -0.2069308 -0.2172933 -0.2306250 -0.2478455 -0.2689129 -0.2617531 -0.2617531 -9999.000 -9999.000 -9999.000 -9999.000 -9999.000 -9999.000 -9999.000 -9999.000 -9999.000 -9999.000 -9999.000 -9999.000 -9999.000 -9999.000 -9999.000 -9999.000 -9999.000 -9999.000 -9999.000 -9999.000 -9999.000 -9999.000 -9999.000 -9999.000 -9999.000 -9999.000 -9999.000 -9999.000
-9999.000 -9999.000 -9999.000 -9999.000 -9999.000 -9999.000 -9999.000 -9999.000 -9999.000 -9999.000 -9999.000 -9999.000 -9999.000 -9999.000 -9999.000 -0.1706498 -0.1607613 -0.1628381 -0.1663467 -0.1704544 -0.1751311 -0.1805625 -0.1870724 -0.1951073 -0.2052378 -0.2181794 -0.2348424 -0.2564009 -0.2829756 -0.2781138 -0.2781138 -9999.000 -9999.000 -9999.000 -9999.000 -9999.000 -9999.000 -9999.000 -9999.000 -9999.000 -9999.000 -9999.000 -9999.000 -9999.000 -9999.000 -9999.000 -9999.000 -9999.000 -9999.000 -9999.000 -9999.000 -9999.000 -9999.000 -9999.000 -9999.000 -9999.000 -9999.000 -9999.000 -9999.000
-9999.000 -9999.000 -9999.000 -9999.000 -9999.000 -9999.000 -9999.000 -9999.000 -9999.000 -9999.000 -9999.000 -9999.000 -9999.000 -9999.000 -9999.000 -0.1598315 -0.1494954 -0.1520549 -0.1562406 -0.1611508 -0.1667647 -0.1733106 -0.1811841 -0.1909339 -0.2032644 -0.2190696 -0.2395003 -0.2660690 -0.2992118 -0.2983057 -0.2983057 -9999.000 -9999.000 -9999.000 -9999.000 -9999.000 -9999.000 -9999.000 -9999.000 -9999.000 -9999.000 -9999.000 -9999.000 -9999.000 -9999.000 -9999.000 -9999.000 -9999.000 -9999.000 -9999.000 -9999.000 -9999.000 -9999.000 -9999.000 -9999.000 -9999.000 -9999.000 -9999.000 -9999.000
-9999.000 -9999.000 -9999.000 -9999.000 -9999.000 -9999.000 -9999.000 -9999.000 -9999.000 -9999.000 -9999.000 -9999.000 -9999.000 -9999.000 -9999.000 -0.1476289 -0.1372982 -0.1404002 -0.1452831 -0.1510105 -0.1575799 -0.1652717 -0.1745677 -0.1861376 -0.2008509 -0.2198244 -0.2445218 -0.2769145 -0.3179906 -0.3233772 -0.3233772 -9999.000 -9999.000 -9999.000 -9999.000 -9999.000 -9999.000 -9999.000 -9999.000 -9999.000 -9999.000 -9999.000 -9999.000 -9999.000 -9999.000 -9999.000 -9999.000 -9999.000 -9999.000 -9999.000 -9999.000 -9999.000 -9999.000 -9999.000 -9999.000 -9999.000 -9999.000 -9999.000 -9999.000
-9999.000 -9999.000 -9999.000 -9999.000 -9999.000 -9999.000 -9999.000 -9999.000 -9999.000 -9999.000 -9999.000 -9999.000 -9999.000 -9999.000 -9999.000 -0.1338438 -0.1240718 -0.1277798 -0.1333680 -0.1399098 -0.1474316 -0.1562765 -0.1670282 -0.1805035 -0.1977742 -0.2202398 -0.2497755 -0.2889869 -0.3397861 -0.3549276 -0.3549276 -9999.000 -9999.000 -9999.000 -9999.000 -9999.000 -9999.000 -9999.000 -9999.000 -9999.000 -9999.000 -9999.000 -9999.000 -9999.000 -9999.000 -9999.000 -9999.000 -9999.000 -9999.000 -9999.000 -9999.000 -9999.000 -9999.000 -9999.000 -9999.000 -9999.000 -9999.000 -9999.000 -9999.000
-9999.000 -9999.000 -9999.000 -9999.000 -9999.000 -9999.000 -9999.000 -9999.000 -9999.000 -9999.000 -9999.000 -9999.000 -9999.000 -9999.000 -9999.000 -0.1182352 -0.1096736 -0.1140524 -0.1203394 -0.1276712 -0.1361146 -0.1460872 -0.1582938 -0.1737270 -0.1937078 -0.2199965 -0.2550165 -0.3022668 -0.3651795 -0.3955104 -0.3955104 -9999.000 -9999.000 -9999.000 -9999.000 -9999.000 -9999.000 -9999.000 -9999.000 -9999.000 -9999.000 -9999.000 -9999.000 -9999.000 -9999.000 -9999.000 -9999.000 -9999.000 -9999.000 -9999.000 -9999.000 -9999.000 -9999.000 -9999.000 -9999.000 -9999.000 -9999.000 -9999.000 -9999.000
-9999.000 -9999.000 -9999.000 -9999.000 -9999.000 -9999.000 -9999.000 -9999.000 -9999.000 -9999.000 -9999.000 -9999.000 -9999.000 -9999.000 -9999.000 -0.1005080 -0.9390069E-01 -0.9900995E-01 -0.1059681 -0.1140354 -0.1233316 -0.1343606 -0.1479677 -0.1653546 -0.1881472 -0.2185657 -0.2597702 -0.3165411 -0.3948087 -0.4494835 -0.4494835 -9999.000 -9999.000 -9999.000 -9999.000 -9999.000 -9999.000 -9999.000 -9999.000 -9999.000 -9999.000 -9999.000 -9999.000 -9999.000 -9999.000 -9999.000 -9999.000 -9999.000 -9999.000 -9999.000 -9999.000 -9999.000 -9999.000 -9999.000 -9999.000 -9999.000 -9999.000 -9999.000 -9999.000
-9999.000 -9999.000 -9999.000 -9999.000 -9999.000 -9999.000 -9999.000 -9999.000 -9999.000 -9999.000 -9999.000 -9999.000 -9999.000 -9999.000 -9999.000 -0.8021794E-01 -0.7641780E-01 -0.8231534E-01 -0.8989880E-01 -0.9861336E-01 -0.1086431 -0.1205889 -0.1354558 -0.1546873 -0.1802752 -0.2150198 -0.2630703 -0.3310695 -0.4290949 -0.5250689 -0.5250689 -9999.000 -9999.000 -9999.000 -9999.000 -9999.000 -9999.000 -9999.000 -9999.000 -9999.000 -9999.000 -9999.000 -9999.000 -9999.000 -9999.000 -9999.000 -9999.000 -9999.000 -9999.000 -9999.000 -9999.000 -9999.000 -9999.000 -9999.000 -9999.000 -9999.000 -9999.000 -9999.000 -9999.000
-9999.000 -9999.000 -9999.000 -9999.000 -9999.000 -9999.000 -9999.000 -9999.000 -9999.000 -9999.000 -9999.000 -9999.000 -9999.000 -9999.000 -9999.000 -0.5086290E-01 -0.5451664E-01 -0.6250589E-01 -0.7148276E-01 -0.8126944E-01 -0.9220387E-01 -0.1050459 -0.1210090 -0.1418281 -0.1699345 -0.2088544 -0.2640559 -0.3448816 -0.4682169 -0.6394649 -0.6394649 -9999.000 -9999.000 -9999.000 -9999.000 -9999.000 -9999.000 -9999.000 -9999.000 -9999.000 -9999.000 -9999.000 -9999.000 -9999.000 -9999.000 -9999.000 -9999.000 -9999.000 -9999.000 -9999.000 -9999.000 -9999.000 -9999.000 -9999.000 -9999.000 -9999.000 -9999.000 -9999.000 -9999.000
-0.2689502E-02 -0.2689502E-02 -0.3732950E-02 -0.4335697E-02 -0.4391319E-02 -0.4391319E-02 -0.4398139E-02 -0.4373738E-02 -0.4373738E-02 -0.4346279E-02 -0.4346279E-02 -0.4319301E-02 -0.4304153E-02 -0.1386347E-01 -0.3274083E-01 -0.3274083E-01 -0.6413095E-01 -0.7848962E-01 -0.9278584E-01 -0.1068696 -0.1207449 -0.1348144 -0.1500397 -0.1681028 -0.1916378 -0.2246202 -0.2731137 -0.3469956 -0.4634219 -0.6899289 -0.6899289 -0.4270341 -0.2534330 -0.5499030E-01 -0.1221158E-01 -0.1221158E-01 0.1900396E-01 0.1900396E-01 0.1608432E-01 0.1608432E-01 -0.2199956E-01 -0.8074736E-02 -0.8074736E-02 0.6047205E-02 0.6047205E-02 0.1019792E-01 0.1019792E-01 0.1019792E-01 0.8699642E-02 0.8699642E-02 0.6618770E-02 0.6618770E-02 0.6022334E-02 0.6022334E-02 0.3691158E-02 0.3691158E-02 0.2262117E-02 0.2262117E-02 0.2262117E-02
-0.4063644E-02 -0.4063644E-02 -0.5482338E-02 -0.6197025E-02 -0.6233274E-02 -0.6233274E-02 -0.6216545E-02 -0.6164713E-02 -0.6164713E-02 -0.6134163E-02 -0.6134163E-02 -0.6111712E-02 -0.6098366E-02 -0.1946979E-01 -0.5795160E-01 -0.5795160E-01 -0.9989945E-01 -0.1219699 -0.1447328 -0.1672675 -0.1887666 -0.2087575 -0.2272924 -0.2451442 -0.2640268 -0.2868487 -0.3180142 -0.3637908 -0.4317881 -0.5361798 -0.5361798 -0.3533626 -0.2179037 -0.5022857E-01 -0.4590807E-02 -0.4590807E-02 0.4599403E-01 0.4599403E-01 0.5949516E-01 0.5949516E-01 0.3147434E-02 -0.9028359E-02 -0.9028359E-02 0.1554015E-01 0.1554015E-01 0.2236335E-01 0.2236335E-01 0.2236335E-01 0.1872299E-01 0.1872299E-01 0.1425471E-01 0.1425471E-01 0.9695217E-02 0.9695217E-02 0.7742268E-02 0.7742268E-02 0.5383684E-02 0.5383684E-02 0.5383684E-02
-0.3236734E-02 -0.3236734E-02 -0.4528372E-02 -0.5264357E-02 -0.5300516E-02 -0.5300516E-02 -0.5276901E-02 -0.5216749E-02 -0.5216749E-02 -0.5196445E-02 -0.5196445E-02 -0.5192963E-02 -0.5190332E-02 -0.1416410E-01 -0.6391939E-01 -0.6391939E-01 -0.1114499 -0.1384324 -0.1677389 -0.1981251 -0.2283931 -0.2575359 -0.2848794 -0.3102291 -0.3340169 -0.3574530 -0.3826649 -0.4126949 -0.4504404 -0.4968297 -0.4968297 -0.3875816 -0.2846117 -0.1223365 -0.5866210E-01 -0.5866210E-01 0.4749897E-01 0.4749897E-01 0.1166984 0.1166984 0.8955632E-01 0.1882346E-01 0.1882346E-01 0.2780786E-01 0.2780786E-01 0.3256376E-01 0.3256376E-01 0.3256376E-01 0.2716123E-01 0.2716123E-01 0.2039241E-01 0.2039241E-01 0.1146998E-01 0.1146998E-01 0.9661959E-02 0.9661959E-02 0.6992526E-02 0.6992526E-02 0.6992526E-02
-0.2486350E-02 -0.2486350E-02 -0.3580210E-02 -0.4255181E-02 -0.4284249E-02 -0.4284249E-02 -0.4253298E-02 -0.4180716E-02 -0.4180716E-02 -0.4156350E-02 -0.4156350E-02 -0.4154173E-02 -0.4153100E-02 -0.9930615E-02 -0.6044825E-01 -0.6044825E-01 -0.1157518 -0.1455162 -0.1787632 -0.2141728 -0.2504746 -0.2865024 -0.3212690 -0.3540593 -0.3845217 -0.4127412 -0.4392506 -0.4648071 -0.4892142 -0.5091602 -0.5091602 -0.4366964 -0.3539715 -0.1945444 -0.1166576 -0.1166576 0.3519285E-01 0.3519285E-01 0.1507918 0.1507918 0.1598091 0.7957124E-01 0.7957124E-01 0.4702584E-01 0.4702584E-01 0.3847158E-01 0.3847158E-01 0.3847158E-01 0.3065977E-01 0.3065977E-01 0.2177967E-01 0.2177967E-01 0.1153304E-01 0.1153304E-01 0.7440766E-02 0.7440766E-02 0.4653135E-02 0.4653135E-02 0.4653135E-02
-0.1804502E-02 -0.1804502E-02 -0.2657898E-02 -0.3217318E-02 -0.3240027E-02 -0.3240027E-02 -0.3209634E-02 -0.3139606E-02 -0.3139606E-02 -0.3115624E-02 -0.3115624E-02 -0.3114234E-02 -0.3114080E-02 -0.6800554E-02 -0.4974163E-01 -0.4974163E-01 -0.1182897 -0.1502918 -0.1865489 -0.2255785 -0.2660805 -0.3068806 -0.3469272 -0.3853197 -0.4213448 -0.4544958 -0.4844218 -0.5105816 -0.5309157 -0.5404062 -0.5404062 -0.4868732 -0.4159004 -0.2514486 -0.1597385 -0.1597385 0.2364117E-01 0.2364117E-01 0.1618097 0.1618097 0.1929649 0.1450412 0.1450412 0.7809971E-01 0.7809971E-01 0.4428092E-01 0.4428092E-01 0.4428092E-01 0.3127837E-01 0.3127837E-01 0.1976986E-01 0.1976986E-01 0.8492625E-02 0.8492625E-02 0.2741556E-02 0.2741556E-02 0.1035286E-03 0.1035286E-03 0.1035286E-03
-0.1174253E-02 -0.1174253E-02 -0.1758147E-02 -0.2157473E-02 -0.2173425E-02 -0.2173425E-02 -0.2149732E-02 -0.2095163E-02 -0.2095163E-02 -0.2076061E-02 -0.2076061E-02 -0.2075386E-02 -0.2075613E-02 -0.4415684E-02 -0.3582388E-01 -0.3582388E-01 -0.1198166 -0.1546170 -0.1940361 -0.2364572 -0.2805412 -0.3251095 -0.3691050 -0.4115934 -0.4517579 -0.4888745 -0.5222245 -0.5506320 -0.5707940 -0.5757924 -0.5757924 -0.5304292 -0.4629548 -0.2825032 -0.1782088 -0.1782088 0.1790854E-01 0.1790854E-01 0.1564845 0.1564845 0.1958649 0.1879198 0.1879198 0.1155331 0.1155331 0.5258095E-01 0.5258095E-01 0.5258095E-01 0.3140162E-01 0.3140162E-01 0.1612386E-01 0.1612386E-01 0.3635947E-02 0.3635947E-02 -0.3139648E-02 -0.3139648E-02 -0.5388780E-02 -0.5388780E-02 -0.5388780E-02
-0.5784683E-03 -0.5784683E-03 -0.8748416E-03 -0.1082548E-02 -0.1090855E-02 -0.1090855E-02 -0.1077934E-02 -0.1048285E-02 -0.1048285E-02 -0.1037652E-02 -0.1037652E-02 -0.1037400E-02 -0.1037633E-02 -0.2517763E-02 -0.2423325E-01 -0.2423325E-01 -0.1201941 -0.1591640 -0.2023868 -0.2484891 -0.2961974 -0.3443253 -0.3917818 -0.4376054 -0.4809646 -0.5211183 -0.5573016 -0.5880481 -0.6085901 -0.6089654 -0.6089654 -0.5621150 -0.4883849 -0.2837235 -0.1732223 -0.1732223 0.1495085E-01 0.1495085E-01 0.1407488 0.1407488 0.1806275 0.2008539 0.2008539 0.1473538 0.1473538 0.6418779E-01 0.6418779E-01 0.6418779E-01 0.3286652E-01 0.3286652E-01 0.1242130E-01 0.1242130E-01 -0.1823080E-02 -0.1823080E-02 -0.9267768E-02 -0.9267768E-02 -0.1093265E-01 -0.1093265E-01 -0.1093265E-01
0.2899176E-07 0.2899176E-07 0.9418562E-08 0.2107259E-07 -0.3060732E-07 -0.3060732E-07 -0.9291903E-07 -0.7318655E-07 -0.7318655E-07 -0.4499386E-08 -0.4499386E-08 -0.3455090E-07 -0.1715330E-07 -0.9336124E-03 -0.1549996E-01 -0.1549996E-01 -0.1198807 -0.1648310 -0.2126327 -0.2629203 -0.3145726 -0.3664015 -0.4172766 -0.4661923 -0.5123036 -0.5549058 -0.5933102 -0.6257238 -0.6444002 -0.6348678 -0.6348678 -0.5765097 -0.4861291 -0.2608827 -0.1547604 -0.1547604 0.1065008E-01 0.1065008E-01 0.1193260 0.1193260 0.1565023 0.1912009 0.1912009 0.1637320 0.1637320 0.7703214E-01 0.7703214E-01 0.7703214E-01 0.3630691E-01 0.3630691E-01 0.9883577E-02 0.9883577E-02 -0.6744702E-02 -0.6744702E-02 -0.1478481E-01 -0.1478481E-01 -0.1576231E-01 -0.1576231E-01 -0.1576231E-01
0.5785588E-03 0.5785588E-03 0.8748399E-03 0.1082612E-02 0.1090770E-02 0.1090770E-02 0.1077812E-02 0.1048117E-02 0.1048117E-02 0.1037628E-02 0.1037628E-02 0.1037339E-02 0.1037573E-02 0.4503925E-03 -0.9116452E-02 -0.9116452E-02 -0.1183772 -0.1720994 -0.2259552 -0.2812845 -0.3373551 -0.3930967 -0.4474289 -0.4993523 -0.5480129 -0.5927224 -0.6328250 -0.6656577 -0.6774702 -0.6480415 -0.6480415 -0.5660198 -0.4544862 -0.2271831 -0.1338442 -0.1338442 0.4116735E-02 0.4116735E-02 0.9611043E-01 0.9611043E-01 0.1293724 0.1689589 0.1689589 0.1625833 0.1625833 0.8712442E-01 0.8712442E-01 0.8712442E-01 0.4083735E-01 0.4083735E-01 0.9059509E-02 0.9059509E-02 -0.1019590E-01 -0.1019590E-01 -0.1884941E-01 -0.1884941E-01 -0.1916306E-01 -0.1916306E-01 -0.1916306E-01
0.1174220E-02 0.1174220E-02 0.1758108E-02 0.2157450E-02 0.2173357E-02 0.2173357E-02 0.2149683E-02 0.2095095E-02 0.2095095E-02 0.2075944E-02 0.2075944E-02 0.2075258E-02 0.2075523E-02 0.1707577E-02 -0.4472533E-02 -0.4472533E-02 -0.1163485 -0.1816387 -0.2440046 -0.3056563 -0.3666829 -0.4264705 -0.4841860 -0.5389435 -0.5899194 -0.6364336 -0.6777899 -0.7089563 -0.7029736 -0.6398124 -0.6398124 -0.5278072 -0.4028510 -0.1938137 -0.1152656 -0.1152656 -0.2742704E-02 -0.2742704E-02 0.7386857E-01 0.7386857E-01 0.1025729 0.1412186 0.1412186 0.1477081 0.1477081 0.9076170E-01 0.9076170E-01 0.9076170E-01 0.4448755E-01 0.4448755E-01 0.9696288E-02 0.9696288E-02 -0.1159299E-01 -0.1159299E-01 -0.2073090E-01 -0.2073090E-01 -0.2052184E-01 -0.2052184E-01 -0.2052184E-01
0.1804518E-02 0.1804518E-02 0.2657840E-02 0.3217227E-02 0.3239938E-02 0.3239938E-02 0.3209552E-02 0.3139549E-02 0.3139549E-02 0.3115450E-02 0.3115450E-02 0.3114124E-02 0.3113982E-02 0.2884891E-02 -0.1038677E-02 -0.1038677E-02 -0.1181390 -0.1960275 -0.2692768 -0.3387659 -0.4053439 -0.4691791 -0.5299752 -0.5871528 -0.6400185 -0.6879247 -0.7299493 -0.7542385 -0.7083043 -0.6055602 -0.6055602 -0.4705007 -0.3456947 -0.1642216 -0.1001028 -0.1001028 -0.7758597E-02 -0.7758597E-02 0.5415595E-01 0.5415595E-01 0.7779663E-01 0.1120519 0.1120519 0.1244110 0.1244110 0.8624319E-01 0.8624319E-01 0.8624319E-01 0.4517832E-01 0.4517832E-01 0.1093781E-01 0.1093781E-01 -0.1079385E-01 -0.1079385E-01 -0.1994613E-01 -0.1994613E-01 -0.1940909E-01 -0.1940909E-01 -0.1940909E-01
