simulation_files/asc/Velocity__x_195.0.asc
NCOLS        79
NROWS        79
XLLCENTER         -1.500000
YLLCENTER         -4.800000
CELLSIZE           0.100
NODATA_VALUE     -9999.0
[rows 0 to 25 of 79, columns 0 to 57 of 79]
-9999.000 -9999.000 -9999.000 -9999.000 -9999.000 -9999.000 -9999.000 -9999.000 -9999.000 -9999.000 -9999.000 -9999.000 -9999.000 -9999.000 -9999.000 -0.2226142E-02 -0.2584565E-02 0.1250688E-03 0.4670775E-02 0.9789195E-02 0.1426480E-01 0.1754577E-01 0.1953532E-01 0.2027968E-01 0.1993298E-01 0.1868015E-01 0.1662965E-01 0.1376679E-01 0.9595170E-02 0.4685652E-02 0.4685652E-02 -9999.000 -9999.000 -9999.000 -9999.000 -9999.000 -9999.000 -9999.000 -9999.000 -9999.000 -9999.000 -9999.000 -9999.000 -9999.000 -9999.000 -9999.000 -9999.000 -9999.000 -9999.000 -9999.000 -9999.000 -9999.000 -9999.000 -9999.000 -9999.000 -9999.000 -9999.000 -9999.000
-9999.000 -9999.000 -9999.000 -9999.000 -9999.000 -9999.000 -9999.000 -9999.000 -9999.000 -9999.000 -9999.000 -9999.000 -9999.000 -9999.000 -9999.000 -0.1047549E-02 -0.2556828E-03 0.3438522E-02 0.8822173E-02 0.1468355E-01 0.1982787E-01 0.2365245E-01 0.2598408E-01 0.2680858E-01 0.2623594E-01 0.2442820E-01 0.2149988E-01 0.1747509E-01 0.1197791E-01 0.5836684E-02 0.5836684E-02 -9999.000 -9999.000 -9999.000 -9999.000 -9999.000 -9999.000 -9999.000 -9999.000 -9999.000 -9999.000 -9999.000 -9999.000 -9999.000 -9999.000 -9999.000 -9999.000 -9999.000 -9999.000 -9999.000 -9999.000 -9999.000 -9999.000 -9999.000 -9999.000 -9999.000 -9999.000 -9999.000
-9999.000 -9999.000 -9999.000 -9999.000 -9999.000 -9999.000 -9999.000 -9999.000 -9999.000 -9999.000 -9999.000 -9999.000 -9999.000 -9999.000 -9999.000 -0.6615009E-03 0.6074862E-03 0.4884175E-02 0.1083624E-01 0.1721263E-01 0.2277748E-01 0.2690123E-01 0.2939672E-01 0.3024028E-01 0.2954130E-01 0.2746663E-01 0.2414019E-01 0.1959959E-01 0.1347139E-01 0.6602889E-02 0.6602889E-02 -9999.000 -9999.000 -9999.000 -9999.000 -9999.000 -9999.000 -9999.000 -9999.000 -9999.000 -9999.000 -9999.000 -9999.000 -9999.000 -9999.000 -9999.000 -9999.000 -9999.000 -9999.000 -9999.000 -9999.000 -9999.000 -9999.000 -9999.000 -9999.000 -9999.000 -9999.000 -9999.000
-9999.000 -9999.000 -9999.000 -9999.000 -9999.000 -9999.000 -9999.000 -9999.000 -9999.000 -9999.000 -9999.000 -9999.000 -9999.000 -9999.000 -9999.000 -0.5014182E-03 0.1011323E-02 0.5637620E-02 0.1195949E-01 0.1868791E-01 0.2454741E-01 0.2888609E-01 0.3150975E-01 0.3239171E-01 0.3164378E-01 0.2943876E-01 0.2590471E-01 0.2108258E-01 0.1458067E-01 0.7199234E-02 0.7199234E-02 -9999.000 -9999.000 -9999.000 -9999.000 -9999.000 -9999.000 -9999.000 -9999.000 -9999.000 -9999.000 -9999.000 -9999.000 -9999.000 -9999.000 -9999.000 -9999.000 -9999.000 -9999.000 -9999.000 -9999.000 -9999.000 -9999.000 -9999.000 -9999.000 -9999.000 -9999.000 -9999.000
-9999.000 -9999.000 -9999.000 -9999.000 -9999.000 -9999.000 -9999.000 -9999.000 -9999.000 -9999.000 -9999.000 -9999.000 -9999.000 -9999.000 -9999.000 -0.4224911E-03 0.1247213E-02 0.6131833E-02 0.1274146E-01 0.1975318E-01 0.2585437E-01 0.3037405E-01 0.3311469E-01 0.3404784E-01 0.3328904E-01 0.3101638E-01 0.2735927E-01 0.2235691E-01 0.1558837E-01 0.7762312E-02 0.7762312E-02 -9999.000 -9999.000 -9999.000 -9999.000 -9999.000 -9999.000 -9999.000 -9999.000 -9999.000 -9999.000 -9999.000 -9999.000 -9999.000 -9999.000 -9999.000 -9999.000 -9999.000 -9999.000 -9999.000 -9999.000 -9999.000 -9999.000 -9999.000 -9999.000 -9999.000 -9999.000 -9999.000
-9999.000 -9999.000 -9999.000 -9999.000 -9999.000 -9999.000 -9999.000 -9999.000 -9999.000 -9999.000 -9999.000 -9999.000 -9999.000 -9999.000 -9999.000 -0.3657150E-03 0.1437098E-02 0.6553308E-02 0.1342538E-01 0.2069798E-01 0.2702295E-01 0.3171231E-01 0.3456752E-01 0.3555962E-01 0.3480962E-01 0.3250037E-01 0.2876075E-01 0.2362528E-01 0.1663371E-01 0.8362734E-02 0.8362734E-02 -9999.000 -9999.000 -9999.000 -9999.000 -9999.000 -9999.000 -9999.000 -9999.000 -9999.000 -9999.000 -9999.000 -9999.000 -9999.000 -9999.000 -9999.000 -9999.000 -9999.000 -9999.000 -9999.000 -9999.000 -9999.000 -9999.000 -9999.000 -9999.000 -9999.000 -9999.000 -9999.000
-9999.000 -9999.000 -9999.000 -9999.000 -9999.000 -9999.000 -9999.000 -9999.000 -9999.000 -9999.000 -9999.000 -9999.000 -9999.000 -9999.000 -9999.000 -0.3041217E-03 0.1636650E-02 0.6987389E-02 0.1412209E-01 0.2165465E-01 0.2820171E-01 0.3306001E-01 0.3603281E-01 0.3709133E-01 0.3636280E-01 0.3403575E-01 0.3023680E-01 0.2499315E-01 0.1779665E-01 0.9044201E-02 0.9044201E-02 -9999.000 -9999.000 -9999.000 -9999.000 -9999.000 -9999.000 -9999.000 -9999.000 -9999.000 -9999.000 -9999.000 -9999.000 -9999.000 -9999.000 -9999.000 -9999.000 -9999.000 -9999.000 -9999.000 -9999.000 -9999.000 -9999.000 -9999.000 -9999.000 -9999.000 -9999.000 -9999.000
-9999.000 -9999.000 -9999.000 -9999.000 -9999.000 -9999.000 -9999.000 -9999.000 -9999.000 -9999.000 -9999.000 -9999.000 -9999.000 -9999.000 -9999.000 -0.2235225E-03 0.1875255E-02 0.7478249E-02 0.1488923E-01 0.2269155E-01 0.2946701E-01 0.3449944E-01 0.3759589E-01 0.3872900E-01 0.3803377E-01 0.3570469E-01 0.3186466E-01 0.2653145E-01 0.1913726E-01 0.9842671E-02 0.9842671E-02 -9999.000 -9999.000 -9999.000 -9999.000 -9999.000 -9999.000 -9999.000 -9999.000 -9999.000 -9999.000 -9999.000 -9999.000 -9999.000 -9999.000 -9999.000 -9999.000 -9999.000 -9999.000 -9999.000 -9999.000 -9999.000 -9999.000 -9999.000 -9999.000 -9999.000 -9999.000 -9999.000
-9999.000 -9999.000 -9999.000 -9999.000 -9999.000 -9999.000 -9999.000 -9999.000 -9999.000 -9999.000 -9999.000 -9999.000 -9999.000 -9999.000 -9999.000 -0.1141423E-03 0.2172389E-02 0.8055129E-02 0.1576393E-01 0.2385239E-01 0.3086828E-01 0.3608374E-01 0.3931323E-01 0.4053131E-01 0.3988278E-01 0.3756852E-01 0.3370637E-01 0.2830190E-01 0.2071610E-01 0.1079712E-01 0.1079712E-01 -9999.000 -9999.000 -9999.000 -9999.000 -9999.000 -9999.000 -9999.000 -9999.000 -9999.000 -9999.000 -9999.000 -9999.000 -9999.000 -9999.000 -9999.000 -9999.000 -9999.000 -9999.000 -9999.000 -9999.000 -9999.000 -9999.000 -9999.000 -9999.000 -9999.000 -9999.000 -9999.000
-9999.000 -9999.000 -9999.000 -9999.000 -9999.000 -9999.000 -9999.000 -9999.000 -9999.000 -9999.000 -9999.000 -9999.000 -9999.000 -9999.000 -9999.000 0.3333101E-04 0.2546169E-02 0.8744350E-02 0.1678010E-01 0.2517725E-01 0.3244948E-01 0.3786050E-01 0.4123553E-01 0.4255231E-01 0.4196750E-01 0.3968950E-01 0.3582890E-01 0.3037662E-01 0.2260741E-01 0.1195638E-01 0.1195638E-01 -9999.000 -9999.000 -9999.000 -9999.000 -9999.000 -9999.000 -9999.000 -9999.000 -9999.000 -9999.000 -9999.000 -9999.000 -9999.000 -9999.000 -9999.000 -9999.000 -9999.000 -9999.000 -9999.000 -9999.000 -9999.000 -9999.000 -9999.000 -9999.000 -9999.000 -9999.000 -9999.000
-9999.000 -9999.000 -9999.000 -9999.000 -9999.000 -9999.000 -9999.000 -9999.000 -9999.000 -9999.000 -9999.000 -9999.000 -9999.000 -9999.000 -9999.000 0.2285647E-03 0.3016888E-02 0.9576064E-02 0.1797615E-01 0.2671126E-01 0.3426094E-01 0.3988472E-01 0.4342275E-01 0.4485711E-01 0.4435894E-01 0.4214486E-01 0.3831679E-01 0.3284837E-01 0.2491043E-01 0.1338786E-01 0.1338786E-01 -9999.000 -9999.000 -9999.000 -9999.000 -9999.000 -9999.000 -9999.000 -9999.000 -9999.000 -9999.000 -9999.000 -9999.000 -9999.000 -9999.000 -9999.000 -9999.000 -9999.000 -9999.000 -9999.000 -9999.000 -9999.000 -9999.000 -9999.000 -9999.000 -9999.000 -9999.000 -9999.000
-9999.000 -9999.000 -9999.000 -9999.000 -9999.000 -9999.000 -9999.000 -9999.000 -9999.000 -9999.000 -9999.000 -9999.000 -9999.000 -9999.000 -9999.000 0.4895343E-03 0.3622137E-02 0.1060796E-01 0.1942991E-01 0.2854021E-01 0.3639083E-01 0.4224692E-01 0.4596859E-01 0.4754323E-01 0.4716045E-01 0.4504656E-01 0.4129259E-01 0.3585129E-01 0.2776919E-01 0.1518787E-01 0.1518787E-01 -9999.000 -9999.000 -9999.000 -9999.000 -9999.000 -9999.000 -9999.000 -9999.000 -9999.000 -9999.000 -9999.000 -9999.000 -9999.000 -9999.000 -9999.000 -9999.000 -9999.000 -9999.000 -9999.000 -9999.000 -9999.000 -9999.000 -9999.000 -9999.000 -9999.000 -9999.000 -9999.000
-9999.000 -9999.000 -9999.000 -9999.000 -9999.000 -9999.000 -9999.000 -9999.000 -9999.000 -9999.000 -9999.000 -9999.000 -9999.000 -9999.000 -9999.000 0.9146372E-03 0.4572466E-02 0.1217638E-01 0.2158605E-01 0.3112596E-01 0.3925294E-01 0.4532138E-01 0.4920924E-01 0.5091360E-01 0.5064912E-01 0.4865359E-01 0.4500417E-01 0.3962929E-01 0.3142374E-01 0.1751207E-01 0.1751207E-01 -9999.000 -9999.000 -9999.000 -9999.000 -9999.000 -9999.000 -9999.000 -9999.000 -9999.000 -9999.000 -9999.000 -9999.000 -9999.000 -9999.000 -9999.000 -9999.000 -9999.000 -9999.000 -9999.000 -9999.000 -9999.000 -9999.000 -9999.000 -9999.000 -9999.000 -9999.000 -9999.000
-9999.000 -9999.000 -9999.000 -9999.000 -9999.000 -9999.000 -9999.000 -9999.000 -9999.000 -9999.000 -9999.000 -9999.000 -9999.000 -9999.000 -9999.000 0.3934699E-02 0.1106124E-01 0.2277227E-01 0.3433718E-01 0.4370295E-01 0.5077631E-01 0.5585776E-01 0.5877262E-01 0.5957592E-01 0.5853662E-01 0.5590460E-01 0.5172724E-01 0.4588535E-01 0.3706573E-01 0.2098900E-01 0.2098900E-01 -9999.000 -9999.000 -9999.000 -9999.000 -9999.000 -9999.000 -9999.000 -9999.000 -9999.000 -9999.000 -9999.000 -9999.000 -9999.000 -9999.000 -9999.000 -9999.000 -9999.000 -9999.000 -9999.000 -9999.000 -9999.000 -9999.000 -9999.000 -9999.000 -9999.000 -9999.000 -9999.000
-9999.000 -9999.000 -9999.000 -9999.000 -9999.000 -9999.000 -9999.000 -9999.000 -9999.000 -9999.000 -9999.000 -9999.000 -9999.000 -9999.000 -9999.000 0.1248533 0.1946502 0.2343551 0.2321781 0.2013923 0.1695297 0.1436071 0.1215496 0.1029450 0.8743250E-01 0.7425911E-01 0.6266566E-01 0.5181368E-01 0.3965241E-01 0.1870179E-01 0.1870179E-01 -9999.000 -9999.000 -9999.000 -9999.000 -9999.000 -9999.000 -9999.000 -9999.000 -9999.000 -9999.000 -9999.000 -9999.000 -9999.000 -9999.000 -9999.000 -9999.000 -9999.000 -9999.000 -9999.000 -9999.000 -9999.000 -9999.000 -9999.000 -9999.000 -9999.000 -9999.000 -9999.000
2.910852 2.910852 2.878813 2.944353 2.949989 2.949989 2.952340 2.952559 2.952559 2.949187 2.949187 2.943442 2.939919 2.936054 2.931935 2.931935 3.094829 3.099637 3.100566 3.099610 3.077945 3.029522 2.957014 2.860742 2.738172 2.595395 2.434294 2.261555 2.098232 2.011381 2.011381 2.817708 2.996117 3.109186 3.139343 3.139343 3.184676 3.184676 3.191338 3.191338 3.164415 3.026604 3.026604 2.757504 2.757504 2.292294 2.292294 2.292294 2.232984 2.232984 2.243365 2.243365 2.283284 2.283284 2.331022 2.331022 2.376748 2.376748
2.935083 2.935083 2.906548 2.995798 3.013476 3.013476 3.027567 3.050918 3.050918 3.070436 3.070436 3.087396 3.095155 3.102520 3.109578 3.109578 3.225713 3.245627 3.261070 3.274830 3.282944 3.283956 3.276787 3.259022 3.226820 3.178843 3.113015 3.029032 2.931998 2.845876 2.845876 3.257218 3.416487 3.573517 3.617670 3.617670 3.672768 3.672768 3.688520 3.688520 3.677197 3.601874 3.601874 3.444069 3.444069 3.122831 3.122831 3.122831 3.055547 3.055547 3.067183 3.067183 3.109534 3.109534 3.159956 3.159956 3.208579 3.208579
2.940519 2.940519 2.908529 2.995719 3.013820 3.013820 3.028311 3.052284 3.052284 3.072421 3.072421 3.090097 3.098255 3.106046 3.113560 3.113560 3.214042 3.246773 3.274567 3.299111 3.319051 3.333678 3.342870 3.346066 3.341586 3.328405 3.304883 3.269749 3.224712 3.184024 3.184024 3.411830 3.563748 3.745483 3.800625 3.800625 3.864496 3.864496 3.870919 3.870919 3.851259 3.764894 3.764894 3.638033 3.638033 3.397899 3.397899 3.397899 3.323393 3.323393 3.321050 3.321050 3.353700 3.353700 3.397673 3.397673 3.441832 3.441832
2.944001 2.944001 2.911479 2.995239 3.013484 3.013484 3.028188 3.052322 3.052322 3.072467 3.072467 3.090144 3.098306 3.106105 3.113640 3.113640 3.203515 3.246440 3.285527 3.320421 3.349948 3.373366 3.390557 3.401537 3.405895 3.403521 3.394054 3.377128 3.353915 3.333460 3.333460 3.469387 3.600912 3.789387 3.851303 3.851303 3.917240 3.917240 3.903848 3.903848 3.870314 3.775710 3.775710 3.683937 3.683937 3.521100 3.521100 3.521100 3.448539 3.448539 3.432483 3.432483 3.453833 3.453833 3.491110 3.491110 3.531355 3.531355
2.945525 2.945525 2.915602 2.994699 3.013077 3.013077 3.027991 3.052267 3.052267 3.072383 3.072383 3.090030 3.098191 3.105997 3.113562 3.113562 3.198050 3.249353 3.298414 3.342879 3.381300 3.412809 3.437102 3.454201 3.464057 3.466855 3.462826 3.452302 3.436596 3.422095 3.422095 3.502656 3.608100 3.786039 3.846544 3.846544 3.895588 3.895588 3.849801 3.849801 3.805338 3.725185 3.725185 3.678393 3.678393 3.588718 3.588718 3.588718 3.527429 3.527429 3.500942 3.500942 3.509138 3.509138 3.537318 3.537318 3.571972 3.571972
2.942218 2.942218 2.921740 2.994159 3.012713 3.012713 3.027845 3.052317 3.052317 3.072468 3.072468 3.090117 3.098272 3.106068 3.113646 3.113646 3.198750 3.257512 3.315186 3.368065 3.414347 3.453083 3.483865 3.506631 3.521409 3.528405 3.527968 3.520627 3.507646 3.493664 3.493664 3.537474 3.614753 3.764657 3.811500 3.811500 3.816278 3.816278 3.737811 3.737811 3.697694 3.658183 3.658183 3.656959 3.656959 3.628714 3.628714 3.628714 3.585548 3.585548 3.555062 3.555062 3.550979 3.550979 3.568022 3.568022 3.594813 3.594813
2.941894 2.941894 2.925008 2.993803 3.012476 3.012476 3.027749 3.052333 3.052333 3.072486 3.072486 3.090126 3.098279 3.106075 3.113687 3.113687 3.206297 3.272393 3.337648 3.397692 3.450576 3.495369 3.531675 3.559407 3.578607 3.589447 3.592229 3.587443 3.576111 3.561445 3.561445 3.580339 3.629878 3.731514 3.746447 3.746447 3.683152 3.683152 3.599663 3.599663 3.583398 3.596223 3.596223 3.632036 3.632036 3.650952 3.650952 3.650952 3.629039 3.629039 3.601817 3.601817 3.589042 3.589042 3.594498 3.594498 3.611508 3.611508
2.941785 2.941785 2.926097 2.993685 3.012395 3.012395 3.027716 3.052339 3.052339 3.072493 3.072493 3.090129 3.098282 3.106076 3.113743 3.113743 3.221678 3.295496 3.367497 3.433387 3.491396 3.540788 3.581303 3.612920 3.635721 3.649854 3.655552 3.653178 3.643441 3.628249 3.628249 3.629992 3.652453 3.675564 3.635292 3.635292 3.511330 3.511330 3.472796 3.472796 3.488450 3.545923 3.545923 3.607197 3.607197 3.660495 3.660495 3.660495 3.659551 3.659551 3.641344 3.641344 3.624874 3.624874 3.620179 3.620179 3.626371 3.626371
2.941892 2.941892 2.925010 2.993802 3.012476 3.012476 3.027749 3.052334 3.052334 3.072486 3.072486 3.090127 3.098281 3.106075 3.113819 3.113819 3.246356 3.328532 3.406506 3.476813 3.538255 3.590509 3.633594 3.667658 3.692875 3.709412 3.717446 3.717211 3.709050 3.693388 3.693388 3.681657 3.673582 3.569526 3.462176 3.462176 3.338052 3.338052 3.374679 3.374679 3.416246 3.503066 3.503066 3.580915 3.580915 3.659401 3.659401 3.659401 3.677188 3.677188 3.671220 3.671220 3.656070 3.656070 3.644119 3.644119 3.639642 3.639642
2.942215 2.942215 2.921745 2.994158 3.012712 3.012712 3.027845 3.052317 3.052317 3.072467 3.072467 3.090116 3.098273 3.106069 3.113924 3.113924 3.282546 3.373641 3.456624 3.529642 3.592514 3.645576 3.689277 3.724031 3.750157 3.767881 3.777358 3.778701 3.771744 3.754308 3.754308 3.726091 3.671065 3.386138 3.243071 3.243071 3.202808 3.202808 3.305220 3.305220 3.361441 3.464608 3.464608 3.553272 3.553272 3.650133 3.650133 3.650133 3.683355 3.683355 3.690253 3.690253 3.680103 3.680103 3.664338 3.664338 3.650399 3.650399
2.945522 2.945522 2.915609 2.994698 3.013077 3.013077 3.027989 3.052267 3.052267 3.072383 3.072383 3.090030 3.098192 3.105998 3.114023 3.114023 3.333617 3.433625 3.520035 3.593497 3.655317 3.706741 3.748778 3.782171 3.807430 3.824861 3.834619 3.836678 3.829747 3.804677 3.804677 3.740890 3.597421 3.139896 3.037749 3.037749 3.113930 3.113930 3.250601 3.250601 3.313410 3.425519 3.425519 3.521698 3.521698 3.631980 3.631980 3.631980 3.677220 3.677220 3.695792 3.695792 3.692473 3.692473 3.675975 3.675975 3.654581 3.654581
