simulation_files/asc/Velocity__x_20.0.asc
NCOLS        79
NROWS        79
XLLCENTER         -1.500000
YLLCENTER         -4.800000
CELLSIZE           0.100
NODATA_VALUE     -9999.0
[rows 0 to 25 of 79, columns 0 to 57 of 79]
-9999.000 -9999.000 -9999.000 -9999.000 -9999.000 -9999.000 -9999.000 -9999.000 -9999.000 -9999.000 -9999.000 -9999.000 -9999.000 -9999.000 -9999.000 0.1309928E-02 0.2698191E-02 0.3673957E-02 0.4240653E-02 0.4637057E-02 0.4893473E-02 0.4997090E-02 0.4933875E-02 0.4689027E-02 0.4234482E-02 0.3536055E-02 0.2535933E-02 0.8940867E-03 -0.1955833E-02 -0.2361702E-02 -0.2361702E-02 -9999.000 -9999.000 -9999.000 -9999.000 -9999.000 -9999.000 -9999.000 -9999.000 -9999.000 -9999.000 -9999.000 -9999.000 -9999.000 -9999.000 -9999.000 -9999.000 -9999.000 -9999.000 -9999.000 -9999.000 -9999.000 -9999.000 -9999.000 -9999.000 -9999.000 -9999.000 -9999.000
-9999.000 -9999.000 -9999.000 -9999.000 -9999.000 -9999.000 -9999.000 -9999.000 -9999.000 -9999.000 -9999.000 -9999.000 -9999.000 -9999.000 -9999.000 0.2671058E-02 0.5787804E-02 0.8687051E-02 0.1073978E-01 0.1228720E-01 0.1339383E-01 0.1403655E-01 0.1417012E-01 0.1374138E-01 0.1268459E-01 0.1093749E-01 0.8435992E-02 0.4869146E-02 -0.1289489E-03 -0.1958253E-02 -0.1958253E-02 -9999.000 -9999.000 -9999.000 -9999.000 -9999.000 -9999.000 -9999.000 -9999.000 -9999.000 -9999.000 -9999.000 -9999.000 -9999.000 -9999.000 -9999.000 -9999.000 -9999.000 -9999.000 -9999.000 -9999.000 -9999.000 -9999.000 -9999.000 -9999.000 -9999.000 -9999.000 -9999.000
-9999.000 -9999.000 -9999.000 -9999.000 -9999.000 -9999.000 -9999.000 -9999.000 -9999.000 -9999.000 -9999.000 -9999.000 -9999.000 -9999.000 -9999.000 0.4668982E-02 0.1016507E-01 0.1564042E-01 0.1981920E-01 0.2308057E-01 0.2548377E-01 0.2696795E-01 0.2743806E-01 0.2679612E-01 0.2494716E-01 0.2182220E-01 0.1737995E-01 0.1136915E-01 0.3575246E-02 -0.4905104E-03 -0.4905104E-03 -9999.000 -9999.000 -9999.000 -9999.000 -9999.000 -9999.000 -9999.000 -9999.000 -9999.000 -9999.000 -9999.000 -9999.000 -9999.000 -9999.000 -9999.000 -9999.000 -9999.000 -9999.000 -9999.000 -9999.000 -9999.000 -9999.000 -9999.000 -9999.000 -9999.000 -9999.000 -9999.000
-9999.000 -9999.000 -9999.000 -9999.000 -9999.000 -9999.000 -9999.000 -9999.000 -9999.000 -9999.000 -9999.000 -9999.000 -9999.000 -9999.000 -9999.000 0.6935493E-02 0.1499268E-01 0.2314919E-01 0.2956063E-01 0.3460338E-01 0.3832166E-01 0.4062153E-01 0.4136985E-01 0.4044110E-01 0.3773248E-01 0.3318691E-01 0.2679726E-01 0.1839063E-01 0.7898112E-02 0.1438303E-02 0.1438303E-02 -9999.000 -9999.000 -9999.000 -9999.000 -9999.000 -9999.000 -9999.000 -9999.000 -9999.000 -9999.000 -9999.000 -9999.000 -9999.000 -9999.000 -9999.000 -9999.000 -9999.000 -9999.000 -9999.000 -9999.000 -9999.000 -9999.000 -9999.000 -9999.000 -9999.000 -9999.000 -9999.000
-9999.000 -9999.000 -9999.000 -9999.000 -9999.000 -9999.000 -9999.000 -9999.000 -9999.000 -9999.000 -9999.000 -9999.000 -9999.000 -9999.000 -9999.000 0.8950228E-02 0.1924025E-01 0.2970757E-01 0.3804789E-01 0.4460693E-01 0.4941893E-01 0.5237631E-01 0.5333002E-01 0.5214543E-01 0.4872398E-01 0.4302094E-01 0.3504976E-01 0.2470730E-01 0.1204433E-01 0.3431915E-02 0.3431915E-02 -9999.000 -9999.000 -9999.000 -9999.000 -9999.000 -9999.000 -9999.000 -9999.000 -9999.000 -9999.000 -9999.000 -9999.000 -9999.000 -9999.000 -9999.000 -9999.000 -9999.000 -9999.000 -9999.000 -9999.000 -9999.000 -9999.000 -9999.000 -9999.000 -9999.000 -9999.000 -9999.000
-9999.000 -9999.000 -9999.000 -9999.000 -9999.000 -9999.000 -9999.000 -9999.000 -9999.000 -9999.000 -9999.000 -9999.000 -9999.000 -9999.000 -9999.000 0.1047114E-01 0.2249847E-01 0.3482703E-01 0.4475984E-01 0.5258061E-01 0.5831503E-01 0.6185463E-01 0.6304649E-01 0.6175066E-01 0.5786667E-01 0.5134629E-01 0.4219799E-01 0.3036959E-01 0.1600676E-01 0.5456167E-02 0.5456167E-02 -9999.000 -9999.000 -9999.000 -9999.000 -9999.000 -9999.000 -9999.000 -9999.000 -9999.000 -9999.000 -9999.000 -9999.000 -9999.000 -9999.000 -9999.000 -9999.000 -9999.000 -9999.000 -9999.000 -9999.000 -9999.000 -9999.000 -9999.000 -9999.000 -9999.000 -9999.000 -9999.000
-9999.000 -9999.000 -9999.000 -9999.000 -9999.000 -9999.000 -9999.000 -9999.000 -9999.000 -9999.000 -9999.000 -9999.000 -9999.000 -9999.000 -9999.000 0.1157199E-01 0.2497422E-01 0.3891074E-01 0.5029750E-01 0.5931552E-01 0.6596965E-01 0.7015099E-01 0.7170228E-01 0.7047110E-01 0.6633934E-01 0.5923477E-01 0.4913779E-01 0.3603117E-01 0.2014229E-01 0.7638954E-02 0.7638954E-02 -9999.000 -9999.000 -9999.000 -9999.000 -9999.000 -9999.000 -9999.000 -9999.000 -9999.000 -9999.000 -9999.000 -9999.000 -9999.000 -9999.000 -9999.000 -9999.000 -9999.000 -9999.000 -9999.000 -9999.000 -9999.000 -9999.000 -9999.000 -9999.000 -9999.000 -9999.000 -9999.000
-9999.000 -9999.000 -9999.000 -9999.000 -9999.000 -9999.000 -9999.000 -9999.000 -9999.000 -9999.000 -9999.000 -9999.000 -9999.000 -9999.000 -9999.000 0.1244844E-01 0.2706914E-01 0.4257825E-01 0.5547965E-01 0.6580465E-01 0.7351360E-01 0.7848747E-01 0.8055871E-01 0.7955220E-01 0.7531539E-01 0.6773280E-01 0.5673685E-01 0.4232687E-01 0.2479527E-01 0.1010041E-01 0.1010041E-01 -9999.000 -9999.000 -9999.000 -9999.000 -9999.000 -9999.000 -9999.000 -9999.000 -9999.000 -9999.000 -9999.000 -9999.000 -9999.000 -9999.000 -9999.000 -9999.000 -9999.000 -9999.000 -9999.000 -9999.000 -9999.000 -9999.000 -9999.000 -9999.000 -9999.000 -9999.000 -9999.000
-9999.000 -9999.000 -9999.000 -9999.000 -9999.000 -9999.000 -9999.000 -9999.000 -9999.000 -9999.000 -9999.000 -9999.000 -9999.000 -9999.000 -9999.000 0.1326455E-01 0.2908685E-01 0.4625104E-01 0.6083370E-01 0.7267137E-01 0.8164905E-01 0.8762091E-01 0.9040028E-01 0.8977973E-01 0.8555689E-01 0.7755164E-01 0.6562279E-01 0.4974947E-01 0.3024773E-01 0.1294302E-01 0.1294302E-01 -9999.000 -9999.000 -9999.000 -9999.000 -9999.000 -9999.000 -9999.000 -9999.000 -9999.000 -9999.000 -9999.000 -9999.000 -9999.000 -9999.000 -9999.000 -9999.000 -9999.000 -9999.000 -9999.000 -9999.000 -9999.000 -9999.000 -9999.000 -9999.000 -9999.000 -9999.000 -9999.000
-9999.000 -9999.000 -9999.000 -9999.000 -9999.000 -9999.000 -9999.000 -9999.000 -9999.000 -9999.000 -9999.000 -9999.000 -9999.000 -9999.000 -9999.000 0.1412103E-01 0.3119212E-01 0.5012595E-01 0.6658886E-01 0.8018763E-01 0.9069813E-01 0.9792549E-01 0.1016515 0.1016264 0.9758102E-01 0.8924292E-01 0.7635538E-01 0.5880764E-01 0.3684989E-01 0.1632509E-01 0.1632509E-01 -9999.000 -9999.000 -9999.000 -9999.000 -9999.000 -9999.000 -9999.000 -9999.000 -9999.000 -9999.000 -9999.000 -9999.000 -9999.000 -9999.000 -9999.000 -9999.000 -9999.000 -9999.000 -9999.000 -9999.000 -9999.000 -9999.000 -9999.000 -9999.000 -9999.000 -9999.000 -9999.000
-9999.000 -9999.000 -9999.000 -9999.000 -9999.000 -9999.000 -9999.000 -9999.000 -9999.000 -9999.000 -9999.000 -9999.000 -9999.000 -9999.000 -9999.000 0.1508019E-01 0.3347732E-01 0.5429439E-01 0.7283995E-01 0.8847312E-01 0.1008284 0.1096370 0.1146320 0.1155084 0.1119099 0.1034334 0.8964078E-01 0.7021514E-01 0.4517720E-01 0.2054553E-01 0.2054553E-01 -9999.000 -9999.000 -9999.000 -9999.000 -9999.000 -9999.000 -9999.000 -9999.000 -9999.000 -9999.000 -9999.000 -9999.000 -9999.000 -9999.000 -9999.000 -9999.000 -9999.000 -9999.000 -9999.000 -9999.000 -9999.000 -9999.000 -9999.000 -9999.000 -9999.000 -9999.000 -9999.000
-9999.000 -9999.000 -9999.000 -9999.000 -9999.000 -9999.000 -9999.000 -9999.000 -9999.000 -9999.000 -9999.000 -9999.000 -9999.000 -9999.000 -9999.000 0.1618929E-01 0.3601719E-01 0.5883324E-01 0.7966657E-01 0.9763108E-01 0.1121975 0.1229984 0.1297005 0.1319271 0.1292116 0.1209724 0.1064960 0.8507743E-01 0.5621988E-01 0.2615535E-01 0.2615535E-01 -9999.000 -9999.000 -9999.000 -9999.000 -9999.000 -9999.000 -9999.000 -9999.000 -9999.000 -9999.000 -9999.000 -9999.000 -9999.000 -9999.000 -9999.000 -9999.000 -9999.000 -9999.000 -9999.000 -9999.000 -9999.000 -9999.000 -9999.000 -9999.000 -9999.000 -9999.000 -9999.000
-9999.000 -9999.000 -9999.000 -9999.000 -9999.000 -9999.000 -9999.000 -9999.000 -9999.000 -9999.000 -9999.000 -9999.000 -9999.000 -9999.000 -9999.000 0.1749168E-01 0.3889209E-01 0.6384241E-01 0.8718127E-01 0.1078016 0.1250029 0.1383055 0.1472966 0.1515178 0.1503751 0.1430612 0.1284672 0.1052264 0.7179455E-01 0.3422538E-01 0.3422538E-01 -9999.000 -9999.000 -9999.000 -9999.000 -9999.000 -9999.000 -9999.000 -9999.000 -9999.000 -9999.000 -9999.000 -9999.000 -9999.000 -9999.000 -9999.000 -9999.000 -9999.000 -9999.000 -9999.000 -9999.000 -9999.000 -9999.000 -9999.000 -9999.000 -9999.000 -9999.000 -9999.000
-9999.000 -9999.000 -9999.000 -9999.000 -9999.000 -9999.000 -9999.000 -9999.000 -9999.000 -9999.000 -9999.000 -9999.000 -9999.000 -9999.000 -9999.000 0.1910164E-01 0.4230138E-01 0.6957866E-01 0.9566329E-01 0.1192789 0.1395766 0.1559766 0.1679990 0.1751209 0.1766394 0.1715158 0.1581437 0.1341162 0.9581695E-01 0.4727114E-01 0.4727114E-01 -9999.000 -9999.000 -9999.000 -9999.000 -9999.000 -9999.000 -9999.000 -9999.000 -9999.000 -9999.000 -9999.000 -9999.000 -9999.000 -9999.000 -9999.000 -9999.000 -9999.000 -9999.000 -9999.000 -9999.000 -9999.000 -9999.000 -9999.000 -9999.000 -9999.000 -9999.000 -9999.000
-9999.000 -9999.000 -9999.000 -9999.000 -9999.000 -9999.000 -9999.000 -9999.000 -9999.000 -9999.000 -9999.000 -9999.000 -9999.000 -9999.000 -9999.000 0.2692289E-01 0.5337678E-01 0.8344676E-01 0.1117834 0.1375645 0.1602047 0.1792703 0.1943541 0.2049590 0.2103591 0.2093769 0.1999331 0.1781836 0.1363861 0.6766313E-01 0.6766313E-01 -9999.000 -9999.000 -9999.000 -9999.000 -9999.000 -9999.000 -9999.000 -9999.000 -9999.000 -9999.000 -9999.000 -9999.000 -9999.000 -9999.000 -9999.000 -9999.000 -9999.000 -9999.000 -9999.000 -9999.000 -9999.000 -9999.000 -9999.000 -9999.000 -9999.000 -9999.000 -9999.000
0.9701145 0.9701145 0.9049466 0.8704522 0.8539563 0.8539563 0.8374294 0.8027657 0.8027657 0.7629001 0.7629001 0.7120333 0.6788231 0.6363248 0.5792306 0.5792306 0.4532821 0.4062531 0.3658648 0.3337186 0.3102592 0.2948965 0.2862999 0.2828131 0.2828903 0.2855767 0.2911881 0.3027827 0.3296779 0.3846242 0.3846242 1.021682 1.238418 1.329921 1.303414 1.303414 0.7319884 0.7319884 0.1857170 0.1857170 0.1365796 0.1499689 0.1499689 0.2305367 0.2305367 0.3462308 0.3462308 0.3462308 0.4234557 0.4234557 0.4885075 0.4885075 0.5425320 0.5425320 0.5877286 0.5877286 0.6409663 0.6409663
0.9829130 0.9829130 0.9171876 0.8910360 0.8783256 0.8783256 0.8652772 0.8363969 0.8363969 0.8003840 0.8003840 0.7526991 0.7233211 0.6899764 0.6529944 0.6529944 0.5862307 0.5533209 0.5188371 0.4843921 0.4520257 0.4237846 0.4013402 0.3858074 0.3778590 0.3782038 0.3884880 0.4130274 0.4625020 0.5580422 0.5580422 0.9973741 1.159856 1.266351 1.279940 1.279940 1.199545 1.199545 0.8359593 0.8359593 0.7971487 0.7953447 0.7953447 0.7659241 0.7659241 0.7660905 0.7660905 0.7660905 0.7977544 0.7977544 0.8325504 0.8325504 0.8665006 0.8665006 0.8766561 0.8766561 0.9277492 0.9277492
0.9873812 0.9873812 0.9174606 0.8920535 0.8798344 0.8798344 0.8674281 0.8406063 0.8406063 0.8086194 0.8086194 0.7687431 0.7454584 0.7201083 0.6932074 0.6932074 0.6490049 0.6277525 0.6044320 0.5791864 0.5529297 0.5272341 0.5041134 0.4857729 0.4744463 0.4724842 0.4828715 0.5105577 0.5655665 0.6695054 0.6695054 1.009329 1.154530 1.263718 1.286083 1.286083 1.274616 1.274616 1.108257 1.108257 1.063433 1.039396 1.039396 1.016073 1.016073 0.9869357 0.9869357 0.9869357 0.9985201 0.9985201 1.016084 1.016084 1.035969 1.035969 1.050200 1.050200 1.078337 1.078337
0.9918699 0.9918699 0.9178400 0.8931003 0.8813501 0.8813501 0.8695586 0.8446838 0.8446838 0.8162953 0.8162953 0.7827190 0.7638997 0.7439759 0.7233420 0.7233420 0.6921999 0.6779513 0.6623084 0.6449445 0.6260740 0.6065406 0.5878239 0.5719638 0.5614587 0.5592518 0.5689749 0.5958052 0.6487852 0.7470955 0.7470955 1.020099 1.154823 1.263815 1.288171 1.288171 1.287760 1.287760 1.201105 1.201105 1.162317 1.139004 1.139004 1.130895 1.130895 1.106672 1.106672 1.106672 1.109611 1.109611 1.118449 1.118449 1.130522 1.130522 1.140244 1.140244 1.158265 1.158265
0.9964141 0.9964141 0.9184147 0.8944761 0.8832854 0.8832854 0.8722111 0.8494921 0.8494921 0.8247642 0.8247642 0.7969847 0.7819402 0.7663139 0.7503186 0.7503186 0.7283949 0.7186280 0.7078911 0.6959358 0.6827957 0.6689209 0.6552941 0.6434937 0.6357065 0.6347520 0.6442348 0.6691036 0.7173264 0.8052801 0.8052801 1.027997 1.152841 1.255358 1.276658 1.276658 1.274038 1.274038 1.222823 1.222823 1.200722 1.192197 1.192197 1.197550 1.197550 1.184853 1.184853 1.184853 1.185036 1.185036 1.188896 1.188896 1.195755 1.195755 1.202022 1.202022 1.213447 1.213447
1.000912 1.000912 0.9191253 0.8961061 0.8855415 0.8855415 0.8752567 0.8548392 0.8548392 0.8338429 0.8338429 0.8117086 0.8002042 0.7884737 0.7765122 0.7765122 0.7622501 0.7556306 0.7480032 0.7394246 0.7300546 0.7202557 0.7107322 0.7026612 0.6977909 0.6985290 0.7080879 0.7308913 0.7738153 0.8507621 0.8507621 1.033554 1.147069 1.234366 1.248560 1.248560 1.244054 1.244054 1.224122 1.224122 1.219456 1.228374 1.228374 1.243784 1.243784 1.243300 1.243300 1.243300 1.244010 1.244010 1.244951 1.244951 1.247629 1.247629 1.250506 1.250506 1.256752 1.256752
1.005220 1.005220 0.9199182 0.8978975 0.8879949 0.8879949 0.8785340 0.8604762 0.8604762 0.8432292 0.8432292 0.8267215 0.8187591 0.8109361 0.8030005 0.8030005 0.7960672 0.7918552 0.7861571 0.7794324 0.7721252 0.7647088 0.7578030 0.7523242 0.7496313 0.7516642 0.7611130 0.7817589 0.8194432 0.8859580 0.8859580 1.035546 1.134550 1.198056 1.205040 1.205040 1.208960 1.208960 1.220270 1.220270 1.229500 1.253255 1.253255 1.276493 1.276493 1.287447 1.287447 1.287447 1.291158 1.291158 1.291380 1.291380 1.291109 1.291109 1.290784 1.290784 1.292600 1.292600
1.009169 1.009169 0.9207466 0.8997618 0.8905267 0.8905267 0.8818902 0.8661731 0.8661731 0.8526285 0.8526285 0.8417740 0.8374929 0.8338724 0.8304239 0.8304239 0.8313888 0.8291086 0.8244606 0.8183928 0.8117239 0.8051488 0.7993308 0.7950453 0.7933428 0.7957196 0.8043209 0.8222663 0.8544618 0.9107736 0.9107736 1.030550 1.109107 1.147385 1.152951 1.152951 1.177719 1.177719 1.216057 1.216057 1.234916 1.269778 1.269778 1.299279 1.299279 1.320091 1.320091 1.320091 1.328152 1.328152 1.329678 1.329678 1.328056 1.328056 1.325173 1.325173 1.323189 1.323189
1.012573 1.012573 0.9215727 0.9016160 0.8930274 0.8930274 0.8851858 0.8717189 0.8717189 0.8617592 0.8617592 0.8565636 0.8561725 0.8572655 0.8592408 0.8592408 0.8696225 0.8688448 0.8644205 0.8579292 0.8506412 0.8435308 0.8373671 0.8328473 0.8307554 0.8321488 0.8385999 0.8525662 0.8782082 0.9245631 0.9245631 1.016569 1.059155 1.089075 1.101433 1.101433 1.152835 1.152835 1.211710 1.211710 1.236941 1.279933 1.279933 1.314581 1.314581 1.343554 1.343554 1.343554 1.356267 1.356267 1.360467 1.360467 1.359110 1.359110 1.354729 1.354729 1.349729 1.349729
1.015234 1.015234 0.9223654 0.9033809 0.8953938 0.8953938 0.8882890 0.8769152 0.8769152 0.8703378 0.8703378 0.8707139 0.8744151 0.8808680 0.8897358 0.8897358 0.9123816 0.9125151 0.9073167 0.8992358 0.8900844 0.8811480 0.8733068 0.8671697 0.8632085 0.8619341 0.8641949 0.8716806 0.8878987 0.9210027 0.9210027 0.9789036 1.000996 1.035535 1.052781 1.052781 1.131738 1.131738 1.206647 1.206647 1.236274 1.285493 1.285493 1.324527 1.324527 1.360182 1.360182 1.360182 1.377150 1.377150 1.384554 1.384554 1.384650 1.384650 1.379927 1.379927 1.372872 1.372872
1.016961 1.016961 0.9231062 0.9049890 0.8975352 0.8975352 0.8910854 0.8815824 0.8815824 0.8780854 0.8780854 0.8837732 0.8916533 0.9040816 0.9218013 0.9218013 0.9617683 0.9617768 0.9543775 0.9432399 0.9308302 0.9187580 0.9079659 0.8988732 0.8914402 0.8852783 0.8800875 0.8765979 0.8780299 0.8916193 0.8916193 0.9166015 0.9326369 0.9921593 1.028135 1.028135 1.113528 1.113528 1.203451 1.203451 1.236005 1.289573 1.289573 1.331875 1.331875 1.372424 1.372424 1.372424 1.392709 1.392709 1.403027 1.403027 1.405036 1.405036 1.400830 1.400830 1.392674 1.392674
