simulation_files/asc/Velocity____71.0.asc
NCOLS        79
NROWS        79
XLLCENTER         -1.500000
YLLCENTER         -4.800000
CELLSIZE           0.100
NODATA_VALUE     -9999.0
[rows 0 to 26 of 79, columns 0 to 59 of 79]
-9999.000 -9999.000 -9999.000 -9999.000 -9999.000 -9999.000 -9999.000 -9999.000 -9999.000 -9999.000 -9999.000 -9999.000 -9999.000 -9999.000 -9999.000 0.2252171 0.2241377 0.2243328 0.2246293 0.2249444 0.2252757 0.2256345 0.2260370 0.2265041 0.2270620 0.2277488 0.2286242 0.2297872 0.2312732 0.2285734 0.2285734 -9999.000 -9999.000 -9999.000 -9999.000 -9999.000 -9999.000 -9999.000 -9999.000 -9999.000 -9999.000 -9999.000 -9999.000 -9999.000 -9999.000 -9999.000 -9999.000 -9999.000 -9999.000 -9999.000 -9999.000 -9999.000 -9999.000 -9999.000 -9999.000 -9999.000 -9999.000 -9999.000 -9999.000 -9999.000
-9999.000 -9999.000 -9999.000 -9999.000 -9999.000 -9999.000 -9999.000 -9999.000 -9999.000 -9999.000 -9999.000 -9999.000 -9999.000 -9999.000 -9999.000 0.2220620 0.2196357 0.2200191 0.2206259 0.2212749 0.2219540 0.2226816 0.2234896 0.2244207 0.2255323 0.2269091 0.2286842 0.2310694 0.2341176 0.2289964 0.2289964 -9999.000 -9999.000 -9999.000 -9999.000 -9999.000 -9999.000 -9999.000 -9999.000 -9999.000 -9999.000 -9999.000 -9999.000 -9999.000 -9999.000 -9999.000 -9999.000 -9999.000 -9999.000 -9999.000 -9999.000 -9999.000 -9999.000 -9999.000 -9999.000 -9999.000 -9999.000 -9999.000 -9999.000 -9999.000
-9999.000 -9999.000 -9999.000 -9999.000 -9999.000 -9999.000 -9999.000 -9999.000 -9999.000 -9999.000 -9999.000 -9999.000 -9999.000 -9999.000 -9999.000 0.2173006 0.2133411 0.2139832 0.2150514 0.2162347 0.2175016 0.2188769 0.2204117 0.2221768 0.2242697 0.2268293 0.2300630 0.2342803 0.2394806 0.2320543 0.2320543 -9999.000 -9999.000 -9999.000 -9999.000 -9999.000 -9999.000 -9999.000 -9999.000 -9999.000 -9999.000 -9999.000 -9999.000 -9999.000 -9999.000 -9999.000 -9999.000 -9999.000 -9999.000 -9999.000 -9999.000 -9999.000 -9999.000 -9999.000 -9999.000 -9999.000 -9999.000 -9999.000 -9999.000 -9999.000
-9999.000 -9999.000 -9999.000 -9999.000 -9999.000 -9999.000 -9999.000 -9999.000 -9999.000 -9999.000 -9999.000 -9999.000 -9999.000 -9999.000 -9999.000 0.2114438 0.2059795 0.2069587 0.2086051 0.2104686 0.2124957 0.2147164 0.2171997 0.2200449 0.2233893 0.2274269 0.2324428 0.2388523 0.2466059 0.2373984 0.2373984 -9999.000 -9999.000 -9999.000 -9999.000 -9999.000 -9999.000 -9999.000 -9999.000 -9999.000 -9999.000 -9999.000 -9999.000 -9999.000 -9999.000 -9999.000 -9999.000 -9999.000 -9999.000 -9999.000 -9999.000 -9999.000 -9999.000 -9999.000 -9999.000 -9999.000 -9999.000 -9999.000 -9999.000 -9999.000
-9999.000 -9999.000 -9999.000 -9999.000 -9999.000 -9999.000 -9999.000 -9999.000 -9999.000 -9999.000 -9999.000 -9999.000 -9999.000 -9999.000 -9999.000 0.2045546 0.1976664 0.1990617 0.2013946 0.2040685 0.2070062 0.2102417 0.2138624 0.2179981 0.2228291 0.2286108 0.2357173 0.2446875 0.2554413 0.2450459 0.2450459 -9999.000 -9999.000 -9999.000 -9999.000 -9999.000 -9999.000 -9999.000 -9999.000 -9999.000 -9999.000 -9999.000 -9999.000 -9999.000 -9999.000 -9999.000 -9999.000 -9999.000 -9999.000 -9999.000 -9999.000 -9999.000 -9999.000 -9999.000 -9999.000 -9999.000 -9999.000 -9999.000 -9999.000 -9999.000
-9999.000 -9999.000 -9999.000 -9999.000 -9999.000 -9999.000 -9999.000 -9999.000 -9999.000 -9999.000 -9999.000 -9999.000 -9999.000 -9999.000 -9999.000 0.1966397 0.1884761 0.1903717 0.1934940 0.1970981 0.2010815 0.2054822 0.2104083 0.2160230 0.2225563 0.2303363 0.2398435 0.2517694 0.2660408 0.2551631 0.2551631 -9999.000 -9999.000 -9999.000 -9999.000 -9999.000 -9999.000 -9999.000 -9999.000 -9999.000 -9999.000 -9999.000 -9999.000 -9999.000 -9999.000 -9999.000 -9999.000 -9999.000 -9999.000 -9999.000 -9999.000 -9999.000 -9999.000 -9999.000 -9999.000 -9999.000 -9999.000 -9999.000 -9999.000 -9999.000
-9999.000 -9999.000 -9999.000 -9999.000 -9999.000 -9999.000 -9999.000 -9999.000 -9999.000 -9999.000 -9999.000 -9999.000 -9999.000 -9999.000 -9999.000 0.1876530 0.1784473 0.1809392 0.1849548 0.1896049 0.1947609 0.2004664 0.2068524 0.2141214 0.2225627 0.2325923 0.2448240 0.2601441 0.2785500 0.2680623 0.2680623 -9999.000 -9999.000 -9999.000 -9999.000 -9999.000 -9999.000 -9999.000 -9999.000 -9999.000 -9999.000 -9999.000 -9999.000 -9999.000 -9999.000 -9999.000 -9999.000 -9999.000 -9999.000 -9999.000 -9999.000 -9999.000 -9999.000 -9999.000 -9999.000 -9999.000 -9999.000 -9999.000 -9999.000 -9999.000
-9999.000 -9999.000 -9999.000 -9999.000 -9999.000 -9999.000 -9999.000 -9999.000 -9999.000 -9999.000 -9999.000 -9999.000 -9999.000 -9999.000 -9999.000 0.1775008 0.1675883 0.1707938 0.1758147 0.1816296 0.1880845 0.1952296 0.2032230 0.2123140 0.2228634 0.2353977 0.2506998 0.2699121 0.2932049 0.2842295 0.2842295 -9999.000 -9999.000 -9999.000 -9999.000 -9999.000 -9999.000 -9999.000 -9999.000 -9999.000 -9999.000 -9999.000 -9999.000 -9999.000 -9999.000 -9999.000 -9999.000 -9999.000 -9999.000 -9999.000 -9999.000 -9999.000 -9999.000 -9999.000 -9999.000 -9999.000 -9999.000 -9999.000 -9999.000 -9999.000
-9999.000 -9999.000 -9999.000 -9999.000 -9999.000 -9999.000 -9999.000 -9999.000 -9999.000 -9999.000 -9999.000 -9999.000 -9999.000 -9999.000 -9999.000 0.1660469 0.1558839 0.1599523 0.1661082 0.1732184 0.1811046 0.1898258 0.1995718 0.2106477 0.2235026 0.2388026 0.2575499 0.2812299 0.3103456 0.3043869 0.3043869 -9999.000 -9999.000 -9999.000 -9999.000 -9999.000 -9999.000 -9999.000 -9999.000 -9999.000 -9999.000 -9999.000 -9999.000 -9999.000 -9999.000 -9999.000 -9999.000 -9999.000 -9999.000 -9999.000 -9999.000 -9999.000 -9999.000 -9999.000 -9999.000 -9999.000 -9999.000 -9999.000 -9999.000 -9999.000
-9999.000 -9999.000 -9999.000 -9999.000 -9999.000 -9999.000 -9999.000 -9999.000 -9999.000 -9999.000 -9999.000 -9999.000 -9999.000 -9999.000 -9999.000 0.1531186 0.1433009 0.1484284 0.1558804 0.1644392 0.1739044 0.1843461 0.1959921 0.2092140 0.2245700 0.2429024 0.2655013 0.2943191 0.3304414 0.3296115 0.3296115 -9999.000 -9999.000 -9999.000 -9999.000 -9999.000 -9999.000 -9999.000 -9999.000 -9999.000 -9999.000 -9999.000 -9999.000 -9999.000 -9999.000 -9999.000 -9999.000 -9999.000 -9999.000 -9999.000 -9999.000 -9999.000 -9999.000 -9999.000 -9999.000 -9999.000 -9999.000 -9999.000 -9999.000 -9999.000
-9999.000 -9999.000 -9999.000 -9999.000 -9999.000 -9999.000 -9999.000 -9999.000 -9999.000 -9999.000 -9999.000 -9999.000 -9999.000 -9999.000 -9999.000 0.1385124 0.1297969 0.1362503 0.1452102 0.1554100 0.1666297 0.1789537 0.1926549 0.2081845 0.2262333 0.2478663 0.2747522 0.3094889 0.3541363 0.3615547 0.3615547 -9999.000 -9999.000 -9999.000 -9999.000 -9999.000 -9999.000 -9999.000 -9999.000 -9999.000 -9999.000 -9999.000 -9999.000 -9999.000 -9999.000 -9999.000 -9999.000 -9999.000 -9999.000 -9999.000 -9999.000 -9999.000 -9999.000 -9999.000 -9999.000 -9999.000 -9999.000 -9999.000 -9999.000 -9999.000
-9999.000 -9999.000 -9999.000 -9999.000 -9999.000 -9999.000 -9999.000 -9999.000 -9999.000 -9999.000 -9999.000 -9999.000 -9999.000 -9999.000 -9999.000 0.1220007 0.1153370 0.1234914 0.1342548 0.1463519 0.1595480 0.1739481 0.1898783 0.2078833 0.2288115 0.2540059 0.2856303 0.3271830 0.3823228 0.4028777 0.4028777 -9999.000 -9999.000 -9999.000 -9999.000 -9999.000 -9999.000 -9999.000 -9999.000 -9999.000 -9999.000 -9999.000 -9999.000 -9999.000 -9999.000 -9999.000 -9999.000 -9999.000 -9999.000 -9999.000 -9999.000 -9999.000 -9999.000 -9999.000 -9999.000 -9999.000 -9999.000 -9999.000 -9999.000 -9999.000
-9999.000 -9999.000 -9999.000 -9999.000 -9999.000 -9999.000 -9999.000 -9999.000 -9999.000 -9999.000 -9999.000 -9999.000 -9999.000 -9999.000 -9999.000 0.1033422 0.9993414E-01 0.1103438 0.1233431 0.1376959 0.1531668 0.1698938 0.1882680 0.2089387 0.2329353 0.2619335 0.2987330 0.3480896 0.4162678 0.4581812 0.4581812 -9999.000 -9999.000 -9999.000 -9999.000 -9999.000 -9999.000 -9999.000 -9999.000 -9999.000 -9999.000 -9999.000 -9999.000 -9999.000 -9999.000 -9999.000 -9999.000 -9999.000 -9999.000 -9999.000 -9999.000 -9999.000 -9999.000 -9999.000 -9999.000 -9999.000 -9999.000 -9999.000 -9999.000 -9999.000
-9999.000 -9999.000 -9999.000 -9999.000 -9999.000 -9999.000 -9999.000 -9999.000 -9999.000 -9999.000 -9999.000 -9999.000 -9999.000 -9999.000 -9999.000 0.8226408E-01 0.8380190E-01 0.9739831E-01 0.1133313 0.1304800 0.1486539 0.1680574 0.1891660 0.2127459 0.2400201 0.2730369 0.3153712 0.3734935 0.4578863 0.5363214 0.5363214 -9999.000 -9999.000 -9999.000 -9999.000 -9999.000 -9999.000 -9999.000 -9999.000 -9999.000 -9999.000 -9999.000 -9999.000 -9999.000 -9999.000 -9999.000 -9999.000 -9999.000 -9999.000 -9999.000 -9999.000 -9999.000 -9999.000 -9999.000 -9999.000 -9999.000 -9999.000 -9999.000 -9999.000 -9999.000
-9999.000 -9999.000 -9999.000 -9999.000 -9999.000 -9999.000 -9999.000 -9999.000 -9999.000 -9999.000 -9999.000 -9999.000 -9999.000 -9999.000 -9999.000 0.5825124E-01 0.7580478E-01 0.9842823E-01 0.1200602 0.1408608 0.1613894 0.1823649 0.2046525 0.2293598 0.2580798 0.2933895 0.3398571 0.4062765 0.5098505 0.6553269 0.6553269 -9999.000 -9999.000 -9999.000 -9999.000 -9999.000 -9999.000 -9999.000 -9999.000 -9999.000 -9999.000 -9999.000 -9999.000 -9999.000 -9999.000 -9999.000 -9999.000 -9999.000 -9999.000 -9999.000 -9999.000 -9999.000 -9999.000 -9999.000 -9999.000 -9999.000 -9999.000 -9999.000 -9999.000 -9999.000
1.641115 1.641115 1.701123 1.732682 1.741451 1.741451 1.747816 1.755912 1.755912 1.760171 1.760171 1.762051 1.762528 1.539933 1.336887 1.336887 1.167088 1.102105 1.030020 0.9527127 0.8727133 0.7933197 0.7185332 0.6529700 0.6018789 0.5714715 0.5698763 0.6094806 0.7125947 0.9403722 0.9403722 1.575384 1.770137 1.828472 1.791487 1.791487 1.664484 1.664484 1.479300 1.479300 1.105393 0.9316341 0.9316341 0.9226573 0.9226573 0.9628544 0.9628544 0.9628544 1.012851 1.012851 1.057101 1.057101 1.094426 1.094426 1.138741 1.138741 1.166148 1.166148 1.166148 1.185888
1.655725 1.655725 1.721269 1.766956 1.783268 1.783268 1.797273 1.820690 1.820690 1.840176 1.840176 1.857139 1.865072 1.716423 1.486215 1.486215 1.410924 1.385520 1.352149 1.309985 1.259080 1.200399 1.135913 1.068802 1.003801 0.9477152 0.9102305 0.9053338 0.9541448 1.093432 1.093432 1.549996 1.705373 1.807601 1.821656 1.821656 1.800613 1.800613 1.713250 1.713250 1.524717 1.236973 1.236973 1.236047 1.236047 1.287140 1.287140 1.287140 1.340352 1.340352 1.388283 1.388283 1.416229 1.416229 1.470762 1.470762 1.504636 1.504636 1.504636 1.531541
1.659160 1.659160 1.722741 1.767427 1.783718 1.783718 1.797824 1.821606 1.821606 1.841541 1.841541 1.859009 1.867155 1.772665 1.521492 1.521492 1.473951 1.467193 1.456246 1.439545 1.416210 1.386019 1.349494 1.308084 1.264463 1.222987 1.190467 1.177523 1.201320 1.294751 1.294751 1.641013 1.781685 1.898335 1.924525 1.924525 1.926925 1.926925 1.870723 1.870723 1.771421 1.507392 1.507392 1.472517 1.472517 1.509497 1.509497 1.509497 1.557201 1.557201 1.598337 1.598337 1.630444 1.630444 1.669922 1.669922 1.698444 1.698444 1.698444 1.720377
1.661838 1.661838 1.723931 1.767602 1.783736 1.783736 1.797791 1.821587 1.821587 1.841555 1.841555 1.859037 1.867132 1.812712 1.558570 1.558570 1.509344 1.510593 1.509469 1.504867 1.496169 1.483122 1.465863 1.445063 1.422173 1.399787 1.382212 1.376477 1.394670 1.464433 1.464433 1.728021 1.849360 1.958137 1.981626 1.981626 1.986340 1.986340 1.952056 1.952056 1.903910 1.714054 1.714054 1.636644 1.636644 1.663345 1.663345 1.663345 1.704215 1.704215 1.740284 1.740284 1.769140 1.769140 1.800795 1.800795 1.825577 1.825577 1.825577 1.844256
1.663865 1.663865 1.724885 1.767760 1.783747 1.783747 1.797748 1.821555 1.821555 1.841549 1.841549 1.859036 1.867083 1.833854 1.606745 1.606745 1.538446 1.545556 1.550175 1.551791 1.550380 1.546192 1.539655 1.531405 1.522428 1.514325 1.509708 1.512828 1.531260 1.587155 1.587155 1.796042 1.895637 1.984579 1.999186 1.999186 1.997561 1.997561 1.982671 1.982671 1.965787 1.860109 1.860109 1.769124 1.769124 1.771105 1.771105 1.771105 1.805300 1.805300 1.837634 1.837634 1.864199 1.864199 1.890811 1.890811 1.912575 1.912575 1.912575 1.928815
1.665292 1.665292 1.725572 1.767885 1.783753 1.783753 1.797710 1.821526 1.821526 1.841544 1.841544 1.859035 1.867051 1.847936 1.663723 1.663723 1.567822 1.580564 1.589774 1.595386 1.597865 1.597985 1.596655 1.594834 1.593541 1.593996 1.597828 1.607257 1.625824 1.671684 1.671684 1.838544 1.916730 1.976093 1.979918 1.979918 1.976645 1.976645 1.984500 1.984500 1.988305 1.951140 1.951140 1.878174 1.878174 1.854397 1.854397 1.854397 1.879492 1.879492 1.907419 1.907419 1.931610 1.931610 1.954470 1.954470 1.973249 1.973249 1.973249 1.987117
1.666143 1.666143 1.725981 1.767967 1.783756 1.783756 1.797684 1.821507 1.821507 1.841542 1.841542 1.859037 1.867035 1.857215 1.723870 1.723870 1.599488 1.618168 1.631861 1.640820 1.645842 1.648096 1.648926 1.649700 1.651707 1.656167 1.664270 1.676694 1.692833 1.726319 1.726319 1.854885 1.909123 1.932408 1.929674 1.929674 1.938405 1.938405 1.971903 1.971903 1.990158 1.999170 1.999170 1.960779 1.960779 1.923593 1.923593 1.923593 1.937811 1.937811 1.959746 1.959746 1.980754 1.980754 1.999957 1.999957 2.015536 2.015536 2.015536 2.026887
1.666428 1.666428 1.726116 1.767994 1.783757 1.783757 1.797675 1.821501 1.821501 1.841541 1.841541 1.859037 1.867030 1.863288 1.772286 1.772286 1.634467 1.659298 1.677688 1.689995 1.697169 1.700658 1.702109 1.703281 1.705811 1.711134 1.720371 1.732731 1.741227 1.755427 1.755427 1.841972 1.867104 1.859432 1.860371 1.860371 1.894897 1.894897 1.952603 1.952603 1.981018 2.018717 2.018717 2.014746 2.014746 1.981563 1.981563 1.981563 1.986153 1.986153 2.000892 2.000892 2.017342 2.017342 2.032450 2.032450 2.044599 2.044599 2.044599 2.053310
1.666144 1.666144 1.725981 1.767966 1.783756 1.783756 1.797684 1.821507 1.821507 1.841542 1.841542 1.859036 1.867032 1.867248 1.806378 1.806378 1.674999 1.705132 1.727894 1.743316 1.752513 1.756966 1.758465 1.758990 1.760496 1.764752 1.773015 1.781843 1.773038 1.755042 1.755042 1.794494 1.786936 1.771584 1.786641 1.786641 1.852849 1.852849 1.930131 1.930131 1.965724 2.021252 2.021252 2.043834 2.043834 2.027544 2.027544 2.027544 2.026747 2.026747 2.034496 2.034496 2.045254 2.045254 2.055619 2.055619 2.063908 2.063908 2.063908 2.069783
1.665292 1.665292 1.725571 1.767885 1.783753 1.783753 1.797710 1.821526 1.821526 1.841544 1.841544 1.859035 1.867040 1.869824 1.830450 1.830450 1.727300 1.757451 1.783714 1.802030 1.813010 1.818101 1.819181 1.818401 1.817969 1.819951 1.825597 1.826123 1.782741 1.718335 1.718335 1.707044 1.675109 1.684104 1.717384 1.717384 1.813752 1.813752 1.905869 1.905869 1.946759 2.013968 2.013968 2.054884 2.054884 2.060503 2.060503 2.060503 2.059556 2.059556 2.062048 2.062048 2.066835 2.066835 2.071825 2.071825 2.075783 2.075783 2.075783 2.078639
1.663865 1.663865 1.724885 1.767760 1.783747 1.783747 1.797748 1.821555 1.821555 1.841549 1.841549 1.859036 1.867050 1.871488 1.846865 1.846865 1.792027 1.819970 1.847763 1.867858 1.879877 1.885037 1.885180 1.882524 1.879457 1.878291 1.879917 1.862695 1.748721 1.632547 1.632547 1.579312 1.552419 1.606313 1.652067 1.652067 1.778191 1.778191 1.881585 1.881585 1.926495 2.001640 2.001640 2.054638 2.054638 2.081051 2.081051 2.081051 2.084008 2.084008 2.083776 2.083776 2.083170 2.083170 2.082529 2.082529 2.081856 2.081856 2.081856 2.081627
1.661838 1.661838 1.723932 1.767602 1.783736 1.783736 1.797791 1.821587 1.821587 1.841555 1.841555 1.859037 1.867062 1.872545 1.857645 1.857645 1.868600 1.896249 1.923173 1.942932 1.954507 1.958720 1.957199 1.952067 1.945760 1.940762 1.936436 1.876406 1.644183 1.503125 1.503125 1.434241 1.434503 1.538027 1.602591 1.602591 1.744965 1.744965 1.857853 1.857853 1.905812 1.986328 1.986328 2.047122 2.047122 2.090255 2.090255 2.090255 2.098990 2.098990 2.098350 2.098350 2.093574 2.093574 2.087648 2.087648 2.082453 2.082453 2.082453 2.079318
