simulation_files/asc/Velocity__x_15.0.asc
NCOLS        79
NROWS        79
XLLCENTER         -1.500000
YLLCENTER         -4.800000
CELLSIZE           0.100
NODATA_VALUE     -9999.0
[rows 0 to 25 of 79, columns 0 to 57 of 79]
-9999.000 -9999.000 -9999.000 -9999.000 -9999.000 -9999.000 -9999.000 -9999.000 -9999.000 -9999.000 -9999.000 -9999.000 -9999.000 -9999.000 -9999.000 0.8585792E-03 0.1037168E-02 0.3844492E-03 0.1418639E-03 0.5221878E-04 0.1897269E-04 0.6176577E-05 0.3941430E-08 -0.6159933E-05 -0.1894520E-04 -0.5221594E-04 -0.1418722E-03 -0.3844155E-03 -0.1037176E-02 -0.8586108E-03 -0.8586108E-03 -9999.000 -9999.000 -9999.000 -9999.000 -9999.000 -9999.000 -9999.000 -9999.000 -9999.000 -9999.000 -9999.000 -9999.000 -9999.000 -9999.000 -9999.000 -9999.000 -9999.000 -9999.000 -9999.000 -9999.000 -9999.000 -9999.000 -9999.000 -9999.000 -9999.000 -9999.000 -9999.000
-9999.000 -9999.000 -9999.000 -9999.000 -9999.000 -9999.000 -9999.000 -9999.000 -9999.000 -9999.000 -9999.000 -9999.000 -9999.000 -9999.000 -9999.000 0.1932546E-02 0.2440716E-02 0.1146659E-02 0.5114677E-03 0.2204452E-03 0.9111909E-04 0.3252807E-04 0.8477666E-08 -0.3250263E-04 -0.9110808E-04 -0.2204526E-03 -0.5114762E-03 -0.1146608E-02 -0.2440674E-02 -0.1932550E-02 -0.1932550E-02 -9999.000 -9999.000 -9999.000 -9999.000 -9999.000 -9999.000 -9999.000 -9999.000 -9999.000 -9999.000 -9999.000 -9999.000 -9999.000 -9999.000 -9999.000 -9999.000 -9999.000 -9999.000 -9999.000 -9999.000 -9999.000 -9999.000 -9999.000 -9999.000 -9999.000 -9999.000 -9999.000
-9999.000 -9999.000 -9999.000 -9999.000 -9999.000 -9999.000 -9999.000 -9999.000 -9999.000 -9999.000 -9999.000 -9999.000 -9999.000 -9999.000 -9999.000 0.2906073E-02 0.3812599E-02 0.2135106E-02 0.1106736E-02 0.5430277E-03 0.2500613E-03 0.9638583E-04 0.2442010E-07 -0.9635773E-04 -0.2500766E-03 -0.5430050E-03 -0.1106696E-02 -0.2135067E-02 -0.3812606E-02 -0.2906069E-02 -0.2906069E-02 -9999.000 -9999.000 -9999.000 -9999.000 -9999.000 -9999.000 -9999.000 -9999.000 -9999.000 -9999.000 -9999.000 -9999.000 -9999.000 -9999.000 -9999.000 -9999.000 -9999.000 -9999.000 -9999.000 -9999.000 -9999.000 -9999.000 -9999.000 -9999.000 -9999.000 -9999.000 -9999.000
-9999.000 -9999.000 -9999.000 -9999.000 -9999.000 -9999.000 -9999.000 -9999.000 -9999.000 -9999.000 -9999.000 -9999.000 -9999.000 -9999.000 -9999.000 0.3656764E-02 0.4956772E-02 0.3179361E-02 0.1861838E-02 0.1017941E-02 0.5132208E-03 0.2108446E-03 0.6541923E-08 -0.2108387E-03 -0.5132226E-03 -0.1017894E-02 -0.1861768E-02 -0.3179354E-02 -0.4956785E-02 -0.3656774E-02 -0.3656774E-02 -9999.000 -9999.000 -9999.000 -9999.000 -9999.000 -9999.000 -9999.000 -9999.000 -9999.000 -9999.000 -9999.000 -9999.000 -9999.000 -9999.000 -9999.000 -9999.000 -9999.000 -9999.000 -9999.000 -9999.000 -9999.000 -9999.000 -9999.000 -9999.000 -9999.000 -9999.000 -9999.000
-9999.000 -9999.000 -9999.000 -9999.000 -9999.000 -9999.000 -9999.000 -9999.000 -9999.000 -9999.000 -9999.000 -9999.000 -9999.000 -9999.000 -9999.000 0.4167819E-02 0.5809430E-02 0.4147087E-02 0.2684519E-02 0.1607299E-02 0.8745492E-03 0.3787913E-03 0.9835074E-08 -0.3787888E-03 -0.8745071E-03 -0.1607248E-02 -0.2684494E-02 -0.4147089E-02 -0.5809469E-02 -0.4167845E-02 -0.4167845E-02 -9999.000 -9999.000 -9999.000 -9999.000 -9999.000 -9999.000 -9999.000 -9999.000 -9999.000 -9999.000 -9999.000 -9999.000 -9999.000 -9999.000 -9999.000 -9999.000 -9999.000 -9999.000 -9999.000 -9999.000 -9999.000 -9999.000 -9999.000 -9999.000 -9999.000 -9999.000 -9999.000
-9999.000 -9999.000 -9999.000 -9999.000 -9999.000 -9999.000 -9999.000 -9999.000 -9999.000 -9999.000 -9999.000 -9999.000 -9999.000 -9999.000 -9999.000 0.4471519E-02 0.6381344E-02 0.4958351E-02 0.3485373E-02 0.2251722E-02 0.1305948E-02 0.5910422E-03 0.1574230E-07 -0.5910342E-03 -0.1305938E-02 -0.2251681E-02 -0.3485333E-02 -0.4958354E-02 -0.6381358E-02 -0.4471542E-02 -0.4471542E-02 -9999.000 -9999.000 -9999.000 -9999.000 -9999.000 -9999.000 -9999.000 -9999.000 -9999.000 -9999.000 -9999.000 -9999.000 -9999.000 -9999.000 -9999.000 -9999.000 -9999.000 -9999.000 -9999.000 -9999.000 -9999.000 -9999.000 -9999.000 -9999.000 -9999.000 -9999.000 -9999.000
-9999.000 -9999.000 -9999.000 -9999.000 -9999.000 -9999.000 -9999.000 -9999.000 -9999.000 -9999.000 -9999.000 -9999.000 -9999.000 -9999.000 -9999.000 0.4657992E-01 0.8387545E-01 0.8848374E-01 0.8050431E-01 0.6745721E-01 0.4981368E-01 0.2811713E-01 0.8697374E-02 0.3147668E-03 -0.1634570E-02 -0.2870030E-02 -0.4191929E-02 -0.5578651E-02 -0.6716784E-02 -0.4616142E-02 -0.4616142E-02 -9999.000 -9999.000 -9999.000 -9999.000 -9999.000 -9999.000 -9999.000 -9999.000 -9999.000 -9999.000 -9999.000 -9999.000 -9999.000 -9999.000 -9999.000 -9999.000 -9999.000 -9999.000 -9999.000 -9999.000 -9999.000 -9999.000 -9999.000 -9999.000 -9999.000 -9999.000 -9999.000
-9999.000 -9999.000 -9999.000 -9999.000 -9999.000 -9999.000 -9999.000 -9999.000 -9999.000 -9999.000 -9999.000 -9999.000 -9999.000 -9999.000 -9999.000 0.3037662E-01 0.5910069E-01 0.7874935E-01 0.8896514E-01 0.9553344E-01 0.1022914 0.1115264 0.1208548 0.1219870 0.1101792 0.8945140E-01 0.6205600E-01 0.2222058E-01 -0.3801879E-01 -0.4029062E-01 -0.4029062E-01 -9999.000 -9999.000 -9999.000 -9999.000 -9999.000 -9999.000 -9999.000 -9999.000 -9999.000 -9999.000 -9999.000 -9999.000 -9999.000 -9999.000 -9999.000 -9999.000 -9999.000 -9999.000 -9999.000 -9999.000 -9999.000 -9999.000 -9999.000 -9999.000 -9999.000 -9999.000 -9999.000
-9999.000 -9999.000 -9999.000 -9999.000 -9999.000 -9999.000 -9999.000 -9999.000 -9999.000 -9999.000 -9999.000 -9999.000 -9999.000 -9999.000 -9999.000 0.2210754E-01 0.4736865E-01 0.7216237E-01 0.8958524E-01 0.1020733 0.1117375 0.1191713 0.1222139 0.1178775 0.1058992 0.8757057E-01 0.6407686E-01 0.3659225E-01 0.7558358E-02 -0.3089718E-02 -0.3089718E-02 -9999.000 -9999.000 -9999.000 -9999.000 -9999.000 -9999.000 -9999.000 -9999.000 -9999.000 -9999.000 -9999.000 -9999.000 -9999.000 -9999.000 -9999.000 -9999.000 -9999.000 -9999.000 -9999.000 -9999.000 -9999.000 -9999.000 -9999.000 -9999.000 -9999.000 -9999.000 -9999.000
-9999.000 -9999.000 -9999.000 -9999.000 -9999.000 -9999.000 -9999.000 -9999.000 -9999.000 -9999.000 -9999.000 -9999.000 -9999.000 -9999.000 -9999.000 0.1935921E-01 0.4396482E-01 0.7141879E-01 0.9251614E-01 0.1078919 0.1185625 0.1246863 0.1253864 0.1199683 0.1088219 0.9267310E-01 0.7247934E-01 0.5020430E-01 0.2876416E-01 0.1299405E-01 0.1299405E-01 -9999.000 -9999.000 -9999.000 -9999.000 -9999.000 -9999.000 -9999.000 -9999.000 -9999.000 -9999.000 -9999.000 -9999.000 -9999.000 -9999.000 -9999.000 -9999.000 -9999.000 -9999.000 -9999.000 -9999.000 -9999.000 -9999.000 -9999.000 -9999.000 -9999.000 -9999.000 -9999.000
-9999.000 -9999.000 -9999.000 -9999.000 -9999.000 -9999.000 -9999.000 -9999.000 -9999.000 -9999.000 -9999.000 -9999.000 -9999.000 -9999.000 -9999.000 0.1862043E-01 0.4346325E-01 0.7280745E-01 0.9653594E-01 0.1143583 0.1267274 0.1337285 0.1350972 0.1307410 0.1208947 0.1059645 0.8668204E-01 0.6456926E-01 0.4169826E-01 0.2051548E-01 0.2051548E-01 -9999.000 -9999.000 -9999.000 -9999.000 -9999.000 -9999.000 -9999.000 -9999.000 -9999.000 -9999.000 -9999.000 -9999.000 -9999.000 -9999.000 -9999.000 -9999.000 -9999.000 -9999.000 -9999.000 -9999.000 -9999.000 -9999.000 -9999.000 -9999.000 -9999.000 -9999.000 -9999.000
-9999.000 -9999.000 -9999.000 -9999.000 -9999.000 -9999.000 -9999.000 -9999.000 -9999.000 -9999.000 -9999.000 -9999.000 -9999.000 -9999.000 -9999.000 0.1854844E-01 0.4398436E-01 0.7519001E-01 0.1016431 0.1223607 0.1373371 0.1465458 0.1498646 0.1472309 0.1386861 0.1244661 0.1051267 0.8162304E-01 0.5489932E-01 0.2736588E-01 0.2736588E-01 -9999.000 -9999.000 -9999.000 -9999.000 -9999.000 -9999.000 -9999.000 -9999.000 -9999.000 -9999.000 -9999.000 -9999.000 -9999.000 -9999.000 -9999.000 -9999.000 -9999.000 -9999.000 -9999.000 -9999.000 -9999.000 -9999.000 -9999.000 -9999.000 -9999.000 -9999.000 -9999.000
-9999.000 -9999.000 -9999.000 -9999.000 -9999.000 -9999.000 -9999.000 -9999.000 -9999.000 -9999.000 -9999.000 -9999.000 -9999.000 -9999.000 -9999.000 0.1878181E-01 0.4505240E-01 0.7831097E-01 0.1077909 0.1318507 0.1500591 0.1622406 0.1682494 0.1679467 0.1612407 0.1481757 0.1289183 0.1035891 0.7175454E-01 0.3597627E-01 0.3597627E-01 -9999.000 -9999.000 -9999.000 -9999.000 -9999.000 -9999.000 -9999.000 -9999.000 -9999.000 -9999.000 -9999.000 -9999.000 -9999.000 -9999.000 -9999.000 -9999.000 -9999.000 -9999.000 -9999.000 -9999.000 -9999.000 -9999.000 -9999.000 -9999.000 -9999.000 -9999.000 -9999.000
-9999.000 -9999.000 -9999.000 -9999.000 -9999.000 -9999.000 -9999.000 -9999.000 -9999.000 -9999.000 -9999.000 -9999.000 -9999.000 -9999.000 -9999.000 0.1929085E-01 0.4661643E-01 0.8208736E-01 0.1147711 0.1424417 0.1643157 0.1800801 0.1895446 0.1925268 0.1888414 0.1782544 0.1602566 0.1336739 0.9597785E-01 0.4875454E-01 0.4875454E-01 -9999.000 -9999.000 -9999.000 -9999.000 -9999.000 -9999.000 -9999.000 -9999.000 -9999.000 -9999.000 -9999.000 -9999.000 -9999.000 -9999.000 -9999.000 -9999.000 -9999.000 -9999.000 -9999.000 -9999.000 -9999.000 -9999.000 -9999.000 -9999.000 -9999.000 -9999.000 -9999.000
-9999.000 -9999.000 -9999.000 -9999.000 -9999.000 -9999.000 -9999.000 -9999.000 -9999.000 -9999.000 -9999.000 -9999.000 -9999.000 -9999.000 -9999.000 0.2449667E-01 0.5389753E-01 0.9138500E-01 0.1263733 0.1567573 0.1817497 0.2010211 0.2143763 0.2216402 0.2225899 0.2167431 0.2028306 0.1778510 0.1350754 0.6765532E-01 0.6765532E-01 -9999.000 -9999.000 -9999.000 -9999.000 -9999.000 -9999.000 -9999.000 -9999.000 -9999.000 -9999.000 -9999.000 -9999.000 -9999.000 -9999.000 -9999.000 -9999.000 -9999.000 -9999.000 -9999.000 -9999.000 -9999.000 -9999.000 -9999.000 -9999.000 -9999.000 -9999.000 -9999.000
0.7698701 0.7698701 0.7530876 0.7395583 0.7274148 0.7274148 0.7133338 0.6826456 0.6826456 0.6437950 0.6437950 0.5895282 0.5530064 0.5069557 0.4481137 0.4481137 0.3259645 0.2922393 0.2722054 0.2627745 0.2607660 0.2632121 0.2676472 0.2723074 0.2762604 0.2795191 0.2833819 0.2916420 0.3136829 0.3637488 0.3637488 0.9510379 1.150287 0.8353626E-01 0.7484168 0.7484168 0.1379462 0.1379462 -0.4813918E-02 -0.4813918E-02 0.3586243E-02 0.9193870E-01 0.9193870E-01 0.1789426 0.1789426 0.2952075 0.2952075 0.2952075 0.3655283 0.3655283 0.4238953 0.4238953 0.4727042 0.4727042 0.5132134 0.5132134 0.5456053 0.5456053
0.7776505 0.7776505 0.7619720 0.7548469 0.7454431 0.7454431 0.7337451 0.7066415 0.7066415 0.6695676 0.6695676 0.6174697 0.5851364 0.5488074 0.5092444 0.5092444 0.4365340 0.4077115 0.3835152 0.3642508 0.3502311 0.3413883 0.3372525 0.3372282 0.3410086 0.3490335 0.3631590 0.3880995 0.4348316 0.5254273 0.5254273 0.9327769 1.088308 1.148914 1.088539 1.088539 0.9511480 0.9511480 0.8329340 0.8329340 0.8217649 0.7705382 0.7705382 0.7193225 0.7193225 0.7007685 0.7007685 0.7007685 0.7279589 0.7279589 0.7584254 0.7584254 0.7873716 0.7873716 0.8128006 0.8128006 0.8170468 0.8170468
0.7792860 0.7792860 0.7619861 0.7556019 0.7467641 0.7467641 0.7358301 0.7112839 0.7112839 0.6790655 0.6790655 0.6356909 0.6097194 0.5812867 0.5511618 0.5511618 0.4991227 0.4780324 0.4589626 0.4417653 0.4269518 0.4153621 0.4078551 0.4052064 0.4082296 0.4181043 0.4370196 0.4695143 0.5255517 0.6273089 0.6273089 0.9437382 1.080764 1.161929 1.172847 1.172847 1.144474 1.144474 1.077553 1.077553 1.054949 1.008051 1.008051 0.9653488 0.9653488 0.9238076 0.9238076 0.9238076 0.9325877 0.9325877 0.9489945 0.9489945 0.9678857 0.9678857 0.9859877 0.9859877 0.9989762 0.9989762
0.7810145 0.7810145 0.7621700 0.7565326 0.7482766 0.7482766 0.7381315 0.7161599 0.7161599 0.6884741 0.6884741 0.6523862 0.6312842 0.6085111 0.5846611 0.5846611 0.5454887 0.5297465 0.5154100 0.5020789 0.4899108 0.4796235 0.4723301 0.4693740 0.4722576 0.4827460 0.5033025 0.5381437 0.5957587 0.6955794 0.6955794 0.9527875 1.080416 1.176481 1.198744 1.198744 1.192881 1.192881 1.146908 1.146908 1.123756 1.092384 1.092384 1.076661 1.076661 1.049825 1.049825 1.049825 1.050867 1.050867 1.058511 1.058511 1.069967 1.069967 1.082632 1.082632 1.093436 1.093436
0.7836215 0.7836215 0.7627113 0.7577991 0.7502180 0.7502180 0.7409641 0.7217593 0.7217593 0.6985881 0.6985881 0.6690917 0.6520707 0.6338045 0.6146984 0.6146984 0.5848061 0.5727776 0.5618629 0.5517829 0.5425454 0.5346276 0.5289895 0.5270005 0.5303503 0.5410449 0.5616558 0.5960710 0.6514354 0.7440346 0.7440346 0.9576334 1.077821 1.176576 1.198460 1.198460 1.193852 1.193852 1.158398 1.158398 1.144110 1.135150 1.135150 1.140201 1.140201 1.132995 1.132995 1.132995 1.133203 1.133203 1.135632 1.135632 1.140922 1.140922 1.148162 1.148162 1.155406 1.155406
0.7858388 0.7858388 0.7633129 0.7594416 0.7526054 0.7526054 0.7442984 0.7279316 0.7279316 0.7092475 0.7092475 0.6860346 0.6727464 0.6584693 0.6434000 0.6434000 0.6210088 0.6116752 0.6030599 0.5951879 0.5881456 0.5823007 0.5784184 0.5776875 0.5816899 0.5923876 0.6122708 0.6448779 0.6962470 0.7799090 0.7799090 0.9590856 1.071420 1.161564 1.177258 1.177258 1.168541 1.168541 1.150884 1.150884 1.149924 1.162148 1.162148 1.180805 1.180805 1.189926 1.189926 1.189926 1.193895 1.193895 1.195127 1.195127 1.196447 1.196447 1.198943 1.198943 1.202103 1.202103
0.7880287 0.7880287 0.7639151 0.7611347 0.7550719 0.7550719 0.7477440 0.7342746 0.7342746 0.7201043 0.7201043 0.7031453 0.6935366 0.6831524 0.6719487 0.6719487 0.6563109 0.6489949 0.6417904 0.6351080 0.6292596 0.6246507 0.6219317 0.6220911 0.6264883 0.6368775 0.6555245 0.6855823 0.7321785 0.8065369 0.8065369 0.9568238 1.058762 1.128319 1.135816 1.135816 1.131326 1.131326 1.140513 1.140513 1.152067 1.180217 1.180217 1.207501 1.207501 1.228015 1.228015 1.228015 1.237359 1.237359 1.240685 1.240685 1.240940 1.240940 1.240381 1.240381 1.239895 1.239895
0.7901530 0.7901530 0.7645436 0.7628869 0.7575992 0.7575992 0.7512427 0.7406254 0.7406254 0.7309239 0.7309239 0.7202996 0.7145126 0.7082505 0.7011955 0.7011955 0.6923246 0.6864947 0.6799248 0.6734823 0.6677938 0.6634034 0.6609376 0.6612305 0.6654031 0.6749300 0.6917623 0.7186283 0.7598723 0.8246742 0.8246742 0.9484457 1.033601 1.076082 1.080969 1.080969 1.095217 1.095217 1.131825 1.131825 1.152434 1.191351 1.191351 1.224365 1.224365 1.252632 1.252632 1.252632 1.266975 1.266975 1.273908 1.273908 1.275533 1.275533 1.274103 1.274103 1.271253 1.271253
0.7921188 0.7921188 0.7651699 0.7646281 0.7600910 0.7600910 0.7546676 0.7467845 0.7467845 0.7414380 0.7414380 0.7372689 0.7355891 0.7339768 0.7318558 0.7318558 0.7305421 0.7256547 0.7189077 0.7117431 0.7051691 0.6999272 0.6966735 0.6961277 0.6991784 0.7069809 0.7211004 0.7437936 0.7787637 0.8342350 0.8342350 0.9323313 0.9828283 1.012148 1.025010 1.025010 1.065560 1.065560 1.123762 1.123762 1.150277 1.196467 1.196467 1.233621 1.233621 1.267571 1.267571 1.267571 1.286029 1.286029 1.296699 1.296699 1.300954 1.300954 1.300490 1.300490 1.296919 1.296919
0.7938218 0.7938218 0.7657713 0.7662953 0.7624596 0.7624596 0.7579033 0.7525620 0.7525620 0.7513609 0.7513609 0.7537077 0.7564898 0.7603217 0.7645542 0.7645542 0.7726350 0.7679518 0.7600074 0.7510166 0.7424380 0.7352312 0.7300875 0.7276029 0.7283970 0.7332215 0.7431198 0.7597278 0.7860237 0.8289073 0.8289073 0.8937799 0.9213809 0.9524209 0.9784533 0.9784533 1.038480 1.038480 1.113489 1.113489 1.144228 1.196055 1.196055 1.236783 1.236783 1.275597 1.275597 1.275597 1.297484 1.297484 1.311458 1.311458 1.318580 1.318580 1.320060 1.320060 1.317131 1.317131
0.7951544 0.7951544 0.7663365 0.7678379 0.7646303 0.7646303 0.7608478 0.7577826 0.7577826 0.7603936 0.7603936 0.7691364 0.7766852 0.7869068 0.7996895 0.7996895 0.8207274 0.8150335 0.8044327 0.7922051 0.7803236 0.7699530 0.7617617 0.7561331 0.7532726 0.7532963 0.7564133 0.7633428 0.7761932 0.7998599 0.7998599 0.8306121 0.8486588 0.9045799 0.9428868 0.9428868 1.010630 1.010630 1.104887 1.104887 1.138878 1.194636 1.194636 1.237823 1.237823 1.280130 1.280130 1.280130 1.304505 1.304505 1.320937 1.320937 1.330415 1.330415 1.333907 1.333907 1.332275 1.332275
