simulation_files/asc/Velocity____289.0.asc
NCOLS        79
NROWS        79
XLLCENTER         -1.500000
YLLCENTER         -4.800000
CELLSIZE           0.100
NODATA_VALUE     -9999.0
[rows 0 to 26 of 79, columns 0 to 59 of 79]
-9999.000 -9999.000 -9999.000 -9999.000 -9999.000 -9999.000 -9999.000 -9999.000 -9999.000 -9999.000 -9999.000 -9999.000 -9999.000 -9999.000 -9999.000 0.9453416E-01 0.9209102E-01 0.9144452E-01 0.9184866E-01 0.9277563E-01 0.9382425E-01 0.9481788E-01 0.9564672E-01 0.9624396E-01 0.9665044E-01 0.9688950E-01 0.9703095E-01 0.9727982E-01 0.9822769E-01 0.9924379E-01 0.9924379E-01 -9999.000 -9999.000 -9999.000 -9999.000 -9999.000 -9999.000 -9999.000 -9999.000 -9999.000 -9999.000 -9999.000 -9999.000 -9999.000 -9999.000 -9999.000 -9999.000 -9999.000 -9999.000 -9999.000 -9999.000 -9999.000 -9999.000 -9999.000 -9999.000 -9999.000 -9999.000 -9999.000 -9999.000 -9999.000
-9999.000 -9999.000 -9999.000 -9999.000 -9999.000 -9999.000 -9999.000 -9999.000 -9999.000 -9999.000 -9999.000 -9999.000 -9999.000 -9999.000 -9999.000 0.9386563E-01 0.8885160E-01 0.8756041E-01 0.8843751E-01 0.9037181E-01 0.9256329E-01 0.9467395E-01 0.9648692E-01 0.9785523E-01 0.9884913E-01 0.9950677E-01 0.9997188E-01 0.1006990 0.1029978 0.1057539 0.1057539 -9999.000 -9999.000 -9999.000 -9999.000 -9999.000 -9999.000 -9999.000 -9999.000 -9999.000 -9999.000 -9999.000 -9999.000 -9999.000 -9999.000 -9999.000 -9999.000 -9999.000 -9999.000 -9999.000 -9999.000 -9999.000 -9999.000 -9999.000 -9999.000 -9999.000 -9999.000 -9999.000 -9999.000 -9999.000
-9999.000 -9999.000 -9999.000 -9999.000 -9999.000 -9999.000 -9999.000 -9999.000 -9999.000 -9999.000 -9999.000 -9999.000 -9999.000 -9999.000 -9999.000 0.9194844E-01 0.8419073E-01 0.8212560E-01 0.8351652E-01 0.8659063E-01 0.9010272E-01 0.9355193E-01 0.9661839E-01 0.9907534E-01 0.1010264 0.1025135 0.1037421 0.1054167 0.1096192 0.1149530 0.1149530 -9999.000 -9999.000 -9999.000 -9999.000 -9999.000 -9999.000 -9999.000 -9999.000 -9999.000 -9999.000 -9999.000 -9999.000 -9999.000 -9999.000 -9999.000 -9999.000 -9999.000 -9999.000 -9999.000 -9999.000 -9999.000 -9999.000 -9999.000 -9999.000 -9999.000 -9999.000 -9999.000 -9999.000 -9999.000
-9999.000 -9999.000 -9999.000 -9999.000 -9999.000 -9999.000 -9999.000 -9999.000 -9999.000 -9999.000 -9999.000 -9999.000 -9999.000 -9999.000 -9999.000 0.8941150E-01 0.7897410E-01 0.7613572E-01 0.7806595E-01 0.8230481E-01 0.8716217E-01 0.9198965E-01 0.9637792E-01 0.1000242 0.1030662 0.1055395 0.1077000 0.1104969 0.1168080 0.1252692 0.1252692 -9999.000 -9999.000 -9999.000 -9999.000 -9999.000 -9999.000 -9999.000 -9999.000 -9999.000 -9999.000 -9999.000 -9999.000 -9999.000 -9999.000 -9999.000 -9999.000 -9999.000 -9999.000 -9999.000 -9999.000 -9999.000 -9999.000 -9999.000 -9999.000 -9999.000 -9999.000 -9999.000 -9999.000 -9999.000
-9999.000 -9999.000 -9999.000 -9999.000 -9999.000 -9999.000 -9999.000 -9999.000 -9999.000 -9999.000 -9999.000 -9999.000 -9999.000 -9999.000 -9999.000 0.8648307E-01 0.7339648E-01 0.6979678E-01 0.7230791E-01 0.7774422E-01 0.8396798E-01 0.9020003E-01 0.9595033E-01 0.1008427 0.1050525 0.1086008 0.1117890 0.1158179 0.1244031 0.1365580 0.1365580 -9999.000 -9999.000 -9999.000 -9999.000 -9999.000 -9999.000 -9999.000 -9999.000 -9999.000 -9999.000 -9999.000 -9999.000 -9999.000 -9999.000 -9999.000 -9999.000 -9999.000 -9999.000 -9999.000 -9999.000 -9999.000 -9999.000 -9999.000 -9999.000 -9999.000 -9999.000 -9999.000 -9999.000 -9999.000
-9999.000 -9999.000 -9999.000 -9999.000 -9999.000 -9999.000 -9999.000 -9999.000 -9999.000 -9999.000 -9999.000 -9999.000 -9999.000 -9999.000 -9999.000 0.8324153E-01 0.6753712E-01 0.6321146E-01 0.6636851E-01 0.7304381E-01 0.8065282E-01 0.8830551E-01 0.9544203E-01 0.1016149 0.1070396 0.1117171 0.1159931 0.1213327 0.1323466 0.1488385 0.1488385 -9999.000 -9999.000 -9999.000 -9999.000 -9999.000 -9999.000 -9999.000 -9999.000 -9999.000 -9999.000 -9999.000 -9999.000 -9999.000 -9999.000 -9999.000 -9999.000 -9999.000 -9999.000 -9999.000 -9999.000 -9999.000 -9999.000 -9999.000 -9999.000 -9999.000 -9999.000 -9999.000 -9999.000 -9999.000
-9999.000 -9999.000 -9999.000 -9999.000 -9999.000 -9999.000 -9999.000 -9999.000 -9999.000 -9999.000 -9999.000 -9999.000 -9999.000 -9999.000 -9999.000 0.7969584E-01 0.6142084E-01 0.5643737E-01 0.6033291E-01 0.6829232E-01 0.7729705E-01 0.8637646E-01 0.9491218E-01 0.1023853 0.1090571 0.1149003 0.1203066 0.1270225 0.1406272 0.1622288 0.1622288 -9999.000 -9999.000 -9999.000 -9999.000 -9999.000 -9999.000 -9999.000 -9999.000 -9999.000 -9999.000 -9999.000 -9999.000 -9999.000 -9999.000 -9999.000 -9999.000 -9999.000 -9999.000 -9999.000 -9999.000 -9999.000 -9999.000 -9999.000 -9999.000 -9999.000 -9999.000 -9999.000 -9999.000 -9999.000
-9999.000 -9999.000 -9999.000 -9999.000 -9999.000 -9999.000 -9999.000 -9999.000 -9999.000 -9999.000 -9999.000 -9999.000 -9999.000 -9999.000 -9999.000 0.7582000E-01 0.5504850E-01 0.4952433E-01 0.5428378E-01 0.6356546E-01 0.7396059E-01 0.8445936E-01 0.9439654E-01 0.1031799 0.1111219 0.1181575 0.1247269 0.1328810 0.1492561 0.1769214 0.1769214 -9999.000 -9999.000 -9999.000 -9999.000 -9999.000 -9999.000 -9999.000 -9999.000 -9999.000 -9999.000 -9999.000 -9999.000 -9999.000 -9999.000 -9999.000 -9999.000 -9999.000 -9999.000 -9999.000 -9999.000 -9999.000 -9999.000 -9999.000 -9999.000 -9999.000 -9999.000 -9999.000 -9999.000 -9999.000
-9999.000 -9999.000 -9999.000 -9999.000 -9999.000 -9999.000 -9999.000 -9999.000 -9999.000 -9999.000 -9999.000 -9999.000 -9999.000 -9999.000 -9999.000 0.7156884E-01 0.4841368E-01 0.4254717E-01 0.4833438E-01 0.5895135E-01 0.7070228E-01 0.8259359E-01 0.9392225E-01 0.1040169 0.1132453 0.1214927 0.1292517 0.1389068 0.1582558 0.1931844 0.1931844 -9999.000 -9999.000 -9999.000 -9999.000 -9999.000 -9999.000 -9999.000 -9999.000 -9999.000 -9999.000 -9999.000 -9999.000 -9999.000 -9999.000 -9999.000 -9999.000 -9999.000 -9999.000 -9999.000 -9999.000 -9999.000 -9999.000 -9999.000 -9999.000 -9999.000 -9999.000 -9999.000 -9999.000 -9999.000
-9999.000 -9999.000 -9999.000 -9999.000 -9999.000 -9999.000 -9999.000 -9999.000 -9999.000 -9999.000 -9999.000 -9999.000 -9999.000 -9999.000 -9999.000 0.6688435E-01 0.4151403E-01 0.3565539E-01 0.4266915E-01 0.5457005E-01 0.6759290E-01 0.8082217E-01 0.9351727E-01 0.1049142 0.1154386 0.1249105 0.1338806 0.1451004 0.1676574 0.2113795 0.2113795 -9999.000 -9999.000 -9999.000 -9999.000 -9999.000 -9999.000 -9999.000 -9999.000 -9999.000 -9999.000 -9999.000 -9999.000 -9999.000 -9999.000 -9999.000 -9999.000 -9999.000 -9999.000 -9999.000 -9999.000 -9999.000 -9999.000 -9999.000 -9999.000 -9999.000 -9999.000 -9999.000 -9999.000 -9999.000
-9999.000 -9999.000 -9999.000 -9999.000 -9999.000 -9999.000 -9999.000 -9999.000 -9999.000 -9999.000 -9999.000 -9999.000 -9999.000 -9999.000 -9999.000 0.6169529E-01 0.3437301E-01 0.2918010E-01 0.3760596E-01 0.5059786E-01 0.6472899E-01 0.7920241E-01 0.9321846E-01 0.1058959 0.1177173 0.1284186 0.1386150 0.1514649 0.1774971 0.2319953 0.2319953 -9999.000 -9999.000 -9999.000 -9999.000 -9999.000 -9999.000 -9999.000 -9999.000 -9999.000 -9999.000 -9999.000 -9999.000 -9999.000 -9999.000 -9999.000 -9999.000 -9999.000 -9999.000 -9999.000 -9999.000 -9999.000 -9999.000 -9999.000 -9999.000 -9999.000 -9999.000 -9999.000 -9999.000 -9999.000
-9999.000 -9999.000 -9999.000 -9999.000 -9999.000 -9999.000 -9999.000 -9999.000 -9999.000 -9999.000 -9999.000 -9999.000 -9999.000 -9999.000 -9999.000 0.5591812E-01 0.2709561E-01 0.2387802E-01 0.3367994E-01 0.4729559E-01 0.6224791E-01 0.7781579E-01 0.9307976E-01 0.1069990 0.1201081 0.1320336 0.1434628 0.1580084 0.1878194 0.2557054 0.2557054 -9999.000 -9999.000 -9999.000 -9999.000 -9999.000 -9999.000 -9999.000 -9999.000 -9999.000 -9999.000 -9999.000 -9999.000 -9999.000 -9999.000 -9999.000 -9999.000 -9999.000 -9999.000 -9999.000 -9999.000 -9999.000 -9999.000 -9999.000 -9999.000 -9999.000 -9999.000 -9999.000 -9999.000 -9999.000
-9999.000 -9999.000 -9999.000 -9999.000 -9999.000 -9999.000 -9999.000 -9999.000 -9999.000 -9999.000 -9999.000 -9999.000 -9999.000 -9999.000 -9999.000 0.4945225E-01 0.2006022E-01 0.2127429E-01 0.3169069E-01 0.4504150E-01 0.6035516E-01 0.7679038E-01 0.9319074E-01 0.1082908 0.1226628 0.1357919 0.1484482 0.1647513 0.1986798 0.2834615 0.2834615 -9999.000 -9999.000 -9999.000 -9999.000 -9999.000 -9999.000 -9999.000 -9999.000 -9999.000 -9999.000 -9999.000 -9999.000 -9999.000 -9999.000 -9999.000 -9999.000 -9999.000 -9999.000 -9999.000 -9999.000 -9999.000 -9999.000 -9999.000 -9999.000 -9999.000 -9999.000 -9999.000 -9999.000 -9999.000
-9999.000 -9999.000 -9999.000 -9999.000 -9999.000 -9999.000 -9999.000 -9999.000 -9999.000 -9999.000 -9999.000 -9999.000 -9999.000 -9999.000 -9999.000 0.4192727E-01 0.1534404E-01 0.2436292E-01 0.3365739E-01 0.4533039E-01 0.6013451E-01 0.7691831E-01 0.9413969E-01 0.1102143 0.1257158 0.1399431 0.1537541 0.1718272 0.2102105 0.3167015 0.3167015 -9999.000 -9999.000 -9999.000 -9999.000 -9999.000 -9999.000 -9999.000 -9999.000 -9999.000 -9999.000 -9999.000 -9999.000 -9999.000 -9999.000 -9999.000 -9999.000 -9999.000 -9999.000 -9999.000 -9999.000 -9999.000 -9999.000 -9999.000 -9999.000 -9999.000 -9999.000 -9999.000 -9999.000 -9999.000
-9999.000 -9999.000 -9999.000 -9999.000 -9999.000 -9999.000 -9999.000 -9999.000 -9999.000 -9999.000 -9999.000 -9999.000 -9999.000 -9999.000 -9999.000 0.6603008E-01 0.1004934 0.1146800 0.1065238 0.1008733 0.9977635E-01 0.1035998 0.1116830 0.1219200 0.1340129 0.1464195 0.1595866 0.1784935 0.2213459 0.3546847 0.3546847 -9999.000 -9999.000 -9999.000 -9999.000 -9999.000 -9999.000 -9999.000 -9999.000 -9999.000 -9999.000 -9999.000 -9999.000 -9999.000 -9999.000 -9999.000 -9999.000 -9999.000 -9999.000 -9999.000 -9999.000 -9999.000 -9999.000 -9999.000 -9999.000 -9999.000 -9999.000 -9999.000 -9999.000 -9999.000
2.782469 2.782469 2.777390 2.799027 2.817615 2.817615 2.820560 2.821169 2.821169 2.818221 2.818221 2.812716 2.809251 2.805417 2.801476 2.801476 2.918925 2.922304 2.923320 2.903628 2.862771 2.800735 2.716220 2.608853 2.482176 2.337173 2.178043 2.014797 1.873936 1.830219 1.830219 2.651888 2.821748 2.917836 2.941416 2.941416 2.971156 2.971156 2.947327 2.947327 2.899465 2.708411 2.708411 2.288884 2.288884 2.030420 2.030420 2.030420 2.023506 2.023506 2.058932 2.058932 2.107628 2.107628 2.157264 2.157264 2.200948 2.200948 2.200948 2.234843
2.804182 2.804182 2.806827 2.851575 2.877165 2.877165 2.891959 2.915066 2.915066 2.934131 2.934131 2.950442 2.957822 2.964784 2.971577 2.971577 3.059383 3.076062 3.090758 3.100267 3.104348 3.101819 3.090165 3.066543 3.029173 2.975622 2.904700 2.817570 2.721011 2.652312 2.652312 3.090060 3.242609 3.390132 3.430124 3.430124 3.474397 3.474397 3.471723 3.471723 3.447941 3.340049 3.340049 3.109935 3.109935 2.856632 2.856632 2.856632 2.848078 2.848078 2.885528 2.885528 2.937366 2.937366 2.989604 2.989604 3.036489 3.036489 3.036489 3.075237
2.808902 2.808902 2.804765 2.853116 2.876732 2.876732 2.892297 2.916330 2.916330 2.936016 2.936016 2.953017 2.960779 2.968153 2.975407 2.975407 3.054582 3.082566 3.108099 3.129673 3.147084 3.160246 3.168504 3.170740 3.165997 3.152564 3.128770 3.093948 3.050868 3.020034 3.020034 3.268140 3.413783 3.582377 3.631413 3.631413 3.679643 3.679643 3.664949 3.664949 3.634048 3.533988 3.533988 3.378766 3.378766 3.152370 3.152370 3.152370 3.127344 3.127344 3.153181 3.153181 3.196815 3.196815 3.242976 3.242976 3.285276 3.285276 3.285276 3.320665
2.812037 2.812037 2.806775 2.853660 2.875834 2.875834 2.891817 2.916319 2.916319 2.936049 2.936049 2.953043 2.960809 2.968190 2.975502 2.975502 3.049835 3.087494 3.123155 3.154675 3.181273 3.202817 3.219232 3.230342 3.236148 3.236285 3.230185 3.217594 3.200173 3.190531 3.190531 3.343204 3.472121 3.644790 3.696864 3.696864 3.736831 3.736831 3.698262 3.698262 3.658636 3.571740 3.571740 3.476123 3.476123 3.295217 3.295217 3.295217 3.254896 3.254896 3.266991 3.266991 3.302455 3.302455 3.343946 3.343946 3.383176 3.383176 3.383176 3.416198
2.813647 2.813647 2.810024 2.853883 2.875108 2.875108 2.891387 2.916300 2.916300 2.936064 2.936064 2.953037 2.960799 2.968179 2.975567 2.975567 3.049209 3.095351 3.140283 3.180963 3.216084 3.245242 3.268374 3.285534 3.296985 3.302961 3.303642 3.299432 3.291941 3.289703 3.289703 3.387047 3.494797 3.655952 3.700883 3.700883 3.709573 3.709573 3.641833 3.641833 3.602668 3.547926 3.547926 3.507048 3.507048 3.383522 3.383522 3.383522 3.334739 3.334739 3.331754 3.331754 3.356526 3.356526 3.391748 3.391748 3.427009 3.427009 3.427009 3.457018
2.813708 2.813708 2.814507 2.854525 2.875282 2.875282 2.891818 2.917096 2.917096 2.936893 2.936893 2.953849 2.961609 2.968991 2.976491 2.976491 3.054492 3.108505 3.161847 3.210766 3.253631 3.289836 3.319245 3.341926 3.358160 3.368312 3.372820 3.372354 3.368464 3.367202 3.367202 3.427977 3.511716 3.641405 3.663132 3.663132 3.616513 3.616513 3.537050 3.537050 3.513902 3.504874 3.504874 3.509424 3.509424 3.443963 3.443963 3.443963 3.396923 3.396923 3.381462 3.381462 3.393813 3.393813 3.420430 3.420430 3.449854 3.449854 3.449854 3.475447
2.811496 2.811496 2.819656 2.854583 2.875011 2.875011 2.891639 2.917107 2.917107 2.936925 2.936925 2.953870 2.961630 2.969011 2.976672 2.976672 3.064989 3.126864 3.187939 3.244190 3.293906 3.336422 3.371571 3.399419 3.420205 3.434282 3.442103 3.444334 3.442285 3.440125 3.440125 3.475257 3.532792 3.600576 3.577012 3.577012 3.472445 3.472445 3.420168 3.420168 3.424026 3.459846 3.459846 3.497724 3.497724 3.483231 3.483231 3.483231 3.447336 3.447336 3.425353 3.425353 3.425833 3.425833 3.442092 3.442092 3.463667 3.463667 3.463667 3.483189
2.811346 2.811346 2.820838 2.854543 2.874892 2.874892 2.891564 2.917106 2.917106 2.936931 2.936931 2.953872 2.961631 2.969011 2.976898 2.976898 3.082547 3.152681 3.220936 3.283545 3.338995 3.386744 3.426699 3.458962 3.483768 3.501430 3.512347 3.517079 3.516592 3.513333 3.513333 3.529237 3.556065 3.512539 3.427688 3.427688 3.307749 3.307749 3.317185 3.317185 3.347580 3.417240 3.417240 3.477886 3.477886 3.504574 3.504574 3.504574 3.485653 3.485653 3.464178 3.464178 3.455647 3.455647 3.461004 3.461004 3.473049 3.473049 3.473049 3.484860
2.811496 2.811496 2.819656 2.854583 2.875011 2.875011 2.891639 2.917107 2.917107 2.936925 2.936925 2.953871 2.961629 2.969011 2.977209 2.977209 3.108740 3.187805 3.262792 3.330757 3.390700 3.442401 3.485956 3.521586 3.549564 3.570195 3.583818 3.590860 3.591864 3.587166 3.587166 3.584763 3.566475 3.348944 3.221604 3.221604 3.161763 3.161763 3.239012 3.239012 3.287346 3.378093 3.378093 3.453789 3.453789 3.511853 3.511853 3.511853 3.511569 3.511569 3.496428 3.496428 3.483161 3.483161 3.478483 3.478483 3.479965 3.479965 3.479965 3.482659
2.813708 2.813708 2.814507 2.854525 2.875282 2.875282 2.891817 2.917095 2.917095 2.936893 2.936893 2.953849 2.961608 2.968990 2.977619 2.977619 3.145873 3.234603 3.315815 3.387995 3.451001 3.505136 3.550821 3.588474 3.618471 3.641141 3.656792 3.665715 3.667769 3.659175 3.659175 3.627630 3.525460 3.111080 3.005746 3.005746 3.056229 3.056229 3.177964 3.177964 3.235963 3.339151 3.339151 3.425246 3.425246 3.506667 3.506667 3.506667 3.523736 3.523736 3.518387 3.518387 3.504718 3.504718 3.492094 3.492094 3.482973 3.482973 3.482973 3.475737
2.813647 2.813647 2.810024 2.853884 2.875108 2.875108 2.891386 2.916300 2.916300 2.936063 2.936063 2.953037 2.960799 2.968179 2.977409 2.977409 3.196798 3.295681 3.382285 3.457219 3.521565 3.576353 3.622451 3.660542 3.691156 3.714684 3.731426 3.741495 3.743025 3.720394 3.720394 3.618243 3.367299 2.858375 2.840612 2.840612 2.982146 2.982146 3.124186 3.124186 3.187003 3.297888 3.297888 3.391457 3.391457 3.489783 3.489783 3.489783 3.521289 3.521289 3.526647 3.526647 3.515590 3.515590 3.497638 3.497638 3.478808 3.478808 3.478808 3.461593
2.812037 2.812037 2.806775 2.853661 2.875834 2.875834 2.891817 2.916319 2.916319 2.936048 2.936048 2.953043 2.960809 2.968190 2.978251 2.978251 3.268565 3.377079 3.467231 3.542577 3.605800 3.658851 3.703129 3.739635 3.769068 3.791903 3.808455 3.818335 3.813432 3.737546 3.737546 3.468493 3.052983 2.679003 2.733840 2.733840 2.915624 2.915624 3.066152 3.066152 3.131761 3.248204 3.248204 3.347435 3.347435 3.457844 3.457844 3.457844 3.500458 3.500458 3.515525 3.515525 3.508593 3.508593 3.487684 3.487684 3.460752 3.460752 3.460752 3.434386
