simulation_files/asc/Velocity__y_199.0.asc
NCOLS        79
NROWS        79
XLLCENTER         -1.500000
YLLCENTER         -4.800000
CELLSIZE           0.100
NODATA_VALUE     -9999.0
[rows 0 to 26 of 79, columns 0 to 58 of 79]
-9999.000 -9999.000 -9999.000 -9999.000 -9999.000 -9999.000 -9999.000 -9999.000 -9999.000 -9999.000 -9999.000 -9999.000 -9999.000 -9999.000 -9999.000 -0.8920228E-01 -0.8569172E-01 -0.8393265E-01 -0.8284224E-01 -0.8281747E-01 -0.8357259E-01 -0.8454881E-01 -0.8552478E-01 -0.8644574E-01 -0.8721367E-01 -0.8785842E-01 -0.8843481E-01 -0.8907144E-01 -0.9029470E-01 -0.9162191E-01 -0.9162191E-01 -9999.000 -9999.000 -9999.000 -9999.000 -9999.000 -9999.000 -9999.000 -9999.000 -9999.000 -9999.000 -9999.000 -9999.000 -9999.000 -9999.000 -9999.000 -9999.000 -9999.000 -9999.000 -9999.000 -9999.000 -9999.000 -9999.000 -9999.000 -9999.000 -9999.000 -9999.000 -9999.000 -9999.000
-9999.000 -9999.000 -9999.000 -9999.000 -9999.000 -9999.000 -9999.000 -9999.000 -9999.000 -9999.000 -9999.000 -9999.000 -9999.000 -9999.000 -9999.000 -0.9100773E-01 -0.8355866E-01 -0.7977498E-01 -0.7743848E-01 -0.7740860E-01 -0.7909022E-01 -0.8129092E-01 -0.8352625E-01 -0.8566482E-01 -0.8748671E-01 -0.8904412E-01 -0.9044478E-01 -0.9195233E-01 -0.9466485E-01 -0.9786488E-01 -0.9786488E-01 -9999.000 -9999.000 -9999.000 -9999.000 -9999.000 -9999.000 -9999.000 -9999.000 -9999.000 -9999.000 -9999.000 -9999.000 -9999.000 -9999.000 -9999.000 -9999.000 -9999.000 -9999.000 -9999.000 -9999.000 -9999.000 -9999.000 -9999.000 -9999.000 -9999.000 -9999.000 -9999.000 -9999.000
-9999.000 -9999.000 -9999.000 -9999.000 -9999.000 -9999.000 -9999.000 -9999.000 -9999.000 -9999.000 -9999.000 -9999.000 -9999.000 -9999.000 -9999.000 -0.9214445E-01 -0.8030034E-01 -0.7416679E-01 -0.7041109E-01 -0.7043792E-01 -0.7330786E-01 -0.7709409E-01 -0.8099592E-01 -0.8477776E-01 -0.8806347E-01 -0.9091821E-01 -0.9349755E-01 -0.9620772E-01 -0.1007932 -0.1065786 -0.1065786 -9999.000 -9999.000 -9999.000 -9999.000 -9999.000 -9999.000 -9999.000 -9999.000 -9999.000 -9999.000 -9999.000 -9999.000 -9999.000 -9999.000 -9999.000 -9999.000 -9999.000 -9999.000 -9999.000 -9999.000 -9999.000 -9999.000 -9999.000 -9999.000 -9999.000 -9999.000 -9999.000 -9999.000
-9999.000 -9999.000 -9999.000 -9999.000 -9999.000 -9999.000 -9999.000 -9999.000 -9999.000 -9999.000 -9999.000 -9999.000 -9999.000 -9999.000 -9999.000 -0.9292275E-01 -0.7661968E-01 -0.6811897E-01 -0.6295572E-01 -0.6309006E-01 -0.6723605E-01 -0.7270858E-01 -0.7838352E-01 -0.8392011E-01 -0.8877661E-01 -0.9302983E-01 -0.9688089E-01 -0.1008800 -0.1074471 -0.1162648 -0.1162648 -9999.000 -9999.000 -9999.000 -9999.000 -9999.000 -9999.000 -9999.000 -9999.000 -9999.000 -9999.000 -9999.000 -9999.000 -9999.000 -9999.000 -9999.000 -9999.000 -9999.000 -9999.000 -9999.000 -9999.000 -9999.000 -9999.000 -9999.000 -9999.000 -9999.000 -9999.000 -9999.000 -9999.000
-9999.000 -9999.000 -9999.000 -9999.000 -9999.000 -9999.000 -9999.000 -9999.000 -9999.000 -9999.000 -9999.000 -9999.000 -9999.000 -9999.000 -9999.000 -0.9356306E-01 -0.7268437E-01 -0.6177997E-01 -0.5519781E-01 -0.5546455E-01 -0.6094759E-01 -0.6817521E-01 -0.7569339E-01 -0.8305710E-01 -0.8955006E-01 -0.9526343E-01 -0.1004455 -0.1057956 -0.1144482 -0.1267758 -0.1267758 -9999.000 -9999.000 -9999.000 -9999.000 -9999.000 -9999.000 -9999.000 -9999.000 -9999.000 -9999.000 -9999.000 -9999.000 -9999.000 -9999.000 -9999.000 -9999.000 -9999.000 -9999.000 -9999.000 -9999.000 -9999.000 -9999.000 -9999.000 -9999.000 -9999.000 -9999.000 -9999.000 -9999.000
-9999.000 -9999.000 -9999.000 -9999.000 -9999.000 -9999.000 -9999.000 -9999.000 -9999.000 -9999.000 -9999.000 -9999.000 -9999.000 -9999.000 -9999.000 -0.9413954E-01 -0.6855082E-01 -0.5520290E-01 -0.4718453E-01 -0.4759985E-01 -0.5447068E-01 -0.6350867E-01 -0.7292448E-01 -0.8217102E-01 -0.9034760E-01 -0.9756633E-01 -0.1041255 -0.1108795 -0.1217276 -0.1381177 -0.1381177 -9999.000 -9999.000 -9999.000 -9999.000 -9999.000 -9999.000 -9999.000 -9999.000 -9999.000 -9999.000 -9999.000 -9999.000 -9999.000 -9999.000 -9999.000 -9999.000 -9999.000 -9999.000 -9999.000 -9999.000 -9999.000 -9999.000 -9999.000 -9999.000 -9999.000 -9999.000 -9999.000 -9999.000
-9999.000 -9999.000 -9999.000 -9999.000 -9999.000 -9999.000 -9999.000 -9999.000 -9999.000 -9999.000 -9999.000 -9999.000 -9999.000 -9999.000 -9999.000 -0.9466466E-01 -0.6422771E-01 -0.4839801E-01 -0.3892625E-01 -0.3950462E-01 -0.4781345E-01 -0.5871265E-01 -0.7007343E-01 -0.8125127E-01 -0.9115040E-01 -0.9991176E-01 -0.1078879 -0.1160964 -0.1292626 -0.1503794 -0.1503794 -9999.000 -9999.000 -9999.000 -9999.000 -9999.000 -9999.000 -9999.000 -9999.000 -9999.000 -9999.000 -9999.000 -9999.000 -9999.000 -9999.000 -9999.000 -9999.000 -9999.000 -9999.000 -9999.000 -9999.000 -9999.000 -9999.000 -9999.000 -9999.000 -9999.000 -9999.000 -9999.000 -9999.000
-9999.000 -9999.000 -9999.000 -9999.000 -9999.000 -9999.000 -9999.000 -9999.000 -9999.000 -9999.000 -9999.000 -9999.000 -9999.000 -9999.000 -9999.000 -0.9512187E-01 -0.5970105E-01 -0.4135565E-01 -0.3041659E-01 -0.3117414E-01 -0.4097391E-01 -0.5378440E-01 -0.6713457E-01 -0.8028926E-01 -0.9194456E-01 -0.1022816 -0.1117116 -0.1214263 -0.1370495 -0.1637073 -0.1637073 -9999.000 -9999.000 -9999.000 -9999.000 -9999.000 -9999.000 -9999.000 -9999.000 -9999.000 -9999.000 -9999.000 -9999.000 -9999.000 -9999.000 -9999.000 -9999.000 -9999.000 -9999.000 -9999.000 -9999.000 -9999.000 -9999.000 -9999.000 -9999.000 -9999.000 -9999.000 -9999.000 -9999.000
-9999.000 -9999.000 -9999.000 -9999.000 -9999.000 -9999.000 -9999.000 -9999.000 -9999.000 -9999.000 -9999.000 -9999.000 -9999.000 -9999.000 -9999.000 -0.9547800E-01 -0.5494488E-01 -0.3405499E-01 -0.2163912E-01 -0.2259577E-01 -0.3394423E-01 -0.4871735E-01 -0.6410005E-01 -0.7927553E-01 -0.9271673E-01 -0.1046591 -0.1155782 -0.1268526 -0.1450920 -0.1783023 -0.1783023 -9999.000 -9999.000 -9999.000 -9999.000 -9999.000 -9999.000 -9999.000 -9999.000 -9999.000 -9999.000 -9999.000 -9999.000 -9999.000 -9999.000 -9999.000 -9999.000 -9999.000 -9999.000 -9999.000 -9999.000 -9999.000 -9999.000 -9999.000 -9999.000 -9999.000 -9999.000 -9999.000 -9999.000
-9999.000 -9999.000 -9999.000 -9999.000 -9999.000 -9999.000 -9999.000 -9999.000 -9999.000 -9999.000 -9999.000 -9999.000 -9999.000 -9999.000 -9999.000 -0.9568696E-01 -0.4992489E-01 -0.2646789E-01 -0.1257077E-01 -0.1375148E-01 -0.2671294E-01 -0.4350152E-01 -0.6095883E-01 -0.7819807E-01 -0.9345081E-01 -0.1070248 -0.1194668 -0.1323568 -0.1533955 -0.1944299 -0.1944299 -9999.000 -9999.000 -9999.000 -9999.000 -9999.000 -9999.000 -9999.000 -9999.000 -9999.000 -9999.000 -9999.000 -9999.000 -9999.000 -9999.000 -9999.000 -9999.000 -9999.000 -9999.000 -9999.000 -9999.000 -9999.000 -9999.000 -9999.000 -9999.000 -9999.000 -9999.000 -9999.000 -9999.000
-9999.000 -9999.000 -9999.000 -9999.000 -9999.000 -9999.000 -9999.000 -9999.000 -9999.000 -9999.000 -9999.000 -9999.000 -9999.000 -9999.000 -9999.000 -0.9568927E-01 -0.4459743E-01 -0.1855720E-01 -0.3181337E-02 -0.4617476E-02 -0.1926385E-01 -0.3812313E-01 -0.5769632E-01 -0.7704086E-01 -0.9412580E-01 -0.1093533 -0.1233498 -0.1379138 -0.1619623 -0.2124401 -0.2124401 -9999.000 -9999.000 -9999.000 -9999.000 -9999.000 -9999.000 -9999.000 -9999.000 -9999.000 -9999.000 -9999.000 -9999.000 -9999.000 -9999.000 -9999.000 -9999.000 -9999.000 -9999.000 -9999.000 -9999.000 -9999.000 -9999.000 -9999.000 -9999.000 -9999.000 -9999.000 -9999.000 -9999.000
-9999.000 -9999.000 -9999.000 -9999.000 -9999.000 -9999.000 -9999.000 -9999.000 -9999.000 -9999.000 -9999.000 -9999.000 -9999.000 -9999.000 -9999.000 -0.9540249E-01 -0.3890286E-01 -0.1027085E-01 0.6572196E-02 0.4837080E-02 -0.1157856E-01 -0.3256621E-01 -0.5429468E-01 -0.7578453E-01 -0.9471557E-01 -0.1116125 -0.1271913 -0.1434887 -0.1707897 -0.2328035 -0.2328035 -9999.000 -9999.000 -9999.000 -9999.000 -9999.000 -9999.000 -9999.000 -9999.000 -9999.000 -9999.000 -9999.000 -9999.000 -9999.000 -9999.000 -9999.000 -9999.000 -9999.000 -9999.000 -9999.000 -9999.000 -9999.000 -9999.000 -9999.000 -9999.000 -9999.000 -9999.000 -9999.000 -9999.000
-9999.000 -9999.000 -9999.000 -9999.000 -9999.000 -9999.000 -9999.000 -9999.000 -9999.000 -9999.000 -9999.000 -9999.000 -9999.000 -9999.000 -9999.000 -0.9463309E-01 -0.3269276E-01 -0.1472914E-02 0.1678314E-01 0.1464188E-01 -0.3664739E-02 -0.2684172E-01 -0.5076156E-01 -0.7443082E-01 -0.9520938E-01 -0.1137804 -0.1309601 -0.1490479 -0.1798780 -0.2561791 -0.2561791 -9999.000 -9999.000 -9999.000 -9999.000 -9999.000 -9999.000 -9999.000 -9999.000 -9999.000 -9999.000 -9999.000 -9999.000 -9999.000 -9999.000 -9999.000 -9999.000 -9999.000 -9999.000 -9999.000 -9999.000 -9999.000 -9999.000 -9999.000 -9999.000 -9999.000 -9999.000 -9999.000 -9999.000
-9999.000 -9999.000 -9999.000 -9999.000 -9999.000 -9999.000 -9999.000 -9999.000 -9999.000 -9999.000 -9999.000 -9999.000 -9999.000 -9999.000 -9999.000 -0.9091962E-01 -0.2394337E-01 0.9388791E-02 0.2796608E-01 0.2442476E-01 0.3762509E-02 -0.2168056E-01 -0.4777884E-01 -0.7359035E-01 -0.9613145E-01 -0.1162974 -0.1350229 -0.1549032 -0.1895426 -0.2838565 -0.2838565 -9999.000 -9999.000 -9999.000 -9999.000 -9999.000 -9999.000 -9999.000 -9999.000 -9999.000 -9999.000 -9999.000 -9999.000 -9999.000 -9999.000 -9999.000 -9999.000 -9999.000 -9999.000 -9999.000 -9999.000 -9999.000 -9999.000 -9999.000 -9999.000 -9999.000 -9999.000 -9999.000 -9999.000
-9999.000 -9999.000 -9999.000 -9999.000 -9999.000 -9999.000 -9999.000 -9999.000 -9999.000 -9999.000 -9999.000 -9999.000 -9999.000 -9999.000 -9999.000 -0.1358932E-01 0.1763486E-01 0.2999346E-01 0.2995679E-01 0.1506477E-01 -0.8517522E-02 -0.3298023E-01 -0.5797571E-01 -0.8293619E-01 -0.1046527 -0.1243273 -0.1429677 -0.1633975 -0.2010639 -0.3160577 -0.3160577 -9999.000 -9999.000 -9999.000 -9999.000 -9999.000 -9999.000 -9999.000 -9999.000 -9999.000 -9999.000 -9999.000 -9999.000 -9999.000 -9999.000 -9999.000 -9999.000 -9999.000 -9999.000 -9999.000 -9999.000 -9999.000 -9999.000 -9999.000 -9999.000 -9999.000 -9999.000 -9999.000 -9999.000
-0.4499931E-02 -0.4499931E-02 -0.5260336E-02 -0.6648142E-02 -0.6650851E-02 -0.6650851E-02 -0.6655819E-02 -0.6651536E-02 -0.6651536E-02 -0.6629201E-02 -0.6629201E-02 -0.6596689E-02 -0.6578213E-02 -0.6558583E-02 -0.6539751E-02 -0.6539751E-02 0.4783935E-01 0.4572786E-01 0.3216398E-01 0.9476447E-02 -0.1885407E-01 -0.5003192E-01 -0.8315020E-01 -0.1172134 -0.1503913 -0.1817725 -0.2109431 -0.2384489 -0.2700455 -0.3353559 -0.3353559 -0.1922757 -0.1077172 -0.4148751E-01 -0.3228267E-01 -0.3228267E-01 -0.2633720E-01 -0.2633720E-01 -0.1703824E-01 -0.1703824E-01 -0.7395012E-02 0.2053572E-01 0.2053572E-01 0.3617527E-01 0.3617527E-01 0.5632335E-03 0.5632335E-03 0.5632335E-03 -0.1642578E-02 -0.1642578E-02 -0.1307062E-02 -0.1307062E-02 -0.1654452E-02 -0.1654452E-02 -0.2650137E-02 -0.2650137E-02 -0.3770570E-02 -0.3770570E-02 -0.3770570E-02
-0.6731456E-02 -0.6731456E-02 -0.7040590E-02 -0.9673700E-02 -0.9458686E-02 -0.9458686E-02 -0.9389210E-02 -0.9363502E-02 -0.9363502E-02 -0.9341571E-02 -0.9341571E-02 -0.9310451E-02 -0.9294346E-02 -0.9278242E-02 -0.9268285E-02 -0.9268285E-02 0.3998523E-01 0.3991277E-01 0.2694008E-01 0.3562281E-02 -0.2897205E-01 -0.6940196E-01 -0.1152883 -0.1645557 -0.2156970 -0.2666404 -0.3155163 -0.3605891 -0.3994468 -0.4267974 -0.4267974 -0.2965461 -0.2028852 -0.1117740 -0.9364423E-01 -0.9364423E-01 -0.7329495E-01 -0.7329495E-01 -0.4002836E-01 -0.4002836E-01 -0.1060062E-01 0.6668096E-01 0.6668096E-01 0.1127951 0.1127951 0.3869962E-01 0.3869962E-01 0.3869962E-01 0.1300535E-01 0.1300535E-01 0.2015583E-02 0.2015583E-02 -0.4054865E-02 -0.4054865E-02 -0.8421692E-02 -0.8421692E-02 -0.1165935E-01 -0.1165935E-01 -0.1165935E-01
-0.5131716E-02 -0.5131716E-02 -0.5504549E-02 -0.8412107E-02 -0.8067871E-02 -0.8067871E-02 -0.7944800E-02 -0.7917098E-02 -0.7917098E-02 -0.7914243E-02 -0.7914243E-02 -0.7902051E-02 -0.7897385E-02 -0.7894782E-02 -0.7907721E-02 -0.7907721E-02 0.2752864E-01 0.2830916E-01 0.1631109E-01 -0.6681551E-02 -0.3940117E-01 -0.8074223E-01 -0.1289491 -0.1823021 -0.2394682 -0.2987882 -0.3585061 -0.4167631 -0.4707561 -0.5140005 -0.5140005 -0.4354001 -0.3565257 -0.2456545 -0.2106760 -0.2106760 -0.1536282 -0.1536282 -0.6956957E-01 -0.6956957E-01 -0.7576985E-02 0.1319999 0.1319999 0.2144543 0.2144543 0.1197473 0.1197473 0.1197473 0.5122229E-01 0.5122229E-01 0.1348378E-01 0.1348378E-01 -0.6694064E-02 -0.6694064E-02 -0.1831703E-01 -0.1831703E-01 -0.2516776E-01 -0.2516776E-01 -0.2516776E-01
-0.3513557E-02 -0.3513557E-02 -0.4900441E-02 -0.6786723E-02 -0.6481197E-02 -0.6481197E-02 -0.6361191E-02 -0.6340048E-02 -0.6340048E-02 -0.6342323E-02 -0.6342323E-02 -0.6329700E-02 -0.6324114E-02 -0.6320795E-02 -0.6343354E-02 -0.6343354E-02 0.1574090E-01 0.1445103E-01 0.1582629E-02 -0.2192055E-01 -0.5493106E-01 -0.9642290E-01 -0.1450586 -0.1994302 -0.2583674 -0.3206007 -0.3847529 -0.4492928 -0.5118309 -0.5665635 -0.5665635 -0.5365844 -0.4841682 -0.3810250 -0.3358908 -0.3358908 -0.2362499 -0.2362499 -0.8260772E-01 -0.8260772E-01 0.1415928E-01 0.1943736 0.1943736 0.2887762 0.2887762 0.1950151 0.1950151 0.1950151 0.9596062E-01 0.9596062E-01 0.3024262E-01 0.3024262E-01 -0.7556749E-02 -0.7556749E-02 -0.2875775E-01 -0.2875775E-01 -0.4017128E-01 -0.4017128E-01 -0.4017128E-01
-0.1861372E-02 -0.1861372E-02 -0.4227386E-02 -0.5150550E-02 -0.4883767E-02 -0.4883767E-02 -0.4775081E-02 -0.4758301E-02 -0.4758301E-02 -0.4762751E-02 -0.4762751E-02 -0.4750698E-02 -0.4745104E-02 -0.4741259E-02 -0.4776103E-02 -0.4776103E-02 0.4632358E-02 -0.1092281E-02 -0.1692151E-01 -0.4240267E-01 -0.7665462E-01 -0.1187958 -0.1678014 -0.2225585 -0.2820586 -0.3452730 -0.4111013 -0.4783168 -0.5450461 -0.6066852 -0.6066852 -0.6116400 -0.5859943 -0.5018573 -0.4489614 -0.4489614 -0.2952526 -0.2952526 -0.6469273E-01 -0.6469273E-01 0.5536118E-01 0.2407269 0.2407269 0.3267591 0.3267591 0.2486528 0.2486528 0.2486528 0.1383116 0.1383116 0.5105481E-01 0.5105481E-01 -0.4586237E-02 -0.4586237E-02 -0.3685060E-01 -0.3685060E-01 -0.5385941E-01 -0.5385941E-01 -0.5385941E-01
-0.1667398E-03 -0.1667398E-03 -0.3524810E-02 -0.3515543E-02 -0.3282815E-02 -0.3282815E-02 -0.3190436E-02 -0.3174797E-02 -0.3174797E-02 -0.3178994E-02 -0.3178994E-02 -0.3169843E-02 -0.3165546E-02 -0.3162558E-02 -0.3215435E-02 -0.3215435E-02 -0.6435926E-02 -0.1849583E-01 -0.3931710E-01 -0.6849214E-01 -0.1052785 -0.1489419 -0.1987227 -0.2538151 -0.3134469 -0.3768287 -0.4431019 -0.5112861 -0.5799180 -0.6454623 -0.6454623 -0.6736249 -0.6702375 -0.6019853 -0.5346897 -0.5346897 -0.3061715 -0.3061715 -0.1882998E-01 -0.1882998E-01 0.1013935 0.2616403 0.2616403 0.3319896 0.3319896 0.2768100 0.2768100 0.2768100 0.1722606 0.1722606 0.7366955E-01 0.7366955E-01 0.2744968E-02 0.2744968E-02 -0.4109948E-01 -0.4109948E-01 -0.6462225E-01 -0.6462225E-01 -0.6462225E-01
0.4603014E-03 0.4603014E-03 -0.2116683E-02 -0.1799655E-02 -0.1654687E-02 -0.1654687E-02 -0.1598788E-02 -0.1588630E-02 -0.1588630E-02 -0.1591166E-02 -0.1591166E-02 -0.1586403E-02 -0.1584146E-02 -0.1582712E-02 -0.1660610E-02 -0.1660610E-02 -0.1836164E-01 -0.3847841E-01 -0.6624659E-01 -0.1009184 -0.1417183 -0.1880026 -0.2392262 -0.2948768 -0.3544712 -0.4175082 -0.4834113 -0.5514686 -0.6205671 -0.6879614 -0.6879614 -0.7306269 -0.7431151 -0.6728298 -0.5730515 -0.5730515 -0.2590061 -0.2590061 0.3273232E-01 0.3273232E-01 0.1327441 0.2565942 0.2565942 0.3134036 0.3134036 0.2819020 0.2819020 0.2819020 0.1938453 0.1938453 0.9480593E-01 0.9480593E-01 0.1360490E-01 0.1360490E-01 -0.4092810E-01 -0.4092810E-01 -0.7140243E-01 -0.7140243E-01 -0.7140243E-01
0.9627119E-08 0.9627119E-08 0.2071197E-08 0.3433706E-07 -0.4469483E-07 -0.4469483E-07 0.1825572E-06 -0.1312001E-06 -0.1312001E-06 -0.2094538E-06 -0.2094538E-06 0.6340346E-07 0.3323921E-07 -0.2955611E-07 -0.1120107E-03 -0.1120107E-03 -0.3235214E-01 -0.6234622E-01 -0.9901239E-01 -0.1409964 -0.1873421 -0.2374351 -0.2909014 -0.3474982 -0.4070483 -0.4693730 -0.5342234 -0.6012059 -0.6695420 -0.7369213 -0.7369213 -0.7869198 -0.8062444 -0.6939590 -0.5385472 -0.5385472 -0.1742048 -0.1742048 0.6670878E-01 0.6670878E-01 0.1399301 0.2322318 0.2322318 0.2802584 0.2802584 0.2689328 0.2689328 0.2689328 0.2013518 0.2013518 0.1108650 0.1108650 0.2600636E-01 0.2600636E-01 -0.3659085E-01 -0.3659085E-01 -0.7355446E-01 -0.7355446E-01 -0.7355446E-01
-0.4603096E-03 -0.4603096E-03 0.2116688E-02 0.1799745E-02 0.1654643E-02 0.1654643E-02 0.1598989E-02 0.1588490E-02 0.1588490E-02 0.1590815E-02 0.1590815E-02 0.1586328E-02 0.1584159E-02 0.1582831E-02 0.1423222E-02 0.1423222E-02 -0.5012085E-01 -0.9216880E-01 -0.1397892 -0.1908798 -0.2442371 -0.2992609 -0.3557417 -0.4136967 -0.4732573 -0.5345797 -0.5977653 -0.6627712 -0.7290888 -0.7941127 -0.7941127 -0.8432356 -0.8527099 -0.6329651 -0.4244455 -0.4244455 -0.9268608E-01 -0.9268608E-01 0.7520488E-01 0.7520488E-01 0.1265284 0.1973051 0.1973051 0.2397711 0.2397711 0.2431947 0.2431947 0.2431947 0.1952482 0.1952482 0.1189469 0.1189469 0.3733891E-01 0.3733891E-01 -0.2908314E-01 -0.2908314E-01 -0.7086475E-01 -0.7086475E-01 -0.7086475E-01
0.1667484E-03 0.1667484E-03 0.3524793E-02 0.3515678E-02 0.3282989E-02 0.3282989E-02 0.3190557E-02 0.3174937E-02 0.3174937E-02 0.3178800E-02 0.3178800E-02 0.3169697E-02 0.3165373E-02 0.3162598E-02 0.2936384E-02 0.2936384E-02 -0.7427410E-01 -0.1311724 -0.1919957 -0.2539151 -0.3155462 -0.3763786 -0.4364243 -0.4959891 -0.5555245 -0.6155239 -0.6764414 -0.7385730 -0.8013871 -0.8597593 -0.8597593 -0.8927198 -0.8557645 -0.4787157 -0.2728001 -0.2728001 -0.4225111E-01 -0.4225111E-01 0.6476571E-01 0.6476571E-01 0.1018794 0.1587003 0.1587003 0.1965475 0.1965475 0.2091337 0.2091337 0.2091337 0.1775500 0.1775500 0.1176104 0.1176104 0.4509435E-01 0.4509435E-01 -0.1990778E-01 -0.1990778E-01 -0.6357467E-01 -0.6357467E-01 -0.6357467E-01
0.1861386E-02 0.1861386E-02 0.4227466E-02 0.5150659E-02 0.4883988E-02 0.4883988E-02 0.4775420E-02 0.4758550E-02 0.4758550E-02 0.4762585E-02 0.4762585E-02 0.4750346E-02 0.4744931E-02 0.4741230E-02 0.4422339E-02 0.4422339E-02 -0.1090938 -0.1845190 -0.2609855 -0.3352355 -0.4059801 -0.4730100 -0.5367007 -0.5977278 -0.6568996 -0.7150544 -0.7729861 -0.8312405 -0.8880957 -0.9279048 -0.9279048 -0.9053616 -0.7568500 -0.2860442 -0.1480724 -0.1480724 -0.2247487E-01 -0.2247487E-01 0.4617498E-01 0.4617498E-01 0.7420325E-01 0.1204241 0.1204241 0.1531076 0.1531076 0.1700444 0.1700444 0.1700444 0.1509189 0.1509189 0.1069687 0.1069687 0.4751401E-01 0.4751401E-01 -0.1071594E-01 -0.1071594E-01 -0.5236064E-01 -0.5236064E-01 -0.5236064E-01
0.3513544E-02 0.3513544E-02 0.4900489E-02 0.6786715E-02 0.6481382E-02 0.6481382E-02 0.6361362E-02 0.6340169E-02 0.6340169E-02 0.6342425E-02 0.6342425E-02 0.6329403E-02 0.6324201E-02 0.6320933E-02 0.5872469E-02 0.5872469E-02 -0.1621893 -0.2608632 -0.3553657 -0.4428410 -0.5227014 -0.5954353 -0.6620238 -0.7236467 -0.7815318 -0.8368758 -0.8907955 -0.9437310 -0.9876816 -0.9662231 -0.9662231 -0.8016128 -0.5177296 -0.1380753 -0.7842982E-01 -0.7842982E-01 -0.1859566E-01 -0.1859566E-01 0.2697525E-01 0.2697525E-01 0.4811646E-01 0.8432875E-01 0.8432875E-01 0.1108006 0.1108006 0.1283369 0.1283369 0.1283369 0.1180995 0.1180995 0.8839907E-01 0.8839907E-01 0.4401701E-01 0.4401701E-01 -0.2841002E-02 -0.2841002E-02 -0.3819777E-01 -0.3819777E-01 -0.3819777E-01
