simulation_files/asc/Velocity____253.0.asc
NCOLS        79
NROWS        79
XLLCENTER         -1.500000
YLLCENTER         -4.800000
CELLSIZE           0.100
NODATA_VALUE     -9999.0
[rows 0 to 26 of 79, columns 0 to 59 of 79]
-9999.000 -9999.000 -9999.000 -9999.000 -9999.000 -9999.000 -9999.000 -9999.000 -9999.000 -9999.000 -9999.000 -9999.000 -9999.000 -9999.000 -9999.000 0.9151003E-01 0.8856889E-01 0.8748966E-01 0.8748162E-01 0.8846178E-01 0.8974488E-01 0.9097146E-01 0.9200480E-01 0.9272921E-01 0.9319600E-01 0.9345113E-01 0.9357023E-01 0.9375606E-01 0.9460149E-01 0.9560180E-01 0.9560180E-01 -9999.000 -9999.000 -9999.000 -9999.000 -9999.000 -9999.000 -9999.000 -9999.000 -9999.000 -9999.000 -9999.000 -9999.000 -9999.000 -9999.000 -9999.000 -9999.000 -9999.000 -9999.000 -9999.000 -9999.000 -9999.000 -9999.000 -9999.000 -9999.000 -9999.000 -9999.000 -9999.000 -9999.000 -9999.000
-9999.000 -9999.000 -9999.000 -9999.000 -9999.000 -9999.000 -9999.000 -9999.000 -9999.000 -9999.000 -9999.000 -9999.000 -9999.000 -9999.000 -9999.000 0.9176686E-01 0.8565248E-01 0.8347147E-01 0.8349698E-01 0.8549653E-01 0.8809561E-01 0.9061399E-01 0.9280412E-01 0.9442592E-01 0.9556467E-01 0.9629723E-01 0.9677074E-01 0.9742539E-01 0.9956692E-01 0.1023210 0.1023210 -9999.000 -9999.000 -9999.000 -9999.000 -9999.000 -9999.000 -9999.000 -9999.000 -9999.000 -9999.000 -9999.000 -9999.000 -9999.000 -9999.000 -9999.000 -9999.000 -9999.000 -9999.000 -9999.000 -9999.000 -9999.000 -9999.000 -9999.000 -9999.000 -9999.000 -9999.000 -9999.000 -9999.000 -9999.000
-9999.000 -9999.000 -9999.000 -9999.000 -9999.000 -9999.000 -9999.000 -9999.000 -9999.000 -9999.000 -9999.000 -9999.000 -9999.000 -9999.000 -9999.000 0.9098172E-01 0.8142194E-01 0.7792427E-01 0.7793483E-01 0.8105839E-01 0.8514120E-01 0.8916350E-01 0.9277867E-01 0.9562132E-01 0.9781791E-01 0.9946469E-01 0.1007617 0.1023785 0.1063786 0.1117209 0.1117209 -9999.000 -9999.000 -9999.000 -9999.000 -9999.000 -9999.000 -9999.000 -9999.000 -9999.000 -9999.000 -9999.000 -9999.000 -9999.000 -9999.000 -9999.000 -9999.000 -9999.000 -9999.000 -9999.000 -9999.000 -9999.000 -9999.000 -9999.000 -9999.000 -9999.000 -9999.000 -9999.000 -9999.000 -9999.000
-9999.000 -9999.000 -9999.000 -9999.000 -9999.000 -9999.000 -9999.000 -9999.000 -9999.000 -9999.000 -9999.000 -9999.000 -9999.000 -9999.000 -9999.000 0.8965603E-01 0.7667471E-01 0.7184871E-01 0.7186132E-01 0.7613184E-01 0.8171213E-01 0.8726243E-01 0.9235821E-01 0.9651295E-01 0.9989672E-01 0.1026149 0.1049061 0.1076614 0.1137220 0.1221843 0.1221843 -9999.000 -9999.000 -9999.000 -9999.000 -9999.000 -9999.000 -9999.000 -9999.000 -9999.000 -9999.000 -9999.000 -9999.000 -9999.000 -9999.000 -9999.000 -9999.000 -9999.000 -9999.000 -9999.000 -9999.000 -9999.000 -9999.000 -9999.000 -9999.000 -9999.000 -9999.000 -9999.000 -9999.000 -9999.000
-9999.000 -9999.000 -9999.000 -9999.000 -9999.000 -9999.000 -9999.000 -9999.000 -9999.000 -9999.000 -9999.000 -9999.000 -9999.000 -9999.000 -9999.000 0.8801363E-01 0.7159610E-01 0.6544035E-01 0.6549670E-01 0.7095560E-01 0.7805007E-01 0.8514295E-01 0.9175073E-01 0.9726687E-01 0.1019102 0.1057865 0.1091662 0.1131656 0.1214438 0.1335687 0.1335687 -9999.000 -9999.000 -9999.000 -9999.000 -9999.000 -9999.000 -9999.000 -9999.000 -9999.000 -9999.000 -9999.000 -9999.000 -9999.000 -9999.000 -9999.000 -9999.000 -9999.000 -9999.000 -9999.000 -9999.000 -9999.000 -9999.000 -9999.000 -9999.000 -9999.000 -9999.000 -9999.000 -9999.000 -9999.000
-9999.000 -9999.000 -9999.000 -9999.000 -9999.000 -9999.000 -9999.000 -9999.000 -9999.000 -9999.000 -9999.000 -9999.000 -9999.000 -9999.000 -9999.000 0.8612531E-01 0.6625510E-01 0.5879175E-01 0.5897012E-01 0.6567474E-01 0.7429700E-01 0.8293616E-01 0.9107172E-01 0.9797586E-01 0.1039219 0.1090084 0.1135343 0.1188512 0.1294906 0.1458944 0.1458944 -9999.000 -9999.000 -9999.000 -9999.000 -9999.000 -9999.000 -9999.000 -9999.000 -9999.000 -9999.000 -9999.000 -9999.000 -9999.000 -9999.000 -9999.000 -9999.000 -9999.000 -9999.000 -9999.000 -9999.000 -9999.000 -9999.000 -9999.000 -9999.000 -9999.000 -9999.000 -9999.000 -9999.000 -9999.000
-9999.000 -9999.000 -9999.000 -9999.000 -9999.000 -9999.000 -9999.000 -9999.000 -9999.000 -9999.000 -9999.000 -9999.000 -9999.000 -9999.000 -9999.000 0.8399303E-01 0.6066750E-01 0.5195285E-01 0.5237990E-01 0.6039516E-01 0.7054442E-01 0.8071863E-01 0.9038477E-01 0.9868928E-01 0.1059657 0.1122970 0.1180086 0.1247028 0.1378532 0.1592750 0.1592750 -9999.000 -9999.000 -9999.000 -9999.000 -9999.000 -9999.000 -9999.000 -9999.000 -9999.000 -9999.000 -9999.000 -9999.000 -9999.000 -9999.000 -9999.000 -9999.000 -9999.000 -9999.000 -9999.000 -9999.000 -9999.000 -9999.000 -9999.000 -9999.000 -9999.000 -9999.000 -9999.000 -9999.000 -9999.000
-9999.000 -9999.000 -9999.000 -9999.000 -9999.000 -9999.000 -9999.000 -9999.000 -9999.000 -9999.000 -9999.000 -9999.000 -9999.000 -9999.000 -9999.000 0.8158556E-01 0.5482576E-01 0.4496851E-01 0.4584212E-01 0.5522338E-01 0.6686734E-01 0.7854314E-01 0.8972934E-01 0.9943495E-01 0.1080597 0.1156608 0.1225882 0.1307156 0.1465425 0.1738933 0.1738933 -9999.000 -9999.000 -9999.000 -9999.000 -9999.000 -9999.000 -9999.000 -9999.000 -9999.000 -9999.000 -9999.000 -9999.000 -9999.000 -9999.000 -9999.000 -9999.000 -9999.000 -9999.000 -9999.000 -9999.000 -9999.000 -9999.000 -9999.000 -9999.000 -9999.000 -9999.000 -9999.000 -9999.000 -9999.000
-9999.000 -9999.000 -9999.000 -9999.000 -9999.000 -9999.000 -9999.000 -9999.000 -9999.000 -9999.000 -9999.000 -9999.000 -9999.000 -9999.000 -9999.000 0.7885282E-01 0.4871244E-01 0.3791439E-01 0.3954380E-01 0.5029856E-01 0.6334645E-01 0.7645839E-01 0.8913697E-01 0.1002330 0.1102169 0.1191056 0.1272730 0.1368887 0.1555797 0.1900024 0.1900024 -9999.000 -9999.000 -9999.000 -9999.000 -9999.000 -9999.000 -9999.000 -9999.000 -9999.000 -9999.000 -9999.000 -9999.000 -9999.000 -9999.000 -9999.000 -9999.000 -9999.000 -9999.000 -9999.000 -9999.000 -9999.000 -9999.000 -9999.000 -9999.000 -9999.000 -9999.000 -9999.000 -9999.000 -9999.000
-9999.000 -9999.000 -9999.000 -9999.000 -9999.000 -9999.000 -9999.000 -9999.000 -9999.000 -9999.000 -9999.000 -9999.000 -9999.000 -9999.000 -9999.000 0.7573003E-01 0.4230940E-01 0.3095890E-01 0.3382657E-01 0.4582366E-01 0.6008348E-01 0.7451937E-01 0.8864133E-01 0.1011039 0.1124501 0.1226374 0.1320630 0.1432227 0.1649924 0.2079404 0.2079404 -9999.000 -9999.000 -9999.000 -9999.000 -9999.000 -9999.000 -9999.000 -9999.000 -9999.000 -9999.000 -9999.000 -9999.000 -9999.000 -9999.000 -9999.000 -9999.000 -9999.000 -9999.000 -9999.000 -9999.000 -9999.000 -9999.000 -9999.000 -9999.000 -9999.000 -9999.000 -9999.000 -9999.000 -9999.000
-9999.000 -9999.000 -9999.000 -9999.000 -9999.000 -9999.000 -9999.000 -9999.000 -9999.000 -9999.000 -9999.000 -9999.000 -9999.000 -9999.000 -9999.000 0.7213896E-01 0.3560960E-01 0.2451587E-01 0.2931748E-01 0.4210004E-01 0.5721570E-01 0.7279813E-01 0.8828575E-01 0.1020747 0.1147766 0.1262653 0.1369607 0.1497203 0.1748137 0.2281607 0.2281607 -9999.000 -9999.000 -9999.000 -9999.000 -9999.000 -9999.000 -9999.000 -9999.000 -9999.000 -9999.000 -9999.000 -9999.000 -9999.000 -9999.000 -9999.000 -9999.000 -9999.000 -9999.000 -9999.000 -9999.000 -9999.000 -9999.000 -9999.000 -9999.000 -9999.000 -9999.000 -9999.000 -9999.000 -9999.000
-9999.000 -9999.000 -9999.000 -9999.000 -9999.000 -9999.000 -9999.000 -9999.000 -9999.000 -9999.000 -9999.000 -9999.000 -9999.000 -9999.000 -9999.000 0.6798558E-01 0.2864780E-01 0.1962561E-01 0.2701553E-01 0.3955069E-01 0.5493153E-01 0.7139466E-01 0.8813184E-01 0.1031862 0.1172246 0.1300062 0.1419738 0.1563880 0.1850828 0.2512833 0.2512833 -9999.000 -9999.000 -9999.000 -9999.000 -9999.000 -9999.000 -9999.000 -9999.000 -9999.000 -9999.000 -9999.000 -9999.000 -9999.000 -9999.000 -9999.000 -9999.000 -9999.000 -9999.000 -9999.000 -9999.000 -9999.000 -9999.000 -9999.000 -9999.000 -9999.000 -9999.000 -9999.000 -9999.000 -9999.000
-9999.000 -9999.000 -9999.000 -9999.000 -9999.000 -9999.000 -9999.000 -9999.000 -9999.000 -9999.000 -9999.000 -9999.000 -9999.000 -9999.000 -9999.000 0.6314342E-01 0.2161079E-01 0.1840800E-01 0.2802782E-01 0.3875659E-01 0.5353528E-01 0.7048979E-01 0.8829981E-01 0.1045234 0.1198568 0.1339040 0.1471293 0.1632454 0.1958503 0.2781779 0.2781779 -9999.000 -9999.000 -9999.000 -9999.000 -9999.000 -9999.000 -9999.000 -9999.000 -9999.000 -9999.000 -9999.000 -9999.000 -9999.000 -9999.000 -9999.000 -9999.000 -9999.000 -9999.000 -9999.000 -9999.000 -9999.000 -9999.000 -9999.000 -9999.000 -9999.000 -9999.000 -9999.000 -9999.000 -9999.000
-9999.000 -9999.000 -9999.000 -9999.000 -9999.000 -9999.000 -9999.000 -9999.000 -9999.000 -9999.000 -9999.000 -9999.000 -9999.000 -9999.000 -9999.000 0.5679929E-01 0.1650766E-01 0.2549741E-01 0.3584911E-01 0.4319219E-01 0.5576142E-01 0.7208160E-01 0.9023110E-01 0.1071386 0.1234394 0.1385094 0.1528146 0.1705582 0.2073244 0.3102095 0.3102095 -9999.000 -9999.000 -9999.000 -9999.000 -9999.000 -9999.000 -9999.000 -9999.000 -9999.000 -9999.000 -9999.000 -9999.000 -9999.000 -9999.000 -9999.000 -9999.000 -9999.000 -9999.000 -9999.000 -9999.000 -9999.000 -9999.000 -9999.000 -9999.000 -9999.000 -9999.000 -9999.000 -9999.000 -9999.000
-9999.000 -9999.000 -9999.000 -9999.000 -9999.000 -9999.000 -9999.000 -9999.000 -9999.000 -9999.000 -9999.000 -9999.000 -9999.000 -9999.000 -9999.000 0.8938110E-01 0.1371667 0.1598382 0.1512284 0.1318428 0.1208276 0.1163299 0.1188798 0.1256075 0.1357950 0.1474643 0.1601875 0.1781193 0.2187376 0.3466507 0.3466507 -9999.000 -9999.000 -9999.000 -9999.000 -9999.000 -9999.000 -9999.000 -9999.000 -9999.000 -9999.000 -9999.000 -9999.000 -9999.000 -9999.000 -9999.000 -9999.000 -9999.000 -9999.000 -9999.000 -9999.000 -9999.000 -9999.000 -9999.000 -9999.000 -9999.000 -9999.000 -9999.000 -9999.000 -9999.000
2.837728 2.837728 2.841129 2.858430 2.877055 2.877055 2.879908 2.880200 2.880200 2.876745 2.876745 2.870679 2.866935 2.862829 2.858724 2.858724 3.002503 3.006672 3.007805 2.997632 2.961497 2.902986 2.821983 2.716002 2.589744 2.444283 2.283182 2.115696 1.967268 1.912983 1.912983 2.733874 2.907269 3.009498 3.035434 3.035434 3.070611 3.070611 3.056251 3.056251 3.013774 2.836350 2.836350 2.482838 2.482838 2.128111 2.128111 2.128111 2.107484 2.107484 2.137478 2.137478 2.185140 2.185140 2.235358 2.235358 2.280535 2.280535 2.280535 2.316526
2.860256 2.860256 2.868148 2.912239 2.938153 2.938153 2.953028 2.976155 2.976155 2.995077 2.995077 3.011203 3.018489 3.025364 3.032173 3.032173 3.139013 3.157821 3.173345 3.185331 3.190815 3.189718 3.180154 3.158692 3.123709 3.072711 3.004107 2.918610 2.822562 2.745772 2.745772 3.180846 3.333838 3.484428 3.526053 3.526053 3.574202 3.574202 3.577101 3.577101 3.556958 3.457468 3.457468 3.256809 3.256809 2.963166 2.963166 2.963166 2.939548 2.939548 2.971655 2.971655 3.022269 3.022269 3.075022 3.075022 3.123226 3.123226 3.123226 3.163744
2.865407 2.865407 2.870004 2.914009 2.937864 2.937864 2.953445 2.977419 2.977419 2.996950 2.996950 3.013768 3.021445 3.028738 3.036024 3.036024 3.131416 3.162630 3.189848 3.213320 3.231925 3.245926 3.255157 3.258418 3.254907 3.243046 3.221051 3.188000 3.146278 3.112854 3.112854 3.355066 3.501478 3.673230 3.724138 3.724138 3.777022 3.777022 3.767540 3.767540 3.739182 3.642133 3.642133 3.499680 3.499680 3.256481 3.256481 3.256481 3.216806 3.216806 3.236170 3.236170 3.278112 3.278112 3.324736 3.324736 3.368408 3.368408 3.368408 3.405598
2.869176 2.869176 2.872381 2.914923 2.937210 2.937210 2.953110 2.977421 2.977421 2.996959 2.996959 3.013765 3.021447 3.028750 3.036114 3.036114 3.124364 3.165902 3.203972 3.237604 3.265776 3.288450 3.305827 3.317759 3.324340 3.325343 3.320234 3.308679 3.292123 3.281037 3.281037 3.429014 3.557873 3.733677 3.788145 3.788145 3.834158 3.834158 3.800040 3.800040 3.760871 3.671852 3.671852 3.581236 3.581236 3.397511 3.397511 3.397511 3.345156 3.345156 3.349733 3.349733 3.382456 3.382456 3.423886 3.423886 3.464290 3.464290 3.464290 3.499041
2.871730 2.871730 2.875125 2.915470 2.936733 2.936733 2.952841 2.977440 2.977440 2.996968 2.996968 3.013748 3.021428 3.028733 3.036215 3.036215 3.121945 3.172276 3.220123 3.263207 3.300276 3.330965 3.355357 3.373550 3.385859 3.392598 3.393996 3.390423 3.383367 3.380027 3.380027 3.473452 3.580329 3.744722 3.792964 3.792964 3.808823 3.808823 3.742209 3.742209 3.700467 3.640268 3.640268 3.601395 3.601395 3.483104 3.483104 3.483104 3.426620 3.426620 3.416137 3.416137 3.437047 3.437047 3.471384 3.471384 3.507395 3.507395 3.507395 3.538926
2.873251 2.873251 2.877838 2.915732 2.936400 2.936400 2.952657 2.977509 2.977509 2.997095 2.997095 3.013947 3.021673 3.029026 3.036709 3.036709 3.125510 3.183806 3.240362 3.291939 3.337041 3.375108 3.406088 3.430096 3.447443 3.458541 3.463856 3.464034 3.460524 3.458516 3.458516 3.516108 3.598494 3.732431 3.758871 3.758871 3.717769 3.717769 3.632179 3.632179 3.604435 3.590068 3.590068 3.596317 3.596317 3.539647 3.539647 3.539647 3.489554 3.489554 3.467936 3.467936 3.475784 3.475784 3.500646 3.500646 3.530240 3.530240 3.530240 3.557015
2.874329 2.874329 2.880184 2.916061 2.936470 2.936470 2.952851 2.977909 2.977909 2.997507 2.997507 3.014301 3.021989 3.029299 3.037165 3.037165 3.135294 3.201345 3.265733 3.324773 3.376891 3.421476 3.458413 3.487804 3.509914 3.525124 3.533908 3.536912 3.535369 3.532877 3.532877 3.565699 3.622104 3.697307 3.679309 3.679309 3.572342 3.572342 3.507725 3.507725 3.507271 3.540158 3.540158 3.580166 3.580166 3.575018 3.575018 3.575018 3.539768 3.539768 3.513876 3.513876 3.510025 3.510025 3.523865 3.523865 3.544971 3.544971 3.544971 3.565196
2.874649 2.874649 2.881178 2.916179 2.936536 2.936536 2.952963 2.978049 2.978049 2.997594 2.997594 3.014340 3.022012 3.029314 3.037489 3.037489 3.152471 3.226641 3.298242 3.363725 3.421694 3.471665 3.513575 3.547562 3.573876 3.592852 3.604901 3.610573 3.610777 3.607614 3.607614 3.622295 3.649467 3.619109 3.536435 3.536435 3.400552 3.400552 3.396990 3.396990 3.425076 3.494462 3.494462 3.557572 3.557572 3.592766 3.592766 3.592766 3.576819 3.576819 3.553922 3.553922 3.542068 3.542068 3.544799 3.544799 3.555817 3.555817 3.555817 3.567772
2.874277 2.874277 2.880269 2.916065 2.936481 2.936481 2.952865 2.977922 2.977922 2.997517 2.997517 3.014307 3.021992 3.029301 3.037916 3.037916 3.178718 3.261657 3.339957 3.410819 3.473338 3.527340 3.572955 3.610429 3.640054 3.662142 3.677049 3.685194 3.687095 3.682938 3.682938 3.680888 3.666856 3.466287 3.330112 3.330112 3.243830 3.243830 3.313069 3.313069 3.361129 3.453339 3.453339 3.531629 3.531629 3.597051 3.597051 3.597051 3.600852 3.600852 3.586447 3.586447 3.571490 3.571490 3.564512 3.564512 3.564623 3.564623 3.564623 3.566866
2.873225 2.873225 2.877904 2.915727 2.936400 2.936400 2.952657 2.977509 2.977509 2.997096 2.997096 3.013947 3.021674 3.029026 3.038286 3.038286 3.216224 3.308707 3.393178 3.468241 3.533830 3.590290 3.638077 3.677633 3.709352 3.733575 3.750621 3.760781 3.763940 3.756442 3.756442 3.728272 3.638465 3.231298 3.103102 3.103102 3.129571 3.129571 3.249526 3.249526 3.308290 3.413610 3.413610 3.502228 3.502228 3.589901 3.589901 3.589901 3.611341 3.611341 3.608262 3.608262 3.594383 3.594383 3.580294 3.580294 3.569753 3.569753 3.569753 3.561504
2.871704 2.871704 2.875196 2.915466 2.936735 2.936735 2.952842 2.977440 2.977440 2.996968 2.996968 3.013748 3.021429 3.028734 3.038781 3.038781 3.268507 3.370980 3.460706 3.538408 3.605238 3.662277 3.710421 3.750382 3.782705 3.807796 3.825969 3.837343 3.840211 3.819660 3.819660 3.727750 3.499064 2.966302 2.921626 2.921626 3.052004 3.052004 3.195225 3.195225 3.259068 3.372177 3.372177 3.468131 3.468131 3.571819 3.571819 3.571819 3.607554 3.607554 3.616094 3.616094 3.606270 3.606270 3.587951 3.587951 3.567936 3.567936 3.567936 3.549233
2.869152 2.869152 2.872449 2.914921 2.937212 2.937212 2.953111 2.977423 2.977423 2.996958 2.996958 3.013765 3.021448 3.028750 3.039925 3.039925 3.341835 3.453850 3.546994 3.624979 3.690567 3.745760 3.791996 3.830300 3.861392 3.885763 3.903738 3.914974 3.911963 3.840491 3.840491 3.593899 3.201025 2.762305 2.806729 2.806729 2.985653 2.985653 3.137691 3.137691 3.204207 3.322721 3.322721 3.424141 3.424141 3.539171 3.539171 3.539171 3.585687 3.585687 3.604357 3.604357 3.599776 3.599776 3.579632 3.579632 3.551956 3.551956 3.551956 3.523751
