simulation_files/asc/Velocity____121.0.asc
NCOLS        79
NROWS        79
XLLCENTER         -1.500000
YLLCENTER         -4.800000
CELLSIZE           0.100
NODATA_VALUE     -9999.0
[rows 0 to 26 of 79, columns 0 to 59 of 79]
-9999.000 -9999.000 -9999.000 -9999.000 -9999.000 -9999.000 -9999.000 -9999.000 -9999.000 -9999.000 -9999.000 -9999.000 -9999.000 -9999.000 -9999.000 0.1469497 0.1458160 0.1457735 0.1459142 0.1461482 0.1464242 0.1467024 0.1469516 0.1471682 0.1473713 0.1476227 0.1480562 0.1489485 0.1507862 0.1508029 0.1508029 -9999.000 -9999.000 -9999.000 -9999.000 -9999.000 -9999.000 -9999.000 -9999.000 -9999.000 -9999.000 -9999.000 -9999.000 -9999.000 -9999.000 -9999.000 -9999.000 -9999.000 -9999.000 -9999.000 -9999.000 -9999.000 -9999.000 -9999.000 -9999.000 -9999.000 -9999.000 -9999.000 -9999.000 -9999.000
-9999.000 -9999.000 -9999.000 -9999.000 -9999.000 -9999.000 -9999.000 -9999.000 -9999.000 -9999.000 -9999.000 -9999.000 -9999.000 -9999.000 -9999.000 0.1449389 0.1425508 0.1424712 0.1428002 0.1433455 0.1439939 0.1446541 0.1452532 0.1457772 0.1462623 0.1468388 0.1477978 0.1497472 0.1537412 0.1543489 0.1543489 -9999.000 -9999.000 -9999.000 -9999.000 -9999.000 -9999.000 -9999.000 -9999.000 -9999.000 -9999.000 -9999.000 -9999.000 -9999.000 -9999.000 -9999.000 -9999.000 -9999.000 -9999.000 -9999.000 -9999.000 -9999.000 -9999.000 -9999.000 -9999.000 -9999.000 -9999.000 -9999.000 -9999.000 -9999.000
-9999.000 -9999.000 -9999.000 -9999.000 -9999.000 -9999.000 -9999.000 -9999.000 -9999.000 -9999.000 -9999.000 -9999.000 -9999.000 -9999.000 -9999.000 0.1416805 0.1379479 0.1378355 0.1384279 0.1394109 0.1405946 0.1418249 0.1429778 0.1440279 0.1450359 0.1462188 0.1480574 0.1515409 0.1583530 0.1603136 0.1603136 -9999.000 -9999.000 -9999.000 -9999.000 -9999.000 -9999.000 -9999.000 -9999.000 -9999.000 -9999.000 -9999.000 -9999.000 -9999.000 -9999.000 -9999.000 -9999.000 -9999.000 -9999.000 -9999.000 -9999.000 -9999.000 -9999.000 -9999.000 -9999.000 -9999.000 -9999.000 -9999.000 -9999.000 -9999.000
-9999.000 -9999.000 -9999.000 -9999.000 -9999.000 -9999.000 -9999.000 -9999.000 -9999.000 -9999.000 -9999.000 -9999.000 -9999.000 -9999.000 -9999.000 0.1377390 0.1327241 0.1326109 0.1335234 0.1350213 0.1368335 0.1387400 0.1405619 0.1422621 0.1439240 0.1458539 0.1487295 0.1539429 0.1638635 0.1678558 0.1678558 -9999.000 -9999.000 -9999.000 -9999.000 -9999.000 -9999.000 -9999.000 -9999.000 -9999.000 -9999.000 -9999.000 -9999.000 -9999.000 -9999.000 -9999.000 -9999.000 -9999.000 -9999.000 -9999.000 -9999.000 -9999.000 -9999.000 -9999.000 -9999.000 -9999.000 -9999.000 -9999.000 -9999.000 -9999.000
-9999.000 -9999.000 -9999.000 -9999.000 -9999.000 -9999.000 -9999.000 -9999.000 -9999.000 -9999.000 -9999.000 -9999.000 -9999.000 -9999.000 -9999.000 0.1332545 0.1270112 0.1269228 0.1282017 0.1302770 0.1327914 0.1354557 0.1380319 0.1404709 0.1428797 0.1456582 0.1496934 0.1568102 0.1701394 0.1769102 0.1769102 -9999.000 -9999.000 -9999.000 -9999.000 -9999.000 -9999.000 -9999.000 -9999.000 -9999.000 -9999.000 -9999.000 -9999.000 -9999.000 -9999.000 -9999.000 -9999.000 -9999.000 -9999.000 -9999.000 -9999.000 -9999.000 -9999.000 -9999.000 -9999.000 -9999.000 -9999.000 -9999.000 -9999.000 -9999.000
-9999.000 -9999.000 -9999.000 -9999.000 -9999.000 -9999.000 -9999.000 -9999.000 -9999.000 -9999.000 -9999.000 -9999.000 -9999.000 -9999.000 -9999.000 0.1282966 0.1208839 0.1208451 0.1225325 0.1252401 0.1285193 0.1320086 0.1354063 0.1386524 0.1418791 0.1455864 0.1508860 0.1600737 0.1771377 0.1875570 0.1875570 -9999.000 -9999.000 -9999.000 -9999.000 -9999.000 -9999.000 -9999.000 -9999.000 -9999.000 -9999.000 -9999.000 -9999.000 -9999.000 -9999.000 -9999.000 -9999.000 -9999.000 -9999.000 -9999.000 -9999.000 -9999.000 -9999.000 -9999.000 -9999.000 -9999.000 -9999.000 -9999.000 -9999.000 -9999.000
-9999.000 -9999.000 -9999.000 -9999.000 -9999.000 -9999.000 -9999.000 -9999.000 -9999.000 -9999.000 -9999.000 -9999.000 -9999.000 -9999.000 -9999.000 0.1228842 0.1143763 0.1144162 0.1165545 0.1199481 0.1240502 0.1284240 0.1327000 0.1368093 0.1409116 0.1456151 0.1522754 0.1637045 0.1848705 0.1999948 0.1999948 -9999.000 -9999.000 -9999.000 -9999.000 -9999.000 -9999.000 -9999.000 -9999.000 -9999.000 -9999.000 -9999.000 -9999.000 -9999.000 -9999.000 -9999.000 -9999.000 -9999.000 -9999.000 -9999.000 -9999.000 -9999.000 -9999.000 -9999.000 -9999.000 -9999.000 -9999.000 -9999.000 -9999.000 -9999.000
-9999.000 -9999.000 -9999.000 -9999.000 -9999.000 -9999.000 -9999.000 -9999.000 -9999.000 -9999.000 -9999.000 -9999.000 -9999.000 -9999.000 -9999.000 0.1169991 0.1074942 0.1076502 0.1102883 0.1144248 0.1194080 0.1247224 0.1299276 0.1349480 0.1399751 0.1457345 0.1538484 0.1676987 0.1933884 0.2145425 0.2145425 -9999.000 -9999.000 -9999.000 -9999.000 -9999.000 -9999.000 -9999.000 -9999.000 -9999.000 -9999.000 -9999.000 -9999.000 -9999.000 -9999.000 -9999.000 -9999.000 -9999.000 -9999.000 -9999.000 -9999.000 -9999.000 -9999.000 -9999.000 -9999.000 -9999.000 -9999.000 -9999.000 -9999.000 -9999.000
-9999.000 -9999.000 -9999.000 -9999.000 -9999.000 -9999.000 -9999.000 -9999.000 -9999.000 -9999.000 -9999.000 -9999.000 -9999.000 -9999.000 -9999.000 0.1105963 0.1002237 0.1005471 0.1037449 0.1086891 0.1146150 0.1209264 0.1271083 0.1330828 0.1390780 0.1459477 0.1556063 0.1720707 0.2027726 0.2316640 0.2316640 -9999.000 -9999.000 -9999.000 -9999.000 -9999.000 -9999.000 -9999.000 -9999.000 -9999.000 -9999.000 -9999.000 -9999.000 -9999.000 -9999.000 -9999.000 -9999.000 -9999.000 -9999.000 -9999.000 -9999.000 -9999.000 -9999.000 -9999.000 -9999.000 -9999.000 -9999.000 -9999.000 -9999.000 -9999.000
-9999.000 -9999.000 -9999.000 -9999.000 -9999.000 -9999.000 -9999.000 -9999.000 -9999.000 -9999.000 -9999.000 -9999.000 -9999.000 -9999.000 -9999.000 0.1036064 0.9253638E-01 0.9309887E-01 0.9693472E-01 0.1027651 0.1097026 0.1170693 0.1242740 0.1312424 0.1382445 0.1462748 0.1575680 0.1768525 0.2131352 0.2520231 0.2520231 -9999.000 -9999.000 -9999.000 -9999.000 -9999.000 -9999.000 -9999.000 -9999.000 -9999.000 -9999.000 -9999.000 -9999.000 -9999.000 -9999.000 -9999.000 -9999.000 -9999.000 -9999.000 -9999.000 -9999.000 -9999.000 -9999.000 -9999.000 -9999.000 -9999.000 -9999.000 -9999.000 -9999.000 -9999.000
-9999.000 -9999.000 -9999.000 -9999.000 -9999.000 -9999.000 -9999.000 -9999.000 -9999.000 -9999.000 -9999.000 -9999.000 -9999.000 -9999.000 -9999.000 0.9593610E-01 0.8438973E-01 0.8529629E-01 0.8987814E-01 0.9669420E-01 0.1047237 0.1132088 0.1214836 0.1294847 0.1375303 0.1467675 0.1597824 0.1821035 0.2246258 0.2765850 0.2765850 -9999.000 -9999.000 -9999.000 -9999.000 -9999.000 -9999.000 -9999.000 -9999.000 -9999.000 -9999.000 -9999.000 -9999.000 -9999.000 -9999.000 -9999.000 -9999.000 -9999.000 -9999.000 -9999.000 -9999.000 -9999.000 -9999.000 -9999.000 -9999.000 -9999.000 -9999.000 -9999.000 -9999.000 -9999.000
-9999.000 -9999.000 -9999.000 -9999.000 -9999.000 -9999.000 -9999.000 -9999.000 -9999.000 -9999.000 -9999.000 -9999.000 -9999.000 -9999.000 -9999.000 0.8746453E-01 0.7573158E-01 0.7714168E-01 0.8262616E-01 0.9055942E-01 0.9977864E-01 0.1094535 0.1188500 0.1279259 0.1370534 0.1475432 0.1623610 0.1879357 0.2374494 0.3067974 0.3067974 -9999.000 -9999.000 -9999.000 -9999.000 -9999.000 -9999.000 -9999.000 -9999.000 -9999.000 -9999.000 -9999.000 -9999.000 -9999.000 -9999.000 -9999.000 -9999.000 -9999.000 -9999.000 -9999.000 -9999.000 -9999.000 -9999.000 -9999.000 -9999.000 -9999.000 -9999.000 -9999.000 -9999.000 -9999.000
-9999.000 -9999.000 -9999.000 -9999.000 -9999.000 -9999.000 -9999.000 -9999.000 -9999.000 -9999.000 -9999.000 -9999.000 -9999.000 -9999.000 -9999.000 0.7803319E-01 0.6650670E-01 0.6867931E-01 0.7530528E-01 0.8453723E-01 0.9506933E-01 0.1060193 0.1166022 0.1268079 0.1370693 0.1488649 0.1655577 0.1945800 0.2519076 0.3449292 0.3449292 -9999.000 -9999.000 -9999.000 -9999.000 -9999.000 -9999.000 -9999.000 -9999.000 -9999.000 -9999.000 -9999.000 -9999.000 -9999.000 -9999.000 -9999.000 -9999.000 -9999.000 -9999.000 -9999.000 -9999.000 -9999.000 -9999.000 -9999.000 -9999.000 -9999.000 -9999.000 -9999.000 -9999.000 -9999.000
-9999.000 -9999.000 -9999.000 -9999.000 -9999.000 -9999.000 -9999.000 -9999.000 -9999.000 -9999.000 -9999.000 -9999.000 -9999.000 -9999.000 -9999.000 0.6738883E-01 0.5669253E-01 0.6013765E-01 0.6833045E-01 0.7913924E-01 0.9115104E-01 0.1034826 0.1153372 0.1267533 0.1382296 0.1514033 0.1700221 0.2025979 0.2685298 0.3947816 0.3947816 -9999.000 -9999.000 -9999.000 -9999.000 -9999.000 -9999.000 -9999.000 -9999.000 -9999.000 -9999.000 -9999.000 -9999.000 -9999.000 -9999.000 -9999.000 -9999.000 -9999.000 -9999.000 -9999.000 -9999.000 -9999.000 -9999.000 -9999.000 -9999.000 -9999.000 -9999.000 -9999.000 -9999.000 -9999.000
-9999.000 -9999.000 -9999.000 -9999.000 -9999.000 -9999.000 -9999.000 -9999.000 -9999.000 -9999.000 -9999.000 -9999.000 -9999.000 -9999.000 -9999.000 0.5248319E-01 0.5433564E-01 0.6648409E-01 0.7954156E-01 0.9239230E-01 0.1047662 0.1165941 0.1275911 0.1380445 0.1485895 0.1610011 0.1794167 0.2136968 0.2877937 0.4606780 0.4606780 -9999.000 -9999.000 -9999.000 -9999.000 -9999.000 -9999.000 -9999.000 -9999.000 -9999.000 -9999.000 -9999.000 -9999.000 -9999.000 -9999.000 -9999.000 -9999.000 -9999.000 -9999.000 -9999.000 -9999.000 -9999.000 -9999.000 -9999.000 -9999.000 -9999.000 -9999.000 -9999.000 -9999.000 -9999.000
2.166565 2.166565 2.213270 2.258559 2.266397 2.266397 2.271649 2.277797 2.277797 2.280388 2.280388 2.280598 2.280011 2.279040 2.277729 2.277729 2.034328 1.991345 1.942083 1.881849 1.808682 1.722206 1.623377 1.514060 1.397244 1.278097 1.165510 1.075196 1.037819 1.124070 1.124070 1.928104 2.068261 2.096717 2.088717 2.088717 2.051003 2.051003 1.947046 1.947046 1.759806 1.370319 1.370319 1.258196 1.258196 1.272607 1.272607 1.272607 1.321991 1.321991 1.380431 1.380431 1.427867 1.427867 1.466942 1.466942 1.495938 1.495938 1.495938 1.514201
2.180396 2.180396 2.242286 2.300085 2.317327 2.317327 2.331979 2.356819 2.356819 2.377941 2.377941 2.396536 2.405091 2.413224 2.420982 2.420982 2.282025 2.265012 2.256390 2.245237 2.226538 2.197673 2.155374 2.099951 2.031281 1.951021 1.863819 1.779623 1.718797 1.732201 1.732201 2.199721 2.348052 2.461007 2.482156 2.482156 2.483688 2.483688 2.430576 2.430576 2.348301 2.045981 2.045981 1.904824 1.904824 1.920563 1.920563 1.920563 1.955562 1.955562 2.015084 2.015084 2.061670 2.061670 2.102112 2.102112 2.135111 2.135111 2.135111 2.160393
2.183338 2.183338 2.246371 2.300317 2.317702 2.317702 2.332580 2.357912 2.357912 2.379556 2.379556 2.398739 2.407614 2.416092 2.424212 2.424212 2.319671 2.304268 2.307367 2.314648 2.319199 2.318035 2.308781 2.290710 2.262815 2.224916 2.177988 2.128386 2.089612 2.094732 2.094732 2.414862 2.546717 2.679437 2.709450 2.709450 2.718414 2.718414 2.668943 2.668943 2.614271 2.412555 2.412555 2.264674 2.264674 2.256680 2.256680 2.256680 2.291106 2.291106 2.335942 2.335942 2.374933 2.374933 2.408735 2.408735 2.436503 2.436503 2.436503 2.457385
2.185669 2.185669 2.249473 2.300246 2.317553 2.317553 2.332474 2.357905 2.357905 2.379585 2.379585 2.398772 2.407651 2.416133 2.424261 2.424261 2.344934 2.327810 2.333323 2.347156 2.360740 2.370576 2.374785 2.372897 2.364395 2.349100 2.327539 2.303510 2.285841 2.297334 2.297334 2.511270 2.631443 2.764223 2.793668 2.793668 2.795458 2.795458 2.745000 2.745000 2.706202 2.576429 2.576429 2.442659 2.442659 2.410849 2.410849 2.410849 2.439473 2.439473 2.478141 2.478141 2.514123 2.514123 2.545118 2.545118 2.570025 2.570025 2.570025 2.588373
2.187443 2.187443 2.251805 2.300219 2.317410 2.317410 2.332358 2.357884 2.357884 2.379593 2.379593 2.398774 2.407649 2.416127 2.424253 2.424253 2.369188 2.354205 2.361118 2.378428 2.396999 2.412606 2.423318 2.428712 2.428739 2.423665 2.414253 2.403481 2.397978 2.413903 2.413903 2.560613 2.666937 2.784087 2.802888 2.802888 2.785804 2.785804 2.741187 2.741187 2.719220 2.652009 2.652009 2.553128 2.553128 2.500249 2.500249 2.500249 2.519933 2.519933 2.552697 2.552697 2.585686 2.585686 2.614226 2.614226 2.636765 2.636765 2.636765 2.653056
2.188689 2.188689 2.253429 2.300222 2.317295 2.317295 2.332258 2.357864 2.357864 2.379600 2.379600 2.398777 2.407647 2.416121 2.424246 2.424246 2.392392 2.383975 2.393622 2.413612 2.435728 2.455402 2.470439 2.480174 2.484626 2.484280 2.480141 2.474880 2.473967 2.489220 2.489220 2.591049 2.678023 2.757657 2.756150 2.756150 2.721824 2.721824 2.699412 2.699412 2.696804 2.681008 2.681008 2.625561 2.625561 2.564697 2.564697 2.564697 2.573074 2.573074 2.598277 2.598277 2.626858 2.626858 2.652330 2.652330 2.672346 2.672346 2.672346 2.686494
2.189426 2.189426 2.254388 2.300233 2.317221 2.317221 2.332190 2.357851 2.357851 2.379605 2.379605 2.398780 2.407647 2.416120 2.424242 2.424242 2.414985 2.416620 2.431100 2.453887 2.478754 2.501502 2.519832 2.532807 2.540277 2.542663 2.540968 2.537558 2.537040 2.547865 2.547865 2.614238 2.671891 2.684483 2.660687 2.660687 2.630778 2.630778 2.645598 2.645598 2.661412 2.683884 2.683884 2.668624 2.668624 2.616411 2.616411 2.616411 2.614590 2.614590 2.630881 2.630881 2.653424 2.653424 2.674726 2.674726 2.691521 2.691521 2.691521 2.703162
2.189670 2.189670 2.254705 2.300239 2.317196 2.317196 2.332166 2.357846 2.357846 2.379608 2.379608 2.398780 2.407647 2.416119 2.424241 2.424241 2.438242 2.452243 2.473628 2.499867 2.527063 2.552044 2.572769 2.588190 2.597967 2.602322 2.602064 2.599139 2.597209 2.600956 2.600956 2.631802 2.640791 2.562321 2.531762 2.531762 2.538125 2.538125 2.592874 2.592874 2.623023 2.671957 2.671957 2.688307 2.688307 2.657265 2.657265 2.657265 2.649670 2.649670 2.657252 2.657252 2.672466 2.672466 2.688267 2.688267 2.700912 2.700912 2.700912 2.709578
2.189426 2.189426 2.254388 2.300233 2.317221 2.317221 2.332190 2.357851 2.357851 2.379605 2.379605 2.398780 2.407646 2.416120 2.424242 2.424242 2.464118 2.491781 2.521593 2.552088 2.581473 2.607963 2.630154 2.647149 2.658527 2.664316 2.665059 2.662201 2.658135 2.651124 2.651124 2.632901 2.560342 2.406413 2.398158 2.398158 2.458991 2.458991 2.544827 2.544827 2.584797 2.651644 2.651644 2.690907 2.690907 2.686344 2.686344 2.686344 2.678663 2.678663 2.679458 2.679458 2.686854 2.686854 2.696004 2.696004 2.703568 2.703568 2.703568 2.708813
2.188689 2.188689 2.253429 2.300222 2.317295 2.317295 2.332258 2.357864 2.357864 2.379600 2.379600 2.398777 2.407647 2.416122 2.424246 2.424246 2.495258 2.537093 2.576010 2.611277 2.642769 2.670130 2.692842 2.710416 2.722526 2.729097 2.730432 2.727427 2.720333 2.692501 2.692501 2.585612 2.400712 2.253693 2.285950 2.285950 2.394409 2.394409 2.500304 2.500304 2.546860 2.626137 2.626137 2.681435 2.681435 2.702655 2.702655 2.702655 2.699647 2.699647 2.696598 2.696598 2.696710 2.696710 2.698576 2.698576 2.700371 2.700371 2.700371 2.701903
2.187443 2.187443 2.251805 2.300219 2.317409 2.317409 2.332357 2.357883 2.357883 2.379593 2.379593 2.398775 2.407649 2.416126 2.424253 2.424253 2.535251 2.591068 2.638751 2.678615 2.711859 2.739391 2.761642 2.778702 2.790510 2.797020 2.798373 2.794790 2.781441 2.700970 2.700970 2.433073 2.165572 2.135045 2.194459 2.194459 2.337027 2.337027 2.455777 2.455777 2.507165 2.595592 2.595592 2.662085 2.662085 2.705234 2.705234 2.705234 2.709574 2.709574 2.705610 2.705610 2.699801 2.699801 2.694473 2.694473 2.690277 2.690277 2.690277 2.688080
2.185670 2.185670 2.249473 2.300245 2.317553 2.317553 2.332475 2.357906 2.357906 2.379585 2.379585 2.398773 2.407651 2.416133 2.424262 2.424262 2.589223 2.657901 2.712790 2.756003 2.789975 2.816650 2.837309 2.852657 2.862999 2.868430 2.869030 2.863656 2.830946 2.607401 2.607401 2.121617 1.943311 2.040215 2.118786 2.118786 2.279311 2.279311 2.407589 2.407589 2.463101 2.558548 2.558548 2.632880 2.632880 2.693105 2.693105 2.693105 2.705319 2.705319 2.702502 2.702502 2.692462 2.692462 2.680725 2.680725 2.670903 2.670903 2.670903 2.665313
