simulation_files/asc/Velocity__x_50.0.asc
NCOLS        79
NROWS        79
XLLCENTER         -1.500000
YLLCENTER         -4.800000
CELLSIZE           0.100
NODATA_VALUE     -9999.0
[rows 0 to 25 of 79, columns 0 to 57 of 79]
-9999.000 -9999.000 -9999.000 -9999.000 -9999.000 -9999.000 -9999.000 -9999.000 -9999.000 -9999.000 -9999.000 -9999.000 -9999.000 -9999.000 -9999.000 0.4866294E-03 0.1846760E-02 0.3959713E-02 0.5856963E-02 0.7479941E-02 0.8822425E-02 0.9868604E-02 0.1058484E-01 0.1091735E-01 0.1078805E-01 0.1008631E-01 0.8653034E-02 0.6256423E-02 0.2638062E-02 0.3169068E-03 0.3169068E-03 -9999.000 -9999.000 -9999.000 -9999.000 -9999.000 -9999.000 -9999.000 -9999.000 -9999.000 -9999.000 -9999.000 -9999.000 -9999.000 -9999.000 -9999.000 -9999.000 -9999.000 -9999.000 -9999.000 -9999.000 -9999.000 -9999.000 -9999.000 -9999.000 -9999.000 -9999.000 -9999.000
-9999.000 -9999.000 -9999.000 -9999.000 -9999.000 -9999.000 -9999.000 -9999.000 -9999.000 -9999.000 -9999.000 -9999.000 -9999.000 -9999.000 -9999.000 0.1360496E-02 0.3927270E-02 0.7536344E-02 0.1086294E-01 0.1376524E-01 0.1617482E-01 0.1802384E-01 0.1923028E-01 0.1969349E-01 0.1929143E-01 0.1787903E-01 0.1528712E-01 0.1132715E-01 0.5887643E-02 0.1816220E-02 0.1816220E-02 -9999.000 -9999.000 -9999.000 -9999.000 -9999.000 -9999.000 -9999.000 -9999.000 -9999.000 -9999.000 -9999.000 -9999.000 -9999.000 -9999.000 -9999.000 -9999.000 -9999.000 -9999.000 -9999.000 -9999.000 -9999.000 -9999.000 -9999.000 -9999.000 -9999.000 -9999.000 -9999.000
-9999.000 -9999.000 -9999.000 -9999.000 -9999.000 -9999.000 -9999.000 -9999.000 -9999.000 -9999.000 -9999.000 -9999.000 -9999.000 -9999.000 -9999.000 0.2184674E-02 0.5866285E-02 0.1085146E-01 0.1545838E-01 0.1949336E-01 0.2284516E-01 0.2540469E-01 0.2705000E-01 0.2764278E-01 0.2702785E-01 0.2503395E-01 0.2147645E-01 0.1616482E-01 0.9008326E-02 0.3262264E-02 0.3262264E-02 -9999.000 -9999.000 -9999.000 -9999.000 -9999.000 -9999.000 -9999.000 -9999.000 -9999.000 -9999.000 -9999.000 -9999.000 -9999.000 -9999.000 -9999.000 -9999.000 -9999.000 -9999.000 -9999.000 -9999.000 -9999.000 -9999.000 -9999.000 -9999.000 -9999.000 -9999.000 -9999.000
-9999.000 -9999.000 -9999.000 -9999.000 -9999.000 -9999.000 -9999.000 -9999.000 -9999.000 -9999.000 -9999.000 -9999.000 -9999.000 -9999.000 -9999.000 0.2993767E-02 0.7740002E-02 0.1401589E-01 0.1981926E-01 0.2491423E-01 0.2915459E-01 0.3239653E-01 0.3448251E-01 0.3523909E-01 0.3447700E-01 0.3199322E-01 0.2757420E-01 0.2100376E-01 0.1217929E-01 0.4746782E-02 0.4746782E-02 -9999.000 -9999.000 -9999.000 -9999.000 -9999.000 -9999.000 -9999.000 -9999.000 -9999.000 -9999.000 -9999.000 -9999.000 -9999.000 -9999.000 -9999.000 -9999.000 -9999.000 -9999.000 -9999.000 -9999.000 -9999.000 -9999.000 -9999.000 -9999.000 -9999.000 -9999.000 -9999.000
-9999.000 -9999.000 -9999.000 -9999.000 -9999.000 -9999.000 -9999.000 -9999.000 -9999.000 -9999.000 -9999.000 -9999.000 -9999.000 -9999.000 -9999.000 0.3828055E-02 0.9629111E-02 0.1714953E-01 0.2410871E-01 0.3023681E-01 0.3535729E-01 0.3929392E-01 0.4185436E-01 0.4282811E-01 0.4198660E-01 0.3908536E-01 0.3386735E-01 0.2607013E-01 0.1555262E-01 0.6342570E-02 0.6342570E-02 -9999.000 -9999.000 -9999.000 -9999.000 -9999.000 -9999.000 -9999.000 -9999.000 -9999.000 -9999.000 -9999.000 -9999.000 -9999.000 -9999.000 -9999.000 -9999.000 -9999.000 -9999.000 -9999.000 -9999.000 -9999.000 -9999.000 -9999.000 -9999.000 -9999.000 -9999.000 -9999.000
-9999.000 -9999.000 -9999.000 -9999.000 -9999.000 -9999.000 -9999.000 -9999.000 -9999.000 -9999.000 -9999.000 -9999.000 -9999.000 -9999.000 -9999.000 0.4729463E-02 0.1161467E-01 0.2036817E-01 0.2847640E-01 0.3564470E-01 0.4166942E-01 0.4634260E-01 0.4943555E-01 0.5069615E-01 0.4984869E-01 0.4659499E-01 0.4061683E-01 0.3158240E-01 0.1928069E-01 0.8123734E-02 0.8123734E-02 -9999.000 -9999.000 -9999.000 -9999.000 -9999.000 -9999.000 -9999.000 -9999.000 -9999.000 -9999.000 -9999.000 -9999.000 -9999.000 -9999.000 -9999.000 -9999.000 -9999.000 -9999.000 -9999.000 -9999.000 -9999.000 -9999.000 -9999.000 -9999.000 -9999.000 -9999.000 -9999.000
-9999.000 -9999.000 -9999.000 -9999.000 -9999.000 -9999.000 -9999.000 -9999.000 -9999.000 -9999.000 -9999.000 -9999.000 -9999.000 -9999.000 -9999.000 0.5739412E-02 0.1377499E-01 0.2378077E-01 0.3305958E-01 0.4130330E-01 0.4828397E-01 0.5376191E-01 0.5746894E-01 0.5910511E-01 0.5833730E-01 0.5479869E-01 0.4808834E-01 0.3777490E-01 0.2353540E-01 0.1017644E-01 0.1017644E-01 -9999.000 -9999.000 -9999.000 -9999.000 -9999.000 -9999.000 -9999.000 -9999.000 -9999.000 -9999.000 -9999.000 -9999.000 -9999.000 -9999.000 -9999.000 -9999.000 -9999.000 -9999.000 -9999.000 -9999.000 -9999.000 -9999.000 -9999.000 -9999.000 -9999.000 -9999.000 -9999.000
-9999.000 -9999.000 -9999.000 -9999.000 -9999.000 -9999.000 -9999.000 -9999.000 -9999.000 -9999.000 -9999.000 -9999.000 -9999.000 -9999.000 -9999.000 0.6898464E-02 0.1618587E-01 0.2749166E-01 0.3798847E-01 0.4736941E-01 0.5538524E-01 0.6176372E-01 0.6619336E-01 0.6831912E-01 0.6773870E-01 0.6399763E-01 0.5658396E-01 0.4492702E-01 0.2853336E-01 0.1261340E-01 0.1261340E-01 -9999.000 -9999.000 -9999.000 -9999.000 -9999.000 -9999.000 -9999.000 -9999.000 -9999.000 -9999.000 -9999.000 -9999.000 -9999.000 -9999.000 -9999.000 -9999.000 -9999.000 -9999.000 -9999.000 -9999.000 -9999.000 -9999.000 -9999.000 -9999.000 -9999.000 -9999.000 -9999.000
-9999.000 -9999.000 -9999.000 -9999.000 -9999.000 -9999.000 -9999.000 -9999.000 -9999.000 -9999.000 -9999.000 -9999.000 -9999.000 -9999.000 -9999.000 0.8245239E-02 0.1891969E-01 0.3160257E-01 0.4339254E-01 0.5400101E-01 0.6316192E-01 0.7056958E-01 0.7586567E-01 0.7863190E-01 0.7838230E-01 0.7455157E-01 0.6648111E-01 0.5340530E-01 0.3457403E-01 0.1559533E-01 0.1559533E-01 -9999.000 -9999.000 -9999.000 -9999.000 -9999.000 -9999.000 -9999.000 -9999.000 -9999.000 -9999.000 -9999.000 -9999.000 -9999.000 -9999.000 -9999.000 -9999.000 -9999.000 -9999.000 -9999.000 -9999.000 -9999.000 -9999.000 -9999.000 -9999.000 -9999.000 -9999.000 -9999.000
-9999.000 -9999.000 -9999.000 -9999.000 -9999.000 -9999.000 -9999.000 -9999.000 -9999.000 -9999.000 -9999.000 -9999.000 -9999.000 -9999.000 -9999.000 0.9814405E-02 0.2204512E-01 0.3621490E-01 0.4940561E-01 0.6136705E-01 0.7182122E-01 0.8043018E-01 0.8678504E-01 0.9039611E-01 0.9067790E-01 0.8692635E-01 0.7828840E-01 0.6372584E-01 0.4210163E-01 0.1936907E-01 0.1936907E-01 -9999.000 -9999.000 -9999.000 -9999.000 -9999.000 -9999.000 -9999.000 -9999.000 -9999.000 -9999.000 -9999.000 -9999.000 -9999.000 -9999.000 -9999.000 -9999.000 -9999.000 -9999.000 -9999.000 -9999.000 -9999.000 -9999.000 -9999.000 -9999.000 -9999.000 -9999.000 -9999.000
-9999.000 -9999.000 -9999.000 -9999.000 -9999.000 -9999.000 -9999.000 -9999.000 -9999.000 -9999.000 -9999.000 -9999.000 -9999.000 -9999.000 -9999.000 0.1163536E-01 0.2562406E-01 0.4143145E-01 0.5617307E-01 0.6965927E-01 0.8160758E-01 0.9164973E-01 0.9932505E-01 0.1040657 0.1051701 0.1017629 0.9273497E-01 0.7666413E-01 0.5182284E-01 0.2434124E-01 0.2434124E-01 -9999.000 -9999.000 -9999.000 -9999.000 -9999.000 -9999.000 -9999.000 -9999.000 -9999.000 -9999.000 -9999.000 -9999.000 -9999.000 -9999.000 -9999.000 -9999.000 -9999.000 -9999.000 -9999.000 -9999.000 -9999.000 -9999.000 -9999.000 -9999.000 -9999.000 -9999.000 -9999.000
-9999.000 -9999.000 -9999.000 -9999.000 -9999.000 -9999.000 -9999.000 -9999.000 -9999.000 -9999.000 -9999.000 -9999.000 -9999.000 -9999.000 -9999.000 0.1372845E-01 0.2971021E-01 0.4735850E-01 0.6386039E-01 0.7910892E-01 0.9282644E-01 0.1046204 0.1139811 0.1202595 0.1226251 0.1199959 0.1109299 0.9346223E-01 0.6494596E-01 0.3123547E-01 0.3123547E-01 -9999.000 -9999.000 -9999.000 -9999.000 -9999.000 -9999.000 -9999.000 -9999.000 -9999.000 -9999.000 -9999.000 -9999.000 -9999.000 -9999.000 -9999.000 -9999.000 -9999.000 -9999.000 -9999.000 -9999.000 -9999.000 -9999.000 -9999.000 -9999.000 -9999.000 -9999.000 -9999.000
-9999.000 -9999.000 -9999.000 -9999.000 -9999.000 -9999.000 -9999.000 -9999.000 -9999.000 -9999.000 -9999.000 -9999.000 -9999.000 -9999.000 -9999.000 0.1610606E-01 0.3435147E-01 0.5411620E-01 0.7267291E-01 0.9001690E-01 0.1058883 0.1198824 0.1314508 0.1398717 0.1441838 0.1430711 0.1346730 0.1162620 0.8372942E-01 0.4146792E-01 0.4146792E-01 -9999.000 -9999.000 -9999.000 -9999.000 -9999.000 -9999.000 -9999.000 -9999.000 -9999.000 -9999.000 -9999.000 -9999.000 -9999.000 -9999.000 -9999.000 -9999.000 -9999.000 -9999.000 -9999.000 -9999.000 -9999.000 -9999.000 -9999.000 -9999.000 -9999.000 -9999.000 -9999.000
-9999.000 -9999.000 -9999.000 -9999.000 -9999.000 -9999.000 -9999.000 -9999.000 -9999.000 -9999.000 -9999.000 -9999.000 -9999.000 -9999.000 -9999.000 0.1889111E-01 0.3978335E-01 0.6209393E-01 0.8314493E-01 0.1030546 0.1216077 0.1384174 0.1529326 0.1643968 0.1717538 0.1734707 0.1672150 0.1492344 0.1130706 0.5834834E-01 0.5834834E-01 -9999.000 -9999.000 -9999.000 -9999.000 -9999.000 -9999.000 -9999.000 -9999.000 -9999.000 -9999.000 -9999.000 -9999.000 -9999.000 -9999.000 -9999.000 -9999.000 -9999.000 -9999.000 -9999.000 -9999.000 -9999.000 -9999.000 -9999.000 -9999.000 -9999.000 -9999.000 -9999.000
-9999.000 -9999.000 -9999.000 -9999.000 -9999.000 -9999.000 -9999.000 -9999.000 -9999.000 -9999.000 -9999.000 -9999.000 -9999.000 -9999.000 -9999.000 0.3303450E-01 0.5970458E-01 0.8666913E-01 0.1106475 0.1325425 0.1526778 0.1710668 0.1874600 0.2013153 0.2116849 0.2169713 0.2144234 0.1990092 0.1605196 0.8232644E-01 0.8232644E-01 -9999.000 -9999.000 -9999.000 -9999.000 -9999.000 -9999.000 -9999.000 -9999.000 -9999.000 -9999.000 -9999.000 -9999.000 -9999.000 -9999.000 -9999.000 -9999.000 -9999.000 -9999.000 -9999.000 -9999.000 -9999.000 -9999.000 -9999.000 -9999.000 -9999.000 -9999.000 -9999.000
1.462669 1.462669 1.524892 1.545521 1.421883 1.421883 1.362067 1.307087 1.307087 1.254513 1.254513 1.193840 1.156101 1.108848 1.045462 1.045462 0.8975751 0.8321841 0.7627507 0.6923909 0.6243116 0.5616425 0.5070931 0.4626947 0.4297594 0.4091765 0.4022500 0.4126524 0.4515256 0.5336326 0.5336326 1.374748 1.640470 1.785421 1.765944 1.765944 1.629431 1.629431 1.425148 1.425148 1.198143 0.8344466 0.8344466 0.8215580 0.8215580 0.8532230 0.8532230 0.8532230 0.9055874 0.9055874 0.9475029 0.9475029 0.9822196 0.9822196 1.027348 1.027348 1.055584 1.055584
1.476026 1.476026 1.543518 1.576830 1.469094 1.469094 1.407245 1.365789 1.365789 1.324693 1.324693 1.274337 1.242686 1.205585 1.163913 1.163913 1.100793 1.068641 1.028611 0.9809981 0.9269457 0.8684437 0.8083017 0.7500980 0.6981083 0.6573179 0.6337646 0.6358670 0.6785187 0.7899469 0.7899469 1.337816 1.528809 1.655753 1.672805 1.672805 1.657903 1.657903 1.580738 1.580738 1.482842 1.114072 1.114072 1.097267 1.097267 1.134675 1.134675 1.134675 1.190895 1.190895 1.235791 1.235791 1.259146 1.259146 1.314071 1.314071 1.347701 1.347701
1.479111 1.479111 1.544831 1.576922 1.473934 1.473934 1.407117 1.368160 1.368160 1.329958 1.329958 1.285889 1.260184 1.232003 1.202612 1.202612 1.167729 1.152657 1.132637 1.106713 1.074631 1.036856 0.9946608 0.9502516 0.9069413 0.8694064 0.8441697 0.8406997 0.8744214 0.9756432 0.9756432 1.378734 1.546787 1.681018 1.710583 1.710583 1.719461 1.719461 1.672072 1.672072 1.618759 1.359677 1.359677 1.277095 1.277095 1.295770 1.295770 1.295770 1.353127 1.353127 1.393202 1.393202 1.423637 1.423637 1.463929 1.463929 1.493141 1.493141
1.481523 1.481523 1.545843 1.576983 1.477416 1.477416 1.406861 1.369543 1.369543 1.333841 1.333841 1.295056 1.273833 1.251686 1.229620 1.229620 1.208580 1.201062 1.190623 1.176432 1.158062 1.135496 1.109234 1.080474 1.051351 1.025260 1.007387 1.005743 1.033645 1.118443 1.118443 1.425320 1.574207 1.704694 1.734412 1.734412 1.745948 1.745948 1.716356 1.716356 1.690102 1.543569 1.543569 1.426186 1.426186 1.431216 1.431216 1.431216 1.475676 1.475676 1.511349 1.511349 1.539133 1.539133 1.571463 1.571463 1.597112 1.597112
1.483371 1.483371 1.546609 1.577216 1.480377 1.480377 1.407131 1.371297 1.371297 1.338317 1.338317 1.304871 1.287790 1.270854 1.254703 1.254703 1.244266 1.240985 1.235241 1.226758 1.215519 1.201685 1.185645 1.168167 1.150636 1.135366 1.126101 1.128954 1.154530 1.226550 1.226550 1.465857 1.595019 1.711876 1.735915 1.735915 1.743272 1.743272 1.730554 1.730554 1.723202 1.661690 1.661690 1.560654 1.560654 1.535218 1.535218 1.535218 1.567834 1.567834 1.599269 1.599269 1.624836 1.624836 1.651656 1.651656 1.674192 1.674192
1.484721 1.484721 1.547108 1.577519 1.482991 1.482991 1.407732 1.373353 1.373353 1.343200 1.343200 1.315071 1.301971 1.289978 1.279470 1.279470 1.279929 1.280094 1.277146 1.271397 1.263382 1.253707 1.243015 1.232063 1.221898 1.214109 1.211244 1.217718 1.241740 1.304186 1.304186 1.494918 1.603811 1.698331 1.714179 1.714179 1.721332 1.721332 1.729945 1.729945 1.737209 1.729458 1.729458 1.670186 1.670186 1.623651 1.623651 1.623651 1.642499 1.642499 1.667928 1.667928 1.690673 1.690673 1.713378 1.713378 1.732759 1.732759
1.485552 1.485552 1.547369 1.577808 1.485352 1.485352 1.408529 1.375600 1.375600 1.348250 1.348250 1.325266 1.315999 1.308859 1.304193 1.304193 1.317323 1.321003 1.320197 1.315782 1.308843 1.300489 1.291751 1.283593 1.277000 1.273110 1.273467 1.280997 1.301978 1.353593 1.353593 1.510211 1.595896 1.661590 1.671797 1.671797 1.690367 1.690367 1.723058 1.723058 1.741606 1.765568 1.765568 1.747740 1.747740 1.700935 1.700935 1.700935 1.706564 1.706564 1.724047 1.724047 1.742657 1.742657 1.761330 1.761330 1.777250 1.777250
1.485824 1.485824 1.547452 1.578025 1.487463 1.487463 1.409435 1.377935 1.377935 1.353260 1.353260 1.335125 1.329507 1.327161 1.328765 1.328765 1.357513 1.365043 1.366145 1.362312 1.355186 1.346380 1.337350 1.329351 1.323448 1.320472 1.320878 1.326037 1.340992 1.380486 1.380486 1.503643 1.564743 1.603257 1.616227 1.616227 1.658032 1.658032 1.713027 1.713027 1.739940 1.782947 1.782947 1.795469 1.795469 1.765479 1.765479 1.765479 1.762601 1.762601 1.771699 1.771699 1.784821 1.784821 1.798803 1.798803 1.810916 1.810916
1.485535 1.485535 1.547371 1.578147 1.489245 1.489245 1.410401 1.380246 1.380246 1.358028 1.358028 1.344336 1.342116 1.344437 1.352772 1.352772 1.401526 1.413267 1.416132 1.412335 1.404096 1.393568 1.382659 1.372956 1.365678 1.361387 1.358829 1.357057 1.361027 1.385936 1.385936 1.468632 1.505503 1.531764 1.557919 1.557919 1.627766 1.627766 1.700499 1.700499 1.733553 1.788823 1.788823 1.821078 1.821078 1.814831 1.814831 1.814831 1.810202 1.810202 1.812696 1.812696 1.819716 1.819716 1.828359 1.828359 1.836126 1.836126
1.484688 1.484688 1.547112 1.578181 1.490571 1.490571 1.411430 1.382466 1.382466 1.362425 1.362425 1.352687 1.353544 1.360252 1.375493 1.375493 1.450571 1.466735 1.471166 1.466875 1.456665 1.443284 1.429163 1.416288 1.406108 1.398979 1.390183 1.374261 1.359190 1.363087 1.363087 1.407405 1.421371 1.455652 1.502960 1.502960 1.599294 1.599294 1.685438 1.685438 1.723238 1.787214 1.787214 1.832161 1.832161 1.848815 1.848815 1.848815 1.848099 1.848099 1.847261 1.847261 1.848716 1.848716 1.851639 1.851639 1.854512 1.854512
1.483326 1.483326 1.546613 1.578156 1.491259 1.491259 1.412550 1.384520 1.384520 1.366325 1.366325 1.359999 1.363558 1.374207 1.395802 1.395802 1.506994 1.526965 1.532008 1.526416 1.513411 1.496181 1.477647 1.460266 1.445874 1.435032 1.415103 1.371836 1.326929 1.304592 1.304592 1.313125 1.325708 1.398209 1.449705 1.449705 1.573604 1.573604 1.669926 1.669926 1.711389 1.781608 1.781608 1.834743 1.834743 1.869844 1.869844 1.869844 1.875934 1.875934 1.875047 1.875047 1.872419 1.872419 1.869815 1.869815 1.867488 1.867488
