simulation_files/asc/Velocity____65.0.asc
NCOLS        79
NROWS        79
XLLCENTER         -1.500000
YLLCENTER         -4.800000
CELLSIZE           0.100
NODATA_VALUE     -9999.0
[rows 0 to 26 of 79, columns 0 to 59 of 79]
-9999.000 -9999.000 -9999.000 -9999.000 -9999.000 -9999.000 -9999.000 -9999.000 -9999.000 -9999.000 -9999.000 -9999.000 -9999.000 -9999.000 -9999.000 0.2354005 0.2343022 0.2345160 0.2348463 0.2352048 0.2355875 0.2360045 0.2364695 0.2369983 0.2376118 0.2383406 0.2392345 0.2403786 0.2417836 0.2388981 0.2388981 -9999.000 -9999.000 -9999.000 -9999.000 -9999.000 -9999.000 -9999.000 -9999.000 -9999.000 -9999.000 -9999.000 -9999.000 -9999.000 -9999.000 -9999.000 -9999.000 -9999.000 -9999.000 -9999.000 -9999.000 -9999.000 -9999.000 -9999.000 -9999.000 -9999.000 -9999.000 -9999.000 -9999.000 -9999.000
-9999.000 -9999.000 -9999.000 -9999.000 -9999.000 -9999.000 -9999.000 -9999.000 -9999.000 -9999.000 -9999.000 -9999.000 -9999.000 -9999.000 -9999.000 0.2320785 0.2295794 0.2299934 0.2306586 0.2313814 0.2321463 0.2329700 0.2338788 0.2349068 0.2361003 0.2375302 0.2393103 0.2416228 0.2444706 0.2389545 0.2389545 -9999.000 -9999.000 -9999.000 -9999.000 -9999.000 -9999.000 -9999.000 -9999.000 -9999.000 -9999.000 -9999.000 -9999.000 -9999.000 -9999.000 -9999.000 -9999.000 -9999.000 -9999.000 -9999.000 -9999.000 -9999.000 -9999.000 -9999.000 -9999.000 -9999.000 -9999.000 -9999.000 -9999.000 -9999.000
-9999.000 -9999.000 -9999.000 -9999.000 -9999.000 -9999.000 -9999.000 -9999.000 -9999.000 -9999.000 -9999.000 -9999.000 -9999.000 -9999.000 -9999.000 0.2271067 0.2229903 0.2236822 0.2248497 0.2261580 0.2275697 0.2291055 0.2308063 0.2327289 0.2349512 0.2375875 0.2408129 0.2448868 0.2497249 0.2416014 0.2416014 -9999.000 -9999.000 -9999.000 -9999.000 -9999.000 -9999.000 -9999.000 -9999.000 -9999.000 -9999.000 -9999.000 -9999.000 -9999.000 -9999.000 -9999.000 -9999.000 -9999.000 -9999.000 -9999.000 -9999.000 -9999.000 -9999.000 -9999.000 -9999.000 -9999.000 -9999.000 -9999.000 -9999.000 -9999.000
-9999.000 -9999.000 -9999.000 -9999.000 -9999.000 -9999.000 -9999.000 -9999.000 -9999.000 -9999.000 -9999.000 -9999.000 -9999.000 -9999.000 -9999.000 0.2209935 0.2152680 0.2163239 0.2181228 0.2201774 0.2224254 0.2248892 0.2276228 0.2307038 0.2342411 0.2383926 0.2433954 0.2495918 0.2568105 0.2465602 0.2465602 -9999.000 -9999.000 -9999.000 -9999.000 -9999.000 -9999.000 -9999.000 -9999.000 -9999.000 -9999.000 -9999.000 -9999.000 -9999.000 -9999.000 -9999.000 -9999.000 -9999.000 -9999.000 -9999.000 -9999.000 -9999.000 -9999.000 -9999.000 -9999.000 -9999.000 -9999.000 -9999.000 -9999.000 -9999.000
-9999.000 -9999.000 -9999.000 -9999.000 -9999.000 -9999.000 -9999.000 -9999.000 -9999.000 -9999.000 -9999.000 -9999.000 -9999.000 -9999.000 -9999.000 0.2137849 0.2065218 0.2080293 0.2105809 0.2135276 0.2167793 0.2203585 0.2243329 0.2288018 0.2339075 0.2398566 0.2469576 0.2556508 0.2656892 0.2538657 0.2538657 -9999.000 -9999.000 -9999.000 -9999.000 -9999.000 -9999.000 -9999.000 -9999.000 -9999.000 -9999.000 -9999.000 -9999.000 -9999.000 -9999.000 -9999.000 -9999.000 -9999.000 -9999.000 -9999.000 -9999.000 -9999.000 -9999.000 -9999.000 -9999.000 -9999.000 -9999.000 -9999.000 -9999.000 -9999.000
-9999.000 -9999.000 -9999.000 -9999.000 -9999.000 -9999.000 -9999.000 -9999.000 -9999.000 -9999.000 -9999.000 -9999.000 -9999.000 -9999.000 -9999.000 0.2054722 0.1968216 0.1988754 0.2022963 0.2062702 0.2106773 0.2155408 0.2209425 0.2270073 0.2339167 0.2419362 0.2514617 0.2630571 0.2764264 0.2636937 0.2636937 -9999.000 -9999.000 -9999.000 -9999.000 -9999.000 -9999.000 -9999.000 -9999.000 -9999.000 -9999.000 -9999.000 -9999.000 -9999.000 -9999.000 -9999.000 -9999.000 -9999.000 -9999.000 -9999.000 -9999.000 -9999.000 -9999.000 -9999.000 -9999.000 -9999.000 -9999.000 -9999.000 -9999.000 -9999.000
-9999.000 -9999.000 -9999.000 -9999.000 -9999.000 -9999.000 -9999.000 -9999.000 -9999.000 -9999.000 -9999.000 -9999.000 -9999.000 -9999.000 -9999.000 0.1959933 0.1862038 0.1889136 0.1933218 0.1984539 0.2041599 0.2104644 0.2174663 0.2253220 0.2342610 0.2446236 0.2569175 0.2718672 0.2891814 0.2763639 0.2763639 -9999.000 -9999.000 -9999.000 -9999.000 -9999.000 -9999.000 -9999.000 -9999.000 -9999.000 -9999.000 -9999.000 -9999.000 -9999.000 -9999.000 -9999.000 -9999.000 -9999.000 -9999.000 -9999.000 -9999.000 -9999.000 -9999.000 -9999.000 -9999.000 -9999.000 -9999.000 -9999.000 -9999.000 -9999.000
-9999.000 -9999.000 -9999.000 -9999.000 -9999.000 -9999.000 -9999.000 -9999.000 -9999.000 -9999.000 -9999.000 -9999.000 -9999.000 -9999.000 -9999.000 0.1852361 0.1746760 0.1781762 0.1836996 0.1901244 0.1972714 0.2051683 0.2139359 0.2237691 0.2349594 0.2479432 0.2633757 0.2821976 0.3042096 0.2923702 0.2923702 -9999.000 -9999.000 -9999.000 -9999.000 -9999.000 -9999.000 -9999.000 -9999.000 -9999.000 -9999.000 -9999.000 -9999.000 -9999.000 -9999.000 -9999.000 -9999.000 -9999.000 -9999.000 -9999.000 -9999.000 -9999.000 -9999.000 -9999.000 -9999.000 -9999.000 -9999.000 -9999.000 -9999.000 -9999.000
-9999.000 -9999.000 -9999.000 -9999.000 -9999.000 -9999.000 -9999.000 -9999.000 -9999.000 -9999.000 -9999.000 -9999.000 -9999.000 -9999.000 -9999.000 0.1730427 0.1622222 0.1666852 0.1734723 0.1813367 0.1900728 0.1997142 0.2104091 0.2224016 0.2360627 0.2519551 0.2709298 0.2942265 0.3218793 0.3124459 0.3124459 -9999.000 -9999.000 -9999.000 -9999.000 -9999.000 -9999.000 -9999.000 -9999.000 -9999.000 -9999.000 -9999.000 -9999.000 -9999.000 -9999.000 -9999.000 -9999.000 -9999.000 -9999.000 -9999.000 -9999.000 -9999.000 -9999.000 -9999.000 -9999.000 -9999.000 -9999.000 -9999.000 -9999.000 -9999.000
-9999.000 -9999.000 -9999.000 -9999.000 -9999.000 -9999.000 -9999.000 -9999.000 -9999.000 -9999.000 -9999.000 -9999.000 -9999.000 -9999.000 -9999.000 0.1592153 0.1488093 0.1544634 0.1626974 0.1721728 0.1826611 0.1942057 0.2069894 0.2213192 0.2376685 0.2567650 0.2797248 0.3082048 0.3427011 0.3376852 0.3376852 -9999.000 -9999.000 -9999.000 -9999.000 -9999.000 -9999.000 -9999.000 -9999.000 -9999.000 -9999.000 -9999.000 -9999.000 -9999.000 -9999.000 -9999.000 -9999.000 -9999.000 -9999.000 -9999.000 -9999.000 -9999.000 -9999.000 -9999.000 -9999.000 -9999.000 -9999.000 -9999.000 -9999.000 -9999.000
-9999.000 -9999.000 -9999.000 -9999.000 -9999.000 -9999.000 -9999.000 -9999.000 -9999.000 -9999.000 -9999.000 -9999.000 -9999.000 -9999.000 -9999.000 0.1435234 0.1343972 0.1415530 0.1514738 0.1627720 0.1752018 0.1888223 0.2038606 0.2207029 0.2399528 0.2625538 0.2899793 0.3244785 0.3673780 0.3697690 0.3697690 -9999.000 -9999.000 -9999.000 -9999.000 -9999.000 -9999.000 -9999.000 -9999.000 -9999.000 -9999.000 -9999.000 -9999.000 -9999.000 -9999.000 -9999.000 -9999.000 -9999.000 -9999.000 -9999.000 -9999.000 -9999.000 -9999.000 -9999.000 -9999.000 -9999.000 -9999.000 -9999.000 -9999.000 -9999.000
-9999.000 -9999.000 -9999.000 -9999.000 -9999.000 -9999.000 -9999.000 -9999.000 -9999.000 -9999.000 -9999.000 -9999.000 -9999.000 -9999.000 -9999.000 0.1257116 0.1189573 0.1280515 0.1399896 0.1533866 0.1679900 0.1838845 0.2013548 0.2208843 0.2432393 0.2696400 0.3020392 0.3435352 0.3968887 0.4114110 0.4114110 -9999.000 -9999.000 -9999.000 -9999.000 -9999.000 -9999.000 -9999.000 -9999.000 -9999.000 -9999.000 -9999.000 -9999.000 -9999.000 -9999.000 -9999.000 -9999.000 -9999.000 -9999.000 -9999.000 -9999.000 -9999.000 -9999.000 -9999.000 -9999.000 -9999.000 -9999.000 -9999.000 -9999.000 -9999.000
-9999.000 -9999.000 -9999.000 -9999.000 -9999.000 -9999.000 -9999.000 -9999.000 -9999.000 -9999.000 -9999.000 -9999.000 -9999.000 -9999.000 -9999.000 0.1055143 0.1025230 0.1141941 0.1286217 0.1444906 0.1615664 0.1799787 0.2000871 0.2224910 0.2481506 0.2786286 0.3165098 0.3661089 0.4326251 0.4673271 0.4673271 -9999.000 -9999.000 -9999.000 -9999.000 -9999.000 -9999.000 -9999.000 -9999.000 -9999.000 -9999.000 -9999.000 -9999.000 -9999.000 -9999.000 -9999.000 -9999.000 -9999.000 -9999.000 -9999.000 -9999.000 -9999.000 -9999.000 -9999.000 -9999.000 -9999.000 -9999.000 -9999.000 -9999.000 -9999.000
-9999.000 -9999.000 -9999.000 -9999.000 -9999.000 -9999.000 -9999.000 -9999.000 -9999.000 -9999.000 -9999.000 -9999.000 -9999.000 -9999.000 -9999.000 0.8265762E-01 0.8537631E-01 0.1006631 0.1183051 0.1371765 0.1571265 0.1783728 0.2013777 0.2268768 0.2560481 0.2908519 0.3346645 0.3935063 0.4766778 0.5466824 0.5466824 -9999.000 -9999.000 -9999.000 -9999.000 -9999.000 -9999.000 -9999.000 -9999.000 -9999.000 -9999.000 -9999.000 -9999.000 -9999.000 -9999.000 -9999.000 -9999.000 -9999.000 -9999.000 -9999.000 -9999.000 -9999.000 -9999.000 -9999.000 -9999.000 -9999.000 -9999.000 -9999.000 -9999.000 -9999.000
-9999.000 -9999.000 -9999.000 -9999.000 -9999.000 -9999.000 -9999.000 -9999.000 -9999.000 -9999.000 -9999.000 -9999.000 -9999.000 -9999.000 -9999.000 0.5728883E-01 0.7694053E-01 0.1013748 0.1246212 0.1470298 0.1692576 0.1920674 0.2163381 0.2431756 0.2741534 0.3117806 0.3604394 0.4284801 0.5319498 0.6686881 0.6686881 -9999.000 -9999.000 -9999.000 -9999.000 -9999.000 -9999.000 -9999.000 -9999.000 -9999.000 -9999.000 -9999.000 -9999.000 -9999.000 -9999.000 -9999.000 -9999.000 -9999.000 -9999.000 -9999.000 -9999.000 -9999.000 -9999.000 -9999.000 -9999.000 -9999.000 -9999.000 -9999.000 -9999.000 -9999.000
1.589598 1.589598 1.650573 1.686683 1.695954 1.695954 1.702531 1.710391 1.710391 1.714311 1.714311 1.608668 1.379152 1.314313 1.243410 1.243410 1.093679 1.029382 0.9585294 0.8834576 0.8070622 0.7328898 0.6650305 0.6079963 0.5667316 0.5469371 0.5559844 0.6052254 0.7156221 0.9470390 0.9470390 1.555265 1.754183 1.825722 1.791686 1.791686 1.660897 1.660897 1.475874 1.475874 1.145727 0.9135416 0.9135416 0.9023735 0.9023735 0.9412335 0.9412335 0.9412335 0.9904533 0.9904533 1.033784 1.033784 1.070194 1.070194 1.114693 1.114693 1.142308 1.142308 1.142308 1.162660
1.603823 1.603823 1.670410 1.720112 1.736776 1.736776 1.750826 1.773731 1.773731 1.792677 1.792677 1.747332 1.490259 1.435047 1.385946 1.385946 1.325557 1.299398 1.265290 1.222718 1.172024 1.114467 1.052342 0.9891827 0.9300609 0.8820043 0.8546309 0.8613357 0.9216980 1.069212 1.069212 1.512188 1.666510 1.768569 1.783072 1.783072 1.764792 1.764792 1.681629 1.681629 1.526574 1.206957 1.206957 1.200767 1.200767 1.250175 1.250175 1.250175 1.302673 1.302673 1.349794 1.349794 1.376592 1.376592 1.431345 1.431345 1.465261 1.465261 1.465261 1.492525
1.606908 1.606908 1.672120 1.720556 1.737213 1.737213 1.751365 1.774621 1.774621 1.794005 1.794005 1.768304 1.511563 1.455451 1.420236 1.420236 1.390387 1.382186 1.369804 1.351894 1.327730 1.297227 1.261070 1.220922 1.179726 1.142163 1.115347 1.110030 1.142943 1.244753 1.244753 1.587277 1.726936 1.840913 1.866920 1.866920 1.871539 1.871539 1.819845 1.819845 1.737572 1.467892 1.467892 1.418511 1.418511 1.453863 1.453863 1.453863 1.501892 1.501892 1.542880 1.542880 1.574723 1.574723 1.614635 1.614635 1.643543 1.643543 1.643543 1.666024
1.609228 1.609228 1.673558 1.720723 1.737231 1.737231 1.751328 1.774585 1.774585 1.793997 1.793997 1.779810 1.533938 1.467468 1.441512 1.441512 1.427942 1.427492 1.424748 1.418833 1.409233 1.395728 1.378473 1.358194 1.336457 1.316047 1.301529 1.300214 1.324351 1.400315 1.400315 1.664031 1.785707 1.892193 1.915322 1.915322 1.921204 1.921204 1.890824 1.890824 1.851712 1.670340 1.670340 1.578093 1.578093 1.600615 1.600615 1.600615 1.641647 1.641647 1.677706 1.677706 1.706477 1.706477 1.738553 1.738553 1.763784 1.763784 1.763784 1.783038
1.610935 1.610935 1.674703 1.720893 1.737250 1.737250 1.751285 1.774534 1.774534 1.793969 1.793969 1.788371 1.562704 1.478711 1.460461 1.460461 1.460837 1.465472 1.467858 1.467764 1.465286 1.460649 1.454192 1.446459 1.438395 1.431627 1.428876 1.434620 1.456923 1.517268 1.517268 1.727332 1.827930 1.915223 1.929507 1.929507 1.928647 1.928647 1.916824 1.916824 1.904852 1.811347 1.811347 1.712442 1.712442 1.706945 1.706945 1.706945 1.740549 1.740549 1.772718 1.772718 1.799205 1.799205 1.826135 1.826135 1.848337 1.848337 1.848337 1.865070
1.612111 1.612111 1.675516 1.721045 1.737273 1.737273 1.751252 1.774490 1.774490 1.793946 1.793946 1.794629 1.596259 1.489821 1.478745 1.478745 1.493947 1.503436 1.509712 1.513072 1.514164 1.513740 1.512577 1.511452 1.511220 1.512968 1.518242 1.529267 1.550402 1.599953 1.599953 1.768689 1.848162 1.906566 1.910217 1.910217 1.907624 1.907624 1.917700 1.917700 1.924185 1.897037 1.897037 1.823831 1.823831 1.791829 1.791829 1.791829 1.815218 1.815218 1.842565 1.842565 1.866546 1.866546 1.889615 1.889615 1.908772 1.908772 1.908772 1.923039
1.612801 1.612801 1.675995 1.721150 1.737293 1.737293 1.751232 1.774459 1.774459 1.793931 1.793931 1.799170 1.632700 1.500784 1.496590 1.496590 1.528823 1.543592 1.553627 1.559689 1.562866 1.564335 1.565309 1.566929 1.570235 1.576191 1.585664 1.598853 1.616169 1.653606 1.653606 1.786682 1.841937 1.864941 1.862178 1.862178 1.871441 1.871441 1.906238 1.906238 1.925860 1.941304 1.941304 1.906840 1.906840 1.863787 1.863787 1.863787 1.875418 1.875418 1.896218 1.896218 1.916788 1.916788 1.936069 1.936069 1.951927 1.951927 1.951927 1.963582
1.613028 1.613028 1.676153 1.721187 1.737301 1.737301 1.751225 1.774448 1.774448 1.793926 1.793926 1.802449 1.669985 1.511834 1.513883 1.513883 1.566441 1.587042 1.601030 1.609640 1.614337 1.616593 1.617987 1.620034 1.624077 1.631185 1.641887 1.653888 1.662073 1.681542 1.681542 1.777038 1.802814 1.795422 1.796311 1.796311 1.830949 1.830949 1.889009 1.889009 1.917953 1.959131 1.959131 1.959689 1.959689 1.924263 1.924263 1.924263 1.926156 1.926156 1.939330 1.939330 1.955095 1.955095 1.970115 1.970115 1.982423 1.982423 1.982423 1.991305
1.612801 1.612801 1.675995 1.721150 1.737293 1.737293 1.751232 1.774459 1.774459 1.793931 1.793931 1.804801 1.705660 1.523817 1.530214 1.530214 1.607781 1.634826 1.652982 1.664060 1.670058 1.672600 1.673494 1.674565 1.677523 1.683737 1.693629 1.700584 1.689706 1.681848 1.681848 1.732761 1.726382 1.711405 1.726133 1.726133 1.791842 1.791842 1.868692 1.868692 1.904275 1.961303 1.961303 1.987311 1.987311 1.971678 1.971678 1.971678 1.968904 1.968904 1.975029 1.975029 1.984926 1.984926 1.995028 1.995028 2.003318 2.003318 2.003318 2.009185
1.612111 1.612111 1.675516 1.721045 1.737273 1.737273 1.751252 1.774490 1.774490 1.793947 1.793947 1.806473 1.732741 1.540895 1.545056 1.545056 1.655410 1.688254 1.710240 1.723836 1.730955 1.733427 1.733276 1.732602 1.733421 1.737390 1.744648 1.740103 1.692893 1.649039 1.649039 1.649571 1.618929 1.627312 1.659899 1.659899 1.755303 1.755303 1.846393 1.846393 1.886924 1.954397 1.954397 1.997340 1.997340 2.005042 2.005042 2.005042 2.003259 2.003259 2.004522 2.004522 2.008455 2.008455 2.013042 2.013042 2.016800 2.016800 2.016800 2.019406
1.610935 1.610935 1.674703 1.720893 1.737249 1.737249 1.751285 1.774534 1.774534 1.793969 1.793969 1.807641 1.749009 1.560296 1.558414 1.558414 1.710094 1.748702 1.774662 1.790474 1.798288 1.800191 1.798416 1.795297 1.793128 1.793845 1.796626 1.767406 1.655264 1.571128 1.571128 1.526999 1.500410 1.552506 1.596885 1.596885 1.721903 1.721903 1.823845 1.823845 1.868172 1.942822 1.942822 1.996710 1.996710 2.025452 2.025452 2.025452 2.028657 2.028657 2.027904 2.027904 2.026698 2.026698 2.025590 2.025590 2.024486 2.024486 2.024486 2.023709
1.609228 1.609228 1.673558 1.720723 1.737230 1.737230 1.751327 1.774585 1.774585 1.793997 1.793997 1.808435 1.760247 1.579253 1.570480 1.570480 1.774014 1.818750 1.848062 1.865312 1.873098 1.873778 1.869751 1.863525 1.857622 1.854240 1.849511 1.757096 1.564565 1.450565 1.450565 1.386681 1.386151 1.487161 1.550130 1.550130 1.690836 1.690836 1.801972 1.801972 1.849174 1.928686 1.928686 1.989539 1.989539 2.034609 2.034609 2.034609 2.044345 2.044345 2.043976 2.043976 2.039044 2.039044 2.032683 2.032683 2.026819 2.026819 2.026819 2.022802
