simulation_files/asc/Velocity__y_125.0.asc
NCOLS        79
NROWS        79
XLLCENTER         -1.500000
YLLCENTER         -4.800000
CELLSIZE           0.100
NODATA_VALUE     -9999.0
[rows 0 to 25 of 79, columns 0 to 58 of 79]
-9999.000 -9999.000 -9999.000 -9999.000 -9999.000 -9999.000 -9999.000 -9999.000 -9999.000 -9999.000 -9999.000 -9999.000 -9999.000 -9999.000 -9999.000 -0.1411112 -0.1399441 -0.1398863 -0.1399892 -0.1401746 -0.1404012 -0.1406378 -0.1408603 -0.1410460 -0.1412146 -0.1414251 -0.1418231 -0.1427163 -0.1446696 -0.1450238 -0.1450238 -9999.000 -9999.000 -9999.000 -9999.000 -9999.000 -9999.000 -9999.000 -9999.000 -9999.000 -9999.000 -9999.000 -9999.000 -9999.000 -9999.000 -9999.000 -9999.000 -9999.000 -9999.000 -9999.000 -9999.000 -9999.000 -9999.000 -9999.000 -9999.000 -9999.000 -9999.000 -9999.000 -9999.000
-9999.000 -9999.000 -9999.000 -9999.000 -9999.000 -9999.000 -9999.000 -9999.000 -9999.000 -9999.000 -9999.000 -9999.000 -9999.000 -9999.000 -9999.000 -0.1391214 -0.1366660 -0.1365304 -0.1367525 -0.1371671 -0.1376849 -0.1382378 -0.1387734 -0.1392446 -0.1396940 -0.1402497 -0.1412190 -0.1432417 -0.1474736 -0.1487550 -0.1487550 -9999.000 -9999.000 -9999.000 -9999.000 -9999.000 -9999.000 -9999.000 -9999.000 -9999.000 -9999.000 -9999.000 -9999.000 -9999.000 -9999.000 -9999.000 -9999.000 -9999.000 -9999.000 -9999.000 -9999.000 -9999.000 -9999.000 -9999.000 -9999.000 -9999.000 -9999.000 -9999.000 -9999.000
-9999.000 -9999.000 -9999.000 -9999.000 -9999.000 -9999.000 -9999.000 -9999.000 -9999.000 -9999.000 -9999.000 -9999.000 -9999.000 -9999.000 -9999.000 -0.1358620 -0.1320365 -0.1318229 -0.1322331 -0.1330005 -0.1339760 -0.1350436 -0.1361144 -0.1371086 -0.1380955 -0.1392831 -0.1411672 -0.1447667 -0.1519065 -0.1548920 -0.1548920 -9999.000 -9999.000 -9999.000 -9999.000 -9999.000 -9999.000 -9999.000 -9999.000 -9999.000 -9999.000 -9999.000 -9999.000 -9999.000 -9999.000 -9999.000 -9999.000 -9999.000 -9999.000 -9999.000 -9999.000 -9999.000 -9999.000 -9999.000 -9999.000 -9999.000 -9999.000 -9999.000 -9999.000
-9999.000 -9999.000 -9999.000 -9999.000 -9999.000 -9999.000 -9999.000 -9999.000 -9999.000 -9999.000 -9999.000 -9999.000 -9999.000 -9999.000 -9999.000 -0.1319170 -0.1267912 -0.1265295 -0.1271825 -0.1283794 -0.1299082 -0.1316021 -0.1333312 -0.1349775 -0.1366347 -0.1385909 -0.1415357 -0.1468887 -0.1572023 -0.1625580 -0.1625580 -9999.000 -9999.000 -9999.000 -9999.000 -9999.000 -9999.000 -9999.000 -9999.000 -9999.000 -9999.000 -9999.000 -9999.000 -9999.000 -9999.000 -9999.000 -9999.000 -9999.000 -9999.000 -9999.000 -9999.000 -9999.000 -9999.000 -9999.000 -9999.000 -9999.000 -9999.000 -9999.000 -9999.000
-9999.000 -9999.000 -9999.000 -9999.000 -9999.000 -9999.000 -9999.000 -9999.000 -9999.000 -9999.000 -9999.000 -9999.000 -9999.000 -9999.000 -9999.000 -0.1274379 -0.1210705 -0.1207827 -0.1217192 -0.1234038 -0.1255577 -0.1279590 -0.1304341 -0.1328212 -0.1352383 -0.1380571 -0.1421739 -0.1494396 -0.1632088 -0.1716743 -0.1716743 -9999.000 -9999.000 -9999.000 -9999.000 -9999.000 -9999.000 -9999.000 -9999.000 -9999.000 -9999.000 -9999.000 -9999.000 -9999.000 -9999.000 -9999.000 -9999.000 -9999.000 -9999.000 -9999.000 -9999.000 -9999.000 -9999.000 -9999.000 -9999.000 -9999.000 -9999.000 -9999.000 -9999.000
-9999.000 -9999.000 -9999.000 -9999.000 -9999.000 -9999.000 -9999.000 -9999.000 -9999.000 -9999.000 -9999.000 -9999.000 -9999.000 -9999.000 -9999.000 -0.1225008 -0.1149524 -0.1146553 -0.1159063 -0.1181231 -0.1209570 -0.1241270 -0.1274135 -0.1306056 -0.1338477 -0.1376009 -0.1429855 -0.1523217 -0.1698613 -0.1823046 -0.1823046 -9999.000 -9999.000 -9999.000 -9999.000 -9999.000 -9999.000 -9999.000 -9999.000 -9999.000 -9999.000 -9999.000 -9999.000 -9999.000 -9999.000 -9999.000 -9999.000 -9999.000 -9999.000 -9999.000 -9999.000 -9999.000 -9999.000 -9999.000 -9999.000 -9999.000 -9999.000 -9999.000 -9999.000
-9999.000 -9999.000 -9999.000 -9999.000 -9999.000 -9999.000 -9999.000 -9999.000 -9999.000 -9999.000 -9999.000 -9999.000 -9999.000 -9999.000 -9999.000 -0.1171291 -0.1084707 -0.1081802 -0.1097704 -0.1125558 -0.1161140 -0.1201018 -0.1242510 -0.1282971 -0.1324140 -0.1371607 -0.1439020 -0.1554745 -0.1771469 -0.1946272 -0.1946272 -9999.000 -9999.000 -9999.000 -9999.000 -9999.000 -9999.000 -9999.000 -9999.000 -9999.000 -9999.000 -9999.000 -9999.000 -9999.000 -9999.000 -9999.000 -9999.000 -9999.000 -9999.000 -9999.000 -9999.000 -9999.000 -9999.000 -9999.000 -9999.000 -9999.000 -9999.000 -9999.000 -9999.000
-9999.000 -9999.000 -9999.000 -9999.000 -9999.000 -9999.000 -9999.000 -9999.000 -9999.000 -9999.000 -9999.000 -9999.000 -9999.000 -9999.000 -9999.000 -0.1113078 -0.1016292 -0.1013613 -0.1033128 -0.1066984 -0.1110192 -0.1158660 -0.1209206 -0.1258590 -0.1308899 -0.1366807 -0.1448661 -0.1588566 -0.1850861 -0.2089361 -0.2089361 -9999.000 -9999.000 -9999.000 -9999.000 -9999.000 -9999.000 -9999.000 -9999.000 -9999.000 -9999.000 -9999.000 -9999.000 -9999.000 -9999.000 -9999.000 -9999.000 -9999.000 -9999.000 -9999.000 -9999.000 -9999.000 -9999.000 -9999.000 -9999.000 -9999.000 -9999.000 -9999.000 -9999.000
-9999.000 -9999.000 -9999.000 -9999.000 -9999.000 -9999.000 -9999.000 -9999.000 -9999.000 -9999.000 -9999.000 -9999.000 -9999.000 -9999.000 -9999.000 -0.1049929 -0.9440767E-01 -0.9418093E-01 -0.9651425E-01 -0.1005292 -0.1056474 -0.1113896 -0.1173858 -0.1232472 -0.1292230 -0.1361024 -0.1458211 -0.1624328 -0.1937224 -0.2256623 -0.2256623 -9999.000 -9999.000 -9999.000 -9999.000 -9999.000 -9999.000 -9999.000 -9999.000 -9999.000 -9999.000 -9999.000 -9999.000 -9999.000 -9999.000 -9999.000 -9999.000 -9999.000 -9999.000 -9999.000 -9999.000 -9999.000 -9999.000 -9999.000 -9999.000 -9999.000 -9999.000 -9999.000 -9999.000
-9999.000 -9999.000 -9999.000 -9999.000 -9999.000 -9999.000 -9999.000 -9999.000 -9999.000 -9999.000 -9999.000 -9999.000 -9999.000 -9999.000 -9999.000 -0.9811535E-01 -0.8676532E-01 -0.8660175E-01 -0.8933675E-01 -0.9400886E-01 -0.9995643E-01 -0.1066268 -0.1135954 -0.1204033 -0.1273474 -0.1353540 -0.1466982 -0.1661620 -0.2031146 -0.2454234 -0.2454234 -9999.000 -9999.000 -9999.000 -9999.000 -9999.000 -9999.000 -9999.000 -9999.000 -9999.000 -9999.000 -9999.000 -9999.000 -9999.000 -9999.000 -9999.000 -9999.000 -9999.000 -9999.000 -9999.000 -9999.000 -9999.000 -9999.000 -9999.000 -9999.000 -9999.000 -9999.000 -9999.000 -9999.000
-9999.000 -9999.000 -9999.000 -9999.000 -9999.000 -9999.000 -9999.000 -9999.000 -9999.000 -9999.000 -9999.000 -9999.000 -9999.000 -9999.000 -9999.000 -0.9058198E-01 -0.7864121E-01 -0.7856604E-01 -0.8172230E-01 -0.8707748E-01 -0.9388380E-01 -0.1015104 -0.1094768 -0.1172464 -0.1251725 -0.1343385 -0.1474038 -0.1699838 -0.2133276 -0.2691086 -0.2691086 -9999.000 -9999.000 -9999.000 -9999.000 -9999.000 -9999.000 -9999.000 -9999.000 -9999.000 -9999.000 -9999.000 -9999.000 -9999.000 -9999.000 -9999.000 -9999.000 -9999.000 -9999.000 -9999.000 -9999.000 -9999.000 -9999.000 -9999.000 -9999.000 -9999.000 -9999.000 -9999.000 -9999.000
-9999.000 -9999.000 -9999.000 -9999.000 -9999.000 -9999.000 -9999.000 -9999.000 -9999.000 -9999.000 -9999.000 -9999.000 -9999.000 -9999.000 -9999.000 -0.8227102E-01 -0.6994998E-01 -0.6999169E-01 -0.7358783E-01 -0.7964972E-01 -0.8733977E-01 -0.9594447E-01 -0.1049246 -0.1136592 -0.1225679 -0.1329137 -0.1477969 -0.1737965 -0.2244185 -0.2980329 -0.2980329 -9999.000 -9999.000 -9999.000 -9999.000 -9999.000 -9999.000 -9999.000 -9999.000 -9999.000 -9999.000 -9999.000 -9999.000 -9999.000 -9999.000 -9999.000 -9999.000 -9999.000 -9999.000 -9999.000 -9999.000 -9999.000 -9999.000 -9999.000 -9999.000 -9999.000 -9999.000 -9999.000 -9999.000
-9999.000 -9999.000 -9999.000 -9999.000 -9999.000 -9999.000 -9999.000 -9999.000 -9999.000 -9999.000 -9999.000 -9999.000 -9999.000 -9999.000 -9999.000 -0.7302088E-01 -0.6057175E-01 -0.6076244E-01 -0.6481525E-01 -0.7160337E-01 -0.8019520E-01 -0.8978914E-01 -0.9978442E-01 -0.1094673 -0.1193362 -0.1308621 -0.1476536 -0.1774186 -0.2364052 -0.3342183 -0.3342183 -9999.000 -9999.000 -9999.000 -9999.000 -9999.000 -9999.000 -9999.000 -9999.000 -9999.000 -9999.000 -9999.000 -9999.000 -9999.000 -9999.000 -9999.000 -9999.000 -9999.000 -9999.000 -9999.000 -9999.000 -9999.000 -9999.000 -9999.000 -9999.000 -9999.000 -9999.000 -9999.000 -9999.000
-9999.000 -9999.000 -9999.000 -9999.000 -9999.000 -9999.000 -9999.000 -9999.000 -9999.000 -9999.000 -9999.000 -9999.000 -9999.000 -9999.000 -9999.000 -0.6255927E-01 -0.5030125E-01 -0.5068502E-01 -0.5521898E-01 -0.6275533E-01 -0.7226200E-01 -0.8284256E-01 -0.9383110E-01 -0.1044118 -0.1151777 -0.1278421 -0.1466067 -0.1805168 -0.2492004 -0.3809671 -0.3809671 -9999.000 -9999.000 -9999.000 -9999.000 -9999.000 -9999.000 -9999.000 -9999.000 -9999.000 -9999.000 -9999.000 -9999.000 -9999.000 -9999.000 -9999.000 -9999.000 -9999.000 -9999.000 -9999.000 -9999.000 -9999.000 -9999.000 -9999.000 -9999.000 -9999.000 -9999.000 -9999.000 -9999.000
-9999.000 -9999.000 -9999.000 -9999.000 -9999.000 -9999.000 -9999.000 -9999.000 -9999.000 -9999.000 -9999.000 -9999.000 -9999.000 -9999.000 -9999.000 -0.4366100E-01 -0.3607107E-01 -0.3822051E-01 -0.4434833E-01 -0.5339622E-01 -0.6429434E-01 -0.7611161E-01 -0.8817364E-01 -0.9961098E-01 -0.1111737 -0.1248747 -0.1455933 -0.1839082 -0.2634788 -0.4424086 -0.4424086 -9999.000 -9999.000 -9999.000 -9999.000 -9999.000 -9999.000 -9999.000 -9999.000 -9999.000 -9999.000 -9999.000 -9999.000 -9999.000 -9999.000 -9999.000 -9999.000 -9999.000 -9999.000 -9999.000 -9999.000 -9999.000 -9999.000 -9999.000 -9999.000 -9999.000 -9999.000 -9999.000 -9999.000
-0.2251402E-02 -0.2251402E-02 -0.5347547E-02 -0.5427268E-02 -0.5400398E-02 -0.5400398E-02 -0.5379044E-02 -0.5352729E-02 -0.5352729E-02 -0.5329723E-02 -0.5329723E-02 -0.5300161E-02 -0.5282985E-02 -0.5265030E-02 -0.5246525E-02 -0.5246525E-02 -0.3965436E-01 -0.4607188E-01 -0.5589906E-01 -0.6979350E-01 -0.8684627E-01 -0.1057567 -0.1252796 -0.1438207 -0.1611828 -0.1780957 -0.1972620 -0.2255817 -0.2794884 -0.4173470 -0.4173470 -0.2087821 -0.9976897E-01 -0.2133332E-01 -0.1169418E-01 -0.1169418E-01 -0.3561402E-02 -0.3561402E-02 0.7722066E-02 0.7722066E-02 0.7949653E-02 -0.2735649E-01 -0.2735649E-01 -0.8302440E-02 -0.8302440E-02 0.8904572E-02 0.8904572E-02 0.8904572E-02 0.9072355E-02 0.9072355E-02 0.7526418E-02 0.7526418E-02 0.5398948E-02 0.5398948E-02 0.3241252E-02 0.3241252E-02 0.1350855E-02 0.1350855E-02 0.1350855E-02
-0.3444283E-02 -0.3444283E-02 -0.7929037E-02 -0.7738268E-02 -0.7624106E-02 -0.7624106E-02 -0.7561693E-02 -0.7522871E-02 -0.7522871E-02 -0.7513252E-02 -0.7513252E-02 -0.7493651E-02 -0.7479019E-02 -0.7462682E-02 -0.7445024E-02 -0.7445024E-02 -0.5323955E-01 -0.6534831E-01 -0.8108134E-01 -0.1023559 -0.1286174 -0.1584306 -0.1901209 -0.2216940 -0.2517226 -0.2791361 -0.3034906 -0.3257028 -0.3496947 -0.3856099 -0.3856099 -0.2425754 -0.1446969 -0.5465598E-01 -0.3673261E-01 -0.3673261E-01 -0.8826477E-02 -0.8826477E-02 0.3080585E-01 0.3080585E-01 0.4324968E-01 -0.9148499E-02 -0.9148499E-02 -0.3845218E-02 -0.3845218E-02 0.1518780E-01 0.1518780E-01 0.1518780E-01 0.1646887E-01 0.1646887E-01 0.1345541E-01 0.1345541E-01 0.9157739E-02 0.9157739E-02 0.4985398E-02 0.4985398E-02 0.1655217E-02 0.1655217E-02 0.1655217E-02
-0.2815081E-02 -0.2815081E-02 -0.6413257E-02 -0.6613853E-02 -0.6470114E-02 -0.6470114E-02 -0.6381701E-02 -0.6339220E-02 -0.6339220E-02 -0.6357573E-02 -0.6357573E-02 -0.6367143E-02 -0.6365500E-02 -0.6361154E-02 -0.6354838E-02 -0.6354838E-02 -0.4884339E-01 -0.6662155E-01 -0.8693434E-01 -0.1123771 -0.1432530 -0.1787474 -0.2175616 -0.2583928 -0.2993851 -0.3388004 -0.3749715 -0.4063211 -0.4316671 -0.4481093 -0.4481093 -0.3527811 -0.2665151 -0.1489051 -0.1078890 -0.1078890 -0.2810723E-01 -0.2810723E-01 0.6441742E-01 0.6441742E-01 0.1012262 0.7316240E-01 0.7316240E-01 0.3160280E-01 0.3160280E-01 0.2208326E-01 0.2208326E-01 0.2208326E-01 0.1966674E-01 0.1966674E-01 0.1412455E-01 0.1412455E-01 0.7709861E-02 0.7709861E-02 0.2155128E-02 0.2155128E-02 -0.1612903E-02 -0.1612903E-02 -0.1612903E-02
-0.2206721E-02 -0.2206721E-02 -0.4987154E-02 -0.5379163E-02 -0.5226610E-02 -0.5226610E-02 -0.5120362E-02 -0.5061842E-02 -0.5061842E-02 -0.5082428E-02 -0.5082428E-02 -0.5096588E-02 -0.5096830E-02 -0.5093824E-02 -0.5088903E-02 -0.5088903E-02 -0.4254688E-01 -0.6498951E-01 -0.8968700E-01 -0.1186222 -0.1525042 -0.1910703 -0.2335154 -0.2789313 -0.3258523 -0.3726602 -0.4175475 -0.4584069 -0.4924074 -0.5135931 -0.5135931 -0.4492467 -0.3795546 -0.2523228 -0.1901416 -0.1901416 -0.5011509E-01 -0.5011509E-01 0.9482612E-01 0.9482612E-01 0.1491971 0.1576847 0.1576847 0.8861919E-01 0.8861919E-01 0.3445317E-01 0.3445317E-01 0.3445317E-01 0.2055096E-01 0.2055096E-01 0.1006399E-01 0.1006399E-01 0.1309643E-02 0.1309643E-02 -0.5063107E-02 -0.5063107E-02 -0.8469443E-02 -0.8469443E-02 -0.8469443E-02
-0.1626147E-02 -0.1626147E-02 -0.3656426E-02 -0.4088779E-02 -0.3953452E-02 -0.3953452E-02 -0.3850763E-02 -0.3789165E-02 -0.3789165E-02 -0.3807994E-02 -0.3807994E-02 -0.3822870E-02 -0.3823784E-02 -0.3821680E-02 -0.3817785E-02 -0.3817785E-02 -0.3725169E-01 -0.6366984E-01 -0.9307146E-01 -0.1260055 -0.1630492 -0.2042371 -0.2491474 -0.2972049 -0.3473759 -0.3983584 -0.4485469 -0.4958484 -0.5370825 -0.5656732 -0.5656732 -0.5291831 -0.4755286 -0.3406666 -0.2557199 -0.2557199 -0.5807050E-01 -0.5807050E-01 0.1178710 0.1178710 0.1779353 0.2114502 0.2114502 0.1452609 0.1452609 0.5175485E-01 0.5175485E-01 0.5175485E-01 0.2269344E-01 0.2269344E-01 0.5051634E-02 0.5051634E-02 -0.6697240E-02 -0.6697240E-02 -0.1381991E-01 -0.1381991E-01 -0.1648365E-01 -0.1648365E-01 -0.1648365E-01
-0.1069502E-02 -0.1069502E-02 -0.2397541E-02 -0.2752898E-02 -0.2653143E-02 -0.2653143E-02 -0.2572943E-02 -0.2522265E-02 -0.2522265E-02 -0.2536603E-02 -0.2536603E-02 -0.2548781E-02 -0.2549871E-02 -0.2548467E-02 -0.2545796E-02 -0.2545796E-02 -0.3386364E-01 -0.6383368E-01 -0.9820924E-01 -0.1358389 -0.1767166 -0.2209004 -0.2682179 -0.3183613 -0.3706689 -0.4241726 -0.4775552 -0.5289554 -0.5753321 -0.6102981 -0.6102981 -0.5950334 -0.5529760 -0.3968758 -0.2844748 -0.2844748 -0.4709488E-01 -0.4709488E-01 0.1290875 0.1290875 0.1853736 0.2307226 0.2307226 0.1856823 0.1856823 0.7251953E-01 0.7251953E-01 0.7251953E-01 0.2780223E-01 0.2780223E-01 0.1266139E-02 0.1266139E-02 -0.1446608E-01 -0.1446608E-01 -0.2257740E-01 -0.2257740E-01 -0.2434123E-01 -0.2434123E-01 -0.2434123E-01
-0.5301738E-03 -0.5301738E-03 -0.1186810E-02 -0.1384709E-02 -0.1332144E-02 -0.1332144E-02 -0.1288254E-02 -0.1259884E-02 -0.1259884E-02 -0.1267778E-02 -0.1267778E-02 -0.1274484E-02 -0.1275090E-02 -0.1274400E-02 -0.1273003E-02 -0.1273003E-02 -0.3308529E-01 -0.6668009E-01 -0.1062747 -0.1492205 -0.1946632 -0.2424307 -0.2924562 -0.3446469 -0.3986682 -0.4538869 -0.5092998 -0.5633415 -0.6132608 -0.6528793 -0.6528793 -0.6509100 -0.6103963 -0.4066035 -0.2690434 -0.2690434 -0.2748636E-01 -0.2748636E-01 0.1259705 0.1259705 0.1746924 0.2240738 0.2240738 0.2035892 0.2035892 0.9299356E-01 0.9299356E-01 0.9299356E-01 0.3582535E-01 0.3582535E-01 -0.8614874E-04 -0.8614874E-04 -0.2066588E-01 -0.2066588E-01 -0.3016070E-01 -0.3016070E-01 -0.3107460E-01 -0.3107460E-01 -0.3107460E-01
-0.4640763E-07 -0.4640763E-07 -0.4291197E-07 0.1263448E-07 -0.6576626E-07 -0.6576626E-07 -0.4333674E-07 -0.3196844E-07 -0.3196844E-07 -0.1142678E-06 -0.1142678E-06 -0.5603685E-07 -0.5027649E-07 -0.3769812E-07 0.1047879E-06 0.1047879E-06 -0.3568159E-01 -0.7364965E-01 -0.1188798 -0.1676807 -0.2183313 -0.2702602 -0.3233673 -0.3777107 -0.4332459 -0.4896816 -0.5463605 -0.6020539 -0.6542881 -0.6963660 -0.6963660 -0.6972910 -0.6388557 -0.3656237 -0.2223939 -0.2223939 -0.1329471E-01 -0.1329471E-01 0.1106877 0.1106877 0.1521848 0.2019314 0.2019314 0.2010434 0.2010434 0.1085310 0.1085310 0.1085310 0.4511989E-01 0.4511989E-01 0.1238488E-02 0.1238488E-02 -0.2439012E-01 -0.2439012E-01 -0.3559709E-01 -0.3559709E-01 -0.3587100E-01 -0.3587100E-01 -0.3587100E-01
0.5301905E-03 0.5301905E-03 0.1186660E-02 0.1384740E-02 0.1332083E-02 0.1332083E-02 0.1288181E-02 0.1259820E-02 0.1259820E-02 0.1267587E-02 0.1267587E-02 0.1274382E-02 0.1275045E-02 0.1274387E-02 0.1273026E-02 0.1273026E-02 -0.4272621E-01 -0.8657932E-01 -0.1382228 -0.1934069 -0.2497557 -0.3062780 -0.3627540 -0.4193280 -0.4762002 -0.5334145 -0.5906873 -0.6471602 -0.7004504 -0.7410728 -0.7410728 -0.7259659 -0.6177604 -0.2933292 -0.1712722 -0.1712722 -0.1015328E-01 -0.1015328E-01 0.8870885E-01 0.8870885E-01 0.1243940 0.1722711 0.1722711 0.1838737 0.1838737 0.1155550 0.1155550 0.1155550 0.5311827E-01 0.5311827E-01 0.4580865E-02 0.4580865E-02 -0.2522276E-01 -0.2522276E-01 -0.3813202E-01 -0.3813202E-01 -0.3804034E-01 -0.3804034E-01 -0.3804034E-01
0.1069487E-02 0.1069487E-02 0.2397608E-02 0.2752871E-02 0.2653120E-02 0.2653120E-02 0.2572796E-02 0.2522228E-02 0.2522228E-02 0.2536641E-02 0.2536641E-02 0.2548833E-02 0.2549795E-02 0.2548485E-02 0.2545702E-02 0.2545702E-02 -0.5596479E-01 -0.1080320 -0.1673397 -0.2294906 -0.2918277 -0.3531028 -0.4129928 -0.4716980 -0.5296180 -0.5871038 -0.6442498 -0.7005502 -0.7529857 -0.7823125 -0.7823125 -0.7113503 -0.5286350 -0.2237657 -0.1340198 -0.1340198 -0.1435285E-01 -0.1435285E-01 0.6542749E-01 0.6542749E-01 0.9606151E-01 0.1400026 0.1400026 0.1578465 0.1578465 0.1127035 0.1127035 0.1127035 0.5730737E-01 0.5730737E-01 0.8653447E-02 0.8653447E-02 -0.2324705E-01 -0.2324705E-01 -0.3729332E-01 -0.3729332E-01 -0.3707116E-01 -0.3707116E-01 -0.3707116E-01
0.1626191E-02 0.1626191E-02 0.3656430E-02 0.4088778E-02 0.3953470E-02 0.3953470E-02 0.3850680E-02 0.3789171E-02 0.3789171E-02 0.3808091E-02 0.3808091E-02 0.3823053E-02 0.3823818E-02 0.3821628E-02 0.3817718E-02 0.3817718E-02 -0.7844748E-01 -0.1419303 -0.2106084 -0.2803356 -0.3486644 -0.4144250 -0.4773450 -0.5377195 -0.5961260 -0.6531839 -0.7093370 -0.7642468 -0.8114921 -0.8003553 -0.8003553 -0.6128204 -0.3954770 -0.1748635 -0.1114853 -0.1114853 -0.1973622E-01 -0.1973622E-01 0.4422099E-01 0.4422099E-01 0.6979455E-01 0.1078328 0.1078328 0.1272848 0.1272848 0.1007611 0.1007611 0.1007611 0.5610787E-01 0.5610787E-01 0.1201778E-01 0.1201778E-01 -0.1895488E-01 -0.1895488E-01 -0.3296040E-01 -0.3296040E-01 -0.3272491E-01 -0.3272491E-01 -0.3272491E-01
