simulation_files/asc/Velocity____59.0.asc
NCOLS        79
NROWS        79
XLLCENTER         -1.500000
YLLCENTER         -4.800000
CELLSIZE           0.100
NODATA_VALUE     -9999.0
[rows 0 to 26 of 79, columns 0 to 59 of 79]
-9999.000 -9999.000 -9999.000 -9999.000 -9999.000 -9999.000 -9999.000 -9999.000 -9999.000 -9999.000 -9999.000 -9999.000 -9999.000 -9999.000 -9999.000 0.2476822 0.2465983 0.2468270 0.2471911 0.2475973 0.2480389 0.2485219 0.2490553 0.2496494 0.2503182 0.2510847 0.2519903 0.2531065 0.2544230 0.2513570 0.2513570 -9999.000 -9999.000 -9999.000 -9999.000 -9999.000 -9999.000 -9999.000 -9999.000 -9999.000 -9999.000 -9999.000 -9999.000 -9999.000 -9999.000 -9999.000 -9999.000 -9999.000 -9999.000 -9999.000 -9999.000 -9999.000 -9999.000 -9999.000 -9999.000 -9999.000 -9999.000 -9999.000 -9999.000 -9999.000
-9999.000 -9999.000 -9999.000 -9999.000 -9999.000 -9999.000 -9999.000 -9999.000 -9999.000 -9999.000 -9999.000 -9999.000 -9999.000 -9999.000 -9999.000 0.2440308 0.2415185 0.2419500 0.2426649 0.2434591 0.2443123 0.2452344 0.2462426 0.2473605 0.2486227 0.2500862 0.2518479 0.2540630 0.2566927 0.2508031 0.2508031 -9999.000 -9999.000 -9999.000 -9999.000 -9999.000 -9999.000 -9999.000 -9999.000 -9999.000 -9999.000 -9999.000 -9999.000 -9999.000 -9999.000 -9999.000 -9999.000 -9999.000 -9999.000 -9999.000 -9999.000 -9999.000 -9999.000 -9999.000 -9999.000 -9999.000 -9999.000 -9999.000 -9999.000 -9999.000
-9999.000 -9999.000 -9999.000 -9999.000 -9999.000 -9999.000 -9999.000 -9999.000 -9999.000 -9999.000 -9999.000 -9999.000 -9999.000 -9999.000 -9999.000 0.2386609 0.2344702 0.2351866 0.2364323 0.2378537 0.2394054 0.2410963 0.2429527 0.2450131 0.2473355 0.2500111 0.2531849 0.2570707 0.2615148 0.2527288 0.2527288 -9999.000 -9999.000 -9999.000 -9999.000 -9999.000 -9999.000 -9999.000 -9999.000 -9999.000 -9999.000 -9999.000 -9999.000 -9999.000 -9999.000 -9999.000 -9999.000 -9999.000 -9999.000 -9999.000 -9999.000 -9999.000 -9999.000 -9999.000 -9999.000 -9999.000 -9999.000 -9999.000 -9999.000 -9999.000
-9999.000 -9999.000 -9999.000 -9999.000 -9999.000 -9999.000 -9999.000 -9999.000 -9999.000 -9999.000 -9999.000 -9999.000 -9999.000 -9999.000 -9999.000 0.2321312 0.2262374 0.2273278 0.2292421 0.2314637 0.2339180 0.2366098 0.2395719 0.2428555 0.2465395 0.2507476 0.2556723 0.2615894 0.2682252 0.2569736 0.2569736 -9999.000 -9999.000 -9999.000 -9999.000 -9999.000 -9999.000 -9999.000 -9999.000 -9999.000 -9999.000 -9999.000 -9999.000 -9999.000 -9999.000 -9999.000 -9999.000 -9999.000 -9999.000 -9999.000 -9999.000 -9999.000 -9999.000 -9999.000 -9999.000 -9999.000 -9999.000 -9999.000 -9999.000 -9999.000
-9999.000 -9999.000 -9999.000 -9999.000 -9999.000 -9999.000 -9999.000 -9999.000 -9999.000 -9999.000 -9999.000 -9999.000 -9999.000 -9999.000 -9999.000 0.2244785 0.2169256 0.2184824 0.2211969 0.2243781 0.2279179 0.2318161 0.2361102 0.2408644 0.2461803 0.2522174 0.2592237 0.2675489 0.2768035 0.2635927 0.2635927 -9999.000 -9999.000 -9999.000 -9999.000 -9999.000 -9999.000 -9999.000 -9999.000 -9999.000 -9999.000 -9999.000 -9999.000 -9999.000 -9999.000 -9999.000 -9999.000 -9999.000 -9999.000 -9999.000 -9999.000 -9999.000 -9999.000 -9999.000 -9999.000 -9999.000 -9999.000 -9999.000 -9999.000 -9999.000
-9999.000 -9999.000 -9999.000 -9999.000 -9999.000 -9999.000 -9999.000 -9999.000 -9999.000 -9999.000 -9999.000 -9999.000 -9999.000 -9999.000 -9999.000 0.2156772 0.2065982 0.2087229 0.2123665 0.2166580 0.2214534 0.2267464 0.2325798 0.2390330 0.2462349 0.2543907 0.2638177 0.2749613 0.2873349 0.2727819 0.2727819 -9999.000 -9999.000 -9999.000 -9999.000 -9999.000 -9999.000 -9999.000 -9999.000 -9999.000 -9999.000 -9999.000 -9999.000 -9999.000 -9999.000 -9999.000 -9999.000 -9999.000 -9999.000 -9999.000 -9999.000 -9999.000 -9999.000 -9999.000 -9999.000 -9999.000 -9999.000 -9999.000 -9999.000 -9999.000
-9999.000 -9999.000 -9999.000 -9999.000 -9999.000 -9999.000 -9999.000 -9999.000 -9999.000 -9999.000 -9999.000 -9999.000 -9999.000 -9999.000 -9999.000 0.2056434 0.1952846 0.1980964 0.2028015 0.2083518 0.2145663 0.2214327 0.2290009 0.2373702 0.2467057 0.2572728 0.2694806 0.2839038 0.3000000 0.2848771 0.2848771 -9999.000 -9999.000 -9999.000 -9999.000 -9999.000 -9999.000 -9999.000 -9999.000 -9999.000 -9999.000 -9999.000 -9999.000 -9999.000 -9999.000 -9999.000 -9999.000 -9999.000 -9999.000 -9999.000 -9999.000 -9999.000 -9999.000 -9999.000 -9999.000 -9999.000 -9999.000 -9999.000 -9999.000 -9999.000
-9999.000 -9999.000 -9999.000 -9999.000 -9999.000 -9999.000 -9999.000 -9999.000 -9999.000 -9999.000 -9999.000 -9999.000 -9999.000 -9999.000 -9999.000 0.1942410 0.1829872 0.1866341 0.1925450 0.1995075 0.2073044 0.2159180 0.2254094 0.2359050 0.2476197 0.2608998 0.2762796 0.2945142 0.3150784 0.3003866 0.3003866 -9999.000 -9999.000 -9999.000 -9999.000 -9999.000 -9999.000 -9999.000 -9999.000 -9999.000 -9999.000 -9999.000 -9999.000 -9999.000 -9999.000 -9999.000 -9999.000 -9999.000 -9999.000 -9999.000 -9999.000 -9999.000 -9999.000 -9999.000 -9999.000 -9999.000 -9999.000 -9999.000 -9999.000 -9999.000
-9999.000 -9999.000 -9999.000 -9999.000 -9999.000 -9999.000 -9999.000 -9999.000 -9999.000 -9999.000 -9999.000 -9999.000 -9999.000 -9999.000 -9999.000 0.1812875 0.1696877 0.1743607 0.1816448 0.1901866 0.1997353 0.2102700 0.2218688 0.2346963 0.2490350 0.2653421 0.2843250 0.3069942 0.3329673 0.3200561 0.3200561 -9999.000 -9999.000 -9999.000 -9999.000 -9999.000 -9999.000 -9999.000 -9999.000 -9999.000 -9999.000 -9999.000 -9999.000 -9999.000 -9999.000 -9999.000 -9999.000 -9999.000 -9999.000 -9999.000 -9999.000 -9999.000 -9999.000 -9999.000 -9999.000 -9999.000 -9999.000 -9999.000 -9999.000 -9999.000
-9999.000 -9999.000 -9999.000 -9999.000 -9999.000 -9999.000 -9999.000 -9999.000 -9999.000 -9999.000 -9999.000 -9999.000 -9999.000 -9999.000 -9999.000 0.1665593 0.1553541 0.1613080 0.1701705 0.1804841 0.1919677 0.2046020 0.2184904 0.2338501 0.2510559 0.2707168 0.2937796 0.3216240 0.3542148 0.3449913 0.3449913 -9999.000 -9999.000 -9999.000 -9999.000 -9999.000 -9999.000 -9999.000 -9999.000 -9999.000 -9999.000 -9999.000 -9999.000 -9999.000 -9999.000 -9999.000 -9999.000 -9999.000 -9999.000 -9999.000 -9999.000 -9999.000 -9999.000 -9999.000 -9999.000 -9999.000 -9999.000 -9999.000 -9999.000 -9999.000
-9999.000 -9999.000 -9999.000 -9999.000 -9999.000 -9999.000 -9999.000 -9999.000 -9999.000 -9999.000 -9999.000 -9999.000 -9999.000 -9999.000 -9999.000 0.1498013 0.1399513 0.1475342 0.1582420 0.1705609 0.1841868 0.1991090 0.2154683 0.2335542 0.2538650 0.2772141 0.3048811 0.3387843 0.3795783 0.3768893 0.3768893 -9999.000 -9999.000 -9999.000 -9999.000 -9999.000 -9999.000 -9999.000 -9999.000 -9999.000 -9999.000 -9999.000 -9999.000 -9999.000 -9999.000 -9999.000 -9999.000 -9999.000 -9999.000 -9999.000 -9999.000 -9999.000 -9999.000 -9999.000 -9999.000 -9999.000 -9999.000 -9999.000 -9999.000 -9999.000
-9999.000 -9999.000 -9999.000 -9999.000 -9999.000 -9999.000 -9999.000 -9999.000 -9999.000 -9999.000 -9999.000 -9999.000 -9999.000 -9999.000 -9999.000 0.1307402 0.1234661 0.1331665 0.1460824 0.1607028 0.1767150 0.1941307 0.2131454 0.2341443 0.2577869 0.2851569 0.3179928 0.3590052 0.4101152 0.4184937 0.4184937 -9999.000 -9999.000 -9999.000 -9999.000 -9999.000 -9999.000 -9999.000 -9999.000 -9999.000 -9999.000 -9999.000 -9999.000 -9999.000 -9999.000 -9999.000 -9999.000 -9999.000 -9999.000 -9999.000 -9999.000 -9999.000 -9999.000 -9999.000 -9999.000 -9999.000 -9999.000 -9999.000 -9999.000 -9999.000
-9999.000 -9999.000 -9999.000 -9999.000 -9999.000 -9999.000 -9999.000 -9999.000 -9999.000 -9999.000 -9999.000 -9999.000 -9999.000 -9999.000 -9999.000 0.1091088 0.1059658 0.1184928 0.1341238 0.1514317 0.1701275 0.1902724 0.2121406 0.2362401 0.2634301 0.2951392 0.3337250 0.3830649 0.4473373 0.4745950 0.4745950 -9999.000 -9999.000 -9999.000 -9999.000 -9999.000 -9999.000 -9999.000 -9999.000 -9999.000 -9999.000 -9999.000 -9999.000 -9999.000 -9999.000 -9999.000 -9999.000 -9999.000 -9999.000 -9999.000 -9999.000 -9999.000 -9999.000 -9999.000 -9999.000 -9999.000 -9999.000 -9999.000 -9999.000 -9999.000
-9999.000 -9999.000 -9999.000 -9999.000 -9999.000 -9999.000 -9999.000 -9999.000 -9999.000 -9999.000 -9999.000 -9999.000 -9999.000 -9999.000 -9999.000 0.8466741E-01 0.8781569E-01 0.1042927 0.1233848 0.1438969 0.1656452 0.1887957 0.2137407 0.2411404 0.2720889 0.3084265 0.3533076 0.4122910 0.4935107 0.5545861 0.5545861 -9999.000 -9999.000 -9999.000 -9999.000 -9999.000 -9999.000 -9999.000 -9999.000 -9999.000 -9999.000 -9999.000 -9999.000 -9999.000 -9999.000 -9999.000 -9999.000 -9999.000 -9999.000 -9999.000 -9999.000 -9999.000 -9999.000 -9999.000 -9999.000 -9999.000 -9999.000 -9999.000 -9999.000 -9999.000
-9999.000 -9999.000 -9999.000 -9999.000 -9999.000 -9999.000 -9999.000 -9999.000 -9999.000 -9999.000 -9999.000 -9999.000 -9999.000 -9999.000 -9999.000 0.5797352E-01 0.7867666E-01 0.1044070 0.1290602 0.1530362 0.1770133 0.2017437 0.2280728 0.2570567 0.2902011 0.3299001 0.3803101 0.4493162 0.5517942 0.6786948 0.6786948 -9999.000 -9999.000 -9999.000 -9999.000 -9999.000 -9999.000 -9999.000 -9999.000 -9999.000 -9999.000 -9999.000 -9999.000 -9999.000 -9999.000 -9999.000 -9999.000 -9999.000 -9999.000 -9999.000 -9999.000 -9999.000 -9999.000 -9999.000 -9999.000 -9999.000 -9999.000 -9999.000 -9999.000 -9999.000
1.537152 1.537152 1.602811 1.636468 1.645225 1.645225 1.651559 1.659670 1.659670 1.425895 1.425895 1.318770 1.277409 1.228835 1.165718 1.165718 1.021328 0.9573558 0.8876343 0.8149266 0.7424870 0.6740838 0.6138259 0.5660005 0.5350828 0.5260623 0.5453637 0.6032332 0.7194009 0.9523061 0.9523061 1.532191 1.732585 1.815344 1.784265 1.784265 1.649525 1.649525 1.457676 1.457676 1.169678 0.8882400 0.8882400 0.8757724 0.8757724 0.9126219 0.9126219 0.9126219 0.9624501 0.9624501 1.005182 1.005182 1.040875 1.040875 1.085641 1.085641 1.113476 1.113476 1.113476 1.134411
1.551024 1.551024 1.622006 1.669328 1.685320 1.685320 1.698970 1.721781 1.721781 1.525061 1.525061 1.413020 1.379321 1.341280 1.299132 1.299132 1.241978 1.214905 1.179941 1.136891 1.086423 1.030146 0.9707364 0.9121040 0.8596128 0.8203675 0.8036685 0.8219900 0.8930858 1.047053 1.047053 1.473693 1.625794 1.726654 1.741048 1.741048 1.724501 1.724501 1.643767 1.643767 1.512871 1.172987 1.172987 1.162585 1.162585 1.208769 1.208769 1.208769 1.261940 1.261940 1.308297 1.308297 1.333862 1.333862 1.388752 1.388752 1.422583 1.422583 1.422583 1.450059
1.554233 1.554233 1.623384 1.669831 1.685789 1.685789 1.699516 1.722656 1.722656 1.538590 1.538590 1.421676 1.394221 1.365064 1.335397 1.335397 1.307609 1.298435 1.285001 1.266136 1.241278 1.210527 1.174799 1.136041 1.097528 1.064280 1.043653 1.046351 1.088370 1.197769 1.197769 1.534042 1.671782 1.782122 1.807435 1.807435 1.813372 1.813372 1.765351 1.765351 1.695733 1.426208 1.426208 1.364277 1.364277 1.395665 1.395665 1.395665 1.445438 1.445438 1.486115 1.486115 1.517452 1.517452 1.557561 1.557561 1.586616 1.586616 1.586616 1.609415
1.556708 1.556708 1.624505 1.670048 1.685844 1.685844 1.699499 1.722627 1.722627 1.550053 1.550053 1.427373 1.404666 1.381712 1.359682 1.359682 1.346546 1.345083 1.341472 1.334890 1.324834 1.311101 1.293907 1.274097 1.253431 1.234959 1.223544 1.226772 1.256918 1.338804 1.338804 1.600243 1.721783 1.825306 1.847754 1.847754 1.854168 1.854168 1.827109 1.827109 1.794927 1.623744 1.623744 1.519824 1.519824 1.536532 1.536532 1.536532 1.578227 1.578227 1.614101 1.614101 1.642500 1.642500 1.674714 1.674714 1.700139 1.700139 1.700139 1.719729
1.558555 1.558555 1.625415 1.670241 1.685889 1.685889 1.699473 1.722585 1.722585 1.562487 1.562487 1.433826 1.415466 1.397946 1.382225 1.382225 1.381070 1.384282 1.385661 1.385019 1.382389 1.377914 1.371848 1.364690 1.357409 1.351751 1.350648 1.358923 1.385242 1.451096 1.451096 1.656581 1.759356 1.844772 1.858573 1.858573 1.858102 1.858102 1.848977 1.848977 1.840918 1.759180 1.759180 1.655461 1.655461 1.641832 1.641832 1.641832 1.674766 1.674766 1.706548 1.706548 1.732649 1.732649 1.759567 1.759567 1.781933 1.781933 1.781933 1.798959
1.559834 1.559834 1.626085 1.670394 1.685925 1.685925 1.699451 1.722550 1.722550 1.575682 1.575682 1.440792 1.426516 1.414069 1.404309 1.404309 1.415961 1.423429 1.428294 1.430926 1.431912 1.431901 1.431514 1.431363 1.432172 1.434981 1.441368 1.453827 1.477875 1.531119 1.531119 1.698054 1.779016 1.836252 1.839656 1.839656 1.837514 1.837514 1.849501 1.849501 1.858129 1.839861 1.839861 1.768367 1.768367 1.728457 1.728457 1.728457 1.749803 1.749803 1.776275 1.776275 1.799732 1.799732 1.822681 1.822681 1.841947 1.841947 1.841947 1.856426
1.560584 1.560584 1.626493 1.670494 1.685949 1.685949 1.699437 1.722528 1.722528 1.589155 1.589155 1.447926 1.437463 1.429815 1.426002 1.426002 1.452687 1.464779 1.472864 1.477814 1.480671 1.482555 1.484512 1.487453 1.492173 1.499422 1.509850 1.523659 1.543634 1.584844 1.584844 1.717268 1.774154 1.797029 1.794221 1.794221 1.803790 1.803790 1.839567 1.839567 1.860218 1.880994 1.880994 1.851101 1.851101 1.803039 1.803039 1.803039 1.811754 1.811754 1.831083 1.831083 1.850847 1.850847 1.869909 1.869909 1.885803 1.885803 1.885803 1.897589
1.560832 1.560832 1.626631 1.670528 1.685957 1.685957 1.699432 1.722522 1.722522 1.602308 1.602308 1.454963 1.447998 1.444862 1.447073 1.447073 1.492174 1.509452 1.520885 1.527874 1.531827 1.534270 1.536652 1.540225 1.545995 1.554681 1.566222 1.577632 1.588983 1.613742 1.613742 1.710126 1.738012 1.731342 1.732126 1.732126 1.766562 1.766562 1.824667 1.824667 1.853905 1.897721 1.897721 1.902620 1.902620 1.865758 1.865758 1.865758 1.864775 1.864775 1.876059 1.876059 1.890771 1.890771 1.905414 1.905414 1.917659 1.917659 1.917659 1.926570
1.560584 1.560584 1.626493 1.670494 1.685949 1.685949 1.699437 1.722534 1.722534 1.614480 1.614480 1.461716 1.457879 1.458892 1.467086 1.467086 1.535393 1.558380 1.573383 1.582397 1.587091 1.589343 1.590986 1.593631 1.598566 1.606644 1.617161 1.621063 1.615489 1.615879 1.615879 1.669454 1.665891 1.651688 1.665938 1.665938 1.730777 1.730777 1.806887 1.806887 1.842269 1.900166 1.900166 1.929067 1.929067 1.914457 1.914457 1.914457 1.909649 1.909649 1.913882 1.913882 1.922600 1.922600 1.932166 1.932166 1.940265 1.940265 1.940265 1.946015
1.559834 1.559834 1.626085 1.670394 1.685925 1.685925 1.699451 1.722562 1.722562 1.624974 1.624974 1.468072 1.466931 1.471640 1.485405 1.485405 1.584051 1.613080 1.631406 1.642262 1.647494 1.649161 1.649359 1.650028 1.652806 1.658864 1.666769 1.654450 1.617725 1.586535 1.586535 1.591111 1.563463 1.571545 1.603196 1.603196 1.697233 1.697233 1.786976 1.786976 1.826969 1.894187 1.894187 1.938547 1.938547 1.948195 1.948195 1.948195 1.945531 1.945531 1.945358 1.945358 1.948173 1.948173 1.952130 1.952130 1.955547 1.955547 1.955547 1.957843
1.558555 1.558555 1.625415 1.670241 1.685889 1.685889 1.699473 1.722604 1.722604 1.633070 1.633070 1.473977 1.475047 1.482963 1.501424 1.501424 1.640298 1.674415 1.696255 1.708760 1.714143 1.714716 1.712850 1.710803 1.710534 1.713489 1.716250 1.670985 1.583222 1.514005 1.514005 1.474441 1.449549 1.500203 1.542946 1.542946 1.666321 1.666321 1.766474 1.766474 1.810039 1.883739 1.883739 1.937927 1.937927 1.968485 1.968485 1.968485 1.971808 1.971808 1.970365 1.970365 1.968366 1.968366 1.966640 1.966640 1.965035 1.965035 1.965035 1.963702
1.556708 1.556708 1.624505 1.670048 1.685844 1.685844 1.699498 1.722651 1.722651 1.638037 1.638037 1.479426 1.482197 1.493121 1.518554 1.518554 1.705165 1.745234 1.770066 1.783487 1.788280 1.787049 1.782402 1.776873 1.772730 1.771665 1.764669 1.649425 1.501098 1.399839 1.399839 1.339301 1.338950 1.437581 1.498842 1.498842 1.637426 1.637426 1.746469 1.746469 1.792756 1.870873 1.870873 1.931263 1.931263 1.977561 1.977561 1.977561 1.988046 1.988046 1.987775 1.987775 1.982568 1.982568 1.975717 1.975717 1.969201 1.969201 1.969201 1.964351
