simulation_files/asc/Velocity__x_83.0.asc
NCOLS        79
NROWS        79
XLLCENTER         -1.500000
YLLCENTER         -4.800000
CELLSIZE           0.100
NODATA_VALUE     -9999.0
[rows 0 to 25 of 79, columns 0 to 57 of 79]
-9999.000 -9999.000 -9999.000 -9999.000 -9999.000 -9999.000 -9999.000 -9999.000 -9999.000 -9999.000 -9999.000 -9999.000 -9999.000 -9999.000 -9999.000 0.2852164E-03 0.1420008E-02 0.3320832E-02 0.5043866E-02 0.6564804E-02 0.7907916E-02 0.9089358E-02 0.1010130E-01 0.1089877E-01 0.1138265E-01 0.1137699E-01 0.1059332E-01 0.8576255E-02 0.4709622E-02 0.1455326E-02 0.1455326E-02 -9999.000 -9999.000 -9999.000 -9999.000 -9999.000 -9999.000 -9999.000 -9999.000 -9999.000 -9999.000 -9999.000 -9999.000 -9999.000 -9999.000 -9999.000 -9999.000 -9999.000 -9999.000 -9999.000 -9999.000 -9999.000 -9999.000 -9999.000 -9999.000 -9999.000 -9999.000 -9999.000
-9999.000 -9999.000 -9999.000 -9999.000 -9999.000 -9999.000 -9999.000 -9999.000 -9999.000 -9999.000 -9999.000 -9999.000 -9999.000 -9999.000 -9999.000 0.1141632E-02 0.3333766E-02 0.6468546E-02 0.9403041E-02 0.1204989E-01 0.1438148E-01 0.1636708E-01 0.1795040E-01 0.1903229E-01 0.1945322E-01 0.1897662E-01 0.1726970E-01 0.1388199E-01 0.8306873E-02 0.3233701E-02 0.3233701E-02 -9999.000 -9999.000 -9999.000 -9999.000 -9999.000 -9999.000 -9999.000 -9999.000 -9999.000 -9999.000 -9999.000 -9999.000 -9999.000 -9999.000 -9999.000 -9999.000 -9999.000 -9999.000 -9999.000 -9999.000 -9999.000 -9999.000 -9999.000 -9999.000 -9999.000 -9999.000 -9999.000
-9999.000 -9999.000 -9999.000 -9999.000 -9999.000 -9999.000 -9999.000 -9999.000 -9999.000 -9999.000 -9999.000 -9999.000 -9999.000 -9999.000 -9999.000 0.1891305E-02 0.5008954E-02 0.9225727E-02 0.1317449E-01 0.1673544E-01 0.1985073E-01 0.2245891E-01 0.2447157E-01 0.2575534E-01 0.2611506E-01 0.2527859E-01 0.2287780E-01 0.1842883E-01 0.1139219E-01 0.4735135E-02 0.4735135E-02 -9999.000 -9999.000 -9999.000 -9999.000 -9999.000 -9999.000 -9999.000 -9999.000 -9999.000 -9999.000 -9999.000 -9999.000 -9999.000 -9999.000 -9999.000 -9999.000 -9999.000 -9999.000 -9999.000 -9999.000 -9999.000 -9999.000 -9999.000 -9999.000 -9999.000 -9999.000 -9999.000
-9999.000 -9999.000 -9999.000 -9999.000 -9999.000 -9999.000 -9999.000 -9999.000 -9999.000 -9999.000 -9999.000 -9999.000 -9999.000 -9999.000 -9999.000 0.2566452E-02 0.6502451E-02 0.1166127E-01 0.1648664E-01 0.2083425E-01 0.2462491E-01 0.2777578E-01 0.3017543E-01 0.3166438E-01 0.3201792E-01 0.3092793E-01 0.2798385E-01 0.2264602E-01 0.1430504E-01 0.6163370E-02 0.6163370E-02 -9999.000 -9999.000 -9999.000 -9999.000 -9999.000 -9999.000 -9999.000 -9999.000 -9999.000 -9999.000 -9999.000 -9999.000 -9999.000 -9999.000 -9999.000 -9999.000 -9999.000 -9999.000 -9999.000 -9999.000 -9999.000 -9999.000 -9999.000 -9999.000 -9999.000 -9999.000 -9999.000
-9999.000 -9999.000 -9999.000 -9999.000 -9999.000 -9999.000 -9999.000 -9999.000 -9999.000 -9999.000 -9999.000 -9999.000 -9999.000 -9999.000 -9999.000 0.3206593E-02 0.7898136E-02 0.1390836E-01 0.1952696E-01 0.2459265E-01 0.2901075E-01 0.3268177E-01 0.3547505E-01 0.3720744E-01 0.3762306E-01 0.3637335E-01 0.3299209E-01 0.2686414E-01 0.1727639E-01 0.7636184E-02 0.7636184E-02 -9999.000 -9999.000 -9999.000 -9999.000 -9999.000 -9999.000 -9999.000 -9999.000 -9999.000 -9999.000 -9999.000 -9999.000 -9999.000 -9999.000 -9999.000 -9999.000 -9999.000 -9999.000 -9999.000 -9999.000 -9999.000 -9999.000 -9999.000 -9999.000 -9999.000 -9999.000 -9999.000
-9999.000 -9999.000 -9999.000 -9999.000 -9999.000 -9999.000 -9999.000 -9999.000 -9999.000 -9999.000 -9999.000 -9999.000 -9999.000 -9999.000 -9999.000 0.3850145E-02 0.9276718E-02 0.1609311E-01 0.2246612E-01 0.2822496E-01 0.3326308E-01 0.3746753E-01 0.4069033E-01 0.4272367E-01 0.4327697E-01 0.4195222E-01 0.3821379E-01 0.3134689E-01 0.2049579E-01 0.9249940E-02 0.9249940E-02 -9999.000 -9999.000 -9999.000 -9999.000 -9999.000 -9999.000 -9999.000 -9999.000 -9999.000 -9999.000 -9999.000 -9999.000 -9999.000 -9999.000 -9999.000 -9999.000 -9999.000 -9999.000 -9999.000 -9999.000 -9999.000 -9999.000 -9999.000 -9999.000 -9999.000 -9999.000 -9999.000
-9999.000 -9999.000 -9999.000 -9999.000 -9999.000 -9999.000 -9999.000 -9999.000 -9999.000 -9999.000 -9999.000 -9999.000 -9999.000 -9999.000 -9999.000 0.4530618E-02 0.1070722E-01 0.1832128E-01 0.2544489E-01 0.3190478E-01 0.3758631E-01 0.4236531E-01 0.4607644E-01 0.4848557E-01 0.4926200E-01 0.4794811E-01 0.4392105E-01 0.3633775E-01 0.2415003E-01 0.1110351E-01 0.1110351E-01 -9999.000 -9999.000 -9999.000 -9999.000 -9999.000 -9999.000 -9999.000 -9999.000 -9999.000 -9999.000 -9999.000 -9999.000 -9999.000 -9999.000 -9999.000 -9999.000 -9999.000 -9999.000 -9999.000 -9999.000 -9999.000 -9999.000 -9999.000 -9999.000 -9999.000 -9999.000 -9999.000
-9999.000 -9999.000 -9999.000 -9999.000 -9999.000 -9999.000 -9999.000 -9999.000 -9999.000 -9999.000 -9999.000 -9999.000 -9999.000 -9999.000 -9999.000 0.5276807E-02 0.1224861E-01 0.2068315E-01 0.2858274E-01 0.3577996E-01 0.4215530E-01 0.4757531E-01 0.5185758E-01 0.5473902E-01 0.5584223E-01 0.5463772E-01 0.5039382E-01 0.4210267E-01 0.2845753E-01 0.1331735E-01 0.1331735E-01 -9999.000 -9999.000 -9999.000 -9999.000 -9999.000 -9999.000 -9999.000 -9999.000 -9999.000 -9999.000 -9999.000 -9999.000 -9999.000 -9999.000 -9999.000 -9999.000 -9999.000 -9999.000 -9999.000 -9999.000 -9999.000 -9999.000 -9999.000 -9999.000 -9999.000 -9999.000 -9999.000
-9999.000 -9999.000 -9999.000 -9999.000 -9999.000 -9999.000 -9999.000 -9999.000 -9999.000 -9999.000 -9999.000 -9999.000 -9999.000 -9999.000 -9999.000 0.6114841E-02 0.1395450E-01 0.2326111E-01 0.3199053E-01 0.3998939E-01 0.4713739E-01 0.5329371E-01 0.5825936E-01 0.6173951E-01 0.6330290E-01 0.6233355E-01 0.5796415E-01 0.4897450E-01 0.3370858E-01 0.1605752E-01 0.1605752E-01 -9999.000 -9999.000 -9999.000 -9999.000 -9999.000 -9999.000 -9999.000 -9999.000 -9999.000 -9999.000 -9999.000 -9999.000 -9999.000 -9999.000 -9999.000 -9999.000 -9999.000 -9999.000 -9999.000 -9999.000 -9999.000 -9999.000 -9999.000 -9999.000 -9999.000 -9999.000 -9999.000
-9999.000 -9999.000 -9999.000 -9999.000 -9999.000 -9999.000 -9999.000 -9999.000 -9999.000 -9999.000 -9999.000 -9999.000 -9999.000 -9999.000 -9999.000 0.7069925E-02 0.1587805E-01 0.2613975E-01 0.3578372E-01 0.4468098E-01 0.5271437E-01 0.5973908E-01 0.6554040E-01 0.6978969E-01 0.7199381E-01 0.7143309E-01 0.6707151E-01 0.5741373E-01 0.4032673E-01 0.1957435E-01 0.1957435E-01 -9999.000 -9999.000 -9999.000 -9999.000 -9999.000 -9999.000 -9999.000 -9999.000 -9999.000 -9999.000 -9999.000 -9999.000 -9999.000 -9999.000 -9999.000 -9999.000 -9999.000 -9999.000 -9999.000 -9999.000 -9999.000 -9999.000 -9999.000 -9999.000 -9999.000 -9999.000 -9999.000
-9999.000 -9999.000 -9999.000 -9999.000 -9999.000 -9999.000 -9999.000 -9999.000 -9999.000 -9999.000 -9999.000 -9999.000 -9999.000 -9999.000 -9999.000 0.8169034E-02 0.1807791E-01 0.2941476E-01 0.4009767E-01 0.5003163E-01 0.5910915E-01 0.6718533E-01 0.7403260E-01 0.7928708E-01 0.8238643E-01 0.8248790E-01 0.7834627E-01 0.6810687E-01 0.4897667E-01 0.2427257E-01 0.2427257E-01 -9999.000 -9999.000 -9999.000 -9999.000 -9999.000 -9999.000 -9999.000 -9999.000 -9999.000 -9999.000 -9999.000 -9999.000 -9999.000 -9999.000 -9999.000 -9999.000 -9999.000 -9999.000 -9999.000 -9999.000 -9999.000 -9999.000 -9999.000 -9999.000 -9999.000 -9999.000 -9999.000
-9999.000 -9999.000 -9999.000 -9999.000 -9999.000 -9999.000 -9999.000 -9999.000 -9999.000 -9999.000 -9999.000 -9999.000 -9999.000 -9999.000 -9999.000 0.9444311E-02 0.2062597E-01 0.3320936E-01 0.4510988E-01 0.5627853E-01 0.6662468E-01 0.7601094E-01 0.8420211E-01 0.9080101E-01 0.9516989E-01 0.9632386E-01 0.9275950E-01 0.8215161E-01 0.6077810E-01 0.3085565E-01 0.3085565E-01 -9999.000 -9999.000 -9999.000 -9999.000 -9999.000 -9999.000 -9999.000 -9999.000 -9999.000 -9999.000 -9999.000 -9999.000 -9999.000 -9999.000 -9999.000 -9999.000 -9999.000 -9999.000 -9999.000 -9999.000 -9999.000 -9999.000 -9999.000 -9999.000 -9999.000 -9999.000 -9999.000
-9999.000 -9999.000 -9999.000 -9999.000 -9999.000 -9999.000 -9999.000 -9999.000 -9999.000 -9999.000 -9999.000 -9999.000 -9999.000 -9999.000 -9999.000 0.1094117E-01 0.2362601E-01 0.3770369E-01 0.5108356E-01 0.6377579E-01 0.7571799E-01 0.8679172E-01 0.9676548E-01 0.1052166 0.1114333 0.1142726 0.1119214 0.1014406 0.7778088E-01 0.4065370E-01 0.4065370E-01 -9999.000 -9999.000 -9999.000 -9999.000 -9999.000 -9999.000 -9999.000 -9999.000 -9999.000 -9999.000 -9999.000 -9999.000 -9999.000 -9999.000 -9999.000 -9999.000 -9999.000 -9999.000 -9999.000 -9999.000 -9999.000 -9999.000 -9999.000 -9999.000 -9999.000 -9999.000 -9999.000
-9999.000 -9999.000 -9999.000 -9999.000 -9999.000 -9999.000 -9999.000 -9999.000 -9999.000 -9999.000 -9999.000 -9999.000 -9999.000 -9999.000 -9999.000 0.1283958E-01 0.2742980E-01 0.4343745E-01 0.5873113E-01 0.7339838E-01 0.8742797E-01 0.1007464 0.1131535 0.1242285 0.1332105 0.1388105 0.1388742 0.1296894 0.1042995 0.5662928E-01 0.5662928E-01 -9999.000 -9999.000 -9999.000 -9999.000 -9999.000 -9999.000 -9999.000 -9999.000 -9999.000 -9999.000 -9999.000 -9999.000 -9999.000 -9999.000 -9999.000 -9999.000 -9999.000 -9999.000 -9999.000 -9999.000 -9999.000 -9999.000 -9999.000 -9999.000 -9999.000 -9999.000 -9999.000
-9999.000 -9999.000 -9999.000 -9999.000 -9999.000 -9999.000 -9999.000 -9999.000 -9999.000 -9999.000 -9999.000 -9999.000 -9999.000 -9999.000 -9999.000 0.2778393E-01 0.4896160E-01 0.7037053E-01 0.8899924E-01 0.1057077 0.1210303 0.1352926 0.1485894 0.1607182 0.1710597 0.1783492 0.1802068 0.1720843 0.1444351 0.7590590E-01 0.7590590E-01 -9999.000 -9999.000 -9999.000 -9999.000 -9999.000 -9999.000 -9999.000 -9999.000 -9999.000 -9999.000 -9999.000 -9999.000 -9999.000 -9999.000 -9999.000 -9999.000 -9999.000 -9999.000 -9999.000 -9999.000 -9999.000 -9999.000 -9999.000 -9999.000 -9999.000 -9999.000 -9999.000
1.720798 1.720798 1.788018 1.820701 1.828891 1.828891 1.834711 1.842100 1.842100 1.846020 1.846020 1.847655 1.847801 1.836134 1.559322 1.559322 1.299792 1.236025 1.163654 1.083768 0.9981902 0.9095366 0.8211629 0.7370583 0.6616917 0.5999331 0.5573775 0.5418775 0.5687597 0.6599288 0.6599288 1.571429 1.794040 1.849095 1.811441 1.811441 1.695545 1.695545 1.452811 1.452811 1.140120 0.9714309 0.9714309 0.9639277 0.9639277 1.002848 1.002848 1.002848 1.053511 1.053511 1.099217 1.099217 1.138057 1.138057 1.181932 1.181932 1.208909 1.208909
1.735916 1.735916 1.808743 1.856189 1.872189 1.872189 1.885905 1.909132 1.909132 1.928812 1.928812 1.946074 1.953983 1.956527 1.766943 1.766943 1.548973 1.526760 1.495993 1.455289 1.404283 1.343472 1.274236 1.198962 1.121302 1.046657 0.9830126 0.9426134 0.9463123 1.033706 1.033706 1.598089 1.778685 1.893583 1.907874 1.907874 1.884145 1.884145 1.774791 1.774791 1.584589 1.313405 1.313405 1.315900 1.315900 1.365309 1.365309 1.365309 1.418985 1.418985 1.468032 1.468032 1.497707 1.497707 1.551465 1.551465 1.584950 1.584950
1.739498 1.739498 1.810205 1.856704 1.872679 1.872679 1.886488 1.910069 1.910069 1.930207 1.930207 1.947994 1.956187 1.960897 1.837720 1.837720 1.603868 1.600464 1.592032 1.576507 1.552944 1.521016 1.481056 1.434202 1.382635 1.329976 1.282058 1.248522 1.246773 1.315115 1.315115 1.712344 1.875161 2.013106 2.042231 2.042231 2.042396 2.042396 1.971253 1.971253 1.865912 1.615016 1.615016 1.583458 1.583458 1.622052 1.622052 1.622052 1.668796 1.668796 1.710176 1.710176 1.742815 1.742815 1.781434 1.781434 1.809296 1.809296
1.742285 1.742285 1.811394 1.856910 1.872726 1.872726 1.886471 1.910047 1.910047 1.930215 1.930215 1.948021 1.956221 1.962015 1.889811 1.889811 1.633289 1.637882 1.639261 1.635118 1.624936 1.608633 1.586492 1.559280 1.528462 1.496511 1.467471 1.448107 1.450874 1.507039 1.507039 1.805470 1.944817 2.080088 2.110018 2.110018 2.115852 2.115852 2.067725 2.067725 2.010814 1.824672 1.824672 1.756684 1.756684 1.785822 1.785822 1.785822 1.825823 1.825823 1.862082 1.862082 1.891379 1.891379 1.922475 1.922475 1.946654 1.946654
1.744380 1.744380 1.812361 1.857090 1.872761 1.872761 1.886444 1.910012 1.910012 1.930203 1.930203 1.948019 1.956219 1.962714 1.918731 1.918731 1.659383 1.668916 1.676349 1.678146 1.674320 1.665376 1.652063 1.635391 1.616769 1.598165 1.582499 1.574377 1.581965 1.630797 1.630797 1.864353 1.982064 2.102988 2.127320 2.127320 2.129765 2.129765 2.101878 2.101878 2.076080 1.966242 1.966242 1.884661 1.884661 1.893780 1.893780 1.893780 1.927963 1.927963 1.960648 1.960648 1.987671 1.987671 2.014040 2.014040 2.035321 2.035321
1.745837 1.745837 1.813074 1.857231 1.872787 1.872787 1.886420 1.909982 1.909982 1.930194 1.930194 1.948019 1.956219 1.963171 1.937639 1.937639 1.689507 1.701074 1.713446 1.719392 1.719109 1.713550 1.703949 1.691761 1.678723 1.666805 1.658416 1.656811 1.666984 1.708344 1.708344 1.892773 1.990584 2.087538 2.103205 2.103205 2.105116 2.105116 2.102045 2.102045 2.098505 2.053292 2.053292 1.986294 1.986294 1.972882 1.972882 1.972882 1.999394 1.999394 2.028049 2.028049 2.052802 2.052802 2.075558 2.075558 2.093959 2.093959
1.746696 1.746696 1.813510 1.857320 1.872804 1.872804 1.886404 1.909961 1.909961 1.930187 1.930187 1.948018 1.956219 1.963468 1.949910 1.949910 1.729752 1.737060 1.753508 1.763003 1.765250 1.761433 1.753093 1.741992 1.730316 1.720347 1.714432 1.715326 1.725266 1.756218 1.756218 1.894018 1.971325 2.037060 2.046283 2.046283 2.059947 2.059947 2.085776 2.085776 2.098861 2.099763 2.099763 2.062866 2.062866 2.036417 2.036417 2.036417 2.053499 2.053499 2.076694 2.076694 2.098312 2.098312 2.117493 2.117493 2.132810 2.132810
1.746980 1.746980 1.813657 1.857352 1.872810 1.872810 1.886398 1.909955 1.909955 1.930186 1.930186 1.948018 1.956220 1.963662 1.957783 1.957783 1.783940 1.779401 1.797751 1.809839 1.814098 1.811380 1.803238 1.791658 1.779121 1.768265 1.761734 1.761748 1.766321 1.778963 1.778963 1.871651 1.922363 1.958540 1.969840 1.969840 2.009155 2.009155 2.062711 2.062711 2.087961 2.119414 2.119414 2.113923 2.113923 2.089174 2.089174 2.089174 2.097457 2.097457 2.113953 2.113953 2.131089 2.131089 2.146274 2.146274 2.158283 2.158283
1.746696 1.746696 1.813510 1.857320 1.872804 1.872804 1.886404 1.909961 1.909961 1.930187 1.930187 1.948018 1.956219 1.963787 1.962790 1.962790 1.845064 1.831773 1.847576 1.860925 1.866529 1.864364 1.855782 1.842832 1.828172 1.814748 1.805500 1.801852 1.794630 1.776150 1.776150 1.818974 1.839801 1.865402 1.889223 1.889223 1.960786 1.960786 2.036892 2.036892 2.070910 2.122519 2.122519 2.142646 2.142646 2.131353 2.131353 2.131353 2.134118 2.134118 2.143820 2.143820 2.155363 2.155363 2.165895 2.165895 2.174202 2.174202
1.745838 1.745838 1.813074 1.857230 1.872787 1.872787 1.886420 1.909982 1.909982 1.930194 1.930194 1.948018 1.956219 1.963868 1.965956 1.965956 1.907882 1.894862 1.905813 1.917911 1.923364 1.920822 1.911125 1.896147 1.878559 1.861501 1.848149 1.838188 1.807773 1.737480 1.737480 1.726747 1.727279 1.773407 1.814896 1.814896 1.917078 1.917078 2.009981 2.009981 2.050393 2.115657 2.115657 2.154459 2.154459 2.162001 2.162001 2.162001 2.163631 2.163631 2.167807 2.167807 2.173336 2.173336 2.178584 2.178584 2.182780 2.182780
1.744380 1.744380 1.812361 1.857090 1.872761 1.872761 1.886444 1.910012 1.910012 1.930204 1.930204 1.948019 1.956219 1.963920 1.967942 1.967942 1.970924 1.967159 1.974285 1.982558 1.985520 1.981010 1.969170 1.951455 1.930314 1.908904 1.890474 1.870142 1.791475 1.643067 1.643067 1.600906 1.606432 1.690813 1.744370 1.744370 1.876117 1.876117 1.981741 1.981741 2.027079 2.102100 2.102100 2.154080 2.154080 2.180645 2.180645 2.180645 2.184826 2.184826 2.185560 2.185560 2.185447 2.185447 2.185146 2.185146 2.185010 2.185010
