simulation_files/asc/Velocity__y_293.0.asc
NCOLS        79
NROWS        79
XLLCENTER         -1.500000
YLLCENTER         -4.800000
CELLSIZE           0.100
NODATA_VALUE     -9999.0
[rows 0 to 26 of 79, columns 0 to 58 of 79]
-9999.000 -9999.000 -9999.000 -9999.000 -9999.000 -9999.000 -9999.000 -9999.000 -9999.000 -9999.000 -9999.000 -9999.000 -9999.000 -9999.000 -9999.000 -0.9488942E-01 -0.9249699E-01 -0.9178128E-01 -0.9192981E-01 -0.9243861E-01 -0.9304983E-01 -0.9369334E-01 -0.9431006E-01 -0.9485227E-01 -0.9534343E-01 -0.9578142E-01 -0.9620821E-01 -0.9681726E-01 -0.9821731E-01 -0.9956636E-01 -0.9956636E-01 -9999.000 -9999.000 -9999.000 -9999.000 -9999.000 -9999.000 -9999.000 -9999.000 -9999.000 -9999.000 -9999.000 -9999.000 -9999.000 -9999.000 -9999.000 -9999.000 -9999.000 -9999.000 -9999.000 -9999.000 -9999.000 -9999.000 -9999.000 -9999.000 -9999.000 -9999.000 -9999.000 -9999.000
-9999.000 -9999.000 -9999.000 -9999.000 -9999.000 -9999.000 -9999.000 -9999.000 -9999.000 -9999.000 -9999.000 -9999.000 -9999.000 -9999.000 -9999.000 -0.9410565E-01 -0.8915062E-01 -0.8763745E-01 -0.8798896E-01 -0.8914395E-01 -0.9055129E-01 -0.9205354E-01 -0.9351678E-01 -0.9483248E-01 -0.9604323E-01 -0.9713996E-01 -0.9820626E-01 -0.9964509E-01 -0.1027263 -0.1059987 -0.1059987 -9999.000 -9999.000 -9999.000 -9999.000 -9999.000 -9999.000 -9999.000 -9999.000 -9999.000 -9999.000 -9999.000 -9999.000 -9999.000 -9999.000 -9999.000 -9999.000 -9999.000 -9999.000 -9999.000 -9999.000 -9999.000 -9999.000 -9999.000 -9999.000 -9999.000 -9999.000 -9999.000 -9999.000
-9999.000 -9999.000 -9999.000 -9999.000 -9999.000 -9999.000 -9999.000 -9999.000 -9999.000 -9999.000 -9999.000 -9999.000 -9999.000 -9999.000 -9999.000 -0.9204505E-01 -0.8437392E-01 -0.8197755E-01 -0.8264116E-01 -0.8466689E-01 -0.8716133E-01 -0.8985785E-01 -0.9252506E-01 -0.9497388E-01 -0.9725966E-01 -0.9935539E-01 -0.1013849 -0.1039838 -0.1091731 -0.1151408 -0.1151408 -9999.000 -9999.000 -9999.000 -9999.000 -9999.000 -9999.000 -9999.000 -9999.000 -9999.000 -9999.000 -9999.000 -9999.000 -9999.000 -9999.000 -9999.000 -9999.000 -9999.000 -9999.000 -9999.000 -9999.000 -9999.000 -9999.000 -9999.000 -9999.000 -9999.000 -9999.000 -9999.000 -9999.000
-9999.000 -9999.000 -9999.000 -9999.000 -9999.000 -9999.000 -9999.000 -9999.000 -9999.000 -9999.000 -9999.000 -9999.000 -9999.000 -9999.000 -9999.000 -0.8935642E-01 -0.7904547E-01 -0.7578585E-01 -0.7682305E-01 -0.7980297E-01 -0.8348133E-01 -0.8748113E-01 -0.9146843E-01 -0.9516756E-01 -0.9864569E-01 -0.1018512 -0.1049456 -0.1088054 -0.1162403 -0.1254177 -0.1254177 -9999.000 -9999.000 -9999.000 -9999.000 -9999.000 -9999.000 -9999.000 -9999.000 -9999.000 -9999.000 -9999.000 -9999.000 -9999.000 -9999.000 -9999.000 -9999.000 -9999.000 -9999.000 -9999.000 -9999.000 -9999.000 -9999.000 -9999.000 -9999.000 -9999.000 -9999.000 -9999.000 -9999.000
-9999.000 -9999.000 -9999.000 -9999.000 -9999.000 -9999.000 -9999.000 -9999.000 -9999.000 -9999.000 -9999.000 -9999.000 -9999.000 -9999.000 -9999.000 -0.8626861E-01 -0.7335261E-01 -0.6923412E-01 -0.7068475E-01 -0.7467367E-01 -0.7959784E-01 -0.8496946E-01 -0.9034842E-01 -0.9536810E-01 -0.1001094 -0.1044921 -0.1087165 -0.1139132 -0.1237324 -0.1366770 -0.1366770 -9999.000 -9999.000 -9999.000 -9999.000 -9999.000 -9999.000 -9999.000 -9999.000 -9999.000 -9999.000 -9999.000 -9999.000 -9999.000 -9999.000 -9999.000 -9999.000 -9999.000 -9999.000 -9999.000 -9999.000 -9999.000 -9999.000 -9999.000 -9999.000 -9999.000 -9999.000 -9999.000 -9999.000
-9999.000 -9999.000 -9999.000 -9999.000 -9999.000 -9999.000 -9999.000 -9999.000 -9999.000 -9999.000 -9999.000 -9999.000 -9999.000 -9999.000 -9999.000 -0.8285973E-01 -0.6736679E-01 -0.6239119E-01 -0.6428868E-01 -0.6932951E-01 -0.7554486E-01 -0.8233893E-01 -0.8916043E-01 -0.9554931E-01 -0.1016040 -0.1072116 -0.1126151 -0.1192170 -0.1315712 -0.1489336 -0.1489336 -9999.000 -9999.000 -9999.000 -9999.000 -9999.000 -9999.000 -9999.000 -9999.000 -9999.000 -9999.000 -9999.000 -9999.000 -9999.000 -9999.000 -9999.000 -9999.000 -9999.000 -9999.000 -9999.000 -9999.000 -9999.000 -9999.000 -9999.000 -9999.000 -9999.000 -9999.000 -9999.000 -9999.000
-9999.000 -9999.000 -9999.000 -9999.000 -9999.000 -9999.000 -9999.000 -9999.000 -9999.000 -9999.000 -9999.000 -9999.000 -9999.000 -9999.000 -9999.000 -0.7913883E-01 -0.6110433E-01 -0.5527673E-01 -0.5765457E-01 -0.6378683E-01 -0.7133175E-01 -0.7959070E-01 -0.8789640E-01 -0.9569217E-01 -0.1031014 -0.1099728 -0.1165970 -0.1246716 -0.1397322 -0.1623036 -0.1623036 -9999.000 -9999.000 -9999.000 -9999.000 -9999.000 -9999.000 -9999.000 -9999.000 -9999.000 -9999.000 -9999.000 -9999.000 -9999.000 -9999.000 -9999.000 -9999.000 -9999.000 -9999.000 -9999.000 -9999.000 -9999.000 -9999.000 -9999.000 -9999.000 -9999.000 -9999.000 -9999.000 -9999.000
-9999.000 -9999.000 -9999.000 -9999.000 -9999.000 -9999.000 -9999.000 -9999.000 -9999.000 -9999.000 -9999.000 -9999.000 -9999.000 -9999.000 -9999.000 -0.7507996E-01 -0.5455432E-01 -0.4788541E-01 -0.5078152E-01 -0.5804459E-01 -0.6695511E-01 -0.7671759E-01 -0.8654430E-01 -0.9577945E-01 -0.1045791 -0.1127482 -0.1206312 -0.1302500 -0.1482151 -0.1769779 -0.1769779 -9999.000 -9999.000 -9999.000 -9999.000 -9999.000 -9999.000 -9999.000 -9999.000 -9999.000 -9999.000 -9999.000 -9999.000 -9999.000 -9999.000 -9999.000 -9999.000 -9999.000 -9999.000 -9999.000 -9999.000 -9999.000 -9999.000 -9999.000 -9999.000 -9999.000 -9999.000 -9999.000 -9999.000
-9999.000 -9999.000 -9999.000 -9999.000 -9999.000 -9999.000 -9999.000 -9999.000 -9999.000 -9999.000 -9999.000 -9999.000 -9999.000 -9999.000 -9999.000 -0.7063771E-01 -0.4769107E-01 -0.4019881E-01 -0.4365591E-01 -0.5209151E-01 -0.6240274E-01 -0.7370641E-01 -0.8508851E-01 -0.9579121E-01 -0.1060140 -0.1155108 -0.1246892 -0.1359291 -0.1570303 -0.1932241 -0.1932241 -9999.000 -9999.000 -9999.000 -9999.000 -9999.000 -9999.000 -9999.000 -9999.000 -9999.000 -9999.000 -9999.000 -9999.000 -9999.000 -9999.000 -9999.000 -9999.000 -9999.000 -9999.000 -9999.000 -9999.000 -9999.000 -9999.000 -9999.000 -9999.000 -9999.000 -9999.000 -9999.000 -9999.000
-9999.000 -9999.000 -9999.000 -9999.000 -9999.000 -9999.000 -9999.000 -9999.000 -9999.000 -9999.000 -9999.000 -9999.000 -9999.000 -9999.000 -9999.000 -0.6575175E-01 -0.4047705E-01 -0.3218787E-01 -0.3625594E-01 -0.4590825E-01 -0.5765551E-01 -0.7053728E-01 -0.8350711E-01 -0.9570167E-01 -0.1073777 -0.1182288 -0.1287364 -0.1416816 -0.1661903 -0.2114033 -0.2114033 -9999.000 -9999.000 -9999.000 -9999.000 -9999.000 -9999.000 -9999.000 -9999.000 -9999.000 -9999.000 -9999.000 -9999.000 -9999.000 -9999.000 -9999.000 -9999.000 -9999.000 -9999.000 -9999.000 -9999.000 -9999.000 -9999.000 -9999.000 -9999.000 -9999.000 -9999.000 -9999.000 -9999.000
-9999.000 -9999.000 -9999.000 -9999.000 -9999.000 -9999.000 -9999.000 -9999.000 -9999.000 -9999.000 -9999.000 -9999.000 -9999.000 -9999.000 -9999.000 -0.6034972E-01 -0.3286460E-01 -0.2381385E-01 -0.2855077E-01 -0.3946770E-01 -0.5268591E-01 -0.6718250E-01 -0.8176992E-01 -0.9547634E-01 -0.1086329 -0.1208595 -0.1327273 -0.1474694 -0.1757040 -0.2320033 -0.2320033 -9999.000 -9999.000 -9999.000 -9999.000 -9999.000 -9999.000 -9999.000 -9999.000 -9999.000 -9999.000 -9999.000 -9999.000 -9999.000 -9999.000 -9999.000 -9999.000 -9999.000 -9999.000 -9999.000 -9999.000 -9999.000 -9999.000 -9999.000 -9999.000 -9999.000 -9999.000 -9999.000 -9999.000
-9999.000 -9999.000 -9999.000 -9999.000 -9999.000 -9999.000 -9999.000 -9999.000 -9999.000 -9999.000 -9999.000 -9999.000 -9999.000 -9999.000 -9999.000 -0.5434453E-01 -0.2479372E-01 -0.1502639E-01 -0.2049948E-01 -0.3273262E-01 -0.4745663E-01 -0.6360382E-01 -0.7983527E-01 -0.9506763E-01 -0.1097264 -0.1233437 -0.1365972 -0.1532352 -0.1855712 -0.2556958 -0.2556958 -9999.000 -9999.000 -9999.000 -9999.000 -9999.000 -9999.000 -9999.000 -9999.000 -9999.000 -9999.000 -9999.000 -9999.000 -9999.000 -9999.000 -9999.000 -9999.000 -9999.000 -9999.000 -9999.000 -9999.000 -9999.000 -9999.000 -9999.000 -9999.000 -9999.000 -9999.000 -9999.000 -9999.000
-9999.000 -9999.000 -9999.000 -9999.000 -9999.000 -9999.000 -9999.000 -9999.000 -9999.000 -9999.000 -9999.000 -9999.000 -9999.000 -9999.000 -9999.000 -0.4762792E-01 -0.1618673E-01 -0.5758817E-02 -0.1204573E-01 -0.2565091E-01 -0.4191534E-01 -0.5974770E-01 -0.7764485E-01 -0.9440877E-01 -0.1105852 -0.1255967 -0.1402518 -0.1588915 -0.1957706 -0.2834286 -0.2834286 -9999.000 -9999.000 -9999.000 -9999.000 -9999.000 -9999.000 -9999.000 -9999.000 -9999.000 -9999.000 -9999.000 -9999.000 -9999.000 -9999.000 -9999.000 -9999.000 -9999.000 -9999.000 -9999.000 -9999.000 -9999.000 -9999.000 -9999.000 -9999.000 -9999.000 -9999.000 -9999.000 -9999.000
-9999.000 -9999.000 -9999.000 -9999.000 -9999.000 -9999.000 -9999.000 -9999.000 -9999.000 -9999.000 -9999.000 -9999.000 -9999.000 -9999.000 -9999.000 -0.3977909E-01 -0.6755386E-02 0.4142171E-02 -0.3144861E-02 -0.1820029E-01 -0.3604573E-01 -0.5559565E-01 -0.7516890E-01 -0.9345111E-01 -0.1111422 -0.1275280 -0.1435787 -0.1643246 -0.2062664 -0.3166224 -0.3166224 -9999.000 -9999.000 -9999.000 -9999.000 -9999.000 -9999.000 -9999.000 -9999.000 -9999.000 -9999.000 -9999.000 -9999.000 -9999.000 -9999.000 -9999.000 -9999.000 -9999.000 -9999.000 -9999.000 -9999.000 -9999.000 -9999.000 -9999.000 -9999.000 -9999.000 -9999.000 -9999.000 -9999.000
-9999.000 -9999.000 -9999.000 -9999.000 -9999.000 -9999.000 -9999.000 -9999.000 -9999.000 -9999.000 -9999.000 -9999.000 -9999.000 -9999.000 -9999.000 -0.1781985E-02 0.1250336E-01 0.1280534E-01 -0.3246675E-03 -0.1671547E-01 -0.3539024E-01 -0.5582681E-01 -0.7622107E-01 -0.9520248E-01 -0.1136888 -0.1308000 -0.1477042 -0.1701851 -0.2171886 -0.3550971 -0.3550971 -9999.000 -9999.000 -9999.000 -9999.000 -9999.000 -9999.000 -9999.000 -9999.000 -9999.000 -9999.000 -9999.000 -9999.000 -9999.000 -9999.000 -9999.000 -9999.000 -9999.000 -9999.000 -9999.000 -9999.000 -9999.000 -9999.000 -9999.000 -9999.000 -9999.000 -9999.000 -9999.000 -9999.000
-0.4403542E-02 -0.4403542E-02 -0.4975294E-02 -0.6474751E-02 -0.6351884E-02 -0.6351884E-02 -0.6320124E-02 -0.6315374E-02 -0.6315374E-02 -0.6298842E-02 -0.6298842E-02 -0.6267740E-02 -0.6251511E-02 -0.6236717E-02 -0.6225939E-02 -0.6225939E-02 0.2388057E-01 0.1833077E-01 0.3244660E-02 -0.1762304E-01 -0.4293452E-01 -0.7155162E-01 -0.1019134 -0.1323952 -0.1621098 -0.1900371 -0.2158569 -0.2414102 -0.2749220 -0.3560545 -0.3560545 -0.1963475 -0.1048500 -0.3570686E-01 -0.2653664E-01 -0.2653664E-01 -0.1943595E-01 -0.1943595E-01 -0.6548414E-02 -0.6548414E-02 0.4655794E-02 0.2713227E-01 0.2713227E-01 0.4255265E-02 0.4255265E-02 -0.3528671E-02 -0.3528671E-02 -0.3528671E-02 0.5771413E-03 0.5771413E-03 0.1244102E-02 0.1244102E-02 0.2724484E-03 0.2724484E-03 -0.1037811E-02 -0.1037811E-02 -0.2283736E-02 -0.2283736E-02 -0.2283736E-02
-0.6774345E-02 -0.6774345E-02 -0.6797089E-02 -0.9373946E-02 -0.8960573E-02 -0.8960573E-02 -0.8840511E-02 -0.8865054E-02 -0.8865054E-02 -0.8882802E-02 -0.8882802E-02 -0.8862216E-02 -0.8849731E-02 -0.8839085E-02 -0.8844706E-02 -0.8844706E-02 0.1935086E-01 0.1419156E-01 -0.1545573E-02 -0.2736105E-01 -0.6122611E-01 -0.1011326 -0.1453455 -0.1920920 -0.2393366 -0.2854446 -0.3287339 -0.3674223 -0.3994876 -0.4234718 -0.4234718 -0.2861328 -0.1894240 -0.9765944E-01 -0.7940751E-01 -0.7940751E-01 -0.5471050E-01 -0.5471050E-01 -0.1098505E-01 -0.1098505E-01 0.2237109E-01 0.8659218E-01 0.8659218E-01 0.6452569E-01 0.6452569E-01 0.1300291E-01 0.1300291E-01 0.1300291E-01 0.6636303E-02 0.6636303E-02 0.2315975E-02 0.2315975E-02 -0.1817237E-02 -0.1817237E-02 -0.5432382E-02 -0.5432382E-02 -0.8211014E-02 -0.8211014E-02 -0.8211014E-02
-0.5593714E-02 -0.5593714E-02 -0.5433267E-02 -0.8081133E-02 -0.7600809E-02 -0.7600809E-02 -0.7413768E-02 -0.7458439E-02 -0.7458439E-02 -0.7526816E-02 -0.7526816E-02 -0.7537740E-02 -0.7537926E-02 -0.7539397E-02 -0.7578721E-02 -0.7578721E-02 0.1168510E-01 0.6385355E-02 -0.9600550E-02 -0.3584637E-01 -0.7092443E-01 -0.1132028 -0.1612213 -0.2135537 -0.2685274 -0.3245895 -0.3800474 -0.4328440 -0.4801005 -0.5145422 -0.5145422 -0.4244797 -0.3401870 -0.2246417 -0.1870624 -0.1870624 -0.1176964 -0.1176964 -0.1412513E-01 -0.1412513E-01 0.5203678E-01 0.1677034 0.1677034 0.1760709 0.1760709 0.6039055E-01 0.6039055E-01 0.6039055E-01 0.2317000E-01 0.2317000E-01 0.3854629E-02 0.3854629E-02 -0.7703516E-02 -0.7703516E-02 -0.1527255E-01 -0.1527255E-01 -0.1984587E-01 -0.1984587E-01 -0.1984587E-01
-0.4428335E-02 -0.4428335E-02 -0.4655848E-02 -0.6491772E-02 -0.6122340E-02 -0.6122340E-02 -0.5927106E-02 -0.5950910E-02 -0.5950910E-02 -0.6025773E-02 -0.6025773E-02 -0.6041204E-02 -0.6041657E-02 -0.6042466E-02 -0.6107507E-02 -0.6107507E-02 0.3802893E-02 -0.3519471E-02 -0.2091488E-01 -0.4802809E-01 -0.8381806E-01 -0.1269744 -0.1762451 -0.2304516 -0.2882987 -0.3485335 -0.4097943 -0.4703336 -0.5274321 -0.5738700 -0.5738700 -0.5302959 -0.4696177 -0.3559043 -0.3038137 -0.3038137 -0.1795532 -0.1795532 -0.3501482E-02 -0.3501482E-02 0.9046602E-01 0.2327702 0.2327702 0.2607779 0.2607779 0.1171676 0.1171676 0.1171676 0.4693754E-01 0.4693754E-01 0.7469083E-02 0.7469083E-02 -0.1472607E-01 -0.1472607E-01 -0.2750055E-01 -0.2750055E-01 -0.3398096E-01 -0.3398096E-01 -0.3398096E-01
-0.3288552E-02 -0.3288552E-02 -0.3656833E-02 -0.4880115E-02 -0.4614709E-02 -0.4614709E-02 -0.4440557E-02 -0.4449456E-02 -0.4449456E-02 -0.4520622E-02 -0.4520622E-02 -0.4537708E-02 -0.4538494E-02 -0.4539144E-02 -0.4636697E-02 -0.4636697E-02 -0.4281471E-02 -0.1536176E-01 -0.3563882E-01 -0.6477611E-01 -0.1019713 -0.1461923 -0.1963935 -0.2515805 -0.3107085 -0.3727469 -0.4366090 -0.5009176 -0.5634427 -0.6181349 -0.6181349 -0.6100392 -0.5741915 -0.4719239 -0.4051033 -0.4051033 -0.2136224 -0.2136224 0.2588991E-01 0.2588991E-01 0.1310081 0.2704330 0.2704330 0.3054287 0.3054287 0.1685066 0.1685066 0.1685066 0.7486759E-01 0.7486759E-01 0.1506807E-01 0.1506807E-01 -0.1970251E-01 -0.1970251E-01 -0.3896098E-01 -0.3896098E-01 -0.4781166E-01 -0.4781166E-01 -0.4781166E-01
-0.2174814E-02 -0.2174814E-02 -0.2510397E-02 -0.3258090E-02 -0.3088608E-02 -0.3088608E-02 -0.2958740E-02 -0.2959666E-02 -0.2959666E-02 -0.3015809E-02 -0.3015809E-02 -0.3031258E-02 -0.3032552E-02 -0.3033717E-02 -0.3174267E-02 -0.3174267E-02 -0.1299399E-01 -0.2941569E-01 -0.5414978E-01 -0.8668875E-01 -0.1263138 -0.1722046 -0.2235395 -0.2795351 -0.3393843 -0.4022659 -0.4673086 -0.5334219 -0.5988340 -0.6587546 -0.6587546 -0.6752596 -0.6602554 -0.5622637 -0.4705452 -0.4705452 -0.2021087 -0.2021087 0.6370306E-01 0.6370306E-01 0.1604363 0.2788118 0.2788118 0.3149824 0.3149824 0.2055507 0.2055507 0.2055507 0.1029914 0.1029914 0.2678074E-01 0.2678074E-01 -0.2103865E-01 -0.2103865E-01 -0.4786981E-01 -0.4786981E-01 -0.5972973E-01 -0.5972973E-01 -0.5972973E-01
-0.1081735E-02 -0.1081735E-02 -0.1275786E-02 -0.1630240E-02 -0.1548401E-02 -0.1548401E-02 -0.1479609E-02 -0.1478213E-02 -0.1478213E-02 -0.1509369E-02 -0.1509369E-02 -0.1518986E-02 -0.1520163E-02 -0.1521313E-02 -0.1719297E-02 -0.1719297E-02 -0.2302145E-01 -0.4636344E-01 -0.7720447E-01 -0.1146541 -0.1579248 -0.2063187 -0.2592218 -0.3160886 -0.3763782 -0.4395226 -0.5048878 -0.5716493 -0.6384193 -0.7013941 -0.7013941 -0.7338539 -0.7328404 -0.6127027 -0.4781289 -0.4781289 -0.1504911 -0.1504911 0.9184948E-01 0.9184948E-01 0.1691778 0.2634539 0.2634539 0.2998071 0.2998071 0.2244427 0.2244427 0.2244427 0.1266852 0.1266852 0.4108611E-01 0.4108611E-01 -0.1830266E-01 -0.1830266E-01 -0.5313443E-01 -0.5313443E-01 -0.6856414E-01 -0.6856414E-01 -0.6856414E-01
-0.4350353E-07 -0.4350353E-07 0.6951100E-07 -0.3699024E-07 0.8817981E-07 0.8817981E-07 -0.1216556E-06 0.1162369E-06 0.1162369E-06 0.4464474E-07 0.4464474E-07 -0.2494434E-07 -0.7596930E-07 -0.2179321E-06 -0.2759369E-03 -0.2759369E-03 -0.3537820E-01 -0.6739389E-01 -0.1061029 -0.1500556 -0.1982793 -0.2501256 -0.3051614 -0.3630879 -0.4236528 -0.4865865 -0.5515425 -0.6179924 -0.6848854 -0.7489554 -0.7489554 -0.7896770 -0.7911834 -0.5991666 -0.4147323 -0.4147323 -0.8780654E-01 -0.8780654E-01 0.9940124E-01 0.9940124E-01 0.1574230 0.2331293 0.2331293 0.2697919 0.2697919 0.2255648 0.2255648 0.2255648 0.1419022 0.1419022 0.5525992E-01 0.5525992E-01 -0.1210175E-01 -0.1210175E-01 -0.5420863E-01 -0.5420863E-01 -0.7337884E-01 -0.7337884E-01 -0.7337884E-01
0.1081575E-02 0.1081575E-02 0.1275851E-02 0.1630274E-02 0.1548377E-02 0.1548377E-02 0.1479518E-02 0.1478354E-02 0.1478354E-02 0.1509303E-02 0.1509303E-02 0.1519032E-02 0.1520195E-02 0.1521126E-02 0.1138252E-02 0.1138252E-02 -0.5158916E-01 -0.9440684E-01 -0.1429170 -0.1950087 -0.2494794 -0.3057102 -0.3634460 -0.4226441 -0.4833563 -0.5456372 -0.6094700 -0.6746538 -0.7403855 -0.8030023 -0.8030023 -0.8419353 -0.8223749 -0.5031364 -0.3015952 -0.3015952 -0.4304893E-01 -0.4304893E-01 0.8844374E-01 0.8844374E-01 0.1325082 0.1957814 0.1957814 0.2320960 0.2320960 0.2118657 0.2118657 0.2118657 0.1462750 0.1462750 0.6619201E-01 0.6619201E-01 -0.3894647E-02 -0.3894647E-02 -0.5110627E-01 -0.5110627E-01 -0.7350297E-01 -0.7350297E-01 -0.7350297E-01
0.2174685E-02 0.2174685E-02 0.2510298E-02 0.3258039E-02 0.3088455E-02 0.3088455E-02 0.2958818E-02 0.2959726E-02 0.2959726E-02 0.3015782E-02 0.3015782E-02 0.3031246E-02 0.3032575E-02 0.3033638E-02 0.2501889E-02 0.2501889E-02 -0.7405106E-01 -0.1303994 -0.1908697 -0.2527159 -0.3145799 -0.3759426 -0.4367777 -0.4973336 -0.5579849 -0.6191263 -0.6810886 -0.7439960 -0.8069512 -0.8631432 -0.8631432 -0.8792719 -0.7894570 -0.3506542 -0.1907686 -0.1907686 -0.2410526E-01 -0.2410526E-01 0.6787709E-01 0.6787709E-01 0.1027127 0.1567525 0.1567525 0.1911707 0.1911707 0.1871648 0.1871648 0.1871648 0.1394798 0.1394798 0.7131871E-01 0.7131871E-01 0.4400038E-02 0.4400038E-02 -0.4437456E-01 -0.4437456E-01 -0.6860838E-01 -0.6860838E-01 -0.6860838E-01
0.3288378E-02 0.3288378E-02 0.3656648E-02 0.4880263E-02 0.4614599E-02 0.4614599E-02 0.4440432E-02 0.4449443E-02 0.4449443E-02 0.4520767E-02 0.4520767E-02 0.4537604E-02 0.4538432E-02 0.4539147E-02 0.3801699E-02 0.3801699E-02 -0.1067661 -0.1802110 -0.2550074 -0.3280489 -0.3980892 -0.4649084 -0.5288405 -0.5905014 -0.6506258 -0.7099598 -0.7691830 -0.8286476 -0.8860166 -0.9216528 -0.9216528 -0.8610089 -0.6394661 -0.2105356 -0.1189152 -0.1189152 -0.2130979E-01 -0.2130979E-01 0.4555434E-01 0.4555434E-01 0.7347354E-01 0.1188792 0.1188792 0.1495619 0.1495619 0.1550951 0.1550951 0.1550951 0.1228721 0.1228721 0.6932764E-01 0.6932764E-01 0.1093604E-01 0.1093604E-01 -0.3496408E-01 -0.3496408E-01 -0.5879277E-01 -0.5879277E-01 -0.5879277E-01
0.4428092E-02 0.4428092E-02 0.4655731E-02 0.6491893E-02 0.6122303E-02 0.6122303E-02 0.5927125E-02 0.5950988E-02 0.5950988E-02 0.6025924E-02 0.6025924E-02 0.6041179E-02 0.6041623E-02 0.6042478E-02 0.5020819E-02 0.5020819E-02 -0.1569042 -0.2520030 -0.3434599 -0.4285856 -0.5068194 -0.5786157 -0.6448954 -0.7067681 -0.7653841 -0.8218539 -0.8771924 -0.9315351 -0.9752842 -0.9411617 -0.9411617 -0.7048439 -0.3888174 -0.1249868 -0.8357572E-01 -0.8357572E-01 -0.2299289E-01 -0.2299289E-01 0.2579683E-01 0.2579683E-01 0.4741227E-01 0.8351345E-01 0.8351345E-01 0.1088075 0.1088075 0.1187325 0.1187325 0.1187325 0.9879059E-01 0.9879059E-01 0.6036786E-01 0.6036786E-01 0.1448638E-01 0.1448638E-01 -0.2399071E-01 -0.2399071E-01 -0.4464410E-01 -0.4464410E-01 -0.4464410E-01
