simulation_files/asc/Velocity__y_13.0.asc
NCOLS        79
NROWS        79
XLLCENTER         -1.500000
YLLCENTER         -4.800000
CELLSIZE           0.100
NODATA_VALUE     -9999.0
[rows 0 to 25 of 79, columns 0 to 58 of 79]
-9999.000 -9999.000 -9999.000 -9999.000 -9999.000 -9999.000 -9999.000 -9999.000 -9999.000 -9999.000 -9999.000 -9999.000 -9999.000 -9999.000 -9999.000 -1.350594 -1.363538 -1.363955 -1.364102 -1.364156 -1.364176 -1.364183 -1.364184 -1.364183 -1.364176 -1.364156 -1.364102 -1.363955 -1.363538 -1.350594 -1.350594 -9999.000 -9999.000 -9999.000 -9999.000 -9999.000 -9999.000 -9999.000 -9999.000 -9999.000 -9999.000 -9999.000 -9999.000 -9999.000 -9999.000 -9999.000 -9999.000 -9999.000 -9999.000 -9999.000 -9999.000 -9999.000 -9999.000 -9999.000 -9999.000 -9999.000 -9999.000 -9999.000 -9999.000
-9999.000 -9999.000 -9999.000 -9999.000 -9999.000 -9999.000 -9999.000 -9999.000 -9999.000 -9999.000 -9999.000 -9999.000 -9999.000 -9999.000 -9999.000 -1.335968 -1.359537 -1.360353 -1.360715 -1.360881 -1.360954 -1.360983 -1.360991 -1.360984 -1.360954 -1.360881 -1.360715 -1.360353 -1.359537 -1.335968 -1.335968 -9999.000 -9999.000 -9999.000 -9999.000 -9999.000 -9999.000 -9999.000 -9999.000 -9999.000 -9999.000 -9999.000 -9999.000 -9999.000 -9999.000 -9999.000 -9999.000 -9999.000 -9999.000 -9999.000 -9999.000 -9999.000 -9999.000 -9999.000 -9999.000 -9999.000 -9999.000 -9999.000 -9999.000
-9999.000 -9999.000 -9999.000 -9999.000 -9999.000 -9999.000 -9999.000 -9999.000 -9999.000 -9999.000 -9999.000 -9999.000 -9999.000 -9999.000 -9999.000 -1.323144 -1.355741 -1.356817 -1.357370 -1.357677 -1.357833 -1.357904 -1.357924 -1.357904 -1.357833 -1.357677 -1.357370 -1.356817 -1.355741 -1.323144 -1.323144 -9999.000 -9999.000 -9999.000 -9999.000 -9999.000 -9999.000 -9999.000 -9999.000 -9999.000 -9999.000 -9999.000 -9999.000 -9999.000 -9999.000 -9999.000 -9999.000 -9999.000 -9999.000 -9999.000 -9999.000 -9999.000 -9999.000 -9999.000 -9999.000 -9999.000 -9999.000 -9999.000 -9999.000
-9999.000 -9999.000 -9999.000 -9999.000 -9999.000 -9999.000 -9999.000 -9999.000 -9999.000 -9999.000 -9999.000 -9999.000 -9999.000 -9999.000 -9999.000 -1.311688 -1.352248 -1.353449 -1.354110 -1.354542 -1.354794 -1.354919 -1.354957 -1.354919 -1.354793 -1.354542 -1.354110 -1.353449 -1.352248 -1.311688 -1.311688 -9999.000 -9999.000 -9999.000 -9999.000 -9999.000 -9999.000 -9999.000 -9999.000 -9999.000 -9999.000 -9999.000 -9999.000 -9999.000 -9999.000 -9999.000 -9999.000 -9999.000 -9999.000 -9999.000 -9999.000 -9999.000 -9999.000 -9999.000 -9999.000 -9999.000 -9999.000 -9999.000 -9999.000
-9999.000 -9999.000 -9999.000 -9999.000 -9999.000 -9999.000 -9999.000 -9999.000 -9999.000 -9999.000 -9999.000 -9999.000 -9999.000 -9999.000 -9999.000 -1.301231 -1.349076 -1.350315 -1.350984 -1.351493 -1.351828 -1.352011 -1.352068 -1.352011 -1.351828 -1.351493 -1.350984 -1.350315 -1.349076 -1.301231 -1.301231 -9999.000 -9999.000 -9999.000 -9999.000 -9999.000 -9999.000 -9999.000 -9999.000 -9999.000 -9999.000 -9999.000 -9999.000 -9999.000 -9999.000 -9999.000 -9999.000 -9999.000 -9999.000 -9999.000 -9999.000 -9999.000 -9999.000 -9999.000 -9999.000 -9999.000 -9999.000 -9999.000 -9999.000
-9999.000 -9999.000 -9999.000 -9999.000 -9999.000 -9999.000 -9999.000 -9999.000 -9999.000 -9999.000 -9999.000 -9999.000 -9999.000 -9999.000 -9999.000 -1.291493 -1.346200 -1.347444 -1.348034 -1.348557 -1.348942 -1.349169 -1.349244 -1.349169 -1.348942 -1.348557 -1.348034 -1.347445 -1.346200 -1.291493 -1.291493 -9999.000 -9999.000 -9999.000 -9999.000 -9999.000 -9999.000 -9999.000 -9999.000 -9999.000 -9999.000 -9999.000 -9999.000 -9999.000 -9999.000 -9999.000 -9999.000 -9999.000 -9999.000 -9999.000 -9999.000 -9999.000 -9999.000 -9999.000 -9999.000 -9999.000 -9999.000 -9999.000 -9999.000
-9999.000 -9999.000 -9999.000 -9999.000 -9999.000 -9999.000 -9999.000 -9999.000 -9999.000 -9999.000 -9999.000 -9999.000 -9999.000 -9999.000 -9999.000 -1.282276 -1.343576 -1.344836 -1.345286 -1.345758 -1.346147 -1.346394 -1.346479 -1.346394 -1.346147 -1.345758 -1.345286 -1.344835 -1.343576 -1.282276 -1.282276 -9999.000 -9999.000 -9999.000 -9999.000 -9999.000 -9999.000 -9999.000 -9999.000 -9999.000 -9999.000 -9999.000 -9999.000 -9999.000 -9999.000 -9999.000 -9999.000 -9999.000 -9999.000 -9999.000 -9999.000 -9999.000 -9999.000 -9999.000 -9999.000 -9999.000 -9999.000 -9999.000 -9999.000
-9999.000 -9999.000 -9999.000 -9999.000 -9999.000 -9999.000 -9999.000 -9999.000 -9999.000 -9999.000 -9999.000 -9999.000 -9999.000 -9999.000 -9999.000 -1.273449 -1.341155 -1.342466 -1.342748 -1.343115 -1.343460 -1.343697 -1.343782 -1.343697 -1.343460 -1.343115 -1.342748 -1.342466 -1.341155 -1.273448 -1.273448 -9999.000 -9999.000 -9999.000 -9999.000 -9999.000 -9999.000 -9999.000 -9999.000 -9999.000 -9999.000 -9999.000 -9999.000 -9999.000 -9999.000 -9999.000 -9999.000 -9999.000 -9999.000 -9999.000 -9999.000 -9999.000 -9999.000 -9999.000 -9999.000 -9999.000 -9999.000 -9999.000 -9999.000
-9999.000 -9999.000 -9999.000 -9999.000 -9999.000 -9999.000 -9999.000 -9999.000 -9999.000 -9999.000 -9999.000 -9999.000 -9999.000 -9999.000 -9999.000 -0.8689554 -1.165863 -1.319384 -1.338285 -1.340197 -1.340810 -1.341079 -1.341165 -1.341095 -1.340899 -1.340639 -1.340410 -1.340304 -1.338895 -1.264927 -1.264927 -9999.000 -9999.000 -9999.000 -9999.000 -9999.000 -9999.000 -9999.000 -9999.000 -9999.000 -9999.000 -9999.000 -9999.000 -9999.000 -9999.000 -9999.000 -9999.000 -9999.000 -9999.000 -9999.000 -9999.000 -9999.000 -9999.000 -9999.000 -9999.000 -9999.000 -9999.000 -9999.000 -9999.000
-9999.000 -9999.000 -9999.000 -9999.000 -9999.000 -9999.000 -9999.000 -9999.000 -9999.000 -9999.000 -9999.000 -9999.000 -9999.000 -9999.000 -9999.000 -0.3751435 -0.4900619 -0.5499378 -0.6415247 -0.7832581 -0.9908947 -1.239004 -1.326038 -1.335969 -1.337857 -1.338184 -1.338223 -1.338307 -1.336761 -1.256657 -1.256657 -9999.000 -9999.000 -9999.000 -9999.000 -9999.000 -9999.000 -9999.000 -9999.000 -9999.000 -9999.000 -9999.000 -9999.000 -9999.000 -9999.000 -9999.000 -9999.000 -9999.000 -9999.000 -9999.000 -9999.000 -9999.000 -9999.000 -9999.000 -9999.000 -9999.000 -9999.000 -9999.000 -9999.000
-9999.000 -9999.000 -9999.000 -9999.000 -9999.000 -9999.000 -9999.000 -9999.000 -9999.000 -9999.000 -9999.000 -9999.000 -9999.000 -9999.000 -9999.000 -0.2820163 -0.3796501 -0.4164491 -0.4373513 -0.4622025 -0.5013099 -0.5587836 -0.6680173 -0.8699707 -1.160060 -1.302255 -1.328774 -1.334565 -1.334261 -1.248355 -1.248355 -9999.000 -9999.000 -9999.000 -9999.000 -9999.000 -9999.000 -9999.000 -9999.000 -9999.000 -9999.000 -9999.000 -9999.000 -9999.000 -9999.000 -9999.000 -9999.000 -9999.000 -9999.000 -9999.000 -9999.000 -9999.000 -9999.000 -9999.000 -9999.000 -9999.000 -9999.000 -9999.000 -9999.000
-9999.000 -9999.000 -9999.000 -9999.000 -9999.000 -9999.000 -9999.000 -9999.000 -9999.000 -9999.000 -9999.000 -9999.000 -9999.000 -9999.000 -9999.000 -0.2181099 -0.3094366 -0.3558366 -0.3880900 -0.4181594 -0.4483017 -0.4710506 -0.4874363 -0.5238937 -0.5893481 -0.7130765 -0.9286436 -1.194482 -1.304977 -1.213438 -1.213438 -9999.000 -9999.000 -9999.000 -9999.000 -9999.000 -9999.000 -9999.000 -9999.000 -9999.000 -9999.000 -9999.000 -9999.000 -9999.000 -9999.000 -9999.000 -9999.000 -9999.000 -9999.000 -9999.000 -9999.000 -9999.000 -9999.000 -9999.000 -9999.000 -9999.000 -9999.000 -9999.000 -9999.000
-9999.000 -9999.000 -9999.000 -9999.000 -9999.000 -9999.000 -9999.000 -9999.000 -9999.000 -9999.000 -9999.000 -9999.000 -9999.000 -9999.000 -9999.000 -0.1609765 -0.2448248 -0.2982607 -0.3396588 -0.3765136 -0.4092928 -0.4338351 -0.4555480 -0.4860332 -0.5135636 -0.5256847 -0.5513331 -0.6002943 -0.6822253 -0.5491208 -0.5491208 -9999.000 -9999.000 -9999.000 -9999.000 -9999.000 -9999.000 -9999.000 -9999.000 -9999.000 -9999.000 -9999.000 -9999.000 -9999.000 -9999.000 -9999.000 -9999.000 -9999.000 -9999.000 -9999.000 -9999.000 -9999.000 -9999.000 -9999.000 -9999.000 -9999.000 -9999.000 -9999.000 -9999.000
-9999.000 -9999.000 -9999.000 -9999.000 -9999.000 -9999.000 -9999.000 -9999.000 -9999.000 -9999.000 -9999.000 -9999.000 -9999.000 -9999.000 -9999.000 -0.1077591 -0.1829582 -0.2406113 -0.2890050 -0.3320687 -0.3693703 -0.3996918 -0.4291753 -0.4621680 -0.4876582 -0.5017326 -0.5195345 -0.5341687 -0.5487654 -0.4534876 -0.4534876 -9999.000 -9999.000 -9999.000 -9999.000 -9999.000 -9999.000 -9999.000 -9999.000 -9999.000 -9999.000 -9999.000 -9999.000 -9999.000 -9999.000 -9999.000 -9999.000 -9999.000 -9999.000 -9999.000 -9999.000 -9999.000 -9999.000 -9999.000 -9999.000 -9999.000 -9999.000 -9999.000 -9999.000
-9999.000 -9999.000 -9999.000 -9999.000 -9999.000 -9999.000 -9999.000 -9999.000 -9999.000 -9999.000 -9999.000 -9999.000 -9999.000 -9999.000 -9999.000 -0.5534719E-01 -0.1222874 -0.1822501 -0.2365329 -0.2857736 -0.3290261 -0.3667031 -0.4037628 -0.4411475 -0.4719862 -0.4993501 -0.5339928 -0.5729210 -0.6235343 -0.5826764 -0.5826764 -9999.000 -9999.000 -9999.000 -9999.000 -9999.000 -9999.000 -9999.000 -9999.000 -9999.000 -9999.000 -9999.000 -9999.000 -9999.000 -9999.000 -9999.000 -9999.000 -9999.000 -9999.000 -9999.000 -9999.000 -9999.000 -9999.000 -9999.000 -9999.000 -9999.000 -9999.000 -9999.000 -9999.000
-0.2690757E-02 -0.2690757E-02 -0.2719909E-02 -0.2980614E-02 -0.3209527E-02 -0.3209527E-02 -0.3525752E-02 -0.4574885E-02 -0.4574885E-02 -0.6709422E-02 -0.6709422E-02 -0.1133456E-01 -0.1546898E-01 -0.2158268E-01 -0.3040275E-01 -0.3040275E-01 -0.9623187E-01 -0.1499251 -0.2027197 -0.2528278 -0.2989689 -0.3418084 -0.3844466 -0.4264900 -0.4646744 -0.5047844 -0.5547400 -0.6166773 -0.7098559 -0.8350556 -0.8350556 -0.7914467 -0.7625736 -9999.000 -0.2479448 -0.2479448 -0.9372715E-01 -0.9372715E-01 -0.1454083E-02 -0.1454083E-02 0.2207421E-01 0.4215106E-01 0.4215106E-01 0.5075349E-01 0.5075349E-01 0.4623907E-01 0.4623907E-01 0.4623907E-01 0.3973017E-01 0.3973017E-01 0.3439021E-01 0.3439021E-01 0.2993869E-01 0.2993869E-01 0.2610290E-01 0.2610290E-01 0.2232079E-01 0.2232079E-01 0.2232079E-01
-0.4571619E-02 -0.4571619E-02 -0.4677941E-02 -0.5541254E-02 -0.6240108E-02 -0.6240108E-02 -0.7168286E-02 -0.1005335E-01 -0.1005335E-01 -0.1531105E-01 -0.1531105E-01 -0.2519000E-01 -0.3313281E-01 -0.4410162E-01 -0.5897526E-01 -0.5897526E-01 -0.1196049 -0.1620439 -0.2055308 -0.2488076 -0.2911663 -0.3332552 -0.3765431 -0.4199334 -0.4619072 -0.5073802 -0.5602227 -0.6205431 -0.6966058 -0.7618744 -0.7618744 -0.6352041 -0.5431530 -0.3716411 -0.2904018 -0.2904018 -0.1828242 -0.1828242 -0.7969527E-01 -0.7969527E-01 -0.2904233E-01 0.5889117E-01 0.5889117E-01 0.1124254 0.1124254 0.1057121 0.1057121 0.1057121 0.8906504E-01 0.8906504E-01 0.7542288E-01 0.7542288E-01 0.6450284E-01 0.6450284E-01 0.5551809E-01 0.5551809E-01 0.4750293E-01 0.4750293E-01 0.4750293E-01
-0.5013505E-02 -0.5013505E-02 -0.5612165E-02 -0.7420239E-02 -0.8753951E-02 -0.8753951E-02 -0.1048455E-01 -0.1565724E-01 -0.1565724E-01 -0.2442068E-01 -0.2442068E-01 -0.3914386E-01 -0.4983763E-01 -0.6353019E-01 -0.8081450E-01 -0.8081450E-01 -0.1370464 -0.1748605 -0.2141877 -0.2537240 -0.2932025 -0.3334467 -0.3752969 -0.4177936 -0.4604415 -0.5066749 -0.5579630 -0.6135334 -0.6762955 -0.7205982 -0.7205982 -0.6323661 -0.5468246 -0.3950222 -0.3254776 -0.3254776 -0.2272311 -0.2272311 -0.1138287 -0.1138287 -0.5555340E-01 0.6722254E-01 0.6722254E-01 0.1584711 0.1584711 0.1666683 0.1666683 0.1666683 0.1415561 0.1415561 0.1175842 0.1175842 0.9801383E-01 0.9801383E-01 0.8243246E-01 0.8243246E-01 0.6992698E-01 0.6992698E-01 0.6992698E-01
-0.5495016E-02 -0.5495016E-02 -0.6382670E-02 -0.8928850E-02 -0.1077050E-01 -0.1077050E-01 -0.1313584E-01 -0.2006932E-01 -0.2006932E-01 -0.3142447E-01 -0.3142447E-01 -0.4958446E-01 -0.6216435E-01 -0.7767128E-01 -0.9651706E-01 -0.9651706E-01 -0.1507434 -0.1859090 -0.2230322 -0.2607510 -0.2987542 -0.3376450 -0.3778841 -0.4188526 -0.4606182 -0.5053477 -0.5533143 -0.6034706 -0.6558397 -0.6898962 -0.6898962 -0.6305278 -0.5637553 -0.4338633 -0.3735166 -0.3735166 -0.2620983 -0.2620983 -0.1179918 -0.1179918 -0.4110992E-01 0.9471492E-01 0.9471492E-01 0.1855960 0.1855960 0.2144415 0.2144415 0.2144415 0.1896968 0.1896968 0.1573049 0.1573049 0.1277175 0.1277175 0.1037779 0.1037779 0.8551500E-01 0.8551500E-01 0.8551500E-01
-0.5913059E-02 -0.5913059E-02 -0.6963192E-02 -0.1004671E-01 -0.1227164E-01 -0.1227164E-01 -0.1511317E-01 -0.2334154E-01 -0.2334154E-01 -0.3655292E-01 -0.3655292E-01 -0.5715542E-01 -0.7110208E-01 -0.8797824E-01 -0.1081044 -0.1081044 -0.1621652 -0.1959415 -0.2318259 -0.2685806 -0.3058019 -0.3437739 -0.3826719 -0.4221308 -0.4624305 -0.5047992 -0.5489580 -0.5938367 -0.6380386 -0.6659117 -0.6659117 -0.6256112 -0.5739971 -0.4619956 -0.4037657 -0.4037657 -0.2656427 -0.2656427 -0.9016339E-01 -0.9016339E-01 -0.1018323E-01 0.1110658 0.1110658 0.1908316 0.1908316 0.2391551 0.2391551 0.2391551 0.2275241 0.2275241 0.1960925 0.1960925 0.1592120 0.1592120 0.1258228 0.1258228 0.9945327E-01 0.9945327E-01 0.9945327E-01
-0.6179031E-02 -0.6179031E-02 -0.7303750E-02 -0.1073310E-01 -0.1321896E-01 -0.1321896E-01 -0.1638587E-01 -0.2549081E-01 -0.2549081E-01 -0.3994809E-01 -0.3994809E-01 -0.6224328E-01 -0.7721022E-01 -0.9521338E-01 -0.1165669 -0.1165669 -0.1720694 -0.2055773 -0.2410387 -0.2773817 -0.3141681 -0.3514518 -0.3892373 -0.4273140 -0.4659671 -0.5057747 -0.5461939 -0.5861664 -0.6237164 -0.6470616 -0.6470616 -0.6189608 -0.5781797 -0.4734154 -0.4061172 -0.4061172 -0.2299340 -0.2299340 -0.5121422E-01 -0.5121422E-01 0.1652534E-01 0.1129107 0.1129107 0.1796133 0.1796133 0.2366970 0.2366970 0.2366970 0.2421570 0.2421570 0.2235951 0.2235951 0.1892868 0.1892868 0.1504910 0.1504910 0.1158181 0.1158181 0.1158181
-0.6231631E-02 -0.6231631E-02 -0.7362378E-02 -0.1095834E-01 -0.1358672E-01 -0.1358672E-01 -0.1693445E-01 -0.2652786E-01 -0.2652786E-01 -0.4169006E-01 -0.4169006E-01 -0.6504778E-01 -0.8076812E-01 -0.9975290E-01 -0.1224091 -0.1224091 -0.1809896 -0.2153199 -0.2512049 -0.2876853 -0.3243308 -0.3610842 -0.3978937 -0.4346541 -0.4715757 -0.5088136 -0.5456783 -0.5810599 -0.6127772 -0.6318234 -0.6318234 -0.6101085 -0.5737577 -0.4540421 -0.3666822 -0.3666822 -0.1720902 -0.1720902 -0.2283934E-01 -0.2283934E-01 0.2855238E-01 0.1037166 0.1037166 0.1599894 0.1599894 0.2173896 0.2173896 0.2173896 0.2337528 0.2337528 0.2304161 0.2304161 0.2080653 0.2080653 0.1728128 0.1728128 0.1342860 0.1342860 0.1342860
-0.6025869E-02 -0.6025869E-02 -0.7106329E-02 -0.1070341E-01 -0.1336022E-01 -0.1336022E-01 -0.1674916E-01 -0.2645968E-01 -0.2645968E-01 -0.4181581E-01 -0.4181581E-01 -0.6563909E-01 -0.8186183E-01 -0.1017109 -0.1258247 -0.1258247 -0.1894458 -0.2257284 -0.2629399 -0.3001701 -0.3370207 -0.3734184 -0.4093422 -0.4447786 -0.4798566 -0.5144634 -0.5477888 -0.5785568 -0.6043882 -0.6178659 -0.6178659 -0.5954677 -0.5522360 -0.3948719 -0.2952851 -0.2952851 -0.1219846 -0.1219846 -0.1085305E-01 -0.1085305E-01 0.2793692E-01 0.8870339E-01 0.8870339E-01 0.1370821 0.1370821 0.1908122 0.1908122 0.1908122 0.2114685 0.2114685 0.2181217 0.2181217 0.2089976 0.2089976 0.1845359 0.1845359 0.1498501 0.1498501 0.1498501
-0.5529243E-02 -0.5529243E-02 -0.6514434E-02 -0.9963244E-02 -0.1253956E-01 -0.1253956E-01 -0.1583432E-01 -0.2529790E-01 -0.2529790E-01 -0.4033652E-01 -0.4033652E-01 -0.6399157E-01 -0.8042348E-01 -0.1009769 -0.1267336 -0.1267336 -0.1980760 -0.2375613 -0.2770611 -0.3156989 -0.3531477 -0.3893934 -0.4245034 -0.4585532 -0.4916050 -0.5233440 -0.5527655 -0.5782035 -0.5967239 -0.6011270 -0.6011270 -0.5675486 -0.5021306 -0.3152988 -0.2243626 -0.2243626 -0.9078276E-01 -0.9078276E-01 -0.9241782E-02 -0.9241782E-02 0.2135628E-01 0.7208242E-01 0.7208242E-01 0.1137849 0.1137849 0.1620343 0.1620343 0.1620343 0.1830587 0.1830587 0.1941865 0.1941865 0.1940015 0.1940015 0.1810419 0.1810419 0.1558534 0.1558534 0.1558534
-0.4719209E-02 -0.4719209E-02 -0.5578529E-02 -0.8749671E-02 -0.1114298E-01 -0.1114298E-01 -0.1421294E-01 -0.2306801E-01 -0.2306801E-01 -0.3725695E-01 -0.3725695E-01 -0.6001402E-01 -0.7625731E-01 -0.9721779E-01 -0.1247335 -0.1247335 -0.2077930 -0.2519392 -0.2947443 -0.3354459 -0.3738747 -0.4101553 -0.4444875 -0.4770322 -0.5077735 -0.5361469 -0.5607126 -0.5789408 -0.5865428 -0.5748903 -0.5748903 -0.5177594 -0.4261583 -0.2450307 -0.1746576 -0.1746576 -0.7188013E-01 -0.7188013E-01 -0.1067179E-01 -0.1067179E-01 0.1403608E-01 0.5632545E-01 0.5632545E-01 0.9161720E-01 0.9161720E-01 0.1333705 0.1333705 0.1333705 0.1527144 0.1527144 0.1648544 0.1648544 0.1690993 0.1690993 0.1642000 0.1642000 0.1490057 0.1490057 0.1490057
-0.3579105E-02 -0.3579105E-02 -0.4303728E-02 -0.7091936E-02 -0.9207529E-02 -0.9207529E-02 -0.1192817E-01 -0.1981648E-01 -0.1981648E-01 -0.3259551E-01 -0.3259551E-01 -0.5358725E-01 -0.6907498E-01 -0.8987234E-01 -0.1189741 -0.1189741 -0.2200490 -0.2706011 -0.3177574 -0.3611014 -0.4007855 -0.4371825 -0.4706748 -0.5014980 -0.5294903 -0.5536277 -0.5715280 -0.5790084 -0.5696490 -0.5330775 -0.5330775 -0.4464057 -0.3449494 -0.1922928 -0.1411431 -0.1411431 -0.5896488E-01 -0.5896488E-01 -0.1142338E-01 -0.1142338E-01 0.8184563E-02 0.4230613E-01 0.4230613E-01 0.7113399E-01 0.7113399E-01 0.1057986 0.1057986 0.1057986 0.1223957 0.1223957 0.1336589 0.1336589 0.1393672 0.1393672 0.1388365 0.1388365 0.1309386 0.1309386 0.1309386
