simulation_files/asc/Velocity__x_8.0.asc
NCOLS        79
NROWS        79
XLLCENTER         -1.500000
YLLCENTER         -4.800000
CELLSIZE           0.100
NODATA_VALUE     -9999.0
[rows 0 to 24 of 79, columns 0 to 57 of 79]
-9999.000 -9999.000 -9999.000 -9999.000 -9999.000 -9999.000 -9999.000 -9999.000 -9999.000 -9999.000 -9999.000 -9999.000 -9999.000 -9999.000 -9999.000 0.8585985E-03 0.1037159E-02 0.3844252E-03 0.1418657E-03 0.5223206E-04 0.1897995E-04 0.6179741E-05 0.5859586E-08 -0.6171716E-05 -0.1896235E-04 -0.5222662E-04 -0.1418617E-03 -0.3844313E-03 -0.1037161E-02 -0.8586001E-03 -0.8586001E-03 -9999.000 -9999.000 -9999.000 -9999.000 -9999.000 -9999.000 -9999.000 -9999.000 -9999.000 -9999.000 -9999.000 -9999.000 -9999.000 -9999.000 -9999.000 -9999.000 -9999.000 -9999.000 -9999.000 -9999.000 -9999.000 -9999.000 -9999.000 -9999.000 -9999.000 -9999.000 -9999.000
-9999.000 -9999.000 -9999.000 -9999.000 -9999.000 -9999.000 -9999.000 -9999.000 -9999.000 -9999.000 -9999.000 -9999.000 -9999.000 -9999.000 -9999.000 0.1932541E-02 0.2440662E-02 0.1146630E-02 0.5114928E-03 0.2204821E-03 0.9115489E-04 0.3254700E-04 0.2731813E-07 -0.3251383E-04 -0.9115892E-04 -0.2204931E-03 -0.5114870E-03 -0.1146631E-02 -0.2440672E-02 -0.1932538E-02 -0.1932538E-02 -9999.000 -9999.000 -9999.000 -9999.000 -9999.000 -9999.000 -9999.000 -9999.000 -9999.000 -9999.000 -9999.000 -9999.000 -9999.000 -9999.000 -9999.000 -9999.000 -9999.000 -9999.000 -9999.000 -9999.000 -9999.000 -9999.000 -9999.000 -9999.000 -9999.000 -9999.000 -9999.000
-9999.000 -9999.000 -9999.000 -9999.000 -9999.000 -9999.000 -9999.000 -9999.000 -9999.000 -9999.000 -9999.000 -9999.000 -9999.000 -9999.000 -9999.000 0.2906053E-02 0.3812571E-02 0.2135095E-02 0.1106747E-02 0.5430618E-03 0.2501227E-03 0.9642679E-04 0.4785736E-08 -0.9639549E-04 -0.2501011E-03 -0.5430548E-03 -0.1106735E-02 -0.2135091E-02 -0.3812583E-02 -0.2906062E-02 -0.2906062E-02 -9999.000 -9999.000 -9999.000 -9999.000 -9999.000 -9999.000 -9999.000 -9999.000 -9999.000 -9999.000 -9999.000 -9999.000 -9999.000 -9999.000 -9999.000 -9999.000 -9999.000 -9999.000 -9999.000 -9999.000 -9999.000 -9999.000 -9999.000 -9999.000 -9999.000 -9999.000 -9999.000
-9999.000 -9999.000 -9999.000 -9999.000 -9999.000 -9999.000 -9999.000 -9999.000 -9999.000 -9999.000 -9999.000 -9999.000 -9999.000 -9999.000 -9999.000 0.3656741E-02 0.4956762E-02 0.3179419E-02 0.1861827E-02 0.1017948E-02 0.5132995E-03 0.2109024E-03 0.6260978E-08 -0.2108780E-03 -0.5132842E-03 -0.1017972E-02 -0.1861832E-02 -0.3179365E-02 -0.4956754E-02 -0.3656750E-02 -0.3656750E-02 -9999.000 -9999.000 -9999.000 -9999.000 -9999.000 -9999.000 -9999.000 -9999.000 -9999.000 -9999.000 -9999.000 -9999.000 -9999.000 -9999.000 -9999.000 -9999.000 -9999.000 -9999.000 -9999.000 -9999.000 -9999.000 -9999.000 -9999.000 -9999.000 -9999.000 -9999.000 -9999.000
-9999.000 -9999.000 -9999.000 -9999.000 -9999.000 -9999.000 -9999.000 -9999.000 -9999.000 -9999.000 -9999.000 -9999.000 -9999.000 -9999.000 -9999.000 0.4167825E-02 0.5809466E-02 0.4147141E-02 0.2684551E-02 0.1607276E-02 0.8745730E-03 0.3788802E-03 0.1927194E-07 -0.3788557E-03 -0.8745941E-03 -0.1607314E-02 -0.2684560E-02 -0.4147151E-02 -0.5809455E-02 -0.4167790E-02 -0.4167790E-02 -9999.000 -9999.000 -9999.000 -9999.000 -9999.000 -9999.000 -9999.000 -9999.000 -9999.000 -9999.000 -9999.000 -9999.000 -9999.000 -9999.000 -9999.000 -9999.000 -9999.000 -9999.000 -9999.000 -9999.000 -9999.000 -9999.000 -9999.000 -9999.000 -9999.000 -9999.000 -9999.000
-9999.000 -9999.000 -9999.000 -9999.000 -9999.000 -9999.000 -9999.000 -9999.000 -9999.000 -9999.000 -9999.000 -9999.000 -9999.000 -9999.000 -9999.000 0.4471542E-02 0.6381381E-02 0.4958430E-02 0.3485388E-02 0.2251715E-02 0.1305981E-02 0.5910547E-03 0.6745544E-08 -0.5910517E-03 -0.1305975E-02 -0.2251751E-02 -0.3485447E-02 -0.4958491E-02 -0.6381384E-02 -0.4471548E-02 -0.4471548E-02 -9999.000 -9999.000 -9999.000 -9999.000 -9999.000 -9999.000 -9999.000 -9999.000 -9999.000 -9999.000 -9999.000 -9999.000 -9999.000 -9999.000 -9999.000 -9999.000 -9999.000 -9999.000 -9999.000 -9999.000 -9999.000 -9999.000 -9999.000 -9999.000 -9999.000 -9999.000 -9999.000
-9999.000 -9999.000 -9999.000 -9999.000 -9999.000 -9999.000 -9999.000 -9999.000 -9999.000 -9999.000 -9999.000 -9999.000 -9999.000 -9999.000 -9999.000 0.4616191E-02 0.6716939E-02 0.5579078E-02 0.4194279E-02 0.2886387E-02 0.1765204E-02 0.8282257E-03 0.1125260E-07 -0.8282387E-03 -0.1765230E-02 -0.2886404E-02 -0.4194340E-02 -0.5579113E-02 -0.6716946E-02 -0.4616223E-02 -0.4616223E-02 -9999.000 -9999.000 -9999.000 -9999.000 -9999.000 -9999.000 -9999.000 -9999.000 -9999.000 -9999.000 -9999.000 -9999.000 -9999.000 -9999.000 -9999.000 -9999.000 -9999.000 -9999.000 -9999.000 -9999.000 -9999.000 -9999.000 -9999.000 -9999.000 -9999.000 -9999.000 -9999.000
-9999.000 -9999.000 -9999.000 -9999.000 -9999.000 -9999.000 -9999.000 -9999.000 -9999.000 -9999.000 -9999.000 -9999.000 -9999.000 -9999.000 -9999.000 0.4648633E-02 0.6869131E-02 0.6006929E-02 0.4765976E-02 0.3453475E-02 0.2205771E-02 0.1065754E-02 0.7182454E-08 -0.1065779E-02 -0.2205785E-02 -0.3453510E-02 -0.4766052E-02 -0.6006963E-02 -0.6869159E-02 -0.4648669E-02 -0.4648669E-02 -9999.000 -9999.000 -9999.000 -9999.000 -9999.000 -9999.000 -9999.000 -9999.000 -9999.000 -9999.000 -9999.000 -9999.000 -9999.000 -9999.000 -9999.000 -9999.000 -9999.000 -9999.000 -9999.000 -9999.000 -9999.000 -9999.000 -9999.000 -9999.000 -9999.000 -9999.000 -9999.000
-9999.000 -9999.000 -9999.000 -9999.000 -9999.000 -9999.000 -9999.000 -9999.000 -9999.000 -9999.000 -9999.000 -9999.000 -9999.000 -9999.000 -9999.000 0.4607035E-02 0.6886838E-02 0.6258514E-02 0.5178567E-02 0.3910042E-02 0.2585910E-02 0.1279121E-02 0.1578426E-07 -0.1279134E-02 -0.2585966E-02 -0.3910091E-02 -0.5178645E-02 -0.6258554E-02 -0.6886893E-02 -0.4607098E-02 -0.4607098E-02 -9999.000 -9999.000 -9999.000 -9999.000 -9999.000 -9999.000 -9999.000 -9999.000 -9999.000 -9999.000 -9999.000 -9999.000 -9999.000 -9999.000 -9999.000 -9999.000 -9999.000 -9999.000 -9999.000 -9999.000 -9999.000 -9999.000 -9999.000 -9999.000 -9999.000 -9999.000 -9999.000
-9999.000 -9999.000 -9999.000 -9999.000 -9999.000 -9999.000 -9999.000 -9999.000 -9999.000 -9999.000 -9999.000 -9999.000 -9999.000 -9999.000 -9999.000 0.4519328E-02 0.6809372E-02 0.6358601E-02 0.5428839E-02 0.4230862E-02 0.2875074E-02 0.1448434E-02 -0.3592242E-07 -0.1448494E-02 -0.2875138E-02 -0.4230943E-02 -0.5428920E-02 -0.6358625E-02 -0.6809382E-02 -0.4519372E-02 -0.4519372E-02 -9999.000 -9999.000 -9999.000 -9999.000 -9999.000 -9999.000 -9999.000 -9999.000 -9999.000 -9999.000 -9999.000 -9999.000 -9999.000 -9999.000 -9999.000 -9999.000 -9999.000 -9999.000 -9999.000 -9999.000 -9999.000 -9999.000 -9999.000 -9999.000 -9999.000 -9999.000 -9999.000
-9999.000 -9999.000 -9999.000 -9999.000 -9999.000 -9999.000 -9999.000 -9999.000 -9999.000 -9999.000 -9999.000 -9999.000 -9999.000 -9999.000 -9999.000 0.4404152E-02 0.6665831E-02 0.6334079E-02 0.5526843E-02 0.4407788E-02 0.3056436E-02 0.1561111E-02 -0.1034844E-06 -0.1561227E-02 -0.3056501E-02 -0.4407862E-02 -0.5526907E-02 -0.6334104E-02 -0.6665827E-02 -0.4404173E-02 -0.4404173E-02 -9999.000 -9999.000 -9999.000 -9999.000 -9999.000 -9999.000 -9999.000 -9999.000 -9999.000 -9999.000 -9999.000 -9999.000 -9999.000 -9999.000 -9999.000 -9999.000 -9999.000 -9999.000 -9999.000 -9999.000 -9999.000 -9999.000 -9999.000 -9999.000 -9999.000 -9999.000 -9999.000
-9999.000 -9999.000 -9999.000 -9999.000 -9999.000 -9999.000 -9999.000 -9999.000 -9999.000 -9999.000 -9999.000 -9999.000 -9999.000 -9999.000 -9999.000 0.4273313E-02 0.6476847E-02 0.6210459E-02 0.5491081E-02 0.4446842E-02 0.3126926E-02 0.1612696E-02 -0.1161027E-06 -0.1612856E-02 -0.3127020E-02 -0.4446881E-02 -0.5491116E-02 -0.6210423E-02 -0.6476820E-02 -0.4273307E-02 -0.4273307E-02 -9999.000 -9999.000 -9999.000 -9999.000 -9999.000 -9999.000 -9999.000 -9999.000 -9999.000 -9999.000 -9999.000 -9999.000 -9999.000 -9999.000 -9999.000 -9999.000 -9999.000 -9999.000 -9999.000 -9999.000 -9999.000 -9999.000 -9999.000 -9999.000 -9999.000 -9999.000 -9999.000
-9999.000 -9999.000 -9999.000 -9999.000 -9999.000 -9999.000 -9999.000 -9999.000 -9999.000 -9999.000 -9999.000 -9999.000 -9999.000 -9999.000 -9999.000 0.4133862E-02 0.6256954E-02 0.6010878E-02 0.5344709E-02 0.4364593E-02 0.3095001E-02 0.1606020E-02 -0.1125990E-06 -0.1606178E-02 -0.3095097E-02 -0.4364631E-02 -0.5344730E-02 -0.6010852E-02 -0.6256895E-02 -0.4133823E-02 -0.4133823E-02 -9999.000 -9999.000 -9999.000 -9999.000 -9999.000 -9999.000 -9999.000 -9999.000 -9999.000 -9999.000 -9999.000 -9999.000 -9999.000 -9999.000 -9999.000 -9999.000 -9999.000 -9999.000 -9999.000 -9999.000 -9999.000 -9999.000 -9999.000 -9999.000 -9999.000 -9999.000 -9999.000
-9999.000 -9999.000 -9999.000 -9999.000 -9999.000 -9999.000 -9999.000 -9999.000 -9999.000 -9999.000 -9999.000 -9999.000 -9999.000 -9999.000 -9999.000 0.3990021E-02 0.6016706E-02 0.5755944E-02 0.5112946E-02 0.4184218E-02 0.2977255E-02 0.1549398E-02 -0.8918755E-07 -0.1549558E-02 -0.2977362E-02 -0.4184258E-02 -0.5112968E-02 -0.5755933E-02 -0.6016641E-02 -0.3989982E-02 -0.3989982E-02 -9999.000 -9999.000 -9999.000 -9999.000 -9999.000 -9999.000 -9999.000 -9999.000 -9999.000 -9999.000 -9999.000 -9999.000 -9999.000 -9999.000 -9999.000 -9999.000 -9999.000 -9999.000 -9999.000 -9999.000 -9999.000 -9999.000 -9999.000 -9999.000 -9999.000 -9999.000 -9999.000
-9999.000 -9999.000 -9999.000 -9999.000 -9999.000 -9999.000 -9999.000 -9999.000 -9999.000 -9999.000 -9999.000 -9999.000 -9999.000 -9999.000 -9999.000 0.8329677E-01 0.1416326 0.1098105 0.5147551E-01 0.2161452E-01 0.9119227E-02 0.3679238E-02 0.7800743E-03 -0.1180615E-02 -0.2698381E-02 -0.3897892E-02 -0.4808955E-02 -0.5459745E-02 -0.5763016E-02 -0.3844267E-02 -0.3844267E-02 -9999.000 -9999.000 -9999.000 -9999.000 -9999.000 -9999.000 -9999.000 -9999.000 -9999.000 -9999.000 -9999.000 -9999.000 -9999.000 -9999.000 -9999.000 -9999.000 -9999.000 -9999.000 -9999.000 -9999.000 -9999.000 -9999.000 -9999.000 -9999.000 -9999.000 -9999.000 -9999.000
0.8794799 0.8794799 0.8951409 0.4589315 0.4143522 0.4143522 0.3843222 0.3224977 0.3224977 0.2569873 0.2569873 0.1963807 0.1696084 0.1449125 0.1200819 0.1200819 0.1884982 0.2228189 0.2187538 0.1629709 0.8643493E-01 0.3777583E-01 0.1438646E-01 0.4296337E-02 0.5460831E-04 -0.1296165E-02 -0.1071919E-03 0.5604256E-02 0.2245522E-01 0.6127850E-01 0.6127850E-01 0.4159877 0.1538195 0.6014045E-01 0.5282819E-01 0.5282819E-01 -9999.000 -9999.000 -9999.000 -9999.000 -9999.000 -9999.000 -9999.000 -9999.000 -9999.000 -9999.000 -9999.000 -9999.000 -9999.000 -9999.000 -9999.000 -9999.000 -9999.000 -9999.000 -9999.000 -9999.000 -9999.000 -9999.000
0.8890324 0.8890324 0.9153429 0.4827319 0.4406946 0.4406946 0.4142310 0.3595383 0.3595383 0.2997033 0.2997033 0.2390296 0.2089716 0.1788867 0.1480753 0.1480753 0.1943198 0.2343171 0.2553617 0.2580426 0.2384520 0.1785759 0.1013601 0.4757535E-01 0.2047932E-01 0.1089515E-01 0.1257162E-01 0.2565680E-01 0.5765295E-01 0.1195367 0.1195367 0.4182371 0.2831640 0.6271956E-01 0.9646869E-01 0.9646869E-01 0.6907532E-01 0.6907532E-01 -9999.000 -9999.000 -9999.000 -9999.000 -9999.000 -9999.000 -9999.000 -9999.000 -9999.000 -9999.000 -9999.000 -9999.000 -9999.000 -9999.000 -9999.000 -9999.000 -9999.000 -9999.000 -9999.000 -9999.000
0.8901466 0.8901466 0.9147366 0.4876340 0.4456800 0.4456800 0.4214986 0.3710912 0.3710912 0.3149695 0.3149695 0.2568668 0.2275118 0.1977405 0.1672460 0.1672460 0.1977060 0.2377260 0.2632888 0.2750924 0.2779458 0.2694287 0.2397416 0.1760561 0.1062016 0.6089519E-01 0.4554501E-01 0.5649484E-01 0.9527277E-01 0.1688951 0.1688951 0.4425817 0.3723368 0.1933829 0.1393819 0.1393819 0.5196618E-01 0.5196618E-01 0.6707557E-01 0.6707557E-01 -9999.000 -9999.000 -9999.000 -9999.000 -9999.000 -9999.000 -9999.000 -9999.000 -9999.000 -9999.000 -9999.000 -9999.000 -9999.000 -9999.000 -9999.000 -9999.000 -9999.000 -9999.000
0.8907826 0.8907826 0.9156610 0.4933035 0.4479130 0.4479130 0.4247589 0.3771876 0.3771876 0.3244369 0.3244369 0.2700446 0.2424546 0.2142653 0.1852484 0.1852484 0.2021424 0.2406974 0.2693501 0.2855492 0.2928690 0.2933199 0.2888799 0.2740116 0.2363400 0.1778785 0.1304647 0.1162313 0.1435374 0.2147920 0.2147920 0.4598800 0.4138118 0.2201097 0.1411016 0.1411016 0.3257277E-01 0.3257277E-01 0.1254273 0.1254273 0.1524936 0.1795950 0.1795950 0.1831468 0.1831468 0.1325224 0.1325224 0.1325224 -9999.000 -9999.000 -9999.000 -9999.000 -9999.000 -9999.000 -9999.000 -9999.000 -9999.000 -9999.000
0.8911505 0.8911505 0.9163179 0.5032716 0.4511214 0.4511214 0.4284201 0.3835681 0.3835681 0.3345126 0.3345126 0.2844532 0.2589885 0.2327329 0.2053932 0.2053932 0.2098889 0.2450879 0.2757120 0.2958215 0.3069391 0.3114623 0.3124919 0.3111039 0.3054277 0.2880642 0.2536725 0.2230519 0.2236734 0.2745204 0.2745204 0.4817881 0.4465168 0.2392379 0.1363188 0.1363188 0.1171212E-01 0.1171212E-01 0.1762467 0.1762467 0.2200589 0.2753986 0.2753986 0.3070035 0.3070035 0.3174035 0.3174035 0.3174035 0.2966325 0.2966325 0.2128830 0.2128830 -9999.000 -9999.000 -9999.000 -9999.000 -9999.000 -9999.000
0.8913575 0.8913575 0.9167438 0.5186030 0.4554846 0.4554846 0.4327811 0.3909346 0.3909346 0.3461801 0.3461801 0.3010994 0.2780646 0.2540345 0.2285949 0.2285949 0.2224137 0.2523520 0.2832672 0.3065462 0.3214498 0.3297569 0.3344184 0.3378117 0.3415835 0.3455144 0.3450187 0.3364754 0.3337241 0.3643740 0.3643740 0.5294372 0.5022492 0.2885512 0.1602902 0.1602902 0.1210712E-01 0.1210712E-01 0.2471776 0.2471776 0.3013331 0.3674605 0.3674605 0.4009219 0.4009219 0.4209411 0.4209411 0.4209411 0.4184812 0.4184812 0.3813472 0.3813472 0.2965962 0.2965962 0.5616583E-01 0.5616583E-01 -9999.000 -9999.000
0.8914625 0.8914625 0.9169806 0.5406071 0.4607145 0.4607145 0.4374183 0.3989215 0.3989215 0.3591634 0.3591634 0.3197644 0.2995026 0.2780536 0.2548635 0.2548635 0.2403390 0.2635855 0.2927813 0.3179581 0.3361976 0.3481703 0.3562854 0.3631164 0.3711464 0.3823950 0.3971997 0.4132469 0.4308275 0.4658001 0.4658001 0.6038427 0.5928274 0.3584066 0.1834503 0.1834503 0.1821947 0.1821947 0.3319630 0.3319630 0.3935681 0.4652727 0.4652727 0.4987856 0.4987856 0.5077524 0.5077524 0.5077524 0.5115299 0.5115299 0.4930882 0.4930882 0.4413875 0.4413875 0.3373191 0.3373191 -9999.000 -9999.000
0.8914946 0.8914946 0.9170563 0.5706148 0.4663213 0.4663213 0.4417039 0.4070117 0.4070117 0.3730070 0.3730070 0.3400121 0.3229012 0.3044521 0.2839614 0.2839614 0.2636799 0.2794933 0.3049512 0.3303245 0.3509579 0.3661726 0.3775643 0.3874805 0.3985193 0.4131612 0.4333953 0.4602189 0.4942590 0.5448488 0.5448488 0.6756067 0.6916806 0.5660321 0.3139672 0.3139672 0.2664363 0.2664363 0.4407956 0.4407956 0.5061044 0.5779364 0.5779364 0.6049547 0.6049547 0.5974680 0.5974680 0.5974680 0.5919758 0.5919758 0.5709252 0.5709252 0.5330750 0.5330750 0.4658678 0.4658678 0.3349316 0.3349316
0.8914626 0.8914626 0.9169805 0.6107957 0.4726298 0.4726298 0.4455051 0.4150291 0.4150291 0.3875147 0.3875147 0.3615813 0.3480217 0.3330642 0.3158300 0.3158300 0.2922210 0.3004504 0.3203842 0.3439896 0.3656385 0.3833090 0.3975866 0.4103070 0.4238534 0.4407076 0.4631857 0.4934562 0.5341555 0.5947458 0.5947458 0.7233115 0.7663217 0.7206594 0.6105400 0.6105400 0.4112341 0.4112341 0.5849577 0.5849577 0.6354897 0.6940974 0.6940974 0.7134711 0.7134711 0.6914000 0.6914000 0.6914000 0.6738707 0.6738707 0.6451643 0.6451643 0.6048866 0.6048866 0.5490499 0.5490499 0.4600150 0.4600150
0.8913575 0.8913575 0.9167436 0.6630341 0.4799314 0.4799314 0.4485033 0.4228216 0.4228216 0.4023906 0.4023906 0.3841221 0.3746133 0.3638357 0.3506885 0.3506885 0.3258286 0.3266053 0.3395504 0.3593272 0.3802688 0.3992557 0.4157723 0.4309236 0.4466510 0.4652078 0.4888497 0.5200186 0.5621936 0.6257395 0.6257395 0.7487566 0.8088730 0.7600666 0.5539174 0.5539174 0.5848978 0.5848978 0.7323263 0.7323263 0.7703516 0.8133247 0.8133247 0.8228962 0.8228962 0.7873445 0.7873445 0.7873445 0.7577077 0.7577077 0.7191511 0.7191511 0.6726522 0.6726522 0.6159700 0.6159700 0.5447767 0.5447767
