simulation_files/asc/Velocity__x_238.0.asc
NCOLS        79
NROWS        79
XLLCENTER         -1.500000
YLLCENTER         -4.800000
CELLSIZE           0.100
NODATA_VALUE     -9999.0
[rows 0 to 25 of 79, columns 0 to 57 of 79]
-9999.000 -9999.000 -9999.000 -9999.000 -9999.000 -9999.000 -9999.000 -9999.000 -9999.000 -9999.000 -9999.000 -9999.000 -9999.000 -9999.000 -9999.000 -0.1361314E-02 -0.8014779E-03 0.2625300E-02 0.7309574E-02 0.1199272E-01 0.1578882E-01 0.1845017E-01 0.1996501E-01 0.2041977E-01 0.1995865E-01 0.1870463E-01 0.1673533E-01 0.1398169E-01 0.9826878E-02 0.4816021E-02 0.4816021E-02 -9999.000 -9999.000 -9999.000 -9999.000 -9999.000 -9999.000 -9999.000 -9999.000 -9999.000 -9999.000 -9999.000 -9999.000 -9999.000 -9999.000 -9999.000 -9999.000 -9999.000 -9999.000 -9999.000 -9999.000 -9999.000 -9999.000 -9999.000 -9999.000 -9999.000 -9999.000 -9999.000
-9999.000 -9999.000 -9999.000 -9999.000 -9999.000 -9999.000 -9999.000 -9999.000 -9999.000 -9999.000 -9999.000 -9999.000 -9999.000 -9999.000 -9999.000 -0.1045955E-03 0.1675968E-02 0.6160943E-02 0.1176146E-01 0.1726598E-01 0.2178380E-01 0.2500127E-01 0.2683885E-01 0.2733162E-01 0.2658822E-01 0.2471784E-01 0.2180630E-01 0.1782517E-01 0.1228711E-01 0.6002326E-02 0.6002326E-02 -9999.000 -9999.000 -9999.000 -9999.000 -9999.000 -9999.000 -9999.000 -9999.000 -9999.000 -9999.000 -9999.000 -9999.000 -9999.000 -9999.000 -9999.000 -9999.000 -9999.000 -9999.000 -9999.000 -9999.000 -9999.000 -9999.000 -9999.000 -9999.000 -9999.000 -9999.000 -9999.000
-9999.000 -9999.000 -9999.000 -9999.000 -9999.000 -9999.000 -9999.000 -9999.000 -9999.000 -9999.000 -9999.000 -9999.000 -9999.000 -9999.000 -9999.000 0.3575053E-03 0.2682176E-02 0.7800291E-02 0.1399984E-01 0.2002769E-01 0.2496004E-01 0.2846575E-01 0.3045293E-01 0.3094931E-01 0.3006268E-01 0.2790640E-01 0.2457619E-01 0.2005646E-01 0.1385727E-01 0.6807629E-02 0.6807629E-02 -9999.000 -9999.000 -9999.000 -9999.000 -9999.000 -9999.000 -9999.000 -9999.000 -9999.000 -9999.000 -9999.000 -9999.000 -9999.000 -9999.000 -9999.000 -9999.000 -9999.000 -9999.000 -9999.000 -9999.000 -9999.000 -9999.000 -9999.000 -9999.000 -9999.000 -9999.000 -9999.000
-9999.000 -9999.000 -9999.000 -9999.000 -9999.000 -9999.000 -9999.000 -9999.000 -9999.000 -9999.000 -9999.000 -9999.000 -9999.000 -9999.000 -9999.000 0.5912294E-03 0.3220860E-02 0.8728136E-02 0.1531494E-01 0.2168869E-01 0.2689652E-01 0.3059843E-01 0.3269759E-01 0.3322005E-01 0.3227639E-01 0.2998194E-01 0.2643694E-01 0.2162653E-01 0.1503530E-01 0.7441188E-02 0.7441188E-02 -9999.000 -9999.000 -9999.000 -9999.000 -9999.000 -9999.000 -9999.000 -9999.000 -9999.000 -9999.000 -9999.000 -9999.000 -9999.000 -9999.000 -9999.000 -9999.000 -9999.000 -9999.000 -9999.000 -9999.000 -9999.000 -9999.000 -9999.000 -9999.000 -9999.000 -9999.000 -9999.000
-9999.000 -9999.000 -9999.000 -9999.000 -9999.000 -9999.000 -9999.000 -9999.000 -9999.000 -9999.000 -9999.000 -9999.000 -9999.000 -9999.000 -9999.000 0.7479570E-03 0.3597537E-02 0.9400241E-02 0.1628838E-01 0.2293300E-01 0.2835791E-01 0.3221929E-01 0.3441774E-01 0.3498049E-01 0.3402059E-01 0.3165512E-01 0.2798540E-01 0.2299149E-01 0.1611892E-01 0.8046663E-02 0.8046663E-02 -9999.000 -9999.000 -9999.000 -9999.000 -9999.000 -9999.000 -9999.000 -9999.000 -9999.000 -9999.000 -9999.000 -9999.000 -9999.000 -9999.000 -9999.000 -9999.000 -9999.000 -9999.000 -9999.000 -9999.000 -9999.000 -9999.000 -9999.000 -9999.000 -9999.000 -9999.000 -9999.000
-9999.000 -9999.000 -9999.000 -9999.000 -9999.000 -9999.000 -9999.000 -9999.000 -9999.000 -9999.000 -9999.000 -9999.000 -9999.000 -9999.000 -9999.000 0.8903455E-03 0.3941183E-02 0.1001470E-01 0.1717800E-01 0.2406804E-01 0.2968861E-01 0.3369625E-01 0.3599166E-01 0.3660382E-01 0.3564977E-01 0.3324673E-01 0.2949587E-01 0.2436811E-01 0.1725801E-01 0.8700431E-02 0.8700431E-02 -9999.000 -9999.000 -9999.000 -9999.000 -9999.000 -9999.000 -9999.000 -9999.000 -9999.000 -9999.000 -9999.000 -9999.000 -9999.000 -9999.000 -9999.000 -9999.000 -9999.000 -9999.000 -9999.000 -9999.000 -9999.000 -9999.000 -9999.000 -9999.000 -9999.000 -9999.000 -9999.000
-9999.000 -9999.000 -9999.000 -9999.000 -9999.000 -9999.000 -9999.000 -9999.000 -9999.000 -9999.000 -9999.000 -9999.000 -9999.000 -9999.000 -9999.000 0.1047253E-02 0.4311640E-02 0.1066226E-01 0.1810226E-01 0.2523522E-01 0.3104780E-01 0.3520041E-01 0.3759621E-01 0.3826679E-01 0.3733391E-01 0.3491431E-01 0.3110772E-01 0.2587321E-01 0.1854100E-01 0.9451230E-02 0.9451230E-02 -9999.000 -9999.000 -9999.000 -9999.000 -9999.000 -9999.000 -9999.000 -9999.000 -9999.000 -9999.000 -9999.000 -9999.000 -9999.000 -9999.000 -9999.000 -9999.000 -9999.000 -9999.000 -9999.000 -9999.000 -9999.000 -9999.000 -9999.000 -9999.000 -9999.000 -9999.000 -9999.000
-9999.000 -9999.000 -9999.000 -9999.000 -9999.000 -9999.000 -9999.000 -9999.000 -9999.000 -9999.000 -9999.000 -9999.000 -9999.000 -9999.000 -9999.000 0.1233876E-02 0.4740129E-02 0.1139052E-01 0.1912260E-01 0.2650782E-01 0.3251757E-01 0.3682085E-01 0.3932442E-01 0.4006410E-01 0.3916702E-01 0.3674928E-01 0.3290838E-01 0.2758732E-01 0.2003864E-01 0.1034140E-01 0.1034140E-01 -9999.000 -9999.000 -9999.000 -9999.000 -9999.000 -9999.000 -9999.000 -9999.000 -9999.000 -9999.000 -9999.000 -9999.000 -9999.000 -9999.000 -9999.000 -9999.000 -9999.000 -9999.000 -9999.000 -9999.000 -9999.000 -9999.000 -9999.000 -9999.000 -9999.000 -9999.000 -9999.000
-9999.000 -9999.000 -9999.000 -9999.000 -9999.000 -9999.000 -9999.000 -9999.000 -9999.000 -9999.000 -9999.000 -9999.000 -9999.000 -9999.000 -9999.000 0.1460655E-02 0.5247700E-02 0.1223052E-01 0.2027931E-01 0.2793338E-01 0.3415158E-01 0.3861619E-01 0.4123918E-01 0.4206223E-01 0.4121898E-01 0.3882387E-01 0.3497157E-01 0.2958549E-01 0.2182349E-01 0.1141753E-01 0.1141753E-01 -9999.000 -9999.000 -9999.000 -9999.000 -9999.000 -9999.000 -9999.000 -9999.000 -9999.000 -9999.000 -9999.000 -9999.000 -9999.000 -9999.000 -9999.000 -9999.000 -9999.000 -9999.000 -9999.000 -9999.000 -9999.000 -9999.000 -9999.000 -9999.000 -9999.000 -9999.000 -9999.000
-9999.000 -9999.000 -9999.000 -9999.000 -9999.000 -9999.000 -9999.000 -9999.000 -9999.000 -9999.000 -9999.000 -9999.000 -9999.000 -9999.000 -9999.000 0.1736940E-02 0.5853395E-02 0.1321087E-01 0.2160882E-01 0.2955481E-01 0.3599824E-01 0.4063974E-01 0.4339886E-01 0.4432456E-01 0.4355854E-01 0.4121310E-01 0.3737887E-01 0.3195583E-01 0.2398747E-01 0.1274051E-01 0.1274051E-01 -9999.000 -9999.000 -9999.000 -9999.000 -9999.000 -9999.000 -9999.000 -9999.000 -9999.000 -9999.000 -9999.000 -9999.000 -9999.000 -9999.000 -9999.000 -9999.000 -9999.000 -9999.000 -9999.000 -9999.000 -9999.000 -9999.000 -9999.000 -9999.000 -9999.000 -9999.000 -9999.000
-9999.000 -9999.000 -9999.000 -9999.000 -9999.000 -9999.000 -9999.000 -9999.000 -9999.000 -9999.000 -9999.000 -9999.000 -9999.000 -9999.000 -9999.000 0.2073099E-02 0.6578234E-02 0.1436333E-01 0.2315202E-01 0.3142054E-01 0.3811226E-01 0.4295291E-01 0.4587141E-01 0.4692652E-01 0.4626963E-01 0.4401040E-01 0.4023503E-01 0.3481507E-01 0.2665552E-01 0.1439410E-01 0.1439410E-01 -9999.000 -9999.000 -9999.000 -9999.000 -9999.000 -9999.000 -9999.000 -9999.000 -9999.000 -9999.000 -9999.000 -9999.000 -9999.000 -9999.000 -9999.000 -9999.000 -9999.000 -9999.000 -9999.000 -9999.000 -9999.000 -9999.000 -9999.000 -9999.000 -9999.000 -9999.000 -9999.000
-9999.000 -9999.000 -9999.000 -9999.000 -9999.000 -9999.000 -9999.000 -9999.000 -9999.000 -9999.000 -9999.000 -9999.000 -9999.000 -9999.000 -9999.000 0.2482674E-02 0.7450221E-02 0.1572958E-01 0.2496389E-01 0.3359584E-01 0.4056804E-01 0.4563832E-01 0.4874864E-01 0.4997022E-01 0.4946692E-01 0.4734477E-01 0.4368622E-01 0.3832829E-01 0.3000737E-01 0.1650015E-01 0.1650015E-01 -9999.000 -9999.000 -9999.000 -9999.000 -9999.000 -9999.000 -9999.000 -9999.000 -9999.000 -9999.000 -9999.000 -9999.000 -9999.000 -9999.000 -9999.000 -9999.000 -9999.000 -9999.000 -9999.000 -9999.000 -9999.000 -9999.000 -9999.000 -9999.000 -9999.000 -9999.000 -9999.000
-9999.000 -9999.000 -9999.000 -9999.000 -9999.000 -9999.000 -9999.000 -9999.000 -9999.000 -9999.000 -9999.000 -9999.000 -9999.000 -9999.000 -9999.000 0.3012660E-02 0.8568460E-02 0.1746813E-01 0.2724219E-01 0.3627523E-01 0.4355919E-01 0.4888916E-01 0.5222412E-01 0.5365261E-01 0.5335471E-01 0.5143334E-01 0.4796730E-01 0.4275252E-01 0.3431981E-01 0.1924458E-01 0.1924458E-01 -9999.000 -9999.000 -9999.000 -9999.000 -9999.000 -9999.000 -9999.000 -9999.000 -9999.000 -9999.000 -9999.000 -9999.000 -9999.000 -9999.000 -9999.000 -9999.000 -9999.000 -9999.000 -9999.000 -9999.000 -9999.000 -9999.000 -9999.000 -9999.000 -9999.000 -9999.000 -9999.000
-9999.000 -9999.000 -9999.000 -9999.000 -9999.000 -9999.000 -9999.000 -9999.000 -9999.000 -9999.000 -9999.000 -9999.000 -9999.000 -9999.000 -9999.000 0.4997890E-02 0.1277292E-01 0.2400115E-01 0.3470339E-01 0.4357649E-01 0.5069059E-01 0.5579650E-01 0.5890595E-01 0.6015060E-01 0.5973814E-01 0.5776766E-01 0.5431012E-01 0.4910357E-01 0.4041516E-01 0.2311582E-01 0.2311582E-01 -9999.000 -9999.000 -9999.000 -9999.000 -9999.000 -9999.000 -9999.000 -9999.000 -9999.000 -9999.000 -9999.000 -9999.000 -9999.000 -9999.000 -9999.000 -9999.000 -9999.000 -9999.000 -9999.000 -9999.000 -9999.000 -9999.000 -9999.000 -9999.000 -9999.000 -9999.000 -9999.000
-9999.000 -9999.000 -9999.000 -9999.000 -9999.000 -9999.000 -9999.000 -9999.000 -9999.000 -9999.000 -9999.000 -9999.000 -9999.000 -9999.000 -9999.000 0.9852945E-01 0.1508356 0.1763906 0.1685985 0.1447693 0.1275364 0.1124410 0.9935278E-01 0.8811229E-01 0.7835641E-01 0.6961909E-01 0.6148363E-01 0.5319023E-01 0.4243278E-01 0.2056178E-01 0.2056178E-01 -9999.000 -9999.000 -9999.000 -9999.000 -9999.000 -9999.000 -9999.000 -9999.000 -9999.000 -9999.000 -9999.000 -9999.000 -9999.000 -9999.000 -9999.000 -9999.000 -9999.000 -9999.000 -9999.000 -9999.000 -9999.000 -9999.000 -9999.000 -9999.000 -9999.000 -9999.000 -9999.000
2.861071 2.861071 2.880579 2.881880 2.902027 2.902027 2.904844 2.904603 2.904603 2.900680 2.900680 2.894232 2.890317 2.886047 2.881842 2.881842 3.035766 3.040299 3.041591 3.035182 3.000758 2.943153 2.862278 2.756166 2.627846 2.479845 2.315080 2.142324 1.985608 1.914540 1.914540 2.760097 2.939994 3.046350 3.073281 3.073281 3.110513 3.110513 3.099703 3.099703 3.059276 2.886946 2.886946 2.562114 2.562114 2.168337 2.168337 2.168337 2.141871 2.141871 2.169393 2.169393 2.216502 2.216502 2.266837 2.266837 2.312535 2.312535
2.883032 2.883032 2.912080 2.935915 2.963435 2.963435 2.978375 3.001289 3.001289 3.020034 3.020034 3.036015 3.043233 3.050042 3.056829 3.056829 3.170998 3.190679 3.206628 3.219533 3.225219 3.223778 3.213299 3.190403 3.152879 3.098642 3.025987 2.935638 2.834157 2.749832 2.749832 3.203903 3.364790 3.520841 3.563607 3.563607 3.613720 3.613720 3.619205 3.619205 3.600511 3.503276 3.503276 3.313481 3.313481 3.006655 3.006655 3.006655 2.976798 2.976798 3.006474 3.006474 3.056416 3.056416 3.109285 3.109285 3.157954 3.157954
2.887582 2.887582 2.914067 2.937538 2.962987 2.962987 2.978692 3.002532 3.002532 3.021921 3.021921 3.038608 3.046225 3.053454 3.060733 3.060733 3.162427 3.194938 3.222882 3.247015 3.265666 3.278959 3.286640 3.287486 3.280370 3.263859 3.236184 3.196504 3.147526 3.106468 3.106468 3.362143 3.519372 3.702357 3.756239 3.756239 3.813846 3.813846 3.808616 3.808616 3.781330 3.682115 3.682115 3.541921 3.541921 3.298067 3.298067 3.298067 3.253335 3.253335 3.270006 3.270006 3.311105 3.311105 3.357798 3.357798 3.401943 3.401943
2.890441 2.890441 2.912536 2.937900 2.961922 2.961922 2.978129 3.002483 3.002483 3.021935 3.021935 3.038632 3.046262 3.053507 3.060880 3.060880 3.154591 3.197665 3.236677 3.270958 3.299184 3.321096 3.336733 3.345854 3.348305 3.343851 3.331957 3.312367 3.286827 3.266430 3.266430 3.421271 3.560067 3.751284 3.811465 3.811465 3.867927 3.867927 3.840920 3.840920 3.801618 3.705446 3.705446 3.612231 3.612231 3.435972 3.435972 3.435972 3.381553 3.381553 3.383537 3.383537 3.415009 3.415009 3.456229 3.456229 3.496977 3.496977
2.891722 2.891722 2.915330 2.937839 2.960994 2.960994 2.977614 3.002441 3.002441 3.021925 3.021925 3.038586 3.046202 3.053435 3.060920 3.060920 3.151377 3.203308 3.252179 3.295844 3.332864 3.362662 3.385130 3.400234 3.408087 3.408908 3.402878 3.390399 3.373170 3.359034 3.359034 3.453098 3.566796 3.748413 3.805833 3.805833 3.840668 3.840668 3.782889 3.782889 3.738640 3.668003 3.668003 3.624899 3.624899 3.517528 3.517528 3.517528 3.462699 3.462699 3.450475 3.450475 3.469773 3.469773 3.503462 3.503462 3.539571 3.539571
2.889789 2.889789 2.921340 2.938322 2.960887 2.960887 2.977740 3.002804 3.002804 3.022220 3.022220 3.038801 3.046390 3.053607 3.061259 3.061259 3.154174 3.214010 3.271531 3.323526 3.368360 3.405280 3.434049 3.454634 3.467168 3.471943 3.469342 3.459994 3.445483 3.431538 3.431538 3.484839 3.570260 3.722789 3.763493 3.763493 3.750565 3.750565 3.670576 3.670576 3.638311 3.613701 3.613701 3.616185 3.616185 3.570125 3.570125 3.570125 3.524629 3.524629 3.502764 3.502764 3.508963 3.508963 3.532732 3.532732 3.562089 3.562089
2.889608 2.889608 2.923950 2.938151 2.960450 2.960450 2.977493 3.002805 3.002805 3.022249 3.022249 3.038820 3.046405 3.053619 3.061523 3.061523 3.163444 3.230893 3.296055 3.355200 3.406646 3.449625 3.483867 3.509338 3.526149 3.534558 3.534930 3.527864 3.514652 3.499335 3.499335 3.524299 3.580508 3.679176 3.683019 3.683019 3.607711 3.607711 3.542458 3.542458 3.537302 3.562528 3.562528 3.599755 3.599755 3.602908 3.602908 3.602908 3.573624 3.573624 3.549125 3.549125 3.544026 3.544026 3.556455 3.556455 3.576946 3.576946
2.889544 2.889544 2.924819 2.938091 2.960302 2.960302 2.977405 3.002804 3.002804 3.022257 3.022257 3.038823 3.046408 3.053620 3.061877 3.061877 3.180354 3.255605 3.327543 3.392563 3.449190 3.496838 3.535336 3.564708 3.585086 3.596676 3.599776 3.594850 3.582823 3.566191 3.566191 3.570859 3.596664 3.603517 3.549276 3.549276 3.436397 3.436397 3.428198 3.428198 3.452955 3.517560 3.517560 3.578698 3.578698 3.619569 3.619569 3.619569 3.609510 3.609510 3.589270 3.589270 3.577002 3.577002 3.578266 3.578266 3.588350 3.588350
2.889608 2.889608 2.923950 2.938150 2.960450 2.960450 2.977492 3.002805 3.002805 3.022249 3.022249 3.038820 3.046405 3.053618 3.062366 3.062366 3.206390 3.289886 3.367784 3.437267 3.497422 3.548050 3.589236 3.621161 3.644018 3.658011 3.663368 3.660396 3.649602 3.631706 3.631706 3.619565 3.608192 3.467829 3.356198 3.356198 3.276919 3.276919 3.341888 3.341888 3.388239 3.477830 3.477830 3.554804 3.554804 3.623881 3.623881 3.623881 3.632680 3.632680 3.621546 3.621546 3.606957 3.606957 3.598785 3.598785 3.597806 3.597806
2.889790 2.889790 2.921341 2.938322 2.960888 2.960888 2.977740 3.002804 3.002804 3.022221 3.022221 3.038801 3.046390 3.053606 3.063027 3.063027 3.243757 3.335888 3.418729 3.490976 3.552682 3.604280 3.646257 3.679038 3.702953 3.718236 3.725070 3.723614 3.713779 3.693218 3.693218 3.659627 3.587896 3.255594 3.135953 3.135953 3.159328 3.159328 3.277653 3.277653 3.335752 3.439786 3.439786 3.527634 3.527634 3.617668 3.617668 3.617668 3.642961 3.642961 3.643147 3.643147 3.630327 3.630327 3.615534 3.615534 3.603934 3.603934
2.891722 2.891722 2.915330 2.937839 2.960994 2.960994 2.977615 3.002441 3.002441 3.021926 3.021926 3.038586 3.046202 3.053435 3.063790 3.063790 3.295685 3.396322 3.482476 3.555216 3.616008 3.666154 3.706681 3.738330 3.761595 3.776781 3.784043 3.783357 3.773385 3.743636 3.743636 3.663713 3.481175 3.002964 2.952691 2.952691 3.080072 3.080072 3.223369 3.223369 3.287086 3.399765 3.399765 3.495465 3.495465 3.600871 3.600871 3.600871 3.639457 3.639457 3.650872 3.650872 3.642522 3.642522 3.624085 3.624085 3.603248 3.603248
