simulation_files/asc/Velocity__x_82.0.asc
NCOLS        79
NROWS        79
XLLCENTER         -1.500000
YLLCENTER         -4.800000
CELLSIZE           0.100
NODATA_VALUE     -9999.0
[rows 0 to 25 of 79, columns 0 to 57 of 79]
-9999.000 -9999.000 -9999.000 -9999.000 -9999.000 -9999.000 -9999.000 -9999.000 -9999.000 -9999.000 -9999.000 -9999.000 -9999.000 -9999.000 -9999.000 0.3163648E-03 0.1483438E-02 0.3409209E-02 0.5151270E-02 0.6684897E-02 0.8033533E-02 0.9213050E-02 0.1021566E-01 0.1099634E-01 0.1145669E-01 0.1142224E-01 0.1060779E-01 0.8564362E-02 0.4686418E-02 0.1438575E-02 0.1438575E-02 -9999.000 -9999.000 -9999.000 -9999.000 -9999.000 -9999.000 -9999.000 -9999.000 -9999.000 -9999.000 -9999.000 -9999.000 -9999.000 -9999.000 -9999.000 -9999.000 -9999.000 -9999.000 -9999.000 -9999.000 -9999.000 -9999.000 -9999.000 -9999.000 -9999.000 -9999.000 -9999.000
-9999.000 -9999.000 -9999.000 -9999.000 -9999.000 -9999.000 -9999.000 -9999.000 -9999.000 -9999.000 -9999.000 -9999.000 -9999.000 -9999.000 -9999.000 0.1161207E-02 0.3375487E-02 0.6526511E-02 0.9471394E-02 0.1212283E-01 0.1445329E-01 0.1643214E-01 0.1800350E-01 0.1906836E-01 0.1946791E-01 0.1896714E-01 0.1723620E-01 0.1383096E-01 0.8255069E-02 0.3200883E-02 0.3200883E-02 -9999.000 -9999.000 -9999.000 -9999.000 -9999.000 -9999.000 -9999.000 -9999.000 -9999.000 -9999.000 -9999.000 -9999.000 -9999.000 -9999.000 -9999.000 -9999.000 -9999.000 -9999.000 -9999.000 -9999.000 -9999.000 -9999.000 -9999.000 -9999.000 -9999.000 -9999.000 -9999.000
-9999.000 -9999.000 -9999.000 -9999.000 -9999.000 -9999.000 -9999.000 -9999.000 -9999.000 -9999.000 -9999.000 -9999.000 -9999.000 -9999.000 -9999.000 0.1901908E-02 0.5034647E-02 0.9262394E-02 0.1321699E-01 0.1677908E-01 0.1989130E-01 0.2249232E-01 0.2449388E-01 0.2576269E-01 0.2610407E-01 0.2524646E-01 0.2282494E-01 0.1836109E-01 0.1132636E-01 0.4693710E-02 0.4693710E-02 -9999.000 -9999.000 -9999.000 -9999.000 -9999.000 -9999.000 -9999.000 -9999.000 -9999.000 -9999.000 -9999.000 -9999.000 -9999.000 -9999.000 -9999.000 -9999.000 -9999.000 -9999.000 -9999.000 -9999.000 -9999.000 -9999.000 -9999.000 -9999.000 -9999.000 -9999.000 -9999.000
-9999.000 -9999.000 -9999.000 -9999.000 -9999.000 -9999.000 -9999.000 -9999.000 -9999.000 -9999.000 -9999.000 -9999.000 -9999.000 -9999.000 -9999.000 0.2578421E-02 0.6533858E-02 0.1171054E-01 0.1654795E-01 0.2090249E-01 0.2469524E-01 0.2784327E-01 0.3023479E-01 0.3171023E-01 0.3204447E-01 0.3093037E-01 0.2795954E-01 0.2259812E-01 0.1424877E-01 0.6124517E-02 0.6124517E-02 -9999.000 -9999.000 -9999.000 -9999.000 -9999.000 -9999.000 -9999.000 -9999.000 -9999.000 -9999.000 -9999.000 -9999.000 -9999.000 -9999.000 -9999.000 -9999.000 -9999.000 -9999.000 -9999.000 -9999.000 -9999.000 -9999.000 -9999.000 -9999.000 -9999.000 -9999.000 -9999.000
-9999.000 -9999.000 -9999.000 -9999.000 -9999.000 -9999.000 -9999.000 -9999.000 -9999.000 -9999.000 -9999.000 -9999.000 -9999.000 -9999.000 -9999.000 0.3227429E-02 0.7950695E-02 0.1399359E-01 0.1963793E-01 0.2472268E-01 0.2915263E-01 0.3282809E-01 0.3561755E-01 0.3733697E-01 0.3773016E-01 0.3644856E-01 0.3302835E-01 0.2686053E-01 0.1724537E-01 0.7607250E-02 0.7607250E-02 -9999.000 -9999.000 -9999.000 -9999.000 -9999.000 -9999.000 -9999.000 -9999.000 -9999.000 -9999.000 -9999.000 -9999.000 -9999.000 -9999.000 -9999.000 -9999.000 -9999.000 -9999.000 -9999.000 -9999.000 -9999.000 -9999.000 -9999.000 -9999.000 -9999.000 -9999.000 -9999.000
-9999.000 -9999.000 -9999.000 -9999.000 -9999.000 -9999.000 -9999.000 -9999.000 -9999.000 -9999.000 -9999.000 -9999.000 -9999.000 -9999.000 -9999.000 0.3883432E-02 0.9357429E-02 0.1622481E-01 0.2264048E-01 0.2843310E-01 0.3349535E-01 0.3771328E-01 0.4093714E-01 0.4295783E-01 0.4348381E-01 0.4211731E-01 0.3832475E-01 0.3139808E-01 0.2049651E-01 0.9233922E-02 0.9233922E-02 -9999.000 -9999.000 -9999.000 -9999.000 -9999.000 -9999.000 -9999.000 -9999.000 -9999.000 -9999.000 -9999.000 -9999.000 -9999.000 -9999.000 -9999.000 -9999.000 -9999.000 -9999.000 -9999.000 -9999.000 -9999.000 -9999.000 -9999.000 -9999.000 -9999.000 -9999.000 -9999.000
-9999.000 -9999.000 -9999.000 -9999.000 -9999.000 -9999.000 -9999.000 -9999.000 -9999.000 -9999.000 -9999.000 -9999.000 -9999.000 -9999.000 -9999.000 0.4578084E-02 0.1081912E-01 0.1850361E-01 0.2568794E-01 0.3219785E-01 0.3791688E-01 0.4271904E-01 0.4643645E-01 0.4883300E-01 0.4957653E-01 0.4820971E-01 0.4411195E-01 0.3644732E-01 0.2418419E-01 0.1110094E-01 0.1110094E-01 -9999.000 -9999.000 -9999.000 -9999.000 -9999.000 -9999.000 -9999.000 -9999.000 -9999.000 -9999.000 -9999.000 -9999.000 -9999.000 -9999.000 -9999.000 -9999.000 -9999.000 -9999.000 -9999.000 -9999.000 -9999.000 -9999.000 -9999.000 -9999.000 -9999.000 -9999.000 -9999.000
-9999.000 -9999.000 -9999.000 -9999.000 -9999.000 -9999.000 -9999.000 -9999.000 -9999.000 -9999.000 -9999.000 -9999.000 -9999.000 -9999.000 -9999.000 0.5339915E-02 0.1239405E-01 0.2091882E-01 0.2889783E-01 0.3616220E-01 0.4258988E-01 0.4804365E-01 0.5233782E-01 0.5520643E-01 0.5627049E-01 0.5500077E-01 0.5066823E-01 0.4227265E-01 0.2852567E-01 0.1332796E-01 0.1332796E-01 -9999.000 -9999.000 -9999.000 -9999.000 -9999.000 -9999.000 -9999.000 -9999.000 -9999.000 -9999.000 -9999.000 -9999.000 -9999.000 -9999.000 -9999.000 -9999.000 -9999.000 -9999.000 -9999.000 -9999.000 -9999.000 -9999.000 -9999.000 -9999.000 -9999.000 -9999.000 -9999.000
-9999.000 -9999.000 -9999.000 -9999.000 -9999.000 -9999.000 -9999.000 -9999.000 -9999.000 -9999.000 -9999.000 -9999.000 -9999.000 -9999.000 -9999.000 0.6195091E-02 0.1413606E-01 0.2355322E-01 0.3238166E-01 0.4046606E-01 0.4768235E-01 0.5388445E-01 0.5886847E-01 0.6233588E-01 0.6385345E-01 0.6280541E-01 0.5832775E-01 0.4920865E-01 0.3381196E-01 0.1608112E-01 0.1608112E-01 -9999.000 -9999.000 -9999.000 -9999.000 -9999.000 -9999.000 -9999.000 -9999.000 -9999.000 -9999.000 -9999.000 -9999.000 -9999.000 -9999.000 -9999.000 -9999.000 -9999.000 -9999.000 -9999.000 -9999.000 -9999.000 -9999.000 -9999.000 -9999.000 -9999.000 -9999.000 -9999.000
-9999.000 -9999.000 -9999.000 -9999.000 -9999.000 -9999.000 -9999.000 -9999.000 -9999.000 -9999.000 -9999.000 -9999.000 -9999.000 -9999.000 -9999.000 0.7169201E-02 0.1609852E-01 0.2649127E-01 0.3625478E-01 0.4525755E-01 0.5337716E-01 0.6046155E-01 0.6628939E-01 0.7052682E-01 0.7267831E-01 0.7202465E-01 0.6753372E-01 0.5771889E-01 0.4046874E-01 0.1961153E-01 0.1961153E-01 -9999.000 -9999.000 -9999.000 -9999.000 -9999.000 -9999.000 -9999.000 -9999.000 -9999.000 -9999.000 -9999.000 -9999.000 -9999.000 -9999.000 -9999.000 -9999.000 -9999.000 -9999.000 -9999.000 -9999.000 -9999.000 -9999.000 -9999.000 -9999.000 -9999.000 -9999.000 -9999.000
-9999.000 -9999.000 -9999.000 -9999.000 -9999.000 -9999.000 -9999.000 -9999.000 -9999.000 -9999.000 -9999.000 -9999.000 -9999.000 -9999.000 -9999.000 0.8289133E-02 0.1833968E-01 0.2982845E-01 0.4065214E-01 0.5071339E-01 0.5989751E-01 0.6805003E-01 0.7493420E-01 0.8017941E-01 0.8321998E-01 0.8321414E-01 0.7892065E-01 0.6849403E-01 0.4916306E-01 0.2432481E-01 0.2432481E-01 -9999.000 -9999.000 -9999.000 -9999.000 -9999.000 -9999.000 -9999.000 -9999.000 -9999.000 -9999.000 -9999.000 -9999.000 -9999.000 -9999.000 -9999.000 -9999.000 -9999.000 -9999.000 -9999.000 -9999.000 -9999.000 -9999.000 -9999.000 -9999.000 -9999.000 -9999.000 -9999.000
-9999.000 -9999.000 -9999.000 -9999.000 -9999.000 -9999.000 -9999.000 -9999.000 -9999.000 -9999.000 -9999.000 -9999.000 -9999.000 -9999.000 -9999.000 0.9586560E-02 0.2093095E-01 0.3368655E-01 0.4574952E-01 0.5706900E-01 0.6754549E-01 0.7702857E-01 0.8527066E-01 0.9186547E-01 0.9617134E-01 0.9720398E-01 0.9346472E-01 0.8263689E-01 0.6101903E-01 0.3092636E-01 0.3092636E-01 -9999.000 -9999.000 -9999.000 -9999.000 -9999.000 -9999.000 -9999.000 -9999.000 -9999.000 -9999.000 -9999.000 -9999.000 -9999.000 -9999.000 -9999.000 -9999.000 -9999.000 -9999.000 -9999.000 -9999.000 -9999.000 -9999.000 -9999.000 -9999.000 -9999.000 -9999.000 -9999.000
-9999.000 -9999.000 -9999.000 -9999.000 -9999.000 -9999.000 -9999.000 -9999.000 -9999.000 -9999.000 -9999.000 -9999.000 -9999.000 -9999.000 -9999.000 0.1110657E-01 0.2397498E-01 0.3824410E-01 0.5180816E-01 0.6467639E-01 0.7677597E-01 0.8797206E-01 0.9801595E-01 0.1064726 0.1126250 0.1153313 0.1127832 0.1020487 0.7809498E-01 0.4075112E-01 0.4075112E-01 -9999.000 -9999.000 -9999.000 -9999.000 -9999.000 -9999.000 -9999.000 -9999.000 -9999.000 -9999.000 -9999.000 -9999.000 -9999.000 -9999.000 -9999.000 -9999.000 -9999.000 -9999.000 -9999.000 -9999.000 -9999.000 -9999.000 -9999.000 -9999.000 -9999.000 -9999.000 -9999.000
-9999.000 -9999.000 -9999.000 -9999.000 -9999.000 -9999.000 -9999.000 -9999.000 -9999.000 -9999.000 -9999.000 -9999.000 -9999.000 -9999.000 -9999.000 0.1302834E-01 0.2782111E-01 0.4403760E-01 0.5953621E-01 0.7440551E-01 0.8862247E-01 0.1020937 0.1145962 0.1256928 0.1346151 0.1400757 0.1399267 0.1304608 0.1047276 0.5677700E-01 0.5677700E-01 -9999.000 -9999.000 -9999.000 -9999.000 -9999.000 -9999.000 -9999.000 -9999.000 -9999.000 -9999.000 -9999.000 -9999.000 -9999.000 -9999.000 -9999.000 -9999.000 -9999.000 -9999.000 -9999.000 -9999.000 -9999.000 -9999.000 -9999.000 -9999.000 -9999.000 -9999.000 -9999.000
-9999.000 -9999.000 -9999.000 -9999.000 -9999.000 -9999.000 -9999.000 -9999.000 -9999.000 -9999.000 -9999.000 -9999.000 -9999.000 -9999.000 -9999.000 0.2797822E-01 0.4933426E-01 0.7092994E-01 0.8975159E-01 0.1066612 0.1221811 0.1366154 0.1500346 0.1622189 0.1725415 0.1797398 0.1814388 0.1730871 0.1451162 0.7622640E-01 0.7622640E-01 -9999.000 -9999.000 -9999.000 -9999.000 -9999.000 -9999.000 -9999.000 -9999.000 -9999.000 -9999.000 -9999.000 -9999.000 -9999.000 -9999.000 -9999.000 -9999.000 -9999.000 -9999.000 -9999.000 -9999.000 -9999.000 -9999.000 -9999.000 -9999.000 -9999.000 -9999.000 -9999.000
1.718050 1.718050 1.781649 1.813558 1.821723 1.821723 1.827655 1.835423 1.835423 1.839576 1.839576 1.841214 1.841320 1.822075 1.541793 1.541793 1.287570 1.223314 1.150532 1.070402 0.9848406 0.8965356 0.8088818 0.7258509 0.6518306 0.5915570 0.5504606 0.5362225 0.5639982 0.6553723 0.6553723 1.565766 1.789362 1.845282 1.807442 1.807442 1.690859 1.690859 1.453486 1.453486 1.136851 0.9679827 0.9679827 0.9610598 0.9610598 1.000263 1.000263 1.000263 1.050881 1.050881 1.096402 1.096402 1.135007 1.135007 1.178774 1.178774 1.205644 1.205644
1.733165 1.733165 1.802384 1.848973 1.864923 1.864923 1.878724 1.902284 1.902284 1.922153 1.922153 1.939378 1.947225 1.946690 1.746700 1.746700 1.537054 1.514326 1.482978 1.441725 1.390260 1.329138 1.259792 1.184651 1.107403 1.033468 0.9708226 0.9316566 0.9366927 1.025188 1.025188 1.589780 1.770558 1.885389 1.899674 1.899674 1.876197 1.876197 1.769334 1.769334 1.579884 1.307318 1.307318 1.309909 1.309909 1.359272 1.359272 1.359272 1.412832 1.412832 1.461682 1.461682 1.491097 1.491097 1.544810 1.544810 1.578248 1.578248
1.736736 1.736736 1.803861 1.849484 1.865407 1.865407 1.879303 1.903219 1.903219 1.923544 1.923544 1.941289 1.949418 1.952271 1.817581 1.817581 1.592652 1.588847 1.579935 1.563971 1.540031 1.507804 1.467646 1.420713 1.369199 1.316747 1.269214 1.236271 1.235336 1.304572 1.304572 1.702288 1.865248 2.003047 2.032199 2.032199 2.032620 2.032620 1.962801 1.962801 1.858365 1.606541 1.606541 1.574637 1.574637 1.613285 1.613285 1.613285 1.660090 1.660090 1.701425 1.701425 1.733984 1.733984 1.772625 1.772625 1.800498 1.800498
1.739512 1.739512 1.805064 1.849685 1.865448 1.865448 1.879281 1.903198 1.903198 1.923551 1.923551 1.941313 1.949448 1.954055 1.875836 1.875836 1.622785 1.626990 1.627841 1.623278 1.612792 1.596283 1.574027 1.546784 1.516008 1.484167 1.455314 1.436244 1.439468 1.496203 1.496203 1.795023 1.934499 2.069568 2.099481 2.099481 2.105489 2.105489 2.058157 2.058157 2.001995 1.815794 1.815794 1.747013 1.747013 1.776111 1.776111 1.776111 1.816203 1.816203 1.852494 1.852494 1.881802 1.881802 1.912975 1.912975 1.937242 1.937242
1.741597 1.741597 1.806044 1.849860 1.865478 1.865478 1.879252 1.903164 1.903164 1.923540 1.923540 1.941308 1.949443 1.955170 1.906337 1.906337 1.649002 1.658492 1.665373 1.666735 1.662627 1.653527 1.640171 1.623556 1.605054 1.586604 1.571113 1.563191 1.571069 1.620281 1.620281 1.854158 1.971924 2.092589 2.116876 2.116876 2.119447 2.119447 2.092079 2.092079 2.066774 1.957330 1.957330 1.874968 1.874968 1.883842 1.883842 1.883842 1.918107 1.918107 1.950866 1.950866 1.977958 1.977958 2.004465 2.004465 2.025876 2.025876
1.743046 1.743046 1.806766 1.849998 1.865501 1.865501 1.879228 1.903140 1.903140 1.923537 1.923537 1.941311 1.949445 1.955890 1.926940 1.926940 1.678424 1.690834 1.702681 1.708163 1.707584 1.701869 1.692251 1.680187 1.667357 1.655677 1.647525 1.646114 1.656401 1.697910 1.697910 1.883263 1.980886 2.077570 2.093204 2.093204 2.095223 2.095223 2.092440 2.092440 2.089162 2.044361 2.044361 1.976873 1.976873 1.963043 1.963043 1.963043 1.989606 1.989606 2.018354 2.018354 2.043230 2.043230 2.066139 2.066139 2.084695 2.084695
1.743899 1.743899 1.807208 1.850087 1.865515 1.865515 1.879210 1.903121 1.903121 1.923531 1.923531 1.941309 1.949444 1.956351 1.940442 1.940442 1.716845 1.726858 1.742860 1.751853 1.753779 1.749758 1.741349 1.730369 1.718963 1.709309 1.703714 1.704796 1.714761 1.745902 1.745902 1.884790 1.962014 2.027643 2.036863 2.036863 2.050574 2.050574 2.076468 2.076468 2.089641 2.090786 2.090786 2.053675 2.053675 2.026780 2.026780 2.026780 2.043876 2.043876 2.067171 2.067171 2.088933 2.088933 2.108280 2.108280 2.123779 2.123779
1.744180 1.744180 1.807357 1.850117 1.865520 1.865520 1.879205 1.903115 1.903115 1.923529 1.923529 1.941309 1.949443 1.956645 1.949168 1.949168 1.769949 1.768816 1.787186 1.798798 1.802660 1.799659 1.791381 1.779872 1.767577 1.757059 1.750904 1.751155 1.755687 1.768453 1.768453 1.862571 1.913488 1.949767 1.961045 1.961045 2.000272 2.000272 2.053698 2.053698 2.078921 2.110431 2.110431 2.104861 2.104861 2.079759 2.079759 2.079759 2.088033 2.088033 2.104631 2.104631 2.121921 2.121921 2.137298 2.137298 2.149508 2.149508
1.743899 1.743899 1.807208 1.850086 1.865515 1.865515 1.879210 1.903121 1.903121 1.923531 1.923531 1.941310 1.949444 1.956836 1.954756 1.954756 1.831201 1.820458 1.836851 1.849897 1.855092 1.852580 1.843785 1.830825 1.816352 1.803257 1.794412 1.790990 1.783543 1.765176 1.765176 1.810158 1.831552 1.857279 1.880992 1.880992 1.952309 1.952309 2.028148 2.028148 2.062068 2.113593 2.113593 2.133661 2.133661 2.122139 2.122139 2.122139 2.124899 2.124899 2.134708 2.134708 2.146421 2.146421 2.157162 2.157162 2.165681 2.165681
1.743046 1.743046 1.806766 1.849998 1.865501 1.865501 1.879227 1.903140 1.903140 1.923536 1.923536 1.941310 1.949445 1.956958 1.958308 1.958308 1.894876 1.882983 1.894714 1.906761 1.911876 1.908967 1.898986 1.883910 1.866431 1.849662 1.836710 1.826858 1.795858 1.726031 1.726031 1.718645 1.719847 1.765823 1.807101 1.807101 1.908931 1.908931 2.001483 2.001483 2.041754 2.106839 2.106839 2.145550 2.145550 2.152956 2.152956 2.152956 2.154606 2.154606 2.158903 2.158903 2.164620 2.164620 2.170090 2.170090 2.174500 2.174500
1.741597 1.741597 1.806044 1.849860 1.865477 1.865477 1.879251 1.903164 1.903164 1.923541 1.923541 1.941309 1.949444 1.957034 1.960547 1.960547 1.959040 1.955153 1.962767 1.971143 1.973894 1.969051 1.956897 1.939003 1.917883 1.896698 1.878627 1.858048 1.778308 1.632115 1.632115 1.593941 1.599687 1.683625 1.736887 1.736887 1.868245 1.868245 1.973473 1.973473 2.018648 2.093429 2.093429 2.145278 2.145278 2.171756 2.171756 2.171756 2.175993 2.175993 2.176873 2.176873 2.176967 2.176967 2.176897 2.176897 2.176971 2.176971
