simulation_files/asc/Velocity__y_191.0.asc
NCOLS        79
NROWS        79
XLLCENTER         -1.500000
YLLCENTER         -4.800000
CELLSIZE           0.100
NODATA_VALUE     -9999.0
[rows 0 to 26 of 79, columns 0 to 58 of 79]
-9999.000 -9999.000 -9999.000 -9999.000 -9999.000 -9999.000 -9999.000 -9999.000 -9999.000 -9999.000 -9999.000 -9999.000 -9999.000 -9999.000 -9999.000 -0.9186181E-01 -0.8870395E-01 -0.8723471E-01 -0.8647684E-01 -0.8679625E-01 -0.8757289E-01 -0.8842834E-01 -0.8926830E-01 -0.9005554E-01 -0.9069028E-01 -0.9124955E-01 -0.9175998E-01 -0.9235966E-01 -0.9359214E-01 -0.9487104E-01 -0.9487104E-01 -9999.000 -9999.000 -9999.000 -9999.000 -9999.000 -9999.000 -9999.000 -9999.000 -9999.000 -9999.000 -9999.000 -9999.000 -9999.000 -9999.000 -9999.000 -9999.000 -9999.000 -9999.000 -9999.000 -9999.000 -9999.000 -9999.000 -9999.000 -9999.000 -9999.000 -9999.000 -9999.000 -9999.000
-9999.000 -9999.000 -9999.000 -9999.000 -9999.000 -9999.000 -9999.000 -9999.000 -9999.000 -9999.000 -9999.000 -9999.000 -9999.000 -9999.000 -9999.000 -0.9266460E-01 -0.8599681E-01 -0.8284570E-01 -0.8123466E-01 -0.8195262E-01 -0.8369292E-01 -0.8564207E-01 -0.8758656E-01 -0.8943491E-01 -0.9096482E-01 -0.9233155E-01 -0.9358400E-01 -0.9500680E-01 -0.9773386E-01 -0.1008381 -0.1008381 -9999.000 -9999.000 -9999.000 -9999.000 -9999.000 -9999.000 -9999.000 -9999.000 -9999.000 -9999.000 -9999.000 -9999.000 -9999.000 -9999.000 -9999.000 -9999.000 -9999.000 -9999.000 -9999.000 -9999.000 -9999.000 -9999.000 -9999.000 -9999.000 -9999.000 -9999.000 -9999.000 -9999.000
-9999.000 -9999.000 -9999.000 -9999.000 -9999.000 -9999.000 -9999.000 -9999.000 -9999.000 -9999.000 -9999.000 -9999.000 -9999.000 -9999.000 -9999.000 -0.9255436E-01 -0.8201132E-01 -0.7691777E-01 -0.7435711E-01 -0.7561725E-01 -0.7860844E-01 -0.8200662E-01 -0.8544757E-01 -0.8876233E-01 -0.9157275E-01 -0.9411411E-01 -0.9644861E-01 -0.9901895E-01 -0.1036275 -0.1092787 -0.1092787 -9999.000 -9999.000 -9999.000 -9999.000 -9999.000 -9999.000 -9999.000 -9999.000 -9999.000 -9999.000 -9999.000 -9999.000 -9999.000 -9999.000 -9999.000 -9999.000 -9999.000 -9999.000 -9999.000 -9999.000 -9999.000 -9999.000 -9999.000 -9999.000 -9999.000 -9999.000 -9999.000 -9999.000
-9999.000 -9999.000 -9999.000 -9999.000 -9999.000 -9999.000 -9999.000 -9999.000 -9999.000 -9999.000 -9999.000 -9999.000 -9999.000 -9999.000 -9999.000 -0.9200131E-01 -0.7756091E-01 -0.7051400E-01 -0.6702533E-01 -0.6889448E-01 -0.7323039E-01 -0.7818267E-01 -0.8323266E-01 -0.8813131E-01 -0.9233218E-01 -0.9615555E-01 -0.9966999E-01 -0.1034787 -0.1100841 -0.1187468 -0.1187468 -9999.000 -9999.000 -9999.000 -9999.000 -9999.000 -9999.000 -9999.000 -9999.000 -9999.000 -9999.000 -9999.000 -9999.000 -9999.000 -9999.000 -9999.000 -9999.000 -9999.000 -9999.000 -9999.000 -9999.000 -9999.000 -9999.000 -9999.000 -9999.000 -9999.000 -9999.000 -9999.000 -9999.000
-9999.000 -9999.000 -9999.000 -9999.000 -9999.000 -9999.000 -9999.000 -9999.000 -9999.000 -9999.000 -9999.000 -9999.000 -9999.000 -9999.000 -9999.000 -0.9123235E-01 -0.7282298E-01 -0.6379237E-01 -0.5937356E-01 -0.6189233E-01 -0.6763758E-01 -0.7421333E-01 -0.8094598E-01 -0.8750433E-01 -0.9316152E-01 -0.9833347E-01 -0.1030903 -0.1082030 -0.1169166 -0.1290859 -0.1290859 -9999.000 -9999.000 -9999.000 -9999.000 -9999.000 -9999.000 -9999.000 -9999.000 -9999.000 -9999.000 -9999.000 -9999.000 -9999.000 -9999.000 -9999.000 -9999.000 -9999.000 -9999.000 -9999.000 -9999.000 -9999.000 -9999.000 -9999.000 -9999.000 -9999.000 -9999.000 -9999.000 -9999.000
-9999.000 -9999.000 -9999.000 -9999.000 -9999.000 -9999.000 -9999.000 -9999.000 -9999.000 -9999.000 -9999.000 -9999.000 -9999.000 -9999.000 -9999.000 -0.9032662E-01 -0.6786261E-01 -0.5681360E-01 -0.5145498E-01 -0.5465421E-01 -0.6186078E-01 -0.7011386E-01 -0.7858505E-01 -0.8686117E-01 -0.9402026E-01 -0.1005905 -0.1066373 -0.1131104 -0.1240497 -0.1402972 -0.1402972 -9999.000 -9999.000 -9999.000 -9999.000 -9999.000 -9999.000 -9999.000 -9999.000 -9999.000 -9999.000 -9999.000 -9999.000 -9999.000 -9999.000 -9999.000 -9999.000 -9999.000 -9999.000 -9999.000 -9999.000 -9999.000 -9999.000 -9999.000 -9999.000 -9999.000 -9999.000 -9999.000 -9999.000
-9999.000 -9999.000 -9999.000 -9999.000 -9999.000 -9999.000 -9999.000 -9999.000 -9999.000 -9999.000 -9999.000 -9999.000 -9999.000 -9999.000 -9999.000 -0.8929887E-01 -0.6269377E-01 -0.4959321E-01 -0.4328420E-01 -0.4719238E-01 -0.5590862E-01 -0.6588648E-01 -0.7614515E-01 -0.8618928E-01 -0.9488557E-01 -0.1028963 -0.1102741 -0.1181616 -0.1314575 -0.1524694 -0.1524694 -9999.000 -9999.000 -9999.000 -9999.000 -9999.000 -9999.000 -9999.000 -9999.000 -9999.000 -9999.000 -9999.000 -9999.000 -9999.000 -9999.000 -9999.000 -9999.000 -9999.000 -9999.000 -9999.000 -9999.000 -9999.000 -9999.000 -9999.000 -9999.000 -9999.000 -9999.000 -9999.000 -9999.000
-9999.000 -9999.000 -9999.000 -9999.000 -9999.000 -9999.000 -9999.000 -9999.000 -9999.000 -9999.000 -9999.000 -9999.000 -9999.000 -9999.000 -9999.000 -0.8813233E-01 -0.5730666E-01 -0.4212471E-01 -0.3485711E-01 -0.3950412E-01 -0.4977934E-01 -0.6152704E-01 -0.7361858E-01 -0.8547803E-01 -0.9574071E-01 -0.1052301 -0.1139770 -0.1233338 -0.1391356 -0.1657540 -0.1657540 -9999.000 -9999.000 -9999.000 -9999.000 -9999.000 -9999.000 -9999.000 -9999.000 -9999.000 -9999.000 -9999.000 -9999.000 -9999.000 -9999.000 -9999.000 -9999.000 -9999.000 -9999.000 -9999.000 -9999.000 -9999.000 -9999.000 -9999.000 -9999.000 -9999.000 -9999.000 -9999.000 -9999.000
-9999.000 -9999.000 -9999.000 -9999.000 -9999.000 -9999.000 -9999.000 -9999.000 -9999.000 -9999.000 -9999.000 -9999.000 -9999.000 -9999.000 -9999.000 -0.8679229E-01 -0.5167758E-01 -0.3439038E-01 -0.2615928E-01 -0.3157878E-01 -0.4346438E-01 -0.5702668E-01 -0.7099527E-01 -0.8471625E-01 -0.9656831E-01 -0.1075732 -0.1177254 -0.1286092 -0.1470882 -0.1803606 -0.1803606 -9999.000 -9999.000 -9999.000 -9999.000 -9999.000 -9999.000 -9999.000 -9999.000 -9999.000 -9999.000 -9999.000 -9999.000 -9999.000 -9999.000 -9999.000 -9999.000 -9999.000 -9999.000 -9999.000 -9999.000 -9999.000 -9999.000 -9999.000 -9999.000 -9999.000 -9999.000 -9999.000 -9999.000
-9999.000 -9999.000 -9999.000 -9999.000 -9999.000 -9999.000 -9999.000 -9999.000 -9999.000 -9999.000 -9999.000 -9999.000 -9999.000 -9999.000 -9999.000 -0.8523052E-01 -0.4577359E-01 -0.2636367E-01 -0.1716925E-01 -0.2340012E-01 -0.3695096E-01 -0.5237219E-01 -0.6826140E-01 -0.8388899E-01 -0.9734838E-01 -0.1099038 -0.1214959 -0.1339672 -0.1553211 -0.1965681 -0.1965681 -9999.000 -9999.000 -9999.000 -9999.000 -9999.000 -9999.000 -9999.000 -9999.000 -9999.000 -9999.000 -9999.000 -9999.000 -9999.000 -9999.000 -9999.000 -9999.000 -9999.000 -9999.000 -9999.000 -9999.000 -9999.000 -9999.000 -9999.000 -9999.000 -9999.000 -9999.000 -9999.000 -9999.000
-9999.000 -9999.000 -9999.000 -9999.000 -9999.000 -9999.000 -9999.000 -9999.000 -9999.000 -9999.000 -9999.000 -9999.000 -9999.000 -9999.000 -9999.000 -0.8338602E-01 -0.3955228E-01 -0.1800975E-01 -0.7858188E-02 -0.1494562E-01 -0.3022144E-01 -0.4754600E-01 -0.6539824E-01 -0.8297691E-01 -0.9805451E-01 -0.1121938 -0.1252578 -0.1393804 -0.1638375 -0.2147469 -0.2147469 -9999.000 -9999.000 -9999.000 -9999.000 -9999.000 -9999.000 -9999.000 -9999.000 -9999.000 -9999.000 -9999.000 -9999.000 -9999.000 -9999.000 -9999.000 -9999.000 -9999.000 -9999.000 -9999.000 -9999.000 -9999.000 -9999.000 -9999.000 -9999.000 -9999.000 -9999.000 -9999.000 -9999.000
-9999.000 -9999.000 -9999.000 -9999.000 -9999.000 -9999.000 -9999.000 -9999.000 -9999.000 -9999.000 -9999.000 -9999.000 -9999.000 -9999.000 -9999.000 -0.8117963E-01 -0.3295813E-01 -0.9282233E-02 0.1811888E-02 -0.6186868E-02 -0.2325258E-01 -0.4252500E-01 -0.6238145E-01 -0.8195442E-01 -0.9865133E-01 -0.1144054 -0.1289689 -0.1448093 -0.1726340 -0.2353964 -0.2353964 -9999.000 -9999.000 -9999.000 -9999.000 -9999.000 -9999.000 -9999.000 -9999.000 -9999.000 -9999.000 -9999.000 -9999.000 -9999.000 -9999.000 -9999.000 -9999.000 -9999.000 -9999.000 -9999.000 -9999.000 -9999.000 -9999.000 -9999.000 -9999.000 -9999.000 -9999.000 -9999.000 -9999.000
-9999.000 -9999.000 -9999.000 -9999.000 -9999.000 -9999.000 -9999.000 -9999.000 -9999.000 -9999.000 -9999.000 -9999.000 -9999.000 -9999.000 -9999.000 -0.7846848E-01 -0.2588446E-01 -0.9019110E-04 0.1190403E-01 0.2906134E-02 -0.1602881E-01 -0.3729279E-01 -0.5919197E-01 -0.8079834E-01 -0.9910187E-01 -0.1164958 -0.1325779 -0.1502020 -0.1816997 -0.2592098 -0.2592098 -9999.000 -9999.000 -9999.000 -9999.000 -9999.000 -9999.000 -9999.000 -9999.000 -9999.000 -9999.000 -9999.000 -9999.000 -9999.000 -9999.000 -9999.000 -9999.000 -9999.000 -9999.000 -9999.000 -9999.000 -9999.000 -9999.000 -9999.000 -9999.000 -9999.000 -9999.000 -9999.000 -9999.000
-9999.000 -9999.000 -9999.000 -9999.000 -9999.000 -9999.000 -9999.000 -9999.000 -9999.000 -9999.000 -9999.000 -9999.000 -9999.000 -9999.000 -9999.000 -0.7367504E-01 -0.1705577E-01 0.1047313E-01 0.2260899E-01 0.1204144E-01 -0.8958064E-02 -0.3224399E-01 -0.5618893E-01 -0.7982046E-01 -0.9965570E-01 -0.1186648 -0.1362359 -0.1556788 -0.1911818 -0.2873690 -0.2873690 -9999.000 -9999.000 -9999.000 -9999.000 -9999.000 -9999.000 -9999.000 -9999.000 -9999.000 -9999.000 -9999.000 -9999.000 -9999.000 -9999.000 -9999.000 -9999.000 -9999.000 -9999.000 -9999.000 -9999.000 -9999.000 -9999.000 -9999.000 -9999.000 -9999.000 -9999.000 -9999.000 -9999.000
-9999.000 -9999.000 -9999.000 -9999.000 -9999.000 -9999.000 -9999.000 -9999.000 -9999.000 -9999.000 -9999.000 -9999.000 -9999.000 -9999.000 -9999.000 -0.9355973E-02 0.1673220E-01 0.2619620E-01 0.2330771E-01 0.5338136E-02 -0.1635004E-01 -0.3908781E-01 -0.6261963E-01 -0.8608221E-01 -0.1055418 -0.1246811 -0.1425362 -0.1628872 -0.2018781 -0.3197695 -0.3197695 -9999.000 -9999.000 -9999.000 -9999.000 -9999.000 -9999.000 -9999.000 -9999.000 -9999.000 -9999.000 -9999.000 -9999.000 -9999.000 -9999.000 -9999.000 -9999.000 -9999.000 -9999.000 -9999.000 -9999.000 -9999.000 -9999.000 -9999.000 -9999.000 -9999.000 -9999.000 -9999.000 -9999.000
-0.4201934E-02 -0.4201934E-02 -0.4968772E-02 -0.6661983E-02 -0.6577369E-02 -0.6577369E-02 -0.6549123E-02 -0.6531924E-02 -0.6531924E-02 -0.6510195E-02 -0.6510195E-02 -0.6477700E-02 -0.6459508E-02 -0.6440432E-02 -0.6421031E-02 -0.6421031E-02 0.4033719E-01 0.3758645E-01 0.2417983E-01 0.2103515E-02 -0.2456894E-01 -0.5432293E-01 -0.8621641E-01 -0.1191080 -0.1508538 -0.1811627 -0.2093145 -0.2360583 -0.2676066 -0.3344786 -0.3344786 -0.1902531 -0.1054557 -0.3964599E-01 -0.3064367E-01 -0.3064367E-01 -0.2468925E-01 -0.2468925E-01 -0.1485496E-01 -0.1485496E-01 -0.4999139E-02 0.2211540E-01 0.2211540E-01 0.3356161E-01 0.3356161E-01 -0.1297560E-02 -0.1297560E-02 -0.1297560E-02 -0.1377341E-02 -0.1377341E-02 -0.7552647E-03 -0.7552647E-03 -0.1179046E-02 -0.1179046E-02 -0.2216670E-02 -0.2216670E-02 -0.3350375E-02 -0.3350375E-02 -0.3350375E-02
-0.6105814E-02 -0.6105814E-02 -0.7472576E-02 -0.9520330E-02 -0.9265743E-02 -0.9265743E-02 -0.9186046E-02 -0.9177082E-02 -0.9177082E-02 -0.9176104E-02 -0.9176104E-02 -0.9153571E-02 -0.9138522E-02 -0.9122326E-02 -0.9106508E-02 -0.9106508E-02 0.3355792E-01 0.3242247E-01 0.1925773E-01 -0.3731014E-02 -0.3608334E-01 -0.7573579E-01 -0.1204863 -0.1684307 -0.2182274 -0.2674667 -0.3146194 -0.3578954 -0.3949316 -0.4207289 -0.4207289 -0.2905562 -0.1974054 -0.1074262 -0.8961851E-01 -0.8961851E-01 -0.6897247E-01 -0.6897247E-01 -0.3417913E-01 -0.3417913E-01 -0.4183331E-02 0.7088578E-01 0.7088578E-01 0.1080478 0.1080478 0.3144186E-01 0.3144186E-01 0.3144186E-01 0.1089311E-01 0.1089311E-01 0.1873937E-02 0.1873937E-02 -0.3540802E-02 -0.3540802E-02 -0.7636924E-02 -0.7636924E-02 -0.1072716E-01 -0.1072716E-01 -0.1072716E-01
-0.4229554E-02 -0.4229554E-02 -0.6724905E-02 -0.8175619E-02 -0.7845879E-02 -0.7845879E-02 -0.7727636E-02 -0.7734404E-02 -0.7734404E-02 -0.7770161E-02 -0.7770161E-02 -0.7776854E-02 -0.7774985E-02 -0.7772104E-02 -0.7771666E-02 -0.7771666E-02 0.2269769E-01 0.2213633E-01 0.9564196E-02 -0.1339325E-01 -0.4605804E-01 -0.8696378E-01 -0.1343794 -0.1866998 -0.2427433 -0.3006336 -0.3587740 -0.4152879 -0.4673470 -0.5085731 -0.5085731 -0.4280427 -0.3488663 -0.2384632 -0.2035621 -0.2035621 -0.1452919 -0.1452919 -0.5844534E-01 -0.5844534E-01 0.4115276E-02 0.1389513 0.1389513 0.2093195 0.2093195 0.1051388 0.1051388 0.1051388 0.4376926E-01 0.4376926E-01 0.1079245E-01 0.1079245E-01 -0.7018268E-02 -0.7018268E-02 -0.1751104E-01 -0.1751104E-01 -0.2376052E-01 -0.2376052E-01 -0.2376052E-01
-0.2304695E-02 -0.2304695E-02 -0.5989293E-02 -0.6712446E-02 -0.6333329E-02 -0.6333329E-02 -0.6183008E-02 -0.6177707E-02 -0.6177707E-02 -0.6217300E-02 -0.6217300E-02 -0.6225419E-02 -0.6224170E-02 -0.6221935E-02 -0.6224333E-02 -0.6224333E-02 0.1227946E-01 0.9666538E-02 -0.3963027E-02 -0.2768898E-01 -0.6073404E-01 -0.1019698 -0.1500317 -0.2035717 -0.2615428 -0.3225781 -0.3853636 -0.4483653 -0.5091409 -0.5618659 -0.5618659 -0.5293252 -0.4757149 -0.3717350 -0.3260044 -0.3260044 -0.2233032 -0.2233032 -0.6650652E-01 -0.6650652E-01 0.2938149E-01 0.2012834 0.2012834 0.2833487 0.2833487 0.1769236 0.1769236 0.1769236 0.8377842E-01 0.8377842E-01 0.2441964E-01 0.2441964E-01 -0.9350782E-02 -0.9350782E-02 -0.2834545E-01 -0.2834545E-01 -0.3852034E-01 -0.3852034E-01 -0.3852034E-01
-0.3421969E-03 -0.3421969E-03 -0.5318438E-02 -0.5199139E-02 -0.4803986E-02 -0.4803986E-02 -0.4642436E-02 -0.4625956E-02 -0.4625956E-02 -0.4662428E-02 -0.4662428E-02 -0.4670034E-02 -0.4669047E-02 -0.4666931E-02 -0.4672623E-02 -0.4672623E-02 0.2309793E-02 -0.4537720E-02 -0.2113458E-01 -0.4697177E-01 -0.8133832E-01 -0.1233445 -0.1719401 -0.2260325 -0.2846951 -0.3468716 -0.4114899 -0.4773317 -0.5424793 -0.6022558 -0.6022558 -0.6045739 -0.5771353 -0.4906409 -0.4360203 -0.4360203 -0.2769623 -0.2769623 -0.4575539E-01 -0.4575539E-01 0.7066125E-01 0.2452064 0.2452064 0.3209207 0.3209207 0.2304434 0.2304434 0.2304434 0.1231646 0.1231646 0.4225758E-01 0.4225758E-01 -0.8203815E-02 -0.8203815E-02 -0.3719060E-01 -0.3719060E-01 -0.5220941E-01 -0.5220941E-01 -0.5220941E-01
0.5176287E-03 0.5176287E-03 -0.3994167E-02 -0.3554163E-02 -0.3231157E-02 -0.3231157E-02 -0.3097501E-02 -0.3079866E-02 -0.3079866E-02 -0.3107760E-02 -0.3107760E-02 -0.3113816E-02 -0.3112989E-02 -0.3111551E-02 -0.3121753E-02 -0.3121753E-02 -0.7788240E-02 -0.2067611E-01 -0.4213781E-01 -0.7167394E-01 -0.1086023 -0.1521990 -0.2016880 -0.2562621 -0.3151909 -0.3776819 -0.4428893 -0.5098420 -0.5770469 -0.6408868 -0.6408868 -0.6665349 -0.6609515 -0.5883361 -0.5175458 -0.5175458 -0.2828462 -0.2828462 -0.1172321E-02 -0.1172321E-02 0.1132086 0.2630015 0.2630015 0.3260185 0.3260185 0.2605553 0.2605553 0.2605553 0.1561584 0.1561584 0.6256998E-01 0.6256998E-01 -0.2815634E-02 -0.2815634E-02 -0.4249141E-01 -0.4249141E-01 -0.6322649E-01 -0.6322649E-01 -0.6322649E-01
0.2584519E-03 0.2584519E-03 -0.1985409E-02 -0.1786177E-02 -0.1618023E-02 -0.1618023E-02 -0.1547443E-02 -0.1538312E-02 -0.1538312E-02 -0.1553621E-02 -0.1553621E-02 -0.1557004E-02 -0.1556485E-02 -0.1555880E-02 -0.1572395E-02 -0.1572395E-02 -0.1885912E-01 -0.3946111E-01 -0.6764804E-01 -0.1025763 -0.1434723 -0.1896967 -0.2406918 -0.2959348 -0.3549551 -0.4172486 -0.4822404 -0.5492195 -0.6170502 -0.6829075 -0.6829075 -0.7232404 -0.7331730 -0.6553296 -0.5499577 -0.5499577 -0.2340195 -0.2340195 0.4545612E-01 0.4545612E-01 0.1395214 0.2555283 0.2555283 0.3077220 0.3077220 0.2684162 0.2684162 0.2684162 0.1784697 0.1784697 0.8240919E-01 0.8240919E-01 0.6288406E-02 0.6288406E-02 -0.4354129E-01 -0.4354129E-01 -0.7048839E-01 -0.7048839E-01 -0.7048839E-01
-0.1481797E-06 -0.1481797E-06 0.4351460E-07 -0.8233734E-07 -0.7953658E-07 -0.7953658E-07 -0.9541397E-07 -0.7246045E-08 -0.7246045E-08 -0.8925230E-07 -0.8925230E-07 -0.6522746E-07 0.1440776E-06 -0.5772604E-07 -0.2520774E-04 -0.2520774E-04 -0.3206155E-01 -0.6216839E-01 -0.9896436E-01 -0.1410129 -0.1873356 -0.2373113 -0.2905542 -0.3468060 -0.4058845 -0.4676015 -0.5316986 -0.5977727 -0.6650199 -0.7310485 -0.7310485 -0.7788780 -0.7950913 -0.6702922 -0.5093725 -0.5093725 -0.1533931 -0.1533931 0.7353494E-01 0.7353494E-01 0.1424350 0.2299202 0.2299202 0.2752130 0.2752130 0.2582167 0.2582167 0.2582167 0.1877748 0.1877748 0.9827787E-01 0.9827787E-01 0.1743016E-01 0.1743016E-01 -0.4040439E-01 -0.4040439E-01 -0.7328159E-01 -0.7328159E-01 -0.7328159E-01
-0.2585717E-03 -0.2585717E-03 0.1985294E-02 0.1786013E-02 0.1617812E-02 0.1617812E-02 0.1547238E-02 0.1538318E-02 0.1538318E-02 0.1553410E-02 0.1553410E-02 0.1557033E-02 0.1556608E-02 0.1555902E-02 0.1518544E-02 0.1518544E-02 -0.4905076E-01 -0.9081128E-01 -0.1382203 -0.1891167 -0.2422682 -0.2970605 -0.3532696 -0.4108946 -0.4700511 -0.5308781 -0.5934594 -0.6577318 -0.7231561 -0.7870271 -0.7870271 -0.8339657 -0.8390353 -0.6023656 -0.3944488 -0.3944488 -0.8001396E-01 -0.8001396E-01 0.7749767E-01 0.7749767E-01 0.1264646 0.1947099 0.1947099 0.2355556 0.2355556 0.2349168 0.2349168 0.2349168 0.1839608 0.1839608 0.1071669 0.1071669 0.2820977E-01 0.2820977E-01 -0.3386001E-01 -0.3386001E-01 -0.7128062E-01 -0.7128062E-01 -0.7128062E-01
-0.5177628E-03 -0.5177628E-03 0.3993898E-02 0.3554114E-02 0.3230914E-02 0.3230914E-02 0.3097312E-02 0.3079989E-02 0.3079989E-02 0.3107690E-02 0.3107690E-02 0.3113988E-02 0.3113021E-02 0.3111754E-02 0.3057052E-02 0.3057052E-02 -0.7236338E-01 -0.1285369 -0.1887616 -0.2501764 -0.3113702 -0.3718129 -0.4314969 -0.4907061 -0.5498699 -0.6094592 -0.6699027 -0.7314688 -0.7935899 -0.8509784 -0.8509784 -0.8810845 -0.8368716 -0.4471768 -0.2508397 -0.2508397 -0.3718444E-01 -0.3718444E-01 0.6467532E-01 0.6467532E-01 0.1007864 0.1563701 0.1563701 0.1931990 0.1931990 0.2028789 0.2028789 0.2028789 0.1686089 0.1686089 0.1073549 0.1073549 0.3620443E-01 0.3620443E-01 -0.2521142E-01 -0.2521142E-01 -0.6459711E-01 -0.6459711E-01 -0.6459711E-01
0.3420872E-03 0.3420872E-03 0.5318206E-02 0.5199160E-02 0.4804027E-02 0.4804027E-02 0.4642379E-02 0.4626087E-02 0.4626087E-02 0.4662315E-02 0.4662315E-02 0.4670243E-02 0.4668969E-02 0.4667114E-02 0.4587912E-02 0.4587912E-02 -0.1061888 -0.1803968 -0.2558327 -0.3292287 -0.3992719 -0.4657261 -0.5289397 -0.5895599 -0.6483676 -0.7061731 -0.7637414 -0.8215829 -0.8779384 -0.9167907 -0.9167907 -0.8888692 -0.7304894 -0.2644085 -0.1384288 -0.1384288 -0.2183666E-01 -0.2183666E-01 0.4531179E-01 0.4531179E-01 0.7299449E-01 0.1185885 0.1185885 0.1505875 0.1505875 0.1654521 0.1654521 0.1654521 0.1441601 0.1441601 0.9864489E-01 0.9864489E-01 0.3959793E-01 0.3959793E-01 -0.1597182E-01 -0.1597182E-01 -0.5377292E-01 -0.5377292E-01 -0.5377292E-01
0.2304743E-02 0.2304743E-02 0.5989055E-02 0.6712464E-02 0.6333551E-02 0.6333551E-02 0.6183055E-02 0.6177605E-02 0.6177605E-02 0.6217097E-02 0.6217097E-02 0.6225417E-02 0.6224209E-02 0.6222011E-02 0.6107964E-02 0.6107964E-02 -0.1579835 -0.2548719 -0.3478702 -0.4341202 -0.5130040 -0.5849708 -0.6509623 -0.7121214 -0.7696413 -0.8246855 -0.8783388 -0.9309915 -0.9746351 -0.9518666 -0.9518666 -0.7773113 -0.4900209 -0.1312486 -0.7782551E-01 -0.7782551E-01 -0.1950399E-01 -0.1950399E-01 0.2614179E-01 0.2614179E-01 0.4718208E-01 0.8305614E-01 0.8305614E-01 0.1090603 0.1090603 0.1251489 0.1251489 0.1251489 0.1133038 0.1133038 0.8217549E-01 0.8217549E-01 0.3765536E-01 0.3765536E-01 -0.7438496E-02 -0.7438496E-02 -0.3968599E-01 -0.3968599E-01 -0.3968599E-01
