simulation_files/asc/Velocity____229.0.asc
NCOLS        79
NROWS        79
XLLCENTER         -1.500000
YLLCENTER         -4.800000
CELLSIZE           0.100
NODATA_VALUE     -9999.0
[rows 0 to 26 of 79, columns 0 to 59 of 79]
-9999.000 -9999.000 -9999.000 -9999.000 -9999.000 -9999.000 -9999.000 -9999.000 -9999.000 -9999.000 -9999.000 -9999.000 -9999.000 -9999.000 -9999.000 0.8967637E-01 0.8643743E-01 0.8508907E-01 0.8480205E-01 0.8580357E-01 0.8723645E-01 0.8861749E-01 0.8977650E-01 0.9060725E-01 0.9111330E-01 0.9137616E-01 0.9147822E-01 0.9162218E-01 0.9239948E-01 0.9338433E-01 0.9338433E-01 -9999.000 -9999.000 -9999.000 -9999.000 -9999.000 -9999.000 -9999.000 -9999.000 -9999.000 -9999.000 -9999.000 -9999.000 -9999.000 -9999.000 -9999.000 -9999.000 -9999.000 -9999.000 -9999.000 -9999.000 -9999.000 -9999.000 -9999.000 -9999.000 -9999.000 -9999.000 -9999.000 -9999.000 -9999.000
-9999.000 -9999.000 -9999.000 -9999.000 -9999.000 -9999.000 -9999.000 -9999.000 -9999.000 -9999.000 -9999.000 -9999.000 -9999.000 -9999.000 -9999.000 0.9051629E-01 0.8373414E-01 0.8100010E-01 0.8045964E-01 0.8248062E-01 0.8533505E-01 0.8811513E-01 0.9052439E-01 0.9235265E-01 0.9358538E-01 0.9436393E-01 0.9484334E-01 0.9545483E-01 0.9749748E-01 0.1002417 0.1002417 -9999.000 -9999.000 -9999.000 -9999.000 -9999.000 -9999.000 -9999.000 -9999.000 -9999.000 -9999.000 -9999.000 -9999.000 -9999.000 -9999.000 -9999.000 -9999.000 -9999.000 -9999.000 -9999.000 -9999.000 -9999.000 -9999.000 -9999.000 -9999.000 -9999.000 -9999.000 -9999.000 -9999.000 -9999.000
-9999.000 -9999.000 -9999.000 -9999.000 -9999.000 -9999.000 -9999.000 -9999.000 -9999.000 -9999.000 -9999.000 -9999.000 -9999.000 -9999.000 -9999.000 0.9044309E-01 0.7978886E-01 0.7540309E-01 0.7450283E-01 0.7762907E-01 0.8206558E-01 0.8644987E-01 0.9037310E-01 0.9352766E-01 0.9588134E-01 0.9762798E-01 0.9897275E-01 0.1005617 0.1044384 0.1097738 0.1097738 -9999.000 -9999.000 -9999.000 -9999.000 -9999.000 -9999.000 -9999.000 -9999.000 -9999.000 -9999.000 -9999.000 -9999.000 -9999.000 -9999.000 -9999.000 -9999.000 -9999.000 -9999.000 -9999.000 -9999.000 -9999.000 -9999.000 -9999.000 -9999.000 -9999.000 -9999.000 -9999.000 -9999.000 -9999.000
-9999.000 -9999.000 -9999.000 -9999.000 -9999.000 -9999.000 -9999.000 -9999.000 -9999.000 -9999.000 -9999.000 -9999.000 -9999.000 -9999.000 -9999.000 0.8987702E-01 0.7535125E-01 0.6929535E-01 0.6804817E-01 0.7230242E-01 0.7832823E-01 0.8433017E-01 0.8981316E-01 0.9437995E-01 0.9798020E-01 0.1008518 0.1032338 0.1059770 0.1118881 0.1203345 0.1203345 -9999.000 -9999.000 -9999.000 -9999.000 -9999.000 -9999.000 -9999.000 -9999.000 -9999.000 -9999.000 -9999.000 -9999.000 -9999.000 -9999.000 -9999.000 -9999.000 -9999.000 -9999.000 -9999.000 -9999.000 -9999.000 -9999.000 -9999.000 -9999.000 -9999.000 -9999.000 -9999.000 -9999.000 -9999.000
-9999.000 -9999.000 -9999.000 -9999.000 -9999.000 -9999.000 -9999.000 -9999.000 -9999.000 -9999.000 -9999.000 -9999.000 -9999.000 -9999.000 -9999.000 0.8903935E-01 0.7060085E-01 0.6286491E-01 0.6131480E-01 0.6674538E-01 0.7437319E-01 0.8199891E-01 0.8906581E-01 0.9509166E-01 0.1000064 0.1040882 0.1076005 0.1116013 0.1196982 0.1317841 0.1317841 -9999.000 -9999.000 -9999.000 -9999.000 -9999.000 -9999.000 -9999.000 -9999.000 -9999.000 -9999.000 -9999.000 -9999.000 -9999.000 -9999.000 -9999.000 -9999.000 -9999.000 -9999.000 -9999.000 -9999.000 -9999.000 -9999.000 -9999.000 -9999.000 -9999.000 -9999.000 -9999.000 -9999.000 -9999.000
-9999.000 -9999.000 -9999.000 -9999.000 -9999.000 -9999.000 -9999.000 -9999.000 -9999.000 -9999.000 -9999.000 -9999.000 -9999.000 -9999.000 -9999.000 0.8799625E-01 0.6560026E-01 0.5619699E-01 0.5443475E-01 0.6111151E-01 0.7034981E-01 0.7959289E-01 0.8825189E-01 0.9576071E-01 0.1020290 0.1073715 0.1120699 0.1173983 0.1278181 0.1441427 0.1441427 -9999.000 -9999.000 -9999.000 -9999.000 -9999.000 -9999.000 -9999.000 -9999.000 -9999.000 -9999.000 -9999.000 -9999.000 -9999.000 -9999.000 -9999.000 -9999.000 -9999.000 -9999.000 -9999.000 -9999.000 -9999.000 -9999.000 -9999.000 -9999.000 -9999.000 -9999.000 -9999.000 -9999.000 -9999.000
-9999.000 -9999.000 -9999.000 -9999.000 -9999.000 -9999.000 -9999.000 -9999.000 -9999.000 -9999.000 -9999.000 -9999.000 -9999.000 -9999.000 -9999.000 0.8674675E-01 0.6036034E-01 0.4933586E-01 0.4751816E-01 0.5552187E-01 0.6635708E-01 0.7719182E-01 0.8743644E-01 0.9643840E-01 0.1040827 0.1107196 0.1166426 0.1233551 0.1362396 0.1575211 0.1575211 -9999.000 -9999.000 -9999.000 -9999.000 -9999.000 -9999.000 -9999.000 -9999.000 -9999.000 -9999.000 -9999.000 -9999.000 -9999.000 -9999.000 -9999.000 -9999.000 -9999.000 -9999.000 -9999.000 -9999.000 -9999.000 -9999.000 -9999.000 -9999.000 -9999.000 -9999.000 -9999.000 -9999.000 -9999.000
-9999.000 -9999.000 -9999.000 -9999.000 -9999.000 -9999.000 -9999.000 -9999.000 -9999.000 -9999.000 -9999.000 -9999.000 -9999.000 -9999.000 -9999.000 0.8525756E-01 0.5486867E-01 0.4232201E-01 0.4071318E-01 0.5011194E-01 0.6248260E-01 0.7485373E-01 0.8666119E-01 0.9715431E-01 0.1061871 0.1141423 0.1213187 0.1294672 0.1449735 0.1720969 0.1720969 -9999.000 -9999.000 -9999.000 -9999.000 -9999.000 -9999.000 -9999.000 -9999.000 -9999.000 -9999.000 -9999.000 -9999.000 -9999.000 -9999.000 -9999.000 -9999.000 -9999.000 -9999.000 -9999.000 -9999.000 -9999.000 -9999.000 -9999.000 -9999.000 -9999.000 -9999.000 -9999.000 -9999.000 -9999.000
-9999.000 -9999.000 -9999.000 -9999.000 -9999.000 -9999.000 -9999.000 -9999.000 -9999.000 -9999.000 -9999.000 -9999.000 -9999.000 -9999.000 -9999.000 0.8347704E-01 0.4910265E-01 0.3522899E-01 0.3428319E-01 0.4507019E-01 0.5882509E-01 0.7263316E-01 0.8596006E-01 0.9793076E-01 0.1083554 0.1176461 0.1260986 0.1357343 0.1540404 0.1881141 0.1881141 -9999.000 -9999.000 -9999.000 -9999.000 -9999.000 -9999.000 -9999.000 -9999.000 -9999.000 -9999.000 -9999.000 -9999.000 -9999.000 -9999.000 -9999.000 -9999.000 -9999.000 -9999.000 -9999.000 -9999.000 -9999.000 -9999.000 -9999.000 -9999.000 -9999.000 -9999.000 -9999.000 -9999.000 -9999.000
-9999.000 -9999.000 -9999.000 -9999.000 -9999.000 -9999.000 -9999.000 -9999.000 -9999.000 -9999.000 -9999.000 -9999.000 -9999.000 -9999.000 -9999.000 0.8133893E-01 0.4303619E-01 0.2823234E-01 0.2874366E-01 0.4068157E-01 0.5551125E-01 0.7059312E-01 0.8536951E-01 0.9879033E-01 0.1106013 0.1212377 0.1309836 0.1421576 0.1634665 0.2058968 0.2058968 -9999.000 -9999.000 -9999.000 -9999.000 -9999.000 -9999.000 -9999.000 -9999.000 -9999.000 -9999.000 -9999.000 -9999.000 -9999.000 -9999.000 -9999.000 -9999.000 -9999.000 -9999.000 -9999.000 -9999.000 -9999.000 -9999.000 -9999.000 -9999.000 -9999.000 -9999.000 -9999.000 -9999.000 -9999.000
-9999.000 -9999.000 -9999.000 -9999.000 -9999.000 -9999.000 -9999.000 -9999.000 -9999.000 -9999.000 -9999.000 -9999.000 -9999.000 -9999.000 -9999.000 0.7876288E-01 0.3664775E-01 0.2179853E-01 0.2505603E-01 0.3736556E-01 0.5271125E-01 0.6881650E-01 0.8493734E-01 0.9976272E-01 0.1129425 0.1249271 0.1359764 0.1487396 0.1732827 0.2258778 0.2258778 -9999.000 -9999.000 -9999.000 -9999.000 -9999.000 -9999.000 -9999.000 -9999.000 -9999.000 -9999.000 -9999.000 -9999.000 -9999.000 -9999.000 -9999.000 -9999.000 -9999.000 -9999.000 -9999.000 -9999.000 -9999.000 -9999.000 -9999.000 -9999.000 -9999.000 -9999.000 -9999.000 -9999.000 -9999.000
-9999.000 -9999.000 -9999.000 -9999.000 -9999.000 -9999.000 -9999.000 -9999.000 -9999.000 -9999.000 -9999.000 -9999.000 -9999.000 -9999.000 -9999.000 0.7565067E-01 0.2994002E-01 0.1719526E-01 0.2454286E-01 0.3567582E-01 0.5065674E-01 0.6741931E-01 0.8473236E-01 0.1008930 0.1154088 0.1287328 0.1410854 0.1554864 0.1835259 0.2486464 0.2486464 -9999.000 -9999.000 -9999.000 -9999.000 -9999.000 -9999.000 -9999.000 -9999.000 -9999.000 -9999.000 -9999.000 -9999.000 -9999.000 -9999.000 -9999.000 -9999.000 -9999.000 -9999.000 -9999.000 -9999.000 -9999.000 -9999.000 -9999.000 -9999.000 -9999.000 -9999.000 -9999.000 -9999.000 -9999.000
-9999.000 -9999.000 -9999.000 -9999.000 -9999.000 -9999.000 -9999.000 -9999.000 -9999.000 -9999.000 -9999.000 -9999.000 -9999.000 -9999.000 -9999.000 0.7185688E-01 0.2300913E-01 0.1699615E-01 0.2803547E-01 0.3628922E-01 0.4974238E-01 0.6663726E-01 0.8490972E-01 0.1022897 0.1180769 0.1327078 0.1463439 0.1624202 0.1942457 0.2750262 0.2750262 -9999.000 -9999.000 -9999.000 -9999.000 -9999.000 -9999.000 -9999.000 -9999.000 -9999.000 -9999.000 -9999.000 -9999.000 -9999.000 -9999.000 -9999.000 -9999.000 -9999.000 -9999.000 -9999.000 -9999.000 -9999.000 -9999.000 -9999.000 -9999.000 -9999.000 -9999.000 -9999.000 -9999.000 -9999.000
-9999.000 -9999.000 -9999.000 -9999.000 -9999.000 -9999.000 -9999.000 -9999.000 -9999.000 -9999.000 -9999.000 -9999.000 -9999.000 -9999.000 -9999.000 0.6618298E-01 0.1780574E-01 0.2693078E-01 0.3968904E-01 0.4428256E-01 0.5433778E-01 0.6970078E-01 0.8778207E-01 0.1056137 0.1221411 0.1377020 0.1523429 0.1699408 0.2057298 0.3063664 0.3063664 -9999.000 -9999.000 -9999.000 -9999.000 -9999.000 -9999.000 -9999.000 -9999.000 -9999.000 -9999.000 -9999.000 -9999.000 -9999.000 -9999.000 -9999.000 -9999.000 -9999.000 -9999.000 -9999.000 -9999.000 -9999.000 -9999.000 -9999.000 -9999.000 -9999.000 -9999.000 -9999.000 -9999.000 -9999.000
-9999.000 -9999.000 -9999.000 -9999.000 -9999.000 -9999.000 -9999.000 -9999.000 -9999.000 -9999.000 -9999.000 -9999.000 -9999.000 -9999.000 -9999.000 0.1041773 0.1603327 0.1884188 0.1798890 0.1524460 0.1354978 0.1257028 0.1241174 0.1287659 0.1372595 0.1483297 0.1607542 0.1781237 0.2173769 0.3419673 0.3419673 -9999.000 -9999.000 -9999.000 -9999.000 -9999.000 -9999.000 -9999.000 -9999.000 -9999.000 -9999.000 -9999.000 -9999.000 -9999.000 -9999.000 -9999.000 -9999.000 -9999.000 -9999.000 -9999.000 -9999.000 -9999.000 -9999.000 -9999.000 -9999.000 -9999.000 -9999.000 -9999.000 -9999.000 -9999.000
2.885027 2.885027 2.883115 2.896924 2.915995 2.915995 2.918748 2.918535 2.918535 2.914567 2.914567 2.908073 2.904143 2.899860 2.895665 2.895665 3.055920 3.060591 3.061788 3.057497 3.024353 2.968065 2.888709 2.784696 2.658130 2.512416 2.350140 2.180110 2.027092 1.966307 1.966307 2.786963 2.962638 3.068689 3.096032 3.096032 3.134386 3.134386 3.125629 3.125629 3.086449 2.917501 2.917501 2.610914 2.610914 2.192660 2.192660 2.192660 2.162545 2.162545 2.188514 2.188514 2.235271 2.235271 2.285695 2.285695 2.331734 2.331734 2.331734 2.368998
2.908204 2.908204 2.913621 2.951813 2.978064 2.978064 2.992827 3.015684 3.015684 3.034387 3.034387 3.050362 3.057589 3.064412 3.071244 3.071244 3.189959 3.210103 3.226161 3.239605 3.245930 3.245680 3.237206 3.217363 3.183671 3.134212 3.067045 2.982584 2.886831 2.805405 2.805405 3.238915 3.392217 3.544739 3.587364 3.587364 3.637860 3.637860 3.644148 3.644148 3.626266 3.532016 3.532016 3.349491 3.349491 3.032598 3.032598 3.032598 2.998742 2.998742 3.026854 3.026854 3.076371 3.076371 3.129325 3.129325 3.178301 3.178301 3.178301 3.219902
2.914228 2.914228 2.914849 2.954081 2.977954 2.977954 2.993286 3.016940 3.016940 3.036269 3.036269 3.052942 3.060559 3.067794 3.075108 3.075108 3.180616 3.213846 3.242138 3.266777 3.286144 3.300674 3.310412 3.314437 3.311619 3.300663 3.279740 3.247762 3.206854 3.172028 3.172028 3.410792 3.557674 3.731406 3.783468 3.783468 3.839219 3.839219 3.833085 3.833085 3.806429 3.711383 3.711383 3.576288 3.576288 3.324247 3.324247 3.324247 3.275015 3.275015 3.289736 3.289736 3.330294 3.330294 3.377070 3.377070 3.421549 3.421549 3.421549 3.459857
2.919121 2.919121 2.915449 2.955314 2.977387 2.977387 2.992947 3.016904 3.016904 3.036247 3.036247 3.052904 3.060520 3.067759 3.075166 3.075166 3.172133 3.216076 3.255665 3.290630 3.319816 3.343231 3.361184 3.373710 3.380780 3.382297 3.377774 3.366838 3.350792 3.338935 3.338935 3.484156 3.612970 3.790679 3.846593 3.846593 3.896379 3.896379 3.865267 3.865267 3.826617 3.736308 3.736308 3.648113 3.648113 3.463684 3.463684 3.463684 3.403887 3.403887 3.403325 3.403325 3.433988 3.433988 3.475210 3.475210 3.516279 3.516279 3.516279 3.552102
2.922908 2.922908 2.915694 2.956031 2.976914 2.976914 2.992629 3.016853 3.016853 3.036204 3.036204 3.052850 3.060469 3.067717 3.075267 3.075267 3.168588 3.221492 3.271148 3.315728 3.354015 3.385663 3.410817 3.429689 3.442551 3.449767 3.451608 3.448436 3.441654 3.437737 3.437737 3.528885 3.635219 3.801489 3.851719 3.851719 3.872247 3.872247 3.807054 3.807054 3.763825 3.699911 3.699911 3.661603 3.661603 3.547076 3.547076 3.547076 3.486189 3.486189 3.470836 3.470836 3.489017 3.489017 3.522593 3.522593 3.558982 3.558982 3.558982 3.591450
2.925148 2.925148 2.916215 2.956345 2.976518 2.976518 2.992351 3.016796 3.016796 3.036178 3.036178 3.052845 3.060481 3.067743 3.075493 3.075493 3.171018 3.231917 3.290446 3.343663 3.390160 3.429395 3.461348 3.486202 3.504261 3.515958 3.521779 3.522367 3.519109 3.516726 3.516726 3.572487 3.654040 3.790341 3.819674 3.819674 3.782685 3.782685 3.693818 3.693818 3.663099 3.644900 3.644900 3.651717 3.651717 3.600715 3.600715 3.600715 3.549236 3.549236 3.523844 3.523844 3.528658 3.528658 3.552211 3.552211 3.581800 3.581800 3.581800 3.609287
2.924919 2.924919 2.917756 2.956492 2.976264 2.976264 2.992162 3.016767 3.016767 3.036195 3.036195 3.052888 3.060531 3.067797 3.075815 3.075815 3.180207 3.248847 3.315306 3.376095 3.429730 3.475623 3.513685 3.544054 3.567008 3.582937 3.592325 3.595818 3.594599 3.591959 3.591959 3.623456 3.679130 3.758462 3.744198 3.744198 3.636972 3.636972 3.564572 3.564572 3.561126 3.591730 3.591730 3.632799 3.632799 3.633503 3.633503 3.633503 3.599120 3.599120 3.571023 3.571023 3.564381 3.564381 3.576513 3.576513 3.597185 3.597185 3.597185 3.617798
2.925180 2.925180 2.917972 2.956498 2.976166 2.976166 2.992093 3.016766 3.016766 3.036223 3.036223 3.052924 3.060567 3.067830 3.076220 3.076220 3.197181 3.273861 3.347548 3.414832 3.474393 3.525766 3.568911 3.603988 3.631261 3.651071 3.663837 3.670104 3.670747 3.667678 3.667678 3.681660 3.708902 3.686254 3.605998 3.605998 3.461277 3.461277 3.448941 3.448941 3.475252 3.544149 3.544149 3.608651 3.608651 3.649085 3.649085 3.649085 3.635306 3.635306 3.611815 3.611815 3.598043 3.598043 3.598987 3.598987 3.609215 3.609215 3.609215 3.621189
2.924927 2.924927 2.917826 2.956506 2.976279 2.976279 2.992172 3.016770 3.016770 3.036196 3.036196 3.052887 3.060531 3.067797 3.076710 3.076710 3.223464 3.308832 3.389205 3.461885 3.526027 3.581482 3.628397 3.667036 3.697701 3.720718 3.736441 3.745289 3.747755 3.743947 3.743947 3.742082 3.730293 3.540778 3.400891 3.400891 3.297847 3.297847 3.361027 3.361027 3.408717 3.501704 3.501704 3.581565 3.581565 3.651509 3.651509 3.651509 3.658045 3.658045 3.644377 3.644377 3.628412 3.628412 3.619975 3.619975 3.619134 3.619134 3.619134 3.621046
2.924807 2.924807 2.916705 2.956373 2.976547 2.976547 2.992377 3.016808 3.016808 3.036182 3.036182 3.052843 3.060477 3.067738 3.077363 3.077363 3.261391 3.356189 3.442671 3.519517 3.586706 3.644614 3.693712 3.734460 3.767260 3.792467 3.810397 3.821345 3.825186 3.818343 3.818343 3.792025 3.709118 3.309487 3.168206 3.168206 3.177570 3.177570 3.295730 3.295730 3.354891 3.461497 3.461497 3.551671 3.551671 3.643177 3.643177 3.643177 3.667436 3.667436 3.665989 3.665989 3.652158 3.652158 3.637206 3.637206 3.625737 3.625737 3.625737 3.616826
2.922931 2.922931 2.915880 2.956060 2.976950 2.976950 2.992658 3.016866 3.016866 3.036210 3.036210 3.052852 3.060470 3.067717 3.078302 3.078302 3.314608 3.419330 3.510995 3.590414 3.658778 3.717200 3.766601 3.807712 3.841086 3.867146 3.886210 3.898402 3.902035 3.882646 3.882646 3.796449 3.580913 3.039744 2.976154 2.976154 3.097138 3.097138 3.240861 3.240861 3.305328 3.419840 3.419840 3.517305 3.517305 3.624321 3.624321 3.624321 3.662748 3.662748 3.673430 3.673430 3.664564 3.664564 3.646140 3.646140 3.625429 3.625429 3.625429 3.605820
2.919150 2.919150 2.915671 2.955340 2.977427 2.977427 2.992979 3.016918 3.016918 3.036253 3.036253 3.052908 3.060523 3.067761 3.079668 3.079668 3.388970 3.503199 3.598228 3.677863 3.744921 3.801435 3.848869 3.888269 3.920369 3.945674 3.964517 3.976579 3.974440 3.905431 3.905431 3.671923 3.293642 2.823939 2.854568 2.854568 3.030807 3.030807 3.183723 3.183723 3.250804 3.370641 3.370641 3.473466 3.473466 3.591396 3.591396 3.591396 3.640379 3.640379 3.661407 3.661407 3.658457 3.658457 3.638966 3.638966 3.610960 3.610960 3.610960 3.581693
