simulation_files/asc/Velocity__y_186.0.asc
NCOLS        79
NROWS        79
XLLCENTER         -1.500000
YLLCENTER         -4.800000
CELLSIZE           0.100
NODATA_VALUE     -9999.0
[rows 0 to 26 of 79, columns 0 to 58 of 79]
-9999.000 -9999.000 -9999.000 -9999.000 -9999.000 -9999.000 -9999.000 -9999.000 -9999.000 -9999.000 -9999.000 -9999.000 -9999.000 -9999.000 -9999.000 -0.9369292E-01 -0.9081400E-01 -0.8956302E-01 -0.8904994E-01 -0.8946445E-01 -0.9019712E-01 -0.9097388E-01 -0.9173830E-01 -0.9243941E-01 -0.9301911E-01 -0.9353307E-01 -0.9400789E-01 -0.9459124E-01 -0.9583642E-01 -0.9708933E-01 -0.9708933E-01 -9999.000 -9999.000 -9999.000 -9999.000 -9999.000 -9999.000 -9999.000 -9999.000 -9999.000 -9999.000 -9999.000 -9999.000 -9999.000 -9999.000 -9999.000 -9999.000 -9999.000 -9999.000 -9999.000 -9999.000 -9999.000 -9999.000 -9999.000 -9999.000 -9999.000 -9999.000 -9999.000 -9999.000
-9999.000 -9999.000 -9999.000 -9999.000 -9999.000 -9999.000 -9999.000 -9999.000 -9999.000 -9999.000 -9999.000 -9999.000 -9999.000 -9999.000 -9999.000 -0.9386142E-01 -0.8780687E-01 -0.8512843E-01 -0.8404652E-01 -0.8497662E-01 -0.8662879E-01 -0.8841062E-01 -0.9019081E-01 -0.9185057E-01 -0.9325702E-01 -0.9452143E-01 -0.9569333E-01 -0.9707747E-01 -0.9982908E-01 -0.1028813 -0.1028813 -9999.000 -9999.000 -9999.000 -9999.000 -9999.000 -9999.000 -9999.000 -9999.000 -9999.000 -9999.000 -9999.000 -9999.000 -9999.000 -9999.000 -9999.000 -9999.000 -9999.000 -9999.000 -9999.000 -9999.000 -9999.000 -9999.000 -9999.000 -9999.000 -9999.000 -9999.000 -9999.000 -9999.000
-9999.000 -9999.000 -9999.000 -9999.000 -9999.000 -9999.000 -9999.000 -9999.000 -9999.000 -9999.000 -9999.000 -9999.000 -9999.000 -9999.000 -9999.000 -0.9297523E-01 -0.8344274E-01 -0.7912246E-01 -0.7742802E-01 -0.7904928E-01 -0.8191114E-01 -0.8504472E-01 -0.8822072E-01 -0.9122855E-01 -0.9383524E-01 -0.9620623E-01 -0.9840731E-01 -0.1009132 -0.1055614 -0.1111398 -0.1111398 -9999.000 -9999.000 -9999.000 -9999.000 -9999.000 -9999.000 -9999.000 -9999.000 -9999.000 -9999.000 -9999.000 -9999.000 -9999.000 -9999.000 -9999.000 -9999.000 -9999.000 -9999.000 -9999.000 -9999.000 -9999.000 -9999.000 -9999.000 -9999.000 -9999.000 -9999.000 -9999.000 -9999.000
-9999.000 -9999.000 -9999.000 -9999.000 -9999.000 -9999.000 -9999.000 -9999.000 -9999.000 -9999.000 -9999.000 -9999.000 -9999.000 -9999.000 -9999.000 -0.9159651E-01 -0.7858912E-01 -0.7262100E-01 -0.7034218E-01 -0.7273217E-01 -0.7690147E-01 -0.8149335E-01 -0.8618020E-01 -0.9065419E-01 -0.9457433E-01 -0.9816106E-01 -0.1014910 -0.1052121 -0.1118770 -0.1204563 -0.1204563 -9999.000 -9999.000 -9999.000 -9999.000 -9999.000 -9999.000 -9999.000 -9999.000 -9999.000 -9999.000 -9999.000 -9999.000 -9999.000 -9999.000 -9999.000 -9999.000 -9999.000 -9999.000 -9999.000 -9999.000 -9999.000 -9999.000 -9999.000 -9999.000 -9999.000 -9999.000 -9999.000 -9999.000
-9999.000 -9999.000 -9999.000 -9999.000 -9999.000 -9999.000 -9999.000 -9999.000 -9999.000 -9999.000 -9999.000 -9999.000 -9999.000 -9999.000 -9999.000 -0.8995443E-01 -0.7342609E-01 -0.6578520E-01 -0.6292626E-01 -0.6613730E-01 -0.7168095E-01 -0.7780074E-01 -0.8407292E-01 -0.9008858E-01 -0.9539033E-01 -0.1002611 -0.1047833 -0.1097875 -0.1185849 -0.1306715 -0.1306715 -9999.000 -9999.000 -9999.000 -9999.000 -9999.000 -9999.000 -9999.000 -9999.000 -9999.000 -9999.000 -9999.000 -9999.000 -9999.000 -9999.000 -9999.000 -9999.000 -9999.000 -9999.000 -9999.000 -9999.000 -9999.000 -9999.000 -9999.000 -9999.000 -9999.000 -9999.000 -9999.000 -9999.000
-9999.000 -9999.000 -9999.000 -9999.000 -9999.000 -9999.000 -9999.000 -9999.000 -9999.000 -9999.000 -9999.000 -9999.000 -9999.000 -9999.000 -9999.000 -0.8813131E-01 -0.6802257E-01 -0.5867868E-01 -0.5523483E-01 -0.5931102E-01 -0.6628240E-01 -0.7398328E-01 -0.8189677E-01 -0.8951025E-01 -0.9624149E-01 -0.1024461 -0.1082089 -0.1145550 -0.1256074 -0.1417848 -0.1417848 -9999.000 -9999.000 -9999.000 -9999.000 -9999.000 -9999.000 -9999.000 -9999.000 -9999.000 -9999.000 -9999.000 -9999.000 -9999.000 -9999.000 -9999.000 -9999.000 -9999.000 -9999.000 -9999.000 -9999.000 -9999.000 -9999.000 -9999.000 -9999.000 -9999.000 -9999.000 -9999.000 -9999.000
-9999.000 -9999.000 -9999.000 -9999.000 -9999.000 -9999.000 -9999.000 -9999.000 -9999.000 -9999.000 -9999.000 -9999.000 -9999.000 -9999.000 -9999.000 -0.8614288E-01 -0.6239455E-01 -0.5131856E-01 -0.4728283E-01 -0.5226746E-01 -0.6071606E-01 -0.7004355E-01 -0.7964639E-01 -0.8890535E-01 -0.9710362E-01 -0.1046841 -0.1117291 -0.1194729 -0.1329173 -0.1538863 -0.1538863 -9999.000 -9999.000 -9999.000 -9999.000 -9999.000 -9999.000 -9999.000 -9999.000 -9999.000 -9999.000 -9999.000 -9999.000 -9999.000 -9999.000 -9999.000 -9999.000 -9999.000 -9999.000 -9999.000 -9999.000 -9999.000 -9999.000 -9999.000 -9999.000 -9999.000 -9999.000 -9999.000 -9999.000
-9999.000 -9999.000 -9999.000 -9999.000 -9999.000 -9999.000 -9999.000 -9999.000 -9999.000 -9999.000 -9999.000 -9999.000 -9999.000 -9999.000 -9999.000 -0.8397288E-01 -0.5653315E-01 -0.4369918E-01 -0.3906569E-01 -0.4500567E-01 -0.5498078E-01 -0.6597722E-01 -0.7731453E-01 -0.8826252E-01 -0.9795895E-01 -0.1069532 -0.1153184 -0.1245174 -0.1405098 -0.1671298 -0.1671298 -9999.000 -9999.000 -9999.000 -9999.000 -9999.000 -9999.000 -9999.000 -9999.000 -9999.000 -9999.000 -9999.000 -9999.000 -9999.000 -9999.000 -9999.000 -9999.000 -9999.000 -9999.000 -9999.000 -9999.000 -9999.000 -9999.000 -9999.000 -9999.000 -9999.000 -9999.000 -9999.000 -9999.000
-9999.000 -9999.000 -9999.000 -9999.000 -9999.000 -9999.000 -9999.000 -9999.000 -9999.000 -9999.000 -9999.000 -9999.000 -9999.000 -9999.000 -9999.000 -0.8158626E-01 -0.5041580E-01 -0.3580279E-01 -0.3056836E-01 -0.3751609E-01 -0.4906887E-01 -0.6177542E-01 -0.7488991E-01 -0.8756848E-01 -0.9878957E-01 -0.1092332 -0.1189548 -0.1296689 -0.1483888 -0.1817312 -0.1817312 -9999.000 -9999.000 -9999.000 -9999.000 -9999.000 -9999.000 -9999.000 -9999.000 -9999.000 -9999.000 -9999.000 -9999.000 -9999.000 -9999.000 -9999.000 -9999.000 -9999.000 -9999.000 -9999.000 -9999.000 -9999.000 -9999.000 -9999.000 -9999.000 -9999.000 -9999.000 -9999.000 -9999.000
-9999.000 -9999.000 -9999.000 -9999.000 -9999.000 -9999.000 -9999.000 -9999.000 -9999.000 -9999.000 -9999.000 -9999.000 -9999.000 -9999.000 -9999.000 -0.7893440E-01 -0.4400951E-01 -0.2760236E-01 -0.2176814E-01 -0.2978371E-01 -0.4296776E-01 -0.5742443E-01 -0.7235831E-01 -0.8680689E-01 -0.9957419E-01 -0.1115010 -0.1226132 -0.1349059 -0.1565607 -0.1979782 -0.1979782 -9999.000 -9999.000 -9999.000 -9999.000 -9999.000 -9999.000 -9999.000 -9999.000 -9999.000 -9999.000 -9999.000 -9999.000 -9999.000 -9999.000 -9999.000 -9999.000 -9999.000 -9999.000 -9999.000 -9999.000 -9999.000 -9999.000 -9999.000 -9999.000 -9999.000 -9999.000 -9999.000 -9999.000
-9999.000 -9999.000 -9999.000 -9999.000 -9999.000 -9999.000 -9999.000 -9999.000 -9999.000 -9999.000 -9999.000 -9999.000 -9999.000 -9999.000 -9999.000 -0.7595510E-01 -0.3727158E-01 -0.1906241E-01 -0.1263482E-01 -0.2178697E-01 -0.3665976E-01 -0.5290525E-01 -0.6970000E-01 -0.8595615E-01 -0.1002851 -0.1137265 -0.1262608 -0.1401994 -0.1650293 -0.2162542 -0.2162542 -9999.000 -9999.000 -9999.000 -9999.000 -9999.000 -9999.000 -9999.000 -9999.000 -9999.000 -9999.000 -9999.000 -9999.000 -9999.000 -9999.000 -9999.000 -9999.000 -9999.000 -9999.000 -9999.000 -9999.000 -9999.000 -9999.000 -9999.000 -9999.000 -9999.000 -9999.000 -9999.000 -9999.000
-9999.000 -9999.000 -9999.000 -9999.000 -9999.000 -9999.000 -9999.000 -9999.000 -9999.000 -9999.000 -9999.000 -9999.000 -9999.000 -9999.000 -9999.000 -0.7257047E-01 -0.3014783E-01 -0.1013712E-01 -0.3129363E-02 -0.1349831E-01 -0.3012044E-01 -0.4819253E-01 -0.6688801E-01 -0.8498698E-01 -0.1008845 -0.1158686 -0.1298516 -0.1455065 -0.1737908 -0.2370781 -0.2370781 -9999.000 -9999.000 -9999.000 -9999.000 -9999.000 -9999.000 -9999.000 -9999.000 -9999.000 -9999.000 -9999.000 -9999.000 -9999.000 -9999.000 -9999.000 -9999.000 -9999.000 -9999.000 -9999.000 -9999.000 -9999.000 -9999.000 -9999.000 -9999.000 -9999.000 -9999.000 -9999.000 -9999.000
-9999.000 -9999.000 -9999.000 -9999.000 -9999.000 -9999.000 -9999.000 -9999.000 -9999.000 -9999.000 -9999.000 -9999.000 -9999.000 -9999.000 -9999.000 -0.6866146E-01 -0.2255052E-01 -0.7522396E-03 0.6802757E-02 -0.4885452E-02 -0.2332299E-01 -0.4325806E-01 -0.6389212E-01 -0.8386427E-01 -0.1013260 -0.1178742 -0.1333245 -0.1507672 -0.1828295 -0.2611692 -0.2611692 -9999.000 -9999.000 -9999.000 -9999.000 -9999.000 -9999.000 -9999.000 -9999.000 -9999.000 -9999.000 -9999.000 -9999.000 -9999.000 -9999.000 -9999.000 -9999.000 -9999.000 -9999.000 -9999.000 -9999.000 -9999.000 -9999.000 -9999.000 -9999.000 -9999.000 -9999.000 -9999.000 -9999.000
-9999.000 -9999.000 -9999.000 -9999.000 -9999.000 -9999.000 -9999.000 -9999.000 -9999.000 -9999.000 -9999.000 -9999.000 -9999.000 -9999.000 -9999.000 -0.6310399E-01 -0.1359652E-01 0.9674145E-02 0.1723573E-01 0.3844216E-02 -0.1650833E-01 -0.3833054E-01 -0.6091568E-01 -0.8275650E-01 -0.1017330 -0.1198307 -0.1367307 -0.1560127 -0.1922157 -0.2896772 -0.2896772 -9999.000 -9999.000 -9999.000 -9999.000 -9999.000 -9999.000 -9999.000 -9999.000 -9999.000 -9999.000 -9999.000 -9999.000 -9999.000 -9999.000 -9999.000 -9999.000 -9999.000 -9999.000 -9999.000 -9999.000 -9999.000 -9999.000 -9999.000 -9999.000 -9999.000 -9999.000 -9999.000 -9999.000
-9999.000 -9999.000 -9999.000 -9999.000 -9999.000 -9999.000 -9999.000 -9999.000 -9999.000 -9999.000 -9999.000 -9999.000 -9999.000 -9999.000 -9999.000 -0.6951457E-02 0.1562441E-01 0.2297386E-01 0.1802382E-01 -0.7327079E-03 -0.2105188E-01 -0.4272132E-01 -0.6533824E-01 -0.8732729E-01 -0.1063222 -0.1247850 -0.1421620 -0.1625496 -0.2025197 -0.3223715 -0.3223715 -9999.000 -9999.000 -9999.000 -9999.000 -9999.000 -9999.000 -9999.000 -9999.000 -9999.000 -9999.000 -9999.000 -9999.000 -9999.000 -9999.000 -9999.000 -9999.000 -9999.000 -9999.000 -9999.000 -9999.000 -9999.000 -9999.000 -9999.000 -9999.000 -9999.000 -9999.000 -9999.000 -9999.000
-0.4084351E-02 -0.4084351E-02 -0.4929750E-02 -0.6596930E-02 -0.6503501E-02 -0.6503501E-02 -0.6471023E-02 -0.6454446E-02 -0.6454446E-02 -0.6437598E-02 -0.6437598E-02 -0.6408596E-02 -0.6390931E-02 -0.6371730E-02 -0.6351376E-02 -0.6351376E-02 0.3534969E-01 0.3218415E-01 0.1887364E-01 -0.2582841E-02 -0.2822702E-01 -0.5712375E-01 -0.8826619E-01 -0.1202574 -0.1512843 -0.1808670 -0.2083295 -0.2345814 -0.2661436 -0.3341377 -0.3341377 -0.1890812 -0.1040538 -0.3845233E-01 -0.2957197E-01 -0.2957197E-01 -0.2359753E-01 -0.2359753E-01 -0.1340868E-01 -0.1340868E-01 -0.3451656E-02 0.2298831E-01 0.2298831E-01 0.3147369E-01 0.3147369E-01 -0.2296835E-02 -0.2296835E-02 -0.2296835E-02 -0.1123426E-02 -0.1123426E-02 -0.3648507E-03 -0.3648507E-03 -0.8583963E-03 -0.8583963E-03 -0.1930437E-02 -0.1930437E-02 -0.3076256E-02 -0.3076256E-02 -0.3076256E-02
-0.5781877E-02 -0.5781877E-02 -0.7485189E-02 -0.9453916E-02 -0.9175699E-02 -0.9175699E-02 -0.9082453E-02 -0.9068203E-02 -0.9068203E-02 -0.9074029E-02 -0.9074029E-02 -0.9056910E-02 -0.9042225E-02 -0.9025132E-02 -0.9006774E-02 -0.9006774E-02 0.2923988E-01 0.2740672E-01 0.1411764E-01 -0.8721664E-02 -0.4085508E-01 -0.7994705E-01 -0.1239434 -0.1711042 -0.2198732 -0.2680514 -0.3140817 -0.3561712 -0.3920096 -0.4168098 -0.4168098 -0.2866685 -0.1938236 -0.1045550 -0.8695011E-01 -0.8695011E-01 -0.6607892E-01 -0.6607892E-01 -0.3027229E-01 -0.3027229E-01 0.6034167E-04 0.7334961E-01 0.7334961E-01 0.1042480 0.1042480 0.2698475E-01 0.2698475E-01 0.2698475E-01 0.9722349E-02 0.9722349E-02 0.1893520E-02 0.1893520E-02 -0.3151275E-02 -0.3151275E-02 -0.7098884E-02 -0.7098884E-02 -0.1010741E-01 -0.1010741E-01 -0.1010741E-01
-0.3628947E-02 -0.3628947E-02 -0.6891698E-02 -0.8172117E-02 -0.7800672E-02 -0.7800672E-02 -0.7655557E-02 -0.7643536E-02 -0.7643536E-02 -0.7683629E-02 -0.7683629E-02 -0.7695379E-02 -0.7693384E-02 -0.7689089E-02 -0.7683862E-02 -0.7683862E-02 0.1942405E-01 0.1796409E-01 0.5012858E-02 -0.1801375E-01 -0.5060717E-01 -0.9117969E-01 -0.1380532 -0.1897492 -0.2449721 -0.3019406 -0.3590582 -0.4144250 -0.4652042 -0.5051019 -0.5051019 -0.4232277 -0.3438298 -0.2337049 -0.1988339 -0.1988339 -0.1396871 -0.1396871 -0.5101264E-01 -0.5101264E-01 0.1182547E-01 0.1431354 0.1431354 0.2051920 0.2051920 0.9576532E-01 0.9576532E-01 0.9576532E-01 0.3923522E-01 0.3923522E-01 0.9268841E-02 0.9268841E-02 -0.7097504E-02 -0.7097504E-02 -0.1691241E-01 -0.1691241E-01 -0.2280156E-01 -0.2280156E-01 -0.2280156E-01
-0.1383688E-02 -0.1383688E-02 -0.6370342E-02 -0.6760870E-02 -0.6327695E-02 -0.6327695E-02 -0.6142579E-02 -0.6108846E-02 -0.6108846E-02 -0.6149052E-02 -0.6149052E-02 -0.6160360E-02 -0.6158496E-02 -0.6154604E-02 -0.6149935E-02 -0.6149935E-02 0.9910150E-02 0.6397798E-02 -0.7742454E-02 -0.3167796E-01 -0.6474838E-01 -0.1057875 -0.1534482 -0.2064695 -0.2637658 -0.3240153 -0.3859166 -0.4479150 -0.5075292 -0.5589272 -0.5589272 -0.5246241 -0.4701924 -0.3656047 -0.3194362 -0.3194362 -0.2146055 -0.2146055 -0.5585504E-01 -0.5585504E-01 0.3925928E-01 0.2053988 0.2053988 0.2791692 0.2791692 0.1650474 0.1650474 0.1650474 0.7614132E-01 0.7614132E-01 0.2092470E-01 0.2092470E-01 -0.1031900E-01 -0.1031900E-01 -0.2795295E-01 -0.2795295E-01 -0.3736678E-01 -0.3736678E-01 -0.3736678E-01
-0.2115039E-03 -0.2115039E-03 -0.5232349E-02 -0.5193149E-02 -0.4790597E-02 -0.4790597E-02 -0.4609377E-02 -0.4568244E-02 -0.4568244E-02 -0.4605929E-02 -0.4605929E-02 -0.4620524E-02 -0.4621244E-02 -0.4619891E-02 -0.4617393E-02 -0.4617393E-02 0.6900505E-03 -0.6931376E-02 -0.2405248E-01 -0.5016988E-01 -0.8463137E-01 -0.1265397 -0.1748470 -0.2285121 -0.2866042 -0.3480929 -0.4119251 -0.4768750 -0.5409877 -0.5995352 -0.5995352 -0.6000531 -0.5713933 -0.4832516 -0.4274154 -0.4274154 -0.2647496 -0.2647496 -0.3343672E-01 -0.3343672E-01 0.8042868E-01 0.2477968 0.2477968 0.3166920 0.3166920 0.2183190 0.2183190 0.2183190 0.1134783 0.1134783 0.3683012E-01 0.3683012E-01 -0.1031544E-01 -0.1031544E-01 -0.3724303E-01 -0.3724303E-01 -0.5102044E-01 -0.5102044E-01 -0.5102044E-01
-0.1489373E-03 -0.1489373E-03 -0.3443801E-02 -0.3485878E-02 -0.3201297E-02 -0.3201297E-02 -0.3066350E-02 -0.3033585E-02 -0.3033585E-02 -0.3064550E-02 -0.3064550E-02 -0.3079988E-02 -0.3082868E-02 -0.3083912E-02 -0.3083310E-02 -0.3083310E-02 -0.8768887E-02 -0.2223755E-01 -0.4414690E-01 -0.7395902E-01 -0.1110080 -0.1545673 -0.2038565 -0.2580921 -0.3165476 -0.3784447 -0.4429544 -0.5091060 -0.5753800 -0.6380976 -0.6380976 -0.6620393 -0.6549654 -0.5793260 -0.5061241 -0.5061241 -0.2674824 -0.2674824 0.1008966E-01 0.1008966E-01 0.1206168 0.2636769 0.2636769 0.3218969 0.3218969 0.2496428 0.2496428 0.2496428 0.1456988 0.1456988 0.5558777E-01 0.5558777E-01 -0.6168332E-02 -0.6168332E-02 -0.4318700E-01 -0.4318700E-01 -0.6216472E-01 -0.6216472E-01 -0.6216472E-01
-0.7669198E-04 -0.7669198E-04 -0.1709723E-02 -0.1751176E-02 -0.1605010E-02 -0.1605010E-02 -0.1533801E-02 -0.1515681E-02 -0.1515681E-02 -0.1532112E-02 -0.1532112E-02 -0.1539999E-02 -0.1541360E-02 -0.1541743E-02 -0.1541502E-02 -0.1541502E-02 -0.1926895E-01 -0.4022415E-01 -0.6871655E-01 -0.1038494 -0.1448412 -0.1910449 -0.2418947 -0.2968735 -0.3555115 -0.4173094 -0.4817005 -0.5479751 -0.6149777 -0.6798233 -0.6798233 -0.7185776 -0.7267718 -0.6437268 -0.5346107 -0.5346107 -0.2178902 -0.2178902 0.5341690E-01 0.5341690E-01 0.1436930 0.2547413 0.2547413 0.3039227 0.3039227 0.2593323 0.2593323 0.2593323 0.1683560 0.1683560 0.7448692E-01 0.7448692E-01 0.1777176E-02 0.1777176E-02 -0.4500609E-01 -0.4500609E-01 -0.6970450E-01 -0.6970450E-01 -0.6970450E-01
-0.4771562E-07 -0.4771562E-07 0.1849514E-07 -0.2217202E-06 -0.1105436E-06 -0.1105436E-06 -0.1547893E-06 -0.9106547E-07 -0.9106547E-07 -0.2318839E-06 -0.2318839E-06 -0.9657648E-07 -0.4583313E-07 0.8087086E-07 -0.8237173E-07 -0.8237173E-07 -0.3194523E-01 -0.6215560E-01 -0.9906761E-01 -0.1411942 -0.1875369 -0.2374634 -0.2905755 -0.3466112 -0.4053824 -0.4666974 -0.5302972 -0.5957747 -0.6623081 -0.7274458 -0.7274458 -0.7738019 -0.7878825 -0.6546441 -0.4902489 -0.4902489 -0.1402537 -0.1402537 0.7772663E-01 0.7772663E-01 0.1439368 0.2284078 0.2284078 0.2719080 0.2719080 0.2510054 0.2510054 0.2510054 0.1787621 0.1787621 0.9012787E-01 0.9012787E-01 0.1204553E-01 0.1204553E-01 -0.4264640E-01 -0.4264640E-01 -0.7288639E-01 -0.7288639E-01 -0.7288639E-01
0.7646112E-04 0.7646112E-04 0.1709685E-02 0.1750981E-02 0.1604761E-02 0.1604761E-02 0.1533532E-02 0.1515522E-02 0.1515522E-02 0.1531780E-02 0.1531780E-02 0.1539890E-02 0.1541401E-02 0.1541707E-02 0.1541496E-02 0.1541496E-02 -0.4841607E-01 -0.9001099E-01 -0.1373102 -0.1881139 -0.2411673 -0.2958410 -0.3518974 -0.4093240 -0.4682258 -0.5287317 -0.5909168 -0.6547075 -0.7195448 -0.7826507 -0.7826507 -0.8280841 -0.8301067 -0.5825990 -0.3752237 -0.3752237 -0.7217150E-01 -0.7217150E-01 0.7888404E-01 0.7888404E-01 0.1264017 0.1930597 0.1930597 0.2328309 0.2328309 0.2293660 0.2293660 0.2293660 0.1764236 0.1764236 0.9945659E-01 0.9945659E-01 0.2240160E-01 0.2240160E-01 -0.3674199E-01 -0.3674199E-01 -0.7131584E-01 -0.7131584E-01 -0.7131584E-01
0.1487980E-03 0.1487980E-03 0.3443838E-02 0.3485798E-02 0.3201122E-02 0.3201122E-02 0.3066237E-02 0.3033491E-02 0.3033491E-02 0.3064366E-02 0.3064366E-02 0.3079942E-02 0.3082821E-02 0.3083643E-02 0.3083230E-02 0.3083230E-02 -0.7117453E-01 -0.1268884 -0.1867462 -0.2478627 -0.3088064 -0.3690299 -0.4285084 -0.4875100 -0.5464490 -0.6057807 -0.6659197 -0.7271180 -0.7887842 -0.8455109 -0.8455109 -0.8736004 -0.8244081 -0.4277997 -0.2370066 -0.2370066 -0.3408689E-01 -0.3408689E-01 0.6463394E-01 0.6463394E-01 0.1001235 0.1549124 0.1549124 0.1910565 0.1910565 0.1987061 0.1987061 0.1987061 0.1626206 0.1626206 0.1005850 0.1005850 0.3048655E-01 0.3048655E-01 -0.2846555E-01 -0.2846555E-01 -0.6502394E-01 -0.6502394E-01 -0.6502394E-01
0.2113903E-03 0.2113903E-03 0.5232424E-02 0.5193194E-02 0.4790496E-02 0.4790496E-02 0.4609367E-02 0.4567987E-02 0.4567987E-02 0.4605894E-02 0.4605894E-02 0.4620464E-02 0.4621158E-02 0.4619782E-02 0.4617384E-02 0.4617384E-02 -0.1043572 -0.1777760 -0.2525569 -0.3254218 -0.3950393 -0.4611523 -0.5240874 -0.5844716 -0.6430660 -0.7006617 -0.7580047 -0.8155833 -0.8716138 -0.9097964 -0.9097964 -0.8780378 -0.7132117 -0.2523410 -0.1321376 -0.1321376 -0.2141486E-01 -0.2141486E-01 0.4482782E-01 0.4482782E-01 0.7228428E-01 0.1174544 0.1174544 0.1489883 0.1489883 0.1624061 0.1624061 0.1624061 0.1396300 0.1396300 0.9311656E-01 0.9311656E-01 0.3446177E-01 0.3446177E-01 -0.1923526E-01 -0.1923526E-01 -0.5446889E-01 -0.5446889E-01 -0.5446889E-01
0.1383764E-02 0.1383764E-02 0.6370377E-02 0.6760780E-02 0.6327649E-02 0.6327649E-02 0.6142593E-02 0.6108521E-02 0.6108521E-02 0.6148847E-02 0.6148847E-02 0.6160325E-02 0.6158474E-02 0.6154515E-02 0.6149889E-02 0.6149889E-02 -0.1553126 -0.2510353 -0.3430642 -0.4285365 -0.5068114 -0.5783101 -0.6439454 -0.7048339 -0.7621439 -0.8170161 -0.8705134 -0.9229946 -0.9664418 -0.9426859 -0.9426859 -0.7612335 -0.4723835 -0.1277014 -0.7748476E-01 -0.7748476E-01 -0.2006123E-01 -0.2006123E-01 0.2569059E-01 0.2569059E-01 0.4665235E-01 0.8228330E-01 0.8228330E-01 0.1079670 0.1079670 0.1230473 0.1230473 0.1230473 0.1100918 0.1100918 0.7802575E-01 0.7802575E-01 0.3350011E-01 0.3350011E-01 -0.1031831E-01 -0.1031831E-01 -0.4046734E-01 -0.4046734E-01 -0.4046734E-01
