simulation_files/asc/Velocity__x_74.0.asc
NCOLS        79
NROWS        79
XLLCENTER         -1.500000
YLLCENTER         -4.800000
CELLSIZE           0.100
NODATA_VALUE     -9999.0
[rows 0 to 25 of 79, columns 0 to 57 of 79]
-9999.000 -9999.000 -9999.000 -9999.000 -9999.000 -9999.000 -9999.000 -9999.000 -9999.000 -9999.000 -9999.000 -9999.000 -9999.000 -9999.000 -9999.000 0.3469014E-03 0.1552846E-02 0.3517229E-02 0.5290134E-02 0.6848833E-02 0.8214524E-02 0.9394789E-02 0.1037029E-01 0.1108572E-01 0.1143780E-01 0.1125756E-01 0.1028214E-01 0.8110649E-02 0.4227679E-02 0.1165157E-02 0.1165157E-02 -9999.000 -9999.000 -9999.000 -9999.000 -9999.000 -9999.000 -9999.000 -9999.000 -9999.000 -9999.000 -9999.000 -9999.000 -9999.000 -9999.000 -9999.000 -9999.000 -9999.000 -9999.000 -9999.000 -9999.000 -9999.000 -9999.000 -9999.000 -9999.000 -9999.000 -9999.000 -9999.000
-9999.000 -9999.000 -9999.000 -9999.000 -9999.000 -9999.000 -9999.000 -9999.000 -9999.000 -9999.000 -9999.000 -9999.000 -9999.000 -9999.000 -9999.000 0.1197900E-02 0.3480657E-02 0.6720351E-02 0.9740942E-02 0.1245417E-01 0.1482791E-01 0.1682178E-01 0.1836673E-01 0.1935245E-01 0.1961547E-01 0.1892868E-01 0.1698934E-01 0.1340781E-01 0.7784853E-02 0.2901918E-02 0.2901918E-02 -9999.000 -9999.000 -9999.000 -9999.000 -9999.000 -9999.000 -9999.000 -9999.000 -9999.000 -9999.000 -9999.000 -9999.000 -9999.000 -9999.000 -9999.000 -9999.000 -9999.000 -9999.000 -9999.000 -9999.000 -9999.000 -9999.000 -9999.000 -9999.000 -9999.000 -9999.000 -9999.000
-9999.000 -9999.000 -9999.000 -9999.000 -9999.000 -9999.000 -9999.000 -9999.000 -9999.000 -9999.000 -9999.000 -9999.000 -9999.000 -9999.000 -9999.000 0.1962085E-02 0.5204594E-02 0.9578803E-02 0.1366284E-01 0.1733396E-01 0.2052815E-01 0.2317196E-01 0.2516146E-01 0.2634916E-01 0.2653418E-01 0.2545269E-01 0.2276800E-01 0.1806081E-01 0.1090971E-01 0.4407585E-02 0.4407585E-02 -9999.000 -9999.000 -9999.000 -9999.000 -9999.000 -9999.000 -9999.000 -9999.000 -9999.000 -9999.000 -9999.000 -9999.000 -9999.000 -9999.000 -9999.000 -9999.000 -9999.000 -9999.000 -9999.000 -9999.000 -9999.000 -9999.000 -9999.000 -9999.000 -9999.000 -9999.000 -9999.000
-9999.000 -9999.000 -9999.000 -9999.000 -9999.000 -9999.000 -9999.000 -9999.000 -9999.000 -9999.000 -9999.000 -9999.000 -9999.000 -9999.000 -9999.000 0.2674998E-02 0.6792239E-02 0.1218115E-01 0.1720912E-01 0.2172721E-01 0.2564815E-01 0.2887413E-01 0.3127427E-01 0.3267161E-01 0.3283198E-01 0.3145428E-01 0.2815880E-01 0.2247478E-01 0.1392218E-01 0.5869433E-02 0.5869433E-02 -9999.000 -9999.000 -9999.000 -9999.000 -9999.000 -9999.000 -9999.000 -9999.000 -9999.000 -9999.000 -9999.000 -9999.000 -9999.000 -9999.000 -9999.000 -9999.000 -9999.000 -9999.000 -9999.000 -9999.000 -9999.000 -9999.000 -9999.000 -9999.000 -9999.000 -9999.000 -9999.000
-9999.000 -9999.000 -9999.000 -9999.000 -9999.000 -9999.000 -9999.000 -9999.000 -9999.000 -9999.000 -9999.000 -9999.000 -9999.000 -9999.000 -9999.000 0.3368983E-02 0.8311240E-02 0.1463433E-01 0.2053231E-01 0.2583770E-01 0.3044545E-01 0.3423794E-01 0.3706101E-01 0.3870941E-01 0.3891380E-01 0.3732919E-01 0.3352011E-01 0.2694336E-01 0.1702762E-01 0.7391745E-02 0.7391745E-02 -9999.000 -9999.000 -9999.000 -9999.000 -9999.000 -9999.000 -9999.000 -9999.000 -9999.000 -9999.000 -9999.000 -9999.000 -9999.000 -9999.000 -9999.000 -9999.000 -9999.000 -9999.000 -9999.000 -9999.000 -9999.000 -9999.000 -9999.000 -9999.000 -9999.000 -9999.000 -9999.000
-9999.000 -9999.000 -9999.000 -9999.000 -9999.000 -9999.000 -9999.000 -9999.000 -9999.000 -9999.000 -9999.000 -9999.000 -9999.000 -9999.000 -9999.000 0.4077624E-02 0.9831667E-02 0.1704654E-01 0.2377843E-01 0.2984945E-01 0.3514092E-01 0.3951811E-01 0.4280468E-01 0.4476558E-01 0.4509170E-01 0.4338453E-01 0.3913730E-01 0.3170979E-01 0.2040074E-01 0.9062756E-02 0.9062756E-02 -9999.000 -9999.000 -9999.000 -9999.000 -9999.000 -9999.000 -9999.000 -9999.000 -9999.000 -9999.000 -9999.000 -9999.000 -9999.000 -9999.000 -9999.000 -9999.000 -9999.000 -9999.000 -9999.000 -9999.000 -9999.000 -9999.000 -9999.000 -9999.000 -9999.000 -9999.000 -9999.000
-9999.000 -9999.000 -9999.000 -9999.000 -9999.000 -9999.000 -9999.000 -9999.000 -9999.000 -9999.000 -9999.000 -9999.000 -9999.000 -9999.000 -9999.000 0.4834418E-02 0.1142159E-01 0.1952093E-01 0.2708378E-01 0.3393053E-01 0.3993256E-01 0.4493997E-01 0.4875408E-01 0.5110732E-01 0.5164414E-01 0.4990118E-01 0.4528078E-01 0.3701572E-01 0.2422552E-01 0.1097892E-01 0.1097892E-01 -9999.000 -9999.000 -9999.000 -9999.000 -9999.000 -9999.000 -9999.000 -9999.000 -9999.000 -9999.000 -9999.000 -9999.000 -9999.000 -9999.000 -9999.000 -9999.000 -9999.000 -9999.000 -9999.000 -9999.000 -9999.000 -9999.000 -9999.000 -9999.000 -9999.000 -9999.000 -9999.000
-9999.000 -9999.000 -9999.000 -9999.000 -9999.000 -9999.000 -9999.000 -9999.000 -9999.000 -9999.000 -9999.000 -9999.000 -9999.000 -9999.000 -9999.000 0.5670335E-02 0.1314392E-01 0.2215238E-01 0.3057346E-01 0.3823541E-01 0.4500309E-01 0.5071302E-01 0.5514377E-01 0.5799169E-01 0.5884725E-01 0.5716783E-01 0.5224165E-01 0.4313590E-01 0.2872428E-01 0.1326087E-01 0.1326087E-01 -9999.000 -9999.000 -9999.000 -9999.000 -9999.000 -9999.000 -9999.000 -9999.000 -9999.000 -9999.000 -9999.000 -9999.000 -9999.000 -9999.000 -9999.000 -9999.000 -9999.000 -9999.000 -9999.000 -9999.000 -9999.000 -9999.000 -9999.000 -9999.000 -9999.000 -9999.000 -9999.000
-9999.000 -9999.000 -9999.000 -9999.000 -9999.000 -9999.000 -9999.000 -9999.000 -9999.000 -9999.000 -9999.000 -9999.000 -9999.000 -9999.000 -9999.000 0.6614122E-02 0.1505697E-01 0.2502995E-01 0.3436638E-01 0.4291245E-01 0.5053065E-01 0.5704607E-01 0.6221398E-01 0.6569090E-01 0.6700428E-01 0.6551593E-01 0.6037026E-01 0.5041818E-01 0.3419532E-01 0.1607696E-01 0.1607696E-01 -9999.000 -9999.000 -9999.000 -9999.000 -9999.000 -9999.000 -9999.000 -9999.000 -9999.000 -9999.000 -9999.000 -9999.000 -9999.000 -9999.000 -9999.000 -9999.000 -9999.000 -9999.000 -9999.000 -9999.000 -9999.000 -9999.000 -9999.000 -9999.000 -9999.000 -9999.000 -9999.000
-9999.000 -9999.000 -9999.000 -9999.000 -9999.000 -9999.000 -9999.000 -9999.000 -9999.000 -9999.000 -9999.000 -9999.000 -9999.000 -9999.000 -9999.000 0.7692796E-02 0.1721744E-01 0.2824294E-01 0.3858439E-01 0.4811772E-01 0.5670769E-01 0.6417066E-01 0.7023870E-01 0.7452527E-01 0.7648545E-01 0.7536546E-01 0.7012938E-01 0.5934403E-01 0.4107469E-01 0.1968104E-01 0.1968104E-01 -9999.000 -9999.000 -9999.000 -9999.000 -9999.000 -9999.000 -9999.000 -9999.000 -9999.000 -9999.000 -9999.000 -9999.000 -9999.000 -9999.000 -9999.000 -9999.000 -9999.000 -9999.000 -9999.000 -9999.000 -9999.000 -9999.000 -9999.000 -9999.000 -9999.000 -9999.000 -9999.000
-9999.000 -9999.000 -9999.000 -9999.000 -9999.000 -9999.000 -9999.000 -9999.000 -9999.000 -9999.000 -9999.000 -9999.000 -9999.000 -9999.000 -9999.000 0.8933662E-02 0.1968476E-01 0.3188998E-01 0.4336739E-01 0.5403492E-01 0.6376611E-01 0.7237237E-01 0.7956503E-01 0.8491187E-01 0.8778609E-01 0.8729656E-01 0.8218136E-01 0.7063133E-01 0.5004835E-01 0.2448589E-01 0.2448589E-01 -9999.000 -9999.000 -9999.000 -9999.000 -9999.000 -9999.000 -9999.000 -9999.000 -9999.000 -9999.000 -9999.000 -9999.000 -9999.000 -9999.000 -9999.000 -9999.000 -9999.000 -9999.000 -9999.000 -9999.000 -9999.000 -9999.000 -9999.000 -9999.000 -9999.000 -9999.000 -9999.000
-9999.000 -9999.000 -9999.000 -9999.000 -9999.000 -9999.000 -9999.000 -9999.000 -9999.000 -9999.000 -9999.000 -9999.000 -9999.000 -9999.000 -9999.000 0.1036710E-01 0.2252878E-01 0.3609304E-01 0.4889386E-01 0.6090447E-01 0.7201531E-01 0.8204024E-01 0.9067425E-01 0.9744063E-01 0.1016236 0.1021719 0.9754279E-01 0.8542788E-01 0.6227631E-01 0.3121338E-01 0.3121338E-01 -9999.000 -9999.000 -9999.000 -9999.000 -9999.000 -9999.000 -9999.000 -9999.000 -9999.000 -9999.000 -9999.000 -9999.000 -9999.000 -9999.000 -9999.000 -9999.000 -9999.000 -9999.000 -9999.000 -9999.000 -9999.000 -9999.000 -9999.000 -9999.000 -9999.000 -9999.000 -9999.000
-9999.000 -9999.000 -9999.000 -9999.000 -9999.000 -9999.000 -9999.000 -9999.000 -9999.000 -9999.000 -9999.000 -9999.000 -9999.000 -9999.000 -9999.000 0.1203419E-01 0.2584587E-01 0.4102530E-01 0.5542206E-01 0.6907818E-01 0.8191314E-01 0.9375500E-01 0.1042939 0.1130161 0.1191178 0.1213708 0.1178924 0.1057144 0.7989562E-01 0.4124176E-01 0.4124176E-01 -9999.000 -9999.000 -9999.000 -9999.000 -9999.000 -9999.000 -9999.000 -9999.000 -9999.000 -9999.000 -9999.000 -9999.000 -9999.000 -9999.000 -9999.000 -9999.000 -9999.000 -9999.000 -9999.000 -9999.000 -9999.000 -9999.000 -9999.000 -9999.000 -9999.000 -9999.000 -9999.000
-9999.000 -9999.000 -9999.000 -9999.000 -9999.000 -9999.000 -9999.000 -9999.000 -9999.000 -9999.000 -9999.000 -9999.000 -9999.000 -9999.000 -9999.000 0.1410886E-01 0.2997393E-01 0.4720929E-01 0.6364448E-01 0.7940955E-01 0.9447645E-01 0.1087144 0.1218378 0.1333268 0.1423172 0.1474181 0.1463737 0.1353765 0.1074434 0.5768093E-01 0.5768093E-01 -9999.000 -9999.000 -9999.000 -9999.000 -9999.000 -9999.000 -9999.000 -9999.000 -9999.000 -9999.000 -9999.000 -9999.000 -9999.000 -9999.000 -9999.000 -9999.000 -9999.000 -9999.000 -9999.000 -9999.000 -9999.000 -9999.000 -9999.000 -9999.000 -9999.000 -9999.000 -9999.000
-9999.000 -9999.000 -9999.000 -9999.000 -9999.000 -9999.000 -9999.000 -9999.000 -9999.000 -9999.000 -9999.000 -9999.000 -9999.000 -9999.000 -9999.000 0.2890601E-01 0.5115895E-01 0.7363445E-01 0.9333488E-01 0.1111570 0.1276091 0.1429568 0.1572150 0.1700914 0.1808704 0.1881761 0.1894847 0.1800397 0.1499685 0.7850136E-01 0.7850136E-01 -9999.000 -9999.000 -9999.000 -9999.000 -9999.000 -9999.000 -9999.000 -9999.000 -9999.000 -9999.000 -9999.000 -9999.000 -9999.000 -9999.000 -9999.000 -9999.000 -9999.000 -9999.000 -9999.000 -9999.000 -9999.000 -9999.000 -9999.000 -9999.000 -9999.000 -9999.000 -9999.000
1.657953 1.657953 1.712952 1.756562 1.764967 1.764967 1.770923 1.778470 1.778470 1.782506 1.782506 1.784310 1.784566 1.668277 1.387592 1.387592 1.196926 1.130978 1.057459 0.9779524 0.8946836 0.8105610 0.7290477 0.6539518 0.5891976 0.5387522 0.5070339 0.5005715 0.5332747 0.6245100 0.6245100 1.523973 1.758834 1.830463 1.793715 1.793715 1.669844 1.669844 1.463336 1.463336 1.110846 0.9406552 0.9406552 0.9325727 0.9325727 0.9729715 0.9729715 0.9729715 1.022879 1.022879 1.067360 1.067360 1.105015 1.105015 1.149169 1.149169 1.176485 1.176485
1.667186 1.667186 1.738177 1.790938 1.807123 1.807123 1.820877 1.843951 1.843951 1.863332 1.863332 1.880298 1.888081 1.847968 1.554851 1.554851 1.446006 1.419537 1.384611 1.340258 1.286422 1.223929 1.154495 1.080854 1.006994 0.9385470 0.8834613 0.8534618 0.8681604 0.9641027 0.9641027 1.527979 1.711313 1.827830 1.842589 1.842589 1.820257 1.820257 1.724805 1.724805 1.535507 1.254072 1.254072 1.253264 1.253264 1.305804 1.305804 1.305804 1.359153 1.359153 1.407390 1.407390 1.435833 1.435833 1.490215 1.490215 1.524094 1.524094
1.669286 1.669286 1.741563 1.791267 1.807507 1.807507 1.821398 1.844854 1.844854 1.864690 1.864690 1.882170 1.890232 1.867684 1.612357 1.612357 1.505108 1.497682 1.485124 1.465816 1.438900 1.404186 1.362188 1.314266 1.262856 1.211881 1.167496 1.139623 1.145688 1.222465 1.222465 1.622610 1.787222 1.924391 1.953868 1.953868 1.955914 1.955914 1.892303 1.892303 1.791180 1.532119 1.532119 1.490754 1.490754 1.537934 1.537934 1.537934 1.585448 1.585448 1.626736 1.626736 1.659070 1.659070 1.698363 1.698363 1.726773 1.726773
1.671143 1.671143 1.743719 1.791411 1.807496 1.807496 1.821338 1.844808 1.844808 1.864684 1.864684 1.882192 1.890263 1.878512 1.668854 1.668854 1.536301 1.537136 1.534350 1.526705 1.513654 1.495060 1.471189 1.442843 1.411571 1.380003 1.352438 1.336025 1.343827 1.407463 1.407463 1.705476 1.848159 1.982482 2.012480 2.012480 2.019907 2.019907 1.977188 1.977188 1.924996 1.738335 1.738335 1.663435 1.663435 1.695063 1.695063 1.695063 1.735659 1.735659 1.771881 1.771881 1.800946 1.800946 1.832490 1.832490 1.857154 1.857154
1.672677 1.672677 1.745118 1.791602 1.807518 1.807518 1.821291 1.844754 1.844754 1.864661 1.864661 1.882185 1.890259 1.885482 1.730382 1.730382 1.564556 1.570802 1.573329 1.571221 1.564510 1.553596 1.539094 1.521897 1.503294 1.485215 1.470646 1.464418 1.475436 1.529614 1.529614 1.764547 1.884304 2.004058 2.028390 2.028390 2.032464 2.032464 2.008946 2.008946 1.986871 1.881025 1.881025 1.795165 1.795165 1.803110 1.803110 1.803110 1.837498 1.837498 1.870067 1.870067 1.896849 1.896849 1.923429 1.923429 1.945087 1.945087
1.673818 1.673818 1.745994 1.791777 1.807553 1.807553 1.821263 1.844712 1.844712 1.864643 1.864643 1.882180 1.890255 1.889973 1.791578 1.791578 1.594392 1.605728 1.612562 1.613888 1.610227 1.602521 1.591900 1.579663 1.567277 1.556483 1.549530 1.549532 1.561660 1.607615 1.607615 1.796477 1.895027 1.991154 2.007072 2.007072 2.010837 2.010837 2.011012 2.011012 2.009890 1.969366 1.969366 1.901424 1.901424 1.884972 1.884972 1.884972 1.911110 1.911110 1.939486 1.939486 1.963936 1.963936 1.986805 1.986805 2.005512 2.005512
1.674519 1.674519 1.746479 1.791895 1.807582 1.807582 1.821249 1.844687 1.844687 1.864631 1.864631 1.882177 1.890252 1.892855 1.829117 1.829117 1.625919 1.642342 1.653658 1.658064 1.656407 1.650033 1.640491 1.629545 1.619040 1.610873 1.607025 1.609395 1.619863 1.655046 1.655046 1.802247 1.879526 1.945570 1.955400 1.955400 1.970728 1.970728 1.998325 1.998325 2.012650 2.016976 2.016976 1.981393 1.981393 1.952042 1.952042 1.952042 1.968194 1.968194 1.990892 1.990892 2.012212 2.012212 2.031460 2.031460 2.047019 2.047019
1.674756 1.674756 1.746635 1.791936 1.807593 1.807593 1.821246 1.844678 1.844678 1.864628 1.864628 1.882176 1.890252 1.894699 1.855043 1.855043 1.662681 1.682129 1.697793 1.705090 1.704988 1.699153 1.689352 1.677679 1.666381 1.657729 1.653833 1.655583 1.659521 1.677045 1.677045 1.782946 1.834940 1.873197 1.885100 1.885100 1.925149 1.925149 1.978978 1.978978 2.004583 2.037842 2.037842 2.034294 2.034294 2.007993 2.007993 2.007993 2.015119 2.015119 2.030936 2.030936 2.047774 2.047774 2.062976 2.062976 2.075157 2.075157
1.674519 1.674519 1.746479 1.791894 1.807582 1.807582 1.821249 1.844687 1.844687 1.864632 1.864632 1.882177 1.890253 1.895874 1.872474 1.872474 1.711941 1.728284 1.746402 1.755855 1.756911 1.751068 1.740234 1.726741 1.713171 1.702146 1.695973 1.693847 1.683658 1.672316 1.672316 1.734256 1.757974 1.786494 1.810275 1.810275 1.881309 1.881309 1.956508 1.956508 1.990276 2.042345 2.042345 2.063983 2.063983 2.052566 2.052566 2.052566 2.054407 2.054407 2.063412 2.063412 2.074638 2.074638 2.085149 2.085149 2.093544 2.093544
1.673818 1.673818 1.745993 1.791777 1.807552 1.807552 1.821263 1.844713 1.844713 1.864643 1.864643 1.882179 1.890254 1.896622 1.883939 1.883939 1.773943 1.783151 1.800987 1.811452 1.812894 1.806388 1.793838 1.777706 1.760821 1.746122 1.736064 1.726437 1.688874 1.634721 1.634721 1.648177 1.652016 1.700035 1.740569 1.740569 1.841248 1.841248 1.932473 1.932473 1.972249 2.037026 2.037026 2.076574 2.076574 2.084877 2.084877 2.084877 2.086149 2.086149 2.089852 2.089852 2.095129 2.095129 2.100324 2.100324 2.104488 2.104488
1.672677 1.672677 1.745117 1.791602 1.807517 1.807517 1.821291 1.844754 1.844754 1.864661 1.864661 1.882185 1.890259 1.897097 1.891345 1.891345 1.843868 1.849576 1.864095 1.873160 1.873431 1.865219 1.850159 1.830655 1.809647 1.790321 1.775077 1.751578 1.656934 1.550438 1.550438 1.532223 1.538331 1.622054 1.673832 1.673832 1.803696 1.803696 1.907136 1.907136 1.951578 2.025455 2.025455 2.077436 2.077436 2.105026 2.105026 2.105026 2.109505 2.109505 2.110230 2.110230 2.110070 2.110070 2.109707 2.109707 2.109378 2.109378
