simulation_files/asc/Velocity__x_107.0.asc
NCOLS        79
NROWS        79
XLLCENTER         -1.500000
YLLCENTER         -4.800000
CELLSIZE           0.100
NODATA_VALUE     -9999.0
[rows 0 to 25 of 79, columns 0 to 57 of 79]
-9999.000 -9999.000 -9999.000 -9999.000 -9999.000 -9999.000 -9999.000 -9999.000 -9999.000 -9999.000 -9999.000 -9999.000 -9999.000 -9999.000 -9999.000 -0.4654489E-04 0.7205462E-03 0.2338858E-02 0.3923602E-02 0.5349581E-02 0.6601328E-02 0.7698134E-02 0.8667910E-02 0.9524904E-02 0.1023772E-01 0.1068050E-01 0.1056103E-01 0.9308103E-02 0.5964582E-02 0.2376542E-02 0.2376542E-02 -9999.000 -9999.000 -9999.000 -9999.000 -9999.000 -9999.000 -9999.000 -9999.000 -9999.000 -9999.000 -9999.000 -9999.000 -9999.000 -9999.000 -9999.000 -9999.000 -9999.000 -9999.000 -9999.000 -9999.000 -9999.000 -9999.000 -9999.000 -9999.000 -9999.000 -9999.000 -9999.000
-9999.000 -9999.000 -9999.000 -9999.000 -9999.000 -9999.000 -9999.000 -9999.000 -9999.000 -9999.000 -9999.000 -9999.000 -9999.000 -9999.000 -9999.000 0.6255500E-03 0.2201616E-02 0.4751090E-02 0.7276233E-02 0.9602344E-02 0.1166632E-01 0.1344429E-01 0.1492234E-01 0.1606896E-01 0.1680013E-01 0.1693305E-01 0.1612562E-01 0.1379653E-01 0.9076482E-02 0.3963646E-02 0.3963646E-02 -9999.000 -9999.000 -9999.000 -9999.000 -9999.000 -9999.000 -9999.000 -9999.000 -9999.000 -9999.000 -9999.000 -9999.000 -9999.000 -9999.000 -9999.000 -9999.000 -9999.000 -9999.000 -9999.000 -9999.000 -9999.000 -9999.000 -9999.000 -9999.000 -9999.000 -9999.000 -9999.000
-9999.000 -9999.000 -9999.000 -9999.000 -9999.000 -9999.000 -9999.000 -9999.000 -9999.000 -9999.000 -9999.000 -9999.000 -9999.000 -9999.000 -9999.000 0.1166387E-02 0.3415210E-02 0.6764473E-02 0.1005023E-01 0.1306644E-01 0.1572407E-01 0.1797578E-01 0.1978552E-01 0.2110055E-01 0.2181542E-01 0.2172439E-01 0.2045777E-01 0.1739725E-01 0.1161472E-01 0.5242373E-02 0.5242373E-02 -9999.000 -9999.000 -9999.000 -9999.000 -9999.000 -9999.000 -9999.000 -9999.000 -9999.000 -9999.000 -9999.000 -9999.000 -9999.000 -9999.000 -9999.000 -9999.000 -9999.000 -9999.000 -9999.000 -9999.000 -9999.000 -9999.000 -9999.000 -9999.000 -9999.000 -9999.000 -9999.000
-9999.000 -9999.000 -9999.000 -9999.000 -9999.000 -9999.000 -9999.000 -9999.000 -9999.000 -9999.000 -9999.000 -9999.000 -9999.000 -9999.000 -9999.000 0.1620147E-02 0.4431868E-02 0.8448269E-02 0.1236458E-01 0.1594739E-01 0.1908870E-01 0.2172634E-01 0.2381240E-01 0.2528312E-01 0.2602013E-01 0.2579894E-01 0.2421923E-01 0.2060885E-01 0.1394522E-01 0.6435062E-02 0.6435062E-02 -9999.000 -9999.000 -9999.000 -9999.000 -9999.000 -9999.000 -9999.000 -9999.000 -9999.000 -9999.000 -9999.000 -9999.000 -9999.000 -9999.000 -9999.000 -9999.000 -9999.000 -9999.000 -9999.000 -9999.000 -9999.000 -9999.000 -9999.000 -9999.000 -9999.000 -9999.000 -9999.000
-9999.000 -9999.000 -9999.000 -9999.000 -9999.000 -9999.000 -9999.000 -9999.000 -9999.000 -9999.000 -9999.000 -9999.000 -9999.000 -9999.000 -9999.000 0.2020945E-02 0.5323971E-02 0.9918387E-02 0.1438331E-01 0.1846278E-01 0.2203412E-01 0.2502518E-01 0.2738064E-01 0.2902954E-01 0.2984260E-01 0.2957511E-01 0.2778878E-01 0.2374225E-01 0.1628675E-01 0.7655140E-02 0.7655140E-02 -9999.000 -9999.000 -9999.000 -9999.000 -9999.000 -9999.000 -9999.000 -9999.000 -9999.000 -9999.000 -9999.000 -9999.000 -9999.000 -9999.000 -9999.000 -9999.000 -9999.000 -9999.000 -9999.000 -9999.000 -9999.000 -9999.000 -9999.000 -9999.000 -9999.000 -9999.000 -9999.000
-9999.000 -9999.000 -9999.000 -9999.000 -9999.000 -9999.000 -9999.000 -9999.000 -9999.000 -9999.000 -9999.000 -9999.000 -9999.000 -9999.000 -9999.000 0.2402426E-02 0.6162926E-02 0.1128747E-01 0.1625909E-01 0.2080348E-01 0.2478638E-01 0.2812855E-01 0.3077003E-01 0.3263410E-01 0.3358043E-01 0.3334086E-01 0.3143064E-01 0.2702217E-01 0.1880545E-01 0.8989778E-02 0.8989778E-02 -9999.000 -9999.000 -9999.000 -9999.000 -9999.000 -9999.000 -9999.000 -9999.000 -9999.000 -9999.000 -9999.000 -9999.000 -9999.000 -9999.000 -9999.000 -9999.000 -9999.000 -9999.000 -9999.000 -9999.000 -9999.000 -9999.000 -9999.000 -9999.000 -9999.000 -9999.000 -9999.000
-9999.000 -9999.000 -9999.000 -9999.000 -9999.000 -9999.000 -9999.000 -9999.000 -9999.000 -9999.000 -9999.000 -9999.000 -9999.000 -9999.000 -9999.000 0.2793372E-02 0.7009030E-02 0.1264890E-01 0.1811631E-01 0.2312221E-01 0.2752309E-01 0.3123504E-01 0.3419482E-01 0.3632132E-01 0.3746240E-01 0.3732227E-01 0.3536027E-01 0.3064286E-01 0.2165607E-01 0.1052499E-01 0.1052499E-01 -9999.000 -9999.000 -9999.000 -9999.000 -9999.000 -9999.000 -9999.000 -9999.000 -9999.000 -9999.000 -9999.000 -9999.000 -9999.000 -9999.000 -9999.000 -9999.000 -9999.000 -9999.000 -9999.000 -9999.000 -9999.000 -9999.000 -9999.000 -9999.000 -9999.000 -9999.000 -9999.000
-9999.000 -9999.000 -9999.000 -9999.000 -9999.000 -9999.000 -9999.000 -9999.000 -9999.000 -9999.000 -9999.000 -9999.000 -9999.000 -9999.000 -9999.000 0.3217655E-02 0.7911793E-02 0.1407913E-01 0.2005605E-01 0.2554276E-01 0.3038868E-01 0.3450671E-01 0.3783262E-01 0.4028124E-01 0.4168791E-01 0.4172491E-01 0.3978481E-01 0.3480422E-01 0.2501203E-01 0.1236144E-01 0.1236144E-01 -9999.000 -9999.000 -9999.000 -9999.000 -9999.000 -9999.000 -9999.000 -9999.000 -9999.000 -9999.000 -9999.000 -9999.000 -9999.000 -9999.000 -9999.000 -9999.000 -9999.000 -9999.000 -9999.000 -9999.000 -9999.000 -9999.000 -9999.000 -9999.000 -9999.000 -9999.000 -9999.000
-9999.000 -9999.000 -9999.000 -9999.000 -9999.000 -9999.000 -9999.000 -9999.000 -9999.000 -9999.000 -9999.000 -9999.000 -9999.000 -9999.000 -9999.000 0.3696994E-02 0.8915849E-02 0.1564643E-01 0.2216901E-01 0.2817702E-01 0.3351500E-01 0.3809485E-01 0.4185257E-01 0.4470098E-01 0.4646173E-01 0.4677076E-01 0.4494033E-01 0.3974835E-01 0.2909740E-01 0.1463467E-01 0.1463467E-01 -9999.000 -9999.000 -9999.000 -9999.000 -9999.000 -9999.000 -9999.000 -9999.000 -9999.000 -9999.000 -9999.000 -9999.000 -9999.000 -9999.000 -9999.000 -9999.000 -9999.000 -9999.000 -9999.000 -9999.000 -9999.000 -9999.000 -9999.000 -9999.000 -9999.000 -9999.000 -9999.000
-9999.000 -9999.000 -9999.000 -9999.000 -9999.000 -9999.000 -9999.000 -9999.000 -9999.000 -9999.000 -9999.000 -9999.000 -9999.000 -9999.000 -9999.000 0.4253303E-02 0.1006660E-01 0.1742098E-01 0.2454935E-01 0.3114256E-01 0.3704311E-01 0.4216420E-01 0.4644509E-01 0.4979790E-01 0.5203060E-01 0.5273699E-01 0.5113428E-01 0.4580431E-01 0.3423307E-01 0.1754441E-01 0.1754441E-01 -9999.000 -9999.000 -9999.000 -9999.000 -9999.000 -9999.000 -9999.000 -9999.000 -9999.000 -9999.000 -9999.000 -9999.000 -9999.000 -9999.000 -9999.000 -9999.000 -9999.000 -9999.000 -9999.000 -9999.000 -9999.000 -9999.000 -9999.000 -9999.000 -9999.000 -9999.000 -9999.000
-9999.000 -9999.000 -9999.000 -9999.000 -9999.000 -9999.000 -9999.000 -9999.000 -9999.000 -9999.000 -9999.000 -9999.000 -9999.000 -9999.000 -9999.000 0.4912021E-02 0.1141742E-01 0.1948660E-01 0.2731072E-01 0.3458351E-01 0.4114870E-01 0.4692425E-01 0.5185631E-01 0.5585959E-01 0.5872892E-01 0.6001055E-01 0.5880741E-01 0.5345893E-01 0.4091297E-01 0.2140500E-01 0.2140500E-01 -9999.000 -9999.000 -9999.000 -9999.000 -9999.000 -9999.000 -9999.000 -9999.000 -9999.000 -9999.000 -9999.000 -9999.000 -9999.000 -9999.000 -9999.000 -9999.000 -9999.000 -9999.000 -9999.000 -9999.000 -9999.000 -9999.000 -9999.000 -9999.000 -9999.000 -9999.000 -9999.000
-9999.000 -9999.000 -9999.000 -9999.000 -9999.000 -9999.000 -9999.000 -9999.000 -9999.000 -9999.000 -9999.000 -9999.000 -9999.000 -9999.000 -9999.000 0.5706579E-02 0.1303897E-01 0.2195596E-01 0.3060906E-01 0.3870030E-01 0.4607914E-01 0.5267363E-01 0.5844263E-01 0.6330872E-01 0.6705580E-01 0.6917751E-01 0.6864097E-01 0.6348296E-01 0.4994820E-01 0.2674310E-01 0.2674310E-01 -9999.000 -9999.000 -9999.000 -9999.000 -9999.000 -9999.000 -9999.000 -9999.000 -9999.000 -9999.000 -9999.000 -9999.000 -9999.000 -9999.000 -9999.000 -9999.000 -9999.000 -9999.000 -9999.000 -9999.000 -9999.000 -9999.000 -9999.000 -9999.000 -9999.000 -9999.000 -9999.000
-9999.000 -9999.000 -9999.000 -9999.000 -9999.000 -9999.000 -9999.000 -9999.000 -9999.000 -9999.000 -9999.000 -9999.000 -9999.000 -9999.000 -9999.000 0.6687322E-02 0.1503864E-01 0.2500231E-01 0.3468574E-01 0.4380557E-01 0.5222364E-01 0.5988608E-01 0.6677359E-01 0.7282576E-01 0.7782209E-01 0.8120101E-01 0.8177003E-01 0.7718812E-01 0.6277081E-01 0.3450577E-01 0.3450577E-01 -9999.000 -9999.000 -9999.000 -9999.000 -9999.000 -9999.000 -9999.000 -9999.000 -9999.000 -9999.000 -9999.000 -9999.000 -9999.000 -9999.000 -9999.000 -9999.000 -9999.000 -9999.000 -9999.000 -9999.000 -9999.000 -9999.000 -9999.000 -9999.000 -9999.000 -9999.000 -9999.000
-9999.000 -9999.000 -9999.000 -9999.000 -9999.000 -9999.000 -9999.000 -9999.000 -9999.000 -9999.000 -9999.000 -9999.000 -9999.000 -9999.000 -9999.000 0.8027890E-02 0.1776097E-01 0.2914687E-01 0.4021883E-01 0.5071838E-01 0.6053440E-01 0.6964823E-01 0.7808258E-01 0.8581609E-01 0.9264186E-01 0.9795254E-01 0.1003803 0.9712055E-01 0.8225128E-01 0.4666749E-01 0.4666749E-01 -9999.000 -9999.000 -9999.000 -9999.000 -9999.000 -9999.000 -9999.000 -9999.000 -9999.000 -9999.000 -9999.000 -9999.000 -9999.000 -9999.000 -9999.000 -9999.000 -9999.000 -9999.000 -9999.000 -9999.000 -9999.000 -9999.000 -9999.000 -9999.000 -9999.000 -9999.000 -9999.000
-9999.000 -9999.000 -9999.000 -9999.000 -9999.000 -9999.000 -9999.000 -9999.000 -9999.000 -9999.000 -9999.000 -9999.000 -9999.000 -9999.000 -9999.000 0.2318811E-01 0.3996661E-01 0.5701598E-01 0.7129046E-01 0.8332475E-01 0.9360619E-01 0.1025615 0.1105330 0.1177104 0.1240043 0.1288361 0.1307341 0.1264905 0.1088353 0.5768320E-01 0.5768320E-01 -9999.000 -9999.000 -9999.000 -9999.000 -9999.000 -9999.000 -9999.000 -9999.000 -9999.000 -9999.000 -9999.000 -9999.000 -9999.000 -9999.000 -9999.000 -9999.000 -9999.000 -9999.000 -9999.000 -9999.000 -9999.000 -9999.000 -9999.000 -9999.000 -9999.000 -9999.000 -9999.000
1.954740 1.954740 2.024650 2.059443 2.068199 2.068199 2.074383 2.081989 2.081989 2.085637 2.085637 2.086719 2.086529 2.085935 2.059770 2.059770 1.692738 1.638262 1.576575 1.504284 1.421333 1.328714 1.228292 1.122959 1.016941 0.9162531 0.8293891 0.7689397 0.7566925 0.8284389 0.8284389 1.727448 1.895917 1.916620 1.891626 1.891626 1.819504 1.819504 1.634246 1.634246 1.350040 1.121508 1.121508 1.086518 1.086518 1.119837 1.119837 1.119837 1.170718 1.170718 1.219753 1.219753 1.272184 1.272184 1.309383 1.309383 1.337276 1.337276
1.971396 1.971396 2.047433 2.098367 2.115688 2.115688 2.130532 2.155520 2.155520 2.176475 2.176475 2.194733 2.203079 2.210985 2.207945 2.207945 1.957037 1.935400 1.920123 1.896390 1.861536 1.814592 1.755296 1.684346 1.603736 1.517235 1.431322 1.357197 1.316520 1.357116 1.357116 1.885173 2.049248 2.159375 2.174635 2.174635 2.158993 2.158993 2.071069 2.071069 1.916090 1.623229 1.623229 1.592130 1.592130 1.629505 1.629505 1.629505 1.678782 1.678782 1.715174 1.715174 1.772876 1.772876 1.812888 1.812888 1.845175 1.845175
1.975358 1.975358 2.049043 2.098912 2.116207 2.116207 2.131154 2.156527 2.156527 2.177974 2.177974 2.196793 2.205444 2.213673 2.215102 2.215102 2.012294 1.987252 1.991030 1.991703 1.984531 1.968246 1.941998 1.905526 1.859602 1.806564 1.751222 1.701298 1.671798 1.701602 1.701602 2.067504 2.216150 2.352321 2.380198 2.380198 2.380708 2.380708 2.315241 2.315241 2.228469 2.003628 2.003628 1.929902 1.929902 1.953489 1.953489 1.953489 1.993751 1.993751 2.029670 2.029670 2.070955 2.070955 2.103203 2.103203 2.128759 2.128759
1.978446 1.978446 2.050355 2.099124 2.116251 2.116251 2.131134 2.156508 2.156508 2.177987 2.177987 2.196824 2.205483 2.213717 2.217472 2.217472 2.052660 2.014971 2.021999 2.032272 2.036853 2.034420 2.024468 2.006833 1.981898 1.950665 1.917647 1.888141 1.871734 1.897880 1.897880 2.169592 2.298586 2.435615 2.465306 2.465306 2.467914 2.467914 2.414279 2.414279 2.361930 2.203539 2.203539 2.109660 2.109660 2.119355 2.119355 2.119355 2.154245 2.154245 2.186964 2.186964 2.221583 2.221583 2.250228 2.250228 2.272720 2.272720
1.980771 1.980771 2.051424 2.099309 2.116282 2.116282 2.131104 2.156475 2.156475 2.177978 2.177978 2.196825 2.205483 2.213717 2.218949 2.218949 2.093134 2.047481 2.051188 2.065478 2.075963 2.080112 2.077513 2.068362 2.053340 2.033708 2.013027 1.995732 1.989542 2.016129 2.016129 2.211412 2.327446 2.453336 2.477338 2.477338 2.472902 2.472902 2.433895 2.433895 2.406279 2.314199 2.314199 2.226287 2.226287 2.215698 2.215698 2.215698 2.244890 2.244890 2.275025 2.275025 2.305644 2.305644 2.331755 2.331755 2.352008 2.352008
1.982388 1.982388 2.052212 2.099454 2.116306 2.116306 2.131077 2.156446 2.156446 2.177972 2.177972 2.196827 2.205484 2.213716 2.219895 2.219895 2.131616 2.086931 2.085741 2.100930 2.114907 2.123058 2.124454 2.119315 2.108539 2.093697 2.078155 2.066169 2.064212 2.087719 2.087719 2.227781 2.326409 2.425510 2.438253 2.438253 2.429151 2.429151 2.414913 2.414913 2.408602 2.372509 2.372509 2.310423 2.310423 2.282718 2.282718 2.282718 2.303795 2.303795 2.329970 2.329970 2.356900 2.356900 2.380174 2.380174 2.398072 2.398072
1.983342 1.983342 2.052695 2.099546 2.116320 2.116320 2.131058 2.156425 2.156425 2.177967 2.177967 2.196827 2.205485 2.213716 2.220501 2.220501 2.166685 2.131311 2.127356 2.141404 2.157015 2.167754 2.171756 2.168893 2.159976 2.146664 2.132193 2.120843 2.118283 2.134490 2.134490 2.229641 2.301892 2.357804 2.360165 2.360165 2.361605 2.361605 2.380567 2.380567 2.392175 2.397855 2.397855 2.368785 2.368785 2.335801 2.335801 2.335801 2.347631 2.347631 2.368037 2.368037 2.390418 2.390418 2.410165 2.410165 2.425348 2.425348
1.983657 1.983657 2.052857 2.099579 2.116325 2.116325 2.131052 2.156419 2.156419 2.177965 2.177965 2.196828 2.205486 2.213716 2.220888 2.220888 2.198815 2.178467 2.176003 2.188344 2.203850 2.215724 2.221247 2.219736 2.211664 2.198502 2.183212 2.169974 2.163615 2.167744 2.167744 2.217233 2.248745 2.255857 2.258936 2.258936 2.290397 2.290397 2.342575 2.342575 2.367843 2.402643 2.402643 2.404116 2.404116 2.379190 2.379190 2.379190 2.383394 2.383394 2.396954 2.396954 2.413688 2.413688 2.429078 2.429078 2.440985 2.440985
1.983342 1.983342 2.052695 2.099546 2.116320 2.116320 2.131058 2.156426 2.156426 2.177967 2.177967 2.196828 2.205485 2.213715 2.221134 2.221134 2.229895 2.227386 2.230826 2.242425 2.256559 2.267953 2.273680 2.272570 2.264647 2.250991 2.234113 2.217826 2.205424 2.189737 2.189737 2.179316 2.153743 2.135734 2.155382 2.155382 2.226075 2.226075 2.304814 2.304814 2.339846 2.394732 2.394732 2.420485 2.420485 2.412661 2.412661 2.412661 2.413034 2.413034 2.420045 2.420045 2.430380 2.430380 2.440523 2.440523 2.448527 2.448527
1.982388 1.982388 2.052212 2.099454 2.116306 2.116306 2.131077 2.156446 2.156446 2.177972 2.177972 2.196827 2.205484 2.213716 2.221293 2.221293 2.262799 2.278615 2.290980 2.303574 2.315809 2.325194 2.329550 2.327603 2.318995 2.304326 2.285525 2.265679 2.244503 2.191617 2.191617 2.090803 2.009704 2.020953 2.064382 2.064382 2.170322 2.170322 2.267919 2.267919 2.309912 2.378966 2.378966 2.422647 2.422647 2.435168 2.435168 2.435168 2.435947 2.435947 2.437977 2.437977 2.441818 2.441818 2.446076 2.446076 2.449664 2.449664
1.980770 1.980770 2.051424 2.099309 2.116282 2.116282 2.131104 2.156475 2.156475 2.177979 2.177979 2.196825 2.205483 2.213717 2.221395 2.221395 2.301263 2.334200 2.356329 2.371249 2.381555 2.387708 2.389055 2.384774 2.374371 2.358026 2.337026 2.313136 2.276518 2.143881 2.143881 1.922794 1.845083 1.923937 1.983071 1.983071 2.119379 2.119379 2.230387 2.230387 2.277666 2.357184 2.357184 2.413790 2.413790 2.445705 2.445705 2.445705 2.450086 2.450086 2.449286 2.449286 2.447298 2.447298 2.445540 2.445540 2.444510 2.444510
