simulation_files/asc/Velocity____22.0.asc
NCOLS        79
NROWS        79
XLLCENTER         -1.500000
YLLCENTER         -4.800000
CELLSIZE           0.100
NODATA_VALUE     -9999.0
[rows 0 to 26 of 79, columns 0 to 59 of 79]
-9999.000 -9999.000 -9999.000 -9999.000 -9999.000 -9999.000 -9999.000 -9999.000 -9999.000 -9999.000 -9999.000 -9999.000 -9999.000 -9999.000 -9999.000 0.4366792 0.4378591 0.4385447 0.4394570 0.4405345 0.4417391 0.4430294 0.4443625 0.4456949 0.4469856 0.4481972 0.4493024 0.4503114 0.4511731 0.4469264 0.4469264 -9999.000 -9999.000 -9999.000 -9999.000 -9999.000 -9999.000 -9999.000 -9999.000 -9999.000 -9999.000 -9999.000 -9999.000 -9999.000 -9999.000 -9999.000 -9999.000 -9999.000 -9999.000 -9999.000 -9999.000 -9999.000 -9999.000 -9999.000 -9999.000 -9999.000 -9999.000 -9999.000 -9999.000 -9999.000
-9999.000 -9999.000 -9999.000 -9999.000 -9999.000 -9999.000 -9999.000 -9999.000 -9999.000 -9999.000 -9999.000 -9999.000 -9999.000 -9999.000 -9999.000 0.4263420 0.4273078 0.4283477 0.4296696 0.4311702 0.4328065 0.4345322 0.4363011 0.4380679 0.4397956 0.4414557 0.4430419 0.4446194 0.4461145 0.4385353 0.4385353 -9999.000 -9999.000 -9999.000 -9999.000 -9999.000 -9999.000 -9999.000 -9999.000 -9999.000 -9999.000 -9999.000 -9999.000 -9999.000 -9999.000 -9999.000 -9999.000 -9999.000 -9999.000 -9999.000 -9999.000 -9999.000 -9999.000 -9999.000 -9999.000 -9999.000 -9999.000 -9999.000 -9999.000 -9999.000
-9999.000 -9999.000 -9999.000 -9999.000 -9999.000 -9999.000 -9999.000 -9999.000 -9999.000 -9999.000 -9999.000 -9999.000 -9999.000 -9999.000 -9999.000 0.4137869 0.4143431 0.4161229 0.4182681 0.4206093 0.4230967 0.4256789 0.4283033 0.4309193 0.4334873 0.4359774 0.4383833 0.4407855 0.4429587 0.4311009 0.4311009 -9999.000 -9999.000 -9999.000 -9999.000 -9999.000 -9999.000 -9999.000 -9999.000 -9999.000 -9999.000 -9999.000 -9999.000 -9999.000 -9999.000 -9999.000 -9999.000 -9999.000 -9999.000 -9999.000 -9999.000 -9999.000 -9999.000 -9999.000 -9999.000 -9999.000 -9999.000 -9999.000 -9999.000 -9999.000
-9999.000 -9999.000 -9999.000 -9999.000 -9999.000 -9999.000 -9999.000 -9999.000 -9999.000 -9999.000 -9999.000 -9999.000 -9999.000 -9999.000 -9999.000 0.4003595 0.4000986 0.4028929 0.4061900 0.4097084 0.4133820 0.4171505 0.4209536 0.4247314 0.4284378 0.4320346 0.4355076 0.4389458 0.4419439 0.4256485 0.4256485 -9999.000 -9999.000 -9999.000 -9999.000 -9999.000 -9999.000 -9999.000 -9999.000 -9999.000 -9999.000 -9999.000 -9999.000 -9999.000 -9999.000 -9999.000 -9999.000 -9999.000 -9999.000 -9999.000 -9999.000 -9999.000 -9999.000 -9999.000 -9999.000 -9999.000 -9999.000 -9999.000 -9999.000 -9999.000
-9999.000 -9999.000 -9999.000 -9999.000 -9999.000 -9999.000 -9999.000 -9999.000 -9999.000 -9999.000 -9999.000 -9999.000 -9999.000 -9999.000 -9999.000 0.3859933 0.3845357 0.3886200 0.3934040 0.3984390 0.4036309 0.4089089 0.4142040 0.4194475 0.4245856 0.4295701 0.4343765 0.4390989 0.4431154 0.4223194 0.4223194 -9999.000 -9999.000 -9999.000 -9999.000 -9999.000 -9999.000 -9999.000 -9999.000 -9999.000 -9999.000 -9999.000 -9999.000 -9999.000 -9999.000 -9999.000 -9999.000 -9999.000 -9999.000 -9999.000 -9999.000 -9999.000 -9999.000 -9999.000 -9999.000 -9999.000 -9999.000 -9999.000 -9999.000 -9999.000
-9999.000 -9999.000 -9999.000 -9999.000 -9999.000 -9999.000 -9999.000 -9999.000 -9999.000 -9999.000 -9999.000 -9999.000 -9999.000 -9999.000 -9999.000 0.3705064 0.3675584 0.3732268 0.3798558 0.3867649 0.3938180 0.4009322 0.4080325 0.4150453 0.4219124 0.4285788 0.4350105 0.4413027 0.4465792 0.4213169 0.4213169 -9999.000 -9999.000 -9999.000 -9999.000 -9999.000 -9999.000 -9999.000 -9999.000 -9999.000 -9999.000 -9999.000 -9999.000 -9999.000 -9999.000 -9999.000 -9999.000 -9999.000 -9999.000 -9999.000 -9999.000 -9999.000 -9999.000 -9999.000 -9999.000 -9999.000 -9999.000 -9999.000 -9999.000 -9999.000
-9999.000 -9999.000 -9999.000 -9999.000 -9999.000 -9999.000 -9999.000 -9999.000 -9999.000 -9999.000 -9999.000 -9999.000 -9999.000 -9999.000 -9999.000 0.3535831 0.3490191 0.3566016 0.3654715 0.3746456 0.3839279 0.3932215 0.4024512 0.4115465 0.4204529 0.4291171 0.4375011 0.4456975 0.4525392 0.4229657 0.4229657 -9999.000 -9999.000 -9999.000 -9999.000 -9999.000 -9999.000 -9999.000 -9999.000 -9999.000 -9999.000 -9999.000 -9999.000 -9999.000 -9999.000 -9999.000 -9999.000 -9999.000 -9999.000 -9999.000 -9999.000 -9999.000 -9999.000 -9999.000 -9999.000 -9999.000 -9999.000 -9999.000 -9999.000 -9999.000
-9999.000 -9999.000 -9999.000 -9999.000 -9999.000 -9999.000 -9999.000 -9999.000 -9999.000 -9999.000 -9999.000 -9999.000 -9999.000 -9999.000 -9999.000 0.3347591 0.3287335 0.3386159 0.3501723 0.3620477 0.3739640 0.3858088 0.3975137 0.4090239 0.4203032 0.4313142 0.4420270 0.4525324 0.4613388 0.4277718 0.4277718 -9999.000 -9999.000 -9999.000 -9999.000 -9999.000 -9999.000 -9999.000 -9999.000 -9999.000 -9999.000 -9999.000 -9999.000 -9999.000 -9999.000 -9999.000 -9999.000 -9999.000 -9999.000 -9999.000 -9999.000 -9999.000 -9999.000 -9999.000 -9999.000 -9999.000 -9999.000 -9999.000 -9999.000 -9999.000
-9999.000 -9999.000 -9999.000 -9999.000 -9999.000 -9999.000 -9999.000 -9999.000 -9999.000 -9999.000 -9999.000 -9999.000 -9999.000 -9999.000 -9999.000 0.3134336 0.3065144 0.3191608 0.3339044 0.3489653 0.3639602 0.3787597 0.3933127 0.4075976 0.4216169 0.4353718 0.4488627 0.4621856 0.4735034 0.4364882 0.4364882 -9999.000 -9999.000 -9999.000 -9999.000 -9999.000 -9999.000 -9999.000 -9999.000 -9999.000 -9999.000 -9999.000 -9999.000 -9999.000 -9999.000 -9999.000 -9999.000 -9999.000 -9999.000 -9999.000 -9999.000 -9999.000 -9999.000 -9999.000 -9999.000 -9999.000 -9999.000 -9999.000 -9999.000 -9999.000
-9999.000 -9999.000 -9999.000 -9999.000 -9999.000 -9999.000 -9999.000 -9999.000 -9999.000 -9999.000 -9999.000 -9999.000 -9999.000 -9999.000 -9999.000 0.2889181 0.2822253 0.2982022 0.3166834 0.3354478 0.3539918 0.3721711 0.3899674 0.4074147 0.4245828 0.4415449 0.4583674 0.4751769 0.4897859 0.4502002 0.4502002 -9999.000 -9999.000 -9999.000 -9999.000 -9999.000 -9999.000 -9999.000 -9999.000 -9999.000 -9999.000 -9999.000 -9999.000 -9999.000 -9999.000 -9999.000 -9999.000 -9999.000 -9999.000 -9999.000 -9999.000 -9999.000 -9999.000 -9999.000 -9999.000 -9999.000 -9999.000 -9999.000 -9999.000 -9999.000
-9999.000 -9999.000 -9999.000 -9999.000 -9999.000 -9999.000 -9999.000 -9999.000 -9999.000 -9999.000 -9999.000 -9999.000 -9999.000 -9999.000 -9999.000 0.2605107 0.2558326 0.2758349 0.2986389 0.3216297 0.3441876 0.3661673 0.3876056 0.4086231 0.4293945 0.4501128 0.4709691 0.4921780 0.5112404 0.4704852 0.4704852 -9999.000 -9999.000 -9999.000 -9999.000 -9999.000 -9999.000 -9999.000 -9999.000 -9999.000 -9999.000 -9999.000 -9999.000 -9999.000 -9999.000 -9999.000 -9999.000 -9999.000 -9999.000 -9999.000 -9999.000 -9999.000 -9999.000 -9999.000 -9999.000 -9999.000 -9999.000 -9999.000 -9999.000 -9999.000
-9999.000 -9999.000 -9999.000 -9999.000 -9999.000 -9999.000 -9999.000 -9999.000 -9999.000 -9999.000 -9999.000 -9999.000 -9999.000 -9999.000 -9999.000 0.2275791 0.2274420 0.2523186 0.2800457 0.3077550 0.3347467 0.3609065 0.3863617 0.4113589 0.4362288 0.4613548 0.4871512 0.5140472 0.5393705 0.4997784 0.4997784 -9999.000 -9999.000 -9999.000 -9999.000 -9999.000 -9999.000 -9999.000 -9999.000 -9999.000 -9999.000 -9999.000 -9999.000 -9999.000 -9999.000 -9999.000 -9999.000 -9999.000 -9999.000 -9999.000 -9999.000 -9999.000 -9999.000 -9999.000 -9999.000 -9999.000 -9999.000 -9999.000 -9999.000 -9999.000
-9999.000 -9999.000 -9999.000 -9999.000 -9999.000 -9999.000 -9999.000 -9999.000 -9999.000 -9999.000 -9999.000 -9999.000 -9999.000 -9999.000 -9999.000 0.1896667 0.1973384 0.2280998 0.2613392 0.2941915 0.3259579 0.3566055 0.3863984 0.4157626 0.4452529 0.4755475 0.5074577 0.5419037 0.5764486 0.5422861 0.5422861 -9999.000 -9999.000 -9999.000 -9999.000 -9999.000 -9999.000 -9999.000 -9999.000 -9999.000 -9999.000 -9999.000 -9999.000 -9999.000 -9999.000 -9999.000 -9999.000 -9999.000 -9999.000 -9999.000 -9999.000 -9999.000 -9999.000 -9999.000 -9999.000 -9999.000 -9999.000 -9999.000 -9999.000 -9999.000
-9999.000 -9999.000 -9999.000 -9999.000 -9999.000 -9999.000 -9999.000 -9999.000 -9999.000 -9999.000 -9999.000 -9999.000 -9999.000 -9999.000 -9999.000 0.1466750 0.1661289 0.2038979 0.2431658 0.2814722 0.3182430 0.3535897 0.3879651 0.4220351 0.4566673 0.4929892 0.5325091 0.5772464 0.6261965 0.6065934 0.6065934 -9999.000 -9999.000 -9999.000 -9999.000 -9999.000 -9999.000 -9999.000 -9999.000 -9999.000 -9999.000 -9999.000 -9999.000 -9999.000 -9999.000 -9999.000 -9999.000 -9999.000 -9999.000 -9999.000 -9999.000 -9999.000 -9999.000 -9999.000 -9999.000 -9999.000 -9999.000 -9999.000 -9999.000 -9999.000
-9999.000 -9999.000 -9999.000 -9999.000 -9999.000 -9999.000 -9999.000 -9999.000 -9999.000 -9999.000 -9999.000 -9999.000 -9999.000 -9999.000 -9999.000 0.9967459E-01 0.1377517 0.1838381 0.2290238 0.2723027 0.3135888 0.3532690 0.3920380 0.4308430 0.4709411 0.5140899 0.5629603 0.6219397 0.6951206 0.7142324 0.7142324 -9999.000 -9999.000 -9999.000 -9999.000 -9999.000 -9999.000 -9999.000 -9999.000 -9999.000 -9999.000 -9999.000 -9999.000 -9999.000 -9999.000 -9999.000 -9999.000 -9999.000 -9999.000 -9999.000 -9999.000 -9999.000 -9999.000 -9999.000 -9999.000 -9999.000 -9999.000 -9999.000 -9999.000 -9999.000
1.020543 1.020543 0.9633195 0.9248511 0.9051398 0.9051398 0.8816184 0.8206006 0.8206006 0.7501954 0.7501954 0.6738650 0.6285512 0.5738055 0.5053083 0.5053083 0.3925263 0.3682956 0.3580465 0.3610055 0.3748429 0.3971085 0.4260078 0.4606985 0.5014411 0.5499100 0.6100354 0.6902226 0.8076332 1.003465 1.003465 1.366347 1.531234 0.7543142 0.1397872 0.1397872 0.4269291 0.4269291 0.2551708E-01 0.2551708E-01 0.1102601E-01 0.1453344 0.1453344 0.2634858 0.2634858 0.3811215 0.3811215 0.3811215 0.4545366 0.4545366 0.5160679 0.5160679 0.5677765 0.5677765 0.6116270 0.6116270 0.6636540 0.6636540 0.6636540 0.6986637
1.033324 1.033324 0.9765601 0.9470201 0.9315624 0.9315624 0.9120045 0.8570632 0.8570632 0.7896329 0.7896329 0.7171016 0.6780196 0.6368780 0.5946306 0.5946306 0.5368226 0.5152414 0.4969240 0.4842436 0.4791188 0.4827928 0.4958906 0.5187217 0.5517350 0.5960677 0.6542648 0.7314500 0.8361838 0.9756997 0.9756997 1.206273 1.302403 1.331683 1.338911 1.338911 1.249822 1.249822 1.094250 1.094250 0.9268316 0.7677996 0.7677996 0.7624487 0.7624487 0.7913612 0.7913612 0.7913612 0.8314416 0.8314416 0.8702918 0.8702918 0.9068468 0.9068468 0.9185954 0.9185954 0.9694688 0.9694688 0.9694688 0.9981328
1.036542 1.036542 0.9767377 0.9479526 0.9333396 0.9333396 0.9150493 0.8640515 0.8640515 0.8032405 0.8032405 0.7426493 0.7125196 0.6826783 0.6540607 0.6540607 0.6207814 0.6096185 0.5986297 0.5886121 0.5811893 0.5784039 0.5823792 0.5951033 0.6184002 0.6541263 0.7046340 0.7736111 0.8667750 0.9887648 0.9887648 1.206056 1.297055 1.344706 1.345703 1.345703 1.337613 1.337613 1.261516 1.261516 1.169519 1.034637 1.034637 1.011228 1.011228 1.009501 1.009501 1.009501 1.032333 1.032333 1.056227 1.056227 1.080257 1.080257 1.097208 1.097208 1.126515 1.126515 1.126515 1.146791
1.039625 1.039625 0.9771219 0.9489892 0.9352437 0.9352437 0.9182958 0.8712792 0.8712792 0.8161294 0.8161294 0.7644827 0.7406604 0.7184165 0.6984364 0.6984364 0.6805320 0.6773904 0.6744168 0.6711570 0.6681375 0.6667104 0.6688439 0.6768866 0.6933638 0.7208723 0.7621799 0.8206779 0.9010320 1.008567 1.008567 1.205702 1.297899 1.352095 1.357702 1.357702 1.346288 1.346288 1.296926 1.296926 1.249873 1.156494 1.156494 1.130126 1.130126 1.127774 1.127774 1.127774 1.142845 1.142845 1.159042 1.159042 1.175835 1.175835 1.188629 1.188629 1.208286 1.208286 1.208286 1.223949
1.042582 1.042582 0.9776965 0.9504372 0.9377034 0.9377034 0.9222811 0.8796445 0.8796445 0.8299754 0.8299754 0.7856495 0.7665704 0.7497846 0.7357556 0.7357556 0.7285148 0.7309286 0.7341557 0.7372531 0.7399897 0.7428983 0.7472494 0.7549514 0.7684017 0.7903294 0.8237193 0.8719764 0.9394245 1.032126 1.032126 1.205450 1.296565 1.348844 1.350663 1.350663 1.328403 1.328403 1.297699 1.297699 1.279413 1.235046 1.235046 1.214585 1.214585 1.211107 1.211107 1.211107 1.221416 1.221416 1.232163 1.232163 1.243350 1.243350 1.252244 1.252244 1.265009 1.265009 1.265009 1.276339
1.045356 1.045356 0.9783416 0.9521101 0.9404656 0.9404656 0.9266678 0.8886907 0.8886907 0.8445333 0.8445333 0.8067064 0.7915511 0.7791204 0.7696814 0.7696814 0.7707039 0.7769638 0.7844887 0.7923658 0.8000648 0.8075768 0.8155081 0.8251098 0.8382373 0.8572582 0.8849593 0.9245892 0.9802418 1.058376 1.058376 1.206250 1.291308 1.328524 1.321128 1.321128 1.294325 1.294325 1.287674 1.287674 1.289654 1.285379 1.285379 1.279065 1.279065 1.276642 1.276642 1.276642 1.284038 1.284038 1.290840 1.290840 1.297521 1.297521 1.302766 1.302766 1.310114 1.310114 1.310114 1.317225
1.047889 1.047889 0.9790042 0.9538872 0.9433464 0.9433464 0.9311835 0.8979654 0.8979654 0.8594010 0.8594010 0.8277008 0.8160964 0.8075632 0.8021962 0.8021962 0.8106093 0.8196893 0.8300394 0.8410536 0.8522455 0.8633849 0.8746374 0.8866707 0.9007086 0.9185227 0.9423915 0.9751300 1.020429 1.084673 1.084673 1.206097 1.278117 1.286684 1.270997 1.270997 1.255799 1.255799 1.277388 1.277388 1.293438 1.316097 1.316097 1.325837 1.325837 1.328927 1.328927 1.328927 1.335358 1.335358 1.339664 1.339664 1.342858 1.342858 1.344767 1.344767 1.347618 1.347618 1.347618 1.350659
1.050104 1.050104 0.9796457 0.9556732 0.9461985 0.9461985 0.9356068 0.9070709 0.9070709 0.8741593 0.8741593 0.8484930 0.8403613 0.8357174 0.8345402 0.8345402 0.8506736 0.8620208 0.8741587 0.8869320 0.9001083 0.9134808 0.9270046 0.9409299 0.9559101 0.9730553 0.9939506 1.020719 1.056368 1.106644 1.106644 1.199189 1.248307 1.225109 1.210267 1.210267 1.222769 1.222769 1.270178 1.270178 1.295309 1.334550 1.334550 1.357690 1.357690 1.369568 1.369568 1.369568 1.377094 1.377094 1.380502 1.380502 1.381359 1.381359 1.380434 1.380434 1.379465 1.379465 1.379465 1.378629
1.051903 1.051903 0.9802377 0.9573905 0.9489066 0.9489066 0.9397649 0.9156622 0.9156622 0.8883663 0.8883663 0.8687922 0.8642563 0.8638502 0.8675802 0.8675802 0.8929704 0.9062799 0.9194344 0.9328516 0.9466721 0.9608625 0.9753319 0.9900623 1.005218 1.021218 1.038785 1.059053 1.084037 1.119002 1.119002 1.178427 1.188745 1.154599 1.151883 1.151883 1.198208 1.198208 1.265227 1.265227 1.295974 1.345282 1.345282 1.378177 1.378177 1.399730 1.399730 1.399730 1.410003 1.410003 1.414084 1.414084 1.413894 1.413894 1.410882 1.410882 1.406750 1.406750 1.406750 1.402307
1.053175 1.053175 0.9807599 0.9589815 0.9513832 0.9513832 0.9435269 0.9234546 0.9234546 0.9015692 0.9015692 0.8881443 0.8874304 0.8918859 0.9019071 0.9019071 0.9396838 0.9546621 0.9680976 0.9811532 0.9944252 1.008126 1.022200 1.036434 1.050515 1.064038 1.076520 1.087576 1.097682 1.110863 1.110863 1.127684 1.111989 1.090903 1.099438 1.099438 1.178119 1.178119 1.260375 1.260375 1.294860 1.350782 1.350782 1.390646 1.390646 1.421164 1.421164 1.421164 1.435056 1.435056 1.440998 1.440998 1.440964 1.440964 1.436754 1.436754 1.430168 1.430168 1.430168 1.422504
1.053801 1.053801 0.9812046 0.9604072 0.9535685 0.9535685 0.9468027 0.9302262 0.9302262 0.9133279 0.9133279 0.9059354 0.9092305 0.9192774 0.9376684 0.9376684 0.9935427 1.009624 1.022364 1.033943 1.045484 1.057468 1.069873 1.082262 1.093691 1.102512 1.106257 1.102165 1.089138 1.070911 1.070911 1.045851 1.022042 1.040833 1.072463 1.072463 1.161141 1.161141 1.257566 1.257566 1.294384 1.354329 1.354329 1.398738 1.398738 1.436334 1.436334 1.436334 1.453773 1.453773 1.462058 1.462058 1.462983 1.462983 1.458373 1.458373 1.450056 1.450056 1.450056 1.439665
1.053658 1.053658 0.9815754 0.9616439 0.9554248 0.9554248 0.9495340 0.9358221 0.9358221 0.9232536 0.9232536 0.9214496 0.9287042 0.9448100 0.9739260 0.9739260 1.058337 1.074265 1.084749 1.093350 1.101794 1.110817 1.120332 1.129522 1.136373 1.136949 1.125305 1.096111 1.050132 0.9964851 0.9964851 0.9440695 0.9350081 1.001024 1.048246 1.048246 1.140102 1.140102 1.255092 1.255092 1.293432 1.355743 1.355743 1.403035 1.403035 1.445839 1.445839 1.445839 1.466305 1.466305 1.476897 1.476897 1.479152 1.479152 1.474729 1.474729 1.465357 1.465357 1.465357 1.452838
