simulation_files/asc/Velocity__x_85.0.asc
NCOLS        79
NROWS        79
XLLCENTER         -1.500000
YLLCENTER         -4.800000
CELLSIZE           0.100
NODATA_VALUE     -9999.0
[rows 0 to 25 of 79, columns 0 to 57 of 79]
-9999.000 -9999.000 -9999.000 -9999.000 -9999.000 -9999.000 -9999.000 -9999.000 -9999.000 -9999.000 -9999.000 -9999.000 -9999.000 -9999.000 -9999.000 0.3036953E-03 0.1461329E-02 0.3385592E-02 0.5130389E-02 0.6669014E-02 0.8024383E-02 0.9213815E-02 0.1023208E-01 0.1103712E-01 0.1153227E-01 0.1154143E-01 0.1077262E-01 0.8761056E-02 0.4870269E-02 0.1545230E-02 0.1545230E-02 -9999.000 -9999.000 -9999.000 -9999.000 -9999.000 -9999.000 -9999.000 -9999.000 -9999.000 -9999.000 -9999.000 -9999.000 -9999.000 -9999.000 -9999.000 -9999.000 -9999.000 -9999.000 -9999.000 -9999.000 -9999.000 -9999.000 -9999.000 -9999.000 -9999.000 -9999.000 -9999.000
-9999.000 -9999.000 -9999.000 -9999.000 -9999.000 -9999.000 -9999.000 -9999.000 -9999.000 -9999.000 -9999.000 -9999.000 -9999.000 -9999.000 -9999.000 0.1150317E-02 0.3350376E-02 0.6489197E-02 0.9427833E-02 0.1207756E-01 0.1441023E-01 0.1639676E-01 0.1798408E-01 0.1907632E-01 0.1951669E-01 0.1906783E-01 0.1739242E-01 0.1402901E-01 0.8448936E-02 0.3318556E-02 0.3318556E-02 -9999.000 -9999.000 -9999.000 -9999.000 -9999.000 -9999.000 -9999.000 -9999.000 -9999.000 -9999.000 -9999.000 -9999.000 -9999.000 -9999.000 -9999.000 -9999.000 -9999.000 -9999.000 -9999.000 -9999.000 -9999.000 -9999.000 -9999.000 -9999.000 -9999.000 -9999.000 -9999.000
-9999.000 -9999.000 -9999.000 -9999.000 -9999.000 -9999.000 -9999.000 -9999.000 -9999.000 -9999.000 -9999.000 -9999.000 -9999.000 -9999.000 -9999.000 0.1885835E-02 0.4993341E-02 0.9193078E-02 0.1312676E-01 0.1667342E-01 0.1977559E-01 0.2237401E-01 0.2438454E-01 0.2567794E-01 0.2606243E-01 0.2526553E-01 0.2291469E-01 0.1851377E-01 0.1149875E-01 0.4805514E-02 0.4805514E-02 -9999.000 -9999.000 -9999.000 -9999.000 -9999.000 -9999.000 -9999.000 -9999.000 -9999.000 -9999.000 -9999.000 -9999.000 -9999.000 -9999.000 -9999.000 -9999.000 -9999.000 -9999.000 -9999.000 -9999.000 -9999.000 -9999.000 -9999.000 -9999.000 -9999.000 -9999.000 -9999.000
-9999.000 -9999.000 -9999.000 -9999.000 -9999.000 -9999.000 -9999.000 -9999.000 -9999.000 -9999.000 -9999.000 -9999.000 -9999.000 -9999.000 -9999.000 0.2549648E-02 0.6461648E-02 0.1158787E-01 0.1638347E-01 0.2070336E-01 0.2446902E-01 0.2760071E-01 0.2999139E-01 0.3148723E-01 0.3186753E-01 0.3082553E-01 0.2794586E-01 0.2267638E-01 0.1438075E-01 0.6221474E-02 0.6221474E-02 -9999.000 -9999.000 -9999.000 -9999.000 -9999.000 -9999.000 -9999.000 -9999.000 -9999.000 -9999.000 -9999.000 -9999.000 -9999.000 -9999.000 -9999.000 -9999.000 -9999.000 -9999.000 -9999.000 -9999.000 -9999.000 -9999.000 -9999.000 -9999.000 -9999.000 -9999.000 -9999.000
-9999.000 -9999.000 -9999.000 -9999.000 -9999.000 -9999.000 -9999.000 -9999.000 -9999.000 -9999.000 -9999.000 -9999.000 -9999.000 -9999.000 -9999.000 0.3179377E-02 0.7834971E-02 0.1379975E-01 0.1937688E-01 0.2440402E-01 0.2878708E-01 0.3242989E-01 0.3520747E-01 0.3694295E-01 0.3738616E-01 0.3619044E-01 0.3288602E-01 0.2684468E-01 0.1732455E-01 0.7683638E-02 0.7683638E-02 -9999.000 -9999.000 -9999.000 -9999.000 -9999.000 -9999.000 -9999.000 -9999.000 -9999.000 -9999.000 -9999.000 -9999.000 -9999.000 -9999.000 -9999.000 -9999.000 -9999.000 -9999.000 -9999.000 -9999.000 -9999.000 -9999.000 -9999.000 -9999.000 -9999.000 -9999.000 -9999.000
-9999.000 -9999.000 -9999.000 -9999.000 -9999.000 -9999.000 -9999.000 -9999.000 -9999.000 -9999.000 -9999.000 -9999.000 -9999.000 -9999.000 -9999.000 0.3811165E-02 0.9189156E-02 0.1594771E-01 0.2226831E-01 0.2797827E-01 0.3297170E-01 0.3713951E-01 0.4033962E-01 0.4237198E-01 0.4295276E-01 0.4168755E-01 0.3803799E-01 0.3127639E-01 0.2051597E-01 0.9287017E-02 0.9287017E-02 -9999.000 -9999.000 -9999.000 -9999.000 -9999.000 -9999.000 -9999.000 -9999.000 -9999.000 -9999.000 -9999.000 -9999.000 -9999.000 -9999.000 -9999.000 -9999.000 -9999.000 -9999.000 -9999.000 -9999.000 -9999.000 -9999.000 -9999.000 -9999.000 -9999.000 -9999.000 -9999.000
-9999.000 -9999.000 -9999.000 -9999.000 -9999.000 -9999.000 -9999.000 -9999.000 -9999.000 -9999.000 -9999.000 -9999.000 -9999.000 -9999.000 -9999.000 0.4476965E-02 0.1059034E-01 0.1813379E-01 0.2519368E-01 0.3159433E-01 0.3722162E-01 0.4195518E-01 0.4563660E-01 0.4804037E-01 0.4884410E-01 0.4759537E-01 0.4366969E-01 0.3621176E-01 0.2414033E-01 0.1112971E-01 0.1112971E-01 -9999.000 -9999.000 -9999.000 -9999.000 -9999.000 -9999.000 -9999.000 -9999.000 -9999.000 -9999.000 -9999.000 -9999.000 -9999.000 -9999.000 -9999.000 -9999.000 -9999.000 -9999.000 -9999.000 -9999.000 -9999.000 -9999.000 -9999.000 -9999.000 -9999.000 -9999.000 -9999.000
-9999.000 -9999.000 -9999.000 -9999.000 -9999.000 -9999.000 -9999.000 -9999.000 -9999.000 -9999.000 -9999.000 -9999.000 -9999.000 -9999.000 -9999.000 0.5204999E-02 0.1209630E-01 0.2044614E-01 0.2827018E-01 0.3539759E-01 0.4170890E-01 0.4707451E-01 0.5131961E-01 0.5419094E-01 0.5532109E-01 0.5418734E-01 0.5005835E-01 0.4191466E-01 0.2841467E-01 0.1333215E-01 0.1333215E-01 -9999.000 -9999.000 -9999.000 -9999.000 -9999.000 -9999.000 -9999.000 -9999.000 -9999.000 -9999.000 -9999.000 -9999.000 -9999.000 -9999.000 -9999.000 -9999.000 -9999.000 -9999.000 -9999.000 -9999.000 -9999.000 -9999.000 -9999.000 -9999.000 -9999.000 -9999.000 -9999.000
-9999.000 -9999.000 -9999.000 -9999.000 -9999.000 -9999.000 -9999.000 -9999.000 -9999.000 -9999.000 -9999.000 -9999.000 -9999.000 -9999.000 -9999.000 0.6020987E-02 0.1376027E-01 0.2296634E-01 0.3160724E-01 0.3952491E-01 0.4659850E-01 0.5269105E-01 0.5761170E-01 0.6107658E-01 0.6266589E-01 0.6177300E-01 0.5753281E-01 0.4871526E-01 0.3362805E-01 0.1605980E-01 0.1605980E-01 -9999.000 -9999.000 -9999.000 -9999.000 -9999.000 -9999.000 -9999.000 -9999.000 -9999.000 -9999.000 -9999.000 -9999.000 -9999.000 -9999.000 -9999.000 -9999.000 -9999.000 -9999.000 -9999.000 -9999.000 -9999.000 -9999.000 -9999.000 -9999.000 -9999.000 -9999.000 -9999.000
-9999.000 -9999.000 -9999.000 -9999.000 -9999.000 -9999.000 -9999.000 -9999.000 -9999.000 -9999.000 -9999.000 -9999.000 -9999.000 -9999.000 -9999.000 0.6950033E-02 0.1563490E-01 0.2577824E-01 0.3531916E-01 0.4412232E-01 0.5206995E-01 0.5902066E-01 0.6476834E-01 0.6899597E-01 0.7122421E-01 0.7074482E-01 0.6652745E-01 0.5706923E-01 0.4020097E-01 0.1956192E-01 0.1956192E-01 -9999.000 -9999.000 -9999.000 -9999.000 -9999.000 -9999.000 -9999.000 -9999.000 -9999.000 -9999.000 -9999.000 -9999.000 -9999.000 -9999.000 -9999.000 -9999.000 -9999.000 -9999.000 -9999.000 -9999.000 -9999.000 -9999.000 -9999.000 -9999.000 -9999.000 -9999.000 -9999.000
-9999.000 -9999.000 -9999.000 -9999.000 -9999.000 -9999.000 -9999.000 -9999.000 -9999.000 -9999.000 -9999.000 -9999.000 -9999.000 -9999.000 -9999.000 0.8019400E-02 0.1777894E-01 0.2897763E-01 0.3954062E-01 0.4936552E-01 0.5834365E-01 0.6633382E-01 0.7311690E-01 0.7834186E-01 0.8146138E-01 0.8164737E-01 0.7766453E-01 0.6765519E-01 0.4879206E-01 0.2424087E-01 0.2424087E-01 -9999.000 -9999.000 -9999.000 -9999.000 -9999.000 -9999.000 -9999.000 -9999.000 -9999.000 -9999.000 -9999.000 -9999.000 -9999.000 -9999.000 -9999.000 -9999.000 -9999.000 -9999.000 -9999.000 -9999.000 -9999.000 -9999.000 -9999.000 -9999.000 -9999.000 -9999.000 -9999.000
-9999.000 -9999.000 -9999.000 -9999.000 -9999.000 -9999.000 -9999.000 -9999.000 -9999.000 -9999.000 -9999.000 -9999.000 -9999.000 -9999.000 -9999.000 0.9261784E-02 0.2026555E-01 0.3268810E-01 0.4444896E-01 0.5549042E-01 0.6572044E-01 0.7500532E-01 0.8311870E-01 0.8967651E-01 0.9405828E-01 0.9529655E-01 0.9190311E-01 0.8155729E-01 0.6050976E-01 0.3079447E-01 0.3079447E-01 -9999.000 -9999.000 -9999.000 -9999.000 -9999.000 -9999.000 -9999.000 -9999.000 -9999.000 -9999.000 -9999.000 -9999.000 -9999.000 -9999.000 -9999.000 -9999.000 -9999.000 -9999.000 -9999.000 -9999.000 -9999.000 -9999.000 -9999.000 -9999.000 -9999.000 -9999.000 -9999.000
-9999.000 -9999.000 -9999.000 -9999.000 -9999.000 -9999.000 -9999.000 -9999.000 -9999.000 -9999.000 -9999.000 -9999.000 -9999.000 -9999.000 -9999.000 0.1072405E-01 0.2320032E-01 0.3709109E-01 0.5030792E-01 0.6285082E-01 0.7465572E-01 0.8560825E-01 0.9548538E-01 0.1038784 0.1100939 0.1130101 0.1108354 0.1006460 0.7738158E-01 0.4054003E-01 0.4054003E-01 -9999.000 -9999.000 -9999.000 -9999.000 -9999.000 -9999.000 -9999.000 -9999.000 -9999.000 -9999.000 -9999.000 -9999.000 -9999.000 -9999.000 -9999.000 -9999.000 -9999.000 -9999.000 -9999.000 -9999.000 -9999.000 -9999.000 -9999.000 -9999.000 -9999.000 -9999.000 -9999.000
-9999.000 -9999.000 -9999.000 -9999.000 -9999.000 -9999.000 -9999.000 -9999.000 -9999.000 -9999.000 -9999.000 -9999.000 -9999.000 -9999.000 -9999.000 0.1258806E-01 0.2693887E-01 0.4272994E-01 0.5783216E-01 0.7232312E-01 0.8618963E-01 0.9936145E-01 0.1116464 0.1226377 0.1315930 0.1372473 0.1374751 0.1285941 0.1036683 0.5640416E-01 0.5640416E-01 -9999.000 -9999.000 -9999.000 -9999.000 -9999.000 -9999.000 -9999.000 -9999.000 -9999.000 -9999.000 -9999.000 -9999.000 -9999.000 -9999.000 -9999.000 -9999.000 -9999.000 -9999.000 -9999.000 -9999.000 -9999.000 -9999.000 -9999.000 -9999.000 -9999.000 -9999.000 -9999.000
-9999.000 -9999.000 -9999.000 -9999.000 -9999.000 -9999.000 -9999.000 -9999.000 -9999.000 -9999.000 -9999.000 -9999.000 -9999.000 -9999.000 -9999.000 0.2758146E-01 0.4856141E-01 0.6977562E-01 0.8821426E-01 0.1047349 0.1198720 0.1339530 0.1470782 0.1590556 0.1692825 0.1765189 0.1784212 0.1704950 0.1432774 0.7534423E-01 0.7534423E-01 -9999.000 -9999.000 -9999.000 -9999.000 -9999.000 -9999.000 -9999.000 -9999.000 -9999.000 -9999.000 -9999.000 -9999.000 -9999.000 -9999.000 -9999.000 -9999.000 -9999.000 -9999.000 -9999.000 -9999.000 -9999.000 -9999.000 -9999.000 -9999.000 -9999.000 -9999.000 -9999.000
1.746826 1.746826 1.794983 1.834488 1.843329 1.843329 1.849340 1.856587 1.856587 1.860161 1.860161 1.861508 1.861563 1.861630 1.591840 1.591840 1.321743 1.258365 1.186207 1.106243 1.020220 0.9306930 0.8409886 0.7551153 0.6776263 0.6135470 0.5686945 0.5511931 0.5766826 0.6676481 0.6676481 1.581194 1.800975 1.852438 1.814602 1.814602 1.700425 1.700425 1.452619 1.452619 1.146891 0.9779133 0.9779133 0.9701079 0.9701079 1.009535 1.009535 1.009535 1.060480 1.060480 1.106439 1.106439 1.145440 1.145440 1.189157 1.189157 1.215953 1.215953
1.762087 1.762087 1.816617 1.869830 1.886588 1.886588 1.900584 1.923836 1.923836 1.943344 1.943344 1.960472 1.968349 1.975581 1.804497 1.804497 1.571476 1.549976 1.519977 1.479950 1.429474 1.368985 1.299795 1.224221 1.145849 1.070020 1.004695 0.9621789 0.9635351 1.048967 1.048967 1.613133 1.793051 1.907459 1.921581 1.921581 1.897651 1.897651 1.786454 1.786454 1.596977 1.327281 1.327281 1.329262 1.329262 1.378735 1.378735 1.378735 1.432403 1.432403 1.481503 1.481503 1.511288 1.511288 1.564790 1.564790 1.598082 1.598082
1.765120 1.765120 1.819190 1.870140 1.886955 1.886955 1.901119 1.924795 1.924795 1.944772 1.944772 1.962415 1.970573 1.978092 1.875116 1.875116 1.625607 1.622909 1.615326 1.600556 1.577660 1.546296 1.506753 1.460120 1.408525 1.355533 1.306910 1.272222 1.268840 1.335330 1.335330 1.731659 1.894050 2.032032 2.061018 2.061018 2.060793 2.060793 1.988607 1.988607 1.883087 1.633961 1.633961 1.601812 1.601812 1.640309 1.640309 1.640309 1.686851 1.686851 1.728181 1.728181 1.760799 1.760799 1.799196 1.799196 1.826869 1.826869
1.767241 1.767241 1.821557 1.870130 1.886829 1.886829 1.901010 1.924775 1.924775 1.944797 1.944797 1.962451 1.970611 1.978167 1.917471 1.917471 1.653769 1.659006 1.661394 1.658083 1.648597 1.632885 1.611212 1.584323 1.553660 1.521671 1.492357 1.472402 1.474146 1.528959 1.528959 1.826479 1.965395 2.100819 2.130680 2.130680 2.136125 2.136125 2.087113 2.087113 2.029640 1.844072 1.844072 1.775968 1.775968 1.804970 1.804970 1.804970 1.844855 1.844855 1.881108 1.881108 1.910430 1.910430 1.941411 1.941411 1.965483 1.965483
1.768697 1.768697 1.823542 1.870140 1.886690 1.886690 1.900875 1.924732 1.924732 1.944802 1.944802 1.962460 1.970615 1.978212 1.942068 1.942068 1.679974 1.689439 1.697941 1.700612 1.697472 1.689074 1.676149 1.659711 1.641168 1.622508 1.606652 1.598153 1.605037 1.652852 1.652852 1.885482 2.002861 2.123966 2.148237 2.148237 2.150262 2.150262 2.121551 2.121551 2.095178 1.984985 1.984985 1.903449 1.903449 1.912541 1.912541 1.912541 1.946707 1.946707 1.979443 1.979443 2.006541 2.006541 2.032908 2.032908 2.054142 2.054142
1.769642 1.769642 1.825001 1.870174 1.886573 1.886573 1.900751 1.924689 1.924689 1.944807 1.944807 1.962470 1.970621 1.978256 1.957985 1.957985 1.711864 1.721547 1.734935 1.741807 1.742246 1.737245 1.727980 1.715917 1.702798 1.690663 1.681990 1.680029 1.689861 1.730733 1.730733 1.912758 2.010749 2.107849 2.123403 2.123403 2.124851 2.124851 2.121123 2.121123 2.117159 2.071286 2.071286 2.004157 2.004157 1.990853 1.990853 1.990853 2.017442 2.017442 2.046202 2.046202 2.071084 2.071084 2.093883 2.093883 2.112276 2.112276
1.770173 1.770173 1.825883 1.870209 1.886499 1.886499 1.900665 1.924658 1.924658 1.944810 1.944810 1.962478 1.970626 1.978294 1.968205 1.968205 1.756024 1.757675 1.774936 1.785391 1.788406 1.785247 1.777306 1.766356 1.754511 1.744148 1.737853 1.738410 1.748032 1.778480 1.778480 1.913545 1.990786 2.056304 2.065346 2.065346 2.078607 2.078607 2.104035 2.104035 2.116872 2.117199 2.117199 2.079952 2.079952 2.053602 2.053602 2.053602 2.070837 2.070837 2.094181 2.094181 2.115940 2.115940 2.135186 2.135186 2.150534 2.150534
1.770344 1.770344 1.826177 1.870224 1.886473 1.886473 1.900635 1.924647 1.924647 1.944810 1.944810 1.962480 1.970628 1.978324 1.974707 1.974707 1.812133 1.801129 1.819163 1.832115 1.837260 1.835322 1.827696 1.816334 1.803647 1.792358 1.785310 1.784861 1.789317 1.801548 1.801548 1.890888 1.940925 1.976477 1.987625 1.987625 2.026739 2.026739 2.080159 2.080159 2.105304 2.136396 2.136396 2.130491 2.130491 2.105699 2.105699 2.105699 2.114156 2.114156 2.130830 2.130830 2.148107 2.148107 2.163384 2.163384 2.175455 2.175455
1.770173 1.770173 1.825883 1.870209 1.886499 1.886499 1.900666 1.924658 1.924658 1.944810 1.944810 1.962477 1.970626 1.978344 1.978817 1.978817 1.872809 1.855078 1.869488 1.883310 1.889763 1.888449 1.880506 1.867884 1.853148 1.839296 1.829446 1.825294 1.818382 1.799524 1.799524 1.837664 1.857063 1.882001 1.905824 1.905824 1.977426 1.977426 2.053607 2.053607 2.087624 2.139083 2.139083 2.158877 2.158877 2.147383 2.147383 2.147383 2.150274 2.150274 2.160151 2.160151 2.171841 2.171841 2.182481 2.182481 2.190876 2.190876
1.769642 1.769642 1.825001 1.870174 1.886573 1.886573 1.900752 1.924690 1.924690 1.944807 1.944807 1.962470 1.970621 1.978358 1.981402 1.981402 1.933813 1.919218 1.928608 1.940689 1.946795 1.945088 1.936119 1.921595 1.904047 1.886616 1.872633 1.862260 1.833055 1.761724 1.761724 1.744014 1.742869 1.788875 1.830532 1.830532 1.932926 1.932926 2.026055 2.026055 2.066543 2.131830 2.131830 2.170440 2.170440 2.177695 2.177695 2.177695 2.179353 2.179353 2.183654 2.183654 2.189315 2.189315 2.194680 2.194680 2.198991 2.198991
1.768698 1.768698 1.823542 1.870140 1.886690 1.886690 1.900875 1.924732 1.924732 1.944802 1.944802 1.962460 1.970615 1.978368 1.983015 1.983015 1.994611 1.991614 1.997952 2.005986 2.009338 2.005542 1.994451 1.977292 1.956330 1.934649 1.915624 1.895254 1.819481 1.666466 1.666466 1.615791 1.620599 1.705416 1.759293 1.759293 1.891317 1.891317 1.997266 1.997266 2.042730 2.117893 2.117893 2.169816 2.169816 2.196084 2.196084 2.196084 2.200183 2.200183 2.200956 2.200956 2.200932 2.200932 2.200747 2.200747 2.200758 2.200758
