simulation_files/asc/Velocity__x_30.0.asc
NCOLS        79
NROWS        79
XLLCENTER         -1.500000
YLLCENTER         -4.800000
CELLSIZE           0.100
NODATA_VALUE     -9999.0
[rows 0 to 25 of 79, columns 0 to 57 of 79]
-9999.000 -9999.000 -9999.000 -9999.000 -9999.000 -9999.000 -9999.000 -9999.000 -9999.000 -9999.000 -9999.000 -9999.000 -9999.000 -9999.000 -9999.000 0.9025588E-03 0.2427739E-02 0.4382433E-02 0.6099045E-02 0.7488156E-02 0.8524133E-02 0.9191584E-02 0.9474867E-02 0.9354916E-02 0.8805985E-02 0.7789366E-02 0.6243568E-02 0.4067980E-02 0.1149252E-02 -0.3265912E-03 -0.3265912E-03 -9999.000 -9999.000 -9999.000 -9999.000 -9999.000 -9999.000 -9999.000 -9999.000 -9999.000 -9999.000 -9999.000 -9999.000 -9999.000 -9999.000 -9999.000 -9999.000 -9999.000 -9999.000 -9999.000 -9999.000 -9999.000 -9999.000 -9999.000 -9999.000 -9999.000 -9999.000 -9999.000
-9999.000 -9999.000 -9999.000 -9999.000 -9999.000 -9999.000 -9999.000 -9999.000 -9999.000 -9999.000 -9999.000 -9999.000 -9999.000 -9999.000 -9999.000 0.1749198E-02 0.4561600E-02 0.8172016E-02 0.1136685E-01 0.1398333E-01 0.1594970E-01 0.1721824E-01 0.1774981E-01 0.1750810E-01 0.1645693E-01 0.1455865E-01 0.1177505E-01 0.8074877E-02 0.3511507E-02 0.6457870E-03 0.6457870E-03 -9999.000 -9999.000 -9999.000 -9999.000 -9999.000 -9999.000 -9999.000 -9999.000 -9999.000 -9999.000 -9999.000 -9999.000 -9999.000 -9999.000 -9999.000 -9999.000 -9999.000 -9999.000 -9999.000 -9999.000 -9999.000 -9999.000 -9999.000 -9999.000 -9999.000 -9999.000 -9999.000
-9999.000 -9999.000 -9999.000 -9999.000 -9999.000 -9999.000 -9999.000 -9999.000 -9999.000 -9999.000 -9999.000 -9999.000 -9999.000 -9999.000 -9999.000 0.2544410E-02 0.6569485E-02 0.1175557E-01 0.1635722E-01 0.2014618E-01 0.2301075E-01 0.2487353E-01 0.2567303E-01 0.2535750E-01 0.2388313E-01 0.2121497E-01 0.1733035E-01 0.1223043E-01 0.6031423E-02 0.1735292E-02 0.1735292E-02 -9999.000 -9999.000 -9999.000 -9999.000 -9999.000 -9999.000 -9999.000 -9999.000 -9999.000 -9999.000 -9999.000 -9999.000 -9999.000 -9999.000 -9999.000 -9999.000 -9999.000 -9999.000 -9999.000 -9999.000 -9999.000 -9999.000 -9999.000 -9999.000 -9999.000 -9999.000 -9999.000
-9999.000 -9999.000 -9999.000 -9999.000 -9999.000 -9999.000 -9999.000 -9999.000 -9999.000 -9999.000 -9999.000 -9999.000 -9999.000 -9999.000 -9999.000 0.3352230E-02 0.8588718E-02 0.1533542E-01 0.2133517E-01 0.2629736E-01 0.3007307E-01 0.3255638E-01 0.3366292E-01 0.3332368E-01 0.3148341E-01 0.2810237E-01 0.2316095E-01 0.1667179E-01 0.8787197E-02 0.2957244E-02 0.2957244E-02 -9999.000 -9999.000 -9999.000 -9999.000 -9999.000 -9999.000 -9999.000 -9999.000 -9999.000 -9999.000 -9999.000 -9999.000 -9999.000 -9999.000 -9999.000 -9999.000 -9999.000 -9999.000 -9999.000 -9999.000 -9999.000 -9999.000 -9999.000 -9999.000 -9999.000 -9999.000 -9999.000
-9999.000 -9999.000 -9999.000 -9999.000 -9999.000 -9999.000 -9999.000 -9999.000 -9999.000 -9999.000 -9999.000 -9999.000 -9999.000 -9999.000 -9999.000 0.4233396E-02 0.1073427E-01 0.1907097E-01 0.2650092E-01 0.3267430E-01 0.3740618E-01 0.4056102E-01 0.4202906E-01 0.4171927E-01 0.3955828E-01 0.3549189E-01 0.2949060E-01 0.2156349E-01 0.1188298E-01 0.4355811E-02 0.4355811E-02 -9999.000 -9999.000 -9999.000 -9999.000 -9999.000 -9999.000 -9999.000 -9999.000 -9999.000 -9999.000 -9999.000 -9999.000 -9999.000 -9999.000 -9999.000 -9999.000 -9999.000 -9999.000 -9999.000 -9999.000 -9999.000 -9999.000 -9999.000 -9999.000 -9999.000 -9999.000 -9999.000
-9999.000 -9999.000 -9999.000 -9999.000 -9999.000 -9999.000 -9999.000 -9999.000 -9999.000 -9999.000 -9999.000 -9999.000 -9999.000 -9999.000 -9999.000 0.5244801E-02 0.1310634E-01 0.2308884E-01 0.3200553E-01 0.3945231E-01 0.4520841E-01 0.4910620E-01 0.5100585E-01 0.5078797E-01 0.4835157E-01 0.4361646E-01 0.3652860E-01 0.2707652E-01 0.1543526E-01 0.5985211E-02 0.5985211E-02 -9999.000 -9999.000 -9999.000 -9999.000 -9999.000 -9999.000 -9999.000 -9999.000 -9999.000 -9999.000 -9999.000 -9999.000 -9999.000 -9999.000 -9999.000 -9999.000 -9999.000 -9999.000 -9999.000 -9999.000 -9999.000 -9999.000 -9999.000 -9999.000 -9999.000 -9999.000 -9999.000
-9999.000 -9999.000 -9999.000 -9999.000 -9999.000 -9999.000 -9999.000 -9999.000 -9999.000 -9999.000 -9999.000 -9999.000 -9999.000 -9999.000 -9999.000 0.6445346E-02 0.1580304E-01 0.2750492E-01 0.3797978E-01 0.4677958E-01 0.5364700E-01 0.5837907E-01 0.6079997E-01 0.6075270E-01 0.5809745E-01 0.5271240E-01 0.4450035E-01 0.3340694E-01 0.1958413E-01 0.7913313E-02 0.7913313E-02 -9999.000 -9999.000 -9999.000 -9999.000 -9999.000 -9999.000 -9999.000 -9999.000 -9999.000 -9999.000 -9999.000 -9999.000 -9999.000 -9999.000 -9999.000 -9999.000 -9999.000 -9999.000 -9999.000 -9999.000 -9999.000 -9999.000 -9999.000 -9999.000 -9999.000 -9999.000 -9999.000
-9999.000 -9999.000 -9999.000 -9999.000 -9999.000 -9999.000 -9999.000 -9999.000 -9999.000 -9999.000 -9999.000 -9999.000 -9999.000 -9999.000 -9999.000 0.7900255E-02 0.1893183E-01 0.3244230E-01 0.4455940E-01 0.5480735E-01 0.6289315E-01 0.6857400E-01 0.7163030E-01 0.7185742E-01 0.6906123E-01 0.6305858E-01 0.5368321E-01 0.4080593E-01 0.2451638E-01 0.1023283E-01 0.1023283E-01 -9999.000 -9999.000 -9999.000 -9999.000 -9999.000 -9999.000 -9999.000 -9999.000 -9999.000 -9999.000 -9999.000 -9999.000 -9999.000 -9999.000 -9999.000 -9999.000 -9999.000 -9999.000 -9999.000 -9999.000 -9999.000 -9999.000 -9999.000 -9999.000 -9999.000 -9999.000 -9999.000
-9999.000 -9999.000 -9999.000 -9999.000 -9999.000 -9999.000 -9999.000 -9999.000 -9999.000 -9999.000 -9999.000 -9999.000 -9999.000 -9999.000 -9999.000 0.9680179E-02 0.2260962E-01 0.3803732E-01 0.5189551E-01 0.6370528E-01 0.7313991E-01 0.7991261E-01 0.8375224E-01 0.8439340E-01 0.8156943E-01 0.7500975E-01 0.6444290E-01 0.4961704E-01 0.3049790E-01 0.1307935E-01 0.1307935E-01 -9999.000 -9999.000 -9999.000 -9999.000 -9999.000 -9999.000 -9999.000 -9999.000 -9999.000 -9999.000 -9999.000 -9999.000 -9999.000 -9999.000 -9999.000 -9999.000 -9999.000 -9999.000 -9999.000 -9999.000 -9999.000 -9999.000 -9999.000 -9999.000 -9999.000 -9999.000 -9999.000
-9999.000 -9999.000 -9999.000 -9999.000 -9999.000 -9999.000 -9999.000 -9999.000 -9999.000 -9999.000 -9999.000 -9999.000 -9999.000 -9999.000 -9999.000 0.1185420E-01 0.2695352E-01 0.4443272E-01 0.6015139E-01 0.7366078E-01 0.8460532E-01 0.9265149E-01 0.9746870E-01 0.9871709E-01 0.9603560E-01 0.8903217E-01 0.7727950E-01 0.6033082E-01 0.3792667E-01 0.1666231E-01 0.1666231E-01 -9999.000 -9999.000 -9999.000 -9999.000 -9999.000 -9999.000 -9999.000 -9999.000 -9999.000 -9999.000 -9999.000 -9999.000 -9999.000 -9999.000 -9999.000 -9999.000 -9999.000 -9999.000 -9999.000 -9999.000 -9999.000 -9999.000 -9999.000 -9999.000 -9999.000 -9999.000 -9999.000
-9999.000 -9999.000 -9999.000 -9999.000 -9999.000 -9999.000 -9999.000 -9999.000 -9999.000 -9999.000 -9999.000 -9999.000 -9999.000 -9999.000 -9999.000 0.1447719E-01 0.3206158E-01 0.5176121E-01 0.6949093E-01 0.8487274E-01 0.9753115E-01 0.1070859 0.1131415 0.1152711 0.1129949 0.1057570 0.9290384E-01 0.7368164E-01 0.4743447E-01 0.2132607E-01 0.2132607E-01 -9999.000 -9999.000 -9999.000 -9999.000 -9999.000 -9999.000 -9999.000 -9999.000 -9999.000 -9999.000 -9999.000 -9999.000 -9999.000 -9999.000 -9999.000 -9999.000 -9999.000 -9999.000 -9999.000 -9999.000 -9999.000 -9999.000 -9999.000 -9999.000 -9999.000 -9999.000 -9999.000
-9999.000 -9999.000 -9999.000 -9999.000 -9999.000 -9999.000 -9999.000 -9999.000 -9999.000 -9999.000 -9999.000 -9999.000 -9999.000 -9999.000 -9999.000 0.1757217E-01 0.3798562E-01 0.6012174E-01 0.8006251E-01 0.9754329E-01 0.1121822 0.1235581 0.1312113 0.1346204 0.1331648 0.1260762 0.1123799 0.9084082E-01 0.6010238E-01 0.2768615E-01 0.2768615E-01 -9999.000 -9999.000 -9999.000 -9999.000 -9999.000 -9999.000 -9999.000 -9999.000 -9999.000 -9999.000 -9999.000 -9999.000 -9999.000 -9999.000 -9999.000 -9999.000 -9999.000 -9999.000 -9999.000 -9999.000 -9999.000 -9999.000 -9999.000 -9999.000 -9999.000 -9999.000 -9999.000
-9999.000 -9999.000 -9999.000 -9999.000 -9999.000 -9999.000 -9999.000 -9999.000 -9999.000 -9999.000 -9999.000 -9999.000 -9999.000 -9999.000 -9999.000 0.2110988E-01 0.4470037E-01 0.6955092E-01 0.9197816E-01 0.1118671 0.1288474 0.1424722 0.1522302 0.1575123 0.1575491 0.1513171 0.1374039 0.1138276 0.7797091E-01 0.3696609E-01 0.3696609E-01 -9999.000 -9999.000 -9999.000 -9999.000 -9999.000 -9999.000 -9999.000 -9999.000 -9999.000 -9999.000 -9999.000 -9999.000 -9999.000 -9999.000 -9999.000 -9999.000 -9999.000 -9999.000 -9999.000 -9999.000 -9999.000 -9999.000 -9999.000 -9999.000 -9999.000 -9999.000 -9999.000
-9999.000 -9999.000 -9999.000 -9999.000 -9999.000 -9999.000 -9999.000 -9999.000 -9999.000 -9999.000 -9999.000 -9999.000 -9999.000 -9999.000 -9999.000 0.2508301E-01 0.5220075E-01 0.8013771E-01 0.1054314 0.1281411 0.1479388 0.1643868 0.1769625 0.1850108 0.1876489 0.1836041 0.1709355 0.1465556 0.1055340 0.5209682E-01 0.5209682E-01 -9999.000 -9999.000 -9999.000 -9999.000 -9999.000 -9999.000 -9999.000 -9999.000 -9999.000 -9999.000 -9999.000 -9999.000 -9999.000 -9999.000 -9999.000 -9999.000 -9999.000 -9999.000 -9999.000 -9999.000 -9999.000 -9999.000 -9999.000 -9999.000 -9999.000 -9999.000 -9999.000
-9999.000 -9999.000 -9999.000 -9999.000 -9999.000 -9999.000 -9999.000 -9999.000 -9999.000 -9999.000 -9999.000 -9999.000 -9999.000 -9999.000 -9999.000 0.3726842E-01 0.6911142E-01 0.1006958 0.1284532 0.1531746 0.1749694 0.1936756 0.2089389 0.2201924 0.2265584 0.2266240 0.2179500 0.1959720 0.1514850 0.7530499E-01 0.7530499E-01 -9999.000 -9999.000 -9999.000 -9999.000 -9999.000 -9999.000 -9999.000 -9999.000 -9999.000 -9999.000 -9999.000 -9999.000 -9999.000 -9999.000 -9999.000 -9999.000 -9999.000 -9999.000 -9999.000 -9999.000 -9999.000 -9999.000 -9999.000 -9999.000 -9999.000 -9999.000 -9999.000
1.126871 1.126871 1.072884 1.037523 1.019583 1.019583 1.001200 0.9620060 0.9620060 0.9166777 0.9166777 0.8584964 0.8201442 0.7710098 0.7054678 0.7054678 0.5643020 0.5099620 0.4598777 0.4168316 0.3822922 0.3565923 0.3391454 0.3287959 0.3242585 0.3246582 0.3303359 0.3444631 0.3771712 0.4417619 0.4417619 1.166662 1.410506 1.573384 1.584215 1.584215 1.472970 1.472970 1.198415 1.198415 0.5904890 0.4568392 0.4568392 0.4756733 0.4756733 0.5379206 0.5379206 0.5379206 0.5954509 0.5954509 0.6456514 0.6456514 0.6888624 0.6888624 0.7251785 0.7251785 0.7703570 0.7703570
1.140482 1.140482 1.086709 1.061063 1.047678 1.047678 1.033583 1.001902 1.001902 0.9622633 0.9622633 0.9093157 0.8762411 0.8386316 0.7975769 0.7975769 0.7291034 0.6942217 0.6551052 0.6136711 0.5723240 0.5336509 0.5001007 0.4737621 0.4563569 0.4495675 0.4558688 0.4802852 0.5344382 0.6413493 0.6413493 1.138016 1.320207 1.449707 1.471040 1.471040 1.462645 1.462645 1.395741 1.395741 1.163758 0.8575847 0.8575847 0.8660336 0.8660336 0.9069650 0.9069650 0.9069650 0.9517352 0.9517352 0.9921457 0.9921457 1.029808 1.029808 1.043620 1.043620 1.093065 1.093065
1.145041 1.145041 1.087009 1.062030 1.049133 1.049133 1.035695 1.006178 1.006178 0.9709260 0.9709260 0.9270667 0.9014162 0.8736694 0.8449497 0.8449497 0.8031623 0.7831420 0.7591994 0.7313454 0.7004752 0.6682349 0.6368839 0.6091437 0.5880839 0.5771655 0.5806423 0.6047557 0.6608385 0.7726728 0.7726728 1.153710 1.315241 1.441430 1.469105 1.469105 1.479155 1.479155 1.439863 1.439863 1.354484 1.096182 1.096182 1.065169 1.065169 1.091763 1.091763 1.091763 1.131233 1.131233 1.164503 1.164503 1.195069 1.195069 1.217104 1.217104 1.249658 1.249658
1.149431 1.149431 1.087333 1.062962 1.050521 1.050521 1.037709 1.010245 1.010245 0.9789164 0.9789164 0.9422790 0.9219431 0.9007023 0.8793753 0.8793753 0.8518271 0.8400511 0.8258316 0.8085419 0.7882316 0.7656320 0.7421767 0.7200143 0.7020155 0.6918365 0.6941770 0.7155524 0.7664926 0.8683877 0.8683877 1.170652 1.318386 1.440999 1.468872 1.468872 1.478676 1.478676 1.451413 1.451413 1.417620 1.263867 1.263867 1.195383 1.195383 1.212847 1.212847 1.212847 1.244675 1.244675 1.272135 1.272135 1.297042 1.297042 1.315968 1.315968 1.340077 1.340077
1.153676 1.153676 1.087787 1.064162 1.052274 1.052274 1.040198 1.015038 1.015038 0.9877434 0.9877434 0.9577397 0.9418648 0.9257424 0.9098417 0.9098417 0.8919457 0.8849478 0.8764148 0.8658179 0.8530229 0.8383384 0.8226097 0.8073235 0.7947154 0.7879069 0.7911524 0.8104211 0.8550160 0.9434668 0.9434668 1.186243 1.320052 1.431780 1.454653 1.454653 1.458657 1.458657 1.445597 1.445597 1.436719 1.370735 1.370735 1.303583 1.303583 1.300691 1.300691 1.300691 1.325762 1.325762 1.349060 1.349060 1.370046 1.370046 1.386459 1.386459 1.404863 1.404863
1.157690 1.157690 1.088332 1.065564 1.054293 1.054293 1.043028 1.020326 1.020326 0.9971362 0.9971362 0.9735302 0.9617962 0.9503064 0.9391870 0.9391870 0.9295270 0.9256839 0.9204289 0.9136364 0.9053731 0.8959190 0.8858628 0.8762383 0.8686846 0.8656343 0.8705808 0.8885793 0.9275281 1.003365 1.003365 1.199386 1.317660 1.409379 1.423967 1.423967 1.426761 1.426761 1.434871 1.434871 1.442224 1.432141 1.432141 1.391859 1.391859 1.373687 1.373687 1.373687 1.390820 1.390820 1.409613 1.409613 1.427071 1.427071 1.441072 1.441072 1.455223 1.455223
1.161355 1.161355 1.088932 1.067088 1.056469 1.056469 1.046048 1.025853 1.025853 1.006745 1.006745 0.9894121 0.9817467 0.9748624 0.9685833 0.9685833 0.9673037 0.9658992 0.9625306 0.9575920 0.9515355 0.9448437 0.9380974 0.9321014 0.9280553 0.9277694 0.9339557 0.9507005 0.9845529 1.049183 1.049183 1.206769 1.307130 1.371178 1.378902 1.378902 1.392768 1.392768 1.425324 1.425324 1.444030 1.465984 1.465984 1.456547 1.456547 1.437027 1.437027 1.437027 1.446657 1.446657 1.460314 1.460314 1.474001 1.474001 1.485347 1.485347 1.495957 1.495957
1.164538 1.164538 1.089555 1.068659 1.058695 1.058695 1.049115 1.031383 1.031383 1.016245 1.016245 1.005074 1.001531 0.9995099 0.9986432 0.9986432 1.006979 1.007683 1.005303 1.000849 0.9952521 0.9893162 0.9837541 0.9792911 0.9768189 0.9776119 0.9836536 0.9981256 1.026396 1.079994 1.079994 1.202958 1.282091 1.318517 1.326567 1.326567 1.363967 1.363967 1.418262 1.418262 1.444662 1.484889 1.484889 1.499266 1.499266 1.490325 1.490325 1.490325 1.495476 1.495476 1.504277 1.504277 1.513926 1.513926 1.522230 1.522230 1.529542 1.529542
1.167090 1.167090 1.090172 1.070205 1.060873 1.060873 1.052098 1.036705 1.036705 1.025332 1.025332 1.020156 1.020827 1.024097 1.029693 1.029693 1.050065 1.052629 1.050464 1.045357 1.038807 1.031997 1.025835 1.021025 1.018185 1.018043 1.021825 1.031849 1.052574 1.094112 1.094112 1.180812 1.235432 1.258812 1.275823 1.275823 1.341999 1.341999 1.412497 1.412497 1.444064 1.495234 1.495234 1.525434 1.525434 1.532091 1.532091 1.532091 1.536925 1.536925 1.542430 1.542430 1.548296 1.548296 1.553303 1.553303 1.557334 1.557334
1.168860 1.168860 1.090760 1.071661 1.062914 1.062914 1.054881 1.041631 1.041631 1.033723 1.033723 1.034250 1.039167 1.048193 1.061731 1.061731 1.098276 1.102306 1.099431 1.092476 1.083633 1.074516 1.066238 1.059457 1.054415 1.051057 1.049571 1.051344 1.060395 1.086435 1.086435 1.139411 1.167303 1.202604 1.226852 1.226852 1.323168 1.323168 1.405687 1.405687 1.441107 1.499699 1.499699 1.540279 1.540279 1.562359 1.562359 1.562359 1.570236 1.570236 1.574690 1.574690 1.577691 1.577691 1.579498 1.579498 1.580255 1.580255
1.169701 1.169701 1.091304 1.072972 1.064741 1.064741 1.057362 1.046000 1.046000 1.041168 1.041168 1.046923 1.055958 1.071018 1.094142 1.094142 1.153811 1.158509 1.153585 1.143273 1.130630 1.117767 1.106003 1.095845 1.086837 1.077441 1.066049 1.053172 1.043820 1.048321 1.048321 1.069299 1.089571 1.155883 1.198822 1.198822 1.307648 1.307648 1.400213 1.400213 1.438447 1.501943 1.501943 1.549059 1.549059 1.583524 1.583524 1.583524 1.595886 1.595886 1.601148 1.601148 1.602496 1.602496 1.601569 1.601569 1.599217 1.599217
