simulation_files/asc/Velocity__x_274.0.asc
NCOLS        79
NROWS        79
XLLCENTER         -1.500000
YLLCENTER         -4.800000
CELLSIZE           0.100
NODATA_VALUE     -9999.0
[rows 0 to 25 of 79, columns 0 to 57 of 79]
-9999.000 -9999.000 -9999.000 -9999.000 -9999.000 -9999.000 -9999.000 -9999.000 -9999.000 -9999.000 -9999.000 -9999.000 -9999.000 -9999.000 -9999.000 -0.6315720E-03 0.4989174E-03 0.4064858E-02 0.8345461E-02 0.1232711E-01 0.1548661E-01 0.1767951E-01 0.1889706E-01 0.1922588E-01 0.1878176E-01 0.1764815E-01 0.1588169E-01 0.1337747E-01 0.9462539E-02 0.4645525E-02 0.4645525E-02 -9999.000 -9999.000 -9999.000 -9999.000 -9999.000 -9999.000 -9999.000 -9999.000 -9999.000 -9999.000 -9999.000 -9999.000 -9999.000 -9999.000 -9999.000 -9999.000 -9999.000 -9999.000 -9999.000 -9999.000 -9999.000 -9999.000 -9999.000 -9999.000 -9999.000 -9999.000 -9999.000
-9999.000 -9999.000 -9999.000 -9999.000 -9999.000 -9999.000 -9999.000 -9999.000 -9999.000 -9999.000 -9999.000 -9999.000 -9999.000 -9999.000 -9999.000 0.6024702E-03 0.2948018E-02 0.7607057E-02 0.1286596E-01 0.1773276E-01 0.2164812E-01 0.2440355E-01 0.2593368E-01 0.2628115E-01 0.2553317E-01 0.2376379E-01 0.2103668E-01 0.1728659E-01 0.1197062E-01 0.5857992E-02 0.5857992E-02 -9999.000 -9999.000 -9999.000 -9999.000 -9999.000 -9999.000 -9999.000 -9999.000 -9999.000 -9999.000 -9999.000 -9999.000 -9999.000 -9999.000 -9999.000 -9999.000 -9999.000 -9999.000 -9999.000 -9999.000 -9999.000 -9999.000 -9999.000 -9999.000 -9999.000 -9999.000 -9999.000
-9999.000 -9999.000 -9999.000 -9999.000 -9999.000 -9999.000 -9999.000 -9999.000 -9999.000 -9999.000 -9999.000 -9999.000 -9999.000 -9999.000 -9999.000 0.1115255E-02 0.4050103E-02 0.9376292E-02 0.1525606E-01 0.2065807E-01 0.2499572E-01 0.2804309E-01 0.2972198E-01 0.3006786E-01 0.2916634E-01 0.2709579E-01 0.2393078E-01 0.1961844E-01 0.1361128E-01 0.6698889E-02 0.6698889E-02 -9999.000 -9999.000 -9999.000 -9999.000 -9999.000 -9999.000 -9999.000 -9999.000 -9999.000 -9999.000 -9999.000 -9999.000 -9999.000 -9999.000 -9999.000 -9999.000 -9999.000 -9999.000 -9999.000 -9999.000 -9999.000 -9999.000 -9999.000 -9999.000 -9999.000 -9999.000 -9999.000
-9999.000 -9999.000 -9999.000 -9999.000 -9999.000 -9999.000 -9999.000 -9999.000 -9999.000 -9999.000 -9999.000 -9999.000 -9999.000 -9999.000 -9999.000 0.1401000E-02 0.4684164E-02 0.1042819E-01 0.1670920E-01 0.2246102E-01 0.2707685E-01 0.3032187E-01 0.3211138E-01 0.3247996E-01 0.3151464E-01 0.2929548E-01 0.2590197E-01 0.2128106E-01 0.1485646E-01 0.7367162E-02 0.7367162E-02 -9999.000 -9999.000 -9999.000 -9999.000 -9999.000 -9999.000 -9999.000 -9999.000 -9999.000 -9999.000 -9999.000 -9999.000 -9999.000 -9999.000 -9999.000 -9999.000 -9999.000 -9999.000 -9999.000 -9999.000 -9999.000 -9999.000 -9999.000 -9999.000 -9999.000 -9999.000 -9999.000
-9999.000 -9999.000 -9999.000 -9999.000 -9999.000 -9999.000 -9999.000 -9999.000 -9999.000 -9999.000 -9999.000 -9999.000 -9999.000 -9999.000 -9999.000 0.1605224E-02 0.5145602E-02 0.1120617E-01 0.1779555E-01 0.2381787E-01 0.2865108E-01 0.3205596E-01 0.3394419E-01 0.3435192E-01 0.3336753E-01 0.3107124E-01 0.2754489E-01 0.2272828E-01 0.1600246E-01 0.8005916E-02 0.8005916E-02 -9999.000 -9999.000 -9999.000 -9999.000 -9999.000 -9999.000 -9999.000 -9999.000 -9999.000 -9999.000 -9999.000 -9999.000 -9999.000 -9999.000 -9999.000 -9999.000 -9999.000 -9999.000 -9999.000 -9999.000 -9999.000 -9999.000 -9999.000 -9999.000 -9999.000 -9999.000 -9999.000
-9999.000 -9999.000 -9999.000 -9999.000 -9999.000 -9999.000 -9999.000 -9999.000 -9999.000 -9999.000 -9999.000 -9999.000 -9999.000 -9999.000 -9999.000 0.1791174E-02 0.5565302E-02 0.1191173E-01 0.1877811E-01 0.2504222E-01 0.3007068E-01 0.3362278E-01 0.3560887E-01 0.3606766E-01 0.3508911E-01 0.3275300E-01 0.2914137E-01 0.2418347E-01 0.1720379E-01 0.8693697E-02 0.8693697E-02 -9999.000 -9999.000 -9999.000 -9999.000 -9999.000 -9999.000 -9999.000 -9999.000 -9999.000 -9999.000 -9999.000 -9999.000 -9999.000 -9999.000 -9999.000 -9999.000 -9999.000 -9999.000 -9999.000 -9999.000 -9999.000 -9999.000 -9999.000 -9999.000 -9999.000 -9999.000 -9999.000
-9999.000 -9999.000 -9999.000 -9999.000 -9999.000 -9999.000 -9999.000 -9999.000 -9999.000 -9999.000 -9999.000 -9999.000 -9999.000 -9999.000 -9999.000 0.1988974E-02 0.6005500E-02 0.1263977E-01 0.1978116E-01 0.2628276E-01 0.3150314E-01 0.3520280E-01 0.3729191E-01 0.3781314E-01 0.3685878E-01 0.3450669E-01 0.3083927E-01 0.2577044E-01 0.1855537E-01 0.9483138E-02 0.9483138E-02 -9999.000 -9999.000 -9999.000 -9999.000 -9999.000 -9999.000 -9999.000 -9999.000 -9999.000 -9999.000 -9999.000 -9999.000 -9999.000 -9999.000 -9999.000 -9999.000 -9999.000 -9999.000 -9999.000 -9999.000 -9999.000 -9999.000 -9999.000 -9999.000 -9999.000 -9999.000 -9999.000
-9999.000 -9999.000 -9999.000 -9999.000 -9999.000 -9999.000 -9999.000 -9999.000 -9999.000 -9999.000 -9999.000 -9999.000 -9999.000 -9999.000 -9999.000 0.2214572E-02 0.6498810E-02 0.1344031E-01 0.2086982E-01 0.2761751E-01 0.3303665E-01 0.3689176E-01 0.3909373E-01 0.3969109E-01 0.3877866E-01 0.3643229E-01 0.3273338E-01 0.2757699E-01 0.2013287E-01 0.1041930E-01 0.1041930E-01 -9999.000 -9999.000 -9999.000 -9999.000 -9999.000 -9999.000 -9999.000 -9999.000 -9999.000 -9999.000 -9999.000 -9999.000 -9999.000 -9999.000 -9999.000 -9999.000 -9999.000 -9999.000 -9999.000 -9999.000 -9999.000 -9999.000 -9999.000 -9999.000 -9999.000 -9999.000 -9999.000
-9999.000 -9999.000 -9999.000 -9999.000 -9999.000 -9999.000 -9999.000 -9999.000 -9999.000 -9999.000 -9999.000 -9999.000 -9999.000 -9999.000 -9999.000 0.2478000E-02 0.7066636E-02 0.1434594E-01 0.2208609E-01 0.2909642E-01 0.3472780E-01 0.3875213E-01 0.4108213E-01 0.4177395E-01 0.4092540E-01 0.3860864E-01 0.3490479E-01 0.2968536E-01 0.2201603E-01 0.1155343E-01 0.1155343E-01 -9999.000 -9999.000 -9999.000 -9999.000 -9999.000 -9999.000 -9999.000 -9999.000 -9999.000 -9999.000 -9999.000 -9999.000 -9999.000 -9999.000 -9999.000 -9999.000 -9999.000 -9999.000 -9999.000 -9999.000 -9999.000 -9999.000 -9999.000 -9999.000 -9999.000 -9999.000 -9999.000
-9999.000 -9999.000 -9999.000 -9999.000 -9999.000 -9999.000 -9999.000 -9999.000 -9999.000 -9999.000 -9999.000 -9999.000 -9999.000 -9999.000 -9999.000 0.2788475E-02 0.7727138E-02 0.1538422E-01 0.2346607E-01 0.3076313E-01 0.3662691E-01 0.4084038E-01 0.4331936E-01 0.4412996E-01 0.4337287E-01 0.4111694E-01 0.3744232E-01 0.3219166E-01 0.2430530E-01 0.1295151E-01 0.1295151E-01 -9999.000 -9999.000 -9999.000 -9999.000 -9999.000 -9999.000 -9999.000 -9999.000 -9999.000 -9999.000 -9999.000 -9999.000 -9999.000 -9999.000 -9999.000 -9999.000 -9999.000 -9999.000 -9999.000 -9999.000 -9999.000 -9999.000 -9999.000 -9999.000 -9999.000 -9999.000 -9999.000
-9999.000 -9999.000 -9999.000 -9999.000 -9999.000 -9999.000 -9999.000 -9999.000 -9999.000 -9999.000 -9999.000 -9999.000 -9999.000 -9999.000 -9999.000 0.3155658E-02 0.8500837E-02 0.1658603E-01 0.2505023E-01 0.3266590E-01 0.3879013E-01 0.4322036E-01 0.4587738E-01 0.4683980E-01 0.4621230E-01 0.4405947E-01 0.4046118E-01 0.3522491E-01 0.2713848E-01 0.1470648E-01 0.1470648E-01 -9999.000 -9999.000 -9999.000 -9999.000 -9999.000 -9999.000 -9999.000 -9999.000 -9999.000 -9999.000 -9999.000 -9999.000 -9999.000 -9999.000 -9999.000 -9999.000 -9999.000 -9999.000 -9999.000 -9999.000 -9999.000 -9999.000 -9999.000 -9999.000 -9999.000 -9999.000 -9999.000
-9999.000 -9999.000 -9999.000 -9999.000 -9999.000 -9999.000 -9999.000 -9999.000 -9999.000 -9999.000 -9999.000 -9999.000 -9999.000 -9999.000 -9999.000 0.3591685E-02 0.9412490E-02 0.1799057E-01 0.2689002E-01 0.3486798E-01 0.4129143E-01 0.4597705E-01 0.4885250E-01 0.5001268E-01 0.4956761E-01 0.4757718E-01 0.4412206E-01 0.3896723E-01 0.3071465E-01 0.1695273E-01 0.1695273E-01 -9999.000 -9999.000 -9999.000 -9999.000 -9999.000 -9999.000 -9999.000 -9999.000 -9999.000 -9999.000 -9999.000 -9999.000 -9999.000 -9999.000 -9999.000 -9999.000 -9999.000 -9999.000 -9999.000 -9999.000 -9999.000 -9999.000 -9999.000 -9999.000 -9999.000 -9999.000 -9999.000
-9999.000 -9999.000 -9999.000 -9999.000 -9999.000 -9999.000 -9999.000 -9999.000 -9999.000 -9999.000 -9999.000 -9999.000 -9999.000 -9999.000 -9999.000 0.4117617E-02 0.1050788E-01 0.1966854E-01 0.2907473E-01 0.3747425E-01 0.4424937E-01 0.4924288E-01 0.5239205E-01 0.5381361E-01 0.5362444E-01 0.5188005E-01 0.4866463E-01 0.4369154E-01 0.3533592E-01 0.1989549E-01 0.1989549E-01 -9999.000 -9999.000 -9999.000 -9999.000 -9999.000 -9999.000 -9999.000 -9999.000 -9999.000 -9999.000 -9999.000 -9999.000 -9999.000 -9999.000 -9999.000 -9999.000 -9999.000 -9999.000 -9999.000 -9999.000 -9999.000 -9999.000 -9999.000 -9999.000 -9999.000 -9999.000 -9999.000
-9999.000 -9999.000 -9999.000 -9999.000 -9999.000 -9999.000 -9999.000 -9999.000 -9999.000 -9999.000 -9999.000 -9999.000 -9999.000 -9999.000 -9999.000 0.5420332E-02 0.1322582E-01 0.2376734E-01 0.3373003E-01 0.4239322E-01 0.4936218E-01 0.5450125E-01 0.5777943E-01 0.5935265E-01 0.5935035E-01 0.5782490E-01 0.5486453E-01 0.5011569E-01 0.4166841E-01 0.2396714E-01 0.2396714E-01 -9999.000 -9999.000 -9999.000 -9999.000 -9999.000 -9999.000 -9999.000 -9999.000 -9999.000 -9999.000 -9999.000 -9999.000 -9999.000 -9999.000 -9999.000 -9999.000 -9999.000 -9999.000 -9999.000 -9999.000 -9999.000 -9999.000 -9999.000 -9999.000 -9999.000 -9999.000 -9999.000
-9999.000 -9999.000 -9999.000 -9999.000 -9999.000 -9999.000 -9999.000 -9999.000 -9999.000 -9999.000 -9999.000 -9999.000 -9999.000 -9999.000 -9999.000 0.7585108E-01 0.1151841 0.1327811 0.1252086 0.1130216 0.1035484 0.9487441E-01 0.8694780E-01 0.7980542E-01 0.7318114E-01 0.6684762E-01 0.6057796E-01 0.5365766E-01 0.4370597E-01 0.2148205E-01 0.2148205E-01 -9999.000 -9999.000 -9999.000 -9999.000 -9999.000 -9999.000 -9999.000 -9999.000 -9999.000 -9999.000 -9999.000 -9999.000 -9999.000 -9999.000 -9999.000 -9999.000 -9999.000 -9999.000 -9999.000 -9999.000 -9999.000 -9999.000 -9999.000 -9999.000 -9999.000 -9999.000 -9999.000
2.805155 2.805155 2.812507 2.823580 2.843321 2.843321 2.846280 2.846349 2.846349 2.842852 2.842852 2.836927 2.833289 2.829304 2.825268 2.825268 2.953825 2.957572 2.958699 2.943041 2.903925 2.842801 2.758893 2.650434 2.522119 2.374464 2.211493 2.042657 1.892920 1.830791 1.830791 2.678885 2.855451 2.955842 2.980527 2.980527 3.012670 3.012670 2.992971 2.992971 2.947414 2.762034 2.762034 2.369194 2.369194 2.070882 2.070882 2.070882 2.058356 2.058356 2.091614 2.091614 2.139907 2.139907 2.189855 2.189855 2.234207 2.234207
2.827987 2.827987 2.843882 2.877336 2.904051 2.904051 2.918875 2.941605 2.941605 2.960302 2.960302 2.976354 2.983633 2.990511 2.997272 2.997272 3.093089 3.110691 3.125788 3.136266 3.140496 3.137568 3.125103 3.099743 3.059977 3.003236 2.928298 2.836366 2.734522 2.657672 2.657672 3.114881 3.275370 3.428382 3.469571 3.469571 3.516003 3.516003 3.516163 3.516163 3.493921 3.388590 3.388590 3.171219 3.171219 2.901300 2.901300 2.901300 2.886561 2.886561 2.921871 2.921871 2.973279 2.973279 3.025753 3.025753 3.073201 3.073201
2.832407 2.832407 2.846020 2.879095 2.903641 2.903641 2.919176 2.942857 2.942857 2.962219 2.962219 2.978974 2.986642 2.993934 3.001167 3.001167 3.087190 3.116562 3.142813 3.165035 3.182400 3.194740 3.201411 3.201006 3.192628 3.174548 3.145099 3.103716 3.053544 3.015147 3.015147 3.276963 3.433605 3.613534 3.665613 3.665613 3.718777 3.718777 3.708274 3.708274 3.678226 3.575885 3.575885 3.425017 3.425017 3.195515 3.195515 3.195515 3.164952 3.164952 3.188249 3.188249 3.231208 3.231208 3.277553 3.277553 3.320412 3.320412
2.834867 2.834867 2.844734 2.879622 2.902641 2.902641 2.918610 2.942833 2.942833 2.962286 2.962286 2.979049 2.986724 2.994029 3.001333 3.001333 3.081571 3.120898 3.157539 3.189696 3.216269 3.236931 3.251509 3.259602 3.261147 3.255738 3.242799 3.222169 3.195853 3.177047 3.177047 3.337034 3.476219 3.664656 3.722638 3.722638 3.773349 3.773349 3.741369 3.741369 3.701001 3.606721 3.606721 3.510465 3.510465 3.335994 3.335994 3.335994 3.292552 3.292552 3.301929 3.301929 3.336261 3.336261 3.377662 3.377662 3.417332 3.417332
2.835346 2.835346 2.847556 2.879432 2.901525 2.901525 2.917876 2.942682 2.942682 2.962278 2.962278 2.979069 2.986751 2.994062 3.001462 3.001462 3.080230 3.128147 3.174180 3.215460 3.250493 3.278674 3.299790 3.313693 3.320528 3.320445 3.313578 3.300371 3.282692 3.269749 3.269749 3.368194 3.483225 3.662399 3.716957 3.716957 3.744778 3.744778 3.684083 3.684083 3.641756 3.576714 3.576714 3.533239 3.533239 3.420837 3.420837 3.420837 3.372416 3.372416 3.367228 3.367228 3.390413 3.390413 3.425116 3.425116 3.460589 3.460589
2.831930 2.831930 2.852978 2.879600 2.901071 2.901071 2.917606 2.942708 2.942708 2.962314 2.962314 2.979068 2.986736 2.994035 3.001557 3.001557 3.084094 3.139844 3.194267 3.243663 3.286268 3.321295 3.348447 3.367617 3.378941 3.382678 3.379190 3.369131 3.354218 3.341100 3.341100 3.398037 3.485414 3.635283 3.672056 3.672056 3.652775 3.652775 3.576610 3.576610 3.548573 3.529756 3.529756 3.531672 3.531672 3.477644 3.477644 3.477644 3.434111 3.434111 3.417686 3.417686 3.428257 3.428257 3.453885 3.453885 3.483202 3.483202
2.831581 2.831581 2.855339 2.879509 2.900658 2.900658 2.917325 2.942677 2.942677 2.962329 2.962329 2.979074 2.986737 2.994032 3.001737 3.001737 3.094139 3.157565 3.219494 3.275881 3.324913 3.365777 3.398168 3.422004 3.437391 3.444564 3.443884 3.435967 3.422217 3.407295 3.407295 3.435003 3.493157 3.587297 3.586212 3.586212 3.510443 3.510443 3.455792 3.455792 3.454951 3.483592 3.483592 3.519367 3.519367 3.514158 3.514158 3.514158 3.483574 3.483574 3.462202 3.462202 3.461145 3.461145 3.476048 3.476048 3.497157 3.497157
2.831480 2.831480 2.856082 2.879482 2.900522 2.900522 2.917230 2.942667 2.942667 2.962334 2.962334 2.979079 2.986740 2.994035 3.002004 3.002004 3.111414 3.182772 3.251450 3.313632 3.367738 3.413129 3.449609 3.477178 3.495946 3.506115 3.507980 3.502020 3.489241 3.472545 3.472545 3.478885 3.505604 3.503550 3.446109 3.446109 3.344949 3.344949 3.349047 3.349047 3.376314 3.441587 3.441587 3.500677 3.500677 3.533959 3.533959 3.533959 3.520717 3.520717 3.501246 3.501246 3.491829 3.491829 3.495707 3.495707 3.506965 3.506965
2.831580 2.831580 2.855338 2.879509 2.900658 2.900658 2.917326 2.942677 2.942677 2.962329 2.962329 2.979075 2.986738 2.994033 3.002370 3.002370 3.137395 3.217151 3.291831 3.358469 3.416066 3.464377 3.503460 3.533475 3.554603 3.567037 3.571002 3.566821 3.555049 3.536634 3.536634 3.524772 3.511441 3.357543 3.251233 3.251233 3.195459 3.195459 3.268753 3.268753 3.315541 3.403896 3.403896 3.478519 3.478519 3.540956 3.540956 3.540956 3.545735 3.545735 3.533432 3.533432 3.520179 3.520179 3.514187 3.514187 3.514673 3.514673
2.831930 2.831930 2.852979 2.879600 2.901072 2.901072 2.917606 2.942708 2.942708 2.962314 2.962314 2.979067 2.986735 2.994035 3.002885 3.002885 3.174299 3.262844 3.342560 3.412019 3.471202 3.520491 3.560354 3.591193 3.613319 3.626960 3.632294 3.629486 3.618469 3.596895 3.596895 3.561263 3.481313 3.139662 3.039320 3.039320 3.086597 3.086597 3.207123 3.207123 3.264557 3.366598 3.366598 3.452086 3.452086 3.536407 3.536407 3.536407 3.557533 3.557533 3.555246 3.555246 3.542296 3.542296 3.528805 3.528805 3.518667 3.518667
2.835347 2.835347 2.847555 2.879432 2.901526 2.901526 2.917876 2.942682 2.942682 2.962278 2.962278 2.979069 2.986752 2.994063 3.003625 3.003625 3.225463 3.322653 3.405807 3.475870 3.534231 3.582145 3.620609 3.650337 3.671814 3.685327 3.691030 3.688897 3.677532 3.646033 3.646033 3.559001 3.358641 2.894716 2.871360 2.871360 3.011184 3.011184 3.153531 3.153531 3.216277 3.326817 3.326817 3.420238 3.420238 3.520653 3.520653 3.520653 3.555233 3.555233 3.563431 3.563431 3.553617 3.553617 3.535370 3.535370 3.515683 3.515683
