simulation_files/asc/Velocity__x_53.0.asc
NCOLS        79
NROWS        79
XLLCENTER         -1.500000
YLLCENTER         -4.800000
CELLSIZE           0.100
NODATA_VALUE     -9999.0
[rows 0 to 25 of 79, columns 0 to 57 of 79]
-9999.000 -9999.000 -9999.000 -9999.000 -9999.000 -9999.000 -9999.000 -9999.000 -9999.000 -9999.000 -9999.000 -9999.000 -9999.000 -9999.000 -9999.000 0.4440282E-03 0.1771700E-02 0.3869327E-02 0.5756690E-02 0.7381361E-02 0.8741612E-02 0.9823320E-02 0.1059210E-01 0.1099066E-01 0.1093458E-01 0.1030238E-01 0.8918905E-02 0.6529537E-02 0.2845143E-02 0.4167972E-03 0.4167972E-03 -9999.000 -9999.000 -9999.000 -9999.000 -9999.000 -9999.000 -9999.000 -9999.000 -9999.000 -9999.000 -9999.000 -9999.000 -9999.000 -9999.000 -9999.000 -9999.000 -9999.000 -9999.000 -9999.000 -9999.000 -9999.000 -9999.000 -9999.000 -9999.000 -9999.000 -9999.000 -9999.000
-9999.000 -9999.000 -9999.000 -9999.000 -9999.000 -9999.000 -9999.000 -9999.000 -9999.000 -9999.000 -9999.000 -9999.000 -9999.000 -9999.000 -9999.000 0.1320657E-02 0.3841791E-02 0.7409751E-02 0.1071003E-01 0.1360851E-01 0.1604117E-01 0.1794127E-01 0.1922444E-01 0.1978341E-01 0.1948561E-01 0.1817039E-01 0.1564796E-01 0.1170210E-01 0.6187567E-02 0.1975009E-02 0.1975009E-02 -9999.000 -9999.000 -9999.000 -9999.000 -9999.000 -9999.000 -9999.000 -9999.000 -9999.000 -9999.000 -9999.000 -9999.000 -9999.000 -9999.000 -9999.000 -9999.000 -9999.000 -9999.000 -9999.000 -9999.000 -9999.000 -9999.000 -9999.000 -9999.000 -9999.000 -9999.000 -9999.000
-9999.000 -9999.000 -9999.000 -9999.000 -9999.000 -9999.000 -9999.000 -9999.000 -9999.000 -9999.000 -9999.000 -9999.000 -9999.000 -9999.000 -9999.000 0.2144397E-02 0.5764404E-02 0.1067862E-01 0.1523399E-01 0.1924725E-01 0.2261282E-01 0.2522324E-01 0.2695405E-01 0.2765945E-01 0.2717167E-01 0.2530168E-01 0.2184059E-01 0.1656573E-01 0.9346320E-02 0.3448960E-02 0.3448960E-02 -9999.000 -9999.000 -9999.000 -9999.000 -9999.000 -9999.000 -9999.000 -9999.000 -9999.000 -9999.000 -9999.000 -9999.000 -9999.000 -9999.000 -9999.000 -9999.000 -9999.000 -9999.000 -9999.000 -9999.000 -9999.000 -9999.000 -9999.000 -9999.000 -9999.000 -9999.000 -9999.000
-9999.000 -9999.000 -9999.000 -9999.000 -9999.000 -9999.000 -9999.000 -9999.000 -9999.000 -9999.000 -9999.000 -9999.000 -9999.000 -9999.000 -9999.000 0.2946172E-02 0.7606018E-02 0.1377084E-01 0.1948665E-01 0.2453097E-01 0.2876512E-01 0.3204809E-01 0.3422065E-01 0.3510201E-01 0.3448954E-01 0.3216052E-01 0.2787413E-01 0.2137744E-01 0.1252027E-01 0.4943979E-02 0.4943979E-02 -9999.000 -9999.000 -9999.000 -9999.000 -9999.000 -9999.000 -9999.000 -9999.000 -9999.000 -9999.000 -9999.000 -9999.000 -9999.000 -9999.000 -9999.000 -9999.000 -9999.000 -9999.000 -9999.000 -9999.000 -9999.000 -9999.000 -9999.000 -9999.000 -9999.000 -9999.000 -9999.000
-9999.000 -9999.000 -9999.000 -9999.000 -9999.000 -9999.000 -9999.000 -9999.000 -9999.000 -9999.000 -9999.000 -9999.000 -9999.000 -9999.000 -9999.000 0.3764011E-02 0.9443900E-02 0.1680221E-01 0.2362769E-01 0.2966681E-01 0.3475282E-01 0.3871426E-01 0.4135866E-01 0.4246853E-01 0.4180168E-01 0.3909243E-01 0.3405301E-01 0.2637911E-01 0.1587320E-01 0.6539256E-02 0.6539256E-02 -9999.000 -9999.000 -9999.000 -9999.000 -9999.000 -9999.000 -9999.000 -9999.000 -9999.000 -9999.000 -9999.000 -9999.000 -9999.000 -9999.000 -9999.000 -9999.000 -9999.000 -9999.000 -9999.000 -9999.000 -9999.000 -9999.000 -9999.000 -9999.000 -9999.000 -9999.000 -9999.000
-9999.000 -9999.000 -9999.000 -9999.000 -9999.000 -9999.000 -9999.000 -9999.000 -9999.000 -9999.000 -9999.000 -9999.000 -9999.000 -9999.000 -9999.000 0.4638306E-02 0.1135764E-01 0.1988899E-01 0.2780866E-01 0.3484192E-01 0.4079761E-01 0.4547514E-01 0.4864732E-01 0.5005606E-01 0.4941180E-01 0.4639370E-01 0.4064934E-01 0.3179890E-01 0.1956473E-01 0.8313013E-02 0.8313013E-02 -9999.000 -9999.000 -9999.000 -9999.000 -9999.000 -9999.000 -9999.000 -9999.000 -9999.000 -9999.000 -9999.000 -9999.000 -9999.000 -9999.000 -9999.000 -9999.000 -9999.000 -9999.000 -9999.000 -9999.000 -9999.000 -9999.000 -9999.000 -9999.000 -9999.000 -9999.000 -9999.000
-9999.000 -9999.000 -9999.000 -9999.000 -9999.000 -9999.000 -9999.000 -9999.000 -9999.000 -9999.000 -9999.000 -9999.000 -9999.000 -9999.000 -9999.000 0.5609566E-02 0.1342446E-01 0.2314043E-01 0.3216901E-01 0.4022560E-01 0.4709797E-01 0.5255648E-01 0.5633655E-01 0.5813370E-01 0.5760139E-01 0.5434825E-01 0.4793562E-01 0.3787742E-01 0.2377197E-01 0.1035431E-01 0.1035431E-01 -9999.000 -9999.000 -9999.000 -9999.000 -9999.000 -9999.000 -9999.000 -9999.000 -9999.000 -9999.000 -9999.000 -9999.000 -9999.000 -9999.000 -9999.000 -9999.000 -9999.000 -9999.000 -9999.000 -9999.000 -9999.000 -9999.000 -9999.000 -9999.000 -9999.000 -9999.000 -9999.000
-9999.000 -9999.000 -9999.000 -9999.000 -9999.000 -9999.000 -9999.000 -9999.000 -9999.000 -9999.000 -9999.000 -9999.000 -9999.000 -9999.000 -9999.000 0.6715988E-02 0.1571708E-01 0.2665872E-01 0.3683824E-01 0.4597532E-01 0.5383952E-01 0.6017188E-01 0.6466742E-01 0.6696829E-01 0.6665894E-01 0.6325909E-01 0.5621593E-01 0.4489677E-01 0.2871488E-01 0.1277850E-01 0.1277850E-01 -9999.000 -9999.000 -9999.000 -9999.000 -9999.000 -9999.000 -9999.000 -9999.000 -9999.000 -9999.000 -9999.000 -9999.000 -9999.000 -9999.000 -9999.000 -9999.000 -9999.000 -9999.000 -9999.000 -9999.000 -9999.000 -9999.000 -9999.000 -9999.000 -9999.000 -9999.000 -9999.000
-9999.000 -9999.000 -9999.000 -9999.000 -9999.000 -9999.000 -9999.000 -9999.000 -9999.000 -9999.000 -9999.000 -9999.000 -9999.000 -9999.000 -9999.000 0.7993354E-02 0.1830389E-01 0.3054152E-01 0.4194209E-01 0.5224557E-01 0.6120797E-01 0.6854068E-01 0.7389448E-01 0.7685070E-01 0.7691102E-01 0.7348379E-01 0.6586602E-01 0.5322288E-01 0.3469450E-01 0.1574830E-01 0.1574830E-01 -9999.000 -9999.000 -9999.000 -9999.000 -9999.000 -9999.000 -9999.000 -9999.000 -9999.000 -9999.000 -9999.000 -9999.000 -9999.000 -9999.000 -9999.000 -9999.000 -9999.000 -9999.000 -9999.000 -9999.000 -9999.000 -9999.000 -9999.000 -9999.000 -9999.000 -9999.000 -9999.000
-9999.000 -9999.000 -9999.000 -9999.000 -9999.000 -9999.000 -9999.000 -9999.000 -9999.000 -9999.000 -9999.000 -9999.000 -9999.000 -9999.000 -9999.000 0.9474183E-02 0.2124962E-01 0.3488618E-01 0.4760997E-01 0.5920089E-01 0.6940635E-01 0.7790898E-01 0.8431232E-01 0.8812866E-01 0.8876195E-01 0.8548191E-01 0.7738915E-01 0.6336924E-01 0.4215699E-01 0.1951363E-01 0.1951363E-01 -9999.000 -9999.000 -9999.000 -9999.000 -9999.000 -9999.000 -9999.000 -9999.000 -9999.000 -9999.000 -9999.000 -9999.000 -9999.000 -9999.000 -9999.000 -9999.000 -9999.000 -9999.000 -9999.000 -9999.000 -9999.000 -9999.000 -9999.000 -9999.000 -9999.000 -9999.000 -9999.000
-9999.000 -9999.000 -9999.000 -9999.000 -9999.000 -9999.000 -9999.000 -9999.000 -9999.000 -9999.000 -9999.000 -9999.000 -9999.000 -9999.000 -9999.000 0.1118709E-01 0.2461569E-01 0.3979371E-01 0.5398462E-01 0.6702939E-01 0.7867444E-01 0.8857610E-01 0.9628913E-01 0.1012503 0.1027498 0.9988736E-01 0.9150764E-01 0.7610733E-01 0.5181067E-01 0.2448498E-01 0.2448498E-01 -9999.000 -9999.000 -9999.000 -9999.000 -9999.000 -9999.000 -9999.000 -9999.000 -9999.000 -9999.000 -9999.000 -9999.000 -9999.000 -9999.000 -9999.000 -9999.000 -9999.000 -9999.000 -9999.000 -9999.000 -9999.000 -9999.000 -9999.000 -9999.000 -9999.000 -9999.000 -9999.000
-9999.000 -9999.000 -9999.000 -9999.000 -9999.000 -9999.000 -9999.000 -9999.000 -9999.000 -9999.000 -9999.000 -9999.000 -9999.000 -9999.000 -9999.000 0.1315592E-01 0.2846140E-01 0.4537575E-01 0.6123472E-01 0.7596318E-01 0.8931690E-01 0.1009319 0.1103169 0.1168299 0.1196345 0.1176270 0.1093216 0.9267193E-01 0.6486543E-01 0.3139193E-01 0.3139193E-01 -9999.000 -9999.000 -9999.000 -9999.000 -9999.000 -9999.000 -9999.000 -9999.000 -9999.000 -9999.000 -9999.000 -9999.000 -9999.000 -9999.000 -9999.000 -9999.000 -9999.000 -9999.000 -9999.000 -9999.000 -9999.000 -9999.000 -9999.000 -9999.000 -9999.000 -9999.000 -9999.000
-9999.000 -9999.000 -9999.000 -9999.000 -9999.000 -9999.000 -9999.000 -9999.000 -9999.000 -9999.000 -9999.000 -9999.000 -9999.000 -9999.000 -9999.000 0.1540211E-01 0.3285041E-01 0.5176898E-01 0.6958069E-01 0.8631540E-01 0.1017535 0.1155234 0.1270983 0.1357648 0.1405573 0.1401421 0.1326215 0.1151938 0.8357895E-01 0.4165759E-01 0.4165759E-01 -9999.000 -9999.000 -9999.000 -9999.000 -9999.000 -9999.000 -9999.000 -9999.000 -9999.000 -9999.000 -9999.000 -9999.000 -9999.000 -9999.000 -9999.000 -9999.000 -9999.000 -9999.000 -9999.000 -9999.000 -9999.000 -9999.000 -9999.000 -9999.000 -9999.000 -9999.000 -9999.000
-9999.000 -9999.000 -9999.000 -9999.000 -9999.000 -9999.000 -9999.000 -9999.000 -9999.000 -9999.000 -9999.000 -9999.000 -9999.000 -9999.000 -9999.000 0.1806572E-01 0.3805074E-01 0.5940298E-01 0.7960018E-01 0.9880301E-01 0.1168450 0.1333787 0.1478767 0.1595906 0.1674600 0.1699370 0.1646613 0.1478272 0.1128331 0.5859210E-01 0.5859210E-01 -9999.000 -9999.000 -9999.000 -9999.000 -9999.000 -9999.000 -9999.000 -9999.000 -9999.000 -9999.000 -9999.000 -9999.000 -9999.000 -9999.000 -9999.000 -9999.000 -9999.000 -9999.000 -9999.000 -9999.000 -9999.000 -9999.000 -9999.000 -9999.000 -9999.000 -9999.000 -9999.000
-9999.000 -9999.000 -9999.000 -9999.000 -9999.000 -9999.000 -9999.000 -9999.000 -9999.000 -9999.000 -9999.000 -9999.000 -9999.000 -9999.000 -9999.000 0.3233903E-01 0.5819879E-01 0.8428290E-01 0.1074448 0.1286343 0.1482256 0.1662702 0.1825447 0.1965207 0.2072555 0.2131499 0.2114443 0.1970946 0.1598618 0.8229401E-01 0.8229401E-01 -9999.000 -9999.000 -9999.000 -9999.000 -9999.000 -9999.000 -9999.000 -9999.000 -9999.000 -9999.000 -9999.000 -9999.000 -9999.000 -9999.000 -9999.000 -9999.000 -9999.000 -9999.000 -9999.000 -9999.000 -9999.000 -9999.000 -9999.000 -9999.000 -9999.000 -9999.000 -9999.000
1.497850 1.497850 1.553971 1.583467 1.590511 1.590511 1.563597 1.354632 1.354632 1.297185 1.297185 1.235548 1.197906 1.150948 1.087866 1.087866 0.9408243 0.8758625 0.8060054 0.7341236 0.6633223 0.5968188 0.5376105 0.4881732 0.4503380 0.4254953 0.4153625 0.4239174 0.4625723 0.5465388 0.5465388 1.398566 1.661709 1.795756 1.772904 1.772904 1.637597 1.637597 1.439179 1.439179 1.193972 0.8565577 0.8565577 0.8437014 0.8437014 0.8751875 0.8751875 0.8751875 0.9274594 0.9274594 0.9694498 0.9694498 1.004240 1.004240 1.049045 1.049045 1.076956 1.076956
1.511541 1.511541 1.572849 1.615804 1.629959 1.629959 1.614215 1.416568 1.416568 1.372057 1.372057 1.321398 1.290010 1.253118 1.211392 1.211392 1.149704 1.118885 1.079955 1.033006 0.9789718 0.9196391 0.8576488 0.7964998 0.7405449 0.6950450 0.6665174 0.6640145 0.7031561 0.8132691 0.8132691 1.364866 1.555214 1.680552 1.697388 1.697388 1.682119 1.682119 1.603719 1.603719 1.496753 1.137144 1.137144 1.122689 1.122689 1.160733 1.160733 1.160733 1.217108 1.217108 1.262280 1.262280 1.286139 1.286139 1.340809 1.340809 1.374282 1.374282
1.515002 1.515002 1.573943 1.616313 1.630454 1.630454 1.617303 1.417661 1.417661 1.376824 1.376824 1.332280 1.306611 1.278443 1.248970 1.248970 1.215585 1.201758 1.182922 1.158042 1.126766 1.089438 1.047177 1.002022 0.9571336 0.9171028 0.8884952 0.8810221 0.9106161 1.008677 1.008677 1.412213 1.580112 1.715012 1.744800 1.744800 1.753193 1.753193 1.704139 1.704139 1.645986 1.384042 1.384042 1.308404 1.308404 1.328306 1.328306 1.328306 1.385502 1.385502 1.425623 1.425623 1.456181 1.456181 1.496211 1.496211 1.525178 1.525178
1.517759 1.517759 1.574730 1.616544 1.630544 1.630544 1.619432 1.418067 1.418067 1.379990 1.379990 1.340567 1.319255 1.297048 1.274932 1.274932 1.255424 1.248930 1.239407 1.226022 1.208356 1.186368 1.160493 1.131821 1.102338 1.075281 1.055694 1.051531 1.076248 1.157986 1.157986 1.464029 1.612248 1.743502 1.773389 1.773389 1.784696 1.784696 1.753734 1.753734 1.724812 1.571431 1.571431 1.458950 1.458950 1.466832 1.466832 1.466832 1.511265 1.511265 1.547028 1.547028 1.574902 1.574902 1.607026 1.607026 1.632421 1.632421
1.519846 1.519846 1.575355 1.616751 1.630624 1.630624 1.621182 1.419011 1.419011 1.383714 1.383714 1.349469 1.332229 1.315225 1.299119 1.299119 1.290530 1.288232 1.283236 1.275293 1.264449 1.250919 1.235117 1.217786 1.200229 1.184627 1.174542 1.175893 1.199211 1.268841 1.268841 1.507742 1.635598 1.752991 1.777127 1.777127 1.784295 1.784295 1.770466 1.770466 1.761576 1.693851 1.693851 1.593205 1.593205 1.571777 1.571777 1.571777 1.604914 1.604914 1.636583 1.636583 1.662283 1.662283 1.689023 1.689023 1.711353 1.711353
1.521302 1.521302 1.575814 1.616914 1.630692 1.630692 1.622577 1.420349 1.420349 1.387844 1.387844 1.358737 1.345412 1.333345 1.322981 1.322981 1.325833 1.327110 1.324923 1.319599 1.311750 1.302076 1.291306 1.280251 1.269953 1.261928 1.258557 1.263950 1.286051 1.344942 1.344942 1.539777 1.645501 1.740076 1.755949 1.755949 1.762876 1.762876 1.770558 1.770558 1.776906 1.764999 1.764999 1.703184 1.703184 1.659854 1.659854 1.659854 1.679828 1.679828 1.705766 1.705766 1.728758 1.728758 1.751474 1.751474 1.770695 1.770695
1.522160 1.522160 1.576097 1.617017 1.630739 1.630739 1.623638 1.421937 1.421937 1.392158 1.392158 1.368000 1.358422 1.351164 1.346696 1.346696 1.362932 1.367978 1.368091 1.364137 1.357279 1.348724 1.339629 1.331065 1.324083 1.319833 1.319721 1.326206 1.345314 1.394262 1.394262 1.553253 1.636661 1.702222 1.712427 1.712427 1.730802 1.730802 1.762924 1.762924 1.781010 1.802676 1.802676 1.781816 1.781816 1.736225 1.736225 1.736225 1.743249 1.743249 1.761544 1.761544 1.780571 1.780571 1.799331 1.799331 1.815144 1.815144
1.522443 1.522443 1.576193 1.617053 1.630763 1.630763 1.624392 1.423686 1.423686 1.396485 1.396485 1.376956 1.370906 1.368333 1.370096 1.370096 1.402804 1.412038 1.414330 1.411122 1.404122 1.395029 1.385452 1.376794 1.370248 1.366759 1.366724 1.370605 1.383276 1.419740 1.419740 1.545299 1.603742 1.641815 1.654794 1.654794 1.696637 1.696637 1.751550 1.751550 1.778352 1.820343 1.820343 1.830610 1.830610 1.800086 1.800086 1.800086 1.798340 1.798340 1.808397 1.808397 1.822127 1.822127 1.836302 1.836302 1.848377 1.848377
1.522159 1.522159 1.576097 1.617018 1.630761 1.630761 1.624852 1.425487 1.425487 1.400627 1.400627 1.385312 1.382518 1.384435 1.392736 1.392736 1.446410 1.460250 1.464682 1.461790 1.453847 1.443043 1.431475 1.420919 1.412783 1.407902 1.405203 1.401619 1.402273 1.421372 1.421372 1.510500 1.542132 1.568017 1.594258 1.594258 1.664491 1.664491 1.737580 1.737580 1.770765 1.825810 1.825810 1.856780 1.856780 1.849184 1.849184 1.849184 1.845096 1.845096 1.848428 1.848428 1.856107 1.856107 1.865037 1.865037 1.872849 1.872849
1.521299 1.521299 1.575815 1.616916 1.630734 1.630734 1.625041 1.427317 1.427317 1.404502 1.404502 1.392900 1.393023 1.399095 1.413902 1.413902 1.494876 1.513627 1.520070 1.517033 1.507466 1.493941 1.479102 1.465215 1.453969 1.446248 1.438328 1.419384 1.399248 1.397604 1.397604 1.445260 1.454683 1.489519 1.536971 1.536971 1.634005 1.634005 1.720898 1.720898 1.759018 1.823305 1.823305 1.867780 1.867780 1.883106 1.883106 1.883106 1.882355 1.882355 1.882014 1.882014 1.883975 1.883975 1.887227 1.887227 1.890224 1.890224
1.519842 1.519842 1.575356 1.616754 1.630686 1.630686 1.624993 1.429159 1.429159 1.408004 1.408004 1.399561 1.402224 1.411996 1.432554 1.432554 1.551076 1.573538 1.581023 1.577173 1.565191 1.548111 1.529003 1.510568 1.494920 1.483267 1.467005 1.417476 1.364986 1.337411 1.337411 1.346536 1.356148 1.429526 1.481802 1.481802 1.606539 1.606539 1.703908 1.703908 1.745828 1.816715 1.816715 1.869953 1.869953 1.904151 1.904151 1.904151 1.909838 1.909838 1.909025 1.909025 1.906661 1.906661 1.904316 1.904316 1.902161 1.902161
