simulation_files/asc/Velocity__x_310.0.asc
NCOLS        79
NROWS        79
XLLCENTER         -1.500000
YLLCENTER         -4.800000
CELLSIZE           0.100
NODATA_VALUE     -9999.0
[rows 0 to 25 of 79, columns 0 to 57 of 79]
-9999.000 -9999.000 -9999.000 -9999.000 -9999.000 -9999.000 -9999.000 -9999.000 -9999.000 -9999.000 -9999.000 -9999.000 -9999.000 -9999.000 -9999.000 0.8778413E-04 0.1735915E-02 0.5310363E-02 0.9097517E-02 0.1239451E-01 0.1496900E-01 0.1674510E-01 0.1772899E-01 0.1798585E-01 0.1758472E-01 0.1659255E-01 0.1504387E-01 0.1279337E-01 0.9111246E-02 0.4479782E-02 0.4479782E-02 -9999.000 -9999.000 -9999.000 -9999.000 -9999.000 -9999.000 -9999.000 -9999.000 -9999.000 -9999.000 -9999.000 -9999.000 -9999.000 -9999.000 -9999.000 -9999.000 -9999.000 -9999.000 -9999.000 -9999.000 -9999.000 -9999.000 -9999.000 -9999.000 -9999.000 -9999.000 -9999.000
-9999.000 -9999.000 -9999.000 -9999.000 -9999.000 -9999.000 -9999.000 -9999.000 -9999.000 -9999.000 -9999.000 -9999.000 -9999.000 -9999.000 -9999.000 0.1294741E-02 0.4148143E-02 0.8850819E-02 0.1367249E-01 0.1790225E-01 0.2125164E-01 0.2358754E-01 0.2486937E-01 0.2512602E-01 0.2440530E-01 0.2276568E-01 0.2024734E-01 0.1674328E-01 0.1165279E-01 0.5712106E-02 0.5712106E-02 -9999.000 -9999.000 -9999.000 -9999.000 -9999.000 -9999.000 -9999.000 -9999.000 -9999.000 -9999.000 -9999.000 -9999.000 -9999.000 -9999.000 -9999.000 -9999.000 -9999.000 -9999.000 -9999.000 -9999.000 -9999.000 -9999.000 -9999.000 -9999.000 -9999.000 -9999.000 -9999.000
-9999.000 -9999.000 -9999.000 -9999.000 -9999.000 -9999.000 -9999.000 -9999.000 -9999.000 -9999.000 -9999.000 -9999.000 -9999.000 -9999.000 -9999.000 0.1858225E-02 0.5344244E-02 0.1074291E-01 0.1620154E-01 0.2097557E-01 0.2475374E-01 0.2738469E-01 0.2881461E-01 0.2906518E-01 0.2818218E-01 0.2622912E-01 0.2325696E-01 0.1917010E-01 0.1336091E-01 0.6587461E-02 0.6587461E-02 -9999.000 -9999.000 -9999.000 -9999.000 -9999.000 -9999.000 -9999.000 -9999.000 -9999.000 -9999.000 -9999.000 -9999.000 -9999.000 -9999.000 -9999.000 -9999.000 -9999.000 -9999.000 -9999.000 -9999.000 -9999.000 -9999.000 -9999.000 -9999.000 -9999.000 -9999.000 -9999.000
-9999.000 -9999.000 -9999.000 -9999.000 -9999.000 -9999.000 -9999.000 -9999.000 -9999.000 -9999.000 -9999.000 -9999.000 -9999.000 -9999.000 -9999.000 0.2196809E-02 0.6074361E-02 0.1191573E-01 0.1778604E-01 0.2291386E-01 0.2697404E-01 0.2980485E-01 0.3134596E-01 0.3161718E-01 0.3066415E-01 0.2855320E-01 0.2534027E-01 0.2092754E-01 0.1467559E-01 0.7291974E-02 0.7291974E-02 -9999.000 -9999.000 -9999.000 -9999.000 -9999.000 -9999.000 -9999.000 -9999.000 -9999.000 -9999.000 -9999.000 -9999.000 -9999.000 -9999.000 -9999.000 -9999.000 -9999.000 -9999.000 -9999.000 -9999.000 -9999.000 -9999.000 -9999.000 -9999.000 -9999.000 -9999.000 -9999.000
-9999.000 -9999.000 -9999.000 -9999.000 -9999.000 -9999.000 -9999.000 -9999.000 -9999.000 -9999.000 -9999.000 -9999.000 -9999.000 -9999.000 -9999.000 0.2449159E-02 0.6620133E-02 0.1279562E-01 0.1897858E-01 0.2437712E-01 0.2865699E-01 0.3165005E-01 0.3329223E-01 0.3360333E-01 0.3262848E-01 0.3043576E-01 0.2708258E-01 0.2246252E-01 0.1588876E-01 0.7966452E-02 0.7966452E-02 -9999.000 -9999.000 -9999.000 -9999.000 -9999.000 -9999.000 -9999.000 -9999.000 -9999.000 -9999.000 -9999.000 -9999.000 -9999.000 -9999.000 -9999.000 -9999.000 -9999.000 -9999.000 -9999.000 -9999.000 -9999.000 -9999.000 -9999.000 -9999.000 -9999.000 -9999.000 -9999.000
-9999.000 -9999.000 -9999.000 -9999.000 -9999.000 -9999.000 -9999.000 -9999.000 -9999.000 -9999.000 -9999.000 -9999.000 -9999.000 -9999.000 -9999.000 0.2677667E-02 0.7112479E-02 0.1358434E-01 0.2004360E-01 0.2568159E-01 0.3015920E-01 0.3330307E-01 0.3504762E-01 0.3541341E-01 0.3444513E-01 0.3221207E-01 0.2877144E-01 0.2400320E-01 0.1715884E-01 0.8692114E-02 0.8692114E-02 -9999.000 -9999.000 -9999.000 -9999.000 -9999.000 -9999.000 -9999.000 -9999.000 -9999.000 -9999.000 -9999.000 -9999.000 -9999.000 -9999.000 -9999.000 -9999.000 -9999.000 -9999.000 -9999.000 -9999.000 -9999.000 -9999.000 -9999.000 -9999.000 -9999.000 -9999.000 -9999.000
-9999.000 -9999.000 -9999.000 -9999.000 -9999.000 -9999.000 -9999.000 -9999.000 -9999.000 -9999.000 -9999.000 -9999.000 -9999.000 -9999.000 -9999.000 0.2913301E-02 0.7615237E-02 0.1438051E-01 0.2111023E-01 0.2698241E-01 0.3165540E-01 0.3495252E-01 0.3680756E-01 0.3724290E-01 0.3630279E-01 0.3405729E-01 0.3056285E-01 0.2568061E-01 0.1858600E-01 0.9524111E-02 0.9524111E-02 -9999.000 -9999.000 -9999.000 -9999.000 -9999.000 -9999.000 -9999.000 -9999.000 -9999.000 -9999.000 -9999.000 -9999.000 -9999.000 -9999.000 -9999.000 -9999.000 -9999.000 -9999.000 -9999.000 -9999.000 -9999.000 -9999.000 -9999.000 -9999.000 -9999.000 -9999.000 -9999.000
-9999.000 -9999.000 -9999.000 -9999.000 -9999.000 -9999.000 -9999.000 -9999.000 -9999.000 -9999.000 -9999.000 -9999.000 -9999.000 -9999.000 -9999.000 0.3172181E-02 0.8161891E-02 0.1523566E-01 0.2224602E-01 0.2836093E-01 0.3323866E-01 0.3670014E-01 0.3867955E-01 0.3920212E-01 0.3831153E-01 0.3607888E-01 0.3255875E-01 0.2758919E-01 0.2025218E-01 0.1051156E-01 0.1051156E-01 -9999.000 -9999.000 -9999.000 -9999.000 -9999.000 -9999.000 -9999.000 -9999.000 -9999.000 -9999.000 -9999.000 -9999.000 -9999.000 -9999.000 -9999.000 -9999.000 -9999.000 -9999.000 -9999.000 -9999.000 -9999.000 -9999.000 -9999.000 -9999.000 -9999.000 -9999.000 -9999.000
-9999.000 -9999.000 -9999.000 -9999.000 -9999.000 -9999.000 -9999.000 -9999.000 -9999.000 -9999.000 -9999.000 -9999.000 -9999.000 -9999.000 -9999.000 0.3464297E-02 0.8773763E-02 0.1618280E-01 0.2349464E-01 0.2987013E-01 0.3496989E-01 0.3861346E-01 0.4073703E-01 0.4136938E-01 0.4055355E-01 0.3836248E-01 0.3484781E-01 0.2981910E-01 0.2224511E-01 0.1171048E-01 0.1171048E-01 -9999.000 -9999.000 -9999.000 -9999.000 -9999.000 -9999.000 -9999.000 -9999.000 -9999.000 -9999.000 -9999.000 -9999.000 -9999.000 -9999.000 -9999.000 -9999.000 -9999.000 -9999.000 -9999.000 -9999.000 -9999.000 -9999.000 -9999.000 -9999.000 -9999.000 -9999.000 -9999.000
-9999.000 -9999.000 -9999.000 -9999.000 -9999.000 -9999.000 -9999.000 -9999.000 -9999.000 -9999.000 -9999.000 -9999.000 -9999.000 -9999.000 -9999.000 0.3798263E-02 0.9468524E-02 0.1724959E-01 0.2489278E-01 0.3155442E-01 0.3690120E-01 0.4075228E-01 0.4304679E-01 0.4381886E-01 0.4311081E-01 0.4099776E-01 0.3752837E-01 0.3247707E-01 0.2467513E-01 0.1319364E-01 0.1319364E-01 -9999.000 -9999.000 -9999.000 -9999.000 -9999.000 -9999.000 -9999.000 -9999.000 -9999.000 -9999.000 -9999.000 -9999.000 -9999.000 -9999.000 -9999.000 -9999.000 -9999.000 -9999.000 -9999.000 -9999.000 -9999.000 -9999.000 -9999.000 -9999.000 -9999.000 -9999.000 -9999.000
-9999.000 -9999.000 -9999.000 -9999.000 -9999.000 -9999.000 -9999.000 -9999.000 -9999.000 -9999.000 -9999.000 -9999.000 -9999.000 -9999.000 -9999.000 0.4182667E-02 0.1026488E-01 0.1846543E-01 0.2647965E-01 0.3346285E-01 0.3909105E-01 0.4318410E-01 0.4568626E-01 0.4663824E-01 0.4608246E-01 0.4409691E-01 0.4072728E-01 0.3570532E-01 0.2769521E-01 0.1506364E-01 0.1506364E-01 -9999.000 -9999.000 -9999.000 -9999.000 -9999.000 -9999.000 -9999.000 -9999.000 -9999.000 -9999.000 -9999.000 -9999.000 -9999.000 -9999.000 -9999.000 -9999.000 -9999.000 -9999.000 -9999.000 -9999.000 -9999.000 -9999.000 -9999.000 -9999.000 -9999.000 -9999.000 -9999.000
-9999.000 -9999.000 -9999.000 -9999.000 -9999.000 -9999.000 -9999.000 -9999.000 -9999.000 -9999.000 -9999.000 -9999.000 -9999.000 -9999.000 -9999.000 0.4628649E-02 0.1118642E-01 0.1986802E-01 0.2830637E-01 0.3565916E-01 0.4161558E-01 0.4599805E-01 0.4875835E-01 0.4994614E-01 0.4960420E-01 0.4781576E-01 0.4462354E-01 0.3970755E-01 0.3152795E-01 0.1747102E-01 0.1747102E-01 -9999.000 -9999.000 -9999.000 -9999.000 -9999.000 -9999.000 -9999.000 -9999.000 -9999.000 -9999.000 -9999.000 -9999.000 -9999.000 -9999.000 -9999.000 -9999.000 -9999.000 -9999.000 -9999.000 -9999.000 -9999.000 -9999.000 -9999.000 -9999.000 -9999.000 -9999.000 -9999.000
-9999.000 -9999.000 -9999.000 -9999.000 -9999.000 -9999.000 -9999.000 -9999.000 -9999.000 -9999.000 -9999.000 -9999.000 -9999.000 -9999.000 -9999.000 0.5152866E-02 0.1226899E-01 0.2151424E-01 0.3044942E-01 0.3823801E-01 0.4458791E-01 0.4932601E-01 0.5241495E-01 0.5391685E-01 0.5387654E-01 0.5238549E-01 0.4948443E-01 0.4479070E-01 0.3651417E-01 0.2064748E-01 0.2064748E-01 -9999.000 -9999.000 -9999.000 -9999.000 -9999.000 -9999.000 -9999.000 -9999.000 -9999.000 -9999.000 -9999.000 -9999.000 -9999.000 -9999.000 -9999.000 -9999.000 -9999.000 -9999.000 -9999.000 -9999.000 -9999.000 -9999.000 -9999.000 -9999.000 -9999.000 -9999.000 -9999.000
-9999.000 -9999.000 -9999.000 -9999.000 -9999.000 -9999.000 -9999.000 -9999.000 -9999.000 -9999.000 -9999.000 -9999.000 -9999.000 -9999.000 -9999.000 0.6013264E-02 0.1402491E-01 0.2411691E-01 0.3361665E-01 0.4189131E-01 0.4866387E-01 0.5378148E-01 0.5723230E-01 0.5910009E-01 0.5943660E-01 0.5834691E-01 0.5587138E-01 0.5154970E-01 0.4327973E-01 0.2502562E-01 0.2502562E-01 -9999.000 -9999.000 -9999.000 -9999.000 -9999.000 -9999.000 -9999.000 -9999.000 -9999.000 -9999.000 -9999.000 -9999.000 -9999.000 -9999.000 -9999.000 -9999.000 -9999.000 -9999.000 -9999.000 -9999.000 -9999.000 -9999.000 -9999.000 -9999.000 -9999.000 -9999.000 -9999.000
-9999.000 -9999.000 -9999.000 -9999.000 -9999.000 -9999.000 -9999.000 -9999.000 -9999.000 -9999.000 -9999.000 -9999.000 -9999.000 -9999.000 -9999.000 0.5280754E-01 0.7973835E-01 0.9082161E-01 0.8694526E-01 0.8541610E-01 0.8312650E-01 0.8022381E-01 0.7693027E-01 0.7333647E-01 0.6943470E-01 0.6524119E-01 0.6063521E-01 0.5491627E-01 0.4559932E-01 0.2272210E-01 0.2272210E-01 -9999.000 -9999.000 -9999.000 -9999.000 -9999.000 -9999.000 -9999.000 -9999.000 -9999.000 -9999.000 -9999.000 -9999.000 -9999.000 -9999.000 -9999.000 -9999.000 -9999.000 -9999.000 -9999.000 -9999.000 -9999.000 -9999.000 -9999.000 -9999.000 -9999.000 -9999.000 -9999.000
2.745899 2.745899 2.727555 2.762707 2.781499 2.781499 2.785124 2.786341 2.786341 2.783533 2.783533 2.778066 2.774613 2.770793 2.766820 2.766820 2.867375 2.870311 2.867816 2.843691 2.799851 2.735089 2.647177 2.537933 2.408884 2.261755 2.100943 1.936688 1.794951 1.742658 1.742658 2.594437 2.767552 2.861393 2.883505 2.883505 2.909651 2.909651 2.879569 2.879569 2.828207 2.628111 2.628111 2.167809 2.167809 1.971443 1.971443 1.971443 1.972486 1.972486 2.010955 2.010955 2.060224 2.060224 2.109432 2.109432 2.152209 2.152209
2.769031 2.769031 2.756026 2.815732 2.841065 2.841065 2.856269 2.879668 2.879668 2.898662 2.898662 2.914852 2.922168 2.929065 2.935744 2.935744 3.011288 3.026670 3.040119 3.048249 3.050910 3.046228 3.031168 3.003488 2.960897 2.901287 2.823824 2.730194 2.627712 2.560244 2.560244 3.021105 3.181227 3.330941 3.370364 3.370364 3.412577 3.412577 3.406639 3.406639 3.380420 3.265973 3.265973 3.016252 3.016252 2.791709 2.791709 2.791709 2.792017 2.792017 2.832343 2.832343 2.884677 2.884677 2.936545 2.936545 2.982604 2.982604
2.775124 2.775124 2.755234 2.817696 2.840880 2.840880 2.856790 2.881121 2.881121 2.900710 2.900710 2.917526 2.925195 2.932477 2.939590 2.939590 3.008275 3.034211 3.058301 3.078582 3.094676 3.106005 3.111380 3.109766 3.099836 3.079864 3.048342 3.005014 2.953364 2.918514 2.918514 3.187542 3.343509 3.520088 3.570151 3.570151 3.618333 3.618333 3.602141 3.602141 3.569244 3.463619 3.463619 3.299303 3.299303 3.088783 3.088783 3.088783 3.073124 3.073124 3.102622 3.102622 3.147059 3.147059 3.192785 3.192785 3.234157 3.234157
2.780010 2.780010 2.751957 2.819169 2.840567 2.840567 2.856616 2.881174 2.881174 2.900751 2.900751 2.917556 2.925231 2.932523 2.939685 2.939685 3.005011 3.040168 3.074009 3.103890 3.128774 3.148162 3.161541 3.168638 3.169178 3.162650 3.148484 3.126649 3.099368 3.082711 3.082711 3.248752 3.388335 3.573630 3.629122 3.629122 3.673501 3.673501 3.636283 3.636283 3.595228 3.503156 3.503156 3.402104 3.402104 3.231349 3.231349 3.231349 3.200256 3.200256 3.217003 3.217003 3.253860 3.253860 3.295142 3.295142 3.333492 3.333492
2.783812 2.783812 2.751657 2.820059 2.840249 2.840249 2.856368 2.881181 2.881181 2.900766 2.900766 2.917553 2.925226 2.932520 2.939742 2.939742 3.005575 3.048964 3.091746 3.130403 3.163338 3.189842 3.209503 3.222196 3.227974 3.226912 3.219124 3.205118 3.186917 3.175587 3.175587 3.279227 3.395722 3.571981 3.623264 3.623264 3.643699 3.643699 3.581317 3.581317 3.541347 3.481857 3.481857 3.436592 3.436592 3.319243 3.319243 3.319243 3.278732 3.278732 3.281004 3.281004 3.307892 3.307892 3.343310 3.343310 3.377882 3.377882
2.786516 2.786516 2.751660 2.820744 2.840099 2.840099 2.856204 2.881189 2.881189 2.900779 2.900779 2.917548 2.925219 2.932512 2.939816 2.939816 3.010894 3.062035 3.112938 3.159438 3.199620 3.232612 3.258002 3.275664 3.285696 3.288308 3.283846 3.273013 3.257664 3.245685 3.245685 3.306975 3.396526 3.543014 3.575377 3.575377 3.550256 3.550256 3.479341 3.479341 3.455750 3.442291 3.442291 3.442604 3.442604 3.379876 3.379876 3.379876 3.339507 3.339507 3.329273 3.329273 3.344277 3.344277 3.371549 3.371549 3.400578 3.400578
2.788134 2.788134 2.751747 2.821158 2.840039 2.840039 2.856113 2.881192 2.881192 2.900779 2.900779 2.917529 2.925194 2.932482 2.939904 2.939904 3.021832 3.080730 3.139023 3.192348 3.238736 3.277309 3.307688 3.329763 3.343613 3.349447 3.347613 3.338770 3.324435 3.310116 3.310116 3.341148 3.401437 3.489844 3.483729 3.483729 3.409590 3.409590 3.366164 3.366164 3.369531 3.401092 3.401092 3.434788 3.434788 3.420267 3.420267 3.420267 3.389091 3.389091 3.371673 3.371673 3.374954 3.374954 3.392225 3.392225 3.413742 3.413742
2.788673 2.788673 2.751790 2.821295 2.840022 2.840022 2.856082 2.881189 2.881189 2.900772 2.900772 2.917512 2.925173 2.932459 2.940054 2.940054 3.039521 3.106523 3.171561 3.230602 3.281937 3.324873 3.359161 3.384774 3.401804 3.410434 3.410948 3.403858 3.390257 3.373604 3.373604 3.381995 3.409541 3.396971 3.337688 3.337688 3.251341 3.251341 3.267976 3.267976 3.297325 3.362684 3.362684 3.419217 3.419217 3.443862 3.443862 3.443862 3.427639 3.427639 3.409601 3.409601 3.403569 3.403569 3.410083 3.410083 3.422359 3.422359
2.788135 2.788135 2.751747 2.821158 2.840038 2.840038 2.856113 2.881192 2.881192 2.900779 2.900779 2.917529 2.925193 2.932482 2.940317 2.940317 3.065489 3.141092 3.212200 3.275691 3.330468 3.376240 3.413027 3.440960 3.460204 3.470938 3.473382 3.467875 3.455033 3.436105 3.436105 3.424579 3.408460 3.240491 3.143090 3.143090 3.112529 3.112529 3.192998 3.192998 3.239901 3.326665 3.326665 3.398630 3.398630 3.453598 3.453598 3.453598 3.454263 3.454263 3.441221 3.441221 3.429760 3.429760 3.426143 3.426143 3.428079 3.428079
2.786517 2.786517 2.751661 2.820745 2.840099 2.840099 2.856205 2.881188 2.881188 2.900779 2.900779 2.917548 2.925218 2.932512 2.940686 2.940686 3.101925 3.186521 3.262789 3.329171 3.385566 3.432317 3.469854 3.498558 3.518722 3.530561 3.534249 3.529957 3.517624 3.494918 3.494918 3.456670 3.366259 3.019254 2.942403 2.942403 3.012010 3.012010 3.133766 3.133766 3.190337 3.290160 3.290160 3.373073 3.373073 3.451009 3.451009 3.451009 3.467694 3.467694 3.463092 3.463092 3.450315 3.450315 3.438397 3.438397 3.429822 3.429822
2.783813 2.783813 2.751657 2.820059 2.840249 2.840249 2.856369 2.881181 2.881181 2.900767 2.900767 2.917553 2.925227 2.932521 2.941160 2.941160 3.152065 3.245500 3.325388 3.392525 3.448221 3.493690 3.529890 3.557517 3.577033 3.588714 3.592705 3.588978 3.576030 3.542444 3.542444 3.446384 3.224822 2.786666 2.790620 2.790620 2.939805 2.939805 3.080710 3.080710 3.142377 3.250627 3.250627 3.341610 3.341610 3.436506 3.436506 3.436506 3.466735 3.466735 3.471661 3.471661 3.460596 3.460596 3.442822 3.442822 3.424503 3.424503
