simulation_files/asc/Velocity____18.0.asc
NCOLS        79
NROWS        79
XLLCENTER         -1.500000
YLLCENTER         -4.800000
CELLSIZE           0.100
NODATA_VALUE     -9999.0
[rows 0 to 26 of 79, columns 0 to 59 of 79]
-9999.000 -9999.000 -9999.000 -9999.000 -9999.000 -9999.000 -9999.000 -9999.000 -9999.000 -9999.000 -9999.000 -9999.000 -9999.000 -9999.000 -9999.000 1.350594 1.363538 1.363955 1.364102 1.364156 1.364176 1.364183 1.364184 1.364183 1.364176 1.364156 1.364102 1.363955 1.363538 1.350594 1.350594 -9999.000 -9999.000 -9999.000 -9999.000 -9999.000 -9999.000 -9999.000 -9999.000 -9999.000 -9999.000 -9999.000 -9999.000 -9999.000 -9999.000 -9999.000 -9999.000 -9999.000 -9999.000 -9999.000 -9999.000 -9999.000 -9999.000 -9999.000 -9999.000 -9999.000 -9999.000 -9999.000 -9999.000 -9999.000
-9999.000 -9999.000 -9999.000 -9999.000 -9999.000 -9999.000 -9999.000 -9999.000 -9999.000 -9999.000 -9999.000 -9999.000 -9999.000 -9999.000 -9999.000 0.9801543 1.088007 1.135109 1.173988 1.219122 1.266336 1.313044 1.346240 1.361420 1.360954 1.360881 1.360715 1.360353 1.359540 1.335970 1.335970 -9999.000 -9999.000 -9999.000 -9999.000 -9999.000 -9999.000 -9999.000 -9999.000 -9999.000 -9999.000 -9999.000 -9999.000 -9999.000 -9999.000 -9999.000 -9999.000 -9999.000 -9999.000 -9999.000 -9999.000 -9999.000 -9999.000 -9999.000 -9999.000 -9999.000 -9999.000 -9999.000 -9999.000 -9999.000
-9999.000 -9999.000 -9999.000 -9999.000 -9999.000 -9999.000 -9999.000 -9999.000 -9999.000 -9999.000 -9999.000 -9999.000 -9999.000 -9999.000 -9999.000 0.4021284 0.4397767 0.4471850 0.4534347 0.4649341 0.4814197 0.5027057 0.5279401 0.5570263 0.5888017 0.6183145 0.6454519 0.6782932 0.6975737 0.5825653 0.5825653 -9999.000 -9999.000 -9999.000 -9999.000 -9999.000 -9999.000 -9999.000 -9999.000 -9999.000 -9999.000 -9999.000 -9999.000 -9999.000 -9999.000 -9999.000 -9999.000 -9999.000 -9999.000 -9999.000 -9999.000 -9999.000 -9999.000 -9999.000 -9999.000 -9999.000 -9999.000 -9999.000 -9999.000 -9999.000
-9999.000 -9999.000 -9999.000 -9999.000 -9999.000 -9999.000 -9999.000 -9999.000 -9999.000 -9999.000 -9999.000 -9999.000 -9999.000 -9999.000 -9999.000 0.3515656 0.3913056 0.4005868 0.4034114 0.4066819 0.4106151 0.4144358 0.4169520 0.4181215 0.4190346 0.4196235 0.4214138 0.4327079 0.4470749 0.3719246 0.3719246 -9999.000 -9999.000 -9999.000 -9999.000 -9999.000 -9999.000 -9999.000 -9999.000 -9999.000 -9999.000 -9999.000 -9999.000 -9999.000 -9999.000 -9999.000 -9999.000 -9999.000 -9999.000 -9999.000 -9999.000 -9999.000 -9999.000 -9999.000 -9999.000 -9999.000 -9999.000 -9999.000 -9999.000 -9999.000
-9999.000 -9999.000 -9999.000 -9999.000 -9999.000 -9999.000 -9999.000 -9999.000 -9999.000 -9999.000 -9999.000 -9999.000 -9999.000 -9999.000 -9999.000 0.3243927 0.3678684 0.3822706 0.3881074 0.3926541 0.3971572 0.4013805 0.4049866 0.4081797 0.4114394 0.4144614 0.4186922 0.4313274 0.4438482 0.3585559 0.3585559 -9999.000 -9999.000 -9999.000 -9999.000 -9999.000 -9999.000 -9999.000 -9999.000 -9999.000 -9999.000 -9999.000 -9999.000 -9999.000 -9999.000 -9999.000 -9999.000 -9999.000 -9999.000 -9999.000 -9999.000 -9999.000 -9999.000 -9999.000 -9999.000 -9999.000 -9999.000 -9999.000 -9999.000 -9999.000
-9999.000 -9999.000 -9999.000 -9999.000 -9999.000 -9999.000 -9999.000 -9999.000 -9999.000 -9999.000 -9999.000 -9999.000 -9999.000 -9999.000 -9999.000 0.2986902 0.3445161 0.3626362 0.3709490 0.3770747 0.3829965 0.3888501 0.3946176 0.4002368 0.4058962 0.4112923 0.4176714 0.4313747 0.4437456 0.3547918 0.3547918 -9999.000 -9999.000 -9999.000 -9999.000 -9999.000 -9999.000 -9999.000 -9999.000 -9999.000 -9999.000 -9999.000 -9999.000 -9999.000 -9999.000 -9999.000 -9999.000 -9999.000 -9999.000 -9999.000 -9999.000 -9999.000 -9999.000 -9999.000 -9999.000 -9999.000 -9999.000 -9999.000 -9999.000 -9999.000
-9999.000 -9999.000 -9999.000 -9999.000 -9999.000 -9999.000 -9999.000 -9999.000 -9999.000 -9999.000 -9999.000 -9999.000 -9999.000 -9999.000 -9999.000 0.2725619 0.3196934 0.3410235 0.3520180 0.3604167 0.3685948 0.3768221 0.3851142 0.3932690 0.4014144 0.4093063 0.4180332 0.4331604 0.4461489 0.3561939 0.3561939 -9999.000 -9999.000 -9999.000 -9999.000 -9999.000 -9999.000 -9999.000 -9999.000 -9999.000 -9999.000 -9999.000 -9999.000 -9999.000 -9999.000 -9999.000 -9999.000 -9999.000 -9999.000 -9999.000 -9999.000 -9999.000 -9999.000 -9999.000 -9999.000 -9999.000 -9999.000 -9999.000 -9999.000 -9999.000
-9999.000 -9999.000 -9999.000 -9999.000 -9999.000 -9999.000 -9999.000 -9999.000 -9999.000 -9999.000 -9999.000 -9999.000 -9999.000 -9999.000 -9999.000 0.2455413 0.2931482 0.3176808 0.3319297 0.3433666 0.3544603 0.3655461 0.3766685 0.3876610 0.3986258 0.4093999 0.4209301 0.4380461 0.4523252 0.3628913 0.3628913 -9999.000 -9999.000 -9999.000 -9999.000 -9999.000 -9999.000 -9999.000 -9999.000 -9999.000 -9999.000 -9999.000 -9999.000 -9999.000 -9999.000 -9999.000 -9999.000 -9999.000 -9999.000 -9999.000 -9999.000 -9999.000 -9999.000 -9999.000 -9999.000 -9999.000 -9999.000 -9999.000 -9999.000 -9999.000
-9999.000 -9999.000 -9999.000 -9999.000 -9999.000 -9999.000 -9999.000 -9999.000 -9999.000 -9999.000 -9999.000 -9999.000 -9999.000 -9999.000 -9999.000 0.2178446 0.2651955 0.2930323 0.3111023 0.3262265 0.3407766 0.3551647 0.3695183 0.3837625 0.3979926 0.4121210 0.4269533 0.4466403 0.4629313 0.3752389 0.3752389 -9999.000 -9999.000 -9999.000 -9999.000 -9999.000 -9999.000 -9999.000 -9999.000 -9999.000 -9999.000 -9999.000 -9999.000 -9999.000 -9999.000 -9999.000 -9999.000 -9999.000 -9999.000 -9999.000 -9999.000 -9999.000 -9999.000 -9999.000 -9999.000 -9999.000 -9999.000 -9999.000 -9999.000 -9999.000
-9999.000 -9999.000 -9999.000 -9999.000 -9999.000 -9999.000 -9999.000 -9999.000 -9999.000 -9999.000 -9999.000 -9999.000 -9999.000 -9999.000 -9999.000 0.1898564 0.2362579 0.2673919 0.2897154 0.3090802 0.3276166 0.3457955 0.3638370 0.3817727 0.3997161 0.4176513 0.4362600 0.4590931 0.4781921 0.3934678 0.3934678 -9999.000 -9999.000 -9999.000 -9999.000 -9999.000 -9999.000 -9999.000 -9999.000 -9999.000 -9999.000 -9999.000 -9999.000 -9999.000 -9999.000 -9999.000 -9999.000 -9999.000 -9999.000 -9999.000 -9999.000 -9999.000 -9999.000 -9999.000 -9999.000 -9999.000 -9999.000 -9999.000 -9999.000 -9999.000
-9999.000 -9999.000 -9999.000 -9999.000 -9999.000 -9999.000 -9999.000 -9999.000 -9999.000 -9999.000 -9999.000 -9999.000 -9999.000 -9999.000 -9999.000 0.1618378 0.2066676 0.2409532 0.2678440 0.2919494 0.3150089 0.3374870 0.3596720 0.3817048 0.4037527 0.4258955 0.4487542 0.4753970 0.4983125 0.4180678 0.4180678 -9999.000 -9999.000 -9999.000 -9999.000 -9999.000 -9999.000 -9999.000 -9999.000 -9999.000 -9999.000 -9999.000 -9999.000 -9999.000 -9999.000 -9999.000 -9999.000 -9999.000 -9999.000 -9999.000 -9999.000 -9999.000 -9999.000 -9999.000 -9999.000 -9999.000 -9999.000 -9999.000 -9999.000 -9999.000
-9999.000 -9999.000 -9999.000 -9999.000 -9999.000 -9999.000 -9999.000 -9999.000 -9999.000 -9999.000 -9999.000 -9999.000 -9999.000 -9999.000 -9999.000 0.1338455 0.1766452 0.2138687 0.2455626 0.2748528 0.3029373 0.3301907 0.3569353 0.3834203 0.4099153 0.4366595 0.4643422 0.4957411 0.5240086 0.4505091 0.4505091 -9999.000 -9999.000 -9999.000 -9999.000 -9999.000 -9999.000 -9999.000 -9999.000 -9999.000 -9999.000 -9999.000 -9999.000 -9999.000 -9999.000 -9999.000 -9999.000 -9999.000 -9999.000 -9999.000 -9999.000 -9999.000 -9999.000 -9999.000 -9999.000 -9999.000 -9999.000 -9999.000 -9999.000 -9999.000
-9999.000 -9999.000 -9999.000 -9999.000 -9999.000 -9999.000 -9999.000 -9999.000 -9999.000 -9999.000 -9999.000 -9999.000 -9999.000 -9999.000 -9999.000 0.1057495 0.1463544 0.1863447 0.2230239 0.2578516 0.2913697 0.3237964 0.3554590 0.3867197 0.4180099 0.4498337 0.4831598 0.5208169 0.5570636 0.4943388 0.4943388 -9999.000 -9999.000 -9999.000 -9999.000 -9999.000 -9999.000 -9999.000 -9999.000 -9999.000 -9999.000 -9999.000 -9999.000 -9999.000 -9999.000 -9999.000 -9999.000 -9999.000 -9999.000 -9999.000 -9999.000 -9999.000 -9999.000 -9999.000 -9999.000 -9999.000 -9999.000 -9999.000 -9999.000 -9999.000
-9999.000 -9999.000 -9999.000 -9999.000 -9999.000 -9999.000 -9999.000 -9999.000 -9999.000 -9999.000 -9999.000 -9999.000 -9999.000 -9999.000 -9999.000 0.7730939E-01 0.1160948 0.1588761 0.2006624 0.2412109 0.2803958 0.3182583 0.3551207 0.3914681 0.4279615 0.4655113 0.5056852 0.5520076 0.6010305 0.5576730 0.5576730 -9999.000 -9999.000 -9999.000 -9999.000 -9999.000 -9999.000 -9999.000 -9999.000 -9999.000 -9999.000 -9999.000 -9999.000 -9999.000 -9999.000 -9999.000 -9999.000 -9999.000 -9999.000 -9999.000 -9999.000 -9999.000 -9999.000 -9999.000 -9999.000 -9999.000 -9999.000 -9999.000 -9999.000 -9999.000
-9999.000 -9999.000 -9999.000 -9999.000 -9999.000 -9999.000 -9999.000 -9999.000 -9999.000 -9999.000 -9999.000 -9999.000 -9999.000 -9999.000 -9999.000 0.4903852E-01 0.8984924E-01 0.1364864 0.1830270 0.2284543 0.2724811 0.3151709 0.3568940 0.3982623 0.4401994 0.4841561 0.5327227 0.5913414 0.6624030 0.6610264 0.6610264 -9999.000 -9999.000 -9999.000 -9999.000 -9999.000 -9999.000 -9999.000 -9999.000 -9999.000 -9999.000 -9999.000 -9999.000 -9999.000 -9999.000 -9999.000 -9999.000 -9999.000 -9999.000 -9999.000 -9999.000 -9999.000 -9999.000 -9999.000 -9999.000 -9999.000 -9999.000 -9999.000 -9999.000 -9999.000
0.9200284 0.9200284 0.8603801 0.8208311 0.8034480 0.8034480 0.7867014 0.7496066 0.7496066 0.7065248 0.7065248 0.6542001 0.6203020 0.5774641 0.5221292 0.5221292 0.4038216 0.3680329 0.3472056 0.3413605 0.3490595 0.3679189 0.3954993 0.4300069 0.4707370 0.5185347 0.5767789 0.6541971 0.7670411 0.9389112 0.9389112 1.276984 1.424145 0.9039069 0.7998845 0.7998845 0.1133051 0.1133051 0.2876013E-01 0.2876013E-01 0.1983552E-01 0.1121302 0.1121302 0.2141997 0.2141997 0.3312035 0.3312035 0.3312035 0.4060676 0.4060676 0.4691929 0.4691929 0.5218165 0.5218165 0.5661299 0.5661299 0.6188331 0.6188331 0.6188331 0.6544074
0.9321933 0.9321933 0.8723640 0.8400361 0.8258644 0.8258644 0.8120272 0.7794970 0.7794970 0.7388789 0.7388789 0.6889430 0.6590193 0.6256105 0.5897996 0.5897996 0.5284872 0.5036404 0.4824590 0.4665711 0.4580534 0.4586874 0.4694895 0.4907314 0.5224072 0.5649967 0.6204761 0.6940642 0.7942262 0.9197050 0.9197050 1.134564 1.221948 1.225041 1.198102 1.198102 0.9743638 0.9743638 0.8618106 0.8618106 0.8432353 0.7872733 0.7872733 0.7328486 0.7328486 0.7336168 0.7336168 0.7336168 0.7650547 0.7650547 0.7994750 0.7994750 0.8331265 0.8331265 0.8429305 0.8429305 0.8946662 0.8946662 0.8946662 0.9243584
0.9348840 0.9348840 0.8723701 0.8405073 0.8268571 0.8268571 0.8137879 0.7837551 0.7837551 0.7477920 0.7477920 0.7065818 0.6833228 0.6584238 0.6329203 0.6329203 0.5950665 0.5811965 0.5689346 0.5583926 0.5506989 0.5477039 0.5515034 0.5640205 0.5868330 0.6213772 0.6695715 0.7350807 0.8237221 0.9358178 0.9358178 1.136541 1.220665 1.260008 1.254467 1.254467 1.188713 1.188713 1.105952 1.105952 1.081829 1.035061 1.035061 0.9870524 0.9870524 0.9489611 0.9489611 0.9489611 0.9594494 0.9594494 0.9767082 0.9767082 0.9966913 0.9966913 1.011147 1.011147 1.040171 1.040171 1.040171 1.060852
0.9381213 0.9381213 0.8730355 0.8414046 0.8281987 0.8281987 0.8158455 0.7881497 0.7881497 0.7563251 0.7563251 0.7222332 0.7040154 0.6851756 0.6665003 0.6665003 0.6430501 0.6363440 0.6311994 0.6271060 0.6242756 0.6237321 0.6271533 0.6365933 0.6542045 0.6821176 0.7226241 0.7789139 0.8556873 0.9560798 0.9560798 1.137453 1.223125 1.270962 1.273414 1.273414 1.235401 1.235401 1.174958 1.174958 1.154899 1.131147 1.131147 1.108422 1.108422 1.071403 1.071403 1.071403 1.071039 1.071039 1.078497 1.078497 1.090185 1.090185 1.099975 1.099975 1.118663 1.118663 1.118663 1.134403
0.9415236 0.9415236 0.8739482 0.8427014 0.8300315 0.8300315 0.8184931 0.7933186 0.7933186 0.7656025 0.7656025 0.7378923 0.7238557 0.7097950 0.6962569 0.6962569 0.6831746 0.6813446 0.6811899 0.6821718 0.6841044 0.6873819 0.6930339 0.7026449 0.7181897 0.7418725 0.7761120 0.8239005 0.8893804 0.9773796 0.9773796 1.136922 1.222088 1.269126 1.268783 1.268783 1.231098 1.231098 1.189088 1.189088 1.180330 1.180459 1.180459 1.180743 1.180743 1.156456 1.156456 1.156456 1.151018 1.151018 1.151517 1.151517 1.156660 1.156660 1.162227 1.162227 1.173757 1.173757 1.173757 1.185130
0.9450405 0.9450405 0.8750243 0.8443316 0.8322684 0.8322684 0.8216140 0.7990838 0.7990838 0.7754799 0.7754799 0.7538032 0.7435382 0.7336538 0.7244716 0.7244716 0.7199192 0.7216927 0.7250061 0.7295506 0.7351071 0.7417671 0.7500737 0.7610714 0.7762702 0.7975582 0.8271512 0.8677685 0.9231196 0.9987587 0.9987587 1.135517 1.215655 1.249154 1.240691 1.240691 1.203552 1.203552 1.187006 1.187006 1.191180 1.210372 1.210372 1.226778 1.226778 1.219524 1.219524 1.219524 1.214241 1.214241 1.210454 1.210454 1.210080 1.210080 1.211320 1.211320 1.217023 1.217023 1.217023 1.224067
0.9486567 0.9486567 0.8762296 0.8461723 0.8347288 0.8347288 0.8249677 0.8050971 0.8050971 0.7855716 0.7855716 0.7697813 0.7631557 0.7572773 0.7522530 0.7522530 0.7556852 0.7603898 0.7661800 0.7730747 0.7810220 0.7900594 0.8004620 0.8128511 0.8282443 0.8480541 0.8740752 0.9086015 0.9548545 1.018411 1.018411 1.131596 1.199812 1.207410 1.192486 1.192486 1.168386 1.168386 1.181392 1.181392 1.196336 1.228953 1.228953 1.255783 1.255783 1.264645 1.264645 1.264645 1.263710 1.263710 1.259052 1.259052 1.254924 1.254924 1.252145 1.252145 1.252780 1.252780 1.252780 1.255475
0.9521341 0.9521341 0.8774405 0.8480922 0.8372732 0.8372732 0.8283967 0.8111438 0.8111438 0.7956187 0.7956187 0.7856601 0.7827163 0.7809825 0.7803768 0.7803768 0.7922018 0.7994834 0.8070793 0.8153955 0.8246487 0.8349726 0.8465450 0.8597041 0.8750398 0.8934480 0.9161695 0.9449152 0.9822900 1.033469 1.033469 1.120470 1.166324 1.146882 1.134669 1.134669 1.136568 1.136568 1.176171 1.176171 1.198556 1.240163 1.240163 1.273769 1.273769 1.295333 1.295333 1.295333 1.300651 1.300651 1.298199 1.298199 1.292717 1.292717 1.286958 1.286958 1.283302 1.283302 1.283302 1.281741
0.9553041 0.9553041 0.8786088 0.8500043 0.8397927 0.8397927 0.8317655 0.8170257 0.8170257 0.8053665 0.8053665 0.8012157 0.8021130 0.8049239 0.8094757 0.8094757 0.8310946 0.8407251 0.8495783 0.8585392 0.8681581 0.8787409 0.8904658 0.9034862 0.9180173 0.9344030 0.9531885 0.9752834 1.002483 1.039646 1.039646 1.097578 1.104347 1.078535 1.079597 1.079597 1.111681 1.111681 1.171134 1.171134 1.198312 1.246139 1.246139 1.284463 1.284463 1.315298 1.315298 1.315298 1.326804 1.326804 1.328361 1.328361 1.323844 1.323844 1.316702 1.316702 1.309828 1.309828 1.309828 1.304362
0.9579867 0.9579867 0.8796912 0.8518357 0.8421942 0.8421942 0.8349543 0.8225543 0.8225543 0.8145521 0.8145521 0.8161356 0.8210810 0.8290421 0.8400512 0.8400512 0.8742294 0.8859295 0.8954273 0.9042521 0.9133505 0.9232275 0.9340945 0.9459447 0.9585933 0.9716930 0.9847992 0.9976087 1.010711 1.027799 1.027799 1.046903 1.031469 1.017707 1.035281 1.035281 1.090362 1.090362 1.164647 1.164647 1.195355 1.248311 1.248311 1.290452 1.290452 1.328085 1.328085 1.328085 1.344751 1.344751 1.350706 1.350706 1.348661 1.348661 1.341750 1.341750 1.332970 1.332970 1.332970 1.324268
0.9599966 0.9599966 0.8806527 0.8535262 0.8443991 0.8443991 0.8378602 0.8275555 0.8275555 0.8229042 0.8229042 0.8300077 0.8391481 0.8529405 0.8723181 0.8723181 0.9240528 0.9372543 0.9465067 0.9542329 0.9618540 0.9700615 0.9790726 0.9886550 0.9980524 1.005838 1.009954 1.008288 1.000236 0.9887751 0.9887751 0.9695271 0.9484485 0.9693896 1.001126 1.001126 1.073124 1.073124 1.161316 1.161316 1.194585 1.251090 1.251090 1.295576 1.295576 1.337326 1.337326 1.337326 1.357532 1.357532 1.367113 1.367113 1.367891 1.367891 1.362253 1.362253 1.352790 1.352790 1.352790 1.341742
0.9611481 0.9611481 0.8814747 0.8550307 0.8463475 0.8463475 0.8403987 0.8318742 0.8318742 0.8301539 0.8301539 0.8423268 0.8555984 0.8756845 0.9056602 0.9056602 0.9840645 0.9975103 1.005054 1.010314 1.015288 1.020777 1.026914 1.033059 1.037460 1.036728 1.026123 1.001778 0.9644309 0.9206051 0.9206051 0.8753113 0.8676496 0.9302096 0.9744895 0.9744895 1.050797 1.050797 1.156852 1.156852 1.192601 1.251953 1.251953 1.298130 1.298130 1.342664 1.342664 1.342664 1.365299 1.365299 1.377605 1.377605 1.380943 1.380943 1.377031 1.377031 1.367825 1.367825 1.367825 1.355404
