simulation_files/asc/Velocity__x_338.0.asc
NCOLS        79
NROWS        79
XLLCENTER         -1.500000
YLLCENTER         -4.800000
CELLSIZE           0.100
NODATA_VALUE     -9999.0
[rows 0 to 25 of 79, columns 0 to 57 of 79]
-9999.000 -9999.000 -9999.000 -9999.000 -9999.000 -9999.000 -9999.000 -9999.000 -9999.000 -9999.000 -9999.000 -9999.000 -9999.000 -9999.000 -9999.000 0.5628455E-03 0.2480496E-02 0.5848748E-02 0.9156397E-02 0.1202000E-01 0.1427529E-01 0.1584555E-01 0.1673654E-01 0.1699417E-01 0.1666454E-01 0.1580654E-01 0.1443842E-01 0.1238405E-01 0.8867080E-02 0.4361727E-02 0.4361727E-02 -9999.000 -9999.000 -9999.000 -9999.000 -9999.000 -9999.000 -9999.000 -9999.000 -9999.000 -9999.000 -9999.000 -9999.000 -9999.000 -9999.000 -9999.000 -9999.000 -9999.000 -9999.000 -9999.000 -9999.000 -9999.000 -9999.000 -9999.000 -9999.000 -9999.000 -9999.000 -9999.000
-9999.000 -9999.000 -9999.000 -9999.000 -9999.000 -9999.000 -9999.000 -9999.000 -9999.000 -9999.000 -9999.000 -9999.000 -9999.000 -9999.000 -9999.000 0.1731754E-02 0.4832557E-02 0.9350012E-02 0.1372345E-01 0.1753366E-01 0.2056273E-01 0.2268538E-01 0.2386587E-01 0.2411812E-01 0.2346954E-01 0.2196898E-01 0.1963848E-01 0.1633761E-01 0.1141876E-01 0.5603113E-02 0.5603113E-02 -9999.000 -9999.000 -9999.000 -9999.000 -9999.000 -9999.000 -9999.000 -9999.000 -9999.000 -9999.000 -9999.000 -9999.000 -9999.000 -9999.000 -9999.000 -9999.000 -9999.000 -9999.000 -9999.000 -9999.000 -9999.000 -9999.000 -9999.000 -9999.000 -9999.000 -9999.000 -9999.000
-9999.000 -9999.000 -9999.000 -9999.000 -9999.000 -9999.000 -9999.000 -9999.000 -9999.000 -9999.000 -9999.000 -9999.000 -9999.000 -9999.000 -9999.000 0.2326401E-02 0.6084504E-02 0.1130960E-01 0.1632517E-01 0.2068427E-01 0.2414610E-01 0.2656642E-01 0.2789620E-01 0.2814177E-01 0.2732827E-01 0.2550969E-01 0.2271878E-01 0.1882537E-01 0.1317175E-01 0.6501643E-02 0.6501643E-02 -9999.000 -9999.000 -9999.000 -9999.000 -9999.000 -9999.000 -9999.000 -9999.000 -9999.000 -9999.000 -9999.000 -9999.000 -9999.000 -9999.000 -9999.000 -9999.000 -9999.000 -9999.000 -9999.000 -9999.000 -9999.000 -9999.000 -9999.000 -9999.000 -9999.000 -9999.000 -9999.000
-9999.000 -9999.000 -9999.000 -9999.000 -9999.000 -9999.000 -9999.000 -9999.000 -9999.000 -9999.000 -9999.000 -9999.000 -9999.000 -9999.000 -9999.000 0.2700947E-02 0.6878032E-02 0.1255806E-01 0.1798998E-01 0.2270780E-01 0.2645625E-01 0.2907941E-01 0.3052262E-01 0.3078894E-01 0.2990312E-01 0.2792246E-01 0.2488391E-01 0.2065389E-01 0.1453967E-01 0.7233900E-02 0.7233900E-02 -9999.000 -9999.000 -9999.000 -9999.000 -9999.000 -9999.000 -9999.000 -9999.000 -9999.000 -9999.000 -9999.000 -9999.000 -9999.000 -9999.000 -9999.000 -9999.000 -9999.000 -9999.000 -9999.000 -9999.000 -9999.000 -9999.000 -9999.000 -9999.000 -9999.000 -9999.000 -9999.000
-9999.000 -9999.000 -9999.000 -9999.000 -9999.000 -9999.000 -9999.000 -9999.000 -9999.000 -9999.000 -9999.000 -9999.000 -9999.000 -9999.000 -9999.000 0.2986103E-02 0.7480423E-02 0.1350318E-01 0.1925043E-01 0.2424299E-01 0.2821571E-01 0.3100499E-01 0.3255281E-01 0.3286056E-01 0.3195233E-01 0.2988808E-01 0.2670542E-01 0.2226017E-01 0.1580777E-01 0.7937708E-02 0.7937708E-02 -9999.000 -9999.000 -9999.000 -9999.000 -9999.000 -9999.000 -9999.000 -9999.000 -9999.000 -9999.000 -9999.000 -9999.000 -9999.000 -9999.000 -9999.000 -9999.000 -9999.000 -9999.000 -9999.000 -9999.000 -9999.000 -9999.000 -9999.000 -9999.000 -9999.000 -9999.000 -9999.000
-9999.000 -9999.000 -9999.000 -9999.000 -9999.000 -9999.000 -9999.000 -9999.000 -9999.000 -9999.000 -9999.000 -9999.000 -9999.000 -9999.000 -9999.000 0.3243240E-02 0.8020674E-02 0.1434447E-01 0.2036870E-01 0.2560475E-01 0.2978012E-01 0.3272508E-01 0.3437999E-01 0.3474598E-01 0.3384598E-01 0.3174260E-01 0.2847210E-01 0.2387364E-01 0.1713656E-01 0.8695574E-02 0.8695574E-02 -9999.000 -9999.000 -9999.000 -9999.000 -9999.000 -9999.000 -9999.000 -9999.000 -9999.000 -9999.000 -9999.000 -9999.000 -9999.000 -9999.000 -9999.000 -9999.000 -9999.000 -9999.000 -9999.000 -9999.000 -9999.000 -9999.000 -9999.000 -9999.000 -9999.000 -9999.000 -9999.000
-9999.000 -9999.000 -9999.000 -9999.000 -9999.000 -9999.000 -9999.000 -9999.000 -9999.000 -9999.000 -9999.000 -9999.000 -9999.000 -9999.000 -9999.000 0.3503072E-02 0.8562763E-02 0.1518170E-01 0.2147613E-01 0.2695094E-01 0.3132789E-01 0.3443216E-01 0.3620460E-01 0.3664591E-01 0.3577833E-01 0.3366639E-01 0.3034416E-01 0.2562981E-01 0.1862974E-01 0.9564565E-02 0.9564565E-02 -9999.000 -9999.000 -9999.000 -9999.000 -9999.000 -9999.000 -9999.000 -9999.000 -9999.000 -9999.000 -9999.000 -9999.000 -9999.000 -9999.000 -9999.000 -9999.000 -9999.000 -9999.000 -9999.000 -9999.000 -9999.000 -9999.000 -9999.000 -9999.000 -9999.000 -9999.000 -9999.000
-9999.000 -9999.000 -9999.000 -9999.000 -9999.000 -9999.000 -9999.000 -9999.000 -9999.000 -9999.000 -9999.000 -9999.000 -9999.000 -9999.000 -9999.000 0.3781882E-02 0.9140692E-02 0.1606753E-01 0.2264247E-01 0.2836639E-01 0.3295615E-01 0.3623328E-01 0.3813954E-01 0.3867628E-01 0.3786504E-01 0.3577291E-01 0.3243072E-01 0.2762965E-01 0.2037484E-01 0.1059705E-01 0.1059705E-01 -9999.000 -9999.000 -9999.000 -9999.000 -9999.000 -9999.000 -9999.000 -9999.000 -9999.000 -9999.000 -9999.000 -9999.000 -9999.000 -9999.000 -9999.000 -9999.000 -9999.000 -9999.000 -9999.000 -9999.000 -9999.000 -9999.000 -9999.000 -9999.000 -9999.000 -9999.000 -9999.000
-9999.000 -9999.000 -9999.000 -9999.000 -9999.000 -9999.000 -9999.000 -9999.000 -9999.000 -9999.000 -9999.000 -9999.000 -9999.000 -9999.000 -9999.000 0.4089536E-02 0.9775741E-02 0.1703535E-01 0.2391241E-01 0.2990585E-01 0.3472888E-01 0.3819966E-01 0.4026296E-01 0.4092086E-01 0.4019419E-01 0.3815398E-01 0.3482656E-01 0.2996985E-01 0.2246624E-01 0.1185350E-01 0.1185350E-01 -9999.000 -9999.000 -9999.000 -9999.000 -9999.000 -9999.000 -9999.000 -9999.000 -9999.000 -9999.000 -9999.000 -9999.000 -9999.000 -9999.000 -9999.000 -9999.000 -9999.000 -9999.000 -9999.000 -9999.000 -9999.000 -9999.000 -9999.000 -9999.000 -9999.000 -9999.000 -9999.000
-9999.000 -9999.000 -9999.000 -9999.000 -9999.000 -9999.000 -9999.000 -9999.000 -9999.000 -9999.000 -9999.000 -9999.000 -9999.000 -9999.000 -9999.000 0.4434177E-02 0.1048483E-01 0.1811242E-01 0.2532293E-01 0.3161544E-01 0.3670107E-01 0.4039498E-01 0.4264620E-01 0.4345893E-01 0.4285400E-01 0.4090664E-01 0.3763808E-01 0.3276616E-01 0.2502350E-01 0.1341246E-01 0.1341246E-01 -9999.000 -9999.000 -9999.000 -9999.000 -9999.000 -9999.000 -9999.000 -9999.000 -9999.000 -9999.000 -9999.000 -9999.000 -9999.000 -9999.000 -9999.000 -9999.000 -9999.000 -9999.000 -9999.000 -9999.000 -9999.000 -9999.000 -9999.000 -9999.000 -9999.000 -9999.000 -9999.000
-9999.000 -9999.000 -9999.000 -9999.000 -9999.000 -9999.000 -9999.000 -9999.000 -9999.000 -9999.000 -9999.000 -9999.000 -9999.000 -9999.000 -9999.000 0.4824027E-02 0.1128617E-01 0.1932812E-01 0.2691434E-01 0.3354602E-01 0.3893360E-01 0.4289058E-01 0.4537226E-01 0.4638548E-01 0.4595158E-01 0.4415275E-01 0.4100414E-01 0.3617418E-01 0.2821360E-01 0.1538594E-01 0.1538594E-01 -9999.000 -9999.000 -9999.000 -9999.000 -9999.000 -9999.000 -9999.000 -9999.000 -9999.000 -9999.000 -9999.000 -9999.000 -9999.000 -9999.000 -9999.000 -9999.000 -9999.000 -9999.000 -9999.000 -9999.000 -9999.000 -9999.000 -9999.000 -9999.000 -9999.000 -9999.000 -9999.000
-9999.000 -9999.000 -9999.000 -9999.000 -9999.000 -9999.000 -9999.000 -9999.000 -9999.000 -9999.000 -9999.000 -9999.000 -9999.000 -9999.000 -9999.000 0.5269718E-02 0.1220329E-01 0.2072054E-01 0.2873861E-01 0.3576393E-01 0.4150746E-01 0.4578182E-01 0.4855171E-01 0.4982865E-01 0.4963538E-01 0.4806318E-01 0.4512092E-01 0.4041766E-01 0.3228156E-01 0.1793935E-01 0.1793935E-01 -9999.000 -9999.000 -9999.000 -9999.000 -9999.000 -9999.000 -9999.000 -9999.000 -9999.000 -9999.000 -9999.000 -9999.000 -9999.000 -9999.000 -9999.000 -9999.000 -9999.000 -9999.000 -9999.000 -9999.000 -9999.000 -9999.000 -9999.000 -9999.000 -9999.000 -9999.000 -9999.000
-9999.000 -9999.000 -9999.000 -9999.000 -9999.000 -9999.000 -9999.000 -9999.000 -9999.000 -9999.000 -9999.000 -9999.000 -9999.000 -9999.000 -9999.000 0.5787212E-02 0.1327052E-01 0.2234519E-01 0.3087229E-01 0.3836619E-01 0.4454041E-01 0.4920845E-01 0.5234814E-01 0.5397797E-01 0.5412419E-01 0.5289207E-01 0.5028393E-01 0.4583695E-01 0.3760551E-01 0.2132974E-01 0.2132974E-01 -9999.000 -9999.000 -9999.000 -9999.000 -9999.000 -9999.000 -9999.000 -9999.000 -9999.000 -9999.000 -9999.000 -9999.000 -9999.000 -9999.000 -9999.000 -9999.000 -9999.000 -9999.000 -9999.000 -9999.000 -9999.000 -9999.000 -9999.000 -9999.000 -9999.000 -9999.000 -9999.000
-9999.000 -9999.000 -9999.000 -9999.000 -9999.000 -9999.000 -9999.000 -9999.000 -9999.000 -9999.000 -9999.000 -9999.000 -9999.000 -9999.000 -9999.000 0.6497528E-02 0.1471123E-01 0.2450624E-01 0.3366736E-01 0.4173008E-01 0.4842133E-01 0.5356576E-01 0.5716632E-01 0.5925425E-01 0.5986562E-01 0.5912688E-01 0.5703457E-01 0.5303806E-01 0.4485016E-01 0.2602464E-01 0.2602464E-01 -9999.000 -9999.000 -9999.000 -9999.000 -9999.000 -9999.000 -9999.000 -9999.000 -9999.000 -9999.000 -9999.000 -9999.000 -9999.000 -9999.000 -9999.000 -9999.000 -9999.000 -9999.000 -9999.000 -9999.000 -9999.000 -9999.000 -9999.000 -9999.000 -9999.000 -9999.000 -9999.000
-9999.000 -9999.000 -9999.000 -9999.000 -9999.000 -9999.000 -9999.000 -9999.000 -9999.000 -9999.000 -9999.000 -9999.000 -9999.000 -9999.000 -9999.000 0.3636662E-01 0.5569193E-01 0.6450349E-01 0.6883784E-01 0.7202581E-01 0.7352272E-01 0.7364063E-01 0.7275064E-01 0.7101540E-01 0.6857981E-01 0.6557515E-01 0.6191027E-01 0.5685325E-01 0.4775986E-01 0.2401705E-01 0.2401705E-01 -9999.000 -9999.000 -9999.000 -9999.000 -9999.000 -9999.000 -9999.000 -9999.000 -9999.000 -9999.000 -9999.000 -9999.000 -9999.000 -9999.000 -9999.000 -9999.000 -9999.000 -9999.000 -9999.000 -9999.000 -9999.000 -9999.000 -9999.000 -9999.000 -9999.000 -9999.000 -9999.000
2.694881 2.694881 2.685949 2.724636 2.730419 2.730419 2.733496 2.735246 2.735246 2.733330 2.733330 2.728840 2.725860 2.722490 2.718873 2.718873 2.796619 2.798894 2.788136 2.759716 2.712406 2.644399 2.554043 2.443934 2.314415 2.167882 2.009114 1.849071 1.714348 1.670478 1.670478 2.526273 2.696652 2.784906 2.804733 2.804733 2.825519 2.825519 2.786399 2.786399 2.730122 2.517252 2.517252 2.053396 2.053396 1.890572 1.890572 1.890572 1.901923 1.901923 1.944195 1.944195 1.994020 1.994020 2.042512 2.042512 2.083919 2.083919
2.715870 2.715870 2.712275 2.772182 2.789169 2.789169 2.803356 2.826895 2.826895 2.846478 2.846478 2.863340 2.870979 2.878184 2.885088 2.885088 2.944210 2.957806 2.968708 2.975526 2.976898 2.970441 2.953210 2.923320 2.878199 2.816082 2.736466 2.641143 2.539083 2.479476 2.479476 2.944037 3.103993 3.250984 3.288902 3.288902 3.327470 3.327470 3.316468 3.316468 3.286908 3.164582 3.164582 2.897670 2.897670 2.705040 2.705040 2.705040 2.715938 2.715938 2.759542 2.759542 2.812295 2.812295 2.863553 2.863553 2.908396 2.908396
2.719480 2.719480 2.716414 2.771771 2.789218 2.789218 2.803922 2.828181 2.828181 2.848357 2.848357 2.865891 2.873912 2.881520 2.888864 2.888864 2.943630 2.966762 2.988544 3.007496 3.022688 3.033088 3.037371 3.034586 3.023173 3.001445 2.968042 2.922867 2.870304 2.838574 2.838574 3.114409 3.269826 3.443637 3.492006 3.492006 3.536021 3.536021 3.515339 3.515339 3.480255 3.371859 3.371859 3.195285 3.195285 3.004471 3.004471 3.004471 2.999797 2.999797 3.033383 3.033383 3.078579 3.078579 3.123600 3.123600 3.163641 3.163641
2.718799 2.718799 2.724264 2.771681 2.789308 2.789308 2.804318 2.828794 2.828794 2.848870 2.848870 2.866270 2.874236 2.881797 2.889125 2.889125 2.942530 2.974216 3.005410 3.033481 3.057092 3.075433 3.087838 3.094049 3.093645 3.086065 3.070752 3.047738 3.019783 3.005101 3.005101 3.176764 3.316708 3.499345 3.552729 3.552729 3.591954 3.591954 3.550842 3.550842 3.509541 3.419111 3.419111 3.311012 3.311012 3.147824 3.147824 3.147824 3.126837 3.126837 3.148811 3.148811 3.187161 3.187161 3.228037 3.228037 3.265141 3.265141
2.719800 2.719800 2.729194 2.771063 2.788780 2.788780 2.804076 2.828835 2.828835 2.848915 2.848915 2.866288 2.874247 2.881805 2.889169 2.889169 2.944766 2.984375 3.024252 3.060721 3.091993 3.117142 3.135628 3.147305 3.152156 3.150208 3.141574 3.126796 3.108227 3.098434 3.098434 3.206858 3.324617 3.498309 3.546825 3.546825 3.561582 3.561582 3.498703 3.498703 3.460805 3.405245 3.405245 3.355810 3.355810 3.237183 3.237183 3.237183 3.204108 3.204108 3.212146 3.212146 3.241497 3.241497 3.277100 3.277100 3.310701 3.310701
2.720495 2.720495 2.732709 2.770654 2.788370 2.788370 2.803870 2.828861 2.828861 2.848945 2.848945 2.866294 2.874248 2.881805 2.889222 2.889222 2.951333 2.998630 3.046477 3.090531 3.128735 3.160082 3.184051 3.200485 3.209429 3.211067 3.205744 3.194202 3.178528 3.167681 3.167681 3.232988 3.324410 3.467823 3.496588 3.496588 3.467727 3.467727 3.401772 3.401772 3.381558 3.371591 3.371591 3.368797 3.368797 3.300110 3.300110 3.300110 3.263651 3.263651 3.258654 3.258654 3.276880 3.276880 3.305070 3.305070 3.333581 3.333581
2.720905 2.720905 2.734818 2.770423 2.788114 2.788114 2.803736 2.828878 2.828878 2.848966 2.848966 2.866297 2.874249 2.881807 2.889297 2.889297 2.963117 3.018249 3.073434 3.124155 3.168341 3.205028 3.233758 3.254386 3.266960 3.271657 3.268830 3.259171 3.244372 3.230703 3.230703 3.264839 3.326947 3.410268 3.400535 3.400535 3.329383 3.329383 3.294853 3.294853 3.301106 3.334251 3.334251 3.365255 3.365255 3.343325 3.343325 3.343325 3.312814 3.312814 3.299161 3.299161 3.305841 3.305841 3.324676 3.324676 3.346222 3.346222
2.721041 2.721041 2.735521 2.770348 2.788027 2.788027 2.803690 2.828886 2.828886 2.848974 2.848974 2.866300 2.874250 2.881807 2.889405 2.889405 2.981230 3.044617 3.106574 3.162938 3.211937 3.252818 3.285286 3.309277 3.324856 3.332186 3.331547 3.323478 3.309200 3.292684 3.292684 3.303027 3.331185 3.309959 3.250701 3.250701 3.177624 3.177624 3.203319 3.203319 3.233778 3.298694 3.298694 3.352701 3.352701 3.370047 3.370047 3.370047 3.352139 3.352139 3.335929 3.335929 3.332779 3.332779 3.341202 3.341202 3.354034 3.354034
2.720905 2.720905 2.734818 2.770423 2.788114 2.788114 2.803737 2.828880 2.828880 2.848966 2.848966 2.866298 2.874249 2.881806 2.889555 2.889555 3.007190 3.079367 3.147482 3.208312 3.260709 3.304346 3.339208 3.365399 3.383064 3.392363 3.393510 3.386863 3.373111 3.353787 3.353787 3.342619 3.323769 3.145889 3.058099 3.058099 3.047180 3.047180 3.132076 3.132076 3.178596 3.263914 3.263914 3.333646 3.333646 3.382131 3.382131 3.382131 3.379801 3.379801 3.366727 3.366727 3.357090 3.357090 3.355340 3.355340 3.358269 3.358269
2.720494 2.720494 2.732711 2.770654 2.788370 2.788370 2.803870 2.828861 2.828861 2.848946 2.848946 2.866294 2.874248 2.881805 2.889763 2.889763 3.043204 3.124567 3.197970 3.261768 3.315818 3.360433 3.396018 3.422930 3.441447 3.451768 3.454054 3.448489 3.435024 3.411289 3.411289 3.370635 3.270644 2.924149 2.867849 2.867849 2.952578 2.952578 3.074505 3.074505 3.129897 3.228141 3.228141 3.309077 3.309077 3.381371 3.381371 3.381371 3.394505 3.394505 3.388410 3.388410 3.376113 3.376113 3.365591 3.365591 3.358231 3.358231
2.719800 2.719800 2.729194 2.771063 2.788780 2.788780 2.804075 2.828835 2.828835 2.848915 2.848915 2.866288 2.874246 2.881804 2.890057 2.890057 3.092539 3.182909 3.260093 3.324780 3.378235 3.421639 3.455929 3.481781 3.499641 3.509771 3.512307 3.507214 3.492884 3.457209 3.457209 3.352982 3.113208 2.703766 2.728563 2.728563 2.882483 2.882483 3.021862 3.021862 3.081967 3.189095 3.189095 3.278224 3.278224 3.368165 3.368165 3.368165 3.394754 3.394754 3.397221 3.397221 3.385435 3.385435 3.368276 3.368276 3.351159 3.351159
