simulation_files/asc/Velocity__y_136.0.asc
NCOLS        79
NROWS        79
XLLCENTER         -1.500000
YLLCENTER         -4.800000
CELLSIZE           0.100
NODATA_VALUE     -9999.0
[rows 0 to 25 of 79, columns 0 to 58 of 79]
-9999.000 -9999.000 -9999.000 -9999.000 -9999.000 -9999.000 -9999.000 -9999.000 -9999.000 -9999.000 -9999.000 -9999.000 -9999.000 -9999.000 -9999.000 -0.1276096 -0.1264167 -0.1263720 -0.1264930 -0.1267087 -0.1269809 -0.1272757 -0.1275654 -0.1278312 -0.1280706 -0.1282928 -0.1286269 -0.1293754 -0.1311719 -0.1319696 -0.1319696 -9999.000 -9999.000 -9999.000 -9999.000 -9999.000 -9999.000 -9999.000 -9999.000 -9999.000 -9999.000 -9999.000 -9999.000 -9999.000 -9999.000 -9999.000 -9999.000 -9999.000 -9999.000 -9999.000 -9999.000 -9999.000 -9999.000 -9999.000 -9999.000 -9999.000 -9999.000 -9999.000 -9999.000
-9999.000 -9999.000 -9999.000 -9999.000 -9999.000 -9999.000 -9999.000 -9999.000 -9999.000 -9999.000 -9999.000 -9999.000 -9999.000 -9999.000 -9999.000 -0.1255615 -0.1230925 -0.1229944 -0.1232682 -0.1237632 -0.1243956 -0.1250915 -0.1257888 -0.1264460 -0.1270580 -0.1276450 -0.1284798 -0.1301946 -0.1340978 -0.1362733 -0.1362733 -9999.000 -9999.000 -9999.000 -9999.000 -9999.000 -9999.000 -9999.000 -9999.000 -9999.000 -9999.000 -9999.000 -9999.000 -9999.000 -9999.000 -9999.000 -9999.000 -9999.000 -9999.000 -9999.000 -9999.000 -9999.000 -9999.000 -9999.000 -9999.000 -9999.000 -9999.000 -9999.000 -9999.000
-9999.000 -9999.000 -9999.000 -9999.000 -9999.000 -9999.000 -9999.000 -9999.000 -9999.000 -9999.000 -9999.000 -9999.000 -9999.000 -9999.000 -9999.000 -0.1221577 -0.1183781 -0.1182425 -0.1187555 -0.1196743 -0.1208579 -0.1221795 -0.1235328 -0.1248440 -0.1261013 -0.1273340 -0.1289804 -0.1320491 -0.1386181 -0.1429704 -0.1429704 -9999.000 -9999.000 -9999.000 -9999.000 -9999.000 -9999.000 -9999.000 -9999.000 -9999.000 -9999.000 -9999.000 -9999.000 -9999.000 -9999.000 -9999.000 -9999.000 -9999.000 -9999.000 -9999.000 -9999.000 -9999.000 -9999.000 -9999.000 -9999.000 -9999.000 -9999.000 -9999.000 -9999.000
-9999.000 -9999.000 -9999.000 -9999.000 -9999.000 -9999.000 -9999.000 -9999.000 -9999.000 -9999.000 -9999.000 -9999.000 -9999.000 -9999.000 -9999.000 -0.1180574 -0.1130673 -0.1129282 -0.1137369 -0.1151576 -0.1169886 -0.1190468 -0.1211762 -0.1232672 -0.1252959 -0.1272971 -0.1298778 -0.1344421 -0.1438931 -0.1510507 -0.1510507 -9999.000 -9999.000 -9999.000 -9999.000 -9999.000 -9999.000 -9999.000 -9999.000 -9999.000 -9999.000 -9999.000 -9999.000 -9999.000 -9999.000 -9999.000 -9999.000 -9999.000 -9999.000 -9999.000 -9999.000 -9999.000 -9999.000 -9999.000 -9999.000 -9999.000 -9999.000 -9999.000 -9999.000
-9999.000 -9999.000 -9999.000 -9999.000 -9999.000 -9999.000 -9999.000 -9999.000 -9999.000 -9999.000 -9999.000 -9999.000 -9999.000 -9999.000 -9999.000 -0.1134365 -0.1073168 -0.1071963 -0.1083405 -0.1103181 -0.1128643 -0.1157360 -0.1187238 -0.1216778 -0.1245609 -0.1274107 -0.1310134 -0.1371950 -0.1497547 -0.1604118 -0.1604118 -9999.000 -9999.000 -9999.000 -9999.000 -9999.000 -9999.000 -9999.000 -9999.000 -9999.000 -9999.000 -9999.000 -9999.000 -9999.000 -9999.000 -9999.000 -9999.000 -9999.000 -9999.000 -9999.000 -9999.000 -9999.000 -9999.000 -9999.000 -9999.000 -9999.000 -9999.000 -9999.000 -9999.000
-9999.000 -9999.000 -9999.000 -9999.000 -9999.000 -9999.000 -9999.000 -9999.000 -9999.000 -9999.000 -9999.000 -9999.000 -9999.000 -9999.000 -9999.000 -0.1083787 -0.1012070 -0.1011219 -0.1026297 -0.1052052 -0.1085171 -0.1122592 -0.1161651 -0.1200429 -0.1238401 -0.1275973 -0.1322935 -0.1402100 -0.1561296 -0.1710977 -0.1710977 -9999.000 -9999.000 -9999.000 -9999.000 -9999.000 -9999.000 -9999.000 -9999.000 -9999.000 -9999.000 -9999.000 -9999.000 -9999.000 -9999.000 -9999.000 -9999.000 -9999.000 -9999.000 -9999.000 -9999.000 -9999.000 -9999.000 -9999.000 -9999.000 -9999.000 -9999.000 -9999.000 -9999.000
-9999.000 -9999.000 -9999.000 -9999.000 -9999.000 -9999.000 -9999.000 -9999.000 -9999.000 -9999.000 -9999.000 -9999.000 -9999.000 -9999.000 -9999.000 -0.1029099 -0.9477252E-01 -0.9473703E-01 -0.9663034E-01 -0.9983580E-01 -0.1039542 -0.1086123 -0.1134839 -0.1183324 -0.1230909 -0.1278027 -0.1336571 -0.1434305 -0.1629975 -0.1832630 -0.1832630 -9999.000 -9999.000 -9999.000 -9999.000 -9999.000 -9999.000 -9999.000 -9999.000 -9999.000 -9999.000 -9999.000 -9999.000 -9999.000 -9999.000 -9999.000 -9999.000 -9999.000 -9999.000 -9999.000 -9999.000 -9999.000 -9999.000 -9999.000 -9999.000 -9999.000 -9999.000 -9999.000 -9999.000
-9999.000 -9999.000 -9999.000 -9999.000 -9999.000 -9999.000 -9999.000 -9999.000 -9999.000 -9999.000 -9999.000 -9999.000 -9999.000 -9999.000 -9999.000 -0.9702016E-01 -0.8801794E-01 -0.8804690E-01 -0.9034448E-01 -0.9420797E-01 -0.9916776E-01 -0.1047805 -0.1106581 -0.1165164 -0.1222757 -0.1279822 -0.1350570 -0.1468202 -0.1703692 -0.1971647 -0.1971647 -9999.000 -9999.000 -9999.000 -9999.000 -9999.000 -9999.000 -9999.000 -9999.000 -9999.000 -9999.000 -9999.000 -9999.000 -9999.000 -9999.000 -9999.000 -9999.000 -9999.000 -9999.000 -9999.000 -9999.000 -9999.000 -9999.000 -9999.000 -9999.000 -9999.000 -9999.000 -9999.000 -9999.000
-9999.000 -9999.000 -9999.000 -9999.000 -9999.000 -9999.000 -9999.000 -9999.000 -9999.000 -9999.000 -9999.000 -9999.000 -9999.000 -9999.000 -9999.000 -0.9067423E-01 -0.8092810E-01 -0.8103822E-01 -0.8375788E-01 -0.8830553E-01 -0.9413844E-01 -0.1007409 -0.1076592 -0.1145611 -0.1213539 -0.1280899 -0.1364470 -0.1503477 -0.1782738 -0.2131743 -0.2131743 -9999.000 -9999.000 -9999.000 -9999.000 -9999.000 -9999.000 -9999.000 -9999.000 -9999.000 -9999.000 -9999.000 -9999.000 -9999.000 -9999.000 -9999.000 -9999.000 -9999.000 -9999.000 -9999.000 -9999.000 -9999.000 -9999.000 -9999.000 -9999.000 -9999.000 -9999.000 -9999.000 -9999.000
-9999.000 -9999.000 -9999.000 -9999.000 -9999.000 -9999.000 -9999.000 -9999.000 -9999.000 -9999.000 -9999.000 -9999.000 -9999.000 -9999.000 -9999.000 -0.8381552E-01 -0.7346994E-01 -0.7368097E-01 -0.7684124E-01 -0.8209878E-01 -0.8883561E-01 -0.9645971E-01 -0.1044499 -0.1124231 -0.1202765 -0.1280703 -0.1377721 -0.1539766 -0.1867487 -0.2318129 -0.2318129 -9999.000 -9999.000 -9999.000 -9999.000 -9999.000 -9999.000 -9999.000 -9999.000 -9999.000 -9999.000 -9999.000 -9999.000 -9999.000 -9999.000 -9999.000 -9999.000 -9999.000 -9999.000 -9999.000 -9999.000 -9999.000 -9999.000 -9999.000 -9999.000 -9999.000 -9999.000 -9999.000 -9999.000
-9999.000 -9999.000 -9999.000 -9999.000 -9999.000 -9999.000 -9999.000 -9999.000 -9999.000 -9999.000 -9999.000 -9999.000 -9999.000 -9999.000 -9999.000 -0.7636643E-01 -0.6559144E-01 -0.6592768E-01 -0.6954843E-01 -0.7554235E-01 -0.8321325E-01 -0.9188929E-01 -0.1009778 -0.1100438 -0.1189772 -0.1278490 -0.1389565 -0.1576530 -0.1958320 -0.2538159 -0.2538159 -9999.000 -9999.000 -9999.000 -9999.000 -9999.000 -9999.000 -9999.000 -9999.000 -9999.000 -9999.000 -9999.000 -9999.000 -9999.000 -9999.000 -9999.000 -9999.000 -9999.000 -9999.000 -9999.000 -9999.000 -9999.000 -9999.000 -9999.000 -9999.000 -9999.000 -9999.000 -9999.000 -9999.000
-9999.000 -9999.000 -9999.000 -9999.000 -9999.000 -9999.000 -9999.000 -9999.000 -9999.000 -9999.000 -9999.000 -9999.000 -9999.000 -9999.000 -9999.000 -0.6822421E-01 -0.5721808E-01 -0.5770787E-01 -0.6181107E-01 -0.6856915E-01 -0.7720424E-01 -0.8695993E-01 -0.9716811E-01 -0.1073402 -0.1173614 -0.1273190 -0.1398889 -0.1612902 -0.2055507 -0.2802447 -0.2802447 -9999.000 -9999.000 -9999.000 -9999.000 -9999.000 -9999.000 -9999.000 -9999.000 -9999.000 -9999.000 -9999.000 -9999.000 -9999.000 -9999.000 -9999.000 -9999.000 -9999.000 -9999.000 -9999.000 -9999.000 -9999.000 -9999.000 -9999.000 -9999.000 -9999.000 -9999.000 -9999.000 -9999.000
-9999.000 -9999.000 -9999.000 -9999.000 -9999.000 -9999.000 -9999.000 -9999.000 -9999.000 -9999.000 -9999.000 -9999.000 -9999.000 -9999.000 -9999.000 -0.5925444E-01 -0.4824577E-01 -0.4892060E-01 -0.5352935E-01 -0.6107953E-01 -0.7070799E-01 -0.8156738E-01 -0.9290921E-01 -0.1041879 -0.1152884 -0.1263195 -0.1403984 -0.1647426 -0.2159006 -0.3126878 -0.3126878 -9999.000 -9999.000 -9999.000 -9999.000 -9999.000 -9999.000 -9999.000 -9999.000 -9999.000 -9999.000 -9999.000 -9999.000 -9999.000 -9999.000 -9999.000 -9999.000 -9999.000 -9999.000 -9999.000 -9999.000 -9999.000 -9999.000 -9999.000 -9999.000 -9999.000 -9999.000 -9999.000 -9999.000
-9999.000 -9999.000 -9999.000 -9999.000 -9999.000 -9999.000 -9999.000 -9999.000 -9999.000 -9999.000 -9999.000 -9999.000 -9999.000 -9999.000 -9999.000 -0.4923560E-01 -0.3850223E-01 -0.3940402E-01 -0.4454930E-01 -0.5292574E-01 -0.6357793E-01 -0.7556055E-01 -0.8803770E-01 -0.1004037 -0.1125469 -0.1246044 -0.1402135 -0.1677595 -0.2268050 -0.3536551 -0.3536551 -9999.000 -9999.000 -9999.000 -9999.000 -9999.000 -9999.000 -9999.000 -9999.000 -9999.000 -9999.000 -9999.000 -9999.000 -9999.000 -9999.000 -9999.000 -9999.000 -9999.000 -9999.000 -9999.000 -9999.000 -9999.000 -9999.000 -9999.000 -9999.000 -9999.000 -9999.000 -9999.000 -9999.000
-9999.000 -9999.000 -9999.000 -9999.000 -9999.000 -9999.000 -9999.000 -9999.000 -9999.000 -9999.000 -9999.000 -9999.000 -9999.000 -9999.000 -9999.000 -0.3101050E-01 -0.2504786E-01 -0.2779803E-01 -0.3463818E-01 -0.4463545E-01 -0.5680576E-01 -0.7016532E-01 -0.8384953E-01 -0.9724773E-01 -0.1103040 -0.1232238 -0.1402633 -0.1711177 -0.2388076 -0.4054987 -0.4054987 -9999.000 -9999.000 -9999.000 -9999.000 -9999.000 -9999.000 -9999.000 -9999.000 -9999.000 -9999.000 -9999.000 -9999.000 -9999.000 -9999.000 -9999.000 -9999.000 -9999.000 -9999.000 -9999.000 -9999.000 -9999.000 -9999.000 -9999.000 -9999.000 -9999.000 -9999.000 -9999.000 -9999.000
-0.2495599E-02 -0.2495599E-02 -0.5555694E-02 -0.5660973E-02 -0.5644225E-02 -0.5644225E-02 -0.5628624E-02 -0.5605114E-02 -0.5605114E-02 -0.5580802E-02 -0.5580802E-02 -0.5550082E-02 -0.5532526E-02 -0.5513902E-02 -0.5494396E-02 -0.5494396E-02 -0.2473605E-01 -0.3092616E-01 -0.4124254E-01 -0.5607607E-01 -0.7459993E-01 -0.9554808E-01 -0.1175895 -0.1395292 -0.1605075 -0.1794426 -0.1983652 -0.2229160 -0.2673031 -0.3837481 -0.3837481 -0.1947401 -0.9473418E-01 -0.2384246E-01 -0.1528322E-01 -0.1528322E-01 -0.7804519E-02 -0.7804519E-02 0.4673232E-02 0.4673232E-02 0.1225527E-01 -0.1824694E-01 -0.1824694E-01 -0.1508948E-01 -0.1508948E-01 0.4969307E-02 0.4969307E-02 0.4969307E-02 0.7089681E-02 0.7089681E-02 0.6235353E-02 0.6235353E-02 0.4346259E-02 0.4346259E-02 0.2275075E-02 0.2275075E-02 0.4850067E-03 0.4850067E-03 0.4850067E-03
-0.3823137E-02 -0.3823137E-02 -0.8242156E-02 -0.8058161E-02 -0.7961261E-02 -0.7961261E-02 -0.7910227E-02 -0.7878892E-02 -0.7878892E-02 -0.7867538E-02 -0.7867538E-02 -0.7845898E-02 -0.7830684E-02 -0.7813666E-02 -0.7794860E-02 -0.7794860E-02 -0.3336418E-01 -0.4396783E-01 -0.5958128E-01 -0.8142736E-01 -0.1089713 -0.1408891 -0.1755597 -0.2112959 -0.2464496 -0.2789933 -0.3079828 -0.3334601 -0.3572410 -0.3854934 -0.3854934 -0.2464618 -0.1516449 -0.6532202E-01 -0.4839353E-01 -0.4839353E-01 -0.2173237E-01 -0.2173237E-01 0.2100707E-01 0.2100707E-01 0.4531556E-01 0.1950315E-01 0.1950315E-01 -0.3153650E-02 -0.3153650E-02 0.1119178E-01 0.1119178E-01 0.1119178E-01 0.1293855E-01 0.1293855E-01 0.1041416E-01 0.1041416E-01 0.6355115E-02 0.6355115E-02 0.2342810E-02 0.2342810E-02 -0.7860046E-03 -0.7860046E-03 -0.7860046E-03
-0.3134150E-02 -0.3134150E-02 -0.6704791E-02 -0.6866238E-02 -0.6741969E-02 -0.6741969E-02 -0.6670475E-02 -0.6642809E-02 -0.6642809E-02 -0.6659885E-02 -0.6659885E-02 -0.6666118E-02 -0.6663410E-02 -0.6658345E-02 -0.6651402E-02 -0.6651402E-02 -0.3092645E-01 -0.4533568E-01 -0.6443371E-01 -0.8962173E-01 -0.1209122 -0.1575243 -0.1982659 -0.2417288 -0.2863717 -0.3308498 -0.3728922 -0.4103899 -0.4411255 -0.4602692 -0.4602692 -0.3664459 -0.2820058 -0.1682558 -0.1295746 -0.1295746 -0.5324651E-01 -0.5324651E-01 0.4543597E-01 0.4543597E-01 0.9455934E-01 0.1162419 0.1162419 0.5633385E-01 0.5633385E-01 0.2390086E-01 0.2390086E-01 0.2390086E-01 0.1681371E-01 0.1681371E-01 0.9845789E-02 0.9845789E-02 0.2992682E-02 0.2992682E-02 -0.2642341E-02 -0.2642341E-02 -0.6298278E-02 -0.6298278E-02 -0.6298278E-02
-0.2463771E-02 -0.2463771E-02 -0.5239377E-02 -0.5570471E-02 -0.5435058E-02 -0.5435058E-02 -0.5347521E-02 -0.5307076E-02 -0.5307076E-02 -0.5326130E-02 -0.5326130E-02 -0.5335795E-02 -0.5334380E-02 -0.5330418E-02 -0.5325103E-02 -0.5325103E-02 -0.2803240E-01 -0.4582168E-01 -0.6837346E-01 -0.9648477E-01 -0.1302857 -0.1693588 -0.2129308 -0.2599998 -0.3093881 -0.3600223 -0.4099313 -0.4567370 -0.4973310 -0.5251119 -0.5251119 -0.4667227 -0.4002736 -0.2796336 -0.2215103 -0.2215103 -0.8523729E-01 -0.8523729E-01 0.7163710E-01 0.7163710E-01 0.1387128 0.1946090 0.1946090 0.1316791 0.1316791 0.4505041E-01 0.4505041E-01 0.4505041E-01 0.2101889E-01 0.2101889E-01 0.6161294E-02 0.6161294E-02 -0.4412082E-02 -0.4412082E-02 -0.1156884E-01 -0.1156884E-01 -0.1521068E-01 -0.1521068E-01 -0.1521068E-01
-0.1819891E-02 -0.1819891E-02 -0.3856518E-02 -0.4226175E-02 -0.4103795E-02 -0.4103795E-02 -0.4018202E-02 -0.3974584E-02 -0.3974584E-02 -0.3992327E-02 -0.3992327E-02 -0.4002010E-02 -0.4001313E-02 -0.3998321E-02 -0.3994176E-02 -0.3994176E-02 -0.2628589E-01 -0.4745380E-01 -0.7392161E-01 -0.1055271 -0.1421688 -0.1835541 -0.2291758 -0.2783450 -0.3302130 -0.3839725 -0.4381342 -0.4905789 -0.5381887 -0.5743581 -0.5743581 -0.5467067 -0.4990102 -0.3762421 -0.2967578 -0.2967578 -0.9767700E-01 -0.9767700E-01 0.9714675E-01 0.9714675E-01 0.1690048 0.2375527 0.2375527 0.1925535 0.1925535 0.7188807E-01 0.7188807E-01 0.7188807E-01 0.2823823E-01 0.2823823E-01 0.2900081E-02 0.2900081E-02 -0.1260974E-01 -0.1260974E-01 -0.2156880E-01 -0.2156880E-01 -0.2496496E-01 -0.2496496E-01 -0.2496496E-01
-0.1198999E-02 -0.1198999E-02 -0.2536205E-02 -0.2841638E-02 -0.2750285E-02 -0.2750285E-02 -0.2683095E-02 -0.2646767E-02 -0.2646767E-02 -0.2660166E-02 -0.2660166E-02 -0.2667883E-02 -0.2667689E-02 -0.2665773E-02 -0.2663035E-02 -0.2663035E-02 -0.2624380E-01 -0.5109457E-01 -0.8201713E-01 -0.1178315 -0.1579871 -0.2021322 -0.2499040 -0.3008491 -0.3543902 -0.4099455 -0.4664477 -0.5221737 -0.5743367 -0.6169422 -0.6169422 -0.6120707 -0.5793750 -0.4423374 -0.3337932 -0.3337932 -0.8330850E-01 -0.8330850E-01 0.1148411 0.1148411 0.1802405 0.2478934 0.2478934 0.2264316 0.2264316 0.9993208E-01 0.9993208E-01 0.9993208E-01 0.3908938E-01 0.3908938E-01 0.1996039E-02 0.1996039E-02 -0.1969572E-01 -0.1969572E-01 -0.3097815E-01 -0.3097815E-01 -0.3413744E-01 -0.3413744E-01 -0.3413744E-01
-0.5950513E-03 -0.5950513E-03 -0.1257642E-02 -0.1428395E-02 -0.1379728E-02 -0.1379728E-02 -0.1342974E-02 -0.1322461E-02 -0.1322461E-02 -0.1329575E-02 -0.1329575E-02 -0.1333919E-02 -0.1333812E-02 -0.1332814E-02 -0.1331655E-02 -0.1331655E-02 -0.2847151E-01 -0.5771075E-01 -0.9375582E-01 -0.1345218 -0.1789177 -0.2264025 -0.2766600 -0.3294175 -0.3843435 -0.4410792 -0.4989190 -0.5565496 -0.6116005 -0.6586797 -0.6586797 -0.6687188 -0.6425306 -0.4617506 -0.3200216 -0.3200216 -0.5365245E-01 -0.5365245E-01 0.1182536 0.1182536 0.1727332 0.2350788 0.2350788 0.2338348 0.2338348 0.1235893 0.1235893 0.1235893 0.5222889E-01 0.5222889E-01 0.4168773E-02 0.4168773E-02 -0.2441934E-01 -0.2441934E-01 -0.3857934E-01 -0.3857934E-01 -0.4169640E-01 -0.4169640E-01 -0.4169640E-01
-0.3872243E-07 -0.3872243E-07 0.1127282E-07 -0.3443415E-07 -0.1253052E-06 -0.1253052E-06 -0.8376606E-07 -0.3954598E-07 -0.3954598E-07 -0.4650118E-07 -0.4650118E-07 0.1754065E-06 0.1685845E-06 0.2176950E-06 0.5132616E-07 0.5132616E-07 -0.3373155E-01 -0.6855490E-01 -0.1106288 -0.1571423 -0.2064911 -0.2578892 -0.3110008 -0.3656878 -0.4218460 -0.4793553 -0.5378470 -0.5964189 -0.6531020 -0.7026167 -0.7026167 -0.7188234 -0.6824166 -0.4223866 -0.2635537 -0.2635537 -0.2797142E-01 -0.2797142E-01 0.1071855 0.1071855 0.1517372 0.2087996 0.2087996 0.2215714 0.2215714 0.1380983 0.1380983 0.1380983 0.6487481E-01 0.6487481E-01 0.8975044E-02 0.8975044E-02 -0.2613279E-01 -0.2613279E-01 -0.4343945E-01 -0.4343945E-01 -0.4677280E-01 -0.4677280E-01 -0.4677280E-01
0.5950428E-03 0.5950428E-03 0.1257565E-02 0.1428103E-02 0.1379573E-02 0.1379573E-02 0.1342807E-02 0.1322381E-02 0.1322381E-02 0.1329501E-02 0.1329501E-02 0.1334118E-02 0.1334076E-02 0.1333150E-02 0.1331663E-02 0.1331663E-02 -0.4319299E-01 -0.8537091E-01 -0.1347079 -0.1878517 -0.2428133 -0.2986015 -0.3548510 -0.4115345 -0.4687567 -0.5266453 -0.5851588 -0.6437969 -0.7008497 -0.7496921 -0.7496921 -0.7575584 -0.6785840 -0.3361832 -0.1948378 -0.1948378 -0.1667780E-01 -0.1667780E-01 0.8695491E-01 0.8695491E-01 0.1241407 0.1763438 0.1763438 0.1970850 0.1970850 0.1411187 0.1411187 0.1411187 0.7386451E-01 0.7386451E-01 0.1503244E-01 0.1503244E-01 -0.2480175E-01 -0.2480175E-01 -0.4491016E-01 -0.4491016E-01 -0.4863505E-01 -0.4863505E-01 -0.4863505E-01
0.1199009E-02 0.1199009E-02 0.2536074E-02 0.2841382E-02 0.2750173E-02 0.2750173E-02 0.2682904E-02 0.2646655E-02 0.2646655E-02 0.2659979E-02 0.2659979E-02 0.2668075E-02 0.2668003E-02 0.2666004E-02 0.2663166E-02 0.2663166E-02 -0.5877354E-01 -0.1107582 -0.1689657 -0.2297032 -0.2908209 -0.3512716 -0.4107294 -0.4692966 -0.5272822 -0.5850616 -0.6429068 -0.7006704 -0.7563482 -0.7973973 -0.7973973 -0.7642917 -0.5989091 -0.2434034 -0.1422884 -0.1422884 -0.1708803E-01 -0.1708803E-01 0.6394306E-01 0.6394306E-01 0.9542544E-01 0.1421788 0.1421788 0.1659985 0.1659985 0.1329182 0.1329182 0.1329182 0.7676712E-01 0.7676712E-01 0.2049302E-01 0.2049302E-01 -0.2094465E-01 -0.2094465E-01 -0.4268984E-01 -0.4268984E-01 -0.4676485E-01 -0.4676485E-01 -0.4676485E-01
0.1819854E-02 0.1819854E-02 0.3856568E-02 0.4226029E-02 0.4103765E-02 0.4103765E-02 0.4018214E-02 0.3974445E-02 0.3974445E-02 0.3992151E-02 0.3992151E-02 0.4002095E-02 0.4001501E-02 0.3998595E-02 0.3994504E-02 0.3994504E-02 -0.8378071E-01 -0.1488343 -0.2178523 -0.2871201 -0.3546801 -0.4196960 -0.4820447 -0.5420347 -0.6002024 -0.6571694 -0.7135003 -0.7692326 -0.8199769 -0.8319870 -0.8319870 -0.6910430 -0.4426354 -0.1767508 -0.1119639 -0.1119639 -0.2139662E-01 -0.2139662E-01 0.4247325E-01 0.4247325E-01 0.6871828E-01 0.1086866 0.1086866 0.1319860 0.1319860 0.1155292 0.1155292 0.1155292 0.7257675E-01 0.7257675E-01 0.2367218E-01 0.2367218E-01 -0.1544070E-01 -0.1544070E-01 -0.3686485E-01 -0.3686485E-01 -0.4096312E-01 -0.4096312E-01 -0.4096312E-01
