simulation_files/asc/Velocity__y_300.0.asc
NCOLS        79
NROWS        79
XLLCENTER         -1.500000
YLLCENTER         -4.800000
CELLSIZE           0.100
NODATA_VALUE     -9999.0
[rows 0 to 26 of 79, columns 0 to 58 of 79]
-9999.000 -9999.000 -9999.000 -9999.000 -9999.000 -9999.000 -9999.000 -9999.000 -9999.000 -9999.000 -9999.000 -9999.000 -9999.000 -9999.000 -9999.000 -0.9553430E-01 -0.9324471E-01 -0.9260786E-01 -0.9282653E-01 -0.9333485E-01 -0.9392209E-01 -0.9454115E-01 -0.9512972E-01 -0.9565456E-01 -0.9613088E-01 -0.9655650E-01 -0.9697487E-01 -0.9758324E-01 -0.9899074E-01 -0.1003347 -0.1003347 -9999.000 -9999.000 -9999.000 -9999.000 -9999.000 -9999.000 -9999.000 -9999.000 -9999.000 -9999.000 -9999.000 -9999.000 -9999.000 -9999.000 -9999.000 -9999.000 -9999.000 -9999.000 -9999.000 -9999.000 -9999.000 -9999.000 -9999.000 -9999.000 -9999.000 -9999.000 -9999.000 -9999.000
-9999.000 -9999.000 -9999.000 -9999.000 -9999.000 -9999.000 -9999.000 -9999.000 -9999.000 -9999.000 -9999.000 -9999.000 -9999.000 -9999.000 -9999.000 -0.9456582E-01 -0.8983552E-01 -0.8849297E-01 -0.8899585E-01 -0.9015178E-01 -0.9150895E-01 -0.9295840E-01 -0.9436021E-01 -0.9563655E-01 -0.9681363E-01 -0.9788192E-01 -0.9892909E-01 -0.1003654 -0.1034620 -0.1067250 -0.1067250 -9999.000 -9999.000 -9999.000 -9999.000 -9999.000 -9999.000 -9999.000 -9999.000 -9999.000 -9999.000 -9999.000 -9999.000 -9999.000 -9999.000 -9999.000 -9999.000 -9999.000 -9999.000 -9999.000 -9999.000 -9999.000 -9999.000 -9999.000 -9999.000 -9999.000 -9999.000 -9999.000 -9999.000
-9999.000 -9999.000 -9999.000 -9999.000 -9999.000 -9999.000 -9999.000 -9999.000 -9999.000 -9999.000 -9999.000 -9999.000 -9999.000 -9999.000 -9999.000 -0.9228057E-01 -0.8497927E-01 -0.8286262E-01 -0.8377404E-01 -0.8580513E-01 -0.8822097E-01 -0.9083294E-01 -0.9340009E-01 -0.9578333E-01 -0.9801321E-01 -0.1000615 -0.1020592 -0.1046539 -0.1098687 -0.1158252 -0.1158252 -9999.000 -9999.000 -9999.000 -9999.000 -9999.000 -9999.000 -9999.000 -9999.000 -9999.000 -9999.000 -9999.000 -9999.000 -9999.000 -9999.000 -9999.000 -9999.000 -9999.000 -9999.000 -9999.000 -9999.000 -9999.000 -9999.000 -9999.000 -9999.000 -9999.000 -9999.000 -9999.000 -9999.000
-9999.000 -9999.000 -9999.000 -9999.000 -9999.000 -9999.000 -9999.000 -9999.000 -9999.000 -9999.000 -9999.000 -9999.000 -9999.000 -9999.000 -9999.000 -0.8935182E-01 -0.7956439E-01 -0.7669662E-01 -0.7808024E-01 -0.8106995E-01 -0.8464168E-01 -0.8852594E-01 -0.9237466E-01 -0.9598361E-01 -0.9938413E-01 -0.1025240 -0.1055748 -0.1094292 -0.1169020 -0.1260707 -0.1260707 -9999.000 -9999.000 -9999.000 -9999.000 -9999.000 -9999.000 -9999.000 -9999.000 -9999.000 -9999.000 -9999.000 -9999.000 -9999.000 -9999.000 -9999.000 -9999.000 -9999.000 -9999.000 -9999.000 -9999.000 -9999.000 -9999.000 -9999.000 -9999.000 -9999.000 -9999.000 -9999.000 -9999.000
-9999.000 -9999.000 -9999.000 -9999.000 -9999.000 -9999.000 -9999.000 -9999.000 -9999.000 -9999.000 -9999.000 -9999.000 -9999.000 -9999.000 -9999.000 -0.8600911E-01 -0.7377987E-01 -0.7016828E-01 -0.7206564E-01 -0.7606838E-01 -0.8085759E-01 -0.8608317E-01 -0.9128506E-01 -0.9619119E-01 -0.1008338 -0.1051329 -0.1093026 -0.1144943 -0.1243655 -0.1373089 -0.1373089 -9999.000 -9999.000 -9999.000 -9999.000 -9999.000 -9999.000 -9999.000 -9999.000 -9999.000 -9999.000 -9999.000 -9999.000 -9999.000 -9999.000 -9999.000 -9999.000 -9999.000 -9999.000 -9999.000 -9999.000 -9999.000 -9999.000 -9999.000 -9999.000 -9999.000 -9999.000 -9999.000 -9999.000
-9999.000 -9999.000 -9999.000 -9999.000 -9999.000 -9999.000 -9999.000 -9999.000 -9999.000 -9999.000 -9999.000 -9999.000 -9999.000 -9999.000 -9999.000 -0.8233244E-01 -0.6769858E-01 -0.6334805E-01 -0.6579323E-01 -0.7085056E-01 -0.7690218E-01 -0.8352021E-01 -0.9012633E-01 -0.9637913E-01 -0.1023146 -0.1078215 -0.1131593 -0.1197580 -0.1321804 -0.1495551 -0.1495551 -9999.000 -9999.000 -9999.000 -9999.000 -9999.000 -9999.000 -9999.000 -9999.000 -9999.000 -9999.000 -9999.000 -9999.000 -9999.000 -9999.000 -9999.000 -9999.000 -9999.000 -9999.000 -9999.000 -9999.000 -9999.000 -9999.000 -9999.000 -9999.000 -9999.000 -9999.000 -9999.000 -9999.000
-9999.000 -9999.000 -9999.000 -9999.000 -9999.000 -9999.000 -9999.000 -9999.000 -9999.000 -9999.000 -9999.000 -9999.000 -9999.000 -9999.000 -9999.000 -0.7833212E-01 -0.6133832E-01 -0.5625673E-01 -0.5928343E-01 -0.6543262E-01 -0.7278448E-01 -0.8083794E-01 -0.8888936E-01 -0.9652814E-01 -0.1037979 -0.1105514 -0.1170997 -0.1251742 -0.1403219 -0.1629259 -0.1629259 -9999.000 -9999.000 -9999.000 -9999.000 -9999.000 -9999.000 -9999.000 -9999.000 -9999.000 -9999.000 -9999.000 -9999.000 -9999.000 -9999.000 -9999.000 -9999.000 -9999.000 -9999.000 -9999.000 -9999.000 -9999.000 -9999.000 -9999.000 -9999.000 -9999.000 -9999.000 -9999.000 -9999.000
-9999.000 -9999.000 -9999.000 -9999.000 -9999.000 -9999.000 -9999.000 -9999.000 -9999.000 -9999.000 -9999.000 -9999.000 -9999.000 -9999.000 -9999.000 -0.7398388E-01 -0.5468922E-01 -0.4888986E-01 -0.5253509E-01 -0.5981265E-01 -0.6850005E-01 -0.7802832E-01 -0.8756151E-01 -0.9662012E-01 -0.1052599 -0.1132941 -0.1210920 -0.1307151 -0.1487901 -0.1776146 -0.1776146 -9999.000 -9999.000 -9999.000 -9999.000 -9999.000 -9999.000 -9999.000 -9999.000 -9999.000 -9999.000 -9999.000 -9999.000 -9999.000 -9999.000 -9999.000 -9999.000 -9999.000 -9999.000 -9999.000 -9999.000 -9999.000 -9999.000 -9999.000 -9999.000 -9999.000 -9999.000 -9999.000 -9999.000
-9999.000 -9999.000 -9999.000 -9999.000 -9999.000 -9999.000 -9999.000 -9999.000 -9999.000 -9999.000 -9999.000 -9999.000 -9999.000 -9999.000 -9999.000 -0.6924362E-01 -0.4772609E-01 -0.4122945E-01 -0.4553495E-01 -0.5397823E-01 -0.6403531E-01 -0.7507644E-01 -0.8612521E-01 -0.9663390E-01 -0.1066771 -0.1160222 -0.1251066 -0.1363573 -0.1575948 -0.1938925 -0.1938925 -9999.000 -9999.000 -9999.000 -9999.000 -9999.000 -9999.000 -9999.000 -9999.000 -9999.000 -9999.000 -9999.000 -9999.000 -9999.000 -9999.000 -9999.000 -9999.000 -9999.000 -9999.000 -9999.000 -9999.000 -9999.000 -9999.000 -9999.000 -9999.000 -9999.000 -9999.000 -9999.000 -9999.000
-9999.000 -9999.000 -9999.000 -9999.000 -9999.000 -9999.000 -9999.000 -9999.000 -9999.000 -9999.000 -9999.000 -9999.000 -9999.000 -9999.000 -9999.000 -0.6405365E-01 -0.4041277E-01 -0.3324697E-01 -0.3826024E-01 -0.4790871E-01 -0.5936900E-01 -0.7196122E-01 -0.8455648E-01 -0.9654211E-01 -0.1080192 -0.1187024 -0.1291081 -0.1420725 -0.1667484 -0.2121252 -0.2121252 -9999.000 -9999.000 -9999.000 -9999.000 -9999.000 -9999.000 -9999.000 -9999.000 -9999.000 -9999.000 -9999.000 -9999.000 -9999.000 -9999.000 -9999.000 -9999.000 -9999.000 -9999.000 -9999.000 -9999.000 -9999.000 -9999.000 -9999.000 -9999.000 -9999.000 -9999.000 -9999.000 -9999.000
-9999.000 -9999.000 -9999.000 -9999.000 -9999.000 -9999.000 -9999.000 -9999.000 -9999.000 -9999.000 -9999.000 -9999.000 -9999.000 -9999.000 -9999.000 -0.5834388E-01 -0.3270266E-01 -0.2490457E-01 -0.3068013E-01 -0.4157557E-01 -0.5447228E-01 -0.6865262E-01 -0.8282331E-01 -0.9630877E-01 -0.1092469 -0.1212901 -0.1330494 -0.1478219 -0.1762604 -0.2328080 -0.2328080 -9999.000 -9999.000 -9999.000 -9999.000 -9999.000 -9999.000 -9999.000 -9999.000 -9999.000 -9999.000 -9999.000 -9999.000 -9999.000 -9999.000 -9999.000 -9999.000 -9999.000 -9999.000 -9999.000 -9999.000 -9999.000 -9999.000 -9999.000 -9999.000 -9999.000 -9999.000 -9999.000 -9999.000
-9999.000 -9999.000 -9999.000 -9999.000 -9999.000 -9999.000 -9999.000 -9999.000 -9999.000 -9999.000 -9999.000 -9999.000 -9999.000 -9999.000 -9999.000 -0.5203023E-01 -0.2453654E-01 -0.1615221E-01 -0.2275292E-01 -0.3493933E-01 -0.4930535E-01 -0.6511032E-01 -0.8088127E-01 -0.9588404E-01 -0.1103055 -0.1237238 -0.1368632 -0.1535463 -0.1861297 -0.2566234 -0.2566234 -9999.000 -9999.000 -9999.000 -9999.000 -9999.000 -9999.000 -9999.000 -9999.000 -9999.000 -9999.000 -9999.000 -9999.000 -9999.000 -9999.000 -9999.000 -9999.000 -9999.000 -9999.000 -9999.000 -9999.000 -9999.000 -9999.000 -9999.000 -9999.000 -9999.000 -9999.000 -9999.000 -9999.000
-9999.000 -9999.000 -9999.000 -9999.000 -9999.000 -9999.000 -9999.000 -9999.000 -9999.000 -9999.000 -9999.000 -9999.000 -9999.000 -9999.000 -9999.000 -0.4500931E-01 -0.1583855E-01 -0.6923078E-02 -0.1442176E-01 -0.2794617E-01 -0.4381375E-01 -0.6127862E-01 -0.7866926E-01 -0.9519910E-01 -0.1111183 -0.1259152 -0.1404516 -0.1591549 -0.1963339 -0.2845362 -0.2845362 -9999.000 -9999.000 -9999.000 -9999.000 -9999.000 -9999.000 -9999.000 -9999.000 -9999.000 -9999.000 -9999.000 -9999.000 -9999.000 -9999.000 -9999.000 -9999.000 -9999.000 -9999.000 -9999.000 -9999.000 -9999.000 -9999.000 -9999.000 -9999.000 -9999.000 -9999.000 -9999.000 -9999.000
-9999.000 -9999.000 -9999.000 -9999.000 -9999.000 -9999.000 -9999.000 -9999.000 -9999.000 -9999.000 -9999.000 -9999.000 -9999.000 -9999.000 -9999.000 -0.3691425E-01 -0.6357062E-02 0.2924056E-02 -0.5632976E-02 -0.2056080E-01 -0.3796733E-01 -0.5712568E-01 -0.7614397E-01 -0.9419342E-01 -0.1116069 -0.1277627 -0.1436918 -0.1645245 -0.2068299 -0.3179914 -0.3179914 -9999.000 -9999.000 -9999.000 -9999.000 -9999.000 -9999.000 -9999.000 -9999.000 -9999.000 -9999.000 -9999.000 -9999.000 -9999.000 -9999.000 -9999.000 -9999.000 -9999.000 -9999.000 -9999.000 -9999.000 -9999.000 -9999.000 -9999.000 -9999.000 -9999.000 -9999.000 -9999.000 -9999.000
-9999.000 -9999.000 -9999.000 -9999.000 -9999.000 -9999.000 -9999.000 -9999.000 -9999.000 -9999.000 -9999.000 -9999.000 -9999.000 -9999.000 -9999.000 -0.1294167E-02 0.1178551E-01 0.1128545E-01 -0.2343304E-02 -0.1828375E-01 -0.3664276E-01 -0.5681635E-01 -0.7673323E-01 -0.9559307E-01 -0.1138590 -0.1307859 -0.1476122 -0.1702415 -0.2177077 -0.3568243 -0.3568243 -9999.000 -9999.000 -9999.000 -9999.000 -9999.000 -9999.000 -9999.000 -9999.000 -9999.000 -9999.000 -9999.000 -9999.000 -9999.000 -9999.000 -9999.000 -9999.000 -9999.000 -9999.000 -9999.000 -9999.000 -9999.000 -9999.000 -9999.000 -9999.000 -9999.000 -9999.000 -9999.000 -9999.000
-0.4184898E-02 -0.4184898E-02 -0.5275134E-02 -0.6955751E-02 -0.6501922E-02 -0.6501922E-02 -0.6353337E-02 -0.6291551E-02 -0.6291551E-02 -0.6270558E-02 -0.6270558E-02 -0.6247685E-02 -0.6237556E-02 -0.6228676E-02 -0.6221697E-02 -0.6221697E-02 0.2219040E-01 0.1652244E-01 0.1517576E-02 -0.1905390E-01 -0.4412135E-01 -0.7252128E-01 -0.1025969 -0.1328488 -0.1623162 -0.1899892 -0.2155842 -0.2410189 -0.2746068 -0.3568286 -0.3568286 -0.1962341 -0.1044799 -0.3531315E-01 -0.2616518E-01 -0.2616518E-01 -0.1900994E-01 -0.1900994E-01 -0.5993400E-02 -0.5993400E-02 0.5213044E-02 0.2707929E-01 0.2707929E-01 0.1431145E-02 0.1431145E-02 -0.3422234E-02 -0.3422234E-02 -0.3422234E-02 0.7721066E-03 0.7721066E-03 0.1404805E-02 0.1404805E-02 0.3928925E-03 0.3928925E-03 -0.9397216E-03 -0.9397216E-03 -0.2193377E-02 -0.2193377E-02 -0.2193377E-02
-0.6190254E-02 -0.6190254E-02 -0.7369277E-02 -0.1013910E-01 -0.9253543E-02 -0.9253543E-02 -0.8936390E-02 -0.8845033E-02 -0.8845033E-02 -0.8846251E-02 -0.8846251E-02 -0.8832272E-02 -0.8826324E-02 -0.8821859E-02 -0.8830799E-02 -0.8830799E-02 0.1782931E-01 0.1246099E-01 -0.3342674E-02 -0.2919051E-01 -0.6294466E-01 -0.1026590 -0.1466564 -0.1930907 -0.2399977 -0.2857334 -0.3286152 -0.3668719 -0.3985068 -0.4224924 -0.4224924 -0.2849936 -0.1882991 -0.9667992E-01 -0.7844930E-01 -0.7844930E-01 -0.5353555E-01 -0.5353555E-01 -0.9434348E-02 -0.9434348E-02 0.2389746E-01 0.8674304E-01 0.8674304E-01 0.5989586E-01 0.5989586E-01 0.1223747E-01 0.1223747E-01 0.1223747E-01 0.6583383E-02 0.6583383E-02 0.2470772E-02 0.2470772E-02 -0.1615934E-02 -0.1615934E-02 -0.5214684E-02 -0.5214684E-02 -0.7978578E-02 -0.7978578E-02 -0.7978578E-02
-0.4389302E-02 -0.4389302E-02 -0.5529913E-02 -0.8806942E-02 -0.7984611E-02 -0.7984611E-02 -0.7577973E-02 -0.7467852E-02 -0.7467852E-02 -0.7507740E-02 -0.7507740E-02 -0.7514521E-02 -0.7515958E-02 -0.7518352E-02 -0.7555163E-02 -0.7555163E-02 0.1050938E-01 0.4916432E-02 -0.1121961E-01 -0.3756078E-01 -0.7262179E-01 -0.1147947 -0.1626684 -0.2147763 -0.2694813 -0.3252295 -0.3803224 -0.4326965 -0.4794925 -0.5133196 -0.5133196 -0.4229924 -0.3386073 -0.2230218 -0.1853431 -0.1853431 -0.1153889 -0.1153889 -0.1121101E-01 -0.1121101E-01 0.5473829E-01 0.1682820 0.1682820 0.1717437 0.1717437 0.5780843E-01 0.5780843E-01 0.5780843E-01 0.2222543E-01 0.2222543E-01 0.3685371E-02 0.3685371E-02 -0.7545412E-02 -0.7545412E-02 -0.1496020E-01 -0.1496020E-01 -0.1944257E-01 -0.1944257E-01 -0.1944257E-01
-0.3080858E-02 -0.3080858E-02 -0.3235877E-02 -0.7449726E-02 -0.6603948E-02 -0.6603948E-02 -0.6135860E-02 -0.5986913E-02 -0.5986913E-02 -0.6028125E-02 -0.6028125E-02 -0.6021472E-02 -0.6013667E-02 -0.6008417E-02 -0.6063334E-02 -0.6063334E-02 0.2953918E-02 -0.4682092E-02 -0.2227357E-01 -0.4951569E-01 -0.8534342E-01 -0.1284513 -0.1776217 -0.2316624 -0.2892973 -0.3492784 -0.4102399 -0.4704209 -0.5271024 -0.5729121 -0.5729121 -0.5287815 -0.4678325 -0.3537594 -0.3013382 -0.3013382 -0.1759793 -0.1759793 0.4109452E-03 0.4109452E-03 0.9369307E-01 0.2333343 0.2333343 0.2572720 0.2572720 0.1132098 0.1132098 0.1132098 0.4494377E-01 0.4494377E-01 0.6767376E-02 0.6767376E-02 -0.1475250E-01 -0.1475250E-01 -0.2717595E-01 -0.2717595E-01 -0.3344987E-01 -0.3344987E-01 -0.3344987E-01
-0.2414752E-02 -0.2414752E-02 -0.1413253E-02 -0.5860978E-02 -0.5133942E-02 -0.5133942E-02 -0.4689224E-02 -0.4496481E-02 -0.4496481E-02 -0.4518583E-02 -0.4518583E-02 -0.4507587E-02 -0.4496894E-02 -0.4488720E-02 -0.4570865E-02 -0.4570865E-02 -0.4845025E-02 -0.1621384E-01 -0.3669877E-01 -0.6598286E-01 -0.1032509 -0.1474677 -0.1976073 -0.2526716 -0.3116271 -0.3734524 -0.4370610 -0.5010656 -0.5632265 -0.6173584 -0.6173584 -0.6086058 -0.5723194 -0.4692102 -0.4016865 -0.4016865 -0.2087783 -0.2087783 0.2997290E-01 0.2997290E-01 0.1338816 0.2706165 0.2706165 0.3026762 0.3026762 0.1639671 0.1639671 0.1639671 0.7197858E-01 0.7197858E-01 0.1374575E-01 0.1374575E-01 -0.2002610E-01 -0.2002610E-01 -0.3870286E-01 -0.3870286E-01 -0.4720000E-01 -0.4720000E-01 -0.4720000E-01
-0.1585382E-02 -0.1585382E-02 -0.8460489E-03 -0.3983636E-02 -0.3505827E-02 -0.3505827E-02 -0.3171627E-02 -0.2984091E-02 -0.2984091E-02 -0.2993926E-02 -0.2993926E-02 -0.2994494E-02 -0.2989217E-02 -0.2984121E-02 -0.3106599E-02 -0.3106599E-02 -0.1332612E-01 -0.2998159E-01 -0.5490435E-01 -0.8758570E-01 -0.1272972 -0.1732120 -0.2245164 -0.2804258 -0.3401390 -0.4028424 -0.4676664 -0.5335162 -0.5986083 -0.6580428 -0.6580428 -0.6738778 -0.6582829 -0.5586947 -0.4657986 -0.4657986 -0.1965070 -0.1965070 0.6702331E-01 0.6702331E-01 0.1623624 0.2785571 0.2785571 0.3128230 0.3128230 0.2011422 0.2011422 0.2011422 0.9953766E-01 0.9953766E-01 0.2485703E-01 0.2485703E-01 -0.2173488E-01 -0.2173488E-01 -0.4775171E-01 -0.4775171E-01 -0.5908728E-01 -0.5908728E-01 -0.5908728E-01
-0.7301051E-03 -0.7301051E-03 -0.4498822E-03 -0.2018432E-02 -0.1775922E-02 -0.1775922E-02 -0.1594306E-02 -0.1482167E-02 -0.1482167E-02 -0.1489236E-02 -0.1489236E-02 -0.1493302E-02 -0.1491271E-02 -0.1488894E-02 -0.1665980E-02 -0.1665980E-02 -0.2316364E-01 -0.4666637E-01 -0.7765166E-01 -0.1152175 -0.1585667 -0.2069943 -0.2598864 -0.3166964 -0.3768838 -0.4398849 -0.5050666 -0.5716012 -0.6380907 -0.7006460 -0.7006460 -0.7324479 -0.7306498 -0.6077223 -0.4718076 -0.4718076 -0.1453139 -0.1453139 0.9389151E-01 0.9389151E-01 0.1700848 0.2629213 0.2629213 0.2981228 0.2981228 0.2206134 0.2206134 0.2206134 0.1230657 0.1230657 0.3868670E-01 0.3868670E-01 -0.1939442E-01 -0.1939442E-01 -0.5321508E-01 -0.5321508E-01 -0.6794138E-01 -0.6794138E-01 -0.6794138E-01
-0.1036171E-06 -0.1036171E-06 -0.4262845E-07 -0.2098755E-06 -0.8637416E-07 -0.8637416E-07 0.5156497E-07 0.2366476E-06 0.2366476E-06 0.7369280E-07 0.7369280E-07 0.6317816E-07 -0.1691965E-07 0.4703824E-07 -0.2510638E-03 -0.2510638E-03 -0.3535764E-01 -0.6744791E-01 -0.1062359 -0.1502579 -0.1985317 -0.2504018 -0.3054316 -0.3633192 -0.4238103 -0.4866340 -0.5514442 -0.6177074 -0.6843621 -0.7480714 -0.7480714 -0.7881296 -0.7884863 -0.5923148 -0.4075944 -0.4075944 -0.8419839E-01 -0.8419839E-01 0.1002891 0.1002891 0.1576152 0.2325119 0.2325119 0.2684925 0.2684925 0.2224786 0.2224786 0.2224786 0.1384725 0.1384725 0.5259386E-01 0.5259386E-01 -0.1354598E-01 -0.1354598E-01 -0.5451822E-01 -0.5451822E-01 -0.7282303E-01 -0.7282303E-01 -0.7282303E-01
0.7298797E-03 0.7298797E-03 0.4495530E-03 0.2018180E-02 0.1775779E-02 0.1775779E-02 0.1594420E-02 0.1482458E-02 0.1482458E-02 0.1489285E-02 0.1489285E-02 0.1493165E-02 0.1491182E-02 0.1488794E-02 0.1137143E-02 0.1137143E-02 -0.5141048E-01 -0.9420852E-01 -0.1427191 -0.1948184 -0.2492958 -0.3055255 -0.3632474 -0.4224136 -0.4830718 -0.5452730 -0.6089969 -0.6740366 -0.7395753 -0.8018785 -0.8018785 -0.8400348 -0.8185242 -0.4952363 -0.2956095 -0.2956095 -0.4126465E-01 -0.4126465E-01 0.8864218E-01 0.8864218E-01 0.1323664 0.1952150 0.1952150 0.2311092 0.2311092 0.2094973 0.2094973 0.2094973 0.1432753 0.1432753 0.6350257E-01 0.6350257E-01 -0.5583298E-02 -0.5583298E-02 -0.5163532E-01 -0.5163532E-01 -0.7304928E-01 -0.7304928E-01 -0.7304928E-01
0.1585133E-02 0.1585133E-02 0.8457749E-03 0.3983584E-02 0.3505819E-02 0.3505819E-02 0.3171680E-02 0.2984184E-02 0.2984184E-02 0.2993987E-02 0.2993987E-02 0.2994249E-02 0.2988794E-02 0.2983799E-02 0.2494519E-02 0.2494519E-02 -0.7369647E-01 -0.1299262 -0.1903105 -0.2520940 -0.3139121 -0.3752386 -0.4360416 -0.4965635 -0.5571725 -0.6182576 -0.6801445 -0.7429499 -0.8057529 -0.8616395 -0.8616395 -0.8765301 -0.7834007 -0.3442735 -0.1874935 -0.1874935 -0.2357864E-01 -0.2357864E-01 0.6779544E-01 0.6779544E-01 0.1024911 0.1562999 0.1562999 0.1904416 0.1904416 0.1854140 0.1854140 0.1854140 0.1370294 0.1370294 0.6883411E-01 0.6883411E-01 0.2626257E-02 0.2626257E-02 -0.4506788E-01 -0.4506788E-01 -0.6827324E-01 -0.6827324E-01 -0.6827324E-01
0.2414605E-02 0.2414605E-02 0.1413123E-02 0.5860813E-02 0.5133975E-02 0.5133975E-02 0.4689217E-02 0.4496467E-02 0.4496467E-02 0.4518847E-02 0.4518847E-02 0.4507571E-02 0.4496802E-02 0.4488457E-02 0.3810142E-02 0.3810142E-02 -0.1061935 -0.1794125 -0.2540284 -0.3269309 -0.3968677 -0.4636112 -0.5274881 -0.5891074 -0.6491963 -0.7084938 -0.7676721 -0.8270729 -0.8843067 -0.9195236 -0.9195236 -0.8564110 -0.6312535 -0.2076998 -0.1180978 -0.1180978 -0.2132644E-01 -0.2132644E-01 0.4543005E-01 0.4543005E-01 0.7329277E-01 0.1185559 0.1185559 0.1490479 0.1490479 0.1538498 0.1538498 0.1538498 0.1209946 0.1209946 0.6722166E-01 0.6722166E-01 0.9261174E-02 0.9261174E-02 -0.3572527E-01 -0.3572527E-01 -0.5857208E-01 -0.5857208E-01 -0.5857208E-01
0.3080701E-02 0.3080701E-02 0.3235732E-02 0.7449503E-02 0.6603705E-02 0.6603705E-02 0.6135942E-02 0.5986796E-02 0.5986796E-02 0.6028199E-02 0.6028199E-02 0.6021541E-02 0.6013712E-02 0.6008347E-02 0.5072972E-02 0.5072972E-02 -0.1560304 -0.2507814 -0.3419563 -0.4268630 -0.5049342 -0.5766150 -0.6428168 -0.7046396 -0.7632256 -0.8196762 -0.8749986 -0.9293097 -0.9728425 -0.9379010 -0.9379010 -0.6978595 -0.3818313 -0.1250053 -0.8394268E-01 -0.8394268E-01 -0.2312558E-01 -0.2312558E-01 0.2572540E-01 0.2572540E-01 0.4731129E-01 0.8331909E-01 0.8331909E-01 0.1084820 0.1084820 0.1179014 0.1179014 0.1179014 0.9745865E-01 0.9745865E-01 0.5874862E-01 0.5874862E-01 0.1308368E-01 0.1308368E-01 -0.2469983E-01 -0.2469983E-01 -0.4451589E-01 -0.4451589E-01 -0.4451589E-01
