simulation_files/asc/Velocity__y_225.0.asc
NCOLS        79
NROWS        79
XLLCENTER         -1.500000
YLLCENTER         -4.800000
CELLSIZE           0.100
NODATA_VALUE     -9999.0
[rows 0 to 26 of 79, columns 0 to 58 of 79]
-9999.000 -9999.000 -9999.000 -9999.000 -9999.000 -9999.000 -9999.000 -9999.000 -9999.000 -9999.000 -9999.000 -9999.000 -9999.000 -9999.000 -9999.000 -0.8937145E-01 -0.8609088E-01 -0.8468154E-01 -0.8408845E-01 -0.8455024E-01 -0.8537116E-01 -0.8623604E-01 -0.8707958E-01 -0.8783164E-01 -0.8846630E-01 -0.8902400E-01 -0.8953746E-01 -0.9017011E-01 -0.9150698E-01 -0.9290203E-01 -0.9290203E-01 -9999.000 -9999.000 -9999.000 -9999.000 -9999.000 -9999.000 -9999.000 -9999.000 -9999.000 -9999.000 -9999.000 -9999.000 -9999.000 -9999.000 -9999.000 -9999.000 -9999.000 -9999.000 -9999.000 -9999.000 -9999.000 -9999.000 -9999.000 -9999.000 -9999.000 -9999.000 -9999.000 -9999.000
-9999.000 -9999.000 -9999.000 -9999.000 -9999.000 -9999.000 -9999.000 -9999.000 -9999.000 -9999.000 -9999.000 -9999.000 -9999.000 -9999.000 -9999.000 -0.9032104E-01 -0.8342412E-01 -0.8041051E-01 -0.7916219E-01 -0.8019668E-01 -0.8204179E-01 -0.8401883E-01 -0.8597670E-01 -0.8775491E-01 -0.8928879E-01 -0.9065656E-01 -0.9191997E-01 -0.9341705E-01 -0.9636988E-01 -0.9972503E-01 -0.9972503E-01 -9999.000 -9999.000 -9999.000 -9999.000 -9999.000 -9999.000 -9999.000 -9999.000 -9999.000 -9999.000 -9999.000 -9999.000 -9999.000 -9999.000 -9999.000 -9999.000 -9999.000 -9999.000 -9999.000 -9999.000 -9999.000 -9999.000 -9999.000 -9999.000 -9999.000 -9999.000 -9999.000 -9999.000
-9999.000 -9999.000 -9999.000 -9999.000 -9999.000 -9999.000 -9999.000 -9999.000 -9999.000 -9999.000 -9999.000 -9999.000 -9999.000 -9999.000 -9999.000 -0.9036585E-01 -0.7950617E-01 -0.7465511E-01 -0.7270160E-01 -0.7449370E-01 -0.7766823E-01 -0.8112054E-01 -0.8458869E-01 -0.8779370E-01 -0.9061372E-01 -0.9315909E-01 -0.9551457E-01 -0.9820868E-01 -0.1031854 -0.1092463 -0.1092463 -9999.000 -9999.000 -9999.000 -9999.000 -9999.000 -9999.000 -9999.000 -9999.000 -9999.000 -9999.000 -9999.000 -9999.000 -9999.000 -9999.000 -9999.000 -9999.000 -9999.000 -9999.000 -9999.000 -9999.000 -9999.000 -9999.000 -9999.000 -9999.000 -9999.000 -9999.000 -9999.000 -9999.000
-9999.000 -9999.000 -9999.000 -9999.000 -9999.000 -9999.000 -9999.000 -9999.000 -9999.000 -9999.000 -9999.000 -9999.000 -9999.000 -9999.000 -9999.000 -0.8992463E-01 -0.7510369E-01 -0.6841402E-01 -0.6578968E-01 -0.6841681E-01 -0.7301456E-01 -0.7804371E-01 -0.8313107E-01 -0.8787357E-01 -0.9208745E-01 -0.9591451E-01 -0.9945665E-01 -0.1034386 -0.1105612 -0.1198032 -0.1198032 -9999.000 -9999.000 -9999.000 -9999.000 -9999.000 -9999.000 -9999.000 -9999.000 -9999.000 -9999.000 -9999.000 -9999.000 -9999.000 -9999.000 -9999.000 -9999.000 -9999.000 -9999.000 -9999.000 -9999.000 -9999.000 -9999.000 -9999.000 -9999.000 -9999.000 -9999.000 -9999.000 -9999.000
-9999.000 -9999.000 -9999.000 -9999.000 -9999.000 -9999.000 -9999.000 -9999.000 -9999.000 -9999.000 -9999.000 -9999.000 -9999.000 -9999.000 -9999.000 -0.8921950E-01 -0.7039233E-01 -0.6184536E-01 -0.5856331E-01 -0.6207882E-01 -0.6816251E-01 -0.7483256E-01 -0.8160804E-01 -0.8795460E-01 -0.9362592E-01 -0.9879699E-01 -0.1035852 -0.1089216 -0.1183105 -0.1312470 -0.1312470 -9999.000 -9999.000 -9999.000 -9999.000 -9999.000 -9999.000 -9999.000 -9999.000 -9999.000 -9999.000 -9999.000 -9999.000 -9999.000 -9999.000 -9999.000 -9999.000 -9999.000 -9999.000 -9999.000 -9999.000 -9999.000 -9999.000 -9999.000 -9999.000 -9999.000 -9999.000 -9999.000 -9999.000
-9999.000 -9999.000 -9999.000 -9999.000 -9999.000 -9999.000 -9999.000 -9999.000 -9999.000 -9999.000 -9999.000 -9999.000 -9999.000 -9999.000 -9999.000 -0.8831593E-01 -0.6542986E-01 -0.5500619E-01 -0.5107464E-01 -0.5552497E-01 -0.6314510E-01 -0.7150419E-01 -0.8001852E-01 -0.8801647E-01 -0.9518904E-01 -0.1017492 -0.1078282 -0.1145773 -0.1263632 -0.1435935 -0.1435935 -9999.000 -9999.000 -9999.000 -9999.000 -9999.000 -9999.000 -9999.000 -9999.000 -9999.000 -9999.000 -9999.000 -9999.000 -9999.000 -9999.000 -9999.000 -9999.000 -9999.000 -9999.000 -9999.000 -9999.000 -9999.000 -9999.000 -9999.000 -9999.000 -9999.000 -9999.000 -9999.000 -9999.000
-9999.000 -9999.000 -9999.000 -9999.000 -9999.000 -9999.000 -9999.000 -9999.000 -9999.000 -9999.000 -9999.000 -9999.000 -9999.000 -9999.000 -9999.000 -0.8721232E-01 -0.6022252E-01 -0.4790657E-01 -0.4333605E-01 -0.4876958E-01 -0.5797315E-01 -0.6806204E-01 -0.7835855E-01 -0.8804609E-01 -0.9675434E-01 -0.1047409 -0.1121490 -0.1203683 -0.1346987 -0.1569502 -0.1569502 -9999.000 -9999.000 -9999.000 -9999.000 -9999.000 -9999.000 -9999.000 -9999.000 -9999.000 -9999.000 -9999.000 -9999.000 -9999.000 -9999.000 -9999.000 -9999.000 -9999.000 -9999.000 -9999.000 -9999.000 -9999.000 -9999.000 -9999.000 -9999.000 -9999.000 -9999.000 -9999.000 -9999.000
-9999.000 -9999.000 -9999.000 -9999.000 -9999.000 -9999.000 -9999.000 -9999.000 -9999.000 -9999.000 -9999.000 -9999.000 -9999.000 -9999.000 -9999.000 -0.8587522E-01 -0.5475178E-01 -0.4053482E-01 -0.3534170E-01 -0.4181150E-01 -0.5264607E-01 -0.6450324E-01 -0.7662175E-01 -0.8803233E-01 -0.9830528E-01 -0.1077516 -0.1165239 -0.1262728 -0.1433182 -0.1714919 -0.1714919 -9999.000 -9999.000 -9999.000 -9999.000 -9999.000 -9999.000 -9999.000 -9999.000 -9999.000 -9999.000 -9999.000 -9999.000 -9999.000 -9999.000 -9999.000 -9999.000 -9999.000 -9999.000 -9999.000 -9999.000 -9999.000 -9999.000 -9999.000 -9999.000 -9999.000 -9999.000 -9999.000 -9999.000
-9999.000 -9999.000 -9999.000 -9999.000 -9999.000 -9999.000 -9999.000 -9999.000 -9999.000 -9999.000 -9999.000 -9999.000 -9999.000 -9999.000 -9999.000 -0.8425216E-01 -0.4898548E-01 -0.3286763E-01 -0.2707486E-01 -0.3464204E-01 -0.4715728E-01 -0.6081935E-01 -0.7479799E-01 -0.8796144E-01 -0.9982421E-01 -0.1107608 -0.1209304 -0.1322723 -0.1522314 -0.1874580 -0.1874580 -9999.000 -9999.000 -9999.000 -9999.000 -9999.000 -9999.000 -9999.000 -9999.000 -9999.000 -9999.000 -9999.000 -9999.000 -9999.000 -9999.000 -9999.000 -9999.000 -9999.000 -9999.000 -9999.000 -9999.000 -9999.000 -9999.000 -9999.000 -9999.000 -9999.000 -9999.000 -9999.000 -9999.000
-9999.000 -9999.000 -9999.000 -9999.000 -9999.000 -9999.000 -9999.000 -9999.000 -9999.000 -9999.000 -9999.000 -9999.000 -9999.000 -9999.000 -9999.000 -0.8227606E-01 -0.4288173E-01 -0.2487264E-01 -0.1851170E-01 -0.2724678E-01 -0.4149512E-01 -0.5699769E-01 -0.7287335E-01 -0.8781631E-01 -0.1012895 -0.1137444 -0.1253424 -0.1383454 -0.1614493 -0.2051668 -0.2051668 -9999.000 -9999.000 -9999.000 -9999.000 -9999.000 -9999.000 -9999.000 -9999.000 -9999.000 -9999.000 -9999.000 -9999.000 -9999.000 -9999.000 -9999.000 -9999.000 -9999.000 -9999.000 -9999.000 -9999.000 -9999.000 -9999.000 -9999.000 -9999.000 -9999.000 -9999.000 -9999.000 -9999.000
-9999.000 -9999.000 -9999.000 -9999.000 -9999.000 -9999.000 -9999.000 -9999.000 -9999.000 -9999.000 -9999.000 -9999.000 -9999.000 -9999.000 -9999.000 -0.7986516E-01 -0.3638813E-01 -0.1650871E-01 -0.9620163E-02 -0.1960515E-01 -0.3564231E-01 -0.5301991E-01 -0.7082836E-01 -0.8757301E-01 -0.1026721 -0.1166701 -0.1297241 -0.1444613 -0.1709799 -0.2250432 -0.2250432 -9999.000 -9999.000 -9999.000 -9999.000 -9999.000 -9999.000 -9999.000 -9999.000 -9999.000 -9999.000 -9999.000 -9999.000 -9999.000 -9999.000 -9999.000 -9999.000 -9999.000 -9999.000 -9999.000 -9999.000 -9999.000 -9999.000 -9999.000 -9999.000 -9999.000 -9999.000 -9999.000 -9999.000
-9999.000 -9999.000 -9999.000 -9999.000 -9999.000 -9999.000 -9999.000 -9999.000 -9999.000 -9999.000 -9999.000 -9999.000 -9999.000 -9999.000 -9999.000 -0.7691871E-01 -0.2943821E-01 -0.7722057E-02 -0.3586214E-03 -0.1168911E-01 -0.2957538E-01 -0.4886083E-01 -0.6863625E-01 -0.8719943E-01 -0.1039328 -0.1194932 -0.1340259 -0.1505748 -0.1808238 -0.2476632 -0.2476632 -9999.000 -9999.000 -9999.000 -9999.000 -9999.000 -9999.000 -9999.000 -9999.000 -9999.000 -9999.000 -9999.000 -9999.000 -9999.000 -9999.000 -9999.000 -9999.000 -9999.000 -9999.000 -9999.000 -9999.000 -9999.000 -9999.000 -9999.000 -9999.000 -9999.000 -9999.000 -9999.000 -9999.000
-9999.000 -9999.000 -9999.000 -9999.000 -9999.000 -9999.000 -9999.000 -9999.000 -9999.000 -9999.000 -9999.000 -9999.000 -9999.000 -9999.000 -9999.000 -0.7328220E-01 -0.2192364E-01 0.1575659E-02 0.9332334E-02 -0.3467845E-02 -0.2326923E-01 -0.4449361E-01 -0.6626720E-01 -0.8665767E-01 -0.1050229 -0.1221569 -0.1381805 -0.1566208 -0.1909688 -0.2738308 -0.2738308 -9999.000 -9999.000 -9999.000 -9999.000 -9999.000 -9999.000 -9999.000 -9999.000 -9999.000 -9999.000 -9999.000 -9999.000 -9999.000 -9999.000 -9999.000 -9999.000 -9999.000 -9999.000 -9999.000 -9999.000 -9999.000 -9999.000 -9999.000 -9999.000 -9999.000 -9999.000 -9999.000 -9999.000
-9999.000 -9999.000 -9999.000 -9999.000 -9999.000 -9999.000 -9999.000 -9999.000 -9999.000 -9999.000 -9999.000 -9999.000 -9999.000 -9999.000 -9999.000 -0.6757770E-01 -0.1278585E-01 0.1206195E-01 0.1953701E-01 0.4818542E-02 -0.1700880E-01 -0.4019307E-01 -0.6396973E-01 -0.8615439E-01 -0.1061030 -0.1247781 -0.1422640 -0.1626531 -0.2015158 -0.3048575 -0.3048575 -9999.000 -9999.000 -9999.000 -9999.000 -9999.000 -9999.000 -9999.000 -9999.000 -9999.000 -9999.000 -9999.000 -9999.000 -9999.000 -9999.000 -9999.000 -9999.000 -9999.000 -9999.000 -9999.000 -9999.000 -9999.000 -9999.000 -9999.000 -9999.000 -9999.000 -9999.000 -9999.000 -9999.000
-9999.000 -9999.000 -9999.000 -9999.000 -9999.000 -9999.000 -9999.000 -9999.000 -9999.000 -9999.000 -9999.000 -9999.000 -9999.000 -9999.000 -9999.000 -0.6935013E-02 0.1806461E-01 0.2533189E-01 0.1916554E-01 -0.1266967E-02 -0.2300943E-01 -0.4592201E-01 -0.6959550E-01 -0.9168214E-01 -0.1116131 -0.1305395 -0.1484437 -0.1700114 -0.2130319 -0.3405693 -0.3405693 -9999.000 -9999.000 -9999.000 -9999.000 -9999.000 -9999.000 -9999.000 -9999.000 -9999.000 -9999.000 -9999.000 -9999.000 -9999.000 -9999.000 -9999.000 -9999.000 -9999.000 -9999.000 -9999.000 -9999.000 -9999.000 -9999.000 -9999.000 -9999.000 -9999.000 -9999.000 -9999.000 -9999.000
-0.4087779E-02 -0.4087779E-02 -0.5867914E-02 -0.7151552E-02 -0.6717796E-02 -0.6717796E-02 -0.6581254E-02 -0.6537569E-02 -0.6537569E-02 -0.6528768E-02 -0.6528768E-02 -0.6505172E-02 -0.6490009E-02 -0.6473528E-02 -0.6461607E-02 -0.6461607E-02 0.3911162E-01 0.3485088E-01 0.1962074E-01 -0.4011864E-02 -0.3167592E-01 -0.6235160E-01 -0.9500135E-01 -0.1279925 -0.1599329 -0.1901660 -0.2181029 -0.2449402 -0.2778973 -0.3503584 -0.3503584 -0.1979960 -0.1085000 -0.3930811E-01 -0.2987919E-01 -0.2987919E-01 -0.2317062E-01 -0.2317062E-01 -0.1155099E-01 -0.1155099E-01 -0.6418457E-03 0.2618211E-01 0.2618211E-01 0.2999333E-01 0.2999333E-01 -0.3568367E-02 -0.3568367E-02 -0.3568367E-02 -0.9755556E-03 -0.9755556E-03 -0.1605212E-03 -0.1605212E-03 -0.7721038E-03 -0.7721038E-03 -0.1939729E-02 -0.1939729E-02 -0.3137570E-02 -0.3137570E-02 -0.3137570E-02
-0.5879583E-02 -0.5879583E-02 -0.8355457E-02 -0.1042509E-01 -0.9541618E-02 -0.9541618E-02 -0.9240703E-02 -0.9179886E-02 -0.9179886E-02 -0.9204641E-02 -0.9204641E-02 -0.9196085E-02 -0.9184648E-02 -0.9171895E-02 -0.9185178E-02 -0.9185178E-02 0.3272378E-01 0.2970712E-01 0.1445179E-01 -0.1077313E-01 -0.4547720E-01 -0.8706242E-01 -0.1333387 -0.1826087 -0.2329845 -0.2824518 -0.3293905 -0.3719690 -0.4078974 -0.4325435 -0.4325435 -0.2965955 -0.1996637 -0.1064298 -0.8788887E-01 -0.8788887E-01 -0.6487481E-01 -0.6487481E-01 -0.2477873E-01 -0.2477873E-01 0.8119499E-02 0.8244511E-01 0.8244511E-01 0.1039634 0.1039634 0.2190394E-01 0.2190394E-01 0.2190394E-01 0.8043147E-02 0.8043147E-02 0.1304936E-02 0.1304936E-02 -0.3459054E-02 -0.3459054E-02 -0.7357452E-02 -0.7357452E-02 -0.1032868E-01 -0.1032868E-01 -0.1032868E-01
-0.3978654E-02 -0.3978654E-02 -0.6328424E-02 -0.9103971E-02 -0.8222350E-02 -0.8222350E-02 -0.7817402E-02 -0.7732900E-02 -0.7732900E-02 -0.7798393E-02 -0.7798393E-02 -0.7818388E-02 -0.7818604E-02 -0.7817961E-02 -0.7883609E-02 -0.7883609E-02 0.2196127E-01 0.1948087E-01 0.4753629E-02 -0.2048929E-01 -0.5558017E-01 -0.9873887E-01 -0.1481505 -0.2023306 -0.2597432 -0.3186381 -0.3773628 -0.4339269 -0.4853879 -0.5253269 -0.5253269 -0.4377867 -0.3543725 -0.2390619 -0.2021687 -0.2021687 -0.1375681 -0.1375681 -0.4008318E-01 -0.4008318E-01 0.2687039E-01 0.1591086 0.1591086 0.2096549 0.2096549 0.8613478E-01 0.8613478E-01 0.8613478E-01 0.3361401E-01 0.3361401E-01 0.6392701E-02 0.6392701E-02 -0.8669258E-02 -0.8669258E-02 -0.1789772E-01 -0.1789772E-01 -0.2341019E-01 -0.2341019E-01 -0.2341019E-01
-0.2082327E-02 -0.2082327E-02 -0.4253704E-02 -0.7740798E-02 -0.6775045E-02 -0.6775045E-02 -0.6292957E-02 -0.6172004E-02 -0.6172004E-02 -0.6244759E-02 -0.6244759E-02 -0.6263748E-02 -0.6262532E-02 -0.6260493E-02 -0.6373095E-02 -0.6373095E-02 0.1135861E-01 0.6928227E-02 -0.8777049E-02 -0.3469738E-01 -0.7007099E-01 -0.1136052 -0.1638331 -0.2194536 -0.2792170 -0.3417599 -0.4057287 -0.4694750 -0.5303703 -0.5823264 -0.5823264 -0.5438019 -0.4856270 -0.3748939 -0.3253829 -0.3253829 -0.2104632 -0.2104632 -0.3911255E-01 -0.3911255E-01 0.5977735E-01 0.2245080 0.2245080 0.2873378 0.2873378 0.1543631 0.1543631 0.1543631 0.6719476E-01 0.6719476E-01 0.1531129E-01 0.1531129E-01 -0.1368720E-01 -0.1368720E-01 -0.3003701E-01 -0.3003701E-01 -0.3857148E-01 -0.3857148E-01 -0.3857148E-01
-0.2569888E-03 -0.2569888E-03 -0.3080983E-02 -0.6158150E-02 -0.5242459E-02 -0.5242459E-02 -0.4770650E-02 -0.4614903E-02 -0.4614903E-02 -0.4674715E-02 -0.4674715E-02 -0.4696980E-02 -0.4697671E-02 -0.4696476E-02 -0.4868285E-02 -0.4868285E-02 0.9736156E-03 -0.7539215E-02 -0.2604182E-01 -0.5391265E-01 -0.9045337E-01 -0.1346959 -0.1855018 -0.2417723 -0.3024528 -0.3664381 -0.4326145 -0.4996711 -0.5655088 -0.6251120 -0.6251120 -0.6229030 -0.5910233 -0.4957009 -0.4345761 -0.4345761 -0.2562299 -0.2562299 -0.1243741E-01 -0.1243741E-01 0.1028351 0.2662866 0.2662866 0.3266273 0.3266273 0.2094944 0.2094944 0.2094944 0.1028700 0.1028700 0.2876152E-01 0.2876152E-01 -0.1567354E-01 -0.1567354E-01 -0.4065915E-01 -0.4065915E-01 -0.5296981E-01 -0.5296981E-01 -0.5296981E-01
0.5485082E-03 0.5485082E-03 -0.2330971E-02 -0.4222217E-02 -0.3579606E-02 -0.3579606E-02 -0.3228918E-02 -0.3076495E-02 -0.3076495E-02 -0.3105869E-02 -0.3105869E-02 -0.3124908E-02 -0.3127577E-02 -0.3128239E-02 -0.3377092E-02 -0.3377092E-02 -0.9705173E-02 -0.2410816E-01 -0.4726920E-01 -0.7863533E-01 -0.1175450 -0.1632466 -0.2149045 -0.2716813 -0.3327549 -0.3972600 -0.4642925 -0.5327965 -0.6011176 -0.6653002 -0.6653002 -0.6877527 -0.6779612 -0.5929800 -0.5112735 -0.5112735 -0.2529242 -0.2529242 0.3139440E-01 0.3139440E-01 0.1407882 0.2794429 0.2794429 0.3321606 0.3321606 0.2441726 0.2441726 0.2441726 0.1352791 0.1352791 0.4583645E-01 0.4583645E-01 -0.1342076E-01 -0.1342076E-01 -0.4804520E-01 -0.4804520E-01 -0.6495646E-01 -0.6495646E-01 -0.6495646E-01
0.3510005E-03 0.3510005E-03 -0.1132978E-02 -0.2135814E-02 -0.1817342E-02 -0.1817342E-02 -0.1637082E-02 -0.1547049E-02 -0.1547049E-02 -0.1553169E-02 -0.1553169E-02 -0.1558853E-02 -0.1559541E-02 -0.1560180E-02 -0.1908937E-02 -0.1908937E-02 -0.2146749E-01 -0.4346350E-01 -0.7314595E-01 -0.1096880 -0.1523532 -0.2005062 -0.2535592 -0.3109596 -0.3721689 -0.4366073 -0.5036267 -0.5724282 -0.6417259 -0.7083688 -0.7083688 -0.7465616 -0.7522193 -0.6548748 -0.5330564 -0.5330564 -0.1994284 -0.1994284 0.7097969E-01 0.7097969E-01 0.1592371 0.2673373 0.2673373 0.3137005 0.3137005 0.2573298 0.2573298 0.2573298 0.1595691 0.1595691 0.6409926E-01 0.6409926E-01 -0.7013914E-02 -0.7013914E-02 -0.5126965E-01 -0.5126965E-01 -0.7336807E-01 -0.7336807E-01 -0.7336807E-01
0.6456367E-04 0.6456367E-04 0.4192592E-04 -0.2336031E-04 -0.2721582E-04 -0.2721582E-04 -0.2661791E-04 -0.1272460E-04 -0.1272460E-04 -0.3944804E-06 -0.3944804E-06 0.4789567E-05 0.5912850E-05 0.5712096E-05 -0.4765568E-03 -0.4765568E-03 -0.3543151E-01 -0.6685231E-01 -0.1049707 -0.1484311 -0.1963113 -0.2480172 -0.3031575 -0.3614573 -0.4226893 -0.4866003 -0.5528578 -0.6209671 -0.6899791 -0.7571657 -0.7571657 -0.8034957 -0.8143274 -0.6576058 -0.4791541 -0.4791541 -0.1235367 -0.1235367 0.8974274E-01 0.8974274E-01 0.1547077 0.2382869 0.2382869 0.2808238 0.2808238 0.2517569 0.2517569 0.2517569 0.1723560 0.1723560 0.8017731E-01 0.8017731E-01 0.2335229E-02 0.2335229E-02 -0.5007749E-01 -0.5007749E-01 -0.7734356E-01 -0.7734356E-01 -0.7734356E-01
-0.3550770E-03 -0.3550770E-03 0.1352522E-02 0.2087082E-02 0.1756717E-02 0.1756717E-02 0.1578173E-02 0.1522363E-02 0.1522363E-02 0.1554857E-02 0.1554857E-02 0.1569881E-02 0.1571829E-02 0.1571793E-02 0.9086528E-03 0.9086528E-03 -0.5322137E-01 -0.9626402E-01 -0.1448718 -0.1970134 -0.2515316 -0.3078550 -0.3657747 -0.4252896 -0.4864924 -0.5494782 -0.6142679 -0.6807126 -0.7481271 -0.8133837 -0.8133837 -0.8585740 -0.8543338 -0.5734476 -0.3588798 -0.3588798 -0.6163171E-01 -0.6163171E-01 0.8603200E-01 0.8603200E-01 0.1335099 0.2008069 0.2008069 0.2406691 0.2406691 0.2318600 0.2318600 0.2318600 0.1724449 0.1724449 0.9079249E-01 0.9079249E-01 0.1258104E-01 0.1258104E-01 -0.4488053E-01 -0.4488053E-01 -0.7635023E-01 -0.7635023E-01 -0.7635023E-01
-0.5493534E-03 -0.5493534E-03 0.2502430E-02 0.4182611E-02 0.3533125E-02 0.3533125E-02 0.3187906E-02 0.3069649E-02 0.3069649E-02 0.3114223E-02 0.3114223E-02 0.3132319E-02 0.3133381E-02 0.3132687E-02 0.2223608E-02 0.2223608E-02 -0.7736205E-01 -0.1348366 -0.1961956 -0.2587371 -0.3211408 -0.3829311 -0.4441327 -0.5050445 -0.5660946 -0.6277319 -0.6903433 -0.7541235 -0.8183442 -0.8769619 -0.8769619 -0.9026242 -0.8394458 -0.4117791 -0.2246940 -0.2246940 -0.2991721E-01 -0.2991721E-01 0.6862305E-01 0.6862305E-01 0.1048402 0.1609596 0.1609596 0.1976719 0.1976719 0.2019877 0.2019877 0.2019877 0.1606333 0.1606333 0.9367476E-01 0.9367476E-01 0.2135899E-01 0.2135899E-01 -0.3668096E-01 -0.3668096E-01 -0.7027124E-01 -0.7027124E-01 -0.7027124E-01
0.3502532E-03 0.3502532E-03 0.2984716E-02 0.6167752E-02 0.5258424E-02 0.5258424E-02 0.4788867E-02 0.4626743E-02 0.4626743E-02 0.4674433E-02 0.4674433E-02 0.4690589E-02 0.4690364E-02 0.4689284E-02 0.3446079E-02 0.3446079E-02 -0.1120428 -0.1876256 -0.2641965 -0.3386565 -0.4097948 -0.4774409 -0.5419875 -0.6041120 -0.6646116 -0.7242966 -0.7839126 -0.8439039 -0.9022605 -0.9409837 -0.9409837 -0.8995029 -0.7105064 -0.2414151 -0.1287965 -0.1287965 -0.2112619E-01 -0.2112619E-01 0.4701687E-01 0.4701687E-01 0.7544654E-01 0.1220517 0.1220517 0.1542996 0.1542996 0.1657446 0.1657446 0.1657446 0.1390159 0.1390159 0.8806234E-01 0.8806234E-01 0.2669765E-01 0.2669765E-01 -0.2680039E-01 -0.2680039E-01 -0.5943662E-01 -0.5943662E-01 -0.5943662E-01
0.2100861E-02 0.2100861E-02 0.4100505E-02 0.7787914E-02 0.6826283E-02 0.6826283E-02 0.6338787E-02 0.6181722E-02 0.6181722E-02 0.6233849E-02 0.6233849E-02 0.6251233E-02 0.6251404E-02 0.6251211E-02 0.4550613E-02 0.4550613E-02 -0.1647452 -0.2631429 -0.3573444 -0.4446543 -0.5245635 -0.5975977 -0.6647550 -0.7272212 -0.7862206 -0.8429357 -0.8984528 -0.9530547 -0.9980612 -0.9699163 -0.9699163 -0.7649001 -0.4556416 -0.1275594 -0.8050024E-01 -0.8050024E-01 -0.2128930E-01 -0.2128930E-01 0.2689178E-01 0.2689178E-01 0.4873736E-01 0.8559434E-01 0.8559434E-01 0.1119622 0.1119622 0.1259569 0.1259569 0.1259569 0.1102622 0.1102622 0.7467746E-01 0.7467746E-01 0.2755773E-01 0.2755773E-01 -0.1652633E-01 -0.1652633E-01 -0.4460760E-01 -0.4460760E-01 -0.4460760E-01
