simulation_files/asc/Velocity____274.0.asc
NCOLS        79
NROWS        79
XLLCENTER         -1.500000
YLLCENTER         -4.800000
CELLSIZE           0.100
NODATA_VALUE     -9999.0
[rows 0 to 26 of 79, columns 0 to 59 of 79]
-9999.000 -9999.000 -9999.000 -9999.000 -9999.000 -9999.000 -9999.000 -9999.000 -9999.000 -9999.000 -9999.000 -9999.000 -9999.000 -9999.000 -9999.000 0.9323193E-01 0.9057378E-01 0.8974369E-01 0.8997826E-01 0.9093061E-01 0.9207776E-01 0.9316800E-01 0.9408445E-01 0.9472932E-01 0.9516128E-01 0.9540799E-01 0.9554091E-01 0.9576414E-01 0.9667028E-01 0.9768122E-01 0.9768122E-01 -9999.000 -9999.000 -9999.000 -9999.000 -9999.000 -9999.000 -9999.000 -9999.000 -9999.000 -9999.000 -9999.000 -9999.000 -9999.000 -9999.000 -9999.000 -9999.000 -9999.000 -9999.000 -9999.000 -9999.000 -9999.000 -9999.000 -9999.000 -9999.000 -9999.000 -9999.000 -9999.000 -9999.000 -9999.000
-9999.000 -9999.000 -9999.000 -9999.000 -9999.000 -9999.000 -9999.000 -9999.000 -9999.000 -9999.000 -9999.000 -9999.000 -9999.000 -9999.000 -9999.000 0.9295388E-01 0.8746691E-01 0.8579794E-01 0.8632278E-01 0.8828973E-01 0.9065401E-01 0.9293605E-01 0.9491363E-01 0.9637775E-01 0.9743288E-01 0.9812309E-01 0.9859214E-01 0.9928878E-01 0.1015230 0.1042804 0.1042804 -9999.000 -9999.000 -9999.000 -9999.000 -9999.000 -9999.000 -9999.000 -9999.000 -9999.000 -9999.000 -9999.000 -9999.000 -9999.000 -9999.000 -9999.000 -9999.000 -9999.000 -9999.000 -9999.000 -9999.000 -9999.000 -9999.000 -9999.000 -9999.000 -9999.000 -9999.000 -9999.000 -9999.000 -9999.000
-9999.000 -9999.000 -9999.000 -9999.000 -9999.000 -9999.000 -9999.000 -9999.000 -9999.000 -9999.000 -9999.000 -9999.000 -9999.000 -9999.000 -9999.000 0.9151436E-01 0.8298229E-01 0.8030853E-01 0.8112709E-01 0.8422949E-01 0.8798478E-01 0.9167622E-01 0.9498499E-01 0.9758823E-01 0.9964336E-01 0.1011990 0.1024565 0.1041061 0.1082251 0.1135659 0.1135659 -9999.000 -9999.000 -9999.000 -9999.000 -9999.000 -9999.000 -9999.000 -9999.000 -9999.000 -9999.000 -9999.000 -9999.000 -9999.000 -9999.000 -9999.000 -9999.000 -9999.000 -9999.000 -9999.000 -9999.000 -9999.000 -9999.000 -9999.000 -9999.000 -9999.000 -9999.000 -9999.000 -9999.000 -9999.000
-9999.000 -9999.000 -9999.000 -9999.000 -9999.000 -9999.000 -9999.000 -9999.000 -9999.000 -9999.000 -9999.000 -9999.000 -9999.000 -9999.000 -9999.000 0.8948877E-01 0.7795820E-01 0.7427514E-01 0.7540913E-01 0.7967086E-01 0.8483692E-01 0.8997139E-01 0.9467418E-01 0.9851275E-01 0.1017000 0.1042783 0.1064934 0.1092714 0.1154793 0.1239453 0.1239453 -9999.000 -9999.000 -9999.000 -9999.000 -9999.000 -9999.000 -9999.000 -9999.000 -9999.000 -9999.000 -9999.000 -9999.000 -9999.000 -9999.000 -9999.000 -9999.000 -9999.000 -9999.000 -9999.000 -9999.000 -9999.000 -9999.000 -9999.000 -9999.000 -9999.000 -9999.000 -9999.000 -9999.000 -9999.000
-9999.000 -9999.000 -9999.000 -9999.000 -9999.000 -9999.000 -9999.000 -9999.000 -9999.000 -9999.000 -9999.000 -9999.000 -9999.000 -9999.000 -9999.000 0.8710405E-01 0.7258578E-01 0.6789986E-01 0.6939030E-01 0.7484762E-01 0.8144391E-01 0.8804263E-01 0.9417621E-01 0.9930371E-01 0.1036980 0.1073864 0.1106545 0.1146687 0.1231271 0.1352748 0.1352748 -9999.000 -9999.000 -9999.000 -9999.000 -9999.000 -9999.000 -9999.000 -9999.000 -9999.000 -9999.000 -9999.000 -9999.000 -9999.000 -9999.000 -9999.000 -9999.000 -9999.000 -9999.000 -9999.000 -9999.000 -9999.000 -9999.000 -9999.000 -9999.000 -9999.000 -9999.000 -9999.000 -9999.000 -9999.000
-9999.000 -9999.000 -9999.000 -9999.000 -9999.000 -9999.000 -9999.000 -9999.000 -9999.000 -9999.000 -9999.000 -9999.000 -9999.000 -9999.000 -9999.000 0.8443511E-01 0.6693999E-01 0.6128142E-01 0.6319818E-01 0.6989890E-01 0.7794219E-01 0.8601642E-01 0.9360179E-01 0.1000484 0.1056954 0.1105474 0.1149269 0.1202537 0.1311127 0.1475742 0.1475742 -9999.000 -9999.000 -9999.000 -9999.000 -9999.000 -9999.000 -9999.000 -9999.000 -9999.000 -9999.000 -9999.000 -9999.000 -9999.000 -9999.000 -9999.000 -9999.000 -9999.000 -9999.000 -9999.000 -9999.000 -9999.000 -9999.000 -9999.000 -9999.000 -9999.000 -9999.000 -9999.000 -9999.000 -9999.000
-9999.000 -9999.000 -9999.000 -9999.000 -9999.000 -9999.000 -9999.000 -9999.000 -9999.000 -9999.000 -9999.000 -9999.000 -9999.000 -9999.000 -9999.000 0.8148769E-01 0.6104201E-01 0.5447396E-01 0.5692260E-01 0.6491938E-01 0.7441669E-01 0.8396570E-01 0.9301191E-01 0.1007936 0.1077241 0.1137749 0.1193069 0.1260093 0.1394260 0.1609598 0.1609598 -9999.000 -9999.000 -9999.000 -9999.000 -9999.000 -9999.000 -9999.000 -9999.000 -9999.000 -9999.000 -9999.000 -9999.000 -9999.000 -9999.000 -9999.000 -9999.000 -9999.000 -9999.000 -9999.000 -9999.000 -9999.000 -9999.000 -9999.000 -9999.000 -9999.000 -9999.000 -9999.000 -9999.000 -9999.000
-9999.000 -9999.000 -9999.000 -9999.000 -9999.000 -9999.000 -9999.000 -9999.000 -9999.000 -9999.000 -9999.000 -9999.000 -9999.000 -9999.000 -9999.000 0.7823333E-01 0.5488867E-01 0.4752604E-01 0.5065822E-01 0.5999697E-01 0.7093353E-01 0.8193999E-01 0.9244437E-01 0.1015661 0.1098014 0.1170767 0.1237930 0.1319303 0.1480781 0.1756206 0.1756206 -9999.000 -9999.000 -9999.000 -9999.000 -9999.000 -9999.000 -9999.000 -9999.000 -9999.000 -9999.000 -9999.000 -9999.000 -9999.000 -9999.000 -9999.000 -9999.000 -9999.000 -9999.000 -9999.000 -9999.000 -9999.000 -9999.000 -9999.000 -9999.000 -9999.000 -9999.000 -9999.000 -9999.000 -9999.000
-9999.000 -9999.000 -9999.000 -9999.000 -9999.000 -9999.000 -9999.000 -9999.000 -9999.000 -9999.000 -9999.000 -9999.000 -9999.000 -9999.000 -9999.000 0.7462430E-01 0.4846846E-01 0.4051366E-01 0.4454456E-01 0.5523761E-01 0.6755964E-01 0.7998201E-01 0.9192805E-01 0.1023849 0.1119398 0.1204586 0.1283842 0.1380156 0.1570918 0.1918184 0.1918184 -9999.000 -9999.000 -9999.000 -9999.000 -9999.000 -9999.000 -9999.000 -9999.000 -9999.000 -9999.000 -9999.000 -9999.000 -9999.000 -9999.000 -9999.000 -9999.000 -9999.000 -9999.000 -9999.000 -9999.000 -9999.000 -9999.000 -9999.000 -9999.000 -9999.000 -9999.000 -9999.000 -9999.000 -9999.000
-9999.000 -9999.000 -9999.000 -9999.000 -9999.000 -9999.000 -9999.000 -9999.000 -9999.000 -9999.000 -9999.000 -9999.000 -9999.000 -9999.000 -9999.000 0.7059924E-01 0.4177184E-01 0.3359482E-01 0.3881964E-01 0.5079118E-01 0.6437788E-01 0.7814016E-01 0.9149361E-01 0.1032693 0.1141517 0.1239254 0.1330806 0.1442662 0.1664968 0.2099055 0.2099055 -9999.000 -9999.000 -9999.000 -9999.000 -9999.000 -9999.000 -9999.000 -9999.000 -9999.000 -9999.000 -9999.000 -9999.000 -9999.000 -9999.000 -9999.000 -9999.000 -9999.000 -9999.000 -9999.000 -9999.000 -9999.000 -9999.000 -9999.000 -9999.000 -9999.000 -9999.000 -9999.000 -9999.000 -9999.000
-9999.000 -9999.000 -9999.000 -9999.000 -9999.000 -9999.000 -9999.000 -9999.000 -9999.000 -9999.000 -9999.000 -9999.000 -9999.000 -9999.000 -9999.000 0.6608385E-01 0.3480869E-01 0.2713590E-01 0.3390682E-01 0.4687887E-01 0.6150049E-01 0.7647740E-01 0.9118082E-01 0.1042448 0.1164536 0.1274862 0.1378842 0.1506855 0.1763285 0.2303559 0.2303559 -9999.000 -9999.000 -9999.000 -9999.000 -9999.000 -9999.000 -9999.000 -9999.000 -9999.000 -9999.000 -9999.000 -9999.000 -9999.000 -9999.000 -9999.000 -9999.000 -9999.000 -9999.000 -9999.000 -9999.000 -9999.000 -9999.000 -9999.000 -9999.000 -9999.000 -9999.000 -9999.000 -9999.000 -9999.000
-9999.000 -9999.000 -9999.000 -9999.000 -9999.000 -9999.000 -9999.000 -9999.000 -9999.000 -9999.000 -9999.000 -9999.000 -9999.000 -9999.000 -9999.000 0.6098966E-01 0.2765141E-01 0.2200598E-01 0.3051352E-01 0.4382320E-01 0.5908550E-01 0.7508366E-01 0.9104721E-01 0.1053498 0.1188734 0.1311577 0.1428030 0.1572807 0.1866287 0.2538199 0.2538199 -9999.000 -9999.000 -9999.000 -9999.000 -9999.000 -9999.000 -9999.000 -9999.000 -9999.000 -9999.000 -9999.000 -9999.000 -9999.000 -9999.000 -9999.000 -9999.000 -9999.000 -9999.000 -9999.000 -9999.000 -9999.000 -9999.000 -9999.000 -9999.000 -9999.000 -9999.000 -9999.000 -9999.000 -9999.000
-9999.000 -9999.000 -9999.000 -9999.000 -9999.000 -9999.000 -9999.000 -9999.000 -9999.000 -9999.000 -9999.000 -9999.000 -9999.000 -9999.000 -9999.000 0.5520683E-01 0.2058865E-01 0.1995765E-01 0.2960587E-01 0.4207708E-01 0.5736807E-01 0.7410077E-01 0.9118947E-01 0.1066550 0.1214646 0.1349775 0.1478609 0.1640709 0.1974509 0.2812135 0.2812135 -9999.000 -9999.000 -9999.000 -9999.000 -9999.000 -9999.000 -9999.000 -9999.000 -9999.000 -9999.000 -9999.000 -9999.000 -9999.000 -9999.000 -9999.000 -9999.000 -9999.000 -9999.000 -9999.000 -9999.000 -9999.000 -9999.000 -9999.000 -9999.000 -9999.000 -9999.000 -9999.000 -9999.000 -9999.000
-9999.000 -9999.000 -9999.000 -9999.000 -9999.000 -9999.000 -9999.000 -9999.000 -9999.000 -9999.000 -9999.000 -9999.000 -9999.000 -9999.000 -9999.000 0.4819917E-01 0.1568194E-01 0.2467579E-01 0.3393305E-01 0.4390602E-01 0.5803364E-01 0.7475746E-01 0.9250604E-01 0.1088266 0.1247206 0.1393060 0.1533159 0.1712379 0.2089535 0.3139381 0.3139381 -9999.000 -9999.000 -9999.000 -9999.000 -9999.000 -9999.000 -9999.000 -9999.000 -9999.000 -9999.000 -9999.000 -9999.000 -9999.000 -9999.000 -9999.000 -9999.000 -9999.000 -9999.000 -9999.000 -9999.000 -9999.000 -9999.000 -9999.000 -9999.000 -9999.000 -9999.000 -9999.000 -9999.000 -9999.000
-9999.000 -9999.000 -9999.000 -9999.000 -9999.000 -9999.000 -9999.000 -9999.000 -9999.000 -9999.000 -9999.000 -9999.000 -9999.000 -9999.000 -9999.000 0.7592461E-01 0.1160469 0.1338048 0.1253295 0.1136780 0.1083186 0.1086560 0.1145742 0.1232883 0.1346870 0.1468067 0.1597859 0.1782715 0.2201993 0.3512541 0.3512541 -9999.000 -9999.000 -9999.000 -9999.000 -9999.000 -9999.000 -9999.000 -9999.000 -9999.000 -9999.000 -9999.000 -9999.000 -9999.000 -9999.000 -9999.000 -9999.000 -9999.000 -9999.000 -9999.000 -9999.000 -9999.000 -9999.000 -9999.000 -9999.000 -9999.000 -9999.000 -9999.000 -9999.000 -9999.000
2.805158 2.805158 2.812512 2.823589 2.843329 2.843329 2.846287 2.846357 2.846357 2.842859 2.842859 2.836934 2.833296 2.829311 2.825275 2.825275 2.953961 2.957663 2.958710 2.943073 2.904196 2.843635 2.760704 2.653673 2.527281 2.382057 2.222062 2.056986 1.912892 1.864717 1.864717 2.686092 2.857410 2.956070 2.980654 2.980654 3.012740 3.012740 2.992982 2.992982 2.947416 2.762167 2.762167 2.369223 2.369223 2.070885 2.070885 2.070885 2.058356 2.058356 2.091614 2.091614 2.139907 2.139907 2.189856 2.189856 2.234209 2.234209 2.234209 2.269028
2.827992 2.827992 2.843892 2.877355 2.904067 2.904067 2.918889 2.941619 2.941619 2.960316 2.960316 2.976368 2.983646 2.990525 2.997285 2.997285 3.093177 3.110748 3.125790 3.136347 3.141007 3.139067 3.128317 3.105520 3.069177 3.016685 2.946711 2.860233 2.763902 2.691595 2.691595 3.128265 3.281012 3.429846 3.470537 3.470537 3.516477 3.516477 3.516195 3.516195 3.493970 3.389679 3.389679 3.172141 3.172141 2.901340 2.901340 2.901340 2.886569 2.886569 2.921872 2.921872 2.973280 2.973280 3.025759 3.025759 3.073214 3.073214 3.073214 3.112719
2.832409 2.832409 2.846025 2.879110 2.903652 2.903652 2.919187 2.942866 2.942866 2.962229 2.962229 2.978984 2.986652 2.993944 3.001177 3.001177 3.087225 3.116578 3.142817 3.165190 3.183093 3.196596 3.205274 3.207902 3.203682 3.190916 3.167875 3.133788 3.091285 3.059259 3.059259 3.304834 3.450820 3.620772 3.670611 3.670611 3.720830 3.720830 3.708337 3.708337 3.678501 3.579731 3.579731 3.430109 3.430109 3.196224 3.196224 3.196224 3.165057 3.165057 3.188252 3.188252 3.231218 3.231218 3.277593 3.277593 3.320478 3.320478 3.320478 3.356631
2.834867 2.834867 2.844737 2.879633 2.902649 2.902649 2.918617 2.942839 2.942839 2.962292 2.962292 2.979055 2.986730 2.994035 3.001339 3.001339 3.081577 3.120898 3.157586 3.190001 3.217258 3.239267 3.256083 3.267508 3.273625 3.274119 3.268426 3.256263 3.239205 3.228887 3.228887 3.379518 3.508418 3.682438 3.735538 3.735538 3.778063 3.778063 3.741394 3.741394 3.701910 3.614114 3.614114 3.520785 3.520785 3.338432 3.338432 3.338432 3.292967 3.292967 3.301942 3.301942 3.336293 3.336293 3.377781 3.377781 3.417515 3.417515 3.417515 3.451269
2.835346 2.835346 2.847558 2.879439 2.901529 2.901529 2.917880 2.942685 2.942685 2.962281 2.962281 2.979073 2.986755 2.994066 3.001466 3.001466 3.080231 3.128174 3.174350 3.216048 3.251986 3.281780 3.305436 3.323006 3.334799 3.341083 3.342050 3.338094 3.330775 3.328023 3.328023 3.423651 3.531028 3.693580 3.739925 3.739925 3.751594 3.751594 3.684114 3.684114 3.643846 3.586871 3.586871 3.547004 3.547004 3.425581 3.425581 3.425581 3.373425 3.373425 3.367280 3.367280 3.390465 3.390465 3.425345 3.425345 3.460942 3.460942 3.460942 3.491604
2.831930 2.831930 2.852980 2.879603 2.901073 2.901073 2.917608 2.942709 2.942709 2.962315 2.962315 2.979069 2.986737 2.994037 3.001559 3.001559 3.084118 3.139967 3.194691 3.244757 3.288594 3.325617 3.355726 3.379000 3.395737 3.406325 3.411209 3.411045 3.407344 3.405769 3.405769 3.465177 3.548357 3.679916 3.703640 3.703640 3.659191 3.659191 3.577031 3.577031 3.551969 3.540790 3.540790 3.546166 3.546166 3.484393 3.484393 3.484393 3.435935 3.435935 3.417834 3.417834 3.428311 3.428311 3.454221 3.454221 3.483743 3.483743 3.483743 3.509845
2.831581 2.831581 2.855339 2.879510 2.900659 2.900659 2.917326 2.942677 2.942677 2.962330 2.962330 2.979075 2.986738 2.994033 3.001737 3.001737 3.094221 3.157892 3.220390 3.277833 3.328580 3.371983 3.407905 3.436421 3.457786 3.472365 3.480620 3.483206 3.481402 3.479119 3.479119 3.513275 3.570365 3.641393 3.620113 3.620113 3.514274 3.514274 3.456871 3.456871 3.458969 3.493635 3.493635 3.532470 3.532470 3.521946 3.521946 3.521946 3.486226 3.486226 3.462526 3.462526 3.461179 3.461179 3.476451 3.476451 3.497860 3.497860 3.497860 3.517699
2.831480 2.831480 2.856082 2.879482 2.900522 2.900522 2.917230 2.942667 2.942667 2.962334 2.962334 2.979079 2.986740 2.994035 3.002004 3.002004 3.111615 3.183481 3.253168 3.317002 3.373530 3.422227 3.463016 3.496017 3.521467 3.539695 3.551103 3.556247 3.556071 3.552864 3.552864 3.568257 3.595286 3.557382 3.473222 3.473222 3.346366 3.346366 3.350450 3.350450 3.379954 3.449578 3.449578 3.511308 3.511308 3.541651 3.541651 3.541651 3.523937 3.523937 3.501797 3.501797 3.491839 3.491839 3.496114 3.496114 3.507761 3.507761 3.507761 3.519656
2.831580 2.831580 2.855339 2.879510 2.900658 2.900658 2.917326 2.942678 2.942678 2.962330 2.962330 2.979075 2.986738 2.994033 3.002371 3.002371 3.137827 3.218551 3.294954 3.364155 3.425199 3.477882 3.522315 3.558731 3.587412 3.608665 3.622837 3.630352 3.631744 3.627279 3.627279 3.625044 3.608656 3.398094 3.266678 3.266678 3.195817 3.195817 3.269935 3.269935 3.318201 3.409604 3.409604 3.486419 3.486419 3.547647 3.547647 3.547647 3.549071 3.549071 3.534187 3.534187 3.520179 3.520179 3.514538 3.514538 3.515464 3.515464 3.515464 3.517987
2.831930 2.831930 2.852980 2.879603 2.901074 2.901074 2.917608 2.942709 2.942709 2.962316 2.962316 2.979068 2.986737 2.994036 3.002886 3.002886 3.175185 3.265499 3.348090 3.421489 3.485590 3.540708 3.587286 3.625749 3.656478 3.679808 3.696052 3.705500 3.708027 3.699905 3.699905 3.669853 3.573073 3.161083 3.045862 3.045862 3.086703 3.086703 3.207846 3.207846 3.266191 3.370300 3.370300 3.457479 3.457479 3.541591 3.541591 3.541591 3.560513 3.560513 3.556094 3.556094 3.542308 3.542308 3.529061 3.529061 3.519351 3.519351 3.519351 3.511696
2.835347 2.835347 2.847558 2.879439 2.901531 2.901531 2.917880 2.942686 2.942686 2.962281 2.962281 2.979073 2.986755 2.994067 3.003627 3.003627 3.227280 3.327652 3.415537 3.491600 3.556951 3.612642 3.659559 3.698395 3.729688 3.753837 3.771151 3.781742 3.783816 3.762069 3.762069 3.664402 3.422949 2.902927 2.873914 2.873914 3.011258 3.011258 3.153865 3.153865 3.217129 3.328971 3.328971 3.423565 3.423565 3.524206 3.524206 3.524206 3.557522 3.557522 3.564214 3.564214 3.553650 3.553650 3.535523 3.535523 3.516182 3.516182 3.516182 3.498335
2.834868 2.834868 2.844737 2.879633 2.902649 2.902649 2.918617 2.942839 2.942839 2.962292 2.962292 2.979054 2.986729 2.994035 3.004558 3.004558 3.299696 3.409693 3.501110 3.577566 3.641773 3.695707 3.740784 3.778014 3.808107 3.831550 3.848659 3.859069 3.854945 3.780969 3.780969 3.521657 3.115415 2.713544 2.764071 2.764071 2.944903 2.944903 3.096107 3.096107 3.162108 3.279440 3.279440 3.379607 3.379607 3.492008 3.492008 3.492008 3.536294 3.536294 3.552886 3.552886 3.546930 3.546930 3.526314 3.526314 3.499037 3.499037 3.499037 3.471873
