simulation_files/asc/Velocity__x_317.0.asc
NCOLS        79
NROWS        79
XLLCENTER         -1.500000
YLLCENTER         -4.800000
CELLSIZE           0.100
NODATA_VALUE     -9999.0
[rows 0 to 25 of 79, columns 0 to 57 of 79]
-9999.000 -9999.000 -9999.000 -9999.000 -9999.000 -9999.000 -9999.000 -9999.000 -9999.000 -9999.000 -9999.000 -9999.000 -9999.000 -9999.000 -9999.000 0.2046201E-03 0.1920225E-02 0.5447058E-02 0.9119358E-02 0.1231143E-01 0.1480781E-01 0.1653116E-01 0.1749007E-01 0.1774677E-01 0.1736207E-01 0.1640135E-01 0.1489559E-01 0.1269235E-01 0.9050854E-02 0.4450809E-02 0.4450809E-02 -9999.000 -9999.000 -9999.000 -9999.000 -9999.000 -9999.000 -9999.000 -9999.000 -9999.000 -9999.000 -9999.000 -9999.000 -9999.000 -9999.000 -9999.000 -9999.000 -9999.000 -9999.000 -9999.000 -9999.000 -9999.000 -9999.000 -9999.000 -9999.000 -9999.000 -9999.000 -9999.000
-9999.000 -9999.000 -9999.000 -9999.000 -9999.000 -9999.000 -9999.000 -9999.000 -9999.000 -9999.000 -9999.000 -9999.000 -9999.000 -9999.000 -9999.000 0.1401998E-02 0.4317533E-02 0.8978475E-02 0.1369369E-01 0.1782274E-01 0.2109444E-01 0.2337642E-01 0.2463138E-01 0.2488649E-01 0.2418207E-01 0.2257447E-01 0.2010028E-01 0.1664454E-01 0.1159568E-01 0.5685621E-02 0.5685621E-02 -9999.000 -9999.000 -9999.000 -9999.000 -9999.000 -9999.000 -9999.000 -9999.000 -9999.000 -9999.000 -9999.000 -9999.000 -9999.000 -9999.000 -9999.000 -9999.000 -9999.000 -9999.000 -9999.000 -9999.000 -9999.000 -9999.000 -9999.000 -9999.000 -9999.000 -9999.000 -9999.000
-9999.000 -9999.000 -9999.000 -9999.000 -9999.000 -9999.000 -9999.000 -9999.000 -9999.000 -9999.000 -9999.000 -9999.000 -9999.000 -9999.000 -9999.000 0.1972637E-02 0.5526657E-02 0.1088680E-01 0.1624108E-01 0.2091575E-01 0.2461743E-01 0.2719525E-01 0.2859858E-01 0.2884749E-01 0.2798008E-01 0.2605793E-01 0.2312806E-01 0.1908674E-01 0.1331483E-01 0.6566679E-02 0.6566679E-02 -9999.000 -9999.000 -9999.000 -9999.000 -9999.000 -9999.000 -9999.000 -9999.000 -9999.000 -9999.000 -9999.000 -9999.000 -9999.000 -9999.000 -9999.000 -9999.000 -9999.000 -9999.000 -9999.000 -9999.000 -9999.000 -9999.000 -9999.000 -9999.000 -9999.000 -9999.000 -9999.000
-9999.000 -9999.000 -9999.000 -9999.000 -9999.000 -9999.000 -9999.000 -9999.000 -9999.000 -9999.000 -9999.000 -9999.000 -9999.000 -9999.000 -9999.000 0.2319494E-02 0.6271420E-02 0.1207765E-01 0.1784533E-01 0.2287561E-01 0.2686071E-01 0.2963895E-01 0.3115399E-01 0.3142358E-01 0.3048551E-01 0.2840426E-01 0.2523176E-01 0.2086188E-01 0.1464281E-01 0.7278035E-02 0.7278035E-02 -9999.000 -9999.000 -9999.000 -9999.000 -9999.000 -9999.000 -9999.000 -9999.000 -9999.000 -9999.000 -9999.000 -9999.000 -9999.000 -9999.000 -9999.000 -9999.000 -9999.000 -9999.000 -9999.000 -9999.000 -9999.000 -9999.000 -9999.000 -9999.000 -9999.000 -9999.000 -9999.000
-9999.000 -9999.000 -9999.000 -9999.000 -9999.000 -9999.000 -9999.000 -9999.000 -9999.000 -9999.000 -9999.000 -9999.000 -9999.000 -9999.000 -9999.000 0.2578809E-02 0.6829828E-02 0.1297282E-01 0.1905438E-01 0.2435662E-01 0.2856307E-01 0.3150432E-01 0.3312120E-01 0.3343110E-01 0.3247099E-01 0.3030744E-01 0.2699387E-01 0.2241445E-01 0.1586948E-01 0.7959794E-02 0.7959794E-02 -9999.000 -9999.000 -9999.000 -9999.000 -9999.000 -9999.000 -9999.000 -9999.000 -9999.000 -9999.000 -9999.000 -9999.000 -9999.000 -9999.000 -9999.000 -9999.000 -9999.000 -9999.000 -9999.000 -9999.000 -9999.000 -9999.000 -9999.000 -9999.000 -9999.000 -9999.000 -9999.000
-9999.000 -9999.000 -9999.000 -9999.000 -9999.000 -9999.000 -9999.000 -9999.000 -9999.000 -9999.000 -9999.000 -9999.000 -9999.000 -9999.000 -9999.000 0.2813548E-02 0.7332696E-02 0.1377370E-01 0.2013232E-01 0.2567572E-01 0.3008107E-01 0.3317428E-01 0.3489478E-01 0.3526035E-01 0.3430706E-01 0.3210320E-01 0.2870188E-01 0.2397297E-01 0.1715383E-01 0.8693331E-02 0.8693331E-02 -9999.000 -9999.000 -9999.000 -9999.000 -9999.000 -9999.000 -9999.000 -9999.000 -9999.000 -9999.000 -9999.000 -9999.000 -9999.000 -9999.000 -9999.000 -9999.000 -9999.000 -9999.000 -9999.000 -9999.000 -9999.000 -9999.000 -9999.000 -9999.000 -9999.000 -9999.000 -9999.000
-9999.000 -9999.000 -9999.000 -9999.000 -9999.000 -9999.000 -9999.000 -9999.000 -9999.000 -9999.000 -9999.000 -9999.000 -9999.000 -9999.000 -9999.000 0.3054135E-02 0.7843630E-02 0.1457894E-01 0.2120883E-01 0.2698799E-01 0.3159053E-01 0.3483831E-01 0.3667095E-01 0.3710752E-01 0.3618317E-01 0.3396782E-01 0.3051297E-01 0.2566946E-01 0.1859697E-01 0.9534224E-02 0.9534224E-02 -9999.000 -9999.000 -9999.000 -9999.000 -9999.000 -9999.000 -9999.000 -9999.000 -9999.000 -9999.000 -9999.000 -9999.000 -9999.000 -9999.000 -9999.000 -9999.000 -9999.000 -9999.000 -9999.000 -9999.000 -9999.000 -9999.000 -9999.000 -9999.000 -9999.000 -9999.000 -9999.000
-9999.000 -9999.000 -9999.000 -9999.000 -9999.000 -9999.000 -9999.000 -9999.000 -9999.000 -9999.000 -9999.000 -9999.000 -9999.000 -9999.000 -9999.000 0.3316796E-02 0.8396501E-02 0.1544082E-01 0.2235235E-01 0.2837639E-01 0.3318598E-01 0.3659970E-01 0.3855906E-01 0.3908511E-01 0.3821164E-01 0.3601050E-01 0.3253105E-01 0.2760009E-01 0.2028233E-01 0.1053265E-01 0.1053265E-01 -9999.000 -9999.000 -9999.000 -9999.000 -9999.000 -9999.000 -9999.000 -9999.000 -9999.000 -9999.000 -9999.000 -9999.000 -9999.000 -9999.000 -9999.000 -9999.000 -9999.000 -9999.000 -9999.000 -9999.000 -9999.000 -9999.000 -9999.000 -9999.000 -9999.000 -9999.000 -9999.000
-9999.000 -9999.000 -9999.000 -9999.000 -9999.000 -9999.000 -9999.000 -9999.000 -9999.000 -9999.000 -9999.000 -9999.000 -9999.000 -9999.000 -9999.000 0.3611909E-02 0.9012764E-02 0.1639256E-01 0.2360679E-01 0.2989390E-01 0.3492831E-01 0.3852682E-01 0.4063332E-01 0.4127219E-01 0.4047576E-01 0.3831827E-01 0.3484648E-01 0.2985685E-01 0.2229885E-01 0.1174559E-01 0.1174559E-01 -9999.000 -9999.000 -9999.000 -9999.000 -9999.000 -9999.000 -9999.000 -9999.000 -9999.000 -9999.000 -9999.000 -9999.000 -9999.000 -9999.000 -9999.000 -9999.000 -9999.000 -9999.000 -9999.000 -9999.000 -9999.000 -9999.000 -9999.000 -9999.000 -9999.000 -9999.000 -9999.000
-9999.000 -9999.000 -9999.000 -9999.000 -9999.000 -9999.000 -9999.000 -9999.000 -9999.000 -9999.000 -9999.000 -9999.000 -9999.000 -9999.000 -9999.000 0.3947588E-02 0.9710300E-02 0.1746194E-01 0.2500878E-01 0.3158562E-01 0.3687096E-01 0.4068040E-01 0.4296201E-01 0.4374447E-01 0.4305882E-01 0.4098257E-01 0.3755894E-01 0.3254825E-01 0.2475953E-01 0.1324685E-01 0.1324685E-01 -9999.000 -9999.000 -9999.000 -9999.000 -9999.000 -9999.000 -9999.000 -9999.000 -9999.000 -9999.000 -9999.000 -9999.000 -9999.000 -9999.000 -9999.000 -9999.000 -9999.000 -9999.000 -9999.000 -9999.000 -9999.000 -9999.000 -9999.000 -9999.000 -9999.000 -9999.000 -9999.000
-9999.000 -9999.000 -9999.000 -9999.000 -9999.000 -9999.000 -9999.000 -9999.000 -9999.000 -9999.000 -9999.000 -9999.000 -9999.000 -9999.000 -9999.000 0.4332727E-02 0.1050725E-01 0.1867803E-01 0.2659797E-01 0.3350113E-01 0.3907296E-01 0.4312868E-01 0.4562337E-01 0.4659107E-01 0.4606158E-01 0.4411750E-01 0.4079809E-01 0.3581932E-01 0.2781988E-01 0.1514145E-01 0.1514145E-01 -9999.000 -9999.000 -9999.000 -9999.000 -9999.000 -9999.000 -9999.000 -9999.000 -9999.000 -9999.000 -9999.000 -9999.000 -9999.000 -9999.000 -9999.000 -9999.000 -9999.000 -9999.000 -9999.000 -9999.000 -9999.000 -9999.000 -9999.000 -9999.000 -9999.000 -9999.000 -9999.000
-9999.000 -9999.000 -9999.000 -9999.000 -9999.000 -9999.000 -9999.000 -9999.000 -9999.000 -9999.000 -9999.000 -9999.000 -9999.000 -9999.000 -9999.000 0.4778619E-02 0.1142826E-01 0.2007977E-01 0.2842630E-01 0.3570490E-01 0.4161155E-01 0.4596283E-01 0.4872264E-01 0.4993324E-01 0.4962344E-01 0.4788308E-01 0.4474746E-01 0.3987910E-01 0.3170852E-01 0.1758360E-01 0.1758360E-01 -9999.000 -9999.000 -9999.000 -9999.000 -9999.000 -9999.000 -9999.000 -9999.000 -9999.000 -9999.000 -9999.000 -9999.000 -9999.000 -9999.000 -9999.000 -9999.000 -9999.000 -9999.000 -9999.000 -9999.000 -9999.000 -9999.000 -9999.000 -9999.000 -9999.000 -9999.000 -9999.000
-9999.000 -9999.000 -9999.000 -9999.000 -9999.000 -9999.000 -9999.000 -9999.000 -9999.000 -9999.000 -9999.000 -9999.000 -9999.000 -9999.000 -9999.000 0.5301464E-02 0.1250806E-01 0.2172286E-01 0.3056946E-01 0.3829170E-01 0.4460054E-01 0.4931566E-01 0.5241423E-01 0.5394862E-01 0.5394881E-01 0.5251541E-01 0.4968044E-01 0.4504175E-01 0.3677459E-01 0.2081089E-01 0.2081089E-01 -9999.000 -9999.000 -9999.000 -9999.000 -9999.000 -9999.000 -9999.000 -9999.000 -9999.000 -9999.000 -9999.000 -9999.000 -9999.000 -9999.000 -9999.000 -9999.000 -9999.000 -9999.000 -9999.000 -9999.000 -9999.000 -9999.000 -9999.000 -9999.000 -9999.000 -9999.000 -9999.000
-9999.000 -9999.000 -9999.000 -9999.000 -9999.000 -9999.000 -9999.000 -9999.000 -9999.000 -9999.000 -9999.000 -9999.000 -9999.000 -9999.000 -9999.000 0.6102074E-02 0.1413393E-01 0.2413999E-01 0.3358573E-01 0.4182258E-01 0.4858483E-01 0.5370938E-01 0.5720080E-01 0.5913026E-01 0.5953266E-01 0.5852650E-01 0.5614226E-01 0.5189712E-01 0.4364831E-01 0.2526168E-01 0.2526168E-01 -9999.000 -9999.000 -9999.000 -9999.000 -9999.000 -9999.000 -9999.000 -9999.000 -9999.000 -9999.000 -9999.000 -9999.000 -9999.000 -9999.000 -9999.000 -9999.000 -9999.000 -9999.000 -9999.000 -9999.000 -9999.000 -9999.000 -9999.000 -9999.000 -9999.000 -9999.000 -9999.000
-9999.000 -9999.000 -9999.000 -9999.000 -9999.000 -9999.000 -9999.000 -9999.000 -9999.000 -9999.000 -9999.000 -9999.000 -9999.000 -9999.000 -9999.000 0.4905213E-01 0.7421902E-01 0.8475300E-01 0.8274624E-01 0.8230140E-01 0.8088853E-01 0.7868049E-01 0.7595651E-01 0.7280050E-01 0.6923873E-01 0.6532159E-01 0.6093472E-01 0.5536828E-01 0.4610486E-01 0.2302492E-01 0.2302492E-01 -9999.000 -9999.000 -9999.000 -9999.000 -9999.000 -9999.000 -9999.000 -9999.000 -9999.000 -9999.000 -9999.000 -9999.000 -9999.000 -9999.000 -9999.000 -9999.000 -9999.000 -9999.000 -9999.000 -9999.000 -9999.000 -9999.000 -9999.000 -9999.000 -9999.000 -9999.000 -9999.000
2.734532 2.734532 2.717425 2.762033 2.769729 2.769729 2.772587 2.772943 2.772943 2.769967 2.769967 2.764821 2.761618 2.758071 2.754363 2.754363 2.850047 2.852840 2.848398 2.823226 2.778530 2.713064 2.624335 2.514969 2.385786 2.238785 2.078454 1.915192 1.775156 1.724920 1.724920 2.577641 2.750088 2.842595 2.864171 2.864171 2.889055 2.889055 2.856822 2.856822 2.804285 2.601183 2.601183 2.139685 2.139685 1.951590 1.951590 1.951590 1.955177 1.955177 1.994586 1.994586 2.044001 2.044001 2.093044 2.093044 2.135502 2.135502
2.756746 2.756746 2.743421 2.810711 2.829460 2.829460 2.843593 2.865970 2.865970 2.884661 2.884661 2.901009 2.908491 2.915586 2.922463 2.922463 2.994583 3.009581 3.022459 3.030289 3.032651 3.027587 3.011960 2.983793 2.940612 2.880410 2.802439 2.708478 2.605933 2.540468 2.540468 3.002195 3.162276 3.311341 3.350409 3.350409 3.391759 3.391759 3.384580 3.384580 3.357563 3.241271 3.241271 2.987462 2.987462 2.770491 2.770491 2.770491 2.773424 2.773424 2.814572 2.814572 2.867016 2.867016 2.918739 2.918739 2.964510 2.964510
2.761526 2.761526 2.745682 2.810697 2.829555 2.829555 2.844186 2.867285 2.867285 2.886558 2.886558 2.903579 2.911443 2.918947 2.926277 2.926277 2.992143 3.017491 3.041070 3.061045 3.076928 3.088058 3.093149 3.091274 3.081007 3.060630 3.028667 2.984937 2.933003 2.898937 2.898937 3.169576 3.325415 3.501333 3.550990 3.550990 3.598168 3.598168 3.580904 3.580904 3.547466 3.441196 3.441196 3.274087 3.274087 3.068131 3.068131 3.068131 3.055160 3.055160 3.085682 3.085682 3.130314 3.130314 3.175875 3.175875 3.216926 3.216926
2.764508 2.764508 2.749012 2.810349 2.829016 2.829016 2.843934 2.867343 2.867343 2.886618 2.886618 2.903619 2.911484 2.918994 2.926368 2.926368 2.989350 3.023782 3.057037 3.086500 3.111079 3.130222 3.143351 3.150238 3.150563 3.143797 3.129369 3.107281 3.079813 3.063642 3.063642 3.231026 3.370704 3.555368 3.610355 3.610355 3.653477 3.653477 3.615278 3.615278 3.574152 3.482537 3.482537 3.379974 3.379974 3.210904 3.210904 3.210904 3.182235 3.182235 3.200275 3.200275 3.237516 3.237516 3.278715 3.278715 3.316772 3.316772
2.765740 2.765740 2.753448 2.809953 2.828440 2.828440 2.843613 2.867333 2.867333 2.886607 2.886607 2.903587 2.911457 2.918978 2.926419 2.926419 2.990320 3.032929 3.075079 3.113236 3.145778 3.171959 3.191324 3.203765 3.209320 3.208044 3.200057 3.185880 3.167573 3.156610 3.156610 3.261393 3.378201 3.553859 3.604476 3.604476 3.623496 3.623496 3.560943 3.560943 3.521488 3.463048 3.463048 3.416932 3.416932 3.299196 3.299196 3.299196 3.260427 3.260427 3.264103 3.264103 3.291610 3.291610 3.327090 3.327090 3.361440 3.361440
2.764697 2.764697 2.758628 2.809801 2.828264 2.828264 2.843698 2.867724 2.867724 2.886990 2.886990 2.903898 2.911732 2.919219 2.926705 2.926705 2.996079 3.046403 3.096619 3.142549 3.182253 3.214845 3.239878 3.257232 3.266993 3.269363 3.264688 3.253688 3.238245 3.226525 3.226525 3.288766 3.378772 3.524537 3.556016 3.556016 3.529902 3.529902 3.460177 3.460177 3.437454 3.424953 3.424953 3.424609 3.424609 3.360409 3.360409 3.360409 3.320917 3.320917 3.311936 3.311936 3.327739 3.327739 3.355254 3.355254 3.384172 3.384172
2.762052 2.762052 2.764132 2.809608 2.827977 2.827977 2.843536 2.867753 2.867753 2.887025 2.887025 2.903913 2.911741 2.919227 2.926828 2.926828 3.007247 3.065346 3.122944 3.175660 3.221520 3.259634 3.289603 3.311316 3.324849 3.330399 3.328319 3.319276 3.304818 3.290638 3.290638 3.322398 3.383125 3.470310 3.463259 3.463259 3.389735 3.389735 3.348535 3.348535 3.352674 3.384711 3.384711 3.417791 3.417791 3.401478 3.401478 3.401478 3.370410 3.370410 3.353879 3.353879 3.357989 3.357989 3.375659 3.375659 3.397200 3.397200
2.761820 2.761820 2.765477 2.809506 2.827863 2.827863 2.843474 2.867762 2.867762 2.887035 2.887035 2.903915 2.911743 2.919227 2.926990 2.926990 3.025052 3.091280 3.155623 3.214039 3.264816 3.307252 3.341092 3.366302 3.382971 3.391275 3.391503 3.384171 3.370399 3.353767 3.353767 3.362611 3.390308 3.375590 3.316180 3.316180 3.233038 3.233038 3.252023 3.252023 3.281713 3.347013 3.347013 3.402919 3.402919 3.425806 3.425806 3.425806 3.409151 3.409151 3.391533 3.391533 3.386199 3.386199 3.393189 3.393189 3.405612 3.405612
2.762048 2.762048 2.764134 2.809607 2.827977 2.827977 2.843536 2.867753 2.867753 2.887024 2.887024 2.903911 2.911741 2.919226 2.927214 2.927214 3.051008 3.125870 3.196306 3.259177 3.313391 3.358648 3.394966 3.422470 3.441323 3.451701 3.453821 3.448033 3.434963 3.415932 3.415932 3.404482 3.387717 3.217127 3.121912 3.121912 3.096310 3.096310 3.177994 3.177994 3.224876 3.311289 3.311289 3.382664 3.382664 3.436078 3.436078 3.436078 3.436023 3.436023 3.422960 3.422960 3.411934 3.411934 3.408776 3.408776 3.410964 3.410964
2.764689 2.764689 2.758633 2.809801 2.828264 2.828264 2.843696 2.867723 2.867723 2.886989 2.886989 2.903898 2.911732 2.919219 2.927522 2.927522 3.087313 3.171199 3.246820 3.312603 3.368446 3.414690 3.451760 3.480033 3.499796 3.511265 3.514607 3.510003 3.497391 3.474444 3.474444 3.435613 3.342900 2.995559 2.923707 2.923707 2.997322 2.997322 3.119192 3.119192 3.175574 3.274941 3.274941 3.357306 3.357306 3.433907 3.433907 3.433907 3.449754 3.449754 3.444793 3.444793 3.432122 3.432122 3.420542 3.420542 3.412266 3.412266
2.765730 2.765730 2.753454 2.809952 2.828437 2.828437 2.843611 2.867332 2.867332 2.886607 2.886607 2.903588 2.911457 2.918977 2.927757 2.927757 3.137125 3.229899 3.309190 3.375775 3.430961 3.475955 3.511713 3.538924 3.558048 3.569360 3.573002 3.568948 3.555665 3.521631 3.521631 3.423564 3.197522 2.765809 2.775086 2.775086 2.925678 2.925678 3.066242 3.066242 3.127689 3.235474 3.235474 3.325951 3.325951 3.419692 3.419692 3.419692 3.449072 3.449072 3.453413 3.453413 3.442177 3.442177 3.424548 3.424548 3.406519 3.406519
