simulation_files/asc/Velocity__y_339.0.asc
NCOLS        79
NROWS        79
XLLCENTER         -1.500000
YLLCENTER         -4.800000
CELLSIZE           0.100
NODATA_VALUE     -9999.0
[rows 0 to 26 of 79, columns 0 to 58 of 79]
-9999.000 -9999.000 -9999.000 -9999.000 -9999.000 -9999.000 -9999.000 -9999.000 -9999.000 -9999.000 -9999.000 -9999.000 -9999.000 -9999.000 -9999.000 -0.9958025E-01 -0.9791244E-01 -0.9778402E-01 -0.9803148E-01 -0.9843305E-01 -0.9891552E-01 -0.9943040E-01 -0.9990937E-01 -0.1003644 -0.1007786 -0.1011508 -0.1015371 -0.1021528 -0.1036214 -0.1049303 -0.1049303 -9999.000 -9999.000 -9999.000 -9999.000 -9999.000 -9999.000 -9999.000 -9999.000 -9999.000 -9999.000 -9999.000 -9999.000 -9999.000 -9999.000 -9999.000 -9999.000 -9999.000 -9999.000 -9999.000 -9999.000 -9999.000 -9999.000 -9999.000 -9999.000 -9999.000 -9999.000 -9999.000 -9999.000
-9999.000 -9999.000 -9999.000 -9999.000 -9999.000 -9999.000 -9999.000 -9999.000 -9999.000 -9999.000 -9999.000 -9999.000 -9999.000 -9999.000 -9999.000 -0.9779871E-01 -0.9441060E-01 -0.9415655E-01 -0.9472974E-01 -0.9566142E-01 -0.9679148E-01 -0.9801046E-01 -0.9916804E-01 -0.1002839 -0.1013175 -0.1022630 -0.1032353 -0.1046838 -0.1079072 -0.1111061 -0.1111061 -9999.000 -9999.000 -9999.000 -9999.000 -9999.000 -9999.000 -9999.000 -9999.000 -9999.000 -9999.000 -9999.000 -9999.000 -9999.000 -9999.000 -9999.000 -9999.000 -9999.000 -9999.000 -9999.000 -9999.000 -9999.000 -9999.000 -9999.000 -9999.000 -9999.000 -9999.000 -9999.000 -9999.000
-9999.000 -9999.000 -9999.000 -9999.000 -9999.000 -9999.000 -9999.000 -9999.000 -9999.000 -9999.000 -9999.000 -9999.000 -9999.000 -9999.000 -9999.000 -0.9455208E-01 -0.8943596E-01 -0.8908679E-01 -0.9012781E-01 -0.9180627E-01 -0.9385597E-01 -0.9608955E-01 -0.9825250E-01 -0.1003658 -0.1023531 -0.1041950 -0.1060684 -0.1086842 -0.1141097 -0.1199879 -0.1199879 -9999.000 -9999.000 -9999.000 -9999.000 -9999.000 -9999.000 -9999.000 -9999.000 -9999.000 -9999.000 -9999.000 -9999.000 -9999.000 -9999.000 -9999.000 -9999.000 -9999.000 -9999.000 -9999.000 -9999.000 -9999.000 -9999.000 -9999.000 -9999.000 -9999.000 -9999.000 -9999.000 -9999.000
-9999.000 -9999.000 -9999.000 -9999.000 -9999.000 -9999.000 -9999.000 -9999.000 -9999.000 -9999.000 -9999.000 -9999.000 -9999.000 -9999.000 -9999.000 -0.9059414E-01 -0.8387785E-01 -0.8347337E-01 -0.8504613E-01 -0.8755421E-01 -0.9062338E-01 -0.9398359E-01 -0.9727002E-01 -0.1005038 -0.1035655 -0.1064182 -0.1092991 -0.1131900 -0.1209688 -0.1300688 -0.1300688 -9999.000 -9999.000 -9999.000 -9999.000 -9999.000 -9999.000 -9999.000 -9999.000 -9999.000 -9999.000 -9999.000 -9999.000 -9999.000 -9999.000 -9999.000 -9999.000 -9999.000 -9999.000 -9999.000 -9999.000 -9999.000 -9999.000 -9999.000 -9999.000 -9999.000 -9999.000 -9999.000 -9999.000
-9999.000 -9999.000 -9999.000 -9999.000 -9999.000 -9999.000 -9999.000 -9999.000 -9999.000 -9999.000 -9999.000 -9999.000 -9999.000 -9999.000 -9999.000 -0.8615433E-01 -0.7792742E-01 -0.7749178E-01 -0.7963693E-01 -0.8302762E-01 -0.8717972E-01 -0.9173755E-01 -0.9622001E-01 -0.1006502 -0.1048607 -0.1087946 -0.1127524 -0.1180027 -0.1282895 -0.1412021 -0.1412021 -9999.000 -9999.000 -9999.000 -9999.000 -9999.000 -9999.000 -9999.000 -9999.000 -9999.000 -9999.000 -9999.000 -9999.000 -9999.000 -9999.000 -9999.000 -9999.000 -9999.000 -9999.000 -9999.000 -9999.000 -9999.000 -9999.000 -9999.000 -9999.000 -9999.000 -9999.000 -9999.000 -9999.000
-9999.000 -9999.000 -9999.000 -9999.000 -9999.000 -9999.000 -9999.000 -9999.000 -9999.000 -9999.000 -9999.000 -9999.000 -9999.000 -9999.000 -9999.000 -0.8132082E-01 -0.7166401E-01 -0.7121712E-01 -0.7396538E-01 -0.7827710E-01 -0.8355856E-01 -0.8936576E-01 -0.9509510E-01 -0.1007757 -0.1061874 -0.1112526 -0.1163407 -0.1230272 -0.1359910 -0.1534077 -0.1534077 -9999.000 -9999.000 -9999.000 -9999.000 -9999.000 -9999.000 -9999.000 -9999.000 -9999.000 -9999.000 -9999.000 -9999.000 -9999.000 -9999.000 -9999.000 -9999.000 -9999.000 -9999.000 -9999.000 -9999.000 -9999.000 -9999.000 -9999.000 -9999.000 -9999.000 -9999.000 -9999.000 -9999.000
-9999.000 -9999.000 -9999.000 -9999.000 -9999.000 -9999.000 -9999.000 -9999.000 -9999.000 -9999.000 -9999.000 -9999.000 -9999.000 -9999.000 -9999.000 -0.7611290E-01 -0.6511164E-01 -0.6467436E-01 -0.6805231E-01 -0.7331780E-01 -0.7976784E-01 -0.8686678E-01 -0.9388337E-01 -0.1008581 -0.1075127 -0.1137491 -0.1200132 -0.1282138 -0.1440473 -0.1668090 -0.1668090 -9999.000 -9999.000 -9999.000 -9999.000 -9999.000 -9999.000 -9999.000 -9999.000 -9999.000 -9999.000 -9999.000 -9999.000 -9999.000 -9999.000 -9999.000 -9999.000 -9999.000 -9999.000 -9999.000 -9999.000 -9999.000 -9999.000 -9999.000 -9999.000 -9999.000 -9999.000 -9999.000 -9999.000
-9999.000 -9999.000 -9999.000 -9999.000 -9999.000 -9999.000 -9999.000 -9999.000 -9999.000 -9999.000 -9999.000 -9999.000 -9999.000 -9999.000 -9999.000 -0.7051518E-01 -0.5826613E-01 -0.5786199E-01 -0.6189655E-01 -0.6814642E-01 -0.7580095E-01 -0.8423063E-01 -0.9256864E-01 -0.1008762 -0.1088098 -0.1162519 -0.1237343 -0.1335309 -0.1524581 -0.1816132 -0.1816132 -9999.000 -9999.000 -9999.000 -9999.000 -9999.000 -9999.000 -9999.000 -9999.000 -9999.000 -9999.000 -9999.000 -9999.000 -9999.000 -9999.000 -9999.000 -9999.000 -9999.000 -9999.000 -9999.000 -9999.000 -9999.000 -9999.000 -9999.000 -9999.000 -9999.000 -9999.000 -9999.000 -9999.000
-9999.000 -9999.000 -9999.000 -9999.000 -9999.000 -9999.000 -9999.000 -9999.000 -9999.000 -9999.000 -9999.000 -9999.000 -9999.000 -9999.000 -9999.000 -0.6449288E-01 -0.5110736E-01 -0.5076426E-01 -0.5548342E-01 -0.6274764E-01 -0.7164168E-01 -0.8143879E-01 -0.9112912E-01 -0.1008055 -0.1100505 -0.1187285 -0.1274699 -0.1389521 -0.1612351 -0.1981125 -0.1981125 -9999.000 -9999.000 -9999.000 -9999.000 -9999.000 -9999.000 -9999.000 -9999.000 -9999.000 -9999.000 -9999.000 -9999.000 -9999.000 -9999.000 -9999.000 -9999.000 -9999.000 -9999.000 -9999.000 -9999.000 -9999.000 -9999.000 -9999.000 -9999.000 -9999.000 -9999.000 -9999.000 -9999.000
-9999.000 -9999.000 -9999.000 -9999.000 -9999.000 -9999.000 -9999.000 -9999.000 -9999.000 -9999.000 -9999.000 -9999.000 -9999.000 -9999.000 -9999.000 -0.5799796E-01 -0.4360373E-01 -0.4335437E-01 -0.4878829E-01 -0.5709714E-01 -0.6726536E-01 -0.7846581E-01 -0.8953630E-01 -0.1006150 -0.1111998 -0.1211397 -0.1311790 -0.1444451 -0.1703928 -0.2167047 -0.2167047 -9999.000 -9999.000 -9999.000 -9999.000 -9999.000 -9999.000 -9999.000 -9999.000 -9999.000 -9999.000 -9999.000 -9999.000 -9999.000 -9999.000 -9999.000 -9999.000 -9999.000 -9999.000 -9999.000 -9999.000 -9999.000 -9999.000 -9999.000 -9999.000 -9999.000 -9999.000 -9999.000 -9999.000
-9999.000 -9999.000 -9999.000 -9999.000 -9999.000 -9999.000 -9999.000 -9999.000 -9999.000 -9999.000 -9999.000 -9999.000 -9999.000 -9999.000 -9999.000 -0.5097019E-01 -0.3571260E-01 -0.3559467E-01 -0.4177596E-01 -0.5116085E-01 -0.6263795E-01 -0.7527648E-01 -0.8775157E-01 -0.1002634 -0.1122119 -0.1234342 -0.1348070 -0.1499659 -0.1799426 -0.2379345 -0.2379345 -9999.000 -9999.000 -9999.000 -9999.000 -9999.000 -9999.000 -9999.000 -9999.000 -9999.000 -9999.000 -9999.000 -9999.000 -9999.000 -9999.000 -9999.000 -9999.000 -9999.000 -9999.000 -9999.000 -9999.000 -9999.000 -9999.000 -9999.000 -9999.000 -9999.000 -9999.000 -9999.000 -9999.000
-9999.000 -9999.000 -9999.000 -9999.000 -9999.000 -9999.000 -9999.000 -9999.000 -9999.000 -9999.000 -9999.000 -9999.000 -9999.000 -9999.000 -9999.000 -0.4333537E-01 -0.2737799E-01 -0.2743492E-01 -0.3439902E-01 -0.4489201E-01 -0.5771314E-01 -0.7182328E-01 -0.8572239E-01 -0.9969413E-01 -0.1130233 -0.1255401 -0.1382767 -0.1554474 -0.1898844 -0.2625587 -0.2625587 -9999.000 -9999.000 -9999.000 -9999.000 -9999.000 -9999.000 -9999.000 -9999.000 -9999.000 -9999.000 -9999.000 -9999.000 -9999.000 -9999.000 -9999.000 -9999.000 -9999.000 -9999.000 -9999.000 -9999.000 -9999.000 -9999.000 -9999.000 -9999.000 -9999.000 -9999.000 -9999.000 -9999.000
-9999.000 -9999.000 -9999.000 -9999.000 -9999.000 -9999.000 -9999.000 -9999.000 -9999.000 -9999.000 -9999.000 -9999.000 -9999.000 -9999.000 -9999.000 -0.3500039E-01 -0.1852643E-01 -0.1880670E-01 -0.2659242E-01 -0.3822651E-01 -0.5242653E-01 -0.6803930E-01 -0.8337518E-01 -0.9882803E-01 -0.1135439 -0.1273539 -0.1414747 -0.1607849 -0.2001929 -0.2916606 -0.2916606 -9999.000 -9999.000 -9999.000 -9999.000 -9999.000 -9999.000 -9999.000 -9999.000 -9999.000 -9999.000 -9999.000 -9999.000 -9999.000 -9999.000 -9999.000 -9999.000 -9999.000 -9999.000 -9999.000 -9999.000 -9999.000 -9999.000 -9999.000 -9999.000 -9999.000 -9999.000 -9999.000 -9999.000
-9999.000 -9999.000 -9999.000 -9999.000 -9999.000 -9999.000 -9999.000 -9999.000 -9999.000 -9999.000 -9999.000 -9999.000 -9999.000 -9999.000 -9999.000 -0.2578230E-01 -0.9024234E-02 -0.9598350E-02 -0.1826095E-01 -0.3107845E-01 -0.4669645E-01 -0.6384103E-01 -0.8061579E-01 -0.9755937E-01 -0.1136497 -0.1287292 -0.1442338 -0.1658153 -0.2108009 -0.3268656 -0.3268656 -9999.000 -9999.000 -9999.000 -9999.000 -9999.000 -9999.000 -9999.000 -9999.000 -9999.000 -9999.000 -9999.000 -9999.000 -9999.000 -9999.000 -9999.000 -9999.000 -9999.000 -9999.000 -9999.000 -9999.000 -9999.000 -9999.000 -9999.000 -9999.000 -9999.000 -9999.000 -9999.000 -9999.000
-9999.000 -9999.000 -9999.000 -9999.000 -9999.000 -9999.000 -9999.000 -9999.000 -9999.000 -9999.000 -9999.000 -9999.000 -9999.000 -9999.000 -9999.000 -0.1469366E-02 0.4863938E-02 -0.5903416E-03 -0.1158205E-01 -0.2593448E-01 -0.4305599E-01 -0.6161122E-01 -0.7955446E-01 -0.9766571E-01 -0.1147572 -0.1307320 -0.1472963 -0.1709626 -0.2217309 -0.3682857 -0.3682857 -9999.000 -9999.000 -9999.000 -9999.000 -9999.000 -9999.000 -9999.000 -9999.000 -9999.000 -9999.000 -9999.000 -9999.000 -9999.000 -9999.000 -9999.000 -9999.000 -9999.000 -9999.000 -9999.000 -9999.000 -9999.000 -9999.000 -9999.000 -9999.000 -9999.000 -9999.000 -9999.000 -9999.000
-0.3721281E-02 -0.3721281E-02 -0.4674218E-02 -0.6367746E-02 -0.6248137E-02 -0.6248137E-02 -0.6200258E-02 -0.6170718E-02 -0.6170718E-02 -0.6152071E-02 -0.6152071E-02 -0.6125857E-02 -0.6110489E-02 -0.6094357E-02 -0.6079106E-02 -0.6079106E-02 0.1215755E-01 0.5692181E-02 -0.7965802E-02 -0.2736633E-01 -0.5138361E-01 -0.7857301E-01 -0.1071403 -0.1360276 -0.1639961 -0.1901343 -0.2144184 -0.2391358 -0.2736538 -0.3629203 -0.3629203 -0.1963719 -0.1027334 -0.3308846E-01 -0.2401141E-01 -0.2401141E-01 -0.1651046E-01 -0.1651046E-01 -0.2897719E-02 -0.2897719E-02 0.8153228E-02 0.2603278E-01 0.2603278E-01 -0.9322959E-02 -0.9322959E-02 -0.2226555E-02 -0.2226555E-02 -0.2226555E-02 0.2041546E-02 0.2041546E-02 0.2384544E-02 0.2384544E-02 0.1107555E-02 0.1107555E-02 -0.3639800E-03 -0.3639800E-03 -0.1669106E-02 -0.1669106E-02 -0.1669106E-02
-0.5346477E-02 -0.5346477E-02 -0.7174950E-02 -0.9098892E-02 -0.8787189E-02 -0.8787189E-02 -0.8686010E-02 -0.8671709E-02 -0.8671709E-02 -0.8677794E-02 -0.8677794E-02 -0.8662327E-02 -0.8650479E-02 -0.8637355E-02 -0.8630792E-02 -0.8630792E-02 0.8858874E-02 0.2165256E-02 -0.1460560E-01 -0.4033246E-01 -0.7337350E-01 -0.1120626 -0.1547567 -0.1994126 -0.2443424 -0.2878628 -0.3283039 -0.3639217 -0.3931846 -0.4174623 -0.4174623 -0.2787642 -0.1819410 -0.9092175E-01 -0.7275521E-01 -0.7275521E-01 -0.4657434E-01 -0.4657434E-01 -0.6729724E-03 -0.6729724E-03 0.3211877E-01 0.8615597E-01 0.8615597E-01 0.3806624E-01 0.3806624E-01 0.9356042E-02 0.9356042E-02 0.9356042E-02 0.6884096E-02 0.6884096E-02 0.3626645E-02 0.3626645E-02 -0.3302444E-03 -0.3302444E-03 -0.3886777E-02 -0.3886777E-02 -0.6595285E-02 -0.6595285E-02 -0.6595285E-02
-0.3596382E-02 -0.3596382E-02 -0.6693061E-02 -0.7820575E-02 -0.7428579E-02 -0.7428579E-02 -0.7298084E-02 -0.7315573E-02 -0.7315573E-02 -0.7360696E-02 -0.7360696E-02 -0.7369455E-02 -0.7368325E-02 -0.7365946E-02 -0.7381247E-02 -0.7381247E-02 0.3502302E-02 -0.3906755E-02 -0.2138843E-01 -0.4822034E-01 -0.8311719E-01 -0.1247290 -0.1717546 -0.2225966 -0.2757553 -0.3296587 -0.3825642 -0.4324314 -0.4763262 -0.5065840 -0.5065840 -0.4145775 -0.3295102 -0.2134428 -0.1750877 -0.1750877 -0.1017403 -0.1017403 0.5230890E-02 0.5230890E-02 0.6937775E-01 0.1698634 0.1698634 0.1452516 0.1452516 0.4514700E-01 0.4514700E-01 0.4514700E-01 0.1808914E-01 0.1808914E-01 0.3387019E-02 0.3387019E-02 -0.6270322E-02 -0.6270322E-02 -0.1293907E-01 -0.1293907E-01 -0.1698187E-01 -0.1698187E-01 -0.1698187E-01
-0.1860471E-02 -0.1860471E-02 -0.6174379E-02 -0.6434943E-02 -0.5993924E-02 -0.5993924E-02 -0.5837272E-02 -0.5853070E-02 -0.5853070E-02 -0.5903229E-02 -0.5903229E-02 -0.5909129E-02 -0.5905719E-02 -0.5901963E-02 -0.5928663E-02 -0.5928663E-02 -0.2280186E-02 -0.1184332E-01 -0.3090375E-01 -0.5895428E-01 -0.9497103E-01 -0.1378202 -0.1864184 -0.2395367 -0.2959790 -0.3545067 -0.4137057 -0.4717770 -0.5258281 -0.5678506 -0.5678506 -0.5202230 -0.4575332 -0.3410625 -0.2865921 -0.2865921 -0.1551065 -0.1551065 0.2209568E-01 0.2209568E-01 0.1109549 0.2350636 0.2350636 0.2338856 0.2338856 0.9233067E-01 0.9233067E-01 0.9233067E-01 0.3519602E-01 0.3519602E-01 0.3818600E-02 0.3818600E-02 -0.1425199E-01 -0.1425199E-01 -0.2489654E-01 -0.2489654E-01 -0.3013384E-01 -0.3013384E-01 -0.3013384E-01
-0.1472933E-03 -0.1472933E-03 -0.5670442E-02 -0.4998512E-02 -0.4539569E-02 -0.4539569E-02 -0.4367077E-02 -0.4363382E-02 -0.4363382E-02 -0.4408451E-02 -0.4408451E-02 -0.4417882E-02 -0.4417613E-02 -0.4416976E-02 -0.4462326E-02 -0.4462326E-02 -0.8546663E-02 -0.2168687E-01 -0.4361192E-01 -0.7384979E-01 -0.1115455 -0.1557430 -0.2055224 -0.2598987 -0.3178958 -0.3785225 -0.4406714 -0.5029104 -0.5628173 -0.6135163 -0.6135163 -0.6006364 -0.5615774 -0.4531431 -0.3814407 -0.3814407 -0.1811226 -0.1811226 0.5205839E-01 0.5205839E-01 0.1489601 0.2707140 0.2707140 0.2843917 0.2843917 0.1389557 0.1389557 0.1389557 0.5712092E-01 0.5712092E-01 0.7522343E-02 0.7522343E-02 -0.2096384E-01 -0.2096384E-01 -0.3661367E-01 -0.3661367E-01 -0.4329077E-01 -0.4329077E-01 -0.4329077E-01
0.5556073E-03 0.5556073E-03 -0.4333302E-02 -0.3423873E-02 -0.3045518E-02 -0.3045518E-02 -0.2897168E-02 -0.2880499E-02 -0.2880499E-02 -0.2914131E-02 -0.2914131E-02 -0.2926417E-02 -0.2929718E-02 -0.2932470E-02 -0.3002230E-02 -0.3002230E-02 -0.1569268E-01 -0.3380014E-01 -0.5999521E-01 -0.9362458E-01 -0.1338838 -0.1799573 -0.2310904 -0.2865202 -0.3454825 -0.4071945 -0.4707854 -0.5351267 -0.5982808 -0.6547264 -0.6547264 -0.6663492 -0.6470353 -0.5375961 -0.4380535 -0.4380535 -0.1655108 -0.1655108 0.8452926E-01 0.8452926E-01 0.1722795 0.2767657 0.2767657 0.2991289 0.2991289 0.1761327 0.1761327 0.1761327 0.8115462E-01 0.8115462E-01 0.1529856E-01 0.1529856E-01 -0.2459954E-01 -0.2459954E-01 -0.4628615E-01 -0.4628615E-01 -0.5487759E-01 -0.5487759E-01 -0.5487759E-01
0.2714531E-03 0.2714531E-03 -0.2152253E-02 -0.1722598E-02 -0.1525079E-02 -0.1525079E-02 -0.1446232E-02 -0.1438291E-02 -0.1438291E-02 -0.1456496E-02 -0.1456496E-02 -0.1462805E-02 -0.1464175E-02 -0.1465562E-02 -0.1562527E-02 -0.1562527E-02 -0.2435093E-01 -0.4888231E-01 -0.8085197E-01 -0.1192230 -0.1631116 -0.2117845 -0.2646447 -0.3211548 -0.3807922 -0.4430107 -0.5071779 -0.5724393 -0.6372715 -0.6972567 -0.6972567 -0.7249324 -0.7181915 -0.5785555 -0.4358553 -0.4358553 -0.1176766 -0.1176766 0.1043938 0.1043938 0.1746924 0.2600216 0.2600216 0.2880125 0.2880125 0.1984574 0.1984574 0.1984574 0.1032773 0.1032773 0.2633114E-01 0.2633114E-01 -0.2440091E-01 -0.2440091E-01 -0.5273292E-01 -0.5273292E-01 -0.6373402E-01 -0.6373402E-01 -0.6373402E-01
0.4270540E-07 0.4270540E-07 -0.4941752E-09 0.1240515E-06 0.5148740E-07 0.5148740E-07 0.1459288E-06 -0.7508158E-07 -0.7508158E-07 -0.1464206E-06 -0.1464206E-06 -0.1599694E-06 -0.2870872E-07 0.2696459E-07 -0.1353113E-03 -0.1353113E-03 -0.3546270E-01 -0.6809461E-01 -0.1074869 -0.1520592 -0.2007474 -0.2528494 -0.3079154 -0.3656361 -0.4257551 -0.4880036 -0.5520266 -0.6172633 -0.6825417 -0.7440550 -0.7440550 -0.7799414 -0.7730430 -0.5531906 -0.3686200 -0.3686200 -0.6565884E-01 -0.6565884E-01 0.1047464 0.1047464 0.1586430 0.2294018 0.2294018 0.2610410 0.2610410 0.2044035 0.2044035 0.2044035 0.1193141 0.1193141 0.3848655E-01 0.3848655E-01 -0.2055261E-01 -0.2055261E-01 -0.5523930E-01 -0.5523930E-01 -0.6890818E-01 -0.6890818E-01 -0.6890818E-01
-0.2713253E-03 -0.2713253E-03 0.2152420E-02 0.1722716E-02 0.1525234E-02 0.1525234E-02 0.1446315E-02 0.1438137E-02 0.1438137E-02 0.1456288E-02 0.1456288E-02 0.1462658E-02 0.1464290E-02 0.1465574E-02 0.1276224E-02 0.1276224E-02 -0.5046856E-01 -0.9327159E-01 -0.1419308 -0.1942339 -0.2489007 -0.3052539 -0.3630017 -0.4220737 -0.4824989 -0.5443141 -0.6074792 -0.6717525 -0.7362005 -0.7965858 -0.7965858 -0.8298170 -0.7961193 -0.4520326 -0.2645591 -0.2645591 -0.3251004E-01 -0.3251004E-01 0.8960853E-01 0.8960853E-01 0.1318196 0.1924768 0.1924768 0.2256030 0.2256030 0.1955358 0.1955358 0.1955358 0.1262369 0.1262369 0.4895810E-01 0.4895810E-01 -0.1407295E-01 -0.1407295E-01 -0.5357004E-01 -0.5357004E-01 -0.6966239E-01 -0.6966239E-01 -0.6966239E-01
-0.5554486E-03 -0.5554486E-03 0.4333406E-02 0.3423902E-02 0.3045715E-02 0.3045715E-02 0.2897135E-02 0.2880702E-02 0.2880702E-02 0.2913925E-02 0.2913925E-02 0.2926371E-02 0.2929822E-02 0.2932523E-02 0.2667370E-02 0.2667370E-02 -0.7166385E-01 -0.1273092 -0.1873194 -0.2488859 -0.3105891 -0.3718517 -0.4325991 -0.4930380 -0.5535061 -0.6143639 -0.6759065 -0.7382048 -0.8001730 -0.8541182 -0.8541182 -0.8611516 -0.7481552 -0.3114252 -0.1716795 -0.1716795 -0.2123218E-01 -0.2123218E-01 0.6739474E-01 0.6739474E-01 0.1016818 0.1541472 0.1541472 0.1863840 0.1863840 0.1750534 0.1750534 0.1750534 0.1229315 0.1229315 0.5515860E-01 0.5515860E-01 -0.6519852E-02 -0.6519852E-02 -0.4797604E-01 -0.4797604E-01 -0.6555738E-01 -0.6555738E-01 -0.6555738E-01
0.1474193E-03 0.1474193E-03 0.5670550E-02 0.4998595E-02 0.4539770E-02 0.4539770E-02 0.4367227E-02 0.4363483E-02 0.4363483E-02 0.4408058E-02 0.4408058E-02 0.4417883E-02 0.4417508E-02 0.4416830E-02 0.4040823E-02 0.4040823E-02 -0.1029088 -0.1748885 -0.2485480 -0.3207573 -0.3902204 -0.4566571 -0.5203435 -0.5818418 -0.6418368 -0.7010291 -0.7600525 -0.8191850 -0.8756845 -0.9079528 -0.9079528 -0.8297245 -0.5852295 -0.1945978 -0.1149092 -0.1149092 -0.2160581E-01 -0.2160581E-01 0.4485109E-01 0.4485109E-01 0.7286851E-01 0.1169651 0.1169651 0.1461146 0.1461146 0.1464580 0.1464580 0.1464580 0.1100897 0.1100897 0.5546616E-01 0.5546616E-01 0.4556177E-03 0.4556177E-03 -0.3913769E-01 -0.3913769E-01 -0.5656860E-01 -0.5656860E-01 -0.5656860E-01
0.1860500E-02 0.1860500E-02 0.6174632E-02 0.6434899E-02 0.5993951E-02 0.5993951E-02 0.5837479E-02 0.5853030E-02 0.5853030E-02 0.5902807E-02 0.5902807E-02 0.5909236E-02 0.5905767E-02 0.5902062E-02 0.5372208E-02 0.5372208E-02 -0.1511360 -0.2439001 -0.3334829 -0.4171888 -0.4944049 -0.5655156 -0.6313694 -0.6930081 -0.7515211 -0.8079630 -0.8632956 -0.9175231 -0.9597742 -0.9183745 -0.9183745 -0.6581120 -0.3460565 -0.1266323 -0.8645175E-01 -0.8645175E-01 -0.2390415E-01 -0.2390415E-01 0.2544259E-01 0.2544259E-01 0.4755593E-01 0.8219670E-01 0.8219670E-01 0.1065178 0.1065178 0.1129546 0.1129546 0.1129546 0.8967150E-01 0.8967150E-01 0.4961400E-01 0.4961400E-01 0.5600573E-02 0.5600573E-02 -0.2800309E-01 -0.2800309E-01 -0.4317075E-01 -0.4317075E-01 -0.4317075E-01
