simulation_files/asc/Velocity____304.0.asc
NCOLS        79
NROWS        79
XLLCENTER         -1.500000
YLLCENTER         -4.800000
CELLSIZE           0.100
NODATA_VALUE     -9999.0
[rows 0 to 26 of 79, columns 0 to 59 of 79]
-9999.000 -9999.000 -9999.000 -9999.000 -9999.000 -9999.000 -9999.000 -9999.000 -9999.000 -9999.000 -9999.000 -9999.000 -9999.000 -9999.000 -9999.000 0.9591384E-01 0.9370090E-01 0.9324664E-01 0.9376650E-01 0.9464979E-01 0.9560438E-01 0.9650964E-01 0.9725736E-01 0.9781339E-01 0.9819896E-01 0.9843298E-01 0.9858475E-01 0.9886102E-01 0.9985200E-01 0.1008717 0.1008717 -9999.000 -9999.000 -9999.000 -9999.000 -9999.000 -9999.000 -9999.000 -9999.000 -9999.000 -9999.000 -9999.000 -9999.000 -9999.000 -9999.000 -9999.000 -9999.000 -9999.000 -9999.000 -9999.000 -9999.000 -9999.000 -9999.000 -9999.000 -9999.000 -9999.000 -9999.000 -9999.000 -9999.000 -9999.000
-9999.000 -9999.000 -9999.000 -9999.000 -9999.000 -9999.000 -9999.000 -9999.000 -9999.000 -9999.000 -9999.000 -9999.000 -9999.000 -9999.000 -9999.000 0.9486193E-01 0.9034943E-01 0.8945607E-01 0.9057786E-01 0.9244338E-01 0.9446844E-01 0.9642068E-01 0.9807829E-01 0.9936167E-01 0.1003029 0.1009336 0.1014001 0.1021633 0.1045313 0.1072848 0.1072848 -9999.000 -9999.000 -9999.000 -9999.000 -9999.000 -9999.000 -9999.000 -9999.000 -9999.000 -9999.000 -9999.000 -9999.000 -9999.000 -9999.000 -9999.000 -9999.000 -9999.000 -9999.000 -9999.000 -9999.000 -9999.000 -9999.000 -9999.000 -9999.000 -9999.000 -9999.000 -9999.000 -9999.000 -9999.000
-9999.000 -9999.000 -9999.000 -9999.000 -9999.000 -9999.000 -9999.000 -9999.000 -9999.000 -9999.000 -9999.000 -9999.000 -9999.000 -9999.000 -9999.000 0.9247831E-01 0.8553967E-01 0.8411665E-01 0.8591068E-01 0.8889942E-01 0.9217683E-01 0.9540045E-01 0.9823611E-01 0.1005616 0.1024203 0.1038474 0.1050559 0.1067660 0.1110607 0.1163866 0.1163866 -9999.000 -9999.000 -9999.000 -9999.000 -9999.000 -9999.000 -9999.000 -9999.000 -9999.000 -9999.000 -9999.000 -9999.000 -9999.000 -9999.000 -9999.000 -9999.000 -9999.000 -9999.000 -9999.000 -9999.000 -9999.000 -9999.000 -9999.000 -9999.000 -9999.000 -9999.000 -9999.000 -9999.000 -9999.000
-9999.000 -9999.000 -9999.000 -9999.000 -9999.000 -9999.000 -9999.000 -9999.000 -9999.000 -9999.000 -9999.000 -9999.000 -9999.000 -9999.000 -9999.000 0.8944419E-01 0.8016150E-01 0.7821533E-01 0.8070906E-01 0.8484722E-01 0.8940654E-01 0.9394821E-01 0.9803453E-01 0.1015062 0.1044174 0.1067970 0.1089141 0.1117447 0.1181721 0.1266281 0.1266281 -9999.000 -9999.000 -9999.000 -9999.000 -9999.000 -9999.000 -9999.000 -9999.000 -9999.000 -9999.000 -9999.000 -9999.000 -9999.000 -9999.000 -9999.000 -9999.000 -9999.000 -9999.000 -9999.000 -9999.000 -9999.000 -9999.000 -9999.000 -9999.000 -9999.000 -9999.000 -9999.000 -9999.000 -9999.000
-9999.000 -9999.000 -9999.000 -9999.000 -9999.000 -9999.000 -9999.000 -9999.000 -9999.000 -9999.000 -9999.000 -9999.000 -9999.000 -9999.000 -9999.000 0.8599120E-01 0.7441393E-01 0.7196111E-01 0.7519412E-01 0.8051211E-01 0.8637718E-01 0.9226728E-01 0.9764723E-01 0.1023257 0.1063672 0.1097883 0.1129108 0.1169730 0.1257024 0.1378654 0.1378654 -9999.000 -9999.000 -9999.000 -9999.000 -9999.000 -9999.000 -9999.000 -9999.000 -9999.000 -9999.000 -9999.000 -9999.000 -9999.000 -9999.000 -9999.000 -9999.000 -9999.000 -9999.000 -9999.000 -9999.000 -9999.000 -9999.000 -9999.000 -9999.000 -9999.000 -9999.000 -9999.000 -9999.000 -9999.000
-9999.000 -9999.000 -9999.000 -9999.000 -9999.000 -9999.000 -9999.000 -9999.000 -9999.000 -9999.000 -9999.000 -9999.000 -9999.000 -9999.000 -9999.000 0.8220221E-01 0.6838065E-01 0.6545961E-01 0.6949009E-01 0.7602489E-01 0.8321664E-01 0.9047590E-01 0.9717651E-01 0.1030990 0.1083196 0.1128375 0.1170266 0.1224015 0.1335926 0.1501195 0.1501195 -9999.000 -9999.000 -9999.000 -9999.000 -9999.000 -9999.000 -9999.000 -9999.000 -9999.000 -9999.000 -9999.000 -9999.000 -9999.000 -9999.000 -9999.000 -9999.000 -9999.000 -9999.000 -9999.000 -9999.000 -9999.000 -9999.000 -9999.000 -9999.000 -9999.000 -9999.000 -9999.000 -9999.000 -9999.000
-9999.000 -9999.000 -9999.000 -9999.000 -9999.000 -9999.000 -9999.000 -9999.000 -9999.000 -9999.000 -9999.000 -9999.000 -9999.000 -9999.000 -9999.000 0.7809008E-01 0.6209068E-01 0.5877000E-01 0.6367706E-01 0.7146751E-01 0.8000064E-01 0.8864153E-01 0.9667862E-01 0.1038696 0.1103029 0.1159550 0.1212543 0.1280112 0.1418318 0.1635112 0.1635112 -9999.000 -9999.000 -9999.000 -9999.000 -9999.000 -9999.000 -9999.000 -9999.000 -9999.000 -9999.000 -9999.000 -9999.000 -9999.000 -9999.000 -9999.000 -9999.000 -9999.000 -9999.000 -9999.000 -9999.000 -9999.000 -9999.000 -9999.000 -9999.000 -9999.000 -9999.000 -9999.000 -9999.000 -9999.000
-9999.000 -9999.000 -9999.000 -9999.000 -9999.000 -9999.000 -9999.000 -9999.000 -9999.000 -9999.000 -9999.000 -9999.000 -9999.000 -9999.000 -9999.000 0.7363321E-01 0.5554873E-01 0.5194045E-01 0.5782610E-01 0.6690659E-01 0.7678404E-01 0.8680762E-01 0.9618761E-01 0.1046625 0.1123330 0.1191466 0.1255905 0.1337949 0.1504317 0.1782385 0.1782385 -9999.000 -9999.000 -9999.000 -9999.000 -9999.000 -9999.000 -9999.000 -9999.000 -9999.000 -9999.000 -9999.000 -9999.000 -9999.000 -9999.000 -9999.000 -9999.000 -9999.000 -9999.000 -9999.000 -9999.000 -9999.000 -9999.000 -9999.000 -9999.000 -9999.000 -9999.000 -9999.000 -9999.000 -9999.000
-9999.000 -9999.000 -9999.000 -9999.000 -9999.000 -9999.000 -9999.000 -9999.000 -9999.000 -9999.000 -9999.000 -9999.000 -9999.000 -9999.000 -9999.000 0.6879058E-01 0.4875238E-01 0.4503955E-01 0.5202851E-01 0.6241488E-01 0.7361780E-01 0.8501010E-01 0.9572867E-01 0.1054946 0.1144203 0.1224161 0.1300332 0.1397511 0.1594160 0.1945767 0.1945767 -9999.000 -9999.000 -9999.000 -9999.000 -9999.000 -9999.000 -9999.000 -9999.000 -9999.000 -9999.000 -9999.000 -9999.000 -9999.000 -9999.000 -9999.000 -9999.000 -9999.000 -9999.000 -9999.000 -9999.000 -9999.000 -9999.000 -9999.000 -9999.000 -9999.000 -9999.000 -9999.000 -9999.000 -9999.000
-9999.000 -9999.000 -9999.000 -9999.000 -9999.000 -9999.000 -9999.000 -9999.000 -9999.000 -9999.000 -9999.000 -9999.000 -9999.000 -9999.000 -9999.000 0.6350907E-01 0.4170587E-01 0.3819660E-01 0.4642710E-01 0.5808935E-01 0.7056262E-01 0.8328751E-01 0.9532727E-01 0.1063829 0.1165752 0.1257674 0.1345807 0.1458807 0.1688163 0.2128985 0.2128985 -9999.000 -9999.000 -9999.000 -9999.000 -9999.000 -9999.000 -9999.000 -9999.000 -9999.000 -9999.000 -9999.000 -9999.000 -9999.000 -9999.000 -9999.000 -9999.000 -9999.000 -9999.000 -9999.000 -9999.000 -9999.000 -9999.000 -9999.000 -9999.000 -9999.000 -9999.000 -9999.000 -9999.000 -9999.000
-9999.000 -9999.000 -9999.000 -9999.000 -9999.000 -9999.000 -9999.000 -9999.000 -9999.000 -9999.000 -9999.000 -9999.000 -9999.000 -9999.000 -9999.000 0.5772383E-01 0.3444330E-01 0.3168835E-01 0.4126234E-01 0.5407256E-01 0.6770185E-01 0.8169150E-01 0.9501716E-01 0.1073505 0.1188126 0.1292073 0.1392344 0.1521865 0.1786704 0.2337085 0.2337085 -9999.000 -9999.000 -9999.000 -9999.000 -9999.000 -9999.000 -9999.000 -9999.000 -9999.000 -9999.000 -9999.000 -9999.000 -9999.000 -9999.000 -9999.000 -9999.000 -9999.000 -9999.000 -9999.000 -9999.000 -9999.000 -9999.000 -9999.000 -9999.000 -9999.000 -9999.000 -9999.000 -9999.000 -9999.000
-9999.000 -9999.000 -9999.000 -9999.000 -9999.000 -9999.000 -9999.000 -9999.000 -9999.000 -9999.000 -9999.000 -9999.000 -9999.000 -9999.000 -9999.000 0.5135873E-01 0.2709121E-01 0.2612757E-01 0.3694132E-01 0.5057855E-01 0.6515624E-01 0.8029666E-01 0.9484979E-01 0.1084343 0.1211593 0.1327526 0.1440021 0.1586768 0.1890237 0.2577042 0.2577042 -9999.000 -9999.000 -9999.000 -9999.000 -9999.000 -9999.000 -9999.000 -9999.000 -9999.000 -9999.000 -9999.000 -9999.000 -9999.000 -9999.000 -9999.000 -9999.000 -9999.000 -9999.000 -9999.000 -9999.000 -9999.000 -9999.000 -9999.000 -9999.000 -9999.000 -9999.000 -9999.000 -9999.000 -9999.000
-9999.000 -9999.000 -9999.000 -9999.000 -9999.000 -9999.000 -9999.000 -9999.000 -9999.000 -9999.000 -9999.000 -9999.000 -9999.000 -9999.000 -9999.000 0.4432403E-01 0.2008302E-01 0.2277197E-01 0.3411052E-01 0.4792975E-01 0.6311017E-01 0.7922237E-01 0.9491115E-01 0.1097001 0.1236663 0.1364407 0.1489099 0.1653741 0.1999350 0.2858758 0.2858758 -9999.000 -9999.000 -9999.000 -9999.000 -9999.000 -9999.000 -9999.000 -9999.000 -9999.000 -9999.000 -9999.000 -9999.000 -9999.000 -9999.000 -9999.000 -9999.000 -9999.000 -9999.000 -9999.000 -9999.000 -9999.000 -9999.000 -9999.000 -9999.000 -9999.000 -9999.000 -9999.000 -9999.000 -9999.000
-9999.000 -9999.000 -9999.000 -9999.000 -9999.000 -9999.000 -9999.000 -9999.000 -9999.000 -9999.000 -9999.000 -9999.000 -9999.000 -9999.000 -9999.000 0.3636114E-01 0.1541286E-01 0.2416007E-01 0.3435491E-01 0.4721420E-01 0.6234391E-01 0.7904244E-01 0.9563566E-01 0.1114822 0.1265920 0.1404690 0.1541067 0.1723924 0.2115264 0.3197150 0.3197150 -9999.000 -9999.000 -9999.000 -9999.000 -9999.000 -9999.000 -9999.000 -9999.000 -9999.000 -9999.000 -9999.000 -9999.000 -9999.000 -9999.000 -9999.000 -9999.000 -9999.000 -9999.000 -9999.000 -9999.000 -9999.000 -9999.000 -9999.000 -9999.000 -9999.000 -9999.000 -9999.000 -9999.000 -9999.000
-9999.000 -9999.000 -9999.000 -9999.000 -9999.000 -9999.000 -9999.000 -9999.000 -9999.000 -9999.000 -9999.000 -9999.000 -9999.000 -9999.000 -9999.000 0.5657616E-01 0.8588754E-01 0.9728072E-01 0.9113515E-01 0.9052569E-01 0.9314643E-01 0.9987818E-01 0.1095547 0.1210025 0.1335671 0.1461347 0.1594384 0.1787855 0.2226240 0.3585109 0.3585109 -9999.000 -9999.000 -9999.000 -9999.000 -9999.000 -9999.000 -9999.000 -9999.000 -9999.000 -9999.000 -9999.000 -9999.000 -9999.000 -9999.000 -9999.000 -9999.000 -9999.000 -9999.000 -9999.000 -9999.000 -9999.000 -9999.000 -9999.000 -9999.000 -9999.000 -9999.000 -9999.000 -9999.000 -9999.000
2.768091 2.768091 2.738080 2.785692 2.794015 2.794015 2.795511 2.795465 2.795465 2.792453 2.792453 2.787126 2.783803 2.780129 2.776317 2.776317 2.882352 2.885386 2.884700 2.861602 2.818824 2.755311 2.669148 2.561505 2.434564 2.289822 2.131653 1.970418 1.833099 1.794257 1.794257 2.616544 2.784871 2.878208 2.900703 2.900703 2.927912 2.927912 2.899714 2.899714 2.849427 2.652219 2.652219 2.206508 2.206508 1.988641 1.988641 1.988641 1.987310 1.987310 2.024887 2.024887 2.073994 2.073994 2.123342 2.123342 2.166408 2.166408 2.166408 2.199435
2.791599 2.791599 2.766791 2.838094 2.854952 2.854952 2.867584 2.889481 2.889481 2.908216 2.908216 2.924495 2.931913 2.938936 2.945760 2.945760 3.025275 3.041023 3.054966 3.063527 3.066972 3.063726 3.051003 3.026425 2.987877 2.933117 2.861116 2.773232 2.676298 2.611666 2.611666 3.050705 3.203088 3.349266 3.388524 3.388524 3.431019 3.431019 3.425809 3.425809 3.400405 3.288727 3.288727 3.045180 3.045180 2.810853 2.810853 2.810853 2.808432 2.808432 2.847879 2.847879 2.900052 2.900052 2.952027 2.952027 2.998332 2.998332 2.998332 3.036314
2.797934 2.797934 2.767159 2.839071 2.855386 2.855386 2.868280 2.890705 2.890705 2.910033 2.910033 2.927015 2.934831 2.942277 2.949572 2.949572 3.021713 3.048288 3.072913 3.093711 3.110630 3.123412 3.131166 3.132933 3.127565 3.113352 3.088678 3.053001 3.009210 2.979726 2.979726 3.230638 3.375942 3.543143 3.591337 3.591337 3.637483 3.637483 3.620547 3.620547 3.588592 3.487223 3.487223 3.325801 3.325801 3.107793 3.107793 3.107793 3.088938 3.088938 3.117252 3.117252 3.161428 3.161428 3.207283 3.207283 3.248930 3.248930 3.248930 3.283501
2.803032 2.803032 2.766802 2.839139 2.855187 2.855187 2.868136 2.890621 2.890621 2.909985 2.909985 2.927026 2.934876 2.942356 2.949723 2.949723 3.018058 3.054015 3.088525 3.119124 3.145055 3.166107 3.182058 3.192793 3.198215 3.197908 3.191300 3.178185 3.160295 3.151395 3.151395 3.306293 3.435236 3.606494 3.657486 3.657486 3.694800 3.694800 3.654412 3.654412 3.614728 3.528759 3.528759 3.430401 3.430401 3.251350 3.251350 3.251350 3.216329 3.216329 3.231436 3.231436 3.267863 3.267863 3.309235 3.309235 3.347864 3.347864 3.347864 3.380079
2.806937 2.806937 2.765997 2.838966 2.854870 2.854870 2.867918 2.890530 2.890530 2.909972 2.909972 2.927073 2.934942 2.942431 2.949862 2.949862 3.018319 3.062608 3.106206 3.145815 3.180094 3.208596 3.231165 3.247865 3.258919 3.264520 3.264839 3.260294 3.252544 3.250850 3.250850 3.350034 3.458165 3.617801 3.661222 3.661222 3.666898 3.666898 3.599123 3.599123 3.561151 3.508586 3.508586 3.466321 3.466321 3.340726 3.340726 3.340726 3.295532 3.295532 3.295691 3.295691 3.321939 3.321939 3.357385 3.357385 3.392213 3.392213 3.392213 3.421499
2.808560 2.808560 2.765955 2.838675 2.854498 2.854498 2.867703 2.890522 2.890522 2.910038 2.910038 2.927151 2.935011 2.942488 2.949999 2.949999 3.023432 3.075567 3.127480 3.175239 3.217160 3.252601 3.281366 3.303521 3.319321 3.329109 3.333308 3.332593 3.328560 3.327727 3.327727 3.390054 3.474424 3.602107 3.621740 3.621740 3.573136 3.573136 3.496671 3.496671 3.475462 3.468451 3.468451 3.471898 3.471898 3.402605 3.402605 3.402605 3.357202 3.357202 3.344460 3.344460 3.358639 3.358639 3.385876 3.385876 3.415126 3.415126 3.415126 3.440155
2.810153 2.810153 2.764799 2.838413 2.854245 2.854245 2.867615 2.890596 2.890596 2.910112 2.910112 2.927192 2.935040 2.942506 2.950147 2.950147 3.034301 3.094324 3.153910 3.208912 3.257566 3.299178 3.333546 3.360732 3.380955 3.394558 3.401985 3.403908 3.401673 3.399756 3.399756 3.436058 3.494131 3.558444 3.532610 3.532610 3.429861 3.429861 3.382823 3.382823 3.388429 3.425303 3.425303 3.462083 3.462083 3.443469 3.443469 3.443469 3.407572 3.407572 3.387447 3.387447 3.389776 3.389776 3.406976 3.406976 3.428673 3.428673 3.428673 3.447848
2.810678 2.810678 2.764149 2.838347 2.854196 2.854196 2.867628 2.890636 2.890636 2.910131 2.910131 2.927197 2.935042 2.942508 2.950337 2.950337 3.052040 3.120391 3.187152 3.248473 3.302800 3.349567 3.388655 3.420160 3.444304 3.461392 3.471817 3.476142 3.475365 3.472123 3.472123 3.488666 3.515301 3.465807 3.380629 3.380629 3.268382 3.268382 3.283349 3.283349 3.314570 3.384171 3.384171 3.443632 3.443632 3.466505 3.466505 3.466505 3.446482 3.446482 3.425822 3.425822 3.418802 3.418802 3.425241 3.425241 3.437665 3.437665 3.437665 3.449378
2.810153 2.810153 2.764800 2.838413 2.854245 2.854245 2.867615 2.890596 2.890596 2.910112 2.910112 2.927192 2.935039 2.942506 2.950599 2.950599 3.078213 3.155573 3.229091 3.295763 3.354558 3.405236 3.447875 3.482688 3.509938 3.529924 3.542977 3.549529 3.550138 3.545220 3.545220 3.542664 3.522231 3.297615 3.175190 3.175190 3.126946 3.126946 3.207211 3.207211 3.255573 3.345636 3.345636 3.420184 3.420184 3.474998 3.474998 3.474998 3.473062 3.473062 3.457795 3.457795 3.445421 3.445421 3.441751 3.441751 3.443799 3.443799 3.443799 3.446678
2.808560 2.808560 2.765956 2.838675 2.854498 2.854498 2.867702 2.890521 2.890521 2.910037 2.910037 2.927151 2.935012 2.942488 2.950958 2.950958 3.115124 3.202217 3.281997 3.352901 3.414760 3.467861 3.512611 3.549419 3.578652 3.600634 3.615663 3.624033 3.625595 3.616503 3.616503 3.583285 3.475077 3.059155 2.964740 2.964740 3.024867 3.024867 3.147105 3.147105 3.204744 3.307021 3.307021 3.392038 3.392038 3.470724 3.470724 3.470724 3.485960 3.485960 3.479778 3.479778 3.466304 3.466304 3.454380 3.454380 3.445887 3.445887 3.445887 3.439097
2.806938 2.806938 2.765997 2.838966 2.854870 2.854870 2.867918 2.890531 2.890531 2.909972 2.909972 2.927073 2.934942 2.942431 2.951429 2.951429 3.166308 3.263578 3.348758 3.422409 3.485584 3.539305 3.584426 3.621624 3.651413 3.674186 3.690241 3.699676 3.700557 3.676904 3.676904 3.569659 3.308343 2.812708 2.806755 2.806755 2.952129 2.952129 3.093567 3.093567 3.155943 3.265898 3.265898 3.358462 3.358462 3.454457 3.454457 3.454457 3.484152 3.484152 3.488224 3.488224 3.476752 3.476752 3.459053 3.459053 3.440785 3.440785 3.440785 3.424243
2.803032 2.803032 2.766802 2.839139 2.855186 2.855186 2.868137 2.890622 2.890622 2.909985 2.909985 2.927026 2.934876 2.942356 2.952070 2.952070 3.237368 3.344367 3.433208 3.507384 3.569541 3.621608 3.664976 3.700632 3.729270 3.751360 3.767213 3.776421 3.770579 3.692494 3.692494 3.412564 2.987378 2.643757 2.703071 2.703071 2.885628 2.885628 3.035469 3.035469 3.100692 3.216262 3.216262 3.314564 3.314564 3.422952 3.422952 3.422952 3.463865 3.463865 3.477406 3.477406 3.469537 3.469537 3.448397 3.448397 3.421862 3.421862 3.421862 3.396343
