simulation_files/asc/Velocity__y_203.0.asc
NCOLS        79
NROWS        79
XLLCENTER         -1.500000
YLLCENTER         -4.800000
CELLSIZE           0.100
NODATA_VALUE     -9999.0
[rows 0 to 26 of 79, columns 0 to 58 of 79]
-9999.000 -9999.000 -9999.000 -9999.000 -9999.000 -9999.000 -9999.000 -9999.000 -9999.000 -9999.000 -9999.000 -9999.000 -9999.000 -9999.000 -9999.000 -0.8833844E-01 -0.8482590E-01 -0.8317049E-01 -0.8221521E-01 -0.8234265E-01 -0.8311505E-01 -0.8406162E-01 -0.8501415E-01 -0.8591854E-01 -0.8665818E-01 -0.8730436E-01 -0.8788631E-01 -0.8854093E-01 -0.8980926E-01 -0.9116948E-01 -0.9116948E-01 -9999.000 -9999.000 -9999.000 -9999.000 -9999.000 -9999.000 -9999.000 -9999.000 -9999.000 -9999.000 -9999.000 -9999.000 -9999.000 -9999.000 -9999.000 -9999.000 -9999.000 -9999.000 -9999.000 -9999.000 -9999.000 -9999.000 -9999.000 -9999.000 -9999.000 -9999.000 -9999.000 -9999.000
-9999.000 -9999.000 -9999.000 -9999.000 -9999.000 -9999.000 -9999.000 -9999.000 -9999.000 -9999.000 -9999.000 -9999.000 -9999.000 -9999.000 -9999.000 -0.9013896E-01 -0.8270901E-01 -0.7915543E-01 -0.7711807E-01 -0.7742412E-01 -0.7914917E-01 -0.8128855E-01 -0.8347335E-01 -0.8557568E-01 -0.8733506E-01 -0.8889443E-01 -0.9030660E-01 -0.9185255E-01 -0.9466214E-01 -0.9793498E-01 -0.9793498E-01 -9999.000 -9999.000 -9999.000 -9999.000 -9999.000 -9999.000 -9999.000 -9999.000 -9999.000 -9999.000 -9999.000 -9999.000 -9999.000 -9999.000 -9999.000 -9999.000 -9999.000 -9999.000 -9999.000 -9999.000 -9999.000 -9999.000 -9999.000 -9999.000 -9999.000 -9999.000 -9999.000 -9999.000
-9999.000 -9999.000 -9999.000 -9999.000 -9999.000 -9999.000 -9999.000 -9999.000 -9999.000 -9999.000 -9999.000 -9999.000 -9999.000 -9999.000 -9999.000 -0.9125690E-01 -0.7948472E-01 -0.7374076E-01 -0.7048956E-01 -0.7108245E-01 -0.7403405E-01 -0.7772368E-01 -0.8154208E-01 -0.8526209E-01 -0.8844186E-01 -0.9129638E-01 -0.9389165E-01 -0.9666403E-01 -0.1014089 -0.1073165 -0.1073165 -9999.000 -9999.000 -9999.000 -9999.000 -9999.000 -9999.000 -9999.000 -9999.000 -9999.000 -9999.000 -9999.000 -9999.000 -9999.000 -9999.000 -9999.000 -9999.000 -9999.000 -9999.000 -9999.000 -9999.000 -9999.000 -9999.000 -9999.000 -9999.000 -9999.000 -9999.000 -9999.000 -9999.000
-9999.000 -9999.000 -9999.000 -9999.000 -9999.000 -9999.000 -9999.000 -9999.000 -9999.000 -9999.000 -9999.000 -9999.000 -9999.000 -9999.000 -9999.000 -0.9195473E-01 -0.7580623E-01 -0.6786855E-01 -0.6343383E-01 -0.6438799E-01 -0.6865588E-01 -0.7398978E-01 -0.7954247E-01 -0.8498438E-01 -0.8968230E-01 -0.9392899E-01 -0.9779706E-01 -0.1018808 -0.1086750 -0.1176728 -0.1176728 -9999.000 -9999.000 -9999.000 -9999.000 -9999.000 -9999.000 -9999.000 -9999.000 -9999.000 -9999.000 -9999.000 -9999.000 -9999.000 -9999.000 -9999.000 -9999.000 -9999.000 -9999.000 -9999.000 -9999.000 -9999.000 -9999.000 -9999.000 -9999.000 -9999.000 -9999.000 -9999.000 -9999.000
-9999.000 -9999.000 -9999.000 -9999.000 -9999.000 -9999.000 -9999.000 -9999.000 -9999.000 -9999.000 -9999.000 -9999.000 -9999.000 -9999.000 -9999.000 -0.9243052E-01 -0.7182910E-01 -0.6167971E-01 -0.5607557E-01 -0.5744760E-01 -0.6309624E-01 -0.7013515E-01 -0.7748378E-01 -0.8471060E-01 -0.9098042E-01 -0.9667654E-01 -0.1018719 -0.1073284 -0.1162838 -0.1288637 -0.1288637 -9999.000 -9999.000 -9999.000 -9999.000 -9999.000 -9999.000 -9999.000 -9999.000 -9999.000 -9999.000 -9999.000 -9999.000 -9999.000 -9999.000 -9999.000 -9999.000 -9999.000 -9999.000 -9999.000 -9999.000 -9999.000 -9999.000 -9999.000 -9999.000 -9999.000 -9999.000 -9999.000 -9999.000
-9999.000 -9999.000 -9999.000 -9999.000 -9999.000 -9999.000 -9999.000 -9999.000 -9999.000 -9999.000 -9999.000 -9999.000 -9999.000 -9999.000 -9999.000 -0.9272967E-01 -0.6759486E-01 -0.5521747E-01 -0.4845889E-01 -0.5030640E-01 -0.5739221E-01 -0.6618191E-01 -0.7537075E-01 -0.8442718E-01 -0.9230261E-01 -0.9948766E-01 -0.1060506 -0.1129325 -0.1241703 -0.1409069 -0.1409069 -9999.000 -9999.000 -9999.000 -9999.000 -9999.000 -9999.000 -9999.000 -9999.000 -9999.000 -9999.000 -9999.000 -9999.000 -9999.000 -9999.000 -9999.000 -9999.000 -9999.000 -9999.000 -9999.000 -9999.000 -9999.000 -9999.000 -9999.000 -9999.000 -9999.000 -9999.000 -9999.000 -9999.000
-9999.000 -9999.000 -9999.000 -9999.000 -9999.000 -9999.000 -9999.000 -9999.000 -9999.000 -9999.000 -9999.000 -9999.000 -9999.000 -9999.000 -9999.000 -0.9283288E-01 -0.6309676E-01 -0.4848183E-01 -0.4059114E-01 -0.4297968E-01 -0.5155975E-01 -0.6214049E-01 -0.7320643E-01 -0.8412845E-01 -0.9363142E-01 -0.1023369 -0.1103008 -0.1186590 -0.1323161 -0.1539060 -0.1539060 -9999.000 -9999.000 -9999.000 -9999.000 -9999.000 -9999.000 -9999.000 -9999.000 -9999.000 -9999.000 -9999.000 -9999.000 -9999.000 -9999.000 -9999.000 -9999.000 -9999.000 -9999.000 -9999.000 -9999.000 -9999.000 -9999.000 -9999.000 -9999.000 -9999.000 -9999.000 -9999.000 -9999.000
-9999.000 -9999.000 -9999.000 -9999.000 -9999.000 -9999.000 -9999.000 -9999.000 -9999.000 -9999.000 -9999.000 -9999.000 -9999.000 -9999.000 -9999.000 -0.9268887E-01 -0.5830541E-01 -0.4145235E-01 -0.3246247E-01 -0.3546983E-01 -0.4560594E-01 -0.5801574E-01 -0.7099133E-01 -0.8380996E-01 -0.9495475E-01 -0.1052074 -0.1146018 -0.1244885 -0.1407226 -0.1680264 -0.1680264 -9999.000 -9999.000 -9999.000 -9999.000 -9999.000 -9999.000 -9999.000 -9999.000 -9999.000 -9999.000 -9999.000 -9999.000 -9999.000 -9999.000 -9999.000 -9999.000 -9999.000 -9999.000 -9999.000 -9999.000 -9999.000 -9999.000 -9999.000 -9999.000 -9999.000 -9999.000 -9999.000 -9999.000
-9999.000 -9999.000 -9999.000 -9999.000 -9999.000 -9999.000 -9999.000 -9999.000 -9999.000 -9999.000 -9999.000 -9999.000 -9999.000 -9999.000 -9999.000 -0.9222684E-01 -0.5317964E-01 -0.3409778E-01 -0.2405364E-01 -0.2777195E-01 -0.3953247E-01 -0.5380856E-01 -0.6872414E-01 -0.8346609E-01 -0.9626044E-01 -0.1080832 -0.1189350 -0.1304045 -0.1493984 -0.1834939 -0.1834939 -9999.000 -9999.000 -9999.000 -9999.000 -9999.000 -9999.000 -9999.000 -9999.000 -9999.000 -9999.000 -9999.000 -9999.000 -9999.000 -9999.000 -9999.000 -9999.000 -9999.000 -9999.000 -9999.000 -9999.000 -9999.000 -9999.000 -9999.000 -9999.000 -9999.000 -9999.000 -9999.000 -9999.000
-9999.000 -9999.000 -9999.000 -9999.000 -9999.000 -9999.000 -9999.000 -9999.000 -9999.000 -9999.000 -9999.000 -9999.000 -9999.000 -9999.000 -9999.000 -0.9136142E-01 -0.4766648E-01 -0.2637785E-01 -0.1533734E-01 -0.1987591E-01 -0.3333664E-01 -0.4951640E-01 -0.6640003E-01 -0.8308860E-01 -0.9753253E-01 -0.1109453 -0.1232776 -0.1363877 -0.1583539 -0.2006065 -0.2006065 -9999.000 -9999.000 -9999.000 -9999.000 -9999.000 -9999.000 -9999.000 -9999.000 -9999.000 -9999.000 -9999.000 -9999.000 -9999.000 -9999.000 -9999.000 -9999.000 -9999.000 -9999.000 -9999.000 -9999.000 -9999.000 -9999.000 -9999.000 -9999.000 -9999.000 -9999.000 -9999.000 -9999.000
-9999.000 -9999.000 -9999.000 -9999.000 -9999.000 -9999.000 -9999.000 -9999.000 -9999.000 -9999.000 -9999.000 -9999.000 -9999.000 -9999.000 -9999.000 -0.8999164E-01 -0.4170319E-01 -0.1824366E-01 -0.6279362E-02 -0.1176527E-01 -0.2701199E-01 -0.4513278E-01 -0.6401052E-01 -0.8266465E-01 -0.9874950E-01 -0.1137683 -0.1275994 -0.1424108 -0.1675970 -0.2197604 -0.2197604 -9999.000 -9999.000 -9999.000 -9999.000 -9999.000 -9999.000 -9999.000 -9999.000 -9999.000 -9999.000 -9999.000 -9999.000 -9999.000 -9999.000 -9999.000 -9999.000 -9999.000 -9999.000 -9999.000 -9999.000 -9999.000 -9999.000 -9999.000 -9999.000 -9999.000 -9999.000 -9999.000 -9999.000
-9999.000 -9999.000 -9999.000 -9999.000 -9999.000 -9999.000 -9999.000 -9999.000 -9999.000 -9999.000 -9999.000 -9999.000 -9999.000 -9999.000 -9999.000 -0.8799417E-01 -0.3521045E-01 -0.9631354E-02 0.3167199E-02 -0.3416852E-02 -0.2054633E-01 -0.4064639E-01 -0.6154225E-01 -0.8217581E-01 -0.9988204E-01 -0.1165169 -0.1318588 -0.1484339 -0.1771288 -0.2414899 -0.2414899 -9999.000 -9999.000 -9999.000 -9999.000 -9999.000 -9999.000 -9999.000 -9999.000 -9999.000 -9999.000 -9999.000 -9999.000 -9999.000 -9999.000 -9999.000 -9999.000 -9999.000 -9999.000 -9999.000 -9999.000 -9999.000 -9999.000 -9999.000 -9999.000 -9999.000 -9999.000 -9999.000 -9999.000
-9999.000 -9999.000 -9999.000 -9999.000 -9999.000 -9999.000 -9999.000 -9999.000 -9999.000 -9999.000 -9999.000 -9999.000 -9999.000 -9999.000 -9999.000 -0.8516444E-01 -0.2804374E-01 -0.4191183E-03 0.1308352E-01 0.5197237E-02 -0.1393766E-01 -0.3605697E-01 -0.5899231E-01 -0.8161168E-01 -0.1009036 -0.1191553 -0.1360082 -0.1544084 -0.1869468 -0.2665443 -0.2665443 -9999.000 -9999.000 -9999.000 -9999.000 -9999.000 -9999.000 -9999.000 -9999.000 -9999.000 -9999.000 -9999.000 -9999.000 -9999.000 -9999.000 -9999.000 -9999.000 -9999.000 -9999.000 -9999.000 -9999.000 -9999.000 -9999.000 -9999.000 -9999.000 -9999.000 -9999.000 -9999.000 -9999.000
-9999.000 -9999.000 -9999.000 -9999.000 -9999.000 -9999.000 -9999.000 -9999.000 -9999.000 -9999.000 -9999.000 -9999.000 -9999.000 -9999.000 -9999.000 -0.7964481E-01 -0.1871892E-01 0.1046468E-01 0.2375144E-01 0.1379951E-01 -0.7624459E-02 -0.3181257E-01 -0.5678778E-01 -0.8135612E-01 -0.1021383 -0.1219554 -0.1402654 -0.1605177 -0.1972664 -0.2962558 -0.2962558 -9999.000 -9999.000 -9999.000 -9999.000 -9999.000 -9999.000 -9999.000 -9999.000 -9999.000 -9999.000 -9999.000 -9999.000 -9999.000 -9999.000 -9999.000 -9999.000 -9999.000 -9999.000 -9999.000 -9999.000 -9999.000 -9999.000 -9999.000 -9999.000 -9999.000 -9999.000 -9999.000 -9999.000
-9999.000 -9999.000 -9999.000 -9999.000 -9999.000 -9999.000 -9999.000 -9999.000 -9999.000 -9999.000 -9999.000 -9999.000 -9999.000 -9999.000 -9999.000 -0.1069175E-01 0.1738158E-01 0.2719059E-01 0.2416850E-01 0.5744985E-02 -0.1674005E-01 -0.4038644E-01 -0.6481984E-01 -0.8897641E-01 -0.1091981 -0.1289619 -0.1474173 -0.1685398 -0.2089656 -0.3306077 -0.3306077 -9999.000 -9999.000 -9999.000 -9999.000 -9999.000 -9999.000 -9999.000 -9999.000 -9999.000 -9999.000 -9999.000 -9999.000 -9999.000 -9999.000 -9999.000 -9999.000 -9999.000 -9999.000 -9999.000 -9999.000 -9999.000 -9999.000 -9999.000 -9999.000 -9999.000 -9999.000 -9999.000 -9999.000
-0.4249579E-02 -0.4249579E-02 -0.5452142E-02 -0.7306706E-02 -0.6891044E-02 -0.6891044E-02 -0.6731019E-02 -0.6640929E-02 -0.6640929E-02 -0.6611266E-02 -0.6611266E-02 -0.6583716E-02 -0.6567931E-02 -0.6550703E-02 -0.6536427E-02 -0.6536427E-02 0.4280658E-01 0.3954756E-01 0.2513019E-01 0.1845497E-02 -0.2609910E-01 -0.5710633E-01 -0.9017365E-01 -0.1240887 -0.1567512 -0.1878453 -0.2166749 -0.2440796 -0.2765331 -0.3456261 -0.3456261 -0.1966184 -0.1089234 -0.4073941E-01 -0.3139989E-01 -0.3139989E-01 -0.2535035E-01 -0.2535035E-01 -0.1559099E-01 -0.1559099E-01 -0.5631340E-02 0.2255932E-01 0.2255932E-01 0.3660766E-01 0.3660766E-01 0.3238445E-03 0.3238445E-03 0.3238445E-03 -0.1235729E-02 -0.1235729E-02 -0.9315151E-03 -0.9315151E-03 -0.1411073E-02 -0.1411073E-02 -0.2487663E-02 -0.2487663E-02 -0.3668786E-02 -0.3668786E-02 -0.3668786E-02
-0.6114290E-02 -0.6114290E-02 -0.7543572E-02 -0.1071271E-01 -0.9836548E-02 -0.9836548E-02 -0.9476050E-02 -0.9318632E-02 -0.9318632E-02 -0.9308780E-02 -0.9308780E-02 -0.9299797E-02 -0.9290526E-02 -0.9278146E-02 -0.9279253E-02 -0.9279253E-02 0.3582739E-01 0.3417440E-01 0.1999807E-01 -0.4218687E-02 -0.3801747E-01 -0.7925384E-01 -0.1256200 -0.1751782 -0.2264527 -0.2770302 -0.3253431 -0.3695576 -0.4072654 -0.4334075 -0.4334075 -0.2991593 -0.2030699 -0.1101832 -0.9183888E-01 -0.9183888E-01 -0.7097773E-01 -0.7097773E-01 -0.3626021E-01 -0.3626021E-01 -0.5938606E-02 0.7186515E-01 0.7186515E-01 0.1146551 0.1146551 0.3745889E-01 0.3745889E-01 0.3745889E-01 0.1299447E-01 0.1299447E-01 0.2293165E-02 0.2293165E-02 -0.3811473E-02 -0.3811473E-02 -0.8257511E-02 -0.8257511E-02 -0.1158912E-01 -0.1158912E-01 -0.1158912E-01
-0.4073231E-02 -0.4073231E-02 -0.5347991E-02 -0.9464796E-02 -0.8550821E-02 -0.8550821E-02 -0.8066092E-02 -0.7846764E-02 -0.7846764E-02 -0.7867918E-02 -0.7867918E-02 -0.7894909E-02 -0.7901773E-02 -0.7904856E-02 -0.7939723E-02 -0.7939723E-02 0.2437198E-01 0.2338620E-01 0.9909820E-02 -0.1420429E-01 -0.4824728E-01 -0.9071328E-01 -0.1398051 -0.1938795 -0.2516579 -0.3112203 -0.3709205 -0.4288182 -0.4819931 -0.5239107 -0.5239107 -0.4404008 -0.3586472 -0.2448202 -0.2089779 -0.2089779 -0.1499378 -0.1499378 -0.6265359E-01 -0.6265359E-01 0.8580484E-03 0.1406468 0.1406468 0.2187272 0.2187272 0.1175072 0.1175072 0.1175072 0.5005647E-01 0.5005647E-01 0.1306824E-01 0.1306824E-01 -0.6842583E-02 -0.6842583E-02 -0.1843842E-01 -0.1843842E-01 -0.2536730E-01 -0.2536730E-01 -0.2536730E-01
-0.1980206E-02 -0.1980206E-02 -0.4254022E-02 -0.7899079E-02 -0.7018407E-02 -0.7018407E-02 -0.6506757E-02 -0.6257841E-02 -0.6257841E-02 -0.6282473E-02 -0.6282473E-02 -0.6314312E-02 -0.6322995E-02 -0.6327826E-02 -0.6387264E-02 -0.6387264E-02 0.1328606E-01 0.1027636E-01 -0.4165408E-02 -0.2896053E-01 -0.6329078E-01 -0.1060060 -0.1557025 -0.2109984 -0.2707796 -0.3336271 -0.3981770 -0.4628336 -0.5250586 -0.5788473 -0.5788473 -0.5446511 -0.4890884 -0.3818744 -0.3350633 -0.3350633 -0.2311628 -0.2311628 -0.7254802E-01 -0.7254802E-01 0.2558323E-01 0.2046119 0.2046119 0.2945345 0.2945345 0.1932818 0.1932818 0.1932818 0.9417615E-01 0.9417615E-01 0.2914344E-01 0.2914344E-01 -0.8241858E-02 -0.8241858E-02 -0.2932127E-01 -0.2932127E-01 -0.4078027E-01 -0.4078027E-01 -0.4078027E-01
-0.4122537E-03 -0.4122537E-03 -0.3887993E-02 -0.6016182E-02 -0.5344118E-02 -0.5344118E-02 -0.4915929E-02 -0.4683986E-02 -0.4683986E-02 -0.4702868E-02 -0.4702868E-02 -0.4732496E-02 -0.4740815E-02 -0.4745410E-02 -0.4834970E-02 -0.4834970E-02 0.2606583E-02 -0.4676066E-02 -0.2203165E-01 -0.4886325E-01 -0.8442992E-01 -0.1278296 -0.1779909 -0.2337950 -0.2942679 -0.3583031 -0.4247799 -0.4924229 -0.5592284 -0.6203532 -0.6203532 -0.6220835 -0.5933978 -0.5042862 -0.4486747 -0.4486747 -0.2879118 -0.2879118 -0.5225311E-01 -0.5225311E-01 0.6795052E-01 0.2506133 0.2506133 0.3329281 0.3329281 0.2482527 0.2482527 0.2482527 0.1366593 0.1366593 0.4956431E-01 0.4956431E-01 -0.5756659E-02 -0.5756659E-02 -0.3788890E-01 -0.3788890E-01 -0.5493002E-01 -0.5493002E-01 -0.5493002E-01
0.7787727E-04 0.7787727E-04 -0.2826609E-02 -0.4035625E-02 -0.3600349E-02 -0.3600349E-02 -0.3301005E-02 -0.3120434E-02 -0.3120434E-02 -0.3130766E-02 -0.3130766E-02 -0.3153244E-02 -0.3159669E-02 -0.3163381E-02 -0.3292422E-02 -0.3292422E-02 -0.8236872E-02 -0.2165568E-01 -0.4387283E-01 -0.7436091E-01 -0.1124259 -0.1573399 -0.2083184 -0.2645383 -0.3252380 -0.3895834 -0.4566833 -0.5255131 -0.5945030 -0.6598929 -0.6598929 -0.6857346 -0.6795560 -0.6051166 -0.5335040 -0.5335040 -0.2956874 -0.2956874 -0.6105480E-02 -0.6105480E-02 0.1128730 0.2700456 0.2700456 0.3379220 0.3379220 0.2778771 0.2778771 0.2778771 0.1713294 0.1713294 0.7218380E-01 0.7218380E-01 0.1255080E-02 0.1255080E-02 -0.4256086E-01 -0.4256086E-01 -0.6614744E-01 -0.6614744E-01 -0.6614744E-01
0.3153524E-04 0.3153524E-04 -0.1428563E-02 -0.2013919E-02 -0.1800346E-02 -0.1800346E-02 -0.1649048E-02 -0.1556414E-02 -0.1556414E-02 -0.1563336E-02 -0.1563336E-02 -0.1575890E-02 -0.1579332E-02 -0.1581456E-02 -0.1764246E-02 -0.1764246E-02 -0.2008814E-01 -0.4136946E-01 -0.7036522E-01 -0.1062481 -0.1482507 -0.1957380 -0.2481526 -0.3049664 -0.3656917 -0.4297973 -0.4966701 -0.5655519 -0.6352397 -0.7027843 -0.7027843 -0.7438614 -0.7537467 -0.6748495 -0.5685318 -0.5685318 -0.2463018 -0.2463018 0.4336169E-01 0.4336169E-01 0.1416347 0.2632551 0.2632551 0.3188025 0.3188025 0.2841128 0.2841128 0.2841128 0.1938889 0.1938889 0.9368102E-01 0.9368102E-01 0.1202791E-01 0.1202791E-01 -0.4269477E-01 -0.4269477E-01 -0.7332437E-01 -0.7332437E-01 -0.7332437E-01
0.3407558E-07 0.3407558E-07 0.4834483E-07 0.3283859E-07 0.1265889E-06 0.1265889E-06 -0.3762032E-07 -0.1770069E-06 -0.1770069E-06 0.1658190E-07 0.1658190E-07 -0.3505362E-07 0.3430109E-07 0.7106485E-07 -0.2569780E-03 -0.2569780E-03 -0.3411259E-01 -0.6509998E-01 -0.1028194 -0.1458791 -0.1933201 -0.2445345 -0.2991428 -0.3568914 -0.4175944 -0.4810503 -0.5469764 -0.6149323 -0.6840575 -0.7518495 -0.7518495 -0.8007837 -0.8173621 -0.6918473 -0.5287816 -0.5287816 -0.1625224 -0.1625224 0.7406204E-01 0.7406204E-01 0.1460623 0.2373973 0.2373973 0.2850285 0.2850285 0.2718026 0.2718026 0.2718026 0.2022983 0.2022983 0.1103130 0.1103130 0.2457756E-01 0.2457756E-01 -0.3849937E-01 -0.3849937E-01 -0.7576882E-01 -0.7576882E-01 -0.7576882E-01
-0.3144682E-04 -0.3144682E-04 0.1428730E-02 0.2013960E-02 0.1800523E-02 0.1800523E-02 0.1649030E-02 0.1556180E-02 0.1556180E-02 0.1563185E-02 0.1563185E-02 0.1575872E-02 0.1579374E-02 0.1581574E-02 0.1220695E-02 0.1220695E-02 -0.5198607E-01 -0.9488560E-01 -0.1433972 -0.1954191 -0.2497479 -0.3057886 -0.3633316 -0.4223881 -0.4830820 -0.5455530 -0.6098756 -0.6759639 -0.7432321 -0.8088621 -0.8088621 -0.8570696 -0.8626834 -0.6240914 -0.4114572 -0.4114572 -0.8505341E-01 -0.8505341E-01 0.7951380E-01 0.7951380E-01 0.1304926 0.2013348 0.2013348 0.2439073 0.2439073 0.2462916 0.2462916 0.2462916 0.1968400 0.1968400 0.1190105 0.1190105 0.3623801E-01 0.3623801E-01 -0.3095132E-01 -0.3095132E-01 -0.7322200E-01 -0.7322200E-01 -0.7322200E-01
-0.7774884E-04 -0.7774884E-04 0.2826709E-02 0.4035616E-02 0.3600300E-02 0.3600300E-02 0.3300880E-02 0.3120327E-02 0.3120327E-02 0.3130473E-02 0.3130473E-02 0.3153174E-02 0.3159727E-02 0.3163496E-02 0.2656183E-02 0.2656183E-02 -0.7628613E-01 -0.1339236 -0.1954996 -0.2582131 -0.3206894 -0.3824246 -0.4434334 -0.5040208 -0.5646343 -0.6257582 -0.6878269 -0.7511002 -0.8149680 -0.8739750 -0.8739750 -0.9051999 -0.8611391 -0.4655614 -0.2625362 -0.2625362 -0.3912606E-01 -0.3912606E-01 0.6702887E-01 0.6702887E-01 0.1044318 0.1618664 0.1618664 0.2000477 0.2000477 0.2121222 0.2121222 0.2121222 0.1794585 0.1794585 0.1181740 0.1181740 0.4440041E-01 0.4440041E-01 -0.2157706E-01 -0.2157706E-01 -0.6590445E-01 -0.6590445E-01 -0.6590445E-01
0.4124586E-03 0.4124586E-03 0.3888045E-02 0.6016146E-02 0.5344073E-02 0.5344073E-02 0.4915739E-02 0.4683767E-02 0.4683767E-02 0.4702801E-02 0.4702801E-02 0.4732500E-02 0.4740816E-02 0.4745514E-02 0.4033215E-02 0.4033215E-02 -0.1112772 -0.1873574 -0.2644663 -0.3393909 -0.4108619 -0.4786800 -0.5432264 -0.6051796 -0.6653485 -0.7245683 -0.7836220 -0.8430229 -0.9009368 -0.9409189 -0.9409189 -0.9132297 -0.7531847 -0.2763931 -0.1445539 -0.1445539 -0.2228717E-01 -0.2228717E-01 0.4733056E-01 0.4733056E-01 0.7590351E-01 0.1228901 0.1228901 0.1559695 0.1559695 0.1726955 0.1726955 0.1726955 0.1528421 0.1528421 0.1078276 0.1078276 0.4720056E-01 0.4720056E-01 -0.1207701E-01 -0.1207701E-01 -0.5448808E-01 -0.5448808E-01 -0.5448808E-01
0.1980262E-02 0.1980262E-02 0.4254054E-02 0.7898971E-02 0.7018353E-02 0.7018353E-02 0.6506688E-02 0.6257512E-02 0.6257512E-02 0.6282570E-02 0.6282570E-02 0.6314395E-02 0.6322884E-02 0.6327839E-02 0.5328707E-02 0.5328707E-02 -0.1645606 -0.2638327 -0.3588971 -0.4469508 -0.5274331 -0.6008466 -0.6681820 -0.7306259 -0.7894099 -0.8457335 -0.9007102 -0.9547295 -0.9995085 -0.9761905 -0.9761905 -0.7993684 -0.5070978 -0.1368799 -0.8037467E-01 -0.8037467E-01 -0.1955220E-01 -0.1955220E-01 0.2759468E-01 0.2759468E-01 0.4928119E-01 0.8619452E-01 0.8619452E-01 0.1130363 0.1130363 0.1305158 0.1305158 0.1305158 0.1198116 0.1198116 0.8933724E-01 0.8933724E-01 0.4398715E-01 0.4398715E-01 -0.3842252E-02 -0.3842252E-02 -0.3996228E-01 -0.3996228E-01 -0.3996228E-01
