simulation_files/asc/Velocity__y_48.0.asc
NCOLS        79
NROWS        79
XLLCENTER         -1.500000
YLLCENTER         -4.800000
CELLSIZE           0.100
NODATA_VALUE     -9999.0
[rows 0 to 25 of 79, columns 0 to 58 of 79]
-9999.000 -9999.000 -9999.000 -9999.000 -9999.000 -9999.000 -9999.000 -9999.000 -9999.000 -9999.000 -9999.000 -9999.000 -9999.000 -9999.000 -9999.000 -0.2769728 -0.2759888 -0.2762141 -0.2766039 -0.2770607 -0.2775763 -0.2781537 -0.2787958 -0.2795058 -0.2802891 -0.2811571 -0.2821321 -0.2832531 -0.2844526 -0.2811041 -0.2811041 -9999.000 -9999.000 -9999.000 -9999.000 -9999.000 -9999.000 -9999.000 -9999.000 -9999.000 -9999.000 -9999.000 -9999.000 -9999.000 -9999.000 -9999.000 -9999.000 -9999.000 -9999.000 -9999.000 -9999.000 -9999.000 -9999.000 -9999.000 -9999.000 -9999.000 -9999.000 -9999.000 -9999.000
-9999.000 -9999.000 -9999.000 -9999.000 -9999.000 -9999.000 -9999.000 -9999.000 -9999.000 -9999.000 -9999.000 -9999.000 -9999.000 -9999.000 -9999.000 -0.2725137 -0.2700651 -0.2704326 -0.2711123 -0.2718989 -0.2727784 -0.2737635 -0.2748708 -0.2761192 -0.2775322 -0.2791454 -0.2810130 -0.2832127 -0.2855841 -0.2791483 -0.2791483 -9999.000 -9999.000 -9999.000 -9999.000 -9999.000 -9999.000 -9999.000 -9999.000 -9999.000 -9999.000 -9999.000 -9999.000 -9999.000 -9999.000 -9999.000 -9999.000 -9999.000 -9999.000 -9999.000 -9999.000 -9999.000 -9999.000 -9999.000 -9999.000 -9999.000 -9999.000 -9999.000 -9999.000
-9999.000 -9999.000 -9999.000 -9999.000 -9999.000 -9999.000 -9999.000 -9999.000 -9999.000 -9999.000 -9999.000 -9999.000 -9999.000 -9999.000 -9999.000 -0.2662211 -0.2619627 -0.2625383 -0.2636816 -0.2650382 -0.2665771 -0.2683188 -0.2702928 -0.2725331 -0.2750795 -0.2779831 -0.2813114 -0.2851422 -0.2891176 -0.2793269 -0.2793269 -9999.000 -9999.000 -9999.000 -9999.000 -9999.000 -9999.000 -9999.000 -9999.000 -9999.000 -9999.000 -9999.000 -9999.000 -9999.000 -9999.000 -9999.000 -9999.000 -9999.000 -9999.000 -9999.000 -9999.000 -9999.000 -9999.000 -9999.000 -9999.000 -9999.000 -9999.000 -9999.000 -9999.000
-9999.000 -9999.000 -9999.000 -9999.000 -9999.000 -9999.000 -9999.000 -9999.000 -9999.000 -9999.000 -9999.000 -9999.000 -9999.000 -9999.000 -9999.000 -0.2587551 -0.2525586 -0.2534122 -0.2551443 -0.2572363 -0.2596391 -0.2623802 -0.2655005 -0.2690463 -0.2730688 -0.2776284 -0.2827985 -0.2886505 -0.2946073 -0.2817934 -0.2817934 -9999.000 -9999.000 -9999.000 -9999.000 -9999.000 -9999.000 -9999.000 -9999.000 -9999.000 -9999.000 -9999.000 -9999.000 -9999.000 -9999.000 -9999.000 -9999.000 -9999.000 -9999.000 -9999.000 -9999.000 -9999.000 -9999.000 -9999.000 -9999.000 -9999.000 -9999.000 -9999.000 -9999.000
-9999.000 -9999.000 -9999.000 -9999.000 -9999.000 -9999.000 -9999.000 -9999.000 -9999.000 -9999.000 -9999.000 -9999.000 -9999.000 -9999.000 -9999.000 -0.2501211 -0.2419372 -0.2431367 -0.2455702 -0.2485436 -0.2519899 -0.2559442 -0.2604601 -0.2655967 -0.2714157 -0.2779871 -0.2853897 -0.2936884 -0.3020673 -0.2866574 -0.2866574 -9999.000 -9999.000 -9999.000 -9999.000 -9999.000 -9999.000 -9999.000 -9999.000 -9999.000 -9999.000 -9999.000 -9999.000 -9999.000 -9999.000 -9999.000 -9999.000 -9999.000 -9999.000 -9999.000 -9999.000 -9999.000 -9999.000 -9999.000 -9999.000 -9999.000 -9999.000 -9999.000 -9999.000
-9999.000 -9999.000 -9999.000 -9999.000 -9999.000 -9999.000 -9999.000 -9999.000 -9999.000 -9999.000 -9999.000 -9999.000 -9999.000 -9999.000 -9999.000 -0.2402603 -0.2301425 -0.2317551 -0.2349886 -0.2389700 -0.2436165 -0.2489748 -0.2551151 -0.2621121 -0.2700428 -0.2789906 -0.2890454 -0.3002717 -0.3116030 -0.2941456 -0.2941456 -9999.000 -9999.000 -9999.000 -9999.000 -9999.000 -9999.000 -9999.000 -9999.000 -9999.000 -9999.000 -9999.000 -9999.000 -9999.000 -9999.000 -9999.000 -9999.000 -9999.000 -9999.000 -9999.000 -9999.000 -9999.000 -9999.000 -9999.000 -9999.000 -9999.000 -9999.000 -9999.000 -9999.000
-9999.000 -9999.000 -9999.000 -9999.000 -9999.000 -9999.000 -9999.000 -9999.000 -9999.000 -9999.000 -9999.000 -9999.000 -9999.000 -9999.000 -9999.000 -0.2290503 -0.2171836 -0.2192802 -0.2233981 -0.2284944 -0.2344772 -0.2414110 -0.2493887 -0.2585081 -0.2688695 -0.2805804 -0.2937538 -0.3084682 -0.3234074 -0.3046128 -0.3046128 -9999.000 -9999.000 -9999.000 -9999.000 -9999.000 -9999.000 -9999.000 -9999.000 -9999.000 -9999.000 -9999.000 -9999.000 -9999.000 -9999.000 -9999.000 -9999.000 -9999.000 -9999.000 -9999.000 -9999.000 -9999.000 -9999.000 -9999.000 -9999.000 -9999.000 -9999.000 -9999.000 -9999.000
-9999.000 -9999.000 -9999.000 -9999.000 -9999.000 -9999.000 -9999.000 -9999.000 -9999.000 -9999.000 -9999.000 -9999.000 -9999.000 -9999.000 -9999.000 -0.2163069 -0.2030373 -0.2056973 -0.2107705 -0.2170693 -0.2245039 -0.2331659 -0.2431809 -0.2546805 -0.2678032 -0.2826969 -0.2995201 -0.3183919 -0.3377696 -0.3185766 -0.3185766 -9999.000 -9999.000 -9999.000 -9999.000 -9999.000 -9999.000 -9999.000 -9999.000 -9999.000 -9999.000 -9999.000 -9999.000 -9999.000 -9999.000 -9999.000 -9999.000 -9999.000 -9999.000 -9999.000 -9999.000 -9999.000 -9999.000 -9999.000 -9999.000 -9999.000 -9999.000 -9999.000 -9999.000
-9999.000 -9999.000 -9999.000 -9999.000 -9999.000 -9999.000 -9999.000 -9999.000 -9999.000 -9999.000 -9999.000 -9999.000 -9999.000 -9999.000 -9999.000 -0.2017861 -0.1876479 -0.1909643 -0.1970506 -0.2046194 -0.2135996 -0.2241233 -0.2363616 -0.2504969 -0.2667256 -0.2852643 -0.3063533 -0.3301999 -0.3550924 -0.3367839 -0.3367839 -9999.000 -9999.000 -9999.000 -9999.000 -9999.000 -9999.000 -9999.000 -9999.000 -9999.000 -9999.000 -9999.000 -9999.000 -9999.000 -9999.000 -9999.000 -9999.000 -9999.000 -9999.000 -9999.000 -9999.000 -9999.000 -9999.000 -9999.000 -9999.000 -9999.000 -9999.000 -9999.000 -9999.000
-9999.000 -9999.000 -9999.000 -9999.000 -9999.000 -9999.000 -9999.000 -9999.000 -9999.000 -9999.000 -9999.000 -9999.000 -9999.000 -9999.000 -9999.000 -0.1851881 -0.1709249 -0.1750087 -0.1821523 -0.1910365 -0.2016322 -0.2141283 -0.2287590 -0.2457795 -0.2654744 -0.2881707 -0.3142480 -0.3440855 -0.3759220 -0.3603317 -0.3603317 -9999.000 -9999.000 -9999.000 -9999.000 -9999.000 -9999.000 -9999.000 -9999.000 -9999.000 -9999.000 -9999.000 -9999.000 -9999.000 -9999.000 -9999.000 -9999.000 -9999.000 -9999.000 -9999.000 -9999.000 -9999.000 -9999.000 -9999.000 -9999.000 -9999.000 -9999.000 -9999.000 -9999.000
-9999.000 -9999.000 -9999.000 -9999.000 -9999.000 -9999.000 -9999.000 -9999.000 -9999.000 -9999.000 -9999.000 -9999.000 -9999.000 -9999.000 -9999.000 -0.1661666 -0.1527388 -0.1577207 -0.1659507 -0.1761708 -0.1884233 -0.2029730 -0.2201407 -0.2402827 -0.2638135 -0.2912321 -0.3231510 -0.3602619 -0.4009909 -0.3908934 -0.3908934 -9999.000 -9999.000 -9999.000 -9999.000 -9999.000 -9999.000 -9999.000 -9999.000 -9999.000 -9999.000 -9999.000 -9999.000 -9999.000 -9999.000 -9999.000 -9999.000 -9999.000 -9999.000 -9999.000 -9999.000 -9999.000 -9999.000 -9999.000 -9999.000 -9999.000 -9999.000 -9999.000 -9999.000
-9999.000 -9999.000 -9999.000 -9999.000 -9999.000 -9999.000 -9999.000 -9999.000 -9999.000 -9999.000 -9999.000 -9999.000 -9999.000 -9999.000 -9999.000 -0.1443416 -0.1329147 -0.1389410 -0.1482688 -0.1598158 -0.1737289 -0.1903745 -0.2101845 -0.2336539 -0.2613827 -0.2941322 -0.3328931 -0.3789154 -0.4312705 -0.4311682 -0.4311682 -9999.000 -9999.000 -9999.000 -9999.000 -9999.000 -9999.000 -9999.000 -9999.000 -9999.000 -9999.000 -9999.000 -9999.000 -9999.000 -9999.000 -9999.000 -9999.000 -9999.000 -9999.000 -9999.000 -9999.000 -9999.000 -9999.000 -9999.000 -9999.000 -9999.000 -9999.000 -9999.000 -9999.000
-9999.000 -9999.000 -9999.000 -9999.000 -9999.000 -9999.000 -9999.000 -9999.000 -9999.000 -9999.000 -9999.000 -9999.000 -9999.000 -9999.000 -9999.000 -0.1193143 -0.1112199 -0.1184428 -0.1288550 -0.1416812 -0.1572112 -0.1759368 -0.1984307 -0.2253692 -0.2576107 -0.2963048 -0.3430461 -0.4000696 -0.4680020 -0.4858777 -0.4858777 -9999.000 -9999.000 -9999.000 -9999.000 -9999.000 -9999.000 -9999.000 -9999.000 -9999.000 -9999.000 -9999.000 -9999.000 -9999.000 -9999.000 -9999.000 -9999.000 -9999.000 -9999.000 -9999.000 -9999.000 -9999.000 -9999.000 -9999.000 -9999.000 -9999.000 -9999.000 -9999.000 -9999.000
-9999.000 -9999.000 -9999.000 -9999.000 -9999.000 -9999.000 -9999.000 -9999.000 -9999.000 -9999.000 -9999.000 -9999.000 -9999.000 -9999.000 -9999.000 -0.9061352E-01 -0.8731420E-01 -0.9588378E-01 -0.1073446 -0.1213610 -0.1384009 -0.1591054 -0.1842151 -0.2146321 -0.2515578 -0.2966950 -0.3525809 -0.4231721 -0.5125142 -0.5643326 -0.5643326 -9999.000 -9999.000 -9999.000 -9999.000 -9999.000 -9999.000 -9999.000 -9999.000 -9999.000 -9999.000 -9999.000 -9999.000 -9999.000 -9999.000 -9999.000 -9999.000 -9999.000 -9999.000 -9999.000 -9999.000 -9999.000 -9999.000 -9999.000 -9999.000 -9999.000 -9999.000 -9999.000 -9999.000
-9999.000 -9999.000 -9999.000 -9999.000 -9999.000 -9999.000 -9999.000 -9999.000 -9999.000 -9999.000 -9999.000 -9999.000 -9999.000 -9999.000 -9999.000 -0.5287524E-01 -0.5920054E-01 -0.7032827E-01 -0.8344447E-01 -0.9890831E-01 -0.1174721 -0.1399941 -0.1674401 -0.2010069 -0.2423456 -0.2939229 -0.3596912 -0.4465405 -0.5656898 -0.6882653 -0.6882653 -9999.000 -9999.000 -9999.000 -9999.000 -9999.000 -9999.000 -9999.000 -9999.000 -9999.000 -9999.000 -9999.000 -9999.000 -9999.000 -9999.000 -9999.000 -9999.000 -9999.000 -9999.000 -9999.000 -9999.000 -9999.000 -9999.000 -9999.000 -9999.000 -9999.000 -9999.000 -9999.000 -9999.000
-0.2451947E-02 -0.2451947E-02 -0.3371799E-02 -0.6026346E-02 -0.5167811E-02 -0.5167811E-02 -0.4862021E-02 -0.5028801E-02 -0.5028801E-02 -0.6060048E-02 -0.6060048E-02 -0.8872729E-02 -0.1187433E-01 -0.1725303E-01 -0.2715708E-01 -0.2715708E-01 -0.6678515E-01 -0.8351801E-01 -0.9978127E-01 -0.1163895 -0.1342663 -0.1545798 -0.1788050 -0.2087977 -0.2469324 -0.2964024 -0.3619279 -0.4515651 -0.5799887 -0.8054016 -0.8054016 -0.5953099 -0.4278795 -0.1530773 -0.6437053E-01 -0.6437053E-01 0.2685290E-01 0.2685290E-01 0.4787154E-01 0.4787154E-01 0.2681359E-01 -0.6826821E-02 -0.6826821E-02 0.5821771E-02 0.5821771E-02 0.1093818E-01 0.1093818E-01 0.1093818E-01 0.8770025E-02 0.8770025E-02 0.6579360E-02 0.6579360E-02 0.6218757E-02 0.6218757E-02 0.3931770E-02 0.3931770E-02 0.2569019E-02 0.2569019E-02 0.2569019E-02
-0.3684173E-02 -0.3684173E-02 -0.4929356E-02 -0.8735772E-02 -0.7538760E-02 -0.7538760E-02 -0.7266678E-02 -0.8089365E-02 -0.8089365E-02 -0.1076849E-01 -0.1076849E-01 -0.1736281E-01 -0.2378240E-01 -0.3421394E-01 -0.5137020E-01 -0.5137020E-01 -0.1067969 -0.1309587 -0.1535570 -0.1746933 -0.1946707 -0.2142329 -0.2346907 -0.2579778 -0.2866645 -0.3239723 -0.3738528 -0.4412068 -0.5308158 -0.6492110 -0.6492110 -0.4650460 -0.3212966 -0.1107845 -0.3702660E-01 -0.3702660E-01 0.6400388E-01 0.6400388E-01 0.1117584 0.1117584 0.9040674E-01 0.2556124E-02 0.2556124E-02 0.1595808E-01 0.1595808E-01 0.2353036E-01 0.2353036E-01 0.2353036E-01 0.1870681E-01 0.1870681E-01 0.1417321E-01 0.1417321E-01 0.9605309E-02 0.9605309E-02 0.8012949E-02 0.8012949E-02 0.5719605E-02 0.5719605E-02 0.5719605E-02
-0.2878686E-02 -0.2878686E-02 -0.4018397E-02 -0.7185191E-02 -0.6840400E-02 -0.6840400E-02 -0.7018492E-02 -0.8805832E-02 -0.8805832E-02 -0.1335025E-01 -0.1335025E-01 -0.2365775E-01 -0.3286686E-01 -0.4645851E-01 -0.6618757E-01 -0.6618757E-01 -0.1245884 -0.1545641 -0.1841749 -0.2127863 -0.2399470 -0.2655551 -0.2900007 -0.3142778 -0.3400600 -0.3697122 -0.4061962 -0.4527537 -0.5111412 -0.5770376 -0.5770376 -0.4651304 -0.3582737 -0.1754068 -0.9678836E-01 -0.9678836E-01 0.4516564E-01 0.4516564E-01 0.1526050 0.1526050 0.1668279 0.5797037E-01 0.5797037E-01 0.3381542E-01 0.3381542E-01 0.3252923E-01 0.3252923E-01 0.3252923E-01 0.2757779E-01 0.2757779E-01 0.2113423E-01 0.2113423E-01 0.1181052E-01 0.1181052E-01 0.1042390E-01 0.1042390E-01 0.7503894E-02 0.7503894E-02 0.7503894E-02
-0.2170732E-02 -0.2170732E-02 -0.3134333E-02 -0.5894144E-02 -0.6003986E-02 -0.6003986E-02 -0.6519172E-02 -0.9103950E-02 -0.9103950E-02 -0.1506221E-01 -0.1506221E-01 -0.2782277E-01 -0.3864619E-01 -0.5386534E-01 -0.7470465E-01 -0.7470465E-01 -0.1344284 -0.1678021 -0.2020372 -0.2361920 -0.2694647 -0.3012764 -0.3313711 -0.3599153 -0.3875759 -0.4155429 -0.4454244 -0.4788885 -0.5161582 -0.5515217 -0.5515217 -0.4779364 -0.3952569 -0.2299172 -0.1462748 -0.1462748 0.2288129E-01 0.2288129E-01 0.1632487 0.1632487 0.2021820 0.1389748 0.1389748 0.6490014E-01 0.6490014E-01 0.3954174E-01 0.3954174E-01 0.3954174E-01 0.3294323E-01 0.3294323E-01 0.2457627E-01 0.2457627E-01 0.1377180E-01 0.1377180E-01 0.9477980E-02 0.9477980E-02 0.5788158E-02 0.5788158E-02 0.5788158E-02
-0.1546516E-02 -0.1546516E-02 -0.2295018E-02 -0.4779043E-02 -0.5128881E-02 -0.5128881E-02 -0.5884209E-02 -0.9085800E-02 -0.9085800E-02 -0.1605840E-01 -0.1605840E-01 -0.3037223E-01 -0.4212208E-01 -0.5823621E-01 -0.7974343E-01 -0.7974343E-01 -0.1413335 -0.1772987 -0.2148762 -0.2529859 -0.2907149 -0.3273141 -0.3622256 -0.3951339 -0.4260149 -0.4551377 -0.4829382 -0.5097193 -0.5345801 -0.5523026 -0.5523026 -0.4986894 -0.4296736 -0.2685124 -0.1771152 -0.1771152 0.9221934E-02 0.9221934E-02 0.1576124 0.1576124 0.2054964 0.1996731 0.1996731 0.1107440 0.1107440 0.5139507E-01 0.5139507E-01 0.5139507E-01 0.3691287E-01 0.3691287E-01 0.2516800E-01 0.2516800E-01 0.1286073E-01 0.1286073E-01 0.6037513E-02 0.6037513E-02 0.1678543E-02 0.1678543E-02 0.1678543E-02
-0.9841308E-03 -0.9841308E-03 -0.1493339E-02 -0.3716207E-02 -0.4203116E-02 -0.4203116E-02 -0.5116572E-02 -0.8734792E-02 -0.8734792E-02 -0.1632773E-01 -0.1632773E-01 -0.3144257E-01 -0.4361234E-01 -0.6014194E-01 -0.8212200E-01 -0.8212200E-01 -0.1468796 -0.1856096 -0.2263008 -0.2677277 -0.3089287 -0.3491302 -0.3876997 -0.4241300 -0.4580354 -0.4891028 -0.5168847 -0.5405660 -0.5583099 -0.5651503 -0.5651503 -0.5211436 -0.4567434 -0.2856167 -0.1857118 -0.1857118 0.4009769E-02 0.4009769E-02 0.1437224 0.1437224 0.1913325 0.2221502 0.2221502 0.1574606 0.1574606 0.6857356E-01 0.6857356E-01 0.6857356E-01 0.4195817E-01 0.4195817E-01 0.2462994E-01 0.2462994E-01 0.1011028E-01 0.1011028E-01 0.1135772E-02 0.1135772E-02 -0.3788891E-02 -0.3788891E-02 -0.3788891E-02
-0.4626143E-03 -0.4626143E-03 -0.7188580E-03 -0.2630592E-02 -0.3204117E-02 -0.3204117E-02 -0.4210274E-02 -0.8049410E-02 -0.8049410E-02 -0.1589063E-01 -0.1589063E-01 -0.3115165E-01 -0.4331420E-01 -0.5984588E-01 -0.8210218E-01 -0.8210218E-01 -0.1517086 -0.1938674 -0.2380547 -0.2828518 -0.3272303 -0.3704272 -0.4118409 -0.4509535 -0.4872654 -0.5201638 -0.5485009 -0.5704131 -0.5831380 -0.5813913 -0.5813913 -0.5385335 -0.4697446 -0.2789190 -0.1753088 -0.1753088 0.2080690E-02 0.2080690E-02 0.1251549 0.1251549 0.1688341 0.2154559 0.2154559 0.1869738 0.1869738 0.8970672E-01 0.8970672E-01 0.8970672E-01 0.4979649E-01 0.4979649E-01 0.2471532E-01 0.2471532E-01 0.6754156E-02 0.6754156E-02 -0.4313915E-02 -0.4313915E-02 -0.9748058E-02 -0.9748058E-02 -0.9748058E-02
0.3799384E-04 0.3799384E-04 0.4060286E-04 -0.1486287E-02 -0.2115117E-02 -0.2115117E-02 -0.3162053E-02 -0.7041838E-02 -0.7041838E-02 -0.1479318E-01 -0.1479318E-01 -0.2962967E-01 -0.4140384E-01 -0.5752610E-01 -0.7976391E-01 -0.7976391E-01 -0.1563538 -0.2028793 -0.2512666 -0.2998798 -0.3475963 -0.3936552 -0.4375185 -0.4787488 -0.5168933 -0.5512412 -0.5799026 -0.5996851 -0.6067162 -0.5956324 -0.5956324 -0.5433220 -0.4615979 -0.2531983 -0.1549237 -0.1549237 -0.6328970E-03 -0.6328970E-03 0.1043976 0.1043976 0.1431598 0.1935592 0.1935592 0.1928373 0.1928373 0.1092957 0.1092957 0.1092957 0.5990078E-01 0.5990078E-01 0.2651342E-01 0.2651342E-01 0.4016536E-02 0.4016536E-02 -0.9384100E-02 -0.9384100E-02 -0.1535775E-01 -0.1535775E-01 -0.1535775E-01
0.5372561E-03 0.5372561E-03 0.7980602E-03 -0.2645666E-03 -0.9252650E-03 -0.9252650E-03 -0.1972844E-02 -0.5735450E-02 -0.5735450E-02 -0.1309948E-01 -0.1309948E-01 -0.2702133E-01 -0.3806504E-01 -0.5335813E-01 -0.7514549E-01 -0.7514549E-01 -0.1615644 -0.2135826 -0.2670423 -0.3201195 -0.3715847 -0.4206612 -0.4668770 -0.5099175 -0.5494784 -0.5849006 -0.6131202 -0.6287369 -0.6264231 -0.6009187 -0.6009187 -0.5298402 -0.4302956 -0.2192075 -0.1334118 -0.1334118 -0.4773018E-02 -0.4773018E-02 0.8365696E-01 0.8365696E-01 0.1173296 0.1655461 0.1655461 0.1801141 0.1801141 0.1210403 0.1210403 0.1210403 0.6953675E-01 0.6953675E-01 0.2989291E-01 0.2989291E-01 0.2741220E-02 0.2741220E-02 -0.1316265E-01 -0.1316265E-01 -0.1973894E-01 -0.1973894E-01 -0.1973894E-01
0.1054755E-02 0.1054755E-02 0.1566649E-02 0.1055441E-02 0.3728287E-03 0.3728287E-03 -0.6495740E-03 -0.4164389E-02 -0.4164389E-02 -0.1088756E-01 -0.1088756E-01 -0.2348354E-01 -0.3350142E-01 -0.4756684E-01 -0.6838505E-01 -0.6838505E-01 -0.1685491 -0.2273159 -0.2867933 -0.3450716 -0.4008152 -0.4532050 -0.5018243 -0.5465028 -0.5871633 -0.6233475 -0.6496578 -0.6567423 -0.6381878 -0.5900537 -0.5900537 -0.4952368 -0.3825117 -0.1880212 -0.1145459 -0.1145459 -0.8722614E-02 -0.8722614E-02 0.6460387E-01 0.6460387E-01 0.9307136E-01 0.1360858 0.1360858 0.1567163 0.1567163 0.1215322 0.1215322 0.1215322 0.7517430E-01 0.7517430E-01 0.3350699E-01 0.3350699E-01 0.3099638E-02 0.3099638E-02 -0.1492845E-01 -0.1492845E-01 -0.2206318E-01 -0.2206318E-01 -0.2206318E-01
0.1610355E-02 0.1610355E-02 0.2358727E-02 0.2505746E-02 0.1779418E-02 0.1779418E-02 0.7913155E-03 -0.2368779E-02 -0.2368779E-02 -0.8239341E-02 -0.8239341E-02 -0.1917534E-01 -0.2793113E-01 -0.4045642E-01 -0.5998648E-01 -0.5998648E-01 -0.1791126 -0.2460691 -0.3126807 -0.3769225 -0.4374298 -0.4933870 -0.5444459 -0.5905950 -0.6320150 -0.6685865 -0.6900637 -0.6808177 -0.6372263 -0.5606842 -0.5606842 -0.4429940 -0.3284460 -0.1604930 -0.9915143E-01 -0.9915143E-01 -0.1103279E-01 -0.1103279E-01 0.4798993E-01 0.4798993E-01 0.7107405E-01 0.1072556 0.1072556 0.1284003 0.1284003 0.1110751 0.1110751 0.1110751 0.7420868E-01 0.7420868E-01 0.3540617E-01 0.3540617E-01 0.4569845E-02 0.4569845E-02 -0.1434220E-01 -0.1434220E-01 -0.2170721E-01 -0.2170721E-01 -0.2170721E-01
