simulation_files/asc/Velocity__x_170.0.asc
NCOLS        79
NROWS        79
XLLCENTER         -1.500000
YLLCENTER         -4.800000
CELLSIZE           0.100
NODATA_VALUE     -9999.0
[rows 0 to 25 of 79, columns 0 to 57 of 79]
-9999.000 -9999.000 -9999.000 -9999.000 -9999.000 -9999.000 -9999.000 -9999.000 -9999.000 -9999.000 -9999.000 -9999.000 -9999.000 -9999.000 -9999.000 0.2118099E-03 0.1752601E-02 0.4897792E-02 0.8205719E-02 0.1112881E-01 0.1345923E-01 0.1510713E-01 0.1604227E-01 0.1630979E-01 0.1597689E-01 0.1509556E-01 0.1369631E-01 0.1165498E-01 0.8299503E-02 0.4073767E-02 0.4073767E-02 -9999.000 -9999.000 -9999.000 -9999.000 -9999.000 -9999.000 -9999.000 -9999.000 -9999.000 -9999.000 -9999.000 -9999.000 -9999.000 -9999.000 -9999.000 -9999.000 -9999.000 -9999.000 -9999.000 -9999.000 -9999.000 -9999.000 -9999.000 -9999.000 -9999.000 -9999.000 -9999.000
-9999.000 -9999.000 -9999.000 -9999.000 -9999.000 -9999.000 -9999.000 -9999.000 -9999.000 -9999.000 -9999.000 -9999.000 -9999.000 -9999.000 -9999.000 0.1326000E-02 0.4001992E-02 0.8244381E-02 0.1256777E-01 0.1640223E-01 0.1948587E-01 0.2167675E-01 0.2290313E-01 0.2317713E-01 0.2254484E-01 0.2105060E-01 0.1872985E-01 0.1549168E-01 0.1078201E-01 0.5282580E-02 0.5282580E-02 -9999.000 -9999.000 -9999.000 -9999.000 -9999.000 -9999.000 -9999.000 -9999.000 -9999.000 -9999.000 -9999.000 -9999.000 -9999.000 -9999.000 -9999.000 -9999.000 -9999.000 -9999.000 -9999.000 -9999.000 -9999.000 -9999.000 -9999.000 -9999.000 -9999.000 -9999.000 -9999.000
-9999.000 -9999.000 -9999.000 -9999.000 -9999.000 -9999.000 -9999.000 -9999.000 -9999.000 -9999.000 -9999.000 -9999.000 -9999.000 -9999.000 -9999.000 0.1881222E-02 0.5182691E-02 0.1011690E-01 0.1507808E-01 0.1945961E-01 0.2297544E-01 0.2546479E-01 0.2684106E-01 0.2710935E-01 0.2631462E-01 0.2450532E-01 0.2172820E-01 0.1790481E-01 0.1247687E-01 0.6150207E-02 0.6150207E-02 -9999.000 -9999.000 -9999.000 -9999.000 -9999.000 -9999.000 -9999.000 -9999.000 -9999.000 -9999.000 -9999.000 -9999.000 -9999.000 -9999.000 -9999.000 -9999.000 -9999.000 -9999.000 -9999.000 -9999.000 -9999.000 -9999.000 -9999.000 -9999.000 -9999.000 -9999.000 -9999.000
-9999.000 -9999.000 -9999.000 -9999.000 -9999.000 -9999.000 -9999.000 -9999.000 -9999.000 -9999.000 -9999.000 -9999.000 -9999.000 -9999.000 -9999.000 0.2219966E-02 0.5913978E-02 0.1129819E-01 0.1668352E-01 0.2143166E-01 0.2523992E-01 0.2793624E-01 0.2942581E-01 0.2971193E-01 0.2884069E-01 0.2686290E-01 0.2383109E-01 0.1966748E-01 0.1378684E-01 0.6849595E-02 0.6849595E-02 -9999.000 -9999.000 -9999.000 -9999.000 -9999.000 -9999.000 -9999.000 -9999.000 -9999.000 -9999.000 -9999.000 -9999.000 -9999.000 -9999.000 -9999.000 -9999.000 -9999.000 -9999.000 -9999.000 -9999.000 -9999.000 -9999.000 -9999.000 -9999.000 -9999.000 -9999.000 -9999.000
-9999.000 -9999.000 -9999.000 -9999.000 -9999.000 -9999.000 -9999.000 -9999.000 -9999.000 -9999.000 -9999.000 -9999.000 -9999.000 -9999.000 -9999.000 0.2465216E-02 0.6449321E-02 0.1217414E-01 0.1788673E-01 0.2292039E-01 0.2696077E-01 0.2982764E-01 0.3142039E-01 0.3174239E-01 0.3084120E-01 0.2876901E-01 0.2558091E-01 0.2119394E-01 0.1498194E-01 0.7511202E-02 0.7511202E-02 -9999.000 -9999.000 -9999.000 -9999.000 -9999.000 -9999.000 -9999.000 -9999.000 -9999.000 -9999.000 -9999.000 -9999.000 -9999.000 -9999.000 -9999.000 -9999.000 -9999.000 -9999.000 -9999.000 -9999.000 -9999.000 -9999.000 -9999.000 -9999.000 -9999.000 -9999.000 -9999.000
-9999.000 -9999.000 -9999.000 -9999.000 -9999.000 -9999.000 -9999.000 -9999.000 -9999.000 -9999.000 -9999.000 -9999.000 -9999.000 -9999.000 -9999.000 0.2676435E-02 0.6911950E-02 0.1293559E-01 0.1893836E-01 0.2422702E-01 0.2847758E-01 0.3150366E-01 0.3320025E-01 0.3357218E-01 0.3266901E-01 0.3054307E-01 0.2725111E-01 0.2270027E-01 0.1621193E-01 0.8211216E-02 0.8211216E-02 -9999.000 -9999.000 -9999.000 -9999.000 -9999.000 -9999.000 -9999.000 -9999.000 -9999.000 -9999.000 -9999.000 -9999.000 -9999.000 -9999.000 -9999.000 -9999.000 -9999.000 -9999.000 -9999.000 -9999.000 -9999.000 -9999.000 -9999.000 -9999.000 -9999.000 -9999.000 -9999.000
-9999.000 -9999.000 -9999.000 -9999.000 -9999.000 -9999.000 -9999.000 -9999.000 -9999.000 -9999.000 -9999.000 -9999.000 -9999.000 -9999.000 -9999.000 0.2882834E-02 0.7363427E-02 0.1367814E-01 0.1996438E-01 0.2550275E-01 0.2996109E-01 0.3314854E-01 0.3495595E-01 0.3539161E-01 0.3450723E-01 0.3235469E-01 0.2899158E-01 0.2431189E-01 0.1757134E-01 0.9001236E-02 0.9001236E-02 -9999.000 -9999.000 -9999.000 -9999.000 -9999.000 -9999.000 -9999.000 -9999.000 -9999.000 -9999.000 -9999.000 -9999.000 -9999.000 -9999.000 -9999.000 -9999.000 -9999.000 -9999.000 -9999.000 -9999.000 -9999.000 -9999.000 -9999.000 -9999.000 -9999.000 -9999.000 -9999.000
-9999.000 -9999.000 -9999.000 -9999.000 -9999.000 -9999.000 -9999.000 -9999.000 -9999.000 -9999.000 -9999.000 -9999.000 -9999.000 -9999.000 -9999.000 0.3100452E-02 0.7836998E-02 0.1445300E-01 0.2103190E-01 0.2682811E-01 0.3150328E-01 0.3486248E-01 0.3679352E-01 0.3730883E-01 0.3646314E-01 0.3430757E-01 0.3089986E-01 0.2611743E-01 0.1913566E-01 0.9926143E-02 0.9926143E-02 -9999.000 -9999.000 -9999.000 -9999.000 -9999.000 -9999.000 -9999.000 -9999.000 -9999.000 -9999.000 -9999.000 -9999.000 -9999.000 -9999.000 -9999.000 -9999.000 -9999.000 -9999.000 -9999.000 -9999.000 -9999.000 -9999.000 -9999.000 -9999.000 -9999.000 -9999.000 -9999.000
-9999.000 -9999.000 -9999.000 -9999.000 -9999.000 -9999.000 -9999.000 -9999.000 -9999.000 -9999.000 -9999.000 -9999.000 -9999.000 -9999.000 -9999.000 0.3338707E-02 0.8352720E-02 0.1529156E-01 0.2218238E-01 0.2825383E-01 0.3316254E-01 0.3671084E-01 0.3878312E-01 0.3939836E-01 0.3861467E-01 0.3648172E-01 0.3305753E-01 0.2819851E-01 0.2098346E-01 0.1103583E-01 0.1103583E-01 -9999.000 -9999.000 -9999.000 -9999.000 -9999.000 -9999.000 -9999.000 -9999.000 -9999.000 -9999.000 -9999.000 -9999.000 -9999.000 -9999.000 -9999.000 -9999.000 -9999.000 -9999.000 -9999.000 -9999.000 -9999.000 -9999.000 -9999.000 -9999.000 -9999.000 -9999.000 -9999.000
-9999.000 -9999.000 -9999.000 -9999.000 -9999.000 -9999.000 -9999.000 -9999.000 -9999.000 -9999.000 -9999.000 -9999.000 -9999.000 -9999.000 -9999.000 0.3605201E-02 0.8926942E-02 0.1621945E-01 0.2345014E-01 0.2982146E-01 0.3498755E-01 0.3874867E-01 0.4098648E-01 0.4172794E-01 0.4103559E-01 0.3895754E-01 0.3555185E-01 0.3064906E-01 0.2321091E-01 0.1239356E-01 0.1239356E-01 -9999.000 -9999.000 -9999.000 -9999.000 -9999.000 -9999.000 -9999.000 -9999.000 -9999.000 -9999.000 -9999.000 -9999.000 -9999.000 -9999.000 -9999.000 -9999.000 -9999.000 -9999.000 -9999.000 -9999.000 -9999.000 -9999.000 -9999.000 -9999.000 -9999.000 -9999.000 -9999.000
-9999.000 -9999.000 -9999.000 -9999.000 -9999.000 -9999.000 -9999.000 -9999.000 -9999.000 -9999.000 -9999.000 -9999.000 -9999.000 -9999.000 -9999.000 0.3908028E-02 0.9576450E-02 0.1726350E-01 0.2487093E-01 0.3157523E-01 0.3703080E-01 0.4103634E-01 0.4347197E-01 0.4437524E-01 0.4381362E-01 0.4183319E-01 0.3849279E-01 0.3359154E-01 0.2594958E-01 0.1408746E-01 0.1408746E-01 -9999.000 -9999.000 -9999.000 -9999.000 -9999.000 -9999.000 -9999.000 -9999.000 -9999.000 -9999.000 -9999.000 -9999.000 -9999.000 -9999.000 -9999.000 -9999.000 -9999.000 -9999.000 -9999.000 -9999.000 -9999.000 -9999.000 -9999.000 -9999.000 -9999.000 -9999.000 -9999.000
-9999.000 -9999.000 -9999.000 -9999.000 -9999.000 -9999.000 -9999.000 -9999.000 -9999.000 -9999.000 -9999.000 -9999.000 -9999.000 -9999.000 -9999.000 0.4257270E-02 0.1032339E-01 0.1845822E-01 0.2649070E-01 0.3357229E-01 0.3936004E-01 0.4365332E-01 0.4633055E-01 0.4744351E-01 0.4706615E-01 0.4524251E-01 0.4203333E-01 0.3719925E-01 0.2938816E-01 0.1624538E-01 0.1624538E-01 -9999.000 -9999.000 -9999.000 -9999.000 -9999.000 -9999.000 -9999.000 -9999.000 -9999.000 -9999.000 -9999.000 -9999.000 -9999.000 -9999.000 -9999.000 -9999.000 -9999.000 -9999.000 -9999.000 -9999.000 -9999.000 -9999.000 -9999.000 -9999.000 -9999.000 -9999.000 -9999.000
-9999.000 -9999.000 -9999.000 -9999.000 -9999.000 -9999.000 -9999.000 -9999.000 -9999.000 -9999.000 -9999.000 -9999.000 -9999.000 -9999.000 -9999.000 0.4667500E-02 0.1119856E-01 0.1985312E-01 0.2837625E-01 0.3589532E-01 0.4207385E-01 0.4671350E-01 0.4969254E-01 0.5108226E-01 0.5096447E-01 0.4938148E-01 0.4639819E-01 0.4172898E-01 0.3381109E-01 0.1906089E-01 0.1906089E-01 -9999.000 -9999.000 -9999.000 -9999.000 -9999.000 -9999.000 -9999.000 -9999.000 -9999.000 -9999.000 -9999.000 -9999.000 -9999.000 -9999.000 -9999.000 -9999.000 -9999.000 -9999.000 -9999.000 -9999.000 -9999.000 -9999.000 -9999.000 -9999.000 -9999.000 -9999.000 -9999.000
-9999.000 -9999.000 -9999.000 -9999.000 -9999.000 -9999.000 -9999.000 -9999.000 -9999.000 -9999.000 -9999.000 -9999.000 -9999.000 -9999.000 -9999.000 0.5327643E-02 0.1256519E-01 0.2197148E-01 0.3106858E-01 0.3908223E-01 0.4568741E-01 0.5070180E-01 0.5401475E-01 0.5572820E-01 0.5593684E-01 0.5468323E-01 0.5203945E-01 0.4766225E-01 0.3972739E-01 0.2288678E-01 0.2288678E-01 -9999.000 -9999.000 -9999.000 -9999.000 -9999.000 -9999.000 -9999.000 -9999.000 -9999.000 -9999.000 -9999.000 -9999.000 -9999.000 -9999.000 -9999.000 -9999.000 -9999.000 -9999.000 -9999.000 -9999.000 -9999.000 -9999.000 -9999.000 -9999.000 -9999.000 -9999.000 -9999.000
-9999.000 -9999.000 -9999.000 -9999.000 -9999.000 -9999.000 -9999.000 -9999.000 -9999.000 -9999.000 -9999.000 -9999.000 -9999.000 -9999.000 -9999.000 0.4720920E-01 0.7207282E-01 0.8344015E-01 0.8098458E-01 0.8039417E-01 0.7881161E-01 0.7638538E-01 0.7325546E-01 0.6968851E-01 0.6569599E-01 0.6128455E-01 0.5641313E-01 0.5054045E-01 0.4150433E-01 0.2052799E-01 0.2052799E-01 -9999.000 -9999.000 -9999.000 -9999.000 -9999.000 -9999.000 -9999.000 -9999.000 -9999.000 -9999.000 -9999.000 -9999.000 -9999.000 -9999.000 -9999.000 -9999.000 -9999.000 -9999.000 -9999.000 -9999.000 -9999.000 -9999.000 -9999.000 -9999.000 -9999.000 -9999.000 -9999.000
2.685175 2.685175 2.713266 2.762375 2.767134 2.767134 2.769539 2.770536 2.770536 2.768321 2.768321 2.763936 2.761126 2.757982 2.754548 2.754548 2.836178 2.837935 2.835636 2.814064 2.774101 2.714199 2.633007 2.529110 2.406367 2.265330 2.109769 1.948722 1.806154 1.747744 1.747744 2.557527 2.724139 2.817528 2.840650 2.840650 2.871347 2.871347 2.853834 2.853834 2.811328 2.637911 2.637911 2.267220 2.267220 1.975875 1.975875 1.975875 1.961904 1.961904 1.992396 1.992396 2.037378 2.037378 2.084372 2.084372 2.126311 2.126311
2.705627 2.705627 2.743941 2.810820 2.826621 2.826621 2.840032 2.862906 2.862906 2.882409 2.882409 2.899583 2.907489 2.915017 2.922208 2.922208 2.980769 2.993152 3.004724 3.012293 3.015297 3.011792 2.999113 2.974146 2.935310 2.880236 2.807788 2.719117 2.620943 2.546208 2.546208 2.982621 3.135463 3.280561 3.319477 3.319477 3.363445 3.363445 3.364127 3.364127 3.343641 3.245385 3.245385 3.040769 3.040769 2.780387 2.780387 2.780387 2.764386 2.764386 2.796764 2.796764 2.844978 2.844978 2.894670 2.894670 2.939761 2.939761
2.706710 2.706710 2.751926 2.811630 2.827780 2.827780 2.841524 2.864982 2.864982 2.885060 2.885060 2.902886 2.911155 2.919068 2.926669 2.926669 2.978506 2.999969 3.021191 3.040068 3.055732 3.067296 3.073633 3.073241 3.065105 3.047550 3.019003 2.978946 2.930362 2.892672 2.892672 3.141207 3.290448 3.461512 3.510919 3.510919 3.561551 3.561551 3.552349 3.552349 3.524493 3.428228 3.428228 3.285509 3.285509 3.065467 3.065467 3.065467 3.034787 3.034787 3.055773 3.055773 3.095954 3.095954 3.139654 3.139654 3.180233 3.180233
2.709200 2.709200 2.756905 2.811280 2.827572 2.827572 2.841449 2.865026 2.865026 2.885123 2.885123 2.902954 2.911229 2.919153 2.926765 2.926765 2.975210 3.004673 3.034897 3.062883 3.087047 3.106478 3.120533 3.128566 3.130328 3.125336 3.113008 3.093180 3.067745 3.049133 3.049133 3.200388 3.332795 3.512129 3.567385 3.567385 3.616350 3.616350 3.587135 3.587135 3.549221 3.459261 3.459261 3.367273 3.367273 3.200783 3.200783 3.200783 3.158500 3.158500 3.166402 3.166402 3.198325 3.198325 3.237243 3.237243 3.274728 3.274728
2.711141 2.711141 2.760656 2.810982 2.827354 2.827354 2.841351 2.865038 2.865038 2.885137 2.885137 2.902956 2.911229 2.919152 2.926763 2.926763 2.975435 3.012231 3.050828 3.087168 3.119085 3.145449 3.165635 3.179232 3.186178 3.186489 3.180227 3.167772 3.150871 3.138168 3.138168 3.230973 3.340247 3.510965 3.563324 3.563324 3.591413 3.591413 3.534898 3.534898 3.494331 3.430803 3.430803 3.388448 3.388448 3.281713 3.281713 3.281713 3.235417 3.235417 3.229770 3.229770 3.251106 3.251106 3.283600 3.283600 3.317061 3.317061
2.712524 2.712524 2.763275 2.810766 2.827177 2.827177 2.841267 2.865047 2.865047 2.885149 2.885149 2.902958 2.911228 2.919150 2.926761 2.926761 2.980067 3.024080 3.070430 3.114284 3.153146 3.185759 3.211481 3.229967 3.241161 3.245171 3.242253 3.232970 3.218904 3.206277 3.206277 3.259838 3.342766 3.486003 3.522005 3.522005 3.505872 3.505872 3.433059 3.433059 3.405259 3.385217 3.385217 3.386149 3.386149 3.335279 3.335279 3.335279 3.294218 3.294218 3.278297 3.278297 3.287767 3.287767 3.311636 3.311636 3.339233 3.339233
2.713351 2.713351 2.764824 2.810635 2.827061 2.827061 2.841211 2.865052 2.865052 2.885157 2.885157 2.902959 2.911227 2.919147 2.926760 2.926760 2.989934 3.041519 3.095093 3.145533 3.190326 3.228245 3.258704 3.281425 3.296352 3.303582 3.303362 3.296204 3.283375 3.269217 3.269217 3.295262 3.350509 3.441666 3.442345 3.442345 3.371593 3.371593 3.317111 3.317111 3.314895 3.340420 3.340420 3.373902 3.373902 3.369477 3.369477 3.369477 3.341058 3.341058 3.320843 3.320843 3.319493 3.319493 3.333230 3.333230 3.353040 3.353040
2.713625 2.713625 2.765336 2.810592 2.827021 2.827021 2.841191 2.865054 2.865054 2.885159 2.885159 2.902959 2.911227 2.919148 2.926760 2.926760 3.006114 3.065933 3.126270 3.182296 3.231808 3.273819 3.307916 3.333937 3.351874 3.361814 3.363946 3.358651 3.346814 3.331109 3.331109 3.337139 3.362847 3.364315 3.311462 3.311462 3.213479 3.213479 3.213872 3.213872 3.238744 3.299852 3.299852 3.355783 3.355783 3.387804 3.387804 3.387804 3.375972 3.375972 3.357879 3.357879 3.348888 3.348888 3.352304 3.352304 3.362814 3.362814
2.713351 2.713351 2.764824 2.810635 2.827061 2.827061 2.841211 2.865052 2.865052 2.885156 2.885156 2.902959 2.911227 2.919147 2.926760 2.926760 3.030132 3.098943 3.165534 3.225994 3.278800 3.323425 3.359756 3.387837 3.407761 3.419640 3.423617 3.419934 3.409049 3.391804 3.391804 3.380878 3.369325 3.228514 3.127325 3.127325 3.068840 3.068840 3.135682 3.135682 3.179721 3.263413 3.263413 3.334306 3.334306 3.393909 3.393909 3.393909 3.399176 3.399176 3.388095 3.388095 3.375817 3.375817 3.370088 3.370088 3.370494 3.370494
2.712524 2.712524 2.763275 2.810765 2.827177 2.827177 2.841267 2.865047 2.865047 2.885148 2.885148 2.902958 2.911228 2.919149 2.926761 2.926761 3.064211 3.142599 3.214662 3.278102 3.332462 3.377907 3.414769 3.443374 3.463971 3.476738 3.481800 3.479263 3.469022 3.448839 3.448839 3.415876 3.342677 3.023141 2.923954 2.923954 2.962624 2.962624 3.076073 3.076073 3.130619 3.227628 3.227628 3.308928 3.308928 3.389199 3.389199 3.389199 3.409897 3.409897 3.408402 3.408402 3.396585 3.396585 3.384020 3.384020 3.374536 3.374536
2.711141 2.711141 2.760656 2.810982 2.827355 2.827355 2.841351 2.865037 2.865037 2.885137 2.885137 2.902956 2.911229 2.919151 2.926764 2.926764 3.111652 3.199586 3.275682 3.340060 3.393748 3.437825 3.473188 3.500500 3.520209 3.532577 3.537730 3.535619 3.524934 3.495463 3.495463 3.414869 3.229616 2.788026 2.759875 2.759875 2.889312 2.889312 3.024575 3.024575 3.084331 3.189512 3.189512 3.278396 3.278396 3.373863 3.373863 3.373863 3.407236 3.407236 3.415693 3.415693 3.407018 3.407018 3.390213 3.390213 3.371905 3.371905
