simulation_files/asc/Velocity__y_117.0.asc
NCOLS        79
NROWS        79
XLLCENTER         -1.500000
YLLCENTER         -4.800000
CELLSIZE           0.100
NODATA_VALUE     -9999.0
[rows 0 to 25 of 79, columns 0 to 58 of 79]
-9999.000 -9999.000 -9999.000 -9999.000 -9999.000 -9999.000 -9999.000 -9999.000 -9999.000 -9999.000 -9999.000 -9999.000 -9999.000 -9999.000 -9999.000 -0.1534390 -0.1523416 -0.1522712 -0.1523693 -0.1525434 -0.1527447 -0.1529436 -0.1531236 -0.1532840 -0.1534510 -0.1536963 -0.1541806 -0.1552058 -0.1572414 -0.1571269 -0.1571269 -9999.000 -9999.000 -9999.000 -9999.000 -9999.000 -9999.000 -9999.000 -9999.000 -9999.000 -9999.000 -9999.000 -9999.000 -9999.000 -9999.000 -9999.000 -9999.000 -9999.000 -9999.000 -9999.000 -9999.000 -9999.000 -9999.000 -9999.000 -9999.000 -9999.000 -9999.000 -9999.000 -9999.000
-9999.000 -9999.000 -9999.000 -9999.000 -9999.000 -9999.000 -9999.000 -9999.000 -9999.000 -9999.000 -9999.000 -9999.000 -9999.000 -9999.000 -9999.000 -0.1513694 -0.1490262 -0.1488580 -0.1490604 -0.1494380 -0.1498864 -0.1503413 -0.1507676 -0.1511661 -0.1515959 -0.1522118 -0.1533539 -0.1556462 -0.1600402 -0.1603609 -0.1603609 -9999.000 -9999.000 -9999.000 -9999.000 -9999.000 -9999.000 -9999.000 -9999.000 -9999.000 -9999.000 -9999.000 -9999.000 -9999.000 -9999.000 -9999.000 -9999.000 -9999.000 -9999.000 -9999.000 -9999.000 -9999.000 -9999.000 -9999.000 -9999.000 -9999.000 -9999.000 -9999.000 -9999.000
-9999.000 -9999.000 -9999.000 -9999.000 -9999.000 -9999.000 -9999.000 -9999.000 -9999.000 -9999.000 -9999.000 -9999.000 -9999.000 -9999.000 -9999.000 -0.1480596 -0.1443612 -0.1440836 -0.1444494 -0.1451426 -0.1459898 -0.1468819 -0.1477599 -0.1486250 -0.1495766 -0.1508689 -0.1530507 -0.1571133 -0.1645450 -0.1660308 -0.1660308 -9999.000 -9999.000 -9999.000 -9999.000 -9999.000 -9999.000 -9999.000 -9999.000 -9999.000 -9999.000 -9999.000 -9999.000 -9999.000 -9999.000 -9999.000 -9999.000 -9999.000 -9999.000 -9999.000 -9999.000 -9999.000 -9999.000 -9999.000 -9999.000 -9999.000 -9999.000 -9999.000 -9999.000
-9999.000 -9999.000 -9999.000 -9999.000 -9999.000 -9999.000 -9999.000 -9999.000 -9999.000 -9999.000 -9999.000 -9999.000 -9999.000 -9999.000 -9999.000 -0.1440590 -0.1390543 -0.1386928 -0.1392749 -0.1403594 -0.1417009 -0.1431415 -0.1445955 -0.1460613 -0.1476767 -0.1497970 -0.1531885 -0.1592333 -0.1700123 -0.1733491 -0.1733491 -9999.000 -9999.000 -9999.000 -9999.000 -9999.000 -9999.000 -9999.000 -9999.000 -9999.000 -9999.000 -9999.000 -9999.000 -9999.000 -9999.000 -9999.000 -9999.000 -9999.000 -9999.000 -9999.000 -9999.000 -9999.000 -9999.000 -9999.000 -9999.000 -9999.000 -9999.000 -9999.000 -9999.000
-9999.000 -9999.000 -9999.000 -9999.000 -9999.000 -9999.000 -9999.000 -9999.000 -9999.000 -9999.000 -9999.000 -9999.000 -9999.000 -9999.000 -9999.000 -0.1394978 -0.1332313 -0.1328055 -0.1336453 -0.1351812 -0.1370909 -0.1391636 -0.1412834 -0.1434444 -0.1458238 -0.1488824 -0.1536205 -0.1618450 -0.1763035 -0.1822547 -0.1822547 -9999.000 -9999.000 -9999.000 -9999.000 -9999.000 -9999.000 -9999.000 -9999.000 -9999.000 -9999.000 -9999.000 -9999.000 -9999.000 -9999.000 -9999.000 -9999.000 -9999.000 -9999.000 -9999.000 -9999.000 -9999.000 -9999.000 -9999.000 -9999.000 -9999.000 -9999.000 -9999.000 -9999.000
-9999.000 -9999.000 -9999.000 -9999.000 -9999.000 -9999.000 -9999.000 -9999.000 -9999.000 -9999.000 -9999.000 -9999.000 -9999.000 -9999.000 -9999.000 -0.1344429 -0.1269646 -0.1264895 -0.1276188 -0.1296526 -0.1321876 -0.1349560 -0.1378091 -0.1407355 -0.1439542 -0.1480402 -0.1542483 -0.1648530 -0.1833652 -0.1928297 -0.1928297 -9999.000 -9999.000 -9999.000 -9999.000 -9999.000 -9999.000 -9999.000 -9999.000 -9999.000 -9999.000 -9999.000 -9999.000 -9999.000 -9999.000 -9999.000 -9999.000 -9999.000 -9999.000 -9999.000 -9999.000 -9999.000 -9999.000 -9999.000 -9999.000 -9999.000 -9999.000 -9999.000 -9999.000
-9999.000 -9999.000 -9999.000 -9999.000 -9999.000 -9999.000 -9999.000 -9999.000 -9999.000 -9999.000 -9999.000 -9999.000 -9999.000 -9999.000 -9999.000 -0.1289122 -0.1202862 -0.1197748 -0.1212185 -0.1237876 -0.1269942 -0.1305080 -0.1341467 -0.1378927 -0.1420105 -0.1472005 -0.1549978 -0.1681974 -0.1911971 -0.2052754 -0.2052754 -9999.000 -9999.000 -9999.000 -9999.000 -9999.000 -9999.000 -9999.000 -9999.000 -9999.000 -9999.000 -9999.000 -9999.000 -9999.000 -9999.000 -9999.000 -9999.000 -9999.000 -9999.000 -9999.000 -9999.000 -9999.000 -9999.000 -9999.000 -9999.000 -9999.000 -9999.000 -9999.000 -9999.000
-9999.000 -9999.000 -9999.000 -9999.000 -9999.000 -9999.000 -9999.000 -9999.000 -9999.000 -9999.000 -9999.000 -9999.000 -9999.000 -9999.000 -9999.000 -0.1228862 -0.1131981 -0.1126639 -0.1144432 -0.1175791 -0.1214956 -0.1257955 -0.1302611 -0.1348691 -0.1399348 -0.1462974 -0.1558041 -0.1718358 -0.1998345 -0.2199182 -0.2199182 -9999.000 -9999.000 -9999.000 -9999.000 -9999.000 -9999.000 -9999.000 -9999.000 -9999.000 -9999.000 -9999.000 -9999.000 -9999.000 -9999.000 -9999.000 -9999.000 -9999.000 -9999.000 -9999.000 -9999.000 -9999.000 -9999.000 -9999.000 -9999.000 -9999.000 -9999.000 -9999.000 -9999.000
-9999.000 -9999.000 -9999.000 -9999.000 -9999.000 -9999.000 -9999.000 -9999.000 -9999.000 -9999.000 -9999.000 -9999.000 -9999.000 -9999.000 -9999.000 -0.1163161 -0.1056796 -0.1051378 -0.1072714 -0.1110015 -0.1156611 -0.1207804 -0.1261058 -0.1316082 -0.1376610 -0.1452589 -0.1565994 -0.1757305 -0.2093394 -0.2372396 -0.2372396 -9999.000 -9999.000 -9999.000 -9999.000 -9999.000 -9999.000 -9999.000 -9999.000 -9999.000 -9999.000 -9999.000 -9999.000 -9999.000 -9999.000 -9999.000 -9999.000 -9999.000 -9999.000 -9999.000 -9999.000 -9999.000 -9999.000 -9999.000 -9999.000 -9999.000 -9999.000 -9999.000 -9999.000
-9999.000 -9999.000 -9999.000 -9999.000 -9999.000 -9999.000 -9999.000 -9999.000 -9999.000 -9999.000 -9999.000 -9999.000 -9999.000 -9999.000 -9999.000 -0.1091265 -0.9768821E-01 -0.9715715E-01 -0.9966271E-01 -0.1040117 -0.1094427 -0.1154081 -0.1216173 -0.1280368 -0.1351059 -0.1439955 -0.1573008 -0.1798370 -0.2197948 -0.2579375 -0.2579375 -9999.000 -9999.000 -9999.000 -9999.000 -9999.000 -9999.000 -9999.000 -9999.000 -9999.000 -9999.000 -9999.000 -9999.000 -9999.000 -9999.000 -9999.000 -9999.000 -9999.000 -9999.000 -9999.000 -9999.000 -9999.000 -9999.000 -9999.000 -9999.000 -9999.000 -9999.000 -9999.000 -9999.000
-9999.000 -9999.000 -9999.000 -9999.000 -9999.000 -9999.000 -9999.000 -9999.000 -9999.000 -9999.000 -9999.000 -9999.000 -9999.000 -9999.000 -9999.000 -0.1012142 -0.8915923E-01 -0.8866041E-01 -0.9155435E-01 -0.9654359E-01 -0.1027699 -0.1096004 -0.1167074 -0.1240544 -0.1321567 -0.1423867 -0.1577945 -0.1840882 -0.2312964 -0.2830354 -0.2830354 -9999.000 -9999.000 -9999.000 -9999.000 -9999.000 -9999.000 -9999.000 -9999.000 -9999.000 -9999.000 -9999.000 -9999.000 -9999.000 -9999.000 -9999.000 -9999.000 -9999.000 -9999.000 -9999.000 -9999.000 -9999.000 -9999.000 -9999.000 -9999.000 -9999.000 -9999.000 -9999.000 -9999.000
-9999.000 -9999.000 -9999.000 -9999.000 -9999.000 -9999.000 -9999.000 -9999.000 -9999.000 -9999.000 -9999.000 -9999.000 -9999.000 -9999.000 -9999.000 -0.9244306E-01 -0.7999931E-01 -0.7955741E-01 -0.8285454E-01 -0.8850168E-01 -0.9554036E-01 -0.1032442 -0.1112494 -0.1195174 -0.1286516 -0.1402572 -0.1579096 -0.1883686 -0.2439388 -0.3140798 -0.3140798 -9999.000 -9999.000 -9999.000 -9999.000 -9999.000 -9999.000 -9999.000 -9999.000 -9999.000 -9999.000 -9999.000 -9999.000 -9999.000 -9999.000 -9999.000 -9999.000 -9999.000 -9999.000 -9999.000 -9999.000 -9999.000 -9999.000 -9999.000 -9999.000 -9999.000 -9999.000 -9999.000 -9999.000
-9999.000 -9999.000 -9999.000 -9999.000 -9999.000 -9999.000 -9999.000 -9999.000 -9999.000 -9999.000 -9999.000 -9999.000 -9999.000 -9999.000 -9999.000 -0.8262986E-01 -0.7007463E-01 -0.6971651E-01 -0.7342838E-01 -0.7974445E-01 -0.8760241E-01 -0.9617242E-01 -0.1050551 -0.1142109 -0.1243471 -0.1373379 -0.1573731 -0.1924654 -0.2577758 -0.3535072 -0.3535072 -9999.000 -9999.000 -9999.000 -9999.000 -9999.000 -9999.000 -9999.000 -9999.000 -9999.000 -9999.000 -9999.000 -9999.000 -9999.000 -9999.000 -9999.000 -9999.000 -9999.000 -9999.000 -9999.000 -9999.000 -9999.000 -9999.000 -9999.000 -9999.000 -9999.000 -9999.000 -9999.000 -9999.000
-9999.000 -9999.000 -9999.000 -9999.000 -9999.000 -9999.000 -9999.000 -9999.000 -9999.000 -9999.000 -9999.000 -9999.000 -9999.000 -9999.000 -9999.000 -0.7146367E-01 -0.5915197E-01 -0.5891510E-01 -0.6305776E-01 -0.7005215E-01 -0.7872618E-01 -0.8813393E-01 -0.9784146E-01 -0.1078094 -0.1188657 -0.1332000 -0.1557243 -0.1959675 -0.2727262 -0.4054190 -0.4054190 -9999.000 -9999.000 -9999.000 -9999.000 -9999.000 -9999.000 -9999.000 -9999.000 -9999.000 -9999.000 -9999.000 -9999.000 -9999.000 -9999.000 -9999.000 -9999.000 -9999.000 -9999.000 -9999.000 -9999.000 -9999.000 -9999.000 -9999.000 -9999.000 -9999.000 -9999.000 -9999.000 -9999.000
-9999.000 -9999.000 -9999.000 -9999.000 -9999.000 -9999.000 -9999.000 -9999.000 -9999.000 -9999.000 -9999.000 -9999.000 -9999.000 -9999.000 -9999.000 -0.5169478E-01 -0.4408700E-01 -0.4549000E-01 -0.5113187E-01 -0.5953153E-01 -0.6947434E-01 -0.7995275E-01 -0.9056056E-01 -0.1013064 -0.1131911 -0.1287809 -0.1538215 -0.1996251 -0.2895029 -0.4758082 -0.4758082 -9999.000 -9999.000 -9999.000 -9999.000 -9999.000 -9999.000 -9999.000 -9999.000 -9999.000 -9999.000 -9999.000 -9999.000 -9999.000 -9999.000 -9999.000 -9999.000 -9999.000 -9999.000 -9999.000 -9999.000 -9999.000 -9999.000 -9999.000 -9999.000 -9999.000 -9999.000 -9999.000 -9999.000
-0.2051226E-02 -0.2051226E-02 -0.5178943E-02 -0.5239446E-02 -0.5204746E-02 -0.5204746E-02 -0.5179148E-02 -0.5149781E-02 -0.5149781E-02 -0.5127977E-02 -0.5127977E-02 -0.5100805E-02 -0.5084834E-02 -0.5067525E-02 -0.5049373E-02 -0.5049373E-02 -0.5062971E-01 -0.5677981E-01 -0.6619299E-01 -0.7943684E-01 -0.9532717E-01 -0.1123191 -0.1293588 -0.1457148 -0.1614118 -0.1776654 -0.1983149 -0.2318207 -0.2958736 -0.4528340 -0.4528340 -0.2273760 -0.1086964 -0.2033813E-01 -0.9098567E-02 -0.9098567E-02 -0.4314875E-03 -0.4314875E-03 0.9246402E-02 0.9246402E-02 -0.1274562E-01 -0.2504199E-01 -0.2504199E-01 -0.2483918E-02 -0.2483918E-02 0.9541853E-02 0.9541853E-02 0.9541853E-02 0.1076321E-01 0.1076321E-01 0.8323739E-02 0.8323739E-02 0.6042141E-02 0.6042141E-02 0.3909408E-02 0.3909408E-02 0.2067984E-02 0.2067984E-02 0.2067984E-02
-0.3135655E-02 -0.3135655E-02 -0.7673289E-02 -0.7481629E-02 -0.7354877E-02 -0.7354877E-02 -0.7283310E-02 -0.7236873E-02 -0.7236873E-02 -0.7229060E-02 -0.7229060E-02 -0.7212947E-02 -0.7199841E-02 -0.7183972E-02 -0.7166391E-02 -0.7166391E-02 -0.6914847E-01 -0.8156168E-01 -0.9715320E-01 -0.1180307 -0.1432765 -0.1711452 -0.1999382 -0.2280741 -0.2542764 -0.2776022 -0.2986069 -0.3200318 -0.3473248 -0.3931600 -0.3931600 -0.2442459 -0.1423205 -0.4674030E-01 -0.2751839E-01 -0.2751839E-01 0.6666180E-03 0.6666180E-03 0.3610451E-01 0.3610451E-01 0.1717311E-01 -0.1873658E-01 -0.1873658E-01 0.5750323E-03 0.5750323E-03 0.1875820E-01 0.1875820E-01 0.1875820E-01 0.1784191E-01 0.1784191E-01 0.1519729E-01 0.1519729E-01 0.1101368E-01 0.1101368E-01 0.6920024E-02 0.6920024E-02 0.3581239E-02 0.3581239E-02 0.3581239E-02
-0.2558259E-02 -0.2558259E-02 -0.6171341E-02 -0.6411840E-02 -0.6255146E-02 -0.6255146E-02 -0.6152841E-02 -0.6096384E-02 -0.6096384E-02 -0.6115702E-02 -0.6115702E-02 -0.6129102E-02 -0.6128409E-02 -0.6124117E-02 -0.6117294E-02 -0.6117294E-02 -0.6440862E-01 -0.8405021E-01 -0.1048331 -0.1303959 -0.1609910 -0.1956535 -0.2328406 -0.2709427 -0.3083061 -0.3431830 -0.3743478 -0.4014093 -0.4242991 -0.4416603 -0.4416603 -0.3444917 -0.2562595 -0.1342863 -0.9120252E-01 -0.9120252E-01 -0.1019032E-01 -0.1019032E-01 0.7509635E-01 0.7509635E-01 0.8973451E-01 0.4523431E-01 0.4523431E-01 0.2315485E-01 0.2315485E-01 0.2640570E-01 0.2640570E-01 0.2640570E-01 0.2047636E-01 0.2047636E-01 0.1674854E-01 0.1674854E-01 0.1106381E-01 0.1106381E-01 0.5728287E-02 0.5728287E-02 0.1899276E-02 0.1899276E-02 0.1899276E-02
-0.2002094E-02 -0.2002094E-02 -0.4775288E-02 -0.5226436E-02 -0.5063449E-02 -0.5063449E-02 -0.4942009E-02 -0.4866316E-02 -0.4866316E-02 -0.4887640E-02 -0.4887640E-02 -0.4906096E-02 -0.4907425E-02 -0.4904539E-02 -0.4899049E-02 -0.4899049E-02 -0.5591539E-01 -0.8175040E-01 -0.1075652 -0.1368883 -0.1708259 -0.2091058 -0.2507127 -0.2943706 -0.3386076 -0.3818676 -0.4222348 -0.4577465 -0.4864342 -0.5032177 -0.5032177 -0.4365518 -0.3643292 -0.2313878 -0.1665039 -0.1665039 -0.2634297E-01 -0.2634297E-01 0.1076485 0.1076485 0.1469840 0.1269291 0.1269291 0.6633668E-01 0.6633668E-01 0.3441460E-01 0.3441460E-01 0.3441460E-01 0.2144901E-01 0.2144901E-01 0.1314301E-01 0.1314301E-01 0.5642278E-02 0.5642278E-02 -0.2335258E-03 -0.2335258E-03 -0.3603285E-02 -0.3603285E-02 -0.3603285E-02
-0.1473172E-02 -0.1473172E-02 -0.3487209E-02 -0.3979347E-02 -0.3836908E-02 -0.3836908E-02 -0.3720326E-02 -0.3641837E-02 -0.3641837E-02 -0.3661118E-02 -0.3661118E-02 -0.3679955E-02 -0.3681863E-02 -0.3679974E-02 -0.3675716E-02 -0.3675716E-02 -0.4780501E-01 -0.7873900E-01 -0.1100403 -0.1436161 -0.1808269 -0.2219214 -0.2663817 -0.3133210 -0.3615873 -0.4098629 -0.4562992 -0.4986136 -0.5340762 -0.5565827 -0.5565827 -0.5143571 -0.4564008 -0.3132352 -0.2258997 -0.2258997 -0.3305343E-01 -0.3305343E-01 0.1288168 0.1288168 0.1785938 0.1867723 0.1867723 0.1157973 0.1157973 0.4584721E-01 0.4584721E-01 0.4584721E-01 0.2218513E-01 0.2218513E-01 0.7930157E-02 0.7930157E-02 -0.1866143E-02 -0.1866143E-02 -0.8043050E-02 -0.8043050E-02 -0.1049692E-01 -0.1049692E-01 -0.1049692E-01
-0.9679091E-03 -0.9679091E-03 -0.2279954E-02 -0.2682219E-02 -0.2578517E-02 -0.2578517E-02 -0.2487784E-02 -0.2423902E-02 -0.2423902E-02 -0.2438121E-02 -0.2438121E-02 -0.2453393E-02 -0.2455220E-02 -0.2454056E-02 -0.2451034E-02 -0.2451034E-02 -0.4147882E-01 -0.7639001E-01 -0.1134615 -0.1521344 -0.1933015 -0.2374577 -0.2844900 -0.3338813 -0.3848089 -0.4362296 -0.4865505 -0.5335639 -0.5743344 -0.6025447 -0.6025447 -0.5792539 -0.5300265 -0.3629683 -0.2509780 -0.2509780 -0.2591239E-01 -0.2591239E-01 0.1361685 0.1361685 0.1858324 0.2138564 0.2138564 0.1569891 0.1569891 0.6102604E-01 0.6102604E-01 0.6102604E-01 0.2474519E-01 0.2474519E-01 0.3228435E-02 0.3228435E-02 -0.9595615E-02 -0.9595615E-02 -0.1620169E-01 -0.1620169E-01 -0.1752833E-01 -0.1752833E-01 -0.1752833E-01
-0.4794678E-03 -0.4794678E-03 -0.1126604E-02 -0.1350068E-02 -0.1295889E-02 -0.1295889E-02 -0.1246353E-02 -0.1210652E-02 -0.1210652E-02 -0.1218234E-02 -0.1218234E-02 -0.1226749E-02 -0.1227921E-02 -0.1227230E-02 -0.1225647E-02 -0.1225647E-02 -0.3792644E-01 -0.7612293E-01 -0.1189511 -0.1634405 -0.2094064 -0.2572287 -0.3070582 -0.3587217 -0.4117349 -0.4653462 -0.5182701 -0.5685253 -0.6131898 -0.6456484 -0.6456484 -0.6333039 -0.5816000 -0.3686813 -0.2375334 -0.2375334 -0.1323659E-01 -0.1323659E-01 0.1296012 0.1296012 0.1745206 0.2134725 0.2134725 0.1805200 0.1805200 0.7774386E-01 0.7774386E-01 0.7774386E-01 0.2982576E-01 0.2982576E-01 0.3504796E-03 0.3504796E-03 -0.1624416E-01 -0.1624416E-01 -0.2358132E-01 -0.2358132E-01 -0.2377246E-01 -0.2377246E-01 -0.2377246E-01
0.7133987E-07 0.7133987E-07 -0.1828117E-07 -0.1885673E-07 0.2238054E-07 0.2238054E-07 0.3264105E-07 0.4868761E-07 0.4868761E-07 0.2115254E-07 0.2115254E-07 -0.1509079E-06 -0.1097336E-06 -0.2557054E-07 0.1891646E-07 0.1891646E-07 -0.3802942E-01 -0.7964433E-01 -0.1281674 -0.1789359 -0.2304377 -0.2825853 -0.3355960 -0.3895808 -0.4444012 -0.4996350 -0.5543442 -0.6068481 -0.6542338 -0.6884653 -0.6884653 -0.6751372 -0.6007682 -0.3310218 -0.1994804 -0.1994804 -0.5621472E-02 -0.5621472E-02 0.1124039 0.1124039 0.1519231 0.1956264 0.1956264 0.1846660 0.1846660 0.9207797E-01 0.9207797E-01 0.9207797E-01 0.3662130E-01 0.3662130E-01 -0.1549356E-03 -0.1549356E-03 -0.2084620E-01 -0.2084620E-01 -0.2921234E-01 -0.2921234E-01 -0.2844199E-01 -0.2844199E-01 -0.2844199E-01
0.4795018E-03 0.4795018E-03 0.1126655E-02 0.1350005E-02 0.1295883E-02 0.1295883E-02 0.1246432E-02 0.1210578E-02 0.1210578E-02 0.1218218E-02 0.1218218E-02 0.1226733E-02 0.1227696E-02 0.1227218E-02 0.1225762E-02 0.1225762E-02 -0.4283660E-01 -0.8900145E-01 -0.1434497 -0.2007523 -0.2582678 -0.3152529 -0.3717925 -0.4281771 -0.4845929 -0.5409764 -0.5967839 -0.6506888 -0.6994972 -0.7304076 -0.7304076 -0.6940366 -0.5700264 -0.2707023 -0.1593278 -0.1593278 -0.6498379E-02 -0.6498379E-02 0.8987812E-01 0.8987812E-01 0.1245234 0.1687645 0.1687645 0.1731433 0.1731433 0.1001968 0.1001968 0.1001968 0.4319554E-01 0.4319554E-01 0.1467559E-02 0.1467559E-02 -0.2282269E-01 -0.2282269E-01 -0.3230968E-01 -0.3230968E-01 -0.3086997E-01 -0.3086997E-01 -0.3086997E-01
0.9678591E-03 0.9678591E-03 0.2280083E-02 0.2682142E-02 0.2578541E-02 0.2578541E-02 0.2487842E-02 0.2423779E-02 0.2423779E-02 0.2438112E-02 0.2438112E-02 0.2453389E-02 0.2455168E-02 0.2454066E-02 0.2451034E-02 0.2451034E-02 -0.5396659E-01 -0.1068355 -0.1679865 -0.2320060 -0.2956680 -0.3576659 -0.4178495 -0.4765785 -0.5343031 -0.5913159 -0.6474946 -0.7018638 -0.7498279 -0.7641293 -0.7641293 -0.6641886 -0.4835919 -0.2149573 -0.1298911 -0.1298911 -0.1226039E-01 -0.1226039E-01 0.6677123E-01 0.6677123E-01 0.9673823E-01 0.1383039 0.1383039 0.1512387 0.1512387 0.9989779E-01 0.9989779E-01 0.9989779E-01 0.4728310E-01 0.4728310E-01 0.4327125E-02 0.4327125E-02 -0.2203680E-01 -0.2203680E-01 -0.3233543E-01 -0.3233543E-01 -0.3055335E-01 -0.3055335E-01 -0.3055335E-01
0.1473298E-02 0.1473298E-02 0.3487410E-02 0.3979384E-02 0.3836912E-02 0.3836912E-02 0.3720245E-02 0.3641793E-02 0.3641793E-02 0.3660957E-02 0.3660957E-02 0.3679869E-02 0.3681822E-02 0.3679811E-02 0.3675469E-02 0.3675469E-02 -0.7425372E-01 -0.1369770 -0.2062155 -0.2771506 -0.3466904 -0.4133508 -0.4768287 -0.5375023 -0.5960133 -0.6529671 -0.7086490 -0.7622249 -0.8034928 -0.7642981 -0.7642981 -0.5599687 -0.3749499 -0.1744383 -0.1107229 -0.1107229 -0.1794915E-01 -0.1794915E-01 0.4597628E-01 0.4597628E-01 0.7094679E-01 0.1073235 0.1073235 0.1235406 0.1235406 0.9108957E-01 0.9108957E-01 0.9108957E-01 0.4717647E-01 0.4717647E-01 0.7246405E-02 0.7246405E-02 -0.1875446E-01 -0.1875446E-01 -0.2907241E-01 -0.2907241E-01 -0.2723416E-01 -0.2723416E-01 -0.2723416E-01
