simulation_files/asc/Velocity__x_49.0.asc
NCOLS        79
NROWS        79
XLLCENTER         -1.500000
YLLCENTER         -4.800000
CELLSIZE           0.100
NODATA_VALUE     -9999.0
[rows 0 to 25 of 79, columns 0 to 57 of 79]
-9999.000 -9999.000 -9999.000 -9999.000 -9999.000 -9999.000 -9999.000 -9999.000 -9999.000 -9999.000 -9999.000 -9999.000 -9999.000 -9999.000 -9999.000 0.4766526E-03 0.1822803E-02 0.3922451E-02 0.5810373E-02 0.7425528E-02 0.8759949E-02 0.9796487E-02 0.1050062E-01 0.1081884E-01 0.1067474E-01 0.9960332E-02 0.8520859E-02 0.6130659E-02 0.2539921E-02 0.2679133E-03 0.2679133E-03 -9999.000 -9999.000 -9999.000 -9999.000 -9999.000 -9999.000 -9999.000 -9999.000 -9999.000 -9999.000 -9999.000 -9999.000 -9999.000 -9999.000 -9999.000 -9999.000 -9999.000 -9999.000 -9999.000 -9999.000 -9999.000 -9999.000 -9999.000 -9999.000 -9999.000 -9999.000 -9999.000
-9999.000 -9999.000 -9999.000 -9999.000 -9999.000 -9999.000 -9999.000 -9999.000 -9999.000 -9999.000 -9999.000 -9999.000 -9999.000 -9999.000 -9999.000 0.1348751E-02 0.3905945E-02 0.7512323E-02 0.1083947E-01 0.1374210E-01 0.1614918E-01 0.1799073E-01 0.1918361E-01 0.1962743E-01 0.1920227E-01 0.1776675E-01 0.1515764E-01 0.1119455E-01 0.5776924E-02 0.1756889E-02 0.1756889E-02 -9999.000 -9999.000 -9999.000 -9999.000 -9999.000 -9999.000 -9999.000 -9999.000 -9999.000 -9999.000 -9999.000 -9999.000 -9999.000 -9999.000 -9999.000 -9999.000 -9999.000 -9999.000 -9999.000 -9999.000 -9999.000 -9999.000 -9999.000 -9999.000 -9999.000 -9999.000 -9999.000
-9999.000 -9999.000 -9999.000 -9999.000 -9999.000 -9999.000 -9999.000 -9999.000 -9999.000 -9999.000 -9999.000 -9999.000 -9999.000 -9999.000 -9999.000 0.2174805E-02 0.5853485E-02 0.1084778E-01 0.1546630E-01 0.1951062E-01 0.2286580E-01 0.2542014E-01 0.2705037E-01 0.2761853E-01 0.2697208E-01 0.2494480E-01 0.2135930E-01 0.1603497E-01 0.8894072E-02 0.3199094E-02 0.3199094E-02 -9999.000 -9999.000 -9999.000 -9999.000 -9999.000 -9999.000 -9999.000 -9999.000 -9999.000 -9999.000 -9999.000 -9999.000 -9999.000 -9999.000 -9999.000 -9999.000 -9999.000 -9999.000 -9999.000 -9999.000 -9999.000 -9999.000 -9999.000 -9999.000 -9999.000 -9999.000 -9999.000
-9999.000 -9999.000 -9999.000 -9999.000 -9999.000 -9999.000 -9999.000 -9999.000 -9999.000 -9999.000 -9999.000 -9999.000 -9999.000 -9999.000 -9999.000 0.2984831E-02 0.7732048E-02 0.1402533E-01 0.1984841E-01 0.2495942E-01 0.2920775E-01 0.3244622E-01 0.3451601E-01 0.3524388E-01 0.3444393E-01 0.3191884E-01 0.2746364E-01 0.2087346E-01 0.1206052E-01 0.4679934E-02 0.4679934E-02 -9999.000 -9999.000 -9999.000 -9999.000 -9999.000 -9999.000 -9999.000 -9999.000 -9999.000 -9999.000 -9999.000 -9999.000 -9999.000 -9999.000 -9999.000 -9999.000 -9999.000 -9999.000 -9999.000 -9999.000 -9999.000 -9999.000 -9999.000 -9999.000 -9999.000 -9999.000 -9999.000
-9999.000 -9999.000 -9999.000 -9999.000 -9999.000 -9999.000 -9999.000 -9999.000 -9999.000 -9999.000 -9999.000 -9999.000 -9999.000 -9999.000 -9999.000 0.3817480E-02 0.9619881E-02 0.1716105E-01 0.2414391E-01 0.3029185E-01 0.3542333E-01 0.3935851E-01 0.4190300E-01 0.4284658E-01 0.4196388E-01 0.3901676E-01 0.3375725E-01 0.2593572E-01 0.1542787E-01 0.6271553E-02 0.6271553E-02 -9999.000 -9999.000 -9999.000 -9999.000 -9999.000 -9999.000 -9999.000 -9999.000 -9999.000 -9999.000 -9999.000 -9999.000 -9999.000 -9999.000 -9999.000 -9999.000 -9999.000 -9999.000 -9999.000 -9999.000 -9999.000 -9999.000 -9999.000 -9999.000 -9999.000 -9999.000 -9999.000
-9999.000 -9999.000 -9999.000 -9999.000 -9999.000 -9999.000 -9999.000 -9999.000 -9999.000 -9999.000 -9999.000 -9999.000 -9999.000 -9999.000 -9999.000 0.4715384E-02 0.1159913E-01 0.2037215E-01 0.2850405E-01 0.3569321E-01 0.4173097E-01 0.4640514E-01 0.4948462E-01 0.5071668E-01 0.4982821E-01 0.4652720E-01 0.4050489E-01 0.3144317E-01 0.1914999E-01 0.8048692E-02 0.8048692E-02 -9999.000 -9999.000 -9999.000 -9999.000 -9999.000 -9999.000 -9999.000 -9999.000 -9999.000 -9999.000 -9999.000 -9999.000 -9999.000 -9999.000 -9999.000 -9999.000 -9999.000 -9999.000 -9999.000 -9999.000 -9999.000 -9999.000 -9999.000 -9999.000 -9999.000 -9999.000 -9999.000
-9999.000 -9999.000 -9999.000 -9999.000 -9999.000 -9999.000 -9999.000 -9999.000 -9999.000 -9999.000 -9999.000 -9999.000 -9999.000 -9999.000 -9999.000 0.5721867E-02 0.1375147E-01 0.2377182E-01 0.3307029E-01 0.4133296E-01 0.4832736E-01 0.5380940E-01 0.5750739E-01 0.5911991E-01 0.5831507E-01 0.5473113E-01 0.4797606E-01 0.3763295E-01 0.2340035E-01 0.1009820E-01 0.1009820E-01 -9999.000 -9999.000 -9999.000 -9999.000 -9999.000 -9999.000 -9999.000 -9999.000 -9999.000 -9999.000 -9999.000 -9999.000 -9999.000 -9999.000 -9999.000 -9999.000 -9999.000 -9999.000 -9999.000 -9999.000 -9999.000 -9999.000 -9999.000 -9999.000 -9999.000 -9999.000 -9999.000
-9999.000 -9999.000 -9999.000 -9999.000 -9999.000 -9999.000 -9999.000 -9999.000 -9999.000 -9999.000 -9999.000 -9999.000 -9999.000 -9999.000 -9999.000 0.6879148E-02 0.1615587E-01 0.2746829E-01 0.3797715E-01 0.4737157E-01 0.5539934E-01 0.6178421E-01 0.6621078E-01 0.6832063E-01 0.6771078E-01 0.6392955E-01 0.5647313E-01 0.4478503E-01 0.2839578E-01 0.1253280E-01 0.1253280E-01 -9999.000 -9999.000 -9999.000 -9999.000 -9999.000 -9999.000 -9999.000 -9999.000 -9999.000 -9999.000 -9999.000 -9999.000 -9999.000 -9999.000 -9999.000 -9999.000 -9999.000 -9999.000 -9999.000 -9999.000 -9999.000 -9999.000 -9999.000 -9999.000 -9999.000 -9999.000 -9999.000
-9999.000 -9999.000 -9999.000 -9999.000 -9999.000 -9999.000 -9999.000 -9999.000 -9999.000 -9999.000 -9999.000 -9999.000 -9999.000 -9999.000 -9999.000 0.8227515E-02 0.1888883E-01 0.3156846E-01 0.4335868E-01 0.5397060E-01 0.6313732E-01 0.7055112E-01 0.7584923E-01 0.7860874E-01 0.7834023E-01 0.7447839E-01 0.6636981E-01 0.5326264E-01 0.3443310E-01 0.1551163E-01 0.1551163E-01 -9999.000 -9999.000 -9999.000 -9999.000 -9999.000 -9999.000 -9999.000 -9999.000 -9999.000 -9999.000 -9999.000 -9999.000 -9999.000 -9999.000 -9999.000 -9999.000 -9999.000 -9999.000 -9999.000 -9999.000 -9999.000 -9999.000 -9999.000 -9999.000 -9999.000 -9999.000 -9999.000
-9999.000 -9999.000 -9999.000 -9999.000 -9999.000 -9999.000 -9999.000 -9999.000 -9999.000 -9999.000 -9999.000 -9999.000 -9999.000 -9999.000 -9999.000 0.9804539E-02 0.2202349E-01 0.3617981E-01 0.4935535E-01 0.6130465E-01 0.7175301E-01 0.8036235E-01 0.8672092E-01 0.9033319E-01 0.9060758E-01 0.8683631E-01 0.7816810E-01 0.6357625E-01 0.4195221E-01 0.1927941E-01 0.1927941E-01 -9999.000 -9999.000 -9999.000 -9999.000 -9999.000 -9999.000 -9999.000 -9999.000 -9999.000 -9999.000 -9999.000 -9999.000 -9999.000 -9999.000 -9999.000 -9999.000 -9999.000 -9999.000 -9999.000 -9999.000 -9999.000 -9999.000 -9999.000 -9999.000 -9999.000 -9999.000 -9999.000
-9999.000 -9999.000 -9999.000 -9999.000 -9999.000 -9999.000 -9999.000 -9999.000 -9999.000 -9999.000 -9999.000 -9999.000 -9999.000 -9999.000 -9999.000 0.1164183E-01 0.2562736E-01 0.4141265E-01 0.5612103E-01 0.6957395E-01 0.8149735E-01 0.9152682E-01 0.9920091E-01 0.1039461 0.1050530 0.1016378 0.9258945E-01 0.7649411E-01 0.5165365E-01 0.2423921E-01 0.2423921E-01 -9999.000 -9999.000 -9999.000 -9999.000 -9999.000 -9999.000 -9999.000 -9999.000 -9999.000 -9999.000 -9999.000 -9999.000 -9999.000 -9999.000 -9999.000 -9999.000 -9999.000 -9999.000 -9999.000 -9999.000 -9999.000 -9999.000 -9999.000 -9999.000 -9999.000 -9999.000 -9999.000
-9999.000 -9999.000 -9999.000 -9999.000 -9999.000 -9999.000 -9999.000 -9999.000 -9999.000 -9999.000 -9999.000 -9999.000 -9999.000 -9999.000 -9999.000 0.1376282E-01 0.2975885E-01 0.4738048E-01 0.6382985E-01 0.7901873E-01 0.9268441E-01 0.1044438 0.1137894 0.1200683 0.1224407 0.1198131 0.1107367 0.9325077E-01 0.6473780E-01 0.3110957E-01 0.3110957E-01 -9999.000 -9999.000 -9999.000 -9999.000 -9999.000 -9999.000 -9999.000 -9999.000 -9999.000 -9999.000 -9999.000 -9999.000 -9999.000 -9999.000 -9999.000 -9999.000 -9999.000 -9999.000 -9999.000 -9999.000 -9999.000 -9999.000 -9999.000 -9999.000 -9999.000 -9999.000 -9999.000
-9999.000 -9999.000 -9999.000 -9999.000 -9999.000 -9999.000 -9999.000 -9999.000 -9999.000 -9999.000 -9999.000 -9999.000 -9999.000 -9999.000 -9999.000 0.1618112E-01 0.3446907E-01 0.5420899E-01 0.7269415E-01 0.8994736E-01 0.1057319 0.1196593 0.1311885 0.1395962 0.1439116 0.1428051 0.1344046 0.1159814 0.8345457E-01 0.4130017E-01 0.4130017E-01 -9999.000 -9999.000 -9999.000 -9999.000 -9999.000 -9999.000 -9999.000 -9999.000 -9999.000 -9999.000 -9999.000 -9999.000 -9999.000 -9999.000 -9999.000 -9999.000 -9999.000 -9999.000 -9999.000 -9999.000 -9999.000 -9999.000 -9999.000 -9999.000 -9999.000 -9999.000 -9999.000
-9999.000 -9999.000 -9999.000 -9999.000 -9999.000 -9999.000 -9999.000 -9999.000 -9999.000 -9999.000 -9999.000 -9999.000 -9999.000 -9999.000 -9999.000 0.1901803E-01 0.3999021E-01 0.6228433E-01 0.8324558E-01 0.1030287 0.1214514 0.1381517 0.1525928 0.1640200 0.1713689 0.1730910 0.1668380 0.1488501 0.1126912 0.5811160E-01 0.5811160E-01 -9999.000 -9999.000 -9999.000 -9999.000 -9999.000 -9999.000 -9999.000 -9999.000 -9999.000 -9999.000 -9999.000 -9999.000 -9999.000 -9999.000 -9999.000 -9999.000 -9999.000 -9999.000 -9999.000 -9999.000 -9999.000 -9999.000 -9999.000 -9999.000 -9999.000 -9999.000 -9999.000
-9999.000 -9999.000 -9999.000 -9999.000 -9999.000 -9999.000 -9999.000 -9999.000 -9999.000 -9999.000 -9999.000 -9999.000 -9999.000 -9999.000 -9999.000 0.3310419E-01 0.5981093E-01 0.8670415E-01 0.1105422 0.1322681 0.1522426 0.1705067 0.1868259 0.2006592 0.2110483 0.2163776 0.2138762 0.1984973 0.1600368 0.8204765E-01 0.8204765E-01 -9999.000 -9999.000 -9999.000 -9999.000 -9999.000 -9999.000 -9999.000 -9999.000 -9999.000 -9999.000 -9999.000 -9999.000 -9999.000 -9999.000 -9999.000 -9999.000 -9999.000 -9999.000 -9999.000 -9999.000 -9999.000 -9999.000 -9999.000 -9999.000 -9999.000 -9999.000 -9999.000
1.463332 1.463332 1.517398 1.478086 1.371636 1.371636 1.342040 1.290519 1.290519 1.239744 1.239744 1.180383 1.142970 1.095746 1.032123 1.032123 0.8839483 0.8188694 0.7500551 0.6805992 0.6136500 0.5522573 0.4990435 0.4559530 0.4242178 0.4046567 0.3985114 0.4093950 0.4483711 0.5300901 0.5300901 1.367573 1.633524 1.781397 1.763368 1.763368 1.628236 1.628236 1.424005 1.424005 1.204116 0.8285741 0.8285741 0.8152280 0.8152280 0.8463157 0.8463157 0.8463157 0.8983092 0.8983092 0.9398266 0.9398266 0.9741830 0.9741830 1.019064 1.019064 1.047084 1.047084
1.476987 1.476987 1.535888 1.517349 1.410419 1.410419 1.387838 1.348535 1.348535 1.308620 1.308620 1.259195 1.227793 1.190786 1.149133 1.149133 1.085982 1.053891 1.014009 0.9666604 0.9130186 0.8551020 0.7957405 0.7385111 0.6876612 0.6481081 0.6257828 0.6289651 0.6723770 0.7839848 0.7839848 1.330195 1.521208 1.648868 1.666268 1.666268 1.652176 1.652176 1.576466 1.576466 1.481934 1.108176 1.108176 1.090364 1.090364 1.127094 1.127094 1.127094 1.182861 1.182861 1.227239 1.227239 1.249997 1.249997 1.304560 1.304560 1.337827 1.337827
1.480382 1.480382 1.536940 1.521265 1.410009 1.410009 1.388625 1.351039 1.351039 1.313883 1.313883 1.270785 1.245397 1.217386 1.188070 1.188070 1.153124 1.138047 1.118041 1.092150 1.060140 1.022512 0.9805811 0.9365991 0.8939090 0.8571958 0.8329527 0.8305680 0.8653160 0.9672207 0.9672207 1.369628 1.537632 1.671914 1.701577 1.701577 1.710973 1.710973 1.664592 1.664592 1.613015 1.353910 1.353910 1.268402 1.268402 1.286300 1.286300 1.286300 1.343318 1.343318 1.382954 1.382954 1.412916 1.412916 1.452862 1.452862 1.481728 1.481728
1.483013 1.483013 1.537767 1.524416 1.409441 1.409441 1.388854 1.352630 1.352630 1.317893 1.317893 1.280096 1.259229 1.237294 1.215322 1.215322 1.194133 1.186564 1.176095 1.161873 1.143469 1.120883 1.094651 1.066015 1.037157 1.011508 0.9942753 0.9934567 1.022292 1.107896 1.107896 1.414663 1.563665 1.694132 1.723918 1.723918 1.735754 1.735754 1.706754 1.706754 1.681380 1.536522 1.536522 1.416903 1.416903 1.420730 1.420730 1.420730 1.464877 1.464877 1.500150 1.500150 1.527504 1.527504 1.559486 1.559486 1.584803 1.584803
1.484972 1.484972 1.538449 1.527291 1.409262 1.409262 1.389348 1.354590 1.354590 1.322517 1.322517 1.290052 1.273348 1.256647 1.240592 1.240592 1.229880 1.226491 1.220682 1.212150 1.200861 1.186972 1.170888 1.153410 1.135963 1.120904 1.112021 1.115454 1.141784 1.214515 1.214515 1.453959 1.583416 1.700312 1.724434 1.724434 1.732013 1.732013 1.719662 1.719662 1.712766 1.652910 1.652910 1.551243 1.551243 1.524322 1.524322 1.524322 1.556545 1.556545 1.587599 1.587599 1.612766 1.612766 1.639241 1.639241 1.661445 1.661445
1.486318 1.486318 1.538960 1.529859 1.409400 1.409400 1.390075 1.356832 1.356832 1.327542 1.327542 1.300382 1.287677 1.275940 1.265527 1.265527 1.265553 1.265536 1.262477 1.256662 1.248603 1.238888 1.228157 1.217182 1.207035 1.199344 1.196709 1.203607 1.228255 1.291292 1.291292 1.482244 1.591564 1.686213 1.702164 1.702164 1.709511 1.709511 1.718386 1.718386 1.725899 1.719255 1.719255 1.660437 1.660437 1.612750 1.612750 1.612750 1.631101 1.631101 1.656133 1.656133 1.678496 1.678496 1.700848 1.700848 1.719918 1.719918
1.487099 1.487099 1.539277 1.532067 1.409792 1.409792 1.390991 1.359238 1.359238 1.332719 1.332719 1.310702 1.301851 1.294995 1.290429 1.290429 1.302937 1.306351 1.305369 1.300856 1.293876 1.285508 1.276765 1.268610 1.262033 1.258196 1.258700 1.266585 1.288151 1.340322 1.340322 1.497240 1.583430 1.649347 1.659668 1.659668 1.678414 1.678414 1.711285 1.711285 1.729962 1.754544 1.754544 1.737455 1.737455 1.690194 1.690194 1.690194 1.695325 1.695325 1.712388 1.712388 1.730621 1.730621 1.748952 1.748952 1.764581 1.764581
1.487344 1.487344 1.539384 1.533848 1.410391 1.410391 1.392046 1.361697 1.361697 1.337825 1.337825 1.320663 1.315490 1.313470 1.315201 1.315201 1.343105 1.350272 1.351115 1.347140 1.339961 1.331162 1.322169 1.314218 1.308359 1.305417 1.305909 1.311431 1.327040 1.367178 1.367178 1.490770 1.552465 1.591259 1.604334 1.604334 1.646263 1.646263 1.701344 1.701344 1.728303 1.771608 1.771608 1.784727 1.784727 1.754880 1.754880 1.754880 1.751648 1.751648 1.760347 1.760347 1.773097 1.773097 1.786757 1.786757 1.798580 1.798580
1.487064 1.487064 1.539277 1.535130 1.411159 1.411159 1.393194 1.364109 1.364109 1.342677 1.342677 1.329979 1.328242 1.330949 1.339473 1.339473 1.387110 1.398378 1.400878 1.396867 1.388547 1.378037 1.367204 1.357601 1.350408 1.346130 1.343552 1.342248 1.347097 1.372880 1.372880 1.456202 1.493767 1.520266 1.546492 1.546492 1.616387 1.616387 1.689096 1.689096 1.722136 1.777494 1.777494 1.810105 1.810105 1.804287 1.804287 1.804287 1.799527 1.799527 1.801720 1.801720 1.808402 1.808402 1.816733 1.816733 1.824209 1.824209
1.486249 1.486249 1.538961 1.535842 1.412073 1.412073 1.394389 1.366384 1.366384 1.347125 1.347125 1.338412 1.339798 1.346968 1.362520 1.362520 1.436177 1.451749 1.455674 1.451067 1.440723 1.427355 1.413345 1.400629 1.390592 1.383428 1.374357 1.359210 1.345481 1.350648 1.350648 1.395753 1.410395 1.444738 1.492084 1.492084 1.588390 1.588390 1.674402 1.674402 1.712140 1.776066 1.776066 1.821164 1.821164 1.838269 1.838269 1.838269 1.837626 1.837626 1.836640 1.836640 1.837837 1.837837 1.840478 1.840478 1.843060 1.843060
1.484871 1.484871 1.538452 1.535915 1.413124 1.413124 1.395587 1.368446 1.368446 1.351048 1.351048 1.345787 1.349919 1.361112 1.383203 1.383203 1.492525 1.511891 1.516315 1.510299 1.497072 1.479806 1.461384 1.444205 1.430031 1.419091 1.398281 1.356644 1.313823 1.293062 1.293062 1.302510 1.315575 1.388032 1.439361 1.439361 1.563185 1.563185 1.659289 1.659289 1.700652 1.770728 1.770728 1.823866 1.823866 1.859310 1.859310 1.859310 1.865597 1.865597 1.864726 1.864726 1.861961 1.861961 1.859136 1.859136 1.856522 1.856522
