simulation_files/asc/Velocity__x_125.0.asc
NCOLS        79
NROWS        79
XLLCENTER         -1.500000
YLLCENTER         -4.800000
CELLSIZE           0.100
NODATA_VALUE     -9999.0
[rows 0 to 25 of 79, columns 0 to 57 of 79]
-9999.000 -9999.000 -9999.000 -9999.000 -9999.000 -9999.000 -9999.000 -9999.000 -9999.000 -9999.000 -9999.000 -9999.000 -9999.000 -9999.000 -9999.000 0.9321913E-04 0.1041506E-02 0.2886624E-02 0.4713539E-02 0.6363282E-02 0.7759147E-02 0.8873670E-02 0.9716711E-02 0.1032934E-01 0.1075391E-01 0.1097757E-01 0.1084395E-01 0.9879688E-02 0.7000155E-02 0.3225765E-02 0.3225765E-02 -9999.000 -9999.000 -9999.000 -9999.000 -9999.000 -9999.000 -9999.000 -9999.000 -9999.000 -9999.000 -9999.000 -9999.000 -9999.000 -9999.000 -9999.000 -9999.000 -9999.000 -9999.000 -9999.000 -9999.000 -9999.000 -9999.000 -9999.000 -9999.000 -9999.000 -9999.000 -9999.000
-9999.000 -9999.000 -9999.000 -9999.000 -9999.000 -9999.000 -9999.000 -9999.000 -9999.000 -9999.000 -9999.000 -9999.000 -9999.000 -9999.000 -9999.000 0.8699971E-03 0.2679875E-02 0.5450674E-02 0.8184838E-02 0.1067928E-01 0.1281108E-01 0.1451041E-01 0.1574900E-01 0.1653130E-01 0.1686292E-01 0.1669394E-01 0.1583944E-01 0.1383272E-01 0.9692227E-02 0.4595145E-02 0.4595145E-02 -9999.000 -9999.000 -9999.000 -9999.000 -9999.000 -9999.000 -9999.000 -9999.000 -9999.000 -9999.000 -9999.000 -9999.000 -9999.000 -9999.000 -9999.000 -9999.000 -9999.000 -9999.000 -9999.000 -9999.000 -9999.000 -9999.000 -9999.000 -9999.000 -9999.000 -9999.000 -9999.000
-9999.000 -9999.000 -9999.000 -9999.000 -9999.000 -9999.000 -9999.000 -9999.000 -9999.000 -9999.000 -9999.000 -9999.000 -9999.000 -9999.000 -9999.000 0.1405151E-02 0.3841750E-02 0.7321984E-02 0.1071868E-01 0.1380148E-01 0.1642275E-01 0.1849101E-01 0.1996012E-01 0.2082136E-01 0.2107213E-01 0.2065687E-01 0.1938466E-01 0.1677323E-01 0.1179582E-01 0.5675289E-02 0.5675289E-02 -9999.000 -9999.000 -9999.000 -9999.000 -9999.000 -9999.000 -9999.000 -9999.000 -9999.000 -9999.000 -9999.000 -9999.000 -9999.000 -9999.000 -9999.000 -9999.000 -9999.000 -9999.000 -9999.000 -9999.000 -9999.000 -9999.000 -9999.000 -9999.000 -9999.000 -9999.000 -9999.000
-9999.000 -9999.000 -9999.000 -9999.000 -9999.000 -9999.000 -9999.000 -9999.000 -9999.000 -9999.000 -9999.000 -9999.000 -9999.000 -9999.000 -9999.000 0.1810428E-02 0.4723892E-02 0.8745947E-02 0.1264852E-01 0.1617949E-01 0.1917321E-01 0.2152468E-01 0.2317763E-01 0.2411837E-01 0.2434234E-01 0.2379098E-01 0.2226381E-01 0.1924924E-01 0.1364414E-01 0.6650038E-02 0.6650038E-02 -9999.000 -9999.000 -9999.000 -9999.000 -9999.000 -9999.000 -9999.000 -9999.000 -9999.000 -9999.000 -9999.000 -9999.000 -9999.000 -9999.000 -9999.000 -9999.000 -9999.000 -9999.000 -9999.000 -9999.000 -9999.000 -9999.000 -9999.000 -9999.000 -9999.000 -9999.000 -9999.000
-9999.000 -9999.000 -9999.000 -9999.000 -9999.000 -9999.000 -9999.000 -9999.000 -9999.000 -9999.000 -9999.000 -9999.000 -9999.000 -9999.000 -9999.000 0.2146031E-02 0.5452213E-02 0.9918694E-02 0.1423916E-01 0.1814486E-01 0.2145617E-01 0.2405789E-01 0.2588728E-01 0.2692825E-01 0.2717546E-01 0.2656666E-01 0.2488691E-01 0.2158501E-01 0.1545752E-01 0.7630583E-02 0.7630583E-02 -9999.000 -9999.000 -9999.000 -9999.000 -9999.000 -9999.000 -9999.000 -9999.000 -9999.000 -9999.000 -9999.000 -9999.000 -9999.000 -9999.000 -9999.000 -9999.000 -9999.000 -9999.000 -9999.000 -9999.000 -9999.000 -9999.000 -9999.000 -9999.000 -9999.000 -9999.000 -9999.000
-9999.000 -9999.000 -9999.000 -9999.000 -9999.000 -9999.000 -9999.000 -9999.000 -9999.000 -9999.000 -9999.000 -9999.000 -9999.000 -9999.000 -9999.000 0.2453444E-02 0.6114405E-02 0.1097770E-01 0.1567424E-01 0.1992224E-01 0.2353059E-01 0.2637618E-01 0.2839132E-01 0.2955876E-01 0.2987285E-01 0.2926628E-01 0.2750540E-01 0.2398883E-01 0.1738800E-01 0.8697095E-02 0.8697095E-02 -9999.000 -9999.000 -9999.000 -9999.000 -9999.000 -9999.000 -9999.000 -9999.000 -9999.000 -9999.000 -9999.000 -9999.000 -9999.000 -9999.000 -9999.000 -9999.000 -9999.000 -9999.000 -9999.000 -9999.000 -9999.000 -9999.000 -9999.000 -9999.000 -9999.000 -9999.000 -9999.000
-9999.000 -9999.000 -9999.000 -9999.000 -9999.000 -9999.000 -9999.000 -9999.000 -9999.000 -9999.000 -9999.000 -9999.000 -9999.000 -9999.000 -9999.000 0.2761609E-02 0.6771130E-02 0.1201722E-01 0.1707827E-01 0.2166260E-01 0.2556934E-01 0.2866872E-01 0.3088950E-01 0.3221397E-01 0.3263706E-01 0.3208466E-01 0.3029988E-01 0.2661997E-01 0.1956239E-01 0.9920805E-02 0.9920805E-02 -9999.000 -9999.000 -9999.000 -9999.000 -9999.000 -9999.000 -9999.000 -9999.000 -9999.000 -9999.000 -9999.000 -9999.000 -9999.000 -9999.000 -9999.000 -9999.000 -9999.000 -9999.000 -9999.000 -9999.000 -9999.000 -9999.000 -9999.000 -9999.000 -9999.000 -9999.000 -9999.000
-9999.000 -9999.000 -9999.000 -9999.000 -9999.000 -9999.000 -9999.000 -9999.000 -9999.000 -9999.000 -9999.000 -9999.000 -9999.000 -9999.000 -9999.000 0.3091202E-02 0.7465521E-02 0.1310426E-01 0.1853985E-01 0.2347348E-01 0.2769574E-01 0.3107190E-01 0.3352764E-01 0.3504645E-01 0.3562403E-01 0.3517861E-01 0.3342508E-01 0.2962650E-01 0.2211145E-01 0.1137992E-01 0.1137992E-01 -9999.000 -9999.000 -9999.000 -9999.000 -9999.000 -9999.000 -9999.000 -9999.000 -9999.000 -9999.000 -9999.000 -9999.000 -9999.000 -9999.000 -9999.000 -9999.000 -9999.000 -9999.000 -9999.000 -9999.000 -9999.000 -9999.000 -9999.000 -9999.000 -9999.000 -9999.000 -9999.000
-9999.000 -9999.000 -9999.000 -9999.000 -9999.000 -9999.000 -9999.000 -9999.000 -9999.000 -9999.000 -9999.000 -9999.000 -9999.000 -9999.000 -9999.000 0.3458855E-02 0.8232345E-02 0.1429239E-01 0.2013003E-01 0.2544173E-01 0.3001098E-01 0.3369896E-01 0.3643040E-01 0.3819092E-01 0.3897836E-01 0.3870200E-01 0.3704311E-01 0.3317486E-01 0.2519401E-01 0.1317351E-01 0.1317351E-01 -9999.000 -9999.000 -9999.000 -9999.000 -9999.000 -9999.000 -9999.000 -9999.000 -9999.000 -9999.000 -9999.000 -9999.000 -9999.000 -9999.000 -9999.000 -9999.000 -9999.000 -9999.000 -9999.000 -9999.000 -9999.000 -9999.000 -9999.000 -9999.000 -9999.000 -9999.000 -9999.000
-9999.000 -9999.000 -9999.000 -9999.000 -9999.000 -9999.000 -9999.000 -9999.000 -9999.000 -9999.000 -9999.000 -9999.000 -9999.000 -9999.000 -9999.000 0.3880130E-02 0.9104282E-02 0.1563245E-01 0.2191686E-01 0.2765175E-01 0.3261475E-01 0.3666492E-01 0.3972758E-01 0.4179318E-01 0.4286289E-01 0.4283595E-01 0.4135404E-01 0.3748093E-01 0.2902770E-01 0.1544132E-01 0.1544132E-01 -9999.000 -9999.000 -9999.000 -9999.000 -9999.000 -9999.000 -9999.000 -9999.000 -9999.000 -9999.000 -9999.000 -9999.000 -9999.000 -9999.000 -9999.000 -9999.000 -9999.000 -9999.000 -9999.000 -9999.000 -9999.000 -9999.000 -9999.000 -9999.000 -9999.000 -9999.000 -9999.000
-9999.000 -9999.000 -9999.000 -9999.000 -9999.000 -9999.000 -9999.000 -9999.000 -9999.000 -9999.000 -9999.000 -9999.000 -9999.000 -9999.000 -9999.000 0.4372327E-02 0.1011774E-01 0.1718245E-01 0.2397933E-01 0.3020304E-01 0.3562713E-01 0.4011073E-01 0.4358257E-01 0.4604047E-01 0.4749181E-01 0.4782569E-01 0.4663628E-01 0.4285415E-01 0.3393513E-01 0.1839399E-01 0.1839399E-01 -9999.000 -9999.000 -9999.000 -9999.000 -9999.000 -9999.000 -9999.000 -9999.000 -9999.000 -9999.000 -9999.000 -9999.000 -9999.000 -9999.000 -9999.000 -9999.000 -9999.000 -9999.000 -9999.000 -9999.000 -9999.000 -9999.000 -9999.000 -9999.000 -9999.000 -9999.000 -9999.000
-9999.000 -9999.000 -9999.000 -9999.000 -9999.000 -9999.000 -9999.000 -9999.000 -9999.000 -9999.000 -9999.000 -9999.000 -9999.000 -9999.000 -9999.000 0.4957891E-02 0.1132094E-01 0.1901951E-01 0.2642334E-01 0.3323093E-01 0.3921349E-01 0.4423344E-01 0.4822640E-01 0.5120286E-01 0.5317969E-01 0.5403607E-01 0.5331007E-01 0.4976992E-01 0.4042452E-01 0.2236756E-01 0.2236756E-01 -9999.000 -9999.000 -9999.000 -9999.000 -9999.000 -9999.000 -9999.000 -9999.000 -9999.000 -9999.000 -9999.000 -9999.000 -9999.000 -9999.000 -9999.000 -9999.000 -9999.000 -9999.000 -9999.000 -9999.000 -9999.000 -9999.000 -9999.000 -9999.000 -9999.000 -9999.000 -9999.000
-9999.000 -9999.000 -9999.000 -9999.000 -9999.000 -9999.000 -9999.000 -9999.000 -9999.000 -9999.000 -9999.000 -9999.000 -9999.000 -9999.000 -9999.000 0.5670364E-02 0.1278572E-01 0.2125968E-01 0.2940993E-01 0.3694178E-01 0.4362803E-01 0.4933814E-01 0.5402079E-01 0.5770531E-01 0.6042508E-01 0.6205072E-01 0.6205553E-01 0.5900725E-01 0.4934784E-01 0.2793089E-01 0.2793089E-01 -9999.000 -9999.000 -9999.000 -9999.000 -9999.000 -9999.000 -9999.000 -9999.000 -9999.000 -9999.000 -9999.000 -9999.000 -9999.000 -9999.000 -9999.000 -9999.000 -9999.000 -9999.000 -9999.000 -9999.000 -9999.000 -9999.000 -9999.000 -9999.000 -9999.000 -9999.000 -9999.000
-9999.000 -9999.000 -9999.000 -9999.000 -9999.000 -9999.000 -9999.000 -9999.000 -9999.000 -9999.000 -9999.000 -9999.000 -9999.000 -9999.000 -9999.000 0.6635466E-02 0.1476047E-01 0.2427419E-01 0.3341326E-01 0.4189593E-01 0.4950483E-01 0.5612954E-01 0.6174491E-01 0.6641475E-01 0.7020181E-01 0.7297586E-01 0.7413814E-01 0.7201063E-01 0.6230622E-01 0.3619039E-01 0.3619039E-01 -9999.000 -9999.000 -9999.000 -9999.000 -9999.000 -9999.000 -9999.000 -9999.000 -9999.000 -9999.000 -9999.000 -9999.000 -9999.000 -9999.000 -9999.000 -9999.000 -9999.000 -9999.000 -9999.000 -9999.000 -9999.000 -9999.000 -9999.000 -9999.000 -9999.000 -9999.000 -9999.000
-9999.000 -9999.000 -9999.000 -9999.000 -9999.000 -9999.000 -9999.000 -9999.000 -9999.000 -9999.000 -9999.000 -9999.000 -9999.000 -9999.000 -9999.000 0.2151987E-01 0.3616358E-01 0.5062541E-01 0.6206470E-01 0.7099313E-01 0.7784269E-01 0.8301955E-01 0.8688141E-01 0.8976356E-01 0.9185724E-01 0.9305638E-01 0.9268907E-01 0.8885798E-01 0.7662250E-01 0.4010836E-01 0.4010836E-01 -9999.000 -9999.000 -9999.000 -9999.000 -9999.000 -9999.000 -9999.000 -9999.000 -9999.000 -9999.000 -9999.000 -9999.000 -9999.000 -9999.000 -9999.000 -9999.000 -9999.000 -9999.000 -9999.000 -9999.000 -9999.000 -9999.000 -9999.000 -9999.000 -9999.000 -9999.000 -9999.000
2.218633 2.218633 2.264660 2.309308 2.316871 2.316871 2.321867 2.327536 2.327536 2.329662 2.329662 2.329394 2.328560 2.327341 2.325787 2.325787 2.118011 2.078970 2.033193 1.976018 1.905180 1.819942 1.720693 1.609230 1.488355 1.362472 1.239356 1.132817 1.068989 1.098904 1.098904 1.971019 2.119879 2.156490 2.152560 2.152560 2.123132 2.123132 2.026644 2.026644 1.907852 1.456911 1.456911 1.320211 1.320211 1.321830 1.321830 1.321830 1.376734 1.376734 1.429212 1.429212 1.477033 1.477033 1.516819 1.516819 1.546470 1.546470
2.232928 2.232928 2.294035 2.351600 2.368732 2.368732 2.383287 2.407965 2.407965 2.428939 2.428939 2.447372 2.455834 2.463872 2.471539 2.471539 2.356612 2.342527 2.335419 2.325801 2.308739 2.281335 2.241627 2.186237 2.116703 2.034265 1.942727 1.851064 1.778663 1.775278 1.775278 2.266309 2.422712 2.542091 2.565382 2.565382 2.571616 2.571616 2.523228 2.523228 2.463771 2.165759 2.165759 2.000644 2.000644 1.988027 1.988027 1.988027 2.043328 2.043328 2.093346 2.093346 2.140077 2.140077 2.181141 2.181141 2.215106 2.215106
2.236008 2.236008 2.298116 2.351842 2.369125 2.369125 2.383907 2.409079 2.409079 2.430583 2.430583 2.449612 2.458402 2.466791 2.474828 2.474828 2.389325 2.377639 2.381385 2.388682 2.393164 2.391690 2.382358 2.362801 2.332741 2.291902 2.241495 2.185897 2.137867 2.132465 2.132465 2.470271 2.613098 2.757723 2.791147 2.791147 2.805012 2.805012 2.757615 2.757615 2.710513 2.518914 2.518914 2.356702 2.356702 2.329183 2.329183 2.329183 2.369770 2.369770 2.411516 2.411516 2.450640 2.450640 2.485419 2.485419 2.514095 2.514095
2.238450 2.238450 2.301227 2.351771 2.368985 2.368985 2.383812 2.409079 2.409079 2.430614 2.430614 2.449648 2.458443 2.466838 2.474882 2.474882 2.411079 2.399191 2.405882 2.419384 2.432148 2.440650 2.443235 2.438393 2.425915 2.405713 2.378515 2.347224 2.320666 2.323693 2.323693 2.547060 2.680824 2.832758 2.868857 2.868857 2.878405 2.878405 2.826665 2.826665 2.788125 2.666517 2.666517 2.530376 2.530376 2.481409 2.481409 2.481409 2.512183 2.512183 2.549722 2.549722 2.585905 2.585905 2.617671 2.617671 2.643409 2.643409
2.240310 2.240310 2.303571 2.351739 2.368848 2.368848 2.383705 2.409063 2.409063 2.430623 2.430623 2.449652 2.458442 2.466835 2.474876 2.474876 2.432156 2.423415 2.432501 2.449724 2.467267 2.481103 2.489421 2.491082 2.486026 2.474576 2.457696 2.437911 2.422078 2.428493 2.428493 2.580279 2.699458 2.842176 2.871580 2.871580 2.864982 2.864982 2.815566 2.815566 2.790596 2.727391 2.727391 2.634602 2.634602 2.570479 2.570479 2.570479 2.589379 2.589379 2.621345 2.621345 2.654379 2.654379 2.683486 2.683486 2.706809 2.706809
2.241616 2.241616 2.305209 2.351737 2.368736 2.368736 2.383612 2.409047 2.409047 2.430632 2.430632 2.449656 2.458443 2.466831 2.474872 2.474872 2.452728 2.450772 2.463468 2.483814 2.504862 2.522475 2.534605 2.540128 2.538882 2.531300 2.518494 2.502887 2.490212 2.494395 2.494395 2.597312 2.695987 2.808281 2.820680 2.820680 2.796291 2.796291 2.766986 2.766986 2.760895 2.746374 2.746374 2.699624 2.699624 2.635192 2.635192 2.635192 2.641277 2.641277 2.665261 2.665261 2.693553 2.693553 2.719385 2.719385 2.740029 2.740029
2.242390 2.242390 2.306175 2.351743 2.368665 2.368665 2.383549 2.409036 2.409036 2.430637 2.430637 2.449658 2.458443 2.466830 2.474870 2.474870 2.473388 2.481060 2.499036 2.522566 2.546338 2.566704 2.581604 2.589870 2.591147 2.585722 2.574596 2.559960 2.546639 2.545195 2.545195 2.610132 2.680178 2.733536 2.723565 2.723565 2.699341 2.699341 2.708075 2.708075 2.721362 2.744003 2.744003 2.736224 2.736224 2.686747 2.686747 2.686747 2.682711 2.682711 2.697319 2.697319 2.719134 2.719134 2.740458 2.740458 2.757631 2.757631
2.242646 2.242646 2.306496 2.351747 2.368641 2.368641 2.383527 2.409032 2.409032 2.430640 2.430640 2.449660 2.458443 2.466830 2.474869 2.474869 2.495415 2.514626 2.539396 2.566475 2.592425 2.614591 2.631251 2.641326 2.644329 2.640326 2.630047 2.615281 2.599879 2.591014 2.591014 2.621234 2.648195 2.614249 2.592498 2.592498 2.600775 2.600775 2.652355 2.652355 2.681145 2.729989 2.729989 2.751568 2.751568 2.726651 2.726651 2.726651 2.718020 2.718020 2.723837 2.723837 2.737891 2.737891 2.753299 2.753299 2.765985 2.765985
2.242390 2.242390 2.306176 2.351743 2.368665 2.368665 2.383549 2.409036 2.409036 2.430638 2.430638 2.449659 2.458442 2.466830 2.474869 2.474869 2.520685 2.552509 2.585027 2.615971 2.643654 2.666683 2.684002 2.694827 2.698684 2.695473 2.685620 2.670415 2.652528 2.634327 2.634327 2.623374 2.580522 2.459337 2.454272 2.454272 2.517384 2.517384 2.602856 2.602856 2.642287 2.709150 2.709150 2.751828 2.751828 2.754248 2.754248 2.754248 2.747007 2.747007 2.746434 2.746434 2.752423 2.752423 2.760760 2.760760 2.767962 2.767962
2.241615 2.241615 2.305209 2.351736 2.368736 2.368736 2.383612 2.409047 2.409047 2.430632 2.430632 2.449656 2.458443 2.466832 2.474873 2.474873 2.551707 2.596475 2.636863 2.671556 2.700395 2.723302 2.740086 2.750453 2.754112 2.750909 2.741017 2.725200 2.704422 2.671421 2.671421 2.592935 2.444953 2.302479 2.337516 2.337516 2.450481 2.450481 2.557572 2.557572 2.604034 2.683620 2.683620 2.741280 2.741280 2.768947 2.768947 2.768947 2.767526 2.767526 2.763820 2.763820 2.762554 2.762554 2.763266 2.763266 2.764257 2.764257
2.240310 2.240310 2.303572 2.351740 2.368848 2.368848 2.383705 2.409062 2.409062 2.430623 2.430623 2.449652 2.458443 2.466834 2.474877 2.474877 2.591846 2.649051 2.696348 2.733858 2.762837 2.784430 2.799362 2.807945 2.810201 2.806042 2.795482 2.778709 2.753232 2.686882 2.686882 2.478497 2.226502 2.180468 2.244188 2.244188 2.391701 2.391701 2.512296 2.512296 2.563708 2.652848 2.652848 2.721250 2.721250 2.769886 2.769886 2.769886 2.776428 2.776428 2.772564 2.772564 2.765649 2.765649 2.758959 2.758959 2.753526 2.753526
