simulation_files/asc/Velocity__x_250.0.asc
NCOLS        79
NROWS        79
XLLCENTER         -1.500000
YLLCENTER         -4.800000
CELLSIZE           0.100
NODATA_VALUE     -9999.0
[rows 0 to 25 of 79, columns 0 to 57 of 79]
-9999.000 -9999.000 -9999.000 -9999.000 -9999.000 -9999.000 -9999.000 -9999.000 -9999.000 -9999.000 -9999.000 -9999.000 -9999.000 -9999.000 -9999.000 -0.1122716E-02 -0.3750198E-03 0.3100889E-02 0.7656187E-02 0.1211015E-01 0.1569673E-01 0.1820277E-01 0.1961513E-01 0.2002480E-01 0.1956850E-01 0.1835364E-01 0.1645081E-01 0.1377980E-01 0.9705178E-02 0.4759431E-02 0.4759431E-02 -9999.000 -9999.000 -9999.000 -9999.000 -9999.000 -9999.000 -9999.000 -9999.000 -9999.000 -9999.000 -9999.000 -9999.000 -9999.000 -9999.000 -9999.000 -9999.000 -9999.000 -9999.000 -9999.000 -9999.000 -9999.000 -9999.000 -9999.000 -9999.000 -9999.000 -9999.000 -9999.000
-9999.000 -9999.000 -9999.000 -9999.000 -9999.000 -9999.000 -9999.000 -9999.000 -9999.000 -9999.000 -9999.000 -9999.000 -9999.000 -9999.000 -9999.000 0.1258760E-03 0.2091737E-02 0.6637005E-02 0.1212906E-01 0.1742662E-01 0.2174718E-01 0.2481207E-01 0.2654522E-01 0.2698698E-01 0.2624134E-01 0.2440327E-01 0.2155148E-01 0.1764636E-01 0.1218245E-01 0.5954731E-02 0.5954731E-02 -9999.000 -9999.000 -9999.000 -9999.000 -9999.000 -9999.000 -9999.000 -9999.000 -9999.000 -9999.000 -9999.000 -9999.000 -9999.000 -9999.000 -9999.000 -9999.000 -9999.000 -9999.000 -9999.000 -9999.000 -9999.000 -9999.000 -9999.000 -9999.000 -9999.000 -9999.000 -9999.000
-9999.000 -9999.000 -9999.000 -9999.000 -9999.000 -9999.000 -9999.000 -9999.000 -9999.000 -9999.000 -9999.000 -9999.000 -9999.000 -9999.000 -9999.000 0.6043102E-03 0.3128964E-02 0.8318259E-02 0.1441691E-01 0.2024208E-01 0.2497987E-01 0.2833470E-01 0.3021704E-01 0.3066077E-01 0.2976867E-01 0.2763977E-01 0.2436305E-01 0.1991122E-01 0.1377572E-01 0.6771801E-02 0.6771801E-02 -9999.000 -9999.000 -9999.000 -9999.000 -9999.000 -9999.000 -9999.000 -9999.000 -9999.000 -9999.000 -9999.000 -9999.000 -9999.000 -9999.000 -9999.000 -9999.000 -9999.000 -9999.000 -9999.000 -9999.000 -9999.000 -9999.000 -9999.000 -9999.000 -9999.000 -9999.000 -9999.000
-9999.000 -9999.000 -9999.000 -9999.000 -9999.000 -9999.000 -9999.000 -9999.000 -9999.000 -9999.000 -9999.000 -9999.000 -9999.000 -9999.000 -9999.000 0.8546946E-03 0.3698367E-02 0.9286298E-02 0.1577722E-01 0.2194973E-01 0.2696423E-01 0.3051587E-01 0.3250970E-01 0.3297845E-01 0.3202695E-01 0.2975629E-01 0.2626023E-01 0.2151175E-01 0.1497592E-01 0.7416700E-02 0.7416700E-02 -9999.000 -9999.000 -9999.000 -9999.000 -9999.000 -9999.000 -9999.000 -9999.000 -9999.000 -9999.000 -9999.000 -9999.000 -9999.000 -9999.000 -9999.000 -9999.000 -9999.000 -9999.000 -9999.000 -9999.000 -9999.000 -9999.000 -9999.000 -9999.000 -9999.000 -9999.000 -9999.000
-9999.000 -9999.000 -9999.000 -9999.000 -9999.000 -9999.000 -9999.000 -9999.000 -9999.000 -9999.000 -9999.000 -9999.000 -9999.000 -9999.000 -9999.000 0.1026606E-02 0.4102462E-02 0.9992975E-02 0.1678775E-01 0.2323104E-01 0.2846291E-01 0.3217386E-01 0.3426690E-01 0.3477548E-01 0.3380724E-01 0.3146344E-01 0.2783975E-01 0.2290374E-01 0.1607988E-01 0.8033197E-02 0.8033197E-02 -9999.000 -9999.000 -9999.000 -9999.000 -9999.000 -9999.000 -9999.000 -9999.000 -9999.000 -9999.000 -9999.000 -9999.000 -9999.000 -9999.000 -9999.000 -9999.000 -9999.000 -9999.000 -9999.000 -9999.000 -9999.000 -9999.000 -9999.000 -9999.000 -9999.000 -9999.000 -9999.000
-9999.000 -9999.000 -9999.000 -9999.000 -9999.000 -9999.000 -9999.000 -9999.000 -9999.000 -9999.000 -9999.000 -9999.000 -9999.000 -9999.000 -9999.000 0.1183382E-02 0.4471089E-02 0.1063720E-01 0.1770810E-01 0.2439613E-01 0.2982360E-01 0.3368110E-01 0.3587102E-01 0.3642938E-01 0.3546700E-01 0.3308478E-01 0.2937846E-01 0.2430600E-01 0.1723923E-01 0.8697995E-02 0.8697995E-02 -9999.000 -9999.000 -9999.000 -9999.000 -9999.000 -9999.000 -9999.000 -9999.000 -9999.000 -9999.000 -9999.000 -9999.000 -9999.000 -9999.000 -9999.000 -9999.000 -9999.000 -9999.000 -9999.000 -9999.000 -9999.000 -9999.000 -9999.000 -9999.000 -9999.000 -9999.000 -9999.000
-9999.000 -9999.000 -9999.000 -9999.000 -9999.000 -9999.000 -9999.000 -9999.000 -9999.000 -9999.000 -9999.000 -9999.000 -9999.000 -9999.000 -9999.000 0.1353748E-02 0.4864691E-02 0.1131168E-01 0.1865903E-01 0.2558870E-01 0.3120786E-01 0.3521125E-01 0.3750164E-01 0.3811956E-01 0.3717949E-01 0.3478090E-01 0.3101864E-01 0.2583785E-01 0.1854465E-01 0.9461333E-02 0.9461333E-02 -9999.000 -9999.000 -9999.000 -9999.000 -9999.000 -9999.000 -9999.000 -9999.000 -9999.000 -9999.000 -9999.000 -9999.000 -9999.000 -9999.000 -9999.000 -9999.000 -9999.000 -9999.000 -9999.000 -9999.000 -9999.000 -9999.000 -9999.000 -9999.000 -9999.000 -9999.000 -9999.000
-9999.000 -9999.000 -9999.000 -9999.000 -9999.000 -9999.000 -9999.000 -9999.000 -9999.000 -9999.000 -9999.000 -9999.000 -9999.000 -9999.000 -9999.000 0.1553396E-02 0.5314994E-02 0.1206454E-01 0.1970314E-01 0.2688333E-01 0.3270013E-01 0.3685541E-01 0.3925484E-01 0.3994417E-01 0.3904217E-01 0.3664634E-01 0.3285030E-01 0.2758245E-01 0.2006841E-01 0.1036648E-01 0.1036648E-01 -9999.000 -9999.000 -9999.000 -9999.000 -9999.000 -9999.000 -9999.000 -9999.000 -9999.000 -9999.000 -9999.000 -9999.000 -9999.000 -9999.000 -9999.000 -9999.000 -9999.000 -9999.000 -9999.000 -9999.000 -9999.000 -9999.000 -9999.000 -9999.000 -9999.000 -9999.000 -9999.000
-9999.000 -9999.000 -9999.000 -9999.000 -9999.000 -9999.000 -9999.000 -9999.000 -9999.000 -9999.000 -9999.000 -9999.000 -9999.000 -9999.000 -9999.000 0.1792888E-02 0.5843450E-02 0.1292758E-01 0.2088134E-01 0.2832862E-01 0.3435504E-01 0.3867388E-01 0.4119473E-01 0.4197072E-01 0.4112595E-01 0.3875478E-01 0.3494923E-01 0.2961656E-01 0.2188539E-01 0.1146156E-01 0.1146156E-01 -9999.000 -9999.000 -9999.000 -9999.000 -9999.000 -9999.000 -9999.000 -9999.000 -9999.000 -9999.000 -9999.000 -9999.000 -9999.000 -9999.000 -9999.000 -9999.000 -9999.000 -9999.000 -9999.000 -9999.000 -9999.000 -9999.000 -9999.000 -9999.000 -9999.000 -9999.000 -9999.000
-9999.000 -9999.000 -9999.000 -9999.000 -9999.000 -9999.000 -9999.000 -9999.000 -9999.000 -9999.000 -9999.000 -9999.000 -9999.000 -9999.000 -9999.000 0.2081403E-02 0.6468808E-02 0.1392909E-01 0.2223023E-01 0.2996787E-01 0.3622161E-01 0.4072089E-01 0.4338104E-01 0.4426453E-01 0.4350203E-01 0.4118341E-01 0.3739939E-01 0.3203175E-01 0.2409047E-01 0.1280910E-01 0.1280910E-01 -9999.000 -9999.000 -9999.000 -9999.000 -9999.000 -9999.000 -9999.000 -9999.000 -9999.000 -9999.000 -9999.000 -9999.000 -9999.000 -9999.000 -9999.000 -9999.000 -9999.000 -9999.000 -9999.000 -9999.000 -9999.000 -9999.000 -9999.000 -9999.000 -9999.000 -9999.000 -9999.000
-9999.000 -9999.000 -9999.000 -9999.000 -9999.000 -9999.000 -9999.000 -9999.000 -9999.000 -9999.000 -9999.000 -9999.000 -9999.000 -9999.000 -9999.000 0.2428953E-02 0.7211918E-02 0.1510059E-01 0.2379029E-01 0.3184967E-01 0.3835503E-01 0.4305848E-01 0.4588284E-01 0.4690260E-01 0.4625607E-01 0.4402871E-01 0.4030867E-01 0.3494775E-01 0.2681214E-01 0.1449550E-01 0.1449550E-01 -9999.000 -9999.000 -9999.000 -9999.000 -9999.000 -9999.000 -9999.000 -9999.000 -9999.000 -9999.000 -9999.000 -9999.000 -9999.000 -9999.000 -9999.000 -9999.000 -9999.000 -9999.000 -9999.000 -9999.000 -9999.000 -9999.000 -9999.000 -9999.000 -9999.000 -9999.000 -9999.000
-9999.000 -9999.000 -9999.000 -9999.000 -9999.000 -9999.000 -9999.000 -9999.000 -9999.000 -9999.000 -9999.000 -9999.000 -9999.000 -9999.000 -9999.000 0.2848585E-02 0.8099310E-02 0.1648232E-01 0.2561453E-01 0.3403723E-01 0.4082844E-01 0.4576927E-01 0.4879281E-01 0.4998925E-01 0.4950595E-01 0.4742298E-01 0.4382799E-01 0.3853481E-01 0.3023617E-01 0.1664667E-01 0.1664667E-01 -9999.000 -9999.000 -9999.000 -9999.000 -9999.000 -9999.000 -9999.000 -9999.000 -9999.000 -9999.000 -9999.000 -9999.000 -9999.000 -9999.000 -9999.000 -9999.000 -9999.000 -9999.000 -9999.000 -9999.000 -9999.000 -9999.000 -9999.000 -9999.000 -9999.000 -9999.000 -9999.000
-9999.000 -9999.000 -9999.000 -9999.000 -9999.000 -9999.000 -9999.000 -9999.000 -9999.000 -9999.000 -9999.000 -9999.000 -9999.000 -9999.000 -9999.000 0.3377382E-02 0.9209552E-02 0.1819894E-01 0.2785898E-01 0.3669080E-01 0.4380682E-01 0.4902276E-01 0.5228593E-01 0.5370743E-01 0.5344721E-01 0.5157954E-01 0.4819214E-01 0.4305492E-01 0.3464758E-01 0.1945478E-01 0.1945478E-01 -9999.000 -9999.000 -9999.000 -9999.000 -9999.000 -9999.000 -9999.000 -9999.000 -9999.000 -9999.000 -9999.000 -9999.000 -9999.000 -9999.000 -9999.000 -9999.000 -9999.000 -9999.000 -9999.000 -9999.000 -9999.000 -9999.000 -9999.000 -9999.000 -9999.000 -9999.000 -9999.000
-9999.000 -9999.000 -9999.000 -9999.000 -9999.000 -9999.000 -9999.000 -9999.000 -9999.000 -9999.000 -9999.000 -9999.000 -9999.000 -9999.000 -9999.000 0.5112579E-02 0.1286895E-01 0.2383451E-01 0.3427197E-01 0.4309037E-01 0.5017085E-01 0.5529771E-01 0.5846414E-01 0.5982551E-01 0.5956283E-01 0.5774388E-01 0.5445519E-01 0.4940528E-01 0.4080388E-01 0.2338328E-01 0.2338328E-01 -9999.000 -9999.000 -9999.000 -9999.000 -9999.000 -9999.000 -9999.000 -9999.000 -9999.000 -9999.000 -9999.000 -9999.000 -9999.000 -9999.000 -9999.000 -9999.000 -9999.000 -9999.000 -9999.000 -9999.000 -9999.000 -9999.000 -9999.000 -9999.000 -9999.000 -9999.000 -9999.000
-9999.000 -9999.000 -9999.000 -9999.000 -9999.000 -9999.000 -9999.000 -9999.000 -9999.000 -9999.000 -9999.000 -9999.000 -9999.000 -9999.000 -9999.000 0.9111678E-01 0.1391872 0.1621204 0.1543579 0.1342613 0.1195455 0.1065583 0.9516671E-01 0.8529978E-01 0.7659260E-01 0.6865454E-01 0.6114063E-01 0.5330606E-01 0.4282105E-01 0.2084818E-01 0.2084818E-01 -9999.000 -9999.000 -9999.000 -9999.000 -9999.000 -9999.000 -9999.000 -9999.000 -9999.000 -9999.000 -9999.000 -9999.000 -9999.000 -9999.000 -9999.000 -9999.000 -9999.000 -9999.000 -9999.000 -9999.000 -9999.000 -9999.000 -9999.000 -9999.000 -9999.000 -9999.000 -9999.000
2.842769 2.842769 2.857711 2.861847 2.882087 2.882087 2.885098 2.885135 2.885135 2.881453 2.881453 2.875238 2.871435 2.867278 2.863139 2.863139 3.008845 3.013125 3.014374 3.004965 2.969000 2.910237 2.828494 2.721354 2.593166 2.445267 2.281071 2.109569 1.955104 1.886955 1.886955 2.733296 2.912096 3.016514 3.042726 3.042726 3.078342 3.078342 3.064682 3.064682 3.022584 2.845975 2.845975 2.497816 2.497816 2.135922 2.135922 2.135922 2.114207 2.114207 2.143731 2.143731 2.191293 2.191293 2.241529 2.241529 2.286804 2.286804
2.866042 2.866042 2.889261 2.916386 2.943773 2.943773 2.958730 2.981634 2.981634 3.000386 3.000386 3.016412 3.023660 3.030503 3.037294 3.037294 3.145525 3.164536 3.180210 3.192347 3.197564 3.195644 3.184560 3.160786 3.122568 3.067518 2.994108 2.903225 2.801607 2.719642 2.719642 3.174710 3.335462 3.490516 3.532771 3.532771 3.581695 3.581695 3.585451 3.585451 3.565594 3.465693 3.465693 3.266965 3.266965 2.971809 2.971809 2.971809 2.947059 2.947059 2.978715 2.978715 3.029196 3.029196 3.081957 3.081957 3.130238 3.130238
2.871209 2.871209 2.890883 2.918370 2.943489 2.943489 2.959106 2.982886 2.982886 3.002270 3.002270 3.019000 3.026644 3.033910 3.041184 3.041184 3.137811 3.169309 3.196710 3.220233 3.238467 3.251452 3.258828 3.259238 3.251727 3.234716 3.206470 3.166233 3.116856 3.076615 3.076615 3.334228 3.491266 3.673249 3.726545 3.726545 3.782702 3.782702 3.775716 3.775716 3.747491 3.647199 3.647199 3.503642 3.503642 3.264171 3.264171 3.264171 3.224138 3.224138 3.243098 3.243098 3.284872 3.284872 3.331481 3.331481 3.375218 3.375218
2.874782 2.874782 2.891800 2.919093 2.942597 2.942597 2.958614 2.982843 2.982843 3.002269 3.002269 3.018990 3.026634 3.033904 3.041253 3.041253 3.130584 3.172440 3.210682 3.244271 3.271953 3.293456 3.308761 3.317538 3.319707 3.314959 3.302745 3.282833 3.257053 3.237152 3.237152 3.393627 3.532555 3.722880 3.782352 3.782352 3.836932 3.836932 3.808223 3.808223 3.768513 3.672931 3.672931 3.578864 3.578864 3.403015 3.403015 3.403015 3.352161 3.352161 3.356638 3.356638 3.389114 3.389114 3.430429 3.430429 3.470841 3.470841
2.876810 2.876810 2.889226 2.919159 2.941704 2.941704 2.958099 2.982790 2.982790 3.002259 3.002259 3.018968 3.026612 3.033885 3.041352 3.041352 3.128025 3.178665 3.226618 3.269510 3.305879 3.335143 3.357174 3.371876 3.379392 3.379919 3.373621 3.360908 3.343537 3.329770 3.329770 3.425227 3.539360 3.720215 3.776715 3.776715 3.809211 3.809211 3.750322 3.750322 3.706658 3.637895 3.637895 3.594812 3.594812 3.485730 3.485730 3.485730 3.432908 3.432908 3.423011 3.423011 3.443638 3.443638 3.477706 3.477706 3.513629 3.513629
2.877313 2.877313 2.890983 2.918954 2.940982 2.940982 2.957689 2.982767 2.982767 3.002272 3.002272 3.018965 3.026604 3.033874 3.041501 3.041501 3.131065 3.189590 3.246112 3.297265 3.341374 3.377676 3.405920 3.426044 3.438184 3.442627 3.439746 3.430176 3.415541 3.401857 3.401857 3.456317 3.542378 3.694104 3.733533 3.733533 3.718381 3.718381 3.639495 3.639495 3.608629 3.586026 3.586026 3.588437 3.588437 3.539763 3.539763 3.539763 3.494807 3.494807 3.474700 3.474700 3.482371 3.482371 3.506793 3.506793 3.536162 3.536162
2.873441 2.873441 2.895016 2.918722 2.940505 2.940505 2.957409 2.982741 2.982741 3.002272 3.002272 3.018954 3.026592 3.033863 3.041724 3.041724 3.140580 3.206743 3.270865 3.329121 3.379782 3.422072 3.455712 3.480648 3.496994 3.504997 3.505028 3.497688 3.484304 3.469110 3.469110 3.494948 3.551797 3.649092 3.651268 3.651268 3.575531 3.575531 3.513734 3.513734 3.510065 3.536529 3.536529 3.573350 3.573350 3.573784 3.573784 3.573784 3.543993 3.543993 3.520463 3.520463 3.516698 3.516698 3.529979 3.529979 3.550703 3.550703
2.873101 2.873101 2.896114 2.918624 2.940342 2.940342 2.957319 2.982741 2.982741 3.002281 3.002281 3.018959 3.026597 3.033867 3.042053 3.042053 3.157611 3.231615 3.302505 3.366609 3.422420 3.469334 3.507176 3.535962 3.555814 3.566940 3.569635 3.564373 3.552103 3.535445 3.535445 3.540645 3.566765 3.570815 3.515292 3.515292 3.405977 3.405977 3.401970 3.401970 3.427632 3.492543 3.492543 3.553052 3.553052 3.591461 3.591461 3.591461 3.580306 3.580306 3.560257 3.560257 3.548877 3.548877 3.551024 3.551024 3.561527 3.561527
2.873436 2.873436 2.895017 2.918720 2.940503 2.940503 2.957408 2.982740 2.982740 3.002272 3.002272 3.018954 3.026592 3.033863 3.042495 3.042495 3.183622 3.265916 3.342779 3.411347 3.470674 3.520551 3.561055 3.592360 3.614657 3.628143 3.633049 3.629686 3.618575 3.600511 3.600511 3.588462 3.576507 3.431613 3.321287 3.321287 3.249759 3.249759 3.317719 3.317719 3.364267 3.453497 3.453497 3.529719 3.529719 3.596643 3.596643 3.596643 3.604094 3.604094 3.592525 3.592525 3.578368 3.578368 3.570909 3.570909 3.570431 3.570431
2.877305 2.877305 2.890986 2.918952 2.940980 2.940980 2.957687 2.982766 2.982766 3.002273 3.002273 3.018964 3.026604 3.033875 3.043122 3.043122 3.220837 3.311808 3.393637 3.464984 3.525871 3.576718 3.618007 3.650160 3.673496 3.688248 3.694597 3.692706 3.682497 3.661618 3.661618 3.627395 3.553118 3.216961 3.103404 3.103404 3.135162 3.135162 3.254385 3.254385 3.312293 3.415697 3.415697 3.502779 3.502779 3.590965 3.590965 3.590965 3.614884 3.614884 3.614219 3.614219 3.601319 3.601319 3.586938 3.586938 3.575830 3.575830
2.876799 2.876799 2.889231 2.919156 2.941700 2.941700 2.958096 2.982788 2.982788 3.002259 3.002259 3.018967 3.026612 3.033886 3.043988 3.043988 3.272602 3.372116 3.457292 3.529158 3.589154 3.638569 3.678419 3.709437 3.732119 3.746756 3.753509 3.752354 3.741946 3.711651 3.711651 3.629501 3.441320 2.965747 2.925292 2.925292 3.057367 3.057367 3.200411 3.200411 3.263817 3.375795 3.375795 3.470746 3.470746 3.574522 3.574522 3.574522 3.611793 3.611793 3.622128 3.622128 3.613265 3.613265 3.594862 3.594862 3.574394 3.574394
