simulation_files/asc/Velocity__y_133.0.asc
NCOLS        79
NROWS        79
XLLCENTER         -1.500000
YLLCENTER         -4.800000
CELLSIZE           0.100
NODATA_VALUE     -9999.0
[rows 0 to 25 of 79, columns 0 to 58 of 79]
-9999.000 -9999.000 -9999.000 -9999.000 -9999.000 -9999.000 -9999.000 -9999.000 -9999.000 -9999.000 -9999.000 -9999.000 -9999.000 -9999.000 -9999.000 -0.1309624 -0.1297679 -0.1297240 -0.1298427 -0.1300529 -0.1303151 -0.1305956 -0.1308681 -0.1311163 -0.1313305 -0.1315426 -0.1318879 -0.1326721 -0.1345134 -0.1352060 -0.1352060 -9999.000 -9999.000 -9999.000 -9999.000 -9999.000 -9999.000 -9999.000 -9999.000 -9999.000 -9999.000 -9999.000 -9999.000 -9999.000 -9999.000 -9999.000 -9999.000 -9999.000 -9999.000 -9999.000 -9999.000 -9999.000 -9999.000 -9999.000 -9999.000 -9999.000 -9999.000 -9999.000 -9999.000
-9999.000 -9999.000 -9999.000 -9999.000 -9999.000 -9999.000 -9999.000 -9999.000 -9999.000 -9999.000 -9999.000 -9999.000 -9999.000 -9999.000 -9999.000 -0.1289458 -0.1264609 -0.1263596 -0.1266219 -0.1270975 -0.1277002 -0.1283569 -0.1290088 -0.1296207 -0.1301734 -0.1307348 -0.1315916 -0.1333815 -0.1373788 -0.1393432 -0.1393432 -9999.000 -9999.000 -9999.000 -9999.000 -9999.000 -9999.000 -9999.000 -9999.000 -9999.000 -9999.000 -9999.000 -9999.000 -9999.000 -9999.000 -9999.000 -9999.000 -9999.000 -9999.000 -9999.000 -9999.000 -9999.000 -9999.000 -9999.000 -9999.000 -9999.000 -9999.000 -9999.000 -9999.000
-9999.000 -9999.000 -9999.000 -9999.000 -9999.000 -9999.000 -9999.000 -9999.000 -9999.000 -9999.000 -9999.000 -9999.000 -9999.000 -9999.000 -9999.000 -0.1255996 -0.1217742 -0.1216281 -0.1221164 -0.1229962 -0.1241238 -0.1253748 -0.1266469 -0.1278786 -0.1290363 -0.1302274 -0.1319131 -0.1351106 -0.1418417 -0.1458730 -0.1458730 -9999.000 -9999.000 -9999.000 -9999.000 -9999.000 -9999.000 -9999.000 -9999.000 -9999.000 -9999.000 -9999.000 -9999.000 -9999.000 -9999.000 -9999.000 -9999.000 -9999.000 -9999.000 -9999.000 -9999.000 -9999.000 -9999.000 -9999.000 -9999.000 -9999.000 -9999.000 -9999.000 -9999.000
-9999.000 -9999.000 -9999.000 -9999.000 -9999.000 -9999.000 -9999.000 -9999.000 -9999.000 -9999.000 -9999.000 -9999.000 -9999.000 -9999.000 -9999.000 -0.1215574 -0.1164826 -0.1163250 -0.1170958 -0.1184581 -0.1202078 -0.1221643 -0.1241786 -0.1261582 -0.1280498 -0.1299969 -0.1326411 -0.1373978 -0.1470922 -0.1538302 -0.1538302 -9999.000 -9999.000 -9999.000 -9999.000 -9999.000 -9999.000 -9999.000 -9999.000 -9999.000 -9999.000 -9999.000 -9999.000 -9999.000 -9999.000 -9999.000 -9999.000 -9999.000 -9999.000 -9999.000 -9999.000 -9999.000 -9999.000 -9999.000 -9999.000 -9999.000 -9999.000 -9999.000 -9999.000
-9999.000 -9999.000 -9999.000 -9999.000 -9999.000 -9999.000 -9999.000 -9999.000 -9999.000 -9999.000 -9999.000 -9999.000 -9999.000 -9999.000 -9999.000 -0.1169867 -0.1107360 -0.1105895 -0.1116831 -0.1135844 -0.1160256 -0.1187670 -0.1216087 -0.1244227 -0.1271347 -0.1299226 -0.1336204 -0.1400693 -0.1529694 -0.1631220 -0.1631220 -9999.000 -9999.000 -9999.000 -9999.000 -9999.000 -9999.000 -9999.000 -9999.000 -9999.000 -9999.000 -9999.000 -9999.000 -9999.000 -9999.000 -9999.000 -9999.000 -9999.000 -9999.000 -9999.000 -9999.000 -9999.000 -9999.000 -9999.000 -9999.000 -9999.000 -9999.000 -9999.000 -9999.000
-9999.000 -9999.000 -9999.000 -9999.000 -9999.000 -9999.000 -9999.000 -9999.000 -9999.000 -9999.000 -9999.000 -9999.000 -9999.000 -9999.000 -9999.000 -0.1119676 -0.1046124 -0.1044940 -0.1059389 -0.1084212 -0.1116067 -0.1151925 -0.1189247 -0.1226372 -0.1262329 -0.1299252 -0.1347564 -0.1430272 -0.1594024 -0.1737983 -0.1737983 -9999.000 -9999.000 -9999.000 -9999.000 -9999.000 -9999.000 -9999.000 -9999.000 -9999.000 -9999.000 -9999.000 -9999.000 -9999.000 -9999.000 -9999.000 -9999.000 -9999.000 -9999.000 -9999.000 -9999.000 -9999.000 -9999.000 -9999.000 -9999.000 -9999.000 -9999.000 -9999.000 -9999.000
-9999.000 -9999.000 -9999.000 -9999.000 -9999.000 -9999.000 -9999.000 -9999.000 -9999.000 -9999.000 -9999.000 -9999.000 -9999.000 -9999.000 -9999.000 -0.1065255 -0.9814516E-01 -0.9806904E-01 -0.9988711E-01 -0.1029838 -0.1069556 -0.1114336 -0.1161064 -0.1207680 -0.1252978 -0.1299460 -0.1359840 -0.1462119 -0.1663707 -0.1860186 -0.1860186 -9999.000 -9999.000 -9999.000 -9999.000 -9999.000 -9999.000 -9999.000 -9999.000 -9999.000 -9999.000 -9999.000 -9999.000 -9999.000 -9999.000 -9999.000 -9999.000 -9999.000 -9999.000 -9999.000 -9999.000 -9999.000 -9999.000 -9999.000 -9999.000 -9999.000 -9999.000 -9999.000 -9999.000
-9999.000 -9999.000 -9999.000 -9999.000 -9999.000 -9999.000 -9999.000 -9999.000 -9999.000 -9999.000 -9999.000 -9999.000 -9999.000 -9999.000 -9999.000 -0.1006522 -0.9134092E-01 -0.9132098E-01 -0.9352997E-01 -0.9726868E-01 -0.1020621 -0.1074721 -0.1131271 -0.1187791 -0.1242849 -0.1299326 -0.1372484 -0.1495812 -0.1738840 -0.2000462 -0.2000462 -9999.000 -9999.000 -9999.000 -9999.000 -9999.000 -9999.000 -9999.000 -9999.000 -9999.000 -9999.000 -9999.000 -9999.000 -9999.000 -9999.000 -9999.000 -9999.000 -9999.000 -9999.000 -9999.000 -9999.000 -9999.000 -9999.000 -9999.000 -9999.000 -9999.000 -9999.000 -9999.000 -9999.000
-9999.000 -9999.000 -9999.000 -9999.000 -9999.000 -9999.000 -9999.000 -9999.000 -9999.000 -9999.000 -9999.000 -9999.000 -9999.000 -9999.000 -9999.000 -0.9431640E-01 -0.8418858E-01 -0.8423987E-01 -0.8685543E-01 -0.9126009E-01 -0.9690552E-01 -0.1032817 -0.1099536 -0.1166299 -0.1231459 -0.1298296 -0.1384946 -0.1530964 -0.1819684 -0.2162627 -0.2162627 -9999.000 -9999.000 -9999.000 -9999.000 -9999.000 -9999.000 -9999.000 -9999.000 -9999.000 -9999.000 -9999.000 -9999.000 -9999.000 -9999.000 -9999.000 -9999.000 -9999.000 -9999.000 -9999.000 -9999.000 -9999.000 -9999.000 -9999.000 -9999.000 -9999.000 -9999.000 -9999.000 -9999.000
-9999.000 -9999.000 -9999.000 -9999.000 -9999.000 -9999.000 -9999.000 -9999.000 -9999.000 -9999.000 -9999.000 -9999.000 -9999.000 -9999.000 -9999.000 -0.8746874E-01 -0.7666203E-01 -0.7680232E-01 -0.7983899E-01 -0.8493155E-01 -0.9145609E-01 -0.9882715E-01 -0.1065440 -0.1142709 -0.1218223 -0.1295709 -0.1396563 -0.1567118 -0.1906589 -0.2352079 -0.2352079 -9999.000 -9999.000 -9999.000 -9999.000 -9999.000 -9999.000 -9999.000 -9999.000 -9999.000 -9999.000 -9999.000 -9999.000 -9999.000 -9999.000 -9999.000 -9999.000 -9999.000 -9999.000 -9999.000 -9999.000 -9999.000 -9999.000 -9999.000 -9999.000 -9999.000 -9999.000 -9999.000 -9999.000
-9999.000 -9999.000 -9999.000 -9999.000 -9999.000 -9999.000 -9999.000 -9999.000 -9999.000 -9999.000 -9999.000 -9999.000 -9999.000 -9999.000 -9999.000 -0.8003799E-01 -0.6871817E-01 -0.6896907E-01 -0.7244184E-01 -0.7824335E-01 -0.8567142E-01 -0.9406171E-01 -0.1028445 -0.1116383 -0.1202400 -0.1290708 -0.1406460 -0.1603631 -0.1999913 -0.2576490 -0.2576490 -9999.000 -9999.000 -9999.000 -9999.000 -9999.000 -9999.000 -9999.000 -9999.000 -9999.000 -9999.000 -9999.000 -9999.000 -9999.000 -9999.000 -9999.000 -9999.000 -9999.000 -9999.000 -9999.000 -9999.000 -9999.000 -9999.000 -9999.000 -9999.000 -9999.000 -9999.000 -9999.000 -9999.000
-9999.000 -9999.000 -9999.000 -9999.000 -9999.000 -9999.000 -9999.000 -9999.000 -9999.000 -9999.000 -9999.000 -9999.000 -9999.000 -9999.000 -9999.000 -0.7192495E-01 -0.6028978E-01 -0.6067836E-01 -0.6460349E-01 -0.7113513E-01 -0.7948947E-01 -0.8891850E-01 -0.9877998E-01 -0.1086454 -0.1182978 -0.1282114 -0.1413403 -0.1639525 -0.2099911 -0.2847047 -0.2847047 -9999.000 -9999.000 -9999.000 -9999.000 -9999.000 -9999.000 -9999.000 -9999.000 -9999.000 -9999.000 -9999.000 -9999.000 -9999.000 -9999.000 -9999.000 -9999.000 -9999.000 -9999.000 -9999.000 -9999.000 -9999.000 -9999.000 -9999.000 -9999.000 -9999.000 -9999.000 -9999.000 -9999.000
-9999.000 -9999.000 -9999.000 -9999.000 -9999.000 -9999.000 -9999.000 -9999.000 -9999.000 -9999.000 -9999.000 -9999.000 -9999.000 -9999.000 -9999.000 -0.6298971E-01 -0.5127427E-01 -0.5183359E-01 -0.5623002E-01 -0.6351347E-01 -0.7281498E-01 -0.8329671E-01 -0.9423957E-01 -0.1051655 -0.1158483 -0.1268207 -0.1415550 -0.1673220 -0.2206524 -0.3180650 -0.3180650 -9999.000 -9999.000 -9999.000 -9999.000 -9999.000 -9999.000 -9999.000 -9999.000 -9999.000 -9999.000 -9999.000 -9999.000 -9999.000 -9999.000 -9999.000 -9999.000 -9999.000 -9999.000 -9999.000 -9999.000 -9999.000 -9999.000 -9999.000 -9999.000 -9999.000 -9999.000 -9999.000 -9999.000
-9999.000 -9999.000 -9999.000 -9999.000 -9999.000 -9999.000 -9999.000 -9999.000 -9999.000 -9999.000 -9999.000 -9999.000 -9999.000 -9999.000 -9999.000 -0.5298814E-01 -0.4148801E-01 -0.4226694E-01 -0.4716425E-01 -0.5522934E-01 -0.6550135E-01 -0.7704562E-01 -0.8905887E-01 -0.1010108 -0.1126719 -0.1246381 -0.1410020 -0.1702034 -0.2318944 -0.3604286 -0.3604286 -9999.000 -9999.000 -9999.000 -9999.000 -9999.000 -9999.000 -9999.000 -9999.000 -9999.000 -9999.000 -9999.000 -9999.000 -9999.000 -9999.000 -9999.000 -9999.000 -9999.000 -9999.000 -9999.000 -9999.000 -9999.000 -9999.000 -9999.000 -9999.000 -9999.000 -9999.000 -9999.000 -9999.000
-9999.000 -9999.000 -9999.000 -9999.000 -9999.000 -9999.000 -9999.000 -9999.000 -9999.000 -9999.000 -9999.000 -9999.000 -9999.000 -9999.000 -9999.000 -0.3472163E-01 -0.2793020E-01 -0.3054394E-01 -0.3709216E-01 -0.4673154E-01 -0.5847140E-01 -0.7133713E-01 -0.8449822E-01 -0.9742571E-01 -0.1099398 -0.1227353 -0.1406477 -0.1734196 -0.2443258 -0.4145863 -0.4145863 -9999.000 -9999.000 -9999.000 -9999.000 -9999.000 -9999.000 -9999.000 -9999.000 -9999.000 -9999.000 -9999.000 -9999.000 -9999.000 -9999.000 -9999.000 -9999.000 -9999.000 -9999.000 -9999.000 -9999.000 -9999.000 -9999.000 -9999.000 -9999.000 -9999.000 -9999.000 -9999.000 -9999.000
-0.2432932E-02 -0.2432932E-02 -0.5504870E-02 -0.5598505E-02 -0.5579917E-02 -0.5579917E-02 -0.5563299E-02 -0.5539181E-02 -0.5539181E-02 -0.5515116E-02 -0.5515116E-02 -0.5484397E-02 -0.5466752E-02 -0.5448455E-02 -0.5429750E-02 -0.5429750E-02 -0.2867964E-01 -0.3488296E-01 -0.4497371E-01 -0.5946150E-01 -0.7752698E-01 -0.9789701E-01 -0.1192490 -0.1404282 -0.1604062 -0.1784953 -0.1973823 -0.2227941 -0.2695380 -0.3913757 -0.3913757 -0.1977058 -0.9560519E-01 -0.2308029E-01 -0.1430624E-01 -0.1430624E-01 -0.6657026E-02 -0.6657026E-02 0.5548637E-02 0.5548637E-02 0.1243374E-01 -0.2211305E-01 -0.2211305E-01 -0.1318897E-01 -0.1318897E-01 0.6090320E-02 0.6090320E-02 0.6090320E-02 0.7742926E-02 0.7742926E-02 0.6691919E-02 0.6691919E-02 0.4717701E-02 0.4717701E-02 0.2602477E-02 0.2602477E-02 0.7384049E-03 0.7384049E-03 0.7384049E-03
-0.3725847E-02 -0.3725847E-02 -0.8165489E-02 -0.7972335E-02 -0.7872592E-02 -0.7872592E-02 -0.7819618E-02 -0.7786668E-02 -0.7786668E-02 -0.7775377E-02 -0.7775377E-02 -0.7753577E-02 -0.7738256E-02 -0.7721498E-02 -0.7703731E-02 -0.7703731E-02 -0.3839645E-01 -0.4935402E-01 -0.6491967E-01 -0.8654015E-01 -0.1137118 -0.1450913 -0.1790362 -0.2138499 -0.2477558 -0.2788849 -0.3066618 -0.3312344 -0.3548700 -0.3846344 -0.3846344 -0.2448939 -0.1494630 -0.6243415E-01 -0.4530264E-01 -0.4530264E-01 -0.1823106E-01 -0.1823106E-01 0.2388532E-01 0.2388532E-01 0.4663465E-01 0.1036348E-01 0.1036348E-01 -0.4387539E-02 -0.4387539E-02 0.1250041E-01 0.1250041E-01 0.1250041E-01 0.1408968E-01 0.1408968E-01 0.1140014E-01 0.1140014E-01 0.7251021E-02 0.7251021E-02 0.3158522E-02 0.3158522E-02 -0.6061362E-04 -0.6061362E-04 -0.6061362E-04
-0.3052429E-02 -0.3052429E-02 -0.6631948E-02 -0.6798334E-02 -0.6671092E-02 -0.6671092E-02 -0.6596511E-02 -0.6565412E-02 -0.6565412E-02 -0.6582344E-02 -0.6582344E-02 -0.6588403E-02 -0.6585729E-02 -0.6580977E-02 -0.6574819E-02 -0.6574819E-02 -0.3531288E-01 -0.5057158E-01 -0.6995035E-01 -0.9515750E-01 -0.1263084 -0.1626324 -0.2029154 -0.2457200 -0.2895572 -0.3329285 -0.3734880 -0.4094309 -0.4386956 -0.4568217 -0.4568217 -0.3625463 -0.2776858 -0.1630850 -0.1238162 -0.1238162 -0.4634869E-01 -0.4634869E-01 0.5110265E-01 0.5110265E-01 0.9781901E-01 0.1046349 0.1046349 0.4760715E-01 0.4760715E-01 0.2342273E-01 0.2342273E-01 0.2342273E-01 0.1770955E-01 0.1770955E-01 0.1113909E-01 0.1113909E-01 0.4401930E-02 0.4401930E-02 -0.1231669E-02 -0.1231669E-02 -0.4907659E-02 -0.4907659E-02 -0.4907659E-02
-0.2398244E-02 -0.2398244E-02 -0.5175111E-02 -0.5518865E-02 -0.5381403E-02 -0.5381403E-02 -0.5290478E-02 -0.5245741E-02 -0.5245741E-02 -0.5264363E-02 -0.5264363E-02 -0.5273985E-02 -0.5272918E-02 -0.5269544E-02 -0.5264828E-02 -0.5264828E-02 -0.3151288E-01 -0.5045565E-01 -0.7355125E-01 -0.1018588 -0.1356612 -0.1745970 -0.2178975 -0.2645405 -0.3133922 -0.3632391 -0.4119470 -0.4572941 -0.4962387 -0.5223384 -0.5223384 -0.4620738 -0.3947360 -0.2724118 -0.2131458 -0.2131458 -0.7539854E-01 -0.7539854E-01 0.7870355E-01 0.7870355E-01 0.1427118 0.1855389 0.1855389 0.1185701 0.1185701 0.4164756E-01 0.4164756E-01 0.4164756E-01 0.2079879E-01 0.2079879E-01 0.7270748E-02 0.7270748E-02 -0.2759693E-02 -0.2759693E-02 -0.9680760E-02 -0.9680760E-02 -0.1322752E-01 -0.1322752E-01 -0.1322752E-01
-0.1770702E-02 -0.1770702E-02 -0.3804583E-02 -0.4188862E-02 -0.4065473E-02 -0.4065473E-02 -0.3976808E-02 -0.3929111E-02 -0.3929111E-02 -0.3946015E-02 -0.3946015E-02 -0.3956103E-02 -0.3955855E-02 -0.3953360E-02 -0.3949465E-02 -0.3949465E-02 -0.2887951E-01 -0.5131514E-01 -0.7852533E-01 -0.1104777 -0.1472228 -0.1885563 -0.2340049 -0.2828790 -0.3343685 -0.3875700 -0.4408231 -0.4920390 -0.5381012 -0.5724195 -0.5724195 -0.5422987 -0.4929796 -0.3668823 -0.2856713 -0.2856713 -0.8625738E-01 -0.8625738E-01 0.1036226 0.1036226 0.1723133 0.2314598 0.2314598 0.1792256 0.1792256 0.6559908E-01 0.6559908E-01 0.6559908E-01 0.2641273E-01 0.2641273E-01 0.3419842E-02 0.3419842E-02 -0.1095130E-01 -0.1095130E-01 -0.1934695E-01 -0.1934695E-01 -0.2249077E-01 -0.2249077E-01 -0.2249077E-01
-0.1166324E-02 -0.1166324E-02 -0.2499716E-02 -0.2817378E-02 -0.2725804E-02 -0.2725804E-02 -0.2656207E-02 -0.2616611E-02 -0.2616611E-02 -0.2629345E-02 -0.2629345E-02 -0.2637804E-02 -0.2637827E-02 -0.2635984E-02 -0.2633394E-02 -0.2633394E-02 -0.2802441E-01 -0.5408141E-01 -0.8585615E-01 -0.1221450 -0.1625008 -0.2066668 -0.2543337 -0.3050656 -0.3583211 -0.4134622 -0.4692747 -0.5239904 -0.5747744 -0.6155530 -0.6155530 -0.6079623 -0.5728034 -0.4302315 -0.3200907 -0.3200907 -0.7251856E-01 -0.7251856E-01 0.1194287 0.1194287 0.1822372 0.2439502 0.2439502 0.2155472 0.2155472 0.9167539E-01 0.9167539E-01 0.9167539E-01 0.3554130E-01 0.3554130E-01 0.1608006E-02 0.1608006E-02 -0.1828849E-01 -0.1828849E-01 -0.2860048E-01 -0.2860048E-01 -0.3129506E-01 -0.3129506E-01 -0.3129506E-01
-0.5788758E-03 -0.5788758E-03 -0.1238758E-02 -0.1416435E-02 -0.1367756E-02 -0.1367756E-02 -0.1329767E-02 -0.1307369E-02 -0.1307369E-02 -0.1314311E-02 -0.1314311E-02 -0.1319074E-02 -0.1319076E-02 -0.1318112E-02 -0.1316856E-02 -0.1316856E-02 -0.2952726E-01 -0.5976901E-01 -0.9666337E-01 -0.1379828 -0.1826652 -0.2302427 -0.2804587 -0.3330714 -0.3877839 -0.4442092 -0.5015267 -0.5583386 -0.6121869 -0.6575171 -0.6575171 -0.6645917 -0.6346925 -0.4465521 -0.3052686 -0.3052686 -0.4560310E-01 -0.4560310E-01 0.1208251 0.1208251 0.1736174 0.2325470 0.2325470 0.2260651 0.2260651 0.1146910 0.1146910 0.1146910 0.4723305E-01 0.4723305E-01 0.2713508E-02 0.2713508E-02 -0.2349017E-01 -0.2349017E-01 -0.3622880E-01 -0.3622880E-01 -0.3862517E-01 -0.3862517E-01 -0.3862517E-01
-0.1832053E-06 -0.1832053E-06 0.1156142E-07 -0.6183057E-07 0.6850870E-07 0.6850870E-07 -0.3789829E-07 0.9012349E-08 0.9012349E-08 -0.2030473E-06 -0.2030473E-06 -0.1518022E-06 0.4779280E-07 0.9914201E-07 -0.1015497E-06 -0.1015497E-06 -0.3414099E-01 -0.6966536E-01 -0.1124681 -0.1595393 -0.2092293 -0.2607848 -0.3139182 -0.3685270 -0.4245403 -0.4818296 -0.5399425 -0.5978768 -0.6535389 -0.7013664 -0.7013664 -0.7140263 -0.6717418 -0.4058994 -0.2510872 -0.2510872 -0.2334642E-01 -0.2334642E-01 0.1083751 0.1083751 0.1520288 0.2072228 0.2072228 0.2164562 0.2164562 0.1297655 0.1297655 0.1297655 0.5901352E-01 0.5901352E-01 0.6502950E-02 0.6502950E-02 -0.2582406E-01 -0.2582406E-01 -0.4128344E-01 -0.4128344E-01 -0.4362686E-01 -0.4362686E-01 -0.4362686E-01
0.5787248E-03 0.5787248E-03 0.1238822E-02 0.1416251E-02 0.1367616E-02 0.1367616E-02 0.1329541E-02 0.1307335E-02 0.1307335E-02 0.1314258E-02 0.1314258E-02 0.1318896E-02 0.1319015E-02 0.1318207E-02 0.1316867E-02 0.1316867E-02 -0.4300727E-01 -0.8552802E-01 -0.1353693 -0.1889850 -0.2442899 -0.3002783 -0.3566076 -0.4132788 -0.4704268 -0.5281830 -0.5864494 -0.6446275 -0.7008423 -0.7479287 -0.7479287 -0.7507002 -0.6629223 -0.3229495 -0.1873945 -0.1873945 -0.1463461E-01 -0.1463461E-01 0.8750318E-01 0.8750318E-01 0.1242699 0.1754370 0.1754370 0.1938868 0.1938868 0.1341051 0.1341051 0.1341051 0.6784479E-01 0.6784479E-01 0.1180251E-01 0.1180251E-01 -0.2513838E-01 -0.2513838E-01 -0.4308089E-01 -0.4308089E-01 -0.4557952E-01 -0.4557952E-01 -0.4557952E-01
0.1166477E-02 0.1166477E-02 0.2499725E-02 0.2817381E-02 0.2725512E-02 0.2725512E-02 0.2656006E-02 0.2616548E-02 0.2616548E-02 0.2629637E-02 0.2629637E-02 0.2637824E-02 0.2637688E-02 0.2635965E-02 0.2633456E-02 0.2633456E-02 -0.5800134E-01 -0.1099409 -0.1683483 -0.2293822 -0.2907785 -0.3514348 -0.4110156 -0.4696334 -0.5276182 -0.5853533 -0.6430761 -0.7005507 -0.7555356 -0.7942830 -0.7942830 -0.7526196 -0.5788503 -0.2369286 -0.1396227 -0.1396227 -0.1631945E-01 -0.1631945E-01 0.6432293E-01 0.6432293E-01 0.9560491E-01 0.1417470 0.1417470 0.1640935 0.1640935 0.1274917 0.1274917 0.1274917 0.7122539E-01 0.7122539E-01 0.1691453E-01 0.1691453E-01 -0.2182149E-01 -0.2182149E-01 -0.4126551E-01 -0.4126551E-01 -0.4396611E-01 -0.4396611E-01 -0.4396611E-01
0.1770764E-02 0.1770764E-02 0.3804466E-02 0.4188877E-02 0.4065342E-02 0.4065342E-02 0.3976719E-02 0.3928938E-02 0.3928938E-02 0.3946165E-02 0.3946165E-02 0.3956192E-02 0.3955714E-02 0.3953026E-02 0.3949401E-02 0.3949401E-02 -0.8236724E-01 -0.1469688 -0.2158291 -0.2851443 -0.3528498 -0.4180306 -0.4805218 -0.5406179 -0.5988593 -0.6558730 -0.7122022 -0.7678003 -0.8178192 -0.8255184 -0.8255184 -0.6724203 -0.4264391 -0.1759401 -0.1118790 -0.1118790 -0.2102014E-01 -0.2102014E-01 0.4287522E-01 0.4287522E-01 0.6900375E-01 0.1085997 0.1085997 0.1309475 0.1309475 0.1116344 0.1116344 0.1116344 0.6795945E-01 0.6795945E-01 0.2020855E-01 0.2020855E-01 -0.1664145E-01 -0.1664145E-01 -0.3586154E-01 -0.3586154E-01 -0.3857687E-01 -0.3857687E-01 -0.3857687E-01
