simulation_files/asc/Velocity__x_27.0.asc
NCOLS        79
NROWS        79
XLLCENTER         -1.500000
YLLCENTER         -4.800000
CELLSIZE           0.100
NODATA_VALUE     -9999.0
[rows 0 to 25 of 79, columns 0 to 57 of 79]
-9999.000 -9999.000 -9999.000 -9999.000 -9999.000 -9999.000 -9999.000 -9999.000 -9999.000 -9999.000 -9999.000 -9999.000 -9999.000 -9999.000 -9999.000 0.1051641E-02 0.2649576E-02 0.4577805E-02 0.6276365E-02 0.7650701E-02 0.8669118E-02 0.9312274E-02 0.9562897E-02 0.9401801E-02 0.8805372E-02 0.7740550E-02 0.6156012E-02 0.3967247E-02 0.1075558E-02 -0.3548590E-03 -0.3548590E-03 -9999.000 -9999.000 -9999.000 -9999.000 -9999.000 -9999.000 -9999.000 -9999.000 -9999.000 -9999.000 -9999.000 -9999.000 -9999.000 -9999.000 -9999.000 -9999.000 -9999.000 -9999.000 -9999.000 -9999.000 -9999.000 -9999.000 -9999.000 -9999.000 -9999.000 -9999.000 -9999.000
-9999.000 -9999.000 -9999.000 -9999.000 -9999.000 -9999.000 -9999.000 -9999.000 -9999.000 -9999.000 -9999.000 -9999.000 -9999.000 -9999.000 -9999.000 0.1932416E-02 0.4869346E-02 0.8516622E-02 0.1172605E-01 0.1433785E-01 0.1627962E-01 0.1750356E-01 0.1797187E-01 0.1765108E-01 0.1651066E-01 0.1452234E-01 0.1166235E-01 0.7919745E-02 0.3368287E-02 0.5659274E-03 0.5659274E-03 -9999.000 -9999.000 -9999.000 -9999.000 -9999.000 -9999.000 -9999.000 -9999.000 -9999.000 -9999.000 -9999.000 -9999.000 -9999.000 -9999.000 -9999.000 -9999.000 -9999.000 -9999.000 -9999.000 -9999.000 -9999.000 -9999.000 -9999.000 -9999.000 -9999.000 -9999.000 -9999.000
-9999.000 -9999.000 -9999.000 -9999.000 -9999.000 -9999.000 -9999.000 -9999.000 -9999.000 -9999.000 -9999.000 -9999.000 -9999.000 -9999.000 -9999.000 0.2735981E-02 0.6917633E-02 0.1219008E-01 0.1683286E-01 0.2062144E-01 0.2344660E-01 0.2523508E-01 0.2593144E-01 0.2549219E-01 0.2388442E-01 0.2108814E-01 0.1710104E-01 0.1195068E-01 0.5781582E-02 0.1594199E-02 0.1594199E-02 -9999.000 -9999.000 -9999.000 -9999.000 -9999.000 -9999.000 -9999.000 -9999.000 -9999.000 -9999.000 -9999.000 -9999.000 -9999.000 -9999.000 -9999.000 -9999.000 -9999.000 -9999.000 -9999.000 -9999.000 -9999.000 -9999.000 -9999.000 -9999.000 -9999.000 -9999.000 -9999.000
-9999.000 -9999.000 -9999.000 -9999.000 -9999.000 -9999.000 -9999.000 -9999.000 -9999.000 -9999.000 -9999.000 -9999.000 -9999.000 -9999.000 -9999.000 0.3530346E-02 0.8938673E-02 0.1580990E-01 0.2186870E-01 0.2682618E-01 0.3053878E-01 0.3290929E-01 0.3386516E-01 0.3335198E-01 0.3133255E-01 0.2778929E-01 0.2272967E-01 0.1619950E-01 0.8385824E-02 0.2735206E-02 0.2735206E-02 -9999.000 -9999.000 -9999.000 -9999.000 -9999.000 -9999.000 -9999.000 -9999.000 -9999.000 -9999.000 -9999.000 -9999.000 -9999.000 -9999.000 -9999.000 -9999.000 -9999.000 -9999.000 -9999.000 -9999.000 -9999.000 -9999.000 -9999.000 -9999.000 -9999.000 -9999.000 -9999.000
-9999.000 -9999.000 -9999.000 -9999.000 -9999.000 -9999.000 -9999.000 -9999.000 -9999.000 -9999.000 -9999.000 -9999.000 -9999.000 -9999.000 -9999.000 0.4386025E-02 0.1106747E-01 0.1956523E-01 0.2707125E-01 0.3323393E-01 0.3787572E-01 0.4087472E-01 0.4213898E-01 0.4159964E-01 0.3920947E-01 0.3494479E-01 0.2881164E-01 0.2085907E-01 0.1130232E-01 0.4039623E-02 0.4039623E-02 -9999.000 -9999.000 -9999.000 -9999.000 -9999.000 -9999.000 -9999.000 -9999.000 -9999.000 -9999.000 -9999.000 -9999.000 -9999.000 -9999.000 -9999.000 -9999.000 -9999.000 -9999.000 -9999.000 -9999.000 -9999.000 -9999.000 -9999.000 -9999.000 -9999.000 -9999.000 -9999.000
-9999.000 -9999.000 -9999.000 -9999.000 -9999.000 -9999.000 -9999.000 -9999.000 -9999.000 -9999.000 -9999.000 -9999.000 -9999.000 -9999.000 -9999.000 0.5373816E-02 0.1343014E-01 0.2361954E-01 0.3263758E-01 0.4007370E-01 0.4571605E-01 0.4941483E-01 0.5105452E-01 0.5054553E-01 0.4782224E-01 0.4284443E-01 0.3560310E-01 0.2613613E-01 0.1467065E-01 0.5572650E-02 0.5572650E-02 -9999.000 -9999.000 -9999.000 -9999.000 -9999.000 -9999.000 -9999.000 -9999.000 -9999.000 -9999.000 -9999.000 -9999.000 -9999.000 -9999.000 -9999.000 -9999.000 -9999.000 -9999.000 -9999.000 -9999.000 -9999.000 -9999.000 -9999.000 -9999.000 -9999.000 -9999.000 -9999.000
-9999.000 -9999.000 -9999.000 -9999.000 -9999.000 -9999.000 -9999.000 -9999.000 -9999.000 -9999.000 -9999.000 -9999.000 -9999.000 -9999.000 -9999.000 0.6565972E-02 0.1614854E-01 0.2811734E-01 0.3873179E-01 0.4753136E-01 0.5426854E-01 0.5876182E-01 0.6086546E-01 0.6046031E-01 0.5745097E-01 0.5176628E-01 0.4336514E-01 0.3225351E-01 0.1864842E-01 0.7410408E-02 0.7410408E-02 -9999.000 -9999.000 -9999.000 -9999.000 -9999.000 -9999.000 -9999.000 -9999.000 -9999.000 -9999.000 -9999.000 -9999.000 -9999.000 -9999.000 -9999.000 -9999.000 -9999.000 -9999.000 -9999.000 -9999.000 -9999.000 -9999.000 -9999.000 -9999.000 -9999.000 -9999.000 -9999.000
-9999.000 -9999.000 -9999.000 -9999.000 -9999.000 -9999.000 -9999.000 -9999.000 -9999.000 -9999.000 -9999.000 -9999.000 -9999.000 -9999.000 -9999.000 0.8038622E-02 0.1934654E-01 0.3319790E-01 0.4550403E-01 0.5577139E-01 0.6371733E-01 0.6912369E-01 0.7180617E-01 0.7160477E-01 0.6837887E-01 0.6200668E-01 0.5238985E-01 0.3947311E-01 0.2342839E-01 0.9647707E-02 0.9647707E-02 -9999.000 -9999.000 -9999.000 -9999.000 -9999.000 -9999.000 -9999.000 -9999.000 -9999.000 -9999.000 -9999.000 -9999.000 -9999.000 -9999.000 -9999.000 -9999.000 -9999.000 -9999.000 -9999.000 -9999.000 -9999.000 -9999.000 -9999.000 -9999.000 -9999.000 -9999.000 -9999.000
-9999.000 -9999.000 -9999.000 -9999.000 -9999.000 -9999.000 -9999.000 -9999.000 -9999.000 -9999.000 -9999.000 -9999.000 -9999.000 -9999.000 -9999.000 0.9872468E-02 0.2315509E-01 0.3900645E-01 0.5310801E-01 0.6495996E-01 0.7424784E-01 0.8071255E-01 0.8412232E-01 0.8426209E-01 0.8092634E-01 0.7391558E-01 0.6303839E-01 0.4813282E-01 0.2926972E-01 0.1241584E-01 0.1241584E-01 -9999.000 -9999.000 -9999.000 -9999.000 -9999.000 -9999.000 -9999.000 -9999.000 -9999.000 -9999.000 -9999.000 -9999.000 -9999.000 -9999.000 -9999.000 -9999.000 -9999.000 -9999.000 -9999.000 -9999.000 -9999.000 -9999.000 -9999.000 -9999.000 -9999.000 -9999.000 -9999.000
-9999.000 -9999.000 -9999.000 -9999.000 -9999.000 -9999.000 -9999.000 -9999.000 -9999.000 -9999.000 -9999.000 -9999.000 -9999.000 -9999.000 -9999.000 0.1214675E-01 0.2770523E-01 0.4569620E-01 0.6171076E-01 0.7528086E-01 0.8606736E-01 0.9376869E-01 0.9809777E-01 0.9876902E-01 0.9548791E-01 0.8794121E-01 0.7579350E-01 0.5870559E-01 0.3655302E-01 0.1591304E-01 0.1591304E-01 -9999.000 -9999.000 -9999.000 -9999.000 -9999.000 -9999.000 -9999.000 -9999.000 -9999.000 -9999.000 -9999.000 -9999.000 -9999.000 -9999.000 -9999.000 -9999.000 -9999.000 -9999.000 -9999.000 -9999.000 -9999.000 -9999.000 -9999.000 -9999.000 -9999.000 -9999.000 -9999.000
-9999.000 -9999.000 -9999.000 -9999.000 -9999.000 -9999.000 -9999.000 -9999.000 -9999.000 -9999.000 -9999.000 -9999.000 -9999.000 -9999.000 -9999.000 0.1492480E-01 0.3310715E-01 0.5341242E-01 0.7148634E-01 0.8693807E-01 0.9941566E-01 0.1085782 0.1140789 0.1155486 0.1125771 0.1046922 0.9134182E-01 0.7189908E-01 0.4588188E-01 0.2046562E-01 0.2046562E-01 -9999.000 -9999.000 -9999.000 -9999.000 -9999.000 -9999.000 -9999.000 -9999.000 -9999.000 -9999.000 -9999.000 -9999.000 -9999.000 -9999.000 -9999.000 -9999.000 -9999.000 -9999.000 -9999.000 -9999.000 -9999.000 -9999.000 -9999.000 -9999.000 -9999.000 -9999.000 -9999.000
-9999.000 -9999.000 -9999.000 -9999.000 -9999.000 -9999.000 -9999.000 -9999.000 -9999.000 -9999.000 -9999.000 -9999.000 -9999.000 -9999.000 -9999.000 0.1822951E-01 0.3941109E-01 0.6225635E-01 0.8258937E-01 0.1001413 0.1145624 0.1254815 0.1324966 0.1351488 0.1328889 0.1250339 0.1107165 0.8884718E-01 0.5829313E-01 0.2665840E-01 0.2665840E-01 -9999.000 -9999.000 -9999.000 -9999.000 -9999.000 -9999.000 -9999.000 -9999.000 -9999.000 -9999.000 -9999.000 -9999.000 -9999.000 -9999.000 -9999.000 -9999.000 -9999.000 -9999.000 -9999.000 -9999.000 -9999.000 -9999.000 -9999.000 -9999.000 -9999.000 -9999.000 -9999.000
-9999.000 -9999.000 -9999.000 -9999.000 -9999.000 -9999.000 -9999.000 -9999.000 -9999.000 -9999.000 -9999.000 -9999.000 -9999.000 -9999.000 -9999.000 0.2201287E-01 0.4655904E-01 0.7223471E-01 0.9511177E-01 0.1150741 0.1317897 0.1448742 0.1538877 0.1582933 0.1573955 0.1502554 0.1355688 0.1115122 0.7575131E-01 0.3565864E-01 0.3565864E-01 -9999.000 -9999.000 -9999.000 -9999.000 -9999.000 -9999.000 -9999.000 -9999.000 -9999.000 -9999.000 -9999.000 -9999.000 -9999.000 -9999.000 -9999.000 -9999.000 -9999.000 -9999.000 -9999.000 -9999.000 -9999.000 -9999.000 -9999.000 -9999.000 -9999.000 -9999.000 -9999.000
-9999.000 -9999.000 -9999.000 -9999.000 -9999.000 -9999.000 -9999.000 -9999.000 -9999.000 -9999.000 -9999.000 -9999.000 -9999.000 -9999.000 -9999.000 0.2622534E-01 0.5447050E-01 0.8335163E-01 0.1091663 0.1319632 0.1514496 0.1672613 0.1789629 0.1859862 0.1875306 0.1824069 0.1687755 0.1437045 0.1025971 0.5027239E-01 0.5027239E-01 -9999.000 -9999.000 -9999.000 -9999.000 -9999.000 -9999.000 -9999.000 -9999.000 -9999.000 -9999.000 -9999.000 -9999.000 -9999.000 -9999.000 -9999.000 -9999.000 -9999.000 -9999.000 -9999.000 -9999.000 -9999.000 -9999.000 -9999.000 -9999.000 -9999.000 -9999.000 -9999.000
-9999.000 -9999.000 -9999.000 -9999.000 -9999.000 -9999.000 -9999.000 -9999.000 -9999.000 -9999.000 -9999.000 -9999.000 -9999.000 -9999.000 -9999.000 0.3826751E-01 0.7114184E-01 0.1035992 0.1318758 0.1567161 0.1782313 0.1963108 0.2106802 0.2208602 0.2260588 0.2249486 0.2151852 0.1923339 0.1474878 0.7286146E-01 0.7286146E-01 -9999.000 -9999.000 -9999.000 -9999.000 -9999.000 -9999.000 -9999.000 -9999.000 -9999.000 -9999.000 -9999.000 -9999.000 -9999.000 -9999.000 -9999.000 -9999.000 -9999.000 -9999.000 -9999.000 -9999.000 -9999.000 -9999.000 -9999.000 -9999.000 -9999.000 -9999.000 -9999.000
1.061315 1.061315 1.001376 0.9709526 0.9576527 0.9576527 0.9433466 0.9085670 0.9085670 0.8649847 0.8649847 0.8084009 0.7709640 0.7228090 0.6584988 0.6584988 0.5213712 0.4699799 0.4240558 0.3859693 0.3566194 0.3357941 0.3224987 0.3153366 0.3129310 0.3144195 0.3202040 0.3334875 0.3642278 0.4255018 0.4255018 1.130132 1.371590 1.514652 1.521411 1.521411 1.414745 1.414745 0.5312688 0.5312688 0.3811309 0.3117045 0.3117045 0.3538356 0.3538356 0.4369446 0.4369446 0.4369446 0.5029281 0.5029281 0.5604310 0.5604310 0.6099172 0.6099172 0.6528547 0.6528547 0.7034982 0.7034982
1.074239 1.074239 1.014523 0.9929402 0.9837217 0.9837217 0.9732087 0.9447932 0.9447932 0.9056696 0.9056696 0.8533778 0.8209966 0.7842574 0.7440777 0.7440777 0.6759344 0.6414881 0.6037347 0.5647115 0.5267772 0.4923273 0.4634925 0.4419477 0.4289593 0.4257844 0.4345580 0.4600500 0.5135969 0.6175982 0.6175982 1.102129 1.281442 1.407423 1.428010 1.428010 1.420609 1.420609 1.149935 1.149935 0.8955097 0.8115779 0.8115779 0.8345276 0.8345276 0.8676189 0.8676189 0.8676189 0.9066116 0.9066116 0.9436076 0.9436076 0.9784699 0.9784699 0.9905071 0.9905071 1.039582 1.039582
1.077524 1.077524 1.014641 0.9935071 0.9847742 0.9847742 0.9749644 0.9488757 0.9488757 0.9144167 0.9144167 0.8714579 0.8464628 0.8193507 0.7910758 0.7910758 0.7484991 0.7279562 0.7039374 0.6766109 0.6469774 0.6167584 0.5882372 0.5640520 0.5470321 0.5402393 0.5474257 0.5743041 0.6316774 0.7425644 0.7425644 1.115972 1.274858 1.398232 1.425038 1.425038 1.434653 1.434653 1.346071 1.346071 1.215611 1.073955 1.073955 1.077278 1.077278 1.090297 1.090297 1.090297 1.116809 1.116809 1.141826 1.141826 1.166034 1.166034 1.183560 1.183560 1.212469 1.212469
1.080593 1.080593 1.014918 0.9941024 0.9858432 0.9858432 0.9767274 0.9528876 0.9528876 0.9226242 0.9226242 0.8871428 0.8675016 0.8468300 0.8257974 0.8257974 0.7972150 0.7846835 0.7698994 0.7523220 0.7320744 0.7099972 0.6876710 0.6673726 0.6520022 0.6450760 0.6509603 0.6756772 0.7291506 0.8319274 0.8319274 1.130001 1.275877 1.396234 1.423538 1.423538 1.432950 1.432950 1.387863 1.387863 1.325054 1.207231 1.207231 1.194107 1.194107 1.207175 1.207175 1.207175 1.227881 1.227881 1.247114 1.247114 1.265579 1.265579 1.279830 1.279830 1.300140 1.300140
1.083665 1.083665 1.015476 0.9951691 0.9874844 0.9874844 0.9791644 0.9577708 0.9577708 0.9317133 0.9317133 0.9030097 0.8878379 0.8722203 0.8564987 0.8564987 0.8374506 0.8296930 0.8205177 0.8094016 0.7962068 0.7812998 0.7656665 0.7509885 0.7396742 0.7349114 0.7408467 0.7631465 0.8106195 0.9009478 0.9009478 1.142045 1.275113 1.385565 1.408293 1.408293 1.411919 1.411919 1.389861 1.389861 1.365178 1.298565 1.298565 1.278257 1.278257 1.287703 1.287703 1.287703 1.304819 1.304819 1.320215 1.320215 1.334512 1.334512 1.345838 1.345838 1.360213 1.360213
1.086649 1.086649 1.016141 0.9964825 0.9894366 0.9894366 0.9819838 0.9631748 0.9631748 0.9413611 0.9413611 0.9191639 0.9081263 0.8970615 0.8859770 0.8859770 0.8749244 0.8703282 0.8644748 0.8571849 0.8484493 0.8385285 0.8280951 0.8183634 0.8111905 0.8091864 0.8159013 0.8362730 0.8778729 0.9558342 0.9558342 1.151843 1.270294 1.361748 1.376470 1.376470 1.378555 1.378555 1.380799 1.380799 1.379537 1.359327 1.359327 1.346041 1.346041 1.351298 1.351298 1.351298 1.365467 1.365467 1.377894 1.377894 1.388883 1.388883 1.397541 1.397541 1.407433 1.407433
1.089503 1.089503 1.016879 0.9979979 0.9916316 0.9916316 0.9850779 0.9688854 0.9688854 0.9512714 0.9512714 0.9354419 0.9284619 0.9219093 0.9154744 0.9154744 0.9123546 0.9101402 0.9062090 0.9008676 0.8944359 0.8873074 0.8800759 0.8736778 0.8695249 0.8696511 0.8769228 0.8954421 0.9315732 0.9982415 0.9982415 1.157028 1.257568 1.322341 1.330199 1.330199 1.342795 1.342795 1.371042 1.371042 1.384831 1.396883 1.396883 1.398290 1.398290 1.403715 1.403715 1.403715 1.415707 1.415707 1.425744 1.425744 1.433953 1.433953 1.440067 1.440067 1.446277 1.446277
1.092106 1.092106 1.017613 0.9995714 0.9938884 0.9938884 0.9882277 0.9746076 0.9746076 0.9610921 0.9610921 0.9515508 0.9487033 0.9469281 0.9456738 0.9456738 0.9514721 0.9512285 0.9482726 0.9435014 0.9376774 0.9314549 0.9254953 0.9206013 0.9178514 0.9187643 0.9255405 0.9414645 0.9718147 1.027466 1.027466 1.153009 1.230144 1.269027 1.276868 1.276868 1.312271 1.312271 1.363299 1.363299 1.386707 1.419204 1.419204 1.435553 1.435553 1.446450 1.446450 1.446450 1.457771 1.457771 1.466233 1.466233 1.472207 1.472207 1.475945 1.475945 1.478959 1.478959
1.094342 1.094342 1.018317 1.001138 0.9961168 0.9961168 0.9913105 0.9801394 0.9801394 0.9705348 0.9705348 0.9671615 0.9685794 0.9720513 0.9770058 0.9770058 0.9938108 0.9952096 0.9923981 0.9870263 0.9803948 0.9734858 0.9670957 0.9619580 0.9588593 0.9588064 0.9633092 0.9748576 0.9978768 1.042138 1.042138 1.136811 1.177110 1.208990 1.225212 1.225212 1.288582 1.288582 1.356799 1.356799 1.386440 1.431880 1.431880 1.460290 1.460290 1.479834 1.479834 1.479834 1.492304 1.492304 1.500339 1.500339 1.504828 1.504828 1.506531 1.506531 1.506745 1.506745
1.096078 1.096078 1.018970 1.002638 0.9982309 0.9982309 0.9942108 0.9852936 0.9852936 0.9793170 0.9793170 0.9818769 0.9876590 0.9969348 1.009628 1.009628 1.041110 1.043667 1.040011 1.032809 1.024020 1.014997 1.006677 0.9997087 0.9945029 0.9913819 0.9909523 0.9948268 1.006879 1.036286 1.036286 1.093683 1.114077 1.153966 1.176651 1.176651 1.269147 1.269147 1.350314 1.350314 1.384304 1.438435 1.438435 1.475866 1.475866 1.504762 1.504762 1.504762 1.519782 1.519782 1.528552 1.528552 1.532434 1.532434 1.532631 1.532631 1.530472 1.530472
1.097169 1.097169 1.019559 1.004024 1.000160 1.000160 0.9968306 0.9899019 0.9899019 0.9871715 0.9871715 0.9952450 1.005343 1.020859 1.043157 1.043157 1.095613 1.098406 1.092480 1.081899 1.069454 1.056893 1.045265 1.035023 1.025919 1.017052 1.007528 0.9980339 0.9928573 1.001119 1.001119 1.024338 1.040959 1.108695 1.149927 1.149927 1.253471 1.253471 1.345688 1.345688 1.382696 1.442498 1.442498 1.486132 1.486132 1.523089 1.523089 1.523089 1.541110 1.541110 1.551319 1.551319 1.555322 1.555322 1.554590 1.554590 1.550550 1.550550
