simulation_files/asc/Velocity__y_185.0.asc
NCOLS        79
NROWS        79
XLLCENTER         -1.500000
YLLCENTER         -4.800000
CELLSIZE           0.100
NODATA_VALUE     -9999.0
[rows 0 to 26 of 79, columns 0 to 58 of 79]
-9999.000 -9999.000 -9999.000 -9999.000 -9999.000 -9999.000 -9999.000 -9999.000 -9999.000 -9999.000 -9999.000 -9999.000 -9999.000 -9999.000 -9999.000 -0.9407459E-01 -0.9125813E-01 -0.9005562E-01 -0.8959552E-01 -0.9001390E-01 -0.9073249E-01 -0.9149387E-01 -0.9224416E-01 -0.9292878E-01 -0.9349860E-01 -0.9400414E-01 -0.9447281E-01 -0.9505366E-01 -0.9630216E-01 -0.9754947E-01 -0.9754947E-01 -9999.000 -9999.000 -9999.000 -9999.000 -9999.000 -9999.000 -9999.000 -9999.000 -9999.000 -9999.000 -9999.000 -9999.000 -9999.000 -9999.000 -9999.000 -9999.000 -9999.000 -9999.000 -9999.000 -9999.000 -9999.000 -9999.000 -9999.000 -9999.000 -9999.000 -9999.000 -9999.000 -9999.000
-9999.000 -9999.000 -9999.000 -9999.000 -9999.000 -9999.000 -9999.000 -9999.000 -9999.000 -9999.000 -9999.000 -9999.000 -9999.000 -9999.000 -9999.000 -0.9411270E-01 -0.8819427E-01 -0.8562096E-01 -0.8465347E-01 -0.8559357E-01 -0.8721598E-01 -0.8896470E-01 -0.9071440E-01 -0.9233808E-01 -0.9372225E-01 -0.9496764E-01 -0.9612543E-01 -0.9750375E-01 -0.1002619 -0.1033030 -0.1033030 -9999.000 -9999.000 -9999.000 -9999.000 -9999.000 -9999.000 -9999.000 -9999.000 -9999.000 -9999.000 -9999.000 -9999.000 -9999.000 -9999.000 -9999.000 -9999.000 -9999.000 -9999.000 -9999.000 -9999.000 -9999.000 -9999.000 -9999.000 -9999.000 -9999.000 -9999.000 -9999.000 -9999.000
-9999.000 -9999.000 -9999.000 -9999.000 -9999.000 -9999.000 -9999.000 -9999.000 -9999.000 -9999.000 -9999.000 -9999.000 -9999.000 -9999.000 -9999.000 -0.9306761E-01 -0.8375850E-01 -0.7961017E-01 -0.7810301E-01 -0.7974330E-01 -0.8255864E-01 -0.8564006E-01 -0.8876677E-01 -0.9171554E-01 -0.9428514E-01 -0.9662465E-01 -0.9880194E-01 -0.1012984 -0.1059575 -0.1115201 -0.1115201 -9999.000 -9999.000 -9999.000 -9999.000 -9999.000 -9999.000 -9999.000 -9999.000 -9999.000 -9999.000 -9999.000 -9999.000 -9999.000 -9999.000 -9999.000 -9999.000 -9999.000 -9999.000 -9999.000 -9999.000 -9999.000 -9999.000 -9999.000 -9999.000 -9999.000 -9999.000 -9999.000 -9999.000
-9999.000 -9999.000 -9999.000 -9999.000 -9999.000 -9999.000 -9999.000 -9999.000 -9999.000 -9999.000 -9999.000 -9999.000 -9999.000 -9999.000 -9999.000 -0.9152073E-01 -0.7882915E-01 -0.7310116E-01 -0.7108436E-01 -0.7350267E-01 -0.7760886E-01 -0.8212976E-01 -0.8674903E-01 -0.9114145E-01 -0.9501065E-01 -0.9855400E-01 -0.1018507 -0.1055589 -0.1122400 -0.1208012 -0.1208012 -9999.000 -9999.000 -9999.000 -9999.000 -9999.000 -9999.000 -9999.000 -9999.000 -9999.000 -9999.000 -9999.000 -9999.000 -9999.000 -9999.000 -9999.000 -9999.000 -9999.000 -9999.000 -9999.000 -9999.000 -9999.000 -9999.000 -9999.000 -9999.000 -9999.000 -9999.000 -9999.000 -9999.000
-9999.000 -9999.000 -9999.000 -9999.000 -9999.000 -9999.000 -9999.000 -9999.000 -9999.000 -9999.000 -9999.000 -9999.000 -9999.000 -9999.000 -9999.000 -0.8970197E-01 -0.7358754E-01 -0.6625590E-01 -0.6373518E-01 -0.6698487E-01 -0.7244842E-01 -0.7847895E-01 -0.8466554E-01 -0.9057686E-01 -0.9581410E-01 -0.1006295 -0.1051096 -0.1100982 -0.1189180 -0.1309868 -0.1309868 -9999.000 -9999.000 -9999.000 -9999.000 -9999.000 -9999.000 -9999.000 -9999.000 -9999.000 -9999.000 -9999.000 -9999.000 -9999.000 -9999.000 -9999.000 -9999.000 -9999.000 -9999.000 -9999.000 -9999.000 -9999.000 -9999.000 -9999.000 -9999.000 -9999.000 -9999.000 -9999.000 -9999.000
-9999.000 -9999.000 -9999.000 -9999.000 -9999.000 -9999.000 -9999.000 -9999.000 -9999.000 -9999.000 -9999.000 -9999.000 -9999.000 -9999.000 -9999.000 -0.8769500E-01 -0.6810319E-01 -0.5913936E-01 -0.5611121E-01 -0.6023598E-01 -0.6711061E-01 -0.7470378E-01 -0.8251394E-01 -0.8999978E-01 -0.9665348E-01 -0.1027911 -0.1085028 -0.1148308 -0.1259136 -0.1420764 -0.1420764 -9999.000 -9999.000 -9999.000 -9999.000 -9999.000 -9999.000 -9999.000 -9999.000 -9999.000 -9999.000 -9999.000 -9999.000 -9999.000 -9999.000 -9999.000 -9999.000 -9999.000 -9999.000 -9999.000 -9999.000 -9999.000 -9999.000 -9999.000 -9999.000 -9999.000 -9999.000 -9999.000 -9999.000
-9999.000 -9999.000 -9999.000 -9999.000 -9999.000 -9999.000 -9999.000 -9999.000 -9999.000 -9999.000 -9999.000 -9999.000 -9999.000 -9999.000 -9999.000 -0.8551643E-01 -0.6239317E-01 -0.5176873E-01 -0.4822758E-01 -0.5327087E-01 -0.6160523E-01 -0.7080673E-01 -0.8028907E-01 -0.8939642E-01 -0.9750451E-01 -0.1050061 -0.1119911 -0.1197153 -0.1331995 -0.1541606 -0.1541606 -9999.000 -9999.000 -9999.000 -9999.000 -9999.000 -9999.000 -9999.000 -9999.000 -9999.000 -9999.000 -9999.000 -9999.000 -9999.000 -9999.000 -9999.000 -9999.000 -9999.000 -9999.000 -9999.000 -9999.000 -9999.000 -9999.000 -9999.000 -9999.000 -9999.000 -9999.000 -9999.000 -9999.000
-9999.000 -9999.000 -9999.000 -9999.000 -9999.000 -9999.000 -9999.000 -9999.000 -9999.000 -9999.000 -9999.000 -9999.000 -9999.000 -9999.000 -9999.000 -0.8315077E-01 -0.5644953E-01 -0.4413930E-01 -0.4008011E-01 -0.4608813E-01 -0.5593135E-01 -0.6678370E-01 -0.7798286E-01 -0.8875459E-01 -0.9834912E-01 -0.1072525 -0.1155489 -0.1247269 -0.1407704 -0.1673941 -0.1673941 -9999.000 -9999.000 -9999.000 -9999.000 -9999.000 -9999.000 -9999.000 -9999.000 -9999.000 -9999.000 -9999.000 -9999.000 -9999.000 -9999.000 -9999.000 -9999.000 -9999.000 -9999.000 -9999.000 -9999.000 -9999.000 -9999.000 -9999.000 -9999.000 -9999.000 -9999.000 -9999.000 -9999.000
-9999.000 -9999.000 -9999.000 -9999.000 -9999.000 -9999.000 -9999.000 -9999.000 -9999.000 -9999.000 -9999.000 -9999.000 -9999.000 -9999.000 -9999.000 -0.8056391E-01 -0.5024976E-01 -0.3623327E-01 -0.3165349E-01 -0.3867806E-01 -0.5008094E-01 -0.6262548E-01 -0.7558457E-01 -0.8806137E-01 -0.9916943E-01 -0.1095101 -0.1191541 -0.1298466 -0.1486309 -0.1819939 -0.1819939 -9999.000 -9999.000 -9999.000 -9999.000 -9999.000 -9999.000 -9999.000 -9999.000 -9999.000 -9999.000 -9999.000 -9999.000 -9999.000 -9999.000 -9999.000 -9999.000 -9999.000 -9999.000 -9999.000 -9999.000 -9999.000 -9999.000 -9999.000 -9999.000 -9999.000 -9999.000 -9999.000 -9999.000
-9999.000 -9999.000 -9999.000 -9999.000 -9999.000 -9999.000 -9999.000 -9999.000 -9999.000 -9999.000 -9999.000 -9999.000 -9999.000 -9999.000 -9999.000 -0.7770809E-01 -0.4376204E-01 -0.2802388E-01 -0.2292478E-01 -0.3102540E-01 -0.4404082E-01 -0.5831785E-01 -0.7307963E-01 -0.8729978E-01 -0.9994423E-01 -0.1117557 -0.1227812 -0.1350522 -0.1567873 -0.1982502 -0.1982502 -9999.000 -9999.000 -9999.000 -9999.000 -9999.000 -9999.000 -9999.000 -9999.000 -9999.000 -9999.000 -9999.000 -9999.000 -9999.000 -9999.000 -9999.000 -9999.000 -9999.000 -9999.000 -9999.000 -9999.000 -9999.000 -9999.000 -9999.000 -9999.000 -9999.000 -9999.000 -9999.000 -9999.000
-9999.000 -9999.000 -9999.000 -9999.000 -9999.000 -9999.000 -9999.000 -9999.000 -9999.000 -9999.000 -9999.000 -9999.000 -9999.000 -9999.000 -9999.000 -0.7452303E-01 -0.3694406E-01 -0.1947627E-01 -0.1386336E-01 -0.2310788E-01 -0.3779279E-01 -0.5384177E-01 -0.7044810E-01 -0.8644828E-01 -0.1006454 -0.1139587 -0.1263971 -0.1403148 -0.1652440 -0.2165500 -0.2165500 -9999.000 -9999.000 -9999.000 -9999.000 -9999.000 -9999.000 -9999.000 -9999.000 -9999.000 -9999.000 -9999.000 -9999.000 -9999.000 -9999.000 -9999.000 -9999.000 -9999.000 -9999.000 -9999.000 -9999.000 -9999.000 -9999.000 -9999.000 -9999.000 -9999.000 -9999.000 -9999.000 -9999.000
-9999.000 -9999.000 -9999.000 -9999.000 -9999.000 -9999.000 -9999.000 -9999.000 -9999.000 -9999.000 -9999.000 -9999.000 -9999.000 -9999.000 -9999.000 -0.7093237E-01 -0.2974232E-01 -0.1054445E-01 -0.4429778E-02 -0.1489668E-01 -0.3131137E-01 -0.4917125E-01 -0.6766244E-01 -0.8547633E-01 -0.1012354 -0.1160778 -0.1299558 -0.1455913 -0.1739971 -0.2374162 -0.2374162 -9999.000 -9999.000 -9999.000 -9999.000 -9999.000 -9999.000 -9999.000 -9999.000 -9999.000 -9999.000 -9999.000 -9999.000 -9999.000 -9999.000 -9999.000 -9999.000 -9999.000 -9999.000 -9999.000 -9999.000 -9999.000 -9999.000 -9999.000 -9999.000 -9999.000 -9999.000 -9999.000 -9999.000
-9999.000 -9999.000 -9999.000 -9999.000 -9999.000 -9999.000 -9999.000 -9999.000 -9999.000 -9999.000 -9999.000 -9999.000 -9999.000 -9999.000 -9999.000 -0.6682163E-01 -0.2207241E-01 -0.1156708E-02 0.5430717E-02 -0.6357929E-02 -0.2456781E-01 -0.4427581E-01 -0.6469017E-01 -0.8434713E-01 -0.1016660 -0.1180589 -0.1333949 -0.1508207 -0.1830306 -0.2615747 -0.2615747 -9999.000 -9999.000 -9999.000 -9999.000 -9999.000 -9999.000 -9999.000 -9999.000 -9999.000 -9999.000 -9999.000 -9999.000 -9999.000 -9999.000 -9999.000 -9999.000 -9999.000 -9999.000 -9999.000 -9999.000 -9999.000 -9999.000 -9999.000 -9999.000 -9999.000 -9999.000 -9999.000 -9999.000
-9999.000 -9999.000 -9999.000 -9999.000 -9999.000 -9999.000 -9999.000 -9999.000 -9999.000 -9999.000 -9999.000 -9999.000 -9999.000 -9999.000 -9999.000 -0.6115403E-01 -0.1312332E-01 0.9214438E-02 0.1577989E-01 0.2321949E-02 -0.1777321E-01 -0.3935531E-01 -0.6170840E-01 -0.8320458E-01 -0.1020394 -0.1199701 -0.1367488 -0.1560194 -0.1924027 -0.2901719 -0.2901719 -9999.000 -9999.000 -9999.000 -9999.000 -9999.000 -9999.000 -9999.000 -9999.000 -9999.000 -9999.000 -9999.000 -9999.000 -9999.000 -9999.000 -9999.000 -9999.000 -9999.000 -9999.000 -9999.000 -9999.000 -9999.000 -9999.000 -9999.000 -9999.000 -9999.000 -9999.000 -9999.000 -9999.000
-9999.000 -9999.000 -9999.000 -9999.000 -9999.000 -9999.000 -9999.000 -9999.000 -9999.000 -9999.000 -9999.000 -9999.000 -9999.000 -9999.000 -9999.000 -0.6579931E-02 0.1527396E-01 0.2216519E-01 0.1676461E-01 -0.1752276E-02 -0.2186139E-01 -0.4336198E-01 -0.6581578E-01 -0.8750256E-01 -0.1064212 -0.1247507 -0.1420357 -0.1624456 -0.2026516 -0.3229647 -0.3229647 -9999.000 -9999.000 -9999.000 -9999.000 -9999.000 -9999.000 -9999.000 -9999.000 -9999.000 -9999.000 -9999.000 -9999.000 -9999.000 -9999.000 -9999.000 -9999.000 -9999.000 -9999.000 -9999.000 -9999.000 -9999.000 -9999.000 -9999.000 -9999.000 -9999.000 -9999.000 -9999.000 -9999.000
-0.4296913E-02 -0.4296913E-02 -0.4800716E-02 -0.6540264E-02 -0.6472153E-02 -0.6472153E-02 -0.6453837E-02 -0.6445141E-02 -0.6445141E-02 -0.6425178E-02 -0.6425178E-02 -0.6392852E-02 -0.6374307E-02 -0.6354898E-02 -0.6334722E-02 -0.6334722E-02 0.3433029E-01 0.3108066E-01 0.1778934E-01 -0.3482204E-02 -0.2896009E-01 -0.5770902E-01 -0.8870787E-01 -0.1205095 -0.1513840 -0.1808096 -0.2081225 -0.2342706 -0.2658458 -0.3341097 -0.3341097 -0.1888583 -0.1037675 -0.3819981E-01 -0.2934502E-01 -0.2934502E-01 -0.2336963E-01 -0.2336963E-01 -0.1311734E-01 -0.1311734E-01 -0.3149746E-02 0.2312871E-01 0.2312871E-01 0.3100162E-01 0.3100162E-01 -0.2478842E-02 -0.2478842E-02 -0.2478842E-02 -0.1050504E-02 -0.1050504E-02 -0.2617198E-03 -0.2617198E-03 -0.7720939E-03 -0.7720939E-03 -0.1850033E-02 -0.1850033E-02 -0.2997368E-02 -0.2997368E-02 -0.2997368E-02
-0.6406602E-02 -0.6406602E-02 -0.7126967E-02 -0.9329709E-02 -0.9116006E-02 -0.9116006E-02 -0.9055587E-02 -0.9058322E-02 -0.9058322E-02 -0.9057495E-02 -0.9057495E-02 -0.9034033E-02 -0.9018213E-02 -0.9000823E-02 -0.8982816E-02 -0.8982816E-02 0.2835287E-01 0.2637571E-01 0.1306027E-01 -0.9806680E-02 -0.4187327E-01 -0.8084245E-01 -0.1246844 -0.1716858 -0.2202400 -0.2681954 -0.3139881 -0.3558251 -0.3914088 -0.4160011 -0.4160011 -0.2858550 -0.1930664 -0.1039426 -0.8638129E-01 -0.8638129E-01 -0.6547145E-01 -0.6547145E-01 -0.2948347E-01 -0.2948347E-01 0.8926868E-03 0.7377113E-01 0.7377113E-01 0.1033939 0.1033939 0.2612394E-01 0.2612394E-01 0.2612394E-01 0.9537620E-02 0.9537620E-02 0.1950980E-02 0.1950980E-02 -0.3023357E-02 -0.3023357E-02 -0.6939962E-02 -0.6939962E-02 -0.9931388E-02 -0.9931388E-02 -0.9931388E-02
-0.4800810E-02 -0.4800810E-02 -0.6267035E-02 -0.7973853E-02 -0.7710030E-02 -0.7710030E-02 -0.7618772E-02 -0.7637810E-02 -0.7637810E-02 -0.7671394E-02 -0.7671394E-02 -0.7675447E-02 -0.7672142E-02 -0.7667711E-02 -0.7663071E-02 -0.7663071E-02 0.1874724E-01 0.1710042E-01 0.4070064E-02 -0.1901056E-01 -0.5159068E-01 -0.9209204E-01 -0.1388553 -0.1904271 -0.2454826 -0.3022618 -0.3591668 -0.4142928 -0.4648015 -0.5044178 -0.5044178 -0.4222318 -0.3427750 -0.2326968 -0.1978298 -0.1978298 -0.1385114 -0.1385114 -0.4951468E-01 -0.4951468E-01 0.1333895E-01 0.1438817 0.1438817 0.2042745 0.2042745 0.9393110E-01 0.9393110E-01 0.9393110E-01 0.3840747E-01 0.3840747E-01 0.9046767E-02 0.9046767E-02 -0.7035189E-02 -0.7035189E-02 -0.1671490E-01 -0.1671490E-01 -0.2253274E-01 -0.2253274E-01 -0.2253274E-01
-0.3091443E-02 -0.3091443E-02 -0.5437094E-02 -0.6511968E-02 -0.6215116E-02 -0.6215116E-02 -0.6096415E-02 -0.6103268E-02 -0.6103268E-02 -0.6139681E-02 -0.6139681E-02 -0.6144130E-02 -0.6141067E-02 -0.6137500E-02 -0.6133985E-02 -0.6133985E-02 0.9415051E-02 0.5714552E-02 -0.8532597E-02 -0.3253598E-01 -0.6562220E-01 -0.1066241 -0.1542049 -0.2071244 -0.2642865 -0.3243784 -0.3861004 -0.4478927 -0.5072651 -0.5583829 -0.5583829 -0.5236807 -0.4690586 -0.3643197 -0.3180517 -0.3180517 -0.2127972 -0.2127972 -0.5373105E-01 -0.5373105E-01 0.4118264E-01 0.2061388 0.2061388 0.2782766 0.2782766 0.1627161 0.1627161 0.1627161 0.7470989E-01 0.7470989E-01 0.2032875E-01 0.2032875E-01 -0.1041614E-01 -0.1041614E-01 -0.2778188E-01 -0.2778188E-01 -0.3704625E-01 -0.3704625E-01 -0.3704625E-01
-0.1213641E-02 -0.1213641E-02 -0.4775831E-02 -0.5001619E-02 -0.4696228E-02 -0.4696228E-02 -0.4573033E-02 -0.4572035E-02 -0.4572035E-02 -0.4605121E-02 -0.4605121E-02 -0.4608918E-02 -0.4606160E-02 -0.4603047E-02 -0.4600200E-02 -0.4600200E-02 0.3550443E-03 -0.7430460E-02 -0.2466265E-01 -0.5085484E-01 -0.8534940E-01 -0.1272453 -0.1754991 -0.2290825 -0.2870639 -0.3484173 -0.4120937 -0.4768647 -0.5407660 -0.5990571 -0.5990571 -0.5991744 -0.5702376 -0.4817145 -0.4256122 -0.4256122 -0.2622461 -0.2622461 -0.3101816E-01 -0.3101816E-01 0.8230818E-01 0.2482596 0.2482596 0.3158323 0.3158323 0.2159405 0.2159405 0.2159405 0.1116424 0.1116424 0.3585974E-01 0.3585974E-01 -0.1062855E-01 -0.1062855E-01 -0.3715118E-01 -0.3715118E-01 -0.5068577E-01 -0.5068577E-01 -0.5068577E-01
0.7059671E-04 0.7059671E-04 -0.3697232E-02 -0.3434910E-02 -0.3167459E-02 -0.3167459E-02 -0.3056317E-02 -0.3045776E-02 -0.3045776E-02 -0.3070494E-02 -0.3070494E-02 -0.3073317E-02 -0.3071304E-02 -0.3068890E-02 -0.3066881E-02 -0.3066881E-02 -0.8969800E-02 -0.2256360E-01 -0.4456965E-01 -0.7445113E-01 -0.1115381 -0.1550999 -0.2043560 -0.2585296 -0.3168955 -0.3786779 -0.4430515 -0.5090452 -0.5751321 -0.6376186 -0.6376186 -0.6611854 -0.6537762 -0.5774498 -0.5037378 -0.5037378 -0.2643909 -0.2643909 0.1226363E-01 0.1226363E-01 0.1220258 0.2637943 0.2637943 0.3210947 0.3210947 0.2475115 0.2475115 0.2475115 0.1437053 0.1437053 0.5431212E-01 0.5431212E-01 -0.6719064E-02 -0.6719064E-02 -0.4321536E-01 -0.4321536E-01 -0.6185003E-01 -0.6185003E-01 -0.6185003E-01
0.2556350E-03 0.2556350E-03 -0.1943333E-02 -0.1755903E-02 -0.1601376E-02 -0.1601376E-02 -0.1533132E-02 -0.1522293E-02 -0.1522293E-02 -0.1535443E-02 -0.1535443E-02 -0.1536957E-02 -0.1535945E-02 -0.1534612E-02 -0.1533699E-02 -0.1533699E-02 -0.1936057E-01 -0.4039323E-01 -0.6895310E-01 -0.1041372 -0.1451594 -0.1913697 -0.2421985 -0.2971312 -0.3556987 -0.4174027 -0.4816781 -0.5478153 -0.6146528 -0.6792914 -0.6792914 -0.7177020 -0.7255028 -0.6412900 -0.5314234 -0.5314234 -0.2147198 -0.2147198 0.5492802E-01 0.5492802E-01 0.1444804 0.2546014 0.2546014 0.3032103 0.3032103 0.2575744 0.2575744 0.2575744 0.1664269 0.1664269 0.7302395E-01 0.7302395E-01 0.1002077E-02 0.1002077E-02 -0.4518026E-01 -0.4518026E-01 -0.6943988E-01 -0.6943988E-01 -0.6943988E-01
-0.1830462E-06 -0.1830462E-06 0.7227361E-07 0.1597689E-06 0.1640928E-06 0.1640928E-06 -0.1770329E-07 -0.8333696E-08 -0.8333696E-08 -0.9636825E-08 -0.9636825E-08 0.1532497E-07 -0.1839498E-07 -0.6098951E-07 0.8676233E-07 0.8676233E-07 -0.3193463E-01 -0.6216947E-01 -0.9910876E-01 -0.1412577 -0.1876133 -0.2375394 -0.2906346 -0.3466354 -0.4053530 -0.4665946 -0.5301010 -0.5954647 -0.6618586 -0.7268164 -0.7268164 -0.7728534 -0.7864378 -0.6513348 -0.4863479 -0.4863479 -0.1377456 -0.1377456 0.7850695E-01 0.7850695E-01 0.1442243 0.2281483 0.2281483 0.2713106 0.2713106 0.2496296 0.2496296 0.2496296 0.1770490 0.1770490 0.8861616E-01 0.8861616E-01 0.1109874E-01 0.1109874E-01 -0.4296945E-01 -0.4296945E-01 -0.7269410E-01 -0.7269410E-01 -0.7269410E-01
-0.2560838E-03 -0.2560838E-03 0.1943481E-02 0.1756227E-02 0.1601540E-02 0.1601540E-02 0.1533221E-02 0.1522328E-02 0.1522328E-02 0.1535359E-02 0.1535359E-02 0.1536932E-02 0.1535759E-02 0.1534518E-02 0.1533778E-02 0.1533778E-02 -0.4830512E-01 -0.8986724E-01 -0.1371456 -0.1879338 -0.2409734 -0.2956311 -0.3516652 -0.4090610 -0.4679206 -0.5283710 -0.5904850 -0.6541871 -0.7189131 -0.7818671 -0.7818671 -0.8269736 -0.8282579 -0.5784281 -0.3714346 -0.3714346 -0.7073214E-01 -0.7073214E-01 0.7914062E-01 0.7914062E-01 0.1264047 0.1927830 0.1927830 0.2323526 0.2323526 0.2283241 0.2283241 0.2283241 0.1749996 0.1749996 0.9802537E-01 0.9802537E-01 0.2136891E-01 0.2136891E-01 -0.3718923E-01 -0.3718923E-01 -0.7120621E-01 -0.7120621E-01 -0.7120621E-01
-0.7097980E-04 -0.7097980E-04 0.3697272E-02 0.3435157E-02 0.3167473E-02 0.3167473E-02 0.3056424E-02 0.3045654E-02 0.3045654E-02 0.3070504E-02 0.3070504E-02 0.3073213E-02 0.3071172E-02 0.3068789E-02 0.3066886E-02 0.3066886E-02 -0.7095808E-01 -0.1265769 -0.1863589 -0.2474155 -0.3083120 -0.3684964 -0.4279405 -0.4869083 -0.5458103 -0.6050996 -0.6651871 -0.7263207 -0.7879043 -0.8445005 -0.8445005 -0.8721403 -0.8217039 -0.4237511 -0.2344519 -0.2344519 -0.3355776E-01 -0.3355776E-01 0.6463534E-01 0.6463534E-01 0.1000219 0.1546734 0.1546734 0.1906893 0.1906893 0.1979359 0.1979359 0.1979359 0.1614983 0.1614983 0.9933060E-01 0.9933060E-01 0.2946430E-01 0.2946430E-01 -0.2898886E-01 -0.2898886E-01 -0.6499198E-01 -0.6499198E-01 -0.6499198E-01
0.1213366E-02 0.1213366E-02 0.4775879E-02 0.5001776E-02 0.4696511E-02 0.4696511E-02 0.4573329E-02 0.4571917E-02 0.4571917E-02 0.4605395E-02 0.4605395E-02 0.4608800E-02 0.4606046E-02 0.4602967E-02 0.4600105E-02 0.4600105E-02 -0.1040070 -0.1772628 -0.2519085 -0.3246658 -0.3941991 -0.4602473 -0.5231322 -0.5834756 -0.6420351 -0.6995969 -0.7569039 -0.8144398 -0.8704142 -0.9084574 -0.9084574 -0.8758156 -0.7093835 -0.2498299 -0.1311764 -0.1311764 -0.2137602E-01 -0.2137602E-01 0.4475068E-01 0.4475068E-01 0.7217430E-01 0.1172735 0.1172735 0.1487216 0.1487216 0.1618547 0.1618547 0.1618547 0.1387903 0.1387903 0.9209664E-01 0.9209664E-01 0.3354256E-01 0.3354256E-01 -0.1976875E-01 -0.1976875E-01 -0.5449488E-01 -0.5449488E-01 -0.5449488E-01
0.3091196E-02 0.3091196E-02 0.5436938E-02 0.6512200E-02 0.6215506E-02 0.6215506E-02 0.6096732E-02 0.6103385E-02 0.6103385E-02 0.6139809E-02 0.6139809E-02 0.6144158E-02 0.6140989E-02 0.6137410E-02 0.6133790E-02 0.6133790E-02 -0.1547817 -0.2502621 -0.3420915 -0.4274057 -0.5055593 -0.5769678 -0.6425377 -0.7033788 -0.7606546 -0.8155010 -0.8689767 -0.9214336 -0.9648486 -0.9408600 -0.9408600 -0.7578064 -0.4686406 -0.1270960 -0.7755099E-01 -0.7755099E-01 -0.2018577E-01 -0.2018577E-01 0.2562089E-01 0.2562089E-01 0.4657456E-01 0.8216629E-01 0.8216629E-01 0.1077920 0.1077920 0.1226757 0.1226757 0.1226757 0.1095048 0.1095048 0.7726528E-01 0.7726528E-01 0.3275841E-01 0.3275841E-01 -0.1079116E-01 -0.1079116E-01 -0.4052279E-01 -0.4052279E-01 -0.4052279E-01
