simulation_files/asc/Velocity__x_157.0.asc
NCOLS        79
NROWS        79
XLLCENTER         -1.500000
YLLCENTER         -4.800000
CELLSIZE           0.100
NODATA_VALUE     -9999.0
[rows 0 to 25 of 79, columns 0 to 57 of 79]
-9999.000 -9999.000 -9999.000 -9999.000 -9999.000 -9999.000 -9999.000 -9999.000 -9999.000 -9999.000 -9999.000 -9999.000 -9999.000 -9999.000 -9999.000 0.6880600E-03 0.2350243E-02 0.4995576E-02 0.7565543E-02 0.9852738E-02 0.1171010E-01 0.1306119E-01 0.1389280E-01 0.1421623E-01 0.1406537E-01 0.1348753E-01 0.1248584E-01 0.1086967E-01 0.7851069E-02 0.3860099E-02 0.3860099E-02 -9999.000 -9999.000 -9999.000 -9999.000 -9999.000 -9999.000 -9999.000 -9999.000 -9999.000 -9999.000 -9999.000 -9999.000 -9999.000 -9999.000 -9999.000 -9999.000 -9999.000 -9999.000 -9999.000 -9999.000 -9999.000 -9999.000 -9999.000 -9999.000 -9999.000 -9999.000 -9999.000
-9999.000 -9999.000 -9999.000 -9999.000 -9999.000 -9999.000 -9999.000 -9999.000 -9999.000 -9999.000 -9999.000 -9999.000 -9999.000 -9999.000 -9999.000 0.1714705E-02 0.4449130E-02 0.8179639E-02 0.1176286E-01 0.1494695E-01 0.1753965E-01 0.1942189E-01 0.2054343E-01 0.2088746E-01 0.2046745E-01 0.1931718E-01 0.1743732E-01 0.1466451E-01 0.1032704E-01 0.5076121E-02 0.5076121E-02 -9999.000 -9999.000 -9999.000 -9999.000 -9999.000 -9999.000 -9999.000 -9999.000 -9999.000 -9999.000 -9999.000 -9999.000 -9999.000 -9999.000 -9999.000 -9999.000 -9999.000 -9999.000 -9999.000 -9999.000 -9999.000 -9999.000 -9999.000 -9999.000 -9999.000 -9999.000 -9999.000
-9999.000 -9999.000 -9999.000 -9999.000 -9999.000 -9999.000 -9999.000 -9999.000 -9999.000 -9999.000 -9999.000 -9999.000 -9999.000 -9999.000 -9999.000 0.2304659E-02 0.5686872E-02 0.1010959E-01 0.1432344E-01 0.1805101E-01 0.2107580E-01 0.2325900E-01 0.2453624E-01 0.2488189E-01 0.2430671E-01 0.2284855E-01 0.2051769E-01 0.1715938E-01 0.1209053E-01 0.5982171E-02 0.5982171E-02 -9999.000 -9999.000 -9999.000 -9999.000 -9999.000 -9999.000 -9999.000 -9999.000 -9999.000 -9999.000 -9999.000 -9999.000 -9999.000 -9999.000 -9999.000 -9999.000 -9999.000 -9999.000 -9999.000 -9999.000 -9999.000 -9999.000 -9999.000 -9999.000 -9999.000 -9999.000 -9999.000
-9999.000 -9999.000 -9999.000 -9999.000 -9999.000 -9999.000 -9999.000 -9999.000 -9999.000 -9999.000 -9999.000 -9999.000 -9999.000 -9999.000 -9999.000 0.2700226E-02 0.6515493E-02 0.1140001E-01 0.1603770E-01 0.2013356E-01 0.2345422E-01 0.2584830E-01 0.2724425E-01 0.2761238E-01 0.2696312E-01 0.2533757E-01 0.2275039E-01 0.1904354E-01 0.1349826E-01 0.6735025E-02 0.6735025E-02 -9999.000 -9999.000 -9999.000 -9999.000 -9999.000 -9999.000 -9999.000 -9999.000 -9999.000 -9999.000 -9999.000 -9999.000 -9999.000 -9999.000 -9999.000 -9999.000 -9999.000 -9999.000 -9999.000 -9999.000 -9999.000 -9999.000 -9999.000 -9999.000 -9999.000 -9999.000 -9999.000
-9999.000 -9999.000 -9999.000 -9999.000 -9999.000 -9999.000 -9999.000 -9999.000 -9999.000 -9999.000 -9999.000 -9999.000 -9999.000 -9999.000 -9999.000 0.3007200E-02 0.7154659E-02 0.1238982E-01 0.1735251E-01 0.2173494E-01 0.2529078E-01 0.2785929E-01 0.2936434E-01 0.2977437E-01 0.2909900E-01 0.2738215E-01 0.2463962E-01 0.2070295E-01 0.1480289E-01 0.7457274E-02 0.7457274E-02 -9999.000 -9999.000 -9999.000 -9999.000 -9999.000 -9999.000 -9999.000 -9999.000 -9999.000 -9999.000 -9999.000 -9999.000 -9999.000 -9999.000 -9999.000 -9999.000 -9999.000 -9999.000 -9999.000 -9999.000 -9999.000 -9999.000 -9999.000 -9999.000 -9999.000 -9999.000 -9999.000
-9999.000 -9999.000 -9999.000 -9999.000 -9999.000 -9999.000 -9999.000 -9999.000 -9999.000 -9999.000 -9999.000 -9999.000 -9999.000 -9999.000 -9999.000 0.3281126E-02 0.7720907E-02 0.1326025E-01 0.1850707E-01 0.2314329E-01 0.2691199E-01 0.2964427E-01 0.3126097E-01 0.3172912E-01 0.3105858E-01 0.2929524E-01 0.2645406E-01 0.2235152E-01 0.1615383E-01 0.8225639E-02 0.8225639E-02 -9999.000 -9999.000 -9999.000 -9999.000 -9999.000 -9999.000 -9999.000 -9999.000 -9999.000 -9999.000 -9999.000 -9999.000 -9999.000 -9999.000 -9999.000 -9999.000 -9999.000 -9999.000 -9999.000 -9999.000 -9999.000 -9999.000 -9999.000 -9999.000 -9999.000 -9999.000 -9999.000
-9999.000 -9999.000 -9999.000 -9999.000 -9999.000 -9999.000 -9999.000 -9999.000 -9999.000 -9999.000 -9999.000 -9999.000 -9999.000 -9999.000 -9999.000 0.3551592E-02 0.8276232E-02 0.1410830E-01 0.1962957E-01 0.2451381E-01 0.2849355E-01 0.3139333E-01 0.3313158E-01 0.3367482E-01 0.3303306E-01 0.3125440E-01 0.2835197E-01 0.2412260E-01 0.1765272E-01 0.9096109E-02 0.9096109E-02 -9999.000 -9999.000 -9999.000 -9999.000 -9999.000 -9999.000 -9999.000 -9999.000 -9999.000 -9999.000 -9999.000 -9999.000 -9999.000 -9999.000 -9999.000 -9999.000 -9999.000 -9999.000 -9999.000 -9999.000 -9999.000 -9999.000 -9999.000 -9999.000 -9999.000 -9999.000 -9999.000
-9999.000 -9999.000 -9999.000 -9999.000 -9999.000 -9999.000 -9999.000 -9999.000 -9999.000 -9999.000 -9999.000 -9999.000 -9999.000 -9999.000 -9999.000 0.3834879E-02 0.8855566E-02 0.1498903E-01 0.2079328E-01 0.2593512E-01 0.3013739E-01 0.3321786E-01 0.3509397E-01 0.3573195E-01 0.3514245E-01 0.3337639E-01 0.3044380E-01 0.2611696E-01 0.1938624E-01 0.1012020E-01 0.1012020E-01 -9999.000 -9999.000 -9999.000 -9999.000 -9999.000 -9999.000 -9999.000 -9999.000 -9999.000 -9999.000 -9999.000 -9999.000 -9999.000 -9999.000 -9999.000 -9999.000 -9999.000 -9999.000 -9999.000 -9999.000 -9999.000 -9999.000 -9999.000 -9999.000 -9999.000 -9999.000 -9999.000
-9999.000 -9999.000 -9999.000 -9999.000 -9999.000 -9999.000 -9999.000 -9999.000 -9999.000 -9999.000 -9999.000 -9999.000 -9999.000 -9999.000 -9999.000 0.4141226E-02 0.9480559E-02 0.1593690E-01 0.2204504E-01 0.2746521E-01 0.3191085E-01 0.3519353E-01 0.3723056E-01 0.3798850E-01 0.3747906E-01 0.3575622E-01 0.3282673E-01 0.2843247E-01 0.2144776E-01 0.1135700E-01 0.1135700E-01 -9999.000 -9999.000 -9999.000 -9999.000 -9999.000 -9999.000 -9999.000 -9999.000 -9999.000 -9999.000 -9999.000 -9999.000 -9999.000 -9999.000 -9999.000 -9999.000 -9999.000 -9999.000 -9999.000 -9999.000 -9999.000 -9999.000 -9999.000 -9999.000 -9999.000 -9999.000 -9999.000
-9999.000 -9999.000 -9999.000 -9999.000 -9999.000 -9999.000 -9999.000 -9999.000 -9999.000 -9999.000 -9999.000 -9999.000 -9999.000 -9999.000 -9999.000 0.4478288E-02 0.1016817E-01 0.1697993E-01 0.2342290E-01 0.2915203E-01 0.3387097E-01 0.3738591E-01 0.3961507E-01 0.4052619E-01 0.4013248E-01 0.3849220E-01 0.3560759E-01 0.3118375E-01 0.2395462E-01 0.1288328E-01 0.1288328E-01 -9999.000 -9999.000 -9999.000 -9999.000 -9999.000 -9999.000 -9999.000 -9999.000 -9999.000 -9999.000 -9999.000 -9999.000 -9999.000 -9999.000 -9999.000 -9999.000 -9999.000 -9999.000 -9999.000 -9999.000 -9999.000 -9999.000 -9999.000 -9999.000 -9999.000 -9999.000 -9999.000
-9999.000 -9999.000 -9999.000 -9999.000 -9999.000 -9999.000 -9999.000 -9999.000 -9999.000 -9999.000 -9999.000 -9999.000 -9999.000 -9999.000 -9999.000 0.4854096E-02 0.1093595E-01 0.1814663E-01 0.2496707E-01 0.3104671E-01 0.3607959E-01 0.3986728E-01 0.4233076E-01 0.4343989E-01 0.4321015E-01 0.4170552E-01 0.3892292E-01 0.3452279E-01 0.2706870E-01 0.1480705E-01 0.1480705E-01 -9999.000 -9999.000 -9999.000 -9999.000 -9999.000 -9999.000 -9999.000 -9999.000 -9999.000 -9999.000 -9999.000 -9999.000 -9999.000 -9999.000 -9999.000 -9999.000 -9999.000 -9999.000 -9999.000 -9999.000 -9999.000 -9999.000 -9999.000 -9999.000 -9999.000 -9999.000 -9999.000
-9999.000 -9999.000 -9999.000 -9999.000 -9999.000 -9999.000 -9999.000 -9999.000 -9999.000 -9999.000 -9999.000 -9999.000 -9999.000 -9999.000 -9999.000 0.5278279E-02 0.1180559E-01 0.1947344E-01 0.2672830E-01 0.3321428E-01 0.3861632E-01 0.4273225E-01 0.4548771E-01 0.4685649E-01 0.4685811E-01 0.4556408E-01 0.4296536E-01 0.3866777E-01 0.3102751E-01 0.1728863E-01 0.1728863E-01 -9999.000 -9999.000 -9999.000 -9999.000 -9999.000 -9999.000 -9999.000 -9999.000 -9999.000 -9999.000 -9999.000 -9999.000 -9999.000 -9999.000 -9999.000 -9999.000 -9999.000 -9999.000 -9999.000 -9999.000 -9999.000 -9999.000 -9999.000 -9999.000 -9999.000 -9999.000 -9999.000
-9999.000 -9999.000 -9999.000 -9999.000 -9999.000 -9999.000 -9999.000 -9999.000 -9999.000 -9999.000 -9999.000 -9999.000 -9999.000 -9999.000 -9999.000 0.5765614E-02 0.1280959E-01 0.2101391E-01 0.2878134E-01 0.3575070E-01 0.4159799E-01 0.4611894E-01 0.4924743E-01 0.5096311E-01 0.5129205E-01 0.5031747E-01 0.4802359E-01 0.4394973E-01 0.3619705E-01 0.2057610E-01 0.2057610E-01 -9999.000 -9999.000 -9999.000 -9999.000 -9999.000 -9999.000 -9999.000 -9999.000 -9999.000 -9999.000 -9999.000 -9999.000 -9999.000 -9999.000 -9999.000 -9999.000 -9999.000 -9999.000 -9999.000 -9999.000 -9999.000 -9999.000 -9999.000 -9999.000 -9999.000 -9999.000 -9999.000
-9999.000 -9999.000 -9999.000 -9999.000 -9999.000 -9999.000 -9999.000 -9999.000 -9999.000 -9999.000 -9999.000 -9999.000 -9999.000 -9999.000 -9999.000 0.6396398E-02 0.1410155E-01 0.2299037E-01 0.3139865E-01 0.3896239E-01 0.4535339E-01 0.5037338E-01 0.5397348E-01 0.5614577E-01 0.5692928E-01 0.5642488E-01 0.5461145E-01 0.5094664E-01 0.4321339E-01 0.2511664E-01 0.2511664E-01 -9999.000 -9999.000 -9999.000 -9999.000 -9999.000 -9999.000 -9999.000 -9999.000 -9999.000 -9999.000 -9999.000 -9999.000 -9999.000 -9999.000 -9999.000 -9999.000 -9999.000 -9999.000 -9999.000 -9999.000 -9999.000 -9999.000 -9999.000 -9999.000 -9999.000 -9999.000 -9999.000
-9999.000 -9999.000 -9999.000 -9999.000 -9999.000 -9999.000 -9999.000 -9999.000 -9999.000 -9999.000 -9999.000 -9999.000 -9999.000 -9999.000 -9999.000 0.2083943E-01 0.3405504E-01 0.4665913E-01 0.5589535E-01 0.6227773E-01 0.6624341E-01 0.6824737E-01 0.6872663E-01 0.6797030E-01 0.6623008E-01 0.6370010E-01 0.6034521E-01 0.5550350E-01 0.4665808E-01 0.2353823E-01 0.2353823E-01 -9999.000 -9999.000 -9999.000 -9999.000 -9999.000 -9999.000 -9999.000 -9999.000 -9999.000 -9999.000 -9999.000 -9999.000 -9999.000 -9999.000 -9999.000 -9999.000 -9999.000 -9999.000 -9999.000 -9999.000 -9999.000 -9999.000 -9999.000 -9999.000 -9999.000 -9999.000 -9999.000
2.566677 2.566677 2.608888 2.648823 2.654205 2.654205 2.657257 2.659423 2.659423 2.658307 2.658307 2.654980 2.652692 2.650069 2.647155 2.647155 2.674314 2.667593 2.650612 2.619619 2.571801 2.504664 2.417562 2.311753 2.187832 2.048052 1.897050 1.745573 1.619188 1.580570 1.580570 2.400502 2.560311 2.640673 2.658785 2.658785 2.677910 2.677910 2.640378 2.640378 2.586694 2.383787 2.383787 1.938144 1.938144 1.784864 1.784864 1.784864 1.796273 1.796273 1.836560 1.836560 1.883641 1.883641 1.929047 1.929047 1.967957 1.967957
2.584010 2.584010 2.640787 2.696345 2.712390 2.712390 2.726084 2.749407 2.749407 2.769276 2.769276 2.786767 2.794825 2.802503 2.809844 2.809844 2.833228 2.840003 2.846606 2.850960 2.850568 2.842615 2.824517 2.794140 2.749172 2.688018 2.610286 2.517458 2.419305 2.362428 2.362428 2.807792 2.960322 3.099186 3.134680 3.134680 3.170445 3.170445 3.159353 3.159353 3.131206 3.014804 3.014804 2.756188 2.756188 2.576390 2.576390 2.576390 2.587464 2.587464 2.628652 2.628652 2.678070 2.678070 2.726428 2.726428 2.768766 2.768766
2.588005 2.588005 2.644805 2.696655 2.712884 2.712884 2.726813 2.750648 2.750648 2.771093 2.771093 2.789248 2.797673 2.805741 2.813495 2.813495 2.836251 2.850333 2.866552 2.882449 2.895944 2.905254 2.908919 2.905700 2.894035 2.872316 2.839289 2.794792 2.743586 2.712536 2.712536 2.976369 3.124582 3.289397 3.334949 3.334949 3.376073 3.376073 3.356331 3.356331 3.323173 3.220229 3.220229 3.048825 3.048825 2.869569 2.869569 2.869569 2.866221 2.866221 2.898088 2.898088 2.940546 2.940546 2.982813 2.982813 3.020357 3.020357
2.591199 2.591199 2.647904 2.696584 2.712790 2.712790 2.726762 2.750662 2.750662 2.771124 2.771124 2.789286 2.797716 2.805792 2.813555 2.813555 2.837845 2.858582 2.882658 2.906547 2.927813 2.944833 2.956596 2.962527 2.962062 2.954581 2.939531 2.916864 2.889537 2.874943 2.874943 3.038608 3.172009 3.345489 3.396022 3.396022 3.433159 3.433159 3.394523 3.394523 3.355443 3.269080 3.269080 3.163552 3.163552 3.009079 3.009079 3.009079 2.990541 2.990541 3.011757 3.011757 3.047929 3.047929 3.086252 3.086252 3.120976 3.120976
2.593648 2.593648 2.650271 2.696534 2.712690 2.712690 2.726699 2.750660 2.750660 2.771130 2.771130 2.789287 2.797714 2.805789 2.813551 2.813551 2.842003 2.869489 2.901093 2.932345 2.960461 2.983755 3.001254 3.012505 3.017291 3.015516 3.007234 2.992876 2.974859 2.965206 2.965206 3.068448 3.180713 3.345994 3.392210 3.392210 3.406872 3.406872 3.347683 3.347683 3.311497 3.257629 3.257629 3.208483 3.208483 3.095289 3.095289 3.095289 3.065276 3.065276 3.073607 3.073607 3.101458 3.101458 3.134887 3.134887 3.166342 3.166342
2.595377 2.595377 2.651941 2.696504 2.712606 2.712606 2.726642 2.750656 2.750656 2.771135 2.771135 2.789287 2.797712 2.805785 2.813547 2.813547 2.849501 2.884172 2.923056 2.961104 2.995397 3.024262 3.046766 3.062448 3.071147 3.072899 3.067949 3.056922 3.041882 3.031419 3.031419 3.093649 3.180891 3.317806 3.345706 3.345706 3.319550 3.319550 3.256829 3.256829 3.237028 3.226224 3.226224 3.222023 3.222023 3.155729 3.155729 3.155729 3.122227 3.122227 3.118374 3.118374 3.135912 3.135912 3.162474 3.162474 3.189209 3.189209
2.596406 2.596406 2.652935 2.696490 2.712552 2.712552 2.726605 2.750657 2.750657 2.771146 2.771146 2.789298 2.797724 2.805798 2.813561 2.813561 2.861204 2.903747 2.949713 2.993912 3.033561 3.067161 3.093893 3.113351 3.125381 3.130015 3.127486 3.118366 3.104281 3.091242 3.091242 3.123886 3.183322 3.263816 3.255663 3.255663 3.189128 3.189128 3.155341 3.155341 3.160516 3.190861 3.190861 3.219290 3.219290 3.197229 3.197229 3.197229 3.168978 3.168978 3.156919 3.156919 3.163709 3.163709 3.181589 3.181589 3.201862 3.201862
2.596747 2.596747 2.653266 2.696486 2.712533 2.712533 2.726593 2.750656 2.750656 2.771147 2.771147 2.789299 2.797724 2.805798 2.813560 2.813560 2.878209 2.929449 2.982289 3.031893 3.075913 3.113193 3.143154 3.165521 3.180194 3.187196 3.186692 3.179103 3.165565 3.149879 3.149879 3.159967 3.187266 3.169529 3.114500 3.114500 3.044766 3.044766 3.067529 3.067529 3.095910 3.156884 3.156884 3.207571 3.207571 3.222870 3.222870 3.222870 3.206222 3.206222 3.191607 3.191607 3.189209 3.189209 3.197417 3.197417 3.209609 3.209609
2.596406 2.596406 2.652935 2.696490 2.712552 2.712552 2.726606 2.750657 2.750657 2.771145 2.771145 2.789299 2.797725 2.805799 2.813561 2.813561 2.902107 2.962853 3.022230 3.076311 3.123493 3.163153 3.195079 3.219220 3.235593 3.244246 3.245291 3.238984 3.225932 3.207598 3.207598 3.197320 3.180232 3.014875 2.931925 2.931925 2.919617 2.919617 2.999053 2.999053 3.042983 3.123697 3.123697 3.189565 3.189565 3.234550 3.234550 3.234550 3.232413 3.232413 3.220570 3.220570 3.212061 3.212061 3.210796 3.210796 3.213798 3.213798
2.595378 2.595378 2.651942 2.696504 2.712607 2.712607 2.726643 2.750657 2.750657 2.771135 2.771135 2.789288 2.797713 2.805785 2.813547 2.813547 2.935125 3.005942 3.071186 3.128473 3.177284 3.217729 3.250081 3.274596 3.291464 3.300807 3.302711 3.297277 3.284416 3.261891 3.261891 3.223757 3.130112 2.804653 2.749966 2.749966 2.828296 2.828296 2.943716 2.943716 2.996274 3.089495 3.089495 3.166158 3.166158 3.233891 3.233891 3.233891 3.246264 3.246264 3.240835 3.240835 3.229766 3.229766 3.220332 3.220332 3.213798 3.213798
2.593649 2.593649 2.650272 2.696534 2.712691 2.712691 2.726699 2.750659 2.750659 2.771130 2.771130 2.789287 2.797714 2.805789 2.813550 2.813550 2.980569 3.061376 3.131127 3.189738 3.238147 3.277382 3.308301 3.331525 3.347453 3.356303 3.358165 3.352958 3.339144 3.305325 3.305325 3.207197 2.981122 2.593709 2.615221 2.615221 2.760613 2.760613 2.893160 2.893160 2.950293 3.052095 3.052095 3.136653 3.136653 3.221279 3.221279 3.221279 3.246342 3.246342 3.248863 3.248863 3.238195 3.238195 3.222578 3.222578 3.207014 3.207014
