simulation_files/asc/Velocity__y_87.0.asc
NCOLS        79
NROWS        79
XLLCENTER         -1.500000
YLLCENTER         -4.800000
CELLSIZE           0.100
NODATA_VALUE     -9999.0
[rows 0 to 26 of 79, columns 0 to 58 of 79]
-9999.000 -9999.000 -9999.000 -9999.000 -9999.000 -9999.000 -9999.000 -9999.000 -9999.000 -9999.000 -9999.000 -9999.000 -9999.000 -9999.000 -9999.000 -0.2017220 -0.2006362 -0.2007728 -0.2009933 -0.2012203 -0.2014464 -0.2016802 -0.2019412 -0.2022612 -0.2026872 -0.2032873 -0.2041623 -0.2054622 -0.2072797 -0.2051874 -0.2051874 -9999.000 -9999.000 -9999.000 -9999.000 -9999.000 -9999.000 -9999.000 -9999.000 -9999.000 -9999.000 -9999.000 -9999.000 -9999.000 -9999.000 -9999.000 -9999.000 -9999.000 -9999.000 -9999.000 -9999.000 -9999.000 -9999.000 -9999.000 -9999.000 -9999.000 -9999.000 -9999.000 -9999.000
-9999.000 -9999.000 -9999.000 -9999.000 -9999.000 -9999.000 -9999.000 -9999.000 -9999.000 -9999.000 -9999.000 -9999.000 -9999.000 -9999.000 -9999.000 -0.1991348 -0.1967434 -0.1969900 -0.1974197 -0.1978659 -0.1983117 -0.1987768 -0.1993069 -0.1999747 -0.2008854 -0.2021871 -0.2040879 -0.2068849 -0.2107318 -0.2069314 -0.2069314 -9999.000 -9999.000 -9999.000 -9999.000 -9999.000 -9999.000 -9999.000 -9999.000 -9999.000 -9999.000 -9999.000 -9999.000 -9999.000 -9999.000 -9999.000 -9999.000 -9999.000 -9999.000 -9999.000 -9999.000 -9999.000 -9999.000 -9999.000 -9999.000 -9999.000 -9999.000 -9999.000 -9999.000
-9999.000 -9999.000 -9999.000 -9999.000 -9999.000 -9999.000 -9999.000 -9999.000 -9999.000 -9999.000 -9999.000 -9999.000 -9999.000 -9999.000 -9999.000 -0.1950912 -0.1912430 -0.1916360 -0.1923776 -0.1931875 -0.1940334 -0.1949481 -0.1960103 -0.1973465 -0.1991344 -0.2016144 -0.2051113 -0.2100656 -0.2166409 -0.2114745 -0.2114745 -9999.000 -9999.000 -9999.000 -9999.000 -9999.000 -9999.000 -9999.000 -9999.000 -9999.000 -9999.000 -9999.000 -9999.000 -9999.000 -9999.000 -9999.000 -9999.000 -9999.000 -9999.000 -9999.000 -9999.000 -9999.000 -9999.000 -9999.000 -9999.000 -9999.000 -9999.000 -9999.000 -9999.000
-9999.000 -9999.000 -9999.000 -9999.000 -9999.000 -9999.000 -9999.000 -9999.000 -9999.000 -9999.000 -9999.000 -9999.000 -9999.000 -9999.000 -9999.000 -0.1900327 -0.1847735 -0.1853629 -0.1864953 -0.1877720 -0.1891452 -0.1906613 -0.1924339 -0.1946447 -0.1975464 -0.2014759 -0.2068796 -0.2143528 -0.2240854 -0.2181705 -0.2181705 -9999.000 -9999.000 -9999.000 -9999.000 -9999.000 -9999.000 -9999.000 -9999.000 -9999.000 -9999.000 -9999.000 -9999.000 -9999.000 -9999.000 -9999.000 -9999.000 -9999.000 -9999.000 -9999.000 -9999.000 -9999.000 -9999.000 -9999.000 -9999.000 -9999.000 -9999.000 -9999.000 -9999.000
-9999.000 -9999.000 -9999.000 -9999.000 -9999.000 -9999.000 -9999.000 -9999.000 -9999.000 -9999.000 -9999.000 -9999.000 -9999.000 -9999.000 -9999.000 -0.1840463 -0.1774530 -0.1782864 -0.1798786 -0.1817092 -0.1837136 -0.1859526 -0.1885768 -0.1918268 -0.1960374 -0.2016508 -0.2092496 -0.2196071 -0.2329706 -0.2269924 -0.2269924 -9999.000 -9999.000 -9999.000 -9999.000 -9999.000 -9999.000 -9999.000 -9999.000 -9999.000 -9999.000 -9999.000 -9999.000 -9999.000 -9999.000 -9999.000 -9999.000 -9999.000 -9999.000 -9999.000 -9999.000 -9999.000 -9999.000 -9999.000 -9999.000 -9999.000 -9999.000 -9999.000 -9999.000
-9999.000 -9999.000 -9999.000 -9999.000 -9999.000 -9999.000 -9999.000 -9999.000 -9999.000 -9999.000 -9999.000 -9999.000 -9999.000 -9999.000 -9999.000 -0.1771633 -0.1693533 -0.1704756 -0.1725848 -0.1750389 -0.1777571 -0.1808152 -0.1844048 -0.1888320 -0.1945227 -0.2020399 -0.2121245 -0.2257611 -0.2433064 -0.2380744 -0.2380744 -9999.000 -9999.000 -9999.000 -9999.000 -9999.000 -9999.000 -9999.000 -9999.000 -9999.000 -9999.000 -9999.000 -9999.000 -9999.000 -9999.000 -9999.000 -9999.000 -9999.000 -9999.000 -9999.000 -9999.000 -9999.000 -9999.000 -9999.000 -9999.000 -9999.000 -9999.000 -9999.000 -9999.000
-9999.000 -9999.000 -9999.000 -9999.000 -9999.000 -9999.000 -9999.000 -9999.000 -9999.000 -9999.000 -9999.000 -9999.000 -9999.000 -9999.000 -9999.000 -0.1693656 -0.1605074 -0.1619620 -0.1646344 -0.1677666 -0.1712620 -0.1752148 -0.1798625 -0.1855858 -0.1929155 -0.2025553 -0.2154343 -0.2327959 -0.2551850 -0.2517015 -0.2517015 -9999.000 -9999.000 -9999.000 -9999.000 -9999.000 -9999.000 -9999.000 -9999.000 -9999.000 -9999.000 -9999.000 -9999.000 -9999.000 -9999.000 -9999.000 -9999.000 -9999.000 -9999.000 -9999.000 -9999.000 -9999.000 -9999.000 -9999.000 -9999.000 -9999.000 -9999.000 -9999.000 -9999.000
-9999.000 -9999.000 -9999.000 -9999.000 -9999.000 -9999.000 -9999.000 -9999.000 -9999.000 -9999.000 -9999.000 -9999.000 -9999.000 -9999.000 -9999.000 -0.1605915 -0.1509147 -0.1527462 -0.1560181 -0.1598690 -0.1641891 -0.1690940 -0.1748749 -0.1819987 -0.1911190 -0.2031069 -0.2191199 -0.2407247 -0.2687720 -0.2683302 -0.2683302 -9999.000 -9999.000 -9999.000 -9999.000 -9999.000 -9999.000 -9999.000 -9999.000 -9999.000 -9999.000 -9999.000 -9999.000 -9999.000 -9999.000 -9999.000 -9999.000 -9999.000 -9999.000 -9999.000 -9999.000 -9999.000 -9999.000 -9999.000 -9999.000 -9999.000 -9999.000 -9999.000 -9999.000
-9999.000 -9999.000 -9999.000 -9999.000 -9999.000 -9999.000 -9999.000 -9999.000 -9999.000 -9999.000 -9999.000 -9999.000 -9999.000 -9999.000 -9999.000 -0.1507399 -0.1405444 -0.1428002 -0.1466997 -0.1512973 -0.1564733 -0.1623706 -0.1693431 -0.1779586 -0.1890171 -0.2035903 -0.2231185 -0.2495806 -0.2843067 -0.2886448 -0.2886448 -9999.000 -9999.000 -9999.000 -9999.000 -9999.000 -9999.000 -9999.000 -9999.000 -9999.000 -9999.000 -9999.000 -9999.000 -9999.000 -9999.000 -9999.000 -9999.000 -9999.000 -9999.000 -9999.000 -9999.000 -9999.000 -9999.000 -9999.000 -9999.000 -9999.000 -9999.000 -9999.000 -9999.000
-9999.000 -9999.000 -9999.000 -9999.000 -9999.000 -9999.000 -9999.000 -9999.000 -9999.000 -9999.000 -9999.000 -9999.000 -9999.000 -9999.000 -9999.000 -0.1396726 -0.1293367 -0.1320674 -0.1366141 -0.1419730 -0.1480205 -0.1549322 -0.1631361 -0.1733202 -0.1864583 -0.2038686 -0.2273443 -0.2594012 -0.3021076 -0.3136638 -0.3136638 -9999.000 -9999.000 -9999.000 -9999.000 -9999.000 -9999.000 -9999.000 -9999.000 -9999.000 -9999.000 -9999.000 -9999.000 -9999.000 -9999.000 -9999.000 -9999.000 -9999.000 -9999.000 -9999.000 -9999.000 -9999.000 -9999.000 -9999.000 -9999.000 -9999.000 -9999.000 -9999.000 -9999.000
-9999.000 -9999.000 -9999.000 -9999.000 -9999.000 -9999.000 -9999.000 -9999.000 -9999.000 -9999.000 -9999.000 -9999.000 -9999.000 -9999.000 -9999.000 -0.1272132 -0.1171975 -0.1204577 -0.1256609 -0.1317810 -0.1386964 -0.1466227 -0.1560753 -0.1678845 -0.1832339 -0.2037439 -0.2316577 -0.2702025 -0.3225774 -0.3449353 -0.3449353 -9999.000 -9999.000 -9999.000 -9999.000 -9999.000 -9999.000 -9999.000 -9999.000 -9999.000 -9999.000 -9999.000 -9999.000 -9999.000 -9999.000 -9999.000 -9999.000 -9999.000 -9999.000 -9999.000 -9999.000 -9999.000 -9999.000 -9999.000 -9999.000 -9999.000 -9999.000 -9999.000 -9999.000
-9999.000 -9999.000 -9999.000 -9999.000 -9999.000 -9999.000 -9999.000 -9999.000 -9999.000 -9999.000 -9999.000 -9999.000 -9999.000 -9999.000 -9999.000 -0.1131409 -0.1039910 -0.1078364 -0.1136932 -0.1205550 -0.1283096 -0.1372213 -0.1479078 -0.1613679 -0.1790374 -0.2029117 -0.2358124 -0.2819303 -0.3461976 -0.3849173 -0.3849173 -9999.000 -9999.000 -9999.000 -9999.000 -9999.000 -9999.000 -9999.000 -9999.000 -9999.000 -9999.000 -9999.000 -9999.000 -9999.000 -9999.000 -9999.000 -9999.000 -9999.000 -9999.000 -9999.000 -9999.000 -9999.000 -9999.000 -9999.000 -9999.000 -9999.000 -9999.000 -9999.000 -9999.000
-9999.000 -9999.000 -9999.000 -9999.000 -9999.000 -9999.000 -9999.000 -9999.000 -9999.000 -9999.000 -9999.000 -9999.000 -9999.000 -9999.000 -9999.000 -0.9717416E-01 -0.8951904E-01 -0.9400346E-01 -0.1004940 -0.1080517 -0.1165816 -0.1264058 -0.1382612 -0.1533447 -0.1733948 -0.2008717 -0.2393486 -0.2943425 -0.3734701 -0.4377666 -0.4377666 -9999.000 -9999.000 -9999.000 -9999.000 -9999.000 -9999.000 -9999.000 -9999.000 -9999.000 -9999.000 -9999.000 -9999.000 -9999.000 -9999.000 -9999.000 -9999.000 -9999.000 -9999.000 -9999.000 -9999.000 -9999.000 -9999.000 -9999.000 -9999.000 -9999.000 -9999.000 -9999.000 -9999.000
-9999.000 -9999.000 -9999.000 -9999.000 -9999.000 -9999.000 -9999.000 -9999.000 -9999.000 -9999.000 -9999.000 -9999.000 -9999.000 -9999.000 -9999.000 -0.7887408E-01 -0.7344835E-01 -0.7862805E-01 -0.8571994E-01 -0.9389997E-01 -0.1030960 -0.1136959 -0.1265736 -0.1431555 -0.1655387 -0.1967558 -0.2413570 -0.3067136 -0.4046593 -0.5112129 -0.5112129 -9999.000 -9999.000 -9999.000 -9999.000 -9999.000 -9999.000 -9999.000 -9999.000 -9999.000 -9999.000 -9999.000 -9999.000 -9999.000 -9999.000 -9999.000 -9999.000 -9999.000 -9999.000 -9999.000 -9999.000 -9999.000 -9999.000 -9999.000 -9999.000 -9999.000 -9999.000 -9999.000 -9999.000
-9999.000 -9999.000 -9999.000 -9999.000 -9999.000 -9999.000 -9999.000 -9999.000 -9999.000 -9999.000 -9999.000 -9999.000 -9999.000 -9999.000 -9999.000 -0.5150592E-01 -0.5291925E-01 -0.6014043E-01 -0.6865659E-01 -0.7793672E-01 -0.8801699E-01 -0.9941344E-01 -0.1131891 -0.1310503 -0.1555213 -0.1903341 -0.2413024 -0.3183838 -0.4399772 -0.6208153 -0.6208153 -9999.000 -9999.000 -9999.000 -9999.000 -9999.000 -9999.000 -9999.000 -9999.000 -9999.000 -9999.000 -9999.000 -9999.000 -9999.000 -9999.000 -9999.000 -9999.000 -9999.000 -9999.000 -9999.000 -9999.000 -9999.000 -9999.000 -9999.000 -9999.000 -9999.000 -9999.000 -9999.000 -9999.000
-0.2783871E-02 -0.2783871E-02 -0.3854048E-02 -0.4464486E-02 -0.4519037E-02 -0.4519037E-02 -0.4525722E-02 -0.4502255E-02 -0.4502255E-02 -0.4475395E-02 -0.4475395E-02 -0.4449205E-02 -0.4435070E-02 -0.4339424E-02 -0.3160294E-01 -0.3160294E-01 -0.6250948E-01 -0.7577319E-01 -0.8980387E-01 -0.1040334 -0.1180650 -0.1319335 -0.1462731 -0.1624956 -0.1830418 -0.2118102 -0.2549602 -0.3227013 -0.4329658 -0.6547536 -0.6547536 -0.3876964 -0.2196461 -0.4287498E-01 -0.8426571E-02 -0.8426571E-02 0.1531385E-01 0.1531385E-01 0.5884389E-02 0.5884389E-02 -0.2582529E-01 -0.9114115E-02 -0.9114115E-02 0.5763234E-02 0.5763234E-02 0.1044998E-01 0.1044998E-01 0.1044998E-01 0.9022266E-02 0.9022266E-02 0.6892477E-02 0.6892477E-02 0.6176121E-02 0.6176121E-02 0.3753958E-02 0.3753958E-02 0.2238470E-02 0.2238470E-02 0.2238470E-02
-0.4211433E-02 -0.4211433E-02 -0.5662503E-02 -0.6376645E-02 -0.6409687E-02 -0.6409687E-02 -0.6392468E-02 -0.6343747E-02 -0.6343747E-02 -0.6315818E-02 -0.6315818E-02 -0.6295039E-02 -0.6282973E-02 -0.6115832E-02 -0.5118188E-01 -0.5118188E-01 -0.9602606E-01 -0.1165074 -0.1390330 -0.1622836 -0.1850608 -0.2065084 -0.2262710 -0.2446835 -0.2630056 -0.2837225 -0.3109294 -0.3508196 -0.4114802 -0.5084527 -0.5084527 -0.3290282 -0.1980892 -0.4384352E-01 -0.4608571E-02 -0.4608571E-02 0.3860736E-01 0.3860736E-01 0.4353641E-01 0.4353641E-01 -0.5523627E-02 -0.1157324E-01 -0.1157324E-01 0.1472843E-01 0.1472843E-01 0.2266320E-01 0.2266320E-01 0.2266320E-01 0.1917881E-01 0.1917881E-01 0.1463305E-01 0.1463305E-01 0.9974366E-02 0.9974366E-02 0.7795630E-02 0.7795630E-02 0.5294502E-02 0.5294502E-02 0.5294502E-02
-0.3363208E-02 -0.3363208E-02 -0.4684091E-02 -0.5413362E-02 -0.5444738E-02 -0.5444738E-02 -0.5420411E-02 -0.5366015E-02 -0.5366015E-02 -0.5350737E-02 -0.5350737E-02 -0.5349699E-02 -0.5347659E-02 -0.5163494E-02 -0.4375574E-01 -0.4375574E-01 -0.1054891 -0.1304073 -0.1590182 -0.1897965 -0.2212627 -0.2521362 -0.2814344 -0.3086142 -0.3337220 -0.3575497 -0.3817894 -0.4090870 -0.4422108 -0.4826989 -0.4826989 -0.3749700 -0.2737996 -0.1177133 -0.5779700E-01 -0.5779700E-01 0.4183759E-01 0.4183759E-01 0.1042330 0.1042330 0.7752357E-01 0.1511046E-01 0.1511046E-01 0.2656163E-01 0.2656163E-01 0.3255081E-01 0.3255081E-01 0.3255081E-01 0.2723335E-01 0.2723335E-01 0.2039101E-01 0.2039101E-01 0.1149703E-01 0.1149703E-01 0.9437582E-02 0.9437582E-02 0.6689914E-02 0.6689914E-02 0.6689914E-02
-0.2589179E-02 -0.2589179E-02 -0.3708571E-02 -0.4373487E-02 -0.4396624E-02 -0.4396624E-02 -0.4364818E-02 -0.4299217E-02 -0.4299217E-02 -0.4280692E-02 -0.4280692E-02 -0.4280481E-02 -0.4279281E-02 -0.4100074E-02 -0.3087107E-01 -0.3087107E-01 -0.1081687 -0.1357620 -0.1680468 -0.2035105 -0.2406871 -0.2782440 -0.3149870 -0.3499498 -0.3824937 -0.4123892 -0.4398358 -0.4652725 -0.4883029 -0.5056083 -0.5056083 -0.4337609 -0.3515894 -0.1941325 -0.1176173 -0.1176173 0.3142101E-01 0.3142101E-01 0.1433748 0.1433748 0.1503947 0.7528748E-01 0.7528748E-01 0.4573628E-01 0.4573628E-01 0.3794904E-01 0.3794904E-01 0.3794904E-01 0.3002470E-01 0.3002470E-01 0.2106694E-01 0.2106694E-01 0.1092957E-01 0.1092957E-01 0.6769372E-02 0.6769372E-02 0.4079318E-02 0.4079318E-02 0.4079318E-02
-0.1882351E-02 -0.1882351E-02 -0.2756591E-02 -0.3305718E-02 -0.3322544E-02 -0.3322544E-02 -0.3291374E-02 -0.3227919E-02 -0.3227919E-02 -0.3209512E-02 -0.3209512E-02 -0.3209266E-02 -0.3208555E-02 -0.3051161E-02 -0.2087351E-01 -0.2087351E-01 -0.1083190 -0.1389285 -0.1743474 -0.2133202 -0.2544996 -0.2966436 -0.3385620 -0.3791680 -0.4175346 -0.4529331 -0.4848022 -0.5124701 -0.5339797 -0.5437812 -0.5437812 -0.4903746 -0.4196711 -0.2549566 -0.1628759 -0.1628759 0.2122576E-01 0.2122576E-01 0.1585714 0.1585714 0.1878273 0.1402019 0.1402019 0.7625425E-01 0.7625425E-01 0.4312444E-01 0.4312444E-01 0.4312444E-01 0.2994406E-01 0.2994406E-01 0.1837343E-01 0.1837343E-01 0.7300146E-02 0.7300146E-02 0.1720712E-02 0.1720712E-02 -0.6125525E-03 -0.6125525E-03 -0.6125525E-03
-0.1226319E-02 -0.1226319E-02 -0.1825140E-02 -0.2216265E-02 -0.2227696E-02 -0.2227696E-02 -0.2203208E-02 -0.2153786E-02 -0.2153786E-02 -0.2139075E-02 -0.2139075E-02 -0.2138825E-02 -0.2138477E-02 -0.2010950E-02 -0.1359619E-01 -0.1359619E-01 -0.1074192 -0.1419794 -0.1807723 -0.2230853 -0.2677292 -0.3135546 -0.3594001 -0.4041544 -0.4468037 -0.4864472 -0.5222501 -0.5531188 -0.5762412 -0.5837824 -0.5837824 -0.5383606 -0.4710072 -0.2884345 -0.1824378 -0.1824378 0.1663998E-01 0.1663998E-01 0.1558851 0.1558851 0.1940463 0.1835936 0.1835936 0.1125301 0.1125301 0.5061154E-01 0.5061154E-01 0.5061154E-01 0.2938780E-01 0.2938780E-01 0.1414822E-01 0.1414822E-01 0.1998469E-02 0.1998469E-02 -0.4356296E-02 -0.4356296E-02 -0.6090745E-02 -0.6090745E-02 -0.6090745E-02
-0.6045963E-03 -0.6045963E-03 -0.9087414E-03 -0.1112045E-02 -0.1117781E-02 -0.1117781E-02 -0.1104389E-02 -0.1077547E-02 -0.1077547E-02 -0.1069345E-02 -0.1069345E-02 -0.1069203E-02 -0.1069017E-02 -0.9723539E-03 -0.8382738E-02 -0.8382738E-02 -0.1048314 -0.1455544 -0.1884549 -0.2344272 -0.2826338 -0.3319827 -0.3813245 -0.4295326 -0.4755633 -0.5184808 -0.5574145 -0.5911463 -0.6157197 -0.6201227 -0.6201227 -0.5740319 -0.4995294 -0.2902394 -0.1772190 -0.1772190 0.1456611E-01 0.1456611E-01 0.1414204 0.1414204 0.1806209 0.1978835 0.1978835 0.1434303 0.1434303 0.6121207E-01 0.6121207E-01 0.6121207E-01 0.3013854E-01 0.3013854E-01 0.9952865E-02 0.9952865E-02 -0.3754616E-02 -0.3754616E-02 -0.1053403E-01 -0.1053403E-01 -0.1147952E-01 -0.1147952E-01 -0.1147952E-01
-0.2927678E-07 -0.2927678E-07 -0.7587513E-07 -0.1209492E-06 -0.1261695E-06 -0.1261695E-06 -0.6497783E-07 -0.6425245E-07 -0.6425245E-07 -0.7966002E-07 -0.7966002E-07 -0.2810840E-07 -0.1637313E-07 0.6920895E-04 -0.4618336E-02 -0.4618336E-02 -0.9945001E-01 -0.1494873 -0.1980814 -0.2485458 -0.3007597 -0.3537882 -0.4065534 -0.4579547 -0.5069448 -0.5525782 -0.5939838 -0.6297457 -0.6537599 -0.6496264 -0.6496264 -0.5914952 -0.4984542 -0.2664731 -0.1578524 -0.1578524 0.1066222E-01 0.1066222E-01 0.1203236 0.1203236 0.1571798 0.1895655 0.1895655 0.1597681 0.1597681 0.7306058E-01 0.7306058E-01 0.7306058E-01 0.3283046E-01 0.3283046E-01 0.6971085E-02 0.6971085E-02 -0.8858170E-02 -0.8858170E-02 -0.1597626E-01 -0.1597626E-01 -0.1604488E-01 -0.1604488E-01 -0.1604488E-01
0.6045675E-03 0.6045675E-03 0.9085890E-03 0.1111919E-02 0.1117669E-02 0.1117669E-02 0.1104271E-02 0.1077432E-02 0.1077432E-02 0.1069356E-02 0.1069356E-02 0.1069271E-02 0.1069096E-02 0.1116078E-02 -0.1825404E-02 -0.1825404E-02 -0.9322302E-01 -0.1539631 -0.2106066 -0.2669490 -0.3238064 -0.3807347 -0.4369039 -0.4913339 -0.5430135 -0.5909922 -0.6343927 -0.6713107 -0.6907104 -0.6667527 -0.6667527 -0.5818434 -0.4654815 -0.2313950 -0.1362024 -0.1362024 0.4042534E-02 0.4042534E-02 0.9691384E-01 0.9691384E-01 0.1300944 0.1682002 0.1682002 0.1592941 0.1592941 0.8249906E-01 0.8249906E-01 0.8249906E-01 0.3669827E-01 0.3669827E-01 0.5760403E-02 0.5760403E-02 -0.1239946E-01 -0.1239946E-01 -0.1987088E-01 -0.1987088E-01 -0.1912148E-01 -0.1912148E-01 -0.1912148E-01
0.1226348E-02 0.1226348E-02 0.1825113E-02 0.2216284E-02 0.2227711E-02 0.2227711E-02 0.2203080E-02 0.2153776E-02 0.2153776E-02 0.2139126E-02 0.2139126E-02 0.2138905E-02 0.2138542E-02 0.2168743E-02 0.3363648E-03 0.3363648E-03 -0.9007555E-01 -0.1607453 -0.2275316 -0.2914386 -0.3537920 -0.4148746 -0.4743568 -0.5315586 -0.5856078 -0.6355861 -0.6805827 -0.7172905 -0.7225615 -0.6602322 -0.6602322 -0.5410696 -0.4110115 -0.1971066 -0.1173823 -0.1173823 -0.3171134E-02 -0.3171134E-02 0.7427032E-01 0.7427032E-01 0.1030467 0.1408795 0.1408795 0.1452905 0.1452905 0.8603927E-01 0.8603927E-01 0.8603927E-01 0.3996455E-01 0.3996455E-01 0.6145917E-02 0.6145917E-02 -0.1378840E-01 -0.1378840E-01 -0.2152346E-01 -0.2152346E-01 -0.2015712E-01 -0.2015712E-01 -0.2015712E-01
0.1882341E-02 0.1882341E-02 0.2756594E-02 0.3305815E-02 0.3322713E-02 0.3322713E-02 0.3291261E-02 0.3227962E-02 0.3227962E-02 0.3209435E-02 0.3209435E-02 0.3209238E-02 0.3208599E-02 0.3226711E-02 0.2096547E-02 0.2096547E-02 -0.9469616E-01 -0.1741011 -0.2518388 -0.3247083 -0.3934277 -0.4588799 -0.5214323 -0.5809268 -0.6368010 -0.6882624 -0.7343214 -0.7674560 -0.7356091 -0.6216888 -0.6216888 -0.4792734 -0.3513849 -0.1671235 -0.1021648 -0.1021648 -0.8584726E-02 -0.8584726E-02 0.5411994E-01 0.5411994E-01 0.7791495E-01 0.1118059 0.1118059 0.1227036 0.1227036 0.8194876E-01 0.8194876E-01 0.8194876E-01 0.4070339E-01 0.4070339E-01 0.7389556E-02 0.7389556E-02 -0.1285196E-01 -0.1285196E-01 -0.2048218E-01 -0.2048218E-01 -0.1878399E-01 -0.1878399E-01 -0.1878399E-01
0.2589271E-02 0.2589271E-02 0.3708568E-02 0.4373534E-02 0.4396785E-02 0.4396785E-02 0.4364910E-02 0.4299236E-02 0.4299236E-02 0.4280543E-02 0.4280543E-02 0.4280418E-02 0.4279368E-02 0.4288901E-02 0.3606273E-02 0.3606273E-02 -0.1129689 -0.2012066 -0.2893634 -0.3714381 -0.4468068 -0.5165029 -0.5815670 -0.6425233 -0.6993067 -0.7513924 -0.7975439 -0.8163399 -0.7094926 -0.5632639 -0.5632639 -0.4115022 -0.2926236 -0.1382298 -0.8692649E-01 -0.8692649E-01 -0.1136446E-01 -0.1136446E-01 0.3696237E-01 0.3696237E-01 0.5535015E-01 0.8311518E-01 0.8311518E-01 0.9561539E-01 0.9561539E-01 0.7048766E-01 0.7048766E-01 0.7048766E-01 0.3764873E-01 0.3764873E-01 0.8565364E-02 0.8565364E-02 -0.9805799E-02 -0.9805799E-02 -0.1664063E-01 -0.1664063E-01 -0.1491056E-01 -0.1491056E-01 -0.1491056E-01
