simulation_files/asc/Velocity____139.0.asc
NCOLS        79
NROWS        79
XLLCENTER         -1.500000
YLLCENTER         -4.800000
CELLSIZE           0.100
NODATA_VALUE     -9999.0
[rows 0 to 26 of 79, columns 0 to 59 of 79]
-9999.000 -9999.000 -9999.000 -9999.000 -9999.000 -9999.000 -9999.000 -9999.000 -9999.000 -9999.000 -9999.000 -9999.000 -9999.000 -9999.000 -9999.000 0.1244598 0.1232873 0.1232890 0.1234942 0.1238207 0.1242109 0.1246140 0.1249892 0.1253106 0.1255736 0.1257941 0.1260680 0.1266741 0.1282154 0.1289257 0.1289257 -9999.000 -9999.000 -9999.000 -9999.000 -9999.000 -9999.000 -9999.000 -9999.000 -9999.000 -9999.000 -9999.000 -9999.000 -9999.000 -9999.000 -9999.000 -9999.000 -9999.000 -9999.000 -9999.000 -9999.000 -9999.000 -9999.000 -9999.000 -9999.000 -9999.000 -9999.000 -9999.000 -9999.000 -9999.000
-9999.000 -9999.000 -9999.000 -9999.000 -9999.000 -9999.000 -9999.000 -9999.000 -9999.000 -9999.000 -9999.000 -9999.000 -9999.000 -9999.000 -9999.000 0.1223606 0.1199691 0.1200057 0.1204933 0.1212562 0.1221677 0.1231132 0.1239993 0.1247638 0.1253911 0.1259137 0.1265414 0.1278903 0.1312822 0.1333266 0.1333266 -9999.000 -9999.000 -9999.000 -9999.000 -9999.000 -9999.000 -9999.000 -9999.000 -9999.000 -9999.000 -9999.000 -9999.000 -9999.000 -9999.000 -9999.000 -9999.000 -9999.000 -9999.000 -9999.000 -9999.000 -9999.000 -9999.000 -9999.000 -9999.000 -9999.000 -9999.000 -9999.000 -9999.000 -9999.000
-9999.000 -9999.000 -9999.000 -9999.000 -9999.000 -9999.000 -9999.000 -9999.000 -9999.000 -9999.000 -9999.000 -9999.000 -9999.000 -9999.000 -9999.000 0.1188784 0.1152527 0.1153468 0.1162064 0.1175465 0.1191595 0.1208569 0.1224847 0.1239393 0.1251937 0.1263012 0.1276018 0.1300964 0.1359103 0.1401049 0.1401049 -9999.000 -9999.000 -9999.000 -9999.000 -9999.000 -9999.000 -9999.000 -9999.000 -9999.000 -9999.000 -9999.000 -9999.000 -9999.000 -9999.000 -9999.000 -9999.000 -9999.000 -9999.000 -9999.000 -9999.000 -9999.000 -9999.000 -9999.000 -9999.000 -9999.000 -9999.000 -9999.000 -9999.000 -9999.000
-9999.000 -9999.000 -9999.000 -9999.000 -9999.000 -9999.000 -9999.000 -9999.000 -9999.000 -9999.000 -9999.000 -9999.000 -9999.000 -9999.000 -9999.000 0.1147007 0.1099486 0.1101318 0.1114125 0.1133959 0.1157898 0.1183309 0.1208045 0.1230648 0.1250713 0.1268950 0.1290060 0.1328038 0.1412676 0.1482429 0.1482429 -9999.000 -9999.000 -9999.000 -9999.000 -9999.000 -9999.000 -9999.000 -9999.000 -9999.000 -9999.000 -9999.000 -9999.000 -9999.000 -9999.000 -9999.000 -9999.000 -9999.000 -9999.000 -9999.000 -9999.000 -9999.000 -9999.000 -9999.000 -9999.000 -9999.000 -9999.000 -9999.000 -9999.000 -9999.000
-9999.000 -9999.000 -9999.000 -9999.000 -9999.000 -9999.000 -9999.000 -9999.000 -9999.000 -9999.000 -9999.000 -9999.000 -9999.000 -9999.000 -9999.000 0.1100090 0.1042183 0.1045157 0.1062561 0.1089330 0.1121668 0.1156173 0.1190086 0.1221523 0.1249934 0.1276201 0.1306368 0.1358647 0.1472013 0.1576403 0.1576403 -9999.000 -9999.000 -9999.000 -9999.000 -9999.000 -9999.000 -9999.000 -9999.000 -9999.000 -9999.000 -9999.000 -9999.000 -9999.000 -9999.000 -9999.000 -9999.000 -9999.000 -9999.000 -9999.000 -9999.000 -9999.000 -9999.000 -9999.000 -9999.000 -9999.000 -9999.000 -9999.000 -9999.000 -9999.000
-9999.000 -9999.000 -9999.000 -9999.000 -9999.000 -9999.000 -9999.000 -9999.000 -9999.000 -9999.000 -9999.000 -9999.000 -9999.000 -9999.000 -9999.000 0.1048876 0.9814619E-01 0.9858463E-01 0.1008213 0.1042373 0.1083607 0.1127728 0.1171360 0.1212193 0.1249535 0.1284458 0.1324402 0.1392101 0.1536525 0.1683424 0.1683424 -9999.000 -9999.000 -9999.000 -9999.000 -9999.000 -9999.000 -9999.000 -9999.000 -9999.000 -9999.000 -9999.000 -9999.000 -9999.000 -9999.000 -9999.000 -9999.000 -9999.000 -9999.000 -9999.000 -9999.000 -9999.000 -9999.000 -9999.000 -9999.000 -9999.000 -9999.000 -9999.000 -9999.000 -9999.000
-9999.000 -9999.000 -9999.000 -9999.000 -9999.000 -9999.000 -9999.000 -9999.000 -9999.000 -9999.000 -9999.000 -9999.000 -9999.000 -9999.000 -9999.000 0.9936224E-01 0.9176913E-01 0.9238205E-01 0.9515571E-01 0.9935739E-01 0.1044171 0.1098365 0.1152156 0.1202820 0.1249538 0.1293591 0.1343903 0.1428093 0.1606131 0.1805015 0.1805015 -9999.000 -9999.000 -9999.000 -9999.000 -9999.000 -9999.000 -9999.000 -9999.000 -9999.000 -9999.000 -9999.000 -9999.000 -9999.000 -9999.000 -9999.000 -9999.000 -9999.000 -9999.000 -9999.000 -9999.000 -9999.000 -9999.000 -9999.000 -9999.000 -9999.000 -9999.000 -9999.000 -9999.000 -9999.000
-9999.000 -9999.000 -9999.000 -9999.000 -9999.000 -9999.000 -9999.000 -9999.000 -9999.000 -9999.000 -9999.000 -9999.000 -9999.000 -9999.000 -9999.000 0.9342303E-01 0.8509608E-01 0.8592783E-01 0.8928731E-01 0.9432542E-01 0.1003684 0.1068365 0.1132694 0.1193549 0.1249993 0.1303560 0.1364751 0.1466518 0.1681052 0.1943673 0.1943673 -9999.000 -9999.000 -9999.000 -9999.000 -9999.000 -9999.000 -9999.000 -9999.000 -9999.000 -9999.000 -9999.000 -9999.000 -9999.000 -9999.000 -9999.000 -9999.000 -9999.000 -9999.000 -9999.000 -9999.000 -9999.000 -9999.000 -9999.000 -9999.000 -9999.000 -9999.000 -9999.000 -9999.000 -9999.000
-9999.000 -9999.000 -9999.000 -9999.000 -9999.000 -9999.000 -9999.000 -9999.000 -9999.000 -9999.000 -9999.000 -9999.000 -9999.000 -9999.000 -9999.000 0.8703607E-01 0.7811910E-01 0.7922967E-01 0.8323629E-01 0.8916903E-01 0.9624354E-01 0.1037993 0.1113194 0.1184535 0.1250990 0.1314385 0.1386914 0.1507397 0.1761721 0.2102981 0.2102981 -9999.000 -9999.000 -9999.000 -9999.000 -9999.000 -9999.000 -9999.000 -9999.000 -9999.000 -9999.000 -9999.000 -9999.000 -9999.000 -9999.000 -9999.000 -9999.000 -9999.000 -9999.000 -9999.000 -9999.000 -9999.000 -9999.000 -9999.000 -9999.000 -9999.000 -9999.000 -9999.000 -9999.000 -9999.000
-9999.000 -9999.000 -9999.000 -9999.000 -9999.000 -9999.000 -9999.000 -9999.000 -9999.000 -9999.000 -9999.000 -9999.000 -9999.000 -9999.000 -9999.000 0.8015024E-01 0.7081986E-01 0.7229336E-01 0.7702685E-01 0.8392189E-01 0.9207749E-01 0.1007572 0.1093925 0.1175992 0.1252680 0.1326155 0.1410440 0.1550836 0.1848729 0.2287954 0.2287954 -9999.000 -9999.000 -9999.000 -9999.000 -9999.000 -9999.000 -9999.000 -9999.000 -9999.000 -9999.000 -9999.000 -9999.000 -9999.000 -9999.000 -9999.000 -9999.000 -9999.000 -9999.000 -9999.000 -9999.000 -9999.000 -9999.000 -9999.000 -9999.000 -9999.000 -9999.000 -9999.000 -9999.000 -9999.000
-9999.000 -9999.000 -9999.000 -9999.000 -9999.000 -9999.000 -9999.000 -9999.000 -9999.000 -9999.000 -9999.000 -9999.000 -9999.000 -9999.000 -9999.000 0.7269870E-01 0.6317580E-01 0.6513327E-01 0.7070052E-01 0.7863683E-01 0.8792329E-01 0.9775819E-01 0.1075311 0.1168280 0.1255352 0.1339094 0.1435492 0.1597062 0.1942853 0.2505652 0.2505652 -9999.000 -9999.000 -9999.000 -9999.000 -9999.000 -9999.000 -9999.000 -9999.000 -9999.000 -9999.000 -9999.000 -9999.000 -9999.000 -9999.000 -9999.000 -9999.000 -9999.000 -9999.000 -9999.000 -9999.000 -9999.000 -9999.000 -9999.000 -9999.000 -9999.000 -9999.000 -9999.000 -9999.000 -9999.000
-9999.000 -9999.000 -9999.000 -9999.000 -9999.000 -9999.000 -9999.000 -9999.000 -9999.000 -9999.000 -9999.000 -9999.000 -9999.000 -9999.000 -9999.000 0.6459769E-01 0.5516691E-01 0.5779088E-01 0.6433912E-01 0.7340781E-01 0.8387116E-01 0.9488426E-01 0.1058082 0.1162046 0.1259587 0.1353712 0.1462514 0.1646540 0.2045127 0.2766257 0.2766257 -9999.000 -9999.000 -9999.000 -9999.000 -9999.000 -9999.000 -9999.000 -9999.000 -9999.000 -9999.000 -9999.000 -9999.000 -9999.000 -9999.000 -9999.000 -9999.000 -9999.000 -9999.000 -9999.000 -9999.000 -9999.000 -9999.000 -9999.000 -9999.000 -9999.000 -9999.000 -9999.000 -9999.000 -9999.000
-9999.000 -9999.000 -9999.000 -9999.000 -9999.000 -9999.000 -9999.000 -9999.000 -9999.000 -9999.000 -9999.000 -9999.000 -9999.000 -9999.000 -9999.000 0.5574208E-01 0.4679569E-01 0.5037935E-01 0.5811290E-01 0.6841172E-01 0.8008486E-01 0.9228376E-01 0.1043600 0.1158569 0.1266586 0.1371149 0.1492560 0.1700269 0.2157024 0.3084963 0.3084963 -9999.000 -9999.000 -9999.000 -9999.000 -9999.000 -9999.000 -9999.000 -9999.000 -9999.000 -9999.000 -9999.000 -9999.000 -9999.000 -9999.000 -9999.000 -9999.000 -9999.000 -9999.000 -9999.000 -9999.000 -9999.000 -9999.000 -9999.000 -9999.000 -9999.000 -9999.000 -9999.000 -9999.000 -9999.000
-9999.000 -9999.000 -9999.000 -9999.000 -9999.000 -9999.000 -9999.000 -9999.000 -9999.000 -9999.000 -9999.000 -9999.000 -9999.000 -9999.000 -9999.000 0.4596899E-01 0.3816717E-01 0.4325944E-01 0.5248296E-01 0.6410481E-01 0.7698446E-01 0.9033941E-01 0.1035385 0.1161127 0.1279468 0.1394403 0.1528469 0.1760779 0.2281093 0.3485748 0.3485748 -9999.000 -9999.000 -9999.000 -9999.000 -9999.000 -9999.000 -9999.000 -9999.000 -9999.000 -9999.000 -9999.000 -9999.000 -9999.000 -9999.000 -9999.000 -9999.000 -9999.000 -9999.000 -9999.000 -9999.000 -9999.000 -9999.000 -9999.000 -9999.000 -9999.000 -9999.000 -9999.000 -9999.000 -9999.000
-9999.000 -9999.000 -9999.000 -9999.000 -9999.000 -9999.000 -9999.000 -9999.000 -9999.000 -9999.000 -9999.000 -9999.000 -9999.000 -9999.000 -9999.000 0.3458328E-01 0.4132060E-01 0.5442485E-01 0.6671665E-01 0.7845298E-01 0.9000736E-01 0.1015484 0.1129673 0.1240249 0.1346739 0.1453526 0.1584948 0.1830782 0.2413637 0.3981978 0.3981978 -9999.000 -9999.000 -9999.000 -9999.000 -9999.000 -9999.000 -9999.000 -9999.000 -9999.000 -9999.000 -9999.000 -9999.000 -9999.000 -9999.000 -9999.000 -9999.000 -9999.000 -9999.000 -9999.000 -9999.000 -9999.000 -9999.000 -9999.000 -9999.000 -9999.000 -9999.000 -9999.000 -9999.000 -9999.000
2.379074 2.379074 2.427572 2.470210 2.476757 2.476757 2.480861 2.484943 2.484943 2.485617 2.485617 2.484003 2.482538 2.480713 2.478572 2.478572 2.384772 2.360371 2.327693 2.282687 2.222663 2.146379 2.053651 1.945206 1.822816 1.690180 1.554407 1.428824 1.342297 1.366361 1.366361 2.170171 2.314332 2.368873 2.376390 2.376390 2.372248 2.372248 2.303465 2.303465 2.230878 1.808954 1.808954 1.567165 1.567165 1.515400 1.515400 1.515400 1.554596 1.554596 1.604283 1.604283 1.653110 1.653110 1.695621 1.695621 1.729192 1.729192 1.729192 1.752258
2.394799 2.394799 2.458055 2.514952 2.531585 2.531585 2.545760 2.569864 2.569864 2.590394 2.590394 2.608482 2.616810 2.624736 2.632308 2.632308 2.588503 2.584902 2.584776 2.582844 2.575361 2.559497 2.532903 2.493608 2.440141 2.370597 2.285254 2.194842 2.113650 2.088792 2.088792 2.534506 2.680418 2.805127 2.834016 2.834016 2.854645 2.854645 2.824251 2.824251 2.784464 2.577812 2.577812 2.329525 2.329525 2.261395 2.261395 2.261395 2.299383 2.299383 2.347298 2.347298 2.395553 2.395553 2.440295 2.440295 2.478441 2.478441 2.478441 2.507613
2.398324 2.398324 2.462066 2.515223 2.532023 2.532023 2.546428 2.571035 2.571035 2.592115 2.592115 2.610832 2.619507 2.627802 2.635764 2.635764 2.605852 2.607182 2.616824 2.628736 2.638995 2.645216 2.645701 2.638940 2.623455 2.597442 2.560005 2.515286 2.470853 2.454408 2.454408 2.736626 2.871807 3.016754 3.053832 3.053832 3.077604 3.077604 3.042008 3.042008 3.003817 2.868226 2.868226 2.671249 2.671249 2.577805 2.577805 2.577805 2.604013 2.604013 2.644059 2.644059 2.685944 2.685944 2.724675 2.724675 2.757416 2.757416 2.757416 2.782676
2.401137 2.401137 2.465140 2.515149 2.531903 2.531903 2.546354 2.571040 2.571040 2.592142 2.592142 2.610866 2.619545 2.627848 2.635818 2.635818 2.617104 2.622155 2.637224 2.655928 2.673898 2.688744 2.699204 2.704500 2.703984 2.696736 2.682166 2.662599 2.643093 2.641847 2.641847 2.820593 2.943929 3.092206 3.130102 3.130102 3.143883 3.143883 3.095446 3.095446 3.059236 2.970036 2.970036 2.832080 2.832080 2.723134 2.723134 2.723134 2.736171 2.736171 2.769727 2.769727 2.807654 2.807654 2.843021 2.843021 2.872882 2.872882 2.872882 2.895839
2.403288 2.403288 2.467471 2.515104 2.531781 2.531781 2.546267 2.571030 2.571030 2.592149 2.592149 2.610865 2.619541 2.627842 2.635811 2.635811 2.629197 2.639656 2.660158 2.684553 2.708342 2.728981 2.745198 2.756418 2.762415 2.762956 2.758029 2.749487 2.741391 2.746469 2.746469 2.865333 2.972312 3.107985 3.135903 3.135903 3.122665 3.122665 3.066202 3.066202 3.040019 2.995726 2.995726 2.918376 2.918376 2.812163 2.812163 2.812163 2.809941 2.809941 2.834412 2.834412 2.867232 2.867232 2.899279 2.899279 2.926536 2.926536 2.926536 2.947254
2.404803 2.404803 2.469108 2.515083 2.531681 2.531681 2.546191 2.571021 2.571021 2.592154 2.592154 2.610865 2.619539 2.627838 2.635806 2.635806 2.642698 2.660347 2.686897 2.716726 2.745664 2.771227 2.792103 2.807693 2.817838 2.822549 2.822099 2.818074 2.813944 2.819083 2.819083 2.898316 2.984739 3.085478 3.089215 3.089215 3.041347 3.041347 2.997110 2.997110 2.989701 2.988714 2.988714 2.962836 2.962836 2.878076 2.878076 2.878076 2.863071 2.863071 2.876377 2.876377 2.902112 2.902112 2.929634 2.929634 2.953496 2.953496 2.953496 2.971406
2.405704 2.405704 2.470078 2.515077 2.531616 2.531616 2.546141 2.571015 2.571015 2.592158 2.592158 2.610866 2.619538 2.627835 2.635803 2.635803 2.658428 2.684838 2.718137 2.753330 2.786911 2.816731 2.841583 2.860869 2.874393 2.882188 2.884555 2.882747 2.879591 2.881915 2.881915 2.931477 2.991167 3.022112 2.989693 2.989693 2.925236 2.925236 2.919647 2.919647 2.933717 2.968326 2.968326 2.980527 2.980527 2.928837 2.928837 2.928837 2.907742 2.907742 2.910251 2.910251 2.927220 2.927220 2.948522 2.948522 2.967710 2.967710 2.967710 2.981951
2.406002 2.406002 2.470401 2.515076 2.531594 2.531594 2.546123 2.571012 2.571012 2.592160 2.592160 2.610866 2.619537 2.627835 2.635802 2.635802 2.677633 2.714118 2.754768 2.795289 2.833033 2.866410 2.894495 2.916798 2.933122 2.943472 2.948074 2.947823 2.944796 2.943281 2.943281 2.967125 2.987674 2.903575 2.841628 2.841628 2.804964 2.804964 2.850128 2.850128 2.881850 2.941823 2.941823 2.980330 2.980330 2.964728 2.964728 2.964728 2.945484 2.945484 2.940155 2.940155 2.947865 2.947865 2.961445 2.961445 2.974581 2.974581 2.974581 2.984230
2.405704 2.405704 2.470078 2.515077 2.531616 2.531616 2.546141 2.571015 2.571015 2.592159 2.592159 2.610866 2.619537 2.627835 2.635802 2.635802 2.702057 2.749672 2.798028 2.843721 2.885088 2.921243 2.951696 2.976182 2.994589 3.006922 3.013329 3.014383 3.011289 3.004841 3.004841 2.998877 2.952502 2.726932 2.672423 2.672423 2.704555 2.704555 2.791867 2.791867 2.835189 2.912006 2.912006 2.968467 2.968467 2.985860 2.985860 2.985860 2.974727 2.974727 2.965950 2.965950 2.965370 2.965370 2.970356 2.970356 2.976233 2.976233 2.976233 2.980448
2.404803 2.404803 2.469108 2.515084 2.531682 2.531682 2.546192 2.571022 2.571022 2.592155 2.592155 2.610864 2.619539 2.627838 2.635806 2.635806 2.734130 2.793617 2.849649 2.900074 2.944327 2.982330 3.014130 3.039789 3.059366 3.072923 3.080570 3.082602 3.078974 3.063384 3.063384 3.004992 2.841709 2.525363 2.524941 2.524941 2.628472 2.628472 2.741311 2.741311 2.791547 2.879733 2.879733 2.948637 2.948637 2.993088 2.993088 2.993088 2.993294 2.993294 2.985348 2.985348 2.978584 2.978584 2.974975 2.974975 2.972837 2.972837 2.972837 2.971040
2.403288 2.403288 2.467471 2.515104 2.531781 2.531781 2.546268 2.571031 2.571031 2.592149 2.592149 2.610865 2.619542 2.627843 2.635812 2.635812 2.777332 2.848945 2.912028 2.966235 3.012265 3.050914 3.082824 3.108451 3.128086 3.141902 3.150020 3.152425 3.146258 3.105570 3.105570 2.931522 2.613804 2.357058 2.418936 2.418936 2.566051 2.566051 2.692791 2.692791 2.747266 2.843747 2.843747 2.921445 2.921445 2.986583 2.986583 2.986583 2.998554 2.998554 2.994437 2.994437 2.984008 2.984008 2.972672 2.972672 2.962450 2.962450 2.962450 2.954517
2.401136 2.401136 2.465140 2.515149 2.531904 2.531904 2.546354 2.571041 2.571041 2.592143 2.592143 2.610865 2.619545 2.627849 2.635818 2.635818 2.836905 2.919974 2.988509 3.044724 3.090788 3.128425 3.158888 3.183034 3.201408 3.214324 3.221945 3.223552 3.206714 3.085306 3.085306 2.695127 2.286532 2.251235 2.331269 2.331269 2.503248 2.503248 2.639063 2.639063 2.696465 2.799843 2.799843 2.883986 2.883986 2.964389 2.964389 2.964389 2.986760 2.986760 2.987760 2.987760 2.975817 2.975817 2.958240 2.958240 2.940660 2.940660 2.940660 2.927080
