simulation_files/asc/Velocity____245.0.asc
NCOLS        79
NROWS        79
XLLCENTER         -1.500000
YLLCENTER         -4.800000
CELLSIZE           0.100
NODATA_VALUE     -9999.0
[rows 0 to 26 of 79, columns 0 to 59 of 79]
-9999.000 -9999.000 -9999.000 -9999.000 -9999.000 -9999.000 -9999.000 -9999.000 -9999.000 -9999.000 -9999.000 -9999.000 -9999.000 -9999.000 -9999.000 0.9088527E-01 0.8784146E-01 0.8667152E-01 0.8657147E-01 0.8756039E-01 0.8889451E-01 0.9017267E-01 0.9124789E-01 0.9200742E-01 0.9248703E-01 0.9274445E-01 0.9285776E-01 0.9302963E-01 0.9385223E-01 0.9484822E-01 0.9484822E-01 -9999.000 -9999.000 -9999.000 -9999.000 -9999.000 -9999.000 -9999.000 -9999.000 -9999.000 -9999.000 -9999.000 -9999.000 -9999.000 -9999.000 -9999.000 -9999.000 -9999.000 -9999.000 -9999.000 -9999.000 -9999.000 -9999.000 -9999.000 -9999.000 -9999.000 -9999.000 -9999.000 -9999.000 -9999.000
-9999.000 -9999.000 -9999.000 -9999.000 -9999.000 -9999.000 -9999.000 -9999.000 -9999.000 -9999.000 -9999.000 -9999.000 -9999.000 -9999.000 -9999.000 0.9133951E-01 0.8499579E-01 0.8262797E-01 0.8246612E-01 0.8447558E-01 0.8716173E-01 0.8976834E-01 0.9203219E-01 0.9372269E-01 0.9489258E-01 0.9564003E-01 0.9611461E-01 0.9675447E-01 0.9886284E-01 0.1016151 0.1016151 -9999.000 -9999.000 -9999.000 -9999.000 -9999.000 -9999.000 -9999.000 -9999.000 -9999.000 -9999.000 -9999.000 -9999.000 -9999.000 -9999.000 -9999.000 -9999.000 -9999.000 -9999.000 -9999.000 -9999.000 -9999.000 -9999.000 -9999.000 -9999.000 -9999.000 -9999.000 -9999.000 -9999.000 -9999.000
-9999.000 -9999.000 -9999.000 -9999.000 -9999.000 -9999.000 -9999.000 -9999.000 -9999.000 -9999.000 -9999.000 -9999.000 -9999.000 -9999.000 -9999.000 0.9079535E-01 0.8086029E-01 0.7706177E-01 0.7677043E-01 0.7989849E-01 0.8410235E-01 0.8824727E-01 0.9196654E-01 0.9491362E-01 0.9716238E-01 0.9884174E-01 0.1001536 0.1017603 0.1057192 0.1110613 0.1110613 -9999.000 -9999.000 -9999.000 -9999.000 -9999.000 -9999.000 -9999.000 -9999.000 -9999.000 -9999.000 -9999.000 -9999.000 -9999.000 -9999.000 -9999.000 -9999.000 -9999.000 -9999.000 -9999.000 -9999.000 -9999.000 -9999.000 -9999.000 -9999.000 -9999.000 -9999.000 -9999.000 -9999.000 -9999.000
-9999.000 -9999.000 -9999.000 -9999.000 -9999.000 -9999.000 -9999.000 -9999.000 -9999.000 -9999.000 -9999.000 -9999.000 -9999.000 -9999.000 -9999.000 0.8972704E-01 0.7621606E-01 0.7097326E-01 0.7056759E-01 0.7483739E-01 0.8057044E-01 0.8627416E-01 0.9150112E-01 0.9579412E-01 0.9924996E-01 0.1020184 0.1043384 0.1070887 0.1130993 0.1215592 0.1215592 -9999.000 -9999.000 -9999.000 -9999.000 -9999.000 -9999.000 -9999.000 -9999.000 -9999.000 -9999.000 -9999.000 -9999.000 -9999.000 -9999.000 -9999.000 -9999.000 -9999.000 -9999.000 -9999.000 -9999.000 -9999.000 -9999.000 -9999.000 -9999.000 -9999.000 -9999.000 -9999.000 -9999.000 -9999.000
-9999.000 -9999.000 -9999.000 -9999.000 -9999.000 -9999.000 -9999.000 -9999.000 -9999.000 -9999.000 -9999.000 -9999.000 -9999.000 -9999.000 -9999.000 0.8835761E-01 0.7124671E-01 0.6455522E-01 0.6407748E-01 0.6953238E-01 0.7681016E-01 0.8408462E-01 0.9084832E-01 0.9653582E-01 0.1012696 0.1052135 0.1086355 0.1126341 0.1208517 0.1329674 0.1329674 -9999.000 -9999.000 -9999.000 -9999.000 -9999.000 -9999.000 -9999.000 -9999.000 -9999.000 -9999.000 -9999.000 -9999.000 -9999.000 -9999.000 -9999.000 -9999.000 -9999.000 -9999.000 -9999.000 -9999.000 -9999.000 -9999.000 -9999.000 -9999.000 -9999.000 -9999.000 -9999.000 -9999.000 -9999.000
-9999.000 -9999.000 -9999.000 -9999.000 -9999.000 -9999.000 -9999.000 -9999.000 -9999.000 -9999.000 -9999.000 -9999.000 -9999.000 -9999.000 -9999.000 0.8675606E-01 0.6601926E-01 0.5789795E-01 0.5743024E-01 0.6413175E-01 0.7296617E-01 0.8181178E-01 0.9012549E-01 0.9723352E-01 0.1032870 0.1084578 0.1130391 0.1183580 0.1289242 0.1453060 0.1453060 -9999.000 -9999.000 -9999.000 -9999.000 -9999.000 -9999.000 -9999.000 -9999.000 -9999.000 -9999.000 -9999.000 -9999.000 -9999.000 -9999.000 -9999.000 -9999.000 -9999.000 -9999.000 -9999.000 -9999.000 -9999.000 -9999.000 -9999.000 -9999.000 -9999.000 -9999.000 -9999.000 -9999.000 -9999.000
-9999.000 -9999.000 -9999.000 -9999.000 -9999.000 -9999.000 -9999.000 -9999.000 -9999.000 -9999.000 -9999.000 -9999.000 -9999.000 -9999.000 -9999.000 0.8492344E-01 0.6054777E-01 0.5104948E-01 0.5072773E-01 0.5874557E-01 0.6913200E-01 0.7953314E-01 0.8939683E-01 0.9793673E-01 0.1053360 0.1117681 0.1175479 0.1242461 0.1373077 0.1586877 0.1586877 -9999.000 -9999.000 -9999.000 -9999.000 -9999.000 -9999.000 -9999.000 -9999.000 -9999.000 -9999.000 -9999.000 -9999.000 -9999.000 -9999.000 -9999.000 -9999.000 -9999.000 -9999.000 -9999.000 -9999.000 -9999.000 -9999.000 -9999.000 -9999.000 -9999.000 -9999.000 -9999.000 -9999.000 -9999.000
-9999.000 -9999.000 -9999.000 -9999.000 -9999.000 -9999.000 -9999.000 -9999.000 -9999.000 -9999.000 -9999.000 -9999.000 -9999.000 -9999.000 -9999.000 0.8282797E-01 0.5482275E-01 0.4405339E-01 0.4409574E-01 0.5348937E-01 0.6538697E-01 0.7730354E-01 0.8870272E-01 0.9867439E-01 0.1074356 0.1151535 0.1221615 0.1302933 0.1460129 0.1732937 0.1732937 -9999.000 -9999.000 -9999.000 -9999.000 -9999.000 -9999.000 -9999.000 -9999.000 -9999.000 -9999.000 -9999.000 -9999.000 -9999.000 -9999.000 -9999.000 -9999.000 -9999.000 -9999.000 -9999.000 -9999.000 -9999.000 -9999.000 -9999.000 -9999.000 -9999.000 -9999.000 -9999.000 -9999.000 -9999.000
-9999.000 -9999.000 -9999.000 -9999.000 -9999.000 -9999.000 -9999.000 -9999.000 -9999.000 -9999.000 -9999.000 -9999.000 -9999.000 -9999.000 -9999.000 0.8041830E-01 0.4882478E-01 0.3698497E-01 0.3774376E-01 0.4851696E-01 0.6181742E-01 0.7517319E-01 0.8807529E-01 0.9946723E-01 0.1095986 0.1186200 0.1268799 0.1364991 0.1550610 0.1893737 0.1893737 -9999.000 -9999.000 -9999.000 -9999.000 -9999.000 -9999.000 -9999.000 -9999.000 -9999.000 -9999.000 -9999.000 -9999.000 -9999.000 -9999.000 -9999.000 -9999.000 -9999.000 -9999.000 -9999.000 -9999.000 -9999.000 -9999.000 -9999.000 -9999.000 -9999.000 -9999.000 -9999.000 -9999.000 -9999.000
-9999.000 -9999.000 -9999.000 -9999.000 -9999.000 -9999.000 -9999.000 -9999.000 -9999.000 -9999.000 -9999.000 -9999.000 -9999.000 -9999.000 -9999.000 0.7762908E-01 0.4253273E-01 0.3001554E-01 0.3206360E-01 0.4405553E-01 0.5853265E-01 0.7319991E-01 0.8754919E-01 0.1003368 0.1118382 0.1221739 0.1317035 0.1428643 0.1644796 0.2072615 0.2072615 -9999.000 -9999.000 -9999.000 -9999.000 -9999.000 -9999.000 -9999.000 -9999.000 -9999.000 -9999.000 -9999.000 -9999.000 -9999.000 -9999.000 -9999.000 -9999.000 -9999.000 -9999.000 -9999.000 -9999.000 -9999.000 -9999.000 -9999.000 -9999.000 -9999.000 -9999.000 -9999.000 -9999.000 -9999.000
-9999.000 -9999.000 -9999.000 -9999.000 -9999.000 -9999.000 -9999.000 -9999.000 -9999.000 -9999.000 -9999.000 -9999.000 -9999.000 -9999.000 -9999.000 0.7438117E-01 0.3593444E-01 0.2357711E-01 0.2778036E-01 0.4044235E-01 0.5568027E-01 0.7145920E-01 0.8716916E-01 0.1013106 0.1141721 0.1258247 0.1366351 0.1493920 0.1743007 0.2274038 0.2274038 -9999.000 -9999.000 -9999.000 -9999.000 -9999.000 -9999.000 -9999.000 -9999.000 -9999.000 -9999.000 -9999.000 -9999.000 -9999.000 -9999.000 -9999.000 -9999.000 -9999.000 -9999.000 -9999.000 -9999.000 -9999.000 -9999.000 -9999.000 -9999.000 -9999.000 -9999.000 -9999.000 -9999.000 -9999.000
-9999.000 -9999.000 -9999.000 -9999.000 -9999.000 -9999.000 -9999.000 -9999.000 -9999.000 -9999.000 -9999.000 -9999.000 -9999.000 -9999.000 -9999.000 0.7057866E-01 0.2905282E-01 0.1878204E-01 0.2600959E-01 0.3814280E-01 0.5346160E-01 0.7005528E-01 0.8699857E-01 0.1024305 0.1166283 0.1295898 0.1416825 0.1560879 0.1845627 0.2504098 0.2504098 -9999.000 -9999.000 -9999.000 -9999.000 -9999.000 -9999.000 -9999.000 -9999.000 -9999.000 -9999.000 -9999.000 -9999.000 -9999.000 -9999.000 -9999.000 -9999.000 -9999.000 -9999.000 -9999.000 -9999.000 -9999.000 -9999.000 -9999.000 -9999.000 -9999.000 -9999.000 -9999.000 -9999.000 -9999.000
-9999.000 -9999.000 -9999.000 -9999.000 -9999.000 -9999.000 -9999.000 -9999.000 -9999.000 -9999.000 -9999.000 -9999.000 -9999.000 -9999.000 -9999.000 0.6608842E-01 0.2204192E-01 0.1790265E-01 0.2783729E-01 0.3778306E-01 0.5221262E-01 0.6918808E-01 0.8716987E-01 0.1037895 0.1192745 0.1335156 0.1468746 0.1629726 0.1953158 0.2771334 0.2771334 -9999.000 -9999.000 -9999.000 -9999.000 -9999.000 -9999.000 -9999.000 -9999.000 -9999.000 -9999.000 -9999.000 -9999.000 -9999.000 -9999.000 -9999.000 -9999.000 -9999.000 -9999.000 -9999.000 -9999.000 -9999.000 -9999.000 -9999.000 -9999.000 -9999.000 -9999.000 -9999.000 -9999.000 -9999.000
-9999.000 -9999.000 -9999.000 -9999.000 -9999.000 -9999.000 -9999.000 -9999.000 -9999.000 -9999.000 -9999.000 -9999.000 -9999.000 -9999.000 -9999.000 0.5998050E-01 0.1688841E-01 0.2591356E-01 0.3694880E-01 0.4330814E-01 0.5512685E-01 0.7119682E-01 0.8936539E-01 0.1066091 0.1229956 0.1382362 0.1526553 0.1703489 0.2067896 0.3089308 0.3089308 -9999.000 -9999.000 -9999.000 -9999.000 -9999.000 -9999.000 -9999.000 -9999.000 -9999.000 -9999.000 -9999.000 -9999.000 -9999.000 -9999.000 -9999.000 -9999.000 -9999.000 -9999.000 -9999.000 -9999.000 -9999.000 -9999.000 -9999.000 -9999.000 -9999.000 -9999.000 -9999.000 -9999.000 -9999.000
-9999.000 -9999.000 -9999.000 -9999.000 -9999.000 -9999.000 -9999.000 -9999.000 -9999.000 -9999.000 -9999.000 -9999.000 -9999.000 -9999.000 -9999.000 0.9441590E-01 0.1450524 0.1695552 0.1609471 0.1387971 0.1257290 0.1194276 0.1205947 0.1266510 0.1362798 0.1477550 0.1603780 0.1781179 0.2182789 0.3450836 0.3450836 -9999.000 -9999.000 -9999.000 -9999.000 -9999.000 -9999.000 -9999.000 -9999.000 -9999.000 -9999.000 -9999.000 -9999.000 -9999.000 -9999.000 -9999.000 -9999.000 -9999.000 -9999.000 -9999.000 -9999.000 -9999.000 -9999.000 -9999.000 -9999.000 -9999.000 -9999.000 -9999.000 -9999.000 -9999.000
2.857672 2.857672 2.861896 2.871101 2.890581 2.890581 2.893386 2.893222 2.893222 2.889382 2.889382 2.883048 2.879205 2.875014 2.870871 2.870871 3.020329 3.024671 3.025826 3.017643 2.982507 2.924734 2.844274 2.738945 2.612571 2.467017 2.305511 2.137160 1.987185 1.930727 1.930727 2.751568 2.925720 3.029230 3.055643 3.055643 3.091896 3.091896 3.079403 3.079403 3.038006 2.863351 2.863351 2.524964 2.524964 2.149493 2.149493 2.149493 2.125790 2.125790 2.154489 2.154489 2.201873 2.201873 2.252162 2.252162 2.297625 2.297625 2.297625 2.334035
2.880813 2.880813 2.892958 2.925682 2.952325 2.952325 2.967084 2.989824 2.989824 3.008475 3.008475 3.024432 3.031666 3.038500 3.045307 3.045307 3.156248 3.175519 3.191226 3.203707 3.209469 3.208650 3.199442 3.178516 3.143952 3.093459 3.025324 2.940156 2.844189 2.765799 2.765799 3.200355 3.353453 3.504698 3.546660 3.546660 3.595599 3.595599 3.599621 3.599621 3.580222 3.482452 3.482452 3.287860 3.287860 2.986393 2.986393 2.986393 2.959444 2.959444 2.990275 2.990275 3.040544 3.040544 3.093363 3.093363 3.141819 3.141819 3.141819 3.182691
2.886280 2.886280 2.894665 2.927828 2.952170 2.952170 2.967532 2.991092 2.991092 3.010367 3.010367 3.027031 3.034657 3.041912 3.049205 3.049205 3.148103 3.180024 3.207616 3.231488 3.250352 3.264525 3.273923 3.277436 3.274149 3.262584 3.240943 3.208242 3.166779 3.132852 3.132852 3.373868 3.520437 3.692857 3.744152 3.744152 3.797989 3.797989 3.789590 3.789590 3.761776 3.665367 3.665367 3.525427 3.525427 3.279209 3.279209 3.279209 3.236392 3.236392 3.254260 3.254260 3.295767 3.295767 3.342453 3.342453 3.386401 3.386401 3.386401 3.423966
2.890103 2.890103 2.896173 2.928807 2.951459 2.951459 2.967132 2.991061 2.991061 3.010348 3.010348 3.026981 3.034597 3.041848 3.049212 3.049212 3.140474 3.182849 3.221444 3.255532 3.284052 3.306983 3.324560 3.336702 3.343456 3.344640 3.339734 3.328392 3.312008 3.300647 3.300647 3.447662 3.576502 3.752948 3.807899 3.807899 3.855147 3.855147 3.821967 3.821967 3.782939 3.693486 3.693486 3.603745 3.603745 3.419735 3.419735 3.419735 3.364900 3.364900 3.367803 3.367803 3.399872 3.399872 3.441251 3.441251 3.481887 3.481887 3.481887 3.517000
2.889510 2.889510 2.898450 2.929343 2.950965 2.950965 2.966895 2.991099 2.991099 3.010319 3.010319 3.026902 3.034519 3.041784 3.049284 3.049284 3.137666 3.188896 3.237369 3.280963 3.318438 3.349441 3.374081 3.392498 3.404990 3.411890 3.413440 3.410008 3.403051 3.399513 3.399513 3.492153 3.598844 3.763876 3.812779 3.812779 3.830131 3.830131 3.763893 3.763893 3.721638 3.660241 3.660241 3.621626 3.621626 3.504563 3.504563 3.504563 3.446580 3.446580 3.434490 3.434490 3.454522 3.454522 3.488627 3.488627 3.524779 3.524779 3.524779 3.556639
2.891017 2.891017 2.895674 2.929343 2.950473 2.950473 2.966674 2.991173 2.991173 3.010390 3.010390 3.026962 3.034584 3.041853 3.049527 3.049527 3.140641 3.199833 3.257064 3.309194 3.354766 3.393228 3.424538 3.448838 3.466433 3.477743 3.483241 3.483572 3.480164 3.478041 3.478041 3.535017 3.617127 3.751886 3.779274 3.779274 3.739410 3.739410 3.652663 3.652663 3.623951 3.608385 3.608385 3.614879 3.614879 3.560089 3.560089 3.560089 3.509492 3.509492 3.486614 3.486614 3.493476 3.493476 3.517927 3.517927 3.547538 3.547538 3.547538 3.574559
2.892274 2.892274 2.894821 2.929064 2.949954 2.949954 2.966333 2.991110 2.991110 3.010414 3.010414 3.027007 3.034626 3.041891 3.049798 3.049798 3.150127 3.217082 3.282184 3.341822 3.394458 3.439489 3.476806 3.506531 3.528928 3.544386 3.553380 3.556559 3.555138 3.552604 3.552604 3.584986 3.641156 3.717777 3.700949 3.700949 3.593712 3.593712 3.526545 3.526545 3.525152 3.557359 3.557359 3.597757 3.597757 3.594560 3.594560 3.594560 3.559559 3.559559 3.532914 3.532914 3.528141 3.528141 3.541435 3.541435 3.562416 3.562416 3.562416 3.582785
2.892822 2.892822 2.894428 2.928975 2.949783 2.949783 2.966227 2.991112 2.991112 3.010441 3.010441 3.027029 3.034645 3.041908 3.050151 3.050151 3.167247 3.242295 3.314619 3.380721 3.439235 3.489682 3.532012 3.566368 3.593006 3.612262 3.624553 3.630425 3.630781 3.627652 3.627652 3.642097 3.669303 3.641518 3.559459 3.559459 3.420516 3.420516 3.414185 3.414185 3.441739 3.511016 3.511016 3.574611 3.574611 3.611556 3.611556 3.611556 3.596304 3.596304 3.573183 3.573183 3.560683 3.560683 3.562837 3.562837 3.573611 3.573611 3.573611 3.585592
2.892274 2.892274 2.894821 2.929064 2.949953 2.949953 2.966333 2.991110 2.991110 3.010414 3.010414 3.027006 3.034626 3.041890 3.050600 3.050600 3.193493 3.277276 3.356290 3.427774 3.490848 3.545348 3.591407 3.629278 3.659257 3.681664 3.696847 3.705232 3.707327 3.703289 3.703289 3.701303 3.688043 3.490989 3.353306 3.353306 3.261571 3.261571 3.328983 3.328983 3.376953 3.469449 3.469449 3.548274 3.548274 3.615206 3.615206 3.615206 3.619904 3.619904 3.605721 3.605721 3.590415 3.590415 3.582959 3.582959 3.582765 3.582765 3.582765 3.584913
2.891017 2.891017 2.895674 2.929343 2.950473 2.950473 2.966674 2.991173 2.991173 3.010390 3.010390 3.026962 3.034584 3.041854 3.051216 3.051216 3.231233 3.324498 3.409642 3.485301 3.551423 3.608367 3.656594 3.696551 3.728635 3.753192 3.770539 3.780967 3.784361 3.777087 3.777087 3.749550 3.662091 3.256834 3.124207 3.124207 3.145404 3.145404 3.264879 3.264879 3.323791 3.429552 3.429552 3.518696 3.518696 3.607655 3.607655 3.607655 3.630027 3.630027 3.627475 3.627475 3.613597 3.613597 3.599218 3.599218 3.588373 3.588373 3.588373 3.579919
2.889509 2.889509 2.898449 2.929344 2.950965 2.950965 2.966895 2.991100 2.991100 3.010320 3.010320 3.026903 3.034518 3.041784 3.052026 3.052026 3.284009 3.387244 3.477616 3.555884 3.623214 3.680698 3.729244 3.769570 3.802227 3.827629 3.846090 3.857729 3.860850 3.840688 3.840688 3.750716 3.526453 2.989558 2.939330 2.939330 3.067007 3.067007 3.210431 3.210431 3.274485 3.388065 3.388065 3.484526 3.484526 3.589330 3.589330 3.589330 3.625962 3.625962 3.635204 3.635204 3.625685 3.625685 3.607324 3.607324 3.587077 3.587077 3.587077 3.568077
2.890103 2.890103 2.896173 2.928807 2.951459 2.951459 2.967131 2.991061 2.991061 3.010348 3.010348 3.026982 3.034597 3.041849 3.053282 3.053282 3.357697 3.470463 3.564243 3.642781 3.708859 3.764487 3.811112 3.849770 3.881184 3.905849 3.924098 3.935595 3.932879 3.862226 3.862226 3.620039 3.231985 2.780301 2.822543 2.822543 3.000703 3.000703 3.153033 3.153033 3.219741 3.338701 3.338701 3.440592 3.440592 3.556595 3.556595 3.556595 3.603936 3.603936 3.623389 3.623389 3.619338 3.619338 3.599401 3.599401 3.571611 3.571611 3.571611 3.543056
