simulation_files/asc/Velocity__x_261.0.asc
NCOLS        79
NROWS        79
XLLCENTER         -1.500000
YLLCENTER         -4.800000
CELLSIZE           0.100
NODATA_VALUE     -9999.0
[rows 0 to 25 of 79, columns 0 to 57 of 79]
-9999.000 -9999.000 -9999.000 -9999.000 -9999.000 -9999.000 -9999.000 -9999.000 -9999.000 -9999.000 -9999.000 -9999.000 -9999.000 -9999.000 -9999.000 -0.8999443E-03 0.2234767E-04 0.3541224E-02 0.7973976E-02 0.1221441E-01 0.1560699E-01 0.1797023E-01 0.1929020E-01 0.1966005E-01 0.1921038E-01 0.1803252E-01 0.1619126E-01 0.1359627E-01 0.9594832E-02 0.4707742E-02 0.4707742E-02 -9999.000 -9999.000 -9999.000 -9999.000 -9999.000 -9999.000 -9999.000 -9999.000 -9999.000 -9999.000 -9999.000 -9999.000 -9999.000 -9999.000 -9999.000 -9999.000 -9999.000 -9999.000 -9999.000 -9999.000 -9999.000 -9999.000 -9999.000 -9999.000 -9999.000 -9999.000 -9999.000
-9999.000 -9999.000 -9999.000 -9999.000 -9999.000 -9999.000 -9999.000 -9999.000 -9999.000 -9999.000 -9999.000 -9999.000 -9999.000 -9999.000 -9999.000 0.3417558E-03 0.2480262E-02 0.7078959E-02 0.1246739E-01 0.1757074E-01 0.2170757E-01 0.2463172E-01 0.2626936E-01 0.2666585E-01 0.2591991E-01 0.2411330E-01 0.2131769E-01 0.1748282E-01 0.1208625E-01 0.5910899E-02 0.5910899E-02 -9999.000 -9999.000 -9999.000 -9999.000 -9999.000 -9999.000 -9999.000 -9999.000 -9999.000 -9999.000 -9999.000 -9999.000 -9999.000 -9999.000 -9999.000 -9999.000 -9999.000 -9999.000 -9999.000 -9999.000 -9999.000 -9999.000 -9999.000 -9999.000 -9999.000 -9999.000 -9999.000
-9999.000 -9999.000 -9999.000 -9999.000 -9999.000 -9999.000 -9999.000 -9999.000 -9999.000 -9999.000 -9999.000 -9999.000 -9999.000 -9999.000 -9999.000 0.8354875E-03 0.3546539E-02 0.8799678E-02 0.1480129E-01 0.2043588E-01 0.2499257E-01 0.2820766E-01 0.2999404E-01 0.3039072E-01 0.2949532E-01 0.2739297E-01 0.2416672E-01 0.1977803E-01 0.1370098E-01 0.6738858E-02 0.6738858E-02 -9999.000 -9999.000 -9999.000 -9999.000 -9999.000 -9999.000 -9999.000 -9999.000 -9999.000 -9999.000 -9999.000 -9999.000 -9999.000 -9999.000 -9999.000 -9999.000 -9999.000 -9999.000 -9999.000 -9999.000 -9999.000 -9999.000 -9999.000 -9999.000 -9999.000 -9999.000 -9999.000
-9999.000 -9999.000 -9999.000 -9999.000 -9999.000 -9999.000 -9999.000 -9999.000 -9999.000 -9999.000 -9999.000 -9999.000 -9999.000 -9999.000 -9999.000 0.1101688E-02 0.4145101E-02 0.9805592E-02 0.1620365E-01 0.2218675E-01 0.2702086E-01 0.3043300E-01 0.3233036E-01 0.3275085E-01 0.3179428E-01 0.2954729E-01 0.2609737E-01 0.2140676E-01 0.1492149E-01 0.7394193E-02 0.7394193E-02 -9999.000 -9999.000 -9999.000 -9999.000 -9999.000 -9999.000 -9999.000 -9999.000 -9999.000 -9999.000 -9999.000 -9999.000 -9999.000 -9999.000 -9999.000 -9999.000 -9999.000 -9999.000 -9999.000 -9999.000 -9999.000 -9999.000 -9999.000 -9999.000 -9999.000 -9999.000 -9999.000
-9999.000 -9999.000 -9999.000 -9999.000 -9999.000 -9999.000 -9999.000 -9999.000 -9999.000 -9999.000 -9999.000 -9999.000 -9999.000 -9999.000 -9999.000 0.1288273E-02 0.4575092E-02 0.1054465E-01 0.1724849E-01 0.2350242E-01 0.2855384E-01 0.3212553E-01 0.3412152E-01 0.3458148E-01 0.3360726E-01 0.3128533E-01 0.2770543E-01 0.2282349E-01 0.1604419E-01 0.8020494E-02 0.8020494E-02 -9999.000 -9999.000 -9999.000 -9999.000 -9999.000 -9999.000 -9999.000 -9999.000 -9999.000 -9999.000 -9999.000 -9999.000 -9999.000 -9999.000 -9999.000 -9999.000 -9999.000 -9999.000 -9999.000 -9999.000 -9999.000 -9999.000 -9999.000 -9999.000 -9999.000 -9999.000 -9999.000
-9999.000 -9999.000 -9999.000 -9999.000 -9999.000 -9999.000 -9999.000 -9999.000 -9999.000 -9999.000 -9999.000 -9999.000 -9999.000 -9999.000 -9999.000 0.1458343E-02 0.4967070E-02 0.1121691E-01 0.1819757E-01 0.2469483E-01 0.2994142E-01 0.3366000E-01 0.3575278E-01 0.3626317E-01 0.3529527E-01 0.3293402E-01 0.2927033E-01 0.2424965E-01 0.1722257E-01 0.8695814E-02 0.8695814E-02 -9999.000 -9999.000 -9999.000 -9999.000 -9999.000 -9999.000 -9999.000 -9999.000 -9999.000 -9999.000 -9999.000 -9999.000 -9999.000 -9999.000 -9999.000 -9999.000 -9999.000 -9999.000 -9999.000 -9999.000 -9999.000 -9999.000 -9999.000 -9999.000 -9999.000 -9999.000 -9999.000
-9999.000 -9999.000 -9999.000 -9999.000 -9999.000 -9999.000 -9999.000 -9999.000 -9999.000 -9999.000 -9999.000 -9999.000 -9999.000 -9999.000 -9999.000 0.1641206E-02 0.5381883E-02 0.1191592E-01 0.1917264E-01 0.2590980E-01 0.3134818E-01 0.3521322E-01 0.3740712E-01 0.3797819E-01 0.3703379E-01 0.3465630E-01 0.3093675E-01 0.2580659E-01 0.1854913E-01 0.9471106E-02 0.9471106E-02 -9999.000 -9999.000 -9999.000 -9999.000 -9999.000 -9999.000 -9999.000 -9999.000 -9999.000 -9999.000 -9999.000 -9999.000 -9999.000 -9999.000 -9999.000 -9999.000 -9999.000 -9999.000 -9999.000 -9999.000 -9999.000 -9999.000 -9999.000 -9999.000 -9999.000 -9999.000 -9999.000
-9999.000 -9999.000 -9999.000 -9999.000 -9999.000 -9999.000 -9999.000 -9999.000 -9999.000 -9999.000 -9999.000 -9999.000 -9999.000 -9999.000 -9999.000 0.1853041E-02 0.5852360E-02 0.1269128E-01 0.2023782E-01 0.2722368E-01 0.3285981E-01 0.3687813E-01 0.3918207E-01 0.3982658E-01 0.3892250E-01 0.3654908E-01 0.3279655E-01 0.2757887E-01 0.2009679E-01 0.1039016E-01 0.1039016E-01 -9999.000 -9999.000 -9999.000 -9999.000 -9999.000 -9999.000 -9999.000 -9999.000 -9999.000 -9999.000 -9999.000 -9999.000 -9999.000 -9999.000 -9999.000 -9999.000 -9999.000 -9999.000 -9999.000 -9999.000 -9999.000 -9999.000 -9999.000 -9999.000 -9999.000 -9999.000 -9999.000
-9999.000 -9999.000 -9999.000 -9999.000 -9999.000 -9999.000 -9999.000 -9999.000 -9999.000 -9999.000 -9999.000 -9999.000 -9999.000 -9999.000 -9999.000 0.2103818E-02 0.6399659E-02 0.1357491E-01 0.2143489E-01 0.2868572E-01 0.3453273E-01 0.3871680E-01 0.4114433E-01 0.4187905E-01 0.4103554E-01 0.3868860E-01 0.3492827E-01 0.2964672E-01 0.2194384E-01 0.1150283E-01 0.1150283E-01 -9999.000 -9999.000 -9999.000 -9999.000 -9999.000 -9999.000 -9999.000 -9999.000 -9999.000 -9999.000 -9999.000 -9999.000 -9999.000 -9999.000 -9999.000 -9999.000 -9999.000 -9999.000 -9999.000 -9999.000 -9999.000 -9999.000 -9999.000 -9999.000 -9999.000 -9999.000 -9999.000
-9999.000 -9999.000 -9999.000 -9999.000 -9999.000 -9999.000 -9999.000 -9999.000 -9999.000 -9999.000 -9999.000 -9999.000 -9999.000 -9999.000 -9999.000 0.2402787E-02 0.7041863E-02 0.1459443E-01 0.2279971E-01 0.3033931E-01 0.3641571E-01 0.4078377E-01 0.4335392E-01 0.4420099E-01 0.4344453E-01 0.4115354E-01 0.3741797E-01 0.3210286E-01 0.2418656E-01 0.1287303E-01 0.1287303E-01 -9999.000 -9999.000 -9999.000 -9999.000 -9999.000 -9999.000 -9999.000 -9999.000 -9999.000 -9999.000 -9999.000 -9999.000 -9999.000 -9999.000 -9999.000 -9999.000 -9999.000 -9999.000 -9999.000 -9999.000 -9999.000 -9999.000 -9999.000 -9999.000 -9999.000 -9999.000 -9999.000
-9999.000 -9999.000 -9999.000 -9999.000 -9999.000 -9999.000 -9999.000 -9999.000 -9999.000 -9999.000 -9999.000 -9999.000 -9999.000 -9999.000 -9999.000 0.2760089E-02 0.7800302E-02 0.1578171E-01 0.2437303E-01 0.3223317E-01 0.3856498E-01 0.4314252E-01 0.4588170E-01 0.4687194E-01 0.4623831E-01 0.4404315E-01 0.4037689E-01 0.3507153E-01 0.2695839E-01 0.1459025E-01 0.1459025E-01 -9999.000 -9999.000 -9999.000 -9999.000 -9999.000 -9999.000 -9999.000 -9999.000 -9999.000 -9999.000 -9999.000 -9999.000 -9999.000 -9999.000 -9999.000 -9999.000 -9999.000 -9999.000 -9999.000 -9999.000 -9999.000 -9999.000 -9999.000 -9999.000 -9999.000 -9999.000 -9999.000
-9999.000 -9999.000 -9999.000 -9999.000 -9999.000 -9999.000 -9999.000 -9999.000 -9999.000 -9999.000 -9999.000 -9999.000 -9999.000 -9999.000 -9999.000 0.3187815E-02 0.8700164E-02 0.1717578E-01 0.2620707E-01 0.3443044E-01 0.4105368E-01 0.4587616E-01 0.4882156E-01 0.4999791E-01 0.4953703E-01 0.4749369E-01 0.4396008E-01 0.3872855E-01 0.3045101E-01 0.1678427E-01 0.1678427E-01 -9999.000 -9999.000 -9999.000 -9999.000 -9999.000 -9999.000 -9999.000 -9999.000 -9999.000 -9999.000 -9999.000 -9999.000 -9999.000 -9999.000 -9999.000 -9999.000 -9999.000 -9999.000 -9999.000 -9999.000 -9999.000 -9999.000 -9999.000 -9999.000 -9999.000 -9999.000 -9999.000
-9999.000 -9999.000 -9999.000 -9999.000 -9999.000 -9999.000 -9999.000 -9999.000 -9999.000 -9999.000 -9999.000 -9999.000 -9999.000 -9999.000 -9999.000 0.3714954E-02 0.9802506E-02 0.1887285E-01 0.2842163E-01 0.3706129E-01 0.4402187E-01 0.4913438E-01 0.5233359E-01 0.5375212E-01 0.5353065E-01 0.5171569E-01 0.4840412E-01 0.4334008E-01 0.3495630E-01 0.1965269E-01 0.1965269E-01 -9999.000 -9999.000 -9999.000 -9999.000 -9999.000 -9999.000 -9999.000 -9999.000 -9999.000 -9999.000 -9999.000 -9999.000 -9999.000 -9999.000 -9999.000 -9999.000 -9999.000 -9999.000 -9999.000 -9999.000 -9999.000 -9999.000 -9999.000 -9999.000 -9999.000 -9999.000 -9999.000
-9999.000 -9999.000 -9999.000 -9999.000 -9999.000 -9999.000 -9999.000 -9999.000 -9999.000 -9999.000 -9999.000 -9999.000 -9999.000 -9999.000 -9999.000 0.5242434E-02 0.1300962E-01 0.2376761E-01 0.3398307E-01 0.4274355E-01 0.4977789E-01 0.5491305E-01 0.5812164E-01 0.5958221E-01 0.5945054E-01 0.5776469E-01 0.5462578E-01 0.4971443E-01 0.4118589E-01 0.2364272E-01 0.2364272E-01 -9999.000 -9999.000 -9999.000 -9999.000 -9999.000 -9999.000 -9999.000 -9999.000 -9999.000 -9999.000 -9999.000 -9999.000 -9999.000 -9999.000 -9999.000 -9999.000 -9999.000 -9999.000 -9999.000 -9999.000 -9999.000 -9999.000 -9999.000 -9999.000 -9999.000 -9999.000 -9999.000
-9999.000 -9999.000 -9999.000 -9999.000 -9999.000 -9999.000 -9999.000 -9999.000 -9999.000 -9999.000 -9999.000 -9999.000 -9999.000 -9999.000 -9999.000 0.8419780E-01 0.1283114 0.1488152 0.1411161 0.1245625 0.1122162 0.1011899 0.9136450E-01 0.8276009E-01 0.7501527E-01 0.6780911E-01 0.6086391E-01 0.5344787E-01 0.4320889E-01 0.2112867E-01 0.2112867E-01 -9999.000 -9999.000 -9999.000 -9999.000 -9999.000 -9999.000 -9999.000 -9999.000 -9999.000 -9999.000 -9999.000 -9999.000 -9999.000 -9999.000 -9999.000 -9999.000 -9999.000 -9999.000 -9999.000 -9999.000 -9999.000 -9999.000 -9999.000 -9999.000 -9999.000 -9999.000 -9999.000
2.827116 2.827116 2.837047 2.844446 2.864559 2.864559 2.867592 2.867639 2.867639 2.863983 2.863983 2.857844 2.854096 2.849995 2.845886 2.845886 2.983835 2.987870 2.989064 2.976836 2.939441 2.879608 2.797065 2.688963 2.560906 2.413108 2.249454 2.079147 1.926807 1.861384 1.861384 2.708497 2.886283 2.988884 3.014414 3.014414 3.048488 3.048488 3.032148 3.032148 2.988508 2.807987 2.807987 2.439214 2.439214 2.106210 2.106210 2.106210 2.088706 2.088706 2.119969 2.119969 2.167891 2.167891 2.218012 2.218012 2.262878 2.262878
2.850018 2.850018 2.868922 2.898623 2.925760 2.925760 2.940672 2.963480 2.963480 2.982149 2.982149 2.998128 3.005369 3.012211 3.018982 3.018982 3.121618 3.140000 3.155423 3.166835 3.171623 3.169266 3.157625 3.133040 3.094185 3.038386 2.964286 2.872926 2.771199 2.691511 2.691511 3.147538 3.308170 3.462298 3.504071 3.504071 3.551878 3.551878 3.554029 3.554029 3.533105 3.430779 3.430779 3.223738 3.223738 2.939708 2.939708 2.939708 2.919528 2.919528 2.952882 2.952882 3.003809 3.003809 3.056451 3.056451 3.104359 3.104359
2.854276 2.854276 2.871712 2.900562 2.925443 2.925443 2.941016 2.964723 2.964723 2.984042 2.984042 3.000728 3.008365 3.015628 3.022874 3.022874 3.114722 3.145268 3.172158 3.195108 3.212965 3.225672 3.232774 3.232779 3.224905 3.207434 3.178656 3.137907 3.088170 3.048740 3.048740 3.308226 3.465087 3.646140 3.698884 3.698884 3.753696 3.753696 3.745122 3.745122 3.716068 3.614847 3.614847 3.468086 3.468086 3.232932 3.232932 3.232932 3.197181 3.197181 3.218143 3.218143 3.260479 3.260479 3.306982 3.306982 3.350330 3.350330
2.855851 2.855851 2.872245 2.901341 2.924561 2.924561 2.940491 2.964688 2.964688 2.984119 2.984119 3.000835 3.008481 3.015754 3.023071 3.023071 3.108285 3.148996 3.186512 3.219455 3.246634 3.267756 3.282756 3.291205 3.293098 3.288067 3.275538 3.255311 3.229291 3.209875 3.209875 3.367915 3.506960 3.696434 3.755236 3.755236 3.808073 3.808073 3.777872 3.777872 3.737846 3.642844 3.642844 3.547870 3.547870 3.372551 3.372551 3.372551 3.325007 3.325007 3.331724 3.331724 3.365067 3.365067 3.406434 3.406434 3.446520 3.446520
2.854850 2.854850 2.874384 2.901368 2.923689 2.923689 2.940022 2.964697 2.964697 2.984169 2.984169 3.000877 3.008528 3.015811 3.023239 3.023239 3.106330 3.155736 3.202809 3.244960 3.280714 3.309474 3.331088 3.345410 3.352608 3.352860 3.346310 3.333383 3.315878 3.302480 3.302480 3.399276 3.513819 3.693933 3.749566 3.749566 3.779951 3.779951 3.720191 3.720191 3.677115 3.610057 3.610057 3.566869 3.566869 3.456264 3.456264 3.456264 3.405372 3.405372 3.397600 3.397600 3.419407 3.419407 3.453777 3.453777 3.489506 3.489506
2.854633 2.854633 2.876711 2.901276 2.922952 2.922952 2.939524 2.964571 2.964571 2.984115 2.984115 3.000835 3.008491 3.015777 3.023360 3.023360 3.109757 3.167036 3.222607 3.272965 3.316386 3.352101 3.379846 3.399521 3.411276 3.415388 3.412226 3.402431 3.387666 3.374230 3.374230 3.429795 3.516456 3.667378 3.705622 3.705622 3.688574 3.688574 3.610867 3.610867 3.581282 3.560428 3.560428 3.562661 3.562661 3.511574 3.511574 3.511574 3.467199 3.467199 3.448734 3.448734 3.457723 3.457723 3.482713 3.482713 3.512074 3.512074
2.854982 2.854982 2.877551 2.901246 2.922562 2.922562 2.939265 2.964538 2.964538 2.984121 2.984121 3.000838 3.008491 3.015774 3.023564 3.023564 3.119504 3.184433 3.247560 3.304973 3.354891 3.396530 3.429600 3.454029 3.469931 3.477550 3.477254 3.469649 3.456094 3.441015 3.441015 3.467683 3.525127 3.621050 3.621755 3.621755 3.545921 3.545921 3.487336 3.487336 3.484965 3.512446 3.512446 3.548820 3.548820 3.546722 3.546722 3.546722 3.516530 3.516530 3.493943 3.493943 3.491398 3.491398 3.505427 3.505427 3.526341 3.526341
2.855116 2.855116 2.877796 2.901239 2.922437 2.922437 2.939180 2.964532 2.964532 2.984130 2.984130 3.000846 3.008497 3.015778 3.023864 3.023864 3.136635 3.209445 3.279332 3.342565 3.397600 3.443818 3.481040 3.509268 3.528624 3.539309 3.541625 3.536042 3.523539 3.506858 3.506858 3.512565 3.538969 3.540327 3.483881 3.483881 3.378146 3.378146 3.377839 3.377839 3.404253 3.469347 3.469347 3.529229 3.529229 3.565344 3.565344 3.565344 3.553228 3.553228 3.533410 3.533410 3.522888 3.522888 3.525832 3.525832 3.536691 3.536691
2.855020 2.855020 2.877500 2.901247 2.922565 2.922565 2.939265 2.964537 2.964537 2.984121 2.984121 3.000838 3.008491 3.015774 3.024271 3.024271 3.162637 3.243785 3.319660 3.387352 3.445893 3.495054 3.534910 3.565622 3.587381 3.600383 3.604856 3.601118 3.589705 3.571479 3.571479 3.559516 3.546976 3.398026 3.289379 3.289379 3.224950 3.224950 3.295394 3.295394 3.342065 3.430910 3.430910 3.506418 3.506418 3.571340 3.571340 3.571340 3.577581 3.577581 3.565661 3.565661 3.551910 3.551910 3.545115 3.545115 3.545080 3.545080
2.854711 2.854711 2.876616 2.901279 2.922957 2.922957 2.939528 2.964571 2.964571 2.984115 2.984115 3.000835 3.008492 3.015779 3.024848 3.024848 3.199715 3.289594 3.370468 3.440961 3.501073 3.551209 3.591846 3.623397 3.646177 3.660418 3.666301 3.663987 3.653407 3.632211 3.632211 3.597371 3.520612 3.181816 3.074085 3.074085 3.112983 3.112983 3.232848 3.232848 3.290547 3.393339 3.393339 3.479708 3.479708 3.566167 3.566167 3.566167 3.588828 3.588828 3.587419 3.587419 3.574479 3.574479 3.560496 3.560496 3.549832 3.549832
2.854968 2.854968 2.874262 2.901381 2.923697 2.923697 2.940030 2.964703 2.964703 2.984172 2.984172 3.000879 3.008529 3.015810 3.025657 3.025657 3.251192 3.349650 3.433908 3.504952 3.564202 3.612934 3.652151 3.682582 3.704715 3.718841 3.725114 3.723513 3.712672 3.681843 3.681843 3.597559 3.403977 2.933293 2.900544 2.900544 3.036300 3.036300 3.179057 3.179057 3.242168 3.353499 3.353499 3.447760 3.447760 3.550027 3.550027 3.550027 3.586085 3.586085 3.595451 3.595451 3.586148 3.586148 3.567808 3.567808 3.547693 3.547693
