simulation_files/asc/Velocity____217.0.asc
NCOLS        79
NROWS        79
XLLCENTER         -1.500000
YLLCENTER         -4.800000
CELLSIZE           0.100
NODATA_VALUE     -9999.0
[rows 0 to 26 of 79, columns 0 to 59 of 79]
-9999.000 -9999.000 -9999.000 -9999.000 -9999.000 -9999.000 -9999.000 -9999.000 -9999.000 -9999.000 -9999.000 -9999.000 -9999.000 -9999.000 -9999.000 0.8881545E-01 0.8544625E-01 0.8397271E-01 0.8354582E-01 0.8453546E-01 0.8603287E-01 0.8749075E-01 0.8871580E-01 0.8960272E-01 0.9013104E-01 0.9039927E-01 0.9049383E-01 0.9061689E-01 0.9135932E-01 0.9234027E-01 0.9234027E-01 -9999.000 -9999.000 -9999.000 -9999.000 -9999.000 -9999.000 -9999.000 -9999.000 -9999.000 -9999.000 -9999.000 -9999.000 -9999.000 -9999.000 -9999.000 -9999.000 -9999.000 -9999.000 -9999.000 -9999.000 -9999.000 -9999.000 -9999.000 -9999.000 -9999.000 -9999.000 -9999.000 -9999.000 -9999.000
-9999.000 -9999.000 -9999.000 -9999.000 -9999.000 -9999.000 -9999.000 -9999.000 -9999.000 -9999.000 -9999.000 -9999.000 -9999.000 -9999.000 -9999.000 0.8993701E-01 0.8285803E-01 0.7986583E-01 0.7904463E-01 0.8103344E-01 0.8399361E-01 0.8690058E-01 0.8942160E-01 0.9135639E-01 0.9264027E-01 0.9344546E-01 0.9393094E-01 0.9452314E-01 0.9651567E-01 0.9926475E-01 0.9926475E-01 -9999.000 -9999.000 -9999.000 -9999.000 -9999.000 -9999.000 -9999.000 -9999.000 -9999.000 -9999.000 -9999.000 -9999.000 -9999.000 -9999.000 -9999.000 -9999.000 -9999.000 -9999.000 -9999.000 -9999.000 -9999.000 -9999.000 -9999.000 -9999.000 -9999.000 -9999.000 -9999.000 -9999.000 -9999.000
-9999.000 -9999.000 -9999.000 -9999.000 -9999.000 -9999.000 -9999.000 -9999.000 -9999.000 -9999.000 -9999.000 -9999.000 -9999.000 -9999.000 -9999.000 0.9021015E-01 0.7906692E-01 0.7426673E-01 0.7291629E-01 0.7597835E-01 0.8055777E-01 0.8511483E-01 0.8919259E-01 0.9250554E-01 0.9494252E-01 0.9674388E-01 0.9811711E-01 0.9969603E-01 0.1035111 0.1088592 0.1088592 -9999.000 -9999.000 -9999.000 -9999.000 -9999.000 -9999.000 -9999.000 -9999.000 -9999.000 -9999.000 -9999.000 -9999.000 -9999.000 -9999.000 -9999.000 -9999.000 -9999.000 -9999.000 -9999.000 -9999.000 -9999.000 -9999.000 -9999.000 -9999.000 -9999.000 -9999.000 -9999.000 -9999.000 -9999.000
-9999.000 -9999.000 -9999.000 -9999.000 -9999.000 -9999.000 -9999.000 -9999.000 -9999.000 -9999.000 -9999.000 -9999.000 -9999.000 -9999.000 -9999.000 0.9001473E-01 0.7479666E-01 0.6816623E-01 0.6629696E-01 0.7045581E-01 0.7665887E-01 0.8287448E-01 0.8854964E-01 0.9332402E-01 0.9703737E-01 0.9999128E-01 0.1024243 0.1051668 0.1110030 0.1194645 0.1194645 -9999.000 -9999.000 -9999.000 -9999.000 -9999.000 -9999.000 -9999.000 -9999.000 -9999.000 -9999.000 -9999.000 -9999.000 -9999.000 -9999.000 -9999.000 -9999.000 -9999.000 -9999.000 -9999.000 -9999.000 -9999.000 -9999.000 -9999.000 -9999.000 -9999.000 -9999.000 -9999.000 -9999.000 -9999.000
-9999.000 -9999.000 -9999.000 -9999.000 -9999.000 -9999.000 -9999.000 -9999.000 -9999.000 -9999.000 -9999.000 -9999.000 -9999.000 -9999.000 -9999.000 0.8957023E-01 0.7022267E-01 0.6174732E-01 0.5940365E-01 0.6471239E-01 0.7255126E-01 0.8042716E-01 0.8772010E-01 0.9400095E-01 0.9905655E-01 0.1032474 0.1068326 0.1108404 0.1188460 0.1309424 0.1309424 -9999.000 -9999.000 -9999.000 -9999.000 -9999.000 -9999.000 -9999.000 -9999.000 -9999.000 -9999.000 -9999.000 -9999.000 -9999.000 -9999.000 -9999.000 -9999.000 -9999.000 -9999.000 -9999.000 -9999.000 -9999.000 -9999.000 -9999.000 -9999.000 -9999.000 -9999.000 -9999.000 -9999.000 -9999.000
-9999.000 -9999.000 -9999.000 -9999.000 -9999.000 -9999.000 -9999.000 -9999.000 -9999.000 -9999.000 -9999.000 -9999.000 -9999.000 -9999.000 -9999.000 0.8894079E-01 0.6540451E-01 0.5509148E-01 0.5236879E-01 0.5890588E-01 0.6838687E-01 0.7791164E-01 0.8682656E-01 0.9463650E-01 0.1010708 0.1065485 0.1113409 0.1166823 0.1269909 0.1433136 0.1433136 -9999.000 -9999.000 -9999.000 -9999.000 -9999.000 -9999.000 -9999.000 -9999.000 -9999.000 -9999.000 -9999.000 -9999.000 -9999.000 -9999.000 -9999.000 -9999.000 -9999.000 -9999.000 -9999.000 -9999.000 -9999.000 -9999.000 -9999.000 -9999.000 -9999.000 -9999.000 -9999.000 -9999.000 -9999.000
-9999.000 -9999.000 -9999.000 -9999.000 -9999.000 -9999.000 -9999.000 -9999.000 -9999.000 -9999.000 -9999.000 -9999.000 -9999.000 -9999.000 -9999.000 0.8812483E-01 0.6035073E-01 0.4823902E-01 0.4530844E-01 0.5316641E-01 0.6426982E-01 0.7541016E-01 0.8593541E-01 0.9528304E-01 0.1031163 0.1099135 0.1159507 0.1226804 0.1354299 0.1566878 0.1566878 -9999.000 -9999.000 -9999.000 -9999.000 -9999.000 -9999.000 -9999.000 -9999.000 -9999.000 -9999.000 -9999.000 -9999.000 -9999.000 -9999.000 -9999.000 -9999.000 -9999.000 -9999.000 -9999.000 -9999.000 -9999.000 -9999.000 -9999.000 -9999.000 -9999.000 -9999.000 -9999.000 -9999.000 -9999.000
-9999.000 -9999.000 -9999.000 -9999.000 -9999.000 -9999.000 -9999.000 -9999.000 -9999.000 -9999.000 -9999.000 -9999.000 -9999.000 -9999.000 -9999.000 0.8708865E-01 0.5504721E-01 0.4122699E-01 0.3838783E-01 0.4764685E-01 0.6029489E-01 0.7298267E-01 0.8508884E-01 0.9597100E-01 0.1052126 0.1133527 0.1206631 0.1288314 0.1441740 0.1712402 0.1712402 -9999.000 -9999.000 -9999.000 -9999.000 -9999.000 -9999.000 -9999.000 -9999.000 -9999.000 -9999.000 -9999.000 -9999.000 -9999.000 -9999.000 -9999.000 -9999.000 -9999.000 -9999.000 -9999.000 -9999.000 -9999.000 -9999.000 -9999.000 -9999.000 -9999.000 -9999.000 -9999.000 -9999.000 -9999.000
-9999.000 -9999.000 -9999.000 -9999.000 -9999.000 -9999.000 -9999.000 -9999.000 -9999.000 -9999.000 -9999.000 -9999.000 -9999.000 -9999.000 -9999.000 0.8578025E-01 0.4946866E-01 0.3412489E-01 0.3191489E-01 0.4256707E-01 0.5657130E-01 0.7068747E-01 0.8432233E-01 0.9672336E-01 0.1073732 0.1168734 0.1254792 0.1351349 0.1532431 0.1872104 0.1872104 -9999.000 -9999.000 -9999.000 -9999.000 -9999.000 -9999.000 -9999.000 -9999.000 -9999.000 -9999.000 -9999.000 -9999.000 -9999.000 -9999.000 -9999.000 -9999.000 -9999.000 -9999.000 -9999.000 -9999.000 -9999.000 -9999.000 -9999.000 -9999.000 -9999.000 -9999.000 -9999.000 -9999.000 -9999.000
-9999.000 -9999.000 -9999.000 -9999.000 -9999.000 -9999.000 -9999.000 -9999.000 -9999.000 -9999.000 -9999.000 -9999.000 -9999.000 -9999.000 -9999.000 0.8413321E-01 0.4358555E-01 0.2710590E-01 0.2651590E-01 0.3826527E-01 0.5324146E-01 0.6859247E-01 0.8367383E-01 0.9756379E-01 0.1096124 0.1204826 0.1304003 0.1415922 0.1626634 0.2049160 0.2049160 -9999.000 -9999.000 -9999.000 -9999.000 -9999.000 -9999.000 -9999.000 -9999.000 -9999.000 -9999.000 -9999.000 -9999.000 -9999.000 -9999.000 -9999.000 -9999.000 -9999.000 -9999.000 -9999.000 -9999.000 -9999.000 -9999.000 -9999.000 -9999.000 -9999.000 -9999.000 -9999.000 -9999.000 -9999.000
-9999.000 -9999.000 -9999.000 -9999.000 -9999.000 -9999.000 -9999.000 -9999.000 -9999.000 -9999.000 -9999.000 -9999.000 -9999.000 -9999.000 -9999.000 0.8206693E-01 0.3737033E-01 0.2064898E-01 0.2335483E-01 0.3523442E-01 0.5049520E-01 0.6678617E-01 0.8319331E-01 0.9852352E-01 0.1119485 0.1241906 0.1354297 0.1482063 0.1724648 0.2247811 0.2247811 -9999.000 -9999.000 -9999.000 -9999.000 -9999.000 -9999.000 -9999.000 -9999.000 -9999.000 -9999.000 -9999.000 -9999.000 -9999.000 -9999.000 -9999.000 -9999.000 -9999.000 -9999.000 -9999.000 -9999.000 -9999.000 -9999.000 -9999.000 -9999.000 -9999.000 -9999.000 -9999.000 -9999.000 -9999.000
-9999.000 -9999.000 -9999.000 -9999.000 -9999.000 -9999.000 -9999.000 -9999.000 -9999.000 -9999.000 -9999.000 -9999.000 -9999.000 -9999.000 -9999.000 0.7948063E-01 0.3081133E-01 0.1612064E-01 0.2385239E-01 0.3409342E-01 0.4859060E-01 0.6539492E-01 0.8295438E-01 0.9965025E-01 0.1144120 0.1280172 0.1405770 0.1549836 0.1826827 0.2473803 0.2473803 -9999.000 -9999.000 -9999.000 -9999.000 -9999.000 -9999.000 -9999.000 -9999.000 -9999.000 -9999.000 -9999.000 -9999.000 -9999.000 -9999.000 -9999.000 -9999.000 -9999.000 -9999.000 -9999.000 -9999.000 -9999.000 -9999.000 -9999.000 -9999.000 -9999.000 -9999.000 -9999.000 -9999.000 -9999.000
-9999.000 -9999.000 -9999.000 -9999.000 -9999.000 -9999.000 -9999.000 -9999.000 -9999.000 -9999.000 -9999.000 -9999.000 -9999.000 -9999.000 -9999.000 0.7621516E-01 0.2396495E-01 0.1634471E-01 0.2852785E-01 0.3555685E-01 0.4799548E-01 0.6470340E-01 0.8314490E-01 0.1010751 0.1170947 0.1320265 0.1458824 0.1619508 0.1933686 0.2735179 0.2735179 -9999.000 -9999.000 -9999.000 -9999.000 -9999.000 -9999.000 -9999.000 -9999.000 -9999.000 -9999.000 -9999.000 -9999.000 -9999.000 -9999.000 -9999.000 -9999.000 -9999.000 -9999.000 -9999.000 -9999.000 -9999.000 -9999.000 -9999.000 -9999.000 -9999.000 -9999.000 -9999.000 -9999.000 -9999.000
-9999.000 -9999.000 -9999.000 -9999.000 -9999.000 -9999.000 -9999.000 -9999.000 -9999.000 -9999.000 -9999.000 -9999.000 -9999.000 -9999.000 -9999.000 0.7085423E-01 0.1868843E-01 0.2765272E-01 0.4191332E-01 0.4548784E-01 0.5403681E-01 0.6869398E-01 0.8660956E-01 0.1048264 0.1214492 0.1372475 0.1520599 0.1695885 0.2048596 0.3045480 0.3045480 -9999.000 -9999.000 -9999.000 -9999.000 -9999.000 -9999.000 -9999.000 -9999.000 -9999.000 -9999.000 -9999.000 -9999.000 -9999.000 -9999.000 -9999.000 -9999.000 -9999.000 -9999.000 -9999.000 -9999.000 -9999.000 -9999.000 -9999.000 -9999.000 -9999.000 -9999.000 -9999.000 -9999.000 -9999.000
-9999.000 -9999.000 -9999.000 -9999.000 -9999.000 -9999.000 -9999.000 -9999.000 -9999.000 -9999.000 -9999.000 -9999.000 -9999.000 -9999.000 -9999.000 0.1113028 0.1715626 0.2024373 0.1942159 0.1632562 0.1433415 0.1308645 0.1270837 0.1305149 0.1380690 0.1487781 0.1610293 0.1781068 0.2166352 0.3397932 0.3397932 -9999.000 -9999.000 -9999.000 -9999.000 -9999.000 -9999.000 -9999.000 -9999.000 -9999.000 -9999.000 -9999.000 -9999.000 -9999.000 -9999.000 -9999.000 -9999.000 -9999.000 -9999.000 -9999.000 -9999.000 -9999.000 -9999.000 -9999.000 -9999.000 -9999.000 -9999.000 -9999.000 -9999.000 -9999.000
2.900446 2.900446 2.914455 2.916704 2.936342 2.936342 2.938772 2.937932 2.937932 2.933642 2.933642 2.926994 2.923009 2.918680 2.914467 2.914467 3.082108 3.087028 3.088260 3.086593 3.055119 3.000032 2.921597 2.818659 2.692063 2.546340 2.383602 2.212425 2.057196 1.993028 1.993028 2.812935 2.989682 3.097722 3.125826 3.125826 3.165842 3.165842 3.159937 3.159937 3.122455 2.957917 2.957917 2.654397 2.654397 2.224936 2.224936 2.224936 2.189780 2.189780 2.213527 2.213527 2.259695 2.259695 2.310148 2.310148 2.356574 2.356574 2.356574 2.394457
2.923312 2.923312 2.947121 2.971649 2.998686 2.998686 3.013226 3.035604 3.035604 3.054104 3.054104 3.070033 3.077265 3.084102 3.090978 3.090978 3.214935 3.235697 3.252013 3.266129 3.272918 3.273124 3.265223 3.246221 3.213229 3.164598 3.098226 3.014368 2.918847 2.836411 2.836411 3.266373 3.420347 3.574037 3.617198 3.617198 3.668909 3.668909 3.676934 3.676934 3.660219 3.568708 3.568708 3.389108 3.389108 3.068390 3.068390 3.068390 3.028466 3.028466 3.054205 3.054205 3.103014 3.103014 3.156003 3.156003 3.205335 3.205335 3.205335 3.247472
2.927485 2.927485 2.950507 2.973504 2.998364 2.998364 3.013585 3.036866 3.036866 3.056031 3.056031 3.072678 3.080310 3.087574 3.094944 3.094944 3.204880 3.239028 3.267823 3.293012 3.312776 3.327600 3.337617 3.342038 3.339589 3.329108 3.308750 3.277353 3.236897 3.201908 3.201908 3.438091 3.585174 3.759912 3.812558 3.812558 3.869766 3.869766 3.865391 3.865391 3.839660 3.745738 3.745738 3.611801 3.611801 3.358979 3.358979 3.358979 3.304541 3.304541 3.316546 3.316546 3.356219 3.356219 3.402997 3.402997 3.447850 3.447850 3.447850 3.486719
2.928552 2.928552 2.952373 2.974110 2.997413 2.997413 3.013099 3.037000 3.037000 3.056316 3.056316 3.072981 3.080610 3.087863 3.095309 3.095309 3.195958 3.240947 3.281203 3.316764 3.346427 3.370206 3.388446 3.401275 3.408597 3.410381 3.406165 3.395561 3.379793 3.367856 3.367856 3.511298 3.639966 3.818578 3.875216 3.875216 3.926943 3.926943 3.897501 3.897501 3.859207 3.768325 3.768325 3.680178 3.680178 3.497081 3.497081 3.497081 3.433646 3.433646 3.430259 3.430259 3.459686 3.459686 3.500699 3.500699 3.542068 3.542068 3.542068 3.578424
2.928029 2.928029 2.955476 2.974534 2.996858 2.996858 3.012820 3.037035 3.037035 3.056378 3.056378 3.073063 3.080711 3.087987 3.095591 3.095591 3.192054 3.246061 3.296516 3.341772 3.380623 3.412732 3.438259 3.457466 3.470605 3.478061 3.480122 3.477155 3.470517 3.466482 3.466482 3.556287 3.662208 3.829314 3.880527 3.880527 3.903507 3.903507 3.839272 3.839272 3.795366 3.729539 3.729539 3.690925 3.690925 3.578948 3.578948 3.578948 3.516209 3.516209 3.498338 3.498338 3.514971 3.514971 3.548039 3.548039 3.584559 3.584559 3.584559 3.617482
2.928652 2.928652 2.957559 2.974552 2.996198 2.996198 3.012380 3.036932 3.036932 3.056319 3.056319 3.072993 3.080638 3.087914 3.095722 3.095722 3.194006 3.256038 3.315465 3.369448 3.416611 3.456420 3.488857 3.514130 3.532546 3.544538 3.550607 3.551391 3.548251 3.545768 3.545768 3.600505 3.681505 3.818830 3.849607 3.849607 3.814916 3.814916 3.724583 3.724583 3.692337 3.672055 3.672055 3.678839 3.678839 3.630852 3.630852 3.630852 3.579072 3.579072 3.551860 3.551860 3.555040 3.555040 3.577806 3.577806 3.607317 3.607317 3.607317 3.635134
2.929032 2.929032 2.958749 2.974589 2.995806 2.995806 3.012104 3.036877 3.036877 3.056309 3.056309 3.072976 3.080612 3.087881 3.095965 3.095965 3.202855 3.272612 3.340010 3.401617 3.455979 3.502520 3.541145 3.572014 3.595401 3.611700 3.621398 3.625141 3.624087 3.621429 3.621429 3.652223 3.707424 3.788662 3.776341 3.776341 3.669318 3.669318 3.592941 3.592941 3.587874 3.617152 3.617152 3.658574 3.658574 3.662181 3.662181 3.662181 3.628540 3.628540 3.599508 3.599508 3.591444 3.591444 3.602622 3.602622 3.623001 3.623001 3.623001 3.643781
2.929153 2.929153 2.959127 2.974592 2.995665 2.995665 3.012000 3.036853 3.036853 3.056306 3.056306 3.072972 3.080606 3.087872 3.096344 3.096344 3.219675 3.297444 3.372082 3.440210 3.500526 3.552584 3.596340 3.631966 3.659726 3.679964 3.693099 3.699674 3.700549 3.697570 3.697570 3.711195 3.738398 3.719557 3.640753 3.640753 3.491802 3.491802 3.474728 3.474728 3.500008 3.568522 3.568522 3.633624 3.633624 3.676591 3.676591 3.676591 3.664098 3.664098 3.640507 3.640507 3.625840 3.625840 3.625837 3.625837 3.635617 3.635617 3.635617 3.647581
2.929030 2.929030 2.958750 2.974588 2.995807 2.995807 3.012105 3.036877 3.036877 3.056309 3.056309 3.072975 3.080612 3.087881 3.096899 3.096899 3.245999 3.332423 3.413740 3.487270 3.552178 3.608330 3.655878 3.695089 3.726272 3.749751 3.765886 3.775088 3.777844 3.774237 3.774237 3.772464 3.761736 3.578007 3.436627 3.436627 3.324911 3.324911 3.384599 3.384599 3.432016 3.525315 3.525315 3.605912 3.605912 3.678031 3.678031 3.678031 3.686053 3.686053 3.672935 3.672935 3.656582 3.656582 3.647431 3.647431 3.646093 3.646093 3.646093 3.647838
2.928650 2.928650 2.957558 2.974549 2.996195 2.996195 3.012377 3.036931 3.036931 3.056320 3.056320 3.072994 3.080639 3.087916 3.097686 3.097686 3.284157 3.379991 3.467397 3.545078 3.613025 3.671623 3.721351 3.762674 3.796001 3.821685 3.840047 3.851380 3.855558 3.849048 3.849048 3.823642 3.744154 3.348967 3.201384 3.201384 3.201377 3.201377 3.318330 3.318330 3.377643 3.484849 3.484849 3.575777 3.575777 3.669130 3.669130 3.669130 3.694858 3.694858 3.694373 3.694373 3.680698 3.680698 3.665386 3.665386 3.653475 3.653475 3.653475 3.644256
2.928028 2.928028 2.955476 2.974534 2.996858 2.996858 3.012821 3.037035 3.037035 3.056378 3.056378 3.073063 3.080711 3.087986 3.098767 3.098767 3.337749 3.443485 3.536046 3.616266 3.685356 3.744440 3.794449 3.836117 3.870008 3.896545 3.916049 3.928647 3.932659 3.913859 3.913859 3.830497 3.621723 3.077116 3.004043 3.004043 3.119371 3.119371 3.263206 3.263206 3.327959 3.443138 3.443138 3.541333 3.541333 3.649951 3.649951 3.649951 3.689747 3.689747 3.701602 3.701602 3.693345 3.693345 3.674981 3.674981 3.653992 3.653992 3.653992 3.633982
2.928551 2.928551 2.952374 2.974109 2.997413 2.997413 3.013099 3.037000 3.037000 3.056316 3.056316 3.072981 3.080609 3.087863 3.100019 3.100019 3.412438 3.527692 3.623602 3.704017 3.771771 3.828919 3.876936 3.916874 3.949475 3.975248 3.994530 4.007010 4.005308 3.937562 3.937562 3.710664 3.340339 2.854985 2.878755 2.878755 3.053017 3.053017 3.206349 3.206349 3.273685 3.394152 3.394152 3.497654 3.497654 3.616983 3.616983 3.616983 3.667202 3.667202 3.689471 3.689471 3.687454 3.687454 3.668420 3.668420 3.640359 3.640359 3.640359 3.610647
