simulation_files/asc/Velocity__y_347.0.asc
NCOLS        79
NROWS        79
XLLCENTER         -1.500000
YLLCENTER         -4.800000
CELLSIZE           0.100
NODATA_VALUE     -9999.0
[rows 0 to 26 of 79, columns 0 to 58 of 79]
-9999.000 -9999.000 -9999.000 -9999.000 -9999.000 -9999.000 -9999.000 -9999.000 -9999.000 -9999.000 -9999.000 -9999.000 -9999.000 -9999.000 -9999.000 -0.1004876 -0.9894858E-01 -0.9892583E-01 -0.9917700E-01 -0.9955545E-01 -0.1000158 -0.1005035 -0.1009663 -0.1014068 -0.1018076 -0.1021689 -0.1025496 -0.1031653 -0.1046525 -0.1059513 -0.1059513 -9999.000 -9999.000 -9999.000 -9999.000 -9999.000 -9999.000 -9999.000 -9999.000 -9999.000 -9999.000 -9999.000 -9999.000 -9999.000 -9999.000 -9999.000 -9999.000 -9999.000 -9999.000 -9999.000 -9999.000 -9999.000 -9999.000 -9999.000 -9999.000 -9999.000 -9999.000 -9999.000 -9999.000
-9999.000 -9999.000 -9999.000 -9999.000 -9999.000 -9999.000 -9999.000 -9999.000 -9999.000 -9999.000 -9999.000 -9999.000 -9999.000 -9999.000 -9999.000 -0.9854028E-01 -0.9543089E-01 -0.9540286E-01 -0.9598594E-01 -0.9686893E-01 -0.9795096E-01 -0.9911028E-01 -0.1002305 -0.1013129 -0.1023154 -0.1032355 -0.1041943 -0.1056420 -0.1089047 -0.1120848 -0.1120848 -9999.000 -9999.000 -9999.000 -9999.000 -9999.000 -9999.000 -9999.000 -9999.000 -9999.000 -9999.000 -9999.000 -9999.000 -9999.000 -9999.000 -9999.000 -9999.000 -9999.000 -9999.000 -9999.000 -9999.000 -9999.000 -9999.000 -9999.000 -9999.000 -9999.000 -9999.000 -9999.000 -9999.000
-9999.000 -9999.000 -9999.000 -9999.000 -9999.000 -9999.000 -9999.000 -9999.000 -9999.000 -9999.000 -9999.000 -9999.000 -9999.000 -9999.000 -9999.000 -0.9509635E-01 -0.9043545E-01 -0.9045437E-01 -0.9151460E-01 -0.9311605E-01 -0.9508808E-01 -0.9722359E-01 -0.9932417E-01 -0.1013807 -0.1033153 -0.1051145 -0.1069650 -0.1095798 -0.1150703 -0.1209239 -0.1209239 -9999.000 -9999.000 -9999.000 -9999.000 -9999.000 -9999.000 -9999.000 -9999.000 -9999.000 -9999.000 -9999.000 -9999.000 -9999.000 -9999.000 -9999.000 -9999.000 -9999.000 -9999.000 -9999.000 -9999.000 -9999.000 -9999.000 -9999.000 -9999.000 -9999.000 -9999.000 -9999.000 -9999.000
-9999.000 -9999.000 -9999.000 -9999.000 -9999.000 -9999.000 -9999.000 -9999.000 -9999.000 -9999.000 -9999.000 -9999.000 -9999.000 -9999.000 -9999.000 -0.9092598E-01 -0.8485169E-01 -0.8496131E-01 -0.8656274E-01 -0.8896520E-01 -0.9192715E-01 -0.9515101E-01 -0.9835068E-01 -0.1015048 -0.1044929 -0.1072860 -0.1101357 -0.1140262 -0.1218987 -0.1309732 -0.1309732 -9999.000 -9999.000 -9999.000 -9999.000 -9999.000 -9999.000 -9999.000 -9999.000 -9999.000 -9999.000 -9999.000 -9999.000 -9999.000 -9999.000 -9999.000 -9999.000 -9999.000 -9999.000 -9999.000 -9999.000 -9999.000 -9999.000 -9999.000 -9999.000 -9999.000 -9999.000 -9999.000 -9999.000
-9999.000 -9999.000 -9999.000 -9999.000 -9999.000 -9999.000 -9999.000 -9999.000 -9999.000 -9999.000 -9999.000 -9999.000 -9999.000 -9999.000 -9999.000 -0.8625818E-01 -0.7887107E-01 -0.7909998E-01 -0.8128280E-01 -0.8453869E-01 -0.8855452E-01 -0.9293703E-01 -0.9730939E-01 -0.1016375 -0.1057535 -0.1096113 -0.1135305 -0.1187827 -0.1291953 -0.1420881 -0.1420881 -9999.000 -9999.000 -9999.000 -9999.000 -9999.000 -9999.000 -9999.000 -9999.000 -9999.000 -9999.000 -9999.000 -9999.000 -9999.000 -9999.000 -9999.000 -9999.000 -9999.000 -9999.000 -9999.000 -9999.000 -9999.000 -9999.000 -9999.000 -9999.000 -9999.000 -9999.000 -9999.000 -9999.000
-9999.000 -9999.000 -9999.000 -9999.000 -9999.000 -9999.000 -9999.000 -9999.000 -9999.000 -9999.000 -9999.000 -9999.000 -9999.000 -9999.000 -9999.000 -0.8118264E-01 -0.7257438E-01 -0.7294658E-01 -0.7573990E-01 -0.7988688E-01 -0.8500321E-01 -0.9059552E-01 -0.9619217E-01 -0.1017485 -0.1070454 -0.1120183 -0.1170609 -0.1237529 -0.1368789 -0.1542884 -0.1542884 -9999.000 -9999.000 -9999.000 -9999.000 -9999.000 -9999.000 -9999.000 -9999.000 -9999.000 -9999.000 -9999.000 -9999.000 -9999.000 -9999.000 -9999.000 -9999.000 -9999.000 -9999.000 -9999.000 -9999.000 -9999.000 -9999.000 -9999.000 -9999.000 -9999.000 -9999.000 -9999.000 -9999.000
-9999.000 -9999.000 -9999.000 -9999.000 -9999.000 -9999.000 -9999.000 -9999.000 -9999.000 -9999.000 -9999.000 -9999.000 -9999.000 -9999.000 -9999.000 -0.7572052E-01 -0.6598698E-01 -0.6652685E-01 -0.6995574E-01 -0.7502517E-01 -0.8128055E-01 -0.8812469E-01 -0.9498688E-01 -0.1018154 -0.1083348 -0.1144632 -0.1206759 -0.1288863 -0.1449236 -0.1677004 -0.1677004 -9999.000 -9999.000 -9999.000 -9999.000 -9999.000 -9999.000 -9999.000 -9999.000 -9999.000 -9999.000 -9999.000 -9999.000 -9999.000 -9999.000 -9999.000 -9999.000 -9999.000 -9999.000 -9999.000 -9999.000 -9999.000 -9999.000 -9999.000 -9999.000 -9999.000 -9999.000 -9999.000 -9999.000
-9999.000 -9999.000 -9999.000 -9999.000 -9999.000 -9999.000 -9999.000 -9999.000 -9999.000 -9999.000 -9999.000 -9999.000 -9999.000 -9999.000 -9999.000 -0.6985801E-01 -0.5910598E-01 -0.5984052E-01 -0.6392885E-01 -0.6994953E-01 -0.7737983E-01 -0.8551337E-01 -0.9367678E-01 -0.1018161 -0.1095942 -0.1169125 -0.1243387 -0.1341510 -0.1533298 -0.1825335 -0.1825335 -9999.000 -9999.000 -9999.000 -9999.000 -9999.000 -9999.000 -9999.000 -9999.000 -9999.000 -9999.000 -9999.000 -9999.000 -9999.000 -9999.000 -9999.000 -9999.000 -9999.000 -9999.000 -9999.000 -9999.000 -9999.000 -9999.000 -9999.000 -9999.000 -9999.000 -9999.000 -9999.000 -9999.000
-9999.000 -9999.000 -9999.000 -9999.000 -9999.000 -9999.000 -9999.000 -9999.000 -9999.000 -9999.000 -9999.000 -9999.000 -9999.000 -9999.000 -9999.000 -0.6356186E-01 -0.5191221E-01 -0.5287206E-01 -0.5764389E-01 -0.6464399E-01 -0.7328414E-01 -0.8274264E-01 -0.9223969E-01 -0.1017257 -0.1107942 -0.1193327 -0.1280138 -0.1395193 -0.1621091 -0.1990851 -0.1990851 -9999.000 -9999.000 -9999.000 -9999.000 -9999.000 -9999.000 -9999.000 -9999.000 -9999.000 -9999.000 -9999.000 -9999.000 -9999.000 -9999.000 -9999.000 -9999.000 -9999.000 -9999.000 -9999.000 -9999.000 -9999.000 -9999.000 -9999.000 -9999.000 -9999.000 -9999.000 -9999.000 -9999.000
-9999.000 -9999.000 -9999.000 -9999.000 -9999.000 -9999.000 -9999.000 -9999.000 -9999.000 -9999.000 -9999.000 -9999.000 -9999.000 -9999.000 -9999.000 -0.5678571E-01 -0.4437469E-01 -0.4559506E-01 -0.5107574E-01 -0.5908303E-01 -0.6896794E-01 -0.7978555E-01 -0.9064604E-01 -0.1015114 -0.1118988 -0.1216836 -0.1316596 -0.1449586 -0.1712774 -0.2177600 -0.2177600 -9999.000 -9999.000 -9999.000 -9999.000 -9999.000 -9999.000 -9999.000 -9999.000 -9999.000 -9999.000 -9999.000 -9999.000 -9999.000 -9999.000 -9999.000 -9999.000 -9999.000 -9999.000 -9999.000 -9999.000 -9999.000 -9999.000 -9999.000 -9999.000 -9999.000 -9999.000 -9999.000 -9999.000
-9999.000 -9999.000 -9999.000 -9999.000 -9999.000 -9999.000 -9999.000 -9999.000 -9999.000 -9999.000 -9999.000 -9999.000 -9999.000 -9999.000 -9999.000 -0.4947131E-01 -0.3645156E-01 -0.3797241E-01 -0.4418831E-01 -0.5323130E-01 -0.6439586E-01 -0.7660544E-01 -0.8885575E-01 -0.1011310 -0.1128603 -0.1239119 -0.1352199 -0.1504232 -0.1808463 -0.2391133 -0.2391133 -9999.000 -9999.000 -9999.000 -9999.000 -9999.000 -9999.000 -9999.000 -9999.000 -9999.000 -9999.000 -9999.000 -9999.000 -9999.000 -9999.000 -9999.000 -9999.000 -9999.000 -9999.000 -9999.000 -9999.000 -9999.000 -9999.000 -9999.000 -9999.000 -9999.000 -9999.000 -9999.000 -9999.000
-9999.000 -9999.000 -9999.000 -9999.000 -9999.000 -9999.000 -9999.000 -9999.000 -9999.000 -9999.000 -9999.000 -9999.000 -9999.000 -9999.000 -9999.000 -0.4154646E-01 -0.2808808E-01 -0.2995384E-01 -0.3693287E-01 -0.4704033E-01 -0.5951959E-01 -0.7315208E-01 -0.8681446E-01 -0.1005258 -0.1136133 -0.1259436 -0.1386150 -0.1558439 -0.1908162 -0.2639180 -0.2639180 -9999.000 -9999.000 -9999.000 -9999.000 -9999.000 -9999.000 -9999.000 -9999.000 -9999.000 -9999.000 -9999.000 -9999.000 -9999.000 -9999.000 -9999.000 -9999.000 -9999.000 -9999.000 -9999.000 -9999.000 -9999.000 -9999.000 -9999.000 -9999.000 -9999.000 -9999.000 -9999.000 -9999.000
-9999.000 -9999.000 -9999.000 -9999.000 -9999.000 -9999.000 -9999.000 -9999.000 -9999.000 -9999.000 -9999.000 -9999.000 -9999.000 -9999.000 -9999.000 -0.3292005E-01 -0.1921130E-01 -0.2147113E-01 -0.2924249E-01 -0.4044317E-01 -0.5427206E-01 -0.6935592E-01 -0.8444629E-01 -0.9961311E-01 -0.1140641 -0.1276716 -0.1417278 -0.1611126 -0.2011626 -0.2932842 -0.2932842 -9999.000 -9999.000 -9999.000 -9999.000 -9999.000 -9999.000 -9999.000 -9999.000 -9999.000 -9999.000 -9999.000 -9999.000 -9999.000 -9999.000 -9999.000 -9999.000 -9999.000 -9999.000 -9999.000 -9999.000 -9999.000 -9999.000 -9999.000 -9999.000 -9999.000 -9999.000 -9999.000 -9999.000
-9999.000 -9999.000 -9999.000 -9999.000 -9999.000 -9999.000 -9999.000 -9999.000 -9999.000 -9999.000 -9999.000 -9999.000 -9999.000 -9999.000 -9999.000 -0.2342196E-01 -0.9693969E-02 -0.1241496E-01 -0.2101896E-01 -0.3334941E-01 -0.4856618E-01 -0.6512635E-01 -0.8165086E-01 -0.9828067E-01 -0.1140819 -0.1289418 -0.1443841 -0.1660593 -0.2118153 -0.3288803 -0.3288803 -9999.000 -9999.000 -9999.000 -9999.000 -9999.000 -9999.000 -9999.000 -9999.000 -9999.000 -9999.000 -9999.000 -9999.000 -9999.000 -9999.000 -9999.000 -9999.000 -9999.000 -9999.000 -9999.000 -9999.000 -9999.000 -9999.000 -9999.000 -9999.000 -9999.000 -9999.000 -9999.000 -9999.000
-9999.000 -9999.000 -9999.000 -9999.000 -9999.000 -9999.000 -9999.000 -9999.000 -9999.000 -9999.000 -9999.000 -9999.000 -9999.000 -9999.000 -9999.000 -0.1555202E-02 0.3297257E-02 -0.3242317E-02 -0.1358617E-01 -0.2758163E-01 -0.4442861E-01 -0.6246725E-01 -0.8026131E-01 -0.9810553E-01 -0.1149420 -0.1307253 -0.1472656 -0.1710726 -0.2227842 -0.3708838 -0.3708838 -9999.000 -9999.000 -9999.000 -9999.000 -9999.000 -9999.000 -9999.000 -9999.000 -9999.000 -9999.000 -9999.000 -9999.000 -9999.000 -9999.000 -9999.000 -9999.000 -9999.000 -9999.000 -9999.000 -9999.000 -9999.000 -9999.000 -9999.000 -9999.000 -9999.000 -9999.000 -9999.000 -9999.000
-0.4239465E-02 -0.4239465E-02 -0.4794611E-02 -0.6218279E-02 -0.6115042E-02 -0.6115042E-02 -0.6098522E-02 -0.6130703E-02 -0.6130703E-02 -0.6130808E-02 -0.6130808E-02 -0.6101107E-02 -0.6083388E-02 -0.6066413E-02 -0.6052631E-02 -0.6052631E-02 0.9913916E-02 0.3294081E-02 -0.1003209E-01 -0.2916342E-01 -0.5294742E-01 -0.7982363E-01 -0.1081224 -0.1367068 -0.1643440 -0.1901502 -0.2141613 -0.2386224 -0.2735844 -0.3643967 -0.3643967 -0.1964808 -0.1023993 -0.3261857E-01 -0.2355190E-01 -0.2355190E-01 -0.1598558E-01 -0.1598558E-01 -0.2302039E-02 -0.2302039E-02 0.8675148E-02 0.2563476E-01 0.2563476E-01 -0.1086377E-01 -0.1086377E-01 -0.1908693E-02 -0.1908693E-02 -0.1908693E-02 0.2318969E-02 0.2318969E-02 0.2594807E-02 0.2594807E-02 0.1261535E-02 0.1261535E-02 -0.2385602E-03 -0.2385602E-03 -0.1554049E-02 -0.1554049E-02 -0.1554049E-02
-0.6508552E-02 -0.6508552E-02 -0.6330232E-02 -0.9071987E-02 -0.8677893E-02 -0.8677893E-02 -0.8556169E-02 -0.8594284E-02 -0.8594284E-02 -0.8633446E-02 -0.8633446E-02 -0.8620635E-02 -0.8607033E-02 -0.8593866E-02 -0.8588982E-02 -0.8588982E-02 0.6830298E-02 -0.1343760E-03 -0.1709492E-01 -0.4277755E-01 -0.7565326E-01 -0.1141337 -0.1564988 -0.2007784 -0.2452753 -0.2883064 -0.3282081 -0.3631800 -0.3920516 -0.4164323 -0.4164323 -0.2774665 -0.1806027 -0.8969174E-01 -0.7153510E-01 -0.7153510E-01 -0.4511219E-01 -0.4511219E-01 0.1049951E-02 0.1049951E-02 0.3362775E-01 0.8565766E-01 0.8565766E-01 0.3413247E-01 0.3413247E-01 0.8983515E-02 0.8983515E-02 0.8983515E-02 0.7035538E-02 0.7035538E-02 0.3907686E-02 0.3907686E-02 -0.3976774E-04 -0.3976774E-04 -0.3593282E-02 -0.3593282E-02 -0.6292807E-02 -0.6292807E-02 -0.6292807E-02
-0.5355959E-02 -0.5355959E-02 -0.4857490E-02 -0.7877148E-02 -0.7394148E-02 -0.7394148E-02 -0.7190529E-02 -0.7218384E-02 -0.7218384E-02 -0.7303581E-02 -0.7303581E-02 -0.7323479E-02 -0.7322447E-02 -0.7321242E-02 -0.7336389E-02 -0.7336389E-02 0.1906693E-02 -0.5893128E-02 -0.2366160E-01 -0.5058843E-01 -0.8544118E-01 -0.1269418 -0.1737557 -0.2243233 -0.2771447 -0.3306406 -0.3830599 -0.4324149 -0.4755774 -0.5051324 -0.5051324 -0.4127917 -0.3275845 -0.2114030 -0.1728997 -0.1728997 -0.9889480E-01 -0.9889480E-01 0.8440201E-02 0.8440201E-02 0.7207119E-01 0.1696907 0.1696907 0.1395160 0.1395160 0.4289850E-01 0.4289850E-01 0.4289850E-01 0.1745094E-01 0.1745094E-01 0.3438627E-02 0.3438627E-02 -0.5943669E-02 -0.5943669E-02 -0.1247965E-01 -0.1247965E-01 -0.1644322E-01 -0.1644322E-01 -0.1644322E-01
-0.4230785E-02 -0.4230785E-02 -0.4223525E-02 -0.6301739E-02 -0.5932355E-02 -0.5932355E-02 -0.5736138E-02 -0.5761224E-02 -0.5761224E-02 -0.5850213E-02 -0.5850213E-02 -0.5865789E-02 -0.5862039E-02 -0.5858969E-02 -0.5882669E-02 -0.5882669E-02 -0.3477802E-02 -0.1347221E-01 -0.3285742E-01 -0.6107996E-01 -0.9713224E-01 -0.1399320 -0.1883917 -0.2413072 -0.2974909 -0.3557002 -0.4145087 -0.4721517 -0.5255451 -0.5667714 -0.5667714 -0.5184100 -0.4553559 -0.3383602 -0.2834562 -0.2834562 -0.1508244 -0.1508244 0.2622115E-01 0.2622115E-01 0.1140537 0.2349225 0.2349225 0.2284697 0.2284697 0.8836194E-01 0.8836194E-01 0.8836194E-01 0.3348878E-01 0.3348878E-01 0.3399688E-02 0.3399688E-02 -0.1403683E-01 -0.1403683E-01 -0.2435594E-01 -0.2435594E-01 -0.2940452E-01 -0.2940452E-01 -0.2940452E-01
-0.3135675E-02 -0.3135675E-02 -0.3368624E-02 -0.4718213E-02 -0.4455364E-02 -0.4455364E-02 -0.4288408E-02 -0.4308306E-02 -0.4308306E-02 -0.4388942E-02 -0.4388942E-02 -0.4399912E-02 -0.4394818E-02 -0.4390531E-02 -0.4426249E-02 -0.4426249E-02 -0.9399320E-02 -0.2294706E-01 -0.4519960E-01 -0.7564890E-01 -0.1134359 -0.1576335 -0.2073274 -0.2615503 -0.3193388 -0.3797044 -0.4415319 -0.5034099 -0.5627695 -0.6127179 -0.6127179 -0.5989515 -0.5592968 -0.4497040 -0.3771490 -0.3771490 -0.1755887 -0.1755887 0.5613272E-01 0.5613272E-01 0.1515699 0.2703252 0.2703252 0.2800735 0.2800735 0.1340007 0.1340007 0.1340007 0.5438301E-01 0.5438301E-01 0.6490803E-02 0.6490803E-02 -0.2099295E-01 -0.2099295E-01 -0.3607911E-01 -0.3607911E-01 -0.4242263E-01 -0.4242263E-01 -0.4242263E-01
-0.2069893E-02 -0.2069893E-02 -0.2342244E-02 -0.3138519E-02 -0.2971480E-02 -0.2971480E-02 -0.2850340E-02 -0.2863118E-02 -0.2863118E-02 -0.2923514E-02 -0.2923514E-02 -0.2930419E-02 -0.2926165E-02 -0.2922709E-02 -0.2976177E-02 -0.2976177E-02 -0.1624362E-01 -0.3469098E-01 -0.6118071E-01 -0.9502563E-01 -0.1354052 -0.1815150 -0.2326053 -0.2879250 -0.3467209 -0.4082160 -0.4715359 -0.5355645 -0.5982637 -0.6540402 -0.6540402 -0.6647356 -0.6446027 -0.5330507 -0.4322399 -0.4322399 -0.1595141 -0.1595141 0.8763468E-01 0.8763468E-01 0.1738937 0.2761044 0.2761044 0.2959175 0.2959175 0.1710301 0.1710301 0.1710301 0.7765195E-01 0.7765195E-01 0.1361551E-01 0.1361551E-01 -0.2497754E-01 -0.2497754E-01 -0.4584344E-01 -0.4584344E-01 -0.5392769E-01 -0.5392769E-01 -0.5392769E-01
-0.1027951E-02 -0.1027951E-02 -0.1200276E-02 -0.1566486E-02 -0.1485355E-02 -0.1485355E-02 -0.1421705E-02 -0.1427062E-02 -0.1427062E-02 -0.1459216E-02 -0.1459216E-02 -0.1463072E-02 -0.1461115E-02 -0.1459868E-02 -0.1537903E-02 -0.1537903E-02 -0.2463174E-01 -0.4941034E-01 -0.8161514E-01 -0.1201756 -0.1641879 -0.2129174 -0.2657684 -0.3222084 -0.3817215 -0.4437664 -0.5077092 -0.5727025 -0.6371542 -0.6965528 -0.6965528 -0.7232865 -0.7154269 -0.5723259 -0.4285439 -0.4285439 -0.1125457 -0.1125457 0.1061583 0.1061583 0.1753423 0.2592365 0.2592365 0.2856896 0.2856896 0.1938445 0.1938445 0.1938445 0.9940987E-01 0.9940987E-01 0.2407391E-01 0.2407391E-01 -0.2518529E-01 -0.2518529E-01 -0.5245851E-01 -0.5245851E-01 -0.6276400E-01 -0.6276400E-01 -0.6276400E-01
0.4503147E-07 0.4503147E-07 -0.3012828E-07 0.1260888E-06 0.1164716E-06 0.1164716E-06 0.8376310E-07 0.8719007E-07 0.8719007E-07 0.1791726E-06 0.1791726E-06 -0.7904801E-07 -0.1636594E-06 0.2499006E-07 -0.1094497E-03 -0.1094497E-03 -0.3548953E-01 -0.6825718E-01 -0.1078005 -0.1525093 -0.2012989 -0.2534592 -0.3085364 -0.3662205 -0.4262572 -0.4883786 -0.5522292 -0.6172482 -0.6822158 -0.7432166 -0.7432166 -0.7780954 -0.7695345 -0.5451263 -0.3610760 -0.3610760 -0.6238452E-01 -0.6238452E-01 0.1054218 0.1054218 0.1586806 0.2286509 0.2286509 0.2593777 0.2593777 0.2005971 0.2005971 0.2005971 0.1154956 0.1154956 0.3583907E-01 0.3583907E-01 -0.2173341E-01 -0.2173341E-01 -0.5518556E-01 -0.5518556E-01 -0.6798014E-01 -0.6798014E-01 -0.6798014E-01
0.1028274E-02 0.1028274E-02 0.1200226E-02 0.1566474E-02 0.1485447E-02 0.1485447E-02 0.1421919E-02 0.1427562E-02 0.1427562E-02 0.1459563E-02 0.1459563E-02 0.1463090E-02 0.1461016E-02 0.1460055E-02 0.1306522E-02 0.1306522E-02 -0.5024612E-01 -0.9306101E-01 -0.1417687 -0.1941336 -0.2488565 -0.3052490 -0.3630115 -0.4220688 -0.4824474 -0.5441811 -0.6072274 -0.6713401 -0.7355461 -0.7954610 -0.7954610 -0.8273986 -0.7910141 -0.4436686 -0.2589432 -0.2589432 -0.3107181E-01 -0.3107181E-01 0.8969688E-01 0.8969688E-01 0.1316150 0.1918561 0.1918561 0.2244205 0.2244205 0.1925885 0.1925885 0.1925885 0.1227930 0.1227930 0.4617165E-01 0.4617165E-01 -0.1556551E-01 -0.1556551E-01 -0.5375141E-01 -0.5375141E-01 -0.6883042E-01 -0.6883042E-01 -0.6883042E-01
0.2069898E-02 0.2069898E-02 0.2342291E-02 0.3138353E-02 0.2971365E-02 0.2971365E-02 0.2850467E-02 0.2863490E-02 0.2863490E-02 0.2923802E-02 0.2923802E-02 0.2930637E-02 0.2926107E-02 0.2922843E-02 0.2706305E-02 0.2706305E-02 -0.7118370E-01 -0.1267070 -0.1866495 -0.2481858 -0.3098810 -0.3711453 -0.4318938 -0.4923256 -0.5527714 -0.6135865 -0.6750607 -0.7372567 -0.7990421 -0.8524438 -0.8524438 -0.8572553 -0.7404875 -0.3056390 -0.1691240 -0.1691240 -0.2091634E-01 -0.2091634E-01 0.6728455E-01 0.6728455E-01 0.1014582 0.1536889 0.1536889 0.1855598 0.1855598 0.1728794 0.1728794 0.1728794 0.1200576 0.1200576 0.5249778E-01 0.5249778E-01 -0.8172012E-02 -0.8172012E-02 -0.4835858E-01 -0.4835858E-01 -0.6486003E-01 -0.6486003E-01 -0.6486003E-01
0.3135646E-02 0.3135646E-02 0.3368548E-02 0.4718137E-02 0.4455307E-02 0.4455307E-02 0.4288430E-02 0.4308673E-02 0.4308673E-02 0.4389219E-02 0.4389219E-02 0.4400126E-02 0.4394942E-02 0.4390648E-02 0.4087106E-02 0.4087106E-02 -0.1021361 -0.1738473 -0.2473112 -0.3193874 -0.3887667 -0.4551557 -0.5188174 -0.5803042 -0.6402911 -0.6994711 -0.7584694 -0.8175524 -0.8738851 -0.9051406 -0.9051406 -0.8226438 -0.5763482 -0.1927603 -0.1146371 -0.1146371 -0.2170900E-01 -0.2170900E-01 0.4474164E-01 0.4474164E-01 0.7271549E-01 0.1166615 0.1166615 0.1455627 0.1455627 0.1449246 0.1449246 0.1449246 0.1078573 0.1078573 0.5315298E-01 0.5315298E-01 -0.1165149E-02 -0.1165149E-02 -0.3964173E-01 -0.3964173E-01 -0.5602613E-01 -0.5602613E-01 -0.5602613E-01
0.4230785E-02 0.4230785E-02 0.4223412E-02 0.6301814E-02 0.5932262E-02 0.5932262E-02 0.5736090E-02 0.5761536E-02 0.5761536E-02 0.5850289E-02 0.5850289E-02 0.5866024E-02 0.5862307E-02 0.5858995E-02 0.5435360E-02 0.5435360E-02 -0.1500063 -0.2423401 -0.3315901 -0.4150539 -0.4921052 -0.5631128 -0.6289101 -0.6905256 -0.7490370 -0.8054890 -0.8608336 -0.9150500 -0.9569808 -0.9129911 -0.9129911 -0.6477753 -0.3409303 -0.1274539 -0.8712291E-01 -0.8712291E-01 -0.2406601E-01 -0.2406601E-01 0.2539799E-01 0.2539799E-01 0.4748925E-01 0.8202682E-01 0.8202682E-01 0.1061800 0.1061800 0.1119370 0.1119370 0.1119370 0.8807105E-01 0.8807105E-01 0.4779973E-01 0.4779973E-01 0.4203700E-02 0.4203700E-02 -0.2851888E-01 -0.2851888E-01 -0.4278446E-01 -0.4278446E-01 -0.4278446E-01
