simulation_files/asc/Velocity__y_344.0.asc
NCOLS        79
NROWS        79
XLLCENTER         -1.500000
YLLCENTER         -4.800000
CELLSIZE           0.100
NODATA_VALUE     -9999.0
[rows 0 to 26 of 79, columns 0 to 58 of 79]
-9999.000 -9999.000 -9999.000 -9999.000 -9999.000 -9999.000 -9999.000 -9999.000 -9999.000 -9999.000 -9999.000 -9999.000 -9999.000 -9999.000 -9999.000 -0.1001474 -0.9855074E-01 -0.9848291E-01 -0.9873356E-01 -0.9912274E-01 -0.9959310E-01 -0.1000919 -0.1005613 -0.1010078 -0.1014140 -0.1017793 -0.1021622 -0.1027782 -0.1042587 -0.1055610 -0.1055610 -9999.000 -9999.000 -9999.000 -9999.000 -9999.000 -9999.000 -9999.000 -9999.000 -9999.000 -9999.000 -9999.000 -9999.000 -9999.000 -9999.000 -9999.000 -9999.000 -9999.000 -9999.000 -9999.000 -9999.000 -9999.000 -9999.000 -9999.000 -9999.000 -9999.000 -9999.000 -9999.000 -9999.000
-9999.000 -9999.000 -9999.000 -9999.000 -9999.000 -9999.000 -9999.000 -9999.000 -9999.000 -9999.000 -9999.000 -9999.000 -9999.000 -9999.000 -9999.000 -0.9827158E-01 -0.9503737E-01 -0.9491277E-01 -0.9549382E-01 -0.9639935E-01 -0.9750293E-01 -0.9868672E-01 -0.9982258E-01 -0.1009187 -0.1019337 -0.1028635 -0.1038278 -0.1052760 -0.1085247 -0.1117114 -0.1117114 -9999.000 -9999.000 -9999.000 -9999.000 -9999.000 -9999.000 -9999.000 -9999.000 -9999.000 -9999.000 -9999.000 -9999.000 -9999.000 -9999.000 -9999.000 -9999.000 -9999.000 -9999.000 -9999.000 -9999.000 -9999.000 -9999.000 -9999.000 -9999.000 -9999.000 -9999.000 -9999.000 -9999.000
-9999.000 -9999.000 -9999.000 -9999.000 -9999.000 -9999.000 -9999.000 -9999.000 -9999.000 -9999.000 -9999.000 -9999.000 -9999.000 -9999.000 -9999.000 -0.9491234E-01 -0.9004725E-01 -0.8990879E-01 -0.9096435E-01 -0.9260160E-01 -0.9460863E-01 -0.9678489E-01 -0.9891170E-01 -0.1009917 -0.1029474 -0.1047632 -0.1066232 -0.1092386 -0.1147059 -0.1205682 -0.1205682 -9999.000 -9999.000 -9999.000 -9999.000 -9999.000 -9999.000 -9999.000 -9999.000 -9999.000 -9999.000 -9999.000 -9999.000 -9999.000 -9999.000 -9999.000 -9999.000 -9999.000 -9999.000 -9999.000 -9999.000 -9999.000 -9999.000 -9999.000 -9999.000 -9999.000 -9999.000 -9999.000 -9999.000
-9999.000 -9999.000 -9999.000 -9999.000 -9999.000 -9999.000 -9999.000 -9999.000 -9999.000 -9999.000 -9999.000 -9999.000 -9999.000 -9999.000 -9999.000 -0.9083297E-01 -0.8447053E-01 -0.8436026E-01 -0.8595438E-01 -0.8840635E-01 -0.9141666E-01 -0.9469743E-01 -0.9793389E-01 -0.1011211 -0.1041388 -0.1069555 -0.1098178 -0.1137089 -0.1215480 -0.1306317 -0.1306317 -9999.000 -9999.000 -9999.000 -9999.000 -9999.000 -9999.000 -9999.000 -9999.000 -9999.000 -9999.000 -9999.000 -9999.000 -9999.000 -9999.000 -9999.000 -9999.000 -9999.000 -9999.000 -9999.000 -9999.000 -9999.000 -9999.000 -9999.000 -9999.000 -9999.000 -9999.000 -9999.000 -9999.000
-9999.000 -9999.000 -9999.000 -9999.000 -9999.000 -9999.000 -9999.000 -9999.000 -9999.000 -9999.000 -9999.000 -9999.000 -9999.000 -9999.000 -9999.000 -0.8626296E-01 -0.7849878E-01 -0.7844303E-01 -0.8061617E-01 -0.8393547E-01 -0.8801290E-01 -0.9246910E-01 -0.9688846E-01 -0.1012591 -0.1054132 -0.1093012 -0.1132361 -0.1184883 -0.1288559 -0.1417559 -0.1417559 -9999.000 -9999.000 -9999.000 -9999.000 -9999.000 -9999.000 -9999.000 -9999.000 -9999.000 -9999.000 -9999.000 -9999.000 -9999.000 -9999.000 -9999.000 -9999.000 -9999.000 -9999.000 -9999.000 -9999.000 -9999.000 -9999.000 -9999.000 -9999.000 -9999.000 -9999.000 -9999.000 -9999.000
-9999.000 -9999.000 -9999.000 -9999.000 -9999.000 -9999.000 -9999.000 -9999.000 -9999.000 -9999.000 -9999.000 -9999.000 -9999.000 -9999.000 -9999.000 -0.8129167E-01 -0.7221234E-01 -0.7223319E-01 -0.7501522E-01 -0.7923988E-01 -0.8443100E-01 -0.9011375E-01 -0.9576739E-01 -0.1013756 -0.1067187 -0.1117283 -0.1167896 -0.1234805 -0.1365485 -0.1539610 -0.1539610 -9999.000 -9999.000 -9999.000 -9999.000 -9999.000 -9999.000 -9999.000 -9999.000 -9999.000 -9999.000 -9999.000 -9999.000 -9999.000 -9999.000 -9999.000 -9999.000 -9999.000 -9999.000 -9999.000 -9999.000 -9999.000 -9999.000 -9999.000 -9999.000 -9999.000 -9999.000 -9999.000 -9999.000
-9999.000 -9999.000 -9999.000 -9999.000 -9999.000 -9999.000 -9999.000 -9999.000 -9999.000 -9999.000 -9999.000 -9999.000 -9999.000 -9999.000 -9999.000 -0.7593945E-01 -0.6563613E-01 -0.6575629E-01 -0.6917285E-01 -0.7433466E-01 -0.8067855E-01 -0.8763020E-01 -0.9455872E-01 -0.1014483 -0.1080224 -0.1141938 -0.1204276 -0.1286353 -0.1445996 -0.1673718 -0.1673718 -9999.000 -9999.000 -9999.000 -9999.000 -9999.000 -9999.000 -9999.000 -9999.000 -9999.000 -9999.000 -9999.000 -9999.000 -9999.000 -9999.000 -9999.000 -9999.000 -9999.000 -9999.000 -9999.000 -9999.000 -9999.000 -9999.000 -9999.000 -9999.000 -9999.000 -9999.000 -9999.000 -9999.000
-9999.000 -9999.000 -9999.000 -9999.000 -9999.000 -9999.000 -9999.000 -9999.000 -9999.000 -9999.000 -9999.000 -9999.000 -9999.000 -9999.000 -9999.000 -0.7019188E-01 -0.5876676E-01 -0.5901151E-01 -0.6308767E-01 -0.6921627E-01 -0.7674863E-01 -0.8500696E-01 -0.9324566E-01 -0.1014553 -0.1092966 -0.1166641 -0.1241135 -0.1339210 -0.1530095 -0.1821972 -0.1821972 -9999.000 -9999.000 -9999.000 -9999.000 -9999.000 -9999.000 -9999.000 -9999.000 -9999.000 -9999.000 -9999.000 -9999.000 -9999.000 -9999.000 -9999.000 -9999.000 -9999.000 -9999.000 -9999.000 -9999.000 -9999.000 -9999.000 -9999.000 -9999.000 -9999.000 -9999.000 -9999.000 -9999.000
-9999.000 -9999.000 -9999.000 -9999.000 -9999.000 -9999.000 -9999.000 -9999.000 -9999.000 -9999.000 -9999.000 -9999.000 -9999.000 -9999.000 -9999.000 -0.6401507E-01 -0.5158474E-01 -0.5198337E-01 -0.5674475E-01 -0.6386888E-01 -0.7262458E-01 -0.8222561E-01 -0.9180631E-01 -0.1013716 -0.1105120 -0.1191061 -0.1278123 -0.1393103 -0.1617901 -0.1987328 -0.1987328 -9999.000 -9999.000 -9999.000 -9999.000 -9999.000 -9999.000 -9999.000 -9999.000 -9999.000 -9999.000 -9999.000 -9999.000 -9999.000 -9999.000 -9999.000 -9999.000 -9999.000 -9999.000 -9999.000 -9999.000 -9999.000 -9999.000 -9999.000 -9999.000 -9999.000 -9999.000 -9999.000 -9999.000
-9999.000 -9999.000 -9999.000 -9999.000 -9999.000 -9999.000 -9999.000 -9999.000 -9999.000 -9999.000 -9999.000 -9999.000 -9999.000 -9999.000 -9999.000 -0.5736150E-01 -0.4405886E-01 -0.4464521E-01 -0.5011904E-01 -0.5826762E-01 -0.6828139E-01 -0.7925983E-01 -0.9021141E-01 -0.1011658 -0.1116334 -0.1214799 -0.1314825 -0.1447705 -0.1709562 -0.2173807 -0.2173807 -9999.000 -9999.000 -9999.000 -9999.000 -9999.000 -9999.000 -9999.000 -9999.000 -9999.000 -9999.000 -9999.000 -9999.000 -9999.000 -9999.000 -9999.000 -9999.000 -9999.000 -9999.000 -9999.000 -9999.000 -9999.000 -9999.000 -9999.000 -9999.000 -9999.000 -9999.000 -9999.000 -9999.000
-9999.000 -9999.000 -9999.000 -9999.000 -9999.000 -9999.000 -9999.000 -9999.000 -9999.000 -9999.000 -9999.000 -9999.000 -9999.000 -9999.000 -9999.000 -0.5017214E-01 -0.3614702E-01 -0.3695973E-01 -0.4317514E-01 -0.5237748E-01 -0.6368423E-01 -0.7607374E-01 -0.8842166E-01 -0.1007954 -0.1126136 -0.1237332 -0.1350684 -0.1502563 -0.1805192 -0.2386916 -0.2386916 -9999.000 -9999.000 -9999.000 -9999.000 -9999.000 -9999.000 -9999.000 -9999.000 -9999.000 -9999.000 -9999.000 -9999.000 -9999.000 -9999.000 -9999.000 -9999.000 -9999.000 -9999.000 -9999.000 -9999.000 -9999.000 -9999.000 -9999.000 -9999.000 -9999.000 -9999.000 -9999.000 -9999.000
-9999.000 -9999.000 -9999.000 -9999.000 -9999.000 -9999.000 -9999.000 -9999.000 -9999.000 -9999.000 -9999.000 -9999.000 -9999.000 -9999.000 -9999.000 -0.4237375E-01 -0.2779408E-01 -0.2887740E-01 -0.3586505E-01 -0.4615100E-01 -0.5878556E-01 -0.7261806E-01 -0.8638361E-01 -0.1002030 -0.1133885 -0.1257926 -0.1384916 -0.1556999 -0.1904792 -0.2634328 -0.2634328 -9999.000 -9999.000 -9999.000 -9999.000 -9999.000 -9999.000 -9999.000 -9999.000 -9999.000 -9999.000 -9999.000 -9999.000 -9999.000 -9999.000 -9999.000 -9999.000 -9999.000 -9999.000 -9999.000 -9999.000 -9999.000 -9999.000 -9999.000 -9999.000 -9999.000 -9999.000 -9999.000 -9999.000
-9999.000 -9999.000 -9999.000 -9999.000 -9999.000 -9999.000 -9999.000 -9999.000 -9999.000 -9999.000 -9999.000 -9999.000 -9999.000 -9999.000 -9999.000 -0.3387331E-01 -0.1892680E-01 -0.2033030E-01 -0.2812294E-01 -0.3952253E-01 -0.5351948E-01 -0.6882401E-01 -0.8402195E-01 -0.9930719E-01 -0.1138659 -0.1275533 -0.1416366 -0.1609944 -0.2008120 -0.2927044 -0.2927044 -9999.000 -9999.000 -9999.000 -9999.000 -9999.000 -9999.000 -9999.000 -9999.000 -9999.000 -9999.000 -9999.000 -9999.000 -9999.000 -9999.000 -9999.000 -9999.000 -9999.000 -9999.000 -9999.000 -9999.000 -9999.000 -9999.000 -9999.000 -9999.000 -9999.000 -9999.000 -9999.000 -9999.000
-9999.000 -9999.000 -9999.000 -9999.000 -9999.000 -9999.000 -9999.000 -9999.000 -9999.000 -9999.000 -9999.000 -9999.000 -9999.000 -9999.000 -9999.000 -0.2449398E-01 -0.9415482E-02 -0.1120790E-01 -0.1985222E-01 -0.3240394E-01 -0.4780124E-01 -0.6460427E-01 -0.8123916E-01 -0.9799860E-01 -0.1139171 -0.1288638 -0.1443321 -0.1659728 -0.2114486 -0.3281595 -0.3281595 -9999.000 -9999.000 -9999.000 -9999.000 -9999.000 -9999.000 -9999.000 -9999.000 -9999.000 -9999.000 -9999.000 -9999.000 -9999.000 -9999.000 -9999.000 -9999.000 -9999.000 -9999.000 -9999.000 -9999.000 -9999.000 -9999.000 -9999.000 -9999.000 -9999.000 -9999.000 -9999.000 -9999.000
-9999.000 -9999.000 -9999.000 -9999.000 -9999.000 -9999.000 -9999.000 -9999.000 -9999.000 -9999.000 -9999.000 -9999.000 -9999.000 -9999.000 -9999.000 -0.1549513E-02 0.3970908E-02 -0.2105570E-02 -0.1274533E-01 -0.2690523E-01 -0.4387742E-01 -0.6212785E-01 -0.7998969E-01 -0.9794213E-01 -0.1148806 -0.1307378 -0.1472879 -0.1710413 -0.2224068 -0.3699533 -0.3699533 -9999.000 -9999.000 -9999.000 -9999.000 -9999.000 -9999.000 -9999.000 -9999.000 -9999.000 -9999.000 -9999.000 -9999.000 -9999.000 -9999.000 -9999.000 -9999.000 -9999.000 -9999.000 -9999.000 -9999.000 -9999.000 -9999.000 -9999.000 -9999.000 -9999.000 -9999.000 -9999.000 -9999.000
-0.4281959E-02 -0.4281959E-02 -0.5012892E-02 -0.6083735E-02 -0.6124338E-02 -0.6124338E-02 -0.6149614E-02 -0.6168316E-02 -0.6168316E-02 -0.6157022E-02 -0.6157022E-02 -0.6128046E-02 -0.6110799E-02 -0.6092576E-02 -0.6074809E-02 -0.6074809E-02 0.1088802E-01 0.4325630E-02 -0.9161646E-02 -0.2842651E-01 -0.5232422E-01 -0.7933898E-01 -0.1077537 -0.1364624 -0.1642317 -0.1901666 -0.2142818 -0.2388369 -0.2736349 -0.3638854 -0.3638854 -0.1964700 -0.1025438 -0.3279886E-01 -0.2372434E-01 -0.2372434E-01 -0.1617830E-01 -0.1617830E-01 -0.2517091E-02 -0.2517091E-02 0.8490534E-02 0.2579627E-01 0.2579627E-01 -0.1028555E-01 -0.1028555E-01 -0.2027849E-02 -0.2027849E-02 -0.2027849E-02 0.2213146E-02 0.2213146E-02 0.2513787E-02 0.2513787E-02 0.1202469E-02 0.1202469E-02 -0.2859074E-03 -0.2859074E-03 -0.1596063E-02 -0.1596063E-02 -0.1596063E-02
-0.6593446E-02 -0.6593446E-02 -0.6883882E-02 -0.8739267E-02 -0.8671560E-02 -0.8671560E-02 -0.8668005E-02 -0.8701552E-02 -0.8701552E-02 -0.8702043E-02 -0.8702043E-02 -0.8672467E-02 -0.8653765E-02 -0.8634823E-02 -0.8621932E-02 -0.8621932E-02 0.7719551E-02 0.8616002E-03 -0.1603766E-01 -0.4176192E-01 -0.7472863E-01 -0.1133144 -0.1558262 -0.2002659 -0.2449402 -0.2881657 -0.3282769 -0.3634931 -0.3925120 -0.4168586 -0.4168586 -0.2779852 -0.1811282 -0.9016145E-01 -0.7199528E-01 -0.7199528E-01 -0.4565234E-01 -0.4565234E-01 0.4252032E-03 0.4252032E-03 0.3308926E-01 0.8587100E-01 0.8587100E-01 0.3561329E-01 0.3561329E-01 0.9119505E-02 0.9119505E-02 0.9119505E-02 0.6974030E-02 0.6974030E-02 0.3798524E-02 0.3798524E-02 -0.1505372E-03 -0.1505372E-03 -0.3702988E-02 -0.3702988E-02 -0.6402890E-02 -0.6402890E-02 -0.6402890E-02
-0.5444462E-02 -0.5444462E-02 -0.4846762E-02 -0.7628826E-02 -0.7428106E-02 -0.7428106E-02 -0.7370774E-02 -0.7397304E-02 -0.7397304E-02 -0.7401364E-02 -0.7401364E-02 -0.7373297E-02 -0.7359407E-02 -0.7348433E-02 -0.7356409E-02 -0.7356409E-02 0.2617123E-02 -0.5025086E-02 -0.2268902E-01 -0.4959735E-01 -0.8449034E-01 -0.1260579 -0.1729755 -0.2236677 -0.2766337 -0.3302972 -0.3829104 -0.4324656 -0.4759055 -0.5057237 -0.5057237 -0.4135031 -0.3283427 -0.2121902 -0.1737337 -0.1737337 -0.9995204E-01 -0.9995204E-01 0.7272494E-02 0.7272494E-02 0.7110414E-01 0.1697905 0.1697905 0.1416793 0.1416793 0.4373074E-01 0.4373074E-01 0.4373074E-01 0.1768105E-01 0.1768105E-01 0.3413983E-02 0.3413983E-02 -0.6067967E-02 -0.6067967E-02 -0.1265016E-01 -0.1265016E-01 -0.1663966E-01 -0.1663966E-01 -0.1663966E-01
-0.4298182E-02 -0.4298182E-02 -0.2912865E-02 -0.6459283E-02 -0.6131948E-02 -0.6131948E-02 -0.5987750E-02 -0.5939998E-02 -0.5939998E-02 -0.5922099E-02 -0.5922099E-02 -0.5887168E-02 -0.5873692E-02 -0.5864685E-02 -0.5887901E-02 -0.5887901E-02 -0.2942222E-02 -0.1276318E-01 -0.3202540E-01 -0.6019350E-01 -0.9625014E-01 -0.1390898 -0.1876243 -0.2406374 -0.2969368 -0.3552818 -0.4142500 -0.4720647 -0.5257111 -0.5672370 -0.5672370 -0.5191437 -0.4562202 -0.3394053 -0.2846510 -0.2846510 -0.1524118 -0.1524118 0.2472176E-01 0.2472176E-01 0.1129410 0.2350071 0.2350071 0.2305138 0.2305138 0.8983544E-01 0.8983544E-01 0.8983544E-01 0.3411659E-01 0.3411659E-01 0.3549959E-02 0.3549959E-02 -0.1411928E-01 -0.1411928E-01 -0.2455585E-01 -0.2455585E-01 -0.2967150E-01 -0.2967150E-01 -0.2967150E-01
-0.3188571E-02 -0.3188571E-02 -0.1375262E-02 -0.5115971E-02 -0.4728435E-02 -0.4728435E-02 -0.4545144E-02 -0.4457722E-02 -0.4457722E-02 -0.4435122E-02 -0.4435122E-02 -0.4408602E-02 -0.4399021E-02 -0.4393032E-02 -0.4433478E-02 -0.4433478E-02 -0.9029464E-02 -0.2241124E-01 -0.4453395E-01 -0.7490545E-01 -0.1126674 -0.1568798 -0.2066243 -0.2609244 -0.3188097 -0.3792901 -0.4412531 -0.5032794 -0.5628536 -0.6130865 -0.6130865 -0.5996454 -0.5602064 -0.4510249 -0.3787686 -0.3787686 -0.1776250 -0.1776250 0.5465684E-01 0.5465684E-01 0.1506352 0.2704922 0.2704922 0.2817019 0.2817019 0.1358461 0.1358461 0.1358461 0.5539783E-01 0.5539783E-01 0.6871238E-02 0.6871238E-02 -0.2098278E-01 -0.2098278E-01 -0.3627590E-01 -0.3627590E-01 -0.4274101E-01 -0.4274101E-01 -0.4274101E-01
-0.2114998E-02 -0.2114998E-02 -0.7178693E-03 -0.3473506E-02 -0.3192049E-02 -0.3192049E-02 -0.3054936E-02 -0.2984573E-02 -0.2984573E-02 -0.2962947E-02 -0.2962947E-02 -0.2940272E-02 -0.2932168E-02 -0.2927111E-02 -0.2988306E-02 -0.2988306E-02 -0.1601876E-01 -0.3432533E-01 -0.6069226E-01 -0.9444970E-01 -0.1347845 -0.1808880 -0.2320067 -0.2873836 -0.3462594 -0.4078534 -0.4712911 -0.5354518 -0.5983336 -0.6543670 -0.6543670 -0.6654041 -0.6455689 -0.5347704 -0.4344023 -0.4344023 -0.1617024 -0.1617024 0.8651405E-01 0.8651405E-01 0.1733186 0.2763640 0.2763640 0.2971282 0.2971282 0.1729390 0.1729390 0.1729390 0.7895832E-01 0.7895832E-01 0.1424293E-01 0.1424293E-01 -0.2483516E-01 -0.2483516E-01 -0.4600523E-01 -0.4600523E-01 -0.5427712E-01 -0.5427712E-01 -0.5427712E-01
-0.1055978E-02 -0.1055978E-02 -0.4690137E-03 -0.1722252E-02 -0.1607859E-02 -0.1607859E-02 -0.1538536E-02 -0.1496713E-02 -0.1496713E-02 -0.1483641E-02 -0.1483641E-02 -0.1470607E-02 -0.1465795E-02 -0.1462906E-02 -0.1552325E-02 -0.1552325E-02 -0.2453586E-01 -0.4921030E-01 -0.8131257E-01 -0.1197903 -0.1637503 -0.2124592 -0.2653199 -0.3217978 -0.3813724 -0.4434986 -0.5075423 -0.5726523 -0.6372601 -0.6968867 -0.6968867 -0.7239685 -0.7165146 -0.5746425 -0.4312256 -0.4312256 -0.1144060 -0.1144060 0.1055238 0.1055238 0.1751146 0.2595386 0.2595386 0.2865686 0.2865686 0.1955804 0.1955804 0.1955804 0.1008615 0.1008615 0.2492144E-01 0.2492144E-01 -0.2488846E-01 -0.2488846E-01 -0.5255688E-01 -0.5255688E-01 -0.6312234E-01 -0.6312234E-01 -0.6312234E-01
-0.4922939E-07 -0.4922939E-07 -0.6254023E-07 0.1249174E-06 0.2433961E-06 0.2433961E-06 0.1150798E-06 0.1826219E-06 0.1826219E-06 0.4640212E-07 0.4640212E-07 0.3351352E-07 0.5023829E-07 -0.7809660E-08 -0.1284754E-03 -0.1284754E-03 -0.3551738E-01 -0.6822634E-01 -0.1076984 -0.1523405 -0.2010806 -0.2532130 -0.3082863 -0.3659899 -0.4260680 -0.4882508 -0.5521813 -0.6172980 -0.6823971 -0.7436004 -0.7436004 -0.7788522 -0.7708915 -0.5480795 -0.3638135 -0.3638135 -0.6356828E-01 -0.6356828E-01 0.1051809 0.1051809 0.1586745 0.2289405 0.2289405 0.2600128 0.2600128 0.2020393 0.2020393 0.2020393 0.1169386 0.1169386 0.3683903E-01 0.3683903E-01 -0.2128545E-01 -0.2128545E-01 -0.5520163E-01 -0.5520163E-01 -0.6832488E-01 -0.6832488E-01 -0.6832488E-01
0.1055985E-02 0.1055985E-02 0.4690546E-03 0.1722400E-02 0.1608207E-02 0.1608207E-02 0.1538812E-02 0.1497013E-02 0.1497013E-02 0.1483626E-02 0.1483626E-02 0.1470654E-02 0.1465858E-02 0.1463060E-02 0.1280912E-02 0.1280912E-02 -0.5039295E-01 -0.9319958E-01 -0.1418755 -0.1941998 -0.2488858 -0.3052520 -0.3630031 -0.4220655 -0.4824667 -0.5442407 -0.6073445 -0.6715321 -0.7358440 -0.7959467 -0.7959467 -0.8283619 -0.7929415 -0.4466960 -0.2609679 -0.2609679 -0.3159339E-01 -0.3159339E-01 0.8966893E-01 0.8966893E-01 0.1316979 0.1920991 0.1920991 0.2248783 0.2248783 0.1937134 0.1937134 0.1937134 0.1241025 0.1241025 0.4722900E-01 0.4722900E-01 -0.1499852E-01 -0.1499852E-01 -0.5368005E-01 -0.5368005E-01 -0.6914176E-01 -0.6914176E-01 -0.6914176E-01
0.2114912E-02 0.2114912E-02 0.7179420E-03 0.3473502E-02 0.3192313E-02 0.3192313E-02 0.3055090E-02 0.2984582E-02 0.2984582E-02 0.2962997E-02 0.2962997E-02 0.2940227E-02 0.2932043E-02 0.2927163E-02 0.2671501E-02 0.2671501E-02 -0.7144479E-01 -0.1270134 -0.1869695 -0.2485004 -0.3101810 -0.3714299 -0.4321673 -0.4925961 -0.5530497 -0.6138859 -0.6753949 -0.7376419 -0.7995102 -0.8531252 -0.8531252 -0.8587461 -0.7433157 -0.3077186 -0.1700466 -0.1700466 -0.2103416E-01 -0.2103416E-01 0.6732988E-01 0.6732988E-01 0.1015491 0.1538731 0.1538731 0.1858847 0.1858847 0.1737158 0.1737158 0.1737158 0.1211563 0.1211563 0.5351160E-01 0.5351160E-01 -0.7543619E-02 -0.7543619E-02 -0.4821295E-01 -0.4821295E-01 -0.6512377E-01 -0.6512377E-01 -0.6512377E-01
0.3188668E-02 0.3188668E-02 0.1375187E-02 0.5116244E-02 0.4728695E-02 0.4728695E-02 0.4545359E-02 0.4457799E-02 0.4457799E-02 0.4435301E-02 0.4435301E-02 0.4408502E-02 0.4398877E-02 0.4392930E-02 0.4035975E-02 0.4035975E-02 -0.1025218 -0.1743348 -0.2478614 -0.3199713 -0.3893635 -0.4557528 -0.5194096 -0.5808905 -0.6408758 -0.7000607 -0.7590741 -0.8181856 -0.8745925 -0.9062281 -0.9062281 -0.8252604 -0.5795698 -0.1934246 -0.1147448 -0.1147448 -0.2167428E-01 -0.2167428E-01 0.4478829E-01 0.4478829E-01 0.7278173E-01 0.1167886 0.1167886 0.1457853 0.1457853 0.1455190 0.1455190 0.1455190 0.1087152 0.1087152 0.5403773E-01 0.5403773E-01 -0.5474526E-03 -0.5474526E-03 -0.3945112E-01 -0.3945112E-01 -0.5623392E-01 -0.5623392E-01 -0.5623392E-01
0.4298181E-02 0.4298181E-02 0.2912872E-02 0.6459572E-02 0.6132132E-02 0.6132132E-02 0.5987988E-02 0.5940215E-02 0.5940215E-02 0.5922137E-02 0.5922137E-02 0.5887149E-02 0.5873588E-02 0.5864614E-02 0.5364995E-02 0.5364995E-02 -0.1505444 -0.2430427 -0.3324088 -0.4159476 -0.4930417 -0.5640677 -0.6298680 -0.6914775 -0.7499796 -0.8064228 -0.8617638 -0.9159899 -0.9580466 -0.9149962 -0.9149962 -0.6515089 -0.3427675 -0.1271728 -0.8689378E-01 -0.8689378E-01 -0.2400753E-01 -0.2400753E-01 0.2542200E-01 0.2542200E-01 0.4752423E-01 0.8210345E-01 0.8210345E-01 0.1063206 0.1063206 0.1123347 0.1123347 0.1123347 0.8868886E-01 0.8868886E-01 0.4849555E-01 0.4849555E-01 0.4736935E-02 0.4736935E-02 -0.2832374E-01 -0.2832374E-01 -0.4293397E-01 -0.4293397E-01 -0.4293397E-01
