simulation_files/asc/Velocity__x_217.0.asc
NCOLS        79
NROWS        79
XLLCENTER         -1.500000
YLLCENTER         -4.800000
CELLSIZE           0.100
NODATA_VALUE     -9999.0
[rows 0 to 25 of 79, columns 0 to 57 of 79]
-9999.000 -9999.000 -9999.000 -9999.000 -9999.000 -9999.000 -9999.000 -9999.000 -9999.000 -9999.000 -9999.000 -9999.000 -9999.000 -9999.000 -9999.000 -0.1765692E-02 -0.1533265E-02 0.1788161E-02 0.6665702E-02 0.1172575E-01 0.1588560E-01 0.1882657E-01 0.2053043E-01 0.2107556E-01 0.2061655E-01 0.1930291E-01 0.1722406E-01 0.1433068E-01 0.1003847E-01 0.4915413E-02 0.4915413E-02 -9999.000 -9999.000 -9999.000 -9999.000 -9999.000 -9999.000 -9999.000 -9999.000 -9999.000 -9999.000 -9999.000 -9999.000 -9999.000 -9999.000 -9999.000 -9999.000 -9999.000 -9999.000 -9999.000 -9999.000 -9999.000 -9999.000 -9999.000 -9999.000 -9999.000 -9999.000 -9999.000
-9999.000 -9999.000 -9999.000 -9999.000 -9999.000 -9999.000 -9999.000 -9999.000 -9999.000 -9999.000 -9999.000 -9999.000 -9999.000 -9999.000 -9999.000 -0.4964437E-03 0.9594102E-03 0.5319429E-02 0.1107640E-01 0.1691778E-01 0.2177427E-01 0.2526257E-01 0.2729136E-01 0.2788384E-01 0.2715576E-01 0.2523958E-01 0.2223237E-01 0.1812574E-01 0.1246513E-01 0.6083918E-02 0.6083918E-02 -9999.000 -9999.000 -9999.000 -9999.000 -9999.000 -9999.000 -9999.000 -9999.000 -9999.000 -9999.000 -9999.000 -9999.000 -9999.000 -9999.000 -9999.000 -9999.000 -9999.000 -9999.000 -9999.000 -9999.000 -9999.000 -9999.000 -9999.000 -9999.000 -9999.000 -9999.000 -9999.000
-9999.000 -9999.000 -9999.000 -9999.000 -9999.000 -9999.000 -9999.000 -9999.000 -9999.000 -9999.000 -9999.000 -9999.000 -9999.000 -9999.000 -9999.000 -0.6264696E-04 0.1912070E-02 0.6884984E-02 0.1322747E-01 0.1958375E-01 0.2484903E-01 0.2862247E-01 0.3080119E-01 0.3140039E-01 0.3053512E-01 0.2834223E-01 0.2492808E-01 0.2029734E-01 0.1399373E-01 0.6868511E-02 0.6868511E-02 -9999.000 -9999.000 -9999.000 -9999.000 -9999.000 -9999.000 -9999.000 -9999.000 -9999.000 -9999.000 -9999.000 -9999.000 -9999.000 -9999.000 -9999.000 -9999.000 -9999.000 -9999.000 -9999.000 -9999.000 -9999.000 -9999.000 -9999.000 -9999.000 -9999.000 -9999.000 -9999.000
-9999.000 -9999.000 -9999.000 -9999.000 -9999.000 -9999.000 -9999.000 -9999.000 -9999.000 -9999.000 -9999.000 -9999.000 -9999.000 -9999.000 -9999.000 0.1427013E-03 0.2398660E-02 0.7745033E-02 0.1446599E-01 0.2116444E-01 0.2670324E-01 0.3067224E-01 0.3296398E-01 0.3359153E-01 0.3267284E-01 0.3034813E-01 0.2672747E-01 0.2181656E-01 0.1513517E-01 0.7483098E-02 0.7483098E-02 -9999.000 -9999.000 -9999.000 -9999.000 -9999.000 -9999.000 -9999.000 -9999.000 -9999.000 -9999.000 -9999.000 -9999.000 -9999.000 -9999.000 -9999.000 -9999.000 -9999.000 -9999.000 -9999.000 -9999.000 -9999.000 -9999.000 -9999.000 -9999.000 -9999.000 -9999.000 -9999.000
-9999.000 -9999.000 -9999.000 -9999.000 -9999.000 -9999.000 -9999.000 -9999.000 -9999.000 -9999.000 -9999.000 -9999.000 -9999.000 -9999.000 -9999.000 0.2738145E-03 0.2729502E-02 0.8359777E-02 0.1537756E-01 0.2234646E-01 0.2810220E-01 0.3223029E-01 0.3462239E-01 0.3529120E-01 0.3435836E-01 0.3196633E-01 0.2822577E-01 0.2313790E-01 0.1618559E-01 0.8071023E-02 0.8071023E-02 -9999.000 -9999.000 -9999.000 -9999.000 -9999.000 -9999.000 -9999.000 -9999.000 -9999.000 -9999.000 -9999.000 -9999.000 -9999.000 -9999.000 -9999.000 -9999.000 -9999.000 -9999.000 -9999.000 -9999.000 -9999.000 -9999.000 -9999.000 -9999.000 -9999.000 -9999.000 -9999.000
-9999.000 -9999.000 -9999.000 -9999.000 -9999.000 -9999.000 -9999.000 -9999.000 -9999.000 -9999.000 -9999.000 -9999.000 -9999.000 -9999.000 -9999.000 0.3922253E-03 0.3031530E-02 0.8924399E-02 0.1621585E-01 0.2343198E-01 0.2938404E-01 0.3365812E-01 0.3614775E-01 0.3686576E-01 0.3593850E-01 0.3351048E-01 0.2969097E-01 0.2447323E-01 0.1729189E-01 0.8706990E-02 0.8706990E-02 -9999.000 -9999.000 -9999.000 -9999.000 -9999.000 -9999.000 -9999.000 -9999.000 -9999.000 -9999.000 -9999.000 -9999.000 -9999.000 -9999.000 -9999.000 -9999.000 -9999.000 -9999.000 -9999.000 -9999.000 -9999.000 -9999.000 -9999.000 -9999.000 -9999.000 -9999.000 -9999.000
-9999.000 -9999.000 -9999.000 -9999.000 -9999.000 -9999.000 -9999.000 -9999.000 -9999.000 -9999.000 -9999.000 -9999.000 -9999.000 -9999.000 -9999.000 0.5259315E-03 0.3362886E-02 0.9527199E-02 0.1709582E-01 0.2455797E-01 0.3070273E-01 0.3512140E-01 0.3771034E-01 0.3848492E-01 0.3757712E-01 0.3513250E-01 0.3125778E-01 0.2593553E-01 0.1853958E-01 0.9437861E-02 0.9437861E-02 -9999.000 -9999.000 -9999.000 -9999.000 -9999.000 -9999.000 -9999.000 -9999.000 -9999.000 -9999.000 -9999.000 -9999.000 -9999.000 -9999.000 -9999.000 -9999.000 -9999.000 -9999.000 -9999.000 -9999.000 -9999.000 -9999.000 -9999.000 -9999.000 -9999.000 -9999.000 -9999.000
-9999.000 -9999.000 -9999.000 -9999.000 -9999.000 -9999.000 -9999.000 -9999.000 -9999.000 -9999.000 -9999.000 -9999.000 -9999.000 -9999.000 -9999.000 0.6898746E-03 0.3753554E-02 0.1021340E-01 0.1807638E-01 0.2579424E-01 0.3213638E-01 0.3670380E-01 0.3939891E-01 0.4023915E-01 0.3936390E-01 0.3691968E-01 0.3300935E-01 0.2760113E-01 0.1999533E-01 0.1030405E-01 0.1030405E-01 -9999.000 -9999.000 -9999.000 -9999.000 -9999.000 -9999.000 -9999.000 -9999.000 -9999.000 -9999.000 -9999.000 -9999.000 -9999.000 -9999.000 -9999.000 -9999.000 -9999.000 -9999.000 -9999.000 -9999.000 -9999.000 -9999.000 -9999.000 -9999.000 -9999.000 -9999.000 -9999.000
-9999.000 -9999.000 -9999.000 -9999.000 -9999.000 -9999.000 -9999.000 -9999.000 -9999.000 -9999.000 -9999.000 -9999.000 -9999.000 -9999.000 -9999.000 0.8938144E-03 0.4224177E-02 0.1101364E-01 0.1919621E-01 0.2718668E-01 0.3373665E-01 0.3846222E-01 0.4127387E-01 0.4219207E-01 0.4136499E-01 0.3894043E-01 0.3501564E-01 0.2954177E-01 0.2172918E-01 0.1135024E-01 0.1135024E-01 -9999.000 -9999.000 -9999.000 -9999.000 -9999.000 -9999.000 -9999.000 -9999.000 -9999.000 -9999.000 -9999.000 -9999.000 -9999.000 -9999.000 -9999.000 -9999.000 -9999.000 -9999.000 -9999.000 -9999.000 -9999.000 -9999.000 -9999.000 -9999.000 -9999.000 -9999.000 -9999.000
-9999.000 -9999.000 -9999.000 -9999.000 -9999.000 -9999.000 -9999.000 -9999.000 -9999.000 -9999.000 -9999.000 -9999.000 -9999.000 -9999.000 -9999.000 0.1148052E-02 0.4793901E-02 0.1195628E-01 0.2049194E-01 0.2877779E-01 0.3555083E-01 0.4044793E-01 0.4339038E-01 0.4440348E-01 0.4364600E-01 0.4126580E-01 0.3735402E-01 0.3184057E-01 0.2382764E-01 0.1263406E-01 0.1263406E-01 -9999.000 -9999.000 -9999.000 -9999.000 -9999.000 -9999.000 -9999.000 -9999.000 -9999.000 -9999.000 -9999.000 -9999.000 -9999.000 -9999.000 -9999.000 -9999.000 -9999.000 -9999.000 -9999.000 -9999.000 -9999.000 -9999.000 -9999.000 -9999.000 -9999.000 -9999.000 -9999.000
-9999.000 -9999.000 -9999.000 -9999.000 -9999.000 -9999.000 -9999.000 -9999.000 -9999.000 -9999.000 -9999.000 -9999.000 -9999.000 -9999.000 -9999.000 0.1462411E-02 0.5484161E-02 0.1307315E-01 0.2200421E-01 0.3061604E-01 0.3763347E-01 0.4272157E-01 0.4581562E-01 0.4694678E-01 0.4628731E-01 0.4398523E-01 0.4012394E-01 0.3460856E-01 0.2640971E-01 0.1423537E-01 0.1423537E-01 -9999.000 -9999.000 -9999.000 -9999.000 -9999.000 -9999.000 -9999.000 -9999.000 -9999.000 -9999.000 -9999.000 -9999.000 -9999.000 -9999.000 -9999.000 -9999.000 -9999.000 -9999.000 -9999.000 -9999.000 -9999.000 -9999.000 -9999.000 -9999.000 -9999.000 -9999.000 -9999.000
-9999.000 -9999.000 -9999.000 -9999.000 -9999.000 -9999.000 -9999.000 -9999.000 -9999.000 -9999.000 -9999.000 -9999.000 -9999.000 -9999.000 -9999.000 0.1853643E-02 0.6329077E-02 0.1441592E-01 0.2380211E-01 0.3277684E-01 0.4006618E-01 0.4537106E-01 0.4864410E-01 0.4992464E-01 0.4940194E-01 0.4722454E-01 0.4346643E-01 0.3800310E-01 0.2964606E-01 0.1626940E-01 0.1626940E-01 -9999.000 -9999.000 -9999.000 -9999.000 -9999.000 -9999.000 -9999.000 -9999.000 -9999.000 -9999.000 -9999.000 -9999.000 -9999.000 -9999.000 -9999.000 -9999.000 -9999.000 -9999.000 -9999.000 -9999.000 -9999.000 -9999.000 -9999.000 -9999.000 -9999.000 -9999.000 -9999.000
-9999.000 -9999.000 -9999.000 -9999.000 -9999.000 -9999.000 -9999.000 -9999.000 -9999.000 -9999.000 -9999.000 -9999.000 -9999.000 -9999.000 -9999.000 0.2388700E-02 0.7470568E-02 0.1621257E-01 0.2616821E-01 0.3554214E-01 0.4311673E-01 0.4865129E-01 0.5211928E-01 0.5357242E-01 0.5322215E-01 0.5121820E-01 0.4762470E-01 0.4228128E-01 0.3380571E-01 0.1891520E-01 0.1891520E-01 -9999.000 -9999.000 -9999.000 -9999.000 -9999.000 -9999.000 -9999.000 -9999.000 -9999.000 -9999.000 -9999.000 -9999.000 -9999.000 -9999.000 -9999.000 -9999.000 -9999.000 -9999.000 -9999.000 -9999.000 -9999.000 -9999.000 -9999.000 -9999.000 -9999.000 -9999.000 -9999.000
-9999.000 -9999.000 -9999.000 -9999.000 -9999.000 -9999.000 -9999.000 -9999.000 -9999.000 -9999.000 -9999.000 -9999.000 -9999.000 -9999.000 -9999.000 0.4881041E-02 0.1278248E-01 0.2458597E-01 0.3584644E-01 0.4488680E-01 0.5197665E-01 0.5699802E-01 0.5996377E-01 0.6096946E-01 0.6026687E-01 0.5800554E-01 0.5423076E-01 0.4872863E-01 0.3986341E-01 0.2272332E-01 0.2272332E-01 -9999.000 -9999.000 -9999.000 -9999.000 -9999.000 -9999.000 -9999.000 -9999.000 -9999.000 -9999.000 -9999.000 -9999.000 -9999.000 -9999.000 -9999.000 -9999.000 -9999.000 -9999.000 -9999.000 -9999.000 -9999.000 -9999.000 -9999.000 -9999.000 -9999.000 -9999.000 -9999.000
-9999.000 -9999.000 -9999.000 -9999.000 -9999.000 -9999.000 -9999.000 -9999.000 -9999.000 -9999.000 -9999.000 -9999.000 -9999.000 -9999.000 -9999.000 0.1110476 0.1705536 0.2006850 0.1930607 0.1632553 0.1417119 0.1229804 0.1069315 0.9327959E-01 0.8167450E-01 0.7152109E-01 0.6228174E-01 0.5316845E-01 0.4191199E-01 0.2014573E-01 0.2014573E-01 -9999.000 -9999.000 -9999.000 -9999.000 -9999.000 -9999.000 -9999.000 -9999.000 -9999.000 -9999.000 -9999.000 -9999.000 -9999.000 -9999.000 -9999.000 -9999.000 -9999.000 -9999.000 -9999.000 -9999.000 -9999.000 -9999.000 -9999.000 -9999.000 -9999.000 -9999.000 -9999.000
2.900443 2.900443 2.914449 2.916695 2.936334 2.936334 2.938765 2.937925 2.937925 2.933634 2.933634 2.926986 2.923002 2.918673 2.914460 2.914460 3.081839 3.086810 3.088186 3.086592 3.054968 2.999407 2.920080 2.815776 2.687326 2.539234 2.373585 2.198785 2.038301 1.962037 1.962037 2.805943 2.987698 3.097467 3.125679 3.125679 3.165754 3.165754 3.159914 3.159914 3.122454 2.957803 2.957803 2.654215 2.654215 2.224933 2.224933 2.224933 2.189780 2.189780 2.213527 2.213527 2.259695 2.259695 2.310148 2.310148 2.356571 2.356571
2.923307 2.923307 2.947109 2.971630 2.998671 2.998671 3.013211 3.035590 3.035590 3.054090 3.054090 3.070019 3.077251 3.084089 3.090964 3.090964 3.214753 3.235545 3.251973 3.266117 3.272626 3.272010 3.262557 3.241148 3.204833 3.152010 3.080674 2.991283 2.890090 2.803054 2.803054 3.252765 3.414443 3.572421 3.616106 3.616106 3.668315 3.668315 3.676839 3.676839 3.660213 3.567776 3.567776 3.387451 3.387451 3.068299 3.068299 3.068299 3.028455 3.028455 3.054204 3.054204 3.103012 3.103012 3.155994 3.155994 3.205318 3.205318
2.927483 2.927483 2.950500 2.973489 2.998352 2.998352 3.013575 3.036856 3.036856 3.056021 3.056021 3.072668 3.080300 3.087564 3.094934 3.094934 3.204797 3.238961 3.267817 3.292959 3.312339 3.326185 3.334396 3.335991 3.329560 3.313903 3.287215 3.248507 3.200233 3.158366 3.158366 3.409905 3.567448 3.752195 3.807100 3.807100 3.867237 3.867237 3.865148 3.865148 3.839588 3.742424 3.742424 3.605586 3.605586 3.357777 3.357777 3.357777 3.304352 3.304352 3.316539 3.316539 3.356208 3.356208 3.402948 3.402948 3.447768 3.447768
2.928551 2.928551 2.952369 2.974099 2.997405 2.997405 3.013092 3.036994 3.036994 3.056309 3.056309 3.072975 3.080604 3.087857 3.095303 3.095303 3.195935 3.240937 3.281194 3.316597 3.345725 3.368342 3.384554 3.394274 3.397236 3.393305 3.381990 3.362988 3.337898 3.317018 3.317018 3.468713 3.607185 3.799916 3.861323 3.861323 3.921104 3.921104 3.897257 3.897257 3.858806 3.761725 3.761725 3.668786 3.668786 3.493454 3.493454 3.493454 3.432929 3.432929 3.430219 3.430219 3.459660 3.459660 3.500568 3.500568 3.541853 3.541853
2.928029 2.928029 2.955474 2.974527 2.996853 2.996853 3.012816 3.037031 3.037031 3.056375 3.056375 3.073059 3.080707 3.087983 3.095587 3.095587 3.192053 3.246054 3.296422 3.341356 3.379447 3.410124 3.433320 3.449085 3.457492 3.458793 3.453204 3.441112 3.424126 3.409563 3.409563 3.501087 3.613910 3.796749 3.855742 3.855742 3.894750 3.894750 3.839232 3.839232 3.794076 3.720092 3.720092 3.676280 3.676280 3.572512 3.572512 3.572512 3.514590 3.514590 3.498203 3.498203 3.514939 3.514939 3.547805 3.547805 3.584159 3.584159
2.928652 2.928652 2.957558 2.974549 2.996196 2.996196 3.012378 3.036930 3.036930 3.056318 3.056318 3.072991 3.080636 3.087912 3.095721 3.095721 3.193993 3.255953 3.315138 3.368551 3.414622 3.452610 3.482293 3.503684 3.516916 3.522280 3.520181 3.511230 3.496947 3.482701 3.482701 3.533979 3.618200 3.771982 3.814888 3.814888 3.806098 3.806098 3.724486 3.724486 3.689761 3.661429 3.661429 3.663663 3.663663 3.622322 3.622322 3.622322 3.576352 3.576352 3.551528 3.551528 3.555019 3.555019 3.577486 3.577486 3.606723 3.606723
2.929032 2.929032 2.958748 2.974588 2.995806 2.995806 3.012104 3.036877 3.036877 3.056309 3.056309 3.072975 3.080612 3.087880 3.095964 3.095964 3.202784 3.272328 3.339219 3.399866 3.452646 3.496813 3.532101 3.558505 3.576141 3.585260 3.586241 3.579666 3.566777 3.551357 3.551357 3.574852 3.629900 3.730823 3.737620 3.737620 3.663542 3.663542 3.592299 3.592299 3.584409 3.607242 3.607242 3.644978 3.644978 3.652859 3.652859 3.652859 3.624844 3.624844 3.598879 3.598879 3.591440 3.591440 3.602264 3.602264 3.622249 3.622249
2.929153 2.929153 2.959127 2.974592 2.995665 2.995665 3.012000 3.036853 3.036853 3.056306 3.056306 3.072972 3.080606 3.087872 3.096344 3.096344 3.219481 3.296768 3.370452 3.437014 3.495029 3.543932 3.583559 3.613954 3.635249 3.647655 3.651470 3.647147 3.635567 3.619056 3.619056 3.622869 3.648098 3.659777 3.608035 3.608035 3.489438 3.489438 3.473608 3.473608 3.496614 3.560525 3.560525 3.622665 3.622665 3.667756 3.667756 3.667756 3.659863 3.659863 3.639549 3.639549 3.625838 3.625838 3.625502 3.625502 3.634789 3.634789
2.929030 2.929030 2.958750 2.974588 2.995806 2.995806 3.012104 3.036876 3.036876 3.056309 3.056309 3.072975 3.080611 3.087880 3.096899 3.096899 3.245560 3.331028 3.410657 3.481689 3.543246 3.595153 3.637506 3.670497 3.694331 3.709211 3.715366 3.713093 3.702867 3.685319 3.685319 3.673069 3.662661 3.530382 3.417043 3.417043 3.324287 3.324287 3.383518 3.383518 3.429418 3.519562 3.519562 3.597809 3.597809 3.670572 3.670572 3.670572 3.681868 3.681868 3.671732 3.671732 3.656551 3.656551 3.647168 3.647168 3.645291 3.645291
2.928650 2.928650 2.957557 2.974546 2.996193 2.996193 3.012375 3.036930 3.036930 3.056319 3.056319 3.072993 3.080638 3.087914 3.097685 3.097685 3.283239 3.377283 3.461812 3.535577 3.598660 3.651516 3.694652 3.728505 3.753412 3.769615 3.777294 3.776604 3.767442 3.747472 3.747472 3.714984 3.647597 3.322562 3.193145 3.193145 3.201228 3.201228 3.317620 3.317620 3.376010 3.481109 3.481109 3.570269 3.570269 3.663474 3.663474 3.663474 3.691254 3.691254 3.693112 3.693112 3.680622 3.680622 3.665215 3.665215 3.652800 3.652800
2.928028 2.928028 2.955474 2.974528 2.996853 2.996853 3.012817 3.037032 3.037032 3.056375 3.056375 3.073060 3.080707 3.087983 3.098765 3.098765 3.335851 3.438329 3.526090 3.600265 3.662355 3.713695 3.755324 3.788001 3.812232 3.828324 3.836441 3.836557 3.827333 3.798539 3.798539 3.722385 3.549700 3.067268 3.001209 3.001209 3.119299 3.119299 3.262865 3.262865 3.327099 3.440962 3.440962 3.537946 3.537946 3.646131 3.646131 3.646131 3.687056 3.687056 3.700498 3.700498 3.693233 3.693233 3.674892 3.674892 3.653511 3.653511
