simulation_files/asc/Velocity__y_236.0.asc
NCOLS        79
NROWS        79
XLLCENTER         -1.500000
YLLCENTER         -4.800000
CELLSIZE           0.100
NODATA_VALUE     -9999.0
[rows 0 to 26 of 79, columns 0 to 58 of 79]
-9999.000 -9999.000 -9999.000 -9999.000 -9999.000 -9999.000 -9999.000 -9999.000 -9999.000 -9999.000 -9999.000 -9999.000 -9999.000 -9999.000 -9999.000 -0.9018861E-01 -0.8703975E-01 -0.8573499E-01 -0.8526020E-01 -0.8573282E-01 -0.8652335E-01 -0.8735515E-01 -0.8816794E-01 -0.8888213E-01 -0.8949380E-01 -0.9003253E-01 -0.9053138E-01 -0.9115867E-01 -0.9250472E-01 -0.9389364E-01 -0.9389364E-01 -9999.000 -9999.000 -9999.000 -9999.000 -9999.000 -9999.000 -9999.000 -9999.000 -9999.000 -9999.000 -9999.000 -9999.000 -9999.000 -9999.000 -9999.000 -9999.000 -9999.000 -9999.000 -9999.000 -9999.000 -9999.000 -9999.000 -9999.000 -9999.000 -9999.000 -9999.000 -9999.000 -9999.000
-9999.000 -9999.000 -9999.000 -9999.000 -9999.000 -9999.000 -9999.000 -9999.000 -9999.000 -9999.000 -9999.000 -9999.000 -9999.000 -9999.000 -9999.000 -0.9087251E-01 -0.8426333E-01 -0.8147617E-01 -0.8048213E-01 -0.8154316E-01 -0.8332493E-01 -0.8523159E-01 -0.8712251E-01 -0.8881782E-01 -0.9030039E-01 -0.9162519E-01 -0.9285545E-01 -0.9434018E-01 -0.9731157E-01 -0.1006561 -0.1006561 -9999.000 -9999.000 -9999.000 -9999.000 -9999.000 -9999.000 -9999.000 -9999.000 -9999.000 -9999.000 -9999.000 -9999.000 -9999.000 -9999.000 -9999.000 -9999.000 -9999.000 -9999.000 -9999.000 -9999.000 -9999.000 -9999.000 -9999.000 -9999.000 -9999.000 -9999.000 -9999.000 -9999.000
-9999.000 -9999.000 -9999.000 -9999.000 -9999.000 -9999.000 -9999.000 -9999.000 -9999.000 -9999.000 -9999.000 -9999.000 -9999.000 -9999.000 -9999.000 -0.9059534E-01 -0.8020774E-01 -0.7572631E-01 -0.7418743E-01 -0.7602828E-01 -0.7910520E-01 -0.8244610E-01 -0.8580641E-01 -0.8887625E-01 -0.9161233E-01 -0.9408688E-01 -0.9638774E-01 -0.9906193E-01 -0.1040694 -0.1101195 -0.1101195 -9999.000 -9999.000 -9999.000 -9999.000 -9999.000 -9999.000 -9999.000 -9999.000 -9999.000 -9999.000 -9999.000 -9999.000 -9999.000 -9999.000 -9999.000 -9999.000 -9999.000 -9999.000 -9999.000 -9999.000 -9999.000 -9999.000 -9999.000 -9999.000 -9999.000 -9999.000 -9999.000 -9999.000
-9999.000 -9999.000 -9999.000 -9999.000 -9999.000 -9999.000 -9999.000 -9999.000 -9999.000 -9999.000 -9999.000 -9999.000 -9999.000 -9999.000 -9999.000 -0.8981115E-01 -0.7565732E-01 -0.6948309E-01 -0.6743751E-01 -0.7013704E-01 -0.7460341E-01 -0.7948133E-01 -0.8442191E-01 -0.8897742E-01 -0.9307645E-01 -0.9680569E-01 -0.1002732 -0.1042291 -0.1113968 -0.1206342 -0.1206342 -9999.000 -9999.000 -9999.000 -9999.000 -9999.000 -9999.000 -9999.000 -9999.000 -9999.000 -9999.000 -9999.000 -9999.000 -9999.000 -9999.000 -9999.000 -9999.000 -9999.000 -9999.000 -9999.000 -9999.000 -9999.000 -9999.000 -9999.000 -9999.000 -9999.000 -9999.000 -9999.000 -9999.000
-9999.000 -9999.000 -9999.000 -9999.000 -9999.000 -9999.000 -9999.000 -9999.000 -9999.000 -9999.000 -9999.000 -9999.000 -9999.000 -9999.000 -9999.000 -0.8874296E-01 -0.7078974E-01 -0.6290758E-01 -0.6037176E-01 -0.6398381E-01 -0.6990271E-01 -0.7638262E-01 -0.8297274E-01 -0.8908045E-01 -0.9460722E-01 -0.9965462E-01 -0.1043490 -0.1096545 -0.1191057 -0.1320502 -0.1320502 -9999.000 -9999.000 -9999.000 -9999.000 -9999.000 -9999.000 -9999.000 -9999.000 -9999.000 -9999.000 -9999.000 -9999.000 -9999.000 -9999.000 -9999.000 -9999.000 -9999.000 -9999.000 -9999.000 -9999.000 -9999.000 -9999.000 -9999.000 -9999.000 -9999.000 -9999.000 -9999.000 -9999.000
-9999.000 -9999.000 -9999.000 -9999.000 -9999.000 -9999.000 -9999.000 -9999.000 -9999.000 -9999.000 -9999.000 -9999.000 -9999.000 -9999.000 -9999.000 -0.8745791E-01 -0.6566475E-01 -0.5605783E-01 -0.5304352E-01 -0.5761468E-01 -0.6503610E-01 -0.7316655E-01 -0.8145753E-01 -0.8916401E-01 -0.9616393E-01 -0.1025747 -0.1085411 -0.1152562 -0.1271244 -0.1443831 -0.1443831 -9999.000 -9999.000 -9999.000 -9999.000 -9999.000 -9999.000 -9999.000 -9999.000 -9999.000 -9999.000 -9999.000 -9999.000 -9999.000 -9999.000 -9999.000 -9999.000 -9999.000 -9999.000 -9999.000 -9999.000 -9999.000 -9999.000 -9999.000 -9999.000 -9999.000 -9999.000 -9999.000 -9999.000
-9999.000 -9999.000 -9999.000 -9999.000 -9999.000 -9999.000 -9999.000 -9999.000 -9999.000 -9999.000 -9999.000 -9999.000 -9999.000 -9999.000 -9999.000 -0.8595554E-01 -0.6028988E-01 -0.4894567E-01 -0.4546610E-01 -0.5104411E-01 -0.6001424E-01 -0.6983658E-01 -0.7987194E-01 -0.8921409E-01 -0.9772322E-01 -0.1055352 -0.1128123 -0.1209954 -0.1354318 -0.1577421 -0.1577421 -9999.000 -9999.000 -9999.000 -9999.000 -9999.000 -9999.000 -9999.000 -9999.000 -9999.000 -9999.000 -9999.000 -9999.000 -9999.000 -9999.000 -9999.000 -9999.000 -9999.000 -9999.000 -9999.000 -9999.000 -9999.000 -9999.000 -9999.000 -9999.000 -9999.000 -9999.000 -9999.000 -9999.000
-9999.000 -9999.000 -9999.000 -9999.000 -9999.000 -9999.000 -9999.000 -9999.000 -9999.000 -9999.000 -9999.000 -9999.000 -9999.000 -9999.000 -9999.000 -0.8420275E-01 -0.5464766E-01 -0.4156041E-01 -0.3763404E-01 -0.4427134E-01 -0.5483623E-01 -0.6638878E-01 -0.7820880E-01 -0.8921856E-01 -0.9926768E-01 -0.1085141 -0.1171373 -0.1268497 -0.1440290 -0.1723039 -0.1723039 -9999.000 -9999.000 -9999.000 -9999.000 -9999.000 -9999.000 -9999.000 -9999.000 -9999.000 -9999.000 -9999.000 -9999.000 -9999.000 -9999.000 -9999.000 -9999.000 -9999.000 -9999.000 -9999.000 -9999.000 -9999.000 -9999.000 -9999.000 -9999.000 -9999.000 -9999.000 -9999.000 -9999.000
-9999.000 -9999.000 -9999.000 -9999.000 -9999.000 -9999.000 -9999.000 -9999.000 -9999.000 -9999.000 -9999.000 -9999.000 -9999.000 -9999.000 -9999.000 -0.8214753E-01 -0.4870692E-01 -0.3387940E-01 -0.2953133E-01 -0.3728748E-01 -0.4949495E-01 -0.6281450E-01 -0.7645770E-01 -0.8916264E-01 -0.1007791 -0.1114903 -0.1214931 -0.1328002 -0.1529258 -0.1883125 -0.1883125 -9999.000 -9999.000 -9999.000 -9999.000 -9999.000 -9999.000 -9999.000 -9999.000 -9999.000 -9999.000 -9999.000 -9999.000 -9999.000 -9999.000 -9999.000 -9999.000 -9999.000 -9999.000 -9999.000 -9999.000 -9999.000 -9999.000 -9999.000 -9999.000 -9999.000 -9999.000 -9999.000 -9999.000
-9999.000 -9999.000 -9999.000 -9999.000 -9999.000 -9999.000 -9999.000 -9999.000 -9999.000 -9999.000 -9999.000 -9999.000 -9999.000 -9999.000 -9999.000 -0.7972307E-01 -0.4242588E-01 -0.2587059E-01 -0.2113412E-01 -0.3007746E-01 -0.4397784E-01 -0.5910031E-01 -0.7460395E-01 -0.8902763E-01 -0.1022349 -0.1144387 -0.1258525 -0.1388243 -0.1621332 -0.2060928 -0.2060928 -9999.000 -9999.000 -9999.000 -9999.000 -9999.000 -9999.000 -9999.000 -9999.000 -9999.000 -9999.000 -9999.000 -9999.000 -9999.000 -9999.000 -9999.000 -9999.000 -9999.000 -9999.000 -9999.000 -9999.000 -9999.000 -9999.000 -9999.000 -9999.000 -9999.000 -9999.000 -9999.000 -9999.000
-9999.000 -9999.000 -9999.000 -9999.000 -9999.000 -9999.000 -9999.000 -9999.000 -9999.000 -9999.000 -9999.000 -9999.000 -9999.000 -9999.000 -9999.000 -0.7684822E-01 -0.3575273E-01 -0.1749312E-01 -0.1241059E-01 -0.2261976E-01 -0.3826655E-01 -0.5522666E-01 -0.7262672E-01 -0.8878820E-01 -0.1036052 -0.1173256 -0.1301782 -0.1448905 -0.1716598 -0.2260791 -0.2260791 -9999.000 -9999.000 -9999.000 -9999.000 -9999.000 -9999.000 -9999.000 -9999.000 -9999.000 -9999.000 -9999.000 -9999.000 -9999.000 -9999.000 -9999.000 -9999.000 -9999.000 -9999.000 -9999.000 -9999.000 -9999.000 -9999.000 -9999.000 -9999.000 -9999.000 -9999.000 -9999.000 -9999.000
-9999.000 -9999.000 -9999.000 -9999.000 -9999.000 -9999.000 -9999.000 -9999.000 -9999.000 -9999.000 -9999.000 -9999.000 -9999.000 -9999.000 -9999.000 -0.7342382E-01 -0.2862231E-01 -0.8694108E-02 -0.3318748E-02 -0.1488505E-01 -0.3233536E-01 -0.5116670E-01 -0.7049758E-01 -0.8840923E-01 -0.1048489 -0.1201043 -0.1344185 -0.1509516 -0.1815056 -0.2488609 -0.2488609 -9999.000 -9999.000 -9999.000 -9999.000 -9999.000 -9999.000 -9999.000 -9999.000 -9999.000 -9999.000 -9999.000 -9999.000 -9999.000 -9999.000 -9999.000 -9999.000 -9999.000 -9999.000 -9999.000 -9999.000 -9999.000 -9999.000 -9999.000 -9999.000 -9999.000 -9999.000 -9999.000 -9999.000
-9999.000 -9999.000 -9999.000 -9999.000 -9999.000 -9999.000 -9999.000 -9999.000 -9999.000 -9999.000 -9999.000 -9999.000 -9999.000 -9999.000 -9999.000 -0.6930524E-01 -0.2093362E-01 0.6087492E-03 0.6199012E-02 -0.6839174E-02 -0.2615425E-01 -0.4688849E-01 -0.6818178E-01 -0.8784699E-01 -0.1059133 -0.1227131 -0.1385015 -0.1569386 -0.1916569 -0.2752626 -0.2752626 -9999.000 -9999.000 -9999.000 -9999.000 -9999.000 -9999.000 -9999.000 -9999.000 -9999.000 -9999.000 -9999.000 -9999.000 -9999.000 -9999.000 -9999.000 -9999.000 -9999.000 -9999.000 -9999.000 -9999.000 -9999.000 -9999.000 -9999.000 -9999.000 -9999.000 -9999.000 -9999.000 -9999.000
-9999.000 -9999.000 -9999.000 -9999.000 -9999.000 -9999.000 -9999.000 -9999.000 -9999.000 -9999.000 -9999.000 -9999.000 -9999.000 -9999.000 -9999.000 -0.6331629E-01 -0.1179480E-01 0.1096887E-01 0.1619986E-01 0.1325206E-02 -0.1994085E-01 -0.4260098E-01 -0.6586590E-01 -0.8725074E-01 -0.1069080 -0.1252232 -0.1424618 -0.1628684 -0.2021831 -0.3065982 -0.3065982 -9999.000 -9999.000 -9999.000 -9999.000 -9999.000 -9999.000 -9999.000 -9999.000 -9999.000 -9999.000 -9999.000 -9999.000 -9999.000 -9999.000 -9999.000 -9999.000 -9999.000 -9999.000 -9999.000 -9999.000 -9999.000 -9999.000 -9999.000 -9999.000 -9999.000 -9999.000 -9999.000 -9999.000
-9999.000 -9999.000 -9999.000 -9999.000 -9999.000 -9999.000 -9999.000 -9999.000 -9999.000 -9999.000 -9999.000 -9999.000 -9999.000 -9999.000 -9999.000 -0.6170046E-02 0.1722378E-01 0.2345418E-01 0.1625726E-01 -0.3631721E-02 -0.2491460E-01 -0.4746047E-01 -0.7077447E-01 -0.9214496E-01 -0.1119377 -0.1305789 -0.1483042 -0.1699736 -0.2135840 -0.3426842 -0.3426842 -9999.000 -9999.000 -9999.000 -9999.000 -9999.000 -9999.000 -9999.000 -9999.000 -9999.000 -9999.000 -9999.000 -9999.000 -9999.000 -9999.000 -9999.000 -9999.000 -9999.000 -9999.000 -9999.000 -9999.000 -9999.000 -9999.000 -9999.000 -9999.000 -9999.000 -9999.000 -9999.000 -9999.000
-0.4033011E-02 -0.4033011E-02 -0.5793739E-02 -0.7139690E-02 -0.6696206E-02 -0.6696206E-02 -0.6554596E-02 -0.6505860E-02 -0.6505860E-02 -0.6495011E-02 -0.6495011E-02 -0.6472535E-02 -0.6457480E-02 -0.6440922E-02 -0.6428054E-02 -0.6428054E-02 0.3678532E-01 0.3232067E-01 0.1711332E-01 -0.6116294E-02 -0.3342439E-01 -0.6378247E-01 -0.9611826E-01 -0.1286705 -0.1602693 -0.1901479 -0.2177510 -0.2443702 -0.2773903 -0.3510814 -0.3510814 -0.1976524 -0.1078825 -0.3873471E-01 -0.2935475E-01 -0.2935475E-01 -0.2259584E-01 -0.2259584E-01 -0.1076117E-01 -0.1076117E-01 0.2273724E-03 0.2649574E-01 0.2649574E-01 0.2691975E-01 0.2691975E-01 -0.3763334E-02 -0.3763334E-02 -0.3763334E-02 -0.7740631E-03 -0.7740631E-03 0.5185826E-04 0.5185826E-04 -0.6097701E-03 -0.6097701E-03 -0.1796517E-02 -0.1796517E-02 -0.3000899E-02 -0.3000899E-02 -0.3000899E-02
-0.5777245E-02 -0.5777245E-02 -0.8227494E-02 -0.1043053E-01 -0.9522595E-02 -0.9522595E-02 -0.9205658E-02 -0.9131961E-02 -0.9131961E-02 -0.9154784E-02 -0.9154784E-02 -0.9149260E-02 -0.9138854E-02 -0.9126130E-02 -0.9136498E-02 -0.9136498E-02 0.3069927E-01 0.2734583E-01 0.1201079E-01 -0.1330936E-01 -0.4789298E-01 -0.8922502E-01 -0.1351671 -0.1840886 -0.2339707 -0.2829205 -0.3293012 -0.3712831 -0.4066139 -0.4310926 -0.4310926 -0.2949345 -0.1980491 -0.1050658 -0.8658116E-01 -0.8658116E-01 -0.6332581E-01 -0.6332581E-01 -0.2261641E-01 -0.2261641E-01 0.1043789E-01 0.8343360E-01 0.8343360E-01 0.9927794E-01 0.9927794E-01 0.2011075E-01 0.2011075E-01 0.2011075E-01 0.7662312E-02 0.7662312E-02 0.1401770E-02 0.1401770E-02 -0.3225955E-02 -0.3225955E-02 -0.7064819E-02 -0.7064819E-02 -0.9999194E-02 -0.9999194E-02 -0.9999194E-02
-0.3859453E-02 -0.3859453E-02 -0.6172233E-02 -0.9143341E-02 -0.8229967E-02 -0.8229967E-02 -0.7799278E-02 -0.7688435E-02 -0.7688435E-02 -0.7751216E-02 -0.7751216E-02 -0.7776878E-02 -0.7779512E-02 -0.7779396E-02 -0.7839692E-02 -0.7839692E-02 0.2041645E-01 0.1750125E-01 0.2574591E-02 -0.2282233E-01 -0.5791451E-01 -0.1009413 -0.1501266 -0.2040457 -0.2610823 -0.3195417 -0.3777688 -0.4337603 -0.4845755 -0.5236678 -0.5236678 -0.4357249 -0.3521711 -0.2368388 -0.1998581 -0.1998581 -0.1345482 -0.1345482 -0.3600099E-01 -0.3600099E-01 0.3097133E-01 0.1608954 0.1608954 0.2056440 0.2056440 0.8166648E-01 0.8166648E-01 0.8166648E-01 0.3166008E-01 0.3166008E-01 0.5829358E-02 0.5829358E-02 -0.8597403E-02 -0.8597403E-02 -0.1752543E-01 -0.1752543E-01 -0.2287111E-01 -0.2287111E-01 -0.2287111E-01
-0.1962371E-02 -0.1962371E-02 -0.4077779E-02 -0.7802060E-02 -0.6806991E-02 -0.6806991E-02 -0.6297162E-02 -0.6135858E-02 -0.6135858E-02 -0.6200694E-02 -0.6200694E-02 -0.6227661E-02 -0.6230009E-02 -0.6229568E-02 -0.6334285E-02 -0.6334285E-02 0.1022916E-01 0.5359180E-02 -0.1060741E-01 -0.3670964E-01 -0.7214860E-01 -0.1156271 -0.1656999 -0.2211137 -0.2805848 -0.3427722 -0.4063265 -0.4695853 -0.5299007 -0.5810227 -0.5810227 -0.5417218 -0.4831561 -0.3719857 -0.3221055 -0.3221055 -0.2057428 -0.2057428 -0.3341335E-01 -0.3341335E-01 0.6486458E-01 0.2262379 0.2262379 0.2840258 0.2840258 0.1482672 0.1482672 0.1482672 0.6364045E-01 0.6364045E-01 0.1382487E-01 0.1382487E-01 -0.1399484E-01 -0.1399484E-01 -0.2971819E-01 -0.2971819E-01 -0.3789524E-01 -0.3789524E-01 -0.3789524E-01
-0.7888849E-04 -0.7888849E-04 -0.3095242E-02 -0.6192886E-02 -0.5251778E-02 -0.5251778E-02 -0.4760826E-02 -0.4591080E-02 -0.4591080E-02 -0.4649322E-02 -0.4649322E-02 -0.4673416E-02 -0.4675121E-02 -0.4674378E-02 -0.4833758E-02 -0.4833758E-02 0.1925885E-03 -0.8705148E-02 -0.2747590E-01 -0.5553780E-01 -0.9217793E-01 -0.1364180 -0.1871263 -0.2432352 -0.3036806 -0.3673666 -0.4331872 -0.4998242 -0.5651559 -0.6240218 -0.6240218 -0.6209183 -0.5884294 -0.4920880 -0.4301230 -0.4301230 -0.2496228 -0.2496228 -0.6147773E-02 -0.6147773E-02 0.1076208 0.2672841 0.2672841 0.3238181 0.3238181 0.2030084 0.2030084 0.2030084 0.9813791E-01 0.9813791E-01 0.2630462E-01 0.2630462E-01 -0.1651001E-01 -0.1651001E-01 -0.4051599E-01 -0.4051599E-01 -0.5223307E-01 -0.5223307E-01 -0.5223307E-01
0.6825713E-03 0.6825713E-03 -0.2523483E-02 -0.4210503E-02 -0.3543183E-02 -0.3543183E-02 -0.3182149E-02 -0.3053622E-02 -0.3053622E-02 -0.3098505E-02 -0.3098505E-02 -0.3116903E-02 -0.3118112E-02 -0.3117282E-02 -0.3347622E-02 -0.3347622E-02 -0.1019081E-01 -0.2489051E-01 -0.4828369E-01 -0.7982268E-01 -0.1188376 -0.1645668 -0.2161717 -0.2728305 -0.3337194 -0.3979766 -0.4647036 -0.5328419 -0.6007188 -0.6642625 -0.6642625 -0.6858187 -0.6752390 -0.5883587 -0.5051195 -0.5051195 -0.2448343 -0.2448343 0.3685008E-01 0.3685008E-01 0.1442269 0.2795693 0.2795693 0.3297481 0.3297481 0.2382034 0.2382034 0.2382034 0.1299766 0.1299766 0.4253395E-01 0.4253395E-01 -0.1486465E-01 -0.1486465E-01 -0.4818521E-01 -0.4818521E-01 -0.6424171E-01 -0.6424171E-01 -0.6424171E-01
0.3356833E-03 0.3356833E-03 -0.1249730E-02 -0.2113109E-02 -0.1778711E-02 -0.1778711E-02 -0.1591472E-02 -0.1524019E-02 -0.1524019E-02 -0.1548592E-02 -0.1548592E-02 -0.1558894E-02 -0.1559414E-02 -0.1558953E-02 -0.1883251E-02 -0.1883251E-02 -0.2169484E-01 -0.4388234E-01 -0.7372975E-01 -0.1104000 -0.1531498 -0.2013344 -0.2543598 -0.3116773 -0.3727472 -0.4369892 -0.5037561 -0.5722461 -0.6411586 -0.7072531 -0.7072531 -0.7445906 -0.7492599 -0.6485676 -0.5246329 -0.5246329 -0.1913690 -0.1913690 0.7462327E-01 0.7462327E-01 0.1610581 0.2668441 0.2668441 0.3116581 0.3116581 0.2523207 0.2523207 0.2523207 0.1542899 0.1542899 0.6021340E-01 0.6021340E-01 -0.9055802E-02 -0.9055802E-02 -0.5176939E-01 -0.5176939E-01 -0.7275365E-01 -0.7275365E-01 -0.7275365E-01
0.1567312E-06 0.1567312E-06 0.6514649E-06 -0.9651583E-06 -0.5245483E-06 -0.5245483E-06 0.1722655E-06 0.4382738E-06 0.4382738E-06 0.4690017E-07 0.4690017E-07 -0.3483980E-06 -0.3062583E-06 -0.5079881E-06 -0.4507836E-03 -0.4507836E-03 -0.3542046E-01 -0.6691780E-01 -0.1051113 -0.1486330 -0.1965537 -0.2482715 -0.3033881 -0.3616262 -0.4227544 -0.4865161 -0.5525754 -0.6204322 -0.6891230 -0.7558464 -0.7558464 -0.8013538 -0.8108378 -0.6487648 -0.4689367 -0.4689367 -0.1174280 -0.1174280 0.9150176E-01 0.9150176E-01 0.1552736 0.2375197 0.2375197 0.2791514 0.2791514 0.2477982 0.2477982 0.2477982 0.1675553 0.1675553 0.7605971E-01 0.7605971E-01 -0.2002004E-03 -0.2002004E-03 -0.5096248E-01 -0.5096248E-01 -0.7689101E-01 -0.7689101E-01 -0.7689101E-01
-0.3353535E-03 -0.3353535E-03 0.1250999E-02 0.2111271E-02 0.1777580E-02 0.1777580E-02 0.1591621E-02 0.1524796E-02 0.1524796E-02 0.1548835E-02 0.1548835E-02 0.1558151E-02 0.1558745E-02 0.1558083E-02 0.9376113E-03 0.9376113E-03 -0.5297500E-01 -0.9596937E-01 -0.1445453 -0.1966621 -0.2511573 -0.3074529 -0.3653334 -0.4247917 -0.4859144 -0.5487901 -0.6134331 -0.6796857 -0.7468479 -0.8117191 -0.8117191 -0.8560141 -0.8495921 -0.5624169 -0.3493483 -0.3493483 -0.5831955E-01 -0.5831955E-01 0.8651522E-01 0.8651522E-01 0.1333972 0.2000196 0.2000196 0.2393423 0.2393423 0.2288458 0.2288458 0.2288458 0.1683769 0.1683769 0.8680107E-01 0.8680107E-01 0.9754298E-02 0.9754298E-02 -0.4610499E-01 -0.4610499E-01 -0.7609458E-01 -0.7609458E-01 -0.7609458E-01
-0.6822260E-03 -0.6822260E-03 0.2524676E-02 0.4208753E-02 0.3542208E-02 0.3542208E-02 0.3182315E-02 0.3054375E-02 0.3054375E-02 0.3098576E-02 0.3098576E-02 0.3116300E-02 0.3117318E-02 0.3116521E-02 0.2264100E-02 0.2264100E-02 -0.7685874E-01 -0.1341481 -0.1953544 -0.2577712 -0.3200742 -0.3817830 -0.4429144 -0.5037607 -0.5647412 -0.6262973 -0.6888069 -0.7524530 -0.8164901 -0.8747661 -0.8747661 -0.8990926 -0.8320336 -0.4016170 -0.2186821 -0.2186821 -0.2881635E-01 -0.2881635E-01 0.6852353E-01 0.6852353E-01 0.1045007 0.1602828 0.1602828 0.1966510 0.1966510 0.1997503 0.1997503 0.1997503 0.1573767 0.1573767 0.9010068E-01 0.9010068E-01 0.1850517E-01 0.1850517E-01 -0.3812556E-01 -0.3812556E-01 -0.7021052E-01 -0.7021052E-01 -0.7021052E-01
0.7907844E-04 0.7907844E-04 0.3096344E-02 0.6191327E-02 0.5251107E-02 0.5251107E-02 0.4760918E-02 0.4591788E-02 0.4591788E-02 0.4649296E-02 0.4649296E-02 0.4672837E-02 0.4674504E-02 0.4673846E-02 0.3504898E-02 0.3504898E-02 -0.1112335 -0.1864773 -0.2627605 -0.3369857 -0.4079370 -0.4754390 -0.5398753 -0.6019148 -0.6623456 -0.7219686 -0.7815190 -0.8414269 -0.8996602 -0.9379693 -0.9379693 -0.8937578 -0.6995923 -0.2357536 -0.1268098 -0.1268098 -0.2112615E-01 -0.2112615E-01 0.4676413E-01 0.4676413E-01 0.7511049E-01 0.1215303 0.1215303 0.1535467 0.1535467 0.1641309 0.1641309 0.1641309 0.1365450 0.1365450 0.8510058E-01 0.8510058E-01 0.2408175E-01 0.2408175E-01 -0.2829219E-01 -0.2829219E-01 -0.5952797E-01 -0.5952797E-01 -0.5952797E-01
0.1962298E-02 0.1962298E-02 0.4078439E-02 0.7800726E-02 0.6806530E-02 0.6806530E-02 0.6297099E-02 0.6136387E-02 0.6136387E-02 0.6200882E-02 0.6200882E-02 0.6227328E-02 0.6229567E-02 0.6229181E-02 0.4627360E-02 0.4627360E-02 -0.1635380 -0.2614186 -0.3551835 -0.4421407 -0.5217742 -0.5945998 -0.6616052 -0.7239646 -0.7828919 -0.8395580 -0.8950394 -0.9495974 -0.9945202 -0.9655504 -0.9655504 -0.7557461 -0.4446083 -0.1267095 -0.8087467E-01 -0.8087467E-01 -0.2160217E-01 -0.2160217E-01 0.2668431E-01 0.2668431E-01 0.4849707E-01 0.8524221E-01 0.8524221E-01 0.1114525 0.1114525 0.1248548 0.1248548 0.1248548 0.1085097 0.1085097 0.7243187E-01 0.7243187E-01 0.2540983E-01 0.2540983E-01 -0.1786766E-01 -0.1786766E-01 -0.4477888E-01 -0.4477888E-01 -0.4477888E-01
