simulation_files/asc/Velocity__x_90.0.asc
NCOLS        79
NROWS        79
XLLCENTER         -1.500000
YLLCENTER         -4.800000
CELLSIZE           0.100
NODATA_VALUE     -9999.0
[rows 0 to 25 of 79, columns 0 to 57 of 79]
-9999.000 -9999.000 -9999.000 -9999.000 -9999.000 -9999.000 -9999.000 -9999.000 -9999.000 -9999.000 -9999.000 -9999.000 -9999.000 -9999.000 -9999.000 0.2736438E-03 0.1404787E-02 0.3314587E-02 0.5052651E-02 0.6585787E-02 0.7936365E-02 0.9125059E-02 0.1015312E-01 0.1098540E-01 0.1153088E-01 0.1161401E-01 0.1093405E-01 0.9001669E-02 0.5128466E-02 0.1705248E-02 0.1705248E-02 -9999.000 -9999.000 -9999.000 -9999.000 -9999.000 -9999.000 -9999.000 -9999.000 -9999.000 -9999.000 -9999.000 -9999.000 -9999.000 -9999.000 -9999.000 -9999.000 -9999.000 -9999.000 -9999.000 -9999.000 -9999.000 -9999.000 -9999.000 -9999.000 -9999.000 -9999.000 -9999.000
-9999.000 -9999.000 -9999.000 -9999.000 -9999.000 -9999.000 -9999.000 -9999.000 -9999.000 -9999.000 -9999.000 -9999.000 -9999.000 -9999.000 -9999.000 0.1112197E-02 0.3266925E-02 0.6362931E-02 0.9269439E-02 0.1189304E-01 0.1420503E-01 0.1618045E-01 0.1777355E-01 0.1889619E-01 0.1939769E-01 0.1904122E-01 0.1747905E-01 0.1422309E-01 0.8689216E-02 0.3479111E-02 0.3479111E-02 -9999.000 -9999.000 -9999.000 -9999.000 -9999.000 -9999.000 -9999.000 -9999.000 -9999.000 -9999.000 -9999.000 -9999.000 -9999.000 -9999.000 -9999.000 -9999.000 -9999.000 -9999.000 -9999.000 -9999.000 -9999.000 -9999.000 -9999.000 -9999.000 -9999.000 -9999.000 -9999.000
-9999.000 -9999.000 -9999.000 -9999.000 -9999.000 -9999.000 -9999.000 -9999.000 -9999.000 -9999.000 -9999.000 -9999.000 -9999.000 -9999.000 -9999.000 0.1829719E-02 0.4866182E-02 0.8991307E-02 0.1286319E-01 0.1635702E-01 0.1941552E-01 0.2198515E-01 0.2398979E-01 0.2531049E-01 0.2576307E-01 0.2507662E-01 0.2286875E-01 0.1861449E-01 0.1169065E-01 0.4949307E-02 0.4949307E-02 -9999.000 -9999.000 -9999.000 -9999.000 -9999.000 -9999.000 -9999.000 -9999.000 -9999.000 -9999.000 -9999.000 -9999.000 -9999.000 -9999.000 -9999.000 -9999.000 -9999.000 -9999.000 -9999.000 -9999.000 -9999.000 -9999.000 -9999.000 -9999.000 -9999.000 -9999.000 -9999.000
-9999.000 -9999.000 -9999.000 -9999.000 -9999.000 -9999.000 -9999.000 -9999.000 -9999.000 -9999.000 -9999.000 -9999.000 -9999.000 -9999.000 -9999.000 0.2468354E-02 0.6278268E-02 0.1129369E-01 0.1599408E-01 0.2023078E-01 0.2392637E-01 0.2700744E-01 0.2937801E-01 0.3089609E-01 0.3135087E-01 0.3043869E-01 0.2773492E-01 0.2265787E-01 0.1450712E-01 0.6340425E-02 0.6340425E-02 -9999.000 -9999.000 -9999.000 -9999.000 -9999.000 -9999.000 -9999.000 -9999.000 -9999.000 -9999.000 -9999.000 -9999.000 -9999.000 -9999.000 -9999.000 -9999.000 -9999.000 -9999.000 -9999.000 -9999.000 -9999.000 -9999.000 -9999.000 -9999.000 -9999.000 -9999.000 -9999.000
-9999.000 -9999.000 -9999.000 -9999.000 -9999.000 -9999.000 -9999.000 -9999.000 -9999.000 -9999.000 -9999.000 -9999.000 -9999.000 -9999.000 -9999.000 0.3067232E-02 0.7585559E-02 0.1340154E-01 0.1884826E-01 0.2375971E-01 0.2804369E-01 0.3161226E-01 0.3435308E-01 0.3610389E-01 0.3662693E-01 0.3558084E-01 0.3248760E-01 0.2668913E-01 0.1737417E-01 0.7772915E-02 0.7772915E-02 -9999.000 -9999.000 -9999.000 -9999.000 -9999.000 -9999.000 -9999.000 -9999.000 -9999.000 -9999.000 -9999.000 -9999.000 -9999.000 -9999.000 -9999.000 -9999.000 -9999.000 -9999.000 -9999.000 -9999.000 -9999.000 -9999.000 -9999.000 -9999.000 -9999.000 -9999.000 -9999.000
-9999.000 -9999.000 -9999.000 -9999.000 -9999.000 -9999.000 -9999.000 -9999.000 -9999.000 -9999.000 -9999.000 -9999.000 -9999.000 -9999.000 -9999.000 0.3662880E-02 0.8865326E-02 0.1543617E-01 0.2159028E-01 0.2715088E-01 0.3201456E-01 0.3608206E-01 0.3922625E-01 0.4126445E-01 0.4192866E-01 0.4083233E-01 0.3743093E-01 0.3096693E-01 0.2047905E-01 0.9342764E-02 0.9342764E-02 -9999.000 -9999.000 -9999.000 -9999.000 -9999.000 -9999.000 -9999.000 -9999.000 -9999.000 -9999.000 -9999.000 -9999.000 -9999.000 -9999.000 -9999.000 -9999.000 -9999.000 -9999.000 -9999.000 -9999.000 -9999.000 -9999.000 -9999.000 -9999.000 -9999.000 -9999.000 -9999.000
-9999.000 -9999.000 -9999.000 -9999.000 -9999.000 -9999.000 -9999.000 -9999.000 -9999.000 -9999.000 -9999.000 -9999.000 -9999.000 -9999.000 -9999.000 0.4287014E-02 0.1018327E-01 0.1749948E-01 0.2435620E-01 0.3057265E-01 0.3603773E-01 0.4064225E-01 0.4424553E-01 0.4664259E-01 0.4753053E-01 0.4646872E-01 0.4282954E-01 0.3572853E-01 0.2400529E-01 0.1114803E-01 0.1114803E-01 -9999.000 -9999.000 -9999.000 -9999.000 -9999.000 -9999.000 -9999.000 -9999.000 -9999.000 -9999.000 -9999.000 -9999.000 -9999.000 -9999.000 -9999.000 -9999.000 -9999.000 -9999.000 -9999.000 -9999.000 -9999.000 -9999.000 -9999.000 -9999.000 -9999.000 -9999.000 -9999.000
-9999.000 -9999.000 -9999.000 -9999.000 -9999.000 -9999.000 -9999.000 -9999.000 -9999.000 -9999.000 -9999.000 -9999.000 -9999.000 -9999.000 -9999.000 0.4967071E-02 0.1159624E-01 0.1967828E-01 0.2726152E-01 0.3416823E-01 0.4028252E-01 0.4548744E-01 0.4962850E-01 0.5247681E-01 0.5368883E-01 0.5275820E-01 0.4895486E-01 0.4123273E-01 0.2816715E-01 0.1330797E-01 0.1330797E-01 -9999.000 -9999.000 -9999.000 -9999.000 -9999.000 -9999.000 -9999.000 -9999.000 -9999.000 -9999.000 -9999.000 -9999.000 -9999.000 -9999.000 -9999.000 -9999.000 -9999.000 -9999.000 -9999.000 -9999.000 -9999.000 -9999.000 -9999.000 -9999.000 -9999.000 -9999.000 -9999.000
-9999.000 -9999.000 -9999.000 -9999.000 -9999.000 -9999.000 -9999.000 -9999.000 -9999.000 -9999.000 -9999.000 -9999.000 -9999.000 -9999.000 -9999.000 0.5728127E-02 0.1315563E-01 0.2205233E-01 0.3041335E-01 0.3807174E-01 0.4491043E-01 0.5080670E-01 0.5559289E-01 0.5901383E-01 0.6067864E-01 0.6000248E-01 0.5612781E-01 0.4780235E-01 0.3324913E-01 0.1598668E-01 0.1598668E-01 -9999.000 -9999.000 -9999.000 -9999.000 -9999.000 -9999.000 -9999.000 -9999.000 -9999.000 -9999.000 -9999.000 -9999.000 -9999.000 -9999.000 -9999.000 -9999.000 -9999.000 -9999.000 -9999.000 -9999.000 -9999.000 -9999.000 -9999.000 -9999.000 -9999.000 -9999.000 -9999.000
-9999.000 -9999.000 -9999.000 -9999.000 -9999.000 -9999.000 -9999.000 -9999.000 -9999.000 -9999.000 -9999.000 -9999.000 -9999.000 -9999.000 -9999.000 0.6594738E-02 0.1491344E-01 0.2470342E-01 0.3392325E-01 0.4242553E-01 0.5009615E-01 0.5680975E-01 0.6238678E-01 0.6654382E-01 0.6883562E-01 0.6858331E-01 0.6477141E-01 0.5588263E-01 0.3966464E-01 0.1943056E-01 0.1943056E-01 -9999.000 -9999.000 -9999.000 -9999.000 -9999.000 -9999.000 -9999.000 -9999.000 -9999.000 -9999.000 -9999.000 -9999.000 -9999.000 -9999.000 -9999.000 -9999.000 -9999.000 -9999.000 -9999.000 -9999.000 -9999.000 -9999.000 -9999.000 -9999.000 -9999.000 -9999.000 -9999.000
-9999.000 -9999.000 -9999.000 -9999.000 -9999.000 -9999.000 -9999.000 -9999.000 -9999.000 -9999.000 -9999.000 -9999.000 -9999.000 -9999.000 -9999.000 0.7594251E-02 0.1692815E-01 0.2772628E-01 0.3792329E-01 0.4740134E-01 0.5605476E-01 0.6376003E-01 0.7032864E-01 0.7544789E-01 0.7861178E-01 0.7902967E-01 0.7549082E-01 0.6613474E-01 0.4805914E-01 0.2403600E-01 0.2403600E-01 -9999.000 -9999.000 -9999.000 -9999.000 -9999.000 -9999.000 -9999.000 -9999.000 -9999.000 -9999.000 -9999.000 -9999.000 -9999.000 -9999.000 -9999.000 -9999.000 -9999.000 -9999.000 -9999.000 -9999.000 -9999.000 -9999.000 -9999.000 -9999.000 -9999.000 -9999.000 -9999.000
-9999.000 -9999.000 -9999.000 -9999.000 -9999.000 -9999.000 -9999.000 -9999.000 -9999.000 -9999.000 -9999.000 -9999.000 -9999.000 -9999.000 -9999.000 0.8760241E-02 0.1927384E-01 0.3124451E-01 0.4258963E-01 0.5323168E-01 0.6308141E-01 0.7202465E-01 0.7986865E-01 0.8627425E-01 0.9066951E-01 0.9213393E-01 0.8921722E-01 0.7961290E-01 0.5951547E-01 0.3048790E-01 0.3048790E-01 -9999.000 -9999.000 -9999.000 -9999.000 -9999.000 -9999.000 -9999.000 -9999.000 -9999.000 -9999.000 -9999.000 -9999.000 -9999.000 -9999.000 -9999.000 -9999.000 -9999.000 -9999.000 -9999.000 -9999.000 -9999.000 -9999.000 -9999.000 -9999.000 -9999.000 -9999.000 -9999.000
-9999.000 -9999.000 -9999.000 -9999.000 -9999.000 -9999.000 -9999.000 -9999.000 -9999.000 -9999.000 -9999.000 -9999.000 -9999.000 -9999.000 -9999.000 0.1014102E-01 0.2205871E-01 0.3544194E-01 0.4818671E-01 0.6026902E-01 0.7162745E-01 0.8216836E-01 0.9170663E-01 0.9988356E-01 0.1060627 0.1091801 0.1074978 0.9813194E-01 0.7600448E-01 0.4007047E-01 0.4007047E-01 -9999.000 -9999.000 -9999.000 -9999.000 -9999.000 -9999.000 -9999.000 -9999.000 -9999.000 -9999.000 -9999.000 -9999.000 -9999.000 -9999.000 -9999.000 -9999.000 -9999.000 -9999.000 -9999.000 -9999.000 -9999.000 -9999.000 -9999.000 -9999.000 -9999.000 -9999.000 -9999.000
-9999.000 -9999.000 -9999.000 -9999.000 -9999.000 -9999.000 -9999.000 -9999.000 -9999.000 -9999.000 -9999.000 -9999.000 -9999.000 -9999.000 -9999.000 0.1191883E-01 0.2563993E-01 0.4086369E-01 0.5543185E-01 0.6939229E-01 0.8273311E-01 0.9540728E-01 0.1072636 0.1179505 0.1267884 0.1325798 0.1332704 0.1252525 0.1016462 0.5561578E-01 0.5561578E-01 -9999.000 -9999.000 -9999.000 -9999.000 -9999.000 -9999.000 -9999.000 -9999.000 -9999.000 -9999.000 -9999.000 -9999.000 -9999.000 -9999.000 -9999.000 -9999.000 -9999.000 -9999.000 -9999.000 -9999.000 -9999.000 -9999.000 -9999.000 -9999.000 -9999.000 -9999.000 -9999.000
-9999.000 -9999.000 -9999.000 -9999.000 -9999.000 -9999.000 -9999.000 -9999.000 -9999.000 -9999.000 -9999.000 -9999.000 -9999.000 -9999.000 -9999.000 0.2690390E-01 0.4734446E-01 0.6805186E-01 0.8597325E-01 0.1019355 0.1164794 0.1299614 0.1425239 0.1540252 0.1639195 0.1710349 0.1731170 0.1658032 0.1398415 0.7366051E-01 0.7366051E-01 -9999.000 -9999.000 -9999.000 -9999.000 -9999.000 -9999.000 -9999.000 -9999.000 -9999.000 -9999.000 -9999.000 -9999.000 -9999.000 -9999.000 -9999.000 -9999.000 -9999.000 -9999.000 -9999.000 -9999.000 -9999.000 -9999.000 -9999.000 -9999.000 -9999.000 -9999.000 -9999.000
1.781535 1.781535 1.824387 1.867978 1.876501 1.876501 1.882270 1.889278 1.889278 1.892801 1.892801 1.894085 1.894054 1.893639 1.684188 1.684188 1.373231 1.311184 1.239962 1.160252 1.073611 0.9824359 0.8899473 0.8001494 0.7177489 0.6481217 0.5976295 0.5750904 0.5969511 0.6871983 0.6871983 1.605090 1.818291 1.862702 1.825222 1.825222 1.715690 1.715690 1.456107 1.456107 1.164809 0.9942191 0.9942191 0.9848723 0.9848723 1.024738 1.024738 1.024738 1.076196 1.076196 1.122836 1.122836 1.162459 1.162459 1.206098 1.206098 1.232793 1.232793
1.795656 1.795656 1.847512 1.903582 1.920349 1.920349 1.934341 1.957615 1.957615 1.977209 1.977209 1.994408 2.002278 2.009728 1.898902 1.898902 1.625975 1.606389 1.578505 1.540367 1.491419 1.431941 1.363092 1.287027 1.207159 1.128659 1.059400 1.011790 1.007356 1.087749 1.087749 1.650887 1.829318 1.943098 1.957069 1.957069 1.933018 1.933018 1.817070 1.817070 1.628690 1.361594 1.361594 1.362079 1.362079 1.411551 1.411551 1.411551 1.465297 1.465297 1.514757 1.514757 1.545131 1.545131 1.598333 1.598333 1.631451 1.631451
1.797904 1.797904 1.851314 1.903794 1.920669 1.920669 1.934857 1.958576 1.958576 1.978647 1.978647 1.996371 2.004527 2.012280 1.951793 1.951793 1.677077 1.676267 1.671102 1.658499 1.637526 1.607774 1.569443 1.523524 1.472030 1.418391 1.368210 1.330876 1.323646 1.385667 1.385667 1.779598 1.940998 2.079279 2.108048 2.108048 2.107113 2.107113 2.032228 2.032228 1.926020 1.680854 1.680854 1.647232 1.647232 1.685382 1.685382 1.685382 1.731484 1.731484 1.772820 1.772820 1.805577 1.805577 1.843644 1.843644 1.871074 1.871074
1.799523 1.799523 1.854369 1.903749 1.920511 1.920511 1.934723 1.958544 1.958544 1.978668 1.978668 1.996405 2.004564 2.012320 1.976423 1.976423 1.703309 1.709564 1.714531 1.713423 1.705820 1.691656 1.671178 1.645111 1.614858 1.582802 1.552847 1.531508 1.530861 1.582494 1.582494 1.877835 2.015789 2.151758 2.181538 2.181538 2.186154 2.186154 2.134889 2.134889 2.075958 1.891935 1.891935 1.823800 1.823800 1.852423 1.852423 1.852423 1.892033 1.892033 1.928312 1.928312 1.957769 1.957769 1.988559 1.988559 2.012450 2.012450
1.800705 1.800705 1.856673 1.903763 1.920362 1.920362 1.934577 1.958495 1.958495 1.978669 1.978669 1.996410 2.004565 2.012317 1.992147 1.992147 1.731408 1.739058 1.750066 1.754938 1.753616 1.746586 1.734578 1.718643 1.700226 1.681344 1.664912 1.655406 1.660601 1.706052 1.706052 1.936623 2.053305 2.175018 2.199199 2.199199 2.200234 2.200234 2.169485 2.169485 2.141729 2.031084 2.031084 1.950215 1.950215 1.959269 1.959269 1.959269 1.993340 1.993340 2.026165 2.026165 2.053424 2.053424 2.079739 2.079739 2.100832 2.100832
1.801523 1.801523 1.858259 1.903810 1.920248 1.920248 1.934451 1.958450 1.958450 1.978671 1.978671 1.996418 2.004569 2.012316 2.002258 2.002258 1.769529 1.771169 1.786712 1.795861 1.798274 1.794696 1.786243 1.774419 1.761048 1.748280 1.738699 1.735622 1.744570 1.784386 1.784386 1.961110 2.059502 2.157013 2.172294 2.172294 2.172589 2.172589 2.167343 2.167343 2.162446 2.115463 2.115463 2.048763 2.048763 2.035886 2.035886 2.035886 2.062549 2.062549 2.091455 2.091455 2.116528 2.116528 2.139326 2.139326 2.157613 2.157613
1.802006 1.802006 1.859183 1.903855 1.920178 1.920178 1.934368 1.958418 1.958418 1.978672 1.978672 1.996424 2.004573 2.012316 2.008702 2.008702 1.821262 1.808139 1.826459 1.839010 1.844202 1.842727 1.835804 1.825173 1.812994 1.801755 1.794237 1.793441 1.802320 1.831810 1.831810 1.960905 2.037855 2.102684 2.111226 2.111226 2.123519 2.123519 2.148191 2.148191 2.160575 2.159994 2.159994 2.122679 2.122679 2.096931 2.096931 2.096931 2.114383 2.114383 2.137918 2.137918 2.159843 2.159843 2.179104 2.179104 2.194385 2.194385
1.802166 1.802166 1.859487 1.903873 1.920155 1.920155 1.934339 1.958408 1.958408 1.978674 1.978674 1.996427 2.004575 2.012317 2.012784 2.012784 1.878660 1.854896 1.870889 1.885544 1.892953 1.892965 1.886654 1.875832 1.862884 1.850618 1.842094 1.840073 1.844184 1.855862 1.855862 1.937861 1.985901 2.019470 2.030200 2.030200 2.068980 2.068980 2.122386 2.122386 2.147455 2.178121 2.178121 2.171914 2.171914 2.147550 2.147550 2.147550 2.156295 2.156295 2.173186 2.173186 2.190594 2.190594 2.205896 2.205896 2.217926 2.217926
1.802006 1.802006 1.859183 1.903855 1.920178 1.920178 1.934368 1.958419 1.958419 1.978673 1.978673 1.996424 2.004573 2.012317 2.015357 2.015357 1.936315 1.911940 1.922632 1.937120 1.945579 1.946343 1.940007 1.928234 1.913454 1.898674 1.887217 1.881423 1.875179 1.856182 1.856182 1.883730 1.898813 1.921546 1.945424 1.945424 2.017426 2.017426 2.094145 2.094145 2.128346 2.179852 2.179852 2.199420 2.199420 2.188064 2.188064 2.188064 2.191194 2.191194 2.201267 2.201267 2.213059 2.213059 2.223717 2.223717 2.232095 2.232095
1.801523 1.801523 1.858259 1.903809 1.920248 1.920248 1.934451 1.958450 1.958450 1.978671 1.978671 1.996418 2.004570 2.012316 2.016973 2.016973 1.992248 1.977298 1.983712 1.995532 2.003085 2.003355 1.996183 1.982831 1.965554 1.947387 1.931808 1.920026 1.893790 1.821242 1.821242 1.786806 1.780174 1.825587 1.867816 1.867816 1.971096 1.971096 2.065125 2.065125 2.105975 2.171687 2.171687 2.210308 2.210308 2.217497 2.217497 2.217497 2.219245 2.219245 2.223655 2.223655 2.229364 2.229364 2.234733 2.234733 2.239060 2.239060
1.800705 1.800705 1.856673 1.903763 1.920362 1.920362 1.934577 1.958495 1.958495 1.978670 1.978670 1.996411 2.004566 2.012317 2.017982 2.017982 2.047853 2.048774 2.054557 2.062284 2.066543 2.064411 2.055127 2.039387 2.019044 1.996930 1.976471 1.955590 1.887455 1.725131 1.725131 1.651811 1.654070 1.740045 1.794877 1.794877 1.927968 1.927968 2.035043 2.035043 2.080988 2.156845 2.156845 2.209025 2.209025 2.235171 2.235171 2.235171 2.239168 2.239168 2.239895 2.239895 2.239831 2.239831 2.239633 2.239633 2.239705 2.239705
