simulation_files/asc/Velocity__x_328.0.asc
NCOLS        79
NROWS        79
XLLCENTER         -1.500000
YLLCENTER         -4.800000
CELLSIZE           0.100
NODATA_VALUE     -9999.0
[rows 0 to 25 of 79, columns 0 to 57 of 79]
-9999.000 -9999.000 -9999.000 -9999.000 -9999.000 -9999.000 -9999.000 -9999.000 -9999.000 -9999.000 -9999.000 -9999.000 -9999.000 -9999.000 -9999.000 0.3897702E-03 0.2210806E-02 0.5658063E-02 0.9143659E-02 0.1216654E-01 0.1453823E-01 0.1617899E-01 0.1710008E-01 0.1735814E-01 0.1700254E-01 0.1609482E-01 0.1466018E-01 0.1253352E-01 0.8956268E-02 0.4405265E-02 0.4405265E-02 -9999.000 -9999.000 -9999.000 -9999.000 -9999.000 -9999.000 -9999.000 -9999.000 -9999.000 -9999.000 -9999.000 -9999.000 -9999.000 -9999.000 -9999.000 -9999.000 -9999.000 -9999.000 -9999.000 -9999.000 -9999.000 -9999.000 -9999.000 -9999.000 -9999.000 -9999.000 -9999.000
-9999.000 -9999.000 -9999.000 -9999.000 -9999.000 -9999.000 -9999.000 -9999.000 -9999.000 -9999.000 -9999.000 -9999.000 -9999.000 -9999.000 -9999.000 0.1572574E-02 0.4585091E-02 0.9174514E-02 0.1371541E-01 0.1768081E-01 0.2082751E-01 0.2302428E-01 0.2423837E-01 0.2449271E-01 0.2381749E-01 0.2226506E-01 0.1986458E-01 0.1648805E-01 0.1150558E-01 0.5643712E-02 0.5643712E-02 -9999.000 -9999.000 -9999.000 -9999.000 -9999.000 -9999.000 -9999.000 -9999.000 -9999.000 -9999.000 -9999.000 -9999.000 -9999.000 -9999.000 -9999.000 -9999.000 -9999.000 -9999.000 -9999.000 -9999.000 -9999.000 -9999.000 -9999.000 -9999.000 -9999.000 -9999.000 -9999.000
-9999.000 -9999.000 -9999.000 -9999.000 -9999.000 -9999.000 -9999.000 -9999.000 -9999.000 -9999.000 -9999.000 -9999.000 -9999.000 -9999.000 -9999.000 0.2155601E-02 0.5816498E-02 0.1110976E-01 0.1629150E-01 0.2080454E-01 0.2438288E-01 0.2687642E-01 0.2823932E-01 0.2848727E-01 0.2764792E-01 0.2577887E-01 0.2292036E-01 0.1895439E-01 0.1324282E-01 0.6534418E-02 0.6534418E-02 -9999.000 -9999.000 -9999.000 -9999.000 -9999.000 -9999.000 -9999.000 -9999.000 -9999.000 -9999.000 -9999.000 -9999.000 -9999.000 -9999.000 -9999.000 -9999.000 -9999.000 -9999.000 -9999.000 -9999.000 -9999.000 -9999.000 -9999.000 -9999.000 -9999.000 -9999.000 -9999.000
-9999.000 -9999.000 -9999.000 -9999.000 -9999.000 -9999.000 -9999.000 -9999.000 -9999.000 -9999.000 -9999.000 -9999.000 -9999.000 -9999.000 -9999.000 0.2516782E-02 0.6586426E-02 0.1233055E-01 0.1792765E-01 0.2279780E-01 0.2666111E-01 0.2935651E-01 0.3083209E-01 0.3110098E-01 0.3018973E-01 0.2815996E-01 0.2505604E-01 0.2075734E-01 0.1459138E-01 0.7256464E-02 0.7256464E-02 -9999.000 -9999.000 -9999.000 -9999.000 -9999.000 -9999.000 -9999.000 -9999.000 -9999.000 -9999.000 -9999.000 -9999.000 -9999.000 -9999.000 -9999.000 -9999.000 -9999.000 -9999.000 -9999.000 -9999.000 -9999.000 -9999.000 -9999.000 -9999.000 -9999.000 -9999.000 -9999.000
-9999.000 -9999.000 -9999.000 -9999.000 -9999.000 -9999.000 -9999.000 -9999.000 -9999.000 -9999.000 -9999.000 -9999.000 -9999.000 -9999.000 -9999.000 0.2789321E-02 0.7167495E-02 0.1325165E-01 0.1916345E-01 0.2430724E-01 0.2839343E-01 0.3125314E-01 0.3283207E-01 0.3314203E-01 0.3220868E-01 0.3009563E-01 0.2684893E-01 0.2233766E-01 0.1583961E-01 0.7949810E-02 0.7949810E-02 -9999.000 -9999.000 -9999.000 -9999.000 -9999.000 -9999.000 -9999.000 -9999.000 -9999.000 -9999.000 -9999.000 -9999.000 -9999.000 -9999.000 -9999.000 -9999.000 -9999.000 -9999.000 -9999.000 -9999.000 -9999.000 -9999.000 -9999.000 -9999.000 -9999.000 -9999.000 -9999.000
-9999.000 -9999.000 -9999.000 -9999.000 -9999.000 -9999.000 -9999.000 -9999.000 -9999.000 -9999.000 -9999.000 -9999.000 -9999.000 -9999.000 -9999.000 0.3035603E-02 0.7689761E-02 0.1407390E-01 0.2026276E-01 0.2564887E-01 0.2993573E-01 0.3294905E-01 0.3463352E-01 0.3500060E-01 0.3407496E-01 0.3192217E-01 0.2858755E-01 0.2392473E-01 0.1714696E-01 0.8695766E-02 0.8695766E-02 -9999.000 -9999.000 -9999.000 -9999.000 -9999.000 -9999.000 -9999.000 -9999.000 -9999.000 -9999.000 -9999.000 -9999.000 -9999.000 -9999.000 -9999.000 -9999.000 -9999.000 -9999.000 -9999.000 -9999.000 -9999.000 -9999.000 -9999.000 -9999.000 -9999.000 -9999.000 -9999.000
-9999.000 -9999.000 -9999.000 -9999.000 -9999.000 -9999.000 -9999.000 -9999.000 -9999.000 -9999.000 -9999.000 -9999.000 -9999.000 -9999.000 -9999.000 0.3286472E-02 0.8217321E-02 0.1489620E-01 0.2135581E-01 0.2697910E-01 0.3146537E-01 0.3463550E-01 0.3643477E-01 0.3687536E-01 0.3598028E-01 0.3381748E-01 0.3043041E-01 0.2565225E-01 0.1861607E-01 0.9551403E-02 0.9551403E-02 -9999.000 -9999.000 -9999.000 -9999.000 -9999.000 -9999.000 -9999.000 -9999.000 -9999.000 -9999.000 -9999.000 -9999.000 -9999.000 -9999.000 -9999.000 -9999.000 -9999.000 -9999.000 -9999.000 -9999.000 -9999.000 -9999.000 -9999.000 -9999.000 -9999.000 -9999.000 -9999.000
-9999.000 -9999.000 -9999.000 -9999.000 -9999.000 -9999.000 -9999.000 -9999.000 -9999.000 -9999.000 -9999.000 -9999.000 -9999.000 -9999.000 -9999.000 0.3557973E-02 0.8784268E-02 0.1577159E-01 0.2251212E-01 0.2838205E-01 0.3307802E-01 0.3641729E-01 0.3834694E-01 0.3888056E-01 0.3803884E-01 0.3589327E-01 0.3248410E-01 0.2761874E-01 0.2033224E-01 0.1056751E-01 0.1056751E-01 -9999.000 -9999.000 -9999.000 -9999.000 -9999.000 -9999.000 -9999.000 -9999.000 -9999.000 -9999.000 -9999.000 -9999.000 -9999.000 -9999.000 -9999.000 -9999.000 -9999.000 -9999.000 -9999.000 -9999.000 -9999.000 -9999.000 -9999.000 -9999.000 -9999.000 -9999.000 -9999.000
-9999.000 -9999.000 -9999.000 -9999.000 -9999.000 -9999.000 -9999.000 -9999.000 -9999.000 -9999.000 -9999.000 -9999.000 -9999.000 -9999.000 -9999.000 0.3860509E-02 0.9411789E-02 0.1673347E-01 0.2377590E-01 0.2991187E-01 0.3483680E-01 0.3836481E-01 0.4044678E-01 0.4109760E-01 0.4033677E-01 0.3823889E-01 0.3484085E-01 0.2991836E-01 0.2238744E-01 0.1180297E-01 0.1180297E-01 -9999.000 -9999.000 -9999.000 -9999.000 -9999.000 -9999.000 -9999.000 -9999.000 -9999.000 -9999.000 -9999.000 -9999.000 -9999.000 -9999.000 -9999.000 -9999.000 -9999.000 -9999.000 -9999.000 -9999.000 -9999.000 -9999.000 -9999.000 -9999.000 -9999.000 -9999.000 -9999.000
-9999.000 -9999.000 -9999.000 -9999.000 -9999.000 -9999.000 -9999.000 -9999.000 -9999.000 -9999.000 -9999.000 -9999.000 -9999.000 -9999.000 -9999.000 0.4202054E-02 0.1011757E-01 0.1780936E-01 0.2518437E-01 0.3161432E-01 0.3679565E-01 0.4054004E-01 0.4280371E-01 0.4360433E-01 0.4295937E-01 0.4094845E-01 0.3760432E-01 0.3266367E-01 0.2489769E-01 0.1333415E-01 0.1333415E-01 -9999.000 -9999.000 -9999.000 -9999.000 -9999.000 -9999.000 -9999.000 -9999.000 -9999.000 -9999.000 -9999.000 -9999.000 -9999.000 -9999.000 -9999.000 -9999.000 -9999.000 -9999.000 -9999.000 -9999.000 -9999.000 -9999.000 -9999.000 -9999.000 -9999.000 -9999.000 -9999.000
-9999.000 -9999.000 -9999.000 -9999.000 -9999.000 -9999.000 -9999.000 -9999.000 -9999.000 -9999.000 -9999.000 -9999.000 -9999.000 -9999.000 -9999.000 0.4591631E-02 0.1092034E-01 0.1902896E-01 0.2677777E-01 0.3353976E-01 0.3901494E-01 0.4301330E-01 0.4549891E-01 0.4649290E-01 0.4601135E-01 0.4414104E-01 0.4090900E-01 0.3600505E-01 0.2802488E-01 0.1526961E-01 0.1526961E-01 -9999.000 -9999.000 -9999.000 -9999.000 -9999.000 -9999.000 -9999.000 -9999.000 -9999.000 -9999.000 -9999.000 -9999.000 -9999.000 -9999.000 -9999.000 -9999.000 -9999.000 -9999.000 -9999.000 -9999.000 -9999.000 -9999.000 -9999.000 -9999.000 -9999.000 -9999.000 -9999.000
-9999.000 -9999.000 -9999.000 -9999.000 -9999.000 -9999.000 -9999.000 -9999.000 -9999.000 -9999.000 -9999.000 -9999.000 -9999.000 -9999.000 -9999.000 0.5039772E-02 0.1184371E-01 0.2043062E-01 0.2860805E-01 0.3575391E-01 0.4157379E-01 0.4587775E-01 0.4864059E-01 0.4988836E-01 0.4963651E-01 0.4798142E-01 0.4494481E-01 0.4015954E-01 0.3200606E-01 0.1776941E-01 0.1776941E-01 -9999.000 -9999.000 -9999.000 -9999.000 -9999.000 -9999.000 -9999.000 -9999.000 -9999.000 -9999.000 -9999.000 -9999.000 -9999.000 -9999.000 -9999.000 -9999.000 -9999.000 -9999.000 -9999.000 -9999.000 -9999.000 -9999.000 -9999.000 -9999.000 -9999.000 -9999.000 -9999.000
-9999.000 -9999.000 -9999.000 -9999.000 -9999.000 -9999.000 -9999.000 -9999.000 -9999.000 -9999.000 -9999.000 -9999.000 -9999.000 -9999.000 -9999.000 0.5562973E-02 0.1292230E-01 0.2207016E-01 0.3075143E-01 0.3835261E-01 0.4458814E-01 0.4926991E-01 0.5238765E-01 0.5397472E-01 0.5404724E-01 0.5271580E-01 0.4999720E-01 0.4545488E-01 0.3720580E-01 0.2108161E-01 0.2108161E-01 -9999.000 -9999.000 -9999.000 -9999.000 -9999.000 -9999.000 -9999.000 -9999.000 -9999.000 -9999.000 -9999.000 -9999.000 -9999.000 -9999.000 -9999.000 -9999.000 -9999.000 -9999.000 -9999.000 -9999.000 -9999.000 -9999.000 -9999.000 -9999.000 -9999.000 -9999.000 -9999.000
-9999.000 -9999.000 -9999.000 -9999.000 -9999.000 -9999.000 -9999.000 -9999.000 -9999.000 -9999.000 -9999.000 -9999.000 -9999.000 -9999.000 -9999.000 0.6302253E-02 0.1441767E-01 0.2430217E-01 0.3361180E-01 0.4176028E-01 0.4848677E-01 0.5361679E-01 0.5716787E-01 0.5918775E-01 0.5969810E-01 0.5883154E-01 0.5660047E-01 0.5248358E-01 0.4426849E-01 0.2565803E-01 0.2565803E-01 -9999.000 -9999.000 -9999.000 -9999.000 -9999.000 -9999.000 -9999.000 -9999.000 -9999.000 -9999.000 -9999.000 -9999.000 -9999.000 -9999.000 -9999.000 -9999.000 -9999.000 -9999.000 -9999.000 -9999.000 -9999.000 -9999.000 -9999.000 -9999.000 -9999.000 -9999.000 -9999.000
-9999.000 -9999.000 -9999.000 -9999.000 -9999.000 -9999.000 -9999.000 -9999.000 -9999.000 -9999.000 -9999.000 -9999.000 -9999.000 -9999.000 -9999.000 0.4251798E-01 0.6467207E-01 0.7430516E-01 0.7555314E-01 0.7698113E-01 0.7707275E-01 0.7606176E-01 0.7429793E-01 0.7188132E-01 0.6889896E-01 0.6545241E-01 0.6143877E-01 0.5613212E-01 0.4695922E-01 0.2353782E-01 0.2353782E-01 -9999.000 -9999.000 -9999.000 -9999.000 -9999.000 -9999.000 -9999.000 -9999.000 -9999.000 -9999.000 -9999.000 -9999.000 -9999.000 -9999.000 -9999.000 -9999.000 -9999.000 -9999.000 -9999.000 -9999.000 -9999.000 -9999.000 -9999.000 -9999.000 -9999.000 -9999.000 -9999.000
2.714585 2.714585 2.695240 2.747938 2.751173 2.751173 2.752620 2.753054 2.753054 2.750594 2.750594 2.745793 2.742716 2.739274 2.735632 2.735632 2.822195 2.824728 2.817001 2.790109 2.744015 2.677299 2.587444 2.477780 2.348383 2.201593 2.042048 1.880422 1.743176 1.696311 1.696311 2.550726 2.722104 2.812405 2.833073 2.833073 2.855804 2.855804 2.819868 2.819868 2.765309 2.556959 2.556959 2.093878 2.093878 1.919515 1.919515 1.919515 1.927374 1.927374 1.968379 1.968379 2.018044 2.018044 2.066796 2.066796 2.108684 2.108684
2.736544 2.736544 2.720883 2.796083 2.810700 2.810700 2.823219 2.845430 2.845430 2.864522 2.864522 2.881108 2.888662 2.895807 2.902701 2.902701 2.968227 2.982519 2.994390 3.001699 3.003546 2.997790 2.981249 2.952214 2.908018 2.846804 2.767958 2.673423 2.570801 2.508570 2.508570 2.971812 3.131841 3.279840 3.318311 3.318311 3.358200 3.358200 3.348898 3.348898 3.320516 3.200991 3.200991 2.940169 2.940169 2.736149 2.736149 2.736149 2.743468 2.743468 2.786012 2.786012 2.838655 2.838655 2.890132 2.890132 2.935400 2.935400
2.741408 2.741408 2.722977 2.795877 2.810951 2.810951 2.823886 2.846716 2.846716 2.866399 2.866399 2.883671 2.891604 2.899158 2.906498 2.906498 2.966753 2.990987 3.013651 3.033096 3.048620 3.059387 3.064023 3.061685 3.050828 3.029747 2.997032 2.952607 2.900206 2.867417 2.867417 3.140785 3.296422 3.471249 3.520233 3.520233 3.565727 3.565727 3.546671 3.546671 3.512311 3.404862 3.404862 3.232770 3.232770 3.034763 3.034763 3.034763 3.026309 3.026309 3.058545 3.058545 3.103513 3.103513 3.148799 3.148799 3.189314 3.189314
2.744594 2.744594 2.725994 2.795293 2.810565 2.810565 2.823749 2.846751 2.846751 2.866444 2.866444 2.883716 2.891656 2.899219 2.906596 2.906596 2.964792 2.997864 3.030086 3.058841 3.082927 3.101667 3.114404 3.120939 3.120891 3.113703 3.098814 3.076277 3.048482 3.033100 3.033100 3.202727 3.342561 3.526175 3.580313 3.580313 3.621325 3.621325 3.581495 3.581495 3.540241 3.449252 3.449252 3.343848 3.343848 3.177808 3.177808 3.177808 3.153269 3.153269 3.173469 3.173469 3.211339 3.211339 3.252385 3.252385 3.289945 3.289945
2.746179 2.746179 2.729907 2.794679 2.810143 2.810143 2.823576 2.846746 2.846746 2.866420 2.866420 2.883662 2.891591 2.899146 2.906564 2.906564 2.966321 3.007439 3.048451 3.085757 3.117654 3.143317 3.162225 3.174274 3.179474 3.177859 3.169545 3.155081 3.136608 3.126253 3.126253 3.232941 3.350262 3.524895 3.574383 3.574383 3.591048 3.591048 3.528238 3.528238 3.489608 3.432742 3.432742 3.384966 3.384966 3.266713 3.266713 3.266713 3.230964 3.230964 3.236997 3.236997 3.265520 3.265520 3.301088 3.301088 3.335050 3.335050
2.746107 2.746107 2.734323 2.794185 2.809970 2.809970 2.823718 2.847156 2.847156 2.866865 2.866865 2.884092 2.892009 2.899545 2.907007 2.907007 2.972742 3.021539 3.070544 3.115500 3.154415 3.186347 3.210809 3.227667 3.236990 3.238971 3.233953 3.222680 3.207098 3.195821 3.195821 3.259657 3.350413 3.494920 3.524910 3.524910 3.497194 3.497194 3.429466 3.429466 3.408111 3.397017 3.397017 3.395465 3.395465 3.328893 3.328893 3.328893 3.290968 3.290968 3.284111 3.284111 3.301229 3.301229 3.329127 3.329127 3.357846 3.357846
2.742890 2.742890 2.740316 2.794022 2.809921 2.809921 2.823768 2.847230 2.847230 2.866900 2.866900 2.884110 2.892025 2.899561 2.907117 2.907117 2.984239 3.040842 3.097209 3.148895 3.193880 3.231242 3.260554 3.281686 3.294702 3.299795 3.297315 3.287950 3.273300 3.259372 3.259372 3.292358 3.353803 3.438864 3.430280 3.430280 3.357893 3.357893 3.320344 3.320344 3.325648 3.358321 3.358321 3.390395 3.390395 3.371151 3.371151 3.371151 3.340327 3.340327 3.325300 3.325300 3.330786 3.330786 3.349095 3.349095 3.370654 3.370654
2.742576 2.742576 2.741827 2.793840 2.809820 2.809820 2.823732 2.847236 2.847236 2.866905 2.866905 2.884111 2.892027 2.899563 2.907254 2.907254 3.002204 3.066998 3.130123 3.187481 3.237332 3.278954 3.312069 3.336631 3.352717 3.360500 3.360265 3.352544 3.338496 3.321912 3.321912 3.331521 3.359432 3.341051 3.281560 3.281560 3.203802 3.203802 3.226550 3.226550 3.256650 3.321776 3.321776 3.376783 3.376783 3.396789 3.396789 3.396789 3.379419 3.379419 3.362504 3.362504 3.358317 3.358317 3.366084 3.366084 3.378740 3.378740
2.742890 2.742890 2.740316 2.794022 2.809921 2.809921 2.823768 2.847230 2.847230 2.866900 2.866900 2.884109 2.892025 2.899560 2.907442 2.907442 3.028167 3.101669 3.170917 3.232735 3.286004 3.330415 3.365968 3.392776 3.410998 3.420802 3.422405 3.416162 3.402726 3.383540 3.383540 3.372210 3.354277 3.179389 3.088015 3.088015 3.070494 3.070494 3.154048 3.154048 3.200670 3.286557 3.286557 3.357189 3.357189 3.408032 3.408032 3.408032 3.406728 3.406728 3.393608 3.393608 3.383298 3.383298 3.380890 3.380890 3.383479 3.383479
2.746108 2.746108 2.734323 2.794184 2.809970 2.809970 2.823718 2.847156 2.847156 2.866865 2.866865 2.884092 2.892009 2.899546 2.907696 2.907696 3.064324 3.146926 3.221411 3.286170 3.341082 3.386477 3.422769 3.450325 3.469429 3.480288 3.483070 3.477957 3.464892 3.441557 3.441557 3.401710 3.304977 2.957486 2.894024 2.894024 2.973938 2.973938 3.095914 3.095914 3.151609 3.250535 3.250535 3.332275 3.332275 3.406599 3.406599 3.406599 3.420966 3.420966 3.415357 3.415357 3.402844 3.402844 3.391819 3.391819 3.384033 3.384033
2.746179 2.746179 2.729907 2.794679 2.810143 2.810143 2.823576 2.846746 2.846746 2.866419 2.866419 2.883660 2.891591 2.899146 2.907691 2.907691 3.113669 3.205239 3.283470 3.349101 3.403414 3.447603 3.482613 3.509129 3.527603 3.538303 3.541370 3.536773 3.522945 3.488166 3.488166 3.386616 3.152915 2.732638 2.750522 2.750522 2.903140 2.903140 3.043084 3.043084 3.103520 3.211318 3.211318 3.301178 3.301178 3.392863 3.392863 3.392863 3.420728 3.420728 3.424040 3.424040 3.412489 3.412489 3.395089 3.395089 3.377542 3.377542
