simulation_files/asc/Velocity____242.0.asc
NCOLS        79
NROWS        79
XLLCENTER         -1.500000
YLLCENTER         -4.800000
CELLSIZE           0.100
NODATA_VALUE     -9999.0
[rows 0 to 26 of 79, columns 0 to 59 of 79]
-9999.000 -9999.000 -9999.000 -9999.000 -9999.000 -9999.000 -9999.000 -9999.000 -9999.000 -9999.000 -9999.000 -9999.000 -9999.000 -9999.000 -9999.000 0.9065214E-01 0.8757157E-01 0.8636798E-01 0.8623338E-01 0.8722510E-01 0.8857759E-01 0.8987503E-01 0.9096591E-01 0.9173872E-01 0.9222306E-01 0.9248161E-01 0.9259261E-01 0.9275919E-01 0.9357332E-01 0.9456711E-01 0.9456711E-01 -9999.000 -9999.000 -9999.000 -9999.000 -9999.000 -9999.000 -9999.000 -9999.000 -9999.000 -9999.000 -9999.000 -9999.000 -9999.000 -9999.000 -9999.000 -9999.000 -9999.000 -9999.000 -9999.000 -9999.000 -9999.000 -9999.000 -9999.000 -9999.000 -9999.000 -9999.000 -9999.000 -9999.000 -9999.000
-9999.000 -9999.000 -9999.000 -9999.000 -9999.000 -9999.000 -9999.000 -9999.000 -9999.000 -9999.000 -9999.000 -9999.000 -9999.000 -9999.000 -9999.000 0.9117775E-01 0.8475164E-01 0.8231497E-01 0.8208278E-01 0.8409511E-01 0.8681270E-01 0.8945209E-01 0.9174319E-01 0.9345970E-01 0.9464114E-01 0.9539422E-01 0.9586977E-01 0.9650410E-01 0.9859955E-01 0.1013502 0.1013502 -9999.000 -9999.000 -9999.000 -9999.000 -9999.000 -9999.000 -9999.000 -9999.000 -9999.000 -9999.000 -9999.000 -9999.000 -9999.000 -9999.000 -9999.000 -9999.000 -9999.000 -9999.000 -9999.000 -9999.000 -9999.000 -9999.000 -9999.000 -9999.000 -9999.000 -9999.000 -9999.000 -9999.000 -9999.000
-9999.000 -9999.000 -9999.000 -9999.000 -9999.000 -9999.000 -9999.000 -9999.000 -9999.000 -9999.000 -9999.000 -9999.000 -9999.000 -9999.000 -9999.000 0.9072050E-01 0.8065043E-01 0.7674158E-01 0.7633700E-01 0.7946545E-01 0.8371313E-01 0.8790335E-01 0.9166107E-01 0.9464724E-01 0.9691556E-01 0.9860753E-01 0.9992529E-01 0.1015284 0.1054706 0.1108115 0.1108115 -9999.000 -9999.000 -9999.000 -9999.000 -9999.000 -9999.000 -9999.000 -9999.000 -9999.000 -9999.000 -9999.000 -9999.000 -9999.000 -9999.000 -9999.000 -9999.000 -9999.000 -9999.000 -9999.000 -9999.000 -9999.000 -9999.000 -9999.000 -9999.000 -9999.000 -9999.000 -9999.000 -9999.000 -9999.000
-9999.000 -9999.000 -9999.000 -9999.000 -9999.000 -9999.000 -9999.000 -9999.000 -9999.000 -9999.000 -9999.000 -9999.000 -9999.000 -9999.000 -9999.000 0.8974520E-01 0.7604368E-01 0.7064811E-01 0.7008583E-01 0.7435340E-01 0.8014151E-01 0.8590195E-01 0.9117717E-01 0.9552202E-01 0.9900475E-01 0.1017926 0.1041241 0.1068724 0.1128628 0.1213200 0.1213200 -9999.000 -9999.000 -9999.000 -9999.000 -9999.000 -9999.000 -9999.000 -9999.000 -9999.000 -9999.000 -9999.000 -9999.000 -9999.000 -9999.000 -9999.000 -9999.000 -9999.000 -9999.000 -9999.000 -9999.000 -9999.000 -9999.000 -9999.000 -9999.000 -9999.000 -9999.000 -9999.000 -9999.000 -9999.000
-9999.000 -9999.000 -9999.000 -9999.000 -9999.000 -9999.000 -9999.000 -9999.000 -9999.000 -9999.000 -9999.000 -9999.000 -9999.000 -9999.000 -9999.000 0.8847453E-01 0.7111449E-01 0.6422668E-01 0.6354889E-01 0.6900021E-01 0.7634407E-01 0.8368497E-01 0.9050601E-01 0.9625789E-01 0.1010255 0.1049952 0.1084340 0.1124321 0.1206248 0.1327345 0.1327345 -9999.000 -9999.000 -9999.000 -9999.000 -9999.000 -9999.000 -9999.000 -9999.000 -9999.000 -9999.000 -9999.000 -9999.000 -9999.000 -9999.000 -9999.000 -9999.000 -9999.000 -9999.000 -9999.000 -9999.000 -9999.000 -9999.000 -9999.000 -9999.000 -9999.000 -9999.000 -9999.000 -9999.000 -9999.000
-9999.000 -9999.000 -9999.000 -9999.000 -9999.000 -9999.000 -9999.000 -9999.000 -9999.000 -9999.000 -9999.000 -9999.000 -9999.000 -9999.000 -9999.000 0.8697707E-01 0.6592885E-01 0.5756649E-01 0.5685699E-01 0.6355464E-01 0.7246550E-01 0.8138664E-01 0.8976562E-01 0.9695014E-01 0.1030438 0.1082465 0.1128495 0.1181690 0.1287050 0.1450753 0.1450753 -9999.000 -9999.000 -9999.000 -9999.000 -9999.000 -9999.000 -9999.000 -9999.000 -9999.000 -9999.000 -9999.000 -9999.000 -9999.000 -9999.000 -9999.000 -9999.000 -9999.000 -9999.000 -9999.000 -9999.000 -9999.000 -9999.000 -9999.000 -9999.000 -9999.000 -9999.000 -9999.000 -9999.000 -9999.000
-9999.000 -9999.000 -9999.000 -9999.000 -9999.000 -9999.000 -9999.000 -9999.000 -9999.000 -9999.000 -9999.000 -9999.000 -9999.000 -9999.000 -9999.000 0.8525363E-01 0.6050030E-01 0.5071483E-01 0.5011316E-01 0.5812931E-01 0.6860101E-01 0.7908481E-01 0.8902069E-01 0.9764893E-01 0.1050936 0.1115638 0.1173697 0.1240690 0.1370944 0.1584548 0.1584548 -9999.000 -9999.000 -9999.000 -9999.000 -9999.000 -9999.000 -9999.000 -9999.000 -9999.000 -9999.000 -9999.000 -9999.000 -9999.000 -9999.000 -9999.000 -9999.000 -9999.000 -9999.000 -9999.000 -9999.000 -9999.000 -9999.000 -9999.000 -9999.000 -9999.000 -9999.000 -9999.000 -9999.000 -9999.000
-9999.000 -9999.000 -9999.000 -9999.000 -9999.000 -9999.000 -9999.000 -9999.000 -9999.000 -9999.000 -9999.000 -9999.000 -9999.000 -9999.000 -9999.000 0.8327198E-01 0.5481885E-01 0.4371480E-01 0.4344726E-01 0.5284256E-01 0.6483091E-01 0.7683445E-01 0.8831114E-01 0.9838281E-01 0.1071944 0.1149563 0.1219950 0.1301279 0.1458039 0.1730535 0.1730535 -9999.000 -9999.000 -9999.000 -9999.000 -9999.000 -9999.000 -9999.000 -9999.000 -9999.000 -9999.000 -9999.000 -9999.000 -9999.000 -9999.000 -9999.000 -9999.000 -9999.000 -9999.000 -9999.000 -9999.000 -9999.000 -9999.000 -9999.000 -9999.000 -9999.000 -9999.000 -9999.000 -9999.000 -9999.000
-9999.000 -9999.000 -9999.000 -9999.000 -9999.000 -9999.000 -9999.000 -9999.000 -9999.000 -9999.000 -9999.000 -9999.000 -9999.000 -9999.000 -9999.000 0.8098112E-01 0.4886430E-01 0.3664119E-01 0.3707760E-01 0.4785424E-01 0.6124354E-01 0.7468691E-01 0.8766989E-01 0.9917330E-01 0.1093590 0.1184302 0.1267250 0.1363447 0.1548544 0.1891199 0.1891199 -9999.000 -9999.000 -9999.000 -9999.000 -9999.000 -9999.000 -9999.000 -9999.000 -9999.000 -9999.000 -9999.000 -9999.000 -9999.000 -9999.000 -9999.000 -9999.000 -9999.000 -9999.000 -9999.000 -9999.000 -9999.000 -9999.000 -9999.000 -9999.000 -9999.000 -9999.000 -9999.000 -9999.000 -9999.000
-9999.000 -9999.000 -9999.000 -9999.000 -9999.000 -9999.000 -9999.000 -9999.000 -9999.000 -9999.000 -9999.000 -9999.000 -9999.000 -9999.000 -9999.000 0.7831526E-01 0.4261466E-01 0.2966659E-01 0.3141652E-01 0.4340174E-01 0.5795180E-01 0.7270079E-01 0.8713199E-01 0.1000417 0.1116004 0.1219916 0.1315605 0.1427206 0.1642732 0.2069857 0.2069857 -9999.000 -9999.000 -9999.000 -9999.000 -9999.000 -9999.000 -9999.000 -9999.000 -9999.000 -9999.000 -9999.000 -9999.000 -9999.000 -9999.000 -9999.000 -9999.000 -9999.000 -9999.000 -9999.000 -9999.000 -9999.000 -9999.000 -9999.000 -9999.000 -9999.000 -9999.000 -9999.000 -9999.000 -9999.000
-9999.000 -9999.000 -9999.000 -9999.000 -9999.000 -9999.000 -9999.000 -9999.000 -9999.000 -9999.000 -9999.000 -9999.000 -9999.000 -9999.000 -9999.000 0.7519498E-01 0.3605564E-01 0.2322941E-01 0.2722969E-01 0.3983634E-01 0.5510700E-01 0.7095292E-01 0.8674235E-01 0.1010160 0.1139364 0.1256505 0.1365042 0.1492584 0.1740923 0.2270948 0.2270948 -9999.000 -9999.000 -9999.000 -9999.000 -9999.000 -9999.000 -9999.000 -9999.000 -9999.000 -9999.000 -9999.000 -9999.000 -9999.000 -9999.000 -9999.000 -9999.000 -9999.000 -9999.000 -9999.000 -9999.000 -9999.000 -9999.000 -9999.000 -9999.000 -9999.000 -9999.000 -9999.000 -9999.000 -9999.000
-9999.000 -9999.000 -9999.000 -9999.000 -9999.000 -9999.000 -9999.000 -9999.000 -9999.000 -9999.000 -9999.000 -9999.000 -9999.000 -9999.000 -9999.000 0.7152450E-01 0.2920626E-01 0.1846980E-01 0.2567468E-01 0.3763920E-01 0.5291533E-01 0.6954915E-01 0.8656533E-01 0.1021388 0.1163954 0.1294239 0.1415636 0.1559639 0.1843496 0.2500529 0.2500529 -9999.000 -9999.000 -9999.000 -9999.000 -9999.000 -9999.000 -9999.000 -9999.000 -9999.000 -9999.000 -9999.000 -9999.000 -9999.000 -9999.000 -9999.000 -9999.000 -9999.000 -9999.000 -9999.000 -9999.000 -9999.000 -9999.000 -9999.000 -9999.000 -9999.000 -9999.000 -9999.000 -9999.000 -9999.000
-9999.000 -9999.000 -9999.000 -9999.000 -9999.000 -9999.000 -9999.000 -9999.000 -9999.000 -9999.000 -9999.000 -9999.000 -9999.000 -9999.000 -9999.000 0.6716818E-01 0.2220877E-01 0.1771707E-01 0.2781410E-01 0.3745181E-01 0.5172501E-01 0.6869689E-01 0.8673795E-01 0.1035060 0.1190467 0.1333601 0.1467692 0.1628581 0.1950954 0.2767079 0.2767079 -9999.000 -9999.000 -9999.000 -9999.000 -9999.000 -9999.000 -9999.000 -9999.000 -9999.000 -9999.000 -9999.000 -9999.000 -9999.000 -9999.000 -9999.000 -9999.000 -9999.000 -9999.000 -9999.000 -9999.000 -9999.000 -9999.000 -9999.000 -9999.000 -9999.000 -9999.000 -9999.000 -9999.000 -9999.000
-9999.000 -9999.000 -9999.000 -9999.000 -9999.000 -9999.000 -9999.000 -9999.000 -9999.000 -9999.000 -9999.000 -9999.000 -9999.000 -9999.000 -9999.000 0.6115092E-01 0.1703655E-01 0.2606940E-01 0.3739372E-01 0.4339197E-01 0.5490799E-01 0.7086927E-01 0.8903725E-01 0.1064054 0.1228219 0.1381254 0.1525866 0.1702584 0.2065680 0.3084124 0.3084124 -9999.000 -9999.000 -9999.000 -9999.000 -9999.000 -9999.000 -9999.000 -9999.000 -9999.000 -9999.000 -9999.000 -9999.000 -9999.000 -9999.000 -9999.000 -9999.000 -9999.000 -9999.000 -9999.000 -9999.000 -9999.000 -9999.000 -9999.000 -9999.000 -9999.000 -9999.000 -9999.000 -9999.000 -9999.000
-9999.000 -9999.000 -9999.000 -9999.000 -9999.000 -9999.000 -9999.000 -9999.000 -9999.000 -9999.000 -9999.000 -9999.000 -9999.000 -9999.000 -9999.000 0.9626519E-01 0.1479495 0.1731351 0.1645407 0.1413754 0.1275511 0.1205800 0.1212287 0.1270313 0.1364491 0.1478517 0.1604377 0.1781036 0.2180839 0.3444507 0.3444507 -9999.000 -9999.000 -9999.000 -9999.000 -9999.000 -9999.000 -9999.000 -9999.000 -9999.000 -9999.000 -9999.000 -9999.000 -9999.000 -9999.000 -9999.000 -9999.000 -9999.000 -9999.000 -9999.000 -9999.000 -9999.000 -9999.000 -9999.000 -9999.000 -9999.000 -9999.000 -9999.000 -9999.000 -9999.000
2.863233 2.863233 2.867028 2.876764 2.895951 2.895951 2.898449 2.897978 2.897978 2.894102 2.894102 2.887811 2.883990 2.879813 2.875680 2.875680 3.027164 3.031566 3.032729 3.025300 2.990553 2.933071 2.852831 2.747766 2.621361 2.475784 2.314135 2.145460 1.994890 1.937581 1.937581 2.758343 2.932790 3.036797 3.063393 3.063393 3.100058 3.100058 3.088294 3.088294 3.047327 2.873773 2.873773 2.541440 2.541440 2.157761 2.157761 2.157761 2.132834 2.132834 2.161012 2.161012 2.208276 2.208276 2.258588 2.258588 2.304158 2.304158 2.304158 2.340726
2.885948 2.885948 2.898288 2.931098 2.957471 2.957471 2.971967 2.994461 2.994461 3.013108 3.013108 3.029141 3.036411 3.043276 3.050110 3.050110 3.162518 3.181951 3.197723 3.210397 3.216277 3.215579 3.206529 3.185832 3.151453 3.101179 3.033248 2.948234 2.852323 2.773351 2.773351 3.207688 3.360824 3.512316 3.554407 3.554407 3.603652 3.603652 3.608113 3.608113 3.589005 3.491910 3.491910 3.299677 3.299677 2.995182 2.995182 2.995182 2.966917 2.966917 2.997233 2.997233 3.047354 3.047354 3.100201 3.100201 3.148755 3.148755 3.148755 3.189763
2.890922 2.890922 2.900212 2.933050 2.957168 2.957168 2.972335 2.995721 2.995721 3.015015 3.015015 3.031758 3.039421 3.046706 3.054027 3.054027 3.154175 3.186338 3.214059 3.238083 3.257043 3.271288 3.280756 3.284375 3.281188 3.269752 3.248258 3.215706 3.174361 3.140268 3.140268 3.380847 3.527478 3.700151 3.751598 3.751598 3.805807 3.805807 3.797842 3.797842 3.770247 3.674093 3.674093 3.535109 3.535109 3.287732 3.287732 3.287732 3.243688 3.243688 3.260963 3.260963 3.302289 3.302289 3.348993 3.348993 3.393042 3.393042 3.393042 3.430748
2.894185 2.894185 2.901684 2.933675 2.956228 2.956228 2.971817 2.995681 2.995681 3.015030 3.015030 3.031775 3.039442 3.046735 3.054140 3.054140 3.146480 3.189144 3.227922 3.262170 3.290808 3.313819 3.331458 3.343667 3.350474 3.351718 3.346882 3.335618 3.319304 3.307849 3.307849 3.454522 3.583358 3.760052 3.815192 3.815192 3.862934 3.862934 3.830142 3.830142 3.791180 3.701561 3.701561 3.612143 3.612143 3.428041 3.428041 3.428041 3.372247 3.372247 3.374494 3.374494 3.406294 3.406294 3.447649 3.447649 3.488370 3.488370 3.488370 3.523617
2.895723 2.895723 2.900082 2.933573 2.955276 2.955276 2.971278 2.995631 2.995631 3.015038 3.015038 3.031770 3.039433 3.046725 3.054249 3.054249 3.143521 3.195049 3.243730 3.287500 3.325120 3.356241 3.380974 3.399477 3.412037 3.418997 3.420600 3.417217 3.410295 3.406683 3.406683 3.499038 3.605664 3.770946 3.820112 3.820112 3.838073 3.838073 3.772017 3.772017 3.729571 3.667701 3.667701 3.629170 3.629170 3.512598 3.512598 3.512598 3.454051 3.454051 3.441337 3.441337 3.461014 3.461014 3.495022 3.495022 3.531218 3.531218 3.531218 3.563193
2.893249 2.893249 2.904610 2.933623 2.954932 2.954932 2.971264 2.995984 2.995984 3.015373 3.015373 3.032013 3.039633 3.046885 3.054546 3.054546 3.146398 3.205879 3.263331 3.315654 3.361391 3.399995 3.431426 3.455831 3.473515 3.484900 3.490462 3.490845 3.487467 3.485293 3.485293 3.542036 3.624045 3.759129 3.786897 3.786897 3.747568 3.747568 3.660397 3.660397 3.631306 3.615257 3.615257 3.621835 3.621835 3.567785 3.567785 3.567785 3.517010 3.517010 3.493640 3.493640 3.500106 3.500106 3.524386 3.524386 3.553993 3.553993 3.553993 3.581109
2.893118 2.893118 2.906537 2.933348 2.954462 2.954462 2.971005 2.996026 2.996026 3.015516 3.015516 3.032230 3.039890 3.047182 3.055123 3.055123 3.156173 3.223430 3.288774 3.348615 3.401420 3.446590 3.484024 3.513842 3.536318 3.551837 3.560877 3.564087 3.562679 3.560098 3.560098 3.592290 3.648355 3.725527 3.709182 3.709182 3.601896 3.601896 3.533717 3.533717 3.531944 3.563860 3.563860 3.604400 3.604400 3.601963 3.601963 3.601963 3.567082 3.567082 3.540148 3.540148 3.535014 3.535014 3.548086 3.548086 3.569007 3.569007 3.569007 3.589421
2.893077 2.893077 2.907173 2.933260 2.954305 2.954305 2.970914 2.996023 2.996023 3.015524 3.015524 3.032238 3.039899 3.047191 3.055475 3.055475 3.173254 3.248596 3.321171 3.387490 3.446196 3.496809 3.539282 3.573762 3.600507 3.619851 3.632213 3.638138 3.638523 3.635376 3.635376 3.649709 3.676908 3.650146 3.568376 3.568376 3.428260 3.428260 3.420789 3.420789 3.448117 3.517329 3.517329 3.581104 3.581104 3.618727 3.618727 3.618727 3.603755 3.603755 3.580558 3.580558 3.567808 3.567808 3.569726 3.569726 3.580395 3.580395 3.580395 3.592368
2.893118 2.893118 2.906537 2.933348 2.954462 2.954462 2.971005 2.996026 2.996026 3.015515 3.015515 3.032230 3.039890 3.047182 3.055942 3.055942 3.199522 3.283597 3.362864 3.434574 3.497848 3.552521 3.598735 3.636743 3.666843 3.689353 3.704625 3.713082 3.715228 3.711212 3.711212 3.709227 3.696250 3.500639 3.362423 3.362423 3.268507 3.268507 3.335132 3.335132 3.383053 3.475639 3.475639 3.554656 3.554656 3.622168 3.622168 3.622168 3.627218 3.627218 3.613127 3.613127 3.597691 3.597691 3.590044 3.590044 3.589723 3.589723 3.589723 3.591822
2.893248 2.893248 2.904610 2.933623 2.954934 2.954934 2.971265 2.995985 2.995985 3.015373 3.015373 3.032013 3.039633 3.046885 3.056263 3.056263 3.236970 3.330514 3.415914 3.491809 3.558152 3.615300 3.663716 3.703846 3.736089 3.760788 3.778262 3.788801 3.792287 3.785098 3.785098 3.757802 3.671259 3.266898 3.132564 3.132564 3.151584 3.151584 3.270822 3.270822 3.329778 3.435693 3.435693 3.525025 3.525025 3.614467 3.614467 3.614467 3.637201 3.637201 3.634862 3.634862 3.620989 3.620989 3.606499 3.606499 3.595534 3.595534 3.595534 3.586987
2.895722 2.895722 2.900082 2.933573 2.955276 2.955276 2.971279 2.995631 2.995631 3.015037 3.015037 3.031769 3.039433 3.046724 3.057032 3.057032 3.289808 3.393312 3.483921 3.562401 3.629926 3.687592 3.736311 3.776802 3.809613 3.835160 3.853756 3.865523 3.868761 3.848766 3.848766 3.759557 3.537055 2.998740 2.946314 2.946314 3.072830 3.072830 3.216298 3.216298 3.280424 3.394170 3.394170 3.490812 3.490812 3.596035 3.596035 3.596035 3.633011 3.633011 3.642527 3.642527 3.633135 3.633135 3.614762 3.614762 3.594422 3.594422 3.594422 3.575301
2.894185 2.894185 2.901685 2.933674 2.956227 2.956227 2.971817 2.995680 2.995680 3.015032 3.015032 3.031775 3.039441 3.046733 3.058273 3.058273 3.363631 3.476672 3.570683 3.649425 3.715680 3.771472 3.818249 3.857048 3.888597 3.913394 3.931767 3.943386 3.940796 3.870479 3.870479 3.630025 3.243942 2.787303 2.828670 2.828670 3.006471 3.006471 3.158895 3.158895 3.225667 3.344787 3.344787 3.446851 3.446851 3.563221 3.563221 3.563221 3.610883 3.610883 3.630643 3.630643 3.626807 3.626807 3.606954 3.606954 3.579117 3.579117 3.579117 3.550417
