simulation_files/asc/Velocity__x_349.0.asc
NCOLS        79
NROWS        79
XLLCENTER         -1.500000
YLLCENTER         -4.800000
CELLSIZE           0.100
NODATA_VALUE     -9999.0
[rows 0 to 25 of 79, columns 0 to 57 of 79]
-9999.000 -9999.000 -9999.000 -9999.000 -9999.000 -9999.000 -9999.000 -9999.000 -9999.000 -9999.000 -9999.000 -9999.000 -9999.000 -9999.000 -9999.000 0.7524333E-03 0.2779072E-02 0.6071760E-02 0.9200120E-02 0.1190262E-01 0.1403922E-01 0.1553771E-01 0.1639827E-01 0.1665411E-01 0.1634925E-01 0.1553913E-01 0.1423524E-01 0.1225142E-01 0.8789503E-02 0.4322457E-02 0.4322457E-02 -9999.000 -9999.000 -9999.000 -9999.000 -9999.000 -9999.000 -9999.000 -9999.000 -9999.000 -9999.000 -9999.000 -9999.000 -9999.000 -9999.000 -9999.000 -9999.000 -9999.000 -9999.000 -9999.000 -9999.000 -9999.000 -9999.000 -9999.000 -9999.000 -9999.000 -9999.000 -9999.000
-9999.000 -9999.000 -9999.000 -9999.000 -9999.000 -9999.000 -9999.000 -9999.000 -9999.000 -9999.000 -9999.000 -9999.000 -9999.000 -9999.000 -9999.000 0.1908119E-02 0.5109723E-02 0.9559590E-02 0.1376502E-01 0.1741812E-01 0.2032731E-01 0.2237435E-01 0.2352038E-01 0.2376912E-01 0.2314610E-01 0.2169609E-01 0.1943314E-01 0.1620605E-01 0.1134488E-01 0.5567383E-02 0.5567383E-02 -9999.000 -9999.000 -9999.000 -9999.000 -9999.000 -9999.000 -9999.000 -9999.000 -9999.000 -9999.000 -9999.000 -9999.000 -9999.000 -9999.000 -9999.000 -9999.000 -9999.000 -9999.000 -9999.000 -9999.000 -9999.000 -9999.000 -9999.000 -9999.000 -9999.000 -9999.000 -9999.000
-9999.000 -9999.000 -9999.000 -9999.000 -9999.000 -9999.000 -9999.000 -9999.000 -9999.000 -9999.000 -9999.000 -9999.000 -9999.000 -9999.000 -9999.000 0.2514394E-02 0.6382351E-02 0.1154374E-01 0.1639301E-01 0.2059667E-01 0.2393994E-01 0.2628563E-01 0.2758160E-01 0.2782371E-01 0.2703515E-01 0.2526574E-01 0.2254019E-01 0.1871689E-01 0.1311535E-01 0.6475050E-02 0.6475050E-02 -9999.000 -9999.000 -9999.000 -9999.000 -9999.000 -9999.000 -9999.000 -9999.000 -9999.000 -9999.000 -9999.000 -9999.000 -9999.000 -9999.000 -9999.000 -9999.000 -9999.000 -9999.000 -9999.000 -9999.000 -9999.000 -9999.000 -9999.000 -9999.000 -9999.000 -9999.000 -9999.000
-9999.000 -9999.000 -9999.000 -9999.000 -9999.000 -9999.000 -9999.000 -9999.000 -9999.000 -9999.000 -9999.000 -9999.000 -9999.000 -9999.000 -9999.000 0.2903045E-02 0.7200093E-02 0.1282072E-01 0.1808835E-01 0.2265290E-01 0.2628495E-01 0.2883541E-01 0.3024600E-01 0.3050907E-01 0.2964710E-01 0.2771409E-01 0.2473830E-01 0.2057442E-01 0.1450483E-01 0.7218397E-02 0.7218397E-02 -9999.000 -9999.000 -9999.000 -9999.000 -9999.000 -9999.000 -9999.000 -9999.000 -9999.000 -9999.000 -9999.000 -9999.000 -9999.000 -9999.000 -9999.000 -9999.000 -9999.000 -9999.000 -9999.000 -9999.000 -9999.000 -9999.000 -9999.000 -9999.000 -9999.000 -9999.000 -9999.000
-9999.000 -9999.000 -9999.000 -9999.000 -9999.000 -9999.000 -9999.000 -9999.000 -9999.000 -9999.000 -9999.000 -9999.000 -9999.000 -9999.000 -9999.000 0.3200743E-02 0.7823706E-02 0.1378970E-01 0.1937399E-01 0.2421570E-01 0.2807437E-01 0.3079298E-01 0.3230982E-01 0.3261509E-01 0.3173111E-01 0.2971387E-01 0.2659250E-01 0.2221018E-01 0.1579586E-01 0.7934507E-02 0.7934507E-02 -9999.000 -9999.000 -9999.000 -9999.000 -9999.000 -9999.000 -9999.000 -9999.000 -9999.000 -9999.000 -9999.000 -9999.000 -9999.000 -9999.000 -9999.000 -9999.000 -9999.000 -9999.000 -9999.000 -9999.000 -9999.000 -9999.000 -9999.000 -9999.000 -9999.000 -9999.000 -9999.000
-9999.000 -9999.000 -9999.000 -9999.000 -9999.000 -9999.000 -9999.000 -9999.000 -9999.000 -9999.000 -9999.000 -9999.000 -9999.000 -9999.000 -9999.000 0.3468343E-02 0.8380902E-02 0.1464894E-01 0.2051089E-01 0.2559839E-01 0.2966243E-01 0.3253948E-01 0.3416602E-01 0.3453108E-01 0.3365652E-01 0.3160077E-01 0.2839105E-01 0.2385383E-01 0.1714860E-01 0.8705040E-02 0.8705040E-02 -9999.000 -9999.000 -9999.000 -9999.000 -9999.000 -9999.000 -9999.000 -9999.000 -9999.000 -9999.000 -9999.000 -9999.000 -9999.000 -9999.000 -9999.000 -9999.000 -9999.000 -9999.000 -9999.000 -9999.000 -9999.000 -9999.000 -9999.000 -9999.000 -9999.000 -9999.000 -9999.000
-9999.000 -9999.000 -9999.000 -9999.000 -9999.000 -9999.000 -9999.000 -9999.000 -9999.000 -9999.000 -9999.000 -9999.000 -9999.000 -9999.000 -9999.000 0.3736819E-02 0.8935821E-02 0.1549831E-01 0.2163080E-01 0.2695994E-01 0.3122885E-01 0.3426930E-01 0.3601662E-01 0.3645929E-01 0.3561925E-01 0.3355709E-01 0.3029706E-01 0.2564317E-01 0.1866918E-01 0.9588994E-02 0.9588994E-02 -9999.000 -9999.000 -9999.000 -9999.000 -9999.000 -9999.000 -9999.000 -9999.000 -9999.000 -9999.000 -9999.000 -9999.000 -9999.000 -9999.000 -9999.000 -9999.000 -9999.000 -9999.000 -9999.000 -9999.000 -9999.000 -9999.000 -9999.000 -9999.000 -9999.000 -9999.000 -9999.000
-9999.000 -9999.000 -9999.000 -9999.000 -9999.000 -9999.000 -9999.000 -9999.000 -9999.000 -9999.000 -9999.000 -9999.000 -9999.000 -9999.000 -9999.000 0.4022486E-02 0.9523174E-02 0.1639145E-01 0.2280476E-01 0.2838660E-01 0.3287283E-01 0.3609088E-01 0.3797672E-01 0.3851828E-01 0.3773823E-01 0.3569904E-01 0.3242125E-01 0.2768108E-01 0.2044697E-01 0.1063985E-01 0.1063985E-01 -9999.000 -9999.000 -9999.000 -9999.000 -9999.000 -9999.000 -9999.000 -9999.000 -9999.000 -9999.000 -9999.000 -9999.000 -9999.000 -9999.000 -9999.000 -9999.000 -9999.000 -9999.000 -9999.000 -9999.000 -9999.000 -9999.000 -9999.000 -9999.000 -9999.000 -9999.000 -9999.000
-9999.000 -9999.000 -9999.000 -9999.000 -9999.000 -9999.000 -9999.000 -9999.000 -9999.000 -9999.000 -9999.000 -9999.000 -9999.000 -9999.000 -9999.000 0.4335237E-02 0.1016390E-01 0.1736206E-01 0.2407820E-01 0.2993436E-01 0.3465973E-01 0.3807793E-01 0.4012680E-01 0.4079432E-01 0.4010389E-01 0.3812166E-01 0.3486249E-01 0.3006818E-01 0.2257987E-01 0.1191990E-01 0.1191990E-01 -9999.000 -9999.000 -9999.000 -9999.000 -9999.000 -9999.000 -9999.000 -9999.000 -9999.000 -9999.000 -9999.000 -9999.000 -9999.000 -9999.000 -9999.000 -9999.000 -9999.000 -9999.000 -9999.000 -9999.000 -9999.000 -9999.000 -9999.000 -9999.000 -9999.000 -9999.000 -9999.000
-9999.000 -9999.000 -9999.000 -9999.000 -9999.000 -9999.000 -9999.000 -9999.000 -9999.000 -9999.000 -9999.000 -9999.000 -9999.000 -9999.000 -9999.000 0.4683112E-02 0.1087553E-01 0.1843778E-01 0.2548873E-01 0.3165050E-01 0.3664590E-01 0.4029551E-01 0.4254033E-01 0.4336938E-01 0.4280743E-01 0.4092515E-01 0.3773080E-01 0.3292471E-01 0.2519144E-01 0.1351039E-01 0.1351039E-01 -9999.000 -9999.000 -9999.000 -9999.000 -9999.000 -9999.000 -9999.000 -9999.000 -9999.000 -9999.000 -9999.000 -9999.000 -9999.000 -9999.000 -9999.000 -9999.000 -9999.000 -9999.000 -9999.000 -9999.000 -9999.000 -9999.000 -9999.000 -9999.000 -9999.000 -9999.000 -9999.000
-9999.000 -9999.000 -9999.000 -9999.000 -9999.000 -9999.000 -9999.000 -9999.000 -9999.000 -9999.000 -9999.000 -9999.000 -9999.000 -9999.000 -9999.000 0.5074334E-02 0.1167563E-01 0.1964813E-01 0.2707699E-01 0.3358672E-01 0.3889380E-01 0.4281703E-01 0.4530265E-01 0.4634107E-01 0.4596002E-01 0.4423612E-01 0.4117032E-01 0.3641189E-01 0.2845545E-01 0.1552759E-01 0.1552759E-01 -9999.000 -9999.000 -9999.000 -9999.000 -9999.000 -9999.000 -9999.000 -9999.000 -9999.000 -9999.000 -9999.000 -9999.000 -9999.000 -9999.000 -9999.000 -9999.000 -9999.000 -9999.000 -9999.000 -9999.000 -9999.000 -9999.000 -9999.000 -9999.000 -9999.000 -9999.000 -9999.000
-9999.000 -9999.000 -9999.000 -9999.000 -9999.000 -9999.000 -9999.000 -9999.000 -9999.000 -9999.000 -9999.000 -9999.000 -9999.000 -9999.000 -9999.000 0.5519113E-02 0.1258754E-01 0.2103104E-01 0.2889632E-01 0.3581104E-01 0.4148646E-01 0.4574122E-01 0.4852858E-01 0.4984235E-01 0.4971492E-01 0.4823178E-01 0.4538540E-01 0.4076353E-01 0.3262760E-01 0.1814411E-01 0.1814411E-01 -9999.000 -9999.000 -9999.000 -9999.000 -9999.000 -9999.000 -9999.000 -9999.000 -9999.000 -9999.000 -9999.000 -9999.000 -9999.000 -9999.000 -9999.000 -9999.000 -9999.000 -9999.000 -9999.000 -9999.000 -9999.000 -9999.000 -9999.000 -9999.000 -9999.000 -9999.000 -9999.000
-9999.000 -9999.000 -9999.000 -9999.000 -9999.000 -9999.000 -9999.000 -9999.000 -9999.000 -9999.000 -9999.000 -9999.000 -9999.000 -9999.000 -9999.000 0.6033223E-02 0.1364550E-01 0.2264274E-01 0.3102419E-01 0.3842271E-01 0.4454517E-01 0.4921157E-01 0.5238659E-01 0.5406930E-01 0.5429985E-01 0.5317698E-01 0.5068453E-01 0.4633539E-01 0.3810310E-01 0.2162834E-01 0.2162834E-01 -9999.000 -9999.000 -9999.000 -9999.000 -9999.000 -9999.000 -9999.000 -9999.000 -9999.000 -9999.000 -9999.000 -9999.000 -9999.000 -9999.000 -9999.000 -9999.000 -9999.000 -9999.000 -9999.000 -9999.000 -9999.000 -9999.000 -9999.000 -9999.000 -9999.000 -9999.000 -9999.000
-9999.000 -9999.000 -9999.000 -9999.000 -9999.000 -9999.000 -9999.000 -9999.000 -9999.000 -9999.000 -9999.000 -9999.000 -9999.000 -9999.000 -9999.000 0.6715349E-02 0.1503245E-01 0.2473678E-01 0.3376218E-01 0.4175364E-01 0.4842051E-01 0.5359426E-01 0.5726059E-01 0.5943055E-01 0.6015852E-01 0.5956321E-01 0.5762115E-01 0.5375396E-01 0.4557490E-01 0.2646867E-01 0.2646867E-01 -9999.000 -9999.000 -9999.000 -9999.000 -9999.000 -9999.000 -9999.000 -9999.000 -9999.000 -9999.000 -9999.000 -9999.000 -9999.000 -9999.000 -9999.000 -9999.000 -9999.000 -9999.000 -9999.000 -9999.000 -9999.000 -9999.000 -9999.000 -9999.000 -9999.000 -9999.000 -9999.000
-9999.000 -9999.000 -9999.000 -9999.000 -9999.000 -9999.000 -9999.000 -9999.000 -9999.000 -9999.000 -9999.000 -9999.000 -9999.000 -9999.000 -9999.000 0.2995387E-01 0.4643516E-01 0.5481658E-01 0.6222878E-01 0.6720776E-01 0.7012904E-01 0.7139577E-01 0.7139413E-01 0.7035175E-01 0.6847588E-01 0.6592590E-01 0.6261777E-01 0.5781710E-01 0.4876985E-01 0.2460169E-01 0.2460169E-01 -9999.000 -9999.000 -9999.000 -9999.000 -9999.000 -9999.000 -9999.000 -9999.000 -9999.000 -9999.000 -9999.000 -9999.000 -9999.000 -9999.000 -9999.000 -9999.000 -9999.000 -9999.000 -9999.000 -9999.000 -9999.000 -9999.000 -9999.000 -9999.000 -9999.000 -9999.000 -9999.000
2.679514 2.679514 2.663538 2.697697 2.709938 2.709938 2.713631 2.715290 2.715290 2.713525 2.713525 2.709241 2.706356 2.703075 2.699523 2.699523 2.767887 2.769368 2.755428 2.725268 2.676516 2.606932 2.515932 2.405226 2.275496 2.129220 1.971354 1.813254 1.681480 1.641105 1.641105 2.498845 2.668157 2.754130 2.773025 2.773025 2.791685 2.791685 2.749137 2.749137 2.691073 2.473530 2.473530 2.010175 2.010175 1.859497 1.859497 1.859497 1.874402 1.874402 1.917901 1.917901 1.967816 1.967816 2.015949 2.015949 2.056757 2.056757
2.701535 2.701535 2.690130 2.746058 2.768509 2.768509 2.783445 2.806780 2.806780 2.826304 2.826304 2.843177 2.850814 2.858014 2.864886 2.864886 2.917152 2.929907 2.939770 2.946035 2.946835 2.939532 2.921482 2.890564 2.844344 2.781163 2.700654 2.604078 2.503444 2.446505 2.446505 2.912760 3.072681 3.218573 3.255882 3.255882 3.293006 3.293006 3.280280 3.280280 3.249460 3.124205 3.124205 2.851246 2.851246 2.671014 2.671014 2.671014 2.685535 2.685535 2.730160 2.730160 2.782957 2.782957 2.833906 2.833906 2.878221 2.878221
2.705101 2.705101 2.694036 2.746471 2.768337 2.768337 2.783864 2.807997 2.807997 2.828085 2.828085 2.845584 2.853581 2.861171 2.868477 2.868477 2.917428 2.939349 2.960194 2.978621 2.993459 3.003439 3.007327 3.004030 2.991976 2.969503 2.935318 2.889146 2.836743 2.806103 2.806103 3.084859 3.240031 3.412698 3.460382 3.460382 3.502770 3.502770 3.480280 3.480280 3.444468 3.335148 3.335148 3.153897 3.153897 2.971122 2.971122 2.971122 2.970327 2.970327 3.005237 3.005237 3.050609 3.050609 3.095312 3.095312 3.134825 3.134825
2.703022 2.703022 2.700948 2.746601 2.767627 2.767627 2.783483 2.808084 2.808084 2.828248 2.828248 2.845752 2.853751 2.861346 2.868672 2.868672 2.917188 2.947427 2.977546 3.004899 3.028010 3.045908 3.057946 3.063793 3.062994 3.054972 3.039190 3.015558 2.987619 2.973716 2.973716 3.147742 3.287799 3.469324 3.521862 3.521862 3.559139 3.559139 3.516719 3.516719 3.475422 3.385639 3.385639 3.274607 3.274607 3.114768 3.114768 3.114768 3.097502 3.097502 3.121262 3.121262 3.160058 3.160058 3.200727 3.200727 3.237344 3.237344
2.703789 2.703789 2.705625 2.746793 2.767042 2.767042 2.783096 2.808094 2.808094 2.828298 2.828298 2.845766 2.853755 2.861345 2.868695 2.868695 2.920116 2.958160 2.996848 3.032434 3.063038 3.087632 3.105654 3.116925 3.121399 3.119087 3.110114 3.094946 3.076398 3.067283 3.067283 3.177709 3.295951 3.468571 3.516009 3.516009 3.528744 3.528744 3.465914 3.465914 3.428834 3.374657 3.374657 3.323344 3.323344 3.204526 3.204526 3.204526 3.174333 3.174333 3.184444 3.184444 3.214617 3.214617 3.250233 3.250233 3.283454 3.283454
2.704370 2.704370 2.708863 2.746992 2.766634 2.766634 2.782787 2.808094 2.808094 2.828337 2.828337 2.845776 2.853755 2.861340 2.868729 2.868729 2.927200 2.972908 3.019501 3.062558 3.099961 3.130633 3.154027 3.169963 3.178467 3.179709 3.174042 3.162174 3.146469 3.136160 3.136160 3.203166 3.295332 3.437510 3.464956 3.464956 3.435006 3.435006 3.371064 3.371064 3.352064 3.343236 3.343236 3.339024 3.339024 3.268184 3.268184 3.268184 3.233362 3.233362 3.230341 3.230341 3.249710 3.249710 3.278198 3.278198 3.306504 3.306504
2.704730 2.704730 2.710759 2.747130 2.766397 2.766397 2.782591 2.808090 2.808090 2.828361 2.828361 2.845783 2.853755 2.861336 2.868783 2.868783 2.939327 2.992907 3.046816 3.096469 3.139756 3.175671 3.203732 3.223773 3.235826 3.240062 3.236835 3.226824 3.211894 3.198565 3.198565 3.234021 3.296884 3.378307 3.367427 3.367427 3.297846 3.297846 3.266561 3.266561 3.273782 3.307355 3.307355 3.337155 3.337155 3.312391 3.312391 3.312391 3.282302 3.282302 3.270151 3.270151 3.278096 3.278096 3.297490 3.297490 3.319042 3.319042
2.704853 2.704853 2.711382 2.747178 2.766318 2.766318 2.782525 2.808089 2.808089 2.828370 2.828370 2.845785 2.853755 2.861336 2.868865 2.868865 2.957614 3.019523 3.080215 3.135481 3.183524 3.223563 3.255287 3.278615 3.293603 3.300401 3.299295 3.290819 3.276295 3.259888 3.259888 3.271044 3.299534 3.275336 3.216576 3.216576 3.148707 3.148707 3.177426 3.177426 3.208222 3.272856 3.272856 3.325757 3.325757 3.340267 3.340267 3.340267 3.321863 3.321863 3.306471 3.306471 3.304449 3.304449 3.313592 3.313592 3.326639 3.326639
2.704730 2.704730 2.710759 2.747130 2.766395 2.766395 2.782591 2.808090 2.808090 2.828362 2.828362 2.845783 2.853755 2.861336 2.868983 2.868983 2.983590 3.054371 3.121256 3.180991 3.232409 3.275167 3.309237 3.334714 3.351732 3.360446 3.361063 3.353947 3.339840 3.320369 3.320369 3.309259 3.289617 3.108865 3.025271 3.025271 3.021335 3.021335 3.107510 3.107510 3.153894 3.238571 3.238571 3.307322 3.307322 3.353285 3.353285 3.353285 3.349927 3.349927 3.336980 3.336980 3.328124 3.328124 3.327104 3.327104 3.330428 3.330428
2.704369 2.704369 2.708862 2.746992 2.766634 2.766634 2.782787 2.808093 2.808093 2.828337 2.828337 2.845776 2.853755 2.861340 2.869153 2.869153 3.019462 3.099506 3.171736 3.234470 3.287552 3.331282 3.366061 3.392233 3.410070 3.419764 3.421476 3.415385 3.401464 3.377248 3.377248 3.335265 3.232622 2.887683 2.839262 2.839262 2.928789 2.928789 3.050571 3.050571 3.105629 3.203138 3.203138 3.283205 3.283205 3.353338 3.353338 3.353338 3.365205 3.365205 3.358673 3.358673 3.346678 3.346678 3.336747 3.336747 3.329893 3.329893
2.703789 2.703789 2.705624 2.746794 2.767043 2.767043 2.783096 2.808095 2.808095 2.828299 2.828299 2.845767 2.853756 2.861345 2.869392 2.869392 3.068489 3.157616 3.233694 3.297376 3.349905 3.392452 3.425948 3.451062 3.468234 3.477720 3.479654 3.473995 3.459092 3.422294 3.422294 3.313838 3.070954 2.672624 2.704630 2.704630 2.859585 2.859585 2.998314 2.998314 3.058058 3.164462 3.164462 3.252797 3.252797 3.340864 3.340864 3.340864 3.366122 3.366122 3.367755 3.367755 3.355806 3.355806 3.338983 3.338983 3.322402 3.322402
