simulation_files/asc/Velocity____328.0.asc
NCOLS        79
NROWS        79
XLLCENTER         -1.500000
YLLCENTER         -4.800000
CELLSIZE           0.100
NODATA_VALUE     -9999.0
[rows 0 to 26 of 79, columns 0 to 59 of 79]
-9999.000 -9999.000 -9999.000 -9999.000 -9999.000 -9999.000 -9999.000 -9999.000 -9999.000 -9999.000 -9999.000 -9999.000 -9999.000 -9999.000 -9999.000 0.9838143E-01 0.9655642E-01 0.9642139E-01 0.9692865E-01 0.9769059E-01 0.9852189E-01 0.9932192E-01 0.9997053E-01 0.1004831 0.1008486 0.1010821 0.1012543 0.1015776 0.1026413 0.1036646 0.1036646 -9999.000 -9999.000 -9999.000 -9999.000 -9999.000 -9999.000 -9999.000 -9999.000 -9999.000 -9999.000 -9999.000 -9999.000 -9999.000 -9999.000 -9999.000 -9999.000 -9999.000 -9999.000 -9999.000 -9999.000 -9999.000 -9999.000 -9999.000 -9999.000 -9999.000 -9999.000 -9999.000 -9999.000 -9999.000
-9999.000 -9999.000 -9999.000 -9999.000 -9999.000 -9999.000 -9999.000 -9999.000 -9999.000 -9999.000 -9999.000 -9999.000 -9999.000 -9999.000 -9999.000 0.9684637E-01 0.9316574E-01 0.9293707E-01 0.9404582E-01 0.9568731E-01 0.9748731E-01 0.9924462E-01 0.1007070 0.1018965 0.1027829 0.1033915 0.1038752 0.1047103 0.1072047 0.1099525 0.1099525 -9999.000 -9999.000 -9999.000 -9999.000 -9999.000 -9999.000 -9999.000 -9999.000 -9999.000 -9999.000 -9999.000 -9999.000 -9999.000 -9999.000 -9999.000 -9999.000 -9999.000 -9999.000 -9999.000 -9999.000 -9999.000 -9999.000 -9999.000 -9999.000 -9999.000 -9999.000 -9999.000 -9999.000 -9999.000
-9999.000 -9999.000 -9999.000 -9999.000 -9999.000 -9999.000 -9999.000 -9999.000 -9999.000 -9999.000 -9999.000 -9999.000 -9999.000 -9999.000 -9999.000 0.9388962E-01 0.8830027E-01 0.8795061E-01 0.8974794E-01 0.9241415E-01 0.9536938E-01 0.9831174E-01 0.1008511 0.1030257 0.1047817 0.1061469 0.1073511 0.1091450 0.1136169 0.1189307 0.1189307 -9999.000 -9999.000 -9999.000 -9999.000 -9999.000 -9999.000 -9999.000 -9999.000 -9999.000 -9999.000 -9999.000 -9999.000 -9999.000 -9999.000 -9999.000 -9999.000 -9999.000 -9999.000 -9999.000 -9999.000 -9999.000 -9999.000 -9999.000 -9999.000 -9999.000 -9999.000 -9999.000 -9999.000 -9999.000
-9999.000 -9999.000 -9999.000 -9999.000 -9999.000 -9999.000 -9999.000 -9999.000 -9999.000 -9999.000 -9999.000 -9999.000 -9999.000 -9999.000 -9999.000 0.9024073E-01 0.8285058E-01 0.8239549E-01 0.8491007E-01 0.8863203E-01 0.9278090E-01 0.9696400E-01 0.1006586 0.1039270 0.1066874 0.1089633 0.1110515 0.1139759 0.1206332 0.1290822 0.1290822 -9999.000 -9999.000 -9999.000 -9999.000 -9999.000 -9999.000 -9999.000 -9999.000 -9999.000 -9999.000 -9999.000 -9999.000 -9999.000 -9999.000 -9999.000 -9999.000 -9999.000 -9999.000 -9999.000 -9999.000 -9999.000 -9999.000 -9999.000 -9999.000 -9999.000 -9999.000 -9999.000 -9999.000 -9999.000
-9999.000 -9999.000 -9999.000 -9999.000 -9999.000 -9999.000 -9999.000 -9999.000 -9999.000 -9999.000 -9999.000 -9999.000 -9999.000 -9999.000 -9999.000 0.8613069E-01 0.7701731E-01 0.7647991E-01 0.7974652E-01 0.8455535E-01 0.8992735E-01 0.9538759E-01 0.1002842 0.1047116 0.1085558 0.1118317 0.1149009 0.1190697 0.1280882 0.1402661 0.1402661 -9999.000 -9999.000 -9999.000 -9999.000 -9999.000 -9999.000 -9999.000 -9999.000 -9999.000 -9999.000 -9999.000 -9999.000 -9999.000 -9999.000 -9999.000 -9999.000 -9999.000 -9999.000 -9999.000 -9999.000 -9999.000 -9999.000 -9999.000 -9999.000 -9999.000 -9999.000 -9999.000 -9999.000 -9999.000
-9999.000 -9999.000 -9999.000 -9999.000 -9999.000 -9999.000 -9999.000 -9999.000 -9999.000 -9999.000 -9999.000 -9999.000 -9999.000 -9999.000 -9999.000 0.8164705E-01 0.7088887E-01 0.7030917E-01 0.7437646E-01 0.8030765E-01 0.8692888E-01 0.9369323E-01 0.9982194E-01 0.1054505 0.1104289 0.1147605 0.1188739 0.1243722 0.1359205 0.1525048 0.1525048 -9999.000 -9999.000 -9999.000 -9999.000 -9999.000 -9999.000 -9999.000 -9999.000 -9999.000 -9999.000 -9999.000 -9999.000 -9999.000 -9999.000 -9999.000 -9999.000 -9999.000 -9999.000 -9999.000 -9999.000 -9999.000 -9999.000 -9999.000 -9999.000 -9999.000 -9999.000 -9999.000 -9999.000 -9999.000
-9999.000 -9999.000 -9999.000 -9999.000 -9999.000 -9999.000 -9999.000 -9999.000 -9999.000 -9999.000 -9999.000 -9999.000 -9999.000 -9999.000 -9999.000 0.7680826E-01 0.6449851E-01 0.6394007E-01 0.6887192E-01 0.7596406E-01 0.8385701E-01 0.9194473E-01 0.9932455E-01 0.1061842 0.1123316 0.1177573 0.1229602 0.1298617 0.1441174 0.1659226 0.1659226 -9999.000 -9999.000 -9999.000 -9999.000 -9999.000 -9999.000 -9999.000 -9999.000 -9999.000 -9999.000 -9999.000 -9999.000 -9999.000 -9999.000 -9999.000 -9999.000 -9999.000 -9999.000 -9999.000 -9999.000 -9999.000 -9999.000 -9999.000 -9999.000 -9999.000 -9999.000 -9999.000 -9999.000 -9999.000
-9999.000 -9999.000 -9999.000 -9999.000 -9999.000 -9999.000 -9999.000 -9999.000 -9999.000 -9999.000 -9999.000 -9999.000 -9999.000 -9999.000 -9999.000 0.7159746E-01 0.5785508E-01 0.5741333E-01 0.6328992E-01 0.7158080E-01 0.8076024E-01 0.9018213E-01 0.9882341E-01 0.1069362 0.1142784 0.1208261 0.1271545 0.1355301 0.1526913 0.1807256 0.1807256 -9999.000 -9999.000 -9999.000 -9999.000 -9999.000 -9999.000 -9999.000 -9999.000 -9999.000 -9999.000 -9999.000 -9999.000 -9999.000 -9999.000 -9999.000 -9999.000 -9999.000 -9999.000 -9999.000 -9999.000 -9999.000 -9999.000 -9999.000 -9999.000 -9999.000 -9999.000 -9999.000 -9999.000 -9999.000
-9999.000 -9999.000 -9999.000 -9999.000 -9999.000 -9999.000 -9999.000 -9999.000 -9999.000 -9999.000 -9999.000 -9999.000 -9999.000 -9999.000 -9999.000 0.6597859E-01 0.5095967E-01 0.5077754E-01 0.5769610E-01 0.6721515E-01 0.7768223E-01 0.8843789E-01 0.9834191E-01 0.1077230 0.1162788 0.1239697 0.1314541 0.1413761 0.1616681 0.1972032 0.1972032 -9999.000 -9999.000 -9999.000 -9999.000 -9999.000 -9999.000 -9999.000 -9999.000 -9999.000 -9999.000 -9999.000 -9999.000 -9999.000 -9999.000 -9999.000 -9999.000 -9999.000 -9999.000 -9999.000 -9999.000 -9999.000 -9999.000 -9999.000 -9999.000 -9999.000 -9999.000 -9999.000 -9999.000 -9999.000
-9999.000 -9999.000 -9999.000 -9999.000 -9999.000 -9999.000 -9999.000 -9999.000 -9999.000 -9999.000 -9999.000 -9999.000 -9999.000 -9999.000 -9999.000 0.5990367E-01 0.4381964E-01 0.4411737E-01 0.5218814E-01 0.6294183E-01 0.7467396E-01 0.8674643E-01 0.9790302E-01 0.1085607 0.1183424 0.1271911 0.1358575 0.1474009 0.1710826 0.2157485 0.2157485 -9999.000 -9999.000 -9999.000 -9999.000 -9999.000 -9999.000 -9999.000 -9999.000 -9999.000 -9999.000 -9999.000 -9999.000 -9999.000 -9999.000 -9999.000 -9999.000 -9999.000 -9999.000 -9999.000 -9999.000 -9999.000 -9999.000 -9999.000 -9999.000 -9999.000 -9999.000 -9999.000 -9999.000 -9999.000
-9999.000 -9999.000 -9999.000 -9999.000 -9999.000 -9999.000 -9999.000 -9999.000 -9999.000 -9999.000 -9999.000 -9999.000 -9999.000 -9999.000 -9999.000 0.5331455E-01 0.3647155E-01 0.3760305E-01 0.4692712E-01 0.5887002E-01 0.7180554E-01 0.8515345E-01 0.9753826E-01 0.1094720 0.1204840 0.1304977 0.1403664 0.1536095 0.1809772 0.2368980 0.2368980 -9999.000 -9999.000 -9999.000 -9999.000 -9999.000 -9999.000 -9999.000 -9999.000 -9999.000 -9999.000 -9999.000 -9999.000 -9999.000 -9999.000 -9999.000 -9999.000 -9999.000 -9999.000 -9999.000 -9999.000 -9999.000 -9999.000 -9999.000 -9999.000 -9999.000 -9999.000 -9999.000 -9999.000 -9999.000
-9999.000 -9999.000 -9999.000 -9999.000 -9999.000 -9999.000 -9999.000 -9999.000 -9999.000 -9999.000 -9999.000 -9999.000 -9999.000 -9999.000 -9999.000 0.4614402E-01 0.2903908E-01 0.3159533E-01 0.4218851E-01 0.5516846E-01 0.6918101E-01 0.8372775E-01 0.9729648E-01 0.1104943 0.1227307 0.1339066 0.1449903 0.1600133 0.1914036 0.2613969 0.2613969 -9999.000 -9999.000 -9999.000 -9999.000 -9999.000 -9999.000 -9999.000 -9999.000 -9999.000 -9999.000 -9999.000 -9999.000 -9999.000 -9999.000 -9999.000 -9999.000 -9999.000 -9999.000 -9999.000 -9999.000 -9999.000 -9999.000 -9999.000 -9999.000 -9999.000 -9999.000 -9999.000 -9999.000 -9999.000
-9999.000 -9999.000 -9999.000 -9999.000 -9999.000 -9999.000 -9999.000 -9999.000 -9999.000 -9999.000 -9999.000 -9999.000 -9999.000 -9999.000 -9999.000 0.3831866E-01 0.2192198E-01 0.2685492E-01 0.3843592E-01 0.5210063E-01 0.6696364E-01 0.8258069E-01 0.9726214E-01 0.1116957 0.1251362 0.1374592 0.1497597 0.1666401 0.2024287 0.2903103 0.2903103 -9999.000 -9999.000 -9999.000 -9999.000 -9999.000 -9999.000 -9999.000 -9999.000 -9999.000 -9999.000 -9999.000 -9999.000 -9999.000 -9999.000 -9999.000 -9999.000 -9999.000 -9999.000 -9999.000 -9999.000 -9999.000 -9999.000 -9999.000 -9999.000 -9999.000 -9999.000 -9999.000 -9999.000 -9999.000
-9999.000 -9999.000 -9999.000 -9999.000 -9999.000 -9999.000 -9999.000 -9999.000 -9999.000 -9999.000 -9999.000 -9999.000 -9999.000 -9999.000 -9999.000 0.2972285E-01 0.1660524E-01 0.2501209E-01 0.3664514E-01 0.5030723E-01 0.6561030E-01 0.8205484E-01 0.9770661E-01 0.1132951 0.1278783 0.1412999 0.1547917 0.1735879 0.2141699 0.3252408 0.3252408 -9999.000 -9999.000 -9999.000 -9999.000 -9999.000 -9999.000 -9999.000 -9999.000 -9999.000 -9999.000 -9999.000 -9999.000 -9999.000 -9999.000 -9999.000 -9999.000 -9999.000 -9999.000 -9999.000 -9999.000 -9999.000 -9999.000 -9999.000 -9999.000 -9999.000 -9999.000 -9999.000 -9999.000 -9999.000
-9999.000 -9999.000 -9999.000 -9999.000 -9999.000 -9999.000 -9999.000 -9999.000 -9999.000 -9999.000 -9999.000 -9999.000 -9999.000 -9999.000 -9999.000 0.4254298E-01 0.6503484E-01 0.7436065E-01 0.7607862E-01 0.8056126E-01 0.8741070E-01 0.9716751E-01 0.1081744 0.1208077 0.1336615 0.1462407 0.1596819 0.1797788 0.2253892 0.3656238 0.3656238 -9999.000 -9999.000 -9999.000 -9999.000 -9999.000 -9999.000 -9999.000 -9999.000 -9999.000 -9999.000 -9999.000 -9999.000 -9999.000 -9999.000 -9999.000 -9999.000 -9999.000 -9999.000 -9999.000 -9999.000 -9999.000 -9999.000 -9999.000 -9999.000 -9999.000 -9999.000 -9999.000 -9999.000 -9999.000
2.714588 2.714588 2.695245 2.747945 2.751180 2.751180 2.752627 2.753061 2.753061 2.750601 2.750601 2.745800 2.742723 2.739281 2.735639 2.735639 2.822236 2.824741 2.817006 2.790221 2.744459 2.678404 2.589609 2.481462 2.354071 2.209788 2.053313 1.895645 1.764553 1.734301 1.734301 2.558264 2.724058 2.812607 2.833180 2.833180 2.855856 2.855856 2.819870 2.819870 2.765319 2.557096 2.557096 2.093890 2.093890 1.919517 1.919517 1.919517 1.927375 1.927375 1.968380 1.968380 2.018044 2.018044 2.066796 2.066796 2.108684 2.108684 2.108684 2.140097
2.736550 2.736550 2.720893 2.796098 2.810714 2.810714 2.823233 2.845444 2.845444 2.864536 2.864536 2.881121 2.888675 2.895820 2.902714 2.902714 2.968249 2.982523 2.994412 3.001929 3.004371 2.999784 2.985146 2.958821 2.918164 2.861263 2.787375 2.698205 2.600926 2.543298 2.543298 2.985021 3.137227 3.281146 3.319145 3.319145 3.358551 3.358551 3.348899 3.348899 3.320651 3.202163 3.202163 2.940491 2.940491 2.736167 2.736167 2.736167 2.743476 2.743476 2.786014 2.786014 2.838655 2.838655 2.890136 2.890136 2.935408 2.935408 2.935408 2.972036
2.741411 2.741411 2.722985 2.795888 2.810960 2.810960 2.823895 2.846725 2.846725 2.866409 2.866409 2.883681 2.891614 2.899168 2.906507 2.906507 2.966758 2.990987 3.013708 3.033431 3.049671 3.061813 3.068688 3.069604 3.063104 3.047493 3.021271 2.984117 2.939221 2.912166 2.912166 3.168349 3.313114 3.477978 3.524734 3.524734 3.567291 3.567291 3.546671 3.546671 3.512922 3.409095 3.409095 3.236384 3.236384 3.035148 3.035148 3.035148 3.026369 3.026369 3.058547 3.058547 3.103520 3.103520 3.148828 3.148828 3.189363 3.189363 3.189363 3.222546
2.744595 2.744595 2.726000 2.795300 2.810571 2.810571 2.823755 2.846757 2.846757 2.866450 2.866450 2.883722 2.891662 2.899225 2.906602 2.906602 2.964792 2.997880 3.030218 3.059357 3.084305 3.104607 3.119827 3.129944 3.134713 3.133648 3.126176 3.112182 3.093570 3.086076 3.086076 3.245107 3.374140 3.542990 3.592108 3.592108 3.624901 3.624901 3.581532 3.581532 3.541842 3.457246 3.457246 3.352520 3.352520 3.179314 3.179314 3.179314 3.153494 3.153494 3.173472 3.173472 3.211372 3.211372 3.252486 3.252486 3.290092 3.290092 3.290092 3.320951
2.746180 2.746180 2.729912 2.794683 2.810147 2.810147 2.823580 2.846750 2.846750 2.866423 2.866423 2.883665 2.891594 2.899149 2.906567 2.906567 2.966330 3.007505 3.048734 3.086585 3.119562 3.147053 3.168747 3.184724 3.195144 3.200148 3.199886 3.194822 3.186725 3.186104 3.186104 3.288693 3.397526 3.554502 3.595301 3.595301 3.596004 3.596004 3.528541 3.528541 3.492624 3.443422 3.443422 3.397365 3.397365 3.269963 3.269963 3.269963 3.231539 3.231539 3.237010 3.237010 3.265587 3.265587 3.301299 3.301299 3.335346 3.335346 3.335346 3.363392
2.746107 2.746107 2.734326 2.794187 2.809971 2.809971 2.823720 2.847157 2.847157 2.866866 2.866866 2.884094 2.892010 2.899547 2.907008 2.907008 2.972780 3.021715 3.071100 3.116853 3.157171 3.191311 3.218973 3.240198 3.255205 3.264303 3.267904 3.266721 3.262436 3.262390 3.262390 3.327511 3.412945 3.536956 3.552999 3.552999 3.501512 3.501512 3.430400 3.430400 3.412340 3.408330 3.408330 3.408982 3.408982 3.333923 3.333923 3.333923 3.292092 3.292092 3.284159 3.284159 3.301316 3.301316 3.329457 3.329457 3.358316 3.358316 3.358316 3.382335
2.742890 2.742890 2.740317 2.794023 2.809921 2.809921 2.823768 2.847231 2.847231 2.866901 2.866901 2.884110 2.892025 2.899562 2.907117 2.907117 2.984335 3.041224 3.098238 3.151105 3.197972 3.238080 3.271159 3.297230 3.316496 3.329270 3.335989 3.337355 3.334792 3.333316 3.333316 3.371693 3.430601 3.488573 3.459120 3.459120 3.360216 3.360216 3.321903 3.321903 3.330178 3.368445 3.368445 3.402862 3.402862 3.377358 3.377358 3.377358 3.342092 3.342092 3.325430 3.325430 3.330867 3.330867 3.349515 3.349515 3.371281 3.371281 3.371281 3.389791
2.742576 2.742576 2.741827 2.793840 2.809820 2.809820 2.823732 2.847236 2.847236 2.866905 2.866905 2.884111 2.892027 2.899563 2.907254 2.907254 3.002414 3.067750 3.131955 3.191079 3.243506 3.288628 3.326277 3.356522 3.379560 3.395680 3.405267 3.408903 3.407644 3.404465 3.404465 3.422139 3.448236 3.388318 3.303373 3.303373 3.204575 3.204575 3.228216 3.228216 3.260504 3.329753 3.329753 3.387025 3.387025 3.403244 3.403244 3.403244 3.381713 3.381713 3.362768 3.362768 3.358370 3.358370 3.366537 3.366537 3.379468 3.379468 3.379468 3.390937
2.742890 2.742890 2.740317 2.794023 2.809922 2.809922 2.823768 2.847230 2.847230 2.866901 2.866901 2.884110 2.892025 2.899561 2.907442 2.907442 3.028592 3.103079 3.174101 3.238573 3.295422 3.344375 3.385484 3.418930 3.444965 3.463865 3.475961 3.481691 3.481643 3.476386 3.476386 3.473517 3.448953 3.212998 3.100014 3.100014 3.070689 3.070689 3.155316 3.155316 3.203394 3.292236 3.292236 3.364866 3.364866 3.413865 3.413865 3.413865 3.409244 3.409244 3.394020 3.394020 3.383319 3.383319 3.381309 3.381309 3.384219 3.384219 3.384219 3.387344
2.746108 2.746108 2.734326 2.794187 2.809972 2.809972 2.823720 2.847158 2.847158 2.866866 2.866866 2.884093 2.892010 2.899548 2.907697 2.907697 3.065177 3.149532 3.226903 3.295650 3.355573 3.406931 3.450114 3.485505 3.513455 3.534276 3.548259 3.555699 3.556427 3.546483 3.546483 3.510118 3.390791 2.974716 2.899338 2.899338 2.974017 2.974017 3.096651 3.096651 3.153259 3.254218 3.254218 3.337546 3.337546 3.411245 3.411245 3.411245 3.423317 3.423317 3.415864 3.415864 3.402847 3.402847 3.392150 3.392150 3.384686 3.384686 3.384686 3.378634
2.746180 2.746180 2.729912 2.794683 2.810147 2.810147 2.823579 2.846750 2.846750 2.866422 2.866422 2.883664 2.891594 2.899149 2.907693 2.907693 3.115402 3.210080 3.292984 3.364595 3.425926 3.477971 3.521565 3.557367 3.585879 3.607478 3.622450 3.630890 3.630721 3.605287 3.605287 3.488599 3.209023 2.739768 2.752944 2.752944 2.903219 2.903219 3.043417 3.043417 3.104381 3.213464 3.213464 3.304444 3.304444 3.396112 3.396112 3.396112 3.422599 3.422599 3.424542 3.424542 3.412490 3.412490 3.395306 3.395306 3.378027 3.378027 3.378027 3.362661
2.744595 2.744595 2.726000 2.795301 2.810571 2.810571 2.823756 2.846758 2.846758 2.866450 2.866450 2.883722 2.891662 2.899225 2.908293 2.908293 3.185465 3.289934 3.376593 3.448829 3.509234 3.559705 3.601613 3.635925 3.663318 3.684252 3.699026 3.707197 3.699787 3.617745 3.617745 3.318029 2.877136 2.586966 2.653383 2.653383 2.836539 2.836539 2.985057 2.985057 3.048517 3.164122 3.164122 3.260798 3.260798 3.365408 3.365408 3.365408 3.403283 3.403283 3.414223 3.414223 3.404860 3.404860 3.383457 3.383457 3.357724 3.357724 3.357724 3.333759
