simulation_files/asc/Velocity____302.0.asc
NCOLS        79
NROWS        79
XLLCENTER         -1.500000
YLLCENTER         -4.800000
CELLSIZE           0.100
NODATA_VALUE     -9999.0
[rows 0 to 26 of 79, columns 0 to 59 of 79]
-9999.000 -9999.000 -9999.000 -9999.000 -9999.000 -9999.000 -9999.000 -9999.000 -9999.000 -9999.000 -9999.000 -9999.000 -9999.000 -9999.000 -9999.000 0.9572320E-01 0.9347701E-01 0.9299437E-01 0.9351439E-01 0.9440717E-01 0.9537172E-01 0.9628573E-01 0.9704240E-01 0.9760232E-01 0.9799001E-01 0.9822477E-01 0.9837551E-01 0.9864855E-01 0.9963391E-01 0.1006532 0.1006532 -9999.000 -9999.000 -9999.000 -9999.000 -9999.000 -9999.000 -9999.000 -9999.000 -9999.000 -9999.000 -9999.000 -9999.000 -9999.000 -9999.000 -9999.000 -9999.000 -9999.000 -9999.000 -9999.000 -9999.000 -9999.000 -9999.000 -9999.000 -9999.000 -9999.000 -9999.000 -9999.000 -9999.000 -9999.000
-9999.000 -9999.000 -9999.000 -9999.000 -9999.000 -9999.000 -9999.000 -9999.000 -9999.000 -9999.000 -9999.000 -9999.000 -9999.000 -9999.000 -9999.000 0.9471906E-01 0.9013479E-01 0.8918288E-01 0.9030405E-01 0.9218706E-01 0.9423067E-01 0.9619900E-01 0.9787424E-01 0.9916636E-01 0.1001132 0.1007475 0.1012141 0.1019728 0.1043312 0.1070840 0.1070840 -9999.000 -9999.000 -9999.000 -9999.000 -9999.000 -9999.000 -9999.000 -9999.000 -9999.000 -9999.000 -9999.000 -9999.000 -9999.000 -9999.000 -9999.000 -9999.000 -9999.000 -9999.000 -9999.000 -9999.000 -9999.000 -9999.000 -9999.000 -9999.000 -9999.000 -9999.000 -9999.000 -9999.000 -9999.000
-9999.000 -9999.000 -9999.000 -9999.000 -9999.000 -9999.000 -9999.000 -9999.000 -9999.000 -9999.000 -9999.000 -9999.000 -9999.000 -9999.000 -9999.000 0.9239167E-01 0.8533700E-01 0.8381978E-01 0.8561114E-01 0.8862537E-01 0.9192941E-01 0.9517632E-01 0.9803872E-01 0.1003782 0.1022474 0.1036825 0.1048942 0.1065996 0.1108805 0.1162055 0.1162055 -9999.000 -9999.000 -9999.000 -9999.000 -9999.000 -9999.000 -9999.000 -9999.000 -9999.000 -9999.000 -9999.000 -9999.000 -9999.000 -9999.000 -9999.000 -9999.000 -9999.000 -9999.000 -9999.000 -9999.000 -9999.000 -9999.000 -9999.000 -9999.000 -9999.000 -9999.000 -9999.000 -9999.000 -9999.000
-9999.000 -9999.000 -9999.000 -9999.000 -9999.000 -9999.000 -9999.000 -9999.000 -9999.000 -9999.000 -9999.000 -9999.000 -9999.000 -9999.000 -9999.000 0.8941589E-01 0.7997115E-01 0.7789466E-01 0.8038356E-01 0.8455465E-01 0.8914796E-01 0.9371947E-01 0.9784113E-01 0.1013321 0.1042587 0.1066510 0.1087750 0.1116012 0.1180108 0.1264644 0.1264644 -9999.000 -9999.000 -9999.000 -9999.000 -9999.000 -9999.000 -9999.000 -9999.000 -9999.000 -9999.000 -9999.000 -9999.000 -9999.000 -9999.000 -9999.000 -9999.000 -9999.000 -9999.000 -9999.000 -9999.000 -9999.000 -9999.000 -9999.000 -9999.000 -9999.000 -9999.000 -9999.000 -9999.000 -9999.000
-9999.000 -9999.000 -9999.000 -9999.000 -9999.000 -9999.000 -9999.000 -9999.000 -9999.000 -9999.000 -9999.000 -9999.000 -9999.000 -9999.000 -9999.000 0.8602247E-01 0.7423574E-01 0.7161681E-01 0.7484311E-01 0.8020118E-01 0.8610694E-01 0.9203288E-01 0.9745663E-01 0.1021594 0.1062213 0.1096601 0.1127930 0.1168513 0.1255586 0.1377161 0.1377161 -9999.000 -9999.000 -9999.000 -9999.000 -9999.000 -9999.000 -9999.000 -9999.000 -9999.000 -9999.000 -9999.000 -9999.000 -9999.000 -9999.000 -9999.000 -9999.000 -9999.000 -9999.000 -9999.000 -9999.000 -9999.000 -9999.000 -9999.000 -9999.000 -9999.000 -9999.000 -9999.000 -9999.000 -9999.000
-9999.000 -9999.000 -9999.000 -9999.000 -9999.000 -9999.000 -9999.000 -9999.000 -9999.000 -9999.000 -9999.000 -9999.000 -9999.000 -9999.000 -9999.000 0.8229342E-01 0.6821395E-01 0.6509212E-01 0.6911477E-01 0.7569646E-01 0.8293504E-01 0.9023575E-01 0.9698813E-01 0.1029395 0.1081857 0.1127260 0.1169289 0.1223001 0.1334644 0.1499804 0.1499804 -9999.000 -9999.000 -9999.000 -9999.000 -9999.000 -9999.000 -9999.000 -9999.000 -9999.000 -9999.000 -9999.000 -9999.000 -9999.000 -9999.000 -9999.000 -9999.000 -9999.000 -9999.000 -9999.000 -9999.000 -9999.000 -9999.000 -9999.000 -9999.000 -9999.000 -9999.000 -9999.000 -9999.000 -9999.000
-9999.000 -9999.000 -9999.000 -9999.000 -9999.000 -9999.000 -9999.000 -9999.000 -9999.000 -9999.000 -9999.000 -9999.000 -9999.000 -9999.000 -9999.000 0.7824098E-01 0.6193463E-01 0.5838005E-01 0.6327958E-01 0.7112373E-01 0.7970911E-01 0.8839583E-01 0.9649248E-01 0.1037162 0.1101797 0.1158588 0.1211751 0.1279279 0.1417163 0.1633770 0.1633770 -9999.000 -9999.000 -9999.000 -9999.000 -9999.000 -9999.000 -9999.000 -9999.000 -9999.000 -9999.000 -9999.000 -9999.000 -9999.000 -9999.000 -9999.000 -9999.000 -9999.000 -9999.000 -9999.000 -9999.000 -9999.000 -9999.000 -9999.000 -9999.000 -9999.000 -9999.000 -9999.000 -9999.000 -9999.000
-9999.000 -9999.000 -9999.000 -9999.000 -9999.000 -9999.000 -9999.000 -9999.000 -9999.000 -9999.000 -9999.000 -9999.000 -9999.000 -9999.000 -9999.000 0.7384285E-01 0.5540235E-01 0.5153072E-01 0.5741071E-01 0.6655071E-01 0.7648432E-01 0.8655711E-01 0.9600371E-01 0.1045143 0.1122194 0.1190643 0.1255279 0.1337271 0.1503251 0.1781023 0.1781023 -9999.000 -9999.000 -9999.000 -9999.000 -9999.000 -9999.000 -9999.000 -9999.000 -9999.000 -9999.000 -9999.000 -9999.000 -9999.000 -9999.000 -9999.000 -9999.000 -9999.000 -9999.000 -9999.000 -9999.000 -9999.000 -9999.000 -9999.000 -9999.000 -9999.000 -9999.000 -9999.000 -9999.000 -9999.000
-9999.000 -9999.000 -9999.000 -9999.000 -9999.000 -9999.000 -9999.000 -9999.000 -9999.000 -9999.000 -9999.000 -9999.000 -9999.000 -9999.000 -9999.000 0.6905745E-01 0.4861465E-01 0.4461428E-01 0.5160181E-01 0.6205183E-01 0.7331274E-01 0.8475613E-01 0.9554739E-01 0.1053513 0.1143151 0.1223458 0.1299846 0.1396958 0.1593145 0.1944313 0.1944313 -9999.000 -9999.000 -9999.000 -9999.000 -9999.000 -9999.000 -9999.000 -9999.000 -9999.000 -9999.000 -9999.000 -9999.000 -9999.000 -9999.000 -9999.000 -9999.000 -9999.000 -9999.000 -9999.000 -9999.000 -9999.000 -9999.000 -9999.000 -9999.000 -9999.000 -9999.000 -9999.000 -9999.000 -9999.000
-9999.000 -9999.000 -9999.000 -9999.000 -9999.000 -9999.000 -9999.000 -9999.000 -9999.000 -9999.000 -9999.000 -9999.000 -9999.000 -9999.000 -9999.000 0.6383054E-01 0.4157579E-01 0.3776488E-01 0.4600075E-01 0.5772679E-01 0.7025652E-01 0.8303234E-01 0.9514954E-01 0.1062439 0.1164771 0.1257073 0.1345440 0.1458346 0.1687162 0.2127355 0.2127355 -9999.000 -9999.000 -9999.000 -9999.000 -9999.000 -9999.000 -9999.000 -9999.000 -9999.000 -9999.000 -9999.000 -9999.000 -9999.000 -9999.000 -9999.000 -9999.000 -9999.000 -9999.000 -9999.000 -9999.000 -9999.000 -9999.000 -9999.000 -9999.000 -9999.000 -9999.000 -9999.000 -9999.000 -9999.000
-9999.000 -9999.000 -9999.000 -9999.000 -9999.000 -9999.000 -9999.000 -9999.000 -9999.000 -9999.000 -9999.000 -9999.000 -9999.000 -9999.000 -9999.000 0.5809698E-01 0.3431939E-01 0.3127057E-01 0.4085582E-01 0.5372122E-01 0.6740023E-01 0.8143751E-01 0.9484428E-01 0.1072151 0.1187208 0.1291561 0.1392076 0.1521474 0.1785685 0.2335192 0.2335192 -9999.000 -9999.000 -9999.000 -9999.000 -9999.000 -9999.000 -9999.000 -9999.000 -9999.000 -9999.000 -9999.000 -9999.000 -9999.000 -9999.000 -9999.000 -9999.000 -9999.000 -9999.000 -9999.000 -9999.000 -9999.000 -9999.000 -9999.000 -9999.000 -9999.000 -9999.000 -9999.000 -9999.000 -9999.000
-9999.000 -9999.000 -9999.000 -9999.000 -9999.000 -9999.000 -9999.000 -9999.000 -9999.000 -9999.000 -9999.000 -9999.000 -9999.000 -9999.000 -9999.000 0.5177991E-01 0.2697304E-01 0.2576859E-01 0.3658584E-01 0.5025322E-01 0.6486615E-01 0.8004733E-01 0.9468316E-01 0.1083025 0.1210728 0.1327086 0.1439833 0.1586429 0.1889176 0.2574785 0.2574785 -9999.000 -9999.000 -9999.000 -9999.000 -9999.000 -9999.000 -9999.000 -9999.000 -9999.000 -9999.000 -9999.000 -9999.000 -9999.000 -9999.000 -9999.000 -9999.000 -9999.000 -9999.000 -9999.000 -9999.000 -9999.000 -9999.000 -9999.000 -9999.000 -9999.000 -9999.000 -9999.000 -9999.000 -9999.000
-9999.000 -9999.000 -9999.000 -9999.000 -9999.000 -9999.000 -9999.000 -9999.000 -9999.000 -9999.000 -9999.000 -9999.000 -9999.000 -9999.000 -9999.000 0.4478920E-01 0.1997328E-01 0.2255954E-01 0.3385109E-01 0.4764947E-01 0.6284071E-01 0.7898223E-01 0.9475303E-01 0.1095718 0.1235843 0.1364024 0.1488970 0.1653433 0.1998229 0.2856010 0.2856010 -9999.000 -9999.000 -9999.000 -9999.000 -9999.000 -9999.000 -9999.000 -9999.000 -9999.000 -9999.000 -9999.000 -9999.000 -9999.000 -9999.000 -9999.000 -9999.000 -9999.000 -9999.000 -9999.000 -9999.000 -9999.000 -9999.000 -9999.000 -9999.000 -9999.000 -9999.000 -9999.000 -9999.000 -9999.000
-9999.000 -9999.000 -9999.000 -9999.000 -9999.000 -9999.000 -9999.000 -9999.000 -9999.000 -9999.000 -9999.000 -9999.000 -9999.000 -9999.000 -9999.000 0.3685468E-01 0.1536450E-01 0.2423485E-01 0.3428831E-01 0.4704353E-01 0.6213850E-01 0.7884131E-01 0.9550627E-01 0.1113703 0.1265227 0.1404412 0.1541019 0.1723649 0.2114077 0.3193729 0.3193729 -9999.000 -9999.000 -9999.000 -9999.000 -9999.000 -9999.000 -9999.000 -9999.000 -9999.000 -9999.000 -9999.000 -9999.000 -9999.000 -9999.000 -9999.000 -9999.000 -9999.000 -9999.000 -9999.000 -9999.000 -9999.000 -9999.000 -9999.000 -9999.000 -9999.000 -9999.000 -9999.000 -9999.000 -9999.000
-9999.000 -9999.000 -9999.000 -9999.000 -9999.000 -9999.000 -9999.000 -9999.000 -9999.000 -9999.000 -9999.000 -9999.000 -9999.000 -9999.000 -9999.000 0.5759266E-01 0.8740048E-01 0.9895796E-01 0.9226011E-01 0.9128723E-01 0.9359969E-01 0.1001016 0.1096808 0.1210380 0.1335837 0.1461571 0.1594628 0.1787721 0.2225031 0.3580761 0.3580761 -9999.000 -9999.000 -9999.000 -9999.000 -9999.000 -9999.000 -9999.000 -9999.000 -9999.000 -9999.000 -9999.000 -9999.000 -9999.000 -9999.000 -9999.000 -9999.000 -9999.000 -9999.000 -9999.000 -9999.000 -9999.000 -9999.000 -9999.000 -9999.000 -9999.000 -9999.000 -9999.000 -9999.000 -9999.000
2.760557 2.760557 2.751342 2.780538 2.795271 2.795271 2.798163 2.798912 2.798912 2.796209 2.796209 2.790959 2.787614 2.783894 2.780026 2.780026 2.887370 2.890440 2.890273 2.867434 2.824861 2.761506 2.675520 2.567868 2.440910 2.296078 2.137725 1.976176 1.838364 1.798889 1.798889 2.621166 2.789669 2.883305 2.905933 2.905933 2.933503 2.933503 2.905969 2.905969 2.856053 2.659760 2.659760 2.217621 2.217621 1.994278 1.994278 1.994278 1.992246 1.992246 2.029595 2.029595 2.078698 2.078698 2.128135 2.128135 2.171332 2.171332 2.171332 2.204515
2.782216 2.782216 2.777842 2.830832 2.854483 2.854483 2.869139 2.892305 2.892305 2.911485 2.911485 2.927908 2.935333 2.942335 2.949133 2.949133 3.029602 3.045468 3.059557 3.068218 3.071760 3.068631 3.056068 3.031630 2.993244 2.938645 2.866782 2.778996 2.682107 2.616966 2.616966 3.055882 3.208295 3.354664 3.394034 3.394034 3.436812 3.436812 3.432009 3.432009 3.406858 3.295751 3.295751 3.054120 3.054120 2.817197 2.817197 2.817197 2.813976 2.813976 2.853189 2.853189 2.905358 2.905358 2.957412 2.957412 3.003836 3.003836 3.003836 3.041957
2.786550 2.786550 2.780912 2.832337 2.854215 2.854215 2.869537 2.893574 2.893574 2.913369 2.913369 2.930476 2.938284 2.945697 2.952952 2.952952 3.025866 3.052603 3.077363 3.098247 3.115230 3.128074 3.135913 3.137766 3.132501 3.118415 3.093883 3.058344 3.014677 2.985050 2.985050 3.235626 3.380993 3.548416 3.596745 3.596745 3.643224 3.643224 3.626646 3.626646 3.594855 3.493685 3.493685 3.333163 3.333163 3.114026 3.114026 3.114026 3.094347 3.094347 3.122346 3.122346 3.166474 3.166474 3.212393 3.212393 3.254150 3.254150 3.254150 3.288849
2.788939 2.788939 2.785457 2.833068 2.853483 2.853483 2.869127 2.893574 2.893574 2.913412 2.913412 2.930532 2.938359 2.945800 2.953130 2.953130 3.022142 3.058323 3.093012 3.123749 3.149786 3.170923 3.186957 3.197759 3.203249 3.203017 3.196494 3.183470 3.165665 3.156692 3.156692 3.311306 3.440257 3.611736 3.662898 3.662898 3.700624 3.700624 3.660514 3.660514 3.620834 3.534725 3.534725 3.436767 3.436767 3.257505 3.257505 3.257505 3.221770 3.221770 3.236478 3.236478 3.272786 3.272786 3.314189 3.314189 3.352911 3.352911 3.352911 3.385244
2.787374 2.787374 2.793272 2.834114 2.853588 2.853588 2.869449 2.894262 2.894262 2.914123 2.914123 2.931203 2.939010 2.946426 2.953792 2.953792 3.022755 3.067247 3.111004 3.150737 3.185111 3.213685 3.236318 3.253070 3.264169 3.269817 3.270181 3.265687 3.257983 3.256228 3.256228 3.355160 3.463239 3.623105 3.666758 3.666758 3.672889 3.672889 3.605101 3.605101 3.566942 3.514044 3.514044 3.471979 3.471979 3.346715 3.346715 3.346715 3.301040 3.301040 3.300772 3.300772 3.326828 3.326828 3.362243 3.362243 3.397136 3.397136 3.397136 3.426523
2.787674 2.787674 2.797774 2.834279 2.853179 2.853179 2.869175 2.894272 2.894272 2.914157 2.914157 2.931221 2.939025 2.946441 2.953904 2.953904 3.027784 3.080134 3.132226 3.180134 3.222177 3.257716 3.286571 3.308801 3.324665 3.334510 3.338758 3.338090 3.334092 3.333218 3.333218 3.395333 3.479618 3.607620 3.627575 3.627575 3.579250 3.579250 3.502302 3.502302 3.480794 3.473469 3.473469 3.477065 3.477065 3.408335 3.408335 3.408335 3.362719 3.362719 3.349607 3.349607 3.363537 3.363537 3.390689 3.390689 3.419959 3.419959 3.419959 3.445059
2.787856 2.787856 2.800459 2.834358 2.852935 2.852935 2.869001 2.894270 2.894270 2.914171 2.914171 2.931222 2.939025 2.946440 2.954039 2.954039 3.038595 3.098831 3.158599 3.213758 3.262546 3.304272 3.338744 3.366016 3.386319 3.399992 3.407481 3.409461 3.407271 3.405342 3.405342 3.441493 3.499506 3.564386 3.538893 3.538893 3.435823 3.435823 3.387964 3.387964 3.393300 3.430000 3.430000 3.466921 3.466921 3.448894 3.448894 3.448894 3.413009 3.413009 3.392627 3.392627 3.394700 3.394700 3.411767 3.411767 3.433443 3.433443 3.433443 3.452657
2.787918 2.787918 2.801353 2.834383 2.852855 2.852855 2.868942 2.894270 2.894270 2.914176 2.914176 2.931223 2.939025 2.946441 2.954233 2.954233 3.056312 3.124867 3.191806 3.253288 3.307756 3.354647 3.393844 3.425446 3.449677 3.466845 3.477341 3.481732 3.481011 3.477784 3.477784 3.494256 3.520955 3.472425 3.387266 3.387266 3.273793 3.273793 3.287910 3.287910 3.319000 3.388588 3.388588 3.448199 3.448199 3.471603 3.471603 3.471603 3.451741 3.451741 3.430969 3.430969 3.423737 3.423737 3.430027 3.430027 3.442393 3.442393 3.442393 3.454119
2.787856 2.787856 2.800459 2.834358 2.852934 2.852934 2.869000 2.894270 2.894270 2.914171 2.914171 2.931223 2.939026 2.946440 2.954502 2.954502 3.082489 3.160045 3.233741 3.300574 3.359514 3.410319 3.453074 3.487988 3.515332 3.535401 3.548532 3.555153 3.555827 3.550954 3.550954 3.548445 3.528389 3.304887 3.181654 3.181654 3.131617 3.131617 3.211415 3.211415 3.259763 3.349901 3.349901 3.424594 3.424594 3.479861 3.479861 3.479861 3.478160 3.478160 3.462915 3.462915 3.450413 3.450413 3.446600 3.446600 3.448568 3.448568 3.448568 3.451419
2.787673 2.787673 2.797774 2.834279 2.853178 2.853178 2.869176 2.894272 2.894272 2.914157 2.914157 2.931221 2.939024 2.946441 2.954875 2.954875 3.119438 3.206721 3.286673 3.357733 3.419737 3.472968 3.517835 3.554749 3.584078 3.606147 3.621257 3.629702 3.631337 3.622327 3.622327 3.589396 3.482186 3.066460 2.970321 2.970321 3.028995 3.028995 3.151142 3.151142 3.208823 3.311209 3.311209 3.396366 3.396366 3.475432 3.475432 3.475432 3.490928 3.490928 3.484866 3.484866 3.471369 3.471369 3.459346 3.459346 3.450763 3.450763 3.450763 3.443911
2.787373 2.787373 2.793272 2.834114 2.853587 2.853587 2.869449 2.894262 2.894262 2.914121 2.914121 2.931203 2.939009 2.946425 2.955382 2.955382 3.170699 3.268151 3.353495 3.427295 3.490609 3.544454 3.589689 3.626991 3.656878 3.679740 3.695877 3.705391 3.706362 3.682867 3.682867 3.576462 3.316819 2.819029 2.811261 2.811261 2.956079 2.956079 3.097585 3.097585 3.160015 3.270087 3.270087 3.362783 3.362783 3.459106 3.459106 3.459106 3.489057 3.489057 3.493313 3.493313 3.481896 3.481896 3.464156 3.464156 3.445804 3.445804 3.445804 3.429164
2.788939 2.788939 2.785459 2.833068 2.853483 2.853483 2.869128 2.893574 2.893574 2.913412 2.913412 2.930531 2.938359 2.945800 2.955509 2.955509 3.241457 3.348681 3.437727 3.512093 3.574425 3.626649 3.670160 3.705948 3.734704 3.756902 3.772852 3.782156 3.776454 3.698730 3.698730 3.420575 2.996924 2.648564 2.707186 2.707186 2.889632 2.889632 3.039558 3.039558 3.104827 3.220507 3.220507 3.318933 3.318933 3.427601 3.427601 3.427601 3.468754 3.468754 3.482508 3.482508 3.474766 3.474766 3.453647 3.453647 3.427045 3.427045 3.427045 3.401405
