simulation_files/asc/Velocity__x_71.0.asc
NCOLS        79
NROWS        79
XLLCENTER         -1.500000
YLLCENTER         -4.800000
CELLSIZE           0.100
NODATA_VALUE     -9999.0
[rows 0 to 25 of 79, columns 0 to 57 of 79]
-9999.000 -9999.000 -9999.000 -9999.000 -9999.000 -9999.000 -9999.000 -9999.000 -9999.000 -9999.000 -9999.000 -9999.000 -9999.000 -9999.000 -9999.000 0.3651114E-03 0.1602987E-02 0.3609434E-02 0.5416751E-02 0.7000989E-02 0.8381713E-02 0.9563374E-02 0.1052299E-01 0.1120224E-01 0.1149761E-01 0.1124442E-01 0.1019003E-01 0.7954380E-02 0.4058547E-02 0.1062963E-02 0.1062963E-02 -9999.000 -9999.000 -9999.000 -9999.000 -9999.000 -9999.000 -9999.000 -9999.000 -9999.000 -9999.000 -9999.000 -9999.000 -9999.000 -9999.000 -9999.000 -9999.000 -9999.000 -9999.000 -9999.000 -9999.000 -9999.000 -9999.000 -9999.000 -9999.000 -9999.000 -9999.000 -9999.000
-9999.000 -9999.000 -9999.000 -9999.000 -9999.000 -9999.000 -9999.000 -9999.000 -9999.000 -9999.000 -9999.000 -9999.000 -9999.000 -9999.000 -9999.000 0.1236844E-02 0.3584214E-02 0.6908541E-02 0.1000171E-01 0.1277115E-01 0.1518145E-01 0.1718782E-01 0.1871667E-01 0.1965459E-01 0.1983873E-01 0.1904796E-01 0.1699316E-01 0.1330920E-01 0.7637960E-02 0.2801334E-02 0.2801334E-02 -9999.000 -9999.000 -9999.000 -9999.000 -9999.000 -9999.000 -9999.000 -9999.000 -9999.000 -9999.000 -9999.000 -9999.000 -9999.000 -9999.000 -9999.000 -9999.000 -9999.000 -9999.000 -9999.000 -9999.000 -9999.000 -9999.000 -9999.000 -9999.000 -9999.000 -9999.000 -9999.000
-9999.000 -9999.000 -9999.000 -9999.000 -9999.000 -9999.000 -9999.000 -9999.000 -9999.000 -9999.000 -9999.000 -9999.000 -9999.000 -9999.000 -9999.000 0.2018895E-02 0.5352763E-02 0.9846361E-02 0.1403417E-01 0.1778773E-01 0.2103853E-01 0.2370756E-01 0.2568519E-01 0.2682045E-01 0.2691260E-01 0.2570414E-01 0.2287349E-01 0.1802869E-01 0.1079390E-01 0.4316052E-02 0.4316052E-02 -9999.000 -9999.000 -9999.000 -9999.000 -9999.000 -9999.000 -9999.000 -9999.000 -9999.000 -9999.000 -9999.000 -9999.000 -9999.000 -9999.000 -9999.000 -9999.000 -9999.000 -9999.000 -9999.000 -9999.000 -9999.000 -9999.000 -9999.000 -9999.000 -9999.000 -9999.000 -9999.000
-9999.000 -9999.000 -9999.000 -9999.000 -9999.000 -9999.000 -9999.000 -9999.000 -9999.000 -9999.000 -9999.000 -9999.000 -9999.000 -9999.000 -9999.000 0.2747902E-02 0.6979909E-02 0.1251840E-01 0.1767774E-01 0.2230213E-01 0.2629889E-01 0.2956332E-01 0.3195807E-01 0.3330134E-01 0.3335854E-01 0.3183463E-01 0.2836580E-01 0.2251053E-01 0.1383911E-01 0.5788288E-02 0.5788288E-02 -9999.000 -9999.000 -9999.000 -9999.000 -9999.000 -9999.000 -9999.000 -9999.000 -9999.000 -9999.000 -9999.000 -9999.000 -9999.000 -9999.000 -9999.000 -9999.000 -9999.000 -9999.000 -9999.000 -9999.000 -9999.000 -9999.000 -9999.000 -9999.000 -9999.000 -9999.000 -9999.000
-9999.000 -9999.000 -9999.000 -9999.000 -9999.000 -9999.000 -9999.000 -9999.000 -9999.000 -9999.000 -9999.000 -9999.000 -9999.000 -9999.000 -9999.000 0.3460818E-02 0.8542997E-02 0.1504612E-01 0.2110337E-01 0.2653978E-01 0.3124397E-01 0.3509020E-01 0.3791632E-01 0.3951086E-01 0.3960302E-01 0.3785319E-01 0.3384216E-01 0.2705760E-01 0.1698370E-01 0.7323565E-02 0.7323565E-02 -9999.000 -9999.000 -9999.000 -9999.000 -9999.000 -9999.000 -9999.000 -9999.000 -9999.000 -9999.000 -9999.000 -9999.000 -9999.000 -9999.000 -9999.000 -9999.000 -9999.000 -9999.000 -9999.000 -9999.000 -9999.000 -9999.000 -9999.000 -9999.000 -9999.000 -9999.000 -9999.000
-9999.000 -9999.000 -9999.000 -9999.000 -9999.000 -9999.000 -9999.000 -9999.000 -9999.000 -9999.000 -9999.000 -9999.000 -9999.000 -9999.000 -9999.000 0.4193981E-02 0.1011703E-01 0.1754464E-01 0.2446592E-01 0.3069521E-01 0.3610640E-01 0.4055555E-01 0.4385627E-01 0.4576540E-01 0.4597071E-01 0.4407833E-01 0.3959717E-01 0.3191992E-01 0.2040646E-01 0.9011900E-02 0.9011900E-02 -9999.000 -9999.000 -9999.000 -9999.000 -9999.000 -9999.000 -9999.000 -9999.000 -9999.000 -9999.000 -9999.000 -9999.000 -9999.000 -9999.000 -9999.000 -9999.000 -9999.000 -9999.000 -9999.000 -9999.000 -9999.000 -9999.000 -9999.000 -9999.000 -9999.000 -9999.000 -9999.000
-9999.000 -9999.000 -9999.000 -9999.000 -9999.000 -9999.000 -9999.000 -9999.000 -9999.000 -9999.000 -9999.000 -9999.000 -9999.000 -9999.000 -9999.000 0.4981582E-02 0.1177122E-01 0.2011794E-01 0.2790235E-01 0.3493708E-01 0.4108532E-01 0.4618619E-01 0.5002873E-01 0.5233479E-01 0.5274358E-01 0.5079440E-01 0.4590492E-01 0.3734209E-01 0.2429243E-01 0.1094958E-01 0.1094958E-01 -9999.000 -9999.000 -9999.000 -9999.000 -9999.000 -9999.000 -9999.000 -9999.000 -9999.000 -9999.000 -9999.000 -9999.000 -9999.000 -9999.000 -9999.000 -9999.000 -9999.000 -9999.000 -9999.000 -9999.000 -9999.000 -9999.000 -9999.000 -9999.000 -9999.000 -9999.000 -9999.000
-9999.000 -9999.000 -9999.000 -9999.000 -9999.000 -9999.000 -9999.000 -9999.000 -9999.000 -9999.000 -9999.000 -9999.000 -9999.000 -9999.000 -9999.000 0.5854724E-02 0.1356812E-01 0.2285994E-01 0.3153591E-01 0.3941750E-01 0.4636075E-01 0.5218926E-01 0.5666669E-01 0.5947566E-01 0.6019814E-01 0.5829178E-01 0.5305855E-01 0.4360039E-01 0.2886432E-01 0.1325724E-01 0.1325724E-01 -9999.000 -9999.000 -9999.000 -9999.000 -9999.000 -9999.000 -9999.000 -9999.000 -9999.000 -9999.000 -9999.000 -9999.000 -9999.000 -9999.000 -9999.000 -9999.000 -9999.000 -9999.000 -9999.000 -9999.000 -9999.000 -9999.000 -9999.000 -9999.000 -9999.000 -9999.000 -9999.000
-9999.000 -9999.000 -9999.000 -9999.000 -9999.000 -9999.000 -9999.000 -9999.000 -9999.000 -9999.000 -9999.000 -9999.000 -9999.000 -9999.000 -9999.000 0.6842164E-02 0.1556605E-01 0.2585911E-01 0.3548444E-01 0.4428354E-01 0.5210974E-01 0.5877299E-01 0.6401031E-01 0.6746099E-01 0.6863986E-01 0.6690504E-01 0.6141208E-01 0.5104621E-01 0.3442216E-01 0.1610297E-01 0.1610297E-01 -9999.000 -9999.000 -9999.000 -9999.000 -9999.000 -9999.000 -9999.000 -9999.000 -9999.000 -9999.000 -9999.000 -9999.000 -9999.000 -9999.000 -9999.000 -9999.000 -9999.000 -9999.000 -9999.000 -9999.000 -9999.000 -9999.000 -9999.000 -9999.000 -9999.000 -9999.000 -9999.000
-9999.000 -9999.000 -9999.000 -9999.000 -9999.000 -9999.000 -9999.000 -9999.000 -9999.000 -9999.000 -9999.000 -9999.000 -9999.000 -9999.000 -9999.000 0.7971087E-02 0.1782166E-01 0.2920480E-01 0.3987007E-01 0.4969181E-01 0.5852544E-01 0.6616999E-01 0.7233605E-01 0.7661480E-01 0.7844375E-01 0.7706062E-01 0.7143575E-01 0.6016779E-01 0.4140594E-01 0.1974186E-01 0.1974186E-01 -9999.000 -9999.000 -9999.000 -9999.000 -9999.000 -9999.000 -9999.000 -9999.000 -9999.000 -9999.000 -9999.000 -9999.000 -9999.000 -9999.000 -9999.000 -9999.000 -9999.000 -9999.000 -9999.000 -9999.000 -9999.000 -9999.000 -9999.000 -9999.000 -9999.000 -9999.000 -9999.000
-9999.000 -9999.000 -9999.000 -9999.000 -9999.000 -9999.000 -9999.000 -9999.000 -9999.000 -9999.000 -9999.000 -9999.000 -9999.000 -9999.000 -9999.000 0.9268136E-02 0.2039385E-01 0.3299565E-01 0.4483309E-01 0.5582690E-01 0.6584139E-01 0.7466884E-01 0.8199473E-01 0.8735964E-01 0.9011315E-01 0.8934858E-01 0.8380316E-01 0.7169422E-01 0.5050860E-01 0.2458889E-01 0.2458889E-01 -9999.000 -9999.000 -9999.000 -9999.000 -9999.000 -9999.000 -9999.000 -9999.000 -9999.000 -9999.000 -9999.000 -9999.000 -9999.000 -9999.000 -9999.000 -9999.000 -9999.000 -9999.000 -9999.000 -9999.000 -9999.000 -9999.000 -9999.000 -9999.000 -9999.000 -9999.000 -9999.000
-9999.000 -9999.000 -9999.000 -9999.000 -9999.000 -9999.000 -9999.000 -9999.000 -9999.000 -9999.000 -9999.000 -9999.000 -9999.000 -9999.000 -9999.000 0.1076219E-01 0.2334957E-01 0.3735113E-01 0.5055070E-01 0.6292892E-01 0.7436793E-01 0.8466041E-01 0.9347176E-01 0.1002921 0.1043748 0.1046446 0.9954803E-01 0.8679200E-01 0.6290454E-01 0.3137182E-01 0.3137182E-01 -9999.000 -9999.000 -9999.000 -9999.000 -9999.000 -9999.000 -9999.000 -9999.000 -9999.000 -9999.000 -9999.000 -9999.000 -9999.000 -9999.000 -9999.000 -9999.000 -9999.000 -9999.000 -9999.000 -9999.000 -9999.000 -9999.000 -9999.000 -9999.000 -9999.000 -9999.000 -9999.000
-9999.000 -9999.000 -9999.000 -9999.000 -9999.000 -9999.000 -9999.000 -9999.000 -9999.000 -9999.000 -9999.000 -9999.000 -9999.000 -9999.000 -9999.000 0.1248993E-01 0.2677843E-01 0.4243787E-01 0.5727524E-01 0.7134531E-01 0.8455985E-01 0.9672434E-01 0.1074957 0.1163212 0.1223583 0.1243447 0.1203737 0.1074740 0.8076138E-01 0.4148502E-01 0.4148502E-01 -9999.000 -9999.000 -9999.000 -9999.000 -9999.000 -9999.000 -9999.000 -9999.000 -9999.000 -9999.000 -9999.000 -9999.000 -9999.000 -9999.000 -9999.000 -9999.000 -9999.000 -9999.000 -9999.000 -9999.000 -9999.000 -9999.000 -9999.000 -9999.000 -9999.000 -9999.000 -9999.000
-9999.000 -9999.000 -9999.000 -9999.000 -9999.000 -9999.000 -9999.000 -9999.000 -9999.000 -9999.000 -9999.000 -9999.000 -9999.000 -9999.000 -9999.000 0.1461971E-01 0.3100691E-01 0.4876503E-01 0.6568649E-01 0.8191660E-01 0.9742066E-01 0.1120453 0.1254688 0.1371279 0.1461129 0.1509885 0.1494592 0.1376865 0.1086941 0.5808862E-01 0.5808862E-01 -9999.000 -9999.000 -9999.000 -9999.000 -9999.000 -9999.000 -9999.000 -9999.000 -9999.000 -9999.000 -9999.000 -9999.000 -9999.000 -9999.000 -9999.000 -9999.000 -9999.000 -9999.000 -9999.000 -9999.000 -9999.000 -9999.000 -9999.000 -9999.000 -9999.000 -9999.000 -9999.000
-9999.000 -9999.000 -9999.000 -9999.000 -9999.000 -9999.000 -9999.000 -9999.000 -9999.000 -9999.000 -9999.000 -9999.000 -9999.000 -9999.000 -9999.000 0.2935510E-01 0.5207264E-01 0.7503772E-01 0.9521797E-01 0.1135198 0.1304446 0.1462397 0.1608894 0.1740625 0.1849974 0.1922670 0.1932882 0.1832274 0.1521031 0.7946149E-01 0.7946149E-01 -9999.000 -9999.000 -9999.000 -9999.000 -9999.000 -9999.000 -9999.000 -9999.000 -9999.000 -9999.000 -9999.000 -9999.000 -9999.000 -9999.000 -9999.000 -9999.000 -9999.000 -9999.000 -9999.000 -9999.000 -9999.000 -9999.000 -9999.000 -9999.000 -9999.000 -9999.000 -9999.000
1.641113 1.641113 1.701119 1.732676 1.741446 1.741446 1.747811 1.755907 1.755907 1.760166 1.760166 1.762046 1.762523 1.539722 1.336567 1.336567 1.165316 1.099233 1.025710 0.9465386 0.8641099 0.7814608 0.7021134 0.6298217 0.5683231 0.5212730 0.4926930 0.4886783 0.5226880 0.6133288 0.6133288 1.508067 1.747878 1.827272 1.791411 1.791411 1.664341 1.664341 1.479064 1.479064 1.105249 0.9316018 0.9316018 0.9226401 0.9226401 0.9627991 0.9627991 0.9627991 1.012813 1.012813 1.057081 1.057081 1.094409 1.094409 1.138735 1.138735 1.166146 1.166146
1.655720 1.655720 1.721261 1.766945 1.783258 1.783258 1.797262 1.820680 1.820680 1.840166 1.840166 1.857130 1.865063 1.715887 1.485265 1.485265 1.407309 1.379939 1.344106 1.298981 1.244623 1.181974 1.112880 1.040214 0.9680824 0.9021761 0.8503777 0.8241583 0.8426330 0.9412878 0.9412878 1.504693 1.689247 1.806702 1.821646 1.821646 1.799874 1.799874 1.711605 1.711605 1.524666 1.236952 1.236952 1.235958 1.235958 1.286941 1.286941 1.286941 1.340221 1.340221 1.388210 1.388210 1.416195 1.416195 1.470741 1.470741 1.504626 1.504626
1.659157 1.659157 1.722735 1.767420 1.783711 1.783711 1.797817 1.821599 1.821599 1.841534 1.841534 1.859002 1.867148 1.772194 1.520101 1.520101 1.469509 1.460244 1.446014 1.425245 1.397098 1.361422 1.318794 1.270653 1.219532 1.169456 1.126688 1.101215 1.110404 1.190413 1.190413 1.591838 1.757137 1.894009 1.923547 1.923547 1.926249 1.926249 1.866340 1.866340 1.768469 1.507207 1.507207 1.472250 1.472250 1.509143 1.509143 1.509143 1.556961 1.556961 1.598203 1.598203 1.630402 1.630402 1.669892 1.669892 1.698429 1.698429
1.661836 1.661836 1.723928 1.767597 1.783731 1.783731 1.797786 1.821583 1.821583 1.841551 1.841551 1.859033 1.867127 1.812434 1.556943 1.556943 1.504519 1.502971 1.498057 1.488628 1.474092 1.454288 1.429487 1.400512 1.368946 1.337482 1.310512 1.295318 1.305122 1.371204 1.371204 1.670778 1.814339 1.948180 1.978112 1.978112 1.985993 1.985993 1.945720 1.945720 1.896363 1.711858 1.711858 1.635905 1.635905 1.662898 1.662898 1.662898 1.703929 1.703929 1.740139 1.740139 1.769098 1.769098 1.800778 1.800778 1.825570 1.825570
1.663864 1.663864 1.724883 1.767757 1.783744 1.783744 1.797745 1.821552 1.821552 1.841546 1.841546 1.859033 1.867081 1.833723 1.605091 1.605091 1.533403 1.537485 1.537924 1.534134 1.526101 1.514162 1.498911 1.481213 1.462336 1.444213 1.429873 1.424263 1.436562 1.492530 1.492530 1.728865 1.849504 1.968647 1.992852 1.992852 1.997408 1.997408 1.975837 1.975837 1.955785 1.853817 1.853817 1.767208 1.767208 1.770533 1.770533 1.770533 1.805011 1.805011 1.837515 1.837515 1.864175 1.864175 1.890808 1.890808 1.912575 1.912575
1.665291 1.665291 1.725571 1.767884 1.783751 1.783751 1.797709 1.821525 1.821525 1.841543 1.841543 1.859034 1.867050 1.847878 1.662276 1.662276 1.562659 1.572124 1.576756 1.576405 1.571540 1.563029 1.551969 1.539590 1.527270 1.516676 1.510017 1.510432 1.523419 1.570927 1.570927 1.761458 1.860824 1.956204 1.972075 1.972075 1.976558 1.976558 1.978283 1.978283 1.978446 1.941436 1.941436 1.874230 1.874230 1.853596 1.853596 1.853596 1.879201 1.879201 1.907337 1.907337 1.931604 1.931604 1.954469 1.954469 1.973242 1.973242
1.666143 1.666143 1.725981 1.767966 1.783756 1.783756 1.797684 1.821507 1.821507 1.841542 1.841542 1.859037 1.867035 1.857191 1.722826 1.722826 1.594236 1.609334 1.617988 1.620362 1.617264 1.609979 1.600066 1.589209 1.579103 1.571475 1.568158 1.570876 1.581488 1.617980 1.617980 1.769547 1.847011 1.912062 1.922115 1.922115 1.938347 1.938347 1.966913 1.966913 1.981924 1.988624 1.988624 1.954710 1.954710 1.922403 1.922403 1.922403 1.937489 1.937489 1.959693 1.959693 1.980754 1.980754 1.999939 1.999939 2.015507 2.015507
1.666428 1.666428 1.726116 1.767994 1.783757 1.783757 1.797675 1.821501 1.821501 1.841541 1.841541 1.859037 1.867030 1.863280 1.771678 1.771678 1.629118 1.649957 1.662738 1.667719 1.665869 1.658780 1.648357 1.636732 1.626003 1.618149 1.614954 1.616855 1.620307 1.640096 1.640096 1.751970 1.804434 1.841625 1.854110 1.854110 1.894868 1.894868 1.949003 1.949003 1.974859 2.009415 2.009415 2.007578 2.007578 1.979870 1.979870 1.979870 1.985755 1.985755 2.000854 2.000854 2.017335 2.017335 2.032401 2.032401 2.044536 2.044536
1.666144 1.666144 1.725981 1.767966 1.783756 1.783756 1.797684 1.821507 1.821507 1.841542 1.841542 1.859036 1.867032 1.867247 1.806078 1.806078 1.669531 1.695091 1.711483 1.718636 1.717701 1.710336 1.698642 1.685030 1.671982 1.661862 1.656620 1.654453 1.642570 1.635309 1.635309 1.705562 1.729828 1.757411 1.781751 1.781751 1.852845 1.852845 1.927770 1.927770 1.961495 2.014075 2.014075 2.036984 2.036984 2.025421 2.025421 2.025421 2.026243 2.026243 2.034460 2.034460 2.045236 2.045236 2.055537 2.055537 2.063814 2.063814
1.665291 1.665291 1.725570 1.767884 1.783752 1.783752 1.797709 1.821525 1.821525 1.841543 1.841543 1.859034 1.867039 1.869824 1.830320 1.830320 1.721681 1.746372 1.765176 1.773960 1.773414 1.765198 1.751542 1.735080 1.718614 1.704870 1.695876 1.685530 1.644421 1.599252 1.599252 1.625811 1.627302 1.673192 1.713605 1.713605 1.813750 1.813750 1.904449 1.904449 1.944069 2.008963 2.008963 2.049333 2.049333 2.058245 2.058245 2.058245 2.058964 2.058964 2.062006 2.062006 2.066812 2.066812 2.071724 2.071724 2.075674 2.075674
1.663864 1.663864 1.724883 1.767757 1.783744 1.783744 1.797746 1.821553 1.821553 1.841547 1.841547 1.859033 1.867048 1.871487 1.846819 1.846819 1.786116 1.807224 1.825926 1.834752 1.833467 1.823530 1.807151 1.787061 1.766296 1.747898 1.733725 1.707797 1.606738 1.520023 1.520023 1.509791 1.514546 1.598051 1.649100 1.649100 1.778176 1.778176 1.880804 1.880804 1.924924 1.998474 1.998474 2.050734 2.050734 2.079049 2.079049 2.079049 2.083407 2.083407 2.083725 2.083725 2.083150 2.083150 2.082434 2.082434 2.081757 2.081757
