simulation_files/asc/Velocity__x_348.0.asc
NCOLS        79
NROWS        79
XLLCENTER         -1.500000
YLLCENTER         -4.800000
CELLSIZE           0.100
NODATA_VALUE     -9999.0
[rows 0 to 25 of 79, columns 0 to 57 of 79]
-9999.000 -9999.000 -9999.000 -9999.000 -9999.000 -9999.000 -9999.000 -9999.000 -9999.000 -9999.000 -9999.000 -9999.000 -9999.000 -9999.000 -9999.000 0.7346623E-03 0.2750286E-02 0.6044518E-02 0.9180343E-02 0.1189028E-01 0.1403300E-01 0.1553530E-01 0.1639781E-01 0.1665488E-01 0.1635027E-01 0.1553983E-01 0.1423505E-01 0.1225043E-01 0.8788740E-02 0.4322467E-02 0.4322467E-02 -9999.000 -9999.000 -9999.000 -9999.000 -9999.000 -9999.000 -9999.000 -9999.000 -9999.000 -9999.000 -9999.000 -9999.000 -9999.000 -9999.000 -9999.000 -9999.000 -9999.000 -9999.000 -9999.000 -9999.000 -9999.000 -9999.000 -9999.000 -9999.000 -9999.000 -9999.000 -9999.000
-9999.000 -9999.000 -9999.000 -9999.000 -9999.000 -9999.000 -9999.000 -9999.000 -9999.000 -9999.000 -9999.000 -9999.000 -9999.000 -9999.000 -9999.000 0.1892010E-02 0.5083802E-02 0.9535023E-02 0.1374779E-01 0.1740847E-01 0.2032414E-01 0.2237558E-01 0.2352414E-01 0.2377420E-01 0.2315122E-01 0.2170034E-01 0.1943600E-01 0.1620720E-01 0.1134547E-01 0.5567935E-02 0.5567935E-02 -9999.000 -9999.000 -9999.000 -9999.000 -9999.000 -9999.000 -9999.000 -9999.000 -9999.000 -9999.000 -9999.000 -9999.000 -9999.000 -9999.000 -9999.000 -9999.000 -9999.000 -9999.000 -9999.000 -9999.000 -9999.000 -9999.000 -9999.000 -9999.000 -9999.000 -9999.000 -9999.000
-9999.000 -9999.000 -9999.000 -9999.000 -9999.000 -9999.000 -9999.000 -9999.000 -9999.000 -9999.000 -9999.000 -9999.000 -9999.000 -9999.000 -9999.000 0.2498312E-02 0.6356620E-02 0.1151990E-01 0.1637662E-01 0.2058827E-01 0.2393857E-01 0.2628914E-01 0.2758806E-01 0.2783171E-01 0.2704320E-01 0.2527281E-01 0.2254540E-01 0.1871990E-01 0.1311697E-01 0.6476061E-02 0.6476061E-02 -9999.000 -9999.000 -9999.000 -9999.000 -9999.000 -9999.000 -9999.000 -9999.000 -9999.000 -9999.000 -9999.000 -9999.000 -9999.000 -9999.000 -9999.000 -9999.000 -9999.000 -9999.000 -9999.000 -9999.000 -9999.000 -9999.000 -9999.000 -9999.000 -9999.000 -9999.000 -9999.000
-9999.000 -9999.000 -9999.000 -9999.000 -9999.000 -9999.000 -9999.000 -9999.000 -9999.000 -9999.000 -9999.000 -9999.000 -9999.000 -9999.000 -9999.000 0.2886705E-02 0.7174344E-02 0.1279708E-01 0.1807241E-01 0.2264497E-01 0.2628393E-01 0.2883983E-01 0.3025385E-01 0.3051893E-01 0.2965774E-01 0.2772363E-01 0.2474579E-01 0.2057937E-01 0.1450766E-01 0.7219824E-02 0.7219824E-02 -9999.000 -9999.000 -9999.000 -9999.000 -9999.000 -9999.000 -9999.000 -9999.000 -9999.000 -9999.000 -9999.000 -9999.000 -9999.000 -9999.000 -9999.000 -9999.000 -9999.000 -9999.000 -9999.000 -9999.000 -9999.000 -9999.000 -9999.000 -9999.000 -9999.000 -9999.000 -9999.000
-9999.000 -9999.000 -9999.000 -9999.000 -9999.000 -9999.000 -9999.000 -9999.000 -9999.000 -9999.000 -9999.000 -9999.000 -9999.000 -9999.000 -9999.000 0.3184110E-02 0.7797961E-02 0.1376674E-01 0.1935875E-01 0.2420844E-01 0.2807438E-01 0.3079885E-01 0.3231963E-01 0.3262732E-01 0.3174439E-01 0.2972664E-01 0.2660305E-01 0.2221774E-01 0.1580047E-01 0.7936710E-02 0.7936710E-02 -9999.000 -9999.000 -9999.000 -9999.000 -9999.000 -9999.000 -9999.000 -9999.000 -9999.000 -9999.000 -9999.000 -9999.000 -9999.000 -9999.000 -9999.000 -9999.000 -9999.000 -9999.000 -9999.000 -9999.000 -9999.000 -9999.000 -9999.000 -9999.000 -9999.000 -9999.000 -9999.000
-9999.000 -9999.000 -9999.000 -9999.000 -9999.000 -9999.000 -9999.000 -9999.000 -9999.000 -9999.000 -9999.000 -9999.000 -9999.000 -9999.000 -9999.000 0.3451712E-02 0.8355767E-02 0.1462729E-01 0.2049681E-01 0.2559231E-01 0.2966353E-01 0.3254673E-01 0.3417767E-01 0.3454593E-01 0.3367287E-01 0.3161674E-01 0.2840495E-01 0.2386401E-01 0.1715513E-01 0.8708285E-02 0.8708285E-02 -9999.000 -9999.000 -9999.000 -9999.000 -9999.000 -9999.000 -9999.000 -9999.000 -9999.000 -9999.000 -9999.000 -9999.000 -9999.000 -9999.000 -9999.000 -9999.000 -9999.000 -9999.000 -9999.000 -9999.000 -9999.000 -9999.000 -9999.000 -9999.000 -9999.000 -9999.000 -9999.000
-9999.000 -9999.000 -9999.000 -9999.000 -9999.000 -9999.000 -9999.000 -9999.000 -9999.000 -9999.000 -9999.000 -9999.000 -9999.000 -9999.000 -9999.000 0.3720210E-02 0.8911433E-02 0.1547817E-01 0.2161799E-01 0.2695449E-01 0.3123070E-01 0.3427715E-01 0.3602914E-01 0.3647558E-01 0.3563756E-01 0.3357533E-01 0.3031304E-01 0.2565518E-01 0.1867701E-01 0.9592838E-02 0.9592838E-02 -9999.000 -9999.000 -9999.000 -9999.000 -9999.000 -9999.000 -9999.000 -9999.000 -9999.000 -9999.000 -9999.000 -9999.000 -9999.000 -9999.000 -9999.000 -9999.000 -9999.000 -9999.000 -9999.000 -9999.000 -9999.000 -9999.000 -9999.000 -9999.000 -9999.000 -9999.000 -9999.000
-9999.000 -9999.000 -9999.000 -9999.000 -9999.000 -9999.000 -9999.000 -9999.000 -9999.000 -9999.000 -9999.000 -9999.000 -9999.000 -9999.000 -9999.000 0.4005359E-02 0.9499018E-02 0.1637256E-01 0.2279277E-01 0.2838148E-01 0.3287434E-01 0.3609778E-01 0.3798814E-01 0.3853349E-01 0.3775552E-01 0.3571654E-01 0.3243678E-01 0.2769270E-01 0.2045458E-01 0.1064391E-01 0.1064391E-01 -9999.000 -9999.000 -9999.000 -9999.000 -9999.000 -9999.000 -9999.000 -9999.000 -9999.000 -9999.000 -9999.000 -9999.000 -9999.000 -9999.000 -9999.000 -9999.000 -9999.000 -9999.000 -9999.000 -9999.000 -9999.000 -9999.000 -9999.000 -9999.000 -9999.000 -9999.000 -9999.000
-9999.000 -9999.000 -9999.000 -9999.000 -9999.000 -9999.000 -9999.000 -9999.000 -9999.000 -9999.000 -9999.000 -9999.000 -9999.000 -9999.000 -9999.000 0.4317543E-02 0.1013972E-01 0.1734406E-01 0.2406671E-01 0.2992857E-01 0.3465937E-01 0.3808211E-01 0.4013431E-01 0.4080506E-01 0.4011641E-01 0.3813408E-01 0.3487285E-01 0.3007536E-01 0.2258400E-01 0.1192238E-01 0.1192238E-01 -9999.000 -9999.000 -9999.000 -9999.000 -9999.000 -9999.000 -9999.000 -9999.000 -9999.000 -9999.000 -9999.000 -9999.000 -9999.000 -9999.000 -9999.000 -9999.000 -9999.000 -9999.000 -9999.000 -9999.000 -9999.000 -9999.000 -9999.000 -9999.000 -9999.000 -9999.000 -9999.000
-9999.000 -9999.000 -9999.000 -9999.000 -9999.000 -9999.000 -9999.000 -9999.000 -9999.000 -9999.000 -9999.000 -9999.000 -9999.000 -9999.000 -9999.000 0.4664035E-02 0.1085034E-01 0.1842001E-01 0.2547672E-01 0.3164285E-01 0.3664231E-01 0.4029450E-01 0.4254079E-01 0.4337146E-01 0.4281006E-01 0.4092684E-01 0.3773024E-01 0.3292147E-01 0.2518784E-01 0.1350928E-01 0.1350928E-01 -9999.000 -9999.000 -9999.000 -9999.000 -9999.000 -9999.000 -9999.000 -9999.000 -9999.000 -9999.000 -9999.000 -9999.000 -9999.000 -9999.000 -9999.000 -9999.000 -9999.000 -9999.000 -9999.000 -9999.000 -9999.000 -9999.000 -9999.000 -9999.000 -9999.000 -9999.000 -9999.000
-9999.000 -9999.000 -9999.000 -9999.000 -9999.000 -9999.000 -9999.000 -9999.000 -9999.000 -9999.000 -9999.000 -9999.000 -9999.000 -9999.000 -9999.000 0.5053420E-02 0.1164886E-01 0.1962967E-01 0.2706356E-01 0.3357618E-01 0.3888553E-01 0.4280897E-01 0.4529323E-01 0.4633069E-01 0.4594771E-01 0.4422090E-01 0.4115198E-01 0.3639169E-01 0.2843842E-01 0.1551986E-01 0.1551986E-01 -9999.000 -9999.000 -9999.000 -9999.000 -9999.000 -9999.000 -9999.000 -9999.000 -9999.000 -9999.000 -9999.000 -9999.000 -9999.000 -9999.000 -9999.000 -9999.000 -9999.000 -9999.000 -9999.000 -9999.000 -9999.000 -9999.000 -9999.000 -9999.000 -9999.000 -9999.000 -9999.000
-9999.000 -9999.000 -9999.000 -9999.000 -9999.000 -9999.000 -9999.000 -9999.000 -9999.000 -9999.000 -9999.000 -9999.000 -9999.000 -9999.000 -9999.000 0.5496027E-02 0.1255850E-01 0.2101094E-01 0.2888025E-01 0.3579618E-01 0.4147191E-01 0.4572378E-01 0.4850616E-01 0.4981573E-01 0.4968278E-01 0.4819334E-01 0.4534196E-01 0.4071829E-01 0.3258968E-01 0.1812539E-01 0.1812539E-01 -9999.000 -9999.000 -9999.000 -9999.000 -9999.000 -9999.000 -9999.000 -9999.000 -9999.000 -9999.000 -9999.000 -9999.000 -9999.000 -9999.000 -9999.000 -9999.000 -9999.000 -9999.000 -9999.000 -9999.000 -9999.000 -9999.000 -9999.000 -9999.000 -9999.000 -9999.000 -9999.000
-9999.000 -9999.000 -9999.000 -9999.000 -9999.000 -9999.000 -9999.000 -9999.000 -9999.000 -9999.000 -9999.000 -9999.000 -9999.000 -9999.000 -9999.000 0.6007915E-02 0.1361381E-01 0.2262021E-01 0.3100452E-01 0.3840264E-01 0.4452342E-01 0.4918358E-01 0.5234931E-01 0.5402333E-01 0.5424339E-01 0.5310920E-01 0.5060760E-01 0.4625531E-01 0.3803448E-01 0.2159262E-01 0.2159262E-01 -9999.000 -9999.000 -9999.000 -9999.000 -9999.000 -9999.000 -9999.000 -9999.000 -9999.000 -9999.000 -9999.000 -9999.000 -9999.000 -9999.000 -9999.000 -9999.000 -9999.000 -9999.000 -9999.000 -9999.000 -9999.000 -9999.000 -9999.000 -9999.000 -9999.000 -9999.000 -9999.000
-9999.000 -9999.000 -9999.000 -9999.000 -9999.000 -9999.000 -9999.000 -9999.000 -9999.000 -9999.000 -9999.000 -9999.000 -9999.000 -9999.000 -9999.000 0.6689718E-02 0.1500073E-01 0.2471373E-01 0.3374053E-01 0.4172941E-01 0.4839260E-01 0.5355678E-01 0.5720877E-01 0.5936396E-01 0.6007415E-01 0.5945988E-01 0.5750151E-01 0.5362630E-01 0.4546090E-01 0.2640611E-01 0.2640611E-01 -9999.000 -9999.000 -9999.000 -9999.000 -9999.000 -9999.000 -9999.000 -9999.000 -9999.000 -9999.000 -9999.000 -9999.000 -9999.000 -9999.000 -9999.000 -9999.000 -9999.000 -9999.000 -9999.000 -9999.000 -9999.000 -9999.000 -9999.000 -9999.000 -9999.000 -9999.000 -9999.000
-9999.000 -9999.000 -9999.000 -9999.000 -9999.000 -9999.000 -9999.000 -9999.000 -9999.000 -9999.000 -9999.000 -9999.000 -9999.000 -9999.000 -9999.000 0.3049049E-01 0.4712190E-01 0.5525086E-01 0.6253969E-01 0.6741858E-01 0.7025925E-01 0.7145328E-01 0.7139086E-01 0.7029686E-01 0.6837402E-01 0.6578288E-01 0.6244320E-01 0.5762642E-01 0.4859797E-01 0.2451344E-01 0.2451344E-01 -9999.000 -9999.000 -9999.000 -9999.000 -9999.000 -9999.000 -9999.000 -9999.000 -9999.000 -9999.000 -9999.000 -9999.000 -9999.000 -9999.000 -9999.000 -9999.000 -9999.000 -9999.000 -9999.000 -9999.000 -9999.000 -9999.000 -9999.000 -9999.000 -9999.000 -9999.000 -9999.000
2.687458 2.687458 2.663298 2.694558 2.712659 2.712659 2.716179 2.717848 2.717848 2.715899 2.715899 2.711385 2.708412 2.705065 2.701464 2.701464 2.770723 2.772635 2.758955 2.729038 2.680514 2.611205 2.520354 2.409798 2.280165 2.133905 1.975945 1.817589 1.685394 1.644500 1.644500 2.501772 2.671176 2.757307 2.776222 2.776222 2.794905 2.794905 2.752473 2.752473 2.694479 2.477171 2.477171 2.013516 2.013516 1.861806 1.861806 1.861806 1.876385 1.876385 1.919753 1.919753 1.969643 1.969643 2.017812 2.017812 2.058694 2.058694
2.709603 2.709603 2.693316 2.746207 2.770861 2.770861 2.785708 2.809187 2.809187 2.828632 2.828632 2.845308 2.852867 2.860004 2.866837 2.866837 2.919701 2.932587 2.942527 2.948855 2.949731 2.942548 2.924608 2.893831 2.847759 2.784715 2.704313 2.607859 2.507050 2.449812 2.449812 2.915789 3.075682 3.221637 3.258980 3.258980 3.296176 3.296176 3.283534 3.283534 3.252784 3.127679 3.127679 2.854995 2.854995 2.673712 2.673712 2.673712 2.687915 2.687915 2.732430 2.732430 2.785213 2.785213 2.836195 2.836195 2.880577 2.880577
2.709714 2.709714 2.694374 2.748295 2.770970 2.770970 2.786391 2.810688 2.810688 2.830693 2.830693 2.847972 2.855876 2.863385 2.870629 2.870629 2.920014 2.942051 2.962954 2.981408 2.996260 3.006263 3.010169 3.006900 2.994884 2.972461 2.938329 2.892222 2.839774 2.809012 2.809012 3.087492 3.242685 3.415463 3.463210 3.463210 3.505735 3.505735 3.483384 3.483384 3.447623 3.338346 3.338346 3.157349 3.157349 2.973880 2.973880 2.973880 2.972774 2.972774 3.007559 3.007559 3.052904 3.052904 3.097627 3.097627 3.137184 3.137184
2.712238 2.712238 2.695918 2.748820 2.770036 2.770036 2.785727 2.810596 2.810596 2.830818 2.830818 2.848159 2.856066 2.863570 2.870819 2.870819 2.919641 2.949995 2.980190 3.007591 3.030735 3.048661 3.060714 3.066569 3.065775 3.057757 3.041979 3.018361 2.990384 2.976388 2.976388 3.150228 3.290293 3.471943 3.524564 3.524564 3.562018 3.562018 3.519724 3.519724 3.478435 3.388596 3.388596 3.277726 3.277726 3.117558 3.117558 3.117558 3.099994 3.099994 3.123600 3.123600 3.162348 3.162348 3.203025 3.203025 3.239675 3.239675
2.714252 2.714252 2.696925 2.749285 2.769423 2.769423 2.785177 2.810385 2.810385 2.830751 2.830751 2.848174 2.856109 2.863629 2.870913 2.870913 2.922553 2.960699 2.999469 3.035112 3.065759 3.090387 3.108433 3.119716 3.124195 3.121880 3.112898 3.097719 3.079124 3.069922 3.069922 3.180195 3.298416 3.471154 3.518689 3.518689 3.531612 3.531612 3.468820 3.468820 3.431692 3.377406 3.377406 3.326194 3.326194 3.207318 3.207318 3.207318 3.176885 3.176885 3.186820 3.186820 3.216914 3.216914 3.252518 3.252518 3.285759 3.285759
2.715714 2.715714 2.697483 2.749613 2.769054 2.769054 2.784825 2.810249 2.810249 2.830682 2.830682 2.848132 2.856082 2.863616 2.870953 2.870953 2.929597 2.975412 3.022095 3.065227 3.102688 3.133409 3.156840 3.172801 3.181318 3.182564 3.176890 3.165009 3.149261 3.138873 3.138873 3.205740 3.297859 3.440149 3.467701 3.467701 3.437879 3.437879 3.373834 3.373834 3.354752 3.345826 3.345826 3.341683 3.341683 3.270943 3.270943 3.270943 3.235965 3.235965 3.232772 3.232772 3.252036 3.252036 3.280486 3.280486 3.308795 3.308795
2.716601 2.716601 2.697750 2.749802 2.768854 2.768854 2.784632 2.810190 2.810190 2.830660 2.830660 2.848109 2.856058 2.863593 2.870994 2.870994 2.941683 2.995374 3.049381 3.099122 3.142486 3.178463 3.206575 3.226656 3.238733 3.242983 3.239758 3.229739 3.214778 3.201384 3.201384 3.236719 3.299522 3.381075 3.370290 3.370290 3.300654 3.300654 3.269165 3.269165 3.276315 3.309835 3.309835 3.339694 3.339694 3.315087 3.315087 3.315087 3.284934 3.284934 3.272642 3.272642 3.280466 3.280466 3.299798 3.299798 3.321333 3.321333
2.716899 2.716899 2.697827 2.749863 2.768790 2.768790 2.784569 2.810172 2.810172 2.830652 2.830652 2.848101 2.856051 2.863587 2.871073 2.871073 2.959952 3.021966 3.082758 3.138120 3.186246 3.226359 3.258143 3.281521 3.296543 3.303368 3.302274 3.293797 3.279254 3.262802 3.262802 3.273868 3.302316 3.278293 3.219519 3.219519 3.151341 3.151341 3.179856 3.179856 3.210624 3.275256 3.275256 3.328211 3.328211 3.342882 3.342882 3.342882 3.324485 3.324485 3.309000 3.309000 3.306866 3.306866 3.315933 3.315933 3.328948 3.328948
2.716601 2.716601 2.697750 2.749803 2.768855 2.768855 2.784632 2.810190 2.810190 2.830658 2.830658 2.848109 2.856058 2.863593 2.871193 2.871193 2.985922 3.056799 3.123784 3.183613 3.235117 3.277951 3.312087 3.337620 3.354684 3.363431 3.364070 3.356964 3.342853 3.323356 3.323356 3.312203 3.292595 3.111977 3.028131 3.028131 3.023750 3.023750 3.109836 3.109836 3.156225 3.240932 3.240932 3.309730 3.309730 3.355834 3.355834 3.355834 3.352526 3.352526 3.339539 3.339539 3.330595 3.330595 3.329501 3.329501 3.332781 3.332781
2.715714 2.715714 2.697483 2.749614 2.769054 2.769054 2.784826 2.810248 2.810248 2.830681 2.830681 2.848132 2.856081 2.863614 2.871375 2.871375 3.021808 3.101940 3.174257 3.237077 3.290238 3.334043 3.368889 3.395122 3.413012 3.422747 3.424491 3.418421 3.404508 3.380293 3.380293 3.338351 3.235894 2.890741 2.841826 2.841826 2.931044 2.931044 3.052843 3.052843 3.107922 3.205470 3.205470 3.285573 3.285573 3.355823 3.355823 3.355823 3.367761 3.367761 3.361238 3.361238 3.349201 3.349201 3.339207 3.339207 3.332299 3.332299
2.714251 2.714251 2.696925 2.749285 2.769423 2.769423 2.785178 2.810385 2.810385 2.830751 2.830751 2.848174 2.856109 2.863629 2.871611 2.871611 3.070846 3.160054 3.236212 3.299969 3.352571 3.395188 3.428749 3.453925 3.471151 3.480686 3.482659 3.477030 3.462151 3.425397 3.425397 3.317157 3.074593 2.675329 2.706869 2.706869 2.861761 2.861761 3.000541 3.000541 3.060308 3.166745 3.166745 3.255106 3.255106 3.343262 3.343262 3.343262 3.368595 3.368595 3.370275 3.370275 3.358325 3.358325 3.341461 3.341461 3.324825 3.324825
