simulation_files/asc/Velocity__y_337.0.asc
NCOLS        79
NROWS        79
XLLCENTER         -1.500000
YLLCENTER         -4.800000
CELLSIZE           0.100
NODATA_VALUE     -9999.0
[rows 0 to 26 of 79, columns 0 to 58 of 79]
-9999.000 -9999.000 -9999.000 -9999.000 -9999.000 -9999.000 -9999.000 -9999.000 -9999.000 -9999.000 -9999.000 -9999.000 -9999.000 -9999.000 -9999.000 -0.9935974E-01 -0.9766026E-01 -0.9750493E-01 -0.9775151E-01 -0.9815924E-01 -0.9864786E-01 -0.9917020E-01 -0.9965382E-01 -0.1001131 -0.1005312 -0.1009065 -0.1012943 -0.1019102 -0.1033745 -0.1046877 -0.1046877 -9999.000 -9999.000 -9999.000 -9999.000 -9999.000 -9999.000 -9999.000 -9999.000 -9999.000 -9999.000 -9999.000 -9999.000 -9999.000 -9999.000 -9999.000 -9999.000 -9999.000 -9999.000 -9999.000 -9999.000 -9999.000 -9999.000 -9999.000 -9999.000 -9999.000 -9999.000 -9999.000 -9999.000
-9999.000 -9999.000 -9999.000 -9999.000 -9999.000 -9999.000 -9999.000 -9999.000 -9999.000 -9999.000 -9999.000 -9999.000 -9999.000 -9999.000 -9999.000 -0.9762827E-01 -0.9417114E-01 -0.9385883E-01 -0.9442895E-01 -0.9537292E-01 -0.9651553E-01 -0.9774993E-01 -0.9891718E-01 -0.1000420 -0.1010836 -0.1020354 -0.1030111 -0.1044596 -0.1076738 -0.1108809 -0.1108809 -9999.000 -9999.000 -9999.000 -9999.000 -9999.000 -9999.000 -9999.000 -9999.000 -9999.000 -9999.000 -9999.000 -9999.000 -9999.000 -9999.000 -9999.000 -9999.000 -9999.000 -9999.000 -9999.000 -9999.000 -9999.000 -9999.000 -9999.000 -9999.000 -9999.000 -9999.000 -9999.000 -9999.000
-9999.000 -9999.000 -9999.000 -9999.000 -9999.000 -9999.000 -9999.000 -9999.000 -9999.000 -9999.000 -9999.000 -9999.000 -9999.000 -9999.000 -9999.000 -0.9444198E-01 -0.8921224E-01 -0.8876836E-01 -0.8980329E-01 -0.9150067E-01 -0.9357013E-01 -0.9582847E-01 -0.9800715E-01 -0.1001350 -0.1021353 -0.1039874 -0.1058659 -0.1084811 -0.1138910 -0.1197804 -0.1197804 -9999.000 -9999.000 -9999.000 -9999.000 -9999.000 -9999.000 -9999.000 -9999.000 -9999.000 -9999.000 -9999.000 -9999.000 -9999.000 -9999.000 -9999.000 -9999.000 -9999.000 -9999.000 -9999.000 -9999.000 -9999.000 -9999.000 -9999.000 -9999.000 -9999.000 -9999.000 -9999.000 -9999.000
-9999.000 -9999.000 -9999.000 -9999.000 -9999.000 -9999.000 -9999.000 -9999.000 -9999.000 -9999.000 -9999.000 -9999.000 -9999.000 -9999.000 -9999.000 -0.9054766E-01 -0.8367108E-01 -0.8313388E-01 -0.8469753E-01 -0.8723132E-01 -0.9032717E-01 -0.9372170E-01 -0.9702969E-01 -0.1002834 -0.1033631 -0.1062298 -0.1091170 -0.1130062 -0.1207621 -0.1298748 -0.1298748 -9999.000 -9999.000 -9999.000 -9999.000 -9999.000 -9999.000 -9999.000 -9999.000 -9999.000 -9999.000 -9999.000 -9999.000 -9999.000 -9999.000 -9999.000 -9999.000 -9999.000 -9999.000 -9999.000 -9999.000 -9999.000 -9999.000 -9999.000 -9999.000 -9999.000 -9999.000 -9999.000 -9999.000
-9999.000 -9999.000 -9999.000 -9999.000 -9999.000 -9999.000 -9999.000 -9999.000 -9999.000 -9999.000 -9999.000 -9999.000 -9999.000 -9999.000 -9999.000 -0.8617453E-01 -0.7773789E-01 -0.7713053E-01 -0.7926368E-01 -0.8268677E-01 -0.8687272E-01 -0.9147429E-01 -0.9598394E-01 -0.1004394 -0.1046725 -0.1086240 -0.1125895 -0.1178368 -0.1280916 -0.1410167 -0.1410167 -9999.000 -9999.000 -9999.000 -9999.000 -9999.000 -9999.000 -9999.000 -9999.000 -9999.000 -9999.000 -9999.000 -9999.000 -9999.000 -9999.000 -9999.000 -9999.000 -9999.000 -9999.000 -9999.000 -9999.000 -9999.000 -9999.000 -9999.000 -9999.000 -9999.000 -9999.000 -9999.000 -9999.000
-9999.000 -9999.000 -9999.000 -9999.000 -9999.000 -9999.000 -9999.000 -9999.000 -9999.000 -9999.000 -9999.000 -9999.000 -9999.000 -9999.000 -9999.000 -0.8141029E-01 -0.7149193E-01 -0.7083327E-01 -0.7356637E-01 -0.7791781E-01 -0.8324008E-01 -0.8910052E-01 -0.9486215E-01 -0.1005733 -0.1060126 -0.1110989 -0.1161955 -0.1228774 -0.1357987 -0.1532254 -0.1532254 -9999.000 -9999.000 -9999.000 -9999.000 -9999.000 -9999.000 -9999.000 -9999.000 -9999.000 -9999.000 -9999.000 -9999.000 -9999.000 -9999.000 -9999.000 -9999.000 -9999.000 -9999.000 -9999.000 -9999.000 -9999.000 -9999.000 -9999.000 -9999.000 -9999.000 -9999.000 -9999.000 -9999.000
-9999.000 -9999.000 -9999.000 -9999.000 -9999.000 -9999.000 -9999.000 -9999.000 -9999.000 -9999.000 -9999.000 -9999.000 -9999.000 -9999.000 -9999.000 -0.7627364E-01 -0.6495679E-01 -0.6426664E-01 -0.6762691E-01 -0.7293928E-01 -0.7943678E-01 -0.8659901E-01 -0.9365268E-01 -0.1006632 -0.1073505 -0.1136117 -0.1198850 -0.1280786 -0.1438570 -0.1666233 -0.1666233 -9999.000 -9999.000 -9999.000 -9999.000 -9999.000 -9999.000 -9999.000 -9999.000 -9999.000 -9999.000 -9999.000 -9999.000 -9999.000 -9999.000 -9999.000 -9999.000 -9999.000 -9999.000 -9999.000 -9999.000 -9999.000 -9999.000 -9999.000 -9999.000 -9999.000 -9999.000 -9999.000 -9999.000
-9999.000 -9999.000 -9999.000 -9999.000 -9999.000 -9999.000 -9999.000 -9999.000 -9999.000 -9999.000 -9999.000 -9999.000 -9999.000 -9999.000 -9999.000 -0.7074820E-01 -0.5812806E-01 -0.5742921E-01 -0.6144405E-01 -0.6774805E-01 -0.7545647E-01 -0.8395948E-01 -0.9233924E-01 -0.1006879 -0.1086594 -0.1161301 -0.1236223 -0.1334092 -0.1522664 -0.1814163 -0.1814163 -9999.000 -9999.000 -9999.000 -9999.000 -9999.000 -9999.000 -9999.000 -9999.000 -9999.000 -9999.000 -9999.000 -9999.000 -9999.000 -9999.000 -9999.000 -9999.000 -9999.000 -9999.000 -9999.000 -9999.000 -9999.000 -9999.000 -9999.000 -9999.000 -9999.000 -9999.000 -9999.000 -9999.000
-9999.000 -9999.000 -9999.000 -9999.000 -9999.000 -9999.000 -9999.000 -9999.000 -9999.000 -9999.000 -9999.000 -9999.000 -9999.000 -9999.000 -9999.000 -0.6479811E-01 -0.5098525E-01 -0.5030541E-01 -0.5500337E-01 -0.6232899E-01 -0.7128310E-01 -0.8116382E-01 -0.9090032E-01 -0.1006232 -0.1099112 -0.1186215 -0.1273732 -0.1388426 -0.1610381 -0.1978943 -0.1978943 -9999.000 -9999.000 -9999.000 -9999.000 -9999.000 -9999.000 -9999.000 -9999.000 -9999.000 -9999.000 -9999.000 -9999.000 -9999.000 -9999.000 -9999.000 -9999.000 -9999.000 -9999.000 -9999.000 -9999.000 -9999.000 -9999.000 -9999.000 -9999.000 -9999.000 -9999.000 -9999.000 -9999.000
-9999.000 -9999.000 -9999.000 -9999.000 -9999.000 -9999.000 -9999.000 -9999.000 -9999.000 -9999.000 -9999.000 -9999.000 -9999.000 -9999.000 -9999.000 -0.5837401E-01 -0.4349636E-01 -0.4286895E-01 -0.4828042E-01 -0.5665800E-01 -0.6689221E-01 -0.7818679E-01 -0.8930733E-01 -0.1004381 -0.1110713 -0.1210477 -0.1310975 -0.1443476 -0.1701865 -0.2164535 -0.2164535 -9999.000 -9999.000 -9999.000 -9999.000 -9999.000 -9999.000 -9999.000 -9999.000 -9999.000 -9999.000 -9999.000 -9999.000 -9999.000 -9999.000 -9999.000 -9999.000 -9999.000 -9999.000 -9999.000 -9999.000 -9999.000 -9999.000 -9999.000 -9999.000 -9999.000 -9999.000 -9999.000 -9999.000
-9999.000 -9999.000 -9999.000 -9999.000 -9999.000 -9999.000 -9999.000 -9999.000 -9999.000 -9999.000 -9999.000 -9999.000 -9999.000 -9999.000 -9999.000 -0.5141430E-01 -0.3561868E-01 -0.3508282E-01 -0.4124132E-01 -0.5070171E-01 -0.6225025E-01 -0.7499371E-01 -0.8752184E-01 -0.1000915 -0.1120941 -0.1233573 -0.1347413 -0.1498803 -0.1797228 -0.2376339 -0.2376339 -9999.000 -9999.000 -9999.000 -9999.000 -9999.000 -9999.000 -9999.000 -9999.000 -9999.000 -9999.000 -9999.000 -9999.000 -9999.000 -9999.000 -9999.000 -9999.000 -9999.000 -9999.000 -9999.000 -9999.000 -9999.000 -9999.000 -9999.000 -9999.000 -9999.000 -9999.000 -9999.000 -9999.000
-9999.000 -9999.000 -9999.000 -9999.000 -9999.000 -9999.000 -9999.000 -9999.000 -9999.000 -9999.000 -9999.000 -9999.000 -9999.000 -9999.000 -9999.000 -0.4384283E-01 -0.2729632E-01 -0.2689757E-01 -0.3383961E-01 -0.4441424E-01 -0.5731132E-01 -0.7153725E-01 -0.8549169E-01 -0.9952753E-01 -0.1129168 -0.1254793 -0.1382278 -0.1553742 -0.1896466 -0.2621870 -0.2621870 -9999.000 -9999.000 -9999.000 -9999.000 -9999.000 -9999.000 -9999.000 -9999.000 -9999.000 -9999.000 -9999.000 -9999.000 -9999.000 -9999.000 -9999.000 -9999.000 -9999.000 -9999.000 -9999.000 -9999.000 -9999.000 -9999.000 -9999.000 -9999.000 -9999.000 -9999.000 -9999.000 -9999.000
-9999.000 -9999.000 -9999.000 -9999.000 -9999.000 -9999.000 -9999.000 -9999.000 -9999.000 -9999.000 -9999.000 -9999.000 -9999.000 -9999.000 -9999.000 -0.3556331E-01 -0.1845532E-01 -0.1824633E-01 -0.2601140E-01 -0.3773257E-01 -0.5201186E-01 -0.6775144E-01 -0.8314370E-01 -0.9866707E-01 -0.1134501 -0.1273115 -0.1414444 -0.1607259 -0.1999336 -0.2911881 -0.2911881 -9999.000 -9999.000 -9999.000 -9999.000 -9999.000 -9999.000 -9999.000 -9999.000 -9999.000 -9999.000 -9999.000 -9999.000 -9999.000 -9999.000 -9999.000 -9999.000 -9999.000 -9999.000 -9999.000 -9999.000 -9999.000 -9999.000 -9999.000 -9999.000 -9999.000 -9999.000 -9999.000 -9999.000
-9999.000 -9999.000 -9999.000 -9999.000 -9999.000 -9999.000 -9999.000 -9999.000 -9999.000 -9999.000 -9999.000 -9999.000 -9999.000 -9999.000 -9999.000 -0.2638753E-01 -0.8960682E-02 -0.9018064E-02 -0.1766374E-01 -0.3057324E-01 -0.4627238E-01 -0.6355438E-01 -0.8038540E-01 -0.9740654E-01 -0.1135718 -0.1287087 -0.1442260 -0.1657744 -0.2105167 -0.3262492 -0.3262492 -9999.000 -9999.000 -9999.000 -9999.000 -9999.000 -9999.000 -9999.000 -9999.000 -9999.000 -9999.000 -9999.000 -9999.000 -9999.000 -9999.000 -9999.000 -9999.000 -9999.000 -9999.000 -9999.000 -9999.000 -9999.000 -9999.000 -9999.000 -9999.000 -9999.000 -9999.000 -9999.000 -9999.000
-9999.000 -9999.000 -9999.000 -9999.000 -9999.000 -9999.000 -9999.000 -9999.000 -9999.000 -9999.000 -9999.000 -9999.000 -9999.000 -9999.000 -9999.000 -0.1535405E-02 0.5130789E-02 -0.4589407E-04 -0.1114957E-01 -0.2556523E-01 -0.4273963E-01 -0.6141707E-01 -0.7939348E-01 -0.9757295E-01 -0.1147333 -0.1307606 -0.1473291 -0.1709507 -0.2214202 -0.3674613 -0.3674613 -9999.000 -9999.000 -9999.000 -9999.000 -9999.000 -9999.000 -9999.000 -9999.000 -9999.000 -9999.000 -9999.000 -9999.000 -9999.000 -9999.000 -9999.000 -9999.000 -9999.000 -9999.000 -9999.000 -9999.000 -9999.000 -9999.000 -9999.000 -9999.000 -9999.000 -9999.000 -9999.000 -9999.000
-0.3604163E-02 -0.3604163E-02 -0.4799802E-02 -0.7076311E-02 -0.6464969E-02 -0.6464969E-02 -0.6244725E-02 -0.6160298E-02 -0.6160298E-02 -0.6153078E-02 -0.6153078E-02 -0.6135611E-02 -0.6122384E-02 -0.6107020E-02 -0.6092486E-02 -0.6092486E-02 0.1258748E-01 0.6183445E-02 -0.7517573E-02 -0.2695436E-01 -0.5100635E-01 -0.7825724E-01 -0.1068798 -0.1358363 -0.1638859 -0.1901089 -0.2144631 -0.2392509 -0.2736225 -0.3623914 -0.3623914 -0.1962468 -0.1027634 -0.3319870E-01 -0.2412556E-01 -0.2412556E-01 -0.1663801E-01 -0.1663801E-01 -0.3033927E-02 -0.3033927E-02 0.8036658E-02 0.2612162E-01 0.2612162E-01 -0.8941275E-02 -0.8941275E-02 -0.2304900E-02 -0.2304900E-02 -0.2304900E-02 0.1957889E-02 0.1957889E-02 0.2308466E-02 0.2308466E-02 0.1045170E-02 0.1045170E-02 -0.4170769E-03 -0.4170769E-03 -0.1716653E-02 -0.1716653E-02 -0.1716653E-02
-0.4793236E-02 -0.4793236E-02 -0.7484819E-02 -0.1023974E-01 -0.9144900E-02 -0.9144900E-02 -0.8736236E-02 -0.8629995E-02 -0.8629995E-02 -0.8669198E-02 -0.8669198E-02 -0.8674671E-02 -0.8666124E-02 -0.8653992E-02 -0.8647943E-02 -0.8647943E-02 0.9254612E-02 0.2647333E-02 -0.1405163E-01 -0.3975964E-01 -0.7281316E-01 -0.1115284 -0.1542821 -0.1990138 -0.2440384 -0.2876734 -0.3282481 -0.3640368 -0.3933976 -0.4176225 -0.4176225 -0.2790264 -0.1822463 -0.9123934E-01 -0.7307389E-01 -0.7307389E-01 -0.4693580E-01 -0.4693580E-01 -0.1071839E-02 -0.1071839E-02 0.3177502E-01 0.8625897E-01 0.8625897E-01 0.3898463E-01 0.3898463E-01 0.9424220E-02 0.9424220E-02 0.9424220E-02 0.6807765E-02 0.6807765E-02 0.3506288E-02 0.3506288E-02 -0.4534411E-03 -0.4534411E-03 -0.4006779E-02 -0.4006779E-02 -0.6709696E-02 -0.6709696E-02 -0.6709696E-02
-0.2281707E-02 -0.2281707E-02 -0.7231647E-02 -0.8732513E-02 -0.7835817E-02 -0.7835817E-02 -0.7375573E-02 -0.7252884E-02 -0.7252884E-02 -0.7343113E-02 -0.7343113E-02 -0.7382019E-02 -0.7383198E-02 -0.7379574E-02 -0.7391565E-02 -0.7391565E-02 0.3828519E-02 -0.3472836E-02 -0.2086543E-01 -0.4765153E-01 -0.8253664E-01 -0.1241542 -0.1712124 -0.2221041 -0.2753302 -0.3293222 -0.3823411 -0.4323298 -0.4764197 -0.5068727 -0.5068727 -0.4149852 -0.3299833 -0.2139803 -0.1756629 -0.1756629 -0.1024442 -0.1024442 0.4478826E-02 0.4478826E-02 0.6874991E-01 0.1698684 0.1698684 0.1465184 0.1465184 0.4561280E-01 0.4561280E-01 0.4561280E-01 0.1816729E-01 0.1816729E-01 0.3293900E-02 0.3293900E-02 -0.6428130E-02 -0.6428130E-02 -0.1312143E-01 -0.1312143E-01 -0.1716981E-01 -0.1716981E-01 -0.1716981E-01
-0.9142195E-03 -0.9142195E-03 -0.6273977E-02 -0.7075088E-02 -0.6358742E-02 -0.6358742E-02 -0.5915129E-02 -0.5780229E-02 -0.5780229E-02 -0.5881219E-02 -0.5881219E-02 -0.5922391E-02 -0.5921509E-02 -0.5914312E-02 -0.5934955E-02 -0.5934955E-02 -0.2022730E-02 -0.1147442E-01 -0.3044217E-01 -0.5843268E-01 -0.9442124E-01 -0.1372634 -0.1858778 -0.2390295 -0.2955199 -0.3541128 -0.4133979 -0.4715666 -0.5257886 -0.5680347 -0.5680347 -0.5206484 -0.4580857 -0.3417759 -0.2874052 -0.2874052 -0.1561493 -0.1561493 0.2111973E-01 0.2111973E-01 0.1102114 0.2350260 0.2350260 0.2350126 0.2350126 0.9313995E-01 0.9313995E-01 0.9313995E-01 0.3548901E-01 0.3548901E-01 0.3814246E-02 0.3814246E-02 -0.1439919E-01 -0.1439919E-01 -0.2510848E-01 -0.2510848E-01 -0.3037314E-01 -0.3037314E-01 -0.3037314E-01
-0.7174946E-03 -0.7174946E-03 -0.4612527E-02 -0.5318576E-02 -0.4801327E-02 -0.4801327E-02 -0.4435099E-02 -0.4314093E-02 -0.4314093E-02 -0.4409326E-02 -0.4409326E-02 -0.4449289E-02 -0.4448701E-02 -0.4441670E-02 -0.4478713E-02 -0.4478713E-02 -0.8361181E-02 -0.2139799E-01 -0.4323373E-01 -0.7340541E-01 -0.1110610 -0.1552399 -0.2050212 -0.2594170 -0.3174476 -0.3781224 -0.4403369 -0.5026535 -0.5626972 -0.6136047 -0.6136047 -0.6010067 -0.5621389 -0.4540174 -0.3825059 -0.3825059 -0.1824356 -0.1824356 0.5108357E-01 0.5108357E-01 0.1483051 0.2707022 0.2707022 0.2852277 0.2852277 0.1399395 0.1399395 0.1399395 0.5761824E-01 0.5761824E-01 0.7642795E-02 0.7642795E-02 -0.2106173E-01 -0.2106173E-01 -0.3682652E-01 -0.3682652E-01 -0.4356150E-01 -0.4356150E-01 -0.4356150E-01
-0.4959102E-03 -0.4959102E-03 -0.3022352E-02 -0.3554217E-02 -0.3215422E-02 -0.3215422E-02 -0.2955750E-02 -0.2865282E-02 -0.2865282E-02 -0.2938857E-02 -0.2938857E-02 -0.2970299E-02 -0.2970049E-02 -0.2964531E-02 -0.3025004E-02 -0.3025004E-02 -0.1556588E-01 -0.3358450E-01 -0.5969851E-01 -0.9326223E-01 -0.1334749 -0.1795201 -0.2306425 -0.2860780 -0.3450606 -0.4068069 -0.4704473 -0.5348510 -0.5981138 -0.6547416 -0.6547416 -0.6666484 -0.6475829 -0.5386788 -0.4394178 -0.4394178 -0.1669001 -0.1669001 0.8376765E-01 0.8376765E-01 0.1718356 0.2768009 0.2768009 0.2997022 0.2997022 0.1771149 0.1771149 0.1771149 0.8179815E-01 0.8179815E-01 0.1555345E-01 0.1555345E-01 -0.2462164E-01 -0.2462164E-01 -0.4647610E-01 -0.4647610E-01 -0.5516223E-01 -0.5516223E-01 -0.5516223E-01
-0.2538050E-03 -0.2538050E-03 -0.1493399E-02 -0.1780378E-02 -0.1611919E-02 -0.1611919E-02 -0.1477504E-02 -0.1429241E-02 -0.1429241E-02 -0.1469332E-02 -0.1469332E-02 -0.1486612E-02 -0.1486528E-02 -0.1483455E-02 -0.1576038E-02 -0.1576038E-02 -0.2426934E-01 -0.4873453E-01 -0.8064047E-01 -0.1189560 -0.1628010 -0.2114428 -0.2642857 -0.3207915 -0.3804375 -0.4426768 -0.5068786 -0.5721878 -0.6371036 -0.6972401 -0.6972401 -0.7251881 -0.7187607 -0.5799586 -0.4374996 -0.4374996 -0.1188478 -0.1188478 0.1039342 0.1039342 0.1744637 0.2600869 0.2600869 0.2883939 0.2883939 0.1993165 0.1993165 0.1993165 0.1039846 0.1039846 0.2670398E-01 0.2670398E-01 -0.2433413E-01 -0.2433413E-01 -0.5288149E-01 -0.5288149E-01 -0.6401698E-01 -0.6401698E-01 -0.6401698E-01
-0.1710387E-07 -0.1710387E-07 0.6089873E-07 0.1861802E-06 0.5160744E-07 0.5160744E-07 -0.1080235E-06 0.5206414E-07 0.5206414E-07 -0.1885983E-07 -0.1885983E-07 -0.1924539E-06 -0.2227792E-06 -0.1024700E-06 -0.1366027E-03 -0.1366027E-03 -0.3541992E-01 -0.6801218E-01 -0.1073629 -0.1518957 -0.2005499 -0.2526248 -0.3076721 -0.3653831 -0.4255023 -0.4877605 -0.5518050 -0.6170747 -0.6824142 -0.7440512 -0.7440512 -0.7802079 -0.7737356 -0.5549529 -0.3702738 -0.3702738 -0.6639952E-01 -0.6639952E-01 0.1045399 0.1045399 0.1585619 0.2294738 0.2294738 0.2612934 0.2612934 0.2050890 0.2050890 0.2050890 0.1200045 0.1200045 0.3893929E-01 0.3893929E-01 -0.2039886E-01 -0.2039886E-01 -0.5533493E-01 -0.5533493E-01 -0.6917536E-01 -0.6917536E-01 -0.6917536E-01
0.2539359E-03 0.2539359E-03 0.1493441E-02 0.1780525E-02 0.1612106E-02 0.1612106E-02 0.1477333E-02 0.1429437E-02 0.1429437E-02 0.1469285E-02 0.1469285E-02 0.1486173E-02 0.1486124E-02 0.1483080E-02 0.1287319E-02 0.1287319E-02 -0.5046122E-01 -0.9325422E-01 -0.1418975 -0.1941818 -0.2488295 -0.3051646 -0.3628972 -0.4219584 -0.4823786 -0.5441949 -0.6073698 -0.6716624 -0.7361523 -0.7966432 -0.7966432 -0.8301952 -0.7971435 -0.4538320 -0.2657578 -0.2657578 -0.3282696E-01 -0.3282696E-01 0.8954973E-01 0.8954973E-01 0.1318115 0.1925401 0.1925401 0.2257715 0.2257715 0.1960503 0.1960503 0.1960503 0.1268506 0.1268506 0.4944049E-01 0.4944049E-01 -0.1384990E-01 -0.1384990E-01 -0.5360946E-01 -0.5360946E-01 -0.6990185E-01 -0.6990185E-01 -0.6990185E-01
0.4960396E-03 0.4960396E-03 0.3022177E-02 0.3554242E-02 0.3215559E-02 0.3215559E-02 0.2955398E-02 0.2865324E-02 0.2865324E-02 0.2938777E-02 0.2938777E-02 0.2970093E-02 0.2969669E-02 0.2964127E-02 0.2688194E-02 0.2688194E-02 -0.7169257E-01 -0.1273593 -0.1873829 -0.2489554 -0.3106584 -0.3719163 -0.4326566 -0.4930871 -0.5535477 -0.6144004 -0.6759428 -0.7382482 -0.8002434 -0.8543059 -0.8543059 -0.8618649 -0.7497545 -0.3126298 -0.1721768 -0.1721768 -0.2128210E-01 -0.2128210E-01 0.6740057E-01 0.6740057E-01 0.1016996 0.1541968 0.1541968 0.1864971 0.1864971 0.1754224 0.1754224 0.1754224 0.1234356 0.1234356 0.5561984E-01 0.5561984E-01 -0.6258168E-02 -0.6258168E-02 -0.4796636E-01 -0.4796636E-01 -0.6576050E-01 -0.6576050E-01 -0.6576050E-01
0.7176219E-03 0.7176219E-03 0.4612421E-02 0.5318345E-02 0.4801182E-02 0.4801182E-02 0.4434934E-02 0.4314031E-02 0.4314031E-02 0.4409252E-02 0.4409252E-02 0.4449324E-02 0.4448404E-02 0.4441426E-02 0.4056202E-02 0.4056202E-02 -0.1029857 -0.1750199 -0.2487243 -0.3209663 -0.3904502 -0.4568979 -0.5205869 -0.5820820 -0.6420700 -0.7012534 -0.7602684 -0.8193972 -0.8759206 -0.9084151 -0.9084151 -0.8311989 -0.5871267 -0.1948948 -0.1148784 -0.1148784 -0.2154460E-01 -0.2154460E-01 0.4487747E-01 0.4487747E-01 0.7289177E-01 0.1170020 0.1170020 0.1461893 0.1461893 0.1467116 0.1467116 0.1467116 0.1104750 0.1104750 0.5586530E-01 0.5586530E-01 0.7188969E-03 0.7188969E-03 -0.3909403E-01 -0.3909403E-01 -0.5673121E-01 -0.5673121E-01 -0.5673121E-01
0.9144041E-03 0.9144041E-03 0.6274016E-02 0.7074981E-02 0.6358516E-02 0.6358516E-02 0.5914989E-02 0.5780057E-02 0.5780057E-02 0.5881023E-02 0.5881023E-02 0.5922365E-02 0.5921398E-02 0.5914247E-02 0.5378352E-02 0.5378352E-02 -0.1512974 -0.2441557 -0.3338178 -0.4175844 -0.4948425 -0.5659785 -0.6318440 -0.6934837 -0.7519893 -0.8084180 -0.8637339 -0.9179493 -0.9602618 -0.9194767 -0.9194767 -0.6604314 -0.3471041 -0.1263170 -0.8619994E-01 -0.8619994E-01 -0.2381746E-01 -0.2381746E-01 0.2547057E-01 0.2547057E-01 0.4757665E-01 0.8222146E-01 0.8222146E-01 0.1065634 0.1065634 0.1131188 0.1131188 0.1131188 0.8994273E-01 0.8994273E-01 0.4992396E-01 0.4992396E-01 0.5829440E-02 0.5829440E-02 -0.2794579E-01 -0.2794579E-01 -0.4329140E-01 -0.4329140E-01 -0.4329140E-01
