simulation_files/asc/Velocity__x_322.0.asc
NCOLS        79
NROWS        79
XLLCENTER         -1.500000
YLLCENTER         -4.800000
CELLSIZE           0.100
NODATA_VALUE     -9999.0
[rows 0 to 25 of 79, columns 0 to 57 of 79]
-9999.000 -9999.000 -9999.000 -9999.000 -9999.000 -9999.000 -9999.000 -9999.000 -9999.000 -9999.000 -9999.000 -9999.000 -9999.000 -9999.000 -9999.000 0.2857376E-03 0.2047768E-02 0.5539479E-02 0.9128436E-02 0.1224435E-01 0.1468434E-01 0.1636957E-01 0.1731074E-01 0.1756828E-01 0.1719702E-01 0.1626087E-01 0.1478822E-01 0.1262064E-01 0.9008736E-02 0.4430710E-02 0.4430710E-02 -9999.000 -9999.000 -9999.000 -9999.000 -9999.000 -9999.000 -9999.000 -9999.000 -9999.000 -9999.000 -9999.000 -9999.000 -9999.000 -9999.000 -9999.000 -9999.000 -9999.000 -9999.000 -9999.000 -9999.000 -9999.000 -9999.000 -9999.000 -9999.000 -9999.000 -9999.000 -9999.000
-9999.000 -9999.000 -9999.000 -9999.000 -9999.000 -9999.000 -9999.000 -9999.000 -9999.000 -9999.000 -9999.000 -9999.000 -9999.000 -9999.000 -9999.000 0.1476786E-02 0.4434994E-02 0.9064095E-02 0.1370141E-01 0.1775705E-01 0.2097228E-01 0.2321503E-01 0.2445109E-01 0.2470621E-01 0.2401511E-01 0.2243311E-01 0.1999322E-01 0.1657413E-01 0.1155576E-01 0.5667275E-02 0.5667275E-02 -9999.000 -9999.000 -9999.000 -9999.000 -9999.000 -9999.000 -9999.000 -9999.000 -9999.000 -9999.000 -9999.000 -9999.000 -9999.000 -9999.000 -9999.000 -9999.000 -9999.000 -9999.000 -9999.000 -9999.000 -9999.000 -9999.000 -9999.000 -9999.000 -9999.000 -9999.000 -9999.000
-9999.000 -9999.000 -9999.000 -9999.000 -9999.000 -9999.000 -9999.000 -9999.000 -9999.000 -9999.000 -9999.000 -9999.000 -9999.000 -9999.000 -9999.000 0.2052933E-02 0.5654380E-02 0.1098492E-01 0.1626221E-01 0.2086444E-01 0.2451059E-01 0.2704957E-01 0.2843428E-01 0.2868305E-01 0.2782864E-01 0.2593091E-01 0.2303407E-01 0.1902767E-01 0.1328352E-01 0.6552958E-02 0.6552958E-02 -9999.000 -9999.000 -9999.000 -9999.000 -9999.000 -9999.000 -9999.000 -9999.000 -9999.000 -9999.000 -9999.000 -9999.000 -9999.000 -9999.000 -9999.000 -9999.000 -9999.000 -9999.000 -9999.000 -9999.000 -9999.000 -9999.000 -9999.000 -9999.000 -9999.000 -9999.000 -9999.000
-9999.000 -9999.000 -9999.000 -9999.000 -9999.000 -9999.000 -9999.000 -9999.000 -9999.000 -9999.000 -9999.000 -9999.000 -9999.000 -9999.000 -9999.000 0.2406584E-02 0.6410821E-02 0.1218961E-01 0.1788117E-01 0.2283972E-01 0.2677010E-01 0.2951002E-01 0.3100685E-01 0.3127663E-01 0.3035100E-01 0.2829352E-01 0.2515268E-01 0.2081559E-01 0.1462094E-01 0.7269128E-02 0.7269128E-02 -9999.000 -9999.000 -9999.000 -9999.000 -9999.000 -9999.000 -9999.000 -9999.000 -9999.000 -9999.000 -9999.000 -9999.000 -9999.000 -9999.000 -9999.000 -9999.000 -9999.000 -9999.000 -9999.000 -9999.000 -9999.000 -9999.000 -9999.000 -9999.000 -9999.000 -9999.000 -9999.000
-9999.000 -9999.000 -9999.000 -9999.000 -9999.000 -9999.000 -9999.000 -9999.000 -9999.000 -9999.000 -9999.000 -9999.000 -9999.000 -9999.000 -9999.000 0.2672201E-02 0.6980057E-02 0.1309706E-01 0.1910292E-01 0.2433413E-01 0.2848627E-01 0.3138996E-01 0.3298938E-01 0.3329985E-01 0.3235210E-01 0.3021195E-01 0.2692905E-01 0.2238113E-01 0.1585755E-01 0.7956313E-02 0.7956313E-02 -9999.000 -9999.000 -9999.000 -9999.000 -9999.000 -9999.000 -9999.000 -9999.000 -9999.000 -9999.000 -9999.000 -9999.000 -9999.000 -9999.000 -9999.000 -9999.000 -9999.000 -9999.000 -9999.000 -9999.000 -9999.000 -9999.000 -9999.000 -9999.000 -9999.000 -9999.000 -9999.000
-9999.000 -9999.000 -9999.000 -9999.000 -9999.000 -9999.000 -9999.000 -9999.000 -9999.000 -9999.000 -9999.000 -9999.000 -9999.000 -9999.000 -9999.000 0.2912618E-02 0.7492376E-02 0.1390834E-01 0.2019094E-01 0.2566357E-01 0.3001554E-01 0.3307182E-01 0.3477567E-01 0.3514271E-01 0.3420211E-01 0.3202189E-01 0.2865131E-01 0.2395272E-01 0.1715254E-01 0.8695578E-02 0.8695578E-02 -9999.000 -9999.000 -9999.000 -9999.000 -9999.000 -9999.000 -9999.000 -9999.000 -9999.000 -9999.000 -9999.000 -9999.000 -9999.000 -9999.000 -9999.000 -9999.000 -9999.000 -9999.000 -9999.000 -9999.000 -9999.000 -9999.000 -9999.000 -9999.000 -9999.000 -9999.000 -9999.000
-9999.000 -9999.000 -9999.000 -9999.000 -9999.000 -9999.000 -9999.000 -9999.000 -9999.000 -9999.000 -9999.000 -9999.000 -9999.000 -9999.000 -9999.000 0.3158431E-02 0.8011805E-02 0.1472216E-01 0.2127547E-01 0.2698444E-01 0.3153458E-01 0.3474631E-01 0.3656361E-01 0.3700297E-01 0.3609213E-01 0.3390095E-01 0.3047715E-01 0.2566359E-01 0.1860760E-01 0.9543308E-02 0.9543308E-02 -9999.000 -9999.000 -9999.000 -9999.000 -9999.000 -9999.000 -9999.000 -9999.000 -9999.000 -9999.000 -9999.000 -9999.000 -9999.000 -9999.000 -9999.000 -9999.000 -9999.000 -9999.000 -9999.000 -9999.000 -9999.000 -9999.000 -9999.000 -9999.000 -9999.000 -9999.000 -9999.000
-9999.000 -9999.000 -9999.000 -9999.000 -9999.000 -9999.000 -9999.000 -9999.000 -9999.000 -9999.000 -9999.000 -9999.000 -9999.000 -9999.000 -9999.000 0.3425853E-02 0.8572122E-02 0.1559113E-01 0.2242547E-01 0.2837989E-01 0.3313817E-01 0.3651721E-01 0.3846294E-01 0.3899343E-01 0.3813474E-01 0.3595902E-01 0.3251178E-01 0.2761086E-01 0.2030735E-01 0.1055008E-01 0.1055008E-01 -9999.000 -9999.000 -9999.000 -9999.000 -9999.000 -9999.000 -9999.000 -9999.000 -9999.000 -9999.000 -9999.000 -9999.000 -9999.000 -9999.000 -9999.000 -9999.000 -9999.000 -9999.000 -9999.000 -9999.000 -9999.000 -9999.000 -9999.000 -9999.000 -9999.000 -9999.000 -9999.000
-9999.000 -9999.000 -9999.000 -9999.000 -9999.000 -9999.000 -9999.000 -9999.000 -9999.000 -9999.000 -9999.000 -9999.000 -9999.000 -9999.000 -9999.000 0.3725157E-02 0.9194860E-02 0.1654851E-01 0.2368480E-01 0.2990338E-01 0.3488848E-01 0.3845394E-01 0.4054904E-01 0.4119468E-01 0.4041476E-01 0.3828466E-01 0.3484643E-01 0.2988747E-01 0.2234179E-01 0.1177324E-01 0.1177324E-01 -9999.000 -9999.000 -9999.000 -9999.000 -9999.000 -9999.000 -9999.000 -9999.000 -9999.000 -9999.000 -9999.000 -9999.000 -9999.000 -9999.000 -9999.000 -9999.000 -9999.000 -9999.000 -9999.000 -9999.000 -9999.000 -9999.000 -9999.000 -9999.000 -9999.000 -9999.000 -9999.000
-9999.000 -9999.000 -9999.000 -9999.000 -9999.000 -9999.000 -9999.000 -9999.000 -9999.000 -9999.000 -9999.000 -9999.000 -9999.000 -9999.000 -9999.000 0.4064425E-02 0.9897182E-02 0.1762182E-01 0.2509050E-01 0.3160052E-01 0.3683899E-01 0.4061762E-01 0.4289127E-01 0.4368364E-01 0.4301684E-01 0.4097059E-01 0.3758309E-01 0.3260412E-01 0.2482554E-01 0.1328849E-01 0.1328849E-01 -9999.000 -9999.000 -9999.000 -9999.000 -9999.000 -9999.000 -9999.000 -9999.000 -9999.000 -9999.000 -9999.000 -9999.000 -9999.000 -9999.000 -9999.000 -9999.000 -9999.000 -9999.000 -9999.000 -9999.000 -9999.000 -9999.000 -9999.000 -9999.000 -9999.000 -9999.000 -9999.000
-9999.000 -9999.000 -9999.000 -9999.000 -9999.000 -9999.000 -9999.000 -9999.000 -9999.000 -9999.000 -9999.000 -9999.000 -9999.000 -9999.000 -9999.000 0.4452515E-02 0.1069812E-01 0.1884061E-01 0.2668235E-01 0.3352102E-01 0.3904888E-01 0.4307716E-01 0.4556803E-01 0.4655006E-01 0.4604305E-01 0.4413273E-01 0.4085309E-01 0.3590824E-01 0.2791706E-01 0.1520205E-01 0.1520205E-01 -9999.000 -9999.000 -9999.000 -9999.000 -9999.000 -9999.000 -9999.000 -9999.000 -9999.000 -9999.000 -9999.000 -9999.000 -9999.000 -9999.000 -9999.000 -9999.000 -9999.000 -9999.000 -9999.000 -9999.000 -9999.000 -9999.000 -9999.000 -9999.000 -9999.000 -9999.000 -9999.000
-9999.000 -9999.000 -9999.000 -9999.000 -9999.000 -9999.000 -9999.000 -9999.000 -9999.000 -9999.000 -9999.000 -9999.000 -9999.000 -9999.000 -9999.000 0.4900056E-02 0.1162082E-01 0.2024264E-01 0.2851163E-01 0.3572934E-01 0.4159657E-01 0.4592460E-01 0.4868658E-01 0.4991714E-01 0.4963462E-01 0.4793366E-01 0.4484329E-01 0.4001250E-01 0.3184910E-01 0.1767123E-01 0.1767123E-01 -9999.000 -9999.000 -9999.000 -9999.000 -9999.000 -9999.000 -9999.000 -9999.000 -9999.000 -9999.000 -9999.000 -9999.000 -9999.000 -9999.000 -9999.000 -9999.000 -9999.000 -9999.000 -9999.000 -9999.000 -9999.000 -9999.000 -9999.000 -9999.000 -9999.000 -9999.000 -9999.000
-9999.000 -9999.000 -9999.000 -9999.000 -9999.000 -9999.000 -9999.000 -9999.000 -9999.000 -9999.000 -9999.000 -9999.000 -9999.000 -9999.000 -9999.000 0.5423083E-02 0.1269998E-01 0.2188354E-01 0.3065431E-01 0.3832071E-01 0.4459628E-01 0.4929417E-01 0.5240259E-01 0.5396495E-01 0.5399920E-01 0.5261332E-01 0.4983211E-01 0.4523728E-01 0.3697726E-01 0.2093777E-01 0.2093777E-01 -9999.000 -9999.000 -9999.000 -9999.000 -9999.000 -9999.000 -9999.000 -9999.000 -9999.000 -9999.000 -9999.000 -9999.000 -9999.000 -9999.000 -9999.000 -9999.000 -9999.000 -9999.000 -9999.000 -9999.000 -9999.000 -9999.000 -9999.000 -9999.000 -9999.000 -9999.000 -9999.000
-9999.000 -9999.000 -9999.000 -9999.000 -9999.000 -9999.000 -9999.000 -9999.000 -9999.000 -9999.000 -9999.000 -9999.000 -9999.000 -9999.000 -9999.000 0.6181933E-02 0.1423442E-01 0.2417183E-01 0.3356504E-01 0.4176662E-01 0.4851761E-01 0.5364660E-01 0.5717025E-01 0.5914878E-01 0.5960459E-01 0.5866599E-01 0.5635447E-01 0.5216945E-01 0.4393643E-01 0.2544586E-01 0.2544586E-01 -9999.000 -9999.000 -9999.000 -9999.000 -9999.000 -9999.000 -9999.000 -9999.000 -9999.000 -9999.000 -9999.000 -9999.000 -9999.000 -9999.000 -9999.000 -9999.000 -9999.000 -9999.000 -9999.000 -9999.000 -9999.000 -9999.000 -9999.000 -9999.000 -9999.000 -9999.000 -9999.000
-9999.000 -9999.000 -9999.000 -9999.000 -9999.000 -9999.000 -9999.000 -9999.000 -9999.000 -9999.000 -9999.000 -9999.000 -9999.000 -9999.000 -9999.000 0.4603227E-01 0.6984758E-01 0.7999135E-01 0.7946210E-01 0.7987110E-01 0.7914606E-01 0.7748250E-01 0.7520390E-01 0.7239124E-01 0.6909653E-01 0.6539649E-01 0.6118117E-01 0.5573250E-01 0.4650760E-01 0.2326583E-01 0.2326583E-01 -9999.000 -9999.000 -9999.000 -9999.000 -9999.000 -9999.000 -9999.000 -9999.000 -9999.000 -9999.000 -9999.000 -9999.000 -9999.000 -9999.000 -9999.000 -9999.000 -9999.000 -9999.000 -9999.000 -9999.000 -9999.000 -9999.000 -9999.000 -9999.000 -9999.000 -9999.000 -9999.000
2.731150 2.731150 2.711575 2.742473 2.760734 2.760734 2.764137 2.765198 2.765198 2.762350 2.762350 2.756931 2.753554 2.749841 2.745976 2.745976 2.837308 2.839986 2.834065 2.808124 2.762805 2.696829 2.607497 2.498045 2.368755 2.221838 2.061848 1.899312 1.760534 1.711828 1.711828 2.565356 2.737314 2.828794 2.849944 2.849944 2.873805 2.873805 2.839790 2.839790 2.786268 2.580596 2.580596 2.118097 2.118097 1.936701 1.936701 1.936701 1.942431 1.942431 1.982651 1.982651 2.032210 2.032210 2.081113 2.081113 2.123290 2.123290
2.753841 2.753841 2.741127 2.795309 2.820103 2.820103 2.834885 2.857983 2.857983 2.876837 2.876837 2.892923 2.900223 2.907133 2.913832 2.913832 2.982730 2.997381 3.009789 3.017367 3.019475 3.014091 2.997997 2.969425 2.925760 2.865074 2.786680 2.692437 2.589829 2.525858 2.525858 2.988296 3.148354 3.296919 3.335707 3.335707 3.376363 3.376363 3.368163 3.368163 3.340481 3.222595 3.222595 2.965311 2.965311 2.754538 2.754538 2.754538 2.759670 2.759670 2.801552 2.801552 2.854121 2.854121 2.905730 2.905730 2.951254 2.951254
2.758579 2.758579 2.743617 2.797632 2.820141 2.820141 2.835348 2.859218 2.859218 2.878712 2.878712 2.895496 2.903179 2.910498 2.917641 2.917641 2.980718 3.005525 3.028669 3.048387 3.064084 3.075035 3.079879 3.077775 3.067218 3.046501 3.014177 2.970110 2.917944 2.884464 2.884464 3.156382 3.312135 3.487548 3.536890 3.536890 3.583265 3.583265 3.565126 3.565126 3.531229 3.424353 3.424353 3.254798 3.254798 3.052607 3.052607 3.052607 3.041878 3.041878 3.073283 3.073283 3.118105 3.118105 3.163546 3.163546 3.204343 3.204343
2.758202 2.758202 2.748091 2.798936 2.819831 2.819831 2.835114 2.859226 2.859226 2.878755 2.878755 2.895540 2.903227 2.910551 2.917732 2.917732 2.978292 3.012068 3.044835 3.073960 3.098298 3.117246 3.130172 3.136881 3.137018 3.130043 3.115391 3.093081 3.065447 3.049635 3.049635 3.218067 3.357825 3.542007 3.596592 3.596592 3.638696 3.638696 3.599685 3.599685 3.558477 3.467123 3.467123 3.363177 3.363177 3.195517 3.195517 3.195517 3.168878 3.168878 3.188006 3.188006 3.225580 3.225580 3.266716 3.266716 3.304538 3.304538
2.759622 2.759622 2.746352 2.799497 2.819515 2.819515 2.834926 2.859338 2.859338 2.878892 2.878892 2.895622 2.903282 2.910583 2.917793 2.917793 2.979529 3.021411 3.063018 3.100770 3.133002 3.158935 3.178075 3.190323 3.195704 3.194262 3.186116 3.171796 3.153403 3.142714 3.142714 3.248382 3.365435 3.540615 3.590690 3.590690 3.608552 3.608552 3.545835 3.545835 3.506757 3.449039 3.449039 3.402132 3.402132 3.284132 3.284132 3.284132 3.246827 3.246827 3.251667 3.251667 3.279685 3.279685 3.315219 3.315219 3.349387 3.349387
2.760780 2.760780 2.746723 2.799437 2.818976 2.818976 2.834542 2.859337 2.859337 2.879003 2.879003 2.895719 2.903357 2.910636 2.917901 2.917901 2.985380 3.034989 3.084660 3.130157 3.169512 3.201817 3.226596 3.243728 3.253292 3.255485 3.250652 3.239523 3.224010 3.212489 3.212489 3.275469 3.365824 3.510987 3.541739 3.541739 3.514798 3.514798 3.445997 3.445997 3.423915 3.412058 3.412058 3.411163 3.411163 3.345839 3.345839 3.345839 3.307095 3.307095 3.299143 3.299143 3.315592 3.315592 3.343301 3.343301 3.372131 3.372131
2.761485 2.761485 2.747009 2.799425 2.818650 2.818650 2.834257 2.859242 2.859242 2.879005 2.879005 2.895756 2.903398 2.910677 2.918044 2.918044 2.996724 3.054121 3.111159 3.163416 3.208888 3.246674 3.276351 3.297805 3.311103 3.316444 3.314179 3.304986 3.290435 3.276363 3.276363 3.308684 3.369742 3.455887 3.448063 3.448063 3.375003 3.375003 3.335546 3.335546 3.340221 3.372534 3.372534 3.405187 3.405187 3.387505 3.387505 3.387505 3.356537 3.356537 3.340718 3.340718 3.345495 3.345495 3.363481 3.363481 3.385041 3.385041
2.761723 2.761723 2.747101 2.799421 2.818548 2.818548 2.834163 2.859199 2.859199 2.878988 2.878988 2.895755 2.903404 2.910688 2.918209 2.918209 3.014626 3.080183 3.143975 3.201918 3.252283 3.294360 3.327878 3.352798 3.369201 3.377267 3.377279 3.369763 3.355858 3.339236 3.339236 3.348423 3.376203 3.359666 3.300141 3.300141 3.219518 3.219518 3.240333 3.240333 3.270165 3.335368 3.335368 3.390934 3.390934 3.412485 3.412485 3.412485 3.395458 3.395458 3.378156 3.378156 3.373372 3.373372 3.380741 3.380741 3.393287 3.393287
2.761490 2.761490 2.747009 2.799408 2.818646 2.818646 2.834260 2.859246 2.859246 2.879006 2.879006 2.895755 2.903398 2.910676 2.918402 2.918402 3.040570 3.114795 3.184692 3.247094 3.300890 3.345774 3.381755 3.408952 3.427521 3.437639 3.439520 3.433521 3.420276 3.401163 3.401163 3.389751 3.372413 3.199614 3.106145 3.106145 3.084423 3.084423 3.167027 3.167027 3.213679 3.299877 3.299877 3.371025 3.371025 3.423239 3.423239 3.423239 3.422550 3.422550 3.409430 3.409430 3.398738 3.398738 3.395945 3.395945 3.398338 3.398338
2.760790 2.760790 2.746722 2.799403 2.818970 2.818970 2.834548 2.859343 2.859343 2.879005 2.879005 2.895718 2.903356 2.910635 2.918656 2.918656 3.076788 3.160074 3.235175 3.300501 3.355933 3.401805 3.438534 3.466492 3.485964 3.497159 3.500249 3.495410 3.482584 3.459448 3.459448 3.420122 3.325473 2.977790 2.909899 2.909899 2.986604 2.986604 3.108526 3.108526 3.164389 3.263710 3.263710 3.345924 3.345924 3.421431 3.421431 3.421431 3.436531 3.436531 3.431225 3.431225 3.418609 3.418609 3.407300 3.407300 3.399269 3.399269
2.759635 2.759635 2.746351 2.799447 2.819506 2.819506 2.834935 2.859348 2.859348 2.878895 2.878895 2.895622 2.903281 2.910580 2.919027 2.919027 3.126584 3.218767 3.297543 3.363671 3.418444 3.463062 3.498474 3.525366 3.544193 3.555225 3.558604 3.554298 3.540758 3.506366 3.506366 3.406637 3.176894 2.750302 2.763733 2.763733 2.915367 2.915367 3.055616 3.055616 3.116244 3.224440 3.224440 3.314734 3.314734 3.407439 3.407439 3.407439 3.436058 3.436058 3.439877 3.439877 3.428474 3.428474 3.410951 3.410951 3.393158 3.393158
