simulation_files/asc/Velocity____10.0.asc
NCOLS        79
NROWS        79
XLLCENTER         -1.500000
YLLCENTER         -4.800000
CELLSIZE           0.100
NODATA_VALUE     -9999.0
[rows 0 to 26 of 79, columns 0 to 59 of 79]
-9999.000 -9999.000 -9999.000 -9999.000 -9999.000 -9999.000 -9999.000 -9999.000 -9999.000 -9999.000 -9999.000 -9999.000 -9999.000 -9999.000 -9999.000 1.350594 1.363538 1.363954 1.364102 1.364156 1.364175 1.364183 1.364184 1.364183 1.364176 1.364156 1.364102 1.363955 1.363538 1.350594 1.350594 -9999.000 -9999.000 -9999.000 -9999.000 -9999.000 -9999.000 -9999.000 -9999.000 -9999.000 -9999.000 -9999.000 -9999.000 -9999.000 -9999.000 -9999.000 -9999.000 -9999.000 -9999.000 -9999.000 -9999.000 -9999.000 -9999.000 -9999.000 -9999.000 -9999.000 -9999.000 -9999.000 -9999.000 -9999.000
-9999.000 -9999.000 -9999.000 -9999.000 -9999.000 -9999.000 -9999.000 -9999.000 -9999.000 -9999.000 -9999.000 -9999.000 -9999.000 -9999.000 -9999.000 1.335970 1.359539 1.360353 1.360715 1.360881 1.360954 1.360983 1.360991 1.360983 1.360954 1.360881 1.360715 1.360353 1.359540 1.335970 1.335970 -9999.000 -9999.000 -9999.000 -9999.000 -9999.000 -9999.000 -9999.000 -9999.000 -9999.000 -9999.000 -9999.000 -9999.000 -9999.000 -9999.000 -9999.000 -9999.000 -9999.000 -9999.000 -9999.000 -9999.000 -9999.000 -9999.000 -9999.000 -9999.000 -9999.000 -9999.000 -9999.000 -9999.000 -9999.000
-9999.000 -9999.000 -9999.000 -9999.000 -9999.000 -9999.000 -9999.000 -9999.000 -9999.000 -9999.000 -9999.000 -9999.000 -9999.000 -9999.000 -9999.000 1.323147 1.355746 1.356818 1.357371 1.357677 1.357833 1.357904 1.357924 1.357904 1.357833 1.357677 1.357371 1.356819 1.355746 1.323147 1.323147 -9999.000 -9999.000 -9999.000 -9999.000 -9999.000 -9999.000 -9999.000 -9999.000 -9999.000 -9999.000 -9999.000 -9999.000 -9999.000 -9999.000 -9999.000 -9999.000 -9999.000 -9999.000 -9999.000 -9999.000 -9999.000 -9999.000 -9999.000 -9999.000 -9999.000 -9999.000 -9999.000 -9999.000 -9999.000
-9999.000 -9999.000 -9999.000 -9999.000 -9999.000 -9999.000 -9999.000 -9999.000 -9999.000 -9999.000 -9999.000 -9999.000 -9999.000 -9999.000 -9999.000 1.311692 1.352257 1.353452 1.354111 1.354542 1.354793 1.354919 1.354957 1.354919 1.354793 1.354543 1.354111 1.353452 1.352257 1.311692 1.311692 -9999.000 -9999.000 -9999.000 -9999.000 -9999.000 -9999.000 -9999.000 -9999.000 -9999.000 -9999.000 -9999.000 -9999.000 -9999.000 -9999.000 -9999.000 -9999.000 -9999.000 -9999.000 -9999.000 -9999.000 -9999.000 -9999.000 -9999.000 -9999.000 -9999.000 -9999.000 -9999.000 -9999.000 -9999.000
-9999.000 -9999.000 -9999.000 -9999.000 -9999.000 -9999.000 -9999.000 -9999.000 -9999.000 -9999.000 -9999.000 -9999.000 -9999.000 -9999.000 -9999.000 1.301237 1.349089 1.350321 1.350986 1.351494 1.351828 1.352011 1.352068 1.352011 1.351828 1.351494 1.350986 1.350321 1.349089 1.301237 1.301237 -9999.000 -9999.000 -9999.000 -9999.000 -9999.000 -9999.000 -9999.000 -9999.000 -9999.000 -9999.000 -9999.000 -9999.000 -9999.000 -9999.000 -9999.000 -9999.000 -9999.000 -9999.000 -9999.000 -9999.000 -9999.000 -9999.000 -9999.000 -9999.000 -9999.000 -9999.000 -9999.000 -9999.000 -9999.000
-9999.000 -9999.000 -9999.000 -9999.000 -9999.000 -9999.000 -9999.000 -9999.000 -9999.000 -9999.000 -9999.000 -9999.000 -9999.000 -9999.000 -9999.000 1.291500 1.346216 1.347454 1.348039 1.348559 1.348942 1.349169 1.349243 1.349169 1.348942 1.348559 1.348039 1.347454 1.346216 1.291500 1.291500 -9999.000 -9999.000 -9999.000 -9999.000 -9999.000 -9999.000 -9999.000 -9999.000 -9999.000 -9999.000 -9999.000 -9999.000 -9999.000 -9999.000 -9999.000 -9999.000 -9999.000 -9999.000 -9999.000 -9999.000 -9999.000 -9999.000 -9999.000 -9999.000 -9999.000 -9999.000 -9999.000 -9999.000 -9999.000
-9999.000 -9999.000 -9999.000 -9999.000 -9999.000 -9999.000 -9999.000 -9999.000 -9999.000 -9999.000 -9999.000 -9999.000 -9999.000 -9999.000 -9999.000 1.282284 1.343593 1.344847 1.345293 1.345761 1.346147 1.346395 1.346479 1.346395 1.346147 1.345761 1.345293 1.344847 1.343593 1.282284 1.282284 -9999.000 -9999.000 -9999.000 -9999.000 -9999.000 -9999.000 -9999.000 -9999.000 -9999.000 -9999.000 -9999.000 -9999.000 -9999.000 -9999.000 -9999.000 -9999.000 -9999.000 -9999.000 -9999.000 -9999.000 -9999.000 -9999.000 -9999.000 -9999.000 -9999.000 -9999.000 -9999.000 -9999.000 -9999.000
-9999.000 -9999.000 -9999.000 -9999.000 -9999.000 -9999.000 -9999.000 -9999.000 -9999.000 -9999.000 -9999.000 -9999.000 -9999.000 -9999.000 -9999.000 1.273457 1.341173 1.342480 1.342756 1.343120 1.343461 1.343698 1.343782 1.343698 1.343462 1.343119 1.342756 1.342480 1.341173 1.273457 1.273457 -9999.000 -9999.000 -9999.000 -9999.000 -9999.000 -9999.000 -9999.000 -9999.000 -9999.000 -9999.000 -9999.000 -9999.000 -9999.000 -9999.000 -9999.000 -9999.000 -9999.000 -9999.000 -9999.000 -9999.000 -9999.000 -9999.000 -9999.000 -9999.000 -9999.000 -9999.000 -9999.000 -9999.000 -9999.000
-9999.000 -9999.000 -9999.000 -9999.000 -9999.000 -9999.000 -9999.000 -9999.000 -9999.000 -9999.000 -9999.000 -9999.000 -9999.000 -9999.000 -9999.000 1.264935 1.338914 1.340318 1.340420 1.340644 1.340901 1.341096 1.341169 1.341096 1.340901 1.340644 1.340420 1.340318 1.338914 1.264935 1.264935 -9999.000 -9999.000 -9999.000 -9999.000 -9999.000 -9999.000 -9999.000 -9999.000 -9999.000 -9999.000 -9999.000 -9999.000 -9999.000 -9999.000 -9999.000 -9999.000 -9999.000 -9999.000 -9999.000 -9999.000 -9999.000 -9999.000 -9999.000 -9999.000 -9999.000 -9999.000 -9999.000 -9999.000 -9999.000
-9999.000 -9999.000 -9999.000 -9999.000 -9999.000 -9999.000 -9999.000 -9999.000 -9999.000 -9999.000 -9999.000 -9999.000 -9999.000 -9999.000 -9999.000 1.256666 1.336780 1.338330 1.338268 1.338337 1.338480 1.338609 1.338660 1.338609 1.338481 1.338337 1.338268 1.338330 1.336780 1.256667 1.256667 -9999.000 -9999.000 -9999.000 -9999.000 -9999.000 -9999.000 -9999.000 -9999.000 -9999.000 -9999.000 -9999.000 -9999.000 -9999.000 -9999.000 -9999.000 -9999.000 -9999.000 -9999.000 -9999.000 -9999.000 -9999.000 -9999.000 -9999.000 -9999.000 -9999.000 -9999.000 -9999.000 -9999.000 -9999.000
-9999.000 -9999.000 -9999.000 -9999.000 -9999.000 -9999.000 -9999.000 -9999.000 -9999.000 -9999.000 -9999.000 -9999.000 -9999.000 -9999.000 -9999.000 1.248620 1.334746 1.336482 1.336279 1.336193 1.336209 1.336257 1.336280 1.336257 1.336209 1.336193 1.336279 1.336483 1.334746 1.248620 1.248620 -9999.000 -9999.000 -9999.000 -9999.000 -9999.000 -9999.000 -9999.000 -9999.000 -9999.000 -9999.000 -9999.000 -9999.000 -9999.000 -9999.000 -9999.000 -9999.000 -9999.000 -9999.000 -9999.000 -9999.000 -9999.000 -9999.000 -9999.000 -9999.000 -9999.000 -9999.000 -9999.000 -9999.000 -9999.000
-9999.000 -9999.000 -9999.000 -9999.000 -9999.000 -9999.000 -9999.000 -9999.000 -9999.000 -9999.000 -9999.000 -9999.000 -9999.000 -9999.000 -9999.000 1.240775 1.332791 1.334749 1.334431 1.334204 1.334094 1.334055 1.334048 1.334055 1.334094 1.334204 1.334432 1.334750 1.332791 1.240775 1.240775 -9999.000 -9999.000 -9999.000 -9999.000 -9999.000 -9999.000 -9999.000 -9999.000 -9999.000 -9999.000 -9999.000 -9999.000 -9999.000 -9999.000 -9999.000 -9999.000 -9999.000 -9999.000 -9999.000 -9999.000 -9999.000 -9999.000 -9999.000 -9999.000 -9999.000 -9999.000 -9999.000 -9999.000 -9999.000
-9999.000 -9999.000 -9999.000 -9999.000 -9999.000 -9999.000 -9999.000 -9999.000 -9999.000 -9999.000 -9999.000 -9999.000 -9999.000 -9999.000 -9999.000 0.7152297 1.093345 1.296968 1.325219 1.330335 1.331568 1.331858 1.331936 1.332005 1.332133 1.332359 1.332707 1.333111 1.330904 1.233119 1.233119 -9999.000 -9999.000 -9999.000 -9999.000 -9999.000 -9999.000 -9999.000 -9999.000 -9999.000 -9999.000 -9999.000 -9999.000 -9999.000 -9999.000 -9999.000 -9999.000 -9999.000 -9999.000 -9999.000 -9999.000 -9999.000 -9999.000 -9999.000 -9999.000 -9999.000 -9999.000 -9999.000 -9999.000 -9999.000
-9999.000 -9999.000 -9999.000 -9999.000 -9999.000 -9999.000 -9999.000 -9999.000 -9999.000 -9999.000 -9999.000 -9999.000 -9999.000 -9999.000 -9999.000 0.3397177 0.5243543 0.6561142 0.8248450 1.074376 1.264997 1.313562 1.325323 1.328716 1.329902 1.330521 1.331051 1.331540 1.329073 1.225640 1.225640 -9999.000 -9999.000 -9999.000 -9999.000 -9999.000 -9999.000 -9999.000 -9999.000 -9999.000 -9999.000 -9999.000 -9999.000 -9999.000 -9999.000 -9999.000 -9999.000 -9999.000 -9999.000 -9999.000 -9999.000 -9999.000 -9999.000 -9999.000 -9999.000 -9999.000 -9999.000 -9999.000 -9999.000 -9999.000
-9999.000 -9999.000 -9999.000 -9999.000 -9999.000 -9999.000 -9999.000 -9999.000 -9999.000 -9999.000 -9999.000 -9999.000 -9999.000 -9999.000 -9999.000 0.2214885 0.3984572 0.4979309 0.5650798 0.6387047 0.7424655 0.9120703 1.159760 1.277522 1.314053 1.324654 1.328213 1.329642 1.327181 1.218255 1.218255 -9999.000 -9999.000 -9999.000 -9999.000 -9999.000 -9999.000 -9999.000 -9999.000 -9999.000 -9999.000 -9999.000 -9999.000 -9999.000 -9999.000 -9999.000 -9999.000 -9999.000 -9999.000 -9999.000 -9999.000 -9999.000 -9999.000 -9999.000 -9999.000 -9999.000 -9999.000 -9999.000 -9999.000 -9999.000
0.6122283 0.6122283 0.5553325 0.5071023 0.4836780 0.4836780 0.4605456 0.4152696 0.4152696 0.3659537 0.3659537 0.3078705 0.2745488 0.2374442 0.1955692 0.1955692 0.3494515 0.4532890 0.5294488 0.5930095 0.6336429 0.6689074 0.7324917 0.8743959 1.093926 1.237186 1.295168 1.317650 1.332955 1.312484 1.312484 0.6385388 0.6878541E-01 0.4848549E-01 0.2536457E-01 0.2536457E-01 0.5160148E-01 0.5160148E-01 0.4481426E-01 0.4481426E-01 0.4360130E-01 0.6748717E-01 0.6748717E-01 0.1254866 0.1254866 0.1971170 0.1971170 0.1971170 0.2466432 0.2466432 0.2871292 0.2871292 0.3168214 0.3168214 0.3380937 0.3380937 0.3493595 0.3493595 0.3493595 0.3495557
0.6183810 0.6183810 0.5609697 0.5165734 0.4947097 0.4947097 0.4728768 0.4295279 0.4295279 0.3821042 0.3821042 0.3282877 0.2994040 0.2694058 0.2387564 0.2387564 0.3443835 0.4390863 0.5186509 0.5846152 0.6282598 0.6618427 0.6955036 0.7253892 0.7785445 0.9176696 1.108258 1.233739 1.307091 1.330794 1.330794 1.055526 0.6324837 0.4724208E-01 0.1171378E-01 0.1171378E-01 0.9346376E-01 0.9346376E-01 0.1276314 0.1276314 0.1637364 0.2292650 0.2292650 0.2941903 0.2941903 0.3636813 0.3636813 0.3636813 0.4077713 0.4077713 0.4501701 0.4501701 0.4826913 0.4826913 0.5073723 0.5073723 0.5209929 0.5209929 0.5209929 0.5222865
0.6208348 0.6208348 0.5614765 0.5192463 0.4986554 0.4986554 0.4782952 0.4387169 0.4387169 0.3965068 0.3965068 0.3497427 0.3252440 0.3002917 0.2754317 0.2754317 0.3467834 0.4313291 0.5115637 0.5798942 0.6289511 0.6681938 0.7029837 0.7308579 0.7620203 0.8015479 0.8783496 1.040374 1.191143 1.284348 1.284348 1.189607 0.7534717 0.3556698E-01 -9999.000 0.1087951 0.8750793E-01 0.8750793E-01 0.2027991 0.2027991 0.2781481 0.3889006 0.3889006 0.4624267 0.4624267 0.5142119 0.5142119 0.5142119 0.5371496 0.5371496 0.5632116 0.5632116 0.5912538 0.5912538 0.6080406 0.6080406 0.6150049 0.6150049 0.6150049 0.6040508
0.6234655 0.6234655 0.5616891 0.5214269 0.5018709 0.5018709 0.4826798 0.4461694 0.4461694 0.4084560 0.4084560 0.3679874 0.3473825 0.3268048 0.3066898 0.3066898 0.3542776 0.4273426 0.5055633 0.5757456 0.6303509 0.6753986 0.7139074 0.7461481 0.7787890 0.8128796 0.8540128 0.9146457 1.045341 1.174660 1.174660 1.216353 1.038955 0.7135372E-01 0.2682378 0.2682378 0.8962414E-01 0.8962414E-01 0.2999209 0.2999209 0.3963715 0.5327848 0.5327848 0.6262410 0.6262410 0.6716126 0.6716126 0.6716126 0.6835140 0.6835140 0.6909799 0.6909799 0.6939732 0.6939732 0.6922539 0.6922539 0.6815628 0.6815628 0.6815628 0.6571296
0.6265190 0.6265190 0.5619604 0.5239448 0.5054646 0.5054646 0.4874257 0.4537964 0.4537964 0.4201789 0.4201789 0.3853321 0.3681512 0.3513754 0.3352918 0.3352918 0.3667426 0.4277725 0.5012226 0.5718873 0.6312736 0.6817980 0.7247472 0.7615676 0.7972009 0.8331890 0.8727167 0.9184666 0.9804973 1.083522 1.083522 1.189026 1.164821 0.9021782 0.6950511 0.6950511 0.2841818 0.2841818 0.4252531 0.4252531 0.5305750 0.6762849 0.6762849 0.7575541 0.7575541 0.7994387 0.7994387 0.7994387 0.8049451 0.8049451 0.7974826 0.7974826 0.7827747 0.7827747 0.7634259 0.7634259 0.7388341 0.7388341 0.7388341 0.7072494
0.6299698 0.6299698 0.5622993 0.5268538 0.5095441 0.5095441 0.4927196 0.4620124 0.4620124 0.4323920 0.4323920 0.4028420 0.3888002 0.3754539 0.3629487 0.3629487 0.3841006 0.4336453 0.5000780 0.5692281 0.6318154 0.6869945 0.7344617 0.7756570 0.8142609 0.8523050 0.8925280 0.9365927 0.9874167 1.052462 1.052462 1.159229 1.182127 1.042802 0.9310835 0.9310835 0.5181562 0.5181562 0.5750236 0.5750236 0.6752866 0.8026775 0.8026775 0.8717165 0.8717165 0.9018236 0.9018236 0.9018236 0.8996799 0.8996799 0.8832653 0.8832653 0.8581715 0.8581715 0.8281496 0.8281496 0.7946874 0.7946874 0.7946874 0.7573188
0.6337511 0.6337511 0.5627080 0.5301012 0.5140470 0.5140470 0.4985027 0.4708154 0.4708154 0.4452410 0.4452410 0.4209429 0.4099554 0.3999014 0.3907989 0.3907989 0.4062732 0.4457254 0.5037655 0.5692337 0.6328904 0.6913633 0.7428346 0.7880179 0.8294838 0.8693605 0.9101648 0.9536878 1.002068 1.058544 1.058544 1.150763 1.182250 1.122185 1.058106 1.058106 0.7156866 0.7156866 0.7358826 0.7358826 0.8010353 0.9030760 0.9030760 0.9646338 0.9646338 0.9909288 0.9909288 0.9909288 0.9848451 0.9848451 0.9628480 0.9628480 0.9306328 0.9306328 0.8926345 0.8926345 0.8514975 0.8514975 0.8514975 0.8079363
0.6377348 0.6377348 0.5631667 0.5335560 0.5188047 0.5188047 0.5045804 0.4800007 0.4800007 0.4585924 0.4585924 0.4397174 0.4318865 0.4252324 0.4196514 0.4196514 0.4332978 0.4645174 0.5137330 0.5736042 0.6359687 0.6959255 0.7503412 0.7988471 0.8429309 0.8844679 0.9257191 0.9685639 1.015134 1.069750 1.069750 1.153808 1.190468 1.159581 1.069979 1.069979 0.8187051 0.8187051 0.8774388 0.8774388 0.9219741 0.9951295 0.9951295 1.043329 1.043329 1.064526 1.064526 1.064526 1.058128 1.058128 1.035082 1.035082 0.9996519 0.9996519 0.9563105 0.9563105 0.9086911 0.9086911 0.9086911 0.8588790
0.6417552 0.6417552 0.5636666 0.5370774 0.5236312 0.5236312 0.5107324 0.4893109 0.4893109 0.4722168 0.4722168 0.4590998 0.4546998 0.4518026 0.4501874 0.4501874 0.4654423 0.4904183 0.5311684 0.5840634 0.6428589 0.7022076 0.7580453 0.8088579 0.8550539 0.8979951 0.9395928 0.9816896 1.026451 1.079078 1.079078 1.156936 1.197991 1.102247 0.9830121 0.9830121 0.8758525 0.8758525 0.9686279 0.9686279 1.008946 1.070954 1.070954 1.110659 1.110659 1.126127 1.126127 1.126127 1.118913 1.118913 1.096166 1.096166 1.060494 1.060494 1.015126 1.015126 0.9635142 0.9635142 0.9635142 0.9086313
0.6456153 0.6456153 0.5642117 0.5405347 0.5283520 0.5283520 0.5167494 0.4984874 0.4984874 0.4858551 0.4858551 0.4789616 0.4784364 0.4799368 0.4831508 0.4831508 0.5033657 0.5239158 0.5570481 0.6022101 0.6554918 0.7120602 0.7674558 0.8191887 0.8666332 0.9104634 0.9521195 0.9932500 1.035910 1.085326 1.085326 1.150120 1.145253 0.9535869 0.8875025 0.8875025 0.9273452 0.9273452 1.028417 1.028417 1.067032 1.125302 1.125302 1.161974 1.161974 1.175199 1.175199 1.175199 1.167676 1.167676 1.145478 1.145478 1.110611 1.110611 1.065363 1.065363 1.012361 1.012361 1.012361 0.9545129
0.6491114 0.6491114 0.5648426 0.5438487 0.5328521 0.5328521 0.5224870 0.5073240 0.5073240 0.4992603 0.4992603 0.4991426 0.5031139 0.5100135 0.5195590 0.5195590 0.5483965 0.5658507 0.5923032 0.6294737 0.6757478 0.7274718 0.7803615 0.8312744 0.8786564 0.9223549 0.9630782 1.001671 1.038255 1.069386 1.069386 1.062172 0.9664307 0.8452955 0.8500112 0.8500112 0.9630184 0.9630184 1.065229 1.065229 1.103627 1.161662 1.161662 1.198208 1.198208 1.211863 1.211863 1.211863 1.204882 1.204882 1.183586 1.183586 1.149874 1.149874 1.105655 1.105655 1.052914 1.052914 1.052914 0.9940602
0.6520429 0.6520429 0.5656474 0.5469890 0.5370675 0.5370675 0.5278501 0.5156443 0.5156443 0.5121602 0.5121602 0.5193872 0.5286572 0.5424484 0.5609365 0.5609365 0.6030110 0.6177801 0.6381153 0.6672283 0.7054042 0.7504424 0.7986899 0.8467074 0.8920989 0.9335597 0.9700057 0.9982485 1.007544 0.9746407 0.9746407 0.8704282 0.7907394 0.7959807 0.8393382 0.8393382 0.9835485 0.9835485 1.087013 1.087013 1.125776 1.184699 1.184699 1.222189 1.222189 1.237509 1.237509 1.237509 1.231596 1.231596 1.211470 1.211470 1.179074 1.179074 1.136213 1.136213 1.084535 1.084535 1.084535 1.025980
