simulation_files/asc/Velocity__y_216.0.asc
NCOLS        79
NROWS        79
XLLCENTER         -1.500000
YLLCENTER         -4.800000
CELLSIZE           0.100
NODATA_VALUE     -9999.0
[rows 0 to 26 of 79, columns 0 to 58 of 79]
-9999.000 -9999.000 -9999.000 -9999.000 -9999.000 -9999.000 -9999.000 -9999.000 -9999.000 -9999.000 -9999.000 -9999.000 -9999.000 -9999.000 -9999.000 -0.8872864E-01 -0.8535401E-01 -0.8386675E-01 -0.8318184E-01 -0.8361441E-01 -0.8445026E-01 -0.8534078E-01 -0.8621018E-01 -0.8699556E-01 -0.8765046E-01 -0.8822572E-01 -0.8875249E-01 -0.8939005E-01 -0.9071831E-01 -0.9212223E-01 -0.9212223E-01 -9999.000 -9999.000 -9999.000 -9999.000 -9999.000 -9999.000 -9999.000 -9999.000 -9999.000 -9999.000 -9999.000 -9999.000 -9999.000 -9999.000 -9999.000 -9999.000 -9999.000 -9999.000 -9999.000 -9999.000 -9999.000 -9999.000 -9999.000 -9999.000 -9999.000 -9999.000 -9999.000 -9999.000
-9999.000 -9999.000 -9999.000 -9999.000 -9999.000 -9999.000 -9999.000 -9999.000 -9999.000 -9999.000 -9999.000 -9999.000 -9999.000 -9999.000 -9999.000 -0.8988993E-01 -0.8278652E-01 -0.7960452E-01 -0.7815775E-01 -0.7912735E-01 -0.8100299E-01 -0.8303455E-01 -0.8504865E-01 -0.8689939E-01 -0.8847839E-01 -0.8988486E-01 -0.9117816E-01 -0.9268670E-01 -0.9562221E-01 -0.9899432E-01 -0.9899432E-01 -9999.000 -9999.000 -9999.000 -9999.000 -9999.000 -9999.000 -9999.000 -9999.000 -9999.000 -9999.000 -9999.000 -9999.000 -9999.000 -9999.000 -9999.000 -9999.000 -9999.000 -9999.000 -9999.000 -9999.000 -9999.000 -9999.000 -9999.000 -9999.000 -9999.000 -9999.000 -9999.000 -9999.000
-9999.000 -9999.000 -9999.000 -9999.000 -9999.000 -9999.000 -9999.000 -9999.000 -9999.000 -9999.000 -9999.000 -9999.000 -9999.000 -9999.000 -9999.000 -0.9019434E-01 -0.7899446E-01 -0.7386820E-01 -0.7159038E-01 -0.7327264E-01 -0.7649224E-01 -0.8002988E-01 -0.8358802E-01 -0.8690987E-01 -0.8980359E-01 -0.9241240E-01 -0.9481683E-01 -0.9752944E-01 -0.1024776 -0.1085606 -0.1085606 -9999.000 -9999.000 -9999.000 -9999.000 -9999.000 -9999.000 -9999.000 -9999.000 -9999.000 -9999.000 -9999.000 -9999.000 -9999.000 -9999.000 -9999.000 -9999.000 -9999.000 -9999.000 -9999.000 -9999.000 -9999.000 -9999.000 -9999.000 -9999.000 -9999.000 -9999.000 -9999.000 -9999.000
-9999.000 -9999.000 -9999.000 -9999.000 -9999.000 -9999.000 -9999.000 -9999.000 -9999.000 -9999.000 -9999.000 -9999.000 -9999.000 -9999.000 -9999.000 -0.9003124E-01 -0.7472709E-01 -0.6765311E-01 -0.6457585E-01 -0.6704682E-01 -0.7170373E-01 -0.7684779E-01 -0.8205764E-01 -0.8696038E-01 -0.9127500E-01 -0.9518878E-01 -0.9879786E-01 -0.1028041 -0.1098846 -0.1191492 -0.1191492 -9999.000 -9999.000 -9999.000 -9999.000 -9999.000 -9999.000 -9999.000 -9999.000 -9999.000 -9999.000 -9999.000 -9999.000 -9999.000 -9999.000 -9999.000 -9999.000 -9999.000 -9999.000 -9999.000 -9999.000 -9999.000 -9999.000 -9999.000 -9999.000 -9999.000 -9999.000 -9999.000 -9999.000
-9999.000 -9999.000 -9999.000 -9999.000 -9999.000 -9999.000 -9999.000 -9999.000 -9999.000 -9999.000 -9999.000 -9999.000 -9999.000 -9999.000 -9999.000 -0.8962093E-01 -0.7015825E-01 -0.6111548E-01 -0.5724901E-01 -0.6056133E-01 -0.6671812E-01 -0.7353240E-01 -0.8046181E-01 -0.8701222E-01 -0.9280945E-01 -0.9809005E-01 -0.1029621 -0.1083275 -0.1176585 -0.1306130 -0.1306130 -9999.000 -9999.000 -9999.000 -9999.000 -9999.000 -9999.000 -9999.000 -9999.000 -9999.000 -9999.000 -9999.000 -9999.000 -9999.000 -9999.000 -9999.000 -9999.000 -9999.000 -9999.000 -9999.000 -9999.000 -9999.000 -9999.000 -9999.000 -9999.000 -9999.000 -9999.000 -9999.000 -9999.000
-9999.000 -9999.000 -9999.000 -9999.000 -9999.000 -9999.000 -9999.000 -9999.000 -9999.000 -9999.000 -9999.000 -9999.000 -9999.000 -9999.000 -9999.000 -0.8902758E-01 -0.6534382E-01 -0.5431027E-01 -0.4966061E-01 -0.5386046E-01 -0.6156854E-01 -0.7010087E-01 -0.7879988E-01 -0.8704571E-01 -0.9436835E-01 -0.1010600 -0.1072396 -0.1140209 -0.1257304 -0.1429686 -0.1429686 -9999.000 -9999.000 -9999.000 -9999.000 -9999.000 -9999.000 -9999.000 -9999.000 -9999.000 -9999.000 -9999.000 -9999.000 -9999.000 -9999.000 -9999.000 -9999.000 -9999.000 -9999.000 -9999.000 -9999.000 -9999.000 -9999.000 -9999.000 -9999.000 -9999.000 -9999.000 -9999.000 -9999.000
-9999.000 -9999.000 -9999.000 -9999.000 -9999.000 -9999.000 -9999.000 -9999.000 -9999.000 -9999.000 -9999.000 -9999.000 -9999.000 -9999.000 -9999.000 -0.8824827E-01 -0.6028797E-01 -0.4724595E-01 -0.4182180E-01 -0.4695784E-01 -0.5626541E-01 -0.6655694E-01 -0.7706845E-01 -0.8704876E-01 -0.9592986E-01 -0.1040698 -0.1115943 -0.1198479 -0.1340808 -0.1563236 -0.1563236 -9999.000 -9999.000 -9999.000 -9999.000 -9999.000 -9999.000 -9999.000 -9999.000 -9999.000 -9999.000 -9999.000 -9999.000 -9999.000 -9999.000 -9999.000 -9999.000 -9999.000 -9999.000 -9999.000 -9999.000 -9999.000 -9999.000 -9999.000 -9999.000 -9999.000 -9999.000 -9999.000 -9999.000
-9999.000 -9999.000 -9999.000 -9999.000 -9999.000 -9999.000 -9999.000 -9999.000 -9999.000 -9999.000 -9999.000 -9999.000 -9999.000 -9999.000 -9999.000 -0.8724883E-01 -0.5497162E-01 -0.3990982E-01 -0.3372557E-01 -0.3985240E-01 -0.5080869E-01 -0.6289783E-01 -0.7526146E-01 -0.8701113E-01 -0.9747782E-01 -0.1070995 -0.1160038 -0.1257876 -0.1427111 -0.1708512 -0.1708512 -9999.000 -9999.000 -9999.000 -9999.000 -9999.000 -9999.000 -9999.000 -9999.000 -9999.000 -9999.000 -9999.000 -9999.000 -9999.000 -9999.000 -9999.000 -9999.000 -9999.000 -9999.000 -9999.000 -9999.000 -9999.000 -9999.000 -9999.000 -9999.000 -9999.000 -9999.000 -9999.000 -9999.000
-9999.000 -9999.000 -9999.000 -9999.000 -9999.000 -9999.000 -9999.000 -9999.000 -9999.000 -9999.000 -9999.000 -9999.000 -9999.000 -9999.000 -9999.000 -0.8597600E-01 -0.4936147E-01 -0.3227755E-01 -0.2535480E-01 -0.3253543E-01 -0.4519239E-01 -0.5911601E-01 -0.7336972E-01 -0.8692023E-01 -0.9899554E-01 -0.1101292 -0.1204465 -0.1318226 -0.1516312 -0.1867879 -0.1867879 -9999.000 -9999.000 -9999.000 -9999.000 -9999.000 -9999.000 -9999.000 -9999.000 -9999.000 -9999.000 -9999.000 -9999.000 -9999.000 -9999.000 -9999.000 -9999.000 -9999.000 -9999.000 -9999.000 -9999.000 -9999.000 -9999.000 -9999.000 -9999.000 -9999.000 -9999.000 -9999.000 -9999.000
-9999.000 -9999.000 -9999.000 -9999.000 -9999.000 -9999.000 -9999.000 -9999.000 -9999.000 -9999.000 -9999.000 -9999.000 -9999.000 -9999.000 -9999.000 -0.8436215E-01 -0.4341441E-01 -0.2431602E-01 -0.1668519E-01 -0.2499228E-01 -0.3940546E-01 -0.5519955E-01 -0.7138011E-01 -0.8675973E-01 -0.1004620 -0.1131358 -0.1248966 -0.1379316 -0.1608515 -0.2044484 -0.2044484 -9999.000 -9999.000 -9999.000 -9999.000 -9999.000 -9999.000 -9999.000 -9999.000 -9999.000 -9999.000 -9999.000 -9999.000 -9999.000 -9999.000 -9999.000 -9999.000 -9999.000 -9999.000 -9999.000 -9999.000 -9999.000 -9999.000 -9999.000 -9999.000 -9999.000 -9999.000 -9999.000 -9999.000
-9999.000 -9999.000 -9999.000 -9999.000 -9999.000 -9999.000 -9999.000 -9999.000 -9999.000 -9999.000 -9999.000 -9999.000 -9999.000 -9999.000 -9999.000 -0.8232456E-01 -0.3707711E-01 -0.1598284E-01 -0.7683916E-02 -0.1720240E-01 -0.3343149E-01 -0.5113120E-01 -0.6927388E-01 -0.8650753E-01 -0.1018489 -0.1160879 -0.1293196 -0.1440845 -0.1703800 -0.2242508 -0.2242508 -9999.000 -9999.000 -9999.000 -9999.000 -9999.000 -9999.000 -9999.000 -9999.000 -9999.000 -9999.000 -9999.000 -9999.000 -9999.000 -9999.000 -9999.000 -9999.000 -9999.000 -9999.000 -9999.000 -9999.000 -9999.000 -9999.000 -9999.000 -9999.000 -9999.000 -9999.000 -9999.000 -9999.000
-9999.000 -9999.000 -9999.000 -9999.000 -9999.000 -9999.000 -9999.000 -9999.000 -9999.000 -9999.000 -9999.000 -9999.000 -9999.000 -9999.000 -9999.000 -0.7976072E-01 -0.3028188E-01 -0.7223056E-02 0.1691331E-02 -0.9138959E-02 -0.2724843E-01 -0.4688713E-01 -0.6702562E-01 -0.8613328E-01 -0.1031183 -0.1189425 -0.1336673 -0.1502371 -0.1802165 -0.2467615 -0.2467615 -9999.000 -9999.000 -9999.000 -9999.000 -9999.000 -9999.000 -9999.000 -9999.000 -9999.000 -9999.000 -9999.000 -9999.000 -9999.000 -9999.000 -9999.000 -9999.000 -9999.000 -9999.000 -9999.000 -9999.000 -9999.000 -9999.000 -9999.000 -9999.000 -9999.000 -9999.000 -9999.000 -9999.000
-9999.000 -9999.000 -9999.000 -9999.000 -9999.000 -9999.000 -9999.000 -9999.000 -9999.000 -9999.000 -9999.000 -9999.000 -9999.000 -9999.000 -9999.000 -0.7650586E-01 -0.2291158E-01 0.2059317E-02 0.1150418E-01 -0.7724668E-03 -0.2083643E-01 -0.4244601E-01 -0.6461094E-01 -0.8560435E-01 -0.1042256 -0.1216469 -0.1378767 -0.1563274 -0.1903506 -0.2727714 -0.2727714 -9999.000 -9999.000 -9999.000 -9999.000 -9999.000 -9999.000 -9999.000 -9999.000 -9999.000 -9999.000 -9999.000 -9999.000 -9999.000 -9999.000 -9999.000 -9999.000 -9999.000 -9999.000 -9999.000 -9999.000 -9999.000 -9999.000 -9999.000 -9999.000 -9999.000 -9999.000 -9999.000 -9999.000
-9999.000 -9999.000 -9999.000 -9999.000 -9999.000 -9999.000 -9999.000 -9999.000 -9999.000 -9999.000 -9999.000 -9999.000 -9999.000 -9999.000 -9999.000 -0.7102121E-01 -0.1377139E-01 0.1264845E-01 0.2186870E-01 0.7622445E-02 -0.1453435E-01 -0.3813618E-01 -0.6232927E-01 -0.8517599E-01 -0.1053738 -0.1243568 -0.1420582 -0.1624404 -0.2009096 -0.3035954 -0.3035954 -9999.000 -9999.000 -9999.000 -9999.000 -9999.000 -9999.000 -9999.000 -9999.000 -9999.000 -9999.000 -9999.000 -9999.000 -9999.000 -9999.000 -9999.000 -9999.000 -9999.000 -9999.000 -9999.000 -9999.000 -9999.000 -9999.000 -9999.000 -9999.000 -9999.000 -9999.000 -9999.000 -9999.000
-9999.000 -9999.000 -9999.000 -9999.000 -9999.000 -9999.000 -9999.000 -9999.000 -9999.000 -9999.000 -9999.000 -9999.000 -9999.000 -9999.000 -9999.000 -0.7616812E-02 0.1858656E-01 0.2665176E-01 0.2130212E-01 0.7096712E-03 -0.2140043E-01 -0.4461262E-01 -0.6857594E-01 -0.9124853E-01 -0.1112979 -0.1304651 -0.1485243 -0.1700124 -0.2125230 -0.3390809 -0.3390809 -9999.000 -9999.000 -9999.000 -9999.000 -9999.000 -9999.000 -9999.000 -9999.000 -9999.000 -9999.000 -9999.000 -9999.000 -9999.000 -9999.000 -9999.000 -9999.000 -9999.000 -9999.000 -9999.000 -9999.000 -9999.000 -9999.000 -9999.000 -9999.000 -9999.000 -9999.000 -9999.000 -9999.000
-0.4309601E-02 -0.4309601E-02 -0.5605682E-02 -0.7143982E-02 -0.6740717E-02 -0.6740717E-02 -0.6621216E-02 -0.6582194E-02 -0.6582194E-02 -0.6565080E-02 -0.6565080E-02 -0.6536866E-02 -0.6520305E-02 -0.6503245E-02 -0.6490336E-02 -0.6490336E-02 0.4085936E-01 0.3677944E-01 0.2156565E-01 -0.2308476E-02 -0.3024205E-01 -0.6116293E-01 -0.9405635E-01 -0.1273950 -0.1596085 -0.1901289 -0.2183399 -0.2453585 -0.2782586 -0.3501188 -0.3501188 -0.1982435 -0.1089547 -0.3978307E-01 -0.3032641E-01 -0.3032641E-01 -0.2367293E-01 -0.2367293E-01 -0.1226301E-01 -0.1226301E-01 -0.1445978E-02 0.2582022E-01 0.2582022E-01 0.3124405E-01 0.3124405E-01 -0.3205922E-02 -0.3205922E-02 -0.3205922E-02 -0.1095525E-02 -0.1095525E-02 -0.3171526E-03 -0.3171526E-03 -0.8948508E-03 -0.8948508E-03 -0.2048863E-02 -0.2048863E-02 -0.3243547E-02 -0.3243547E-02 -0.3243547E-02
-0.6597157E-02 -0.6597157E-02 -0.7862456E-02 -0.1032052E-01 -0.9537744E-02 -0.9537744E-02 -0.9292076E-02 -0.9250689E-02 -0.9250689E-02 -0.9259334E-02 -0.9259334E-02 -0.9241451E-02 -0.9228620E-02 -0.9214747E-02 -0.9227816E-02 -0.9227816E-02 0.3422518E-01 0.3149694E-01 0.1634006E-01 -0.8794339E-02 -0.4353902E-01 -0.8528677E-01 -0.1318047 -0.1813367 -0.2320995 -0.2819789 -0.3293681 -0.3724345 -0.4088582 -0.4339031 -0.4339031 -0.2980273 -0.2010447 -0.1076096 -0.8902311E-01 -0.8902311E-01 -0.6623048E-01 -0.6623048E-01 -0.2673417E-01 -0.2673417E-01 0.5969290E-02 0.8136777E-01 0.8136777E-01 0.1062182 0.1062182 0.2383268E-01 0.2383268E-01 0.2383268E-01 0.8528036E-02 0.8528036E-02 0.1299790E-02 0.1299790E-02 -0.3610764E-02 -0.3610764E-02 -0.7572118E-02 -0.7572118E-02 -0.1058342E-01 -0.1058342E-01 -0.1058342E-01
-0.5403208E-02 -0.5403208E-02 -0.5806301E-02 -0.8781786E-02 -0.8132721E-02 -0.8132721E-02 -0.7849247E-02 -0.7812133E-02 -0.7812133E-02 -0.7858586E-02 -0.7858586E-02 -0.7867874E-02 -0.7867204E-02 -0.7864725E-02 -0.7930433E-02 -0.7930433E-02 0.2309925E-01 0.2097917E-01 0.6439012E-02 -0.1866422E-01 -0.5371323E-01 -0.9693778E-01 -0.1464992 -0.2008651 -0.2585624 -0.3177962 -0.3769158 -0.4339405 -0.4859285 -0.5264205 -0.5264205 -0.4395638 -0.3563112 -0.2410000 -0.2041760 -0.2041760 -0.1402248 -0.1402248 -0.4380740E-01 -0.4380740E-01 0.2303575E-01 0.1572087 0.1572087 0.2120507 0.2120507 0.9040790E-01 0.9040790E-01 0.9040790E-01 0.3557969E-01 0.3557969E-01 0.7039368E-02 0.7039368E-02 -0.8630790E-02 -0.8630790E-02 -0.1814755E-01 -0.1814755E-01 -0.2382346E-01 -0.2382346E-01 -0.2382346E-01
-0.4254932E-02 -0.4254932E-02 -0.3821695E-02 -0.7200188E-02 -0.6630586E-02 -0.6630586E-02 -0.6332238E-02 -0.6268895E-02 -0.6268895E-02 -0.6308365E-02 -0.6308365E-02 -0.6309860E-02 -0.6305518E-02 -0.6300931E-02 -0.6412985E-02 -0.6412985E-02 0.1219720E-01 0.8124664E-02 -0.7353035E-02 -0.3311331E-01 -0.6840726E-01 -0.1119530 -0.1622741 -0.2180347 -0.2780121 -0.3408258 -0.4051175 -0.4692501 -0.5306118 -0.5831182 -0.5831182 -0.5454412 -0.4876861 -0.3773788 -0.3282041 -0.3282041 -0.2146502 -0.2146502 -0.4438339E-01 -0.4438339E-01 0.5495082E-01 0.2226119 0.2226119 0.2895927 0.2895927 0.1599415 0.1599415 0.1599415 0.7060693E-01 0.7060693E-01 0.1683227E-01 0.1683227E-01 -0.1326598E-01 -0.1326598E-01 -0.3020532E-01 -0.3020532E-01 -0.3908240E-01 -0.3908240E-01 -0.3908240E-01
-0.3149407E-02 -0.3149407E-02 -0.1984793E-02 -0.5641578E-02 -0.5125721E-02 -0.5125721E-02 -0.4825363E-02 -0.4713245E-02 -0.4713245E-02 -0.4727885E-02 -0.4727885E-02 -0.4725140E-02 -0.4722016E-02 -0.4719710E-02 -0.4893935E-02 -0.4893935E-02 0.1568315E-02 -0.6636196E-02 -0.2491535E-01 -0.5262577E-01 -0.8907119E-01 -0.1332924 -0.1841505 -0.2405256 -0.3013735 -0.3655809 -0.4320285 -0.4994116 -0.5656496 -0.6257524 -0.6257524 -0.6243829 -0.5930962 -0.4987382 -0.4383944 -0.4383944 -0.2621610 -0.2621610 -0.1835336E-01 -0.1835336E-01 0.9820261E-01 0.2650627 0.2650627 0.3287044 0.3287044 0.2152888 0.2152888 0.2152888 0.1073049 0.1073049 0.3118050E-01 0.3118050E-01 -0.1474051E-01 -0.1474051E-01 -0.4063821E-01 -0.4063821E-01 -0.5351166E-01 -0.5351166E-01 -0.5351166E-01
-0.2077236E-02 -0.2077236E-02 -0.4465072E-03 -0.4028234E-02 -0.3536618E-02 -0.3536618E-02 -0.3255104E-02 -0.3132144E-02 -0.3132144E-02 -0.3141443E-02 -0.3141443E-02 -0.3145867E-02 -0.3147344E-02 -0.3149244E-02 -0.3403170E-02 -0.3403170E-02 -0.9324317E-02 -0.2348982E-01 -0.4646218E-01 -0.7768755E-01 -0.1165053 -0.1621709 -0.2138520 -0.2707021 -0.3319032 -0.3965874 -0.4638479 -0.5326314 -0.6012985 -0.6659257 -0.6659257 -0.6891556 -0.6800834 -0.5968515 -0.5165889 -0.5165889 -0.2603076 -0.2603076 0.2615887E-01 0.2615887E-01 0.1373628 0.2790608 0.2790608 0.3340406 0.3340406 0.2494329 0.2494329 0.2494329 0.1401730 0.1401730 0.4902033E-01 0.4902033E-01 -0.1191414E-01 -0.1191414E-01 -0.4774123E-01 -0.4774123E-01 -0.6545809E-01 -0.6545809E-01 -0.6545809E-01
-0.1031578E-02 -0.1031578E-02 0.1784386E-03 -0.2126717E-02 -0.1805804E-02 -0.1805804E-02 -0.1630526E-02 -0.1560904E-02 -0.1560904E-02 -0.1572114E-02 -0.1572114E-02 -0.1576284E-02 -0.1577834E-02 -0.1579536E-02 -0.1934430E-02 -0.1934430E-02 -0.2126964E-01 -0.4311240E-01 -0.7266520E-01 -0.1091074 -0.1517044 -0.1998262 -0.2528896 -0.3103406 -0.3716436 -0.4362211 -0.5034258 -0.5724607 -0.6420538 -0.7090871 -0.7090871 -0.7479896 -0.7545162 -0.6602238 -0.5404637 -0.5404637 -0.2069294 -0.2069294 0.6739137E-01 0.6739137E-01 0.1573294 0.2675844 0.2675844 0.3153457 0.3153457 0.2617104 0.2617104 0.2617104 0.1643871 0.1643871 0.6778970E-01 0.6778970E-01 -0.4955468E-02 -0.4955468E-02 -0.5061978E-01 -0.5061978E-01 -0.7376290E-01 -0.7376290E-01 -0.7376290E-01
0.5897175E-07 0.5897175E-07 0.9625756E-07 -0.1511472E-07 0.1543041E-06 0.1543041E-06 0.1606283E-06 0.9450957E-07 0.9450957E-07 -0.5894198E-07 -0.5894198E-07 -0.6356400E-07 -0.1442151E-06 -0.1848179E-06 -0.4893797E-03 -0.4893797E-03 -0.3539374E-01 -0.6675618E-01 -0.1048224 -0.1482435 -0.1960987 -0.2477977 -0.3029536 -0.3612941 -0.4225961 -0.4866113 -0.5530115 -0.6213070 -0.6905609 -0.7580823 -0.7580823 -0.8050825 -0.8170807 -0.6652803 -0.4883543 -0.4883543 -0.1293455 -0.1293455 0.8793309E-01 0.8793309E-01 0.1540159 0.2388404 0.2388404 0.2821956 0.2821956 0.2552006 0.2552006 0.2552006 0.1766986 0.1766986 0.8404271E-01 0.8404271E-01 0.4837092E-02 0.4837092E-02 -0.4906784E-01 -0.4906784E-01 -0.7758046E-01 -0.7758046E-01 -0.7758046E-01
0.1031570E-02 0.1031570E-02 -0.1784196E-03 0.2126736E-02 0.1805914E-02 0.1805914E-02 0.1630750E-02 0.1561045E-02 0.1561045E-02 0.1571908E-02 0.1571908E-02 0.1576109E-02 0.1577566E-02 0.1579170E-02 0.9079499E-03 0.9079499E-03 -0.5334438E-01 -0.9643026E-01 -0.1450755 -0.1972514 -0.2518016 -0.3081565 -0.3661121 -0.4256704 -0.4869310 -0.5499944 -0.6148884 -0.6814715 -0.7490731 -0.8146140 -0.8146140 -0.8605379 -0.8581945 -0.5832845 -0.3676806 -0.3676806 -0.6486330E-01 -0.6486330E-01 0.8546115E-01 0.8546115E-01 0.1334988 0.2014179 0.2014179 0.2417632 0.2417632 0.2344689 0.2344689 0.2344689 0.1760963 0.1760963 0.9450369E-01 0.9450369E-01 0.1532863E-01 0.1532863E-01 -0.4356321E-01 -0.4356321E-01 -0.7640400E-01 -0.7640400E-01 -0.7640400E-01
0.2077123E-02 0.2077123E-02 0.4464386E-03 0.4028203E-02 0.3536565E-02 0.3536565E-02 0.3255151E-02 0.3131964E-02 0.3131964E-02 0.3141393E-02 0.3141393E-02 0.3145594E-02 0.3147092E-02 0.3148848E-02 0.2228947E-02 0.2228947E-02 -0.7766681E-01 -0.1352944 -0.1967901 -0.2594486 -0.3219492 -0.3838189 -0.4450859 -0.5060544 -0.5671589 -0.6288555 -0.6915387 -0.7554137 -0.8197681 -0.8786464 -0.8786464 -0.9054385 -0.8456954 -0.4210959 -0.2303982 -0.2303982 -0.3104264E-01 -0.3104264E-01 0.6863907E-01 0.6863907E-01 0.1050757 0.1614952 0.1614952 0.1985107 0.1985107 0.2039132 0.2039132 0.2039132 0.1635358 0.1635358 0.9697032E-01 0.9697032E-01 0.2410022E-01 0.2410022E-01 -0.3517692E-01 -0.3517692E-01 -0.7015414E-01 -0.7015414E-01 -0.7015414E-01
0.3149273E-02 0.3149273E-02 0.1984872E-02 0.5641534E-02 0.5125648E-02 0.5125648E-02 0.4825367E-02 0.4713208E-02 0.4713208E-02 0.4727854E-02 0.4727854E-02 0.4725046E-02 0.4721656E-02 0.4719337E-02 0.3456111E-02 0.3456111E-02 -0.1125739 -0.1884339 -0.2652505 -0.3399180 -0.4112240 -0.4790013 -0.5436477 -0.6058475 -0.6664039 -0.7261355 -0.7857964 -0.8458436 -0.9042881 -0.9433513 -0.9433513 -0.9042528 -0.7200124 -0.2467932 -0.1307668 -0.1307668 -0.2116777E-01 -0.2116777E-01 0.4720585E-01 0.4720585E-01 0.7570300E-01 0.1224634 0.1224634 0.1549129 0.1549129 0.1671245 0.1671245 0.1671245 0.1412044 0.1412044 0.9077395E-01 0.9077395E-01 0.2918595E-01 0.2918595E-01 -0.2528028E-01 -0.2528028E-01 -0.5919883E-01 -0.5919883E-01 -0.5919883E-01
0.4254822E-02 0.4254822E-02 0.3821799E-02 0.7200211E-02 0.6630658E-02 0.6630658E-02 0.6332439E-02 0.6268966E-02 0.6268966E-02 0.6308382E-02 0.6308382E-02 0.6309743E-02 0.6305162E-02 0.6300616E-02 0.4569501E-02 0.4569501E-02 -0.1655786 -0.2643991 -0.3589668 -0.4465795 -0.5267293 -0.5999475 -0.6672400 -0.7298007 -0.7888622 -0.8456146 -0.9011543 -0.9557822 -1.000852 -0.9734386 -0.9734386 -0.7727388 -0.4655852 -0.1284835 -0.8020705E-01 -0.8020705E-01 -0.2099882E-01 -0.2099882E-01 0.2706014E-01 0.2706014E-01 0.4892473E-01 0.8586966E-01 0.8586966E-01 0.1123722 0.1123722 0.1268931 0.1268931 0.1268931 0.1118051 0.1118051 0.7672156E-01 0.7672156E-01 0.2958607E-01 0.2958607E-01 -0.1517855E-01 -0.1517855E-01 -0.4432508E-01 -0.4432508E-01 -0.4432508E-01
