simulation_files/asc/Velocity__x_191.0.asc
NCOLS        79
NROWS        79
XLLCENTER         -1.500000
YLLCENTER         -4.800000
CELLSIZE           0.100
NODATA_VALUE     -9999.0
[rows 0 to 25 of 79, columns 0 to 57 of 79]
-9999.000 -9999.000 -9999.000 -9999.000 -9999.000 -9999.000 -9999.000 -9999.000 -9999.000 -9999.000 -9999.000 -9999.000 -9999.000 -9999.000 -9999.000 -0.1825612E-02 -0.1824332E-02 0.1089298E-02 0.5606345E-02 0.1044837E-01 0.1451915E-01 0.1743976E-01 0.1916911E-01 0.1975925E-01 0.1935792E-01 0.1812856E-01 0.1615768E-01 0.1341266E-01 0.9369964E-02 0.4577362E-02 0.4577362E-02 -9999.000 -9999.000 -9999.000 -9999.000 -9999.000 -9999.000 -9999.000 -9999.000 -9999.000 -9999.000 -9999.000 -9999.000 -9999.000 -9999.000 -9999.000 -9999.000 -9999.000 -9999.000 -9999.000 -9999.000 -9999.000 -9999.000 -9999.000 -9999.000 -9999.000 -9999.000 -9999.000
-9999.000 -9999.000 -9999.000 -9999.000 -9999.000 -9999.000 -9999.000 -9999.000 -9999.000 -9999.000 -9999.000 -9999.000 -9999.000 -9999.000 -9999.000 -0.6423576E-03 0.5206765E-03 0.4445700E-02 0.9833409E-02 0.1545606E-01 0.2022732E-01 0.2370455E-01 0.2577286E-01 0.2642884E-01 0.2578172E-01 0.2397610E-01 0.2110657E-01 0.1717962E-01 0.1179242E-01 0.5748577E-02 0.5748577E-02 -9999.000 -9999.000 -9999.000 -9999.000 -9999.000 -9999.000 -9999.000 -9999.000 -9999.000 -9999.000 -9999.000 -9999.000 -9999.000 -9999.000 -9999.000 -9999.000 -9999.000 -9999.000 -9999.000 -9999.000 -9999.000 -9999.000 -9999.000 -9999.000 -9999.000 -9999.000 -9999.000
-9999.000 -9999.000 -9999.000 -9999.000 -9999.000 -9999.000 -9999.000 -9999.000 -9999.000 -9999.000 -9999.000 -9999.000 -9999.000 -9999.000 -9999.000 -0.2253070E-03 0.1443342E-02 0.5975041E-02 0.1195072E-01 0.1810017E-01 0.2329668E-01 0.2707412E-01 0.2930368E-01 0.2997296E-01 0.2919037E-01 0.2710608E-01 0.2382410E-01 0.1936481E-01 0.1332690E-01 0.6534934E-02 0.6534934E-02 -9999.000 -9999.000 -9999.000 -9999.000 -9999.000 -9999.000 -9999.000 -9999.000 -9999.000 -9999.000 -9999.000 -9999.000 -9999.000 -9999.000 -9999.000 -9999.000 -9999.000 -9999.000 -9999.000 -9999.000 -9999.000 -9999.000 -9999.000 -9999.000 -9999.000 -9999.000 -9999.000
-9999.000 -9999.000 -9999.000 -9999.000 -9999.000 -9999.000 -9999.000 -9999.000 -9999.000 -9999.000 -9999.000 -9999.000 -9999.000 -9999.000 -9999.000 -0.3553190E-04 0.1902121E-02 0.6802758E-02 0.1316243E-01 0.1967033E-01 0.2516131E-01 0.2915160E-01 0.3150625E-01 0.3220848E-01 0.3137020E-01 0.2914749E-01 0.2564815E-01 0.2089570E-01 0.1446958E-01 0.7148271E-02 0.7148271E-02 -9999.000 -9999.000 -9999.000 -9999.000 -9999.000 -9999.000 -9999.000 -9999.000 -9999.000 -9999.000 -9999.000 -9999.000 -9999.000 -9999.000 -9999.000 -9999.000 -9999.000 -9999.000 -9999.000 -9999.000 -9999.000 -9999.000 -9999.000 -9999.000 -9999.000 -9999.000 -9999.000
-9999.000 -9999.000 -9999.000 -9999.000 -9999.000 -9999.000 -9999.000 -9999.000 -9999.000 -9999.000 -9999.000 -9999.000 -9999.000 -9999.000 -9999.000 0.7070442E-04 0.2187139E-02 0.7360773E-02 0.1401875E-01 0.2081280E-01 0.2654312E-01 0.3071143E-01 0.3317950E-01 0.3392842E-01 0.3307479E-01 0.3077910E-01 0.2714990E-01 0.2220927E-01 0.1550570E-01 0.7725966E-02 0.7725966E-02 -9999.000 -9999.000 -9999.000 -9999.000 -9999.000 -9999.000 -9999.000 -9999.000 -9999.000 -9999.000 -9999.000 -9999.000 -9999.000 -9999.000 -9999.000 -9999.000 -9999.000 -9999.000 -9999.000 -9999.000 -9999.000 -9999.000 -9999.000 -9999.000 -9999.000 -9999.000 -9999.000
-9999.000 -9999.000 -9999.000 -9999.000 -9999.000 -9999.000 -9999.000 -9999.000 -9999.000 -9999.000 -9999.000 -9999.000 -9999.000 -9999.000 -9999.000 0.1532959E-03 0.2422153E-02 0.7839057E-02 0.1476713E-01 0.2182321E-01 0.2777375E-01 0.3210885E-01 0.3468883E-01 0.3549320E-01 0.3464488E-01 0.3230921E-01 0.2859293E-01 0.2351309E-01 0.1657796E-01 0.8340621E-02 0.8340621E-02 -9999.000 -9999.000 -9999.000 -9999.000 -9999.000 -9999.000 -9999.000 -9999.000 -9999.000 -9999.000 -9999.000 -9999.000 -9999.000 -9999.000 -9999.000 -9999.000 -9999.000 -9999.000 -9999.000 -9999.000 -9999.000 -9999.000 -9999.000 -9999.000 -9999.000 -9999.000 -9999.000
-9999.000 -9999.000 -9999.000 -9999.000 -9999.000 -9999.000 -9999.000 -9999.000 -9999.000 -9999.000 -9999.000 -9999.000 -9999.000 -9999.000 -9999.000 0.2399298E-03 0.2664659E-02 0.8325446E-02 0.1552279E-01 0.2283892E-01 0.2900760E-01 0.3350924E-01 0.3620502E-01 0.3707313E-01 0.3624418E-01 0.3388882E-01 0.3010965E-01 0.2491741E-01 0.1776918E-01 0.9037420E-02 0.9037420E-02 -9999.000 -9999.000 -9999.000 -9999.000 -9999.000 -9999.000 -9999.000 -9999.000 -9999.000 -9999.000 -9999.000 -9999.000 -9999.000 -9999.000 -9999.000 -9999.000 -9999.000 -9999.000 -9999.000 -9999.000 -9999.000 -9999.000 -9999.000 -9999.000 -9999.000 -9999.000 -9999.000
-9999.000 -9999.000 -9999.000 -9999.000 -9999.000 -9999.000 -9999.000 -9999.000 -9999.000 -9999.000 -9999.000 -9999.000 -9999.000 -9999.000 -9999.000 0.3449352E-03 0.2944198E-02 0.8865579E-02 0.1634453E-01 0.2392999E-01 0.3032365E-01 0.3499825E-01 0.3781744E-01 0.3875869E-01 0.3796251E-01 0.3560413E-01 0.3178157E-01 0.2649568E-01 0.1914220E-01 0.9853810E-02 0.9853810E-02 -9999.000 -9999.000 -9999.000 -9999.000 -9999.000 -9999.000 -9999.000 -9999.000 -9999.000 -9999.000 -9999.000 -9999.000 -9999.000 -9999.000 -9999.000 -9999.000 -9999.000 -9999.000 -9999.000 -9999.000 -9999.000 -9999.000 -9999.000 -9999.000 -9999.000 -9999.000 -9999.000
-9999.000 -9999.000 -9999.000 -9999.000 -9999.000 -9999.000 -9999.000 -9999.000 -9999.000 -9999.000 -9999.000 -9999.000 -9999.000 -9999.000 -9999.000 0.4778266E-03 0.3280702E-02 0.9488656E-02 0.1727009E-01 0.2514111E-01 0.3177229E-01 0.3663074E-01 0.3958466E-01 0.4061131E-01 0.3986264E-01 0.3752001E-01 0.3367385E-01 0.2831391E-01 0.2076066E-01 0.1083033E-01 0.1083033E-01 -9999.000 -9999.000 -9999.000 -9999.000 -9999.000 -9999.000 -9999.000 -9999.000 -9999.000 -9999.000 -9999.000 -9999.000 -9999.000 -9999.000 -9999.000 -9999.000 -9999.000 -9999.000 -9999.000 -9999.000 -9999.000 -9999.000 -9999.000 -9999.000 -9999.000 -9999.000 -9999.000
-9999.000 -9999.000 -9999.000 -9999.000 -9999.000 -9999.000 -9999.000 -9999.000 -9999.000 -9999.000 -9999.000 -9999.000 -9999.000 -9999.000 -9999.000 0.6471830E-03 0.3690711E-02 0.1022007E-01 0.1833235E-01 0.2651158E-01 0.3339731E-01 0.3845438E-01 0.4155828E-01 0.4268609E-01 0.4200453E-01 0.3970081E-01 0.3585598E-01 0.3044617E-01 0.2270146E-01 0.1201818E-01 0.1201818E-01 -9999.000 -9999.000 -9999.000 -9999.000 -9999.000 -9999.000 -9999.000 -9999.000 -9999.000 -9999.000 -9999.000 -9999.000 -9999.000 -9999.000 -9999.000 -9999.000 -9999.000 -9999.000 -9999.000 -9999.000 -9999.000 -9999.000 -9999.000 -9999.000 -9999.000 -9999.000 -9999.000
-9999.000 -9999.000 -9999.000 -9999.000 -9999.000 -9999.000 -9999.000 -9999.000 -9999.000 -9999.000 -9999.000 -9999.000 -9999.000 -9999.000 -9999.000 0.8624055E-03 0.4193866E-02 0.1108859E-01 0.1956816E-01 0.2808475E-01 0.3524776E-01 0.4052365E-01 0.4379811E-01 0.4504843E-01 0.4445966E-01 0.4222576E-01 0.3841574E-01 0.3298938E-01 0.2506777E-01 0.1348668E-01 0.1348668E-01 -9999.000 -9999.000 -9999.000 -9999.000 -9999.000 -9999.000 -9999.000 -9999.000 -9999.000 -9999.000 -9999.000 -9999.000 -9999.000 -9999.000 -9999.000 -9999.000 -9999.000 -9999.000 -9999.000 -9999.000 -9999.000 -9999.000 -9999.000 -9999.000 -9999.000 -9999.000 -9999.000
-9999.000 -9999.000 -9999.000 -9999.000 -9999.000 -9999.000 -9999.000 -9999.000 -9999.000 -9999.000 -9999.000 -9999.000 -9999.000 -9999.000 -9999.000 0.1138134E-02 0.4820625E-02 0.1214076E-01 0.2104008E-01 0.2992937E-01 0.3739814E-01 0.4291814E-01 0.4638921E-01 0.4778975E-01 0.4732813E-01 0.4520536E-01 0.4147576E-01 0.3607998E-01 0.2800789E-01 0.1533607E-01 0.1533607E-01 -9999.000 -9999.000 -9999.000 -9999.000 -9999.000 -9999.000 -9999.000 -9999.000 -9999.000 -9999.000 -9999.000 -9999.000 -9999.000 -9999.000 -9999.000 -9999.000 -9999.000 -9999.000 -9999.000 -9999.000 -9999.000 -9999.000 -9999.000 -9999.000 -9999.000 -9999.000 -9999.000
-9999.000 -9999.000 -9999.000 -9999.000 -9999.000 -9999.000 -9999.000 -9999.000 -9999.000 -9999.000 -9999.000 -9999.000 -9999.000 -9999.000 -9999.000 0.1545898E-02 0.5723868E-02 0.1362124E-01 0.2306500E-01 0.3237070E-01 0.4014549E-01 0.4591208E-01 0.4958497E-01 0.5114656E-01 0.5083505E-01 0.4886026E-01 0.4525807E-01 0.3994688E-01 0.3175700E-01 0.1772168E-01 0.1772168E-01 -9999.000 -9999.000 -9999.000 -9999.000 -9999.000 -9999.000 -9999.000 -9999.000 -9999.000 -9999.000 -9999.000 -9999.000 -9999.000 -9999.000 -9999.000 -9999.000 -9999.000 -9999.000 -9999.000 -9999.000 -9999.000 -9999.000 -9999.000 -9999.000 -9999.000 -9999.000 -9999.000
-9999.000 -9999.000 -9999.000 -9999.000 -9999.000 -9999.000 -9999.000 -9999.000 -9999.000 -9999.000 -9999.000 -9999.000 -9999.000 -9999.000 -9999.000 0.3995432E-02 0.1096746E-01 0.2217715E-01 0.3321799E-01 0.4227480E-01 0.4938956E-01 0.5451490E-01 0.5755779E-01 0.5853744E-01 0.5774495E-01 0.5539593E-01 0.5149395E-01 0.4591773E-01 0.3728389E-01 0.2117465E-01 0.2117465E-01 -9999.000 -9999.000 -9999.000 -9999.000 -9999.000 -9999.000 -9999.000 -9999.000 -9999.000 -9999.000 -9999.000 -9999.000 -9999.000 -9999.000 -9999.000 -9999.000 -9999.000 -9999.000 -9999.000 -9999.000 -9999.000 -9999.000 -9999.000 -9999.000 -9999.000 -9999.000 -9999.000
-9999.000 -9999.000 -9999.000 -9999.000 -9999.000 -9999.000 -9999.000 -9999.000 -9999.000 -9999.000 -9999.000 -9999.000 -9999.000 -9999.000 -9999.000 0.1128088 0.1748997 0.2086562 0.2041124 0.1746414 0.1493235 0.1282041 0.1101820 0.9482062E-01 0.8188393E-01 0.7067733E-01 0.6057146E-01 0.5083669E-01 0.3943907E-01 0.1876922E-01 0.1876922E-01 -9999.000 -9999.000 -9999.000 -9999.000 -9999.000 -9999.000 -9999.000 -9999.000 -9999.000 -9999.000 -9999.000 -9999.000 -9999.000 -9999.000 -9999.000 -9999.000 -9999.000 -9999.000 -9999.000 -9999.000 -9999.000 -9999.000 -9999.000 -9999.000 -9999.000 -9999.000 -9999.000
2.876910 2.876910 2.852782 2.915694 2.921227 2.921227 2.923562 2.924031 2.924031 2.921073 2.921073 2.915768 2.912461 2.908804 2.904855 2.904855 3.056461 3.060761 3.061517 3.060651 3.034866 2.984494 2.910689 2.813510 2.690143 2.547907 2.387464 2.216198 2.055590 1.972746 1.972746 2.778980 2.955634 3.065842 3.094984 3.094984 3.138315 3.138315 3.141820 3.141820 3.112541 2.970049 2.970049 2.696163 2.696163 2.244380 2.244380 2.244380 2.191955 2.191955 2.205662 2.205662 2.246560 2.246560 2.294313 2.294313 2.339569 2.339569
2.900740 2.900740 2.880266 2.966706 2.984144 2.984144 2.998126 3.021533 3.021533 3.041266 3.041266 3.058478 3.066361 3.073847 3.080992 3.080992 3.189091 3.207904 3.222806 3.236207 3.243317 3.243678 3.235860 3.217289 3.184043 3.135256 3.068560 2.983922 2.886700 2.801089 2.801089 3.217191 3.375142 3.530270 3.573645 3.573645 3.627164 3.627164 3.640861 3.640861 3.628252 3.549825 3.549825 3.388755 3.388755 3.071162 3.071162 3.071162 3.011743 3.011743 3.026905 3.026905 3.070379 3.070379 3.120805 3.120805 3.168974 3.168974
2.906017 2.906017 2.882281 2.966644 2.984468 2.984468 2.998851 3.022882 3.022882 3.043230 3.043230 3.061153 3.069432 3.077340 3.084933 3.084933 3.178597 3.209747 3.236607 3.260578 3.279793 3.293894 3.302686 3.305471 3.300440 3.286745 3.262609 3.226844 3.181337 3.140621 3.140621 3.371480 3.522982 3.703113 3.757423 3.757423 3.819428 3.819428 3.823609 3.823609 3.802934 3.714982 3.714982 3.587407 3.587407 3.347870 3.347870 3.347870 3.279572 3.279572 3.281007 3.281007 3.315034 3.315034 3.359110 3.359110 3.402818 3.402818
2.909350 2.909350 2.885275 2.966187 2.984118 2.984118 2.998718 3.022916 3.022916 3.043271 3.043271 3.061196 3.069481 3.077397 3.085005 3.085005 3.169033 3.210102 3.247950 3.281998 3.310730 3.333500 3.350196 3.360772 3.364724 3.362002 3.352179 3.334884 3.311386 3.290933 3.290933 3.429000 3.560670 3.747832 3.808809 3.808809 3.872351 3.872351 3.856519 3.856519 3.822176 3.728071 3.728071 3.637243 3.637243 3.473121 3.473121 3.473121 3.404404 3.404404 3.391960 3.391960 3.415111 3.415111 3.452808 3.452808 3.492754 3.492754
2.910737 2.910737 2.889461 2.965677 2.983726 2.983726 2.998548 3.022924 3.022924 3.043282 3.043282 3.061192 3.069475 3.077391 3.085004 3.085004 3.164358 3.213661 3.261253 3.304635 3.342124 3.372842 3.396494 3.413072 3.422474 3.424906 3.420573 3.409792 3.393927 3.379514 3.379514 3.461720 3.567734 3.744724 3.804123 3.804123 3.850142 3.850142 3.802518 3.802518 3.758357 3.680597 3.680597 3.635137 3.635137 3.542996 3.542996 3.542996 3.483229 3.483229 3.459621 3.459621 3.469896 3.469896 3.498894 3.498894 3.533501 3.533501
2.907288 2.907288 2.895695 2.965147 2.983345 2.983345 2.998373 3.022914 3.022914 3.043275 3.043275 3.061174 3.069457 3.077370 3.084993 3.084993 3.165537 3.222291 3.278403 3.330060 3.375308 3.413147 3.443166 3.465290 3.479516 3.486057 3.485250 3.477625 3.464478 3.450560 3.450560 3.495631 3.573717 3.722857 3.768246 3.768246 3.769723 3.769723 3.691255 3.691255 3.652876 3.616529 3.616529 3.616164 3.616164 3.584991 3.584991 3.584991 3.541619 3.541619 3.512927 3.512927 3.510771 3.510771 3.528979 3.528979 3.556033 3.556033
2.906900 2.906900 2.899006 2.964798 2.983108 2.983108 2.998275 3.022930 3.022930 3.043292 3.043292 3.061184 3.069463 3.077377 3.085013 3.085013 3.173382 3.237500 3.301148 3.359877 3.411636 3.455447 3.490895 3.517886 3.536443 3.546735 3.549066 3.543922 3.532354 3.517663 3.517663 3.537442 3.587792 3.688264 3.701173 3.701173 3.635960 3.635960 3.556304 3.556304 3.542263 3.557355 3.557355 3.593153 3.593153 3.609040 3.609040 3.609040 3.585871 3.585871 3.559293 3.559293 3.548084 3.548084 3.554829 3.554829 3.572372 3.572372
2.906772 2.906772 2.900108 2.964681 2.983026 2.983026 2.998241 3.022935 3.022935 3.043298 3.043298 3.061187 3.069466 3.077381 3.085035 3.085035 3.188853 3.260752 3.331145 3.395673 3.452502 3.500851 3.540442 3.571243 3.593325 3.606833 3.611997 3.609184 3.599123 3.583786 3.583786 3.586031 3.609010 3.629468 3.586982 3.586982 3.465545 3.465545 3.433069 3.433069 3.450333 3.508620 3.508620 3.569261 3.569261 3.619751 3.619751 3.619751 3.617094 3.617094 3.598589 3.598589 3.583037 3.583037 3.579519 3.579519 3.586435 3.586435
2.906901 2.906901 2.899006 2.964799 2.983108 2.983108 2.998275 3.022930 3.022930 3.043292 3.043292 3.061183 3.069463 3.077378 3.085060 3.085060 3.213417 3.293751 3.370149 3.439089 3.499327 3.550508 3.592630 3.625834 3.650281 3.666132 3.673566 3.672818 3.664246 3.648311 3.648311 3.636648 3.628341 3.519098 3.411474 3.411474 3.296194 3.296194 3.337948 3.337948 3.380092 3.466606 3.466606 3.543512 3.543512 3.619493 3.619493 3.619493 3.635460 3.635460 3.628546 3.628546 3.613600 3.613600 3.602479 3.602479 3.598758 3.598758
2.907288 2.907288 2.895695 2.965148 2.983346 2.983346 2.998373 3.022915 3.022915 3.043276 3.043276 3.061175 3.069456 3.077371 3.085094 3.085094 3.249288 3.338620 3.420081 3.491761 3.553441 3.605436 3.648170 3.682049 3.707380 3.724386 3.733218 3.733991 3.726548 3.708701 3.708701 3.679904 3.623046 3.331602 3.193469 3.193469 3.165510 3.165510 3.270278 3.270278 3.326341 3.428637 3.428637 3.516238 3.516238 3.610845 3.610845 3.610845 3.642304 3.642304 3.647880 3.647880 3.637304 3.637304 3.621875 3.621875 3.608557 3.608557
2.910738 2.910738 2.889461 2.965677 2.983727 2.983727 2.998548 3.022924 3.022924 3.043282 3.043282 3.061192 3.069475 3.077390 3.085172 3.085172 3.299865 3.398169 3.483114 3.555287 3.615956 3.666342 3.707437 3.739971 3.764441 3.781150 3.790247 3.791703 3.784233 3.758571 3.758571 3.692831 3.544915 3.085067 2.993697 2.993697 3.079359 3.079359 3.216189 3.216189 3.278568 3.389656 3.389656 3.484773 3.484773 3.593020 3.593020 3.593020 3.636621 3.636621 3.653707 3.653707 3.649489 3.649489 3.632805 3.632805 3.611771 3.611771
