simulation_files/asc/Velocity__x_199.0.asc
NCOLS        79
NROWS        79
XLLCENTER         -1.500000
YLLCENTER         -4.800000
CELLSIZE           0.100
NODATA_VALUE     -9999.0
[rows 0 to 25 of 79, columns 0 to 57 of 79]
-9999.000 -9999.000 -9999.000 -9999.000 -9999.000 -9999.000 -9999.000 -9999.000 -9999.000 -9999.000 -9999.000 -9999.000 -9999.000 -9999.000 -9999.000 -0.2596361E-02 -0.3297080E-02 -0.7967947E-03 0.3756799E-02 0.9120613E-02 0.1397302E-01 0.1759868E-01 0.1984331E-01 0.2075027E-01 0.2047001E-01 0.1920088E-01 0.1707895E-01 0.1410616E-01 0.9812040E-02 0.4790021E-02 0.4790021E-02 -9999.000 -9999.000 -9999.000 -9999.000 -9999.000 -9999.000 -9999.000 -9999.000 -9999.000 -9999.000 -9999.000 -9999.000 -9999.000 -9999.000 -9999.000 -9999.000 -9999.000 -9999.000 -9999.000 -9999.000 -9999.000 -9999.000 -9999.000 -9999.000 -9999.000 -9999.000 -9999.000
-9999.000 -9999.000 -9999.000 -9999.000 -9999.000 -9999.000 -9999.000 -9999.000 -9999.000 -9999.000 -9999.000 -9999.000 -9999.000 -9999.000 -9999.000 -0.1422095E-02 -0.9832107E-03 0.2477018E-02 0.7836911E-02 0.1390553E-01 0.1939284E-01 0.2354545E-01 0.2613234E-01 0.2712991E-01 0.2664146E-01 0.2483884E-01 0.2186099E-01 0.1774852E-01 0.1215054E-01 0.5918745E-02 0.5918745E-02 -9999.000 -9999.000 -9999.000 -9999.000 -9999.000 -9999.000 -9999.000 -9999.000 -9999.000 -9999.000 -9999.000 -9999.000 -9999.000 -9999.000 -9999.000 -9999.000 -9999.000 -9999.000 -9999.000 -9999.000 -9999.000 -9999.000 -9999.000 -9999.000 -9999.000 -9999.000 -9999.000
-9999.000 -9999.000 -9999.000 -9999.000 -9999.000 -9999.000 -9999.000 -9999.000 -9999.000 -9999.000 -9999.000 -9999.000 -9999.000 -9999.000 -9999.000 -0.1064912E-02 -0.1754092E-03 0.3845049E-02 0.9754878E-02 0.1632622E-01 0.2222785E-01 0.2667716E-01 0.2942885E-01 0.3045076E-01 0.2984373E-01 0.2778538E-01 0.2442394E-01 0.1981254E-01 0.1360322E-01 0.6664876E-02 0.6664876E-02 -9999.000 -9999.000 -9999.000 -9999.000 -9999.000 -9999.000 -9999.000 -9999.000 -9999.000 -9999.000 -9999.000 -9999.000 -9999.000 -9999.000 -9999.000 -9999.000 -9999.000 -9999.000 -9999.000 -9999.000 -9999.000 -9999.000 -9999.000 -9999.000 -9999.000 -9999.000 -9999.000
-9999.000 -9999.000 -9999.000 -9999.000 -9999.000 -9999.000 -9999.000 -9999.000 -9999.000 -9999.000 -9999.000 -9999.000 -9999.000 -9999.000 -9999.000 -0.9318898E-03 0.1784824E-03 0.4531435E-02 0.1079803E-01 0.1771487E-01 0.2390993E-01 0.2857512E-01 0.3145721E-01 0.3252144E-01 0.3187125E-01 0.2968984E-01 0.2613038E-01 0.2124885E-01 0.1467986E-01 0.7244727E-02 0.7244727E-02 -9999.000 -9999.000 -9999.000 -9999.000 -9999.000 -9999.000 -9999.000 -9999.000 -9999.000 -9999.000 -9999.000 -9999.000 -9999.000 -9999.000 -9999.000 -9999.000 -9999.000 -9999.000 -9999.000 -9999.000 -9999.000 -9999.000 -9999.000 -9999.000 -9999.000 -9999.000 -9999.000
-9999.000 -9999.000 -9999.000 -9999.000 -9999.000 -9999.000 -9999.000 -9999.000 -9999.000 -9999.000 -9999.000 -9999.000 -9999.000 -9999.000 -9999.000 -0.8774418E-03 0.3707091E-03 0.4969796E-02 0.1151596E-01 0.1871327E-01 0.2515147E-01 0.2999935E-01 0.3300039E-01 0.3411892E-01 0.3346155E-01 0.3121693E-01 0.2754049E-01 0.2248632E-01 0.1566103E-01 0.7794118E-02 0.7794118E-02 -9999.000 -9999.000 -9999.000 -9999.000 -9999.000 -9999.000 -9999.000 -9999.000 -9999.000 -9999.000 -9999.000 -9999.000 -9999.000 -9999.000 -9999.000 -9999.000 -9999.000 -9999.000 -9999.000 -9999.000 -9999.000 -9999.000 -9999.000 -9999.000 -9999.000 -9999.000 -9999.000
-9999.000 -9999.000 -9999.000 -9999.000 -9999.000 -9999.000 -9999.000 -9999.000 -9999.000 -9999.000 -9999.000 -9999.000 -9999.000 -9999.000 -9999.000 -0.8441173E-03 0.5204147E-03 0.5342552E-02 0.1214577E-01 0.1960413E-01 0.2626913E-01 0.3128887E-01 0.3440624E-01 0.3558626E-01 0.3493936E-01 0.3266048E-01 0.2890511E-01 0.2372266E-01 0.1668207E-01 0.8381576E-02 0.8381576E-02 -9999.000 -9999.000 -9999.000 -9999.000 -9999.000 -9999.000 -9999.000 -9999.000 -9999.000 -9999.000 -9999.000 -9999.000 -9999.000 -9999.000 -9999.000 -9999.000 -9999.000 -9999.000 -9999.000 -9999.000 -9999.000 -9999.000 -9999.000 -9999.000 -9999.000 -9999.000 -9999.000
-9999.000 -9999.000 -9999.000 -9999.000 -9999.000 -9999.000 -9999.000 -9999.000 -9999.000 -9999.000 -9999.000 -9999.000 -9999.000 -9999.000 -9999.000 -0.8063415E-03 0.6804641E-03 0.5731182E-02 0.1279432E-01 0.2051431E-01 0.2740587E-01 0.3259713E-01 0.3583327E-01 0.3708090E-01 0.3645590E-01 0.3415966E-01 0.3034713E-01 0.2506001E-01 0.1782046E-01 0.9049573E-02 0.9049573E-02 -9999.000 -9999.000 -9999.000 -9999.000 -9999.000 -9999.000 -9999.000 -9999.000 -9999.000 -9999.000 -9999.000 -9999.000 -9999.000 -9999.000 -9999.000 -9999.000 -9999.000 -9999.000 -9999.000 -9999.000 -9999.000 -9999.000 -9999.000 -9999.000 -9999.000 -9999.000 -9999.000
-9999.000 -9999.000 -9999.000 -9999.000 -9999.000 -9999.000 -9999.000 -9999.000 -9999.000 -9999.000 -9999.000 -9999.000 -9999.000 -9999.000 -9999.000 -0.7507476E-03 0.8784782E-03 0.6176996E-02 0.1351503E-01 0.2150868E-01 0.2863442E-01 0.3400218E-01 0.3736250E-01 0.3868536E-01 0.3809278E-01 0.3579365E-01 0.3194098E-01 0.2656582E-01 0.1913414E-01 0.9832824E-02 0.9832824E-02 -9999.000 -9999.000 -9999.000 -9999.000 -9999.000 -9999.000 -9999.000 -9999.000 -9999.000 -9999.000 -9999.000 -9999.000 -9999.000 -9999.000 -9999.000 -9999.000 -9999.000 -9999.000 -9999.000 -9999.000 -9999.000 -9999.000 -9999.000 -9999.000 -9999.000 -9999.000 -9999.000
-9999.000 -9999.000 -9999.000 -9999.000 -9999.000 -9999.000 -9999.000 -9999.000 -9999.000 -9999.000 -9999.000 -9999.000 -9999.000 -9999.000 -9999.000 -0.6682618E-03 0.1132294E-02 0.6707381E-02 0.1434359E-01 0.2262870E-01 0.3000147E-01 0.3555483E-01 0.3904824E-01 0.4045574E-01 0.3990762E-01 0.3762101E-01 0.3374606E-01 0.2830052E-01 0.2068171E-01 0.1076891E-01 0.1076891E-01 -9999.000 -9999.000 -9999.000 -9999.000 -9999.000 -9999.000 -9999.000 -9999.000 -9999.000 -9999.000 -9999.000 -9999.000 -9999.000 -9999.000 -9999.000 -9999.000 -9999.000 -9999.000 -9999.000 -9999.000 -9999.000 -9999.000 -9999.000 -9999.000 -9999.000 -9999.000 -9999.000
-9999.000 -9999.000 -9999.000 -9999.000 -9999.000 -9999.000 -9999.000 -9999.000 -9999.000 -9999.000 -9999.000 -9999.000 -9999.000 -9999.000 -9999.000 -0.5507018E-03 0.1459122E-02 0.7347132E-02 0.1531165E-01 0.2391268E-01 0.3155012E-01 0.3730153E-01 0.4093958E-01 0.4244478E-01 0.4195655E-01 0.3970204E-01 0.3582693E-01 0.3033281E-01 0.2253460E-01 0.1190540E-01 0.1190540E-01 -9999.000 -9999.000 -9999.000 -9999.000 -9999.000 -9999.000 -9999.000 -9999.000 -9999.000 -9999.000 -9999.000 -9999.000 -9999.000 -9999.000 -9999.000 -9999.000 -9999.000 -9999.000 -9999.000 -9999.000 -9999.000 -9999.000 -9999.000 -9999.000 -9999.000 -9999.000 -9999.000
-9999.000 -9999.000 -9999.000 -9999.000 -9999.000 -9999.000 -9999.000 -9999.000 -9999.000 -9999.000 -9999.000 -9999.000 -9999.000 -9999.000 -9999.000 -0.3876295E-03 0.1878933E-02 0.8126023E-02 0.1645846E-01 0.2540632E-01 0.3333063E-01 0.3929665E-01 0.4309544E-01 0.4471529E-01 0.4430776E-01 0.4211134E-01 0.3826584E-01 0.3275311E-01 0.2478910E-01 0.1330701E-01 0.1330701E-01 -9999.000 -9999.000 -9999.000 -9999.000 -9999.000 -9999.000 -9999.000 -9999.000 -9999.000 -9999.000 -9999.000 -9999.000 -9999.000 -9999.000 -9999.000 -9999.000 -9999.000 -9999.000 -9999.000 -9999.000 -9999.000 -9999.000 -9999.000 -9999.000 -9999.000 -9999.000 -9999.000
-9999.000 -9999.000 -9999.000 -9999.000 -9999.000 -9999.000 -9999.000 -9999.000 -9999.000 -9999.000 -9999.000 -9999.000 -9999.000 -9999.000 -9999.000 -0.1587061E-03 0.2434406E-02 0.9109266E-02 0.1787209E-01 0.2721179E-01 0.3544516E-01 0.4164280E-01 0.4561860E-01 0.4737183E-01 0.4706869E-01 0.4496193E-01 0.4118388E-01 0.3569226E-01 0.2758450E-01 0.1506717E-01 0.1506717E-01 -9999.000 -9999.000 -9999.000 -9999.000 -9999.000 -9999.000 -9999.000 -9999.000 -9999.000 -9999.000 -9999.000 -9999.000 -9999.000 -9999.000 -9999.000 -9999.000 -9999.000 -9999.000 -9999.000 -9999.000 -9999.000 -9999.000 -9999.000 -9999.000 -9999.000 -9999.000 -9999.000
-9999.000 -9999.000 -9999.000 -9999.000 -9999.000 -9999.000 -9999.000 -9999.000 -9999.000 -9999.000 -9999.000 -9999.000 -9999.000 -9999.000 -9999.000 0.2654447E-03 0.3403861E-02 0.1074324E-01 0.2015562E-01 0.2995821E-01 0.3844989E-01 0.4483542E-01 0.4894567E-01 0.5079709E-01 0.5057750E-01 0.4855707E-01 0.4485856E-01 0.3941056E-01 0.3116659E-01 0.1734194E-01 0.1734194E-01 -9999.000 -9999.000 -9999.000 -9999.000 -9999.000 -9999.000 -9999.000 -9999.000 -9999.000 -9999.000 -9999.000 -9999.000 -9999.000 -9999.000 -9999.000 -9999.000 -9999.000 -9999.000 -9999.000 -9999.000 -9999.000 -9999.000 -9999.000 -9999.000 -9999.000 -9999.000 -9999.000
-9999.000 -9999.000 -9999.000 -9999.000 -9999.000 -9999.000 -9999.000 -9999.000 -9999.000 -9999.000 -9999.000 -9999.000 -9999.000 -9999.000 -9999.000 0.3884586E-02 0.1122194E-01 0.2355540E-01 0.3578412E-01 0.4558499E-01 0.5268225E-01 0.5766157E-01 0.6040312E-01 0.6098264E-01 0.5964505E-01 0.5668360E-01 0.5219333E-01 0.4604430E-01 0.3698492E-01 0.2087324E-01 0.2087324E-01 -9999.000 -9999.000 -9999.000 -9999.000 -9999.000 -9999.000 -9999.000 -9999.000 -9999.000 -9999.000 -9999.000 -9999.000 -9999.000 -9999.000 -9999.000 -9999.000 -9999.000 -9999.000 -9999.000 -9999.000 -9999.000 -9999.000 -9999.000 -9999.000 -9999.000 -9999.000 -9999.000
-9999.000 -9999.000 -9999.000 -9999.000 -9999.000 -9999.000 -9999.000 -9999.000 -9999.000 -9999.000 -9999.000 -9999.000 -9999.000 -9999.000 -9999.000 0.1367134 0.2139437 0.2594393 0.2595951 0.2275873 0.1894112 0.1589119 0.1329373 0.1111602 0.9310217E-01 0.7799052E-01 0.6493025E-01 0.5296163E-01 0.4000833E-01 0.1871656E-01 0.1871656E-01 -9999.000 -9999.000 -9999.000 -9999.000 -9999.000 -9999.000 -9999.000 -9999.000 -9999.000 -9999.000 -9999.000 -9999.000 -9999.000 -9999.000 -9999.000 -9999.000 -9999.000 -9999.000 -9999.000 -9999.000 -9999.000 -9999.000 -9999.000 -9999.000 -9999.000 -9999.000 -9999.000
2.943136 2.943136 2.906890 2.971607 2.977531 2.977531 2.979957 2.980165 2.980165 2.976639 2.976639 2.970669 2.967019 2.963020 2.958788 2.958788 3.132793 3.138018 3.139027 3.138006 3.120371 3.073926 3.002753 2.907339 2.785784 2.642350 2.480562 2.306311 2.140254 2.049392 2.049392 2.855790 3.035835 3.151481 3.182516 3.182516 3.229598 3.229598 3.239125 3.239125 3.214397 3.081072 3.081072 2.816521 2.816521 2.338841 2.338841 2.338841 2.272686 2.272686 2.279665 2.279665 2.318529 2.318529 2.366205 2.366205 2.412372 2.412372
2.967829 2.967829 2.937248 3.023518 3.041465 3.041465 3.055644 3.079100 3.079100 3.098654 3.098654 3.115619 3.123370 3.130721 3.137782 3.137782 3.261798 3.282728 3.298644 3.312577 3.321661 3.323306 3.316764 3.299753 3.268608 3.221360 3.156332 3.072937 2.976034 2.889362 2.889362 3.296375 3.456857 3.615633 3.660482 3.660482 3.716979 3.716979 3.734599 3.734599 3.724476 3.652123 3.652123 3.497419 3.497419 3.172973 3.172973 3.172973 3.097991 3.097991 3.106037 3.106037 3.147200 3.147200 3.197586 3.197586 3.246646 3.246646
2.973812 2.973812 2.934690 3.023600 3.041971 3.041971 3.056572 3.080663 3.080663 3.100816 3.100816 3.118455 3.126583 3.134339 3.141843 3.141843 3.248967 3.283179 3.311837 3.336862 3.357484 3.372606 3.382167 3.385717 3.381759 3.369020 3.346034 3.311457 3.266819 3.226120 3.226120 3.451187 3.603510 3.786755 3.842659 3.842659 3.908225 3.908225 3.916732 3.916732 3.898049 3.813272 3.813272 3.687064 3.687064 3.446484 3.446484 3.446484 3.366005 3.366005 3.359886 3.359886 3.391104 3.391104 3.434931 3.434931 3.479505 3.479505
2.978201 2.978201 2.935633 3.023170 3.041656 3.041656 3.056457 3.080690 3.080690 3.100853 3.100853 3.118499 3.126634 3.134401 3.141935 3.141935 3.237493 3.282166 3.322416 3.358089 3.388361 3.412389 3.430041 3.441383 3.446119 3.444044 3.434874 3.418248 3.395264 3.374773 3.374773 3.508779 3.640193 3.829906 3.892684 3.892684 3.960827 3.960827 3.949767 3.949767 3.917060 3.822064 3.822064 3.729295 3.729295 3.567671 3.567671 3.567671 3.491507 3.491507 3.471917 3.471917 3.491440 3.491440 3.528254 3.528254 3.568760 3.568760
2.980968 2.980968 2.937514 3.022853 3.041371 3.041371 3.056338 3.080697 3.080697 3.100855 3.100855 3.118495 3.126629 3.134398 3.141960 3.141960 3.231355 3.284500 3.334898 3.380346 3.419615 3.451847 3.476735 3.494309 3.504586 3.507717 3.503957 3.493651 3.478071 3.463471 3.463471 3.542552 3.647492 3.826319 3.887836 3.887836 3.939713 3.939713 3.895783 3.895783 3.851112 3.768674 3.768674 3.720462 3.720462 3.633063 3.633063 3.633063 3.570423 3.570423 3.541177 3.541177 3.547310 3.547310 3.574642 3.574642 3.609305 3.609305
2.982058 2.982058 2.940315 3.022533 3.041120 3.041120 3.056231 3.080698 3.080698 3.100852 3.100852 3.118479 3.126611 3.134375 3.141975 3.141975 3.231493 3.292142 3.351280 3.405302 3.452554 3.492126 3.523619 3.546978 3.562264 3.569675 3.569564 3.562466 3.549618 3.535554 3.535554 3.578226 3.654768 3.805364 3.853539 3.853539 3.861493 3.861493 3.783239 3.783239 3.741496 3.698838 3.698838 3.696639 3.696639 3.671104 3.671104 3.671104 3.628226 3.628226 3.596077 3.596077 3.590127 3.590127 3.605997 3.605997 3.632494 3.632494
2.978633 2.978633 2.944763 3.022199 3.040888 3.040888 3.056115 3.080664 3.080664 3.100819 3.100819 3.118447 3.126582 3.134352 3.142020 3.142020 3.238748 3.306715 3.373490 3.434781 3.488729 3.534452 3.571565 3.599989 3.619785 3.631126 3.634314 3.629839 3.618698 3.604029 3.604029 3.622112 3.670896 3.773536 3.790347 3.790347 3.729106 3.729106 3.642119 3.642119 3.623662 3.634138 3.634138 3.669852 3.669852 3.691597 3.691597 3.691597 3.670954 3.670954 3.643194 3.643194 3.628931 3.628931 3.633114 3.633114 3.649569 3.649569
2.978405 2.978405 2.946032 3.022079 3.040820 3.040820 3.056091 3.080671 3.080671 3.100825 3.100825 3.118451 3.126587 3.134356 3.142112 3.142112 3.254047 3.329683 3.403209 3.470393 3.529525 3.579908 3.621299 3.653685 3.677158 3.691871 3.698056 3.696073 3.686613 3.671529 3.671529 3.672797 3.694751 3.720182 3.682072 3.682072 3.556153 3.556153 3.511769 3.511769 3.525762 3.582295 3.582295 3.644106 3.644106 3.700049 3.700049 3.700049 3.700790 3.700790 3.682946 3.682946 3.665639 3.665639 3.659798 3.659798 3.665253 3.665253
2.978632 2.978632 2.944763 3.022199 3.040889 3.040889 3.056115 3.080665 3.080665 3.100820 3.100820 3.118446 3.126582 3.134352 3.142231 3.142231 3.278828 3.362759 3.442235 3.513845 3.576436 3.629709 3.673706 3.708585 3.734525 3.751702 3.760289 3.760519 3.752720 3.737288 3.737288 3.725466 3.717537 3.618157 3.511407 3.511407 3.379277 3.379277 3.410707 3.410707 3.451613 3.538613 3.538613 3.617326 3.617326 3.698189 3.698189 3.698189 3.717740 3.717740 3.712743 3.712743 3.697454 3.697454 3.684719 3.684719 3.679490 3.679490
2.982058 2.982058 2.940315 3.022533 3.041121 3.041121 3.056232 3.080699 3.080699 3.100853 3.100853 3.118479 3.126611 3.134375 3.142425 3.142425 3.315324 3.408100 3.492533 3.566826 3.630831 3.684910 3.729527 3.765105 3.791977 3.810374 3.820450 3.822315 3.815795 3.798717 3.798717 3.770979 3.717506 3.438722 3.291642 3.291642 3.239616 3.239616 3.339428 3.339428 3.395728 3.499665 3.499665 3.589326 3.589326 3.688338 3.688338 3.688338 3.723265 3.723265 3.731475 3.731475 3.721792 3.721792 3.705734 3.705734 3.691194 3.691194
2.980968 2.980968 2.937515 3.022853 3.041372 3.041372 3.056338 3.080697 3.080697 3.100856 3.100856 3.118494 3.126630 3.134398 3.142699 3.142699 3.366959 3.468573 3.556357 3.631025 3.693923 3.746318 3.789237 3.823435 3.849428 3.867533 3.877906 3.880520 3.874080 3.849527 3.849527 3.787425 3.647835 3.193066 3.081380 3.081380 3.147936 3.147936 3.284233 3.284233 3.347412 3.460463 3.460463 3.557650 3.557650 3.669875 3.669875 3.669875 3.716695 3.716695 3.736727 3.736727 3.734321 3.734321 3.718046 3.718046 3.696325 3.696325
