simulation_files/asc/Velocity__x_11.0.asc
NCOLS        79
NROWS        79
XLLCENTER         -1.500000
YLLCENTER         -4.800000
CELLSIZE           0.100
NODATA_VALUE     -9999.0
[rows 0 to 25 of 79, columns 0 to 56 of 79]
-9999.000 -9999.000 -9999.000 -9999.000 -9999.000 -9999.000 -9999.000 -9999.000 -9999.000 -9999.000 -9999.000 -9999.000 -9999.000 -9999.000 -9999.000 0.8586036E-03 0.1037177E-02 0.3844133E-03 0.1418874E-03 0.5224009E-04 0.1894613E-04 0.6155927E-05 0.1607530E-07 -0.6151854E-05 -0.1897411E-04 -0.5225742E-04 -0.1418789E-03 -0.3844139E-03 -0.1037196E-02 -0.8585997E-03 -0.8585997E-03 -9999.000 -9999.000 -9999.000 -9999.000 -9999.000 -9999.000 -9999.000 -9999.000 -9999.000 -9999.000 -9999.000 -9999.000 -9999.000 -9999.000 -9999.000 -9999.000 -9999.000 -9999.000 -9999.000 -9999.000 -9999.000 -9999.000 -9999.000 -9999.000 -9999.000 -9999.000
-9999.000 -9999.000 -9999.000 -9999.000 -9999.000 -9999.000 -9999.000 -9999.000 -9999.000 -9999.000 -9999.000 -9999.000 -9999.000 -9999.000 -9999.000 0.1932541E-02 0.2440704E-02 0.1146663E-02 0.5114749E-03 0.2204688E-03 0.9110120E-04 0.3248858E-04 0.7807825E-08 -0.3248429E-04 -0.9113814E-04 -0.2204893E-03 -0.5114609E-03 -0.1146623E-02 -0.2440702E-02 -0.1932560E-02 -0.1932560E-02 -9999.000 -9999.000 -9999.000 -9999.000 -9999.000 -9999.000 -9999.000 -9999.000 -9999.000 -9999.000 -9999.000 -9999.000 -9999.000 -9999.000 -9999.000 -9999.000 -9999.000 -9999.000 -9999.000 -9999.000 -9999.000 -9999.000 -9999.000 -9999.000 -9999.000 -9999.000
-9999.000 -9999.000 -9999.000 -9999.000 -9999.000 -9999.000 -9999.000 -9999.000 -9999.000 -9999.000 -9999.000 -9999.000 -9999.000 -9999.000 -9999.000 0.2906089E-02 0.3812591E-02 0.2135100E-02 0.1106755E-02 0.5430827E-03 0.2500536E-03 0.9633772E-04 -0.2609379E-07 -0.9637533E-04 -0.2500724E-03 -0.5430529E-03 -0.1106726E-02 -0.2135065E-02 -0.3812585E-02 -0.2906069E-02 -0.2906069E-02 -9999.000 -9999.000 -9999.000 -9999.000 -9999.000 -9999.000 -9999.000 -9999.000 -9999.000 -9999.000 -9999.000 -9999.000 -9999.000 -9999.000 -9999.000 -9999.000 -9999.000 -9999.000 -9999.000 -9999.000 -9999.000 -9999.000 -9999.000 -9999.000 -9999.000 -9999.000
-9999.000 -9999.000 -9999.000 -9999.000 -9999.000 -9999.000 -9999.000 -9999.000 -9999.000 -9999.000 -9999.000 -9999.000 -9999.000 -9999.000 -9999.000 0.3656779E-02 0.4956805E-02 0.3179399E-02 0.1861875E-02 0.1017982E-02 0.5132435E-03 0.2108117E-03 -0.3551909E-07 -0.2108827E-03 -0.5132647E-03 -0.1017952E-02 -0.1861855E-02 -0.3179375E-02 -0.4956749E-02 -0.3656735E-02 -0.3656735E-02 -9999.000 -9999.000 -9999.000 -9999.000 -9999.000 -9999.000 -9999.000 -9999.000 -9999.000 -9999.000 -9999.000 -9999.000 -9999.000 -9999.000 -9999.000 -9999.000 -9999.000 -9999.000 -9999.000 -9999.000 -9999.000 -9999.000 -9999.000 -9999.000 -9999.000 -9999.000
-9999.000 -9999.000 -9999.000 -9999.000 -9999.000 -9999.000 -9999.000 -9999.000 -9999.000 -9999.000 -9999.000 -9999.000 -9999.000 -9999.000 -9999.000 0.4167811E-02 0.5809463E-02 0.4147137E-02 0.2684565E-02 0.1607321E-02 0.8745886E-03 0.3787966E-03 -0.1143940E-07 -0.3788569E-03 -0.8746142E-03 -0.1607310E-02 -0.2684535E-02 -0.4147148E-02 -0.5809454E-02 -0.4167792E-02 -0.4167792E-02 -9999.000 -9999.000 -9999.000 -9999.000 -9999.000 -9999.000 -9999.000 -9999.000 -9999.000 -9999.000 -9999.000 -9999.000 -9999.000 -9999.000 -9999.000 -9999.000 -9999.000 -9999.000 -9999.000 -9999.000 -9999.000 -9999.000 -9999.000 -9999.000 -9999.000 -9999.000
-9999.000 -9999.000 -9999.000 -9999.000 -9999.000 -9999.000 -9999.000 -9999.000 -9999.000 -9999.000 -9999.000 -9999.000 -9999.000 -9999.000 -9999.000 0.4471548E-02 0.6381383E-02 0.4958386E-02 0.3485369E-02 0.2251737E-02 0.1305964E-02 0.5910093E-03 -0.9264118E-08 -0.5910360E-03 -0.1306003E-02 -0.2251719E-02 -0.3485356E-02 -0.4958419E-02 -0.6381375E-02 -0.4471530E-02 -0.4471530E-02 -9999.000 -9999.000 -9999.000 -9999.000 -9999.000 -9999.000 -9999.000 -9999.000 -9999.000 -9999.000 -9999.000 -9999.000 -9999.000 -9999.000 -9999.000 -9999.000 -9999.000 -9999.000 -9999.000 -9999.000 -9999.000 -9999.000 -9999.000 -9999.000 -9999.000 -9999.000
-9999.000 -9999.000 -9999.000 -9999.000 -9999.000 -9999.000 -9999.000 -9999.000 -9999.000 -9999.000 -9999.000 -9999.000 -9999.000 -9999.000 -9999.000 0.4616170E-02 0.6716873E-02 0.5579017E-02 0.4194236E-02 0.2886308E-02 0.1765138E-02 0.8281576E-03 -0.2059100E-07 -0.8281736E-03 -0.1765149E-02 -0.2886306E-02 -0.4194228E-02 -0.5579002E-02 -0.6716851E-02 -0.4616155E-02 -0.4616155E-02 -9999.000 -9999.000 -9999.000 -9999.000 -9999.000 -9999.000 -9999.000 -9999.000 -9999.000 -9999.000 -9999.000 -9999.000 -9999.000 -9999.000 -9999.000 -9999.000 -9999.000 -9999.000 -9999.000 -9999.000 -9999.000 -9999.000 -9999.000 -9999.000 -9999.000 -9999.000
-9999.000 -9999.000 -9999.000 -9999.000 -9999.000 -9999.000 -9999.000 -9999.000 -9999.000 -9999.000 -9999.000 -9999.000 -9999.000 -9999.000 -9999.000 0.4648607E-02 0.6869098E-02 0.6006883E-02 0.4765874E-02 0.3453332E-02 0.2205577E-02 0.1065592E-02 -0.3592601E-07 -0.1065631E-02 -0.2205597E-02 -0.3453342E-02 -0.4765872E-02 -0.6006867E-02 -0.6869085E-02 -0.4648598E-02 -0.4648598E-02 -9999.000 -9999.000 -9999.000 -9999.000 -9999.000 -9999.000 -9999.000 -9999.000 -9999.000 -9999.000 -9999.000 -9999.000 -9999.000 -9999.000 -9999.000 -9999.000 -9999.000 -9999.000 -9999.000 -9999.000 -9999.000 -9999.000 -9999.000 -9999.000 -9999.000 -9999.000
-9999.000 -9999.000 -9999.000 -9999.000 -9999.000 -9999.000 -9999.000 -9999.000 -9999.000 -9999.000 -9999.000 -9999.000 -9999.000 -9999.000 -9999.000 0.4607081E-02 0.6886851E-02 0.6258436E-02 0.5178445E-02 0.3909846E-02 0.2585684E-02 0.1278977E-02 -0.2289245E-07 -0.1279010E-02 -0.2585723E-02 -0.3909868E-02 -0.5178449E-02 -0.6258419E-02 -0.6886826E-02 -0.4607047E-02 -0.4607047E-02 -9999.000 -9999.000 -9999.000 -9999.000 -9999.000 -9999.000 -9999.000 -9999.000 -9999.000 -9999.000 -9999.000 -9999.000 -9999.000 -9999.000 -9999.000 -9999.000 -9999.000 -9999.000 -9999.000 -9999.000 -9999.000 -9999.000 -9999.000 -9999.000 -9999.000 -9999.000
-9999.000 -9999.000 -9999.000 -9999.000 -9999.000 -9999.000 -9999.000 -9999.000 -9999.000 -9999.000 -9999.000 -9999.000 -9999.000 -9999.000 -9999.000 0.4519354E-02 0.6809364E-02 0.6358504E-02 0.5428707E-02 0.4230649E-02 0.2874880E-02 0.1448370E-02 0.1160346E-07 -0.1448356E-02 -0.2874912E-02 -0.4230713E-02 -0.5428744E-02 -0.6358520E-02 -0.6809318E-02 -0.4519332E-02 -0.4519332E-02 -9999.000 -9999.000 -9999.000 -9999.000 -9999.000 -9999.000 -9999.000 -9999.000 -9999.000 -9999.000 -9999.000 -9999.000 -9999.000 -9999.000 -9999.000 -9999.000 -9999.000 -9999.000 -9999.000 -9999.000 -9999.000 -9999.000 -9999.000 -9999.000 -9999.000 -9999.000
-9999.000 -9999.000 -9999.000 -9999.000 -9999.000 -9999.000 -9999.000 -9999.000 -9999.000 -9999.000 -9999.000 -9999.000 -9999.000 -9999.000 -9999.000 0.4404154E-02 0.6665760E-02 0.6333954E-02 0.5526738E-02 0.4407598E-02 0.3056278E-02 0.1561121E-02 0.1383539E-07 -0.1561100E-02 -0.3056298E-02 -0.4407638E-02 -0.5526761E-02 -0.6334005E-02 -0.6665793E-02 -0.4404159E-02 -0.4404159E-02 -9999.000 -9999.000 -9999.000 -9999.000 -9999.000 -9999.000 -9999.000 -9999.000 -9999.000 -9999.000 -9999.000 -9999.000 -9999.000 -9999.000 -9999.000 -9999.000 -9999.000 -9999.000 -9999.000 -9999.000 -9999.000 -9999.000 -9999.000 -9999.000 -9999.000 -9999.000
-9999.000 -9999.000 -9999.000 -9999.000 -9999.000 -9999.000 -9999.000 -9999.000 -9999.000 -9999.000 -9999.000 -9999.000 -9999.000 -9999.000 -9999.000 0.6613264E-01 0.1188731 0.9867577E-01 0.4252963E-01 0.1456042E-01 0.5778125E-02 0.2305187E-02 0.1794968E-03 -0.1566884E-02 -0.3115345E-02 -0.4443861E-02 -0.5490311E-02 -0.6210235E-02 -0.6476754E-02 -0.4273264E-02 -0.4273264E-02 -9999.000 -9999.000 -9999.000 -9999.000 -9999.000 -9999.000 -9999.000 -9999.000 -9999.000 -9999.000 -9999.000 -9999.000 -9999.000 -9999.000 -9999.000 -9999.000 -9999.000 -9999.000 -9999.000 -9999.000 -9999.000 -9999.000 -9999.000 -9999.000 -9999.000 -9999.000
-9999.000 -9999.000 -9999.000 -9999.000 -9999.000 -9999.000 -9999.000 -9999.000 -9999.000 -9999.000 -9999.000 -9999.000 -9999.000 -9999.000 -9999.000 0.5692626E-01 0.1163693 0.1670430 0.2028455 0.2142967 0.1723762 0.8404870E-01 0.2656101E-01 0.6060445E-02 -0.9334736E-03 -0.3757826E-02 -0.5174916E-02 -0.5963535E-02 -0.6243943E-02 -0.4130759E-02 -0.4130759E-02 -9999.000 -9999.000 -9999.000 -9999.000 -9999.000 -9999.000 -9999.000 -9999.000 -9999.000 -9999.000 -9999.000 -9999.000 -9999.000 -9999.000 -9999.000 -9999.000 -9999.000 -9999.000 -9999.000 -9999.000 -9999.000 -9999.000 -9999.000 -9999.000 -9999.000 -9999.000
-9999.000 -9999.000 -9999.000 -9999.000 -9999.000 -9999.000 -9999.000 -9999.000 -9999.000 -9999.000 -9999.000 -9999.000 -9999.000 -9999.000 -9999.000 0.4983719E-01 0.1083014 0.1707997 0.2165499 0.2421683 0.2537593 0.2590982 0.2462885 0.1766187 0.7573559E-01 0.2264898E-01 0.3143891E-02 -0.3309685E-02 -0.5317657E-02 -0.3821601E-02 -0.3821601E-02 -9999.000 -9999.000 -9999.000 -9999.000 -9999.000 -9999.000 -9999.000 -9999.000 -9999.000 -9999.000 -9999.000 -9999.000 -9999.000 -9999.000 -9999.000 -9999.000 -9999.000 -9999.000 -9999.000 -9999.000 -9999.000 -9999.000 -9999.000 -9999.000 -9999.000 -9999.000
-9999.000 -9999.000 -9999.000 -9999.000 -9999.000 -9999.000 -9999.000 -9999.000 -9999.000 -9999.000 -9999.000 -9999.000 -9999.000 -9999.000 -9999.000 0.5204910E-01 0.1104013 0.1766125 0.2254298 0.2557397 0.2757694 0.2912894 0.2976534 0.2951713 0.2853121 0.2274729 0.1197915 0.4305983E-01 0.9942763E-02 0.1697508E-03 0.1697508E-03 -9999.000 -9999.000 -9999.000 -9999.000 -9999.000 -9999.000 -9999.000 -9999.000 -9999.000 -9999.000 -9999.000 -9999.000 -9999.000 -9999.000 -9999.000 -9999.000 -9999.000 -9999.000 -9999.000 -9999.000 -9999.000 -9999.000 -9999.000 -9999.000 -9999.000 -9999.000
0.6368312 0.6368312 0.5839335 0.5517595 0.5391655 0.5391655 0.5277749 0.4988448 0.4988448 0.4584559 0.4584559 0.4085366 0.3778885 0.3409215 0.2952591 0.2952591 0.2320700 0.2502137 0.2731955 0.2920631 0.3080839 0.3210794 0.3270299 0.3297468 0.3323227 0.3275712 0.3102687 0.2496703 0.1598173 0.1289151 0.1289151 0.5447509 0.3508417 0.3470914E-01 0.6640776E-02 0.6640776E-02 -0.2253155E-01 -0.2253155E-01 -0.7999978E-01 -0.7999978E-01 -0.6535245E-01 0.6301214E-02 0.6301214E-02 0.8627484E-01 0.8627484E-01 0.1853770 0.1853770 0.1853770 0.2483246 0.2483246 0.3007539 0.3007539 0.3442644 0.3442644 0.3809871 0.3809871 0.4073780
0.6428473 0.6428473 0.5897152 0.5607058 0.5491942 0.5491942 0.5384973 0.5098031 0.5098031 0.4689849 0.4689849 0.4213640 0.3951887 0.3669342 0.3363325 0.3363325 0.2964463 0.3038309 0.3170516 0.3302577 0.3430014 0.3533026 0.3586359 0.3624986 0.3662958 0.3685356 0.3727472 0.3731037 0.3663895 0.3553473 0.3553473 0.6430766 0.5801008 0.5269160E-01 0.1257180E-02 0.1257180E-02 0.4965482E-01 0.4965482E-01 0.3940503E-01 0.3940503E-01 0.7439525E-01 0.1713845 0.1713845 0.2623095 0.2623095 0.3595984 0.3595984 0.3595984 0.4164066 0.4164066 0.4633169 0.4633169 0.5015479 0.5015479 0.5357557 0.5357557 0.5652447
0.6449554 0.6449554 0.5903979 0.5622675 0.5515795 0.5515795 0.5420297 0.5166320 0.5166320 0.4806838 0.4806838 0.4399989 0.4182701 0.3952245 0.3706159 0.3706159 0.3380201 0.3417469 0.3517622 0.3634975 0.3753047 0.3847771 0.3907519 0.3960455 0.4014382 0.4075862 0.4187200 0.4356208 0.4661199 0.5292706 0.5292706 0.7856426 0.8123768 0.6215566 0.4384997 0.4384997 0.1509222 0.1509222 0.1701080 0.1701080 0.2342387 0.3569138 0.3569138 0.4446734 0.4446734 0.5210567 0.5210567 0.5210567 0.5612663 0.5612663 0.5925596 0.5925596 0.6150343 0.6150343 0.6251619 0.6251619 0.6573295
0.6475746 0.6475746 0.5913306 0.5638182 0.5538456 0.5538456 0.5453346 0.5229359 0.5229359 0.4913821 0.4913821 0.4567772 0.4387523 0.4198172 0.3996262 0.3996262 0.3715583 0.3726619 0.3806823 0.3919356 0.4038593 0.4138388 0.4213896 0.4286194 0.4361838 0.4458004 0.4614677 0.4860840 0.5287039 0.6102911 0.6102911 0.8565440 0.9328178 0.8596283 0.7548067 0.7548067 0.4404239 0.4404239 0.3626544 0.3626544 0.4380355 0.5567983 0.5567983 0.6281890 0.6281890 0.6781979 0.6781979 0.6781979 0.7021241 0.7021241 0.7169147 0.7169147 0.7264792 0.7264792 0.7354134 0.7354134 0.7434988
0.6507327 0.6507327 0.5925732 0.5656800 0.5564343 0.5564343 0.5489743 0.5295041 0.5295041 0.5020397 0.5020397 0.4728673 0.4580517 0.4426007 0.4260691 0.4260691 0.4019355 0.4009550 0.4069063 0.4172690 0.4292285 0.4401117 0.4495309 0.4588968 0.4688423 0.4814893 0.5004234 0.5292722 0.5763801 0.6608796 0.6608796 0.8769515 0.9710854 0.9853986 0.9476541 0.9476541 0.7708743 0.7708743 0.6447675 0.6447675 0.6700851 0.7424619 0.7424619 0.7949925 0.7949925 0.8277480 0.8277480 0.8277480 0.8362941 0.8362941 0.8354254 0.8354254 0.8301201 0.8301201 0.8248841 0.8248841 0.8192406
0.6540354 0.6540354 0.5938201 0.5677551 0.5593219 0.5593219 0.5529779 0.5364919 0.5364919 0.5130385 0.5130385 0.4890284 0.4771912 0.4649124 0.4516402 0.4516402 0.4313723 0.4288166 0.4324940 0.4411920 0.4524988 0.4639349 0.4749371 0.4862595 0.4984606 0.5136368 0.5349053 0.5660261 0.6143335 0.6970022 0.6970022 0.8841472 0.9813298 1.037912 1.032526 1.032526 0.9360047 0.9360047 0.8555400 0.8555400 0.8549428 0.8854760 0.8854760 0.9229168 0.9229168 0.9532695 0.9532695 0.9532695 0.9587346 0.9587346 0.9491674 0.9491674 0.9313332 0.9313332 0.9117245 0.9117245 0.8921737
0.6582563 0.6582563 0.5954760 0.5702286 0.5625790 0.5625790 0.5573371 0.5438813 0.5438813 0.5244954 0.5244954 0.5056693 0.4968006 0.4876519 0.4775327 0.4775327 0.4612736 0.4575701 0.4588530 0.4651451 0.4748725 0.4860352 0.4978999 0.5106578 0.5247062 0.5418620 0.5647585 0.5969674 0.6448121 0.7237531 0.7237531 0.8866604 0.9837185 1.058580 1.062518 1.062518 0.9814392 0.9814392 0.9419934 0.9419934 0.9558473 0.9921528 0.9921528 1.021961 1.021961 1.043690 1.043690 1.043690 1.050418 1.050418 1.043853 1.043853 1.024573 1.024573 0.9969882 0.9969882 0.9657364
0.6631797 0.6631797 0.5974521 0.5730454 0.5661410 0.5661410 0.5619679 0.5515639 0.5515639 0.5363694 0.5363694 0.5229706 0.5172549 0.5114524 0.5046834 0.5046834 0.4927610 0.4881931 0.4870166 0.4903008 0.4974987 0.5073182 0.5190286 0.5324175 0.5476614 0.5661706 0.5900953 0.6226427 0.6692222 0.7438146 0.7438146 0.8867983 0.9814258 1.051976 1.042094 1.042094 0.9704472 0.9704472 0.9889510 0.9889510 1.016232 1.062944 1.062944 1.094602 1.094602 1.114222 1.114222 1.114222 1.119206 1.119206 1.112916 1.112916 1.095512 1.095512 1.068055 1.068055 1.032850
0.6679847 0.6679847 0.5993218 0.5758935 0.5697673 0.5697673 0.5666793 0.5593764 0.5593764 0.5485283 0.5485283 0.5409684 0.5387728 0.5368090 0.5339555 0.5339555 0.5269145 0.5215419 0.5177822 0.5175604 0.5213500 0.5286871 0.5390573 0.5520509 0.5676228 0.5867375 0.6110647 0.6433505 0.6881937 0.7581402 0.7581402 0.8836047 0.9690685 0.9960667 0.9741461 0.9741461 0.9595730 0.9595730 1.027814 1.027814 1.061869 1.114096 1.114096 1.148078 1.148078 1.168768 1.168768 1.168768 1.173421 1.173421 1.166870 1.166870 1.149701 1.149701 1.122763 1.122763 1.087196
0.6725466 0.6725466 0.6011430 0.5787307 0.5733709 0.5733709 0.5713481 0.5671343 0.5671343 0.5607712 0.5607712 0.5595824 0.5614573 0.5641571 0.5663074 0.5663074 0.5649802 0.5584944 0.5517978 0.5475490 0.5471203 0.5508664 0.5586522 0.5700694 0.5849005 0.6036708 0.6275467 0.6586875 0.7007691 0.7637068 0.7637068 0.8649948 0.9183601 0.9075298 0.9069930 0.9069930 0.9681281 0.9681281 1.058076 1.058076 1.094308 1.149448 1.149448 1.186030 1.186030 1.209594 1.209594 1.209594 1.215132 1.215132 1.209067 1.209067 1.192240 1.192240 1.165632 1.165632 1.130222
0.6766323 0.6766323 0.6028662 0.5814748 0.5768536 0.5768536 0.5758514 0.5746446 0.5746446 0.5728437 0.5728437 0.5786128 0.5852829 0.5938872 0.6029601 0.6029601 0.6086330 0.6000844 0.5896268 0.5806158 0.5751394 0.5742419 0.5782125 0.5867704 0.5995642 0.6166481 0.6384962 0.6661893 0.7015110 0.7494132 0.7494132 0.8053603 0.8177471 0.8391710 0.8694714 0.8694714 0.9761569 0.9761569 1.074101 1.074101 1.111762 1.170250 1.170250 1.210424 1.210424 1.238414 1.238414 1.238414 1.245744 1.245744 1.240842 1.240842 1.224801 1.224801 1.198778 1.198778 1.163805
