simulation_files/asc/Velocity____73.0.asc
NCOLS        79
NROWS        79
XLLCENTER         -1.500000
YLLCENTER         -4.800000
CELLSIZE           0.100
NODATA_VALUE     -9999.0
[rows 0 to 26 of 79, columns 0 to 59 of 79]
-9999.000 -9999.000 -9999.000 -9999.000 -9999.000 -9999.000 -9999.000 -9999.000 -9999.000 -9999.000 -9999.000 -9999.000 -9999.000 -9999.000 -9999.000 0.2219083 0.2208293 0.2210169 0.2213015 0.2216020 0.2219158 0.2222539 0.2226331 0.2230755 0.2236101 0.2242770 0.2251402 0.2263043 0.2278156 0.2251823 0.2251823 -9999.000 -9999.000 -9999.000 -9999.000 -9999.000 -9999.000 -9999.000 -9999.000 -9999.000 -9999.000 -9999.000 -9999.000 -9999.000 -9999.000 -9999.000 -9999.000 -9999.000 -9999.000 -9999.000 -9999.000 -9999.000 -9999.000 -9999.000 -9999.000 -9999.000 -9999.000 -9999.000 -9999.000 -9999.000
-9999.000 -9999.000 -9999.000 -9999.000 -9999.000 -9999.000 -9999.000 -9999.000 -9999.000 -9999.000 -9999.000 -9999.000 -9999.000 -9999.000 -9999.000 0.2188243 0.2164148 0.2167893 0.2173805 0.2180114 0.2186678 0.2193677 0.2201433 0.2210394 0.2221175 0.2234675 0.2252304 0.2276300 0.2307419 0.2257654 0.2257654 -9999.000 -9999.000 -9999.000 -9999.000 -9999.000 -9999.000 -9999.000 -9999.000 -9999.000 -9999.000 -9999.000 -9999.000 -9999.000 -9999.000 -9999.000 -9999.000 -9999.000 -9999.000 -9999.000 -9999.000 -9999.000 -9999.000 -9999.000 -9999.000 -9999.000 -9999.000 -9999.000 -9999.000 -9999.000
-9999.000 -9999.000 -9999.000 -9999.000 -9999.000 -9999.000 -9999.000 -9999.000 -9999.000 -9999.000 -9999.000 -9999.000 -9999.000 -9999.000 -9999.000 0.2141401 0.2102268 0.2108568 0.2119026 0.2130598 0.2142940 0.2156291 0.2171160 0.2188300 0.2208744 0.2233971 0.2266191 0.2308708 0.2361874 0.2290184 0.2290184 -9999.000 -9999.000 -9999.000 -9999.000 -9999.000 -9999.000 -9999.000 -9999.000 -9999.000 -9999.000 -9999.000 -9999.000 -9999.000 -9999.000 -9999.000 -9999.000 -9999.000 -9999.000 -9999.000 -9999.000 -9999.000 -9999.000 -9999.000 -9999.000 -9999.000 -9999.000 -9999.000 -9999.000 -9999.000
-9999.000 -9999.000 -9999.000 -9999.000 -9999.000 -9999.000 -9999.000 -9999.000 -9999.000 -9999.000 -9999.000 -9999.000 -9999.000 -9999.000 -9999.000 0.2083685 0.2029860 0.2039476 0.2055617 0.2073867 0.2093670 0.2115299 0.2139453 0.2167183 0.2199946 0.2239820 0.2289848 0.2354481 0.2433748 0.2345526 0.2345526 -9999.000 -9999.000 -9999.000 -9999.000 -9999.000 -9999.000 -9999.000 -9999.000 -9999.000 -9999.000 -9999.000 -9999.000 -9999.000 -9999.000 -9999.000 -9999.000 -9999.000 -9999.000 -9999.000 -9999.000 -9999.000 -9999.000 -9999.000 -9999.000 -9999.000 -9999.000 -9999.000 -9999.000 -9999.000
-9999.000 -9999.000 -9999.000 -9999.000 -9999.000 -9999.000 -9999.000 -9999.000 -9999.000 -9999.000 -9999.000 -9999.000 -9999.000 -9999.000 -9999.000 0.2015825 0.1948133 0.1961831 0.1984702 0.2010899 0.2039619 0.2071169 0.2106443 0.2146806 0.2194182 0.2251307 0.2322178 0.2412586 0.2522436 0.2423729 0.2423729 -9999.000 -9999.000 -9999.000 -9999.000 -9999.000 -9999.000 -9999.000 -9999.000 -9999.000 -9999.000 -9999.000 -9999.000 -9999.000 -9999.000 -9999.000 -9999.000 -9999.000 -9999.000 -9999.000 -9999.000 -9999.000 -9999.000 -9999.000 -9999.000 -9999.000 -9999.000 -9999.000 -9999.000 -9999.000
-9999.000 -9999.000 -9999.000 -9999.000 -9999.000 -9999.000 -9999.000 -9999.000 -9999.000 -9999.000 -9999.000 -9999.000 -9999.000 -9999.000 -9999.000 0.1937939 0.1857839 0.1876433 0.1907034 0.1942341 0.1981290 0.2024226 0.2072246 0.2127072 0.2191155 0.2268006 0.2362758 0.2482838 0.2628441 0.2526412 0.2526412 -9999.000 -9999.000 -9999.000 -9999.000 -9999.000 -9999.000 -9999.000 -9999.000 -9999.000 -9999.000 -9999.000 -9999.000 -9999.000 -9999.000 -9999.000 -9999.000 -9999.000 -9999.000 -9999.000 -9999.000 -9999.000 -9999.000 -9999.000 -9999.000 -9999.000 -9999.000 -9999.000 -9999.000 -9999.000
-9999.000 -9999.000 -9999.000 -9999.000 -9999.000 -9999.000 -9999.000 -9999.000 -9999.000 -9999.000 -9999.000 -9999.000 -9999.000 -9999.000 -9999.000 0.1849614 0.1759362 0.1783781 0.1823118 0.1868663 0.1919080 0.1974756 0.2037025 0.2108012 0.2190795 0.2289814 0.2411606 0.2565677 0.2753179 0.2656673 0.2656673 -9999.000 -9999.000 -9999.000 -9999.000 -9999.000 -9999.000 -9999.000 -9999.000 -9999.000 -9999.000 -9999.000 -9999.000 -9999.000 -9999.000 -9999.000 -9999.000 -9999.000 -9999.000 -9999.000 -9999.000 -9999.000 -9999.000 -9999.000 -9999.000 -9999.000 -9999.000 -9999.000 -9999.000 -9999.000
-9999.000 -9999.000 -9999.000 -9999.000 -9999.000 -9999.000 -9999.000 -9999.000 -9999.000 -9999.000 -9999.000 -9999.000 -9999.000 -9999.000 -9999.000 0.1749973 0.1652799 0.1684166 0.1733325 0.1790265 0.1853379 0.1923111 0.2001059 0.2089832 0.2193253 0.2316911 0.2469115 0.2662070 0.2898962 0.2819345 0.2819345 -9999.000 -9999.000 -9999.000 -9999.000 -9999.000 -9999.000 -9999.000 -9999.000 -9999.000 -9999.000 -9999.000 -9999.000 -9999.000 -9999.000 -9999.000 -9999.000 -9999.000 -9999.000 -9999.000 -9999.000 -9999.000 -9999.000 -9999.000 -9999.000 -9999.000 -9999.000 -9999.000 -9999.000 -9999.000
-9999.000 -9999.000 -9999.000 -9999.000 -9999.000 -9999.000 -9999.000 -9999.000 -9999.000 -9999.000 -9999.000 -9999.000 -9999.000 -9999.000 -9999.000 0.1637729 0.1538004 0.1577750 0.1637991 0.1707599 0.1784704 0.1869817 0.1964857 0.2072999 0.2198968 0.2349790 0.2536048 0.2773531 0.3069108 0.3021614 0.3021614 -9999.000 -9999.000 -9999.000 -9999.000 -9999.000 -9999.000 -9999.000 -9999.000 -9999.000 -9999.000 -9999.000 -9999.000 -9999.000 -9999.000 -9999.000 -9999.000 -9999.000 -9999.000 -9999.000 -9999.000 -9999.000 -9999.000 -9999.000 -9999.000 -9999.000 -9999.000 -9999.000 -9999.000 -9999.000
-9999.000 -9999.000 -9999.000 -9999.000 -9999.000 -9999.000 -9999.000 -9999.000 -9999.000 -9999.000 -9999.000 -9999.000 -9999.000 -9999.000 -9999.000 0.1511220 0.1414647 0.1464656 0.1537544 0.1621323 0.1713869 0.1815781 0.1929351 0.2058422 0.2208827 0.2389390 0.2613643 0.2902209 0.3268199 0.3274192 0.3274192 -9999.000 -9999.000 -9999.000 -9999.000 -9999.000 -9999.000 -9999.000 -9999.000 -9999.000 -9999.000 -9999.000 -9999.000 -9999.000 -9999.000 -9999.000 -9999.000 -9999.000 -9999.000 -9999.000 -9999.000 -9999.000 -9999.000 -9999.000 -9999.000 -9999.000 -9999.000 -9999.000 -9999.000 -9999.000
-9999.000 -9999.000 -9999.000 -9999.000 -9999.000 -9999.000 -9999.000 -9999.000 -9999.000 -9999.000 -9999.000 -9999.000 -9999.000 -9999.000 -9999.000 0.1368449 0.1282276 0.1345112 0.1432721 0.1532573 0.1642299 0.1762614 0.1896240 0.2047822 0.2224516 0.2437399 0.2703851 0.3051117 0.3502520 0.3593513 0.3593513 -9999.000 -9999.000 -9999.000 -9999.000 -9999.000 -9999.000 -9999.000 -9999.000 -9999.000 -9999.000 -9999.000 -9999.000 -9999.000 -9999.000 -9999.000 -9999.000 -9999.000 -9999.000 -9999.000 -9999.000 -9999.000 -9999.000 -9999.000 -9999.000 -9999.000 -9999.000 -9999.000 -9999.000 -9999.000
-9999.000 -9999.000 -9999.000 -9999.000 -9999.000 -9999.000 -9999.000 -9999.000 -9999.000 -9999.000 -9999.000 -9999.000 -9999.000 -9999.000 -9999.000 0.1207124 0.1140461 0.1219760 0.1325004 0.1443479 0.1572606 0.1713265 0.1868687 0.2044434 0.2249237 0.2496942 0.2809928 0.3224598 0.3780773 0.4006033 0.4006033 -9999.000 -9999.000 -9999.000 -9999.000 -9999.000 -9999.000 -9999.000 -9999.000 -9999.000 -9999.000 -9999.000 -9999.000 -9999.000 -9999.000 -9999.000 -9999.000 -9999.000 -9999.000 -9999.000 -9999.000 -9999.000 -9999.000 -9999.000 -9999.000 -9999.000 -9999.000 -9999.000 -9999.000 -9999.000
-9999.000 -9999.000 -9999.000 -9999.000 -9999.000 -9999.000 -9999.000 -9999.000 -9999.000 -9999.000 -9999.000 -9999.000 -9999.000 -9999.000 -9999.000 0.1024730 0.9891797E-01 0.1090356 0.1217528 0.1358217 0.1509756 0.1673305 0.1852712 0.2054552 0.2289328 0.2574185 0.2937862 0.3429447 0.4115306 0.4557394 0.4557394 -9999.000 -9999.000 -9999.000 -9999.000 -9999.000 -9999.000 -9999.000 -9999.000 -9999.000 -9999.000 -9999.000 -9999.000 -9999.000 -9999.000 -9999.000 -9999.000 -9999.000 -9999.000 -9999.000 -9999.000 -9999.000 -9999.000 -9999.000 -9999.000 -9999.000 -9999.000 -9999.000 -9999.000 -9999.000
-9999.000 -9999.000 -9999.000 -9999.000 -9999.000 -9999.000 -9999.000 -9999.000 -9999.000 -9999.000 -9999.000 -9999.000 -9999.000 -9999.000 -9999.000 0.8183034E-01 0.8302762E-01 0.9625565E-01 0.1118650 0.1287007 0.1465312 0.1655337 0.1861730 0.2092178 0.2359051 0.2683142 0.3100877 0.3678489 0.4524816 0.5335214 0.5335214 -9999.000 -9999.000 -9999.000 -9999.000 -9999.000 -9999.000 -9999.000 -9999.000 -9999.000 -9999.000 -9999.000 -9999.000 -9999.000 -9999.000 -9999.000 -9999.000 -9999.000 -9999.000 -9999.000 -9999.000 -9999.000 -9999.000 -9999.000 -9999.000 -9999.000 -9999.000 -9999.000 -9999.000 -9999.000
-9999.000 -9999.000 -9999.000 -9999.000 -9999.000 -9999.000 -9999.000 -9999.000 -9999.000 -9999.000 -9999.000 -9999.000 -9999.000 -9999.000 -9999.000 0.5814551E-01 0.7520391E-01 0.9747096E-01 0.1188064 0.1393137 0.1595093 0.1800817 0.2018777 0.2259973 0.2540368 0.2885929 0.3342931 0.4000780 0.5035365 0.6516178 0.6516178 -9999.000 -9999.000 -9999.000 -9999.000 -9999.000 -9999.000 -9999.000 -9999.000 -9999.000 -9999.000 -9999.000 -9999.000 -9999.000 -9999.000 -9999.000 -9999.000 -9999.000 -9999.000 -9999.000 -9999.000 -9999.000 -9999.000 -9999.000 -9999.000 -9999.000 -9999.000 -9999.000 -9999.000 -9999.000
1.649858 1.649858 1.716004 1.749036 1.757457 1.757457 1.763486 1.771217 1.771217 1.775409 1.775409 1.777281 1.777541 1.633449 1.370347 1.370347 1.187891 1.122797 1.050513 0.9727809 0.8920256 0.8114532 0.7350051 0.6672847 0.6135847 0.5802203 0.5755058 0.6121259 0.7128524 0.9393811 0.9393811 1.582723 1.775991 1.830299 1.792586 1.792586 1.667123 1.667123 1.465013 1.465013 1.108003 0.9371914 0.9371914 0.9288893 0.9288893 0.9692115 0.9692115 0.9692115 1.019470 1.019470 1.064098 1.064098 1.101806 1.101806 1.146124 1.146124 1.173519 1.173519 1.173519 1.193112
1.664497 1.664497 1.736145 1.783504 1.799511 1.799511 1.813210 1.836333 1.836333 1.855841 1.855841 1.872900 1.880701 1.814897 1.531306 1.531306 1.436452 1.411355 1.378317 1.336416 1.285627 1.226832 1.161902 1.093902 1.027448 0.9692527 0.9289684 0.9206990 0.9659796 1.102599 1.102599 1.563182 1.718844 1.821123 1.835016 1.835016 1.813189 1.813189 1.719852 1.719852 1.530045 1.248054 1.248054 1.248134 1.248134 1.299707 1.299707 1.299707 1.353194 1.353194 1.401421 1.401421 1.429725 1.429725 1.484145 1.484145 1.517959 1.517959 1.517959 1.544706
1.667932 1.667932 1.737577 1.784012 1.799991 1.799991 1.813776 1.837243 1.837243 1.857200 1.857200 1.874770 1.882849 1.847341 1.583711 1.583711 1.498115 1.492308 1.482193 1.466189 1.443409 1.413608 1.377260 1.335749 1.291662 1.249259 1.215250 1.200188 1.221322 1.312184 1.312184 1.659516 1.800463 1.917956 1.944209 1.944209 1.946010 1.946010 1.886591 1.886591 1.784964 1.523668 1.523668 1.486308 1.486308 1.528873 1.528873 1.528873 1.576436 1.576436 1.617668 1.617668 1.649911 1.649911 1.689260 1.689260 1.717663 1.717663 1.717663 1.739423
1.670596 1.670596 1.738742 1.784220 1.800038 1.800038 1.813757 1.837214 1.837214 1.857202 1.857202 1.874793 1.882879 1.862848 1.635819 1.635819 1.530193 1.532980 1.533176 1.529654 1.521825 1.509460 1.492689 1.472164 1.449304 1.426650 1.408437 1.401607 1.418184 1.486164 1.486164 1.749738 1.870958 1.980566 2.004237 2.004237 2.008638 2.008638 1.972268 1.972268 1.921922 1.731309 1.731309 1.656503 1.656503 1.684886 1.684886 1.684886 1.725644 1.725644 1.761762 1.761762 1.790691 1.790691 1.822241 1.822241 1.846912 1.846912 1.846912 1.865449
1.672593 1.672593 1.739689 1.784403 1.800075 1.800075 1.813728 1.837174 1.837174 1.857185 1.857185 1.874788 1.882874 1.872795 1.694798 1.694798 1.558516 1.567022 1.572925 1.575565 1.574955 1.571386 1.565300 1.557336 1.548490 1.540351 1.535500 1.538130 1.555677 1.610444 1.610444 1.818997 1.918306 2.008050 2.022864 2.022864 2.020935 2.020935 2.004477 2.004477 1.985997 1.877833 1.877833 1.788693 1.788693 1.792976 1.792976 1.792976 1.827217 1.827217 1.859616 1.859616 1.886247 1.886247 1.912793 1.912793 1.934457 1.934457 1.934457 1.950588
1.673979 1.673979 1.740387 1.784548 1.800103 1.800103 1.813703 1.837139 1.837139 1.857171 1.857171 1.874785 1.882872 1.879216 1.756266 1.756266 1.588171 1.602101 1.612609 1.619193 1.622357 1.622938 1.621865 1.620130 1.618812 1.619162 1.622837 1.632080 1.650278 1.695383 1.695383 1.861484 1.939340 1.999552 2.003483 2.003483 1.999710 1.999710 2.006371 2.006371 2.009165 1.969475 1.969475 1.896775 1.896775 1.875511 1.875511 1.875511 1.900986 1.900986 1.929075 1.929075 1.953362 1.953362 1.976192 1.976192 1.994896 1.994896 1.994896 2.008695
1.674795 1.674795 1.740814 1.784640 1.800121 1.800121 1.813686 1.837116 1.837116 1.857163 1.857163 1.874783 1.882871 1.883334 1.803743 1.803743 1.620048 1.639621 1.654859 1.664952 1.670732 1.673444 1.674431 1.675100 1.676857 1.681011 1.688851 1.701243 1.717686 1.750757 1.750757 1.876590 1.930831 1.955135 1.952257 1.952257 1.960321 1.960321 1.993077 1.993077 2.010786 2.017998 2.017998 1.978764 1.978764 1.943547 1.943547 1.943547 1.958456 1.958456 1.980702 1.980702 2.001852 2.001852 2.021062 2.021062 2.036601 2.036601 2.036601 2.047924
1.675064 1.675064 1.740958 1.784672 1.800128 1.800128 1.813681 1.837108 1.837108 1.857160 1.857160 1.874782 1.882871 1.885962 1.835021 1.835021 1.655834 1.680030 1.700198 1.713873 1.722010 1.726187 1.727960 1.729032 1.731208 1.736076 1.744952 1.757509 1.766934 1.780194 1.780194 1.862797 1.887536 1.881009 1.881492 1.881492 1.915467 1.915467 1.972912 1.972912 2.001107 2.037775 2.037775 2.032664 2.032664 2.000474 2.000474 2.000474 2.005859 2.005859 2.021044 2.021044 2.037698 2.037698 2.052859 2.052859 2.065006 2.065006 2.065006 2.073740
1.674795 1.674795 1.740814 1.784640 1.800121 1.800121 1.813686 1.837116 1.837116 1.857163 1.857163 1.874783 1.882871 1.887633 1.856402 1.856402 1.701740 1.726399 1.750195 1.766976 1.777306 1.782618 1.784591 1.785147 1.786356 1.790119 1.797907 1.807160 1.800368 1.780304 1.780304 1.813989 1.805449 1.791543 1.806117 1.806117 1.872218 1.872218 1.949645 1.949645 1.985233 2.040309 2.040309 2.061956 2.061956 2.045764 2.045764 2.045764 2.045616 2.045616 2.053852 2.053852 2.064872 2.064872 2.075340 2.075340 2.083682 2.083682 2.083682 2.089647
1.673979 1.673979 1.740387 1.784548 1.800103 1.800103 1.813703 1.837139 1.837139 1.857172 1.857172 1.874784 1.882872 1.888692 1.870673 1.870673 1.761415 1.780936 1.806511 1.825789 1.837891 1.843942 1.845640 1.845029 1.844381 1.845870 1.851012 1.852639 1.812864 1.743137 1.743137 1.724369 1.689738 1.702424 1.735782 1.735782 1.832433 1.832433 1.924855 1.924855 1.965830 2.032905 2.032905 2.073190 2.073190 2.078340 2.078340 2.078340 2.077729 2.077729 2.080624 2.080624 2.085687 2.085687 2.090832 2.090832 2.094918 2.094918 2.094918 2.097952
1.672593 1.672593 1.739689 1.784403 1.800075 1.800075 1.813728 1.837174 1.837174 1.857186 1.857186 1.874788 1.882874 1.889358 1.879985 1.879985 1.830802 1.847206 1.872012 1.892123 1.904988 1.911104 1.911980 1.909647 1.906477 1.904859 1.906056 1.891571 1.783007 1.653676 1.653676 1.594881 1.568130 1.622738 1.668977 1.668977 1.795577 1.795577 1.899474 1.899474 1.944576 2.019876 2.019876 2.072600 2.072600 2.098407 2.098407 2.098407 2.101384 2.101384 2.101371 2.101371 2.100997 2.100997 2.100565 2.100565 2.100126 2.100126 2.100126 2.100201
1.670596 1.670596 1.738742 1.784220 1.800038 1.800038 1.813756 1.837215 1.837215 1.857202 1.857202 1.874793 1.882878 1.889774 1.885903 1.885903 1.908104 1.927202 1.949804 1.968339 1.980131 1.985085 1.984316 1.979644 1.973379 1.968016 1.963583 1.910142 1.677455 1.520281 1.520281 1.448617 1.449832 1.553586 1.618589 1.618589 1.761568 1.761568 1.875046 1.875046 1.923256 2.004087 2.004087 2.064845 2.064845 2.107401 2.107401 2.107401 2.115888 2.115888 2.115222 2.115222 2.110558 2.110558 2.104852 2.104852 2.099984 2.099984 2.099984 2.097271
