simulation_files/asc/Velocity__y_223.0.asc
NCOLS        79
NROWS        79
XLLCENTER         -1.500000
YLLCENTER         -4.800000
CELLSIZE           0.100
NODATA_VALUE     -9999.0
[rows 0 to 26 of 79, columns 0 to 58 of 79]
-9999.000 -9999.000 -9999.000 -9999.000 -9999.000 -9999.000 -9999.000 -9999.000 -9999.000 -9999.000 -9999.000 -9999.000 -9999.000 -9999.000 -9999.000 -0.8922680E-01 -0.8592244E-01 -0.8449410E-01 -0.8387951E-01 -0.8433929E-01 -0.8516541E-01 -0.8603604E-01 -0.8688505E-01 -0.8764408E-01 -0.8828296E-01 -0.8884426E-01 -0.8936070E-01 -0.8999427E-01 -0.9132921E-01 -0.9272635E-01 -0.9272635E-01 -9999.000 -9999.000 -9999.000 -9999.000 -9999.000 -9999.000 -9999.000 -9999.000 -9999.000 -9999.000 -9999.000 -9999.000 -9999.000 -9999.000 -9999.000 -9999.000 -9999.000 -9999.000 -9999.000 -9999.000 -9999.000 -9999.000 -9999.000 -9999.000 -9999.000 -9999.000 -9999.000 -9999.000
-9999.000 -9999.000 -9999.000 -9999.000 -9999.000 -9999.000 -9999.000 -9999.000 -9999.000 -9999.000 -9999.000 -9999.000 -9999.000 -9999.000 -9999.000 -0.9022456E-01 -0.8327565E-01 -0.8022124E-01 -0.7892624E-01 -0.7995562E-01 -0.8181158E-01 -0.8380131E-01 -0.8577111E-01 -0.8756452E-01 -0.8910782E-01 -0.9048347E-01 -0.9175324E-01 -0.9325256E-01 -0.9620175E-01 -0.9956095E-01 -0.9956095E-01 -9999.000 -9999.000 -9999.000 -9999.000 -9999.000 -9999.000 -9999.000 -9999.000 -9999.000 -9999.000 -9999.000 -9999.000 -9999.000 -9999.000 -9999.000 -9999.000 -9999.000 -9999.000 -9999.000 -9999.000 -9999.000 -9999.000 -9999.000 -9999.000 -9999.000 -9999.000 -9999.000 -9999.000
-9999.000 -9999.000 -9999.000 -9999.000 -9999.000 -9999.000 -9999.000 -9999.000 -9999.000 -9999.000 -9999.000 -9999.000 -9999.000 -9999.000 -9999.000 -0.9032771E-01 -0.7938281E-01 -0.7446515E-01 -0.7243554E-01 -0.7421814E-01 -0.7740947E-01 -0.8088163E-01 -0.8436900E-01 -0.8759867E-01 -0.9043416E-01 -0.9299298E-01 -0.9535842E-01 -0.9805631E-01 -0.1030273 -0.1090936 -0.1090936 -9999.000 -9999.000 -9999.000 -9999.000 -9999.000 -9999.000 -9999.000 -9999.000 -9999.000 -9999.000 -9999.000 -9999.000 -9999.000 -9999.000 -9999.000 -9999.000 -9999.000 -9999.000 -9999.000 -9999.000 -9999.000 -9999.000 -9999.000 -9999.000 -9999.000 -9999.000 -9999.000 -9999.000
-9999.000 -9999.000 -9999.000 -9999.000 -9999.000 -9999.000 -9999.000 -9999.000 -9999.000 -9999.000 -9999.000 -9999.000 -9999.000 -9999.000 -9999.000 -0.8994896E-01 -0.7500750E-01 -0.6822453E-01 -0.6549413E-01 -0.6810721E-01 -0.7272755E-01 -0.7778353E-01 -0.8289742E-01 -0.8767390E-01 -0.9190902E-01 -0.9575412E-01 -0.9931023E-01 -0.1032970 -0.1104112 -0.1196589 -0.1196589 -9999.000 -9999.000 -9999.000 -9999.000 -9999.000 -9999.000 -9999.000 -9999.000 -9999.000 -9999.000 -9999.000 -9999.000 -9999.000 -9999.000 -9999.000 -9999.000 -9999.000 -9999.000 -9999.000 -9999.000 -9999.000 -9999.000 -9999.000 -9999.000 -9999.000 -9999.000 -9999.000 -9999.000
-9999.000 -9999.000 -9999.000 -9999.000 -9999.000 -9999.000 -9999.000 -9999.000 -9999.000 -9999.000 -9999.000 -9999.000 -9999.000 -9999.000 -9999.000 -0.8930975E-01 -0.7032481E-01 -0.6165761E-01 -0.5823855E-01 -0.6173527E-01 -0.6784753E-01 -0.7455148E-01 -0.8136021E-01 -0.8775012E-01 -0.9344796E-01 -0.9864177E-01 -0.1034477 -0.1087897 -0.1181669 -0.1311084 -0.1311084 -9999.000 -9999.000 -9999.000 -9999.000 -9999.000 -9999.000 -9999.000 -9999.000 -9999.000 -9999.000 -9999.000 -9999.000 -9999.000 -9999.000 -9999.000 -9999.000 -9999.000 -9999.000 -9999.000 -9999.000 -9999.000 -9999.000 -9999.000 -9999.000 -9999.000 -9999.000 -9999.000 -9999.000
-9999.000 -9999.000 -9999.000 -9999.000 -9999.000 -9999.000 -9999.000 -9999.000 -9999.000 -9999.000 -9999.000 -9999.000 -9999.000 -9999.000 -9999.000 -0.8847555E-01 -0.6539215E-01 -0.5482058E-01 -0.5072074E-01 -0.5514739E-01 -0.6280217E-01 -0.7120203E-01 -0.7975639E-01 -0.8780713E-01 -0.9501132E-01 -0.1015989 -0.1076990 -0.1144545 -0.1262246 -0.1434582 -0.1434582 -9999.000 -9999.000 -9999.000 -9999.000 -9999.000 -9999.000 -9999.000 -9999.000 -9999.000 -9999.000 -9999.000 -9999.000 -9999.000 -9999.000 -9999.000 -9999.000 -9999.000 -9999.000 -9999.000 -9999.000 -9999.000 -9999.000 -9999.000 -9999.000 -9999.000 -9999.000 -9999.000 -9999.000
-9999.000 -9999.000 -9999.000 -9999.000 -9999.000 -9999.000 -9999.000 -9999.000 -9999.000 -9999.000 -9999.000 -9999.000 -9999.000 -9999.000 -9999.000 -0.8744480E-01 -0.6021533E-01 -0.4772356E-01 -0.4295278E-01 -0.4835768E-01 -0.5760214E-01 -0.6773901E-01 -0.7808230E-01 -0.8783232E-01 -0.9657717E-01 -0.1045958 -0.1120282 -0.1202542 -0.1345643 -0.1568161 -0.1568161 -9999.000 -9999.000 -9999.000 -9999.000 -9999.000 -9999.000 -9999.000 -9999.000 -9999.000 -9999.000 -9999.000 -9999.000 -9999.000 -9999.000 -9999.000 -9999.000 -9999.000 -9999.000 -9999.000 -9999.000 -9999.000 -9999.000 -9999.000 -9999.000 -9999.000 -9999.000 -9999.000 -9999.000
-9999.000 -9999.000 -9999.000 -9999.000 -9999.000 -9999.000 -9999.000 -9999.000 -9999.000 -9999.000 -9999.000 -9999.000 -9999.000 -9999.000 -9999.000 -0.8618360E-01 -0.5477617E-01 -0.4035454E-01 -0.3492852E-01 -0.4136529E-01 -0.5224708E-01 -0.6415911E-01 -0.7633098E-01 -0.8781431E-01 -0.9812865E-01 -0.1076117 -0.1164116 -0.1261672 -0.1431874 -0.1713563 -0.1713563 -9999.000 -9999.000 -9999.000 -9999.000 -9999.000 -9999.000 -9999.000 -9999.000 -9999.000 -9999.000 -9999.000 -9999.000 -9999.000 -9999.000 -9999.000 -9999.000 -9999.000 -9999.000 -9999.000 -9999.000 -9999.000 -9999.000 -9999.000 -9999.000 -9999.000 -9999.000 -9999.000 -9999.000
-9999.000 -9999.000 -9999.000 -9999.000 -9999.000 -9999.000 -9999.000 -9999.000 -9999.000 -9999.000 -9999.000 -9999.000 -9999.000 -9999.000 -9999.000 -0.8463983E-01 -0.4904215E-01 -0.3269019E-01 -0.2663160E-01 -0.3416144E-01 -0.4673065E-01 -0.6045428E-01 -0.7449298E-01 -0.8773989E-01 -0.9964805E-01 -0.1106264 -0.1208271 -0.1321754 -0.1521030 -0.1873178 -0.1873178 -9999.000 -9999.000 -9999.000 -9999.000 -9999.000 -9999.000 -9999.000 -9999.000 -9999.000 -9999.000 -9999.000 -9999.000 -9999.000 -9999.000 -9999.000 -9999.000 -9999.000 -9999.000 -9999.000 -9999.000 -9999.000 -9999.000 -9999.000 -9999.000 -9999.000 -9999.000 -9999.000 -9999.000
-9999.000 -9999.000 -9999.000 -9999.000 -9999.000 -9999.000 -9999.000 -9999.000 -9999.000 -9999.000 -9999.000 -9999.000 -9999.000 -9999.000 -9999.000 -0.8274617E-01 -0.4297136E-01 -0.2469806E-01 -0.1803779E-01 -0.2673169E-01 -0.4104118E-01 -0.5661203E-01 -0.7255455E-01 -0.8759180E-01 -0.1011143 -0.1136156 -0.1252480 -0.1382571 -0.1613223 -0.2050177 -0.2050177 -9999.000 -9999.000 -9999.000 -9999.000 -9999.000 -9999.000 -9999.000 -9999.000 -9999.000 -9999.000 -9999.000 -9999.000 -9999.000 -9999.000 -9999.000 -9999.000 -9999.000 -9999.000 -9999.000 -9999.000 -9999.000 -9999.000 -9999.000 -9999.000 -9999.000 -9999.000 -9999.000 -9999.000
-9999.000 -9999.000 -9999.000 -9999.000 -9999.000 -9999.000 -9999.000 -9999.000 -9999.000 -9999.000 -9999.000 -9999.000 -9999.000 -9999.000 -9999.000 -0.8042098E-01 -0.3651123E-01 -0.1633686E-01 -0.9115478E-02 -0.1905537E-01 -0.3516172E-01 -0.5261433E-01 -0.7049643E-01 -0.8734699E-01 -0.1024983 -0.1165476 -0.1296394 -0.1443817 -0.1708531 -0.2248790 -0.2248790 -9999.000 -9999.000 -9999.000 -9999.000 -9999.000 -9999.000 -9999.000 -9999.000 -9999.000 -9999.000 -9999.000 -9999.000 -9999.000 -9999.000 -9999.000 -9999.000 -9999.000 -9999.000 -9999.000 -9999.000 -9999.000 -9999.000 -9999.000 -9999.000 -9999.000 -9999.000 -9999.000 -9999.000
-9999.000 -9999.000 -9999.000 -9999.000 -9999.000 -9999.000 -9999.000 -9999.000 -9999.000 -9999.000 -9999.000 -9999.000 -9999.000 -9999.000 -9999.000 -0.7756290E-01 -0.2959499E-01 -0.7552677E-02 0.1774587E-03 -0.1110522E-01 -0.2906898E-01 -0.4843627E-01 -0.6829188E-01 -0.8697348E-01 -0.1037611 -0.1193780 -0.1339514 -0.1505040 -0.1806957 -0.2474764 -0.2474764 -9999.000 -9999.000 -9999.000 -9999.000 -9999.000 -9999.000 -9999.000 -9999.000 -9999.000 -9999.000 -9999.000 -9999.000 -9999.000 -9999.000 -9999.000 -9999.000 -9999.000 -9999.000 -9999.000 -9999.000 -9999.000 -9999.000 -9999.000 -9999.000 -9999.000 -9999.000 -9999.000 -9999.000
-9999.000 -9999.000 -9999.000 -9999.000 -9999.000 -9999.000 -9999.000 -9999.000 -9999.000 -9999.000 -9999.000 -9999.000 -9999.000 -9999.000 -9999.000 -0.7401558E-01 -0.2211248E-01 0.1744433E-02 0.9900974E-02 -0.2850728E-02 -0.2273938E-01 -0.4405223E-01 -0.6591262E-01 -0.8643467E-01 -0.1048553 -0.1220512 -0.1381186 -0.1565602 -0.1908385 -0.2736104 -0.2736104 -9999.000 -9999.000 -9999.000 -9999.000 -9999.000 -9999.000 -9999.000 -9999.000 -9999.000 -9999.000 -9999.000 -9999.000 -9999.000 -9999.000 -9999.000 -9999.000 -9999.000 -9999.000 -9999.000 -9999.000 -9999.000 -9999.000 -9999.000 -9999.000 -9999.000 -9999.000 -9999.000 -9999.000
-9999.000 -9999.000 -9999.000 -9999.000 -9999.000 -9999.000 -9999.000 -9999.000 -9999.000 -9999.000 -9999.000 -9999.000 -9999.000 -9999.000 -9999.000 -0.6836291E-01 -0.1297384E-01 0.1225556E-01 0.2014448E-01 0.5459054E-02 -0.1646947E-01 -0.3974898E-01 -0.6361824E-01 -0.8594809E-01 -0.1059506 -0.1246924 -0.1422243 -0.1626108 -0.2013884 -0.3045931 -0.3045931 -9999.000 -9999.000 -9999.000 -9999.000 -9999.000 -9999.000 -9999.000 -9999.000 -9999.000 -9999.000 -9999.000 -9999.000 -9999.000 -9999.000 -9999.000 -9999.000 -9999.000 -9999.000 -9999.000 -9999.000 -9999.000 -9999.000 -9999.000 -9999.000 -9999.000 -9999.000 -9999.000 -9999.000
-9999.000 -9999.000 -9999.000 -9999.000 -9999.000 -9999.000 -9999.000 -9999.000 -9999.000 -9999.000 -9999.000 -9999.000 -9999.000 -9999.000 -9999.000 -0.7077888E-02 0.1821595E-01 0.2567445E-01 0.1969833E-01 -0.8309347E-03 -0.2265735E-01 -0.4563758E-01 -0.6937634E-01 -0.9159254E-01 -0.1115492 -0.1305283 -0.1484658 -0.1700152 -0.2129250 -0.3402545 -0.3402545 -9999.000 -9999.000 -9999.000 -9999.000 -9999.000 -9999.000 -9999.000 -9999.000 -9999.000 -9999.000 -9999.000 -9999.000 -9999.000 -9999.000 -9999.000 -9999.000 -9999.000 -9999.000 -9999.000 -9999.000 -9999.000 -9999.000 -9999.000 -9999.000 -9999.000 -9999.000 -9999.000 -9999.000
-0.4089963E-02 -0.4089963E-02 -0.5824578E-02 -0.7172005E-02 -0.6734943E-02 -0.6734943E-02 -0.6594792E-02 -0.6546481E-02 -0.6546481E-02 -0.6536302E-02 -0.6536302E-02 -0.6513066E-02 -0.6497519E-02 -0.6480411E-02 -0.6467956E-02 -0.6467956E-02 0.3953791E-01 0.3531634E-01 0.2008338E-01 -0.3621283E-02 -0.3135058E-01 -0.6208486E-01 -0.9479202E-01 -0.1278624 -0.1598648 -0.1901625 -0.2181606 -0.2450383 -0.2779835 -0.3503148 -0.3503148 -0.1980587 -0.1086055 -0.3941438E-01 -0.2997818E-01 -0.2997818E-01 -0.2327850E-01 -0.2327850E-01 -0.1169855E-01 -0.1169855E-01 -0.8056370E-03 0.2611511E-01 0.2611511E-01 0.3025765E-01 0.3025765E-01 -0.3500110E-02 -0.3500110E-02 -0.3500110E-02 -0.1004393E-02 -0.1004393E-02 -0.1962684E-03 -0.1962684E-03 -0.7999623E-03 -0.7999623E-03 -0.1964378E-02 -0.1964378E-02 -0.3161239E-02 -0.3161239E-02 -0.3161239E-02
-0.5893659E-02 -0.5893659E-02 -0.8252568E-02 -0.1047295E-01 -0.9575974E-02 -0.9575974E-02 -0.9262639E-02 -0.9188239E-02 -0.9188239E-02 -0.9211173E-02 -0.9211173E-02 -0.9205847E-02 -0.9195358E-02 -0.9181633E-02 -0.9194482E-02 -0.9194482E-02 0.3309505E-01 0.3014141E-01 0.1490192E-01 -0.1030400E-01 -0.4502926E-01 -0.8665985E-01 -0.1329962 -0.1823290 -0.2327938 -0.2823546 -0.3293950 -0.3720827 -0.4081212 -0.4328552 -0.4328552 -0.2969199 -0.1999737 -0.1066912 -0.8813814E-01 -0.8813814E-01 -0.6516432E-01 -0.6516432E-01 -0.2518208E-01 -0.2518208E-01 0.7683583E-02 0.8224320E-01 0.8224320E-01 0.1044452 0.1044452 0.2229086E-01 0.2229086E-01 0.2229086E-01 0.8134682E-02 0.8134682E-02 0.1296512E-02 0.1296512E-02 -0.3496117E-02 -0.3496117E-02 -0.7407190E-02 -0.7407190E-02 -0.1038553E-01 -0.1038553E-01 -0.1038553E-01
-0.4018123E-02 -0.4018123E-02 -0.6160443E-02 -0.9174771E-02 -0.8272502E-02 -0.8272502E-02 -0.7847315E-02 -0.7733677E-02 -0.7733677E-02 -0.7795473E-02 -0.7795473E-02 -0.7822920E-02 -0.7826000E-02 -0.7825557E-02 -0.7892118E-02 -0.7892118E-02 0.2224469E-01 0.1984494E-01 0.5155119E-02 -0.2005894E-01 -0.5514806E-01 -0.9832929E-01 -0.1477809 -0.2020076 -0.2594869 -0.3184602 -0.3772749 -0.4339426 -0.4855218 -0.5255840 -0.5255840 -0.4381887 -0.3548068 -0.2394902 -0.2026081 -0.2026081 -0.1381318 -0.1381318 -0.4084726E-01 -0.4084726E-01 0.2609658E-01 0.1587505 0.1587505 0.2101768 0.2101768 0.8700577E-01 0.8700577E-01 0.8700577E-01 0.3400669E-01 0.3400669E-01 0.6515054E-02 0.6515054E-02 -0.8670353E-02 -0.8670353E-02 -0.1795763E-01 -0.1795763E-01 -0.2350246E-01 -0.2350246E-01 -0.2350246E-01
-0.2178158E-02 -0.2178158E-02 -0.4026729E-02 -0.7822573E-02 -0.6839584E-02 -0.6839584E-02 -0.6333906E-02 -0.6167817E-02 -0.6167817E-02 -0.6231790E-02 -0.6231790E-02 -0.6261474E-02 -0.6264693E-02 -0.6264988E-02 -0.6380073E-02 -0.6380073E-02 0.1156582E-01 0.7216592E-02 -0.8440255E-02 -0.3432665E-01 -0.6968714E-01 -0.1132300 -0.1634846 -0.2191415 -0.2789566 -0.3415630 -0.4056062 -0.4694402 -0.5304400 -0.5825186 -0.5825186 -0.5441762 -0.4860897 -0.3754421 -0.3259970 -0.3259970 -0.2113432 -0.2113432 -0.4018548E-01 -0.4018548E-01 0.5881035E-01 0.2241569 0.2241569 0.2878349 0.2878349 0.1555086 0.1555086 0.1555086 0.6788369E-01 0.6788369E-01 0.1561077E-01 0.1561077E-01 -0.1361247E-01 -0.1361247E-01 -0.3008257E-01 -0.3008257E-01 -0.3868627E-01 -0.3868627E-01 -0.3868627E-01
-0.4385291E-03 -0.4385291E-03 -0.2927253E-02 -0.6202592E-02 -0.5271581E-02 -0.5271581E-02 -0.4783151E-02 -0.4609728E-02 -0.4609728E-02 -0.4668292E-02 -0.4668292E-02 -0.4695539E-02 -0.4698390E-02 -0.4698727E-02 -0.4873327E-02 -0.4873327E-02 0.1118502E-02 -0.7323511E-02 -0.2577647E-01 -0.5361202E-01 -0.9013371E-01 -0.1343756 -0.1851981 -0.2414969 -0.3022195 -0.3662583 -0.4324980 -0.4996296 -0.5655575 -0.6252726 -0.6252726 -0.6232444 -0.5914908 -0.4963680 -0.4353998 -0.4353998 -0.2574629 -0.2574629 -0.1363140E-01 -0.1363140E-01 0.1019158 0.2660720 0.2660720 0.3270859 0.3270859 0.2106902 0.2106902 0.2106902 0.1037709 0.1037709 0.2924413E-01 0.2924413E-01 -0.1549657E-01 -0.1549657E-01 -0.4066851E-01 -0.4066851E-01 -0.5309305E-01 -0.5309305E-01 -0.5309305E-01
0.5933418E-03 0.5933418E-03 -0.2524717E-02 -0.4222054E-02 -0.3558827E-02 -0.3558827E-02 -0.3201392E-02 -0.3069563E-02 -0.3069563E-02 -0.3109102E-02 -0.3109102E-02 -0.3126786E-02 -0.3128834E-02 -0.3129624E-02 -0.3381216E-02 -0.3381216E-02 -0.9613088E-02 -0.2396067E-01 -0.4707808E-01 -0.7841190E-01 -0.1173013 -0.1629974 -0.2146644 -0.2714625 -0.3325697 -0.3971195 -0.4642068 -0.5327767 -0.6011776 -0.6654605 -0.6654605 -0.6880818 -0.6784433 -0.5938243 -0.5124075 -0.5124075 -0.2544441 -0.2544441 0.3034661E-01 0.3034661E-01 0.1401160 0.2793934 0.2793934 0.3325715 0.3325715 0.2452618 0.2452618 0.2452618 0.1362773 0.1362773 0.4647569E-01 0.4647569E-01 -0.1312843E-01 -0.1312843E-01 -0.4799844E-01 -0.4799844E-01 -0.6507342E-01 -0.6507342E-01 -0.6507342E-01
0.5310180E-03 0.5310180E-03 -0.1428559E-02 -0.2128015E-02 -0.1791190E-02 -0.1791190E-02 -0.1607625E-02 -0.1537702E-02 -0.1537702E-02 -0.1552559E-02 -0.1552559E-02 -0.1558165E-02 -0.1559027E-02 -0.1559899E-02 -0.1912901E-02 -0.1912901E-02 -0.2142283E-01 -0.4338230E-01 -0.7303312E-01 -0.1095506 -0.1521990 -0.2003454 -0.2534029 -0.3108180 -0.3720530 -0.4365278 -0.5035937 -0.5724523 -0.6418200 -0.7085526 -0.7085526 -0.7469008 -0.7527441 -0.6560279 -0.5346164 -0.5346164 -0.2009588 -0.2009588 0.7026707E-01 0.7026707E-01 0.1588682 0.2674072 0.2674072 0.3140560 0.3140560 0.2582391 0.2582391 0.2582391 0.1605543 0.1605543 0.6484254E-01 0.6484254E-01 -0.6609725E-02 -0.6609725E-02 -0.5115384E-01 -0.5115384E-01 -0.7346483E-01 -0.7346483E-01 -0.7346483E-01
0.8970636E-04 0.8970636E-04 -0.6313989E-04 -0.1128880E-04 -0.2557004E-05 -0.2557004E-05 -0.8113871E-06 -0.1089425E-05 -0.1089425E-05 0.3815119E-05 0.3815119E-05 0.7705706E-05 0.8195269E-05 0.7518865E-05 -0.4807400E-03 -0.4807400E-03 -0.3543056E-01 -0.6683607E-01 -0.1049396 -0.1483880 -0.1962599 -0.2479624 -0.3031064 -0.3614165 -0.4226671 -0.4866058 -0.5529000 -0.6210560 -0.6901266 -0.7573912 -0.7573912 -0.8038694 -0.8149495 -0.6592325 -0.4810649 -0.4810649 -0.1247128 -0.1247128 0.8938623E-01 0.8938623E-01 0.1545783 0.2384120 0.2384120 0.2811183 0.2811183 0.2524735 0.2524735 0.2524735 0.1732462 0.1732462 0.8095814E-01 0.8095814E-01 0.2830531E-02 0.2830531E-02 -0.4988945E-01 -0.4988945E-01 -0.7740911E-01 -0.7740911E-01 -0.7740911E-01
-0.2461485E-03 -0.2461485E-03 0.1214363E-02 0.2103808E-02 0.1784376E-02 0.1784376E-02 0.1604309E-02 0.1535319E-02 0.1535319E-02 0.1560102E-02 0.1560102E-02 0.1573149E-02 0.1574620E-02 0.1574482E-02 0.9032553E-03 0.9032553E-03 -0.5326443E-01 -0.9631448E-01 -0.1449271 -0.1970719 -0.2515939 -0.3079214 -0.3658475 -0.4253716 -0.4865886 -0.5495946 -0.6144114 -0.6808911 -0.7483516 -0.8136756 -0.8136756 -0.8590268 -0.8551856 -0.5754984 -0.3606848 -0.3606848 -0.6228299E-01 -0.6228299E-01 0.8592035E-01 0.8592035E-01 0.1335126 0.2009393 0.2009393 0.2409035 0.2409035 0.2324044 0.2324044 0.2324044 0.1731955 0.1731955 0.9154475E-01 0.9154475E-01 0.1312840E-01 0.1312840E-01 -0.4462935E-01 -0.4462935E-01 -0.7637834E-01 -0.7637834E-01 -0.7637834E-01
-0.5319426E-03 -0.5319426E-03 0.2487039E-02 0.4197028E-02 0.3548381E-02 0.3548381E-02 0.3199291E-02 0.3076528E-02 0.3076528E-02 0.3122608E-02 0.3122608E-02 0.3141625E-02 0.3142652E-02 0.3141784E-02 0.2221780E-02 0.2221780E-02 -0.7744922E-01 -0.1349571 -0.1963440 -0.2589077 -0.3213291 -0.3831345 -0.4443482 -0.5052713 -0.5663335 -0.6279852 -0.6906151 -0.7544198 -0.8186740 -0.8773525 -0.8773525 -0.9032560 -0.8407896 -0.4136944 -0.2258514 -0.2258514 -0.3014509E-01 -0.3014509E-01 0.6862631E-01 0.6862631E-01 0.1048898 0.1610745 0.1610745 0.1978523 0.1978523 0.2023913 0.2023913 0.2023913 0.1612318 0.1612318 0.9434500E-01 0.9434500E-01 0.2190751E-01 0.2190751E-01 -0.3639002E-01 -0.3639002E-01 -0.7026381E-01 -0.7026381E-01 -0.7026381E-01
0.2767708E-03 0.2767708E-03 0.3062602E-02 0.6179958E-02 0.5258661E-02 0.5258661E-02 0.4782275E-02 0.4624379E-02 0.4624379E-02 0.4685242E-02 0.4685242E-02 0.4708396E-02 0.4709236E-02 0.4707716E-02 0.3448866E-02 0.3448866E-02 -0.1121811 -0.1878265 -0.2644506 -0.3389546 -0.4101272 -0.4777998 -0.5423665 -0.6045067 -0.6650181 -0.7247137 -0.7843411 -0.8443471 -0.9027262 -0.9415237 -0.9415237 -0.9005393 -0.7125084 -0.2425043 -0.1291921 -0.1291921 -0.2113781E-01 -0.2113781E-01 0.4705330E-01 0.4705330E-01 0.7549861E-01 0.1221395 0.1221395 0.1544324 0.1544324 0.1660357 0.1660357 0.1660357 0.1394690 0.1394690 0.8861506E-01 0.8861506E-01 0.2719666E-01 0.2719666E-01 -0.2650419E-01 -0.2650419E-01 -0.5940302E-01 -0.5940302E-01 -0.5940302E-01
0.2147293E-02 0.2147293E-02 0.4058346E-02 0.7805264E-02 0.6828090E-02 0.6828090E-02 0.6331492E-02 0.6178055E-02 0.6178055E-02 0.6242857E-02 0.6242857E-02 0.6269399E-02 0.6271707E-02 0.6271336E-02 0.4550467E-02 0.4550467E-02 -0.1649547 -0.2634475 -0.3577287 -0.4451036 -0.5250631 -0.5981351 -0.6653200 -0.7278056 -0.7868180 -0.8435414 -0.8990645 -0.9536740 -0.9986963 -0.9707012 -0.9707012 -0.7665664 -0.4576980 -0.1277377 -0.8044023E-01 -0.8044023E-01 -0.2123501E-01 -0.2123501E-01 0.2692286E-01 0.2692286E-01 0.4877382E-01 0.8565245E-01 0.8565245E-01 0.1120510 0.1120510 0.1261555 0.1261555 0.1261555 0.1105830 0.1105830 0.7509536E-01 0.7509536E-01 0.2796579E-01 0.2796579E-01 -0.1626238E-01 -0.1626238E-01 -0.4456223E-01 -0.4456223E-01 -0.4456223E-01
