simulation_files/asc/Velocity__x_59.0.asc
NCOLS        79
NROWS        79
XLLCENTER         -1.500000
YLLCENTER         -4.800000
CELLSIZE           0.100
NODATA_VALUE     -9999.0
[rows 0 to 25 of 79, columns 0 to 57 of 79]
-9999.000 -9999.000 -9999.000 -9999.000 -9999.000 -9999.000 -9999.000 -9999.000 -9999.000 -9999.000 -9999.000 -9999.000 -9999.000 -9999.000 -9999.000 0.4558890E-03 0.1819990E-02 0.3972617E-02 0.5905339E-02 0.7575281E-02 0.8987508E-02 0.1013349E-01 0.1098142E-01 0.1147198E-01 0.1151281E-01 0.1096686E-01 0.9632938E-02 0.7215623E-02 0.3366659E-02 0.6755991E-03 0.6755991E-03 -9999.000 -9999.000 -9999.000 -9999.000 -9999.000 -9999.000 -9999.000 -9999.000 -9999.000 -9999.000 -9999.000 -9999.000 -9999.000 -9999.000 -9999.000 -9999.000 -9999.000 -9999.000 -9999.000 -9999.000 -9999.000 -9999.000 -9999.000 -9999.000 -9999.000 -9999.000 -9999.000
-9999.000 -9999.000 -9999.000 -9999.000 -9999.000 -9999.000 -9999.000 -9999.000 -9999.000 -9999.000 -9999.000 -9999.000 -9999.000 -9999.000 -9999.000 0.1360219E-02 0.3918070E-02 0.7516511E-02 0.1084557E-01 0.1378366E-01 0.1627504E-01 0.1825839E-01 0.1965043E-01 0.2033929E-01 0.2017938E-01 0.1898794E-01 0.1654105E-01 0.1257414E-01 0.6875896E-02 0.2338784E-02 0.2338784E-02 -9999.000 -9999.000 -9999.000 -9999.000 -9999.000 -9999.000 -9999.000 -9999.000 -9999.000 -9999.000 -9999.000 -9999.000 -9999.000 -9999.000 -9999.000 -9999.000 -9999.000 -9999.000 -9999.000 -9999.000 -9999.000 -9999.000 -9999.000 -9999.000 -9999.000 -9999.000 -9999.000
-9999.000 -9999.000 -9999.000 -9999.000 -9999.000 -9999.000 -9999.000 -9999.000 -9999.000 -9999.000 -9999.000 -9999.000 -9999.000 -9999.000 -9999.000 0.2181960E-02 0.5808999E-02 0.1069889E-01 0.1523364E-01 0.1924756E-01 0.2264660E-01 0.2533068E-01 0.2717736E-01 0.2803547E-01 0.2772271E-01 0.2602374E-01 0.2269003E-01 0.1744244E-01 0.1007252E-01 0.3846688E-02 0.3846688E-02 -9999.000 -9999.000 -9999.000 -9999.000 -9999.000 -9999.000 -9999.000 -9999.000 -9999.000 -9999.000 -9999.000 -9999.000 -9999.000 -9999.000 -9999.000 -9999.000 -9999.000 -9999.000 -9999.000 -9999.000 -9999.000 -9999.000 -9999.000 -9999.000 -9999.000 -9999.000 -9999.000
-9999.000 -9999.000 -9999.000 -9999.000 -9999.000 -9999.000 -9999.000 -9999.000 -9999.000 -9999.000 -9999.000 -9999.000 -9999.000 -9999.000 -9999.000 0.2965090E-02 0.7585535E-02 0.1365370E-01 0.1928240E-01 0.2427172E-01 0.2849816E-01 0.3183114E-01 0.3411553E-01 0.3516588E-01 0.3476459E-01 0.3266020E-01 0.2856714E-01 0.2216814E-01 0.1322267E-01 0.5344463E-02 0.5344463E-02 -9999.000 -9999.000 -9999.000 -9999.000 -9999.000 -9999.000 -9999.000 -9999.000 -9999.000 -9999.000 -9999.000 -9999.000 -9999.000 -9999.000 -9999.000 -9999.000 -9999.000 -9999.000 -9999.000 -9999.000 -9999.000 -9999.000 -9999.000 -9999.000 -9999.000 -9999.000 -9999.000
-9999.000 -9999.000 -9999.000 -9999.000 -9999.000 -9999.000 -9999.000 -9999.000 -9999.000 -9999.000 -9999.000 -9999.000 -9999.000 -9999.000 -9999.000 0.3752917E-02 0.9336656E-02 0.1651730E-01 0.2318011E-01 0.2909986E-01 0.3412862E-01 0.3810899E-01 0.4085531E-01 0.4214741E-01 0.4172796E-01 0.3930098E-01 0.3452963E-01 0.2703716E-01 0.1652142E-01 0.6927838E-02 0.6927838E-02 -9999.000 -9999.000 -9999.000 -9999.000 -9999.000 -9999.000 -9999.000 -9999.000 -9999.000 -9999.000 -9999.000 -9999.000 -9999.000 -9999.000 -9999.000 -9999.000 -9999.000 -9999.000 -9999.000 -9999.000 -9999.000 -9999.000 -9999.000 -9999.000 -9999.000 -9999.000 -9999.000
-9999.000 -9999.000 -9999.000 -9999.000 -9999.000 -9999.000 -9999.000 -9999.000 -9999.000 -9999.000 -9999.000 -9999.000 -9999.000 -9999.000 -9999.000 0.4585683E-02 0.1114305E-01 0.1940952E-01 0.2708531E-01 0.3392870E-01 0.3977166E-01 0.4443147E-01 0.4769132E-01 0.4929302E-01 0.4893291E-01 0.4625857E-01 0.4086500E-01 0.3229150E-01 0.2013910E-01 0.8680970E-02 0.8680970E-02 -9999.000 -9999.000 -9999.000 -9999.000 -9999.000 -9999.000 -9999.000 -9999.000 -9999.000 -9999.000 -9999.000 -9999.000 -9999.000 -9999.000 -9999.000 -9999.000 -9999.000 -9999.000 -9999.000 -9999.000 -9999.000 -9999.000 -9999.000 -9999.000 -9999.000 -9999.000 -9999.000
-9999.000 -9999.000 -9999.000 -9999.000 -9999.000 -9999.000 -9999.000 -9999.000 -9999.000 -9999.000 -9999.000 -9999.000 -9999.000 -9999.000 -9999.000 0.5501054E-02 0.1307855E-01 0.2243731E-01 0.3113566E-01 0.3892653E-01 0.4562487E-01 0.5102368E-01 0.5487290E-01 0.5687128E-01 0.5666004E-01 0.5381658E-01 0.4784584E-01 0.3817261E-01 0.2425542E-01 0.1069575E-01 0.1069575E-01 -9999.000 -9999.000 -9999.000 -9999.000 -9999.000 -9999.000 -9999.000 -9999.000 -9999.000 -9999.000 -9999.000 -9999.000 -9999.000 -9999.000 -9999.000 -9999.000 -9999.000 -9999.000 -9999.000 -9999.000 -9999.000 -9999.000 -9999.000 -9999.000 -9999.000 -9999.000 -9999.000
-9999.000 -9999.000 -9999.000 -9999.000 -9999.000 -9999.000 -9999.000 -9999.000 -9999.000 -9999.000 -9999.000 -9999.000 -9999.000 -9999.000 -9999.000 0.6534502E-02 0.1521190E-01 0.2570005E-01 0.3545918E-01 0.4424941E-01 0.5187273E-01 0.5809764E-01 0.6263871E-01 0.6514574E-01 0.6519423E-01 0.6227375E-01 0.5577280E-01 0.4496121E-01 0.2909172E-01 0.1308934E-01 0.1308934E-01 -9999.000 -9999.000 -9999.000 -9999.000 -9999.000 -9999.000 -9999.000 -9999.000 -9999.000 -9999.000 -9999.000 -9999.000 -9999.000 -9999.000 -9999.000 -9999.000 -9999.000 -9999.000 -9999.000 -9999.000 -9999.000 -9999.000 -9999.000 -9999.000 -9999.000 -9999.000 -9999.000
-9999.000 -9999.000 -9999.000 -9999.000 -9999.000 -9999.000 -9999.000 -9999.000 -9999.000 -9999.000 -9999.000 -9999.000 -9999.000 -9999.000 -9999.000 0.7719229E-02 0.1760856E-01 0.2929392E-01 0.4018145E-01 0.5005301E-01 0.5870183E-01 0.6587286E-01 0.7124282E-01 0.7440566E-01 0.7485888E-01 0.7198352E-01 0.6501758E-01 0.5302119E-01 0.3495134E-01 0.1602766E-01 0.1602766E-01 -9999.000 -9999.000 -9999.000 -9999.000 -9999.000 -9999.000 -9999.000 -9999.000 -9999.000 -9999.000 -9999.000 -9999.000 -9999.000 -9999.000 -9999.000 -9999.000 -9999.000 -9999.000 -9999.000 -9999.000 -9999.000 -9999.000 -9999.000 -9999.000 -9999.000 -9999.000 -9999.000
-9999.000 -9999.000 -9999.000 -9999.000 -9999.000 -9999.000 -9999.000 -9999.000 -9999.000 -9999.000 -9999.000 -9999.000 -9999.000 -9999.000 -9999.000 0.9085930E-02 0.2033106E-01 0.3331548E-01 0.4543275E-01 0.5650352E-01 0.6631731E-01 0.7459731E-01 0.8098003E-01 0.8499739E-01 0.8605523E-01 0.8340106E-01 0.7607877E-01 0.6286369E-01 0.4228263E-01 0.1976467E-01 0.1976467E-01 -9999.000 -9999.000 -9999.000 -9999.000 -9999.000 -9999.000 -9999.000 -9999.000 -9999.000 -9999.000 -9999.000 -9999.000 -9999.000 -9999.000 -9999.000 -9999.000 -9999.000 -9999.000 -9999.000 -9999.000 -9999.000 -9999.000 -9999.000 -9999.000 -9999.000 -9999.000 -9999.000
-9999.000 -9999.000 -9999.000 -9999.000 -9999.000 -9999.000 -9999.000 -9999.000 -9999.000 -9999.000 -9999.000 -9999.000 -9999.000 -9999.000 -9999.000 0.1066197E-01 0.2343936E-01 0.3786572E-01 0.5135785E-01 0.6379241E-01 0.7496275E-01 0.8457330E-01 0.9222048E-01 0.9736884E-01 0.9931846E-01 0.9715474E-01 0.8967145E-01 0.7525451E-01 0.5179674E-01 0.2471685E-01 0.2471685E-01 -9999.000 -9999.000 -9999.000 -9999.000 -9999.000 -9999.000 -9999.000 -9999.000 -9999.000 -9999.000 -9999.000 -9999.000 -9999.000 -9999.000 -9999.000 -9999.000 -9999.000 -9999.000 -9999.000 -9999.000 -9999.000 -9999.000 -9999.000 -9999.000 -9999.000 -9999.000 -9999.000
-9999.000 -9999.000 -9999.000 -9999.000 -9999.000 -9999.000 -9999.000 -9999.000 -9999.000 -9999.000 -9999.000 -9999.000 -9999.000 -9999.000 -9999.000 0.1247164E-01 0.2699340E-01 0.4305803E-01 0.5812917E-01 0.7215776E-01 0.8495001E-01 0.9619843E-01 0.1054627 0.1121383 0.1154087 0.1141664 0.1068867 0.9141970E-01 0.6470491E-01 0.3162114E-01 0.3162114E-01 -9999.000 -9999.000 -9999.000 -9999.000 -9999.000 -9999.000 -9999.000 -9999.000 -9999.000 -9999.000 -9999.000 -9999.000 -9999.000 -9999.000 -9999.000 -9999.000 -9999.000 -9999.000 -9999.000 -9999.000 -9999.000 -9999.000 -9999.000 -9999.000 -9999.000 -9999.000 -9999.000
-9999.000 -9999.000 -9999.000 -9999.000 -9999.000 -9999.000 -9999.000 -9999.000 -9999.000 -9999.000 -9999.000 -9999.000 -9999.000 -9999.000 -9999.000 0.1453957E-01 0.3106263E-01 0.4903658E-01 0.6597699E-01 0.8192602E-01 0.9671582E-01 0.1100390 0.1214292 0.1302209 0.1354791 0.1358804 0.1295063 0.1134731 0.8325910E-01 0.4190698E-01 0.4190698E-01 -9999.000 -9999.000 -9999.000 -9999.000 -9999.000 -9999.000 -9999.000 -9999.000 -9999.000 -9999.000 -9999.000 -9999.000 -9999.000 -9999.000 -9999.000 -9999.000 -9999.000 -9999.000 -9999.000 -9999.000 -9999.000 -9999.000 -9999.000 -9999.000 -9999.000 -9999.000 -9999.000
-9999.000 -9999.000 -9999.000 -9999.000 -9999.000 -9999.000 -9999.000 -9999.000 -9999.000 -9999.000 -9999.000 -9999.000 -9999.000 -9999.000 -9999.000 0.1701698E-01 0.3593746E-01 0.5626222E-01 0.7552026E-01 0.9386541E-01 0.1111815 0.1271913 0.1414357 0.1532230 0.1615334 0.1648432 0.1607949 0.1455425 0.1123046 0.5887188E-01 0.5887188E-01 -9999.000 -9999.000 -9999.000 -9999.000 -9999.000 -9999.000 -9999.000 -9999.000 -9999.000 -9999.000 -9999.000 -9999.000 -9999.000 -9999.000 -9999.000 -9999.000 -9999.000 -9999.000 -9999.000 -9999.000 -9999.000 -9999.000 -9999.000 -9999.000 -9999.000 -9999.000 -9999.000
-9999.000 -9999.000 -9999.000 -9999.000 -9999.000 -9999.000 -9999.000 -9999.000 -9999.000 -9999.000 -9999.000 -9999.000 -9999.000 -9999.000 -9999.000 0.3164153E-01 0.5667930E-01 0.8197592E-01 0.1043384 0.1247087 0.1435187 0.1609001 0.1767082 0.1904848 0.2013459 0.2077396 0.2069441 0.1939485 0.1585258 0.8202404E-01 0.8202404E-01 -9999.000 -9999.000 -9999.000 -9999.000 -9999.000 -9999.000 -9999.000 -9999.000 -9999.000 -9999.000 -9999.000 -9999.000 -9999.000 -9999.000 -9999.000 -9999.000 -9999.000 -9999.000 -9999.000 -9999.000 -9999.000 -9999.000 -9999.000 -9999.000 -9999.000 -9999.000 -9999.000
1.537150 1.537150 1.602807 1.636463 1.645219 1.645219 1.651554 1.659665 1.659665 1.425844 1.425844 1.318735 1.277358 1.228736 1.165465 1.165465 1.019427 0.9540966 0.8825549 0.8074144 0.7316690 0.6586389 0.5916790 0.5338538 0.4877335 0.4554853 0.4395379 0.4444715 0.4822825 0.5691061 0.5691061 1.439550 1.697205 1.812511 1.783944 1.783944 1.649320 1.649320 1.457224 1.457224 1.169672 0.8882076 0.8882076 0.8757555 0.8757555 0.9125653 0.9125653 0.9125653 0.9624134 0.9624134 1.005162 1.005162 1.040858 1.040858 1.085635 1.085635 1.113473 1.113473
1.551020 1.551020 1.621998 1.669318 1.685309 1.685309 1.698960 1.721771 1.721771 1.524942 1.524942 1.412916 1.379154 1.340943 1.298339 1.298339 1.237985 1.208507 1.170574 1.123990 1.069391 1.008273 0.9430346 0.8770326 0.8146690 0.7615306 0.7247827 0.7144365 0.7473423 0.8548039 0.8548039 1.413048 1.602230 1.724818 1.740964 1.740964 1.723459 1.723459 1.641174 1.641174 1.512002 1.172983 1.172983 1.162490 1.162490 1.208566 1.208566 1.208566 1.261809 1.261809 1.308225 1.308225 1.333830 1.333830 1.388732 1.388732 1.422574 1.422574
1.554230 1.554230 1.623379 1.669823 1.685781 1.685781 1.699509 1.722649 1.722649 1.538477 1.538477 1.421514 1.393936 1.364490 1.334161 1.334161 1.302591 1.290307 1.272892 1.249203 1.218735 1.181642 1.138835 1.092130 1.044484 1.000351 0.9663037 0.9523273 0.9750699 1.067703 1.067703 1.472340 1.639996 1.775929 1.805862 1.805862 1.812646 1.812646 1.759714 1.759714 1.690232 1.425651 1.425651 1.363946 1.363946 1.395296 1.395296 1.395296 1.445189 1.445189 1.485976 1.485976 1.517411 1.517411 1.557531 1.557531 1.586601 1.586601
1.556706 1.556706 1.624501 1.670043 1.685839 1.685839 1.699494 1.722622 1.722622 1.549950 1.549950 1.427174 1.404301 1.380982 1.358185 1.358185 1.341005 1.336025 1.327776 1.315442 1.298588 1.277131 1.251426 1.222431 1.191965 1.163064 1.140566 1.132285 1.151809 1.228533 1.228533 1.533298 1.680510 1.813082 1.843228 1.843228 1.853878 1.853878 1.819925 1.819925 1.785017 1.619837 1.619837 1.518795 1.518795 1.536042 1.536042 1.536042 1.577912 1.577912 1.613939 1.613939 1.642454 1.642454 1.674695 1.674695 1.700132 1.700132
1.558555 1.558555 1.625413 1.670238 1.685886 1.685886 1.699471 1.722582 1.722582 1.562393 1.562393 1.433607 1.415057 1.397133 1.380599 1.380599 1.375204 1.374586 1.370829 1.363730 1.353388 1.340089 1.324288 1.306732 1.288661 1.272122 1.260450 1.259229 1.278801 1.344643 1.344643 1.581921 1.708184 1.826686 1.851146 1.851146 1.858006 1.858006 1.841801 1.841801 1.829566 1.750174 1.750174 1.652700 1.652700 1.641142 1.641142 1.641142 1.674422 1.674422 1.706403 1.706403 1.732619 1.732619 1.759563 1.759563 1.781933 1.781933
1.559834 1.559834 1.626084 1.670393 1.685923 1.685923 1.699450 1.722549 1.722549 1.575601 1.575601 1.440575 1.426101 1.413243 1.402668 1.402668 1.409869 1.413184 1.412423 1.407941 1.400401 1.390615 1.379444 1.367813 1.356831 1.348004 1.343544 1.347075 1.366090 1.421901 1.421901 1.615241 1.719188 1.814573 1.830860 1.830860 1.837472 1.837472 1.843263 1.843263 1.847717 1.827740 1.827740 1.762851 1.762851 1.727390 1.727390 1.727390 1.749418 1.749418 1.776159 1.776159 1.799721 1.799721 1.822680 1.822680 1.841939 1.841939
1.560584 1.560584 1.626493 1.670493 1.685949 1.685949 1.699437 1.722528 1.722528 1.589089 1.589089 1.447728 1.437074 1.429037 1.424444 1.424444 1.446420 1.453977 1.455873 1.452983 1.446451 1.437600 1.427757 1.418192 1.410141 1.404897 1.403853 1.408697 1.424606 1.470321 1.470321 1.627693 1.709069 1.775276 1.785902 1.785902 1.803767 1.803767 1.834692 1.834692 1.851843 1.868919 1.868919 1.843112 1.843112 1.801355 1.801355 1.801355 1.811275 1.811275 1.830990 1.830990 1.850846 1.850846 1.869893 1.869893 1.885769 1.885769
1.560832 1.560832 1.626631 1.670528 1.685957 1.685957 1.699432 1.722522 1.722522 1.602259 1.602259 1.454796 1.447661 1.444178 1.445680 1.445680 1.485731 1.497995 1.502557 1.500835 1.494388 1.485002 1.474467 1.464445 1.456426 1.451691 1.450960 1.453275 1.461841 1.493923 1.493923 1.617121 1.673061 1.712427 1.725278 1.725278 1.766553 1.766553 1.821204 1.821204 1.847765 1.887618 1.887618 1.893776 1.893776 1.863329 1.863329 1.863329 1.864135 1.864135 1.875970 1.875970 1.890770 1.890770 1.905369 1.905369 1.917585 1.917585
1.560584 1.560584 1.626493 1.670493 1.685949 1.685949 1.699437 1.722534 1.722534 1.614450 1.614450 1.461588 1.457610 1.458331 1.465912 1.465912 1.528690 1.546049 1.553325 1.552559 1.545621 1.534722 1.522121 1.509914 1.499917 1.493552 1.490908 1.485975 1.480326 1.492881 1.492881 1.578323 1.606917 1.636650 1.660609 1.660609 1.730777 1.730777 1.804632 1.804632 1.838095 1.892610 1.892610 1.921062 1.921062 1.911464 1.911464 1.911464 1.908813 1.908813 1.913781 1.913781 1.922595 1.922595 1.932089 1.932089 1.940152 1.940152
1.559833 1.559833 1.626084 1.670393 1.685924 1.685924 1.699450 1.722561 1.722561 1.624960 1.624960 1.467985 1.466736 1.471214 1.484471 1.484471 1.576894 1.599479 1.608960 1.608677 1.600748 1.587649 1.571997 1.556310 1.542820 1.533286 1.527179 1.507431 1.476048 1.464924 1.464924 1.507931 1.514032 1.559983 1.599112 1.599112 1.697224 1.697224 1.785621 1.785621 1.824324 1.889009 1.889009 1.932312 1.932312 1.945115 1.945115 1.945115 1.944554 1.944554 1.945233 1.945233 1.948167 1.948167 1.952035 1.952035 1.955413 1.955413
1.558555 1.558555 1.625413 1.670238 1.685886 1.685886 1.699471 1.722601 1.722601 1.633068 1.633068 1.473928 1.474921 1.482668 1.500713 1.500713 1.632326 1.658796 1.670236 1.669823 1.660142 1.644000 1.624374 1.604195 1.586099 1.572169 1.560333 1.511716 1.438005 1.399021 1.399021 1.403006 1.410333 1.491493 1.539772 1.539772 1.666297 1.666297 1.765725 1.765725 1.808491 1.880493 1.880493 1.933656 1.933656 1.965846 1.965846 1.965846 1.970838 1.970838 1.970221 1.970221 1.968362 1.968362 1.966552 1.966552 1.964909 1.964909
