simulation_files/asc/Velocity__x_214.0.asc
NCOLS        79
NROWS        79
XLLCENTER         -1.500000
YLLCENTER         -4.800000
CELLSIZE           0.100
NODATA_VALUE     -9999.0
[rows 0 to 25 of 79, columns 0 to 57 of 79]
-9999.000 -9999.000 -9999.000 -9999.000 -9999.000 -9999.000 -9999.000 -9999.000 -9999.000 -9999.000 -9999.000 -9999.000 -9999.000 -9999.000 -9999.000 -0.1820534E-02 -0.1637917E-02 0.1656458E-02 0.6545611E-02 0.1165019E-01 0.1586484E-01 0.1885230E-01 0.2058973E-01 0.2115334E-01 0.2069894E-01 0.1937993E-01 0.1728769E-01 0.1437603E-01 0.1006641E-01 0.4928961E-02 0.4928961E-02 -9999.000 -9999.000 -9999.000 -9999.000 -9999.000 -9999.000 -9999.000 -9999.000 -9999.000 -9999.000 -9999.000 -9999.000 -9999.000 -9999.000 -9999.000 -9999.000 -9999.000 -9999.000 -9999.000 -9999.000 -9999.000 -9999.000 -9999.000 -9999.000 -9999.000 -9999.000 -9999.000
-9999.000 -9999.000 -9999.000 -9999.000 -9999.000 -9999.000 -9999.000 -9999.000 -9999.000 -9999.000 -9999.000 -9999.000 -9999.000 -9999.000 -9999.000 -0.5524223E-03 0.8517859E-03 0.5180486E-02 0.1094312E-01 0.1682269E-01 0.2172905E-01 0.2526167E-01 0.2732403E-01 0.2793646E-01 0.2721562E-01 0.2529726E-01 0.2228018E-01 0.1815897E-01 0.1248477E-01 0.6093217E-02 0.6093217E-02 -9999.000 -9999.000 -9999.000 -9999.000 -9999.000 -9999.000 -9999.000 -9999.000 -9999.000 -9999.000 -9999.000 -9999.000 -9999.000 -9999.000 -9999.000 -9999.000 -9999.000 -9999.000 -9999.000 -9999.000 -9999.000 -9999.000 -9999.000 -9999.000 -9999.000 -9999.000 -9999.000
-9999.000 -9999.000 -9999.000 -9999.000 -9999.000 -9999.000 -9999.000 -9999.000 -9999.000 -9999.000 -9999.000 -9999.000 -9999.000 -9999.000 -9999.000 -0.1234745E-03 0.1795100E-02 0.6732982E-02 0.1307820E-01 0.1947094E-01 0.2478508E-01 0.2860234E-01 0.3081455E-01 0.3143438E-01 0.3057737E-01 0.2838399E-01 0.2496247E-01 0.2031995E-01 0.1400611E-01 0.6874131E-02 0.6874131E-02 -9999.000 -9999.000 -9999.000 -9999.000 -9999.000 -9999.000 -9999.000 -9999.000 -9999.000 -9999.000 -9999.000 -9999.000 -9999.000 -9999.000 -9999.000 -9999.000 -9999.000 -9999.000 -9999.000 -9999.000 -9999.000 -9999.000 -9999.000 -9999.000 -9999.000 -9999.000 -9999.000
-9999.000 -9999.000 -9999.000 -9999.000 -9999.000 -9999.000 -9999.000 -9999.000 -9999.000 -9999.000 -9999.000 -9999.000 -9999.000 -9999.000 -9999.000 0.7734184E-04 0.2273001E-02 0.7581123E-02 0.1430293E-01 0.2103703E-01 0.2662483E-01 0.3063791E-01 0.3296362E-01 0.3361230E-01 0.3270267E-01 0.3037840E-01 0.2675157E-01 0.2183066E-01 0.1514134E-01 0.7485643E-02 0.7485643E-02 -9999.000 -9999.000 -9999.000 -9999.000 -9999.000 -9999.000 -9999.000 -9999.000 -9999.000 -9999.000 -9999.000 -9999.000 -9999.000 -9999.000 -9999.000 -9999.000 -9999.000 -9999.000 -9999.000 -9999.000 -9999.000 -9999.000 -9999.000 -9999.000 -9999.000 -9999.000 -9999.000
-9999.000 -9999.000 -9999.000 -9999.000 -9999.000 -9999.000 -9999.000 -9999.000 -9999.000 -9999.000 -9999.000 -9999.000 -9999.000 -9999.000 -9999.000 0.2041022E-03 0.2595652E-02 0.8185363E-02 0.1520254E-01 0.2220702E-01 0.2801199E-01 0.3218456E-01 0.3461113E-01 0.3530126E-01 0.3437771E-01 0.3198683E-01 0.2824056E-01 0.2314390E-01 0.1618582E-01 0.8070449E-02 0.8070449E-02 -9999.000 -9999.000 -9999.000 -9999.000 -9999.000 -9999.000 -9999.000 -9999.000 -9999.000 -9999.000 -9999.000 -9999.000 -9999.000 -9999.000 -9999.000 -9999.000 -9999.000 -9999.000 -9999.000 -9999.000 -9999.000 -9999.000 -9999.000 -9999.000 -9999.000 -9999.000 -9999.000
-9999.000 -9999.000 -9999.000 -9999.000 -9999.000 -9999.000 -9999.000 -9999.000 -9999.000 -9999.000 -9999.000 -9999.000 -9999.000 -9999.000 -9999.000 0.3182018E-03 0.2890072E-02 0.8740146E-02 0.1603013E-01 0.2328216E-01 0.2928415E-01 0.3360335E-01 0.3612758E-01 0.3686699E-01 0.3594929E-01 0.3352286E-01 0.2969824E-01 0.2447228E-01 0.1728637E-01 0.8703237E-02 0.8703237E-02 -9999.000 -9999.000 -9999.000 -9999.000 -9999.000 -9999.000 -9999.000 -9999.000 -9999.000 -9999.000 -9999.000 -9999.000 -9999.000 -9999.000 -9999.000 -9999.000 -9999.000 -9999.000 -9999.000 -9999.000 -9999.000 -9999.000 -9999.000 -9999.000 -9999.000 -9999.000 -9999.000
-9999.000 -9999.000 -9999.000 -9999.000 -9999.000 -9999.000 -9999.000 -9999.000 -9999.000 -9999.000 -9999.000 -9999.000 -9999.000 -9999.000 -9999.000 0.4476740E-03 0.3213787E-02 0.9333475E-02 0.1690002E-01 0.2439841E-01 0.3059378E-01 0.3505776E-01 0.3768208E-01 0.3847804E-01 0.3757958E-01 0.3513648E-01 0.3125686E-01 0.2592662E-01 0.1852755E-01 0.9430451E-02 0.9430451E-02 -9999.000 -9999.000 -9999.000 -9999.000 -9999.000 -9999.000 -9999.000 -9999.000 -9999.000 -9999.000 -9999.000 -9999.000 -9999.000 -9999.000 -9999.000 -9999.000 -9999.000 -9999.000 -9999.000 -9999.000 -9999.000 -9999.000 -9999.000 -9999.000 -9999.000 -9999.000 -9999.000
-9999.000 -9999.000 -9999.000 -9999.000 -9999.000 -9999.000 -9999.000 -9999.000 -9999.000 -9999.000 -9999.000 -9999.000 -9999.000 -9999.000 -9999.000 0.6070380E-03 0.3596651E-02 0.1001033E-01 0.1787046E-01 0.2562512E-01 0.3201900E-01 0.3663232E-01 0.3936292E-01 0.4022451E-01 0.3935828E-01 0.3691544E-01 0.3299992E-01 0.2758400E-01 0.1997623E-01 0.1029264E-01 0.1029264E-01 -9999.000 -9999.000 -9999.000 -9999.000 -9999.000 -9999.000 -9999.000 -9999.000 -9999.000 -9999.000 -9999.000 -9999.000 -9999.000 -9999.000 -9999.000 -9999.000 -9999.000 -9999.000 -9999.000 -9999.000 -9999.000 -9999.000 -9999.000 -9999.000 -9999.000 -9999.000 -9999.000
-9999.000 -9999.000 -9999.000 -9999.000 -9999.000 -9999.000 -9999.000 -9999.000 -9999.000 -9999.000 -9999.000 -9999.000 -9999.000 -9999.000 -9999.000 0.8070534E-03 0.4060020E-02 0.1080183E-01 0.1898116E-01 0.2700881E-01 0.3361117E-01 0.3838278E-01 0.4122973E-01 0.4216892E-01 0.4135038E-01 0.3892693E-01 0.3499636E-01 0.2951464E-01 0.2170125E-01 0.1133370E-01 0.1133370E-01 -9999.000 -9999.000 -9999.000 -9999.000 -9999.000 -9999.000 -9999.000 -9999.000 -9999.000 -9999.000 -9999.000 -9999.000 -9999.000 -9999.000 -9999.000 -9999.000 -9999.000 -9999.000 -9999.000 -9999.000 -9999.000 -9999.000 -9999.000 -9999.000 -9999.000 -9999.000 -9999.000
-9999.000 -9999.000 -9999.000 -9999.000 -9999.000 -9999.000 -9999.000 -9999.000 -9999.000 -9999.000 -9999.000 -9999.000 -9999.000 -9999.000 -9999.000 0.1056861E-02 0.4622631E-02 0.1173602E-01 0.2026794E-01 0.2859139E-01 0.3541738E-01 0.4036058E-01 0.4333817E-01 0.4437147E-01 0.4362155E-01 0.4124196E-01 0.3732353E-01 0.3180183E-01 0.2378910E-01 0.1261117E-01 0.1261117E-01 -9999.000 -9999.000 -9999.000 -9999.000 -9999.000 -9999.000 -9999.000 -9999.000 -9999.000 -9999.000 -9999.000 -9999.000 -9999.000 -9999.000 -9999.000 -9999.000 -9999.000 -9999.000 -9999.000 -9999.000 -9999.000 -9999.000 -9999.000 -9999.000 -9999.000 -9999.000 -9999.000
-9999.000 -9999.000 -9999.000 -9999.000 -9999.000 -9999.000 -9999.000 -9999.000 -9999.000 -9999.000 -9999.000 -9999.000 -9999.000 -9999.000 -9999.000 0.1367391E-02 0.5306498E-02 0.1284529E-01 0.2177207E-01 0.3042168E-01 0.3749205E-01 0.4262568E-01 0.4575401E-01 0.4690406E-01 0.4625095E-01 0.4394880E-01 0.4007987E-01 0.3455516E-01 0.2635714E-01 0.1420377E-01 0.1420377E-01 -9999.000 -9999.000 -9999.000 -9999.000 -9999.000 -9999.000 -9999.000 -9999.000 -9999.000 -9999.000 -9999.000 -9999.000 -9999.000 -9999.000 -9999.000 -9999.000 -9999.000 -9999.000 -9999.000 -9999.000 -9999.000 -9999.000 -9999.000 -9999.000 -9999.000 -9999.000 -9999.000
-9999.000 -9999.000 -9999.000 -9999.000 -9999.000 -9999.000 -9999.000 -9999.000 -9999.000 -9999.000 -9999.000 -9999.000 -9999.000 -9999.000 -9999.000 0.1755793E-02 0.6146479E-02 0.1418263E-01 0.2356423E-01 0.3257624E-01 0.3991797E-01 0.4526698E-01 0.4857295E-01 0.4987041E-01 0.4935199E-01 0.4717284E-01 0.4340522E-01 0.3793087E-01 0.2957520E-01 0.1622651E-01 0.1622651E-01 -9999.000 -9999.000 -9999.000 -9999.000 -9999.000 -9999.000 -9999.000 -9999.000 -9999.000 -9999.000 -9999.000 -9999.000 -9999.000 -9999.000 -9999.000 -9999.000 -9999.000 -9999.000 -9999.000 -9999.000 -9999.000 -9999.000 -9999.000 -9999.000 -9999.000 -9999.000 -9999.000
-9999.000 -9999.000 -9999.000 -9999.000 -9999.000 -9999.000 -9999.000 -9999.000 -9999.000 -9999.000 -9999.000 -9999.000 -9999.000 -9999.000 -9999.000 0.2292760E-02 0.7293726E-02 0.1598981E-01 0.2594541E-01 0.3535750E-01 0.4297945E-01 0.4855273E-01 0.5204839E-01 0.5351298E-01 0.5316228E-01 0.5115231E-01 0.4754492E-01 0.4218698E-01 0.3371164E-01 0.1885720E-01 0.1885720E-01 -9999.000 -9999.000 -9999.000 -9999.000 -9999.000 -9999.000 -9999.000 -9999.000 -9999.000 -9999.000 -9999.000 -9999.000 -9999.000 -9999.000 -9999.000 -9999.000 -9999.000 -9999.000 -9999.000 -9999.000 -9999.000 -9999.000 -9999.000 -9999.000 -9999.000 -9999.000 -9999.000
-9999.000 -9999.000 -9999.000 -9999.000 -9999.000 -9999.000 -9999.000 -9999.000 -9999.000 -9999.000 -9999.000 -9999.000 -9999.000 -9999.000 -9999.000 0.4856346E-02 0.1275760E-01 0.2462679E-01 0.3595607E-01 0.4502985E-01 0.5211721E-01 0.5713253E-01 0.6008219E-01 0.6105741E-01 0.6031661E-01 0.5801595E-01 0.5419705E-01 0.4865341E-01 0.3976671E-01 0.2265718E-01 0.2265718E-01 -9999.000 -9999.000 -9999.000 -9999.000 -9999.000 -9999.000 -9999.000 -9999.000 -9999.000 -9999.000 -9999.000 -9999.000 -9999.000 -9999.000 -9999.000 -9999.000 -9999.000 -9999.000 -9999.000 -9999.000 -9999.000 -9999.000 -9999.000 -9999.000 -9999.000 -9999.000 -9999.000
-9999.000 -9999.000 -9999.000 -9999.000 -9999.000 -9999.000 -9999.000 -9999.000 -9999.000 -9999.000 -9999.000 -9999.000 -9999.000 -9999.000 -9999.000 0.1126829 0.1732422 0.2041549 0.1967707 0.1664833 0.1441393 0.1247966 0.1082428 0.9417854E-01 0.8225685E-01 0.7186105E-01 0.6243362E-01 0.5318077E-01 0.4183987E-01 0.2008358E-01 0.2008358E-01 -9999.000 -9999.000 -9999.000 -9999.000 -9999.000 -9999.000 -9999.000 -9999.000 -9999.000 -9999.000 -9999.000 -9999.000 -9999.000 -9999.000 -9999.000 -9999.000 -9999.000 -9999.000 -9999.000 -9999.000 -9999.000 -9999.000 -9999.000 -9999.000 -9999.000 -9999.000 -9999.000
2.901081 2.901081 2.923251 2.921146 2.941070 2.941070 2.943706 2.943261 2.943261 2.939196 2.939196 2.932612 2.928637 2.924311 2.920088 2.920088 3.088670 3.093706 3.095103 3.093850 3.062821 3.007634 2.928598 2.824639 2.696235 2.548200 2.382491 2.207447 2.046425 1.969297 1.969297 2.812584 2.994563 3.104873 3.133307 3.133307 3.173883 3.173883 3.168925 3.168925 3.131998 2.968740 2.968740 2.666699 2.666699 2.233842 2.233842 2.233842 2.197203 2.197203 2.220269 2.220269 2.266234 2.266234 2.316675 2.316675 2.363195 2.363195
2.923575 2.923575 2.955600 2.975769 3.003245 3.003245 3.018085 3.040918 3.040918 3.059664 3.059664 3.075689 3.082947 3.089805 3.096689 3.096689 3.221240 3.242141 3.258611 3.272871 3.279530 3.279050 3.269761 3.248592 3.212487 3.159912 3.088824 2.999637 2.898538 2.811427 2.811427 3.259571 3.421463 3.579754 3.623585 3.623585 3.676142 3.676142 3.685198 3.685198 3.668943 3.577378 3.577378 3.398110 3.398110 3.077898 3.077898 3.077898 3.036322 3.036322 3.061367 3.061367 3.109959 3.109959 3.162952 3.162952 3.212389 3.212389
2.927923 2.927923 2.958332 2.977274 3.002775 3.002775 3.018409 3.042177 3.042177 3.061567 3.061567 3.078309 3.085964 3.093251 3.100628 3.100628 3.211070 3.245384 3.274331 3.299570 3.319067 3.333010 3.341312 3.343036 3.336725 3.321220 3.294709 3.256185 3.208053 3.166217 3.166217 3.416759 3.574291 3.759267 3.814323 3.814323 3.874876 3.874876 3.873351 3.873351 3.848116 3.751368 3.751368 3.614898 3.614898 3.366963 3.366963 3.366963 3.312112 3.312112 3.323521 3.323521 3.362936 3.362936 3.409679 3.409679 3.454626 3.454626
2.930358 2.930358 2.957962 2.977474 3.001664 3.001664 3.017841 3.042123 3.042123 3.061561 3.061561 3.078305 3.085968 3.093270 3.100750 3.100750 3.201882 3.247086 3.287502 3.323055 3.352342 3.375100 3.391435 3.401279 3.404350 3.400526 3.389321 3.370432 3.345431 3.324561 3.324561 3.475573 3.613907 3.806805 3.868397 3.868397 3.928741 3.928741 3.905484 3.905484 3.867218 3.770022 3.770022 3.677038 3.677038 3.502155 3.502155 3.502155 3.440708 3.440708 3.437216 3.437216 3.466306 3.466306 3.507159 3.507159 3.548541 3.548541
2.929045 2.929045 2.963762 2.977954 3.001352 3.001352 3.017974 3.042738 3.042738 3.062212 3.062212 3.078927 3.086577 3.093867 3.101470 3.101470 3.198239 3.252417 3.302946 3.348030 3.386275 3.417097 3.440420 3.456302 3.464810 3.466199 3.460689 3.448664 3.431719 3.417127 3.417127 3.508130 3.620720 3.803657 3.862897 3.862897 3.902639 3.902639 3.847581 3.847581 3.802293 3.727731 3.727731 3.683739 3.683739 3.580729 3.580729 3.580729 3.522410 3.522410 3.505364 3.505364 3.521666 3.521666 3.554391 3.554391 3.590790 3.590790
2.929509 2.929509 2.966829 2.977806 3.000675 3.000675 3.017603 3.042743 3.042743 3.062252 3.062252 3.078954 3.086603 3.093893 3.101696 3.101696 3.200159 3.262285 3.321635 3.375212 3.421448 3.459599 3.489436 3.510976 3.524338 3.529820 3.527818 3.518948 3.504712 3.490444 3.490444 3.541326 3.625271 3.779163 3.822438 3.822438 3.814425 3.814425 3.732584 3.732584 3.697424 3.668407 3.668407 3.670554 3.670554 3.630068 3.630068 3.630068 3.584127 3.584127 3.558864 3.558864 3.561910 3.561910 3.584145 3.584145 3.613355 3.613355
2.929794 2.929794 2.968639 2.977717 3.000267 3.000267 3.017365 3.042741 3.042741 3.062271 3.062271 3.078959 3.086604 3.093894 3.101972 3.101972 3.208925 3.278635 3.345699 3.406521 3.459473 3.503810 3.539265 3.565829 3.583615 3.592875 3.593982 3.587513 3.574699 3.559294 3.559294 3.582521 3.637323 3.738574 3.745913 3.745913 3.672154 3.672154 3.599842 3.599842 3.591434 3.613791 3.613791 3.651576 3.651576 3.660265 3.660265 3.660265 3.632539 3.632539 3.606385 3.606385 3.598572 3.598572 3.609115 3.609115 3.628995 3.628995
2.929890 2.929890 2.969238 2.977689 3.000131 3.000131 3.017285 3.042739 3.042739 3.062275 3.062275 3.078960 3.086604 3.093894 3.102358 3.102358 3.225596 3.303052 3.376916 3.443659 3.501854 3.550933 3.590733 3.621295 3.642752 3.655312 3.659271 3.655077 3.643602 3.627151 3.627151 3.630830 3.655945 3.668496 3.617290 3.617290 3.497758 3.497758 3.480475 3.480475 3.503123 3.566853 3.566853 3.629125 3.629125 3.674898 3.674898 3.674898 3.667411 3.667411 3.647134 3.647134 3.633191 3.633191 3.632581 3.632581 3.641712 3.641712
2.929794 2.929794 2.968639 2.977717 3.000267 3.000267 3.017365 3.042740 3.042740 3.062270 3.062270 3.078958 3.086604 3.093894 3.102890 3.102890 3.251651 3.337288 3.417100 3.488317 3.550056 3.602142 3.644669 3.677831 3.701832 3.716876 3.723188 3.721064 3.710971 3.693526 3.693526 3.681294 3.671080 3.540417 3.426924 3.426924 3.331711 3.331711 3.389767 3.389767 3.435544 3.525728 3.525728 3.604153 3.604153 3.677487 3.677487 3.677487 3.689212 3.689212 3.679274 3.679274 3.664010 3.664010 3.654416 3.654416 3.652375 3.652375
2.929508 2.929508 2.966830 2.977805 3.000675 3.000675 3.017603 3.042743 3.042743 3.062253 3.062253 3.078954 3.086603 3.093893 3.103623 3.103623 3.289304 3.383524 3.468239 3.542190 3.605453 3.658489 3.701798 3.735824 3.760900 3.777270 3.785116 3.784587 3.775577 3.755758 3.755758 3.723521 3.656972 3.333638 3.202586 3.202586 3.207694 3.207694 3.323606 3.323606 3.382014 3.487245 3.487245 3.576578 3.576578 3.670246 3.670246 3.670246 3.698429 3.698429 3.700579 3.700579 3.688161 3.688161 3.672657 3.672657 3.660102 3.660102
2.929044 2.929044 2.963762 2.977954 3.001352 3.001352 3.017974 3.042738 3.042738 3.062211 3.062211 3.078927 3.086578 3.093866 3.104597 3.104597 3.341904 3.444580 3.532535 3.606896 3.669166 3.720681 3.762479 3.795321 3.819718 3.835977 3.844259 3.844541 3.835482 3.806907 3.806907 3.731495 3.560712 3.078104 3.009140 3.009140 3.125251 3.125251 3.268768 3.268768 3.333058 3.447066 3.447066 3.544213 3.544213 3.652788 3.652788 3.652788 3.694078 3.694078 3.707860 3.707860 3.700798 3.700798 3.682499 3.682499 3.661046 3.661046
