simulation_files/asc/Velocity__x_124.0.asc
NCOLS        79
NROWS        79
XLLCENTER         -1.500000
YLLCENTER         -4.800000
CELLSIZE           0.100
NODATA_VALUE     -9999.0
[rows 0 to 25 of 79, columns 0 to 57 of 79]
-9999.000 -9999.000 -9999.000 -9999.000 -9999.000 -9999.000 -9999.000 -9999.000 -9999.000 -9999.000 -9999.000 -9999.000 -9999.000 -9999.000 -9999.000 0.8515449E-04 0.1019335E-02 0.2847043E-02 0.4658479E-02 0.6295839E-02 0.7684549E-02 0.8798482E-02 0.9650191E-02 0.1028040E-01 0.1072677E-01 0.1097005E-01 0.1084636E-01 0.9874992E-02 0.6971424E-02 0.3196096E-02 0.3196096E-02 -9999.000 -9999.000 -9999.000 -9999.000 -9999.000 -9999.000 -9999.000 -9999.000 -9999.000 -9999.000 -9999.000 -9999.000 -9999.000 -9999.000 -9999.000 -9999.000 -9999.000 -9999.000 -9999.000 -9999.000 -9999.000 -9999.000 -9999.000 -9999.000 -9999.000 -9999.000 -9999.000
-9999.000 -9999.000 -9999.000 -9999.000 -9999.000 -9999.000 -9999.000 -9999.000 -9999.000 -9999.000 -9999.000 -9999.000 -9999.000 -9999.000 -9999.000 0.8601997E-03 0.2657021E-02 0.5413959E-02 0.8137219E-02 0.1062467E-01 0.1275493E-01 0.1445969E-01 0.1571300E-01 0.1651831E-01 0.1687584E-01 0.1672884E-01 0.1588382E-01 0.1386573E-01 0.9692574E-02 0.4581144E-02 0.4581144E-02 -9999.000 -9999.000 -9999.000 -9999.000 -9999.000 -9999.000 -9999.000 -9999.000 -9999.000 -9999.000 -9999.000 -9999.000 -9999.000 -9999.000 -9999.000 -9999.000 -9999.000 -9999.000 -9999.000 -9999.000 -9999.000 -9999.000 -9999.000 -9999.000 -9999.000 -9999.000 -9999.000
-9999.000 -9999.000 -9999.000 -9999.000 -9999.000 -9999.000 -9999.000 -9999.000 -9999.000 -9999.000 -9999.000 -9999.000 -9999.000 -9999.000 -9999.000 0.1395676E-02 0.3820796E-02 0.7290630E-02 0.1068045E-01 0.1376053E-01 0.1638474E-01 0.1846313E-01 0.1995128E-01 0.2083978E-01 0.2111976E-01 0.2072810E-01 0.1946419E-01 0.1683673E-01 0.1181718E-01 0.5671429E-02 0.5671429E-02 -9999.000 -9999.000 -9999.000 -9999.000 -9999.000 -9999.000 -9999.000 -9999.000 -9999.000 -9999.000 -9999.000 -9999.000 -9999.000 -9999.000 -9999.000 -9999.000 -9999.000 -9999.000 -9999.000 -9999.000 -9999.000 -9999.000 -9999.000 -9999.000 -9999.000 -9999.000 -9999.000
-9999.000 -9999.000 -9999.000 -9999.000 -9999.000 -9999.000 -9999.000 -9999.000 -9999.000 -9999.000 -9999.000 -9999.000 -9999.000 -9999.000 -9999.000 0.1801415E-02 0.4705209E-02 0.8720070E-02 0.1261901E-01 0.1615074E-01 0.1915094E-01 0.2151595E-01 0.2319155E-01 0.2416309E-01 0.2441924E-01 0.2389343E-01 0.2237438E-01 0.1934019E-01 0.1368433E-01 0.6655163E-02 0.6655163E-02 -9999.000 -9999.000 -9999.000 -9999.000 -9999.000 -9999.000 -9999.000 -9999.000 -9999.000 -9999.000 -9999.000 -9999.000 -9999.000 -9999.000 -9999.000 -9999.000 -9999.000 -9999.000 -9999.000 -9999.000 -9999.000 -9999.000 -9999.000 -9999.000 -9999.000 -9999.000 -9999.000
-9999.000 -9999.000 -9999.000 -9999.000 -9999.000 -9999.000 -9999.000 -9999.000 -9999.000 -9999.000 -9999.000 -9999.000 -9999.000 -9999.000 -9999.000 0.2138212E-02 0.5437193E-02 0.9900143E-02 0.1422083E-01 0.1813086E-01 0.2145205E-01 0.2407046E-01 0.2592568E-01 0.2700063E-01 0.2728320E-01 0.2670203E-01 0.2503053E-01 0.2170556E-01 0.1551846E-01 0.7645707E-02 0.7645707E-02 -9999.000 -9999.000 -9999.000 -9999.000 -9999.000 -9999.000 -9999.000 -9999.000 -9999.000 -9999.000 -9999.000 -9999.000 -9999.000 -9999.000 -9999.000 -9999.000 -9999.000 -9999.000 -9999.000 -9999.000 -9999.000 -9999.000 -9999.000 -9999.000 -9999.000 -9999.000 -9999.000
-9999.000 -9999.000 -9999.000 -9999.000 -9999.000 -9999.000 -9999.000 -9999.000 -9999.000 -9999.000 -9999.000 -9999.000 -9999.000 -9999.000 -9999.000 0.2447496E-02 0.6104411E-02 0.1096850E-01 0.1566964E-01 0.1992587E-01 0.2354760E-01 0.2641280E-01 0.2845684E-01 0.2966149E-01 0.3001453E-01 0.2943846E-01 0.2768657E-01 0.2414346E-01 0.1747304E-01 0.8723848E-02 0.8723848E-02 -9999.000 -9999.000 -9999.000 -9999.000 -9999.000 -9999.000 -9999.000 -9999.000 -9999.000 -9999.000 -9999.000 -9999.000 -9999.000 -9999.000 -9999.000 -9999.000 -9999.000 -9999.000 -9999.000 -9999.000 -9999.000 -9999.000 -9999.000 -9999.000 -9999.000 -9999.000 -9999.000
-9999.000 -9999.000 -9999.000 -9999.000 -9999.000 -9999.000 -9999.000 -9999.000 -9999.000 -9999.000 -9999.000 -9999.000 -9999.000 -9999.000 -9999.000 0.2758055E-02 0.6766971E-02 0.1201893E-01 0.1708955E-01 0.2168646E-01 0.2561025E-01 0.2873255E-01 0.3098527E-01 0.3235075E-01 0.3281681E-01 0.3229868E-01 0.3052457E-01 0.2681532E-01 0.1967702E-01 0.9961949E-02 0.9961949E-02 -9999.000 -9999.000 -9999.000 -9999.000 -9999.000 -9999.000 -9999.000 -9999.000 -9999.000 -9999.000 -9999.000 -9999.000 -9999.000 -9999.000 -9999.000 -9999.000 -9999.000 -9999.000 -9999.000 -9999.000 -9999.000 -9999.000 -9999.000 -9999.000 -9999.000 -9999.000 -9999.000
-9999.000 -9999.000 -9999.000 -9999.000 -9999.000 -9999.000 -9999.000 -9999.000 -9999.000 -9999.000 -9999.000 -9999.000 -9999.000 -9999.000 -9999.000 0.3090379E-02 0.7468102E-02 0.1311818E-01 0.1856893E-01 0.2352031E-01 0.2776403E-01 0.3116677E-01 0.3365818E-01 0.3522255E-01 0.3584861E-01 0.3544268E-01 0.3370304E-01 0.2987257E-01 0.2226417E-01 0.1143983E-01 0.1143983E-01 -9999.000 -9999.000 -9999.000 -9999.000 -9999.000 -9999.000 -9999.000 -9999.000 -9999.000 -9999.000 -9999.000 -9999.000 -9999.000 -9999.000 -9999.000 -9999.000 -9999.000 -9999.000 -9999.000 -9999.000 -9999.000 -9999.000 -9999.000 -9999.000 -9999.000 -9999.000 -9999.000
-9999.000 -9999.000 -9999.000 -9999.000 -9999.000 -9999.000 -9999.000 -9999.000 -9999.000 -9999.000 -9999.000 -9999.000 -9999.000 -9999.000 -9999.000 0.3461007E-02 0.8242017E-02 0.1431957E-01 0.2017896E-01 0.2551479E-01 0.3011120E-01 0.3383116E-01 0.3660328E-01 0.3841566E-01 0.3925900E-01 0.3902930E-01 0.3738903E-01 0.3348713E-01 0.2539812E-01 0.1325946E-01 0.1325946E-01 -9999.000 -9999.000 -9999.000 -9999.000 -9999.000 -9999.000 -9999.000 -9999.000 -9999.000 -9999.000 -9999.000 -9999.000 -9999.000 -9999.000 -9999.000 -9999.000 -9999.000 -9999.000 -9999.000 -9999.000 -9999.000 -9999.000 -9999.000 -9999.000 -9999.000 -9999.000 -9999.000
-9999.000 -9999.000 -9999.000 -9999.000 -9999.000 -9999.000 -9999.000 -9999.000 -9999.000 -9999.000 -9999.000 -9999.000 -9999.000 -9999.000 -9999.000 0.3885480E-02 0.9121425E-02 0.1567403E-01 0.2198807E-01 0.2775530E-01 0.3275348E-01 0.3684331E-01 0.3995433E-01 0.4208043E-01 0.4321614E-01 0.4324609E-01 0.4179007E-01 0.3788266E-01 0.2930360E-01 0.1556466E-01 0.1556466E-01 -9999.000 -9999.000 -9999.000 -9999.000 -9999.000 -9999.000 -9999.000 -9999.000 -9999.000 -9999.000 -9999.000 -9999.000 -9999.000 -9999.000 -9999.000 -9999.000 -9999.000 -9999.000 -9999.000 -9999.000 -9999.000 -9999.000 -9999.000 -9999.000 -9999.000 -9999.000 -9999.000
-9999.000 -9999.000 -9999.000 -9999.000 -9999.000 -9999.000 -9999.000 -9999.000 -9999.000 -9999.000 -9999.000 -9999.000 -9999.000 -9999.000 -9999.000 0.4381239E-02 0.1014340E-01 0.1723999E-01 0.2407558E-01 0.3034186E-01 0.3581201E-01 0.4034645E-01 0.4387776E-01 0.4640916E-01 0.4794128E-01 0.4834643E-01 0.4719391E-01 0.4337890E-01 0.3431350E-01 0.1857256E-01 0.1857256E-01 -9999.000 -9999.000 -9999.000 -9999.000 -9999.000 -9999.000 -9999.000 -9999.000 -9999.000 -9999.000 -9999.000 -9999.000 -9999.000 -9999.000 -9999.000 -9999.000 -9999.000 -9999.000 -9999.000 -9999.000 -9999.000 -9999.000 -9999.000 -9999.000 -9999.000 -9999.000 -9999.000
-9999.000 -9999.000 -9999.000 -9999.000 -9999.000 -9999.000 -9999.000 -9999.000 -9999.000 -9999.000 -9999.000 -9999.000 -9999.000 -9999.000 -9999.000 0.4971148E-02 0.1135679E-01 0.1909584E-01 0.2654918E-01 0.3341192E-01 0.3945482E-01 0.4454101E-01 0.4860973E-01 0.5167807E-01 0.5375695E-01 0.5470565E-01 0.5403402E-01 0.5046675E-01 0.4095285E-01 0.2263041E-01 0.2263041E-01 -9999.000 -9999.000 -9999.000 -9999.000 -9999.000 -9999.000 -9999.000 -9999.000 -9999.000 -9999.000 -9999.000 -9999.000 -9999.000 -9999.000 -9999.000 -9999.000 -9999.000 -9999.000 -9999.000 -9999.000 -9999.000 -9999.000 -9999.000 -9999.000 -9999.000 -9999.000 -9999.000
-9999.000 -9999.000 -9999.000 -9999.000 -9999.000 -9999.000 -9999.000 -9999.000 -9999.000 -9999.000 -9999.000 -9999.000 -9999.000 -9999.000 -9999.000 0.5689815E-02 0.1283618E-01 0.2136162E-01 0.2957441E-01 0.3717692E-01 0.4394141E-01 0.4973860E-01 0.5451943E-01 0.5832232E-01 0.6117479E-01 0.6292410E-01 0.6301137E-01 0.5995099E-01 0.5010280E-01 0.2832625E-01 0.2832625E-01 -9999.000 -9999.000 -9999.000 -9999.000 -9999.000 -9999.000 -9999.000 -9999.000 -9999.000 -9999.000 -9999.000 -9999.000 -9999.000 -9999.000 -9999.000 -9999.000 -9999.000 -9999.000 -9999.000 -9999.000 -9999.000 -9999.000 -9999.000 -9999.000 -9999.000 -9999.000 -9999.000
-9999.000 -9999.000 -9999.000 -9999.000 -9999.000 -9999.000 -9999.000 -9999.000 -9999.000 -9999.000 -9999.000 -9999.000 -9999.000 -9999.000 -9999.000 0.6665909E-02 0.1483620E-01 0.2441925E-01 0.3363945E-01 0.4221325E-01 0.4992418E-01 0.5666346E-01 0.6240790E-01 0.6723344E-01 0.7119761E-01 0.7414260E-01 0.7543352E-01 0.7332689E-01 0.6342304E-01 0.3680741E-01 0.3680741E-01 -9999.000 -9999.000 -9999.000 -9999.000 -9999.000 -9999.000 -9999.000 -9999.000 -9999.000 -9999.000 -9999.000 -9999.000 -9999.000 -9999.000 -9999.000 -9999.000 -9999.000 -9999.000 -9999.000 -9999.000 -9999.000 -9999.000 -9999.000 -9999.000 -9999.000 -9999.000 -9999.000
-9999.000 -9999.000 -9999.000 -9999.000 -9999.000 -9999.000 -9999.000 -9999.000 -9999.000 -9999.000 -9999.000 -9999.000 -9999.000 -9999.000 -9999.000 0.2162720E-01 0.3639305E-01 0.5100241E-01 0.6259212E-01 0.7167767E-01 0.7869514E-01 0.8405204E-01 0.8810495E-01 0.9120534E-01 0.9352618E-01 0.9493434E-01 0.9471867E-01 0.9090777E-01 0.7841294E-01 0.4109002E-01 0.4109002E-01 -9999.000 -9999.000 -9999.000 -9999.000 -9999.000 -9999.000 -9999.000 -9999.000 -9999.000 -9999.000 -9999.000 -9999.000 -9999.000 -9999.000 -9999.000 -9999.000 -9999.000 -9999.000 -9999.000 -9999.000 -9999.000 -9999.000 -9999.000 -9999.000 -9999.000 -9999.000 -9999.000
2.208277 2.208277 2.251973 2.297008 2.304628 2.304628 2.309672 2.315467 2.315467 2.317805 2.317805 2.317825 2.317135 2.316039 2.314578 2.314578 2.098812 2.058768 2.012040 1.953939 1.882252 1.796307 1.696592 1.584974 1.464262 1.338949 1.216998 1.112322 1.050944 1.083206 1.083206 1.957525 2.106770 2.141715 2.136563 2.136563 2.104604 2.104604 2.005591 2.005591 1.868088 1.433033 1.433033 1.303365 1.303365 1.308018 1.308018 1.308018 1.363497 1.363497 1.416406 1.416406 1.464382 1.464382 1.504225 1.504225 1.533869 1.533869
2.222476 2.222476 2.281286 2.339121 2.356270 2.356270 2.370833 2.395555 2.395555 2.416660 2.416660 2.435304 2.443873 2.452001 2.459726 2.459726 2.339040 2.324030 2.316299 2.305977 2.288071 2.259717 2.218872 2.162077 2.091841 2.008676 1.916843 1.825542 1.754424 1.753109 1.753109 2.246219 2.402936 2.521520 2.544210 2.544210 2.548978 2.548978 2.498966 2.498966 2.433622 2.134279 2.134279 1.976822 1.976822 1.967824 1.967824 1.967824 2.023535 2.023535 2.073990 2.073990 2.120864 2.120864 2.161975 2.161975 2.195835 2.195835
2.225528 2.225528 2.285368 2.339365 2.356663 2.356663 2.371452 2.396665 2.396665 2.418297 2.418297 2.437532 2.446429 2.454904 2.462997 2.462997 2.372820 2.359977 2.363232 2.370106 2.374046 2.371907 2.361732 2.341158 2.310292 2.268575 2.217452 2.161301 2.114286 2.110779 2.110779 2.450024 2.593152 2.737211 2.770205 2.770205 2.783116 2.783116 2.734783 2.734783 2.685503 2.491614 2.491614 2.333729 2.333729 2.310216 2.310216 2.310216 2.351080 2.351080 2.392858 2.392858 2.431869 2.431869 2.466446 2.466446 2.494992 2.494992
2.227952 2.227952 2.288472 2.339297 2.356527 2.356527 2.371358 2.396666 2.396666 2.418329 2.418329 2.437568 2.446468 2.454948 2.463049 2.463049 2.395391 2.381983 2.388020 2.401127 2.413465 2.421462 2.423424 2.417851 2.404748 2.383889 2.356113 2.324374 2.298322 2.302586 2.302586 2.528267 2.661979 2.813148 2.848805 2.848805 2.857695 2.857695 2.805734 2.805734 2.766530 2.642974 2.642974 2.508389 2.508389 2.463466 2.463466 2.463466 2.494702 2.494702 2.532194 2.532194 2.568132 2.568132 2.599655 2.599655 2.625206 2.625206
2.229799 2.229799 2.290806 2.339272 2.356393 2.356393 2.371252 2.396650 2.396650 2.418338 2.418338 2.437571 2.446466 2.454943 2.463042 2.463042 2.417221 2.406727 2.414892 2.431604 2.448702 2.462061 2.469829 2.470884 2.465298 2.453353 2.436067 2.416018 2.400622 2.408127 2.408127 2.561984 2.681262 2.823161 2.852163 2.852163 2.845386 2.845386 2.796450 2.796450 2.771426 2.706882 2.706882 2.613797 2.613797 2.552873 2.552873 2.552873 2.572549 2.572549 2.604579 2.604579 2.637407 2.637407 2.666264 2.666264 2.689344 2.689344
2.231097 2.231097 2.292433 2.339273 2.356286 2.356286 2.371161 2.396635 2.396635 2.418347 2.418347 2.437575 2.446465 2.454940 2.463037 2.463037 2.438420 2.434660 2.446193 2.465851 2.486370 2.503478 2.515064 2.520009 2.518243 2.510209 2.497068 2.481297 2.469032 2.474240 2.474240 2.578988 2.677919 2.789486 2.801744 2.801744 2.777992 2.777992 2.749563 2.749563 2.743537 2.728049 2.728049 2.680187 2.680187 2.617600 2.617600 2.617600 2.624644 2.624644 2.648880 2.648880 2.677070 2.677070 2.702669 2.702669 2.723078 2.723078
2.231867 2.231867 2.293393 2.339284 2.356216 2.356216 2.371099 2.396624 2.396624 2.418353 2.418353 2.437577 2.446465 2.454938 2.463035 2.463035 2.459541 2.465499 2.482160 2.504817 2.527944 2.547745 2.562080 2.569766 2.570499 2.564598 2.553118 2.538320 2.525326 2.524783 2.524783 2.591259 2.661578 2.714729 2.705301 2.705301 2.682568 2.682568 2.692014 2.692014 2.705263 2.727113 2.727113 2.718089 2.718089 2.669170 2.669170 2.669170 2.666020 2.666020 2.681028 2.681028 2.702863 2.702863 2.724026 2.724026 2.741009 2.741009
2.232122 2.232122 2.293710 2.339289 2.356192 2.356192 2.371077 2.396620 2.396620 2.418355 2.418355 2.437578 2.446466 2.454938 2.463033 2.463033 2.481857 2.499521 2.522931 2.548991 2.574168 2.595688 2.611747 2.621226 2.623657 2.619136 2.608447 2.593456 2.578244 2.570036 2.570036 2.601274 2.628261 2.595772 2.575528 2.575528 2.585472 2.585472 2.637217 2.637217 2.665848 2.714018 2.714018 2.734500 2.734500 2.709240 2.709240 2.709240 2.701217 2.701217 2.707471 2.707471 2.721657 2.721657 2.737002 2.737002 2.749576 2.749576
2.231867 2.231867 2.293392 2.339284 2.356216 2.356216 2.371099 2.396624 2.396624 2.418352 2.418352 2.437576 2.446465 2.454938 2.463034 2.463034 2.507249 2.537717 2.568924 2.598770 2.625570 2.647867 2.664535 2.674739 2.678000 2.674233 2.663907 2.648388 2.630519 2.612554 2.612554 2.601605 2.558430 2.442287 2.439147 2.439147 2.503120 2.503120 2.588260 2.588260 2.627494 2.693795 2.693795 2.735569 2.735569 2.737155 2.737155 2.737155 2.730164 2.730164 2.729944 2.729944 2.736130 2.736130 2.744503 2.744503 2.751689 2.751689
2.231097 2.231097 2.292432 2.339274 2.356285 2.356285 2.371161 2.396635 2.396635 2.418347 2.418347 2.437575 2.446465 2.454940 2.463037 2.463037 2.538244 2.581833 2.621017 2.654608 2.682500 2.704602 2.720678 2.730394 2.733435 2.729644 2.719225 2.703005 2.682050 2.648484 2.648484 2.568201 2.420748 2.287828 2.323957 2.323957 2.436767 2.436767 2.543271 2.543271 2.589605 2.668731 2.668731 2.725629 2.725629 2.752262 2.752262 2.752262 2.750768 2.750768 2.747250 2.747250 2.746177 2.746177 2.747007 2.747007 2.748088 2.748088
2.229799 2.229799 2.290806 2.339272 2.356393 2.356393 2.371253 2.396650 2.396650 2.418339 2.418339 2.437571 2.446465 2.454943 2.463042 2.463042 2.578217 2.634392 2.680620 2.717091 2.745113 2.765858 2.780039 2.787938 2.789552 2.784782 2.773655 2.756397 2.730490 2.661759 2.661759 2.449709 2.202507 2.167539 2.231317 2.231317 2.378310 2.378310 2.498167 2.498167 2.549673 2.638400 2.638400 2.706113 2.706113 2.753672 2.753672 2.753672 2.759902 2.759902 2.756030 2.756030 2.749249 2.749249 2.742729 2.742729 2.737485 2.737485
