simulation_files/asc/Velocity__x_19.0.asc
NCOLS        79
NROWS        79
XLLCENTER         -1.500000
YLLCENTER         -4.800000
CELLSIZE           0.100
NODATA_VALUE     -9999.0
[rows 0 to 25 of 79, columns 0 to 57 of 79]
-9999.000 -9999.000 -9999.000 -9999.000 -9999.000 -9999.000 -9999.000 -9999.000 -9999.000 -9999.000 -9999.000 -9999.000 -9999.000 -9999.000 -9999.000 0.1336424E-01 0.2464460E-01 0.2886073E-01 0.3161301E-01 0.3441394E-01 0.3653338E-01 0.3743295E-01 0.3672162E-01 0.3441049E-01 0.3075507E-01 0.2610552E-01 0.2085970E-01 0.1126573E-01 -0.1016425E-01 -0.1379857E-01 -0.1379857E-01 -9999.000 -9999.000 -9999.000 -9999.000 -9999.000 -9999.000 -9999.000 -9999.000 -9999.000 -9999.000 -9999.000 -9999.000 -9999.000 -9999.000 -9999.000 -9999.000 -9999.000 -9999.000 -9999.000 -9999.000 -9999.000 -9999.000 -9999.000 -9999.000 -9999.000 -9999.000 -9999.000
-9999.000 -9999.000 -9999.000 -9999.000 -9999.000 -9999.000 -9999.000 -9999.000 -9999.000 -9999.000 -9999.000 -9999.000 -9999.000 -9999.000 -9999.000 0.1033687E-01 0.1961083E-01 0.2623636E-01 0.3072758E-01 0.3403861E-01 0.3622613E-01 0.3715164E-01 0.3666423E-01 0.3473171E-01 0.3143217E-01 0.2683023E-01 0.2076355E-01 0.1227328E-01 0.1097689E-02 -0.3272432E-02 -0.3272432E-02 -9999.000 -9999.000 -9999.000 -9999.000 -9999.000 -9999.000 -9999.000 -9999.000 -9999.000 -9999.000 -9999.000 -9999.000 -9999.000 -9999.000 -9999.000 -9999.000 -9999.000 -9999.000 -9999.000 -9999.000 -9999.000 -9999.000 -9999.000 -9999.000 -9999.000 -9999.000 -9999.000
-9999.000 -9999.000 -9999.000 -9999.000 -9999.000 -9999.000 -9999.000 -9999.000 -9999.000 -9999.000 -9999.000 -9999.000 -9999.000 -9999.000 -9999.000 0.8927588E-02 0.1780684E-01 0.2536134E-01 0.3063594E-01 0.3430895E-01 0.3661771E-01 0.3756091E-01 0.3710119E-01 0.3524296E-01 0.3206825E-01 0.2766477E-01 0.2190944E-01 0.1447285E-01 0.5800141E-02 0.8235753E-03 0.8235753E-03 -9999.000 -9999.000 -9999.000 -9999.000 -9999.000 -9999.000 -9999.000 -9999.000 -9999.000 -9999.000 -9999.000 -9999.000 -9999.000 -9999.000 -9999.000 -9999.000 -9999.000 -9999.000 -9999.000 -9999.000 -9999.000 -9999.000 -9999.000 -9999.000 -9999.000 -9999.000 -9999.000
-9999.000 -9999.000 -9999.000 -9999.000 -9999.000 -9999.000 -9999.000 -9999.000 -9999.000 -9999.000 -9999.000 -9999.000 -9999.000 -9999.000 -9999.000 0.8763128E-02 0.1808592E-01 0.2655978E-01 0.3257655E-01 0.3677667E-01 0.3947108E-01 0.4070926E-01 0.4048778E-01 0.3881226E-01 0.3572787E-01 0.3129468E-01 0.2540218E-01 0.1777837E-01 0.8647148E-02 0.2524109E-02 0.2524109E-02 -9999.000 -9999.000 -9999.000 -9999.000 -9999.000 -9999.000 -9999.000 -9999.000 -9999.000 -9999.000 -9999.000 -9999.000 -9999.000 -9999.000 -9999.000 -9999.000 -9999.000 -9999.000 -9999.000 -9999.000 -9999.000 -9999.000 -9999.000 -9999.000 -9999.000 -9999.000 -9999.000
-9999.000 -9999.000 -9999.000 -9999.000 -9999.000 -9999.000 -9999.000 -9999.000 -9999.000 -9999.000 -9999.000 -9999.000 -9999.000 -9999.000 -9999.000 0.9155321E-02 0.1926916E-01 0.2884404E-01 0.3578852E-01 0.4074102E-01 0.4404736E-01 0.4577998E-01 0.4593606E-01 0.4449279E-01 0.4142786E-01 0.3673224E-01 0.3029243E-01 0.2190206E-01 0.1164794E-01 0.4057840E-02 0.4057840E-02 -9999.000 -9999.000 -9999.000 -9999.000 -9999.000 -9999.000 -9999.000 -9999.000 -9999.000 -9999.000 -9999.000 -9999.000 -9999.000 -9999.000 -9999.000 -9999.000 -9999.000 -9999.000 -9999.000 -9999.000 -9999.000 -9999.000 -9999.000 -9999.000 -9999.000 -9999.000 -9999.000
-9999.000 -9999.000 -9999.000 -9999.000 -9999.000 -9999.000 -9999.000 -9999.000 -9999.000 -9999.000 -9999.000 -9999.000 -9999.000 -9999.000 -9999.000 0.9785103E-02 0.2090161E-01 0.3184507E-01 0.4004257E-01 0.4606847E-01 0.5025535E-01 0.5267497E-01 0.5330592E-01 0.5208421E-01 0.4891954E-01 0.4372777E-01 0.3638414E-01 0.2679640E-01 0.1510808E-01 0.5806445E-02 0.5806445E-02 -9999.000 -9999.000 -9999.000 -9999.000 -9999.000 -9999.000 -9999.000 -9999.000 -9999.000 -9999.000 -9999.000 -9999.000 -9999.000 -9999.000 -9999.000 -9999.000 -9999.000 -9999.000 -9999.000 -9999.000 -9999.000 -9999.000 -9999.000 -9999.000 -9999.000 -9999.000 -9999.000
-9999.000 -9999.000 -9999.000 -9999.000 -9999.000 -9999.000 -9999.000 -9999.000 -9999.000 -9999.000 -9999.000 -9999.000 -9999.000 -9999.000 -9999.000 0.1056108E-01 0.2287790E-01 0.3549829E-01 0.4530833E-01 0.5273146E-01 0.5803894E-01 0.6128103E-01 0.6241133E-01 0.6133170E-01 0.5791026E-01 0.5201523E-01 0.4351407E-01 0.3242633E-01 0.1904389E-01 0.7798275E-02 0.7798275E-02 -9999.000 -9999.000 -9999.000 -9999.000 -9999.000 -9999.000 -9999.000 -9999.000 -9999.000 -9999.000 -9999.000 -9999.000 -9999.000 -9999.000 -9999.000 -9999.000 -9999.000 -9999.000 -9999.000 -9999.000 -9999.000 -9999.000 -9999.000 -9999.000 -9999.000 -9999.000 -9999.000
-9999.000 -9999.000 -9999.000 -9999.000 -9999.000 -9999.000 -9999.000 -9999.000 -9999.000 -9999.000 -9999.000 -9999.000 -9999.000 -9999.000 -9999.000 0.1144065E-01 0.2512186E-01 0.3968287E-01 0.5140768E-01 0.6049305E-01 0.6710959E-01 0.7127181E-01 0.7291158E-01 0.7191262E-01 0.6813221E-01 0.6142266E-01 0.5164613E-01 0.3888685E-01 0.2355571E-01 0.1007477E-01 0.1007477E-01 -9999.000 -9999.000 -9999.000 -9999.000 -9999.000 -9999.000 -9999.000 -9999.000 -9999.000 -9999.000 -9999.000 -9999.000 -9999.000 -9999.000 -9999.000 -9999.000 -9999.000 -9999.000 -9999.000 -9999.000 -9999.000 -9999.000 -9999.000 -9999.000 -9999.000 -9999.000 -9999.000
-9999.000 -9999.000 -9999.000 -9999.000 -9999.000 -9999.000 -9999.000 -9999.000 -9999.000 -9999.000 -9999.000 -9999.000 -9999.000 -9999.000 -9999.000 0.1238474E-01 0.2753523E-01 0.4421667E-01 0.5808460E-01 0.6905261E-01 0.7715999E-01 0.8237301E-01 0.8460410E-01 0.8372962E-01 0.7960975E-01 0.7209120E-01 0.6101625E-01 0.4646358E-01 0.2886768E-01 0.1273477E-01 0.1273477E-01 -9999.000 -9999.000 -9999.000 -9999.000 -9999.000 -9999.000 -9999.000 -9999.000 -9999.000 -9999.000 -9999.000 -9999.000 -9999.000 -9999.000 -9999.000 -9999.000 -9999.000 -9999.000 -9999.000 -9999.000 -9999.000 -9999.000 -9999.000 -9999.000 -9999.000 -9999.000 -9999.000
-9999.000 -9999.000 -9999.000 -9999.000 -9999.000 -9999.000 -9999.000 -9999.000 -9999.000 -9999.000 -9999.000 -9999.000 -9999.000 -9999.000 -9999.000 0.1337540E-01 0.3005194E-01 0.4896307E-01 0.6515545E-01 0.7822365E-01 0.8804863E-01 0.9453215E-01 0.9755991E-01 0.9699567E-01 0.9269241E-01 0.8447267E-01 0.7212105E-01 0.5562823E-01 0.3533030E-01 0.1594605E-01 0.1594605E-01 -9999.000 -9999.000 -9999.000 -9999.000 -9999.000 -9999.000 -9999.000 -9999.000 -9999.000 -9999.000 -9999.000 -9999.000 -9999.000 -9999.000 -9999.000 -9999.000 -9999.000 -9999.000 -9999.000 -9999.000 -9999.000 -9999.000 -9999.000 -9999.000 -9999.000 -9999.000 -9999.000
-9999.000 -9999.000 -9999.000 -9999.000 -9999.000 -9999.000 -9999.000 -9999.000 -9999.000 -9999.000 -9999.000 -9999.000 -9999.000 -9999.000 -9999.000 0.1442337E-01 0.3266396E-01 0.5387647E-01 0.7255984E-01 0.8797248E-01 0.9981267E-01 0.1078958 0.1120619 0.1121413 0.1079494 0.9924263E-01 0.8568624E-01 0.6707761E-01 0.4349687E-01 0.1999754E-01 0.1999754E-01 -9999.000 -9999.000 -9999.000 -9999.000 -9999.000 -9999.000 -9999.000 -9999.000 -9999.000 -9999.000 -9999.000 -9999.000 -9999.000 -9999.000 -9999.000 -9999.000 -9999.000 -9999.000 -9999.000 -9999.000 -9999.000 -9999.000 -9999.000 -9999.000 -9999.000 -9999.000 -9999.000
-9999.000 -9999.000 -9999.000 -9999.000 -9999.000 -9999.000 -9999.000 -9999.000 -9999.000 -9999.000 -9999.000 -9999.000 -9999.000 -9999.000 -9999.000 0.1556107E-01 0.3541515E-01 0.5899584E-01 0.8034363E-01 0.9838226E-01 0.1126080 0.1227263 0.1285080 0.1297220 0.1261058 0.1172933 0.1027407 0.8189330E-01 0.5431838E-01 0.2541819E-01 0.2541819E-01 -9999.000 -9999.000 -9999.000 -9999.000 -9999.000 -9999.000 -9999.000 -9999.000 -9999.000 -9999.000 -9999.000 -9999.000 -9999.000 -9999.000 -9999.000 -9999.000 -9999.000 -9999.000 -9999.000 -9999.000 -9999.000 -9999.000 -9999.000 -9999.000 -9999.000 -9999.000 -9999.000
-9999.000 -9999.000 -9999.000 -9999.000 -9999.000 -9999.000 -9999.000 -9999.000 -9999.000 -9999.000 -9999.000 -9999.000 -9999.000 -9999.000 -9999.000 0.1683339E-01 0.3838594E-01 0.6442389E-01 0.8862785E-01 0.1096098 0.1266563 0.1393470 0.1473662 0.1504016 0.1480803 0.1398536 0.1248485 0.1019030 0.6957911E-01 0.3325333E-01 0.3325333E-01 -9999.000 -9999.000 -9999.000 -9999.000 -9999.000 -9999.000 -9999.000 -9999.000 -9999.000 -9999.000 -9999.000 -9999.000 -9999.000 -9999.000 -9999.000 -9999.000 -9999.000 -9999.000 -9999.000 -9999.000 -9999.000 -9999.000 -9999.000 -9999.000 -9999.000 -9999.000 -9999.000
-9999.000 -9999.000 -9999.000 -9999.000 -9999.000 -9999.000 -9999.000 -9999.000 -9999.000 -9999.000 -9999.000 -9999.000 -9999.000 -9999.000 -9999.000 0.1835837E-01 0.4178415E-01 0.7042779E-01 0.9769727E-01 0.1219504 0.1422880 0.1581730 0.1692123 0.1750225 0.1751254 0.1687686 0.1546359 0.1305801 0.9315406E-01 0.4596795E-01 0.4596795E-01 -9999.000 -9999.000 -9999.000 -9999.000 -9999.000 -9999.000 -9999.000 -9999.000 -9999.000 -9999.000 -9999.000 -9999.000 -9999.000 -9999.000 -9999.000 -9999.000 -9999.000 -9999.000 -9999.000 -9999.000 -9999.000 -9999.000 -9999.000 -9999.000 -9999.000 -9999.000 -9999.000
-9999.000 -9999.000 -9999.000 -9999.000 -9999.000 -9999.000 -9999.000 -9999.000 -9999.000 -9999.000 -9999.000 -9999.000 -9999.000 -9999.000 -9999.000 0.2573040E-01 0.5246081E-01 0.8402853E-01 0.1137352 0.1403756 0.1632844 0.1820309 0.1962553 0.2055704 0.2094579 0.2070346 0.1965464 0.1744371 0.1331352 0.6590106E-01 0.6590106E-01 -9999.000 -9999.000 -9999.000 -9999.000 -9999.000 -9999.000 -9999.000 -9999.000 -9999.000 -9999.000 -9999.000 -9999.000 -9999.000 -9999.000 -9999.000 -9999.000 -9999.000 -9999.000 -9999.000 -9999.000 -9999.000 -9999.000 -9999.000 -9999.000 -9999.000 -9999.000 -9999.000
0.9622439 0.9622439 0.8825504 0.8465220 0.8290629 0.8290629 0.8115525 0.7750015 0.7750015 0.7342005 0.7342005 0.6835612 0.6505556 0.6088135 0.5542944 0.5542944 0.4303545 0.3833056 0.3449932 0.3161916 0.2964988 0.2845795 0.2785940 0.2766684 0.2773348 0.2799405 0.2852117 0.2965732 0.3233775 0.3782058 0.3782058 1.005000 1.220399 1.295050 1.246361 1.246361 0.2287008 0.2287008 0.2185464E-01 0.2185464E-01 0.1872702E-01 0.1109711 0.1109711 0.2169078 0.2169078 0.3385697 0.3385697 0.3385697 0.4151911 0.4151911 0.4792212 0.4792212 0.5324062 0.5324062 0.5770748 0.5770748 0.6301710 0.6301710
0.9752397 0.9752397 0.8948331 0.8667992 0.8529178 0.8529178 0.8386422 0.8072234 0.8072234 0.7694425 0.7694425 0.7212990 0.6917943 0.6584667 0.6220241 0.6220241 0.5536099 0.5201679 0.4866413 0.4544379 0.4252937 0.4008133 0.3821402 0.3698980 0.3644520 0.3664581 0.3777376 0.4028900 0.4527529 0.5482054 0.5482054 0.9821407 1.143436 1.244610 1.249635 1.249635 0.9635610 0.9635610 0.8590237 0.8590237 0.8503675 0.7969691 0.7969691 0.7438990 0.7438990 0.7455918 0.7455918 0.7455918 0.7783979 0.7783979 0.8137799 0.8137799 0.8480568 0.8480568 0.8583753 0.8583753 0.9101037 0.9101037
0.9793428 0.9793428 0.8950796 0.8676338 0.8542277 0.8542277 0.8406065 0.8113302 0.8113302 0.7777273 0.7777273 0.7376559 0.7142988 0.6887354 0.6616547 0.6616547 0.6152495 0.5930621 0.5697538 0.5454438 0.5209805 0.4978011 0.4776754 0.4624708 0.4540773 0.4545996 0.4669397 0.4961228 0.5522962 0.6569128 0.6569128 0.9943335 1.138630 1.244380 1.262463 1.262463 1.189710 1.189710 1.113867 1.113867 1.091765 1.042925 1.042925 0.9968477 0.9968477 0.9621866 0.9621866 0.9621866 0.9743779 0.9743779 0.9927032 0.9927032 1.013338 1.013338 1.028262 1.028262 1.057257 1.057257
0.9833914 0.9833914 0.8955141 0.8685963 0.8556747 0.8556747 0.8427144 0.8155096 0.8155096 0.7856333 0.7856333 0.7521007 0.7333519 0.7132396 0.6922266 0.6922266 0.6590009 0.6438037 0.6278071 0.6107031 0.5927068 0.5746518 0.5579500 0.5444859 0.5365359 0.5368165 0.5487983 0.5776088 0.6323428 0.7321045 0.7321045 1.004735 1.138929 1.245536 1.267585 1.267585 1.245466 1.245466 1.189025 1.189025 1.166335 1.137276 1.137276 1.114653 1.114653 1.082658 1.082658 1.082658 1.084947 1.084947 1.094032 1.094032 1.106671 1.106671 1.117078 1.117078 1.135944 1.135944
0.9874618 0.9874618 0.8961607 0.8699056 0.8575683 0.8575683 0.8453810 0.8204627 0.8204627 0.7943377 0.7943377 0.7667540 0.7519132 0.7361984 0.7198130 0.7198130 0.6959906 0.6853785 0.6742139 0.6622537 0.6495283 0.6365092 0.6241926 0.6141136 0.6083456 0.6095513 0.6211881 0.6481239 0.6983412 0.7881706 0.7881706 1.011694 1.136505 1.237527 1.257464 1.257464 1.243814 1.243814 1.203896 1.203896 1.191815 1.186074 1.186074 1.184458 1.184458 1.164477 1.164477 1.164477 1.162671 1.162671 1.165720 1.165720 1.172446 1.172446 1.178991 1.178991 1.190980 1.190980
0.9915094 0.9915094 0.8969555 0.8715144 0.8598446 0.8598446 0.8485162 0.8260390 0.8260390 0.8037146 0.8037146 0.7818394 0.7706231 0.7588983 0.7465899 0.7465899 0.7305498 0.7231816 0.7151582 0.7065125 0.6973726 0.6881109 0.6794706 0.6726472 0.6693503 0.6718905 0.6833639 0.7081105 0.7530023 0.8318843 0.8318843 1.015963 1.129951 1.216395 1.229719 1.229719 1.217649 1.217649 1.202368 1.202368 1.203646 1.217506 1.217506 1.230856 1.230856 1.225510 1.225510 1.225510 1.223839 1.223839 1.223223 1.223223 1.225109 1.225109 1.227813 1.227813 1.234313 1.234313
0.9954184 0.9954184 0.8978179 0.8732984 0.8623412 0.8623412 0.8519153 0.8319513 0.8319513 0.8134511 0.8134511 0.7972173 0.7895765 0.7818120 0.7735612 0.7735612 0.7648723 0.7599698 0.7539300 0.7471645 0.7400507 0.7330400 0.7267866 0.7222553 0.7208180 0.7243675 0.7355056 0.7579291 0.7974501 0.8657600 0.8657600 1.016665 1.116567 1.179429 1.185967 1.185967 1.183649 1.183649 1.197540 1.197540 1.210340 1.238631 1.238631 1.262206 1.262206 1.270622 1.270622 1.270622 1.272275 1.272275 1.270736 1.270736 1.269292 1.269292 1.268440 1.268440 1.270224 1.270224
0.9990458 0.9990458 0.8986895 0.8751552 0.8649240 0.8649240 0.8554062 0.8379473 0.8379473 0.8232463 0.8232463 0.8126752 0.8087137 0.8051544 0.8013710 0.8013710 0.8004570 0.7975001 0.7925562 0.7865065 0.7800702 0.7738811 0.7686129 0.7650985 0.7644381 0.7681289 0.7782601 0.7978721 0.8318172 0.8898898 0.8898898 1.010648 1.090231 1.127784 1.133590 1.133590 1.152809 1.152809 1.193342 1.193342 1.214303 1.252635 1.252635 1.283337 1.283337 1.303018 1.303018 1.303018 1.309561 1.309561 1.309554 1.309554 1.306740 1.306740 1.303166 1.303166 1.300932 1.300932
1.002226 1.002226 0.8995281 0.8769998 0.8674788 0.8674788 0.8588423 0.8438087 0.8438087 0.8328173 0.8328173 0.8279467 0.8278679 0.8289930 0.8305491 0.8305491 0.8387064 0.8372151 0.8325189 0.8261114 0.8191328 0.8124554 0.8068237 0.8029850 0.8018005 0.8043768 0.8122759 0.8278907 0.8552978 0.9034034 0.9034034 0.9961183 1.039658 1.068684 1.082237 1.082237 1.128628 1.128628 1.189432 1.189432 1.215777 1.261224 1.261224 1.297172 1.297172 1.325607 1.325607 1.325607 1.337263 1.337263 1.340355 1.340355 1.338065 1.338065 1.333040 1.333040 1.327672 1.327672
1.004776 1.004776 0.9003032 0.8787588 0.8699054 0.8699054 0.8620919 0.8493313 0.8493313 0.8418733 0.8418733 0.8426768 0.8467137 0.8531848 0.8615113 0.8615113 0.8812544 0.8805736 0.8750988 0.8671609 0.8584146 0.8499993 0.8427295 0.8372462 0.8341177 0.8339611 0.8376794 0.8469251 0.8650631 0.8999375 0.8999375 0.9585680 0.9812066 1.015071 1.033920 1.033920 1.108776 1.108776 1.184802 1.184802 1.214835 1.265744 1.265744 1.305895 1.305895 1.341190 1.341190 1.341190 1.357453 1.357453 1.364186 1.364186 1.363724 1.363724 1.358544 1.358544 1.351106 1.351106
1.006508 1.006508 0.9009987 0.8803702 0.8721162 0.8721162 0.8650395 0.8543245 0.8543245 0.8501172 0.8501172 0.8564042 0.8647080 0.8772244 0.8943438 0.8943438 0.9302493 0.9292545 0.9215348 0.9105870 0.8986892 0.8872538 0.8771087 0.8686836 0.8620553 0.8570219 0.8534396 0.8520228 0.8556933 0.8711092 0.8711092 0.8968027 0.9130446 0.9723369 1.009430 1.009430 1.091493 1.091493 1.182049 1.182049 1.214721 1.269692 1.269692 1.312826 1.312826 1.352834 1.352834 1.352834 1.372575 1.372575 1.382514 1.382514 1.384270 1.384270 1.379806 1.379806 1.371304 1.371304
