simulation_files/asc/Velocity__y_222.0.asc
NCOLS        79
NROWS        79
XLLCENTER         -1.500000
YLLCENTER         -4.800000
CELLSIZE           0.100
NODATA_VALUE     -9999.0
[rows 0 to 26 of 79, columns 0 to 58 of 79]
-9999.000 -9999.000 -9999.000 -9999.000 -9999.000 -9999.000 -9999.000 -9999.000 -9999.000 -9999.000 -9999.000 -9999.000 -9999.000 -9999.000 -9999.000 -0.8915576E-01 -0.8583982E-01 -0.8440207E-01 -0.8377647E-01 -0.8423513E-01 -0.8506379E-01 -0.8593760E-01 -0.8678947E-01 -0.8755211E-01 -0.8819312E-01 -0.8875620E-01 -0.8927386E-01 -0.8990788E-01 -0.9124200E-01 -0.9264012E-01 -0.9264012E-01 -9999.000 -9999.000 -9999.000 -9999.000 -9999.000 -9999.000 -9999.000 -9999.000 -9999.000 -9999.000 -9999.000 -9999.000 -9999.000 -9999.000 -9999.000 -9999.000 -9999.000 -9999.000 -9999.000 -9999.000 -9999.000 -9999.000 -9999.000 -9999.000 -9999.000 -9999.000 -9999.000 -9999.000
-9999.000 -9999.000 -9999.000 -9999.000 -9999.000 -9999.000 -9999.000 -9999.000 -9999.000 -9999.000 -9999.000 -9999.000 -9999.000 -9999.000 -9999.000 -0.9017842E-01 -0.8320417E-01 -0.8012942E-01 -0.7881087E-01 -0.7983753E-01 -0.8169895E-01 -0.8369479E-01 -0.8567078E-01 -0.8747207E-01 -0.8902018E-01 -0.9040007E-01 -0.9167268E-01 -0.9317314E-01 -0.9612066E-01 -0.9948154E-01 -0.9948154E-01 -9999.000 -9999.000 -9999.000 -9999.000 -9999.000 -9999.000 -9999.000 -9999.000 -9999.000 -9999.000 -9999.000 -9999.000 -9999.000 -9999.000 -9999.000 -9999.000 -9999.000 -9999.000 -9999.000 -9999.000 -9999.000 -9999.000 -9999.000 -9999.000 -9999.000 -9999.000 -9999.000 -9999.000
-9999.000 -9999.000 -9999.000 -9999.000 -9999.000 -9999.000 -9999.000 -9999.000 -9999.000 -9999.000 -9999.000 -9999.000 -9999.000 -9999.000 -9999.000 -0.9031186E-01 -0.7932536E-01 -0.7437440E-01 -0.7230647E-01 -0.7408409E-01 -0.7728379E-01 -0.8076582E-01 -0.8426278E-01 -0.8750508E-01 -0.9034850E-01 -0.9291381E-01 -0.9528457E-01 -0.9798426E-01 -0.1029521 -0.1090207 -0.1090207 -9999.000 -9999.000 -9999.000 -9999.000 -9999.000 -9999.000 -9999.000 -9999.000 -9999.000 -9999.000 -9999.000 -9999.000 -9999.000 -9999.000 -9999.000 -9999.000 -9999.000 -9999.000 -9999.000 -9999.000 -9999.000 -9999.000 -9999.000 -9999.000 -9999.000 -9999.000 -9999.000 -9999.000
-9999.000 -9999.000 -9999.000 -9999.000 -9999.000 -9999.000 -9999.000 -9999.000 -9999.000 -9999.000 -9999.000 -9999.000 -9999.000 -9999.000 -9999.000 -0.8996508E-01 -0.7496470E-01 -0.6813537E-01 -0.6535164E-01 -0.6795719E-01 -0.7258888E-01 -0.7765805E-01 -0.8278511E-01 -0.8757871E-01 -0.9182466E-01 -0.9567895E-01 -0.9924215E-01 -0.1032313 -0.1103406 -0.1195908 -0.1195908 -9999.000 -9999.000 -9999.000 -9999.000 -9999.000 -9999.000 -9999.000 -9999.000 -9999.000 -9999.000 -9999.000 -9999.000 -9999.000 -9999.000 -9999.000 -9999.000 -9999.000 -9999.000 -9999.000 -9999.000 -9999.000 -9999.000 -9999.000 -9999.000 -9999.000 -9999.000 -9999.000 -9999.000
-9999.000 -9999.000 -9999.000 -9999.000 -9999.000 -9999.000 -9999.000 -9999.000 -9999.000 -9999.000 -9999.000 -9999.000 -9999.000 -9999.000 -9999.000 -0.8935989E-01 -0.7029746E-01 -0.6157050E-01 -0.5808256E-01 -0.6156925E-01 -0.6769562E-01 -0.7441613E-01 -0.8124161E-01 -0.8765341E-01 -0.9336473E-01 -0.9857030E-01 -0.1033850 -0.1087300 -0.1181006 -0.1310440 -0.1310440 -9999.000 -9999.000 -9999.000 -9999.000 -9999.000 -9999.000 -9999.000 -9999.000 -9999.000 -9999.000 -9999.000 -9999.000 -9999.000 -9999.000 -9999.000 -9999.000 -9999.000 -9999.000 -9999.000 -9999.000 -9999.000 -9999.000 -9999.000 -9999.000 -9999.000 -9999.000 -9999.000 -9999.000
-9999.000 -9999.000 -9999.000 -9999.000 -9999.000 -9999.000 -9999.000 -9999.000 -9999.000 -9999.000 -9999.000 -9999.000 -9999.000 -9999.000 -9999.000 -0.8856112E-01 -0.6538081E-01 -0.5473582E-01 -0.5055114E-01 -0.5496537E-01 -0.6263700E-01 -0.7105679E-01 -0.7963126E-01 -0.8770874E-01 -0.9492922E-01 -0.1015310 -0.1076415 -0.1144004 -0.1261619 -0.1433966 -0.1433966 -9999.000 -9999.000 -9999.000 -9999.000 -9999.000 -9999.000 -9999.000 -9999.000 -9999.000 -9999.000 -9999.000 -9999.000 -9999.000 -9999.000 -9999.000 -9999.000 -9999.000 -9999.000 -9999.000 -9999.000 -9999.000 -9999.000 -9999.000 -9999.000 -9999.000 -9999.000 -9999.000 -9999.000
-9999.000 -9999.000 -9999.000 -9999.000 -9999.000 -9999.000 -9999.000 -9999.000 -9999.000 -9999.000 -9999.000 -9999.000 -9999.000 -9999.000 -9999.000 -0.8756741E-01 -0.6022040E-01 -0.4764100E-01 -0.4276969E-01 -0.4815952E-01 -0.5742382E-01 -0.6758387E-01 -0.7795050E-01 -0.8773223E-01 -0.9649581E-01 -0.1045310 -0.1119757 -0.1202053 -0.1345045 -0.1567557 -0.1567557 -9999.000 -9999.000 -9999.000 -9999.000 -9999.000 -9999.000 -9999.000 -9999.000 -9999.000 -9999.000 -9999.000 -9999.000 -9999.000 -9999.000 -9999.000 -9999.000 -9999.000 -9999.000 -9999.000 -9999.000 -9999.000 -9999.000 -9999.000 -9999.000 -9999.000 -9999.000 -9999.000 -9999.000
-9999.000 -9999.000 -9999.000 -9999.000 -9999.000 -9999.000 -9999.000 -9999.000 -9999.000 -9999.000 -9999.000 -9999.000 -9999.000 -9999.000 -9999.000 -0.8634450E-01 -0.5479746E-01 -0.4027430E-01 -0.3473181E-01 -0.4115100E-01 -0.5205559E-01 -0.6399415E-01 -0.7619268E-01 -0.8771279E-01 -0.9804779E-01 -0.1075497 -0.1163638 -0.1261230 -0.1431295 -0.1712954 -0.1712954 -9999.000 -9999.000 -9999.000 -9999.000 -9999.000 -9999.000 -9999.000 -9999.000 -9999.000 -9999.000 -9999.000 -9999.000 -9999.000 -9999.000 -9999.000 -9999.000 -9999.000 -9999.000 -9999.000 -9999.000 -9999.000 -9999.000 -9999.000 -9999.000 -9999.000 -9999.000 -9999.000 -9999.000
-9999.000 -9999.000 -9999.000 -9999.000 -9999.000 -9999.000 -9999.000 -9999.000 -9999.000 -9999.000 -9999.000 -9999.000 -9999.000 -9999.000 -9999.000 -0.8483968E-01 -0.4907998E-01 -0.3261213E-01 -0.2642104E-01 -0.3393100E-01 -0.4652615E-01 -0.6027956E-01 -0.7434816E-01 -0.8763693E-01 -0.9956805E-01 -0.1105673 -0.1207835 -0.1321355 -0.1520465 -0.1872542 -0.1872542 -9999.000 -9999.000 -9999.000 -9999.000 -9999.000 -9999.000 -9999.000 -9999.000 -9999.000 -9999.000 -9999.000 -9999.000 -9999.000 -9999.000 -9999.000 -9999.000 -9999.000 -9999.000 -9999.000 -9999.000 -9999.000 -9999.000 -9999.000 -9999.000 -9999.000 -9999.000 -9999.000 -9999.000
-9999.000 -9999.000 -9999.000 -9999.000 -9999.000 -9999.000 -9999.000 -9999.000 -9999.000 -9999.000 -9999.000 -9999.000 -9999.000 -9999.000 -9999.000 -0.8298612E-01 -0.4302526E-01 -0.2462205E-01 -0.1781347E-01 -0.2648525E-01 -0.4082391E-01 -0.5642775E-01 -0.7240333E-01 -0.8748819E-01 -0.1010348 -0.1135596 -0.1252092 -0.1382215 -0.1612663 -0.2049489 -0.2049489 -9999.000 -9999.000 -9999.000 -9999.000 -9999.000 -9999.000 -9999.000 -9999.000 -9999.000 -9999.000 -9999.000 -9999.000 -9999.000 -9999.000 -9999.000 -9999.000 -9999.000 -9999.000 -9999.000 -9999.000 -9999.000 -9999.000 -9999.000 -9999.000 -9999.000 -9999.000 -9999.000 -9999.000
-9999.000 -9999.000 -9999.000 -9999.000 -9999.000 -9999.000 -9999.000 -9999.000 -9999.000 -9999.000 -9999.000 -9999.000 -9999.000 -9999.000 -9999.000 -0.8070147E-01 -0.3658093E-01 -0.1626277E-01 -0.8877507E-02 -0.1879339E-01 -0.3493209E-01 -0.5242071E-01 -0.7033879E-01 -0.8724295E-01 -0.1024198 -0.1164948 -0.1296053 -0.1443503 -0.1707971 -0.2248025 -0.2248025 -9999.000 -9999.000 -9999.000 -9999.000 -9999.000 -9999.000 -9999.000 -9999.000 -9999.000 -9999.000 -9999.000 -9999.000 -9999.000 -9999.000 -9999.000 -9999.000 -9999.000 -9999.000 -9999.000 -9999.000 -9999.000 -9999.000 -9999.000 -9999.000 -9999.000 -9999.000 -9999.000 -9999.000
-9999.000 -9999.000 -9999.000 -9999.000 -9999.000 -9999.000 -9999.000 -9999.000 -9999.000 -9999.000 -9999.000 -9999.000 -9999.000 -9999.000 -9999.000 -0.7788419E-01 -0.2968008E-01 -0.7479878E-02 0.4289353E-03 -0.1082813E-01 -0.2882781E-01 -0.4823403E-01 -0.6812859E-01 -0.8686953E-01 -0.1036839 -0.1193288 -0.1339226 -0.1504769 -0.1806389 -0.2473878 -0.2473878 -9999.000 -9999.000 -9999.000 -9999.000 -9999.000 -9999.000 -9999.000 -9999.000 -9999.000 -9999.000 -9999.000 -9999.000 -9999.000 -9999.000 -9999.000 -9999.000 -9999.000 -9999.000 -9999.000 -9999.000 -9999.000 -9999.000 -9999.000 -9999.000 -9999.000 -9999.000 -9999.000 -9999.000
-9999.000 -9999.000 -9999.000 -9999.000 -9999.000 -9999.000 -9999.000 -9999.000 -9999.000 -9999.000 -9999.000 -9999.000 -9999.000 -9999.000 -9999.000 -0.7437628E-01 -0.2221133E-01 0.1817006E-02 0.1016641E-01 -0.2559222E-02 -0.2248769E-01 -0.4384244E-01 -0.6574462E-01 -0.8633195E-01 -0.1047798 -0.1220060 -0.1380957 -0.1565378 -0.1907803 -0.2735046 -0.2735046 -9999.000 -9999.000 -9999.000 -9999.000 -9999.000 -9999.000 -9999.000 -9999.000 -9999.000 -9999.000 -9999.000 -9999.000 -9999.000 -9999.000 -9999.000 -9999.000 -9999.000 -9999.000 -9999.000 -9999.000 -9999.000 -9999.000 -9999.000 -9999.000 -9999.000 -9999.000 -9999.000 -9999.000
-9999.000 -9999.000 -9999.000 -9999.000 -9999.000 -9999.000 -9999.000 -9999.000 -9999.000 -9999.000 -9999.000 -9999.000 -9999.000 -9999.000 -9999.000 -0.6874337E-01 -0.1306935E-01 0.1234070E-01 0.2042694E-01 0.5760147E-02 -0.1621459E-01 -0.3953839E-01 -0.6345189E-01 -0.8585321E-01 -0.1058822 -0.1246565 -0.1422115 -0.1625967 -0.2013313 -0.3044649 -0.3044649 -9999.000 -9999.000 -9999.000 -9999.000 -9999.000 -9999.000 -9999.000 -9999.000 -9999.000 -9999.000 -9999.000 -9999.000 -9999.000 -9999.000 -9999.000 -9999.000 -9999.000 -9999.000 -9999.000 -9999.000 -9999.000 -9999.000 -9999.000 -9999.000 -9999.000 -9999.000 -9999.000 -9999.000
-9999.000 -9999.000 -9999.000 -9999.000 -9999.000 -9999.000 -9999.000 -9999.000 -9999.000 -9999.000 -9999.000 -9999.000 -9999.000 -9999.000 -9999.000 -0.7147730E-02 0.1828511E-01 0.2583218E-01 0.1994593E-01 -0.6271040E-03 -0.2249200E-01 -0.4550368E-01 -0.6927367E-01 -0.9155349E-01 -0.1115234 -0.1305285 -0.1484827 -0.1700232 -0.2128774 -0.3401007 -0.3401007 -9999.000 -9999.000 -9999.000 -9999.000 -9999.000 -9999.000 -9999.000 -9999.000 -9999.000 -9999.000 -9999.000 -9999.000 -9999.000 -9999.000 -9999.000 -9999.000 -9999.000 -9999.000 -9999.000 -9999.000 -9999.000 -9999.000 -9999.000 -9999.000 -9999.000 -9999.000 -9999.000 -9999.000
-0.4170470E-02 -0.4170470E-02 -0.5804041E-02 -0.7155147E-02 -0.6727779E-02 -0.6727779E-02 -0.6595780E-02 -0.6553333E-02 -0.6553333E-02 -0.6542065E-02 -0.6542065E-02 -0.6518318E-02 -0.6502663E-02 -0.6485443E-02 -0.6472549E-02 -0.6472549E-02 0.3973870E-01 0.3553461E-01 0.2030021E-01 -0.3438712E-02 -0.3119823E-01 -0.6196001E-01 -0.9469464E-01 -0.1278037 -0.1598366 -0.1901660 -0.2181941 -0.2450913 -0.2780303 -0.3502958 -0.3502958 -0.1980868 -0.1086544 -0.3946493E-01 -0.3002562E-01 -0.3002562E-01 -0.2333166E-01 -0.2333166E-01 -0.1177278E-01 -0.1177278E-01 -0.8882453E-03 0.2608204E-01 0.2608204E-01 0.3039613E-01 0.3039613E-01 -0.3462021E-02 -0.3462021E-02 -0.3462021E-02 -0.1017764E-02 -0.1017764E-02 -0.2138572E-03 -0.2138572E-03 -0.8137341E-03 -0.8137341E-03 -0.1977045E-02 -0.1977045E-02 -0.3173771E-02 -0.3173771E-02 -0.3173771E-02
-0.6123421E-02 -0.6123421E-02 -0.8215620E-02 -0.1041424E-01 -0.9550875E-02 -0.9550875E-02 -0.9260899E-02 -0.9201454E-02 -0.9201454E-02 -0.9221119E-02 -0.9221119E-02 -0.9212966E-02 -0.9202300E-02 -0.9188494E-02 -0.9201112E-02 -0.9201112E-02 0.3326878E-01 0.3034565E-01 0.1511452E-01 -0.1008263E-01 -0.4481710E-01 -0.8646885E-01 -0.1328342 -0.1821975 -0.2327055 -0.2823119 -0.3294016 -0.3721425 -0.4082349 -0.4330112 -0.4330112 -0.2970802 -0.2001270 -0.1068207 -0.8826199E-01 -0.8826199E-01 -0.6530984E-01 -0.6530984E-01 -0.2538736E-01 -0.2538736E-01 0.7460688E-02 0.8213951E-01 0.8213951E-01 0.1046955 0.1046955 0.2249440E-01 0.2249440E-01 0.2249440E-01 0.8183906E-02 0.8183906E-02 0.1293045E-02 0.1293045E-02 -0.3514779E-02 -0.3514779E-02 -0.7432314E-02 -0.7432314E-02 -0.1041497E-01 -0.1041497E-01 -0.1041497E-01
-0.4439592E-02 -0.4439592E-02 -0.6176199E-02 -0.9036986E-02 -0.8217973E-02 -0.8217973E-02 -0.7842154E-02 -0.7755249E-02 -0.7755249E-02 -0.7809324E-02 -0.7809324E-02 -0.7830052E-02 -0.7832540E-02 -0.7831474E-02 -0.7897753E-02 -0.7897753E-02 0.2237778E-01 0.2001761E-01 0.5346953E-02 -0.1985231E-01 -0.5494021E-01 -0.9813200E-01 -0.1476026 -0.2018521 -0.2593649 -0.3183762 -0.3772349 -0.4339539 -0.4855908 -0.5257136 -0.5257136 -0.4383928 -0.3550276 -0.2397083 -0.2028322 -0.2028322 -0.1384200 -0.1384200 -0.4124009E-01 -0.4124009E-01 0.2569683E-01 0.1585625 0.1585625 0.2104446 0.2104446 0.8745725E-01 0.8745725E-01 0.8745725E-01 0.3421092E-01 0.3421092E-01 0.6578108E-02 0.6578108E-02 -0.8671318E-02 -0.8671318E-02 -0.1798808E-01 -0.1798808E-01 -0.2355010E-01 -0.2355010E-01 -0.2355010E-01
-0.2718835E-02 -0.2718835E-02 -0.4274693E-02 -0.7588946E-02 -0.6767175E-02 -0.6767175E-02 -0.6339581E-02 -0.6204135E-02 -0.6204135E-02 -0.6251404E-02 -0.6251404E-02 -0.6269736E-02 -0.6271383E-02 -0.6270162E-02 -0.6384789E-02 -0.6384789E-02 0.1166374E-01 0.7354133E-02 -0.8278146E-02 -0.3414654E-01 -0.6950034E-01 -0.1130470 -0.1633142 -0.2189888 -0.2788294 -0.3414668 -0.4055467 -0.4694240 -0.5304759 -0.5826160 -0.5826160 -0.5443678 -0.4863271 -0.3757237 -0.3263127 -0.3263127 -0.2117960 -0.2117960 -0.4073993E-01 -0.4073993E-01 0.5830875E-01 0.2239708 0.2239708 0.2880875 0.2880875 0.1560988 0.1560988 0.1560988 0.6824021E-01 0.6824021E-01 0.1576494E-01 0.1576494E-01 -0.1357447E-01 -0.1357447E-01 -0.3010574E-01 -0.3010574E-01 -0.3874546E-01 -0.3874546E-01 -0.3874546E-01
-0.9834695E-03 -0.9834695E-03 -0.2667303E-02 -0.6100461E-02 -0.5246569E-02 -0.5246569E-02 -0.4800478E-02 -0.4644774E-02 -0.4644774E-02 -0.4689313E-02 -0.4689313E-02 -0.4704507E-02 -0.4704846E-02 -0.4703215E-02 -0.4877271E-02 -0.4877271E-02 0.1187096E-02 -0.7220485E-02 -0.2564857E-01 -0.5346560E-01 -0.8997764E-01 -0.1342185 -0.1850485 -0.2413606 -0.3021032 -0.3661681 -0.4324390 -0.4996075 -0.5655807 -0.6253517 -0.6253517 -0.6234179 -0.5917301 -0.4967105 -0.4358230 -0.4358230 -0.2580982 -0.2580982 -0.1424982E-01 -0.1424982E-01 0.1014372 0.2659560 0.2659560 0.3273173 0.3273173 0.2113037 0.2113037 0.2113037 0.1042347 0.1042347 0.2949260E-01 0.2949260E-01 -0.1540553E-01 -0.1540553E-01 -0.4067283E-01 -0.4067283E-01 -0.5315595E-01 -0.5315595E-01 -0.5315595E-01
0.3963089E-03 0.3963089E-03 -0.1880046E-02 -0.4331799E-02 -0.3605767E-02 -0.3605767E-02 -0.3227646E-02 -0.3091847E-02 -0.3091847E-02 -0.3128872E-02 -0.3128872E-02 -0.3139048E-02 -0.3138053E-02 -0.3136073E-02 -0.3386478E-02 -0.3386478E-02 -0.9570763E-02 -0.2389146E-01 -0.4698746E-01 -0.7830517E-01 -0.1171846 -0.1628774 -0.2145478 -0.2713553 -0.3324779 -0.3970492 -0.4641627 -0.5327643 -0.6012041 -0.6655368 -0.6655368 -0.6882448 -0.6786864 -0.5942545 -0.5129869 -0.5129869 -0.2552254 -0.2552254 0.2980383E-01 0.2980383E-01 0.1397655 0.2793641 0.2793641 0.3327804 0.3327804 0.2458191 0.2458191 0.2458191 0.1367888 0.1367888 0.4680426E-01 0.4680426E-01 -0.1297724E-01 -0.1297724E-01 -0.4797382E-01 -0.4797382E-01 -0.6513223E-01 -0.6513223E-01 -0.6513223E-01
0.7600163E-03 0.7600163E-03 -0.1266609E-02 -0.2239909E-02 -0.1853794E-02 -0.1853794E-02 -0.1642544E-02 -0.1558323E-02 -0.1558323E-02 -0.1573061E-02 -0.1573061E-02 -0.1574059E-02 -0.1571788E-02 -0.1569472E-02 -0.1921270E-02 -0.1921270E-02 -0.2140493E-01 -0.4334633E-01 -0.7298235E-01 -0.1094881 -0.1521288 -0.2002718 -0.2533311 -0.3107528 -0.3719992 -0.4364901 -0.5035770 -0.5724614 -0.6418614 -0.7086368 -0.7086368 -0.7470631 -0.7530017 -0.6566100 -0.5354096 -0.5354096 -0.2017442 -0.2017442 0.6989937E-01 0.6989937E-01 0.1586771 0.2674427 0.2674427 0.3142387 0.3142387 0.2587037 0.2587037 0.2587037 0.1610585 0.1610585 0.6522451E-01 0.6522451E-01 -0.6400373E-02 -0.6400373E-02 -0.5109263E-01 -0.5109263E-01 -0.7351170E-01 -0.7351170E-01 -0.7351170E-01
0.3332982E-03 0.3332982E-03 -0.5754415E-04 -0.8015086E-04 -0.5083394E-04 -0.5083394E-04 -0.3060617E-04 -0.1815142E-04 -0.1815142E-04 -0.1468058E-04 -0.1468058E-04 -0.8131742E-05 -0.5122969E-05 -0.2601081E-05 -0.4905829E-03 -0.4905829E-03 -0.3543508E-01 -0.6683279E-01 -0.1049294 -0.1483720 -0.1962404 -0.2479422 -0.3030883 -0.3614045 -0.4226641 -0.4866150 -0.5529253 -0.6211022 -0.6901992 -0.7575001 -0.7575001 -0.8040509 -0.8152568 -0.6600566 -0.4820392 -0.4820392 -0.1253160 -0.1253160 0.8920451E-01 0.8920451E-01 0.1545142 0.2384787 0.2384787 0.2812707 0.2812707 0.2528397 0.2528397 0.2528397 0.1737016 0.1737016 0.8135902E-01 0.8135902E-01 0.3086601E-02 0.3086601E-02 -0.4978983E-01 -0.4978983E-01 -0.7743821E-01 -0.7743821E-01 -0.7743821E-01
-0.2626198E-03 -0.2626198E-03 0.1367685E-02 0.2056468E-02 0.1749335E-02 0.1749335E-02 0.1587541E-02 0.1528586E-02 0.1528586E-02 0.1546516E-02 0.1546516E-02 0.1558669E-02 0.1562152E-02 0.1564686E-02 0.8929014E-03 0.8929014E-03 -0.5329096E-01 -0.9634472E-01 -0.1449595 -0.1971064 -0.2516302 -0.3079605 -0.3658907 -0.4254206 -0.4866452 -0.5496608 -0.6144900 -0.6809857 -0.7484674 -0.8138222 -0.8138222 -0.8592528 -0.8556146 -0.5765465 -0.3616106 -0.3616106 -0.6261524E-01 -0.6261524E-01 0.8586731E-01 0.8586731E-01 0.1335188 0.2010113 0.2010113 0.2410257 0.2410257 0.2326832 0.2326832 0.2326832 0.1735789 0.1735789 0.9193008E-01 0.9193008E-01 0.1341054E-01 0.1341054E-01 -0.4449672E-01 -0.4449672E-01 -0.7638745E-01 -0.7638745E-01 -0.7638745E-01
-0.1385961E-03 -0.1385961E-03 0.2335450E-02 0.4139738E-02 0.3517868E-02 0.3517868E-02 0.3185425E-02 0.3068842E-02 0.3068842E-02 0.3108062E-02 0.3108062E-02 0.3125954E-02 0.3129221E-02 0.3130857E-02 0.2208828E-02 0.2208828E-02 -0.7750003E-01 -0.1350235 -0.1964234 -0.2589978 -0.3214282 -0.3832408 -0.4444611 -0.5053905 -0.5664588 -0.6281182 -0.6907575 -0.7545738 -0.8188439 -0.8775512 -0.8775512 -0.9035763 -0.8414755 -0.4146806 -0.2264480 -0.2264480 -0.3025826E-01 -0.3025826E-01 0.6863386E-01 0.6863386E-01 0.1049210 0.1611377 0.1611377 0.1979471 0.1979471 0.2025980 0.2025980 0.2025980 0.1615375 0.1615375 0.9468792E-01 0.9468792E-01 0.2218996E-01 0.2218996E-01 -0.3623692E-01 -0.3623692E-01 -0.7025451E-01 -0.7025451E-01 -0.7025451E-01
0.1079661E-02 0.1079661E-02 0.2605534E-02 0.6109662E-02 0.5230396E-02 0.5230396E-02 0.4769522E-02 0.4615917E-02 0.4615917E-02 0.4671559E-02 0.4671559E-02 0.4693271E-02 0.4696071E-02 0.4696951E-02 0.3434119E-02 0.3434119E-02 -0.1122595 -0.1879341 -0.2645834 -0.3391079 -0.4102966 -0.4779818 -0.5425580 -0.6047049 -0.6652225 -0.7249238 -0.7845572 -0.8445705 -0.9029598 -0.9417953 -0.9417953 -0.9010667 -0.7135378 -0.2430687 -0.1293963 -0.1293963 -0.2113895E-01 -0.2113895E-01 0.4707802E-01 0.4707802E-01 0.7553105E-01 0.1221887 0.1221887 0.1545024 0.1545024 0.1661845 0.1661845 0.1661845 0.1397002 0.1397002 0.8889831E-01 0.8889831E-01 0.2745431E-01 0.2745431E-01 -0.2634819E-01 -0.2634819E-01 -0.5937955E-01 -0.5937955E-01 -0.5937955E-01
0.2657570E-02 0.2657570E-02 0.3783141E-02 0.7745360E-02 0.6806911E-02 0.6806911E-02 0.6328486E-02 0.6180107E-02 0.6180107E-02 0.6237093E-02 0.6237093E-02 0.6258852E-02 0.6261845E-02 0.6262594E-02 0.4534546E-02 0.4534546E-02 -0.1650695 -0.2636078 -0.3579277 -0.4453340 -0.5253177 -0.5984079 -0.6656059 -0.7281002 -0.7871186 -0.8438456 -0.8993714 -0.9539844 -0.9990140 -0.9710981 -0.9710981 -0.7674233 -0.4587637 -0.1278320 -0.8040762E-01 -0.8040762E-01 -0.2120172E-01 -0.2120172E-01 0.2694424E-01 0.2694424E-01 0.4879802E-01 0.8568597E-01 0.8568597E-01 0.1120988 0.1120988 0.1262573 0.1262573 0.1262573 0.1107465 0.1107465 0.7530934E-01 0.7530934E-01 0.2817595E-01 0.2817595E-01 -0.1612382E-01 -0.1612382E-01 -0.4453281E-01 -0.4453281E-01 -0.4453281E-01
