simulation_files/asc/Velocity____116.0.asc
NCOLS        79
NROWS        79
XLLCENTER         -1.500000
YLLCENTER         -4.800000
CELLSIZE           0.100
NODATA_VALUE     -9999.0
[rows 0 to 26 of 79, columns 0 to 59 of 79]
-9999.000 -9999.000 -9999.000 -9999.000 -9999.000 -9999.000 -9999.000 -9999.000 -9999.000 -9999.000 -9999.000 -9999.000 -9999.000 -9999.000 -9999.000 0.1551687 0.1540781 0.1540218 0.1541525 0.1543683 0.1546141 0.1548568 0.1550777 0.1552768 0.1554800 0.1557561 0.1562493 0.1572227 0.1591035 0.1588036 0.1588036 -9999.000 -9999.000 -9999.000 -9999.000 -9999.000 -9999.000 -9999.000 -9999.000 -9999.000 -9999.000 -9999.000 -9999.000 -9999.000 -9999.000 -9999.000 -9999.000 -9999.000 -9999.000 -9999.000 -9999.000 -9999.000 -9999.000 -9999.000 -9999.000 -9999.000 -9999.000 -9999.000 -9999.000 -9999.000
-9999.000 -9999.000 -9999.000 -9999.000 -9999.000 -9999.000 -9999.000 -9999.000 -9999.000 -9999.000 -9999.000 -9999.000 -9999.000 -9999.000 -9999.000 0.1530327 0.1507136 0.1506000 0.1509026 0.1514038 0.1519828 0.1525630 0.1530979 0.1535824 0.1540674 0.1546980 0.1557864 0.1579092 0.1619840 0.1619333 0.1619333 -9999.000 -9999.000 -9999.000 -9999.000 -9999.000 -9999.000 -9999.000 -9999.000 -9999.000 -9999.000 -9999.000 -9999.000 -9999.000 -9999.000 -9999.000 -9999.000 -9999.000 -9999.000 -9999.000 -9999.000 -9999.000 -9999.000 -9999.000 -9999.000 -9999.000 -9999.000 -9999.000 -9999.000 -9999.000
-9999.000 -9999.000 -9999.000 -9999.000 -9999.000 -9999.000 -9999.000 -9999.000 -9999.000 -9999.000 -9999.000 -9999.000 -9999.000 -9999.000 -9999.000 0.1496382 0.1459864 0.1458136 0.1463594 0.1472685 0.1483383 0.1494375 0.1504863 0.1514748 0.1524884 0.1537697 0.1558333 0.1596164 0.1665729 0.1674962 0.1674962 -9999.000 -9999.000 -9999.000 -9999.000 -9999.000 -9999.000 -9999.000 -9999.000 -9999.000 -9999.000 -9999.000 -9999.000 -9999.000 -9999.000 -9999.000 -9999.000 -9999.000 -9999.000 -9999.000 -9999.000 -9999.000 -9999.000 -9999.000 -9999.000 -9999.000 -9999.000 -9999.000 -9999.000 -9999.000
-9999.000 -9999.000 -9999.000 -9999.000 -9999.000 -9999.000 -9999.000 -9999.000 -9999.000 -9999.000 -9999.000 -9999.000 -9999.000 -9999.000 -9999.000 0.1455530 0.1406191 0.1404171 0.1412637 0.1426602 0.1443167 0.1460441 0.1477270 0.1493491 0.1510309 0.1531146 0.1563278 0.1619892 0.1721449 0.1747293 0.1747293 -9999.000 -9999.000 -9999.000 -9999.000 -9999.000 -9999.000 -9999.000 -9999.000 -9999.000 -9999.000 -9999.000 -9999.000 -9999.000 -9999.000 -9999.000 -9999.000 -9999.000 -9999.000 -9999.000 -9999.000 -9999.000 -9999.000 -9999.000 -9999.000 -9999.000 -9999.000 -9999.000 -9999.000 -9999.000
-9999.000 -9999.000 -9999.000 -9999.000 -9999.000 -9999.000 -9999.000 -9999.000 -9999.000 -9999.000 -9999.000 -9999.000 -9999.000 -9999.000 -9999.000 0.1409088 0.1347388 0.1345321 0.1357277 0.1376775 0.1399980 0.1424388 0.1448463 0.1471969 0.1496484 0.1526473 0.1571493 0.1648868 0.1785718 0.1835734 0.1835734 -9999.000 -9999.000 -9999.000 -9999.000 -9999.000 -9999.000 -9999.000 -9999.000 -9999.000 -9999.000 -9999.000 -9999.000 -9999.000 -9999.000 -9999.000 -9999.000 -9999.000 -9999.000 -9999.000 -9999.000 -9999.000 -9999.000 -9999.000 -9999.000 -9999.000 -9999.000 -9999.000 -9999.000 -9999.000
-9999.000 -9999.000 -9999.000 -9999.000 -9999.000 -9999.000 -9999.000 -9999.000 -9999.000 -9999.000 -9999.000 -9999.000 -9999.000 -9999.000 -9999.000 0.1357719 0.1284193 0.1282313 0.1298195 0.1323809 0.1354322 0.1386570 0.1418616 0.1450154 0.1483158 0.1523210 0.1582338 0.1682411 0.1858168 0.1941181 0.1941181 -9999.000 -9999.000 -9999.000 -9999.000 -9999.000 -9999.000 -9999.000 -9999.000 -9999.000 -9999.000 -9999.000 -9999.000 -9999.000 -9999.000 -9999.000 -9999.000 -9999.000 -9999.000 -9999.000 -9999.000 -9999.000 -9999.000 -9999.000 -9999.000 -9999.000 -9999.000 -9999.000 -9999.000 -9999.000
-9999.000 -9999.000 -9999.000 -9999.000 -9999.000 -9999.000 -9999.000 -9999.000 -9999.000 -9999.000 -9999.000 -9999.000 -9999.000 -9999.000 -9999.000 0.1301601 0.1216954 0.1215533 0.1235778 0.1268075 0.1306512 0.1347229 0.1387866 0.1428053 0.1470202 0.1521104 0.1595481 0.1720243 0.1939001 0.2065755 0.2065755 -9999.000 -9999.000 -9999.000 -9999.000 -9999.000 -9999.000 -9999.000 -9999.000 -9999.000 -9999.000 -9999.000 -9999.000 -9999.000 -9999.000 -9999.000 -9999.000 -9999.000 -9999.000 -9999.000 -9999.000 -9999.000 -9999.000 -9999.000 -9999.000 -9999.000 -9999.000 -9999.000 -9999.000 -9999.000
-9999.000 -9999.000 -9999.000 -9999.000 -9999.000 -9999.000 -9999.000 -9999.000 -9999.000 -9999.000 -9999.000 -9999.000 -9999.000 -9999.000 -9999.000 0.1240571 0.1145760 0.1145140 0.1170233 0.1209806 0.1256782 0.1306561 0.1356350 0.1405725 0.1457592 0.1520046 0.1610789 0.1762358 0.2028846 0.2212865 0.2212865 -9999.000 -9999.000 -9999.000 -9999.000 -9999.000 -9999.000 -9999.000 -9999.000 -9999.000 -9999.000 -9999.000 -9999.000 -9999.000 -9999.000 -9999.000 -9999.000 -9999.000 -9999.000 -9999.000 -9999.000 -9999.000 -9999.000 -9999.000 -9999.000 -9999.000 -9999.000 -9999.000 -9999.000 -9999.000
-9999.000 -9999.000 -9999.000 -9999.000 -9999.000 -9999.000 -9999.000 -9999.000 -9999.000 -9999.000 -9999.000 -9999.000 -9999.000 -9999.000 -9999.000 0.1174204 0.1070519 0.1071165 0.1101694 0.1149206 0.1205363 0.1264795 0.1324263 0.1383314 0.1445413 0.1520071 0.1628294 0.1808961 0.2128705 0.2387522 0.2387522 -9999.000 -9999.000 -9999.000 -9999.000 -9999.000 -9999.000 -9999.000 -9999.000 -9999.000 -9999.000 -9999.000 -9999.000 -9999.000 -9999.000 -9999.000 -9999.000 -9999.000 -9999.000 -9999.000 -9999.000 -9999.000 -9999.000 -9999.000 -9999.000 -9999.000 -9999.000 -9999.000 -9999.000 -9999.000
-9999.000 -9999.000 -9999.000 -9999.000 -9999.000 -9999.000 -9999.000 -9999.000 -9999.000 -9999.000 -9999.000 -9999.000 -9999.000 -9999.000 -9999.000 0.1101836 0.9909946E-01 0.9935754E-01 0.1030300 0.1086545 0.1152600 0.1222292 0.1291957 0.1361144 0.1433948 0.1521428 0.1648243 0.1860483 0.2239965 0.2596983 0.2596983 -9999.000 -9999.000 -9999.000 -9999.000 -9999.000 -9999.000 -9999.000 -9999.000 -9999.000 -9999.000 -9999.000 -9999.000 -9999.000 -9999.000 -9999.000 -9999.000 -9999.000 -9999.000 -9999.000 -9999.000 -9999.000 -9999.000 -9999.000 -9999.000 -9999.000 -9999.000 -9999.000 -9999.000 -9999.000
-9999.000 -9999.000 -9999.000 -9999.000 -9999.000 -9999.000 -9999.000 -9999.000 -9999.000 -9999.000 -9999.000 -9999.000 -9999.000 -9999.000 -9999.000 0.1022540 0.9068047E-01 0.9123198E-01 0.9563050E-01 0.1022299 0.1099101 0.1179724 0.1260122 0.1339900 0.1423871 0.1524753 0.1671252 0.1917688 0.2364494 0.2851894 0.2851894 -9999.000 -9999.000 -9999.000 -9999.000 -9999.000 -9999.000 -9999.000 -9999.000 -9999.000 -9999.000 -9999.000 -9999.000 -9999.000 -9999.000 -9999.000 -9999.000 -9999.000 -9999.000 -9999.000 -9999.000 -9999.000 -9999.000 -9999.000 -9999.000 -9999.000 -9999.000 -9999.000 -9999.000 -9999.000
-9999.000 -9999.000 -9999.000 -9999.000 -9999.000 -9999.000 -9999.000 -9999.000 -9999.000 -9999.000 -9999.000 -9999.000 -9999.000 -9999.000 -9999.000 0.9350216E-01 0.8173994E-01 0.8274135E-01 0.8802495E-01 0.9573872E-01 0.1046019 0.1138384 0.1230139 0.1321024 0.1416660 0.1531519 0.1698712 0.1981977 0.2504835 0.3168388 0.3168388 -9999.000 -9999.000 -9999.000 -9999.000 -9999.000 -9999.000 -9999.000 -9999.000 -9999.000 -9999.000 -9999.000 -9999.000 -9999.000 -9999.000 -9999.000 -9999.000 -9999.000 -9999.000 -9999.000 -9999.000 -9999.000 -9999.000 -9999.000 -9999.000 -9999.000 -9999.000 -9999.000 -9999.000 -9999.000
-9999.000 -9999.000 -9999.000 -9999.000 -9999.000 -9999.000 -9999.000 -9999.000 -9999.000 -9999.000 -9999.000 -9999.000 -9999.000 -9999.000 -9999.000 0.8374748E-01 0.7220842E-01 0.7392012E-01 0.8033939E-01 0.8936921E-01 0.9956414E-01 0.1100836 0.1204814 0.1307555 0.1415549 0.1545041 0.1733784 0.2056191 0.2664700 0.3572083 0.3572083 -9999.000 -9999.000 -9999.000 -9999.000 -9999.000 -9999.000 -9999.000 -9999.000 -9999.000 -9999.000 -9999.000 -9999.000 -9999.000 -9999.000 -9999.000 -9999.000 -9999.000 -9999.000 -9999.000 -9999.000 -9999.000 -9999.000 -9999.000 -9999.000 -9999.000 -9999.000 -9999.000 -9999.000 -9999.000
-9999.000 -9999.000 -9999.000 -9999.000 -9999.000 -9999.000 -9999.000 -9999.000 -9999.000 -9999.000 -9999.000 -9999.000 -9999.000 -9999.000 -9999.000 0.7269367E-01 0.6203057E-01 0.6497588E-01 0.7299168E-01 0.8366680E-01 0.9541760E-01 0.1073824 0.1191371 0.1307213 0.1428732 0.1573780 0.1784568 0.2147215 0.2850547 0.4106657 0.4106657 -9999.000 -9999.000 -9999.000 -9999.000 -9999.000 -9999.000 -9999.000 -9999.000 -9999.000 -9999.000 -9999.000 -9999.000 -9999.000 -9999.000 -9999.000 -9999.000 -9999.000 -9999.000 -9999.000 -9999.000 -9999.000 -9999.000 -9999.000 -9999.000 -9999.000 -9999.000 -9999.000 -9999.000 -9999.000
-9999.000 -9999.000 -9999.000 -9999.000 -9999.000 -9999.000 -9999.000 -9999.000 -9999.000 -9999.000 -9999.000 -9999.000 -9999.000 -9999.000 -9999.000 0.5698612E-01 0.5853432E-01 0.7031324E-01 0.8361533E-01 0.9684632E-01 0.1094809 0.1213992 0.1326405 0.1434994 0.1548628 0.1686641 0.1895818 0.2277541 0.3070460 0.4828255 0.4828255 -9999.000 -9999.000 -9999.000 -9999.000 -9999.000 -9999.000 -9999.000 -9999.000 -9999.000 -9999.000 -9999.000 -9999.000 -9999.000 -9999.000 -9999.000 -9999.000 -9999.000 -9999.000 -9999.000 -9999.000 -9999.000 -9999.000 -9999.000 -9999.000 -9999.000 -9999.000 -9999.000 -9999.000 -9999.000
2.102687 2.102687 2.145295 2.191566 2.199986 2.199986 2.205775 2.212830 2.212830 2.216075 2.216075 2.216798 2.216439 2.215682 2.214575 2.214575 1.923270 1.875714 1.822313 1.758209 1.681901 1.593464 1.493980 1.385565 1.271806 1.158576 1.055359 0.9782429 0.9580229 1.065103 1.065103 1.862694 2.004760 2.026374 2.012455 2.012455 1.962775 1.962775 1.848239 1.848239 1.580984 1.268789 1.268789 1.187681 1.187681 1.211386 1.211386 1.211386 1.262570 1.262570 1.321712 1.321712 1.369013 1.369013 1.407684 1.407684 1.436447 1.436447 1.436447 1.454755
2.115919 2.115919 2.173940 2.232107 2.249719 2.249719 2.264699 2.290030 2.290030 2.311397 2.311397 2.330095 2.338672 2.346816 2.354574 2.354574 2.180835 2.159786 2.148898 2.134649 2.111487 2.077076 2.030210 1.970268 1.897895 1.815604 1.729376 1.649420 1.597039 1.623625 1.623625 2.097236 2.246462 2.355937 2.374559 2.374559 2.369613 2.369613 2.309550 2.309550 2.194314 1.899571 1.899571 1.793592 1.793592 1.818079 1.818079 1.818079 1.854152 1.854152 1.914806 1.914806 1.961570 1.961570 2.001629 2.001629 2.034189 2.034189 2.034189 2.058806
2.118658 2.118658 2.178082 2.232326 2.250076 2.250076 2.265278 2.291097 2.291097 2.312979 2.312979 2.332250 2.341143 2.349622 2.357736 2.357736 2.225091 2.204073 2.206032 2.211986 2.213989 2.209307 2.196461 2.174300 2.142205 2.099109 2.050524 2.002493 1.967906 1.982500 1.982500 2.308260 2.440972 2.570754 2.598980 2.598980 2.604194 2.604194 2.551206 2.551206 2.483616 2.273396 2.273396 2.148831 2.148831 2.155497 2.155497 2.155497 2.191027 2.191027 2.236010 2.236010 2.274386 2.274386 2.307127 2.307127 2.333911 2.333911 2.333911 2.354176
2.120820 2.120820 2.181217 2.232259 2.249921 2.249921 2.265163 2.291086 2.291086 2.313007 2.313007 2.332285 2.341181 2.349664 2.357784 2.357784 2.255379 2.230027 2.233610 2.246625 2.258587 2.266055 2.267781 2.263084 2.251577 2.232660 2.209303 2.185353 2.169544 2.186609 2.186609 2.411725 2.530255 2.658411 2.685899 2.685899 2.685891 2.685891 2.635699 2.635699 2.592564 2.452001 2.452001 2.328364 2.328364 2.314283 2.314283 2.314283 2.344896 2.344896 2.383490 2.383490 2.418440 2.418440 2.448304 2.448304 2.472188 2.472188 2.472188 2.489873
2.122461 2.122461 2.183565 2.232243 2.249773 2.249773 2.265037 2.291059 2.291059 2.313015 2.313015 2.332289 2.341179 2.349659 2.357776 2.357776 2.284322 2.259251 2.262476 2.278529 2.295645 2.309258 2.317876 2.321078 2.318907 2.311366 2.300791 2.290423 2.286808 2.307272 2.307272 2.463313 2.568419 2.680239 2.697455 2.697455 2.681515 2.681515 2.640422 2.640422 2.617580 2.541513 2.541513 2.442331 2.442331 2.405527 2.405527 2.405527 2.428813 2.428813 2.462066 2.462066 2.494285 2.494285 2.521783 2.521783 2.543329 2.543329 2.543329 2.558887
2.123610 2.123610 2.185194 2.232258 2.249657 2.249657 2.264929 2.291034 2.291034 2.313023 2.313023 2.332293 2.341179 2.349654 2.357770 2.357770 2.311490 2.292402 2.296530 2.314260 2.334670 2.352381 2.365342 2.372986 2.375460 2.373148 2.368134 2.363555 2.364864 2.384372 2.384372 2.493755 2.579812 2.654636 2.653446 2.653446 2.624495 2.624495 2.606790 2.606790 2.604073 2.581630 2.581630 2.520416 2.520416 2.470264 2.470264 2.470264 2.483459 2.483459 2.510098 2.510098 2.538465 2.538465 2.563082 2.563082 2.582196 2.582196 2.582196 2.595690
2.124290 2.124290 2.186152 2.232279 2.249583 2.249583 2.264856 2.291016 2.291016 2.313028 2.313028 2.332295 2.341179 2.349652 2.357767 2.357767 2.337024 2.328464 2.336107 2.355387 2.377986 2.398607 2.414768 2.425569 2.430989 2.431463 2.428776 2.425901 2.427572 2.442187 2.442187 2.514118 2.570451 2.582382 2.562892 2.562892 2.541607 2.541607 2.559613 2.559613 2.574930 2.592273 2.592273 2.569926 2.569926 2.522093 2.522093 2.522093 2.525168 2.525168 2.543761 2.543761 2.566725 2.566725 2.587570 2.587570 2.603734 2.603734 2.603734 2.614931
2.124516 2.124516 2.186469 2.232289 2.249559 2.249559 2.264831 2.291011 2.291011 2.313030 2.313030 2.332298 2.341180 2.349653 2.357766 2.357766 2.362139 2.367022 2.381003 2.402596 2.426762 2.449275 2.467670 2.480797 2.488377 2.490690 2.489118 2.486262 2.486013 2.492335 2.492335 2.525260 2.531809 2.464512 2.442372 2.442372 2.456452 2.456452 2.511532 2.511532 2.540679 2.585468 2.585468 2.595434 2.595434 2.563723 2.563723 2.563723 2.559955 2.559955 2.570225 2.570225 2.586502 2.586502 2.602384 2.602384 2.614816 2.614816 2.614816 2.623360
2.124291 2.124291 2.186153 2.232279 2.249583 2.249583 2.264856 2.291017 2.291017 2.313027 2.313027 2.332296 2.341178 2.349652 2.357766 2.357766 2.388860 2.408665 2.431198 2.456294 2.481870 2.505416 2.525032 2.539591 2.548630 2.552213 2.551286 2.547901 2.544570 2.537481 2.537481 2.514763 2.441086 2.318728 2.318878 2.318878 2.382452 2.382452 2.466463 2.466463 2.505189 2.568564 2.568564 2.602624 2.602624 2.594377 2.594377 2.594377 2.588835 2.588835 2.592089 2.592089 2.601003 2.601003 2.610818 2.610818 2.618699 2.618699 2.618699 2.624237
2.123610 2.123610 2.185193 2.232259 2.249657 2.249657 2.264929 2.291034 2.291034 2.313022 2.313022 2.332293 2.341178 2.349654 2.357770 2.357770 2.419938 2.455082 2.487306 2.516922 2.544020 2.567935 2.587756 2.602714 2.612355 2.616579 2.615937 2.611815 2.603923 2.570316 2.570316 2.449437 2.276388 2.178841 2.214172 2.214172 2.320698 2.320698 2.423975 2.423975 2.469260 2.545525 2.545525 2.596642 2.596642 2.612857 2.612857 2.612857 2.610285 2.610285 2.608991 2.608991 2.610775 2.610775 2.613835 2.613835 2.616531 2.616531 2.616531 2.618831
2.122461 2.122461 2.183564 2.232244 2.249773 2.249773 2.265037 2.291059 2.291059 2.313015 2.313015 2.332289 2.341179 2.349659 2.357777 2.357777 2.459035 2.509103 2.550896 2.585310 2.613912 2.637616 2.656658 2.670897 2.680104 2.684150 2.683298 2.678060 2.660852 2.562685 2.562685 2.279082 2.054817 2.067693 2.125893 2.125893 2.265104 2.265104 2.381294 2.381294 2.431481 2.517218 2.517218 2.580295 2.580295 2.618155 2.618155 2.618155 2.621592 2.621592 2.618459 2.618459 2.614173 2.614173 2.610439 2.610439 2.607722 2.607722 2.607722 2.606786
2.120821 2.120821 2.181216 2.232259 2.249921 2.249921 2.265162 2.291085 2.291085 2.313007 2.313007 2.332286 2.341180 2.349664 2.357784 2.357784 2.511276 2.574915 2.624746 2.663033 2.692482 2.715193 2.732429 2.744775 2.752391 2.755267 2.753505 2.745895 2.700857 2.442888 2.442888 1.973920 1.866545 1.976329 2.053076 2.053076 2.210439 2.210439 2.336393 2.336393 2.390717 2.483561 2.483561 2.554898 2.554898 2.609899 2.609899 2.609899 2.620296 2.620296 2.617422 2.617422 2.608571 2.608571 2.598678 2.598678 2.590847 2.590847 2.590847 2.586974
