simulation_files/asc/Velocity____320.0.asc
NCOLS        79
NROWS        79
XLLCENTER         -1.500000
YLLCENTER         -4.800000
CELLSIZE           0.100
NODATA_VALUE     -9999.0
[rows 0 to 26 of 79, columns 0 to 59 of 79]
-9999.000 -9999.000 -9999.000 -9999.000 -9999.000 -9999.000 -9999.000 -9999.000 -9999.000 -9999.000 -9999.000 -9999.000 -9999.000 -9999.000 -9999.000 0.9754403E-01 0.9558322E-01 0.9533881E-01 0.9585135E-01 0.9665513E-01 0.9752800E-01 0.9836409E-01 0.9904429E-01 0.9957164E-01 0.9994420E-01 0.1001779 0.1003434 0.1006511 0.1016908 0.1027143 0.1027143 -9999.000 -9999.000 -9999.000 -9999.000 -9999.000 -9999.000 -9999.000 -9999.000 -9999.000 -9999.000 -9999.000 -9999.000 -9999.000 -9999.000 -9999.000 -9999.000 -9999.000 -9999.000 -9999.000 -9999.000 -9999.000 -9999.000 -9999.000 -9999.000 -9999.000 -9999.000 -9999.000 -9999.000 -9999.000
-9999.000 -9999.000 -9999.000 -9999.000 -9999.000 -9999.000 -9999.000 -9999.000 -9999.000 -9999.000 -9999.000 -9999.000 -9999.000 -9999.000 -9999.000 0.9617887E-01 0.9220757E-01 0.9175048E-01 0.9286565E-01 0.9458480E-01 0.9646174E-01 0.9828719E-01 0.9981212E-01 0.1010339 0.1019391 0.1025553 0.1030331 0.1038438 0.1062962 0.1090485 0.1090485 -9999.000 -9999.000 -9999.000 -9999.000 -9999.000 -9999.000 -9999.000 -9999.000 -9999.000 -9999.000 -9999.000 -9999.000 -9999.000 -9999.000 -9999.000 -9999.000 -9999.000 -9999.000 -9999.000 -9999.000 -9999.000 -9999.000 -9999.000 -9999.000 -9999.000 -9999.000 -9999.000 -9999.000 -9999.000
-9999.000 -9999.000 -9999.000 -9999.000 -9999.000 -9999.000 -9999.000 -9999.000 -9999.000 -9999.000 -9999.000 -9999.000 -9999.000 -9999.000 -9999.000 0.9342320E-01 0.8736239E-01 0.8664373E-01 0.8844291E-01 0.9122157E-01 0.9428787E-01 0.9732969E-01 0.9996448E-01 0.1021912 0.1039824 0.1053687 0.1065740 0.1083394 0.1127519 0.1180737 0.1180737 -9999.000 -9999.000 -9999.000 -9999.000 -9999.000 -9999.000 -9999.000 -9999.000 -9999.000 -9999.000 -9999.000 -9999.000 -9999.000 -9999.000 -9999.000 -9999.000 -9999.000 -9999.000 -9999.000 -9999.000 -9999.000 -9999.000 -9999.000 -9999.000 -9999.000 -9999.000 -9999.000 -9999.000 -9999.000
-9999.000 -9999.000 -9999.000 -9999.000 -9999.000 -9999.000 -9999.000 -9999.000 -9999.000 -9999.000 -9999.000 -9999.000 -9999.000 -9999.000 -9999.000 0.8998893E-01 0.8193732E-01 0.8096962E-01 0.8348112E-01 0.8734885E-01 0.9163977E-01 0.9595086E-01 0.9977178E-01 0.1031108 0.1059230 0.1082342 0.1103316 0.1132241 0.1198043 0.1282611 0.1282611 -9999.000 -9999.000 -9999.000 -9999.000 -9999.000 -9999.000 -9999.000 -9999.000 -9999.000 -9999.000 -9999.000 -9999.000 -9999.000 -9999.000 -9999.000 -9999.000 -9999.000 -9999.000 -9999.000 -9999.000 -9999.000 -9999.000 -9999.000 -9999.000 -9999.000 -9999.000 -9999.000 -9999.000 -9999.000
-9999.000 -9999.000 -9999.000 -9999.000 -9999.000 -9999.000 -9999.000 -9999.000 -9999.000 -9999.000 -9999.000 -9999.000 -9999.000 -9999.000 -9999.000 0.8610708E-01 0.7613267E-01 0.7493643E-01 0.7819682E-01 0.8318420E-01 0.8872721E-01 0.9434235E-01 0.9939463E-01 0.1039097 0.1078221 0.1111475 0.1142342 0.1183664 0.1272880 0.1394681 0.1394681 -9999.000 -9999.000 -9999.000 -9999.000 -9999.000 -9999.000 -9999.000 -9999.000 -9999.000 -9999.000 -9999.000 -9999.000 -9999.000 -9999.000 -9999.000 -9999.000 -9999.000 -9999.000 -9999.000 -9999.000 -9999.000 -9999.000 -9999.000 -9999.000 -9999.000 -9999.000 -9999.000 -9999.000 -9999.000
-9999.000 -9999.000 -9999.000 -9999.000 -9999.000 -9999.000 -9999.000 -9999.000 -9999.000 -9999.000 -9999.000 -9999.000 -9999.000 -9999.000 -9999.000 0.8186378E-01 0.7003516E-01 0.6864997E-01 0.7271077E-01 0.7885359E-01 0.8567345E-01 0.9261762E-01 0.9892983E-01 0.1046619 0.1097246 0.1141197 0.1182579 0.1237140 0.1351422 0.1517162 0.1517162 -9999.000 -9999.000 -9999.000 -9999.000 -9999.000 -9999.000 -9999.000 -9999.000 -9999.000 -9999.000 -9999.000 -9999.000 -9999.000 -9999.000 -9999.000 -9999.000 -9999.000 -9999.000 -9999.000 -9999.000 -9999.000 -9999.000 -9999.000 -9999.000 -9999.000 -9999.000 -9999.000 -9999.000 -9999.000
-9999.000 -9999.000 -9999.000 -9999.000 -9999.000 -9999.000 -9999.000 -9999.000 -9999.000 -9999.000 -9999.000 -9999.000 -9999.000 -9999.000 -9999.000 0.7727510E-01 0.6367686E-01 0.6216768E-01 0.6709758E-01 0.7443479E-01 0.8255138E-01 0.9084183E-01 0.9843158E-01 0.1054089 0.1116564 0.1171591 0.1223937 0.1292457 0.1433550 0.1651288 0.1651288 -9999.000 -9999.000 -9999.000 -9999.000 -9999.000 -9999.000 -9999.000 -9999.000 -9999.000 -9999.000 -9999.000 -9999.000 -9999.000 -9999.000 -9999.000 -9999.000 -9999.000 -9999.000 -9999.000 -9999.000 -9999.000 -9999.000 -9999.000 -9999.000 -9999.000 -9999.000 -9999.000 -9999.000 -9999.000
-9999.000 -9999.000 -9999.000 -9999.000 -9999.000 -9999.000 -9999.000 -9999.000 -9999.000 -9999.000 -9999.000 -9999.000 -9999.000 -9999.000 -9999.000 0.7232270E-01 0.5706549E-01 0.5553295E-01 0.6141920E-01 0.6998770E-01 0.7941202E-01 0.8905668E-01 0.9793250E-01 0.1061749 0.1136319 0.1202703 0.1266369 0.1349536 0.1519381 0.1799089 0.1799089 -9999.000 -9999.000 -9999.000 -9999.000 -9999.000 -9999.000 -9999.000 -9999.000 -9999.000 -9999.000 -9999.000 -9999.000 -9999.000 -9999.000 -9999.000 -9999.000 -9999.000 -9999.000 -9999.000 -9999.000 -9999.000 -9999.000 -9999.000 -9999.000 -9999.000 -9999.000 -9999.000 -9999.000 -9999.000
-9999.000 -9999.000 -9999.000 -9999.000 -9999.000 -9999.000 -9999.000 -9999.000 -9999.000 -9999.000 -9999.000 -9999.000 -9999.000 -9999.000 -9999.000 0.6696884E-01 0.5020100E-01 0.4880088E-01 0.5574957E-01 0.6557473E-01 0.7630137E-01 0.8729559E-01 0.9745581E-01 0.1069761 0.1156611 0.1234559 0.1309840 0.1408356 0.1609160 0.1963408 0.1963408 -9999.000 -9999.000 -9999.000 -9999.000 -9999.000 -9999.000 -9999.000 -9999.000 -9999.000 -9999.000 -9999.000 -9999.000 -9999.000 -9999.000 -9999.000 -9999.000 -9999.000 -9999.000 -9999.000 -9999.000 -9999.000 -9999.000 -9999.000 -9999.000 -9999.000 -9999.000 -9999.000 -9999.000 -9999.000
-9999.000 -9999.000 -9999.000 -9999.000 -9999.000 -9999.000 -9999.000 -9999.000 -9999.000 -9999.000 -9999.000 -9999.000 -9999.000 -9999.000 -9999.000 0.6116341E-01 0.4309022E-01 0.4206961E-01 0.5019999E-01 0.6127758E-01 0.7327399E-01 0.8559489E-01 0.9702591E-01 0.1078295 0.1177544 0.1267194 0.1354339 0.1468932 0.1703227 0.2148106 0.2148106 -9999.000 -9999.000 -9999.000 -9999.000 -9999.000 -9999.000 -9999.000 -9999.000 -9999.000 -9999.000 -9999.000 -9999.000 -9999.000 -9999.000 -9999.000 -9999.000 -9999.000 -9999.000 -9999.000 -9999.000 -9999.000 -9999.000 -9999.000 -9999.000 -9999.000 -9999.000 -9999.000 -9999.000 -9999.000
-9999.000 -9999.000 -9999.000 -9999.000 -9999.000 -9999.000 -9999.000 -9999.000 -9999.000 -9999.000 -9999.000 -9999.000 -9999.000 -9999.000 -9999.000 0.5484587E-01 0.3576899E-01 0.3554029E-01 0.4495572E-01 0.5721672E-01 0.7040455E-01 0.8400237E-01 0.9667503E-01 0.1087582 0.1199265 0.1300686 0.1399882 0.1531305 0.1801990 0.2358442 0.2358442 -9999.000 -9999.000 -9999.000 -9999.000 -9999.000 -9999.000 -9999.000 -9999.000 -9999.000 -9999.000 -9999.000 -9999.000 -9999.000 -9999.000 -9999.000 -9999.000 -9999.000 -9999.000 -9999.000 -9999.000 -9999.000 -9999.000 -9999.000 -9999.000 -9999.000 -9999.000 -9999.000 -9999.000 -9999.000
-9999.000 -9999.000 -9999.000 -9999.000 -9999.000 -9999.000 -9999.000 -9999.000 -9999.000 -9999.000 -9999.000 -9999.000 -9999.000 -9999.000 -9999.000 0.4794559E-01 0.2836254E-01 0.2964470E-01 0.4033169E-01 0.5357514E-01 0.6780261E-01 0.8258883E-01 0.9645306E-01 0.1097994 0.1222046 0.1335205 0.1446565 0.1595585 0.1905948 0.2601711 0.2601711 -9999.000 -9999.000 -9999.000 -9999.000 -9999.000 -9999.000 -9999.000 -9999.000 -9999.000 -9999.000 -9999.000 -9999.000 -9999.000 -9999.000 -9999.000 -9999.000 -9999.000 -9999.000 -9999.000 -9999.000 -9999.000 -9999.000 -9999.000 -9999.000 -9999.000 -9999.000 -9999.000 -9999.000 -9999.000
-9999.000 -9999.000 -9999.000 -9999.000 -9999.000 -9999.000 -9999.000 -9999.000 -9999.000 -9999.000 -9999.000 -9999.000 -9999.000 -9999.000 -9999.000 0.4038244E-01 0.2128290E-01 0.2529161E-01 0.3684985E-01 0.5063590E-01 0.6563853E-01 0.8146846E-01 0.9644495E-01 0.1110207 0.1246416 0.1371149 0.1494673 0.1662030 0.2015745 0.2888314 0.2888314 -9999.000 -9999.000 -9999.000 -9999.000 -9999.000 -9999.000 -9999.000 -9999.000 -9999.000 -9999.000 -9999.000 -9999.000 -9999.000 -9999.000 -9999.000 -9999.000 -9999.000 -9999.000 -9999.000 -9999.000 -9999.000 -9999.000 -9999.000 -9999.000 -9999.000 -9999.000 -9999.000 -9999.000 -9999.000
-9999.000 -9999.000 -9999.000 -9999.000 -9999.000 -9999.000 -9999.000 -9999.000 -9999.000 -9999.000 -9999.000 -9999.000 -9999.000 -9999.000 -9999.000 0.3200520E-01 0.1613894E-01 0.2437985E-01 0.3563588E-01 0.4913885E-01 0.6443931E-01 0.8103326E-01 0.9695661E-01 0.1126654 0.1274320 0.1410069 0.1545440 0.1731644 0.2132552 0.3233887 0.3233887 -9999.000 -9999.000 -9999.000 -9999.000 -9999.000 -9999.000 -9999.000 -9999.000 -9999.000 -9999.000 -9999.000 -9999.000 -9999.000 -9999.000 -9999.000 -9999.000 -9999.000 -9999.000 -9999.000 -9999.000 -9999.000 -9999.000 -9999.000 -9999.000 -9999.000 -9999.000 -9999.000 -9999.000 -9999.000
-9999.000 -9999.000 -9999.000 -9999.000 -9999.000 -9999.000 -9999.000 -9999.000 -9999.000 -9999.000 -9999.000 -9999.000 -9999.000 -9999.000 -9999.000 0.4735115E-01 0.7220187E-01 0.8220544E-01 0.8117165E-01 0.8389271E-01 0.8930585E-01 0.9808555E-01 0.1086011 0.1208703 0.1336278 0.1461981 0.1595843 0.1794204 0.2244264 0.3632304 0.3632304 -9999.000 -9999.000 -9999.000 -9999.000 -9999.000 -9999.000 -9999.000 -9999.000 -9999.000 -9999.000 -9999.000 -9999.000 -9999.000 -9999.000 -9999.000 -9999.000 -9999.000 -9999.000 -9999.000 -9999.000 -9999.000 -9999.000 -9999.000 -9999.000 -9999.000 -9999.000 -9999.000 -9999.000 -9999.000
2.727452 2.727452 2.716701 2.747723 2.766172 2.766172 2.769093 2.768783 2.768783 2.765389 2.765389 2.759930 2.756585 2.752909 2.749083 2.749083 2.842365 2.845058 2.839737 2.814204 2.769451 2.704327 2.616281 2.508368 2.381113 2.236654 2.079578 1.920672 1.787453 1.754293 1.754293 2.577735 2.744379 2.834527 2.855746 2.855746 2.879951 2.879951 2.846577 2.846577 2.793439 2.588852 2.588852 2.126478 2.126478 1.942546 1.942546 1.942546 1.947503 1.947503 1.987448 1.987448 2.036968 2.036968 2.085937 2.085937 2.128235 2.128235 2.128235 2.160202
2.749821 2.749821 2.743101 2.799894 2.825353 2.825353 2.840001 2.861950 2.861950 2.880218 2.880218 2.896180 2.903477 2.910401 2.917122 2.917122 2.987427 3.002202 3.014808 3.022671 3.025445 3.021325 3.007288 2.981564 2.941609 2.885415 2.812145 2.723390 2.626168 2.566208 2.566208 3.007038 3.159307 3.303986 3.342408 3.342408 3.382848 3.382848 3.374674 3.374674 3.347360 3.231103 3.231103 2.974295 2.974295 2.760779 2.760779 2.760779 2.765105 2.765105 2.806735 2.806735 2.859277 2.859277 2.910953 2.910953 2.956591 2.956591 2.956591 2.993694
2.754281 2.754281 2.745447 2.801378 2.824894 2.824894 2.840219 2.863087 2.863087 2.881992 2.881992 2.898684 2.906395 2.913757 2.920960 2.920960 2.985297 3.010347 3.033731 3.053819 3.070275 3.082632 3.089767 3.090960 3.084827 3.069673 3.043956 3.007281 2.962722 2.934842 2.934842 3.189244 3.334199 3.499851 3.547087 3.547087 3.590831 3.590831 3.571386 3.571386 3.538210 3.435164 3.435164 3.266155 3.266155 3.059087 3.059087 3.059087 3.047178 3.047178 3.078209 3.078209 3.122982 3.122982 3.168505 3.168505 3.209428 3.209428 3.209428 3.243090
2.756796 2.756796 2.748923 2.801975 2.824078 2.824078 2.839749 2.863099 2.863099 2.882033 2.882033 2.898683 2.906378 2.913733 2.920964 2.920964 2.982612 3.016701 3.049793 3.079432 3.104709 3.125268 3.140724 3.151047 3.156034 3.155226 3.148047 3.134345 3.115964 3.107991 3.107991 3.265629 3.394645 3.564314 3.614060 3.614060 3.648338 3.648338 3.605907 3.605907 3.566183 3.481113 3.481113 3.378717 3.378717 3.203181 3.203181 3.203181 3.174416 3.174416 3.192904 3.192904 3.230386 3.230386 3.271619 3.271619 3.309583 3.309583 3.309583 3.340903
2.757385 2.757385 2.753419 2.801959 2.823194 2.823194 2.839158 2.863052 2.863052 2.882104 2.882104 2.898757 2.906448 2.913800 2.921081 2.921081 2.983805 3.026070 3.068116 3.106561 3.139967 3.167786 3.189755 3.205959 3.216578 3.221772 3.221697 3.216803 3.208813 3.207821 3.207821 3.309263 3.417874 3.575764 3.617440 3.617440 3.619745 3.619745 3.552095 3.552095 3.515479 3.465177 3.465177 3.420602 3.420602 3.293543 3.293543 3.293543 3.252874 3.252874 3.256665 3.256665 3.284539 3.284539 3.320199 3.320199 3.354524 3.354524 3.354524 3.382991
2.753619 2.753619 2.760279 2.802144 2.822881 2.822881 2.839021 2.863216 2.863216 2.882233 2.882233 2.898805 2.906472 2.913810 2.921162 2.921162 2.989583 3.039665 3.089950 3.136409 3.177286 3.211876 3.239913 3.261452 3.276725 3.286053 3.289852 3.288826 3.284620 3.284301 3.284301 3.348480 3.433571 3.558846 3.576074 3.576074 3.525433 3.525433 3.452494 3.452494 3.433397 3.428418 3.428418 3.430165 3.430165 3.356918 3.356918 3.356918 3.313842 3.313842 3.304344 3.304344 3.320568 3.320568 3.348446 3.348446 3.377452 3.377452 3.377452 3.401814
2.753076 2.753076 2.763613 2.802025 2.822509 2.822509 2.838778 2.863221 2.863221 2.882268 2.882268 2.898817 2.906476 2.913808 2.921270 2.921270 3.000895 3.058902 3.116829 3.170446 3.217933 3.258561 3.292081 3.318529 3.338117 3.351170 3.358126 3.359679 3.357224 3.355592 3.355592 3.393268 3.451914 3.512040 3.483725 3.483725 3.383395 3.383395 3.342208 3.342208 3.349611 3.387439 3.387439 3.422762 3.422762 3.399546 3.399546 3.399546 3.363998 3.363998 3.346174 3.346174 3.350609 3.350609 3.368814 3.368814 3.390579 3.390579 3.390579 3.409320
2.752923 2.752923 2.764670 2.801984 2.822381 2.822381 2.838692 2.863222 2.863222 2.882279 2.882279 2.898821 2.906477 2.913807 2.921425 2.921425 3.018856 3.085266 3.150375 3.210270 3.263358 3.309049 3.347191 3.377863 3.401273 3.417719 3.427585 3.431451 3.430351 3.427145 3.427145 3.444436 3.470740 3.414277 3.329098 3.329098 3.225754 3.225754 3.246617 3.246617 3.278542 3.347923 3.347923 3.406019 3.406019 3.424494 3.424494 3.424494 3.403401 3.403401 3.383851 3.383851 3.378592 3.378592 3.386214 3.386214 3.399001 3.399001 3.399001 3.410563
2.753132 2.753132 2.763546 2.802023 2.822507 2.822507 2.838776 2.863222 2.863222 2.882268 2.882268 2.898817 2.906476 2.913809 2.921647 2.921647 3.045041 3.120546 3.192446 3.257690 3.315216 3.364764 3.406398 3.440311 3.466757 3.486022 3.498439 3.504442 3.504612 3.499462 3.499462 3.496701 3.473572 3.241182 3.124869 3.124869 3.089367 3.089367 3.172648 3.172648 3.220767 3.310048 3.310048 3.383414 3.383414 3.434399 3.434399 3.434399 3.430624 3.430624 3.415342 3.415342 3.404076 3.404076 3.401533 3.401533 3.404182 3.404182 3.404182 3.407237
2.753728 2.753728 2.760157 2.802140 2.822879 2.822879 2.839020 2.863217 2.863217 2.882234 2.882234 2.898806 2.906473 2.913810 2.921957 2.921957 3.081751 3.167067 3.245280 3.314780 3.375375 3.427338 3.471061 3.506938 3.535326 3.556539 3.570874 3.578625 3.579628 3.569967 3.569967 3.534683 3.419150 3.002617 2.920839 2.920839 2.990952 2.990952 3.113499 3.113499 3.170335 3.271835 3.271835 3.355824 3.355824 3.431216 3.431216 3.431216 3.444315 3.444315 3.437249 3.437249 3.424059 3.424059 3.412962 3.412962 3.405172 3.405172 3.405172 3.398884
2.757547 2.757547 2.753284 2.801962 2.823193 2.823193 2.839154 2.863046 2.863046 2.882099 2.882099 2.898754 2.906447 2.913798 2.922379 2.922379 3.132504 3.228057 3.311731 3.384026 3.445978 3.498585 3.542691 3.578961 3.607899 3.629888 3.645221 3.653989 3.654166 3.629326 3.629326 3.515875 3.242406 2.763685 2.770667 2.770667 2.919548 2.919548 3.060163 3.060163 3.121388 3.231012 3.231012 3.322595 3.322595 3.415702 3.415702 3.415702 3.443244 3.443244 3.445874 3.445874 3.433999 3.433999 3.416640 3.416640 3.399032 3.399032 3.399032 3.383276
2.756962 2.756962 2.748797 2.801974 2.824080 2.824080 2.839752 2.863107 2.863107 2.882045 2.882045 2.898696 2.906392 2.913747 2.922925 2.922925 3.202844 3.308170 3.395571 3.468467 3.529469 3.580485 3.622889 3.657657 3.685473 3.706796 3.721934 3.730450 3.723565 3.642856 3.642856 3.349874 2.914021 2.605727 2.669876 2.669876 2.852946 2.852946 3.001886 3.001886 3.065579 3.181677 3.181677 3.278895 3.278895 3.384732 3.384732 3.384732 3.423618 3.423618 3.435414 3.435414 3.426530 3.426530 3.405200 3.405200 3.379189 3.379189 3.379189 3.354700
