simulation_files/asc/Velocity____322.0.asc
NCOLS        79
NROWS        79
XLLCENTER         -1.500000
YLLCENTER         -4.800000
CELLSIZE           0.100
NODATA_VALUE     -9999.0
[rows 0 to 26 of 79, columns 0 to 59 of 79]
-9999.000 -9999.000 -9999.000 -9999.000 -9999.000 -9999.000 -9999.000 -9999.000 -9999.000 -9999.000 -9999.000 -9999.000 -9999.000 -9999.000 -9999.000 0.9775241E-01 0.9582594E-01 0.9560923E-01 0.9612057E-01 0.9691374E-01 0.9777613E-01 0.9860338E-01 0.9927484E-01 0.9979873E-01 0.1001697 0.1004035 0.1005708 0.1008825 0.1019284 0.1029524 0.1029524 -9999.000 -9999.000 -9999.000 -9999.000 -9999.000 -9999.000 -9999.000 -9999.000 -9999.000 -9999.000 -9999.000 -9999.000 -9999.000 -9999.000 -9999.000 -9999.000 -9999.000 -9999.000 -9999.000 -9999.000 -9999.000 -9999.000 -9999.000 -9999.000 -9999.000 -9999.000 -9999.000 -9999.000 -9999.000
-9999.000 -9999.000 -9999.000 -9999.000 -9999.000 -9999.000 -9999.000 -9999.000 -9999.000 -9999.000 -9999.000 -9999.000 -9999.000 -9999.000 -9999.000 0.9634425E-01 0.9244618E-01 0.9204715E-01 0.9316081E-01 0.9486004E-01 0.9671761E-01 0.9852656E-01 0.1000344 0.1012484 0.1021492 0.1027637 0.1032429 0.1040601 0.1065234 0.1092755 0.1092755 -9999.000 -9999.000 -9999.000 -9999.000 -9999.000 -9999.000 -9999.000 -9999.000 -9999.000 -9999.000 -9999.000 -9999.000 -9999.000 -9999.000 -9999.000 -9999.000 -9999.000 -9999.000 -9999.000 -9999.000 -9999.000 -9999.000 -9999.000 -9999.000 -9999.000 -9999.000 -9999.000 -9999.000 -9999.000
-9999.000 -9999.000 -9999.000 -9999.000 -9999.000 -9999.000 -9999.000 -9999.000 -9999.000 -9999.000 -9999.000 -9999.000 -9999.000 -9999.000 -9999.000 0.9353767E-01 0.8759569E-01 0.8697087E-01 0.8876967E-01 0.9151951E-01 0.9455779E-01 0.9757588E-01 0.1001844 0.1023984 0.1041814 0.1055624 0.1067675 0.1085402 0.1129683 0.1182896 0.1182896 -9999.000 -9999.000 -9999.000 -9999.000 -9999.000 -9999.000 -9999.000 -9999.000 -9999.000 -9999.000 -9999.000 -9999.000 -9999.000 -9999.000 -9999.000 -9999.000 -9999.000 -9999.000 -9999.000 -9999.000 -9999.000 -9999.000 -9999.000 -9999.000 -9999.000 -9999.000 -9999.000 -9999.000 -9999.000
-9999.000 -9999.000 -9999.000 -9999.000 -9999.000 -9999.000 -9999.000 -9999.000 -9999.000 -9999.000 -9999.000 -9999.000 -9999.000 -9999.000 -9999.000 0.9004860E-01 0.8216429E-01 0.8132696E-01 0.8383923E-01 0.8766962E-01 0.9192481E-01 0.9620553E-01 0.9999152E-01 0.1033135 0.1061133 0.1084157 0.1105107 0.1134112 0.1200117 0.1284686 0.1284686 -9999.000 -9999.000 -9999.000 -9999.000 -9999.000 -9999.000 -9999.000 -9999.000 -9999.000 -9999.000 -9999.000 -9999.000 -9999.000 -9999.000 -9999.000 -9999.000 -9999.000 -9999.000 -9999.000 -9999.000 -9999.000 -9999.000 -9999.000 -9999.000 -9999.000 -9999.000 -9999.000 -9999.000 -9999.000
-9999.000 -9999.000 -9999.000 -9999.000 -9999.000 -9999.000 -9999.000 -9999.000 -9999.000 -9999.000 -9999.000 -9999.000 -9999.000 -9999.000 -9999.000 0.8610821E-01 0.7635223E-01 0.7532382E-01 0.7858576E-01 0.8352733E-01 0.8902735E-01 0.9460609E-01 0.9961509E-01 0.1041089 0.1080050 0.1113179 0.1144000 0.1185416 0.1274880 0.1396705 0.1396705 -9999.000 -9999.000 -9999.000 -9999.000 -9999.000 -9999.000 -9999.000 -9999.000 -9999.000 -9999.000 -9999.000 -9999.000 -9999.000 -9999.000 -9999.000 -9999.000 -9999.000 -9999.000 -9999.000 -9999.000 -9999.000 -9999.000 -9999.000 -9999.000 -9999.000 -9999.000 -9999.000 -9999.000 -9999.000
-9999.000 -9999.000 -9999.000 -9999.000 -9999.000 -9999.000 -9999.000 -9999.000 -9999.000 -9999.000 -9999.000 -9999.000 -9999.000 -9999.000 -9999.000 0.8180270E-01 0.7024673E-01 0.6906709E-01 0.7312926E-01 0.7921778E-01 0.8598778E-01 0.9288997E-01 0.9915087E-01 0.1048579 0.1099003 0.1142795 0.1184113 0.1238781 0.1353371 0.1519170 0.1519170 -9999.000 -9999.000 -9999.000 -9999.000 -9999.000 -9999.000 -9999.000 -9999.000 -9999.000 -9999.000 -9999.000 -9999.000 -9999.000 -9999.000 -9999.000 -9999.000 -9999.000 -9999.000 -9999.000 -9999.000 -9999.000 -9999.000 -9999.000 -9999.000 -9999.000 -9999.000 -9999.000 -9999.000 -9999.000
-9999.000 -9999.000 -9999.000 -9999.000 -9999.000 -9999.000 -9999.000 -9999.000 -9999.000 -9999.000 -9999.000 -9999.000 -9999.000 -9999.000 -9999.000 0.7714903E-01 0.6388015E-01 0.6261390E-01 0.6754398E-01 0.7481827E-01 0.8287847E-01 0.9112200E-01 0.9865259E-01 0.1056017 0.1118248 0.1173085 0.1225347 0.1293993 0.1435459 0.1653317 0.1653317 -9999.000 -9999.000 -9999.000 -9999.000 -9999.000 -9999.000 -9999.000 -9999.000 -9999.000 -9999.000 -9999.000 -9999.000 -9999.000 -9999.000 -9999.000 -9999.000 -9999.000 -9999.000 -9999.000 -9999.000 -9999.000 -9999.000 -9999.000 -9999.000 -9999.000 -9999.000 -9999.000 -9999.000 -9999.000
-9999.000 -9999.000 -9999.000 -9999.000 -9999.000 -9999.000 -9999.000 -9999.000 -9999.000 -9999.000 -9999.000 -9999.000 -9999.000 -9999.000 -9999.000 0.7212912E-01 0.5726073E-01 0.5600742E-01 0.6189047E-01 0.7038746E-01 0.7974979E-01 0.8934352E-01 0.9815234E-01 0.1063641 0.1137932 0.1204091 0.1267658 0.1350973 0.1521266 0.1801177 0.1801177 -9999.000 -9999.000 -9999.000 -9999.000 -9999.000 -9999.000 -9999.000 -9999.000 -9999.000 -9999.000 -9999.000 -9999.000 -9999.000 -9999.000 -9999.000 -9999.000 -9999.000 -9999.000 -9999.000 -9999.000 -9999.000 -9999.000 -9999.000 -9999.000 -9999.000 -9999.000 -9999.000 -9999.000 -9999.000
-9999.000 -9999.000 -9999.000 -9999.000 -9999.000 -9999.000 -9999.000 -9999.000 -9999.000 -9999.000 -9999.000 -9999.000 -9999.000 -9999.000 -9999.000 0.6670607E-01 0.5038885E-01 0.4930099E-01 0.5624074E-01 0.6598686E-01 0.7664762E-01 0.8758783E-01 0.9767358E-01 0.1071615 0.1158154 0.1235842 0.1311012 0.1409704 0.1611043 0.1965611 0.1965611 -9999.000 -9999.000 -9999.000 -9999.000 -9999.000 -9999.000 -9999.000 -9999.000 -9999.000 -9999.000 -9999.000 -9999.000 -9999.000 -9999.000 -9999.000 -9999.000 -9999.000 -9999.000 -9999.000 -9999.000 -9999.000 -9999.000 -9999.000 -9999.000 -9999.000 -9999.000 -9999.000 -9999.000 -9999.000
-9999.000 -9999.000 -9999.000 -9999.000 -9999.000 -9999.000 -9999.000 -9999.000 -9999.000 -9999.000 -9999.000 -9999.000 -9999.000 -9999.000 -9999.000 0.6083048E-01 0.4327175E-01 0.4258942E-01 0.5070281E-01 0.6169669E-01 0.7362574E-01 0.8589081E-01 0.9724069E-01 0.1080109 0.1179013 0.1268374 0.1355395 0.1470198 0.1705126 0.2150497 0.2150497 -9999.000 -9999.000 -9999.000 -9999.000 -9999.000 -9999.000 -9999.000 -9999.000 -9999.000 -9999.000 -9999.000 -9999.000 -9999.000 -9999.000 -9999.000 -9999.000 -9999.000 -9999.000 -9999.000 -9999.000 -9999.000 -9999.000 -9999.000 -9999.000 -9999.000 -9999.000 -9999.000 -9999.000 -9999.000
-9999.000 -9999.000 -9999.000 -9999.000 -9999.000 -9999.000 -9999.000 -9999.000 -9999.000 -9999.000 -9999.000 -9999.000 -9999.000 -9999.000 -9999.000 0.5444267E-01 0.3594602E-01 0.3606537E-01 0.4545527E-01 0.5763426E-01 0.7075728E-01 0.8430000E-01 0.9688517E-01 0.1089352 0.1200655 0.1301757 0.1400824 0.1532498 0.1803931 0.2361117 0.2361117 -9999.000 -9999.000 -9999.000 -9999.000 -9999.000 -9999.000 -9999.000 -9999.000 -9999.000 -9999.000 -9999.000 -9999.000 -9999.000 -9999.000 -9999.000 -9999.000 -9999.000 -9999.000 -9999.000 -9999.000 -9999.000 -9999.000 -9999.000 -9999.000 -9999.000 -9999.000 -9999.000 -9999.000 -9999.000
-9999.000 -9999.000 -9999.000 -9999.000 -9999.000 -9999.000 -9999.000 -9999.000 -9999.000 -9999.000 -9999.000 -9999.000 -9999.000 -9999.000 -9999.000 0.4747325E-01 0.2853641E-01 0.3014098E-01 0.4080238E-01 0.5397866E-01 0.6815080E-01 0.8288568E-01 0.9665725E-01 0.1099719 0.1223355 0.1336164 0.1447391 0.1596712 0.1907957 0.2604802 0.2604802 -9999.000 -9999.000 -9999.000 -9999.000 -9999.000 -9999.000 -9999.000 -9999.000 -9999.000 -9999.000 -9999.000 -9999.000 -9999.000 -9999.000 -9999.000 -9999.000 -9999.000 -9999.000 -9999.000 -9999.000 -9999.000 -9999.000 -9999.000 -9999.000 -9999.000 -9999.000 -9999.000 -9999.000 -9999.000
-9999.000 -9999.000 -9999.000 -9999.000 -9999.000 -9999.000 -9999.000 -9999.000 -9999.000 -9999.000 -9999.000 -9999.000 -9999.000 -9999.000 -9999.000 0.3984398E-01 0.2145152E-01 0.2568273E-01 0.3724936E-01 0.5100732E-01 0.6597456E-01 0.8176123E-01 0.9664125E-01 0.1111884 0.1247644 0.1372000 0.1495391 0.1663108 0.2017857 0.2892018 0.2892018 -9999.000 -9999.000 -9999.000 -9999.000 -9999.000 -9999.000 -9999.000 -9999.000 -9999.000 -9999.000 -9999.000 -9999.000 -9999.000 -9999.000 -9999.000 -9999.000 -9999.000 -9999.000 -9999.000 -9999.000 -9999.000 -9999.000 -9999.000 -9999.000 -9999.000 -9999.000 -9999.000 -9999.000 -9999.000
-9999.000 -9999.000 -9999.000 -9999.000 -9999.000 -9999.000 -9999.000 -9999.000 -9999.000 -9999.000 -9999.000 -9999.000 -9999.000 -9999.000 -9999.000 0.3141652E-01 0.1625079E-01 0.2449556E-01 0.3586435E-01 0.4942015E-01 0.6472655E-01 0.8129786E-01 0.9712885E-01 0.1128181 0.1275398 0.1410768 0.1546025 0.1732669 0.2134798 0.3238499 0.3238499 -9999.000 -9999.000 -9999.000 -9999.000 -9999.000 -9999.000 -9999.000 -9999.000 -9999.000 -9999.000 -9999.000 -9999.000 -9999.000 -9999.000 -9999.000 -9999.000 -9999.000 -9999.000 -9999.000 -9999.000 -9999.000 -9999.000 -9999.000 -9999.000 -9999.000 -9999.000 -9999.000 -9999.000 -9999.000
-9999.000 -9999.000 -9999.000 -9999.000 -9999.000 -9999.000 -9999.000 -9999.000 -9999.000 -9999.000 -9999.000 -9999.000 -9999.000 -9999.000 -9999.000 0.4605630E-01 0.7029304E-01 0.8012979E-01 0.7981495E-01 0.8299738E-01 0.8878832E-01 0.9783908E-01 0.1084633 0.1208422 0.1336275 0.1462020 0.1596029 0.1795049 0.2246612 0.3638237 0.3638237 -9999.000 -9999.000 -9999.000 -9999.000 -9999.000 -9999.000 -9999.000 -9999.000 -9999.000 -9999.000 -9999.000 -9999.000 -9999.000 -9999.000 -9999.000 -9999.000 -9999.000 -9999.000 -9999.000 -9999.000 -9999.000 -9999.000 -9999.000 -9999.000 -9999.000 -9999.000 -9999.000 -9999.000 -9999.000
2.731153 2.731153 2.711580 2.742481 2.760742 2.760742 2.764144 2.765206 2.765206 2.762357 2.762357 2.756938 2.753561 2.749848 2.745983 2.745983 2.837357 2.840005 2.834068 2.808224 2.763225 2.697899 2.609615 2.501670 2.374376 2.229955 2.073022 1.914418 1.781724 1.749283 1.749283 2.572848 2.739267 2.828999 2.850054 2.850054 2.873859 2.873859 2.839793 2.839793 2.786277 2.580734 2.580734 2.118105 2.118105 1.936703 1.936703 1.936703 1.942431 1.942431 1.982652 1.982652 2.032210 2.032210 2.081113 2.081113 2.123291 2.123291 2.123291 2.155096
2.753847 2.753847 2.741138 2.795326 2.820118 2.820118 2.834899 2.857996 2.857996 2.876850 2.876850 2.892936 2.900236 2.907146 2.913845 2.913845 2.982757 2.997389 3.009804 3.017574 3.020258 3.016021 3.001808 2.975929 2.935788 2.879408 2.805973 2.717105 2.619859 2.560479 2.560479 3.001522 3.153768 3.298244 3.336557 3.336557 3.376728 3.376728 3.368166 3.368166 3.340605 3.223764 3.223764 2.965675 2.965675 2.754557 2.754557 2.754557 2.759678 2.759678 2.801554 2.801554 2.854121 2.854121 2.905733 2.905733 2.951263 2.951263 2.951263 2.988229
2.758581 2.758581 2.743624 2.797645 2.820152 2.820152 2.835359 2.859228 2.859228 2.878722 2.878722 2.895506 2.903188 2.910508 2.917651 2.917651 2.980726 3.005525 3.028716 3.048697 3.065088 3.077387 3.084444 3.085567 3.079343 3.064077 3.038237 3.001444 2.956804 2.929133 2.929133 3.183981 3.328887 3.494336 3.541449 3.541449 3.584883 3.584883 3.565126 3.565126 3.531797 3.428554 3.428554 3.258583 3.258583 3.053019 3.053019 3.053019 3.041941 3.041941 3.073285 3.073285 3.118112 3.118112 3.163577 3.163577 3.204394 3.204394 3.204394 3.237925
2.758202 2.758202 2.748094 2.798946 2.819839 2.819839 2.835121 2.859232 2.859232 2.878761 2.878761 2.895546 2.903233 2.910557 2.917738 2.917738 2.978292 3.012080 3.044955 3.074448 3.099625 3.120110 3.135490 3.145751 3.150675 3.149796 3.142540 3.128764 3.110323 3.102472 3.102472 3.260458 3.389477 3.558935 3.608518 3.608518 3.642397 3.642397 3.599708 3.599708 3.559994 3.475064 3.475064 3.372071 3.372071 3.197110 3.197110 3.197110 3.169118 3.169118 3.188010 3.188010 3.225613 3.225613 3.266820 3.266820 3.304689 3.304689 3.304689 3.335884
2.759622 2.759622 2.746353 2.799503 2.819520 2.819520 2.834930 2.859342 2.859342 2.878896 2.878896 2.895626 2.903285 2.910586 2.917796 2.917796 2.979537 3.021473 3.063287 3.101568 3.134858 3.162593 3.184489 3.200634 3.211203 3.216349 3.216228 3.211289 3.203271 3.202372 3.202372 3.304097 3.412762 3.570409 3.611847 3.611847 3.613707 3.613707 3.546096 3.546096 3.509668 3.459674 3.459674 3.414721 3.414721 3.287533 3.287533 3.287533 3.247441 3.247441 3.251683 3.251683 3.279751 3.279751 3.315433 3.315433 3.349690 3.349690 3.349690 3.378049
2.760780 2.760780 2.746723 2.799439 2.818978 2.818978 2.834544 2.859339 2.859339 2.879004 2.879004 2.895720 2.903358 2.910637 2.917903 2.917903 2.985416 3.035159 3.085200 3.131478 3.172215 3.206702 3.234652 3.256119 3.271333 3.280611 3.284365 3.283303 3.279077 3.278825 3.278825 3.343234 3.428404 3.553330 3.570231 3.570231 3.519329 3.519329 3.446867 3.446867 3.428053 3.423348 3.423348 3.424814 3.424814 3.351051 3.351051 3.351051 3.308285 3.308285 3.299198 3.299198 3.315676 3.315676 3.343633 3.343633 3.372610 3.372610 3.372610 3.396887
2.761485 2.761485 2.747009 2.799426 2.818651 2.818651 2.834258 2.859243 2.859243 2.879005 2.879005 2.895756 2.903399 2.910677 2.918045 2.918045 2.996819 3.054496 3.112172 3.165594 3.212927 3.253433 3.286849 3.313210 3.332725 3.345713 3.352614 3.354122 3.351640 3.350045 3.350045 3.387888 3.446589 3.506111 3.477466 3.477466 3.377470 3.377470 3.337052 3.337052 3.344697 3.382653 3.382653 3.417738 3.417738 3.393888 3.393888 3.393888 3.358390 3.358390 3.340865 3.340865 3.345571 3.345571 3.363901 3.363901 3.385679 3.385679 3.385679 3.404364
2.761723 2.761723 2.747101 2.799421 2.818548 2.818548 2.834163 2.859199 2.859199 2.878988 2.878988 2.895755 2.903404 2.910688 2.918209 2.918209 3.014834 3.080929 3.145792 3.205487 3.258409 3.303961 3.341985 3.372557 3.395879 3.412246 3.422045 3.425855 3.424715 3.421510 3.421510 3.438887 3.465118 3.407679 3.322515 3.322515 3.220349 3.220349 3.241971 3.241971 3.273998 3.343348 3.343348 3.401225 3.401225 3.419080 3.419080 3.419080 3.397848 3.397848 3.378446 3.378446 3.373419 3.373419 3.381191 3.381191 3.394025 3.394025 3.394025 3.405573
2.761490 2.761490 2.747009 2.799409 2.818647 2.818647 2.834261 2.859247 2.859247 2.879006 2.879006 2.895755 2.903398 2.910676 2.918402 2.918402 3.040996 3.116204 3.187867 3.252911 3.310269 3.359674 3.401185 3.434990 3.461339 3.480519 3.492857 3.498796 3.498911 3.493731 3.493731 3.490931 3.467408 3.233968 3.118488 3.118488 3.084632 3.084632 3.168285 3.168285 3.216396 3.305560 3.305560 3.378728 3.378728 3.429171 3.429171 3.429171 3.425153 3.425153 3.409873 3.409873 3.398755 3.398755 3.396358 3.396358 3.399086 3.399086 3.399086 3.402171
2.760790 2.760790 2.746722 2.799405 2.818972 2.818972 2.834550 2.859344 2.859344 2.879006 2.879006 2.895720 2.903358 2.910636 2.918657 2.918657 3.077643 3.162684 3.240668 3.309975 3.370403 3.422221 3.465817 3.501584 3.529871 3.550993 3.565248 3.572926 3.573862 3.564127 3.564127 3.528553 3.412003 2.995439 2.915328 2.915328 2.986685 2.986685 3.109262 3.109262 3.166037 3.267395 3.267395 3.351208 3.351208 3.426139 3.426139 3.426139 3.438951 3.438951 3.431765 3.431765 3.418610 3.418610 3.407624 3.407624 3.399928 3.399928 3.399928 3.393713
2.759635 2.759635 2.746352 2.799453 2.819511 2.819511 2.834939 2.859351 2.859351 2.878898 2.878898 2.895625 2.903285 2.910584 2.919030 2.919030 3.128325 3.223623 3.307077 3.379184 3.440969 3.493431 3.537408 3.573562 3.602399 3.624297 3.639545 3.648237 3.648329 3.623337 3.623337 3.509032 3.233918 2.757528 2.766164 2.766164 2.915446 2.915446 3.055949 3.055949 3.117105 3.226586 3.226586 3.318005 3.318005 3.410724 3.410724 3.410724 3.437975 3.437975 3.440408 3.440408 3.428476 3.428476 3.411161 3.411161 3.393647 3.393647 3.393647 3.378004
2.758220 2.758220 2.748092 2.798882 2.819829 2.819829 2.835132 2.859242 2.859242 2.878764 2.878764 2.895546 2.903232 2.910556 2.919586 2.919586 3.198621 3.303707 3.390902 3.463614 3.524451 3.575317 3.617588 3.652238 3.679945 3.701171 3.716218 3.724650 3.717634 3.636576 3.636576 3.341812 2.904558 2.600946 2.665707 2.665707 2.848813 2.848813 2.997640 2.997640 3.061270 3.177237 3.177237 3.274310 3.274310 3.379822 3.379822 3.379822 3.418432 3.418432 3.429990 3.429990 3.420968 3.420968 3.399614 3.399614 3.373674 3.373674 3.373674 3.349333
