simulation_files/asc/Velocity____343.0.asc
NCOLS        79
NROWS        79
XLLCENTER         -1.500000
YLLCENTER         -4.800000
CELLSIZE           0.100
NODATA_VALUE     -9999.0
[rows 0 to 26 of 79, columns 0 to 59 of 79]
-9999.000 -9999.000 -9999.000 -9999.000 -9999.000 -9999.000 -9999.000 -9999.000 -9999.000 -9999.000 -9999.000 -9999.000 -9999.000 -9999.000 -9999.000 0.1000376 0.9845692E-01 0.9852026E-01 0.9901664E-01 0.9970351E-01 0.1004600 0.1011844 0.1017893 0.1022737 0.1026244 0.1028558 0.1030401 0.1033898 0.1045049 0.1055243 0.1055243 -9999.000 -9999.000 -9999.000 -9999.000 -9999.000 -9999.000 -9999.000 -9999.000 -9999.000 -9999.000 -9999.000 -9999.000 -9999.000 -9999.000 -9999.000 -9999.000 -9999.000 -9999.000 -9999.000 -9999.000 -9999.000 -9999.000 -9999.000 -9999.000 -9999.000 -9999.000 -9999.000 -9999.000 -9999.000
-9999.000 -9999.000 -9999.000 -9999.000 -9999.000 -9999.000 -9999.000 -9999.000 -9999.000 -9999.000 -9999.000 -9999.000 -9999.000 -9999.000 -9999.000 0.9819868E-01 0.9504160E-01 0.9522790E-01 0.9632380E-01 0.9782539E-01 0.9948640E-01 0.1010981 0.1024736 0.1036022 0.1044495 0.1050422 0.1055372 0.1064121 0.1089998 0.1117325 0.1117325 -9999.000 -9999.000 -9999.000 -9999.000 -9999.000 -9999.000 -9999.000 -9999.000 -9999.000 -9999.000 -9999.000 -9999.000 -9999.000 -9999.000 -9999.000 -9999.000 -9999.000 -9999.000 -9999.000 -9999.000 -9999.000 -9999.000 -9999.000 -9999.000 -9999.000 -9999.000 -9999.000 -9999.000 -9999.000
-9999.000 -9999.000 -9999.000 -9999.000 -9999.000 -9999.000 -9999.000 -9999.000 -9999.000 -9999.000 -9999.000 -9999.000 -9999.000 -9999.000 -9999.000 0.9488007E-01 0.9014144E-01 0.9046410E-01 0.9225640E-01 0.9472037E-01 0.9747469E-01 0.1002006 0.1026092 0.1046852 0.1063693 0.1076933 0.1088968 0.1107364 0.1153435 0.1206321 0.1206321 -9999.000 -9999.000 -9999.000 -9999.000 -9999.000 -9999.000 -9999.000 -9999.000 -9999.000 -9999.000 -9999.000 -9999.000 -9999.000 -9999.000 -9999.000 -9999.000 -9999.000 -9999.000 -9999.000 -9999.000 -9999.000 -9999.000 -9999.000 -9999.000 -9999.000 -9999.000 -9999.000 -9999.000 -9999.000
-9999.000 -9999.000 -9999.000 -9999.000 -9999.000 -9999.000 -9999.000 -9999.000 -9999.000 -9999.000 -9999.000 -9999.000 -9999.000 -9999.000 -9999.000 0.9084141E-01 0.8464672E-01 0.8512793E-01 0.8764639E-01 0.9110663E-01 0.9499820E-01 0.9889884E-01 0.1024234 0.1055577 0.1082135 0.1104212 0.1124947 0.1154693 0.1223059 0.1307272 0.1307272 -9999.000 -9999.000 -9999.000 -9999.000 -9999.000 -9999.000 -9999.000 -9999.000 -9999.000 -9999.000 -9999.000 -9999.000 -9999.000 -9999.000 -9999.000 -9999.000 -9999.000 -9999.000 -9999.000 -9999.000 -9999.000 -9999.000 -9999.000 -9999.000 -9999.000 -9999.000 -9999.000 -9999.000 -9999.000
-9999.000 -9999.000 -9999.000 -9999.000 -9999.000 -9999.000 -9999.000 -9999.000 -9999.000 -9999.000 -9999.000 -9999.000 -9999.000 -9999.000 -9999.000 0.8631410E-01 0.7875916E-01 0.7942668E-01 0.8270361E-01 0.8719153E-01 0.9225295E-01 0.9736788E-01 0.1020590 0.1063184 0.1100260 0.1132072 0.1162484 0.1204730 0.1297198 0.1418785 0.1418785 -9999.000 -9999.000 -9999.000 -9999.000 -9999.000 -9999.000 -9999.000 -9999.000 -9999.000 -9999.000 -9999.000 -9999.000 -9999.000 -9999.000 -9999.000 -9999.000 -9999.000 -9999.000 -9999.000 -9999.000 -9999.000 -9999.000 -9999.000 -9999.000 -9999.000 -9999.000 -9999.000 -9999.000 -9999.000
-9999.000 -9999.000 -9999.000 -9999.000 -9999.000 -9999.000 -9999.000 -9999.000 -9999.000 -9999.000 -9999.000 -9999.000 -9999.000 -9999.000 -9999.000 0.8138885E-01 0.7256998E-01 0.7346575E-01 0.7754365E-01 0.8309395E-01 0.8935463E-01 0.9571316E-01 0.1016047 0.1070333 0.1118444 0.1160556 0.1201290 0.1256909 0.1375232 0.1541099 0.1541099 -9999.000 -9999.000 -9999.000 -9999.000 -9999.000 -9999.000 -9999.000 -9999.000 -9999.000 -9999.000 -9999.000 -9999.000 -9999.000 -9999.000 -9999.000 -9999.000 -9999.000 -9999.000 -9999.000 -9999.000 -9999.000 -9999.000 -9999.000 -9999.000 -9999.000 -9999.000 -9999.000 -9999.000 -9999.000
-9999.000 -9999.000 -9999.000 -9999.000 -9999.000 -9999.000 -9999.000 -9999.000 -9999.000 -9999.000 -9999.000 -9999.000 -9999.000 -9999.000 -9999.000 0.7608741E-01 0.6611533E-01 0.6730048E-01 0.7223437E-01 0.7888445E-01 0.8637089E-01 0.9399568E-01 0.1011110 0.1077406 0.1136911 0.1189715 0.1241240 0.1310997 0.1457039 0.1675497 0.1675497 -9999.000 -9999.000 -9999.000 -9999.000 -9999.000 -9999.000 -9999.000 -9999.000 -9999.000 -9999.000 -9999.000 -9999.000 -9999.000 -9999.000 -9999.000 -9999.000 -9999.000 -9999.000 -9999.000 -9999.000 -9999.000 -9999.000 -9999.000 -9999.000 -9999.000 -9999.000 -9999.000 -9999.000 -9999.000
-9999.000 -9999.000 -9999.000 -9999.000 -9999.000 -9999.000 -9999.000 -9999.000 -9999.000 -9999.000 -9999.000 -9999.000 -9999.000 -9999.000 -9999.000 0.7039686E-01 0.5940672E-01 0.6096835E-01 0.6682590E-01 0.7461422E-01 0.8334691E-01 0.9225325E-01 0.1006078 0.1084623 0.1155788 0.1219575 0.1282270 0.1366902 0.1542743 0.1824087 0.1824087 -9999.000 -9999.000 -9999.000 -9999.000 -9999.000 -9999.000 -9999.000 -9999.000 -9999.000 -9999.000 -9999.000 -9999.000 -9999.000 -9999.000 -9999.000 -9999.000 -9999.000 -9999.000 -9999.000 -9999.000 -9999.000 -9999.000 -9999.000 -9999.000 -9999.000 -9999.000 -9999.000 -9999.000 -9999.000
-9999.000 -9999.000 -9999.000 -9999.000 -9999.000 -9999.000 -9999.000 -9999.000 -9999.000 -9999.000 -9999.000 -9999.000 -9999.000 -9999.000 -9999.000 0.6428579E-01 0.5244783E-01 0.5450904E-01 0.6137178E-01 0.7033253E-01 0.8032256E-01 0.9051617E-01 0.1001177 0.1092142 0.1175164 0.1250152 0.1324343 0.1424602 0.1632613 0.1989851 0.1989851 -9999.000 -9999.000 -9999.000 -9999.000 -9999.000 -9999.000 -9999.000 -9999.000 -9999.000 -9999.000 -9999.000 -9999.000 -9999.000 -9999.000 -9999.000 -9999.000 -9999.000 -9999.000 -9999.000 -9999.000 -9999.000 -9999.000 -9999.000 -9999.000 -9999.000 -9999.000 -9999.000 -9999.000 -9999.000
-9999.000 -9999.000 -9999.000 -9999.000 -9999.000 -9999.000 -9999.000 -9999.000 -9999.000 -9999.000 -9999.000 -9999.000 -9999.000 -9999.000 -9999.000 0.5771074E-01 0.4524816E-01 0.4798722E-01 0.5594877E-01 0.6610227E-01 0.7734300E-01 0.8881636E-01 0.9966272E-01 0.1100118 0.1195131 0.1281473 0.1367437 0.1484110 0.1727015 0.2176849 0.2176849 -9999.000 -9999.000 -9999.000 -9999.000 -9999.000 -9999.000 -9999.000 -9999.000 -9999.000 -9999.000 -9999.000 -9999.000 -9999.000 -9999.000 -9999.000 -9999.000 -9999.000 -9999.000 -9999.000 -9999.000 -9999.000 -9999.000 -9999.000 -9999.000 -9999.000 -9999.000 -9999.000 -9999.000 -9999.000
-9999.000 -9999.000 -9999.000 -9999.000 -9999.000 -9999.000 -9999.000 -9999.000 -9999.000 -9999.000 -9999.000 -9999.000 -9999.000 -9999.000 -9999.000 0.5061972E-01 0.3784515E-01 0.4152868E-01 0.5068128E-01 0.6201530E-01 0.7447106E-01 0.8719693E-01 0.9927342E-01 0.1108775 0.1215832 0.1313610 0.1411572 0.1545478 0.1826402 0.2390643 0.2390643 -9999.000 -9999.000 -9999.000 -9999.000 -9999.000 -9999.000 -9999.000 -9999.000 -9999.000 -9999.000 -9999.000 -9999.000 -9999.000 -9999.000 -9999.000 -9999.000 -9999.000 -9999.000 -9999.000 -9999.000 -9999.000 -9999.000 -9999.000 -9999.000 -9999.000 -9999.000 -9999.000 -9999.000 -9999.000
-9999.000 -9999.000 -9999.000 -9999.000 -9999.000 -9999.000 -9999.000 -9999.000 -9999.000 -9999.000 -9999.000 -9999.000 -9999.000 -9999.000 -9999.000 0.4295403E-01 0.3035893E-01 0.3539209E-01 0.4578381E-01 0.5821592E-01 0.7180140E-01 0.8572349E-01 0.9899836E-01 0.1118487 0.1237546 0.1346746 0.1456860 0.1608836 0.1931335 0.2639003 0.2639003 -9999.000 -9999.000 -9999.000 -9999.000 -9999.000 -9999.000 -9999.000 -9999.000 -9999.000 -9999.000 -9999.000 -9999.000 -9999.000 -9999.000 -9999.000 -9999.000 -9999.000 -9999.000 -9999.000 -9999.000 -9999.000 -9999.000 -9999.000 -9999.000 -9999.000 -9999.000 -9999.000 -9999.000 -9999.000
-9999.000 -9999.000 -9999.000 -9999.000 -9999.000 -9999.000 -9999.000 -9999.000 -9999.000 -9999.000 -9999.000 -9999.000 -9999.000 -9999.000 -9999.000 0.3465509E-01 0.2316390E-01 0.3012126E-01 0.4162570E-01 0.5493577E-01 0.6948604E-01 0.8450527E-01 0.9892292E-01 0.1129951 0.1260838 0.1381327 0.1503644 0.1674503 0.2042550 0.2933089 0.2933089 -9999.000 -9999.000 -9999.000 -9999.000 -9999.000 -9999.000 -9999.000 -9999.000 -9999.000 -9999.000 -9999.000 -9999.000 -9999.000 -9999.000 -9999.000 -9999.000 -9999.000 -9999.000 -9999.000 -9999.000 -9999.000 -9999.000 -9999.000 -9999.000 -9999.000 -9999.000 -9999.000 -9999.000 -9999.000
-9999.000 -9999.000 -9999.000 -9999.000 -9999.000 -9999.000 -9999.000 -9999.000 -9999.000 -9999.000 -9999.000 -9999.000 -9999.000 -9999.000 -9999.000 0.2566415E-01 0.1757872E-01 0.2695086E-01 0.3899687E-01 0.5271217E-01 0.6791608E-01 0.8384377E-01 0.9929130E-01 0.1145196 0.1287399 0.1418776 0.1553122 0.1743506 0.2161308 0.3289763 0.3289763 -9999.000 -9999.000 -9999.000 -9999.000 -9999.000 -9999.000 -9999.000 -9999.000 -9999.000 -9999.000 -9999.000 -9999.000 -9999.000 -9999.000 -9999.000 -9999.000 -9999.000 -9999.000 -9999.000 -9999.000 -9999.000 -9999.000 -9999.000 -9999.000 -9999.000 -9999.000 -9999.000 -9999.000 -9999.000
-9999.000 -9999.000 -9999.000 -9999.000 -9999.000 -9999.000 -9999.000 -9999.000 -9999.000 -9999.000 -9999.000 -9999.000 -9999.000 -9999.000 -9999.000 0.3371346E-01 0.5191386E-01 0.6020343E-01 0.6711709E-01 0.7486501E-01 0.8429832E-01 0.9557591E-01 0.1077113 0.1208153 0.1338017 0.1463836 0.1599463 0.1804139 0.2274831 0.3704475 0.3704475 -9999.000 -9999.000 -9999.000 -9999.000 -9999.000 -9999.000 -9999.000 -9999.000 -9999.000 -9999.000 -9999.000 -9999.000 -9999.000 -9999.000 -9999.000 -9999.000 -9999.000 -9999.000 -9999.000 -9999.000 -9999.000 -9999.000 -9999.000 -9999.000 -9999.000 -9999.000 -9999.000 -9999.000 -9999.000
2.682454 2.682454 2.668442 2.714854 2.723894 2.723894 2.727725 2.728650 2.728650 2.725364 2.725364 2.719842 2.716527 2.712937 2.709198 2.709198 2.783298 2.785470 2.773275 2.744191 2.696559 2.628482 2.538867 2.429973 2.302328 2.158385 2.003083 1.847911 1.720919 1.696228 1.696228 2.521324 2.685549 2.770999 2.790300 2.790300 2.810040 2.810040 2.769279 2.769279 2.712190 2.497298 2.497298 2.033425 2.033425 1.876188 1.876188 1.876188 1.889167 1.889167 1.931987 1.931987 1.981840 1.981840 2.030166 2.030166 2.071309 2.071309 2.071309 2.101742
2.704593 2.704593 2.694017 2.762782 2.782846 2.782846 2.797801 2.820476 2.820476 2.838575 2.838575 2.854245 2.861463 2.868357 2.875049 2.875049 2.931464 2.944773 2.955263 2.962084 2.963836 2.958215 2.942557 2.914940 2.872874 2.814583 2.739491 2.648884 2.552799 2.499125 2.499125 2.942729 3.094848 3.237308 3.274486 3.274486 3.311914 3.311914 3.299797 3.299797 3.269812 3.147133 3.147133 2.876422 2.876422 2.689238 2.689238 2.689238 2.701810 2.701810 2.745878 2.745878 2.798649 2.798649 2.849772 2.849772 2.894396 2.894396 2.894396 2.930204
2.709380 2.709380 2.696074 2.762648 2.782941 2.782941 2.798389 2.821786 2.821786 2.840450 2.840450 2.856773 2.864362 2.871657 2.878785 2.878785 2.931272 2.953975 2.975453 2.994490 3.010277 3.021908 3.028299 3.028584 3.021281 3.004714 2.977456 2.939075 2.894006 2.868359 2.868359 3.128184 3.272580 3.435928 3.481764 3.481764 3.522102 3.522102 3.499152 3.499152 3.464443 3.359198 3.359198 3.179359 3.179359 2.989331 2.989331 2.989331 2.986196 2.986196 3.020353 3.020353 3.065638 3.065638 3.110537 3.110537 3.150363 3.150363 3.150363 3.182697
2.712460 2.712460 2.699065 2.762210 2.782418 2.782418 2.798151 2.821858 2.821858 2.840518 2.840518 2.856805 2.864389 2.871685 2.878842 2.878842 2.930414 2.961621 2.992546 3.020742 3.045043 3.064796 3.079571 3.089254 3.093546 3.091942 3.083873 3.069138 3.050324 3.043723 3.043723 3.205597 3.334677 3.501961 3.549901 3.549901 3.580030 3.580030 3.535122 3.535122 3.495558 3.411749 3.411749 3.302326 3.302326 3.133845 3.133845 3.133845 3.113478 3.113478 3.136107 3.136107 3.174701 3.174701 3.215552 3.215552 3.252481 3.252481 3.252481 3.282494
2.713921 2.713921 2.702944 2.761786 2.781883 2.781883 2.797866 2.821874 2.821874 2.840512 2.840512 2.856745 2.864322 2.871621 2.878825 2.878825 2.932949 2.972103 3.011793 3.048503 3.080624 3.107414 3.128531 3.144007 3.153961 3.158517 3.157826 3.152298 3.144087 3.144193 3.144193 3.249108 3.358388 3.513641 3.552840 3.552840 3.550826 3.550826 3.483924 3.483924 3.449280 3.401901 3.401901 3.352760 3.352760 3.225019 3.225019 3.225019 3.190881 3.190881 3.199412 3.199412 3.229214 3.229214 3.264966 3.264966 3.298475 3.298475 3.298475 3.325744
2.713771 2.713771 2.707339 2.761207 2.781302 2.781302 2.797561 2.821976 2.821976 2.840713 2.840713 2.856953 2.864527 2.871822 2.879070 2.879070 2.939942 2.986837 3.034617 3.079102 3.118412 3.151719 3.178679 3.199304 3.213781 3.222405 3.225588 3.224020 3.219620 3.220130 3.220130 3.287164 3.373285 3.494985 3.508972 3.508972 3.456343 3.456343 3.388646 3.388646 3.372375 3.369885 3.369885 3.368269 3.368269 3.290006 3.290006 3.290006 3.250691 3.250691 3.245683 3.245683 3.264511 3.264511 3.293077 3.293077 3.321624 3.321624 3.321624 3.345008
2.709724 2.709724 2.713477 2.761139 2.781246 2.781246 2.797632 2.822154 2.822154 2.840817 2.840817 2.856988 2.864546 2.871831 2.879150 2.879150 2.951952 3.006842 3.062217 3.113723 3.159456 3.198603 3.230855 3.256212 3.274851 3.287073 3.293313 3.294266 3.291502 3.290349 3.290349 3.330151 3.389608 3.443797 3.412582 3.412582 3.316725 3.316725 3.283466 3.283466 3.293159 3.332003 3.332003 3.364589 3.364589 3.334890 3.334890 3.334890 3.300360 3.300360 3.285949 3.285949 3.293219 3.293219 3.312649 3.312649 3.334389 3.334389 3.334389 3.352473
2.709295 2.709295 2.715146 2.760990 2.781124 2.781124 2.797572 2.822168 2.822168 2.840832 2.840832 2.856993 2.864547 2.871831 2.879256 2.879256 2.970267 3.033683 3.096258 3.153981 3.205197 3.249265 3.285992 3.315426 3.337746 3.353229 3.362255 3.365408 3.363830 3.360702 3.360702 3.379138 3.404910 3.339233 3.255266 3.255266 3.164857 3.164857 3.193116 3.193116 3.225923 3.294786 3.294786 3.350441 3.350441 3.362486 3.362486 3.362486 3.340319 3.340319 3.322639 3.322639 3.319879 3.319879 3.329035 3.329035 3.342221 3.342221 3.342221 3.353525
2.709724 2.709724 2.713477 2.761139 2.781246 2.781246 2.797632 2.822153 2.822153 2.840817 2.840817 2.856989 2.864546 2.871832 2.879406 2.879406 2.996473 3.069131 3.138558 3.201625 3.257229 3.305075 3.345198 3.377767 3.403013 3.421206 3.432666 3.437837 3.437347 3.431823 3.431823 3.428688 3.401576 3.160422 3.053995 3.053995 3.035405 3.035405 3.122067 3.122067 3.169982 3.257945 3.257945 3.329173 3.329173 3.374490 3.374490 3.374490 3.368421 3.368421 3.353449 3.353449 3.343880 3.343880 3.342875 3.342875 3.346283 3.346283 3.346283 3.349552
2.713771 2.713771 2.707339 2.761207 2.781301 2.781301 2.797562 2.821977 2.821977 2.840714 2.840714 2.856953 2.864528 2.871823 2.879609 2.879609 3.032868 3.115482 3.191311 3.258678 3.317358 3.367597 3.409767 3.444244 3.471364 3.491427 3.504721 3.511538 3.511702 3.501028 3.501028 3.462407 3.336620 2.923396 2.859614 2.859614 2.941702 2.941702 3.064254 3.064254 3.120410 3.220347 3.220347 3.302446 3.302446 3.373018 3.373018 3.373018 3.383280 3.383280 3.375248 3.375248 3.362682 3.362682 3.352781 3.352781 3.345952 3.345952 3.345952 3.340360
2.713921 2.713921 2.702944 2.761786 2.781883 2.781883 2.797867 2.821874 2.821874 2.840513 2.840513 2.856746 2.864321 2.871621 2.879707 2.879707 3.082805 3.175796 3.257210 3.327476 3.387588 3.438524 3.481106 3.515982 3.543644 3.564457 3.578706 3.586473 3.585575 3.558386 3.558386 3.435420 3.146693 2.696140 2.719855 2.719855 2.872014 2.872014 3.011365 3.011365 3.071837 3.179922 3.179922 3.269800 3.269800 3.358810 3.358810 3.358810 3.383403 3.383403 3.384191 3.384191 3.371914 3.371914 3.355156 3.355156 3.338539 3.338539 3.338539 3.323931
2.712461 2.712461 2.699066 2.762209 2.782418 2.782418 2.798152 2.821859 2.821859 2.840518 2.840518 2.856805 2.864389 2.871685 2.880165 2.880165 3.152124 3.254958 3.340201 3.411174 3.470436 3.519862 3.560809 3.594235 3.620806 3.640971 3.655026 3.662493 3.653978 3.567354 3.567354 3.256502 2.811035 2.552173 2.622414 2.622414 2.805485 2.805485 2.953212 2.953212 3.016244 3.130928 3.130928 3.226602 3.226602 3.328921 3.328921 3.328921 3.364959 3.364959 3.374400 3.374400 3.364259 3.364259 3.342839 3.342839 3.317701 3.317701 3.317701 3.294750
