simulation_files/asc/Velocity____168.0.asc
NCOLS        79
NROWS        79
XLLCENTER         -1.500000
YLLCENTER         -4.800000
CELLSIZE           0.100
NODATA_VALUE     -9999.0
[rows 0 to 26 of 79, columns 0 to 59 of 79]
-9999.000 -9999.000 -9999.000 -9999.000 -9999.000 -9999.000 -9999.000 -9999.000 -9999.000 -9999.000 -9999.000 -9999.000 -9999.000 -9999.000 -9999.000 0.1017589 0.1001561 0.1000032 0.1003965 0.1010274 0.1017437 0.1024602 0.1030842 0.1035677 0.1039301 0.1041781 0.1043657 0.1046829 0.1056959 0.1066458 0.1066458 -9999.000 -9999.000 -9999.000 -9999.000 -9999.000 -9999.000 -9999.000 -9999.000 -9999.000 -9999.000 -9999.000 -9999.000 -9999.000 -9999.000 -9999.000 -9999.000 -9999.000 -9999.000 -9999.000 -9999.000 -9999.000 -9999.000 -9999.000 -9999.000 -9999.000 -9999.000 -9999.000 -9999.000 -9999.000
-9999.000 -9999.000 -9999.000 -9999.000 -9999.000 -9999.000 -9999.000 -9999.000 -9999.000 -9999.000 -9999.000 -9999.000 -9999.000 -9999.000 -9999.000 0.9971553E-01 0.9648085E-01 0.9621078E-01 0.9709375E-01 0.9848098E-01 0.1000582 0.1016518 0.1030669 0.1041948 0.1050682 0.1056973 0.1061994 0.1069964 0.1093334 0.1118724 0.1118724 -9999.000 -9999.000 -9999.000 -9999.000 -9999.000 -9999.000 -9999.000 -9999.000 -9999.000 -9999.000 -9999.000 -9999.000 -9999.000 -9999.000 -9999.000 -9999.000 -9999.000 -9999.000 -9999.000 -9999.000 -9999.000 -9999.000 -9999.000 -9999.000 -9999.000 -9999.000 -9999.000 -9999.000 -9999.000
-9999.000 -9999.000 -9999.000 -9999.000 -9999.000 -9999.000 -9999.000 -9999.000 -9999.000 -9999.000 -9999.000 -9999.000 -9999.000 -9999.000 -9999.000 0.9615710E-01 0.9125256E-01 0.9084024E-01 0.9229965E-01 0.9459145E-01 0.9722094E-01 0.9992228E-01 0.1023947 0.1044648 0.1061802 0.1075468 0.1087384 0.1104195 0.1145762 0.1194997 0.1194997 -9999.000 -9999.000 -9999.000 -9999.000 -9999.000 -9999.000 -9999.000 -9999.000 -9999.000 -9999.000 -9999.000 -9999.000 -9999.000 -9999.000 -9999.000 -9999.000 -9999.000 -9999.000 -9999.000 -9999.000 -9999.000 -9999.000 -9999.000 -9999.000 -9999.000 -9999.000 -9999.000 -9999.000 -9999.000
-9999.000 -9999.000 -9999.000 -9999.000 -9999.000 -9999.000 -9999.000 -9999.000 -9999.000 -9999.000 -9999.000 -9999.000 -9999.000 -9999.000 -9999.000 0.9193504E-01 0.8545715E-01 0.8491153E-01 0.8698221E-01 0.9022208E-01 0.9395457E-01 0.9782906E-01 0.1014442 0.1045642 0.1072531 0.1095039 0.1115382 0.1142609 0.1204268 0.1282824 0.1282824 -9999.000 -9999.000 -9999.000 -9999.000 -9999.000 -9999.000 -9999.000 -9999.000 -9999.000 -9999.000 -9999.000 -9999.000 -9999.000 -9999.000 -9999.000 -9999.000 -9999.000 -9999.000 -9999.000 -9999.000 -9999.000 -9999.000 -9999.000 -9999.000 -9999.000 -9999.000 -9999.000 -9999.000 -9999.000
-9999.000 -9999.000 -9999.000 -9999.000 -9999.000 -9999.000 -9999.000 -9999.000 -9999.000 -9999.000 -9999.000 -9999.000 -9999.000 -9999.000 -9999.000 0.8728054E-01 0.7928888E-01 0.7861745E-01 0.8133514E-01 0.8556233E-01 0.9043615E-01 0.9552769E-01 0.1003400 0.1045750 0.1083166 0.1115400 0.1145110 0.1183812 0.1267168 0.1380720 0.1380720 -9999.000 -9999.000 -9999.000 -9999.000 -9999.000 -9999.000 -9999.000 -9999.000 -9999.000 -9999.000 -9999.000 -9999.000 -9999.000 -9999.000 -9999.000 -9999.000 -9999.000 -9999.000 -9999.000 -9999.000 -9999.000 -9999.000 -9999.000 -9999.000 -9999.000 -9999.000 -9999.000 -9999.000 -9999.000
-9999.000 -9999.000 -9999.000 -9999.000 -9999.000 -9999.000 -9999.000 -9999.000 -9999.000 -9999.000 -9999.000 -9999.000 -9999.000 -9999.000 -9999.000 0.8229221E-01 0.7283755E-01 0.7205736E-01 0.7546773E-01 0.8072483E-01 0.8677438E-01 0.9311597E-01 0.9916242E-01 0.1045548 0.1094014 0.1136545 0.1176243 0.1227210 0.1333783 0.1488738 0.1488738 -9999.000 -9999.000 -9999.000 -9999.000 -9999.000 -9999.000 -9999.000 -9999.000 -9999.000 -9999.000 -9999.000 -9999.000 -9999.000 -9999.000 -9999.000 -9999.000 -9999.000 -9999.000 -9999.000 -9999.000 -9999.000 -9999.000 -9999.000 -9999.000 -9999.000 -9999.000 -9999.000 -9999.000 -9999.000
-9999.000 -9999.000 -9999.000 -9999.000 -9999.000 -9999.000 -9999.000 -9999.000 -9999.000 -9999.000 -9999.000 -9999.000 -9999.000 -9999.000 -9999.000 0.7700317E-01 0.6614038E-01 0.6528357E-01 0.6944671E-01 0.7578049E-01 0.8303607E-01 0.9065303E-01 0.9796027E-01 0.1045387 0.1105275 0.1158505 0.1208643 0.1272548 0.1403918 0.1607880 0.1607880 -9999.000 -9999.000 -9999.000 -9999.000 -9999.000 -9999.000 -9999.000 -9999.000 -9999.000 -9999.000 -9999.000 -9999.000 -9999.000 -9999.000 -9999.000 -9999.000 -9999.000 -9999.000 -9999.000 -9999.000 -9999.000 -9999.000 -9999.000 -9999.000 -9999.000 -9999.000 -9999.000 -9999.000 -9999.000
-9999.000 -9999.000 -9999.000 -9999.000 -9999.000 -9999.000 -9999.000 -9999.000 -9999.000 -9999.000 -9999.000 -9999.000 -9999.000 -9999.000 -9999.000 0.7141244E-01 0.5920976E-01 0.5833188E-01 0.6332549E-01 0.7078449E-01 0.7927020E-01 0.8817868E-01 0.9676460E-01 0.1045483 0.1117075 0.1181312 0.1242246 0.1319713 0.1477615 0.1739885 0.1739885 -9999.000 -9999.000 -9999.000 -9999.000 -9999.000 -9999.000 -9999.000 -9999.000 -9999.000 -9999.000 -9999.000 -9999.000 -9999.000 -9999.000 -9999.000 -9999.000 -9999.000 -9999.000 -9999.000 -9999.000 -9999.000 -9999.000 -9999.000 -9999.000 -9999.000 -9999.000 -9999.000 -9999.000 -9999.000
-9999.000 -9999.000 -9999.000 -9999.000 -9999.000 -9999.000 -9999.000 -9999.000 -9999.000 -9999.000 -9999.000 -9999.000 -9999.000 -9999.000 -9999.000 0.6550075E-01 0.5204820E-01 0.5124359E-01 0.5716664E-01 0.6579576E-01 0.7552242E-01 0.8572657E-01 0.9559940E-01 0.1045995 0.1129507 0.1204984 0.1277013 0.1368660 0.1555045 0.1887232 0.1887232 -9999.000 -9999.000 -9999.000 -9999.000 -9999.000 -9999.000 -9999.000 -9999.000 -9999.000 -9999.000 -9999.000 -9999.000 -9999.000 -9999.000 -9999.000 -9999.000 -9999.000 -9999.000 -9999.000 -9999.000 -9999.000 -9999.000 -9999.000 -9999.000 -9999.000 -9999.000 -9999.000 -9999.000 -9999.000
-9999.000 -9999.000 -9999.000 -9999.000 -9999.000 -9999.000 -9999.000 -9999.000 -9999.000 -9999.000 -9999.000 -9999.000 -9999.000 -9999.000 -9999.000 0.5923686E-01 0.4466045E-01 0.4409142E-01 0.5106615E-01 0.6089303E-01 0.7184779E-01 0.8333325E-01 0.9448935E-01 0.1047076 0.1142664 0.1229558 0.1312930 0.1419383 0.1636462 0.2053281 0.2053281 -9999.000 -9999.000 -9999.000 -9999.000 -9999.000 -9999.000 -9999.000 -9999.000 -9999.000 -9999.000 -9999.000 -9999.000 -9999.000 -9999.000 -9999.000 -9999.000 -9999.000 -9999.000 -9999.000 -9999.000 -9999.000 -9999.000 -9999.000 -9999.000 -9999.000 -9999.000 -9999.000 -9999.000 -9999.000
-9999.000 -9999.000 -9999.000 -9999.000 -9999.000 -9999.000 -9999.000 -9999.000 -9999.000 -9999.000 -9999.000 -9999.000 -9999.000 -9999.000 -9999.000 0.5257950E-01 0.3707080E-01 0.3702744E-01 0.4518967E-01 0.5619493E-01 0.6832269E-01 0.8104759E-01 0.9346689E-01 0.1048942 0.1156688 0.1255100 0.1350002 0.1471900 0.1722187 0.2242594 0.2242594 -9999.000 -9999.000 -9999.000 -9999.000 -9999.000 -9999.000 -9999.000 -9999.000 -9999.000 -9999.000 -9999.000 -9999.000 -9999.000 -9999.000 -9999.000 -9999.000 -9999.000 -9999.000 -9999.000 -9999.000 -9999.000 -9999.000 -9999.000 -9999.000 -9999.000 -9999.000 -9999.000 -9999.000 -9999.000
-9999.000 -9999.000 -9999.000 -9999.000 -9999.000 -9999.000 -9999.000 -9999.000 -9999.000 -9999.000 -9999.000 -9999.000 -9999.000 -9999.000 -9999.000 0.4547811E-01 0.2936723E-01 0.3039487E-01 0.3983490E-01 0.5188935E-01 0.6506149E-01 0.7894150E-01 0.9258125E-01 0.1051938 0.1171828 0.1281767 0.1388308 0.1526280 0.1812608 0.2461458 0.2461458 -9999.000 -9999.000 -9999.000 -9999.000 -9999.000 -9999.000 -9999.000 -9999.000 -9999.000 -9999.000 -9999.000 -9999.000 -9999.000 -9999.000 -9999.000 -9999.000 -9999.000 -9999.000 -9999.000 -9999.000 -9999.000 -9999.000 -9999.000 -9999.000 -9999.000 -9999.000 -9999.000 -9999.000 -9999.000
-9999.000 -9999.000 -9999.000 -9999.000 -9999.000 -9999.000 -9999.000 -9999.000 -9999.000 -9999.000 -9999.000 -9999.000 -9999.000 -9999.000 -9999.000 0.3787284E-01 0.2184657E-01 0.2498221E-01 0.3552918E-01 0.4827504E-01 0.6224190E-01 0.7712982E-01 0.9191355E-01 0.1056669 0.1188557 0.1309908 0.1428082 0.1582717 0.1908226 0.2718751 0.2718751 -9999.000 -9999.000 -9999.000 -9999.000 -9999.000 -9999.000 -9999.000 -9999.000 -9999.000 -9999.000 -9999.000 -9999.000 -9999.000 -9999.000 -9999.000 -9999.000 -9999.000 -9999.000 -9999.000 -9999.000 -9999.000 -9999.000 -9999.000 -9999.000 -9999.000 -9999.000 -9999.000 -9999.000 -9999.000
-9999.000 -9999.000 -9999.000 -9999.000 -9999.000 -9999.000 -9999.000 -9999.000 -9999.000 -9999.000 -9999.000 -9999.000 -9999.000 -9999.000 -9999.000 0.2964653E-01 0.1573429E-01 0.2265382E-01 0.3340632E-01 0.4607204E-01 0.6035949E-01 0.7597078E-01 0.9173459E-01 0.1065242 0.1208537 0.1340812 0.1470311 0.1641977 0.2009962 0.3027646 0.3027646 -9999.000 -9999.000 -9999.000 -9999.000 -9999.000 -9999.000 -9999.000 -9999.000 -9999.000 -9999.000 -9999.000 -9999.000 -9999.000 -9999.000 -9999.000 -9999.000 -9999.000 -9999.000 -9999.000 -9999.000 -9999.000 -9999.000 -9999.000 -9999.000 -9999.000 -9999.000 -9999.000 -9999.000 -9999.000
-9999.000 -9999.000 -9999.000 -9999.000 -9999.000 -9999.000 -9999.000 -9999.000 -9999.000 -9999.000 -9999.000 -9999.000 -9999.000 -9999.000 -9999.000 0.4170478E-01 0.6426836E-01 0.7469561E-01 0.7511260E-01 0.7838351E-01 0.8373841E-01 0.9204133E-01 0.1026147 0.1140277 0.1264177 0.1386674 0.1514309 0.1696129 0.2107534 0.3380736 0.3380736 -9999.000 -9999.000 -9999.000 -9999.000 -9999.000 -9999.000 -9999.000 -9999.000 -9999.000 -9999.000 -9999.000 -9999.000 -9999.000 -9999.000 -9999.000 -9999.000 -9999.000 -9999.000 -9999.000 -9999.000 -9999.000 -9999.000 -9999.000 -9999.000 -9999.000 -9999.000 -9999.000 -9999.000 -9999.000
2.661589 2.661589 2.706337 2.745461 2.750309 2.750309 2.752895 2.754117 2.754117 2.752029 2.752029 2.747764 2.745022 2.741949 2.738590 2.738590 2.813227 2.814719 2.809689 2.786748 2.745885 2.685584 2.604249 2.501484 2.380341 2.241717 2.089529 1.933282 1.798324 1.756364 1.756364 2.541177 2.701823 2.791842 2.814219 2.814219 2.843385 2.843385 2.823244 2.823244 2.779244 2.602044 2.602044 2.212230 2.212230 1.947990 1.947990 1.947990 1.937932 1.937932 1.970093 1.970093 2.015520 2.015520 2.062459 2.062459 2.104098 2.104098 2.104098 2.136695
2.681426 2.681426 2.737325 2.794433 2.810292 2.810292 2.823833 2.846831 2.846831 2.866348 2.866348 2.883516 2.891423 2.898953 2.906152 2.906152 2.959743 2.971462 2.982181 2.989431 2.992466 2.989390 2.977569 2.954307 2.917846 2.865910 2.797364 2.713277 2.620115 2.551935 2.551935 2.969861 3.115346 3.255725 3.293735 3.293735 3.336177 3.336177 3.334892 3.334892 3.313383 3.213637 3.213637 3.000214 3.000214 2.750559 2.750559 2.750559 2.738730 2.738730 2.772582 2.772582 2.821123 2.821123 2.870727 2.870727 2.915479 2.915479 2.915479 2.952667
2.683997 2.683997 2.742911 2.794797 2.810820 2.810820 2.824591 2.848105 2.848105 2.868211 2.868211 2.886065 2.894351 2.902285 2.909909 2.909909 2.957629 2.978117 2.998582 3.017207 3.033150 3.045602 3.053517 3.055668 3.051031 3.037967 3.014887 2.981155 2.939394 2.908458 2.908458 3.143408 3.282406 3.443241 3.490050 3.490050 3.536685 3.536685 3.524164 3.524164 3.495733 3.401809 3.401809 3.256579 3.256579 3.037303 3.037303 3.037303 3.010117 3.010117 3.032744 3.032744 3.073365 3.073365 3.116928 3.116928 3.157109 3.157109 3.157109 3.190926
2.687376 2.687376 2.746064 2.794718 2.810742 2.810742 2.824558 2.848119 2.848119 2.868235 2.868235 2.886099 2.894393 2.902337 2.909972 2.909972 2.954981 2.983276 3.012675 3.040337 3.064777 3.085207 3.101092 3.112018 3.117826 3.118101 3.112276 3.100104 3.083144 3.072978 3.072978 3.216816 3.339555 3.504464 3.554506 3.554506 3.594220 3.594220 3.559308 3.559308 3.521939 3.438454 3.438454 3.347878 3.347878 3.174956 3.174956 3.174956 3.134083 3.134083 3.143608 3.143608 3.176238 3.176238 3.215188 3.215188 3.252346 3.252346 3.252346 3.283857
2.690007 2.690007 2.748425 2.794659 2.810659 2.810659 2.824511 2.848118 2.848118 2.868237 2.868237 2.886096 2.894390 2.902333 2.909968 2.909968 2.955749 2.991314 3.029082 3.065120 3.097388 3.124896 3.147146 3.163912 3.175267 3.181325 3.182205 3.178258 3.170991 3.168245 3.168245 3.259597 3.361942 3.516180 3.559983 3.559983 3.571022 3.571022 3.507452 3.507452 3.469336 3.414786 3.414786 3.375395 3.375395 3.258921 3.258921 3.258921 3.211210 3.211210 3.206643 3.206643 3.228963 3.228963 3.261796 3.261796 3.295098 3.295098 3.295098 3.323725
2.691873 2.691873 2.750087 2.794619 2.810588 2.810588 2.824470 2.848117 2.848117 2.868238 2.868238 2.886094 2.894387 2.902330 2.909965 2.909965 2.960786 3.003620 3.049237 3.092937 3.132360 3.166385 3.194500 3.216514 3.232506 3.242700 3.247428 3.247274 3.243668 3.242172 3.242172 3.299074 3.378519 3.503574 3.526175 3.526175 3.484760 3.484760 3.407405 3.407405 3.383508 3.372109 3.372109 3.375945 3.375945 3.315519 3.315519 3.315519 3.270641 3.270641 3.254744 3.254744 3.265272 3.265272 3.289814 3.289814 3.317492 3.317492 3.317492 3.341900
2.692984 2.692984 2.751079 2.794598 2.810541 2.810541 2.824441 2.848116 2.848116 2.868239 2.868239 2.886092 2.894386 2.902328 2.909963 2.909963 2.970937 3.021503 3.074578 3.125180 3.170922 3.210700 3.244040 3.270788 3.291009 3.304914 3.312842 3.315358 3.313648 3.311532 3.311532 3.344422 3.399137 3.467032 3.447373 3.447373 3.348375 3.348375 3.294114 3.294114 3.295770 3.327804 3.327804 3.363654 3.363654 3.351770 3.351770 3.351770 3.318332 3.318332 3.296911 3.296911 3.296385 3.296385 3.311057 3.311057 3.331222 3.331222 3.331222 3.349834
2.693354 2.693354 2.751409 2.794590 2.810525 2.810525 2.824432 2.848116 2.848116 2.868240 2.868240 2.886093 2.894385 2.902328 2.909963 2.909963 2.987310 3.046393 3.106652 3.163384 3.214483 3.259041 3.296720 3.327452 3.351325 3.368531 3.379362 3.384274 3.384125 3.381135 3.381135 3.396158 3.422312 3.387299 3.308576 3.308576 3.189697 3.189697 3.193231 3.193231 3.220830 3.286150 3.286150 3.343942 3.343942 3.370943 3.370943 3.370943 3.354099 3.354099 3.333814 3.333814 3.325136 3.325136 3.329571 3.329571 3.340679 3.340679 3.340679 3.351944
2.692985 2.692985 2.751079 2.794597 2.810541 2.810541 2.824442 2.848116 2.848116 2.868240 2.868240 2.886093 2.894386 2.902329 2.909964 2.909964 3.011477 3.080023 3.147231 3.209265 3.264625 3.312796 3.353690 3.387394 3.414074 3.433934 3.447224 3.454284 3.455572 3.451356 3.451356 3.449550 3.434375 3.236322 3.113232 3.113232 3.046785 3.046785 3.116439 3.116439 3.161946 3.248134 3.248134 3.320407 3.320407 3.376908 3.376908 3.376908 3.377913 3.377913 3.364153 3.364153 3.351536 3.351536 3.346691 3.346691 3.347844 3.347844 3.347844 3.350437
2.691873 2.691873 2.750087 2.794620 2.810588 2.810588 2.824470 2.848116 2.848116 2.868237 2.868237 2.886094 2.894387 2.902330 2.909965 2.909965 3.045766 3.124670 3.198465 3.264806 3.323136 3.373531 3.416272 3.451680 3.480047 3.501637 3.516685 3.525419 3.527678 3.519931 3.519931 3.491554 3.399810 3.011714 2.903967 2.903967 2.942618 2.942618 3.057089 3.057089 3.112286 3.210676 3.210676 3.292896 3.292896 3.371289 3.371289 3.371289 3.388729 3.388729 3.384573 3.384573 3.371951 3.371951 3.359941 3.359941 3.351205 3.351205 3.351205 3.344391
2.690007 2.690007 2.748425 2.794659 2.810660 2.810660 2.824512 2.848119 2.848119 2.868237 2.868237 2.886096 2.894390 2.902333 2.909968 2.909968 3.093703 3.183496 3.263111 3.332385 3.392056 3.442980 3.485920 3.521494 3.550171 3.572299 3.588135 3.597755 3.599453 3.578746 3.578746 3.485830 3.256258 2.766796 2.740229 2.740229 2.870221 2.870221 3.005392 3.005392 3.065355 3.171164 3.171164 3.260509 3.260509 3.354738 3.354738 3.354738 3.385763 3.385763 3.391906 3.391906 3.382125 3.382125 3.365465 3.365465 3.347765 3.347765 3.347765 3.331528
2.687376 2.687376 2.746064 2.794718 2.810743 2.810743 2.824558 2.848119 2.848119 2.868236 2.868236 2.886098 2.894394 2.902337 2.909972 2.909972 3.160836 3.261104 3.344868 3.414960 3.473753 3.523053 3.564180 3.598084 3.625428 3.646663 3.662078 3.671325 3.667070 3.596991 3.596991 3.349461 2.962798 2.586226 2.634439 2.634439 2.806461 2.806461 2.950026 2.950026 3.012669 3.123733 3.123733 3.218464 3.218464 3.323990 3.323990 3.323990 3.365424 3.365424 3.380805 3.380805 3.375195 3.375195 3.356110 3.356110 3.331012 3.331012 3.331012 3.306174
