simulation_files/asc/Velocity__x_251.0.asc
NCOLS        79
NROWS        79
XLLCENTER         -1.500000
YLLCENTER         -4.800000
CELLSIZE           0.100
NODATA_VALUE     -9999.0
[rows 0 to 25 of 79, columns 0 to 57 of 79]
-9999.000 -9999.000 -9999.000 -9999.000 -9999.000 -9999.000 -9999.000 -9999.000 -9999.000 -9999.000 -9999.000 -9999.000 -9999.000 -9999.000 -9999.000 -0.1102032E-02 -0.3379389E-03 0.3142112E-02 0.7686441E-02 0.1212119E-01 0.1569010E-01 0.1818290E-01 0.1958701E-01 0.1999279E-01 0.1953694E-01 0.1832519E-01 0.1642756E-01 0.1376330E-01 0.9695227E-02 0.4754738E-02 0.4754738E-02 -9999.000 -9999.000 -9999.000 -9999.000 -9999.000 -9999.000 -9999.000 -9999.000 -9999.000 -9999.000 -9999.000 -9999.000 -9999.000 -9999.000 -9999.000 -9999.000 -9999.000 -9999.000 -9999.000 -9999.000 -9999.000 -9999.000 -9999.000 -9999.000 -9999.000 -9999.000 -9999.000
-9999.000 -9999.000 -9999.000 -9999.000 -9999.000 -9999.000 -9999.000 -9999.000 -9999.000 -9999.000 -9999.000 -9999.000 -9999.000 -9999.000 -9999.000 0.1457814E-03 0.2127868E-02 0.6678126E-02 0.1216100E-01 0.1744122E-01 0.2174521E-01 0.2479742E-01 0.2652171E-01 0.2695911E-01 0.2621318E-01 0.2437769E-01 0.2153075E-01 0.1763166E-01 0.1217357E-01 0.5950681E-02 0.5950681E-02 -9999.000 -9999.000 -9999.000 -9999.000 -9999.000 -9999.000 -9999.000 -9999.000 -9999.000 -9999.000 -9999.000 -9999.000 -9999.000 -9999.000 -9999.000 -9999.000 -9999.000 -9999.000 -9999.000 -9999.000 -9999.000 -9999.000 -9999.000 -9999.000 -9999.000 -9999.000 -9999.000
-9999.000 -9999.000 -9999.000 -9999.000 -9999.000 -9999.000 -9999.000 -9999.000 -9999.000 -9999.000 -9999.000 -9999.000 -9999.000 -9999.000 -9999.000 0.6256661E-03 0.3167734E-02 0.8363195E-02 0.1445350E-01 0.2026170E-01 0.2498328E-01 0.2832533E-01 0.3019885E-01 0.3063799E-01 0.2974536E-01 0.2761849E-01 0.2434579E-01 0.1989939E-01 0.1376909E-01 0.6768883E-02 0.6768883E-02 -9999.000 -9999.000 -9999.000 -9999.000 -9999.000 -9999.000 -9999.000 -9999.000 -9999.000 -9999.000 -9999.000 -9999.000 -9999.000 -9999.000 -9999.000 -9999.000 -9999.000 -9999.000 -9999.000 -9999.000 -9999.000 -9999.000 -9999.000 -9999.000 -9999.000 -9999.000 -9999.000
-9999.000 -9999.000 -9999.000 -9999.000 -9999.000 -9999.000 -9999.000 -9999.000 -9999.000 -9999.000 -9999.000 -9999.000 -9999.000 -9999.000 -9999.000 0.8774154E-03 0.3739748E-02 0.9334936E-02 0.1581804E-01 0.2197388E-01 0.2697253E-01 0.3051146E-01 0.3249627E-01 0.3296023E-01 0.3200798E-01 0.2973887E-01 0.2624651E-01 0.2150291E-01 0.1497127E-01 0.7414905E-02 0.7414905E-02 -9999.000 -9999.000 -9999.000 -9999.000 -9999.000 -9999.000 -9999.000 -9999.000 -9999.000 -9999.000 -9999.000 -9999.000 -9999.000 -9999.000 -9999.000 -9999.000 -9999.000 -9999.000 -9999.000 -9999.000 -9999.000 -9999.000 -9999.000 -9999.000 -9999.000 -9999.000 -9999.000
-9999.000 -9999.000 -9999.000 -9999.000 -9999.000 -9999.000 -9999.000 -9999.000 -9999.000 -9999.000 -9999.000 -9999.000 -9999.000 -9999.000 -9999.000 0.1050753E-02 0.4146004E-02 0.1004464E-01 0.1683212E-01 0.2325929E-01 0.2847523E-01 0.3217405E-01 0.3425818E-01 0.3476187E-01 0.3379241E-01 0.3144980E-01 0.2782949E-01 0.2289775E-01 0.1607746E-01 0.8032362E-02 0.8032362E-02 -9999.000 -9999.000 -9999.000 -9999.000 -9999.000 -9999.000 -9999.000 -9999.000 -9999.000 -9999.000 -9999.000 -9999.000 -9999.000 -9999.000 -9999.000 -9999.000 -9999.000 -9999.000 -9999.000 -9999.000 -9999.000 -9999.000 -9999.000 -9999.000 -9999.000 -9999.000 -9999.000
-9999.000 -9999.000 -9999.000 -9999.000 -9999.000 -9999.000 -9999.000 -9999.000 -9999.000 -9999.000 -9999.000 -9999.000 -9999.000 -9999.000 -9999.000 0.1208510E-02 0.4516653E-02 0.1069139E-01 0.1775534E-01 0.2442751E-01 0.2983974E-01 0.3368535E-01 0.3586651E-01 0.3642017E-01 0.3545662E-01 0.3307536E-01 0.2937190E-01 0.2430335E-01 0.1723927E-01 0.8698390E-02 0.8698390E-02 -9999.000 -9999.000 -9999.000 -9999.000 -9999.000 -9999.000 -9999.000 -9999.000 -9999.000 -9999.000 -9999.000 -9999.000 -9999.000 -9999.000 -9999.000 -9999.000 -9999.000 -9999.000 -9999.000 -9999.000 -9999.000 -9999.000 -9999.000 -9999.000 -9999.000 -9999.000 -9999.000
-9999.000 -9999.000 -9999.000 -9999.000 -9999.000 -9999.000 -9999.000 -9999.000 -9999.000 -9999.000 -9999.000 -9999.000 -9999.000 -9999.000 -9999.000 0.1379555E-02 0.4911426E-02 0.1136752E-01 0.1870841E-01 0.2562268E-01 0.3122729E-01 0.3521925E-01 0.3750157E-01 0.3811513E-01 0.3717403E-01 0.3477636E-01 0.3101666E-01 0.2583923E-01 0.1854775E-01 0.9463386E-02 0.9463386E-02 -9999.000 -9999.000 -9999.000 -9999.000 -9999.000 -9999.000 -9999.000 -9999.000 -9999.000 -9999.000 -9999.000 -9999.000 -9999.000 -9999.000 -9999.000 -9999.000 -9999.000 -9999.000 -9999.000 -9999.000 -9999.000 -9999.000 -9999.000 -9999.000 -9999.000 -9999.000 -9999.000
-9999.000 -9999.000 -9999.000 -9999.000 -9999.000 -9999.000 -9999.000 -9999.000 -9999.000 -9999.000 -9999.000 -9999.000 -9999.000 -9999.000 -9999.000 0.1579671E-02 0.5362357E-02 0.1212119E-01 0.1975382E-01 0.2691935E-01 0.3272223E-01 0.3686700E-01 0.3925877E-01 0.3994434E-01 0.3904189E-01 0.3664705E-01 0.3285368E-01 0.2758852E-01 0.2007510E-01 0.1037053E-01 0.1037053E-01 -9999.000 -9999.000 -9999.000 -9999.000 -9999.000 -9999.000 -9999.000 -9999.000 -9999.000 -9999.000 -9999.000 -9999.000 -9999.000 -9999.000 -9999.000 -9999.000 -9999.000 -9999.000 -9999.000 -9999.000 -9999.000 -9999.000 -9999.000 -9999.000 -9999.000 -9999.000 -9999.000
-9999.000 -9999.000 -9999.000 -9999.000 -9999.000 -9999.000 -9999.000 -9999.000 -9999.000 -9999.000 -9999.000 -9999.000 -9999.000 -9999.000 -9999.000 0.1819230E-02 0.5890722E-02 0.1298389E-01 0.2093224E-01 0.2836568E-01 0.3437913E-01 0.3868851E-01 0.4120269E-01 0.4197591E-01 0.4113140E-01 0.3876163E-01 0.3495862E-01 0.2962850E-01 0.2189687E-01 0.1146810E-01 0.1146810E-01 -9999.000 -9999.000 -9999.000 -9999.000 -9999.000 -9999.000 -9999.000 -9999.000 -9999.000 -9999.000 -9999.000 -9999.000 -9999.000 -9999.000 -9999.000 -9999.000 -9999.000 -9999.000 -9999.000 -9999.000 -9999.000 -9999.000 -9999.000 -9999.000 -9999.000 -9999.000 -9999.000
-9999.000 -9999.000 -9999.000 -9999.000 -9999.000 -9999.000 -9999.000 -9999.000 -9999.000 -9999.000 -9999.000 -9999.000 -9999.000 -9999.000 -9999.000 0.2106881E-02 0.6514732E-02 0.1398378E-01 0.2227967E-01 0.3000462E-01 0.3624665E-01 0.4073759E-01 0.4339221E-01 0.4427411E-01 0.4351272E-01 0.4119646E-01 0.3741544E-01 0.3205007E-01 0.2410735E-01 0.1281863E-01 0.1281863E-01 -9999.000 -9999.000 -9999.000 -9999.000 -9999.000 -9999.000 -9999.000 -9999.000 -9999.000 -9999.000 -9999.000 -9999.000 -9999.000 -9999.000 -9999.000 -9999.000 -9999.000 -9999.000 -9999.000 -9999.000 -9999.000 -9999.000 -9999.000 -9999.000 -9999.000 -9999.000 -9999.000
-9999.000 -9999.000 -9999.000 -9999.000 -9999.000 -9999.000 -9999.000 -9999.000 -9999.000 -9999.000 -9999.000 -9999.000 -9999.000 -9999.000 -9999.000 0.2453527E-02 0.7255682E-02 0.1515232E-01 0.2383750E-01 0.3188521E-01 0.3838033E-01 0.4307668E-01 0.4589642E-01 0.4691595E-01 0.4627177E-01 0.4404747E-01 0.4033131E-01 0.3497259E-01 0.2683465E-01 0.1450856E-01 0.1450856E-01 -9999.000 -9999.000 -9999.000 -9999.000 -9999.000 -9999.000 -9999.000 -9999.000 -9999.000 -9999.000 -9999.000 -9999.000 -9999.000 -9999.000 -9999.000 -9999.000 -9999.000 -9999.000 -9999.000 -9999.000 -9999.000 -9999.000 -9999.000 -9999.000 -9999.000 -9999.000 -9999.000
-9999.000 -9999.000 -9999.000 -9999.000 -9999.000 -9999.000 -9999.000 -9999.000 -9999.000 -9999.000 -9999.000 -9999.000 -9999.000 -9999.000 -9999.000 0.2871047E-02 0.8139140E-02 0.1652946E-01 0.2565763E-01 0.3407035E-01 0.4085322E-01 0.4578828E-01 0.4880860E-01 0.5000533E-01 0.4952547E-01 0.4744679E-01 0.4385656E-01 0.3856655E-01 0.3026535E-01 0.1666384E-01 0.1666384E-01 -9999.000 -9999.000 -9999.000 -9999.000 -9999.000 -9999.000 -9999.000 -9999.000 -9999.000 -9999.000 -9999.000 -9999.000 -9999.000 -9999.000 -9999.000 -9999.000 -9999.000 -9999.000 -9999.000 -9999.000 -9999.000 -9999.000 -9999.000 -9999.000 -9999.000 -9999.000 -9999.000
-9999.000 -9999.000 -9999.000 -9999.000 -9999.000 -9999.000 -9999.000 -9999.000 -9999.000 -9999.000 -9999.000 -9999.000 -9999.000 -9999.000 -9999.000 0.3396370E-02 0.9242699E-02 0.1823731E-01 0.2789337E-01 0.3671800E-01 0.4382836E-01 0.4904072E-01 0.5230199E-01 0.5372524E-01 0.5346930E-01 0.5160680E-01 0.4822553E-01 0.4309256E-01 0.3468334E-01 0.1947660E-01 0.1947660E-01 -9999.000 -9999.000 -9999.000 -9999.000 -9999.000 -9999.000 -9999.000 -9999.000 -9999.000 -9999.000 -9999.000 -9999.000 -9999.000 -9999.000 -9999.000 -9999.000 -9999.000 -9999.000 -9999.000 -9999.000 -9999.000 -9999.000 -9999.000 -9999.000 -9999.000 -9999.000 -9999.000
-9999.000 -9999.000 -9999.000 -9999.000 -9999.000 -9999.000 -9999.000 -9999.000 -9999.000 -9999.000 -9999.000 -9999.000 -9999.000 -9999.000 -9999.000 0.5111036E-02 0.1285951E-01 0.2380577E-01 0.3423012E-01 0.4305271E-01 0.5013749E-01 0.5527060E-01 0.5844412E-01 0.5981502E-01 0.5956338E-01 0.5775569E-01 0.5447913E-01 0.4943938E-01 0.4084124E-01 0.2340808E-01 0.2340808E-01 -9999.000 -9999.000 -9999.000 -9999.000 -9999.000 -9999.000 -9999.000 -9999.000 -9999.000 -9999.000 -9999.000 -9999.000 -9999.000 -9999.000 -9999.000 -9999.000 -9999.000 -9999.000 -9999.000 -9999.000 -9999.000 -9999.000 -9999.000 -9999.000 -9999.000 -9999.000 -9999.000
-9999.000 -9999.000 -9999.000 -9999.000 -9999.000 -9999.000 -9999.000 -9999.000 -9999.000 -9999.000 -9999.000 -9999.000 -9999.000 -9999.000 -9999.000 0.9061290E-01 0.1383723 0.1611133 0.1533481 0.1335034 0.1189681 0.1061348 0.9486874E-01 0.8510217E-01 0.7647306E-01 0.6859556E-01 0.6112820E-01 0.5332668E-01 0.4285896E-01 0.2087565E-01 0.2087565E-01 -9999.000 -9999.000 -9999.000 -9999.000 -9999.000 -9999.000 -9999.000 -9999.000 -9999.000 -9999.000 -9999.000 -9999.000 -9999.000 -9999.000 -9999.000 -9999.000 -9999.000 -9999.000 -9999.000 -9999.000 -9999.000 -9999.000 -9999.000 -9999.000 -9999.000 -9999.000 -9999.000
2.843365 2.843365 2.857743 2.860966 2.881109 2.881109 2.883957 2.883855 2.883855 2.880187 2.880187 2.874033 2.870265 2.866137 2.862021 2.862021 3.007108 3.011347 3.012567 3.002944 2.966864 2.908013 2.826205 2.718999 2.590808 2.442904 2.278730 2.107290 1.952946 1.884956 1.884956 2.731248 2.909937 3.014150 3.040277 3.040277 3.075712 3.075712 3.061776 3.061776 3.019524 2.842534 2.842534 2.492447 2.492447 2.133214 2.133214 2.133214 2.111885 2.111885 2.141570 2.141570 2.189163 2.189163 2.239393 2.239393 2.284630 2.284630
2.865111 2.865111 2.889325 2.914514 2.941862 2.941862 2.956710 2.979525 2.979525 2.998309 2.998309 3.014408 3.021698 3.028579 3.035404 3.035404 3.143229 3.162198 3.177856 3.189953 3.195162 3.193236 3.182137 3.158333 3.120088 3.065005 2.991555 2.900647 2.799026 2.717247 2.717247 3.172359 3.333092 3.488057 3.530264 3.530264 3.579074 3.579074 3.582664 3.582664 3.562699 3.462556 3.462556 3.263059 3.263059 2.968907 2.968907 2.968907 2.944581 2.944581 2.976394 2.976394 3.026918 3.026918 3.079670 3.079670 3.127919 3.127919
2.869352 2.869352 2.892109 2.916151 2.941394 2.941394 2.956999 2.980765 2.980765 3.000196 3.000196 3.016993 3.024673 3.031973 3.039279 3.039279 3.135571 3.167005 3.194374 3.217865 3.236085 3.249062 3.256434 3.256828 3.249300 3.232264 3.203984 3.163716 3.114321 3.074154 3.074154 3.331923 3.488949 3.670860 3.724107 3.724107 3.780141 3.780141 3.772999 3.772999 3.744689 3.644294 3.644294 3.500436 3.500436 3.261346 3.261346 3.261346 3.221712 3.221712 3.240856 3.240856 3.282682 3.282682 3.329286 3.329286 3.372990 3.372990
2.871689 2.871689 2.891646 2.916575 2.940435 2.940435 2.956580 2.980915 2.980915 3.000400 3.000400 3.017156 3.024815 3.032098 3.039460 3.039460 3.128477 3.170248 3.208444 3.241994 3.269653 3.291140 3.306437 3.315197 3.317353 3.312587 3.300347 3.280410 3.254610 3.234752 3.234752 3.391361 3.530300 3.720556 3.779969 3.779969 3.834387 3.834387 3.805529 3.805529 3.765779 3.670227 3.670227 3.576065 3.576065 3.400253 3.400253 3.400253 3.349697 3.349697 3.354382 3.354382 3.386940 3.386940 3.428263 3.428263 3.468652 3.468652
2.870829 2.870829 2.897209 2.917107 2.940036 2.940036 2.956546 2.981282 2.981282 3.000721 3.000721 3.017372 3.024989 3.032237 3.039679 3.039679 3.126010 3.176533 3.224407 3.267235 3.303560 3.332790 3.354797 3.369479 3.376982 3.377497 3.371188 3.358464 3.341088 3.327361 3.327361 3.422935 3.537107 3.717900 3.774322 3.774322 3.806625 3.806625 3.747639 3.747639 3.704018 3.635394 3.635394 3.592293 3.592293 3.483062 3.483062 3.483062 3.430409 3.430409 3.420702 3.420702 3.441438 3.441438 3.475531 3.475531 3.511438 3.511438
2.871427 2.871427 2.899781 2.916983 2.939389 2.939389 2.956239 2.981472 2.981472 3.001060 3.001060 3.017791 3.025440 3.032716 3.040338 3.040338 3.129576 3.187969 3.244384 3.295440 3.339462 3.375683 3.403855 3.423908 3.435987 3.440373 3.437444 3.427833 3.413169 3.399494 3.399494 3.454034 3.540139 3.691783 3.731103 3.731103 3.715766 3.715766 3.636965 3.636965 3.606205 3.583744 3.583744 3.586124 3.586124 3.537218 3.537218 3.537218 3.492305 3.492305 3.472343 3.472343 3.480131 3.480131 3.504606 3.504606 3.533976 3.533976
2.871793 2.871793 2.901222 2.916853 2.938936 2.938936 2.955967 2.981465 2.981465 3.001089 3.001089 3.017805 3.025448 3.032715 3.040558 3.040558 3.139080 3.205104 3.269113 3.327269 3.377842 3.420052 3.453621 3.478492 3.494780 3.502734 3.502720 3.495342 3.481929 3.466733 3.466733 3.492628 3.549516 3.646672 3.648709 3.648709 3.572939 3.572939 3.511410 3.511410 3.507848 3.534387 3.534387 3.571155 3.571155 3.571340 3.571340 3.571340 3.541502 3.541502 3.518055 3.518055 3.514399 3.514399 3.527745 3.527745 3.548488 3.548488
2.871913 2.871913 2.901687 2.916806 2.938783 2.938783 2.955876 2.981465 2.981465 3.001101 3.001101 3.017813 3.025453 3.032718 3.040880 3.040880 3.156110 3.229980 3.300755 3.364756 3.420475 3.467303 3.505066 3.533781 3.553569 3.564638 3.567287 3.561984 3.549683 3.533014 3.533014 3.538248 3.564383 3.568177 3.512560 3.512560 3.403540 3.403540 3.399850 3.399850 3.425572 3.490482 3.490482 3.550918 3.550918 3.589104 3.589104 3.589104 3.577855 3.577855 3.557818 3.557818 3.546507 3.546507 3.548731 3.548731 3.559262 3.559262
2.871788 2.871788 2.901232 2.916855 2.938937 2.938937 2.955968 2.981465 2.981465 3.001087 3.001087 3.017806 3.025448 3.032715 3.041321 3.041321 3.182119 3.264282 3.341032 3.409494 3.468727 3.518513 3.558936 3.590164 3.612390 3.625816 3.630666 3.627256 3.616108 3.598023 3.598023 3.585971 3.573958 3.428687 3.318492 3.318492 3.247583 3.247583 3.315757 3.315757 3.362308 3.451489 3.451489 3.527633 3.527633 3.594363 3.594363 3.594363 3.601700 3.601700 3.590094 3.590094 3.575970 3.575970 3.568570 3.568570 3.568124 3.568124
2.871410 2.871410 2.899799 2.916969 2.939371 2.939371 2.956219 2.981455 2.981455 3.001047 3.001047 3.017787 3.025440 3.032717 3.041945 3.041945 3.219355 3.310212 3.391938 3.463186 3.523981 3.574742 3.615949 3.648019 3.671278 3.685960 3.692246 3.690295 3.680037 3.659115 3.659115 3.624825 3.550319 3.213896 3.100839 3.100839 3.133229 3.133229 3.252500 3.252500 3.310382 3.413711 3.413711 3.500716 3.500716 3.588730 3.588730 3.588730 3.612528 3.612528 3.611794 3.611794 3.598888 3.598888 3.584538 3.584538 3.573463 3.573463
2.870808 2.870808 2.897267 2.917109 2.940036 2.940036 2.956542 2.981274 2.981274 3.000708 3.000708 3.017357 3.024974 3.032223 3.042274 3.042274 3.270630 3.370067 3.455186 3.527005 3.586960 3.636339 3.676152 3.707134 3.729777 3.744377 3.751091 3.749894 3.739449 3.709102 3.709102 3.626759 3.438092 2.962915 2.923134 2.923134 3.055538 3.055538 3.198545 3.198545 3.261917 3.373820 3.373820 3.468692 3.468692 3.572313 3.572313 3.572313 3.609467 3.609467 3.619710 3.619710 3.610801 3.610801 3.592397 3.592397 3.571956 3.571956
