simulation_files/asc/Velocity____219.0.asc
NCOLS        79
NROWS        79
XLLCENTER         -1.500000
YLLCENTER         -4.800000
CELLSIZE           0.100
NODATA_VALUE     -9999.0
[rows 0 to 26 of 79, columns 0 to 59 of 79]
-9999.000 -9999.000 -9999.000 -9999.000 -9999.000 -9999.000 -9999.000 -9999.000 -9999.000 -9999.000 -9999.000 -9999.000 -9999.000 -9999.000 -9999.000 0.8895650E-01 0.8560492E-01 0.8414990E-01 0.8374512E-01 0.8474397E-01 0.8623352E-01 0.8767828E-01 0.8889134E-01 0.8976785E-01 0.9029179E-01 0.9055857E-01 0.9065408E-01 0.9078034E-01 0.9152862E-01 0.9250985E-01 0.9250985E-01 -9999.000 -9999.000 -9999.000 -9999.000 -9999.000 -9999.000 -9999.000 -9999.000 -9999.000 -9999.000 -9999.000 -9999.000 -9999.000 -9999.000 -9999.000 -9999.000 -9999.000 -9999.000 -9999.000 -9999.000 -9999.000 -9999.000 -9999.000 -9999.000 -9999.000 -9999.000 -9999.000 -9999.000 -9999.000
-9999.000 -9999.000 -9999.000 -9999.000 -9999.000 -9999.000 -9999.000 -9999.000 -9999.000 -9999.000 -9999.000 -9999.000 -9999.000 -9999.000 -9999.000 0.9003289E-01 0.8299517E-01 0.8004121E-01 0.7926404E-01 0.8127261E-01 0.8422109E-01 0.8710677E-01 0.8960773E-01 0.9152292E-01 0.9279697E-01 0.9359657E-01 0.9407999E-01 0.9467495E-01 0.9667560E-01 0.9942346E-01 0.9942346E-01 -9999.000 -9999.000 -9999.000 -9999.000 -9999.000 -9999.000 -9999.000 -9999.000 -9999.000 -9999.000 -9999.000 -9999.000 -9999.000 -9999.000 -9999.000 -9999.000 -9999.000 -9999.000 -9999.000 -9999.000 -9999.000 -9999.000 -9999.000 -9999.000 -9999.000 -9999.000 -9999.000 -9999.000 -9999.000
-9999.000 -9999.000 -9999.000 -9999.000 -9999.000 -9999.000 -9999.000 -9999.000 -9999.000 -9999.000 -9999.000 -9999.000 -9999.000 -9999.000 -9999.000 0.9025011E-01 0.7917527E-01 0.7443646E-01 0.7315657E-01 0.7625164E-01 0.8081668E-01 0.8534487E-01 0.8939507E-01 0.9267931E-01 0.9510045E-01 0.9689116E-01 0.9825802E-01 0.9983782E-01 0.1036629 0.1090085 0.1090085 -9999.000 -9999.000 -9999.000 -9999.000 -9999.000 -9999.000 -9999.000 -9999.000 -9999.000 -9999.000 -9999.000 -9999.000 -9999.000 -9999.000 -9999.000 -9999.000 -9999.000 -9999.000 -9999.000 -9999.000 -9999.000 -9999.000 -9999.000 -9999.000 -9999.000 -9999.000 -9999.000 -9999.000 -9999.000
-9999.000 -9999.000 -9999.000 -9999.000 -9999.000 -9999.000 -9999.000 -9999.000 -9999.000 -9999.000 -9999.000 -9999.000 -9999.000 -9999.000 -9999.000 0.8999447E-01 0.7487415E-01 0.6832878E-01 0.6655701E-01 0.7076242E-01 0.7694844E-01 0.8312839E-01 0.8876930E-01 0.9350628E-01 0.9719848E-01 0.1001367 0.1025594 0.1053007 0.1111493 0.1196078 0.1196078 -9999.000 -9999.000 -9999.000 -9999.000 -9999.000 -9999.000 -9999.000 -9999.000 -9999.000 -9999.000 -9999.000 -9999.000 -9999.000 -9999.000 -9999.000 -9999.000 -9999.000 -9999.000 -9999.000 -9999.000 -9999.000 -9999.000 -9999.000 -9999.000 -9999.000 -9999.000 -9999.000 -9999.000 -9999.000
-9999.000 -9999.000 -9999.000 -9999.000 -9999.000 -9999.000 -9999.000 -9999.000 -9999.000 -9999.000 -9999.000 -9999.000 -9999.000 -9999.000 -9999.000 0.8948629E-01 0.7026790E-01 0.6190212E-01 0.5968308E-01 0.6505123E-01 0.7287047E-01 0.8070467E-01 0.8795728E-01 0.9419215E-01 0.9922179E-01 0.1033920 0.1069629 0.1109680 0.1189889 0.1310828 0.1310828 -9999.000 -9999.000 -9999.000 -9999.000 -9999.000 -9999.000 -9999.000 -9999.000 -9999.000 -9999.000 -9999.000 -9999.000 -9999.000 -9999.000 -9999.000 -9999.000 -9999.000 -9999.000 -9999.000 -9999.000 -9999.000 -9999.000 -9999.000 -9999.000 -9999.000 -9999.000 -9999.000 -9999.000 -9999.000
-9999.000 -9999.000 -9999.000 -9999.000 -9999.000 -9999.000 -9999.000 -9999.000 -9999.000 -9999.000 -9999.000 -9999.000 -9999.000 -9999.000 -9999.000 0.8878997E-01 0.6541663E-01 0.5523899E-01 0.5266764E-01 0.5927518E-01 0.6873403E-01 0.7821190E-01 0.8708099E-01 0.9483709E-01 0.1012410 0.1066932 0.1114676 0.1168054 0.1271326 0.1434544 0.1434544 -9999.000 -9999.000 -9999.000 -9999.000 -9999.000 -9999.000 -9999.000 -9999.000 -9999.000 -9999.000 -9999.000 -9999.000 -9999.000 -9999.000 -9999.000 -9999.000 -9999.000 -9999.000 -9999.000 -9999.000 -9999.000 -9999.000 -9999.000 -9999.000 -9999.000 -9999.000 -9999.000 -9999.000 -9999.000
-9999.000 -9999.000 -9999.000 -9999.000 -9999.000 -9999.000 -9999.000 -9999.000 -9999.000 -9999.000 -9999.000 -9999.000 -9999.000 -9999.000 -9999.000 0.8790354E-01 0.6032923E-01 0.4838021E-01 0.4562630E-01 0.5356326E-01 0.6464238E-01 0.7573152E-01 0.8620684E-01 0.9549281E-01 0.1032917 0.1100590 0.1160747 0.1228002 0.1355727 0.1568329 0.1568329 -9999.000 -9999.000 -9999.000 -9999.000 -9999.000 -9999.000 -9999.000 -9999.000 -9999.000 -9999.000 -9999.000 -9999.000 -9999.000 -9999.000 -9999.000 -9999.000 -9999.000 -9999.000 -9999.000 -9999.000 -9999.000 -9999.000 -9999.000 -9999.000 -9999.000 -9999.000 -9999.000 -9999.000 -9999.000
-9999.000 -9999.000 -9999.000 -9999.000 -9999.000 -9999.000 -9999.000 -9999.000 -9999.000 -9999.000 -9999.000 -9999.000 -9999.000 -9999.000 -9999.000 0.8679324E-01 0.5499149E-01 0.4136352E-01 0.3872192E-01 0.4806481E-01 0.6068897E-01 0.7332357E-01 0.8537655E-01 0.9618952E-01 0.1053933 0.1134996 0.1207852 0.1289488 0.1443197 0.1713936 0.1713936 -9999.000 -9999.000 -9999.000 -9999.000 -9999.000 -9999.000 -9999.000 -9999.000 -9999.000 -9999.000 -9999.000 -9999.000 -9999.000 -9999.000 -9999.000 -9999.000 -9999.000 -9999.000 -9999.000 -9999.000 -9999.000 -9999.000 -9999.000 -9999.000 -9999.000 -9999.000 -9999.000 -9999.000 -9999.000
-9999.000 -9999.000 -9999.000 -9999.000 -9999.000 -9999.000 -9999.000 -9999.000 -9999.000 -9999.000 -9999.000 -9999.000 -9999.000 -9999.000 -9999.000 0.8540701E-01 0.4937863E-01 0.3425969E-01 0.3225692E-01 0.4299475E-01 0.5698087E-01 0.7104490E-01 0.8462480E-01 0.9694998E-01 0.1075596 0.1170217 0.1255996 0.1352509 0.1533938 0.1873760 0.1873760 -9999.000 -9999.000 -9999.000 -9999.000 -9999.000 -9999.000 -9999.000 -9999.000 -9999.000 -9999.000 -9999.000 -9999.000 -9999.000 -9999.000 -9999.000 -9999.000 -9999.000 -9999.000 -9999.000 -9999.000 -9999.000 -9999.000 -9999.000 -9999.000 -9999.000 -9999.000 -9999.000 -9999.000 -9999.000
-9999.000 -9999.000 -9999.000 -9999.000 -9999.000 -9999.000 -9999.000 -9999.000 -9999.000 -9999.000 -9999.000 -9999.000 -9999.000 -9999.000 -9999.000 0.8367758E-01 0.4346161E-01 0.2724427E-01 0.2684175E-01 0.3868119E-01 0.5365741E-01 0.6896310E-01 0.8398997E-01 0.9779742E-01 0.1098037 0.1206320 0.1305190 0.1417073 0.1628202 0.2050991 0.2050991 -9999.000 -9999.000 -9999.000 -9999.000 -9999.000 -9999.000 -9999.000 -9999.000 -9999.000 -9999.000 -9999.000 -9999.000 -9999.000 -9999.000 -9999.000 -9999.000 -9999.000 -9999.000 -9999.000 -9999.000 -9999.000 -9999.000 -9999.000 -9999.000 -9999.000 -9999.000 -9999.000 -9999.000 -9999.000
-9999.000 -9999.000 -9999.000 -9999.000 -9999.000 -9999.000 -9999.000 -9999.000 -9999.000 -9999.000 -9999.000 -9999.000 -9999.000 -9999.000 -9999.000 0.8152378E-01 0.3721383E-01 0.2079806E-01 0.2361073E-01 0.3560292E-01 0.5090432E-01 0.6716479E-01 0.8352094E-01 0.9876263E-01 0.1121440 0.1243407 0.1355465 0.1483203 0.1726292 0.2249880 0.2249880 -9999.000 -9999.000 -9999.000 -9999.000 -9999.000 -9999.000 -9999.000 -9999.000 -9999.000 -9999.000 -9999.000 -9999.000 -9999.000 -9999.000 -9999.000 -9999.000 -9999.000 -9999.000 -9999.000 -9999.000 -9999.000 -9999.000 -9999.000 -9999.000 -9999.000 -9999.000 -9999.000 -9999.000 -9999.000
-9999.000 -9999.000 -9999.000 -9999.000 -9999.000 -9999.000 -9999.000 -9999.000 -9999.000 -9999.000 -9999.000 -9999.000 -9999.000 -9999.000 -9999.000 0.7884473E-01 0.3062604E-01 0.1628229E-01 0.2397109E-01 0.3436711E-01 0.4897461E-01 0.6577475E-01 0.8329081E-01 0.9989305E-01 0.1146111 0.1281669 0.1406907 0.1550963 0.1828560 0.2476194 0.2476194 -9999.000 -9999.000 -9999.000 -9999.000 -9999.000 -9999.000 -9999.000 -9999.000 -9999.000 -9999.000 -9999.000 -9999.000 -9999.000 -9999.000 -9999.000 -9999.000 -9999.000 -9999.000 -9999.000 -9999.000 -9999.000 -9999.000 -9999.000 -9999.000 -9999.000 -9999.000 -9999.000 -9999.000 -9999.000
-9999.000 -9999.000 -9999.000 -9999.000 -9999.000 -9999.000 -9999.000 -9999.000 -9999.000 -9999.000 -9999.000 -9999.000 -9999.000 -9999.000 -9999.000 0.7548267E-01 0.2376196E-01 0.1648095E-01 0.2848620E-01 0.3568102E-01 0.4832149E-01 0.6506818E-01 0.8348064E-01 0.1013147 0.1172930 0.1321722 0.1459901 0.1620607 0.1935518 0.2738011 0.2738011 -9999.000 -9999.000 -9999.000 -9999.000 -9999.000 -9999.000 -9999.000 -9999.000 -9999.000 -9999.000 -9999.000 -9999.000 -9999.000 -9999.000 -9999.000 -9999.000 -9999.000 -9999.000 -9999.000 -9999.000 -9999.000 -9999.000 -9999.000 -9999.000 -9999.000 -9999.000 -9999.000 -9999.000 -9999.000
-9999.000 -9999.000 -9999.000 -9999.000 -9999.000 -9999.000 -9999.000 -9999.000 -9999.000 -9999.000 -9999.000 -9999.000 -9999.000 -9999.000 -9999.000 0.7005621E-01 0.1851408E-01 0.2759264E-01 0.4160644E-01 0.4527168E-01 0.5410037E-01 0.6889147E-01 0.8683977E-01 0.1049914 0.1215972 0.1373545 0.1521379 0.1696800 0.2050448 0.3048860 0.3048860 -9999.000 -9999.000 -9999.000 -9999.000 -9999.000 -9999.000 -9999.000 -9999.000 -9999.000 -9999.000 -9999.000 -9999.000 -9999.000 -9999.000 -9999.000 -9999.000 -9999.000 -9999.000 -9999.000 -9999.000 -9999.000 -9999.000 -9999.000 -9999.000 -9999.000 -9999.000 -9999.000 -9999.000 -9999.000
-9999.000 -9999.000 -9999.000 -9999.000 -9999.000 -9999.000 -9999.000 -9999.000 -9999.000 -9999.000 -9999.000 -9999.000 -9999.000 -9999.000 -9999.000 0.1101022 0.1696454 0.1999857 0.1916130 0.1610520 0.1417812 0.1298307 0.1264852 0.1301714 0.1379157 0.1487052 0.1609973 0.1781336 0.2167968 0.3401906 0.3401906 -9999.000 -9999.000 -9999.000 -9999.000 -9999.000 -9999.000 -9999.000 -9999.000 -9999.000 -9999.000 -9999.000 -9999.000 -9999.000 -9999.000 -9999.000 -9999.000 -9999.000 -9999.000 -9999.000 -9999.000 -9999.000 -9999.000 -9999.000 -9999.000 -9999.000 -9999.000 -9999.000 -9999.000 -9999.000
2.896740 2.896740 2.909157 2.912948 2.932565 2.932565 2.935188 2.934594 2.934594 2.930337 2.930337 2.923631 2.919616 2.915260 2.911028 2.911028 3.077627 3.082514 3.083744 3.081843 3.049974 2.994652 2.916034 2.812886 2.686270 2.540525 2.377846 2.206852 2.052000 1.988439 1.988439 2.808578 2.985153 3.092849 3.120819 3.120819 3.160540 3.160540 3.154122 3.154122 3.116319 2.950915 2.950915 2.646348 2.646348 2.219268 2.219268 2.219268 2.185105 2.185105 2.209311 2.209311 2.255616 2.255616 2.306084 2.306084 2.352447 2.352447 2.352447 2.390215
2.920159 2.920159 2.940740 2.968139 2.995169 2.995169 3.009893 3.032467 3.032467 3.050955 3.050955 3.066801 3.073995 3.080796 3.087641 3.087641 3.210889 3.231566 3.247841 3.261868 3.268549 3.268658 3.260639 3.241474 3.208337 3.159540 3.093006 3.009023 2.913442 2.831056 2.831056 3.261891 3.415704 3.569170 3.612231 3.612231 3.663719 3.663719 3.671420 3.671420 3.654482 3.562424 3.562424 3.382092 3.382092 3.062137 3.062137 3.062137 3.023389 3.023389 3.049612 3.049612 3.098584 3.098584 3.151590 3.151590 3.200869 3.200869 3.200869 3.242918
2.925846 2.925846 2.942249 2.970180 2.994978 2.994978 3.010345 3.033746 3.033746 3.052858 3.052858 3.069413 3.077006 3.084235 3.091577 3.091577 3.200934 3.234954 3.263676 3.288790 3.308477 3.323236 3.333189 3.337529 3.334999 3.324420 3.303950 3.272432 3.231881 3.196865 3.196865 3.433567 3.580614 3.755167 3.807705 3.807705 3.864644 3.864644 3.859934 3.859934 3.834020 3.739849 3.739849 3.605598 3.605598 3.352913 3.352913 3.352913 3.299480 3.299480 3.312031 3.312031 3.351900 3.351900 3.398696 3.398696 3.443496 3.443496 3.443496 3.482269
2.930121 2.930121 2.943189 2.971108 2.994255 2.994255 3.009963 3.033719 3.033719 3.052826 3.052826 3.069343 3.076925 3.084150 3.091579 3.091579 3.191805 3.236667 3.276843 3.312336 3.341941 3.365670 3.383873 3.396660 3.403950 3.405694 3.401428 3.390765 3.374947 3.362998 3.362998 3.506782 3.635482 3.813934 3.870442 3.870442 3.921815 3.921815 3.892044 3.892044 3.853664 3.762846 3.762846 3.674641 3.674641 3.491269 3.491269 3.491269 3.428535 3.428535 3.425711 3.425711 3.455400 3.455400 3.496468 3.496468 3.537793 3.537793 3.537793 3.574063
2.930694 2.930694 2.945368 2.971539 2.993571 2.993571 3.009507 3.033559 3.033559 3.052694 3.052694 3.069251 3.076865 3.084124 3.091721 3.091721 3.187873 3.241751 3.292110 3.337282 3.376058 3.408107 3.433584 3.452748 3.465853 3.473278 3.475312 3.472317 3.465661 3.461638 3.461638 3.551698 3.657705 3.824671 3.875712 3.875712 3.898244 3.898244 3.833798 3.833798 3.789993 3.724491 3.724491 3.685918 3.685918 3.573438 3.573438 3.573438 3.511050 3.511050 3.493680 3.493680 3.510627 3.510627 3.543813 3.543813 3.580318 3.580318 3.580318 3.613171
2.932896 2.932896 2.942127 2.971590 2.993008 2.993008 3.009200 3.033619 3.033619 3.052815 3.052815 3.069349 3.076944 3.084183 3.091962 3.091962 3.189945 3.251821 3.311114 3.364979 3.412036 3.451751 3.484113 3.509325 3.527690 3.539644 3.545682 3.546448 3.543305 3.540844 3.540844 3.595778 3.676893 3.814061 3.844588 3.844588 3.809465 3.809465 3.719357 3.719357 3.687377 3.667476 3.667476 3.674269 3.674269 3.625695 3.625695 3.625695 3.573966 3.573966 3.547110 3.547110 3.550622 3.550622 3.573555 3.573555 3.603089 3.603089 3.603089 3.630850
2.935420 2.935420 2.939928 2.971163 2.992458 2.992458 3.008975 3.033710 3.033710 3.052877 3.052877 3.069360 3.076943 3.084179 3.092247 3.092247 3.198905 3.268525 3.335792 3.397282 3.451531 3.497966 3.536500 3.567286 3.590601 3.606839 3.616486 3.620192 3.619115 3.616462 3.616462 3.647389 3.702688 3.783616 3.770950 3.770950 3.663846 3.663846 3.588155 3.588155 3.583380 3.612911 3.612911 3.654277 3.654277 3.657324 3.657324 3.657324 3.623533 3.623533 3.594678 3.594678 3.586891 3.586891 3.598263 3.598263 3.618702 3.618702 3.618702 3.639458
2.936851 2.936851 2.938051 2.971124 2.992368 2.992368 3.008938 3.033721 3.033721 3.052898 3.052898 3.069391 3.076984 3.084229 3.092702 3.092702 3.215837 3.293472 3.367979 3.435984 3.496185 3.548132 3.591788 3.627320 3.654995 3.675157 3.688225 3.694747 3.695581 3.692584 3.692584 3.706273 3.733492 3.713999 3.634914 3.634914 3.486652 3.486652 3.470419 3.470419 3.495894 3.564487 3.564487 3.629485 3.629485 3.671963 3.671963 3.671963 3.659213 3.659213 3.635634 3.635634 3.621140 3.621140 3.621320 3.621320 3.631189 3.631189 3.631189 3.643152
2.935420 2.935420 2.939928 2.971162 2.992458 2.992458 3.008975 3.033710 3.033710 3.052876 3.052876 3.069359 3.076942 3.084179 3.093189 3.093189 3.242085 3.328377 3.409566 3.482980 3.547781 3.603833 3.651287 3.690415 3.721520 3.744931 3.760999 3.770148 3.772857 3.769218 3.769218 3.767432 3.756528 3.571773 3.430602 3.430602 3.320373 3.320373 3.380702 3.380702 3.428174 3.521425 3.521425 3.601893 3.601893 3.673598 3.673598 3.673598 3.681325 3.681325 3.668089 3.668089 3.651801 3.651801 3.642782 3.642782 3.641535 3.641535 3.641535 3.643305
2.932896 2.932896 2.942127 2.971590 2.993008 2.993008 3.009200 3.033618 3.033618 3.052815 3.052815 3.069349 3.076943 3.084183 3.093932 3.093932 3.280156 3.375842 3.463112 3.540671 3.608506 3.667008 3.716649 3.757894 3.791150 3.816771 3.835078 3.846364 3.850497 3.843944 3.843944 3.818394 3.738327 3.342302 3.195766 3.195766 3.197417 3.197417 3.314607 3.314607 3.373899 3.481008 3.481008 3.571800 3.571800 3.664804 3.664804 3.664804 3.690239 3.690239 3.689556 3.689556 3.675839 3.675839 3.660584 3.660584 3.648750 3.648750 3.648750 3.639579
2.930694 2.930694 2.945369 2.971539 2.993571 2.993571 3.009507 3.033558 3.033558 3.052694 3.052694 3.069251 3.076864 3.084124 3.094918 3.094918 3.333650 3.439250 3.531685 3.611790 3.680776 3.739765 3.789688 3.831279 3.865100 3.891574 3.911021 3.923568 3.927534 3.908650 3.908650 3.824817 3.614877 3.070747 2.999312 2.999312 3.115678 3.115678 3.259516 3.259516 3.324225 3.439292 3.439292 3.537362 3.537362 3.645680 3.645680 3.645680 3.685207 3.685207 3.696823 3.696823 3.688437 3.688437 3.670049 3.670049 3.649103 3.649103 3.649103 3.629164
2.930121 2.930121 2.943190 2.971107 2.994255 2.994255 3.009964 3.033719 3.033719 3.052825 3.052825 3.069344 3.076925 3.084150 3.096309 3.096309 3.408357 3.523460 3.619238 3.699535 3.767183 3.824237 3.872167 3.912027 3.944554 3.970259 3.989481 4.001904 4.000140 3.932191 3.932191 3.704164 3.332432 2.849657 2.874666 2.874666 3.049313 3.049313 3.202587 3.202587 3.269885 3.390249 3.390249 3.493635 3.493635 3.612706 3.612706 3.612706 3.662683 3.662683 3.684706 3.684706 3.682500 3.682500 3.663363 3.663363 3.635304 3.635304 3.635304 3.605673
