simulation_files/asc/Velocity__x_92.0.asc
NCOLS        79
NROWS        79
XLLCENTER         -1.500000
YLLCENTER         -4.800000
CELLSIZE           0.100
NODATA_VALUE     -9999.0
[rows 0 to 25 of 79, columns 0 to 57 of 79]
-9999.000 -9999.000 -9999.000 -9999.000 -9999.000 -9999.000 -9999.000 -9999.000 -9999.000 -9999.000 -9999.000 -9999.000 -9999.000 -9999.000 -9999.000 0.2561581E-03 0.1369061E-02 0.3264407E-02 0.4991168E-02 0.6512700E-02 0.7850833E-02 0.9028575E-02 0.1005071E-01 0.1088694E-01 0.1144994E-01 0.1156582E-01 0.1093089E-01 0.9046271E-02 0.5201631E-02 0.1758170E-02 0.1758170E-02 -9999.000 -9999.000 -9999.000 -9999.000 -9999.000 -9999.000 -9999.000 -9999.000 -9999.000 -9999.000 -9999.000 -9999.000 -9999.000 -9999.000 -9999.000 -9999.000 -9999.000 -9999.000 -9999.000 -9999.000 -9999.000 -9999.000 -9999.000 -9999.000 -9999.000 -9999.000 -9999.000
-9999.000 -9999.000 -9999.000 -9999.000 -9999.000 -9999.000 -9999.000 -9999.000 -9999.000 -9999.000 -9999.000 -9999.000 -9999.000 -9999.000 -9999.000 0.1085706E-02 0.3208936E-02 0.6273456E-02 0.9153526E-02 0.1175282E-01 0.1404260E-01 0.1600036E-01 0.1758450E-01 0.1871224E-01 0.1923691E-01 0.1892319E-01 0.1742010E-01 0.1422843E-01 0.8741408E-02 0.3525439E-02 0.3525439E-02 -9999.000 -9999.000 -9999.000 -9999.000 -9999.000 -9999.000 -9999.000 -9999.000 -9999.000 -9999.000 -9999.000 -9999.000 -9999.000 -9999.000 -9999.000 -9999.000 -9999.000 -9999.000 -9999.000 -9999.000 -9999.000 -9999.000 -9999.000 -9999.000 -9999.000 -9999.000 -9999.000
-9999.000 -9999.000 -9999.000 -9999.000 -9999.000 -9999.000 -9999.000 -9999.000 -9999.000 -9999.000 -9999.000 -9999.000 -9999.000 -9999.000 -9999.000 0.1790359E-02 0.4779798E-02 0.8855490E-02 0.1268426E-01 0.1613868E-01 0.1916212E-01 0.2170371E-01 0.2369314E-01 0.2501689E-01 0.2549585E-01 0.2486136E-01 0.2272794E-01 0.1855984E-01 0.1170851E-01 0.4981739E-02 0.4981739E-02 -9999.000 -9999.000 -9999.000 -9999.000 -9999.000 -9999.000 -9999.000 -9999.000 -9999.000 -9999.000 -9999.000 -9999.000 -9999.000 -9999.000 -9999.000 -9999.000 -9999.000 -9999.000 -9999.000 -9999.000 -9999.000 -9999.000 -9999.000 -9999.000 -9999.000 -9999.000 -9999.000
-9999.000 -9999.000 -9999.000 -9999.000 -9999.000 -9999.000 -9999.000 -9999.000 -9999.000 -9999.000 -9999.000 -9999.000 -9999.000 -9999.000 -9999.000 0.2416210E-02 0.6164211E-02 0.1111362E-01 0.1575528E-01 0.1993794E-01 0.2358521E-01 0.2662742E-01 0.2897466E-01 0.3049202E-01 0.3097483E-01 0.3012270E-01 0.2750855E-01 0.2253943E-01 0.1448814E-01 0.6357559E-02 0.6357559E-02 -9999.000 -9999.000 -9999.000 -9999.000 -9999.000 -9999.000 -9999.000 -9999.000 -9999.000 -9999.000 -9999.000 -9999.000 -9999.000 -9999.000 -9999.000 -9999.000 -9999.000 -9999.000 -9999.000 -9999.000 -9999.000 -9999.000 -9999.000 -9999.000 -9999.000 -9999.000 -9999.000
-9999.000 -9999.000 -9999.000 -9999.000 -9999.000 -9999.000 -9999.000 -9999.000 -9999.000 -9999.000 -9999.000 -9999.000 -9999.000 -9999.000 -9999.000 0.3002701E-02 0.7445659E-02 0.1318101E-01 0.1855454E-01 0.2339804E-01 0.2762057E-01 0.3113881E-01 0.3384763E-01 0.3559316E-01 0.3614490E-01 0.3516593E-01 0.3217680E-01 0.2650782E-01 0.1731919E-01 0.7775328E-02 0.7775328E-02 -9999.000 -9999.000 -9999.000 -9999.000 -9999.000 -9999.000 -9999.000 -9999.000 -9999.000 -9999.000 -9999.000 -9999.000 -9999.000 -9999.000 -9999.000 -9999.000 -9999.000 -9999.000 -9999.000 -9999.000 -9999.000 -9999.000 -9999.000 -9999.000 -9999.000 -9999.000 -9999.000
-9999.000 -9999.000 -9999.000 -9999.000 -9999.000 -9999.000 -9999.000 -9999.000 -9999.000 -9999.000 -9999.000 -9999.000 -9999.000 -9999.000 -9999.000 0.3585323E-02 0.8699246E-02 0.1517570E-01 0.2124257E-01 0.2672100E-01 0.3150956E-01 0.3551423E-01 0.3861662E-01 0.4064415E-01 0.4133723E-01 0.4031511E-01 0.3703255E-01 0.3072038E-01 0.2038718E-01 0.9330508E-02 0.9330508E-02 -9999.000 -9999.000 -9999.000 -9999.000 -9999.000 -9999.000 -9999.000 -9999.000 -9999.000 -9999.000 -9999.000 -9999.000 -9999.000 -9999.000 -9999.000 -9999.000 -9999.000 -9999.000 -9999.000 -9999.000 -9999.000 -9999.000 -9999.000 -9999.000 -9999.000 -9999.000 -9999.000
-9999.000 -9999.000 -9999.000 -9999.000 -9999.000 -9999.000 -9999.000 -9999.000 -9999.000 -9999.000 -9999.000 -9999.000 -9999.000 -9999.000 -9999.000 0.4195321E-02 0.9989825E-02 0.1719829E-01 0.2395372E-01 0.3007302E-01 0.3544753E-01 0.3997501E-01 0.4352479E-01 0.4590396E-01 0.4682017E-01 0.4583967E-01 0.4233504E-01 0.3541042E-01 0.2387319E-01 0.1112001E-01 0.1112001E-01 -9999.000 -9999.000 -9999.000 -9999.000 -9999.000 -9999.000 -9999.000 -9999.000 -9999.000 -9999.000 -9999.000 -9999.000 -9999.000 -9999.000 -9999.000 -9999.000 -9999.000 -9999.000 -9999.000 -9999.000 -9999.000 -9999.000 -9999.000 -9999.000 -9999.000 -9999.000 -9999.000
-9999.000 -9999.000 -9999.000 -9999.000 -9999.000 -9999.000 -9999.000 -9999.000 -9999.000 -9999.000 -9999.000 -9999.000 -9999.000 -9999.000 -9999.000 0.4860186E-02 0.1137430E-01 0.1933633E-01 0.2680460E-01 0.3359846E-01 0.3960512E-01 0.4471594E-01 0.4878890E-01 0.5160912E-01 0.5284620E-01 0.5200304E-01 0.4835056E-01 0.4083182E-01 0.2798819E-01 0.1326190E-01 0.1326190E-01 -9999.000 -9999.000 -9999.000 -9999.000 -9999.000 -9999.000 -9999.000 -9999.000 -9999.000 -9999.000 -9999.000 -9999.000 -9999.000 -9999.000 -9999.000 -9999.000 -9999.000 -9999.000 -9999.000 -9999.000 -9999.000 -9999.000 -9999.000 -9999.000 -9999.000 -9999.000 -9999.000
-9999.000 -9999.000 -9999.000 -9999.000 -9999.000 -9999.000 -9999.000 -9999.000 -9999.000 -9999.000 -9999.000 -9999.000 -9999.000 -9999.000 -9999.000 0.5605292E-02 0.1290508E-01 0.2167070E-01 0.2990404E-01 0.3743397E-01 0.4414642E-01 0.4992875E-01 0.5462770E-01 0.5800554E-01 0.5968794E-01 0.5910204E-01 0.5539388E-01 0.4730144E-01 0.3301256E-01 0.1591847E-01 0.1591847E-01 -9999.000 -9999.000 -9999.000 -9999.000 -9999.000 -9999.000 -9999.000 -9999.000 -9999.000 -9999.000 -9999.000 -9999.000 -9999.000 -9999.000 -9999.000 -9999.000 -9999.000 -9999.000 -9999.000 -9999.000 -9999.000 -9999.000 -9999.000 -9999.000 -9999.000 -9999.000 -9999.000
-9999.000 -9999.000 -9999.000 -9999.000 -9999.000 -9999.000 -9999.000 -9999.000 -9999.000 -9999.000 -9999.000 -9999.000 -9999.000 -9999.000 -9999.000 0.6455511E-02 0.1463385E-01 0.2428345E-01 0.3336447E-01 0.4172324E-01 0.4924835E-01 0.5582491E-01 0.6129048E-01 0.6538274E-01 0.6767763E-01 0.6751257E-01 0.6387991E-01 0.5525561E-01 0.3935282E-01 0.1933316E-01 0.1933316E-01 -9999.000 -9999.000 -9999.000 -9999.000 -9999.000 -9999.000 -9999.000 -9999.000 -9999.000 -9999.000 -9999.000 -9999.000 -9999.000 -9999.000 -9999.000 -9999.000 -9999.000 -9999.000 -9999.000 -9999.000 -9999.000 -9999.000 -9999.000 -9999.000 -9999.000 -9999.000 -9999.000
-9999.000 -9999.000 -9999.000 -9999.000 -9999.000 -9999.000 -9999.000 -9999.000 -9999.000 -9999.000 -9999.000 -9999.000 -9999.000 -9999.000 -9999.000 0.7437573E-02 0.1661832E-01 0.2726800E-01 0.3731674E-01 0.4663737E-01 0.5512547E-01 0.6266803E-01 0.6909540E-01 0.7412042E-01 0.7726340E-01 0.7775672E-01 0.7440405E-01 0.6534456E-01 0.4764525E-01 0.2389743E-01 0.2389743E-01 -9999.000 -9999.000 -9999.000 -9999.000 -9999.000 -9999.000 -9999.000 -9999.000 -9999.000 -9999.000 -9999.000 -9999.000 -9999.000 -9999.000 -9999.000 -9999.000 -9999.000 -9999.000 -9999.000 -9999.000 -9999.000 -9999.000 -9999.000 -9999.000 -9999.000 -9999.000 -9999.000
-9999.000 -9999.000 -9999.000 -9999.000 -9999.000 -9999.000 -9999.000 -9999.000 -9999.000 -9999.000 -9999.000 -9999.000 -9999.000 -9999.000 -9999.000 0.8584675E-02 0.1893138E-01 0.3074552E-01 0.4193371E-01 0.5240561E-01 0.6207043E-01 0.7082286E-01 0.7849080E-01 0.8476355E-01 0.8910266E-01 0.9061877E-01 0.8788559E-01 0.7860731E-01 0.5895809E-01 0.3028809E-01 0.3028809E-01 -9999.000 -9999.000 -9999.000 -9999.000 -9999.000 -9999.000 -9999.000 -9999.000 -9999.000 -9999.000 -9999.000 -9999.000 -9999.000 -9999.000 -9999.000 -9999.000 -9999.000 -9999.000 -9999.000 -9999.000 -9999.000 -9999.000 -9999.000 -9999.000 -9999.000 -9999.000 -9999.000
-9999.000 -9999.000 -9999.000 -9999.000 -9999.000 -9999.000 -9999.000 -9999.000 -9999.000 -9999.000 -9999.000 -9999.000 -9999.000 -9999.000 -9999.000 0.9945116E-02 0.2168042E-01 0.3489768E-01 0.4747665E-01 0.5937624E-01 0.7052942E-01 0.8084932E-01 0.9017070E-01 0.9816703E-01 0.1042412 0.1073707 0.1058542 0.9683484E-01 0.7523628E-01 0.3977299E-01 0.3977299E-01 -9999.000 -9999.000 -9999.000 -9999.000 -9999.000 -9999.000 -9999.000 -9999.000 -9999.000 -9999.000 -9999.000 -9999.000 -9999.000 -9999.000 -9999.000 -9999.000 -9999.000 -9999.000 -9999.000 -9999.000 -9999.000 -9999.000 -9999.000 -9999.000 -9999.000 -9999.000 -9999.000
-9999.000 -9999.000 -9999.000 -9999.000 -9999.000 -9999.000 -9999.000 -9999.000 -9999.000 -9999.000 -9999.000 -9999.000 -9999.000 -9999.000 -9999.000 0.1169982E-01 0.2522025E-01 0.4026569E-01 0.5465697E-01 0.6842064E-01 0.8153418E-01 0.9395315E-01 0.1055451 0.1159918 0.1246590 0.1304005 0.1312132 0.1235388 0.1005368 0.5514113E-01 0.5514113E-01 -9999.000 -9999.000 -9999.000 -9999.000 -9999.000 -9999.000 -9999.000 -9999.000 -9999.000 -9999.000 -9999.000 -9999.000 -9999.000 -9999.000 -9999.000 -9999.000 -9999.000 -9999.000 -9999.000 -9999.000 -9999.000 -9999.000 -9999.000 -9999.000 -9999.000 -9999.000 -9999.000
-9999.000 -9999.000 -9999.000 -9999.000 -9999.000 -9999.000 -9999.000 -9999.000 -9999.000 -9999.000 -9999.000 -9999.000 -9999.000 -9999.000 -9999.000 0.2668086E-01 0.4694341E-01 0.6747957E-01 0.8521313E-01 0.1009524 0.1152295 0.1284030 0.1406324 0.1518075 0.1614268 0.1683722 0.1704536 0.1633870 0.1380304 0.7276154E-01 0.7276154E-01 -9999.000 -9999.000 -9999.000 -9999.000 -9999.000 -9999.000 -9999.000 -9999.000 -9999.000 -9999.000 -9999.000 -9999.000 -9999.000 -9999.000 -9999.000 -9999.000 -9999.000 -9999.000 -9999.000 -9999.000 -9999.000 -9999.000 -9999.000 -9999.000 -9999.000 -9999.000 -9999.000
1.785439 1.785439 1.848754 1.879971 1.887941 1.887941 1.893756 1.901328 1.901328 1.905203 1.905203 1.906532 1.906481 1.906047 1.714644 1.714644 1.391789 1.329909 1.258713 1.178835 1.091819 1.000034 0.9066564 0.8156484 0.7317128 0.6602948 0.6079162 0.5836457 0.6042521 0.6943161 0.6943161 1.613574 1.823894 1.865572 1.828480 1.828480 1.721422 1.721422 1.459644 1.459644 1.172744 1.001053 1.001053 0.9911238 0.9911238 1.031230 1.031230 1.031230 1.082862 1.082862 1.129697 1.129697 1.169459 1.169459 1.212947 1.212947 1.239484 1.239484
1.801019 1.801019 1.870067 1.916356 1.932319 1.932319 1.946214 1.969996 1.969996 1.989997 1.989997 2.007322 2.015216 2.022693 1.929862 1.929862 1.646307 1.627303 1.600132 1.562626 1.514212 1.455130 1.386487 1.310373 1.230118 1.150810 1.080252 1.030854 1.024284 1.102720 1.102720 1.665313 1.843106 1.956766 1.970819 1.970819 1.947189 1.947189 1.830561 1.830561 1.643028 1.376049 1.376049 1.375799 1.375799 1.425218 1.425218 1.425218 1.478929 1.478929 1.528450 1.528450 1.558959 1.558959 1.611948 1.611948 1.644915 1.644915
1.804715 1.804715 1.871572 1.916858 1.932800 1.932800 1.946798 1.970951 1.970951 1.991420 1.991420 2.009276 2.017461 2.025244 1.974177 1.974177 1.696308 1.696049 1.691876 1.680183 1.660056 1.631057 1.593342 1.547851 1.496544 1.442792 1.392128 1.353861 1.345185 1.405437 1.405437 1.798318 1.959286 2.097744 2.126501 2.126501 2.125553 2.125553 2.050214 2.050214 1.944151 1.700220 1.700220 1.665664 1.665664 1.703691 1.703691 1.703691 1.749624 1.749624 1.790946 1.790946 1.823726 1.823726 1.861612 1.861612 1.888888 1.888888
1.807606 1.807606 1.872810 1.917054 1.932836 1.932836 1.946777 1.970937 1.970937 1.991430 1.991430 2.009301 2.017491 2.025280 1.995466 1.995466 1.722667 1.728765 1.734751 1.734568 1.727808 1.714385 1.694517 1.668902 1.638915 1.606911 1.576752 1.554891 1.553290 1.603603 1.603603 1.897978 2.035492 2.171663 2.201436 2.201436 2.205845 2.205845 2.153990 2.153990 2.094755 1.911358 1.911358 1.842814 1.842814 1.871329 1.871329 1.871329 1.910906 1.910906 1.947251 1.947251 1.976794 1.976794 2.007517 2.007517 2.031334 2.031334
1.809776 1.809776 1.873814 1.917218 1.932858 1.932858 1.946746 1.970908 1.970908 1.991423 1.991423 2.009297 2.017486 2.025274 2.009035 2.009035 1.752296 1.758152 1.770127 1.775933 1.775450 1.769103 1.757602 1.741986 1.723701 1.704770 1.688107 1.678167 1.682626 1.727034 1.727034 1.956681 2.073004 2.194874 2.219009 2.219009 2.219693 2.219693 2.188298 2.188298 2.160149 2.049474 2.049474 1.968582 1.968582 1.977650 1.977650 1.977650 2.011798 2.011798 2.044762 2.044762 2.072166 2.072166 2.098525 2.098525 2.119586 2.119586
1.811287 1.811287 1.874556 1.917348 1.932873 1.932873 1.946719 1.970885 1.970885 1.991417 1.991417 2.009295 2.017482 2.025270 2.017731 2.017731 1.793691 1.790261 1.806555 1.816673 1.820016 1.817171 1.809217 1.797636 1.784264 1.771284 1.761325 1.757736 1.766223 1.805510 1.805510 1.980068 2.078488 2.176009 2.191145 2.191145 2.191000 2.191000 2.185263 2.185263 2.180086 2.132810 2.132810 2.066142 2.066142 2.053458 2.053458 2.053458 2.080284 2.080284 2.109380 2.109380 2.134651 2.134651 2.157535 2.157535 2.175823 2.175823
1.812177 1.812177 1.875011 1.917430 1.932883 1.932883 1.946701 1.970870 1.970870 1.991414 1.991414 2.009294 2.017481 2.025266 2.023262 2.023262 1.846852 1.827997 1.846321 1.859675 1.865833 1.865167 1.858813 1.848462 1.836263 1.824734 1.816715 1.815302 1.823747 1.852745 1.852745 1.979463 2.056128 2.120467 2.128768 2.128768 2.140709 2.140709 2.165170 2.165170 2.177430 2.176597 2.176597 2.139219 2.139219 2.113752 2.113752 2.113752 2.131434 2.131434 2.155195 2.155195 2.177326 2.177326 2.196696 2.196696 2.212018 2.212018
1.812471 1.812471 1.875165 1.917458 1.932886 1.932886 1.946695 1.970864 1.970864 1.991413 1.991413 2.009293 2.017480 2.025265 2.026762 2.026762 1.903607 1.876162 1.891022 1.906219 1.914558 1.915446 1.909800 1.899338 1.886404 1.873814 1.864695 1.861964 1.865767 1.877130 1.877130 1.956282 2.003300 2.035821 2.046362 2.046362 2.085065 2.085065 2.138540 2.138540 2.163613 2.194181 2.194181 2.187862 2.187862 2.163747 2.163747 2.163747 2.172757 2.172757 2.189898 2.189898 2.207507 2.207507 2.222939 2.222939 2.235033 2.235033
1.812177 1.812177 1.875011 1.917429 1.932883 1.932883 1.946701 1.970870 1.970870 1.991413 1.991413 2.009293 2.017480 2.025266 2.028967 2.028967 1.959509 1.934071 1.943398 1.958016 1.967247 1.968899 1.963320 1.952022 1.937344 1.922272 1.910180 1.903644 1.897454 1.878360 1.878360 1.901846 1.914875 1.936491 1.960395 1.960395 2.032615 2.032615 2.109602 2.109602 2.143899 2.195467 2.195467 2.214968 2.214968 2.203769 2.203769 2.203769 2.207154 2.207154 2.217483 2.217483 2.229479 2.229479 2.240273 2.240273 2.248730 2.248730
1.811287 1.811287 1.874557 1.917348 1.932873 1.932873 1.946719 1.970886 1.970886 1.991418 1.991418 2.009295 2.017483 2.025270 2.030355 2.030355 2.013379 1.999431 2.005133 2.016854 2.024951 2.026037 2.019669 2.006907 1.989862 1.971494 1.955303 1.942867 1.917555 1.844631 1.844631 1.803666 1.794387 1.839430 1.881898 1.881898 1.985574 1.985574 2.079993 2.079993 2.121001 2.186907 2.186907 2.225551 2.225551 2.232832 2.232832 2.232832 2.234783 2.234783 2.239425 2.239425 2.245328 2.245328 2.250835 2.250835 2.255255 2.255255
1.809777 1.809777 1.873815 1.917219 1.932858 1.932858 1.946746 1.970909 1.970909 1.991423 1.991423 2.009296 2.017486 2.025274 2.031221 2.031221 2.067161 2.070204 2.076308 2.084095 2.088748 2.087306 2.078809 2.063742 2.043766 2.021585 2.000602 1.979408 1.914071 1.748541 1.748541 1.665731 1.666717 1.753095 1.808300 1.808300 1.941848 1.941848 2.049388 2.049388 2.095533 2.171676 2.171676 2.223973 2.223973 2.250193 2.250193 2.250193 2.254325 2.254325 2.255235 2.255235 2.255340 2.255340 2.255279 2.255279 2.255460 2.255460
