simulation_files/asc/Velocity____80.0.asc
NCOLS        79
NROWS        79
XLLCENTER         -1.500000
YLLCENTER         -4.800000
CELLSIZE           0.100
NODATA_VALUE     -9999.0
[rows 0 to 26 of 79, columns 0 to 59 of 79]
-9999.000 -9999.000 -9999.000 -9999.000 -9999.000 -9999.000 -9999.000 -9999.000 -9999.000 -9999.000 -9999.000 -9999.000 -9999.000 -9999.000 -9999.000 0.2110132 0.2099421 0.2101168 0.2103877 0.2106735 0.2109676 0.2112791 0.2116251 0.2120301 0.2125286 0.2131690 0.2140246 0.2152170 0.2168247 0.2144394 0.2144394 -9999.000 -9999.000 -9999.000 -9999.000 -9999.000 -9999.000 -9999.000 -9999.000 -9999.000 -9999.000 -9999.000 -9999.000 -9999.000 -9999.000 -9999.000 -9999.000 -9999.000 -9999.000 -9999.000 -9999.000 -9999.000 -9999.000 -9999.000 -9999.000 -9999.000 -9999.000 -9999.000 -9999.000 -9999.000
-9999.000 -9999.000 -9999.000 -9999.000 -9999.000 -9999.000 -9999.000 -9999.000 -9999.000 -9999.000 -9999.000 -9999.000 -9999.000 -9999.000 -9999.000 0.2081723 0.2058024 0.2061518 0.2067178 0.2073229 0.2079467 0.2086024 0.2093226 0.2101579 0.2111807 0.2124965 0.2142676 0.2167536 0.2200985 0.2156433 0.2156433 -9999.000 -9999.000 -9999.000 -9999.000 -9999.000 -9999.000 -9999.000 -9999.000 -9999.000 -9999.000 -9999.000 -9999.000 -9999.000 -9999.000 -9999.000 -9999.000 -9999.000 -9999.000 -9999.000 -9999.000 -9999.000 -9999.000 -9999.000 -9999.000 -9999.000 -9999.000 -9999.000 -9999.000 -9999.000
-9999.000 -9999.000 -9999.000 -9999.000 -9999.000 -9999.000 -9999.000 -9999.000 -9999.000 -9999.000 -9999.000 -9999.000 -9999.000 -9999.000 -9999.000 0.2038055 0.1999821 0.2005692 0.2015676 0.2026749 0.2038469 0.2051003 0.2064874 0.2080929 0.2100398 0.2125028 0.2157414 0.2201474 0.2258715 0.2195890 0.2195890 -9999.000 -9999.000 -9999.000 -9999.000 -9999.000 -9999.000 -9999.000 -9999.000 -9999.000 -9999.000 -9999.000 -9999.000 -9999.000 -9999.000 -9999.000 -9999.000 -9999.000 -9999.000 -9999.000 -9999.000 -9999.000 -9999.000 -9999.000 -9999.000 -9999.000 -9999.000 -9999.000 -9999.000 -9999.000
-9999.000 -9999.000 -9999.000 -9999.000 -9999.000 -9999.000 -9999.000 -9999.000 -9999.000 -9999.000 -9999.000 -9999.000 -9999.000 -9999.000 -9999.000 0.1983889 0.1931593 0.1940550 0.1955908 0.1973318 0.1992078 0.2012370 0.2034909 0.2060895 0.2092072 0.2130911 0.2181032 0.2247796 0.2332914 0.2257565 0.2257565 -9999.000 -9999.000 -9999.000 -9999.000 -9999.000 -9999.000 -9999.000 -9999.000 -9999.000 -9999.000 -9999.000 -9999.000 -9999.000 -9999.000 -9999.000 -9999.000 -9999.000 -9999.000 -9999.000 -9999.000 -9999.000 -9999.000 -9999.000 -9999.000 -9999.000 -9999.000 -9999.000 -9999.000 -9999.000
-9999.000 -9999.000 -9999.000 -9999.000 -9999.000 -9999.000 -9999.000 -9999.000 -9999.000 -9999.000 -9999.000 -9999.000 -9999.000 -9999.000 -9999.000 0.1920023 0.1854540 0.1867281 0.1888973 0.1913877 0.1941007 0.1970550 0.2003423 0.2041199 0.2086178 0.2141641 0.2212357 0.2305353 0.2422837 0.2341365 0.2341365 -9999.000 -9999.000 -9999.000 -9999.000 -9999.000 -9999.000 -9999.000 -9999.000 -9999.000 -9999.000 -9999.000 -9999.000 -9999.000 -9999.000 -9999.000 -9999.000 -9999.000 -9999.000 -9999.000 -9999.000 -9999.000 -9999.000 -9999.000 -9999.000 -9999.000 -9999.000 -9999.000 -9999.000 -9999.000
-9999.000 -9999.000 -9999.000 -9999.000 -9999.000 -9999.000 -9999.000 -9999.000 -9999.000 -9999.000 -9999.000 -9999.000 -9999.000 -9999.000 -9999.000 0.1846720 0.1769450 0.1786702 0.1815630 0.1849080 0.1885756 0.1925853 0.1970505 0.2021701 0.2082368 0.2156712 0.2250854 0.2373823 0.2528825 0.2448771 0.2448771 -9999.000 -9999.000 -9999.000 -9999.000 -9999.000 -9999.000 -9999.000 -9999.000 -9999.000 -9999.000 -9999.000 -9999.000 -9999.000 -9999.000 -9999.000 -9999.000 -9999.000 -9999.000 -9999.000 -9999.000 -9999.000 -9999.000 -9999.000 -9999.000 -9999.000 -9999.000 -9999.000 -9999.000 -9999.000
-9999.000 -9999.000 -9999.000 -9999.000 -9999.000 -9999.000 -9999.000 -9999.000 -9999.000 -9999.000 -9999.000 -9999.000 -9999.000 -9999.000 -9999.000 0.1763728 0.1676744 0.1699333 0.1736400 0.1779403 0.1826725 0.1878566 0.1936310 0.2002413 0.2080530 0.2175952 0.2296441 0.2453495 0.2652116 0.2582754 0.2582754 -9999.000 -9999.000 -9999.000 -9999.000 -9999.000 -9999.000 -9999.000 -9999.000 -9999.000 -9999.000 -9999.000 -9999.000 -9999.000 -9999.000 -9999.000 -9999.000 -9999.000 -9999.000 -9999.000 -9999.000 -9999.000 -9999.000 -9999.000 -9999.000 -9999.000 -9999.000 -9999.000 -9999.000 -9999.000
-9999.000 -9999.000 -9999.000 -9999.000 -9999.000 -9999.000 -9999.000 -9999.000 -9999.000 -9999.000 -9999.000 -9999.000 -9999.000 -9999.000 -9999.000 0.1670347 0.1576538 0.1605463 0.1651645 0.1705243 0.1764300 0.1829036 0.1901112 0.1983527 0.2080791 0.2199490 0.2349407 0.2545178 0.2794802 0.2748027 0.2748027 -9999.000 -9999.000 -9999.000 -9999.000 -9999.000 -9999.000 -9999.000 -9999.000 -9999.000 -9999.000 -9999.000 -9999.000 -9999.000 -9999.000 -9999.000 -9999.000 -9999.000 -9999.000 -9999.000 -9999.000 -9999.000 -9999.000 -9999.000 -9999.000 -9999.000 -9999.000 -9999.000 -9999.000 -9999.000
-9999.000 -9999.000 -9999.000 -9999.000 -9999.000 -9999.000 -9999.000 -9999.000 -9999.000 -9999.000 -9999.000 -9999.000 -9999.000 -9999.000 -9999.000 0.1565468 0.1468702 0.1505228 0.1561663 0.1627009 0.1698964 0.1777768 0.1865409 0.1965507 0.2083573 0.2227775 0.2410417 0.2650191 0.2959918 0.2951637 0.2951637 -9999.000 -9999.000 -9999.000 -9999.000 -9999.000 -9999.000 -9999.000 -9999.000 -9999.000 -9999.000 -9999.000 -9999.000 -9999.000 -9999.000 -9999.000 -9999.000 -9999.000 -9999.000 -9999.000 -9999.000 -9999.000 -9999.000 -9999.000 -9999.000 -9999.000 -9999.000 -9999.000 -9999.000 -9999.000
-9999.000 -9999.000 -9999.000 -9999.000 -9999.000 -9999.000 -9999.000 -9999.000 -9999.000 -9999.000 -9999.000 -9999.000 -9999.000 -9999.000 -9999.000 0.1447614 0.1352899 0.1398693 0.1466807 0.1545278 0.1631451 0.1725604 0.1830088 0.1949243 0.2089752 0.2261708 0.2480599 0.2770460 0.3151669 0.3204106 0.3204106 -9999.000 -9999.000 -9999.000 -9999.000 -9999.000 -9999.000 -9999.000 -9999.000 -9999.000 -9999.000 -9999.000 -9999.000 -9999.000 -9999.000 -9999.000 -9999.000 -9999.000 -9999.000 -9999.000 -9999.000 -9999.000 -9999.000 -9999.000 -9999.000 -9999.000 -9999.000 -9999.000 -9999.000 -9999.000
-9999.000 -9999.000 -9999.000 -9999.000 -9999.000 -9999.000 -9999.000 -9999.000 -9999.000 -9999.000 -9999.000 -9999.000 -9999.000 -9999.000 -9999.000 0.1314964 0.1228647 0.1285993 0.1367685 0.1461040 0.1563046 0.1674031 0.1796770 0.1936409 0.2101000 0.2302956 0.2561809 0.2908731 0.3375808 0.3521556 0.3521556 -9999.000 -9999.000 -9999.000 -9999.000 -9999.000 -9999.000 -9999.000 -9999.000 -9999.000 -9999.000 -9999.000 -9999.000 -9999.000 -9999.000 -9999.000 -9999.000 -9999.000 -9999.000 -9999.000 -9999.000 -9999.000 -9999.000 -9999.000 -9999.000 -9999.000 -9999.000 -9999.000 -9999.000 -9999.000
-9999.000 -9999.000 -9999.000 -9999.000 -9999.000 -9999.000 -9999.000 -9999.000 -9999.000 -9999.000 -9999.000 -9999.000 -9999.000 -9999.000 -9999.000 0.1165373 0.1095456 0.1167617 0.1265573 0.1376196 0.1496136 0.1625812 0.1768481 0.1930180 0.2120506 0.2354640 0.2657221 0.3069037 0.3640286 0.3929847 0.3929847 -9999.000 -9999.000 -9999.000 -9999.000 -9999.000 -9999.000 -9999.000 -9999.000 -9999.000 -9999.000 -9999.000 -9999.000 -9999.000 -9999.000 -9999.000 -9999.000 -9999.000 -9999.000 -9999.000 -9999.000 -9999.000 -9999.000 -9999.000 -9999.000 -9999.000 -9999.000 -9999.000 -9999.000 -9999.000
-9999.000 -9999.000 -9999.000 -9999.000 -9999.000 -9999.000 -9999.000 -9999.000 -9999.000 -9999.000 -9999.000 -9999.000 -9999.000 -9999.000 -9999.000 0.9963693E-01 0.9531371E-01 0.1045049 0.1163285 0.1294589 0.1435377 0.1586270 0.1751082 0.1936790 0.2154648 0.2423005 0.2772823 0.3257865 0.3956373 0.4473300 0.4473300 -9999.000 -9999.000 -9999.000 -9999.000 -9999.000 -9999.000 -9999.000 -9999.000 -9999.000 -9999.000 -9999.000 -9999.000 -9999.000 -9999.000 -9999.000 -9999.000 -9999.000 -9999.000 -9999.000 -9999.000 -9999.000 -9999.000 -9999.000 -9999.000 -9999.000 -9999.000 -9999.000 -9999.000 -9999.000
-9999.000 -9999.000 -9999.000 -9999.000 -9999.000 -9999.000 -9999.000 -9999.000 -9999.000 -9999.000 -9999.000 -9999.000 -9999.000 -9999.000 -9999.000 0.8047589E-01 0.8030466E-01 0.9233841E-01 0.1068640 0.1225974 0.1391977 0.1567801 0.1757966 0.1970410 0.2218012 0.2522466 0.2922147 0.3487907 0.4341294 0.5236059 0.5236059 -9999.000 -9999.000 -9999.000 -9999.000 -9999.000 -9999.000 -9999.000 -9999.000 -9999.000 -9999.000 -9999.000 -9999.000 -9999.000 -9999.000 -9999.000 -9999.000 -9999.000 -9999.000 -9999.000 -9999.000 -9999.000 -9999.000 -9999.000 -9999.000 -9999.000 -9999.000 -9999.000 -9999.000 -9999.000
-9999.000 -9999.000 -9999.000 -9999.000 -9999.000 -9999.000 -9999.000 -9999.000 -9999.000 -9999.000 -9999.000 -9999.000 -9999.000 -9999.000 -9999.000 0.5798884E-01 0.7322561E-01 0.9430398E-01 0.1145910 0.1340025 0.1529460 0.1720408 0.1920992 0.2142106 0.2399813 0.2720613 0.3152468 0.3789245 0.4819080 0.6382145 0.6382145 -9999.000 -9999.000 -9999.000 -9999.000 -9999.000 -9999.000 -9999.000 -9999.000 -9999.000 -9999.000 -9999.000 -9999.000 -9999.000 -9999.000 -9999.000 -9999.000 -9999.000 -9999.000 -9999.000 -9999.000 -9999.000 -9999.000 -9999.000 -9999.000 -9999.000 -9999.000 -9999.000 -9999.000 -9999.000
1.711968 1.711968 1.761762 1.799933 1.808879 1.808879 1.815015 1.822522 1.822522 1.826315 1.826315 1.827801 1.827897 1.791201 1.507376 1.507376 1.268473 1.204779 1.133063 1.054646 0.9715921 0.8868137 0.8040803 0.7280081 0.6641187 0.6191805 0.6022192 0.6270002 0.7179586 0.9384159 0.9384159 1.610188 1.798847 1.842779 1.804393 1.804393 1.685861 1.685861 1.453918 1.453918 1.129748 0.9608292 0.9608292 0.9543751 0.9543751 0.9934166 0.9934166 0.9934166 1.043874 1.043874 1.089149 1.089149 1.127523 1.127523 1.171347 1.171347 1.198271 1.198271 1.198271 1.217025
1.727064 1.727064 1.782902 1.834913 1.851652 1.851652 1.865641 1.888856 1.888856 1.908297 1.908297 1.925337 1.933162 1.925379 1.705416 1.705416 1.518770 1.496816 1.466760 1.427418 1.378521 1.320658 1.255365 1.185323 1.114735 1.049942 1.000425 0.9805797 1.013226 1.139471 1.139471 1.612210 1.768865 1.871972 1.885715 1.885715 1.862833 1.862833 1.758341 1.758341 1.567448 1.293058 1.293058 1.296292 1.296292 1.345748 1.345748 1.345748 1.399246 1.399246 1.447892 1.447892 1.476997 1.476997 1.530793 1.530793 1.564243 1.564243 1.564243 1.590379
1.730230 1.730230 1.785128 1.835263 1.852031 1.852031 1.866170 1.889792 1.889792 1.909702 1.909702 1.927258 1.935361 1.933855 1.774133 1.774133 1.575442 1.572844 1.565841 1.552653 1.532364 1.504610 1.469690 1.428751 1.384085 1.339590 1.301583 1.280300 1.293095 1.375325 1.375325 1.725949 1.867441 1.987459 2.013844 2.013844 2.014247 2.014247 1.948329 1.948329 1.842961 1.587209 1.587209 1.555885 1.555885 1.594708 1.594708 1.594708 1.641595 1.641595 1.682798 1.682798 1.715169 1.715169 1.753896 1.753896 1.781812 1.781812 1.781812 1.802972
1.732491 1.732491 1.787191 1.835291 1.851929 1.851929 1.866069 1.889766 1.889766 1.909721 1.909721 1.927290 1.935396 1.937247 1.833253 1.833253 1.605942 1.611624 1.614751 1.613616 1.607743 1.596945 1.581360 1.561590 1.538928 1.515714 1.495895 1.486042 1.497756 1.558910 1.558910 1.826369 1.945873 2.057590 2.081609 2.081609 2.084931 2.084931 2.043662 2.043662 1.988966 1.797618 1.797618 1.727566 1.727566 1.756502 1.756502 1.756502 1.796516 1.796516 1.832606 1.832606 1.861693 1.861693 1.892862 1.892862 1.917130 1.917130 1.917130 1.935191
1.734059 1.734059 1.788963 1.835323 1.851806 1.851806 1.865939 1.889718 1.889718 1.909721 1.909721 1.927297 1.935398 1.939380 1.875906 1.875906 1.633181 1.644447 1.653707 1.658812 1.659915 1.657406 1.651861 1.644042 1.635009 1.626342 1.620519 1.621515 1.636274 1.686898 1.686898 1.896436 1.994792 2.086478 2.101611 2.101611 2.098514 2.098514 2.078090 2.078090 2.056111 1.943399 1.943399 1.856975 1.856975 1.864595 1.864595 1.864595 1.898562 1.898562 1.931044 1.931044 1.957892 1.957892 1.984308 1.984308 2.005699 2.005699 2.005699 2.021470
1.735080 1.735080 1.790296 1.835364 1.851699 1.851699 1.865819 1.889671 1.889671 1.909721 1.909721 1.927304 1.935402 1.940742 1.901822 1.901822 1.661846 1.677328 1.691909 1.701532 1.706760 1.708440 1.707647 1.705580 1.703516 1.702886 1.705462 1.713570 1.730435 1.772046 1.772046 1.937692 2.014871 2.076426 2.080338 2.080338 2.075059 2.075059 2.078714 2.078714 2.079183 2.034417 2.034417 1.961575 1.961575 1.944720 1.944720 1.944720 1.970687 1.970687 1.999084 1.999084 2.023697 2.023697 2.046501 2.046501 2.065019 2.065019 2.065019 2.078565
1.735653 1.735653 1.791116 1.835401 1.851628 1.851628 1.865735 1.889637 1.889637 1.909722 1.909722 1.927310 1.935407 1.941611 1.919014 1.919014 1.697193 1.713334 1.732731 1.746329 1.754710 1.758890 1.760269 1.760447 1.761075 1.763771 1.770142 1.781616 1.798392 1.829019 1.829019 1.949023 2.003626 2.028345 2.024999 2.024999 2.031542 2.031542 2.062541 2.062541 2.078988 2.082433 2.082433 2.041095 2.041095 2.009561 2.009561 2.009561 2.025685 2.025685 2.048550 2.048550 2.070080 2.070080 2.089330 2.089330 2.104764 2.104764 2.104764 2.115954
1.735839 1.735839 1.791392 1.835416 1.851604 1.851604 1.865705 1.889625 1.889625 1.909721 1.909721 1.927312 1.935408 1.942163 1.930272 1.930272 1.746173 1.754828 1.777885 1.794863 1.805907 1.811951 1.814458 1.815219 1.816179 1.819287 1.826365 1.838084 1.849337 1.859272 1.859272 1.932826 1.957189 1.949419 1.949241 1.949241 1.982359 1.982359 2.039318 2.039318 2.067046 2.101573 2.101573 2.093912 2.093912 2.063636 2.063636 2.063636 2.070551 2.070551 2.086634 2.086634 2.103729 2.103729 2.119015 2.119015 2.131140 2.131140 2.131140 2.139860
1.735654 1.735654 1.791116 1.835401 1.851628 1.851628 1.865735 1.889637 1.889637 1.909721 1.909721 1.927310 1.935407 1.942511 1.937548 1.937548 1.806006 1.805247 1.828345 1.848020 1.861434 1.869017 1.872133 1.872654 1.872733 1.874601 1.880290 1.889197 1.886980 1.860649 1.860649 1.880567 1.871281 1.854685 1.869049 1.869049 1.935371 1.935371 2.013333 2.013333 2.048996 2.103253 2.103253 2.122903 2.122903 2.106905 2.106905 2.106905 2.108064 2.108064 2.117286 2.117286 2.128828 2.128828 2.139492 2.139492 2.147905 2.147905 2.147905 2.153996
1.735080 1.735080 1.790296 1.835364 1.851699 1.851699 1.865819 1.889671 1.889671 1.909722 1.909722 1.927304 1.935403 1.942730 1.942204 1.942204 1.870373 1.866757 1.887063 1.907618 1.922491 1.931060 1.934336 1.934095 1.932567 1.932180 1.935113 1.937916 1.907282 1.820763 1.820763 1.783158 1.751944 1.761069 1.795054 1.795054 1.892821 1.892821 1.986405 1.986405 2.027765 2.094871 2.094871 2.133962 2.133962 2.138224 2.138224 2.138224 2.138309 2.138309 2.142005 2.142005 2.147579 2.147579 2.152982 2.152982 2.157265 2.157265 2.157265 2.160607
1.734059 1.734059 1.788962 1.835323 1.851806 1.851806 1.865939 1.889718 1.889718 1.909721 1.909721 1.927297 1.935398 1.942867 1.945156 1.945156 1.936646 1.939234 1.956714 1.975906 1.990561 1.999056 2.001811 2.000297 1.996637 1.993333 1.992507 1.983204 1.891738 1.721775 1.721775 1.648878 1.623229 1.677097 1.724785 1.724785 1.852827 1.852827 1.958337 1.958337 2.004082 2.080104 2.080104 2.132483 2.132483 2.157126 2.157126 2.157126 2.160114 2.160114 2.160474 2.160474 2.160457 2.160457 2.160324 2.160324 2.160246 2.160246 2.160246 2.160847
1.732491 1.732491 1.787191 1.835291 1.851929 1.851929 1.866068 1.889766 1.889766 1.909721 1.909721 1.927290 1.935396 1.942956 1.946994 1.946994 2.006298 2.021909 2.038970 2.055234 2.067500 2.074218 2.075317 2.071803 2.065494 2.058779 2.053123 2.015213 1.784804 1.576504 1.576504 1.497549 1.500051 1.604823 1.671283 1.671283 1.816291 1.816291 1.931669 1.931669 1.980694 2.062689 2.062689 2.123723 2.123723 2.165255 2.165255 2.165255 2.173184 2.173184 2.172355 2.172355 2.167765 2.167765 2.162354 2.162354 2.158027 2.158027 2.158027 2.156085
