simulation_files/asc/Velocity____51.0.asc
NCOLS        79
NROWS        79
XLLCENTER         -1.500000
YLLCENTER         -4.800000
CELLSIZE           0.100
NODATA_VALUE     -9999.0
[rows 0 to 26 of 79, columns 0 to 59 of 79]
-9999.000 -9999.000 -9999.000 -9999.000 -9999.000 -9999.000 -9999.000 -9999.000 -9999.000 -9999.000 -9999.000 -9999.000 -9999.000 -9999.000 -9999.000 0.2681199 0.2670925 0.2673292 0.2677266 0.2681850 0.2686943 0.2692553 0.2698706 0.2705427 0.2712768 0.2720863 0.2729995 0.2740689 0.2752578 0.2719695 0.2719695 -9999.000 -9999.000 -9999.000 -9999.000 -9999.000 -9999.000 -9999.000 -9999.000 -9999.000 -9999.000 -9999.000 -9999.000 -9999.000 -9999.000 -9999.000 -9999.000 -9999.000 -9999.000 -9999.000 -9999.000 -9999.000 -9999.000 -9999.000 -9999.000 -9999.000 -9999.000 -9999.000 -9999.000 -9999.000
-9999.000 -9999.000 -9999.000 -9999.000 -9999.000 -9999.000 -9999.000 -9999.000 -9999.000 -9999.000 -9999.000 -9999.000 -9999.000 -9999.000 -9999.000 0.2639206 0.2614402 0.2618783 0.2626436 0.2635188 0.2644760 0.2655149 0.2666406 0.2678623 0.2691997 0.2706918 0.2724113 0.2744765 0.2767983 0.2704515 0.2704515 -9999.000 -9999.000 -9999.000 -9999.000 -9999.000 -9999.000 -9999.000 -9999.000 -9999.000 -9999.000 -9999.000 -9999.000 -9999.000 -9999.000 -9999.000 -9999.000 -9999.000 -9999.000 -9999.000 -9999.000 -9999.000 -9999.000 -9999.000 -9999.000 -9999.000 -9999.000 -9999.000 -9999.000 -9999.000
-9999.000 -9999.000 -9999.000 -9999.000 -9999.000 -9999.000 -9999.000 -9999.000 -9999.000 -9999.000 -9999.000 -9999.000 -9999.000 -9999.000 -9999.000 0.2578993 0.2536621 0.2543953 0.2557352 0.2573023 0.2590348 0.2609234 0.2629718 0.2651936 0.2676202 0.2703122 0.2733748 0.2769611 0.2808369 0.2712049 0.2712049 -9999.000 -9999.000 -9999.000 -9999.000 -9999.000 -9999.000 -9999.000 -9999.000 -9999.000 -9999.000 -9999.000 -9999.000 -9999.000 -9999.000 -9999.000 -9999.000 -9999.000 -9999.000 -9999.000 -9999.000 -9999.000 -9999.000 -9999.000 -9999.000 -9999.000 -9999.000 -9999.000 -9999.000 -9999.000
-9999.000 -9999.000 -9999.000 -9999.000 -9999.000 -9999.000 -9999.000 -9999.000 -9999.000 -9999.000 -9999.000 -9999.000 -9999.000 -9999.000 -9999.000 0.2506850 0.2446105 0.2457361 0.2478079 0.2502655 0.2530072 0.2560093 0.2592688 0.2627995 0.2666394 0.2708668 0.2756156 0.2810752 0.2868543 0.2742867 0.2742867 -9999.000 -9999.000 -9999.000 -9999.000 -9999.000 -9999.000 -9999.000 -9999.000 -9999.000 -9999.000 -9999.000 -9999.000 -9999.000 -9999.000 -9999.000 -9999.000 -9999.000 -9999.000 -9999.000 -9999.000 -9999.000 -9999.000 -9999.000 -9999.000 -9999.000 -9999.000 -9999.000 -9999.000 -9999.000
-9999.000 -9999.000 -9999.000 -9999.000 -9999.000 -9999.000 -9999.000 -9999.000 -9999.000 -9999.000 -9999.000 -9999.000 -9999.000 -9999.000 -9999.000 0.2423094 0.2343924 0.2360091 0.2389615 0.2424913 0.2464521 0.2508022 0.2555293 0.2606448 0.2661937 0.2722734 0.2790511 0.2867600 0.2948458 0.2797763 0.2797763 -9999.000 -9999.000 -9999.000 -9999.000 -9999.000 -9999.000 -9999.000 -9999.000 -9999.000 -9999.000 -9999.000 -9999.000 -9999.000 -9999.000 -9999.000 -9999.000 -9999.000 -9999.000 -9999.000 -9999.000 -9999.000 -9999.000 -9999.000 -9999.000 -9999.000 -9999.000 -9999.000 -9999.000 -9999.000
-9999.000 -9999.000 -9999.000 -9999.000 -9999.000 -9999.000 -9999.000 -9999.000 -9999.000 -9999.000 -9999.000 -9999.000 -9999.000 -9999.000 -9999.000 0.2327359 0.2230720 0.2252885 0.2292664 0.2340408 0.2394165 0.2453312 0.2517625 0.2587205 0.2662606 0.2745058 0.2836680 0.2940398 0.3049100 0.2878814 0.2878814 -9999.000 -9999.000 -9999.000 -9999.000 -9999.000 -9999.000 -9999.000 -9999.000 -9999.000 -9999.000 -9999.000 -9999.000 -9999.000 -9999.000 -9999.000 -9999.000 -9999.000 -9999.000 -9999.000 -9999.000 -9999.000 -9999.000 -9999.000 -9999.000 -9999.000 -9999.000 -9999.000 -9999.000 -9999.000
-9999.000 -9999.000 -9999.000 -9999.000 -9999.000 -9999.000 -9999.000 -9999.000 -9999.000 -9999.000 -9999.000 -9999.000 -9999.000 -9999.000 -9999.000 0.2218595 0.2106776 0.2136220 0.2187748 0.2249648 0.2319447 0.2396309 0.2479918 0.2570400 0.2668486 0.2775793 0.2895073 0.3030110 0.3172469 0.2989506 0.2989506 -9999.000 -9999.000 -9999.000 -9999.000 -9999.000 -9999.000 -9999.000 -9999.000 -9999.000 -9999.000 -9999.000 -9999.000 -9999.000 -9999.000 -9999.000 -9999.000 -9999.000 -9999.000 -9999.000 -9999.000 -9999.000 -9999.000 -9999.000 -9999.000 -9999.000 -9999.000 -9999.000 -9999.000 -9999.000
-9999.000 -9999.000 -9999.000 -9999.000 -9999.000 -9999.000 -9999.000 -9999.000 -9999.000 -9999.000 -9999.000 -9999.000 -9999.000 -9999.000 -9999.000 0.2095132 0.1972082 0.2010425 0.2075336 0.2153155 0.2240892 0.2337496 0.2442590 0.2556392 0.2679945 0.2815444 0.2966567 0.3138377 0.3321637 0.3135046 0.3135046 -9999.000 -9999.000 -9999.000 -9999.000 -9999.000 -9999.000 -9999.000 -9999.000 -9999.000 -9999.000 -9999.000 -9999.000 -9999.000 -9999.000 -9999.000 -9999.000 -9999.000 -9999.000 -9999.000 -9999.000 -9999.000 -9999.000 -9999.000 -9999.000 -9999.000 -9999.000 -9999.000 -9999.000 -9999.000
-9999.000 -9999.000 -9999.000 -9999.000 -9999.000 -9999.000 -9999.000 -9999.000 -9999.000 -9999.000 -9999.000 -9999.000 -9999.000 -9999.000 -9999.000 0.1954750 0.1826435 0.1875797 0.1955983 0.2051635 0.2159266 0.2277630 0.2406349 0.2545850 0.2697673 0.2864881 0.3052509 0.3267558 0.3500947 0.3323007 0.3323007 -9999.000 -9999.000 -9999.000 -9999.000 -9999.000 -9999.000 -9999.000 -9999.000 -9999.000 -9999.000 -9999.000 -9999.000 -9999.000 -9999.000 -9999.000 -9999.000 -9999.000 -9999.000 -9999.000 -9999.000 -9999.000 -9999.000 -9999.000 -9999.000 -9999.000 -9999.000 -9999.000 -9999.000 -9999.000
-9999.000 -9999.000 -9999.000 -9999.000 -9999.000 -9999.000 -9999.000 -9999.000 -9999.000 -9999.000 -9999.000 -9999.000 -9999.000 -9999.000 -9999.000 0.1794767 0.1669510 0.1732760 0.1830534 0.1946193 0.2075799 0.2217960 0.2372394 0.2539912 0.2722811 0.2925434 0.3154802 0.3420866 0.3716405 0.3564561 0.3564561 -9999.000 -9999.000 -9999.000 -9999.000 -9999.000 -9999.000 -9999.000 -9999.000 -9999.000 -9999.000 -9999.000 -9999.000 -9999.000 -9999.000 -9999.000 -9999.000 -9999.000 -9999.000 -9999.000 -9999.000 -9999.000 -9999.000 -9999.000 -9999.000 -9999.000 -9999.000 -9999.000 -9999.000 -9999.000
-9999.000 -9999.000 -9999.000 -9999.000 -9999.000 -9999.000 -9999.000 -9999.000 -9999.000 -9999.000 -9999.000 -9999.000 -9999.000 -9999.000 -9999.000 0.1612161 0.1500994 0.1582091 0.1700440 0.1838689 0.1992545 0.2160574 0.2342748 0.2540499 0.2757237 0.2999133 0.3276107 0.3602630 0.3976316 0.3876780 0.3876780 -9999.000 -9999.000 -9999.000 -9999.000 -9999.000 -9999.000 -9999.000 -9999.000 -9999.000 -9999.000 -9999.000 -9999.000 -9999.000 -9999.000 -9999.000 -9999.000 -9999.000 -9999.000 -9999.000 -9999.000 -9999.000 -9999.000 -9999.000 -9999.000 -9999.000 -9999.000 -9999.000 -9999.000 -9999.000
-9999.000 -9999.000 -9999.000 -9999.000 -9999.000 -9999.000 -9999.000 -9999.000 -9999.000 -9999.000 -9999.000 -9999.000 -9999.000 -9999.000 -9999.000 0.1403777 0.1320877 0.1425388 0.1568314 0.1732331 0.1912990 0.2109008 0.2320864 0.2550920 0.2804138 0.3089228 0.3420286 0.3818759 0.4292361 0.4287303 0.4287303 -9999.000 -9999.000 -9999.000 -9999.000 -9999.000 -9999.000 -9999.000 -9999.000 -9999.000 -9999.000 -9999.000 -9999.000 -9999.000 -9999.000 -9999.000 -9999.000 -9999.000 -9999.000 -9999.000 -9999.000 -9999.000 -9999.000 -9999.000 -9999.000 -9999.000 -9999.000 -9999.000 -9999.000 -9999.000
-9999.000 -9999.000 -9999.000 -9999.000 -9999.000 -9999.000 -9999.000 -9999.000 -9999.000 -9999.000 -9999.000 -9999.000 -9999.000 -9999.000 -9999.000 0.1166694 0.1130151 0.1266071 0.1439031 0.1632765 0.1843115 0.2069336 0.2312765 0.2577056 0.2869225 0.3201362 0.3593445 0.4077676 0.4681364 0.4844625 0.4844625 -9999.000 -9999.000 -9999.000 -9999.000 -9999.000 -9999.000 -9999.000 -9999.000 -9999.000 -9999.000 -9999.000 -9999.000 -9999.000 -9999.000 -9999.000 -9999.000 -9999.000 -9999.000 -9999.000 -9999.000 -9999.000 -9999.000 -9999.000 -9999.000 -9999.000 -9999.000 -9999.000 -9999.000 -9999.000
-9999.000 -9999.000 -9999.000 -9999.000 -9999.000 -9999.000 -9999.000 -9999.000 -9999.000 -9999.000 -9999.000 -9999.000 -9999.000 -9999.000 -9999.000 0.8987376E-01 0.9332544E-01 0.1112814 0.1323393 0.1551696 0.1794913 0.2053565 0.2330362 0.2630698 0.2964116 0.3346944 0.3807047 0.4392876 0.5168580 0.5644896 0.5644896 -9999.000 -9999.000 -9999.000 -9999.000 -9999.000 -9999.000 -9999.000 -9999.000 -9999.000 -9999.000 -9999.000 -9999.000 -9999.000 -9999.000 -9999.000 -9999.000 -9999.000 -9999.000 -9999.000 -9999.000 -9999.000 -9999.000 -9999.000 -9999.000 -9999.000 -9999.000 -9999.000 -9999.000 -9999.000
-9999.000 -9999.000 -9999.000 -9999.000 -9999.000 -9999.000 -9999.000 -9999.000 -9999.000 -9999.000 -9999.000 -9999.000 -9999.000 -9999.000 -9999.000 0.6081977E-01 0.8243230E-01 0.1096387 0.1361451 0.1623510 0.1889006 0.2164775 0.2458366 0.2779278 0.3141183 0.3565893 0.4091219 0.4788803 0.5789660 0.6902683 0.6902683 -9999.000 -9999.000 -9999.000 -9999.000 -9999.000 -9999.000 -9999.000 -9999.000 -9999.000 -9999.000 -9999.000 -9999.000 -9999.000 -9999.000 -9999.000 -9999.000 -9999.000 -9999.000 -9999.000 -9999.000 -9999.000 -9999.000 -9999.000 -9999.000 -9999.000 -9999.000 -9999.000 -9999.000 -9999.000
1.475124 1.475124 1.533313 1.563197 1.524902 1.524902 1.381069 1.322364 1.322364 1.268741 1.268741 1.208204 1.170936 1.124420 1.062086 1.062086 0.9175287 0.8538929 0.7863438 0.7181814 0.6530234 0.5947270 0.5471392 0.5139237 0.4985892 0.5048659 0.5377401 0.6060522 0.7281376 0.9601884 0.9601884 1.498246 1.697429 1.795965 1.771306 1.771306 1.634453 1.634453 1.431397 1.431397 1.193936 0.8407131 0.8407131 0.8279002 0.8279002 0.8595005 0.8595005 0.8595005 0.9118878 0.9118878 0.9539555 0.9539555 0.9888738 0.9888738 1.034065 1.034065 1.062359 1.062359 1.062359 1.084259
1.488583 1.488583 1.552097 1.595221 1.571710 1.571710 1.430468 1.382662 1.382662 1.340482 1.340482 1.290273 1.259084 1.222658 1.181975 1.181975 1.123521 1.094520 1.058119 1.014580 0.9650646 0.9117231 0.8577698 0.8075575 0.7666370 0.7418407 0.7415149 0.7763256 0.8611684 1.021318 1.021318 1.420925 1.568604 1.667731 1.681964 1.681964 1.667846 1.667846 1.592122 1.592122 1.488214 1.120134 1.120134 1.104713 1.104713 1.142522 1.142522 1.142522 1.198779 1.198779 1.243805 1.243805 1.267420 1.267420 1.322373 1.322373 1.356052 1.356052 1.356052 1.383771
1.491630 1.491630 1.553486 1.595759 1.574780 1.574780 1.431702 1.385020 1.385020 1.345636 1.345636 1.301601 1.276302 1.248801 1.220526 1.220526 1.190825 1.179623 1.164325 1.143929 1.118107 1.087275 1.052746 1.016938 0.9836185 0.9582012 0.9481441 0.9636393 1.019014 1.137990 1.137990 1.462446 1.596354 1.700587 1.724315 1.724315 1.731260 1.731260 1.689034 1.689034 1.634501 1.366645 1.366645 1.286814 1.286814 1.305965 1.305965 1.305965 1.363206 1.363206 1.403262 1.403262 1.433708 1.433708 1.473986 1.473986 1.503169 1.503169 1.503169 1.526355
1.493964 1.493964 1.554607 1.596019 1.577384 1.577384 1.432371 1.386302 1.386302 1.349387 1.349387 1.310528 1.289681 1.268238 1.247377 1.247377 1.231833 1.228607 1.223552 1.215826 1.204926 1.190713 1.173558 1.154571 1.135881 1.120963 1.115083 1.126025 1.165580 1.255673 1.255673 1.513313 1.633567 1.731796 1.752633 1.752633 1.758494 1.758494 1.735819 1.735819 1.712306 1.556597 1.556597 1.437332 1.437332 1.442791 1.442791 1.442791 1.487113 1.487113 1.522679 1.522679 1.550381 1.550381 1.582633 1.582633 1.608198 1.608198 1.608198 1.628090
1.495725 1.495725 1.555479 1.596255 1.578956 1.578956 1.433795 1.388005 1.388005 1.353774 1.353774 1.320095 1.303348 1.287124 1.272243 1.272243 1.267664 1.269063 1.269245 1.267940 1.265064 1.260639 1.254852 1.248234 1.241909 1.237899 1.239528 1.252118 1.284513 1.356052 1.356052 1.560567 1.663793 1.745189 1.757530 1.757530 1.756179 1.756179 1.750333 1.750333 1.747283 1.682347 1.682347 1.574161 1.574161 1.547691 1.547691 1.547691 1.580097 1.580097 1.611363 1.611363 1.636799 1.636799 1.663505 1.663505 1.685901 1.685901 1.685901 1.703166
1.496995 1.496995 1.556067 1.596446 1.580396 1.580396 1.435625 1.389972 1.389972 1.358551 1.358551 1.330030 1.317197 1.305887 1.296672 1.296672 1.303439 1.308731 1.312296 1.314432 1.315593 1.316228 1.316744 1.317593 1.319437 1.323373 1.331223 1.346205 1.374480 1.431810 1.431810 1.598565 1.680731 1.735049 1.737140 1.737140 1.734455 1.734455 1.748953 1.748953 1.760440 1.754341 1.754341 1.687480 1.687480 1.636844 1.636844 1.636844 1.655220 1.655220 1.680423 1.680423 1.703024 1.703024 1.725593 1.725593 1.744823 1.744823 1.744823 1.759465
1.497753 1.497753 1.556415 1.596577 1.581504 1.581504 1.437715 1.392120 1.392120 1.363489 1.363489 1.339948 1.330856 1.324320 1.320912 1.320912 1.340901 1.350258 1.356671 1.360963 1.364094 1.366977 1.370376 1.374911 1.381132 1.389600 1.400930 1.416446 1.440169 1.485303 1.485303 1.617949 1.676715 1.697459 1.693581 1.693581 1.703148 1.703148 1.740486 1.740486 1.762583 1.790470 1.790470 1.768268 1.768268 1.714893 1.714893 1.714893 1.719473 1.719473 1.736638 1.736638 1.755123 1.755123 1.773684 1.773684 1.789464 1.789464 1.789464 1.801279
1.498003 1.498003 1.556530 1.596635 1.582277 1.582277 1.439948 1.394347 1.394347 1.368373 1.368373 1.349516 1.343957 1.342091 1.344848 1.344848 1.381138 1.395025 1.404228 1.410119 1.414141 1.417654 1.421796 1.427449 1.435222 1.445368 1.457234 1.469938 1.485850 1.515954 1.515954 1.613376 1.644214 1.635181 1.635678 1.635678 1.670313 1.670313 1.728752 1.728752 1.758435 1.805692 1.805692 1.817108 1.817108 1.780342 1.780342 1.780342 1.775638 1.775638 1.784212 1.784212 1.797214 1.797214 1.811129 1.811129 1.823101 1.823101 1.823101 1.831879
1.497746 1.497746 1.556416 1.596611 1.582748 1.582748 1.442271 1.396579 1.396579 1.373023 1.373023 1.358447 1.356159 1.358796 1.368092 1.368092 1.425245 1.444192 1.456270 1.463470 1.467728 1.470851 1.474360 1.479424 1.486805 1.496555 1.506093 1.510904 1.512573 1.521281 1.521281 1.577252 1.578026 1.558889 1.575154 1.575154 1.639602 1.639602 1.714742 1.714742 1.749853 1.808818 1.808818 1.841803 1.841803 1.830383 1.830383 1.830383 1.823381 1.823381 1.825060 1.825060 1.831921 1.831921 1.840523 1.840523 1.848154 1.848154 1.848154 1.853555
1.496983 1.496983 1.556068 1.596512 1.582743 1.582743 1.444504 1.398704 1.398704 1.377305 1.377305 1.366540 1.367198 1.374030 1.389952 1.389952 1.474541 1.498984 1.514040 1.522367 1.526362 1.528307 1.530146 1.533380 1.539001 1.547003 1.551032 1.539309 1.516068 1.497166 1.497166 1.505362 1.482938 1.478622 1.518289 1.518289 1.610691 1.610691 1.698502 1.698502 1.737772 1.804624 1.804624 1.850924 1.850924 1.864464 1.864464 1.864464 1.861367 1.861367 1.859469 1.859469 1.860674 1.860674 1.863554 1.863554 1.866294 1.866294 1.866294 1.867953
1.495708 1.495708 1.555479 1.596350 1.582374 1.582374 1.446602 1.400695 1.400695 1.381099 1.381099 1.373616 1.376852 1.387436 1.409375 1.409375 1.531708 1.561265 1.578725 1.587797 1.591158 1.591370 1.590728 1.591107 1.593848 1.599284 1.592920 1.548547 1.486181 1.431648 1.431648 1.397221 1.375873 1.417596 1.463624 1.463624 1.584621 1.584621 1.682106 1.682106 1.724576 1.796865 1.796865 1.851321 1.851321 1.884935 1.884935 1.884935 1.889104 1.889104 1.887100 1.887100 1.884114 1.884114 1.881421 1.881421 1.878949 1.878949 1.878949 1.876621
1.493944 1.493944 1.554606 1.596137 1.581602 1.581602 1.448340 1.402492 1.402492 1.384323 1.384323 1.379571 1.385031 1.399035 1.427248 1.427248 1.598634 1.632721 1.652305 1.661487 1.663442 1.661104 1.657147 1.653816 1.652772 1.654525 1.628058 1.523982 1.413660 1.326069 1.326069 1.270027 1.270658 1.361646 1.423746 1.423746 1.559365 1.559365 1.665304 1.665304 1.710264 1.786329 1.786329 1.845905 1.845905 1.894027 1.894027 1.894027 1.906028 1.906028 1.906328 1.906328 1.900979 1.900979 1.893514 1.893514 1.886017 1.886017 1.886017 1.879794
