simulation_files/asc/Velocity__x_112.0.asc
NCOLS        79
NROWS        79
XLLCENTER         -1.500000
YLLCENTER         -4.800000
CELLSIZE           0.100
NODATA_VALUE     -9999.0
[rows 0 to 25 of 79, columns 0 to 57 of 79]
-9999.000 -9999.000 -9999.000 -9999.000 -9999.000 -9999.000 -9999.000 -9999.000 -9999.000 -9999.000 -9999.000 -9999.000 -9999.000 -9999.000 -9999.000 0.9116406E-05 0.7886837E-03 0.2399035E-02 0.4011857E-02 0.5476510E-02 0.6750755E-02 0.7838571E-02 0.8765689E-02 0.9559237E-02 0.1021560E-01 0.1064646E-01 0.1059489E-01 0.9500883E-02 0.6335098E-02 0.2673676E-02 0.2673676E-02 -9999.000 -9999.000 -9999.000 -9999.000 -9999.000 -9999.000 -9999.000 -9999.000 -9999.000 -9999.000 -9999.000 -9999.000 -9999.000 -9999.000 -9999.000 -9999.000 -9999.000 -9999.000 -9999.000 -9999.000 -9999.000 -9999.000 -9999.000 -9999.000 -9999.000 -9999.000 -9999.000
-9999.000 -9999.000 -9999.000 -9999.000 -9999.000 -9999.000 -9999.000 -9999.000 -9999.000 -9999.000 -9999.000 -9999.000 -9999.000 -9999.000 -9999.000 0.7075616E-03 0.2304753E-02 0.4835169E-02 0.7367463E-02 0.9705952E-02 0.1176198E-01 0.1349666E-01 0.1489492E-01 0.1594156E-01 0.1658610E-01 0.1668956E-01 0.1595172E-01 0.1380591E-01 0.9313255E-02 0.4196534E-02 0.4196534E-02 -9999.000 -9999.000 -9999.000 -9999.000 -9999.000 -9999.000 -9999.000 -9999.000 -9999.000 -9999.000 -9999.000 -9999.000 -9999.000 -9999.000 -9999.000 -9999.000 -9999.000 -9999.000 -9999.000 -9999.000 -9999.000 -9999.000 -9999.000 -9999.000 -9999.000 -9999.000 -9999.000
-9999.000 -9999.000 -9999.000 -9999.000 -9999.000 -9999.000 -9999.000 -9999.000 -9999.000 -9999.000 -9999.000 -9999.000 -9999.000 -9999.000 -9999.000 0.1243081E-02 0.3489513E-02 0.6777519E-02 0.1002850E-01 0.1301652E-01 0.1562695E-01 0.1779776E-01 0.1949324E-01 0.2068012E-01 0.2129101E-01 0.2117018E-01 0.1999682E-01 0.1717342E-01 0.1170368E-01 0.5409972E-02 0.5409972E-02 -9999.000 -9999.000 -9999.000 -9999.000 -9999.000 -9999.000 -9999.000 -9999.000 -9999.000 -9999.000 -9999.000 -9999.000 -9999.000 -9999.000 -9999.000 -9999.000 -9999.000 -9999.000 -9999.000 -9999.000 -9999.000 -9999.000 -9999.000 -9999.000 -9999.000 -9999.000 -9999.000
-9999.000 -9999.000 -9999.000 -9999.000 -9999.000 -9999.000 -9999.000 -9999.000 -9999.000 -9999.000 -9999.000 -9999.000 -9999.000 -9999.000 -9999.000 0.1679162E-02 0.4453830E-02 0.8357116E-02 0.1218943E-01 0.1569891E-01 0.1875190E-01 0.2127185E-01 0.2321156E-01 0.2452889E-01 0.2514802E-01 0.2490031E-01 0.2344162E-01 0.2012787E-01 0.1387092E-01 0.6531039E-02 0.6531039E-02 -9999.000 -9999.000 -9999.000 -9999.000 -9999.000 -9999.000 -9999.000 -9999.000 -9999.000 -9999.000 -9999.000 -9999.000 -9999.000 -9999.000 -9999.000 -9999.000 -9999.000 -9999.000 -9999.000 -9999.000 -9999.000 -9999.000 -9999.000 -9999.000 -9999.000 -9999.000 -9999.000
-9999.000 -9999.000 -9999.000 -9999.000 -9999.000 -9999.000 -9999.000 -9999.000 -9999.000 -9999.000 -9999.000 -9999.000 -9999.000 -9999.000 -9999.000 0.2060378E-02 0.5291348E-02 0.9722079E-02 0.1405523E-01 0.1801783E-01 0.2146119E-01 0.2429825E-01 0.2647514E-01 0.2794375E-01 0.2862163E-01 0.2832656E-01 0.2668476E-01 0.2299203E-01 0.1603972E-01 0.7675135E-02 0.7675135E-02 -9999.000 -9999.000 -9999.000 -9999.000 -9999.000 -9999.000 -9999.000 -9999.000 -9999.000 -9999.000 -9999.000 -9999.000 -9999.000 -9999.000 -9999.000 -9999.000 -9999.000 -9999.000 -9999.000 -9999.000 -9999.000 -9999.000 -9999.000 -9999.000 -9999.000 -9999.000 -9999.000
-9999.000 -9999.000 -9999.000 -9999.000 -9999.000 -9999.000 -9999.000 -9999.000 -9999.000 -9999.000 -9999.000 -9999.000 -9999.000 -9999.000 -9999.000 0.2421838E-02 0.6076738E-02 0.1098996E-01 0.1578460E-01 0.2017024E-01 0.2398600E-01 0.2713729E-01 0.2956517E-01 0.3121792E-01 0.3200593E-01 0.3173124E-01 0.2998337E-01 0.2598364E-01 0.1837086E-01 0.8927166E-02 0.8927166E-02 -9999.000 -9999.000 -9999.000 -9999.000 -9999.000 -9999.000 -9999.000 -9999.000 -9999.000 -9999.000 -9999.000 -9999.000 -9999.000 -9999.000 -9999.000 -9999.000 -9999.000 -9999.000 -9999.000 -9999.000 -9999.000 -9999.000 -9999.000 -9999.000 -9999.000 -9999.000 -9999.000
-9999.000 -9999.000 -9999.000 -9999.000 -9999.000 -9999.000 -9999.000 -9999.000 -9999.000 -9999.000 -9999.000 -9999.000 -9999.000 -9999.000 -9999.000 0.2790977E-02 0.6867327E-02 0.1225035E-01 0.1749692E-01 0.2230234E-01 0.2649598E-01 0.2997728E-01 0.3268430E-01 0.3456214E-01 0.3551466E-01 0.3532461E-01 0.3353736E-01 0.2928248E-01 0.2100883E-01 0.1036789E-01 0.1036789E-01 -9999.000 -9999.000 -9999.000 -9999.000 -9999.000 -9999.000 -9999.000 -9999.000 -9999.000 -9999.000 -9999.000 -9999.000 -9999.000 -9999.000 -9999.000 -9999.000 -9999.000 -9999.000 -9999.000 -9999.000 -9999.000 -9999.000 -9999.000 -9999.000 -9999.000 -9999.000 -9999.000
-9999.000 -9999.000 -9999.000 -9999.000 -9999.000 -9999.000 -9999.000 -9999.000 -9999.000 -9999.000 -9999.000 -9999.000 -9999.000 -9999.000 -9999.000 0.3189854E-02 0.7709191E-02 0.1357416E-01 0.1928615E-01 0.2452946E-01 0.2912520E-01 0.3296872E-01 0.3599630E-01 0.3815151E-01 0.3933084E-01 0.3929485E-01 0.3753573E-01 0.3307179E-01 0.2411356E-01 0.1209124E-01 0.1209124E-01 -9999.000 -9999.000 -9999.000 -9999.000 -9999.000 -9999.000 -9999.000 -9999.000 -9999.000 -9999.000 -9999.000 -9999.000 -9999.000 -9999.000 -9999.000 -9999.000 -9999.000 -9999.000 -9999.000 -9999.000 -9999.000 -9999.000 -9999.000 -9999.000 -9999.000 -9999.000 -9999.000
-9999.000 -9999.000 -9999.000 -9999.000 -9999.000 -9999.000 -9999.000 -9999.000 -9999.000 -9999.000 -9999.000 -9999.000 -9999.000 -9999.000 -9999.000 0.3637402E-02 0.8641300E-02 0.1502222E-01 0.2123423E-01 0.2695327E-01 0.3199396E-01 0.3624938E-01 0.3965588E-01 0.4215629E-01 0.4364019E-01 0.4384238E-01 0.4219150E-01 0.3756972E-01 0.2788964E-01 0.1422232E-01 0.1422232E-01 -9999.000 -9999.000 -9999.000 -9999.000 -9999.000 -9999.000 -9999.000 -9999.000 -9999.000 -9999.000 -9999.000 -9999.000 -9999.000 -9999.000 -9999.000 -9999.000 -9999.000 -9999.000 -9999.000 -9999.000 -9999.000 -9999.000 -9999.000 -9999.000 -9999.000 -9999.000 -9999.000
-9999.000 -9999.000 -9999.000 -9999.000 -9999.000 -9999.000 -9999.000 -9999.000 -9999.000 -9999.000 -9999.000 -9999.000 -9999.000 -9999.000 -9999.000 0.4152118E-02 0.9702376E-02 0.1665512E-01 0.2342300E-01 0.2967731E-01 0.3522793E-01 0.3996724E-01 0.4383387E-01 0.4677177E-01 0.4866373E-01 0.4921541E-01 0.4777929E-01 0.4307092E-01 0.3262672E-01 0.1694312E-01 0.1694312E-01 -9999.000 -9999.000 -9999.000 -9999.000 -9999.000 -9999.000 -9999.000 -9999.000 -9999.000 -9999.000 -9999.000 -9999.000 -9999.000 -9999.000 -9999.000 -9999.000 -9999.000 -9999.000 -9999.000 -9999.000 -9999.000 -9999.000 -9999.000 -9999.000 -9999.000 -9999.000 -9999.000
-9999.000 -9999.000 -9999.000 -9999.000 -9999.000 -9999.000 -9999.000 -9999.000 -9999.000 -9999.000 -9999.000 -9999.000 -9999.000 -9999.000 -9999.000 0.4755180E-02 0.1093714E-01 0.1854318E-01 0.2594941E-01 0.3282573E-01 0.3897991E-01 0.4430635E-01 0.4874830E-01 0.5225335E-01 0.5469869E-01 0.5575689E-01 0.5468952E-01 0.5000664E-01 0.3876567E-01 0.2053640E-01 0.2053640E-01 -9999.000 -9999.000 -9999.000 -9999.000 -9999.000 -9999.000 -9999.000 -9999.000 -9999.000 -9999.000 -9999.000 -9999.000 -9999.000 -9999.000 -9999.000 -9999.000 -9999.000 -9999.000 -9999.000 -9999.000 -9999.000 -9999.000 -9999.000 -9999.000 -9999.000 -9999.000 -9999.000
-9999.000 -9999.000 -9999.000 -9999.000 -9999.000 -9999.000 -9999.000 -9999.000 -9999.000 -9999.000 -9999.000 -9999.000 -9999.000 -9999.000 -9999.000 0.5475162E-02 0.1240616E-01 0.2078304E-01 0.2894626E-01 0.3657002E-01 0.4346349E-01 0.4952652E-01 0.5471135E-01 0.5897310E-01 0.6218539E-01 0.6398393E-01 0.6352183E-01 0.5905505E-01 0.4702308E-01 0.2546993E-01 0.2546993E-01 -9999.000 -9999.000 -9999.000 -9999.000 -9999.000 -9999.000 -9999.000 -9999.000 -9999.000 -9999.000 -9999.000 -9999.000 -9999.000 -9999.000 -9999.000 -9999.000 -9999.000 -9999.000 -9999.000 -9999.000 -9999.000 -9999.000 -9999.000 -9999.000 -9999.000 -9999.000 -9999.000
-9999.000 -9999.000 -9999.000 -9999.000 -9999.000 -9999.000 -9999.000 -9999.000 -9999.000 -9999.000 -9999.000 -9999.000 -9999.000 -9999.000 -9999.000 0.6356470E-02 0.1420461E-01 0.2352702E-01 0.3262409E-01 0.4118107E-01 0.4901480E-01 0.5603750E-01 0.6221732E-01 0.6752381E-01 0.7183175E-01 0.7473788E-01 0.7526668E-01 0.7135744E-01 0.5864444E-01 0.3256918E-01 0.3256918E-01 -9999.000 -9999.000 -9999.000 -9999.000 -9999.000 -9999.000 -9999.000 -9999.000 -9999.000 -9999.000 -9999.000 -9999.000 -9999.000 -9999.000 -9999.000 -9999.000 -9999.000 -9999.000 -9999.000 -9999.000 -9999.000 -9999.000 -9999.000 -9999.000 -9999.000 -9999.000 -9999.000
-9999.000 -9999.000 -9999.000 -9999.000 -9999.000 -9999.000 -9999.000 -9999.000 -9999.000 -9999.000 -9999.000 -9999.000 -9999.000 -9999.000 -9999.000 0.7559002E-02 0.1664910E-01 0.2725060E-01 0.3759591E-01 0.4739224E-01 0.5647865E-01 0.6479599E-01 0.7234654E-01 0.7913142E-01 0.8504204E-01 0.8964218E-01 0.9181136E-01 0.8909886E-01 0.7607752E-01 0.4351862E-01 0.4351862E-01 -9999.000 -9999.000 -9999.000 -9999.000 -9999.000 -9999.000 -9999.000 -9999.000 -9999.000 -9999.000 -9999.000 -9999.000 -9999.000 -9999.000 -9999.000 -9999.000 -9999.000 -9999.000 -9999.000 -9999.000 -9999.000 -9999.000 -9999.000 -9999.000 -9999.000 -9999.000 -9999.000
-9999.000 -9999.000 -9999.000 -9999.000 -9999.000 -9999.000 -9999.000 -9999.000 -9999.000 -9999.000 -9999.000 -9999.000 -9999.000 -9999.000 -9999.000 0.2272658E-01 0.3868942E-01 0.5479877E-01 0.6814098E-01 0.7920777E-01 0.8844966E-01 0.9626912E-01 0.1029980 0.1088519 0.1138378 0.1175332 0.1187203 0.1146203 0.9872645E-01 0.5217282E-01 0.5217282E-01 -9999.000 -9999.000 -9999.000 -9999.000 -9999.000 -9999.000 -9999.000 -9999.000 -9999.000 -9999.000 -9999.000 -9999.000 -9999.000 -9999.000 -9999.000 -9999.000 -9999.000 -9999.000 -9999.000 -9999.000 -9999.000 -9999.000 -9999.000 -9999.000 -9999.000 -9999.000 -9999.000
2.037968 2.037968 2.096798 2.135586 2.144262 2.144262 2.150225 2.157559 2.157559 2.161050 2.161050 2.161962 2.161701 2.161052 2.162780 2.162780 1.826350 1.774952 1.717623 1.649504 1.569558 1.478177 1.376743 1.267748 1.155089 1.044536 0.9447059 0.8690328 0.8410721 0.9015622 0.9015622 1.793868 1.951932 1.973064 1.954479 1.954479 1.895901 1.895901 1.773047 1.773047 1.460814 1.200854 1.200854 1.142176 1.142176 1.171315 1.171315 1.171315 1.222517 1.222517 1.272627 1.272627 1.325487 1.325487 1.363566 1.363566 1.391882 1.391882
2.055189 2.055189 2.120791 2.175424 2.192958 2.192958 2.207845 2.233052 2.233052 2.254365 2.254365 2.272982 2.281515 2.289616 2.298171 2.298171 2.089353 2.064835 2.051670 2.032953 2.004056 1.963127 1.909207 1.842245 1.763678 1.676892 1.587575 1.506357 1.454322 1.480444 1.480444 1.996680 2.157480 2.269051 2.286251 2.286251 2.276540 2.276540 2.210972 2.210972 2.068733 1.773000 1.773000 1.703628 1.703628 1.734787 1.734787 1.734787 1.783453 1.783453 1.820650 1.820650 1.877314 1.877314 1.917526 1.917526 1.949977 1.949977
2.058895 2.058895 2.123236 2.175816 2.193393 2.193393 2.208443 2.234093 2.234093 2.255920 2.255920 2.275107 2.283949 2.292380 2.300874 2.300874 2.139378 2.113100 2.114150 2.117310 2.114678 2.103911 2.083715 2.052862 2.010766 1.960349 1.905020 1.852191 1.816177 1.835003 1.835003 2.191097 2.337432 2.475331 2.504297 2.504297 2.508281 2.508281 2.451654 2.451654 2.373707 2.156250 2.156250 2.054756 2.054756 2.070079 2.070079 2.070079 2.109619 2.109619 2.146186 2.146186 2.187500 2.187500 2.220433 2.220433 2.246742 2.246742
2.061603 2.061603 2.125463 2.175857 2.193304 2.193304 2.208355 2.234074 2.234074 2.255944 2.255944 2.275147 2.283993 2.292428 2.300727 2.300727 2.174665 2.141027 2.143106 2.153954 2.161868 2.163739 2.158500 2.145401 2.124149 2.096309 2.064127 2.032701 2.012489 2.031514 2.031514 2.286956 2.417502 2.558463 2.589485 2.589485 2.593173 2.593173 2.541071 2.541071 2.492775 2.344158 2.344158 2.234262 2.234262 2.232138 2.232138 2.232138 2.266129 2.266129 2.299669 2.299669 2.334981 2.334981 2.364772 2.364772 2.388313 2.388313
2.063530 2.063530 2.127348 2.175900 2.193197 2.193197 2.208241 2.234034 2.234034 2.255947 2.255947 2.275156 2.284000 2.292431 2.300617 2.300617 2.208471 2.172780 2.172562 2.186142 2.199203 2.207171 2.208751 2.203518 2.191608 2.174488 2.154319 2.135314 2.125688 2.146023 2.146023 2.325993 2.443630 2.574081 2.599007 2.599007 2.592850 2.592850 2.551257 2.551257 2.524873 2.441209 2.441209 2.348346 2.348346 2.324955 2.324955 2.324955 2.352185 2.352185 2.382752 2.382752 2.414329 2.414329 2.441525 2.441525 2.462791 2.462791
2.064814 2.064814 2.128750 2.175950 2.193104 2.193104 2.208134 2.233994 2.233994 2.255949 2.255949 2.275165 2.284007 2.292435 2.300559 2.300559 2.239846 2.209232 2.207551 2.221715 2.237626 2.249312 2.254798 2.253552 2.245849 2.233147 2.217760 2.203650 2.197778 2.215359 2.215359 2.342571 2.441716 2.543660 2.555561 2.555561 2.541584 2.541584 2.523614 2.523614 2.517738 2.488083 2.488083 2.427988 2.427988 2.390040 2.390040 2.390040 2.407994 2.407994 2.433846 2.433846 2.461453 2.461453 2.485635 2.485635 2.504458 2.504458
2.065548 2.065548 2.129606 2.175992 2.193043 2.193043 2.208060 2.233964 2.233964 2.255950 2.255950 2.275173 2.284013 2.292439 2.300529 2.300529 2.268558 2.248811 2.248626 2.262663 2.279848 2.293794 2.301828 2.303044 2.297542 2.286568 2.272406 2.258861 2.252056 2.262918 2.262918 2.347845 2.419122 2.471943 2.470465 2.470465 2.465396 2.465396 2.482082 2.482082 2.494338 2.504949 2.504949 2.480581 2.480581 2.441819 2.441819 2.441819 2.450006 2.450006 2.469277 2.469277 2.491811 2.491811 2.512240 2.512240 2.528188 2.528188
2.065788 2.065788 2.129893 2.176008 2.193022 2.193022 2.208034 2.233953 2.233953 2.255950 2.255950 2.275175 2.284015 2.292440 2.300514 2.300514 2.295730 2.290454 2.295328 2.309774 2.327114 2.341938 2.351335 2.354022 2.349774 2.339457 2.325066 2.310091 2.299751 2.300317 2.300317 2.343133 2.370445 2.362509 2.359621 2.359621 2.386250 2.386250 2.438631 2.438631 2.464919 2.503685 2.503685 2.510131 2.510131 2.483705 2.483705 2.483705 2.484658 2.484658 2.496533 2.496533 2.512891 2.512891 2.528576 2.528576 2.540966 2.540966
2.065548 2.065548 2.129606 2.175992 2.193042 2.193042 2.208060 2.233963 2.233963 2.255949 2.255949 2.275172 2.284012 2.292438 2.300505 2.300505 2.323438 2.334244 2.347082 2.363239 2.380188 2.394590 2.404020 2.407089 2.403281 2.393021 2.377845 2.360702 2.345377 2.330575 2.330575 2.318203 2.278682 2.231125 2.246345 2.246345 2.316364 2.316364 2.397013 2.397013 2.433260 2.491493 2.491493 2.521620 2.521620 2.515264 2.515264 2.515264 2.513428 2.513428 2.518643 2.518643 2.528131 2.528131 2.538097 2.538097 2.546203 2.546203
2.064814 2.064814 2.128750 2.175950 2.193104 2.193104 2.208135 2.233993 2.233993 2.255949 2.255949 2.275165 2.284007 2.292434 2.300500 2.300500 2.354494 2.381490 2.403769 2.422902 2.439363 2.452255 2.460308 2.462460 2.458092 2.447258 2.430966 2.411413 2.389514 2.347555 2.347555 2.245815 2.127635 2.105468 2.148644 2.148644 2.256978 2.256978 2.357069 2.357069 2.400340 2.472369 2.472369 2.519742 2.519742 2.535355 2.535355 2.535355 2.535162 2.535162 2.535686 2.535686 2.538388 2.538388 2.541999 2.541999 2.545254 2.545254
2.063530 2.063530 2.127347 2.175900 2.193197 2.193197 2.208240 2.234034 2.234034 2.255948 2.255948 2.275156 2.284000 2.292431 2.300498 2.300498 2.392501 2.434618 2.466060 2.488551 2.504421 2.514908 2.520221 2.520028 2.513891 2.501657 2.483847 2.461613 2.428759 2.327620 2.327620 2.085971 1.935650 2.002388 2.063592 2.063592 2.202903 2.202903 2.316462 2.316462 2.365085 2.447433 2.447433 2.507238 2.507238 2.542973 2.542973 2.542973 2.547464 2.547464 2.545676 2.545676 2.542461 2.542461 2.539652 2.539652 2.537841 2.537841
