simulation_files/asc/Velocity__y_234.0.asc
NCOLS        79
NROWS        79
XLLCENTER         -1.500000
YLLCENTER         -4.800000
CELLSIZE           0.100
NODATA_VALUE     -9999.0
[rows 0 to 26 of 79, columns 0 to 58 of 79]
-9999.000 -9999.000 -9999.000 -9999.000 -9999.000 -9999.000 -9999.000 -9999.000 -9999.000 -9999.000 -9999.000 -9999.000 -9999.000 -9999.000 -9999.000 -0.9003841E-01 -0.8686452E-01 -0.8554021E-01 -0.8504347E-01 -0.8551451E-01 -0.8631075E-01 -0.8714896E-01 -0.8796765E-01 -0.8868885E-01 -0.8930512E-01 -0.8984736E-01 -0.9034889E-01 -0.9097715E-01 -0.9232150E-01 -0.9371150E-01 -0.9371150E-01 -9999.000 -9999.000 -9999.000 -9999.000 -9999.000 -9999.000 -9999.000 -9999.000 -9999.000 -9999.000 -9999.000 -9999.000 -9999.000 -9999.000 -9999.000 -9999.000 -9999.000 -9999.000 -9999.000 -9999.000 -9999.000 -9999.000 -9999.000 -9999.000 -9999.000 -9999.000 -9999.000 -9999.000
-9999.000 -9999.000 -9999.000 -9999.000 -9999.000 -9999.000 -9999.000 -9999.000 -9999.000 -9999.000 -9999.000 -9999.000 -9999.000 -9999.000 -9999.000 -0.9077282E-01 -0.8410896E-01 -0.8127924E-01 -0.8023839E-01 -0.8129495E-01 -0.8308891E-01 -0.8500885E-01 -0.8691256E-01 -0.8862330E-01 -0.9011577E-01 -0.9144843E-01 -0.9268491E-01 -0.9417165E-01 -0.9713996E-01 -0.1004863 -0.1004863 -9999.000 -9999.000 -9999.000 -9999.000 -9999.000 -9999.000 -9999.000 -9999.000 -9999.000 -9999.000 -9999.000 -9999.000 -9999.000 -9999.000 -9999.000 -9999.000 -9999.000 -9999.000 -9999.000 -9999.000 -9999.000 -9999.000 -9999.000 -9999.000 -9999.000 -9999.000 -9999.000 -9999.000
-9999.000 -9999.000 -9999.000 -9999.000 -9999.000 -9999.000 -9999.000 -9999.000 -9999.000 -9999.000 -9999.000 -9999.000 -9999.000 -9999.000 -9999.000 -0.9055696E-01 -0.8007954E-01 -0.7552857E-01 -0.7391320E-01 -0.7574569E-01 -0.7884160E-01 -0.8220366E-01 -0.8558443E-01 -0.8867961E-01 -0.9143143E-01 -0.9391914E-01 -0.9623028E-01 -0.9890776E-01 -0.1039099 -0.1099620 -0.1099620 -9999.000 -9999.000 -9999.000 -9999.000 -9999.000 -9999.000 -9999.000 -9999.000 -9999.000 -9999.000 -9999.000 -9999.000 -9999.000 -9999.000 -9999.000 -9999.000 -9999.000 -9999.000 -9999.000 -9999.000 -9999.000 -9999.000 -9999.000 -9999.000 -9999.000 -9999.000 -9999.000 -9999.000
-9999.000 -9999.000 -9999.000 -9999.000 -9999.000 -9999.000 -9999.000 -9999.000 -9999.000 -9999.000 -9999.000 -9999.000 -9999.000 -9999.000 -9999.000 -0.8983795E-01 -0.7555710E-01 -0.6928580E-01 -0.6713329E-01 -0.6982056E-01 -0.7431266E-01 -0.7921923E-01 -0.8418754E-01 -0.8877803E-01 -0.9289871E-01 -0.9664615E-01 -0.1001275 -0.1040877 -0.1112477 -0.1204855 -0.1204855 -9999.000 -9999.000 -9999.000 -9999.000 -9999.000 -9999.000 -9999.000 -9999.000 -9999.000 -9999.000 -9999.000 -9999.000 -9999.000 -9999.000 -9999.000 -9999.000 -9999.000 -9999.000 -9999.000 -9999.000 -9999.000 -9999.000 -9999.000 -9999.000 -9999.000 -9999.000 -9999.000 -9999.000
-9999.000 -9999.000 -9999.000 -9999.000 -9999.000 -9999.000 -9999.000 -9999.000 -9999.000 -9999.000 -9999.000 -9999.000 -9999.000 -9999.000 -9999.000 -0.8883866E-01 -0.7071909E-01 -0.6271137E-01 -0.6003753E-01 -0.6363320E-01 -0.6958442E-01 -0.7610067E-01 -0.8272588E-01 -0.8887828E-01 -0.9443215E-01 -0.9950246E-01 -0.1042141 -0.1095249 -0.1189650 -0.1319076 -0.1319076 -9999.000 -9999.000 -9999.000 -9999.000 -9999.000 -9999.000 -9999.000 -9999.000 -9999.000 -9999.000 -9999.000 -9999.000 -9999.000 -9999.000 -9999.000 -9999.000 -9999.000 -9999.000 -9999.000 -9999.000 -9999.000 -9999.000 -9999.000 -9999.000 -9999.000 -9999.000 -9999.000 -9999.000
-9999.000 -9999.000 -9999.000 -9999.000 -9999.000 -9999.000 -9999.000 -9999.000 -9999.000 -9999.000 -9999.000 -9999.000 -9999.000 -9999.000 -9999.000 -0.8762569E-01 -0.6562462E-01 -0.5586343E-01 -0.5267891E-01 -0.5722966E-01 -0.6469018E-01 -0.7286439E-01 -0.8119792E-01 -0.8895887E-01 -0.9599113E-01 -0.1024297 -0.1084168 -0.1151376 -0.1269909 -0.1442439 -0.1442439 -9999.000 -9999.000 -9999.000 -9999.000 -9999.000 -9999.000 -9999.000 -9999.000 -9999.000 -9999.000 -9999.000 -9999.000 -9999.000 -9999.000 -9999.000 -9999.000 -9999.000 -9999.000 -9999.000 -9999.000 -9999.000 -9999.000 -9999.000 -9999.000 -9999.000 -9999.000 -9999.000 -9999.000
-9999.000 -9999.000 -9999.000 -9999.000 -9999.000 -9999.000 -9999.000 -9999.000 -9999.000 -9999.000 -9999.000 -9999.000 -9999.000 -9999.000 -9999.000 -0.8619873E-01 -0.6028096E-01 -0.4875333E-01 -0.4507072E-01 -0.5062419E-01 -0.5964031E-01 -0.6951384E-01 -0.7959902E-01 -0.8900598E-01 -0.9755234E-01 -0.1053968 -0.1126977 -0.1208872 -0.1353043 -0.1576031 -0.1576031 -9999.000 -9999.000 -9999.000 -9999.000 -9999.000 -9999.000 -9999.000 -9999.000 -9999.000 -9999.000 -9999.000 -9999.000 -9999.000 -9999.000 -9999.000 -9999.000 -9999.000 -9999.000 -9999.000 -9999.000 -9999.000 -9999.000 -9999.000 -9999.000 -9999.000 -9999.000 -9999.000 -9999.000
-9999.000 -9999.000 -9999.000 -9999.000 -9999.000 -9999.000 -9999.000 -9999.000 -9999.000 -9999.000 -9999.000 -9999.000 -9999.000 -9999.000 -9999.000 -0.8452445E-01 -0.5467058E-01 -0.4137009E-01 -0.3720751E-01 -0.4381652E-01 -0.5443439E-01 -0.6604543E-01 -0.7792240E-01 -0.8900741E-01 -0.9909848E-01 -0.1083821 -0.1170325 -0.1267511 -0.1439060 -0.1721614 -0.1721614 -9999.000 -9999.000 -9999.000 -9999.000 -9999.000 -9999.000 -9999.000 -9999.000 -9999.000 -9999.000 -9999.000 -9999.000 -9999.000 -9999.000 -9999.000 -9999.000 -9999.000 -9999.000 -9999.000 -9999.000 -9999.000 -9999.000 -9999.000 -9999.000 -9999.000 -9999.000 -9999.000 -9999.000
-9999.000 -9999.000 -9999.000 -9999.000 -9999.000 -9999.000 -9999.000 -9999.000 -9999.000 -9999.000 -9999.000 -9999.000 -9999.000 -9999.000 -9999.000 -0.8255084E-01 -0.4876208E-01 -0.3369089E-01 -0.2907332E-01 -0.3679748E-01 -0.4906536E-01 -0.6245085E-01 -0.7615801E-01 -0.8894902E-01 -0.1006116 -0.1113650 -0.1213981 -0.1327111 -0.1528057 -0.1881624 -0.1881624 -9999.000 -9999.000 -9999.000 -9999.000 -9999.000 -9999.000 -9999.000 -9999.000 -9999.000 -9999.000 -9999.000 -9999.000 -9999.000 -9999.000 -9999.000 -9999.000 -9999.000 -9999.000 -9999.000 -9999.000 -9999.000 -9999.000 -9999.000 -9999.000 -9999.000 -9999.000 -9999.000 -9999.000
-9999.000 -9999.000 -9999.000 -9999.000 -9999.000 -9999.000 -9999.000 -9999.000 -9999.000 -9999.000 -9999.000 -9999.000 -9999.000 -9999.000 -9999.000 -0.8021089E-01 -0.4251370E-01 -0.2568380E-01 -0.2064392E-01 -0.2955209E-01 -0.4352076E-01 -0.5871653E-01 -0.7429128E-01 -0.8881234E-01 -0.1020695 -0.1143202 -0.1257676 -0.1387446 -0.1620152 -0.2059296 -0.2059296 -9999.000 -9999.000 -9999.000 -9999.000 -9999.000 -9999.000 -9999.000 -9999.000 -9999.000 -9999.000 -9999.000 -9999.000 -9999.000 -9999.000 -9999.000 -9999.000 -9999.000 -9999.000 -9999.000 -9999.000 -9999.000 -9999.000 -9999.000 -9999.000 -9999.000 -9999.000 -9999.000 -9999.000
-9999.000 -9999.000 -9999.000 -9999.000 -9999.000 -9999.000 -9999.000 -9999.000 -9999.000 -9999.000 -9999.000 -9999.000 -9999.000 -9999.000 -9999.000 -0.7742310E-01 -0.3587330E-01 -0.1730760E-01 -0.1188790E-01 -0.2205904E-01 -0.3778239E-01 -0.5482307E-01 -0.7230125E-01 -0.8857214E-01 -0.1034420 -0.1172143 -0.1301038 -0.1448202 -0.1715425 -0.2258954 -0.2258954 -9999.000 -9999.000 -9999.000 -9999.000 -9999.000 -9999.000 -9999.000 -9999.000 -9999.000 -9999.000 -9999.000 -9999.000 -9999.000 -9999.000 -9999.000 -9999.000 -9999.000 -9999.000 -9999.000 -9999.000 -9999.000 -9999.000 -9999.000 -9999.000 -9999.000 -9999.000 -9999.000 -9999.000
-9999.000 -9999.000 -9999.000 -9999.000 -9999.000 -9999.000 -9999.000 -9999.000 -9999.000 -9999.000 -9999.000 -9999.000 -9999.000 -9999.000 -9999.000 -0.7408793E-01 -0.2877549E-01 -0.8509901E-02 -0.2763154E-02 -0.1428970E-01 -0.3182501E-01 -0.5074391E-01 -0.7015981E-01 -0.8819368E-01 -0.1046887 -0.1200011 -0.1343553 -0.1508908 -0.1813878 -0.2486472 -0.2486472 -9999.000 -9999.000 -9999.000 -9999.000 -9999.000 -9999.000 -9999.000 -9999.000 -9999.000 -9999.000 -9999.000 -9999.000 -9999.000 -9999.000 -9999.000 -9999.000 -9999.000 -9999.000 -9999.000 -9999.000 -9999.000 -9999.000 -9999.000 -9999.000 -9999.000 -9999.000 -9999.000 -9999.000
-9999.000 -9999.000 -9999.000 -9999.000 -9999.000 -9999.000 -9999.000 -9999.000 -9999.000 -9999.000 -9999.000 -9999.000 -9999.000 -9999.000 -9999.000 -0.7005929E-01 -0.2111852E-01 0.7928411E-03 0.6787851E-02 -0.6210442E-02 -0.2561996E-01 -0.4644825E-01 -0.6783328E-01 -0.8763452E-01 -0.1057574 -0.1226197 -0.1384513 -0.1568884 -0.1915373 -0.2750054 -0.2750054 -9999.000 -9999.000 -9999.000 -9999.000 -9999.000 -9999.000 -9999.000 -9999.000 -9999.000 -9999.000 -9999.000 -9999.000 -9999.000 -9999.000 -9999.000 -9999.000 -9999.000 -9999.000 -9999.000 -9999.000 -9999.000 -9999.000 -9999.000 -9999.000 -9999.000 -9999.000 -9999.000 -9999.000
-9999.000 -9999.000 -9999.000 -9999.000 -9999.000 -9999.000 -9999.000 -9999.000 -9999.000 -9999.000 -9999.000 -9999.000 -9999.000 -9999.000 -9999.000 -0.6412426E-01 -0.1197980E-01 0.1117656E-01 0.1682707E-01 0.1977196E-02 -0.1939719E-01 -0.4215741E-01 -0.6551973E-01 -0.8705444E-01 -0.1067673 -0.1251495 -0.1424337 -0.1628367 -0.2020668 -0.3062834 -0.3062834 -9999.000 -9999.000 -9999.000 -9999.000 -9999.000 -9999.000 -9999.000 -9999.000 -9999.000 -9999.000 -9999.000 -9999.000 -9999.000 -9999.000 -9999.000 -9999.000 -9999.000 -9999.000 -9999.000 -9999.000 -9999.000 -9999.000 -9999.000 -9999.000 -9999.000 -9999.000 -9999.000 -9999.000
-9999.000 -9999.000 -9999.000 -9999.000 -9999.000 -9999.000 -9999.000 -9999.000 -9999.000 -9999.000 -9999.000 -9999.000 -9999.000 -9999.000 -9999.000 -0.6316094E-02 0.1738386E-01 0.2380766E-01 0.1680202E-01 -0.3192944E-02 -0.2456417E-01 -0.4717959E-01 -0.7056205E-01 -0.9206628E-01 -0.1118861 -0.1305803 -0.1483384 -0.1699888 -0.2134887 -0.3423001 -0.3423001 -9999.000 -9999.000 -9999.000 -9999.000 -9999.000 -9999.000 -9999.000 -9999.000 -9999.000 -9999.000 -9999.000 -9999.000 -9999.000 -9999.000 -9999.000 -9999.000 -9999.000 -9999.000 -9999.000 -9999.000 -9999.000 -9999.000 -9999.000 -9999.000 -9999.000 -9999.000 -9999.000 -9999.000
-0.4128343E-02 -0.4128343E-02 -0.5736112E-02 -0.7130118E-02 -0.6688193E-02 -0.6688193E-02 -0.6553430E-02 -0.6512631E-02 -0.6512631E-02 -0.6503027E-02 -0.6503027E-02 -0.6479963E-02 -0.6465268E-02 -0.6448783E-02 -0.6436032E-02 -0.6436032E-02 0.3722530E-01 0.3279636E-01 0.1758062E-01 -0.5728621E-02 -0.3310577E-01 -0.6352473E-01 -0.9592042E-01 -0.1285546 -0.1602172 -0.1901610 -0.2178247 -0.2444834 -0.2774899 -0.3509526 -0.3509526 -0.1977181 -0.1079975 -0.3883984E-01 -0.2945031E-01 -0.2945031E-01 -0.2269965E-01 -0.2269965E-01 -0.1090248E-01 -0.1090248E-01 0.7330556E-04 0.2644630E-01 0.2644630E-01 0.2772849E-01 0.2772849E-01 -0.3751517E-02 -0.3751517E-02 -0.3751517E-02 -0.8177352E-03 -0.8177352E-03 0.9076123E-05 0.9076123E-05 -0.6426508E-03 -0.6426508E-03 -0.1825839E-02 -0.1825839E-02 -0.3028818E-02 -0.3028818E-02 -0.3028818E-02
-0.6051909E-02 -0.6051909E-02 -0.8090740E-02 -0.1038422E-01 -0.9489054E-02 -0.9489054E-02 -0.9191610E-02 -0.9140111E-02 -0.9140111E-02 -0.9167790E-02 -0.9167790E-02 -0.9162917E-02 -0.9152523E-02 -0.9139819E-02 -0.9150890E-02 -0.9150890E-02 0.3108068E-01 0.2778763E-01 0.1246337E-01 -0.1284270E-01 -0.4745163E-01 -0.8883305E-01 -0.1348392 -0.1838263 -0.2337999 -0.2828442 -0.3293262 -0.3714160 -0.4068548 -0.4313622 -0.4313622 -0.2952409 -0.1983457 -0.1053150 -0.8681941E-01 -0.8681941E-01 -0.6360631E-01 -0.6360631E-01 -0.2300433E-01 -0.2300433E-01 0.1002527E-01 0.8326870E-01 0.8326870E-01 0.1004442 0.1004442 0.2039290E-01 0.2039290E-01 0.2039290E-01 0.7713970E-02 0.7713970E-02 0.1374633E-02 0.1374633E-02 -0.3275144E-02 -0.3275144E-02 -0.7123732E-02 -0.7123732E-02 -0.1006418E-01 -0.1006418E-01 -0.1006418E-01
-0.4380330E-02 -0.4380330E-02 -0.5961949E-02 -0.9042313E-02 -0.8161369E-02 -0.8161369E-02 -0.7762589E-02 -0.7688805E-02 -0.7688805E-02 -0.7764466E-02 -0.7764466E-02 -0.7794703E-02 -0.7797116E-02 -0.7797051E-02 -0.7858634E-02 -0.7858634E-02 0.2070310E-01 0.1786751E-01 0.2975826E-02 -0.2239477E-01 -0.5748899E-01 -0.1005417 -0.1497701 -0.2037390 -0.2608453 -0.3193840 -0.3777007 -0.4337954 -0.4847276 -0.5239734 -0.5239734 -0.4361024 -0.3525732 -0.2372442 -0.2002792 -0.2002792 -0.1350955 -0.1350955 -0.3673377E-01 -0.3673377E-01 0.3024002E-01 0.1605885 0.1605885 0.2065457 0.2065457 0.8243755E-01 0.8243755E-01 0.8243755E-01 0.3198707E-01 0.3198707E-01 0.5915636E-02 0.5915636E-02 -0.8620727E-02 -0.8620727E-02 -0.1760036E-01 -0.1760036E-01 -0.2297473E-01 -0.2297473E-01 -0.2297473E-01
-0.2768322E-02 -0.2768322E-02 -0.3761509E-02 -0.7673772E-02 -0.6735287E-02 -0.6735287E-02 -0.6262996E-02 -0.6137061E-02 -0.6137061E-02 -0.6209423E-02 -0.6209423E-02 -0.6235879E-02 -0.6237221E-02 -0.6236927E-02 -0.6344192E-02 -0.6344192E-02 0.1044227E-01 0.5652547E-02 -0.1026758E-01 -0.3633802E-01 -0.7176711E-01 -0.1152579 -0.1653610 -0.2208148 -0.2803404 -0.3425937 -0.4062233 -0.4695703 -0.5299908 -0.5812637 -0.5812637 -0.5421031 -0.4836081 -0.3725167 -0.3227032 -0.3227032 -0.2065977 -0.2065977 -0.3443496E-01 -0.3443496E-01 0.6395815E-01 0.2259388 0.2259388 0.2847089 0.2847089 0.1493518 0.1493518 0.1493518 0.6425572E-01 0.6425572E-01 0.1407373E-01 0.1407373E-01 -0.1395276E-01 -0.1395276E-01 -0.2978555E-01 -0.2978555E-01 -0.3802449E-01 -0.3802449E-01 -0.3802449E-01
-0.1216851E-02 -0.1216851E-02 -0.2609722E-02 -0.6049219E-02 -0.5187981E-02 -0.5187981E-02 -0.4735533E-02 -0.4592993E-02 -0.4592993E-02 -0.4651699E-02 -0.4651699E-02 -0.4671629E-02 -0.4672530E-02 -0.4672467E-02 -0.4836560E-02 -0.4836560E-02 0.3423237E-03 -0.8485002E-02 -0.2720758E-01 -0.5523538E-01 -0.9185889E-01 -0.1361016 -0.1868296 -0.2429696 -0.3034595 -0.3672021 -0.4330888 -0.4998024 -0.5652264 -0.6242262 -0.6242262 -0.6212844 -0.5889052 -0.4927482 -0.4309351 -0.4309351 -0.2508166 -0.2508166 -0.7271564E-02 -0.7271564E-02 0.1067707 0.2671143 0.2671143 0.3243651 0.3243651 0.2041826 0.2041826 0.2041826 0.9897338E-01 0.9897338E-01 0.2672868E-01 0.2672868E-01 -0.1637489E-01 -0.1637489E-01 -0.4055445E-01 -0.4055445E-01 -0.5237523E-01 -0.5237523E-01 -0.5237523E-01
0.2924007E-03 0.2924007E-03 -0.2511808E-02 -0.4139649E-02 -0.3512458E-02 -0.3512458E-02 -0.3171125E-02 -0.3056999E-02 -0.3056999E-02 -0.3100662E-02 -0.3100662E-02 -0.3113746E-02 -0.3113316E-02 -0.3112518E-02 -0.3347778E-02 -0.3347778E-02 -0.1009556E-01 -0.2474075E-01 -0.4809176E-01 -0.7959952E-01 -0.1185963 -0.1643218 -0.2159377 -0.2726195 -0.3335437 -0.3978479 -0.4646321 -0.5328379 -0.6007961 -0.6644566 -0.6644566 -0.6861757 -0.6757385 -0.5892032 -0.5062400 -0.5062400 -0.2462896 -0.2462896 0.3587959E-01 0.3587959E-01 0.1436193 0.2795550 0.2795550 0.3302043 0.3302043 0.2392959 0.2392959 0.2392959 0.1309257 0.1309257 0.4311398E-01 0.4311398E-01 -0.1462065E-01 -0.1462065E-01 -0.4817456E-01 -0.4817456E-01 -0.6438270E-01 -0.6438270E-01 -0.6438270E-01
0.6875778E-03 0.6875778E-03 -0.1631933E-02 -0.2124310E-02 -0.1783748E-02 -0.1783748E-02 -0.1597064E-02 -0.1530091E-02 -0.1530091E-02 -0.1550009E-02 -0.1550009E-02 -0.1553457E-02 -0.1551721E-02 -0.1550464E-02 -0.1880248E-02 -0.1880248E-02 -0.2164716E-01 -0.4379990E-01 -0.7361692E-01 -0.1102637 -0.1529986 -0.2011787 -0.2542112 -0.3115460 -0.3726434 -0.4369232 -0.5037384 -0.5722865 -0.6412703 -0.7074655 -0.7074655 -0.7449588 -0.7498075 -0.6497228 -0.5261642 -0.5261642 -0.1928122 -0.1928122 0.7397849E-01 0.7397849E-01 0.1607396 0.2669403 0.2669403 0.3120392 0.3120392 0.2532432 0.2532432 0.2532432 0.1552448 0.1552448 0.6090410E-01 0.6090410E-01 -0.8702766E-02 -0.8702766E-02 -0.5169503E-01 -0.5169503E-01 -0.7287896E-01 -0.7287896E-01 -0.7287896E-01
-0.1348295E-04 -0.1348295E-04 0.1268454E-04 -0.6517588E-05 -0.5557858E-05 -0.5557858E-05 -0.3787303E-05 0.4084906E-06 0.4084906E-06 0.3558263E-05 0.3558263E-05 0.4607300E-05 0.4260687E-05 0.3643709E-05 -0.4546031E-03 -0.4546031E-03 -0.3542774E-01 -0.6691067E-01 -0.1050892 -0.1485983 -0.1965102 -0.2482256 -0.3033470 -0.3615974 -0.4227459 -0.4865366 -0.5526342 -0.6205389 -0.6892903 -0.7561000 -0.7561000 -0.8017579 -0.8114881 -0.6503828 -0.4707868 -0.4707868 -0.1185177 -0.1185177 0.9119238E-01 0.9119238E-01 0.1551776 0.2376636 0.2376636 0.2794613 0.2794613 0.2485297 0.2485297 0.2485297 0.1684299 0.1684299 0.7679820E-01 0.7679820E-01 0.2445914E-03 0.2445914E-03 -0.5081883E-01 -0.5081883E-01 -0.7698921E-01 -0.7698921E-01 -0.7698921E-01
-0.7125012E-03 -0.7125012E-03 0.1654643E-02 0.2111171E-02 0.1772732E-02 0.1772732E-02 0.1589730E-02 0.1531246E-02 0.1531246E-02 0.1557378E-02 0.1557378E-02 0.1562467E-02 0.1560267E-02 0.1557609E-02 0.9254912E-03 0.9254912E-03 -0.5303691E-01 -0.9603912E-01 -0.1446187 -0.1967373 -0.2512341 -0.3075328 -0.3654190 -0.4248870 -0.4860251 -0.5489219 -0.6135938 -0.6798832 -0.7470936 -0.8120371 -0.8120371 -0.8564977 -0.8504758 -0.5644246 -0.3510630 -0.3510630 -0.5890953E-01 -0.5890953E-01 0.8643009E-01 0.8643009E-01 0.1334196 0.2001646 0.2001646 0.2395869 0.2395869 0.2294033 0.2294033 0.2294033 0.1691209 0.1691209 0.8752102E-01 0.8752102E-01 0.1025449E-01 0.1025449E-01 -0.4589955E-01 -0.4589955E-01 -0.7615841E-01 -0.7615841E-01 -0.7615841E-01
-0.3116314E-03 -0.3116314E-03 0.2528014E-02 0.4127848E-02 0.3503493E-02 0.3503493E-02 0.3166144E-02 0.3058978E-02 0.3058978E-02 0.3106966E-02 0.3106966E-02 0.3120570E-02 0.3119409E-02 0.3117436E-02 0.2250872E-02 0.2250872E-02 -0.7696804E-01 -0.1342914 -0.1955238 -0.2579607 -0.3202800 -0.3820017 -0.4431443 -0.5040011 -0.5649945 -0.6265663 -0.6890957 -0.7527685 -0.8168411 -0.8751817 -0.8751817 -0.8997555 -0.8334044 -0.4034496 -0.2197542 -0.2197542 -0.2901547E-01 -0.2901547E-01 0.6853877E-01 0.6853877E-01 0.1045598 0.1604048 0.1604048 0.1968371 0.1968371 0.2001631 0.2001631 0.2001631 0.1579735 0.1579735 0.9074776E-01 0.9074776E-01 0.1901326E-01 0.1901326E-01 -0.3787937E-01 -0.3787937E-01 -0.7023904E-01 -0.7023904E-01 -0.7023904E-01
0.1204829E-02 0.1204829E-02 0.2618682E-02 0.6039128E-02 0.5181727E-02 0.5181727E-02 0.4733250E-02 0.4596362E-02 0.4596362E-02 0.4657401E-02 0.4657401E-02 0.4676824E-02 0.4676697E-02 0.4675815E-02 0.3489505E-02 0.3489505E-02 -0.1113962 -0.1867018 -0.2630356 -0.3373011 -0.4082847 -0.4758112 -0.5402663 -0.6023208 -0.6627641 -0.7223991 -0.7819627 -0.8418882 -0.9001462 -0.9385329 -0.9385329 -0.8948212 -0.7015840 -0.2367594 -0.1271585 -0.1271585 -0.2113419E-01 -0.2113419E-01 0.4680314E-01 0.4680314E-01 0.7516571E-01 0.1216214 0.1216214 0.1536816 0.1536816 0.1644277 0.1644277 0.1644277 0.1369980 0.1369980 0.8563831E-01 0.8563831E-01 0.2454970E-01 0.2454970E-01 -0.2803511E-01 -0.2803511E-01 -0.5952722E-01 -0.5952722E-01 -0.5952722E-01
0.2762408E-02 0.2762408E-02 0.3765595E-02 0.7666570E-02 0.6732563E-02 0.6732563E-02 0.6263357E-02 0.6140213E-02 0.6140213E-02 0.6213198E-02 0.6213198E-02 0.6239076E-02 0.6240126E-02 0.6239585E-02 0.4613470E-02 0.4613470E-02 -0.1637725 -0.2617484 -0.3555918 -0.4426113 -0.5222926 -0.5951540 -0.6621850 -0.7245624 -0.7835015 -0.8401765 -0.8956654 -0.9502330 -0.9951724 -0.9663526 -0.9663526 -0.7574129 -0.4465881 -0.1268516 -0.8080495E-01 -0.8080495E-01 -0.2155754E-01 -0.2155754E-01 0.2671341E-01 0.2671341E-01 0.4853394E-01 0.8530147E-01 0.8530147E-01 0.1115418 0.1115418 0.1250568 0.1250568 0.1250568 0.1088310 0.1088310 0.7284088E-01 0.7284088E-01 0.2579584E-01 0.2579584E-01 -0.1763431E-01 -0.1763431E-01 -0.4476059E-01 -0.4476059E-01 -0.4476059E-01
