simulation_files/asc/Velocity__x_42.0.asc
NCOLS        79
NROWS        79
XLLCENTER         -1.500000
YLLCENTER         -4.800000
CELLSIZE           0.100
NODATA_VALUE     -9999.0
[rows 0 to 25 of 79, columns 0 to 57 of 79]
-9999.000 -9999.000 -9999.000 -9999.000 -9999.000 -9999.000 -9999.000 -9999.000 -9999.000 -9999.000 -9999.000 -9999.000 -9999.000 -9999.000 -9999.000 0.5993160E-03 0.2034829E-02 0.4169769E-02 0.6077806E-02 0.7683192E-02 0.8968405E-02 0.9913055E-02 0.1048589E-01 0.1064317E-01 0.1032553E-01 0.9450892E-02 0.7901759E-02 0.5505519E-02 0.2077546E-02 0.5327924E-04 0.5327924E-04 -9999.000 -9999.000 -9999.000 -9999.000 -9999.000 -9999.000 -9999.000 -9999.000 -9999.000 -9999.000 -9999.000 -9999.000 -9999.000 -9999.000 -9999.000 -9999.000 -9999.000 -9999.000 -9999.000 -9999.000 -9999.000 -9999.000 -9999.000 -9999.000 -9999.000 -9999.000 -9999.000
-9999.000 -9999.000 -9999.000 -9999.000 -9999.000 -9999.000 -9999.000 -9999.000 -9999.000 -9999.000 -9999.000 -9999.000 -9999.000 -9999.000 -9999.000 0.1476924E-02 0.4172748E-02 0.7897971E-02 0.1129918E-01 0.1421255E-01 0.1655745E-01 0.1826384E-01 0.1925773E-01 0.1945708E-01 0.1877015E-01 0.1709432E-01 0.1431686E-01 0.1032188E-01 0.5083671E-02 0.1395038E-02 0.1395038E-02 -9999.000 -9999.000 -9999.000 -9999.000 -9999.000 -9999.000 -9999.000 -9999.000 -9999.000 -9999.000 -9999.000 -9999.000 -9999.000 -9999.000 -9999.000 -9999.000 -9999.000 -9999.000 -9999.000 -9999.000 -9999.000 -9999.000 -9999.000 -9999.000 -9999.000 -9999.000 -9999.000
-9999.000 -9999.000 -9999.000 -9999.000 -9999.000 -9999.000 -9999.000 -9999.000 -9999.000 -9999.000 -9999.000 -9999.000 -9999.000 -9999.000 -9999.000 0.2311958E-02 0.6181779E-02 0.1138509E-01 0.1614895E-01 0.2024834E-01 0.2355625E-01 0.2596106E-01 0.2735148E-01 0.2761351E-01 0.2663028E-01 0.2428362E-01 0.2045783E-01 0.1504937E-01 0.8071717E-02 0.2751044E-02 0.2751044E-02 -9999.000 -9999.000 -9999.000 -9999.000 -9999.000 -9999.000 -9999.000 -9999.000 -9999.000 -9999.000 -9999.000 -9999.000 -9999.000 -9999.000 -9999.000 -9999.000 -9999.000 -9999.000 -9999.000 -9999.000 -9999.000 -9999.000 -9999.000 -9999.000 -9999.000 -9999.000 -9999.000
-9999.000 -9999.000 -9999.000 -9999.000 -9999.000 -9999.000 -9999.000 -9999.000 -9999.000 -9999.000 -9999.000 -9999.000 -9999.000 -9999.000 -9999.000 0.3142181E-02 0.8148463E-02 0.1476038E-01 0.2082152E-01 0.2605430E-01 0.3029174E-01 0.3338561E-01 0.3518989E-01 0.3555879E-01 0.3434773E-01 0.3141582E-01 0.2663032E-01 0.1987679E-01 0.1117670E-01 0.4180035E-02 0.4180035E-02 -9999.000 -9999.000 -9999.000 -9999.000 -9999.000 -9999.000 -9999.000 -9999.000 -9999.000 -9999.000 -9999.000 -9999.000 -9999.000 -9999.000 -9999.000 -9999.000 -9999.000 -9999.000 -9999.000 -9999.000 -9999.000 -9999.000 -9999.000 -9999.000 -9999.000 -9999.000 -9999.000
-9999.000 -9999.000 -9999.000 -9999.000 -9999.000 -9999.000 -9999.000 -9999.000 -9999.000 -9999.000 -9999.000 -9999.000 -9999.000 -9999.000 -9999.000 0.4012237E-02 0.1016040E-01 0.1815080E-01 0.2548551E-01 0.3184173E-01 0.3701628E-01 0.4082507E-01 0.4308670E-01 0.4362029E-01 0.4224706E-01 0.3879279E-01 0.3309292E-01 0.2500305E-01 0.1452953E-01 0.5742102E-02 0.5742102E-02 -9999.000 -9999.000 -9999.000 -9999.000 -9999.000 -9999.000 -9999.000 -9999.000 -9999.000 -9999.000 -9999.000 -9999.000 -9999.000 -9999.000 -9999.000 -9999.000 -9999.000 -9999.000 -9999.000 -9999.000 -9999.000 -9999.000 -9999.000 -9999.000 -9999.000 -9999.000 -9999.000
-9999.000 -9999.000 -9999.000 -9999.000 -9999.000 -9999.000 -9999.000 -9999.000 -9999.000 -9999.000 -9999.000 -9999.000 -9999.000 -9999.000 -9999.000 0.4968949E-02 0.1230554E-01 0.2167735E-01 0.3029357E-01 0.3779487E-01 0.4394416E-01 0.4852114E-01 0.5130553E-01 0.5207565E-01 0.5060939E-01 0.4668653E-01 0.4009316E-01 0.3063319E-01 0.1827103E-01 0.7504580E-02 0.7504580E-02 -9999.000 -9999.000 -9999.000 -9999.000 -9999.000 -9999.000 -9999.000 -9999.000 -9999.000 -9999.000 -9999.000 -9999.000 -9999.000 -9999.000 -9999.000 -9999.000 -9999.000 -9999.000 -9999.000 -9999.000 -9999.000 -9999.000 -9999.000 -9999.000 -9999.000 -9999.000 -9999.000
-9999.000 -9999.000 -9999.000 -9999.000 -9999.000 -9999.000 -9999.000 -9999.000 -9999.000 -9999.000 -9999.000 -9999.000 -9999.000 -9999.000 -9999.000 0.6060470E-02 0.1467152E-01 0.2545638E-01 0.3538772E-01 0.4408219E-01 0.5127037E-01 0.5669392E-01 0.6008950E-01 0.6118667E-01 0.5970846E-01 0.5537243E-01 0.4789402E-01 0.3699704E-01 0.2256726E-01 0.9549201E-02 0.9549201E-02 -9999.000 -9999.000 -9999.000 -9999.000 -9999.000 -9999.000 -9999.000 -9999.000 -9999.000 -9999.000 -9999.000 -9999.000 -9999.000 -9999.000 -9999.000 -9999.000 -9999.000 -9999.000 -9999.000 -9999.000 -9999.000 -9999.000 -9999.000 -9999.000 -9999.000 -9999.000 -9999.000
-9999.000 -9999.000 -9999.000 -9999.000 -9999.000 -9999.000 -9999.000 -9999.000 -9999.000 -9999.000 -9999.000 -9999.000 -9999.000 -9999.000 -9999.000 0.7335412E-02 0.1734520E-01 0.2960136E-01 0.4090532E-01 0.5086552E-01 0.5918287E-01 0.6555889E-01 0.6968156E-01 0.7122242E-01 0.6983568E-01 0.6515638E-01 0.5680055E-01 0.4437366E-01 0.2763046E-01 0.1198410E-01 0.1198410E-01 -9999.000 -9999.000 -9999.000 -9999.000 -9999.000 -9999.000 -9999.000 -9999.000 -9999.000 -9999.000 -9999.000 -9999.000 -9999.000 -9999.000 -9999.000 -9999.000 -9999.000 -9999.000 -9999.000 -9999.000 -9999.000 -9999.000 -9999.000 -9999.000 -9999.000 -9999.000 -9999.000
-9999.000 -9999.000 -9999.000 -9999.000 -9999.000 -9999.000 -9999.000 -9999.000 -9999.000 -9999.000 -9999.000 -9999.000 -9999.000 -9999.000 -9999.000 0.8840838E-02 0.2041173E-01 0.3422497E-01 0.4698376E-01 0.5830891E-01 0.6787542E-01 0.7534272E-01 0.8034410E-01 0.8248305E-01 0.8132798E-01 0.7640586E-01 0.6719559E-01 0.5312986E-01 0.3375363E-01 0.1496352E-01 0.1496352E-01 -9999.000 -9999.000 -9999.000 -9999.000 -9999.000 -9999.000 -9999.000 -9999.000 -9999.000 -9999.000 -9999.000 -9999.000 -9999.000 -9999.000 -9999.000 -9999.000 -9999.000 -9999.000 -9999.000 -9999.000 -9999.000 -9999.000 -9999.000 -9999.000 -9999.000 -9999.000 -9999.000
-9999.000 -9999.000 -9999.000 -9999.000 -9999.000 -9999.000 -9999.000 -9999.000 -9999.000 -9999.000 -9999.000 -9999.000 -9999.000 -9999.000 -9999.000 0.1061945E-01 0.2395100E-01 0.3943907E-01 0.5376514E-01 0.6658737E-01 0.7756025E-01 0.8630040E-01 0.9238141E-01 0.9532764E-01 0.9460302E-01 0.8959466E-01 0.7959377E-01 0.6378189E-01 0.4137152E-01 0.1872401E-01 0.1872401E-01 -9999.000 -9999.000 -9999.000 -9999.000 -9999.000 -9999.000 -9999.000 -9999.000 -9999.000 -9999.000 -9999.000 -9999.000 -9999.000 -9999.000 -9999.000 -9999.000 -9999.000 -9999.000 -9999.000 -9999.000 -9999.000 -9999.000 -9999.000 -9999.000 -9999.000 -9999.000 -9999.000
-9999.000 -9999.000 -9999.000 -9999.000 -9999.000 -9999.000 -9999.000 -9999.000 -9999.000 -9999.000 -9999.000 -9999.000 -9999.000 -9999.000 -9999.000 0.1270482E-01 0.2803158E-01 0.4535250E-01 0.6139895E-01 0.7589488E-01 0.8848198E-01 0.9873597E-01 0.1061675 0.1102125 0.1102103 0.1053706 0.9473007E-01 0.7710401E-01 0.5117532E-01 0.2365569E-01 0.2365569E-01 -9999.000 -9999.000 -9999.000 -9999.000 -9999.000 -9999.000 -9999.000 -9999.000 -9999.000 -9999.000 -9999.000 -9999.000 -9999.000 -9999.000 -9999.000 -9999.000 -9999.000 -9999.000 -9999.000 -9999.000 -9999.000 -9999.000 -9999.000 -9999.000 -9999.000 -9999.000 -9999.000
-9999.000 -9999.000 -9999.000 -9999.000 -9999.000 -9999.000 -9999.000 -9999.000 -9999.000 -9999.000 -9999.000 -9999.000 -9999.000 -9999.000 -9999.000 0.1511499E-01 0.3270216E-01 0.5206602E-01 0.7004381E-01 0.8645341E-01 0.1009348 0.1130287 0.1221849 0.1277461 0.1289100 0.1246680 0.1137163 0.9433535E-01 0.6434891E-01 0.3045520E-01 0.3045520E-01 -9999.000 -9999.000 -9999.000 -9999.000 -9999.000 -9999.000 -9999.000 -9999.000 -9999.000 -9999.000 -9999.000 -9999.000 -9999.000 -9999.000 -9999.000 -9999.000 -9999.000 -9999.000 -9999.000 -9999.000 -9999.000 -9999.000 -9999.000 -9999.000 -9999.000 -9999.000 -9999.000
-9999.000 -9999.000 -9999.000 -9999.000 -9999.000 -9999.000 -9999.000 -9999.000 -9999.000 -9999.000 -9999.000 -9999.000 -9999.000 -9999.000 -9999.000 0.1784672E-01 0.3798409E-01 0.5967011E-01 0.7987326E-01 0.9852904E-01 0.1152906 0.1296766 0.1410876 0.1487811 0.1518092 0.1489111 0.1383443 0.1176122 0.8311526E-01 0.4049618E-01 0.4049618E-01 -9999.000 -9999.000 -9999.000 -9999.000 -9999.000 -9999.000 -9999.000 -9999.000 -9999.000 -9999.000 -9999.000 -9999.000 -9999.000 -9999.000 -9999.000 -9999.000 -9999.000 -9999.000 -9999.000 -9999.000 -9999.000 -9999.000 -9999.000 -9999.000 -9999.000 -9999.000 -9999.000
-9999.000 -9999.000 -9999.000 -9999.000 -9999.000 -9999.000 -9999.000 -9999.000 -9999.000 -9999.000 -9999.000 -9999.000 -9999.000 -9999.000 -9999.000 0.2098440E-01 0.4403991E-01 0.6846108E-01 0.9131313E-01 0.1126707 0.1322283 0.1495161 0.1639241 0.1746654 0.1806832 0.1804783 0.1718024 0.1510824 0.1123262 0.5702425E-01 0.5702425E-01 -9999.000 -9999.000 -9999.000 -9999.000 -9999.000 -9999.000 -9999.000 -9999.000 -9999.000 -9999.000 -9999.000 -9999.000 -9999.000 -9999.000 -9999.000 -9999.000 -9999.000 -9999.000 -9999.000 -9999.000 -9999.000 -9999.000 -9999.000 -9999.000 -9999.000 -9999.000 -9999.000
-9999.000 -9999.000 -9999.000 -9999.000 -9999.000 -9999.000 -9999.000 -9999.000 -9999.000 -9999.000 -9999.000 -9999.000 -9999.000 -9999.000 -9999.000 0.3452078E-01 0.6297717E-01 0.9169662E-01 0.1172852 0.1405969 0.1618526 0.1809617 0.1975860 0.2111147 0.2205561 0.2243036 0.2196386 0.2016070 0.1602028 0.8130251E-01 0.8130251E-01 -9999.000 -9999.000 -9999.000 -9999.000 -9999.000 -9999.000 -9999.000 -9999.000 -9999.000 -9999.000 -9999.000 -9999.000 -9999.000 -9999.000 -9999.000 -9999.000 -9999.000 -9999.000 -9999.000 -9999.000 -9999.000 -9999.000 -9999.000 -9999.000 -9999.000 -9999.000 -9999.000
1.366424 1.366424 1.310468 1.263553 1.241717 1.241717 1.220269 1.176876 1.176876 1.129553 1.129553 1.071669 1.034540 0.9873361 0.9237067 0.9237067 0.7766854 0.7132073 0.6482707 0.5853003 0.5273717 0.4770090 0.4359188 0.4049073 0.3840584 0.3732187 0.3729328 0.3863641 0.4241197 0.5001936 0.5001936 1.305205 1.571347 1.743591 1.736704 1.736704 1.604759 1.604759 1.386472 1.386472 1.172355 0.7502171 0.7502171 0.7391222 0.7391222 0.7724016 0.7724016 0.7724016 0.8249153 0.8249153 0.8665026 0.8665026 0.9012491 0.9012491 0.9467040 0.9467040 0.9754373 0.9754373
1.381603 1.381603 1.327558 1.292291 1.276204 1.276204 1.260337 1.227391 1.227391 1.189198 1.189198 1.139453 1.107811 1.070940 1.029929 1.029929 0.9646425 0.9305790 0.8895214 0.8423265 0.7906768 0.7370150 0.6843984 0.6363019 0.5964370 0.5687402 0.5578279 0.5705181 0.6200503 0.7322525 0.7322525 1.265291 1.456092 1.587950 1.606575 1.606575 1.593494 1.593494 1.522534 1.522534 1.436879 1.041070 1.041070 1.020966 1.020966 1.055960 1.055960 1.055960 1.110480 1.110480 1.153293 1.153293 1.174224 1.174224 1.228602 1.228602 1.261638 1.261638
1.386282 1.386282 1.328136 1.293018 1.277254 1.277254 1.261845 1.230423 1.230423 1.195395 1.195395 1.152836 1.127686 1.100098 1.071334 1.071334 1.033680 1.016260 0.9940973 0.9665043 0.9335682 0.8961605 0.8559881 0.8156458 0.7786800 0.7497094 0.7347717 0.7423283 0.7862227 0.8939746 0.8939746 1.292275 1.459561 1.591959 1.620906 1.620906 1.630845 1.630845 1.588535 1.588535 1.543754 1.287151 1.287151 1.190817 1.190817 1.205681 1.205681 1.205681 1.262046 1.262046 1.300532 1.300532 1.329394 1.329394 1.369100 1.369100 1.397755 1.397755
1.390314 1.390314 1.328536 1.293544 1.278023 1.278023 1.262984 1.232897 1.232897 1.200712 1.200712 1.164076 1.143698 1.122281 1.100762 1.100762 1.076863 1.067342 1.055082 1.039272 1.019567 0.9961263 0.9697315 0.9419397 0.9152671 0.8934359 0.8817850 0.8881369 0.9250481 1.017598 1.017598 1.325130 1.474883 1.602951 1.632006 1.632006 1.643486 1.643486 1.616858 1.616858 1.595745 1.462541 1.462541 1.336080 1.336080 1.334387 1.334387 1.334387 1.377697 1.377697 1.411736 1.411736 1.437996 1.437996 1.469556 1.469556 1.494638 1.494638
1.393714 1.393714 1.328906 1.294202 1.278990 1.278990 1.264401 1.235872 1.235872 1.206782 1.206782 1.175950 1.159847 1.143597 1.127733 1.127733 1.113761 1.108609 1.101441 1.091877 1.079795 1.065311 1.048878 1.031448 1.014701 1.001326 0.9954580 1.003465 1.035792 1.114245 1.114245 1.355786 1.487510 1.602458 1.625988 1.625988 1.632921 1.632921 1.622240 1.622240 1.617983 1.569112 1.569112 1.468963 1.468963 1.435310 1.435310 1.435310 1.465857 1.465857 1.495496 1.495496 1.519488 1.519488 1.545345 1.545345 1.567099 1.567099
1.396439 1.396439 1.329256 1.294958 1.280105 1.280105 1.266023 1.239197 1.239197 1.213336 1.213336 1.188248 1.176236 1.164859 1.154306 1.154306 1.149924 1.147981 1.143695 1.137242 1.128969 1.119292 1.108730 1.098028 1.088362 1.081609 1.080786 1.090796 1.120018 1.187447 1.187447 1.379568 1.492440 1.585623 1.601018 1.601018 1.607766 1.607766 1.618090 1.618090 1.627232 1.627808 1.627808 1.575169 1.575169 1.523254 1.523254 1.523254 1.539148 1.539148 1.562403 1.562403 1.583414 1.583414 1.604773 1.604773 1.623374 1.623374
1.398441 1.398441 1.329584 1.295775 1.281310 1.281310 1.267768 1.242698 1.242698 1.220064 1.220064 1.200584 1.192573 1.186065 1.181058 1.181058 1.187465 1.188501 1.186117 1.181074 1.174249 1.166485 1.158561 1.151265 1.145524 1.142632 1.144658 1.155255 1.181095 1.238966 1.238966 1.391676 1.484309 1.549268 1.558980 1.558980 1.577337 1.577337 1.611227 1.611227 1.630763 1.659268 1.659268 1.648393 1.648393 1.601079 1.601079 1.601079 1.603770 1.603770 1.618738 1.618738 1.635384 1.635384 1.652583 1.652583 1.667731 1.667731
1.399675 1.399675 1.329885 1.296611 1.282547 1.282547 1.269547 1.246212 1.246212 1.226693 1.226693 1.212589 1.208494 1.206973 1.208116 1.208116 1.227677 1.231786 1.230798 1.226126 1.219225 1.211405 1.203782 1.197296 1.192767 1.190997 1.193134 1.201762 1.222279 1.269491 1.269491 1.386764 1.456696 1.494449 1.506806 1.506806 1.548357 1.548357 1.603607 1.603607 1.630767 1.675707 1.675707 1.693038 1.693038 1.666069 1.666069 1.666069 1.661343 1.661343 1.667998 1.667998 1.679001 1.679001 1.691510 1.691510 1.702694 1.702694
1.400098 1.400098 1.330146 1.297429 1.283759 1.283759 1.271284 1.249597 1.249597 1.232985 1.232985 1.223914 1.223604 1.227179 1.235303 1.235303 1.271783 1.279126 1.279119 1.273983 1.265832 1.256493 1.247448 1.239830 1.234388 1.231325 1.230509 1.233463 1.244855 1.277674 1.277674 1.358720 1.404055 1.428670 1.453993 1.453993 1.523154 1.523154 1.594945 1.594945 1.627609 1.683008 1.683008 1.717674 1.717674 1.715449 1.715449 1.715449 1.710485 1.710485 1.711184 1.711184 1.716211 1.716211 1.723326 1.723326 1.730051 1.730051
1.399667 1.399667 1.330356 1.298194 1.284897 1.284897 1.272909 1.252727 1.252727 1.238744 1.238744 1.234250 1.237492 1.246133 1.262048 1.262048 1.321211 1.331844 1.332305 1.325810 1.315268 1.303106 1.291218 1.280963 1.272997 1.266526 1.258925 1.250504 1.246491 1.260530 1.260530 1.306057 1.327290 1.358895 1.404682 1.404682 1.499918 1.499918 1.584040 1.584040 1.620963 1.683848 1.683848 1.729355 1.729355 1.749269 1.749269 1.749269 1.749416 1.749416 1.747807 1.747807 1.747782 1.747782 1.749334 1.749334 1.751121 1.751121
1.398350 1.398350 1.330496 1.298874 1.285914 1.285914 1.274361 1.255499 1.255499 1.243806 1.243806 1.243334 1.249781 1.263199 1.287190 1.287190 1.377717 1.391403 1.391612 1.382670 1.368417 1.352024 1.335901 1.321696 1.309992 1.298136 1.277673 1.248369 1.220054 1.209581 1.209581 1.222120 1.239132 1.308409 1.357123 1.357123 1.479228 1.479228 1.572692 1.572692 1.612908 1.681178 1.681178 1.733565 1.733565 1.770442 1.770442 1.770442 1.777934 1.777934 1.777296 1.777296 1.774003 1.774003 1.770454 1.770454 1.767108 1.767108
