simulation_files/asc/Velocity__y_287.0.asc
NCOLS        79
NROWS        79
XLLCENTER         -1.500000
YLLCENTER         -4.800000
CELLSIZE           0.100
NODATA_VALUE     -9999.0
[rows 0 to 26 of 79, columns 0 to 58 of 79]
-9999.000 -9999.000 -9999.000 -9999.000 -9999.000 -9999.000 -9999.000 -9999.000 -9999.000 -9999.000 -9999.000 -9999.000 -9999.000 -9999.000 -9999.000 -0.9435507E-01 -0.9187750E-01 -0.9109592E-01 -0.9117789E-01 -0.9168483E-01 -0.9231656E-01 -0.9298106E-01 -0.9362191E-01 -0.9417940E-01 -0.9468307E-01 -0.9513173E-01 -0.9556548E-01 -0.9617553E-01 -0.9756964E-01 -0.9892402E-01 -0.9892402E-01 -9999.000 -9999.000 -9999.000 -9999.000 -9999.000 -9999.000 -9999.000 -9999.000 -9999.000 -9999.000 -9999.000 -9999.000 -9999.000 -9999.000 -9999.000 -9999.000 -9999.000 -9999.000 -9999.000 -9999.000 -9999.000 -9999.000 -9999.000 -9999.000 -9999.000 -9999.000 -9999.000 -9999.000
-9999.000 -9999.000 -9999.000 -9999.000 -9999.000 -9999.000 -9999.000 -9999.000 -9999.000 -9999.000 -9999.000 -9999.000 -9999.000 -9999.000 -9999.000 -0.9373237E-01 -0.8859092E-01 -0.8693533E-01 -0.8714301E-01 -0.8829205E-01 -0.8974258E-01 -0.9128994E-01 -0.9280562E-01 -0.9415528E-01 -0.9539466E-01 -0.9651531E-01 -0.9759782E-01 -0.9903962E-01 -0.1021089 -0.1053911 -0.1053911 -9999.000 -9999.000 -9999.000 -9999.000 -9999.000 -9999.000 -9999.000 -9999.000 -9999.000 -9999.000 -9999.000 -9999.000 -9999.000 -9999.000 -9999.000 -9999.000 -9999.000 -9999.000 -9999.000 -9999.000 -9999.000 -9999.000 -9999.000 -9999.000 -9999.000 -9999.000 -9999.000 -9999.000
-9999.000 -9999.000 -9999.000 -9999.000 -9999.000 -9999.000 -9999.000 -9999.000 -9999.000 -9999.000 -9999.000 -9999.000 -9999.000 -9999.000 -9999.000 -0.9186850E-01 -0.8389071E-01 -0.8126073E-01 -0.8168808E-01 -0.8370051E-01 -0.8626230E-01 -0.8903119E-01 -0.9178348E-01 -0.9428797E-01 -0.9662150E-01 -0.9875740E-01 -0.1008140 -0.1034179 -0.1085872 -0.1145672 -0.1145672 -9999.000 -9999.000 -9999.000 -9999.000 -9999.000 -9999.000 -9999.000 -9999.000 -9999.000 -9999.000 -9999.000 -9999.000 -9999.000 -9999.000 -9999.000 -9999.000 -9999.000 -9999.000 -9999.000 -9999.000 -9999.000 -9999.000 -9999.000 -9999.000 -9999.000 -9999.000 -9999.000 -9999.000
-9999.000 -9999.000 -9999.000 -9999.000 -9999.000 -9999.000 -9999.000 -9999.000 -9999.000 -9999.000 -9999.000 -9999.000 -9999.000 -9999.000 -9999.000 -0.8939066E-01 -0.7864517E-01 -0.7505860E-01 -0.7576404E-01 -0.7872316E-01 -0.8249313E-01 -0.8659181E-01 -0.9069613E-01 -0.9447181E-01 -0.9801624E-01 -0.1012774 -0.1044093 -0.1082751 -0.1156808 -0.1248688 -0.1248688 -9999.000 -9999.000 -9999.000 -9999.000 -9999.000 -9999.000 -9999.000 -9999.000 -9999.000 -9999.000 -9999.000 -9999.000 -9999.000 -9999.000 -9999.000 -9999.000 -9999.000 -9999.000 -9999.000 -9999.000 -9999.000 -9999.000 -9999.000 -9999.000 -9999.000 -9999.000 -9999.000 -9999.000
-9999.000 -9999.000 -9999.000 -9999.000 -9999.000 -9999.000 -9999.000 -9999.000 -9999.000 -9999.000 -9999.000 -9999.000 -9999.000 -9999.000 -9999.000 -0.8652681E-01 -0.7304068E-01 -0.6849920E-01 -0.6952011E-01 -0.7348084E-01 -0.7852079E-01 -0.8401769E-01 -0.8954572E-01 -0.9466209E-01 -0.9948760E-01 -0.1039413 -0.1082126 -0.1134155 -0.1231945 -0.1361441 -0.1361441 -9999.000 -9999.000 -9999.000 -9999.000 -9999.000 -9999.000 -9999.000 -9999.000 -9999.000 -9999.000 -9999.000 -9999.000 -9999.000 -9999.000 -9999.000 -9999.000 -9999.000 -9999.000 -9999.000 -9999.000 -9999.000 -9999.000 -9999.000 -9999.000 -9999.000 -9999.000 -9999.000 -9999.000
-9999.000 -9999.000 -9999.000 -9999.000 -9999.000 -9999.000 -9999.000 -9999.000 -9999.000 -9999.000 -9999.000 -9999.000 -9999.000 -9999.000 -9999.000 -0.8335354E-01 -0.6714725E-01 -0.6165083E-01 -0.6301769E-01 -0.6802365E-01 -0.7437963E-01 -0.8132477E-01 -0.8832789E-01 -0.9483274E-01 -0.1009897 -0.1066833 -0.1121429 -0.1187501 -0.1310511 -0.1484079 -0.1484079 -9999.000 -9999.000 -9999.000 -9999.000 -9999.000 -9999.000 -9999.000 -9999.000 -9999.000 -9999.000 -9999.000 -9999.000 -9999.000 -9999.000 -9999.000 -9999.000 -9999.000 -9999.000 -9999.000 -9999.000 -9999.000 -9999.000 -9999.000 -9999.000 -9999.000 -9999.000 -9999.000 -9999.000
-9999.000 -9999.000 -9999.000 -9999.000 -9999.000 -9999.000 -9999.000 -9999.000 -9999.000 -9999.000 -9999.000 -9999.000 -9999.000 -9999.000 -9999.000 -0.7987869E-01 -0.6098052E-01 -0.5453203E-01 -0.5627541E-01 -0.6236777E-01 -0.7007923E-01 -0.7851509E-01 -0.8703525E-01 -0.9496583E-01 -0.1024949 -0.1094671 -0.1161563 -0.1242344 -0.1392264 -0.1617750 -0.1617750 -9999.000 -9999.000 -9999.000 -9999.000 -9999.000 -9999.000 -9999.000 -9999.000 -9999.000 -9999.000 -9999.000 -9999.000 -9999.000 -9999.000 -9999.000 -9999.000 -9999.000 -9999.000 -9999.000 -9999.000 -9999.000 -9999.000 -9999.000 -9999.000 -9999.000 -9999.000 -9999.000 -9999.000
-9999.000 -9999.000 -9999.000 -9999.000 -9999.000 -9999.000 -9999.000 -9999.000 -9999.000 -9999.000 -9999.000 -9999.000 -9999.000 -9999.000 -9999.000 -0.7607539E-01 -0.5452865E-01 -0.4713706E-01 -0.4929168E-01 -0.5651190E-01 -0.6561638E-01 -0.7558179E-01 -0.8565694E-01 -0.9504447E-01 -0.1039814 -0.1122661 -0.1202226 -0.1298415 -0.1477202 -0.1764350 -0.1764350 -9999.000 -9999.000 -9999.000 -9999.000 -9999.000 -9999.000 -9999.000 -9999.000 -9999.000 -9999.000 -9999.000 -9999.000 -9999.000 -9999.000 -9999.000 -9999.000 -9999.000 -9999.000 -9999.000 -9999.000 -9999.000 -9999.000 -9999.000 -9999.000 -9999.000 -9999.000 -9999.000 -9999.000
-9999.000 -9999.000 -9999.000 -9999.000 -9999.000 -9999.000 -9999.000 -9999.000 -9999.000 -9999.000 -9999.000 -9999.000 -9999.000 -9999.000 -9999.000 -0.7189674E-01 -0.4776542E-01 -0.3944688E-01 -0.4205320E-01 -0.5044537E-01 -0.6097950E-01 -0.7251218E-01 -0.8417779E-01 -0.9504925E-01 -0.1054268 -0.1150540 -0.1243138 -0.1355491 -0.1565429 -0.1926529 -0.1926529 -9999.000 -9999.000 -9999.000 -9999.000 -9999.000 -9999.000 -9999.000 -9999.000 -9999.000 -9999.000 -9999.000 -9999.000 -9999.000 -9999.000 -9999.000 -9999.000 -9999.000 -9999.000 -9999.000 -9999.000 -9999.000 -9999.000 -9999.000 -9999.000 -9999.000 -9999.000 -9999.000 -9999.000
-9999.000 -9999.000 -9999.000 -9999.000 -9999.000 -9999.000 -9999.000 -9999.000 -9999.000 -9999.000 -9999.000 -9999.000 -9999.000 -9999.000 -9999.000 -0.6728256E-01 -0.4065335E-01 -0.3143281E-01 -0.3453811E-01 -0.4415008E-01 -0.5615060E-01 -0.6928717E-01 -0.8257643E-01 -0.9495486E-01 -0.1068035 -0.1177997 -0.1283965 -0.1413307 -0.1657069 -0.2107853 -0.2107853 -9999.000 -9999.000 -9999.000 -9999.000 -9999.000 -9999.000 -9999.000 -9999.000 -9999.000 -9999.000 -9999.000 -9999.000 -9999.000 -9999.000 -9999.000 -9999.000 -9999.000 -9999.000 -9999.000 -9999.000 -9999.000 -9999.000 -9999.000 -9999.000 -9999.000 -9999.000 -9999.000 -9999.000
-9999.000 -9999.000 -9999.000 -9999.000 -9999.000 -9999.000 -9999.000 -9999.000 -9999.000 -9999.000 -9999.000 -9999.000 -9999.000 -9999.000 -9999.000 -0.6215897E-01 -0.3314447E-01 -0.2305599E-01 -0.2671591E-01 -0.3760016E-01 -0.5110399E-01 -0.6588059E-01 -0.8082449E-01 -0.9472762E-01 -0.1080746 -0.1204615 -0.1324257 -0.1471484 -0.1752210 -0.2313140 -0.2313140 -9999.000 -9999.000 -9999.000 -9999.000 -9999.000 -9999.000 -9999.000 -9999.000 -9999.000 -9999.000 -9999.000 -9999.000 -9999.000 -9999.000 -9999.000 -9999.000 -9999.000 -9999.000 -9999.000 -9999.000 -9999.000 -9999.000 -9999.000 -9999.000 -9999.000 -9999.000 -9999.000 -9999.000
-9999.000 -9999.000 -9999.000 -9999.000 -9999.000 -9999.000 -9999.000 -9999.000 -9999.000 -9999.000 -9999.000 -9999.000 -9999.000 -9999.000 -9999.000 -0.5643614E-01 -0.2517823E-01 -0.1426652E-01 -0.1854571E-01 -0.3075934E-01 -0.4580386E-01 -0.6225565E-01 -0.7888237E-01 -0.9432140E-01 -0.1091894 -0.1229820 -0.1363386 -0.1529464 -0.1850850 -0.2549007 -0.2549007 -9999.000 -9999.000 -9999.000 -9999.000 -9999.000 -9999.000 -9999.000 -9999.000 -9999.000 -9999.000 -9999.000 -9999.000 -9999.000 -9999.000 -9999.000 -9999.000 -9999.000 -9999.000 -9999.000 -9999.000 -9999.000 -9999.000 -9999.000 -9999.000 -9999.000 -9999.000 -9999.000 -9999.000
-9999.000 -9999.000 -9999.000 -9999.000 -9999.000 -9999.000 -9999.000 -9999.000 -9999.000 -9999.000 -9999.000 -9999.000 -9999.000 -9999.000 -9999.000 -0.5000252E-01 -0.1667560E-01 -0.4997399E-02 -0.9971632E-02 -0.2357805E-01 -0.4020059E-01 -0.5836140E-01 -0.7669439E-01 -0.9367181E-01 -0.1100764 -0.1252786 -0.1400427 -0.1586386 -0.1952779 -0.2824778 -0.2824778 -9999.000 -9999.000 -9999.000 -9999.000 -9999.000 -9999.000 -9999.000 -9999.000 -9999.000 -9999.000 -9999.000 -9999.000 -9999.000 -9999.000 -9999.000 -9999.000 -9999.000 -9999.000 -9999.000 -9999.000 -9999.000 -9999.000 -9999.000 -9999.000 -9999.000 -9999.000 -9999.000 -9999.000
-9999.000 -9999.000 -9999.000 -9999.000 -9999.000 -9999.000 -9999.000 -9999.000 -9999.000 -9999.000 -9999.000 -9999.000 -9999.000 -9999.000 -9999.000 -0.4238788E-01 -0.7312437E-02 0.4921196E-02 -0.9540250E-03 -0.1604478E-01 -0.3429099E-01 -0.5419283E-01 -0.7424442E-01 -0.9274270E-01 -0.1106808 -0.1272720 -0.1434361 -0.1641206 -0.2057707 -0.3154467 -0.3154467 -9999.000 -9999.000 -9999.000 -9999.000 -9999.000 -9999.000 -9999.000 -9999.000 -9999.000 -9999.000 -9999.000 -9999.000 -9999.000 -9999.000 -9999.000 -9999.000 -9999.000 -9999.000 -9999.000 -9999.000 -9999.000 -9999.000 -9999.000 -9999.000 -9999.000 -9999.000 -9999.000 -9999.000
-9999.000 -9999.000 -9999.000 -9999.000 -9999.000 -9999.000 -9999.000 -9999.000 -9999.000 -9999.000 -9999.000 -9999.000 -9999.000 -9999.000 -9999.000 -0.2326743E-02 0.1297786E-01 0.1395824E-01 0.1530547E-02 -0.1528533E-01 -0.3425133E-01 -0.5492028E-01 -0.7571578E-01 -0.9481238E-01 -0.1134896 -0.1307632 -0.1477402 -0.1701061 -0.2167333 -0.3536197 -0.3536197 -9999.000 -9999.000 -9999.000 -9999.000 -9999.000 -9999.000 -9999.000 -9999.000 -9999.000 -9999.000 -9999.000 -9999.000 -9999.000 -9999.000 -9999.000 -9999.000 -9999.000 -9999.000 -9999.000 -9999.000 -9999.000 -9999.000 -9999.000 -9999.000 -9999.000 -9999.000 -9999.000 -9999.000
-0.3929978E-02 -0.3929978E-02 -0.5348249E-02 -0.7079474E-02 -0.6572393E-02 -0.6572393E-02 -0.6398031E-02 -0.6329694E-02 -0.6329694E-02 -0.6323234E-02 -0.6323234E-02 -0.6307458E-02 -0.6294977E-02 -0.6280219E-02 -0.6267135E-02 -0.6267135E-02 0.2524929E-01 0.1982783E-01 0.4740256E-02 -0.1638624E-01 -0.4190848E-01 -0.7070684E-01 -0.1013017 -0.1319727 -0.1618915 -0.1900315 -0.2160411 -0.2416982 -0.2751563 -0.3553763 -0.3553763 -0.1964085 -0.1051327 -0.3602580E-01 -0.2684123E-01 -0.2684123E-01 -0.1978463E-01 -0.1978463E-01 -0.6999924E-02 -0.6999924E-02 0.4199961E-02 0.2715096E-01 0.2715096E-01 0.6570515E-02 0.6570515E-02 -0.3596995E-02 -0.3596995E-02 -0.3596995E-02 0.4268335E-03 0.4268335E-03 0.1118146E-02 0.1118146E-02 0.1771553E-03 0.1771553E-03 -0.1116471E-02 -0.1116471E-02 -0.2358264E-02 -0.2358264E-02 -0.2358264E-02
-0.5614947E-02 -0.5614947E-02 -0.7368393E-02 -0.1041663E-01 -0.9372586E-02 -0.9372586E-02 -0.8983428E-02 -0.8870498E-02 -0.8870498E-02 -0.8906482E-02 -0.8906482E-02 -0.8917752E-02 -0.8913226E-02 -0.8904026E-02 -0.8907902E-02 -0.8907902E-02 0.2056101E-01 0.1560736E-01 -0.7962329E-04 -0.2582828E-01 -0.5976336E-01 -0.9981714E-01 -0.1442009 -0.1912009 -0.2387230 -0.2851403 -0.3287709 -0.3678235 -0.4002565 -0.4242452 -0.4242452 -0.2870463 -0.1903339 -0.9846343E-01 -0.8019614E-01 -0.8019614E-01 -0.5566722E-01 -0.5566722E-01 -0.1223795E-01 -0.1223795E-01 0.2113316E-01 0.8643178E-01 0.8643178E-01 0.6826991E-01 0.6826991E-01 0.1365950E-01 0.1365950E-01 0.1365950E-01 0.6698140E-02 0.6698140E-02 0.2198145E-02 0.2198145E-02 -0.1978918E-02 -0.1978918E-02 -0.5611067E-02 -0.5611067E-02 -0.8404799E-02 -0.8404799E-02 -0.8404799E-02
-0.3704082E-02 -0.3704082E-02 -0.5054022E-02 -0.9246760E-02 -0.8154999E-02 -0.8154999E-02 -0.7618878E-02 -0.7444698E-02 -0.7444698E-02 -0.7528095E-02 -0.7528095E-02 -0.7581942E-02 -0.7594084E-02 -0.7599701E-02 -0.7640473E-02 -0.7640473E-02 0.1261928E-01 0.7588512E-02 -0.8270231E-02 -0.3441278E-01 -0.6948475E-01 -0.1118374 -0.1599682 -0.2124810 -0.2676745 -0.3239954 -0.3797585 -0.4329100 -0.4805539 -0.5155217 -0.5155217 -0.4256885 -0.3414793 -0.2259752 -0.1884749 -0.1884749 -0.1195661 -0.1195661 -0.1647089E-01 -0.1647089E-01 0.4985641E-01 0.1672049 0.1672049 0.1795077 0.1795077 0.6252399E-01 0.6252399E-01 0.6252399E-01 0.2396175E-01 0.2396175E-01 0.3997931E-02 0.3997931E-02 -0.7837730E-02 -0.7837730E-02 -0.1553760E-01 -0.1553760E-01 -0.2018544E-01 -0.2018544E-01 -0.2018544E-01
-0.1803317E-02 -0.1803317E-02 -0.3851070E-02 -0.7740130E-02 -0.6701743E-02 -0.6701743E-02 -0.6128356E-02 -0.5916735E-02 -0.5916735E-02 -0.6009518E-02 -0.6009518E-02 -0.6072195E-02 -0.6086478E-02 -0.6093406E-02 -0.6162750E-02 -0.6162750E-02 0.4492010E-02 -0.2551859E-02 -0.1977969E-01 -0.4677215E-01 -0.8251555E-01 -0.1257004 -0.1750467 -0.2293862 -0.2874075 -0.3478514 -0.4093627 -0.4702027 -0.5276528 -0.5746259 -0.5746259 -0.5315306 -0.4710875 -0.3576738 -0.3058434 -0.3058434 -0.1824402 -0.1824402 -0.6652120E-02 -0.6652120E-02 0.8786234E-01 0.2322973 0.2322973 0.2635489 0.2635489 0.1203905 0.1203905 0.1203905 0.4857079E-01 0.4857079E-01 0.8036295E-02 0.8036295E-02 -0.1472104E-01 -0.1472104E-01 -0.2778564E-01 -0.2778564E-01 -0.3443139E-01 -0.3443139E-01 -0.3443139E-01
0.8464364E-04 0.8464364E-04 -0.3811283E-02 -0.5954361E-02 -0.5114297E-02 -0.5114297E-02 -0.4615292E-02 -0.4416632E-02 -0.4416632E-02 -0.4499140E-02 -0.4499140E-02 -0.4552789E-02 -0.4563846E-02 -0.4568712E-02 -0.4671899E-02 -0.4671899E-02 -0.3788669E-02 -0.1461925E-01 -0.3472095E-01 -0.6373141E-01 -0.1008587 -0.1450765 -0.1953255 -0.2506124 -0.3098828 -0.3720991 -0.4361745 -0.5007399 -0.5635724 -0.6187418 -0.6187418 -0.6112128 -0.5757432 -0.4741630 -0.4078945 -0.4078945 -0.2175329 -0.2175329 0.2259318E-01 0.2259318E-01 0.1286855 0.2702746 0.2702746 0.3076010 0.3076010 0.1721576 0.1721576 0.1721576 0.7720283E-01 0.7720283E-01 0.1612631E-01 0.1612631E-01 -0.1946498E-01 -0.1946498E-01 -0.3919815E-01 -0.3919815E-01 -0.4833220E-01 -0.4833220E-01 -0.4833220E-01
0.8154209E-03 0.8154209E-03 -0.3028743E-02 -0.4055516E-02 -0.3458065E-02 -0.3458065E-02 -0.3091144E-02 -0.2937354E-02 -0.2937354E-02 -0.2996518E-02 -0.2996518E-02 -0.3032909E-02 -0.3039130E-02 -0.3041243E-02 -0.3188966E-02 -0.3188966E-02 -0.1266713E-01 -0.2888982E-01 -0.5346771E-01 -0.8588894E-01 -0.1254408 -0.1713093 -0.2226682 -0.2787348 -0.3386972 -0.4017291 -0.4669555 -0.5332923 -0.5989764 -0.6593107 -0.6593107 -0.6763946 -0.6618952 -0.5651897 -0.4743982 -0.4743982 -0.2066361 -0.2066361 0.6101235E-01 0.6101235E-01 0.1588725 0.2790044 0.2790044 0.3166789 0.3166789 0.2090548 0.2090548 0.2090548 0.1057517 0.1057517 0.2830989E-01 0.2830989E-01 -0.2050565E-01 -0.2050565E-01 -0.4799518E-01 -0.4799518E-01 -0.6027412E-01 -0.6027412E-01 -0.6027412E-01
0.4029273E-03 0.4029273E-03 -0.1502044E-02 -0.2035409E-02 -0.1735383E-02 -0.1735383E-02 -0.1545094E-02 -0.1463775E-02 -0.1463775E-02 -0.1496377E-02 -0.1496377E-02 -0.1516629E-02 -0.1520004E-02 -0.1521081E-02 -0.1730395E-02 -0.1730395E-02 -0.2285509E-01 -0.4606072E-01 -0.7678368E-01 -0.1141391 -0.1573450 -0.2057097 -0.2586199 -0.3155323 -0.3759055 -0.4391687 -0.5046861 -0.5716377 -0.6386443 -0.7019752 -0.7019752 -0.7349975 -0.7346425 -0.6167324 -0.4832264 -0.4832264 -0.1546830 -0.1546830 0.9018730E-01 0.9018730E-01 0.1684335 0.2638650 0.2638650 0.3011214 0.3011214 0.2274558 0.2274558 0.2274558 0.1295508 0.1295508 0.4298301E-01 0.4298301E-01 -0.1745462E-01 -0.1745462E-01 -0.5309759E-01 -0.5309759E-01 -0.6908663E-01 -0.6908663E-01 -0.6908663E-01
-0.1273542E-06 -0.1273542E-06 0.1508739E-07 -0.6462565E-07 -0.1683857E-06 -0.1683857E-06 -0.1209403E-06 0.8587055E-07 0.8587055E-07 0.1535323E-07 0.1535323E-07 0.3277115E-07 -0.1684640E-07 0.7512170E-07 -0.2929783E-03 -0.2929783E-03 -0.3536682E-01 -0.6731605E-01 -0.1059588 -0.1498543 -0.1980353 -0.2498587 -0.3048950 -0.3628489 -0.4234705 -0.4864906 -0.5515643 -0.6181668 -0.6852573 -0.7496291 -0.7496291 -0.7909076 -0.7933531 -0.6046555 -0.4204753 -0.4204753 -0.9073073E-01 -0.9073073E-01 0.9867503E-01 0.9867503E-01 0.1572571 0.2336079 0.2336079 0.2708019 0.2708019 0.2279760 0.2279760 0.2279760 0.1445984 0.1445984 0.5735997E-01 0.5735997E-01 -0.1097207E-01 -0.1097207E-01 -0.5398268E-01 -0.5398268E-01 -0.7383938E-01 -0.7383938E-01 -0.7383938E-01
-0.4031990E-03 -0.4031990E-03 0.1502081E-02 0.2035303E-02 0.1735443E-02 0.1735443E-02 0.1544944E-02 0.1463771E-02 0.1463771E-02 0.1496368E-02 0.1496368E-02 0.1516618E-02 0.1519865E-02 0.1521129E-02 0.1113787E-02 0.1113787E-02 -0.5172993E-01 -0.9455821E-01 -0.1430662 -0.1951503 -0.2496130 -0.3058405 -0.3635820 -0.4227993 -0.4835480 -0.5458872 -0.6098026 -0.6750992 -0.7409858 -0.8038582 -0.8038582 -0.8434231 -0.8254190 -0.5094631 -0.3064181 -0.3064181 -0.4448581E-01 -0.4448581E-01 0.8828454E-01 0.8828454E-01 0.1326198 0.1962259 0.1962259 0.2328653 0.2328653 0.2137104 0.2137104 0.2137104 0.1486230 0.1486230 0.6830572E-01 0.6830572E-01 -0.2566939E-02 -0.2566939E-02 -0.5069704E-01 -0.5069704E-01 -0.7387238E-01 -0.7387238E-01 -0.7387238E-01
-0.8156613E-03 -0.8156613E-03 0.3028726E-02 0.4055492E-02 0.3458138E-02 0.3458138E-02 0.3091160E-02 0.2937214E-02 0.2937214E-02 0.2996376E-02 0.2996376E-02 0.3032930E-02 0.3039097E-02 0.3041081E-02 0.2476765E-02 0.2476765E-02 -0.7434753E-01 -0.1307932 -0.1913372 -0.2532369 -0.3151391 -0.3765296 -0.4373866 -0.4979636 -0.5586407 -0.6198178 -0.6818313 -0.7448125 -0.8078832 -0.8643123 -0.8643123 -0.8814195 -0.7942415 -0.3557927 -0.1934040 -0.1934040 -0.2450567E-01 -0.2450567E-01 0.6795847E-01 0.6795847E-01 0.1029017 0.1571174 0.1571174 0.1917471 0.1917471 0.1885316 0.1885316 0.1885316 0.1413963 0.1413963 0.7326975E-01 0.7326975E-01 0.5798149E-02 0.5798149E-02 -0.4382745E-01 -0.4382745E-01 -0.6887431E-01 -0.6887431E-01 -0.6887431E-01
-0.8467673E-04 -0.8467673E-04 0.3811259E-02 0.5954272E-02 0.5113927E-02 0.5113927E-02 0.4615221E-02 0.4416392E-02 0.4416392E-02 0.4498939E-02 0.4498939E-02 0.4552799E-02 0.4563871E-02 0.4568740E-02 0.3788594E-02 0.3788594E-02 -0.1072304 -0.1808719 -0.2558286 -0.3289953 -0.3991293 -0.4660156 -0.5299941 -0.5916872 -0.6518354 -0.7111912 -0.7704406 -0.8299448 -0.8874086 -0.9233575 -0.9233575 -0.8646567 -0.6460477 -0.2128219 -0.1195420 -0.1195420 -0.2125596E-01 -0.2125596E-01 0.4568264E-01 0.4568264E-01 0.7364215E-01 0.1191517 0.1191517 0.1499795 0.1499795 0.1560754 0.1560754 0.1560754 0.1243445 0.1243445 0.7098290E-01 0.7098290E-01 0.1225698E-01 0.1225698E-01 -0.3435867E-01 -0.3435867E-01 -0.5896097E-01 -0.5896097E-01 -0.5896097E-01
0.1803354E-02 0.1803354E-02 0.3850970E-02 0.7739917E-02 0.6701487E-02 0.6701487E-02 0.6128467E-02 0.5916598E-02 0.5916598E-02 0.6009321E-02 0.6009321E-02 0.6072240E-02 0.6086619E-02 0.6093616E-02 0.5014890E-02 0.5014890E-02 -0.1575890 -0.2529945 -0.3447048 -0.4300299 -0.5084143 -0.5803190 -0.6466729 -0.7085920 -0.7672346 -0.8237176 -0.8790634 -0.9334210 -0.9773222 -0.9438080 -0.9438080 -0.7104715 -0.3945374 -0.1249439 -0.8322725E-01 -0.8322725E-01 -0.2284210E-01 -0.2284210E-01 0.2588618E-01 0.2588618E-01 0.4752075E-01 0.8368879E-01 0.8368879E-01 0.1090823 0.1090823 0.1193943 0.1193943 0.1193943 0.9983980E-01 0.9983980E-01 0.6164265E-01 0.6164265E-01 0.1559491E-01 0.1559491E-01 -0.2342316E-01 -0.2342316E-01 -0.4473424E-01 -0.4473424E-01 -0.4473424E-01
