simulation_files/asc/Velocity____111.0.asc
NCOLS        79
NROWS        79
XLLCENTER         -1.500000
YLLCENTER         -4.800000
CELLSIZE           0.100
NODATA_VALUE     -9999.0
[rows 0 to 26 of 79, columns 0 to 59 of 79]
-9999.000 -9999.000 -9999.000 -9999.000 -9999.000 -9999.000 -9999.000 -9999.000 -9999.000 -9999.000 -9999.000 -9999.000 -9999.000 -9999.000 -9999.000 0.1646657 0.1635758 0.1635172 0.1636516 0.1638566 0.1640810 0.1642983 0.1644976 0.1646867 0.1649038 0.1652272 0.1657959 0.1668523 0.1687551 0.1680905 0.1680905 -9999.000 -9999.000 -9999.000 -9999.000 -9999.000 -9999.000 -9999.000 -9999.000 -9999.000 -9999.000 -9999.000 -9999.000 -9999.000 -9999.000 -9999.000 -9999.000 -9999.000 -9999.000 -9999.000 -9999.000 -9999.000 -9999.000 -9999.000 -9999.000 -9999.000 -9999.000 -9999.000 -9999.000 -9999.000
-9999.000 -9999.000 -9999.000 -9999.000 -9999.000 -9999.000 -9999.000 -9999.000 -9999.000 -9999.000 -9999.000 -9999.000 -9999.000 -9999.000 -9999.000 0.1624638 0.1601195 0.1599943 0.1602967 0.1607663 0.1612904 0.1618071 0.1622866 0.1627416 0.1632491 0.1639747 0.1652196 0.1675126 0.1716165 0.1708008 0.1708008 -9999.000 -9999.000 -9999.000 -9999.000 -9999.000 -9999.000 -9999.000 -9999.000 -9999.000 -9999.000 -9999.000 -9999.000 -9999.000 -9999.000 -9999.000 -9999.000 -9999.000 -9999.000 -9999.000 -9999.000 -9999.000 -9999.000 -9999.000 -9999.000 -9999.000 -9999.000 -9999.000 -9999.000 -9999.000
-9999.000 -9999.000 -9999.000 -9999.000 -9999.000 -9999.000 -9999.000 -9999.000 -9999.000 -9999.000 -9999.000 -9999.000 -9999.000 -9999.000 -9999.000 0.1590133 0.1552832 0.1550837 0.1556242 0.1564784 0.1574565 0.1584505 0.1594079 0.1603489 0.1614024 0.1628460 0.1651764 0.1692493 0.1762598 0.1759604 0.1759604 -9999.000 -9999.000 -9999.000 -9999.000 -9999.000 -9999.000 -9999.000 -9999.000 -9999.000 -9999.000 -9999.000 -9999.000 -9999.000 -9999.000 -9999.000 -9999.000 -9999.000 -9999.000 -9999.000 -9999.000 -9999.000 -9999.000 -9999.000 -9999.000 -9999.000 -9999.000 -9999.000 -9999.000 -9999.000
-9999.000 -9999.000 -9999.000 -9999.000 -9999.000 -9999.000 -9999.000 -9999.000 -9999.000 -9999.000 -9999.000 -9999.000 -9999.000 -9999.000 -9999.000 0.1548550 0.1497769 0.1495322 0.1503717 0.1516947 0.1532286 0.1548155 0.1563785 0.1579431 0.1596923 0.1620194 0.1656276 0.1717219 0.1819816 0.1828876 0.1828876 -9999.000 -9999.000 -9999.000 -9999.000 -9999.000 -9999.000 -9999.000 -9999.000 -9999.000 -9999.000 -9999.000 -9999.000 -9999.000 -9999.000 -9999.000 -9999.000 -9999.000 -9999.000 -9999.000 -9999.000 -9999.000 -9999.000 -9999.000 -9999.000 -9999.000 -9999.000 -9999.000 -9999.000 -9999.000
-9999.000 -9999.000 -9999.000 -9999.000 -9999.000 -9999.000 -9999.000 -9999.000 -9999.000 -9999.000 -9999.000 -9999.000 -9999.000 -9999.000 -9999.000 0.1501028 0.1437190 0.1434534 0.1446439 0.1465066 0.1486796 0.1509516 0.1532184 0.1555101 0.1580669 0.1614053 0.1664509 0.1747914 0.1886613 0.1915333 0.1915333 -9999.000 -9999.000 -9999.000 -9999.000 -9999.000 -9999.000 -9999.000 -9999.000 -9999.000 -9999.000 -9999.000 -9999.000 -9999.000 -9999.000 -9999.000 -9999.000 -9999.000 -9999.000 -9999.000 -9999.000 -9999.000 -9999.000 -9999.000 -9999.000 -9999.000 -9999.000 -9999.000 -9999.000 -9999.000
-9999.000 -9999.000 -9999.000 -9999.000 -9999.000 -9999.000 -9999.000 -9999.000 -9999.000 -9999.000 -9999.000 -9999.000 -9999.000 -9999.000 -9999.000 0.1448157 0.1371824 0.1369186 0.1385071 0.1409719 0.1438556 0.1468894 0.1499394 0.1530408 0.1564947 0.1609512 0.1675786 0.1783892 0.1962687 0.2019969 0.2019969 -9999.000 -9999.000 -9999.000 -9999.000 -9999.000 -9999.000 -9999.000 -9999.000 -9999.000 -9999.000 -9999.000 -9999.000 -9999.000 -9999.000 -9999.000 -9999.000 -9999.000 -9999.000 -9999.000 -9999.000 -9999.000 -9999.000 -9999.000 -9999.000 -9999.000 -9999.000 -9999.000 -9999.000 -9999.000
-9999.000 -9999.000 -9999.000 -9999.000 -9999.000 -9999.000 -9999.000 -9999.000 -9999.000 -9999.000 -9999.000 -9999.000 -9999.000 -9999.000 -9999.000 0.1390067 0.1302045 0.1299682 0.1320009 0.1351274 0.1387876 0.1426506 0.1465523 0.1505323 0.1549592 0.1606282 0.1689752 0.1824893 0.2048336 0.2145043 0.2145043 -9999.000 -9999.000 -9999.000 -9999.000 -9999.000 -9999.000 -9999.000 -9999.000 -9999.000 -9999.000 -9999.000 -9999.000 -9999.000 -9999.000 -9999.000 -9999.000 -9999.000 -9999.000 -9999.000 -9999.000 -9999.000 -9999.000 -9999.000 -9999.000 -9999.000 -9999.000 -9999.000 -9999.000 -9999.000
-9999.000 -9999.000 -9999.000 -9999.000 -9999.000 -9999.000 -9999.000 -9999.000 -9999.000 -9999.000 -9999.000 -9999.000 -9999.000 -9999.000 -9999.000 0.1326522 0.1227956 0.1226203 0.1251485 0.1289982 0.1334997 0.1382558 0.1430708 0.1479905 0.1534565 0.1604246 0.1706271 0.1870944 0.2144323 0.2294167 0.2294167 -9999.000 -9999.000 -9999.000 -9999.000 -9999.000 -9999.000 -9999.000 -9999.000 -9999.000 -9999.000 -9999.000 -9999.000 -9999.000 -9999.000 -9999.000 -9999.000 -9999.000 -9999.000 -9999.000 -9999.000 -9999.000 -9999.000 -9999.000 -9999.000 -9999.000 -9999.000 -9999.000 -9999.000 -9999.000
-9999.000 -9999.000 -9999.000 -9999.000 -9999.000 -9999.000 -9999.000 -9999.000 -9999.000 -9999.000 -9999.000 -9999.000 -9999.000 -9999.000 -9999.000 0.1256991 0.1149456 0.1148781 0.1179636 0.1226062 0.1280177 0.1337310 0.1395185 0.1454334 0.1519993 0.1603473 0.1725412 0.1922317 0.2251838 0.2472679 0.2472679 -9999.000 -9999.000 -9999.000 -9999.000 -9999.000 -9999.000 -9999.000 -9999.000 -9999.000 -9999.000 -9999.000 -9999.000 -9999.000 -9999.000 -9999.000 -9999.000 -9999.000 -9999.000 -9999.000 -9999.000 -9999.000 -9999.000 -9999.000 -9999.000 -9999.000 -9999.000 -9999.000 -9999.000 -9999.000
-9999.000 -9999.000 -9999.000 -9999.000 -9999.000 -9999.000 -9999.000 -9999.000 -9999.000 -9999.000 -9999.000 -9999.000 -9999.000 -9999.000 -9999.000 0.1180657 0.1066262 0.1067348 0.1104591 0.1159790 0.1223790 0.1291181 0.1359384 0.1429029 0.1506254 0.1604300 0.1747505 0.1979556 0.2372539 0.2688375 0.2688375 -9999.000 -9999.000 -9999.000 -9999.000 -9999.000 -9999.000 -9999.000 -9999.000 -9999.000 -9999.000 -9999.000 -9999.000 -9999.000 -9999.000 -9999.000 -9999.000 -9999.000 -9999.000 -9999.000 -9999.000 -9999.000 -9999.000 -9999.000 -9999.000 -9999.000 -9999.000 -9999.000 -9999.000 -9999.000
-9999.000 -9999.000 -9999.000 -9999.000 -9999.000 -9999.000 -9999.000 -9999.000 -9999.000 -9999.000 -9999.000 -9999.000 -9999.000 -9999.000 -9999.000 0.1096393 0.9779138E-01 0.9817927E-01 0.1026563 0.1091637 0.1166478 0.1244928 0.1324129 0.1404845 0.1494207 0.1607552 0.1773338 0.2043620 0.2508689 0.2952845 0.2952845 -9999.000 -9999.000 -9999.000 -9999.000 -9999.000 -9999.000 -9999.000 -9999.000 -9999.000 -9999.000 -9999.000 -9999.000 -9999.000 -9999.000 -9999.000 -9999.000 -9999.000 -9999.000 -9999.000 -9999.000 -9999.000 -9999.000 -9999.000 -9999.000 -9999.000 -9999.000 -9999.000 -9999.000 -9999.000
-9999.000 -9999.000 -9999.000 -9999.000 -9999.000 -9999.000 -9999.000 -9999.000 -9999.000 -9999.000 -9999.000 -9999.000 -9999.000 -9999.000 -9999.000 0.1002693 0.8837774E-01 0.8920680E-01 0.9460615E-01 0.1022539 0.1109478 0.1199996 0.1291026 0.1383524 0.1485682 0.1615060 0.1804632 0.2116244 0.2663414 0.3283900 0.3283900 -9999.000 -9999.000 -9999.000 -9999.000 -9999.000 -9999.000 -9999.000 -9999.000 -9999.000 -9999.000 -9999.000 -9999.000 -9999.000 -9999.000 -9999.000 -9999.000 -9999.000 -9999.000 -9999.000 -9999.000 -9999.000 -9999.000 -9999.000 -9999.000 -9999.000 -9999.000 -9999.000 -9999.000 -9999.000
-9999.000 -9999.000 -9999.000 -9999.000 -9999.000 -9999.000 -9999.000 -9999.000 -9999.000 -9999.000 -9999.000 -9999.000 -9999.000 -9999.000 -9999.000 0.8975516E-01 0.7830886E-01 0.7984976E-01 0.8643964E-01 0.9545117E-01 0.1055308 0.1159303 0.1263358 0.1368701 0.1484609 0.1630861 0.1845213 0.2200874 0.2841297 0.3710291 0.3710291 -9999.000 -9999.000 -9999.000 -9999.000 -9999.000 -9999.000 -9999.000 -9999.000 -9999.000 -9999.000 -9999.000 -9999.000 -9999.000 -9999.000 -9999.000 -9999.000 -9999.000 -9999.000 -9999.000 -9999.000 -9999.000 -9999.000 -9999.000 -9999.000 -9999.000 -9999.000 -9999.000 -9999.000 -9999.000
-9999.000 -9999.000 -9999.000 -9999.000 -9999.000 -9999.000 -9999.000 -9999.000 -9999.000 -9999.000 -9999.000 -9999.000 -9999.000 -9999.000 -9999.000 0.7777606E-01 0.6752539E-01 0.7032804E-01 0.7860643E-01 0.8935617E-01 0.1010963 0.1130604 0.1249589 0.1369574 0.1500842 0.1665118 0.1904740 0.2305709 0.3050204 0.4282064 0.4282064 -9999.000 -9999.000 -9999.000 -9999.000 -9999.000 -9999.000 -9999.000 -9999.000 -9999.000 -9999.000 -9999.000 -9999.000 -9999.000 -9999.000 -9999.000 -9999.000 -9999.000 -9999.000 -9999.000 -9999.000 -9999.000 -9999.000 -9999.000 -9999.000 -9999.000 -9999.000 -9999.000 -9999.000 -9999.000
-9999.000 -9999.000 -9999.000 -9999.000 -9999.000 -9999.000 -9999.000 -9999.000 -9999.000 -9999.000 -9999.000 -9999.000 -9999.000 -9999.000 -9999.000 0.6091476E-01 0.6296069E-01 0.7465737E-01 0.8848142E-01 0.1021788 0.1152303 0.1275563 0.1392973 0.1508652 0.1634270 0.1793282 0.2033213 0.2457160 0.3301250 0.5070395 0.5070395 -9999.000 -9999.000 -9999.000 -9999.000 -9999.000 -9999.000 -9999.000 -9999.000 -9999.000 -9999.000 -9999.000 -9999.000 -9999.000 -9999.000 -9999.000 -9999.000 -9999.000 -9999.000 -9999.000 -9999.000 -9999.000 -9999.000 -9999.000 -9999.000 -9999.000 -9999.000 -9999.000 -9999.000 -9999.000
2.022617 2.022617 2.079831 2.120845 2.129303 2.129303 2.135258 2.142604 2.142604 2.146163 2.146163 2.147239 2.147064 2.146491 2.144207 2.144207 1.801044 1.749027 1.691186 1.622899 1.543358 1.453104 1.353648 1.247637 1.139175 1.034538 0.9435683 0.8825715 0.8820931 1.011853 1.011853 1.797532 1.943594 1.960912 1.941229 1.941229 1.880612 1.880612 1.745822 1.745822 1.438768 1.184874 1.184874 1.130746 1.130746 1.160588 1.160588 1.160588 1.211594 1.211594 1.261469 1.261469 1.314256 1.314256 1.352159 1.352159 1.380476 1.380476 1.380476 1.399001
2.035288 2.035288 2.107229 2.160677 2.178020 2.178020 2.192889 2.217985 2.217985 2.239150 2.239150 2.257718 2.266249 2.274354 2.281295 2.281295 2.066150 2.042032 2.029323 2.010984 1.982821 1.943178 1.891195 1.826866 1.751849 1.669387 1.585555 1.511678 1.470111 1.511990 1.511990 1.990891 2.141249 2.248075 2.264662 2.264662 2.253894 2.253894 2.184528 2.184528 2.039230 1.743000 1.743000 1.681252 1.681252 1.713801 1.713801 1.713801 1.762479 1.762479 1.799498 1.799498 1.856495 1.856495 1.896662 1.896662 1.929159 1.929159 1.929159 1.953974
2.038424 2.038424 2.110255 2.161091 2.178470 2.178470 2.193483 2.219003 2.219003 2.240674 2.240674 2.259814 2.268655 2.277089 2.284613 2.284613 2.117380 2.091483 2.093947 2.098386 2.097377 2.088888 2.071743 2.044255 2.007119 1.962098 1.912812 1.866584 1.837541 1.862402 1.862402 2.194309 2.327901 2.455002 2.481856 2.481856 2.483919 2.483919 2.427010 2.427010 2.347344 2.126820 2.126820 2.030673 2.030673 2.047964 2.047964 2.047964 2.087573 2.087573 2.123936 2.123936 2.165244 2.165244 2.198004 2.198004 2.224122 2.224122 2.224122 2.243897
2.041097 2.041097 2.112226 2.161249 2.178465 2.178465 2.193433 2.218979 2.218979 2.240686 2.240686 2.259842 2.268688 2.277128 2.284818 2.284818 2.153461 2.119568 2.123423 2.136127 2.146235 2.151067 2.149751 2.141366 2.126255 2.105255 2.080462 2.056563 2.043321 2.066569 2.066569 2.304942 2.420976 2.544330 2.570212 2.570212 2.569340 2.569340 2.519539 2.519539 2.471961 2.319440 2.319440 2.210875 2.210875 2.211025 2.211025 2.211025 2.245131 2.245131 2.278456 2.278456 2.313637 2.313637 2.343191 2.343191 2.366545 2.366545 2.366545 2.383766
2.043238 2.043238 2.113578 2.161422 2.178474 2.178474 2.193386 2.218943 2.218943 2.240678 2.240678 2.259838 2.268684 2.277121 2.284925 2.284925 2.188207 2.151552 2.153014 2.168858 2.184561 2.195972 2.202069 2.202407 2.197568 2.188554 2.177231 2.167268 2.165936 2.191283 2.191283 2.358295 2.461393 2.567805 2.583897 2.583897 2.569964 2.569964 2.532370 2.532370 2.508393 2.422514 2.422514 2.326751 2.326751 2.304554 2.304554 2.304554 2.332031 2.332031 2.362480 2.362480 2.393898 2.393898 2.420903 2.420903 2.442006 2.442006 2.442006 2.457198
2.044791 2.044791 2.114479 2.161568 2.178489 2.178489 2.193353 2.218915 2.218915 2.240670 2.240670 2.259836 2.268681 2.277116 2.285002 2.285002 2.220555 2.188537 2.188200 2.204921 2.223957 2.239586 2.250121 2.255115 2.255192 2.251570 2.246246 2.242604 2.246528 2.270500 2.270500 2.388490 2.473016 2.543616 2.543325 2.543325 2.520047 2.520047 2.506621 2.506621 2.503568 2.473880 2.473880 2.409141 2.409141 2.370151 2.370151 2.370151 2.388384 2.388384 2.414274 2.414274 2.441816 2.441816 2.465876 2.465876 2.484544 2.484544 2.484544 2.497738
2.045729 2.045729 2.115003 2.161662 2.178500 2.178500 2.193332 2.218896 2.218896 2.240665 2.240665 2.259835 2.268679 2.277113 2.285056 2.285056 2.250128 2.228895 2.229728 2.246529 2.267393 2.285914 2.299630 2.307767 2.310709 2.309627 2.306542 2.304701 2.309096 2.327625 2.327625 2.405648 2.460572 2.473797 2.458859 2.458859 2.445453 2.445453 2.466017 2.466017 2.480709 2.492670 2.492670 2.464391 2.464391 2.422455 2.422455 2.422455 2.430707 2.430707 2.450157 2.450157 2.472771 2.472771 2.493154 2.493154 2.508980 2.508980 2.508980 2.520011
2.046043 2.046043 2.115176 2.161694 2.178505 2.178505 2.193326 2.218890 2.218890 2.240664 2.240664 2.259835 2.268678 2.277113 2.285096 2.285096 2.277975 2.271453 2.277241 2.294677 2.316335 2.336539 2.352435 2.362853 2.367795 2.368156 2.365754 2.363578 2.365654 2.374432 2.374432 2.409482 2.415192 2.362162 2.347546 2.347546 2.367769 2.367769 2.422701 2.422701 2.450806 2.491402 2.491402 2.495558 2.495558 2.464955 2.464955 2.464955 2.465553 2.465553 2.477661 2.477661 2.494244 2.494244 2.509987 2.509987 2.522309 2.522309 2.522309 2.530882
2.045729 2.045729 2.115003 2.161661 2.178500 2.178500 2.193332 2.218896 2.218896 2.240665 2.240665 2.259835 2.268679 2.277113 2.285125 2.285125 2.306172 2.316227 2.330242 2.349805 2.371858 2.392645 2.409616 2.421421 2.427701 2.428970 2.426669 2.423326 2.421324 2.413281 2.413281 2.386048 2.317062 2.227539 2.233991 2.233991 2.298930 2.298930 2.380869 2.380869 2.418351 2.478292 2.478292 2.507458 2.507458 2.497131 2.497131 2.497131 2.494513 2.494513 2.499906 2.499906 2.509734 2.509734 2.519876 2.519876 2.527988 2.527988 2.527988 2.533806
2.044791 2.044791 2.114479 2.161568 2.178488 2.178488 2.193353 2.218915 2.218915 2.240670 2.240670 2.259836 2.268681 2.277117 2.285149 2.285149 2.337602 2.364593 2.388775 2.412110 2.434729 2.455261 2.472154 2.484269 2.491071 2.492720 2.490208 2.485367 2.476935 2.434893 2.434893 2.302656 2.153238 2.099646 2.136201 2.136201 2.240266 2.240266 2.340763 2.340763 2.384784 2.458082 2.458082 2.505207 2.505207 2.517711 2.517711 2.517711 2.516504 2.516504 2.517087 2.517087 2.520184 2.520184 2.524075 2.524075 2.527422 2.527422 2.527422 2.530293
2.043238 2.043238 2.113578 2.161422 2.178474 2.178474 2.193387 2.218943 2.218943 2.240678 2.240678 2.259839 2.268684 2.277121 2.285168 2.285168 2.376036 2.419268 2.453933 2.481993 2.505501 2.525210 2.540939 2.552167 2.558462 2.559770 2.556667 2.549861 2.528188 2.406915 2.406915 2.119910 1.952357 1.994907 2.051078 2.051078 2.186867 2.186867 2.300276 2.300276 2.349257 2.432314 2.432314 2.492073 2.492073 2.525640 2.525640 2.525640 2.529134 2.529134 2.527294 2.527294 2.524465 2.524465 2.522008 2.522008 2.520386 2.520386 2.520386 2.520328
2.041097 2.041097 2.112226 2.161249 2.178465 2.178465 2.193433 2.218978 2.218978 2.240686 2.240686 2.259842 2.268689 2.277128 2.285185 2.285185 2.426631 2.484424 2.528171 2.560567 2.584795 2.603120 2.616679 2.625795 2.630404 2.630439 2.626164 2.615754 2.556088 2.255639 2.255639 1.838034 1.790020 1.906479 1.981031 1.981031 2.135156 2.135156 2.258507 2.258507 2.311651 2.401901 2.401901 2.470332 2.470332 2.520945 2.520945 2.520945 2.530466 2.530466 2.528216 2.528216 2.520746 2.520746 2.512452 2.512452 2.506112 2.506112 2.506112 2.503388
