simulation_files/asc/Velocity__x_120.0.asc
NCOLS        79
NROWS        79
XLLCENTER         -1.500000
YLLCENTER         -4.800000
CELLSIZE           0.100
NODATA_VALUE     -9999.0
[rows 0 to 25 of 79, columns 0 to 57 of 79]
-9999.000 -9999.000 -9999.000 -9999.000 -9999.000 -9999.000 -9999.000 -9999.000 -9999.000 -9999.000 -9999.000 -9999.000 -9999.000 -9999.000 -9999.000 0.4029878E-04 0.8961270E-03 0.2620119E-02 0.4339817E-02 0.5900681E-02 0.7235387E-02 0.8328822E-02 0.9202978E-02 0.9894697E-02 0.1042641E-01 0.1075791E-01 0.1069704E-01 0.9730642E-02 0.6773431E-02 0.3038426E-02 0.3038426E-02 -9999.000 -9999.000 -9999.000 -9999.000 -9999.000 -9999.000 -9999.000 -9999.000 -9999.000 -9999.000 -9999.000 -9999.000 -9999.000 -9999.000 -9999.000 -9999.000 -9999.000 -9999.000 -9999.000 -9999.000 -9999.000 -9999.000 -9999.000 -9999.000 -9999.000 -9999.000 -9999.000
-9999.000 -9999.000 -9999.000 -9999.000 -9999.000 -9999.000 -9999.000 -9999.000 -9999.000 -9999.000 -9999.000 -9999.000 -9999.000 -9999.000 -9999.000 0.7856906E-03 0.2483950E-02 0.5127870E-02 0.7755841E-02 0.1016900E-01 0.1225424E-01 0.1395372E-01 0.1525015E-01 0.1614198E-01 0.1661135E-01 0.1657668E-01 0.1581119E-01 0.1380356E-01 0.9566964E-02 0.4464466E-02 0.4464466E-02 -9999.000 -9999.000 -9999.000 -9999.000 -9999.000 -9999.000 -9999.000 -9999.000 -9999.000 -9999.000 -9999.000 -9999.000 -9999.000 -9999.000 -9999.000 -9999.000 -9999.000 -9999.000 -9999.000 -9999.000 -9999.000 -9999.000 -9999.000 -9999.000 -9999.000 -9999.000 -9999.000
-9999.000 -9999.000 -9999.000 -9999.000 -9999.000 -9999.000 -9999.000 -9999.000 -9999.000 -9999.000 -9999.000 -9999.000 -9999.000 -9999.000 -9999.000 0.1319100E-02 0.3650024E-02 0.7018331E-02 0.1032663E-01 0.1334798E-01 0.1594386E-01 0.1803430E-01 0.1958366E-01 0.2057579E-01 0.2098168E-01 0.2071012E-01 0.1952367E-01 0.1688986E-01 0.1177101E-01 0.5592488E-02 0.5592488E-02 -9999.000 -9999.000 -9999.000 -9999.000 -9999.000 -9999.000 -9999.000 -9999.000 -9999.000 -9999.000 -9999.000 -9999.000 -9999.000 -9999.000 -9999.000 -9999.000 -9999.000 -9999.000 -9999.000 -9999.000 -9999.000 -9999.000 -9999.000 -9999.000 -9999.000 -9999.000 -9999.000
-9999.000 -9999.000 -9999.000 -9999.000 -9999.000 -9999.000 -9999.000 -9999.000 -9999.000 -9999.000 -9999.000 -9999.000 -9999.000 -9999.000 -9999.000 0.1731677E-02 0.4554468E-02 0.8487334E-02 0.1232484E-01 0.1581726E-01 0.1880754E-01 0.2120182E-01 0.2295458E-01 0.2404384E-01 0.2443598E-01 0.2403389E-01 0.2258581E-01 0.1952430E-01 0.1372772E-01 0.6618307E-02 0.6618307E-02 -9999.000 -9999.000 -9999.000 -9999.000 -9999.000 -9999.000 -9999.000 -9999.000 -9999.000 -9999.000 -9999.000 -9999.000 -9999.000 -9999.000 -9999.000 -9999.000 -9999.000 -9999.000 -9999.000 -9999.000 -9999.000 -9999.000 -9999.000 -9999.000 -9999.000 -9999.000 -9999.000
-9999.000 -9999.000 -9999.000 -9999.000 -9999.000 -9999.000 -9999.000 -9999.000 -9999.000 -9999.000 -9999.000 -9999.000 -9999.000 -9999.000 -9999.000 0.2079025E-02 0.5313442E-02 0.9716861E-02 0.1399837E-01 0.1789005E-01 0.2122056E-01 0.2388549E-01 0.2583385E-01 0.2704058E-01 0.2746929E-01 0.2701564E-01 0.2540899E-01 0.2203463E-01 0.1566180E-01 0.7655773E-02 0.7655773E-02 -9999.000 -9999.000 -9999.000 -9999.000 -9999.000 -9999.000 -9999.000 -9999.000 -9999.000 -9999.000 -9999.000 -9999.000 -9999.000 -9999.000 -9999.000 -9999.000 -9999.000 -9999.000 -9999.000 -9999.000 -9999.000 -9999.000 -9999.000 -9999.000 -9999.000 -9999.000 -9999.000
-9999.000 -9999.000 -9999.000 -9999.000 -9999.000 -9999.000 -9999.000 -9999.000 -9999.000 -9999.000 -9999.000 -9999.000 -9999.000 -9999.000 -9999.000 0.2400587E-02 0.6010695E-02 0.1083876E-01 0.1552367E-01 0.1978328E-01 0.2343424E-01 0.2636426E-01 0.2851867E-01 0.2987103E-01 0.3038250E-01 0.2994000E-01 0.2824833E-01 0.2463394E-01 0.1772936E-01 0.8787503E-02 0.8787503E-02 -9999.000 -9999.000 -9999.000 -9999.000 -9999.000 -9999.000 -9999.000 -9999.000 -9999.000 -9999.000 -9999.000 -9999.000 -9999.000 -9999.000 -9999.000 -9999.000 -9999.000 -9999.000 -9999.000 -9999.000 -9999.000 -9999.000 -9999.000 -9999.000 -9999.000 -9999.000 -9999.000
-9999.000 -9999.000 -9999.000 -9999.000 -9999.000 -9999.000 -9999.000 -9999.000 -9999.000 -9999.000 -9999.000 -9999.000 -9999.000 -9999.000 -9999.000 0.2724653E-02 0.6705691E-02 0.1194552E-01 0.1702350E-01 0.2164628E-01 0.2562018E-01 0.2882692E-01 0.3120947E-01 0.3274161E-01 0.3338184E-01 0.3300665E-01 0.3129102E-01 0.2748920E-01 0.2006439E-01 0.1008845E-01 0.1008845E-01 -9999.000 -9999.000 -9999.000 -9999.000 -9999.000 -9999.000 -9999.000 -9999.000 -9999.000 -9999.000 -9999.000 -9999.000 -9999.000 -9999.000 -9999.000 -9999.000 -9999.000 -9999.000 -9999.000 -9999.000 -9999.000 -9999.000 -9999.000 -9999.000 -9999.000 -9999.000 -9999.000
-9999.000 -9999.000 -9999.000 -9999.000 -9999.000 -9999.000 -9999.000 -9999.000 -9999.000 -9999.000 -9999.000 -9999.000 -9999.000 -9999.000 -9999.000 0.3072310E-02 0.7442111E-02 0.1310509E-01 0.1858813E-01 0.2358892E-01 0.2790561E-01 0.3141452E-01 0.3405839E-01 0.3581230E-01 0.3663269E-01 0.3638368E-01 0.3470448E-01 0.3076123E-01 0.2280829E-01 0.1164303E-01 0.1164303E-01 -9999.000 -9999.000 -9999.000 -9999.000 -9999.000 -9999.000 -9999.000 -9999.000 -9999.000 -9999.000 -9999.000 -9999.000 -9999.000 -9999.000 -9999.000 -9999.000 -9999.000 -9999.000 -9999.000 -9999.000 -9999.000 -9999.000 -9999.000 -9999.000 -9999.000 -9999.000 -9999.000
-9999.000 -9999.000 -9999.000 -9999.000 -9999.000 -9999.000 -9999.000 -9999.000 -9999.000 -9999.000 -9999.000 -9999.000 -9999.000 -9999.000 -9999.000 0.3460335E-02 0.8255793E-02 0.1437346E-01 0.2029226E-01 0.2570380E-01 0.3039874E-01 0.3424982E-01 0.3720125E-01 0.3923124E-01 0.4029486E-01 0.4024216E-01 0.3866925E-01 0.3463583E-01 0.2613778E-01 0.1356051E-01 0.1356051E-01 -9999.000 -9999.000 -9999.000 -9999.000 -9999.000 -9999.000 -9999.000 -9999.000 -9999.000 -9999.000 -9999.000 -9999.000 -9999.000 -9999.000 -9999.000 -9999.000 -9999.000 -9999.000 -9999.000 -9999.000 -9999.000 -9999.000 -9999.000 -9999.000 -9999.000 -9999.000 -9999.000
-9999.000 -9999.000 -9999.000 -9999.000 -9999.000 -9999.000 -9999.000 -9999.000 -9999.000 -9999.000 -9999.000 -9999.000 -9999.000 -9999.000 -9999.000 0.3905166E-02 0.9180471E-02 0.1580397E-01 0.2220889E-01 0.2808254E-01 0.3320961E-01 0.3746074E-01 0.4078384E-01 0.4316285E-01 0.4455249E-01 0.4478757E-01 0.4341265E-01 0.3935781E-01 0.3029709E-01 0.1599661E-01 0.1599661E-01 -9999.000 -9999.000 -9999.000 -9999.000 -9999.000 -9999.000 -9999.000 -9999.000 -9999.000 -9999.000 -9999.000 -9999.000 -9999.000 -9999.000 -9999.000 -9999.000 -9999.000 -9999.000 -9999.000 -9999.000 -9999.000 -9999.000 -9999.000 -9999.000 -9999.000 -9999.000 -9999.000
-9999.000 -9999.000 -9999.000 -9999.000 -9999.000 -9999.000 -9999.000 -9999.000 -9999.000 -9999.000 -9999.000 -9999.000 -9999.000 -9999.000 -9999.000 0.4424397E-02 0.1025394E-01 0.1745716E-01 0.2442179E-01 0.3083307E-01 0.3647049E-01 0.4120470E-01 0.4499023E-01 0.4782016E-01 0.4965086E-01 0.5030057E-01 0.4925346E-01 0.4528058E-01 0.3565234E-01 0.1918881E-01 0.1918881E-01 -9999.000 -9999.000 -9999.000 -9999.000 -9999.000 -9999.000 -9999.000 -9999.000 -9999.000 -9999.000 -9999.000 -9999.000 -9999.000 -9999.000 -9999.000 -9999.000 -9999.000 -9999.000 -9999.000 -9999.000 -9999.000 -9999.000 -9999.000 -9999.000 -9999.000 -9999.000 -9999.000
-9999.000 -9999.000 -9999.000 -9999.000 -9999.000 -9999.000 -9999.000 -9999.000 -9999.000 -9999.000 -9999.000 -9999.000 -9999.000 -9999.000 -9999.000 0.5041291E-02 0.1152608E-01 0.1941376E-01 0.2704371E-01 0.3410168E-01 0.4036351E-01 0.4570167E-01 0.5008196E-01 0.5351086E-01 0.5594991E-01 0.5720061E-01 0.5667573E-01 0.5295138E-01 0.4278633E-01 0.2352099E-01 0.2352099E-01 -9999.000 -9999.000 -9999.000 -9999.000 -9999.000 -9999.000 -9999.000 -9999.000 -9999.000 -9999.000 -9999.000 -9999.000 -9999.000 -9999.000 -9999.000 -9999.000 -9999.000 -9999.000 -9999.000 -9999.000 -9999.000 -9999.000 -9999.000 -9999.000 -9999.000 -9999.000 -9999.000
-9999.000 -9999.000 -9999.000 -9999.000 -9999.000 -9999.000 -9999.000 -9999.000 -9999.000 -9999.000 -9999.000 -9999.000 -9999.000 -9999.000 -9999.000 0.5792025E-02 0.1307419E-01 0.2179790E-01 0.3024781E-01 0.3811347E-01 0.4516922E-01 0.5129322E-01 0.5646804E-01 0.6072079E-01 0.6402370E-01 0.6616303E-01 0.6646880E-01 0.6327646E-01 0.5268933E-01 0.2965236E-01 0.2965236E-01 -9999.000 -9999.000 -9999.000 -9999.000 -9999.000 -9999.000 -9999.000 -9999.000 -9999.000 -9999.000 -9999.000 -9999.000 -9999.000 -9999.000 -9999.000 -9999.000 -9999.000 -9999.000 -9999.000 -9999.000 -9999.000 -9999.000 -9999.000 -9999.000 -9999.000 -9999.000 -9999.000
-9999.000 -9999.000 -9999.000 -9999.000 -9999.000 -9999.000 -9999.000 -9999.000 -9999.000 -9999.000 -9999.000 -9999.000 -9999.000 -9999.000 -9999.000 0.6814470E-02 0.1517067E-01 0.2501534E-01 0.3455351E-01 0.4348576E-01 0.5159366E-01 0.5877222E-01 0.6503545E-01 0.7044620E-01 0.7500052E-01 0.7847764E-01 0.8011652E-01 0.7795706E-01 0.6725258E-01 0.3888768E-01 0.3888768E-01 -9999.000 -9999.000 -9999.000 -9999.000 -9999.000 -9999.000 -9999.000 -9999.000 -9999.000 -9999.000 -9999.000 -9999.000 -9999.000 -9999.000 -9999.000 -9999.000 -9999.000 -9999.000 -9999.000 -9999.000 -9999.000 -9999.000 -9999.000 -9999.000 -9999.000 -9999.000 -9999.000
-9999.000 -9999.000 -9999.000 -9999.000 -9999.000 -9999.000 -9999.000 -9999.000 -9999.000 -9999.000 -9999.000 -9999.000 -9999.000 -9999.000 -9999.000 0.2176790E-01 0.3683076E-01 0.5189165E-01 0.6405705E-01 0.7380076E-01 0.8152962E-01 0.8763020E-01 0.9249350E-01 0.9641195E-01 0.9950844E-01 0.1015901 0.1018222 0.9798707E-01 0.8454594E-01 0.4445073E-01 0.4445073E-01 -9999.000 -9999.000 -9999.000 -9999.000 -9999.000 -9999.000 -9999.000 -9999.000 -9999.000 -9999.000 -9999.000 -9999.000 -9999.000 -9999.000 -9999.000 -9999.000 -9999.000 -9999.000 -9999.000 -9999.000 -9999.000 -9999.000 -9999.000 -9999.000 -9999.000 -9999.000 -9999.000
2.158765 2.158765 2.200215 2.245741 2.253672 2.253672 2.258986 2.265230 2.265230 2.267911 2.267911 2.268210 2.267667 2.266743 2.265486 2.265486 2.013328 1.969560 1.919463 1.858170 1.783677 1.695650 1.595053 1.483748 1.364747 1.243156 1.127385 1.031327 0.9803724 1.022043 1.022043 1.902815 2.053399 2.082861 2.073577 2.073577 2.033023 2.033023 1.926283 1.926283 1.720076 1.347248 1.347248 1.242288 1.242288 1.258751 1.258751 1.258751 1.308825 1.308825 1.367786 1.367786 1.415432 1.415432 1.454658 1.454658 1.483758 1.483758
2.172507 2.172507 2.229212 2.287086 2.304380 2.304380 2.319053 2.343902 2.343902 2.365030 2.365030 2.383630 2.392186 2.400324 2.408092 2.408092 2.262249 2.244065 2.234433 2.221780 2.200908 2.168949 2.122901 2.063340 1.989999 1.904907 1.813002 1.724362 1.658682 1.665654 1.665654 2.165910 2.323670 2.439696 2.460526 2.460526 2.460624 2.460624 2.405414 2.405414 2.316084 2.013416 2.013416 1.881547 1.881547 1.899273 1.899273 1.899273 1.934765 1.934765 1.994979 1.994979 2.041759 2.041759 2.082313 2.082313 2.115352 2.115352
2.175407 2.175407 2.233330 2.287318 2.304758 2.304758 2.319654 2.344991 2.344991 2.366642 2.366642 2.385825 2.394702 2.403182 2.411312 2.411312 2.301106 2.284025 2.286041 2.291837 2.294110 2.289635 2.276103 2.252822 2.218785 2.174132 2.119864 2.064491 2.020802 2.024356 2.024356 2.368477 2.512493 2.654369 2.685890 2.685890 2.695663 2.695663 2.644315 2.644315 2.586069 2.383047 2.383047 2.241118 2.241118 2.236315 2.236315 2.236315 2.271084 2.271084 2.316095 2.316095 2.355034 2.355034 2.388680 2.388680 2.416322 2.416322
2.177704 2.177704 2.236456 2.287253 2.304614 2.304614 2.319552 2.344989 2.344989 2.366673 2.366673 2.385863 2.394743 2.403228 2.411364 2.411364 2.327392 2.308037 2.312131 2.324341 2.335537 2.341926 2.341597 2.334033 2.318684 2.295583 2.265429 2.233581 2.209273 2.218076 2.218076 2.452210 2.585209 2.733050 2.767008 2.767008 2.773690 2.773690 2.721395 2.721395 2.679475 2.547526 2.547526 2.418762 2.418762 2.391597 2.391597 2.391597 2.420772 2.420772 2.459495 2.459495 2.495259 2.495259 2.526031 2.526031 2.550739 2.550739
2.179451 2.179451 2.238801 2.287231 2.304475 2.304475 2.319438 2.344969 2.344969 2.366683 2.366683 2.385867 2.394743 2.403224 2.411359 2.411359 2.352584 2.335008 2.340009 2.355355 2.371263 2.383163 2.389020 2.388332 2.380995 2.367401 2.348490 2.328463 2.314770 2.326234 2.326234 2.487631 2.606696 2.744835 2.772237 2.772237 2.765139 2.765139 2.718574 2.718574 2.693323 2.622751 2.622751 2.528097 2.528097 2.481268 2.481268 2.481268 2.502009 2.502009 2.534926 2.534926 2.567710 2.567710 2.595991 2.595991 2.618293 2.618293
2.180676 2.180676 2.240433 2.287239 2.304364 2.304364 2.319339 2.344950 2.344950 2.366692 2.366692 2.385872 2.394744 2.403222 2.411355 2.411355 2.376558 2.365424 2.372648 2.390164 2.409166 2.424716 2.434453 2.437609 2.434143 2.424612 2.410182 2.394482 2.383977 2.392969 2.392969 2.504357 2.603616 2.711724 2.723504 2.723504 2.702731 2.702731 2.678073 2.678073 2.672290 2.652385 2.652385 2.599547 2.599547 2.545430 2.545430 2.545430 2.555430 2.555430 2.580989 2.580989 2.609441 2.609441 2.634642 2.634642 2.654421 2.654421
2.181402 2.181402 2.241395 2.287255 2.304293 2.304293 2.319272 2.344936 2.344936 2.366698 2.366698 2.385876 2.394745 2.403221 2.411352 2.411352 2.399698 2.398654 2.410253 2.429925 2.451036 2.469051 2.481477 2.487252 2.486154 2.478638 2.465846 2.450894 2.439430 2.442281 2.442281 2.514283 2.584962 2.636996 2.629948 2.629948 2.613474 2.613474 2.625838 2.625838 2.638891 2.657161 2.657161 2.642602 2.642602 2.596661 2.596661 2.596661 2.596892 2.596892 2.613771 2.613771 2.636266 2.636266 2.657345 2.657345 2.673958 2.673958
2.181643 2.181643 2.241713 2.287261 2.304269 2.304269 2.319250 2.344932 2.344932 2.366701 2.366701 2.385877 2.394745 2.403221 2.411351 2.411351 2.423259 2.434654 2.452746 2.475123 2.497715 2.517122 2.531133 2.538575 2.539017 2.532679 2.520475 2.504927 2.490718 2.485014 2.485014 2.519688 2.546153 2.519927 2.505820 2.505820 2.522363 2.522363 2.574763 2.574763 2.602687 2.647793 2.647793 2.663412 2.663412 2.637172 2.637172 2.637172 2.631778 2.631778 2.640115 2.640115 2.655371 2.655371 2.671028 2.671028 2.683586 2.683586
2.181402 2.181402 2.241394 2.287255 2.304293 2.304293 2.319273 2.344937 2.344937 2.366698 2.366698 2.385875 2.394744 2.403220 2.411352 2.411352 2.449184 2.474215 2.500275 2.526035 2.549736 2.569541 2.583958 2.591989 2.593123 2.587345 2.575255 2.558724 2.541131 2.523955 2.523955 2.512271 2.467851 2.372942 2.377171 2.377171 2.444240 2.444240 2.528149 2.528149 2.566426 2.630072 2.630072 2.667883 2.667883 2.666278 2.666278 2.666278 2.660610 2.660610 2.662208 2.662208 2.669721 2.669721 2.678822 2.678822 2.686421 2.686421
2.180677 2.180677 2.240433 2.287239 2.304363 2.304363 2.319339 2.344950 2.344950 2.366692 2.366692 2.385872 2.394744 2.403222 2.411355 2.411355 2.480069 2.518993 2.553482 2.582922 2.607381 2.626642 2.640229 2.647619 2.648408 2.642449 2.630040 2.612377 2.590785 2.554595 2.554595 2.466378 2.322878 2.228435 2.268277 2.268277 2.380178 2.380178 2.484714 2.484714 2.530056 2.606850 2.606850 2.660545 2.660545 2.683073 2.683073 2.683073 2.681596 2.681596 2.679263 2.679263 2.679530 2.679530 2.681448 2.681448 2.683408 2.683408
2.179451 2.179451 2.238801 2.287232 2.304475 2.304475 2.319438 2.344969 2.344969 2.366683 2.366683 2.385867 2.394743 2.403224 2.411359 2.411359 2.519342 2.571492 2.613608 2.646155 2.670663 2.688349 2.699826 2.705241 2.704486 2.697423 2.684125 2.665041 2.637166 2.558226 2.558226 2.332057 2.108747 2.114772 2.178395 2.178395 2.323099 2.323099 2.441009 2.441009 2.491580 2.578209 2.578209 2.643276 2.643276 2.686558 2.686558 2.686558 2.691797 2.691797 2.688334 2.688334 2.682677 2.682677 2.677496 2.677496 2.673591 2.673591
