simulation_files/asc/Velocity____313.0.asc
NCOLS        79
NROWS        79
XLLCENTER         -1.500000
YLLCENTER         -4.800000
CELLSIZE           0.100
NODATA_VALUE     -9999.0
[rows 0 to 26 of 79, columns 0 to 59 of 79]
-9999.000 -9999.000 -9999.000 -9999.000 -9999.000 -9999.000 -9999.000 -9999.000 -9999.000 -9999.000 -9999.000 -9999.000 -9999.000 -9999.000 -9999.000 0.9681696E-01 0.9475354E-01 0.9442110E-01 0.9493565E-01 0.9577178E-01 0.9667797E-01 0.9754287E-01 0.9825218E-01 0.9879217E-01 0.9917100E-01 0.9940597E-01 0.9956652E-01 0.9986170E-01 0.1008808 0.1019052 0.1019052 -9999.000 -9999.000 -9999.000 -9999.000 -9999.000 -9999.000 -9999.000 -9999.000 -9999.000 -9999.000 -9999.000 -9999.000 -9999.000 -9999.000 -9999.000 -9999.000 -9999.000 -9999.000 -9999.000 -9999.000 -9999.000 -9999.000 -9999.000 -9999.000 -9999.000 -9999.000 -9999.000 -9999.000 -9999.000
-9999.000 -9999.000 -9999.000 -9999.000 -9999.000 -9999.000 -9999.000 -9999.000 -9999.000 -9999.000 -9999.000 -9999.000 -9999.000 -9999.000 -9999.000 0.9558419E-01 0.9139208E-01 0.9075178E-01 0.9186785E-01 0.9364638E-01 0.9558430E-01 0.9746266E-01 0.9904512E-01 0.1002937 0.1012157 0.1018398 0.1023141 0.1031054 0.1055218 0.1082789 0.1082789 -9999.000 -9999.000 -9999.000 -9999.000 -9999.000 -9999.000 -9999.000 -9999.000 -9999.000 -9999.000 -9999.000 -9999.000 -9999.000 -9999.000 -9999.000 -9999.000 -9999.000 -9999.000 -9999.000 -9999.000 -9999.000 -9999.000 -9999.000 -9999.000 -9999.000 -9999.000 -9999.000 -9999.000 -9999.000
-9999.000 -9999.000 -9999.000 -9999.000 -9999.000 -9999.000 -9999.000 -9999.000 -9999.000 -9999.000 -9999.000 -9999.000 -9999.000 -9999.000 -9999.000 0.9298584E-01 0.8656652E-01 0.8555209E-01 0.8734646E-01 0.9021053E-01 0.9336419E-01 0.9648231E-01 0.9920447E-01 0.1014741 0.1032961 0.1047019 0.1059100 0.1076521 0.1120133 0.1173430 0.1173430 -9999.000 -9999.000 -9999.000 -9999.000 -9999.000 -9999.000 -9999.000 -9999.000 -9999.000 -9999.000 -9999.000 -9999.000 -9999.000 -9999.000 -9999.000 -9999.000 -9999.000 -9999.000 -9999.000 -9999.000 -9999.000 -9999.000 -9999.000 -9999.000 -9999.000 -9999.000 -9999.000 -9999.000 -9999.000
-9999.000 -9999.000 -9999.000 -9999.000 -9999.000 -9999.000 -9999.000 -9999.000 -9999.000 -9999.000 -9999.000 -9999.000 -9999.000 -9999.000 -9999.000 0.8972076E-01 0.8116589E-01 0.7978694E-01 0.8228744E-01 0.8626533E-01 0.9066753E-01 0.9507568E-01 0.9901235E-01 0.1024089 0.1052658 0.1076085 0.1097158 0.1125813 0.1190939 0.1275580 0.1275580 -9999.000 -9999.000 -9999.000 -9999.000 -9999.000 -9999.000 -9999.000 -9999.000 -9999.000 -9999.000 -9999.000 -9999.000 -9999.000 -9999.000 -9999.000 -9999.000 -9999.000 -9999.000 -9999.000 -9999.000 -9999.000 -9999.000 -9999.000 -9999.000 -9999.000 -9999.000 -9999.000 -9999.000 -9999.000
-9999.000 -9999.000 -9999.000 -9999.000 -9999.000 -9999.000 -9999.000 -9999.000 -9999.000 -9999.000 -9999.000 -9999.000 -9999.000 -9999.000 -9999.000 0.8602025E-01 0.7538976E-01 0.7366480E-01 0.7690901E-01 0.8203134E-01 0.8770807E-01 0.9343895E-01 0.9863462E-01 0.1032204 0.1071905 0.1105593 0.1136626 0.1177635 0.1265989 0.1387800 0.1387800 -9999.000 -9999.000 -9999.000 -9999.000 -9999.000 -9999.000 -9999.000 -9999.000 -9999.000 -9999.000 -9999.000 -9999.000 -9999.000 -9999.000 -9999.000 -9999.000 -9999.000 -9999.000 -9999.000 -9999.000 -9999.000 -9999.000 -9999.000 -9999.000 -9999.000 -9999.000 -9999.000 -9999.000 -9999.000
-9999.000 -9999.000 -9999.000 -9999.000 -9999.000 -9999.000 -9999.000 -9999.000 -9999.000 -9999.000 -9999.000 -9999.000 -9999.000 -9999.000 -9999.000 0.8196864E-01 0.6932325E-01 0.6729122E-01 0.7133326E-01 0.7763610E-01 0.8461044E-01 0.9168734E-01 0.9816980E-01 0.1039842 0.1091169 0.1135672 0.1177280 0.1231472 0.1344676 0.1510297 0.1510297 -9999.000 -9999.000 -9999.000 -9999.000 -9999.000 -9999.000 -9999.000 -9999.000 -9999.000 -9999.000 -9999.000 -9999.000 -9999.000 -9999.000 -9999.000 -9999.000 -9999.000 -9999.000 -9999.000 -9999.000 -9999.000 -9999.000 -9999.000 -9999.000 -9999.000 -9999.000 -9999.000 -9999.000 -9999.000
-9999.000 -9999.000 -9999.000 -9999.000 -9999.000 -9999.000 -9999.000 -9999.000 -9999.000 -9999.000 -9999.000 -9999.000 -9999.000 -9999.000 -9999.000 0.7758080E-01 0.6299728E-01 0.6072399E-01 0.6563696E-01 0.7315926E-01 0.8144874E-01 0.8988673E-01 0.9767321E-01 0.1047425 0.1110718 0.1166412 0.1219039 0.1287113 0.1426877 0.1644284 0.1644284 -9999.000 -9999.000 -9999.000 -9999.000 -9999.000 -9999.000 -9999.000 -9999.000 -9999.000 -9999.000 -9999.000 -9999.000 -9999.000 -9999.000 -9999.000 -9999.000 -9999.000 -9999.000 -9999.000 -9999.000 -9999.000 -9999.000 -9999.000 -9999.000 -9999.000 -9999.000 -9999.000 -9999.000 -9999.000
-9999.000 -9999.000 -9999.000 -9999.000 -9999.000 -9999.000 -9999.000 -9999.000 -9999.000 -9999.000 -9999.000 -9999.000 -9999.000 -9999.000 -9999.000 0.7283705E-01 0.5641838E-01 0.5400882E-01 0.5988564E-01 0.6866348E-01 0.7827580E-01 0.8808009E-01 0.9717784E-01 0.1055197 0.1130704 0.1197865 0.1261855 0.1344483 0.1512707 0.1791762 0.1791762 -9999.000 -9999.000 -9999.000 -9999.000 -9999.000 -9999.000 -9999.000 -9999.000 -9999.000 -9999.000 -9999.000 -9999.000 -9999.000 -9999.000 -9999.000 -9999.000 -9999.000 -9999.000 -9999.000 -9999.000 -9999.000 -9999.000 -9999.000 -9999.000 -9999.000 -9999.000 -9999.000 -9999.000 -9999.000
-9999.000 -9999.000 -9999.000 -9999.000 -9999.000 -9999.000 -9999.000 -9999.000 -9999.000 -9999.000 -9999.000 -9999.000 -9999.000 -9999.000 -9999.000 0.6769855E-01 0.4958571E-01 0.4720584E-01 0.5416016E-01 0.6421509E-01 0.7513972E-01 0.8630171E-01 0.9670847E-01 0.1063330 0.1151231 0.1230062 0.1305708 0.1403568 0.1602414 0.1955530 0.1955530 -9999.000 -9999.000 -9999.000 -9999.000 -9999.000 -9999.000 -9999.000 -9999.000 -9999.000 -9999.000 -9999.000 -9999.000 -9999.000 -9999.000 -9999.000 -9999.000 -9999.000 -9999.000 -9999.000 -9999.000 -9999.000 -9999.000 -9999.000 -9999.000 -9999.000 -9999.000 -9999.000 -9999.000 -9999.000
-9999.000 -9999.000 -9999.000 -9999.000 -9999.000 -9999.000 -9999.000 -9999.000 -9999.000 -9999.000 -9999.000 -9999.000 -9999.000 -9999.000 -9999.000 0.6211365E-01 0.4250476E-01 0.4042546E-01 0.4858411E-01 0.5990283E-01 0.7209808E-01 0.8458935E-01 0.9628977E-01 0.1071992 0.1172401 0.1263044 0.1350584 0.1464381 0.1696322 0.2139388 0.2139388 -9999.000 -9999.000 -9999.000 -9999.000 -9999.000 -9999.000 -9999.000 -9999.000 -9999.000 -9999.000 -9999.000 -9999.000 -9999.000 -9999.000 -9999.000 -9999.000 -9999.000 -9999.000 -9999.000 -9999.000 -9999.000 -9999.000 -9999.000 -9999.000 -9999.000 -9999.000 -9999.000 -9999.000 -9999.000
-9999.000 -9999.000 -9999.000 -9999.000 -9999.000 -9999.000 -9999.000 -9999.000 -9999.000 -9999.000 -9999.000 -9999.000 -9999.000 -9999.000 -9999.000 0.5601994E-01 0.3521115E-01 0.3389724E-01 0.4336479E-01 0.5585583E-01 0.6922883E-01 0.8299187E-01 0.9595463E-01 0.1081414 0.1194368 0.1296886 0.1396504 0.1526965 0.1794837 0.2348500 0.2348500 -9999.000 -9999.000 -9999.000 -9999.000 -9999.000 -9999.000 -9999.000 -9999.000 -9999.000 -9999.000 -9999.000 -9999.000 -9999.000 -9999.000 -9999.000 -9999.000 -9999.000 -9999.000 -9999.000 -9999.000 -9999.000 -9999.000 -9999.000 -9999.000 -9999.000 -9999.000 -9999.000 -9999.000 -9999.000
-9999.000 -9999.000 -9999.000 -9999.000 -9999.000 -9999.000 -9999.000 -9999.000 -9999.000 -9999.000 -9999.000 -9999.000 -9999.000 -9999.000 -9999.000 0.4934417E-01 0.2783023E-01 0.2812070E-01 0.3885318E-01 0.5226967E-01 0.6664626E-01 0.8158220E-01 0.9575370E-01 0.1091968 0.1217401 0.1331760 0.1443560 0.1591424 0.1898446 0.2590014 0.2590014 -9999.000 -9999.000 -9999.000 -9999.000 -9999.000 -9999.000 -9999.000 -9999.000 -9999.000 -9999.000 -9999.000 -9999.000 -9999.000 -9999.000 -9999.000 -9999.000 -9999.000 -9999.000 -9999.000 -9999.000 -9999.000 -9999.000 -9999.000 -9999.000 -9999.000 -9999.000 -9999.000 -9999.000 -9999.000
-9999.000 -9999.000 -9999.000 -9999.000 -9999.000 -9999.000 -9999.000 -9999.000 -9999.000 -9999.000 -9999.000 -9999.000 -9999.000 -9999.000 -9999.000 0.4200190E-01 0.2078226E-01 0.2413976E-01 0.3562183E-01 0.4944397E-01 0.6452690E-01 0.8047657E-01 0.9577232E-01 0.1104320 0.1242021 0.1368057 0.1492028 0.1658007 0.2007773 0.2874106 0.2874106 -9999.000 -9999.000 -9999.000 -9999.000 -9999.000 -9999.000 -9999.000 -9999.000 -9999.000 -9999.000 -9999.000 -9999.000 -9999.000 -9999.000 -9999.000 -9999.000 -9999.000 -9999.000 -9999.000 -9999.000 -9999.000 -9999.000 -9999.000 -9999.000 -9999.000 -9999.000 -9999.000 -9999.000 -9999.000
-9999.000 -9999.000 -9999.000 -9999.000 -9999.000 -9999.000 -9999.000 -9999.000 -9999.000 -9999.000 -9999.000 -9999.000 -9999.000 -9999.000 -9999.000 0.3380011E-01 0.1581959E-01 0.2413199E-01 0.3497915E-01 0.4825107E-01 0.6349315E-01 0.8013556E-01 0.9636460E-01 0.1121247 0.1270411 0.1407482 0.1543228 0.1727759 0.2124005 0.3216063 0.3216063 -9999.000 -9999.000 -9999.000 -9999.000 -9999.000 -9999.000 -9999.000 -9999.000 -9999.000 -9999.000 -9999.000 -9999.000 -9999.000 -9999.000 -9999.000 -9999.000 -9999.000 -9999.000 -9999.000 -9999.000 -9999.000 -9999.000 -9999.000 -9999.000 -9999.000 -9999.000 -9999.000 -9999.000 -9999.000
-9999.000 -9999.000 -9999.000 -9999.000 -9999.000 -9999.000 -9999.000 -9999.000 -9999.000 -9999.000 -9999.000 -9999.000 -9999.000 -9999.000 -9999.000 0.5113720E-01 0.7782917E-01 0.8840676E-01 0.8521754E-01 0.8653688E-01 0.9078362E-01 0.9871774E-01 0.1089202 0.1208467 0.1335378 0.1461183 0.1594691 0.1790735 0.2235167 0.3609276 0.3609276 -9999.000 -9999.000 -9999.000 -9999.000 -9999.000 -9999.000 -9999.000 -9999.000 -9999.000 -9999.000 -9999.000 -9999.000 -9999.000 -9999.000 -9999.000 -9999.000 -9999.000 -9999.000 -9999.000 -9999.000 -9999.000 -9999.000 -9999.000 -9999.000 -9999.000 -9999.000 -9999.000 -9999.000 -9999.000
2.739304 2.739304 2.731151 2.757169 2.775732 2.775732 2.779024 2.780217 2.780217 2.777831 2.777831 2.772851 2.769624 2.766011 2.762208 2.762208 2.860523 2.863360 2.860010 2.835554 2.791697 2.727318 2.640165 2.532402 2.405330 2.260785 2.103245 1.943298 1.808200 1.772388 1.772388 2.595051 2.762402 2.853974 2.875775 2.875775 2.901353 2.901353 2.870331 2.870331 2.818485 2.617283 2.617283 2.156315 2.156315 1.963367 1.963367 1.963367 1.965419 1.965419 2.004215 2.004215 2.053493 2.053493 2.102578 2.102578 2.145176 2.145176 2.145176 2.177572
2.760553 2.760553 2.757281 2.809004 2.834416 2.834416 2.849445 2.872880 2.872880 2.892229 2.892229 2.908806 2.916299 2.923361 2.930176 2.930176 3.004104 3.019264 3.032449 3.040624 3.043721 3.040022 3.026616 3.001442 2.962168 2.906674 2.834032 2.745727 2.648669 2.586591 2.586591 3.026455 3.178725 3.324046 3.362845 3.362845 3.404223 3.404223 3.397398 3.397398 3.370947 3.256787 3.256787 3.004629 3.004629 2.782845 2.782845 2.782845 2.784267 2.784267 2.824937 2.824937 2.877303 2.877303 2.929091 2.929091 2.975013 2.975013 2.975013 3.012486
2.764881 2.764881 2.760261 2.810635 2.834043 2.834043 2.849805 2.874132 2.874132 2.894074 2.894074 2.911300 2.919162 2.926620 2.933876 2.933876 3.001189 3.026815 3.050697 3.071084 3.087758 3.100330 3.107782 3.109275 3.103533 3.088857 3.063669 3.027508 2.983349 2.954765 2.954765 3.207489 3.352574 3.518900 3.566568 3.566568 3.611399 3.611399 3.593062 3.593062 3.560437 3.458191 3.458191 3.292635 3.292635 3.080446 3.080446 3.080446 3.065574 3.065574 3.095472 3.095472 3.140012 3.140012 3.185695 3.185695 3.226948 3.226948 3.226948 3.261010
2.767443 2.767443 2.764512 2.811265 2.833247 2.833247 2.849386 2.874156 2.874156 2.894120 2.894120 2.911326 2.919190 2.926654 2.933953 2.933953 2.998102 3.032897 3.066548 3.096582 3.122142 3.142933 3.158633 3.169166 3.174380 3.173836 3.166958 3.153573 3.135459 3.127092 3.127092 3.283443 3.412408 3.582779 3.633088 3.633088 3.668730 3.668730 3.627215 3.627215 3.587513 3.502118 3.502118 3.401850 3.401850 3.224327 3.224327 3.224327 3.192827 3.192827 3.209901 3.209901 3.246977 3.246977 3.288311 3.288311 3.326591 3.326591 3.326591 3.358318
2.768083 2.768083 2.770153 2.812154 2.833371 2.833371 2.849844 2.875045 2.875045 2.895028 2.895028 2.912203 2.920059 2.927521 2.934874 2.934874 2.999681 3.042702 3.085352 3.124260 3.158017 3.186109 3.208317 3.224711 3.235492 3.240838 3.240912 3.236152 3.228250 3.226906 3.226906 3.327255 3.435605 3.594242 3.636694 3.636694 3.640481 3.640481 3.572743 3.572743 3.535537 3.484320 3.484320 3.441053 3.441053 3.314320 3.314320 3.314320 3.271596 3.271596 3.273833 3.273833 3.301052 3.301052 3.336664 3.336664 3.371243 3.371243 3.371243 3.400087
2.766564 2.766564 2.776854 2.812313 2.832960 2.832960 2.849592 2.875088 2.875088 2.895084 2.895084 2.912232 2.920083 2.927547 2.934980 2.934980 3.005181 3.056037 3.106971 3.153973 3.195300 3.230267 3.258632 3.280447 3.295954 3.305480 3.309443 3.308536 3.304376 3.303777 3.303777 3.367031 3.451729 3.578026 3.596313 3.596313 3.546510 3.546510 3.471956 3.471956 3.451949 3.446154 3.446154 3.448813 3.448813 3.377113 3.377113 3.377113 3.332905 3.332905 3.321981 3.321981 3.337353 3.337353 3.364995 3.364995 3.394138 3.394138 3.394138 3.418806
2.766634 2.766634 2.779726 2.812266 2.832655 2.832655 2.849406 2.875104 2.875104 2.895108 2.895108 2.912236 2.920084 2.927546 2.935092 2.935092 3.016287 3.075059 3.133650 3.187844 3.235837 3.276901 3.310810 3.337600 3.357487 3.370798 3.377974 3.379693 3.377326 3.375534 3.375534 3.412516 3.470840 3.532795 3.505549 3.505549 3.404008 3.404008 3.360181 3.360181 3.366831 3.404304 3.404304 3.440313 3.440313 3.419001 3.419001 3.419001 3.383189 3.383189 3.364320 3.364320 3.367851 3.367851 3.385647 3.385647 3.407406 3.407406 3.407406 3.426349
2.766673 2.766673 2.780652 2.812249 2.832554 2.832554 2.849343 2.875110 2.875110 2.895117 2.895117 2.912237 2.920084 2.927544 2.935252 2.935252 3.034136 3.101284 3.167058 3.227551 3.281171 3.327337 3.365907 3.396965 3.420717 3.437468 3.447603 3.451689 3.450742 3.447506 3.447506 3.464415 3.490833 3.437475 3.352192 3.352192 3.244711 3.244711 3.262946 3.262946 3.294629 3.364131 3.364131 3.422778 3.422778 3.443105 3.443105 3.443105 3.422397 3.422397 3.402309 3.402309 3.396274 3.396274 3.403394 3.403394 3.416036 3.416036 3.416036 3.427673
2.766635 2.766635 2.779726 2.812266 2.832655 2.832655 2.849406 2.875104 2.875104 2.895108 2.895108 2.912236 2.920084 2.927545 2.935477 2.935477 3.060299 3.136520 3.209078 3.274920 3.332991 3.383035 3.425118 3.459440 3.486257 3.505861 3.518579 3.524847 3.525228 3.520187 3.520187 3.517506 3.495614 3.266653 3.147425 3.147425 3.106115 3.106115 3.188066 3.188066 3.236407 3.325982 3.325982 3.399743 3.399743 3.452360 3.452360 3.452360 3.449344 3.449344 3.434023 3.434023 3.422248 3.422248 3.419210 3.419210 3.421602 3.421602 3.421602 3.424579
2.766564 2.766564 2.776854 2.812312 2.832960 2.832960 2.849592 2.875088 2.875088 2.895083 2.895083 2.912232 2.920084 2.927547 2.935794 2.935794 3.097088 3.183103 3.261956 3.332046 3.393183 3.445641 3.489818 3.526114 3.554886 3.576455 3.591116 3.599161 3.600430 3.591040 3.591040 3.556723 3.444598 3.028113 2.940479 2.940479 3.006109 3.006109 3.128529 3.128529 3.185915 3.287563 3.287563 3.371846 3.371846 3.448675 3.448675 3.448675 3.462691 3.462691 3.455972 3.455972 3.442624 3.442624 3.431151 3.431151 3.423050 3.423050 3.423050 3.416539
2.768083 2.768083 2.770152 2.812153 2.833372 2.833372 2.849844 2.875046 2.875046 2.895028 2.895028 2.912203 2.920060 2.927523 2.936205 2.936205 3.148020 3.244264 3.328562 3.401431 3.463907 3.516997 3.561549 3.598231 3.627553 3.649900 3.665565 3.674645 3.675153 3.650872 3.650872 3.540329 3.272487 2.785711 2.786802 2.786802 2.934137 2.934137 3.075123 3.075123 3.137197 3.246513 3.246513 3.338391 3.338391 3.432806 3.432806 3.432806 3.461292 3.461292 3.464528 3.464528 3.452797 3.452797 3.435263 3.435263 3.417355 3.417355 3.417355 3.401247
2.767443 2.767443 2.764511 2.811265 2.833248 2.833248 2.849387 2.874155 2.874155 2.894120 2.894120 2.911326 2.919190 2.926654 2.935944 2.935944 3.217979 3.324043 3.412102 3.485601 3.547158 3.598687 3.641569 3.676781 3.705011 3.726723 3.742224 3.751092 3.744717 3.665252 3.665252 3.378362 2.947392 2.622752 2.684700 2.684700 2.867523 2.867523 3.016880 3.016880 3.081842 3.196831 3.196831 3.294517 3.294517 3.401570 3.401570 3.401570 3.441361 3.441361 3.453910 3.453910 3.445450 3.445450 3.424176 3.424176 3.397917 3.397917 3.397917 3.372970
