simulation_files/asc/Velocity__x_117.0.asc
NCOLS        79
NROWS        79
XLLCENTER         -1.500000
YLLCENTER         -4.800000
CELLSIZE           0.100
NODATA_VALUE     -9999.0
[rows 0 to 25 of 79, columns 0 to 57 of 79]
-9999.000 -9999.000 -9999.000 -9999.000 -9999.000 -9999.000 -9999.000 -9999.000 -9999.000 -9999.000 -9999.000 -9999.000 -9999.000 -9999.000 -9999.000 0.2141530E-04 0.8314555E-03 0.2486035E-02 0.4144086E-02 0.5651986E-02 0.6951553E-02 0.8036387E-02 0.8929616E-02 0.9664317E-02 0.1025385E-01 0.1064281E-01 0.1061457E-01 0.9631529E-02 0.6618559E-02 0.2912283E-02 0.2912283E-02 -9999.000 -9999.000 -9999.000 -9999.000 -9999.000 -9999.000 -9999.000 -9999.000 -9999.000 -9999.000 -9999.000 -9999.000 -9999.000 -9999.000 -9999.000 -9999.000 -9999.000 -9999.000 -9999.000 -9999.000 -9999.000 -9999.000 -9999.000 -9999.000 -9999.000 -9999.000 -9999.000
-9999.000 -9999.000 -9999.000 -9999.000 -9999.000 -9999.000 -9999.000 -9999.000 -9999.000 -9999.000 -9999.000 -9999.000 -9999.000 -9999.000 -9999.000 0.7359109E-03 0.2364562E-02 0.4923945E-02 0.7480146E-02 0.9836001E-02 0.1188776E-01 0.1358694E-01 0.1491723E-01 0.1587209E-01 0.1642242E-01 0.1646797E-01 0.1575414E-01 0.1374151E-01 0.9449777E-02 0.4360396E-02 0.4360396E-02 -9999.000 -9999.000 -9999.000 -9999.000 -9999.000 -9999.000 -9999.000 -9999.000 -9999.000 -9999.000 -9999.000 -9999.000 -9999.000 -9999.000 -9999.000 -9999.000 -9999.000 -9999.000 -9999.000 -9999.000 -9999.000 -9999.000 -9999.000 -9999.000 -9999.000 -9999.000 -9999.000
-9999.000 -9999.000 -9999.000 -9999.000 -9999.000 -9999.000 -9999.000 -9999.000 -9999.000 -9999.000 -9999.000 -9999.000 -9999.000 -9999.000 -9999.000 0.1265773E-02 0.3528972E-02 0.6820280E-02 0.1006636E-01 0.1304117E-01 0.1561556E-01 0.1771857E-01 0.1931503E-01 0.2038255E-01 0.2087946E-01 0.2069390E-01 0.1955778E-01 0.1690721E-01 0.1170764E-01 0.5513520E-02 0.5513520E-02 -9999.000 -9999.000 -9999.000 -9999.000 -9999.000 -9999.000 -9999.000 -9999.000 -9999.000 -9999.000 -9999.000 -9999.000 -9999.000 -9999.000 -9999.000 -9999.000 -9999.000 -9999.000 -9999.000 -9999.000 -9999.000 -9999.000 -9999.000 -9999.000 -9999.000 -9999.000 -9999.000
-9999.000 -9999.000 -9999.000 -9999.000 -9999.000 -9999.000 -9999.000 -9999.000 -9999.000 -9999.000 -9999.000 -9999.000 -9999.000 -9999.000 -9999.000 0.1686394E-02 0.4454819E-02 0.8329436E-02 0.1212358E-01 0.1558707E-01 0.1857174E-01 0.2099251E-01 0.2280409E-01 0.2397738E-01 0.2446506E-01 0.2414849E-01 0.2274280E-01 0.1964496E-01 0.1373340E-01 0.6571099E-02 0.6571099E-02 -9999.000 -9999.000 -9999.000 -9999.000 -9999.000 -9999.000 -9999.000 -9999.000 -9999.000 -9999.000 -9999.000 -9999.000 -9999.000 -9999.000 -9999.000 -9999.000 -9999.000 -9999.000 -9999.000 -9999.000 -9999.000 -9999.000 -9999.000 -9999.000 -9999.000 -9999.000 -9999.000
-9999.000 -9999.000 -9999.000 -9999.000 -9999.000 -9999.000 -9999.000 -9999.000 -9999.000 -9999.000 -9999.000 -9999.000 -9999.000 -9999.000 -9999.000 0.2045566E-02 0.5242655E-02 0.9609932E-02 0.1386930E-01 0.1775155E-01 0.2109312E-01 0.2379899E-01 0.2581784E-01 0.2711678E-01 0.2764508E-01 0.2727571E-01 0.2570232E-01 0.2227063E-01 0.1574523E-01 0.7644549E-02 0.7644549E-02 -9999.000 -9999.000 -9999.000 -9999.000 -9999.000 -9999.000 -9999.000 -9999.000 -9999.000 -9999.000 -9999.000 -9999.000 -9999.000 -9999.000 -9999.000 -9999.000 -9999.000 -9999.000 -9999.000 -9999.000 -9999.000 -9999.000 -9999.000 -9999.000 -9999.000 -9999.000 -9999.000
-9999.000 -9999.000 -9999.000 -9999.000 -9999.000 -9999.000 -9999.000 -9999.000 -9999.000 -9999.000 -9999.000 -9999.000 -9999.000 -9999.000 -9999.000 0.2380338E-02 0.5970919E-02 0.1078518E-01 0.1546962E-01 0.1973953E-01 0.2341909E-01 0.2640535E-01 0.2864316E-01 0.3009750E-01 0.3071417E-01 0.3035610E-01 0.2869000E-01 0.2499736E-01 0.1789996E-01 0.8816693E-02 0.8816693E-02 -9999.000 -9999.000 -9999.000 -9999.000 -9999.000 -9999.000 -9999.000 -9999.000 -9999.000 -9999.000 -9999.000 -9999.000 -9999.000 -9999.000 -9999.000 -9999.000 -9999.000 -9999.000 -9999.000 -9999.000 -9999.000 -9999.000 -9999.000 -9999.000 -9999.000 -9999.000 -9999.000
-9999.000 -9999.000 -9999.000 -9999.000 -9999.000 -9999.000 -9999.000 -9999.000 -9999.000 -9999.000 -9999.000 -9999.000 -9999.000 -9999.000 -9999.000 0.2718478E-02 0.6698126E-02 0.1194632E-01 0.1704568E-01 0.2169911E-01 0.2572029E-01 0.2900059E-01 0.3148216E-01 0.3312882E-01 0.3388301E-01 0.3359551E-01 0.3189944E-01 0.2799807E-01 0.2033621E-01 0.1016516E-01 0.1016516E-01 -9999.000 -9999.000 -9999.000 -9999.000 -9999.000 -9999.000 -9999.000 -9999.000 -9999.000 -9999.000 -9999.000 -9999.000 -9999.000 -9999.000 -9999.000 -9999.000 -9999.000 -9999.000 -9999.000 -9999.000 -9999.000 -9999.000 -9999.000 -9999.000 -9999.000 -9999.000 -9999.000
-9999.000 -9999.000 -9999.000 -9999.000 -9999.000 -9999.000 -9999.000 -9999.000 -9999.000 -9999.000 -9999.000 -9999.000 -9999.000 -9999.000 -9999.000 0.3081574E-02 0.7468805E-02 0.1316239E-01 0.1868889E-01 0.2374208E-01 0.2812660E-01 0.3172932E-01 0.3449173E-01 0.3637713E-01 0.3732450E-01 0.3717015E-01 0.3550679E-01 0.3144243E-01 0.2320251E-01 0.1177793E-01 0.1177793E-01 -9999.000 -9999.000 -9999.000 -9999.000 -9999.000 -9999.000 -9999.000 -9999.000 -9999.000 -9999.000 -9999.000 -9999.000 -9999.000 -9999.000 -9999.000 -9999.000 -9999.000 -9999.000 -9999.000 -9999.000 -9999.000 -9999.000 -9999.000 -9999.000 -9999.000 -9999.000 -9999.000
-9999.000 -9999.000 -9999.000 -9999.000 -9999.000 -9999.000 -9999.000 -9999.000 -9999.000 -9999.000 -9999.000 -9999.000 -9999.000 -9999.000 -9999.000 0.3487486E-02 0.8320449E-02 0.1449119E-01 0.2047641E-01 0.2596324E-01 0.3074925E-01 0.3471856E-01 0.3781341E-01 0.3999782E-01 0.4120742E-01 0.4126139E-01 0.3970399E-01 0.3552740E-01 0.2668509E-01 0.1376971E-01 0.1376971E-01 -9999.000 -9999.000 -9999.000 -9999.000 -9999.000 -9999.000 -9999.000 -9999.000 -9999.000 -9999.000 -9999.000 -9999.000 -9999.000 -9999.000 -9999.000 -9999.000 -9999.000 -9999.000 -9999.000 -9999.000 -9999.000 -9999.000 -9999.000 -9999.000 -9999.000 -9999.000 -9999.000
-9999.000 -9999.000 -9999.000 -9999.000 -9999.000 -9999.000 -9999.000 -9999.000 -9999.000 -9999.000 -9999.000 -9999.000 -9999.000 -9999.000 -9999.000 0.3953721E-02 0.9289541E-02 0.1598978E-01 0.2248452E-01 0.2845843E-01 0.3370308E-01 0.3810193E-01 0.4160017E-01 0.4416436E-01 0.4572693E-01 0.4608761E-01 0.4473270E-01 0.4051307E-01 0.3104265E-01 0.1630480E-01 0.1630480E-01 -9999.000 -9999.000 -9999.000 -9999.000 -9999.000 -9999.000 -9999.000 -9999.000 -9999.000 -9999.000 -9999.000 -9999.000 -9999.000 -9999.000 -9999.000 -9999.000 -9999.000 -9999.000 -9999.000 -9999.000 -9999.000 -9999.000 -9999.000 -9999.000 -9999.000 -9999.000 -9999.000
-9999.000 -9999.000 -9999.000 -9999.000 -9999.000 -9999.000 -9999.000 -9999.000 -9999.000 -9999.000 -9999.000 -9999.000 -9999.000 -9999.000 -9999.000 0.4500003E-02 0.1041803E-01 0.1772443E-01 0.2480425E-01 0.3134262E-01 0.3712763E-01 0.4204512E-01 0.4604600E-01 0.4910189E-01 0.5114341E-01 0.5194828E-01 0.5093360E-01 0.4677701E-01 0.3666477E-01 0.1963536E-01 0.1963536E-01 -9999.000 -9999.000 -9999.000 -9999.000 -9999.000 -9999.000 -9999.000 -9999.000 -9999.000 -9999.000 -9999.000 -9999.000 -9999.000 -9999.000 -9999.000 -9999.000 -9999.000 -9999.000 -9999.000 -9999.000 -9999.000 -9999.000 -9999.000 -9999.000 -9999.000 -9999.000 -9999.000
-9999.000 -9999.000 -9999.000 -9999.000 -9999.000 -9999.000 -9999.000 -9999.000 -9999.000 -9999.000 -9999.000 -9999.000 -9999.000 -9999.000 -9999.000 0.5152849E-02 0.1176189E-01 0.1978511E-01 0.2755948E-01 0.3477453E-01 0.4121842E-01 0.4678303E-01 0.5142933E-01 0.5513831E-01 0.5784153E-01 0.5929285E-01 0.5882663E-01 0.5490759E-01 0.4417706E-01 0.2417227E-01 0.2417227E-01 -9999.000 -9999.000 -9999.000 -9999.000 -9999.000 -9999.000 -9999.000 -9999.000 -9999.000 -9999.000 -9999.000 -9999.000 -9999.000 -9999.000 -9999.000 -9999.000 -9999.000 -9999.000 -9999.000 -9999.000 -9999.000 -9999.000 -9999.000 -9999.000 -9999.000 -9999.000 -9999.000
-9999.000 -9999.000 -9999.000 -9999.000 -9999.000 -9999.000 -9999.000 -9999.000 -9999.000 -9999.000 -9999.000 -9999.000 -9999.000 -9999.000 -9999.000 0.5951726E-02 0.1340653E-01 0.2230962E-01 0.3094177E-01 0.3900163E-01 0.4628114E-01 0.5268465E-01 0.5819071E-01 0.6279619E-01 0.6643936E-01 0.6885021E-01 0.6926615E-01 0.6588718E-01 0.5465297E-01 0.3062932E-01 0.3062932E-01 -9999.000 -9999.000 -9999.000 -9999.000 -9999.000 -9999.000 -9999.000 -9999.000 -9999.000 -9999.000 -9999.000 -9999.000 -9999.000 -9999.000 -9999.000 -9999.000 -9999.000 -9999.000 -9999.000 -9999.000 -9999.000 -9999.000 -9999.000 -9999.000 -9999.000 -9999.000 -9999.000
-9999.000 -9999.000 -9999.000 -9999.000 -9999.000 -9999.000 -9999.000 -9999.000 -9999.000 -9999.000 -9999.000 -9999.000 -9999.000 -9999.000 -9999.000 0.7041123E-02 0.1563850E-01 0.2572922E-01 0.3550705E-01 0.4468675E-01 0.5307552E-01 0.6060477E-01 0.6728729E-01 0.7315221E-01 0.7815916E-01 0.8202194E-01 0.8386967E-01 0.8157647E-01 0.7016690E-01 0.4043606E-01 0.4043606E-01 -9999.000 -9999.000 -9999.000 -9999.000 -9999.000 -9999.000 -9999.000 -9999.000 -9999.000 -9999.000 -9999.000 -9999.000 -9999.000 -9999.000 -9999.000 -9999.000 -9999.000 -9999.000 -9999.000 -9999.000 -9999.000 -9999.000 -9999.000 -9999.000 -9999.000 -9999.000 -9999.000
-9999.000 -9999.000 -9999.000 -9999.000 -9999.000 -9999.000 -9999.000 -9999.000 -9999.000 -9999.000 -9999.000 -9999.000 -9999.000 -9999.000 -9999.000 0.2205954E-01 0.3743323E-01 0.5283778E-01 0.6535725E-01 0.7548656E-01 0.8365902E-01 0.9029927E-01 0.9576793E-01 0.1003237 0.1040472 0.1066775 0.1072584 0.1033830 0.8919767E-01 0.4699950E-01 0.4699950E-01 -9999.000 -9999.000 -9999.000 -9999.000 -9999.000 -9999.000 -9999.000 -9999.000 -9999.000 -9999.000 -9999.000 -9999.000 -9999.000 -9999.000 -9999.000 -9999.000 -9999.000 -9999.000 -9999.000 -9999.000 -9999.000 -9999.000 -9999.000 -9999.000 -9999.000 -9999.000 -9999.000
2.111705 2.111705 2.159202 2.205312 2.213501 2.213501 2.219070 2.225787 2.225787 2.228890 2.228890 2.229564 2.229190 2.228421 2.227301 2.227301 1.944357 1.897238 1.844042 1.779869 1.703051 1.613624 1.512628 1.402058 1.285283 1.167718 1.057836 0.9693390 0.9270229 0.9760367 0.9760367 1.861147 2.013329 2.039253 2.026936 2.026936 1.980221 1.980221 1.868544 1.868544 1.615707 1.287994 1.287994 1.201821 1.201821 1.223530 1.223530 1.223530 1.274157 1.274157 1.332946 1.332946 1.380049 1.380049 1.418650 1.418650 1.447374 1.447374
2.125043 2.125043 2.187832 2.246023 2.263444 2.263444 2.278247 2.303325 2.303325 2.324632 2.324632 2.343367 2.351973 2.360147 2.367937 2.367937 2.200094 2.179396 2.168255 2.153552 2.129899 2.094166 2.045556 1.983267 1.907913 1.821963 1.731010 1.645020 1.584114 1.597888 1.597888 2.103720 2.262401 2.376794 2.396405 2.396405 2.393401 2.393401 2.334854 2.334854 2.226832 1.924166 1.924166 1.816525 1.816525 1.839176 1.839176 1.839176 1.874954 1.874954 1.935336 1.935336 1.981928 1.981928 2.021982 2.021982 2.054586 2.054586
2.127841 2.127841 2.191930 2.246250 2.263809 2.263809 2.278833 2.304399 2.304399 2.326224 2.326224 2.345535 2.354457 2.362968 2.371114 2.371114 2.243356 2.222874 2.224147 2.229060 2.229748 2.222958 2.207323 2.181597 2.145177 2.097626 2.042854 1.988601 1.947529 1.956546 1.956546 2.304581 2.449322 2.589671 2.620213 2.620213 2.627948 2.627948 2.574749 2.574749 2.509375 2.300103 2.300103 2.172604 2.172604 2.176375 2.176375 2.176375 2.211789 2.211789 2.256743 2.256743 2.295181 2.295181 2.328025 2.328025 2.354929 2.354929
2.130055 2.130055 2.195034 2.246187 2.263658 2.263658 2.278722 2.304392 2.304392 2.326255 2.326255 2.345572 2.354497 2.363013 2.371165 2.371165 2.272932 2.248566 2.251402 2.263016 2.273159 2.277965 2.276131 2.266869 2.249785 2.224626 2.193729 2.162200 2.139296 2.151662 2.151662 2.392666 2.524900 2.670160 2.702929 2.702929 2.708299 2.708299 2.656073 2.656073 2.611929 2.473499 2.473499 2.350651 2.350651 2.333927 2.333927 2.333927 2.364453 2.364453 2.403191 2.403191 2.438380 2.438380 2.468453 2.468453 2.492479 2.492479
2.131738 2.131738 2.197357 2.246171 2.263512 2.263512 2.278600 2.304369 2.304369 2.326265 2.326265 2.345577 2.354497 2.363009 2.371159 2.371159 2.301135 2.277411 2.280051 2.294486 2.309392 2.319922 2.324432 2.322362 2.313698 2.298647 2.279231 2.259670 2.247403 2.261961 2.261961 2.429395 2.548039 2.683223 2.709542 2.709542 2.702551 2.702551 2.657906 2.657906 2.632357 2.556883 2.556883 2.461861 2.461861 2.424415 2.424415 2.424415 2.447547 2.447547 2.480928 2.480928 2.513372 2.513372 2.541090 2.541090 2.562801 2.562801
2.132918 2.132918 2.198973 2.246185 2.263397 2.263397 2.278494 2.304347 2.304347 2.326274 2.326274 2.345582 2.354498 2.363006 2.371154 2.371154 2.327614 2.309993 2.313730 2.329689 2.347489 2.361660 2.369999 2.371776 2.367042 2.356274 2.341389 2.326249 2.317339 2.329324 2.329324 2.445945 2.545197 2.650722 2.662345 2.662345 2.644029 2.644029 2.622088 2.622088 2.616370 2.592844 2.592844 2.536570 2.536570 2.488608 2.488608 2.488608 2.501740 2.501740 2.528401 2.528401 2.556891 2.556891 2.581688 2.581688 2.600980 2.600980
2.133617 2.133617 2.199924 2.246205 2.263324 2.263324 2.278423 2.304333 2.304333 2.326282 2.326282 2.345587 2.354499 2.363004 2.371151 2.371151 2.352590 2.345365 2.352685 2.370022 2.389551 2.406061 2.416985 2.421281 2.418812 2.410026 2.396612 2.382055 2.372126 2.377742 2.377742 2.454058 2.524838 2.576517 2.571454 2.571454 2.559515 2.559515 2.573780 2.573780 2.586596 2.601999 2.601999 2.583330 2.583330 2.539860 2.539860 2.539860 2.543245 2.543245 2.561775 2.561775 2.584733 2.584733 2.605678 2.605678 2.621989 2.621989
2.133848 2.133848 2.200238 2.246213 2.263300 2.263300 2.278399 2.304327 2.304327 2.326284 2.326284 2.345588 2.354500 2.363004 2.371150 2.371150 2.377302 2.383183 2.396671 2.416017 2.436535 2.454205 2.466581 2.472430 2.471366 2.463630 2.450532 2.435026 2.422009 2.418430 2.418430 2.455751 2.481994 2.461647 2.452004 2.452004 2.472886 2.472886 2.525493 2.525493 2.552830 2.595540 2.595540 2.607473 2.607473 2.580833 2.580833 2.580833 2.577920 2.577920 2.588141 2.588141 2.604274 2.604274 2.620142 2.620142 2.632660 2.632660
2.133616 2.133616 2.199923 2.246205 2.263324 2.263324 2.278423 2.304332 2.304332 2.326281 2.326281 2.345587 2.354499 2.363004 2.371151 2.371151 2.403751 2.424041 2.445595 2.467877 2.489018 2.506775 2.519379 2.525700 2.525204 2.517889 2.504629 2.487712 2.470713 2.454297 2.454297 2.442004 2.397889 2.320185 2.329206 2.329206 2.397885 2.397885 2.480681 2.480681 2.518204 2.579796 2.579796 2.614590 2.614590 2.610894 2.610894 2.610894 2.606677 2.606677 2.610011 2.610011 2.618683 2.618683 2.628359 2.628359 2.636237 2.636237
2.132918 2.132918 2.198973 2.246186 2.263397 2.263397 2.278494 2.304348 2.304348 2.326275 2.326275 2.345582 2.354498 2.363006 2.371153 2.371153 2.434608 2.469506 2.499869 2.525700 2.547245 2.564138 2.575698 2.581243 2.580291 2.572675 2.558863 2.540394 2.518512 2.480274 2.480274 2.386247 2.249152 2.183063 2.224779 2.224779 2.335561 2.335561 2.438490 2.438490 2.483054 2.558043 2.558043 2.609299 2.609299 2.628998 2.628998 2.628998 2.627953 2.627953 2.626918 2.626918 2.628433 2.628433 2.631247 2.631247 2.633835 2.633835
2.131737 2.131737 2.197358 2.246172 2.263512 2.263512 2.278599 2.304368 2.304368 2.326265 2.326265 2.345577 2.354497 2.363009 2.371159 2.371159 2.473359 2.522071 2.560577 2.589670 2.611127 2.626208 2.635446 2.638867 2.636263 2.627442 2.612560 2.592292 2.562578 2.475754 2.475754 2.240918 2.041574 2.073844 2.136852 2.136852 2.279589 2.279589 2.395915 2.395915 2.445748 2.530760 2.530760 2.593827 2.593827 2.634123 2.634123 2.634123 2.639002 2.639002 2.636270 2.636270 2.631763 2.631763 2.627714 2.627714 2.624777 2.624777
