simulation_files/asc/Velocity__x_248.0.asc
NCOLS        79
NROWS        79
XLLCENTER         -1.500000
YLLCENTER         -4.800000
CELLSIZE           0.100
NODATA_VALUE     -9999.0
[rows 0 to 25 of 79, columns 0 to 57 of 79]
-9999.000 -9999.000 -9999.000 -9999.000 -9999.000 -9999.000 -9999.000 -9999.000 -9999.000 -9999.000 -9999.000 -9999.000 -9999.000 -9999.000 -9999.000 -0.1163480E-02 -0.4473092E-03 0.3020752E-02 0.7598451E-02 0.1209151E-01 0.1571348E-01 0.1824565E-01 0.1967528E-01 0.2009227E-01 0.1963506E-01 0.1841326E-01 0.1649890E-01 0.1381412E-01 0.9725906E-02 0.4768896E-02 0.4768896E-02 -9999.000 -9999.000 -9999.000 -9999.000 -9999.000 -9999.000 -9999.000 -9999.000 -9999.000 -9999.000 -9999.000 -9999.000 -9999.000 -9999.000 -9999.000 -9999.000 -9999.000 -9999.000 -9999.000 -9999.000 -9999.000 -9999.000 -9999.000 -9999.000 -9999.000 -9999.000 -9999.000
-9999.000 -9999.000 -9999.000 -9999.000 -9999.000 -9999.000 -9999.000 -9999.000 -9999.000 -9999.000 -9999.000 -9999.000 -9999.000 -9999.000 -9999.000 0.8654295E-04 0.2021217E-02 0.6556848E-02 0.1206791E-01 0.1740082E-01 0.2175497E-01 0.2484577E-01 0.2659635E-01 0.2704643E-01 0.2630090E-01 0.2445722E-01 0.2159506E-01 0.1767685E-01 0.1220010E-01 0.5962885E-02 0.5962885E-02 -9999.000 -9999.000 -9999.000 -9999.000 -9999.000 -9999.000 -9999.000 -9999.000 -9999.000 -9999.000 -9999.000 -9999.000 -9999.000 -9999.000 -9999.000 -9999.000 -9999.000 -9999.000 -9999.000 -9999.000 -9999.000 -9999.000 -9999.000 -9999.000 -9999.000 -9999.000 -9999.000
-9999.000 -9999.000 -9999.000 -9999.000 -9999.000 -9999.000 -9999.000 -9999.000 -9999.000 -9999.000 -9999.000 -9999.000 -9999.000 -9999.000 -9999.000 0.5623322E-03 0.3053316E-02 0.8231108E-02 0.1434757E-01 0.2020762E-01 0.2497857E-01 0.2835890E-01 0.3025874E-01 0.3071114E-01 0.2981979E-01 0.2768599E-01 0.2439983E-01 0.1993635E-01 0.1378989E-01 0.6777934E-02 0.6777934E-02 -9999.000 -9999.000 -9999.000 -9999.000 -9999.000 -9999.000 -9999.000 -9999.000 -9999.000 -9999.000 -9999.000 -9999.000 -9999.000 -9999.000 -9999.000 -9999.000 -9999.000 -9999.000 -9999.000 -9999.000 -9999.000 -9999.000 -9999.000 -9999.000 -9999.000 -9999.000 -9999.000
-9999.000 -9999.000 -9999.000 -9999.000 -9999.000 -9999.000 -9999.000 -9999.000 -9999.000 -9999.000 -9999.000 -9999.000 -9999.000 -9999.000 -9999.000 0.8097590E-03 0.3617447E-02 0.9192338E-02 0.1570027E-01 0.2190734E-01 0.2695487E-01 0.3053213E-01 0.3254365E-01 0.3302110E-01 0.3207075E-01 0.2979575E-01 0.2629107E-01 0.2153203E-01 0.1498643E-01 0.7421176E-02 0.7421176E-02 -9999.000 -9999.000 -9999.000 -9999.000 -9999.000 -9999.000 -9999.000 -9999.000 -9999.000 -9999.000 -9999.000 -9999.000 -9999.000 -9999.000 -9999.000 -9999.000 -9999.000 -9999.000 -9999.000 -9999.000 -9999.000 -9999.000 -9999.000 -9999.000 -9999.000 -9999.000 -9999.000
-9999.000 -9999.000 -9999.000 -9999.000 -9999.000 -9999.000 -9999.000 -9999.000 -9999.000 -9999.000 -9999.000 -9999.000 -9999.000 -9999.000 -9999.000 0.9793743E-03 0.4016961E-02 0.9893272E-02 0.1670443E-01 0.2318249E-01 0.2844733E-01 0.3218410E-01 0.3429488E-01 0.3481241E-01 0.3384511E-01 0.3149735E-01 0.2786560E-01 0.2291962E-01 0.1608717E-01 0.8035652E-02 0.8035652E-02 -9999.000 -9999.000 -9999.000 -9999.000 -9999.000 -9999.000 -9999.000 -9999.000 -9999.000 -9999.000 -9999.000 -9999.000 -9999.000 -9999.000 -9999.000 -9999.000 -9999.000 -9999.000 -9999.000 -9999.000 -9999.000 -9999.000 -9999.000 -9999.000 -9999.000 -9999.000 -9999.000
-9999.000 -9999.000 -9999.000 -9999.000 -9999.000 -9999.000 -9999.000 -9999.000 -9999.000 -9999.000 -9999.000 -9999.000 -9999.000 -9999.000 -9999.000 0.1133448E-02 0.4381223E-02 0.1053250E-01 0.1761984E-01 0.2434275E-01 0.2980315E-01 0.3368647E-01 0.3589411E-01 0.3646133E-01 0.3550015E-01 0.3311393E-01 0.2939971E-01 0.2431760E-01 0.1724317E-01 0.8698817E-02 0.8698817E-02 -9999.000 -9999.000 -9999.000 -9999.000 -9999.000 -9999.000 -9999.000 -9999.000 -9999.000 -9999.000 -9999.000 -9999.000 -9999.000 -9999.000 -9999.000 -9999.000 -9999.000 -9999.000 -9999.000 -9999.000 -9999.000 -9999.000 -9999.000 -9999.000 -9999.000 -9999.000 -9999.000
-9999.000 -9999.000 -9999.000 -9999.000 -9999.000 -9999.000 -9999.000 -9999.000 -9999.000 -9999.000 -9999.000 -9999.000 -9999.000 -9999.000 -9999.000 0.1301597E-02 0.4771015E-02 0.1120241E-01 0.1856629E-01 0.2553111E-01 0.3118350E-01 0.3521227E-01 0.3752059E-01 0.3814730E-01 0.3720811E-01 0.3480543E-01 0.3103536E-01 0.2584531E-01 0.1854514E-01 0.9460065E-02 0.9460065E-02 -9999.000 -9999.000 -9999.000 -9999.000 -9999.000 -9999.000 -9999.000 -9999.000 -9999.000 -9999.000 -9999.000 -9999.000 -9999.000 -9999.000 -9999.000 -9999.000 -9999.000 -9999.000 -9999.000 -9999.000 -9999.000 -9999.000 -9999.000 -9999.000 -9999.000 -9999.000 -9999.000
-9999.000 -9999.000 -9999.000 -9999.000 -9999.000 -9999.000 -9999.000 -9999.000 -9999.000 -9999.000 -9999.000 -9999.000 -9999.000 -9999.000 -9999.000 0.1499190E-02 0.5217671E-02 0.1195116E-01 0.1960645E-01 0.2682214E-01 0.3267206E-01 0.3685283E-01 0.3926974E-01 0.3996730E-01 0.3906581E-01 0.3666583E-01 0.3286206E-01 0.2758483E-01 0.2006430E-01 0.1036274E-01 0.1036274E-01 -9999.000 -9999.000 -9999.000 -9999.000 -9999.000 -9999.000 -9999.000 -9999.000 -9999.000 -9999.000 -9999.000 -9999.000 -9999.000 -9999.000 -9999.000 -9999.000 -9999.000 -9999.000 -9999.000 -9999.000 -9999.000 -9999.000 -9999.000 -9999.000 -9999.000 -9999.000 -9999.000
-9999.000 -9999.000 -9999.000 -9999.000 -9999.000 -9999.000 -9999.000 -9999.000 -9999.000 -9999.000 -9999.000 -9999.000 -9999.000 -9999.000 -9999.000 0.1736669E-02 0.5742903E-02 0.1281063E-01 0.2078129E-01 0.2826442E-01 0.3432369E-01 0.3866768E-01 0.4120586E-01 0.4198948E-01 0.4114466E-01 0.3876910E-01 0.3495514E-01 0.2961315E-01 0.2187631E-01 0.1145483E-01 0.1145483E-01 -9999.000 -9999.000 -9999.000 -9999.000 -9999.000 -9999.000 -9999.000 -9999.000 -9999.000 -9999.000 -9999.000 -9999.000 -9999.000 -9999.000 -9999.000 -9999.000 -9999.000 -9999.000 -9999.000 -9999.000 -9999.000 -9999.000 -9999.000 -9999.000 -9999.000 -9999.000 -9999.000
-9999.000 -9999.000 -9999.000 -9999.000 -9999.000 -9999.000 -9999.000 -9999.000 -9999.000 -9999.000 -9999.000 -9999.000 -9999.000 -9999.000 -9999.000 0.2023134E-02 0.6365168E-02 0.1380877E-01 0.2212725E-01 0.2990101E-01 0.3618729E-01 0.4071110E-01 0.4338795E-01 0.4427837E-01 0.4351486E-01 0.4119144E-01 0.3739851E-01 0.3202112E-01 0.2407464E-01 0.1279818E-01 0.1279818E-01 -9999.000 -9999.000 -9999.000 -9999.000 -9999.000 -9999.000 -9999.000 -9999.000 -9999.000 -9999.000 -9999.000 -9999.000 -9999.000 -9999.000 -9999.000 -9999.000 -9999.000 -9999.000 -9999.000 -9999.000 -9999.000 -9999.000 -9999.000 -9999.000 -9999.000 -9999.000 -9999.000
-9999.000 -9999.000 -9999.000 -9999.000 -9999.000 -9999.000 -9999.000 -9999.000 -9999.000 -9999.000 -9999.000 -9999.000 -9999.000 -9999.000 -9999.000 0.2369100E-02 0.7105663E-02 0.1497757E-01 0.2368481E-01 0.3178036E-01 0.3831770E-01 0.4304460E-01 0.4588493E-01 0.4691065E-01 0.4626213E-01 0.4402886E-01 0.4029920E-01 0.3492783E-01 0.2678754E-01 0.1447948E-01 0.1447948E-01 -9999.000 -9999.000 -9999.000 -9999.000 -9999.000 -9999.000 -9999.000 -9999.000 -9999.000 -9999.000 -9999.000 -9999.000 -9999.000 -9999.000 -9999.000 -9999.000 -9999.000 -9999.000 -9999.000 -9999.000 -9999.000 -9999.000 -9999.000 -9999.000 -9999.000 -9999.000 -9999.000
-9999.000 -9999.000 -9999.000 -9999.000 -9999.000 -9999.000 -9999.000 -9999.000 -9999.000 -9999.000 -9999.000 -9999.000 -9999.000 -9999.000 -9999.000 0.2787256E-02 0.7990852E-02 0.1635694E-01 0.2550706E-01 0.3396583E-01 0.4078786E-01 0.4575081E-01 0.4878915E-01 0.4998978E-01 0.4950295E-01 0.4741324E-01 0.4380718E-01 0.3850294E-01 0.3020011E-01 0.1662336E-01 0.1662336E-01 -9999.000 -9999.000 -9999.000 -9999.000 -9999.000 -9999.000 -9999.000 -9999.000 -9999.000 -9999.000 -9999.000 -9999.000 -9999.000 -9999.000 -9999.000 -9999.000 -9999.000 -9999.000 -9999.000 -9999.000 -9999.000 -9999.000 -9999.000 -9999.000 -9999.000 -9999.000 -9999.000
-9999.000 -9999.000 -9999.000 -9999.000 -9999.000 -9999.000 -9999.000 -9999.000 -9999.000 -9999.000 -9999.000 -9999.000 -9999.000 -9999.000 -9999.000 0.3316718E-02 0.9103240E-02 0.1807805E-01 0.2775790E-01 0.3662432E-01 0.4376868E-01 0.4900378E-01 0.5227906E-01 0.5370175E-01 0.5343529E-01 0.5155845E-01 0.4815767E-01 0.4300722E-01 0.3459515E-01 0.1942101E-01 0.1942101E-01 -9999.000 -9999.000 -9999.000 -9999.000 -9999.000 -9999.000 -9999.000 -9999.000 -9999.000 -9999.000 -9999.000 -9999.000 -9999.000 -9999.000 -9999.000 -9999.000 -9999.000 -9999.000 -9999.000 -9999.000 -9999.000 -9999.000 -9999.000 -9999.000 -9999.000 -9999.000 -9999.000
-9999.000 -9999.000 -9999.000 -9999.000 -9999.000 -9999.000 -9999.000 -9999.000 -9999.000 -9999.000 -9999.000 -9999.000 -9999.000 -9999.000 -9999.000 0.5092074E-02 0.1284976E-01 0.2385680E-01 0.3433649E-01 0.4316361E-01 0.5025152E-01 0.5537608E-01 0.5853433E-01 0.5987743E-01 0.5959092E-01 0.5774767E-01 0.5443170E-01 0.4935638E-01 0.4074057E-01 0.2333967E-01 0.2333967E-01 -9999.000 -9999.000 -9999.000 -9999.000 -9999.000 -9999.000 -9999.000 -9999.000 -9999.000 -9999.000 -9999.000 -9999.000 -9999.000 -9999.000 -9999.000 -9999.000 -9999.000 -9999.000 -9999.000 -9999.000 -9999.000 -9999.000 -9999.000 -9999.000 -9999.000 -9999.000 -9999.000
-9999.000 -9999.000 -9999.000 -9999.000 -9999.000 -9999.000 -9999.000 -9999.000 -9999.000 -9999.000 -9999.000 -9999.000 -9999.000 -9999.000 -9999.000 0.9237748E-01 0.1411688 0.1645454 0.1567755 0.1360440 0.1208990 0.1075542 0.9587596E-01 0.8577753E-01 0.7689413E-01 0.6882161E-01 0.6120319E-01 0.5329130E-01 0.4275995E-01 0.2080212E-01 0.2080212E-01 -9999.000 -9999.000 -9999.000 -9999.000 -9999.000 -9999.000 -9999.000 -9999.000 -9999.000 -9999.000 -9999.000 -9999.000 -9999.000 -9999.000 -9999.000 -9999.000 -9999.000 -9999.000 -9999.000 -9999.000 -9999.000 -9999.000 -9999.000 -9999.000 -9999.000 -9999.000 -9999.000
2.848095 2.848095 2.859987 2.865953 2.885946 2.885946 2.888747 2.888490 2.888490 2.884647 2.884647 2.878345 2.874514 2.870335 2.866186 2.866186 3.013329 3.017655 3.018912 3.010009 2.974300 2.915728 2.834127 2.727154 2.598938 2.451020 2.286725 2.115010 1.960167 1.891531 1.891531 2.737762 2.916750 3.021492 3.047826 3.047826 3.083715 3.083715 3.070539 3.070539 3.028724 2.852834 2.852834 2.508519 2.508519 2.141315 2.141315 2.141315 2.118819 2.118819 2.148021 2.148021 2.195514 2.195514 2.245773 2.245773 2.291119 2.291119
2.871249 2.871249 2.891819 2.920430 2.947599 2.947599 2.962374 2.985023 2.985023 3.003638 3.003638 3.019590 3.026817 3.033644 3.040431 3.040431 3.149702 3.168828 3.184546 3.196815 3.202111 3.200273 3.189288 3.165662 3.127559 3.072648 2.999363 2.908572 2.806978 2.724630 2.724630 3.179549 3.340329 3.495556 3.537899 3.537899 3.587030 3.587030 3.591082 3.591082 3.571421 3.471967 3.471967 3.274748 3.274748 2.977602 2.977602 2.977602 2.952009 2.952009 2.983347 2.983347 3.033747 3.033747 3.086534 3.086534 3.134881 3.134881
2.876011 2.876011 2.894117 2.922366 2.947288 2.947288 2.962739 2.986285 2.986285 3.005543 3.005543 3.022201 3.029820 3.037070 3.044338 3.044338 3.141854 3.173531 3.201019 3.224644 3.242947 3.255980 3.263404 3.263884 3.256438 3.239510 3.211357 3.171216 3.121909 3.081538 3.081538 3.338847 3.495923 3.678083 3.731479 3.731479 3.787884 3.787884 3.781196 3.781196 3.753127 3.653011 3.653011 3.510027 3.510027 3.269798 3.269798 3.269798 3.228985 3.228985 3.247572 3.247572 3.289241 3.289241 3.335868 3.335868 3.379680 3.379680
2.878911 2.878911 2.896125 2.922990 2.946334 2.946334 2.962212 2.986248 2.986248 3.005564 3.005564 3.022221 3.029844 3.037100 3.044450 3.044450 3.134559 3.176633 3.215010 3.248717 3.276495 3.298065 3.313425 3.322254 3.324465 3.319763 3.307595 3.287732 3.261985 3.242001 3.242001 3.398213 3.537125 3.727604 3.787197 3.787197 3.842092 3.842092 3.813661 3.813661 3.774013 3.678323 3.678323 3.584406 3.584406 3.408474 3.408474 3.408474 3.357020 3.357020 3.361091 3.361091 3.393405 3.393405 3.434712 3.434712 3.475187 3.475187
2.879967 2.879967 2.895108 2.922905 2.945357 2.945357 2.961651 2.986192 2.986192 3.005567 3.005567 3.022211 3.029831 3.037087 3.044550 3.044550 3.131896 3.182762 3.230870 3.273891 3.310369 3.339717 3.361817 3.376583 3.384150 3.384722 3.378466 3.365789 3.348439 3.334609 3.334609 3.429842 3.543910 3.724901 3.781558 3.781558 3.814445 3.814445 3.755724 3.755724 3.711956 3.642881 3.642881 3.599807 3.599807 3.491005 3.491005 3.491005 3.437838 3.437838 3.427554 3.427554 3.447966 3.447966 3.481978 3.481978 3.517937 3.517937
2.876380 2.876380 2.899744 2.922614 2.944591 2.944591 2.961229 2.986199 2.986199 3.005633 3.005633 3.022272 3.029893 3.037152 3.044787 3.044787 3.134965 3.193727 3.250427 3.301727 3.345959 3.382362 3.410687 3.430880 3.443075 3.447560 3.444714 3.435168 3.420542 3.406803 3.406803 3.461066 3.547021 3.698889 3.738533 3.738533 3.723738 3.723738 3.644651 3.644651 3.613550 3.590619 3.590619 3.593053 3.593053 3.544816 3.544816 3.544816 3.499761 3.499761 3.479354 3.479354 3.486777 3.486777 3.511098 3.511098 3.540473 3.540473
2.875925 2.875925 2.902027 2.922395 2.944101 2.944101 2.960942 2.986181 2.986181 3.005643 3.005643 3.022264 3.029876 3.037124 3.044988 3.044988 3.144392 3.210782 3.275084 3.333494 3.384292 3.426702 3.460445 3.485472 3.501896 3.509965 3.510050 3.502751 3.489388 3.474169 3.474169 3.499856 3.556598 3.654138 3.656587 3.656587 3.580890 3.580890 3.518509 3.518509 3.514594 3.540860 3.540860 3.577758 3.577758 3.578648 3.578648 3.578648 3.548933 3.548933 3.525235 3.525235 3.521246 3.521246 3.534388 3.534388 3.555077 3.555077
2.875775 2.875775 2.902780 2.922324 2.943938 2.943938 2.960845 2.986176 2.986176 3.005648 3.005648 3.022266 3.029876 3.037125 3.045316 3.045316 3.161395 3.235618 3.306690 3.370951 3.426900 3.473938 3.511890 3.540776 3.560718 3.571921 3.574686 3.569479 3.557247 3.540592 3.540592 3.545701 3.571774 3.576319 3.520984 3.520984 3.411043 3.411043 3.406346 3.406346 3.431864 3.496731 3.496731 3.557347 3.557347 3.596170 3.596170 3.596170 3.585195 3.585195 3.565107 3.565107 3.553574 3.553574 3.555579 3.555579 3.566011 3.566011
2.875925 2.875925 2.902028 2.922395 2.944101 2.944101 2.960943 2.986181 2.986181 3.005643 3.005643 3.022264 3.029875 3.037125 3.045773 3.045773 3.187417 3.269920 3.346961 3.415684 3.475153 3.525158 3.565775 3.597183 3.619571 3.633143 3.638123 3.634826 3.623768 3.605732 3.605732 3.593668 3.581821 3.437695 3.327099 3.327099 3.254283 3.254283 3.321767 3.321767 3.368286 3.457582 3.457582 3.533932 3.533932 3.601219 3.601219 3.601219 3.608897 3.608897 3.597397 3.597397 3.583163 3.583163 3.575589 3.575589 3.575025 3.575025
2.876381 2.876381 2.899744 2.922615 2.944591 2.944591 2.961229 2.986199 2.986199 3.005633 3.005633 3.022273 3.029894 3.037153 3.046438 3.046438 3.224707 3.315884 3.397891 3.469392 3.530417 3.581389 3.622791 3.655044 3.678469 3.693305 3.699730 3.697906 3.687756 3.666926 3.666926 3.632810 3.558979 3.223364 3.108782 3.108782 3.139210 3.139210 3.258301 3.258301 3.316242 3.419751 3.419751 3.506962 3.506962 3.595457 3.595457 3.595457 3.619607 3.619607 3.619086 3.619086 3.606197 3.606197 3.591745 3.591745 3.580551 3.580551
2.879967 2.879967 2.895108 2.922906 2.945356 2.945356 2.961651 2.986192 2.986192 3.005567 3.005567 3.022211 3.029831 3.037087 3.047234 3.047234 3.276439 3.376150 3.461499 3.533519 3.593657 3.643200 3.683169 3.714295 3.737076 3.751808 3.758645 3.757567 3.747232 3.717027 3.717027 3.635258 3.448057 2.971687 2.929832 2.929832 3.061199 3.061199 3.204288 3.204288 3.267745 3.379840 3.379840 3.474914 3.474914 3.578960 3.578960 3.578960 3.616448 3.616448 3.626962 3.626962 3.618184 3.618184 3.599773 3.599773 3.579242 3.579242
