simulation_files/asc/Velocity__y_64.0.asc
NCOLS        79
NROWS        79
XLLCENTER         -1.500000
YLLCENTER         -4.800000
CELLSIZE           0.100
NODATA_VALUE     -9999.0
[rows 0 to 25 of 79, columns 0 to 58 of 79]
-9999.000 -9999.000 -9999.000 -9999.000 -9999.000 -9999.000 -9999.000 -9999.000 -9999.000 -9999.000 -9999.000 -9999.000 -9999.000 -9999.000 -9999.000 -0.2373063 -0.2361929 -0.2363816 -0.2366752 -0.2369900 -0.2373266 -0.2376990 -0.2381256 -0.2386274 -0.2392318 -0.2399762 -0.2409163 -0.2421336 -0.2436089 -0.2407099 -0.2407099 -9999.000 -9999.000 -9999.000 -9999.000 -9999.000 -9999.000 -9999.000 -9999.000 -9999.000 -9999.000 -9999.000 -9999.000 -9999.000 -9999.000 -9999.000 -9999.000 -9999.000 -9999.000 -9999.000 -9999.000 -9999.000 -9999.000 -9999.000 -9999.000 -9999.000 -9999.000 -9999.000 -9999.000
-9999.000 -9999.000 -9999.000 -9999.000 -9999.000 -9999.000 -9999.000 -9999.000 -9999.000 -9999.000 -9999.000 -9999.000 -9999.000 -9999.000 -9999.000 -0.2338726 -0.2313237 -0.2316574 -0.2322061 -0.2327909 -0.2334125 -0.2341038 -0.2349081 -0.2358775 -0.2370767 -0.2385897 -0.2405323 -0.2430616 -0.2461053 -0.2406019 -0.2406019 -9999.000 -9999.000 -9999.000 -9999.000 -9999.000 -9999.000 -9999.000 -9999.000 -9999.000 -9999.000 -9999.000 -9999.000 -9999.000 -9999.000 -9999.000 -9999.000 -9999.000 -9999.000 -9999.000 -9999.000 -9999.000 -9999.000 -9999.000 -9999.000 -9999.000 -9999.000 -9999.000 -9999.000
-9999.000 -9999.000 -9999.000 -9999.000 -9999.000 -9999.000 -9999.000 -9999.000 -9999.000 -9999.000 -9999.000 -9999.000 -9999.000 -9999.000 -9999.000 -0.2287338 -0.2245204 -0.2250527 -0.2259948 -0.2270405 -0.2281846 -0.2294805 -0.2310033 -0.2328430 -0.2351073 -0.2379283 -0.2414729 -0.2459479 -0.2511403 -0.2430688 -0.2430688 -9999.000 -9999.000 -9999.000 -9999.000 -9999.000 -9999.000 -9999.000 -9999.000 -9999.000 -9999.000 -9999.000 -9999.000 -9999.000 -9999.000 -9999.000 -9999.000 -9999.000 -9999.000 -9999.000 -9999.000 -9999.000 -9999.000 -9999.000 -9999.000 -9999.000 -9999.000 -9999.000 -9999.000
-9999.000 -9999.000 -9999.000 -9999.000 -9999.000 -9999.000 -9999.000 -9999.000 -9999.000 -9999.000 -9999.000 -9999.000 -9999.000 -9999.000 -9999.000 -0.2224352 -0.2165535 -0.2173476 -0.2187844 -0.2204234 -0.2222543 -0.2243525 -0.2268263 -0.2298044 -0.2334372 -0.2379027 -0.2434177 -0.2502387 -0.2580057 -0.2478648 -0.2478648 -9999.000 -9999.000 -9999.000 -9999.000 -9999.000 -9999.000 -9999.000 -9999.000 -9999.000 -9999.000 -9999.000 -9999.000 -9999.000 -9999.000 -9999.000 -9999.000 -9999.000 -9999.000 -9999.000 -9999.000 -9999.000 -9999.000 -9999.000 -9999.000 -9999.000 -9999.000 -9999.000 -9999.000
-9999.000 -9999.000 -9999.000 -9999.000 -9999.000 -9999.000 -9999.000 -9999.000 -9999.000 -9999.000 -9999.000 -9999.000 -9999.000 -9999.000 -9999.000 -0.2150375 -0.2075417 -0.2086588 -0.2106797 -0.2130247 -0.2156794 -0.2187445 -0.2223644 -0.2267099 -0.2319781 -0.2383980 -0.2462430 -0.2558293 -0.2666505 -0.2550131 -0.2550131 -9999.000 -9999.000 -9999.000 -9999.000 -9999.000 -9999.000 -9999.000 -9999.000 -9999.000 -9999.000 -9999.000 -9999.000 -9999.000 -9999.000 -9999.000 -9999.000 -9999.000 -9999.000 -9999.000 -9999.000 -9999.000 -9999.000 -9999.000 -9999.000 -9999.000 -9999.000 -9999.000 -9999.000
-9999.000 -9999.000 -9999.000 -9999.000 -9999.000 -9999.000 -9999.000 -9999.000 -9999.000 -9999.000 -9999.000 -9999.000 -9999.000 -9999.000 -9999.000 -0.2065354 -0.1975538 -0.1990540 -0.2017346 -0.2048784 -0.2084706 -0.2126407 -0.2175750 -0.2234929 -0.2306463 -0.2393258 -0.2498751 -0.2626888 -0.2771291 -0.2646840 -0.2646840 -9999.000 -9999.000 -9999.000 -9999.000 -9999.000 -9999.000 -9999.000 -9999.000 -9999.000 -9999.000 -9999.000 -9999.000 -9999.000 -9999.000 -9999.000 -9999.000 -9999.000 -9999.000 -9999.000 -9999.000 -9999.000 -9999.000 -9999.000 -9999.000 -9999.000 -9999.000 -9999.000 -9999.000
-9999.000 -9999.000 -9999.000 -9999.000 -9999.000 -9999.000 -9999.000 -9999.000 -9999.000 -9999.000 -9999.000 -9999.000 -9999.000 -9999.000 -9999.000 -0.1968623 -0.1866148 -0.1885600 -0.1919637 -0.1959815 -0.2006037 -0.2059956 -0.2123927 -0.2200731 -0.2293559 -0.2406095 -0.2542701 -0.2708409 -0.2895885 -0.2771962 -0.2771962 -9999.000 -9999.000 -9999.000 -9999.000 -9999.000 -9999.000 -9999.000 -9999.000 -9999.000 -9999.000 -9999.000 -9999.000 -9999.000 -9999.000 -9999.000 -9999.000 -9999.000 -9999.000 -9999.000 -9999.000 -9999.000 -9999.000 -9999.000 -9999.000 -9999.000 -9999.000 -9999.000 -9999.000
-9999.000 -9999.000 -9999.000 -9999.000 -9999.000 -9999.000 -9999.000 -9999.000 -9999.000 -9999.000 -9999.000 -9999.000 -9999.000 -9999.000 -9999.000 -0.1858981 -0.1747133 -0.1771709 -0.1813490 -0.1862991 -0.1920252 -0.1987364 -0.2067282 -0.2163509 -0.2280084 -0.2421704 -0.2593985 -0.2803508 -0.3042642 -0.2930418 -0.2930418 -9999.000 -9999.000 -9999.000 -9999.000 -9999.000 -9999.000 -9999.000 -9999.000 -9999.000 -9999.000 -9999.000 -9999.000 -9999.000 -9999.000 -9999.000 -9999.000 -9999.000 -9999.000 -9999.000 -9999.000 -9999.000 -9999.000 -9999.000 -9999.000 -9999.000 -9999.000 -9999.000 -9999.000
-9999.000 -9999.000 -9999.000 -9999.000 -9999.000 -9999.000 -9999.000 -9999.000 -9999.000 -9999.000 -9999.000 -9999.000 -9999.000 -9999.000 -9999.000 -0.1734750 -0.1618055 -0.1648499 -0.1698430 -0.1757668 -0.1826509 -0.1907597 -0.2004621 -0.2121983 -0.2264802 -0.2439126 -0.2652294 -0.2913145 -0.3214895 -0.3129485 -0.3129485 -9999.000 -9999.000 -9999.000 -9999.000 -9999.000 -9999.000 -9999.000 -9999.000 -9999.000 -9999.000 -9999.000 -9999.000 -9999.000 -9999.000 -9999.000 -9999.000 -9999.000 -9999.000 -9999.000 -9999.000 -9999.000 -9999.000 -9999.000 -9999.000 -9999.000 -9999.000 -9999.000 -9999.000
-9999.000 -9999.000 -9999.000 -9999.000 -9999.000 -9999.000 -9999.000 -9999.000 -9999.000 -9999.000 -9999.000 -9999.000 -9999.000 -9999.000 -9999.000 -0.1593822 -0.1478140 -0.1515294 -0.1573660 -0.1642865 -0.1723612 -0.1819241 -0.1934342 -0.2074438 -0.2246044 -0.2457011 -0.2717095 -0.3038471 -0.3417126 -0.3379970 -0.3379970 -9999.000 -9999.000 -9999.000 -9999.000 -9999.000 -9999.000 -9999.000 -9999.000 -9999.000 -9999.000 -9999.000 -9999.000 -9999.000 -9999.000 -9999.000 -9999.000 -9999.000 -9999.000 -9999.000 -9999.000 -9999.000 -9999.000 -9999.000 -9999.000 -9999.000 -9999.000 -9999.000 -9999.000
-9999.000 -9999.000 -9999.000 -9999.000 -9999.000 -9999.000 -9999.000 -9999.000 -9999.000 -9999.000 -9999.000 -9999.000 -9999.000 -9999.000 -9999.000 -0.1433695 -0.1326250 -0.1371042 -0.1437995 -0.1517178 -0.1609903 -0.1720363 -0.1854256 -0.2018504 -0.2221426 -0.2473300 -0.2787294 -0.3180595 -0.3655210 -0.3698419 -0.3698419 -9999.000 -9999.000 -9999.000 -9999.000 -9999.000 -9999.000 -9999.000 -9999.000 -9999.000 -9999.000 -9999.000 -9999.000 -9999.000 -9999.000 -9999.000 -9999.000 -9999.000 -9999.000 -9999.000 -9999.000 -9999.000 -9999.000 -9999.000 -9999.000 -9999.000 -9999.000 -9999.000 -9999.000
-9999.000 -9999.000 -9999.000 -9999.000 -9999.000 -9999.000 -9999.000 -9999.000 -9999.000 -9999.000 -9999.000 -9999.000 -9999.000 -9999.000 -9999.000 -0.1251491 -0.1160803 -0.1214209 -0.1289726 -0.1378637 -0.1483080 -0.1608289 -0.1761310 -0.1950797 -0.2187394 -0.2484656 -0.2860603 -0.3340055 -0.3936623 -0.4111437 -0.4111437 -9999.000 -9999.000 -9999.000 -9999.000 -9999.000 -9999.000 -9999.000 -9999.000 -9999.000 -9999.000 -9999.000 -9999.000 -9999.000 -9999.000 -9999.000 -9999.000 -9999.000 -9999.000 -9999.000 -9999.000 -9999.000 -9999.000 -9999.000 -9999.000 -9999.000 -9999.000 -9999.000 -9999.000
-9999.000 -9999.000 -9999.000 -9999.000 -9999.000 -9999.000 -9999.000 -9999.000 -9999.000 -9999.000 -9999.000 -9999.000 -9999.000 -9999.000 -9999.000 -0.1043924 -0.9796098E-01 -0.1042575 -0.1126396 -0.1224434 -0.1339888 -0.1479226 -0.1651104 -0.1866299 -0.2138415 -0.2485401 -0.2932220 -0.3515463 -0.4270192 -0.4665030 -0.4665030 -9999.000 -9999.000 -9999.000 -9999.000 -9999.000 -9999.000 -9999.000 -9999.000 -9999.000 -9999.000 -9999.000 -9999.000 -9999.000 -9999.000 -9999.000 -9999.000 -9999.000 -9999.000 -9999.000 -9999.000 -9999.000 -9999.000 -9999.000 -9999.000 -9999.000 -9999.000 -9999.000 -9999.000
-9999.000 -9999.000 -9999.000 -9999.000 -9999.000 -9999.000 -9999.000 -9999.000 -9999.000 -9999.000 -9999.000 -9999.000 -9999.000 -9999.000 -9999.000 -0.8064680E-01 -0.7792287E-01 -0.8526547E-01 -0.9443070E-01 -0.1050488 -0.1175664 -0.1327729 -0.1517191 -0.1757357 -0.2065505 -0.2465382 -0.2991797 -0.3699687 -0.4663449 -0.5447831 -0.5447831 -9999.000 -9999.000 -9999.000 -9999.000 -9999.000 -9999.000 -9999.000 -9999.000 -9999.000 -9999.000 -9999.000 -9999.000 -9999.000 -9999.000 -9999.000 -9999.000 -9999.000 -9999.000 -9999.000 -9999.000 -9999.000 -9999.000 -9999.000 -9999.000 -9999.000 -9999.000 -9999.000 -9999.000
-9999.000 -9999.000 -9999.000 -9999.000 -9999.000 -9999.000 -9999.000 -9999.000 -9999.000 -9999.000 -9999.000 -9999.000 -9999.000 -9999.000 -9999.000 -0.4773787E-01 -0.5348669E-01 -0.6316085E-01 -0.7382396E-01 -0.8561701E-01 -0.9920990E-01 -0.1155981 -0.1360715 -0.1622714 -0.1963845 -0.2415424 -0.3026057 -0.3879004 -0.5119510 -0.6655043 -0.6655043 -9999.000 -9999.000 -9999.000 -9999.000 -9999.000 -9999.000 -9999.000 -9999.000 -9999.000 -9999.000 -9999.000 -9999.000 -9999.000 -9999.000 -9999.000 -9999.000 -9999.000 -9999.000 -9999.000 -9999.000 -9999.000 -9999.000 -9999.000 -9999.000 -9999.000 -9999.000 -9999.000 -9999.000
-0.2555103E-02 -0.2555103E-02 -0.3546636E-02 -0.4144143E-02 -0.4204851E-02 -0.4204851E-02 -0.4215899E-02 -0.4193610E-02 -0.4193610E-02 -0.4162802E-02 -0.4162802E-02 -0.1743763E-01 -0.1470319E-01 -0.1677180E-01 -0.2421810E-01 -0.2421810E-01 -0.6138130E-01 -0.7782436E-01 -0.9351909E-01 -0.1087420 -0.1239776 -0.1400950 -0.1584520 -0.1810093 -0.2105110 -0.2508132 -0.3075708 -0.3899519 -0.5139717 -0.7440127 -0.7440127 -0.4963146 -0.3192308 -0.8557916E-01 -0.2575758E-01 -0.2575758E-01 0.2440800E-01 0.2440800E-01 0.3239644E-01 0.3239644E-01 -0.5157930E-02 -0.7841042E-02 -0.7841042E-02 0.5389842E-02 0.5389842E-02 0.1007292E-01 0.1007292E-01 0.1007292E-01 0.8419593E-02 0.8419593E-02 0.6370191E-02 0.6370191E-02 0.5884823E-02 0.5884823E-02 0.3637135E-02 0.3637135E-02 0.2274368E-02 0.2274368E-02 0.2274368E-02
-0.3854923E-02 -0.3854923E-02 -0.5205446E-02 -0.5927988E-02 -0.5975638E-02 -0.5975638E-02 -0.5965521E-02 -0.5913347E-02 -0.5913347E-02 -0.5875258E-02 -0.5875258E-02 -0.2940301E-01 -0.2630594E-01 -0.3146176E-01 -0.4490724E-01 -0.4490724E-01 -0.9768285E-01 -0.1226385 -0.1467239 -0.1695035 -0.1906799 -0.2103380 -0.2291319 -0.2484536 -0.2705868 -0.2988560 -0.3377981 -0.3933881 -0.4721803 -0.5855289 -0.5855289 -0.3996223 -0.2585436 -0.6980811E-01 -0.1209179E-01 -0.1209179E-01 0.5660369E-01 0.5660369E-01 0.8531267E-01 0.8531267E-01 0.3565914E-01 -0.5011705E-02 -0.5011705E-02 0.1456959E-01 0.1456959E-01 0.2212201E-01 0.2212201E-01 0.2212201E-01 0.1818690E-01 0.1818690E-01 0.1382978E-01 0.1382978E-01 0.9319922E-02 0.9319922E-02 0.7597374E-02 0.7597374E-02 0.5313921E-02 0.5313921E-02 0.5313921E-02
-0.3061873E-02 -0.3061873E-02 -0.4292478E-02 -0.5037965E-02 -0.5087483E-02 -0.5087483E-02 -0.5070376E-02 -0.5005698E-02 -0.5005698E-02 -0.4974806E-02 -0.4974806E-02 -0.3047736E-01 -0.3225166E-01 -0.4065732E-01 -0.5653368E-01 -0.5653368E-01 -0.1116987 -0.1420504 -0.1730977 -0.2038992 -0.2336108 -0.2616334 -0.2877573 -0.3123067 -0.3362788 -0.3614738 -0.3905676 -0.4269688 -0.4734409 -0.5293267 -0.5293267 -0.4178383 -0.3124089 -0.1400187 -0.6948058E-01 -0.6948058E-01 0.5137435E-01 0.5137435E-01 0.1357727 0.1357727 0.1233355 0.3291835E-01 0.3291835E-01 0.2888480E-01 0.2888480E-01 0.3220511E-01 0.3220511E-01 0.3220511E-01 0.2687383E-01 0.2687383E-01 0.2030722E-01 0.2030722E-01 0.1126780E-01 0.1126780E-01 0.9682712E-02 0.9682712E-02 0.6937249E-02 0.6937249E-02 0.6937249E-02
-0.2345950E-02 -0.2345950E-02 -0.3387965E-02 -0.4073637E-02 -0.4116156E-02 -0.4116156E-02 -0.4091360E-02 -0.4012265E-02 -0.4012265E-02 -0.3976676E-02 -0.3976676E-02 -0.2967051E-01 -0.3546956E-01 -0.4573900E-01 -0.6256824E-01 -0.6256824E-01 -0.1186231 -0.1519944 -0.1872991 -0.2234258 -0.2593555 -0.2942108 -0.3273354 -0.3583889 -0.3874415 -0.4150435 -0.4422123 -0.4701395 -0.4989640 -0.5249446 -0.5249446 -0.4515943 -0.3684009 -0.2055664 -0.1248030 -0.1248030 0.3456674E-01 0.3456674E-01 0.1601343 0.1601343 0.1813948 0.1020502 0.1020502 0.5281573E-01 0.5281573E-01 0.3869618E-01 0.3869618E-01 0.3869618E-01 0.3125968E-01 0.3125968E-01 0.2258325E-01 0.2258325E-01 0.1210879E-01 0.1210879E-01 0.7939641E-02 0.7939641E-02 0.4792831E-02 0.4792831E-02 0.4792831E-02
-0.1698850E-02 -0.1698850E-02 -0.2511368E-02 -0.3081002E-02 -0.3115719E-02 -0.3115719E-02 -0.3090475E-02 -0.3013486E-02 -0.3013486E-02 -0.2979346E-02 -0.2979346E-02 -0.2725773E-01 -0.3742801E-01 -0.4852811E-01 -0.6564990E-01 -0.6564990E-01 -0.1232857 -0.1591292 -0.1976204 -0.2375275 -0.2777882 -0.3174738 -0.3557918 -0.3921153 -0.4260227 -0.4573143 -0.4859319 -0.5115185 -0.5323147 -0.5435918 -0.5435918 -0.4903531 -0.4196258 -0.2554440 -0.1635380 -0.1635380 0.2120745E-01 0.2120745E-01 0.1636441 0.1636441 0.2022319 0.1681088 0.1681088 0.8994274E-01 0.8994274E-01 0.4651092E-01 0.4651092E-01 0.4651092E-01 0.3317093E-01 0.3317093E-01 0.2159733E-01 0.2159733E-01 0.9872541E-02 0.9872541E-02 0.3653560E-02 0.3653560E-02 0.3185768E-03 0.3185768E-03 0.3185768E-03
-0.1103820E-02 -0.1103820E-02 -0.1659297E-02 -0.2066476E-02 -0.2091416E-02 -0.2091416E-02 -0.2071461E-02 -0.2011257E-02 -0.2011257E-02 -0.1984555E-02 -0.1984555E-02 -0.2209407E-01 -0.3898880E-01 -0.4964682E-01 -0.6649547E-01 -0.6649547E-01 -0.1269904 -0.1656152 -0.2072778 -0.2505690 -0.2943600 -0.3377107 -0.3798221 -0.4200086 -0.4576811 -0.4923014 -0.5232397 -0.5490736 -0.5664418 -0.5702062 -0.5702062 -0.5257017 -0.4590494 -0.2812638 -0.1786774 -0.1786774 0.1474721E-01 0.1474721E-01 0.1540444 0.1540444 0.1973711 0.2048253 0.2048253 0.1322664 0.1322664 0.5809403E-01 0.5809403E-01 0.5809403E-01 0.3510626E-01 0.3510626E-01 0.1907590E-01 0.1907590E-01 0.5720220E-02 0.5720220E-02 -0.1993203E-02 -0.1993203E-02 -0.5311466E-02 -0.5311466E-02 -0.5311466E-02
-0.5432820E-03 -0.5432820E-03 -0.8250641E-03 -0.1037077E-02 -0.1050139E-02 -0.1050139E-02 -0.1039294E-02 -0.1006336E-02 -0.1006336E-02 -0.9918178E-03 -0.9918178E-03 -0.1603427E-01 -0.3907728E-01 -0.4888373E-01 -0.6523515E-01 -0.6523515E-01 -0.1303588 -0.1724123 -0.2176824 -0.2645630 -0.3118193 -0.3584578 -0.4036752 -0.4468078 -0.4872788 -0.5244880 -0.5575989 -0.5842786 -0.5991880 -0.5964171 -0.5964171 -0.5517938 -0.4797802 -0.2797531 -0.1722328 -0.1722328 0.1146499E-01 0.1146499E-01 0.1365368 0.1365368 0.1784295 0.2102878 0.2102878 0.1648913 0.1648913 0.7362251E-01 0.7362251E-01 0.7362251E-01 0.3895902E-01 0.3895902E-01 0.1668847E-01 0.1668847E-01 0.8848854E-03 0.8848854E-03 -0.8063968E-02 -0.8063968E-02 -0.1120521E-01 -0.1120521E-01 -0.1120521E-01
-0.1168199E-06 -0.1168199E-06 -0.6536699E-07 -0.3510450E-08 -0.1657037E-07 -0.1657037E-07 -0.1937707E-07 0.8657674E-07 0.8657674E-07 -0.2379399E-06 -0.2379399E-06 -0.1126444E-01 -0.3676482E-01 -0.4601755E-01 -0.6185772E-01 -0.6185772E-01 -0.1339787 -0.1802907 -0.2297942 -0.2807335 -0.3317664 -0.3817992 -0.4299750 -0.4756435 -0.5183139 -0.5574749 -0.5923097 -0.6192571 -0.6296939 -0.6170652 -0.6170652 -0.5621762 -0.4751504 -0.2563351 -0.1536691 -0.1536691 0.7318425E-02 0.7318425E-02 0.1149296 0.1149296 0.1530931 0.1952151 0.1952151 0.1782068 0.1782068 0.8971864E-01 0.8971864E-01 0.8971864E-01 0.4503599E-01 0.4503599E-01 0.1566893E-01 0.1566893E-01 -0.3420194E-02 -0.3420194E-02 -0.1364961E-01 -0.1364961E-01 -0.1653823E-01 -0.1653823E-01 -0.1653823E-01
0.5432016E-03 0.5432016E-03 0.8249644E-03 0.1036958E-02 0.1050159E-02 0.1050159E-02 0.1039312E-02 0.1006371E-02 0.1006371E-02 0.9914299E-03 0.9914299E-03 -0.7255403E-02 -0.3291588E-01 -0.4151849E-01 -0.5667774E-01 -0.5667774E-01 -0.1387569 -0.1901936 -0.2446227 -0.3002304 -0.3555224 -0.4092795 -0.4605632 -0.5087095 -0.5532982 -0.5939713 -0.6299887 -0.6554423 -0.6558904 -0.6265079 -0.6265079 -0.5503214 -0.4435139 -0.2232506 -0.1329738 -0.1329738 0.1470054E-02 0.1470054E-02 0.9237348E-01 0.9237348E-01 0.1260397 0.1699595 0.1699595 0.1725996 0.1725996 0.1012595 0.1012595 0.1012595 0.5179412E-01 0.5179412E-01 0.1637917E-01 0.1637917E-01 -0.6252427E-02 -0.6252427E-02 -0.1784275E-01 -0.1784275E-01 -0.2049208E-01 -0.2049208E-01 -0.2049208E-01
0.1103755E-02 0.1103755E-02 0.1659228E-02 0.2066405E-02 0.2091355E-02 0.2091355E-02 0.2071480E-02 0.2011237E-02 0.2011237E-02 0.1984163E-02 0.1984163E-02 -0.3906935E-02 -0.2755171E-01 -0.3573067E-01 -0.5033237E-01 -0.5033237E-01 -0.1459113 -0.2036110 -0.2639039 -0.3248578 -0.3848485 -0.4426011 -0.4971457 -0.5478126 -0.5941895 -0.6360627 -0.6725641 -0.6925321 -0.6728529 -0.6176480 -0.6176480 -0.5133858 -0.3934379 -0.1909835 -0.1143552 -0.1143552 -0.4349237E-02 -0.4349237E-02 0.7117642E-01 0.7117642E-01 0.9994225E-01 0.1409449 0.1409449 0.1539167 0.1539167 0.1043220 0.1043220 0.1043220 0.5660508E-01 0.5660508E-01 0.1819575E-01 0.1819575E-01 -0.7135422E-02 -0.7135422E-02 -0.1986784E-01 -0.1986784E-01 -0.2233272E-01 -0.2233272E-01 -0.2233272E-01
0.1698941E-02 0.1698941E-02 0.2511334E-02 0.3081022E-02 0.3115689E-02 0.3115689E-02 0.3090423E-02 0.3013523E-02 0.3013523E-02 0.2979021E-02 0.2979021E-02 -0.1096839E-02 -0.2072622E-01 -0.2893142E-01 -0.4346677E-01 -0.4346677E-01 -0.1573361 -0.2232844 -0.2907408 -0.3576421 -0.4225092 -0.4842160 -0.5418818 -0.5948713 -0.6428020 -0.6855393 -0.7214729 -0.7264940 -0.6737419 -0.5865281 -0.5865281 -0.4580016 -0.3376602 -0.1621297 -0.9906778E-01 -0.9906778E-01 -0.8336363E-02 -0.8336363E-02 0.5253155E-01 0.5253155E-01 0.7604688E-01 0.1114749 0.1114749 0.1280565 0.1280565 0.9777072E-01 0.9777072E-01 0.9777072E-01 0.5703439E-01 0.5703439E-01 0.1983627E-01 0.1983627E-01 -0.6128918E-02 -0.6128918E-02 -0.1924320E-01 -0.1924320E-01 -0.2152270E-01 -0.2152270E-01 -0.2152270E-01
