simulation_files/asc/Velocity__y_197.0.asc
NCOLS        79
NROWS        79
XLLCENTER         -1.500000
YLLCENTER         -4.800000
CELLSIZE           0.100
NODATA_VALUE     -9999.0
[rows 0 to 26 of 79, columns 0 to 58 of 79]
-9999.000 -9999.000 -9999.000 -9999.000 -9999.000 -9999.000 -9999.000 -9999.000 -9999.000 -9999.000 -9999.000 -9999.000 -9999.000 -9999.000 -9999.000 -0.8984891E-01 -0.8641677E-01 -0.8472669E-01 -0.8371574E-01 -0.8377601E-01 -0.8453897E-01 -0.8548784E-01 -0.8643166E-01 -0.8732200E-01 -0.8805490E-01 -0.8867797E-01 -0.8923759E-01 -0.8986442E-01 -0.9108928E-01 -0.9240526E-01 -0.9240526E-01 -9999.000 -9999.000 -9999.000 -9999.000 -9999.000 -9999.000 -9999.000 -9999.000 -9999.000 -9999.000 -9999.000 -9999.000 -9999.000 -9999.000 -9999.000 -9999.000 -9999.000 -9999.000 -9999.000 -9999.000 -9999.000 -9999.000 -9999.000 -9999.000 -9999.000 -9999.000 -9999.000 -9999.000
-9999.000 -9999.000 -9999.000 -9999.000 -9999.000 -9999.000 -9999.000 -9999.000 -9999.000 -9999.000 -9999.000 -9999.000 -9999.000 -9999.000 -9999.000 -0.9141937E-01 -0.8414405E-01 -0.8051100E-01 -0.7834806E-01 -0.7850277E-01 -0.8020450E-01 -0.8234850E-01 -0.8451550E-01 -0.8658776E-01 -0.8833326E-01 -0.8984286E-01 -0.9120630E-01 -0.9269138E-01 -0.9540615E-01 -0.9858382E-01 -0.9858382E-01 -9999.000 -9999.000 -9999.000 -9999.000 -9999.000 -9999.000 -9999.000 -9999.000 -9999.000 -9999.000 -9999.000 -9999.000 -9999.000 -9999.000 -9999.000 -9999.000 -9999.000 -9999.000 -9999.000 -9999.000 -9999.000 -9999.000 -9999.000 -9999.000 -9999.000 -9999.000 -9999.000 -9999.000
-9999.000 -9999.000 -9999.000 -9999.000 -9999.000 -9999.000 -9999.000 -9999.000 -9999.000 -9999.000 -9999.000 -9999.000 -9999.000 -9999.000 -9999.000 -0.9226412E-01 -0.8070984E-01 -0.7482378E-01 -0.7135344E-01 -0.7168389E-01 -0.7459310E-01 -0.7829235E-01 -0.8208617E-01 -0.8576185E-01 -0.8892380E-01 -0.9170020E-01 -0.9421828E-01 -0.9689188E-01 -0.1014806 -0.1072348 -0.1072348 -9999.000 -9999.000 -9999.000 -9999.000 -9999.000 -9999.000 -9999.000 -9999.000 -9999.000 -9999.000 -9999.000 -9999.000 -9999.000 -9999.000 -9999.000 -9999.000 -9999.000 -9999.000 -9999.000 -9999.000 -9999.000 -9999.000 -9999.000 -9999.000 -9999.000 -9999.000 -9999.000 -9999.000
-9999.000 -9999.000 -9999.000 -9999.000 -9999.000 -9999.000 -9999.000 -9999.000 -9999.000 -9999.000 -9999.000 -9999.000 -9999.000 -9999.000 -9999.000 -0.9272984E-01 -0.7684310E-01 -0.6868818E-01 -0.6392431E-01 -0.6448483E-01 -0.6869046E-01 -0.7404708E-01 -0.7957608E-01 -0.8496816E-01 -0.8965415E-01 -0.9380035E-01 -0.9756738E-01 -0.1015165 -0.1080899 -0.1168718 -0.1168718 -9999.000 -9999.000 -9999.000 -9999.000 -9999.000 -9999.000 -9999.000 -9999.000 -9999.000 -9999.000 -9999.000 -9999.000 -9999.000 -9999.000 -9999.000 -9999.000 -9999.000 -9999.000 -9999.000 -9999.000 -9999.000 -9999.000 -9999.000 -9999.000 -9999.000 -9999.000 -9999.000 -9999.000
-9999.000 -9999.000 -9999.000 -9999.000 -9999.000 -9999.000 -9999.000 -9999.000 -9999.000 -9999.000 -9999.000 -9999.000 -9999.000 -9999.000 -9999.000 -0.9303918E-01 -0.7271367E-01 -0.6225492E-01 -0.5618829E-01 -0.5700703E-01 -0.6257106E-01 -0.6965394E-01 -0.7698938E-01 -0.8417112E-01 -0.9044699E-01 -0.9602605E-01 -0.1011022 -0.1063899 -0.1150534 -0.1273445 -0.1273445 -9999.000 -9999.000 -9999.000 -9999.000 -9999.000 -9999.000 -9999.000 -9999.000 -9999.000 -9999.000 -9999.000 -9999.000 -9999.000 -9999.000 -9999.000 -9999.000 -9999.000 -9999.000 -9999.000 -9999.000 -9999.000 -9999.000 -9999.000 -9999.000 -9999.000 -9999.000 -9999.000 -9999.000
-9999.000 -9999.000 -9999.000 -9999.000 -9999.000 -9999.000 -9999.000 -9999.000 -9999.000 -9999.000 -9999.000 -9999.000 -9999.000 -9999.000 -9999.000 -0.9326738E-01 -0.6838030E-01 -0.5557915E-01 -0.4819399E-01 -0.4928983E-01 -0.5626369E-01 -0.6512779E-01 -0.7432445E-01 -0.8335219E-01 -0.9126502E-01 -0.9832339E-01 -0.1047551 -0.1114351 -0.1223004 -0.1386579 -0.1386579 -9999.000 -9999.000 -9999.000 -9999.000 -9999.000 -9999.000 -9999.000 -9999.000 -9999.000 -9999.000 -9999.000 -9999.000 -9999.000 -9999.000 -9999.000 -9999.000 -9999.000 -9999.000 -9999.000 -9999.000 -9999.000 -9999.000 -9999.000 -9999.000 -9999.000 -9999.000 -9999.000 -9999.000
-9999.000 -9999.000 -9999.000 -9999.000 -9999.000 -9999.000 -9999.000 -9999.000 -9999.000 -9999.000 -9999.000 -9999.000 -9999.000 -9999.000 -9999.000 -0.9342664E-01 -0.6385273E-01 -0.4867246E-01 -0.3995319E-01 -0.4134328E-01 -0.4977649E-01 -0.6047220E-01 -0.7157767E-01 -0.8250017E-01 -0.9208816E-01 -0.1006647 -0.1084922 -0.1166162 -0.1298075 -0.1509006 -0.1509006 -9999.000 -9999.000 -9999.000 -9999.000 -9999.000 -9999.000 -9999.000 -9999.000 -9999.000 -9999.000 -9999.000 -9999.000 -9999.000 -9999.000 -9999.000 -9999.000 -9999.000 -9999.000 -9999.000 -9999.000 -9999.000 -9999.000 -9999.000 -9999.000 -9999.000 -9999.000 -9999.000 -9999.000
-9999.000 -9999.000 -9999.000 -9999.000 -9999.000 -9999.000 -9999.000 -9999.000 -9999.000 -9999.000 -9999.000 -9999.000 -9999.000 -9999.000 -9999.000 -0.9349953E-01 -0.5911798E-01 -0.4152587E-01 -0.3145983E-01 -0.3316311E-01 -0.4310785E-01 -0.5568381E-01 -0.6874277E-01 -0.8160616E-01 -0.9290193E-01 -0.1030312 -0.1122917 -0.1219121 -0.1375709 -0.1642200 -0.1642200 -9999.000 -9999.000 -9999.000 -9999.000 -9999.000 -9999.000 -9999.000 -9999.000 -9999.000 -9999.000 -9999.000 -9999.000 -9999.000 -9999.000 -9999.000 -9999.000 -9999.000 -9999.000 -9999.000 -9999.000 -9999.000 -9999.000 -9999.000 -9999.000 -9999.000 -9999.000 -9999.000 -9999.000
-9999.000 -9999.000 -9999.000 -9999.000 -9999.000 -9999.000 -9999.000 -9999.000 -9999.000 -9999.000 -9999.000 -9999.000 -9999.000 -9999.000 -9999.000 -0.9345140E-01 -0.5415073E-01 -0.3411928E-01 -0.2269826E-01 -0.2473769E-01 -0.3625022E-01 -0.5075577E-01 -0.6581147E-01 -0.8066010E-01 -0.9369186E-01 -0.1054056 -0.1161348 -0.1273062 -0.1455944 -0.1788192 -0.1788192 -9999.000 -9999.000 -9999.000 -9999.000 -9999.000 -9999.000 -9999.000 -9999.000 -9999.000 -9999.000 -9999.000 -9999.000 -9999.000 -9999.000 -9999.000 -9999.000 -9999.000 -9999.000 -9999.000 -9999.000 -9999.000 -9999.000 -9999.000 -9999.000 -9999.000 -9999.000 -9999.000 -9999.000
-9999.000 -9999.000 -9999.000 -9999.000 -9999.000 -9999.000 -9999.000 -9999.000 -9999.000 -9999.000 -9999.000 -9999.000 -9999.000 -9999.000 -9999.000 -0.9323440E-01 -0.4891656E-01 -0.2642455E-01 -0.1364599E-01 -0.1604973E-01 -0.2919185E-01 -0.4567749E-01 -0.6277210E-01 -0.7964909E-01 -0.9444076E-01 -0.1077674 -0.1199997 -0.1327792 -0.1538833 -0.1949669 -0.1949669 -9999.000 -9999.000 -9999.000 -9999.000 -9999.000 -9999.000 -9999.000 -9999.000 -9999.000 -9999.000 -9999.000 -9999.000 -9999.000 -9999.000 -9999.000 -9999.000 -9999.000 -9999.000 -9999.000 -9999.000 -9999.000 -9999.000 -9999.000 -9999.000 -9999.000 -9999.000 -9999.000 -9999.000
-9999.000 -9999.000 -9999.000 -9999.000 -9999.000 -9999.000 -9999.000 -9999.000 -9999.000 -9999.000 -9999.000 -9999.000 -9999.000 -9999.000 -9999.000 -0.9278627E-01 -0.4337192E-01 -0.1840504E-01 -0.4273435E-02 -0.7076018E-02 -0.2191716E-01 -0.4043490E-01 -0.5960923E-01 -0.7855645E-01 -0.9512597E-01 -0.1100908 -0.1238577 -0.1383053 -0.1624402 -0.2130182 -0.2130182 -9999.000 -9999.000 -9999.000 -9999.000 -9999.000 -9999.000 -9999.000 -9999.000 -9999.000 -9999.000 -9999.000 -9999.000 -9999.000 -9999.000 -9999.000 -9999.000 -9999.000 -9999.000 -9999.000 -9999.000 -9999.000 -9999.000 -9999.000 -9999.000 -9999.000 -9999.000 -9999.000 -9999.000
-9999.000 -9999.000 -9999.000 -9999.000 -9999.000 -9999.000 -9999.000 -9999.000 -9999.000 -9999.000 -9999.000 -9999.000 -9999.000 -9999.000 -9999.000 -0.9202240E-01 -0.3745853E-01 -0.1000967E-01 0.5461437E-02 0.2212507E-02 -0.1440738E-01 -0.3501067E-01 -0.5630388E-01 -0.7736100E-01 -0.9571919E-01 -0.1123420 -0.1276710 -0.1438481 -0.1712615 -0.2334497 -0.2334497 -9999.000 -9999.000 -9999.000 -9999.000 -9999.000 -9999.000 -9999.000 -9999.000 -9999.000 -9999.000 -9999.000 -9999.000 -9999.000 -9999.000 -9999.000 -9999.000 -9999.000 -9999.000 -9999.000 -9999.000 -9999.000 -9999.000 -9999.000 -9999.000 -9999.000 -9999.000 -9999.000 -9999.000
-9999.000 -9999.000 -9999.000 -9999.000 -9999.000 -9999.000 -9999.000 -9999.000 -9999.000 -9999.000 -9999.000 -9999.000 -9999.000 -9999.000 -9999.000 -0.9076294E-01 -0.3103836E-01 -0.1115156E-02 0.1564260E-01 0.1184491E-01 -0.6664521E-02 -0.2940898E-01 -0.5285634E-01 -0.7605790E-01 -0.9620212E-01 -0.1144927 -0.1314025 -0.1493683 -0.1803443 -0.2569287 -0.2569287 -9999.000 -9999.000 -9999.000 -9999.000 -9999.000 -9999.000 -9999.000 -9999.000 -9999.000 -9999.000 -9999.000 -9999.000 -9999.000 -9999.000 -9999.000 -9999.000 -9999.000 -9999.000 -9999.000 -9999.000 -9999.000 -9999.000 -9999.000 -9999.000 -9999.000 -9999.000 -9999.000 -9999.000
-9999.000 -9999.000 -9999.000 -9999.000 -9999.000 -9999.000 -9999.000 -9999.000 -9999.000 -9999.000 -9999.000 -9999.000 -9999.000 -9999.000 -9999.000 -0.8678894E-01 -0.2229127E-01 0.9649269E-02 0.2668418E-01 0.2145392E-01 0.6735952E-03 -0.2426332E-01 -0.4985528E-01 -0.7517084E-01 -0.9701893E-01 -0.1169130 -0.1353561 -0.1551217 -0.1899548 -0.2847100 -0.2847100 -9999.000 -9999.000 -9999.000 -9999.000 -9999.000 -9999.000 -9999.000 -9999.000 -9999.000 -9999.000 -9999.000 -9999.000 -9999.000 -9999.000 -9999.000 -9999.000 -9999.000 -9999.000 -9999.000 -9999.000 -9999.000 -9999.000 -9999.000 -9999.000 -9999.000 -9999.000 -9999.000 -9999.000
-9999.000 -9999.000 -9999.000 -9999.000 -9999.000 -9999.000 -9999.000 -9999.000 -9999.000 -9999.000 -9999.000 -9999.000 -9999.000 -9999.000 -9999.000 -0.1261143E-01 0.1738067E-01 0.2904115E-01 0.2832561E-01 0.1270905E-01 -0.1043316E-01 -0.3447492E-01 -0.5911964E-01 -0.8374493E-01 -0.1048742 -0.1244327 -0.1428821 -0.1632861 -0.2012598 -0.3169386 -0.3169386 -9999.000 -9999.000 -9999.000 -9999.000 -9999.000 -9999.000 -9999.000 -9999.000 -9999.000 -9999.000 -9999.000 -9999.000 -9999.000 -9999.000 -9999.000 -9999.000 -9999.000 -9999.000 -9999.000 -9999.000 -9999.000 -9999.000 -9999.000 -9999.000 -9999.000 -9999.000 -9999.000 -9999.000
-0.4393884E-02 -0.4393884E-02 -0.5007173E-02 -0.6715664E-02 -0.6653343E-02 -0.6653343E-02 -0.6634560E-02 -0.6619432E-02 -0.6619432E-02 -0.6596518E-02 -0.6596518E-02 -0.6564855E-02 -0.6547112E-02 -0.6528294E-02 -0.6509860E-02 -0.6509860E-02 0.4599505E-01 0.4372184E-01 0.3019483E-01 0.7657884E-02 -0.2027025E-01 -0.5109893E-01 -0.8391471E-01 -0.1176965 -0.1505157 -0.1816349 -0.2105575 -0.2378753 -0.2694520 -0.3351229 -0.3351229 -0.1917610 -0.1071495 -0.4102996E-01 -0.3187583E-01 -0.3187583E-01 -0.2592922E-01 -0.2592922E-01 -0.1649524E-01 -0.1649524E-01 -0.6791690E-02 0.2096780E-01 0.2096780E-01 0.3560073E-01 0.3560073E-01 0.7556109E-04 0.7556109E-04 0.7556109E-04 -0.1596681E-02 -0.1596681E-02 -0.1188395E-02 -0.1188395E-02 -0.1551336E-02 -0.1551336E-02 -0.2558292E-02 -0.2558292E-02 -0.3683646E-02 -0.3683646E-02 -0.3683646E-02
-0.6456779E-02 -0.6456779E-02 -0.7473593E-02 -0.9588717E-02 -0.9380534E-02 -0.9380534E-02 -0.9317489E-02 -0.9305203E-02 -0.9305203E-02 -0.9297904E-02 -0.9297904E-02 -0.9276650E-02 -0.9262485E-02 -0.9246599E-02 -0.9234650E-02 -0.9234650E-02 0.3840521E-01 0.3807018E-01 0.2505017E-01 0.1767425E-02 -0.3071855E-01 -0.7095668E-01 -0.1165640 -0.1655039 -0.2163213 -0.2668458 -0.3153007 -0.3599354 -0.3983480 -0.4253136 -0.4253136 -0.2950778 -0.2015413 -0.1107076 -0.9265656E-01 -0.9265656E-01 -0.7223506E-01 -0.7223506E-01 -0.3858261E-01 -0.3858261E-01 -0.8995505E-02 0.6780371E-01 0.6780371E-01 0.1117502 0.1117502 0.3686754E-01 0.3686754E-01 0.3686754E-01 0.1243411E-01 0.1243411E-01 0.1935349E-02 0.1935349E-02 -0.3966324E-02 -0.3966324E-02 -0.8265808E-02 -0.8265808E-02 -0.1146874E-01 -0.1146874E-01 -0.1146874E-01
-0.4624331E-02 -0.4624331E-02 -0.6647667E-02 -0.8220014E-02 -0.7952344E-02 -0.7952344E-02 -0.7855843E-02 -0.7851788E-02 -0.7851788E-02 -0.7874789E-02 -0.7874789E-02 -0.7881610E-02 -0.7880851E-02 -0.7878228E-02 -0.7885912E-02 -0.7885912E-02 0.2634010E-01 0.2679338E-01 0.1465604E-01 -0.8322944E-02 -0.4102513E-01 -0.8225756E-01 -0.1302696 -0.1833667 -0.2402598 -0.2992288 -0.3585598 -0.4163904 -0.4699110 -0.5126604 -0.5126604 -0.4336019 -0.3546554 -0.2438992 -0.2089410 -0.2089410 -0.1515964 -0.1515964 -0.6682683E-01 -0.6682683E-01 -0.4659373E-02 0.1338245 0.1338245 0.2133210 0.2133210 0.1161015 0.1161015 0.1161015 0.4929624E-01 0.4929624E-01 0.1273781E-01 0.1273781E-01 -0.6844076E-02 -0.6844076E-02 -0.1818287E-01 -0.1818287E-01 -0.2488438E-01 -0.2488438E-01 -0.2488438E-01
-0.2713595E-02 -0.2713595E-02 -0.5853144E-02 -0.6738643E-02 -0.6428143E-02 -0.6428143E-02 -0.6301014E-02 -0.6280301E-02 -0.6280301E-02 -0.6303380E-02 -0.6303380E-02 -0.6310071E-02 -0.6309431E-02 -0.6307240E-02 -0.6323401E-02 -0.6323401E-02 0.1489141E-01 0.1328138E-01 0.2285767E-03 -0.2332409E-01 -0.5633835E-01 -0.9776460E-01 -0.1462578 -0.2004224 -0.2591223 -0.3210605 -0.3848757 -0.4490375 -0.5111435 -0.5653849 -0.5653849 -0.5347973 -0.4820969 -0.3787582 -0.3334845 -0.3334845 -0.2330976 -0.2330976 -0.7862316E-01 -0.7862316E-01 0.1797374E-01 0.1961852 0.1961852 0.2875330 0.2875330 0.1905232 0.1905232 0.1905232 0.9285181E-01 0.9285181E-01 0.2869683E-01 0.2869683E-01 -0.8094843E-02 -0.8094843E-02 -0.2874146E-01 -0.2874146E-01 -0.3984494E-01 -0.3984494E-01 -0.3984494E-01
-0.7224970E-03 -0.7224970E-03 -0.5153031E-02 -0.5211736E-02 -0.4882242E-02 -0.4882242E-02 -0.4742777E-02 -0.4710851E-02 -0.4710851E-02 -0.4730581E-02 -0.4730581E-02 -0.4735671E-02 -0.4734434E-02 -0.4731786E-02 -0.4758213E-02 -0.4758213E-02 0.4064483E-02 -0.1929287E-02 -0.1794270E-01 -0.4350650E-01 -0.7778164E-01 -0.1198861 -0.1687885 -0.2233795 -0.2826724 -0.3456301 -0.4111587 -0.4780348 -0.5443746 -0.6055570 -0.6055570 -0.6098840 -0.5838118 -0.4991195 -0.4458152 -0.4458152 -0.2907854 -0.2907854 -0.5997004E-01 -0.5997004E-01 0.5922220E-01 0.2419101 0.2419101 0.3253621 0.3253621 0.2441407 0.2441407 0.2441407 0.1344742 0.1344742 0.4876022E-01 0.4876022E-01 -0.5593448E-02 -0.5593448E-02 -0.3703711E-01 -0.3703711E-01 -0.5354714E-01 -0.5354714E-01 -0.5354714E-01
0.2297372E-03 0.2297372E-03 -0.3850718E-02 -0.3558066E-02 -0.3285351E-02 -0.3285351E-02 -0.3168003E-02 -0.3136369E-02 -0.3136369E-02 -0.3149727E-02 -0.3149727E-02 -0.3153825E-02 -0.3153549E-02 -0.3152644E-02 -0.3195134E-02 -0.3195134E-02 -0.6764942E-02 -0.1902254E-01 -0.3999611E-01 -0.6925493E-01 -0.1060712 -0.1497137 -0.1994194 -0.2543812 -0.3138377 -0.3769976 -0.4430057 -0.5108846 -0.5791637 -0.6442890 -0.6442890 -0.6718506 -0.6679410 -0.5986608 -0.5305291 -0.5305291 -0.3004327 -0.3004327 -0.1438587E-01 -0.1438587E-01 0.1043962 0.2620107 0.2620107 0.3305138 0.3305138 0.2727796 0.2727796 0.2727796 0.1682015 0.1682015 0.7080510E-01 0.7080510E-01 0.1245060E-02 0.1245060E-02 -0.4155990E-01 -0.4155990E-01 -0.6438494E-01 -0.6438494E-01 -0.6438494E-01
0.1090046E-03 0.1090046E-03 -0.1907941E-02 -0.1786765E-02 -0.1644897E-02 -0.1644897E-02 -0.1581966E-02 -0.1563641E-02 -0.1563641E-02 -0.1569949E-02 -0.1569949E-02 -0.1572672E-02 -0.1573366E-02 -0.1574131E-02 -0.1637841E-02 -0.1637841E-02 -0.1848118E-01 -0.3871301E-01 -0.6657922E-01 -0.1013089 -0.1421274 -0.1883919 -0.2395547 -0.2951013 -0.3545512 -0.4174023 -0.4830782 -0.5508672 -0.6196510 -0.6866668 -0.6866668 -0.7287734 -0.7406542 -0.6685854 -0.5674436 -0.5674436 -0.2527906 -0.2527906 0.3596198E-01 0.3596198E-01 0.1344739 0.2563246 0.2563246 0.3119676 0.3119676 0.2785472 0.2785472 0.2785472 0.1899813 0.1899813 0.9163015E-01 0.9163015E-01 0.1166642E-01 0.1166642E-01 -0.4170055E-01 -0.4170055E-01 -0.7129420E-01 -0.7129420E-01 -0.7129420E-01
-0.6419452E-07 -0.6419452E-07 -0.7107256E-07 -0.8901227E-07 0.1298684E-06 0.1298684E-06 -0.3865512E-07 0.6903859E-07 0.6903859E-07 0.1516668E-07 0.1516668E-07 0.1315485E-07 -0.1775785E-07 -0.1580681E-06 -0.9019553E-04 -0.9019553E-04 -0.3227777E-01 -0.6229533E-01 -0.9898781E-01 -0.1409819 -0.1873159 -0.2373739 -0.2907797 -0.3472870 -0.4067170 -0.4688886 -0.5335501 -0.6003057 -0.6683707 -0.7354171 -0.7354171 -0.7848959 -0.8034858 -0.6882309 -0.5314111 -0.5314111 -0.1689595 -0.1689595 0.6845109E-01 0.6845109E-01 0.1405646 0.2316267 0.2316267 0.2789629 0.2789629 0.2662528 0.2662528 0.2662528 0.1979443 0.1979443 0.1076577 0.1076577 0.2376087E-01 0.2376087E-01 -0.3766436E-01 -0.3766436E-01 -0.7361152E-01 -0.7361152E-01 -0.7361152E-01
-0.1091115E-03 -0.1091115E-03 0.1907655E-02 0.1786634E-02 0.1645104E-02 0.1645104E-02 0.1582024E-02 0.1563674E-02 0.1563674E-02 0.1569972E-02 0.1569972E-02 0.1572646E-02 0.1573504E-02 0.1574047E-02 0.1446473E-02 0.1446473E-02 -0.4985488E-01 -0.9182888E-01 -0.1393919 -0.1904287 -0.2437288 -0.2986891 -0.3550967 -0.4129649 -0.4724209 -0.5336164 -0.5966489 -0.6614700 -0.7275642 -0.7923027 -0.7923027 -0.8409044 -0.8493467 -0.6255196 -0.4170019 -0.4170019 -0.8944579E-01 -0.8944579E-01 0.7578607E-01 0.7578607E-01 0.1264965 0.1966175 0.1966175 0.2386753 0.2386753 0.2411109 0.2411109 0.2411109 0.1924144 0.1924144 0.1159571 0.1159571 0.3496902E-01 0.3496902E-01 -0.3039235E-01 -0.3039235E-01 -0.7109449E-01 -0.7109449E-01 -0.7109449E-01
-0.2298022E-03 -0.2298022E-03 0.3850363E-02 0.3557887E-02 0.3285328E-02 0.3285328E-02 0.3168107E-02 0.3136410E-02 0.3136410E-02 0.3149682E-02 0.3149682E-02 0.3153600E-02 0.3153502E-02 0.3152661E-02 0.2969701E-02 0.2969701E-02 -0.7380393E-01 -0.1305229 -0.1911952 -0.2529853 -0.3145024 -0.3752321 -0.4351819 -0.4946521 -0.5540893 -0.6139815 -0.6747764 -0.7367631 -0.7994015 -0.8575299 -0.8575299 -0.8898166 -0.8511657 -0.4709322 -0.2672356 -0.2672356 -0.4093250E-01 -0.4093250E-01 0.6472883E-01 0.6472883E-01 0.1015771 0.1580762 0.1580762 0.1956680 0.1956680 0.2075479 0.2075479 0.2075479 0.1753012 0.1753012 0.1150139 0.1150139 0.4280050E-01 0.4280050E-01 -0.2133864E-01 -0.2133864E-01 -0.6395128E-01 -0.6395128E-01 -0.6395128E-01
0.7223634E-03 0.7223634E-03 0.5152777E-02 0.5211571E-02 0.4882290E-02 0.4882290E-02 0.4742847E-02 0.4711081E-02 0.4711081E-02 0.4730691E-02 0.4730691E-02 0.4735390E-02 0.4734125E-02 0.4731729E-02 0.4471567E-02 0.4471567E-02 -0.1083817 -0.1835097 -0.2597218 -0.3337582 -0.4043251 -0.4712071 -0.5347735 -0.5956929 -0.6547675 -0.7128287 -0.7706637 -0.8288093 -0.8855345 -0.9251089 -0.9251089 -0.9013079 -0.7504628 -0.2805741 -0.1455373 -0.1455373 -0.2229862E-01 -0.2229862E-01 0.4593395E-01 0.4593395E-01 0.7386809E-01 0.1199258 0.1199258 0.1524382 0.1524382 0.1688710 0.1688710 0.1688710 0.1492134 0.1492134 0.1048629 0.1048629 0.4547928E-01 0.4547928E-01 -0.1212059E-01 -0.1212059E-01 -0.5282387E-01 -0.5282387E-01 -0.5282387E-01
0.2713607E-02 0.2713607E-02 0.5852904E-02 0.6738609E-02 0.6428246E-02 0.6428246E-02 0.6301139E-02 0.6280526E-02 0.6280526E-02 0.6303433E-02 0.6303433E-02 0.6309894E-02 0.6309265E-02 0.6307126E-02 0.5940899E-02 0.5940899E-02 -0.1611555 -0.2593932 -0.3535260 -0.4406974 -0.5203132 -0.5928530 -0.6592882 -0.7207900 -0.7785777 -0.8338401 -0.8876868 -0.9405454 -0.9844122 -0.9626448 -0.9626448 -0.7956957 -0.5109518 -0.1362298 -0.7819866E-01 -0.7819866E-01 -0.1883017E-01 -0.1883017E-01 0.2673892E-01 0.2673892E-01 0.4785116E-01 0.8397620E-01 0.8397620E-01 0.1103313 0.1103313 0.1275151 0.1275151 0.1275151 0.1168841 0.1168841 0.8682338E-01 0.8682338E-01 0.4238470E-01 0.4238470E-01 -0.4063102E-02 -0.4063102E-02 -0.3866276E-01 -0.3866276E-01 -0.3866276E-01
