simulation_files/asc/Velocity__y_341.0.asc
NCOLS        79
NROWS        79
XLLCENTER         -1.500000
YLLCENTER         -4.800000
CELLSIZE           0.100
NODATA_VALUE     -9999.0
[rows 0 to 26 of 79, columns 0 to 58 of 79]
-9999.000 -9999.000 -9999.000 -9999.000 -9999.000 -9999.000 -9999.000 -9999.000 -9999.000 -9999.000 -9999.000 -9999.000 -9999.000 -9999.000 -9999.000 -0.9980026E-01 -0.9816018E-01 -0.9805562E-01 -0.9830418E-01 -0.9870078E-01 -0.9917813E-01 -0.9968629E-01 -0.1001609 -0.1006117 -0.1010220 -0.1013907 -0.1017749 -0.1023899 -0.1038628 -0.1051691 -0.1051691 -9999.000 -9999.000 -9999.000 -9999.000 -9999.000 -9999.000 -9999.000 -9999.000 -9999.000 -9999.000 -9999.000 -9999.000 -9999.000 -9999.000 -9999.000 -9999.000 -9999.000 -9999.000 -9999.000 -9999.000 -9999.000 -9999.000 -9999.000 -9999.000 -9999.000 -9999.000 -9999.000 -9999.000
-9999.000 -9999.000 -9999.000 -9999.000 -9999.000 -9999.000 -9999.000 -9999.000 -9999.000 -9999.000 -9999.000 -9999.000 -9999.000 -9999.000 -9999.000 -0.9797750E-01 -0.9464924E-01 -0.9444588E-01 -0.9502215E-01 -0.9594345E-01 -0.9706254E-01 -0.9826712E-01 -0.9941506E-01 -0.1005217 -0.1015467 -0.1024845 -0.1034522 -0.1048993 -0.1081322 -0.1113265 -0.1113265 -9999.000 -9999.000 -9999.000 -9999.000 -9999.000 -9999.000 -9999.000 -9999.000 -9999.000 -9999.000 -9999.000 -9999.000 -9999.000 -9999.000 -9999.000 -9999.000 -9999.000 -9999.000 -9999.000 -9999.000 -9999.000 -9999.000 -9999.000 -9999.000 -9999.000 -9999.000 -9999.000 -9999.000
-9999.000 -9999.000 -9999.000 -9999.000 -9999.000 -9999.000 -9999.000 -9999.000 -9999.000 -9999.000 -9999.000 -9999.000 -9999.000 -9999.000 -9999.000 -0.9468108E-01 -0.8966231E-01 -0.8939523E-01 -0.9044239E-01 -0.9210466E-01 -0.9413689E-01 -0.9634705E-01 -0.9849435E-01 -0.1005927 -0.1025654 -0.1043948 -0.1062608 -0.1088745 -0.1143158 -0.1201884 -0.1201884 -9999.000 -9999.000 -9999.000 -9999.000 -9999.000 -9999.000 -9999.000 -9999.000 -9999.000 -9999.000 -9999.000 -9999.000 -9999.000 -9999.000 -9999.000 -9999.000 -9999.000 -9999.000 -9999.000 -9999.000 -9999.000 -9999.000 -9999.000 -9999.000 -9999.000 -9999.000 -9999.000 -9999.000
-9999.000 -9999.000 -9999.000 -9999.000 -9999.000 -9999.000 -9999.000 -9999.000 -9999.000 -9999.000 -9999.000 -9999.000 -9999.000 -9999.000 -9999.000 -0.9067074E-01 -0.8409077E-01 -0.8380039E-01 -0.8538257E-01 -0.8786908E-01 -0.9091439E-01 -0.9424260E-01 -0.9750760E-01 -0.1007208 -0.1037628 -0.1065985 -0.1094694 -0.1133579 -0.1211597 -0.1302544 -0.1302544 -9999.000 -9999.000 -9999.000 -9999.000 -9999.000 -9999.000 -9999.000 -9999.000 -9999.000 -9999.000 -9999.000 -9999.000 -9999.000 -9999.000 -9999.000 -9999.000 -9999.000 -9999.000 -9999.000 -9999.000 -9999.000 -9999.000 -9999.000 -9999.000 -9999.000 -9999.000 -9999.000 -9999.000
-9999.000 -9999.000 -9999.000 -9999.000 -9999.000 -9999.000 -9999.000 -9999.000 -9999.000 -9999.000 -9999.000 -9999.000 -9999.000 -9999.000 -9999.000 -0.8617653E-01 -0.7812662E-01 -0.7783750E-01 -0.7999524E-01 -0.8335901E-01 -0.8748123E-01 -0.9199850E-01 -0.9645431E-01 -0.1008587 -0.1050443 -0.1089571 -0.1129030 -0.1181511 -0.1284689 -0.1413785 -0.1413785 -9999.000 -9999.000 -9999.000 -9999.000 -9999.000 -9999.000 -9999.000 -9999.000 -9999.000 -9999.000 -9999.000 -9999.000 -9999.000 -9999.000 -9999.000 -9999.000 -9999.000 -9999.000 -9999.000 -9999.000 -9999.000 -9999.000 -9999.000 -9999.000 -9999.000 -9999.000 -9999.000 -9999.000
-9999.000 -9999.000 -9999.000 -9999.000 -9999.000 -9999.000 -9999.000 -9999.000 -9999.000 -9999.000 -9999.000 -9999.000 -9999.000 -9999.000 -9999.000 -0.8128791E-01 -0.7184973E-01 -0.7158169E-01 -0.7434534E-01 -0.7862496E-01 -0.8387116E-01 -0.8962912E-01 -0.9532689E-01 -0.1009769 -0.1063590 -0.1113991 -0.1164736 -0.1231585 -0.1361623 -0.1535798 -0.1535798 -9999.000 -9999.000 -9999.000 -9999.000 -9999.000 -9999.000 -9999.000 -9999.000 -9999.000 -9999.000 -9999.000 -9999.000 -9999.000 -9999.000 -9999.000 -9999.000 -9999.000 -9999.000 -9999.000 -9999.000 -9999.000 -9999.000 -9999.000 -9999.000 -9999.000 -9999.000 -9999.000 -9999.000
-9999.000 -9999.000 -9999.000 -9999.000 -9999.000 -9999.000 -9999.000 -9999.000 -9999.000 -9999.000 -9999.000 -9999.000 -9999.000 -9999.000 -9999.000 -0.7602523E-01 -0.6528450E-01 -0.6505796E-01 -0.6845412E-01 -0.7368243E-01 -0.8009174E-01 -0.8713332E-01 -0.9411383E-01 -0.1010533 -0.1076738 -0.1138817 -0.1201306 -0.1283303 -0.1442137 -0.1669827 -0.1669827 -9999.000 -9999.000 -9999.000 -9999.000 -9999.000 -9999.000 -9999.000 -9999.000 -9999.000 -9999.000 -9999.000 -9999.000 -9999.000 -9999.000 -9999.000 -9999.000 -9999.000 -9999.000 -9999.000 -9999.000 -9999.000 -9999.000 -9999.000 -9999.000 -9999.000 -9999.000 -9999.000 -9999.000
-9999.000 -9999.000 -9999.000 -9999.000 -9999.000 -9999.000 -9999.000 -9999.000 -9999.000 -9999.000 -9999.000 -9999.000 -9999.000 -9999.000 -9999.000 -0.7037351E-01 -0.5842717E-01 -0.5826506E-01 -0.6232017E-01 -0.6852754E-01 -0.7613634E-01 -0.8450025E-01 -0.9279852E-01 -0.1010666 -0.1089618 -0.1163717 -0.1238377 -0.1336345 -0.1526227 -0.1817946 -0.1817946 -9999.000 -9999.000 -9999.000 -9999.000 -9999.000 -9999.000 -9999.000 -9999.000 -9999.000 -9999.000 -9999.000 -9999.000 -9999.000 -9999.000 -9999.000 -9999.000 -9999.000 -9999.000 -9999.000 -9999.000 -9999.000 -9999.000 -9999.000 -9999.000 -9999.000 -9999.000 -9999.000 -9999.000
-9999.000 -9999.000 -9999.000 -9999.000 -9999.000 -9999.000 -9999.000 -9999.000 -9999.000 -9999.000 -9999.000 -9999.000 -9999.000 -9999.000 -9999.000 -0.6429857E-01 -0.5125785E-01 -0.5118731E-01 -0.5592849E-01 -0.6314486E-01 -0.7198847E-01 -0.8171172E-01 -0.9135907E-01 -0.1009915 -0.1101940 -0.1188365 -0.1275604 -0.1390438 -0.1614009 -0.1983075 -0.1983075 -9999.000 -9999.000 -9999.000 -9999.000 -9999.000 -9999.000 -9999.000 -9999.000 -9999.000 -9999.000 -9999.000 -9999.000 -9999.000 -9999.000 -9999.000 -9999.000 -9999.000 -9999.000 -9999.000 -9999.000 -9999.000 -9999.000 -9999.000 -9999.000 -9999.000 -9999.000 -9999.000 -9999.000
-9999.000 -9999.000 -9999.000 -9999.000 -9999.000 -9999.000 -9999.000 -9999.000 -9999.000 -9999.000 -9999.000 -9999.000 -9999.000 -9999.000 -9999.000 -0.5775302E-01 -0.4374481E-01 -0.4379765E-01 -0.4925401E-01 -0.5750960E-01 -0.6762303E-01 -0.7874126E-01 -0.8976644E-01 -0.1007968 -0.1113350 -0.1212362 -0.1312571 -0.1445262 -0.1705623 -0.2169214 -0.2169214 -9999.000 -9999.000 -9999.000 -9999.000 -9999.000 -9999.000 -9999.000 -9999.000 -9999.000 -9999.000 -9999.000 -9999.000 -9999.000 -9999.000 -9999.000 -9999.000 -9999.000 -9999.000 -9999.000 -9999.000 -9999.000 -9999.000 -9999.000 -9999.000 -9999.000 -9999.000 -9999.000 -9999.000
-9999.000 -9999.000 -9999.000 -9999.000 -9999.000 -9999.000 -9999.000 -9999.000 -9999.000 -9999.000 -9999.000 -9999.000 -9999.000 -9999.000 -9999.000 -0.5067702E-01 -0.3584603E-01 -0.3605876E-01 -0.4226148E-01 -0.5158693E-01 -0.6300540E-01 -0.7555318E-01 -0.8798104E-01 -0.1004404 -0.1123382 -0.1235187 -0.1348728 -0.1500367 -0.1801181 -0.2381815 -0.2381815 -9999.000 -9999.000 -9999.000 -9999.000 -9999.000 -9999.000 -9999.000 -9999.000 -9999.000 -9999.000 -9999.000 -9999.000 -9999.000 -9999.000 -9999.000 -9999.000 -9999.000 -9999.000 -9999.000 -9999.000 -9999.000 -9999.000 -9999.000 -9999.000 -9999.000 -9999.000 -9999.000 -9999.000
-9999.000 -9999.000 -9999.000 -9999.000 -9999.000 -9999.000 -9999.000 -9999.000 -9999.000 -9999.000 -9999.000 -9999.000 -9999.000 -9999.000 -9999.000 -0.4299649E-01 -0.2750560E-01 -0.2792073E-01 -0.3490330E-01 -0.4533021E-01 -0.5808847E-01 -0.7209887E-01 -0.8594986E-01 -0.9986507E-01 -0.1131394 -0.1256115 -0.1383296 -0.1555076 -0.1900679 -0.2628483 -0.2628483 -9999.000 -9999.000 -9999.000 -9999.000 -9999.000 -9999.000 -9999.000 -9999.000 -9999.000 -9999.000 -9999.000 -9999.000 -9999.000 -9999.000 -9999.000 -9999.000 -9999.000 -9999.000 -9999.000 -9999.000 -9999.000 -9999.000 -9999.000 -9999.000 -9999.000 -9999.000 -9999.000 -9999.000
-9999.000 -9999.000 -9999.000 -9999.000 -9999.000 -9999.000 -9999.000 -9999.000 -9999.000 -9999.000 -9999.000 -9999.000 -9999.000 -9999.000 -9999.000 -0.3461765E-01 -0.1865016E-01 -0.1931566E-01 -0.2711420E-01 -0.3867416E-01 -0.5280730E-01 -0.6831051E-01 -0.8359829E-01 -0.9899041E-01 -0.1136477 -0.1274104 -0.1415132 -0.1608341 -0.2003871 -0.2920100 -0.2920100 -9999.000 -9999.000 -9999.000 -9999.000 -9999.000 -9999.000 -9999.000 -9999.000 -9999.000 -9999.000 -9999.000 -9999.000 -9999.000 -9999.000 -9999.000 -9999.000 -9999.000 -9999.000 -9999.000 -9999.000 -9999.000 -9999.000 -9999.000 -9999.000 -9999.000 -9999.000 -9999.000 -9999.000
-9999.000 -9999.000 -9999.000 -9999.000 -9999.000 -9999.000 -9999.000 -9999.000 -9999.000 -9999.000 -9999.000 -9999.000 -9999.000 -9999.000 -9999.000 -0.2535797E-01 -0.9146857E-02 -0.1013272E-01 -0.1879890E-01 -0.3153258E-01 -0.4707895E-01 -0.6410275E-01 -0.8083060E-01 -0.9770890E-01 -0.1137369 -0.1287667 -0.1442549 -0.1658512 -0.2110076 -0.3273013 -0.3273013 -9999.000 -9999.000 -9999.000 -9999.000 -9999.000 -9999.000 -9999.000 -9999.000 -9999.000 -9999.000 -9999.000 -9999.000 -9999.000 -9999.000 -9999.000 -9999.000 -9999.000 -9999.000 -9999.000 -9999.000 -9999.000 -9999.000 -9999.000 -9999.000 -9999.000 -9999.000 -9999.000 -9999.000
-9999.000 -9999.000 -9999.000 -9999.000 -9999.000 -9999.000 -9999.000 -9999.000 -9999.000 -9999.000 -9999.000 -9999.000 -9999.000 -9999.000 -9999.000 -0.1486101E-02 0.4577391E-02 -0.1093885E-02 -0.1197907E-01 -0.2627178E-01 -0.4334593E-01 -0.6179119E-01 -0.7970835E-01 -0.9776313E-01 -0.1147990 -0.1307303 -0.1472862 -0.1709769 -0.2219497 -0.3688477 -0.3688477 -9999.000 -9999.000 -9999.000 -9999.000 -9999.000 -9999.000 -9999.000 -9999.000 -9999.000 -9999.000 -9999.000 -9999.000 -9999.000 -9999.000 -9999.000 -9999.000 -9999.000 -9999.000 -9999.000 -9999.000 -9999.000 -9999.000 -9999.000 -9999.000 -9999.000 -9999.000 -9999.000 -9999.000
-0.4345359E-02 -0.4345359E-02 -0.5133917E-02 -0.6063579E-02 -0.6145953E-02 -0.6145953E-02 -0.6187501E-02 -0.6189601E-02 -0.6189601E-02 -0.6155907E-02 -0.6155907E-02 -0.6119648E-02 -0.6102582E-02 -0.6085503E-02 -0.6070057E-02 -0.6070057E-02 0.1175737E-01 0.5243553E-02 -0.8372760E-02 -0.2773797E-01 -0.5172032E-01 -0.7884954E-01 -0.1073625 -0.1361840 -0.1640776 -0.1901381 -0.2143550 -0.2390055 -0.2736119 -0.3632168 -0.3632168 -0.1963661 -0.1026368 -0.3296999E-01 -0.2389540E-01 -0.2389540E-01 -0.1637682E-01 -0.1637682E-01 -0.2744699E-02 -0.2744699E-02 0.8288583E-02 0.2593929E-01 0.2593929E-01 -0.9713961E-02 -0.9713961E-02 -0.2160909E-02 -0.2160909E-02 -0.2160909E-02 0.2101977E-02 0.2101977E-02 0.2432394E-02 0.2432394E-02 0.1144557E-02 0.1144557E-02 -0.3313227E-03 -0.3313227E-03 -0.1637253E-02 -0.1637253E-02 -0.1637253E-02
-0.6704326E-02 -0.6704326E-02 -0.7206120E-02 -0.8693233E-02 -0.8704094E-02 -0.8704094E-02 -0.8717975E-02 -0.8708981E-02 -0.8708981E-02 -0.8679244E-02 -0.8679244E-02 -0.8652158E-02 -0.8639981E-02 -0.8627722E-02 -0.8621883E-02 -0.8621883E-02 0.8499986E-02 0.1736207E-02 -0.1509263E-01 -0.4082962E-01 -0.7385178E-01 -0.1125081 -0.1551365 -0.1997115 -0.2445439 -0.2879499 -0.3282619 -0.3637230 -0.3928847 -0.4171761 -0.4171761 -0.2784293 -0.1816090 -0.9062503E-01 -0.7245915E-01 -0.7245915E-01 -0.4621151E-01 -0.4621151E-01 -0.2389741E-03 -0.2389741E-03 0.3250116E-01 0.8603761E-01 0.8603761E-01 0.3707835E-01 0.3707835E-01 0.9234053E-02 0.9234053E-02 0.9234053E-02 0.6899361E-02 0.6899361E-02 0.3682195E-02 0.3682195E-02 -0.2650146E-03 -0.2650146E-03 -0.3814801E-02 -0.3814801E-02 -0.6516255E-02 -0.6516255E-02 -0.6516255E-02
-0.5554898E-02 -0.5554898E-02 -0.5426423E-02 -0.7535770E-02 -0.7422523E-02 -0.7422523E-02 -0.7377779E-02 -0.7362791E-02 -0.7362791E-02 -0.7360947E-02 -0.7360947E-02 -0.7361271E-02 -0.7361256E-02 -0.7360507E-02 -0.7375958E-02 -0.7375958E-02 0.3220193E-02 -0.4275105E-02 -0.2182739E-01 -0.4869328E-01 -0.8359458E-01 -0.1251943 -0.1721821 -0.2229682 -0.2760533 -0.3298633 -0.3826538 -0.4323964 -0.4761145 -0.5062036 -0.5062036 -0.4141309 -0.3290430 -0.2129604 -0.1745669 -0.1745669 -0.1010431 -0.1010431 0.6030316E-02 0.6030316E-02 0.7004940E-01 0.1698137 0.1698137 0.1438118 0.1438118 0.4454262E-01 0.4454262E-01 0.4454262E-01 0.1789106E-01 0.1789106E-01 0.3371581E-02 0.3371581E-02 -0.6206200E-02 -0.6206200E-02 -0.1283290E-01 -0.1283290E-01 -0.1684847E-01 -0.1684847E-01 -0.1684847E-01
-0.4385055E-02 -0.4385055E-02 -0.3746797E-02 -0.6274140E-02 -0.6056761E-02 -0.6056761E-02 -0.5954370E-02 -0.5910507E-02 -0.5910507E-02 -0.5903596E-02 -0.5903596E-02 -0.5895028E-02 -0.5890592E-02 -0.5886117E-02 -0.5911914E-02 -0.5911914E-02 -0.2486287E-02 -0.1214104E-01 -0.3127626E-01 -0.5937356E-01 -0.9540939E-01 -0.1382592 -0.1868369 -0.2399175 -0.2963059 -0.3547626 -0.4138700 -0.4718381 -0.5257322 -0.5675664 -0.5675664 -0.5197779 -0.4570125 -0.3404233 -0.2858409 -0.2858409 -0.1540490 -0.1540490 0.2312345E-01 0.2312345E-01 0.1117212 0.2350044 0.2350044 0.2325099 0.2325099 0.9128666E-01 0.9128666E-01 0.9128666E-01 0.3471878E-01 0.3471878E-01 0.3674224E-02 0.3674224E-02 -0.1422551E-01 -0.1422551E-01 -0.2477828E-01 -0.2477828E-01 -0.2996014E-01 -0.2996014E-01 -0.2996014E-01
-0.3151599E-02 -0.3151599E-02 -0.2325888E-02 -0.4937528E-02 -0.4666294E-02 -0.4666294E-02 -0.4530211E-02 -0.4452541E-02 -0.4452541E-02 -0.4425801E-02 -0.4425801E-02 -0.4406095E-02 -0.4400075E-02 -0.4396175E-02 -0.4440499E-02 -0.4440499E-02 -0.8694047E-02 -0.2191976E-01 -0.4391691E-01 -0.7420544E-01 -0.1119276 -0.1561331 -0.2059018 -0.2602509 -0.3182054 -0.3787748 -0.4408495 -0.5030025 -0.5627798 -0.6133021 -0.6133021 -0.6002208 -0.5610272 -0.4523102 -0.3803847 -0.3803847 -0.1797313 -0.1797313 0.5307507E-01 0.5307507E-01 0.1495965 0.2705780 0.2705780 0.2832730 0.2832730 0.1376606 0.1376606 0.1376606 0.5637981E-01 0.5637981E-01 0.7217956E-02 0.7217956E-02 -0.2100529E-01 -0.2100529E-01 -0.3650363E-01 -0.3650363E-01 -0.4308882E-01 -0.4308882E-01 -0.4308882E-01
-0.2088757E-02 -0.2088757E-02 -0.1068844E-02 -0.3492686E-02 -0.3225998E-02 -0.3225998E-02 -0.3078876E-02 -0.2967473E-02 -0.2967473E-02 -0.2928452E-02 -0.2928452E-02 -0.2915773E-02 -0.2915322E-02 -0.2916937E-02 -0.2987443E-02 -0.2987443E-02 -0.1579681E-01 -0.3397139E-01 -0.6022507E-01 -0.9389816E-01 -0.1341823 -0.1802652 -0.2313917 -0.2868004 -0.3457282 -0.4073933 -0.4709229 -0.5351912 -0.5982392 -0.6545282 -0.6545282 -0.6659355 -0.6464291 -0.5364541 -0.4365751 -0.4365751 -0.1639763 -0.1639763 0.8530119E-01 0.8530119E-01 0.1726592 0.2765543 0.2765543 0.2982786 0.2982786 0.1748029 0.1748029 0.1748029 0.8022285E-01 0.8022285E-01 0.1482918E-01 0.1482918E-01 -0.2473189E-01 -0.2473189E-01 -0.4620331E-01 -0.4620331E-01 -0.5465983E-01 -0.5465983E-01 -0.5465983E-01
-0.1145398E-02 -0.1145398E-02 -0.1744259E-03 -0.1863993E-02 -0.1673705E-02 -0.1673705E-02 -0.1559302E-02 -0.1468672E-02 -0.1468672E-02 -0.1448635E-02 -0.1448635E-02 -0.1449189E-02 -0.1451955E-02 -0.1454940E-02 -0.1555300E-02 -0.1555300E-02 -0.2441749E-01 -0.4899331E-01 -0.8100350E-01 -0.1194060 -0.1633143 -0.2119953 -0.2648515 -0.3213463 -0.3809567 -0.4431373 -0.5072542 -0.5724544 -0.6371983 -0.6970461 -0.6970461 -0.7244977 -0.7174824 -0.5769414 -0.4339481 -0.4339481 -0.1163479 -0.1163479 0.1048235 0.1048235 0.1748261 0.2597813 0.2597813 0.2873871 0.2873871 0.1972591 0.1972591 0.1972591 0.1022623 0.1022623 0.2572192E-01 0.2572192E-01 -0.2463465E-01 -0.2463465E-01 -0.5269345E-01 -0.5269345E-01 -0.6351381E-01 -0.6351381E-01 -0.6351381E-01
-0.5040284E-07 -0.5040284E-07 0.2933007E-07 -0.1256507E-08 0.5257401E-07 0.5257401E-07 -0.1722822E-06 -0.7523844E-07 -0.7523844E-07 -0.1780309E-07 -0.1780309E-07 -0.9565966E-07 0.1010147E-06 0.5945532E-07 -0.1379819E-03 -0.1379819E-03 -0.3549336E-01 -0.6814375E-01 -0.1075536 -0.1521403 -0.2008376 -0.2529428 -0.3080051 -0.3657143 -0.4258139 -0.4880337 -0.5520184 -0.6172064 -0.6824138 -0.7438077 -0.7438077 -0.7794480 -0.7721261 -0.5510577 -0.3666183 -0.3666183 -0.6480594E-01 -0.6480594E-01 0.1048998 0.1048998 0.1586262 0.2291798 0.2291798 0.2605914 0.2605914 0.2034208 0.2034208 0.2034208 0.1183254 0.1183254 0.3778922E-01 0.3778922E-01 -0.2088052E-01 -0.2088052E-01 -0.5525338E-01 -0.5525338E-01 -0.6869909E-01 -0.6869909E-01 -0.6869909E-01
0.1145372E-02 0.1145372E-02 0.1744966E-03 0.1863794E-02 0.1673670E-02 0.1673670E-02 0.1559132E-02 0.1468617E-02 0.1468617E-02 0.1448654E-02 0.1448654E-02 0.1448914E-02 0.1451909E-02 0.1455180E-02 0.1263335E-02 0.1263335E-02 -0.5046112E-01 -0.9325362E-01 -0.1419040 -0.1942004 -0.2488615 -0.3052089 -0.3629493 -0.4220109 -0.4824220 -0.5442172 -0.6073560 -0.6715937 -0.7359880 -0.7962632 -0.7962632 -0.8291695 -0.7947693 -0.4497886 -0.2630499 -0.2630499 -0.3213397E-01 -0.3213397E-01 0.8961888E-01 0.8961888E-01 0.1317519 0.1923011 0.1923011 0.2252878 0.2252878 0.1947832 0.1947832 0.1947832 0.1253581 0.1253581 0.4823934E-01 0.4823934E-01 -0.1446985E-01 -0.1446985E-01 -0.5363818E-01 -0.5363818E-01 -0.6947577E-01 -0.6947577E-01 -0.6947577E-01
0.2088794E-02 0.2088794E-02 0.1068944E-02 0.3492335E-02 0.3225847E-02 0.3225847E-02 0.3078907E-02 0.2967356E-02 0.2967356E-02 0.2928278E-02 0.2928278E-02 0.2915730E-02 0.2915396E-02 0.2917088E-02 0.2646681E-02 0.2646681E-02 -0.7161044E-01 -0.1272133 -0.1871861 -0.2487220 -0.3104014 -0.3716458 -0.4323789 -0.4928058 -0.5532619 -0.6141067 -0.6756331 -0.7379090 -0.7998377 -0.8536521 -0.8536521 -0.8601108 -0.7461092 -0.3098502 -0.1709796 -0.1709796 -0.2114530E-01 -0.2114530E-01 0.6736483E-01 0.6736483E-01 0.1016216 0.1540261 0.1540261 0.1861718 0.1861718 0.1745070 0.1745070 0.1745070 0.1222091 0.1222091 0.5448532E-01 0.5448532E-01 -0.6945561E-02 -0.6945561E-02 -0.4808780E-01 -0.4808780E-01 -0.6540109E-01 -0.6540109E-01 -0.6540109E-01
0.3151538E-02 0.3151538E-02 0.2325964E-02 0.4937485E-02 0.4666175E-02 0.4666175E-02 0.4530011E-02 0.4452320E-02 0.4452320E-02 0.4425732E-02 0.4425732E-02 0.4406387E-02 0.4400198E-02 0.4396127E-02 0.4012045E-02 0.4012045E-02 -0.1027954 -0.1746977 -0.2482893 -0.3204424 -0.3898615 -0.4562652 -0.5199276 -0.5814093 -0.6413926 -0.7005763 -0.7595919 -0.8187143 -0.8751767 -0.9071885 -0.9071885 -0.8278339 -0.5828357 -0.1940754 -0.1148173 -0.1148173 -0.2162146E-01 -0.2162146E-01 0.4483160E-01 0.4483160E-01 0.7283723E-01 0.1168941 0.1168941 0.1459808 0.1459808 0.1460806 0.1460806 0.1460806 0.1095379 0.1095379 0.5489094E-01 0.5489094E-01 0.4765436E-04 0.4765436E-04 -0.3927234E-01 -0.3927234E-01 -0.5644603E-01 -0.5644603E-01 -0.5644603E-01
0.4384992E-02 0.4384992E-02 0.3746832E-02 0.6274127E-02 0.6056434E-02 0.6056434E-02 0.5954158E-02 0.5910174E-02 0.5910174E-02 0.5903591E-02 0.5903591E-02 0.5895260E-02 0.5890675E-02 0.5886056E-02 0.5346265E-02 0.5346265E-02 -0.1509447 -0.2435961 -0.3330810 -0.4167062 -0.4938585 -0.5649207 -0.6307397 -0.6923548 -0.7508534 -0.8072879 -0.8626179 -0.9168416 -0.9590130 -0.9169400 -0.9169400 -0.6553400 -0.3446427 -0.1268255 -0.8661010E-01 -0.8661010E-01 -0.2392920E-01 -0.2392920E-01 0.2544686E-01 0.2544686E-01 0.4755396E-01 0.8216657E-01 0.8216657E-01 0.1064438 0.1064438 0.1127110 0.1127110 0.1127110 0.8928309E-01 0.8928309E-01 0.4916991E-01 0.4916991E-01 0.5255407E-02 0.5255407E-02 -0.2813402E-01 -0.2813402E-01 -0.4308096E-01 -0.4308096E-01 -0.4308096E-01
