simulation_files/asc/Velocity__y_129.0.asc
NCOLS        79
NROWS        79
XLLCENTER         -1.500000
YLLCENTER         -4.800000
CELLSIZE           0.100
NODATA_VALUE     -9999.0
[rows 0 to 25 of 79, columns 0 to 58 of 79]
-9999.000 -9999.000 -9999.000 -9999.000 -9999.000 -9999.000 -9999.000 -9999.000 -9999.000 -9999.000 -9999.000 -9999.000 -9999.000 -9999.000 -9999.000 -0.1357859 -0.1345998 -0.1345481 -0.1346572 -0.1348528 -0.1350950 -0.1353514 -0.1355978 -0.1358173 -0.1360023 -0.1362110 -0.1365813 -0.1374212 -0.1393223 -0.1398575 -0.1398575 -9999.000 -9999.000 -9999.000 -9999.000 -9999.000 -9999.000 -9999.000 -9999.000 -9999.000 -9999.000 -9999.000 -9999.000 -9999.000 -9999.000 -9999.000 -9999.000 -9999.000 -9999.000 -9999.000 -9999.000 -9999.000 -9999.000 -9999.000 -9999.000 -9999.000 -9999.000 -9999.000 -9999.000
-9999.000 -9999.000 -9999.000 -9999.000 -9999.000 -9999.000 -9999.000 -9999.000 -9999.000 -9999.000 -9999.000 -9999.000 -9999.000 -9999.000 -9999.000 -0.1337848 -0.1313042 -0.1311839 -0.1314223 -0.1318621 -0.1324167 -0.1330148 -0.1336040 -0.1341477 -0.1346310 -0.1351793 -0.1360852 -0.1379902 -0.1421102 -0.1437571 -0.1437571 -9999.000 -9999.000 -9999.000 -9999.000 -9999.000 -9999.000 -9999.000 -9999.000 -9999.000 -9999.000 -9999.000 -9999.000 -9999.000 -9999.000 -9999.000 -9999.000 -9999.000 -9999.000 -9999.000 -9999.000 -9999.000 -9999.000 -9999.000 -9999.000 -9999.000 -9999.000 -9999.000 -9999.000
-9999.000 -9999.000 -9999.000 -9999.000 -9999.000 -9999.000 -9999.000 -9999.000 -9999.000 -9999.000 -9999.000 -9999.000 -9999.000 -9999.000 -9999.000 -0.1304911 -0.1266494 -0.1264665 -0.1269095 -0.1277244 -0.1287658 -0.1299128 -0.1310743 -0.1321876 -0.1332262 -0.1343941 -0.1361618 -0.1395533 -0.1464938 -0.1500385 -0.1500385 -9999.000 -9999.000 -9999.000 -9999.000 -9999.000 -9999.000 -9999.000 -9999.000 -9999.000 -9999.000 -9999.000 -9999.000 -9999.000 -9999.000 -9999.000 -9999.000 -9999.000 -9999.000 -9999.000 -9999.000 -9999.000 -9999.000 -9999.000 -9999.000 -9999.000 -9999.000 -9999.000 -9999.000
-9999.000 -9999.000 -9999.000 -9999.000 -9999.000 -9999.000 -9999.000 -9999.000 -9999.000 -9999.000 -9999.000 -9999.000 -9999.000 -9999.000 -9999.000 -0.1265166 -0.1213950 -0.1211817 -0.1218853 -0.1231532 -0.1247780 -0.1265852 -0.1284409 -0.1302514 -0.1319730 -0.1338885 -0.1366523 -0.1416909 -0.1516966 -0.1577914 -0.1577914 -9999.000 -9999.000 -9999.000 -9999.000 -9999.000 -9999.000 -9999.000 -9999.000 -9999.000 -9999.000 -9999.000 -9999.000 -9999.000 -9999.000 -9999.000 -9999.000 -9999.000 -9999.000 -9999.000 -9999.000 -9999.000 -9999.000 -9999.000 -9999.000 -9999.000 -9999.000 -9999.000 -9999.000
-9999.000 -9999.000 -9999.000 -9999.000 -9999.000 -9999.000 -9999.000 -9999.000 -9999.000 -9999.000 -9999.000 -9999.000 -9999.000 -9999.000 -9999.000 -0.1220202 -0.1156850 -0.1154643 -0.1164701 -0.1182491 -0.1205289 -0.1230768 -0.1257123 -0.1283081 -0.1307982 -0.1335485 -0.1374089 -0.1442375 -0.1575681 -0.1669363 -0.1669363 -9999.000 -9999.000 -9999.000 -9999.000 -9999.000 -9999.000 -9999.000 -9999.000 -9999.000 -9999.000 -9999.000 -9999.000 -9999.000 -9999.000 -9999.000 -9999.000 -9999.000 -9999.000 -9999.000 -9999.000 -9999.000 -9999.000 -9999.000 -9999.000 -9999.000 -9999.000 -9999.000 -9999.000
-9999.000 -9999.000 -9999.000 -9999.000 -9999.000 -9999.000 -9999.000 -9999.000 -9999.000 -9999.000 -9999.000 -9999.000 -9999.000 -9999.000 -9999.000 -0.1170773 -0.1095949 -0.1093847 -0.1107233 -0.1130578 -0.1160476 -0.1193977 -0.1228779 -0.1263249 -0.1296458 -0.1332983 -0.1383415 -0.1471020 -0.1640476 -0.1775378 -0.1775378 -9999.000 -9999.000 -9999.000 -9999.000 -9999.000 -9999.000 -9999.000 -9999.000 -9999.000 -9999.000 -9999.000 -9999.000 -9999.000 -9999.000 -9999.000 -9999.000 -9999.000 -9999.000 -9999.000 -9999.000 -9999.000 -9999.000 -9999.000 -9999.000 -9999.000 -9999.000 -9999.000 -9999.000
-9999.000 -9999.000 -9999.000 -9999.000 -9999.000 -9999.000 -9999.000 -9999.000 -9999.000 -9999.000 -9999.000 -9999.000 -9999.000 -9999.000 -9999.000 -0.1117083 -0.1031544 -0.1029705 -0.1046663 -0.1075927 -0.1113371 -0.1155396 -0.1199168 -0.1242679 -0.1284693 -0.1330803 -0.1393879 -0.1502309 -0.1711257 -0.1897729 -0.1897729 -9999.000 -9999.000 -9999.000 -9999.000 -9999.000 -9999.000 -9999.000 -9999.000 -9999.000 -9999.000 -9999.000 -9999.000 -9999.000 -9999.000 -9999.000 -9999.000 -9999.000 -9999.000 -9999.000 -9999.000 -9999.000 -9999.000 -9999.000 -9999.000 -9999.000 -9999.000 -9999.000 -9999.000
-9999.000 -9999.000 -9999.000 -9999.000 -9999.000 -9999.000 -9999.000 -9999.000 -9999.000 -9999.000 -9999.000 -9999.000 -9999.000 -9999.000 -9999.000 -0.1058970 -0.9636380E-01 -0.9622217E-01 -0.9829609E-01 -0.1018454 -0.1063833 -0.1114811 -0.1167993 -0.1220997 -0.1272221 -0.1328418 -0.1404954 -0.1535870 -0.1788232 -0.2039258 -0.2039258 -9999.000 -9999.000 -9999.000 -9999.000 -9999.000 -9999.000 -9999.000 -9999.000 -9999.000 -9999.000 -9999.000 -9999.000 -9999.000 -9999.000 -9999.000 -9999.000 -9999.000 -9999.000 -9999.000 -9999.000 -9999.000 -9999.000 -9999.000 -9999.000 -9999.000 -9999.000 -9999.000 -9999.000
-9999.000 -9999.000 -9999.000 -9999.000 -9999.000 -9999.000 -9999.000 -9999.000 -9999.000 -9999.000 -9999.000 -9999.000 -9999.000 -9999.000 -9999.000 -0.9960178E-01 -0.8920275E-01 -0.8912121E-01 -0.9159251E-01 -0.9579321E-01 -0.1011593 -0.1071904 -0.1134875 -0.1197755 -0.1258515 -0.1325250 -0.1416077 -0.1571336 -0.1871759 -0.2204034 -0.2204034 -9999.000 -9999.000 -9999.000 -9999.000 -9999.000 -9999.000 -9999.000 -9999.000 -9999.000 -9999.000 -9999.000 -9999.000 -9999.000 -9999.000 -9999.000 -9999.000 -9999.000 -9999.000 -9999.000 -9999.000 -9999.000 -9999.000 -9999.000 -9999.000 -9999.000 -9999.000 -9999.000 -9999.000
-9999.000 -9999.000 -9999.000 -9999.000 -9999.000 -9999.000 -9999.000 -9999.000 -9999.000 -9999.000 -9999.000 -9999.000 -9999.000 -9999.000 -9999.000 -0.9276026E-01 -0.8163468E-01 -0.8163370E-01 -0.8452082E-01 -0.8939924E-01 -0.9562559E-01 -0.1026236 -0.1099320 -0.1172391 -0.1242923 -0.1320576 -0.1426544 -0.1608240 -0.1962260 -0.2397781 -0.2397781 -9999.000 -9999.000 -9999.000 -9999.000 -9999.000 -9999.000 -9999.000 -9999.000 -9999.000 -9999.000 -9999.000 -9999.000 -9999.000 -9999.000 -9999.000 -9999.000 -9999.000 -9999.000 -9999.000 -9999.000 -9999.000 -9999.000 -9999.000 -9999.000 -9999.000 -9999.000 -9999.000 -9999.000
-9999.000 -9999.000 -9999.000 -9999.000 -9999.000 -9999.000 -9999.000 -9999.000 -9999.000 -9999.000 -9999.000 -9999.000 -9999.000 -9999.000 -9999.000 -0.8528996E-01 -0.7360604E-01 -0.7370906E-01 -0.7703008E-01 -0.8261146E-01 -0.8972732E-01 -0.9772146E-01 -0.1060672 -0.1144165 -0.1224581 -0.1313440 -0.1435381 -0.1645877 -0.2060138 -0.2628651 -0.2628651 -9999.000 -9999.000 -9999.000 -9999.000 -9999.000 -9999.000 -9999.000 -9999.000 -9999.000 -9999.000 -9999.000 -9999.000 -9999.000 -9999.000 -9999.000 -9999.000 -9999.000 -9999.000 -9999.000 -9999.000 -9999.000 -9999.000 -9999.000 -9999.000 -9999.000 -9999.000 -9999.000 -9999.000
-9999.000 -9999.000 -9999.000 -9999.000 -9999.000 -9999.000 -9999.000 -9999.000 -9999.000 -9999.000 -9999.000 -9999.000 -9999.000 -9999.000 -9999.000 -0.7708327E-01 -0.6504145E-01 -0.6527518E-01 -0.6904783E-01 -0.7535593E-01 -0.8338737E-01 -0.9240156E-01 -0.1018012 -0.1112045 -0.1202292 -0.1302495 -0.1441200 -0.1683149 -0.2165669 -0.2908604 -0.2908604 -9999.000 -9999.000 -9999.000 -9999.000 -9999.000 -9999.000 -9999.000 -9999.000 -9999.000 -9999.000 -9999.000 -9999.000 -9999.000 -9999.000 -9999.000 -9999.000 -9999.000 -9999.000 -9999.000 -9999.000 -9999.000 -9999.000 -9999.000 -9999.000 -9999.000 -9999.000 -9999.000 -9999.000
-9999.000 -9999.000 -9999.000 -9999.000 -9999.000 -9999.000 -9999.000 -9999.000 -9999.000 -9999.000 -9999.000 -9999.000 -9999.000 -9999.000 -9999.000 -0.6799683E-01 -0.5583416E-01 -0.5622787E-01 -0.6046834E-01 -0.6752455E-01 -0.7649314E-01 -0.8654314E-01 -0.9700140E-01 -0.1074527 -0.1174307 -0.1285761 -0.1441897 -0.1718259 -0.2278771 -0.3255922 -0.3255922 -9999.000 -9999.000 -9999.000 -9999.000 -9999.000 -9999.000 -9999.000 -9999.000 -9999.000 -9999.000 -9999.000 -9999.000 -9999.000 -9999.000 -9999.000 -9999.000 -9999.000 -9999.000 -9999.000 -9999.000 -9999.000 -9999.000 -9999.000 -9999.000 -9999.000 -9999.000 -9999.000 -9999.000
-9999.000 -9999.000 -9999.000 -9999.000 -9999.000 -9999.000 -9999.000 -9999.000 -9999.000 -9999.000 -9999.000 -9999.000 -9999.000 -9999.000 -9999.000 -0.5778680E-01 -0.4579993E-01 -0.4639294E-01 -0.5112426E-01 -0.5895289E-01 -0.6887846E-01 -0.7997040E-01 -0.9147380E-01 -0.1029404 -0.1138027 -0.1260231 -0.1434176 -0.1748149 -0.2398487 -0.3700197 -0.3700197 -9999.000 -9999.000 -9999.000 -9999.000 -9999.000 -9999.000 -9999.000 -9999.000 -9999.000 -9999.000 -9999.000 -9999.000 -9999.000 -9999.000 -9999.000 -9999.000 -9999.000 -9999.000 -9999.000 -9999.000 -9999.000 -9999.000 -9999.000 -9999.000 -9999.000 -9999.000 -9999.000 -9999.000
-9999.000 -9999.000 -9999.000 -9999.000 -9999.000 -9999.000 -9999.000 -9999.000 -9999.000 -9999.000 -9999.000 -9999.000 -9999.000 -9999.000 -9999.000 -0.3925439E-01 -0.3191707E-01 -0.3429575E-01 -0.4064515E-01 -0.5002285E-01 -0.6139264E-01 -0.7378269E-01 -0.8641167E-01 -0.9885416E-01 -0.1104724 -0.1236415 -0.1427594 -0.1781035 -0.2531189 -0.4275210 -0.4275210 -9999.000 -9999.000 -9999.000 -9999.000 -9999.000 -9999.000 -9999.000 -9999.000 -9999.000 -9999.000 -9999.000 -9999.000 -9999.000 -9999.000 -9999.000 -9999.000 -9999.000 -9999.000 -9999.000 -9999.000 -9999.000 -9999.000 -9999.000 -9999.000 -9999.000 -9999.000 -9999.000 -9999.000
-0.2342802E-02 -0.2342802E-02 -0.5428047E-02 -0.5515723E-02 -0.5492821E-02 -0.5492821E-02 -0.5474296E-02 -0.5448848E-02 -0.5448848E-02 -0.5425530E-02 -0.5425530E-02 -0.5396430E-02 -0.5379940E-02 -0.5362537E-02 -0.5344014E-02 -0.5344014E-02 -0.3408103E-01 -0.4040376E-01 -0.5037916E-01 -0.6460085E-01 -0.8220509E-01 -0.1018942 -0.1223670 -0.1425376 -0.1608216 -0.1782684 -0.1971526 -0.2238118 -0.2737921 -0.4028539 -0.4028539 -0.2025521 -0.9735256E-01 -0.2221031E-01 -0.1305842E-01 -0.1305842E-01 -0.5168308E-02 -0.5168308E-02 0.6654680E-02 0.6654680E-02 0.1248238E-01 -0.2602803E-01 -0.2602803E-01 -0.1039270E-01 -0.1039270E-01 0.7438278E-02 0.7438278E-02 0.7438278E-02 0.8467153E-02 0.8467153E-02 0.7173681E-02 0.7173681E-02 0.5101044E-02 0.5101044E-02 0.2944935E-02 0.2944935E-02 0.1048910E-02 0.1048910E-02 0.1048910E-02
-0.3584986E-02 -0.3584986E-02 -0.8051665E-02 -0.7859520E-02 -0.7752234E-02 -0.7752234E-02 -0.7695012E-02 -0.7659002E-02 -0.7659002E-02 -0.7649067E-02 -0.7649067E-02 -0.7629526E-02 -0.7615657E-02 -0.7599771E-02 -0.7582288E-02 -0.7582288E-02 -0.4561315E-01 -0.5721031E-01 -0.7290581E-01 -0.9438666E-01 -0.1211336 -0.1517586 -0.1846034 -0.2179809 -0.2497983 -0.2790611 -0.3051130 -0.3284572 -0.3520085 -0.3840189 -0.3840189 -0.2433581 -0.1469690 -0.5867065E-01 -0.4117923E-01 -0.4117923E-01 -0.1361147E-01 -0.1361147E-01 0.2748675E-01 0.2748675E-01 0.4790202E-01 -0.9409435E-03 -0.9409435E-03 -0.4979945E-02 -0.4979945E-02 0.1421305E-01 0.1421305E-01 0.1421305E-01 0.1546556E-01 0.1546556E-01 0.1253160E-01 0.1253160E-01 0.8260499E-02 0.8260499E-02 0.4084480E-02 0.4084480E-02 0.7964885E-03 0.7964885E-03 0.7964885E-03
-0.2931721E-02 -0.2931721E-02 -0.6528961E-02 -0.6710563E-02 -0.6574355E-02 -0.6574355E-02 -0.6493087E-02 -0.6456520E-02 -0.6456520E-02 -0.6474690E-02 -0.6474690E-02 -0.6483117E-02 -0.6481439E-02 -0.6476845E-02 -0.6470390E-02 -0.6470390E-02 -0.4181040E-01 -0.5836859E-01 -0.7826223E-01 -0.1036133 -0.1346384 -0.1705537 -0.2101105 -0.2518383 -0.2944836 -0.3358604 -0.3742734 -0.4079912 -0.4352472 -0.4521304 -0.4521304 -0.3574225 -0.2720152 -0.1561382 -0.1160284 -0.1160284 -0.3721937E-01 -0.3721937E-01 0.5811818E-01 0.5811818E-01 0.1013629 0.8847482E-01 0.8847482E-01 0.3750779E-01 0.3750779E-01 0.2318534E-01 0.2318534E-01 0.2318534E-01 0.1892648E-01 0.1892648E-01 0.1273493E-01 0.1273493E-01 0.6087773E-02 0.6087773E-02 0.4466310E-03 0.4466310E-03 -0.3275773E-02 -0.3275773E-02 -0.3275773E-02
-0.2299435E-02 -0.2299435E-02 -0.5087377E-02 -0.5453519E-02 -0.5307626E-02 -0.5307626E-02 -0.5208963E-02 -0.5157729E-02 -0.5157729E-02 -0.5177766E-02 -0.5177766E-02 -0.5189750E-02 -0.5189258E-02 -0.5185690E-02 -0.5180364E-02 -0.5180364E-02 -0.3676552E-01 -0.5744406E-01 -0.8137664E-01 -0.1100237 -0.1438709 -0.1826139 -0.2254774 -0.2714058 -0.3194617 -0.3678252 -0.4146912 -0.4578888 -0.4944978 -0.5183420 -0.5183420 -0.4555808 -0.3870938 -0.2624811 -0.2017269 -0.2017269 -0.6248977E-01 -0.6248977E-01 0.8731165E-01 0.8731165E-01 0.1471009 0.1720711 0.1720711 0.1019487 0.1019487 0.3789748E-01 0.3789748E-01 0.3789748E-01 0.2076817E-01 0.2076817E-01 0.8732256E-02 0.8732256E-02 -0.7153437E-03 -0.7153437E-03 -0.7390379E-02 -0.7390379E-02 -0.1086730E-01 -0.1086730E-01 -0.1086730E-01
-0.1695138E-02 -0.1695138E-02 -0.3735671E-02 -0.4142936E-02 -0.4012790E-02 -0.4012790E-02 -0.3916809E-02 -0.3862506E-02 -0.3862506E-02 -0.3880522E-02 -0.3880522E-02 -0.3892770E-02 -0.3892736E-02 -0.3889875E-02 -0.3885551E-02 -0.3885551E-02 -0.3283674E-01 -0.5719411E-01 -0.8550890E-01 -0.1179770 -0.1548813 -0.1961349 -0.2412997 -0.2896773 -0.3406046 -0.3927525 -0.4445454 -0.4939059 -0.5377273 -0.5694782 -0.5694782 -0.5359473 -0.4844138 -0.3538653 -0.2705781 -0.2705781 -0.7155151E-01 -0.7155151E-01 0.1113596 0.1113596 0.1758623 0.2221142 0.2221142 0.1614091 0.1614091 0.5812299E-01 0.5812299E-01 0.5812299E-01 0.2444313E-01 0.2444313E-01 0.4225522E-02 0.4225522E-02 -0.8838644E-02 -0.8838644E-02 -0.1660711E-01 -0.1660711E-01 -0.1950219E-01 -0.1950219E-01 -0.1950219E-01
-0.1115163E-02 -0.1115163E-02 -0.2452136E-02 -0.2788352E-02 -0.2692065E-02 -0.2692065E-02 -0.2616883E-02 -0.2571761E-02 -0.2571761E-02 -0.2585442E-02 -0.2585442E-02 -0.2595428E-02 -0.2595523E-02 -0.2593589E-02 -0.2590515E-02 -0.2590515E-02 -0.3076462E-01 -0.5866992E-01 -0.9171567E-01 -0.1286879 -0.1693189 -0.2134943 -0.2609765 -0.3113478 -0.3641762 -0.4185545 -0.4732234 -0.5263798 -0.5751330 -0.6133243 -0.6133243 -0.6018714 -0.5632427 -0.4134777 -0.3017762 -0.3017762 -0.5895199E-01 -0.5895199E-01 0.1247901 0.1247901 0.1842642 0.2378617 0.2378617 0.2004589 0.2004589 0.8141866E-01 0.8141866E-01 0.8141866E-01 0.3137483E-01 0.3137483E-01 0.1321051E-02 0.1321051E-02 -0.1643744E-01 -0.1643744E-01 -0.2562749E-01 -0.2562749E-01 -0.2782693E-01 -0.2782693E-01 -0.2782693E-01
-0.5528405E-03 -0.5528405E-03 -0.1214491E-02 -0.1402284E-02 -0.1351318E-02 -0.1351318E-02 -0.1310184E-02 -0.1284778E-02 -0.1284778E-02 -0.1292285E-02 -0.1292285E-02 -0.1297778E-02 -0.1297921E-02 -0.1296944E-02 -0.1295233E-02 -0.1295233E-02 -0.3117800E-01 -0.6297456E-01 -0.1011524 -0.1432739 -0.1883457 -0.2360248 -0.2861438 -0.3385020 -0.3928869 -0.4487563 -0.5051898 -0.5607110 -0.6127573 -0.6555628 -0.6555628 -0.6582600 -0.6230630 -0.4260358 -0.2861591 -0.2861591 -0.3570812E-01 -0.3570812E-01 0.1237671 0.1237671 0.1744134 0.2286650 0.2286650 0.2150320 0.2150320 0.1032616 0.1032616 0.1032616 0.4111544E-01 0.4111544E-01 0.1084354E-02 0.1084354E-02 -0.2220286E-01 -0.2220286E-01 -0.3325608E-01 -0.3325608E-01 -0.3485212E-01 -0.3485212E-01 -0.3485212E-01
0.1339423E-06 0.1339423E-06 0.1677017E-06 0.3869339E-07 -0.3445474E-07 -0.3445474E-07 0.6644462E-07 0.3782158E-07 0.3782158E-07 0.4352406E-07 0.4352406E-07 0.5799344E-07 -0.6052195E-07 -0.7588366E-07 0.1497144E-07 0.1497144E-07 -0.3482937E-01 -0.7146265E-01 -0.1153878 -0.1632833 -0.2134478 -0.2651953 -0.3183191 -0.3727708 -0.4285499 -0.4854483 -0.5429064 -0.5998099 -0.6539108 -0.6992439 -0.6992439 -0.7063442 -0.6558560 -0.3845563 -0.2355088 -0.2355088 -0.1771594E-01 -0.1771594E-01 0.1097413 0.1097413 0.1522343 0.2048225 0.2048225 0.2090787 0.2090787 0.1187694 0.1187694 0.1187694 0.5162288E-01 0.5162288E-01 0.3546421E-02 0.3546421E-02 -0.2530270E-01 -0.2530270E-01 -0.3853031E-01 -0.3853031E-01 -0.3974636E-01 -0.3974636E-01 -0.3974636E-01
0.5531101E-03 0.5531101E-03 0.1214687E-02 0.1402325E-02 0.1351274E-02 0.1351274E-02 0.1310370E-02 0.1285069E-02 0.1285069E-02 0.1292380E-02 0.1292380E-02 0.1297723E-02 0.1297867E-02 0.1296891E-02 0.1295395E-02 0.1295395E-02 -0.4282457E-01 -0.8592155E-01 -0.1365660 -0.1909009 -0.2467000 -0.3029501 -0.3593552 -0.4159659 -0.4729763 -0.5304865 -0.5883086 -0.6457168 -0.7006147 -0.7450235 -0.7450235 -0.7392427 -0.6403992 -0.3066413 -0.1783490 -0.1783490 -0.1205221E-01 -0.1205221E-01 0.8819969E-01 0.8819969E-01 0.1243843 0.1740533 0.1740533 0.1892225 0.1892225 0.1246470 0.1246470 0.1246470 0.6007795E-01 0.6007795E-01 0.7810783E-02 0.7810783E-02 -0.2543828E-01 -0.2543828E-01 -0.4072585E-01 -0.4072585E-01 -0.4180472E-01 -0.4180472E-01 -0.4180472E-01
0.1115123E-02 0.1115123E-02 0.2452275E-02 0.2788406E-02 0.2691991E-02 0.2691991E-02 0.2616881E-02 0.2571914E-02 0.2571914E-02 0.2585547E-02 0.2585547E-02 0.2595419E-02 0.2595648E-02 0.2593677E-02 0.2590677E-02 0.2590677E-02 -0.5697487E-01 -0.1089176 -0.1676873 -0.2292022 -0.2910199 -0.3519630 -0.4116923 -0.4703455 -0.5282959 -0.5859222 -0.6433973 -0.7003574 -0.7542125 -0.7893487 -0.7893487 -0.7327468 -0.5523576 -0.2292763 -0.1363131 -0.1363131 -0.1516385E-01 -0.1516385E-01 0.6488881E-01 0.6488881E-01 0.9584886E-01 0.1410658 0.1410658 0.1612811 0.1612811 0.1200453 0.1200453 0.1200453 0.6393890E-01 0.6393890E-01 0.1239327E-01 0.1239327E-01 -0.2282967E-01 -0.2282967E-01 -0.3942035E-01 -0.3942035E-01 -0.4051181E-01 -0.4051181E-01 -0.4051181E-01
0.1694925E-02 0.1694925E-02 0.3735648E-02 0.4142896E-02 0.4012805E-02 0.4012805E-02 0.3916984E-02 0.3862351E-02 0.3862351E-02 0.3880600E-02 0.3880600E-02 0.3892900E-02 0.3892852E-02 0.3890175E-02 0.3885756E-02 0.3885756E-02 -0.8043080E-01 -0.1444424 -0.2131454 -0.2825904 -0.3505446 -0.4159745 -0.4786589 -0.5388808 -0.5971982 -0.6542408 -0.7105100 -0.7658256 -0.8146264 -0.8155752 -0.8155752 -0.6414124 -0.4084075 -0.1749552 -0.1114936 -0.1114936 -0.2027497E-01 -0.2027497E-01 0.4349816E-01 0.4349816E-01 0.6940547E-01 0.1084062 0.1084062 0.1293681 0.1293681 0.1062050 0.1062050 0.1062050 0.6178845E-01 0.6178845E-01 0.1575711E-01 0.1575711E-01 -0.1809503E-01 -0.1809503E-01 -0.3455620E-01 -0.3455620E-01 -0.3564115E-01 -0.3564115E-01 -0.3564115E-01
