simulation_files/asc/Velocity____211.0.asc
NCOLS        79
NROWS        79
XLLCENTER         -1.500000
YLLCENTER         -4.800000
CELLSIZE           0.100
NODATA_VALUE     -9999.0
[rows 0 to 26 of 79, columns 0 to 59 of 79]
-9999.000 -9999.000 -9999.000 -9999.000 -9999.000 -9999.000 -9999.000 -9999.000 -9999.000 -9999.000 -9999.000 -9999.000 -9999.000 -9999.000 -9999.000 0.8840071E-01 0.8498990E-01 0.8346438E-01 0.8296908E-01 0.8392604E-01 0.8544215E-01 0.8693624E-01 0.8819537E-01 0.8911391E-01 0.8965605E-01 0.8992993E-01 0.9002311E-01 0.9013713E-01 0.9086124E-01 0.9184044E-01 0.9184044E-01 -9999.000 -9999.000 -9999.000 -9999.000 -9999.000 -9999.000 -9999.000 -9999.000 -9999.000 -9999.000 -9999.000 -9999.000 -9999.000 -9999.000 -9999.000 -9999.000 -9999.000 -9999.000 -9999.000 -9999.000 -9999.000 -9999.000 -9999.000 -9999.000 -9999.000 -9999.000 -9999.000 -9999.000 -9999.000
-9999.000 -9999.000 -9999.000 -9999.000 -9999.000 -9999.000 -9999.000 -9999.000 -9999.000 -9999.000 -9999.000 -9999.000 -9999.000 -9999.000 -9999.000 0.8964585E-01 0.8246744E-01 0.7936702E-01 0.7840953E-01 0.8032954E-01 0.8331592E-01 0.8628061E-01 0.8885802E-01 0.9085094E-01 0.9216484E-01 0.9298832E-01 0.9348167E-01 0.9406706E-01 0.9603242E-01 0.9878326E-01 0.9878326E-01 -9999.000 -9999.000 -9999.000 -9999.000 -9999.000 -9999.000 -9999.000 -9999.000 -9999.000 -9999.000 -9999.000 -9999.000 -9999.000 -9999.000 -9999.000 -9999.000 -9999.000 -9999.000 -9999.000 -9999.000 -9999.000 -9999.000 -9999.000 -9999.000 -9999.000 -9999.000 -9999.000 -9999.000 -9999.000
-9999.000 -9999.000 -9999.000 -9999.000 -9999.000 -9999.000 -9999.000 -9999.000 -9999.000 -9999.000 -9999.000 -9999.000 -9999.000 -9999.000 -9999.000 0.9007490E-01 0.7876482E-01 0.7379063E-01 0.7222258E-01 0.7517086E-01 0.7978098E-01 0.8441493E-01 0.8856942E-01 0.9196773E-01 0.9445152E-01 0.9628658E-01 0.9767994E-01 0.9925689E-01 0.1030362 0.1083881 0.1083881 -9999.000 -9999.000 -9999.000 -9999.000 -9999.000 -9999.000 -9999.000 -9999.000 -9999.000 -9999.000 -9999.000 -9999.000 -9999.000 -9999.000 -9999.000 -9999.000 -9999.000 -9999.000 -9999.000 -9999.000 -9999.000 -9999.000 -9999.000 -9999.000 -9999.000 -9999.000 -9999.000 -9999.000 -9999.000
-9999.000 -9999.000 -9999.000 -9999.000 -9999.000 -9999.000 -9999.000 -9999.000 -9999.000 -9999.000 -9999.000 -9999.000 -9999.000 -9999.000 -9999.000 0.9004871E-01 0.7459066E-01 0.6771953E-01 0.6555007E-01 0.6955057E-01 0.7578804E-01 0.8209763E-01 0.8786758E-01 0.9275258E-01 0.9652799E-01 0.9952989E-01 0.1019952 0.1047400 0.1105306 0.1189944 0.1189944 -9999.000 -9999.000 -9999.000 -9999.000 -9999.000 -9999.000 -9999.000 -9999.000 -9999.000 -9999.000 -9999.000 -9999.000 -9999.000 -9999.000 -9999.000 -9999.000 -9999.000 -9999.000 -9999.000 -9999.000 -9999.000 -9999.000 -9999.000 -9999.000 -9999.000 -9999.000 -9999.000 -9999.000 -9999.000
-9999.000 -9999.000 -9999.000 -9999.000 -9999.000 -9999.000 -9999.000 -9999.000 -9999.000 -9999.000 -9999.000 -9999.000 -9999.000 -9999.000 -9999.000 0.8978522E-01 0.7011883E-01 0.6133355E-01 0.5860638E-01 0.6371450E-01 0.7159197E-01 0.7957767E-01 0.8698148E-01 0.9339723E-01 0.9852902E-01 0.1027818 0.1064105 0.1104238 0.1183722 0.1304659 0.1304659 -9999.000 -9999.000 -9999.000 -9999.000 -9999.000 -9999.000 -9999.000 -9999.000 -9999.000 -9999.000 -9999.000 -9999.000 -9999.000 -9999.000 -9999.000 -9999.000 -9999.000 -9999.000 -9999.000 -9999.000 -9999.000 -9999.000 -9999.000 -9999.000 -9999.000 -9999.000 -9999.000 -9999.000 -9999.000
-9999.000 -9999.000 -9999.000 -9999.000 -9999.000 -9999.000 -9999.000 -9999.000 -9999.000 -9999.000 -9999.000 -9999.000 -9999.000 -9999.000 -9999.000 0.8934775E-01 0.6540678E-01 0.5471135E-01 0.5152287E-01 0.5782166E-01 0.6734592E-01 0.7699439E-01 0.8603429E-01 0.9400278E-01 0.1005260 0.1060789 0.1109260 0.1162754 0.1265133 0.1428235 0.1428235 -9999.000 -9999.000 -9999.000 -9999.000 -9999.000 -9999.000 -9999.000 -9999.000 -9999.000 -9999.000 -9999.000 -9999.000 -9999.000 -9999.000 -9999.000 -9999.000 -9999.000 -9999.000 -9999.000 -9999.000 -9999.000 -9999.000 -9999.000 -9999.000 -9999.000 -9999.000 -9999.000 -9999.000 -9999.000
-9999.000 -9999.000 -9999.000 -9999.000 -9999.000 -9999.000 -9999.000 -9999.000 -9999.000 -9999.000 -9999.000 -9999.000 -9999.000 -9999.000 -9999.000 0.8873397E-01 0.6046198E-01 0.4789110E-01 0.4441635E-01 0.5200631E-01 0.6315580E-01 0.7443029E-01 0.8509221E-01 0.9462142E-01 0.1025552 0.1094409 0.1155436 0.1222830 0.1349463 0.1561768 0.1561768 -9999.000 -9999.000 -9999.000 -9999.000 -9999.000 -9999.000 -9999.000 -9999.000 -9999.000 -9999.000 -9999.000 -9999.000 -9999.000 -9999.000 -9999.000 -9999.000 -9999.000 -9999.000 -9999.000 -9999.000 -9999.000 -9999.000 -9999.000 -9999.000 -9999.000 -9999.000 -9999.000 -9999.000 -9999.000
-9999.000 -9999.000 -9999.000 -9999.000 -9999.000 -9999.000 -9999.000 -9999.000 -9999.000 -9999.000 -9999.000 -9999.000 -9999.000 -9999.000 -9999.000 0.8790976E-01 0.5526870E-01 0.4090620E-01 0.3745586E-01 0.4642916E-01 0.5912071E-01 0.7194722E-01 0.8419821E-01 0.9528375E-01 0.1046362 0.1128778 0.1202645 0.1284432 0.1436817 0.1706993 0.1706993 -9999.000 -9999.000 -9999.000 -9999.000 -9999.000 -9999.000 -9999.000 -9999.000 -9999.000 -9999.000 -9999.000 -9999.000 -9999.000 -9999.000 -9999.000 -9999.000 -9999.000 -9999.000 -9999.000 -9999.000 -9999.000 -9999.000 -9999.000 -9999.000 -9999.000 -9999.000 -9999.000 -9999.000 -9999.000
-9999.000 -9999.000 -9999.000 -9999.000 -9999.000 -9999.000 -9999.000 -9999.000 -9999.000 -9999.000 -9999.000 -9999.000 -9999.000 -9999.000 -9999.000 0.8682332E-01 0.4980038E-01 0.3382190E-01 0.3096534E-01 0.4132774E-01 0.5535593E-01 0.6960481E-01 0.8338783E-01 0.9601315E-01 0.1067826 0.1163971 0.1250896 0.1347556 0.1527394 0.1866282 0.1866282 -9999.000 -9999.000 -9999.000 -9999.000 -9999.000 -9999.000 -9999.000 -9999.000 -9999.000 -9999.000 -9999.000 -9999.000 -9999.000 -9999.000 -9999.000 -9999.000 -9999.000 -9999.000 -9999.000 -9999.000 -9999.000 -9999.000 -9999.000 -9999.000 -9999.000 -9999.000 -9999.000 -9999.000 -9999.000
-9999.000 -9999.000 -9999.000 -9999.000 -9999.000 -9999.000 -9999.000 -9999.000 -9999.000 -9999.000 -9999.000 -9999.000 -9999.000 -9999.000 -9999.000 0.8540846E-01 0.4402597E-01 0.2680316E-01 0.2561303E-01 0.3706884E-01 0.5201259E-01 0.6747399E-01 0.8270029E-01 0.9683385E-01 0.1090083 0.1200058 0.1300204 0.1412217 0.1621443 0.2042773 0.2042773 -9999.000 -9999.000 -9999.000 -9999.000 -9999.000 -9999.000 -9999.000 -9999.000 -9999.000 -9999.000 -9999.000 -9999.000 -9999.000 -9999.000 -9999.000 -9999.000 -9999.000 -9999.000 -9999.000 -9999.000 -9999.000 -9999.000 -9999.000 -9999.000 -9999.000 -9999.000 -9999.000 -9999.000 -9999.000
-9999.000 -9999.000 -9999.000 -9999.000 -9999.000 -9999.000 -9999.000 -9999.000 -9999.000 -9999.000 -9999.000 -9999.000 -9999.000 -9999.000 -9999.000 0.8358409E-01 0.3791487E-01 0.2031512E-01 0.2264642E-01 0.3418595E-01 0.4929266E-01 0.6564635E-01 0.8218610E-01 0.9777704E-01 0.1113314 0.1237139 0.1350597 0.1478435 0.1719256 0.2240648 0.2240648 -9999.000 -9999.000 -9999.000 -9999.000 -9999.000 -9999.000 -9999.000 -9999.000 -9999.000 -9999.000 -9999.000 -9999.000 -9999.000 -9999.000 -9999.000 -9999.000 -9999.000 -9999.000 -9999.000 -9999.000 -9999.000 -9999.000 -9999.000 -9999.000 -9999.000 -9999.000 -9999.000 -9999.000 -9999.000
-9999.000 -9999.000 -9999.000 -9999.000 -9999.000 -9999.000 -9999.000 -9999.000 -9999.000 -9999.000 -9999.000 -9999.000 -9999.000 -9999.000 -9999.000 0.8124913E-01 0.3144854E-01 0.1572086E-01 0.2351510E-01 0.3333010E-01 0.4746953E-01 0.6425413E-01 0.8192167E-01 0.9889202E-01 0.1137831 0.1275416 0.1402173 0.1546272 0.1821178 0.2465580 0.2465580 -9999.000 -9999.000 -9999.000 -9999.000 -9999.000 -9999.000 -9999.000 -9999.000 -9999.000 -9999.000 -9999.000 -9999.000 -9999.000 -9999.000 -9999.000 -9999.000 -9999.000 -9999.000 -9999.000 -9999.000 -9999.000 -9999.000 -9999.000 -9999.000 -9999.000 -9999.000 -9999.000 -9999.000 -9999.000
-9999.000 -9999.000 -9999.000 -9999.000 -9999.000 -9999.000 -9999.000 -9999.000 -9999.000 -9999.000 -9999.000 -9999.000 -9999.000 -9999.000 -9999.000 0.7823824E-01 0.2466244E-01 0.1594337E-01 0.2860852E-01 0.3522595E-01 0.4705177E-01 0.6360999E-01 0.8211268E-01 0.1003217 0.1164629 0.1315576 0.1455365 0.1616013 0.1927723 0.2725500 0.2725500 -9999.000 -9999.000 -9999.000 -9999.000 -9999.000 -9999.000 -9999.000 -9999.000 -9999.000 -9999.000 -9999.000 -9999.000 -9999.000 -9999.000 -9999.000 -9999.000 -9999.000 -9999.000 -9999.000 -9999.000 -9999.000 -9999.000 -9999.000 -9999.000 -9999.000 -9999.000 -9999.000 -9999.000 -9999.000
-9999.000 -9999.000 -9999.000 -9999.000 -9999.000 -9999.000 -9999.000 -9999.000 -9999.000 -9999.000 -9999.000 -9999.000 -9999.000 -9999.000 -9999.000 0.7303900E-01 0.1928920E-01 0.2773675E-01 0.4269306E-01 0.4609411E-01 0.5384751E-01 0.6808700E-01 0.8588113E-01 0.1042847 0.1209557 0.1368832 0.1517937 0.1692872 0.2042512 0.3033966 0.3033966 -9999.000 -9999.000 -9999.000 -9999.000 -9999.000 -9999.000 -9999.000 -9999.000 -9999.000 -9999.000 -9999.000 -9999.000 -9999.000 -9999.000 -9999.000 -9999.000 -9999.000 -9999.000 -9999.000 -9999.000 -9999.000 -9999.000 -9999.000 -9999.000 -9999.000 -9999.000 -9999.000 -9999.000 -9999.000
-9999.000 -9999.000 -9999.000 -9999.000 -9999.000 -9999.000 -9999.000 -9999.000 -9999.000 -9999.000 -9999.000 -9999.000 -9999.000 -9999.000 -9999.000 0.1143204 0.1764577 0.2088235 0.2011255 0.1691961 0.1475648 0.1336540 0.1286639 0.1313913 0.1384127 0.1489106 0.1610631 0.1779798 0.2160835 0.3384372 0.3384372 -9999.000 -9999.000 -9999.000 -9999.000 -9999.000 -9999.000 -9999.000 -9999.000 -9999.000 -9999.000 -9999.000 -9999.000 -9999.000 -9999.000 -9999.000 -9999.000 -9999.000 -9999.000 -9999.000 -9999.000 -9999.000 -9999.000 -9999.000 -9999.000 -9999.000 -9999.000 -9999.000 -9999.000 -9999.000
2.906722 2.906722 2.924869 2.927008 2.946918 2.946918 2.949591 2.949060 2.949060 2.944937 2.944937 2.938379 2.934433 2.930146 2.925946 2.925946 3.095446 3.100469 3.101724 3.100697 3.070367 3.016005 2.938141 2.835880 2.709382 2.563775 2.400915 2.229249 2.072931 2.006918 2.006918 2.825776 3.002942 3.112007 3.140551 3.140551 3.181619 3.181619 3.177658 3.177658 3.141388 2.980106 2.980106 2.680295 2.680295 2.243104 2.243104 2.243104 2.204610 2.204610 2.226842 2.226842 2.272572 2.272572 2.323071 2.323071 2.369817 2.369817 2.369817 2.408231
2.930358 2.930358 2.957486 2.982438 3.009839 3.009839 3.024679 3.047439 3.047439 3.066169 3.066169 3.082261 3.089568 3.096485 3.103414 3.103414 3.228383 3.249318 3.265694 3.280010 3.287070 3.287511 3.279891 3.261317 3.228691 3.180507 3.114579 3.031083 2.935722 2.853102 2.853102 3.279953 3.434353 3.588640 3.632084 3.632084 3.684517 3.684517 3.693710 3.693710 3.677826 3.588354 3.588354 3.411355 3.411355 3.088440 3.088440 3.088440 3.044552 3.044552 3.068624 3.068624 3.116917 3.116917 3.169928 3.169928 3.219533 3.219533 3.219533 3.262105
2.935159 2.935159 2.959967 2.984300 3.009537 3.009537 3.025064 3.048716 3.048716 3.068089 3.068089 3.084900 3.092611 3.099955 3.107379 3.107379 3.217971 3.252350 3.281288 3.306646 3.326621 3.341621 3.351802 3.356451 3.354213 3.343999 3.323960 3.292893 3.252702 3.217760 3.217760 3.452000 3.599072 3.774252 3.827202 3.827202 3.885289 3.885289 3.882141 3.882141 3.857113 3.764154 3.764154 3.631314 3.631314 3.378376 3.378376 3.378376 3.320606 3.320606 3.330740 3.330740 3.369755 3.369755 3.416491 3.416491 3.461593 3.461593 3.461593 3.500882
2.938081 2.938081 2.962189 2.984861 3.008596 3.008596 3.024556 3.048677 3.048677 3.068096 3.068096 3.084904 3.092618 3.099970 3.107486 3.107486 3.208563 3.253821 3.294301 3.330098 3.360023 3.384039 3.402490 3.415531 3.423039 3.425009 3.420993 3.410595 3.395003 3.383097 3.383097 3.525246 3.653681 3.832666 3.889706 3.889706 3.942680 3.942680 3.914483 3.914483 3.876534 3.785410 3.785410 3.697424 3.697424 3.515565 3.515565 3.515565 3.449896 3.449896 3.444600 3.444600 3.473133 3.473133 3.513950 3.513950 3.555498 3.555498 3.555498 3.592246
2.939158 2.939158 2.961438 2.984727 3.007630 3.007630 3.024020 3.048622 3.048622 3.068084 3.068084 3.084875 3.092585 3.099935 3.107578 3.107578 3.204229 3.258489 3.309211 3.354745 3.393896 3.426299 3.452097 3.471566 3.484936 3.492599 3.494850 3.492055 3.485546 3.481518 3.481518 3.570405 3.675962 3.843428 3.895244 3.895244 3.919918 3.919918 3.856545 3.856545 3.812265 3.745184 3.745184 3.706363 3.706363 3.596345 3.596345 3.596345 3.532591 3.532591 3.513088 3.513088 3.528636 3.528636 3.561314 3.561314 3.597900 3.597900 3.597900 3.631165
2.935593 2.935593 2.966103 2.984343 3.006824 3.006824 3.023572 3.048583 3.048583 3.068088 3.068088 3.084866 3.092572 3.099921 3.107751 3.107751 3.206033 3.268291 3.327990 3.382266 3.429736 3.469849 3.502580 3.528142 3.546819 3.559052 3.565332 3.566302 3.563299 3.560841 3.560841 3.614936 3.695534 3.833426 3.865175 3.865175 3.832251 3.832251 3.741157 3.741157 3.707896 3.686135 3.686135 3.692837 3.692837 3.647030 3.647030 3.647030 3.595270 3.595270 3.566957 3.566957 3.569041 3.569041 3.591245 3.591245 3.620687 3.620687 3.620687 3.648763
2.935157 2.935157 2.968459 2.984105 3.006347 3.006347 3.023307 3.048577 3.048577 3.068105 3.068105 3.084872 3.092575 3.099922 3.108019 3.108019 3.214803 3.284781 3.352462 3.414377 3.469055 3.515910 3.554844 3.586010 3.609677 3.626237 3.636175 3.640126 3.639235 3.636646 3.636646 3.667037 3.721938 3.804447 3.793551 3.793551 3.687070 3.687070 3.608110 3.608110 3.601887 3.630137 3.630137 3.671722 3.671722 3.677356 3.677356 3.677356 3.644409 3.644409 3.614892 3.614892 3.605960 3.605960 3.616483 3.616483 3.636659 3.636659 3.636659 3.657593
2.935013 2.935013 2.969239 2.984027 3.006186 3.006186 3.023216 3.048574 3.048574 3.068112 3.068112 3.084874 3.092577 3.099923 3.108388 3.108388 3.231552 3.309551 3.384485 3.452933 3.513576 3.565956 3.610029 3.645962 3.674016 3.694532 3.707927 3.714737 3.715810 3.712958 3.712958 3.726421 3.753644 3.737534 3.660023 3.660023 3.508653 3.508653 3.488277 3.488277 3.512767 3.580873 3.580873 3.646291 3.646291 3.690968 3.690968 3.690968 3.679481 3.679481 3.655980 3.655980 3.640766 3.640766 3.640161 3.640161 3.649657 3.649657 3.649657 3.661666
2.935157 2.935157 2.968459 2.984106 3.006346 3.006346 3.023307 3.048577 3.048577 3.068105 3.068105 3.084872 3.092575 3.099922 3.108899 3.108899 3.257824 3.344498 3.426123 3.499979 3.565219 3.621696 3.669563 3.709085 3.740570 3.764339 3.780749 3.790210 3.793197 3.789783 3.789783 3.788152 3.778208 3.598896 3.457003 3.457003 3.339633 3.339633 3.396703 3.396703 3.443835 3.537205 3.537205 3.618204 3.618204 3.691744 3.691744 3.691744 3.700863 3.700863 3.688257 3.688257 3.671750 3.671750 3.662181 3.662181 3.660553 3.660553 3.660553 3.662251
2.935593 2.935593 2.966104 2.984344 3.006824 3.006824 3.023572 3.048584 3.048584 3.068089 3.068089 3.084866 3.092572 3.099921 3.109603 3.109603 3.295950 3.392065 3.479793 3.557806 3.626083 3.685006 3.735051 3.776683 3.810309 3.836287 3.854935 3.866543 3.870979 3.864750 3.864750 3.840037 3.762965 3.371832 3.220483 3.220483 3.213945 3.213945 3.329815 3.329815 3.389146 3.496624 3.496624 3.587950 3.587950 3.682467 3.682467 3.682467 3.709230 3.709230 3.709508 3.709508 3.696069 3.696069 3.680621 3.680621 3.668499 3.668499 3.668499 3.659165
2.939159 2.939159 2.961438 2.984727 3.007629 3.007629 3.024019 3.048622 3.048622 3.068085 3.068085 3.084875 3.092585 3.099934 3.110583 3.110583 3.349584 3.455651 3.548555 3.629112 3.698529 3.757929 3.808242 3.850206 3.884387 3.911210 3.930994 3.943869 3.948158 3.929810 3.929810 3.848438 3.644481 3.099110 3.019794 3.019794 3.130854 3.130854 3.274547 3.274547 3.339416 3.454908 3.454908 3.553482 3.553482 3.663077 3.663077 3.663077 3.703811 3.703811 3.716544 3.716544 3.708834 3.708834 3.690654 3.690654 3.669614 3.669614 3.669614 3.649465
2.938081 2.938081 2.962189 2.984862 3.008596 3.008596 3.024557 3.048677 3.048677 3.068096 3.068096 3.084904 3.092619 3.099971 3.111944 3.111944 3.424595 3.540221 3.636477 3.717210 3.785263 3.842691 3.890976 3.931172 3.964029 3.990055 4.009591 4.022335 4.020934 3.954123 3.954123 3.731826 3.367444 2.873143 2.891902 2.891902 3.064490 3.064490 3.217906 3.217906 3.285342 3.406094 3.406094 3.509939 3.509939 3.630091 3.630091 3.630091 3.681140 3.681140 3.704321 3.704321 3.703068 3.703068 3.684520 3.684520 3.656607 3.656607 3.656607 3.626769
