simulation_files/asc/Velocity____83.0.asc
NCOLS        79
NROWS        79
XLLCENTER         -1.500000
YLLCENTER         -4.800000
CELLSIZE           0.100
NODATA_VALUE     -9999.0
[rows 0 to 26 of 79, columns 0 to 59 of 79]
-9999.000 -9999.000 -9999.000 -9999.000 -9999.000 -9999.000 -9999.000 -9999.000 -9999.000 -9999.000 -9999.000 -9999.000 -9999.000 -9999.000 -9999.000 0.2068326 0.2057483 0.2059106 0.2061658 0.2064333 0.2067055 0.2069911 0.2073077 0.2076822 0.2081508 0.2087660 0.2096062 0.2108002 0.2124408 0.2101502 0.2101502 -9999.000 -9999.000 -9999.000 -9999.000 -9999.000 -9999.000 -9999.000 -9999.000 -9999.000 -9999.000 -9999.000 -9999.000 -9999.000 -9999.000 -9999.000 -9999.000 -9999.000 -9999.000 -9999.000 -9999.000 -9999.000 -9999.000 -9999.000 -9999.000 -9999.000 -9999.000 -9999.000 -9999.000 -9999.000
-9999.000 -9999.000 -9999.000 -9999.000 -9999.000 -9999.000 -9999.000 -9999.000 -9999.000 -9999.000 -9999.000 -9999.000 -9999.000 -9999.000 -9999.000 0.2040674 0.2016834 0.2020144 0.2025589 0.2031400 0.2037347 0.2043545 0.2050330 0.2058232 0.2068022 0.2080825 0.2098368 0.2123406 0.2157687 0.2115155 0.2115155 -9999.000 -9999.000 -9999.000 -9999.000 -9999.000 -9999.000 -9999.000 -9999.000 -9999.000 -9999.000 -9999.000 -9999.000 -9999.000 -9999.000 -9999.000 -9999.000 -9999.000 -9999.000 -9999.000 -9999.000 -9999.000 -9999.000 -9999.000 -9999.000 -9999.000 -9999.000 -9999.000 -9999.000 -9999.000
-9999.000 -9999.000 -9999.000 -9999.000 -9999.000 -9999.000 -9999.000 -9999.000 -9999.000 -9999.000 -9999.000 -9999.000 -9999.000 -9999.000 -9999.000 0.1997816 0.1959540 0.1965149 0.1974837 0.1985584 0.1996905 0.2008933 0.2022193 0.2037579 0.2056389 0.2080492 0.2112658 0.2157086 0.2215803 0.2156469 0.2156469 -9999.000 -9999.000 -9999.000 -9999.000 -9999.000 -9999.000 -9999.000 -9999.000 -9999.000 -9999.000 -9999.000 -9999.000 -9999.000 -9999.000 -9999.000 -9999.000 -9999.000 -9999.000 -9999.000 -9999.000 -9999.000 -9999.000 -9999.000 -9999.000 -9999.000 -9999.000 -9999.000 -9999.000 -9999.000
-9999.000 -9999.000 -9999.000 -9999.000 -9999.000 -9999.000 -9999.000 -9999.000 -9999.000 -9999.000 -9999.000 -9999.000 -9999.000 -9999.000 -9999.000 0.1944626 0.1892463 0.1901062 0.1916018 0.1932983 0.1951191 0.1970775 0.1992455 0.2017489 0.2047722 0.2085804 0.2135608 0.2202898 0.2290149 0.2219933 0.2219933 -9999.000 -9999.000 -9999.000 -9999.000 -9999.000 -9999.000 -9999.000 -9999.000 -9999.000 -9999.000 -9999.000 -9999.000 -9999.000 -9999.000 -9999.000 -9999.000 -9999.000 -9999.000 -9999.000 -9999.000 -9999.000 -9999.000 -9999.000 -9999.000 -9999.000 -9999.000 -9999.000 -9999.000 -9999.000
-9999.000 -9999.000 -9999.000 -9999.000 -9999.000 -9999.000 -9999.000 -9999.000 -9999.000 -9999.000 -9999.000 -9999.000 -9999.000 -9999.000 -9999.000 0.1882041 0.1816895 0.1829155 0.1850303 0.1874598 0.1900968 0.1929538 0.1961227 0.1997687 0.2041359 0.2095750 0.2165975 0.2259602 0.2379869 0.2305314 0.2305314 -9999.000 -9999.000 -9999.000 -9999.000 -9999.000 -9999.000 -9999.000 -9999.000 -9999.000 -9999.000 -9999.000 -9999.000 -9999.000 -9999.000 -9999.000 -9999.000 -9999.000 -9999.000 -9999.000 -9999.000 -9999.000 -9999.000 -9999.000 -9999.000 -9999.000 -9999.000 -9999.000 -9999.000 -9999.000
-9999.000 -9999.000 -9999.000 -9999.000 -9999.000 -9999.000 -9999.000 -9999.000 -9999.000 -9999.000 -9999.000 -9999.000 -9999.000 -9999.000 -9999.000 0.1810405 0.1733657 0.1750277 0.1778480 0.1811111 0.1846763 0.1885556 0.1928626 0.1978055 0.2036958 0.2109820 0.2203203 0.2326829 0.2485238 0.2414021 0.2414021 -9999.000 -9999.000 -9999.000 -9999.000 -9999.000 -9999.000 -9999.000 -9999.000 -9999.000 -9999.000 -9999.000 -9999.000 -9999.000 -9999.000 -9999.000 -9999.000 -9999.000 -9999.000 -9999.000 -9999.000 -9999.000 -9999.000 -9999.000 -9999.000 -9999.000 -9999.000 -9999.000 -9999.000 -9999.000
-9999.000 -9999.000 -9999.000 -9999.000 -9999.000 -9999.000 -9999.000 -9999.000 -9999.000 -9999.000 -9999.000 -9999.000 -9999.000 -9999.000 -9999.000 0.1729512 0.1643164 0.1664935 0.1701058 0.1742987 0.1788969 0.1839111 0.1894799 0.1958606 0.2034411 0.2127845 0.2247201 0.2404839 0.2607451 0.2548999 0.2548999 -9999.000 -9999.000 -9999.000 -9999.000 -9999.000 -9999.000 -9999.000 -9999.000 -9999.000 -9999.000 -9999.000 -9999.000 -9999.000 -9999.000 -9999.000 -9999.000 -9999.000 -9999.000 -9999.000 -9999.000 -9999.000 -9999.000 -9999.000 -9999.000 -9999.000 -9999.000 -9999.000 -9999.000 -9999.000
-9999.000 -9999.000 -9999.000 -9999.000 -9999.000 -9999.000 -9999.000 -9999.000 -9999.000 -9999.000 -9999.000 -9999.000 -9999.000 -9999.000 -9999.000 0.1638691 0.1545515 0.1573388 0.1618368 0.1670592 0.1727939 0.1790518 0.1859997 0.1939510 0.2033826 0.2149935 0.2298236 0.2494404 0.2748543 0.2714949 0.2714949 -9999.000 -9999.000 -9999.000 -9999.000 -9999.000 -9999.000 -9999.000 -9999.000 -9999.000 -9999.000 -9999.000 -9999.000 -9999.000 -9999.000 -9999.000 -9999.000 -9999.000 -9999.000 -9999.000 -9999.000 -9999.000 -9999.000 -9999.000 -9999.000 -9999.000 -9999.000 -9999.000 -9999.000 -9999.000
-9999.000 -9999.000 -9999.000 -9999.000 -9999.000 -9999.000 -9999.000 -9999.000 -9999.000 -9999.000 -9999.000 -9999.000 -9999.000 -9999.000 -9999.000 0.1536875 0.1440549 0.1475738 0.1530665 0.1594287 0.1664105 0.1740231 0.1824662 0.1921179 0.2035587 0.2176503 0.2356934 0.2596793 0.2911468 0.2918895 0.2918895 -9999.000 -9999.000 -9999.000 -9999.000 -9999.000 -9999.000 -9999.000 -9999.000 -9999.000 -9999.000 -9999.000 -9999.000 -9999.000 -9999.000 -9999.000 -9999.000 -9999.000 -9999.000 -9999.000 -9999.000 -9999.000 -9999.000 -9999.000 -9999.000 -9999.000 -9999.000 -9999.000 -9999.000 -9999.000
-9999.000 -9999.000 -9999.000 -9999.000 -9999.000 -9999.000 -9999.000 -9999.000 -9999.000 -9999.000 -9999.000 -9999.000 -9999.000 -9999.000 -9999.000 0.1422629 0.1327911 0.1372013 0.1438258 0.1514598 0.1598141 0.1689021 0.1789615 0.1904440 0.2040509 0.2208397 0.2424362 0.2713845 0.3100300 0.3171307 0.3171307 -9999.000 -9999.000 -9999.000 -9999.000 -9999.000 -9999.000 -9999.000 -9999.000 -9999.000 -9999.000 -9999.000 -9999.000 -9999.000 -9999.000 -9999.000 -9999.000 -9999.000 -9999.000 -9999.000 -9999.000 -9999.000 -9999.000 -9999.000 -9999.000 -9999.000 -9999.000 -9999.000 -9999.000 -9999.000
-9999.000 -9999.000 -9999.000 -9999.000 -9999.000 -9999.000 -9999.000 -9999.000 -9999.000 -9999.000 -9999.000 -9999.000 -9999.000 -9999.000 -9999.000 0.1294182 0.1207097 0.1262302 0.1341697 0.1432444 0.1531256 0.1638302 0.1756396 0.1890889 0.2050185 0.2247202 0.2502286 0.2848171 0.3320582 0.3488176 0.3488176 -9999.000 -9999.000 -9999.000 -9999.000 -9999.000 -9999.000 -9999.000 -9999.000 -9999.000 -9999.000 -9999.000 -9999.000 -9999.000 -9999.000 -9999.000 -9999.000 -9999.000 -9999.000 -9999.000 -9999.000 -9999.000 -9999.000 -9999.000 -9999.000 -9999.000 -9999.000 -9999.000 -9999.000 -9999.000
-9999.000 -9999.000 -9999.000 -9999.000 -9999.000 -9999.000 -9999.000 -9999.000 -9999.000 -9999.000 -9999.000 -9999.000 -9999.000 -9999.000 -9999.000 0.1149420 0.1077567 0.1147015 0.1242167 0.1349634 0.1465738 0.1590735 0.1727937 0.1883614 0.2067728 0.2295958 0.2593769 0.3003628 0.3579929 0.3895063 0.3895063 -9999.000 -9999.000 -9999.000 -9999.000 -9999.000 -9999.000 -9999.000 -9999.000 -9999.000 -9999.000 -9999.000 -9999.000 -9999.000 -9999.000 -9999.000 -9999.000 -9999.000 -9999.000 -9999.000 -9999.000 -9999.000 -9999.000 -9999.000 -9999.000 -9999.000 -9999.000 -9999.000 -9999.000 -9999.000
-9999.000 -9999.000 -9999.000 -9999.000 -9999.000 -9999.000 -9999.000 -9999.000 -9999.000 -9999.000 -9999.000 -9999.000 -9999.000 -9999.000 -9999.000 0.9858720E-01 0.9390307E-01 0.1027499 0.1142326 0.1269850 0.1406092 0.1551508 0.1709988 0.1888767 0.2099452 0.2360847 0.2704696 0.3186480 0.3889107 0.4435630 0.4435630 -9999.000 -9999.000 -9999.000 -9999.000 -9999.000 -9999.000 -9999.000 -9999.000 -9999.000 -9999.000 -9999.000 -9999.000 -9999.000 -9999.000 -9999.000 -9999.000 -9999.000 -9999.000 -9999.000 -9999.000 -9999.000 -9999.000 -9999.000 -9999.000 -9999.000 -9999.000 -9999.000 -9999.000 -9999.000
-9999.000 -9999.000 -9999.000 -9999.000 -9999.000 -9999.000 -9999.000 -9999.000 -9999.000 -9999.000 -9999.000 -9999.000 -9999.000 -9999.000 -9999.000 0.8002999E-01 0.7926346E-01 0.9085584E-01 0.1049694 0.1202563 0.1363288 0.1532838 0.1715836 0.1920476 0.2159953 0.2456317 0.2848586 0.3409235 0.4264649 0.5192396 0.5192396 -9999.000 -9999.000 -9999.000 -9999.000 -9999.000 -9999.000 -9999.000 -9999.000 -9999.000 -9999.000 -9999.000 -9999.000 -9999.000 -9999.000 -9999.000 -9999.000 -9999.000 -9999.000 -9999.000 -9999.000 -9999.000 -9999.000 -9999.000 -9999.000 -9999.000 -9999.000 -9999.000 -9999.000 -9999.000
-9999.000 -9999.000 -9999.000 -9999.000 -9999.000 -9999.000 -9999.000 -9999.000 -9999.000 -9999.000 -9999.000 -9999.000 -9999.000 -9999.000 -9999.000 0.5803024E-01 0.7245096E-01 0.9306338E-01 0.1129306 0.1318809 0.1502755 0.1687143 0.1880108 0.2092666 0.2341038 0.2651927 0.3073835 0.3702169 0.4729628 0.6323952 0.6323952 -9999.000 -9999.000 -9999.000 -9999.000 -9999.000 -9999.000 -9999.000 -9999.000 -9999.000 -9999.000 -9999.000 -9999.000 -9999.000 -9999.000 -9999.000 -9999.000 -9999.000 -9999.000 -9999.000 -9999.000 -9999.000 -9999.000 -9999.000 -9999.000 -9999.000 -9999.000 -9999.000 -9999.000 -9999.000
1.720800 1.720800 1.788022 1.820706 1.828896 1.828896 1.834717 1.842105 1.842105 1.846025 1.846025 1.847661 1.847807 1.836144 1.559669 1.559669 1.301315 1.238396 1.167182 1.088818 1.005210 0.9191175 0.8341923 0.7550038 0.6871291 0.6375021 0.6154264 0.6350974 0.7216468 0.9390568 0.9390568 1.622169 1.809023 1.849700 1.811467 1.811467 1.695628 1.695628 1.452840 1.452840 1.140386 0.9714701 0.9714701 0.9639452 0.9639452 1.002902 1.002902 1.002902 1.053549 1.053549 1.099239 1.099239 1.138074 1.138074 1.181938 1.181938 1.208911 1.208911 1.208911 1.227560
1.735921 1.735921 1.808752 1.856199 1.872200 1.872200 1.885915 1.909142 1.909142 1.928822 1.928822 1.946084 1.953993 1.956545 1.767810 1.767810 1.552015 1.531327 1.502598 1.464461 1.416529 1.359276 1.294106 1.223548 1.151632 1.084528 1.031605 1.007303 1.034863 1.156645 1.156645 1.633512 1.790541 1.894148 1.907880 1.907880 1.884600 1.884600 1.775463 1.775463 1.584592 1.313449 1.313449 1.315985 1.315985 1.365497 1.365497 1.365497 1.419115 1.419115 1.468106 1.468106 1.497741 1.497741 1.551486 1.551486 1.584960 1.584960 1.584960 1.611006
1.739501 1.739501 1.810210 1.856712 1.872687 1.872687 1.886496 1.910076 1.910076 1.930215 1.930215 1.948001 1.956194 1.960909 1.838485 1.838485 1.607446 1.605973 1.600227 1.588192 1.568909 1.541982 1.507655 1.466995 1.422192 1.377017 1.337632 1.314126 1.323831 1.402725 1.402725 1.753962 1.895663 2.016655 2.043060 2.043060 2.042868 2.042868 1.974235 1.974235 1.867676 1.615096 1.615096 1.583688 1.583688 1.622382 1.622382 1.622382 1.669022 1.669022 1.710303 1.710303 1.742855 1.742855 1.781462 1.781462 1.809310 1.809310 1.809310 1.830347
1.742287 1.742287 1.811397 1.856915 1.872731 1.872731 1.886476 1.910052 1.910052 1.930220 1.930220 1.948025 1.956225 1.962022 1.890269 1.890269 1.637033 1.643768 1.648214 1.648160 1.643112 1.632933 1.617782 1.598251 1.575620 1.552174 1.531771 1.520861 1.530889 1.589980 1.589980 1.857113 1.976526 2.089157 2.113281 2.113281 2.116106 2.116106 2.072868 2.072868 2.016651 1.826261 1.826261 1.757289 1.757289 1.786234 1.786234 1.786234 1.826080 1.826080 1.862209 1.862209 1.891415 1.891415 1.922489 1.922489 1.946660 1.946660 1.946660 1.964583
1.744381 1.744381 1.812363 1.857093 1.872764 1.872764 1.886447 1.910014 1.910014 1.930206 1.930206 1.948022 1.956222 1.962718 1.918949 1.918949 1.663155 1.675017 1.685824 1.692173 1.694132 1.692172 1.686919 1.679170 1.670043 1.661148 1.654949 1.655391 1.669250 1.718611 1.718611 1.927438 2.025732 2.118243 2.133466 2.133466 2.129879 2.129879 2.107936 2.107936 2.084708 1.971314 1.971314 1.886222 1.886222 1.894287 1.894287 1.894287 1.928210 1.928210 1.960744 1.960744 1.987689 1.987689 2.014042 2.014042 2.035321 2.035321 2.035321 2.050948
1.745838 1.745838 1.813074 1.857232 1.872788 1.872788 1.886422 1.909983 1.909983 1.930195 1.930195 1.948020 1.956220 1.963173 1.937735 1.937735 1.693202 1.707350 1.723432 1.734394 1.740507 1.742707 1.742106 1.739919 1.737543 1.736499 1.738619 1.746356 1.763098 1.804323 1.804323 1.967028 2.044855 2.107077 2.110975 2.110975 2.105185 2.105185 2.107835 2.107835 2.107516 2.061591 2.061591 1.989531 1.989531 1.973558 1.973558 1.973558 1.999628 1.999628 2.028108 2.028108 2.052805 2.052805 2.075561 2.075561 2.093965 2.093965 2.093965 2.107377
1.746696 1.746696 1.813510 1.857321 1.872804 1.872804 1.886404 1.909961 1.909961 1.930188 1.930188 1.948018 1.956219 1.963468 1.949949 1.949949 1.733289 1.743549 1.764122 1.779163 1.788477 1.793236 1.794848 1.794814 1.794936 1.796989 1.802694 1.813920 1.830970 1.861100 1.861100 1.977744 2.032564 2.057291 2.053819 2.053819 2.059999 2.059999 2.090553 2.090553 2.106626 2.109161 2.109161 2.067940 2.067940 2.037379 2.037379 2.037379 2.053743 2.053743 2.076725 2.076725 2.098314 2.098314 2.117514 2.117514 2.132837 2.132837 2.132837 2.143901
1.746980 1.746980 1.813657 1.857352 1.872810 1.872810 1.886398 1.909955 1.909955 1.930186 1.930186 1.948018 1.956220 1.963662 1.957796 1.957796 1.787184 1.786154 1.809203 1.827515 1.839652 1.846454 1.849325 1.849968 1.850433 1.852803 1.859051 1.870404 1.882244 1.891940 1.891940 1.961098 1.984710 1.976298 1.976062 1.976062 2.009184 2.009184 2.066205 2.066205 2.093863 2.127938 2.127938 2.120067 2.120067 2.090514 2.090514 2.090514 2.097742 2.097742 2.113971 2.113971 2.131102 2.131102 2.146326 2.146326 2.158338 2.158338 2.158338 2.166946
1.746696 1.746696 1.813510 1.857321 1.872804 1.872804 1.886404 1.909961 1.909961 1.930187 1.930187 1.948019 1.956220 1.963787 1.962794 1.962794 1.847921 1.838824 1.860183 1.880704 1.895229 1.903719 1.907376 1.907944 1.907615 1.908728 1.913494 1.922131 1.921234 1.894593 1.894593 1.907819 1.896698 1.879496 1.894058 1.894058 1.960791 1.960791 2.039191 2.039191 2.074988 2.129210 2.129210 2.148662 2.148662 2.133029 2.133029 2.133029 2.134468 2.134468 2.143833 2.143833 2.155392 2.155392 2.165978 2.165978 2.174282 2.174282 2.174282 2.180290
1.745838 1.745838 1.813075 1.857232 1.872789 1.872789 1.886421 1.909983 1.909983 1.930195 1.930195 1.948020 1.956220 1.963869 1.965956 1.965956 1.910463 1.902349 1.920085 1.940709 1.956468 1.965989 1.969965 1.969970 1.968191 1.967115 1.969120 1.972142 1.944149 1.855705 1.855705 1.807919 1.774755 1.784177 1.818629 1.818629 1.917081 1.917081 2.011354 2.011354 2.052982 2.120366 2.120366 2.159428 2.159428 2.163796 2.163796 2.163796 2.164039 2.164039 2.167821 2.167821 2.173372 2.173372 2.178682 2.178682 2.182870 2.182870 2.182870 2.186172
1.744381 1.744381 1.812363 1.857093 1.872764 1.872764 1.886447 1.910015 1.910015 1.930206 1.930206 1.948022 1.956222 1.963923 1.967942 1.967942 1.973577 1.975561 1.991113 2.009817 2.024965 2.034298 2.037826 2.036740 2.033025 2.029167 2.027524 2.019875 1.932508 1.754336 1.754336 1.670110 1.643933 1.698930 1.747305 1.747305 1.876135 1.876135 1.982485 1.982485 2.028582 2.105088 2.105088 2.157621 2.157621 2.182256 2.182256 2.182256 2.185243 2.185243 2.185579 2.185579 2.185478 2.185478 2.185236 2.185236 2.185089 2.185089 2.185089 2.185709
1.742287 1.742287 1.811397 1.856916 1.872731 1.872731 1.886476 1.910052 1.910052 1.930220 1.930220 1.948026 1.956226 1.963960 1.969170 1.969170 2.039998 2.057628 2.074305 2.090158 2.102605 2.109934 2.111760 2.108788 2.102614 2.095524 2.089374 2.057102 1.828743 1.600924 1.600924 1.516087 1.519114 1.625328 1.692478 1.692478 1.838516 1.838516 1.954857 1.954857 2.004304 2.086942 2.086942 2.148305 2.148305 2.189852 2.189852 2.189852 2.197646 2.197646 2.196660 2.196660 2.191904 2.191904 2.186368 2.186368 2.182014 2.182014 2.182014 2.180163
