simulation_files/asc/Velocity__y_268.0.asc
NCOLS        79
NROWS        79
XLLCENTER         -1.500000
YLLCENTER         -4.800000
CELLSIZE           0.100
NODATA_VALUE     -9999.0
[rows 0 to 26 of 79, columns 0 to 58 of 79]
-9999.000 -9999.000 -9999.000 -9999.000 -9999.000 -9999.000 -9999.000 -9999.000 -9999.000 -9999.000 -9999.000 -9999.000 -9999.000 -9999.000 -9999.000 -0.9272718E-01 -0.8998864E-01 -0.8900408E-01 -0.8887631E-01 -0.8937357E-01 -0.9006811E-01 -0.9079753E-01 -0.9151297E-01 -0.9211878E-01 -0.9266353E-01 -0.9314671E-01 -0.9360483E-01 -0.9421988E-01 -0.9559429E-01 -0.9696329E-01 -0.9696329E-01 -9999.000 -9999.000 -9999.000 -9999.000 -9999.000 -9999.000 -9999.000 -9999.000 -9999.000 -9999.000 -9999.000 -9999.000 -9999.000 -9999.000 -9999.000 -9999.000 -9999.000 -9999.000 -9999.000 -9999.000 -9999.000 -9999.000 -9999.000 -9999.000 -9999.000 -9999.000 -9999.000 -9999.000
-9999.000 -9999.000 -9999.000 -9999.000 -9999.000 -9999.000 -9999.000 -9999.000 -9999.000 -9999.000 -9999.000 -9999.000 -9999.000 -9999.000 -9999.000 -0.9260934E-01 -0.8689726E-01 -0.8480226E-01 -0.8455689E-01 -0.8567980E-01 -0.8726140E-01 -0.8894870E-01 -0.9062680E-01 -0.9208427E-01 -0.9341603E-01 -0.9461520E-01 -0.9575281E-01 -0.9720750E-01 -0.1002369 -0.1035457 -0.1035457 -9999.000 -9999.000 -9999.000 -9999.000 -9999.000 -9999.000 -9999.000 -9999.000 -9999.000 -9999.000 -9999.000 -9999.000 -9999.000 -9999.000 -9999.000 -9999.000 -9999.000 -9999.000 -9999.000 -9999.000 -9999.000 -9999.000 -9999.000 -9999.000 -9999.000 -9999.000 -9999.000 -9999.000
-9999.000 -9999.000 -9999.000 -9999.000 -9999.000 -9999.000 -9999.000 -9999.000 -9999.000 -9999.000 -9999.000 -9999.000 -9999.000 -9999.000 -9999.000 -0.9136017E-01 -0.8244423E-01 -0.7909473E-01 -0.7877939E-01 -0.8073847E-01 -0.8350453E-01 -0.8649663E-01 -0.8951264E-01 -0.9219421E-01 -0.9468111E-01 -0.9694763E-01 -0.9909524E-01 -0.1017204 -0.1068237 -0.1128347 -0.1128347 -9999.000 -9999.000 -9999.000 -9999.000 -9999.000 -9999.000 -9999.000 -9999.000 -9999.000 -9999.000 -9999.000 -9999.000 -9999.000 -9999.000 -9999.000 -9999.000 -9999.000 -9999.000 -9999.000 -9999.000 -9999.000 -9999.000 -9999.000 -9999.000 -9999.000 -9999.000 -9999.000 -9999.000
-9999.000 -9999.000 -9999.000 -9999.000 -9999.000 -9999.000 -9999.000 -9999.000 -9999.000 -9999.000 -9999.000 -9999.000 -9999.000 -9999.000 -9999.000 -0.8953861E-01 -0.7746492E-01 -0.7287185E-01 -0.7253670E-01 -0.7541371E-01 -0.7946034E-01 -0.8386366E-01 -0.8833195E-01 -0.9235136E-01 -0.9610804E-01 -0.9955031E-01 -0.1028072 -0.1066995 -0.1140085 -0.1232209 -0.1232209 -9999.000 -9999.000 -9999.000 -9999.000 -9999.000 -9999.000 -9999.000 -9999.000 -9999.000 -9999.000 -9999.000 -9999.000 -9999.000 -9999.000 -9999.000 -9999.000 -9999.000 -9999.000 -9999.000 -9999.000 -9999.000 -9999.000 -9999.000 -9999.000 -9999.000 -9999.000 -9999.000 -9999.000
-9999.000 -9999.000 -9999.000 -9999.000 -9999.000 -9999.000 -9999.000 -9999.000 -9999.000 -9999.000 -9999.000 -9999.000 -9999.000 -9999.000 -9999.000 -0.8737046E-01 -0.7214212E-01 -0.6630032E-01 -0.6597398E-01 -0.6982394E-01 -0.7521382E-01 -0.8109581E-01 -0.8708814E-01 -0.9251192E-01 -0.9760764E-01 -0.1022913 -0.1067202 -0.1119525 -0.1215981 -0.1345522 -0.1345522 -9999.000 -9999.000 -9999.000 -9999.000 -9999.000 -9999.000 -9999.000 -9999.000 -9999.000 -9999.000 -9999.000 -9999.000 -9999.000 -9999.000 -9999.000 -9999.000 -9999.000 -9999.000 -9999.000 -9999.000 -9999.000 -9999.000 -9999.000 -9999.000 -9999.000 -9999.000 -9999.000 -9999.000
-9999.000 -9999.000 -9999.000 -9999.000 -9999.000 -9999.000 -9999.000 -9999.000 -9999.000 -9999.000 -9999.000 -9999.000 -9999.000 -9999.000 -9999.000 -0.8492859E-01 -0.6654155E-01 -0.5944449E-01 -0.5914896E-01 -0.6401774E-01 -0.7079899E-01 -0.7820923E-01 -0.8577801E-01 -0.9265172E-01 -0.9913564E-01 -0.1051076 -0.1107558 -0.1173918 -0.1295171 -0.1468435 -0.1468435 -9999.000 -9999.000 -9999.000 -9999.000 -9999.000 -9999.000 -9999.000 -9999.000 -9999.000 -9999.000 -9999.000 -9999.000 -9999.000 -9999.000 -9999.000 -9999.000 -9999.000 -9999.000 -9999.000 -9999.000 -9999.000 -9999.000 -9999.000 -9999.000 -9999.000 -9999.000 -9999.000 -9999.000
-9999.000 -9999.000 -9999.000 -9999.000 -9999.000 -9999.000 -9999.000 -9999.000 -9999.000 -9999.000 -9999.000 -9999.000 -9999.000 -9999.000 -9999.000 -0.8221677E-01 -0.6067575E-01 -0.5231984E-01 -0.5207867E-01 -0.5801056E-01 -0.6622566E-01 -0.7520632E-01 -0.8439536E-01 -0.9275396E-01 -0.1006663 -0.1079649 -0.1148724 -0.1229756 -0.1377425 -0.1602070 -0.1602070 -9999.000 -9999.000 -9999.000 -9999.000 -9999.000 -9999.000 -9999.000 -9999.000 -9999.000 -9999.000 -9999.000 -9999.000 -9999.000 -9999.000 -9999.000 -9999.000 -9999.000 -9999.000 -9999.000 -9999.000 -9999.000 -9999.000 -9999.000 -9999.000 -9999.000 -9999.000 -9999.000 -9999.000
-9999.000 -9999.000 -9999.000 -9999.000 -9999.000 -9999.000 -9999.000 -9999.000 -9999.000 -9999.000 -9999.000 -9999.000 -9999.000 -9999.000 -9999.000 -0.7920508E-01 -0.5453037E-01 -0.4491884E-01 -0.4475962E-01 -0.5180169E-01 -0.6149197E-01 -0.7208180E-01 -0.8293112E-01 -0.9280291E-01 -0.1021795 -0.1108382 -0.1190419 -0.1286789 -0.1462749 -0.1748274 -0.1748274 -9999.000 -9999.000 -9999.000 -9999.000 -9999.000 -9999.000 -9999.000 -9999.000 -9999.000 -9999.000 -9999.000 -9999.000 -9999.000 -9999.000 -9999.000 -9999.000 -9999.000 -9999.000 -9999.000 -9999.000 -9999.000 -9999.000 -9999.000 -9999.000 -9999.000 -9999.000 -9999.000 -9999.000
-9999.000 -9999.000 -9999.000 -9999.000 -9999.000 -9999.000 -9999.000 -9999.000 -9999.000 -9999.000 -9999.000 -9999.000 -9999.000 -9999.000 -9999.000 -0.7584391E-01 -0.4807666E-01 -0.3722098E-01 -0.3717733E-01 -0.4538119E-01 -0.5658779E-01 -0.6882443E-01 -0.8137220E-01 -0.9278041E-01 -0.1036544 -0.1137035 -0.1232383 -0.1344804 -0.1551241 -0.1909615 -0.1909615 -9999.000 -9999.000 -9999.000 -9999.000 -9999.000 -9999.000 -9999.000 -9999.000 -9999.000 -9999.000 -9999.000 -9999.000 -9999.000 -9999.000 -9999.000 -9999.000 -9999.000 -9999.000 -9999.000 -9999.000 -9999.000 -9999.000 -9999.000 -9999.000 -9999.000 -9999.000 -9999.000 -9999.000
-9999.000 -9999.000 -9999.000 -9999.000 -9999.000 -9999.000 -9999.000 -9999.000 -9999.000 -9999.000 -9999.000 -9999.000 -9999.000 -9999.000 -9999.000 -0.7206947E-01 -0.4127571E-01 -0.2919598E-01 -0.2930909E-01 -0.3873224E-01 -0.5149786E-01 -0.6541735E-01 -0.7970048E-01 -0.9266363E-01 -0.1050656 -0.1165319 -0.1274303 -0.1403549 -0.1643022 -0.2089533 -0.2089533 -9999.000 -9999.000 -9999.000 -9999.000 -9999.000 -9999.000 -9999.000 -9999.000 -9999.000 -9999.000 -9999.000 -9999.000 -9999.000 -9999.000 -9999.000 -9999.000 -9999.000 -9999.000 -9999.000 -9999.000 -9999.000 -9999.000 -9999.000 -9999.000 -9999.000 -9999.000 -9999.000 -9999.000
-9999.000 -9999.000 -9999.000 -9999.000 -9999.000 -9999.000 -9999.000 -9999.000 -9999.000 -9999.000 -9999.000 -9999.000 -9999.000 -9999.000 -9999.000 -0.6780396E-01 -0.3407744E-01 -0.2080448E-01 -0.2112428E-01 -0.3183124E-01 -0.4619968E-01 -0.6183762E-01 -0.7789092E-01 -0.9242120E-01 -0.1063793 -0.1192852 -0.1315765 -0.1462677 -0.1738184 -0.2292664 -0.2292664 -9999.000 -9999.000 -9999.000 -9999.000 -9999.000 -9999.000 -9999.000 -9999.000 -9999.000 -9999.000 -9999.000 -9999.000 -9999.000 -9999.000 -9999.000 -9999.000 -9999.000 -9999.000 -9999.000 -9999.000 -9999.000 -9999.000 -9999.000 -9999.000 -9999.000 -9999.000 -9999.000 -9999.000
-9999.000 -9999.000 -9999.000 -9999.000 -9999.000 -9999.000 -9999.000 -9999.000 -9999.000 -9999.000 -9999.000 -9999.000 -9999.000 -9999.000 -9999.000 -0.6295310E-01 -0.2641948E-01 -0.1199560E-01 -0.1258165E-01 -0.2464533E-01 -0.4066173E-01 -0.5805264E-01 -0.7590911E-01 -0.9201095E-01 -0.1075490 -0.1219103 -0.1356179 -0.1521660 -0.1836722 -0.2525344 -0.2525344 -9999.000 -9999.000 -9999.000 -9999.000 -9999.000 -9999.000 -9999.000 -9999.000 -9999.000 -9999.000 -9999.000 -9999.000 -9999.000 -9999.000 -9999.000 -9999.000 -9999.000 -9999.000 -9999.000 -9999.000 -9999.000 -9999.000 -9999.000 -9999.000 -9999.000 -9999.000 -9999.000 -9999.000
-9999.000 -9999.000 -9999.000 -9999.000 -9999.000 -9999.000 -9999.000 -9999.000 -9999.000 -9999.000 -9999.000 -9999.000 -9999.000 -9999.000 -9999.000 -0.5739615E-01 -0.1821803E-01 -0.2699415E-02 -0.3625515E-02 -0.1713010E-01 -0.3484149E-01 -0.5401817E-01 -0.7370756E-01 -0.9137440E-01 -0.1085102 -0.1243319 -0.1394696 -0.1579696 -0.1938454 -0.2796464 -0.2796464 -9999.000 -9999.000 -9999.000 -9999.000 -9999.000 -9999.000 -9999.000 -9999.000 -9999.000 -9999.000 -9999.000 -9999.000 -9999.000 -9999.000 -9999.000 -9999.000 -9999.000 -9999.000 -9999.000 -9999.000 -9999.000 -9999.000 -9999.000 -9999.000 -9999.000 -9999.000 -9999.000 -9999.000
-9999.000 -9999.000 -9999.000 -9999.000 -9999.000 -9999.000 -9999.000 -9999.000 -9999.000 -9999.000 -9999.000 -9999.000 -9999.000 -9999.000 -9999.000 -0.5043216E-01 -0.8967419E-02 0.7370548E-02 0.5783072E-02 -0.9343431E-02 -0.2880835E-01 -0.4979886E-01 -0.7133622E-01 -0.9053351E-01 -0.1092616 -0.1265189 -0.1430733 -0.1636130 -0.2043397 -0.3119597 -0.3119597 -9999.000 -9999.000 -9999.000 -9999.000 -9999.000 -9999.000 -9999.000 -9999.000 -9999.000 -9999.000 -9999.000 -9999.000 -9999.000 -9999.000 -9999.000 -9999.000 -9999.000 -9999.000 -9999.000 -9999.000 -9999.000 -9999.000 -9999.000 -9999.000 -9999.000 -9999.000 -9999.000 -9999.000
-9999.000 -9999.000 -9999.000 -9999.000 -9999.000 -9999.000 -9999.000 -9999.000 -9999.000 -9999.000 -9999.000 -9999.000 -9999.000 -9999.000 -9999.000 -0.3813522E-02 0.1463124E-01 0.1766010E-01 0.7279408E-02 -0.1080792E-01 -0.3068318E-01 -0.5208324E-01 -0.7412472E-01 -0.9360873E-01 -0.1129000 -0.1307024 -0.1479452 -0.1700055 -0.2154492 -0.3492790 -0.3492790 -9999.000 -9999.000 -9999.000 -9999.000 -9999.000 -9999.000 -9999.000 -9999.000 -9999.000 -9999.000 -9999.000 -9999.000 -9999.000 -9999.000 -9999.000 -9999.000 -9999.000 -9999.000 -9999.000 -9999.000 -9999.000 -9999.000 -9999.000 -9999.000 -9999.000 -9999.000 -9999.000 -9999.000
-0.3789111E-02 -0.3789111E-02 -0.5282533E-02 -0.7207762E-02 -0.6655697E-02 -0.6655697E-02 -0.6468236E-02 -0.6399292E-02 -0.6399292E-02 -0.6393213E-02 -0.6393213E-02 -0.6374605E-02 -0.6360035E-02 -0.6342974E-02 -0.6328375E-02 -0.6328375E-02 0.2969617E-01 0.2463394E-01 0.9501015E-02 -0.1245507E-01 -0.3866659E-01 -0.6806132E-01 -0.9940255E-01 -0.1306873 -0.1612609 -0.1900780 -0.2166972 -0.2427070 -0.2759800 -0.3535614 -0.3535614 -0.1967932 -0.1061325 -0.3704812E-01 -0.2779885E-01 -0.2779885E-01 -0.2087164E-01 -0.2087164E-01 -0.8439060E-02 -0.8439060E-02 0.2712520E-02 0.2706943E-01 0.2706943E-01 0.1422836E-01 0.1422836E-01 -0.3746016E-02 -0.3746016E-02 -0.3746016E-02 -0.5137154E-04 -0.5137154E-04 0.7050016E-03 0.7050016E-03 -0.1307095E-03 -0.1307095E-03 -0.1377718E-02 -0.1377718E-02 -0.2604477E-02 -0.2604477E-02 -0.2604477E-02
-0.5310840E-02 -0.5310840E-02 -0.7182262E-02 -0.1064704E-01 -0.9491606E-02 -0.9491606E-02 -0.9079073E-02 -0.8973710E-02 -0.8973710E-02 -0.9012640E-02 -0.9012640E-02 -0.9016789E-02 -0.9006799E-02 -0.8991654E-02 -0.8993751E-02 -0.8993751E-02 0.2449573E-01 0.2014854E-01 0.4592465E-02 -0.2099531E-01 -0.5518692E-01 -0.9573538E-01 -0.1406834 -0.1884964 -0.2368999 -0.2842885 -0.3289813 -0.3691643 -0.4027138 -0.4268165 -0.4268165 -0.2900216 -0.1932551 -0.1009855 -0.8265121E-01 -0.8265121E-01 -0.5864724E-01 -0.5864724E-01 -0.1623134E-01 -0.1623134E-01 0.1709959E-01 0.8561712E-01 0.8561712E-01 0.8030288E-01 0.8030288E-01 0.1594426E-01 0.1594426E-01 0.1594426E-01 0.6971166E-02 0.6971166E-02 0.1848001E-02 0.1848001E-02 -0.2482500E-02 -0.2482500E-02 -0.6182085E-02 -0.6182085E-02 -0.9026731E-02 -0.9026731E-02 -0.9026731E-02
-0.3266299E-02 -0.3266299E-02 -0.5830328E-02 -0.9293820E-02 -0.8187138E-02 -0.8187138E-02 -0.7669274E-02 -0.7531782E-02 -0.7531782E-02 -0.7625544E-02 -0.7625544E-02 -0.7672865E-02 -0.7678749E-02 -0.7676902E-02 -0.7719605E-02 -0.7719605E-02 0.1566218E-01 0.1144460E-01 -0.4059372E-02 -0.2991106E-01 -0.6499052E-01 -0.1076020 -0.1561101 -0.2092067 -0.2651026 -0.3222414 -0.3789557 -0.4332074 -0.4820717 -0.5186310 -0.5186310 -0.4295107 -0.3455515 -0.2301407 -0.1928708 -0.1928708 -0.1254106 -0.1254106 -0.2398213E-01 -0.2398213E-01 0.4272950E-01 0.1651983 0.1651983 0.1900966 0.1900966 0.6961969E-01 0.6961969E-01 0.6961969E-01 0.2669928E-01 0.2669928E-01 0.4576147E-02 0.4576147E-02 -0.8197043E-02 -0.8197043E-02 -0.1634261E-01 -0.1634261E-01 -0.2124839E-01 -0.2124839E-01 -0.2124839E-01
-0.1230583E-02 -0.1230583E-02 -0.5620042E-02 -0.7612349E-02 -0.6659457E-02 -0.6659457E-02 -0.6137165E-02 -0.5970042E-02 -0.5970042E-02 -0.6069953E-02 -0.6069953E-02 -0.6128207E-02 -0.6139389E-02 -0.6142503E-02 -0.6223111E-02 -0.6223111E-02 0.6746862E-02 0.5463443E-03 -0.1619510E-01 -0.4284018E-01 -0.7846393E-01 -0.1217603 -0.1713659 -0.2261379 -0.2847175 -0.3458272 -0.4081233 -0.4698981 -0.5284527 -0.5770415 -0.5770415 -0.5354129 -0.4756930 -0.3631876 -0.3121588 -0.3121588 -0.1915230 -0.1915230 -0.1684945E-01 -0.1684945E-01 0.7926146E-01 0.2303617 0.2303617 0.2719408 0.2719408 0.1309247 0.1309247 0.1309247 0.5408519E-01 0.5408519E-01 0.1006376E-01 0.1006376E-01 -0.1456128E-01 -0.1456128E-01 -0.2860384E-01 -0.2860384E-01 -0.3581719E-01 -0.3581719E-01 -0.3581719E-01
-0.2063809E-03 -0.2063809E-03 -0.4683228E-02 -0.5824594E-02 -0.5062506E-02 -0.5062506E-02 -0.4606058E-02 -0.4439087E-02 -0.4439087E-02 -0.4525700E-02 -0.4525700E-02 -0.4579530E-02 -0.4591016E-02 -0.4595708E-02 -0.4720353E-02 -0.4720353E-02 -0.2211468E-02 -0.1228545E-01 -0.3186840E-01 -0.6050738E-01 -0.9744329E-01 -0.1416680 -0.1920809 -0.2476918 -0.3074173 -0.3701968 -0.4349408 -0.5003037 -0.5640988 -0.6207108 -0.6207108 -0.6149045 -0.5805926 -0.4811194 -0.4165821 -0.4165821 -0.2299619 -0.2299619 0.1177872E-01 0.1177872E-01 0.1209026 0.2694197 0.2694197 0.3141889 0.3141889 0.1839696 0.1839696 0.1839696 0.8498994E-01 0.8498994E-01 0.1979744E-01 0.1979744E-01 -0.1849681E-01 -0.1849681E-01 -0.3981747E-01 -0.3981747E-01 -0.4991265E-01 -0.4991265E-01 -0.4991265E-01
-0.1678569E-03 -0.1678569E-03 -0.3036259E-02 -0.3909697E-02 -0.3397541E-02 -0.3397541E-02 -0.3070876E-02 -0.2946312E-02 -0.2946312E-02 -0.3013018E-02 -0.3013018E-02 -0.3053392E-02 -0.3061260E-02 -0.3064195E-02 -0.3243058E-02 -0.3243058E-02 -0.1168217E-01 -0.2730192E-01 -0.5141179E-01 -0.8348262E-01 -0.1228193 -0.1686285 -0.2200711 -0.2763653 -0.3366855 -0.4001874 -0.4659888 -0.5330176 -0.5995454 -0.6611331 -0.6611331 -0.6799669 -0.6670048 -0.5742608 -0.4864395 -0.4864395 -0.2212377 -0.2212377 0.5204987E-01 0.5204987E-01 0.1535351 0.2793899 0.2793899 0.3218933 0.3218933 0.2203202 0.2203202 0.2203202 0.1148761 0.1148761 0.3352927E-01 0.3352927E-01 -0.1854136E-01 -0.1854136E-01 -0.4821763E-01 -0.4821763E-01 -0.6190949E-01 -0.6190949E-01 -0.6190949E-01
-0.9402729E-04 -0.9402729E-04 -0.1488105E-02 -0.1964176E-02 -0.1706056E-02 -0.1706056E-02 -0.1535697E-02 -0.1468881E-02 -0.1468881E-02 -0.1504977E-02 -0.1504977E-02 -0.1526553E-02 -0.1530556E-02 -0.1531881E-02 -0.1783994E-02 -0.1783994E-02 -0.2238519E-01 -0.4518174E-01 -0.7555192E-01 -0.1126295 -0.1556474 -0.2039331 -0.2568763 -0.3139389 -0.3745780 -0.4382158 -0.5042112 -0.5717523 -0.6394918 -0.7039016 -0.7039016 -0.7386223 -0.7402636 -0.6292775 -0.4993581 -0.4993581 -0.1684519 -0.1684519 0.8451716E-01 0.8451716E-01 0.1658022 0.2650715 0.2650715 0.3052437 0.3052437 0.2371186 0.2371186 0.2371186 0.1389616 0.1389616 0.4938477E-01 0.4938477E-01 -0.1444929E-01 -0.1444929E-01 -0.5276952E-01 -0.5276952E-01 -0.7063609E-01 -0.7063609E-01 -0.7063609E-01
0.8710761E-07 0.8710761E-07 0.8025366E-07 0.6063253E-07 -0.5788409E-07 -0.5788409E-07 -0.8892673E-07 -0.4961926E-07 -0.4961926E-07 0.4278286E-07 0.4278286E-07 0.1718058E-06 0.1512512E-06 0.1579316E-06 -0.3513911E-03 -0.3513911E-03 -0.3537313E-01 -0.6713163E-01 -0.1055834 -0.1493177 -0.1973826 -0.2491520 -0.3042059 -0.3622594 -0.4230698 -0.4863710 -0.5518197 -0.6189013 -0.6866065 -0.7518977 -0.7518977 -0.7948558 -0.8001434 -0.6219721 -0.4390281 -0.4390281 -0.1005406 -0.1005406 0.9611480E-01 0.9611480E-01 0.1565872 0.2351051 0.2351051 0.2740166 0.2740166 0.2356981 0.2356981 0.2356981 0.1534003 0.1534003 0.6437815E-01 0.6437815E-01 -0.7057727E-02 -0.7057727E-02 -0.5303022E-01 -0.5303022E-01 -0.7517802E-01 -0.7517802E-01 -0.7517802E-01
0.9426555E-04 0.9426555E-04 0.1488246E-02 0.1964188E-02 0.1705939E-02 0.1705939E-02 0.1535418E-02 0.1468888E-02 0.1468888E-02 0.1505111E-02 0.1505111E-02 0.1526850E-02 0.1530895E-02 0.1532122E-02 0.1044390E-02 0.1044390E-02 -0.5220328E-01 -0.9507974E-01 -0.1435947 -0.1956718 -0.2501283 -0.3063653 -0.3641443 -0.4234405 -0.4843229 -0.5468609 -0.6110498 -0.6767089 -0.7430860 -0.8067446 -0.8067446 -0.8482201 -0.8349438 -0.5298619 -0.3224139 -0.3224139 -0.4944700E-01 -0.4944700E-01 0.8767405E-01 0.8767405E-01 0.1329264 0.1976447 0.1976447 0.2353292 0.2353292 0.2196067 0.2196067 0.2196067 0.1562413 0.1562413 0.7530534E-01 0.7530534E-01 0.1963586E-02 0.1963586E-02 -0.4915116E-01 -0.4915116E-01 -0.7491064E-01 -0.7491064E-01 -0.7491064E-01
0.1679918E-03 0.1679918E-03 0.3036290E-02 0.3909627E-02 0.3397334E-02 0.3397334E-02 0.3070585E-02 0.2946347E-02 0.2946347E-02 0.3013276E-02 0.3013276E-02 0.3053682E-02 0.3061586E-02 0.3064233E-02 0.2390278E-02 0.2390278E-02 -0.7531512E-01 -0.1320715 -0.1928512 -0.2549295 -0.3169655 -0.3784588 -0.4394026 -0.5000662 -0.5608456 -0.6221569 -0.6843519 -0.7475817 -0.8110272 -0.8681989 -0.8681989 -0.8882734 -0.8092324 -0.3728468 -0.2024664 -0.2024664 -0.2599583E-01 -0.2599583E-01 0.6817052E-01 0.6817052E-01 0.1034840 0.1582852 0.1582852 0.1935952 0.1935952 0.1928929 0.1928929 0.1928929 0.1475816 0.1475816 0.7968108E-01 0.7968108E-01 0.1051636E-01 0.1051636E-01 -0.4184849E-01 -0.4184849E-01 -0.6957972E-01 -0.6957972E-01 -0.6957972E-01
0.2064276E-03 0.2064276E-03 0.4683100E-02 0.5824717E-02 0.5062282E-02 0.5062282E-02 0.4605908E-02 0.4439205E-02 0.4439205E-02 0.4526057E-02 0.4526057E-02 0.4579657E-02 0.4591316E-02 0.4595735E-02 0.3666964E-02 0.3666964E-02 -0.1087838 -0.1830279 -0.2584754 -0.3320276 -0.4024538 -0.4695551 -0.5336885 -0.5954948 -0.6557339 -0.7151767 -0.7745289 -0.8341783 -0.8919590 -0.9288952 -0.9288952 -0.8761350 -0.6669796 -0.2207828 -0.1219230 -0.1219230 -0.2118132E-01 -0.2118132E-01 0.4606164E-01 0.4606164E-01 0.7416161E-01 0.1200178 0.1200178 0.1513108 0.1513108 0.1591949 0.1591949 0.1591949 0.1290736 0.1290736 0.7638575E-01 0.7638575E-01 0.1667661E-01 0.1667661E-01 -0.3221825E-01 -0.3221825E-01 -0.5936311E-01 -0.5936311E-01 -0.5936311E-01
0.1230613E-02 0.1230613E-02 0.5620047E-02 0.7612238E-02 0.6659258E-02 0.6659258E-02 0.6137060E-02 0.5970038E-02 0.5970038E-02 0.6070191E-02 0.6070191E-02 0.6128437E-02 0.6139575E-02 0.6142583E-02 0.4859580E-02 0.4859580E-02 -0.1598957 -0.2562409 -0.3487232 -0.4346544 -0.5134966 -0.5857329 -0.6523150 -0.7143817 -0.7731131 -0.8296479 -0.8850290 -0.9394522 -0.9838501 -0.9522591 -0.9522591 -0.7282515 -0.4133879 -0.1252003 -0.8225743E-01 -0.8225743E-01 -0.2240514E-01 -0.2240514E-01 0.2615003E-01 0.2615003E-01 0.4785170E-01 0.8424202E-01 0.8424202E-01 0.1099544 0.1099544 0.1214966 0.1214966 0.1214966 0.1031978 0.1031978 0.6578228E-01 0.6578228E-01 0.1927936E-01 0.1927936E-01 -0.2144445E-01 -0.2144445E-01 -0.4491083E-01 -0.4491083E-01 -0.4491083E-01
