simulation_files/asc/Velocity__x_293.0.asc
NCOLS        79
NROWS        79
XLLCENTER         -1.500000
YLLCENTER         -4.800000
CELLSIZE           0.100
NODATA_VALUE     -9999.0
[rows 0 to 25 of 79, columns 0 to 57 of 79]
-9999.000 -9999.000 -9999.000 -9999.000 -9999.000 -9999.000 -9999.000 -9999.000 -9999.000 -9999.000 -9999.000 -9999.000 -9999.000 -9999.000 -9999.000 -0.2300018E-03 0.1209475E-02 0.4838223E-02 0.8885375E-02 0.1247912E-01 0.1529407E-01 0.1723822E-01 0.1831060E-01 0.1858537E-01 0.1815282E-01 0.1708669E-01 0.1543092E-01 0.1305973E-01 0.9269759E-02 0.4554419E-02 0.4554419E-02 -9999.000 -9999.000 -9999.000 -9999.000 -9999.000 -9999.000 -9999.000 -9999.000 -9999.000 -9999.000 -9999.000 -9999.000 -9999.000 -9999.000 -9999.000 -9999.000 -9999.000 -9999.000 -9999.000 -9999.000 -9999.000 -9999.000 -9999.000 -9999.000 -9999.000 -9999.000 -9999.000
-9999.000 -9999.000 -9999.000 -9999.000 -9999.000 -9999.000 -9999.000 -9999.000 -9999.000 -9999.000 -9999.000 -9999.000 -9999.000 -9999.000 -9999.000 0.9949849E-03 0.3648489E-02 0.8390876E-02 0.1344879E-01 0.1795908E-01 0.2154373E-01 0.2405002E-01 0.2542625E-01 0.2570733E-01 0.2495956E-01 0.2324785E-01 0.2062313E-01 0.1699836E-01 0.1180041E-01 0.5779619E-02 0.5779619E-02 -9999.000 -9999.000 -9999.000 -9999.000 -9999.000 -9999.000 -9999.000 -9999.000 -9999.000 -9999.000 -9999.000 -9999.000 -9999.000 -9999.000 -9999.000 -9999.000 -9999.000 -9999.000 -9999.000 -9999.000 -9999.000 -9999.000 -9999.000 -9999.000 -9999.000 -9999.000 -9999.000
-9999.000 -9999.000 -9999.000 -9999.000 -9999.000 -9999.000 -9999.000 -9999.000 -9999.000 -9999.000 -9999.000 -9999.000 -9999.000 -9999.000 -9999.000 0.1536758E-02 0.4805294E-02 0.1023330E-01 0.1592275E-01 0.2097300E-01 0.2498322E-01 0.2778296E-01 0.2930700E-01 0.2958318E-01 0.2867620E-01 0.2665560E-01 0.2358305E-01 0.1938371E-01 0.1347852E-01 0.6639588E-02 0.6639588E-02 -9999.000 -9999.000 -9999.000 -9999.000 -9999.000 -9999.000 -9999.000 -9999.000 -9999.000 -9999.000 -9999.000 -9999.000 -9999.000 -9999.000 -9999.000 -9999.000 -9999.000 -9999.000 -9999.000 -9999.000 -9999.000 -9999.000 -9999.000 -9999.000 -9999.000 -9999.000 -9999.000
-9999.000 -9999.000 -9999.000 -9999.000 -9999.000 -9999.000 -9999.000 -9999.000 -9999.000 -9999.000 -9999.000 -9999.000 -9999.000 -9999.000 -9999.000 0.1852213E-02 0.5493980E-02 0.1135569E-01 0.1745328E-01 0.2285443E-01 0.2714390E-01 0.3014168E-01 0.3177593E-01 0.3207304E-01 0.3109802E-01 0.2892321E-01 0.2561495E-01 0.2109710E-01 0.1476076E-01 0.7326941E-02 0.7326941E-02 -9999.000 -9999.000 -9999.000 -9999.000 -9999.000 -9999.000 -9999.000 -9999.000 -9999.000 -9999.000 -9999.000 -9999.000 -9999.000 -9999.000 -9999.000 -9999.000 -9999.000 -9999.000 -9999.000 -9999.000 -9999.000 -9999.000 -9999.000 -9999.000 -9999.000 -9999.000 -9999.000
-9999.000 -9999.000 -9999.000 -9999.000 -9999.000 -9999.000 -9999.000 -9999.000 -9999.000 -9999.000 -9999.000 -9999.000 -9999.000 -9999.000 -9999.000 0.2083555E-02 0.6003851E-02 0.1219412E-01 0.1860294E-01 0.2427314E-01 0.2877986E-01 0.3193758E-01 0.3367120E-01 0.3400711E-01 0.3301089E-01 0.3075583E-01 0.2731039E-01 0.2259035E-01 0.1594162E-01 0.7984117E-02 0.7984117E-02 -9999.000 -9999.000 -9999.000 -9999.000 -9999.000 -9999.000 -9999.000 -9999.000 -9999.000 -9999.000 -9999.000 -9999.000 -9999.000 -9999.000 -9999.000 -9999.000 -9999.000 -9999.000 -9999.000 -9999.000 -9999.000 -9999.000 -9999.000 -9999.000 -9999.000 -9999.000 -9999.000
-9999.000 -9999.000 -9999.000 -9999.000 -9999.000 -9999.000 -9999.000 -9999.000 -9999.000 -9999.000 -9999.000 -9999.000 -9999.000 -9999.000 -9999.000 0.2294125E-02 0.6466303E-02 0.1295067E-01 0.1963652E-01 0.2554542E-01 0.3024683E-01 0.3355284E-01 0.3538568E-01 0.3577367E-01 0.3478298E-01 0.3248732E-01 0.2895508E-01 0.2408961E-01 0.1717845E-01 0.8691537E-02 0.8691537E-02 -9999.000 -9999.000 -9999.000 -9999.000 -9999.000 -9999.000 -9999.000 -9999.000 -9999.000 -9999.000 -9999.000 -9999.000 -9999.000 -9999.000 -9999.000 -9999.000 -9999.000 -9999.000 -9999.000 -9999.000 -9999.000 -9999.000 -9999.000 -9999.000 -9999.000 -9999.000 -9999.000
-9999.000 -9999.000 -9999.000 -9999.000 -9999.000 -9999.000 -9999.000 -9999.000 -9999.000 -9999.000 -9999.000 -9999.000 -9999.000 -9999.000 -9999.000 0.2514237E-02 0.6944492E-02 0.1372224E-01 0.2068102E-01 0.2682343E-01 0.3171699E-01 0.3517235E-01 0.3711085E-01 0.3756415E-01 0.3659928E-01 0.3428893E-01 0.3070140E-01 0.2572344E-01 0.1856872E-01 0.9502547E-02 0.9502547E-02 -9999.000 -9999.000 -9999.000 -9999.000 -9999.000 -9999.000 -9999.000 -9999.000 -9999.000 -9999.000 -9999.000 -9999.000 -9999.000 -9999.000 -9999.000 -9999.000 -9999.000 -9999.000 -9999.000 -9999.000 -9999.000 -9999.000 -9999.000 -9999.000 -9999.000 -9999.000 -9999.000
-9999.000 -9999.000 -9999.000 -9999.000 -9999.000 -9999.000 -9999.000 -9999.000 -9999.000 -9999.000 -9999.000 -9999.000 -9999.000 -9999.000 -9999.000 0.2760190E-02 0.7471607E-02 0.1456038E-01 0.2180319E-01 0.2818700E-01 0.3328044E-01 0.3689491E-01 0.3895165E-01 0.3948589E-01 0.3856613E-01 0.3626466E-01 0.3264831E-01 0.2758257E-01 0.2019180E-01 0.1046527E-01 0.1046527E-01 -9999.000 -9999.000 -9999.000 -9999.000 -9999.000 -9999.000 -9999.000 -9999.000 -9999.000 -9999.000 -9999.000 -9999.000 -9999.000 -9999.000 -9999.000 -9999.000 -9999.000 -9999.000 -9999.000 -9999.000 -9999.000 -9999.000 -9999.000 -9999.000 -9999.000 -9999.000 -9999.000
-9999.000 -9999.000 -9999.000 -9999.000 -9999.000 -9999.000 -9999.000 -9999.000 -9999.000 -9999.000 -9999.000 -9999.000 -9999.000 -9999.000 -9999.000 0.3041853E-02 0.8068937E-02 0.1549735E-01 0.2304583E-01 0.2968756E-01 0.3499614E-01 0.3878559E-01 0.4097775E-01 0.4161392E-01 0.4076314E-01 0.3849681E-01 0.3488038E-01 0.2975345E-01 0.2213128E-01 0.1163256E-01 0.1163256E-01 -9999.000 -9999.000 -9999.000 -9999.000 -9999.000 -9999.000 -9999.000 -9999.000 -9999.000 -9999.000 -9999.000 -9999.000 -9999.000 -9999.000 -9999.000 -9999.000 -9999.000 -9999.000 -9999.000 -9999.000 -9999.000 -9999.000 -9999.000 -9999.000 -9999.000 -9999.000 -9999.000
-9999.000 -9999.000 -9999.000 -9999.000 -9999.000 -9999.000 -9999.000 -9999.000 -9999.000 -9999.000 -9999.000 -9999.000 -9999.000 -9999.000 -9999.000 0.3368262E-02 0.8754743E-02 0.1656119E-01 0.2444512E-01 0.3136913E-01 0.3691546E-01 0.4090264E-01 0.4325446E-01 0.4401926E-01 0.4326808E-01 0.4107086E-01 0.3749158E-01 0.3233763E-01 0.2449276E-01 0.1307420E-01 0.1307420E-01 -9999.000 -9999.000 -9999.000 -9999.000 -9999.000 -9999.000 -9999.000 -9999.000 -9999.000 -9999.000 -9999.000 -9999.000 -9999.000 -9999.000 -9999.000 -9999.000 -9999.000 -9999.000 -9999.000 -9999.000 -9999.000 -9999.000 -9999.000 -9999.000 -9999.000 -9999.000 -9999.000
-9999.000 -9999.000 -9999.000 -9999.000 -9999.000 -9999.000 -9999.000 -9999.000 -9999.000 -9999.000 -9999.000 -9999.000 -9999.000 -9999.000 -9999.000 0.3748275E-02 0.9547848E-02 0.1778146E-01 0.2604049E-01 0.3327985E-01 0.3909529E-01 0.4331164E-01 0.4585579E-01 0.4678624E-01 0.4617577E-01 0.4409376E-01 0.4060237E-01 0.3546994E-01 0.2742093E-01 0.1488766E-01 0.1488766E-01 -9999.000 -9999.000 -9999.000 -9999.000 -9999.000 -9999.000 -9999.000 -9999.000 -9999.000 -9999.000 -9999.000 -9999.000 -9999.000 -9999.000 -9999.000 -9999.000 -9999.000 -9999.000 -9999.000 -9999.000 -9999.000 -9999.000 -9999.000 -9999.000 -9999.000 -9999.000 -9999.000
-9999.000 -9999.000 -9999.000 -9999.000 -9999.000 -9999.000 -9999.000 -9999.000 -9999.000 -9999.000 -9999.000 -9999.000 -9999.000 -9999.000 -9999.000 0.4193286E-02 0.1047270E-01 0.1919674E-01 0.2788322E-01 0.3548322E-01 0.4161035E-01 0.4609880E-01 0.4888105E-01 0.5002819E-01 0.4961579E-01 0.4771344E-01 0.4438252E-01 0.3934415E-01 0.3112716E-01 0.1721548E-01 0.1721548E-01 -9999.000 -9999.000 -9999.000 -9999.000 -9999.000 -9999.000 -9999.000 -9999.000 -9999.000 -9999.000 -9999.000 -9999.000 -9999.000 -9999.000 -9999.000 -9999.000 -9999.000 -9999.000 -9999.000 -9999.000 -9999.000 -9999.000 -9999.000 -9999.000 -9999.000 -9999.000 -9999.000
-9999.000 -9999.000 -9999.000 -9999.000 -9999.000 -9999.000 -9999.000 -9999.000 -9999.000 -9999.000 -9999.000 -9999.000 -9999.000 -9999.000 -9999.000 0.4720836E-02 0.1156629E-01 0.2086551E-01 0.3005148E-01 0.3807441E-01 0.4457298E-01 0.4939394E-01 0.5247797E-01 0.5391316E-01 0.5377977E-01 0.5214979E-01 0.4908467E-01 0.4424865E-01 0.3593219E-01 0.2027621E-01 0.2027621E-01 -9999.000 -9999.000 -9999.000 -9999.000 -9999.000 -9999.000 -9999.000 -9999.000 -9999.000 -9999.000 -9999.000 -9999.000 -9999.000 -9999.000 -9999.000 -9999.000 -9999.000 -9999.000 -9999.000 -9999.000 -9999.000 -9999.000 -9999.000 -9999.000 -9999.000 -9999.000 -9999.000
-9999.000 -9999.000 -9999.000 -9999.000 -9999.000 -9999.000 -9999.000 -9999.000 -9999.000 -9999.000 -9999.000 -9999.000 -9999.000 -9999.000 -9999.000 0.5757696E-02 0.1371053E-01 0.2404300E-01 0.3370923E-01 0.4214538E-01 0.4897915E-01 0.5409220E-01 0.5744889E-01 0.5916772E-01 0.5933839E-01 0.5803774E-01 0.5532969E-01 0.5080710E-01 0.4246179E-01 0.2449287E-01 0.2449287E-01 -9999.000 -9999.000 -9999.000 -9999.000 -9999.000 -9999.000 -9999.000 -9999.000 -9999.000 -9999.000 -9999.000 -9999.000 -9999.000 -9999.000 -9999.000 -9999.000 -9999.000 -9999.000 -9999.000 -9999.000 -9999.000 -9999.000 -9999.000 -9999.000 -9999.000 -9999.000 -9999.000
-9999.000 -9999.000 -9999.000 -9999.000 -9999.000 -9999.000 -9999.000 -9999.000 -9999.000 -9999.000 -9999.000 -9999.000 -9999.000 -9999.000 -9999.000 0.6340396E-01 0.9555665E-01 0.1088210 0.1014862 0.9605011E-01 0.9091790E-01 0.8574619E-01 0.8061888E-01 0.7561839E-01 0.7063226E-01 0.6557505E-01 0.6029211E-01 0.5409075E-01 0.4454775E-01 0.2206329E-01 0.2206329E-01 -9999.000 -9999.000 -9999.000 -9999.000 -9999.000 -9999.000 -9999.000 -9999.000 -9999.000 -9999.000 -9999.000 -9999.000 -9999.000 -9999.000 -9999.000 -9999.000 -9999.000 -9999.000 -9999.000 -9999.000 -9999.000 -9999.000 -9999.000 -9999.000 -9999.000 -9999.000 -9999.000
2.780347 2.780347 2.755602 2.801692 2.810289 2.810289 2.813137 2.813768 2.813768 2.810801 2.810801 2.805389 2.802008 2.798268 2.794424 2.794424 2.908996 2.912313 2.913383 2.892514 2.850820 2.787747 2.701734 2.592780 2.464029 2.316587 2.154664 1.988103 1.842384 1.785236 1.785236 2.635028 2.809829 2.906895 2.930279 2.930279 2.959409 2.959409 2.934514 2.934514 2.886037 2.693279 2.693279 2.266784 2.266784 2.019090 2.019090 2.019090 2.013666 2.013666 2.049690 2.049690 2.098523 2.098523 2.148114 2.148114 2.191674 2.191674
2.803807 2.803807 2.783728 2.851476 2.870932 2.870932 2.885255 2.908203 2.908203 2.927154 2.927154 2.943448 2.950848 2.957847 2.964682 2.964682 3.050401 3.066870 3.081460 3.090541 3.093944 3.090155 3.076415 3.049895 3.008710 2.950520 2.874302 2.781502 2.679337 2.607188 2.607188 3.066180 3.226462 3.377773 3.418059 3.418059 3.462352 3.462352 3.459437 3.459437 3.435184 3.325274 3.325274 3.092121 3.092121 2.844372 2.844372 2.844372 2.837469 2.837469 2.875471 2.875471 2.927418 2.927418 2.979608 2.979608 3.026362 3.026362
2.810011 2.810011 2.781403 2.852242 2.871307 2.871307 2.886021 2.909564 2.909564 2.929071 2.929071 2.946037 2.953822 2.961233 2.968527 2.968527 3.045968 3.073608 3.098927 3.120077 3.136734 3.148541 3.154561 3.153545 3.144388 3.125357 3.094861 3.052492 3.001573 2.964932 2.964932 3.230368 3.386658 3.564859 3.615908 3.615908 3.666537 3.666537 3.653119 3.653119 3.621600 3.517595 3.517595 3.360184 3.360184 3.139966 3.139966 3.139966 3.117058 3.117058 3.143641 3.143641 3.187425 3.187425 3.233490 3.233490 3.275606 3.275606
2.815020 2.815020 2.781633 2.852493 2.870920 2.870920 2.885834 2.909622 2.909622 2.929127 2.929127 2.946082 2.953870 2.961289 2.968641 2.968641 3.041522 3.078756 3.114069 3.145040 3.170698 3.190674 3.204628 3.212205 3.213234 3.207259 3.193700 3.172458 3.145654 3.127906 3.127906 3.290949 3.430338 3.617170 3.673889 3.673889 3.721371 3.721371 3.686651 3.686651 3.645888 3.552758 3.552758 3.454257 3.454257 3.281560 3.281560 3.281560 3.244367 3.244367 3.257583 3.257583 3.293277 3.293277 3.334659 3.334659 3.373677 3.373677
2.818880 2.818880 2.782055 2.852878 2.870622 2.870622 2.885645 2.909660 2.909660 2.929160 2.929160 2.946090 2.953874 2.961292 2.968716 2.968716 3.041126 3.086775 3.131213 3.171152 3.205077 3.232363 3.252709 3.265976 3.272260 3.271671 3.264332 3.250717 3.232774 3.220626 3.220626 3.321701 3.437488 3.615207 3.668115 3.668115 3.692140 3.692140 3.630464 3.630464 3.589314 3.527195 3.527195 3.482972 3.482972 3.368068 3.368068 3.368068 3.323573 3.323573 3.322208 3.322208 3.347339 3.347339 3.382447 3.382447 3.417485 3.417485
2.821615 2.821615 2.782482 2.853235 2.870420 2.870420 2.885489 2.909688 2.909688 2.929186 2.929186 2.946095 2.953874 2.961291 2.968824 2.968824 3.045758 3.099208 3.151884 3.199814 3.241160 3.275116 3.301337 3.319714 3.330358 3.333507 3.329510 3.319048 3.303905 3.291342 3.291342 3.350473 3.438974 3.587193 3.621741 3.621741 3.599368 3.599368 3.525784 3.525784 3.500049 3.484101 3.484101 3.485317 3.485317 3.426923 3.426923 3.426923 3.384890 3.384890 3.371588 3.371588 3.384450 3.384450 3.410955 3.410955 3.440149 3.440149
2.823247 2.823247 2.782789 2.853478 2.870307 2.870307 2.885392 2.909716 2.909716 2.929227 2.929227 2.946136 2.953922 2.961349 2.969048 2.969048 3.056372 3.117550 3.177668 3.232513 3.280187 3.319860 3.351194 3.374102 3.388675 3.395138 3.393846 3.385435 3.371365 3.356715 3.356715 3.386083 3.445340 3.536677 3.532999 3.532999 3.457840 3.457840 3.408989 3.408989 3.410358 3.440586 3.440586 3.475352 3.475352 3.465455 3.465455 3.465455 3.434480 3.434480 3.415062 3.415062 3.416214 3.416214 3.432353 3.432353 3.453696 3.453696
2.823789 2.823789 2.782898 2.853563 2.870270 2.870270 2.885359 2.909724 2.909724 2.929240 2.929240 2.946151 2.953941 2.961373 2.969295 2.969295 3.073905 3.143101 3.209960 3.270560 3.323255 3.367381 3.402724 3.429271 3.447126 3.456484 3.457634 3.451073 3.437851 3.421144 3.421144 3.428499 3.455673 3.448385 3.389823 3.389823 3.296023 3.296023 3.306622 3.306622 3.335023 3.400407 3.400407 3.458221 3.458221 3.487157 3.487157 3.487157 3.472346 3.472346 3.453532 3.453532 3.445813 3.445813 3.451050 3.451050 3.462845 3.462845
2.823248 2.823248 2.782788 2.853477 2.870306 2.870306 2.885392 2.909715 2.909715 2.929226 2.929226 2.946136 2.953923 2.961349 2.969573 2.969573 3.099838 3.177526 3.250418 3.315472 3.371640 3.418657 3.456562 3.485502 3.505653 3.517203 3.520374 3.515501 3.503166 3.484468 3.484468 3.472770 3.458121 3.297001 3.194892 3.194892 3.152070 3.152070 3.229227 3.229227 3.276106 3.363662 3.363662 3.436924 3.436924 3.495584 3.495584 3.495584 3.498240 3.498240 3.485500 3.485500 3.473084 3.473084 3.468298 3.468298 3.469532 3.469532
2.821616 2.821616 2.782481 2.853235 2.870420 2.870420 2.885490 2.909688 2.909688 2.929187 2.929187 2.946095 2.953874 2.961291 2.969925 2.969925 3.136392 3.222955 3.300933 3.368840 3.426611 3.474615 3.513297 3.543049 3.564174 3.576897 3.581389 3.577825 3.566134 3.543983 3.543983 3.507078 3.422026 3.077134 2.988510 2.988510 3.047626 3.047626 3.168883 3.168883 3.225883 3.326782 3.326782 3.410939 3.410939 3.492018 3.492018 3.492018 3.510871 3.510871 3.507362 3.507362 3.494482 3.494482 3.481763 3.481763 3.472417 3.472417
2.818880 2.818880 2.782055 2.852879 2.870623 2.870623 2.885645 2.909660 2.909660 2.929159 2.929159 2.946090 2.953874 2.961292 2.970516 2.970516 3.186999 3.282285 3.363779 3.432350 3.489355 3.536026 3.573339 3.601999 3.622480 3.635064 3.639900 3.636963 3.624802 3.592270 3.592270 3.500837 3.289934 2.838153 2.828867 2.828867 2.973935 2.973935 3.115576 3.115576 3.177765 3.287115 3.287115 3.379272 3.379272 3.476873 3.476873 3.476873 3.509236 3.509236 3.515743 3.515743 3.505255 3.505255 3.487217 3.487217 3.468212 3.468212
