simulation_files/asc/Velocity____206.0.asc
NCOLS        79
NROWS        79
XLLCENTER         -1.500000
YLLCENTER         -4.800000
CELLSIZE           0.100
NODATA_VALUE     -9999.0
[rows 0 to 26 of 79, columns 0 to 59 of 79]
-9999.000 -9999.000 -9999.000 -9999.000 -9999.000 -9999.000 -9999.000 -9999.000 -9999.000 -9999.000 -9999.000 -9999.000 -9999.000 -9999.000 -9999.000 0.8815751E-01 0.8471701E-01 0.8313747E-01 0.8254538E-01 0.8341678E-01 0.8492509E-01 0.8645217E-01 0.8775437E-01 0.8872088E-01 0.8928967E-01 0.8957968E-01 0.8967963E-01 0.8978833E-01 0.9048907E-01 0.9145772E-01 0.9145772E-01 -9999.000 -9999.000 -9999.000 -9999.000 -9999.000 -9999.000 -9999.000 -9999.000 -9999.000 -9999.000 -9999.000 -9999.000 -9999.000 -9999.000 -9999.000 -9999.000 -9999.000 -9999.000 -9999.000 -9999.000 -9999.000 -9999.000 -9999.000 -9999.000 -9999.000 -9999.000 -9999.000 -9999.000 -9999.000
-9999.000 -9999.000 -9999.000 -9999.000 -9999.000 -9999.000 -9999.000 -9999.000 -9999.000 -9999.000 -9999.000 -9999.000 -9999.000 -9999.000 -9999.000 0.8955932E-01 0.8229978E-01 0.7908356E-01 0.7793360E-01 0.7968253E-01 0.8264305E-01 0.8565554E-01 0.8830069E-01 0.9038045E-01 0.9174708E-01 0.9261031E-01 0.9312992E-01 0.9371801E-01 0.9564438E-01 0.9837581E-01 0.9837581E-01 -9999.000 -9999.000 -9999.000 -9999.000 -9999.000 -9999.000 -9999.000 -9999.000 -9999.000 -9999.000 -9999.000 -9999.000 -9999.000 -9999.000 -9999.000 -9999.000 -9999.000 -9999.000 -9999.000 -9999.000 -9999.000 -9999.000 -9999.000 -9999.000 -9999.000 -9999.000 -9999.000 -9999.000 -9999.000
-9999.000 -9999.000 -9999.000 -9999.000 -9999.000 -9999.000 -9999.000 -9999.000 -9999.000 -9999.000 -9999.000 -9999.000 -9999.000 -9999.000 -9999.000 0.9019130E-01 0.7873816E-01 0.7357772E-01 0.7170547E-01 0.7438434E-01 0.7894477E-01 0.8363744E-01 0.8788096E-01 0.9140307E-01 0.9396449E-01 0.9586342E-01 0.9730408E-01 0.9889233E-01 0.1026142 0.1079318 0.1079318 -9999.000 -9999.000 -9999.000 -9999.000 -9999.000 -9999.000 -9999.000 -9999.000 -9999.000 -9999.000 -9999.000 -9999.000 -9999.000 -9999.000 -9999.000 -9999.000 -9999.000 -9999.000 -9999.000 -9999.000 -9999.000 -9999.000 -9999.000 -9999.000 -9999.000 -9999.000 -9999.000 -9999.000 -9999.000
-9999.000 -9999.000 -9999.000 -9999.000 -9999.000 -9999.000 -9999.000 -9999.000 -9999.000 -9999.000 -9999.000 -9999.000 -9999.000 -9999.000 -9999.000 0.9038243E-01 0.7471392E-01 0.6758625E-01 0.6500155E-01 0.6863864E-01 0.7480445E-01 0.8118124E-01 0.8705699E-01 0.9209886E-01 0.9597266E-01 0.9905978E-01 0.1015907 0.1043530 0.1100650 0.1184739 0.1184739 -9999.000 -9999.000 -9999.000 -9999.000 -9999.000 -9999.000 -9999.000 -9999.000 -9999.000 -9999.000 -9999.000 -9999.000 -9999.000 -9999.000 -9999.000 -9999.000 -9999.000 -9999.000 -9999.000 -9999.000 -9999.000 -9999.000 -9999.000 -9999.000 -9999.000 -9999.000 -9999.000 -9999.000 -9999.000
-9999.000 -9999.000 -9999.000 -9999.000 -9999.000 -9999.000 -9999.000 -9999.000 -9999.000 -9999.000 -9999.000 -9999.000 -9999.000 -9999.000 -9999.000 0.9034394E-01 0.7039424E-01 0.6128207E-01 0.5803015E-01 0.6268898E-01 0.7047644E-01 0.7853606E-01 0.8605850E-01 0.9266104E-01 0.9790832E-01 0.1022645 0.1059752 0.1100099 0.1178559 0.1298680 0.1298680 -9999.000 -9999.000 -9999.000 -9999.000 -9999.000 -9999.000 -9999.000 -9999.000 -9999.000 -9999.000 -9999.000 -9999.000 -9999.000 -9999.000 -9999.000 -9999.000 -9999.000 -9999.000 -9999.000 -9999.000 -9999.000 -9999.000 -9999.000 -9999.000 -9999.000 -9999.000 -9999.000 -9999.000 -9999.000
-9999.000 -9999.000 -9999.000 -9999.000 -9999.000 -9999.000 -9999.000 -9999.000 -9999.000 -9999.000 -9999.000 -9999.000 -9999.000 -9999.000 -9999.000 0.9013305E-01 0.6583285E-01 0.5473860E-01 0.5091876E-01 0.5669558E-01 0.6611580E-01 0.7584247E-01 0.8501004E-01 0.9319194E-01 0.9984414E-01 0.1055166 0.1104597 0.1158319 0.1259406 0.1421365 0.1421365 -9999.000 -9999.000 -9999.000 -9999.000 -9999.000 -9999.000 -9999.000 -9999.000 -9999.000 -9999.000 -9999.000 -9999.000 -9999.000 -9999.000 -9999.000 -9999.000 -9999.000 -9999.000 -9999.000 -9999.000 -9999.000 -9999.000 -9999.000 -9999.000 -9999.000 -9999.000 -9999.000 -9999.000 -9999.000
-9999.000 -9999.000 -9999.000 -9999.000 -9999.000 -9999.000 -9999.000 -9999.000 -9999.000 -9999.000 -9999.000 -9999.000 -9999.000 -9999.000 -9999.000 0.8974242E-01 0.6103283E-01 0.4798886E-01 0.4378202E-01 0.5079786E-01 0.6183324E-01 0.7318592E-01 0.8397949E-01 0.9374503E-01 0.1018172 0.1088362 0.1150468 0.1218083 0.1343125 0.1553886 0.1553886 -9999.000 -9999.000 -9999.000 -9999.000 -9999.000 -9999.000 -9999.000 -9999.000 -9999.000 -9999.000 -9999.000 -9999.000 -9999.000 -9999.000 -9999.000 -9999.000 -9999.000 -9999.000 -9999.000 -9999.000 -9999.000 -9999.000 -9999.000 -9999.000 -9999.000 -9999.000 -9999.000 -9999.000 -9999.000
-9999.000 -9999.000 -9999.000 -9999.000 -9999.000 -9999.000 -9999.000 -9999.000 -9999.000 -9999.000 -9999.000 -9999.000 -9999.000 -9999.000 -9999.000 0.8913396E-01 0.5597534E-01 0.4106144E-01 0.3679124E-01 0.4516839E-01 0.5773446E-01 0.7063119E-01 0.8301132E-01 0.9435243E-01 0.1038481 0.1122346 0.1197391 0.1279369 0.1429831 0.1697960 0.1697960 -9999.000 -9999.000 -9999.000 -9999.000 -9999.000 -9999.000 -9999.000 -9999.000 -9999.000 -9999.000 -9999.000 -9999.000 -9999.000 -9999.000 -9999.000 -9999.000 -9999.000 -9999.000 -9999.000 -9999.000 -9999.000 -9999.000 -9999.000 -9999.000 -9999.000 -9999.000 -9999.000 -9999.000 -9999.000
-9999.000 -9999.000 -9999.000 -9999.000 -9999.000 -9999.000 -9999.000 -9999.000 -9999.000 -9999.000 -9999.000 -9999.000 -9999.000 -9999.000 -9999.000 0.8825161E-01 0.5063040E-01 0.3401367E-01 0.3028033E-01 0.4006607E-01 0.5394490E-01 0.6824271E-01 0.8214363E-01 0.9503904E-01 0.1059520 0.1157204 0.1245385 0.1342181 0.1519723 0.1855937 0.1855937 -9999.000 -9999.000 -9999.000 -9999.000 -9999.000 -9999.000 -9999.000 -9999.000 -9999.000 -9999.000 -9999.000 -9999.000 -9999.000 -9999.000 -9999.000 -9999.000 -9999.000 -9999.000 -9999.000 -9999.000 -9999.000 -9999.000 -9999.000 -9999.000 -9999.000 -9999.000 -9999.000 -9999.000 -9999.000
-9999.000 -9999.000 -9999.000 -9999.000 -9999.000 -9999.000 -9999.000 -9999.000 -9999.000 -9999.000 -9999.000 -9999.000 -9999.000 -9999.000 -9999.000 0.8702528E-01 0.4496379E-01 0.2699840E-01 0.2495228E-01 0.3589365E-01 0.5062847E-01 0.6609578E-01 0.8141800E-01 0.9583085E-01 0.1081434 0.1193016 0.1294473 0.1406537 0.1613054 0.2030911 0.2030911 -9999.000 -9999.000 -9999.000 -9999.000 -9999.000 -9999.000 -9999.000 -9999.000 -9999.000 -9999.000 -9999.000 -9999.000 -9999.000 -9999.000 -9999.000 -9999.000 -9999.000 -9999.000 -9999.000 -9999.000 -9999.000 -9999.000 -9999.000 -9999.000 -9999.000 -9999.000 -9999.000 -9999.000 -9999.000
-9999.000 -9999.000 -9999.000 -9999.000 -9999.000 -9999.000 -9999.000 -9999.000 -9999.000 -9999.000 -9999.000 -9999.000 -9999.000 -9999.000 -9999.000 0.8537069E-01 0.3894119E-01 0.2045210E-01 0.2212755E-01 0.3322882E-01 0.4800189E-01 0.6428741E-01 0.8088715E-01 0.9676044E-01 0.1104419 0.1229893 0.1344696 0.1472467 0.1710115 0.2227003 0.2227003 -9999.000 -9999.000 -9999.000 -9999.000 -9999.000 -9999.000 -9999.000 -9999.000 -9999.000 -9999.000 -9999.000 -9999.000 -9999.000 -9999.000 -9999.000 -9999.000 -9999.000 -9999.000 -9999.000 -9999.000 -9999.000 -9999.000 -9999.000 -9999.000 -9999.000 -9999.000 -9999.000 -9999.000 -9999.000
-9999.000 -9999.000 -9999.000 -9999.000 -9999.000 -9999.000 -9999.000 -9999.000 -9999.000 -9999.000 -9999.000 -9999.000 -9999.000 -9999.000 -9999.000 0.8318322E-01 0.3253775E-01 0.1568308E-01 0.2328594E-01 0.3274352E-01 0.4635307E-01 0.6295601E-01 0.8063122E-01 0.9787995E-01 0.1128800 0.1268050 0.1396157 0.1540042 0.1811249 0.2449788 0.2449788 -9999.000 -9999.000 -9999.000 -9999.000 -9999.000 -9999.000 -9999.000 -9999.000 -9999.000 -9999.000 -9999.000 -9999.000 -9999.000 -9999.000 -9999.000 -9999.000 -9999.000 -9999.000 -9999.000 -9999.000 -9999.000 -9999.000 -9999.000 -9999.000 -9999.000 -9999.000 -9999.000 -9999.000 -9999.000
-9999.000 -9999.000 -9999.000 -9999.000 -9999.000 -9999.000 -9999.000 -9999.000 -9999.000 -9999.000 -9999.000 -9999.000 -9999.000 -9999.000 -9999.000 0.8028962E-01 0.2577276E-01 0.1567527E-01 0.2872025E-01 0.3514310E-01 0.4622431E-01 0.6244134E-01 0.8087438E-01 0.9934492E-01 0.1155656 0.1308236 0.1449333 0.1609574 0.1916986 0.2707061 0.2707061 -9999.000 -9999.000 -9999.000 -9999.000 -9999.000 -9999.000 -9999.000 -9999.000 -9999.000 -9999.000 -9999.000 -9999.000 -9999.000 -9999.000 -9999.000 -9999.000 -9999.000 -9999.000 -9999.000 -9999.000 -9999.000 -9999.000 -9999.000 -9999.000 -9999.000 -9999.000 -9999.000 -9999.000 -9999.000
-9999.000 -9999.000 -9999.000 -9999.000 -9999.000 -9999.000 -9999.000 -9999.000 -9999.000 -9999.000 -9999.000 -9999.000 -9999.000 -9999.000 -9999.000 0.7510708E-01 0.2022447E-01 0.2775417E-01 0.4342465E-01 0.4690532E-01 0.5383405E-01 0.6748112E-01 0.8500473E-01 0.1035557 0.1202121 0.1362556 0.1512602 0.1686685 0.2031200 0.3012348 0.3012348 -9999.000 -9999.000 -9999.000 -9999.000 -9999.000 -9999.000 -9999.000 -9999.000 -9999.000 -9999.000 -9999.000 -9999.000 -9999.000 -9999.000 -9999.000 -9999.000 -9999.000 -9999.000 -9999.000 -9999.000 -9999.000 -9999.000 -9999.000 -9999.000 -9999.000 -9999.000 -9999.000 -9999.000 -9999.000
-9999.000 -9999.000 -9999.000 -9999.000 -9999.000 -9999.000 -9999.000 -9999.000 -9999.000 -9999.000 -9999.000 -9999.000 -9999.000 -9999.000 -9999.000 0.1165449 0.1802656 0.2141397 0.2072448 0.1746854 0.1514982 0.1362022 0.1299820 0.1320059 0.1384523 0.1487377 0.1607947 0.1775005 0.2149602 0.3359101 0.3359101 -9999.000 -9999.000 -9999.000 -9999.000 -9999.000 -9999.000 -9999.000 -9999.000 -9999.000 -9999.000 -9999.000 -9999.000 -9999.000 -9999.000 -9999.000 -9999.000 -9999.000 -9999.000 -9999.000 -9999.000 -9999.000 -9999.000 -9999.000 -9999.000 -9999.000 -9999.000 -9999.000 -9999.000 -9999.000
2.932289 2.932289 2.919046 2.942304 2.960095 2.960095 2.962350 2.961670 2.961670 2.957700 2.957700 2.951412 2.947639 2.943539 2.939430 2.939430 3.108065 3.113185 3.114511 3.114241 3.085331 3.032021 2.955080 2.853936 2.727855 2.582726 2.420064 2.248121 2.090683 2.022319 2.022319 2.838038 3.015377 3.125637 3.154794 3.154794 3.197605 3.197605 3.197457 3.197457 3.164106 3.010435 3.010435 2.720363 2.720363 2.271573 2.271573 2.271573 2.226062 2.226062 2.244776 2.244776 2.289268 2.289268 2.339818 2.339818 2.387405 2.387405 2.387405 2.427361
2.956047 2.956047 2.950785 2.997707 3.023038 3.023038 3.037558 3.060315 3.060315 3.079298 3.079298 3.095749 3.103270 3.110420 3.117492 3.117492 3.241126 3.262042 3.278420 3.292966 3.300403 3.301225 3.294063 3.276146 3.244121 3.196672 3.131512 3.048705 2.953799 2.871127 2.871127 3.292712 3.447387 3.602234 3.646038 3.646038 3.699632 3.699632 3.711136 3.711136 3.696856 3.612272 3.612272 3.441968 3.441968 3.118076 3.118076 3.118076 3.065910 3.065910 3.086034 3.086034 3.132890 3.132890 3.185805 3.185805 3.236023 3.236023 3.236023 3.279758
2.960821 2.960821 2.952951 2.999324 3.022681 3.022681 3.037942 3.061660 3.061660 3.081306 3.081306 3.098473 3.106396 3.113970 3.121530 3.121530 3.230501 3.264782 3.293720 3.319225 3.339473 3.354754 3.365220 3.370237 3.368355 3.358580 3.339063 3.308559 3.268858 3.234097 3.234097 3.465064 3.611805 3.787292 3.840628 3.840628 3.900192 3.900192 3.899580 3.899580 3.876185 3.785961 3.785961 3.656348 3.656348 3.405971 3.405971 3.405971 3.341560 3.341560 3.347400 3.347400 3.384650 3.384650 3.431095 3.431095 3.476708 3.476708 3.476708 3.517049
2.963344 2.963344 2.952251 2.999642 3.021707 3.021707 3.037439 3.061699 3.061699 3.081431 3.081431 3.098616 3.106550 3.114134 3.121765 3.121765 3.220979 3.266033 3.306501 3.342440 3.372627 3.396943 3.415690 3.429052 3.436852 3.439122 3.435435 3.425391 3.410116 3.398318 3.398318 3.538302 3.666120 3.845321 3.902932 3.902932 3.958171 3.958171 3.932777 3.932777 3.895870 3.804985 3.804985 3.717894 3.717894 3.540697 3.540697 3.540697 3.471019 3.471019 3.461569 3.461569 3.487857 3.487857 3.528029 3.528029 3.569917 3.569917 3.569917 3.607648
2.961109 2.961109 2.957093 2.999458 3.020739 3.020739 3.036867 3.061649 3.061649 3.081448 3.081448 3.098618 3.106551 3.114136 3.121874 3.121874 3.216482 3.270461 3.321170 3.366857 3.406277 3.439004 3.465140 3.484951 3.498643 3.506604 3.509141 3.506616 3.500323 3.496335 3.496335 3.583702 3.688496 3.856246 3.909047 3.909047 3.937090 3.937090 3.875784 3.875784 3.831238 3.762196 3.762196 3.723228 3.723228 3.618782 3.618782 3.618782 3.553789 3.553789 3.530980 3.530980 3.544000 3.544000 3.575618 3.575618 3.612294 3.612294 3.612294 3.646430
2.961366 2.961366 2.959877 2.999289 3.020044 3.020044 3.036437 3.061600 3.061600 3.081426 3.081426 3.098554 3.106470 3.114045 3.121924 3.121924 3.218020 3.279951 3.339639 3.394084 3.441838 3.482299 3.515407 3.541352 3.560400 3.572979 3.579580 3.580833 3.578046 3.575644 3.575644 3.628686 3.708529 3.847218 3.880761 3.880761 3.851821 3.851821 3.760535 3.760535 3.725475 3.700774 3.700774 3.707215 3.707215 3.666819 3.666819 3.666819 3.616020 3.616020 3.585766 3.585766 3.585465 3.585465 3.606295 3.606295 3.635554 3.635554 3.635554 3.664351
2.961535 2.961535 2.961491 2.999185 3.019627 3.019627 3.036172 3.061586 3.061586 3.081444 3.081444 3.098557 3.106467 3.114036 3.122118 3.122118 3.226589 3.296223 3.363889 3.425967 3.480917 3.528111 3.567422 3.598988 3.623057 3.640008 3.650314 3.654598 3.653976 3.651523 3.651523 3.681282 3.735667 3.820482 3.812521 3.812521 3.708323 3.708323 3.625093 3.625093 3.616596 3.642553 3.642553 3.684255 3.684255 3.694631 3.694631 3.694631 3.663984 3.663984 3.634041 3.634041 3.623481 3.623481 3.632560 3.632560 3.652334 3.652334 3.652334 3.673817
2.961595 2.961595 2.962016 2.999150 3.019487 3.019487 3.036082 3.061582 3.061582 3.081451 3.081451 3.098559 3.106467 3.114035 3.122412 3.122412 3.243184 3.320866 3.395797 3.464407 3.525307 3.578005 3.622438 3.658758 3.687215 3.708135 3.721926 3.729109 3.730509 3.727890 3.727890 3.741141 3.768473 3.757771 3.683484 3.683484 3.529154 3.529154 3.502569 3.502569 3.525310 3.592220 3.592220 3.657993 3.657993 3.706452 3.706452 3.706452 3.697779 3.697779 3.675143 3.675143 3.659124 3.659124 3.657369 3.657369 3.666396 3.666396 3.666396 3.678795
2.961535 2.961535 2.961491 2.999185 3.019627 3.019627 3.036172 3.061586 3.061586 3.081444 3.081444 3.098557 3.106467 3.114035 3.122826 3.122826 3.269322 3.355747 3.437393 3.511412 3.576892 3.633665 3.681866 3.721755 3.753625 3.777793 3.794605 3.804461 3.807819 3.804746 3.804746 3.803429 3.795010 3.625023 3.483607 3.483607 3.356775 3.356775 3.408348 3.408348 3.454673 3.547763 3.547763 3.629254 3.629254 3.705764 3.705764 3.705764 3.717700 3.717700 3.706868 3.706868 3.690595 3.690595 3.680483 3.680483 3.678530 3.678530 3.678530 3.680513
2.961366 2.961366 2.959878 2.999289 3.020045 3.020045 3.036436 3.061600 3.061600 3.081427 3.081427 3.098555 3.106471 3.114046 3.123414 3.123414 3.307367 3.403331 3.491122 3.569303 3.637809 3.697003 3.747352 3.789314 3.823297 3.849650 3.868684 3.880688 3.885522 3.879773 3.879773 3.856351 3.783839 3.402709 3.245976 3.245976 3.227265 3.227265 3.340383 3.340383 3.399498 3.507095 3.507095 3.598893 3.598893 3.695690 3.695690 3.695690 3.725001 3.725001 3.727527 3.727527 3.715262 3.715262 3.700085 3.700085 3.688000 3.688000 3.688000 3.678928
2.961108 2.961108 2.957093 2.999458 3.020740 3.020740 3.036866 3.061649 3.061649 3.081448 3.081448 3.098619 3.106551 3.114138 3.124301 3.124301 3.361015 3.467039 3.560043 3.640767 3.710391 3.770027 3.820602 3.862855 3.897351 3.924512 3.944656 3.957912 3.962621 3.945069 3.945069 3.867363 3.672666 3.129858 3.039883 3.039883 3.142138 3.142138 3.284946 3.284946 3.349809 3.465516 3.465516 3.564512 3.564512 3.675888 3.675888 3.675888 3.718831 3.718831 3.733980 3.733980 3.728159 3.728159 3.711125 3.711125 3.690670 3.690670 3.690670 3.670874
2.963344 2.963344 2.952252 2.999641 3.021708 3.021708 3.037439 3.061699 3.061699 3.081431 3.081431 3.098617 3.106550 3.114134 3.125387 3.125387 3.435990 3.551695 3.648101 3.729011 3.797257 3.854897 3.903410 3.943859 3.976988 4.003312 4.023173 4.036281 4.035370 3.970329 3.970329 3.756638 3.404369 2.898151 2.907114 2.907114 3.075801 3.075801 3.228864 3.228864 3.296281 3.417193 3.417193 3.521379 3.521379 3.642932 3.642932 3.642932 3.695854 3.695854 3.721423 3.721423 3.722538 3.722538 3.705925 3.705925 3.679237 3.679237 3.679237 3.649925
