simulation_files/asc/Velocity__x_216.0.asc
NCOLS        79
NROWS        79
XLLCENTER         -1.500000
YLLCENTER         -4.800000
CELLSIZE           0.100
NODATA_VALUE     -9999.0
[rows 0 to 25 of 79, columns 0 to 57 of 79]
-9999.000 -9999.000 -9999.000 -9999.000 -9999.000 -9999.000 -9999.000 -9999.000 -9999.000 -9999.000 -9999.000 -9999.000 -9999.000 -9999.000 -9999.000 -0.1783094E-02 -0.1566220E-02 0.1747981E-02 0.6631663E-02 0.1170873E-01 0.1588869E-01 0.1884656E-01 0.2056194E-01 0.2111287E-01 0.2065451E-01 0.1933751E-01 0.1725224E-01 0.1435058E-01 0.1005042E-01 0.4920966E-02 0.4920966E-02 -9999.000 -9999.000 -9999.000 -9999.000 -9999.000 -9999.000 -9999.000 -9999.000 -9999.000 -9999.000 -9999.000 -9999.000 -9999.000 -9999.000 -9999.000 -9999.000 -9999.000 -9999.000 -9999.000 -9999.000 -9999.000 -9999.000 -9999.000 -9999.000 -9999.000 -9999.000 -9999.000
-9999.000 -9999.000 -9999.000 -9999.000 -9999.000 -9999.000 -9999.000 -9999.000 -9999.000 -9999.000 -9999.000 -9999.000 -9999.000 -9999.000 -9999.000 -0.5141731E-03 0.9261151E-03 0.5277941E-02 0.1103911E-01 0.1689558E-01 0.2177071E-01 0.2527502E-01 0.2731559E-01 0.2791448E-01 0.2718784E-01 0.2526942E-01 0.2225661E-01 0.1814275E-01 0.1247504E-01 0.6088472E-02 0.6088472E-02 -9999.000 -9999.000 -9999.000 -9999.000 -9999.000 -9999.000 -9999.000 -9999.000 -9999.000 -9999.000 -9999.000 -9999.000 -9999.000 -9999.000 -9999.000 -9999.000 -9999.000 -9999.000 -9999.000 -9999.000 -9999.000 -9999.000 -9999.000 -9999.000 -9999.000 -9999.000 -9999.000
-9999.000 -9999.000 -9999.000 -9999.000 -9999.000 -9999.000 -9999.000 -9999.000 -9999.000 -9999.000 -9999.000 -9999.000 -9999.000 -9999.000 -9999.000 -0.8181575E-04 0.1875799E-02 0.6839139E-02 0.1318444E-01 0.1955506E-01 0.2483864E-01 0.2862798E-01 0.3081852E-01 0.3142433E-01 0.3056113E-01 0.2836659E-01 0.2494808E-01 0.2031110E-01 0.1400136E-01 0.6871955E-02 0.6871955E-02 -9999.000 -9999.000 -9999.000 -9999.000 -9999.000 -9999.000 -9999.000 -9999.000 -9999.000 -9999.000 -9999.000 -9999.000 -9999.000 -9999.000 -9999.000 -9999.000 -9999.000 -9999.000 -9999.000 -9999.000 -9999.000 -9999.000 -9999.000 -9999.000 -9999.000 -9999.000 -9999.000
-9999.000 -9999.000 -9999.000 -9999.000 -9999.000 -9999.000 -9999.000 -9999.000 -9999.000 -9999.000 -9999.000 -9999.000 -9999.000 -9999.000 -9999.000 0.1222585E-03 0.2359819E-02 0.7695408E-02 0.1441855E-01 0.2113062E-01 0.2668748E-01 0.3067255E-01 0.3297623E-01 0.3361088E-01 0.3269458E-01 0.3036884E-01 0.2674424E-01 0.2182747E-01 0.1514068E-01 0.7485484E-02 0.7485484E-02 -9999.000 -9999.000 -9999.000 -9999.000 -9999.000 -9999.000 -9999.000 -9999.000 -9999.000 -9999.000 -9999.000 -9999.000 -9999.000 -9999.000 -9999.000 -9999.000 -9999.000 -9999.000 -9999.000 -9999.000 -9999.000 -9999.000 -9999.000 -9999.000 -9999.000 -9999.000 -9999.000
-9999.000 -9999.000 -9999.000 -9999.000 -9999.000 -9999.000 -9999.000 -9999.000 -9999.000 -9999.000 -9999.000 -9999.000 -9999.000 -9999.000 -9999.000 0.2521959E-03 0.2688633E-02 0.8307749E-02 0.1532686E-01 0.2230890E-01 0.2808228E-01 0.3222631E-01 0.3463049E-01 0.3530661E-01 0.3437637E-01 0.3198367E-01 0.2823967E-01 0.2314649E-01 0.1618963E-01 0.8072463E-02 0.8072463E-02 -9999.000 -9999.000 -9999.000 -9999.000 -9999.000 -9999.000 -9999.000 -9999.000 -9999.000 -9999.000 -9999.000 -9999.000 -9999.000 -9999.000 -9999.000 -9999.000 -9999.000 -9999.000 -9999.000 -9999.000 -9999.000 -9999.000 -9999.000 -9999.000 -9999.000 -9999.000 -9999.000
-9999.000 -9999.000 -9999.000 -9999.000 -9999.000 -9999.000 -9999.000 -9999.000 -9999.000 -9999.000 -9999.000 -9999.000 -9999.000 -9999.000 -9999.000 0.3700105E-03 0.2989386E-02 0.8870335E-02 0.1616282E-01 0.2339168E-01 0.2936094E-01 0.3365074E-01 0.3615241E-01 0.3687771E-01 0.3595340E-01 0.3352510E-01 0.2970246E-01 0.2447984E-01 0.1729428E-01 0.8707566E-02 0.8707566E-02 -9999.000 -9999.000 -9999.000 -9999.000 -9999.000 -9999.000 -9999.000 -9999.000 -9999.000 -9999.000 -9999.000 -9999.000 -9999.000 -9999.000 -9999.000 -9999.000 -9999.000 -9999.000 -9999.000 -9999.000 -9999.000 -9999.000 -9999.000 -9999.000 -9999.000 -9999.000 -9999.000
-9999.000 -9999.000 -9999.000 -9999.000 -9999.000 -9999.000 -9999.000 -9999.000 -9999.000 -9999.000 -9999.000 -9999.000 -9999.000 -9999.000 -9999.000 0.5031003E-03 0.3319872E-02 0.9472145E-02 0.1704114E-01 0.2451538E-01 0.3067690E-01 0.3511060E-01 0.3771158E-01 0.3849364E-01 0.3758870E-01 0.3514392E-01 0.3126647E-01 0.2593956E-01 0.1853991E-01 0.9437322E-02 0.9437322E-02 -9999.000 -9999.000 -9999.000 -9999.000 -9999.000 -9999.000 -9999.000 -9999.000 -9999.000 -9999.000 -9999.000 -9999.000 -9999.000 -9999.000 -9999.000 -9999.000 -9999.000 -9999.000 -9999.000 -9999.000 -9999.000 -9999.000 -9999.000 -9999.000 -9999.000 -9999.000 -9999.000
-9999.000 -9999.000 -9999.000 -9999.000 -9999.000 -9999.000 -9999.000 -9999.000 -9999.000 -9999.000 -9999.000 -9999.000 -9999.000 -9999.000 -9999.000 0.6668518E-03 0.3710452E-02 0.1015806E-01 0.1802076E-01 0.2574989E-01 0.3210818E-01 0.3669030E-01 0.3939698E-01 0.4024439E-01 0.3937216E-01 0.3692791E-01 0.3301494E-01 0.2760266E-01 0.1999372E-01 0.1030251E-01 0.1030251E-01 -9999.000 -9999.000 -9999.000 -9999.000 -9999.000 -9999.000 -9999.000 -9999.000 -9999.000 -9999.000 -9999.000 -9999.000 -9999.000 -9999.000 -9999.000 -9999.000 -9999.000 -9999.000 -9999.000 -9999.000 -9999.000 -9999.000 -9999.000 -9999.000 -9999.000 -9999.000 -9999.000
-9999.000 -9999.000 -9999.000 -9999.000 -9999.000 -9999.000 -9999.000 -9999.000 -9999.000 -9999.000 -9999.000 -9999.000 -9999.000 -9999.000 -9999.000 0.8713607E-03 0.4181677E-02 0.1095921E-01 0.1914108E-01 0.2714176E-01 0.3370698E-01 0.3844617E-01 0.4126850E-01 0.4219348E-01 0.4136938E-01 0.3894487E-01 0.3501754E-01 0.2953985E-01 0.2172482E-01 0.1134731E-01 0.1134731E-01 -9999.000 -9999.000 -9999.000 -9999.000 -9999.000 -9999.000 -9999.000 -9999.000 -9999.000 -9999.000 -9999.000 -9999.000 -9999.000 -9999.000 -9999.000 -9999.000 -9999.000 -9999.000 -9999.000 -9999.000 -9999.000 -9999.000 -9999.000 -9999.000 -9999.000 -9999.000 -9999.000
-9999.000 -9999.000 -9999.000 -9999.000 -9999.000 -9999.000 -9999.000 -9999.000 -9999.000 -9999.000 -9999.000 -9999.000 -9999.000 -9999.000 -9999.000 0.1126139E-02 0.4753268E-02 0.1190396E-01 0.2043853E-01 0.2873356E-01 0.3552026E-01 0.4042993E-01 0.4338242E-01 0.4440138E-01 0.4364622E-01 0.4126627E-01 0.3735207E-01 0.3183519E-01 0.2382035E-01 0.1262925E-01 0.1262925E-01 -9999.000 -9999.000 -9999.000 -9999.000 -9999.000 -9999.000 -9999.000 -9999.000 -9999.000 -9999.000 -9999.000 -9999.000 -9999.000 -9999.000 -9999.000 -9999.000 -9999.000 -9999.000 -9999.000 -9999.000 -9999.000 -9999.000 -9999.000 -9999.000 -9999.000 -9999.000 -9999.000
-9999.000 -9999.000 -9999.000 -9999.000 -9999.000 -9999.000 -9999.000 -9999.000 -9999.000 -9999.000 -9999.000 -9999.000 -9999.000 -9999.000 -9999.000 0.1442106E-02 0.5446423E-02 0.1302462E-01 0.2195438E-01 0.3057389E-01 0.3760321E-01 0.4270217E-01 0.4580476E-01 0.4694079E-01 0.4628311E-01 0.4398124E-01 0.4011781E-01 0.3459934E-01 0.2639926E-01 0.1422863E-01 0.1422863E-01 -9999.000 -9999.000 -9999.000 -9999.000 -9999.000 -9999.000 -9999.000 -9999.000 -9999.000 -9999.000 -9999.000 -9999.000 -9999.000 -9999.000 -9999.000 -9999.000 -9999.000 -9999.000 -9999.000 -9999.000 -9999.000 -9999.000 -9999.000 -9999.000 -9999.000 -9999.000 -9999.000
-9999.000 -9999.000 -9999.000 -9999.000 -9999.000 -9999.000 -9999.000 -9999.000 -9999.000 -9999.000 -9999.000 -9999.000 -9999.000 -9999.000 -9999.000 0.1835572E-02 0.6295580E-02 0.1437329E-01 0.2375822E-01 0.3273920E-01 0.4003804E-01 0.4535143E-01 0.4863122E-01 0.4991521E-01 0.4939350E-01 0.4721595E-01 0.4345580E-01 0.3798961E-01 0.2963171E-01 0.1626036E-01 0.1626036E-01 -9999.000 -9999.000 -9999.000 -9999.000 -9999.000 -9999.000 -9999.000 -9999.000 -9999.000 -9999.000 -9999.000 -9999.000 -9999.000 -9999.000 -9999.000 -9999.000 -9999.000 -9999.000 -9999.000 -9999.000 -9999.000 -9999.000 -9999.000 -9999.000 -9999.000 -9999.000 -9999.000
-9999.000 -9999.000 -9999.000 -9999.000 -9999.000 -9999.000 -9999.000 -9999.000 -9999.000 -9999.000 -9999.000 -9999.000 -9999.000 -9999.000 -9999.000 0.2374524E-02 0.7445182E-02 0.1618125E-01 0.2613727E-01 0.3551652E-01 0.4309716E-01 0.4863661E-01 0.5210824E-01 0.5356223E-01 0.5321123E-01 0.5120615E-01 0.4760984E-01 0.4226357E-01 0.3378753E-01 0.1890363E-01 0.1890363E-01 -9999.000 -9999.000 -9999.000 -9999.000 -9999.000 -9999.000 -9999.000 -9999.000 -9999.000 -9999.000 -9999.000 -9999.000 -9999.000 -9999.000 -9999.000 -9999.000 -9999.000 -9999.000 -9999.000 -9999.000 -9999.000 -9999.000 -9999.000 -9999.000 -9999.000 -9999.000 -9999.000
-9999.000 -9999.000 -9999.000 -9999.000 -9999.000 -9999.000 -9999.000 -9999.000 -9999.000 -9999.000 -9999.000 -9999.000 -9999.000 -9999.000 -9999.000 0.4889633E-02 0.1280426E-01 0.2463389E-01 0.3591453E-01 0.4495957E-01 0.5204199E-01 0.5705516E-01 0.6001133E-01 0.6100567E-01 0.6029163E-01 0.5801966E-01 0.5423402E-01 0.4872165E-01 0.3984953E-01 0.2271258E-01 0.2271258E-01 -9999.000 -9999.000 -9999.000 -9999.000 -9999.000 -9999.000 -9999.000 -9999.000 -9999.000 -9999.000 -9999.000 -9999.000 -9999.000 -9999.000 -9999.000 -9999.000 -9999.000 -9999.000 -9999.000 -9999.000 -9999.000 -9999.000 -9999.000 -9999.000 -9999.000 -9999.000 -9999.000
-9999.000 -9999.000 -9999.000 -9999.000 -9999.000 -9999.000 -9999.000 -9999.000 -9999.000 -9999.000 -9999.000 -9999.000 -9999.000 -9999.000 -9999.000 0.1114899 0.1712797 0.2016226 0.1940662 0.1641416 0.1423902 0.1234953 0.1073102 0.9354647E-01 0.8185573E-01 0.7163686E-01 0.6234650E-01 0.5319455E-01 0.4191163E-01 0.2013793E-01 0.2013793E-01 -9999.000 -9999.000 -9999.000 -9999.000 -9999.000 -9999.000 -9999.000 -9999.000 -9999.000 -9999.000 -9999.000 -9999.000 -9999.000 -9999.000 -9999.000 -9999.000 -9999.000 -9999.000 -9999.000 -9999.000 -9999.000 -9999.000 -9999.000 -9999.000 -9999.000 -9999.000 -9999.000
2.903193 2.903193 2.908180 2.918333 2.937241 2.937241 2.939891 2.939599 2.939599 2.935547 2.935547 2.928944 2.924956 2.920614 2.916386 2.916386 3.084075 3.089068 3.090453 3.088941 3.057456 3.001973 2.922693 2.818446 2.689967 2.541849 2.376146 2.201251 2.040605 1.964115 1.964115 2.807985 2.989827 3.099761 3.128042 3.128042 3.168290 3.168290 3.162781 3.162781 3.125522 2.961376 2.961376 2.658296 2.658296 2.227772 2.227772 2.227772 2.192157 2.192157 2.215730 2.215730 2.261868 2.261868 2.312362 2.312362 2.358852 2.358852
2.926391 2.926391 2.939019 2.973502 2.999769 2.999769 3.014509 3.037393 3.037393 3.056118 3.056118 3.072107 3.079343 3.086179 3.093044 3.093044 3.217025 3.237847 3.254286 3.268458 3.274999 3.274405 3.264975 3.243605 3.207315 3.154528 3.083224 2.993857 2.892661 2.805588 2.805588 3.254929 3.416681 3.574754 3.618482 3.618482 3.670803 3.670803 3.679517 3.679517 3.663028 3.570899 3.570899 3.390911 3.390911 3.071338 3.071338 3.071338 3.030901 3.030901 3.056428 3.056428 3.105189 3.105189 3.158199 3.158199 3.207579 3.207579
2.932275 2.932275 2.939877 2.975610 2.999618 2.999618 3.014971 3.038635 3.038635 3.057961 3.057961 3.074636 3.082263 3.089514 3.096871 3.096871 3.206879 3.241086 3.269973 3.295146 3.314565 3.328441 3.336679 3.338307 3.331904 3.316278 3.289624 3.250950 3.202699 3.160830 3.160830 3.412121 3.569671 3.754490 3.809442 3.809442 3.869715 3.869715 3.867828 3.867828 3.842382 3.745350 3.745350 3.608598 3.608598 3.360682 3.360682 3.360682 3.306748 3.306748 3.318665 3.318665 3.358256 3.358256 3.405005 3.405005 3.449880 3.449880
2.937004 2.937004 2.939744 2.976618 2.998926 2.998926 3.014543 3.038493 3.038493 3.057841 3.057841 3.074558 3.082224 3.089515 3.096999 3.096999 3.197834 3.242920 3.283244 3.318706 3.347893 3.370559 3.386809 3.396565 3.399555 3.395649 3.384356 3.365376 3.340303 3.319421 3.319421 3.470939 3.609381 3.802171 3.863640 3.863640 3.923621 3.923621 3.899984 3.899984 3.861595 3.764443 3.764443 3.671449 3.671449 3.496224 3.496224 3.496224 3.435361 3.435361 3.432370 3.432370 3.461688 3.461688 3.502579 3.502579 3.543897 3.543897
2.940653 2.940653 2.938774 2.976995 2.998221 2.998221 3.014085 3.038431 3.038431 3.057881 3.057881 3.074625 3.082290 3.089575 3.097182 3.097182 3.193776 3.247843 3.298273 3.343267 3.381425 3.412167 3.435422 3.451244 3.459702 3.461049 3.455500 3.443440 3.426479 3.411921 3.411921 3.503322 3.616099 3.798997 3.858088 3.858088 3.897377 3.897377 3.842029 3.842029 3.796815 3.722594 3.722594 3.678695 3.678695 3.575172 3.575172 3.575172 3.517105 3.517105 3.500487 3.500487 3.517071 3.517071 3.549891 3.549891 3.586259 3.586259
2.943232 2.943232 2.936885 2.976982 2.997708 2.997708 3.013852 3.038542 3.038542 3.057983 3.057983 3.074667 3.082312 3.089583 3.097381 3.097381 3.195731 3.257742 3.316976 3.370438 3.416560 3.454604 3.484343 3.505790 3.519076 3.524493 3.522439 3.513532 3.499284 3.485055 3.485055 3.536253 3.620425 3.774306 3.817368 3.817368 3.808906 3.808906 3.727217 3.727217 3.692326 3.663733 3.663733 3.665934 3.665934 3.624897 3.624897 3.624897 3.578935 3.578935 3.553960 3.553960 3.557297 3.557297 3.579689 3.579689 3.608913 3.608913
2.944762 2.944762 2.933625 2.977176 2.997555 2.997555 3.013781 3.038577 3.038577 3.058009 3.058009 3.074694 3.082348 3.089631 3.097724 3.097724 3.204643 3.274248 3.341198 3.401903 3.454738 3.498955 3.534297 3.560751 3.578432 3.587596 3.588617 3.582078 3.569220 3.553816 3.553816 3.577256 3.632260 3.733378 3.740412 3.740412 3.666507 3.666507 3.594875 3.594875 3.586792 3.609448 3.609448 3.647207 3.647207 3.655386 3.655386 3.655386 3.627473 3.627473 3.601441 3.601441 3.593867 3.593867 3.604595 3.604595 3.624542 3.624542
2.945273 2.945273 2.932416 2.977118 2.997421 2.997421 3.013704 3.038577 3.038577 3.058026 3.058026 3.074722 3.082384 3.089675 3.098168 3.098168 3.221411 3.298770 3.372523 3.439151 3.497229 3.546190 3.585873 3.616321 3.637668 3.650120 3.653980 3.649692 3.638146 3.621654 3.621654 3.625441 3.650663 3.662748 3.611252 3.611252 3.492358 3.492358 3.475987 3.475987 3.498857 3.562701 3.562701 3.624895 3.624895 3.670233 3.670233 3.670233 3.662483 3.662483 3.642179 3.642179 3.628390 3.628390 3.627957 3.627957 3.637182 3.637182
2.944761 2.944761 2.933625 2.977175 2.997555 2.997555 3.013780 3.038576 3.038576 3.058009 3.058009 3.074693 3.082348 3.089631 3.098656 3.098656 3.247421 3.332960 3.412661 3.483764 3.545393 3.597372 3.639794 3.672853 3.696752 3.711695 3.717911 3.715694 3.705517 3.688009 3.688009 3.675782 3.665476 3.533899 3.420558 3.420558 3.326922 3.326922 3.385706 3.385706 3.431557 3.521713 3.521713 3.600026 3.600026 3.672996 3.672996 3.672996 3.684443 3.684443 3.674370 3.674370 3.659154 3.659154 3.649693 3.649693 3.647750 3.647750
2.943231 2.943231 2.936885 2.976982 2.997707 2.997707 3.013851 3.038540 3.038540 3.057983 3.057983 3.074666 3.082312 3.089583 3.099337 3.099337 3.284981 3.379088 3.463683 3.537516 3.600669 3.653601 3.696812 3.730741 3.755728 3.772010 3.779769 3.779156 3.770066 3.750168 3.750168 3.717795 3.650754 3.326486 3.196518 3.196518 3.203508 3.203508 3.319715 3.319715 3.378109 3.483258 3.483258 3.572484 3.572484 3.665858 3.665858 3.665858 3.693778 3.693778 3.695733 3.695733 3.683260 3.683260 3.667813 3.667813 3.655337 3.655337
2.940653 2.940653 2.938774 2.976995 2.998221 2.998221 3.014085 3.038432 3.038432 3.057882 3.057882 3.074625 3.082291 3.089576 3.100351 3.100351 3.337569 3.440117 3.527946 3.602187 3.664343 3.715748 3.757445 3.790192 3.814496 3.830667 3.838861 3.839059 3.829916 3.801222 3.801222 3.725364 3.553416 3.071089 3.004001 3.004001 3.121360 3.121360 3.264912 3.264912 3.329170 3.443089 3.443089 3.540140 3.540140 3.648473 3.648473 3.648473 3.689526 3.689526 3.703084 3.703084 3.695881 3.695881 3.677544 3.677544 3.656126 3.656126
