simulation_files/asc/Velocity__x_18.0.asc
NCOLS        79
NROWS        79
XLLCENTER         -1.500000
YLLCENTER         -4.800000
CELLSIZE           0.100
NODATA_VALUE     -9999.0
[rows 0 to 25 of 79, columns 0 to 57 of 79]
-9999.000 -9999.000 -9999.000 -9999.000 -9999.000 -9999.000 -9999.000 -9999.000 -9999.000 -9999.000 -9999.000 -9999.000 -9999.000 -9999.000 -9999.000 0.8585863E-03 0.1037170E-02 0.3844360E-03 0.1418673E-03 0.5223026E-04 0.1897583E-04 0.6168610E-05 -0.2612267E-07 -0.6164636E-05 -0.1894762E-04 -0.5220558E-04 -0.1418756E-03 -0.3844290E-03 -0.1037191E-02 -0.8586005E-03 -0.8586005E-03 -9999.000 -9999.000 -9999.000 -9999.000 -9999.000 -9999.000 -9999.000 -9999.000 -9999.000 -9999.000 -9999.000 -9999.000 -9999.000 -9999.000 -9999.000 -9999.000 -9999.000 -9999.000 -9999.000 -9999.000 -9999.000 -9999.000 -9999.000 -9999.000 -9999.000 -9999.000 -9999.000
-9999.000 -9999.000 -9999.000 -9999.000 -9999.000 -9999.000 -9999.000 -9999.000 -9999.000 -9999.000 -9999.000 -9999.000 -9999.000 -9999.000 -9999.000 0.1804085E-01 0.2872619E-01 0.2202126E-01 0.1719940E-01 0.1406029E-01 0.1061549E-01 0.6278481E-02 0.2028442E-02 0.4157007E-04 -0.1088968E-03 -0.2208669E-03 -0.5114775E-03 -0.1146651E-02 -0.2440729E-02 -0.1932565E-02 -0.1932565E-02 -9999.000 -9999.000 -9999.000 -9999.000 -9999.000 -9999.000 -9999.000 -9999.000 -9999.000 -9999.000 -9999.000 -9999.000 -9999.000 -9999.000 -9999.000 -9999.000 -9999.000 -9999.000 -9999.000 -9999.000 -9999.000 -9999.000 -9999.000 -9999.000 -9999.000 -9999.000 -9999.000
-9999.000 -9999.000 -9999.000 -9999.000 -9999.000 -9999.000 -9999.000 -9999.000 -9999.000 -9999.000 -9999.000 -9999.000 -9999.000 -9999.000 -9999.000 0.1381559E-01 0.2596642E-01 0.3371298E-01 0.3934609E-01 0.4489570E-01 0.5030409E-01 0.5501116E-01 0.5805171E-01 0.5748322E-01 0.5285205E-01 0.4519485E-01 0.3419008E-01 0.1479277E-01 -0.1723014E-01 -0.2181255E-01 -0.2181255E-01 -9999.000 -9999.000 -9999.000 -9999.000 -9999.000 -9999.000 -9999.000 -9999.000 -9999.000 -9999.000 -9999.000 -9999.000 -9999.000 -9999.000 -9999.000 -9999.000 -9999.000 -9999.000 -9999.000 -9999.000 -9999.000 -9999.000 -9999.000 -9999.000 -9999.000 -9999.000 -9999.000
-9999.000 -9999.000 -9999.000 -9999.000 -9999.000 -9999.000 -9999.000 -9999.000 -9999.000 -9999.000 -9999.000 -9999.000 -9999.000 -9999.000 -9999.000 0.1177325E-01 0.2363782E-01 0.3466183E-01 0.4285112E-01 0.4947538E-01 0.5450600E-01 0.5747958E-01 0.5784220E-01 0.5521859E-01 0.4981807E-01 0.4175634E-01 0.3096873E-01 0.1715704E-01 0.1071376E-02 -0.4946537E-02 -0.4946537E-02 -9999.000 -9999.000 -9999.000 -9999.000 -9999.000 -9999.000 -9999.000 -9999.000 -9999.000 -9999.000 -9999.000 -9999.000 -9999.000 -9999.000 -9999.000 -9999.000 -9999.000 -9999.000 -9999.000 -9999.000 -9999.000 -9999.000 -9999.000 -9999.000 -9999.000 -9999.000 -9999.000
-9999.000 -9999.000 -9999.000 -9999.000 -9999.000 -9999.000 -9999.000 -9999.000 -9999.000 -9999.000 -9999.000 -9999.000 -9999.000 -9999.000 -9999.000 0.1168671E-01 0.2408095E-01 0.3618393E-01 0.4524498E-01 0.5203709E-01 0.5656984E-01 0.5866462E-01 0.5823961E-01 0.5530042E-01 0.4990584E-01 0.4205818E-01 0.3199091E-01 0.2045343E-01 0.8645949E-02 0.1744366E-02 0.1744366E-02 -9999.000 -9999.000 -9999.000 -9999.000 -9999.000 -9999.000 -9999.000 -9999.000 -9999.000 -9999.000 -9999.000 -9999.000 -9999.000 -9999.000 -9999.000 -9999.000 -9999.000 -9999.000 -9999.000 -9999.000 -9999.000 -9999.000 -9999.000 -9999.000 -9999.000 -9999.000 -9999.000
-9999.000 -9999.000 -9999.000 -9999.000 -9999.000 -9999.000 -9999.000 -9999.000 -9999.000 -9999.000 -9999.000 -9999.000 -9999.000 -9999.000 -9999.000 0.1190678E-01 0.2507422E-01 0.3819327E-01 0.4807387E-01 0.5523345E-01 0.5982051E-01 0.6187969E-01 0.6147596E-01 0.5861440E-01 0.5325980E-01 0.4542650E-01 0.3537870E-01 0.2400416E-01 0.1255095E-01 0.4528267E-02 0.4528267E-02 -9999.000 -9999.000 -9999.000 -9999.000 -9999.000 -9999.000 -9999.000 -9999.000 -9999.000 -9999.000 -9999.000 -9999.000 -9999.000 -9999.000 -9999.000 -9999.000 -9999.000 -9999.000 -9999.000 -9999.000 -9999.000 -9999.000 -9999.000 -9999.000 -9999.000 -9999.000 -9999.000
-9999.000 -9999.000 -9999.000 -9999.000 -9999.000 -9999.000 -9999.000 -9999.000 -9999.000 -9999.000 -9999.000 -9999.000 -9999.000 -9999.000 -9999.000 0.1226235E-01 0.2640131E-01 0.4086072E-01 0.5186952E-01 0.5979136E-01 0.6488191E-01 0.6729563E-01 0.6711385E-01 0.6432876E-01 0.5890291E-01 0.5084662E-01 0.4037720E-01 0.2831721E-01 0.1588295E-01 0.6407873E-02 0.6407873E-02 -9999.000 -9999.000 -9999.000 -9999.000 -9999.000 -9999.000 -9999.000 -9999.000 -9999.000 -9999.000 -9999.000 -9999.000 -9999.000 -9999.000 -9999.000 -9999.000 -9999.000 -9999.000 -9999.000 -9999.000 -9999.000 -9999.000 -9999.000 -9999.000 -9999.000 -9999.000 -9999.000
-9999.000 -9999.000 -9999.000 -9999.000 -9999.000 -9999.000 -9999.000 -9999.000 -9999.000 -9999.000 -9999.000 -9999.000 -9999.000 -9999.000 -9999.000 0.1271126E-01 0.2794209E-01 0.4403495E-01 0.5652680E-01 0.6560858E-01 0.7155870E-01 0.7457057E-01 0.7474025E-01 0.7208238E-01 0.6657813E-01 0.5821962E-01 0.4714482E-01 0.3402996E-01 0.1995054E-01 0.8510575E-02 0.8510575E-02 -9999.000 -9999.000 -9999.000 -9999.000 -9999.000 -9999.000 -9999.000 -9999.000 -9999.000 -9999.000 -9999.000 -9999.000 -9999.000 -9999.000 -9999.000 -9999.000 -9999.000 -9999.000 -9999.000 -9999.000 -9999.000 -9999.000 -9999.000 -9999.000 -9999.000 -9999.000 -9999.000
-9999.000 -9999.000 -9999.000 -9999.000 -9999.000 -9999.000 -9999.000 -9999.000 -9999.000 -9999.000 -9999.000 -9999.000 -9999.000 -9999.000 -9999.000 0.1324052E-01 0.2964169E-01 0.4760221E-01 0.6193099E-01 0.7257316E-01 0.7975273E-01 0.8366756E-01 0.8443281E-01 0.8208777E-01 0.7661701E-01 0.6796991E-01 0.5617088E-01 0.4169653E-01 0.2539486E-01 0.1127494E-01 0.1127494E-01 -9999.000 -9999.000 -9999.000 -9999.000 -9999.000 -9999.000 -9999.000 -9999.000 -9999.000 -9999.000 -9999.000 -9999.000 -9999.000 -9999.000 -9999.000 -9999.000 -9999.000 -9999.000 -9999.000 -9999.000 -9999.000 -9999.000 -9999.000 -9999.000 -9999.000 -9999.000 -9999.000
-9999.000 -9999.000 -9999.000 -9999.000 -9999.000 -9999.000 -9999.000 -9999.000 -9999.000 -9999.000 -9999.000 -9999.000 -9999.000 -9999.000 -9999.000 0.1387410E-01 0.3153299E-01 0.5156311E-01 0.6807411E-01 0.8069208E-01 0.8952314E-01 0.9473857E-01 0.9645632E-01 0.9471618E-01 0.8947160E-01 0.8058920E-01 0.6793635E-01 0.5174370E-01 0.3257650E-01 0.1489113E-01 0.1489113E-01 -9999.000 -9999.000 -9999.000 -9999.000 -9999.000 -9999.000 -9999.000 -9999.000 -9999.000 -9999.000 -9999.000 -9999.000 -9999.000 -9999.000 -9999.000 -9999.000 -9999.000 -9999.000 -9999.000 -9999.000 -9999.000 -9999.000 -9999.000 -9999.000 -9999.000 -9999.000 -9999.000
-9999.000 -9999.000 -9999.000 -9999.000 -9999.000 -9999.000 -9999.000 -9999.000 -9999.000 -9999.000 -9999.000 -9999.000 -9999.000 -9999.000 -9999.000 0.1463833E-01 0.3366193E-01 0.5594399E-01 0.7496499E-01 0.8998000E-01 0.1009222 0.1078989 0.1110033 0.1102429 0.1054967 0.9649602E-01 0.8289322E-01 0.6460873E-01 0.4185048E-01 0.1953486E-01 0.1953486E-01 -9999.000 -9999.000 -9999.000 -9999.000 -9999.000 -9999.000 -9999.000 -9999.000 -9999.000 -9999.000 -9999.000 -9999.000 -9999.000 -9999.000 -9999.000 -9999.000 -9999.000 -9999.000 -9999.000 -9999.000 -9999.000 -9999.000 -9999.000 -9999.000 -9999.000 -9999.000 -9999.000
-9999.000 -9999.000 -9999.000 -9999.000 -9999.000 -9999.000 -9999.000 -9999.000 -9999.000 -9999.000 -9999.000 -9999.000 -9999.000 -9999.000 -9999.000 0.1555247E-01 0.3606287E-01 0.6076421E-01 0.8259889E-01 0.1004237 0.1139544 0.1231964 0.1281879 0.1288751 0.1250234 0.1161723 0.1016763 0.8102280E-01 0.5388239E-01 0.2557251E-01 0.2557251E-01 -9999.000 -9999.000 -9999.000 -9999.000 -9999.000 -9999.000 -9999.000 -9999.000 -9999.000 -9999.000 -9999.000 -9999.000 -9999.000 -9999.000 -9999.000 -9999.000 -9999.000 -9999.000 -9999.000 -9999.000 -9999.000 -9999.000 -9999.000 -9999.000 -9999.000 -9999.000 -9999.000
-9999.000 -9999.000 -9999.000 -9999.000 -9999.000 -9999.000 -9999.000 -9999.000 -9999.000 -9999.000 -9999.000 -9999.000 -9999.000 -9999.000 -9999.000 0.1664131E-01 0.3877867E-01 0.6605937E-01 0.9098434E-01 0.1120135 0.1286183 0.1406720 0.1481364 0.1508808 0.1485388 0.1404111 0.1254448 0.1024607 0.7015764E-01 0.3388127E-01 0.3388127E-01 -9999.000 -9999.000 -9999.000 -9999.000 -9999.000 -9999.000 -9999.000 -9999.000 -9999.000 -9999.000 -9999.000 -9999.000 -9999.000 -9999.000 -9999.000 -9999.000 -9999.000 -9999.000 -9999.000 -9999.000 -9999.000 -9999.000 -9999.000 -9999.000 -9999.000 -9999.000 -9999.000
-9999.000 -9999.000 -9999.000 -9999.000 -9999.000 -9999.000 -9999.000 -9999.000 -9999.000 -9999.000 -9999.000 -9999.000 -9999.000 -9999.000 -9999.000 0.1800617E-01 0.4197371E-01 0.7201029E-01 0.1002690 0.1248555 0.1450052 0.1604560 0.1710948 0.1767323 0.1768986 0.1706610 0.1564617 0.1320797 0.9426019E-01 0.4675391E-01 0.4675391E-01 -9999.000 -9999.000 -9999.000 -9999.000 -9999.000 -9999.000 -9999.000 -9999.000 -9999.000 -9999.000 -9999.000 -9999.000 -9999.000 -9999.000 -9999.000 -9999.000 -9999.000 -9999.000 -9999.000 -9999.000 -9999.000 -9999.000 -9999.000 -9999.000 -9999.000 -9999.000 -9999.000
-9999.000 -9999.000 -9999.000 -9999.000 -9999.000 -9999.000 -9999.000 -9999.000 -9999.000 -9999.000 -9999.000 -9999.000 -9999.000 -9999.000 -9999.000 0.2478033E-01 0.5192856E-01 0.8491016E-01 0.1158274 0.1431154 0.1661512 0.1847154 0.1987001 0.2079160 0.2118775 0.2095350 0.1988667 0.1761790 0.1340872 0.6651532E-01 0.6651532E-01 -9999.000 -9999.000 -9999.000 -9999.000 -9999.000 -9999.000 -9999.000 -9999.000 -9999.000 -9999.000 -9999.000 -9999.000 -9999.000 -9999.000 -9999.000 -9999.000 -9999.000 -9999.000 -9999.000 -9999.000 -9999.000 -9999.000 -9999.000 -9999.000 -9999.000 -9999.000 -9999.000
0.9200240 0.9200240 0.8603746 0.8208236 0.8034393 0.8034393 0.7866910 0.7495894 0.7495894 0.7064888 0.7064888 0.6540982 0.6201051 0.5770484 0.5211875 0.5211875 0.3972877 0.3535306 0.3201000 0.2966451 0.2819836 0.2743600 0.2718116 0.2725290 0.2751165 0.2788759 0.2843779 0.2949313 0.3198931 0.3723833 0.3723833 0.9887192 1.196786 0.8228903 0.7796082 0.7796082 0.8954155E-01 0.8954155E-01 -0.2855332E-01 -0.2855332E-01 0.3538615E-04 0.1038206 0.1038206 0.2087268 0.2087268 0.3293605 0.3293605 0.3293605 0.4051664 0.4051664 0.4687165 0.4687165 0.5215617 0.5215617 0.5659332 0.5659332 0.6187409 0.6187409
0.9321827 0.9321827 0.8723502 0.8400147 0.8258376 0.8258376 0.8119926 0.7794291 0.7794291 0.7387168 0.7387168 0.6884786 0.6581731 0.6239992 0.5866460 0.5866460 0.5168730 0.4845774 0.4534294 0.4245392 0.3993726 0.3792324 0.3649281 0.3567673 0.3548217 0.3594538 0.3722076 0.3975138 0.4462388 0.5395426 0.5395426 0.9661366 1.125137 1.194259 1.184074 1.184074 0.9668896 0.9668896 0.8615620 0.8615620 0.8428268 0.7827535 0.7827535 0.7271370 0.7271370 0.7303222 0.7303222 0.7303222 0.7631303 0.7631303 0.7983480 0.7983480 0.8324804 0.8324804 0.8425722 0.8425722 0.8944287 0.8944287
0.9348748 0.9348748 0.8723547 0.8404765 0.8268147 0.8268147 0.8137271 0.7836131 0.7836131 0.7474194 0.7474194 0.7055277 0.6815104 0.6552774 0.6274555 0.6274555 0.5796122 0.5577660 0.5355480 0.5129495 0.4907873 0.4704840 0.4537252 0.4421907 0.4374686 0.4412656 0.4560534 0.4865143 0.5426738 0.6460832 0.6460832 0.9776025 1.119536 1.220041 1.231005 1.231005 1.182102 1.182102 1.105946 1.105946 1.080436 1.027225 1.027225 0.9782670 0.9782670 0.9438353 0.9438353 0.9438353 0.9563531 0.9563531 0.9748632 0.9748632 0.9956220 0.9956220 1.010670 1.010670 1.039825 1.039825
0.9381121 0.9381121 0.8730186 0.8413657 0.8281417 0.8281417 0.8157592 0.7879331 0.7879331 0.7557422 0.7557422 0.7206251 0.7013416 0.6807473 0.6592413 0.6592413 0.6248934 0.6097672 0.5943135 0.5781259 0.5614105 0.5450551 0.5305236 0.5196944 0.5147238 0.5180609 0.5327829 0.5635993 0.6193163 0.7189350 0.7189350 0.9871068 1.119307 1.222991 1.243788 1.243788 1.229439 1.229439 1.174747 1.174747 1.152020 1.120474 1.120474 1.095932 1.095932 1.064065 1.064065 1.064065 1.066656 1.066656 1.075956 1.075956 1.088760 1.088760 1.099320 1.099320 1.118281 1.118281
0.9415142 0.9415142 0.8739303 0.8426564 0.8299627 0.8299627 0.8183857 0.7930392 0.7930392 0.7648463 0.7648463 0.7358486 0.7205253 0.7044221 0.6877149 0.6877149 0.6631091 0.6525107 0.6416749 0.6302722 0.6183080 0.6062899 0.5952823 0.5868899 0.5832087 0.5868145 0.6009335 0.6300851 0.6819041 0.7724454 0.7724454 0.9931046 1.116639 1.216484 1.236778 1.236778 1.226324 1.226324 1.188398 1.188398 1.176514 1.169010 1.169010 1.166218 1.166218 1.146755 1.146755 1.146755 1.145136 1.145136 1.148190 1.148190 1.154879 1.154879 1.161421 1.161421 1.173370 1.173370
0.9450312 0.9450312 0.8750063 0.8442835 0.8321928 0.8321928 0.8214937 0.7987639 0.7987639 0.7746114 0.7746114 0.7514825 0.7397946 0.7276886 0.7151148 0.7151148 0.6984838 0.6911362 0.6833683 0.6751363 0.6665302 0.6579286 0.6501121 0.6443409 0.6423998 0.6466376 0.6600858 0.6868849 0.7336125 0.8137502 0.8137502 0.9965084 1.110159 1.196883 1.210931 1.210931 1.200358 1.200358 1.186017 1.186017 1.187334 1.199913 1.199913 1.212528 1.212528 1.208191 1.208191 1.208191 1.206921 1.206921 1.206269 1.206269 1.207907 1.207907 1.210365 1.210365 1.216635 1.216635
0.9486481 0.9486481 0.8762129 0.8461251 0.8346530 0.8346530 0.8248450 0.8047645 0.8047645 0.7846634 0.7846634 0.7673588 0.7592555 0.7510717 0.7425178 0.7425178 0.7332361 0.7283601 0.7225565 0.7161587 0.7095031 0.7030306 0.6973996 0.6936035 0.6930774 0.6977991 0.7104198 0.7345834 0.7759224 0.8457612 0.8457612 0.9966221 1.097163 1.161134 1.168467 1.168467 1.166456 1.166456 1.180424 1.180424 1.193088 1.220358 1.220358 1.243388 1.243388 1.253032 1.253032 1.253032 1.255473 1.255473 1.254098 1.254098 1.252340 1.252340 1.251029 1.251029 1.252382 1.252382
0.9521268 0.9521268 0.8774261 0.8480498 0.8372036 0.8372036 0.8282821 0.8108270 0.8108270 0.7947440 0.7947440 0.7833105 0.7789142 0.7748844 0.7706876 0.7706876 0.7689542 0.7659933 0.7612734 0.7555832 0.7495971 0.7439347 0.7392590 0.7363960 0.7364727 0.7410630 0.7523540 0.7734382 0.8091148 0.8689738 0.8689738 0.9903563 1.071271 1.110126 1.117057 1.117057 1.135371 1.135371 1.175421 1.175421 1.196116 1.233601 1.233601 1.263868 1.263868 1.284761 1.284761 1.284761 1.292374 1.292374 1.292820 1.292820 1.289794 1.289794 1.285683 1.285683 1.282882 1.282882
0.9552987 0.9552987 0.8785979 0.8499700 0.8397349 0.8397349 0.8316684 0.8167497 0.8167497 0.8045905 0.8045905 0.7990976 0.7986464 0.7992706 0.8002607 0.8002607 0.8071254 0.8055491 0.8010533 0.7950076 0.7884963 0.7823780 0.7773874 0.7742496 0.7738198 0.7772517 0.7862090 0.8031870 0.8322892 0.8822815 0.8822815 0.9761213 1.021205 1.051235 1.067095 1.067095 1.110876 1.110876 1.170628 1.170628 1.196615 1.241410 1.241410 1.277068 1.277068 1.306601 1.306601 1.306601 1.319376 1.319376 1.323102 1.323102 1.320789 1.320789 1.315313 1.315313 1.309380 1.309380
0.9579834 0.9579834 0.8796843 0.8518115 0.8421518 0.8421518 0.8348811 0.8223371 0.8223371 0.8139241 0.8139241 0.8143768 0.8181526 0.8241464 0.8317510 0.8317510 0.8494371 0.8485375 0.8432241 0.8356574 0.8274091 0.8195965 0.8130362 0.8083522 0.8060971 0.8069157 0.8118025 0.8225173 0.8424556 0.8792756 0.8792756 0.9393407 0.9631993 0.9978872 1.026381 1.026381 1.089789 1.089789 1.164329 1.164329 1.194233 1.245078 1.245078 1.285262 1.285262 1.321548 1.321548 1.321548 1.338770 1.338770 1.346124 1.346124 1.345791 1.345791 1.340360 1.340360 1.332509 1.332509
0.9599953 0.9599953 0.8806496 0.8535124 0.8443732 0.8443732 0.8378130 0.8274056 0.8274056 0.8224514 0.8224514 0.8286901 0.8369028 0.8490621 0.8653783 0.8653783 0.8980553 0.8966534 0.8890448 0.8784919 0.8671473 0.8563645 0.8469892 0.8394538 0.8338426 0.8300048 0.8278967 0.8283025 0.8340503 0.8514575 0.8514575 0.8785489 0.8955653 0.9553885 0.9948981 0.9948981 1.072728 1.072728 1.161124 1.161124 1.193882 1.249028 1.249028 1.292206 1.292206 1.332866 1.332866 1.332866 1.353233 1.353233 1.363598 1.363598 1.365523 1.365523 1.361019 1.361019 1.352355 1.352355
