simulation_files/asc/Velocity__y_322.0.asc
NCOLS        79
NROWS        79
XLLCENTER         -1.500000
YLLCENTER         -4.800000
CELLSIZE           0.100
NODATA_VALUE     -9999.0
[rows 0 to 26 of 79, columns 0 to 58 of 79]
-9999.000 -9999.000 -9999.000 -9999.000 -9999.000 -9999.000 -9999.000 -9999.000 -9999.000 -9999.000 -9999.000 -9999.000 -9999.000 -9999.000 -9999.000 -0.9775199E-01 -0.9580406E-01 -0.9544862E-01 -0.9568613E-01 -0.9613714E-01 -0.9666717E-01 -0.9723509E-01 -0.9775394E-01 -0.9824023E-01 -0.9868252E-01 -0.9907799E-01 -0.9947756E-01 -0.1000900 -0.1015295 -0.1028570 -0.1028570 -9999.000 -9999.000 -9999.000 -9999.000 -9999.000 -9999.000 -9999.000 -9999.000 -9999.000 -9999.000 -9999.000 -9999.000 -9999.000 -9999.000 -9999.000 -9999.000 -9999.000 -9999.000 -9999.000 -9999.000 -9999.000 -9999.000 -9999.000 -9999.000 -9999.000 -9999.000 -9999.000 -9999.000
-9999.000 -9999.000 -9999.000 -9999.000 -9999.000 -9999.000 -9999.000 -9999.000 -9999.000 -9999.000 -9999.000 -9999.000 -9999.000 -9999.000 -9999.000 -0.9633294E-01 -0.9233973E-01 -0.9159978E-01 -0.9214775E-01 -0.9318323E-01 -0.9441642E-01 -0.9575252E-01 -0.9700010E-01 -0.9818779E-01 -0.9928611E-01 -0.1002852 -0.1012886 -0.1027317 -0.1058948 -0.1091285 -0.1091285 -9999.000 -9999.000 -9999.000 -9999.000 -9999.000 -9999.000 -9999.000 -9999.000 -9999.000 -9999.000 -9999.000 -9999.000 -9999.000 -9999.000 -9999.000 -9999.000 -9999.000 -9999.000 -9999.000 -9999.000 -9999.000 -9999.000 -9999.000 -9999.000 -9999.000 -9999.000 -9999.000 -9999.000
-9999.000 -9999.000 -9999.000 -9999.000 -9999.000 -9999.000 -9999.000 -9999.000 -9999.000 -9999.000 -9999.000 -9999.000 -9999.000 -9999.000 -9999.000 -0.9351514E-01 -0.8741301E-01 -0.8627436E-01 -0.8726738E-01 -0.8910947E-01 -0.9132583E-01 -0.9375166E-01 -0.9606455E-01 -0.9829912E-01 -0.1003958 -0.1023280 -0.1042532 -0.1068594 -0.1121846 -0.1181079 -0.1181079 -9999.000 -9999.000 -9999.000 -9999.000 -9999.000 -9999.000 -9999.000 -9999.000 -9999.000 -9999.000 -9999.000 -9999.000 -9999.000 -9999.000 -9999.000 -9999.000 -9999.000 -9999.000 -9999.000 -9999.000 -9999.000 -9999.000 -9999.000 -9999.000 -9999.000 -9999.000 -9999.000 -9999.000
-9999.000 -9999.000 -9999.000 -9999.000 -9999.000 -9999.000 -9999.000 -9999.000 -9999.000 -9999.000 -9999.000 -9999.000 -9999.000 -9999.000 -9999.000 -0.9001643E-01 -0.8191381E-01 -0.8040826E-01 -0.8191020E-01 -0.8464224E-01 -0.8794051E-01 -0.9156780E-01 -0.9506250E-01 -0.9846544E-01 -0.1016801 -0.1046587 -0.1076102 -0.1114846 -0.1191177 -0.1282628 -0.1282628 -9999.000 -9999.000 -9999.000 -9999.000 -9999.000 -9999.000 -9999.000 -9999.000 -9999.000 -9999.000 -9999.000 -9999.000 -9999.000 -9999.000 -9999.000 -9999.000 -9999.000 -9999.000 -9999.000 -9999.000 -9999.000 -9999.000 -9999.000 -9999.000 -9999.000 -9999.000 -9999.000 -9999.000
-9999.000 -9999.000 -9999.000 -9999.000 -9999.000 -9999.000 -9999.000 -9999.000 -9999.000 -9999.000 -9999.000 -9999.000 -9999.000 -9999.000 -9999.000 -0.8606674E-01 -0.7603250E-01 -0.7417645E-01 -0.7622860E-01 -0.7990410E-01 -0.8434691E-01 -0.8924675E-01 -0.9399397E-01 -0.9863966E-01 -0.1030457 -0.1071397 -0.1111853 -0.1164096 -0.1264980 -0.1394437 -0.1394437 -9999.000 -9999.000 -9999.000 -9999.000 -9999.000 -9999.000 -9999.000 -9999.000 -9999.000 -9999.000 -9999.000 -9999.000 -9999.000 -9999.000 -9999.000 -9999.000 -9999.000 -9999.000 -9999.000 -9999.000 -9999.000 -9999.000 -9999.000 -9999.000 -9999.000 -9999.000 -9999.000 -9999.000
-9999.000 -9999.000 -9999.000 -9999.000 -9999.000 -9999.000 -9999.000 -9999.000 -9999.000 -9999.000 -9999.000 -9999.000 -9999.000 -9999.000 -9999.000 -0.8175083E-01 -0.6984602E-01 -0.6765220E-01 -0.7028666E-01 -0.7494557E-01 -0.8057895E-01 -0.8680324E-01 -0.9285229E-01 -0.9879362E-01 -0.1044427 -0.1097014 -0.1148927 -0.1215403 -0.1342458 -0.1516679 -0.1516679 -9999.000 -9999.000 -9999.000 -9999.000 -9999.000 -9999.000 -9999.000 -9999.000 -9999.000 -9999.000 -9999.000 -9999.000 -9999.000 -9999.000 -9999.000 -9999.000 -9999.000 -9999.000 -9999.000 -9999.000 -9999.000 -9999.000 -9999.000 -9999.000 -9999.000 -9999.000 -9999.000 -9999.000
-9999.000 -9999.000 -9999.000 -9999.000 -9999.000 -9999.000 -9999.000 -9999.000 -9999.000 -9999.000 -9999.000 -9999.000 -9999.000 -9999.000 -9999.000 -0.7708435E-01 -0.6337574E-01 -0.6085851E-01 -0.6410573E-01 -0.6978261E-01 -0.7664470E-01 -0.8423724E-01 -0.9162661E-01 -0.9890649E-01 -0.1058402 -0.1123032 -0.1186841 -0.1268289 -0.1423348 -0.1650560 -0.1650560 -9999.000 -9999.000 -9999.000 -9999.000 -9999.000 -9999.000 -9999.000 -9999.000 -9999.000 -9999.000 -9999.000 -9999.000 -9999.000 -9999.000 -9999.000 -9999.000 -9999.000 -9999.000 -9999.000 -9999.000 -9999.000 -9999.000 -9999.000 -9999.000 -9999.000 -9999.000 -9999.000 -9999.000
-9999.000 -9999.000 -9999.000 -9999.000 -9999.000 -9999.000 -9999.000 -9999.000 -9999.000 -9999.000 -9999.000 -9999.000 -9999.000 -9999.000 -9999.000 -0.7204772E-01 -0.5661546E-01 -0.5379356E-01 -0.5768474E-01 -0.6441255E-01 -0.7253890E-01 -0.8153991E-01 -0.9030218E-01 -0.9895871E-01 -0.1072131 -0.1149143 -0.1225257 -0.1322457 -0.1507651 -0.1798085 -0.1798085 -9999.000 -9999.000 -9999.000 -9999.000 -9999.000 -9999.000 -9999.000 -9999.000 -9999.000 -9999.000 -9999.000 -9999.000 -9999.000 -9999.000 -9999.000 -9999.000 -9999.000 -9999.000 -9999.000 -9999.000 -9999.000 -9999.000 -9999.000 -9999.000 -9999.000 -9999.000 -9999.000 -9999.000
-9999.000 -9999.000 -9999.000 -9999.000 -9999.000 -9999.000 -9999.000 -9999.000 -9999.000 -9999.000 -9999.000 -9999.000 -9999.000 -9999.000 -9999.000 -0.6660198E-01 -0.4954282E-01 -0.4644066E-01 -0.5101030E-01 -0.5882222E-01 -0.6824699E-01 -0.7869513E-01 -0.8885890E-01 -0.9892718E-01 -0.1085350 -0.1175047 -0.1263853 -0.1377657 -0.1595476 -0.1962082 -0.1962082 -9999.000 -9999.000 -9999.000 -9999.000 -9999.000 -9999.000 -9999.000 -9999.000 -9999.000 -9999.000 -9999.000 -9999.000 -9999.000 -9999.000 -9999.000 -9999.000 -9999.000 -9999.000 -9999.000 -9999.000 -9999.000 -9999.000 -9999.000 -9999.000 -9999.000 -9999.000 -9999.000 -9999.000
-9999.000 -9999.000 -9999.000 -9999.000 -9999.000 -9999.000 -9999.000 -9999.000 -9999.000 -9999.000 -9999.000 -9999.000 -9999.000 -9999.000 -9999.000 -0.6069454E-01 -0.4212470E-01 -0.3877280E-01 -0.4405953E-01 -0.5298951E-01 -0.6374667E-01 -0.7567986E-01 -0.8727022E-01 -0.9878311E-01 -0.1097737 -0.1200381 -0.1302247 -0.1433589 -0.1686957 -0.2146387 -0.2146387 -9999.000 -9999.000 -9999.000 -9999.000 -9999.000 -9999.000 -9999.000 -9999.000 -9999.000 -9999.000 -9999.000 -9999.000 -9999.000 -9999.000 -9999.000 -9999.000 -9999.000 -9999.000 -9999.000 -9999.000 -9999.000 -9999.000 -9999.000 -9999.000 -9999.000 -9999.000 -9999.000 -9999.000
-9999.000 -9999.000 -9999.000 -9999.000 -9999.000 -9999.000 -9999.000 -9999.000 -9999.000 -9999.000 -9999.000 -9999.000 -9999.000 -9999.000 -9999.000 -0.5426030E-01 -0.3431714E-01 -0.3075292E-01 -0.3679992E-01 -0.4688336E-01 -0.5900659E-01 -0.7246274E-01 -0.8550025E-01 -0.9848840E-01 -0.1108863 -0.1224663 -0.1339929 -0.1489836 -0.1782198 -0.2356218 -0.2356218 -9999.000 -9999.000 -9999.000 -9999.000 -9999.000 -9999.000 -9999.000 -9999.000 -9999.000 -9999.000 -9999.000 -9999.000 -9999.000 -9999.000 -9999.000 -9999.000 -9999.000 -9999.000 -9999.000 -9999.000 -9999.000 -9999.000 -9999.000 -9999.000 -9999.000 -9999.000 -9999.000 -9999.000
-9999.000 -9999.000 -9999.000 -9999.000 -9999.000 -9999.000 -9999.000 -9999.000 -9999.000 -9999.000 -9999.000 -9999.000 -9999.000 -9999.000 -9999.000 -0.4721969E-01 -0.2606306E-01 -0.2233191E-01 -0.2918769E-01 -0.4046122E-01 -0.5398385E-01 -0.6899975E-01 -0.8349995E-01 -0.9799024E-01 -0.1118141 -0.1247226 -0.1376172 -0.1545765 -0.1881187 -0.2598801 -0.2598801 -9999.000 -9999.000 -9999.000 -9999.000 -9999.000 -9999.000 -9999.000 -9999.000 -9999.000 -9999.000 -9999.000 -9999.000 -9999.000 -9999.000 -9999.000 -9999.000 -9999.000 -9999.000 -9999.000 -9999.000 -9999.000 -9999.000 -9999.000 -9999.000 -9999.000 -9999.000 -9999.000 -9999.000
-9999.000 -9999.000 -9999.000 -9999.000 -9999.000 -9999.000 -9999.000 -9999.000 -9999.000 -9999.000 -9999.000 -9999.000 -9999.000 -9999.000 -9999.000 -0.3947319E-01 -0.1728809E-01 -0.1344296E-01 -0.2116196E-01 -0.3366407E-01 -0.4861908E-01 -0.6523023E-01 -0.8120037E-01 -0.9721442E-01 -0.1124733 -0.1267110 -0.1409919 -0.1600402 -0.1983687 -0.2884429 -0.2884429 -9999.000 -9999.000 -9999.000 -9999.000 -9999.000 -9999.000 -9999.000 -9999.000 -9999.000 -9999.000 -9999.000 -9999.000 -9999.000 -9999.000 -9999.000 -9999.000 -9999.000 -9999.000 -9999.000 -9999.000 -9999.000 -9999.000 -9999.000 -9999.000 -9999.000 -9999.000 -9999.000 -9999.000
-9999.000 -9999.000 -9999.000 -9999.000 -9999.000 -9999.000 -9999.000 -9999.000 -9999.000 -9999.000 -9999.000 -9999.000 -9999.000 -9999.000 -9999.000 -0.3080229E-01 -0.7840235E-02 -0.3969261E-02 -0.1263487E-01 -0.2641781E-01 -0.4284353E-01 -0.6108506E-01 -0.7852118E-01 -0.9606951E-01 -0.1127550 -0.1283003 -0.1439656 -0.1652264 -0.2089095 -0.3228487 -0.3228487 -9999.000 -9999.000 -9999.000 -9999.000 -9999.000 -9999.000 -9999.000 -9999.000 -9999.000 -9999.000 -9999.000 -9999.000 -9999.000 -9999.000 -9999.000 -9999.000 -9999.000 -9999.000 -9999.000 -9999.000 -9999.000 -9999.000 -9999.000 -9999.000 -9999.000 -9999.000 -9999.000 -9999.000
-9999.000 -9999.000 -9999.000 -9999.000 -9999.000 -9999.000 -9999.000 -9999.000 -9999.000 -9999.000 -9999.000 -9999.000 -9999.000 -9999.000 -9999.000 -0.1487397E-02 0.7901123E-02 0.4708286E-02 -0.7496724E-02 -0.2256485E-01 -0.4024011E-01 -0.5974067E-01 -0.7815798E-01 -0.9675916E-01 -0.1143765 -0.1307606 -0.1474108 -0.1706339 -0.2197947 -0.3630790 -0.3630790 -9999.000 -9999.000 -9999.000 -9999.000 -9999.000 -9999.000 -9999.000 -9999.000 -9999.000 -9999.000 -9999.000 -9999.000 -9999.000 -9999.000 -9999.000 -9999.000 -9999.000 -9999.000 -9999.000 -9999.000 -9999.000 -9999.000 -9999.000 -9999.000 -9999.000 -9999.000 -9999.000 -9999.000
-0.3916929E-02 -0.3916929E-02 -0.5342645E-02 -0.6849670E-02 -0.6483298E-02 -0.6483298E-02 -0.6342561E-02 -0.6256779E-02 -0.6256779E-02 -0.6224604E-02 -0.6224604E-02 -0.6193105E-02 -0.6176696E-02 -0.6159816E-02 -0.6145197E-02 -0.6145197E-02 0.1660252E-01 0.1049502E-01 -0.3785530E-02 -0.2371461E-01 -0.4819983E-01 -0.7599057E-01 -0.1051387 -0.1346385 -0.1632785 -0.1900962 -0.2149485 -0.2400177 -0.2739685 -0.3600506 -0.3600506 -0.1962063 -0.1034423 -0.3405394E-01 -0.2495262E-01 -0.2495262E-01 -0.1759638E-01 -0.1759638E-01 -0.4193010E-02 -0.4193010E-02 0.6967233E-02 0.2666862E-01 0.2666862E-01 -0.5825961E-02 -0.5825961E-02 -0.2850725E-02 -0.2850725E-02 -0.2850725E-02 0.1463548E-02 0.1463548E-02 0.1943938E-02 0.1943938E-02 0.7866716E-03 0.7866716E-03 -0.6215038E-03 -0.6215038E-03 -0.1900606E-02 -0.1900606E-02 -0.1900606E-02
-0.5520838E-02 -0.5520838E-02 -0.7729992E-02 -0.9992160E-02 -0.9281499E-02 -0.9281499E-02 -0.8968269E-02 -0.8801079E-02 -0.8801079E-02 -0.8769530E-02 -0.8769530E-02 -0.8743530E-02 -0.8730569E-02 -0.8718445E-02 -0.8717117E-02 -0.8717117E-02 0.1286906E-01 0.6758697E-02 -0.9597207E-02 -0.3539211E-01 -0.6875935E-01 -0.1078787 -0.1512157 -0.1966408 -0.2424465 -0.2869534 -0.3284812 -0.3653007 -0.3955390 -0.4196338 -0.4196338 -0.2814712 -0.1847213 -0.9346409E-01 -0.7527149E-01 -0.7527149E-01 -0.4961386E-01 -0.4961386E-01 -0.4376035E-02 -0.4376035E-02 0.2875131E-01 0.8678789E-01 0.8678789E-01 0.4647604E-01 0.4647604E-01 0.1029283E-01 0.1029283E-01 0.1029283E-01 0.6624736E-02 0.6624736E-02 0.3058335E-02 0.3058335E-02 -0.9282317E-03 -0.9282317E-03 -0.4490424E-02 -0.4490424E-02 -0.7211742E-02 -0.7211742E-02 -0.7211742E-02
-0.3309446E-02 -0.3309446E-02 -0.6277525E-02 -0.8687852E-02 -0.8086159E-02 -0.8086159E-02 -0.7685706E-02 -0.7440308E-02 -0.7440308E-02 -0.7413306E-02 -0.7413306E-02 -0.7406765E-02 -0.7406827E-02 -0.7410138E-02 -0.7440235E-02 -0.7440235E-02 0.6655298E-02 0.4482718E-04 -0.1684623E-01 -0.4347520E-01 -0.7845831E-01 -0.1203063 -0.1677507 -0.2191537 -0.2729968 -0.3277215 -0.3816033 -0.4325643 -0.4778005 -0.5095947 -0.5095947 -0.4183125 -0.3335442 -0.2176964 -0.1796349 -0.1796349 -0.1076958 -0.1076958 -0.1712641E-02 -0.1712641E-02 0.6335953E-01 0.1696718 0.1696718 0.1570207 0.1570207 0.5014152E-01 0.5014152E-01 0.5014152E-01 0.1958635E-01 0.1958635E-01 0.3350391E-02 0.3350391E-02 -0.6921907E-02 -0.6921907E-02 -0.1387968E-01 -0.1387968E-01 -0.1808910E-01 -0.1808910E-01 -0.1808910E-01
-0.1861974E-02 -0.1861974E-02 -0.4123264E-02 -0.7337587E-02 -0.6730606E-02 -0.6730606E-02 -0.6284703E-02 -0.5971781E-02 -0.5971781E-02 -0.5916766E-02 -0.5916766E-02 -0.5900693E-02 -0.5901231E-02 -0.5907373E-02 -0.5960119E-02 -0.5960119E-02 0.7959364E-04 -0.8634002E-02 -0.2704869E-01 -0.5475206E-01 -0.9069723E-01 -0.1336561 -0.1825331 -0.2360667 -0.2930367 -0.3522080 -0.4121907 -0.4711820 -0.5264472 -0.5701392 -0.5701392 -0.5240581 -0.4621320 -0.3467136 -0.2931254 -0.2931254 -0.1641474 -0.1641474 0.1303277E-01 0.1303277E-01 0.1039224 0.2347940 0.2347940 0.2447429 0.2447429 0.1009155 0.1009155 0.1009155 0.3900769E-01 0.3900769E-01 0.4828153E-02 0.4828153E-02 -0.1463655E-01 -0.1463655E-01 -0.2599230E-01 -0.2599230E-01 -0.3163948E-01 -0.3163948E-01 -0.3163948E-01
-0.1381720E-02 -0.1381720E-02 -0.2212733E-02 -0.5687840E-02 -0.5195655E-02 -0.5195655E-02 -0.4818173E-02 -0.4519482E-02 -0.4519482E-02 -0.4437962E-02 -0.4437962E-02 -0.4406154E-02 -0.4404491E-02 -0.4410945E-02 -0.4488016E-02 -0.4488016E-02 -0.6884433E-02 -0.1923987E-01 -0.4052750E-01 -0.7034718E-01 -0.1078600 -0.1520635 -0.2020152 -0.2567035 -0.3151256 -0.3762812 -0.4390762 -0.5020854 -0.5630237 -0.6152552 -0.6152552 -0.6042139 -0.5663814 -0.4602845 -0.3903618 -0.3903618 -0.1929437 -0.1929437 0.4295599E-01 0.4295599E-01 0.1429071 0.2710531 0.2710531 0.2929484 0.2929484 0.1494906 0.1494906 0.1494906 0.6311572E-01 0.6311572E-01 0.9872500E-02 0.9872500E-02 -0.2079102E-01 -0.2079102E-01 -0.3767235E-01 -0.3767235E-01 -0.4508227E-01 -0.4508227E-01 -0.4508227E-01
-0.9322101E-03 -0.9322101E-03 -0.1403396E-02 -0.3770803E-02 -0.3478835E-02 -0.3478835E-02 -0.3239890E-02 -0.3040430E-02 -0.3040430E-02 -0.2972222E-02 -0.2972222E-02 -0.2937095E-02 -0.2932339E-02 -0.2935320E-02 -0.3038495E-02 -0.3038495E-02 -0.1463617E-01 -0.3209442E-01 -0.5771841E-01 -0.9092342E-01 -0.1309387 -0.1769374 -0.2281502 -0.2837972 -0.3430935 -0.4052439 -0.4693804 -0.5343824 -0.5984161 -0.6562069 -0.6562069 -0.6697166 -0.6520583 -0.5469264 -0.4501459 -0.4501459 -0.1785294 -0.1785294 0.7743420E-01 0.7743420E-01 0.1683904 0.2778060 0.2778060 0.3054828 0.3054828 0.1868402 0.1868402 0.1868402 0.8872365E-01 0.8872365E-01 0.1905428E-01 0.1905428E-01 -0.2364668E-01 -0.2364668E-01 -0.4711856E-01 -0.4711856E-01 -0.5682871E-01 -0.5682871E-01 -0.5682871E-01
-0.4700707E-03 -0.4700707E-03 -0.6891864E-03 -0.1873894E-02 -0.1729126E-02 -0.1729126E-02 -0.1613230E-02 -0.1522963E-02 -0.1522963E-02 -0.1493132E-02 -0.1493132E-02 -0.1473509E-02 -0.1469424E-02 -0.1469820E-02 -0.1607759E-02 -0.1607759E-02 -0.2382621E-01 -0.4789132E-01 -0.7941101E-01 -0.1174136 -0.1610556 -0.2096121 -0.2624850 -0.3191299 -0.3790129 -0.4415789 -0.5061962 -0.5720186 -0.6375991 -0.6987476 -0.6987476 -0.7282821 -0.7237508 -0.5913252 -0.4512566 -0.4512566 -0.1290557 -0.1290557 0.1002271 0.1002271 0.1729773 0.2614501 0.2614501 0.2926346 0.2926346 0.2080455 0.2080455 0.2080455 0.1115488 0.1115488 0.3130364E-01 0.3130364E-01 -0.2255572E-01 -0.2255572E-01 -0.5317809E-01 -0.5317809E-01 -0.6571238E-01 -0.6571238E-01 -0.6571238E-01
-0.2547672E-05 -0.2547672E-05 -0.2267389E-05 0.3852767E-05 0.5643141E-05 0.5643141E-05 0.4148545E-05 0.2841057E-06 0.2841057E-06 -0.8524562E-06 -0.8524562E-06 -0.6704481E-06 -0.5349228E-06 -0.3134267E-06 -0.1891216E-03 -0.1891216E-03 -0.3542119E-01 -0.6780005E-01 -0.1069073 -0.1512192 -0.1997112 -0.2517000 -0.3067451 -0.3645393 -0.4248248 -0.4873303 -0.5517046 -0.6173963 -0.6832948 -0.7458101 -0.7458101 -0.7835876 -0.7799319 -0.5700163 -0.3849308 -0.3849308 -0.7312490E-01 -0.7312490E-01 0.1030431 0.1030431 0.1583691 0.2308628 0.2308628 0.2643877 0.2643877 0.2122706 0.2122706 0.2122706 0.1274154 0.1274154 0.4426221E-01 0.4426221E-01 -0.1785058E-01 -0.1785058E-01 -0.5519181E-01 -0.5519181E-01 -0.7078395E-01 -0.7078395E-01 -0.7078395E-01
0.4652541E-03 0.4652541E-03 0.6849031E-03 0.1881608E-02 0.1740067E-02 0.1740067E-02 0.1621112E-02 0.1523591E-02 0.1523591E-02 0.1491325E-02 0.1491325E-02 0.1471993E-02 0.1468297E-02 0.1468987E-02 0.1208861E-02 0.1208861E-02 -0.5089130E-01 -0.9367730E-01 -0.1422509 -0.1944442 -0.2490109 -0.3052965 -0.3630250 -0.4221358 -0.4826649 -0.5446535 -0.6080703 -0.6726860 -0.7376266 -0.7989029 -0.7989029 -0.8343745 -0.8060688 -0.4701243 -0.2771793 -0.2771793 -0.3593290E-01 -0.3593290E-01 0.8929456E-01 0.8929456E-01 0.1321746 0.1937407 0.1937407 0.2280209 0.2280209 0.2016202 0.2016202 0.2016202 0.1335046 0.1335046 0.5499188E-01 0.5499188E-01 -0.1071093E-01 -0.1071093E-01 -0.5300939E-01 -0.5300939E-01 -0.7132499E-01 -0.7132499E-01 -0.7132499E-01
0.9278815E-03 0.9278815E-03 0.1399552E-02 0.3778507E-02 0.3489035E-02 0.3489035E-02 0.3246830E-02 0.3041227E-02 0.3041227E-02 0.2970578E-02 0.2970578E-02 0.2935492E-02 0.2930985E-02 0.2934490E-02 0.2575066E-02 0.2575066E-02 -0.7256841E-01 -0.1284547 -0.1886081 -0.2502484 -0.3119832 -0.3732590 -0.4340206 -0.4944907 -0.5550202 -0.6159810 -0.6776811 -0.7402090 -0.8025581 -0.8574486 -0.8574486 -0.8680175 -0.7635420 -0.3246793 -0.1778299 -0.1778299 -0.2208378E-01 -0.2208378E-01 0.6760386E-01 0.6760386E-01 0.1021551 0.1551234 0.1551234 0.1881091 0.1881091 0.1795575 0.1795575 0.1795575 0.1289822 0.1289822 0.6089111E-01 0.6089111E-01 -0.2835126E-02 -0.2835126E-02 -0.4698723E-01 -0.4698723E-01 -0.6693199E-01 -0.6693199E-01 -0.6693199E-01
0.1377729E-02 0.1377729E-02 0.2209376E-02 0.5695169E-02 0.5204323E-02 0.5204323E-02 0.4823837E-02 0.4520186E-02 0.4520186E-02 0.4436668E-02 0.4436668E-02 0.4404665E-02 0.4403293E-02 0.4410144E-02 0.3909006E-02 0.3909006E-02 -0.1043653 -0.1768726 -0.2509315 -0.3234235 -0.3930744 -0.4596287 -0.5233858 -0.5849288 -0.6449618 -0.7042018 -0.7632978 -0.8225555 -0.8793959 -0.9132148 -0.9132148 -0.8415032 -0.6046265 -0.1994944 -0.1159464 -0.1159464 -0.2143977E-01 -0.2143977E-01 0.4511244E-01 0.4511244E-01 0.7323211E-01 0.1176463 0.1176463 0.1473026 0.1473026 0.1496556 0.1496556 0.1496556 0.1147895 0.1147895 0.6043352E-01 0.6043352E-01 0.4046822E-02 0.4046822E-02 -0.3790296E-01 -0.3790296E-01 -0.5762127E-01 -0.5762127E-01 -0.5762127E-01
0.1858647E-02 0.1858647E-02 0.4120618E-02 0.7344351E-02 0.6737055E-02 0.6737055E-02 0.6288926E-02 0.5972512E-02 0.5972512E-02 0.5915846E-02 0.5915846E-02 0.5899449E-02 0.5900054E-02 0.5906592E-02 0.5201991E-02 0.5201991E-02 -0.1533113 -0.2469347 -0.3371992 -0.4214123 -0.4989831 -0.5703239 -0.6363133 -0.6980196 -0.7565558 -0.8129973 -0.8683255 -0.9225958 -0.9654444 -0.9276828 -0.9276828 -0.6750007 -0.3601284 -0.1255587 -0.8526433E-01 -0.8526433E-01 -0.2356170E-01 -0.2356170E-01 0.2557922E-01 0.2557922E-01 0.4774114E-01 0.8259644E-01 0.8259644E-01 0.1072595 0.1072595 0.1150852 0.1150852 0.1150852 0.9303832E-01 0.9303832E-01 0.5349779E-01 0.5349779E-01 0.8680808E-02 0.8680808E-02 -0.2676878E-01 -0.2676878E-01 -0.4390803E-01 -0.4390803E-01 -0.4390803E-01
