simulation_files/asc/Velocity____282.0.asc
NCOLS        79
NROWS        79
XLLCENTER         -1.500000
YLLCENTER         -4.800000
CELLSIZE           0.100
NODATA_VALUE     -9999.0
[rows 0 to 26 of 79, columns 0 to 59 of 79]
-9999.000 -9999.000 -9999.000 -9999.000 -9999.000 -9999.000 -9999.000 -9999.000 -9999.000 -9999.000 -9999.000 -9999.000 -9999.000 -9999.000 -9999.000 0.9391685E-01 0.9137128E-01 0.9063810E-01 0.9096321E-01 0.9190260E-01 0.9299742E-01 0.9403630E-01 0.9490612E-01 0.9552545E-01 0.9594382E-01 0.9618664E-01 0.9632417E-01 0.9656107E-01 0.9748992E-01 0.9850310E-01 0.9850310E-01 -9999.000 -9999.000 -9999.000 -9999.000 -9999.000 -9999.000 -9999.000 -9999.000 -9999.000 -9999.000 -9999.000 -9999.000 -9999.000 -9999.000 -9999.000 -9999.000 -9999.000 -9999.000 -9999.000 -9999.000 -9999.000 -9999.000 -9999.000 -9999.000 -9999.000 -9999.000 -9999.000 -9999.000 -9999.000
-9999.000 -9999.000 -9999.000 -9999.000 -9999.000 -9999.000 -9999.000 -9999.000 -9999.000 -9999.000 -9999.000 -9999.000 -9999.000 -9999.000 -9999.000 0.9343062E-01 0.8819170E-01 0.8672231E-01 0.8743504E-01 0.8938605E-01 0.9165905E-01 0.9385075E-01 0.9574121E-01 0.9715448E-01 0.9817699E-01 0.9884983E-01 0.9931693E-01 0.1000296 0.1022988 0.1050548 0.1050548 -9999.000 -9999.000 -9999.000 -9999.000 -9999.000 -9999.000 -9999.000 -9999.000 -9999.000 -9999.000 -9999.000 -9999.000 -9999.000 -9999.000 -9999.000 -9999.000 -9999.000 -9999.000 -9999.000 -9999.000 -9999.000 -9999.000 -9999.000 -9999.000 -9999.000 -9999.000 -9999.000 -9999.000 -9999.000
-9999.000 -9999.000 -9999.000 -9999.000 -9999.000 -9999.000 -9999.000 -9999.000 -9999.000 -9999.000 -9999.000 -9999.000 -9999.000 -9999.000 -9999.000 0.9173619E-01 0.8360999E-01 0.8125795E-01 0.8238182E-01 0.8547140E-01 0.8909871E-01 0.9266266E-01 0.9584334E-01 0.9836935E-01 0.1003693 0.1018887 0.1031311 0.1047936 0.1089582 0.1142939 0.1142939 -9999.000 -9999.000 -9999.000 -9999.000 -9999.000 -9999.000 -9999.000 -9999.000 -9999.000 -9999.000 -9999.000 -9999.000 -9999.000 -9999.000 -9999.000 -9999.000 -9999.000 -9999.000 -9999.000 -9999.000 -9999.000 -9999.000 -9999.000 -9999.000 -9999.000 -9999.000 -9999.000 -9999.000 -9999.000
-9999.000 -9999.000 -9999.000 -9999.000 -9999.000 -9999.000 -9999.000 -9999.000 -9999.000 -9999.000 -9999.000 -9999.000 -9999.000 -9999.000 -9999.000 0.8943791E-01 0.7848044E-01 0.7524402E-01 0.7680268E-01 0.8105527E-01 0.8605891E-01 0.9103219E-01 0.9556889E-01 0.9930614E-01 0.1024165 0.1049393 0.1071256 0.1099132 0.1161779 0.1246395 0.1246395 -9999.000 -9999.000 -9999.000 -9999.000 -9999.000 -9999.000 -9999.000 -9999.000 -9999.000 -9999.000 -9999.000 -9999.000 -9999.000 -9999.000 -9999.000 -9999.000 -9999.000 -9999.000 -9999.000 -9999.000 -9999.000 -9999.000 -9999.000 -9999.000 -9999.000 -9999.000 -9999.000 -9999.000 -9999.000
-9999.000 -9999.000 -9999.000 -9999.000 -9999.000 -9999.000 -9999.000 -9999.000 -9999.000 -9999.000 -9999.000 -9999.000 -9999.000 -9999.000 -9999.000 0.8676412E-01 0.7299636E-01 0.6888466E-01 0.7091942E-01 0.7636923E-01 0.8277000E-01 0.8917604E-01 0.9510715E-01 0.1001110 0.1044075 0.1080218 0.1112477 0.1152693 0.1237980 0.1359472 0.1359472 -9999.000 -9999.000 -9999.000 -9999.000 -9999.000 -9999.000 -9999.000 -9999.000 -9999.000 -9999.000 -9999.000 -9999.000 -9999.000 -9999.000 -9999.000 -9999.000 -9999.000 -9999.000 -9999.000 -9999.000 -9999.000 -9999.000 -9999.000 -9999.000 -9999.000 -9999.000 -9999.000 -9999.000 -9999.000
-9999.000 -9999.000 -9999.000 -9999.000 -9999.000 -9999.000 -9999.000 -9999.000 -9999.000 -9999.000 -9999.000 -9999.000 -9999.000 -9999.000 -9999.000 0.8379151E-01 0.6723469E-01 0.6228074E-01 0.6485871E-01 0.7155049E-01 0.7936601E-01 0.8721887E-01 0.9456719E-01 0.1008693 0.1063987 0.1111583 0.1154832 0.1208164 0.1317614 0.1482370 0.1482370 -9999.000 -9999.000 -9999.000 -9999.000 -9999.000 -9999.000 -9999.000 -9999.000 -9999.000 -9999.000 -9999.000 -9999.000 -9999.000 -9999.000 -9999.000 -9999.000 -9999.000 -9999.000 -9999.000 -9999.000 -9999.000 -9999.000 -9999.000 -9999.000 -9999.000 -9999.000 -9999.000 -9999.000 -9999.000
-9999.000 -9999.000 -9999.000 -9999.000 -9999.000 -9999.000 -9999.000 -9999.000 -9999.000 -9999.000 -9999.000 -9999.000 -9999.000 -9999.000 -9999.000 0.8052720E-01 0.6121889E-01 0.5548852E-01 0.5870796E-01 0.6669014E-01 0.7592960E-01 0.8523237E-01 0.9400874E-01 0.1016275 0.1084212 0.1143619 0.1198273 0.1265367 0.1400577 0.1616257 0.1616257 -9999.000 -9999.000 -9999.000 -9999.000 -9999.000 -9999.000 -9999.000 -9999.000 -9999.000 -9999.000 -9999.000 -9999.000 -9999.000 -9999.000 -9999.000 -9999.000 -9999.000 -9999.000 -9999.000 -9999.000 -9999.000 -9999.000 -9999.000 -9999.000 -9999.000 -9999.000 -9999.000 -9999.000 -9999.000
-9999.000 -9999.000 -9999.000 -9999.000 -9999.000 -9999.000 -9999.000 -9999.000 -9999.000 -9999.000 -9999.000 -9999.000 -9999.000 -9999.000 -9999.000 0.7694469E-01 0.5494782E-01 0.4855715E-01 0.5255529E-01 0.6186970E-01 0.7252357E-01 0.8326411E-01 0.9346881E-01 0.1024121 0.1104918 0.1176400 0.1242781 0.1324243 0.1486981 0.1763045 0.1763045 -9999.000 -9999.000 -9999.000 -9999.000 -9999.000 -9999.000 -9999.000 -9999.000 -9999.000 -9999.000 -9999.000 -9999.000 -9999.000 -9999.000 -9999.000 -9999.000 -9999.000 -9999.000 -9999.000 -9999.000 -9999.000 -9999.000 -9999.000 -9999.000 -9999.000 -9999.000 -9999.000 -9999.000 -9999.000
-9999.000 -9999.000 -9999.000 -9999.000 -9999.000 -9999.000 -9999.000 -9999.000 -9999.000 -9999.000 -9999.000 -9999.000 -9999.000 -9999.000 -9999.000 0.7299700E-01 0.4841216E-01 0.4156199E-01 0.4652524E-01 0.5718502E-01 0.6921031E-01 0.8135554E-01 0.9297552E-01 0.1032413 0.1126228 0.1209970 0.1288338 0.1384776 0.1577057 0.1925388 0.1925388 -9999.000 -9999.000 -9999.000 -9999.000 -9999.000 -9999.000 -9999.000 -9999.000 -9999.000 -9999.000 -9999.000 -9999.000 -9999.000 -9999.000 -9999.000 -9999.000 -9999.000 -9999.000 -9999.000 -9999.000 -9999.000 -9999.000 -9999.000 -9999.000 -9999.000 -9999.000 -9999.000 -9999.000 -9999.000
-9999.000 -9999.000 -9999.000 -9999.000 -9999.000 -9999.000 -9999.000 -9999.000 -9999.000 -9999.000 -9999.000 -9999.000 -9999.000 -9999.000 -9999.000 0.6862473E-01 0.4160644E-01 0.3465692E-01 0.4082611E-01 0.5276968E-01 0.6606669E-01 0.7955228E-01 0.9255829E-01 0.1041341 0.1148256 0.1244383 0.1334945 0.1446978 0.1671102 0.2106857 0.2106857 -9999.000 -9999.000 -9999.000 -9999.000 -9999.000 -9999.000 -9999.000 -9999.000 -9999.000 -9999.000 -9999.000 -9999.000 -9999.000 -9999.000 -9999.000 -9999.000 -9999.000 -9999.000 -9999.000 -9999.000 -9999.000 -9999.000 -9999.000 -9999.000 -9999.000 -9999.000 -9999.000 -9999.000 -9999.000
-9999.000 -9999.000 -9999.000 -9999.000 -9999.000 -9999.000 -9999.000 -9999.000 -9999.000 -9999.000 -9999.000 -9999.000 -9999.000 -9999.000 -9999.000 0.6375537E-01 0.3454697E-01 0.2818968E-01 0.3582155E-01 0.4881974E-01 0.6319605E-01 0.7791408E-01 0.9225520E-01 0.1051148 0.1171169 0.1279721 0.1382616 0.1510884 0.1769481 0.2312274 0.2312274 -9999.000 -9999.000 -9999.000 -9999.000 -9999.000 -9999.000 -9999.000 -9999.000 -9999.000 -9999.000 -9999.000 -9999.000 -9999.000 -9999.000 -9999.000 -9999.000 -9999.000 -9999.000 -9999.000 -9999.000 -9999.000 -9999.000 -9999.000 -9999.000 -9999.000 -9999.000 -9999.000 -9999.000 -9999.000
-9999.000 -9999.000 -9999.000 -9999.000 -9999.000 -9999.000 -9999.000 -9999.000 -9999.000 -9999.000 -9999.000 -9999.000 -9999.000 -9999.000 -9999.000 0.5830288E-01 0.2732332E-01 0.2296997E-01 0.3212366E-01 0.4562348E-01 0.6074475E-01 0.7652564E-01 0.9212149E-01 0.1062217 0.1195237 0.1316153 0.1431437 0.1576569 0.1872630 0.2548271 0.2548271 -9999.000 -9999.000 -9999.000 -9999.000 -9999.000 -9999.000 -9999.000 -9999.000 -9999.000 -9999.000 -9999.000 -9999.000 -9999.000 -9999.000 -9999.000 -9999.000 -9999.000 -9999.000 -9999.000 -9999.000 -9999.000 -9999.000 -9999.000 -9999.000 -9999.000 -9999.000 -9999.000 -9999.000 -9999.000
-9999.000 -9999.000 -9999.000 -9999.000 -9999.000 -9999.000 -9999.000 -9999.000 -9999.000 -9999.000 -9999.000 -9999.000 -9999.000 -9999.000 -9999.000 0.5216256E-01 0.2027072E-01 0.2062966E-01 0.3061468E-01 0.4359404E-01 0.5893197E-01 0.7552161E-01 0.9225016E-01 0.1075228 0.1220982 0.1354048 0.1481648 0.1644233 0.1981093 0.2824197 0.2824197 -9999.000 -9999.000 -9999.000 -9999.000 -9999.000 -9999.000 -9999.000 -9999.000 -9999.000 -9999.000 -9999.000 -9999.000 -9999.000 -9999.000 -9999.000 -9999.000 -9999.000 -9999.000 -9999.000 -9999.000 -9999.000 -9999.000 -9999.000 -9999.000 -9999.000 -9999.000 -9999.000 -9999.000 -9999.000
-9999.000 -9999.000 -9999.000 -9999.000 -9999.000 -9999.000 -9999.000 -9999.000 -9999.000 -9999.000 -9999.000 -9999.000 -9999.000 -9999.000 -9999.000 0.4489111E-01 0.1546134E-01 0.2447631E-01 0.3365268E-01 0.4456326E-01 0.5910042E-01 0.7588200E-01 0.9336329E-01 0.1095580 0.1252441 0.1396380 0.1535400 0.1715420 0.2096309 0.3154250 0.3154250 -9999.000 -9999.000 -9999.000 -9999.000 -9999.000 -9999.000 -9999.000 -9999.000 -9999.000 -9999.000 -9999.000 -9999.000 -9999.000 -9999.000 -9999.000 -9999.000 -9999.000 -9999.000 -9999.000 -9999.000 -9999.000 -9999.000 -9999.000 -9999.000 -9999.000 -9999.000 -9999.000 -9999.000 -9999.000
-9999.000 -9999.000 -9999.000 -9999.000 -9999.000 -9999.000 -9999.000 -9999.000 -9999.000 -9999.000 -9999.000 -9999.000 -9999.000 -9999.000 -9999.000 0.7076450E-01 0.1079259 0.1237986 0.1154527 0.1069086 0.1037739 0.1059506 0.1130267 0.1225551 0.1343252 0.1465966 0.1596729 0.1783817 0.2208225 0.3531015 0.3531015 -9999.000 -9999.000 -9999.000 -9999.000 -9999.000 -9999.000 -9999.000 -9999.000 -9999.000 -9999.000 -9999.000 -9999.000 -9999.000 -9999.000 -9999.000 -9999.000 -9999.000 -9999.000 -9999.000 -9999.000 -9999.000 -9999.000 -9999.000 -9999.000 -9999.000 -9999.000 -9999.000 -9999.000 -9999.000
2.793113 2.793113 2.781293 2.811532 2.829585 2.829585 2.832442 2.832699 2.832699 2.829363 2.829363 2.823609 2.820070 2.816190 2.812244 2.812244 2.935207 2.938734 2.939752 2.921982 2.882050 2.820698 2.736914 2.629693 2.503138 2.358019 2.198471 2.034357 1.891978 1.846194 1.846194 2.667785 2.838330 2.935616 2.959667 2.959667 2.990524 2.990524 2.968647 2.968647 2.921888 2.733616 2.733616 2.326297 2.326297 2.049121 2.049121 2.049121 2.039594 2.039594 2.074039 2.074039 2.122566 2.122566 2.172381 2.172381 2.216413 2.216413 2.216413 2.250778
2.816146 2.816146 2.807362 2.865047 2.890051 2.890051 2.904772 2.927567 2.927567 2.946299 2.946299 2.962423 2.969759 2.976707 2.983524 2.983524 3.075328 3.092443 3.107316 3.117316 3.121660 3.119396 3.108150 3.084898 3.047985 2.994905 2.924399 2.837547 2.741117 2.670621 2.670621 3.107924 3.260577 3.408714 3.449033 3.449033 3.494087 3.494087 3.492550 3.492550 3.469512 3.363340 3.363340 3.139144 3.139144 2.877430 2.877430 2.877430 2.865959 2.865959 2.902421 2.902421 2.954078 2.954078 3.006451 3.006451 3.053628 3.053628 3.053628 3.092758
2.821922 2.821922 2.808297 2.867012 2.889853 2.889853 2.905233 2.928854 2.928854 2.948187 2.948187 2.964999 2.972723 2.980084 2.987367 2.987367 3.069960 3.098613 3.124489 3.146437 3.164074 3.177388 3.185836 3.188247 3.183738 3.170606 3.147147 3.112651 3.069841 3.038395 3.038395 3.285336 3.431148 3.600378 3.649790 3.649790 3.698956 3.698956 3.685302 3.685302 3.654907 3.555465 3.555465 3.402910 3.402910 3.172858 3.172858 3.172858 3.144938 3.144938 3.169547 3.169547 3.212876 3.212876 3.259147 3.259147 3.301733 3.301733 3.301733 3.337493
2.826473 2.826473 2.809451 2.868142 2.889325 2.889325 2.904952 2.928889 2.928889 2.948220 2.948220 2.965016 2.972744 2.980114 2.987463 2.987463 3.064747 3.103219 3.139372 3.171315 3.198216 3.219971 3.236567 3.247818 3.253762 3.254060 3.248141 3.235739 3.218488 3.208502 3.208502 3.360226 3.489144 3.662454 3.715013 3.715013 3.756191 3.756191 3.718518 3.718518 3.678957 3.591645 3.591645 3.497144 3.497144 3.315488 3.315488 3.315488 3.272725 3.272725 3.283355 3.283355 3.318302 3.318302 3.359797 3.359797 3.399269 3.399269 3.399269 3.432640
2.829902 2.829902 2.810721 2.868922 2.888978 2.888978 2.904730 2.928920 2.928920 2.948238 2.948238 2.965004 2.972728 2.980095 2.987527 2.987527 3.063746 3.110768 3.156296 3.197454 3.232955 3.262403 3.285774 3.303122 3.314728 3.320845 3.321657 3.317563 3.310155 3.307665 3.307665 3.404212 3.511796 3.673627 3.719232 3.719232 3.729339 3.729339 3.661720 3.661720 3.622032 3.566249 3.566249 3.525881 3.525881 3.403318 3.403318 3.403318 3.352916 3.352916 3.348437 3.348437 3.372466 3.372466 3.407528 3.407528 3.442950 3.442950 3.442950 3.473270
2.832277 2.832277 2.811869 2.869416 2.888764 2.888764 2.904574 2.928944 2.928944 2.948245 2.948245 2.964979 2.972698 2.980067 2.987627 2.987627 3.067976 3.122908 3.176935 3.226418 3.269763 3.306371 3.336127 3.359107 3.375599 3.385978 3.390683 3.390379 3.386601 3.385206 3.385206 3.445361 3.528862 3.659480 3.682164 3.682164 3.636578 3.636578 3.555844 3.555844 3.531798 3.521772 3.521772 3.526732 3.526732 3.463011 3.463011 3.463011 3.415276 3.415276 3.398562 3.398562 3.410033 3.410033 3.436319 3.436319 3.465792 3.465792 3.465792 3.491624
2.833666 2.833666 2.812672 2.869693 2.888662 2.888662 2.904502 2.928993 2.928993 2.948301 2.948301 2.965040 2.972771 2.980155 2.987908 2.987908 3.078413 3.141189 3.202961 3.259789 3.309994 3.352925 3.388433 3.416591 3.437647 3.451961 3.459989 3.462395 3.460475 3.458272 3.458272 3.492968 3.550324 3.619704 3.597228 3.597228 3.492059 3.492059 3.437427 3.437427 3.440455 3.475727 3.475727 3.514059 3.514059 3.501448 3.501448 3.501448 3.465622 3.465622 3.442822 3.442822 3.442443 3.442443 3.458240 3.458240 3.479746 3.479746 3.479746 3.499423
2.834122 2.834122 2.812962 2.869781 2.888629 2.888629 2.904475 2.929007 2.929007 2.948318 2.948318 2.965066 2.972804 2.980194 2.988197 2.988197 3.095935 3.166935 3.235891 3.299089 3.355050 3.403243 3.443583 3.476185 3.501285 3.519207 3.530349 3.535269 3.534928 3.531701 3.531701 3.547380 3.574335 3.533521 3.448986 3.448986 3.325793 3.325793 3.332681 3.332681 3.362673 3.432331 3.432331 3.493505 3.493505 3.521947 3.521947 3.521947 3.503602 3.503602 3.481810 3.481810 3.472609 3.472609 3.477466 3.477466 3.489334 3.489334 3.489334 3.501198
2.833663 2.833663 2.812674 2.869692 2.888661 2.888661 2.904501 2.928994 2.928994 2.948301 2.948301 2.965040 2.972772 2.980156 2.988498 2.988498 3.122102 3.202000 3.277687 3.346252 3.406725 3.458891 3.502859 3.538855 3.567156 3.588073 3.601945 3.609203 3.610385 3.605795 3.605795 3.603483 3.586123 3.371890 3.242601 3.242601 3.177617 3.177617 3.253425 3.253425 3.301738 3.392806 3.392806 3.469039 3.469039 3.528626 3.528626 3.528626 3.529162 3.529162 3.514148 3.514148 3.500534 3.500534 3.495410 3.495410 3.496638 3.496638 3.496638 3.499260
2.832272 2.832272 2.811873 2.869415 2.888763 2.888763 2.904573 2.928945 2.928945 2.948246 2.948246 2.964979 2.972698 2.980067 2.988865 2.988865 3.159220 3.248736 3.330627 3.403403 3.466944 3.521560 3.567680 3.605726 3.636075 3.659061 3.674994 3.684166 3.686443 3.678073 3.678073 3.647249 3.547660 3.134347 3.024343 3.024343 3.070385 3.070385 3.191869 3.191869 3.250038 3.353676 3.353676 3.440295 3.440295 3.523019 3.523019 3.523019 3.540982 3.540982 3.536086 3.536086 3.522370 3.522370 3.509457 3.509457 3.500064 3.500064 3.500064 3.492641
2.829896 2.829896 2.810728 2.868921 2.888977 2.888977 2.904729 2.928919 2.928919 2.948238 2.948238 2.965004 2.972728 2.980095 2.989546 2.989546 3.211051 3.310632 3.397827 3.473275 3.538073 3.593269 3.639734 3.678162 3.709082 3.732890 3.749891 3.760194 3.761974 3.739755 3.739755 3.639744 3.393297 2.879036 2.856021 2.856021 2.995688 2.995688 3.138015 3.138015 3.201049 3.312402 3.312402 3.406470 3.406470 3.505916 3.505916 3.505916 3.538294 3.538294 3.544299 3.544299 3.533484 3.533484 3.515457 3.515457 3.496394 3.496394 3.496394 3.478883
2.826464 2.826464 2.809458 2.868141 2.889324 2.889324 2.904951 2.928888 2.928888 2.948220 2.948220 2.965016 2.972745 2.980115 2.990474 2.990474 3.283168 3.392386 3.483130 3.558990 3.622665 3.676116 3.720754 3.757584 3.787311 3.810414 3.827213 3.837328 3.832780 3.757792 3.757792 3.493369 3.082188 2.695060 2.747899 2.747899 2.929299 2.929299 3.080161 3.080161 3.145962 3.262838 3.262838 3.362522 3.362522 3.473886 3.473886 3.473886 3.517306 3.517306 3.533106 3.533106 3.526647 3.526647 3.505883 3.505883 3.478792 3.478792 3.478792 3.452045
