simulation_files/asc/Velocity____332.0.asc
NCOLS        79
NROWS        79
XLLCENTER         -1.500000
YLLCENTER         -4.800000
CELLSIZE           0.100
NODATA_VALUE     -9999.0
[rows 0 to 26 of 79, columns 0 to 59 of 79]
-9999.000 -9999.000 -9999.000 -9999.000 -9999.000 -9999.000 -9999.000 -9999.000 -9999.000 -9999.000 -9999.000 -9999.000 -9999.000 -9999.000 -9999.000 0.9881881E-01 0.9705453E-01 0.9697061E-01 0.9747593E-01 0.9821891E-01 0.9903097E-01 0.9981119E-01 0.1004481 0.1009533 0.1013148 0.1015474 0.1017226 0.1020537 0.1031300 0.1041528 0.1041528 -9999.000 -9999.000 -9999.000 -9999.000 -9999.000 -9999.000 -9999.000 -9999.000 -9999.000 -9999.000 -9999.000 -9999.000 -9999.000 -9999.000 -9999.000 -9999.000 -9999.000 -9999.000 -9999.000 -9999.000 -9999.000 -9999.000 -9999.000 -9999.000 -9999.000 -9999.000 -9999.000 -9999.000 -9999.000
-9999.000 -9999.000 -9999.000 -9999.000 -9999.000 -9999.000 -9999.000 -9999.000 -9999.000 -9999.000 -9999.000 -9999.000 -9999.000 -9999.000 -9999.000 0.9720718E-01 0.9365656E-01 0.9353452E-01 0.9464174E-01 0.9624814E-01 0.9801279E-01 0.9973232E-01 0.1011719 0.1023454 0.1032211 0.1038251 0.1043111 0.1051584 0.1076755 0.1104205 0.1104205 -9999.000 -9999.000 -9999.000 -9999.000 -9999.000 -9999.000 -9999.000 -9999.000 -9999.000 -9999.000 -9999.000 -9999.000 -9999.000 -9999.000 -9999.000 -9999.000 -9999.000 -9999.000 -9999.000 -9999.000 -9999.000 -9999.000 -9999.000 -9999.000 -9999.000 -9999.000 -9999.000 -9999.000 -9999.000
-9999.000 -9999.000 -9999.000 -9999.000 -9999.000 -9999.000 -9999.000 -9999.000 -9999.000 -9999.000 -9999.000 -9999.000 -9999.000 -9999.000 -9999.000 0.9415887E-01 0.8878082E-01 0.8860394E-01 0.9040222E-01 0.9301808E-01 0.9592275E-01 0.9880929E-01 0.1013147 0.1034633 0.1051998 0.1065537 0.1077566 0.1095655 0.1140699 0.1193794 0.1193794 -9999.000 -9999.000 -9999.000 -9999.000 -9999.000 -9999.000 -9999.000 -9999.000 -9999.000 -9999.000 -9999.000 -9999.000 -9999.000 -9999.000 -9999.000 -9999.000 -9999.000 -9999.000 -9999.000 -9999.000 -9999.000 -9999.000 -9999.000 -9999.000 -9999.000 -9999.000 -9999.000 -9999.000 -9999.000
-9999.000 -9999.000 -9999.000 -9999.000 -9999.000 -9999.000 -9999.000 -9999.000 -9999.000 -9999.000 -9999.000 -9999.000 -9999.000 -9999.000 -9999.000 0.9041081E-01 0.8331770E-01 0.8310311E-01 0.8562162E-01 0.8927892E-01 0.9336314E-01 0.9747374E-01 0.1011245 0.1043577 0.1070901 0.1093472 0.1114302 0.1143721 0.1210724 0.1295176 0.1295176 -9999.000 -9999.000 -9999.000 -9999.000 -9999.000 -9999.000 -9999.000 -9999.000 -9999.000 -9999.000 -9999.000 -9999.000 -9999.000 -9999.000 -9999.000 -9999.000 -9999.000 -9999.000 -9999.000 -9999.000 -9999.000 -9999.000 -9999.000 -9999.000 -9999.000 -9999.000 -9999.000 -9999.000 -9999.000
-9999.000 -9999.000 -9999.000 -9999.000 -9999.000 -9999.000 -9999.000 -9999.000 -9999.000 -9999.000 -9999.000 -9999.000 -9999.000 -9999.000 -9999.000 0.8619404E-01 0.7746821E-01 0.7724003E-01 0.8051309E-01 0.8524265E-01 0.9053704E-01 0.9590892E-01 0.1007529 0.1051363 0.1089441 0.1121941 0.1152546 0.1194439 0.1285167 0.1406945 0.1406945 -9999.000 -9999.000 -9999.000 -9999.000 -9999.000 -9999.000 -9999.000 -9999.000 -9999.000 -9999.000 -9999.000 -9999.000 -9999.000 -9999.000 -9999.000 -9999.000 -9999.000 -9999.000 -9999.000 -9999.000 -9999.000 -9999.000 -9999.000 -9999.000 -9999.000 -9999.000 -9999.000 -9999.000 -9999.000
-9999.000 -9999.000 -9999.000 -9999.000 -9999.000 -9999.000 -9999.000 -9999.000 -9999.000 -9999.000 -9999.000 -9999.000 -9999.000 -9999.000 -9999.000 0.8159672E-01 0.7132129E-01 0.7112028E-01 0.7519481E-01 0.8103186E-01 0.8756340E-01 0.9422413E-01 0.1002922 0.1058687 0.1108028 0.1151020 0.1192033 0.1247262 0.1363416 0.1529331 0.1529331 -9999.000 -9999.000 -9999.000 -9999.000 -9999.000 -9999.000 -9999.000 -9999.000 -9999.000 -9999.000 -9999.000 -9999.000 -9999.000 -9999.000 -9999.000 -9999.000 -9999.000 -9999.000 -9999.000 -9999.000 -9999.000 -9999.000 -9999.000 -9999.000 -9999.000 -9999.000 -9999.000 -9999.000 -9999.000
-9999.000 -9999.000 -9999.000 -9999.000 -9999.000 -9999.000 -9999.000 -9999.000 -9999.000 -9999.000 -9999.000 -9999.000 -9999.000 -9999.000 -9999.000 0.7663794E-01 0.6491108E-01 0.6480026E-01 0.6973758E-01 0.7672062E-01 0.8451249E-01 0.9248205E-01 0.9979458E-01 0.1065946 0.1126905 0.1180774 0.1232655 0.1301966 0.1445345 0.1663592 0.1663592 -9999.000 -9999.000 -9999.000 -9999.000 -9999.000 -9999.000 -9999.000 -9999.000 -9999.000 -9999.000 -9999.000 -9999.000 -9999.000 -9999.000 -9999.000 -9999.000 -9999.000 -9999.000 -9999.000 -9999.000 -9999.000 -9999.000 -9999.000 -9999.000 -9999.000 -9999.000 -9999.000 -9999.000 -9999.000
-9999.000 -9999.000 -9999.000 -9999.000 -9999.000 -9999.000 -9999.000 -9999.000 -9999.000 -9999.000 -9999.000 -9999.000 -9999.000 -9999.000 -9999.000 0.7130242E-01 0.5824754E-01 0.5831965E-01 0.6419688E-01 0.7236383E-01 0.8143219E-01 0.9072294E-01 0.9929170E-01 0.1073376 0.1146210 0.1211238 0.1274355 0.1358467 0.1531077 0.1811797 0.1811797 -9999.000 -9999.000 -9999.000 -9999.000 -9999.000 -9999.000 -9999.000 -9999.000 -9999.000 -9999.000 -9999.000 -9999.000 -9999.000 -9999.000 -9999.000 -9999.000 -9999.000 -9999.000 -9999.000 -9999.000 -9999.000 -9999.000 -9999.000 -9999.000 -9999.000 -9999.000 -9999.000 -9999.000 -9999.000
-9999.000 -9999.000 -9999.000 -9999.000 -9999.000 -9999.000 -9999.000 -9999.000 -9999.000 -9999.000 -9999.000 -9999.000 -9999.000 -9999.000 -9999.000 0.6555553E-01 0.5133252E-01 0.5172520E-01 0.5863523E-01 0.6801663E-01 0.7836547E-01 0.8897853E-01 0.9880617E-01 0.1081138 0.1166036 0.1242436 0.1317099 0.1416744 0.1620867 0.1976861 0.1976861 -9999.000 -9999.000 -9999.000 -9999.000 -9999.000 -9999.000 -9999.000 -9999.000 -9999.000 -9999.000 -9999.000 -9999.000 -9999.000 -9999.000 -9999.000 -9999.000 -9999.000 -9999.000 -9999.000 -9999.000 -9999.000 -9999.000 -9999.000 -9999.000 -9999.000 -9999.000 -9999.000 -9999.000 -9999.000
-9999.000 -9999.000 -9999.000 -9999.000 -9999.000 -9999.000 -9999.000 -9999.000 -9999.000 -9999.000 -9999.000 -9999.000 -9999.000 -9999.000 -9999.000 0.5935085E-01 0.4417444E-01 0.4509600E-01 0.5314464E-01 0.6375083E-01 0.7536196E-01 0.8728262E-01 0.9836110E-01 0.1089394 0.1186479 0.1274398 0.1360867 0.1476813 0.1715064 0.2162749 0.2162749 -9999.000 -9999.000 -9999.000 -9999.000 -9999.000 -9999.000 -9999.000 -9999.000 -9999.000 -9999.000 -9999.000 -9999.000 -9999.000 -9999.000 -9999.000 -9999.000 -9999.000 -9999.000 -9999.000 -9999.000 -9999.000 -9999.000 -9999.000 -9999.000 -9999.000 -9999.000 -9999.000 -9999.000 -9999.000
-9999.000 -9999.000 -9999.000 -9999.000 -9999.000 -9999.000 -9999.000 -9999.000 -9999.000 -9999.000 -9999.000 -9999.000 -9999.000 -9999.000 -9999.000 0.5263207E-01 0.3681019E-01 0.3858962E-01 0.4787619E-01 0.5967146E-01 0.7249008E-01 0.8568076E-01 0.9798789E-01 0.1098367 0.1207687 0.1307197 0.1405679 0.1538720 0.1814096 0.2374870 0.2374870 -9999.000 -9999.000 -9999.000 -9999.000 -9999.000 -9999.000 -9999.000 -9999.000 -9999.000 -9999.000 -9999.000 -9999.000 -9999.000 -9999.000 -9999.000 -9999.000 -9999.000 -9999.000 -9999.000 -9999.000 -9999.000 -9999.000 -9999.000 -9999.000 -9999.000 -9999.000 -9999.000 -9999.000 -9999.000
-9999.000 -9999.000 -9999.000 -9999.000 -9999.000 -9999.000 -9999.000 -9999.000 -9999.000 -9999.000 -9999.000 -9999.000 -9999.000 -9999.000 -9999.000 0.4533507E-01 0.2936303E-01 0.3253751E-01 0.4308826E-01 0.5594033E-01 0.6985147E-01 0.8424109E-01 0.9773558E-01 0.1108436 0.1229932 0.1341008 0.1451636 0.1602586 0.1918489 0.2620762 0.2620762 -9999.000 -9999.000 -9999.000 -9999.000 -9999.000 -9999.000 -9999.000 -9999.000 -9999.000 -9999.000 -9999.000 -9999.000 -9999.000 -9999.000 -9999.000 -9999.000 -9999.000 -9999.000 -9999.000 -9999.000 -9999.000 -9999.000 -9999.000 -9999.000 -9999.000 -9999.000 -9999.000 -9999.000 -9999.000
-9999.000 -9999.000 -9999.000 -9999.000 -9999.000 -9999.000 -9999.000 -9999.000 -9999.000 -9999.000 -9999.000 -9999.000 -9999.000 -9999.000 -9999.000 0.3738994E-01 0.2222590E-01 0.2763822E-01 0.3921876E-01 0.5281319E-01 0.6760690E-01 0.8307466E-01 0.9768911E-01 0.1120287 0.1253763 0.1376255 0.1499052 0.1668702 0.2028926 0.2911216 0.2911216 -9999.000 -9999.000 -9999.000 -9999.000 -9999.000 -9999.000 -9999.000 -9999.000 -9999.000 -9999.000 -9999.000 -9999.000 -9999.000 -9999.000 -9999.000 -9999.000 -9999.000 -9999.000 -9999.000 -9999.000 -9999.000 -9999.000 -9999.000 -9999.000 -9999.000 -9999.000 -9999.000 -9999.000 -9999.000
-9999.000 -9999.000 -9999.000 -9999.000 -9999.000 -9999.000 -9999.000 -9999.000 -9999.000 -9999.000 -9999.000 -9999.000 -9999.000 -9999.000 -9999.000 0.2869415E-01 0.1683966E-01 0.2542067E-01 0.3719566E-01 0.5090345E-01 0.6619581E-01 0.8251365E-01 0.9811318E-01 0.1136075 0.1280939 0.1414381 0.1549109 0.1738060 0.2146603 0.3262480 0.3262480 -9999.000 -9999.000 -9999.000 -9999.000 -9999.000 -9999.000 -9999.000 -9999.000 -9999.000 -9999.000 -9999.000 -9999.000 -9999.000 -9999.000 -9999.000 -9999.000 -9999.000 -9999.000 -9999.000 -9999.000 -9999.000 -9999.000 -9999.000 -9999.000 -9999.000 -9999.000 -9999.000 -9999.000 -9999.000
-9999.000 -9999.000 -9999.000 -9999.000 -9999.000 -9999.000 -9999.000 -9999.000 -9999.000 -9999.000 -9999.000 -9999.000 -9999.000 -9999.000 -9999.000 0.4028853E-01 0.6170083E-01 0.7074284E-01 0.7376845E-01 0.7908493E-01 0.8660406E-01 0.9676212E-01 0.1080618 0.1208155 0.1336985 0.1462716 0.1597367 0.1799699 0.2259063 0.3669220 0.3669220 -9999.000 -9999.000 -9999.000 -9999.000 -9999.000 -9999.000 -9999.000 -9999.000 -9999.000 -9999.000 -9999.000 -9999.000 -9999.000 -9999.000 -9999.000 -9999.000 -9999.000 -9999.000 -9999.000 -9999.000 -9999.000 -9999.000 -9999.000 -9999.000 -9999.000 -9999.000 -9999.000 -9999.000 -9999.000
2.707771 2.707771 2.686292 2.737176 2.743733 2.743733 2.747061 2.748400 2.748400 2.745251 2.745251 2.739532 2.736076 2.732340 2.728479 2.728479 2.811823 2.814242 2.805388 2.778023 2.731786 2.665213 2.576202 2.467855 2.340383 2.196168 2.039970 1.882908 1.752880 1.724113 1.724113 2.548428 2.713814 2.801522 2.821738 2.821738 2.843559 2.843559 2.806130 2.806130 2.750790 2.540518 2.540518 2.076945 2.076945 1.907627 1.907627 1.907627 1.917020 1.917020 1.958577 1.958577 2.008318 2.008318 2.056956 2.056956 2.098636 2.098636 2.098636 2.129766
2.730684 2.730684 2.714501 2.785769 2.803458 2.803458 2.817756 2.840777 2.840777 2.859105 2.859105 2.874720 2.881874 2.888704 2.895356 2.895356 2.958485 2.972510 2.984047 2.991379 2.993633 2.988765 2.973845 2.947167 2.906119 2.848830 2.774600 2.685193 2.587874 2.531473 2.531473 2.973726 3.125916 3.269438 3.307206 3.307206 3.346033 3.346033 3.335572 3.335572 3.306796 3.187027 3.187027 2.922675 2.922675 2.723326 2.723326 2.723326 2.732222 2.732222 2.775239 2.775239 2.827940 2.827940 2.879325 2.879325 2.924412 2.924412 2.924412 2.960800
2.736686 2.736686 2.714121 2.785455 2.803549 2.803549 2.818308 2.842077 2.842077 2.861085 2.861085 2.877419 2.884956 2.892185 2.899265 2.899265 2.957411 2.981233 3.003626 3.023155 3.039253 3.051239 3.057964 3.058692 3.051957 3.036072 3.009554 2.972120 2.927027 2.900408 2.900408 3.157606 3.302284 3.466738 3.513233 3.513233 3.555135 3.555135 3.533844 3.533844 3.499777 3.395480 3.395480 3.220686 3.220686 3.022653 3.022653 3.022653 3.015558 3.015558 3.048348 3.048348 3.093434 3.093434 3.138634 3.138634 3.178969 3.178969 3.178969 3.211909
2.741429 2.741429 2.710170 2.785213 2.803454 2.803454 2.818434 2.842275 2.842275 2.861182 2.861182 2.877465 2.884999 2.892235 2.899355 2.899355 2.955734 2.988332 3.020301 3.049181 3.073940 3.094080 3.109157 3.119138 3.123756 3.122526 3.114877 3.100703 3.081951 3.074708 3.074708 3.234536 3.363597 3.532020 3.580799 3.580799 3.612784 3.612784 3.568902 3.568902 3.529221 3.444837 3.444837 3.338767 3.338767 3.166871 3.166871 3.166871 3.142651 3.142651 3.163432 3.163432 3.201560 3.201560 3.242616 3.242616 3.280036 3.280036 3.280036 3.310657
2.745103 2.745103 2.709663 2.784859 2.803136 2.803136 2.818318 2.842314 2.842314 2.861192 2.861192 2.877448 2.884981 2.892220 2.899384 2.899384 2.957585 2.998232 3.039052 3.076589 3.109316 3.136595 3.158108 3.173924 3.184192 3.189049 3.188650 3.183465 3.175283 3.174848 3.174848 3.278086 3.387055 3.543548 3.583870 3.583870 3.583715 3.583715 3.516349 3.516349 3.480798 3.432150 3.432150 3.385231 3.385231 3.257672 3.257672 3.257672 3.220483 3.220483 3.226866 3.226866 3.255826 3.255826 3.291569 3.291569 3.325476 3.325476 3.325476 3.353308
2.747703 2.747703 2.709548 2.784737 2.802944 2.802944 2.818242 2.842345 2.842345 2.861194 2.861194 2.877423 2.884952 2.892190 2.899417 2.899417 2.963867 3.012299 3.061290 3.106729 3.146792 3.180716 3.208191 3.229252 3.244111 3.253075 3.256556 3.255275 3.250933 3.251024 3.251024 3.316675 3.402308 3.525644 3.541056 3.541056 3.489133 3.489133 3.418993 3.418993 3.401477 3.397956 3.397956 3.397980 3.397980 3.321949 3.321949 3.321949 3.280827 3.280827 3.273748 3.273748 3.291414 3.291414 3.319696 3.319696 3.348477 3.348477 3.348477 3.372324
2.749251 2.749251 2.709580 2.784702 2.802841 2.802841 2.818198 2.842360 2.842360 2.861184 2.861184 2.877392 2.884918 2.892158 2.899481 2.899481 2.975520 3.031920 3.088538 3.141071 3.187657 3.227523 3.260386 3.286270 3.305365 3.317985 3.324569 3.325821 3.323186 3.321782 3.321782 3.360547 3.419604 3.476421 3.446376 3.446376 3.348261 3.348261 3.311462 3.311462 3.320185 3.358669 3.358669 3.392576 3.392576 3.365826 3.365826 3.365826 3.330740 3.330740 3.314724 3.314724 3.320707 3.320707 3.339600 3.339600 3.361372 3.361372 3.361372 3.379767
2.749766 2.749766 2.709608 2.784693 2.802805 2.802805 2.818177 2.842350 2.842350 2.861157 2.861157 2.877355 2.884882 2.892124 2.899583 2.899583 2.993653 3.058527 3.122343 3.181128 3.233261 3.278123 3.315541 3.345579 3.368427 3.384373 3.393803 3.397303 3.395943 3.392762 3.392762 3.410638 3.436618 3.374859 3.290081 3.290081 3.193707 3.193707 3.218783 3.218783 3.251250 3.320421 3.320421 3.377236 3.377236 3.392226 3.392226 3.392226 3.370477 3.370477 3.351882 3.351882 3.347962 3.347962 3.356426 3.356426 3.369441 3.369441 3.369441 3.380871
2.749251 2.749251 2.709580 2.784702 2.802842 2.802842 2.818198 2.842360 2.842360 2.861183 2.861183 2.877392 2.884919 2.892158 2.899793 2.899793 3.019857 3.093893 3.164525 3.228653 3.285198 3.333879 3.374743 3.407971 3.433804 3.452520 3.464444 3.470021 3.469846 3.464505 3.464505 3.461562 3.436210 3.198406 3.087241 3.087241 3.061147 3.061147 3.146447 3.146447 3.194496 3.283102 3.283102 3.355333 3.355333 3.403252 3.403252 3.403252 3.398178 3.398178 3.383004 3.383004 3.372624 3.372624 3.370909 3.370909 3.373971 3.373971 3.373971 3.377142
2.747703 2.747703 2.709549 2.784737 2.802944 2.802944 2.818242 2.842345 2.842345 2.861193 2.861193 2.877423 2.884952 2.892189 2.900077 2.900077 3.056414 3.140329 3.217309 3.285709 3.345320 3.396398 3.439326 3.474489 3.502230 3.522858 3.536663 3.543939 3.544512 3.534378 3.534378 3.497412 3.376047 2.960335 2.888361 2.888361 2.965367 2.965367 3.088027 3.088027 3.144513 3.245186 3.245186 3.328163 3.328163 3.400945 3.400945 3.400945 3.412470 3.412470 3.404823 3.404823 3.391920 3.391920 3.381452 3.381452 3.374178 3.374178 3.374178 3.368263
2.745103 2.745103 2.709663 2.784859 2.803136 2.803136 2.818318 2.842314 2.842314 2.861191 2.861191 2.877448 2.884981 2.892219 2.900463 2.900463 3.106857 3.201067 3.283556 3.354792 3.415782 3.467518 3.510829 3.546375 3.574652 3.596035 3.610809 3.619064 3.618693 3.592817 3.592817 3.474442 3.191654 2.727530 2.743926 2.743926 2.894871 2.894871 3.034848 3.034848 3.095676 3.204479 3.204479 3.295145 3.295145 3.386039 3.386039 3.386039 3.411962 3.411962 3.413547 3.413547 3.401408 3.401408 3.384338 3.384338 3.367249 3.367249 3.367249 3.352106
2.741429 2.741429 2.710170 2.785214 2.803455 2.803455 2.818434 2.842274 2.842274 2.861182 2.861182 2.877465 2.885000 2.892236 2.900969 2.900969 3.176692 3.280723 3.367001 3.438896 3.498989 3.549174 3.590814 3.624879 3.652042 3.672760 3.687331 3.695304 3.687584 3.604430 3.604430 3.301634 2.858071 2.577388 2.644984 2.644984 2.828166 2.828166 2.976471 2.976471 3.039814 3.155165 3.155165 3.251564 3.251564 3.355518 3.355518 3.355518 3.392852 3.392852 3.403339 3.403339 3.393728 3.393728 3.372301 3.372301 3.346733 3.346733 3.346733 3.323063
