simulation_files/asc/Velocity__x_34.0.asc
NCOLS        79
NROWS        79
XLLCENTER         -1.500000
YLLCENTER         -4.800000
CELLSIZE           0.100
NODATA_VALUE     -9999.0
[rows 0 to 25 of 79, columns 0 to 57 of 79]
-9999.000 -9999.000 -9999.000 -9999.000 -9999.000 -9999.000 -9999.000 -9999.000 -9999.000 -9999.000 -9999.000 -9999.000 -9999.000 -9999.000 -9999.000 0.7282892E-03 0.2173547E-02 0.4174542E-02 0.5944772E-02 0.7397424E-02 0.8510119E-02 0.9265884E-02 0.9643948E-02 0.9617385E-02 0.9149603E-02 0.8188262E-02 0.6654032E-02 0.4423420E-02 0.1362847E-02 -0.2510149E-03 -0.2510149E-03 -9999.000 -9999.000 -9999.000 -9999.000 -9999.000 -9999.000 -9999.000 -9999.000 -9999.000 -9999.000 -9999.000 -9999.000 -9999.000 -9999.000 -9999.000 -9999.000 -9999.000 -9999.000 -9999.000 -9999.000 -9999.000 -9999.000 -9999.000 -9999.000 -9999.000 -9999.000 -9999.000
-9999.000 -9999.000 -9999.000 -9999.000 -9999.000 -9999.000 -9999.000 -9999.000 -9999.000 -9999.000 -9999.000 -9999.000 -9999.000 -9999.000 -9999.000 0.1560719E-02 0.4265098E-02 0.7888923E-02 0.1114167E-01 0.1385376E-01 0.1594797E-01 0.1736728E-01 0.1805944E-01 0.1797229E-01 0.1705126E-01 0.1523776E-01 0.1247021E-01 0.8690970E-02 0.3931871E-02 0.8400821E-03 0.8400821E-03 -9999.000 -9999.000 -9999.000 -9999.000 -9999.000 -9999.000 -9999.000 -9999.000 -9999.000 -9999.000 -9999.000 -9999.000 -9999.000 -9999.000 -9999.000 -9999.000 -9999.000 -9999.000 -9999.000 -9999.000 -9999.000 -9999.000 -9999.000 -9999.000 -9999.000 -9999.000 -9999.000
-9999.000 -9999.000 -9999.000 -9999.000 -9999.000 -9999.000 -9999.000 -9999.000 -9999.000 -9999.000 -9999.000 -9999.000 -9999.000 -9999.000 -9999.000 0.2370625E-02 0.6279701E-02 0.1145722E-01 0.1611858E-01 0.2002670E-01 0.2305920E-01 0.2512294E-01 0.2613651E-01 0.2602571E-01 0.2472216E-01 0.2216386E-01 0.1829929E-01 0.1309741E-01 0.6646038E-02 0.2036110E-02 0.2036110E-02 -9999.000 -9999.000 -9999.000 -9999.000 -9999.000 -9999.000 -9999.000 -9999.000 -9999.000 -9999.000 -9999.000 -9999.000 -9999.000 -9999.000 -9999.000 -9999.000 -9999.000 -9999.000 -9999.000 -9999.000 -9999.000 -9999.000 -9999.000 -9999.000 -9999.000 -9999.000 -9999.000
-9999.000 -9999.000 -9999.000 -9999.000 -9999.000 -9999.000 -9999.000 -9999.000 -9999.000 -9999.000 -9999.000 -9999.000 -9999.000 -9999.000 -9999.000 0.3200685E-02 0.8310731E-02 0.1501579E-01 0.2106443E-01 0.2615739E-01 0.3013102E-01 0.3285785E-01 0.3422756E-01 0.3414242E-01 0.3251635E-01 0.2927665E-01 0.2436821E-01 0.1776493E-01 0.9582598E-02 0.3357804E-02 0.3357804E-02 -9999.000 -9999.000 -9999.000 -9999.000 -9999.000 -9999.000 -9999.000 -9999.000 -9999.000 -9999.000 -9999.000 -9999.000 -9999.000 -9999.000 -9999.000 -9999.000 -9999.000 -9999.000 -9999.000 -9999.000 -9999.000 -9999.000 -9999.000 -9999.000 -9999.000 -9999.000 -9999.000
-9999.000 -9999.000 -9999.000 -9999.000 -9999.000 -9999.000 -9999.000 -9999.000 -9999.000 -9999.000 -9999.000 -9999.000 -9999.000 -9999.000 -9999.000 0.4094633E-02 0.1044051E-01 0.1867677E-01 0.2612255E-01 0.3242119E-01 0.3736936E-01 0.4080486E-01 0.4258573E-01 0.4258569E-01 0.4069364E-01 0.3681544E-01 0.3087837E-01 0.2284438E-01 0.1283839E-01 0.4846877E-02 0.4846877E-02 -9999.000 -9999.000 -9999.000 -9999.000 -9999.000 -9999.000 -9999.000 -9999.000 -9999.000 -9999.000 -9999.000 -9999.000 -9999.000 -9999.000 -9999.000 -9999.000 -9999.000 -9999.000 -9999.000 -9999.000 -9999.000 -9999.000 -9999.000 -9999.000 -9999.000 -9999.000 -9999.000
-9999.000 -9999.000 -9999.000 -9999.000 -9999.000 -9999.000 -9999.000 -9999.000 -9999.000 -9999.000 -9999.000 -9999.000 -9999.000 -9999.000 -9999.000 0.5100476E-02 0.1275359E-01 0.2254847E-01 0.3142321E-01 0.3897166E-01 0.4495144E-01 0.4916319E-01 0.5142869E-01 0.5158591E-01 0.4948849E-01 0.4500760E-01 0.3803685E-01 0.2850672E-01 0.1653032E-01 0.6557967E-02 0.6557967E-02 -9999.000 -9999.000 -9999.000 -9999.000 -9999.000 -9999.000 -9999.000 -9999.000 -9999.000 -9999.000 -9999.000 -9999.000 -9999.000 -9999.000 -9999.000 -9999.000 -9999.000 -9999.000 -9999.000 -9999.000 -9999.000 -9999.000 -9999.000 -9999.000 -9999.000 -9999.000 -9999.000
-9999.000 -9999.000 -9999.000 -9999.000 -9999.000 -9999.000 -9999.000 -9999.000 -9999.000 -9999.000 -9999.000 -9999.000 -9999.000 -9999.000 -9999.000 0.6271861E-02 0.1534267E-01 0.2674475E-01 0.3709874E-01 0.4596071E-01 0.5305050E-01 0.5812822E-01 0.6097289E-01 0.6137722E-01 0.5914690E-01 0.5410185E-01 0.4608117E-01 0.3495900E-01 0.2080656E-01 0.8563237E-02 0.8563237E-02 -9999.000 -9999.000 -9999.000 -9999.000 -9999.000 -9999.000 -9999.000 -9999.000 -9999.000 -9999.000 -9999.000 -9999.000 -9999.000 -9999.000 -9999.000 -9999.000 -9999.000 -9999.000 -9999.000 -9999.000 -9999.000 -9999.000 -9999.000 -9999.000 -9999.000 -9999.000 -9999.000
-9999.000 -9999.000 -9999.000 -9999.000 -9999.000 -9999.000 -9999.000 -9999.000 -9999.000 -9999.000 -9999.000 -9999.000 -9999.000 -9999.000 -9999.000 0.7667793E-02 0.1830847E-01 0.3138774E-01 0.4328868E-01 0.5354731E-01 0.6184727E-01 0.6790486E-01 0.7144896E-01 0.7221590E-01 0.6994732E-01 0.6439053E-01 0.5530224E-01 0.4246533E-01 0.2586448E-01 0.1096146E-01 0.1096146E-01 -9999.000 -9999.000 -9999.000 -9999.000 -9999.000 -9999.000 -9999.000 -9999.000 -9999.000 -9999.000 -9999.000 -9999.000 -9999.000 -9999.000 -9999.000 -9999.000 -9999.000 -9999.000 -9999.000 -9999.000 -9999.000 -9999.000 -9999.000 -9999.000 -9999.000 -9999.000 -9999.000
-9999.000 -9999.000 -9999.000 -9999.000 -9999.000 -9999.000 -9999.000 -9999.000 -9999.000 -9999.000 -9999.000 -9999.000 -9999.000 -9999.000 -9999.000 0.9348874E-02 0.2175546E-01 0.3660626E-01 0.5014154E-01 0.6190126E-01 0.7153653E-01 0.7871705E-01 0.8311429E-01 0.8439563E-01 0.8221971E-01 0.7623354E-01 0.6607344E-01 0.5137946E-01 0.3198157E-01 0.1389582E-01 0.1389582E-01 -9999.000 -9999.000 -9999.000 -9999.000 -9999.000 -9999.000 -9999.000 -9999.000 -9999.000 -9999.000 -9999.000 -9999.000 -9999.000 -9999.000 -9999.000 -9999.000 -9999.000 -9999.000 -9999.000 -9999.000 -9999.000 -9999.000 -9999.000 -9999.000 -9999.000 -9999.000 -9999.000
-9999.000 -9999.000 -9999.000 -9999.000 -9999.000 -9999.000 -9999.000 -9999.000 -9999.000 -9999.000 -9999.000 -9999.000 -9999.000 -9999.000 -9999.000 0.1137176E-01 0.2578366E-01 0.4253009E-01 0.5781251E-01 0.7120576E-01 0.8233404E-01 0.9081902E-01 0.9626872E-01 0.9826910E-01 0.9637411E-01 0.9009605E-01 0.7889826E-01 0.6220152E-01 0.3957020E-01 0.1758623E-01 0.1758623E-01 -9999.000 -9999.000 -9999.000 -9999.000 -9999.000 -9999.000 -9999.000 -9999.000 -9999.000 -9999.000 -9999.000 -9999.000 -9999.000 -9999.000 -9999.000 -9999.000 -9999.000 -9999.000 -9999.000 -9999.000 -9999.000 -9999.000 -9999.000 -9999.000 -9999.000 -9999.000 -9999.000
-9999.000 -9999.000 -9999.000 -9999.000 -9999.000 -9999.000 -9999.000 -9999.000 -9999.000 -9999.000 -9999.000 -9999.000 -9999.000 -9999.000 -9999.000 0.1377915E-01 0.3047414E-01 0.4927917E-01 0.6645882E-01 0.8165828E-01 0.9448338E-01 0.1045092 0.1112767 0.1142799 0.1129460 0.1066109 0.9449404E-01 0.7568099E-01 0.4928602E-01 0.2239536E-01 0.2239536E-01 -9999.000 -9999.000 -9999.000 -9999.000 -9999.000 -9999.000 -9999.000 -9999.000 -9999.000 -9999.000 -9999.000 -9999.000 -9999.000 -9999.000 -9999.000 -9999.000 -9999.000 -9999.000 -9999.000 -9999.000 -9999.000 -9999.000 -9999.000 -9999.000 -9999.000 -9999.000 -9999.000
-9999.000 -9999.000 -9999.000 -9999.000 -9999.000 -9999.000 -9999.000 -9999.000 -9999.000 -9999.000 -9999.000 -9999.000 -9999.000 -9999.000 -9999.000 0.1658736E-01 0.3587034E-01 0.5694669E-01 0.7622878E-01 0.9346753E-01 0.1082622 0.1201468 0.1285970 0.1330102 0.1326679 0.1266848 0.1139430 0.9301759E-01 0.6225360E-01 0.2897238E-01 0.2897238E-01 -9999.000 -9999.000 -9999.000 -9999.000 -9999.000 -9999.000 -9999.000 -9999.000 -9999.000 -9999.000 -9999.000 -9999.000 -9999.000 -9999.000 -9999.000 -9999.000 -9999.000 -9999.000 -9999.000 -9999.000 -9999.000 -9999.000 -9999.000 -9999.000 -9999.000 -9999.000 -9999.000
-9999.000 -9999.000 -9999.000 -9999.000 -9999.000 -9999.000 -9999.000 -9999.000 -9999.000 -9999.000 -9999.000 -9999.000 -9999.000 -9999.000 -9999.000 0.1977213E-01 0.4195626E-01 0.6558095E-01 0.8725107E-01 0.1068517 0.1239906 0.1381742 0.1488253 0.1552526 0.1565872 0.1516852 0.1389824 0.1162837 0.8059456E-01 0.3860558E-01 0.3860558E-01 -9999.000 -9999.000 -9999.000 -9999.000 -9999.000 -9999.000 -9999.000 -9999.000 -9999.000 -9999.000 -9999.000 -9999.000 -9999.000 -9999.000 -9999.000 -9999.000 -9999.000 -9999.000 -9999.000 -9999.000 -9999.000 -9999.000 -9999.000 -9999.000 -9999.000 -9999.000 -9999.000
-9999.000 -9999.000 -9999.000 -9999.000 -9999.000 -9999.000 -9999.000 -9999.000 -9999.000 -9999.000 -9999.000 -9999.000 -9999.000 -9999.000 -9999.000 0.2336024E-01 0.4878866E-01 0.7534589E-01 0.9980322E-01 0.1221996 0.1421794 0.1592552 0.1728357 0.1821828 0.1863150 0.1838405 0.1726699 0.1495013 0.1089703 0.5436937E-01 0.5436937E-01 -9999.000 -9999.000 -9999.000 -9999.000 -9999.000 -9999.000 -9999.000 -9999.000 -9999.000 -9999.000 -9999.000 -9999.000 -9999.000 -9999.000 -9999.000 -9999.000 -9999.000 -9999.000 -9999.000 -9999.000 -9999.000 -9999.000 -9999.000 -9999.000 -9999.000 -9999.000 -9999.000
-9999.000 -9999.000 -9999.000 -9999.000 -9999.000 -9999.000 -9999.000 -9999.000 -9999.000 -9999.000 -9999.000 -9999.000 -9999.000 -9999.000 -9999.000 0.3603730E-01 0.6641968E-01 0.9686648E-01 0.1238837 0.1482569 0.1701087 0.1892774 0.2053870 0.2178232 0.2256307 0.2272848 0.2202016 0.1996284 0.1559934 0.7819311E-01 0.7819311E-01 -9999.000 -9999.000 -9999.000 -9999.000 -9999.000 -9999.000 -9999.000 -9999.000 -9999.000 -9999.000 -9999.000 -9999.000 -9999.000 -9999.000 -9999.000 -9999.000 -9999.000 -9999.000 -9999.000 -9999.000 -9999.000 -9999.000 -9999.000 -9999.000 -9999.000 -9999.000 -9999.000
1.226986 1.226986 1.149749 1.111290 1.092855 1.092855 1.074505 1.036473 1.036473 0.9930711 0.9930711 0.9371126 0.9000561 0.8523967 0.7882388 0.7882388 0.6450089 0.5865838 0.5299439 0.4783573 0.4341661 0.3987263 0.3723874 0.3546771 0.3446821 0.3416210 0.3457437 0.3600915 0.3949099 0.4637223 0.4637223 1.220252 1.471364 1.652748 1.659342 1.659342 1.540185 1.540185 1.313459 1.313459 0.9062606 0.5875498 0.5875498 0.5879092 0.5879092 0.6307634 0.6307634 0.6307634 0.6861305 0.6861305 0.7307611 0.7307611 0.7685792 0.7685792 0.8089837 0.8089837 0.8444527 0.8444527
1.241952 1.241952 1.164864 1.136854 1.123390 1.123390 1.109786 1.080337 1.080337 1.043896 1.043896 0.9941231 0.9622466 0.9254404 0.8848999 0.8848999 0.8181917 0.7835315 0.7433131 0.6990235 0.6528492 0.6074758 0.5657995 0.5306476 0.5046294 0.4902878 0.4907857 0.5116233 0.5648243 0.6743017 0.6743017 1.185245 1.370785 1.504027 1.524803 1.524803 1.514604 1.514604 1.451663 1.451663 1.315769 0.9296752 0.9296752 0.9239121 0.9239121 0.9578353 0.9578353 0.9578353 1.009330 1.009330 1.049794 1.049794 1.071175 1.071175 1.115402 1.115402 1.151620 1.151620
1.246761 1.246761 1.165185 1.137679 1.124614 1.124614 1.111557 1.083937 1.083937 1.051294 1.051294 1.009756 0.9848903 0.9576555 0.9293156 0.9293156 0.8895425 0.8705605 0.8472302 0.8192320 0.7871065 0.7522073 0.7166525 0.6832516 0.6554350 0.6372762 0.6338103 0.6521078 0.7043207 0.8154230 0.8154230 1.203462 1.367247 1.496504 1.524789 1.524789 1.535072 1.535072 1.496834 1.496834 1.440622 1.172774 1.172774 1.103985 1.103985 1.118953 1.118953 1.118953 1.172206 1.172206 1.207817 1.207817 1.236558 1.236558 1.267240 1.267240 1.295974 1.295974
1.251148 1.251148 1.165507 1.138400 1.125681 1.125681 1.113116 1.087193 1.087193 1.057974 1.057974 1.023079 1.003271 0.9823436 0.9612367 0.9612367 0.9353337 0.9244646 0.9110149 0.8942373 0.8739744 0.8506978 0.8255846 0.8005962 0.7785596 0.7632945 0.7598976 0.7755002 0.8214287 0.9203400 0.9203400 1.224999 1.373657 1.498563 1.526932 1.526932 1.537450 1.537450 1.511370 1.511370 1.487438 1.345255 1.345255 1.240464 1.240464 1.244953 1.244953 1.244953 1.285132 1.285132 1.316185 1.316185 1.341658 1.341658 1.366036 1.366036 1.389497 1.389497
1.255158 1.255158 1.165945 1.139346 1.127053 1.127053 1.115080 1.091105 1.091105 1.065506 1.065506 1.036897 1.021460 1.005628 0.9899573 0.9899573 0.9736118 0.9673073 0.9593025 0.9490963 0.9365163 0.9217529 0.9054668 0.8889318 0.8741986 0.8642984 0.8635552 0.8782164 0.9181115 1.002940 1.002940 1.245405 1.378584 1.491515 1.514624 1.514624 1.519588 1.519588 1.507942 1.507942 1.502984 1.449410 1.449410 1.361601 1.361601 1.339476 1.339476 1.339476 1.368345 1.368345 1.395242 1.395242 1.418003 1.418003 1.438244 1.438244 1.457414 1.457414
1.258734 1.258734 1.166462 1.140463 1.128653 1.128653 1.117339 1.095466 1.095466 1.073596 1.073596 1.051137 1.039832 1.028720 1.017993 1.017993 1.010221 1.007019 1.002084 0.9953948 0.9870966 0.9774874 0.9670923 0.9568076 0.9480886 0.9431901 0.9455021 0.9601195 0.9952118 1.067778 1.067778 1.262234 1.378538 1.470713 1.485551 1.485551 1.489575 1.489575 1.498814 1.498814 1.507899 1.506227 1.506227 1.458994 1.458994 1.420343 1.420343 1.420343 1.436831 1.436831 1.458100 1.458100 1.477713 1.477713 1.494689 1.494689 1.510195 1.510195
1.261793 1.261793 1.167022 1.141688 1.130392 1.130392 1.119768 1.100050 1.100050 1.081899 1.081899 1.065480 1.058248 1.051871 1.046255 1.046255 1.047625 1.046994 1.043884 1.038825 1.032419 1.025262 1.017978 1.011333 1.006401 1.004808 1.009091 1.023252 1.053953 1.115876 1.115876 1.271421 1.368868 1.433380 1.441653 1.441653 1.456710 1.456710 1.489940 1.489940 1.509539 1.536704 1.536704 1.527315 1.527315 1.491522 1.491522 1.491522 1.497060 1.497060 1.511314 1.511314 1.526776 1.526776 1.540492 1.540492 1.552661 1.552661
1.264240 1.264240 1.167592 1.142961 1.132185 1.132185 1.122250 1.104650 1.104650 1.090107 1.090107 1.079575 1.076432 1.075026 1.075153 1.075153 1.087344 1.089117 1.087075 1.082391 1.076194 1.069462 1.063033 1.057676 1.054220 1.053766 1.058085 1.070219 1.095587 1.146709 1.146709 1.267416 1.343115 1.380721 1.389661 1.389661 1.427879 1.427879 1.482707 1.482707 1.509755 1.553409 1.553409 1.570231 1.570231 1.551239 1.551239 1.551239 1.550721 1.550721 1.558148 1.558148 1.568594 1.568594 1.578574 1.578574 1.587344 1.587344
1.265971 1.265971 1.168145 1.144221 1.133950 1.133950 1.124677 1.109087 1.109087 1.097943 1.097943 1.093056 1.094010 1.097907 1.104808 1.104808 1.130775 1.134855 1.133227 1.127880 1.120561 1.112678 1.105322 1.099313 1.095252 1.093658 1.095477 1.102843 1.120278 1.158519 1.158519 1.243516 1.294869 1.320082 1.338234 1.338234 1.404857 1.404857 1.476131 1.476131 1.508353 1.562092 1.562092 1.595190 1.595190 1.597224 1.597224 1.597224 1.596644 1.596644 1.599376 1.599376 1.604780 1.604780 1.610545 1.610545 1.615541 1.615541
1.266877 1.266877 1.168658 1.145416 1.135615 1.135615 1.126952 1.113199 1.113199 1.105159 1.105159 1.105544 1.110515 1.119997 1.134974 1.134974 1.179535 1.185701 1.183680 1.176555 1.166833 1.156414 1.146657 1.138414 1.131944 1.126822 1.122764 1.120937 1.125671 1.147667 1.147667 1.198340 1.224108 1.261804 1.287820 1.287820 1.384265 1.384265 1.468004 1.468004 1.504182 1.565000 1.565000 1.608384 1.608384 1.629579 1.629579 1.629579 1.633386 1.633386 1.634539 1.634539 1.635916 1.635916 1.637383 1.637383 1.638289 1.638289
1.266848 1.266848 1.169115 1.146498 1.137114 1.137114 1.128992 1.116854 1.116854 1.111544 1.111544 1.116672 1.125420 1.140514 1.164742 1.164742 1.235692 1.243380 1.239790 1.229459 1.215861 1.201479 1.187966 1.176158 1.165699 1.154214 1.139131 1.120839 1.105537 1.105274 1.105274 1.123709 1.143097 1.211999 1.256911 1.256911 1.366642 1.366642 1.460810 1.460810 1.499941 1.565596 1.565596 1.615372 1.615372 1.651245 1.651245 1.651245 1.661187 1.661187 1.663398 1.663398 1.662348 1.662348 1.659981 1.659981 1.656779 1.656779
