simulation_files/asc/Velocity__x_153.0.asc
NCOLS        79
NROWS        79
XLLCENTER         -1.500000
YLLCENTER         -4.800000
CELLSIZE           0.100
NODATA_VALUE     -9999.0
[rows 0 to 25 of 79, columns 0 to 57 of 79]
-9999.000 -9999.000 -9999.000 -9999.000 -9999.000 -9999.000 -9999.000 -9999.000 -9999.000 -9999.000 -9999.000 -9999.000 -9999.000 -9999.000 -9999.000 0.6003333E-03 0.2164550E-02 0.4707408E-02 0.7181606E-02 0.9382830E-02 0.1117837E-01 0.1250616E-01 0.1334707E-01 0.1370722E-01 0.1362391E-01 0.1314209E-01 0.1225194E-01 0.1074273E-01 0.7781843E-02 0.3818012E-02 0.3818012E-02 -9999.000 -9999.000 -9999.000 -9999.000 -9999.000 -9999.000 -9999.000 -9999.000 -9999.000 -9999.000 -9999.000 -9999.000 -9999.000 -9999.000 -9999.000 -9999.000 -9999.000 -9999.000 -9999.000 -9999.000 -9999.000 -9999.000 -9999.000 -9999.000 -9999.000 -9999.000 -9999.000
-9999.000 -9999.000 -9999.000 -9999.000 -9999.000 -9999.000 -9999.000 -9999.000 -9999.000 -9999.000 -9999.000 -9999.000 -9999.000 -9999.000 -9999.000 0.1602295E-02 0.4216919E-02 0.7827247E-02 0.1130244E-01 0.1439461E-01 0.1692452E-01 0.1878668E-01 0.1992582E-01 0.2031950E-01 0.1998305E-01 0.1894552E-01 0.1719242E-01 0.1453834E-01 0.1026691E-01 0.5042860E-02 0.5042860E-02 -9999.000 -9999.000 -9999.000 -9999.000 -9999.000 -9999.000 -9999.000 -9999.000 -9999.000 -9999.000 -9999.000 -9999.000 -9999.000 -9999.000 -9999.000 -9999.000 -9999.000 -9999.000 -9999.000 -9999.000 -9999.000 -9999.000 -9999.000 -9999.000 -9999.000 -9999.000 -9999.000
-9999.000 -9999.000 -9999.000 -9999.000 -9999.000 -9999.000 -9999.000 -9999.000 -9999.000 -9999.000 -9999.000 -9999.000 -9999.000 -9999.000 -9999.000 0.2187756E-02 0.5449045E-02 0.9753839E-02 0.1386337E-01 0.1750343E-01 0.2047059E-01 0.2263987E-01 0.2394149E-01 0.2434291E-01 0.2385667E-01 0.2251555E-01 0.2031358E-01 0.1707261E-01 0.1206184E-01 0.5965634E-02 0.5965634E-02 -9999.000 -9999.000 -9999.000 -9999.000 -9999.000 -9999.000 -9999.000 -9999.000 -9999.000 -9999.000 -9999.000 -9999.000 -9999.000 -9999.000 -9999.000 -9999.000 -9999.000 -9999.000 -9999.000 -9999.000 -9999.000 -9999.000 -9999.000 -9999.000 -9999.000 -9999.000 -9999.000
-9999.000 -9999.000 -9999.000 -9999.000 -9999.000 -9999.000 -9999.000 -9999.000 -9999.000 -9999.000 -9999.000 -9999.000 -9999.000 -9999.000 -9999.000 0.2585952E-02 0.6286460E-02 0.1106249E-01 0.1560530E-01 0.1962231E-01 0.2289329E-01 0.2528086E-01 0.2670764E-01 0.2713610E-01 0.2657848E-01 0.2507075E-01 0.2261082E-01 0.1901570E-01 0.1351474E-01 0.6741989E-02 0.6741989E-02 -9999.000 -9999.000 -9999.000 -9999.000 -9999.000 -9999.000 -9999.000 -9999.000 -9999.000 -9999.000 -9999.000 -9999.000 -9999.000 -9999.000 -9999.000 -9999.000 -9999.000 -9999.000 -9999.000 -9999.000 -9999.000 -9999.000 -9999.000 -9999.000 -9999.000 -9999.000 -9999.000
-9999.000 -9999.000 -9999.000 -9999.000 -9999.000 -9999.000 -9999.000 -9999.000 -9999.000 -9999.000 -9999.000 -9999.000 -9999.000 -9999.000 -9999.000 0.2897628E-02 0.6938290E-02 0.1207600E-01 0.1695421E-01 0.2126746E-01 0.2478211E-01 0.2735247E-01 0.2889575E-01 0.2937077E-01 0.2879023E-01 0.2719262E-01 0.2457546E-01 0.2074441E-01 0.1487302E-01 0.7492512E-02 0.7492512E-02 -9999.000 -9999.000 -9999.000 -9999.000 -9999.000 -9999.000 -9999.000 -9999.000 -9999.000 -9999.000 -9999.000 -9999.000 -9999.000 -9999.000 -9999.000 -9999.000 -9999.000 -9999.000 -9999.000 -9999.000 -9999.000 -9999.000 -9999.000 -9999.000 -9999.000 -9999.000 -9999.000
-9999.000 -9999.000 -9999.000 -9999.000 -9999.000 -9999.000 -9999.000 -9999.000 -9999.000 -9999.000 -9999.000 -9999.000 -9999.000 -9999.000 -9999.000 0.3176486E-02 0.7517286E-02 0.1296962E-01 0.1814215E-01 0.2271892E-01 0.2645459E-01 0.2919733E-01 0.3086035E-01 0.3139987E-01 0.3082911E-01 0.2918804E-01 0.2647250E-01 0.2247079E-01 0.1628574E-01 0.8293637E-02 0.8293637E-02 -9999.000 -9999.000 -9999.000 -9999.000 -9999.000 -9999.000 -9999.000 -9999.000 -9999.000 -9999.000 -9999.000 -9999.000 -9999.000 -9999.000 -9999.000 -9999.000 -9999.000 -9999.000 -9999.000 -9999.000 -9999.000 -9999.000 -9999.000 -9999.000 -9999.000 -9999.000 -9999.000
-9999.000 -9999.000 -9999.000 -9999.000 -9999.000 -9999.000 -9999.000 -9999.000 -9999.000 -9999.000 -9999.000 -9999.000 -9999.000 -9999.000 -9999.000 0.3451986E-02 0.8085344E-02 0.1384025E-01 0.1929663E-01 0.2413024E-01 0.2808526E-01 0.3100433E-01 0.3279818E-01 0.3342026E-01 0.3288529E-01 0.3123495E-01 0.2846121E-01 0.2433017E-01 0.1785697E-01 0.9203393E-02 0.9203393E-02 -9999.000 -9999.000 -9999.000 -9999.000 -9999.000 -9999.000 -9999.000 -9999.000 -9999.000 -9999.000 -9999.000 -9999.000 -9999.000 -9999.000 -9999.000 -9999.000 -9999.000 -9999.000 -9999.000 -9999.000 -9999.000 -9999.000 -9999.000 -9999.000 -9999.000 -9999.000 -9999.000
-9999.000 -9999.000 -9999.000 -9999.000 -9999.000 -9999.000 -9999.000 -9999.000 -9999.000 -9999.000 -9999.000 -9999.000 -9999.000 -9999.000 -9999.000 0.3740736E-02 0.8677587E-02 0.1474304E-01 0.2049110E-01 0.2559090E-01 0.2977618E-01 0.3288563E-01 0.3482782E-01 0.3555429E-01 0.3508142E-01 0.3345272E-01 0.3065525E-01 0.2642713E-01 0.1967722E-01 0.1027551E-01 0.1027551E-01 -9999.000 -9999.000 -9999.000 -9999.000 -9999.000 -9999.000 -9999.000 -9999.000 -9999.000 -9999.000 -9999.000 -9999.000 -9999.000 -9999.000 -9999.000 -9999.000 -9999.000 -9999.000 -9999.000 -9999.000 -9999.000 -9999.000 -9999.000 -9999.000 -9999.000 -9999.000 -9999.000
-9999.000 -9999.000 -9999.000 -9999.000 -9999.000 -9999.000 -9999.000 -9999.000 -9999.000 -9999.000 -9999.000 -9999.000 -9999.000 -9999.000 -9999.000 0.4053752E-02 0.9317163E-02 0.1571430E-01 0.2177471E-01 0.2716127E-01 0.3159793E-01 0.3491994E-01 0.3703497E-01 0.3789273E-01 0.3751242E-01 0.3594006E-01 0.3315601E-01 0.2886465E-01 0.2184555E-01 0.1157296E-01 0.1157296E-01 -9999.000 -9999.000 -9999.000 -9999.000 -9999.000 -9999.000 -9999.000 -9999.000 -9999.000 -9999.000 -9999.000 -9999.000 -9999.000 -9999.000 -9999.000 -9999.000 -9999.000 -9999.000 -9999.000 -9999.000 -9999.000 -9999.000 -9999.000 -9999.000 -9999.000 -9999.000 -9999.000
-9999.000 -9999.000 -9999.000 -9999.000 -9999.000 -9999.000 -9999.000 -9999.000 -9999.000 -9999.000 -9999.000 -9999.000 -9999.000 -9999.000 -9999.000 0.4399096E-02 0.1002198E-01 0.1678348E-01 0.2318786E-01 0.2889227E-01 0.3361079E-01 0.3717687E-01 0.3949797E-01 0.4052249E-01 0.4027395E-01 0.3880131E-01 0.3607747E-01 0.3176536E-01 0.2448802E-01 0.1317835E-01 0.1317835E-01 -9999.000 -9999.000 -9999.000 -9999.000 -9999.000 -9999.000 -9999.000 -9999.000 -9999.000 -9999.000 -9999.000 -9999.000 -9999.000 -9999.000 -9999.000 -9999.000 -9999.000 -9999.000 -9999.000 -9999.000 -9999.000 -9999.000 -9999.000 -9999.000 -9999.000 -9999.000 -9999.000
-9999.000 -9999.000 -9999.000 -9999.000 -9999.000 -9999.000 -9999.000 -9999.000 -9999.000 -9999.000 -9999.000 -9999.000 -9999.000 -9999.000 -9999.000 0.4785429E-02 0.1081138E-01 0.1798231E-01 0.2477395E-01 0.3083904E-01 0.3588179E-01 0.3973494E-01 0.4230712E-01 0.4354625E-01 0.4348191E-01 0.4216769E-01 0.3956736E-01 0.3529428E-01 0.2778045E-01 0.1520880E-01 0.1520880E-01 -9999.000 -9999.000 -9999.000 -9999.000 -9999.000 -9999.000 -9999.000 -9999.000 -9999.000 -9999.000 -9999.000 -9999.000 -9999.000 -9999.000 -9999.000 -9999.000 -9999.000 -9999.000 -9999.000 -9999.000 -9999.000 -9999.000 -9999.000 -9999.000 -9999.000 -9999.000 -9999.000
-9999.000 -9999.000 -9999.000 -9999.000 -9999.000 -9999.000 -9999.000 -9999.000 -9999.000 -9999.000 -9999.000 -9999.000 -9999.000 -9999.000 -9999.000 0.5223877E-02 0.1170945E-01 0.1935086E-01 0.2658939E-01 0.3307379E-01 0.3849848E-01 0.4269777E-01 0.4558320E-01 0.4710311E-01 0.4729661E-01 0.4622352E-01 0.4383753E-01 0.3969157E-01 0.3198384E-01 0.1783996E-01 0.1783996E-01 -9999.000 -9999.000 -9999.000 -9999.000 -9999.000 -9999.000 -9999.000 -9999.000 -9999.000 -9999.000 -9999.000 -9999.000 -9999.000 -9999.000 -9999.000 -9999.000 -9999.000 -9999.000 -9999.000 -9999.000 -9999.000 -9999.000 -9999.000 -9999.000 -9999.000 -9999.000 -9999.000
-9999.000 -9999.000 -9999.000 -9999.000 -9999.000 -9999.000 -9999.000 -9999.000 -9999.000 -9999.000 -9999.000 -9999.000 -9999.000 -9999.000 -9999.000 0.5730711E-02 0.1275234E-01 0.2094834E-01 0.2871664E-01 0.3570189E-01 0.4158980E-01 0.4621856E-01 0.4950507E-01 0.5140071E-01 0.5195780E-01 0.5124616E-01 0.4920857E-01 0.4532486E-01 0.3750468E-01 0.2134694E-01 0.2134694E-01 -9999.000 -9999.000 -9999.000 -9999.000 -9999.000 -9999.000 -9999.000 -9999.000 -9999.000 -9999.000 -9999.000 -9999.000 -9999.000 -9999.000 -9999.000 -9999.000 -9999.000 -9999.000 -9999.000 -9999.000 -9999.000 -9999.000 -9999.000 -9999.000 -9999.000 -9999.000 -9999.000
-9999.000 -9999.000 -9999.000 -9999.000 -9999.000 -9999.000 -9999.000 -9999.000 -9999.000 -9999.000 -9999.000 -9999.000 -9999.000 -9999.000 -9999.000 0.6389576E-02 0.1410065E-01 0.2300870E-01 0.3144417E-01 0.3905044E-01 0.4550908E-01 0.5067221E-01 0.5446962E-01 0.5686259E-01 0.5792572E-01 0.5774480E-01 0.5625242E-01 0.5283932E-01 0.4505343E-01 0.2622801E-01 0.2622801E-01 -9999.000 -9999.000 -9999.000 -9999.000 -9999.000 -9999.000 -9999.000 -9999.000 -9999.000 -9999.000 -9999.000 -9999.000 -9999.000 -9999.000 -9999.000 -9999.000 -9999.000 -9999.000 -9999.000 -9999.000 -9999.000 -9999.000 -9999.000 -9999.000 -9999.000 -9999.000 -9999.000
-9999.000 -9999.000 -9999.000 -9999.000 -9999.000 -9999.000 -9999.000 -9999.000 -9999.000 -9999.000 -9999.000 -9999.000 -9999.000 -9999.000 -9999.000 0.2087621E-01 0.3420942E-01 0.4697065E-01 0.5639974E-01 0.6300719E-01 0.6722543E-01 0.6956180E-01 0.7036346E-01 0.6992812E-01 0.6853175E-01 0.6634321E-01 0.6327222E-01 0.5859312E-01 0.4949401E-01 0.2509820E-01 0.2509820E-01 -9999.000 -9999.000 -9999.000 -9999.000 -9999.000 -9999.000 -9999.000 -9999.000 -9999.000 -9999.000 -9999.000 -9999.000 -9999.000 -9999.000 -9999.000 -9999.000 -9999.000 -9999.000 -9999.000 -9999.000 -9999.000 -9999.000 -9999.000 -9999.000 -9999.000 -9999.000 -9999.000
2.523913 2.523913 2.570804 2.611320 2.616942 2.616942 2.620223 2.622802 2.622802 2.622073 2.622073 2.619131 2.617030 2.614583 2.611838 2.611838 2.613889 2.603329 2.583003 2.549045 2.498556 2.428694 2.340492 2.233644 2.109370 1.970098 1.820895 1.673405 1.553176 1.522026 1.522026 2.348039 2.505564 2.580659 2.596666 2.596666 2.611306 2.611306 2.567081 2.567081 2.509796 2.296883 2.296883 1.852307 1.852307 1.723126 1.723126 1.723126 1.741770 1.741770 1.784820 1.784820 1.832711 1.832711 1.877651 1.877651 1.915671 1.915671
2.540888 2.540888 2.602346 2.658239 2.674404 2.674404 2.688205 2.711704 2.711704 2.731724 2.731724 2.749365 2.757495 2.765236 2.772632 2.772632 2.782662 2.787342 2.792578 2.795632 2.793688 2.783702 2.763589 2.730799 2.683270 2.619615 2.539722 2.443944 2.348710 2.297380 2.297380 2.747600 2.900357 3.037028 3.071263 3.071263 3.104125 3.104125 3.089550 3.089550 3.058953 2.936406 2.936406 2.664647 2.664647 2.509146 2.509146 2.509146 2.527281 2.527281 2.570517 2.570517 2.619919 2.619919 2.667772 2.667772 2.709361 2.709361
2.544789 2.544789 2.606341 2.658543 2.674886 2.674886 2.688922 2.712931 2.712931 2.733522 2.733522 2.751821 2.760313 2.768440 2.776246 2.776246 2.788428 2.799911 2.814674 2.829604 2.842223 2.850481 2.853079 2.848517 2.835219 2.811635 2.776659 2.729741 2.678733 2.649857 2.649857 2.920748 3.068759 3.231514 3.275755 3.275755 3.313786 3.313786 3.290649 3.290649 3.256090 3.151002 3.151002 2.969148 2.969148 2.806330 2.806330 2.806330 2.810511 2.810511 2.844887 2.844887 2.887609 2.887609 2.929336 2.929336 2.965954 2.965954
2.547910 2.547910 2.609416 2.658473 2.674788 2.674788 2.688868 2.712945 2.712945 2.733553 2.733553 2.751860 2.760358 2.768493 2.776308 2.776308 2.791921 2.809510 2.831621 2.854219 2.874491 2.890564 2.901471 2.906505 2.905039 2.896434 2.880180 2.855982 2.828577 2.815554 2.815554 2.984685 3.118618 3.290187 3.339166 3.339166 3.372751 3.372751 3.331734 3.331734 3.292597 3.207049 3.207049 3.094720 3.094720 2.947326 2.947326 2.947326 2.936124 2.936124 2.960732 2.960732 2.997728 2.997728 3.035636 3.035636 3.069438 3.069438
2.550302 2.550302 2.611760 2.658426 2.674684 2.674684 2.688802 2.712943 2.712943 2.733560 2.733560 2.751860 2.760355 2.768489 2.776304 2.776304 2.797616 2.821717 2.850955 2.880549 2.907396 2.929583 2.946110 2.956455 2.960357 2.957705 2.948575 2.933250 2.915199 2.906949 2.906949 3.014683 3.128200 3.291726 3.336027 3.336027 3.347150 3.347150 3.288078 3.288078 3.253287 3.201592 3.201592 3.148026 3.148026 3.034705 3.034705 3.034705 3.010494 3.010494 3.022809 3.022809 3.052184 3.052184 3.085592 3.085592 3.116301 3.116301
2.551991 2.551991 2.613412 2.658398 2.674598 2.674598 2.688742 2.712940 2.712940 2.733566 2.733566 2.751861 2.760355 2.768487 2.776301 2.776301 2.806259 2.837540 2.873823 2.909918 2.942674 2.970232 2.991589 3.006236 3.013976 3.014833 3.009078 2.997269 2.982113 2.972788 2.972788 3.038761 3.127753 3.262742 3.288390 3.288390 3.260548 3.260548 3.201443 3.201443 3.183721 3.174690 3.174690 3.167244 3.167244 3.096778 3.096778 3.096778 3.066683 3.066683 3.066680 3.066680 3.086363 3.086363 3.113431 3.113431 3.139735 3.139735
2.552996 2.552996 2.614395 2.658385 2.674540 2.674540 2.688701 2.712937 2.712937 2.733571 2.733571 2.751862 2.760354 2.768486 2.776299 2.776299 2.818698 2.857991 2.901269 2.943319 2.981217 3.013323 3.038744 3.057024 3.067977 3.071622 3.068209 3.058288 3.043891 3.031581 3.031581 3.067124 3.128293 3.205829 3.195918 3.195918 3.132587 3.132587 3.104538 3.104538 3.111350 3.142235 3.142235 3.168037 3.168037 3.140363 3.140363 3.140363 3.113118 3.113118 3.104029 3.104029 3.113218 3.113218 3.132105 3.132105 3.152346 3.152346
2.553330 2.553330 2.614721 2.658382 2.674521 2.674521 2.688687 2.712936 2.712936 2.733572 2.733572 2.751864 2.760355 2.768486 2.776299 2.776299 2.836088 2.884285 2.934466 2.981829 3.023951 3.059587 3.088096 3.109158 3.122638 3.128544 3.127046 3.118565 3.104484 3.089041 3.089041 3.100945 3.129051 3.106774 3.053160 3.053160 2.993096 2.993096 3.021154 3.021154 3.050053 3.110339 3.110339 3.158728 3.158728 3.168374 3.168374 3.168374 3.150885 3.150885 3.137930 3.137930 3.137691 3.137691 3.147223 3.147223 3.159789 3.159789
2.552996 2.552996 2.614395 2.658385 2.674540 2.674540 2.688702 2.712937 2.712937 2.733571 2.733571 2.751863 2.760354 2.768486 2.776300 2.776300 2.860026 2.917955 2.974782 3.026620 3.071836 3.109761 3.140134 3.162872 3.177958 3.185422 3.185373 3.178067 3.164256 3.145631 3.145631 3.135607 3.116906 2.948025 2.873192 2.873192 2.873498 2.873498 2.955115 2.955115 2.998734 3.078162 3.078162 3.142048 3.142048 3.181993 3.181993 3.181993 3.177914 3.177914 3.166386 3.166386 3.159382 3.159382 3.159494 3.159494 3.163231 3.163231
2.551991 2.551991 2.613412 2.658398 2.674597 2.674597 2.688742 2.712940 2.712940 2.733566 2.733566 2.751862 2.760355 2.768487 2.776301 2.776301 2.892773 2.960982 3.023836 3.078954 3.125810 3.164491 3.195242 3.218294 3.233814 3.241899 3.242630 3.236104 3.222283 3.198788 3.198788 3.158109 3.058700 2.739322 2.698997 2.698997 2.785853 2.785853 2.900950 2.900950 2.952866 3.044656 3.044656 3.119589 3.119589 3.182993 3.182993 3.182993 3.192909 3.192909 3.186679 3.186679 3.176224 3.176224 3.167920 3.167920 3.162348 3.162348
2.550302 2.550302 2.611760 2.658425 2.674684 2.674684 2.688801 2.712943 2.712943 2.733560 2.733560 2.751860 2.760355 2.768490 2.776305 2.776305 2.937600 3.015985 3.083534 3.140120 3.186661 3.224177 3.253509 3.275262 3.289818 3.297378 3.298018 3.291649 3.276653 3.240584 3.240584 3.134165 2.900181 2.538121 2.572322 2.572322 2.719637 2.719637 2.851018 2.851018 2.907481 3.007895 3.007895 3.090884 3.090884 3.171768 3.171768 3.171768 3.194222 3.194222 3.195157 3.195157 3.184213 3.184213 3.169255 3.169255 3.154731 3.154731
