simulation_files/asc/Velocity____167.0.asc
NCOLS        79
NROWS        79
XLLCENTER         -1.500000
YLLCENTER         -4.800000
CELLSIZE           0.100
NODATA_VALUE     -9999.0
[rows 0 to 26 of 79, columns 0 to 59 of 79]
-9999.000 -9999.000 -9999.000 -9999.000 -9999.000 -9999.000 -9999.000 -9999.000 -9999.000 -9999.000 -9999.000 -9999.000 -9999.000 -9999.000 -9999.000 0.1022862 0.1007616 0.1006711 0.1010602 0.1016660 0.1023571 0.1030518 0.1036531 0.1041243 0.1044777 0.1047200 0.1049058 0.1052272 0.1062510 0.1072019 0.1072019 -9999.000 -9999.000 -9999.000 -9999.000 -9999.000 -9999.000 -9999.000 -9999.000 -9999.000 -9999.000 -9999.000 -9999.000 -9999.000 -9999.000 -9999.000 -9999.000 -9999.000 -9999.000 -9999.000 -9999.000 -9999.000 -9999.000 -9999.000 -9999.000 -9999.000 -9999.000 -9999.000 -9999.000 -9999.000
-9999.000 -9999.000 -9999.000 -9999.000 -9999.000 -9999.000 -9999.000 -9999.000 -9999.000 -9999.000 -9999.000 -9999.000 -9999.000 -9999.000 -9999.000 0.1001386 0.9707133E-01 0.9693155E-01 0.9780730E-01 0.9914499E-01 0.1006730 0.1022236 0.1035927 0.1046943 0.1055478 0.1061627 0.1066587 0.1074618 0.1098189 0.1123588 0.1123588 -9999.000 -9999.000 -9999.000 -9999.000 -9999.000 -9999.000 -9999.000 -9999.000 -9999.000 -9999.000 -9999.000 -9999.000 -9999.000 -9999.000 -9999.000 -9999.000 -9999.000 -9999.000 -9999.000 -9999.000 -9999.000 -9999.000 -9999.000 -9999.000 -9999.000 -9999.000 -9999.000 -9999.000 -9999.000
-9999.000 -9999.000 -9999.000 -9999.000 -9999.000 -9999.000 -9999.000 -9999.000 -9999.000 -9999.000 -9999.000 -9999.000 -9999.000 -9999.000 -9999.000 0.9645644E-01 0.9182326E-01 0.9162107E-01 0.9307271E-01 0.9529053E-01 0.9784622E-01 0.1004828 0.1028833 0.1049106 0.1065918 0.1079318 0.1091088 0.1107955 0.1149816 0.1199080 0.1199080 -9999.000 -9999.000 -9999.000 -9999.000 -9999.000 -9999.000 -9999.000 -9999.000 -9999.000 -9999.000 -9999.000 -9999.000 -9999.000 -9999.000 -9999.000 -9999.000 -9999.000 -9999.000 -9999.000 -9999.000 -9999.000 -9999.000 -9999.000 -9999.000 -9999.000 -9999.000 -9999.000 -9999.000 -9999.000
-9999.000 -9999.000 -9999.000 -9999.000 -9999.000 -9999.000 -9999.000 -9999.000 -9999.000 -9999.000 -9999.000 -9999.000 -9999.000 -9999.000 -9999.000 0.9210468E-01 0.8600696E-01 0.8575247E-01 0.8781525E-01 0.9095784E-01 0.9459386E-01 0.9838364E-01 0.1019030 0.1049656 0.1076068 0.1098195 0.1118317 0.1145602 0.1207660 0.1286294 0.1286294 -9999.000 -9999.000 -9999.000 -9999.000 -9999.000 -9999.000 -9999.000 -9999.000 -9999.000 -9999.000 -9999.000 -9999.000 -9999.000 -9999.000 -9999.000 -9999.000 -9999.000 -9999.000 -9999.000 -9999.000 -9999.000 -9999.000 -9999.000 -9999.000 -9999.000 -9999.000 -9999.000 -9999.000 -9999.000
-9999.000 -9999.000 -9999.000 -9999.000 -9999.000 -9999.000 -9999.000 -9999.000 -9999.000 -9999.000 -9999.000 -9999.000 -9999.000 -9999.000 -9999.000 0.8731437E-01 0.7981680E-01 0.7951828E-01 0.8222758E-01 0.8633466E-01 0.9109108E-01 0.9607997E-01 0.1007741 0.1049392 0.1086216 0.1117966 0.1147391 0.1186168 0.1270040 0.1383765 0.1383765 -9999.000 -9999.000 -9999.000 -9999.000 -9999.000 -9999.000 -9999.000 -9999.000 -9999.000 -9999.000 -9999.000 -9999.000 -9999.000 -9999.000 -9999.000 -9999.000 -9999.000 -9999.000 -9999.000 -9999.000 -9999.000 -9999.000 -9999.000 -9999.000 -9999.000 -9999.000 -9999.000 -9999.000 -9999.000
-9999.000 -9999.000 -9999.000 -9999.000 -9999.000 -9999.000 -9999.000 -9999.000 -9999.000 -9999.000 -9999.000 -9999.000 -9999.000 -9999.000 -9999.000 0.8218597E-01 0.7334331E-01 0.7301730E-01 0.7641765E-01 0.8153252E-01 0.8744569E-01 0.9366913E-01 0.9957706E-01 0.1048892 0.1096666 0.1138624 0.1177981 0.1229050 0.1336273 0.1491540 0.1491540 -9999.000 -9999.000 -9999.000 -9999.000 -9999.000 -9999.000 -9999.000 -9999.000 -9999.000 -9999.000 -9999.000 -9999.000 -9999.000 -9999.000 -9999.000 -9999.000 -9999.000 -9999.000 -9999.000 -9999.000 -9999.000 -9999.000 -9999.000 -9999.000 -9999.000 -9999.000 -9999.000 -9999.000 -9999.000
-9999.000 -9999.000 -9999.000 -9999.000 -9999.000 -9999.000 -9999.000 -9999.000 -9999.000 -9999.000 -9999.000 -9999.000 -9999.000 -9999.000 -9999.000 0.7675403E-01 0.6662439E-01 0.6630065E-01 0.7045024E-01 0.7662065E-01 0.8372357E-01 0.9120964E-01 0.9836069E-01 0.1048507 0.1107618 0.1160194 0.1209940 0.1273975 0.1406136 0.1610602 0.1610602 -9999.000 -9999.000 -9999.000 -9999.000 -9999.000 -9999.000 -9999.000 -9999.000 -9999.000 -9999.000 -9999.000 -9999.000 -9999.000 -9999.000 -9999.000 -9999.000 -9999.000 -9999.000 -9999.000 -9999.000 -9999.000 -9999.000 -9999.000 -9999.000 -9999.000 -9999.000 -9999.000 -9999.000 -9999.000
-9999.000 -9999.000 -9999.000 -9999.000 -9999.000 -9999.000 -9999.000 -9999.000 -9999.000 -9999.000 -9999.000 -9999.000 -9999.000 -9999.000 -9999.000 0.7101832E-01 0.5967196E-01 0.5940173E-01 0.6437505E-01 0.7165136E-01 0.7997166E-01 0.8874028E-01 0.9715490E-01 0.1048449 0.1119191 0.1182696 0.1243188 0.1320812 0.1479649 0.1742676 0.1742676 -9999.000 -9999.000 -9999.000 -9999.000 -9999.000 -9999.000 -9999.000 -9999.000 -9999.000 -9999.000 -9999.000 -9999.000 -9999.000 -9999.000 -9999.000 -9999.000 -9999.000 -9999.000 -9999.000 -9999.000 -9999.000 -9999.000 -9999.000 -9999.000 -9999.000 -9999.000 -9999.000 -9999.000 -9999.000
-9999.000 -9999.000 -9999.000 -9999.000 -9999.000 -9999.000 -9999.000 -9999.000 -9999.000 -9999.000 -9999.000 -9999.000 -9999.000 -9999.000 -9999.000 0.6496100E-01 0.5248879E-01 0.5235801E-01 0.5824933E-01 0.6667894E-01 0.7623254E-01 0.8629213E-01 0.9598200E-01 0.1048858 0.1131460 0.1206136 0.1277676 0.1369504 0.1556968 0.1890232 0.1890232 -9999.000 -9999.000 -9999.000 -9999.000 -9999.000 -9999.000 -9999.000 -9999.000 -9999.000 -9999.000 -9999.000 -9999.000 -9999.000 -9999.000 -9999.000 -9999.000 -9999.000 -9999.000 -9999.000 -9999.000 -9999.000 -9999.000 -9999.000 -9999.000 -9999.000 -9999.000 -9999.000 -9999.000 -9999.000
-9999.000 -9999.000 -9999.000 -9999.000 -9999.000 -9999.000 -9999.000 -9999.000 -9999.000 -9999.000 -9999.000 -9999.000 -9999.000 -9999.000 -9999.000 0.5855267E-01 0.4507954E-01 0.4523525E-01 0.5216061E-01 0.6177666E-01 0.7255747E-01 0.8389897E-01 0.9486385E-01 0.1049867 0.1144499 0.1230529 0.1313366 0.1420028 0.1638332 0.2056636 0.2056636 -9999.000 -9999.000 -9999.000 -9999.000 -9999.000 -9999.000 -9999.000 -9999.000 -9999.000 -9999.000 -9999.000 -9999.000 -9999.000 -9999.000 -9999.000 -9999.000 -9999.000 -9999.000 -9999.000 -9999.000 -9999.000 -9999.000 -9999.000 -9999.000 -9999.000 -9999.000 -9999.000 -9999.000 -9999.000
-9999.000 -9999.000 -9999.000 -9999.000 -9999.000 -9999.000 -9999.000 -9999.000 -9999.000 -9999.000 -9999.000 -9999.000 -9999.000 -9999.000 -9999.000 0.5175377E-01 0.3746864E-01 0.3817116E-01 0.4626096E-01 0.5705575E-01 0.6901880E-01 0.8160649E-01 0.9382971E-01 0.1051660 0.1158413 0.1255916 0.1350248 0.1472392 0.1724055 0.2246475 0.2246475 -9999.000 -9999.000 -9999.000 -9999.000 -9999.000 -9999.000 -9999.000 -9999.000 -9999.000 -9999.000 -9999.000 -9999.000 -9999.000 -9999.000 -9999.000 -9999.000 -9999.000 -9999.000 -9999.000 -9999.000 -9999.000 -9999.000 -9999.000 -9999.000 -9999.000 -9999.000 -9999.000 -9999.000 -9999.000
-9999.000 -9999.000 -9999.000 -9999.000 -9999.000 -9999.000 -9999.000 -9999.000 -9999.000 -9999.000 -9999.000 -9999.000 -9999.000 -9999.000 -9999.000 0.4451599E-01 0.2974299E-01 0.3147462E-01 0.4082550E-01 0.5269518E-01 0.6572659E-01 0.7948378E-01 0.9292644E-01 0.1054551 0.1173429 0.1282428 0.1388383 0.1526652 0.1814513 0.2466059 0.2466059 -9999.000 -9999.000 -9999.000 -9999.000 -9999.000 -9999.000 -9999.000 -9999.000 -9999.000 -9999.000 -9999.000 -9999.000 -9999.000 -9999.000 -9999.000 -9999.000 -9999.000 -9999.000 -9999.000 -9999.000 -9999.000 -9999.000 -9999.000 -9999.000 -9999.000 -9999.000 -9999.000 -9999.000 -9999.000
-9999.000 -9999.000 -9999.000 -9999.000 -9999.000 -9999.000 -9999.000 -9999.000 -9999.000 -9999.000 -9999.000 -9999.000 -9999.000 -9999.000 -9999.000 0.3678242E-01 0.2219238E-01 0.2585571E-01 0.3634699E-01 0.4898185E-01 0.6285405E-01 0.7764357E-01 0.9223346E-01 0.1059139 0.1190002 0.1310395 0.1427987 0.1582980 0.1910186 0.2724299 0.2724299 -9999.000 -9999.000 -9999.000 -9999.000 -9999.000 -9999.000 -9999.000 -9999.000 -9999.000 -9999.000 -9999.000 -9999.000 -9999.000 -9999.000 -9999.000 -9999.000 -9999.000 -9999.000 -9999.000 -9999.000 -9999.000 -9999.000 -9999.000 -9999.000 -9999.000 -9999.000 -9999.000 -9999.000 -9999.000
-9999.000 -9999.000 -9999.000 -9999.000 -9999.000 -9999.000 -9999.000 -9999.000 -9999.000 -9999.000 -9999.000 -9999.000 -9999.000 -9999.000 -9999.000 0.2844654E-01 0.1599396E-01 0.2303441E-01 0.3389676E-01 0.4660300E-01 0.6087525E-01 0.7642893E-01 0.9201111E-01 0.1067455 0.1209746 0.1341076 0.1470021 0.1642124 0.2011959 0.3034427 0.3034427 -9999.000 -9999.000 -9999.000 -9999.000 -9999.000 -9999.000 -9999.000 -9999.000 -9999.000 -9999.000 -9999.000 -9999.000 -9999.000 -9999.000 -9999.000 -9999.000 -9999.000 -9999.000 -9999.000 -9999.000 -9999.000 -9999.000 -9999.000 -9999.000 -9999.000 -9999.000 -9999.000 -9999.000 -9999.000
-9999.000 -9999.000 -9999.000 -9999.000 -9999.000 -9999.000 -9999.000 -9999.000 -9999.000 -9999.000 -9999.000 -9999.000 -9999.000 -9999.000 -9999.000 0.3906852E-01 0.6034714E-01 0.7040562E-01 0.7228776E-01 0.7646997E-01 0.8256809E-01 0.9140994E-01 0.1022207 0.1138458 0.1262924 0.1385424 0.1513078 0.1695729 0.2109316 0.3389092 0.3389092 -9999.000 -9999.000 -9999.000 -9999.000 -9999.000 -9999.000 -9999.000 -9999.000 -9999.000 -9999.000 -9999.000 -9999.000 -9999.000 -9999.000 -9999.000 -9999.000 -9999.000 -9999.000 -9999.000 -9999.000 -9999.000 -9999.000 -9999.000 -9999.000 -9999.000 -9999.000 -9999.000 -9999.000 -9999.000
2.657973 2.657973 2.696250 2.737381 2.742248 2.742248 2.744772 2.745950 2.745950 2.743953 2.743953 2.739823 2.737137 2.734109 2.730783 2.730783 2.802052 2.803427 2.797128 2.773547 2.732190 2.671504 2.589754 2.486985 2.365870 2.227453 2.075685 1.920148 1.786281 1.745684 1.745684 2.530258 2.690420 2.779725 2.801821 2.801821 2.830246 2.830246 2.808701 2.808701 2.763875 2.584540 2.584540 2.184956 2.184956 1.934103 1.934103 1.934103 1.925831 1.925831 1.958655 1.958655 2.004165 2.004165 2.050937 2.050937 2.092299 2.092299 2.092299 2.124536
2.676108 2.676108 2.728877 2.786237 2.802084 2.802084 2.815544 2.838439 2.838439 2.857967 2.857967 2.875186 2.883107 2.890636 2.897819 2.897819 2.949000 2.960375 2.970654 2.977669 2.980495 2.977173 2.965022 2.941480 2.904706 2.852474 2.783691 2.699471 2.606252 2.539310 2.539310 2.957383 3.102758 3.242707 3.280498 3.280498 3.322396 3.322396 3.320287 3.320287 3.298236 3.197229 3.197229 2.979214 2.979214 2.735498 2.735498 2.735498 2.725761 2.725761 2.760307 2.760307 2.808946 2.808946 2.858422 2.858422 2.902929 2.902929 2.902929 2.939801
2.680337 2.680337 2.732991 2.786515 2.802587 2.802587 2.816301 2.839718 2.839718 2.859833 2.859833 2.877745 2.886056 2.894005 2.901636 2.901636 2.947396 2.967404 2.987488 3.005891 3.021691 3.034014 3.041759 3.043744 3.038900 3.025594 3.002249 2.968261 2.926269 2.895695 2.895695 3.131328 3.270173 3.430541 3.477084 3.477084 3.523065 3.523065 3.509814 3.509814 3.481040 3.386710 3.386710 3.239483 3.239483 3.022732 3.022732 3.022732 2.997644 2.997644 3.021157 3.021157 3.061975 3.061975 3.105419 3.105419 3.145346 3.145346 3.145346 3.178842
2.683715 2.683715 2.736234 2.786391 2.802500 2.802500 2.816287 2.839774 2.839774 2.859891 2.859891 2.877799 2.886110 2.894065 2.901705 2.901705 2.945067 2.972782 3.001741 3.029108 3.053354 3.073641 3.089388 3.100196 3.105877 3.106006 3.100011 3.087653 3.070501 3.060484 3.060484 3.204872 3.327567 3.491994 3.541689 3.541689 3.580546 3.580546 3.545028 3.545028 3.507641 3.424525 3.424525 3.333163 3.333163 3.160697 3.160697 3.160697 3.121582 3.121582 3.132164 3.132164 3.165144 3.165144 3.204053 3.204053 3.240985 3.240985 3.240985 3.272184
2.686302 2.686302 2.738758 2.786265 2.802388 2.802388 2.816243 2.839796 2.839796 2.859906 2.859906 2.877797 2.886105 2.894057 2.901695 2.901695 2.946075 2.981014 3.018295 3.053977 3.085988 3.113300 3.135386 3.152015 3.163246 3.169183 3.169934 3.165856 3.158456 3.155794 3.155794 3.247601 3.350011 3.503727 3.547040 3.547040 3.557073 3.557073 3.493463 3.493463 3.455761 3.402043 3.402043 3.362329 3.362329 3.245095 3.245095 3.245095 3.198530 3.198530 3.195034 3.195034 3.217873 3.217873 3.250784 3.250784 3.283923 3.283923 3.283923 3.312272
2.688122 2.688122 2.740566 2.786165 2.802291 2.802291 2.816203 2.839813 2.839813 2.859918 2.859918 2.877796 2.886099 2.894049 2.901686 2.901686 2.951281 2.993479 3.038584 3.081884 3.120998 3.154777 3.182689 3.204531 3.220374 3.230434 3.235035 3.234760 3.231043 3.229588 3.229588 3.286857 3.366431 3.490793 3.512697 3.512697 3.470545 3.470545 3.394184 3.394184 3.370985 3.360392 3.360392 3.363974 3.363974 3.302253 3.302253 3.302253 3.257848 3.257848 3.242842 3.242842 3.253993 3.253993 3.278744 3.278744 3.306348 3.306348 3.306348 3.330529
2.689203 2.689203 2.741656 2.786105 2.802229 2.802229 2.816183 2.839841 2.839841 2.859947 2.859947 2.877817 2.886118 2.894064 2.901699 2.901699 2.961545 3.011485 3.064038 3.114214 3.159607 3.199096 3.232193 3.258735 3.278776 3.292522 3.300307 3.302690 3.300866 3.298740 3.298740 3.331887 3.386696 3.453406 3.432937 3.432937 3.334394 3.334394 3.282015 3.282015 3.284314 3.316794 3.316794 3.352342 3.352342 3.339076 3.339076 3.339076 3.305563 3.305563 3.284717 3.284717 3.284797 3.284797 3.299781 3.299781 3.319969 3.319969 3.319969 3.338431
2.689561 2.689561 2.742021 2.786084 2.802207 2.802207 2.816173 2.839845 2.839845 2.859951 2.859951 2.877816 2.886116 2.894061 2.901696 2.901696 2.977952 3.036433 3.096176 3.152470 3.203196 3.247437 3.284843 3.315339 3.339005 3.356029 3.366694 3.371455 3.371173 3.368122 3.368122 3.383253 3.409278 3.372222 3.293225 3.293225 3.176775 3.176775 3.182221 3.182221 3.210170 3.275560 3.275560 3.333013 3.333013 3.358767 3.358767 3.358767 3.341500 3.341500 3.321433 3.321433 3.313227 3.313227 3.318011 3.318011 3.329228 3.329228 3.329228 3.340428
2.689202 2.689202 2.741655 2.786105 2.802229 2.802229 2.816183 2.839840 2.839840 2.859947 2.859947 2.877817 2.886118 2.894063 2.901698 2.901698 3.002090 3.070062 3.136770 3.198367 3.253344 3.301181 3.341782 3.375227 3.401678 3.421333 3.434438 3.441328 3.442462 3.438126 3.438126 3.436204 3.420306 3.219690 3.097971 3.097971 3.035428 3.035428 3.106259 3.106259 3.151823 3.237831 3.237831 3.309751 3.309751 3.365180 3.365180 3.365180 3.365595 3.365595 3.351738 3.351738 3.339360 3.339360 3.334824 3.334824 3.336140 3.336140 3.336140 3.338757
2.688121 2.688121 2.740566 2.786165 2.802291 2.802291 2.816203 2.839814 2.839814 2.859919 2.859919 2.877795 2.886100 2.894049 2.901686 2.901686 3.036278 3.114635 3.187952 3.253867 3.311818 3.361875 3.404314 3.439451 3.467576 3.488946 3.503793 3.512341 3.514423 3.506481 3.506481 3.477538 3.383855 2.994723 2.890387 2.890387 2.932506 2.932506 3.047258 3.047258 3.102363 3.200480 3.200480 3.282361 3.282361 3.359854 3.359854 3.359854 3.376661 3.376661 3.372182 3.372182 3.359590 3.359590 3.347776 3.347776 3.339216 3.339216 3.339216 3.332509
2.686301 2.686301 2.738757 2.786265 2.802388 2.802388 2.816244 2.839796 2.839796 2.859906 2.859906 2.877796 2.886105 2.894056 2.901695 2.901695 3.084058 3.173326 3.252485 3.321352 3.380655 3.431247 3.473886 3.509187 3.537616 3.559518 3.575145 3.584569 3.586055 3.565007 3.565007 3.470485 3.237520 2.751674 2.729041 2.729041 2.860609 2.860609 2.995639 2.995639 3.055472 3.160999 3.160999 3.250026 3.250026 3.343492 3.343492 3.343492 3.373907 3.373907 3.379593 3.379593 3.369634 3.369634 3.353017 3.353017 3.335462 3.335462 3.335462 3.319402
2.683716 2.683716 2.736234 2.786391 2.802500 2.802500 2.816288 2.839774 2.839774 2.859891 2.859891 2.877798 2.886111 2.894065 2.901705 2.901705 3.150955 3.250716 3.334050 3.403759 3.462209 3.511194 3.552033 3.585671 3.612772 3.633783 3.648987 3.658030 3.653480 3.582705 3.582705 3.331723 2.941689 2.574652 2.624406 2.624406 2.796834 2.796834 2.940212 2.940212 3.002746 3.113549 3.113549 3.207990 3.207990 3.312863 3.312863 3.312863 3.353736 3.353736 3.368599 3.368599 3.362651 3.362651 3.343448 3.343448 3.318437 3.318437 3.318437 3.293829
