simulation_files/asc/Velocity____246.0.asc
NCOLS        79
NROWS        79
XLLCENTER         -1.500000
YLLCENTER         -4.800000
CELLSIZE           0.100
NODATA_VALUE     -9999.0
[rows 0 to 26 of 79, columns 0 to 59 of 79]
-9999.000 -9999.000 -9999.000 -9999.000 -9999.000 -9999.000 -9999.000 -9999.000 -9999.000 -9999.000 -9999.000 -9999.000 -9999.000 -9999.000 -9999.000 0.9096154E-01 0.8793028E-01 0.8677144E-01 0.8668332E-01 0.8767124E-01 0.8899879E-01 0.9027055E-01 0.9134034E-01 0.9209546E-01 0.9257348E-01 0.9283062E-01 0.9294458E-01 0.9311818E-01 0.9394396E-01 0.9494063E-01 0.9494063E-01 -9999.000 -9999.000 -9999.000 -9999.000 -9999.000 -9999.000 -9999.000 -9999.000 -9999.000 -9999.000 -9999.000 -9999.000 -9999.000 -9999.000 -9999.000 -9999.000 -9999.000 -9999.000 -9999.000 -9999.000 -9999.000 -9999.000 -9999.000 -9999.000 -9999.000 -9999.000 -9999.000 -9999.000 -9999.000
-9999.000 -9999.000 -9999.000 -9999.000 -9999.000 -9999.000 -9999.000 -9999.000 -9999.000 -9999.000 -9999.000 -9999.000 -9999.000 -9999.000 -9999.000 0.9138973E-01 0.8507401E-01 0.8272937E-01 0.8259147E-01 0.8459993E-01 0.8727510E-01 0.8987086E-01 0.9212545E-01 0.9380734E-01 0.9497329E-01 0.9571896E-01 0.9619343E-01 0.9683503E-01 0.9894808E-01 0.1017006 0.1017006 -9999.000 -9999.000 -9999.000 -9999.000 -9999.000 -9999.000 -9999.000 -9999.000 -9999.000 -9999.000 -9999.000 -9999.000 -9999.000 -9999.000 -9999.000 -9999.000 -9999.000 -9999.000 -9999.000 -9999.000 -9999.000 -9999.000 -9999.000 -9999.000 -9999.000 -9999.000 -9999.000 -9999.000 -9999.000
-9999.000 -9999.000 -9999.000 -9999.000 -9999.000 -9999.000 -9999.000 -9999.000 -9999.000 -9999.000 -9999.000 -9999.000 -9999.000 -9999.000 -9999.000 0.9081361E-01 0.8092409E-01 0.7716315E-01 0.7691016E-01 0.8003803E-01 0.8422707E-01 0.8835677E-01 0.9206323E-01 0.9499720E-01 0.9723944E-01 0.9891488E-01 0.1002248 0.1018329 0.1057977 0.1111402 0.1111402 -9999.000 -9999.000 -9999.000 -9999.000 -9999.000 -9999.000 -9999.000 -9999.000 -9999.000 -9999.000 -9999.000 -9999.000 -9999.000 -9999.000 -9999.000 -9999.000 -9999.000 -9999.000 -9999.000 -9999.000 -9999.000 -9999.000 -9999.000 -9999.000 -9999.000 -9999.000 -9999.000 -9999.000 -9999.000
-9999.000 -9999.000 -9999.000 -9999.000 -9999.000 -9999.000 -9999.000 -9999.000 -9999.000 -9999.000 -9999.000 -9999.000 -9999.000 -9999.000 -9999.000 0.8971136E-01 0.7626481E-01 0.7107373E-01 0.7072113E-01 0.7499154E-01 0.8070599E-01 0.8639101E-01 0.9160172E-01 0.9587734E-01 0.9932419E-01 0.1020867 0.1044032 0.1071541 0.1131721 0.1216328 0.1216328 -9999.000 -9999.000 -9999.000 -9999.000 -9999.000 -9999.000 -9999.000 -9999.000 -9999.000 -9999.000 -9999.000 -9999.000 -9999.000 -9999.000 -9999.000 -9999.000 -9999.000 -9999.000 -9999.000 -9999.000 -9999.000 -9999.000 -9999.000 -9999.000 -9999.000 -9999.000 -9999.000 -9999.000 -9999.000
-9999.000 -9999.000 -9999.000 -9999.000 -9999.000 -9999.000 -9999.000 -9999.000 -9999.000 -9999.000 -9999.000 -9999.000 -9999.000 -9999.000 -9999.000 0.8830656E-01 0.7127990E-01 0.6465454E-01 0.6424464E-01 0.6970093E-01 0.7695623E-01 0.8420865E-01 0.9095279E-01 0.9661884E-01 0.1013416 0.1052772 0.1086942 0.1126929 0.1209193 0.1330370 0.1330370 -9999.000 -9999.000 -9999.000 -9999.000 -9999.000 -9999.000 -9999.000 -9999.000 -9999.000 -9999.000 -9999.000 -9999.000 -9999.000 -9999.000 -9999.000 -9999.000 -9999.000 -9999.000 -9999.000 -9999.000 -9999.000 -9999.000 -9999.000 -9999.000 -9999.000 -9999.000 -9999.000 -9999.000 -9999.000
-9999.000 -9999.000 -9999.000 -9999.000 -9999.000 -9999.000 -9999.000 -9999.000 -9999.000 -9999.000 -9999.000 -9999.000 -9999.000 -9999.000 -9999.000 0.8666866E-01 0.6603651E-01 0.5799640E-01 0.5761043E-01 0.6431341E-01 0.7312199E-01 0.8194233E-01 0.9023393E-01 0.9731626E-01 0.1033563 0.1085169 0.1130914 0.1184103 0.1289870 0.1453726 0.1453726 -9999.000 -9999.000 -9999.000 -9999.000 -9999.000 -9999.000 -9999.000 -9999.000 -9999.000 -9999.000 -9999.000 -9999.000 -9999.000 -9999.000 -9999.000 -9999.000 -9999.000 -9999.000 -9999.000 -9999.000 -9999.000 -9999.000 -9999.000 -9999.000 -9999.000 -9999.000 -9999.000 -9999.000 -9999.000
-9999.000 -9999.000 -9999.000 -9999.000 -9999.000 -9999.000 -9999.000 -9999.000 -9999.000 -9999.000 -9999.000 -9999.000 -9999.000 -9999.000 -9999.000 0.8479860E-01 0.6054950E-01 0.5114756E-01 0.5092012E-01 0.5893901E-01 0.6929669E-01 0.7966998E-01 0.8950921E-01 0.9801934E-01 0.1054031 0.1118227 0.1175938 0.1242916 0.1373659 0.1587524 0.1587524 -9999.000 -9999.000 -9999.000 -9999.000 -9999.000 -9999.000 -9999.000 -9999.000 -9999.000 -9999.000 -9999.000 -9999.000 -9999.000 -9999.000 -9999.000 -9999.000 -9999.000 -9999.000 -9999.000 -9999.000 -9999.000 -9999.000 -9999.000 -9999.000 -9999.000 -9999.000 -9999.000 -9999.000 -9999.000
-9999.000 -9999.000 -9999.000 -9999.000 -9999.000 -9999.000 -9999.000 -9999.000 -9999.000 -9999.000 -9999.000 -9999.000 -9999.000 -9999.000 -9999.000 0.8266529E-01 0.5480970E-01 0.4415157E-01 0.4429787E-01 0.5369158E-01 0.6555885E-01 0.7744601E-01 0.8881877E-01 0.9875657E-01 0.1075005 0.1152035 0.1222011 0.1303324 0.1460669 0.1733582 0.1733582 -9999.000 -9999.000 -9999.000 -9999.000 -9999.000 -9999.000 -9999.000 -9999.000 -9999.000 -9999.000 -9999.000 -9999.000 -9999.000 -9999.000 -9999.000 -9999.000 -9999.000 -9999.000 -9999.000 -9999.000 -9999.000 -9999.000 -9999.000 -9999.000 -9999.000 -9999.000 -9999.000 -9999.000 -9999.000
-9999.000 -9999.000 -9999.000 -9999.000 -9999.000 -9999.000 -9999.000 -9999.000 -9999.000 -9999.000 -9999.000 -9999.000 -9999.000 -9999.000 -9999.000 0.8021783E-01 0.4879785E-01 0.3708386E-01 0.3795072E-01 0.4872340E-01 0.6199421E-01 0.7532050E-01 0.8819479E-01 0.9954900E-01 0.1096616 0.1186658 0.1269134 0.1365320 0.1551116 0.1894404 0.1894404 -9999.000 -9999.000 -9999.000 -9999.000 -9999.000 -9999.000 -9999.000 -9999.000 -9999.000 -9999.000 -9999.000 -9999.000 -9999.000 -9999.000 -9999.000 -9999.000 -9999.000 -9999.000 -9999.000 -9999.000 -9999.000 -9999.000 -9999.000 -9999.000 -9999.000 -9999.000 -9999.000 -9999.000 -9999.000
-9999.000 -9999.000 -9999.000 -9999.000 -9999.000 -9999.000 -9999.000 -9999.000 -9999.000 -9999.000 -9999.000 -9999.000 -9999.000 -9999.000 -9999.000 0.7739089E-01 0.4249309E-01 0.3011544E-01 0.3226382E-01 0.4425875E-01 0.5871113E-01 0.7335070E-01 0.8767193E-01 0.1004180 0.1118995 0.1222156 0.1317312 0.1428916 0.1645274 0.2073325 0.2073325 -9999.000 -9999.000 -9999.000 -9999.000 -9999.000 -9999.000 -9999.000 -9999.000 -9999.000 -9999.000 -9999.000 -9999.000 -9999.000 -9999.000 -9999.000 -9999.000 -9999.000 -9999.000 -9999.000 -9999.000 -9999.000 -9999.000 -9999.000 -9999.000 -9999.000 -9999.000 -9999.000 -9999.000 -9999.000
-9999.000 -9999.000 -9999.000 -9999.000 -9999.000 -9999.000 -9999.000 -9999.000 -9999.000 -9999.000 -9999.000 -9999.000 -9999.000 -9999.000 -9999.000 0.7410559E-01 0.3588405E-01 0.2367591E-01 0.2794987E-01 0.4062993E-01 0.5585574E-01 0.7161167E-01 0.8729459E-01 0.1013912 0.1142319 0.1258627 0.1366575 0.1494140 0.1743470 0.2274829 0.2274829 -9999.000 -9999.000 -9999.000 -9999.000 -9999.000 -9999.000 -9999.000 -9999.000 -9999.000 -9999.000 -9999.000 -9999.000 -9999.000 -9999.000 -9999.000 -9999.000 -9999.000 -9999.000 -9999.000 -9999.000 -9999.000 -9999.000 -9999.000 -9999.000 -9999.000 -9999.000 -9999.000 -9999.000 -9999.000
-9999.000 -9999.000 -9999.000 -9999.000 -9999.000 -9999.000 -9999.000 -9999.000 -9999.000 -9999.000 -9999.000 -9999.000 -9999.000 -9999.000 -9999.000 0.7026643E-01 0.2899471E-01 0.1886890E-01 0.2611106E-01 0.3829691E-01 0.5362763E-01 0.7020696E-01 0.8712558E-01 0.1025100 0.1166871 0.1296245 0.1417000 0.1561055 0.1846087 0.2505023 0.2505023 -9999.000 -9999.000 -9999.000 -9999.000 -9999.000 -9999.000 -9999.000 -9999.000 -9999.000 -9999.000 -9999.000 -9999.000 -9999.000 -9999.000 -9999.000 -9999.000 -9999.000 -9999.000 -9999.000 -9999.000 -9999.000 -9999.000 -9999.000 -9999.000 -9999.000 -9999.000 -9999.000 -9999.000 -9999.000
-9999.000 -9999.000 -9999.000 -9999.000 -9999.000 -9999.000 -9999.000 -9999.000 -9999.000 -9999.000 -9999.000 -9999.000 -9999.000 -9999.000 -9999.000 0.6574151E-01 0.2198247E-01 0.1794876E-01 0.2783976E-01 0.3788135E-01 0.5235860E-01 0.6933405E-01 0.8729623E-01 0.1038665 0.1193319 0.1335471 0.1468875 0.1629864 0.1953629 0.2772470 0.2772470 -9999.000 -9999.000 -9999.000 -9999.000 -9999.000 -9999.000 -9999.000 -9999.000 -9999.000 -9999.000 -9999.000 -9999.000 -9999.000 -9999.000 -9999.000 -9999.000 -9999.000 -9999.000 -9999.000 -9999.000 -9999.000 -9999.000 -9999.000 -9999.000 -9999.000 -9999.000 -9999.000 -9999.000 -9999.000
-9999.000 -9999.000 -9999.000 -9999.000 -9999.000 -9999.000 -9999.000 -9999.000 -9999.000 -9999.000 -9999.000 -9999.000 -9999.000 -9999.000 -9999.000 0.5961421E-01 0.1683377E-01 0.2585081E-01 0.3680114E-01 0.4327356E-01 0.5518638E-01 0.7129017E-01 0.8945870E-01 0.1066613 0.1230368 0.1382542 0.1526573 0.1703554 0.2068367 0.3090733 0.3090733 -9999.000 -9999.000 -9999.000 -9999.000 -9999.000 -9999.000 -9999.000 -9999.000 -9999.000 -9999.000 -9999.000 -9999.000 -9999.000 -9999.000 -9999.000 -9999.000 -9999.000 -9999.000 -9999.000 -9999.000 -9999.000 -9999.000 -9999.000 -9999.000 -9999.000 -9999.000 -9999.000 -9999.000 -9999.000
-9999.000 -9999.000 -9999.000 -9999.000 -9999.000 -9999.000 -9999.000 -9999.000 -9999.000 -9999.000 -9999.000 -9999.000 -9999.000 -9999.000 -9999.000 0.9381829E-01 0.1441253 0.1684195 0.1598137 0.1379801 0.1251496 0.1190575 0.1203863 0.1265197 0.1362131 0.1477078 0.1603395 0.1781005 0.2183174 0.3452618 0.3452618 -9999.000 -9999.000 -9999.000 -9999.000 -9999.000 -9999.000 -9999.000 -9999.000 -9999.000 -9999.000 -9999.000 -9999.000 -9999.000 -9999.000 -9999.000 -9999.000 -9999.000 -9999.000 -9999.000 -9999.000 -9999.000 -9999.000 -9999.000 -9999.000 -9999.000 -9999.000 -9999.000 -9999.000 -9999.000
2.850316 2.850316 2.863754 2.870163 2.889645 2.889645 2.892200 2.891680 2.891680 2.887737 2.887737 2.881405 2.877571 2.873388 2.869247 2.869247 3.018050 3.022368 3.023517 3.015107 2.979860 2.922009 2.841497 2.736101 2.609756 2.464223 2.302773 2.134531 1.984743 1.928546 1.928546 2.749378 2.923432 3.026769 3.053113 3.053113 3.089208 3.089208 3.076442 3.076442 3.034891 2.859845 2.859845 2.519454 2.519454 2.146782 2.146782 2.146782 2.123479 2.123479 2.152342 2.152342 2.199760 2.199760 2.250036 2.250036 2.295457 2.295457 2.295457 2.331809
2.873365 2.873365 2.895472 2.924533 2.951262 2.951262 2.965856 2.988295 2.988295 3.006829 3.006829 3.022758 3.029984 3.036813 3.043611 3.043611 3.154072 3.173283 3.188958 3.201376 3.207103 3.206248 3.196996 3.176007 3.141396 3.090842 3.022652 2.937447 2.841471 2.763286 2.763286 3.197904 3.350989 3.502146 3.544063 3.544063 3.592897 3.592897 3.596767 3.596767 3.577266 3.479265 3.479265 3.283893 3.283893 2.983505 2.983505 2.983505 2.957003 2.957003 2.987997 2.987997 3.038306 3.038306 3.091113 3.091113 3.139535 3.139535 3.139535 3.180357
2.878030 2.878030 2.897343 2.926189 2.950820 2.950820 2.966168 2.989559 2.989559 3.008747 3.008747 3.025381 3.032999 3.040249 3.047530 3.047530 3.146014 3.177847 3.205388 3.229209 3.248038 3.262185 3.271558 3.275037 3.271721 3.260117 3.238428 3.205678 3.164183 3.130319 3.130319 3.371491 3.518044 3.690379 3.741627 3.741627 3.795339 3.795339 3.786796 3.786796 3.758909 3.662424 3.662424 3.522176 3.522176 3.276396 3.276396 3.276396 3.234006 3.234006 3.252073 3.252073 3.293633 3.293633 3.340309 3.340309 3.384216 3.384216 3.384216 3.421730
2.880834 2.880834 2.895794 2.926603 2.949762 2.949762 2.965596 2.989532 2.989532 3.008800 3.008800 3.025445 3.033071 3.040333 3.047696 3.047696 3.138608 3.180880 3.219408 3.253432 3.281899 3.304785 3.322323 3.334424 3.341140 3.342288 3.337343 3.325959 3.309541 3.298207 3.298207 3.445340 3.574179 3.750543 3.805431 3.805431 3.852509 3.852509 3.819199 3.819199 3.780154 3.690771 3.690771 3.600934 3.600934 3.416988 3.416988 3.416988 3.362486 3.362486 3.365609 3.365609 3.397759 3.397759 3.439143 3.439143 3.479748 3.479748 3.479748 3.514815
2.881854 2.881854 2.898725 2.926567 2.948791 2.948791 2.965002 2.989406 2.989406 3.008708 3.008708 3.025330 3.032956 3.040227 3.047724 3.047724 3.135797 3.186924 3.235325 3.278861 3.316290 3.347256 3.371868 3.390252 3.402719 3.409591 3.411113 3.407652 3.400668 3.397144 3.397144 3.489871 3.596578 3.761518 3.810328 3.810328 3.827466 3.827466 3.761166 3.761166 3.718985 3.657758 3.657758 3.619118 3.619118 3.501901 3.501901 3.501901 3.444117 3.444117 3.432237 3.432237 3.452378 3.452378 3.486509 3.486509 3.522646 3.522646 3.522646 3.554458
2.878380 2.878380 2.904244 2.926518 2.948209 2.948209 2.964723 2.989561 2.989561 3.008928 3.008928 3.025521 3.033125 3.040372 3.048012 3.048012 3.138807 3.197880 3.255022 3.307083 3.352597 3.391016 3.422290 3.446559 3.464127 3.475418 3.480899 3.481212 3.477792 3.475679 3.475679 3.532725 3.614866 3.749503 3.776754 3.776754 3.736701 3.736701 3.650104 3.650104 3.621528 3.606128 3.606128 3.612585 3.612585 3.557542 3.557542 3.557542 3.507005 3.507005 3.484286 3.484286 3.491266 3.491266 3.515766 3.515766 3.545377 3.545377 3.545377 3.572365
2.877937 2.877937 2.907001 2.926363 2.947769 2.947769 2.964459 2.989553 2.989553 3.008954 3.008954 3.025532 3.033129 3.040371 3.048248 3.048248 3.148288 3.215134 3.280149 3.339715 3.392284 3.437261 3.474533 3.504215 3.526582 3.542011 3.550984 3.554145 3.552714 3.550190 3.550190 3.582627 3.638824 3.715241 3.698239 3.698239 3.591009 3.591009 3.524184 3.524184 3.522923 3.555220 3.555220 3.595559 3.595559 3.592091 3.592091 3.592091 3.557053 3.557053 3.530499 3.530499 3.525843 3.525843 3.539204 3.539204 3.560199 3.560199 3.560199 3.580548
2.877791 2.877791 2.907907 2.926306 2.947620 2.947620 2.964366 2.989548 2.989548 3.008961 3.008961 3.025535 3.033131 3.040371 3.048582 3.048582 3.165393 3.240330 3.312563 3.378585 3.437030 3.487417 3.529692 3.564000 3.590595 3.609816 3.622080 3.627929 3.628272 3.625146 3.625146 3.639626 3.666825 3.638671 3.556500 3.556500 3.417948 3.417948 3.412000 3.412000 3.439632 3.508923 3.508923 3.572446 3.572446 3.609151 3.609151 3.609151 3.593798 3.593798 3.570703 3.570703 3.558284 3.558284 3.560511 3.560511 3.571316 3.571316 3.571316 3.583288
2.877938 2.877938 2.907001 2.926362 2.947769 2.947769 2.964459 2.989553 2.989553 3.008954 3.008954 3.025532 3.033130 3.040371 3.049047 3.049047 3.191657 3.275335 3.354258 3.425664 3.488666 3.543097 3.589095 3.626910 3.656838 3.679196 3.694342 3.702694 3.704762 3.700710 3.700710 3.698715 3.685347 3.487767 3.350255 3.350255 3.259262 3.259262 3.326937 3.326937 3.374926 3.467381 3.467381 3.546129 3.546129 3.612857 3.612857 3.612857 3.617432 3.617432 3.603213 3.603213 3.587954 3.587954 3.580563 3.580563 3.580406 3.580406 3.580406 3.582564
2.878380 2.878380 2.904244 2.926518 2.948209 2.948209 2.964723 2.989561 2.989561 3.008929 3.008929 3.025521 3.033126 3.040371 3.049692 3.049692 3.229403 3.322560 3.407615 3.483194 3.549246 3.606126 3.654293 3.694191 3.726223 3.750730 3.768030 3.778417 3.781775 3.774469 3.774469 3.746842 3.659055 3.253454 3.121403 3.121403 3.143342 3.143342 3.262897 3.262897 3.321794 3.427498 3.427498 3.516571 3.516571 3.605354 3.605354 3.605354 3.627600 3.627600 3.624974 3.624974 3.611093 3.611093 3.596750 3.596750 3.585946 3.585946 3.585946 3.577517
2.881854 2.881854 2.898725 2.926567 2.948791 2.948791 2.965002 2.989406 2.989406 3.008708 3.008708 3.025330 3.032956 3.040227 3.050451 3.050451 3.282147 3.385288 3.475580 3.553775 3.621038 3.678463 3.726954 3.767227 3.799834 3.825187 3.843601 3.855195 3.858275 3.838053 3.838053 3.747813 3.522930 2.986491 2.937010 2.937010 3.065089 3.065089 3.208491 3.208491 3.272519 3.386036 3.386036 3.482427 3.482427 3.587079 3.587079 3.587079 3.623589 3.623589 3.632733 3.632733 3.623169 3.623169 3.604809 3.604809 3.584586 3.584586 3.584586 3.565623
2.880835 2.880835 2.895794 2.926603 2.949762 2.949762 2.965595 2.989533 2.989533 3.008801 3.008801 3.025446 3.033072 3.040333 3.051744 3.051744 3.355841 3.468513 3.562213 3.640680 3.706690 3.762258 3.808829 3.847432 3.878798 3.903417 3.921622 3.933073 3.930313 3.859542 3.859542 3.616752 3.228008 2.777991 2.820533 2.820533 2.998815 2.998815 3.151108 3.151108 3.217788 3.336682 3.336682 3.438505 3.438505 3.554374 3.554374 3.554374 3.601605 3.601605 3.620950 3.620950 3.616830 3.616830 3.596859 3.596859 3.569077 3.569077 3.569077 3.540563
