simulation_files/asc/Velocity____178.0.asc
NCOLS        79
NROWS        79
XLLCENTER         -1.500000
YLLCENTER         -4.800000
CELLSIZE           0.100
NODATA_VALUE     -9999.0
[rows 0 to 26 of 79, columns 0 to 59 of 79]
-9999.000 -9999.000 -9999.000 -9999.000 -9999.000 -9999.000 -9999.000 -9999.000 -9999.000 -9999.000 -9999.000 -9999.000 -9999.000 -9999.000 -9999.000 0.9693835E-01 0.9459741E-01 0.9382814E-01 0.9398030E-01 0.9477847E-01 0.9576578E-01 0.9672484E-01 0.9756178E-01 0.9817566E-01 0.9859467E-01 0.9885823E-01 0.9902234E-01 0.9926742E-01 0.1001550 0.1010876 0.1010876 -9999.000 -9999.000 -9999.000 -9999.000 -9999.000 -9999.000 -9999.000 -9999.000 -9999.000 -9999.000 -9999.000 -9999.000 -9999.000 -9999.000 -9999.000 -9999.000 -9999.000 -9999.000 -9999.000 -9999.000 -9999.000 -9999.000 -9999.000 -9999.000 -9999.000 -9999.000 -9999.000 -9999.000 -9999.000
-9999.000 -9999.000 -9999.000 -9999.000 -9999.000 -9999.000 -9999.000 -9999.000 -9999.000 -9999.000 -9999.000 -9999.000 -9999.000 -9999.000 -9999.000 0.9604792E-01 0.9121084E-01 0.8965623E-01 0.9002014E-01 0.9170552E-01 0.9378506E-01 0.9583206E-01 0.9766470E-01 0.9906795E-01 0.1000852 0.1007873 0.1012891 0.1019862 0.1041111 0.1066379 0.1066379 -9999.000 -9999.000 -9999.000 -9999.000 -9999.000 -9999.000 -9999.000 -9999.000 -9999.000 -9999.000 -9999.000 -9999.000 -9999.000 -9999.000 -9999.000 -9999.000 -9999.000 -9999.000 -9999.000 -9999.000 -9999.000 -9999.000 -9999.000 -9999.000 -9999.000 -9999.000 -9999.000 -9999.000 -9999.000
-9999.000 -9999.000 -9999.000 -9999.000 -9999.000 -9999.000 -9999.000 -9999.000 -9999.000 -9999.000 -9999.000 -9999.000 -9999.000 -9999.000 -9999.000 0.9388082E-01 0.8636151E-01 0.8387198E-01 0.8445670E-01 0.8716037E-01 0.9051976E-01 0.9388363E-01 0.9698650E-01 0.9949426E-01 0.1014667 0.1029991 0.1042515 0.1058336 0.1097004 0.1146142 0.1146142 -9999.000 -9999.000 -9999.000 -9999.000 -9999.000 -9999.000 -9999.000 -9999.000 -9999.000 -9999.000 -9999.000 -9999.000 -9999.000 -9999.000 -9999.000 -9999.000 -9999.000 -9999.000 -9999.000 -9999.000 -9999.000 -9999.000 -9999.000 -9999.000 -9999.000 -9999.000 -9999.000 -9999.000 -9999.000
-9999.000 -9999.000 -9999.000 -9999.000 -9999.000 -9999.000 -9999.000 -9999.000 -9999.000 -9999.000 -9999.000 -9999.000 -9999.000 -9999.000 -9999.000 0.9114219E-01 0.8098169E-01 0.7754783E-01 0.7837250E-01 0.8213075E-01 0.8680774E-01 0.9153722E-01 0.9598333E-01 0.9969627E-01 0.1027534 0.1052675 0.1074311 0.1100616 0.1158585 0.1236856 0.1236856 -9999.000 -9999.000 -9999.000 -9999.000 -9999.000 -9999.000 -9999.000 -9999.000 -9999.000 -9999.000 -9999.000 -9999.000 -9999.000 -9999.000 -9999.000 -9999.000 -9999.000 -9999.000 -9999.000 -9999.000 -9999.000 -9999.000 -9999.000 -9999.000 -9999.000 -9999.000 -9999.000 -9999.000 -9999.000
-9999.000 -9999.000 -9999.000 -9999.000 -9999.000 -9999.000 -9999.000 -9999.000 -9999.000 -9999.000 -9999.000 -9999.000 -9999.000 -9999.000 -9999.000 0.8806445E-01 0.7526196E-01 0.7087614E-01 0.7196788E-01 0.7682227E-01 0.8284952E-01 0.8897712E-01 0.9481151E-01 0.9978919E-01 0.1040068 0.1075908 0.1107600 0.1145426 0.1224205 0.1336988 0.1336988 -9999.000 -9999.000 -9999.000 -9999.000 -9999.000 -9999.000 -9999.000 -9999.000 -9999.000 -9999.000 -9999.000 -9999.000 -9999.000 -9999.000 -9999.000 -9999.000 -9999.000 -9999.000 -9999.000 -9999.000 -9999.000 -9999.000 -9999.000 -9999.000 -9999.000 -9999.000 -9999.000 -9999.000 -9999.000
-9999.000 -9999.000 -9999.000 -9999.000 -9999.000 -9999.000 -9999.000 -9999.000 -9999.000 -9999.000 -9999.000 -9999.000 -9999.000 -9999.000 -9999.000 0.8473890E-01 0.6928416E-01 0.6395303E-01 0.6535852E-01 0.7136055E-01 0.7876743E-01 0.8631486E-01 0.9356634E-01 0.9984536E-01 0.1052712 0.1099810 0.1142163 0.1192249 0.1293231 0.1446562 0.1446562 -9999.000 -9999.000 -9999.000 -9999.000 -9999.000 -9999.000 -9999.000 -9999.000 -9999.000 -9999.000 -9999.000 -9999.000 -9999.000 -9999.000 -9999.000 -9999.000 -9999.000 -9999.000 -9999.000 -9999.000 -9999.000 -9999.000 -9999.000 -9999.000 -9999.000 -9999.000 -9999.000 -9999.000 -9999.000
-9999.000 -9999.000 -9999.000 -9999.000 -9999.000 -9999.000 -9999.000 -9999.000 -9999.000 -9999.000 -9999.000 -9999.000 -9999.000 -9999.000 -9999.000 0.8118992E-01 0.6307760E-01 0.5683036E-01 0.5862419E-01 0.6583240E-01 0.7464079E-01 0.8361823E-01 0.9230329E-01 0.9990681E-01 0.1065727 0.1124475 0.1177919 0.1240872 0.1365482 0.1566519 0.1566519 -9999.000 -9999.000 -9999.000 -9999.000 -9999.000 -9999.000 -9999.000 -9999.000 -9999.000 -9999.000 -9999.000 -9999.000 -9999.000 -9999.000 -9999.000 -9999.000 -9999.000 -9999.000 -9999.000 -9999.000 -9999.000 -9999.000 -9999.000 -9999.000 -9999.000 -9999.000 -9999.000 -9999.000 -9999.000
-9999.000 -9999.000 -9999.000 -9999.000 -9999.000 -9999.000 -9999.000 -9999.000 -9999.000 -9999.000 -9999.000 -9999.000 -9999.000 -9999.000 -9999.000 0.7740875E-01 0.5664588E-01 0.4954852E-01 0.5184625E-01 0.6031939E-01 0.7053358E-01 0.8093496E-01 0.9105801E-01 0.9999856E-01 0.1079267 0.1149960 0.1214835 0.1291208 0.1441001 0.1698477 0.1698477 -9999.000 -9999.000 -9999.000 -9999.000 -9999.000 -9999.000 -9999.000 -9999.000 -9999.000 -9999.000 -9999.000 -9999.000 -9999.000 -9999.000 -9999.000 -9999.000 -9999.000 -9999.000 -9999.000 -9999.000 -9999.000 -9999.000 -9999.000 -9999.000 -9999.000 -9999.000 -9999.000 -9999.000 -9999.000
-9999.000 -9999.000 -9999.000 -9999.000 -9999.000 -9999.000 -9999.000 -9999.000 -9999.000 -9999.000 -9999.000 -9999.000 -9999.000 -9999.000 -9999.000 0.7336777E-01 0.4998246E-01 0.4216492E-01 0.4514497E-01 0.5492347E-01 0.6651285E-01 0.7830764E-01 0.8985886E-01 0.1001385 0.1093437 0.1176308 0.1252889 0.1343221 0.1519942 0.1844714 0.1844714 -9999.000 -9999.000 -9999.000 -9999.000 -9999.000 -9999.000 -9999.000 -9999.000 -9999.000 -9999.000 -9999.000 -9999.000 -9999.000 -9999.000 -9999.000 -9999.000 -9999.000 -9999.000 -9999.000 -9999.000 -9999.000 -9999.000 -9999.000 -9999.000 -9999.000 -9999.000 -9999.000 -9999.000 -9999.000
-9999.000 -9999.000 -9999.000 -9999.000 -9999.000 -9999.000 -9999.000 -9999.000 -9999.000 -9999.000 -9999.000 -9999.000 -9999.000 -9999.000 -9999.000 0.6902653E-01 0.4307871E-01 0.3479709E-01 0.3873570E-01 0.4979493E-01 0.6266429E-01 0.7578548E-01 0.8873546E-01 0.1003453 0.1108347 0.1203563 0.1292075 0.1396903 0.1602523 0.2008293 0.2008293 -9999.000 -9999.000 -9999.000 -9999.000 -9999.000 -9999.000 -9999.000 -9999.000 -9999.000 -9999.000 -9999.000 -9999.000 -9999.000 -9999.000 -9999.000 -9999.000 -9999.000 -9999.000 -9999.000 -9999.000 -9999.000 -9999.000 -9999.000 -9999.000 -9999.000 -9999.000 -9999.000 -9999.000 -9999.000
-9999.000 -9999.000 -9999.000 -9999.000 -9999.000 -9999.000 -9999.000 -9999.000 -9999.000 -9999.000 -9999.000 -9999.000 -9999.000 -9999.000 -9999.000 0.6433260E-01 0.3593621E-01 0.2772346E-01 0.3302770E-01 0.4516832E-01 0.5910770E-01 0.7343342E-01 0.8772635E-01 0.1006429 0.1124140 0.1231800 0.1332404 0.1452261 0.1689011 0.2193330 0.2193330 -9999.000 -9999.000 -9999.000 -9999.000 -9999.000 -9999.000 -9999.000 -9999.000 -9999.000 -9999.000 -9999.000 -9999.000 -9999.000 -9999.000 -9999.000 -9999.000 -9999.000 -9999.000 -9999.000 -9999.000 -9999.000 -9999.000 -9999.000 -9999.000 -9999.000 -9999.000 -9999.000 -9999.000 -9999.000
-9999.000 -9999.000 -9999.000 -9999.000 -9999.000 -9999.000 -9999.000 -9999.000 -9999.000 -9999.000 -9999.000 -9999.000 -9999.000 -9999.000 -9999.000 0.5922089E-01 0.2859474E-01 0.2165496E-01 0.2877872E-01 0.4140545E-01 0.5601559E-01 0.7134351E-01 0.8688755E-01 0.1010676 0.1141054 0.1261164 0.1373936 0.1509333 0.1779727 0.2405434 0.2405434 -9999.000 -9999.000 -9999.000 -9999.000 -9999.000 -9999.000 -9999.000 -9999.000 -9999.000 -9999.000 -9999.000 -9999.000 -9999.000 -9999.000 -9999.000 -9999.000 -9999.000 -9999.000 -9999.000 -9999.000 -9999.000 -9999.000 -9999.000 -9999.000 -9999.000 -9999.000 -9999.000 -9999.000 -9999.000
-9999.000 -9999.000 -9999.000 -9999.000 -9999.000 -9999.000 -9999.000 -9999.000 -9999.000 -9999.000 -9999.000 -9999.000 -9999.000 -9999.000 -9999.000 0.5360735E-01 0.2122960E-01 0.1829628E-01 0.2715654E-01 0.3903745E-01 0.5364498E-01 0.6966026E-01 0.8631065E-01 0.1016837 0.1159552 0.1291973 0.1416861 0.1568255 0.1875075 0.2652428 0.2652428 -9999.000 -9999.000 -9999.000 -9999.000 -9999.000 -9999.000 -9999.000 -9999.000 -9999.000 -9999.000 -9999.000 -9999.000 -9999.000 -9999.000 -9999.000 -9999.000 -9999.000 -9999.000 -9999.000 -9999.000 -9999.000 -9999.000 -9999.000 -9999.000 -9999.000 -9999.000 -9999.000 -9999.000 -9999.000
-9999.000 -9999.000 -9999.000 -9999.000 -9999.000 -9999.000 -9999.000 -9999.000 -9999.000 -9999.000 -9999.000 -9999.000 -9999.000 -9999.000 -9999.000 0.4701960E-01 0.1524191E-01 0.2178897E-01 0.3106461E-01 0.4033889E-01 0.5363010E-01 0.6954422E-01 0.8682343E-01 0.1030907 0.1183978 0.1327345 0.1463355 0.1630513 0.1976335 0.2946148 0.2946148 -9999.000 -9999.000 -9999.000 -9999.000 -9999.000 -9999.000 -9999.000 -9999.000 -9999.000 -9999.000 -9999.000 -9999.000 -9999.000 -9999.000 -9999.000 -9999.000 -9999.000 -9999.000 -9999.000 -9999.000 -9999.000 -9999.000 -9999.000 -9999.000 -9999.000 -9999.000 -9999.000 -9999.000 -9999.000
-9999.000 -9999.000 -9999.000 -9999.000 -9999.000 -9999.000 -9999.000 -9999.000 -9999.000 -9999.000 -9999.000 -9999.000 -9999.000 -9999.000 -9999.000 0.7243963E-01 0.1114308 0.1302568 0.1237096 0.1110854 0.1049249 0.1041658 0.1091597 0.1174869 0.1280476 0.1398203 0.1523041 0.1693831 0.2076177 0.3278575 0.3278575 -9999.000 -9999.000 -9999.000 -9999.000 -9999.000 -9999.000 -9999.000 -9999.000 -9999.000 -9999.000 -9999.000 -9999.000 -9999.000 -9999.000 -9999.000 -9999.000 -9999.000 -9999.000 -9999.000 -9999.000 -9999.000 -9999.000 -9999.000 -9999.000 -9999.000 -9999.000 -9999.000 -9999.000 -9999.000
2.774217 2.774217 2.755548 2.817182 2.823999 2.823999 2.827461 2.829915 2.829915 2.828549 2.828549 2.824471 2.821678 2.818489 2.814966 2.814966 2.924655 2.927339 2.927600 2.915220 2.880342 2.824598 2.747486 2.647020 2.526017 2.386699 2.231827 2.069900 1.924820 1.868683 1.868683 2.652775 2.818537 2.917024 2.942482 2.942482 2.978478 2.978478 2.970112 2.970112 2.932877 2.773096 2.773096 2.476979 2.476979 2.082673 2.082673 2.082673 2.053478 2.053478 2.077671 2.077671 2.121286 2.121286 2.168807 2.168807 2.212235 2.212235 2.212235 2.247444
2.796963 2.796963 2.783003 2.866553 2.884961 2.884961 2.899799 2.924603 2.924603 2.945321 2.945321 2.963160 2.971262 2.978925 2.986206 2.986206 3.064470 3.079352 3.092412 3.102507 3.107407 3.106395 3.097442 3.077386 3.044175 2.995756 2.930419 2.848633 2.756165 2.677843 2.677843 3.092274 3.238438 3.383032 3.423218 3.423218 3.470676 3.470676 3.476457 3.476457 3.459577 3.370585 3.370585 3.195948 3.195948 2.895612 2.895612 2.895612 2.863191 2.863191 2.889368 2.889368 2.936067 2.936067 2.986199 2.986199 3.032613 3.032613 3.032613 3.072085
2.800739 2.800739 2.786929 2.866269 2.885126 2.885126 2.900433 2.925911 2.925911 2.947234 2.947234 2.965760 2.974247 2.982317 2.990033 2.990033 3.058393 3.083708 3.107254 3.128340 3.145785 3.159353 3.168566 3.172231 3.169301 3.158400 3.137800 3.106524 3.066643 3.032674 3.032674 3.260201 3.400246 3.565348 3.614631 3.614631 3.667280 3.667280 3.661525 3.661525 3.636457 3.546541 3.546541 3.417520 3.417520 3.178173 3.178173 3.178173 3.131459 3.131459 3.145046 3.145046 3.183152 3.183152 3.227237 3.227237 3.269213 3.269213 3.269213 3.305419
2.798946 2.798946 2.793793 2.865614 2.884676 2.884676 2.900291 2.926054 2.926054 2.947422 2.947422 2.965940 2.974419 2.982482 2.990189 2.990189 3.052528 3.086621 3.119981 3.150631 3.177147 3.199041 3.216165 3.228228 3.235098 3.236559 3.232095 3.221356 3.205599 3.193801 3.193801 3.331826 3.454551 3.623602 3.676718 3.676718 3.724191 3.724191 3.695118 3.695118 3.658639 3.572598 3.572598 3.487911 3.487911 3.312498 3.312498 3.312498 3.256048 3.256048 3.255369 3.255369 3.284118 3.284118 3.322885 3.322885 3.361579 3.361579 3.361579 3.395397
2.799757 2.799757 2.798604 2.865028 2.884162 2.884162 2.899996 2.925938 2.925938 2.947291 2.947291 2.965793 2.974277 2.982351 2.990075 2.990075 3.050639 3.092478 3.134837 3.174396 3.209324 3.238834 3.262696 3.280815 3.293305 3.300385 3.302238 3.299181 3.292543 3.288546 3.288546 3.375091 3.476374 3.634717 3.682673 3.682673 3.703032 3.703032 3.641842 3.641842 3.600641 3.538868 3.538868 3.501405 3.501405 3.392257 3.392257 3.392257 3.334961 3.334961 3.320487 3.320487 3.337497 3.337497 3.369021 3.369021 3.403266 3.403266 3.403266 3.433911
2.800315 2.800315 2.802125 2.864666 2.883824 2.883824 2.899828 2.925948 2.925948 2.947309 2.947309 2.965795 2.974273 2.982347 2.990071 2.990071 3.053850 3.103048 3.153605 3.201218 3.243753 3.280255 3.310387 3.334087 3.351485 3.362871 3.368621 3.369292 3.366186 3.363810 3.363810 3.416785 3.494503 3.624623 3.653098 3.653098 3.619415 3.619415 3.535005 3.535005 3.505182 3.486456 3.486456 3.492007 3.492007 3.443182 3.443182 3.443182 3.394877 3.394877 3.371083 3.371083 3.375569 3.375569 3.397646 3.397646 3.425470 3.425470 3.425470 3.451419
2.800638 2.800638 2.804257 2.864462 2.883620 2.883620 2.899725 2.925960 2.925960 2.947326 2.947326 2.965800 2.974276 2.982349 2.990070 2.990070 3.062897 3.119697 3.177843 3.232605 3.281786 3.324409 3.360131 3.388891 3.410814 3.426163 3.435311 3.438807 3.437737 3.435225 3.435225 3.465240 3.518419 3.594941 3.582515 3.582515 3.481904 3.481904 3.411867 3.411867 3.407702 3.435527 3.435527 3.473900 3.473900 3.474176 3.474176 3.474176 3.442045 3.442045 3.415812 3.415812 3.409600 3.409600 3.420954 3.420954 3.440380 3.440380 3.440380 3.459863
2.800744 2.800744 2.804973 2.864395 2.883550 2.883550 2.899689 2.925962 2.925962 2.947332 2.947332 2.965802 2.974277 2.982349 2.990071 2.990071 3.078842 3.143916 3.209224 3.270226 3.324962 3.372623 3.412960 3.445980 3.471822 3.490723 3.503003 3.509115 3.509847 3.506990 3.506990 3.520460 3.546770 3.527425 3.452584 3.452584 3.314789 3.314789 3.301025 3.301025 3.325277 3.389932 3.389932 3.450809 3.450809 3.488793 3.488793 3.488793 3.476105 3.476105 3.454284 3.454284 3.441516 3.441516 3.442394 3.442394 3.452012 3.452012 3.452012 3.463376
2.800638 2.800638 2.804257 2.864462 2.883619 2.883619 2.899726 2.925959 2.925959 2.947326 2.947326 2.965800 2.974276 2.982347 2.990071 2.990071 3.103231 3.177487 3.249618 3.315919 3.374998 3.426416 3.470149 3.506336 3.535189 3.556952 3.571900 3.580375 3.582803 3.579264 3.579264 3.577788 3.567353 3.390735 3.258523 3.258523 3.158098 3.158098 3.216194 3.216194 3.261142 3.349139 3.349139 3.424796 3.424796 3.490824 3.490824 3.490824 3.497310 3.497310 3.484788 3.484788 3.470002 3.470002 3.462167 3.462167 3.461435 3.461435 3.461435 3.463371
2.800314 2.800314 2.802125 2.864666 2.883824 2.883824 2.899828 2.925948 2.925948 2.947310 2.947310 2.965794 2.974274 2.982348 2.990071 2.990071 3.138386 3.222731 3.301264 3.371774 3.433800 3.487475 3.533132 3.571127 3.601796 3.625430 3.642292 3.652619 3.656264 3.649841 3.649841 3.625345 3.548034 3.171955 3.036626 3.036626 3.041943 3.041943 3.153321 3.153321 3.209455 3.310639 3.310639 3.396191 3.396191 3.482704 3.482704 3.482704 3.505908 3.505908 3.504911 3.504911 3.492199 3.492199 3.478343 3.478343 3.467700 3.467700 3.467700 3.459511
2.799755 2.799755 2.798604 2.865028 2.884162 2.884162 2.899996 2.925937 2.925937 2.947290 2.947290 2.965792 2.974276 2.982352 2.990074 2.990074 3.187876 3.282879 3.367006 3.440276 3.503521 3.557655 3.603482 3.641651 3.672668 3.696906 3.714644 3.725980 3.729315 3.711064 3.711064 3.630189 3.427618 2.914812 2.851598 2.851598 2.964091 2.964091 3.100622 3.100622 3.161945 3.270744 3.270744 3.363289 3.363289 3.464551 3.464551 3.464551 3.501135 3.501135 3.511561 3.511561 3.503567 3.503567 3.486548 3.486548 3.467329 3.467329 3.467329 3.449153
2.798945 2.798945 2.793794 2.865614 2.884675 2.884675 2.900291 2.926052 2.926052 2.947422 2.947422 2.965940 2.974419 2.982482 2.990189 2.990189 3.257436 3.362698 3.450699 3.524518 3.586656 3.638980 3.682855 3.719260 3.748887 3.772210 3.789536 3.800571 3.798383 3.733498 3.733498 3.513184 3.155401 2.706986 2.733204 2.733204 2.900244 2.900244 3.045923 3.045923 3.109790 3.223667 3.223667 3.321365 3.321365 3.433015 3.433015 3.433015 3.479579 3.479579 3.499751 3.499751 3.497348 3.497348 3.479410 3.479410 3.453449 3.453449 3.453449 3.426286
