simulation_files/asc/Velocity__y_218.0.asc
NCOLS        79
NROWS        79
XLLCENTER         -1.500000
YLLCENTER         -4.800000
CELLSIZE           0.100
NODATA_VALUE     -9999.0
[rows 0 to 26 of 79, columns 0 to 58 of 79]
-9999.000 -9999.000 -9999.000 -9999.000 -9999.000 -9999.000 -9999.000 -9999.000 -9999.000 -9999.000 -9999.000 -9999.000 -9999.000 -9999.000 -9999.000 -0.8886845E-01 -0.8551175E-01 -0.8404021E-01 -0.8337478E-01 -0.8381873E-01 -0.8465338E-01 -0.8553818E-01 -0.8640182E-01 -0.8717930E-01 -0.8782951E-01 -0.8840024E-01 -0.8892385E-01 -0.8956007E-01 -0.9089056E-01 -0.9229272E-01 -0.9229272E-01 -9999.000 -9999.000 -9999.000 -9999.000 -9999.000 -9999.000 -9999.000 -9999.000 -9999.000 -9999.000 -9999.000 -9999.000 -9999.000 -9999.000 -9999.000 -9999.000 -9999.000 -9999.000 -9999.000 -9999.000 -9999.000 -9999.000 -9999.000 -9999.000 -9999.000 -9999.000 -9999.000 -9999.000
-9999.000 -9999.000 -9999.000 -9999.000 -9999.000 -9999.000 -9999.000 -9999.000 -9999.000 -9999.000 -9999.000 -9999.000 -9999.000 -9999.000 -9999.000 -0.8998454E-01 -0.8292062E-01 -0.7977237E-01 -0.7836776E-01 -0.7936205E-01 -0.8123516E-01 -0.8325487E-01 -0.8525606E-01 -0.8708970E-01 -0.8865798E-01 -0.9005485E-01 -0.9134083E-01 -0.9284627E-01 -0.9578614E-01 -0.9915544E-01 -0.9915544E-01 -9999.000 -9999.000 -9999.000 -9999.000 -9999.000 -9999.000 -9999.000 -9999.000 -9999.000 -9999.000 -9999.000 -9999.000 -9999.000 -9999.000 -9999.000 -9999.000 -9999.000 -9999.000 -9999.000 -9999.000 -9999.000 -9999.000 -9999.000 -9999.000 -9999.000 -9999.000 -9999.000 -9999.000
-9999.000 -9999.000 -9999.000 -9999.000 -9999.000 -9999.000 -9999.000 -9999.000 -9999.000 -9999.000 -9999.000 -9999.000 -9999.000 -9999.000 -9999.000 -0.9023251E-01 -0.7909806E-01 -0.7402685E-01 -0.7181811E-01 -0.7354119E-01 -0.7675797E-01 -0.8027730E-01 -0.8381472E-01 -0.8710922E-01 -0.8998559E-01 -0.9257897E-01 -0.9497117E-01 -0.9767885E-01 -0.1026342 -0.1087137 -0.1087137 -9999.000 -9999.000 -9999.000 -9999.000 -9999.000 -9999.000 -9999.000 -9999.000 -9999.000 -9999.000 -9999.000 -9999.000 -9999.000 -9999.000 -9999.000 -9999.000 -9999.000 -9999.000 -9999.000 -9999.000 -9999.000 -9999.000 -9999.000 -9999.000 -9999.000 -9999.000 -9999.000 -9999.000
-9999.000 -9999.000 -9999.000 -9999.000 -9999.000 -9999.000 -9999.000 -9999.000 -9999.000 -9999.000 -9999.000 -9999.000 -9999.000 -9999.000 -9999.000 -0.9000895E-01 -0.7479787E-01 -0.6780070E-01 -0.6481947E-01 -0.6734825E-01 -0.7200204E-01 -0.7712165E-01 -0.8230368E-01 -0.8716900E-01 -0.9145986E-01 -0.9535269E-01 -0.9894513E-01 -0.1029449 -0.1100359 -0.1192975 -0.1192975 -9999.000 -9999.000 -9999.000 -9999.000 -9999.000 -9999.000 -9999.000 -9999.000 -9999.000 -9999.000 -9999.000 -9999.000 -9999.000 -9999.000 -9999.000 -9999.000 -9999.000 -9999.000 -9999.000 -9999.000 -9999.000 -9999.000 -9999.000 -9999.000 -9999.000 -9999.000 -9999.000 -9999.000
-9999.000 -9999.000 -9999.000 -9999.000 -9999.000 -9999.000 -9999.000 -9999.000 -9999.000 -9999.000 -9999.000 -9999.000 -9999.000 -9999.000 -9999.000 -0.8953447E-01 -0.7019436E-01 -0.6125054E-01 -0.5750746E-01 -0.6089438E-01 -0.6704832E-01 -0.7383229E-01 -0.8072675E-01 -0.8722971E-01 -0.9299732E-01 -0.9825162E-01 -0.1031030 -0.1084605 -0.1178061 -0.1307592 -0.1307592 -9999.000 -9999.000 -9999.000 -9999.000 -9999.000 -9999.000 -9999.000 -9999.000 -9999.000 -9999.000 -9999.000 -9999.000 -9999.000 -9999.000 -9999.000 -9999.000 -9999.000 -9999.000 -9999.000 -9999.000 -9999.000 -9999.000 -9999.000 -9999.000 -9999.000 -9999.000 -9999.000 -9999.000
-9999.000 -9999.000 -9999.000 -9999.000 -9999.000 -9999.000 -9999.000 -9999.000 -9999.000 -9999.000 -9999.000 -9999.000 -9999.000 -9999.000 -9999.000 -0.8887380E-01 -0.6534385E-01 -0.5443148E-01 -0.4993257E-01 -0.5422458E-01 -0.6192963E-01 -0.7042567E-01 -0.7908305E-01 -0.8727150E-01 -0.9455884E-01 -0.1012191 -0.1073742 -0.1141468 -0.1258752 -0.1431153 -0.1431153 -9999.000 -9999.000 -9999.000 -9999.000 -9999.000 -9999.000 -9999.000 -9999.000 -9999.000 -9999.000 -9999.000 -9999.000 -9999.000 -9999.000 -9999.000 -9999.000 -9999.000 -9999.000 -9999.000 -9999.000 -9999.000 -9999.000 -9999.000 -9999.000 -9999.000 -9999.000 -9999.000 -9999.000
-9999.000 -9999.000 -9999.000 -9999.000 -9999.000 -9999.000 -9999.000 -9999.000 -9999.000 -9999.000 -9999.000 -9999.000 -9999.000 -9999.000 -9999.000 -0.8802473E-01 -0.6025143E-01 -0.4735252E-01 -0.4210673E-01 -0.4735223E-01 -0.5665667E-01 -0.6690581E-01 -0.7736889E-01 -0.8728183E-01 -0.9612215E-01 -0.1042259 -0.1117226 -0.1199669 -0.1342233 -0.1564727 -0.1564727 -9999.000 -9999.000 -9999.000 -9999.000 -9999.000 -9999.000 -9999.000 -9999.000 -9999.000 -9999.000 -9999.000 -9999.000 -9999.000 -9999.000 -9999.000 -9999.000 -9999.000 -9999.000 -9999.000 -9999.000 -9999.000 -9999.000 -9999.000 -9999.000 -9999.000 -9999.000 -9999.000 -9999.000
-9999.000 -9999.000 -9999.000 -9999.000 -9999.000 -9999.000 -9999.000 -9999.000 -9999.000 -9999.000 -9999.000 -9999.000 -9999.000 -9999.000 -9999.000 -0.8695317E-01 -0.5489782E-01 -0.4000198E-01 -0.3402292E-01 -0.4027660E-01 -0.5122920E-01 -0.6326967E-01 -0.7557824E-01 -0.8725016E-01 -0.9767172E-01 -0.1072520 -0.1161249 -0.1258993 -0.1428518 -0.1710045 -0.1710045 -9999.000 -9999.000 -9999.000 -9999.000 -9999.000 -9999.000 -9999.000 -9999.000 -9999.000 -9999.000 -9999.000 -9999.000 -9999.000 -9999.000 -9999.000 -9999.000 -9999.000 -9999.000 -9999.000 -9999.000 -9999.000 -9999.000 -9999.000 -9999.000 -9999.000 -9999.000 -9999.000 -9999.000
-9999.000 -9999.000 -9999.000 -9999.000 -9999.000 -9999.000 -9999.000 -9999.000 -9999.000 -9999.000 -9999.000 -9999.000 -9999.000 -9999.000 -9999.000 -0.8560678E-01 -0.4925073E-01 -0.3235514E-01 -0.2566443E-01 -0.3298913E-01 -0.4564107E-01 -0.5950975E-01 -0.7370157E-01 -0.8716392E-01 -0.9918994E-01 -0.1102777 -0.1205597 -0.1319266 -0.1517699 -0.1869479 -0.1869479 -9999.000 -9999.000 -9999.000 -9999.000 -9999.000 -9999.000 -9999.000 -9999.000 -9999.000 -9999.000 -9999.000 -9999.000 -9999.000 -9999.000 -9999.000 -9999.000 -9999.000 -9999.000 -9999.000 -9999.000 -9999.000 -9999.000 -9999.000 -9999.000 -9999.000 -9999.000 -9999.000 -9999.000
-9999.000 -9999.000 -9999.000 -9999.000 -9999.000 -9999.000 -9999.000 -9999.000 -9999.000 -9999.000 -9999.000 -9999.000 -9999.000 -9999.000 -9999.000 -0.8391798E-01 -0.4326740E-01 -0.2437963E-01 -0.1700695E-01 -0.2547505E-01 -0.3988123E-01 -0.5561380E-01 -0.7172605E-01 -0.8700697E-01 -0.1006561 -0.1132793 -0.1250012 -0.1380271 -0.1609885 -0.2046182 -0.2046182 -9999.000 -9999.000 -9999.000 -9999.000 -9999.000 -9999.000 -9999.000 -9999.000 -9999.000 -9999.000 -9999.000 -9999.000 -9999.000 -9999.000 -9999.000 -9999.000 -9999.000 -9999.000 -9999.000 -9999.000 -9999.000 -9999.000 -9999.000 -9999.000 -9999.000 -9999.000 -9999.000 -9999.000
-9999.000 -9999.000 -9999.000 -9999.000 -9999.000 -9999.000 -9999.000 -9999.000 -9999.000 -9999.000 -9999.000 -9999.000 -9999.000 -9999.000 -9999.000 -0.8180442E-01 -0.3689440E-01 -0.1603347E-01 -0.8018327E-02 -0.1771446E-01 -0.3393339E-01 -0.5156463E-01 -0.6963269E-01 -0.8675642E-01 -0.1020418 -0.1162252 -0.1294148 -0.1441710 -0.1705156 -0.2244347 -0.2244347 -9999.000 -9999.000 -9999.000 -9999.000 -9999.000 -9999.000 -9999.000 -9999.000 -9999.000 -9999.000 -9999.000 -9999.000 -9999.000 -9999.000 -9999.000 -9999.000 -9999.000 -9999.000 -9999.000 -9999.000 -9999.000 -9999.000 -9999.000 -9999.000 -9999.000 -9999.000 -9999.000 -9999.000
-9999.000 -9999.000 -9999.000 -9999.000 -9999.000 -9999.000 -9999.000 -9999.000 -9999.000 -9999.000 -9999.000 -9999.000 -9999.000 -9999.000 -9999.000 -0.7916377E-01 -0.3006443E-01 -0.7261889E-02 0.1343784E-02 -0.9680386E-02 -0.2777526E-01 -0.4733819E-01 -0.6739581E-01 -0.8638182E-01 -0.1033088 -0.1190726 -0.1337520 -0.1503138 -0.1803513 -0.2469658 -0.2469658 -9999.000 -9999.000 -9999.000 -9999.000 -9999.000 -9999.000 -9999.000 -9999.000 -9999.000 -9999.000 -9999.000 -9999.000 -9999.000 -9999.000 -9999.000 -9999.000 -9999.000 -9999.000 -9999.000 -9999.000 -9999.000 -9999.000 -9999.000 -9999.000 -9999.000 -9999.000 -9999.000 -9999.000
-9999.000 -9999.000 -9999.000 -9999.000 -9999.000 -9999.000 -9999.000 -9999.000 -9999.000 -9999.000 -9999.000 -9999.000 -9999.000 -9999.000 -9999.000 -0.7583323E-01 -0.2266228E-01 0.2029479E-02 0.1114170E-01 -0.1343287E-02 -0.2138608E-01 -0.4291177E-01 -0.6498976E-01 -0.8584931E-01 -0.1044119 -0.1217681 -0.1379493 -0.1563937 -0.1904853 -0.2730053 -0.2730053 -9999.000 -9999.000 -9999.000 -9999.000 -9999.000 -9999.000 -9999.000 -9999.000 -9999.000 -9999.000 -9999.000 -9999.000 -9999.000 -9999.000 -9999.000 -9999.000 -9999.000 -9999.000 -9999.000 -9999.000 -9999.000 -9999.000 -9999.000 -9999.000 -9999.000 -9999.000 -9999.000 -9999.000
-9999.000 -9999.000 -9999.000 -9999.000 -9999.000 -9999.000 -9999.000 -9999.000 -9999.000 -9999.000 -9999.000 -9999.000 -9999.000 -9999.000 -9999.000 -0.7030530E-01 -0.1352083E-01 0.1260138E-01 0.2148033E-01 0.7027379E-02 -0.1509304E-01 -0.3860218E-01 -0.6270280E-01 -0.8540363E-01 -0.1055447 -0.1244587 -0.1421098 -0.1624888 -0.2010393 -0.3038668 -0.3038668 -9999.000 -9999.000 -9999.000 -9999.000 -9999.000 -9999.000 -9999.000 -9999.000 -9999.000 -9999.000 -9999.000 -9999.000 -9999.000 -9999.000 -9999.000 -9999.000 -9999.000 -9999.000 -9999.000 -9999.000 -9999.000 -9999.000 -9999.000 -9999.000 -9999.000 -9999.000 -9999.000 -9999.000
-9999.000 -9999.000 -9999.000 -9999.000 -9999.000 -9999.000 -9999.000 -9999.000 -9999.000 -9999.000 -9999.000 -9999.000 -9999.000 -9999.000 -9999.000 -0.7462431E-02 0.1851636E-01 0.2642684E-01 0.2091398E-01 0.2655294E-03 -0.2176019E-01 -0.4490479E-01 -0.6880470E-01 -0.9135070E-01 -0.1113737 -0.1304885 -0.1485114 -0.1700125 -0.2126274 -0.3393912 -0.3393912 -9999.000 -9999.000 -9999.000 -9999.000 -9999.000 -9999.000 -9999.000 -9999.000 -9999.000 -9999.000 -9999.000 -9999.000 -9999.000 -9999.000 -9999.000 -9999.000 -9999.000 -9999.000 -9999.000 -9999.000 -9999.000 -9999.000 -9999.000 -9999.000 -9999.000 -9999.000 -9999.000 -9999.000
-0.4020457E-02 -0.4020457E-02 -0.5655288E-02 -0.7251451E-02 -0.6777039E-02 -0.6777039E-02 -0.6623127E-02 -0.6568286E-02 -0.6568286E-02 -0.6554541E-02 -0.6554541E-02 -0.6527924E-02 -0.6511630E-02 -0.6494154E-02 -0.6481128E-02 -0.6481128E-02 0.4052977E-01 0.3640802E-01 0.2118248E-01 -0.2663693E-02 -0.3054099E-01 -0.6141079E-01 -0.9425314E-01 -0.1275187 -0.1596743 -0.1901334 -0.2182845 -0.2452621 -0.2781708 -0.3501544 -0.3501544 -0.1981833 -0.1088537 -0.3967873E-01 -0.3022671E-01 -0.3022671E-01 -0.2355413E-01 -0.2355413E-01 -0.1208326E-01 -0.1208326E-01 -0.1237563E-02 0.2592302E-01 0.2592302E-01 0.3093030E-01 0.3093030E-01 -0.3301041E-02 -0.3301041E-02 -0.3301041E-02 -0.1074482E-02 -0.1074482E-02 -0.2887359E-03 -0.2887359E-03 -0.8733608E-03 -0.8733608E-03 -0.2029428E-02 -0.2029428E-02 -0.3223670E-02 -0.3223670E-02 -0.3223670E-02
-0.5786030E-02 -0.5786030E-02 -0.7862706E-02 -0.1062982E-01 -0.9641599E-02 -0.9641599E-02 -0.9299963E-02 -0.9219661E-02 -0.9219661E-02 -0.9239671E-02 -0.9239671E-02 -0.9228405E-02 -0.9215897E-02 -0.9201813E-02 -0.9214522E-02 -0.9214522E-02 0.3395260E-01 0.3115977E-01 0.1597310E-01 -0.9177797E-02 -0.4392684E-01 -0.8564811E-01 -0.1321185 -0.1815962 -0.2322762 -0.2820662 -0.3293569 -0.3723167 -0.4086322 -0.4335901 -0.4335901 -0.2977039 -0.2007361 -0.1073458 -0.8876627E-01 -0.8876627E-01 -0.6590613E-01 -0.6590613E-01 -0.2623628E-01 -0.2623628E-01 0.6530533E-02 0.8167089E-01 0.8167089E-01 0.1056560 0.1056560 0.2333681E-01 0.2333681E-01 0.2333681E-01 0.8389658E-02 0.8389658E-02 0.1281840E-02 0.1281840E-02 -0.3590229E-02 -0.3590229E-02 -0.7533483E-02 -0.7533483E-02 -0.1053229E-01 -0.1053229E-01 -0.1053229E-01
-0.3933412E-02 -0.3933412E-02 -0.5530849E-02 -0.9389255E-02 -0.8348012E-02 -0.8348012E-02 -0.7882113E-02 -0.7764557E-02 -0.7764557E-02 -0.7826439E-02 -0.7826439E-02 -0.7846696E-02 -0.7846858E-02 -0.7845444E-02 -0.7912276E-02 -0.7912276E-02 0.2289828E-01 0.2070019E-01 0.6113452E-02 -0.1901995E-01 -0.5408528E-01 -0.9730252E-01 -0.1468362 -0.2011636 -0.2587993 -0.3179582 -0.3769900 -0.4339121 -0.4857838 -0.5261549 -0.5261549 -0.4391514 -0.3558668 -0.2405572 -0.2037125 -0.2037125 -0.1395792 -0.1395792 -0.4285130E-01 -0.4285130E-01 0.2404209E-01 0.1577400 0.1577400 0.2114615 0.2114615 0.8931410E-01 0.8931410E-01 0.8931410E-01 0.3506419E-01 0.3506419E-01 0.6854407E-02 0.6854407E-02 -0.8661980E-02 -0.8661980E-02 -0.1810433E-01 -0.1810433E-01 -0.2373699E-01 -0.2373699E-01 -0.2373699E-01
-0.2116333E-02 -0.2116333E-02 -0.4260444E-02 -0.7833727E-02 -0.6837747E-02 -0.6837747E-02 -0.6340521E-02 -0.6195976E-02 -0.6195976E-02 -0.6263033E-02 -0.6263033E-02 -0.6285245E-02 -0.6285328E-02 -0.6283980E-02 -0.6399743E-02 -0.6399743E-02 0.1204713E-01 0.7899202E-02 -0.7630196E-02 -0.3342518E-01 -0.6873976E-01 -0.1122879 -0.1625926 -0.2183243 -0.2782555 -0.3410082 -0.4052270 -0.4692721 -0.5305288 -0.5829132 -0.5829132 -0.5450500 -0.4872032 -0.3767995 -0.3275384 -0.3275384 -0.2136119 -0.2136119 -0.4301503E-01 -0.4301503E-01 0.5622844E-01 0.2231513 0.2231513 0.2890459 0.2890459 0.1585176 0.1585176 0.1585176 0.6972575E-01 0.6972575E-01 0.1642684E-01 0.1642684E-01 -0.1339485E-01 -0.1339485E-01 -0.3018541E-01 -0.3018541E-01 -0.3897507E-01 -0.3897507E-01 -0.3897507E-01
-0.3212916E-03 -0.3212916E-03 -0.4103031E-02 -0.6009333E-02 -0.5199748E-02 -0.5199748E-02 -0.4767831E-02 -0.4635800E-02 -0.4635800E-02 -0.4698221E-02 -0.4698221E-02 -0.4717300E-02 -0.4715954E-02 -0.4713020E-02 -0.4887354E-02 -0.4887354E-02 0.1466258E-02 -0.6798820E-02 -0.2512413E-01 -0.5286743E-01 -0.8933429E-01 -0.1335631 -0.1844134 -0.2407688 -0.3015824 -0.3657415 -0.4321292 -0.4994397 -0.5655885 -0.6255806 -0.6255806 -0.6240249 -0.5926064 -0.4980222 -0.4374775 -0.4374775 -0.2606644 -0.2606644 -0.1680074E-01 -0.1680074E-01 0.9944216E-01 0.2654284 0.2654284 0.3282039 0.3282039 0.2138129 0.2138129 0.2138129 0.1061652 0.1061652 0.3054698E-01 0.3054698E-01 -0.1500110E-01 -0.1500110E-01 -0.4066979E-01 -0.4066979E-01 -0.5340046E-01 -0.5340046E-01 -0.5340046E-01
0.4543415E-03 0.4543415E-03 -0.3216387E-02 -0.4078215E-02 -0.3502229E-02 -0.3502229E-02 -0.3185007E-02 -0.3085254E-02 -0.3085254E-02 -0.3133398E-02 -0.3133398E-02 -0.3146673E-02 -0.3144365E-02 -0.3140691E-02 -0.3391187E-02 -0.3391187E-02 -0.9380248E-02 -0.2358973E-01 -0.4659843E-01 -0.7785116E-01 -0.1166881 -0.1623630 -0.2140426 -0.2708811 -0.3320585 -0.3967073 -0.4639206 -0.5326447 -0.6012372 -0.6657669 -0.6657669 -0.6888250 -0.6795914 -0.5959353 -0.5152960 -0.5152960 -0.2584208 -0.2584208 0.2754594E-01 0.2754594E-01 0.1382903 0.2791983 0.2791983 0.3335825 0.3335825 0.2480909 0.2480909 0.2480909 0.1389149 0.1389149 0.4819029E-01 0.4819029E-01 -0.1232315E-01 -0.1232315E-01 -0.4784815E-01 -0.4784815E-01 -0.6536129E-01 -0.6536129E-01 -0.6536129E-01
0.2219732E-03 0.2219732E-03 -0.1598011E-02 -0.2043020E-02 -0.1755190E-02 -0.1755190E-02 -0.1591920E-02 -0.1540073E-02 -0.1540073E-02 -0.1566621E-02 -0.1566621E-02 -0.1573876E-02 -0.1572582E-02 -0.1570458E-02 -0.1924793E-02 -0.1924793E-02 -0.2130165E-01 -0.4317158E-01 -0.7274748E-01 -0.1092067 -0.1518153 -0.1999424 -0.2530043 -0.3104461 -0.3717311 -0.4362817 -0.5034491 -0.5724357 -0.6419665 -0.7089161 -0.7089161 -0.7476627 -0.7539918 -0.6589414 -0.5386317 -0.5386317 -0.2049906 -0.2049906 0.6835017E-01 0.6835017E-01 0.1578529 0.2675433 0.2675433 0.3149358 0.3149358 0.2605875 0.2605875 0.2605875 0.1631454 0.1631454 0.6682818E-01 0.6682818E-01 -0.5507256E-02 -0.5507256E-02 -0.5081787E-01 -0.5081787E-01 -0.7369651E-01 -0.7369651E-01 -0.7369651E-01
-0.6268701E-07 -0.6268701E-07 -0.1401410E-08 0.1812210E-06 0.1293530E-06 0.1293530E-06 0.8558692E-07 0.9465341E-07 0.9465341E-07 -0.5847805E-07 -0.5847805E-07 0.1285531E-07 -0.9380557E-07 -0.3179782E-07 -0.4929408E-03 -0.4929408E-03 -0.3541381E-01 -0.6678393E-01 -0.1048553 -0.1482781 -0.1961326 -0.2478281 -0.3029774 -0.3613070 -0.4225928 -0.4865862 -0.5529562 -0.6212128 -0.6904157 -0.7578658 -0.7578658 -0.8047182 -0.8164450 -0.6633986 -0.4860356 -0.4860356 -0.1278277 -0.1278277 0.8841971E-01 0.8841971E-01 0.1542090 0.2387054 0.2387054 0.2818458 0.2818458 0.2543125 0.2543125 0.2543125 0.1755757 0.1755757 0.8303522E-01 0.8303522E-01 0.4170842E-02 0.4170842E-02 -0.4935917E-01 -0.4935917E-01 -0.7755557E-01 -0.7755557E-01 -0.7755557E-01
-0.2220528E-03 -0.2220528E-03 0.1597907E-02 0.2043234E-02 0.1755399E-02 0.1755399E-02 0.1592142E-02 0.1540367E-02 0.1540367E-02 0.1566366E-02 0.1566366E-02 0.1573802E-02 0.1572569E-02 0.1570374E-02 0.8902636E-03 0.8902636E-03 -0.5335316E-01 -0.9642661E-01 -0.1450570 -0.1972173 -0.2517522 -0.3080923 -0.3660332 -0.4255767 -0.4868205 -0.5498644 -0.6147337 -0.6812858 -0.7488464 -0.8143253 -0.8143253 -0.8600817 -0.8572822 -0.5808219 -0.3654245 -0.3654245 -0.6401080E-01 -0.6401080E-01 0.8561394E-01 0.8561394E-01 0.1335032 0.2012596 0.2012596 0.2414796 0.2414796 0.2337930 0.2337930 0.2337930 0.1751496 0.1751496 0.9353653E-01 0.9353653E-01 0.1460031E-01 0.1460031E-01 -0.4393204E-01 -0.4393204E-01 -0.7642510E-01 -0.7642510E-01 -0.7642510E-01
-0.4542835E-03 -0.4542835E-03 0.3216393E-02 0.4078133E-02 0.3502150E-02 0.3502150E-02 0.3185078E-02 0.3085298E-02 0.3085298E-02 0.3133119E-02 0.3133119E-02 0.3146574E-02 0.3144418E-02 0.3140500E-02 0.2206809E-02 0.2206809E-02 -0.7765412E-01 -0.1352491 -0.1967103 -0.2593360 -0.3218074 -0.3836512 -0.4448959 -0.5058448 -0.5669309 -0.6286091 -0.6912724 -0.7551229 -0.8194457 -0.8782631 -0.8782631 -0.9047843 -0.8441918 -0.4187241 -0.2289118 -0.2289118 -0.3074386E-01 -0.3074386E-01 0.6863150E-01 0.6863150E-01 0.1050100 0.1613524 0.1613524 0.1982913 0.1982913 0.2034134 0.2034134 0.2034134 0.1627825 0.1627825 0.9611157E-01 0.9611157E-01 0.2337618E-01 0.2337618E-01 -0.3559057E-01 -0.3559057E-01 -0.7021677E-01 -0.7021677E-01 -0.7021677E-01
0.3214520E-03 0.3214520E-03 0.4103060E-02 0.6009312E-02 0.5199607E-02 0.5199607E-02 0.4767825E-02 0.4635584E-02 0.4635584E-02 0.4698092E-02 0.4698092E-02 0.4717260E-02 0.4715996E-02 0.4713032E-02 0.3437679E-02 0.3437679E-02 -0.1125133 -0.1883165 -0.2650779 -0.3396957 -0.4109595 -0.4787020 -0.5433205 -0.6054978 -0.6660367 -0.7257529 -0.7853996 -0.8454301 -0.9038513 -0.9428304 -0.9428304 -0.9031435 -0.7176925 -0.2453952 -0.1302395 -0.1302395 -0.2115873E-01 -0.2115873E-01 0.4714863E-01 0.4714863E-01 0.7562830E-01 0.1223501 0.1223501 0.1547505 0.1547505 0.1667666 0.1667666 0.1667666 0.1406369 0.1406369 0.9006751E-01 0.9006751E-01 0.2853037E-01 0.2853037E-01 -0.2569445E-01 -0.2569445E-01 -0.5928919E-01 -0.5928919E-01 -0.5928919E-01
0.2116563E-02 0.2116563E-02 0.4260649E-02 0.7833745E-02 0.6837764E-02 0.6837764E-02 0.6340421E-02 0.6195753E-02 0.6195753E-02 0.6263002E-02 0.6263002E-02 0.6285279E-02 0.6285354E-02 0.6284052E-02 0.4541638E-02 0.4541638E-02 -0.1654492 -0.2641782 -0.3586628 -0.4462046 -0.5262966 -0.5994698 -0.6667287 -0.7292655 -0.7883114 -0.8450537 -0.9005867 -0.9552065 -1.000259 -0.9726604 -0.9726604 -0.7708688 -0.4631126 -0.1282174 -0.8027143E-01 -0.8027143E-01 -0.2108254E-01 -0.2108254E-01 0.2700399E-01 0.2700399E-01 0.4886448E-01 0.8578933E-01 0.8578933E-01 0.1122607 0.1122607 0.1266494 0.1266494 0.1266494 0.1114052 0.1114052 0.7618918E-01 0.7618918E-01 0.2905215E-01 0.2905215E-01 -0.1554508E-01 -0.1554508E-01 -0.4442367E-01 -0.4442367E-01 -0.4442367E-01
