simulation_files/asc/Velocity____224.0.asc
NCOLS        79
NROWS        79
XLLCENTER         -1.500000
YLLCENTER         -4.800000
CELLSIZE           0.100
NODATA_VALUE     -9999.0
[rows 0 to 26 of 79, columns 0 to 59 of 79]
-9999.000 -9999.000 -9999.000 -9999.000 -9999.000 -9999.000 -9999.000 -9999.000 -9999.000 -9999.000 -9999.000 -9999.000 -9999.000 -9999.000 -9999.000 0.8931461E-01 0.8601680E-01 0.8461376E-01 0.8426733E-01 0.8527181E-01 0.8673523E-01 0.8814829E-01 0.8933365E-01 0.9018607E-01 0.9070008E-01 0.9096426E-01 0.9106257E-01 0.9119740E-01 0.9196037E-01 0.9294285E-01 0.9294285E-01 -9999.000 -9999.000 -9999.000 -9999.000 -9999.000 -9999.000 -9999.000 -9999.000 -9999.000 -9999.000 -9999.000 -9999.000 -9999.000 -9999.000 -9999.000 -9999.000 -9999.000 -9999.000 -9999.000 -9999.000 -9999.000 -9999.000 -9999.000 -9999.000 -9999.000 -9999.000 -9999.000 -9999.000 -9999.000
-9999.000 -9999.000 -9999.000 -9999.000 -9999.000 -9999.000 -9999.000 -9999.000 -9999.000 -9999.000 -9999.000 -9999.000 -9999.000 -9999.000 -9999.000 0.9027433E-01 0.8335912E-01 0.8051230E-01 0.7985231E-01 0.8187538E-01 0.8478099E-01 0.8761433E-01 0.9006859E-01 0.9193825E-01 0.9319011E-01 0.9397781E-01 0.9445833E-01 0.9506098E-01 0.9708266E-01 0.9982772E-01 0.9982772E-01 -9999.000 -9999.000 -9999.000 -9999.000 -9999.000 -9999.000 -9999.000 -9999.000 -9999.000 -9999.000 -9999.000 -9999.000 -9999.000 -9999.000 -9999.000 -9999.000 -9999.000 -9999.000 -9999.000 -9999.000 -9999.000 -9999.000 -9999.000 -9999.000 -9999.000 -9999.000 -9999.000 -9999.000 -9999.000
-9999.000 -9999.000 -9999.000 -9999.000 -9999.000 -9999.000 -9999.000 -9999.000 -9999.000 -9999.000 -9999.000 -9999.000 -9999.000 -9999.000 -9999.000 0.9034785E-01 0.7947487E-01 0.7490798E-01 0.7381605E-01 0.7693927E-01 0.8144624E-01 0.8590350E-01 0.8988899E-01 0.9310569E-01 0.9549109E-01 0.9725776E-01 0.9861214E-01 0.1001956 0.1040469 0.1093856 0.1093856 -9999.000 -9999.000 -9999.000 -9999.000 -9999.000 -9999.000 -9999.000 -9999.000 -9999.000 -9999.000 -9999.000 -9999.000 -9999.000 -9999.000 -9999.000 -9999.000 -9999.000 -9999.000 -9999.000 -9999.000 -9999.000 -9999.000 -9999.000 -9999.000 -9999.000 -9999.000 -9999.000 -9999.000 -9999.000
-9999.000 -9999.000 -9999.000 -9999.000 -9999.000 -9999.000 -9999.000 -9999.000 -9999.000 -9999.000 -9999.000 -9999.000 -9999.000 -9999.000 -9999.000 0.8993851E-01 0.7510412E-01 0.6879686E-01 0.6728487E-01 0.7153125E-01 0.7764553E-01 0.8373769E-01 0.8929823E-01 0.9394693E-01 0.9759066E-01 0.1004932 0.1028935 0.1056347 0.1115154 0.1199654 0.1199654 -9999.000 -9999.000 -9999.000 -9999.000 -9999.000 -9999.000 -9999.000 -9999.000 -9999.000 -9999.000 -9999.000 -9999.000 -9999.000 -9999.000 -9999.000 -9999.000 -9999.000 -9999.000 -9999.000 -9999.000 -9999.000 -9999.000 -9999.000 -9999.000 -9999.000 -9999.000 -9999.000 -9999.000 -9999.000
-9999.000 -9999.000 -9999.000 -9999.000 -9999.000 -9999.000 -9999.000 -9999.000 -9999.000 -9999.000 -9999.000 -9999.000 -9999.000 -9999.000 -9999.000 0.8926725E-01 0.7042445E-01 0.6236508E-01 0.6047722E-01 0.6589679E-01 0.7363040E-01 0.8136192E-01 0.8852006E-01 0.9464699E-01 0.9961650E-01 0.1037397 0.1072789 0.1112806 0.1193408 0.1314273 0.1314273 -9999.000 -9999.000 -9999.000 -9999.000 -9999.000 -9999.000 -9999.000 -9999.000 -9999.000 -9999.000 -9999.000 -9999.000 -9999.000 -9999.000 -9999.000 -9999.000 -9999.000 -9999.000 -9999.000 -9999.000 -9999.000 -9999.000 -9999.000 -9999.000 -9999.000 -9999.000 -9999.000 -9999.000 -9999.000
-9999.000 -9999.000 -9999.000 -9999.000 -9999.000 -9999.000 -9999.000 -9999.000 -9999.000 -9999.000 -9999.000 -9999.000 -9999.000 -9999.000 -9999.000 0.8839935E-01 0.6549753E-01 0.5569673E-01 0.5352580E-01 0.6019118E-01 0.6955129E-01 0.7891391E-01 0.8767617E-01 0.9530508E-01 0.1016381 0.1070327 0.1117666 0.1170983 0.1274735 0.1437922 0.1437922 -9999.000 -9999.000 -9999.000 -9999.000 -9999.000 -9999.000 -9999.000 -9999.000 -9999.000 -9999.000 -9999.000 -9999.000 -9999.000 -9999.000 -9999.000 -9999.000 -9999.000 -9999.000 -9999.000 -9999.000 -9999.000 -9999.000 -9999.000 -9999.000 -9999.000 -9999.000 -9999.000 -9999.000 -9999.000
-9999.000 -9999.000 -9999.000 -9999.000 -9999.000 -9999.000 -9999.000 -9999.000 -9999.000 -9999.000 -9999.000 -9999.000 -9999.000 -9999.000 -9999.000 0.8733337E-01 0.6033299E-01 0.4883433E-01 0.4654375E-01 0.5453946E-01 0.6550939E-01 0.7647406E-01 0.8683243E-01 0.9597273E-01 0.1036913 0.1103904 0.1163570 0.1230746 0.1359053 0.1571701 0.1571701 -9999.000 -9999.000 -9999.000 -9999.000 -9999.000 -9999.000 -9999.000 -9999.000 -9999.000 -9999.000 -9999.000 -9999.000 -9999.000 -9999.000 -9999.000 -9999.000 -9999.000 -9999.000 -9999.000 -9999.000 -9999.000 -9999.000 -9999.000 -9999.000 -9999.000 -9999.000 -9999.000 -9999.000 -9999.000
-9999.000 -9999.000 -9999.000 -9999.000 -9999.000 -9999.000 -9999.000 -9999.000 -9999.000 -9999.000 -9999.000 -9999.000 -9999.000 -9999.000 -9999.000 0.8603584E-01 0.5491791E-01 0.4181708E-01 0.3968656E-01 0.4908327E-01 0.6159465E-01 0.7410093E-01 0.8603004E-01 0.9667975E-01 0.1057951 0.1138228 0.1210510 0.1292057 0.1446469 0.1717376 0.1717376 -9999.000 -9999.000 -9999.000 -9999.000 -9999.000 -9999.000 -9999.000 -9999.000 -9999.000 -9999.000 -9999.000 -9999.000 -9999.000 -9999.000 -9999.000 -9999.000 -9999.000 -9999.000 -9999.000 -9999.000 -9999.000 -9999.000 -9999.000 -9999.000 -9999.000 -9999.000 -9999.000 -9999.000 -9999.000
-9999.000 -9999.000 -9999.000 -9999.000 -9999.000 -9999.000 -9999.000 -9999.000 -9999.000 -9999.000 -9999.000 -9999.000 -9999.000 -9999.000 -9999.000 0.8445492E-01 0.4922834E-01 0.3471739E-01 0.3323690E-01 0.4402402E-01 0.5790976E-01 0.7185021E-01 0.8530330E-01 0.9744827E-01 0.1079629 0.1173363 0.1258488 0.1354911 0.1537187 0.1877360 0.1877360 -9999.000 -9999.000 -9999.000 -9999.000 -9999.000 -9999.000 -9999.000 -9999.000 -9999.000 -9999.000 -9999.000 -9999.000 -9999.000 -9999.000 -9999.000 -9999.000 -9999.000 -9999.000 -9999.000 -9999.000 -9999.000 -9999.000 -9999.000 -9999.000 -9999.000 -9999.000 -9999.000 -9999.000 -9999.000
-9999.000 -9999.000 -9999.000 -9999.000 -9999.000 -9999.000 -9999.000 -9999.000 -9999.000 -9999.000 -9999.000 -9999.000 -9999.000 -9999.000 -9999.000 0.8252349E-01 0.4323647E-01 0.2771132E-01 0.2775679E-01 0.3966720E-01 0.5458711E-01 0.6978686E-01 0.8468943E-01 0.9830116E-01 0.1102079 0.1209377 0.1307516 0.1419318 0.1631464 0.2054866 0.2054866 -9999.000 -9999.000 -9999.000 -9999.000 -9999.000 -9999.000 -9999.000 -9999.000 -9999.000 -9999.000 -9999.000 -9999.000 -9999.000 -9999.000 -9999.000 -9999.000 -9999.000 -9999.000 -9999.000 -9999.000 -9999.000 -9999.000 -9999.000 -9999.000 -9999.000 -9999.000 -9999.000 -9999.000 -9999.000
-9999.000 -9999.000 -9999.000 -9999.000 -9999.000 -9999.000 -9999.000 -9999.000 -9999.000 -9999.000 -9999.000 -9999.000 -9999.000 -9999.000 -9999.000 0.8016109E-01 0.3691868E-01 0.2127333E-01 0.2429241E-01 0.3646075E-01 0.5180444E-01 0.6799567E-01 0.8423652E-01 0.9926873E-01 0.1125482 0.1246369 0.1357623 0.1485302 0.1729607 0.2254179 0.2254179 -9999.000 -9999.000 -9999.000 -9999.000 -9999.000 -9999.000 -9999.000 -9999.000 -9999.000 -9999.000 -9999.000 -9999.000 -9999.000 -9999.000 -9999.000 -9999.000 -9999.000 -9999.000 -9999.000 -9999.000 -9999.000 -9999.000 -9999.000 -9999.000 -9999.000 -9999.000 -9999.000 -9999.000 -9999.000
-9999.000 -9999.000 -9999.000 -9999.000 -9999.000 -9999.000 -9999.000 -9999.000 -9999.000 -9999.000 -9999.000 -9999.000 -9999.000 -9999.000 -9999.000 0.7726769E-01 0.3027136E-01 0.1671949E-01 0.2421558E-01 0.3498670E-01 0.4980436E-01 0.6659690E-01 0.8401544E-01 0.1003967 0.1150138 0.1284524 0.1408891 0.1552923 0.1831974 0.2481127 0.2481127 -9999.000 -9999.000 -9999.000 -9999.000 -9999.000 -9999.000 -9999.000 -9999.000 -9999.000 -9999.000 -9999.000 -9999.000 -9999.000 -9999.000 -9999.000 -9999.000 -9999.000 -9999.000 -9999.000 -9999.000 -9999.000 -9999.000 -9999.000 -9999.000 -9999.000 -9999.000 -9999.000 -9999.000 -9999.000
-9999.000 -9999.000 -9999.000 -9999.000 -9999.000 -9999.000 -9999.000 -9999.000 -9999.000 -9999.000 -9999.000 -9999.000 -9999.000 -9999.000 -9999.000 0.7369225E-01 0.2337410E-01 0.1672691E-01 0.2822943E-01 0.3593804E-01 0.4900840E-01 0.6584401E-01 0.8419315E-01 0.1018016 0.1176860 0.1324410 0.1461674 0.1622417 0.1939063 0.2743852 0.2743852 -9999.000 -9999.000 -9999.000 -9999.000 -9999.000 -9999.000 -9999.000 -9999.000 -9999.000 -9999.000 -9999.000 -9999.000 -9999.000 -9999.000 -9999.000 -9999.000 -9999.000 -9999.000 -9999.000 -9999.000 -9999.000 -9999.000 -9999.000 -9999.000 -9999.000 -9999.000 -9999.000 -9999.000 -9999.000
-9999.000 -9999.000 -9999.000 -9999.000 -9999.000 -9999.000 -9999.000 -9999.000 -9999.000 -9999.000 -9999.000 -9999.000 -9999.000 -9999.000 -9999.000 0.6814475E-01 0.1815205E-01 0.2726051E-01 0.4063619E-01 0.4473441E-01 0.5418412E-01 0.6927602E-01 0.8730032E-01 0.1052958 0.1218657 0.1375263 0.1522393 0.1698108 0.2053956 0.3055857 0.3055857 -9999.000 -9999.000 -9999.000 -9999.000 -9999.000 -9999.000 -9999.000 -9999.000 -9999.000 -9999.000 -9999.000 -9999.000 -9999.000 -9999.000 -9999.000 -9999.000 -9999.000 -9999.000 -9999.000 -9999.000 -9999.000 -9999.000 -9999.000 -9999.000 -9999.000 -9999.000 -9999.000 -9999.000 -9999.000
-9999.000 -9999.000 -9999.000 -9999.000 -9999.000 -9999.000 -9999.000 -9999.000 -9999.000 -9999.000 -9999.000 -9999.000 -9999.000 -9999.000 -9999.000 0.1071482 0.1650133 0.1942313 0.1857678 0.1567316 0.1386136 0.1277390 0.1252779 0.1294518 0.1375772 0.1485108 0.1608718 0.1781280 0.2170958 0.3410213 0.3410213 -9999.000 -9999.000 -9999.000 -9999.000 -9999.000 -9999.000 -9999.000 -9999.000 -9999.000 -9999.000 -9999.000 -9999.000 -9999.000 -9999.000 -9999.000 -9999.000 -9999.000 -9999.000 -9999.000 -9999.000 -9999.000 -9999.000 -9999.000 -9999.000 -9999.000 -9999.000 -9999.000 -9999.000 -9999.000
2.883911 2.883911 2.903924 2.903490 2.924040 2.924040 2.926871 2.926483 2.926483 2.922376 2.922376 2.915744 2.911736 2.907374 2.903119 2.903119 3.066603 3.071388 3.072605 3.069521 3.037008 2.981201 2.902212 2.798626 2.672038 2.526310 2.363834 2.193328 2.039409 1.977295 1.977295 2.797797 2.973912 3.080747 3.108389 3.108389 3.147396 3.147396 3.139746 3.139746 3.101210 2.933912 2.933912 2.627243 2.627243 2.205753 2.205753 2.205753 2.173713 2.173713 2.198840 2.198840 2.245378 2.245378 2.295810 2.295810 2.341987 2.341987 2.341987 2.379471
2.907426 2.907426 2.936389 2.958638 2.986564 2.986564 3.001481 3.024232 3.024232 3.042834 3.042834 3.058703 3.065875 3.072644 3.079440 3.079440 3.200462 3.220883 3.237057 3.250800 3.257301 3.257226 3.248975 3.229464 3.196045 3.146909 3.080052 2.995821 2.900148 2.817914 2.817914 3.250759 3.404170 3.557102 3.599933 3.599933 3.650901 3.650901 3.657852 3.657852 3.640409 3.547171 3.547171 3.365367 3.365367 3.047355 3.047355 3.047355 3.011147 3.011147 3.038362 3.038362 3.087616 3.087616 3.140587 3.140587 3.189700 3.189700 3.189700 3.231498
2.912241 2.912241 2.938812 2.960548 2.986268 2.986268 3.001863 3.025490 3.025490 3.044730 3.044730 3.061319 3.068890 3.076088 3.083380 3.083380 3.190852 3.224494 3.253010 3.277895 3.297423 3.312065 3.321909 3.326088 3.323414 3.312643 3.291942 3.260190 3.219456 3.184400 3.184400 3.422312 3.569269 3.743388 3.795679 3.795679 3.851996 3.851996 3.846524 3.846524 3.820206 3.725550 3.725550 3.590730 3.590730 3.338536 3.338536 3.338536 3.287301 3.287301 3.300992 3.300992 3.341227 3.341227 3.388019 3.388019 3.432656 3.432656 3.432656 3.471186
2.915207 2.915207 2.940943 2.961154 2.985335 2.985335 3.001359 3.025445 3.025445 3.044731 3.044731 3.061317 3.068893 3.076099 3.083487 3.083487 3.182115 3.226532 3.266422 3.301652 3.331043 3.354606 3.372676 3.385324 3.392495 3.394121 3.389721 3.378916 3.362981 3.351003 3.351003 3.495574 3.624339 3.802407 3.858603 3.858603 3.909139 3.909139 3.878639 3.878639 3.840101 3.749537 3.749537 3.661293 3.661293 3.477433 3.477433 3.477433 3.416242 3.416242 3.414608 3.414608 3.444814 3.444814 3.485970 3.485970 3.527168 3.527168 3.527168 3.563206
2.916343 2.916343 2.940059 2.961096 2.984434 2.984434 3.000886 3.025417 3.025417 3.044703 3.044703 3.061246 3.068813 3.076021 3.083548 3.083548 3.178293 3.231693 3.281708 3.326591 3.365123 3.396971 3.422287 3.441303 3.454288 3.461613 3.463552 3.460472 3.453754 3.449746 3.449746 3.540376 3.646559 3.813170 3.863785 3.863785 3.885246 3.885246 3.820372 3.820372 3.776858 3.712191 3.712191 3.673746 3.673746 3.560212 3.560212 3.560212 3.498616 3.498616 3.482300 3.482300 3.499896 3.499896 3.533288 3.533288 3.569739 3.569739 3.569739 3.602389
2.912885 2.912885 2.944511 2.960758 2.983679 2.983679 3.000496 3.025451 3.025451 3.044783 3.044783 3.061298 3.068850 3.076043 3.083754 3.083754 3.180508 3.241907 3.300826 3.354374 3.401154 3.440634 3.472794 3.497831 3.516044 3.527875 3.533808 3.534487 3.531290 3.528848 3.528848 3.584206 3.665549 3.802267 3.832160 3.832160 3.796013 3.796013 3.706515 3.706515 3.675194 3.656194 3.656194 3.662996 3.662996 3.613139 3.613139 3.613139 3.561537 3.561537 3.535444 3.535444 3.539635 3.539635 3.562892 3.562892 3.592457 3.592457 3.592457 3.620071
2.912541 2.912541 2.946553 2.960411 2.983081 2.983081 3.000103 3.025319 3.025319 3.044711 3.044711 3.061252 3.068815 3.076018 3.084016 3.084016 3.189541 3.258678 3.325546 3.386688 3.440631 3.486796 3.525096 3.555676 3.578813 3.594900 3.604424 3.608027 3.606888 3.604233 3.604233 3.635452 3.690944 3.771034 3.757508 3.757508 3.650263 3.650263 3.576277 3.576277 3.572208 3.602310 3.602310 3.643515 3.643515 3.645312 3.645312 3.645312 3.611200 3.611200 3.582732 3.582732 3.575543 3.575543 3.587314 3.587314 3.607875 3.607875 3.607875 3.628551
2.912553 2.912553 2.947026 2.960334 2.982924 2.982924 3.000017 3.025320 3.025320 3.044720 3.044720 3.061257 3.068818 3.076020 3.084403 3.084403 3.206451 3.283616 3.357716 3.425364 3.485245 3.536904 3.580305 3.615611 3.643086 3.663074 3.675993 3.682391 3.683136 3.680102 3.680102 3.693939 3.721169 3.700004 3.620247 3.620247 3.473756 3.473756 3.459575 3.459575 3.485501 3.554261 3.554261 3.618998 3.618998 3.660387 3.660387 3.660387 3.647085 3.647085 3.623540 3.623540 3.609417 3.609417 3.609994 3.609994 3.620051 3.620051 3.620051 3.632016
2.912965 2.912965 2.945787 2.960433 2.983088 2.983088 3.000108 3.025323 3.025323 3.044714 3.044714 3.061255 3.068816 3.076018 3.084936 3.084936 3.232751 3.318584 3.399364 3.472411 3.536878 3.592628 3.639809 3.678687 3.709566 3.732774 3.748664 3.757658 3.760245 3.756518 3.756518 3.754685 3.743319 3.556000 3.415407 3.415407 3.308895 3.308895 3.370754 3.370754 3.418350 3.511473 3.511473 3.591625 3.591625 3.662396 3.662396 3.662396 3.669492 3.669492 3.656018 3.656018 3.639891 3.639891 3.631173 3.631173 3.630133 3.630133 3.630133 3.631973
2.915127 2.915127 2.942638 2.960591 2.983519 2.983519 3.000369 3.025359 3.025359 3.044714 3.044714 3.061253 3.068814 3.076015 3.085665 3.085665 3.270777 3.366021 3.452898 3.530102 3.597613 3.655815 3.705181 3.746171 3.779192 3.804597 3.822706 3.833812 3.837792 3.831081 3.831081 3.805126 3.723577 3.325493 3.181607 3.181607 3.187321 3.187321 3.305054 3.305054 3.364287 3.471143 3.471143 3.561620 3.561620 3.653838 3.653838 3.653838 3.678650 3.678650 3.677555 3.677555 3.663765 3.663765 3.648660 3.648660 3.637009 3.637009 3.637009 3.627968
2.916836 2.916836 2.939066 2.961028 2.984357 2.984357 3.000821 3.025392 3.025392 3.044722 3.044722 3.061289 3.068857 3.076061 3.086717 3.086717 3.324198 3.429354 3.521398 3.601155 3.669827 3.728527 3.778185 3.819527 3.853117 3.879377 3.898623 3.910981 3.914766 3.895613 3.895613 3.810552 3.597683 3.054817 2.987441 2.987441 3.106294 3.106294 3.250097 3.250097 3.314688 3.429474 3.429474 3.527233 3.527233 3.634873 3.634873 3.634873 3.673823 3.673823 3.684937 3.684937 3.676286 3.676286 3.657865 3.657865 3.637029 3.637029 3.637029 3.617251
2.915347 2.915347 2.940516 2.961099 2.985296 2.985296 3.001345 3.025453 3.025453 3.044744 3.044744 3.061328 3.068901 3.076105 3.088135 3.088135 3.398794 3.513460 3.608859 3.688821 3.756166 3.812941 3.860616 3.900233 3.932537 3.958030 3.977049 3.989277 3.987312 3.918809 3.918809 3.687951 3.312745 2.836466 2.864465 2.864465 3.039994 3.039994 3.193103 3.193103 3.260293 3.380391 3.380391 3.483491 3.483491 3.601969 3.601969 3.601969 3.651422 3.651422 3.672915 3.672915 3.670307 3.670307 3.650967 3.650967 3.622916 3.622916 3.622916 3.593462
