simulation_files/asc/Velocity____137.0.asc
NCOLS        79
NROWS        79
XLLCENTER         -1.500000
YLLCENTER         -4.800000
CELLSIZE           0.100
NODATA_VALUE     -9999.0
[rows 0 to 26 of 79, columns 0 to 59 of 79]
-9999.000 -9999.000 -9999.000 -9999.000 -9999.000 -9999.000 -9999.000 -9999.000 -9999.000 -9999.000 -9999.000 -9999.000 -9999.000 -9999.000 -9999.000 0.1265445 0.1253623 0.1253585 0.1255553 0.1258682 0.1262420 0.1266268 0.1269845 0.1272910 0.1275439 0.1277553 0.1280404 0.1286763 0.1302572 0.1309176 0.1309176 -9999.000 -9999.000 -9999.000 -9999.000 -9999.000 -9999.000 -9999.000 -9999.000 -9999.000 -9999.000 -9999.000 -9999.000 -9999.000 -9999.000 -9999.000 -9999.000 -9999.000 -9999.000 -9999.000 -9999.000 -9999.000 -9999.000 -9999.000 -9999.000 -9999.000 -9999.000 -9999.000 -9999.000 -9999.000
-9999.000 -9999.000 -9999.000 -9999.000 -9999.000 -9999.000 -9999.000 -9999.000 -9999.000 -9999.000 -9999.000 -9999.000 -9999.000 -9999.000 -9999.000 0.1244839 0.1220632 0.1220841 0.1225509 0.1232826 0.1241570 0.1250631 0.1259118 0.1266447 0.1272513 0.1277555 0.1284072 0.1298189 0.1332923 0.1352330 0.1352330 -9999.000 -9999.000 -9999.000 -9999.000 -9999.000 -9999.000 -9999.000 -9999.000 -9999.000 -9999.000 -9999.000 -9999.000 -9999.000 -9999.000 -9999.000 -9999.000 -9999.000 -9999.000 -9999.000 -9999.000 -9999.000 -9999.000 -9999.000 -9999.000 -9999.000 -9999.000 -9999.000 -9999.000 -9999.000
-9999.000 -9999.000 -9999.000 -9999.000 -9999.000 -9999.000 -9999.000 -9999.000 -9999.000 -9999.000 -9999.000 -9999.000 -9999.000 -9999.000 -9999.000 0.1210581 0.1173734 0.1174397 0.1182652 0.1195559 0.1211101 0.1227451 0.1243132 0.1257169 0.1269373 0.1280135 0.1293523 0.1319485 0.1378950 0.1419305 0.1419305 -9999.000 -9999.000 -9999.000 -9999.000 -9999.000 -9999.000 -9999.000 -9999.000 -9999.000 -9999.000 -9999.000 -9999.000 -9999.000 -9999.000 -9999.000 -9999.000 -9999.000 -9999.000 -9999.000 -9999.000 -9999.000 -9999.000 -9999.000 -9999.000 -9999.000 -9999.000 -9999.000 -9999.000 -9999.000
-9999.000 -9999.000 -9999.000 -9999.000 -9999.000 -9999.000 -9999.000 -9999.000 -9999.000 -9999.000 -9999.000 -9999.000 -9999.000 -9999.000 -9999.000 0.1169340 0.1120889 0.1122326 0.1134678 0.1153851 0.1177014 0.1201603 0.1225545 0.1247468 0.1267077 0.1284885 0.1306539 0.1345962 0.1432495 0.1500170 0.1500170 -9999.000 -9999.000 -9999.000 -9999.000 -9999.000 -9999.000 -9999.000 -9999.000 -9999.000 -9999.000 -9999.000 -9999.000 -9999.000 -9999.000 -9999.000 -9999.000 -9999.000 -9999.000 -9999.000 -9999.000 -9999.000 -9999.000 -9999.000 -9999.000 -9999.000 -9999.000 -9999.000 -9999.000 -9999.000
-9999.000 -9999.000 -9999.000 -9999.000 -9999.000 -9999.000 -9999.000 -9999.000 -9999.000 -9999.000 -9999.000 -9999.000 -9999.000 -9999.000 -9999.000 0.1122892 0.1063686 0.1066144 0.1082996 0.1108961 0.1140358 0.1173874 0.1206827 0.1237437 0.1265302 0.1291037 0.1321941 0.1376137 0.1492044 0.1593950 0.1593950 -9999.000 -9999.000 -9999.000 -9999.000 -9999.000 -9999.000 -9999.000 -9999.000 -9999.000 -9999.000 -9999.000 -9999.000 -9999.000 -9999.000 -9999.000 -9999.000 -9999.000 -9999.000 -9999.000 -9999.000 -9999.000 -9999.000 -9999.000 -9999.000 -9999.000 -9999.000 -9999.000 -9999.000 -9999.000
-9999.000 -9999.000 -9999.000 -9999.000 -9999.000 -9999.000 -9999.000 -9999.000 -9999.000 -9999.000 -9999.000 -9999.000 -9999.000 -9999.000 -9999.000 0.1072074 0.1002965 0.1006706 0.1028437 0.1061671 0.1101828 0.1144820 0.1187353 0.1227235 0.1263962 0.1298259 0.1339163 0.1409294 0.1556996 0.1701108 0.1701108 -9999.000 -9999.000 -9999.000 -9999.000 -9999.000 -9999.000 -9999.000 -9999.000 -9999.000 -9999.000 -9999.000 -9999.000 -9999.000 -9999.000 -9999.000 -9999.000 -9999.000 -9999.000 -9999.000 -9999.000 -9999.000 -9999.000 -9999.000 -9999.000 -9999.000 -9999.000 -9999.000 -9999.000 -9999.000
-9999.000 -9999.000 -9999.000 -9999.000 -9999.000 -9999.000 -9999.000 -9999.000 -9999.000 -9999.000 -9999.000 -9999.000 -9999.000 -9999.000 -9999.000 0.1017147 0.9391054E-01 0.9444518E-01 0.9714815E-01 0.1012465 0.1061874 0.1114820 0.1167398 0.1217011 0.1263058 0.1306393 0.1357918 0.1445105 0.1627250 0.1823175 0.1823175 -9999.000 -9999.000 -9999.000 -9999.000 -9999.000 -9999.000 -9999.000 -9999.000 -9999.000 -9999.000 -9999.000 -9999.000 -9999.000 -9999.000 -9999.000 -9999.000 -9999.000 -9999.000 -9999.000 -9999.000 -9999.000 -9999.000 -9999.000 -9999.000 -9999.000 -9999.000 -9999.000 -9999.000 -9999.000
-9999.000 -9999.000 -9999.000 -9999.000 -9999.000 -9999.000 -9999.000 -9999.000 -9999.000 -9999.000 -9999.000 -9999.000 -9999.000 -9999.000 -9999.000 0.9580187E-01 0.8722107E-01 0.8795881E-01 0.9124119E-01 0.9616689E-01 0.1020820 0.1084161 0.1147183 0.1206897 0.1262627 0.1315376 0.1378061 0.1483440 0.1703022 0.1962685 0.1962685 -9999.000 -9999.000 -9999.000 -9999.000 -9999.000 -9999.000 -9999.000 -9999.000 -9999.000 -9999.000 -9999.000 -9999.000 -9999.000 -9999.000 -9999.000 -9999.000 -9999.000 -9999.000 -9999.000 -9999.000 -9999.000 -9999.000 -9999.000 -9999.000 -9999.000 -9999.000 -9999.000 -9999.000 -9999.000
-9999.000 -9999.000 -9999.000 -9999.000 -9999.000 -9999.000 -9999.000 -9999.000 -9999.000 -9999.000 -9999.000 -9999.000 -9999.000 -9999.000 -9999.000 0.8943580E-01 0.8022153E-01 0.8121964E-01 0.8514342E-01 0.9095604E-01 0.9789567E-01 0.1053105 0.1126919 0.1197040 0.1262741 0.1325207 0.1399541 0.1524300 0.1784745 0.2123300 0.2123300 -9999.000 -9999.000 -9999.000 -9999.000 -9999.000 -9999.000 -9999.000 -9999.000 -9999.000 -9999.000 -9999.000 -9999.000 -9999.000 -9999.000 -9999.000 -9999.000 -9999.000 -9999.000 -9999.000 -9999.000 -9999.000 -9999.000 -9999.000 -9999.000 -9999.000 -9999.000 -9999.000 -9999.000 -9999.000
-9999.000 -9999.000 -9999.000 -9999.000 -9999.000 -9999.000 -9999.000 -9999.000 -9999.000 -9999.000 -9999.000 -9999.000 -9999.000 -9999.000 -9999.000 0.8256567E-01 0.7289458E-01 0.7423323E-01 0.7887860E-01 0.8564698E-01 0.9366321E-01 0.1021972 0.1106874 0.1187647 0.1263545 0.1335962 0.1422399 0.1567797 0.1873043 0.2310178 0.2310178 -9999.000 -9999.000 -9999.000 -9999.000 -9999.000 -9999.000 -9999.000 -9999.000 -9999.000 -9999.000 -9999.000 -9999.000 -9999.000 -9999.000 -9999.000 -9999.000 -9999.000 -9999.000 -9999.000 -9999.000 -9999.000 -9999.000 -9999.000 -9999.000 -9999.000 -9999.000 -9999.000 -9999.000 -9999.000
-9999.000 -9999.000 -9999.000 -9999.000 -9999.000 -9999.000 -9999.000 -9999.000 -9999.000 -9999.000 -9999.000 -9999.000 -9999.000 -9999.000 -9999.000 0.7512378E-01 0.6521658E-01 0.6701191E-01 0.7248615E-01 0.8029157E-01 0.8943736E-01 0.9912455E-01 0.1087475 0.1179081 0.1265337 0.1347879 0.1446825 0.1614184 0.1968744 0.2530616 0.2530616 -9999.000 -9999.000 -9999.000 -9999.000 -9999.000 -9999.000 -9999.000 -9999.000 -9999.000 -9999.000 -9999.000 -9999.000 -9999.000 -9999.000 -9999.000 -9999.000 -9999.000 -9999.000 -9999.000 -9999.000 -9999.000 -9999.000 -9999.000 -9999.000 -9999.000 -9999.000 -9999.000 -9999.000 -9999.000
-9999.000 -9999.000 -9999.000 -9999.000 -9999.000 -9999.000 -9999.000 -9999.000 -9999.000 -9999.000 -9999.000 -9999.000 -9999.000 -9999.000 -9999.000 0.6702375E-01 0.5716489E-01 0.5959303E-01 0.6604402E-01 0.7498190E-01 0.8530866E-01 0.9617614E-01 0.1069478 0.1172029 0.1268733 0.1361507 0.1473311 0.1663983 0.2072964 0.2795194 0.2795194 -9999.000 -9999.000 -9999.000 -9999.000 -9999.000 -9999.000 -9999.000 -9999.000 -9999.000 -9999.000 -9999.000 -9999.000 -9999.000 -9999.000 -9999.000 -9999.000 -9999.000 -9999.000 -9999.000 -9999.000 -9999.000 -9999.000 -9999.000 -9999.000 -9999.000 -9999.000 -9999.000 -9999.000 -9999.000
-9999.000 -9999.000 -9999.000 -9999.000 -9999.000 -9999.000 -9999.000 -9999.000 -9999.000 -9999.000 -9999.000 -9999.000 -9999.000 -9999.000 -9999.000 0.5815593E-01 0.4873480E-01 0.5207980E-01 0.5971600E-01 0.6989352E-01 0.8144344E-01 0.9350547E-01 0.1054313 0.1167841 0.1275028 0.1378089 0.1503035 0.1718305 0.2187307 0.3119769 0.3119769 -9999.000 -9999.000 -9999.000 -9999.000 -9999.000 -9999.000 -9999.000 -9999.000 -9999.000 -9999.000 -9999.000 -9999.000 -9999.000 -9999.000 -9999.000 -9999.000 -9999.000 -9999.000 -9999.000 -9999.000 -9999.000 -9999.000 -9999.000 -9999.000 -9999.000 -9999.000 -9999.000 -9999.000 -9999.000
-9999.000 -9999.000 -9999.000 -9999.000 -9999.000 -9999.000 -9999.000 -9999.000 -9999.000 -9999.000 -9999.000 -9999.000 -9999.000 -9999.000 -9999.000 0.4834816E-01 0.4001128E-01 0.4481259E-01 0.5395329E-01 0.6548476E-01 0.7827155E-01 0.9151006E-01 0.1045682 0.1170021 0.1287588 0.1400911 0.1539135 0.1779936 0.2314543 0.3529497 0.3529497 -9999.000 -9999.000 -9999.000 -9999.000 -9999.000 -9999.000 -9999.000 -9999.000 -9999.000 -9999.000 -9999.000 -9999.000 -9999.000 -9999.000 -9999.000 -9999.000 -9999.000 -9999.000 -9999.000 -9999.000 -9999.000 -9999.000 -9999.000 -9999.000 -9999.000 -9999.000 -9999.000 -9999.000 -9999.000
-9999.000 -9999.000 -9999.000 -9999.000 -9999.000 -9999.000 -9999.000 -9999.000 -9999.000 -9999.000 -9999.000 -9999.000 -9999.000 -9999.000 -9999.000 0.3648880E-01 0.4245798E-01 0.5542821E-01 0.6785377E-01 0.7972106E-01 0.9136357E-01 0.1029171 0.1142723 0.1252225 0.1357970 0.1462794 0.1598465 0.1852979 0.2451769 0.4040171 0.4040171 -9999.000 -9999.000 -9999.000 -9999.000 -9999.000 -9999.000 -9999.000 -9999.000 -9999.000 -9999.000 -9999.000 -9999.000 -9999.000 -9999.000 -9999.000 -9999.000 -9999.000 -9999.000 -9999.000 -9999.000 -9999.000 -9999.000 -9999.000 -9999.000 -9999.000 -9999.000 -9999.000 -9999.000 -9999.000
2.361069 2.361069 2.406118 2.449250 2.455937 2.455937 2.460136 2.464282 2.464282 2.464916 2.464916 2.463322 2.461911 2.460156 2.458095 2.458095 2.349488 2.322930 2.288537 2.241874 2.180398 2.102934 2.009366 1.900500 1.778244 1.646631 1.512812 1.390275 1.308296 1.338366 1.338366 2.143373 2.286644 2.338376 2.344496 2.344496 2.337270 2.337270 2.264619 2.264619 2.189521 1.748594 1.748594 1.526829 1.526829 1.485546 1.485546 1.485546 1.527130 1.527130 1.577531 1.577531 1.626418 1.626418 1.668646 1.668646 1.701593 1.701593 1.701593 1.724061
2.376632 2.376632 2.436471 2.493673 2.510371 2.510371 2.524569 2.548596 2.548596 2.568946 2.568946 2.586913 2.595226 2.603156 2.610741 2.610741 2.558109 2.553113 2.552135 2.549320 2.540793 2.523701 2.495729 2.454974 2.400072 2.328099 2.242831 2.152566 2.072917 2.051615 2.051615 2.500116 2.646141 2.769591 2.797708 2.797708 2.816462 2.816462 2.783591 2.783591 2.742252 2.521387 2.521387 2.280933 2.280933 2.225168 2.225168 2.225168 2.265310 2.265310 2.313623 2.313623 2.361698 2.361698 2.405856 2.405856 2.443461 2.443461 2.443461 2.472137
2.380110 2.380110 2.440482 2.493942 2.510804 2.510804 2.525231 2.549757 2.549757 2.570655 2.570655 2.589248 2.597904 2.606201 2.614174 2.614174 2.577364 2.577018 2.585892 2.597300 2.607039 2.612628 2.612329 2.604619 2.588044 2.560380 2.522192 2.476793 2.432338 2.417164 2.417164 2.704499 2.839130 2.982718 3.019029 3.019029 3.041121 3.041121 3.003894 3.003894 2.964992 2.821373 2.821373 2.626378 2.626378 2.544199 2.544199 2.544199 2.572831 2.572831 2.613294 2.613294 2.654835 2.654835 2.693026 2.693026 2.725185 2.725185 2.725185 2.749850
2.382885 2.382885 2.443549 2.493871 2.510685 2.510685 2.525157 2.549762 2.549762 2.570685 2.570685 2.589282 2.597943 2.606246 2.614228 2.614228 2.589901 2.592854 2.606834 2.624923 2.642420 2.656803 2.666757 2.671475 2.670300 2.662036 2.646869 2.626817 2.607202 2.606751 2.606751 2.789203 2.912412 3.059176 3.096148 3.096148 3.108326 3.108326 3.059342 3.059342 3.023246 2.930217 2.930217 2.790316 2.790316 2.690018 2.690018 2.690018 2.706181 2.706181 2.740582 2.740582 2.778372 2.778372 2.813250 2.813250 2.842476 2.842476 2.842476 2.864799
2.385008 2.385008 2.445872 2.493830 2.510564 2.510564 2.525069 2.549753 2.549753 2.570691 2.570691 2.589281 2.597938 2.606241 2.614220 2.614220 2.603075 2.611217 2.630298 2.653841 2.677025 2.697146 2.712867 2.723589 2.729082 2.728933 2.723564 2.714763 2.706725 2.712554 2.712554 2.834238 2.941427 3.075338 3.102183 3.102183 3.087929 3.087929 3.032292 3.032292 3.006848 2.961013 2.961013 2.880244 2.880244 2.778804 2.778804 2.778804 2.780065 2.780065 2.805956 2.805956 2.838971 2.838971 2.870635 2.870635 2.897291 2.897291 2.897291 2.917390
2.386504 2.386504 2.447500 2.493814 2.510464 2.510464 2.524993 2.549743 2.549743 2.570697 2.570697 2.589281 2.597935 2.606235 2.614215 2.614215 2.617414 2.632730 2.657626 2.686364 2.714522 2.739450 2.759756 2.774811 2.784446 2.788569 2.787695 2.783467 2.779466 2.785331 2.785331 2.866824 2.953627 3.052213 3.055103 3.055103 3.007904 3.007904 2.966001 2.966001 2.959422 2.957664 2.957664 2.928374 2.928374 2.844699 2.844699 2.844699 2.832824 2.832824 2.847979 2.847979 2.874286 2.874286 2.901636 2.901636 2.925008 2.925008 2.925008 2.942375
2.387393 2.387393 2.448464 2.493810 2.510400 2.510400 2.524941 2.549737 2.549737 2.570701 2.570701 2.589282 2.597934 2.606233 2.614211 2.614211 2.633723 2.657915 2.689449 2.723362 2.755989 2.785043 2.809231 2.827910 2.840870 2.848080 2.849969 2.847892 2.844798 2.847712 2.847712 2.898976 2.958798 2.987258 2.955326 2.955326 2.893995 2.893995 2.891082 2.891082 2.905658 2.939562 2.939562 2.948945 2.948945 2.895859 2.895859 2.895859 2.876951 2.876951 2.881390 2.881390 2.899269 2.899269 2.920669 2.920669 2.939552 2.939552 2.939552 2.953391
2.387688 2.387688 2.448785 2.493810 2.510378 2.510378 2.524924 2.549736 2.549736 2.570703 2.570703 2.589283 2.597934 2.606232 2.614210 2.614210 2.653251 2.687702 2.726585 2.765707 2.802354 2.834841 2.862165 2.883786 2.899482 2.909215 2.913272 2.912645 2.909530 2.908343 2.908343 2.933064 2.952649 2.867266 2.808624 2.808624 2.776486 2.776486 2.823472 2.823472 2.855294 2.914464 2.914464 2.950797 2.950797 2.932602 2.932602 2.932602 2.914389 2.914389 2.910681 2.910681 2.919476 2.919476 2.933419 2.933419 2.946481 2.946481 2.946481 2.955927
2.387393 2.387393 2.448464 2.493809 2.510399 2.510399 2.524941 2.549737 2.549737 2.570701 2.570701 2.589282 2.597934 2.606233 2.614211 2.614211 2.677765 2.723542 2.770207 2.814461 2.854637 2.889800 2.919404 2.943137 2.960858 2.972535 2.978338 2.978910 2.975553 2.969024 2.969024 2.962433 2.912749 2.691650 2.643188 2.643188 2.678382 2.678382 2.766433 2.766433 2.809592 2.885553 2.885553 2.940335 2.940335 2.954816 2.954816 2.954816 2.943686 2.943686 2.935956 2.935956 2.936409 2.936409 2.941957 2.941957 2.948014 2.948014 2.948014 2.952277
2.386504 2.386504 2.447500 2.493813 2.510464 2.510464 2.524993 2.549743 2.549743 2.570696 2.570696 2.589281 2.597936 2.606236 2.614215 2.614215 2.709708 2.767533 2.821994 2.871009 2.914036 2.950985 2.981870 3.006719 3.025561 3.038427 3.045424 3.046890 3.042809 3.026427 3.026427 2.964391 2.795364 2.495152 2.500347 2.500347 2.603561 2.603561 2.716615 2.716615 2.766571 2.853886 2.853886 2.921433 2.921433 2.963084 2.963084 2.963084 2.962567 2.962567 2.955002 2.955002 2.949020 2.949020 2.946067 2.946067 2.944362 2.944362 2.944362 2.942902
2.385008 2.385008 2.445872 2.493829 2.510564 2.510564 2.525069 2.549752 2.549752 2.570690 2.570690 2.589281 2.597938 2.606240 2.614220 2.614220 2.752563 2.822657 2.884306 2.937186 2.982015 3.019595 3.050559 3.075341 3.094207 3.107306 3.114745 3.116521 3.109644 3.066565 3.066565 2.883774 2.562655 2.333631 2.397174 2.397174 2.541819 2.541819 2.668607 2.668607 2.722730 2.818295 2.818295 2.894819 2.894819 2.957418 2.957418 2.957418 2.968246 2.968246 2.963904 2.963904 2.953880 2.953880 2.943188 2.943188 2.933626 2.933626 2.933626 2.926344
2.382885 2.382885 2.443550 2.493871 2.510685 2.510685 2.525157 2.549762 2.549762 2.570684 2.570684 2.589282 2.597942 2.606246 2.614228 2.614228 2.811558 2.893218 2.960460 3.015465 3.060406 3.097013 3.126541 3.149838 3.167433 3.179623 3.186554 3.187472 3.169328 3.041691 3.041691 2.639314 2.239480 2.229896 2.313485 2.313485 2.479244 2.479244 2.615093 2.615093 2.672182 2.774774 2.774774 2.857999 2.857999 2.936250 2.936250 2.936250 2.957308 2.957308 2.957626 2.957626 2.945673 2.945673 2.928606 2.928606 2.911826 2.911826 2.911826 2.899155
