simulation_files/asc/Velocity__y_246.0.asc
NCOLS        79
NROWS        79
XLLCENTER         -1.500000
YLLCENTER         -4.800000
CELLSIZE           0.100
NODATA_VALUE     -9999.0
[rows 0 to 26 of 79, columns 0 to 58 of 79]
-9999.000 -9999.000 -9999.000 -9999.000 -9999.000 -9999.000 -9999.000 -9999.000 -9999.000 -9999.000 -9999.000 -9999.000 -9999.000 -9999.000 -9999.000 -0.9095358E-01 -0.8792876E-01 -0.8672154E-01 -0.8635460E-01 -0.8683588E-01 -0.8759747E-01 -0.8839840E-01 -0.8918272E-01 -0.8986179E-01 -0.9045269E-01 -0.9097400E-01 -0.9145968E-01 -0.9208266E-01 -0.9343700E-01 -0.9482030E-01 -0.9482030E-01 -9999.000 -9999.000 -9999.000 -9999.000 -9999.000 -9999.000 -9999.000 -9999.000 -9999.000 -9999.000 -9999.000 -9999.000 -9999.000 -9999.000 -9999.000 -9999.000 -9999.000 -9999.000 -9999.000 -9999.000 -9999.000 -9999.000 -9999.000 -9999.000 -9999.000 -9999.000 -9999.000 -9999.000
-9999.000 -9999.000 -9999.000 -9999.000 -9999.000 -9999.000 -9999.000 -9999.000 -9999.000 -9999.000 -9999.000 -9999.000 -9999.000 -9999.000 -9999.000 -0.9138972E-01 -0.8505160E-01 -0.8247531E-01 -0.8171386E-01 -0.8279620E-01 -0.8451796E-01 -0.8635828E-01 -0.8818714E-01 -0.8980561E-01 -0.9124147E-01 -0.9252723E-01 -0.9372790E-01 -0.9520218E-01 -0.9819081E-01 -0.1015252 -0.1015252 -9999.000 -9999.000 -9999.000 -9999.000 -9999.000 -9999.000 -9999.000 -9999.000 -9999.000 -9999.000 -9999.000 -9999.000 -9999.000 -9999.000 -9999.000 -9999.000 -9999.000 -9999.000 -9999.000 -9999.000 -9999.000 -9999.000 -9999.000 -9999.000 -9999.000 -9999.000 -9999.000 -9999.000
-9999.000 -9999.000 -9999.000 -9999.000 -9999.000 -9999.000 -9999.000 -9999.000 -9999.000 -9999.000 -9999.000 -9999.000 -9999.000 -9999.000 -9999.000 -0.9081212E-01 -0.8086924E-01 -0.7673200E-01 -0.7557292E-01 -0.7745381E-01 -0.8043816E-01 -0.8367366E-01 -0.8693374E-01 -0.8987856E-01 -0.9253759E-01 -0.9494764E-01 -0.9720001E-01 -0.9985723E-01 -0.1048932 -0.1109330 -0.1109330 -9999.000 -9999.000 -9999.000 -9999.000 -9999.000 -9999.000 -9999.000 -9999.000 -9999.000 -9999.000 -9999.000 -9999.000 -9999.000 -9999.000 -9999.000 -9999.000 -9999.000 -9999.000 -9999.000 -9999.000 -9999.000 -9999.000 -9999.000 -9999.000 -9999.000 -9999.000 -9999.000 -9999.000
-9999.000 -9999.000 -9999.000 -9999.000 -9999.000 -9999.000 -9999.000 -9999.000 -9999.000 -9999.000 -9999.000 -9999.000 -9999.000 -9999.000 -9999.000 -0.8970809E-01 -0.7618270E-01 -0.7048878E-01 -0.6897355E-01 -0.7173292E-01 -0.7607465E-01 -0.8080949E-01 -0.8561272E-01 -0.8999557E-01 -0.9398893E-01 -0.9762952E-01 -0.1010305 -0.1049642 -0.1121740 -0.1214059 -0.1214059 -9999.000 -9999.000 -9999.000 -9999.000 -9999.000 -9999.000 -9999.000 -9999.000 -9999.000 -9999.000 -9999.000 -9999.000 -9999.000 -9999.000 -9999.000 -9999.000 -9999.000 -9999.000 -9999.000 -9999.000 -9999.000 -9999.000 -9999.000 -9999.000 -9999.000 -9999.000 -9999.000 -9999.000
-9999.000 -9999.000 -9999.000 -9999.000 -9999.000 -9999.000 -9999.000 -9999.000 -9999.000 -9999.000 -9999.000 -9999.000 -9999.000 -9999.000 -9999.000 -0.8830164E-01 -0.7117134E-01 -0.6390835E-01 -0.6205700E-01 -0.6574948E-01 -0.7151119E-01 -0.7781130E-01 -0.8422782E-01 -0.9011494E-01 -0.9550923E-01 -0.1004442 -0.1050546 -0.1103342 -0.1198434 -0.1327939 -0.1327939 -9999.000 -9999.000 -9999.000 -9999.000 -9999.000 -9999.000 -9999.000 -9999.000 -9999.000 -9999.000 -9999.000 -9999.000 -9999.000 -9999.000 -9999.000 -9999.000 -9999.000 -9999.000 -9999.000 -9999.000 -9999.000 -9999.000 -9999.000 -9999.000 -9999.000 -9999.000 -9999.000 -9999.000
-9999.000 -9999.000 -9999.000 -9999.000 -9999.000 -9999.000 -9999.000 -9999.000 -9999.000 -9999.000 -9999.000 -9999.000 -9999.000 -9999.000 -9999.000 -0.8666188E-01 -0.6589688E-01 -0.5705111E-01 -0.5487790E-01 -0.5955012E-01 -0.6678155E-01 -0.7469541E-01 -0.8277743E-01 -0.9021455E-01 -0.9705608E-01 -0.1033316 -0.1091973 -0.1158838 -0.1278287 -0.1451121 -0.1451121 -9999.000 -9999.000 -9999.000 -9999.000 -9999.000 -9999.000 -9999.000 -9999.000 -9999.000 -9999.000 -9999.000 -9999.000 -9999.000 -9999.000 -9999.000 -9999.000 -9999.000 -9999.000 -9999.000 -9999.000 -9999.000 -9999.000 -9999.000 -9999.000 -9999.000 -9999.000 -9999.000 -9999.000
-9999.000 -9999.000 -9999.000 -9999.000 -9999.000 -9999.000 -9999.000 -9999.000 -9999.000 -9999.000 -9999.000 -9999.000 -9999.000 -9999.000 -9999.000 -0.8478939E-01 -0.6036856E-01 -0.4993007E-01 -0.4745082E-01 -0.5314969E-01 -0.6189610E-01 -0.7146546E-01 -0.8125676E-01 -0.9027969E-01 -0.9860631E-01 -0.1062597 -0.1134197 -0.1215732 -0.1361082 -0.1584704 -0.1584704 -9999.000 -9999.000 -9999.000 -9999.000 -9999.000 -9999.000 -9999.000 -9999.000 -9999.000 -9999.000 -9999.000 -9999.000 -9999.000 -9999.000 -9999.000 -9999.000 -9999.000 -9999.000 -9999.000 -9999.000 -9999.000 -9999.000 -9999.000 -9999.000 -9999.000 -9999.000 -9999.000 -9999.000
-9999.000 -9999.000 -9999.000 -9999.000 -9999.000 -9999.000 -9999.000 -9999.000 -9999.000 -9999.000 -9999.000 -9999.000 -9999.000 -9999.000 -9999.000 -0.8265267E-01 -0.5457004E-01 -0.4253516E-01 -0.3977036E-01 -0.4654723E-01 -0.5685353E-01 -0.6811722E-01 -0.7965849E-01 -0.9029719E-01 -0.1001413 -0.1092060 -0.1176962 -0.1273792 -0.1446828 -0.1730484 -0.1730484 -9999.000 -9999.000 -9999.000 -9999.000 -9999.000 -9999.000 -9999.000 -9999.000 -9999.000 -9999.000 -9999.000 -9999.000 -9999.000 -9999.000 -9999.000 -9999.000 -9999.000 -9999.000 -9999.000 -9999.000 -9999.000 -9999.000 -9999.000 -9999.000 -9999.000 -9999.000 -9999.000 -9999.000
-9999.000 -9999.000 -9999.000 -9999.000 -9999.000 -9999.000 -9999.000 -9999.000 -9999.000 -9999.000 -9999.000 -9999.000 -9999.000 -9999.000 -9999.000 -0.8020025E-01 -0.4847076E-01 -0.3484445E-01 -0.3182142E-01 -0.3973380E-01 -0.5164631E-01 -0.6464130E-01 -0.7797118E-01 -0.9025124E-01 -0.1016424 -0.1121488 -0.1220028 -0.1332825 -0.1535624 -0.1890941 -0.1890941 -9999.000 -9999.000 -9999.000 -9999.000 -9999.000 -9999.000 -9999.000 -9999.000 -9999.000 -9999.000 -9999.000 -9999.000 -9999.000 -9999.000 -9999.000 -9999.000 -9999.000 -9999.000 -9999.000 -9999.000 -9999.000 -9999.000 -9999.000 -9999.000 -9999.000 -9999.000 -9999.000 -9999.000
-9999.000 -9999.000 -9999.000 -9999.000 -9999.000 -9999.000 -9999.000 -9999.000 -9999.000 -9999.000 -9999.000 -9999.000 -9999.000 -9999.000 -9999.000 -0.7736599E-01 -0.4202975E-01 -0.2682660E-01 -0.2358002E-01 -0.3269377E-01 -0.4626072E-01 -0.6102320E-01 -0.7617950E-01 -0.9012207E-01 -0.1030864 -0.1150619 -0.1263111 -0.1392599 -0.1627588 -0.2069378 -0.2069378 -9999.000 -9999.000 -9999.000 -9999.000 -9999.000 -9999.000 -9999.000 -9999.000 -9999.000 -9999.000 -9999.000 -9999.000 -9999.000 -9999.000 -9999.000 -9999.000 -9999.000 -9999.000 -9999.000 -9999.000 -9999.000 -9999.000 -9999.000 -9999.000 -9999.000 -9999.000 -9999.000 -9999.000
-9999.000 -9999.000 -9999.000 -9999.000 -9999.000 -9999.000 -9999.000 -9999.000 -9999.000 -9999.000 -9999.000 -9999.000 -9999.000 -9999.000 -9999.000 -0.7406970E-01 -0.3519587E-01 -0.1844096E-01 -0.1501466E-01 -0.2540477E-01 -0.4067713E-01 -0.5724244E-01 -0.7426161E-01 -0.8988246E-01 -0.1044424 -0.1179104 -0.1305833 -0.1452790 -0.1722806 -0.2270227 -0.2270227 -9999.000 -9999.000 -9999.000 -9999.000 -9999.000 -9999.000 -9999.000 -9999.000 -9999.000 -9999.000 -9999.000 -9999.000 -9999.000 -9999.000 -9999.000 -9999.000 -9999.000 -9999.000 -9999.000 -9999.000 -9999.000 -9999.000 -9999.000 -9999.000 -9999.000 -9999.000 -9999.000 -9999.000
-9999.000 -9999.000 -9999.000 -9999.000 -9999.000 -9999.000 -9999.000 -9999.000 -9999.000 -9999.000 -9999.000 -9999.000 -9999.000 -9999.000 -9999.000 -0.7021370E-01 -0.2790488E-01 -0.9635820E-02 -0.6083654E-02 -0.1783638E-01 -0.3486795E-01 -0.5326988E-01 -0.7218654E-01 -0.8949458E-01 -0.1056676 -0.1206459 -0.1347652 -0.1512909 -0.1821278 -0.2499517 -0.2499517 -9999.000 -9999.000 -9999.000 -9999.000 -9999.000 -9999.000 -9999.000 -9999.000 -9999.000 -9999.000 -9999.000 -9999.000 -9999.000 -9999.000 -9999.000 -9999.000 -9999.000 -9999.000 -9999.000 -9999.000 -9999.000 -9999.000 -9999.000 -9999.000 -9999.000 -9999.000 -9999.000 -9999.000
-9999.000 -9999.000 -9999.000 -9999.000 -9999.000 -9999.000 -9999.000 -9999.000 -9999.000 -9999.000 -9999.000 -9999.000 -9999.000 -9999.000 -9999.000 -0.6566111E-01 -0.2006162E-01 -0.3329565E-03 0.3270152E-02 -0.9950969E-02 -0.2879904E-01 -0.4906976E-01 -0.6991608E-01 -0.8890972E-01 -0.1067055 -0.1232021 -0.1387810 -0.1572233 -0.1922851 -0.2765684 -0.2765684 -9999.000 -9999.000 -9999.000 -9999.000 -9999.000 -9999.000 -9999.000 -9999.000 -9999.000 -9999.000 -9999.000 -9999.000 -9999.000 -9999.000 -9999.000 -9999.000 -9999.000 -9999.000 -9999.000 -9999.000 -9999.000 -9999.000 -9999.000 -9999.000 -9999.000 -9999.000 -9999.000 -9999.000
-9999.000 -9999.000 -9999.000 -9999.000 -9999.000 -9999.000 -9999.000 -9999.000 -9999.000 -9999.000 -9999.000 -9999.000 -9999.000 -9999.000 -9999.000 -0.5939855E-01 -0.1090799E-01 0.9924818E-02 0.1309123E-01 -0.1898049E-02 -0.2263575E-01 -0.4479973E-01 -0.6758823E-01 -0.8823193E-01 -0.1076266 -0.1256144 -0.1426328 -0.1630642 -0.2027978 -0.3081942 -0.3081942 -9999.000 -9999.000 -9999.000 -9999.000 -9999.000 -9999.000 -9999.000 -9999.000 -9999.000 -9999.000 -9999.000 -9999.000 -9999.000 -9999.000 -9999.000 -9999.000 -9999.000 -9999.000 -9999.000 -9999.000 -9999.000 -9999.000 -9999.000 -9999.000 -9999.000 -9999.000 -9999.000 -9999.000
-9999.000 -9999.000 -9999.000 -9999.000 -9999.000 -9999.000 -9999.000 -9999.000 -9999.000 -9999.000 -9999.000 -9999.000 -9999.000 -9999.000 -9999.000 -0.5464007E-02 0.1644080E-01 0.2171206E-01 0.1356264E-01 -0.5806477E-02 -0.2666635E-01 -0.4886763E-01 -0.7184833E-01 -0.9255446E-01 -0.1122259 -0.1306076 -0.1481746 -0.1699466 -0.2141020 -0.3446375 -0.3446375 -9999.000 -9999.000 -9999.000 -9999.000 -9999.000 -9999.000 -9999.000 -9999.000 -9999.000 -9999.000 -9999.000 -9999.000 -9999.000 -9999.000 -9999.000 -9999.000 -9999.000 -9999.000 -9999.000 -9999.000 -9999.000 -9999.000 -9999.000 -9999.000 -9999.000 -9999.000 -9999.000 -9999.000
-0.3986231E-02 -0.3986231E-02 -0.5556878E-02 -0.7181559E-02 -0.6694049E-02 -0.6694049E-02 -0.6530353E-02 -0.6468210E-02 -0.6468210E-02 -0.6459659E-02 -0.6459659E-02 -0.6441040E-02 -0.6427686E-02 -0.6412195E-02 -0.6399537E-02 -0.6399537E-02 0.3463228E-01 0.2998478E-01 0.1480235E-01 -0.8046419E-02 -0.3502160E-01 -0.6508467E-01 -0.9713066E-01 -0.1292763 -0.1605626 -0.1901169 -0.2174156 -0.2438397 -0.2769242 -0.3517695 -0.3517695 -0.1973565 -0.1073316 -0.3821740E-01 -0.2888050E-01 -0.2888050E-01 -0.2207263E-01 -0.2207263E-01 -0.1004390E-01 -0.1004390E-01 0.1010403E-02 0.2673861E-01 0.2673861E-01 0.2293691E-01 0.2293691E-01 -0.3792544E-02 -0.3792544E-02 -0.3792544E-02 -0.5590995E-03 -0.5590995E-03 0.2517569E-03 0.2517569E-03 -0.4617861E-03 -0.4617861E-03 -0.1666371E-02 -0.1666371E-02 -0.2876643E-02 -0.2876643E-02 -0.2876643E-02
-0.5712620E-02 -0.5712620E-02 -0.7697072E-02 -0.1055027E-01 -0.9535006E-02 -0.9535006E-02 -0.9167868E-02 -0.9069544E-02 -0.9069544E-02 -0.9101499E-02 -0.9101499E-02 -0.9107227E-02 -0.9100704E-02 -0.9090253E-02 -0.9100039E-02 -0.9100039E-02 0.2881763E-01 0.2516044E-01 0.9757328E-02 -0.1564353E-01 -0.5010834E-01 -0.9120152E-01 -0.1368322 -0.1854295 -0.2348551 -0.2833273 -0.3291929 -0.3706249 -0.4054095 -0.4297561 -0.4297561 -0.2934133 -0.1965730 -0.1038198 -0.8538605E-01 -0.8538605E-01 -0.6190653E-01 -0.6190653E-01 -0.2064510E-01 -0.2064510E-01 0.1253288E-01 0.8424790E-01 0.8424790E-01 0.9345820E-01 0.9345820E-01 0.1874508E-01 0.1874508E-01 0.1874508E-01 0.7406425E-02 0.7406425E-02 0.1519348E-02 0.1519348E-02 -0.3005752E-02 -0.3005752E-02 -0.6796409E-02 -0.6796409E-02 -0.9699493E-02 -0.9699493E-02 -0.9699493E-02
-0.3821791E-02 -0.3821791E-02 -0.5353404E-02 -0.9354175E-02 -0.8277712E-02 -0.8277712E-02 -0.7769656E-02 -0.7620298E-02 -0.7620298E-02 -0.7698969E-02 -0.7698969E-02 -0.7745082E-02 -0.7754295E-02 -0.7758138E-02 -0.7815494E-02 -0.7815494E-02 0.1897407E-01 0.1566373E-01 0.5600254E-03 -0.2497337E-01 -0.6006092E-01 -0.1029605 -0.1519330 -0.2056087 -0.2622953 -0.3203501 -0.3781152 -0.4335758 -0.4837957 -0.5221134 -0.5221134 -0.4338113 -0.3501365 -0.2347923 -0.1977321 -0.1977321 -0.1317698 -0.1317698 -0.3227579E-01 -0.3227579E-01 0.3467892E-01 0.1624158 0.1624158 0.2010463 0.2010463 0.7783882E-01 0.7783882E-01 0.7783882E-01 0.3003404E-01 0.3003404E-01 0.5386404E-02 0.5386404E-02 -0.8504221E-02 -0.8504221E-02 -0.1717719E-01 -0.1717719E-01 -0.2237897E-01 -0.2237897E-01 -0.2237897E-01
-0.1959669E-02 -0.1959669E-02 -0.4085903E-02 -0.7828043E-02 -0.6792495E-02 -0.6792495E-02 -0.6245881E-02 -0.6062248E-02 -0.6062248E-02 -0.6148376E-02 -0.6148376E-02 -0.6201939E-02 -0.6213291E-02 -0.6218803E-02 -0.6318513E-02 -0.6318513E-02 0.9168016E-02 0.3897319E-02 -0.1230400E-01 -0.3856928E-01 -0.7406279E-01 -0.1174847 -0.1674104 -0.2226312 -0.2818293 -0.3436858 -0.4068549 -0.4696606 -0.5294389 -0.5797898 -0.5797898 -0.5397785 -0.4808604 -0.3692986 -0.3190809 -0.3190809 -0.2013989 -0.2013989 -0.2823079E-01 -0.2823079E-01 0.6944740E-01 0.2277118 0.2277118 0.2805054 0.2805054 0.1428329 0.1428329 0.1428329 0.6057065E-01 0.6057065E-01 0.1257609E-01 0.1257609E-01 -0.1422364E-01 -0.1422364E-01 -0.2940645E-01 -0.2940645E-01 -0.3727285E-01 -0.3727285E-01 -0.3727285E-01
-0.1172628E-03 -0.1172628E-03 -0.3953142E-02 -0.6018084E-02 -0.5173566E-02 -0.5173566E-02 -0.4696754E-02 -0.4525419E-02 -0.4525419E-02 -0.4602259E-02 -0.4602259E-02 -0.4648076E-02 -0.4656747E-02 -0.4660527E-02 -0.4810574E-02 -0.4810574E-02 -0.5357037E-03 -0.9785708E-02 -0.2880123E-01 -0.5703669E-01 -0.9376526E-01 -0.1380001 -0.1886157 -0.2445732 -0.3047990 -0.3682074 -0.4336987 -0.4999467 -0.5648100 -0.6229910 -0.6229910 -0.6190633 -0.5860180 -0.4887504 -0.4260146 -0.4260146 -0.2435672 -0.2435672 -0.4650416E-03 -0.4650416E-03 0.1119071 0.2681147 0.2681147 0.3210053 0.3210053 0.1971002 0.1971002 0.1971002 0.9396285E-01 0.9396285E-01 0.2418804E-01 0.2418804E-01 -0.1719850E-01 -0.1719850E-01 -0.4034889E-01 -0.4034889E-01 -0.5154660E-01 -0.5154660E-01 -0.5154660E-01
0.6352714E-03 0.6352714E-03 -0.3104025E-02 -0.4091052E-02 -0.3489734E-02 -0.3489734E-02 -0.3140101E-02 -0.3009216E-02 -0.3009216E-02 -0.3065310E-02 -0.3065310E-02 -0.3096038E-02 -0.3100537E-02 -0.3101437E-02 -0.3315607E-02 -0.3315607E-02 -0.1063372E-01 -0.2560742E-01 -0.4921523E-01 -0.8091366E-01 -0.1200251 -0.1657785 -0.2173330 -0.2738814 -0.3345982 -0.3986259 -0.4650711 -0.5328717 -0.6003388 -0.6632893 -0.6632893 -0.6840177 -0.6727130 -0.5840999 -0.4994544 -0.4994544 -0.2374699 -0.2374699 0.4174536E-01 0.4174536E-01 0.1472870 0.2796351 0.2796351 0.3274250 0.3274250 0.2326923 0.2326923 0.2326923 0.1252237 0.1252237 0.3964117E-01 0.3964117E-01 -0.1609084E-01 -0.1609084E-01 -0.4825915E-01 -0.4825915E-01 -0.6356220E-01 -0.6356220E-01 -0.6356220E-01
0.3115443E-03 0.3115443E-03 -0.1536653E-02 -0.2050763E-02 -0.1749400E-02 -0.1749400E-02 -0.1568890E-02 -0.1500323E-02 -0.1500323E-02 -0.1531234E-02 -0.1531234E-02 -0.1547980E-02 -0.1550569E-02 -0.1550816E-02 -0.1852595E-02 -0.1852595E-02 -0.2189863E-01 -0.4426540E-01 -0.7426632E-01 -0.1110562 -0.1538841 -0.2020974 -0.2550959 -0.3123351 -0.3732741 -0.4373322 -0.5038648 -0.5720670 -0.6406243 -0.7062101 -0.7062101 -0.7427559 -0.7465118 -0.6427711 -0.5169106 -0.5169106 -0.1840886 -0.1840886 0.7787355E-01 0.7787355E-01 0.1626669 0.2663684 0.2663684 0.3097345 0.3097345 0.2476569 0.2476569 0.2476569 0.1495010 0.1495010 0.5676693E-01 0.5676693E-01 -0.1082023E-01 -0.1082023E-01 -0.5215499E-01 -0.5215499E-01 -0.7215126E-01 -0.7215126E-01 -0.7215126E-01
-0.1239185E-06 -0.1239185E-06 -0.3662764E-07 0.1383094E-06 -0.1203080E-07 -0.1203080E-07 0.4066199E-07 -0.1158870E-06 -0.1158870E-06 -0.1656097E-06 -0.1656097E-06 0.7842155E-07 -0.3969276E-07 0.1310711E-06 -0.4199994E-03 -0.4199994E-03 -0.3540327E-01 -0.6697409E-01 -0.1052397 -0.1488200 -0.1967796 -0.2485089 -0.3036034 -0.3617831 -0.4228136 -0.4864346 -0.5523084 -0.6199301 -0.6883232 -0.7546161 -0.7546161 -0.7993577 -0.8075909 -0.6406762 -0.4596289 -0.4596289 -0.1119453 -0.1119453 0.9306554E-01 0.9306554E-01 0.1557667 0.2368095 0.2368095 0.2775940 0.2775940 0.2440962 0.2440962 0.2440962 0.1631604 0.1631604 0.7237096E-01 0.7237096E-01 -0.2417739E-02 -0.2417739E-02 -0.5168756E-01 -0.5168756E-01 -0.7642367E-01 -0.7642367E-01 -0.7642367E-01
-0.3116974E-03 -0.3116974E-03 0.1536597E-02 0.2050842E-02 0.1749427E-02 0.1749427E-02 0.1568982E-02 0.1500089E-02 0.1500089E-02 0.1530870E-02 0.1530870E-02 0.1548119E-02 0.1550624E-02 0.1551119E-02 0.9703149E-03 0.9703149E-03 -0.5274026E-01 -0.9569306E-01 -0.1442432 -0.1963407 -0.2508179 -0.3070900 -0.3649347 -0.4243398 -0.4853872 -0.5481585 -0.6126627 -0.6787354 -0.7456616 -0.8101712 -0.8101712 -0.8536282 -0.8451797 -0.5523784 -0.3407176 -0.3407176 -0.5535219E-01 -0.5535219E-01 0.8694946E-01 0.8694946E-01 0.1332944 0.1993005 0.1993005 0.2381158 0.2381158 0.2260232 0.2260232 0.2260232 0.1646279 0.1646279 0.8319519E-01 0.8319519E-01 0.7258044E-02 0.7258044E-02 -0.4713500E-01 -0.4713500E-01 -0.7579718E-01 -0.7579718E-01 -0.7579718E-01
-0.6354059E-03 -0.6354059E-03 0.3104107E-02 0.4091016E-02 0.3489766E-02 0.3489766E-02 0.3140284E-02 0.3009147E-02 0.3009147E-02 0.3065088E-02 0.3065088E-02 0.3096000E-02 0.3100622E-02 0.3101421E-02 0.2302316E-02 0.2302316E-02 -0.7639183E-01 -0.1335137 -0.1945826 -0.2568882 -0.3191022 -0.3807387 -0.4418066 -0.5025914 -0.5635067 -0.6249855 -0.6873977 -0.7509165 -0.8147799 -0.8727334 -0.8727334 -0.8958060 -0.8251840 -0.3923404 -0.2132390 -0.2132390 -0.2781024E-01 -0.2781024E-01 0.6844976E-01 0.6844976E-01 0.1042052 0.1596716 0.1596716 0.1957139 0.1957139 0.1976570 0.1976570 0.1976570 0.1543627 0.1543627 0.8685105E-01 0.8685105E-01 0.1596649E-01 0.1596649E-01 -0.3935966E-01 -0.3935966E-01 -0.7008565E-01 -0.7008565E-01 -0.7008565E-01
0.1170474E-03 0.1170474E-03 0.3953132E-02 0.6018167E-02 0.5173551E-02 0.5173551E-02 0.4696824E-02 0.4525345E-02 0.4525345E-02 0.4602314E-02 0.4602314E-02 0.4647947E-02 0.4656907E-02 0.4660534E-02 0.3564848E-02 0.3564848E-02 -0.1104810 -0.1854166 -0.2614393 -0.3354520 -0.4062364 -0.4736096 -0.5379478 -0.5999109 -0.6602786 -0.7198431 -0.7793307 -0.8391587 -0.8972736 -0.9351910 -0.9351910 -0.8884372 -0.6896893 -0.2303591 -0.1249457 -0.1249457 -0.2108414E-01 -0.2108414E-01 0.4656062E-01 0.4656062E-01 0.7482363E-01 0.1210638 0.1210638 0.1528580 0.1528580 0.1626233 0.1626233 0.1626233 0.1342513 0.1342513 0.8239439E-01 0.8239439E-01 0.2174192E-01 0.2174192E-01 -0.2957839E-01 -0.2957839E-01 -0.5954249E-01 -0.5954249E-01 -0.5954249E-01
0.1959647E-02 0.1959647E-02 0.4085864E-02 0.7827992E-02 0.6792510E-02 0.6792510E-02 0.6245964E-02 0.6062286E-02 0.6062286E-02 0.6148670E-02 0.6148670E-02 0.6201817E-02 0.6213429E-02 0.6218748E-02 0.4714481E-02 0.4714481E-02 -0.1624090 -0.2598167 -0.3531847 -0.4398229 -0.5192091 -0.5918495 -0.6587207 -0.7209864 -0.7798503 -0.8364734 -0.8919221 -0.9464380 -0.9912798 -0.9615373 -0.9615373 -0.7473723 -0.4348934 -0.1259260 -0.8123635E-01 -0.8123635E-01 -0.2184650E-01 -0.2184650E-01 0.2652040E-01 0.2652040E-01 0.4829637E-01 0.8492884E-01 0.8492884E-01 0.1109871 0.1109871 0.1238265 0.1238265 0.1238265 0.1068798 0.1068798 0.7037268E-01 0.7037268E-01 0.2348073E-01 0.2348073E-01 -0.1903061E-01 -0.1903061E-01 -0.4487457E-01 -0.4487457E-01 -0.4487457E-01
