simulation_files/asc/Velocity____273.0.asc
NCOLS        79
NROWS        79
XLLCENTER         -1.500000
YLLCENTER         -4.800000
CELLSIZE           0.100
NODATA_VALUE     -9999.0
[rows 0 to 26 of 79, columns 0 to 59 of 79]
-9999.000 -9999.000 -9999.000 -9999.000 -9999.000 -9999.000 -9999.000 -9999.000 -9999.000 -9999.000 -9999.000 -9999.000 -9999.000 -9999.000 -9999.000 0.9314835E-01 0.9047565E-01 0.8963320E-01 0.8985612E-01 0.9080999E-01 0.9196388E-01 0.9306076E-01 0.9398308E-01 0.9463111E-01 0.9506469E-01 0.9531175E-01 0.9544406E-01 0.9566536E-01 0.9656846E-01 0.9757905E-01 0.9757905E-01 -9999.000 -9999.000 -9999.000 -9999.000 -9999.000 -9999.000 -9999.000 -9999.000 -9999.000 -9999.000 -9999.000 -9999.000 -9999.000 -9999.000 -9999.000 -9999.000 -9999.000 -9999.000 -9999.000 -9999.000 -9999.000 -9999.000 -9999.000 -9999.000 -9999.000 -9999.000 -9999.000 -9999.000 -9999.000
-9999.000 -9999.000 -9999.000 -9999.000 -9999.000 -9999.000 -9999.000 -9999.000 -9999.000 -9999.000 -9999.000 -9999.000 -9999.000 -9999.000 -9999.000 0.9289695E-01 0.8737828E-01 0.8568396E-01 0.8618456E-01 0.8815346E-01 0.9052938E-01 0.9282307E-01 0.9481170E-01 0.9628218E-01 0.9734109E-01 0.9803333E-01 0.9850243E-01 0.9919681E-01 0.1014264 0.1041841 0.1041841 -9999.000 -9999.000 -9999.000 -9999.000 -9999.000 -9999.000 -9999.000 -9999.000 -9999.000 -9999.000 -9999.000 -9999.000 -9999.000 -9999.000 -9999.000 -9999.000 -9999.000 -9999.000 -9999.000 -9999.000 -9999.000 -9999.000 -9999.000 -9999.000 -9999.000 -9999.000 -9999.000 -9999.000 -9999.000
-9999.000 -9999.000 -9999.000 -9999.000 -9999.000 -9999.000 -9999.000 -9999.000 -9999.000 -9999.000 -9999.000 -9999.000 -9999.000 -9999.000 -9999.000 0.9149033E-01 0.8290616E-01 0.8019160E-01 0.8097097E-01 0.8407474E-01 0.8784621E-01 0.9155425E-01 0.9487913E-01 0.9749219E-01 0.9955398E-01 0.1011140 0.1023732 0.1040209 0.1081338 0.1134748 0.1134748 -9999.000 -9999.000 -9999.000 -9999.000 -9999.000 -9999.000 -9999.000 -9999.000 -9999.000 -9999.000 -9999.000 -9999.000 -9999.000 -9999.000 -9999.000 -9999.000 -9999.000 -9999.000 -9999.000 -9999.000 -9999.000 -9999.000 -9999.000 -9999.000 -9999.000 -9999.000 -9999.000 -9999.000 -9999.000
-9999.000 -9999.000 -9999.000 -9999.000 -9999.000 -9999.000 -9999.000 -9999.000 -9999.000 -9999.000 -9999.000 -9999.000 -9999.000 -9999.000 -9999.000 0.8950006E-01 0.7789595E-01 0.7415617E-01 0.7523580E-01 0.7949851E-01 0.8468502E-01 0.8984037E-01 0.9456405E-01 0.9841560E-01 0.1016122 0.1041972 0.1064158 0.1091921 0.1153925 0.1238584 0.1238584 -9999.000 -9999.000 -9999.000 -9999.000 -9999.000 -9999.000 -9999.000 -9999.000 -9999.000 -9999.000 -9999.000 -9999.000 -9999.000 -9999.000 -9999.000 -9999.000 -9999.000 -9999.000 -9999.000 -9999.000 -9999.000 -9999.000 -9999.000 -9999.000 -9999.000 -9999.000 -9999.000 -9999.000 -9999.000
-9999.000 -9999.000 -9999.000 -9999.000 -9999.000 -9999.000 -9999.000 -9999.000 -9999.000 -9999.000 -9999.000 -9999.000 -9999.000 -9999.000 -9999.000 0.8715288E-01 0.7253838E-01 0.6777931E-01 0.6920034E-01 0.7465840E-01 0.8127963E-01 0.8790307E-01 0.9406202E-01 0.9920522E-01 0.1036116 0.1073091 0.1105822 0.1145951 0.1230446 0.1351913 0.1351913 -9999.000 -9999.000 -9999.000 -9999.000 -9999.000 -9999.000 -9999.000 -9999.000 -9999.000 -9999.000 -9999.000 -9999.000 -9999.000 -9999.000 -9999.000 -9999.000 -9999.000 -9999.000 -9999.000 -9999.000 -9999.000 -9999.000 -9999.000 -9999.000 -9999.000 -9999.000 -9999.000 -9999.000 -9999.000
-9999.000 -9999.000 -9999.000 -9999.000 -9999.000 -9999.000 -9999.000 -9999.000 -9999.000 -9999.000 -9999.000 -9999.000 -9999.000 -9999.000 -9999.000 0.8452359E-01 0.6690811E-01 0.6115936E-01 0.6299192E-01 0.6969379E-01 0.7776613E-01 0.8586852E-01 0.9348386E-01 0.9994857E-01 0.1056103 0.1104739 0.1148603 0.1201862 0.1310346 0.1474936 0.1474936 -9999.000 -9999.000 -9999.000 -9999.000 -9999.000 -9999.000 -9999.000 -9999.000 -9999.000 -9999.000 -9999.000 -9999.000 -9999.000 -9999.000 -9999.000 -9999.000 -9999.000 -9999.000 -9999.000 -9999.000 -9999.000 -9999.000 -9999.000 -9999.000 -9999.000 -9999.000 -9999.000 -9999.000 -9999.000
-9999.000 -9999.000 -9999.000 -9999.000 -9999.000 -9999.000 -9999.000 -9999.000 -9999.000 -9999.000 -9999.000 -9999.000 -9999.000 -9999.000 -9999.000 0.8161718E-01 0.6102562E-01 0.5435067E-01 0.5670074E-01 0.6469988E-01 0.7423006E-01 0.8381031E-01 0.9289065E-01 0.1006927 0.1076405 0.1137056 0.1192464 0.1259482 0.1393520 0.1608810 0.1608810 -9999.000 -9999.000 -9999.000 -9999.000 -9999.000 -9999.000 -9999.000 -9999.000 -9999.000 -9999.000 -9999.000 -9999.000 -9999.000 -9999.000 -9999.000 -9999.000 -9999.000 -9999.000 -9999.000 -9999.000 -9999.000 -9999.000 -9999.000 -9999.000 -9999.000 -9999.000 -9999.000 -9999.000 -9999.000
-9999.000 -9999.000 -9999.000 -9999.000 -9999.000 -9999.000 -9999.000 -9999.000 -9999.000 -9999.000 -9999.000 -9999.000 -9999.000 -9999.000 -9999.000 0.7840522E-01 0.5488787E-01 0.4740104E-01 0.5042275E-01 0.5976496E-01 0.7073737E-01 0.8177755E-01 0.9231989E-01 0.1014643 0.1097199 0.1170120 0.1237386 0.1318751 0.1480078 0.1755415 0.1755415 -9999.000 -9999.000 -9999.000 -9999.000 -9999.000 -9999.000 -9999.000 -9999.000 -9999.000 -9999.000 -9999.000 -9999.000 -9999.000 -9999.000 -9999.000 -9999.000 -9999.000 -9999.000 -9999.000 -9999.000 -9999.000 -9999.000 -9999.000 -9999.000 -9999.000 -9999.000 -9999.000 -9999.000 -9999.000
-9999.000 -9999.000 -9999.000 -9999.000 -9999.000 -9999.000 -9999.000 -9999.000 -9999.000 -9999.000 -9999.000 -9999.000 -9999.000 -9999.000 -9999.000 0.7484008E-01 0.4848283E-01 0.4038675E-01 0.4429891E-01 0.5499668E-01 0.6735601E-01 0.7981383E-01 0.9180111E-01 0.1022828 0.1118604 0.1203980 0.1283358 0.1379662 0.1570243 0.1917370 0.1917370 -9999.000 -9999.000 -9999.000 -9999.000 -9999.000 -9999.000 -9999.000 -9999.000 -9999.000 -9999.000 -9999.000 -9999.000 -9999.000 -9999.000 -9999.000 -9999.000 -9999.000 -9999.000 -9999.000 -9999.000 -9999.000 -9999.000 -9999.000 -9999.000 -9999.000 -9999.000 -9999.000 -9999.000 -9999.000
-9999.000 -9999.000 -9999.000 -9999.000 -9999.000 -9999.000 -9999.000 -9999.000 -9999.000 -9999.000 -9999.000 -9999.000 -9999.000 -9999.000 -9999.000 0.7085977E-01 0.4180041E-01 0.3346646E-01 0.3857214E-01 0.5054716E-01 0.6417020E-01 0.7796776E-01 0.9136541E-01 0.1031671 0.1140742 0.1238692 0.1330379 0.1442222 0.1664309 0.2098180 0.2098180 -9999.000 -9999.000 -9999.000 -9999.000 -9999.000 -9999.000 -9999.000 -9999.000 -9999.000 -9999.000 -9999.000 -9999.000 -9999.000 -9999.000 -9999.000 -9999.000 -9999.000 -9999.000 -9999.000 -9999.000 -9999.000 -9999.000 -9999.000 -9999.000 -9999.000 -9999.000 -9999.000 -9999.000 -9999.000
-9999.000 -9999.000 -9999.000 -9999.000 -9999.000 -9999.000 -9999.000 -9999.000 -9999.000 -9999.000 -9999.000 -9999.000 -9999.000 -9999.000 -9999.000 0.6639000E-01 0.3484967E-01 0.2700860E-01 0.3367360E-01 0.4664136E-01 0.6129291E-01 0.7630289E-01 0.9105200E-01 0.1041425 0.1163783 0.1274341 0.1378472 0.1506463 0.1762629 0.2302579 0.2302579 -9999.000 -9999.000 -9999.000 -9999.000 -9999.000 -9999.000 -9999.000 -9999.000 -9999.000 -9999.000 -9999.000 -9999.000 -9999.000 -9999.000 -9999.000 -9999.000 -9999.000 -9999.000 -9999.000 -9999.000 -9999.000 -9999.000 -9999.000 -9999.000 -9999.000 -9999.000 -9999.000 -9999.000 -9999.000
-9999.000 -9999.000 -9999.000 -9999.000 -9999.000 -9999.000 -9999.000 -9999.000 -9999.000 -9999.000 -9999.000 -9999.000 -9999.000 -9999.000 -9999.000 0.6134119E-01 0.2770082E-01 0.2188986E-01 0.3032311E-01 0.4360579E-01 0.5888344E-01 0.7490898E-01 0.9091880E-01 0.1052478 0.1188002 0.1311098 0.1427713 0.1572456 0.1865622 0.2537059 0.2537059 -9999.000 -9999.000 -9999.000 -9999.000 -9999.000 -9999.000 -9999.000 -9999.000 -9999.000 -9999.000 -9999.000 -9999.000 -9999.000 -9999.000 -9999.000 -9999.000 -9999.000 -9999.000 -9999.000 -9999.000 -9999.000 -9999.000 -9999.000 -9999.000 -9999.000 -9999.000 -9999.000 -9999.000 -9999.000
-9999.000 -9999.000 -9999.000 -9999.000 -9999.000 -9999.000 -9999.000 -9999.000 -9999.000 -9999.000 -9999.000 -9999.000 -9999.000 -9999.000 -9999.000 0.5560296E-01 0.2063692E-01 0.1987848E-01 0.2949670E-01 0.4189831E-01 0.5717904E-01 0.7392889E-01 0.9106278E-01 0.1065533 0.1213934 0.1349335 0.1478340 0.1640392 0.1973821 0.2810760 0.2810760 -9999.000 -9999.000 -9999.000 -9999.000 -9999.000 -9999.000 -9999.000 -9999.000 -9999.000 -9999.000 -9999.000 -9999.000 -9999.000 -9999.000 -9999.000 -9999.000 -9999.000 -9999.000 -9999.000 -9999.000 -9999.000 -9999.000 -9999.000 -9999.000 -9999.000 -9999.000 -9999.000 -9999.000 -9999.000
-9999.000 -9999.000 -9999.000 -9999.000 -9999.000 -9999.000 -9999.000 -9999.000 -9999.000 -9999.000 -9999.000 -9999.000 -9999.000 -9999.000 -9999.000 0.4862601E-01 0.1571865E-01 0.2470957E-01 0.3399178E-01 0.4384331E-01 0.5791258E-01 0.7462643E-01 0.9240733E-01 0.1087438 0.1246643 0.1392746 0.1532995 0.1712128 0.2088834 0.3137677 0.3137677 -9999.000 -9999.000 -9999.000 -9999.000 -9999.000 -9999.000 -9999.000 -9999.000 -9999.000 -9999.000 -9999.000 -9999.000 -9999.000 -9999.000 -9999.000 -9999.000 -9999.000 -9999.000 -9999.000 -9999.000 -9999.000 -9999.000 -9999.000 -9999.000 -9999.000 -9999.000 -9999.000 -9999.000 -9999.000
-9999.000 -9999.000 -9999.000 -9999.000 -9999.000 -9999.000 -9999.000 -9999.000 -9999.000 -9999.000 -9999.000 -9999.000 -9999.000 -9999.000 -9999.000 0.7658577E-01 0.1170845 0.1350799 0.1265891 0.1145528 0.1089144 0.1090185 0.1147865 0.1233951 0.1347451 0.1468453 0.1598130 0.1782720 0.2201378 0.3510420 0.3510420 -9999.000 -9999.000 -9999.000 -9999.000 -9999.000 -9999.000 -9999.000 -9999.000 -9999.000 -9999.000 -9999.000 -9999.000 -9999.000 -9999.000 -9999.000 -9999.000 -9999.000 -9999.000 -9999.000 -9999.000 -9999.000 -9999.000 -9999.000 -9999.000 -9999.000 -9999.000 -9999.000 -9999.000 -9999.000
2.810176 2.810176 2.807494 2.825025 2.844425 2.844425 2.847606 2.848004 2.848004 2.844557 2.844557 2.838583 2.834916 2.830901 2.826847 2.826847 2.956286 2.960015 2.961069 2.945694 2.906948 2.846481 2.763653 2.656642 2.530264 2.385026 2.224972 2.059776 1.915473 1.867007 1.867007 2.688376 2.859800 2.958635 2.983286 2.983286 3.015526 3.015526 2.996038 2.996038 2.950627 2.765768 2.765768 2.374657 2.374657 2.073591 2.073591 2.073591 2.060682 2.060682 2.093793 2.093793 2.142066 2.142066 2.192032 2.192032 2.236431 2.236431 2.236431 2.271308
2.833467 2.833467 2.837430 2.879094 2.905391 2.905391 2.920374 2.943363 2.943363 2.962100 2.962100 2.978125 2.985389 2.992258 2.999018 2.999018 3.095478 3.113120 3.128199 3.138835 3.143538 3.141642 3.130950 3.108201 3.071915 3.019486 2.949565 2.863120 2.766789 2.694241 2.694241 3.130832 3.283590 3.432499 3.473229 3.473229 3.519264 3.519264 3.519129 3.519129 3.497003 3.392947 3.392947 3.176233 3.176233 2.904262 2.904262 2.904262 2.889069 2.889069 2.924227 2.924227 2.975603 2.975603 3.028097 3.028097 3.075591 3.075591 3.075591 3.115146
2.839509 2.839509 2.838063 2.881269 2.905265 2.905265 2.920835 2.944618 2.944618 2.963960 2.963960 2.980664 2.988308 2.995584 3.002807 3.002807 3.089333 3.118787 3.145082 3.167517 3.185463 3.199001 3.207722 3.210386 3.206212 3.193498 3.170511 3.136474 3.094004 3.061898 3.061898 3.307299 3.453303 3.623332 3.673216 3.673216 3.723553 3.723553 3.711196 3.711196 3.681427 3.582743 3.582743 3.433484 3.433484 3.199104 3.199104 3.199104 3.167522 3.167522 3.190536 3.190536 3.233458 3.233458 3.279846 3.279846 3.322770 3.322770 3.322770 3.358969
2.844396 2.844396 2.837799 2.882350 2.904642 2.904642 2.920448 2.944530 2.944530 2.963866 2.963866 2.980565 2.988228 2.995531 3.002846 3.002846 3.083533 3.122985 3.159762 3.192255 3.219572 3.241627 3.258487 3.269947 3.276100 3.276630 3.270974 3.258846 3.241815 3.231458 3.231458 3.381950 3.510844 3.684944 3.738108 3.738108 3.780791 3.780791 3.744243 3.744243 3.704768 3.616911 3.616911 3.523726 3.523726 3.341278 3.341278 3.341278 3.295464 3.295464 3.304227 3.304227 3.338506 3.338506 3.379996 3.379996 3.419761 3.419761 3.419761 3.453557
2.848176 2.848176 2.836839 2.882807 2.904004 2.904004 2.919991 2.944416 2.944416 2.963836 2.963836 2.980589 2.988275 2.995595 3.003009 3.003009 3.082159 3.130228 3.176491 3.218259 3.254255 3.284093 3.307790 3.325397 3.337224 3.343540 3.344542 3.340617 3.333323 3.330551 3.330551 3.426072 3.533427 3.696069 3.742506 3.742506 3.754368 3.754368 3.686908 3.686908 3.646565 3.589438 3.589438 3.549630 3.549630 3.428342 3.428342 3.428342 3.375962 3.375962 3.369603 3.369603 3.392680 3.392680 3.427537 3.427537 3.463154 3.463154 3.463154 3.493859
2.850853 2.850853 2.835272 2.882781 2.903396 2.903396 2.919622 2.944459 2.944459 2.963957 2.963957 2.980685 2.988351 2.995652 3.003181 3.003181 3.086074 3.142048 3.196860 3.246993 3.290884 3.327950 3.358094 3.381397 3.398160 3.408774 3.413683 3.413544 3.409864 3.408278 3.408278 3.467605 3.550755 3.682438 3.706293 3.706293 3.661994 3.661994 3.579662 3.579662 3.554471 3.543146 3.543146 3.548573 3.548573 3.487045 3.487045 3.487045 3.438492 3.438492 3.420220 3.420220 3.430572 3.430572 3.456439 3.456439 3.485965 3.485965 3.485965 3.512105
2.852436 2.852436 2.833089 2.882681 2.903124 2.903124 2.919550 2.944581 2.944581 2.964031 2.964031 2.980704 2.988356 2.995646 3.003359 3.003359 3.096149 3.159942 3.222531 3.280050 3.330855 3.374310 3.410271 3.438819 3.460211 3.474814 3.483094 3.485704 3.483916 3.481631 3.481631 3.515730 3.572798 3.644045 3.622921 3.622921 3.517018 3.517018 3.459274 3.459274 3.461258 3.495848 3.495848 3.534746 3.534746 3.524489 3.524489 3.524489 3.488779 3.488779 3.464971 3.464971 3.463511 3.463511 3.478724 3.478724 3.500129 3.500129 3.500129 3.519991
2.852955 2.852955 2.831517 2.882764 2.903105 2.903105 2.919538 2.944586 2.944586 2.964032 2.964032 2.980698 2.988348 2.995636 3.003614 3.003614 3.113518 3.185501 3.255281 3.319193 3.375784 3.424536 3.465374 3.498415 3.523901 3.542160 3.553595 3.558762 3.558606 3.555404 3.555404 3.570770 3.597815 3.560289 3.476191 3.476191 3.348904 3.348904 3.352642 3.352642 3.382086 3.451707 3.451707 3.513515 3.513515 3.544100 3.544100 3.544100 3.526470 3.526470 3.504292 3.504292 3.494245 3.494245 3.498456 3.498456 3.510081 3.510081 3.510081 3.521988
2.852435 2.852435 2.833089 2.882681 2.903125 2.903125 2.919551 2.944581 2.944581 2.964031 2.964031 2.980703 2.988355 2.995647 3.003998 3.003998 3.139745 3.220579 3.297075 3.366353 3.427460 3.480198 3.524682 3.561140 3.589858 3.611145 3.625347 3.632889 3.634305 3.629858 3.629858 3.627639 3.611373 3.401291 3.269631 3.269631 3.198056 3.198056 3.271967 3.271967 3.320231 3.411681 3.411681 3.488575 3.488575 3.550015 3.550015 3.550015 3.551557 3.551557 3.536700 3.536700 3.522650 3.522650 3.516949 3.516949 3.517845 3.517845 3.517845 3.520362
2.850853 2.850853 2.835271 2.882780 2.903396 2.903396 2.919622 2.944458 2.944458 2.963957 2.963957 2.980684 2.988351 2.995651 3.004523 3.004523 3.177123 3.267544 3.350224 3.423700 3.487863 3.543039 3.589667 3.628171 3.658940 3.682306 3.698581 3.708060 3.710615 3.702524 3.702524 3.672568 3.576137 3.164354 3.048505 3.048505 3.088703 3.088703 3.209809 3.209809 3.268179 3.372358 3.372358 3.459614 3.459614 3.543909 3.543909 3.543909 3.562955 3.562955 3.558602 3.558602 3.544814 3.544814 3.531531 3.531531 3.521791 3.521791 3.521791 3.514117
2.848176 2.848176 2.836840 2.882807 2.904003 2.904003 2.919991 2.944417 2.944417 2.963837 2.963837 2.980588 2.988275 2.995595 3.005192 3.005192 3.229184 3.329663 3.417644 3.493786 3.559206 3.614959 3.661932 3.700819 3.732156 3.756346 3.773695 3.784319 3.786428 3.764737 3.764737 3.667358 3.426531 2.905859 2.876113 2.876113 3.013168 3.013168 3.155820 3.155820 3.219114 3.331024 3.331024 3.425689 3.425689 3.526485 3.526485 3.526485 3.559920 3.559920 3.566704 3.566704 3.556176 3.556176 3.538046 3.538046 3.518684 3.518684 3.518684 3.500801
2.844396 2.844396 2.837799 2.882349 2.904642 2.904642 2.920449 2.944530 2.944530 2.963866 2.963866 2.980565 2.988227 2.995531 3.006097 3.006097 3.301615 3.411722 3.503234 3.579773 3.644054 3.698051 3.743185 3.780466 3.810606 3.834090 3.851235 3.861681 3.857607 3.783751 3.783751 3.525073 3.119467 2.715816 2.766064 2.766064 2.946831 2.946831 3.098085 3.098085 3.164113 3.281506 3.281506 3.381737 3.381737 3.494265 3.494265 3.494265 3.538659 3.538659 3.555353 3.555353 3.549463 3.549463 3.528873 3.528873 3.501587 3.501587 3.501587 3.474378
