simulation_files/asc/Velocity____319.0.asc
NCOLS        79
NROWS        79
XLLCENTER         -1.500000
YLLCENTER         -4.800000
CELLSIZE           0.100
NODATA_VALUE     -9999.0
[rows 0 to 26 of 79, columns 0 to 59 of 79]
-9999.000 -9999.000 -9999.000 -9999.000 -9999.000 -9999.000 -9999.000 -9999.000 -9999.000 -9999.000 -9999.000 -9999.000 -9999.000 -9999.000 -9999.000 0.9744000E-01 0.9546384E-01 0.9520654E-01 0.9571999E-01 0.9652911E-01 0.9740746E-01 0.9824790E-01 0.9893253E-01 0.9946144E-01 0.9983458E-01 0.1000681 0.1002324 0.1005377 0.1015738 0.1025971 0.1025971 -9999.000 -9999.000 -9999.000 -9999.000 -9999.000 -9999.000 -9999.000 -9999.000 -9999.000 -9999.000 -9999.000 -9999.000 -9999.000 -9999.000 -9999.000 -9999.000 -9999.000 -9999.000 -9999.000 -9999.000 -9999.000 -9999.000 -9999.000 -9999.000 -9999.000 -9999.000 -9999.000 -9999.000 -9999.000
-9999.000 -9999.000 -9999.000 -9999.000 -9999.000 -9999.000 -9999.000 -9999.000 -9999.000 -9999.000 -9999.000 -9999.000 -9999.000 -9999.000 -9999.000 0.9609579E-01 0.9209132E-01 0.9160717E-01 0.9272353E-01 0.9445231E-01 0.9633884E-01 0.9817219E-01 0.9970579E-01 0.1009313 0.1018383 0.1024552 0.1029317 0.1037389 0.1061850 0.1089375 0.1089375 -9999.000 -9999.000 -9999.000 -9999.000 -9999.000 -9999.000 -9999.000 -9999.000 -9999.000 -9999.000 -9999.000 -9999.000 -9999.000 -9999.000 -9999.000 -9999.000 -9999.000 -9999.000 -9999.000 -9999.000 -9999.000 -9999.000 -9999.000 -9999.000 -9999.000 -9999.000 -9999.000 -9999.000 -9999.000
-9999.000 -9999.000 -9999.000 -9999.000 -9999.000 -9999.000 -9999.000 -9999.000 -9999.000 -9999.000 -9999.000 -9999.000 -9999.000 -9999.000 -9999.000 0.9336550E-01 0.8725050E-01 0.8648802E-01 0.8828760E-01 0.9108004E-01 0.9415992E-01 0.9721318E-01 0.9986085E-01 0.1020935 0.1038889 0.1052773 0.1064820 0.1082431 0.1126469 0.1179692 0.1179692 -9999.000 -9999.000 -9999.000 -9999.000 -9999.000 -9999.000 -9999.000 -9999.000 -9999.000 -9999.000 -9999.000 -9999.000 -9999.000 -9999.000 -9999.000 -9999.000 -9999.000 -9999.000 -9999.000 -9999.000 -9999.000 -9999.000 -9999.000 -9999.000 -9999.000 -9999.000 -9999.000 -9999.000 -9999.000
-9999.000 -9999.000 -9999.000 -9999.000 -9999.000 -9999.000 -9999.000 -9999.000 -9999.000 -9999.000 -9999.000 -9999.000 -9999.000 -9999.000 -9999.000 0.8995835E-01 0.8183052E-01 0.8080130E-01 0.8331280E-01 0.8719828E-01 0.9150650E-01 0.9583226E-01 0.9967025E-01 0.1030174 0.1058357 0.1081507 0.1102485 0.1131358 0.1197047 0.1281618 0.1281618 -9999.000 -9999.000 -9999.000 -9999.000 -9999.000 -9999.000 -9999.000 -9999.000 -9999.000 -9999.000 -9999.000 -9999.000 -9999.000 -9999.000 -9999.000 -9999.000 -9999.000 -9999.000 -9999.000 -9999.000 -9999.000 -9999.000 -9999.000 -9999.000 -9999.000 -9999.000 -9999.000 -9999.000 -9999.000
-9999.000 -9999.000 -9999.000 -9999.000 -9999.000 -9999.000 -9999.000 -9999.000 -9999.000 -9999.000 -9999.000 -9999.000 -9999.000 -9999.000 -9999.000 0.8610554E-01 0.7603117E-01 0.7475556E-01 0.7801561E-01 0.8302490E-01 0.8858903E-01 0.9422171E-01 0.9929530E-01 0.1038204 0.1077408 0.1110717 0.1141598 0.1182862 0.1271934 0.1393727 0.1393727 -9999.000 -9999.000 -9999.000 -9999.000 -9999.000 -9999.000 -9999.000 -9999.000 -9999.000 -9999.000 -9999.000 -9999.000 -9999.000 -9999.000 -9999.000 -9999.000 -9999.000 -9999.000 -9999.000 -9999.000 -9999.000 -9999.000 -9999.000 -9999.000 -9999.000 -9999.000 -9999.000 -9999.000 -9999.000
-9999.000 -9999.000 -9999.000 -9999.000 -9999.000 -9999.000 -9999.000 -9999.000 -9999.000 -9999.000 -9999.000 -9999.000 -9999.000 -9999.000 -9999.000 0.8189277E-01 0.6993879E-01 0.6845605E-01 0.7251690E-01 0.7868615E-01 0.8553066E-01 0.9249509E-01 0.9883285E-01 0.1045769 0.1096493 0.1140519 0.1181924 0.1236418 0.1350522 0.1516231 0.1516231 -9999.000 -9999.000 -9999.000 -9999.000 -9999.000 -9999.000 -9999.000 -9999.000 -9999.000 -9999.000 -9999.000 -9999.000 -9999.000 -9999.000 -9999.000 -9999.000 -9999.000 -9999.000 -9999.000 -9999.000 -9999.000 -9999.000 -9999.000 -9999.000 -9999.000 -9999.000 -9999.000 -9999.000 -9999.000
-9999.000 -9999.000 -9999.000 -9999.000 -9999.000 -9999.000 -9999.000 -9999.000 -9999.000 -9999.000 -9999.000 -9999.000 -9999.000 -9999.000 -9999.000 0.7733566E-01 0.6358513E-01 0.6196035E-01 0.6689129E-01 0.7425938E-01 0.8240388E-01 0.9071746E-01 0.9833719E-01 0.1053281 0.1115873 0.1170996 0.1223374 0.1291816 0.1432691 0.1650362 0.1650362 -9999.000 -9999.000 -9999.000 -9999.000 -9999.000 -9999.000 -9999.000 -9999.000 -9999.000 -9999.000 -9999.000 -9999.000 -9999.000 -9999.000 -9999.000 -9999.000 -9999.000 -9999.000 -9999.000 -9999.000 -9999.000 -9999.000 -9999.000 -9999.000 -9999.000 -9999.000 -9999.000 -9999.000 -9999.000
-9999.000 -9999.000 -9999.000 -9999.000 -9999.000 -9999.000 -9999.000 -9999.000 -9999.000 -9999.000 -9999.000 -9999.000 -9999.000 -9999.000 -9999.000 0.7241566E-01 0.5697748E-01 0.5531183E-01 0.6120085E-01 0.6980461E-01 0.7925978E-01 0.8893028E-01 0.9784028E-01 0.1060979 0.1135690 0.1202190 0.1265897 0.1348976 0.1518558 0.1798145 0.1798145 -9999.000 -9999.000 -9999.000 -9999.000 -9999.000 -9999.000 -9999.000 -9999.000 -9999.000 -9999.000 -9999.000 -9999.000 -9999.000 -9999.000 -9999.000 -9999.000 -9999.000 -9999.000 -9999.000 -9999.000 -9999.000 -9999.000 -9999.000 -9999.000 -9999.000 -9999.000 -9999.000 -9999.000 -9999.000
-9999.000 -9999.000 -9999.000 -9999.000 -9999.000 -9999.000 -9999.000 -9999.000 -9999.000 -9999.000 -9999.000 -9999.000 -9999.000 -9999.000 -9999.000 0.6709520E-01 0.5011577E-01 0.4856615E-01 0.5552059E-01 0.6538504E-01 0.7614496E-01 0.8716701E-01 0.9736569E-01 0.1069027 0.1156042 0.1234128 0.1309463 0.1407877 0.1608370 0.1962418 0.1962418 -9999.000 -9999.000 -9999.000 -9999.000 -9999.000 -9999.000 -9999.000 -9999.000 -9999.000 -9999.000 -9999.000 -9999.000 -9999.000 -9999.000 -9999.000 -9999.000 -9999.000 -9999.000 -9999.000 -9999.000 -9999.000 -9999.000 -9999.000 -9999.000 -9999.000 -9999.000 -9999.000 -9999.000 -9999.000
-9999.000 -9999.000 -9999.000 -9999.000 -9999.000 -9999.000 -9999.000 -9999.000 -9999.000 -9999.000 -9999.000 -9999.000 -9999.000 -9999.000 -9999.000 0.6132390E-01 0.4300661E-01 0.4182377E-01 0.4996412E-01 0.6108382E-01 0.7311422E-01 0.8546396E-01 0.9693772E-01 0.1077591 0.1177030 0.1266842 0.1354053 0.1468529 0.1702461 0.2147032 0.2147032 -9999.000 -9999.000 -9999.000 -9999.000 -9999.000 -9999.000 -9999.000 -9999.000 -9999.000 -9999.000 -9999.000 -9999.000 -9999.000 -9999.000 -9999.000 -9999.000 -9999.000 -9999.000 -9999.000 -9999.000 -9999.000 -9999.000 -9999.000 -9999.000 -9999.000 -9999.000 -9999.000 -9999.000 -9999.000
-9999.000 -9999.000 -9999.000 -9999.000 -9999.000 -9999.000 -9999.000 -9999.000 -9999.000 -9999.000 -9999.000 -9999.000 -9999.000 -9999.000 -9999.000 0.5504079E-01 0.3568625E-01 0.3529054E-01 0.4472021E-01 0.5702278E-01 0.7024313E-01 0.8386964E-01 0.9658863E-01 0.1086899 0.1198797 0.1300405 0.1399680 0.1530974 0.1801233 0.2357228 0.2357228 -9999.000 -9999.000 -9999.000 -9999.000 -9999.000 -9999.000 -9999.000 -9999.000 -9999.000 -9999.000 -9999.000 -9999.000 -9999.000 -9999.000 -9999.000 -9999.000 -9999.000 -9999.000 -9999.000 -9999.000 -9999.000 -9999.000 -9999.000 -9999.000 -9999.000 -9999.000 -9999.000 -9999.000 -9999.000
-9999.000 -9999.000 -9999.000 -9999.000 -9999.000 -9999.000 -9999.000 -9999.000 -9999.000 -9999.000 -9999.000 -9999.000 -9999.000 -9999.000 -9999.000 0.4817533E-01 0.2828066E-01 0.2940898E-01 0.4011020E-01 0.5338758E-01 0.6764249E-01 0.8245547E-01 0.9636857E-01 0.1097327 0.1221616 0.1334984 0.1446436 0.1595310 0.1905180 0.2600279 0.2600279 -9999.000 -9999.000 -9999.000 -9999.000 -9999.000 -9999.000 -9999.000 -9999.000 -9999.000 -9999.000 -9999.000 -9999.000 -9999.000 -9999.000 -9999.000 -9999.000 -9999.000 -9999.000 -9999.000 -9999.000 -9999.000 -9999.000 -9999.000 -9999.000 -9999.000 -9999.000 -9999.000 -9999.000 -9999.000
-9999.000 -9999.000 -9999.000 -9999.000 -9999.000 -9999.000 -9999.000 -9999.000 -9999.000 -9999.000 -9999.000 -9999.000 -9999.000 -9999.000 -9999.000 0.4064655E-01 0.2120324E-01 0.2510893E-01 0.3666412E-01 0.5046400E-01 0.6548410E-01 0.8133650E-01 0.9636300E-01 0.1109550 0.1246016 0.1370978 0.1494606 0.1661795 0.2014942 0.2886555 0.2886555 -9999.000 -9999.000 -9999.000 -9999.000 -9999.000 -9999.000 -9999.000 -9999.000 -9999.000 -9999.000 -9999.000 -9999.000 -9999.000 -9999.000 -9999.000 -9999.000 -9999.000 -9999.000 -9999.000 -9999.000 -9999.000 -9999.000 -9999.000 -9999.000 -9999.000 -9999.000 -9999.000 -9999.000 -9999.000
-9999.000 -9999.000 -9999.000 -9999.000 -9999.000 -9999.000 -9999.000 -9999.000 -9999.000 -9999.000 -9999.000 -9999.000 -9999.000 -9999.000 -9999.000 0.3229689E-01 0.1608716E-01 0.2433535E-01 0.3553661E-01 0.4901268E-01 0.6430956E-01 0.8091477E-01 0.9688552E-01 0.1126060 0.1273984 0.1409967 0.1545435 0.1731440 0.2131694 0.3231655 0.3231655 -9999.000 -9999.000 -9999.000 -9999.000 -9999.000 -9999.000 -9999.000 -9999.000 -9999.000 -9999.000 -9999.000 -9999.000 -9999.000 -9999.000 -9999.000 -9999.000 -9999.000 -9999.000 -9999.000 -9999.000 -9999.000 -9999.000 -9999.000 -9999.000 -9999.000 -9999.000 -9999.000 -9999.000 -9999.000
-9999.000 -9999.000 -9999.000 -9999.000 -9999.000 -9999.000 -9999.000 -9999.000 -9999.000 -9999.000 -9999.000 -9999.000 -9999.000 -9999.000 -9999.000 0.4798669E-01 0.7314048E-01 0.8323250E-01 0.8185089E-01 0.8434795E-01 0.8957541E-01 0.9822113E-01 0.1086834 0.1208997 0.1336465 0.1462189 0.1596019 0.1794087 0.2243364 0.3629401 0.3629401 -9999.000 -9999.000 -9999.000 -9999.000 -9999.000 -9999.000 -9999.000 -9999.000 -9999.000 -9999.000 -9999.000 -9999.000 -9999.000 -9999.000 -9999.000 -9999.000 -9999.000 -9999.000 -9999.000 -9999.000 -9999.000 -9999.000 -9999.000 -9999.000 -9999.000 -9999.000 -9999.000 -9999.000 -9999.000
2.738027 2.738027 2.719012 2.751860 2.768916 2.768916 2.771120 2.770439 2.770439 2.766956 2.766956 2.761429 2.758081 2.754423 2.750633 2.750633 2.844852 2.847565 2.842551 2.817176 2.772553 2.707533 2.619605 2.511706 2.384467 2.239986 2.082837 1.923785 1.790312 1.756800 1.756800 2.580174 2.746922 2.837281 2.858591 2.858591 2.883006 2.883006 2.849990 2.849990 2.797053 2.593015 2.593015 2.131011 2.131011 1.945758 1.945758 1.945758 1.950266 1.950266 1.990017 1.990017 2.039487 2.039487 2.088456 2.088456 2.130776 2.130776 2.130776 2.162788
2.760711 2.760711 2.748917 2.804506 2.828372 2.828372 2.842035 2.863464 2.863464 2.881688 2.881688 2.897652 2.904976 2.911943 2.918723 2.918723 2.989755 3.004611 3.017324 3.025244 3.028077 3.024026 3.010084 2.984443 2.944588 2.888494 2.815310 2.726617 2.629413 2.569146 2.569146 3.009854 3.162127 3.306899 3.345375 3.345375 3.385946 3.385946 3.377967 3.377967 3.350783 3.234863 3.234863 2.978875 2.978875 2.764133 2.764133 2.764133 2.768003 2.768003 2.809466 2.809466 2.861960 2.861960 2.913620 2.913620 2.959275 2.959275 2.959275 2.996407
2.765055 2.765055 2.750883 2.806269 2.828181 2.828181 2.842385 2.864679 2.864679 2.883573 2.883573 2.900243 2.907953 2.915327 2.922554 2.922554 2.987468 3.012620 3.036088 3.056222 3.072718 3.085116 3.092309 3.093560 3.087500 3.072430 3.046803 3.010215 2.965724 2.937745 2.937745 3.191906 3.336882 3.502626 3.549921 3.549921 3.593811 3.593811 3.574517 3.574517 3.541420 3.438510 3.438510 3.270108 3.270108 3.062298 3.062298 3.062298 3.049921 3.049921 3.080760 3.080760 3.125473 3.125473 3.170996 3.170996 3.211951 3.211951 3.211951 3.245661
2.765241 2.765241 2.751174 2.806674 2.827292 2.827292 2.841780 2.864620 2.864620 2.883739 2.883739 2.900496 2.908220 2.915597 2.922851 2.922851 2.984970 3.019171 3.052339 3.082021 3.107320 3.127896 3.143370 3.153711 3.158725 3.157954 3.150817 3.137163 3.118824 3.110792 3.110792 3.268239 3.397243 3.567003 3.616825 3.616825 3.651282 3.651282 3.608973 3.608973 3.569253 3.484147 3.484147 3.382131 3.382131 3.206335 3.206335 3.206335 3.177135 3.177135 3.195382 3.195382 3.232780 3.232780 3.274012 3.274012 3.312013 3.312013 3.312013 3.343393
2.764451 2.764451 2.754076 2.806849 2.826733 2.826733 2.841394 2.864538 2.864538 2.883708 2.883708 2.900475 2.908211 2.915605 2.922930 2.922930 2.986093 3.028493 3.070635 3.109145 3.142592 3.170443 3.192437 3.208662 3.219301 3.224519 3.224468 3.219601 3.211630 3.210591 3.210591 3.311875 3.420446 3.578437 3.620218 3.620218 3.622719 3.622719 3.555049 3.555049 3.518350 3.467926 3.467926 3.423589 3.423589 3.296625 3.296625 3.296625 3.255625 3.255625 3.259155 3.259155 3.286906 3.286906 3.322545 3.322545 3.356901 3.356901 3.356901 3.385424
2.764763 2.764763 2.756311 2.806912 2.826258 2.826258 2.841004 2.864406 2.864406 2.883643 2.883643 2.900414 2.908150 2.915548 2.922959 2.922959 2.991797 3.042031 3.092431 3.138976 3.179917 3.214554 3.242630 3.264199 3.279496 3.288846 3.292667 3.291660 3.287463 3.287105 3.287105 3.351151 3.436184 3.561601 3.578975 3.578975 3.528439 3.528439 3.455266 3.455266 3.436040 3.430950 3.430950 3.432866 3.432866 3.359898 3.359898 3.359898 3.316639 3.316639 3.306897 3.306897 3.322964 3.322964 3.350793 3.350793 3.379818 3.379818 3.379818 3.404229
2.764979 2.764979 2.757549 2.806967 2.825990 2.825990 2.840773 2.864334 2.864334 2.883623 2.883623 2.900393 2.908125 2.915519 2.923041 2.923041 3.003049 3.061211 3.119259 3.172977 3.220545 3.261237 3.294811 3.321303 3.340926 3.354009 3.360990 3.362563 3.360119 3.358463 3.358463 3.396037 3.454634 3.515014 3.486841 3.486841 3.386325 3.386325 3.344765 3.344765 3.352061 3.389838 3.389838 3.425293 3.425293 3.402404 3.402404 3.402404 3.366807 3.366807 3.348800 3.348800 3.353076 3.353076 3.371203 3.371203 3.392967 3.392967 3.392967 3.411745
2.765058 2.765058 2.757941 2.806987 2.825904 2.825904 2.840696 2.864312 2.864312 2.883621 2.883621 2.900394 2.908125 2.915516 2.923196 2.923196 3.020990 3.087547 3.152781 3.212779 3.265954 3.311718 3.349923 3.380648 3.404106 3.420589 3.430490 3.434384 3.433303 3.430089 3.430089 3.447321 3.473637 3.417603 3.332395 3.332395 3.228452 3.228452 3.248951 3.248951 3.280828 3.350227 3.350227 3.408436 3.408436 3.427221 3.427221 3.427221 3.406181 3.406181 3.386526 3.386526 3.381131 3.381131 3.388669 3.388669 3.401432 3.401432 3.401432 3.413017
2.764979 2.764979 2.757550 2.806966 2.825990 2.825990 2.840773 2.864334 2.864334 2.883623 2.883623 2.900393 2.908126 2.915519 2.923425 2.923425 3.047176 3.122820 3.194842 3.260187 3.317805 3.367432 3.409133 3.443106 3.469605 3.488914 3.501370 3.507408 3.507605 3.502468 3.502468 3.499716 3.476762 3.244834 3.128088 3.128088 3.091762 3.091762 3.174854 3.174854 3.222976 3.312312 3.312312 3.385773 3.385773 3.437021 3.437021 3.437021 3.433359 3.433359 3.418058 3.418058 3.406699 3.406699 3.404072 3.404072 3.406682 3.406682 3.406682 3.409737
2.764763 2.764763 2.756312 2.806912 2.826257 2.826257 2.841003 2.864406 2.864406 2.883644 2.883644 2.900413 2.908150 2.915548 2.923770 2.923770 3.083925 3.169370 3.247697 3.317292 3.377973 3.430011 3.473801 3.509737 3.538178 3.559438 3.573816 3.581607 3.582647 3.573022 3.573022 3.537878 3.422836 3.006265 2.923636 2.923636 2.993125 2.993125 3.115652 3.115652 3.172513 3.274081 3.274081 3.358150 3.358150 3.433758 3.433758 3.433758 3.446991 3.446991 3.439969 3.439969 3.426742 3.426742 3.415583 3.415583 3.407748 3.407748 3.407748 3.401436
2.764451 2.764451 2.754078 2.806849 2.826733 2.826733 2.841393 2.864539 2.864539 2.883708 2.883708 2.900475 2.908211 2.915605 2.924256 2.924256 3.134738 3.230403 3.314173 3.386554 3.448582 3.501258 3.545425 3.581752 3.610742 3.632780 3.648158 3.656971 3.657197 3.632438 3.632438 3.519412 3.246752 2.766817 2.772964 2.772964 2.921637 2.921637 3.062292 3.062292 3.123551 3.233242 3.233242 3.324894 3.324894 3.418185 3.418185 3.418185 3.445862 3.445862 3.448580 3.448580 3.436719 3.436719 3.419331 3.419331 3.401684 3.401684 3.401684 3.385881
2.765241 2.765241 2.751176 2.806674 2.827291 2.827291 2.841780 2.864619 2.864619 2.883739 2.883739 2.900496 2.908219 2.915597 2.924836 2.924836 3.205132 3.310556 3.398041 3.471014 3.532085 3.583165 3.625627 3.660449 3.688315 3.709687 3.724868 3.733431 3.726616 3.646087 3.646087 3.353994 2.918830 2.608153 2.671991 2.671991 2.855030 2.855030 3.004013 3.004013 3.067733 3.183892 3.183892 3.281172 3.281172 3.387168 3.387168 3.387168 3.426186 3.426186 3.438094 3.438094 3.429276 3.429276 3.407952 3.407952 3.381905 3.381905 3.381905 3.357348
