simulation_files/asc/Velocity__y_256.0.asc
NCOLS        79
NROWS        79
XLLCENTER         -1.500000
YLLCENTER         -4.800000
CELLSIZE           0.100
NODATA_VALUE     -9999.0
[rows 0 to 26 of 79, columns 0 to 58 of 79]
-9999.000 -9999.000 -9999.000 -9999.000 -9999.000 -9999.000 -9999.000 -9999.000 -9999.000 -9999.000 -9999.000 -9999.000 -9999.000 -9999.000 -9999.000 -0.9174327E-01 -0.8884653E-01 -0.8773918E-01 -0.8748044E-01 -0.8796972E-01 -0.8870149E-01 -0.8947046E-01 -0.9022571E-01 -0.9086928E-01 -0.9143937E-01 -0.9194364E-01 -0.9241667E-01 -0.9303573E-01 -0.9439880E-01 -0.9577575E-01 -0.9577575E-01 -9999.000 -9999.000 -9999.000 -9999.000 -9999.000 -9999.000 -9999.000 -9999.000 -9999.000 -9999.000 -9999.000 -9999.000 -9999.000 -9999.000 -9999.000 -9999.000 -9999.000 -9999.000 -9999.000 -9999.000 -9999.000 -9999.000 -9999.000 -9999.000 -9999.000 -9999.000 -9999.000 -9999.000
-9999.000 -9999.000 -9999.000 -9999.000 -9999.000 -9999.000 -9999.000 -9999.000 -9999.000 -9999.000 -9999.000 -9999.000 -9999.000 -9999.000 -9999.000 -0.9192857E-01 -0.8587045E-01 -0.8350987E-01 -0.8298200E-01 -0.8408400E-01 -0.8574383E-01 -0.8751590E-01 -0.8928122E-01 -0.9082176E-01 -0.9221095E-01 -0.9345797E-01 -0.9462975E-01 -0.9609472E-01 -0.9910082E-01 -0.1024243 -0.1024243 -9999.000 -9999.000 -9999.000 -9999.000 -9999.000 -9999.000 -9999.000 -9999.000 -9999.000 -9999.000 -9999.000 -9999.000 -9999.000 -9999.000 -9999.000 -9999.000 -9999.000 -9999.000 -9999.000 -9999.000 -9999.000 -9999.000 -9999.000 -9999.000 -9999.000 -9999.000 -9999.000 -9999.000
-9999.000 -9999.000 -9999.000 -9999.000 -9999.000 -9999.000 -9999.000 -9999.000 -9999.000 -9999.000 -9999.000 -9999.000 -9999.000 -9999.000 -9999.000 -0.9104639E-01 -0.8156303E-01 -0.7777872E-01 -0.7700146E-01 -0.7892004E-01 -0.8180796E-01 -0.8493520E-01 -0.8809242E-01 -0.9091011E-01 -0.9349217E-01 -0.9583807E-01 -0.9804279E-01 -0.1006847 -0.1057497 -0.1117774 -0.1117774 -9999.000 -9999.000 -9999.000 -9999.000 -9999.000 -9999.000 -9999.000 -9999.000 -9999.000 -9999.000 -9999.000 -9999.000 -9999.000 -9999.000 -9999.000 -9999.000 -9999.000 -9999.000 -9999.000 -9999.000 -9999.000 -9999.000 -9999.000 -9999.000 -9999.000 -9999.000 -9999.000 -9999.000
-9999.000 -9999.000 -9999.000 -9999.000 -9999.000 -9999.000 -9999.000 -9999.000 -9999.000 -9999.000 -9999.000 -9999.000 -9999.000 -9999.000 -9999.000 -0.8961768E-01 -0.7674150E-01 -0.7154094E-01 -0.7055958E-01 -0.7337552E-01 -0.7758681E-01 -0.8217425E-01 -0.8683684E-01 -0.9104380E-01 -0.9493161E-01 -0.9848348E-01 -0.1018192 -0.1057328 -0.1129856 -0.1222100 -0.1222100 -9999.000 -9999.000 -9999.000 -9999.000 -9999.000 -9999.000 -9999.000 -9999.000 -9999.000 -9999.000 -9999.000 -9999.000 -9999.000 -9999.000 -9999.000 -9999.000 -9999.000 -9999.000 -9999.000 -9999.000 -9999.000 -9999.000 -9999.000 -9999.000 -9999.000 -9999.000 -9999.000 -9999.000
-9999.000 -9999.000 -9999.000 -9999.000 -9999.000 -9999.000 -9999.000 -9999.000 -9999.000 -9999.000 -9999.000 -9999.000 -9999.000 -9999.000 -9999.000 -0.8786718E-01 -0.7158736E-01 -0.6496107E-01 -0.6379914E-01 -0.6756721E-01 -0.7316487E-01 -0.7927909E-01 -0.8551792E-01 -0.9118038E-01 -0.9644161E-01 -0.1012643 -0.1057924 -0.1110487 -0.1206173 -0.1335710 -0.1335710 -9999.000 -9999.000 -9999.000 -9999.000 -9999.000 -9999.000 -9999.000 -9999.000 -9999.000 -9999.000 -9999.000 -9999.000 -9999.000 -9999.000 -9999.000 -9999.000 -9999.000 -9999.000 -9999.000 -9999.000 -9999.000 -9999.000 -9999.000 -9999.000 -9999.000 -9999.000 -9999.000 -9999.000
-9999.000 -9999.000 -9999.000 -9999.000 -9999.000 -9999.000 -9999.000 -9999.000 -9999.000 -9999.000 -9999.000 -9999.000 -9999.000 -9999.000 -9999.000 -0.8586543E-01 -0.6616399E-01 -0.5810130E-01 -0.5677665E-01 -0.6154339E-01 -0.6857605E-01 -0.7626602E-01 -0.8413362E-01 -0.9129641E-01 -0.9797931E-01 -0.1041192 -0.1098862 -0.1165476 -0.1285711 -0.1458755 -0.1458755 -9999.000 -9999.000 -9999.000 -9999.000 -9999.000 -9999.000 -9999.000 -9999.000 -9999.000 -9999.000 -9999.000 -9999.000 -9999.000 -9999.000 -9999.000 -9999.000 -9999.000 -9999.000 -9999.000 -9999.000 -9999.000 -9999.000 -9999.000 -9999.000 -9999.000 -9999.000 -9999.000 -9999.000
-9999.000 -9999.000 -9999.000 -9999.000 -9999.000 -9999.000 -9999.000 -9999.000 -9999.000 -9999.000 -9999.000 -9999.000 -9999.000 -9999.000 -9999.000 -0.8361487E-01 -0.6048192E-01 -0.5097583E-01 -0.4950763E-01 -0.5531860E-01 -0.6383036E-01 -0.7313810E-01 -0.8267872E-01 -0.9137621E-01 -0.9951976E-01 -0.1070151 -0.1140604 -0.1221884 -0.1368248 -0.1592350 -0.1592350 -9999.000 -9999.000 -9999.000 -9999.000 -9999.000 -9999.000 -9999.000 -9999.000 -9999.000 -9999.000 -9999.000 -9999.000 -9999.000 -9999.000 -9999.000 -9999.000 -9999.000 -9999.000 -9999.000 -9999.000 -9999.000 -9999.000 -9999.000 -9999.000 -9999.000 -9999.000 -9999.000 -9999.000
-9999.000 -9999.000 -9999.000 -9999.000 -9999.000 -9999.000 -9999.000 -9999.000 -9999.000 -9999.000 -9999.000 -9999.000 -9999.000 -9999.000 -9999.000 -0.8108388E-01 -0.5452567E-01 -0.4357596E-01 -0.4198764E-01 -0.4889240E-01 -0.5892655E-01 -0.6989051E-01 -0.8114506E-01 -0.9140570E-01 -0.1010442 -0.1099282 -0.1182882 -0.1279471 -0.1453789 -0.1738309 -0.1738309 -9999.000 -9999.000 -9999.000 -9999.000 -9999.000 -9999.000 -9999.000 -9999.000 -9999.000 -9999.000 -9999.000 -9999.000 -9999.000 -9999.000 -9999.000 -9999.000 -9999.000 -9999.000 -9999.000 -9999.000 -9999.000 -9999.000 -9999.000 -9999.000 -9999.000 -9999.000 -9999.000 -9999.000
-9999.000 -9999.000 -9999.000 -9999.000 -9999.000 -9999.000 -9999.000 -9999.000 -9999.000 -9999.000 -9999.000 -9999.000 -9999.000 -9999.000 -9999.000 -0.7822192E-01 -0.4826580E-01 -0.3588012E-01 -0.3420169E-01 -0.4225536E-01 -0.5385577E-01 -0.6651346E-01 -0.7952074E-01 -0.9136780E-01 -0.1025333 -0.1128359 -0.1225449 -0.1338036 -0.1542433 -0.1899153 -0.1899153 -9999.000 -9999.000 -9999.000 -9999.000 -9999.000 -9999.000 -9999.000 -9999.000 -9999.000 -9999.000 -9999.000 -9999.000 -9999.000 -9999.000 -9999.000 -9999.000 -9999.000 -9999.000 -9999.000 -9999.000 -9999.000 -9999.000 -9999.000 -9999.000 -9999.000 -9999.000 -9999.000 -9999.000
-9999.000 -9999.000 -9999.000 -9999.000 -9999.000 -9999.000 -9999.000 -9999.000 -9999.000 -9999.000 -9999.000 -9999.000 -9999.000 -9999.000 -9999.000 -0.7496400E-01 -0.4166177E-01 -0.2785743E-01 -0.2612655E-01 -0.3539158E-01 -0.4860415E-01 -0.6299136E-01 -0.7778926E-01 -0.9124109E-01 -0.1039624 -0.1157112 -0.1268010 -0.1397339 -0.1634300 -0.2078246 -0.2078246 -9999.000 -9999.000 -9999.000 -9999.000 -9999.000 -9999.000 -9999.000 -9999.000 -9999.000 -9999.000 -9999.000 -9999.000 -9999.000 -9999.000 -9999.000 -9999.000 -9999.000 -9999.000 -9999.000 -9999.000 -9999.000 -9999.000 -9999.000 -9999.000 -9999.000 -9999.000 -9999.000 -9999.000
-9999.000 -9999.000 -9999.000 -9999.000 -9999.000 -9999.000 -9999.000 -9999.000 -9999.000 -9999.000 -9999.000 -9999.000 -9999.000 -9999.000 -9999.000 -0.7123016E-01 -0.3466295E-01 -0.1946793E-01 -0.1773094E-01 -0.2827815E-01 -0.4315063E-01 -0.5930272E-01 -0.7592796E-01 -0.9099645E-01 -0.1052997 -0.1185177 -0.1310164 -0.1457047 -0.1729478 -0.2280109 -0.2280109 -9999.000 -9999.000 -9999.000 -9999.000 -9999.000 -9999.000 -9999.000 -9999.000 -9999.000 -9999.000 -9999.000 -9999.000 -9999.000 -9999.000 -9999.000 -9999.000 -9999.000 -9999.000 -9999.000 -9999.000 -9999.000 -9999.000 -9999.000 -9999.000 -9999.000 -9999.000 -9999.000 -9999.000
-9999.000 -9999.000 -9999.000 -9999.000 -9999.000 -9999.000 -9999.000 -9999.000 -9999.000 -9999.000 -9999.000 -9999.000 -9999.000 -9999.000 -9999.000 -0.6692455E-01 -0.2720583E-01 -0.1065988E-01 -0.8973164E-02 -0.2088357E-01 -0.3746602E-01 -0.5541718E-01 -0.7390448E-01 -0.9059396E-01 -0.1065012 -0.1212046 -0.1351355 -0.1516650 -0.1827964 -0.2510905 -0.2510905 -9999.000 -9999.000 -9999.000 -9999.000 -9999.000 -9999.000 -9999.000 -9999.000 -9999.000 -9999.000 -9999.000 -9999.000 -9999.000 -9999.000 -9999.000 -9999.000 -9999.000 -9999.000 -9999.000 -9999.000 -9999.000 -9999.000 -9999.000 -9999.000 -9999.000 -9999.000 -9999.000 -9999.000
-9999.000 -9999.000 -9999.000 -9999.000 -9999.000 -9999.000 -9999.000 -9999.000 -9999.000 -9999.000 -9999.000 -9999.000 -9999.000 -9999.000 -9999.000 -0.6191785E-01 -0.1920059E-01 -0.1359226E-02 0.2033081E-03 -0.1316688E-01 -0.3151229E-01 -0.5129489E-01 -0.7167666E-01 -0.8998021E-01 -0.1075064 -0.1237018 -0.1390781 -0.1575390 -0.1929592 -0.2779268 -0.2779268 -9999.000 -9999.000 -9999.000 -9999.000 -9999.000 -9999.000 -9999.000 -9999.000 -9999.000 -9999.000 -9999.000 -9999.000 -9999.000 -9999.000 -9999.000 -9999.000 -9999.000 -9999.000 -9999.000 -9999.000 -9999.000 -9999.000 -9999.000 -9999.000 -9999.000 -9999.000 -9999.000 -9999.000
-9999.000 -9999.000 -9999.000 -9999.000 -9999.000 -9999.000 -9999.000 -9999.000 -9999.000 -9999.000 -9999.000 -9999.000 -9999.000 -9999.000 -9999.000 -0.5534526E-01 -0.1000958E-01 0.8809173E-02 0.9839508E-02 -0.5233974E-02 -0.2540920E-01 -0.4704947E-01 -0.6934097E-01 -0.8921954E-01 -0.1083521 -0.1260132 -0.1428179 -0.1632895 -0.2034609 -0.3098553 -0.3098553 -9999.000 -9999.000 -9999.000 -9999.000 -9999.000 -9999.000 -9999.000 -9999.000 -9999.000 -9999.000 -9999.000 -9999.000 -9999.000 -9999.000 -9999.000 -9999.000 -9999.000 -9999.000 -9999.000 -9999.000 -9999.000 -9999.000 -9999.000 -9999.000 -9999.000 -9999.000 -9999.000 -9999.000
-9999.000 -9999.000 -9999.000 -9999.000 -9999.000 -9999.000 -9999.000 -9999.000 -9999.000 -9999.000 -9999.000 -9999.000 -9999.000 -9999.000 -9999.000 -0.4710647E-02 0.1563917E-01 0.1990613E-01 0.1075962E-01 -0.8049863E-02 -0.2846925E-01 -0.5031044E-01 -0.7294435E-01 -0.9296201E-01 -0.1125163 -0.1306391 -0.1480555 -0.1699481 -0.2146732 -0.3466804 -0.3466804 -9999.000 -9999.000 -9999.000 -9999.000 -9999.000 -9999.000 -9999.000 -9999.000 -9999.000 -9999.000 -9999.000 -9999.000 -9999.000 -9999.000 -9999.000 -9999.000 -9999.000 -9999.000 -9999.000 -9999.000 -9999.000 -9999.000 -9999.000 -9999.000 -9999.000 -9999.000 -9999.000 -9999.000
-0.3927811E-02 -0.3927811E-02 -0.4965303E-02 -0.7298535E-02 -0.6700732E-02 -0.6700732E-02 -0.6505792E-02 -0.6437695E-02 -0.6437695E-02 -0.6426650E-02 -0.6426650E-02 -0.6405353E-02 -0.6390905E-02 -0.6374932E-02 -0.6361691E-02 -0.6361691E-02 0.3241825E-01 0.2758266E-01 0.1242278E-01 -0.1002762E-01 -0.3665828E-01 -0.6641861E-01 -0.9816770E-01 -0.1298946 -0.1608622 -0.1900870 -0.2170792 -0.2433126 -0.2764743 -0.3525272 -0.3525272 -0.1970780 -0.1067780 -0.3768637E-01 -0.2839063E-01 -0.2839063E-01 -0.2153319E-01 -0.2153319E-01 -0.9323897E-02 -0.9323897E-02 0.1778000E-02 0.2691018E-01 0.2691018E-01 0.1896125E-01 0.1896125E-01 -0.3786423E-02 -0.3786423E-02 -0.3786423E-02 -0.3291255E-03 -0.3291255E-03 0.4600754E-03 0.4600754E-03 -0.3084863E-03 -0.3084863E-03 -0.1531276E-02 -0.1531276E-02 -0.2747365E-02 -0.2747365E-02 -0.2747365E-02
-0.5632699E-02 -0.5632699E-02 -0.7399336E-02 -0.1052452E-01 -0.9439304E-02 -0.9439304E-02 -0.9088566E-02 -0.9039676E-02 -0.9039676E-02 -0.9076245E-02 -0.9076245E-02 -0.9067993E-02 -0.9055002E-02 -0.9039467E-02 -0.9044661E-02 -0.9044661E-02 0.2688126E-01 0.2291095E-01 0.7437751E-02 -0.1804746E-01 -0.5238971E-01 -0.9323752E-01 -0.1385484 -0.1868135 -0.2357697 -0.2837515 -0.3290886 -0.3699581 -0.4041848 -0.4284098 -0.4284098 -0.2918697 -0.1950677 -0.1025395 -0.8415351E-01 -0.8415351E-01 -0.6044815E-01 -0.6044815E-01 -0.1866988E-01 -0.1866988E-01 0.1458753E-01 0.8490781E-01 0.8490781E-01 0.8751712E-01 0.8751712E-01 0.1744141E-01 0.1744141E-01 0.1744141E-01 0.7197382E-02 0.7197382E-02 0.1669019E-02 0.1669019E-02 -0.2762153E-02 -0.2762153E-02 -0.6507060E-02 -0.6507060E-02 -0.9379622E-02 -0.9379622E-02 -0.9379622E-02
-0.3785656E-02 -0.3785656E-02 -0.6530088E-02 -0.8942313E-02 -0.8026505E-02 -0.8026505E-02 -0.7634904E-02 -0.7607009E-02 -0.7607009E-02 -0.7702588E-02 -0.7702588E-02 -0.7724572E-02 -0.7721214E-02 -0.7714119E-02 -0.7760782E-02 -0.7760782E-02 0.1749782E-01 0.1377685E-01 -0.1509342E-02 -0.2718683E-01 -0.6227223E-01 -0.1050432 -0.1537987 -0.2072262 -0.2635544 -0.3211944 -0.3784853 -0.4334016 -0.4830104 -0.5205347 -0.5205347 -0.4318645 -0.3480636 -0.2326964 -0.1955483 -0.1955483 -0.1289316 -0.1289316 -0.2856603E-01 -0.2856603E-01 0.3829947E-01 0.1637201 0.1637201 0.1961791 0.1961791 0.7406980E-01 0.7406980E-01 0.7406980E-01 0.2849195E-01 0.2849195E-01 0.5011699E-02 0.5011699E-02 -0.8357408E-02 -0.8357408E-02 -0.1678111E-01 -0.1678111E-01 -0.2184174E-01 -0.2184174E-01 -0.2184174E-01
-0.1977180E-02 -0.1977180E-02 -0.5783091E-02 -0.7303839E-02 -0.6505193E-02 -0.6505193E-02 -0.6102805E-02 -0.6055662E-02 -0.6055662E-02 -0.6164617E-02 -0.6164617E-02 -0.6193929E-02 -0.6190925E-02 -0.6183640E-02 -0.6266938E-02 -0.6266938E-02 0.8096946E-02 0.2408558E-02 -0.1403651E-01 -0.4047301E-01 -0.7602645E-01 -0.1193932 -0.1691710 -0.2241971 -0.2831188 -0.3446387 -0.4074143 -0.4697565 -0.5289844 -0.5785436 -0.5785436 -0.5378047 -0.4785262 -0.3665498 -0.3159793 -0.3159793 -0.1969939 -0.1969939 -0.2312580E-01 -0.2312580E-01 0.7387459E-01 0.2289555 0.2289555 0.2767203 0.2767203 0.1374133 0.1374133 0.1374133 0.5759501E-01 0.5759501E-01 0.1142184E-01 0.1142184E-01 -0.1437196E-01 -0.1437196E-01 -0.2902332E-01 -0.2902332E-01 -0.3658365E-01 -0.3658365E-01 -0.3658365E-01
-0.1940109E-03 -0.1940109E-03 -0.5159422E-02 -0.5643782E-02 -0.4955081E-02 -0.4955081E-02 -0.4583710E-02 -0.4517687E-02 -0.4517687E-02 -0.4612571E-02 -0.4612571E-02 -0.4639220E-02 -0.4637138E-02 -0.4631549E-02 -0.4763665E-02 -0.4763665E-02 -0.1273301E-02 -0.1089164E-01 -0.3016132E-01 -0.5857750E-01 -0.9539870E-01 -0.1396284 -0.1901492 -0.2459530 -0.3059554 -0.3690803 -0.4342346 -0.5000849 -0.5644687 -0.6219476 -0.6219476 -0.6171776 -0.5835648 -0.4853256 -0.4217997 -0.4217997 -0.2374884 -0.2374884 0.5054177E-02 0.5054177E-02 0.1159868 0.2687471 0.2687471 0.3179919 0.3179919 0.1911580 0.1911580 0.1911580 0.8986829E-01 0.8986829E-01 0.2217818E-01 0.2217818E-01 -0.1778718E-01 -0.1778718E-01 -0.4009185E-01 -0.4009185E-01 -0.5077770E-01 -0.5077770E-01 -0.5077770E-01
0.5474220E-03 0.5474220E-03 -0.3877487E-02 -0.3858087E-02 -0.3345943E-02 -0.3345943E-02 -0.3061189E-02 -0.2996223E-02 -0.2996223E-02 -0.3062223E-02 -0.3062223E-02 -0.3080768E-02 -0.3079689E-02 -0.3076799E-02 -0.3272515E-02 -0.3272515E-02 -0.1109117E-01 -0.2635401E-01 -0.5018719E-01 -0.8205333E-01 -0.1212661 -0.1670443 -0.2185465 -0.2749808 -0.3355201 -0.3993105 -0.4654647 -0.5329171 -0.5999615 -0.6623015 -0.6623015 -0.6821816 -0.6701365 -0.5797037 -0.4936534 -0.4936534 -0.2301875 -0.2301875 0.4641849E-01 0.4641849E-01 0.1501408 0.2795594 0.2795594 0.3249718 0.3249718 0.2271175 0.2271175 0.2271175 0.1205234 0.1205234 0.3685310E-01 0.3685310E-01 -0.1720565E-01 -0.1720565E-01 -0.4822936E-01 -0.4822936E-01 -0.6278974E-01 -0.6278974E-01 -0.6278974E-01
0.2661781E-03 0.2661781E-03 -0.1909891E-02 -0.1940287E-02 -0.1678931E-02 -0.1678931E-02 -0.1529280E-02 -0.1493445E-02 -0.1493445E-02 -0.1529453E-02 -0.1529453E-02 -0.1540331E-02 -0.1539913E-02 -0.1538472E-02 -0.1816377E-02 -0.1816377E-02 -0.2210880E-01 -0.4466699E-01 -0.7483272E-01 -0.1117510 -0.1546638 -0.2029091 -0.2558812 -0.3130411 -0.3738456 -0.4377150 -0.5040060 -0.5719101 -0.6400993 -0.7051584 -0.7051584 -0.7408883 -0.7437043 -0.6367688 -0.5090843 -0.5090843 -0.1770310 -0.1770310 0.8090790E-01 0.8090790E-01 0.1641151 0.2658071 0.2658071 0.3077346 0.3077346 0.2429222 0.2429222 0.2429222 0.1447317 0.1447317 0.5341034E-01 0.5341034E-01 -0.1247071E-01 -0.1247071E-01 -0.5242766E-01 -0.5242766E-01 -0.7144692E-01 -0.7144692E-01 -0.7144692E-01
-0.1950534E-05 -0.1950534E-05 -0.5058510E-05 -0.1154256E-06 0.9547883E-06 0.9547883E-06 0.1606267E-05 0.1578360E-05 0.1578360E-05 0.1053189E-05 0.1053189E-05 0.2721479E-06 0.2325821E-06 0.2437030E-06 -0.3885682E-03 -0.3885682E-03 -0.3538725E-01 -0.6704056E-01 -0.1053877 -0.1490353 -0.1970409 -0.2487869 -0.3038612 -0.3619833 -0.4229149 -0.4863926 -0.5520754 -0.6194544 -0.6875387 -0.7533842 -0.7533842 -0.7973334 -0.8042681 -0.6323605 -0.4503995 -0.4503995 -0.1067620 -0.1067620 0.9447195E-01 0.9447195E-01 0.1561590 0.2360532 0.2360532 0.2759942 0.2759942 0.2403291 0.2403291 0.2403291 0.1587575 0.1587575 0.6874773E-01 0.6874773E-01 -0.4528056E-02 -0.4528056E-02 -0.5229568E-01 -0.5229568E-01 -0.7584745E-01 -0.7584745E-01 -0.7584745E-01
-0.2698976E-03 -0.2698976E-03 0.1897437E-02 0.1941093E-02 0.1681638E-02 0.1681638E-02 0.1532744E-02 0.1496410E-02 0.1496410E-02 0.1531174E-02 0.1531174E-02 0.1540884E-02 0.1540169E-02 0.1538671E-02 0.9998908E-03 0.9998908E-03 -0.5250297E-01 -0.9541980E-01 -0.1439516 -0.1960372 -0.2505025 -0.3067564 -0.3645691 -0.4239235 -0.4848958 -0.5475624 -0.6119250 -0.6778121 -0.7444928 -0.8086251 -0.8086251 -0.8512112 -0.8406470 -0.5423136 -0.3324511 -0.3324511 -0.5264847E-01 -0.5264847E-01 0.8729102E-01 0.8729102E-01 0.1331366 0.1985568 0.1985568 0.2368643 0.2368643 0.2231463 0.2231463 0.2231463 0.1608541 0.1608541 0.7962927E-01 0.7962927E-01 0.4855081E-02 0.4855081E-02 -0.4805110E-01 -0.4805110E-01 -0.7538907E-01 -0.7538907E-01 -0.7538907E-01
-0.5508758E-03 -0.5508758E-03 0.3858498E-02 0.3861369E-02 0.3350172E-02 0.3350172E-02 0.3065597E-02 0.2999254E-02 0.2999254E-02 0.3062927E-02 0.3062927E-02 0.3080803E-02 0.3079565E-02 0.3076658E-02 0.2333296E-02 0.2333296E-02 -0.7591927E-01 -0.1328753 -0.1938116 -0.2560112 -0.3181413 -0.3797098 -0.4407189 -0.5014467 -0.5622992 -0.6237016 -0.6860154 -0.7494047 -0.8130836 -0.8706970 -0.8706970 -0.8924641 -0.8181380 -0.3835427 -0.2083245 -0.2083245 -0.2697414E-01 -0.2697414E-01 0.6832336E-01 0.6832336E-01 0.1038765 0.1590421 0.1590421 0.1947576 0.1947576 0.1955207 0.1955207 0.1955207 0.1513177 0.1513177 0.8361956E-01 0.8361956E-01 0.1350144E-01 0.1350144E-01 -0.4048901E-01 -0.4048901E-01 -0.6985333E-01 -0.6985333E-01 -0.6985333E-01
0.1909281E-03 0.1909281E-03 0.5131045E-02 0.5650107E-02 0.4960930E-02 0.4960930E-02 0.4589359E-02 0.4521016E-02 0.4521016E-02 0.4612569E-02 0.4612569E-02 0.4638302E-02 0.4636390E-02 0.4631198E-02 0.3605967E-02 0.3605967E-02 -0.1097339 -0.1843588 -0.2601209 -0.3339228 -0.4045417 -0.4717884 -0.5360305 -0.5979196 -0.6582265 -0.7177340 -0.7771593 -0.8369067 -0.8948828 -0.9323851 -0.9323851 -0.8830073 -0.6795877 -0.2259799 -0.1235479 -0.1235479 -0.2113347E-01 -0.2113347E-01 0.4632496E-01 0.4632496E-01 0.7451406E-01 0.1205833 0.1205833 0.1521565 0.1521565 0.1610862 0.1610862 0.1610862 0.1319307 0.1319307 0.7969350E-01 0.7969350E-01 0.1945610E-01 0.1945610E-01 -0.3077430E-01 -0.3077430E-01 -0.5945951E-01 -0.5945951E-01 -0.5945951E-01
0.1974515E-02 0.1974515E-02 0.5745588E-02 0.7312666E-02 0.6512737E-02 0.6512737E-02 0.6109636E-02 0.6059457E-02 0.6059457E-02 0.6163997E-02 0.6163997E-02 0.6192250E-02 0.6189574E-02 0.6182753E-02 0.4772546E-02 0.4772546E-02 -0.1612931 -0.2582228 -0.3511903 -0.4375073 -0.5166445 -0.5890992 -0.6558364 -0.7180088 -0.7768098 -0.8333908 -0.8888075 -0.9432814 -0.9879680 -0.9574441 -0.9574441 -0.7388929 -0.4251721 -0.1255504 -0.8169518E-01 -0.8169518E-01 -0.2211377E-01 -0.2211377E-01 0.2633921E-01 0.2633921E-01 0.4808281E-01 0.8461030E-01 0.8461030E-01 0.1105175 0.1105175 0.1227827 0.1227827 0.1227827 0.1052324 0.1052324 0.6831380E-01 0.6831380E-01 0.2158832E-01 0.2158832E-01 -0.2012278E-01 -0.2012278E-01 -0.4489014E-01 -0.4489014E-01 -0.4489014E-01
