simulation_files/asc/Velocity____16.0.asc
NCOLS        79
NROWS        79
XLLCENTER         -1.500000
YLLCENTER         -4.800000
CELLSIZE           0.100
NODATA_VALUE     -9999.0
[rows 0 to 26 of 79, columns 0 to 59 of 79]
-9999.000 -9999.000 -9999.000 -9999.000 -9999.000 -9999.000 -9999.000 -9999.000 -9999.000 -9999.000 -9999.000 -9999.000 -9999.000 -9999.000 -9999.000 1.350594 1.363538 1.363955 1.364102 1.364156 1.364176 1.364183 1.364185 1.364183 1.364176 1.364156 1.364102 1.363955 1.363538 1.350594 1.350594 -9999.000 -9999.000 -9999.000 -9999.000 -9999.000 -9999.000 -9999.000 -9999.000 -9999.000 -9999.000 -9999.000 -9999.000 -9999.000 -9999.000 -9999.000 -9999.000 -9999.000 -9999.000 -9999.000 -9999.000 -9999.000 -9999.000 -9999.000 -9999.000 -9999.000 -9999.000 -9999.000 -9999.000 -9999.000
-9999.000 -9999.000 -9999.000 -9999.000 -9999.000 -9999.000 -9999.000 -9999.000 -9999.000 -9999.000 -9999.000 -9999.000 -9999.000 -9999.000 -9999.000 1.335970 1.359540 1.360353 1.360715 1.360881 1.360954 1.360983 1.360991 1.360983 1.360954 1.360881 1.360715 1.360353 1.359540 1.335970 1.335970 -9999.000 -9999.000 -9999.000 -9999.000 -9999.000 -9999.000 -9999.000 -9999.000 -9999.000 -9999.000 -9999.000 -9999.000 -9999.000 -9999.000 -9999.000 -9999.000 -9999.000 -9999.000 -9999.000 -9999.000 -9999.000 -9999.000 -9999.000 -9999.000 -9999.000 -9999.000 -9999.000 -9999.000 -9999.000
-9999.000 -9999.000 -9999.000 -9999.000 -9999.000 -9999.000 -9999.000 -9999.000 -9999.000 -9999.000 -9999.000 -9999.000 -9999.000 -9999.000 -9999.000 1.323147 1.355746 1.356818 1.357371 1.357677 1.357833 1.357904 1.357924 1.357904 1.357833 1.357677 1.357371 1.356819 1.355747 1.323148 1.323148 -9999.000 -9999.000 -9999.000 -9999.000 -9999.000 -9999.000 -9999.000 -9999.000 -9999.000 -9999.000 -9999.000 -9999.000 -9999.000 -9999.000 -9999.000 -9999.000 -9999.000 -9999.000 -9999.000 -9999.000 -9999.000 -9999.000 -9999.000 -9999.000 -9999.000 -9999.000 -9999.000 -9999.000 -9999.000
-9999.000 -9999.000 -9999.000 -9999.000 -9999.000 -9999.000 -9999.000 -9999.000 -9999.000 -9999.000 -9999.000 -9999.000 -9999.000 -9999.000 -9999.000 1.311692 1.352257 1.353452 1.354111 1.354542 1.354793 1.354919 1.354957 1.354919 1.354793 1.354542 1.354111 1.353452 1.352257 1.311693 1.311693 -9999.000 -9999.000 -9999.000 -9999.000 -9999.000 -9999.000 -9999.000 -9999.000 -9999.000 -9999.000 -9999.000 -9999.000 -9999.000 -9999.000 -9999.000 -9999.000 -9999.000 -9999.000 -9999.000 -9999.000 -9999.000 -9999.000 -9999.000 -9999.000 -9999.000 -9999.000 -9999.000 -9999.000 -9999.000
-9999.000 -9999.000 -9999.000 -9999.000 -9999.000 -9999.000 -9999.000 -9999.000 -9999.000 -9999.000 -9999.000 -9999.000 -9999.000 -9999.000 -9999.000 0.9537250 1.164393 1.249069 1.306231 1.345546 1.351812 1.352009 1.352069 1.352011 1.351828 1.351494 1.350986 1.350321 1.349089 1.301237 1.301237 -9999.000 -9999.000 -9999.000 -9999.000 -9999.000 -9999.000 -9999.000 -9999.000 -9999.000 -9999.000 -9999.000 -9999.000 -9999.000 -9999.000 -9999.000 -9999.000 -9999.000 -9999.000 -9999.000 -9999.000 -9999.000 -9999.000 -9999.000 -9999.000 -9999.000 -9999.000 -9999.000 -9999.000 -9999.000
-9999.000 -9999.000 -9999.000 -9999.000 -9999.000 -9999.000 -9999.000 -9999.000 -9999.000 -9999.000 -9999.000 -9999.000 -9999.000 -9999.000 -9999.000 0.3811572 0.4620529 0.4866441 0.5104772 0.5440102 0.5906327 0.6455176 0.7059978 0.7710224 0.8371496 0.9029063 0.9665769 1.037296 1.063358 0.8120295 0.8120295 -9999.000 -9999.000 -9999.000 -9999.000 -9999.000 -9999.000 -9999.000 -9999.000 -9999.000 -9999.000 -9999.000 -9999.000 -9999.000 -9999.000 -9999.000 -9999.000 -9999.000 -9999.000 -9999.000 -9999.000 -9999.000 -9999.000 -9999.000 -9999.000 -9999.000 -9999.000 -9999.000 -9999.000 -9999.000
-9999.000 -9999.000 -9999.000 -9999.000 -9999.000 -9999.000 -9999.000 -9999.000 -9999.000 -9999.000 -9999.000 -9999.000 -9999.000 -9999.000 -9999.000 0.3068125 0.3829766 0.4029452 0.4092751 0.4119914 0.4133758 0.4149879 0.4165571 0.4183407 0.4199556 0.4227510 0.4287911 0.4480406 0.4708428 0.3544497 0.3544497 -9999.000 -9999.000 -9999.000 -9999.000 -9999.000 -9999.000 -9999.000 -9999.000 -9999.000 -9999.000 -9999.000 -9999.000 -9999.000 -9999.000 -9999.000 -9999.000 -9999.000 -9999.000 -9999.000 -9999.000 -9999.000 -9999.000 -9999.000 -9999.000 -9999.000 -9999.000 -9999.000 -9999.000 -9999.000
-9999.000 -9999.000 -9999.000 -9999.000 -9999.000 -9999.000 -9999.000 -9999.000 -9999.000 -9999.000 -9999.000 -9999.000 -9999.000 -9999.000 -9999.000 0.2683173 0.3457660 0.3731403 0.3845580 0.3907962 0.3953478 0.3995073 0.4032284 0.4069318 0.4104996 0.4153313 0.4232821 0.4414541 0.4574981 0.3371256 0.3371256 -9999.000 -9999.000 -9999.000 -9999.000 -9999.000 -9999.000 -9999.000 -9999.000 -9999.000 -9999.000 -9999.000 -9999.000 -9999.000 -9999.000 -9999.000 -9999.000 -9999.000 -9999.000 -9999.000 -9999.000 -9999.000 -9999.000 -9999.000 -9999.000 -9999.000 -9999.000 -9999.000 -9999.000 -9999.000
-9999.000 -9999.000 -9999.000 -9999.000 -9999.000 -9999.000 -9999.000 -9999.000 -9999.000 -9999.000 -9999.000 -9999.000 -9999.000 -9999.000 -9999.000 0.2350007 0.3111153 0.3435483 0.3600164 0.3711242 0.3802213 0.3886450 0.3966439 0.4048586 0.4134307 0.4234688 0.4361354 0.4563736 0.4708496 0.3510313 0.3510313 -9999.000 -9999.000 -9999.000 -9999.000 -9999.000 -9999.000 -9999.000 -9999.000 -9999.000 -9999.000 -9999.000 -9999.000 -9999.000 -9999.000 -9999.000 -9999.000 -9999.000 -9999.000 -9999.000 -9999.000 -9999.000 -9999.000 -9999.000 -9999.000 -9999.000 -9999.000 -9999.000 -9999.000 -9999.000
-9999.000 -9999.000 -9999.000 -9999.000 -9999.000 -9999.000 -9999.000 -9999.000 -9999.000 -9999.000 -9999.000 -9999.000 -9999.000 -9999.000 -9999.000 0.2034878 0.2767625 0.3133718 0.3351920 0.3517393 0.3659766 0.3792385 0.3919768 0.4049198 0.4183261 0.4329488 0.4494821 0.4717605 0.4869792 0.3712423 0.3712423 -9999.000 -9999.000 -9999.000 -9999.000 -9999.000 -9999.000 -9999.000 -9999.000 -9999.000 -9999.000 -9999.000 -9999.000 -9999.000 -9999.000 -9999.000 -9999.000 -9999.000 -9999.000 -9999.000 -9999.000 -9999.000 -9999.000 -9999.000 -9999.000 -9999.000 -9999.000 -9999.000 -9999.000 -9999.000
-9999.000 -9999.000 -9999.000 -9999.000 -9999.000 -9999.000 -9999.000 -9999.000 -9999.000 -9999.000 -9999.000 -9999.000 -9999.000 -9999.000 -9999.000 0.1726050 0.2420387 0.2824976 0.3100579 0.3325768 0.3525225 0.3711405 0.3889968 0.4068158 0.4248960 0.4437135 0.4637431 0.4882784 0.5058445 0.3967823 0.3967823 -9999.000 -9999.000 -9999.000 -9999.000 -9999.000 -9999.000 -9999.000 -9999.000 -9999.000 -9999.000 -9999.000 -9999.000 -9999.000 -9999.000 -9999.000 -9999.000 -9999.000 -9999.000 -9999.000 -9999.000 -9999.000 -9999.000 -9999.000 -9999.000 -9999.000 -9999.000 -9999.000 -9999.000 -9999.000
-9999.000 -9999.000 -9999.000 -9999.000 -9999.000 -9999.000 -9999.000 -9999.000 -9999.000 -9999.000 -9999.000 -9999.000 -9999.000 -9999.000 -9999.000 0.1420784 0.2069037 0.2509761 0.2845863 0.3135598 0.3397419 0.3641929 0.3875038 0.4103502 0.4330641 0.4560152 0.4797203 0.5072824 0.5289877 0.4294479 0.4294479 -9999.000 -9999.000 -9999.000 -9999.000 -9999.000 -9999.000 -9999.000 -9999.000 -9999.000 -9999.000 -9999.000 -9999.000 -9999.000 -9999.000 -9999.000 -9999.000 -9999.000 -9999.000 -9999.000 -9999.000 -9999.000 -9999.000 -9999.000 -9999.000 -9999.000 -9999.000 -9999.000 -9999.000 -9999.000
-9999.000 -9999.000 -9999.000 -9999.000 -9999.000 -9999.000 -9999.000 -9999.000 -9999.000 -9999.000 -9999.000 -9999.000 -9999.000 -9999.000 -9999.000 0.1118484 0.1715817 0.2190280 0.2588755 0.2946600 0.3274898 0.3581586 0.3872187 0.4153019 0.4428348 0.4703033 0.4985418 0.5307702 0.5593315 0.4733883 0.4733883 -9999.000 -9999.000 -9999.000 -9999.000 -9999.000 -9999.000 -9999.000 -9999.000 -9999.000 -9999.000 -9999.000 -9999.000 -9999.000 -9999.000 -9999.000 -9999.000 -9999.000 -9999.000 -9999.000 -9999.000 -9999.000 -9999.000 -9999.000 -9999.000 -9999.000 -9999.000 -9999.000 -9999.000 -9999.000
-9999.000 -9999.000 -9999.000 -9999.000 -9999.000 -9999.000 -9999.000 -9999.000 -9999.000 -9999.000 -9999.000 -9999.000 -9999.000 -9999.000 -9999.000 0.8176247E-01 0.1364362 0.1871233 0.2332636 0.2760041 0.3156828 0.3527981 0.3878448 0.4214593 0.4542664 0.4871088 0.5214617 0.5611724 0.6014369 0.5370644 0.5370644 -9999.000 -9999.000 -9999.000 -9999.000 -9999.000 -9999.000 -9999.000 -9999.000 -9999.000 -9999.000 -9999.000 -9999.000 -9999.000 -9999.000 -9999.000 -9999.000 -9999.000 -9999.000 -9999.000 -9999.000 -9999.000 -9999.000 -9999.000 -9999.000 -9999.000 -9999.000 -9999.000 -9999.000 -9999.000
-9999.000 -9999.000 -9999.000 -9999.000 -9999.000 -9999.000 -9999.000 -9999.000 -9999.000 -9999.000 -9999.000 -9999.000 -9999.000 -9999.000 -9999.000 0.5210475E-01 0.1044875 0.1590858 0.2111108 0.2600575 0.3058905 0.3489722 0.3897889 0.4290361 0.4676210 0.5069567 0.5495852 0.6011035 0.6626464 0.6405970 0.6405970 -9999.000 -9999.000 -9999.000 -9999.000 -9999.000 -9999.000 -9999.000 -9999.000 -9999.000 -9999.000 -9999.000 -9999.000 -9999.000 -9999.000 -9999.000 -9999.000 -9999.000 -9999.000 -9999.000 -9999.000 -9999.000 -9999.000 -9999.000 -9999.000 -9999.000 -9999.000 -9999.000 -9999.000 -9999.000
0.8104947 0.8104947 0.7935201 0.7734912 0.7604048 0.7604048 0.7437789 0.7027523 0.7027523 0.6573047 0.6573047 0.6027347 0.5673565 0.5229611 0.4662900 0.4662900 0.3531536 0.3297087 0.3246642 0.3344679 0.3552262 0.3835511 0.4169599 0.4540523 0.4945963 0.5398775 0.5936671 0.6652047 0.7707946 0.9269090 0.9269090 1.254656 1.389853 -9999.000 0.8516787 0.8516787 0.1196883 0.1196883 0.1405570E-01 0.1405570E-01 0.2197726E-01 0.1120953 0.1120953 0.1991360 0.1991360 0.3132209 0.3132209 0.3132209 0.3852196 0.3852196 0.4465843 0.4465843 0.4977688 0.4977688 0.5391404 0.5391404 0.5817094 0.5817094 0.5817094 0.6160087
0.8196435 0.8196435 0.8035989 0.7904741 0.7805009 0.7805009 0.7666121 0.7294203 0.7294203 0.6855466 0.6855466 0.6330711 0.6020156 0.5677326 0.5312830 0.5312830 0.4713478 0.4523032 0.4401438 0.4355350 0.4392725 0.4516588 0.4723629 0.5007666 0.5365235 0.5802044 0.6341211 0.7040056 0.7986863 0.9134385 0.9134385 1.116828 1.203532 1.184258 1.125794 1.125794 0.9736139 0.9736139 0.8546070 0.8546070 0.8380364 0.7743933 0.7743933 0.7190118 0.7190118 0.7142290 0.7142290 0.7142290 0.7429123 0.7429123 0.7762048 0.7762048 0.8095340 0.8095340 0.8208860 0.8208860 0.8619901 0.8619901 0.8619901 0.8896260
0.8217919 0.8217919 0.8038730 0.7913494 0.7820259 0.7820259 0.7690299 0.7345332 0.7345332 0.6955498 0.6955498 0.6521619 0.6279436 0.6022935 0.5762629 0.5762629 0.5388814 0.5282744 0.5214043 0.5180709 0.5190071 0.5254303 0.5385448 0.5592939 0.5884365 0.6269112 0.6764758 0.7409304 0.8263057 0.9310163 0.9310163 1.119518 1.199001 1.222646 1.218493 1.218493 1.163998 1.163998 1.087587 1.087587 1.064741 1.019646 1.019646 0.9737120 0.9737120 0.9307585 0.9307585 0.9307585 0.9383003 0.9383003 0.9546485 0.9546485 0.9749795 0.9749795 0.9920436 0.9920436 1.015047 1.015047 1.015047 1.034818
0.8239692 0.8239692 0.8043657 0.7924681 0.7838407 0.7838407 0.7717776 0.7399389 0.7399389 0.7053307 0.7053307 0.6693361 0.6503173 0.6308653 0.6118015 0.6118015 0.5885546 0.5839445 0.5823926 0.5831851 0.5863549 0.5926887 0.6034685 0.6201742 0.6442964 0.6773463 0.7211452 0.7786314 0.8544121 0.9504357 0.9504357 1.121656 1.202792 1.244345 1.247064 1.247064 1.208082 1.208082 1.151598 1.151598 1.132280 1.111274 1.111274 1.094710 1.094710 1.057247 1.057247 1.057247 1.053562 1.053562 1.059003 1.059003 1.070241 1.070241 1.082093 1.082093 1.097318 1.097318 1.097318 1.112188
0.8262466 0.8262466 0.8050624 0.7940361 0.7862368 0.7862368 0.7752479 0.7462906 0.7462906 0.7159204 0.7159204 0.6863433 0.6715504 0.6569293 0.6430649 0.6430649 0.6300287 0.6296757 0.6321431 0.6367028 0.6430015 0.6513068 0.6624978 0.6779122 0.6991574 0.7279806 0.7663153 0.8167334 0.8830541 0.9692214 0.9692214 1.121302 1.202758 1.247256 1.245899 1.245899 1.204927 1.204927 1.162951 1.162951 1.154351 1.157043 1.157043 1.164065 1.164065 1.144807 1.144807 1.144807 1.137022 1.137022 1.134744 1.134744 1.138301 1.138301 1.144729 1.144729 1.153984 1.153984 1.153984 1.164226
0.8289757 0.8289757 0.8061247 0.7960660 0.7891365 0.7891365 0.7792860 0.7533311 0.7533311 0.7271203 0.7271203 0.7034215 0.6923367 0.6818459 0.6723047 0.6723047 0.6675805 0.6704469 0.6758096 0.6831709 0.6921119 0.7025930 0.7150891 0.7305760 0.7504268 0.7762838 0.8100111 0.8539225 0.9113238 0.9870332 0.9870332 1.118987 1.196800 1.229542 1.219212 1.219212 1.177045 1.177045 1.158160 1.158160 1.162350 1.183874 1.183874 1.205804 1.205804 1.206546 1.206546 1.206546 1.201306 1.201306 1.195387 1.195387 1.192924 1.192924 1.193904 1.193904 1.197812 1.197812 1.197812 1.203511
0.8313648 0.8313648 0.8070654 0.7981308 0.7921397 0.7921397 0.7834852 0.7606174 0.7606174 0.7385458 0.7385458 0.7204744 0.7128772 0.7062512 0.7007334 0.7007334 0.7036384 0.7091466 0.7166083 0.7258526 0.7365947 0.7487029 0.7623851 0.7782644 0.7973606 0.8210134 0.8508272 0.8887953 0.9377622 1.002664 1.002664 1.113400 1.180882 1.187749 1.169862 1.169862 1.139944 1.139944 1.150224 1.150224 1.165348 1.200036 1.200036 1.230809 1.230809 1.247312 1.247312 1.247312 1.248661 1.248661 1.243730 1.243730 1.238166 1.238166 1.234654 1.234654 1.233730 1.233730 1.233730 1.234974
0.8336089 0.8336089 0.8080303 0.8002524 0.7952066 0.7952066 0.7877471 0.7679526 0.7679526 0.7499680 0.7499680 0.7374244 0.7332923 0.7305827 0.7292395 0.7292395 0.7399968 0.7478266 0.7568172 0.7671779 0.7788668 0.7918076 0.8060785 0.8220313 0.8403261 0.8619078 0.8879722 0.9200575 0.9604568 1.013696 1.013696 1.100368 1.146601 1.124604 1.108845 1.108845 1.105623 1.105623 1.143126 1.143126 1.165869 1.209201 1.209201 1.245349 1.245349 1.272440 1.272440 1.272440 1.280978 1.280978 1.280204 1.280204 1.274860 1.274860 1.268836 1.268836 1.264075 1.264075 1.264075 1.261187
0.8356161 0.8356161 0.8089656 0.8023433 0.7982136 0.7982136 0.7919077 0.7750944 0.7750944 0.7611141 0.7611141 0.7541049 0.7535753 0.7551231 0.7585841 0.7585841 0.7783372 0.7882663 0.7982974 0.8090973 0.8209320 0.8338621 0.8479289 0.8632820 0.8802367 0.8992703 0.9210100 0.9463208 0.9767604 1.016554 1.016554 1.075364 1.082259 1.052142 1.050067 1.050067 1.077940 1.077940 1.136286 1.136286 1.163962 1.213098 1.213098 1.252816 1.252816 1.286853 1.286853 1.286853 1.301377 1.301377 1.305751 1.305751 1.303062 1.303062 1.296857 1.296857 1.289823 1.289823 1.289823 1.283570
0.8372816 0.8372816 0.8098326 0.8043271 0.8010504 0.8010504 0.7958164 0.7818049 0.7818049 0.7716777 0.7716777 0.7702299 0.7735469 0.7799625 0.7894472 0.7894472 0.8205743 0.8323087 0.8428076 0.8533392 0.8645232 0.8765929 0.8895873 0.9034727 0.9181800 0.9335742 0.9494205 0.9654881 0.9821243 1.002206 1.002206 1.022193 1.005802 0.9874853 1.002767 1.002767 1.052786 1.052786 1.127823 1.127823 1.159115 1.212864 1.212864 1.255455 1.255455 1.294476 1.294476 1.294476 1.313521 1.313521 1.322555 1.322555 1.323465 1.323465 1.318843 1.318843 1.311242 1.311242 1.311242 1.302785
0.8384976 0.8384976 0.8106057 0.8061417 0.8036250 0.8036250 0.7993443 0.7878624 0.7878624 0.7813271 0.7813271 0.7853724 0.7927878 0.8048646 0.8223194 0.8223194 0.8692061 0.8821335 0.8922371 0.9016072 0.9112509 0.9215686 0.9325724 0.9439869 0.9552009 0.9651169 0.9720564 0.9740459 0.9699825 0.9614834 0.9614834 0.9421896 0.9192708 0.9364131 0.9669598 0.9669598 1.027070 1.027070 1.121584 1.121584 1.155688 1.212609 1.212609 1.256925 1.256925 1.298980 1.298980 1.298980 1.320983 1.320983 1.333410 1.333410 1.337557 1.337557 1.335185 1.335185 1.328267 1.328267 1.328267 1.318844
0.8391572 0.8391572 0.8112771 0.8077455 0.8058673 0.8058673 0.8023865 0.7930694 0.7930694 0.7897224 0.7897224 0.7989567 0.8105617 0.8290147 0.8570109 0.8570109 0.9277969 0.9405608 0.9488100 0.9557474 0.9627424 0.9703082 0.9783351 0.9861376 0.9921877 0.9936727 0.9865024 0.9667663 0.9339172 0.8925293 0.8925293 0.8459118 0.8359957 0.8953766 0.9387481 0.9387481 1.010761 1.010761 1.115866 1.115866 1.152756 1.211805 1.211805 1.256975 1.256975 1.300729 1.300729 1.300729 1.324555 1.324555 1.339197 1.339197 1.345746 1.345746 1.345495 1.345495 1.339850 1.339850 1.339850 1.330455
