simulation_files/asc/Velocity__y_221.0.asc
NCOLS        79
NROWS        79
XLLCENTER         -1.500000
YLLCENTER         -4.800000
CELLSIZE           0.100
NODATA_VALUE     -9999.0
[rows 0 to 26 of 79, columns 0 to 58 of 79]
-9999.000 -9999.000 -9999.000 -9999.000 -9999.000 -9999.000 -9999.000 -9999.000 -9999.000 -9999.000 -9999.000 -9999.000 -9999.000 -9999.000 -9999.000 -0.8908246E-01 -0.8575547E-01 -0.8430863E-01 -0.8367279E-01 -0.8412968E-01 -0.8496065E-01 -0.8583696E-01 -0.8669163E-01 -0.8745771E-01 -0.8810097E-01 -0.8866590E-01 -0.8918504E-01 -0.8981963E-01 -0.9115263E-01 -0.9255179E-01 -0.9255179E-01 -9999.000 -9999.000 -9999.000 -9999.000 -9999.000 -9999.000 -9999.000 -9999.000 -9999.000 -9999.000 -9999.000 -9999.000 -9999.000 -9999.000 -9999.000 -9999.000 -9999.000 -9999.000 -9999.000 -9999.000 -9999.000 -9999.000 -9999.000 -9999.000 -9999.000 -9999.000 -9999.000 -9999.000
-9999.000 -9999.000 -9999.000 -9999.000 -9999.000 -9999.000 -9999.000 -9999.000 -9999.000 -9999.000 -9999.000 -9999.000 -9999.000 -9999.000 -9999.000 -0.9012718E-01 -0.8312873E-01 -0.8003440E-01 -0.7869361E-01 -0.7971646E-01 -0.8158245E-01 -0.8358414E-01 -0.8556601E-01 -0.8737504E-01 -0.8892791E-01 -0.9031180E-01 -0.9158761E-01 -0.9308931E-01 -0.9603480E-01 -0.9939773E-01 -0.9939773E-01 -9999.000 -9999.000 -9999.000 -9999.000 -9999.000 -9999.000 -9999.000 -9999.000 -9999.000 -9999.000 -9999.000 -9999.000 -9999.000 -9999.000 -9999.000 -9999.000 -9999.000 -9999.000 -9999.000 -9999.000 -9999.000 -9999.000 -9999.000 -9999.000 -9999.000 -9999.000 -9999.000 -9999.000
-9999.000 -9999.000 -9999.000 -9999.000 -9999.000 -9999.000 -9999.000 -9999.000 -9999.000 -9999.000 -9999.000 -9999.000 -9999.000 -9999.000 -9999.000 -0.9028753E-01 -0.7926132E-01 -0.7427832E-01 -0.7217383E-01 -0.7394489E-01 -0.7715167E-01 -0.8064304E-01 -0.8414976E-01 -0.8740456E-01 -0.9025581E-01 -0.9282776E-01 -0.9520352E-01 -0.9790516E-01 -0.1028697 -0.1089411 -0.1089411 -9999.000 -9999.000 -9999.000 -9999.000 -9999.000 -9999.000 -9999.000 -9999.000 -9999.000 -9999.000 -9999.000 -9999.000 -9999.000 -9999.000 -9999.000 -9999.000 -9999.000 -9999.000 -9999.000 -9999.000 -9999.000 -9999.000 -9999.000 -9999.000 -9999.000 -9999.000 -9999.000 -9999.000
-9999.000 -9999.000 -9999.000 -9999.000 -9999.000 -9999.000 -9999.000 -9999.000 -9999.000 -9999.000 -9999.000 -9999.000 -9999.000 -9999.000 -9999.000 -0.8996999E-01 -0.7491310E-01 -0.6803932E-01 -0.6520423E-01 -0.6780061E-01 -0.7244161E-01 -0.7752357E-01 -0.8266379E-01 -0.8747477E-01 -0.9173128E-01 -0.9559492E-01 -0.9916506E-01 -0.1031566 -0.1102614 -0.1195146 -0.1195146 -9999.000 -9999.000 -9999.000 -9999.000 -9999.000 -9999.000 -9999.000 -9999.000 -9999.000 -9999.000 -9999.000 -9999.000 -9999.000 -9999.000 -9999.000 -9999.000 -9999.000 -9999.000 -9999.000 -9999.000 -9999.000 -9999.000 -9999.000 -9999.000 -9999.000 -9999.000 -9999.000 -9999.000
-9999.000 -9999.000 -9999.000 -9999.000 -9999.000 -9999.000 -9999.000 -9999.000 -9999.000 -9999.000 -9999.000 -9999.000 -9999.000 -9999.000 -9999.000 -0.8939579E-01 -0.7025914E-01 -0.6147499E-01 -0.5792092E-01 -0.6139547E-01 -0.6753389E-01 -0.7427014E-01 -0.8111217E-01 -0.8754603E-01 -0.9327089E-01 -0.9848811E-01 -0.1033116 -0.1086593 -0.1180237 -0.1309699 -0.1309699 -9999.000 -9999.000 -9999.000 -9999.000 -9999.000 -9999.000 -9999.000 -9999.000 -9999.000 -9999.000 -9999.000 -9999.000 -9999.000 -9999.000 -9999.000 -9999.000 -9999.000 -9999.000 -9999.000 -9999.000 -9999.000 -9999.000 -9999.000 -9999.000 -9999.000 -9999.000 -9999.000 -9999.000
-9999.000 -9999.000 -9999.000 -9999.000 -9999.000 -9999.000 -9999.000 -9999.000 -9999.000 -9999.000 -9999.000 -9999.000 -9999.000 -9999.000 -9999.000 -0.8863021E-01 -0.6535655E-01 -0.5464114E-01 -0.5037508E-01 -0.5477446E-01 -0.6246083E-01 -0.7089950E-01 -0.7949388E-01 -0.8759816E-01 -0.9483465E-01 -0.1014506 -0.1075719 -0.1143336 -0.1260869 -0.1433231 -0.1433231 -9999.000 -9999.000 -9999.000 -9999.000 -9999.000 -9999.000 -9999.000 -9999.000 -9999.000 -9999.000 -9999.000 -9999.000 -9999.000 -9999.000 -9999.000 -9999.000 -9999.000 -9999.000 -9999.000 -9999.000 -9999.000 -9999.000 -9999.000 -9999.000 -9999.000 -9999.000 -9999.000 -9999.000
-9999.000 -9999.000 -9999.000 -9999.000 -9999.000 -9999.000 -9999.000 -9999.000 -9999.000 -9999.000 -9999.000 -9999.000 -9999.000 -9999.000 -9999.000 -0.8767108E-01 -0.6021086E-01 -0.4754727E-01 -0.4257888E-01 -0.4795144E-01 -0.5723332E-01 -0.6741548E-01 -0.7780515E-01 -0.8761883E-01 -0.9640092E-01 -0.1044526 -0.1119098 -0.1201425 -0.1344310 -0.1566817 -0.1566817 -9999.000 -9999.000 -9999.000 -9999.000 -9999.000 -9999.000 -9999.000 -9999.000 -9999.000 -9999.000 -9999.000 -9999.000 -9999.000 -9999.000 -9999.000 -9999.000 -9999.000 -9999.000 -9999.000 -9999.000 -9999.000 -9999.000 -9999.000 -9999.000 -9999.000 -9999.000 -9999.000 -9999.000
-9999.000 -9999.000 -9999.000 -9999.000 -9999.000 -9999.000 -9999.000 -9999.000 -9999.000 -9999.000 -9999.000 -9999.000 -9999.000 -9999.000 -9999.000 -0.8648493E-01 -0.5480307E-01 -0.4018160E-01 -0.3452597E-01 -0.4092554E-01 -0.5185095E-01 -0.6381480E-01 -0.7603960E-01 -0.8759668E-01 -0.9795264E-01 -0.1074736 -0.1163017 -0.1260642 -0.1430574 -0.1712196 -0.1712196 -9999.000 -9999.000 -9999.000 -9999.000 -9999.000 -9999.000 -9999.000 -9999.000 -9999.000 -9999.000 -9999.000 -9999.000 -9999.000 -9999.000 -9999.000 -9999.000 -9999.000 -9999.000 -9999.000 -9999.000 -9999.000 -9999.000 -9999.000 -9999.000 -9999.000 -9999.000 -9999.000 -9999.000
-9999.000 -9999.000 -9999.000 -9999.000 -9999.000 -9999.000 -9999.000 -9999.000 -9999.000 -9999.000 -9999.000 -9999.000 -9999.000 -9999.000 -9999.000 -0.8501898E-01 -0.4910108E-01 -0.3252042E-01 -0.2619983E-01 -0.3368799E-01 -0.4630715E-01 -0.6008939E-01 -0.7418763E-01 -0.8751893E-01 -0.9947280E-01 -0.1104936 -0.1207258 -0.1320810 -0.1519750 -0.1871750 -0.1871750 -9999.000 -9999.000 -9999.000 -9999.000 -9999.000 -9999.000 -9999.000 -9999.000 -9999.000 -9999.000 -9999.000 -9999.000 -9999.000 -9999.000 -9999.000 -9999.000 -9999.000 -9999.000 -9999.000 -9999.000 -9999.000 -9999.000 -9999.000 -9999.000 -9999.000 -9999.000 -9999.000 -9999.000
-9999.000 -9999.000 -9999.000 -9999.000 -9999.000 -9999.000 -9999.000 -9999.000 -9999.000 -9999.000 -9999.000 -9999.000 -9999.000 -9999.000 -9999.000 -0.8320617E-01 -0.4306248E-01 -0.2453125E-01 -0.1757634E-01 -0.2622434E-01 -0.4059071E-01 -0.5622684E-01 -0.7223555E-01 -0.8736838E-01 -0.1009399 -0.1134885 -0.1251558 -0.1381712 -0.1611952 -0.2048643 -0.2048643 -9999.000 -9999.000 -9999.000 -9999.000 -9999.000 -9999.000 -9999.000 -9999.000 -9999.000 -9999.000 -9999.000 -9999.000 -9999.000 -9999.000 -9999.000 -9999.000 -9999.000 -9999.000 -9999.000 -9999.000 -9999.000 -9999.000 -9999.000 -9999.000 -9999.000 -9999.000 -9999.000 -9999.000
-9999.000 -9999.000 -9999.000 -9999.000 -9999.000 -9999.000 -9999.000 -9999.000 -9999.000 -9999.000 -9999.000 -9999.000 -9999.000 -9999.000 -9999.000 -0.8096444E-01 -0.3663449E-01 -0.1617245E-01 -0.8623610E-02 -0.1851430E-01 -0.3468508E-01 -0.5220958E-01 -0.7016443E-01 -0.8712225E-01 -0.1023254 -0.1164269 -0.1295570 -0.1443044 -0.1707258 -0.2247094 -0.2247094 -9999.000 -9999.000 -9999.000 -9999.000 -9999.000 -9999.000 -9999.000 -9999.000 -9999.000 -9999.000 -9999.000 -9999.000 -9999.000 -9999.000 -9999.000 -9999.000 -9999.000 -9999.000 -9999.000 -9999.000 -9999.000 -9999.000 -9999.000 -9999.000 -9999.000 -9999.000 -9999.000 -9999.000
-9999.000 -9999.000 -9999.000 -9999.000 -9999.000 -9999.000 -9999.000 -9999.000 -9999.000 -9999.000 -9999.000 -9999.000 -9999.000 -9999.000 -9999.000 -0.7819231E-01 -0.2975015E-01 -0.7389818E-02 0.7004162E-03 -0.1053069E-01 -0.2856701E-01 -0.4801288E-01 -0.6794767E-01 -0.8674891E-01 -0.1035906 -0.1192649 -0.1338801 -0.1504361 -0.1805672 -0.2472824 -0.2472824 -9999.000 -9999.000 -9999.000 -9999.000 -9999.000 -9999.000 -9999.000 -9999.000 -9999.000 -9999.000 -9999.000 -9999.000 -9999.000 -9999.000 -9999.000 -9999.000 -9999.000 -9999.000 -9999.000 -9999.000 -9999.000 -9999.000 -9999.000 -9999.000 -9999.000 -9999.000 -9999.000 -9999.000
-9999.000 -9999.000 -9999.000 -9999.000 -9999.000 -9999.000 -9999.000 -9999.000 -9999.000 -9999.000 -9999.000 -9999.000 -9999.000 -9999.000 -9999.000 -0.7473127E-01 -0.2229731E-01 0.1908174E-02 0.1045676E-01 -0.2243140E-02 -0.2221407E-01 -0.4361223E-01 -0.6555822E-01 -0.8621290E-01 -0.1046888 -0.1219475 -0.1380600 -0.1565027 -0.1907081 -0.2733820 -0.2733820 -9999.000 -9999.000 -9999.000 -9999.000 -9999.000 -9999.000 -9999.000 -9999.000 -9999.000 -9999.000 -9999.000 -9999.000 -9999.000 -9999.000 -9999.000 -9999.000 -9999.000 -9999.000 -9999.000 -9999.000 -9999.000 -9999.000 -9999.000 -9999.000 -9999.000 -9999.000 -9999.000 -9999.000
-9999.000 -9999.000 -9999.000 -9999.000 -9999.000 -9999.000 -9999.000 -9999.000 -9999.000 -9999.000 -9999.000 -9999.000 -9999.000 -9999.000 -9999.000 -0.6912751E-01 -0.1315469E-01 0.1244579E-01 0.2073944E-01 0.6090176E-02 -0.1593536E-01 -0.3930623E-01 -0.6326681E-01 -0.8574259E-01 -0.1057993 -0.1246088 -0.1421878 -0.1625718 -0.2012614 -0.3043203 -0.3043203 -9999.000 -9999.000 -9999.000 -9999.000 -9999.000 -9999.000 -9999.000 -9999.000 -9999.000 -9999.000 -9999.000 -9999.000 -9999.000 -9999.000 -9999.000 -9999.000 -9999.000 -9999.000 -9999.000 -9999.000 -9999.000 -9999.000 -9999.000 -9999.000 -9999.000 -9999.000 -9999.000 -9999.000
-9999.000 -9999.000 -9999.000 -9999.000 -9999.000 -9999.000 -9999.000 -9999.000 -9999.000 -9999.000 -9999.000 -9999.000 -9999.000 -9999.000 -9999.000 -0.7209543E-02 0.1837045E-01 0.2601274E-01 0.2022168E-01 -0.3999878E-03 -0.2230743E-01 -0.4535169E-01 -0.6915513E-01 -0.9150168E-01 -0.1114849 -0.1305185 -0.1484903 -0.1700219 -0.2128185 -0.3399308 -0.3399308 -9999.000 -9999.000 -9999.000 -9999.000 -9999.000 -9999.000 -9999.000 -9999.000 -9999.000 -9999.000 -9999.000 -9999.000 -9999.000 -9999.000 -9999.000 -9999.000 -9999.000 -9999.000 -9999.000 -9999.000 -9999.000 -9999.000 -9999.000 -9999.000 -9999.000 -9999.000 -9999.000 -9999.000
-0.4054134E-02 -0.4054134E-02 -0.5705243E-02 -0.7225396E-02 -0.6760057E-02 -0.6760057E-02 -0.6608727E-02 -0.6555601E-02 -0.6555601E-02 -0.6544894E-02 -0.6544894E-02 -0.6520223E-02 -0.6503936E-02 -0.6486264E-02 -0.6472812E-02 -0.6472812E-02 0.3996119E-01 0.3577672E-01 0.2054055E-01 -0.3234599E-02 -0.3102603E-01 -0.6181590E-01 -0.9457869E-01 -0.1277280 -0.1597932 -0.1901567 -0.2182171 -0.2451360 -0.2780693 -0.3502674 -0.3502674 -0.1981174 -0.1087090 -0.3952003E-01 -0.3007658E-01 -0.3007658E-01 -0.2338665E-01 -0.2338665E-01 -0.1184830E-01 -0.1184830E-01 -0.9726938E-03 0.2604535E-01 0.2604535E-01 0.3052755E-01 0.3052755E-01 -0.3423388E-02 -0.3423388E-02 -0.3423388E-02 -0.1032067E-02 -0.1032067E-02 -0.2328152E-03 -0.2328152E-03 -0.8295554E-03 -0.8295554E-03 -0.1991611E-02 -0.1991611E-02 -0.3187696E-02 -0.3187696E-02 -0.3187696E-02
-0.5817093E-02 -0.5817093E-02 -0.7938940E-02 -0.1058932E-01 -0.9618096E-02 -0.9618096E-02 -0.9280565E-02 -0.9200765E-02 -0.9200765E-02 -0.9224048E-02 -0.9224048E-02 -0.9215137E-02 -0.9203286E-02 -0.9188802E-02 -0.9201262E-02 -0.9201262E-02 0.3346211E-01 0.3057045E-01 0.1534717E-01 -0.9839649E-02 -0.4458325E-01 -0.8625661E-01 -0.1326509 -0.1820450 -0.2325985 -0.2822529 -0.3293949 -0.3721923 -0.4083416 -0.4331638 -0.4331638 -0.2972423 -0.2002836 -0.1069534 -0.8838823E-01 -0.8838823E-01 -0.6545658E-01 -0.6545658E-01 -0.2559331E-01 -0.2559331E-01 0.7236484E-02 0.8203031E-01 0.8203031E-01 0.1049322 0.1049322 0.2269669E-01 0.2269669E-01 0.2269669E-01 0.8231550E-02 0.8231550E-02 0.1288456E-02 0.1288456E-02 -0.3535585E-02 -0.3535585E-02 -0.7460015E-02 -0.7460015E-02 -0.1044693E-01 -0.1044693E-01 -0.1044693E-01
-0.3927597E-02 -0.3927597E-02 -0.5579056E-02 -0.9352728E-02 -0.8324193E-02 -0.8324193E-02 -0.7861257E-02 -0.7744738E-02 -0.7744738E-02 -0.7808121E-02 -0.7808121E-02 -0.7829724E-02 -0.7831031E-02 -0.7829177E-02 -0.7896288E-02 -0.7896288E-02 0.2252528E-01 0.2020475E-01 0.5552772E-02 -0.1963181E-01 -0.5471827E-01 -0.9792075E-01 -0.1474108 -0.2016826 -0.2592278 -0.3182781 -0.3771820 -0.4339531 -0.4856494 -0.5258337 -0.5258337 -0.4385884 -0.3552407 -0.2399209 -0.2030511 -0.2030511 -0.1387043 -0.1387043 -0.4163038E-01 -0.4163038E-01 0.2529836E-01 0.1583694 0.1583694 0.2106960 0.2106960 0.8790296E-01 0.8790296E-01 0.8790296E-01 0.3441263E-01 0.3441263E-01 0.6641102E-02 0.6641102E-02 -0.8673061E-02 -0.8673061E-02 -0.1802119E-01 -0.1802119E-01 -0.2360064E-01 -0.2360064E-01 -0.2360064E-01
-0.2125465E-02 -0.2125465E-02 -0.4180160E-02 -0.7798224E-02 -0.6812341E-02 -0.6812341E-02 -0.6321764E-02 -0.6180950E-02 -0.6180950E-02 -0.6244167E-02 -0.6244167E-02 -0.6265783E-02 -0.6267349E-02 -0.6266492E-02 -0.6382394E-02 -0.6382394E-02 0.1177169E-01 0.7502675E-02 -0.8105483E-02 -0.3395694E-01 -0.6930389E-01 -0.1128546 -0.1631352 -0.2188274 -0.2786935 -0.3413623 -0.4054789 -0.4693998 -0.5305035 -0.5827042 -0.5827042 -0.5445485 -0.4865531 -0.3759952 -0.3266194 -0.3266194 -0.2122429 -0.2122429 -0.4129241E-01 -0.4129241E-01 0.5780630E-01 0.2237772 0.2237772 0.2883233 0.2883233 0.1566790 0.1566790 0.1566790 0.6859226E-01 0.6859226E-01 0.1591843E-01 0.1591843E-01 -0.1353702E-01 -0.1353702E-01 -0.3013157E-01 -0.3013157E-01 -0.3880722E-01 -0.3880722E-01 -0.3880722E-01
-0.4711080E-03 -0.4711080E-03 -0.3780507E-02 -0.5977094E-02 -0.5171977E-02 -0.5171977E-02 -0.4749130E-02 -0.4623620E-02 -0.4623620E-02 -0.4679630E-02 -0.4679630E-02 -0.4699933E-02 -0.4702206E-02 -0.4702561E-02 -0.4878564E-02 -0.4878564E-02 0.1259946E-02 -0.7111169E-02 -0.2551346E-01 -0.5331208E-01 -0.8981346E-01 -0.1340531 -0.1848903 -0.2412161 -0.3019795 -0.3660706 -0.4323736 -0.4995803 -0.5655993 -0.6254260 -0.6254260 -0.6235842 -0.5919607 -0.4970441 -0.4362389 -0.4362389 -0.2587308 -0.2587308 -0.1487123E-01 -0.1487123E-01 0.1009537 0.2658305 0.2658305 0.3275328 0.3275328 0.2119048 0.2119048 0.2119048 0.1046927 0.1046927 0.2973869E-01 0.2973869E-01 -0.1531545E-01 -0.1531545E-01 -0.4067914E-01 -0.4067914E-01 -0.5322131E-01 -0.5322131E-01 -0.5322131E-01
0.5891198E-03 0.5891198E-03 -0.3145197E-02 -0.4059508E-02 -0.3470597E-02 -0.3470597E-02 -0.3159201E-02 -0.3067727E-02 -0.3067727E-02 -0.3113982E-02 -0.3113982E-02 -0.3133096E-02 -0.3136215E-02 -0.3137420E-02 -0.3390983E-02 -0.3390983E-02 -0.9526670E-02 -0.2381849E-01 -0.4689156E-01 -0.7819171E-01 -0.1170594 -0.1627479 -0.2144211 -0.2712375 -0.3323753 -0.3969675 -0.4641083 -0.5327432 -0.6012236 -0.6656069 -0.6656069 -0.6884019 -0.6789235 -0.5946800 -0.5135643 -0.5135643 -0.2560122 -0.2560122 0.2925169E-01 0.2925169E-01 0.1394058 0.2793235 0.2793235 0.3329732 0.3329732 0.2463631 0.2463631 0.2463631 0.1372939 0.1372939 0.4712934E-01 0.4712934E-01 -0.1282793E-01 -0.1282793E-01 -0.4795070E-01 -0.4795070E-01 -0.6519371E-01 -0.6519371E-01 -0.6519371E-01
0.5710135E-03 0.5710135E-03 -0.1860165E-02 -0.2028243E-02 -0.1721884E-02 -0.1721884E-02 -0.1562239E-02 -0.1518989E-02 -0.1518989E-02 -0.1547853E-02 -0.1547853E-02 -0.1563106E-02 -0.1566782E-02 -0.1568887E-02 -0.1924800E-02 -0.1924800E-02 -0.2138353E-01 -0.4330564E-01 -0.7292501E-01 -0.1094176 -0.1520493 -0.2001883 -0.2532490 -0.3106769 -0.3719347 -0.4364427 -0.5035519 -0.5724642 -0.6418991 -0.7087198 -0.7087198 -0.7472262 -0.7532617 -0.6571970 -0.5362111 -0.5362111 -0.2025429 -0.2025429 0.6951771E-01 0.6951771E-01 0.1584729 0.2674642 0.2674642 0.3144051 0.3144051 0.2591548 0.2591548 0.2591548 0.1615548 0.1615548 0.6560199E-01 0.6560199E-01 -0.6193977E-02 -0.6193977E-02 -0.5103416E-01 -0.5103416E-01 -0.7356290E-01 -0.7356290E-01 -0.7356290E-01
0.7335787E-04 0.7335787E-04 -0.2452617E-03 0.3524261E-04 0.3758870E-04 0.3758870E-04 0.3264398E-04 0.2234470E-04 0.2234470E-04 0.1559677E-04 0.1559677E-04 0.7132429E-05 0.3331144E-05 0.6590997E-06 -0.4925453E-03 -0.4925453E-03 -0.3543429E-01 -0.6682354E-01 -0.1049120 -0.1483480 -0.1962115 -0.2479109 -0.3030580 -0.3613783 -0.4226463 -0.4866101 -0.5529379 -0.6211370 -0.6902627 -0.7576029 -0.7576029 -0.8042300 -0.8155650 -0.6608899 -0.4830268 -0.4830268 -0.1259346 -0.1259346 0.8900765E-01 0.8900765E-01 0.1544340 0.2385293 0.2385293 0.2814077 0.2814077 0.2531923 0.2531923 0.2531923 0.1741474 0.1741474 0.8175436E-01 0.8175436E-01 0.3338191E-02 0.3338191E-02 -0.4969484E-01 -0.4969484E-01 -0.7747434E-01 -0.7747434E-01 -0.7747434E-01
-0.2942030E-03 -0.2942030E-03 0.1240330E-02 0.2105780E-02 0.1798748E-02 0.1798748E-02 0.1625229E-02 0.1559459E-02 0.1559459E-02 0.1576876E-02 0.1576876E-02 0.1577708E-02 0.1574544E-02 0.1571703E-02 0.8934006E-03 0.8934006E-03 -0.5330960E-01 -0.9636733E-01 -0.1449846 -0.1971330 -0.2516582 -0.3079899 -0.3659225 -0.4254566 -0.4866874 -0.5497118 -0.6145535 -0.6810653 -0.7485691 -0.8139571 -0.8139571 -0.8594701 -0.8560385 -0.5776017 -0.3625472 -0.3625472 -0.6296132E-01 -0.6296132E-01 0.8579909E-01 0.8579909E-01 0.1335084 0.2010666 0.2010666 0.2411332 0.2411332 0.2329487 0.2329487 0.2329487 0.1739529 0.1739529 0.9230942E-01 0.9230942E-01 0.1368739E-01 0.1368739E-01 -0.4437054E-01 -0.4437054E-01 -0.7640552E-01 -0.7640552E-01 -0.7640552E-01
-0.6200171E-03 -0.6200171E-03 0.2737083E-02 0.4156406E-02 0.3548033E-02 0.3548033E-02 0.3216332E-02 0.3097362E-02 0.3097362E-02 0.3136587E-02 0.3136587E-02 0.3147679E-02 0.3146124E-02 0.3143460E-02 0.2214413E-02 0.2214413E-02 -0.7753776E-01 -0.1350794 -0.1964938 -0.2590798 -0.3215195 -0.3833392 -0.4445656 -0.5055007 -0.5665748 -0.6282404 -0.6908875 -0.7547144 -0.8189997 -0.8777363 -0.8777363 -0.9038850 -0.8421528 -0.4156713 -0.2270515 -0.2270515 -0.3038303E-01 -0.3038303E-01 0.6862654E-01 0.6862654E-01 0.1049364 0.1611851 0.1611851 0.1980278 0.1980278 0.2027928 0.2027928 0.2027928 0.1618336 0.1618336 0.9502400E-01 0.9502400E-01 0.2246617E-01 0.2246617E-01 -0.3609208E-01 -0.3609208E-01 -0.7025498E-01 -0.7025498E-01 -0.7025498E-01
0.1474118E-03 0.1474118E-03 0.3533728E-02 0.6096167E-02 0.5252345E-02 0.5252345E-02 0.4802459E-02 0.4641473E-02 0.4641473E-02 0.4694409E-02 0.4694409E-02 0.4713773E-02 0.4714010E-02 0.4711794E-02 0.3441113E-02 0.3441113E-02 -0.1123219 -0.1880291 -0.2647057 -0.3392524 -0.4104590 -0.4781579 -0.5427448 -0.6048998 -0.6654235 -0.7251299 -0.7847684 -0.8447883 -0.9031880 -0.9420603 -0.9420603 -0.9015866 -0.7145585 -0.2436360 -0.1296049 -0.1296049 -0.2115028E-01 -0.2115028E-01 0.4708935E-01 0.4708935E-01 0.7554966E-01 0.1222241 0.1222241 0.1545605 0.1545605 0.1663235 0.1663235 0.1663235 0.1399227 0.1399227 0.8917372E-01 0.8917372E-01 0.2770416E-01 0.2770416E-01 -0.2620178E-01 -0.2620178E-01 -0.5936784E-01 -0.5936784E-01 -0.5936784E-01
0.2008959E-02 0.2008959E-02 0.4117682E-02 0.7829576E-02 0.6847028E-02 0.6847028E-02 0.6353326E-02 0.6202084E-02 0.6202084E-02 0.6258192E-02 0.6258192E-02 0.6276533E-02 0.6277026E-02 0.6275123E-02 0.4537705E-02 0.4537705E-02 -0.1651682 -0.2637541 -0.3581142 -0.4455525 -0.5255615 -0.5986706 -0.6658824 -0.7283865 -0.7874113 -0.8441429 -0.8996716 -0.9542881 -0.9993257 -0.9714872 -0.9714872 -0.7682680 -0.4598196 -0.1279267 -0.8037874E-01 -0.8037874E-01 -0.2117786E-01 -0.2117786E-01 0.2695492E-01 0.2695492E-01 0.4881109E-01 0.8570879E-01 0.8570879E-01 0.1121365 0.1121365 0.1263502 0.1263502 0.1263502 0.1109020 0.1109020 0.7551574E-01 0.7551574E-01 0.2837889E-01 0.2837889E-01 -0.1599422E-01 -0.1599422E-01 -0.4451564E-01 -0.4451564E-01 -0.4451564E-01
