simulation_files/asc/Velocity____110.0.asc
NCOLS        79
NROWS        79
XLLCENTER         -1.500000
YLLCENTER         -4.800000
CELLSIZE           0.100
NODATA_VALUE     -9999.0
[rows 0 to 26 of 79, columns 0 to 59 of 79]
-9999.000 -9999.000 -9999.000 -9999.000 -9999.000 -9999.000 -9999.000 -9999.000 -9999.000 -9999.000 -9999.000 -9999.000 -9999.000 -9999.000 -9999.000 0.1667671 0.1656574 0.1656042 0.1657440 0.1659507 0.1661748 0.1663910 0.1665900 0.1667826 0.1670078 0.1673443 0.1679291 0.1690000 0.1709008 0.1701487 0.1701487 -9999.000 -9999.000 -9999.000 -9999.000 -9999.000 -9999.000 -9999.000 -9999.000 -9999.000 -9999.000 -9999.000 -9999.000 -9999.000 -9999.000 -9999.000 -9999.000 -9999.000 -9999.000 -9999.000 -9999.000 -9999.000 -9999.000 -9999.000 -9999.000 -9999.000 -9999.000 -9999.000 -9999.000 -9999.000
-9999.000 -9999.000 -9999.000 -9999.000 -9999.000 -9999.000 -9999.000 -9999.000 -9999.000 -9999.000 -9999.000 -9999.000 -9999.000 -9999.000 -9999.000 0.1645285 0.1621390 0.1620246 0.1623377 0.1628103 0.1633329 0.1638460 0.1643235 0.1647841 0.1653074 0.1660593 0.1673373 0.1696598 0.1737557 0.1727595 0.1727595 -9999.000 -9999.000 -9999.000 -9999.000 -9999.000 -9999.000 -9999.000 -9999.000 -9999.000 -9999.000 -9999.000 -9999.000 -9999.000 -9999.000 -9999.000 -9999.000 -9999.000 -9999.000 -9999.000 -9999.000 -9999.000 -9999.000 -9999.000 -9999.000 -9999.000 -9999.000 -9999.000 -9999.000 -9999.000
-9999.000 -9999.000 -9999.000 -9999.000 -9999.000 -9999.000 -9999.000 -9999.000 -9999.000 -9999.000 -9999.000 -9999.000 -9999.000 -9999.000 -9999.000 0.1610368 0.1572274 0.1570434 0.1575995 0.1584577 0.1594321 0.1604193 0.1613729 0.1623234 0.1634045 0.1648941 0.1672834 0.1714099 0.1784112 0.1778256 0.1778256 -9999.000 -9999.000 -9999.000 -9999.000 -9999.000 -9999.000 -9999.000 -9999.000 -9999.000 -9999.000 -9999.000 -9999.000 -9999.000 -9999.000 -9999.000 -9999.000 -9999.000 -9999.000 -9999.000 -9999.000 -9999.000 -9999.000 -9999.000 -9999.000 -9999.000 -9999.000 -9999.000 -9999.000 -9999.000
-9999.000 -9999.000 -9999.000 -9999.000 -9999.000 -9999.000 -9999.000 -9999.000 -9999.000 -9999.000 -9999.000 -9999.000 -9999.000 -9999.000 -9999.000 0.1568406 0.1516430 0.1514180 0.1522782 0.1536058 0.1551334 0.1567104 0.1582677 0.1598467 0.1616371 0.1640332 0.1677301 0.1739074 0.1841620 0.1846749 0.1846749 -9999.000 -9999.000 -9999.000 -9999.000 -9999.000 -9999.000 -9999.000 -9999.000 -9999.000 -9999.000 -9999.000 -9999.000 -9999.000 -9999.000 -9999.000 -9999.000 -9999.000 -9999.000 -9999.000 -9999.000 -9999.000 -9999.000 -9999.000 -9999.000 -9999.000 -9999.000 -9999.000 -9999.000 -9999.000
-9999.000 -9999.000 -9999.000 -9999.000 -9999.000 -9999.000 -9999.000 -9999.000 -9999.000 -9999.000 -9999.000 -9999.000 -9999.000 -9999.000 -9999.000 0.1520520 0.1455039 0.1452624 0.1464797 0.1483483 0.1505132 0.1527727 0.1550325 0.1573448 0.1599581 0.1633910 0.1685589 0.1770164 0.1908907 0.1932607 0.1932607 -9999.000 -9999.000 -9999.000 -9999.000 -9999.000 -9999.000 -9999.000 -9999.000 -9999.000 -9999.000 -9999.000 -9999.000 -9999.000 -9999.000 -9999.000 -9999.000 -9999.000 -9999.000 -9999.000 -9999.000 -9999.000 -9999.000 -9999.000 -9999.000 -9999.000 -9999.000 -9999.000 -9999.000 -9999.000
-9999.000 -9999.000 -9999.000 -9999.000 -9999.000 -9999.000 -9999.000 -9999.000 -9999.000 -9999.000 -9999.000 -9999.000 -9999.000 -9999.000 -9999.000 0.1467264 0.1388812 0.1386468 0.1402692 0.1427429 0.1456182 0.1486381 0.1516812 0.1548108 0.1583387 0.1629183 0.1697053 0.1806723 0.1985716 0.2036870 0.2036870 -9999.000 -9999.000 -9999.000 -9999.000 -9999.000 -9999.000 -9999.000 -9999.000 -9999.000 -9999.000 -9999.000 -9999.000 -9999.000 -9999.000 -9999.000 -9999.000 -9999.000 -9999.000 -9999.000 -9999.000 -9999.000 -9999.000 -9999.000 -9999.000 -9999.000 -9999.000 -9999.000 -9999.000 -9999.000
-9999.000 -9999.000 -9999.000 -9999.000 -9999.000 -9999.000 -9999.000 -9999.000 -9999.000 -9999.000 -9999.000 -9999.000 -9999.000 -9999.000 -9999.000 0.1408720 0.1318085 0.1316082 0.1336840 0.1368246 0.1404782 0.1443285 0.1482252 0.1522435 0.1567644 0.1625882 0.1711367 0.1848529 0.2072407 0.2161860 0.2161860 -9999.000 -9999.000 -9999.000 -9999.000 -9999.000 -9999.000 -9999.000 -9999.000 -9999.000 -9999.000 -9999.000 -9999.000 -9999.000 -9999.000 -9999.000 -9999.000 -9999.000 -9999.000 -9999.000 -9999.000 -9999.000 -9999.000 -9999.000 -9999.000 -9999.000 -9999.000 -9999.000 -9999.000 -9999.000
-9999.000 -9999.000 -9999.000 -9999.000 -9999.000 -9999.000 -9999.000 -9999.000 -9999.000 -9999.000 -9999.000 -9999.000 -9999.000 -9999.000 -9999.000 0.1344602 0.1242921 0.1241605 0.1267429 0.1306149 0.1351151 0.1398631 0.1446778 0.1496487 0.1552331 0.1623922 0.1728435 0.1895664 0.2169825 0.2311284 0.2311284 -9999.000 -9999.000 -9999.000 -9999.000 -9999.000 -9999.000 -9999.000 -9999.000 -9999.000 -9999.000 -9999.000 -9999.000 -9999.000 -9999.000 -9999.000 -9999.000 -9999.000 -9999.000 -9999.000 -9999.000 -9999.000 -9999.000 -9999.000 -9999.000 -9999.000 -9999.000 -9999.000 -9999.000 -9999.000
-9999.000 -9999.000 -9999.000 -9999.000 -9999.000 -9999.000 -9999.000 -9999.000 -9999.000 -9999.000 -9999.000 -9999.000 -9999.000 -9999.000 -9999.000 0.1274338 0.1163184 0.1163024 0.1194550 0.1241308 0.1295498 0.1352640 0.1410602 0.1470442 0.1537575 0.1623390 0.1748368 0.1948469 0.2279270 0.2490620 0.2490620 -9999.000 -9999.000 -9999.000 -9999.000 -9999.000 -9999.000 -9999.000 -9999.000 -9999.000 -9999.000 -9999.000 -9999.000 -9999.000 -9999.000 -9999.000 -9999.000 -9999.000 -9999.000 -9999.000 -9999.000 -9999.000 -9999.000 -9999.000 -9999.000 -9999.000 -9999.000 -9999.000 -9999.000 -9999.000
-9999.000 -9999.000 -9999.000 -9999.000 -9999.000 -9999.000 -9999.000 -9999.000 -9999.000 -9999.000 -9999.000 -9999.000 -9999.000 -9999.000 -9999.000 0.1197106 0.1078590 0.1080263 0.1118302 0.1173960 0.1238154 0.1305689 0.1374122 0.1444693 0.1523755 0.1624643 0.1771540 0.2007568 0.2402542 0.2707860 0.2707860 -9999.000 -9999.000 -9999.000 -9999.000 -9999.000 -9999.000 -9999.000 -9999.000 -9999.000 -9999.000 -9999.000 -9999.000 -9999.000 -9999.000 -9999.000 -9999.000 -9999.000 -9999.000 -9999.000 -9999.000 -9999.000 -9999.000 -9999.000 -9999.000 -9999.000 -9999.000 -9999.000 -9999.000 -9999.000
-9999.000 -9999.000 -9999.000 -9999.000 -9999.000 -9999.000 -9999.000 -9999.000 -9999.000 -9999.000 -9999.000 -9999.000 -9999.000 -9999.000 -9999.000 0.1111827 0.9887370E-01 0.9932515E-01 0.1038927 0.1104581 0.1179755 0.1258515 0.1338136 0.1420081 0.1511728 0.1628524 0.1798780 0.2074001 0.2542063 0.2974876 0.2974876 -9999.000 -9999.000 -9999.000 -9999.000 -9999.000 -9999.000 -9999.000 -9999.000 -9999.000 -9999.000 -9999.000 -9999.000 -9999.000 -9999.000 -9999.000 -9999.000 -9999.000 -9999.000 -9999.000 -9999.000 -9999.000 -9999.000 -9999.000 -9999.000 -9999.000 -9999.000 -9999.000 -9999.000 -9999.000
-9999.000 -9999.000 -9999.000 -9999.000 -9999.000 -9999.000 -9999.000 -9999.000 -9999.000 -9999.000 -9999.000 -9999.000 -9999.000 -9999.000 -9999.000 0.1017075 0.8930922E-01 0.9020491E-01 0.9570321E-01 0.1034194 0.1121602 0.1212616 0.1304296 0.1398380 0.1503355 0.1636895 0.1831856 0.2149582 0.2701139 0.3309915 0.3309915 -9999.000 -9999.000 -9999.000 -9999.000 -9999.000 -9999.000 -9999.000 -9999.000 -9999.000 -9999.000 -9999.000 -9999.000 -9999.000 -9999.000 -9999.000 -9999.000 -9999.000 -9999.000 -9999.000 -9999.000 -9999.000 -9999.000 -9999.000 -9999.000 -9999.000 -9999.000 -9999.000 -9999.000 -9999.000
-9999.000 -9999.000 -9999.000 -9999.000 -9999.000 -9999.000 -9999.000 -9999.000 -9999.000 -9999.000 -9999.000 -9999.000 -9999.000 -9999.000 -9999.000 0.9108846E-01 0.7909898E-01 0.8071042E-01 0.8740806E-01 0.9650015E-01 0.1066412 0.1171102 0.1276066 0.1383394 0.1502714 0.1653920 0.1874690 0.2237856 0.2884558 0.3742489 0.3742489 -9999.000 -9999.000 -9999.000 -9999.000 -9999.000 -9999.000 -9999.000 -9999.000 -9999.000 -9999.000 -9999.000 -9999.000 -9999.000 -9999.000 -9999.000 -9999.000 -9999.000 -9999.000 -9999.000 -9999.000 -9999.000 -9999.000 -9999.000 -9999.000 -9999.000 -9999.000 -9999.000 -9999.000 -9999.000
-9999.000 -9999.000 -9999.000 -9999.000 -9999.000 -9999.000 -9999.000 -9999.000 -9999.000 -9999.000 -9999.000 -9999.000 -9999.000 -9999.000 -9999.000 0.7899753E-01 0.6818634E-01 0.7107286E-01 0.7947750E-01 0.9033044E-01 0.1021563 0.1142175 0.1262396 0.1384807 0.1520125 0.1690165 0.1937258 0.2347253 0.3100472 0.4324180 0.4324180 -9999.000 -9999.000 -9999.000 -9999.000 -9999.000 -9999.000 -9999.000 -9999.000 -9999.000 -9999.000 -9999.000 -9999.000 -9999.000 -9999.000 -9999.000 -9999.000 -9999.000 -9999.000 -9999.000 -9999.000 -9999.000 -9999.000 -9999.000 -9999.000 -9999.000 -9999.000 -9999.000 -9999.000 -9999.000
-9999.000 -9999.000 -9999.000 -9999.000 -9999.000 -9999.000 -9999.000 -9999.000 -9999.000 -9999.000 -9999.000 -9999.000 -9999.000 -9999.000 -9999.000 0.6195934E-01 0.6351382E-01 0.7537296E-01 0.8941416E-01 0.1033164 0.1165489 0.1290494 0.1409724 0.1528180 0.1658088 0.1823082 0.2070944 0.2505052 0.3360602 0.5129864 0.5129864 -9999.000 -9999.000 -9999.000 -9999.000 -9999.000 -9999.000 -9999.000 -9999.000 -9999.000 -9999.000 -9999.000 -9999.000 -9999.000 -9999.000 -9999.000 -9999.000 -9999.000 -9999.000 -9999.000 -9999.000 -9999.000 -9999.000 -9999.000 -9999.000 -9999.000 -9999.000 -9999.000 -9999.000 -9999.000
2.006081 2.006081 2.069862 2.105826 2.114613 2.114613 2.120760 2.128368 2.128368 2.132024 2.132024 2.133113 2.132939 2.132365 2.125439 2.125439 1.775885 1.723253 1.664575 1.595438 1.515184 1.424463 1.324905 1.219270 1.111801 1.008928 0.9206206 0.8632241 0.8672026 1.002096 1.002096 1.784802 1.932017 1.948286 1.927099 1.927099 1.863668 1.863668 1.715886 1.715886 1.415026 1.167736 1.167736 1.118577 1.118577 1.149841 1.149841 1.149841 1.201075 1.201075 1.250929 1.250929 1.303704 1.303704 1.341338 1.341338 1.369456 1.369456 1.369456 1.387885
2.023118 2.023118 2.093245 2.145404 2.162927 2.162927 2.177899 2.203180 2.203180 2.224408 2.224408 2.242926 2.251417 2.259478 2.264439 2.264439 2.041194 2.017353 2.004156 1.984852 1.955511 1.914630 1.861436 1.796155 1.720534 1.637902 1.554561 1.482070 1.443011 1.488426 1.488426 1.968596 2.119208 2.225349 2.241445 2.241445 2.229489 2.229489 2.155895 2.155895 2.008350 1.713202 1.713202 1.659016 1.659016 1.693005 1.693005 1.693005 1.741821 1.741821 1.778680 1.778680 1.835911 1.835911 1.875873 1.875873 1.908206 1.908206 1.908206 1.932914
2.027083 2.027083 2.095104 2.145896 2.163415 2.163415 2.178511 2.204200 2.204200 2.225929 2.225929 2.245015 2.253817 2.262208 2.268509 2.268509 2.093608 2.067460 2.070306 2.074329 2.072519 2.063073 2.044669 2.015989 1.978099 1.932453 1.882987 1.837210 1.809429 1.836428 1.836428 2.169997 2.303807 2.430322 2.456915 2.456915 2.458344 2.458344 2.399891 2.399891 2.318634 2.097023 2.097023 2.006162 2.006162 2.025110 2.025110 2.025110 2.064865 2.064865 2.101133 2.101133 2.142484 2.142484 2.175089 2.175089 2.201040 2.201040 2.201040 2.220679
2.030113 2.030113 2.096712 2.146040 2.163402 2.163402 2.178460 2.204177 2.204177 2.225944 2.225944 2.245049 2.253856 2.262253 2.269145 2.269145 2.130737 2.095630 2.100141 2.112814 2.122401 2.126544 2.124347 2.115162 2.099421 2.077848 2.052714 2.028969 2.016510 2.040420 2.040420 2.282434 2.397821 2.520148 2.545747 2.545747 2.544794 2.544794 2.494858 2.494858 2.446523 2.292191 2.292191 2.186594 2.186594 2.188929 2.188929 2.188929 2.223178 2.223178 2.256348 2.256348 2.291437 2.291437 2.320800 2.320800 2.343990 2.343990 2.343990 2.361093
2.032346 2.032346 2.098072 2.146161 2.163369 2.163369 2.178389 2.204138 2.204138 2.225939 2.225939 2.245052 2.253859 2.262253 2.269532 2.269532 2.166760 2.127908 2.129723 2.145736 2.161084 2.171930 2.177320 2.177049 2.171759 2.162394 2.150904 2.141154 2.140439 2.166466 2.166466 2.336290 2.438873 2.544188 2.560116 2.560116 2.546695 2.546695 2.509719 2.509719 2.485497 2.397903 2.397903 2.302924 2.302924 2.283010 2.283010 2.283010 2.310816 2.310816 2.341167 2.341167 2.372434 2.372434 2.399265 2.399265 2.420222 2.420222 2.420222 2.435315
2.033875 2.033875 2.099099 2.146256 2.163335 2.163335 2.178323 2.204102 2.204102 2.225935 2.225935 2.245057 2.253862 2.262255 2.269789 2.269789 2.200412 2.165582 2.164936 2.181802 2.200591 2.215724 2.225615 2.230041 2.229711 2.225846 2.220497 2.217194 2.221799 2.246468 2.246468 2.366531 2.450703 2.520580 2.520534 2.520534 2.498394 2.498394 2.485737 2.485737 2.482579 2.451516 2.451516 2.386166 2.386166 2.348898 2.348898 2.348898 2.367671 2.367671 2.393605 2.393605 2.421041 2.421041 2.444961 2.444961 2.463504 2.463504 2.463504 2.476619
2.034764 2.034764 2.099737 2.146318 2.163310 2.163310 2.178276 2.204077 2.204077 2.225932 2.225932 2.245061 2.253866 2.262257 2.269960 2.269960 2.231115 2.206908 2.206705 2.223390 2.244034 2.262112 2.275224 2.282776 2.285268 2.283925 2.280832 2.279368 2.284486 2.303638 2.303638 2.383052 2.437810 2.451609 2.437561 2.437561 2.425563 2.425563 2.446546 2.446546 2.461086 2.471972 2.471972 2.442539 2.442539 2.401401 2.401401 2.401401 2.410281 2.410281 2.429929 2.429929 2.452535 2.452535 2.472830 2.472830 2.488571 2.488571 2.488571 2.499558
2.035056 2.035056 2.099953 2.146339 2.163301 2.163301 2.178259 2.204068 2.204068 2.225933 2.225933 2.245063 2.253868 2.262259 2.270073 2.270073 2.259815 2.250501 2.254709 2.271611 2.292951 2.312734 2.328064 2.337883 2.342310 2.342327 2.339839 2.337969 2.340696 2.349745 2.349745 2.385312 2.391411 2.341544 2.328216 2.328216 2.349396 2.349396 2.404249 2.404249 2.432128 2.471859 2.471859 2.474829 2.474829 2.444158 2.444158 2.444158 2.445291 2.445291 2.457701 2.457701 2.474379 2.474379 2.490119 2.490119 2.502421 2.502421 2.502421 2.510996
2.034764 2.034764 2.099736 2.146318 2.163310 2.163310 2.178276 2.204077 2.204077 2.225932 2.225932 2.245061 2.253866 2.262257 2.270146 2.270146 2.288565 2.296188 2.308360 2.326966 2.348486 2.368807 2.385235 2.396441 2.402157 2.402985 2.400476 2.397294 2.395721 2.386998 2.386998 2.359155 2.292588 2.209230 2.216590 2.216590 2.281602 2.281602 2.363133 2.363133 2.400355 2.459565 2.459565 2.487698 2.487698 2.476713 2.476713 2.476713 2.474404 2.474404 2.480115 2.480115 2.490132 2.490132 2.500370 2.500370 2.508545 2.508545 2.508545 2.514424
2.033875 2.033875 2.099099 2.146256 2.163335 2.163335 2.178323 2.204102 2.204102 2.225935 2.225935 2.245057 2.253863 2.262255 2.270193 2.270193 2.320261 2.345220 2.367555 2.389629 2.411457 2.431405 2.447736 2.459256 2.465466 2.466598 2.463753 2.458878 2.450428 2.405486 2.405486 2.272481 2.130331 2.083512 2.120086 2.120086 2.223616 2.223616 2.323593 2.323593 2.367345 2.439994 2.439994 2.486246 2.486246 2.497783 2.497783 2.497783 2.496621 2.496621 2.497452 2.497452 2.500793 2.500793 2.504877 2.504877 2.508380 2.508380 2.508380 2.511377
2.032346 2.032346 2.098071 2.146161 2.163369 2.163369 2.178389 2.204138 2.204138 2.225939 2.225939 2.245052 2.253859 2.262253 2.270224 2.270224 2.358702 2.400258 2.433237 2.459914 2.482417 2.501385 2.516486 2.527105 2.532792 2.533532 2.529989 2.522917 2.500273 2.371577 2.371577 2.088428 1.935120 1.979954 2.035675 2.035675 2.170811 2.170811 2.283693 2.283693 2.332396 2.414831 2.414831 2.473827 2.473827 2.506304 2.506304 2.506304 2.509613 2.509613 2.507903 2.507903 2.505331 2.505331 2.503151 2.503151 2.501777 2.501777 2.501777 2.501909
2.030113 2.030113 2.096712 2.146040 2.163402 2.163402 2.178459 2.204177 2.204177 2.225944 2.225944 2.245049 2.253856 2.262252 2.270245 2.270245 2.409061 2.465460 2.507756 2.538810 2.561929 2.579377 2.592217 2.600685 2.604669 2.604103 2.599310 2.588268 2.525289 2.207866 2.207866 1.817600 1.775453 1.891883 1.966031 1.966031 2.119572 2.119572 2.242430 2.242430 2.295292 2.384951 2.384951 2.452712 2.452712 2.502230 2.502230 2.502230 2.511408 2.511408 2.509165 2.509165 2.501937 2.501937 2.493990 2.493990 2.487988 2.487988 2.487988 2.485522
