simulation_files/asc/Velocity__y_168.0.asc
NCOLS        79
NROWS        79
XLLCENTER         -1.500000
YLLCENTER         -4.800000
CELLSIZE           0.100
NODATA_VALUE     -9999.0
[rows 0 to 26 of 79, columns 0 to 58 of 79]
-9999.000 -9999.000 -9999.000 -9999.000 -9999.000 -9999.000 -9999.000 -9999.000 -9999.000 -9999.000 -9999.000 -9999.000 -9999.000 -9999.000 -9999.000 -0.1017582 -0.1001358 -0.9987291E-01 -0.1000563 -0.1004223 -0.1008748 -0.1013789 -0.1018744 -0.1023228 -0.1027383 -0.1031143 -0.1034884 -0.1040469 -0.1053757 -0.1065694 -0.1065694 -9999.000 -9999.000 -9999.000 -9999.000 -9999.000 -9999.000 -9999.000 -9999.000 -9999.000 -9999.000 -9999.000 -9999.000 -9999.000 -9999.000 -9999.000 -9999.000 -9999.000 -9999.000 -9999.000 -9999.000 -9999.000 -9999.000 -9999.000 -9999.000 -9999.000 -9999.000 -9999.000 -9999.000
-9999.000 -9999.000 -9999.000 -9999.000 -9999.000 -9999.000 -9999.000 -9999.000 -9999.000 -9999.000 -9999.000 -9999.000 -9999.000 -9999.000 -9999.000 -0.9970450E-01 -0.9638708E-01 -0.9583940E-01 -0.9626901E-01 -0.9711777E-01 -0.9817712E-01 -0.9936738E-01 -0.1005546 -0.1016505 -0.1026810 -0.1036280 -0.1045676 -0.1058870 -0.1088075 -0.1117491 -0.1117491 -9999.000 -9999.000 -9999.000 -9999.000 -9999.000 -9999.000 -9999.000 -9999.000 -9999.000 -9999.000 -9999.000 -9999.000 -9999.000 -9999.000 -9999.000 -9999.000 -9999.000 -9999.000 -9999.000 -9999.000 -9999.000 -9999.000 -9999.000 -9999.000 -9999.000 -9999.000 -9999.000 -9999.000
-9999.000 -9999.000 -9999.000 -9999.000 -9999.000 -9999.000 -9999.000 -9999.000 -9999.000 -9999.000 -9999.000 -9999.000 -9999.000 -9999.000 -9999.000 -0.9613532E-01 -0.9108978E-01 -0.9025055E-01 -0.9104721E-01 -0.9258050E-01 -0.9450633E-01 -0.9668448E-01 -0.9888767E-01 -0.1009603 -0.1029344 -0.1047700 -0.1065801 -0.1089764 -0.1139015 -0.1193427 -0.1193427 -9999.000 -9999.000 -9999.000 -9999.000 -9999.000 -9999.000 -9999.000 -9999.000 -9999.000 -9999.000 -9999.000 -9999.000 -9999.000 -9999.000 -9999.000 -9999.000 -9999.000 -9999.000 -9999.000 -9999.000 -9999.000 -9999.000 -9999.000 -9999.000 -9999.000 -9999.000 -9999.000 -9999.000
-9999.000 -9999.000 -9999.000 -9999.000 -9999.000 -9999.000 -9999.000 -9999.000 -9999.000 -9999.000 -9999.000 -9999.000 -9999.000 -9999.000 -9999.000 -0.9190382E-01 -0.8523220E-01 -0.8412459E-01 -0.8534908E-01 -0.8764994E-01 -0.9054126E-01 -0.9382015E-01 -0.9715983E-01 -0.1003311 -0.1033706 -0.1062100 -0.1089961 -0.1125721 -0.1196406 -0.1281005 -0.1281005 -9999.000 -9999.000 -9999.000 -9999.000 -9999.000 -9999.000 -9999.000 -9999.000 -9999.000 -9999.000 -9999.000 -9999.000 -9999.000 -9999.000 -9999.000 -9999.000 -9999.000 -9999.000 -9999.000 -9999.000 -9999.000 -9999.000 -9999.000 -9999.000 -9999.000 -9999.000 -9999.000 -9999.000
-9999.000 -9999.000 -9999.000 -9999.000 -9999.000 -9999.000 -9999.000 -9999.000 -9999.000 -9999.000 -9999.000 -9999.000 -9999.000 -9999.000 -9999.000 -0.8724029E-01 -0.7900129E-01 -0.7762942E-01 -0.7931991E-01 -0.8244322E-01 -0.8636494E-01 -0.9081852E-01 -0.9537282E-01 -0.9971911E-01 -0.1039007 -0.1078167 -0.1116483 -0.1164827 -0.1258320 -0.1378682 -0.1378682 -9999.000 -9999.000 -9999.000 -9999.000 -9999.000 -9999.000 -9999.000 -9999.000 -9999.000 -9999.000 -9999.000 -9999.000 -9999.000 -9999.000 -9999.000 -9999.000 -9999.000 -9999.000 -9999.000 -9999.000 -9999.000 -9999.000 -9999.000 -9999.000 -9999.000 -9999.000 -9999.000 -9999.000
-9999.000 -9999.000 -9999.000 -9999.000 -9999.000 -9999.000 -9999.000 -9999.000 -9999.000 -9999.000 -9999.000 -9999.000 -9999.000 -9999.000 -9999.000 -0.8224216E-01 -0.7247861E-01 -0.7083841E-01 -0.7302268E-01 -0.7700982E-01 -0.8201090E-01 -0.8769448E-01 -0.9352086E-01 -0.9909682E-01 -0.1044763 -0.1095219 -0.1144521 -0.1206145 -0.1323915 -0.1486473 -0.1486473 -9999.000 -9999.000 -9999.000 -9999.000 -9999.000 -9999.000 -9999.000 -9999.000 -9999.000 -9999.000 -9999.000 -9999.000 -9999.000 -9999.000 -9999.000 -9999.000 -9999.000 -9999.000 -9999.000 -9999.000 -9999.000 -9999.000 -9999.000 -9999.000 -9999.000 -9999.000 -9999.000 -9999.000
-9999.000 -9999.000 -9999.000 -9999.000 -9999.000 -9999.000 -9999.000 -9999.000 -9999.000 -9999.000 -9999.000 -9999.000 -9999.000 -9999.000 -9999.000 -0.7694145E-01 -0.6569260E-01 -0.6377611E-01 -0.6647854E-01 -0.7136554E-01 -0.7748733E-01 -0.8444835E-01 -0.9159497E-01 -0.9844442E-01 -0.1050678 -0.1112861 -0.1173599 -0.1249183 -0.1392877 -0.1605354 -0.1605354 -9999.000 -9999.000 -9999.000 -9999.000 -9999.000 -9999.000 -9999.000 -9999.000 -9999.000 -9999.000 -9999.000 -9999.000 -9999.000 -9999.000 -9999.000 -9999.000 -9999.000 -9999.000 -9999.000 -9999.000 -9999.000 -9999.000 -9999.000 -9999.000 -9999.000 -9999.000 -9999.000 -9999.000
-9999.000 -9999.000 -9999.000 -9999.000 -9999.000 -9999.000 -9999.000 -9999.000 -9999.000 -9999.000 -9999.000 -9999.000 -9999.000 -9999.000 -9999.000 -0.7133591E-01 -0.5864423E-01 -0.5644204E-01 -0.5968703E-01 -0.6550815E-01 -0.7278962E-01 -0.8107169E-01 -0.8958256E-01 -0.9774335E-01 -0.1056514 -0.1130807 -0.1203392 -0.1293638 -0.1465140 -0.1737038 -0.1737038 -9999.000 -9999.000 -9999.000 -9999.000 -9999.000 -9999.000 -9999.000 -9999.000 -9999.000 -9999.000 -9999.000 -9999.000 -9999.000 -9999.000 -9999.000 -9999.000 -9999.000 -9999.000 -9999.000 -9999.000 -9999.000 -9999.000 -9999.000 -9999.000 -9999.000 -9999.000 -9999.000 -9999.000
-9999.000 -9999.000 -9999.000 -9999.000 -9999.000 -9999.000 -9999.000 -9999.000 -9999.000 -9999.000 -9999.000 -9999.000 -9999.000 -9999.000 -9999.000 -0.6540463E-01 -0.5131860E-01 -0.4882146E-01 -0.5263476E-01 -0.5942507E-01 -0.6790392E-01 -0.7754982E-01 -0.8746666E-01 -0.9697275E-01 -0.1062035 -0.1148781 -0.1233604 -0.1339256 -0.1540749 -0.1883979 -0.1883979 -9999.000 -9999.000 -9999.000 -9999.000 -9999.000 -9999.000 -9999.000 -9999.000 -9999.000 -9999.000 -9999.000 -9999.000 -9999.000 -9999.000 -9999.000 -9999.000 -9999.000 -9999.000 -9999.000 -9999.000 -9999.000 -9999.000 -9999.000 -9999.000 -9999.000 -9999.000 -9999.000 -9999.000
-9999.000 -9999.000 -9999.000 -9999.000 -9999.000 -9999.000 -9999.000 -9999.000 -9999.000 -9999.000 -9999.000 -9999.000 -9999.000 -9999.000 -9999.000 -0.5911381E-01 -0.4368971E-01 -0.4088939E-01 -0.4529927E-01 -0.5309504E-01 -0.6280923E-01 -0.7386150E-01 -0.8522476E-01 -0.9610655E-01 -0.1066954 -0.1166472 -0.1263902 -0.1385765 -0.1619785 -0.2049499 -0.2049499 -9999.000 -9999.000 -9999.000 -9999.000 -9999.000 -9999.000 -9999.000 -9999.000 -9999.000 -9999.000 -9999.000 -9999.000 -9999.000 -9999.000 -9999.000 -9999.000 -9999.000 -9999.000 -9999.000 -9999.000 -9999.000 -9999.000 -9999.000 -9999.000 -9999.000 -9999.000 -9999.000 -9999.000
-9999.000 -9999.000 -9999.000 -9999.000 -9999.000 -9999.000 -9999.000 -9999.000 -9999.000 -9999.000 -9999.000 -9999.000 -9999.000 -9999.000 -9999.000 -0.5241784E-01 -0.3572154E-01 -0.3261098E-01 -0.3764947E-01 -0.4648845E-01 -0.5747635E-01 -0.6997784E-01 -0.8282682E-01 -0.9511096E-01 -0.1070909 -0.1183466 -0.1293843 -0.1432793 -0.1702306 -0.2238105 -0.2238105 -9999.000 -9999.000 -9999.000 -9999.000 -9999.000 -9999.000 -9999.000 -9999.000 -9999.000 -9999.000 -9999.000 -9999.000 -9999.000 -9999.000 -9999.000 -9999.000 -9999.000 -9999.000 -9999.000 -9999.000 -9999.000 -9999.000 -9999.000 -9999.000 -9999.000 -9999.000 -9999.000 -9999.000
-9999.000 -9999.000 -9999.000 -9999.000 -9999.000 -9999.000 -9999.000 -9999.000 -9999.000 -9999.000 -9999.000 -9999.000 -9999.000 -9999.000 -9999.000 -0.4525809E-01 -0.2736649E-01 -0.2394065E-01 -0.2964389E-01 -0.3956615E-01 -0.5186657E-01 -0.6585958E-01 -0.8023217E-01 -0.9393996E-01 -0.1073401 -0.1199207 -0.1322820 -0.1479796 -0.1788274 -0.2456000 -0.2456000 -9999.000 -9999.000 -9999.000 -9999.000 -9999.000 -9999.000 -9999.000 -9999.000 -9999.000 -9999.000 -9999.000 -9999.000 -9999.000 -9999.000 -9999.000 -9999.000 -9999.000 -9999.000 -9999.000 -9999.000 -9999.000 -9999.000 -9999.000 -9999.000 -9999.000 -9999.000 -9999.000 -9999.000
-9999.000 -9999.000 -9999.000 -9999.000 -9999.000 -9999.000 -9999.000 -9999.000 -9999.000 -9999.000 -9999.000 -9999.000 -9999.000 -9999.000 -9999.000 -0.3755773E-01 -0.1856057E-01 -0.1481703E-01 -0.2122672E-01 -0.3227476E-01 -0.4592678E-01 -0.6145398E-01 -0.7738452E-01 -0.9252953E-01 -0.1073730 -0.1212904 -0.1349958 -0.1525952 -0.1877472 -0.2711920 -0.2711920 -9999.000 -9999.000 -9999.000 -9999.000 -9999.000 -9999.000 -9999.000 -9999.000 -9999.000 -9999.000 -9999.000 -9999.000 -9999.000 -9999.000 -9999.000 -9999.000 -9999.000 -9999.000 -9999.000 -9999.000 -9999.000 -9999.000 -9999.000 -9999.000 -9999.000 -9999.000 -9999.000 -9999.000
-9999.000 -9999.000 -9999.000 -9999.000 -9999.000 -9999.000 -9999.000 -9999.000 -9999.000 -9999.000 -9999.000 -9999.000 -9999.000 -9999.000 -9999.000 -0.2913480E-01 -0.9170925E-02 -0.5132794E-02 -0.1231635E-01 -0.2454801E-01 -0.3959753E-01 -0.5670284E-01 -0.7422087E-01 -0.9080365E-01 -0.1071019 -0.1223499 -0.1374031 -0.1570049 -0.1969405 -0.3018762 -0.3018762 -9999.000 -9999.000 -9999.000 -9999.000 -9999.000 -9999.000 -9999.000 -9999.000 -9999.000 -9999.000 -9999.000 -9999.000 -9999.000 -9999.000 -9999.000 -9999.000 -9999.000 -9999.000 -9999.000 -9999.000 -9999.000 -9999.000 -9999.000 -9999.000 -9999.000 -9999.000 -9999.000 -9999.000
-9999.000 -9999.000 -9999.000 -9999.000 -9999.000 -9999.000 -9999.000 -9999.000 -9999.000 -9999.000 -9999.000 -9999.000 -9999.000 -9999.000 -9999.000 -0.1903601E-02 0.6275593E-02 0.4175245E-02 -0.6322625E-02 -0.1986504E-01 -0.3621408E-01 -0.5463705E-01 -0.7336348E-01 -0.9093357E-01 -0.1082527 -0.1243972 -0.1404114 -0.1617458 -0.2065041 -0.3374273 -0.3374273 -9999.000 -9999.000 -9999.000 -9999.000 -9999.000 -9999.000 -9999.000 -9999.000 -9999.000 -9999.000 -9999.000 -9999.000 -9999.000 -9999.000 -9999.000 -9999.000 -9999.000 -9999.000 -9999.000 -9999.000 -9999.000 -9999.000 -9999.000 -9999.000 -9999.000 -9999.000 -9999.000 -9999.000
-0.3256928E-02 -0.3256928E-02 -0.5909367E-02 -0.6223222E-02 -0.6235558E-02 -0.6235558E-02 -0.6232588E-02 -0.6213853E-02 -0.6213853E-02 -0.6185165E-02 -0.6185165E-02 -0.6150021E-02 -0.6131125E-02 -0.6111725E-02 -0.6091732E-02 -0.6091732E-02 0.1468189E-01 0.1000679E-01 -0.2182388E-02 -0.1994567E-01 -0.4244251E-01 -0.6855586E-01 -0.9673332E-01 -0.1253326 -0.1534527 -0.1800585 -0.2047775 -0.2292890 -0.2613902 -0.3379455 -0.3379455 -0.1856734 -0.9875567E-01 -0.3369596E-01 -0.2526896E-01 -0.2526896E-01 -0.1905108E-01 -0.1905108E-01 -0.7477743E-02 -0.7477743E-02 0.2842269E-02 0.2472890E-01 0.2472890E-01 0.6982263E-02 0.6982263E-02 -0.3463497E-02 -0.3463497E-02 -0.3463497E-02 0.6275793E-03 0.6275793E-03 0.1436282E-02 0.1436282E-02 0.5407551E-03 0.5407551E-03 -0.7207588E-03 -0.7207588E-03 -0.1932849E-02 -0.1932849E-02 -0.1932849E-02
-0.4721146E-02 -0.4721146E-02 -0.8996564E-02 -0.8833640E-02 -0.8780865E-02 -0.8780865E-02 -0.8755788E-02 -0.8737657E-02 -0.8737657E-02 -0.8719032E-02 -0.8719032E-02 -0.8691007E-02 -0.8674855E-02 -0.8657946E-02 -0.8640114E-02 -0.8640114E-02 0.1108258E-01 0.6575999E-02 -0.7313301E-02 -0.3027528E-01 -0.6084672E-01 -0.9743462E-01 -0.1384737 -0.1823123 -0.2269599 -0.2708125 -0.3122183 -0.3494220 -0.3804276 -0.4032321 -0.4032321 -0.2720443 -0.1799189 -0.9310756E-01 -0.7613723E-01 -0.7613723E-01 -0.5383179E-01 -0.5383179E-01 -0.1403479E-01 -0.1403479E-01 0.1699984E-01 0.7953028E-01 0.7953028E-01 0.6613708E-01 0.6613708E-01 0.1381603E-01 0.1381603E-01 0.1381603E-01 0.7235925E-02 0.7235925E-02 0.2994608E-02 0.2994608E-02 -0.1062278E-02 -0.1062278E-02 -0.4611014E-02 -0.4611014E-02 -0.7372568E-02 -0.7372568E-02 -0.7372568E-02
-0.3694445E-02 -0.3694445E-02 -0.7569333E-02 -0.7481750E-02 -0.7405866E-02 -0.7405866E-02 -0.7374795E-02 -0.7374419E-02 -0.7374419E-02 -0.7383849E-02 -0.7383849E-02 -0.7382883E-02 -0.7380026E-02 -0.7376669E-02 -0.7372396E-02 -0.7372396E-02 0.5496167E-02 0.4201372E-03 -0.1414912E-01 -0.3802944E-01 -0.7013846E-01 -0.1091867 -0.1539192 -0.2030504 -0.2549909 -0.3082416 -0.3611666 -0.4117767 -0.4572681 -0.4908436 -0.4908436 -0.4049881 -0.3246185 -0.2148966 -0.1796555 -0.1796555 -0.1158655 -0.1158655 -0.2033955E-01 -0.2033955E-01 0.4199776E-01 0.1549979 0.1549979 0.1717119 0.1717119 0.6210533E-01 0.6210533E-01 0.6210533E-01 0.2489191E-01 0.2489191E-01 0.5486521E-02 0.5486521E-02 -0.6097738E-02 -0.6097738E-02 -0.1367172E-01 -0.1367172E-01 -0.1833810E-01 -0.1833810E-01 -0.1833810E-01
-0.3046050E-02 -0.3046050E-02 -0.5872761E-02 -0.6032069E-02 -0.5946442E-02 -0.5946442E-02 -0.5905021E-02 -0.5898132E-02 -0.5898132E-02 -0.5908176E-02 -0.5908176E-02 -0.5908779E-02 -0.5907011E-02 -0.5904830E-02 -0.5902137E-02 -0.5902137E-02 -0.2782319E-03 -0.7529775E-02 -0.2383797E-01 -0.4902631E-01 -0.8224232E-01 -0.1224135 -0.1684849 -0.2194335 -0.2740732 -0.3312237 -0.3895864 -0.4474881 -0.5023114 -0.5473626 -0.5473626 -0.5064809 -0.4488919 -0.3411923 -0.2924938 -0.2924938 -0.1777681 -0.1777681 -0.1319433E-01 -0.1319433E-01 0.7668822E-01 0.2168624 0.2168624 0.2514996 0.2514996 0.1186005 0.1186005 0.1186005 0.4959275E-01 0.4959275E-01 0.1019741E-01 0.1019741E-01 -0.1209045E-01 -0.1209045E-01 -0.2499796E-01 -0.2499796E-01 -0.3174550E-01 -0.3174550E-01 -0.3174550E-01
-0.2292427E-02 -0.2292427E-02 -0.4335646E-02 -0.4554389E-02 -0.4474486E-02 -0.4474486E-02 -0.4431862E-02 -0.4421727E-02 -0.4421727E-02 -0.4430537E-02 -0.4430537E-02 -0.4431386E-02 -0.4430167E-02 -0.4428681E-02 -0.4426791E-02 -0.4426791E-02 -0.6318725E-02 -0.1725367E-01 -0.3665338E-01 -0.6423048E-01 -0.9924144E-01 -0.1407858 -0.1879729 -0.2399581 -0.2958231 -0.3546345 -0.4153827 -0.4767690 -0.5366690 -0.5894962 -0.5894962 -0.5827422 -0.5491873 -0.4533131 -0.3914255 -0.3914255 -0.2139340 -0.2139340 0.1349713E-01 0.1349713E-01 0.1156091 0.2539703 0.2539703 0.2934247 0.2934247 0.1684532 0.1684532 0.1684532 0.7780733E-01 0.7780733E-01 0.1872597E-01 0.1872597E-01 -0.1603713E-01 -0.1603713E-01 -0.3553156E-01 -0.3553156E-01 -0.4485006E-01 -0.4485006E-01 -0.4485006E-01
-0.1520566E-02 -0.1520566E-02 -0.2864666E-02 -0.3052103E-02 -0.2990505E-02 -0.2990505E-02 -0.2956335E-02 -0.2946829E-02 -0.2946829E-02 -0.2953349E-02 -0.2953349E-02 -0.2954121E-02 -0.2953321E-02 -0.2952420E-02 -0.2951188E-02 -0.2951188E-02 -0.1306381E-01 -0.2910226E-01 -0.5303168E-01 -0.8426367E-01 -0.1220384 -0.1655740 -0.2141431 -0.2670821 -0.3237068 -0.3833071 -0.4451051 -0.5081016 -0.5706356 -0.6283023 -0.6283023 -0.6450735 -0.6317415 -0.5416970 -0.4574362 -0.4574362 -0.2060428 -0.2060428 0.5066701E-01 0.5066701E-01 0.1457842 0.2635585 0.2635585 0.3021219 0.3021219 0.2033799 0.2033799 0.2033799 0.1054426 0.1054426 0.3098984E-01 0.3098984E-01 -0.1647462E-01 -0.1647462E-01 -0.4356042E-01 -0.4356042E-01 -0.5608658E-01 -0.5608658E-01 -0.5608658E-01
-0.7567459E-03 -0.7567459E-03 -0.1425504E-02 -0.1530908E-02 -0.1497642E-02 -0.1497642E-02 -0.1478652E-02 -0.1473130E-02 -0.1473130E-02 -0.1476546E-02 -0.1476546E-02 -0.1477160E-02 -0.1476654E-02 -0.1476092E-02 -0.1475582E-02 -0.1475582E-02 -0.2119883E-01 -0.4380006E-01 -0.7376970E-01 -0.1100348 -0.1516951 -0.1980207 -0.2484294 -0.3024506 -0.3596415 -0.4195388 -0.4816092 -0.5451300 -0.6088332 -0.6692482 -0.6692482 -0.7011868 -0.7016146 -0.5934949 -0.4693870 -0.4693870 -0.1571583 -0.1571583 0.8040433E-01 0.8040433E-01 0.1568277 0.2501774 0.2501774 0.2873065 0.2873065 0.2202361 0.2202361 0.2202361 0.1280352 0.1280352 0.4535020E-01 0.4535020E-01 -0.1309651E-01 -0.1309651E-01 -0.4807569E-01 -0.4807569E-01 -0.6433697E-01 -0.6433697E-01 -0.6433697E-01
-0.5598148E-07 -0.5598148E-07 -0.1025014E-06 0.1848620E-06 0.9225352E-07 0.9225352E-07 -0.5573338E-07 0.6867432E-08 0.6867432E-08 -0.7918335E-07 -0.7918335E-07 -0.8296377E-07 0.1101701E-07 0.1295309E-06 0.3444000E-08 0.3444000E-08 -0.3171666E-01 -0.6254035E-01 -0.1001761 -0.1429288 -0.1896676 -0.2396624 -0.2924593 -0.3477854 -0.4054484 -0.4652581 -0.5269602 -0.5901272 -0.6538374 -0.7151421 -0.7151421 -0.7549291 -0.7585484 -0.5858877 -0.4124658 -0.4124658 -0.9435231E-01 -0.9435231E-01 0.9069267E-01 0.9069267E-01 0.1477938 0.2219672 0.2219672 0.2583469 0.2583469 0.2199170 0.2199170 0.2199170 0.1418853 0.1418853 0.5908820E-01 0.5908820E-01 -0.6614571E-02 -0.6614571E-02 -0.4862677E-01 -0.4862677E-01 -0.6873154E-01 -0.6873154E-01 -0.6873154E-01
0.7567260E-03 0.7567260E-03 0.1425371E-02 0.1531063E-02 0.1497763E-02 0.1497763E-02 0.1478660E-02 0.1473026E-02 0.1473026E-02 0.1476491E-02 0.1476491E-02 0.1476993E-02 0.1476679E-02 0.1476181E-02 0.1475576E-02 0.1475576E-02 -0.4609565E-01 -0.8718681E-01 -0.1342943 -0.1850360 -0.2380276 -0.2925362 -0.3482454 -0.4050930 -0.4631467 -0.5225062 -0.5832208 -0.6451783 -0.7077112 -0.7675338 -0.7675338 -0.8058518 -0.7912235 -0.4984736 -0.3033998 -0.3033998 -0.4723214E-01 -0.4723214E-01 0.8237098E-01 0.8237098E-01 0.1252790 0.1866206 0.1866206 0.2220884 0.2220884 0.2055738 0.2055738 0.2055738 0.1450095 0.1450095 0.6922556E-01 0.6922556E-01 0.1470065E-02 0.1470065E-02 -0.4531782E-01 -0.4531782E-01 -0.6867339E-01 -0.6867339E-01 -0.6867339E-01
0.1520654E-02 0.1520654E-02 0.2864755E-02 0.3052037E-02 0.2990580E-02 0.2990580E-02 0.2956229E-02 0.2946729E-02 0.2946729E-02 0.2953207E-02 0.2953207E-02 0.2954196E-02 0.2953237E-02 0.2952319E-02 0.2951042E-02 0.2951042E-02 -0.6665786E-01 -0.1206580 -0.1792741 -0.2394948 -0.2997722 -0.3594519 -0.4184150 -0.4768520 -0.5351120 -0.5935950 -0.6526638 -0.7125072 -0.7723967 -0.8261697 -0.8261697 -0.8438785 -0.7657195 -0.3512610 -0.1918813 -0.1918813 -0.2569431E-01 -0.2569431E-01 0.6380811E-01 0.6380811E-01 0.9738518E-01 0.1494360 0.1494360 0.1827960 0.1827960 0.1809741 0.1809741 0.1809741 0.1373559 0.1373559 0.7340357E-01 0.7340357E-01 0.9240386E-02 0.9240386E-02 -0.3877835E-01 -0.3877835E-01 -0.6391110E-01 -0.6391110E-01 -0.6391110E-01
0.2292527E-02 0.2292527E-02 0.4335814E-02 0.4554444E-02 0.4474372E-02 0.4474372E-02 0.4431855E-02 0.4421609E-02 0.4421609E-02 0.4430429E-02 0.4430429E-02 0.4431456E-02 0.4429980E-02 0.4428473E-02 0.4426635E-02 0.4426635E-02 -0.9728261E-01 -0.1676516 -0.2400237 -0.3110526 -0.3793012 -0.4443972 -0.5065553 -0.5663016 -0.6243085 -0.6812890 -0.7379177 -0.7945912 -0.8493031 -0.8840604 -0.8840604 -0.8317645 -0.6295708 -0.2099435 -0.1171467 -0.1171467 -0.2129855E-01 -0.2129855E-01 0.4289406E-01 0.4289406E-01 0.6964622E-01 0.1132678 0.1132678 0.1428996 0.1428996 0.1495809 0.1495809 0.1495809 0.1203874 0.1203874 0.7051478E-01 0.7051478E-01 0.1491876E-01 0.1491876E-01 -0.2999710E-01 -0.2999710E-01 -0.5459739E-01 -0.5459739E-01 -0.5459739E-01
0.3046209E-02 0.3046209E-02 0.5873059E-02 0.6032116E-02 0.5946556E-02 0.5946556E-02 0.5904994E-02 0.5898052E-02 0.5898052E-02 0.5908158E-02 0.5908158E-02 0.5908657E-02 0.5906858E-02 0.5904590E-02 0.5902139E-02 0.5902139E-02 -0.1449130 -0.2360722 -0.3244272 -0.4070685 -0.4832380 -0.5532182 -0.6177838 -0.6779252 -0.7346992 -0.7891499 -0.8422515 -0.8942128 -0.9365209 -0.9066949 -0.9066949 -0.6903570 -0.3901409 -0.1213125 -0.8013497E-01 -0.8013497E-01 -0.2233300E-01 -0.2233300E-01 0.2413286E-01 0.2413286E-01 0.4479644E-01 0.7947439E-01 0.7947439E-01 0.1038517 0.1038517 0.1142762 0.1142762 0.1142762 0.9640972E-01 0.9640972E-01 0.6084432E-01 0.6084432E-01 0.1741076E-01 0.1741076E-01 -0.2005781E-01 -0.2005781E-01 -0.4132775E-01 -0.4132775E-01 -0.4132775E-01
