simulation_files/asc/Velocity__x_133.0.asc
NCOLS        79
NROWS        79
XLLCENTER         -1.500000
YLLCENTER         -4.800000
CELLSIZE           0.100
NODATA_VALUE     -9999.0
[rows 0 to 25 of 79, columns 0 to 57 of 79]
-9999.000 -9999.000 -9999.000 -9999.000 -9999.000 -9999.000 -9999.000 -9999.000 -9999.000 -9999.000 -9999.000 -9999.000 -9999.000 -9999.000 -9999.000 0.1772356E-03 0.1256143E-02 0.3267965E-02 0.5249314E-02 0.7033711E-02 0.8531135E-02 0.9699945E-02 0.1053861E-01 0.1107370E-01 0.1134745E-01 0.1138502E-01 0.1109421E-01 0.1007176E-01 0.7265143E-02 0.3448363E-02 0.3448363E-02 -9999.000 -9999.000 -9999.000 -9999.000 -9999.000 -9999.000 -9999.000 -9999.000 -9999.000 -9999.000 -9999.000 -9999.000 -9999.000 -9999.000 -9999.000 -9999.000 -9999.000 -9999.000 -9999.000 -9999.000 -9999.000 -9999.000 -9999.000 -9999.000 -9999.000 -9999.000 -9999.000
-9999.000 -9999.000 -9999.000 -9999.000 -9999.000 -9999.000 -9999.000 -9999.000 -9999.000 -9999.000 -9999.000 -9999.000 -9999.000 -9999.000 -9999.000 0.1014116E-02 0.2999231E-02 0.5963123E-02 0.8865497E-02 0.1149593E-01 0.1371766E-01 0.1544677E-01 0.1664447E-01 0.1730349E-01 0.1743481E-01 0.1703341E-01 0.1598563E-01 0.1390208E-01 0.9840578E-02 0.4747682E-02 0.4747682E-02 -9999.000 -9999.000 -9999.000 -9999.000 -9999.000 -9999.000 -9999.000 -9999.000 -9999.000 -9999.000 -9999.000 -9999.000 -9999.000 -9999.000 -9999.000 -9999.000 -9999.000 -9999.000 -9999.000 -9999.000 -9999.000 -9999.000 -9999.000 -9999.000 -9999.000 -9999.000 -9999.000
-9999.000 -9999.000 -9999.000 -9999.000 -9999.000 -9999.000 -9999.000 -9999.000 -9999.000 -9999.000 -9999.000 -9999.000 -9999.000 -9999.000 -9999.000 0.1565057E-02 0.4182820E-02 0.7850249E-02 0.1140381E-01 0.1460663E-01 0.1729742E-01 0.1937144E-01 0.2077266E-01 0.2148270E-01 0.2150586E-01 0.2083650E-01 0.1936195E-01 0.1668607E-01 0.1182987E-01 0.5771518E-02 0.5771518E-02 -9999.000 -9999.000 -9999.000 -9999.000 -9999.000 -9999.000 -9999.000 -9999.000 -9999.000 -9999.000 -9999.000 -9999.000 -9999.000 -9999.000 -9999.000 -9999.000 -9999.000 -9999.000 -9999.000 -9999.000 -9999.000 -9999.000 -9999.000 -9999.000 -9999.000 -9999.000 -9999.000
-9999.000 -9999.000 -9999.000 -9999.000 -9999.000 -9999.000 -9999.000 -9999.000 -9999.000 -9999.000 -9999.000 -9999.000 -9999.000 -9999.000 -9999.000 0.1968081E-02 0.5050823E-02 0.9237158E-02 0.1327211E-01 0.1689812E-01 0.1993676E-01 0.2226932E-01 0.2383110E-01 0.2459866E-01 0.2457523E-01 0.2375655E-01 0.2202693E-01 0.1896955E-01 0.1354010E-01 0.6679398E-02 0.6679398E-02 -9999.000 -9999.000 -9999.000 -9999.000 -9999.000 -9999.000 -9999.000 -9999.000 -9999.000 -9999.000 -9999.000 -9999.000 -9999.000 -9999.000 -9999.000 -9999.000 -9999.000 -9999.000 -9999.000 -9999.000 -9999.000 -9999.000 -9999.000 -9999.000 -9999.000 -9999.000 -9999.000
-9999.000 -9999.000 -9999.000 -9999.000 -9999.000 -9999.000 -9999.000 -9999.000 -9999.000 -9999.000 -9999.000 -9999.000 -9999.000 -9999.000 -9999.000 0.2295485E-02 0.5753670E-02 0.1035691E-01 0.1478174E-01 0.1875515E-01 0.2208449E-01 0.2464167E-01 0.2635584E-01 0.2720089E-01 0.2717988E-01 0.2628958E-01 0.2440726E-01 0.2108606E-01 0.1519475E-01 0.7582583E-02 0.7582583E-02 -9999.000 -9999.000 -9999.000 -9999.000 -9999.000 -9999.000 -9999.000 -9999.000 -9999.000 -9999.000 -9999.000 -9999.000 -9999.000 -9999.000 -9999.000 -9999.000 -9999.000 -9999.000 -9999.000 -9999.000 -9999.000 -9999.000 -9999.000 -9999.000 -9999.000 -9999.000 -9999.000
-9999.000 -9999.000 -9999.000 -9999.000 -9999.000 -9999.000 -9999.000 -9999.000 -9999.000 -9999.000 -9999.000 -9999.000 -9999.000 -9999.000 -9999.000 0.2593040E-02 0.6387814E-02 0.1136100E-01 0.1613406E-01 0.2042193E-01 0.2402101E-01 0.2679472E-01 0.2866798E-01 0.2961336E-01 0.2963408E-01 0.2872694E-01 0.2675919E-01 0.2324522E-01 0.1694481E-01 0.8560014E-02 0.8560014E-02 -9999.000 -9999.000 -9999.000 -9999.000 -9999.000 -9999.000 -9999.000 -9999.000 -9999.000 -9999.000 -9999.000 -9999.000 -9999.000 -9999.000 -9999.000 -9999.000 -9999.000 -9999.000 -9999.000 -9999.000 -9999.000 -9999.000 -9999.000 -9999.000 -9999.000 -9999.000 -9999.000
-9999.000 -9999.000 -9999.000 -9999.000 -9999.000 -9999.000 -9999.000 -9999.000 -9999.000 -9999.000 -9999.000 -9999.000 -9999.000 -9999.000 -9999.000 0.2889970E-02 0.7014477E-02 0.1234416E-01 0.1745488E-01 0.2205173E-01 0.2592103E-01 0.2891950E-01 0.3096843E-01 0.3203960E-01 0.3213752E-01 0.3125869E-01 0.2925710E-01 0.2559863E-01 0.1891018E-01 0.9678761E-02 0.9678761E-02 -9999.000 -9999.000 -9999.000 -9999.000 -9999.000 -9999.000 -9999.000 -9999.000 -9999.000 -9999.000 -9999.000 -9999.000 -9999.000 -9999.000 -9999.000 -9999.000 -9999.000 -9999.000 -9999.000 -9999.000 -9999.000 -9999.000 -9999.000 -9999.000 -9999.000 -9999.000 -9999.000
-9999.000 -9999.000 -9999.000 -9999.000 -9999.000 -9999.000 -9999.000 -9999.000 -9999.000 -9999.000 -9999.000 -9999.000 -9999.000 -9999.000 -9999.000 0.3205053E-02 0.7673258E-02 0.1336839E-01 0.1882663E-01 0.2374516E-01 0.2790090E-01 0.3114429E-01 0.3339439E-01 0.3462311E-01 0.3483658E-01 0.3403075E-01 0.3204320E-01 0.2828117E-01 0.2120895E-01 0.1100939E-01 0.1100939E-01 -9999.000 -9999.000 -9999.000 -9999.000 -9999.000 -9999.000 -9999.000 -9999.000 -9999.000 -9999.000 -9999.000 -9999.000 -9999.000 -9999.000 -9999.000 -9999.000 -9999.000 -9999.000 -9999.000 -9999.000 -9999.000 -9999.000 -9999.000 -9999.000 -9999.000 -9999.000 -9999.000
-9999.000 -9999.000 -9999.000 -9999.000 -9999.000 -9999.000 -9999.000 -9999.000 -9999.000 -9999.000 -9999.000 -9999.000 -9999.000 -9999.000 -9999.000 0.3552356E-02 0.8393505E-02 0.1447954E-01 0.2031042E-01 0.2557776E-01 0.3004911E-01 0.3357009E-01 0.3605760E-01 0.3748530E-01 0.3786060E-01 0.3717986E-01 0.3526087E-01 0.3143933E-01 0.2398119E-01 0.1263960E-01 0.1263960E-01 -9999.000 -9999.000 -9999.000 -9999.000 -9999.000 -9999.000 -9999.000 -9999.000 -9999.000 -9999.000 -9999.000 -9999.000 -9999.000 -9999.000 -9999.000 -9999.000 -9999.000 -9999.000 -9999.000 -9999.000 -9999.000 -9999.000 -9999.000 -9999.000 -9999.000 -9999.000 -9999.000
-9999.000 -9999.000 -9999.000 -9999.000 -9999.000 -9999.000 -9999.000 -9999.000 -9999.000 -9999.000 -9999.000 -9999.000 -9999.000 -9999.000 -9999.000 0.3944039E-02 0.9200627E-02 0.1571761E-01 0.2196069E-01 0.2761788E-01 0.3244850E-01 0.3629314E-01 0.3906844E-01 0.4075051E-01 0.4134973E-01 0.4086228E-01 0.3908255E-01 0.3525868E-01 0.2741411E-01 0.1469002E-01 0.1469002E-01 -9999.000 -9999.000 -9999.000 -9999.000 -9999.000 -9999.000 -9999.000 -9999.000 -9999.000 -9999.000 -9999.000 -9999.000 -9999.000 -9999.000 -9999.000 -9999.000 -9999.000 -9999.000 -9999.000 -9999.000 -9999.000 -9999.000 -9999.000 -9999.000 -9999.000 -9999.000 -9999.000
-9999.000 -9999.000 -9999.000 -9999.000 -9999.000 -9999.000 -9999.000 -9999.000 -9999.000 -9999.000 -9999.000 -9999.000 -9999.000 -9999.000 -9999.000 0.4393762E-02 0.1012410E-01 0.1712885E-01 0.2384011E-01 0.2994459E-01 0.3519472E-01 0.3942728E-01 0.4255996E-01 0.4457315E-01 0.4548141E-01 0.4528240E-01 0.4374090E-01 0.3999892E-01 0.3178011E-01 0.1733958E-01 0.1733958E-01 -9999.000 -9999.000 -9999.000 -9999.000 -9999.000 -9999.000 -9999.000 -9999.000 -9999.000 -9999.000 -9999.000 -9999.000 -9999.000 -9999.000 -9999.000 -9999.000 -9999.000 -9999.000 -9999.000 -9999.000 -9999.000 -9999.000 -9999.000 -9999.000 -9999.000 -9999.000 -9999.000
-9999.000 -9999.000 -9999.000 -9999.000 -9999.000 -9999.000 -9999.000 -9999.000 -9999.000 -9999.000 -9999.000 -9999.000 -9999.000 -9999.000 -9999.000 0.4920026E-02 0.1120301E-01 0.1877516E-01 0.2603301E-01 0.3266530E-01 0.3841881E-01 0.4312889E-01 0.4671679E-01 0.4916961E-01 0.5050902E-01 0.5073543E-01 0.4957869E-01 0.4604958E-01 0.3749833E-01 0.2086687E-01 0.2086687E-01 -9999.000 -9999.000 -9999.000 -9999.000 -9999.000 -9999.000 -9999.000 -9999.000 -9999.000 -9999.000 -9999.000 -9999.000 -9999.000 -9999.000 -9999.000 -9999.000 -9999.000 -9999.000 -9999.000 -9999.000 -9999.000 -9999.000 -9999.000 -9999.000 -9999.000 -9999.000 -9999.000
-9999.000 -9999.000 -9999.000 -9999.000 -9999.000 -9999.000 -9999.000 -9999.000 -9999.000 -9999.000 -9999.000 -9999.000 -9999.000 -9999.000 -9999.000 0.5551488E-02 0.1249861E-01 0.2075276E-01 0.2867046E-01 0.3594621E-01 0.4232367E-01 0.4764009E-01 0.5182414E-01 0.5487514E-01 0.5682563E-01 0.5768324E-01 0.5713636E-01 0.5403243E-01 0.4525210E-01 0.2573047E-01 0.2573047E-01 -9999.000 -9999.000 -9999.000 -9999.000 -9999.000 -9999.000 -9999.000 -9999.000 -9999.000 -9999.000 -9999.000 -9999.000 -9999.000 -9999.000 -9999.000 -9999.000 -9999.000 -9999.000 -9999.000 -9999.000 -9999.000 -9999.000 -9999.000 -9999.000 -9999.000 -9999.000 -9999.000
-9999.000 -9999.000 -9999.000 -9999.000 -9999.000 -9999.000 -9999.000 -9999.000 -9999.000 -9999.000 -9999.000 -9999.000 -9999.000 -9999.000 -9999.000 0.6400703E-02 0.1423117E-01 0.2338651E-01 0.3216051E-01 0.4026093E-01 0.4743662E-01 0.5353713E-01 0.5851018E-01 0.6237864E-01 0.6519786E-01 0.6699165E-01 0.6740241E-01 0.6507514E-01 0.5629037E-01 0.3279791E-01 0.3279791E-01 -9999.000 -9999.000 -9999.000 -9999.000 -9999.000 -9999.000 -9999.000 -9999.000 -9999.000 -9999.000 -9999.000 -9999.000 -9999.000 -9999.000 -9999.000 -9999.000 -9999.000 -9999.000 -9999.000 -9999.000 -9999.000 -9999.000 -9999.000 -9999.000 -9999.000 -9999.000 -9999.000
-9999.000 -9999.000 -9999.000 -9999.000 -9999.000 -9999.000 -9999.000 -9999.000 -9999.000 -9999.000 -9999.000 -9999.000 -9999.000 -9999.000 -9999.000 0.2112327E-01 0.3520174E-01 0.4896329E-01 0.5964543E-01 0.6776634E-01 0.7374445E-01 0.7796910E-01 0.8079391E-01 0.8251877E-01 0.8335745E-01 0.8340071E-01 0.8219591E-01 0.7818595E-01 0.6712969E-01 0.3484497E-01 0.3484497E-01 -9999.000 -9999.000 -9999.000 -9999.000 -9999.000 -9999.000 -9999.000 -9999.000 -9999.000 -9999.000 -9999.000 -9999.000 -9999.000 -9999.000 -9999.000 -9999.000 -9999.000 -9999.000 -9999.000 -9999.000 -9999.000 -9999.000 -9999.000 -9999.000 -9999.000 -9999.000 -9999.000
2.317647 2.317647 2.360794 2.404307 2.411285 2.411285 2.415757 2.420487 2.420487 2.421762 2.421762 2.420716 2.419527 2.417968 2.416089 2.416089 2.276430 2.246131 2.208214 2.158234 2.093607 2.013177 1.916881 1.805649 1.681782 1.549702 1.416388 1.294801 1.211559 1.222402 1.222402 2.080851 2.229852 2.277435 2.280395 2.280395 2.266062 2.266062 2.184949 2.184949 2.104541 1.644852 1.644852 1.451599 1.451599 1.429762 1.429762 1.429762 1.475370 1.475370 1.526738 1.526738 1.575438 1.575438 1.616885 1.616885 1.648526 1.648526
2.332815 2.332815 2.390877 2.448058 2.464910 2.464910 2.479241 2.503572 2.503572 2.524285 2.524285 2.542527 2.550923 2.558912 2.566541 2.566541 2.495154 2.487291 2.484188 2.478903 2.467108 2.445795 2.412655 2.365911 2.303652 2.224030 2.133981 2.039421 1.957979 1.938129 1.938129 2.417755 2.571936 2.696136 2.722834 2.722834 2.737660 2.737660 2.699512 2.699512 2.654644 2.406090 2.406090 2.183381 2.183381 2.150383 2.150383 2.150383 2.194151 2.194151 2.242967 2.242967 2.290525 2.290525 2.333425 2.333425 2.369878 2.369878
2.336157 2.336157 2.394943 2.448318 2.465333 2.465333 2.479893 2.504722 2.504722 2.525976 2.525976 2.544834 2.553570 2.561919 2.569930 2.569930 2.518480 2.514487 2.521348 2.530897 2.538164 2.540297 2.535363 2.521762 2.497738 2.461512 2.415342 2.362082 2.311678 2.295494 2.295494 2.613943 2.758257 2.908173 2.944737 2.944737 2.965405 2.965405 2.924793 2.924793 2.883294 2.723067 2.723067 2.535772 2.535772 2.475661 2.475661 2.475661 2.508402 2.508402 2.549397 2.549397 2.590137 2.590137 2.627204 2.627204 2.658203 2.658203
2.338815 2.338815 2.398050 2.448246 2.465209 2.465209 2.479815 2.504728 2.504728 2.526009 2.526009 2.544873 2.553612 2.561968 2.569987 2.569987 2.533761 2.532037 2.543255 2.559164 2.574145 2.585211 2.590786 2.589902 2.581601 2.564830 2.540825 2.511660 2.484100 2.480063 2.480063 2.685551 2.820270 2.978675 3.018489 3.018489 3.033865 3.033865 2.983931 2.983931 2.945817 2.841887 2.841887 2.702777 2.702777 2.622351 2.622351 2.622351 2.644266 2.644266 2.680023 2.680023 2.717374 2.717374 2.751225 2.751225 2.779217 2.779217
2.340843 2.340843 2.400402 2.448208 2.465084 2.465084 2.479722 2.504718 2.504718 2.526017 2.526017 2.544874 2.553611 2.561966 2.569984 2.569984 2.549242 2.552133 2.567607 2.588298 2.608481 2.624921 2.635988 2.640903 2.639184 2.630424 2.615702 2.597086 2.579912 2.580164 2.580164 2.717101 2.835586 2.985505 3.018886 3.018886 3.015009 3.015009 2.961242 2.961242 2.934136 2.880240 2.880240 2.796308 2.796308 2.710264 2.710264 2.710264 2.718661 2.718661 2.747094 2.747094 2.780277 2.780277 2.811080 2.811080 2.836569 2.836569
2.342270 2.342270 2.402047 2.448197 2.464982 2.464982 2.479641 2.504708 2.504708 2.526026 2.526026 2.544877 2.553611 2.561964 2.569980 2.569980 2.565368 2.575301 2.595892 2.621000 2.645460 2.666098 2.681197 2.689928 2.691908 2.686993 2.676109 2.661273 2.647038 2.645519 2.645519 2.735794 2.832548 2.952266 2.967142 2.967142 2.938426 2.938426 2.900350 2.900350 2.892085 2.883492 2.883492 2.849089 2.849089 2.775134 2.775134 2.775134 2.770660 2.770660 2.789397 2.789397 2.816567 2.816567 2.843419 2.843419 2.865837 2.865837
2.343117 2.343117 2.403021 2.448197 2.464916 2.464916 2.479588 2.504701 2.504701 2.526031 2.526031 2.544879 2.553612 2.561963 2.569978 2.569978 2.582886 2.601836 2.628559 2.658038 2.686122 2.710082 2.728315 2.739964 2.744620 2.742156 2.733243 2.719610 2.705068 2.698781 2.698781 2.753535 2.821858 2.880762 2.867825 2.867825 2.830259 2.830259 2.830744 2.830744 2.843352 2.871043 2.871043 2.874737 2.874737 2.825986 2.825986 2.825986 2.813519 2.813519 2.822021 2.822021 2.841424 2.841424 2.862812 2.862812 2.881096 2.881096
2.343398 2.343398 2.403344 2.448199 2.464894 2.464894 2.479569 2.504698 2.504698 2.526032 2.526032 2.544880 2.553612 2.561962 2.569978 2.569978 2.603054 2.632482 2.666170 2.700047 2.731167 2.757558 2.777976 2.791680 2.798267 2.797566 2.789970 2.776778 2.760937 2.748760 2.748760 2.772857 2.800931 2.762778 2.728599 2.728599 2.719414 2.719414 2.767492 2.767492 2.797125 2.850686 2.850686 2.881561 2.881561 2.863572 2.863572 2.863572 2.850009 2.850009 2.850124 2.850124 2.860843 2.860843 2.875268 2.875268 2.888189 2.888189
2.343118 2.343118 2.403021 2.448198 2.464916 2.464916 2.479587 2.504700 2.504700 2.526031 2.526031 2.544880 2.553612 2.561963 2.569979 2.569979 2.627639 2.668508 2.709577 2.747707 2.781214 2.809067 2.830588 2.845322 2.852968 2.853348 2.846628 2.833652 2.816349 2.797331 2.797331 2.788028 2.751346 2.599611 2.575210 2.575210 2.626641 2.626641 2.713462 2.713462 2.754501 2.825617 2.825617 2.875568 2.875568 2.887621 2.887621 2.887621 2.879073 2.879073 2.874305 2.874305 2.876702 2.876702 2.883128 2.883128 2.889556 2.889556
2.342270 2.342270 2.402047 2.448197 2.464982 2.464982 2.479642 2.504708 2.504708 2.526026 2.526026 2.544878 2.553611 2.561963 2.569980 2.569980 2.659041 2.711776 2.760015 2.801824 2.836817 2.864995 2.886380 2.900940 2.908584 2.909193 2.902794 2.889809 2.870791 2.841483 2.841483 2.779721 2.636021 2.422645 2.443231 2.443231 2.554659 2.554659 2.665461 2.665461 2.713604 2.796917 2.796917 2.860408 2.860408 2.898274 2.898274 2.898274 2.898440 2.898440 2.892617 2.892617 2.888213 2.888213 2.886374 2.886374 2.885550 2.885550
2.340843 2.340843 2.400401 2.448208 2.465085 2.465085 2.479722 2.504718 2.504718 2.526017 2.526017 2.544874 2.553611 2.561965 2.569983 2.569983 2.700563 2.764836 2.819124 2.863303 2.898392 2.925449 2.945253 2.958263 2.964676 2.964496 2.957691 2.944257 2.922071 2.869419 2.869419 2.700916 2.419925 2.282170 2.342833 2.342833 2.493541 2.493541 2.618250 2.618250 2.670997 2.763457 2.763457 2.836776 2.836776 2.895181 2.895181 2.895181 2.905222 2.905222 2.901325 2.901325 2.892242 2.892242 2.882713 2.882713 2.874489 2.874489
