simulation_files/asc/Velocity____272.0.asc
NCOLS        79
NROWS        79
XLLCENTER         -1.500000
YLLCENTER         -4.800000
CELLSIZE           0.100
NODATA_VALUE     -9999.0
[rows 0 to 26 of 79, columns 0 to 59 of 79]
-9999.000 -9999.000 -9999.000 -9999.000 -9999.000 -9999.000 -9999.000 -9999.000 -9999.000 -9999.000 -9999.000 -9999.000 -9999.000 -9999.000 -9999.000 0.9306300E-01 0.9037628E-01 0.8952148E-01 0.8973239E-01 0.9068758E-01 0.9184791E-01 0.9295137E-01 0.9387978E-01 0.9453110E-01 0.9496666E-01 0.9521463E-01 0.9534647E-01 0.9556621E-01 0.9646654E-01 0.9747665E-01 0.9747665E-01 -9999.000 -9999.000 -9999.000 -9999.000 -9999.000 -9999.000 -9999.000 -9999.000 -9999.000 -9999.000 -9999.000 -9999.000 -9999.000 -9999.000 -9999.000 -9999.000 -9999.000 -9999.000 -9999.000 -9999.000 -9999.000 -9999.000 -9999.000 -9999.000 -9999.000 -9999.000 -9999.000 -9999.000 -9999.000
-9999.000 -9999.000 -9999.000 -9999.000 -9999.000 -9999.000 -9999.000 -9999.000 -9999.000 -9999.000 -9999.000 -9999.000 -9999.000 -9999.000 -9999.000 0.9283712E-01 0.8728673E-01 0.8556698E-01 0.8604322E-01 0.8801372E-01 0.9040140E-01 0.9270637E-01 0.9470617E-01 0.9618365E-01 0.9724714E-01 0.9794186E-01 0.9841151E-01 0.9910400E-01 0.1013292 0.1040868 0.1040868 -9999.000 -9999.000 -9999.000 -9999.000 -9999.000 -9999.000 -9999.000 -9999.000 -9999.000 -9999.000 -9999.000 -9999.000 -9999.000 -9999.000 -9999.000 -9999.000 -9999.000 -9999.000 -9999.000 -9999.000 -9999.000 -9999.000 -9999.000 -9999.000 -9999.000 -9999.000 -9999.000 -9999.000 -9999.000
-9999.000 -9999.000 -9999.000 -9999.000 -9999.000 -9999.000 -9999.000 -9999.000 -9999.000 -9999.000 -9999.000 -9999.000 -9999.000 -9999.000 -9999.000 0.9146140E-01 0.8282549E-01 0.8006981E-01 0.8080992E-01 0.8391519E-01 0.8770309E-01 0.9142735E-01 0.9476861E-01 0.9739189E-01 0.9946117E-01 0.1010261 0.1022876 0.1039340 0.1080416 0.1133828 0.1133828 -9999.000 -9999.000 -9999.000 -9999.000 -9999.000 -9999.000 -9999.000 -9999.000 -9999.000 -9999.000 -9999.000 -9999.000 -9999.000 -9999.000 -9999.000 -9999.000 -9999.000 -9999.000 -9999.000 -9999.000 -9999.000 -9999.000 -9999.000 -9999.000 -9999.000 -9999.000 -9999.000 -9999.000 -9999.000
-9999.000 -9999.000 -9999.000 -9999.000 -9999.000 -9999.000 -9999.000 -9999.000 -9999.000 -9999.000 -9999.000 -9999.000 -9999.000 -9999.000 -9999.000 0.8950445E-01 0.7782718E-01 0.7403039E-01 0.7505555E-01 0.7931947E-01 0.8452705E-01 0.8970293E-01 0.9444798E-01 0.9831279E-01 0.1015198 0.1041122 0.1063349 0.1091105 0.1153041 0.1237701 0.1237701 -9999.000 -9999.000 -9999.000 -9999.000 -9999.000 -9999.000 -9999.000 -9999.000 -9999.000 -9999.000 -9999.000 -9999.000 -9999.000 -9999.000 -9999.000 -9999.000 -9999.000 -9999.000 -9999.000 -9999.000 -9999.000 -9999.000 -9999.000 -9999.000 -9999.000 -9999.000 -9999.000 -9999.000 -9999.000
-9999.000 -9999.000 -9999.000 -9999.000 -9999.000 -9999.000 -9999.000 -9999.000 -9999.000 -9999.000 -9999.000 -9999.000 -9999.000 -9999.000 -9999.000 0.8719265E-01 0.7248250E-01 0.6765012E-01 0.6900134E-01 0.7446063E-01 0.8110694E-01 0.8775532E-01 0.9394037E-01 0.9909969E-01 0.1035190 0.1072264 0.1105055 0.1145181 0.1229591 0.1351051 0.1351051 -9999.000 -9999.000 -9999.000 -9999.000 -9999.000 -9999.000 -9999.000 -9999.000 -9999.000 -9999.000 -9999.000 -9999.000 -9999.000 -9999.000 -9999.000 -9999.000 -9999.000 -9999.000 -9999.000 -9999.000 -9999.000 -9999.000 -9999.000 -9999.000 -9999.000 -9999.000 -9999.000 -9999.000 -9999.000
-9999.000 -9999.000 -9999.000 -9999.000 -9999.000 -9999.000 -9999.000 -9999.000 -9999.000 -9999.000 -9999.000 -9999.000 -9999.000 -9999.000 -9999.000 0.8460090E-01 0.6686567E-01 0.6102723E-01 0.6277511E-01 0.6947831E-01 0.7758014E-01 0.8571132E-01 0.9335673E-01 0.9984035E-01 0.1055179 0.1103934 0.1147874 0.1201131 0.1309513 0.1474077 0.1474077 -9999.000 -9999.000 -9999.000 -9999.000 -9999.000 -9999.000 -9999.000 -9999.000 -9999.000 -9999.000 -9999.000 -9999.000 -9999.000 -9999.000 -9999.000 -9999.000 -9999.000 -9999.000 -9999.000 -9999.000 -9999.000 -9999.000 -9999.000 -9999.000 -9999.000 -9999.000 -9999.000 -9999.000 -9999.000
-9999.000 -9999.000 -9999.000 -9999.000 -9999.000 -9999.000 -9999.000 -9999.000 -9999.000 -9999.000 -9999.000 -9999.000 -9999.000 -9999.000 -9999.000 0.8173438E-01 0.6099732E-01 0.5421557E-01 0.5646735E-01 0.6446850E-01 0.7403177E-01 0.8364402E-01 0.9275842E-01 0.1005821 0.1075479 0.1136272 0.1191772 0.1258787 0.1392699 0.1607938 0.1607938 -9999.000 -9999.000 -9999.000 -9999.000 -9999.000 -9999.000 -9999.000 -9999.000 -9999.000 -9999.000 -9999.000 -9999.000 -9999.000 -9999.000 -9999.000 -9999.000 -9999.000 -9999.000 -9999.000 -9999.000 -9999.000 -9999.000 -9999.000 -9999.000 -9999.000 -9999.000 -9999.000 -9999.000 -9999.000
-9999.000 -9999.000 -9999.000 -9999.000 -9999.000 -9999.000 -9999.000 -9999.000 -9999.000 -9999.000 -9999.000 -9999.000 -9999.000 -9999.000 -9999.000 0.7856426E-01 0.5487381E-01 0.4726342E-01 0.5017464E-01 0.5952016E-01 0.7052886E-01 0.8160323E-01 0.9218356E-01 0.1013514 0.1096271 0.1169358 0.1236729 0.1318092 0.1479263 0.1754514 0.1754514 -9999.000 -9999.000 -9999.000 -9999.000 -9999.000 -9999.000 -9999.000 -9999.000 -9999.000 -9999.000 -9999.000 -9999.000 -9999.000 -9999.000 -9999.000 -9999.000 -9999.000 -9999.000 -9999.000 -9999.000 -9999.000 -9999.000 -9999.000 -9999.000 -9999.000 -9999.000 -9999.000 -9999.000 -9999.000
-9999.000 -9999.000 -9999.000 -9999.000 -9999.000 -9999.000 -9999.000 -9999.000 -9999.000 -9999.000 -9999.000 -9999.000 -9999.000 -9999.000 -9999.000 0.7504255E-01 0.4848323E-01 0.4024659E-01 0.4404052E-01 0.5474254E-01 0.6713960E-01 0.7963268E-01 0.9166120E-01 0.1021676 0.1117677 0.1203239 0.1282736 0.1379032 0.1569428 0.1916416 0.1916416 -9999.000 -9999.000 -9999.000 -9999.000 -9999.000 -9999.000 -9999.000 -9999.000 -9999.000 -9999.000 -9999.000 -9999.000 -9999.000 -9999.000 -9999.000 -9999.000 -9999.000 -9999.000 -9999.000 -9999.000 -9999.000 -9999.000 -9999.000 -9999.000 -9999.000 -9999.000 -9999.000 -9999.000 -9999.000
-9999.000 -9999.000 -9999.000 -9999.000 -9999.000 -9999.000 -9999.000 -9999.000 -9999.000 -9999.000 -9999.000 -9999.000 -9999.000 -9999.000 -9999.000 0.7110732E-01 0.4181509E-01 0.3332430E-01 0.3831162E-01 0.5028993E-01 0.6394893E-01 0.7778157E-01 0.9122251E-01 0.1030502 0.1139818 0.1237974 0.1329792 0.1441619 0.1663487 0.2097151 0.2097151 -9999.000 -9999.000 -9999.000 -9999.000 -9999.000 -9999.000 -9999.000 -9999.000 -9999.000 -9999.000 -9999.000 -9999.000 -9999.000 -9999.000 -9999.000 -9999.000 -9999.000 -9999.000 -9999.000 -9999.000 -9999.000 -9999.000 -9999.000 -9999.000 -9999.000 -9999.000 -9999.000 -9999.000 -9999.000
-9999.000 -9999.000 -9999.000 -9999.000 -9999.000 -9999.000 -9999.000 -9999.000 -9999.000 -9999.000 -9999.000 -9999.000 -9999.000 -9999.000 -9999.000 0.6668399E-01 0.3487734E-01 0.2686772E-01 0.3342813E-01 0.4639097E-01 0.6107166E-01 0.7611360E-01 0.9090783E-01 0.1040246 0.1162867 0.1273651 0.1377919 0.1505886 0.1761793 0.2301438 0.2301438 -9999.000 -9999.000 -9999.000 -9999.000 -9999.000 -9999.000 -9999.000 -9999.000 -9999.000 -9999.000 -9999.000 -9999.000 -9999.000 -9999.000 -9999.000 -9999.000 -9999.000 -9999.000 -9999.000 -9999.000 -9999.000 -9999.000 -9999.000 -9999.000 -9999.000 -9999.000 -9999.000 -9999.000 -9999.000
-9999.000 -9999.000 -9999.000 -9999.000 -9999.000 -9999.000 -9999.000 -9999.000 -9999.000 -9999.000 -9999.000 -9999.000 -9999.000 -9999.000 -9999.000 0.6168326E-01 0.2773809E-01 0.2176172E-01 0.3012303E-01 0.4337630E-01 0.5866783E-01 0.7471935E-01 0.9077486E-01 0.1051298 0.1187100 0.1310439 0.1427200 0.1571907 0.1864765 0.2535755 0.2535755 -9999.000 -9999.000 -9999.000 -9999.000 -9999.000 -9999.000 -9999.000 -9999.000 -9999.000 -9999.000 -9999.000 -9999.000 -9999.000 -9999.000 -9999.000 -9999.000 -9999.000 -9999.000 -9999.000 -9999.000 -9999.000 -9999.000 -9999.000 -9999.000 -9999.000 -9999.000 -9999.000 -9999.000 -9999.000
-9999.000 -9999.000 -9999.000 -9999.000 -9999.000 -9999.000 -9999.000 -9999.000 -9999.000 -9999.000 -9999.000 -9999.000 -9999.000 -9999.000 -9999.000 0.5599388E-01 0.2067459E-01 0.1979095E-01 0.2938150E-01 0.4170928E-01 0.5697709E-01 0.7374296E-01 0.9092146E-01 0.1064366 0.1213060 0.1348718 0.1477877 0.1639872 0.1972928 0.2809218 0.2809218 -9999.000 -9999.000 -9999.000 -9999.000 -9999.000 -9999.000 -9999.000 -9999.000 -9999.000 -9999.000 -9999.000 -9999.000 -9999.000 -9999.000 -9999.000 -9999.000 -9999.000 -9999.000 -9999.000 -9999.000 -9999.000 -9999.000 -9999.000 -9999.000 -9999.000 -9999.000 -9999.000 -9999.000 -9999.000
-9999.000 -9999.000 -9999.000 -9999.000 -9999.000 -9999.000 -9999.000 -9999.000 -9999.000 -9999.000 -9999.000 -9999.000 -9999.000 -9999.000 -9999.000 0.4905375E-01 0.1574674E-01 0.2474025E-01 0.3405042E-01 0.4377443E-01 0.5778127E-01 0.7448309E-01 0.9229522E-01 0.1086472 0.1245932 0.1392269 0.1532643 0.1711674 0.2087919 0.3135799 0.3135799 -9999.000 -9999.000 -9999.000 -9999.000 -9999.000 -9999.000 -9999.000 -9999.000 -9999.000 -9999.000 -9999.000 -9999.000 -9999.000 -9999.000 -9999.000 -9999.000 -9999.000 -9999.000 -9999.000 -9999.000 -9999.000 -9999.000 -9999.000 -9999.000 -9999.000 -9999.000 -9999.000 -9999.000 -9999.000
-9999.000 -9999.000 -9999.000 -9999.000 -9999.000 -9999.000 -9999.000 -9999.000 -9999.000 -9999.000 -9999.000 -9999.000 -9999.000 -9999.000 -9999.000 0.7726189E-01 0.1181460 0.1363861 0.1278805 0.1154450 0.1095193 0.1093827 0.1149945 0.1234941 0.1347923 0.1468704 0.1598236 0.1782533 0.2200541 0.3508114 0.3508114 -9999.000 -9999.000 -9999.000 -9999.000 -9999.000 -9999.000 -9999.000 -9999.000 -9999.000 -9999.000 -9999.000 -9999.000 -9999.000 -9999.000 -9999.000 -9999.000 -9999.000 -9999.000 -9999.000 -9999.000 -9999.000 -9999.000 -9999.000 -9999.000 -9999.000 -9999.000 -9999.000 -9999.000 -9999.000
2.806448 2.806448 2.813300 2.828305 2.847101 2.847101 2.849753 2.849566 2.849566 2.846007 2.846007 2.840060 2.836410 2.832404 2.828357 2.828357 2.958594 2.962342 2.963401 2.948304 2.909694 2.849331 2.766614 2.659632 2.533280 2.388033 2.227930 2.062618 1.918101 1.869336 1.869336 2.690682 2.862210 2.961218 2.985933 2.985933 3.018321 3.018321 2.999094 2.999094 2.953825 2.769320 2.769320 2.379988 2.379988 2.076314 2.076314 2.076314 2.063037 2.063037 2.096001 2.096001 2.144246 2.144246 2.194231 2.194231 2.238675 2.238675 2.238675 2.273617
2.829343 2.829343 2.843988 2.881870 2.907849 2.907849 2.922473 2.944987 2.944987 2.963613 2.963613 2.979651 2.986926 2.993800 3.000568 3.000568 3.097608 3.115310 3.130407 3.141112 3.145854 3.143997 3.133365 3.110678 3.074467 3.022115 2.952264 2.865869 2.769555 2.696804 2.696804 3.133327 3.286100 3.435098 3.475873 3.475873 3.522018 3.522018 3.522037 3.522037 3.500006 3.396164 3.396164 3.180234 3.180234 2.907175 2.907175 2.907175 2.891581 2.891581 2.926599 2.926599 2.977947 2.977947 3.030466 3.030466 3.078013 3.078013 3.078013 3.117633
2.834066 2.834066 2.842018 2.883289 2.907376 2.907376 2.922805 2.946289 2.946289 2.965574 2.965574 2.982330 2.990006 2.997310 3.004559 3.004559 3.091603 3.121150 3.147491 3.169968 3.187934 3.201474 3.210200 3.212867 3.208704 3.196013 3.173059 3.139056 3.096610 3.064432 3.064432 3.309681 3.455708 3.625825 3.675760 3.675760 3.726228 3.726228 3.714012 3.714012 3.684309 3.585689 3.585689 3.436762 3.436762 3.201937 3.201937 3.201937 3.169970 3.169970 3.192814 3.192814 3.235692 3.235692 3.282100 3.282100 3.325071 3.325071 3.325071 3.361332
2.837046 2.837046 2.844105 2.883715 2.906429 2.906429 2.922300 2.946263 2.946263 2.965560 2.965560 2.982270 2.989934 2.997234 3.004542 3.004542 3.085628 3.125178 3.162008 3.194546 3.221898 3.243976 3.260856 3.272335 3.278503 3.279052 3.273419 3.261315 3.244302 3.233904 3.233904 3.384281 3.513179 3.687370 3.740602 3.740602 3.783462 3.783462 3.747042 3.747042 3.707577 3.619652 3.619652 3.526595 3.526595 3.344089 3.344089 3.344089 3.297965 3.297965 3.306526 3.306526 3.340729 3.340729 3.382216 3.382216 3.422021 3.422021 3.422021 3.455873
2.838415 2.838415 2.847341 2.883867 2.905665 2.905665 2.921845 2.946231 2.946231 2.965535 2.965535 2.982190 2.989838 2.997131 3.004531 3.004531 3.084052 3.132251 3.178606 3.220454 3.256517 3.286409 3.310150 3.327791 3.339647 3.345987 3.347007 3.343098 3.335810 3.333006 3.333006 3.428431 3.535766 3.698509 3.745043 3.745043 3.757117 3.757117 3.689690 3.689690 3.649277 3.591997 3.591997 3.552243 3.552243 3.431122 3.431122 3.431122 3.378545 3.378545 3.371985 3.371985 3.394956 3.394956 3.429788 3.429788 3.465425 3.465425 3.465425 3.496167
2.838157 2.838157 2.851136 2.883582 2.904909 2.904909 2.921385 2.946243 2.946243 2.965654 2.965654 2.982327 2.989980 2.997277 3.004815 3.004815 3.088052 3.144157 3.199063 3.249274 3.293231 3.330347 3.360534 3.383873 3.400666 3.411302 3.416229 3.416104 3.412426 3.410813 3.410813 3.470054 3.553169 3.684983 3.708980 3.708980 3.664851 3.664851 3.582346 3.582346 3.557027 3.545550 3.545550 3.551020 3.551020 3.489743 3.489743 3.489743 3.441118 3.441118 3.422678 3.422678 3.432903 3.432903 3.458713 3.458713 3.488238 3.488238 3.488238 3.514405
2.834336 2.834336 2.856678 2.883680 2.904752 2.904752 2.921341 2.946345 2.946345 2.965717 2.965717 2.982346 2.989989 2.997281 3.005010 3.005010 3.098129 3.162055 3.224747 3.282353 3.333230 3.376745 3.412757 3.441349 3.462778 3.477412 3.485712 3.488338 3.486558 3.484258 3.484258 3.518291 3.575327 3.646797 3.625840 3.625840 3.519873 3.519873 3.461768 3.461768 3.463626 3.498130 3.498130 3.537081 3.537081 3.527079 3.527079 3.527079 3.491397 3.491397 3.467489 3.467489 3.465903 3.465903 3.481039 3.481039 3.502422 3.502422 3.502422 3.522300
2.833960 2.833960 2.858122 2.883594 2.904614 2.904614 2.921263 2.946349 2.946349 2.965728 2.965728 2.982349 2.989990 2.997280 3.005280 3.005280 3.115499 3.187612 3.257497 3.321497 3.378166 3.426984 3.467877 3.500968 3.526498 3.544791 3.556254 3.561444 3.561301 3.558098 3.558098 3.573428 3.600484 3.563353 3.479323 3.479323 3.351567 3.351567 3.354921 3.354921 3.384294 3.453899 3.453899 3.515765 3.515765 3.546582 3.546582 3.546582 3.529039 3.529039 3.506827 3.506827 3.496686 3.496686 3.500821 3.500821 3.512411 3.512411 3.512411 3.524317
2.834337 2.834337 2.856678 2.883680 2.904752 2.904752 2.921342 2.946345 2.946345 2.965716 2.965716 2.982346 2.989989 2.997281 3.005657 3.005657 3.141717 3.222676 3.299276 3.368643 3.429832 3.482643 3.527188 3.563700 3.592467 3.613795 3.628032 3.635602 3.637038 3.632601 3.632601 3.630390 3.614252 3.404675 3.272759 3.272759 3.200403 3.200403 3.274070 3.274070 3.322321 3.413807 3.413807 3.490765 3.490765 3.552407 3.552407 3.552407 3.554064 3.554064 3.539232 3.539232 3.525138 3.525138 3.519374 3.519374 3.520225 3.520225 3.520225 3.522723
2.838157 2.838157 2.851135 2.883582 2.904908 2.904908 2.921385 2.946244 2.946244 2.965654 2.965654 2.982327 2.989979 2.997276 3.006173 3.006173 3.179090 3.269630 3.352411 3.425973 3.490218 3.545468 3.592160 3.630724 3.661545 3.684958 3.701275 3.710789 3.713373 3.705309 3.705309 3.675451 3.579385 3.167815 3.051298 3.051298 3.090788 3.090788 3.211834 3.211834 3.270222 3.374453 3.374453 3.461771 3.461771 3.546240 3.546240 3.546240 3.565413 3.565413 3.561130 3.561130 3.547338 3.547338 3.534013 3.534013 3.524229 3.524229 3.524229 3.516523
2.838416 2.838416 2.847339 2.883867 2.905664 2.905664 2.921846 2.946232 2.946232 2.965535 2.965535 2.982190 2.989837 2.997131 3.006743 3.006743 3.231067 3.331663 3.419745 3.495983 3.561493 3.617329 3.664376 3.703332 3.734731 3.758978 3.776377 3.787045 3.789198 3.767571 3.767571 3.670490 3.430313 2.908956 2.878427 2.878427 3.015153 3.015153 3.157833 3.157833 3.221153 3.333123 3.333123 3.427852 3.427852 3.528796 3.528796 3.528796 3.562351 3.562351 3.569228 3.569228 3.558741 3.558741 3.540599 3.540599 3.521199 3.521199 3.521199 3.503268
2.837047 2.837047 2.844103 2.883715 2.906429 2.906429 2.922300 2.946263 2.946263 2.965561 2.965561 2.982270 2.989934 2.997234 3.007835 3.007835 3.303670 3.413861 3.505442 3.582043 3.646386 3.700442 3.745635 3.782976 3.813171 3.836710 3.853907 3.864401 3.860391 3.786672 3.786672 3.528643 3.123696 2.718185 2.768133 2.768133 2.948815 2.948815 3.100113 3.100113 3.166163 3.283614 3.283614 3.383906 3.383906 3.496564 3.496564 3.496564 3.541071 3.541071 3.557870 3.557870 3.552047 3.552047 3.531476 3.531476 3.504159 3.504159 3.504159 3.476889
