simulation_files/asc/Velocity____14.0.asc
NCOLS        79
NROWS        79
XLLCENTER         -1.500000
YLLCENTER         -4.800000
CELLSIZE           0.100
NODATA_VALUE     -9999.0
[rows 0 to 26 of 79, columns 0 to 59 of 79]
-9999.000 -9999.000 -9999.000 -9999.000 -9999.000 -9999.000 -9999.000 -9999.000 -9999.000 -9999.000 -9999.000 -9999.000 -9999.000 -9999.000 -9999.000 1.350594 1.363538 1.363955 1.364102 1.364156 1.364176 1.364183 1.364185 1.364183 1.364176 1.364156 1.364102 1.363955 1.363538 1.350594 1.350594 -9999.000 -9999.000 -9999.000 -9999.000 -9999.000 -9999.000 -9999.000 -9999.000 -9999.000 -9999.000 -9999.000 -9999.000 -9999.000 -9999.000 -9999.000 -9999.000 -9999.000 -9999.000 -9999.000 -9999.000 -9999.000 -9999.000 -9999.000 -9999.000 -9999.000 -9999.000 -9999.000 -9999.000 -9999.000
-9999.000 -9999.000 -9999.000 -9999.000 -9999.000 -9999.000 -9999.000 -9999.000 -9999.000 -9999.000 -9999.000 -9999.000 -9999.000 -9999.000 -9999.000 1.335970 1.359540 1.360353 1.360715 1.360881 1.360954 1.360984 1.360991 1.360983 1.360954 1.360882 1.360715 1.360353 1.359540 1.335970 1.335970 -9999.000 -9999.000 -9999.000 -9999.000 -9999.000 -9999.000 -9999.000 -9999.000 -9999.000 -9999.000 -9999.000 -9999.000 -9999.000 -9999.000 -9999.000 -9999.000 -9999.000 -9999.000 -9999.000 -9999.000 -9999.000 -9999.000 -9999.000 -9999.000 -9999.000 -9999.000 -9999.000 -9999.000 -9999.000
-9999.000 -9999.000 -9999.000 -9999.000 -9999.000 -9999.000 -9999.000 -9999.000 -9999.000 -9999.000 -9999.000 -9999.000 -9999.000 -9999.000 -9999.000 1.323147 1.355746 1.356818 1.357371 1.357677 1.357833 1.357904 1.357924 1.357904 1.357833 1.357677 1.357371 1.356818 1.355746 1.323147 1.323147 -9999.000 -9999.000 -9999.000 -9999.000 -9999.000 -9999.000 -9999.000 -9999.000 -9999.000 -9999.000 -9999.000 -9999.000 -9999.000 -9999.000 -9999.000 -9999.000 -9999.000 -9999.000 -9999.000 -9999.000 -9999.000 -9999.000 -9999.000 -9999.000 -9999.000 -9999.000 -9999.000 -9999.000 -9999.000
-9999.000 -9999.000 -9999.000 -9999.000 -9999.000 -9999.000 -9999.000 -9999.000 -9999.000 -9999.000 -9999.000 -9999.000 -9999.000 -9999.000 -9999.000 1.311693 1.352257 1.353452 1.354111 1.354542 1.354793 1.354920 1.354957 1.354919 1.354794 1.354543 1.354111 1.353452 1.352257 1.311693 1.311693 -9999.000 -9999.000 -9999.000 -9999.000 -9999.000 -9999.000 -9999.000 -9999.000 -9999.000 -9999.000 -9999.000 -9999.000 -9999.000 -9999.000 -9999.000 -9999.000 -9999.000 -9999.000 -9999.000 -9999.000 -9999.000 -9999.000 -9999.000 -9999.000 -9999.000 -9999.000 -9999.000 -9999.000 -9999.000
-9999.000 -9999.000 -9999.000 -9999.000 -9999.000 -9999.000 -9999.000 -9999.000 -9999.000 -9999.000 -9999.000 -9999.000 -9999.000 -9999.000 -9999.000 1.301237 1.349089 1.350321 1.350986 1.351494 1.351828 1.352011 1.352069 1.352011 1.351828 1.351494 1.350986 1.350321 1.349089 1.301237 1.301237 -9999.000 -9999.000 -9999.000 -9999.000 -9999.000 -9999.000 -9999.000 -9999.000 -9999.000 -9999.000 -9999.000 -9999.000 -9999.000 -9999.000 -9999.000 -9999.000 -9999.000 -9999.000 -9999.000 -9999.000 -9999.000 -9999.000 -9999.000 -9999.000 -9999.000 -9999.000 -9999.000 -9999.000 -9999.000
-9999.000 -9999.000 -9999.000 -9999.000 -9999.000 -9999.000 -9999.000 -9999.000 -9999.000 -9999.000 -9999.000 -9999.000 -9999.000 -9999.000 -9999.000 1.291501 1.346216 1.347454 1.348039 1.348559 1.348942 1.349169 1.349244 1.349169 1.348942 1.348559 1.348039 1.347453 1.346216 1.291501 1.291501 -9999.000 -9999.000 -9999.000 -9999.000 -9999.000 -9999.000 -9999.000 -9999.000 -9999.000 -9999.000 -9999.000 -9999.000 -9999.000 -9999.000 -9999.000 -9999.000 -9999.000 -9999.000 -9999.000 -9999.000 -9999.000 -9999.000 -9999.000 -9999.000 -9999.000 -9999.000 -9999.000 -9999.000 -9999.000
-9999.000 -9999.000 -9999.000 -9999.000 -9999.000 -9999.000 -9999.000 -9999.000 -9999.000 -9999.000 -9999.000 -9999.000 -9999.000 -9999.000 -9999.000 1.282284 1.343593 1.344847 1.345293 1.345761 1.346147 1.346395 1.346479 1.346395 1.346148 1.345761 1.345293 1.344847 1.343593 1.282285 1.282285 -9999.000 -9999.000 -9999.000 -9999.000 -9999.000 -9999.000 -9999.000 -9999.000 -9999.000 -9999.000 -9999.000 -9999.000 -9999.000 -9999.000 -9999.000 -9999.000 -9999.000 -9999.000 -9999.000 -9999.000 -9999.000 -9999.000 -9999.000 -9999.000 -9999.000 -9999.000 -9999.000 -9999.000 -9999.000
-9999.000 -9999.000 -9999.000 -9999.000 -9999.000 -9999.000 -9999.000 -9999.000 -9999.000 -9999.000 -9999.000 -9999.000 -9999.000 -9999.000 -9999.000 0.7599479 0.9934914 1.155607 1.290214 1.340062 1.342881 1.343575 1.343755 1.343693 1.343461 1.343119 1.342756 1.342479 1.341173 1.273457 1.273457 -9999.000 -9999.000 -9999.000 -9999.000 -9999.000 -9999.000 -9999.000 -9999.000 -9999.000 -9999.000 -9999.000 -9999.000 -9999.000 -9999.000 -9999.000 -9999.000 -9999.000 -9999.000 -9999.000 -9999.000 -9999.000 -9999.000 -9999.000 -9999.000 -9999.000 -9999.000 -9999.000 -9999.000 -9999.000
-9999.000 -9999.000 -9999.000 -9999.000 -9999.000 -9999.000 -9999.000 -9999.000 -9999.000 -9999.000 -9999.000 -9999.000 -9999.000 -9999.000 -9999.000 0.3688558 0.4665884 0.5083163 0.5472730 0.6147209 0.7233484 0.8744455 1.070253 1.266194 1.334102 1.339202 1.340080 1.340238 1.338896 1.264927 1.264927 -9999.000 -9999.000 -9999.000 -9999.000 -9999.000 -9999.000 -9999.000 -9999.000 -9999.000 -9999.000 -9999.000 -9999.000 -9999.000 -9999.000 -9999.000 -9999.000 -9999.000 -9999.000 -9999.000 -9999.000 -9999.000 -9999.000 -9999.000 -9999.000 -9999.000 -9999.000 -9999.000 -9999.000 -9999.000
-9999.000 -9999.000 -9999.000 -9999.000 -9999.000 -9999.000 -9999.000 -9999.000 -9999.000 -9999.000 -9999.000 -9999.000 -9999.000 -9999.000 -9999.000 0.2955496 0.3895613 0.4305832 0.4525645 0.4680474 0.4836467 0.5029213 0.5295186 0.5673088 0.6401547 0.7523082 0.8781985 0.9948050 1.067654 0.7598924 0.7598924 -9999.000 -9999.000 -9999.000 -9999.000 -9999.000 -9999.000 -9999.000 -9999.000 -9999.000 -9999.000 -9999.000 -9999.000 -9999.000 -9999.000 -9999.000 -9999.000 -9999.000 -9999.000 -9999.000 -9999.000 -9999.000 -9999.000 -9999.000 -9999.000 -9999.000 -9999.000 -9999.000 -9999.000 -9999.000
-9999.000 -9999.000 -9999.000 -9999.000 -9999.000 -9999.000 -9999.000 -9999.000 -9999.000 -9999.000 -9999.000 -9999.000 -9999.000 -9999.000 -9999.000 0.2403394 0.3296829 0.3774772 0.4077670 0.4309741 0.4513851 0.4695787 0.4825545 0.4854667 0.4807624 0.4738296 0.4632276 0.4569566 0.4694123 0.3224141 0.3224141 -9999.000 -9999.000 -9999.000 -9999.000 -9999.000 -9999.000 -9999.000 -9999.000 -9999.000 -9999.000 -9999.000 -9999.000 -9999.000 -9999.000 -9999.000 -9999.000 -9999.000 -9999.000 -9999.000 -9999.000 -9999.000 -9999.000 -9999.000 -9999.000 -9999.000 -9999.000 -9999.000 -9999.000 -9999.000
-9999.000 -9999.000 -9999.000 -9999.000 -9999.000 -9999.000 -9999.000 -9999.000 -9999.000 -9999.000 -9999.000 -9999.000 -9999.000 -9999.000 -9999.000 0.1905075 0.2736384 0.3270242 0.3657092 0.3972291 0.4242642 0.4468163 0.4622361 0.4690879 0.4720871 0.4735556 0.4707358 0.4694208 0.4769810 0.3417030 0.3417030 -9999.000 -9999.000 -9999.000 -9999.000 -9999.000 -9999.000 -9999.000 -9999.000 -9999.000 -9999.000 -9999.000 -9999.000 -9999.000 -9999.000 -9999.000 -9999.000 -9999.000 -9999.000 -9999.000 -9999.000 -9999.000 -9999.000 -9999.000 -9999.000 -9999.000 -9999.000 -9999.000 -9999.000 -9999.000
-9999.000 -9999.000 -9999.000 -9999.000 -9999.000 -9999.000 -9999.000 -9999.000 -9999.000 -9999.000 -9999.000 -9999.000 -9999.000 -9999.000 -9999.000 0.1440670 0.2205071 0.2787115 0.3255230 0.3652955 0.3994741 0.4278496 0.4489942 0.4640842 0.4778581 0.4905968 0.5002302 0.5116301 0.5267932 0.4101497 0.4101497 -9999.000 -9999.000 -9999.000 -9999.000 -9999.000 -9999.000 -9999.000 -9999.000 -9999.000 -9999.000 -9999.000 -9999.000 -9999.000 -9999.000 -9999.000 -9999.000 -9999.000 -9999.000 -9999.000 -9999.000 -9999.000 -9999.000 -9999.000 -9999.000 -9999.000 -9999.000 -9999.000 -9999.000 -9999.000
-9999.000 -9999.000 -9999.000 -9999.000 -9999.000 -9999.000 -9999.000 -9999.000 -9999.000 -9999.000 -9999.000 -9999.000 -9999.000 -9999.000 -9999.000 0.1004464 0.1700536 0.2324062 0.2869905 0.3349867 0.3767778 0.4120963 0.4407093 0.4650511 0.4888129 0.5116313 0.5329314 0.5575289 0.5855380 0.4957183 0.4957183 -9999.000 -9999.000 -9999.000 -9999.000 -9999.000 -9999.000 -9999.000 -9999.000 -9999.000 -9999.000 -9999.000 -9999.000 -9999.000 -9999.000 -9999.000 -9999.000 -9999.000 -9999.000 -9999.000 -9999.000 -9999.000 -9999.000 -9999.000 -9999.000 -9999.000 -9999.000 -9999.000 -9999.000 -9999.000
-9999.000 -9999.000 -9999.000 -9999.000 -9999.000 -9999.000 -9999.000 -9999.000 -9999.000 -9999.000 -9999.000 -9999.000 -9999.000 -9999.000 -9999.000 0.6046035E-01 0.1254191 0.1917980 0.2531253 0.3083514 0.3572343 0.3996065 0.4360802 0.4694377 0.5024483 0.5352048 0.5690256 0.6097835 0.6602106 0.6157056 0.6157056 -9999.000 -9999.000 -9999.000 -9999.000 -9999.000 -9999.000 -9999.000 -9999.000 -9999.000 -9999.000 -9999.000 -9999.000 -9999.000 -9999.000 -9999.000 -9999.000 -9999.000 -9999.000 -9999.000 -9999.000 -9999.000 -9999.000 -9999.000 -9999.000 -9999.000 -9999.000 -9999.000 -9999.000 -9999.000
0.7081624 0.7081624 0.7023952 0.6854752 0.6764653 0.6764653 0.6667873 0.6442065 0.6442065 0.6142876 0.6142876 0.5702842 0.5389513 0.4979182 0.4438813 0.4438813 0.3382261 0.3261420 0.3344735 0.3563318 0.3858565 0.4186933 0.4527346 0.4885951 0.5274089 0.5696883 0.6188739 0.6844403 0.7835031 0.9242585 0.9242585 1.244914 1.375940 0.2565759 0.7999275 0.7999275 0.1515309 0.1515309 0.3694253E-01 0.3694253E-01 0.4987469E-01 0.6385600E-01 0.6385600E-01 0.1582486 0.1582486 0.2640730 0.2640730 0.2640730 0.3239202 0.3239202 0.3770136 0.3770136 0.4254203 0.4254203 0.4698044 0.4698044 0.5099556 0.5099556 0.5099556 0.5440067
0.7159700 0.7159700 0.7106190 0.6993221 0.6927036 0.6927036 0.6850627 0.6652570 0.6652570 0.6363655 0.6363655 0.5941876 0.5670623 0.5359942 0.5019428 0.5019428 0.4464744 0.4333516 0.4293991 0.4341610 0.4469987 0.4667215 0.4924374 0.5243288 0.5625290 0.6069766 0.6599770 0.7274057 0.8183702 0.9243422 0.9243422 1.122037 1.207317 1.188795 1.114193 1.114193 0.9480171 0.9480171 0.8097587 0.8097587 0.7996631 0.7493240 0.7493240 0.6774821 0.6774821 0.6674654 0.6674654 0.6674654 0.6813959 0.6813959 0.6989893 0.6989893 0.7187526 0.7187526 0.7397147 0.7397147 0.7612767 0.7612767 0.7612767 0.7737701
0.7184243 0.7184243 0.7108783 0.7002748 0.6942002 0.6942002 0.6872965 0.6698725 0.6698725 0.6454853 0.6454853 0.6116942 0.5909242 0.5679674 0.5438224 0.5438224 0.5088479 0.5012701 0.4990352 0.5016580 0.5093663 0.5226296 0.5421885 0.5690587 0.6036806 0.6461228 0.6979599 0.7629071 0.8468493 0.9460613 0.9460613 1.124522 1.199774 1.219453 1.211270 1.211270 1.151560 1.151560 1.069279 1.069279 1.048326 1.005056 1.005056 0.9573631 0.9573631 0.9265777 0.9265777 0.9265777 0.9276947 0.9276947 0.9307228 0.9307228 0.9347876 0.9347876 0.9392556 0.9392556 0.9439281 0.9439281 0.9439281 0.9470799
0.7211775 0.7211775 0.7113204 0.7014136 0.6959006 0.6959006 0.6897538 0.6747079 0.6747079 0.6545370 0.6545370 0.6279026 0.6121355 0.5951461 0.5777147 0.5777147 0.5556244 0.5521910 0.5528359 0.5569367 0.5644920 0.5761050 0.5929396 0.6164082 0.6474071 0.6864552 0.7349111 0.7953408 0.8719008 0.9652679 0.9652679 1.127556 1.204288 1.244403 1.246100 1.246100 1.210008 1.210008 1.149722 1.149722 1.126927 1.096543 1.096543 1.080380 1.080380 1.065242 1.065242 1.065242 1.064910 1.064910 1.064455 1.064455 1.064415 1.064415 1.064433 1.064433 1.063947 1.063947 1.063947 1.061715
0.7242463 0.7242463 0.7119713 0.7029057 0.6980364 0.6980364 0.6927302 0.6801881 0.6801881 0.6641244 0.6641244 0.6438766 0.6322975 0.6200902 0.6078048 0.6078048 0.5953921 0.5951107 0.5981359 0.6040468 0.6127303 0.6246134 0.6407186 0.6623723 0.6906220 0.7263013 0.7707352 0.8259147 0.8949984 0.9810572 0.9810572 1.126702 1.204762 1.251619 1.252600 1.252600 1.215847 1.215847 1.164313 1.164313 1.147895 1.139261 1.139261 1.146680 1.146680 1.151689 1.151689 1.151689 1.154833 1.154833 1.153617 1.153617 1.150676 1.150676 1.147174 1.147174 1.143135 1.143135 1.143135 1.137723
0.7275410 0.7275410 0.7127596 0.7046536 0.7004843 0.7004843 0.6960722 0.6861034 0.6861034 0.6740661 0.6740661 0.6597593 0.6519254 0.6438869 0.6359746 0.6359746 0.6317962 0.6341717 0.6390846 0.6464366 0.6562061 0.6687204 0.6847708 0.7054233 0.7316418 0.7643375 0.8047663 0.8545831 0.9163376 0.9941379 0.9941379 1.122683 1.199447 1.239759 1.232584 1.232584 1.188214 1.188214 1.154254 1.154254 1.151037 1.164663 1.164663 1.186974 1.186974 1.207620 1.207620 1.207620 1.217187 1.217187 1.218701 1.218701 1.215100 1.215100 1.208894 1.208894 1.201351 1.201351 1.201351 1.192555
0.7309449 0.7309449 0.7136282 0.7065645 0.7031267 0.7031267 0.6996332 0.6922523 0.6922523 0.6841655 0.6841655 0.6755629 0.6712794 0.6671699 0.6633562 0.6633562 0.6669388 0.6717455 0.6782159 0.6865820 0.6970222 0.7098827 0.7257977 0.7455841 0.7700293 0.7999539 0.8364444 0.8808670 0.9353210 1.004078 1.004078 1.114388 1.184807 1.201516 1.182859 1.182859 1.143975 1.143975 1.139903 1.139903 1.150418 1.181026 1.181026 1.212213 1.212213 1.242959 1.242959 1.242959 1.258931 1.258931 1.265458 1.265458 1.264157 1.264157 1.257456 1.257456 1.247487 1.247487 1.247487 1.235476
0.7343210 0.7343210 0.7145304 0.7085527 0.7058541 0.7058541 0.7032780 0.6984499 0.6984499 0.6942319 0.6942319 0.6912430 0.6905017 0.6903778 0.6908035 0.6908035 0.7024187 0.7095472 0.7173291 0.7263240 0.7369542 0.7496617 0.7650108 0.7836359 0.8061322 0.8331291 0.8654410 0.9040823 0.9506755 1.008937 1.008937 1.097501 1.152761 1.134645 1.112711 1.112711 1.100339 1.100339 1.128657 1.128657 1.149233 1.190750 1.190750 1.227295 1.227295 1.264435 1.264435 1.264435 1.285330 1.285330 1.296959 1.296959 1.299739 1.299739 1.295019 1.295019 1.284696 1.284696 1.284696 1.270624
0.7375157 0.7375157 0.7154269 0.7105393 0.7085639 0.7085639 0.7068790 0.7045185 0.7045185 0.7040634 0.7040634 0.7066861 0.7096258 0.7138153 0.7190645 0.7190645 0.7397797 0.7491256 0.7579471 0.7671765 0.7775018 0.7894964 0.8037079 0.8206333 0.8406645 0.8641497 0.8914935 0.9231874 0.9602256 1.005838 1.005838 1.063849 1.092232 1.051951 1.040819 1.040819 1.064966 1.064966 1.119252 1.119252 1.146099 1.194468 1.194468 1.234637 1.234637 1.276334 1.276334 1.276334 1.300812 1.300812 1.316540 1.316540 1.323519 1.323519 1.322200 1.322200 1.313598 1.313598 1.313598 1.299301
0.7403665 0.7403665 0.7162873 0.7124527 0.7111605 0.7111605 0.7103142 0.7102802 0.7102802 0.7134312 0.7134312 0.7216790 0.7285362 0.7376212 0.7488310 0.7488310 0.7808111 0.7921453 0.8015835 0.8105471 0.8200155 0.8306964 0.8431274 0.8576626 0.8744211 0.8933069 0.9140466 0.9362301 0.9597505 0.9863666 0.9863666 1.010242 1.003753 0.9739862 0.9800390 0.9800390 1.033280 1.033280 1.108061 1.108061 1.139078 1.192440 1.192440 1.235653 1.235653 1.281342 1.281342 1.281342 1.308669 1.308669 1.327526 1.327526 1.337987 1.337987 1.340186 1.340186 1.334430 1.334430 1.334430 1.321591
0.7427059 0.7427059 0.7170911 0.7142291 0.7135576 0.7135576 0.7134716 0.7155604 0.7155604 0.7220817 0.7220817 0.7358891 0.7469175 0.7616708 0.7806792 0.7806792 0.8278821 0.8406323 0.8499420 0.8579072 0.8658238 0.8745090 0.8844457 0.8957602 0.9081137 0.9206173 0.9317963 0.9397300 0.9428161 0.9410104 0.9410104 0.9252798 0.9041938 0.9120175 0.9377347 0.9377347 1.001049 1.001049 1.096502 1.096502 1.130486 1.187537 1.187537 1.233247 1.233247 1.282345 1.282345 1.282345 1.311918 1.311918 1.333062 1.333062 1.346069 1.346069 1.351107 1.351107 1.348190 1.348190 1.348190 1.337616
0.7443717 0.7443717 0.7178359 0.7158176 0.7156791 0.7156791 0.7162489 0.7201898 0.7201898 0.7297342 0.7297342 0.7488359 0.7641608 0.7853361 0.8146723 0.8146723 0.8844208 0.8972527 0.9050990 0.9109312 0.9163522 0.9222190 0.9288471 0.9359403 0.9423021 0.9455603 0.9422240 0.9286606 0.9032944 0.8679420 0.8679420 0.8221673 0.8103714 0.8630865 0.9042194 0.9042194 0.9803175 0.9803175 1.086281 1.086281 1.123044 1.182573 1.182573 1.229900 1.229900 1.281384 1.281384 1.281384 1.312499 1.312499 1.335134 1.335134 1.349788 1.349788 1.356758 1.356758 1.356027 1.356027 1.356027 1.347622
