simulation_files/asc/Velocity____81.0.asc
NCOLS        79
NROWS        79
XLLCENTER         -1.500000
YLLCENTER         -4.800000
CELLSIZE           0.100
NODATA_VALUE     -9999.0
[rows 0 to 26 of 79, columns 0 to 59 of 79]
-9999.000 -9999.000 -9999.000 -9999.000 -9999.000 -9999.000 -9999.000 -9999.000 -9999.000 -9999.000 -9999.000 -9999.000 -9999.000 -9999.000 -9999.000 0.2095259 0.2084481 0.2086136 0.2088723 0.2091437 0.2094216 0.2097154 0.2100430 0.2104307 0.2109137 0.2115417 0.2123903 0.2135832 0.2152034 0.2128499 0.2128499 -9999.000 -9999.000 -9999.000 -9999.000 -9999.000 -9999.000 -9999.000 -9999.000 -9999.000 -9999.000 -9999.000 -9999.000 -9999.000 -9999.000 -9999.000 -9999.000 -9999.000 -9999.000 -9999.000 -9999.000 -9999.000 -9999.000 -9999.000 -9999.000 -9999.000 -9999.000 -9999.000 -9999.000 -9999.000
-9999.000 -9999.000 -9999.000 -9999.000 -9999.000 -9999.000 -9999.000 -9999.000 -9999.000 -9999.000 -9999.000 -9999.000 -9999.000 -9999.000 -9999.000 0.2067095 0.2043306 0.2046653 0.2052123 0.2057959 0.2063950 0.2070240 0.2077167 0.2085259 0.2095259 0.2108244 0.2125881 0.2150814 0.2184579 0.2140702 0.2140702 -9999.000 -9999.000 -9999.000 -9999.000 -9999.000 -9999.000 -9999.000 -9999.000 -9999.000 -9999.000 -9999.000 -9999.000 -9999.000 -9999.000 -9999.000 -9999.000 -9999.000 -9999.000 -9999.000 -9999.000 -9999.000 -9999.000 -9999.000 -9999.000 -9999.000 -9999.000 -9999.000 -9999.000 -9999.000
-9999.000 -9999.000 -9999.000 -9999.000 -9999.000 -9999.000 -9999.000 -9999.000 -9999.000 -9999.000 -9999.000 -9999.000 -9999.000 -9999.000 -9999.000 0.2023686 0.1985375 0.1991030 0.2000741 0.2011503 0.2022872 0.2035022 0.2048489 0.2064159 0.2083287 0.2107667 0.2139954 0.2184161 0.2241956 0.2180305 0.2180305 -9999.000 -9999.000 -9999.000 -9999.000 -9999.000 -9999.000 -9999.000 -9999.000 -9999.000 -9999.000 -9999.000 -9999.000 -9999.000 -9999.000 -9999.000 -9999.000 -9999.000 -9999.000 -9999.000 -9999.000 -9999.000 -9999.000 -9999.000 -9999.000 -9999.000 -9999.000 -9999.000 -9999.000 -9999.000
-9999.000 -9999.000 -9999.000 -9999.000 -9999.000 -9999.000 -9999.000 -9999.000 -9999.000 -9999.000 -9999.000 -9999.000 -9999.000 -9999.000 -9999.000 0.1969878 0.1917553 0.1926221 0.1941218 0.1958214 0.1976500 0.1996268 0.2018255 0.2043703 0.2074399 0.2112886 0.2162865 0.2229835 0.2315750 0.2242147 0.2242147 -9999.000 -9999.000 -9999.000 -9999.000 -9999.000 -9999.000 -9999.000 -9999.000 -9999.000 -9999.000 -9999.000 -9999.000 -9999.000 -9999.000 -9999.000 -9999.000 -9999.000 -9999.000 -9999.000 -9999.000 -9999.000 -9999.000 -9999.000 -9999.000 -9999.000 -9999.000 -9999.000 -9999.000 -9999.000
-9999.000 -9999.000 -9999.000 -9999.000 -9999.000 -9999.000 -9999.000 -9999.000 -9999.000 -9999.000 -9999.000 -9999.000 -9999.000 -9999.000 -9999.000 0.1906526 0.1841081 0.1853452 0.1874686 0.1899057 0.1925571 0.1954425 0.1986561 0.2023610 0.2067935 0.2122902 0.2193401 0.2286641 0.2405164 0.2326081 0.2326081 -9999.000 -9999.000 -9999.000 -9999.000 -9999.000 -9999.000 -9999.000 -9999.000 -9999.000 -9999.000 -9999.000 -9999.000 -9999.000 -9999.000 -9999.000 -9999.000 -9999.000 -9999.000 -9999.000 -9999.000 -9999.000 -9999.000 -9999.000 -9999.000 -9999.000 -9999.000 -9999.000 -9999.000 -9999.000
-9999.000 -9999.000 -9999.000 -9999.000 -9999.000 -9999.000 -9999.000 -9999.000 -9999.000 -9999.000 -9999.000 -9999.000 -9999.000 -9999.000 -9999.000 0.1833922 0.1756758 0.1773551 0.1801909 0.1834692 0.1870588 0.1909801 0.1953498 0.2003738 0.2063534 0.2137198 0.2231010 0.2354233 0.2510515 0.2433555 0.2433555 -9999.000 -9999.000 -9999.000 -9999.000 -9999.000 -9999.000 -9999.000 -9999.000 -9999.000 -9999.000 -9999.000 -9999.000 -9999.000 -9999.000 -9999.000 -9999.000 -9999.000 -9999.000 -9999.000 -9999.000 -9999.000 -9999.000 -9999.000 -9999.000 -9999.000 -9999.000 -9999.000 -9999.000 -9999.000
-9999.000 -9999.000 -9999.000 -9999.000 -9999.000 -9999.000 -9999.000 -9999.000 -9999.000 -9999.000 -9999.000 -9999.000 -9999.000 -9999.000 -9999.000 0.1751838 0.1665003 0.1687030 0.1723400 0.1765582 0.1811935 0.1862667 0.1919204 0.1984086 0.2061077 0.2155597 0.2275601 0.2432886 0.2633014 0.2567535 0.2567535 -9999.000 -9999.000 -9999.000 -9999.000 -9999.000 -9999.000 -9999.000 -9999.000 -9999.000 -9999.000 -9999.000 -9999.000 -9999.000 -9999.000 -9999.000 -9999.000 -9999.000 -9999.000 -9999.000 -9999.000 -9999.000 -9999.000 -9999.000 -9999.000 -9999.000 -9999.000 -9999.000 -9999.000 -9999.000
-9999.000 -9999.000 -9999.000 -9999.000 -9999.000 -9999.000 -9999.000 -9999.000 -9999.000 -9999.000 -9999.000 -9999.000 -9999.000 -9999.000 -9999.000 0.1659596 0.1565934 0.1594170 0.1639504 0.1692100 0.1749972 0.1813343 0.1883926 0.1964823 0.2060667 0.2178207 0.2327449 0.2523389 0.2774737 0.2732733 0.2732733 -9999.000 -9999.000 -9999.000 -9999.000 -9999.000 -9999.000 -9999.000 -9999.000 -9999.000 -9999.000 -9999.000 -9999.000 -9999.000 -9999.000 -9999.000 -9999.000 -9999.000 -9999.000 -9999.000 -9999.000 -9999.000 -9999.000 -9999.000 -9999.000 -9999.000 -9999.000 -9999.000 -9999.000 -9999.000
-9999.000 -9999.000 -9999.000 -9999.000 -9999.000 -9999.000 -9999.000 -9999.000 -9999.000 -9999.000 -9999.000 -9999.000 -9999.000 -9999.000 -9999.000 0.1556135 0.1459438 0.1495118 0.1550520 0.1614645 0.1685158 0.1762300 0.1848123 0.1946365 0.2062690 0.2205445 0.2387188 0.2627037 0.2938687 0.2936197 0.2936197 -9999.000 -9999.000 -9999.000 -9999.000 -9999.000 -9999.000 -9999.000 -9999.000 -9999.000 -9999.000 -9999.000 -9999.000 -9999.000 -9999.000 -9999.000 -9999.000 -9999.000 -9999.000 -9999.000 -9999.000 -9999.000 -9999.000 -9999.000 -9999.000 -9999.000 -9999.000 -9999.000 -9999.000 -9999.000
-9999.000 -9999.000 -9999.000 -9999.000 -9999.000 -9999.000 -9999.000 -9999.000 -9999.000 -9999.000 -9999.000 -9999.000 -9999.000 -9999.000 -9999.000 0.1440045 0.1345221 0.1389970 0.1456814 0.1533795 0.1618213 0.1710349 0.1812640 0.1929559 0.2067972 0.2238164 0.2455902 0.2745704 0.3129008 0.3188425 0.3188425 -9999.000 -9999.000 -9999.000 -9999.000 -9999.000 -9999.000 -9999.000 -9999.000 -9999.000 -9999.000 -9999.000 -9999.000 -9999.000 -9999.000 -9999.000 -9999.000 -9999.000 -9999.000 -9999.000 -9999.000 -9999.000 -9999.000 -9999.000 -9999.000 -9999.000 -9999.000 -9999.000 -9999.000 -9999.000
-9999.000 -9999.000 -9999.000 -9999.000 -9999.000 -9999.000 -9999.000 -9999.000 -9999.000 -9999.000 -9999.000 -9999.000 -9999.000 -9999.000 -9999.000 0.1309558 0.1222847 0.1278898 0.1359026 0.1450551 0.1550416 0.1658961 0.1779063 0.1916035 0.2078126 0.2277964 0.2535372 0.2882049 0.3351344 0.3505470 0.3505470 -9999.000 -9999.000 -9999.000 -9999.000 -9999.000 -9999.000 -9999.000 -9999.000 -9999.000 -9999.000 -9999.000 -9999.000 -9999.000 -9999.000 -9999.000 -9999.000 -9999.000 -9999.000 -9999.000 -9999.000 -9999.000 -9999.000 -9999.000 -9999.000 -9999.000 -9999.000 -9999.000 -9999.000 -9999.000
-9999.000 -9999.000 -9999.000 -9999.000 -9999.000 -9999.000 -9999.000 -9999.000 -9999.000 -9999.000 -9999.000 -9999.000 -9999.000 -9999.000 -9999.000 0.1162516 0.1091812 0.1162380 0.1258422 0.1366809 0.1484145 0.1610879 0.1750392 0.1908922 0.2096289 0.2327897 0.2628680 0.3039986 0.3613462 0.3913032 0.3913032 -9999.000 -9999.000 -9999.000 -9999.000 -9999.000 -9999.000 -9999.000 -9999.000 -9999.000 -9999.000 -9999.000 -9999.000 -9999.000 -9999.000 -9999.000 -9999.000 -9999.000 -9999.000 -9999.000 -9999.000 -9999.000 -9999.000 -9999.000 -9999.000 -9999.000 -9999.000 -9999.000 -9999.000 -9999.000
-9999.000 -9999.000 -9999.000 -9999.000 -9999.000 -9999.000 -9999.000 -9999.000 -9999.000 -9999.000 -9999.000 -9999.000 -9999.000 -9999.000 -9999.000 0.9963188E-01 0.9518071E-01 0.1041784 0.1157706 0.1286315 0.1423980 0.1571368 0.1732446 0.1914424 0.2128798 0.2394146 0.2741719 0.3225837 0.3926347 0.4455084 0.4455084 -9999.000 -9999.000 -9999.000 -9999.000 -9999.000 -9999.000 -9999.000 -9999.000 -9999.000 -9999.000 -9999.000 -9999.000 -9999.000 -9999.000 -9999.000 -9999.000 -9999.000 -9999.000 -9999.000 -9999.000 -9999.000 -9999.000 -9999.000 -9999.000 -9999.000 -9999.000 -9999.000 -9999.000 -9999.000
-9999.000 -9999.000 -9999.000 -9999.000 -9999.000 -9999.000 -9999.000 -9999.000 -9999.000 -9999.000 -9999.000 -9999.000 -9999.000 -9999.000 -9999.000 0.8075247E-01 0.8038976E-01 0.9218684E-01 0.1064363 0.1218525 0.1380896 0.1552666 0.1738527 0.1946672 0.2190230 0.2491117 0.2887959 0.3452134 0.4306833 0.5214967 0.5214967 -9999.000 -9999.000 -9999.000 -9999.000 -9999.000 -9999.000 -9999.000 -9999.000 -9999.000 -9999.000 -9999.000 -9999.000 -9999.000 -9999.000 -9999.000 -9999.000 -9999.000 -9999.000 -9999.000 -9999.000 -9999.000 -9999.000 -9999.000 -9999.000 -9999.000 -9999.000 -9999.000 -9999.000 -9999.000
-9999.000 -9999.000 -9999.000 -9999.000 -9999.000 -9999.000 -9999.000 -9999.000 -9999.000 -9999.000 -9999.000 -9999.000 -9999.000 -9999.000 -9999.000 0.5841077E-01 0.7329842E-01 0.9407187E-01 0.1140602 0.1331567 0.1517513 0.1704559 0.1900876 0.2117511 0.2370714 0.2687179 0.3115138 0.3749003 0.4778448 0.6354245 0.6354245 -9999.000 -9999.000 -9999.000 -9999.000 -9999.000 -9999.000 -9999.000 -9999.000 -9999.000 -9999.000 -9999.000 -9999.000 -9999.000 -9999.000 -9999.000 -9999.000 -9999.000 -9999.000 -9999.000 -9999.000 -9999.000 -9999.000 -9999.000 -9999.000 -9999.000 -9999.000 -9999.000 -9999.000 -9999.000
1.710593 1.710593 1.773935 1.805568 1.814161 1.814161 1.820380 1.828238 1.828238 1.832259 1.832259 1.833837 1.833946 1.807201 1.525293 1.525293 1.278615 1.215453 1.144256 1.066257 0.9834176 0.8985380 0.8152884 0.7382275 0.6728865 0.6261148 0.6070831 0.6297688 0.7189084 0.9380307 0.9380307 1.614192 1.802180 1.845213 1.807160 1.807160 1.690169 1.690169 1.455504 1.455504 1.134596 0.9653866 0.9653866 0.9583587 0.9583587 0.9970317 0.9970317 0.9970317 1.047357 1.047357 1.092638 1.092638 1.131094 1.131094 1.174902 1.174902 1.201854 1.201854 1.201854 1.220615
1.725663 1.725663 1.794642 1.840850 1.857215 1.857215 1.871303 1.894939 1.894939 1.914638 1.914638 1.931754 1.939578 1.935953 1.727548 1.727548 1.529693 1.508454 1.479142 1.440517 1.392265 1.334918 1.269941 1.199933 1.128999 1.063399 1.012564 0.9909195 1.021474 1.145839 1.145839 1.620064 1.776877 1.880352 1.894218 1.894218 1.871449 1.871449 1.765649 1.765649 1.574598 1.300757 1.300757 1.303549 1.303549 1.352760 1.352760 1.352760 1.406164 1.406164 1.454844 1.454844 1.484097 1.484097 1.537878 1.537878 1.571366 1.571366 1.571366 1.597515
1.729217 1.729217 1.796164 1.841319 1.857666 1.857666 1.871866 1.895883 1.895883 1.916040 1.916040 1.933668 1.941771 1.942750 1.797356 1.797356 1.586043 1.584075 1.577731 1.565169 1.545455 1.518206 1.483696 1.443034 1.398462 1.353817 1.315346 1.293225 1.304802 1.385674 1.385674 1.736377 1.877925 1.998366 2.024806 2.024806 2.025103 2.025103 1.958326 1.958326 1.852478 1.597410 1.597410 1.565909 1.565909 1.604494 1.604494 1.604494 1.651182 1.651182 1.692329 1.692329 1.724710 1.724710 1.763370 1.763370 1.791257 1.791257 1.791257 1.812384
1.731975 1.731975 1.797419 1.841474 1.857669 1.857669 1.871830 1.895877 1.895877 1.916063 1.916063 1.933698 1.941803 1.945210 1.855749 1.855749 1.616350 1.622599 1.626323 1.625703 1.620256 1.609801 1.594487 1.574913 1.552361 1.529147 1.509176 1.498969 1.510064 1.570419 1.570419 1.837645 1.957090 2.069167 2.093244 2.093244 2.096433 2.096433 2.054482 2.054482 1.999215 1.807941 1.807941 1.738194 1.738194 1.767044 1.767044 1.767044 1.806925 1.806925 1.842964 1.842964 1.872040 1.872040 1.903136 1.903136 1.927345 1.927345 1.927345 1.945336
1.734045 1.734045 1.798452 1.841607 1.857662 1.857662 1.871785 1.895860 1.895860 1.916069 1.916069 1.933698 1.941798 1.946751 1.891577 1.891577 1.642944 1.654763 1.664695 1.670354 1.671865 1.669636 1.664260 1.656528 1.647517 1.638818 1.632903 1.633733 1.648186 1.698337 1.698337 1.907565 2.005893 2.097910 2.113094 2.113094 2.109855 2.109855 2.088891 2.088891 2.066451 1.953359 1.953359 1.867386 1.867386 1.875167 1.875167 1.875167 1.909076 1.909076 1.941528 1.941528 1.968363 1.968363 1.994708 1.994708 2.016014 2.016014 2.016014 2.031696
1.735483 1.735483 1.799217 1.841710 1.857652 1.857652 1.871744 1.895844 1.895844 1.916074 1.916074 1.933700 1.941794 1.947737 1.914406 1.914406 1.671740 1.687375 1.702602 1.712800 1.718438 1.720368 1.719681 1.717606 1.715459 1.714702 1.717134 1.725129 1.741967 1.783405 1.783405 1.947989 2.025425 2.087273 2.091210 2.091210 2.085790 2.085790 2.089101 2.089101 2.089288 2.044054 2.044054 1.971501 1.971501 1.955030 1.955030 1.955030 1.981017 1.981017 2.009408 2.009408 2.034004 2.034004 2.056743 2.056743 2.075173 2.075173 2.075173 2.088629
1.736330 1.736330 1.799686 1.841776 1.857646 1.857646 1.871717 1.895834 1.895834 1.916077 1.916077 1.933702 1.941792 1.948369 1.929477 1.929477 1.708168 1.723442 1.743344 1.757535 1.766353 1.770799 1.772271 1.772391 1.772851 1.775318 1.781451 1.792839 1.809718 1.840089 1.840089 1.958932 2.013650 2.038451 2.035099 2.035099 2.041561 2.041561 2.072432 2.072432 2.088758 2.091875 2.091875 2.050609 2.050609 2.019528 2.019528 2.019528 2.035741 2.035741 2.058622 2.058622 2.080130 2.080130 2.099316 2.099316 2.114663 2.114663 2.114663 2.125762
1.736609 1.736609 1.799845 1.841800 1.857643 1.857643 1.871708 1.895831 1.895831 1.916079 1.916079 1.933702 1.941792 1.948775 1.939299 1.939299 1.759384 1.765224 1.788426 1.805968 1.817492 1.823866 1.826526 1.827262 1.828050 1.830883 1.837649 1.849225 1.860686 1.870403 1.870403 1.942454 1.966613 1.958721 1.958562 1.958562 1.991731 1.991731 2.048755 2.048755 2.076480 2.110874 2.110874 2.103180 2.103180 2.073283 2.073283 2.073283 2.080330 2.080330 2.096445 2.096445 2.113513 2.113513 2.128728 2.128728 2.140760 2.140760 2.140760 2.149388
1.736330 1.736330 1.799686 1.841776 1.857645 1.857645 1.871716 1.895834 1.895834 1.916077 1.916077 1.933702 1.941792 1.949036 1.945631 1.945631 1.819851 1.816306 1.838979 1.859074 1.872984 1.880963 1.884309 1.884869 1.884808 1.886393 1.891732 1.900524 1.898767 1.872121 1.872121 1.889761 1.879934 1.863235 1.877703 1.877703 1.944217 1.944217 2.022384 2.022384 2.058122 2.112414 2.112414 2.132042 2.132042 2.116293 2.116293 2.116293 2.117583 2.117583 2.126843 2.126843 2.138352 2.138352 2.148936 2.148936 2.157253 2.157253 2.157253 2.163258
1.735483 1.735483 1.799216 1.841710 1.857653 1.857653 1.871744 1.895845 1.895845 1.916074 1.916074 1.933700 1.941795 1.949206 1.949682 1.949682 1.883736 1.878494 1.898032 1.918745 1.934047 1.943044 1.946625 1.946506 1.944899 1.944257 1.946837 1.949697 1.919974 1.832486 1.832486 1.791472 1.759715 1.769029 1.803204 1.803204 1.901253 1.901253 1.995134 1.995134 2.036618 2.103878 2.103878 2.143010 2.143010 2.147421 2.147421 2.147421 2.147601 2.147601 2.151320 2.151320 2.156848 2.156848 2.162164 2.162164 2.166351 2.166351 2.166351 2.169616
1.734046 1.734046 1.798452 1.841607 1.857661 1.857661 1.871784 1.895860 1.895860 1.916069 1.916069 1.933698 1.941797 1.949318 1.952253 1.952253 1.948931 1.951239 1.968113 1.987253 2.002205 2.011103 2.014211 2.012898 2.009241 2.005735 2.004599 1.995861 1.905761 1.732598 1.732598 1.656057 1.630324 1.684635 1.732583 1.732583 1.860934 1.860934 1.966793 1.966793 2.012693 2.088944 2.088944 2.141431 2.141431 2.166173 2.166173 2.166173 2.169202 2.169202 2.169554 2.169554 2.169471 2.169471 2.169241 2.169241 2.169071 2.169071 2.169071 2.169614
1.731976 1.731976 1.797420 1.841474 1.857669 1.857669 1.871830 1.895878 1.895878 1.916063 1.916063 1.933698 1.941803 1.949393 1.953855 1.953855 2.017406 2.033701 2.050661 2.066877 2.079328 2.086381 2.087836 2.084583 2.078358 2.071514 2.065668 2.029719 1.799731 1.584634 1.584634 1.503888 1.506637 1.611935 1.678650 1.678650 1.824048 1.824048 1.939816 1.939816 1.989022 2.071302 2.071302 2.132504 2.132504 2.174135 2.174135 2.174135 2.182059 2.182059 2.181181 2.181181 2.176500 2.176500 2.170984 2.170984 2.166573 2.166573 2.166573 2.164595
