simulation_files/asc/Velocity__x_296.0.asc
NCOLS        79
NROWS        79
XLLCENTER         -1.500000
YLLCENTER         -4.800000
CELLSIZE           0.100
NODATA_VALUE     -9999.0
[rows 0 to 25 of 79, columns 0 to 57 of 79]
-9999.000 -9999.000 -9999.000 -9999.000 -9999.000 -9999.000 -9999.000 -9999.000 -9999.000 -9999.000 -9999.000 -9999.000 -9999.000 -9999.000 -9999.000 -0.1664249E-03 0.1322154E-02 0.4961508E-02 0.8972389E-02 0.1250591E-01 0.1526726E-01 0.1717290E-01 0.1822311E-01 0.1849003E-01 0.1805973E-01 0.1700422E-01 0.1536535E-01 0.1301405E-01 0.9242453E-02 0.4541526E-02 0.4541526E-02 -9999.000 -9999.000 -9999.000 -9999.000 -9999.000 -9999.000 -9999.000 -9999.000 -9999.000 -9999.000 -9999.000 -9999.000 -9999.000 -9999.000 -9999.000 -9999.000 -9999.000 -9999.000 -9999.000 -9999.000 -9999.000 -9999.000 -9999.000 -9999.000 -9999.000 -9999.000 -9999.000
-9999.000 -9999.000 -9999.000 -9999.000 -9999.000 -9999.000 -9999.000 -9999.000 -9999.000 -9999.000 -9999.000 -9999.000 -9999.000 -9999.000 -9999.000 0.1057187E-02 0.3759873E-02 0.8515849E-02 0.1354240E-01 0.1799681E-01 0.2153010E-01 0.2399761E-01 0.2535002E-01 0.2562112E-01 0.2487369E-01 0.2317124E-01 0.2056241E-01 0.1695677E-01 0.1177617E-01 0.5768397E-02 0.5768397E-02 -9999.000 -9999.000 -9999.000 -9999.000 -9999.000 -9999.000 -9999.000 -9999.000 -9999.000 -9999.000 -9999.000 -9999.000 -9999.000 -9999.000 -9999.000 -9999.000 -9999.000 -9999.000 -9999.000 -9999.000 -9999.000 -9999.000 -9999.000 -9999.000 -9999.000 -9999.000 -9999.000
-9999.000 -9999.000 -9999.000 -9999.000 -9999.000 -9999.000 -9999.000 -9999.000 -9999.000 -9999.000 -9999.000 -9999.000 -9999.000 -9999.000 -9999.000 0.1603649E-02 0.4925495E-02 0.1036981E-01 0.1602961E-01 0.2102502E-01 0.2498423E-01 0.2774511E-01 0.2924507E-01 0.2951076E-01 0.2860324E-01 0.2659068E-01 0.2353275E-01 0.1935044E-01 0.1346024E-01 0.6631460E-02 0.6631460E-02 -9999.000 -9999.000 -9999.000 -9999.000 -9999.000 -9999.000 -9999.000 -9999.000 -9999.000 -9999.000 -9999.000 -9999.000 -9999.000 -9999.000 -9999.000 -9999.000 -9999.000 -9999.000 -9999.000 -9999.000 -9999.000 -9999.000 -9999.000 -9999.000 -9999.000 -9999.000 -9999.000
-9999.000 -9999.000 -9999.000 -9999.000 -9999.000 -9999.000 -9999.000 -9999.000 -9999.000 -9999.000 -9999.000 -9999.000 -9999.000 -9999.000 -9999.000 0.1923835E-02 0.5622800E-02 0.1150337E-01 0.1757198E-01 0.2291868E-01 0.2715724E-01 0.3011611E-01 0.3172631E-01 0.3201273E-01 0.3103673E-01 0.2886899E-01 0.2557412E-01 0.2107211E-01 0.1474845E-01 0.7321905E-02 0.7321905E-02 -9999.000 -9999.000 -9999.000 -9999.000 -9999.000 -9999.000 -9999.000 -9999.000 -9999.000 -9999.000 -9999.000 -9999.000 -9999.000 -9999.000 -9999.000 -9999.000 -9999.000 -9999.000 -9999.000 -9999.000 -9999.000 -9999.000 -9999.000 -9999.000 -9999.000 -9999.000 -9999.000
-9999.000 -9999.000 -9999.000 -9999.000 -9999.000 -9999.000 -9999.000 -9999.000 -9999.000 -9999.000 -9999.000 -9999.000 -9999.000 -9999.000 -9999.000 0.2159512E-02 0.6140222E-02 0.1235102E-01 0.1873149E-01 0.2434681E-01 0.2880259E-01 0.3192182E-01 0.3363137E-01 0.3395645E-01 0.3295912E-01 0.3071082E-01 0.2727810E-01 0.2257276E-01 0.1593502E-01 0.7982155E-02 0.7982155E-02 -9999.000 -9999.000 -9999.000 -9999.000 -9999.000 -9999.000 -9999.000 -9999.000 -9999.000 -9999.000 -9999.000 -9999.000 -9999.000 -9999.000 -9999.000 -9999.000 -9999.000 -9999.000 -9999.000 -9999.000 -9999.000 -9999.000 -9999.000 -9999.000 -9999.000 -9999.000 -9999.000
-9999.000 -9999.000 -9999.000 -9999.000 -9999.000 -9999.000 -9999.000 -9999.000 -9999.000 -9999.000 -9999.000 -9999.000 -9999.000 -9999.000 -9999.000 0.2373830E-02 0.6609140E-02 0.1311518E-01 0.1977251E-01 0.2562589E-01 0.3027651E-01 0.3354391E-01 0.3535322E-01 0.3573093E-01 0.3473908E-01 0.3245008E-01 0.2893035E-01 0.2407903E-01 0.1717737E-01 0.8692688E-02 0.8692688E-02 -9999.000 -9999.000 -9999.000 -9999.000 -9999.000 -9999.000 -9999.000 -9999.000 -9999.000 -9999.000 -9999.000 -9999.000 -9999.000 -9999.000 -9999.000 -9999.000 -9999.000 -9999.000 -9999.000 -9999.000 -9999.000 -9999.000 -9999.000 -9999.000 -9999.000 -9999.000 -9999.000
-9999.000 -9999.000 -9999.000 -9999.000 -9999.000 -9999.000 -9999.000 -9999.000 -9999.000 -9999.000 -9999.000 -9999.000 -9999.000 -9999.000 -9999.000 0.2597262E-02 0.7092832E-02 0.1389320E-01 0.2082301E-01 0.2690875E-01 0.3175128E-01 0.3516888E-01 0.3708495E-01 0.3752851E-01 0.3656257E-01 0.3425946E-01 0.3068463E-01 0.2572035E-01 0.1857414E-01 0.9507390E-02 0.9507390E-02 -9999.000 -9999.000 -9999.000 -9999.000 -9999.000 -9999.000 -9999.000 -9999.000 -9999.000 -9999.000 -9999.000 -9999.000 -9999.000 -9999.000 -9999.000 -9999.000 -9999.000 -9999.000 -9999.000 -9999.000 -9999.000 -9999.000 -9999.000 -9999.000 -9999.000 -9999.000 -9999.000
-9999.000 -9999.000 -9999.000 -9999.000 -9999.000 -9999.000 -9999.000 -9999.000 -9999.000 -9999.000 -9999.000 -9999.000 -9999.000 -9999.000 -9999.000 0.2846192E-02 0.7624844E-02 0.1473660E-01 0.2194942E-01 0.2827567E-01 0.3331840E-01 0.3689573E-01 0.3893066E-01 0.3945644E-01 0.3853662E-01 0.3624298E-01 0.3263971E-01 0.2758758E-01 0.2020409E-01 0.1047393E-01 0.1047393E-01 -9999.000 -9999.000 -9999.000 -9999.000 -9999.000 -9999.000 -9999.000 -9999.000 -9999.000 -9999.000 -9999.000 -9999.000 -9999.000 -9999.000 -9999.000 -9999.000 -9999.000 -9999.000 -9999.000 -9999.000 -9999.000 -9999.000 -9999.000 -9999.000 -9999.000 -9999.000 -9999.000
-9999.000 -9999.000 -9999.000 -9999.000 -9999.000 -9999.000 -9999.000 -9999.000 -9999.000 -9999.000 -9999.000 -9999.000 -9999.000 -9999.000 -9999.000 0.3130465E-02 0.8226243E-02 0.1567757E-01 0.2319473E-01 0.2977813E-01 0.3503680E-01 0.3879027E-01 0.4096225E-01 0.4159110E-01 0.4074098E-01 0.3848333E-01 0.3488086E-01 0.2976799E-01 0.2215240E-01 0.1164649E-01 0.1164649E-01 -9999.000 -9999.000 -9999.000 -9999.000 -9999.000 -9999.000 -9999.000 -9999.000 -9999.000 -9999.000 -9999.000 -9999.000 -9999.000 -9999.000 -9999.000 -9999.000 -9999.000 -9999.000 -9999.000 -9999.000 -9999.000 -9999.000 -9999.000 -9999.000 -9999.000 -9999.000 -9999.000
-9999.000 -9999.000 -9999.000 -9999.000 -9999.000 -9999.000 -9999.000 -9999.000 -9999.000 -9999.000 -9999.000 -9999.000 -9999.000 -9999.000 -9999.000 0.3459035E-02 0.8915106E-02 0.1674392E-01 0.2459536E-01 0.3146034E-01 0.3695783E-01 0.4091090E-01 0.4324446E-01 0.4400351E-01 0.4325437E-01 0.4106737E-01 0.3750346E-01 0.3236448E-01 0.2452531E-01 0.1309509E-01 0.1309509E-01 -9999.000 -9999.000 -9999.000 -9999.000 -9999.000 -9999.000 -9999.000 -9999.000 -9999.000 -9999.000 -9999.000 -9999.000 -9999.000 -9999.000 -9999.000 -9999.000 -9999.000 -9999.000 -9999.000 -9999.000 -9999.000 -9999.000 -9999.000 -9999.000 -9999.000 -9999.000 -9999.000
-9999.000 -9999.000 -9999.000 -9999.000 -9999.000 -9999.000 -9999.000 -9999.000 -9999.000 -9999.000 -9999.000 -9999.000 -9999.000 -9999.000 -9999.000 0.3840697E-02 0.9710415E-02 0.1796555E-01 0.2619044E-01 0.3337038E-01 0.3913848E-01 0.4332289E-01 0.4585159E-01 0.4677893E-01 0.4617242E-01 0.4410279E-01 0.4062903E-01 0.3551315E-01 0.2746912E-01 0.1491817E-01 0.1491817E-01 -9999.000 -9999.000 -9999.000 -9999.000 -9999.000 -9999.000 -9999.000 -9999.000 -9999.000 -9999.000 -9999.000 -9999.000 -9999.000 -9999.000 -9999.000 -9999.000 -9999.000 -9999.000 -9999.000 -9999.000 -9999.000 -9999.000 -9999.000 -9999.000 -9999.000 -9999.000 -9999.000
-9999.000 -9999.000 -9999.000 -9999.000 -9999.000 -9999.000 -9999.000 -9999.000 -9999.000 -9999.000 -9999.000 -9999.000 -9999.000 -9999.000 -9999.000 0.4286965E-02 0.1063620E-01 0.1938042E-01 0.2803097E-01 0.3557085E-01 0.4165300E-01 0.4611294E-01 0.4888329E-01 0.5003084E-01 0.4962550E-01 0.4773870E-01 0.4442845E-01 0.3940874E-01 0.3119695E-01 0.1725967E-01 0.1725967E-01 -9999.000 -9999.000 -9999.000 -9999.000 -9999.000 -9999.000 -9999.000 -9999.000 -9999.000 -9999.000 -9999.000 -9999.000 -9999.000 -9999.000 -9999.000 -9999.000 -9999.000 -9999.000 -9999.000 -9999.000 -9999.000 -9999.000 -9999.000 -9999.000 -9999.000 -9999.000 -9999.000
-9999.000 -9999.000 -9999.000 -9999.000 -9999.000 -9999.000 -9999.000 -9999.000 -9999.000 -9999.000 -9999.000 -9999.000 -9999.000 -9999.000 -9999.000 0.4814969E-02 0.1173006E-01 0.2104741E-01 0.3019484E-01 0.3815715E-01 0.4461392E-01 0.4941084E-01 0.5248806E-01 0.5392877E-01 0.5380683E-01 0.5219692E-01 0.4915694E-01 0.4434324E-01 0.3603248E-01 0.2034010E-01 0.2034010E-01 -9999.000 -9999.000 -9999.000 -9999.000 -9999.000 -9999.000 -9999.000 -9999.000 -9999.000 -9999.000 -9999.000 -9999.000 -9999.000 -9999.000 -9999.000 -9999.000 -9999.000 -9999.000 -9999.000 -9999.000 -9999.000 -9999.000 -9999.000 -9999.000 -9999.000 -9999.000 -9999.000
-9999.000 -9999.000 -9999.000 -9999.000 -9999.000 -9999.000 -9999.000 -9999.000 -9999.000 -9999.000 -9999.000 -9999.000 -9999.000 -9999.000 -9999.000 0.5825774E-02 0.1381651E-01 0.2413155E-01 0.3376735E-01 0.4215073E-01 0.4895688E-01 0.5406145E-01 0.5742747E-01 0.5916693E-01 0.5936248E-01 0.5809510E-01 0.5542452E-01 0.5093481E-01 0.4260160E-01 0.2458389E-01 0.2458389E-01 -9999.000 -9999.000 -9999.000 -9999.000 -9999.000 -9999.000 -9999.000 -9999.000 -9999.000 -9999.000 -9999.000 -9999.000 -9999.000 -9999.000 -9999.000 -9999.000 -9999.000 -9999.000 -9999.000 -9999.000 -9999.000 -9999.000 -9999.000 -9999.000 -9999.000 -9999.000 -9999.000
-9999.000 -9999.000 -9999.000 -9999.000 -9999.000 -9999.000 -9999.000 -9999.000 -9999.000 -9999.000 -9999.000 -9999.000 -9999.000 -9999.000 -9999.000 0.6138048E-01 0.9238961E-01 0.1049702 0.9768339E-01 0.9337325E-01 0.8894533E-01 0.8433350E-01 0.7965040E-01 0.7498801E-01 0.7025941E-01 0.6540276E-01 0.6027413E-01 0.5418362E-01 0.4470092E-01 0.2216594E-01 0.2216594E-01 -9999.000 -9999.000 -9999.000 -9999.000 -9999.000 -9999.000 -9999.000 -9999.000 -9999.000 -9999.000 -9999.000 -9999.000 -9999.000 -9999.000 -9999.000 -9999.000 -9999.000 -9999.000 -9999.000 -9999.000 -9999.000 -9999.000 -9999.000 -9999.000 -9999.000 -9999.000 -9999.000
2.770102 2.770102 2.755272 2.788643 2.806650 2.806650 2.809526 2.809624 2.809624 2.806220 2.806220 2.800500 2.797005 2.793177 2.789257 2.789257 2.901520 2.904773 2.905849 2.884130 2.842032 2.778661 2.692322 2.583318 2.454516 2.307127 2.145391 1.979219 1.834176 1.777854 1.777854 2.627960 2.802470 2.898983 2.922148 2.922148 2.950762 2.950762 2.924963 2.924963 2.875980 2.681946 2.681946 2.250095 2.250095 2.010754 2.010754 2.010754 2.006498 2.006498 2.042974 2.042974 2.091900 2.091900 2.141429 2.141429 2.184855 2.184855
2.793109 2.793109 2.781314 2.841773 2.866686 2.866686 2.881372 2.903888 2.903888 2.922401 2.922401 2.938410 2.945717 2.952644 2.959419 2.959419 3.043508 3.059808 3.074312 3.083181 3.086458 3.082535 3.068586 3.041879 3.000463 2.942038 2.865608 2.772665 2.670430 2.599076 2.599076 3.058366 3.218613 3.369641 3.409774 3.409774 3.453701 3.453701 3.450256 3.450256 3.425659 3.314967 3.314967 3.079135 3.079135 2.835224 2.835224 2.835224 2.829591 2.829591 2.868012 2.868012 2.920028 2.920028 2.972155 2.972155 3.018780 3.018780
2.798678 2.798678 2.782571 2.843658 2.866466 2.866466 2.881823 2.905198 2.905198 2.924303 2.924303 2.940988 2.948674 2.956009 2.963240 2.963240 3.039280 3.066652 3.091826 3.112813 3.129369 3.141099 3.147022 3.145918 3.136644 3.117466 3.086804 3.044281 2.993237 2.956899 2.956899 3.222929 3.379162 3.557080 3.607959 3.607959 3.658161 3.658161 3.644255 3.644255 3.612493 3.508212 3.508212 3.349658 3.349658 3.131081 3.131081 3.131081 3.109426 3.109426 3.136517 3.136517 3.180409 3.180409 3.226406 3.226406 3.268383 3.268383
2.802896 2.802896 2.784241 2.844661 2.865881 2.865881 2.881514 2.905251 2.905251 2.924358 2.924358 2.941023 2.948710 2.956053 2.963341 2.963341 3.035026 3.071933 3.107042 3.137832 3.163354 3.183228 3.197090 3.204594 3.205552 3.199494 3.185842 3.164509 3.137628 3.120068 3.120068 3.283611 3.423033 3.609601 3.666107 3.666107 3.713046 3.713046 3.677880 3.677880 3.637064 3.544130 3.544130 3.445207 3.445207 3.272842 3.272842 3.272842 3.236691 3.236691 3.250517 3.250517 3.286409 3.286409 3.327766 3.327766 3.366661 3.366661
2.805901 2.805901 2.786166 2.845281 2.865461 2.865461 2.881259 2.905299 2.905299 2.924393 2.924393 2.941015 2.948693 2.956030 2.963387 2.963387 3.034760 3.080052 3.124242 3.163971 3.197728 3.224878 3.245111 3.258286 3.264494 3.263836 3.256436 3.242769 3.224792 3.212792 3.212792 3.314300 3.430211 3.607684 3.660311 3.660311 3.683698 3.683698 3.621883 3.621883 3.580940 3.519300 3.519300 3.474904 3.474904 3.359565 3.359565 3.359565 3.315739 3.315739 3.315005 3.315005 3.340443 3.340443 3.375605 3.375605 3.410559 3.410559
2.807830 2.807830 2.787997 2.845612 2.865165 2.865165 2.881055 2.905302 2.905302 2.924363 2.924363 2.940945 2.948619 2.955964 2.963441 2.963441 3.039498 3.092604 3.145021 3.192735 3.233900 3.267698 3.293782 3.312040 3.322581 3.325641 3.321566 3.311044 3.295868 3.283405 3.283405 3.342899 3.431578 3.579498 3.613657 3.613657 3.590769 3.590769 3.517642 3.517642 3.492291 3.476795 3.476795 3.477852 3.477852 3.418691 3.418691 3.418691 3.376923 3.376923 3.364147 3.364147 3.377389 3.377389 3.404034 3.404034 3.433203 3.433203
2.808855 2.808855 2.789328 2.845726 2.864949 2.864949 2.880890 2.905288 2.905288 2.924392 2.924392 2.941012 2.948708 2.956071 2.963711 2.963711 3.050216 3.111036 3.170866 3.225461 3.272920 3.312404 3.343574 3.366338 3.380788 3.387146 3.385763 3.377283 3.363174 3.348583 3.348583 3.378231 3.437664 3.528486 3.524355 3.524355 3.449322 3.449322 3.401432 3.401432 3.403165 3.433641 3.433641 3.468217 3.468217 3.457510 3.457510 3.457510 3.426484 3.426484 3.407403 3.407403 3.408935 3.408935 3.425282 3.425282 3.446664 3.446664
2.809154 2.809154 2.789797 2.845718 2.864850 2.864850 2.880823 2.905316 2.905316 2.924454 2.924454 2.941076 2.948767 2.956120 2.963966 2.963966 3.067770 3.136610 3.203171 3.263508 3.315969 3.359888 3.395046 3.421430 3.439143 3.448377 3.449421 3.442773 3.429492 3.412798 3.412798 3.420331 3.447569 3.439334 3.380591 3.380591 3.288068 3.288068 3.299771 3.299771 3.328349 3.393736 3.393736 3.451324 3.451324 3.479511 3.479511 3.479511 3.464444 3.464444 3.445763 3.445763 3.438338 3.438338 3.443810 3.443810 3.455702 3.455702
2.808854 2.808854 2.789328 2.845726 2.864949 2.864949 2.880890 2.905289 2.905289 2.924392 2.924392 2.941012 2.948709 2.956071 2.964224 2.964224 3.093719 3.171072 3.243670 3.308462 3.364391 3.411188 3.448895 3.477654 3.497643 3.509049 3.512092 3.507108 3.494685 3.475948 3.475948 3.464279 3.449378 3.286976 3.185625 3.185625 3.144995 3.144995 3.222781 3.222781 3.269672 3.357093 3.357093 3.430130 3.430130 3.488146 3.488146 3.488146 3.490452 3.490452 3.477656 3.477656 3.465404 3.465404 3.460835 3.460835 3.462205 3.462205
2.807829 2.807829 2.787997 2.845612 2.865165 2.865165 2.881055 2.905300 2.905300 2.924362 2.924362 2.940944 2.948619 2.955963 2.964520 2.964520 3.130207 3.216468 3.294177 3.361841 3.419393 3.467191 3.505680 3.535249 3.556206 3.568769 3.573116 3.569417 3.557607 3.535351 3.535351 3.498211 3.412226 3.066793 2.980198 2.980198 3.041255 3.041255 3.162627 3.162627 3.219554 3.320266 3.320266 3.404209 3.404209 3.484744 3.484744 3.484744 3.503219 3.503219 3.499516 3.499516 3.486661 3.486661 3.474090 3.474090 3.464887 3.464887
2.805900 2.805900 2.786165 2.845281 2.865462 2.865462 2.881260 2.905300 2.905300 2.924393 2.924393 2.941015 2.948693 2.956030 2.965145 2.965145 3.180749 3.275728 3.356955 3.425292 3.482085 3.528562 3.565695 3.594186 3.614505 3.626935 3.631626 3.628548 3.616246 3.583523 3.583523 3.491290 3.278520 2.828892 2.821972 2.821972 2.967853 2.967853 3.109373 3.109373 3.171473 3.280635 3.280635 3.372589 3.372589 3.469720 3.469720 3.469720 3.501716 3.501716 3.507945 3.507945 3.497355 3.497355 3.479366 3.479366 3.460488 3.460488
