simulation_files/asc/Velocity__x_108.0.asc
NCOLS        79
NROWS        79
XLLCENTER         -1.500000
YLLCENTER         -4.800000
CELLSIZE           0.100
NODATA_VALUE     -9999.0
[rows 0 to 25 of 79, columns 0 to 57 of 79]
-9999.000 -9999.000 -9999.000 -9999.000 -9999.000 -9999.000 -9999.000 -9999.000 -9999.000 -9999.000 -9999.000 -9999.000 -9999.000 -9999.000 -9999.000 -0.8637538E-05 0.7935418E-03 0.2447839E-02 0.4071970E-02 0.5531478E-02 0.6803241E-02 0.7903155E-02 0.8859799E-02 0.9692131E-02 0.1037598E-01 0.1079582E-01 0.1066825E-01 0.9424979E-02 0.6092530E-02 0.2462589E-02 0.2462589E-02 -9999.000 -9999.000 -9999.000 -9999.000 -9999.000 -9999.000 -9999.000 -9999.000 -9999.000 -9999.000 -9999.000 -9999.000 -9999.000 -9999.000 -9999.000 -9999.000 -9999.000 -9999.000 -9999.000 -9999.000 -9999.000 -9999.000 -9999.000 -9999.000 -9999.000 -9999.000 -9999.000
-9999.000 -9999.000 -9999.000 -9999.000 -9999.000 -9999.000 -9999.000 -9999.000 -9999.000 -9999.000 -9999.000 -9999.000 -9999.000 -9999.000 -9999.000 0.6743548E-03 0.2293144E-02 0.4882763E-02 0.7448808E-02 0.9807832E-02 0.1188904E-01 0.1366506E-01 0.1512279E-01 0.1623590E-01 0.1692957E-01 0.1703243E-01 0.1621289E-01 0.1389330E-01 0.9188733E-02 0.4042350E-02 0.4042350E-02 -9999.000 -9999.000 -9999.000 -9999.000 -9999.000 -9999.000 -9999.000 -9999.000 -9999.000 -9999.000 -9999.000 -9999.000 -9999.000 -9999.000 -9999.000 -9999.000 -9999.000 -9999.000 -9999.000 -9999.000 -9999.000 -9999.000 -9999.000 -9999.000 -9999.000 -9999.000 -9999.000
-9999.000 -9999.000 -9999.000 -9999.000 -9999.000 -9999.000 -9999.000 -9999.000 -9999.000 -9999.000 -9999.000 -9999.000 -9999.000 -9999.000 -9999.000 0.1208509E-02 0.3489593E-02 0.6864696E-02 0.1017867E-01 0.1321668E-01 0.1588207E-01 0.1812372E-01 0.1990683E-01 0.2118433E-01 0.2186049E-01 0.2174202E-01 0.2047168E-01 0.1743562E-01 0.1169026E-01 0.5304648E-02 0.5304648E-02 -9999.000 -9999.000 -9999.000 -9999.000 -9999.000 -9999.000 -9999.000 -9999.000 -9999.000 -9999.000 -9999.000 -9999.000 -9999.000 -9999.000 -9999.000 -9999.000 -9999.000 -9999.000 -9999.000 -9999.000 -9999.000 -9999.000 -9999.000 -9999.000 -9999.000 -9999.000 -9999.000
-9999.000 -9999.000 -9999.000 -9999.000 -9999.000 -9999.000 -9999.000 -9999.000 -9999.000 -9999.000 -9999.000 -9999.000 -9999.000 -9999.000 -9999.000 0.1653889E-02 0.4486065E-02 0.8513867E-02 0.1244559E-01 0.1603977E-01 0.1918041E-01 0.2180148E-01 0.2385597E-01 0.2528559E-01 0.2598247E-01 0.2573629E-01 0.2416024E-01 0.2058849E-01 0.1398337E-01 0.6480757E-02 0.6480757E-02 -9999.000 -9999.000 -9999.000 -9999.000 -9999.000 -9999.000 -9999.000 -9999.000 -9999.000 -9999.000 -9999.000 -9999.000 -9999.000 -9999.000 -9999.000 -9999.000 -9999.000 -9999.000 -9999.000 -9999.000 -9999.000 -9999.000 -9999.000 -9999.000 -9999.000 -9999.000 -9999.000
-9999.000 -9999.000 -9999.000 -9999.000 -9999.000 -9999.000 -9999.000 -9999.000 -9999.000 -9999.000 -9999.000 -9999.000 -9999.000 -9999.000 -9999.000 0.2049420E-02 0.5364697E-02 0.9959932E-02 0.1443170E-01 0.1851576E-01 0.2208111E-01 0.2505134E-01 0.2737115E-01 0.2897504E-01 0.2974477E-01 0.2945083E-01 0.2767083E-01 0.2367215E-01 0.1629282E-01 0.7686542E-02 0.7686542E-02 -9999.000 -9999.000 -9999.000 -9999.000 -9999.000 -9999.000 -9999.000 -9999.000 -9999.000 -9999.000 -9999.000 -9999.000 -9999.000 -9999.000 -9999.000 -9999.000 -9999.000 -9999.000 -9999.000 -9999.000 -9999.000 -9999.000 -9999.000 -9999.000 -9999.000 -9999.000 -9999.000
-9999.000 -9999.000 -9999.000 -9999.000 -9999.000 -9999.000 -9999.000 -9999.000 -9999.000 -9999.000 -9999.000 -9999.000 -9999.000 -9999.000 -9999.000 0.2427489E-02 0.6194509E-02 0.1131206E-01 0.1628446E-01 0.2082910E-01 0.2480287E-01 0.2812122E-01 0.3072349E-01 0.3253796E-01 0.3343571E-01 0.3316524E-01 0.3126042E-01 0.2690595E-01 0.1878080E-01 0.9007684E-02 0.9007684E-02 -9999.000 -9999.000 -9999.000 -9999.000 -9999.000 -9999.000 -9999.000 -9999.000 -9999.000 -9999.000 -9999.000 -9999.000 -9999.000 -9999.000 -9999.000 -9999.000 -9999.000 -9999.000 -9999.000 -9999.000 -9999.000 -9999.000 -9999.000 -9999.000 -9999.000 -9999.000 -9999.000
-9999.000 -9999.000 -9999.000 -9999.000 -9999.000 -9999.000 -9999.000 -9999.000 -9999.000 -9999.000 -9999.000 -9999.000 -9999.000 -9999.000 -9999.000 0.2815724E-02 0.7032818E-02 0.1265877E-01 0.1812175E-01 0.2312426E-01 0.2751346E-01 0.3119905E-01 0.3411611E-01 0.3618792E-01 0.3727375E-01 0.3709636E-01 0.3513663E-01 0.3047744E-01 0.2159782E-01 0.1052768E-01 0.1052768E-01 -9999.000 -9999.000 -9999.000 -9999.000 -9999.000 -9999.000 -9999.000 -9999.000 -9999.000 -9999.000 -9999.000 -9999.000 -9999.000 -9999.000 -9999.000 -9999.000 -9999.000 -9999.000 -9999.000 -9999.000 -9999.000 -9999.000 -9999.000 -9999.000 -9999.000 -9999.000 -9999.000
-9999.000 -9999.000 -9999.000 -9999.000 -9999.000 -9999.000 -9999.000 -9999.000 -9999.000 -9999.000 -9999.000 -9999.000 -9999.000 -9999.000 -9999.000 0.3237367E-02 0.7927680E-02 0.1407425E-01 0.2004156E-01 0.2552121E-01 0.3035266E-01 0.3444160E-01 0.3772080E-01 0.4010885E-01 0.4145271E-01 0.4144446E-01 0.3950172E-01 0.3458250E-01 0.2491394E-01 0.1234580E-01 0.1234580E-01 -9999.000 -9999.000 -9999.000 -9999.000 -9999.000 -9999.000 -9999.000 -9999.000 -9999.000 -9999.000 -9999.000 -9999.000 -9999.000 -9999.000 -9999.000 -9999.000 -9999.000 -9999.000 -9999.000 -9999.000 -9999.000 -9999.000 -9999.000 -9999.000 -9999.000 -9999.000 -9999.000
-9999.000 -9999.000 -9999.000 -9999.000 -9999.000 -9999.000 -9999.000 -9999.000 -9999.000 -9999.000 -9999.000 -9999.000 -9999.000 -9999.000 -9999.000 0.3713784E-02 0.8923365E-02 0.1562583E-01 0.2213327E-01 0.2812976E-01 0.3344974E-01 0.3799676E-01 0.4170313E-01 0.4448439E-01 0.4617360E-01 0.4642760E-01 0.4458763E-01 0.3945887E-01 0.2894989E-01 0.1459571E-01 0.1459571E-01 -9999.000 -9999.000 -9999.000 -9999.000 -9999.000 -9999.000 -9999.000 -9999.000 -9999.000 -9999.000 -9999.000 -9999.000 -9999.000 -9999.000 -9999.000 -9999.000 -9999.000 -9999.000 -9999.000 -9999.000 -9999.000 -9999.000 -9999.000 -9999.000 -9999.000 -9999.000 -9999.000
-9999.000 -9999.000 -9999.000 -9999.000 -9999.000 -9999.000 -9999.000 -9999.000 -9999.000 -9999.000 -9999.000 -9999.000 -9999.000 -9999.000 -9999.000 0.4266251E-02 0.1006372E-01 0.1738228E-01 0.2448938E-01 0.3106578E-01 0.3694337E-01 0.4202649E-01 0.4624991E-01 0.4952732E-01 0.5167799E-01 0.5231766E-01 0.5069588E-01 0.4542940E-01 0.3402048E-01 0.1747360E-01 0.1747360E-01 -9999.000 -9999.000 -9999.000 -9999.000 -9999.000 -9999.000 -9999.000 -9999.000 -9999.000 -9999.000 -9999.000 -9999.000 -9999.000 -9999.000 -9999.000 -9999.000 -9999.000 -9999.000 -9999.000 -9999.000 -9999.000 -9999.000 -9999.000 -9999.000 -9999.000 -9999.000 -9999.000
-9999.000 -9999.000 -9999.000 -9999.000 -9999.000 -9999.000 -9999.000 -9999.000 -9999.000 -9999.000 -9999.000 -9999.000 -9999.000 -9999.000 -9999.000 0.4918599E-02 0.1139941E-01 0.1942397E-01 0.2722022E-01 0.3447004E-01 0.4100570E-01 0.4673623E-01 0.5160243E-01 0.5551998E-01 0.5829386E-01 0.5949321E-01 0.5825754E-01 0.5296985E-01 0.4060878E-01 0.2128736E-01 0.2128736E-01 -9999.000 -9999.000 -9999.000 -9999.000 -9999.000 -9999.000 -9999.000 -9999.000 -9999.000 -9999.000 -9999.000 -9999.000 -9999.000 -9999.000 -9999.000 -9999.000 -9999.000 -9999.000 -9999.000 -9999.000 -9999.000 -9999.000 -9999.000 -9999.000 -9999.000 -9999.000 -9999.000
-9999.000 -9999.000 -9999.000 -9999.000 -9999.000 -9999.000 -9999.000 -9999.000 -9999.000 -9999.000 -9999.000 -9999.000 -9999.000 -9999.000 -9999.000 0.5701535E-02 0.1299574E-01 0.2185710E-01 0.3047490E-01 0.3853629E-01 0.4587794E-01 0.5241827E-01 0.5811013E-01 0.6287611E-01 0.6650987E-01 0.6852804E-01 0.6793848E-01 0.6283285E-01 0.4950709E-01 0.2655181E-01 0.2655181E-01 -9999.000 -9999.000 -9999.000 -9999.000 -9999.000 -9999.000 -9999.000 -9999.000 -9999.000 -9999.000 -9999.000 -9999.000 -9999.000 -9999.000 -9999.000 -9999.000 -9999.000 -9999.000 -9999.000 -9999.000 -9999.000 -9999.000 -9999.000 -9999.000 -9999.000 -9999.000 -9999.000
-9999.000 -9999.000 -9999.000 -9999.000 -9999.000 -9999.000 -9999.000 -9999.000 -9999.000 -9999.000 -9999.000 -9999.000 -9999.000 -9999.000 -9999.000 0.6661261E-02 0.1495227E-01 0.2484410E-01 0.3448236E-01 0.4356426E-01 0.5193626E-01 0.5953301E-01 0.6632829E-01 0.7226091E-01 0.7711876E-01 0.8036329E-01 0.8084758E-01 0.7629824E-01 0.6211116E-01 0.3418953E-01 0.3418953E-01 -9999.000 -9999.000 -9999.000 -9999.000 -9999.000 -9999.000 -9999.000 -9999.000 -9999.000 -9999.000 -9999.000 -9999.000 -9999.000 -9999.000 -9999.000 -9999.000 -9999.000 -9999.000 -9999.000 -9999.000 -9999.000 -9999.000 -9999.000 -9999.000 -9999.000 -9999.000 -9999.000
-9999.000 -9999.000 -9999.000 -9999.000 -9999.000 -9999.000 -9999.000 -9999.000 -9999.000 -9999.000 -9999.000 -9999.000 -9999.000 -9999.000 -9999.000 0.7965601E-02 0.1760218E-01 0.2888839E-01 0.3989783E-01 0.5034677E-01 0.6010400E-01 0.6913628E-01 0.7745768E-01 0.8504350E-01 0.9169391E-01 0.9682342E-01 0.9911355E-01 0.9584278E-01 0.8120885E-01 0.4611791E-01 0.4611791E-01 -9999.000 -9999.000 -9999.000 -9999.000 -9999.000 -9999.000 -9999.000 -9999.000 -9999.000 -9999.000 -9999.000 -9999.000 -9999.000 -9999.000 -9999.000 -9999.000 -9999.000 -9999.000 -9999.000 -9999.000 -9999.000 -9999.000 -9999.000 -9999.000 -9999.000 -9999.000 -9999.000
-9999.000 -9999.000 -9999.000 -9999.000 -9999.000 -9999.000 -9999.000 -9999.000 -9999.000 -9999.000 -9999.000 -9999.000 -9999.000 -9999.000 -9999.000 0.2314117E-01 0.3979748E-01 0.5674926E-01 0.7095730E-01 0.8292057E-01 0.9310328E-01 0.1019197 0.1097064 0.1166524 0.1226757 0.1272171 0.1288582 0.1244902 0.1070192 0.5665778E-01 0.5665778E-01 -9999.000 -9999.000 -9999.000 -9999.000 -9999.000 -9999.000 -9999.000 -9999.000 -9999.000 -9999.000 -9999.000 -9999.000 -9999.000 -9999.000 -9999.000 -9999.000 -9999.000 -9999.000 -9999.000 -9999.000 -9999.000 -9999.000 -9999.000 -9999.000 -9999.000 -9999.000 -9999.000
1.975523 1.975523 2.039889 2.075309 2.084255 2.084255 2.090527 2.098141 2.098141 2.101781 2.101781 2.102892 2.102725 2.102155 2.083353 2.083353 1.721093 1.667049 1.606117 1.534446 1.451757 1.358945 1.257832 1.151286 1.043514 0.9405369 0.8509217 0.7874380 0.7722051 0.8419886 0.8419886 1.739903 1.905501 1.925139 1.901272 1.901272 1.832111 1.832111 1.659706 1.659706 1.370764 1.133999 1.133999 1.096480 1.096480 1.129826 1.129826 1.129826 1.181086 1.181086 1.230489 1.230489 1.282999 1.282999 1.320194 1.320194 1.347986 1.347986
1.992344 1.992344 2.062948 2.114479 2.132050 2.132050 2.147037 2.172121 2.172121 2.193144 2.193144 2.211510 2.219925 2.227907 2.227927 2.227927 1.985747 1.962771 1.947876 1.925139 1.891405 1.845492 1.787023 1.716617 1.636159 1.549306 1.462424 1.386660 1.343532 1.381157 1.381157 1.907040 2.070278 2.180348 2.195896 2.195896 2.181587 2.181587 2.098961 2.098961 1.947289 1.649770 1.649770 1.615089 1.615089 1.651467 1.651467 1.651467 1.700554 1.700554 1.737011 1.737011 1.794435 1.794435 1.834198 1.834198 1.866302 1.866302
1.996304 1.996304 2.064670 2.115005 2.132561 2.132561 2.147658 2.173134 2.173134 2.194650 2.194650 2.213581 2.222304 2.230613 2.233906 2.233906 2.040386 2.013972 2.017020 2.018299 2.012185 1.997075 1.971914 1.936453 1.891317 1.838687 1.783100 1.732457 1.701449 1.728770 1.728770 2.092975 2.241010 2.377349 2.405373 2.405373 2.406555 2.406555 2.343308 2.343308 2.258831 2.034607 2.034607 1.955870 1.955870 1.978081 1.978081 1.978081 2.018232 2.018232 2.054313 2.054313 2.095615 2.095615 2.127938 2.127938 2.153569 2.153569
1.999362 1.999362 2.066107 2.115196 2.132589 2.132589 2.147630 2.173114 2.173114 2.194664 2.194664 2.213614 2.222343 2.230659 2.235621 2.235621 2.079936 2.042098 2.047525 2.058033 2.063471 2.062025 2.053062 2.036393 2.012331 1.982023 1.948703 1.918773 1.901504 1.924786 1.924786 2.195349 2.323992 2.461519 2.491399 2.491399 2.494176 2.494176 2.440963 2.440963 2.389682 2.233237 2.233237 2.135582 2.135582 2.143016 2.143016 2.143016 2.177790 2.177790 2.210746 2.210746 2.245580 2.245580 2.274526 2.274526 2.297297 2.297297
2.001644 2.001644 2.067292 2.115362 2.132602 2.132602 2.147588 2.173078 2.173078 2.194656 2.194656 2.213616 2.222346 2.230659 2.236688 2.236688 2.119058 2.074827 2.076860 2.091002 2.102199 2.107279 2.105628 2.097378 2.083160 2.064236 2.043438 2.025798 2.018860 2.043329 2.043329 2.236109 2.352375 2.479034 2.503146 2.503146 2.498218 2.498218 2.458640 2.458640 2.431361 2.341138 2.341138 2.251509 2.251509 2.238217 2.238217 2.238217 2.267113 2.267113 2.297445 2.297445 2.328393 2.328393 2.354834 2.354834 2.375408 2.375408
2.003222 2.003222 2.068173 2.115495 2.132609 2.132609 2.147549 2.173046 2.173046 2.194649 2.194649 2.213619 2.222348 2.230660 2.237376 2.237376 2.155935 2.113937 2.111731 2.126510 2.141015 2.150056 2.152419 2.148203 2.138228 2.123999 2.108372 2.095943 2.093154 2.114901 2.114901 2.252508 2.351267 2.450806 2.463279 2.463279 2.453001 2.453001 2.437881 2.437881 2.431653 2.396947 2.396947 2.334695 2.334695 2.304575 2.304575 2.304575 2.325121 2.325121 2.351368 2.351368 2.378592 2.378592 2.402181 2.402181 2.420401 2.420401
2.004146 2.004146 2.068714 2.115582 2.132612 2.132612 2.147521 2.173023 2.173023 2.194644 2.194644 2.213622 2.222351 2.230662 2.237818 2.237818 2.189467 2.157435 2.153519 2.167202 2.183159 2.194698 2.199673 2.197786 2.189738 2.177062 2.162595 2.150756 2.147283 2.162050 2.162050 2.255109 2.327187 2.382288 2.383763 2.383763 2.383713 2.383713 2.402038 2.402038 2.413721 2.420377 2.420377 2.391859 2.391859 2.357235 2.357235 2.357235 2.368394 2.368394 2.388722 2.388722 2.411299 2.411299 2.431349 2.431349 2.446850 2.446850
2.004452 2.004452 2.068896 2.115612 2.132614 2.132614 2.147512 2.173015 2.173015 2.194643 2.194643 2.213623 2.222352 2.230662 2.238102 2.238102 2.220323 2.203392 2.202002 2.214367 2.230153 2.242713 2.249165 2.248659 2.241537 2.229105 2.213981 2.200325 2.193093 2.196335 2.196335 2.244390 2.274925 2.278709 2.280499 2.280499 2.310775 2.310775 2.362829 2.362829 2.388233 2.423753 2.423753 2.425949 2.425949 2.400229 2.400229 2.400229 2.403795 2.403795 2.417166 2.417166 2.434011 2.434011 2.449652 2.449652 2.461844 2.461844
2.004146 2.004146 2.068714 2.115581 2.132612 2.132612 2.147521 2.173023 2.173023 2.194644 2.194644 2.213622 2.222351 2.230661 2.238283 2.238283 2.250471 2.251078 2.256312 2.268524 2.283065 2.295077 2.301657 2.301537 2.294617 2.281802 2.265290 2.248765 2.235716 2.220304 2.220304 2.209321 2.180413 2.156155 2.174871 2.174871 2.245256 2.245256 2.324218 2.324218 2.359421 2.414869 2.414869 2.441287 2.441287 2.433296 2.433296 2.433296 2.433189 2.433189 2.439972 2.439972 2.450332 2.450332 2.460650 2.460650 2.468878 2.468878
2.003221 2.003221 2.068173 2.115495 2.132609 2.132609 2.147549 2.173045 2.173045 2.194649 2.194649 2.213619 2.222348 2.230660 2.238399 2.238399 2.282789 2.301260 2.315742 2.329517 2.342455 2.352499 2.357651 2.356645 2.349047 2.335307 2.317069 2.297244 2.275943 2.225806 2.225806 2.124165 2.034570 2.039076 2.082427 2.082427 2.188698 2.188698 2.286643 2.286643 2.328825 2.398355 2.398355 2.442593 2.442593 2.455320 2.455320 2.455320 2.455827 2.455827 2.457657 2.457657 2.461461 2.461461 2.465811 2.465811 2.469546 2.469546
2.001643 2.001643 2.067293 2.115362 2.132602 2.132602 2.147588 2.173079 2.173079 2.194656 2.194656 2.213617 2.222346 2.230659 2.238473 2.238473 2.320992 2.356114 2.380355 2.396836 2.408194 2.415161 2.417313 2.413925 2.404507 2.389136 2.368865 2.345325 2.309710 2.184554 2.184554 1.956931 1.864285 1.940798 2.000330 2.000330 2.137090 2.137090 2.248460 2.248460 2.295944 2.375893 2.375893 2.432962 2.432962 2.465262 2.465262 2.465262 2.469554 2.469554 2.468619 2.468619 2.466563 2.466563 2.464818 2.464818 2.463851 2.463851
