simulation_files/asc/Velocity__x_252.0.asc
NCOLS        79
NROWS        79
XLLCENTER         -1.500000
YLLCENTER         -4.800000
CELLSIZE           0.100
NODATA_VALUE     -9999.0
[rows 0 to 25 of 79, columns 0 to 57 of 79]
-9999.000 -9999.000 -9999.000 -9999.000 -9999.000 -9999.000 -9999.000 -9999.000 -9999.000 -9999.000 -9999.000 -9999.000 -9999.000 -9999.000 -9999.000 -0.1082370E-02 -0.3026855E-03 0.3181903E-02 0.7717070E-02 0.1213523E-01 0.1568850E-01 0.1816943E-01 0.1956544E-01 0.1996732E-01 0.1951116E-01 0.1830127E-01 0.1640779E-01 0.1374918E-01 0.9686712E-02 0.4750740E-02 0.4750740E-02 -9999.000 -9999.000 -9999.000 -9999.000 -9999.000 -9999.000 -9999.000 -9999.000 -9999.000 -9999.000 -9999.000 -9999.000 -9999.000 -9999.000 -9999.000 -9999.000 -9999.000 -9999.000 -9999.000 -9999.000 -9999.000 -9999.000 -9999.000 -9999.000 -9999.000 -9999.000 -9999.000
-9999.000 -9999.000 -9999.000 -9999.000 -9999.000 -9999.000 -9999.000 -9999.000 -9999.000 -9999.000 -9999.000 -9999.000 -9999.000 -9999.000 -9999.000 0.1645480E-03 0.2161501E-02 0.6716893E-02 0.1219187E-01 0.1745661E-01 0.2174567E-01 0.2478606E-01 0.2650224E-01 0.2693523E-01 0.2618863E-01 0.2435489E-01 0.2151191E-01 0.1761815E-01 0.1216558E-01 0.5947168E-02 0.5947168E-02 -9999.000 -9999.000 -9999.000 -9999.000 -9999.000 -9999.000 -9999.000 -9999.000 -9999.000 -9999.000 -9999.000 -9999.000 -9999.000 -9999.000 -9999.000 -9999.000 -9999.000 -9999.000 -9999.000 -9999.000 -9999.000 -9999.000 -9999.000 -9999.000 -9999.000 -9999.000 -9999.000
-9999.000 -9999.000 -9999.000 -9999.000 -9999.000 -9999.000 -9999.000 -9999.000 -9999.000 -9999.000 -9999.000 -9999.000 -9999.000 -9999.000 -9999.000 0.6453370E-03 0.3203283E-02 0.8404350E-02 0.1448712E-01 0.2028022E-01 0.2498705E-01 0.2831748E-01 0.3018287E-01 0.3061759E-01 0.2972404E-01 0.2759857E-01 0.2432946E-01 0.1988785E-01 0.1376250E-01 0.6765889E-02 0.6765889E-02 -9999.000 -9999.000 -9999.000 -9999.000 -9999.000 -9999.000 -9999.000 -9999.000 -9999.000 -9999.000 -9999.000 -9999.000 -9999.000 -9999.000 -9999.000 -9999.000 -9999.000 -9999.000 -9999.000 -9999.000 -9999.000 -9999.000 -9999.000 -9999.000 -9999.000 -9999.000 -9999.000
-9999.000 -9999.000 -9999.000 -9999.000 -9999.000 -9999.000 -9999.000 -9999.000 -9999.000 -9999.000 -9999.000 -9999.000 -9999.000 -9999.000 -9999.000 0.8981057E-03 0.3777126E-02 0.9378418E-02 0.1585414E-01 0.2199482E-01 0.2697852E-01 0.3050602E-01 0.3248266E-01 0.3294238E-01 0.3198917E-01 0.2972147E-01 0.2623227E-01 0.2149313E-01 0.1496597E-01 0.7412623E-02 0.7412623E-02 -9999.000 -9999.000 -9999.000 -9999.000 -9999.000 -9999.000 -9999.000 -9999.000 -9999.000 -9999.000 -9999.000 -9999.000 -9999.000 -9999.000 -9999.000 -9999.000 -9999.000 -9999.000 -9999.000 -9999.000 -9999.000 -9999.000 -9999.000 -9999.000 -9999.000 -9999.000 -9999.000
-9999.000 -9999.000 -9999.000 -9999.000 -9999.000 -9999.000 -9999.000 -9999.000 -9999.000 -9999.000 -9999.000 -9999.000 -9999.000 -9999.000 -9999.000 0.1072523E-02 0.4185255E-02 0.1008984E-01 0.1686980E-01 0.2328144E-01 0.2848272E-01 0.3216985E-01 0.3424573E-01 0.3474517E-01 0.3377484E-01 0.3143380E-01 0.2781662E-01 0.2288893E-01 0.1607262E-01 0.8030316E-02 0.8030316E-02 -9999.000 -9999.000 -9999.000 -9999.000 -9999.000 -9999.000 -9999.000 -9999.000 -9999.000 -9999.000 -9999.000 -9999.000 -9999.000 -9999.000 -9999.000 -9999.000 -9999.000 -9999.000 -9999.000 -9999.000 -9999.000 -9999.000 -9999.000 -9999.000 -9999.000 -9999.000 -9999.000
-9999.000 -9999.000 -9999.000 -9999.000 -9999.000 -9999.000 -9999.000 -9999.000 -9999.000 -9999.000 -9999.000 -9999.000 -9999.000 -9999.000 -9999.000 0.1230889E-02 0.4557008E-02 0.1073801E-01 0.1779405E-01 0.2445037E-01 0.2984724E-01 0.3368096E-01 0.3585390E-01 0.3640353E-01 0.3543919E-01 0.3305935E-01 0.2935899E-01 0.2429470E-01 0.1723485E-01 0.8696665E-02 0.8696665E-02 -9999.000 -9999.000 -9999.000 -9999.000 -9999.000 -9999.000 -9999.000 -9999.000 -9999.000 -9999.000 -9999.000 -9999.000 -9999.000 -9999.000 -9999.000 -9999.000 -9999.000 -9999.000 -9999.000 -9999.000 -9999.000 -9999.000 -9999.000 -9999.000 -9999.000 -9999.000 -9999.000
-9999.000 -9999.000 -9999.000 -9999.000 -9999.000 -9999.000 -9999.000 -9999.000 -9999.000 -9999.000 -9999.000 -9999.000 -9999.000 -9999.000 -9999.000 0.1403191E-02 0.4953477E-02 0.1141551E-01 0.1874793E-01 0.2564572E-01 0.3123454E-01 0.3521441E-01 0.3748839E-01 0.3809763E-01 0.3715586E-01 0.3475960E-01 0.3100339E-01 0.2583041E-01 0.1854324E-01 0.9461702E-02 0.9461702E-02 -9999.000 -9999.000 -9999.000 -9999.000 -9999.000 -9999.000 -9999.000 -9999.000 -9999.000 -9999.000 -9999.000 -9999.000 -9999.000 -9999.000 -9999.000 -9999.000 -9999.000 -9999.000 -9999.000 -9999.000 -9999.000 -9999.000 -9999.000 -9999.000 -9999.000 -9999.000 -9999.000
-9999.000 -9999.000 -9999.000 -9999.000 -9999.000 -9999.000 -9999.000 -9999.000 -9999.000 -9999.000 -9999.000 -9999.000 -9999.000 -9999.000 -9999.000 0.1604407E-02 0.5406484E-02 0.1217101E-01 0.1979444E-01 0.2694233E-01 0.3272908E-01 0.3686145E-01 0.3924473E-01 0.3992582E-01 0.3902235E-01 0.3662890E-01 0.3283886E-01 0.2757858E-01 0.2007007E-01 0.1036868E-01 0.1036868E-01 -9999.000 -9999.000 -9999.000 -9999.000 -9999.000 -9999.000 -9999.000 -9999.000 -9999.000 -9999.000 -9999.000 -9999.000 -9999.000 -9999.000 -9999.000 -9999.000 -9999.000 -9999.000 -9999.000 -9999.000 -9999.000 -9999.000 -9999.000 -9999.000 -9999.000 -9999.000 -9999.000
-9999.000 -9999.000 -9999.000 -9999.000 -9999.000 -9999.000 -9999.000 -9999.000 -9999.000 -9999.000 -9999.000 -9999.000 -9999.000 -9999.000 -9999.000 0.1845684E-02 0.5937802E-02 0.1303684E-01 0.2097479E-01 0.2838952E-01 0.3438610E-01 0.3868264E-01 0.4118779E-01 0.4195625E-01 0.4111064E-01 0.3874226E-01 0.3494276E-01 0.2961765E-01 0.2189114E-01 0.1146608E-01 0.1146608E-01 -9999.000 -9999.000 -9999.000 -9999.000 -9999.000 -9999.000 -9999.000 -9999.000 -9999.000 -9999.000 -9999.000 -9999.000 -9999.000 -9999.000 -9999.000 -9999.000 -9999.000 -9999.000 -9999.000 -9999.000 -9999.000 -9999.000 -9999.000 -9999.000 -9999.000 -9999.000 -9999.000
-9999.000 -9999.000 -9999.000 -9999.000 -9999.000 -9999.000 -9999.000 -9999.000 -9999.000 -9999.000 -9999.000 -9999.000 -9999.000 -9999.000 -9999.000 0.2135865E-02 0.6565868E-02 0.1404094E-01 0.2232538E-01 0.3003011E-01 0.3625430E-01 0.4073192E-01 0.4337726E-01 0.4425424E-01 0.4349159E-01 0.4117645E-01 0.3739888E-01 0.3203877E-01 0.2410146E-01 0.1281668E-01 0.1281668E-01 -9999.000 -9999.000 -9999.000 -9999.000 -9999.000 -9999.000 -9999.000 -9999.000 -9999.000 -9999.000 -9999.000 -9999.000 -9999.000 -9999.000 -9999.000 -9999.000 -9999.000 -9999.000 -9999.000 -9999.000 -9999.000 -9999.000 -9999.000 -9999.000 -9999.000 -9999.000 -9999.000
-9999.000 -9999.000 -9999.000 -9999.000 -9999.000 -9999.000 -9999.000 -9999.000 -9999.000 -9999.000 -9999.000 -9999.000 -9999.000 -9999.000 -9999.000 0.2485422E-02 0.7311860E-02 0.1521498E-01 0.2388735E-01 0.3191301E-01 0.3838949E-01 0.4307217E-01 0.4588259E-01 0.4689717E-01 0.4625173E-01 0.4402824E-01 0.4031559E-01 0.3496230E-01 0.2683026E-01 0.1450757E-01 0.1450757E-01 -9999.000 -9999.000 -9999.000 -9999.000 -9999.000 -9999.000 -9999.000 -9999.000 -9999.000 -9999.000 -9999.000 -9999.000 -9999.000 -9999.000 -9999.000 -9999.000 -9999.000 -9999.000 -9999.000 -9999.000 -9999.000 -9999.000 -9999.000 -9999.000 -9999.000 -9999.000 -9999.000
-9999.000 -9999.000 -9999.000 -9999.000 -9999.000 -9999.000 -9999.000 -9999.000 -9999.000 -9999.000 -9999.000 -9999.000 -9999.000 -9999.000 -9999.000 0.2906964E-02 0.8202308E-02 0.1659980E-01 0.2571327E-01 0.3410141E-01 0.4086411E-01 0.4578544E-01 0.4879626E-01 0.4998891E-01 0.4950863E-01 0.4743112E-01 0.4384459E-01 0.3856009E-01 0.3026467E-01 0.1666495E-01 0.1666495E-01 -9999.000 -9999.000 -9999.000 -9999.000 -9999.000 -9999.000 -9999.000 -9999.000 -9999.000 -9999.000 -9999.000 -9999.000 -9999.000 -9999.000 -9999.000 -9999.000 -9999.000 -9999.000 -9999.000 -9999.000 -9999.000 -9999.000 -9999.000 -9999.000 -9999.000 -9999.000 -9999.000
-9999.000 -9999.000 -9999.000 -9999.000 -9999.000 -9999.000 -9999.000 -9999.000 -9999.000 -9999.000 -9999.000 -9999.000 -9999.000 -9999.000 -9999.000 0.3436623E-02 0.9313004E-02 0.1831444E-01 0.2795289E-01 0.3675048E-01 0.4383919E-01 0.4903761E-01 0.5229037E-01 0.5371120E-01 0.5345675E-01 0.5159683E-01 0.4822057E-01 0.4309388E-01 0.3469015E-01 0.1948205E-01 0.1948205E-01 -9999.000 -9999.000 -9999.000 -9999.000 -9999.000 -9999.000 -9999.000 -9999.000 -9999.000 -9999.000 -9999.000 -9999.000 -9999.000 -9999.000 -9999.000 -9999.000 -9999.000 -9999.000 -9999.000 -9999.000 -9999.000 -9999.000 -9999.000 -9999.000 -9999.000 -9999.000 -9999.000
-9999.000 -9999.000 -9999.000 -9999.000 -9999.000 -9999.000 -9999.000 -9999.000 -9999.000 -9999.000 -9999.000 -9999.000 -9999.000 -9999.000 -9999.000 0.5136068E-02 0.1289275E-01 0.2381847E-01 0.3421367E-01 0.4302112E-01 0.5009316E-01 0.5522177E-01 0.5839610E-01 0.5977462E-01 0.5953421E-01 0.5773749E-01 0.5447308E-01 0.4944556E-01 0.4085664E-01 0.2341966E-01 0.2341966E-01 -9999.000 -9999.000 -9999.000 -9999.000 -9999.000 -9999.000 -9999.000 -9999.000 -9999.000 -9999.000 -9999.000 -9999.000 -9999.000 -9999.000 -9999.000 -9999.000 -9999.000 -9999.000 -9999.000 -9999.000 -9999.000 -9999.000 -9999.000 -9999.000 -9999.000 -9999.000 -9999.000
-9999.000 -9999.000 -9999.000 -9999.000 -9999.000 -9999.000 -9999.000 -9999.000 -9999.000 -9999.000 -9999.000 -9999.000 -9999.000 -9999.000 -9999.000 0.8990123E-01 0.1372841 0.1598007 0.1520567 0.1325775 0.1182724 0.1056241 0.9450216E-01 0.8485142E-01 0.7630877E-01 0.6849547E-01 0.6107801E-01 0.5331459E-01 0.4287247E-01 0.2088719E-01 0.2088719E-01 -9999.000 -9999.000 -9999.000 -9999.000 -9999.000 -9999.000 -9999.000 -9999.000 -9999.000 -9999.000 -9999.000 -9999.000 -9999.000 -9999.000 -9999.000 -9999.000 -9999.000 -9999.000 -9999.000 -9999.000 -9999.000 -9999.000 -9999.000 -9999.000 -9999.000 -9999.000 -9999.000
2.839571 2.839571 2.855365 2.859936 2.879226 2.879226 2.881943 2.881940 2.881940 2.878388 2.878388 2.872295 2.868543 2.864425 2.860314 2.860314 3.004632 3.008875 3.010123 3.000234 2.964036 2.905104 2.823239 2.715958 2.587805 2.439944 2.275858 2.104572 1.950462 1.882741 1.882741 2.729108 2.907747 3.011881 3.037983 3.037983 3.073344 3.073344 3.059237 3.059237 3.016881 2.839604 2.839604 2.488016 2.488016 2.131024 2.131024 2.131024 2.110037 2.110037 2.139842 2.139842 2.187444 2.187444 2.237622 2.237622 2.282783 2.282783
2.861536 2.861536 2.886642 2.913410 2.940051 2.940051 2.954843 2.977741 2.977741 2.996588 2.996588 3.012698 3.019980 3.026850 3.033657 3.033657 3.140912 3.159811 3.175438 3.187457 3.192618 3.190645 3.179496 3.155622 3.117335 3.062204 2.988729 2.897819 2.796233 2.714696 2.714696 3.169881 3.330602 3.485498 3.527675 3.527675 3.576420 3.576420 3.579907 3.579907 3.559866 3.459538 3.459538 3.259427 3.259427 2.966156 2.966156 2.966156 2.942225 2.942225 2.974198 2.974198 3.024760 3.024760 3.077494 3.077494 3.125698 3.125698
2.865765 2.865765 2.885700 2.914788 2.939512 2.939512 2.955150 2.979034 2.979034 2.998547 2.998547 3.015381 3.023066 3.030363 3.037651 3.037651 3.133439 3.164758 3.192053 3.215465 3.233625 3.246555 3.253882 3.254225 3.246659 3.229584 3.201269 3.160978 3.111576 3.071509 3.071509 3.329447 3.486448 3.668267 3.721469 3.721469 3.777404 3.777404 3.770148 3.770148 3.741776 3.641307 3.641307 3.497220 3.497220 3.258487 3.258487 3.258487 3.219227 3.219227 3.238570 3.238570 3.280471 3.280471 3.327085 3.327085 3.370768 3.370768
2.868137 2.868137 2.889156 2.915089 2.938461 2.938461 2.954602 2.978971 2.978971 2.998492 2.998492 3.015286 3.022962 3.030261 3.037625 3.037625 3.126255 3.167912 3.206030 3.239511 3.267116 3.288559 3.303819 3.312548 3.314674 3.309884 3.297627 3.277676 3.251870 3.232071 3.232071 3.388829 3.527775 3.717952 3.777311 3.777311 3.831599 3.831599 3.802630 3.802630 3.762862 3.667377 3.667377 3.573176 3.573176 3.397428 3.397428 3.397428 3.347165 3.347165 3.352067 3.352067 3.384725 3.384725 3.426079 3.426079 3.466457 3.466457
2.866769 2.866769 2.895917 2.915779 2.938306 2.938306 2.954833 2.979664 2.979664 2.999214 2.999214 3.015987 3.023659 3.030956 3.038430 3.038430 3.124453 3.174864 3.222653 3.265401 3.301648 3.330802 3.352737 3.367342 3.374767 3.375208 3.368828 3.356042 3.338614 3.324880 3.324880 3.420541 3.534721 3.715419 3.771764 3.771764 3.803895 3.803895 3.744844 3.744844 3.701274 3.632807 3.632807 3.589723 3.589723 3.480382 3.480382 3.480382 3.427898 3.427898 3.418390 3.418390 3.439248 3.439248 3.473385 3.473385 3.509293 3.509293
2.867173 2.867173 2.899582 2.915691 2.937698 2.937698 2.954492 2.979682 2.979682 2.999260 2.999260 3.016013 3.023681 3.030977 3.038612 3.038612 3.127592 3.185892 3.242246 3.293262 3.337255 3.373459 3.401617 3.421660 3.433726 3.438092 3.435139 3.425502 3.410809 3.397128 3.397128 3.451730 3.537853 3.689395 3.728614 3.728614 3.713123 3.713123 3.634408 3.634408 3.603751 3.581442 3.581442 3.583832 3.583832 3.534737 3.534737 3.534737 3.489876 3.489876 3.470062 3.470062 3.477972 3.477972 3.502506 3.502506 3.531885 3.531885
2.867421 2.867421 2.901740 2.915616 2.937326 2.937326 2.954273 2.979686 2.979686 2.999281 2.999281 3.016020 3.023683 3.030978 3.038839 3.038839 3.137144 3.203083 3.267028 3.325137 3.375673 3.417856 3.451403 3.476257 3.492532 3.500471 3.500443 3.493051 3.479625 3.464427 3.464427 3.490367 3.547279 3.644309 3.646233 3.646233 3.570446 3.570446 3.509147 3.509147 3.505685 3.532315 3.532315 3.569060 3.569060 3.569050 3.569050 3.569050 3.539176 3.539176 3.515807 3.515807 3.512254 3.512254 3.525666 3.525666 3.546423 3.546423
2.867505 2.867505 2.902454 2.915588 2.937202 2.937202 2.954200 2.979689 2.979689 2.999289 2.999289 3.016022 3.023684 3.030979 3.039156 3.039156 3.154185 3.227973 3.298689 3.362641 3.418319 3.465117 3.502857 3.531553 3.551327 3.562383 3.565020 3.559708 3.547397 3.530730 3.530730 3.535994 3.562140 3.565743 3.510062 3.510062 3.401281 3.401281 3.397851 3.397851 3.423630 3.488564 3.488564 3.548961 3.548961 3.586963 3.586963 3.586963 3.575624 3.575624 3.555603 3.555603 3.544358 3.544358 3.546640 3.546640 3.557198 3.557198
2.867421 2.867421 2.901743 2.915616 2.937327 2.937327 2.954274 2.979687 2.979687 2.999282 2.999282 3.016020 3.023683 3.030978 3.039593 3.039593 3.180197 3.262284 3.338973 3.407388 3.466581 3.516337 3.556734 3.587940 3.610148 3.623558 3.628396 3.624976 3.613820 3.595731 3.595731 3.583691 3.571642 3.426119 3.316046 3.316046 3.245608 3.245608 3.313951 3.313951 3.360512 3.449671 3.449671 3.525766 3.525766 3.592326 3.592326 3.592326 3.599551 3.599551 3.587903 3.587903 3.573805 3.573805 3.566452 3.566452 3.566035 3.566035
2.867171 2.867171 2.899589 2.915693 2.937699 2.937699 2.954493 2.979683 2.979683 2.999261 2.999261 3.016013 3.023681 3.030977 3.040198 3.040198 3.217388 3.308165 3.389827 3.461025 3.521779 3.572508 3.613689 3.645740 3.668985 3.683654 3.689930 3.687973 3.677709 3.656784 3.656784 3.622470 3.547814 3.211270 3.098617 3.098617 3.131473 3.131473 3.250786 3.250786 3.308652 3.411942 3.411942 3.498889 3.498889 3.586752 3.586752 3.586752 3.610431 3.610431 3.609618 3.609618 3.596695 3.596695 3.582366 3.582366 3.571318 3.571318
2.866767 2.866767 2.895926 2.915781 2.938309 2.938309 2.954835 2.979665 2.979665 2.999215 2.999215 3.015987 3.023658 3.030955 3.041009 3.041009 3.269087 3.368416 3.453434 3.525159 3.585030 3.634330 3.674076 3.705000 3.727593 3.742149 3.748828 3.747602 3.737132 3.706760 3.706760 3.624286 3.435276 2.960507 2.921245 2.921245 3.053869 3.053869 3.196846 3.196846 3.260194 3.372046 3.372046 3.466859 3.466859 3.570338 3.570338 3.570338 3.607373 3.607373 3.617519 3.617519 3.608560 3.608560 3.590151 3.590151 3.569732 3.569732
