simulation_files/asc/Velocity____262.0.asc
NCOLS        79
NROWS        79
XLLCENTER         -1.500000
YLLCENTER         -4.800000
CELLSIZE           0.100
NODATA_VALUE     -9999.0
[rows 0 to 26 of 79, columns 0 to 59 of 79]
-9999.000 -9999.000 -9999.000 -9999.000 -9999.000 -9999.000 -9999.000 -9999.000 -9999.000 -9999.000 -9999.000 -9999.000 -9999.000 -9999.000 -9999.000 0.9223540E-01 0.8941333E-01 0.8844028E-01 0.8853717E-01 0.8950637E-01 0.9073142E-01 0.9189924E-01 0.9288556E-01 0.9356957E-01 0.9402221E-01 0.9427480E-01 0.9440029E-01 0.9460263E-01 0.9547459E-01 0.9648030E-01 0.9648030E-01 -9999.000 -9999.000 -9999.000 -9999.000 -9999.000 -9999.000 -9999.000 -9999.000 -9999.000 -9999.000 -9999.000 -9999.000 -9999.000 -9999.000 -9999.000 -9999.000 -9999.000 -9999.000 -9999.000 -9999.000 -9999.000 -9999.000 -9999.000 -9999.000 -9999.000 -9999.000 -9999.000 -9999.000 -9999.000
-9999.000 -9999.000 -9999.000 -9999.000 -9999.000 -9999.000 -9999.000 -9999.000 -9999.000 -9999.000 -9999.000 -9999.000 -9999.000 -9999.000 -9999.000 0.9226486E-01 0.8641519E-01 0.8445203E-01 0.8469293E-01 0.8668023E-01 0.8917908E-01 0.9159623E-01 0.9370288E-01 0.9524509E-01 0.9634910E-01 0.9706532E-01 0.9753755E-01 0.9821036E-01 0.1003924 0.1031495 0.1031495 -9999.000 -9999.000 -9999.000 -9999.000 -9999.000 -9999.000 -9999.000 -9999.000 -9999.000 -9999.000 -9999.000 -9999.000 -9999.000 -9999.000 -9999.000 -9999.000 -9999.000 -9999.000 -9999.000 -9999.000 -9999.000 -9999.000 -9999.000 -9999.000 -9999.000 -9999.000 -9999.000 -9999.000 -9999.000
-9999.000 -9999.000 -9999.000 -9999.000 -9999.000 -9999.000 -9999.000 -9999.000 -9999.000 -9999.000 -9999.000 -9999.000 -9999.000 -9999.000 -9999.000 0.9120132E-01 0.8207536E-01 0.7892800E-01 0.7928692E-01 0.8240364E-01 0.8634709E-01 0.9022821E-01 0.9372492E-01 0.9644609E-01 0.9858415E-01 0.1001944 0.1014751 0.1031060 0.1071580 0.1125020 0.1125020 -9999.000 -9999.000 -9999.000 -9999.000 -9999.000 -9999.000 -9999.000 -9999.000 -9999.000 -9999.000 -9999.000 -9999.000 -9999.000 -9999.000 -9999.000 -9999.000 -9999.000 -9999.000 -9999.000 -9999.000 -9999.000 -9999.000 -9999.000 -9999.000 -9999.000 -9999.000 -9999.000 -9999.000 -9999.000
-9999.000 -9999.000 -9999.000 -9999.000 -9999.000 -9999.000 -9999.000 -9999.000 -9999.000 -9999.000 -9999.000 -9999.000 -9999.000 -9999.000 -9999.000 0.8957818E-01 0.7720908E-01 0.7286896E-01 0.7336477E-01 0.7763431E-01 0.8303893E-01 0.8841204E-01 0.9335762E-01 0.9735088E-01 0.1006533 0.1033149 0.1055740 0.1083390 0.1144635 0.1229304 0.1229304 -9999.000 -9999.000 -9999.000 -9999.000 -9999.000 -9999.000 -9999.000 -9999.000 -9999.000 -9999.000 -9999.000 -9999.000 -9999.000 -9999.000 -9999.000 -9999.000 -9999.000 -9999.000 -9999.000 -9999.000 -9999.000 -9999.000 -9999.000 -9999.000 -9999.000 -9999.000 -9999.000 -9999.000 -9999.000
-9999.000 -9999.000 -9999.000 -9999.000 -9999.000 -9999.000 -9999.000 -9999.000 -9999.000 -9999.000 -9999.000 -9999.000 -9999.000 -9999.000 -9999.000 0.8762050E-01 0.7200433E-01 0.6647317E-01 0.6714718E-01 0.7260860E-01 0.7949205E-01 0.8637475E-01 0.9280333E-01 0.9811926E-01 0.1026598 0.1064596 0.1097921 0.1137974 0.1221537 0.1342923 0.1342923 -9999.000 -9999.000 -9999.000 -9999.000 -9999.000 -9999.000 -9999.000 -9999.000 -9999.000 -9999.000 -9999.000 -9999.000 -9999.000 -9999.000 -9999.000 -9999.000 -9999.000 -9999.000 -9999.000 -9999.000 -9999.000 -9999.000 -9999.000 -9999.000 -9999.000 -9999.000 -9999.000 -9999.000 -9999.000
-9999.000 -9999.000 -9999.000 -9999.000 -9999.000 -9999.000 -9999.000 -9999.000 -9999.000 -9999.000 -9999.000 -9999.000 -9999.000 -9999.000 -9999.000 0.8540031E-01 0.6653263E-01 0.5983591E-01 0.6076221E-01 0.6746884E-01 0.7584625E-01 0.8424552E-01 0.9217538E-01 0.9884108E-01 0.1046648 0.1096555 0.1141196 0.1194397 0.1301744 0.1466075 0.1466075 -9999.000 -9999.000 -9999.000 -9999.000 -9999.000 -9999.000 -9999.000 -9999.000 -9999.000 -9999.000 -9999.000 -9999.000 -9999.000 -9999.000 -9999.000 -9999.000 -9999.000 -9999.000 -9999.000 -9999.000 -9999.000 -9999.000 -9999.000 -9999.000 -9999.000 -9999.000 -9999.000 -9999.000 -9999.000
-9999.000 -9999.000 -9999.000 -9999.000 -9999.000 -9999.000 -9999.000 -9999.000 -9999.000 -9999.000 -9999.000 -9999.000 -9999.000 -9999.000 -9999.000 0.8292127E-01 0.6081150E-01 0.5300909E-01 0.5430447E-01 0.6231575E-01 0.7218978E-01 0.8209918E-01 0.9153663E-01 0.9956467E-01 0.1067011 0.1129179 0.1185536 0.1252501 0.1385155 0.1599905 0.1599905 -9999.000 -9999.000 -9999.000 -9999.000 -9999.000 -9999.000 -9999.000 -9999.000 -9999.000 -9999.000 -9999.000 -9999.000 -9999.000 -9999.000 -9999.000 -9999.000 -9999.000 -9999.000 -9999.000 -9999.000 -9999.000 -9999.000 -9999.000 -9999.000 -9999.000 -9999.000 -9999.000 -9999.000 -9999.000
-9999.000 -9999.000 -9999.000 -9999.000 -9999.000 -9999.000 -9999.000 -9999.000 -9999.000 -9999.000 -9999.000 -9999.000 -9999.000 -9999.000 -9999.000 0.8015332E-01 0.5483561E-01 0.4603927E-01 0.4788031E-01 0.5724737E-01 0.6859416E-01 0.7998760E-01 0.9092574E-01 0.1003177 0.1087871 0.1162550 0.1230929 0.1312229 0.1471880 0.1746267 0.1746267 -9999.000 -9999.000 -9999.000 -9999.000 -9999.000 -9999.000 -9999.000 -9999.000 -9999.000 -9999.000 -9999.000 -9999.000 -9999.000 -9999.000 -9999.000 -9999.000 -9999.000 -9999.000 -9999.000 -9999.000 -9999.000 -9999.000 -9999.000 -9999.000 -9999.000 -9999.000 -9999.000 -9999.000 -9999.000
-9999.000 -9999.000 -9999.000 -9999.000 -9999.000 -9999.000 -9999.000 -9999.000 -9999.000 -9999.000 -9999.000 -9999.000 -9999.000 -9999.000 -9999.000 0.7704714E-01 0.4858983E-01 0.3900238E-01 0.4165453E-01 0.5238761E-01 0.6513394E-01 0.7795683E-01 0.9037352E-01 0.1011198 0.1109358 0.1196728 0.1277372 0.1373575 0.1562140 0.1907734 0.1907734 -9999.000 -9999.000 -9999.000 -9999.000 -9999.000 -9999.000 -9999.000 -9999.000 -9999.000 -9999.000 -9999.000 -9999.000 -9999.000 -9999.000 -9999.000 -9999.000 -9999.000 -9999.000 -9999.000 -9999.000 -9999.000 -9999.000 -9999.000 -9999.000 -9999.000 -9999.000 -9999.000 -9999.000 -9999.000
-9999.000 -9999.000 -9999.000 -9999.000 -9999.000 -9999.000 -9999.000 -9999.000 -9999.000 -9999.000 -9999.000 -9999.000 -9999.000 -9999.000 -9999.000 0.7353935E-01 0.4205959E-01 0.3206271E-01 0.3591948E-01 0.4791467E-01 0.6190241E-01 0.7605894E-01 0.8991246E-01 0.1019908 0.1131594 0.1231770 0.1324867 0.1436549 0.1656218 0.2087741 0.2087741 -9999.000 -9999.000 -9999.000 -9999.000 -9999.000 -9999.000 -9999.000 -9999.000 -9999.000 -9999.000 -9999.000 -9999.000 -9999.000 -9999.000 -9999.000 -9999.000 -9999.000 -9999.000 -9999.000 -9999.000 -9999.000 -9999.000 -9999.000 -9999.000 -9999.000 -9999.000 -9999.000 -9999.000 -9999.000
-9999.000 -9999.000 -9999.000 -9999.000 -9999.000 -9999.000 -9999.000 -9999.000 -9999.000 -9999.000 -9999.000 -9999.000 -9999.000 -9999.000 -9999.000 0.6955310E-01 0.3524457E-01 0.2561385E-01 0.3120527E-01 0.4409282E-01 0.5902550E-01 0.7436213E-01 0.8958396E-01 0.1029563 0.1154757 0.1267765 0.1373439 0.1501179 0.1754458 0.2290910 0.2290910 -9999.000 -9999.000 -9999.000 -9999.000 -9999.000 -9999.000 -9999.000 -9999.000 -9999.000 -9999.000 -9999.000 -9999.000 -9999.000 -9999.000 -9999.000 -9999.000 -9999.000 -9999.000 -9999.000 -9999.000 -9999.000 -9999.000 -9999.000 -9999.000 -9999.000 -9999.000 -9999.000 -9999.000 -9999.000
-9999.000 -9999.000 -9999.000 -9999.000 -9999.000 -9999.000 -9999.000 -9999.000 -9999.000 -9999.000 -9999.000 -9999.000 -9999.000 -9999.000 -9999.000 0.6499603E-01 0.2819457E-01 0.2062023E-01 0.2837984E-01 0.4129981E-01 0.5667836E-01 0.7296177E-01 0.8944807E-01 0.1040566 0.1179127 0.1304887 0.1423167 0.1567538 0.1857264 0.2523576 0.2523576 -9999.000 -9999.000 -9999.000 -9999.000 -9999.000 -9999.000 -9999.000 -9999.000 -9999.000 -9999.000 -9999.000 -9999.000 -9999.000 -9999.000 -9999.000 -9999.000 -9999.000 -9999.000 -9999.000 -9999.000 -9999.000 -9999.000 -9999.000 -9999.000 -9999.000 -9999.000 -9999.000 -9999.000 -9999.000
-9999.000 -9999.000 -9999.000 -9999.000 -9999.000 -9999.000 -9999.000 -9999.000 -9999.000 -9999.000 -9999.000 -9999.000 -9999.000 -9999.000 -9999.000 0.5974931E-01 0.2113713E-01 0.1903812E-01 0.2851631E-01 0.4006086E-01 0.5513211E-01 0.7201990E-01 0.8961329E-01 0.1053687 0.1205288 0.1343540 0.1474304 0.1635814 0.1965154 0.2794624 0.2794624 -9999.000 -9999.000 -9999.000 -9999.000 -9999.000 -9999.000 -9999.000 -9999.000 -9999.000 -9999.000 -9999.000 -9999.000 -9999.000 -9999.000 -9999.000 -9999.000 -9999.000 -9999.000 -9999.000 -9999.000 -9999.000 -9999.000 -9999.000 -9999.000 -9999.000 -9999.000 -9999.000 -9999.000 -9999.000
-9999.000 -9999.000 -9999.000 -9999.000 -9999.000 -9999.000 -9999.000 -9999.000 -9999.000 -9999.000 -9999.000 -9999.000 -9999.000 -9999.000 -9999.000 0.5312485E-01 0.1610885E-01 0.2509985E-01 0.3483738E-01 0.4332008E-01 0.5664108E-01 0.7318038E-01 0.9126975E-01 0.1077682 0.1239656 0.1388360 0.1530132 0.1708283 0.2079978 0.3117838 0.3117838 -9999.000 -9999.000 -9999.000 -9999.000 -9999.000 -9999.000 -9999.000 -9999.000 -9999.000 -9999.000 -9999.000 -9999.000 -9999.000 -9999.000 -9999.000 -9999.000 -9999.000 -9999.000 -9999.000 -9999.000 -9999.000 -9999.000 -9999.000 -9999.000 -9999.000 -9999.000 -9999.000 -9999.000 -9999.000
-9999.000 -9999.000 -9999.000 -9999.000 -9999.000 -9999.000 -9999.000 -9999.000 -9999.000 -9999.000 -9999.000 -9999.000 -9999.000 -9999.000 -9999.000 0.8364379E-01 0.1281651 0.1487324 0.1401426 0.1239981 0.1153729 0.1129449 0.1170422 0.1244870 0.1352890 0.1471631 0.1599963 0.1781605 0.2193351 0.3485874 0.3485874 -9999.000 -9999.000 -9999.000 -9999.000 -9999.000 -9999.000 -9999.000 -9999.000 -9999.000 -9999.000 -9999.000 -9999.000 -9999.000 -9999.000 -9999.000 -9999.000 -9999.000 -9999.000 -9999.000 -9999.000 -9999.000 -9999.000 -9999.000 -9999.000 -9999.000 -9999.000 -9999.000 -9999.000 -9999.000
2.821826 2.821826 2.835248 2.843071 2.862784 2.862784 2.865676 2.865752 2.865752 2.862265 2.862265 2.856258 2.852551 2.848482 2.844389 2.844389 2.981739 2.985709 2.986807 2.974313 2.937006 2.877618 2.795948 2.689206 2.563058 2.417693 2.257058 2.090590 1.943998 1.892313 1.892313 2.713406 2.885906 2.986612 3.011977 3.011977 3.045849 3.045849 3.029194 3.029194 2.985393 2.804615 2.804615 2.433851 2.433851 2.103496 2.103496 2.103496 2.086376 2.086376 2.117790 2.117790 2.165735 2.165735 2.215842 2.215842 2.260669 2.260669 2.260669 2.296160
2.844921 2.844921 2.866553 2.897156 2.924005 2.924005 2.938851 2.961703 2.961703 2.980511 2.980511 2.996600 3.003875 3.010739 3.017514 3.017514 3.119677 3.137958 3.153277 3.164658 3.169790 3.168327 3.158296 3.136162 3.100637 3.048999 2.979796 2.893863 2.797673 2.722736 2.722736 3.158479 3.311364 3.461202 3.502426 3.502426 3.549634 3.549634 3.551170 3.551170 3.530134 3.428588 3.428588 3.220767 3.220767 2.936765 2.936765 2.936765 2.916980 2.916980 2.950487 2.950487 3.001457 3.001457 3.054098 3.054098 3.101987 3.101987 3.101987 3.142079
2.849821 2.849821 2.867979 2.898816 2.923572 2.923572 2.939175 2.962964 2.962964 2.982404 2.982404 2.999186 3.006851 3.014135 3.021387 3.021387 3.112787 3.143216 3.170023 3.193033 3.211344 3.225132 3.234157 3.237103 3.233300 3.221057 3.198613 3.165111 3.123039 3.090172 3.090172 3.333768 3.479995 3.650973 3.701422 3.701422 3.753163 3.753163 3.742373 3.742373 3.713369 3.615571 3.615571 3.470124 3.470124 3.230813 3.230813 3.230813 3.194798 3.194798 3.215834 3.215834 3.258230 3.258230 3.304761 3.304761 3.348102 3.348102 3.348102 3.384856
2.853038 2.853038 2.865683 2.899256 2.922550 2.922550 2.938630 2.962934 2.962934 2.982422 2.982422 2.999196 3.006866 3.014160 3.021491 3.021491 3.106320 3.146923 3.184414 3.217538 3.245326 3.267723 3.284881 3.296580 3.302966 3.303761 3.298405 3.286589 3.269810 3.259025 3.259025 3.408083 3.536948 3.711985 3.765866 3.765866 3.810372 3.810372 3.775130 3.775130 3.735804 3.647298 3.647298 3.555581 3.555581 3.372395 3.372395 3.372395 3.322972 3.322972 3.329449 3.329449 3.362884 3.362884 3.404351 3.404351 3.444475 3.444475 3.444475 3.478802
2.854710 2.854710 2.867524 2.899312 2.921683 2.921683 2.938139 2.962915 2.962915 2.982435 2.982435 2.999168 3.006823 3.014104 3.021525 3.021525 3.104250 3.153558 3.200683 3.243172 3.279753 3.310056 3.334143 3.352068 3.364163 3.370723 3.371954 3.368235 3.361079 3.357989 3.357989 3.452327 3.559413 3.723027 3.770461 3.770461 3.784497 3.784497 3.717443 3.717443 3.676317 3.617518 3.617518 3.578275 3.578275 3.458632 3.458632 3.458632 3.403969 3.403969 3.395345 3.395345 3.417240 3.417240 3.451822 3.451822 3.487664 3.487664 3.487664 3.518829
2.854885 2.854885 2.870488 2.899073 2.920877 2.920877 2.937578 2.962719 2.962719 2.982302 2.982302 2.999063 3.006740 3.014044 3.021634 3.021634 3.107751 3.165007 3.220781 3.271715 3.316280 3.353903 3.384521 3.408220 3.425315 3.436209 3.441359 3.441412 3.437841 3.436030 3.436030 3.494393 3.577125 3.710075 3.735353 3.735353 3.692751 3.692751 3.608586 3.608586 3.582001 3.569042 3.569042 3.574957 3.574957 3.516113 3.516113 3.516113 3.466684 3.466684 3.446559 3.446559 3.455539 3.455539 3.480861 3.480861 3.510432 3.510432 3.510432 3.536926
2.850808 2.850808 2.875338 2.898971 2.920572 2.920572 2.937480 2.962893 2.962893 2.982473 2.982473 2.999173 3.006821 3.014102 3.021886 3.021886 3.117616 3.182665 3.246255 3.304622 3.356158 3.400243 3.436753 3.465772 3.487564 3.502509 3.511075 3.513912 3.512272 3.509878 3.509878 3.543271 3.599980 3.673435 3.654006 3.654006 3.547421 3.547421 3.485910 3.485910 3.486579 3.520270 3.520270 3.559801 3.559801 3.552372 3.552372 3.552372 3.516894 3.516894 3.491922 3.491922 3.489143 3.489143 3.503606 3.503606 3.524851 3.524851 3.524851 3.544917
2.850409 2.850409 2.876692 2.898879 2.920421 2.920421 2.937395 2.962896 2.962896 2.982486 2.982486 2.999178 3.006823 3.014104 3.022179 3.022179 3.134881 3.208080 3.278873 3.343659 3.401020 3.450451 3.491888 3.525454 3.551399 3.570057 3.581836 3.587285 3.587334 3.584158 3.584158 3.599146 3.626272 3.592699 3.509304 3.509304 3.377211 3.377211 3.377000 3.377000 3.405724 3.475240 3.475240 3.537778 3.537778 3.570920 3.570920 3.570920 3.554204 3.554204 3.531611 3.531611 3.520550 3.520550 3.523950 3.523950 3.535242 3.535242 3.535242 3.547180
2.850810 2.850810 2.875335 2.898973 2.920573 2.920573 2.937481 2.962893 2.962893 2.982475 2.982475 2.999173 3.006821 3.014102 3.022583 3.022583 3.161110 3.243115 3.320616 3.390776 3.452672 3.506115 3.551229 3.588253 3.617476 3.639209 3.653802 3.661681 3.663367 3.659081 3.659081 3.656959 3.641951 3.437027 3.302755 3.302755 3.223117 3.223117 3.294544 3.294544 3.342713 3.434594 3.434594 3.512263 3.512263 3.575910 3.575910 3.575910 3.578692 3.578692 3.564072 3.564072 3.549518 3.549518 3.543112 3.543112 3.543570 3.543570 3.543570 3.545935
2.854889 2.854889 2.870481 2.899074 2.920878 2.920878 2.937580 2.962720 2.962720 2.982302 2.982302 2.999064 3.006740 3.014044 3.023104 3.023104 3.198601 3.290154 3.373819 3.448169 3.513122 3.569010 3.616282 3.655372 3.686668 3.710510 3.727216 3.737075 3.739967 3.732207 3.732207 3.703257 3.610522 3.201044 3.078302 3.078302 3.111096 3.111096 3.231626 3.231626 3.290223 3.395036 3.395036 3.483044 3.483044 3.569215 3.569215 3.569215 3.589581 3.589581 3.585923 3.585923 3.572070 3.572070 3.558335 3.558335 3.548147 3.548147 3.548147 3.540157
2.854715 2.854715 2.867514 2.899313 2.921685 2.921685 2.938142 2.962917 2.962917 2.982436 2.982436 2.999169 3.006823 3.014104 3.023917 3.023917 3.250972 3.352528 3.441450 3.518431 3.584611 3.641056 3.688660 3.728127 3.759999 3.784679 3.802478 3.813514 3.816043 3.794990 3.794990 3.700679 3.466565 2.938869 2.900920 2.900920 3.034473 3.034473 3.177464 3.177464 3.241066 3.353643 3.353643 3.449024 3.449024 3.551429 3.551429 3.551429 3.586138 3.586138 3.593886 3.593886 3.583738 3.583738 3.565487 3.565487 3.545754 3.545754 3.545754 3.527411
2.853044 2.853044 2.865670 2.899257 2.922552 2.922552 2.938634 2.962936 2.962936 2.982423 2.982423 2.999195 3.006864 3.014158 3.025047 3.025047 3.324002 3.435149 3.527547 3.604867 3.669847 3.724481 3.770201 3.808025 3.838670 3.862623 3.880212 3.891081 3.887589 3.815073 3.815073 3.563139 3.164440 2.741252 2.788316 2.788316 2.968160 2.968160 3.119864 3.119864 3.186164 3.304181 3.304181 3.405071 3.405071 3.518988 3.518988 3.518988 3.564560 3.564560 3.582347 3.582347 3.577168 3.577168 3.556811 3.556811 3.529292 3.529292 3.529292 3.501522
