simulation_files/asc/Velocity__y_274.0.asc
NCOLS        79
NROWS        79
XLLCENTER         -1.500000
YLLCENTER         -4.800000
CELLSIZE           0.100
NODATA_VALUE     -9999.0
[rows 0 to 26 of 79, columns 0 to 58 of 79]
-9999.000 -9999.000 -9999.000 -9999.000 -9999.000 -9999.000 -9999.000 -9999.000 -9999.000 -9999.000 -9999.000 -9999.000 -9999.000 -9999.000 -9999.000 -0.9322979E-01 -0.9057241E-01 -0.8965158E-01 -0.8959041E-01 -0.9009117E-01 -0.9076606E-01 -0.9147520E-01 -0.9216715E-01 -0.9275780E-01 -0.9328941E-01 -0.9376154E-01 -0.9421167E-01 -0.9482517E-01 -0.9620605E-01 -0.9757069E-01 -0.9757069E-01 -9999.000 -9999.000 -9999.000 -9999.000 -9999.000 -9999.000 -9999.000 -9999.000 -9999.000 -9999.000 -9999.000 -9999.000 -9999.000 -9999.000 -9999.000 -9999.000 -9999.000 -9999.000 -9999.000 -9999.000 -9999.000 -9999.000 -9999.000 -9999.000 -9999.000 -9999.000 -9999.000 -9999.000
-9999.000 -9999.000 -9999.000 -9999.000 -9999.000 -9999.000 -9999.000 -9999.000 -9999.000 -9999.000 -9999.000 -9999.000 -9999.000 -9999.000 -9999.000 -0.9295193E-01 -0.8741722E-01 -0.8546004E-01 -0.8535859E-01 -0.8649061E-01 -0.8803129E-01 -0.8967483E-01 -0.9130193E-01 -0.9272524E-01 -0.9402778E-01 -0.9520201E-01 -0.9632169E-01 -0.9777237E-01 -0.1008148 -0.1041158 -0.1041158 -9999.000 -9999.000 -9999.000 -9999.000 -9999.000 -9999.000 -9999.000 -9999.000 -9999.000 -9999.000 -9999.000 -9999.000 -9999.000 -9999.000 -9999.000 -9999.000 -9999.000 -9999.000 -9999.000 -9999.000 -9999.000 -9999.000 -9999.000 -9999.000 -9999.000 -9999.000 -9999.000 -9999.000
-9999.000 -9999.000 -9999.000 -9999.000 -9999.000 -9999.000 -9999.000 -9999.000 -9999.000 -9999.000 -9999.000 -9999.000 -9999.000 -9999.000 -9999.000 -0.9150756E-01 -0.8288339E-01 -0.7975930E-01 -0.7967972E-01 -0.8165691E-01 -0.8435956E-01 -0.8728181E-01 -0.9021503E-01 -0.9284066E-01 -0.9527919E-01 -0.9750415E-01 -0.9962250E-01 -0.1022409 -0.1073657 -0.1133681 -0.1133681 -9999.000 -9999.000 -9999.000 -9999.000 -9999.000 -9999.000 -9999.000 -9999.000 -9999.000 -9999.000 -9999.000 -9999.000 -9999.000 -9999.000 -9999.000 -9999.000 -9999.000 -9999.000 -9999.000 -9999.000 -9999.000 -9999.000 -9999.000 -9999.000 -9999.000 -9999.000 -9999.000 -9999.000
-9999.000 -9999.000 -9999.000 -9999.000 -9999.000 -9999.000 -9999.000 -9999.000 -9999.000 -9999.000 -9999.000 -9999.000 -9999.000 -9999.000 -9999.000 -0.8947780E-01 -0.7781734E-01 -0.7353944E-01 -0.7353462E-01 -0.7643919E-01 -0.8039992E-01 -0.8470794E-01 -0.8906211E-01 -0.9300438E-01 -0.9669390E-01 -0.1000786 -0.1032953 -0.1071791 -0.1145196 -0.1237262 -0.1237262 -9999.000 -9999.000 -9999.000 -9999.000 -9999.000 -9999.000 -9999.000 -9999.000 -9999.000 -9999.000 -9999.000 -9999.000 -9999.000 -9999.000 -9999.000 -9999.000 -9999.000 -9999.000 -9999.000 -9999.000 -9999.000 -9999.000 -9999.000 -9999.000 -9999.000 -9999.000 -9999.000 -9999.000
-9999.000 -9999.000 -9999.000 -9999.000 -9999.000 -9999.000 -9999.000 -9999.000 -9999.000 -9999.000 -9999.000 -9999.000 -9999.000 -9999.000 -9999.000 -0.8708926E-01 -0.7240317E-01 -0.6696875E-01 -0.6706960E-01 -0.7095686E-01 -0.7623796E-01 -0.8199951E-01 -0.8784617E-01 -0.9317281E-01 -0.9818286E-01 -0.1027931 -0.1071713 -0.1123936 -0.1220828 -0.1350377 -0.1350377 -9999.000 -9999.000 -9999.000 -9999.000 -9999.000 -9999.000 -9999.000 -9999.000 -9999.000 -9999.000 -9999.000 -9999.000 -9999.000 -9999.000 -9999.000 -9999.000 -9999.000 -9999.000 -9999.000 -9999.000 -9999.000 -9999.000 -9999.000 -9999.000 -9999.000 -9999.000 -9999.000 -9999.000
-9999.000 -9999.000 -9999.000 -9999.000 -9999.000 -9999.000 -9999.000 -9999.000 -9999.000 -9999.000 -9999.000 -9999.000 -9999.000 -9999.000 -9999.000 -0.8441611E-01 -0.6670824E-01 -0.6011259E-01 -0.6034395E-01 -0.6525905E-01 -0.7190786E-01 -0.7917281E-01 -0.8656386E-01 -0.9332097E-01 -0.9970092E-01 -0.1055839 -0.1111709 -0.1177969 -0.1299791 -0.1473179 -0.1473179 -9999.000 -9999.000 -9999.000 -9999.000 -9999.000 -9999.000 -9999.000 -9999.000 -9999.000 -9999.000 -9999.000 -9999.000 -9999.000 -9999.000 -9999.000 -9999.000 -9999.000 -9999.000 -9999.000 -9999.000 -9999.000 -9999.000 -9999.000 -9999.000 -9999.000 -9999.000 -9999.000 -9999.000
-9999.000 -9999.000 -9999.000 -9999.000 -9999.000 -9999.000 -9999.000 -9999.000 -9999.000 -9999.000 -9999.000 -9999.000 -9999.000 -9999.000 -9999.000 -0.8146342E-01 -0.6074587E-01 -0.5298725E-01 -0.5337498E-01 -0.5936112E-01 -0.6741955E-01 -0.7622993E-01 -0.8520874E-01 -0.9343188E-01 -0.1012221 -0.1084159 -0.1152522 -0.1233460 -0.1381858 -0.1606802 -0.1606802 -9999.000 -9999.000 -9999.000 -9999.000 -9999.000 -9999.000 -9999.000 -9999.000 -9999.000 -9999.000 -9999.000 -9999.000 -9999.000 -9999.000 -9999.000 -9999.000 -9999.000 -9999.000 -9999.000 -9999.000 -9999.000 -9999.000 -9999.000 -9999.000 -9999.000 -9999.000 -9999.000 -9999.000
-9999.000 -9999.000 -9999.000 -9999.000 -9999.000 -9999.000 -9999.000 -9999.000 -9999.000 -9999.000 -9999.000 -9999.000 -9999.000 -9999.000 -9999.000 -0.7820198E-01 -0.5450258E-01 -0.4558599E-01 -0.4615957E-01 -0.5326265E-01 -0.6277058E-01 -0.7316529E-01 -0.8377136E-01 -0.9348947E-01 -0.1027257 -0.1112639 -0.1193869 -0.1290159 -0.1467031 -0.1753113 -0.1753113 -9999.000 -9999.000 -9999.000 -9999.000 -9999.000 -9999.000 -9999.000 -9999.000 -9999.000 -9999.000 -9999.000 -9999.000 -9999.000 -9999.000 -9999.000 -9999.000 -9999.000 -9999.000 -9999.000 -9999.000 -9999.000 -9999.000 -9999.000 -9999.000 -9999.000 -9999.000 -9999.000 -9999.000
-9999.000 -9999.000 -9999.000 -9999.000 -9999.000 -9999.000 -9999.000 -9999.000 -9999.000 -9999.000 -9999.000 -9999.000 -9999.000 -9999.000 -9999.000 -0.7458314E-01 -0.4795054E-01 -0.3788866E-01 -0.3868362E-01 -0.4695308E-01 -0.5795071E-01 -0.6996709E-01 -0.8223761E-01 -0.9347514E-01 -0.1041904 -0.1141036 -0.1235482 -0.1347853 -0.1555414 -0.1914701 -0.1914701 -9999.000 -9999.000 -9999.000 -9999.000 -9999.000 -9999.000 -9999.000 -9999.000 -9999.000 -9999.000 -9999.000 -9999.000 -9999.000 -9999.000 -9999.000 -9999.000 -9999.000 -9999.000 -9999.000 -9999.000 -9999.000 -9999.000 -9999.000 -9999.000 -9999.000 -9999.000 -9999.000 -9999.000
-9999.000 -9999.000 -9999.000 -9999.000 -9999.000 -9999.000 -9999.000 -9999.000 -9999.000 -9999.000 -9999.000 -9999.000 -9999.000 -9999.000 -9999.000 -0.7054415E-01 -0.4105091E-01 -0.2986532E-01 -0.3092423E-01 -0.4041502E-01 -0.5294318E-01 -0.6661793E-01 -0.8058854E-01 -0.9336542E-01 -0.1055908 -0.1169055 -0.1277048 -0.1406288 -0.1647132 -0.2095056 -0.2095056 -9999.000 -9999.000 -9999.000 -9999.000 -9999.000 -9999.000 -9999.000 -9999.000 -9999.000 -9999.000 -9999.000 -9999.000 -9999.000 -9999.000 -9999.000 -9999.000 -9999.000 -9999.000 -9999.000 -9999.000 -9999.000 -9999.000 -9999.000 -9999.000 -9999.000 -9999.000 -9999.000 -9999.000
-9999.000 -9999.000 -9999.000 -9999.000 -9999.000 -9999.000 -9999.000 -9999.000 -9999.000 -9999.000 -9999.000 -9999.000 -9999.000 -9999.000 -9999.000 -0.6600846E-01 -0.3375471E-01 -0.2147698E-01 -0.2285079E-01 -0.3362391E-01 -0.4772458E-01 -0.6309353E-01 -0.7879853E-01 -0.9312896E-01 -0.1068919 -0.1196307 -0.1318141 -0.1465105 -0.1742275 -0.2298859 -0.2298859 -9999.000 -9999.000 -9999.000 -9999.000 -9999.000 -9999.000 -9999.000 -9999.000 -9999.000 -9999.000 -9999.000 -9999.000 -9999.000 -9999.000 -9999.000 -9999.000 -9999.000 -9999.000 -9999.000 -9999.000 -9999.000 -9999.000 -9999.000 -9999.000 -9999.000 -9999.000 -9999.000 -9999.000
-9999.000 -9999.000 -9999.000 -9999.000 -9999.000 -9999.000 -9999.000 -9999.000 -9999.000 -9999.000 -9999.000 -9999.000 -9999.000 -9999.000 -9999.000 -0.6088381E-01 -0.2600010E-01 -0.1267290E-01 -0.1442227E-01 -0.2654614E-01 -0.4226244E-01 -0.5936047E-01 -0.7683117E-01 -0.9272174E-01 -0.1080460 -0.1222242 -0.1358158 -0.1523770 -0.1840839 -0.2532531 -0.2532531 -9999.000 -9999.000 -9999.000 -9999.000 -9999.000 -9999.000 -9999.000 -9999.000 -9999.000 -9999.000 -9999.000 -9999.000 -9999.000 -9999.000 -9999.000 -9999.000 -9999.000 -9999.000 -9999.000 -9999.000 -9999.000 -9999.000 -9999.000 -9999.000 -9999.000 -9999.000 -9999.000 -9999.000
-9999.000 -9999.000 -9999.000 -9999.000 -9999.000 -9999.000 -9999.000 -9999.000 -9999.000 -9999.000 -9999.000 -9999.000 -9999.000 -9999.000 -9999.000 -0.5505306E-01 -0.1770528E-01 -0.3384726E-02 -0.5582779E-02 -0.1913533E-01 -0.3651148E-01 -0.5537204E-01 -0.7463639E-01 -0.9208360E-01 -0.1089865 -0.1246090 -0.1396231 -0.1581465 -0.1942633 -0.2805088 -0.2805088 -9999.000 -9999.000 -9999.000 -9999.000 -9999.000 -9999.000 -9999.000 -9999.000 -9999.000 -9999.000 -9999.000 -9999.000 -9999.000 -9999.000 -9999.000 -9999.000 -9999.000 -9999.000 -9999.000 -9999.000 -9999.000 -9999.000 -9999.000 -9999.000 -9999.000 -9999.000 -9999.000 -9999.000
-9999.000 -9999.000 -9999.000 -9999.000 -9999.000 -9999.000 -9999.000 -9999.000 -9999.000 -9999.000 -9999.000 -9999.000 -9999.000 -9999.000 -9999.000 -0.4789343E-01 -0.8426214E-02 0.6633876E-02 0.3706374E-02 -0.1142598E-01 -0.3051686E-01 -0.5116925E-01 -0.7224199E-01 -0.9121678E-01 -0.1096940 -0.1267377 -0.1431630 -0.1637401 -0.2047567 -0.3130219 -0.3130219 -9999.000 -9999.000 -9999.000 -9999.000 -9999.000 -9999.000 -9999.000 -9999.000 -9999.000 -9999.000 -9999.000 -9999.000 -9999.000 -9999.000 -9999.000 -9999.000 -9999.000 -9999.000 -9999.000 -9999.000 -9999.000 -9999.000 -9999.000 -9999.000 -9999.000 -9999.000 -9999.000 -9999.000
-9999.000 -9999.000 -9999.000 -9999.000 -9999.000 -9999.000 -9999.000 -9999.000 -9999.000 -9999.000 -9999.000 -9999.000 -9999.000 -9999.000 -9999.000 -0.3340715E-02 0.1412529E-01 0.1651906E-01 0.5504864E-02 -0.1219819E-01 -0.3179066E-01 -0.5296204E-01 -0.7461452E-01 -0.9397392E-01 -0.1130712 -0.1307043 -0.1478575 -0.1700047 -0.2158183 -0.3505966 -0.3505966 -9999.000 -9999.000 -9999.000 -9999.000 -9999.000 -9999.000 -9999.000 -9999.000 -9999.000 -9999.000 -9999.000 -9999.000 -9999.000 -9999.000 -9999.000 -9999.000 -9999.000 -9999.000 -9999.000 -9999.000 -9999.000 -9999.000 -9999.000 -9999.000 -9999.000 -9999.000 -9999.000 -9999.000
-0.3890704E-02 -0.3890704E-02 -0.5478214E-02 -0.7118568E-02 -0.6625541E-02 -0.6625541E-02 -0.6452480E-02 -0.6375676E-02 -0.6375676E-02 -0.6362742E-02 -0.6362742E-02 -0.6343969E-02 -0.6331445E-02 -0.6316454E-02 -0.6304141E-02 -0.6304141E-02 0.2830830E-01 0.2313501E-01 0.8018481E-02 -0.1367936E-01 -0.3967350E-01 -0.6887940E-01 -0.9998631E-01 -0.1310772 -0.1614449 -0.1900482 -0.2164732 -0.2423669 -0.2756964 -0.3540789 -0.3540789 -0.1966386 -0.1057974 -0.3672054E-01 -0.2749467E-01 -0.2749467E-01 -0.2053043E-01 -0.2053043E-01 -0.7986100E-02 -0.7986100E-02 0.3184995E-02 0.2711747E-01 0.2711747E-01 0.1175665E-01 0.1175665E-01 -0.3718258E-02 -0.3718258E-02 -0.3718258E-02 0.9597056E-04 0.9597056E-04 0.8359572E-03 0.8359572E-03 -0.3443484E-04 -0.3443484E-04 -0.1291983E-02 -0.1291983E-02 -0.2521591E-02 -0.2521591E-02 -0.2521591E-02
-0.5503615E-02 -0.5503615E-02 -0.7604872E-02 -0.1048373E-01 -0.9466621E-02 -0.9466621E-02 -0.9077803E-02 -0.8940999E-02 -0.8940999E-02 -0.8959005E-02 -0.8959005E-02 -0.8963787E-02 -0.8959443E-02 -0.8951189E-02 -0.8959680E-02 -0.8959680E-02 0.2326414E-01 0.1872688E-01 0.3130315E-02 -0.2250611E-01 -0.5661554E-01 -0.9700752E-01 -0.1417768 -0.1893336 -0.2374592 -0.2845420 -0.3289002 -0.3687271 -0.4019270 -0.4259794 -0.4259794 -0.2890636 -0.1923215 -0.1001885 -0.8187851E-01 -0.8187851E-01 -0.5771479E-01 -0.5771479E-01 -0.1497660E-01 -0.1497660E-01 0.1837793E-01 0.8591998E-01 0.8591998E-01 0.7648131E-01 0.7648131E-01 0.1517756E-01 0.1517756E-01 0.1517756E-01 0.6864443E-02 0.6864443E-02 0.1951203E-02 0.1951203E-02 -0.2325866E-02 -0.2325866E-02 -0.5996606E-02 -0.5996606E-02 -0.8821057E-02 -0.8821057E-02 -0.8821057E-02
-0.3531111E-02 -0.3531111E-02 -0.5277700E-02 -0.9330346E-02 -0.8271928E-02 -0.8271928E-02 -0.7736772E-02 -0.7522355E-02 -0.7522355E-02 -0.7570500E-02 -0.7570500E-02 -0.7611753E-02 -0.7624150E-02 -0.7632578E-02 -0.7683556E-02 -0.7683556E-02 0.1470633E-01 0.1023208E-01 -0.5384154E-02 -0.3132580E-01 -0.6640142E-01 -0.1089299 -0.1573167 -0.2102276 -0.2658997 -0.3227796 -0.3791931 -0.4330982 -0.4815764 -0.5176403 -0.5176403 -0.4282973 -0.3442623 -0.2288295 -0.1914911 -0.1914911 -0.1235823 -0.1235823 -0.2161851E-01 -0.2161851E-01 0.4499112E-01 0.1658920 0.1658920 0.1868155 0.1868155 0.6731750E-01 0.6731750E-01 0.6731750E-01 0.2579027E-01 0.2579027E-01 0.4370922E-02 0.4370922E-02 -0.8090825E-02 -0.8090825E-02 -0.1608490E-01 -0.1608490E-01 -0.2090264E-01 -0.2090264E-01 -0.2090264E-01
-0.1650505E-02 -0.1650505E-02 -0.3949353E-02 -0.7833837E-02 -0.6833669E-02 -0.6833669E-02 -0.6262416E-02 -0.6000809E-02 -0.6000809E-02 -0.6046332E-02 -0.6046332E-02 -0.6090676E-02 -0.6104153E-02 -0.6113509E-02 -0.6196653E-02 -0.6196653E-02 0.6035067E-02 -0.4323538E-03 -0.1732838E-01 -0.4408213E-01 -0.7974248E-01 -0.1230022 -0.1725233 -0.2271555 -0.2855549 -0.3464509 -0.4084959 -0.4699740 -0.5281782 -0.5762644 -0.5762644 -0.5341788 -0.4742340 -0.3614505 -0.3101754 -0.3101754 -0.1886731 -0.1886731 -0.1361836E-01 -0.1361836E-01 0.8200998E-01 0.2310355 0.2310355 0.2693692 0.2693692 0.1275496 0.1275496 0.1275496 0.5228830E-01 0.5228830E-01 0.9388399E-02 0.9388399E-02 -0.1462721E-01 -0.1462721E-01 -0.2834624E-01 -0.2834624E-01 -0.3537052E-01 -0.3537052E-01 -0.3537052E-01
0.5686738E-04 0.5686738E-04 -0.3736550E-02 -0.6032307E-02 -0.5217025E-02 -0.5217025E-02 -0.4713041E-02 -0.4469030E-02 -0.4469030E-02 -0.4517790E-02 -0.4517790E-02 -0.4562574E-02 -0.4574803E-02 -0.4582648E-02 -0.4704108E-02 -0.4704108E-02 -0.2714072E-02 -0.1302768E-01 -0.3277562E-01 -0.6153208E-01 -0.9852795E-01 -0.1427494 -0.1931084 -0.2486132 -0.3081903 -0.3707858 -0.4353125 -0.5004184 -0.5639053 -0.6200661 -0.6200661 -0.6137214 -0.5790483 -0.4789239 -0.4138495 -0.4138495 -0.2260408 -0.2260408 0.1523201E-01 0.1523201E-01 0.1234107 0.2697449 0.2697449 0.3121742 0.3121742 0.1802174 0.1802174 0.1802174 0.8247861E-01 0.8247861E-01 0.1859707E-01 0.1859707E-01 -0.1882425E-01 -0.1882425E-01 -0.3962630E-01 -0.3962630E-01 -0.4940518E-01 -0.4940518E-01 -0.4940518E-01
0.6422572E-03 0.6422572E-03 -0.2848521E-02 -0.4108765E-02 -0.3520656E-02 -0.3520656E-02 -0.3141948E-02 -0.2954249E-02 -0.2954249E-02 -0.2998052E-02 -0.2998052E-02 -0.3035731E-02 -0.3045266E-02 -0.3051147E-02 -0.3223069E-02 -0.3223069E-02 -0.1199603E-01 -0.2780743E-01 -0.5206669E-01 -0.8424952E-01 -0.1236553 -0.1694836 -0.2208995 -0.2771201 -0.3373243 -0.4006727 -0.4662865 -0.5330907 -0.5993460 -0.6605381 -0.6605381 -0.6788224 -0.6653779 -0.5714026 -0.4826491 -0.4826491 -0.2165981 -0.2165981 0.5493501E-01 0.5493501E-01 0.1552728 0.2793105 0.2793105 0.3202954 0.3202954 0.2167667 0.2167667 0.2167667 0.1119575 0.1119575 0.3184158E-01 0.3184158E-01 -0.1918628E-01 -0.1918628E-01 -0.4815526E-01 -0.4815526E-01 -0.6138609E-01 -0.6138609E-01 -0.6138609E-01
0.2814379E-03 0.2814379E-03 -0.1350505E-02 -0.2067979E-02 -0.1774350E-02 -0.1774350E-02 -0.1576579E-02 -0.1474525E-02 -0.1474525E-02 -0.1497220E-02 -0.1497220E-02 -0.1517123E-02 -0.1521935E-02 -0.1524800E-02 -0.1764603E-02 -0.1764603E-02 -0.2253346E-01 -0.4545965E-01 -0.7594171E-01 -0.1131077 -0.1561861 -0.2044976 -0.2574310 -0.3144462 -0.3750003 -0.4385177 -0.5043591 -0.5717104 -0.6392142 -0.7032825 -0.7032825 -0.7374688 -0.7384844 -0.6253359 -0.4942673 -0.4942673 -0.1640414 -0.1640414 0.8636577E-01 0.8636577E-01 0.1666778 0.2647204 0.2647204 0.3039764 0.3039764 0.2340871 0.2340871 0.2340871 0.1359715 0.1359715 0.4733002E-01 0.4733002E-01 -0.1542430E-01 -0.1542430E-01 -0.5288465E-01 -0.5288465E-01 -0.7014304E-01 -0.7014304E-01 -0.7014304E-01
0.6520515E-07 0.6520515E-07 0.2899904E-07 -0.7276323E-07 -0.1394509E-06 -0.1394509E-06 -0.2814927E-06 0.6155311E-07 0.6155311E-07 0.1549821E-06 0.1549821E-06 0.8726550E-07 0.9604631E-07 0.1596625E-06 -0.3322700E-03 -0.3322700E-03 -0.3536823E-01 -0.6718639E-01 -0.1056981 -0.1494835 -0.1975857 -0.2493728 -0.3044215 -0.3624439 -0.4231950 -0.4864072 -0.5517369 -0.6186662 -0.6861760 -0.7511775 -0.7511775 -0.7936091 -0.7980121 -0.6165257 -0.4331353 -0.4331353 -0.9737039E-01 -0.9737039E-01 0.9696620E-01 0.9696620E-01 0.1568296 0.2346537 0.2346537 0.2730265 0.2730265 0.2332862 0.2332862 0.2332862 0.1506196 0.1506196 0.6213870E-01 0.6213870E-01 -0.8318893E-02 -0.8318893E-02 -0.5334571E-01 -0.5334571E-01 -0.7475554E-01 -0.7475554E-01 -0.7475554E-01
-0.2815386E-03 -0.2815386E-03 0.1350542E-02 0.2067969E-02 0.1774012E-02 0.1774012E-02 0.1576271E-02 0.1474644E-02 0.1474644E-02 0.1497438E-02 0.1497438E-02 0.1517364E-02 0.1522136E-02 0.1525044E-02 0.1065890E-02 0.1065890E-02 -0.5204735E-01 -0.9490746E-01 -0.1434194 -0.1954985 -0.2499572 -0.3061914 -0.3639588 -0.4232307 -0.4840719 -0.5465475 -0.6106511 -0.6761966 -0.7424198 -0.8058329 -0.8058329 -0.8467155 -0.8319740 -0.5234001 -0.3172840 -0.3172840 -0.4782638E-01 -0.4782638E-01 0.8788855E-01 0.8788855E-01 0.1328460 0.1972110 0.1972110 0.2345698 0.2345698 0.2177712 0.2177712 0.2177712 0.1538459 0.1538459 0.7308286E-01 0.7308286E-01 0.5112530E-03 0.5112530E-03 -0.4965615E-01 -0.4965615E-01 -0.7458616E-01 -0.7458616E-01 -0.7458616E-01
-0.6424618E-03 -0.6424618E-03 0.2848585E-02 0.4108750E-02 0.3520310E-02 0.3520310E-02 0.3142016E-02 0.2954312E-02 0.2954312E-02 0.2998225E-02 0.2998225E-02 0.3035889E-02 0.3045456E-02 0.3051100E-02 0.2417464E-02 0.2417464E-02 -0.7499912E-01 -0.1316556 -0.1923595 -0.2543809 -0.3163745 -0.3778353 -0.4387523 -0.4993892 -0.5601372 -0.6214075 -0.6835471 -0.7467003 -0.8100307 -0.8669736 -0.8669736 -0.8861333 -0.8045570 -0.3673810 -0.1995229 -0.1995229 -0.2550110E-01 -0.2550110E-01 0.6811064E-01 0.6811064E-01 0.1033060 0.1579239 0.1579239 0.1930238 0.1930238 0.1915376 0.1915376 0.1915376 0.1456435 0.1456435 0.7765376E-01 0.7765376E-01 0.9010154E-02 0.9010154E-02 -0.4248989E-01 -0.4248989E-01 -0.6936258E-01 -0.6936258E-01 -0.6936258E-01
-0.5697598E-04 -0.5697598E-04 0.3736508E-02 0.6032211E-02 0.5216971E-02 0.5216971E-02 0.4713049E-02 0.4468979E-02 0.4468979E-02 0.4517761E-02 0.4517761E-02 0.4562813E-02 0.4574880E-02 0.4582590E-02 0.3707699E-02 0.3707699E-02 -0.1082795 -0.1823320 -0.2576238 -0.3310538 -0.4013872 -0.4684205 -0.5325056 -0.5942768 -0.6544879 -0.7139050 -0.7732273 -0.8328338 -0.8905192 -0.9271533 -0.9271533 -0.8725544 -0.6603878 -0.2181898 -0.1211343 -0.1211343 -0.2120526E-01 -0.2120526E-01 0.4593845E-01 0.4593845E-01 0.7399541E-01 0.1197465 0.1197465 0.1508980 0.1508980 0.1582270 0.1582270 0.1582270 0.1275965 0.1275965 0.7468420E-01 0.7468420E-01 0.1527135E-01 0.1527135E-01 -0.3290774E-01 -0.3290774E-01 -0.5924249E-01 -0.5924249E-01 -0.5924249E-01
0.1650617E-02 0.1650617E-02 0.3949278E-02 0.7833648E-02 0.6833706E-02 0.6833706E-02 0.6262393E-02 0.6000756E-02 0.6000756E-02 0.6046214E-02 0.6046214E-02 0.6090794E-02 0.6104087E-02 0.6113398E-02 0.4905346E-02 0.4905346E-02 -0.1591550 -0.2552018 -0.3474401 -0.4331797 -0.5118768 -0.5840084 -0.6505184 -0.7125390 -0.7712434 -0.8277639 -0.8831361 -0.9375418 -0.9817898 -0.9496055 -0.9496055 -0.7226652 -0.4073393 -0.1250868 -0.8256855E-01 -0.8256855E-01 -0.2255628E-01 -0.2255628E-01 0.2605736E-01 0.2605736E-01 0.4774094E-01 0.8406735E-01 0.8406735E-01 0.1096848 0.1096848 0.1208473 0.1208473 0.1208473 0.1021536 0.1021536 0.6448398E-01 0.6448398E-01 0.1811258E-01 0.1811258E-01 -0.2207874E-01 -0.2207874E-01 -0.4486042E-01 -0.4486042E-01 -0.4486042E-01
