simulation_files/asc/Velocity__y_155.0.asc
NCOLS        79
NROWS        79
XLLCENTER         -1.500000
YLLCENTER         -4.800000
CELLSIZE           0.100
NODATA_VALUE     -9999.0
[rows 0 to 26 of 79, columns 0 to 58 of 79]
-9999.000 -9999.000 -9999.000 -9999.000 -9999.000 -9999.000 -9999.000 -9999.000 -9999.000 -9999.000 -9999.000 -9999.000 -9999.000 -9999.000 -9999.000 -0.1102811 -0.1091620 -0.1091366 -0.1092893 -0.1095662 -0.1099309 -0.1103089 -0.1106986 -0.1110734 -0.1114132 -0.1117208 -0.1120612 -0.1126458 -0.1141189 -0.1152632 -0.1152632 -9999.000 -9999.000 -9999.000 -9999.000 -9999.000 -9999.000 -9999.000 -9999.000 -9999.000 -9999.000 -9999.000 -9999.000 -9999.000 -9999.000 -9999.000 -9999.000 -9999.000 -9999.000 -9999.000 -9999.000 -9999.000 -9999.000 -9999.000 -9999.000 -9999.000 -9999.000 -9999.000 -9999.000
-9999.000 -9999.000 -9999.000 -9999.000 -9999.000 -9999.000 -9999.000 -9999.000 -9999.000 -9999.000 -9999.000 -9999.000 -9999.000 -9999.000 -9999.000 -0.1078673 -0.1056147 -0.1055715 -0.1059301 -0.1065759 -0.1074288 -0.1083279 -0.1092650 -0.1101803 -0.1110280 -0.1118128 -0.1126692 -0.1140384 -0.1172605 -0.1201176 -0.1201176 -9999.000 -9999.000 -9999.000 -9999.000 -9999.000 -9999.000 -9999.000 -9999.000 -9999.000 -9999.000 -9999.000 -9999.000 -9999.000 -9999.000 -9999.000 -9999.000 -9999.000 -9999.000 -9999.000 -9999.000 -9999.000 -9999.000 -9999.000 -9999.000 -9999.000 -9999.000 -9999.000 -9999.000
-9999.000 -9999.000 -9999.000 -9999.000 -9999.000 -9999.000 -9999.000 -9999.000 -9999.000 -9999.000 -9999.000 -9999.000 -9999.000 -9999.000 -9999.000 -0.1039167 -0.1005796 -0.1005593 -0.1012377 -0.1024304 -0.1040027 -0.1056866 -0.1074592 -0.1092155 -0.1108737 -0.1124331 -0.1141037 -0.1165853 -0.1220109 -0.1273601 -0.1273601 -9999.000 -9999.000 -9999.000 -9999.000 -9999.000 -9999.000 -9999.000 -9999.000 -9999.000 -9999.000 -9999.000 -9999.000 -9999.000 -9999.000 -9999.000 -9999.000 -9999.000 -9999.000 -9999.000 -9999.000 -9999.000 -9999.000 -9999.000 -9999.000 -9999.000 -9999.000 -9999.000 -9999.000
-9999.000 -9999.000 -9999.000 -9999.000 -9999.000 -9999.000 -9999.000 -9999.000 -9999.000 -9999.000 -9999.000 -9999.000 -9999.000 -9999.000 -9999.000 -0.9924837E-01 -0.9496637E-01 -0.9500714E-01 -0.9606475E-01 -0.9788427E-01 -0.1002747 -0.1028535 -0.1055817 -0.1083035 -0.1108949 -0.1133463 -0.1159414 -0.1196480 -0.1274369 -0.1358389 -0.1358389 -9999.000 -9999.000 -9999.000 -9999.000 -9999.000 -9999.000 -9999.000 -9999.000 -9999.000 -9999.000 -9999.000 -9999.000 -9999.000 -9999.000 -9999.000 -9999.000 -9999.000 -9999.000 -9999.000 -9999.000 -9999.000 -9999.000 -9999.000 -9999.000 -9999.000 -9999.000 -9999.000 -9999.000
-9999.000 -9999.000 -9999.000 -9999.000 -9999.000 -9999.000 -9999.000 -9999.000 -9999.000 -9999.000 -9999.000 -9999.000 -9999.000 -9999.000 -9999.000 -0.9406890E-01 -0.8895107E-01 -0.8907694E-01 -0.9055123E-01 -0.9305026E-01 -0.9632512E-01 -0.9987146E-01 -0.1036335 -0.1074016 -0.1110052 -0.1144240 -0.1180187 -0.1230400 -0.1333547 -0.1454199 -0.1454199 -9999.000 -9999.000 -9999.000 -9999.000 -9999.000 -9999.000 -9999.000 -9999.000 -9999.000 -9999.000 -9999.000 -9999.000 -9999.000 -9999.000 -9999.000 -9999.000 -9999.000 -9999.000 -9999.000 -9999.000 -9999.000 -9999.000 -9999.000 -9999.000 -9999.000 -9999.000 -9999.000 -9999.000
-9999.000 -9999.000 -9999.000 -9999.000 -9999.000 -9999.000 -9999.000 -9999.000 -9999.000 -9999.000 -9999.000 -9999.000 -9999.000 -9999.000 -9999.000 -0.8846875E-01 -0.8261533E-01 -0.8284403E-01 -0.8476108E-01 -0.8797831E-01 -0.9218673E-01 -0.9675359E-01 -0.1016071 -0.1064801 -0.1111534 -0.1155950 -0.1202479 -0.1266659 -0.1396817 -0.1561173 -0.1561173 -9999.000 -9999.000 -9999.000 -9999.000 -9999.000 -9999.000 -9999.000 -9999.000 -9999.000 -9999.000 -9999.000 -9999.000 -9999.000 -9999.000 -9999.000 -9999.000 -9999.000 -9999.000 -9999.000 -9999.000 -9999.000 -9999.000 -9999.000 -9999.000 -9999.000 -9999.000 -9999.000 -9999.000
-9999.000 -9999.000 -9999.000 -9999.000 -9999.000 -9999.000 -9999.000 -9999.000 -9999.000 -9999.000 -9999.000 -9999.000 -9999.000 -9999.000 -9999.000 -0.8247537E-01 -0.7598976E-01 -0.7633672E-01 -0.7871760E-01 -0.8268470E-01 -0.8786762E-01 -0.9349854E-01 -0.9949037E-01 -0.1055160 -0.1113052 -0.1168140 -0.1225762 -0.1304720 -0.1463871 -0.1680456 -0.1680456 -9999.000 -9999.000 -9999.000 -9999.000 -9999.000 -9999.000 -9999.000 -9999.000 -9999.000 -9999.000 -9999.000 -9999.000 -9999.000 -9999.000 -9999.000 -9999.000 -9999.000 -9999.000 -9999.000 -9999.000 -9999.000 -9999.000 -9999.000 -9999.000 -9999.000 -9999.000 -9999.000 -9999.000
-9999.000 -9999.000 -9999.000 -9999.000 -9999.000 -9999.000 -9999.000 -9999.000 -9999.000 -9999.000 -9999.000 -9999.000 -9999.000 -9999.000 -9999.000 -0.7608273E-01 -0.6907678E-01 -0.6955747E-01 -0.7242126E-01 -0.7716684E-01 -0.8336217E-01 -0.9009559E-01 -0.9726739E-01 -0.1044876 -0.1114322 -0.1180469 -0.1249651 -0.1344239 -0.1534659 -0.1814014 -0.1814014 -9999.000 -9999.000 -9999.000 -9999.000 -9999.000 -9999.000 -9999.000 -9999.000 -9999.000 -9999.000 -9999.000 -9999.000 -9999.000 -9999.000 -9999.000 -9999.000 -9999.000 -9999.000 -9999.000 -9999.000 -9999.000 -9999.000 -9999.000 -9999.000 -9999.000 -9999.000 -9999.000 -9999.000
-9999.000 -9999.000 -9999.000 -9999.000 -9999.000 -9999.000 -9999.000 -9999.000 -9999.000 -9999.000 -9999.000 -9999.000 -9999.000 -9999.000 -9999.000 -0.6926453E-01 -0.6186192E-01 -0.6249340E-01 -0.6585854E-01 -0.7141042E-01 -0.7865458E-01 -0.8652684E-01 -0.9491719E-01 -0.1033702 -0.1115052 -0.1192598 -0.1273789 -0.1384924 -0.1609260 -0.1964672 -0.1964672 -9999.000 -9999.000 -9999.000 -9999.000 -9999.000 -9999.000 -9999.000 -9999.000 -9999.000 -9999.000 -9999.000 -9999.000 -9999.000 -9999.000 -9999.000 -9999.000 -9999.000 -9999.000 -9999.000 -9999.000 -9999.000 -9999.000 -9999.000 -9999.000 -9999.000 -9999.000 -9999.000 -9999.000
-9999.000 -9999.000 -9999.000 -9999.000 -9999.000 -9999.000 -9999.000 -9999.000 -9999.000 -9999.000 -9999.000 -9999.000 -9999.000 -9999.000 -9999.000 -0.6198098E-01 -0.5431876E-01 -0.5512001E-01 -0.5900537E-01 -0.6539136E-01 -0.7372065E-01 -0.8276638E-01 -0.9241186E-01 -0.1021329 -0.1114893 -0.1204132 -0.1297761 -0.1426445 -0.1687794 -0.2136322 -0.2136322 -9999.000 -9999.000 -9999.000 -9999.000 -9999.000 -9999.000 -9999.000 -9999.000 -9999.000 -9999.000 -9999.000 -9999.000 -9999.000 -9999.000 -9999.000 -9999.000 -9999.000 -9999.000 -9999.000 -9999.000 -9999.000 -9999.000 -9999.000 -9999.000 -9999.000 -9999.000 -9999.000 -9999.000
-9999.000 -9999.000 -9999.000 -9999.000 -9999.000 -9999.000 -9999.000 -9999.000 -9999.000 -9999.000 -9999.000 -9999.000 -9999.000 -9999.000 -9999.000 -0.5417962E-01 -0.4640884E-01 -0.4740107E-01 -0.5182660E-01 -0.5907567E-01 -0.6852650E-01 -0.7877900E-01 -0.8971407E-01 -0.1007352 -0.1113393 -0.1214564 -0.1321027 -0.1468353 -0.1770362 -0.2334323 -0.2334323 -9999.000 -9999.000 -9999.000 -9999.000 -9999.000 -9999.000 -9999.000 -9999.000 -9999.000 -9999.000 -9999.000 -9999.000 -9999.000 -9999.000 -9999.000 -9999.000 -9999.000 -9999.000 -9999.000 -9999.000 -9999.000 -9999.000 -9999.000 -9999.000 -9999.000 -9999.000 -9999.000 -9999.000
-9999.000 -9999.000 -9999.000 -9999.000 -9999.000 -9999.000 -9999.000 -9999.000 -9999.000 -9999.000 -9999.000 -9999.000 -9999.000 -9999.000 -9999.000 -0.4579366E-01 -0.3807965E-01 -0.3928630E-01 -0.4427322E-01 -0.5241536E-01 -0.6302476E-01 -0.7451634E-01 -0.8677262E-01 -0.9912137E-01 -0.1109926 -0.1223181 -0.1342825 -0.1509983 -0.1856957 -0.2566184 -0.2566184 -9999.000 -9999.000 -9999.000 -9999.000 -9999.000 -9999.000 -9999.000 -9999.000 -9999.000 -9999.000 -9999.000 -9999.000 -9999.000 -9999.000 -9999.000 -9999.000 -9999.000 -9999.000 -9999.000 -9999.000 -9999.000 -9999.000 -9999.000 -9999.000 -9999.000 -9999.000 -9999.000 -9999.000
-9999.000 -9999.000 -9999.000 -9999.000 -9999.000 -9999.000 -9999.000 -9999.000 -9999.000 -9999.000 -9999.000 -9999.000 -9999.000 -9999.000 -9999.000 -0.3673641E-01 -0.2925892E-01 -0.3070532E-01 -0.3627649E-01 -0.4534327E-01 -0.5714906E-01 -0.6991000E-01 -0.8351525E-01 -0.9721247E-01 -0.1103598 -0.1228968 -0.1362040 -0.1550304 -0.1947343 -0.2842708 -0.2842708 -9999.000 -9999.000 -9999.000 -9999.000 -9999.000 -9999.000 -9999.000 -9999.000 -9999.000 -9999.000 -9999.000 -9999.000 -9999.000 -9999.000 -9999.000 -9999.000 -9999.000 -9999.000 -9999.000 -9999.000 -9999.000 -9999.000 -9999.000 -9999.000 -9999.000 -9999.000 -9999.000 -9999.000
-9999.000 -9999.000 -9999.000 -9999.000 -9999.000 -9999.000 -9999.000 -9999.000 -9999.000 -9999.000 -9999.000 -9999.000 -9999.000 -9999.000 -9999.000 -0.2685485E-01 -0.1982410E-01 -0.2154472E-01 -0.2773223E-01 -0.3776345E-01 -0.5080833E-01 -0.6486780E-01 -0.7984450E-01 -0.9490060E-01 -0.1093158 -0.1230457 -0.1377013 -0.1587693 -0.2040848 -0.3180172 -0.3180172 -9999.000 -9999.000 -9999.000 -9999.000 -9999.000 -9999.000 -9999.000 -9999.000 -9999.000 -9999.000 -9999.000 -9999.000 -9999.000 -9999.000 -9999.000 -9999.000 -9999.000 -9999.000 -9999.000 -9999.000 -9999.000 -9999.000 -9999.000 -9999.000 -9999.000 -9999.000 -9999.000 -9999.000
-9999.000 -9999.000 -9999.000 -9999.000 -9999.000 -9999.000 -9999.000 -9999.000 -9999.000 -9999.000 -9999.000 -9999.000 -9999.000 -9999.000 -9999.000 -0.9084954E-02 -0.7043407E-02 -0.1074483E-01 -0.1877303E-01 -0.3059637E-01 -0.4537043E-01 -0.6094315E-01 -0.7731178E-01 -0.9360985E-01 -0.1090864 -0.1237659 -0.1395464 -0.1627402 -0.2139328 -0.3582900 -0.3582900 -9999.000 -9999.000 -9999.000 -9999.000 -9999.000 -9999.000 -9999.000 -9999.000 -9999.000 -9999.000 -9999.000 -9999.000 -9999.000 -9999.000 -9999.000 -9999.000 -9999.000 -9999.000 -9999.000 -9999.000 -9999.000 -9999.000 -9999.000 -9999.000 -9999.000 -9999.000 -9999.000 -9999.000
-0.2853594E-02 -0.2853594E-02 -0.5868935E-02 -0.6018139E-02 -0.6015557E-02 -0.6015557E-02 -0.6006491E-02 -0.5985059E-02 -0.5985059E-02 -0.5957982E-02 -0.5957982E-02 -0.5924661E-02 -0.5906059E-02 -0.5886917E-02 -0.5866888E-02 -0.5866888E-02 -0.1255925E-02 -0.6435125E-02 -0.1732388E-01 -0.3370155E-01 -0.5468564E-01 -0.7868928E-01 -0.1044593 -0.1307110 -0.1562397 -0.1802092 -0.2027182 -0.2258932 -0.2601275 -0.3493803 -0.3493803 -0.1859259 -0.9551690E-01 -0.2973794E-01 -0.2152285E-01 -0.2152285E-01 -0.1485775E-01 -0.1485775E-01 -0.2373223E-02 -0.2373223E-02 0.7684058E-02 0.2293657E-01 0.2293657E-01 -0.1275877E-01 -0.1275877E-01 -0.1348325E-02 -0.1348325E-02 -0.1348325E-02 0.2958295E-02 0.2958295E-02 0.3258384E-02 0.3258384E-02 0.1938090E-02 0.1938090E-02 0.3435769E-03 0.3435769E-03 -0.1005868E-02 -0.1005868E-02 -0.1005868E-02
-0.4380140E-02 -0.4380140E-02 -0.8710814E-02 -0.8549536E-02 -0.8476279E-02 -0.8476279E-02 -0.8438797E-02 -0.8414167E-02 -0.8414167E-02 -0.8399053E-02 -0.8399053E-02 -0.8373754E-02 -0.8357679E-02 -0.8340479E-02 -0.8322014E-02 -0.8322014E-02 -0.4623713E-02 -0.1165781E-01 -0.2648996E-01 -0.4903506E-01 -0.7838906E-01 -0.1133197 -0.1520811 -0.1929508 -0.2342545 -0.2743436 -0.3115947 -0.3441850 -0.3713364 -0.3947952 -0.3947952 -0.2610843 -0.1685913 -0.8297618E-01 -0.6626879E-01 -0.6626879E-01 -0.4212948E-01 -0.4212948E-01 0.5071327E-03 0.5071327E-03 0.3067887E-01 0.7866579E-01 0.7866579E-01 0.2738728E-01 0.2738728E-01 0.8746730E-02 0.8746730E-02 0.8746730E-02 0.7879703E-02 0.7879703E-02 0.5164857E-02 0.5164857E-02 0.1359315E-02 0.1359315E-02 -0.2231825E-02 -0.2231825E-02 -0.4963762E-02 -0.4963762E-02 -0.4963762E-02
-0.3606185E-02 -0.3606185E-02 -0.7135455E-02 -0.7256857E-02 -0.7160409E-02 -0.7160409E-02 -0.7110334E-02 -0.7097870E-02 -0.7097870E-02 -0.7112044E-02 -0.7112044E-02 -0.7114546E-02 -0.7111649E-02 -0.7107100E-02 -0.7101393E-02 -0.7101393E-02 -0.6867014E-02 -0.1539996E-01 -0.3188320E-01 -0.5631724E-01 -0.8805194E-01 -0.1261889 -0.1694613 -0.2164952 -0.2658560 -0.3160050 -0.3652332 -0.4116599 -0.4520890 -0.4795993 -0.4795993 -0.3905542 -0.3088267 -0.1982805 -0.1620362 -0.1620362 -0.9293944E-01 -0.9293944E-01 0.7139271E-02 0.7139271E-02 0.6662799E-01 0.1581109 0.1581109 0.1263944 0.1263944 0.4005632E-01 0.4005632E-01 0.4005632E-01 0.1773152E-01 0.1773152E-01 0.5068355E-02 0.5068355E-02 -0.3785729E-02 -0.3785729E-02 -0.1014014E-01 -0.1014014E-01 -0.1410964E-01 -0.1410964E-01 -0.1410964E-01
-0.2845295E-02 -0.2845295E-02 -0.5609408E-02 -0.5868179E-02 -0.5758632E-02 -0.5758632E-02 -0.5695406E-02 -0.5674094E-02 -0.5674094E-02 -0.5689824E-02 -0.5689824E-02 -0.5694991E-02 -0.5693243E-02 -0.5689787E-02 -0.5685473E-02 -0.5685473E-02 -0.9497697E-02 -0.2039603E-01 -0.3908385E-01 -0.6542546E-01 -0.9882520E-01 -0.1385436 -0.1836384 -0.2330752 -0.2857665 -0.3405245 -0.3959598 -0.4503974 -0.5006814 -0.5392939 -0.5392939 -0.4922135 -0.4314543 -0.3195796 -0.2675464 -0.2675464 -0.1428524 -0.1428524 0.2334720E-01 0.2334720E-01 0.1061071 0.2204854 0.2204854 0.2121211 0.2121211 0.8256621E-01 0.8256621E-01 0.8256621E-01 0.3268578E-01 0.3268578E-01 0.5106930E-02 0.5106930E-02 -0.1120068E-01 -0.1120068E-01 -0.2107820E-01 -0.2107820E-01 -0.2610741E-01 -0.2610741E-01 -0.2610741E-01
-0.2107905E-02 -0.2107905E-02 -0.4148846E-02 -0.4440580E-02 -0.4339044E-02 -0.4339044E-02 -0.4276008E-02 -0.4251623E-02 -0.4251623E-02 -0.4266063E-02 -0.4266063E-02 -0.4271607E-02 -0.4270522E-02 -0.4267794E-02 -0.4264423E-02 -0.4264423E-02 -0.1282202E-01 -0.2710659E-01 -0.4900260E-01 -0.7808239E-01 -0.1136899 -0.1551456 -0.2016989 -0.2525489 -0.3068597 -0.3637283 -0.4220940 -0.4806233 -0.5367047 -0.5837237 -0.5837237 -0.5698112 -0.5313746 -0.4264322 -0.3576609 -0.3576609 -0.1676937 -0.1676937 0.5115849E-01 0.5115849E-01 0.1417480 0.2549348 0.2549348 0.2629445 0.2629445 0.1256090 0.1256090 0.1256090 0.5215016E-01 0.5215016E-01 0.7925633E-02 0.7925633E-02 -0.1770541E-01 -0.1770541E-01 -0.3201317E-01 -0.3201317E-01 -0.3827127E-01 -0.3827127E-01 -0.3827127E-01
-0.1391910E-02 -0.1391910E-02 -0.2738187E-02 -0.2980416E-02 -0.2903251E-02 -0.2903251E-02 -0.2853051E-02 -0.2832196E-02 -0.2832196E-02 -0.2843375E-02 -0.2843375E-02 -0.2848124E-02 -0.2847315E-02 -0.2845378E-02 -0.2843068E-02 -0.2843068E-02 -0.1724508E-01 -0.3601794E-01 -0.6224417E-01 -0.9507102E-01 -0.1336916 -0.1774284 -0.2256625 -0.2777882 -0.3331856 -0.3911851 -0.4509904 -0.5115697 -0.5708809 -0.6235278 -0.6235278 -0.6330918 -0.6133531 -0.5068492 -0.4115459 -0.4115459 -0.1538839 -0.1538839 0.8100029E-01 0.8100029E-01 0.1634029 0.2612758 0.2612758 0.2794854 0.2794854 0.1608234 0.1608234 0.1608234 0.7387245E-01 0.7387245E-01 0.1444364E-01 0.1444364E-01 -0.2152910E-01 -0.2152910E-01 -0.4119915E-01 -0.4119915E-01 -0.4908250E-01 -0.4908250E-01 -0.4908250E-01
-0.6917830E-03 -0.6917830E-03 -0.1360892E-02 -0.1496429E-02 -0.1454994E-02 -0.1454994E-02 -0.1427367E-02 -0.1415344E-02 -0.1415344E-02 -0.1421351E-02 -0.1421351E-02 -0.1424063E-02 -0.1423704E-02 -0.1422745E-02 -0.1421590E-02 -0.1421590E-02 -0.2336692E-01 -0.4789416E-01 -0.7970133E-01 -0.1174023 -0.1599635 -0.2066623 -0.2569724 -0.3104656 -0.3667412 -0.4253676 -0.4858027 -0.5472916 -0.6082772 -0.6644075 -0.6644075 -0.6893492 -0.6814144 -0.5456396 -0.4098678 -0.4098678 -0.1100644 -0.1100644 0.9905223E-01 0.9905223E-01 0.1654211 0.2458826 0.2458826 0.2707281 0.2707281 0.1827661 0.1827661 0.1827661 0.9423958E-01 0.9423958E-01 0.2405276E-01 0.2405276E-01 -0.2187590E-01 -0.2187590E-01 -0.4748895E-01 -0.4748895E-01 -0.5743461E-01 -0.5743461E-01 -0.5743461E-01
0.2441488E-07 0.2441488E-07 0.2769893E-07 -0.1216307E-06 -0.2563442E-07 -0.2563442E-07 -0.1220315E-06 0.1208320E-06 0.1208320E-06 0.1384406E-06 0.1384406E-06 0.9840563E-07 0.7314518E-07 0.1119998E-06 0.2171583E-07 0.2171583E-07 -0.3207717E-01 -0.6390429E-01 -0.1027169 -0.1465222 -0.1940162 -0.2444089 -0.2972468 -0.3522701 -0.4093035 -0.4681697 -0.5286025 -0.5901345 -0.6516119 -0.7092816 -0.7092816 -0.7420383 -0.7335895 -0.5215489 -0.3472718 -0.3472718 -0.6221749E-01 -0.6221749E-01 0.9897210E-01 0.9897210E-01 0.1501258 0.2171781 0.2171781 0.2462506 0.2462506 0.1895390 0.1895390 0.1895390 0.1093381 0.1093381 0.3488266E-01 0.3488266E-01 -0.1883243E-01 -0.1883243E-01 -0.5017425E-01 -0.5017425E-01 -0.6242393E-01 -0.6242393E-01 -0.6242393E-01
0.6919394E-03 0.6919394E-03 0.1360797E-02 0.1496326E-02 0.1454868E-02 0.1454868E-02 0.1427277E-02 0.1415604E-02 0.1415604E-02 0.1421683E-02 0.1421683E-02 0.1424199E-02 0.1423833E-02 0.1422852E-02 0.1421659E-02 0.1421659E-02 -0.4473531E-01 -0.8583318E-01 -0.1333031 -0.1845258 -0.2379420 -0.2927185 -0.3484924 -0.4051805 -0.4628408 -0.5215639 -0.5813763 -0.6421151 -0.7028952 -0.7595599 -0.7595599 -0.7896022 -0.7549859 -0.4265800 -0.2505563 -0.2505563 -0.3170851E-01 -0.3170851E-01 0.8448216E-01 0.8448216E-01 0.1247029 0.1823518 0.1823518 0.2132701 0.2132701 0.1822657 0.1822657 0.1822657 0.1162042 0.1162042 0.4437911E-01 0.4437911E-01 -0.1326871E-01 -0.1326871E-01 -0.4899302E-01 -0.4899302E-01 -0.6334914E-01 -0.6334914E-01 -0.6334914E-01
0.1391956E-02 0.1391956E-02 0.2738103E-02 0.2980492E-02 0.2903296E-02 0.2903296E-02 0.2853168E-02 0.2832505E-02 0.2832505E-02 0.2843642E-02 0.2843642E-02 0.2848216E-02 0.2847412E-02 0.2845516E-02 0.2843125E-02 0.2843125E-02 -0.6351678E-01 -0.1164597 -0.1745044 -0.2344860 -0.2947026 -0.3543800 -0.4133166 -0.4716487 -0.5296875 -0.5878016 -0.6463172 -0.7053591 -0.7639171 -0.8144886 -0.8144886 -0.8189705 -0.7084154 -0.2955482 -0.1643353 -0.1643353 -0.2135161E-01 -0.2135161E-01 0.6340207E-01 0.6340207E-01 0.9614749E-01 0.1460901 0.1460901 0.1764131 0.1764131 0.1637965 0.1637965 0.1637965 0.1136211 0.1136211 0.5012905E-01 0.5012905E-01 -0.6572814E-02 -0.6572814E-02 -0.4413481E-01 -0.4413481E-01 -0.5978756E-01 -0.5978756E-01 -0.5978756E-01
0.2108056E-02 0.2108056E-02 0.4148814E-02 0.4440805E-02 0.4339124E-02 0.4339124E-02 0.4276148E-02 0.4251838E-02 0.4251838E-02 0.4266371E-02 0.4266371E-02 0.4271884E-02 0.4270613E-02 0.4267901E-02 0.4264473E-02 0.4264473E-02 -0.9209406E-01 -0.1602556 -0.2310276 -0.3009916 -0.3685829 -0.4332995 -0.4952471 -0.5548652 -0.6127612 -0.6695942 -0.7259876 -0.7822481 -0.8357920 -0.8656362 -0.8656362 -0.7876624 -0.5538976 -0.1871005 -0.1113711 -0.1113711 -0.2169687E-01 -0.2169687E-01 0.4204888E-01 0.4204888E-01 0.6884437E-01 0.1108579 0.1108579 0.1383948 0.1383948 0.1374094 0.1374094 0.1374094 0.1020924 0.1020924 0.5056800E-01 0.5056800E-01 -0.2448506E-03 -0.2448506E-03 -0.3619082E-01 -0.3619082E-01 -0.5170082E-01 -0.5170082E-01 -0.5170082E-01
0.2845258E-02 0.2845258E-02 0.5609357E-02 0.5868305E-02 0.5758757E-02 0.5758757E-02 0.5695509E-02 0.5674229E-02 0.5674229E-02 0.5690100E-02 0.5690100E-02 0.5694987E-02 0.5693253E-02 0.5689789E-02 0.5685464E-02 0.5685464E-02 -0.1370736 -0.2247528 -0.3104107 -0.3911095 -0.4659750 -0.5351479 -0.5992691 -0.6592137 -0.7159464 -0.7704351 -0.8235891 -0.8754461 -0.9156970 -0.8749719 -0.8749719 -0.6233081 -0.3303093 -0.1237160 -0.8445235E-01 -0.8445235E-01 -0.2370488E-01 -0.2370488E-01 0.2369790E-01 0.2369790E-01 0.4487687E-01 0.7789384E-01 0.7789384E-01 0.1009324 0.1009324 0.1061780 0.1061780 0.1061780 0.8337723E-01 0.8337723E-01 0.4537557E-01 0.4537557E-01 0.4554971E-02 0.4554971E-02 -0.2601230E-01 -0.2601230E-01 -0.3951280E-01 -0.3951280E-01 -0.3951280E-01
