simulation_files/asc/Velocity____120.0.asc
NCOLS        79
NROWS        79
XLLCENTER         -1.500000
YLLCENTER         -4.800000
CELLSIZE           0.100
NODATA_VALUE     -9999.0
[rows 0 to 26 of 79, columns 0 to 59 of 79]
-9999.000 -9999.000 -9999.000 -9999.000 -9999.000 -9999.000 -9999.000 -9999.000 -9999.000 -9999.000 -9999.000 -9999.000 -9999.000 -9999.000 -9999.000 0.1485092 0.1473800 0.1473338 0.1474704 0.1476985 0.1479665 0.1482330 0.1484728 0.1486824 0.1488822 0.1491353 0.1495767 0.1504825 0.1523284 0.1522810 0.1522810 -9999.000 -9999.000 -9999.000 -9999.000 -9999.000 -9999.000 -9999.000 -9999.000 -9999.000 -9999.000 -9999.000 -9999.000 -9999.000 -9999.000 -9999.000 -9999.000 -9999.000 -9999.000 -9999.000 -9999.000 -9999.000 -9999.000 -9999.000 -9999.000 -9999.000 -9999.000 -9999.000 -9999.000 -9999.000
-9999.000 -9999.000 -9999.000 -9999.000 -9999.000 -9999.000 -9999.000 -9999.000 -9999.000 -9999.000 -9999.000 -9999.000 -9999.000 -9999.000 -9999.000 0.1464473 0.1440655 0.1439784 0.1442994 0.1448332 0.1454662 0.1461041 0.1466862 0.1471982 0.1476796 0.1482634 0.1492427 0.1512235 0.1552337 0.1557093 0.1557093 -9999.000 -9999.000 -9999.000 -9999.000 -9999.000 -9999.000 -9999.000 -9999.000 -9999.000 -9999.000 -9999.000 -9999.000 -9999.000 -9999.000 -9999.000 -9999.000 -9999.000 -9999.000 -9999.000 -9999.000 -9999.000 -9999.000 -9999.000 -9999.000 -9999.000 -9999.000 -9999.000 -9999.000 -9999.000
-9999.000 -9999.000 -9999.000 -9999.000 -9999.000 -9999.000 -9999.000 -9999.000 -9999.000 -9999.000 -9999.000 -9999.000 -9999.000 -9999.000 -9999.000 0.1431235 0.1393973 0.1392718 0.1398513 0.1408161 0.1419761 0.1431720 0.1442993 0.1453333 0.1463396 0.1475397 0.1494174 0.1529582 0.1598012 0.1615565 0.1615565 -9999.000 -9999.000 -9999.000 -9999.000 -9999.000 -9999.000 -9999.000 -9999.000 -9999.000 -9999.000 -9999.000 -9999.000 -9999.000 -9999.000 -9999.000 -9999.000 -9999.000 -9999.000 -9999.000 -9999.000 -9999.000 -9999.000 -9999.000 -9999.000 -9999.000 -9999.000 -9999.000 -9999.000 -9999.000
-9999.000 -9999.000 -9999.000 -9999.000 -9999.000 -9999.000 -9999.000 -9999.000 -9999.000 -9999.000 -9999.000 -9999.000 -9999.000 -9999.000 -9999.000 0.1391154 0.1341046 0.1339720 0.1348662 0.1363392 0.1381194 0.1399795 0.1417683 0.1434495 0.1451139 0.1470746 0.1500130 0.1553160 0.1652892 0.1690058 0.1690058 -9999.000 -9999.000 -9999.000 -9999.000 -9999.000 -9999.000 -9999.000 -9999.000 -9999.000 -9999.000 -9999.000 -9999.000 -9999.000 -9999.000 -9999.000 -9999.000 -9999.000 -9999.000 -9999.000 -9999.000 -9999.000 -9999.000 -9999.000 -9999.000 -9999.000 -9999.000 -9999.000 -9999.000 -9999.000
-9999.000 -9999.000 -9999.000 -9999.000 -9999.000 -9999.000 -9999.000 -9999.000 -9999.000 -9999.000 -9999.000 -9999.000 -9999.000 -9999.000 -9999.000 0.1345649 0.1283219 0.1282072 0.1294622 0.1315058 0.1339801 0.1365860 0.1391222 0.1415401 0.1439576 0.1467833 0.1509090 0.1581536 0.1715641 0.1779904 0.1779904 -9999.000 -9999.000 -9999.000 -9999.000 -9999.000 -9999.000 -9999.000 -9999.000 -9999.000 -9999.000 -9999.000 -9999.000 -9999.000 -9999.000 -9999.000 -9999.000 -9999.000 -9999.000 -9999.000 -9999.000 -9999.000 -9999.000 -9999.000 -9999.000 -9999.000 -9999.000 -9999.000 -9999.000 -9999.000
-9999.000 -9999.000 -9999.000 -9999.000 -9999.000 -9999.000 -9999.000 -9999.000 -9999.000 -9999.000 -9999.000 -9999.000 -9999.000 -9999.000 -9999.000 0.1295421 0.1221245 0.1220522 0.1237104 0.1263800 0.1296117 0.1330308 0.1363818 0.1396055 0.1428481 0.1466213 0.1520423 0.1614014 0.1785833 0.1885915 0.1885915 -9999.000 -9999.000 -9999.000 -9999.000 -9999.000 -9999.000 -9999.000 -9999.000 -9999.000 -9999.000 -9999.000 -9999.000 -9999.000 -9999.000 -9999.000 -9999.000 -9999.000 -9999.000 -9999.000 -9999.000 -9999.000 -9999.000 -9999.000 -9999.000 -9999.000 -9999.000 -9999.000 -9999.000 -9999.000
-9999.000 -9999.000 -9999.000 -9999.000 -9999.000 -9999.000 -9999.000 -9999.000 -9999.000 -9999.000 -9999.000 -9999.000 -9999.000 -9999.000 -9999.000 0.1240657 0.1155467 0.1155456 0.1176501 0.1210006 0.1250489 0.1293412 0.1335644 0.1376499 0.1417755 0.1465650 0.1533803 0.1650303 0.1863594 0.2010095 0.2010095 -9999.000 -9999.000 -9999.000 -9999.000 -9999.000 -9999.000 -9999.000 -9999.000 -9999.000 -9999.000 -9999.000 -9999.000 -9999.000 -9999.000 -9999.000 -9999.000 -9999.000 -9999.000 -9999.000 -9999.000 -9999.000 -9999.000 -9999.000 -9999.000 -9999.000 -9999.000 -9999.000 -9999.000 -9999.000
-9999.000 -9999.000 -9999.000 -9999.000 -9999.000 -9999.000 -9999.000 -9999.000 -9999.000 -9999.000 -9999.000 -9999.000 -9999.000 -9999.000 -9999.000 0.1181174 0.1085937 0.1087008 0.1113014 0.1153910 0.1203158 0.1255386 0.1306855 0.1356811 0.1407391 0.1466054 0.1549100 0.1690365 0.1949452 0.2155676 0.2155676 -9999.000 -9999.000 -9999.000 -9999.000 -9999.000 -9999.000 -9999.000 -9999.000 -9999.000 -9999.000 -9999.000 -9999.000 -9999.000 -9999.000 -9999.000 -9999.000 -9999.000 -9999.000 -9999.000 -9999.000 -9999.000 -9999.000 -9999.000 -9999.000 -9999.000 -9999.000 -9999.000 -9999.000 -9999.000
-9999.000 -9999.000 -9999.000 -9999.000 -9999.000 -9999.000 -9999.000 -9999.000 -9999.000 -9999.000 -9999.000 -9999.000 -9999.000 -9999.000 -9999.000 0.1116519 0.1012510 0.1015161 0.1046730 0.1095684 0.1154339 0.1216454 0.1277645 0.1337138 0.1397475 0.1467461 0.1566333 0.1734357 0.2044263 0.2327392 0.2327392 -9999.000 -9999.000 -9999.000 -9999.000 -9999.000 -9999.000 -9999.000 -9999.000 -9999.000 -9999.000 -9999.000 -9999.000 -9999.000 -9999.000 -9999.000 -9999.000 -9999.000 -9999.000 -9999.000 -9999.000 -9999.000 -9999.000 -9999.000 -9999.000 -9999.000 -9999.000 -9999.000 -9999.000 -9999.000
-9999.000 -9999.000 -9999.000 -9999.000 -9999.000 -9999.000 -9999.000 -9999.000 -9999.000 -9999.000 -9999.000 -9999.000 -9999.000 -9999.000 -9999.000 0.1046031 0.9349149E-01 0.9398329E-01 0.9777389E-01 0.1035544 0.1104316 0.1176926 0.1248320 0.1317764 0.1388256 0.1470079 0.1585707 0.1782636 0.2149222 0.2532048 0.2532048 -9999.000 -9999.000 -9999.000 -9999.000 -9999.000 -9999.000 -9999.000 -9999.000 -9999.000 -9999.000 -9999.000 -9999.000 -9999.000 -9999.000 -9999.000 -9999.000 -9999.000 -9999.000 -9999.000 -9999.000 -9999.000 -9999.000 -9999.000 -9999.000 -9999.000 -9999.000 -9999.000 -9999.000 -9999.000
-9999.000 -9999.000 -9999.000 -9999.000 -9999.000 -9999.000 -9999.000 -9999.000 -9999.000 -9999.000 -9999.000 -9999.000 -9999.000 -9999.000 -9999.000 0.9688542E-01 0.8527882E-01 0.8609675E-01 0.9062597E-01 0.9739023E-01 0.1053606 0.1137365 0.1219453 0.1299258 0.1380290 0.1474444 0.1607737 0.1835841 0.2265923 0.2779554 0.2779554 -9999.000 -9999.000 -9999.000 -9999.000 -9999.000 -9999.000 -9999.000 -9999.000 -9999.000 -9999.000 -9999.000 -9999.000 -9999.000 -9999.000 -9999.000 -9999.000 -9999.000 -9999.000 -9999.000 -9999.000 -9999.000 -9999.000 -9999.000 -9999.000 -9999.000 -9999.000 -9999.000 -9999.000 -9999.000
-9999.000 -9999.000 -9999.000 -9999.000 -9999.000 -9999.000 -9999.000 -9999.000 -9999.000 -9999.000 -9999.000 -9999.000 -9999.000 -9999.000 -9999.000 0.8838807E-01 0.7657052E-01 0.7786677E-01 0.8328605E-01 0.9116352E-01 0.1003245 0.1098883 0.1192193 0.1282806 0.1374789 0.1481766 0.1633581 0.1895154 0.2396536 0.3084787 0.3084787 -9999.000 -9999.000 -9999.000 -9999.000 -9999.000 -9999.000 -9999.000 -9999.000 -9999.000 -9999.000 -9999.000 -9999.000 -9999.000 -9999.000 -9999.000 -9999.000 -9999.000 -9999.000 -9999.000 -9999.000 -9999.000 -9999.000 -9999.000 -9999.000 -9999.000 -9999.000 -9999.000 -9999.000 -9999.000
-9999.000 -9999.000 -9999.000 -9999.000 -9999.000 -9999.000 -9999.000 -9999.000 -9999.000 -9999.000 -9999.000 -9999.000 -9999.000 -9999.000 -9999.000 0.7895991E-01 0.6732037E-01 0.6934670E-01 0.7589099E-01 0.8506151E-01 0.9553610E-01 0.1063752 0.1168933 0.1270935 0.1374420 0.1494785 0.1665879 0.1962975 0.2544211 0.3471063 0.3471063 -9999.000 -9999.000 -9999.000 -9999.000 -9999.000 -9999.000 -9999.000 -9999.000 -9999.000 -9999.000 -9999.000 -9999.000 -9999.000 -9999.000 -9999.000 -9999.000 -9999.000 -9999.000 -9999.000 -9999.000 -9999.000 -9999.000 -9999.000 -9999.000 -9999.000 -9999.000 -9999.000 -9999.000 -9999.000
-9999.000 -9999.000 -9999.000 -9999.000 -9999.000 -9999.000 -9999.000 -9999.000 -9999.000 -9999.000 -9999.000 -9999.000 -9999.000 -9999.000 -9999.000 0.6833988E-01 0.5750413E-01 0.6076748E-01 0.6886551E-01 0.7961454E-01 0.9157622E-01 0.1038050 0.1155986 0.1270234 0.1386073 0.1520576 0.1711448 0.2045146 0.2714425 0.3977515 0.3977515 -9999.000 -9999.000 -9999.000 -9999.000 -9999.000 -9999.000 -9999.000 -9999.000 -9999.000 -9999.000 -9999.000 -9999.000 -9999.000 -9999.000 -9999.000 -9999.000 -9999.000 -9999.000 -9999.000 -9999.000 -9999.000 -9999.000 -9999.000 -9999.000 -9999.000 -9999.000 -9999.000 -9999.000 -9999.000
-9999.000 -9999.000 -9999.000 -9999.000 -9999.000 -9999.000 -9999.000 -9999.000 -9999.000 -9999.000 -9999.000 -9999.000 -9999.000 -9999.000 -9999.000 0.5336273E-01 0.5499002E-01 0.6701696E-01 0.8011048E-01 0.9303789E-01 0.1054753 0.1172912 0.1282748 0.1387605 0.1494099 0.1620784 0.1809329 0.2160247 0.2912729 0.4649871 0.4649871 -9999.000 -9999.000 -9999.000 -9999.000 -9999.000 -9999.000 -9999.000 -9999.000 -9999.000 -9999.000 -9999.000 -9999.000 -9999.000 -9999.000 -9999.000 -9999.000 -9999.000 -9999.000 -9999.000 -9999.000 -9999.000 -9999.000 -9999.000 -9999.000 -9999.000 -9999.000 -9999.000 -9999.000 -9999.000
2.158766 2.158766 2.200222 2.245747 2.253678 2.253678 2.258993 2.265236 2.265236 2.267917 2.267917 2.268216 2.267673 2.266749 2.265492 2.265492 2.013859 1.970257 1.920459 1.859693 1.786026 1.699177 1.600119 1.490754 1.374171 1.255717 1.144484 1.056334 1.021998 1.112181 1.112181 1.915454 2.056075 2.082964 2.073602 2.073602 2.033024 2.033024 1.926302 1.926302 1.720085 1.347506 1.347506 1.242295 1.242295 1.258784 1.258784 1.258784 1.308868 1.308868 1.367811 1.367811 1.415444 1.415444 1.454662 1.454662 1.483760 1.483760 1.483760 1.502098
2.172509 2.172509 2.229226 2.287099 2.304393 2.304393 2.319065 2.343913 2.343913 2.365041 2.365041 2.383641 2.392197 2.400335 2.408103 2.408103 2.263115 2.245314 2.236263 2.224573 2.205174 2.175280 2.131906 2.075600 2.006019 1.925101 1.837698 1.754133 1.694745 1.710650 1.710650 2.179523 2.328063 2.440203 2.460723 2.460723 2.460625 2.460625 2.405655 2.405655 2.316236 2.013479 2.013479 1.881548 1.881548 1.899356 1.899356 1.899356 1.934843 1.934843 1.995034 1.995034 2.041786 2.041786 2.082323 2.082323 2.115354 2.115354 2.115354 2.140533
2.175409 2.175409 2.233339 2.287328 2.304767 2.304767 2.319663 2.345000 2.345000 2.366650 2.366650 2.385833 2.394710 2.403190 2.411320 2.411320 2.301835 2.285318 2.288115 2.295129 2.299244 2.297385 2.287349 2.268448 2.239605 2.200794 2.152720 2.103518 2.065448 2.072491 2.072491 2.393845 2.525922 2.658055 2.687665 2.687665 2.695717 2.695717 2.645270 2.645270 2.587784 2.383684 2.383684 2.241262 2.241262 2.236463 2.236463 2.236463 2.271170 2.271170 2.316150 2.316150 2.355056 2.355056 2.388685 2.388685 2.416322 2.416322 2.416322 2.437161
2.177705 2.177705 2.236461 2.287259 2.304620 2.304620 2.319558 2.344994 2.344994 2.366679 2.366679 2.385868 2.394748 2.403233 2.411370 2.411370 2.327935 2.309248 2.314300 2.327937 2.341234 2.350586 2.354239 2.351744 2.342543 2.326533 2.304140 2.280115 2.262749 2.275375 2.275375 2.491649 2.611594 2.743527 2.772577 2.772577 2.773916 2.773916 2.723342 2.723342 2.683564 2.551283 2.551283 2.419890 2.419890 2.391854 2.391854 2.391854 2.420862 2.420862 2.459525 2.459525 2.495263 2.495263 2.526031 2.526031 2.550744 2.550744 2.550744 2.568991
2.179451 2.179451 2.238804 2.287235 2.304478 2.304478 2.319441 2.344971 2.344971 2.366686 2.366686 2.385870 2.394746 2.403227 2.411362 2.411362 2.352983 2.336131 2.342277 2.359300 2.377603 2.392807 2.403054 2.407954 2.407446 2.401845 2.391865 2.381099 2.375934 2.392797 2.392797 2.541480 2.647682 2.763884 2.782379 2.782379 2.765464 2.765464 2.721442 2.721442 2.699239 2.630086 2.630086 2.531258 2.531258 2.481740 2.481740 2.481740 2.502109 2.502109 2.534935 2.534935 2.567712 2.567712 2.596010 2.596010 2.618322 2.618322 2.618322 2.634452
2.180677 2.180677 2.240434 2.287241 2.304365 2.304365 2.319340 2.344951 2.344951 2.366693 2.366693 2.385873 2.394745 2.403223 2.411356 2.411356 2.376866 2.366493 2.375065 2.394584 2.416374 2.435662 2.450257 2.459524 2.463495 2.462702 2.458137 2.452893 2.452376 2.468509 2.468509 2.571961 2.658888 2.737680 2.736236 2.736236 2.702941 2.702941 2.681410 2.681410 2.678747 2.661534 2.661534 2.604954 2.604954 2.546274 2.546274 2.546274 2.555561 2.555561 2.580990 2.580990 2.609465 2.609465 2.634706 2.634706 2.654494 2.654494 2.654494 2.668484
2.181402 2.181402 2.241395 2.287255 2.304294 2.304294 2.319273 2.344936 2.344936 2.366698 2.366698 2.385876 2.394745 2.403221 2.411353 2.411353 2.399966 2.399737 2.412930 2.435027 2.459457 2.481792 2.499677 2.512180 2.519168 2.521110 2.519026 2.515583 2.515431 2.527034 2.527034 2.594637 2.652169 2.664676 2.641731 2.641731 2.613538 2.613538 2.628976 2.628976 2.644672 2.666066 2.666066 2.649380 2.649380 2.598007 2.598007 2.598007 2.597090 2.597090 2.613771 2.613771 2.636326 2.636326 2.657470 2.657470 2.674086 2.674086 2.674086 2.685608
2.181643 2.181643 2.241713 2.287261 2.304269 2.304269 2.319250 2.344932 2.344932 2.366701 2.366701 2.385877 2.394745 2.403221 2.411351 2.411351 2.423542 2.435873 2.455889 2.481246 2.507865 2.532371 2.552629 2.567566 2.576845 2.580729 2.580063 2.577009 2.575325 2.579601 2.579601 2.611006 2.619602 2.543275 2.514423 2.514423 2.522377 2.522377 2.577194 2.577194 2.607132 2.655201 2.655201 2.670258 2.670258 2.639008 2.639008 2.639008 2.632080 2.632080 2.640115 2.640115 2.655463 2.655463 2.671213 2.671213 2.683764 2.683764 2.683764 2.692380
2.181402 2.181402 2.241395 2.287255 2.304294 2.304294 2.319273 2.344937 2.344937 2.366698 2.366698 2.385875 2.394744 2.403220 2.411352 2.411352 2.449557 2.475775 2.504255 2.533748 2.562419 2.588349 2.610032 2.626522 2.637386 2.642675 2.642970 2.639874 2.635862 2.628870 2.628870 2.609937 2.537030 2.389274 2.382798 2.382798 2.444252 2.444252 2.529734 2.529734 2.569450 2.635577 2.635577 2.673776 2.673776 2.668390 2.668390 2.668390 2.661025 2.661025 2.662209 2.662209 2.669825 2.669825 2.679042 2.679042 2.686626 2.686626 2.686626 2.691917
2.180677 2.180677 2.240434 2.287241 2.304365 2.304365 2.319340 2.344951 2.344951 2.366693 2.366693 2.385873 2.394745 2.403224 2.411356 2.411356 2.480672 2.521272 2.558969 2.593206 2.623887 2.650601 2.672751 2.689792 2.701370 2.707417 2.708263 2.704919 2.697589 2.668716 2.668716 2.559179 2.376081 2.239089 2.272084 2.272084 2.380213 2.380213 2.485601 2.485601 2.531901 2.610557 2.610557 2.664993 2.664993 2.685122 2.685122 2.685122 2.682084 2.682084 2.679269 2.679269 2.679624 2.679624 2.681664 2.681664 2.683607 2.683607 2.683607 2.685293
2.179451 2.179451 2.238804 2.287235 2.304478 2.304478 2.319441 2.344972 2.344972 2.366686 2.366686 2.385870 2.394746 2.403227 2.411362 2.411362 2.520484 2.575237 2.621852 2.660732 2.693132 2.719956 2.741592 2.758086 2.769343 2.775309 2.776143 2.772130 2.757994 2.674222 2.674222 2.402937 2.143068 2.121978 2.181227 2.181227 2.323174 2.323174 2.441432 2.441432 2.492581 2.580454 2.580454 2.646234 2.646234 2.688233 2.688233 2.688233 2.692273 2.692273 2.688349 2.688349 2.682743 2.682743 2.677669 2.677669 2.673748 2.673748 2.673748 2.671821
2.177706 2.177706 2.236461 2.287259 2.304621 2.304621 2.319558 2.344995 2.344995 2.366678 2.366678 2.385868 2.394749 2.403234 2.411370 2.411370 2.574117 2.641862 2.695837 2.738169 2.771331 2.797283 2.817297 2.832051 2.841824 2.846697 2.846755 2.840855 2.805827 2.575473 2.575473 2.091754 1.927995 2.027840 2.106106 2.106106 2.266059 2.266059 2.393894 2.393894 2.449170 2.544080 2.544080 2.617777 2.617777 2.676856 2.676856 2.676856 2.688590 2.688590 2.685628 2.685628 2.675716 2.675716 2.664284 2.664284 2.654855 2.654855 2.654855 2.649645
