simulation_files/asc/Velocity__y_66.0.asc
NCOLS        79
NROWS        79
XLLCENTER         -1.500000
YLLCENTER         -4.800000
CELLSIZE           0.100
NODATA_VALUE     -9999.0
[rows 0 to 25 of 79, columns 0 to 58 of 79]
-9999.000 -9999.000 -9999.000 -9999.000 -9999.000 -9999.000 -9999.000 -9999.000 -9999.000 -9999.000 -9999.000 -9999.000 -9999.000 -9999.000 -9999.000 -0.2335791 -0.2324760 -0.2326659 -0.2329574 -0.2332691 -0.2336016 -0.2339692 -0.2343911 -0.2348894 -0.2354934 -0.2362422 -0.2371939 -0.2384343 -0.2399503 -0.2371253 -0.2371253 -9999.000 -9999.000 -9999.000 -9999.000 -9999.000 -9999.000 -9999.000 -9999.000 -9999.000 -9999.000 -9999.000 -9999.000 -9999.000 -9999.000 -9999.000 -9999.000 -9999.000 -9999.000 -9999.000 -9999.000 -9999.000 -9999.000 -9999.000 -9999.000 -9999.000 -9999.000 -9999.000 -9999.000
-9999.000 -9999.000 -9999.000 -9999.000 -9999.000 -9999.000 -9999.000 -9999.000 -9999.000 -9999.000 -9999.000 -9999.000 -9999.000 -9999.000 -9999.000 -0.2302420 -0.2277242 -0.2280586 -0.2286010 -0.2291765 -0.2297863 -0.2304636 -0.2312540 -0.2322128 -0.2334080 -0.2349282 -0.2368950 -0.2394740 -0.2426054 -0.2372525 -0.2372525 -9999.000 -9999.000 -9999.000 -9999.000 -9999.000 -9999.000 -9999.000 -9999.000 -9999.000 -9999.000 -9999.000 -9999.000 -9999.000 -9999.000 -9999.000 -9999.000 -9999.000 -9999.000 -9999.000 -9999.000 -9999.000 -9999.000 -9999.000 -9999.000 -9999.000 -9999.000 -9999.000 -9999.000
-9999.000 -9999.000 -9999.000 -9999.000 -9999.000 -9999.000 -9999.000 -9999.000 -9999.000 -9999.000 -9999.000 -9999.000 -9999.000 -9999.000 -9999.000 -0.2252451 -0.2210907 -0.2216214 -0.2225479 -0.2235706 -0.2246858 -0.2259480 -0.2274368 -0.2292472 -0.2314946 -0.2343187 -0.2378976 -0.2424528 -0.2477930 -0.2399740 -0.2399740 -9999.000 -9999.000 -9999.000 -9999.000 -9999.000 -9999.000 -9999.000 -9999.000 -9999.000 -9999.000 -9999.000 -9999.000 -9999.000 -9999.000 -9999.000 -9999.000 -9999.000 -9999.000 -9999.000 -9999.000 -9999.000 -9999.000 -9999.000 -9999.000 -9999.000 -9999.000 -9999.000 -9999.000
-9999.000 -9999.000 -9999.000 -9999.000 -9999.000 -9999.000 -9999.000 -9999.000 -9999.000 -9999.000 -9999.000 -9999.000 -9999.000 -9999.000 -9999.000 -0.2191105 -0.2133211 -0.2141097 -0.2155180 -0.2171155 -0.2188938 -0.2209310 -0.2233413 -0.2262621 -0.2298545 -0.2343097 -0.2398615 -0.2467888 -0.2547643 -0.2449870 -0.2449870 -9999.000 -9999.000 -9999.000 -9999.000 -9999.000 -9999.000 -9999.000 -9999.000 -9999.000 -9999.000 -9999.000 -9999.000 -9999.000 -9999.000 -9999.000 -9999.000 -9999.000 -9999.000 -9999.000 -9999.000 -9999.000 -9999.000 -9999.000 -9999.000 -9999.000 -9999.000 -9999.000 -9999.000
-9999.000 -9999.000 -9999.000 -9999.000 -9999.000 -9999.000 -9999.000 -9999.000 -9999.000 -9999.000 -9999.000 -9999.000 -9999.000 -9999.000 -9999.000 -0.2118928 -0.2045276 -0.2056343 -0.2076112 -0.2098925 -0.2124666 -0.2154373 -0.2189571 -0.2232084 -0.2284036 -0.2347906 -0.2426667 -0.2523796 -0.2634703 -0.2523179 -0.2523179 -9999.000 -9999.000 -9999.000 -9999.000 -9999.000 -9999.000 -9999.000 -9999.000 -9999.000 -9999.000 -9999.000 -9999.000 -9999.000 -9999.000 -9999.000 -9999.000 -9999.000 -9999.000 -9999.000 -9999.000 -9999.000 -9999.000 -9999.000 -9999.000 -9999.000 -9999.000 -9999.000 -9999.000
-9999.000 -9999.000 -9999.000 -9999.000 -9999.000 -9999.000 -9999.000 -9999.000 -9999.000 -9999.000 -9999.000 -9999.000 -9999.000 -9999.000 -9999.000 -0.2035865 -0.1947769 -0.1962605 -0.1988800 -0.2019353 -0.2054144 -0.2094517 -0.2142422 -0.2200210 -0.2270596 -0.2356739 -0.2462396 -0.2591939 -0.2739649 -0.2621391 -0.2621391 -9999.000 -9999.000 -9999.000 -9999.000 -9999.000 -9999.000 -9999.000 -9999.000 -9999.000 -9999.000 -9999.000 -9999.000 -9999.000 -9999.000 -9999.000 -9999.000 -9999.000 -9999.000 -9999.000 -9999.000 -9999.000 -9999.000 -9999.000 -9999.000 -9999.000 -9999.000 -9999.000 -9999.000
-9999.000 -9999.000 -9999.000 -9999.000 -9999.000 -9999.000 -9999.000 -9999.000 -9999.000 -9999.000 -9999.000 -9999.000 -9999.000 -9999.000 -9999.000 -0.1941299 -0.1840946 -0.1860160 -0.1893389 -0.1932404 -0.1977136 -0.2029286 -0.2091317 -0.2166197 -0.2257365 -0.2368824 -0.2505350 -0.2672536 -0.2863925 -0.2747695 -0.2747695 -9999.000 -9999.000 -9999.000 -9999.000 -9999.000 -9999.000 -9999.000 -9999.000 -9999.000 -9999.000 -9999.000 -9999.000 -9999.000 -9999.000 -9999.000 -9999.000 -9999.000 -9999.000 -9999.000 -9999.000 -9999.000 -9999.000 -9999.000 -9999.000 -9999.000 -9999.000 -9999.000 -9999.000
-9999.000 -9999.000 -9999.000 -9999.000 -9999.000 -9999.000 -9999.000 -9999.000 -9999.000 -9999.000 -9999.000 -9999.000 -9999.000 -9999.000 -9999.000 -0.1834086 -0.1724710 -0.1748951 -0.1789709 -0.1837742 -0.1893110 -0.1957959 -0.2035366 -0.2129052 -0.2243354 -0.2383364 -0.2555217 -0.2766206 -0.3009860 -0.2907025 -0.2907025 -9999.000 -9999.000 -9999.000 -9999.000 -9999.000 -9999.000 -9999.000 -9999.000 -9999.000 -9999.000 -9999.000 -9999.000 -9999.000 -9999.000 -9999.000 -9999.000 -9999.000 -9999.000 -9999.000 -9999.000 -9999.000 -9999.000 -9999.000 -9999.000 -9999.000 -9999.000 -9999.000 -9999.000
-9999.000 -9999.000 -9999.000 -9999.000 -9999.000 -9999.000 -9999.000 -9999.000 -9999.000 -9999.000 -9999.000 -9999.000 -9999.000 -9999.000 -9999.000 -0.1712629 -0.1598634 -0.1628623 -0.1677297 -0.1734735 -0.1801245 -0.1879519 -0.1973387 -0.2087497 -0.2227325 -0.2399388 -0.2611658 -0.2873867 -0.3180727 -0.3106671 -0.3106671 -9999.000 -9999.000 -9999.000 -9999.000 -9999.000 -9999.000 -9999.000 -9999.000 -9999.000 -9999.000 -9999.000 -9999.000 -9999.000 -9999.000 -9999.000 -9999.000 -9999.000 -9999.000 -9999.000 -9999.000 -9999.000 -9999.000 -9999.000 -9999.000 -9999.000 -9999.000 -9999.000 -9999.000
-9999.000 -9999.000 -9999.000 -9999.000 -9999.000 -9999.000 -9999.000 -9999.000 -9999.000 -9999.000 -9999.000 -9999.000 -9999.000 -9999.000 -9999.000 -0.1574897 -0.1461960 -0.1498505 -0.1555366 -0.1622421 -0.1700368 -0.1792581 -0.1903804 -0.2039840 -0.2207618 -0.2415538 -0.2674109 -0.2996602 -0.3380913 -0.3357436 -0.3357436 -9999.000 -9999.000 -9999.000 -9999.000 -9999.000 -9999.000 -9999.000 -9999.000 -9999.000 -9999.000 -9999.000 -9999.000 -9999.000 -9999.000 -9999.000 -9999.000 -9999.000 -9999.000 -9999.000 -9999.000 -9999.000 -9999.000 -9999.000 -9999.000 -9999.000 -9999.000 -9999.000 -9999.000
-9999.000 -9999.000 -9999.000 -9999.000 -9999.000 -9999.000 -9999.000 -9999.000 -9999.000 -9999.000 -9999.000 -9999.000 -9999.000 -9999.000 -9999.000 -0.1418472 -0.1313565 -0.1357553 -0.1422741 -0.1499418 -0.1588851 -0.1695250 -0.1824473 -0.1983753 -0.2181877 -0.2429754 -0.2741434 -0.3135419 -0.3616120 -0.3675811 -0.3675811 -9999.000 -9999.000 -9999.000 -9999.000 -9999.000 -9999.000 -9999.000 -9999.000 -9999.000 -9999.000 -9999.000 -9999.000 -9999.000 -9999.000 -9999.000 -9999.000 -9999.000 -9999.000 -9999.000 -9999.000 -9999.000 -9999.000 -9999.000 -9999.000 -9999.000 -9999.000 -9999.000 -9999.000
-9999.000 -9999.000 -9999.000 -9999.000 -9999.000 -9999.000 -9999.000 -9999.000 -9999.000 -9999.000 -9999.000 -9999.000 -9999.000 -9999.000 -9999.000 -0.1240551 -0.1151882 -0.1204245 -0.1277731 -0.1363775 -0.1464423 -0.1584895 -0.1732392 -0.1915908 -0.2146596 -0.2438719 -0.2811307 -0.3290718 -0.3893546 -0.4088264 -0.4088264 -9999.000 -9999.000 -9999.000 -9999.000 -9999.000 -9999.000 -9999.000 -9999.000 -9999.000 -9999.000 -9999.000 -9999.000 -9999.000 -9999.000 -9999.000 -9999.000 -9999.000 -9999.000 -9999.000 -9999.000 -9999.000 -9999.000 -9999.000 -9999.000 -9999.000 -9999.000 -9999.000 -9999.000
-9999.000 -9999.000 -9999.000 -9999.000 -9999.000 -9999.000 -9999.000 -9999.000 -9999.000 -9999.000 -9999.000 -9999.000 -9999.000 -9999.000 -9999.000 -0.1037910 -0.9747507E-01 -0.1036379 -0.1117898 -0.1212709 -0.1323856 -0.1457761 -0.1623218 -0.1831353 -0.2096311 -0.2436807 -0.2878904 -0.3460945 -0.4221579 -0.4640461 -0.4640461 -9999.000 -9999.000 -9999.000 -9999.000 -9999.000 -9999.000 -9999.000 -9999.000 -9999.000 -9999.000 -9999.000 -9999.000 -9999.000 -9999.000 -9999.000 -9999.000 -9999.000 -9999.000 -9999.000 -9999.000 -9999.000 -9999.000 -9999.000 -9999.000 -9999.000 -9999.000 -9999.000 -9999.000
-9999.000 -9999.000 -9999.000 -9999.000 -9999.000 -9999.000 -9999.000 -9999.000 -9999.000 -9999.000 -9999.000 -9999.000 -9999.000 -9999.000 -9999.000 -0.8060469E-01 -0.7787462E-01 -0.8504915E-01 -0.9395678E-01 -0.1042164 -0.1162520 -0.1308439 -0.1490554 -0.1722513 -0.2022142 -0.2413969 -0.2933944 -0.3638850 -0.4607122 -0.5420133 -0.5420133 -9999.000 -9999.000 -9999.000 -9999.000 -9999.000 -9999.000 -9999.000 -9999.000 -9999.000 -9999.000 -9999.000 -9999.000 -9999.000 -9999.000 -9999.000 -9999.000 -9999.000 -9999.000 -9999.000 -9999.000 -9999.000 -9999.000 -9999.000 -9999.000 -9999.000 -9999.000 -9999.000 -9999.000
-9999.000 -9999.000 -9999.000 -9999.000 -9999.000 -9999.000 -9999.000 -9999.000 -9999.000 -9999.000 -9999.000 -9999.000 -9999.000 -9999.000 -9999.000 -0.4826944E-01 -0.5387295E-01 -0.6334683E-01 -0.7373150E-01 -0.8513775E-01 -0.9820557E-01 -0.1139173 -0.1335725 -0.1588451 -0.1919733 -0.2361628 -0.2963812 -0.3811231 -0.5052876 -0.6619086 -0.6619086 -9999.000 -9999.000 -9999.000 -9999.000 -9999.000 -9999.000 -9999.000 -9999.000 -9999.000 -9999.000 -9999.000 -9999.000 -9999.000 -9999.000 -9999.000 -9999.000 -9999.000 -9999.000 -9999.000 -9999.000 -9999.000 -9999.000 -9999.000 -9999.000 -9999.000 -9999.000 -9999.000 -9999.000
-0.2591940E-02 -0.2591940E-02 -0.3629346E-02 -0.4186991E-02 -0.4233268E-02 -0.4233268E-02 -0.4238357E-02 -0.4216652E-02 -0.4216652E-02 -0.4188901E-02 -0.4188901E-02 -0.7881226E-02 -0.1964650E-01 -0.1913078E-01 -0.2538011E-01 -0.2538011E-01 -0.6212795E-01 -0.7836580E-01 -0.9385210E-01 -0.1088251 -0.1237222 -0.1393646 -0.1570704 -0.1787773 -0.2072320 -0.2463318 -0.3018183 -0.3829861 -0.5060259 -0.7358874 -0.7358874 -0.4850351 -0.3079585 -0.7973140E-01 -0.2285109E-01 -0.2285109E-01 0.2378823E-01 0.2378823E-01 0.3103526E-01 0.3103526E-01 -0.8497238E-02 -0.7835190E-02 -0.7835190E-02 0.5505447E-02 0.5505447E-02 0.1014875E-01 0.1014875E-01 0.1014875E-01 0.8463728E-02 0.8463728E-02 0.6379557E-02 0.6379557E-02 0.5857541E-02 0.5857541E-02 0.3586791E-02 0.3586791E-02 0.2208492E-02 0.2208492E-02 0.2208492E-02
-0.3927563E-02 -0.3927563E-02 -0.5328497E-02 -0.5984847E-02 -0.6010290E-02 -0.6010290E-02 -0.5991868E-02 -0.5942637E-02 -0.5942637E-02 -0.5911008E-02 -0.5911008E-02 -0.1138802E-01 -0.3442953E-01 -0.3525028E-01 -0.4680330E-01 -0.4680330E-01 -0.9862701E-01 -0.1233114 -0.1472253 -0.1699015 -0.1909981 -0.2105378 -0.2290981 -0.2479884 -0.2694177 -0.2966664 -0.3342792 -0.3883090 -0.4654976 -0.5776992 -0.5776992 -0.3919979 -0.2516063 -0.6598029E-01 -0.1019059E-01 -0.1019059E-01 0.5536550E-01 0.5536550E-01 0.8289802E-01 0.8289802E-01 0.2981928E-01 -0.5591630E-02 -0.5591630E-02 0.1470145E-01 0.1470145E-01 0.2225219E-01 0.2225219E-01 0.2225219E-01 0.1826058E-01 0.1826058E-01 0.1382939E-01 0.1382939E-01 0.9276810E-02 0.9276810E-02 0.7496845E-02 0.7496845E-02 0.5191588E-02 0.5191588E-02 0.5191588E-02
-0.3155626E-02 -0.3155626E-02 -0.4384390E-02 -0.5083915E-02 -0.5112639E-02 -0.5112639E-02 -0.5086512E-02 -0.5024251E-02 -0.5024251E-02 -0.5002226E-02 -0.5002226E-02 -0.9253409E-02 -0.3862905E-01 -0.4433152E-01 -0.5863903E-01 -0.5863903E-01 -0.1125973 -0.1425866 -0.1734056 -0.2040937 -0.2337801 -0.2618250 -0.2879633 -0.3124474 -0.3361915 -0.3609082 -0.3891994 -0.4244382 -0.4694383 -0.5238888 -0.5238888 -0.4125617 -0.3074414 -0.1365253 -0.6700501E-01 -0.6700501E-01 0.5154495E-01 0.5154495E-01 0.1340274 0.1340274 0.1183988 0.3061530E-01 0.3061530E-01 0.2871218E-01 0.2871218E-01 0.3228952E-01 0.3228952E-01 0.3228952E-01 0.2687249E-01 0.2687249E-01 0.2020869E-01 0.2020869E-01 0.1114115E-01 0.1114115E-01 0.9491435E-02 0.9491435E-02 0.6743728E-02 0.6743728E-02 0.6743728E-02
-0.2462886E-02 -0.2462886E-02 -0.3443413E-02 -0.4106215E-02 -0.4132140E-02 -0.4132140E-02 -0.4098819E-02 -0.4022327E-02 -0.4022327E-02 -0.3997223E-02 -0.3997223E-02 -0.7128464E-02 -0.3985763E-01 -0.4912412E-01 -0.6467434E-01 -0.6467434E-01 -0.1193900 -0.1523303 -0.1873481 -0.2233203 -0.2592110 -0.2941157 -0.3273408 -0.3584966 -0.3875906 -0.4151024 -0.4419750 -0.4693330 -0.4972546 -0.5221551 -0.5221551 -0.4487851 -0.3655936 -0.2031567 -0.1227544 -0.1227544 0.3552932E-01 0.3552932E-01 0.1596773 0.1596773 0.1788129 0.9837761E-01 0.9837761E-01 0.5191692E-01 0.5191692E-01 0.3857954E-01 0.3857954E-01 0.3857954E-01 0.3107029E-01 0.3107029E-01 0.2230537E-01 0.2230537E-01 0.1181376E-01 0.1181376E-01 0.7620369E-02 0.7620369E-02 0.4512640E-02 0.4512640E-02 0.4512640E-02
-0.1815679E-02 -0.1815679E-02 -0.2540724E-02 -0.3102436E-02 -0.3124590E-02 -0.3124590E-02 -0.3092216E-02 -0.3017617E-02 -0.3017617E-02 -0.2993755E-02 -0.2993755E-02 -0.5259716E-02 -0.3878747E-01 -0.5181080E-01 -0.6782255E-01 -0.6782255E-01 -0.1239617 -0.1593073 -0.1974589 -0.2371743 -0.2773758 -0.3171093 -0.3555534 -0.3920463 -0.4261241 -0.4575415 -0.4861974 -0.5116943 -0.5321542 -0.5428378 -0.5428378 -0.4895203 -0.4186489 -0.2541831 -0.1622016 -0.1622016 0.2238994E-01 0.2238994E-01 0.1641614 0.1641614 0.2015813 0.1645936 0.1645936 0.8802415E-01 0.8802415E-01 0.4599653E-01 0.4599653E-01 0.4599653E-01 0.3271991E-01 0.3271991E-01 0.2111385E-01 0.2111385E-01 0.9407365E-02 0.9407365E-02 0.3224179E-02 0.3224179E-02 -0.1841757E-04 -0.1841757E-04 -0.1841757E-04
-0.1192080E-02 -0.1192080E-02 -0.1676045E-02 -0.2079310E-02 -0.2095674E-02 -0.2095674E-02 -0.2070511E-02 -0.2012159E-02 -0.2012159E-02 -0.1993480E-02 -0.1993480E-02 -0.3612560E-02 -0.3439057E-01 -0.5343576E-01 -0.6895815E-01 -0.6895815E-01 -0.1276468 -0.1656902 -0.2069560 -0.2500253 -0.2937506 -0.3371592 -0.3794197 -0.4198153 -0.4577226 -0.4925826 -0.5237612 -0.5498617 -0.5673556 -0.5709016 -0.5709016 -0.5262877 -0.4593946 -0.2808596 -0.1779193 -0.1779193 0.1590646E-01 0.1590646E-01 0.1550471 0.1550471 0.1977865 0.2025376 0.2025376 0.1296060 0.1296060 0.5698870E-01 0.5698870E-01 0.5698870E-01 0.3430079E-01 0.3430079E-01 0.1836278E-01 0.1836278E-01 0.5098255E-02 0.5098255E-02 -0.2499494E-02 -0.2499494E-02 -0.5662711E-02 -0.5662711E-02 -0.5662711E-02
-0.5897493E-03 -0.5897493E-03 -0.8330788E-03 -0.1043036E-02 -0.1051748E-02 -0.1051748E-02 -0.1038039E-02 -0.1006187E-02 -0.1006187E-02 -0.9959767E-03 -0.9959767E-03 -0.2141015E-02 -0.2672179E-01 -0.5401707E-01 -0.6832102E-01 -0.6832102E-01 -0.1310634 -0.1724215 -0.2172277 -0.2638596 -0.3110583 -0.3577866 -0.4031980 -0.4465905 -0.4873474 -0.5248626 -0.5583380 -0.5855779 -0.6010031 -0.5982149 -0.5982149 -0.5533064 -0.4809154 -0.2798028 -0.1717966 -0.1717966 0.1251620E-01 0.1251620E-01 0.1376648 0.1376648 0.1792715 0.2092606 0.2092606 0.1622327 0.1622327 0.7186116E-01 0.7186116E-01 0.7186116E-01 0.3771081E-01 0.3771081E-01 0.1571027E-01 0.1571027E-01 0.1184394E-03 0.1184394E-03 -0.8617189E-02 -0.8617189E-02 -0.1153149E-01 -0.1153149E-01 -0.1153149E-01
-0.3940563E-08 -0.3940563E-08 -0.5543523E-08 0.2756979E-07 -0.5382443E-08 -0.5382443E-08 -0.1828098E-07 0.2335410E-07 0.2335410E-07 -0.1807572E-07 -0.1807572E-07 -0.8023555E-03 -0.1880089E-01 -0.5231789E-01 -0.6547124E-01 -0.6547124E-01 -0.1347534 -0.1802631 -0.2292293 -0.2798898 -0.3308799 -0.3810523 -0.4294935 -0.4755010 -0.5185199 -0.5580415 -0.5933256 -0.6211286 -0.6324082 -0.6196960 -0.6196960 -0.5642501 -0.4766175 -0.2565157 -0.1533701 -0.1533701 0.8210965E-02 0.8210965E-02 0.1159759 0.1159759 0.1540072 0.1950017 0.1950017 0.1761570 0.1761570 0.8746470E-01 0.8746470E-01 0.8746470E-01 0.4332742E-01 0.4332742E-01 0.1439718E-01 0.1439718E-01 -0.4326174E-02 -0.4326174E-02 -0.1422505E-01 -0.1422505E-01 -0.1680631E-01 -0.1680631E-01 -0.1680631E-01
0.5897445E-03 0.5897445E-03 0.8331347E-03 0.1043136E-02 0.1051760E-02 0.1051760E-02 0.1038058E-02 0.1006229E-02 0.1006229E-02 0.9958938E-03 0.9958938E-03 0.4393794E-03 -0.1260890E-01 -0.4787847E-01 -0.6033719E-01 -0.6033719E-01 -0.1395841 -0.1901456 -0.2439975 -0.2993079 -0.3545643 -0.4085051 -0.4601299 -0.5087076 -0.5537349 -0.5948381 -0.6313763 -0.6580492 -0.6595536 -0.6296060 -0.6296060 -0.5526500 -0.4449699 -0.2234265 -0.1327643 -0.1327643 0.2163426E-02 0.2163426E-02 0.9324133E-01 0.9324133E-01 0.1268588 0.1701449 0.1701449 0.1713057 0.1713057 0.9885128E-01 0.9885128E-01 0.9885128E-01 0.4972886E-01 0.4972886E-01 0.1482820E-01 0.1482820E-01 -0.7292288E-02 -0.7292288E-02 -0.1842237E-01 -0.1842237E-01 -0.2068110E-01 -0.2068110E-01 -0.2068110E-01
0.1192055E-02 0.1192055E-02 0.1676167E-02 0.2079398E-02 0.2095723E-02 0.2095723E-02 0.2070431E-02 0.2012138E-02 0.2012138E-02 0.1993473E-02 0.1993473E-02 0.1612340E-02 -0.7645655E-02 -0.4108809E-01 -0.5374762E-01 -0.5374762E-01 -0.1467624 -0.2035911 -0.2633170 -0.3239722 -0.3839188 -0.4418671 -0.4967989 -0.5479687 -0.5948974 -0.6373006 -0.6744326 -0.6962243 -0.6774143 -0.6208993 -0.6208993 -0.5154893 -0.3946490 -0.1911513 -0.1142558 -0.1142558 -0.3869617E-02 -0.3869617E-02 0.7183690E-01 0.7183690E-01 0.1006014 0.1412686 0.1412686 0.1532199 0.1532199 0.1021041 0.1021041 0.1021041 0.5439635E-01 0.5439635E-01 0.1645152E-01 0.1645152E-01 -0.8276582E-02 -0.8276582E-02 -0.2043488E-01 -0.2043488E-01 -0.2243789E-01 -0.2243789E-01 -0.2243789E-01
0.1815696E-02 0.1815696E-02 0.2540729E-02 0.3102440E-02 0.3124486E-02 0.3124486E-02 0.3092011E-02 0.3017602E-02 0.3017602E-02 0.2993800E-02 0.2993800E-02 0.2737738E-02 -0.3640177E-02 -0.3195125E-01 -0.4639050E-01 -0.4639050E-01 -0.1582861 -0.2234814 -0.2903946 -0.3569767 -0.4217632 -0.4836408 -0.5417025 -0.5952468 -0.6438171 -0.6871853 -0.7240223 -0.7319867 -0.6783680 -0.5893764 -0.5893764 -0.4596809 -0.3386498 -0.1623383 -0.9906710E-01 -0.9906710E-01 -0.8049882E-02 -0.8049882E-02 0.5298947E-01 0.5298947E-01 0.7652863E-01 0.1117948 0.1117948 0.1277295 0.1277295 0.9595828E-01 0.9595828E-01 0.9595828E-01 0.5493688E-01 0.5493688E-01 0.1805781E-01 0.1805781E-01 -0.7294751E-02 -0.7294751E-02 -0.1977248E-01 -0.1977248E-01 -0.2155321E-01 -0.2155321E-01 -0.2155321E-01
