simulation_files/asc/Velocity____142.0.asc
NCOLS        79
NROWS        79
XLLCENTER         -1.500000
YLLCENTER         -4.800000
CELLSIZE           0.100
NODATA_VALUE     -9999.0
[rows 0 to 26 of 79, columns 0 to 59 of 79]
-9999.000 -9999.000 -9999.000 -9999.000 -9999.000 -9999.000 -9999.000 -9999.000 -9999.000 -9999.000 -9999.000 -9999.000 -9999.000 -9999.000 -9999.000 0.1214740 0.1203141 0.1203303 0.1205502 0.1208949 0.1213081 0.1217349 0.1221320 0.1224711 0.1227442 0.1229742 0.1232309 0.1237944 0.1252777 0.1260557 0.1260557 -9999.000 -9999.000 -9999.000 -9999.000 -9999.000 -9999.000 -9999.000 -9999.000 -9999.000 -9999.000 -9999.000 -9999.000 -9999.000 -9999.000 -9999.000 -9999.000 -9999.000 -9999.000 -9999.000 -9999.000 -9999.000 -9999.000 -9999.000 -9999.000 -9999.000 -9999.000 -9999.000 -9999.000 -9999.000
-9999.000 -9999.000 -9999.000 -9999.000 -9999.000 -9999.000 -9999.000 -9999.000 -9999.000 -9999.000 -9999.000 -9999.000 -9999.000 -9999.000 -9999.000 0.1193396 0.1169850 0.1170531 0.1175717 0.1183715 0.1193291 0.1203232 0.1212550 0.1220570 0.1227069 0.1232524 0.1238467 0.1251085 0.1283822 0.1305654 0.1305654 -9999.000 -9999.000 -9999.000 -9999.000 -9999.000 -9999.000 -9999.000 -9999.000 -9999.000 -9999.000 -9999.000 -9999.000 -9999.000 -9999.000 -9999.000 -9999.000 -9999.000 -9999.000 -9999.000 -9999.000 -9999.000 -9999.000 -9999.000 -9999.000 -9999.000 -9999.000 -9999.000 -9999.000 -9999.000
-9999.000 -9999.000 -9999.000 -9999.000 -9999.000 -9999.000 -9999.000 -9999.000 -9999.000 -9999.000 -9999.000 -9999.000 -9999.000 -9999.000 -9999.000 0.1157977 0.1122457 0.1123915 0.1133003 0.1146978 0.1163824 0.1181559 0.1198567 0.1213740 0.1226686 0.1238176 0.1250686 0.1274238 0.1330453 0.1374508 0.1374508 -9999.000 -9999.000 -9999.000 -9999.000 -9999.000 -9999.000 -9999.000 -9999.000 -9999.000 -9999.000 -9999.000 -9999.000 -9999.000 -9999.000 -9999.000 -9999.000 -9999.000 -9999.000 -9999.000 -9999.000 -9999.000 -9999.000 -9999.000 -9999.000 -9999.000 -9999.000 -9999.000 -9999.000 -9999.000
-9999.000 -9999.000 -9999.000 -9999.000 -9999.000 -9999.000 -9999.000 -9999.000 -9999.000 -9999.000 -9999.000 -9999.000 -9999.000 -9999.000 -9999.000 0.1115505 0.1069156 0.1071705 0.1085191 0.1105782 0.1130675 0.1157108 0.1182841 0.1206319 0.1226974 0.1245832 0.1266288 0.1302330 0.1384233 0.1456725 0.1456725 -9999.000 -9999.000 -9999.000 -9999.000 -9999.000 -9999.000 -9999.000 -9999.000 -9999.000 -9999.000 -9999.000 -9999.000 -9999.000 -9999.000 -9999.000 -9999.000 -9999.000 -9999.000 -9999.000 -9999.000 -9999.000 -9999.000 -9999.000 -9999.000 -9999.000 -9999.000 -9999.000 -9999.000 -9999.000
-9999.000 -9999.000 -9999.000 -9999.000 -9999.000 -9999.000 -9999.000 -9999.000 -9999.000 -9999.000 -9999.000 -9999.000 -9999.000 -9999.000 -9999.000 0.1067829 0.1011581 0.1015477 0.1033747 0.1061446 0.1094962 0.1130739 0.1165908 0.1198466 0.1227657 0.1254765 0.1284107 0.1333866 0.1443597 0.1551241 0.1551241 -9999.000 -9999.000 -9999.000 -9999.000 -9999.000 -9999.000 -9999.000 -9999.000 -9999.000 -9999.000 -9999.000 -9999.000 -9999.000 -9999.000 -9999.000 -9999.000 -9999.000 -9999.000 -9999.000 -9999.000 -9999.000 -9999.000 -9999.000 -9999.000 -9999.000 -9999.000 -9999.000 -9999.000 -9999.000
-9999.000 -9999.000 -9999.000 -9999.000 -9999.000 -9999.000 -9999.000 -9999.000 -9999.000 -9999.000 -9999.000 -9999.000 -9999.000 -9999.000 -9999.000 0.1015792 0.9505697E-01 0.9560885E-01 0.9795252E-01 0.1014784 0.1057413 0.1103049 0.1148188 0.1190388 0.1228698 0.1264686 0.1303608 0.1368142 0.1507914 0.1658427 0.1658427 -9999.000 -9999.000 -9999.000 -9999.000 -9999.000 -9999.000 -9999.000 -9999.000 -9999.000 -9999.000 -9999.000 -9999.000 -9999.000 -9999.000 -9999.000 -9999.000 -9999.000 -9999.000 -9999.000 -9999.000 -9999.000 -9999.000 -9999.000 -9999.000 -9999.000 -9999.000 -9999.000 -9999.000 -9999.000
-9999.000 -9999.000 -9999.000 -9999.000 -9999.000 -9999.000 -9999.000 -9999.000 -9999.000 -9999.000 -9999.000 -9999.000 -9999.000 -9999.000 -9999.000 0.9596489E-01 0.8864783E-01 0.8939636E-01 0.9230002E-01 0.9662810E-01 0.1018494 0.1074437 0.1129986 0.1182261 0.1230128 0.1275469 0.1324520 0.1404829 0.1577052 0.1779713 0.1779713 -9999.000 -9999.000 -9999.000 -9999.000 -9999.000 -9999.000 -9999.000 -9999.000 -9999.000 -9999.000 -9999.000 -9999.000 -9999.000 -9999.000 -9999.000 -9999.000 -9999.000 -9999.000 -9999.000 -9999.000 -9999.000 -9999.000 -9999.000 -9999.000 -9999.000 -9999.000 -9999.000 -9999.000 -9999.000
-9999.000 -9999.000 -9999.000 -9999.000 -9999.000 -9999.000 -9999.000 -9999.000 -9999.000 -9999.000 -9999.000 -9999.000 -9999.000 -9999.000 -9999.000 0.8992994E-01 0.8193909E-01 0.8292957E-01 0.8644487E-01 0.9162623E-01 0.9785234E-01 0.1045185 0.1111519 0.1174222 0.1231989 0.1287065 0.1346715 0.1443794 0.1651180 0.1917464 0.1917464 -9999.000 -9999.000 -9999.000 -9999.000 -9999.000 -9999.000 -9999.000 -9999.000 -9999.000 -9999.000 -9999.000 -9999.000 -9999.000 -9999.000 -9999.000 -9999.000 -9999.000 -9999.000 -9999.000 -9999.000 -9999.000 -9999.000 -9999.000 -9999.000 -9999.000 -9999.000 -9999.000 -9999.000 -9999.000
-9999.000 -9999.000 -9999.000 -9999.000 -9999.000 -9999.000 -9999.000 -9999.000 -9999.000 -9999.000 -9999.000 -9999.000 -9999.000 -9999.000 -9999.000 0.8344422E-01 0.7492502E-01 0.7621827E-01 0.8040947E-01 0.8650105E-01 0.9377867E-01 0.1015545 0.1092983 0.1166405 0.1234349 0.1299474 0.1370132 0.1485024 0.1730661 0.2075101 0.2075101 -9999.000 -9999.000 -9999.000 -9999.000 -9999.000 -9999.000 -9999.000 -9999.000 -9999.000 -9999.000 -9999.000 -9999.000 -9999.000 -9999.000 -9999.000 -9999.000 -9999.000 -9999.000 -9999.000 -9999.000 -9999.000 -9999.000 -9999.000 -9999.000 -9999.000 -9999.000 -9999.000 -9999.000 -9999.000
-9999.000 -9999.000 -9999.000 -9999.000 -9999.000 -9999.000 -9999.000 -9999.000 -9999.000 -9999.000 -9999.000 -9999.000 -9999.000 -9999.000 -9999.000 0.7646411E-01 0.6759326E-01 0.6927408E-01 0.7422316E-01 0.8128889E-01 0.8966380E-01 0.9858186E-01 0.1074621 0.1158989 0.1237321 0.1312747 0.1394782 0.1528585 0.1816019 0.2257401 0.2257401 -9999.000 -9999.000 -9999.000 -9999.000 -9999.000 -9999.000 -9999.000 -9999.000 -9999.000 -9999.000 -9999.000 -9999.000 -9999.000 -9999.000 -9999.000 -9999.000 -9999.000 -9999.000 -9999.000 -9999.000 -9999.000 -9999.000 -9999.000 -9999.000 -9999.000 -9999.000 -9999.000 -9999.000 -9999.000
-9999.000 -9999.000 -9999.000 -9999.000 -9999.000 -9999.000 -9999.000 -9999.000 -9999.000 -9999.000 -9999.000 -9999.000 -9999.000 -9999.000 -9999.000 0.6893403E-01 0.5993150E-01 0.6212199E-01 0.6793698E-01 0.7604875E-01 0.8556342E-01 0.9564832E-01 0.1056824 0.1152284 0.1241142 0.1327058 0.1420783 0.1574651 0.1907943 0.2471067 0.2471067 -9999.000 -9999.000 -9999.000 -9999.000 -9999.000 -9999.000 -9999.000 -9999.000 -9999.000 -9999.000 -9999.000 -9999.000 -9999.000 -9999.000 -9999.000 -9999.000 -9999.000 -9999.000 -9999.000 -9999.000 -9999.000 -9999.000 -9999.000 -9999.000 -9999.000 -9999.000 -9999.000 -9999.000 -9999.000
-9999.000 -9999.000 -9999.000 -9999.000 -9999.000 -9999.000 -9999.000 -9999.000 -9999.000 -9999.000 -9999.000 -9999.000 -9999.000 -9999.000 -9999.000 0.6078445E-01 0.5193548E-01 0.5482179E-01 0.6164845E-01 0.7088491E-01 0.8157249E-01 0.9283604E-01 0.1040292 0.1146888 0.1246315 0.1342827 0.1448481 0.1623593 0.2007340 0.2725710 0.2725710 -9999.000 -9999.000 -9999.000 -9999.000 -9999.000 -9999.000 -9999.000 -9999.000 -9999.000 -9999.000 -9999.000 -9999.000 -9999.000 -9999.000 -9999.000 -9999.000 -9999.000 -9999.000 -9999.000 -9999.000 -9999.000 -9999.000 -9999.000 -9999.000 -9999.000 -9999.000 -9999.000 -9999.000 -9999.000
-9999.000 -9999.000 -9999.000 -9999.000 -9999.000 -9999.000 -9999.000 -9999.000 -9999.000 -9999.000 -9999.000 -9999.000 -9999.000 -9999.000 -9999.000 0.5192716E-01 0.4362996E-01 0.4751303E-01 0.5554756E-01 0.6598575E-01 0.7785971E-01 0.9029331E-01 0.1026347 0.1143990 0.1253927 0.1361038 0.1478764 0.1676241 0.2115485 0.3035563 0.3035563 -9999.000 -9999.000 -9999.000 -9999.000 -9999.000 -9999.000 -9999.000 -9999.000 -9999.000 -9999.000 -9999.000 -9999.000 -9999.000 -9999.000 -9999.000 -9999.000 -9999.000 -9999.000 -9999.000 -9999.000 -9999.000 -9999.000 -9999.000 -9999.000 -9999.000 -9999.000 -9999.000 -9999.000 -9999.000
-9999.000 -9999.000 -9999.000 -9999.000 -9999.000 -9999.000 -9999.000 -9999.000 -9999.000 -9999.000 -9999.000 -9999.000 -9999.000 -9999.000 -9999.000 0.4222083E-01 0.3516268E-01 0.4060400E-01 0.5012007E-01 0.6181461E-01 0.7484081E-01 0.8839201E-01 0.1018347 0.1146667 0.1266829 0.1384364 0.1514101 0.1734776 0.2234607 0.3422893 0.3422893 -9999.000 -9999.000 -9999.000 -9999.000 -9999.000 -9999.000 -9999.000 -9999.000 -9999.000 -9999.000 -9999.000 -9999.000 -9999.000 -9999.000 -9999.000 -9999.000 -9999.000 -9999.000 -9999.000 -9999.000 -9999.000 -9999.000 -9999.000 -9999.000 -9999.000 -9999.000 -9999.000 -9999.000 -9999.000
-9999.000 -9999.000 -9999.000 -9999.000 -9999.000 -9999.000 -9999.000 -9999.000 -9999.000 -9999.000 -9999.000 -9999.000 -9999.000 -9999.000 -9999.000 0.3170402E-01 0.3957134E-01 0.5280152E-01 0.6499335E-01 0.7647586E-01 0.8789177E-01 0.9941363E-01 0.1109356 0.1221768 0.1329836 0.1439452 0.1566529 0.1800148 0.2359961 0.3897707 0.3897707 -9999.000 -9999.000 -9999.000 -9999.000 -9999.000 -9999.000 -9999.000 -9999.000 -9999.000 -9999.000 -9999.000 -9999.000 -9999.000 -9999.000 -9999.000 -9999.000 -9999.000 -9999.000 -9999.000 -9999.000 -9999.000 -9999.000 -9999.000 -9999.000 -9999.000 -9999.000 -9999.000 -9999.000 -9999.000
2.416344 2.416344 2.459792 2.502154 2.508535 2.508535 2.512433 2.516092 2.516092 2.516438 2.516438 2.514577 2.513016 2.511111 2.508899 2.508899 2.437930 2.416819 2.387215 2.344615 2.286755 2.212152 2.120543 2.012568 1.889845 1.755638 1.616942 1.486806 1.393587 1.408809 1.408809 2.210432 2.356022 2.414723 2.424255 2.424255 2.424649 2.424649 2.361653 2.361653 2.292700 1.924635 1.924635 1.625658 1.625658 1.557934 1.557934 1.557934 1.593400 1.593400 1.642009 1.642009 1.690797 1.690797 1.733832 1.733832 1.768472 1.768472 1.768472 1.792641
2.432384 2.432384 2.490584 2.547405 2.563972 2.563972 2.578039 2.601916 2.601916 2.622316 2.622316 2.640353 2.648684 2.656629 2.664227 2.664227 2.633561 2.631933 2.633123 2.632382 2.626361 2.612238 2.587612 2.550416 2.499025 2.432611 2.347947 2.257088 2.173716 2.143628 2.143628 2.585225 2.730913 2.857395 2.887399 2.887399 2.910778 2.910778 2.884017 2.884017 2.846444 2.664542 2.664542 2.404366 2.404366 2.316872 2.316872 2.316872 2.351126 2.351126 2.398193 2.398193 2.446590 2.446590 2.492101 2.492101 2.531035 2.531035 2.531035 2.561026
2.435995 2.435995 2.494612 2.547681 2.564420 2.564420 2.578717 2.603097 2.603097 2.624052 2.624052 2.642725 2.651407 2.659724 2.667717 2.667717 2.648004 2.651729 2.662547 2.675156 2.686109 2.693180 2.694732 2.689276 2.675311 2.651469 2.615407 2.571564 2.527155 2.508850 2.508850 2.783876 2.919701 3.066531 3.104736 3.104736 3.131047 3.131047 3.097892 3.097892 3.060692 2.935287 2.935287 2.738618 2.738618 2.628196 2.628196 2.628196 2.650257 2.650257 2.689439 2.689439 2.731706 2.731706 2.771178 2.771178 2.804769 2.804769 2.804769 2.830930
2.438879 2.438879 2.497705 2.547614 2.564317 2.564317 2.578661 2.603118 2.603118 2.624092 2.624092 2.642768 2.651452 2.659775 2.667775 2.667775 2.657336 2.665398 2.682108 2.701722 2.720360 2.735843 2.746987 2.753055 2.753421 2.747472 2.733855 2.714917 2.695514 2.693079 2.693079 2.866616 2.990012 3.140384 3.179673 3.179673 3.195974 3.195974 3.148346 3.148346 3.111878 3.026167 3.026167 2.893482 2.893482 2.772775 2.772775 2.772775 2.780750 2.780750 2.812763 2.812763 2.850757 2.850757 2.886782 2.886782 2.917543 2.917543 2.917543 2.941422
2.441085 2.441085 2.500050 2.547569 2.564200 2.564200 2.578580 2.603110 2.603110 2.624097 2.624097 2.642767 2.651448 2.659770 2.667769 2.667769 2.667839 2.681617 2.704218 2.729888 2.754569 2.775951 2.792856 2.804751 2.811425 2.812832 2.808553 2.800333 2.792089 2.796034 2.796034 2.910904 3.017460 3.155611 3.185241 3.185241 3.173706 3.173706 3.115838 3.115838 3.088433 3.044851 3.044851 2.973525 2.973525 2.862025 2.862025 2.862025 2.854539 2.854539 2.876642 2.876642 2.908999 2.908999 2.941514 2.941514 2.969599 2.969599 2.969599 2.991191
2.442642 2.442642 2.501695 2.547548 2.564105 2.564105 2.578509 2.603101 2.603101 2.624103 2.624103 2.642766 2.651445 2.659766 2.667764 2.667764 2.680125 2.701118 2.730078 2.761523 2.791619 2.818110 2.839794 2.856130 2.866967 2.872430 2.872565 2.868792 2.864427 2.868473 2.868473 2.944480 3.030225 3.134145 3.139482 3.139482 3.090621 3.090621 3.042501 3.042501 3.033747 3.032997 3.032997 3.012289 3.012289 2.927649 2.927649 2.927649 2.908285 2.908285 2.918705 2.918705 2.943407 2.943407 2.971055 2.971055 2.995555 2.995555 2.995555 3.014207
2.443566 2.443566 2.502671 2.547541 2.564042 2.564042 2.578461 2.603096 2.603096 2.624107 2.624107 2.642767 2.651444 2.659763 2.667761 2.667761 2.695030 2.724623 2.760473 2.797545 2.832532 2.863474 2.889283 2.909423 2.923723 2.932288 2.935296 2.933835 2.930553 2.931992 2.931992 2.979102 3.038452 3.073485 3.040988 3.040988 2.971150 2.971150 2.961082 2.961082 2.974398 3.009663 3.009663 3.025847 3.025847 2.977487 2.977487 2.977487 2.953694 2.953694 2.953380 2.953380 2.968855 2.968855 2.989867 2.989867 3.009402 3.009402 3.009402 3.024159
2.443873 2.443873 2.502995 2.547539 2.564021 2.564021 2.578444 2.603093 2.603093 2.624108 2.624108 2.642767 2.651444 2.659762 2.667760 2.667760 2.713778 2.753200 2.796396 2.838948 2.878296 2.912974 2.942162 2.965432 2.982627 2.993805 2.999135 2.999378 2.996438 2.994417 2.994417 3.016947 3.038705 2.957895 2.891733 2.891733 2.846343 2.846343 2.888661 2.888661 2.920356 2.981409 2.981409 3.022895 3.022895 3.011878 3.011878 3.011878 2.991737 2.991737 2.984217 2.984217 2.990263 2.990263 3.003178 3.003178 3.016309 3.016309 3.016309 3.026162
2.443567 2.443567 2.502671 2.547541 2.564042 2.564042 2.578460 2.603095 2.603095 2.624106 2.624106 2.642767 2.651445 2.659763 2.667761 2.667761 2.738084 2.788371 2.839168 2.886940 2.930035 2.967631 2.999309 3.024866 3.044232 3.057457 3.064672 3.066360 3.063598 3.057208 3.057208 3.051976 3.010253 2.780931 2.717546 2.717546 2.741935 2.741935 2.828681 2.828681 2.872425 2.950501 2.950501 3.009226 3.009226 3.031280 3.031280 3.031280 3.020710 3.020710 3.010719 3.010719 3.008665 3.008665 3.012742 3.012742 3.018248 3.018248 3.018248 3.022289
2.442641 2.442641 2.501696 2.547548 2.564104 2.564104 2.578508 2.603101 2.603101 2.624103 2.624103 2.642767 2.651446 2.659766 2.667764 2.667764 2.770357 2.832277 2.890586 2.943045 2.989066 3.028591 3.061706 3.088519 3.109126 3.123629 3.132146 3.134926 3.131884 3.117313 3.117313 3.063795 2.909209 2.572865 2.563247 2.563247 2.663661 2.663661 2.777267 2.777267 2.828072 2.917503 2.917503 2.988199 2.988199 3.036883 3.036883 3.036883 3.038594 3.038594 3.030468 3.030468 3.022722 3.022722 3.018151 3.018151 3.015309 3.015309 3.015309 3.012916
2.441085 2.441085 2.500050 2.547569 2.564200 2.564200 2.578580 2.603110 2.603110 2.624097 2.624097 2.642767 2.651448 2.659770 2.667768 2.667768 2.814071 2.887925 2.953099 3.009227 3.056984 3.097165 3.130430 3.157256 3.177966 3.192766 3.201794 3.205032 3.199792 3.162287 3.162287 3.000410 2.689272 2.394113 2.453273 2.453273 2.600495 2.600495 2.728299 2.728299 2.783321 2.880960 2.880960 2.960150 2.960150 3.028970 3.028970 3.028970 3.042932 3.042932 3.039521 3.039521 3.028767 3.028767 3.016609 3.016609 3.005425 3.005425 3.005425 2.996464
2.438879 2.438879 2.497705 2.547614 2.564316 2.564316 2.578660 2.603118 2.603118 2.624091 2.624091 2.642767 2.651452 2.659774 2.667775 2.667775 2.874496 2.959660 3.030094 3.088063 3.135744 3.174853 3.206646 3.231989 3.251447 3.265358 3.273906 3.276421 3.261314 3.148432 3.148432 2.776206 2.358795 2.284776 2.364830 2.364830 2.537401 2.537401 2.674110 2.674110 2.731977 2.836414 2.836414 2.921849 2.921849 3.005436 3.005436 3.005436 3.029980 3.029980 3.032324 3.032324 3.020698 3.020698 3.002535 3.002535 2.983784 2.983784 2.983784 2.968742
