simulation_files/asc/Velocity____279.0.asc
NCOLS        79
NROWS        79
XLLCENTER         -1.500000
YLLCENTER         -4.800000
CELLSIZE           0.100
NODATA_VALUE     -9999.0
[rows 0 to 26 of 79, columns 0 to 59 of 79]
-9999.000 -9999.000 -9999.000 -9999.000 -9999.000 -9999.000 -9999.000 -9999.000 -9999.000 -9999.000 -9999.000 -9999.000 -9999.000 -9999.000 -9999.000 0.9365797E-01 0.9107134E-01 0.9030218E-01 0.9059358E-01 0.9153786E-01 0.9265219E-01 0.9371033E-01 0.9459749E-01 0.9522627E-01 0.9564950E-01 0.9589382E-01 0.9602957E-01 0.9626096E-01 0.9718078E-01 0.9819280E-01 0.9819280E-01 -9999.000 -9999.000 -9999.000 -9999.000 -9999.000 -9999.000 -9999.000 -9999.000 -9999.000 -9999.000 -9999.000 -9999.000 -9999.000 -9999.000 -9999.000 -9999.000 -9999.000 -9999.000 -9999.000 -9999.000 -9999.000 -9999.000 -9999.000 -9999.000 -9999.000 -9999.000 -9999.000 -9999.000 -9999.000
-9999.000 -9999.000 -9999.000 -9999.000 -9999.000 -9999.000 -9999.000 -9999.000 -9999.000 -9999.000 -9999.000 -9999.000 -9999.000 -9999.000 -9999.000 0.9324952E-01 0.8792006E-01 0.8637690E-01 0.8701945E-01 0.8897633E-01 0.9128334E-01 0.9350846E-01 0.9543163E-01 0.9686371E-01 0.9789818E-01 0.9857740E-01 0.9904504E-01 0.9975096E-01 0.1020062 0.1047619 0.1047619 -9999.000 -9999.000 -9999.000 -9999.000 -9999.000 -9999.000 -9999.000 -9999.000 -9999.000 -9999.000 -9999.000 -9999.000 -9999.000 -9999.000 -9999.000 -9999.000 -9999.000 -9999.000 -9999.000 -9999.000 -9999.000 -9999.000 -9999.000 -9999.000 -9999.000 -9999.000 -9999.000 -9999.000 -9999.000
-9999.000 -9999.000 -9999.000 -9999.000 -9999.000 -9999.000 -9999.000 -9999.000 -9999.000 -9999.000 -9999.000 -9999.000 -9999.000 -9999.000 -9999.000 0.9165037E-01 0.8337624E-01 0.8090534E-01 0.8191542E-01 0.8500922E-01 0.8868374E-01 0.9229522E-01 0.9552406E-01 0.9807862E-01 0.1000988 0.1016316 0.1028791 0.1045360 0.1086817 0.1140180 0.1140180 -9999.000 -9999.000 -9999.000 -9999.000 -9999.000 -9999.000 -9999.000 -9999.000 -9999.000 -9999.000 -9999.000 -9999.000 -9999.000 -9999.000 -9999.000 -9999.000 -9999.000 -9999.000 -9999.000 -9999.000 -9999.000 -9999.000 -9999.000 -9999.000 -9999.000 -9999.000 -9999.000 -9999.000 -9999.000
-9999.000 -9999.000 -9999.000 -9999.000 -9999.000 -9999.000 -9999.000 -9999.000 -9999.000 -9999.000 -9999.000 -9999.000 -9999.000 -9999.000 -9999.000 0.8945396E-01 0.7828756E-01 0.7488625E-01 0.7628661E-01 0.8054181E-01 0.8560546E-01 0.9063862E-01 0.9523798E-01 0.9901273E-01 0.1021512 0.1046947 0.1068912 0.1096738 0.1159149 0.1243760 0.1243760 -9999.000 -9999.000 -9999.000 -9999.000 -9999.000 -9999.000 -9999.000 -9999.000 -9999.000 -9999.000 -9999.000 -9999.000 -9999.000 -9999.000 -9999.000 -9999.000 -9999.000 -9999.000 -9999.000 -9999.000 -9999.000 -9999.000 -9999.000 -9999.000 -9999.000 -9999.000 -9999.000 -9999.000 -9999.000
-9999.000 -9999.000 -9999.000 -9999.000 -9999.000 -9999.000 -9999.000 -9999.000 -9999.000 -9999.000 -9999.000 -9999.000 -9999.000 -9999.000 -9999.000 0.8688790E-01 0.7284669E-01 0.6852310E-01 0.7035517E-01 0.7580688E-01 0.8227966E-01 0.8875740E-01 0.9476477E-01 0.9981430E-01 0.1041469 0.1077888 0.1110299 0.1150469 0.1235462 0.1356922 0.1356922 -9999.000 -9999.000 -9999.000 -9999.000 -9999.000 -9999.000 -9999.000 -9999.000 -9999.000 -9999.000 -9999.000 -9999.000 -9999.000 -9999.000 -9999.000 -9999.000 -9999.000 -9999.000 -9999.000 -9999.000 -9999.000 -9999.000 -9999.000 -9999.000 -9999.000 -9999.000 -9999.000 -9999.000 -9999.000
-9999.000 -9999.000 -9999.000 -9999.000 -9999.000 -9999.000 -9999.000 -9999.000 -9999.000 -9999.000 -9999.000 -9999.000 -9999.000 -9999.000 -9999.000 0.8402786E-01 0.6712961E-01 0.6191599E-01 0.6424819E-01 0.7094195E-01 0.7884116E-01 0.8677618E-01 0.9421399E-01 0.1005696 0.1061424 0.1109365 0.1152814 0.1206101 0.1315193 0.1479862 0.1479862 -9999.000 -9999.000 -9999.000 -9999.000 -9999.000 -9999.000 -9999.000 -9999.000 -9999.000 -9999.000 -9999.000 -9999.000 -9999.000 -9999.000 -9999.000 -9999.000 -9999.000 -9999.000 -9999.000 -9999.000 -9999.000 -9999.000 -9999.000 -9999.000 -9999.000 -9999.000 -9999.000 -9999.000 -9999.000
-9999.000 -9999.000 -9999.000 -9999.000 -9999.000 -9999.000 -9999.000 -9999.000 -9999.000 -9999.000 -9999.000 -9999.000 -9999.000 -9999.000 -9999.000 0.8088014E-01 0.6115845E-01 0.5512014E-01 0.5805359E-01 0.6603966E-01 0.7537366E-01 0.8476745E-01 0.9364586E-01 0.1013248 0.1081692 0.1141513 0.1196415 0.1263460 0.1398236 0.1613744 0.1613744 -9999.000 -9999.000 -9999.000 -9999.000 -9999.000 -9999.000 -9999.000 -9999.000 -9999.000 -9999.000 -9999.000 -9999.000 -9999.000 -9999.000 -9999.000 -9999.000 -9999.000 -9999.000 -9999.000 -9999.000 -9999.000 -9999.000 -9999.000 -9999.000 -9999.000 -9999.000 -9999.000 -9999.000 -9999.000
-9999.000 -9999.000 -9999.000 -9999.000 -9999.000 -9999.000 -9999.000 -9999.000 -9999.000 -9999.000 -9999.000 -9999.000 -9999.000 -9999.000 -9999.000 0.7741729E-01 0.5493143E-01 0.4818451E-01 0.5186203E-01 0.6118340E-01 0.7194059E-01 0.8277945E-01 0.9309749E-01 0.1021067 0.1102445 0.1174407 0.1241079 0.1322484 0.1484703 0.1760470 0.1760470 -9999.000 -9999.000 -9999.000 -9999.000 -9999.000 -9999.000 -9999.000 -9999.000 -9999.000 -9999.000 -9999.000 -9999.000 -9999.000 -9999.000 -9999.000 -9999.000 -9999.000 -9999.000 -9999.000 -9999.000 -9999.000 -9999.000 -9999.000 -9999.000 -9999.000 -9999.000 -9999.000 -9999.000 -9999.000
-9999.000 -9999.000 -9999.000 -9999.000 -9999.000 -9999.000 -9999.000 -9999.000 -9999.000 -9999.000 -9999.000 -9999.000 -9999.000 -9999.000 -9999.000 0.7359229E-01 0.4843840E-01 0.4118473E-01 0.4580289E-01 0.5647251E-01 0.6860644E-01 0.8085388E-01 0.9259738E-01 0.1029337 0.1123802 0.1208092 0.1286793 0.1383159 0.1574819 0.1922681 0.1922681 -9999.000 -9999.000 -9999.000 -9999.000 -9999.000 -9999.000 -9999.000 -9999.000 -9999.000 -9999.000 -9999.000 -9999.000 -9999.000 -9999.000 -9999.000 -9999.000 -9999.000 -9999.000 -9999.000 -9999.000 -9999.000 -9999.000 -9999.000 -9999.000 -9999.000 -9999.000 -9999.000 -9999.000 -9999.000
-9999.000 -9999.000 -9999.000 -9999.000 -9999.000 -9999.000 -9999.000 -9999.000 -9999.000 -9999.000 -9999.000 -9999.000 -9999.000 -9999.000 -9999.000 0.6934440E-01 0.4167243E-01 0.3427625E-01 0.4009540E-01 0.5204672E-01 0.6544989E-01 0.7903762E-01 0.9217530E-01 0.1038249 0.1145880 0.1242617 0.1333552 0.1445497 0.1668881 0.2103929 0.2103929 -9999.000 -9999.000 -9999.000 -9999.000 -9999.000 -9999.000 -9999.000 -9999.000 -9999.000 -9999.000 -9999.000 -9999.000 -9999.000 -9999.000 -9999.000 -9999.000 -9999.000 -9999.000 -9999.000 -9999.000 -9999.000 -9999.000 -9999.000 -9999.000 -9999.000 -9999.000 -9999.000 -9999.000 -9999.000
-9999.000 -9999.000 -9999.000 -9999.000 -9999.000 -9999.000 -9999.000 -9999.000 -9999.000 -9999.000 -9999.000 -9999.000 -9999.000 -9999.000 -9999.000 0.6460032E-01 0.3464734E-01 0.2781390E-01 0.3512378E-01 0.4811144E-01 0.6257828E-01 0.7739174E-01 0.9186998E-01 0.1048045 0.1168842 0.1278067 0.1381374 0.1509524 0.1767249 0.2309001 0.2309001 -9999.000 -9999.000 -9999.000 -9999.000 -9999.000 -9999.000 -9999.000 -9999.000 -9999.000 -9999.000 -9999.000 -9999.000 -9999.000 -9999.000 -9999.000 -9999.000 -9999.000 -9999.000 -9999.000 -9999.000 -9999.000 -9999.000 -9999.000 -9999.000 -9999.000 -9999.000 -9999.000 -9999.000 -9999.000
-9999.000 -9999.000 -9999.000 -9999.000 -9999.000 -9999.000 -9999.000 -9999.000 -9999.000 -9999.000 -9999.000 -9999.000 -9999.000 -9999.000 -9999.000 0.5927292E-01 0.2744645E-01 0.2262835E-01 0.3153311E-01 0.4496647E-01 0.6014153E-01 0.7600258E-01 0.9173770E-01 0.1059115 0.1192963 0.1314612 0.1430338 0.1575317 0.1870348 0.2544481 0.2544481 -9999.000 -9999.000 -9999.000 -9999.000 -9999.000 -9999.000 -9999.000 -9999.000 -9999.000 -9999.000 -9999.000 -9999.000 -9999.000 -9999.000 -9999.000 -9999.000 -9999.000 -9999.000 -9999.000 -9999.000 -9999.000 -9999.000 -9999.000 -9999.000 -9999.000 -9999.000 -9999.000 -9999.000 -9999.000
-9999.000 -9999.000 -9999.000 -9999.000 -9999.000 -9999.000 -9999.000 -9999.000 -9999.000 -9999.000 -9999.000 -9999.000 -9999.000 -9999.000 -9999.000 0.5325571E-01 0.2038814E-01 0.2039387E-01 0.3023659E-01 0.4303891E-01 0.5836496E-01 0.7500783E-01 0.9187281E-01 0.1072148 0.1218775 0.1352620 0.1480684 0.1643067 0.1978719 0.2819645 0.2819645 -9999.000 -9999.000 -9999.000 -9999.000 -9999.000 -9999.000 -9999.000 -9999.000 -9999.000 -9999.000 -9999.000 -9999.000 -9999.000 -9999.000 -9999.000 -9999.000 -9999.000 -9999.000 -9999.000 -9999.000 -9999.000 -9999.000 -9999.000 -9999.000 -9999.000 -9999.000 -9999.000 -9999.000 -9999.000
-9999.000 -9999.000 -9999.000 -9999.000 -9999.000 -9999.000 -9999.000 -9999.000 -9999.000 -9999.000 -9999.000 -9999.000 -9999.000 -9999.000 -9999.000 0.4607330E-01 0.1554194E-01 0.2455014E-01 0.3373247E-01 0.4431059E-01 0.5870851E-01 0.7547286E-01 0.9305848E-01 0.1092980 0.1250622 0.1395286 0.1534714 0.1714416 0.2093848 0.3148621 0.3148621 -9999.000 -9999.000 -9999.000 -9999.000 -9999.000 -9999.000 -9999.000 -9999.000 -9999.000 -9999.000 -9999.000 -9999.000 -9999.000 -9999.000 -9999.000 -9999.000 -9999.000 -9999.000 -9999.000 -9999.000 -9999.000 -9999.000 -9999.000 -9999.000 -9999.000 -9999.000 -9999.000 -9999.000 -9999.000
-9999.000 -9999.000 -9999.000 -9999.000 -9999.000 -9999.000 -9999.000 -9999.000 -9999.000 -9999.000 -9999.000 -9999.000 -9999.000 -9999.000 -9999.000 0.7262780E-01 0.1108495 0.1273959 0.1189952 0.1093227 0.1053833 0.1069004 0.1135724 0.1228120 0.1344557 0.1466785 0.1597230 0.1783491 0.2205931 0.3523992 0.3523992 -9999.000 -9999.000 -9999.000 -9999.000 -9999.000 -9999.000 -9999.000 -9999.000 -9999.000 -9999.000 -9999.000 -9999.000 -9999.000 -9999.000 -9999.000 -9999.000 -9999.000 -9999.000 -9999.000 -9999.000 -9999.000 -9999.000 -9999.000 -9999.000 -9999.000 -9999.000 -9999.000 -9999.000 -9999.000
2.801138 2.801138 2.782836 2.816125 2.834067 2.834067 2.837049 2.837648 2.837648 2.834531 2.834531 2.828872 2.825348 2.821465 2.817508 2.817508 2.942486 2.946081 2.947114 2.930121 2.890572 2.829505 2.746034 2.638869 2.512362 2.367191 2.207461 2.042971 1.899930 1.853226 1.853226 2.674729 2.845579 2.943401 2.967661 2.967661 2.999009 2.999009 2.977998 2.977998 2.931731 2.744713 2.744713 2.343137 2.343137 2.057487 2.057487 2.057487 2.046773 2.046773 2.080759 2.080759 2.129201 2.129201 2.179080 2.179080 2.223242 2.223242 2.223242 2.257789
2.824194 2.824194 2.811556 2.869725 2.894322 2.894322 2.909036 2.932175 2.932175 2.951241 2.951241 2.967579 2.974976 2.981960 2.988798 2.988798 3.082055 3.099339 3.114279 3.124493 3.128963 3.126828 3.115776 3.092698 3.056003 3.003145 2.932841 2.846129 2.749736 2.678549 2.678549 3.115603 3.268290 3.416688 3.457149 3.457149 3.502550 3.502550 3.501518 3.501518 3.478810 3.373414 3.373414 3.151919 3.151919 2.886505 2.886505 2.886505 2.873713 2.873713 2.909717 2.909717 2.961284 2.961284 3.013700 3.013700 3.060989 3.060989 3.060989 3.100265
2.830202 2.830202 2.810922 2.871861 2.894179 2.894179 2.909565 2.933576 2.933576 2.953225 2.953225 2.970203 2.977969 2.985351 2.992646 2.992646 3.076461 3.105369 3.131380 3.153489 3.171229 3.184619 3.193159 3.195656 3.191261 3.178267 3.154967 3.120627 3.077932 3.046264 3.046264 3.292681 3.438556 3.608054 3.657627 3.657627 3.707204 3.707204 3.694011 3.694011 3.663842 3.564674 3.564674 3.413311 3.413311 3.181667 3.181667 3.181667 3.152427 3.152427 3.176467 3.176467 3.219651 3.219651 3.265963 3.265963 3.308662 3.308662 3.308662 3.344568
2.835077 2.835077 2.807771 2.873487 2.893874 2.893874 2.909372 2.933591 2.933591 2.953242 2.953242 2.970219 2.977992 2.985383 2.992744 2.992744 3.071062 3.109835 3.146181 3.178298 3.205334 3.227187 3.243873 3.255197 3.261214 3.261592 3.255764 3.243458 3.226282 3.216173 3.216173 3.367481 3.496390 3.669966 3.722734 3.722734 3.764443 3.764443 3.727172 3.727172 3.687640 3.600129 3.600129 3.506101 3.506101 3.324122 3.324122 3.324122 3.280254 3.280254 3.290213 3.290213 3.324917 3.324917 3.366402 3.366402 3.405970 3.405970 3.405970 3.439484
2.838921 2.838921 2.807475 2.874548 2.893585 2.893585 2.909121 2.933569 2.933569 2.953242 2.953242 2.970212 2.977985 2.985377 2.992821 2.992821 3.069927 3.117274 3.163032 3.204386 3.240047 3.269626 3.293110 3.310546 3.322229 3.328411 3.329290 3.325253 3.317883 3.315297 3.315297 3.411499 3.519006 3.681116 3.727014 3.727014 3.737747 3.737747 3.670180 3.670180 3.630254 3.573984 3.573984 3.533822 3.533822 3.411700 3.411700 3.411700 3.360576 3.360576 3.355423 3.355423 3.379114 3.379114 3.414102 3.414102 3.449588 3.449588 3.449588 3.480038
2.841688 2.841688 2.807442 2.875374 2.893467 2.893467 2.908959 2.933561 2.933561 2.953252 2.953252 2.970215 2.977986 2.985378 2.992947 2.992947 3.074056 3.129305 3.183571 3.233256 3.276770 3.313521 3.343402 3.366488 3.383071 3.393530 3.398309 3.398063 3.394320 3.392865 3.392865 3.452744 3.536134 3.667138 3.690246 3.690246 3.645131 3.645131 3.563829 3.563829 3.539375 3.528890 3.528890 3.534032 3.534032 3.471101 3.471101 3.471101 3.423066 3.423066 3.405792 3.405792 3.416863 3.416863 3.443002 3.443002 3.472493 3.472493 3.472493 3.498430
2.843359 2.843359 2.807487 2.875881 2.893429 2.893429 2.908872 2.933562 2.933562 2.953267 2.953267 2.970232 2.978009 2.985408 2.993165 2.993165 3.084356 3.147449 3.209480 3.266534 3.316936 3.360044 3.395707 3.423997 3.445166 3.459576 3.467691 3.470164 3.468286 3.466052 3.466052 3.500547 3.557814 3.627881 3.605906 3.605906 3.500501 3.500501 3.444770 3.444770 3.447429 3.482470 3.482470 3.521017 3.521017 3.509263 3.509263 3.509263 3.473471 3.473471 3.450305 3.450305 3.449538 3.449538 3.465129 3.465129 3.486598 3.486598 3.486598 3.506338
2.843918 2.843918 2.807513 2.876050 2.893421 2.893421 2.908845 2.933563 2.933563 2.953274 2.953274 2.970242 2.978020 2.985424 2.993436 2.993436 3.101833 3.173148 3.242373 3.305812 3.361988 3.410377 3.450891 3.483648 3.508884 3.526923 3.538167 3.543170 3.542890 3.539666 3.539666 3.555237 3.582233 3.542633 3.458282 3.458282 3.333661 3.333661 3.339437 3.339437 3.369237 3.438888 3.438888 3.500293 3.500293 3.529513 3.529513 3.529513 3.511420 3.511420 3.489480 3.489480 3.479969 3.479969 3.484595 3.484595 3.496376 3.496376 3.496376 3.508248
2.843359 2.843359 2.807488 2.875881 2.893429 2.893429 2.908872 2.933562 2.933562 2.953267 2.953267 2.970233 2.978009 2.985408 2.993764 2.993764 3.128015 3.208208 3.284156 3.352959 3.413649 3.466014 3.510166 3.546331 3.574789 3.595844 3.609839 3.617202 3.618470 3.613932 3.613932 3.611658 3.594702 3.382020 3.251926 3.251926 3.184616 3.184616 3.259749 3.259749 3.308044 3.399243 3.399243 3.475713 3.475713 3.535965 3.535965 3.535965 3.536854 3.536854 3.521885 3.521885 3.508107 3.508107 3.502771 3.502771 3.503880 3.503880 3.503880 3.506463
2.841687 2.841687 2.807443 2.875374 2.893467 2.893467 2.908959 2.933561 2.933561 2.953252 2.953252 2.970214 2.977986 2.985377 2.994203 2.994203 3.165234 3.255032 3.337171 3.410170 3.473914 3.528716 3.575007 3.613215 3.643716 3.666846 3.682911 3.692205 3.694593 3.686334 3.686334 3.655831 3.557391 3.144736 3.032694 3.032694 3.076667 3.076667 3.198009 3.198009 3.256247 3.360069 3.360069 3.446911 3.446911 3.530194 3.530194 3.530194 3.548536 3.548536 3.543826 3.543826 3.530073 3.530073 3.517023 3.517023 3.507506 3.507506 3.507506 3.499987
2.838922 2.838922 2.807475 2.874548 2.893585 2.893585 2.909121 2.933569 2.933569 2.953243 2.953243 2.970212 2.977984 2.985377 2.994867 2.994867 3.217138 3.317004 3.404451 3.480120 3.545120 3.600498 3.647130 3.685712 3.716775 3.740721 3.757851 3.768278 3.770185 3.748167 3.748167 3.649105 3.404688 2.888298 2.862920 2.862920 3.001654 3.001654 3.144089 3.144089 3.207212 3.318756 3.318756 3.413032 3.413032 3.512953 3.512953 3.512953 3.545705 3.545705 3.551981 3.551981 3.541263 3.541263 3.523198 3.523198 3.504025 3.504025 3.504025 3.486377
2.835077 2.835077 2.807771 2.873486 2.893874 2.893874 2.909373 2.933591 2.933591 2.953242 2.953242 2.970219 2.977992 2.985384 2.995793 2.995793 3.289368 3.398872 3.489862 3.565940 3.629810 3.683437 3.728235 3.765212 3.795077 3.818311 3.835231 3.845467 3.841092 3.766513 3.766513 3.504136 3.094978 2.702154 2.754076 2.754076 2.935234 2.935234 3.086230 3.086230 3.152106 3.269157 3.269157 3.369031 3.369031 3.480807 3.480807 3.480807 3.524573 3.524573 3.540688 3.540688 3.534425 3.534425 3.513717 3.513717 3.486555 3.486555 3.486555 3.459642
