simulation_files/asc/Velocity____323.0.asc
NCOLS        79
NROWS        79
XLLCENTER         -1.500000
YLLCENTER         -4.800000
CELLSIZE           0.100
NODATA_VALUE     -9999.0
[rows 0 to 26 of 79, columns 0 to 59 of 79]
-9999.000 -9999.000 -9999.000 -9999.000 -9999.000 -9999.000 -9999.000 -9999.000 -9999.000 -9999.000 -9999.000 -9999.000 -9999.000 -9999.000 -9999.000 0.9785633E-01 0.9594782E-01 0.9574547E-01 0.9625590E-01 0.9704345E-01 0.9790033E-01 0.9872279E-01 0.9938987E-01 0.9991179E-01 0.1002819 0.1005156 0.1006837 0.1009974 0.1020464 0.1030704 0.1030704 -9999.000 -9999.000 -9999.000 -9999.000 -9999.000 -9999.000 -9999.000 -9999.000 -9999.000 -9999.000 -9999.000 -9999.000 -9999.000 -9999.000 -9999.000 -9999.000 -9999.000 -9999.000 -9999.000 -9999.000 -9999.000 -9999.000 -9999.000 -9999.000 -9999.000 -9999.000 -9999.000 -9999.000 -9999.000
-9999.000 -9999.000 -9999.000 -9999.000 -9999.000 -9999.000 -9999.000 -9999.000 -9999.000 -9999.000 -9999.000 -9999.000 -9999.000 -9999.000 -9999.000 0.9642564E-01 0.9256622E-01 0.9219702E-01 0.9330951E-01 0.9499844E-01 0.9684567E-01 0.9864570E-01 0.1001446 0.1013544 0.1022527 0.1028662 0.1033464 0.1041664 0.1066349 0.1093869 0.1093869 -9999.000 -9999.000 -9999.000 -9999.000 -9999.000 -9999.000 -9999.000 -9999.000 -9999.000 -9999.000 -9999.000 -9999.000 -9999.000 -9999.000 -9999.000 -9999.000 -9999.000 -9999.000 -9999.000 -9999.000 -9999.000 -9999.000 -9999.000 -9999.000 -9999.000 -9999.000 -9999.000 -9999.000 -9999.000
-9999.000 -9999.000 -9999.000 -9999.000 -9999.000 -9999.000 -9999.000 -9999.000 -9999.000 -9999.000 -9999.000 -9999.000 -9999.000 -9999.000 -9999.000 0.9359242E-01 0.8771329E-01 0.8713692E-01 0.8893475E-01 0.9166950E-01 0.9469277E-01 0.9769791E-01 0.1002927 0.1024999 0.1042781 0.1056565 0.1068615 0.1086377 0.1130731 0.1183941 0.1183941 -9999.000 -9999.000 -9999.000 -9999.000 -9999.000 -9999.000 -9999.000 -9999.000 -9999.000 -9999.000 -9999.000 -9999.000 -9999.000 -9999.000 -9999.000 -9999.000 -9999.000 -9999.000 -9999.000 -9999.000 -9999.000 -9999.000 -9999.000 -9999.000 -9999.000 -9999.000 -9999.000 -9999.000 -9999.000
-9999.000 -9999.000 -9999.000 -9999.000 -9999.000 -9999.000 -9999.000 -9999.000 -9999.000 -9999.000 -9999.000 -9999.000 -9999.000 -9999.000 -9999.000 0.9007530E-01 0.8227922E-01 0.8150914E-01 0.8402083E-01 0.8783142E-01 0.9206744E-01 0.9633160E-01 0.1000993 0.1034119 0.1062050 0.1085027 0.1105966 0.1135012 0.1201112 0.1285680 0.1285680 -9999.000 -9999.000 -9999.000 -9999.000 -9999.000 -9999.000 -9999.000 -9999.000 -9999.000 -9999.000 -9999.000 -9999.000 -9999.000 -9999.000 -9999.000 -9999.000 -9999.000 -9999.000 -9999.000 -9999.000 -9999.000 -9999.000 -9999.000 -9999.000 -9999.000 -9999.000 -9999.000 -9999.000 -9999.000
-9999.000 -9999.000 -9999.000 -9999.000 -9999.000 -9999.000 -9999.000 -9999.000 -9999.000 -9999.000 -9999.000 -9999.000 -9999.000 -9999.000 -9999.000 0.8610536E-01 0.7646427E-01 0.7552219E-01 0.7878356E-01 0.8370073E-01 0.8917747E-01 0.9473646E-01 0.9972286E-01 0.1042051 0.1080922 0.1113987 0.1144786 0.1186248 0.1275835 0.1397663 0.1397663 -9999.000 -9999.000 -9999.000 -9999.000 -9999.000 -9999.000 -9999.000 -9999.000 -9999.000 -9999.000 -9999.000 -9999.000 -9999.000 -9999.000 -9999.000 -9999.000 -9999.000 -9999.000 -9999.000 -9999.000 -9999.000 -9999.000 -9999.000 -9999.000 -9999.000 -9999.000 -9999.000 -9999.000 -9999.000
-9999.000 -9999.000 -9999.000 -9999.000 -9999.000 -9999.000 -9999.000 -9999.000 -9999.000 -9999.000 -9999.000 -9999.000 -9999.000 -9999.000 -9999.000 0.8176869E-01 0.7035580E-01 0.6928199E-01 0.7334346E-01 0.7940269E-01 0.8614550E-01 0.9302480E-01 0.9925863E-01 0.1049523 0.1099834 0.1143542 0.1184827 0.1239549 0.1354291 0.1520111 0.1520111 -9999.000 -9999.000 -9999.000 -9999.000 -9999.000 -9999.000 -9999.000 -9999.000 -9999.000 -9999.000 -9999.000 -9999.000 -9999.000 -9999.000 -9999.000 -9999.000 -9999.000 -9999.000 -9999.000 -9999.000 -9999.000 -9999.000 -9999.000 -9999.000 -9999.000 -9999.000 -9999.000 -9999.000 -9999.000
-9999.000 -9999.000 -9999.000 -9999.000 -9999.000 -9999.000 -9999.000 -9999.000 -9999.000 -9999.000 -9999.000 -9999.000 -9999.000 -9999.000 -9999.000 0.7708247E-01 0.6398650E-01 0.6284548E-01 0.6777363E-01 0.7501377E-01 0.8304326E-01 0.9126111E-01 0.9876028E-01 0.1056941 0.1119039 0.1173774 0.1225995 0.1294703 0.1436355 0.1654260 0.1654260 -9999.000 -9999.000 -9999.000 -9999.000 -9999.000 -9999.000 -9999.000 -9999.000 -9999.000 -9999.000 -9999.000 -9999.000 -9999.000 -9999.000 -9999.000 -9999.000 -9999.000 -9999.000 -9999.000 -9999.000 -9999.000 -9999.000 -9999.000 -9999.000 -9999.000 -9999.000 -9999.000 -9999.000 -9999.000
-9999.000 -9999.000 -9999.000 -9999.000 -9999.000 -9999.000 -9999.000 -9999.000 -9999.000 -9999.000 -9999.000 -9999.000 -9999.000 -9999.000 -9999.000 0.7202885E-01 0.5736454E-01 0.5625514E-01 0.6213450E-01 0.7059244E-01 0.7992070E-01 0.8948623E-01 0.9825948E-01 0.1064545 0.1138686 0.1204725 0.1268239 0.1351631 0.1522148 0.1802151 0.1802151 -9999.000 -9999.000 -9999.000 -9999.000 -9999.000 -9999.000 -9999.000 -9999.000 -9999.000 -9999.000 -9999.000 -9999.000 -9999.000 -9999.000 -9999.000 -9999.000 -9999.000 -9999.000 -9999.000 -9999.000 -9999.000 -9999.000 -9999.000 -9999.000 -9999.000 -9999.000 -9999.000 -9999.000 -9999.000
-9999.000 -9999.000 -9999.000 -9999.000 -9999.000 -9999.000 -9999.000 -9999.000 -9999.000 -9999.000 -9999.000 -9999.000 -9999.000 -9999.000 -9999.000 0.6657079E-01 0.5049039E-01 0.4956362E-01 0.5649636E-01 0.6619899E-01 0.7682346E-01 0.8773366E-01 0.9778000E-01 0.1072499 0.1158867 0.1236420 0.1311529 0.1410311 0.1611920 0.1966646 0.1966646 -9999.000 -9999.000 -9999.000 -9999.000 -9999.000 -9999.000 -9999.000 -9999.000 -9999.000 -9999.000 -9999.000 -9999.000 -9999.000 -9999.000 -9999.000 -9999.000 -9999.000 -9999.000 -9999.000 -9999.000 -9999.000 -9999.000 -9999.000 -9999.000 -9999.000 -9999.000 -9999.000 -9999.000 -9999.000
-9999.000 -9999.000 -9999.000 -9999.000 -9999.000 -9999.000 -9999.000 -9999.000 -9999.000 -9999.000 -9999.000 -9999.000 -9999.000 -9999.000 -9999.000 0.6065865E-01 0.4337114E-01 0.4286349E-01 0.5096522E-01 0.6191269E-01 0.7380436E-01 0.8603864E-01 0.9734522E-01 0.1080972 0.1179684 0.1268892 0.1355847 0.1470757 0.1706008 0.2151627 0.2151627 -9999.000 -9999.000 -9999.000 -9999.000 -9999.000 -9999.000 -9999.000 -9999.000 -9999.000 -9999.000 -9999.000 -9999.000 -9999.000 -9999.000 -9999.000 -9999.000 -9999.000 -9999.000 -9999.000 -9999.000 -9999.000 -9999.000 -9999.000 -9999.000 -9999.000 -9999.000 -9999.000 -9999.000 -9999.000
-9999.000 -9999.000 -9999.000 -9999.000 -9999.000 -9999.000 -9999.000 -9999.000 -9999.000 -9999.000 -9999.000 -9999.000 -9999.000 -9999.000 -9999.000 0.5423317E-01 0.3604328E-01 0.3634294E-01 0.4571586E-01 0.5784892E-01 0.7093604E-01 0.8444829E-01 0.9698728E-01 0.1090188 0.1201283 0.1302214 0.1401208 0.1533012 0.1804828 0.2362392 0.2362392 -9999.000 -9999.000 -9999.000 -9999.000 -9999.000 -9999.000 -9999.000 -9999.000 -9999.000 -9999.000 -9999.000 -9999.000 -9999.000 -9999.000 -9999.000 -9999.000 -9999.000 -9999.000 -9999.000 -9999.000 -9999.000 -9999.000 -9999.000 -9999.000 -9999.000 -9999.000 -9999.000 -9999.000 -9999.000
-9999.000 -9999.000 -9999.000 -9999.000 -9999.000 -9999.000 -9999.000 -9999.000 -9999.000 -9999.000 -9999.000 -9999.000 -9999.000 -9999.000 -9999.000 0.4722495E-01 0.2863123E-01 0.3040345E-01 0.4104728E-01 0.5418485E-01 0.6832603E-01 0.8303256E-01 0.9675530E-01 0.1100523 0.1223937 0.1336559 0.1447711 0.1597184 0.1908883 0.2606291 0.2606291 -9999.000 -9999.000 -9999.000 -9999.000 -9999.000 -9999.000 -9999.000 -9999.000 -9999.000 -9999.000 -9999.000 -9999.000 -9999.000 -9999.000 -9999.000 -9999.000 -9999.000 -9999.000 -9999.000 -9999.000 -9999.000 -9999.000 -9999.000 -9999.000 -9999.000 -9999.000 -9999.000 -9999.000 -9999.000
-9999.000 -9999.000 -9999.000 -9999.000 -9999.000 -9999.000 -9999.000 -9999.000 -9999.000 -9999.000 -9999.000 -9999.000 -9999.000 -9999.000 -9999.000 0.3955661E-01 0.2154131E-01 0.2589101E-01 0.3745650E-01 0.5119524E-01 0.6614157E-01 0.8190424E-01 0.9673404E-01 0.1112654 0.1248177 0.1372330 0.1495644 0.1663540 0.2018822 0.2893816 0.2893816 -9999.000 -9999.000 -9999.000 -9999.000 -9999.000 -9999.000 -9999.000 -9999.000 -9999.000 -9999.000 -9999.000 -9999.000 -9999.000 -9999.000 -9999.000 -9999.000 -9999.000 -9999.000 -9999.000 -9999.000 -9999.000 -9999.000 -9999.000 -9999.000 -9999.000 -9999.000 -9999.000 -9999.000 -9999.000
-9999.000 -9999.000 -9999.000 -9999.000 -9999.000 -9999.000 -9999.000 -9999.000 -9999.000 -9999.000 -9999.000 -9999.000 -9999.000 -9999.000 -9999.000 0.3109601E-01 0.1631276E-01 0.2456470E-01 0.3598438E-01 0.4956088E-01 0.6486700E-01 0.8142465E-01 0.9720743E-01 0.1128858 0.1275841 0.1411004 0.1546194 0.1733053 0.2135806 0.3240736 0.3240736 -9999.000 -9999.000 -9999.000 -9999.000 -9999.000 -9999.000 -9999.000 -9999.000 -9999.000 -9999.000 -9999.000 -9999.000 -9999.000 -9999.000 -9999.000 -9999.000 -9999.000 -9999.000 -9999.000 -9999.000 -9999.000 -9999.000 -9999.000 -9999.000 -9999.000 -9999.000 -9999.000 -9999.000 -9999.000
-9999.000 -9999.000 -9999.000 -9999.000 -9999.000 -9999.000 -9999.000 -9999.000 -9999.000 -9999.000 -9999.000 -9999.000 -9999.000 -9999.000 -9999.000 0.4537881E-01 0.6928875E-01 0.7903612E-01 0.7909514E-01 0.8251735E-01 0.8850473E-01 0.9769620E-01 0.1083776 0.1208131 0.1336137 0.1461897 0.1595972 0.1795315 0.2247638 0.3641108 0.3641108 -9999.000 -9999.000 -9999.000 -9999.000 -9999.000 -9999.000 -9999.000 -9999.000 -9999.000 -9999.000 -9999.000 -9999.000 -9999.000 -9999.000 -9999.000 -9999.000 -9999.000 -9999.000 -9999.000 -9999.000 -9999.000 -9999.000 -9999.000 -9999.000 -9999.000 -9999.000 -9999.000 -9999.000 -9999.000
2.721042 2.721042 2.715764 2.740346 2.759408 2.759408 2.762588 2.763144 2.763144 2.760428 2.760428 2.755294 2.752011 2.748355 2.744507 2.744507 2.834872 2.837491 2.831225 2.805217 2.760087 2.694660 2.606259 2.498304 2.371000 2.226606 2.069752 1.911304 1.778874 1.746792 1.746792 2.570414 2.736729 2.826257 2.847224 2.847224 2.870825 2.870825 2.836415 2.836415 2.782708 2.576660 2.576660 2.113859 2.113859 1.933714 1.933714 1.933714 1.939835 1.939835 1.980210 1.980210 2.029796 2.029796 2.078684 2.078684 2.120817 2.120817 2.120817 2.152558
2.743419 2.743419 2.745587 2.792506 2.818365 2.818365 2.833198 2.855949 2.855949 2.874900 2.874900 2.891207 2.898576 2.905527 2.912230 2.912230 2.980390 2.994936 3.007245 3.014963 3.017601 3.013312 2.999018 2.973073 2.932849 2.876383 2.802872 2.713953 2.616697 2.557609 2.557609 2.998764 3.151000 3.295375 3.333627 3.333627 3.373654 3.373654 3.364889 3.364889 3.337202 3.220053 3.220053 2.961298 2.961298 2.751391 2.751391 2.751391 2.756917 2.756917 2.798917 2.798917 2.851503 2.851503 2.903099 2.903099 2.948592 2.948592 2.948592 2.985500
2.747734 2.747734 2.743788 2.794083 2.818053 2.818053 2.833659 2.857410 2.857410 2.876961 2.876961 2.893885 2.901603 2.908935 2.916066 2.916066 2.978475 3.003141 3.026234 3.046164 3.062528 3.074805 3.081828 3.082918 3.076646 3.061318 3.035411 2.998554 2.953865 2.926294 2.926294 3.181364 3.326245 3.491587 3.538634 3.538634 3.581906 3.581906 3.561987 3.561987 3.528578 3.425216 3.425216 3.254741 3.254741 3.049943 3.049943 3.049943 3.039289 3.039289 3.070792 3.070792 3.115652 3.115652 3.161092 3.161092 3.201858 3.201858 3.201858 3.235327
2.750073 2.750073 2.746256 2.794376 2.816927 2.816927 2.832908 2.857208 2.857208 2.876886 2.876886 2.893857 2.901598 2.908953 2.916136 2.916136 2.976135 3.009775 3.042542 3.071972 3.097111 3.117572 3.132926 3.143165 3.148062 3.147147 3.139849 3.126028 3.107549 3.099749 3.099749 3.257907 3.386925 3.556271 3.605770 3.605770 3.639454 3.639454 3.596633 3.596633 3.556915 3.472025 3.472025 3.368711 3.368711 3.194056 3.194056 3.194056 3.166458 3.166458 3.185549 3.185549 3.223208 3.223208 3.264401 3.264401 3.302225 3.302225 3.302225 3.333364
2.750412 2.750412 2.749927 2.794194 2.815864 2.815864 2.832173 2.857067 2.857067 2.876888 2.876888 2.893867 2.901603 2.908954 2.916185 2.916185 2.977462 3.019240 3.060938 3.099143 3.132381 3.160079 3.181941 3.198057 3.208599 3.213718 3.213566 3.208599 3.200558 3.199696 3.199696 3.301559 3.410247 3.567771 3.609098 3.609098 3.610750 3.610750 3.543144 3.543144 3.506794 3.456925 3.456925 3.411769 3.411769 3.284534 3.284534 3.284534 3.244743 3.244743 3.249209 3.249209 3.277373 3.277373 3.313061 3.313061 3.347281 3.347281 3.347281 3.375588
2.746513 2.746513 2.756160 2.794322 2.815447 2.815447 2.831938 2.857154 2.857154 2.876981 2.876981 2.893903 2.901619 2.908957 2.916252 2.916252 2.983372 3.032957 3.082874 3.129062 3.169732 3.204163 3.232068 3.253498 3.268678 3.277927 3.281658 3.280576 3.276337 3.276117 3.276117 3.340642 3.425856 3.550624 3.567379 3.567379 3.516364 3.516364 3.444114 3.444114 3.425423 3.420830 3.420830 3.422148 3.422148 3.348150 3.348150 3.348150 3.305547 3.305547 3.296669 3.296669 3.313272 3.313272 3.341264 3.341264 3.370218 3.370218 3.370218 3.394449
2.745942 2.745942 2.759069 2.794194 2.815034 2.815034 2.831657 2.857142 2.857142 2.877017 2.877017 2.893921 2.901628 2.908961 2.916354 2.916354 2.994772 3.052296 3.109847 3.163172 3.210425 3.250863 3.284224 3.310537 3.330012 3.342969 3.349844 3.351332 3.348839 3.347268 3.347268 3.385205 3.443942 3.503211 3.474426 3.474426 3.374601 3.374601 3.334527 3.334527 3.342277 3.380286 3.380286 3.415255 3.415255 3.391106 3.391106 3.391106 3.355648 3.355648 3.338278 3.338278 3.343114 3.343114 3.361502 3.361502 3.383278 3.383278 3.383278 3.401931
2.745764 2.745764 2.759999 2.794148 2.814893 2.814893 2.831560 2.857138 2.857138 2.877029 2.877029 2.893926 2.901630 2.908961 2.916498 2.916498 3.012776 3.078723 3.143462 3.203055 3.255891 3.301368 3.339330 3.369848 3.393125 3.409453 3.419222 3.423008 3.421852 3.418658 3.418658 3.436094 3.462311 3.404469 3.319337 3.319337 3.217727 3.217727 3.239687 3.239687 3.271762 3.341098 3.341098 3.398874 3.398874 3.416437 3.416437 3.416437 3.395152 3.395152 3.375829 3.375829 3.370910 3.370910 3.378752 3.378752 3.391600 3.391600 3.391600 3.403130
2.745944 2.745944 2.759068 2.794188 2.815032 2.815032 2.831658 2.857144 2.857144 2.877017 2.877017 2.893919 2.901627 2.908959 2.916702 2.916702 3.038959 3.114026 3.185570 3.250510 3.307777 3.357103 3.398540 3.432282 3.458577 3.477710 3.490010 3.495916 3.496007 3.490819 3.490819 3.488016 3.464329 3.230481 3.115413 3.115413 3.082317 3.082317 3.166142 3.166142 3.214251 3.303368 3.303368 3.376448 3.376448 3.426633 3.426633 3.426633 3.422505 3.422505 3.407234 3.407234 3.396183 3.396183 3.393851 3.393851 3.396606 3.396606 3.396606 3.399692
2.746516 2.746516 2.756158 2.794312 2.815444 2.815444 2.831941 2.857158 2.857158 2.876983 2.876983 2.893902 2.901618 2.908957 2.916985 2.916985 3.075616 3.160526 3.238398 3.307604 3.367941 3.419676 3.463197 3.498894 3.527120 3.548188 3.562395 3.570033 3.570935 3.561169 3.561169 3.525470 3.408468 2.991985 2.912663 2.912663 2.984587 2.984587 3.107188 3.107188 3.163939 3.265234 3.265234 3.348966 3.348966 3.423678 3.423678 3.423678 3.436354 3.436354 3.429119 3.429119 3.415985 3.415985 3.405041 3.405041 3.397380 3.397380 3.397380 3.391185
2.750417 2.750417 2.749924 2.794179 2.815862 2.815862 2.832177 2.857071 2.857071 2.876889 2.876889 2.893865 2.901601 2.908952 2.917383 2.917383 3.126282 3.221455 3.304807 3.376821 3.438520 3.490902 3.534806 3.570893 3.599668 3.621506 3.636702 3.645345 3.645391 3.620324 3.620324 3.505631 3.229784 2.754573 2.763972 2.763972 2.913429 2.913429 3.053894 3.053894 3.115020 3.224435 3.224435 3.315779 3.315779 3.408309 3.408309 3.408309 3.435419 3.435419 3.437759 3.437759 3.425800 3.425800 3.408503 3.408503 3.391022 3.391022 3.391022 3.375425
2.750080 2.750080 2.746251 2.794358 2.816924 2.816924 2.832915 2.857214 2.857214 2.876887 2.876887 2.893855 2.901596 2.908950 2.917933 2.917933 3.196516 3.301482 3.388579 3.461207 3.521969 3.572767 3.614974 3.649563 3.677214 3.698386 3.713382 3.721765 3.714679 3.633457 3.633457 3.337879 2.900021 2.598639 2.663681 2.663681 2.846800 2.846800 2.995579 2.995579 3.059179 3.175081 3.175081 3.272082 3.272082 3.377429 3.377429 3.377429 3.415903 3.415903 3.427346 3.427346 3.418259 3.418259 3.396890 3.396890 3.370985 3.370985 3.370985 3.346706
