simulation_files/asc/Velocity__y_152.0.asc
NCOLS        79
NROWS        79
XLLCENTER         -1.500000
YLLCENTER         -4.800000
CELLSIZE           0.100
NODATA_VALUE     -9999.0
[rows 0 to 26 of 79, columns 0 to 58 of 79]
-9999.000 -9999.000 -9999.000 -9999.000 -9999.000 -9999.000 -9999.000 -9999.000 -9999.000 -9999.000 -9999.000 -9999.000 -9999.000 -9999.000 -9999.000 -0.1126273 -0.1114923 -0.1114614 -0.1116070 -0.1118732 -0.1122073 -0.1125660 -0.1129343 -0.1132843 -0.1135985 -0.1138848 -0.1142156 -0.1148045 -0.1163236 -0.1174372 -0.1174372 -9999.000 -9999.000 -9999.000 -9999.000 -9999.000 -9999.000 -9999.000 -9999.000 -9999.000 -9999.000 -9999.000 -9999.000 -9999.000 -9999.000 -9999.000 -9999.000 -9999.000 -9999.000 -9999.000 -9999.000 -9999.000 -9999.000 -9999.000 -9999.000 -9999.000 -9999.000 -9999.000 -9999.000
-9999.000 -9999.000 -9999.000 -9999.000 -9999.000 -9999.000 -9999.000 -9999.000 -9999.000 -9999.000 -9999.000 -9999.000 -9999.000 -9999.000 -9999.000 -0.1102592 -0.1079656 -0.1079101 -0.1082527 -0.1088746 -0.1096622 -0.1105187 -0.1114092 -0.1122706 -0.1130637 -0.1138031 -0.1146399 -0.1160195 -0.1193397 -0.1221405 -0.1221405 -9999.000 -9999.000 -9999.000 -9999.000 -9999.000 -9999.000 -9999.000 -9999.000 -9999.000 -9999.000 -9999.000 -9999.000 -9999.000 -9999.000 -9999.000 -9999.000 -9999.000 -9999.000 -9999.000 -9999.000 -9999.000 -9999.000 -9999.000 -9999.000 -9999.000 -9999.000 -9999.000 -9999.000
-9999.000 -9999.000 -9999.000 -9999.000 -9999.000 -9999.000 -9999.000 -9999.000 -9999.000 -9999.000 -9999.000 -9999.000 -9999.000 -9999.000 -9999.000 -0.1063759 -0.1029621 -0.1029186 -0.1035684 -0.1047192 -0.1061829 -0.1077942 -0.1094886 -0.1111555 -0.1127236 -0.1142097 -0.1158507 -0.1183531 -0.1239431 -0.1292176 -0.1292176 -9999.000 -9999.000 -9999.000 -9999.000 -9999.000 -9999.000 -9999.000 -9999.000 -9999.000 -9999.000 -9999.000 -9999.000 -9999.000 -9999.000 -9999.000 -9999.000 -9999.000 -9999.000 -9999.000 -9999.000 -9999.000 -9999.000 -9999.000 -9999.000 -9999.000 -9999.000 -9999.000 -9999.000
-9999.000 -9999.000 -9999.000 -9999.000 -9999.000 -9999.000 -9999.000 -9999.000 -9999.000 -9999.000 -9999.000 -9999.000 -9999.000 -9999.000 -9999.000 -0.1017839 -0.9738498E-01 -0.9739191E-01 -0.9840824E-01 -0.1001688 -0.1024076 -0.1048847 -0.1075039 -0.1101018 -0.1125692 -0.1149204 -0.1174781 -0.1212185 -0.1292460 -0.1375669 -0.1375669 -9999.000 -9999.000 -9999.000 -9999.000 -9999.000 -9999.000 -9999.000 -9999.000 -9999.000 -9999.000 -9999.000 -9999.000 -9999.000 -9999.000 -9999.000 -9999.000 -9999.000 -9999.000 -9999.000 -9999.000 -9999.000 -9999.000 -9999.000 -9999.000 -9999.000 -9999.000 -9999.000 -9999.000
-9999.000 -9999.000 -9999.000 -9999.000 -9999.000 -9999.000 -9999.000 -9999.000 -9999.000 -9999.000 -9999.000 -9999.000 -9999.000 -9999.000 -9999.000 -0.9668688E-01 -0.9140883E-01 -0.9149055E-01 -0.9291234E-01 -0.9533691E-01 -0.9841841E-01 -0.1018352 -0.1054600 -0.1090710 -0.1125179 -0.1158113 -0.1193629 -0.1244347 -0.1350709 -0.1470629 -0.1470629 -9999.000 -9999.000 -9999.000 -9999.000 -9999.000 -9999.000 -9999.000 -9999.000 -9999.000 -9999.000 -9999.000 -9999.000 -9999.000 -9999.000 -9999.000 -9999.000 -9999.000 -9999.000 -9999.000 -9999.000 -9999.000 -9999.000 -9999.000 -9999.000 -9999.000 -9999.000 -9999.000 -9999.000
-9999.000 -9999.000 -9999.000 -9999.000 -9999.000 -9999.000 -9999.000 -9999.000 -9999.000 -9999.000 -9999.000 -9999.000 -9999.000 -9999.000 -9999.000 -0.9117372E-01 -0.8511482E-01 -0.8528969E-01 -0.8714480E-01 -0.9027359E-01 -0.9424891E-01 -0.9866044E-01 -0.1033506 -0.1080352 -0.1125206 -0.1168130 -0.1214197 -0.1279075 -0.1413388 -0.1577271 -0.1577271 -9999.000 -9999.000 -9999.000 -9999.000 -9999.000 -9999.000 -9999.000 -9999.000 -9999.000 -9999.000 -9999.000 -9999.000 -9999.000 -9999.000 -9999.000 -9999.000 -9999.000 -9999.000 -9999.000 -9999.000 -9999.000 -9999.000 -9999.000 -9999.000 -9999.000 -9999.000 -9999.000 -9999.000
-9999.000 -9999.000 -9999.000 -9999.000 -9999.000 -9999.000 -9999.000 -9999.000 -9999.000 -9999.000 -9999.000 -9999.000 -9999.000 -9999.000 -9999.000 -0.8527061E-01 -0.7853267E-01 -0.7881709E-01 -0.8112772E-01 -0.8499450E-01 -0.8990674E-01 -0.9535819E-01 -0.1011635 -0.1069716 -0.1125431 -0.1178809 -0.1235958 -0.1315842 -0.1480202 -0.1696800 -0.1696800 -9999.000 -9999.000 -9999.000 -9999.000 -9999.000 -9999.000 -9999.000 -9999.000 -9999.000 -9999.000 -9999.000 -9999.000 -9999.000 -9999.000 -9999.000 -9999.000 -9999.000 -9999.000 -9999.000 -9999.000 -9999.000 -9999.000 -9999.000 -9999.000 -9999.000 -9999.000 -9999.000 -9999.000
-9999.000 -9999.000 -9999.000 -9999.000 -9999.000 -9999.000 -9999.000 -9999.000 -9999.000 -9999.000 -9999.000 -9999.000 -9999.000 -9999.000 -9999.000 -0.7896850E-01 -0.7166259E-01 -0.7207306E-01 -0.7485965E-01 -0.7949480E-01 -0.8538395E-01 -0.9191543E-01 -0.9888085E-01 -0.1058565 -0.1125556 -0.1189791 -0.1258519 -0.1354290 -0.1551113 -0.1831244 -0.1831244 -9999.000 -9999.000 -9999.000 -9999.000 -9999.000 -9999.000 -9999.000 -9999.000 -9999.000 -9999.000 -9999.000 -9999.000 -9999.000 -9999.000 -9999.000 -9999.000 -9999.000 -9999.000 -9999.000 -9999.000 -9999.000 -9999.000 -9999.000 -9999.000 -9999.000 -9999.000 -9999.000 -9999.000
-9999.000 -9999.000 -9999.000 -9999.000 -9999.000 -9999.000 -9999.000 -9999.000 -9999.000 -9999.000 -9999.000 -9999.000 -9999.000 -9999.000 -9999.000 -0.7223791E-01 -0.6448770E-01 -0.6504178E-01 -0.6832362E-01 -0.7375641E-01 -0.8066095E-01 -0.8830997E-01 -0.9647757E-01 -0.1046615 -0.1125254 -0.1200706 -0.1281491 -0.1394098 -0.1626190 -0.1983516 -0.1983516 -9999.000 -9999.000 -9999.000 -9999.000 -9999.000 -9999.000 -9999.000 -9999.000 -9999.000 -9999.000 -9999.000 -9999.000 -9999.000 -9999.000 -9999.000 -9999.000 -9999.000 -9999.000 -9999.000 -9999.000 -9999.000 -9999.000 -9999.000 -9999.000 -9999.000 -9999.000 -9999.000 -9999.000
-9999.000 -9999.000 -9999.000 -9999.000 -9999.000 -9999.000 -9999.000 -9999.000 -9999.000 -9999.000 -9999.000 -9999.000 -9999.000 -9999.000 -9999.000 -0.6503560E-01 -0.5697905E-01 -0.5769583E-01 -0.6149228E-01 -0.6775139E-01 -0.7570898E-01 -0.8451042E-01 -0.9392023E-01 -0.1033498 -0.1124120 -0.1211106 -0.1304410 -0.1434888 -0.1705538 -0.2157625 -0.2157625 -9999.000 -9999.000 -9999.000 -9999.000 -9999.000 -9999.000 -9999.000 -9999.000 -9999.000 -9999.000 -9999.000 -9999.000 -9999.000 -9999.000 -9999.000 -9999.000 -9999.000 -9999.000 -9999.000 -9999.000 -9999.000 -9999.000 -9999.000 -9999.000 -9999.000 -9999.000 -9999.000 -9999.000
-9999.000 -9999.000 -9999.000 -9999.000 -9999.000 -9999.000 -9999.000 -9999.000 -9999.000 -9999.000 -9999.000 -9999.000 -9999.000 -9999.000 -9999.000 -0.5730622E-01 -0.4909609E-01 -0.4999675E-01 -0.5432726E-01 -0.6144141E-01 -0.7048928E-01 -0.8047547E-01 -0.9116489E-01 -0.1018735 -0.1121617 -0.1220397 -0.1326659 -0.1476141 -0.1789223 -0.2359117 -0.2359117 -9999.000 -9999.000 -9999.000 -9999.000 -9999.000 -9999.000 -9999.000 -9999.000 -9999.000 -9999.000 -9999.000 -9999.000 -9999.000 -9999.000 -9999.000 -9999.000 -9999.000 -9999.000 -9999.000 -9999.000 -9999.000 -9999.000 -9999.000 -9999.000 -9999.000 -9999.000 -9999.000 -9999.000
-9999.000 -9999.000 -9999.000 -9999.000 -9999.000 -9999.000 -9999.000 -9999.000 -9999.000 -9999.000 -9999.000 -9999.000 -9999.000 -9999.000 -9999.000 -0.4898107E-01 -0.4078582E-01 -0.4189269E-01 -0.4677723E-01 -0.5477520E-01 -0.6495025E-01 -0.7615019E-01 -0.8815316E-01 -0.1001682 -0.1117023 -0.1227772 -0.1347381 -0.1517102 -0.1877201 -0.2595787 -0.2595787 -9999.000 -9999.000 -9999.000 -9999.000 -9999.000 -9999.000 -9999.000 -9999.000 -9999.000 -9999.000 -9999.000 -9999.000 -9999.000 -9999.000 -9999.000 -9999.000 -9999.000 -9999.000 -9999.000 -9999.000 -9999.000 -9999.000 -9999.000 -9999.000 -9999.000 -9999.000 -9999.000 -9999.000
-9999.000 -9999.000 -9999.000 -9999.000 -9999.000 -9999.000 -9999.000 -9999.000 -9999.000 -9999.000 -9999.000 -9999.000 -9999.000 -9999.000 -9999.000 -0.3997070E-01 -0.3197582E-01 -0.3331285E-01 -0.3877173E-01 -0.4768253E-01 -0.5902063E-01 -0.7145919E-01 -0.8480524E-01 -0.9814571E-01 -0.1109338 -0.1232093 -0.1365339 -0.1556615 -0.1969176 -0.2878934 -0.2878934 -9999.000 -9999.000 -9999.000 -9999.000 -9999.000 -9999.000 -9999.000 -9999.000 -9999.000 -9999.000 -9999.000 -9999.000 -9999.000 -9999.000 -9999.000 -9999.000 -9999.000 -9999.000 -9999.000 -9999.000 -9999.000 -9999.000 -9999.000 -9999.000 -9999.000 -9999.000 -9999.000 -9999.000
-9999.000 -9999.000 -9999.000 -9999.000 -9999.000 -9999.000 -9999.000 -9999.000 -9999.000 -9999.000 -9999.000 -9999.000 -9999.000 -9999.000 -9999.000 -0.3011460E-01 -0.2253999E-01 -0.2414145E-01 -0.3020477E-01 -0.4006484E-01 -0.5260513E-01 -0.6630322E-01 -0.8101531E-01 -0.9568734E-01 -0.1097187 -0.1231754 -0.1378723 -0.1592894 -0.2064391 -0.3225717 -0.3225717 -9999.000 -9999.000 -9999.000 -9999.000 -9999.000 -9999.000 -9999.000 -9999.000 -9999.000 -9999.000 -9999.000 -9999.000 -9999.000 -9999.000 -9999.000 -9999.000 -9999.000 -9999.000 -9999.000 -9999.000 -9999.000 -9999.000 -9999.000 -9999.000 -9999.000 -9999.000 -9999.000 -9999.000
-9999.000 -9999.000 -9999.000 -9999.000 -9999.000 -9999.000 -9999.000 -9999.000 -9999.000 -9999.000 -9999.000 -9999.000 -9999.000 -9999.000 -9999.000 -0.1232869E-01 -0.9712426E-02 -0.1327502E-01 -0.2116024E-01 -0.3279406E-01 -0.4702857E-01 -0.6220126E-01 -0.7831258E-01 -0.9420468E-01 -0.1092827 -0.1236890 -0.1395488 -0.1631513 -0.2165153 -0.3642475 -0.3642475 -9999.000 -9999.000 -9999.000 -9999.000 -9999.000 -9999.000 -9999.000 -9999.000 -9999.000 -9999.000 -9999.000 -9999.000 -9999.000 -9999.000 -9999.000 -9999.000 -9999.000 -9999.000 -9999.000 -9999.000 -9999.000 -9999.000 -9999.000 -9999.000 -9999.000 -9999.000 -9999.000 -9999.000
-0.2801509E-02 -0.2801509E-02 -0.5826059E-02 -0.5964840E-02 -0.5960452E-02 -0.5960452E-02 -0.5950489E-02 -0.5928393E-02 -0.5928393E-02 -0.5901332E-02 -0.5901332E-02 -0.5868274E-02 -0.5849915E-02 -0.5830591E-02 -0.5810628E-02 -0.5810628E-02 -0.4680902E-02 -0.1004969E-01 -0.2088823E-01 -0.3708355E-01 -0.5769164E-01 -0.8122899E-01 -0.1064963 -0.1321482 -0.1570087 -0.1803076 -0.2022788 -0.2249513 -0.2602858 -0.3530498 -0.3530498 -0.1863251 -0.9485064E-01 -0.2874543E-01 -0.2057197E-01 -0.2057197E-01 -0.1385001E-01 -0.1385001E-01 -0.1307379E-02 -0.1307379E-02 0.8511776E-02 0.2172522E-01 0.2172522E-01 -0.1559248E-01 -0.1559248E-01 -0.6082328E-03 -0.6082328E-03 -0.6082328E-03 0.3589347E-02 0.3589347E-02 0.3778412E-02 0.3778412E-02 0.2390124E-02 0.2390124E-02 0.6979465E-03 0.6979465E-03 -0.7101497E-03 -0.7101497E-03 -0.7101497E-03
-0.4298285E-02 -0.4298285E-02 -0.8646904E-02 -0.8476315E-02 -0.8400018E-02 -0.8400018E-02 -0.8360732E-02 -0.8334356E-02 -0.8334356E-02 -0.8318943E-02 -0.8318943E-02 -0.8293904E-02 -0.8277989E-02 -0.8260622E-02 -0.8242078E-02 -0.8242078E-02 -0.8676872E-02 -0.1628733E-01 -0.3127453E-01 -0.5374100E-01 -0.8287703E-01 -0.1174159 -0.1555899 -0.1957313 -0.2361563 -0.2752226 -0.3113295 -0.3425443 -0.3689446 -0.3927637 -0.3927637 -0.2583526 -0.1657107 -0.8034033E-01 -0.6370901E-01 -0.6370901E-01 -0.3926836E-01 -0.3926836E-01 0.3611936E-02 0.3611936E-02 0.3318724E-01 0.7691143E-01 0.7691143E-01 0.1946715E-01 0.1946715E-01 0.8238760E-02 0.8238760E-02 0.8238760E-02 0.8389466E-02 0.8389466E-02 0.5951025E-02 0.5951025E-02 0.2193315E-02 0.2193315E-02 -0.1448615E-02 -0.1448615E-02 -0.4214563E-02 -0.4214563E-02 -0.4214563E-02
-0.3535378E-02 -0.3535378E-02 -0.7075949E-02 -0.7199163E-02 -0.7099010E-02 -0.7099010E-02 -0.7045985E-02 -0.7030253E-02 -0.7030253E-02 -0.7043579E-02 -0.7043579E-02 -0.7046147E-02 -0.7043107E-02 -0.7038370E-02 -0.7032571E-02 -0.7032571E-02 -0.1016118E-01 -0.1956346E-01 -0.3646080E-01 -0.6102547E-01 -0.9272429E-01 -0.1306701 -0.1735794 -0.2201037 -0.2687957 -0.3181001 -0.3662967 -0.4116229 -0.4504961 -0.4765800 -0.4765800 -0.3867744 -0.3047139 -0.1939515 -0.1574731 -0.1574731 -0.8735003E-01 -0.8735003E-01 0.1298457E-01 0.1298457E-01 0.7127456E-01 0.1569548 0.1569548 0.1143396 0.1143396 0.3595172E-01 0.3595172E-01 0.3595172E-01 0.1684012E-01 0.1684012E-01 0.5532066E-02 0.5532066E-02 -0.2804495E-02 -0.2804495E-02 -0.8950903E-02 -0.8950903E-02 -0.1281930E-01 -0.1281930E-01 -0.1281930E-01
-0.2787285E-02 -0.2787285E-02 -0.5557640E-02 -0.5824493E-02 -0.5711858E-02 -0.5711858E-02 -0.5645303E-02 -0.5619714E-02 -0.5619714E-02 -0.5634611E-02 -0.5634611E-02 -0.5639764E-02 -0.5637887E-02 -0.5634421E-02 -0.5630135E-02 -0.5630135E-02 -0.1198801E-01 -0.2385105E-01 -0.4311210E-01 -0.6972740E-01 -0.1032034 -0.1428421 -0.1877088 -0.2367913 -0.2889997 -0.3431299 -0.3977653 -0.4513083 -0.5001933 -0.5371528 -0.5371528 -0.4884592 -0.4268993 -0.3139501 -0.2611217 -0.2611217 -0.1345420 -0.1345420 0.3089263E-01 0.3089263E-01 0.1115568 0.2196344 0.2196344 0.2006324 0.2006324 0.7508253E-01 0.7508253E-01 0.7508253E-01 0.2978617E-01 0.2978617E-01 0.4729378E-02 0.4729378E-02 -0.1037734E-01 -0.1037734E-01 -0.1967483E-01 -0.1967483E-01 -0.2440323E-01 -0.2440323E-01 -0.2440323E-01
-0.2063568E-02 -0.2063568E-02 -0.4107500E-02 -0.4409557E-02 -0.4305702E-02 -0.4305702E-02 -0.4239413E-02 -0.4210848E-02 -0.4210848E-02 -0.4224394E-02 -0.4224394E-02 -0.4229862E-02 -0.4228704E-02 -0.4226198E-02 -0.4222976E-02 -0.4222976E-02 -0.1460319E-01 -0.2980821E-01 -0.5234690E-01 -0.8179823E-01 -0.1175684 -0.1590232 -0.2054327 -0.2560202 -0.3099595 -0.3663417 -0.4240840 -0.4818973 -0.5368420 -0.5823054 -0.5823054 -0.5664792 -0.5267572 -0.4194504 -0.3490985 -0.3490985 -0.1571736 -0.1571736 0.5859640E-01 0.5859640E-01 0.1463989 0.2539315 0.2539315 0.2539323 0.2539323 0.1161190 0.1161190 0.1161190 0.4725419E-01 0.4725419E-01 0.6391072E-02 0.6391072E-02 -0.1732282E-01 -0.1732282E-01 -0.3059406E-01 -0.3059406E-01 -0.3627976E-01 -0.3627976E-01 -0.3627976E-01
-0.1362060E-02 -0.1362060E-02 -0.2709457E-02 -0.2960389E-02 -0.2881855E-02 -0.2881855E-02 -0.2829297E-02 -0.2805149E-02 -0.2805149E-02 -0.2815387E-02 -0.2815387E-02 -0.2819950E-02 -0.2819322E-02 -0.2817639E-02 -0.2815451E-02 -0.2815451E-02 -0.1841366E-01 -0.3796583E-01 -0.6481749E-01 -0.9806026E-01 -0.1369049 -0.1807061 -0.2288671 -0.2808044 -0.3359125 -0.3935239 -0.4528289 -0.5128195 -0.5712187 -0.6224964 -0.6224964 -0.6300926 -0.6086095 -0.4978781 -0.4002926 -0.4002926 -0.1427312 -0.1427312 0.8667790E-01 0.8667790E-01 0.1663530 0.2600267 0.2600267 0.2730217 0.2730217 0.1509711 0.1509711 0.1509711 0.6745116E-01 0.6745116E-01 0.1164505E-01 0.1164505E-01 -0.2181480E-01 -0.2181480E-01 -0.3995179E-01 -0.3995179E-01 -0.4693230E-01 -0.4693230E-01 -0.4693230E-01
-0.6767721E-03 -0.6767721E-03 -0.1345999E-02 -0.1486514E-02 -0.1444330E-02 -0.1444330E-02 -0.1415461E-02 -0.1402014E-02 -0.1402014E-02 -0.1407558E-02 -0.1407558E-02 -0.1409988E-02 -0.1409811E-02 -0.1408910E-02 -0.1407876E-02 -0.1407876E-02 -0.2400397E-01 -0.4910712E-01 -0.8144603E-01 -0.1195464 -0.1623561 -0.2091641 -0.2594598 -0.3128320 -0.3688940 -0.4272181 -0.4872552 -0.5482603 -0.6085137 -0.6634664 -0.6634664 -0.6864433 -0.6761529 -0.5336601 -0.3961272 -0.3961272 -0.1006917 -0.1006917 0.1023390 0.1023390 0.1667224 0.2445727 0.2445727 0.2662738 0.2662738 0.1738407 0.1738407 0.1738407 0.8704776E-01 0.8704776E-01 0.2011650E-01 0.2011650E-01 -0.2295460E-01 -0.2295460E-01 -0.4657144E-01 -0.4657144E-01 -0.5525502E-01 -0.5525502E-01 -0.5525502E-01
-0.1124160E-07 -0.1124160E-07 0.8556022E-07 0.1238114E-06 0.2441862E-06 0.2441862E-06 0.2811609E-06 0.7156378E-08 0.7156378E-08 -0.1530640E-06 -0.1530640E-06 -0.5692414E-07 -0.1233331E-06 -0.2440013E-06 -0.1589247E-06 -0.1589247E-06 -0.3224020E-01 -0.6440315E-01 -0.1035915 -0.1477193 -0.1954411 -0.2459584 -0.2988223 -0.3537822 -0.4106723 -0.4693195 -0.5294512 -0.5906020 -0.6515013 -0.7081599 -0.7081599 -0.7388402 -0.7269151 -0.5064389 -0.3334851 -0.3334851 -0.5630110E-01 -0.5630110E-01 0.1003399 0.1003399 0.1503848 0.2160164 0.2160164 0.2432304 0.2432304 0.1822045 0.1822045 0.1822045 0.1021802 0.1021802 0.3014877E-01 0.3014877E-01 -0.2069576E-01 -0.2069576E-01 -0.4969525E-01 -0.4969525E-01 -0.6034179E-01 -0.6034179E-01 -0.6034179E-01
0.6767313E-03 0.6767313E-03 0.1346033E-02 0.1486733E-02 0.1444587E-02 0.1444587E-02 0.1415734E-02 0.1401890E-02 0.1401890E-02 0.1407269E-02 0.1407269E-02 0.1409890E-02 0.1409565E-02 0.1408621E-02 0.1407645E-02 0.1407645E-02 -0.4445338E-01 -0.8562484E-01 -0.1332667 -0.1846808 -0.2382571 -0.2931387 -0.3489545 -0.4056216 -0.4632004 -0.5217831 -0.5813897 -0.6418520 -0.7021921 -0.7579358 -0.7579358 -0.7853276 -0.7451187 -0.4113775 -0.2405913 -0.2405913 -0.2910262E-01 -0.2910262E-01 0.8481897E-01 0.8481897E-01 0.1245473 0.1814553 0.1814553 0.2112434 0.2112434 0.1766436 0.1766436 0.1766436 0.1097259 0.1097259 0.3932391E-01 0.3932391E-01 -0.1576371E-01 -0.1576371E-01 -0.4898693E-01 -0.4898693E-01 -0.6147544E-01 -0.6147544E-01 -0.6147544E-01
0.1361980E-02 0.1361980E-02 0.2709258E-02 0.2960507E-02 0.2881881E-02 0.2881881E-02 0.2829377E-02 0.2805059E-02 0.2805059E-02 0.2815325E-02 0.2815325E-02 0.2819924E-02 0.2819104E-02 0.2817404E-02 0.2815249E-02 0.2815249E-02 -0.6278197E-01 -0.1155197 -0.1734969 -0.2334940 -0.2937604 -0.3534881 -0.4124561 -0.4707907 -0.5287978 -0.5868424 -0.6452432 -0.7041138 -0.7623426 -0.8118370 -0.8118370 -0.8117948 -0.6934595 -0.2854818 -0.1600071 -0.1600071 -0.2073875E-01 -0.2073875E-01 0.6337824E-01 0.6337824E-01 0.9594624E-01 0.1454793 0.1454793 0.1750813 0.1750813 0.1597088 0.1597088 0.1597088 0.1082142 0.1082142 0.4525834E-01 0.4525834E-01 -0.9418084E-02 -0.9418084E-02 -0.4454520E-01 -0.4454520E-01 -0.5820323E-01 -0.5820323E-01 -0.5820323E-01
0.2063522E-02 0.2063522E-02 0.4107452E-02 0.4409689E-02 0.4305847E-02 0.4305847E-02 0.4239495E-02 0.4210797E-02 0.4210797E-02 0.4224456E-02 0.4224456E-02 0.4229750E-02 0.4228601E-02 0.4226006E-02 0.4222824E-02 0.4222824E-02 -0.9084617E-01 -0.1585052 -0.2289443 -0.2987154 -0.3662124 -0.4308951 -0.4928394 -0.5524654 -0.6103666 -0.6671923 -0.7235557 -0.7797432 -0.8329809 -0.8607810 -0.8607810 -0.7742910 -0.5367280 -0.1843016 -0.1110975 -0.1110975 -0.2183251E-01 -0.2183251E-01 0.4199862E-01 0.4199862E-01 0.6873675E-01 0.1104943 0.1104943 0.1375559 0.1375559 0.1345736 0.1345736 0.1345736 0.9790161E-01 0.9790161E-01 0.4630911E-01 0.4630911E-01 -0.3085804E-02 -0.3085804E-02 -0.3687813E-01 -0.3687813E-01 -0.5045253E-01 -0.5045253E-01 -0.5045253E-01
0.2787209E-02 0.2787209E-02 0.5557673E-02 0.5824605E-02 0.5712018E-02 0.5712018E-02 0.5645254E-02 0.5619718E-02 0.5619718E-02 0.5634757E-02 0.5634757E-02 0.5639642E-02 0.5637935E-02 0.5634326E-02 0.5630042E-02 0.5630042E-02 -0.1351688 -0.2220216 -0.3070643 -0.3873456 -0.4619548 -0.5309916 -0.5950598 -0.6550048 -0.7117695 -0.7663057 -0.8195088 -0.8713687 -0.9109952 -0.8650353 -0.8650353 -0.6039760 -0.3212513 -0.1255042 -0.8576729E-01 -0.8576729E-01 -0.2395410E-01 -0.2395410E-01 0.2372755E-01 0.2372755E-01 0.4488276E-01 0.7772999E-01 0.7772999E-01 0.1004583 0.1004583 0.1043298 0.1043298 0.1043298 0.8038456E-01 0.8038456E-01 0.4202427E-01 0.4202427E-01 0.2079143E-02 0.2079143E-02 -0.2678072E-01 -0.2678072E-01 -0.3861252E-01 -0.3861252E-01 -0.3861252E-01
