simulation_files/asc/Velocity__x_97.0.asc
NCOLS        79
NROWS        79
XLLCENTER         -1.500000
YLLCENTER         -4.800000
CELLSIZE           0.100
NODATA_VALUE     -9999.0
[rows 0 to 25 of 79, columns 0 to 57 of 79]
-9999.000 -9999.000 -9999.000 -9999.000 -9999.000 -9999.000 -9999.000 -9999.000 -9999.000 -9999.000 -9999.000 -9999.000 -9999.000 -9999.000 -9999.000 0.2158951E-03 0.1298986E-02 0.3186637E-02 0.4918816E-02 0.6449026E-02 0.7795941E-02 0.8983674E-02 0.1002148E-01 0.1088508E-01 0.1149261E-01 0.1167191E-01 0.1111341E-01 0.9297706E-02 0.5466596E-02 0.1922170E-02 0.1922170E-02 -9999.000 -9999.000 -9999.000 -9999.000 -9999.000 -9999.000 -9999.000 -9999.000 -9999.000 -9999.000 -9999.000 -9999.000 -9999.000 -9999.000 -9999.000 -9999.000 -9999.000 -9999.000 -9999.000 -9999.000 -9999.000 -9999.000 -9999.000 -9999.000 -9999.000 -9999.000 -9999.000
-9999.000 -9999.000 -9999.000 -9999.000 -9999.000 -9999.000 -9999.000 -9999.000 -9999.000 -9999.000 -9999.000 -9999.000 -9999.000 -9999.000 -9999.000 0.1030011E-02 0.3098604E-02 0.6123194E-02 0.8980555E-02 0.1156548E-01 0.1384639E-01 0.1580235E-01 0.1739683E-01 0.1855392E-01 0.1913309E-01 0.1890109E-01 0.1749980E-01 0.1440785E-01 0.8968062E-02 0.3677911E-02 0.3677911E-02 -9999.000 -9999.000 -9999.000 -9999.000 -9999.000 -9999.000 -9999.000 -9999.000 -9999.000 -9999.000 -9999.000 -9999.000 -9999.000 -9999.000 -9999.000 -9999.000 -9999.000 -9999.000 -9999.000 -9999.000 -9999.000 -9999.000 -9999.000 -9999.000 -9999.000 -9999.000 -9999.000
-9999.000 -9999.000 -9999.000 -9999.000 -9999.000 -9999.000 -9999.000 -9999.000 -9999.000 -9999.000 -9999.000 -9999.000 -9999.000 -9999.000 -9999.000 0.1711080E-02 0.4616906E-02 0.8619429E-02 0.1239487E-01 0.1580753E-01 0.1879855E-01 0.2131999E-01 0.2330775E-01 0.2465734E-01 0.2519760E-01 0.2466284E-01 0.2266107E-01 0.1863308E-01 0.1187611E-01 0.5111626E-02 0.5111626E-02 -9999.000 -9999.000 -9999.000 -9999.000 -9999.000 -9999.000 -9999.000 -9999.000 -9999.000 -9999.000 -9999.000 -9999.000 -9999.000 -9999.000 -9999.000 -9999.000 -9999.000 -9999.000 -9999.000 -9999.000 -9999.000 -9999.000 -9999.000 -9999.000 -9999.000 -9999.000 -9999.000
-9999.000 -9999.000 -9999.000 -9999.000 -9999.000 -9999.000 -9999.000 -9999.000 -9999.000 -9999.000 -9999.000 -9999.000 -9999.000 -9999.000 -9999.000 0.2308760E-02 0.5940928E-02 0.1078230E-01 0.1533851E-01 0.1945007E-01 0.2303908E-01 0.2604007E-01 0.2837148E-01 0.2990910E-01 0.3045846E-01 0.2972420E-01 0.2727335E-01 0.2248918E-01 0.1458578E-01 0.6460227E-02 0.6460227E-02 -9999.000 -9999.000 -9999.000 -9999.000 -9999.000 -9999.000 -9999.000 -9999.000 -9999.000 -9999.000 -9999.000 -9999.000 -9999.000 -9999.000 -9999.000 -9999.000 -9999.000 -9999.000 -9999.000 -9999.000 -9999.000 -9999.000 -9999.000 -9999.000 -9999.000 -9999.000 -9999.000
-9999.000 -9999.000 -9999.000 -9999.000 -9999.000 -9999.000 -9999.000 -9999.000 -9999.000 -9999.000 -9999.000 -9999.000 -9999.000 -9999.000 -9999.000 0.2862002E-02 0.7153476E-02 0.1274417E-01 0.1799829E-01 0.2273912E-01 0.2687493E-01 0.3032807E-01 0.3300365E-01 0.3476115E-01 0.3538303E-01 0.3453974E-01 0.3174777E-01 0.2631337E-01 0.1733394E-01 0.7845514E-02 0.7845514E-02 -9999.000 -9999.000 -9999.000 -9999.000 -9999.000 -9999.000 -9999.000 -9999.000 -9999.000 -9999.000 -9999.000 -9999.000 -9999.000 -9999.000 -9999.000 -9999.000 -9999.000 -9999.000 -9999.000 -9999.000 -9999.000 -9999.000 -9999.000 -9999.000 -9999.000 -9999.000 -9999.000
-9999.000 -9999.000 -9999.000 -9999.000 -9999.000 -9999.000 -9999.000 -9999.000 -9999.000 -9999.000 -9999.000 -9999.000 -9999.000 -9999.000 -9999.000 0.3406341E-02 0.8329571E-02 0.1462330E-01 0.2053497E-01 0.2587683E-01 0.3054707E-01 0.3445905E-01 0.3750703E-01 0.3953438E-01 0.4029820E-01 0.3942855E-01 0.3637878E-01 0.3035648E-01 0.2030329E-01 0.9361794E-02 0.9361794E-02 -9999.000 -9999.000 -9999.000 -9999.000 -9999.000 -9999.000 -9999.000 -9999.000 -9999.000 -9999.000 -9999.000 -9999.000 -9999.000 -9999.000 -9999.000 -9999.000 -9999.000 -9999.000 -9999.000 -9999.000 -9999.000 -9999.000 -9999.000 -9999.000 -9999.000 -9999.000 -9999.000
-9999.000 -9999.000 -9999.000 -9999.000 -9999.000 -9999.000 -9999.000 -9999.000 -9999.000 -9999.000 -9999.000 -9999.000 -9999.000 -9999.000 -9999.000 0.3972660E-02 0.9534506E-02 0.1652076E-01 0.2308359E-01 0.2902990E-01 0.3425155E-01 0.3865461E-01 0.4212393E-01 0.4448632E-01 0.4546991E-01 0.4465639E-01 0.4142123E-01 0.3484740E-01 0.2367227E-01 0.1110503E-01 0.1110503E-01 -9999.000 -9999.000 -9999.000 -9999.000 -9999.000 -9999.000 -9999.000 -9999.000 -9999.000 -9999.000 -9999.000 -9999.000 -9999.000 -9999.000 -9999.000 -9999.000 -9999.000 -9999.000 -9999.000 -9999.000 -9999.000 -9999.000 -9999.000 -9999.000 -9999.000 -9999.000 -9999.000
-9999.000 -9999.000 -9999.000 -9999.000 -9999.000 -9999.000 -9999.000 -9999.000 -9999.000 -9999.000 -9999.000 -9999.000 -9999.000 -9999.000 -9999.000 0.4588939E-02 0.1082532E-01 0.1852430E-01 0.2576065E-01 0.3234253E-01 0.3815778E-01 0.4310806E-01 0.4706922E-01 0.4985067E-01 0.5114718E-01 0.5048279E-01 0.4713705E-01 0.4003613E-01 0.2764961E-01 0.1319235E-01 0.1319235E-01 -9999.000 -9999.000 -9999.000 -9999.000 -9999.000 -9999.000 -9999.000 -9999.000 -9999.000 -9999.000 -9999.000 -9999.000 -9999.000 -9999.000 -9999.000 -9999.000 -9999.000 -9999.000 -9999.000 -9999.000 -9999.000 -9999.000 -9999.000 -9999.000 -9999.000 -9999.000 -9999.000
-9999.000 -9999.000 -9999.000 -9999.000 -9999.000 -9999.000 -9999.000 -9999.000 -9999.000 -9999.000 -9999.000 -9999.000 -9999.000 -9999.000 -9999.000 0.5280347E-02 0.1225412E-01 0.2071461E-01 0.2867433E-01 0.3594941E-01 0.4242741E-01 0.4800740E-01 0.5255779E-01 0.5586897E-01 0.5759791E-01 0.5719962E-01 0.5383592E-01 0.4623435E-01 0.3251169E-01 0.1578454E-01 0.1578454E-01 -9999.000 -9999.000 -9999.000 -9999.000 -9999.000 -9999.000 -9999.000 -9999.000 -9999.000 -9999.000 -9999.000 -9999.000 -9999.000 -9999.000 -9999.000 -9999.000 -9999.000 -9999.000 -9999.000 -9999.000 -9999.000 -9999.000 -9999.000 -9999.000 -9999.000 -9999.000 -9999.000
-9999.000 -9999.000 -9999.000 -9999.000 -9999.000 -9999.000 -9999.000 -9999.000 -9999.000 -9999.000 -9999.000 -9999.000 -9999.000 -9999.000 -9999.000 0.6072238E-02 0.1387379E-01 0.2317412E-01 0.3193652E-01 0.3999263E-01 0.4723381E-01 0.5355944E-01 0.5883233E-01 0.6282339E-01 0.6514620E-01 0.6517389E-01 0.6192350E-01 0.5386954E-01 0.3865885E-01 0.1912204E-01 0.1912204E-01 -9999.000 -9999.000 -9999.000 -9999.000 -9999.000 -9999.000 -9999.000 -9999.000 -9999.000 -9999.000 -9999.000 -9999.000 -9999.000 -9999.000 -9999.000 -9999.000 -9999.000 -9999.000 -9999.000 -9999.000 -9999.000 -9999.000 -9999.000 -9999.000 -9999.000 -9999.000 -9999.000
-9999.000 -9999.000 -9999.000 -9999.000 -9999.000 -9999.000 -9999.000 -9999.000 -9999.000 -9999.000 -9999.000 -9999.000 -9999.000 -9999.000 -9999.000 0.6992877E-02 0.1574416E-01 0.2599827E-01 0.3567881E-01 0.4464244E-01 0.5278866E-01 0.6002223E-01 0.6620301E-01 0.7108302E-01 0.7422751E-01 0.7491340E-01 0.7197926E-01 0.6357531E-01 0.4671365E-01 0.2358993E-01 0.2358993E-01 -9999.000 -9999.000 -9999.000 -9999.000 -9999.000 -9999.000 -9999.000 -9999.000 -9999.000 -9999.000 -9999.000 -9999.000 -9999.000 -9999.000 -9999.000 -9999.000 -9999.000 -9999.000 -9999.000 -9999.000 -9999.000 -9999.000 -9999.000 -9999.000 -9999.000 -9999.000 -9999.000
-9999.000 -9999.000 -9999.000 -9999.000 -9999.000 -9999.000 -9999.000 -9999.000 -9999.000 -9999.000 -9999.000 -9999.000 -9999.000 -9999.000 -9999.000 0.8077310E-02 0.1794148E-01 0.2931230E-01 0.4007767E-01 0.5012975E-01 0.5938338E-01 0.6775507E-01 0.7510804E-01 0.8117814E-01 0.8547971E-01 0.8717761E-01 0.8489317E-01 0.7635877E-01 0.5771556E-01 0.2984903E-01 0.2984903E-01 -9999.000 -9999.000 -9999.000 -9999.000 -9999.000 -9999.000 -9999.000 -9999.000 -9999.000 -9999.000 -9999.000 -9999.000 -9999.000 -9999.000 -9999.000 -9999.000 -9999.000 -9999.000 -9999.000 -9999.000 -9999.000 -9999.000 -9999.000 -9999.000 -9999.000 -9999.000 -9999.000
-9999.000 -9999.000 -9999.000 -9999.000 -9999.000 -9999.000 -9999.000 -9999.000 -9999.000 -9999.000 -9999.000 -9999.000 -9999.000 -9999.000 -9999.000 0.9377155E-02 0.2057868E-01 0.3330330E-01 0.4539943E-01 0.5680636E-01 0.6746454E-01 0.7731350E-01 0.8623062E-01 0.9394420E-01 0.9991957E-01 0.1031986 0.1021431 0.9394800E-01 0.7354482E-01 0.3912897E-01 0.3912897E-01 -9999.000 -9999.000 -9999.000 -9999.000 -9999.000 -9999.000 -9999.000 -9999.000 -9999.000 -9999.000 -9999.000 -9999.000 -9999.000 -9999.000 -9999.000 -9999.000 -9999.000 -9999.000 -9999.000 -9999.000 -9999.000 -9999.000 -9999.000 -9999.000 -9999.000 -9999.000 -9999.000
-9999.000 -9999.000 -9999.000 -9999.000 -9999.000 -9999.000 -9999.000 -9999.000 -9999.000 -9999.000 -9999.000 -9999.000 -9999.000 -9999.000 -9999.000 0.1107356E-01 0.2401269E-01 0.3851614E-01 0.5235864E-01 0.6554500E-01 0.7806236E-01 0.8989727E-01 0.1009667 0.1110168 0.1194855 0.1253014 0.1265398 0.1197265 0.9810106E-01 0.5411295E-01 0.5411295E-01 -9999.000 -9999.000 -9999.000 -9999.000 -9999.000 -9999.000 -9999.000 -9999.000 -9999.000 -9999.000 -9999.000 -9999.000 -9999.000 -9999.000 -9999.000 -9999.000 -9999.000 -9999.000 -9999.000 -9999.000 -9999.000 -9999.000 -9999.000 -9999.000 -9999.000 -9999.000 -9999.000
-9999.000 -9999.000 -9999.000 -9999.000 -9999.000 -9999.000 -9999.000 -9999.000 -9999.000 -9999.000 -9999.000 -9999.000 -9999.000 -9999.000 -9999.000 0.2606719E-01 0.4583261E-01 0.6584512E-01 0.8298784E-01 0.9806368E-01 0.1116281 0.1240794 0.1356289 0.1462272 0.1554399 0.1622224 0.1644761 0.1580519 0.1340367 0.7076730E-01 0.7076730E-01 -9999.000 -9999.000 -9999.000 -9999.000 -9999.000 -9999.000 -9999.000 -9999.000 -9999.000 -9999.000 -9999.000 -9999.000 -9999.000 -9999.000 -9999.000 -9999.000 -9999.000 -9999.000 -9999.000 -9999.000 -9999.000 -9999.000 -9999.000 -9999.000 -9999.000 -9999.000 -9999.000
1.817444 1.817444 1.880112 1.911018 1.919098 1.919098 1.925000 1.932459 1.932459 1.936093 1.936093 1.937243 1.937141 1.936671 1.781852 1.781852 1.440587 1.379815 1.309462 1.229947 1.142660 1.049790 0.9543404 0.8601717 0.7720298 0.6956030 0.6378744 0.6085662 0.6252651 0.7141480 0.7141480 1.636145 1.840150 1.876485 1.840445 1.840445 1.738324 1.738324 1.469674 1.469674 1.192282 1.017377 1.017377 1.005673 1.005673 1.046037 1.046037 1.046037 1.098037 1.098037 1.145380 1.145380 1.185590 1.185590 1.228914 1.228914 1.255285 1.255285
1.833261 1.833261 1.901709 1.947855 1.964027 1.964027 1.978112 2.001978 2.001978 2.021925 2.021925 2.039260 2.047200 2.054740 1.991366 1.991366 1.697262 1.680045 1.654980 1.619417 1.572682 1.514892 1.446983 1.370867 1.289698 1.208384 1.134583 1.080690 1.068668 1.141972 1.141972 1.702674 1.879032 1.992385 2.006491 2.006491 1.983382 1.983382 1.864147 1.864147 1.678133 1.411471 1.411471 1.409207 1.409207 1.458173 1.458173 1.458173 1.511701 1.511701 1.561334 1.561334 1.592206 1.592206 1.644779 1.644779 1.677480 1.677480
1.837019 1.837019 1.903240 1.948347 1.964504 1.964504 1.978701 2.002953 2.002953 2.023371 2.023371 2.041238 2.049469 2.057318 2.021973 2.021973 1.744777 1.745739 1.743852 1.734308 1.716137 1.688890 1.652599 1.608068 1.557140 1.503073 1.451260 1.410818 1.398739 1.454777 1.454777 1.845019 2.004970 2.143725 2.172345 2.172345 2.171123 2.171123 2.094225 2.094225 1.988260 1.746887 1.746887 1.710060 1.710060 1.747433 1.747433 1.747433 1.792817 1.792817 1.833987 1.833987 1.866761 1.866761 1.904248 1.904248 1.931231 1.931231
1.839947 1.839947 1.904497 1.948516 1.964521 1.964521 1.978675 2.002948 2.002948 2.023390 2.023390 2.041266 2.049500 2.057354 2.037627 2.037627 1.771725 1.777032 1.785141 1.786995 1.781980 1.770093 1.751477 1.726735 1.697186 1.665155 1.634459 1.611400 1.607594 1.654779 1.654779 1.947080 2.083704 2.220427 2.250173 2.250173 2.253989 2.253989 2.200523 2.200523 2.140492 1.958648 1.958648 1.889063 1.889063 1.916807 1.916807 1.916807 1.956017 1.956017 1.992267 1.992267 2.021828 2.021828 2.052299 2.052299 2.075895 2.075895
1.842151 1.842151 1.905528 1.948661 1.964528 1.964528 1.978640 2.002930 2.002930 2.023389 2.023389 2.041262 2.049493 2.057345 2.047578 2.047578 1.805118 1.805972 1.819764 1.827656 1.828870 1.823944 1.813483 1.798433 1.780235 1.760976 1.743665 1.732731 1.735497 1.777167 1.777167 2.005124 2.120850 2.243323 2.267389 2.267389 2.267204 2.267204 2.234170 2.234170 2.205091 2.094593 2.094593 2.013699 2.013699 2.022185 2.022185 2.022185 2.056114 2.056114 2.089054 2.089054 2.116514 2.116514 2.142755 2.142755 2.163635 2.163635
1.843686 1.843686 1.906293 1.948774 1.964531 1.964531 1.978611 2.002915 2.002915 2.023390 2.023390 2.041260 2.049488 2.057338 2.053927 2.053927 1.852300 1.838062 1.855413 1.867745 1.872836 1.871524 1.864713 1.853684 1.840185 1.826486 1.815524 1.810982 1.818438 1.855368 1.855368 2.025992 2.124673 2.222491 2.237319 2.237319 2.236064 2.236064 2.229093 2.229093 2.223280 2.175611 2.175611 2.109220 2.109220 2.096370 2.096370 2.096370 2.123085 2.123085 2.152198 2.152198 2.177548 2.177548 2.200360 2.200360 2.218496 2.218496
1.844591 1.844591 1.906762 1.948845 1.964533 1.964533 1.978591 2.002905 2.002905 2.023390 2.023390 2.041259 2.049485 2.057333 2.057956 2.057956 1.906257 1.878167 1.894893 1.910133 1.918247 1.919342 1.914313 1.904627 1.892321 1.879980 1.870724 1.868021 1.875432 1.902657 1.902657 2.024739 2.100915 2.164256 2.171968 2.171968 2.182963 2.182963 2.206894 2.206894 2.218895 2.217723 2.217723 2.180485 2.180485 2.155160 2.155160 2.155160 2.172823 2.172823 2.196612 2.196612 2.218787 2.218787 2.238092 2.238092 2.253292 2.253292
1.844890 1.844890 1.906921 1.948869 1.964533 1.964533 1.978584 2.002902 2.002902 2.023391 2.023391 2.041259 2.049485 2.057333 2.060504 2.060504 1.960386 1.928558 1.940308 1.956568 1.966801 1.969609 1.965525 1.955972 1.943100 1.929725 1.919214 1.914950 1.917990 1.928301 1.928301 2.001681 2.046383 2.076327 2.086355 2.086355 2.124782 2.124782 2.178421 2.178421 2.203543 2.234074 2.234074 2.227782 2.227782 2.203882 2.203882 2.203882 2.212932 2.212932 2.230099 2.230099 2.247700 2.247700 2.263059 2.263059 2.275042 2.275042
1.844591 1.844591 1.906762 1.948845 1.964533 1.964533 1.978591 2.002905 2.002905 2.023390 2.023390 2.041259 2.049486 2.057333 2.062111 2.062111 2.012069 1.987247 1.993957 2.008772 2.019560 2.023140 2.019327 2.009237 1.994917 1.979239 1.965744 1.957603 1.951511 1.932249 1.932249 1.947110 1.955035 1.973633 1.997557 1.997557 2.070277 2.070277 2.147922 2.147922 2.182478 2.234336 2.234336 2.253916 2.253916 2.242863 2.242863 2.242863 2.246284 2.246284 2.256611 2.256611 2.268554 2.268554 2.279250 2.279250 2.287604 2.287604
1.843686 1.843686 1.906293 1.948773 1.964531 1.964531 1.978611 2.002915 2.002915 2.023390 2.023390 2.041260 2.049488 2.057338 2.063123 2.063123 2.061619 2.051675 2.056741 2.068423 2.077654 2.080498 2.075977 2.064692 2.048359 2.029696 2.012246 1.998430 1.975342 1.902198 1.902198 1.846427 1.830070 1.873868 1.916931 1.916931 2.021580 2.021580 2.116955 2.116955 2.158362 2.224837 2.224837 2.263721 2.263721 2.271080 2.271080 2.271080 2.272995 2.272995 2.277568 2.277568 2.283357 2.283357 2.288735 2.288735 2.293063 2.293063
1.842151 1.842151 1.905528 1.948662 1.964528 1.964528 1.978640 2.002930 2.002930 2.023390 2.023390 2.041262 2.049493 2.057345 2.063758 2.063758 2.111902 2.120422 2.128155 2.136511 2.142123 2.142197 2.135488 2.122063 2.103134 2.081042 2.059091 2.037333 1.978989 1.807712 1.807712 1.700831 1.698259 1.785564 1.841731 1.841731 1.976391 1.976391 2.085073 2.085073 2.131721 2.208650 2.208650 2.261375 2.261375 2.287673 2.287673 2.287673 2.291660 2.291660 2.292391 2.292391 2.292301 2.292301 2.292080 2.292080 2.292193 2.292193
