simulation_files/asc/Velocity__x_96.0.asc
NCOLS        79
NROWS        79
XLLCENTER         -1.500000
YLLCENTER         -4.800000
CELLSIZE           0.100
NODATA_VALUE     -9999.0
[rows 0 to 25 of 79, columns 0 to 57 of 79]
-9999.000 -9999.000 -9999.000 -9999.000 -9999.000 -9999.000 -9999.000 -9999.000 -9999.000 -9999.000 -9999.000 -9999.000 -9999.000 -9999.000 -9999.000 0.2068690E-03 0.1276011E-02 0.3145056E-02 0.4857038E-02 0.6368607E-02 0.7700291E-02 0.8876479E-02 0.9906408E-02 0.1076474E-01 0.1136872E-01 0.1154582E-01 0.1098724E-01 0.9176821E-02 0.5365199E-02 0.1865787E-02 0.1865787E-02 -9999.000 -9999.000 -9999.000 -9999.000 -9999.000 -9999.000 -9999.000 -9999.000 -9999.000 -9999.000 -9999.000 -9999.000 -9999.000 -9999.000 -9999.000 -9999.000 -9999.000 -9999.000 -9999.000 -9999.000 -9999.000 -9999.000 -9999.000 -9999.000 -9999.000 -9999.000 -9999.000
-9999.000 -9999.000 -9999.000 -9999.000 -9999.000 -9999.000 -9999.000 -9999.000 -9999.000 -9999.000 -9999.000 -9999.000 -9999.000 -9999.000 -9999.000 0.1028443E-02 0.3092221E-02 0.6108856E-02 0.8955894E-02 0.1153097E-01 0.1380370E-01 0.1575337E-01 0.1734282E-01 0.1849478E-01 0.1906753E-01 0.1882718E-01 0.1741684E-01 0.1431903E-01 0.8886055E-02 0.3629685E-02 0.3629685E-02 -9999.000 -9999.000 -9999.000 -9999.000 -9999.000 -9999.000 -9999.000 -9999.000 -9999.000 -9999.000 -9999.000 -9999.000 -9999.000 -9999.000 -9999.000 -9999.000 -9999.000 -9999.000 -9999.000 -9999.000 -9999.000 -9999.000 -9999.000 -9999.000 -9999.000 -9999.000 -9999.000
-9999.000 -9999.000 -9999.000 -9999.000 -9999.000 -9999.000 -9999.000 -9999.000 -9999.000 -9999.000 -9999.000 -9999.000 -9999.000 -9999.000 -9999.000 0.1720903E-02 0.4634028E-02 0.8641461E-02 0.1241896E-01 0.1583317E-01 0.1882600E-01 0.2134926E-01 0.2333748E-01 0.2468406E-01 0.2521579E-01 0.2466616E-01 0.2264397E-01 0.1859427E-01 0.1182501E-01 0.5077024E-02 0.5077024E-02 -9999.000 -9999.000 -9999.000 -9999.000 -9999.000 -9999.000 -9999.000 -9999.000 -9999.000 -9999.000 -9999.000 -9999.000 -9999.000 -9999.000 -9999.000 -9999.000 -9999.000 -9999.000 -9999.000 -9999.000 -9999.000 -9999.000 -9999.000 -9999.000 -9999.000 -9999.000 -9999.000
-9999.000 -9999.000 -9999.000 -9999.000 -9999.000 -9999.000 -9999.000 -9999.000 -9999.000 -9999.000 -9999.000 -9999.000 -9999.000 -9999.000 -9999.000 0.2327114E-02 0.5974606E-02 0.1082896E-01 0.1539553E-01 0.1951700E-01 0.2311612E-01 0.2612658E-01 0.2846472E-01 0.3000339E-01 0.3054518E-01 0.2979262E-01 0.2731335E-01 0.2249455E-01 0.1456209E-01 0.6437468E-02 0.6437468E-02 -9999.000 -9999.000 -9999.000 -9999.000 -9999.000 -9999.000 -9999.000 -9999.000 -9999.000 -9999.000 -9999.000 -9999.000 -9999.000 -9999.000 -9999.000 -9999.000 -9999.000 -9999.000 -9999.000 -9999.000 -9999.000 -9999.000 -9999.000 -9999.000 -9999.000 -9999.000 -9999.000
-9999.000 -9999.000 -9999.000 -9999.000 -9999.000 -9999.000 -9999.000 -9999.000 -9999.000 -9999.000 -9999.000 -9999.000 -9999.000 -9999.000 -9999.000 0.2886131E-02 0.7197189E-02 0.1280445E-01 0.1807351E-01 0.2283011E-01 0.2698312E-01 0.3045336E-01 0.3314321E-01 0.3490819E-01 0.3552634E-01 0.3466486E-01 0.3183940E-01 0.2635976E-01 0.1733589E-01 0.7833520E-02 0.7833520E-02 -9999.000 -9999.000 -9999.000 -9999.000 -9999.000 -9999.000 -9999.000 -9999.000 -9999.000 -9999.000 -9999.000 -9999.000 -9999.000 -9999.000 -9999.000 -9999.000 -9999.000 -9999.000 -9999.000 -9999.000 -9999.000 -9999.000 -9999.000 -9999.000 -9999.000 -9999.000 -9999.000
-9999.000 -9999.000 -9999.000 -9999.000 -9999.000 -9999.000 -9999.000 -9999.000 -9999.000 -9999.000 -9999.000 -9999.000 -9999.000 -9999.000 -9999.000 0.3434679E-02 0.8379616E-02 0.1469071E-01 0.2061991E-01 0.2598218E-01 0.3067634E-01 0.3461367E-01 0.3768495E-01 0.3972841E-01 0.4049515E-01 0.3961003E-01 0.3652374E-01 0.3044666E-01 0.2033318E-01 0.9361649E-02 0.9361649E-02 -9999.000 -9999.000 -9999.000 -9999.000 -9999.000 -9999.000 -9999.000 -9999.000 -9999.000 -9999.000 -9999.000 -9999.000 -9999.000 -9999.000 -9999.000 -9999.000 -9999.000 -9999.000 -9999.000 -9999.000 -9999.000 -9999.000 -9999.000 -9999.000 -9999.000 -9999.000 -9999.000
-9999.000 -9999.000 -9999.000 -9999.000 -9999.000 -9999.000 -9999.000 -9999.000 -9999.000 -9999.000 -9999.000 -9999.000 -9999.000 -9999.000 -9999.000 0.4004670E-02 0.9588830E-02 0.1659168E-01 0.2317337E-01 0.2914419E-01 0.3439603E-01 0.3883333E-01 0.4233650E-01 0.4472575E-01 0.4572134E-01 0.4489764E-01 0.4162504E-01 0.3498740E-01 0.2373443E-01 0.1111889E-01 0.1111889E-01 -9999.000 -9999.000 -9999.000 -9999.000 -9999.000 -9999.000 -9999.000 -9999.000 -9999.000 -9999.000 -9999.000 -9999.000 -9999.000 -9999.000 -9999.000 -9999.000 -9999.000 -9999.000 -9999.000 -9999.000 -9999.000 -9999.000 -9999.000 -9999.000 -9999.000 -9999.000 -9999.000
-9999.000 -9999.000 -9999.000 -9999.000 -9999.000 -9999.000 -9999.000 -9999.000 -9999.000 -9999.000 -9999.000 -9999.000 -9999.000 -9999.000 -9999.000 0.4623591E-02 0.1088193E-01 0.1859579E-01 0.2585155E-01 0.3246098E-01 0.3831287E-01 0.4330654E-01 0.4731306E-01 0.5013375E-01 0.5145370E-01 0.5078681E-01 0.4740481E-01 0.4023167E-01 0.2774847E-01 0.1322240E-01 0.1322240E-01 -9999.000 -9999.000 -9999.000 -9999.000 -9999.000 -9999.000 -9999.000 -9999.000 -9999.000 -9999.000 -9999.000 -9999.000 -9999.000 -9999.000 -9999.000 -9999.000 -9999.000 -9999.000 -9999.000 -9999.000 -9999.000 -9999.000 -9999.000 -9999.000 -9999.000 -9999.000 -9999.000
-9999.000 -9999.000 -9999.000 -9999.000 -9999.000 -9999.000 -9999.000 -9999.000 -9999.000 -9999.000 -9999.000 -9999.000 -9999.000 -9999.000 -9999.000 0.5316477E-02 0.1231086E-01 0.2078371E-01 0.2876240E-01 0.3606771E-01 0.4258803E-01 0.4822032E-01 0.5282765E-01 0.5619145E-01 0.5795688E-01 0.5756607E-01 0.5416939E-01 0.4648917E-01 0.3265082E-01 0.1583303E-01 0.1583303E-01 -9999.000 -9999.000 -9999.000 -9999.000 -9999.000 -9999.000 -9999.000 -9999.000 -9999.000 -9999.000 -9999.000 -9999.000 -9999.000 -9999.000 -9999.000 -9999.000 -9999.000 -9999.000 -9999.000 -9999.000 -9999.000 -9999.000 -9999.000 -9999.000 -9999.000 -9999.000 -9999.000
-9999.000 -9999.000 -9999.000 -9999.000 -9999.000 -9999.000 -9999.000 -9999.000 -9999.000 -9999.000 -9999.000 -9999.000 -9999.000 -9999.000 -9999.000 0.6107389E-02 0.1392702E-01 0.2323693E-01 0.3201758E-01 0.4010606E-01 0.4739443E-01 0.5378070E-01 0.5912192E-01 0.6317936E-01 0.6555291E-01 0.6560008E-01 0.6232255E-01 0.5418551E-01 0.3884073E-01 0.1919058E-01 0.1919058E-01 -9999.000 -9999.000 -9999.000 -9999.000 -9999.000 -9999.000 -9999.000 -9999.000 -9999.000 -9999.000 -9999.000 -9999.000 -9999.000 -9999.000 -9999.000 -9999.000 -9999.000 -9999.000 -9999.000 -9999.000 -9999.000 -9999.000 -9999.000 -9999.000 -9999.000 -9999.000 -9999.000
-9999.000 -9999.000 -9999.000 -9999.000 -9999.000 -9999.000 -9999.000 -9999.000 -9999.000 -9999.000 -9999.000 -9999.000 -9999.000 -9999.000 -9999.000 0.7023816E-02 0.1578899E-01 0.2605003E-01 0.3574822E-01 0.4474602E-01 0.5294423E-01 0.6024612E-01 0.6650615E-01 0.7146637E-01 0.7467691E-01 0.7539576E-01 0.7244288E-01 0.6395405E-01 0.4694113E-01 0.2368056E-01 0.2368056E-01 -9999.000 -9999.000 -9999.000 -9999.000 -9999.000 -9999.000 -9999.000 -9999.000 -9999.000 -9999.000 -9999.000 -9999.000 -9999.000 -9999.000 -9999.000 -9999.000 -9999.000 -9999.000 -9999.000 -9999.000 -9999.000 -9999.000 -9999.000 -9999.000 -9999.000 -9999.000 -9999.000
-9999.000 -9999.000 -9999.000 -9999.000 -9999.000 -9999.000 -9999.000 -9999.000 -9999.000 -9999.000 -9999.000 -9999.000 -9999.000 -9999.000 -9999.000 0.8099654E-02 0.1797140E-01 0.2934656E-01 0.4012978E-01 0.5021847E-01 0.5952916E-01 0.6797722E-01 0.7542078E-01 0.8158549E-01 0.8596926E-01 0.8771604E-01 0.8542410E-01 0.7680585E-01 0.5799523E-01 0.2996604E-01 0.2996604E-01 -9999.000 -9999.000 -9999.000 -9999.000 -9999.000 -9999.000 -9999.000 -9999.000 -9999.000 -9999.000 -9999.000 -9999.000 -9999.000 -9999.000 -9999.000 -9999.000 -9999.000 -9999.000 -9999.000 -9999.000 -9999.000 -9999.000 -9999.000 -9999.000 -9999.000 -9999.000 -9999.000
-9999.000 -9999.000 -9999.000 -9999.000 -9999.000 -9999.000 -9999.000 -9999.000 -9999.000 -9999.000 -9999.000 -9999.000 -9999.000 -9999.000 -9999.000 0.9385704E-02 0.2058577E-01 0.3331237E-01 0.4542710E-01 0.5687449E-01 0.6759650E-01 0.7753169E-01 0.8655255E-01 0.9437726E-01 0.1004540 0.1038015 0.1027541 0.9448070E-01 0.7389494E-01 0.3928344E-01 0.3928344E-01 -9999.000 -9999.000 -9999.000 -9999.000 -9999.000 -9999.000 -9999.000 -9999.000 -9999.000 -9999.000 -9999.000 -9999.000 -9999.000 -9999.000 -9999.000 -9999.000 -9999.000 -9999.000 -9999.000 -9999.000 -9999.000 -9999.000 -9999.000 -9999.000 -9999.000 -9999.000 -9999.000
-9999.000 -9999.000 -9999.000 -9999.000 -9999.000 -9999.000 -9999.000 -9999.000 -9999.000 -9999.000 -9999.000 -9999.000 -9999.000 -9999.000 -9999.000 0.1106450E-01 0.2399147E-01 0.3849338E-01 0.5235589E-01 0.6558920E-01 0.7818119E-01 0.9011678E-01 0.1013081 0.1114912 0.1200863 0.1259969 0.1272671 0.1203887 0.9856892E-01 0.5433441E-01 0.5433441E-01 -9999.000 -9999.000 -9999.000 -9999.000 -9999.000 -9999.000 -9999.000 -9999.000 -9999.000 -9999.000 -9999.000 -9999.000 -9999.000 -9999.000 -9999.000 -9999.000 -9999.000 -9999.000 -9999.000 -9999.000 -9999.000 -9999.000 -9999.000 -9999.000 -9999.000 -9999.000 -9999.000
-9999.000 -9999.000 -9999.000 -9999.000 -9999.000 -9999.000 -9999.000 -9999.000 -9999.000 -9999.000 -9999.000 -9999.000 -9999.000 -9999.000 -9999.000 0.2598926E-01 0.4573494E-01 0.6575701E-01 0.8295004E-01 0.9811443E-01 0.1117985 0.1243943 0.1361057 0.1468736 0.1562470 0.1631575 0.1654741 0.1590064 0.1347851 0.7115183E-01 0.7115183E-01 -9999.000 -9999.000 -9999.000 -9999.000 -9999.000 -9999.000 -9999.000 -9999.000 -9999.000 -9999.000 -9999.000 -9999.000 -9999.000 -9999.000 -9999.000 -9999.000 -9999.000 -9999.000 -9999.000 -9999.000 -9999.000 -9999.000 -9999.000 -9999.000 -9999.000 -9999.000 -9999.000
1.819653 1.819653 1.870642 1.904404 1.913214 1.913214 1.919411 1.926926 1.926926 1.930465 1.930465 1.931588 1.931484 1.931017 1.773907 1.773907 1.433608 1.373211 1.303291 1.224248 1.137433 1.045004 0.9499601 0.8561706 0.7684032 0.6923628 0.6350265 0.6060715 0.6229909 0.7117583 0.7117583 1.632896 1.838299 1.876358 1.840360 1.840360 1.737289 1.737289 1.468289 1.468289 1.188650 1.014524 1.014524 1.002884 1.002884 1.042614 1.042614 1.042614 1.094289 1.094289 1.141416 1.141416 1.181543 1.181543 1.224971 1.224971 1.251500 1.251500
1.835525 1.835525 1.892481 1.941076 1.958006 1.958006 1.972409 1.996330 1.996330 2.016138 2.016138 2.033374 2.041270 2.048769 1.984230 1.984230 1.689332 1.672144 1.647013 1.611426 1.564696 1.506931 1.439071 1.363039 1.282006 1.200910 1.127440 1.074015 1.062582 1.136441 1.136441 1.697000 1.873647 1.987246 2.001397 2.001397 1.978038 1.978038 1.858147 1.858147 1.670709 1.403763 1.403763 1.401834 1.401834 1.450631 1.450631 1.450631 1.504139 1.504139 1.553773 1.553773 1.584685 1.584685 1.637493 1.637493 1.670416 1.670416
1.839187 1.839187 1.894334 1.941472 1.958422 1.958422 1.972975 1.997318 1.997318 2.017598 2.017598 2.035357 2.043543 2.051348 2.015277 2.015277 1.736571 1.737621 1.735433 1.725614 1.707190 1.679706 1.643219 1.598551 1.547567 1.493547 1.441900 1.401772 1.390194 1.446868 1.446868 1.837271 1.997362 2.136078 2.164721 2.164721 2.163416 2.163416 2.086119 2.086119 1.979338 1.736694 1.736694 1.700688 1.700688 1.738033 1.738033 1.738033 1.783462 1.783462 1.824646 1.824646 1.857456 1.857456 1.895092 1.895092 1.922220 1.922220
1.841971 1.841971 1.895970 1.941526 1.958350 1.958350 1.972908 1.997327 1.997327 2.017640 2.017640 2.035400 2.043585 2.051392 2.031183 2.031183 1.763003 1.768872 1.776596 1.778071 1.772701 1.760468 1.741549 1.716574 1.686883 1.654831 1.624224 1.601383 1.597987 1.645781 1.645781 1.938328 2.075109 2.211755 2.241509 2.241509 2.245357 2.245357 2.191800 2.191800 2.131431 1.948461 1.948461 1.879511 1.879511 1.907439 1.907439 1.907439 1.946649 1.946649 1.982864 1.982864 2.012395 2.012395 2.042913 2.042913 2.066541 2.066541
1.844047 1.844047 1.897355 1.941555 1.958254 1.958254 1.972817 1.997319 1.997319 2.017662 2.017662 2.035413 2.043589 2.051390 2.041296 2.041296 1.795347 1.797820 1.811233 1.818696 1.819504 1.814176 1.803365 1.788045 1.769679 1.750398 1.733166 1.722407 1.725485 1.767832 1.767832 1.996063 2.111934 2.234370 2.258475 2.258475 2.258430 2.258430 2.225486 2.225486 2.196311 2.085108 2.085108 2.004482 2.004482 2.013292 2.013292 2.013292 2.047211 2.047211 2.080088 2.080088 2.107476 2.107476 2.133676 2.133676 2.154546 2.154546
1.845500 1.845500 1.898380 1.941571 1.958163 1.958163 1.972732 1.997309 1.997309 2.017680 2.017680 2.035424 2.043595 2.051390 2.047749 2.047749 1.841870 1.829762 1.846889 1.858802 1.863486 1.861743 1.854552 1.843225 1.829520 1.815825 1.804975 1.800565 1.808199 1.845733 1.845733 2.017158 2.115842 2.213725 2.228659 2.228659 2.227628 2.227628 2.220776 2.220776 2.214939 2.166893 2.166893 2.100521 2.100521 2.087990 2.087990 2.087990 2.114703 2.114703 2.143742 2.143742 2.168985 2.168985 2.191728 2.191728 2.209828 2.209828
1.846348 1.846348 1.899017 1.941580 1.958100 1.958100 1.972674 1.997302 1.997302 2.017693 2.017693 2.035432 2.043597 2.051389 2.051844 2.051844 1.895864 1.869288 1.886302 1.901210 1.908906 1.909555 1.904119 1.894113 1.881594 1.869247 1.860112 1.857580 1.865161 1.892832 1.892832 2.015893 2.092240 2.155932 2.163811 2.163811 2.175014 2.175014 2.198994 2.198994 2.210973 2.209594 2.209594 2.172284 2.172284 2.147195 2.147195 2.147195 2.164864 2.164864 2.188580 2.188580 2.210648 2.210648 2.229872 2.229872 2.245004 2.245004
1.846627 1.846627 1.899234 1.941584 1.958077 1.958077 1.972653 1.997299 1.997299 2.017698 2.017698 2.035435 2.043599 2.051389 2.054433 2.054433 1.950469 1.919207 1.931495 1.947590 1.957449 1.959809 1.955295 1.945390 1.932282 1.918884 1.908507 1.904447 1.907591 1.918164 1.918164 1.992756 2.038018 2.068638 2.078810 2.078810 2.117318 2.117318 2.170913 2.170913 2.195992 2.226375 2.226375 2.219996 2.219996 2.196237 2.196237 2.196237 2.205297 2.205297 2.222397 2.222397 2.239903 2.239903 2.255168 2.255168 2.267065 2.267065
1.846348 1.846348 1.899017 1.941581 1.958100 1.958100 1.972674 1.997303 1.997303 2.017694 2.017694 2.035432 2.043597 2.051389 2.056066 2.056066 2.002814 1.977712 1.984843 1.999652 2.010152 2.013314 2.009059 1.998582 1.983988 1.968249 1.954881 1.946950 1.940781 1.921563 1.921563 1.938209 1.947290 1.966631 1.990581 1.990581 2.063233 2.063233 2.140760 2.140760 2.175252 2.226965 2.226965 2.246448 2.246448 2.235469 2.235469 2.235469 2.238902 2.238902 2.249171 2.249171 2.261026 2.261026 2.271625 2.271625 2.279880 2.279880
1.845500 1.845500 1.898380 1.941570 1.958163 1.958163 1.972732 1.997309 1.997309 2.017681 2.017681 2.035424 2.043594 2.051389 2.057093 2.057093 2.053012 2.042259 2.047387 2.059094 2.068131 2.070615 2.065666 2.053967 2.037314 2.018531 2.001175 1.987521 1.963921 1.890781 1.890781 1.838071 1.823296 1.867429 1.910397 1.910397 2.014891 2.014891 2.110101 2.110101 2.151426 2.217734 2.217734 2.256499 2.256499 2.263880 2.263880 2.263880 2.265814 2.265814 2.270346 2.270346 2.276059 2.276059 2.281341 2.281341 2.285563 2.285563
1.844047 1.844047 1.897354 1.941555 1.958254 1.958254 1.972817 1.997318 1.997318 2.017662 2.017662 2.035413 2.043590 2.051390 2.057737 2.057737 2.103804 2.111312 2.118717 2.126979 2.132433 2.132215 2.125113 2.111267 2.091978 2.069697 2.047782 2.026021 1.966183 1.795935 1.795935 1.694158 1.692377 1.779544 1.835553 1.835553 1.970030 1.970030 2.078512 2.078512 2.125059 2.201792 2.201792 2.254366 2.254366 2.280643 2.280643 2.280643 2.284658 2.284658 2.285374 2.285374 2.285226 2.285226 2.284912 2.284912 2.284913 2.284913
