simulation_files/asc/Velocity__y_313.0.asc
NCOLS        79
NROWS        79
XLLCENTER         -1.500000
YLLCENTER         -4.800000
CELLSIZE           0.100
NODATA_VALUE     -9999.0
[rows 0 to 26 of 79, columns 0 to 58 of 79]
-9999.000 -9999.000 -9999.000 -9999.000 -9999.000 -9999.000 -9999.000 -9999.000 -9999.000 -9999.000 -9999.000 -9999.000 -9999.000 -9999.000 -9999.000 -0.9681686E-01 -0.9473618E-01 -0.9426879E-01 -0.9449932E-01 -0.9497375E-01 -0.9552676E-01 -0.9611539E-01 -0.9666311E-01 -0.9716493E-01 -0.9762103E-01 -0.9802884E-01 -0.9843580E-01 -0.9904607E-01 -0.1004715 -0.1018073 -0.1018073 -9999.000 -9999.000 -9999.000 -9999.000 -9999.000 -9999.000 -9999.000 -9999.000 -9999.000 -9999.000 -9999.000 -9999.000 -9999.000 -9999.000 -9999.000 -9999.000 -9999.000 -9999.000 -9999.000 -9999.000 -9999.000 -9999.000 -9999.000 -9999.000 -9999.000 -9999.000 -9999.000 -9999.000
-9999.000 -9999.000 -9999.000 -9999.000 -9999.000 -9999.000 -9999.000 -9999.000 -9999.000 -9999.000 -9999.000 -9999.000 -9999.000 -9999.000 -9999.000 -0.9557479E-01 -0.9129470E-01 -0.9031473E-01 -0.9084597E-01 -0.9193046E-01 -0.9321348E-01 -0.9459523E-01 -0.9590638E-01 -0.9712967E-01 -0.9825993E-01 -0.9928699E-01 -0.1003075 -0.1017463 -0.1048801 -0.1081289 -0.1081289 -9999.000 -9999.000 -9999.000 -9999.000 -9999.000 -9999.000 -9999.000 -9999.000 -9999.000 -9999.000 -9999.000 -9999.000 -9999.000 -9999.000 -9999.000 -9999.000 -9999.000 -9999.000 -9999.000 -9999.000 -9999.000 -9999.000 -9999.000 -9999.000 -9999.000 -9999.000 -9999.000 -9999.000
-9999.000 -9999.000 -9999.000 -9999.000 -9999.000 -9999.000 -9999.000 -9999.000 -9999.000 -9999.000 -9999.000 -9999.000 -9999.000 -9999.000 -9999.000 -0.9296627E-01 -0.8639669E-01 -0.8486825E-01 -0.8583067E-01 -0.8774959E-01 -0.9004629E-01 -0.9254700E-01 -0.9496473E-01 -0.9725910E-01 -0.9940964E-01 -0.1013886 -0.1033420 -0.1059407 -0.1112171 -0.1171587 -0.1171587 -9999.000 -9999.000 -9999.000 -9999.000 -9999.000 -9999.000 -9999.000 -9999.000 -9999.000 -9999.000 -9999.000 -9999.000 -9999.000 -9999.000 -9999.000 -9999.000 -9999.000 -9999.000 -9999.000 -9999.000 -9999.000 -9999.000 -9999.000 -9999.000 -9999.000 -9999.000 -9999.000 -9999.000
-9999.000 -9999.000 -9999.000 -9999.000 -9999.000 -9999.000 -9999.000 -9999.000 -9999.000 -9999.000 -9999.000 -9999.000 -9999.000 -9999.000 -9999.000 -0.8969255E-01 -0.8093207E-01 -0.7888297E-01 -0.8034015E-01 -0.8317690E-01 -0.8658519E-01 -0.9031577E-01 -0.9395651E-01 -0.9744217E-01 -0.1007320 -0.1037754 -0.1067653 -0.1106274 -0.1181892 -0.1273500 -0.1273500 -9999.000 -9999.000 -9999.000 -9999.000 -9999.000 -9999.000 -9999.000 -9999.000 -9999.000 -9999.000 -9999.000 -9999.000 -9999.000 -9999.000 -9999.000 -9999.000 -9999.000 -9999.000 -9999.000 -9999.000 -9999.000 -9999.000 -9999.000 -9999.000 -9999.000 -9999.000 -9999.000 -9999.000
-9999.000 -9999.000 -9999.000 -9999.000 -9999.000 -9999.000 -9999.000 -9999.000 -9999.000 -9999.000 -9999.000 -9999.000 -9999.000 -9999.000 -9999.000 -0.8598377E-01 -0.7509073E-01 -0.7253299E-01 -0.7452604E-01 -0.7833455E-01 -0.8291651E-01 -0.8794717E-01 -0.9288208E-01 -0.9763207E-01 -0.1021336 -0.1063100 -0.1104032 -0.1156085 -0.1256002 -0.1385516 -0.1385516 -9999.000 -9999.000 -9999.000 -9999.000 -9999.000 -9999.000 -9999.000 -9999.000 -9999.000 -9999.000 -9999.000 -9999.000 -9999.000 -9999.000 -9999.000 -9999.000 -9999.000 -9999.000 -9999.000 -9999.000 -9999.000 -9999.000 -9999.000 -9999.000 -9999.000 -9999.000 -9999.000 -9999.000
-9999.000 -9999.000 -9999.000 -9999.000 -9999.000 -9999.000 -9999.000 -9999.000 -9999.000 -9999.000 -9999.000 -9999.000 -9999.000 -9999.000 -9999.000 -0.8192295E-01 -0.6894783E-01 -0.6589060E-01 -0.6845225E-01 -0.7327275E-01 -0.7907387E-01 -0.8545599E-01 -0.9173497E-01 -0.9780087E-01 -0.1035653 -0.1089236 -0.1141707 -0.1207910 -0.1333700 -0.1507796 -0.1507796 -9999.000 -9999.000 -9999.000 -9999.000 -9999.000 -9999.000 -9999.000 -9999.000 -9999.000 -9999.000 -9999.000 -9999.000 -9999.000 -9999.000 -9999.000 -9999.000 -9999.000 -9999.000 -9999.000 -9999.000 -9999.000 -9999.000 -9999.000 -9999.000 -9999.000 -9999.000 -9999.000 -9999.000
-9999.000 -9999.000 -9999.000 -9999.000 -9999.000 -9999.000 -9999.000 -9999.000 -9999.000 -9999.000 -9999.000 -9999.000 -9999.000 -9999.000 -9999.000 -0.7752379E-01 -0.6252360E-01 -0.5897771E-01 -0.6213963E-01 -0.6800756E-01 -0.7506575E-01 -0.8284259E-01 -0.9050542E-01 -0.9792851E-01 -0.1049972 -0.1115767 -0.1180211 -0.1261277 -0.1414730 -0.1641524 -0.1641524 -9999.000 -9999.000 -9999.000 -9999.000 -9999.000 -9999.000 -9999.000 -9999.000 -9999.000 -9999.000 -9999.000 -9999.000 -9999.000 -9999.000 -9999.000 -9999.000 -9999.000 -9999.000 -9999.000 -9999.000 -9999.000 -9999.000 -9999.000 -9999.000 -9999.000 -9999.000 -9999.000 -9999.000
-9999.000 -9999.000 -9999.000 -9999.000 -9999.000 -9999.000 -9999.000 -9999.000 -9999.000 -9999.000 -9999.000 -9999.000 -9999.000 -9999.000 -9999.000 -0.7276523E-01 -0.5581050E-01 -0.5179165E-01 -0.5558718E-01 -0.6253693E-01 -0.7088734E-01 -0.8009879E-01 -0.8917966E-01 -0.9799585E-01 -0.1064051 -0.1142398 -0.1219211 -0.1315899 -0.1499089 -0.1788674 -0.1788674 -9999.000 -9999.000 -9999.000 -9999.000 -9999.000 -9999.000 -9999.000 -9999.000 -9999.000 -9999.000 -9999.000 -9999.000 -9999.000 -9999.000 -9999.000 -9999.000 -9999.000 -9999.000 -9999.000 -9999.000 -9999.000 -9999.000 -9999.000 -9999.000 -9999.000 -9999.000 -9999.000 -9999.000
-9999.000 -9999.000 -9999.000 -9999.000 -9999.000 -9999.000 -9999.000 -9999.000 -9999.000 -9999.000 -9999.000 -9999.000 -9999.000 -9999.000 -9999.000 -0.6760663E-01 -0.4878544E-01 -0.4431548E-01 -0.4878163E-01 -0.5684783E-01 -0.6652480E-01 -0.7720917E-01 -0.8773924E-01 -0.9798136E-01 -0.1077638 -0.1168839 -0.1258403 -0.1371532 -0.1586886 -0.1952016 -0.1952016 -9999.000 -9999.000 -9999.000 -9999.000 -9999.000 -9999.000 -9999.000 -9999.000 -9999.000 -9999.000 -9999.000 -9999.000 -9999.000 -9999.000 -9999.000 -9999.000 -9999.000 -9999.000 -9999.000 -9999.000 -9999.000 -9999.000 -9999.000 -9999.000 -9999.000 -9999.000 -9999.000 -9999.000
-9999.000 -9999.000 -9999.000 -9999.000 -9999.000 -9999.000 -9999.000 -9999.000 -9999.000 -9999.000 -9999.000 -9999.000 -9999.000 -9999.000 -9999.000 -0.6199357E-01 -0.4141409E-01 -0.3652204E-01 -0.4170074E-01 -0.5091954E-01 -0.6195654E-01 -0.7415183E-01 -0.8615872E-01 -0.9785701E-01 -0.1090425 -0.1194745 -0.1297420 -0.1427890 -0.1678251 -0.2135308 -0.2135308 -9999.000 -9999.000 -9999.000 -9999.000 -9999.000 -9999.000 -9999.000 -9999.000 -9999.000 -9999.000 -9999.000 -9999.000 -9999.000 -9999.000 -9999.000 -9999.000 -9999.000 -9999.000 -9999.000 -9999.000 -9999.000 -9999.000 -9999.000 -9999.000 -9999.000 -9999.000 -9999.000 -9999.000
-9999.000 -9999.000 -9999.000 -9999.000 -9999.000 -9999.000 -9999.000 -9999.000 -9999.000 -9999.000 -9999.000 -9999.000 -9999.000 -9999.000 -9999.000 -0.5585892E-01 -0.3365191E-01 -0.2837416E-01 -0.3431337E-01 -0.4472234E-01 -0.5715266E-01 -0.7089615E-01 -0.8440425E-01 -0.9758591E-01 -0.1102005 -0.1219657 -0.1335773 -0.1484572 -0.1773288 -0.2343650 -0.2343650 -9999.000 -9999.000 -9999.000 -9999.000 -9999.000 -9999.000 -9999.000 -9999.000 -9999.000 -9999.000 -9999.000 -9999.000 -9999.000 -9999.000 -9999.000 -9999.000 -9999.000 -9999.000 -9999.000 -9999.000 -9999.000 -9999.000 -9999.000 -9999.000 -9999.000 -9999.000 -9999.000 -9999.000
-9999.000 -9999.000 -9999.000 -9999.000 -9999.000 -9999.000 -9999.000 -9999.000 -9999.000 -9999.000 -9999.000 -9999.000 -9999.000 -9999.000 -9999.000 -0.4912085E-01 -0.2544094E-01 -0.1982276E-01 -0.2657642E-01 -0.3821493E-01 -0.5207188E-01 -0.6740029E-01 -0.8242931E-01 -0.9711716E-01 -0.1111811 -0.1242936 -0.1372768 -0.1540972 -0.1871994 -0.2584092 -0.2584092 -9999.000 -9999.000 -9999.000 -9999.000 -9999.000 -9999.000 -9999.000 -9999.000 -9999.000 -9999.000 -9999.000 -9999.000 -9999.000 -9999.000 -9999.000 -9999.000 -9999.000 -9999.000 -9999.000 -9999.000 -9999.000 -9999.000 -9999.000 -9999.000 -9999.000 -9999.000 -9999.000 -9999.000
-9999.000 -9999.000 -9999.000 -9999.000 -9999.000 -9999.000 -9999.000 -9999.000 -9999.000 -9999.000 -9999.000 -9999.000 -9999.000 -9999.000 -9999.000 -0.4167728E-01 -0.1670631E-01 -0.1080176E-01 -0.1843185E-01 -0.3134143E-01 -0.4665726E-01 -0.6360611E-01 -0.8016905E-01 -0.9637935E-01 -0.1119043 -0.1263663 -0.1407388 -0.1596152 -0.1974143 -0.2866643 -0.2866643 -9999.000 -9999.000 -9999.000 -9999.000 -9999.000 -9999.000 -9999.000 -9999.000 -9999.000 -9999.000 -9999.000 -9999.000 -9999.000 -9999.000 -9999.000 -9999.000 -9999.000 -9999.000 -9999.000 -9999.000 -9999.000 -9999.000 -9999.000 -9999.000 -9999.000 -9999.000 -9999.000 -9999.000
-9999.000 -9999.000 -9999.000 -9999.000 -9999.000 -9999.000 -9999.000 -9999.000 -9999.000 -9999.000 -9999.000 -9999.000 -9999.000 -9999.000 -9999.000 -0.3325540E-01 -0.7260330E-02 -0.1186099E-02 -0.9804453E-02 -0.2404219E-01 -0.4085472E-01 -0.5945871E-01 -0.7755721E-01 -0.9529339E-01 -0.1122734 -0.1280647 -0.1438237 -0.1648734 -0.2079201 -0.3206253 -0.3206253 -9999.000 -9999.000 -9999.000 -9999.000 -9999.000 -9999.000 -9999.000 -9999.000 -9999.000 -9999.000 -9999.000 -9999.000 -9999.000 -9999.000 -9999.000 -9999.000 -9999.000 -9999.000 -9999.000 -9999.000 -9999.000 -9999.000 -9999.000 -9999.000 -9999.000 -9999.000 -9999.000 -9999.000
-9999.000 -9999.000 -9999.000 -9999.000 -9999.000 -9999.000 -9999.000 -9999.000 -9999.000 -9999.000 -9999.000 -9999.000 -9999.000 -9999.000 -9999.000 -0.1437107E-02 0.9426773E-02 0.7350076E-02 -0.5419471E-02 -0.2082767E-01 -0.3876768E-01 -0.5853222E-01 -0.7758398E-01 -0.9627227E-01 -0.1141543 -0.1307581 -0.1474651 -0.1704037 -0.2187831 -0.3602055 -0.3602055 -9999.000 -9999.000 -9999.000 -9999.000 -9999.000 -9999.000 -9999.000 -9999.000 -9999.000 -9999.000 -9999.000 -9999.000 -9999.000 -9999.000 -9999.000 -9999.000 -9999.000 -9999.000 -9999.000 -9999.000 -9999.000 -9999.000 -9999.000 -9999.000 -9999.000 -9999.000 -9999.000 -9999.000
-0.3666593E-02 -0.3666593E-02 -0.4791908E-02 -0.7120171E-02 -0.6515385E-02 -0.6515385E-02 -0.6314688E-02 -0.6248856E-02 -0.6248856E-02 -0.6241380E-02 -0.6241380E-02 -0.6219237E-02 -0.6204596E-02 -0.6188696E-02 -0.6174459E-02 -0.6174459E-02 0.1881609E-01 0.1290676E-01 -0.1645331E-02 -0.2180772E-01 -0.4650543E-01 -0.7452616E-01 -0.1040510 -0.1338518 -0.1628305 -0.1900027 -0.2151616 -0.2403703 -0.2741280 -0.3584780 -0.3584780 -0.1961234 -0.1038409 -0.3458361E-01 -0.2546696E-01 -0.2546696E-01 -0.1819862E-01 -0.1819862E-01 -0.4954286E-02 -0.4954286E-02 0.6232945E-02 0.2687676E-01 0.2687676E-01 -0.3751065E-02 -0.3751065E-02 -0.3209175E-02 -0.3209175E-02 -0.3209175E-02 0.1119879E-02 0.1119879E-02 0.1685748E-02 0.1685748E-02 0.6017836E-03 0.6017836E-03 -0.7684396E-03 -0.7684396E-03 -0.2032713E-02 -0.2032713E-02 -0.2032713E-02
-0.5239265E-02 -0.5239265E-02 -0.7434576E-02 -0.1026932E-01 -0.9188349E-02 -0.9188349E-02 -0.8824267E-02 -0.8761877E-02 -0.8761877E-02 -0.8797367E-02 -0.8797367E-02 -0.8789117E-02 -0.8777336E-02 -0.8763910E-02 -0.8761477E-02 -0.8761477E-02 0.1485127E-01 0.9063073E-02 -0.7041054E-02 -0.3282345E-01 -0.6631512E-01 -0.1056491 -0.1492319 -0.1950593 -0.2413116 -0.2863264 -0.3284219 -0.3658503 -0.3966768 -0.4207045 -0.4207045 -0.2828768 -0.1861876 -0.9481306E-01 -0.7661309E-01 -0.7661309E-01 -0.5128317E-01 -0.5128317E-01 -0.6520628E-02 -0.6520628E-02 0.2670754E-01 0.8681871E-01 0.8681871E-01 0.5117388E-01 0.5117388E-01 0.1085546E-01 0.1085546E-01 0.1085546E-01 0.6491166E-02 0.6491166E-02 0.2748747E-02 0.2748747E-02 -0.1254048E-02 -0.1254048E-02 -0.4819430E-02 -0.4819430E-02 -0.7550913E-02 -0.7550913E-02 -0.7550913E-02
-0.3483982E-02 -0.3483982E-02 -0.7064131E-02 -0.8687928E-02 -0.7815149E-02 -0.7815149E-02 -0.7417871E-02 -0.7365990E-02 -0.7365990E-02 -0.7450864E-02 -0.7450864E-02 -0.7470702E-02 -0.7468877E-02 -0.7465511E-02 -0.7489811E-02 -0.7489811E-02 0.8213789E-02 0.2038497E-02 -0.1451371E-01 -0.4099383E-01 -0.7597576E-01 -0.1179249 -0.1655143 -0.2171848 -0.2713660 -0.3265029 -0.3808831 -0.4324355 -0.4783346 -0.5109917 -0.5109917 -0.4201510 -0.3355791 -0.2198943 -0.1820176 -0.1820176 -0.1109585 -0.1109585 -0.5741578E-02 -0.5741578E-02 0.5971732E-01 0.1691096 0.1691096 0.1632909 0.1632909 0.5304888E-01 0.5304888E-01 0.5304888E-01 0.2052352E-01 0.2052352E-01 0.3402579E-02 0.3402579E-02 -0.7232546E-02 -0.7232546E-02 -0.1436470E-01 -0.1436470E-01 -0.1867931E-01 -0.1867931E-01 -0.1867931E-01
-0.1829039E-02 -0.1829039E-02 -0.6592638E-02 -0.7071170E-02 -0.6329007E-02 -0.6329007E-02 -0.5933261E-02 -0.5870870E-02 -0.5870870E-02 -0.5964997E-02 -0.5964997E-02 -0.5986660E-02 -0.5983123E-02 -0.5978532E-02 -0.6020536E-02 -0.6020536E-02 0.1255833E-02 -0.6992274E-02 -0.2503992E-01 -0.5252423E-01 -0.8839038E-01 -0.1313791 -0.1803448 -0.2340601 -0.2912812 -0.3507688 -0.4111442 -0.4706242 -0.5264840 -0.5710756 -0.5710756 -0.5258519 -0.4643701 -0.3495875 -0.2965315 -0.2965315 -0.1691479 -0.1691479 0.7699345E-02 0.7699345E-02 0.9960593E-01 0.2341617 0.2341617 0.2503577 0.2503577 0.1058368 0.1058368 0.1058368 0.4131552E-01 0.4131552E-01 0.5538578E-02 0.5538578E-02 -0.1474203E-01 -0.1474203E-01 -0.2652447E-01 -0.2652447E-01 -0.3242459E-01 -0.3242459E-01 -0.3242459E-01
-0.4351463E-03 -0.4351463E-03 -0.5770066E-02 -0.5388053E-02 -0.4782792E-02 -0.4782792E-02 -0.4443984E-02 -0.4388410E-02 -0.4388410E-02 -0.4476013E-02 -0.4476013E-02 -0.4495596E-02 -0.4491524E-02 -0.4486664E-02 -0.4552365E-02 -0.4552365E-02 -0.6039925E-02 -0.1796395E-01 -0.3889454E-01 -0.6846817E-01 -0.1058547 -0.1500372 -0.2000379 -0.2548543 -0.3134716 -0.3748812 -0.4379939 -0.5014019 -0.5628437 -0.6158767 -0.6158767 -0.6058266 -0.5686757 -0.4639269 -0.3950739 -0.3950739 -0.1996224 -0.1996224 0.3749466E-01 0.3749466E-01 0.1391026 0.2708133 0.2708133 0.2973033 0.2973033 0.1554598 0.1554598 0.1554598 0.6668296E-01 0.6668296E-01 0.1139109E-01 0.1139109E-01 -0.2053450E-01 -0.2053450E-01 -0.3814582E-01 -0.3814582E-01 -0.4599996E-01 -0.4599996E-01 -0.4599996E-01
0.8220645E-04 0.8220645E-04 -0.4103520E-02 -0.3611448E-02 -0.3193857E-02 -0.3193857E-02 -0.2955234E-02 -0.2918085E-02 -0.2918085E-02 -0.2985514E-02 -0.2985514E-02 -0.3000170E-02 -0.2996971E-02 -0.2992879E-02 -0.3091029E-02 -0.3091029E-02 -0.1407865E-01 -0.3118468E-01 -0.5650071E-01 -0.8947250E-01 -0.1293459 -0.1752926 -0.2265235 -0.2822582 -0.3417059 -0.4040637 -0.4684647 -0.5337998 -0.5982609 -0.6567371 -0.6567371 -0.6712431 -0.6544814 -0.5518041 -0.4567258 -0.4567258 -0.1860979 -0.1860979 0.7306728E-01 0.7306728E-01 0.1658371 0.2780337 0.2780337 0.3087004 0.3087004 0.1928566 0.1928566 0.1928566 0.9316991E-01 0.9316991E-01 0.2139165E-01 0.2139165E-01 -0.2291640E-01 -0.2291640E-01 -0.4743486E-01 -0.4743486E-01 -0.5781239E-01 -0.5781239E-01 -0.5781239E-01
-0.9212223E-05 -0.9212223E-05 -0.1981714E-02 -0.1813440E-02 -0.1602662E-02 -0.1602662E-02 -0.1477267E-02 -0.1456525E-02 -0.1456525E-02 -0.1493114E-02 -0.1493114E-02 -0.1500988E-02 -0.1499265E-02 -0.1496823E-02 -0.1639289E-02 -0.1639289E-02 -0.2351850E-01 -0.4733678E-01 -0.7862487E-01 -0.1164370 -0.1599475 -0.2084390 -0.2613057 -0.3180028 -0.3779945 -0.4407224 -0.5055556 -0.5716561 -0.6376011 -0.6993334 -0.6993334 -0.7298384 -0.7264960 -0.5982443 -0.4599553 -0.4599553 -0.1358768 -0.1358768 0.9757213E-01 0.9757213E-01 0.1717207 0.2619551 0.2619551 0.2949831 0.2949831 0.2134085 0.2134085 0.2134085 0.1163561 0.1163561 0.3432357E-01 0.3432357E-01 -0.2130746E-01 -0.2130746E-01 -0.5325695E-01 -0.5325695E-01 -0.6669500E-01 -0.6669500E-01 -0.6669500E-01
-0.1499283E-07 -0.1499283E-07 0.4903997E-07 0.4880430E-07 -0.6085410E-07 -0.6085410E-07 0.2186655E-07 0.6279743E-07 0.6279743E-07 -0.7126478E-07 -0.7126478E-07 -0.2046672E-07 -0.1643266E-06 0.5322038E-07 -0.2033595E-03 -0.2033595E-03 -0.3534601E-01 -0.6759927E-01 -0.1065714 -0.1507608 -0.1991581 -0.2510905 -0.3061185 -0.3639377 -0.4242924 -0.4869125 -0.5514497 -0.6173615 -0.6835611 -0.7465708 -0.7465708 -0.7853293 -0.7834356 -0.5795078 -0.3945124 -0.3945124 -0.7774650E-01 -0.7774650E-01 0.1018820 0.1018820 0.1579782 0.2314236 0.2314236 0.2661147 0.2661147 0.2166721 0.2166721 0.2166721 0.1320814 0.1320814 0.4770368E-01 0.4770368E-01 -0.1612658E-01 -0.1612658E-01 -0.5498641E-01 -0.5498641E-01 -0.7170025E-01 -0.7170025E-01 -0.7170025E-01
0.9219489E-05 0.9219489E-05 0.1981765E-02 0.1813593E-02 0.1602621E-02 0.1602621E-02 0.1477137E-02 0.1456372E-02 0.1456372E-02 0.1493079E-02 0.1493079E-02 0.1500920E-02 0.1498976E-02 0.1496637E-02 0.1210147E-02 0.1210147E-02 -0.5104734E-01 -0.9384092E-01 -0.1423932 -0.1945513 -0.2490817 -0.3053409 -0.3630587 -0.4221808 -0.4827482 -0.5448077 -0.6083331 -0.6731064 -0.7382802 -0.7999808 -0.7999808 -0.8366199 -0.8113170 -0.4807803 -0.2849071 -0.2849071 -0.3814267E-01 -0.3814267E-01 0.8900054E-01 0.8900054E-01 0.1321319 0.1942199 0.1942199 0.2293183 0.2293183 0.2050414 0.2050414 0.2050414 0.1376572 0.1376572 0.5852870E-01 0.5852870E-01 -0.8641990E-02 -0.8641990E-02 -0.5252229E-01 -0.5252229E-01 -0.7212213E-01 -0.7212213E-01 -0.7212213E-01
-0.8219944E-04 -0.8219944E-04 0.4103626E-02 0.3611664E-02 0.3193909E-02 0.3193909E-02 0.2955015E-02 0.2917942E-02 0.2917942E-02 0.2985464E-02 0.2985464E-02 0.3000229E-02 0.2996979E-02 0.2992698E-02 0.2592194E-02 0.2592194E-02 -0.7297404E-01 -0.1290129 -0.1892735 -0.2509824 -0.3127567 -0.3740538 -0.4348278 -0.4953097 -0.5558584 -0.6168535 -0.6786115 -0.7412342 -0.8037540 -0.8590578 -0.8590578 -0.8715274 -0.7720408 -0.3328892 -0.1818162 -0.1818162 -0.2270031E-01 -0.2270031E-01 0.6764518E-01 0.6764518E-01 0.1020983 0.1554910 0.1554910 0.1891103 0.1891103 0.1821103 0.1821103 0.1821103 0.1324123 0.1324123 0.6420138E-01 0.6420138E-01 -0.6236742E-03 -0.6236742E-03 -0.4627877E-01 -0.4627877E-01 -0.6757753E-01 -0.6757753E-01 -0.6757753E-01
0.4350833E-03 0.4350833E-03 0.5770090E-02 0.5388170E-02 0.4782823E-02 0.4782823E-02 0.4443784E-02 0.4388429E-02 0.4388429E-02 0.4475931E-02 0.4475931E-02 0.4495739E-02 0.4491777E-02 0.4486579E-02 0.3929355E-02 0.3929355E-02 -0.1050713 -0.1778890 -0.2521939 -0.3248682 -0.3946453 -0.4612813 -0.5250862 -0.5866536 -0.6466973 -0.7059444 -0.7650548 -0.8243505 -0.8813363 -0.9157481 -0.9157481 -0.8478205 -0.6159815 -0.2028332 -0.1167893 -0.1167893 -0.2140503E-01 -0.2140503E-01 0.4518414E-01 0.4518414E-01 0.7294715E-01 0.1179519 0.1179519 0.1480859 0.1480859 0.1514788 0.1514788 0.1514788 0.1174282 0.1174282 0.6326102E-01 0.6326102E-01 0.6160146E-02 0.6160146E-02 -0.3708557E-01 -0.3708557E-01 -0.5810482E-01 -0.5810482E-01 -0.5810482E-01
0.1828910E-02 0.1828910E-02 0.6592656E-02 0.7071174E-02 0.6329087E-02 0.6329087E-02 0.5932993E-02 0.5870954E-02 0.5870954E-02 0.5964976E-02 0.5964976E-02 0.5986694E-02 0.5983293E-02 0.5978680E-02 0.5204435E-02 0.5204435E-02 -0.1543919 -0.2484961 -0.3391513 -0.4236639 -0.5014516 -0.5729393 -0.6390186 -0.7007701 -0.7593189 -0.8157518 -0.8710610 -0.9253287 -0.9684513 -0.9319080 -0.9319080 -0.6847174 -0.3691750 -0.1252237 -0.8468461E-01 -0.8468461E-01 -0.2341092E-01 -0.2341092E-01 0.2555593E-01 0.2555593E-01 0.4708704E-01 0.8292377E-01 0.8292377E-01 0.1078421 0.1078421 0.1162935 0.1162935 0.1162935 0.9490286E-01 0.9490286E-01 0.5567712E-01 0.5567712E-01 0.1046344E-01 0.1046344E-01 -0.2598700E-01 -0.2598700E-01 -0.4423963E-01 -0.4423963E-01 -0.4423963E-01
