simulation_files/asc/Velocity__x_209.0.asc
NCOLS        79
NROWS        79
XLLCENTER         -1.500000
YLLCENTER         -4.800000
CELLSIZE           0.100
NODATA_VALUE     -9999.0
[rows 0 to 25 of 79, columns 0 to 57 of 79]
-9999.000 -9999.000 -9999.000 -9999.000 -9999.000 -9999.000 -9999.000 -9999.000 -9999.000 -9999.000 -9999.000 -9999.000 -9999.000 -9999.000 -9999.000 -0.1902704E-02 -0.1801784E-02 0.1436287E-02 0.6327490E-02 0.1149134E-01 0.1578879E-01 0.1885227E-01 0.2064837E-01 0.2124687E-01 0.2080417E-01 0.1948041E-01 0.1736887E-01 0.1442946E-01 0.1009564E-01 0.4942412E-02 0.4942412E-02 -9999.000 -9999.000 -9999.000 -9999.000 -9999.000 -9999.000 -9999.000 -9999.000 -9999.000 -9999.000 -9999.000 -9999.000 -9999.000 -9999.000 -9999.000 -9999.000 -9999.000 -9999.000 -9999.000 -9999.000 -9999.000 -9999.000 -9999.000 -9999.000 -9999.000 -9999.000 -9999.000
-9999.000 -9999.000 -9999.000 -9999.000 -9999.000 -9999.000 -9999.000 -9999.000 -9999.000 -9999.000 -9999.000 -9999.000 -9999.000 -9999.000 -9999.000 -0.6379418E-03 0.6803829E-03 0.4945920E-02 0.1070088E-01 0.1662846E-01 0.2160868E-01 0.2521238E-01 0.2733255E-01 0.2798207E-01 0.2727767E-01 0.2536050E-01 0.2233126E-01 0.1819021E-01 0.1249957E-01 0.6099594E-02 0.6099594E-02 -9999.000 -9999.000 -9999.000 -9999.000 -9999.000 -9999.000 -9999.000 -9999.000 -9999.000 -9999.000 -9999.000 -9999.000 -9999.000 -9999.000 -9999.000 -9999.000 -9999.000 -9999.000 -9999.000 -9999.000 -9999.000 -9999.000 -9999.000 -9999.000 -9999.000 -9999.000 -9999.000
-9999.000 -9999.000 -9999.000 -9999.000 -9999.000 -9999.000 -9999.000 -9999.000 -9999.000 -9999.000 -9999.000 -9999.000 -9999.000 -9999.000 -9999.000 -0.2165401E-03 0.1608604E-02 0.6476722E-02 0.1280879E-01 0.1924570E-01 0.2463118E-01 0.2851817E-01 0.3078782E-01 0.3144546E-01 0.3060701E-01 0.2841809E-01 0.2498863E-01 0.2033149E-01 0.1400748E-01 0.6873856E-02 0.6873856E-02 -9999.000 -9999.000 -9999.000 -9999.000 -9999.000 -9999.000 -9999.000 -9999.000 -9999.000 -9999.000 -9999.000 -9999.000 -9999.000 -9999.000 -9999.000 -9999.000 -9999.000 -9999.000 -9999.000 -9999.000 -9999.000 -9999.000 -9999.000 -9999.000 -9999.000 -9999.000 -9999.000
-9999.000 -9999.000 -9999.000 -9999.000 -9999.000 -9999.000 -9999.000 -9999.000 -9999.000 -9999.000 -9999.000 -9999.000 -9999.000 -9999.000 -9999.000 -0.2230930E-04 0.2074409E-02 0.7308171E-02 0.1401360E-01 0.2078970E-01 0.2644758E-01 0.3052943E-01 0.3291237E-01 0.3359926E-01 0.3270888E-01 0.3039108E-01 0.2675883E-01 0.2182644E-01 0.1513160E-01 0.7479593E-02 0.7479593E-02 -9999.000 -9999.000 -9999.000 -9999.000 -9999.000 -9999.000 -9999.000 -9999.000 -9999.000 -9999.000 -9999.000 -9999.000 -9999.000 -9999.000 -9999.000 -9999.000 -9999.000 -9999.000 -9999.000 -9999.000 -9999.000 -9999.000 -9999.000 -9999.000 -9999.000 -9999.000 -9999.000
-9999.000 -9999.000 -9999.000 -9999.000 -9999.000 -9999.000 -9999.000 -9999.000 -9999.000 -9999.000 -9999.000 -9999.000 -9999.000 -9999.000 -9999.000 0.9943329E-04 0.2387888E-02 0.7900430E-02 0.1489946E-01 0.2194522E-01 0.2781972E-01 0.3206046E-01 0.3454373E-01 0.3527199E-01 0.3436805E-01 0.3198418E-01 0.2823410E-01 0.2312797E-01 0.1616687E-01 0.8059437E-02 0.8059437E-02 -9999.000 -9999.000 -9999.000 -9999.000 -9999.000 -9999.000 -9999.000 -9999.000 -9999.000 -9999.000 -9999.000 -9999.000 -9999.000 -9999.000 -9999.000 -9999.000 -9999.000 -9999.000 -9999.000 -9999.000 -9999.000 -9999.000 -9999.000 -9999.000 -9999.000 -9999.000 -9999.000
-9999.000 -9999.000 -9999.000 -9999.000 -9999.000 -9999.000 -9999.000 -9999.000 -9999.000 -9999.000 -9999.000 -9999.000 -9999.000 -9999.000 -9999.000 0.2091182E-03 0.2674920E-02 0.8446736E-02 0.1571804E-01 0.2301135E-01 0.2908297E-01 0.3346961E-01 0.3604952E-01 0.3682607E-01 0.3592718E-01 0.3350777E-01 0.2967943E-01 0.2444486E-01 0.1725855E-01 0.8687286E-02 0.8687286E-02 -9999.000 -9999.000 -9999.000 -9999.000 -9999.000 -9999.000 -9999.000 -9999.000 -9999.000 -9999.000 -9999.000 -9999.000 -9999.000 -9999.000 -9999.000 -9999.000 -9999.000 -9999.000 -9999.000 -9999.000 -9999.000 -9999.000 -9999.000 -9999.000 -9999.000 -9999.000 -9999.000
-9999.000 -9999.000 -9999.000 -9999.000 -9999.000 -9999.000 -9999.000 -9999.000 -9999.000 -9999.000 -9999.000 -9999.000 -9999.000 -9999.000 -9999.000 0.3346738E-03 0.2992391E-02 0.9033540E-02 0.1658188E-01 0.2412233E-01 0.3038753E-01 0.3491808E-01 0.3759691E-01 0.3842849E-01 0.3754769E-01 0.3511076E-01 0.3122691E-01 0.2588838E-01 0.1849048E-01 0.9409423E-02 0.9409423E-02 -9999.000 -9999.000 -9999.000 -9999.000 -9999.000 -9999.000 -9999.000 -9999.000 -9999.000 -9999.000 -9999.000 -9999.000 -9999.000 -9999.000 -9999.000 -9999.000 -9999.000 -9999.000 -9999.000 -9999.000 -9999.000 -9999.000 -9999.000 -9999.000 -9999.000 -9999.000 -9999.000
-9999.000 -9999.000 -9999.000 -9999.000 -9999.000 -9999.000 -9999.000 -9999.000 -9999.000 -9999.000 -9999.000 -9999.000 -9999.000 -9999.000 -9999.000 0.4906778E-03 0.3370192E-02 0.9705781E-02 0.1754896E-01 0.2534691E-01 0.3181078E-01 0.3648956E-01 0.3927296E-01 0.4016802E-01 0.3931720E-01 0.3687935E-01 0.3295850E-01 0.2753384E-01 0.1992864E-01 0.1026546E-01 0.1026546E-01 -9999.000 -9999.000 -9999.000 -9999.000 -9999.000 -9999.000 -9999.000 -9999.000 -9999.000 -9999.000 -9999.000 -9999.000 -9999.000 -9999.000 -9999.000 -9999.000 -9999.000 -9999.000 -9999.000 -9999.000 -9999.000 -9999.000 -9999.000 -9999.000 -9999.000 -9999.000 -9999.000
-9999.000 -9999.000 -9999.000 -9999.000 -9999.000 -9999.000 -9999.000 -9999.000 -9999.000 -9999.000 -9999.000 -9999.000 -9999.000 -9999.000 -9999.000 0.6872042E-03 0.3828466E-02 0.1049337E-01 0.1865759E-01 0.2673027E-01 0.3340305E-01 0.3823869E-01 0.4113626E-01 0.4210594E-01 0.4130035E-01 0.3887971E-01 0.3494204E-01 0.2945050E-01 0.2164070E-01 0.1129870E-01 0.1129870E-01 -9999.000 -9999.000 -9999.000 -9999.000 -9999.000 -9999.000 -9999.000 -9999.000 -9999.000 -9999.000 -9999.000 -9999.000 -9999.000 -9999.000 -9999.000 -9999.000 -9999.000 -9999.000 -9999.000 -9999.000 -9999.000 -9999.000 -9999.000 -9999.000 -9999.000 -9999.000 -9999.000
-9999.000 -9999.000 -9999.000 -9999.000 -9999.000 -9999.000 -9999.000 -9999.000 -9999.000 -9999.000 -9999.000 -9999.000 -9999.000 -9999.000 -9999.000 0.9333502E-03 0.4386279E-02 0.1142435E-01 0.1994348E-01 0.2831418E-01 0.3521106E-01 0.4021654E-01 0.4324201E-01 0.4430200E-01 0.4356133E-01 0.4118181E-01 0.3725376E-01 0.3172051E-01 0.2371206E-01 0.1256614E-01 0.1256614E-01 -9999.000 -9999.000 -9999.000 -9999.000 -9999.000 -9999.000 -9999.000 -9999.000 -9999.000 -9999.000 -9999.000 -9999.000 -9999.000 -9999.000 -9999.000 -9999.000 -9999.000 -9999.000 -9999.000 -9999.000 -9999.000 -9999.000 -9999.000 -9999.000 -9999.000 -9999.000 -9999.000
-9999.000 -9999.000 -9999.000 -9999.000 -9999.000 -9999.000 -9999.000 -9999.000 -9999.000 -9999.000 -9999.000 -9999.000 -9999.000 -9999.000 -9999.000 0.1240222E-02 0.5064860E-02 0.1253030E-01 0.2144723E-01 0.3014656E-01 0.3728846E-01 0.4248223E-01 0.4565502E-01 0.4682726E-01 0.4617880E-01 0.4387293E-01 0.3999083E-01 0.3445189E-01 0.2625857E-01 0.1414547E-01 0.1414547E-01 -9999.000 -9999.000 -9999.000 -9999.000 -9999.000 -9999.000 -9999.000 -9999.000 -9999.000 -9999.000 -9999.000 -9999.000 -9999.000 -9999.000 -9999.000 -9999.000 -9999.000 -9999.000 -9999.000 -9999.000 -9999.000 -9999.000 -9999.000 -9999.000 -9999.000 -9999.000 -9999.000
-9999.000 -9999.000 -9999.000 -9999.000 -9999.000 -9999.000 -9999.000 -9999.000 -9999.000 -9999.000 -9999.000 -9999.000 -9999.000 -9999.000 -9999.000 0.1624757E-02 0.5899919E-02 0.1386523E-01 0.2324113E-01 0.3230562E-01 0.3971908E-01 0.4512512E-01 0.4847120E-01 0.4978476E-01 0.4926509E-01 0.4707746E-01 0.4329150E-01 0.3779893E-01 0.2944732E-01 0.1614962E-01 0.1614962E-01 -9999.000 -9999.000 -9999.000 -9999.000 -9999.000 -9999.000 -9999.000 -9999.000 -9999.000 -9999.000 -9999.000 -9999.000 -9999.000 -9999.000 -9999.000 -9999.000 -9999.000 -9999.000 -9999.000 -9999.000 -9999.000 -9999.000 -9999.000 -9999.000 -9999.000 -9999.000 -9999.000
-9999.000 -9999.000 -9999.000 -9999.000 -9999.000 -9999.000 -9999.000 -9999.000 -9999.000 -9999.000 -9999.000 -9999.000 -9999.000 -9999.000 -9999.000 0.2163073E-02 0.7053748E-02 0.1568942E-01 0.2565065E-01 0.3512137E-01 0.4281017E-01 0.4843282E-01 0.5195938E-01 0.5342915E-01 0.5306630E-01 0.5103887E-01 0.4740388E-01 0.4201987E-01 0.3354526E-01 0.1875488E-01 0.1875488E-01 -9999.000 -9999.000 -9999.000 -9999.000 -9999.000 -9999.000 -9999.000 -9999.000 -9999.000 -9999.000 -9999.000 -9999.000 -9999.000 -9999.000 -9999.000 -9999.000 -9999.000 -9999.000 -9999.000 -9999.000 -9999.000 -9999.000 -9999.000 -9999.000 -9999.000 -9999.000 -9999.000
-9999.000 -9999.000 -9999.000 -9999.000 -9999.000 -9999.000 -9999.000 -9999.000 -9999.000 -9999.000 -9999.000 -9999.000 -9999.000 -9999.000 -9999.000 0.4816598E-02 0.1271264E-01 0.2467896E-01 0.3612087E-01 0.4525642E-01 0.5234161E-01 0.5734440E-01 0.6026250E-01 0.6118188E-01 0.6037311E-01 0.5800533E-01 0.5411306E-01 0.4850291E-01 0.3958461E-01 0.2253546E-01 0.2253546E-01 -9999.000 -9999.000 -9999.000 -9999.000 -9999.000 -9999.000 -9999.000 -9999.000 -9999.000 -9999.000 -9999.000 -9999.000 -9999.000 -9999.000 -9999.000 -9999.000 -9999.000 -9999.000 -9999.000 -9999.000 -9999.000 -9999.000 -9999.000 -9999.000 -9999.000 -9999.000 -9999.000
-9999.000 -9999.000 -9999.000 -9999.000 -9999.000 -9999.000 -9999.000 -9999.000 -9999.000 -9999.000 -9999.000 -9999.000 -9999.000 -9999.000 -9999.000 0.1148401 0.1768445 0.2088993 0.2019340 0.1709951 0.1474991 0.1272885 0.1100183 0.9536545E-01 0.8299334E-01 0.7225385E-01 0.6255978E-01 0.5311206E-01 0.4166214E-01 0.1995641E-01 0.1995641E-01 -9999.000 -9999.000 -9999.000 -9999.000 -9999.000 -9999.000 -9999.000 -9999.000 -9999.000 -9999.000 -9999.000 -9999.000 -9999.000 -9999.000 -9999.000 -9999.000 -9999.000 -9999.000 -9999.000 -9999.000 -9999.000 -9999.000 -9999.000 -9999.000 -9999.000 -9999.000 -9999.000
2.917111 2.917111 2.922204 2.932753 2.951771 2.951771 2.954209 2.953541 2.953541 2.949481 2.949481 2.943029 2.939138 2.934905 2.930723 2.930723 3.099915 3.105016 3.106433 3.105726 3.075700 3.021193 2.942723 2.839432 2.711192 2.563340 2.397603 2.222202 2.060295 1.981660 1.981660 2.823376 3.005605 3.116787 3.145626 3.145626 3.187241 3.187241 3.184350 3.184350 3.148776 2.989285 2.989285 2.691701 2.691701 2.251220 2.251220 2.251220 2.210932 2.210932 2.232306 2.232306 2.277756 2.277756 2.328284 2.328284 2.375244 2.375244
2.940733 2.940733 2.954393 2.988114 3.014633 3.014633 3.029260 3.051925 3.051925 3.070746 3.070746 3.086976 3.094355 3.101341 3.108309 3.108309 3.232871 3.253839 3.270334 3.284760 3.291673 3.291435 3.282435 3.261688 3.225950 3.173820 3.103168 3.014335 2.913407 2.826124 2.826124 3.271066 3.433278 3.592071 3.636157 3.636157 3.689417 3.689417 3.699723 3.699723 3.684406 3.595239 3.595239 3.419004 3.419004 3.097048 3.097048 3.097048 3.051134 3.051134 3.074269 3.074269 3.122239 3.122239 3.175248 3.175248 3.225013 3.225013
2.945698 2.945698 2.956713 2.990000 3.014359 3.014359 3.029669 3.053233 3.053233 3.072700 3.072700 3.089648 3.097431 3.104843 3.112304 3.112304 3.222483 3.256872 3.285887 3.311259 3.330952 3.345087 3.353582 3.355557 3.349484 3.334266 3.308083 3.269888 3.222013 3.180203 3.180203 3.428639 3.586058 3.771374 3.826706 3.826706 3.888120 3.888120 3.887955 3.887955 3.863583 3.768131 3.768131 3.632886 3.632886 3.385270 3.385270 3.385270 3.326884 3.326884 3.336171 3.336171 3.374780 3.374780 3.421437 3.421437 3.466650 3.466650
2.948783 2.948783 2.958764 2.990564 3.013435 3.013435 3.029180 3.053223 3.053223 3.072737 3.072737 3.089680 3.097467 3.104886 3.112433 3.112433 3.213071 3.258319 3.298825 3.334536 3.364033 3.387010 3.403561 3.413636 3.416920 3.413309 3.402335 3.383679 3.358865 3.338017 3.338017 3.487568 3.625545 3.818672 3.880621 3.880621 3.942198 3.942198 3.920448 3.920448 3.882746 3.785540 3.785540 3.692620 3.692620 3.519296 3.519296 3.519296 3.455646 3.455646 3.450068 3.450068 3.478096 3.478096 3.518674 3.518674 3.560233 3.560233
2.950007 2.950007 2.957884 2.990420 3.012483 3.012483 3.028656 3.053191 3.053191 3.072751 3.072751 3.089675 3.097457 3.104873 3.112540 3.112540 3.208704 3.262914 3.313582 3.358872 3.397379 3.428486 3.452096 3.468272 3.477057 3.478705 3.473443 3.461644 3.444878 3.430318 3.430318 3.520286 3.632387 3.815498 3.875266 3.875266 3.916747 3.916747 3.862953 3.862953 3.817518 3.741757 3.741757 3.697374 3.697374 3.596541 3.596541 3.596541 3.537418 3.537418 3.518683 3.518683 3.533756 3.533756 3.565990 3.565990 3.602438 3.602438
2.946697 2.946697 2.962584 2.990098 3.011778 3.011778 3.028305 3.053252 3.053252 3.072854 3.072854 3.089763 3.097541 3.104955 3.112798 3.112798 3.210523 3.272656 3.332144 3.385933 3.432425 3.470857 3.500983 3.522817 3.536469 3.542222 3.540480 3.531843 3.517794 3.503586 3.503586 3.553749 3.637169 3.791362 3.835489 3.835489 3.829477 3.829477 3.747544 3.747544 3.711452 3.680813 3.680813 3.682684 3.682684 3.644506 3.644506 3.644506 3.598862 3.598862 3.572577 3.572577 3.574441 3.574441 3.596022 3.596022 3.625140 3.625140
2.946323 2.946323 2.964905 2.989811 3.011303 3.011303 3.028039 3.053248 3.053248 3.072876 3.072876 3.089773 3.097546 3.104960 3.113051 3.113051 3.219184 3.288897 3.356109 3.417152 3.470367 3.514988 3.550737 3.577600 3.595686 3.605235 3.606616 3.600400 3.587795 3.572496 3.572496 3.595268 3.649641 3.751732 3.760386 3.760386 3.687783 3.687783 3.613328 3.613328 3.603729 3.624879 3.624879 3.662696 3.662696 3.673514 3.673514 3.673514 3.646752 3.646752 3.620303 3.620303 3.611660 3.611660 3.621488 3.621488 3.641158 3.641158
2.946200 2.946200 2.965675 2.989714 3.011142 3.011142 3.027947 3.053244 3.053244 3.072883 3.072883 3.089776 3.097549 3.104962 3.113400 3.113400 3.235770 3.313244 3.387269 3.454241 3.512700 3.562062 3.602156 3.633019 3.654779 3.667638 3.671887 3.667967 3.656733 3.640444 3.640444 3.643922 3.668889 3.683541 3.633764 3.633764 3.512731 3.512731 3.492258 3.492258 3.514028 3.577205 3.577205 3.639712 3.639712 3.687274 3.687274 3.687274 3.681031 3.681031 3.661087 3.661087 3.646701 3.646701 3.645492 3.645492 3.654353 3.654353
2.946323 2.946323 2.964905 2.989811 3.011302 3.011302 3.028039 3.053247 3.053247 3.072876 3.072876 3.089772 3.097547 3.104959 3.113882 3.113882 3.261768 3.347461 3.427447 3.498896 3.560896 3.613257 3.656072 3.689528 3.713827 3.729170 3.735781 3.733947 3.724121 3.706903 3.706903 3.694755 3.685033 3.558241 3.444854 3.444854 3.344672 3.344672 3.399970 3.399970 3.445391 3.535552 3.535552 3.614329 3.614329 3.689153 3.689153 3.689153 3.702166 3.702166 3.693001 3.693001 3.677779 3.677779 3.667857 3.667857 3.665574 3.665574
2.946697 2.946697 2.962584 2.990098 3.011778 3.011778 3.028305 3.053252 3.053252 3.072855 3.072855 3.089764 3.097541 3.104955 3.114546 3.114546 3.299396 3.393725 3.478637 3.552821 3.616338 3.669635 3.713215 3.747517 3.772877 3.789539 3.797680 3.797446 3.788725 3.769208 3.769208 3.737517 3.672833 3.353881 3.219790 3.219790 3.218476 3.218476 3.333135 3.333135 3.391510 3.496946 3.496946 3.586645 3.586645 3.681536 3.681536 3.681536 3.710922 3.710922 3.714085 3.714085 3.702151 3.702151 3.686677 3.686677 3.674014 3.674014
2.950007 2.950007 2.957884 2.990419 3.012482 3.012482 3.028655 3.053190 3.053190 3.072751 3.072751 3.089675 3.097457 3.104873 3.115383 3.115383 3.351973 3.454823 3.543000 3.617599 3.680115 3.731873 3.773924 3.807023 3.831686 3.848220 3.856788 3.857365 3.848612 3.820475 3.820475 3.746656 3.580088 3.098238 3.023305 3.023305 3.134921 3.134921 3.278171 3.278171 3.342540 3.456812 3.456812 3.554311 3.554311 3.663911 3.663911 3.663911 3.706279 3.706279 3.721170 3.721170 3.714918 3.714918 3.697025 3.697025 3.675680 3.675680
