simulation_files/asc/Velocity____74.0.asc
NCOLS        79
NROWS        79
XLLCENTER         -1.500000
YLLCENTER         -4.800000
CELLSIZE           0.100
NODATA_VALUE     -9999.0
[rows 0 to 26 of 79, columns 0 to 59 of 79]
-9999.000 -9999.000 -9999.000 -9999.000 -9999.000 -9999.000 -9999.000 -9999.000 -9999.000 -9999.000 -9999.000 -9999.000 -9999.000 -9999.000 -9999.000 0.2201653 0.2190998 0.2192871 0.2195722 0.2198747 0.2201914 0.2205327 0.2209162 0.2213638 0.2219045 0.2225798 0.2234536 0.2246321 0.2261653 0.2235807 0.2235807 -9999.000 -9999.000 -9999.000 -9999.000 -9999.000 -9999.000 -9999.000 -9999.000 -9999.000 -9999.000 -9999.000 -9999.000 -9999.000 -9999.000 -9999.000 -9999.000 -9999.000 -9999.000 -9999.000 -9999.000 -9999.000 -9999.000 -9999.000 -9999.000 -9999.000 -9999.000 -9999.000 -9999.000 -9999.000
-9999.000 -9999.000 -9999.000 -9999.000 -9999.000 -9999.000 -9999.000 -9999.000 -9999.000 -9999.000 -9999.000 -9999.000 -9999.000 -9999.000 -9999.000 0.2171420 0.2147568 0.2151251 0.2157099 0.2163355 0.2169880 0.2176853 0.2184605 0.2193595 0.2204449 0.2218083 0.2235914 0.2260218 0.2291826 0.2243024 0.2243024 -9999.000 -9999.000 -9999.000 -9999.000 -9999.000 -9999.000 -9999.000 -9999.000 -9999.000 -9999.000 -9999.000 -9999.000 -9999.000 -9999.000 -9999.000 -9999.000 -9999.000 -9999.000 -9999.000 -9999.000 -9999.000 -9999.000 -9999.000 -9999.000 -9999.000 -9999.000 -9999.000 -9999.000 -9999.000
-9999.000 -9999.000 -9999.000 -9999.000 -9999.000 -9999.000 -9999.000 -9999.000 -9999.000 -9999.000 -9999.000 -9999.000 -9999.000 -9999.000 -9999.000 0.2125596 0.2086788 0.2092948 0.2103236 0.2114635 0.2126813 0.2140012 0.2154763 0.2171837 0.2192296 0.2217645 0.2250126 0.2293106 0.2347071 0.2276906 0.2276906 -9999.000 -9999.000 -9999.000 -9999.000 -9999.000 -9999.000 -9999.000 -9999.000 -9999.000 -9999.000 -9999.000 -9999.000 -9999.000 -9999.000 -9999.000 -9999.000 -9999.000 -9999.000 -9999.000 -9999.000 -9999.000 -9999.000 -9999.000 -9999.000 -9999.000 -9999.000 -9999.000 -9999.000 -9999.000
-9999.000 -9999.000 -9999.000 -9999.000 -9999.000 -9999.000 -9999.000 -9999.000 -9999.000 -9999.000 -9999.000 -9999.000 -9999.000 -9999.000 -9999.000 0.2069046 0.2015629 0.2025024 0.2040877 0.2058824 0.2078316 0.2099640 0.2123522 0.2151044 0.2183710 0.2223636 0.2273926 0.2339131 0.2419486 0.2333367 0.2333367 -9999.000 -9999.000 -9999.000 -9999.000 -9999.000 -9999.000 -9999.000 -9999.000 -9999.000 -9999.000 -9999.000 -9999.000 -9999.000 -9999.000 -9999.000 -9999.000 -9999.000 -9999.000 -9999.000 -9999.000 -9999.000 -9999.000 -9999.000 -9999.000 -9999.000 -9999.000 -9999.000 -9999.000 -9999.000
-9999.000 -9999.000 -9999.000 -9999.000 -9999.000 -9999.000 -9999.000 -9999.000 -9999.000 -9999.000 -9999.000 -9999.000 -9999.000 -9999.000 -9999.000 0.2002394 0.1935209 0.1948598 0.1971059 0.1996811 0.2025059 0.2056130 0.2090949 0.2130929 0.2178053 0.2235120 0.2306215 0.2397270 0.2508489 0.2412525 0.2412525 -9999.000 -9999.000 -9999.000 -9999.000 -9999.000 -9999.000 -9999.000 -9999.000 -9999.000 -9999.000 -9999.000 -9999.000 -9999.000 -9999.000 -9999.000 -9999.000 -9999.000 -9999.000 -9999.000 -9999.000 -9999.000 -9999.000 -9999.000 -9999.000 -9999.000 -9999.000 -9999.000 -9999.000 -9999.000
-9999.000 -9999.000 -9999.000 -9999.000 -9999.000 -9999.000 -9999.000 -9999.000 -9999.000 -9999.000 -9999.000 -9999.000 -9999.000 -9999.000 -9999.000 0.1925763 0.1846272 0.1864457 0.1894508 0.1929209 0.1967501 0.2009750 0.2057095 0.2111322 0.2174960 0.2251603 0.2346504 0.2467286 0.2614541 0.2515969 0.2515969 -9999.000 -9999.000 -9999.000 -9999.000 -9999.000 -9999.000 -9999.000 -9999.000 -9999.000 -9999.000 -9999.000 -9999.000 -9999.000 -9999.000 -9999.000 -9999.000 -9999.000 -9999.000 -9999.000 -9999.000 -9999.000 -9999.000 -9999.000 -9999.000 -9999.000 -9999.000 -9999.000 -9999.000 -9999.000
-9999.000 -9999.000 -9999.000 -9999.000 -9999.000 -9999.000 -9999.000 -9999.000 -9999.000 -9999.000 -9999.000 -9999.000 -9999.000 -9999.000 -9999.000 0.1838774 0.1749209 0.1773101 0.1811730 0.1856480 0.1906020 0.1960764 0.2022092 0.2092217 0.2174312 0.2272929 0.2394758 0.2549557 0.2738998 0.2646752 0.2646752 -9999.000 -9999.000 -9999.000 -9999.000 -9999.000 -9999.000 -9999.000 -9999.000 -9999.000 -9999.000 -9999.000 -9999.000 -9999.000 -9999.000 -9999.000 -9999.000 -9999.000 -9999.000 -9999.000 -9999.000 -9999.000 -9999.000 -9999.000 -9999.000 -9999.000 -9999.000 -9999.000 -9999.000 -9999.000
-9999.000 -9999.000 -9999.000 -9999.000 -9999.000 -9999.000 -9999.000 -9999.000 -9999.000 -9999.000 -9999.000 -9999.000 -9999.000 -9999.000 -9999.000 0.1740572 0.1644110 0.1674812 0.1723081 0.1779012 0.1840997 0.1909507 0.1986204 0.2073801 0.2176241 0.2299253 0.2451335 0.2645011 0.2884127 0.2809676 0.2809676 -9999.000 -9999.000 -9999.000 -9999.000 -9999.000 -9999.000 -9999.000 -9999.000 -9999.000 -9999.000 -9999.000 -9999.000 -9999.000 -9999.000 -9999.000 -9999.000 -9999.000 -9999.000 -9999.000 -9999.000 -9999.000 -9999.000 -9999.000 -9999.000 -9999.000 -9999.000 -9999.000 -9999.000 -9999.000
-9999.000 -9999.000 -9999.000 -9999.000 -9999.000 -9999.000 -9999.000 -9999.000 -9999.000 -9999.000 -9999.000 -9999.000 -9999.000 -9999.000 -9999.000 0.1629879 0.1530812 0.1569729 0.1628877 0.1697236 0.1772929 0.1856494 0.1949929 0.2056532 0.2181176 0.2331057 0.2516982 0.2755130 0.3053201 0.3011913 0.3011913 -9999.000 -9999.000 -9999.000 -9999.000 -9999.000 -9999.000 -9999.000 -9999.000 -9999.000 -9999.000 -9999.000 -9999.000 -9999.000 -9999.000 -9999.000 -9999.000 -9999.000 -9999.000 -9999.000 -9999.000 -9999.000 -9999.000 -9999.000 -9999.000 -9999.000 -9999.000 -9999.000 -9999.000 -9999.000
-9999.000 -9999.000 -9999.000 -9999.000 -9999.000 -9999.000 -9999.000 -9999.000 -9999.000 -9999.000 -9999.000 -9999.000 -9999.000 -9999.000 -9999.000 0.1505043 0.1408964 0.1457946 0.1529513 0.1611779 0.1702600 0.1802606 0.1914177 0.2041308 0.2189998 0.2369268 0.2592916 0.2882031 0.3250749 0.3264161 0.3264161 -9999.000 -9999.000 -9999.000 -9999.000 -9999.000 -9999.000 -9999.000 -9999.000 -9999.000 -9999.000 -9999.000 -9999.000 -9999.000 -9999.000 -9999.000 -9999.000 -9999.000 -9999.000 -9999.000 -9999.000 -9999.000 -9999.000 -9999.000 -9999.000 -9999.000 -9999.000 -9999.000 -9999.000 -9999.000
-9999.000 -9999.000 -9999.000 -9999.000 -9999.000 -9999.000 -9999.000 -9999.000 -9999.000 -9999.000 -9999.000 -9999.000 -9999.000 -9999.000 -9999.000 0.1364078 0.1278096 0.1339666 0.1425696 0.1523737 0.1631396 0.1749415 0.1880624 0.2029827 0.2204374 0.2415560 0.2681063 0.3028675 0.3482969 0.3582819 0.3582819 -9999.000 -9999.000 -9999.000 -9999.000 -9999.000 -9999.000 -9999.000 -9999.000 -9999.000 -9999.000 -9999.000 -9999.000 -9999.000 -9999.000 -9999.000 -9999.000 -9999.000 -9999.000 -9999.000 -9999.000 -9999.000 -9999.000 -9999.000 -9999.000 -9999.000 -9999.000 -9999.000 -9999.000 -9999.000
-9999.000 -9999.000 -9999.000 -9999.000 -9999.000 -9999.000 -9999.000 -9999.000 -9999.000 -9999.000 -9999.000 -9999.000 -9999.000 -9999.000 -9999.000 0.1204690 0.1137755 0.1215491 0.1318858 0.1435194 0.1561883 0.1699835 0.1852397 0.2025304 0.2227489 0.2473036 0.2784646 0.3199336 0.3758426 0.3994235 0.3994235 -9999.000 -9999.000 -9999.000 -9999.000 -9999.000 -9999.000 -9999.000 -9999.000 -9999.000 -9999.000 -9999.000 -9999.000 -9999.000 -9999.000 -9999.000 -9999.000 -9999.000 -9999.000 -9999.000 -9999.000 -9999.000 -9999.000 -9999.000 -9999.000 -9999.000 -9999.000 -9999.000 -9999.000 -9999.000
-9999.000 -9999.000 -9999.000 -9999.000 -9999.000 -9999.000 -9999.000 -9999.000 -9999.000 -9999.000 -9999.000 -9999.000 -9999.000 -9999.000 -9999.000 0.1024336 0.9878653E-01 0.1087113 0.1212069 0.1350262 0.1498976 0.1659398 0.1835493 0.2034016 0.2265676 0.2547852 0.2909615 0.3400713 0.4089238 0.4543810 0.4543810 -9999.000 -9999.000 -9999.000 -9999.000 -9999.000 -9999.000 -9999.000 -9999.000 -9999.000 -9999.000 -9999.000 -9999.000 -9999.000 -9999.000 -9999.000 -9999.000 -9999.000 -9999.000 -9999.000 -9999.000 -9999.000 -9999.000 -9999.000 -9999.000 -9999.000 -9999.000 -9999.000 -9999.000 -9999.000
-9999.000 -9999.000 -9999.000 -9999.000 -9999.000 -9999.000 -9999.000 -9999.000 -9999.000 -9999.000 -9999.000 -9999.000 -9999.000 -9999.000 -9999.000 0.8199596E-01 0.8301380E-01 0.9600282E-01 0.1113533 0.1279039 0.1454154 0.1640663 0.1843326 0.2070001 0.2333246 0.2654066 0.3069198 0.3645542 0.4493784 0.5318526 0.5318526 -9999.000 -9999.000 -9999.000 -9999.000 -9999.000 -9999.000 -9999.000 -9999.000 -9999.000 -9999.000 -9999.000 -9999.000 -9999.000 -9999.000 -9999.000 -9999.000 -9999.000 -9999.000 -9999.000 -9999.000 -9999.000 -9999.000 -9999.000 -9999.000 -9999.000 -9999.000 -9999.000 -9999.000 -9999.000
-9999.000 -9999.000 -9999.000 -9999.000 -9999.000 -9999.000 -9999.000 -9999.000 -9999.000 -9999.000 -9999.000 -9999.000 -9999.000 -9999.000 -9999.000 0.5841077E-01 0.7516991E-01 0.9716886E-01 0.1182435 0.1384707 0.1583530 0.1785743 0.1999857 0.2236965 0.2513158 0.2854584 0.3307833 0.3962980 0.4997675 0.6492853 0.6492853 -9999.000 -9999.000 -9999.000 -9999.000 -9999.000 -9999.000 -9999.000 -9999.000 -9999.000 -9999.000 -9999.000 -9999.000 -9999.000 -9999.000 -9999.000 -9999.000 -9999.000 -9999.000 -9999.000 -9999.000 -9999.000 -9999.000 -9999.000 -9999.000 -9999.000 -9999.000 -9999.000 -9999.000 -9999.000
1.657953 1.657953 1.712958 1.756568 1.764973 1.764973 1.770928 1.778476 1.778476 1.782511 1.782511 1.784316 1.784571 1.668404 1.387936 1.387936 1.198661 1.133754 1.061604 0.9838735 0.9029092 0.8218446 0.7445657 0.6756588 0.6204451 0.5853209 0.5787330 0.6135600 0.7128398 0.9385044 0.9385044 1.586262 1.778753 1.831445 1.793771 1.793771 1.669967 1.669967 1.463477 1.463477 1.111033 0.9406882 0.9406882 0.9325956 0.9325956 0.9730251 0.9730251 0.9730251 1.022915 1.022915 1.067381 1.067381 1.105031 1.105031 1.149175 1.149175 1.176487 1.176487 1.176487 1.196012
1.667188 1.667188 1.738189 1.790950 1.807134 1.807134 1.820887 1.843962 1.843962 1.863342 1.863342 1.880308 1.888090 1.848188 1.555883 1.555883 1.449521 1.424896 1.392315 1.350809 1.300311 1.241654 1.176646 1.108277 1.041090 0.9817319 0.9398414 0.9295949 0.9727682 1.107708 1.107708 1.570236 1.726063 1.828604 1.842596 1.842596 1.820905 1.820905 1.726067 1.726067 1.535522 1.254098 1.254098 1.253375 1.253375 1.305996 1.305996 1.305996 1.359282 1.359282 1.407463 1.407463 1.435867 1.435867 1.490236 1.490236 1.524104 1.524104 1.524104 1.550900
1.669287 1.669287 1.741569 1.791275 1.807515 1.807515 1.821406 1.844862 1.844862 1.864697 1.864697 1.882177 1.890239 1.867788 1.613753 1.613753 1.509378 1.504294 1.494852 1.479450 1.457192 1.427814 1.391763 1.350382 1.306209 1.263444 1.228732 1.212583 1.232284 1.321696 1.321696 1.669383 1.810441 1.928437 1.954784 1.954784 1.956531 1.956531 1.896198 1.896198 1.793675 1.532258 1.532258 1.491014 1.491014 1.538281 1.538281 1.538281 1.585683 1.585683 1.626866 1.626866 1.659111 1.659111 1.698392 1.698392 1.726788 1.726788 1.726788 1.748553
1.671144 1.671144 1.743722 1.791416 1.807501 1.807501 1.821343 1.844813 1.844813 1.864689 1.864689 1.882196 1.890268 1.878562 1.670241 1.670241 1.540850 1.544299 1.545102 1.542082 1.534673 1.522654 1.506157 1.485823 1.463050 1.440346 1.421896 1.414584 1.430386 1.497465 1.497465 1.760925 1.882069 1.992112 2.015889 2.015889 2.020228 2.020228 1.983134 1.983134 1.931935 1.740268 1.740268 1.664083 1.664083 1.695502 1.695502 1.695502 1.735937 1.735937 1.772020 1.772020 1.800986 1.800986 1.832507 1.832507 1.857160 1.857160 1.857160 1.875682
1.672677 1.672677 1.745120 1.791605 1.807521 1.807521 1.821294 1.844757 1.844757 1.864664 1.864664 1.882188 1.890261 1.885505 1.731526 1.731526 1.569231 1.578303 1.584782 1.587839 1.587517 1.584137 1.578161 1.570251 1.561409 1.553228 1.548267 1.550678 1.567817 1.622042 1.622042 1.830411 1.929590 2.019727 2.034642 2.034642 2.032607 2.032607 2.015535 2.015535 1.996410 1.886815 1.886815 1.796893 1.796893 1.803662 1.803662 1.803662 1.837775 1.837775 1.870179 1.870179 1.896871 1.896871 1.923431 1.923431 1.945087 1.945087 1.945087 1.961199
1.673818 1.673818 1.745994 1.791778 1.807554 1.807554 1.821265 1.844714 1.844714 1.864644 1.864644 1.882181 1.890256 1.889983 1.792306 1.792306 1.599145 1.613529 1.624681 1.631695 1.635107 1.635783 1.634683 1.632837 1.631358 1.631538 1.635054 1.644143 1.662121 1.706827 1.706827 1.872600 1.950309 2.010896 2.014882 2.014882 2.010918 2.010918 2.017097 2.017097 2.019474 1.978525 1.978525 1.905043 1.905043 1.885728 1.885728 1.885728 1.911382 1.911382 1.939560 1.939560 1.963941 1.963941 1.986806 1.986806 2.005519 2.005519 2.005519 2.019315
1.674519 1.674519 1.746479 1.791895 1.807582 1.807582 1.821249 1.844687 1.844687 1.864632 1.864632 1.882177 1.890253 1.892859 1.829482 1.829482 1.630703 1.650474 1.666549 1.677236 1.683396 1.686288 1.687265 1.687784 1.689285 1.693162 1.700768 1.713022 1.729503 1.762259 1.762259 1.886939 1.941186 1.965875 1.962958 1.962958 1.970784 1.970784 2.003251 2.003251 2.020737 2.027100 2.027100 1.987043 1.987043 1.953142 1.953142 1.953142 1.968489 1.968489 1.990938 1.990938 2.012212 2.012212 2.031479 2.031479 2.047047 2.047047 2.047047 2.058391
1.674756 1.674756 1.746635 1.791936 1.807593 1.807593 1.821246 1.844678 1.844678 1.864628 1.864628 1.882176 1.890252 1.894699 1.855206 1.855206 1.667434 1.690681 1.711666 1.725962 1.734557 1.739004 1.740840 1.741804 1.743686 1.748204 1.756813 1.769276 1.778954 1.791556 1.791556 1.872564 1.897285 1.891024 1.891363 1.891363 1.925177 1.925177 1.982547 1.982547 2.010663 2.046870 2.046870 2.041057 2.041057 2.009545 2.009545 2.009545 2.015475 2.015475 2.030967 2.030967 2.047782 2.047782 2.063025 2.063025 2.075216 2.075216 2.075216 2.083986
1.674519 1.674519 1.746479 1.791895 1.807582 1.807582 1.821249 1.844687 1.844687 1.864632 1.864632 1.882177 1.890253 1.895874 1.872538 1.872538 1.716606 1.737416 1.761627 1.779011 1.789847 1.795496 1.797598 1.798081 1.799013 1.802404 1.809855 1.819094 1.812978 1.791509 1.791509 1.822861 1.814812 1.800695 1.815160 1.815160 1.881313 1.881313 1.958852 1.958852 1.994460 2.049358 2.049358 2.070518 2.070518 2.054512 2.054512 2.054512 2.054852 2.054852 2.063439 2.063439 2.074658 2.074658 2.085230 2.085230 2.093631 2.093631 2.093631 2.099651
1.673818 1.673818 1.745994 1.791778 1.807554 1.807554 1.821264 1.844714 1.844714 1.864644 1.864644 1.882181 1.890256 1.896623 1.883960 1.883960 1.778468 1.793109 1.818197 1.837873 1.850473 1.856917 1.858815 1.858191 1.857301 1.858411 1.863183 1.865049 1.826574 1.753403 1.753403 1.729345 1.699689 1.710915 1.744334 1.744334 1.841250 1.841250 1.933879 1.933879 1.974907 2.041932 2.041932 2.081912 2.081912 2.086954 2.086954 2.086954 2.086669 2.086669 2.089883 2.089883 2.095156 2.095156 2.100423 2.100423 2.104589 2.104589 2.104589 2.107705
1.672677 1.672677 1.745119 1.791605 1.807520 1.807520 1.821294 1.844757 1.844757 1.864664 1.864664 1.882188 1.890261 1.897099 1.891349 1.891349 1.848411 1.860846 1.884341 1.904430 1.917663 1.924178 1.925321 1.923051 1.919702 1.917725 1.918568 1.904962 1.798443 1.662622 1.662622 1.601866 1.576238 1.630246 1.676781 1.676781 1.803711 1.803711 1.907906 1.907906 1.953127 2.028562 2.028562 2.081212 2.081212 2.106879 2.106879 2.106879 2.110035 2.110035 2.110267 2.110267 2.110093 2.110093 2.109799 2.109799 2.109469 2.109469 2.109469 2.109656
1.671143 1.671143 1.743722 1.791416 1.807501 1.807501 1.821343 1.844813 1.844813 1.864689 1.864689 1.882197 1.890268 1.897396 1.896020 1.896020 1.924880 1.941901 1.963040 1.981125 1.993027 1.998293 1.997813 1.993274 1.986910 1.981236 1.976570 1.925582 1.692358 1.527846 1.527846 1.455407 1.457095 1.560727 1.625976 1.625976 1.769323 1.769323 1.883130 1.883130 1.931488 2.012541 2.012541 2.073358 2.073358 2.115798 2.115798 2.115798 2.124333 2.124333 2.123807 2.123807 2.119300 2.119300 2.113742 2.113742 2.109020 2.109020 2.109020 2.106461
