simulation_files/asc/Velocity____210.0.asc
NCOLS        79
NROWS        79
XLLCENTER         -1.500000
YLLCENTER         -4.800000
CELLSIZE           0.100
NODATA_VALUE     -9999.0
[rows 0 to 26 of 79, columns 0 to 59 of 79]
-9999.000 -9999.000 -9999.000 -9999.000 -9999.000 -9999.000 -9999.000 -9999.000 -9999.000 -9999.000 -9999.000 -9999.000 -9999.000 -9999.000 -9999.000 0.8833575E-01 0.8491999E-01 0.8338643E-01 0.8287858E-01 0.8382811E-01 0.8534592E-01 0.8684537E-01 0.8811025E-01 0.8903454E-01 0.8957939E-01 0.8985454E-01 0.8994787E-01 0.9006043E-01 0.9078120E-01 0.9175970E-01 0.9175970E-01 -9999.000 -9999.000 -9999.000 -9999.000 -9999.000 -9999.000 -9999.000 -9999.000 -9999.000 -9999.000 -9999.000 -9999.000 -9999.000 -9999.000 -9999.000 -9999.000 -9999.000 -9999.000 -9999.000 -9999.000 -9999.000 -9999.000 -9999.000 -9999.000 -9999.000 -9999.000 -9999.000 -9999.000 -9999.000
-9999.000 -9999.000 -9999.000 -9999.000 -9999.000 -9999.000 -9999.000 -9999.000 -9999.000 -9999.000 -9999.000 -9999.000 -9999.000 -9999.000 -9999.000 0.8960053E-01 0.8240990E-01 0.7929248E-01 0.7831017E-01 0.8021493E-01 0.8320301E-01 0.8617592E-01 0.8876235E-01 0.9076596E-01 0.9208519E-01 0.9291276E-01 0.9340807E-01 0.9399268E-01 0.9595262E-01 0.9870272E-01 0.9870272E-01 -9999.000 -9999.000 -9999.000 -9999.000 -9999.000 -9999.000 -9999.000 -9999.000 -9999.000 -9999.000 -9999.000 -9999.000 -9999.000 -9999.000 -9999.000 -9999.000 -9999.000 -9999.000 -9999.000 -9999.000 -9999.000 -9999.000 -9999.000 -9999.000 -9999.000 -9999.000 -9999.000 -9999.000 -9999.000
-9999.000 -9999.000 -9999.000 -9999.000 -9999.000 -9999.000 -9999.000 -9999.000 -9999.000 -9999.000 -9999.000 -9999.000 -9999.000 -9999.000 -9999.000 0.9005471E-01 0.7872380E-01 0.7372241E-01 0.7211510E-01 0.7503863E-01 0.7964952E-01 0.8429410E-01 0.8846071E-01 0.9187430E-01 0.9436645E-01 0.9620816E-01 0.9760623E-01 0.9918325E-01 0.1029549 0.1083054 0.1083054 -9999.000 -9999.000 -9999.000 -9999.000 -9999.000 -9999.000 -9999.000 -9999.000 -9999.000 -9999.000 -9999.000 -9999.000 -9999.000 -9999.000 -9999.000 -9999.000 -9999.000 -9999.000 -9999.000 -9999.000 -9999.000 -9999.000 -9999.000 -9999.000 -9999.000 -9999.000 -9999.000 -9999.000 -9999.000
-9999.000 -9999.000 -9999.000 -9999.000 -9999.000 -9999.000 -9999.000 -9999.000 -9999.000 -9999.000 -9999.000 -9999.000 -9999.000 -9999.000 -9999.000 0.9005596E-01 0.7456774E-01 0.6765883E-01 0.6543528E-01 0.6940174E-01 0.7563946E-01 0.8196178E-01 0.8774611E-01 0.9265082E-01 0.9643725E-01 0.9944851E-01 0.1019205 0.1046661 0.1104464 0.1189074 0.1189074 -9999.000 -9999.000 -9999.000 -9999.000 -9999.000 -9999.000 -9999.000 -9999.000 -9999.000 -9999.000 -9999.000 -9999.000 -9999.000 -9999.000 -9999.000 -9999.000 -9999.000 -9999.000 -9999.000 -9999.000 -9999.000 -9999.000 -9999.000 -9999.000 -9999.000 -9999.000 -9999.000 -9999.000 -9999.000
-9999.000 -9999.000 -9999.000 -9999.000 -9999.000 -9999.000 -9999.000 -9999.000 -9999.000 -9999.000 -9999.000 -9999.000 -9999.000 -9999.000 -9999.000 0.8982179E-01 0.7011452E-01 0.6128088E-01 0.5848490E-01 0.6355024E-01 0.7142733E-01 0.7942750E-01 0.8684810E-01 0.9328767E-01 0.9843254E-01 0.1026969 0.1063344 0.1103491 0.1182844 0.1303724 0.1303724 -9999.000 -9999.000 -9999.000 -9999.000 -9999.000 -9999.000 -9999.000 -9999.000 -9999.000 -9999.000 -9999.000 -9999.000 -9999.000 -9999.000 -9999.000 -9999.000 -9999.000 -9999.000 -9999.000 -9999.000 -9999.000 -9999.000 -9999.000 -9999.000 -9999.000 -9999.000 -9999.000 -9999.000 -9999.000
-9999.000 -9999.000 -9999.000 -9999.000 -9999.000 -9999.000 -9999.000 -9999.000 -9999.000 -9999.000 -9999.000 -9999.000 -9999.000 -9999.000 -9999.000 0.8941513E-01 0.6542184E-01 0.5466665E-01 0.5139480E-01 0.5764307E-01 0.6716668E-01 0.7683122E-01 0.8588957E-01 0.9388582E-01 0.1004243 0.1059908 0.1108489 0.1161996 0.1264211 0.1427226 0.1427226 -9999.000 -9999.000 -9999.000 -9999.000 -9999.000 -9999.000 -9999.000 -9999.000 -9999.000 -9999.000 -9999.000 -9999.000 -9999.000 -9999.000 -9999.000 -9999.000 -9999.000 -9999.000 -9999.000 -9999.000 -9999.000 -9999.000 -9999.000 -9999.000 -9999.000 -9999.000 -9999.000 -9999.000 -9999.000
-9999.000 -9999.000 -9999.000 -9999.000 -9999.000 -9999.000 -9999.000 -9999.000 -9999.000 -9999.000 -9999.000 -9999.000 -9999.000 -9999.000 -9999.000 0.8883292E-01 0.6049621E-01 0.4785375E-01 0.4428158E-01 0.5181516E-01 0.6296403E-01 0.7425541E-01 0.8493712E-01 0.9449808E-01 0.1024485 0.1093500 0.1154654 0.1222061 0.1348491 0.1560668 0.1560668 -9999.000 -9999.000 -9999.000 -9999.000 -9999.000 -9999.000 -9999.000 -9999.000 -9999.000 -9999.000 -9999.000 -9999.000 -9999.000 -9999.000 -9999.000 -9999.000 -9999.000 -9999.000 -9999.000 -9999.000 -9999.000 -9999.000 -9999.000 -9999.000 -9999.000 -9999.000 -9999.000 -9999.000 -9999.000
-9999.000 -9999.000 -9999.000 -9999.000 -9999.000 -9999.000 -9999.000 -9999.000 -9999.000 -9999.000 -9999.000 -9999.000 -9999.000 -9999.000 -9999.000 0.8804120E-01 0.5532192E-01 0.4087510E-01 0.3731538E-01 0.4622912E-01 0.5891891E-01 0.7176227E-01 0.8403385E-01 0.9515468E-01 0.1045250 0.1127847 0.1201856 0.1283652 0.1435791 0.1705781 0.1705781 -9999.000 -9999.000 -9999.000 -9999.000 -9999.000 -9999.000 -9999.000 -9999.000 -9999.000 -9999.000 -9999.000 -9999.000 -9999.000 -9999.000 -9999.000 -9999.000 -9999.000 -9999.000 -9999.000 -9999.000 -9999.000 -9999.000 -9999.000 -9999.000 -9999.000 -9999.000 -9999.000 -9999.000 -9999.000
-9999.000 -9999.000 -9999.000 -9999.000 -9999.000 -9999.000 -9999.000 -9999.000 -9999.000 -9999.000 -9999.000 -9999.000 -9999.000 -9999.000 -9999.000 0.8698851E-01 0.4987240E-01 0.3379484E-01 0.3082181E-01 0.4112494E-01 0.5514783E-01 0.6941197E-01 0.8321533E-01 0.9587915E-01 0.1066674 0.1163020 0.1250099 0.1346767 0.1526306 0.1864932 0.1864932 -9999.000 -9999.000 -9999.000 -9999.000 -9999.000 -9999.000 -9999.000 -9999.000 -9999.000 -9999.000 -9999.000 -9999.000 -9999.000 -9999.000 -9999.000 -9999.000 -9999.000 -9999.000 -9999.000 -9999.000 -9999.000 -9999.000 -9999.000 -9999.000 -9999.000 -9999.000 -9999.000 -9999.000 -9999.000
-9999.000 -9999.000 -9999.000 -9999.000 -9999.000 -9999.000 -9999.000 -9999.000 -9999.000 -9999.000 -9999.000 -9999.000 -9999.000 -9999.000 -9999.000 0.8560805E-01 0.4411604E-01 0.2677646E-01 0.2547598E-01 0.3687464E-01 0.5180373E-01 0.6727590E-01 0.8252115E-01 0.9669597E-01 0.1088896 0.1199088 0.1299402 0.1411413 0.1620286 0.2041256 0.2041256 -9999.000 -9999.000 -9999.000 -9999.000 -9999.000 -9999.000 -9999.000 -9999.000 -9999.000 -9999.000 -9999.000 -9999.000 -9999.000 -9999.000 -9999.000 -9999.000 -9999.000 -9999.000 -9999.000 -9999.000 -9999.000 -9999.000 -9999.000 -9999.000 -9999.000 -9999.000 -9999.000 -9999.000 -9999.000
-9999.000 -9999.000 -9999.000 -9999.000 -9999.000 -9999.000 -9999.000 -9999.000 -9999.000 -9999.000 -9999.000 -9999.000 -9999.000 -9999.000 -9999.000 0.8381880E-01 0.3802158E-01 0.2028173E-01 0.2253890E-01 0.3401902E-01 0.4909073E-01 0.6544618E-01 0.8200185E-01 0.9763627E-01 0.1112096 0.1236156 0.1349795 0.1477617 0.1718024 0.2238926 0.2238926 -9999.000 -9999.000 -9999.000 -9999.000 -9999.000 -9999.000 -9999.000 -9999.000 -9999.000 -9999.000 -9999.000 -9999.000 -9999.000 -9999.000 -9999.000 -9999.000 -9999.000 -9999.000 -9999.000 -9999.000 -9999.000 -9999.000 -9999.000 -9999.000 -9999.000 -9999.000 -9999.000 -9999.000 -9999.000
-9999.000 -9999.000 -9999.000 -9999.000 -9999.000 -9999.000 -9999.000 -9999.000 -9999.000 -9999.000 -9999.000 -9999.000 -9999.000 -9999.000 -9999.000 0.8151986E-01 0.3156962E-01 0.1566993E-01 0.2346402E-01 0.3321318E-01 0.4728422E-01 0.6405611E-01 0.8173427E-01 0.9875001E-01 0.1136591 0.1274424 0.1401375 0.1545442 0.1819862 0.2463596 0.2463596 -9999.000 -9999.000 -9999.000 -9999.000 -9999.000 -9999.000 -9999.000 -9999.000 -9999.000 -9999.000 -9999.000 -9999.000 -9999.000 -9999.000 -9999.000 -9999.000 -9999.000 -9999.000 -9999.000 -9999.000 -9999.000 -9999.000 -9999.000 -9999.000 -9999.000 -9999.000 -9999.000 -9999.000 -9999.000
-9999.000 -9999.000 -9999.000 -9999.000 -9999.000 -9999.000 -9999.000 -9999.000 -9999.000 -9999.000 -9999.000 -9999.000 -9999.000 -9999.000 -9999.000 0.7854499E-01 0.2479243E-01 0.1587922E-01 0.2862080E-01 0.3518236E-01 0.4689981E-01 0.6342231E-01 0.8192687E-01 0.1001815 0.1163383 0.1314591 0.1454578 0.1615175 0.1926316 0.2723180 0.2723180 -9999.000 -9999.000 -9999.000 -9999.000 -9999.000 -9999.000 -9999.000 -9999.000 -9999.000 -9999.000 -9999.000 -9999.000 -9999.000 -9999.000 -9999.000 -9999.000 -9999.000 -9999.000 -9999.000 -9999.000 -9999.000 -9999.000 -9999.000 -9999.000 -9999.000 -9999.000 -9999.000 -9999.000 -9999.000
-9999.000 -9999.000 -9999.000 -9999.000 -9999.000 -9999.000 -9999.000 -9999.000 -9999.000 -9999.000 -9999.000 -9999.000 -9999.000 -9999.000 -9999.000 0.7336797E-01 0.1939852E-01 0.2773734E-01 0.4281002E-01 0.4619655E-01 0.5381768E-01 0.6797906E-01 0.8574529E-01 0.1041789 0.1208531 0.1368010 0.1517270 0.1692096 0.2041049 0.3031225 0.3031225 -9999.000 -9999.000 -9999.000 -9999.000 -9999.000 -9999.000 -9999.000 -9999.000 -9999.000 -9999.000 -9999.000 -9999.000 -9999.000 -9999.000 -9999.000 -9999.000 -9999.000 -9999.000 -9999.000 -9999.000 -9999.000 -9999.000 -9999.000 -9999.000 -9999.000 -9999.000 -9999.000 -9999.000 -9999.000
-9999.000 -9999.000 -9999.000 -9999.000 -9999.000 -9999.000 -9999.000 -9999.000 -9999.000 -9999.000 -9999.000 -9999.000 -9999.000 -9999.000 -9999.000 0.1147433 0.1771572 0.2097638 0.2021698 0.1701031 0.1482026 0.1340649 0.1288809 0.1314994 0.1384341 0.1489006 0.1610395 0.1779261 0.2159413 0.3381135 0.3381135 -9999.000 -9999.000 -9999.000 -9999.000 -9999.000 -9999.000 -9999.000 -9999.000 -9999.000 -9999.000 -9999.000 -9999.000 -9999.000 -9999.000 -9999.000 -9999.000 -9999.000 -9999.000 -9999.000 -9999.000 -9999.000 -9999.000 -9999.000 -9999.000 -9999.000 -9999.000 -9999.000 -9999.000 -9999.000
2.911537 2.911537 2.924058 2.929768 2.949290 2.949290 2.951856 2.951250 2.951250 2.947140 2.947140 2.940623 2.936706 2.932445 2.928253 2.928253 3.097796 3.102832 3.104090 3.103178 3.073058 3.018847 2.941108 2.838996 2.712539 2.566980 2.404121 2.232382 2.075868 2.009491 2.009491 2.828017 3.005239 3.114494 3.143128 3.143128 3.184422 3.184422 3.180918 3.180918 3.144950 2.984516 2.984516 2.685721 2.685721 2.246886 2.246886 2.246886 2.207583 2.207583 2.229434 2.229434 2.275038 2.275038 2.325552 2.325552 2.372395 2.372395 2.372395 2.410966
2.935149 2.935149 2.956512 2.985171 3.012190 3.012190 3.026933 3.049639 3.049639 3.068395 3.068395 3.084541 3.091884 3.098839 3.105782 3.105782 3.230690 3.251631 3.268010 3.282359 3.289471 3.289966 3.282413 3.263931 3.231392 3.183309 3.117486 3.034081 2.938773 2.856131 2.856131 3.282293 3.436756 3.591148 3.634648 3.634648 3.687236 3.687236 3.696705 3.696705 3.681029 3.592087 3.592087 3.415789 3.415789 3.092526 3.092526 3.092526 3.047676 3.047676 3.071326 3.071326 3.119474 3.119474 3.172488 3.172488 3.222167 3.222167 3.222167 3.264865
2.940017 2.940017 2.958939 2.987053 3.011903 3.011903 3.027329 3.050924 3.050924 3.070326 3.070326 3.087196 3.094938 3.102320 3.109757 3.109757 3.220232 3.254617 3.283563 3.308946 3.328959 3.343996 3.354217 3.358916 3.356728 3.346575 3.326610 3.295619 3.255491 3.220571 3.220571 3.454386 3.601434 3.776685 3.829696 3.829696 3.887978 3.887978 3.885128 3.885128 3.860282 3.767598 3.767598 3.635075 3.635075 3.382256 3.382256 3.382256 3.323688 3.323688 3.333345 3.333345 3.372181 3.372181 3.418902 3.418902 3.464071 3.464071 3.464071 3.503478
2.943007 2.943007 2.961105 2.987627 3.010969 3.010969 3.026828 3.050894 3.050894 3.070344 3.070344 3.087209 3.094956 3.102347 3.109874 3.109874 3.210791 3.256047 3.296542 3.332368 3.362334 3.386395 3.404886 3.417972 3.425521 3.427533 3.423563 3.413212 3.397659 3.385763 3.385763 3.527633 3.656000 3.835044 3.892166 3.892166 3.945426 3.945426 3.917547 3.917547 3.879701 3.788563 3.788563 3.700643 3.700643 3.519195 3.519195 3.519195 3.453015 3.453015 3.447249 3.447249 3.475544 3.475544 3.516306 3.516306 3.557899 3.557899 3.557899 3.594759
2.944143 2.944143 2.960317 2.987504 3.010012 3.010012 3.026296 3.050848 3.050848 3.070342 3.070342 3.087189 3.094931 3.102320 3.109972 3.109972 3.206424 3.260675 3.311414 3.356981 3.396178 3.428630 3.454479 3.473994 3.487409 3.495115 3.497407 3.494648 3.488165 3.484137 3.484137 3.572825 3.678293 3.845822 3.897770 3.897770 3.922850 3.922850 3.859700 3.859700 3.815362 3.748013 3.748013 3.709156 3.709156 3.599700 3.599700 3.599700 3.535748 3.535748 3.515853 3.515853 3.531126 3.531126 3.563697 3.563697 3.600298 3.600298 3.600298 3.633661
2.940701 2.940701 2.965014 2.987175 3.009256 3.009256 3.025892 3.050855 3.050855 3.070392 3.070392 3.087225 3.094964 3.102353 3.110188 3.110188 3.208245 3.270488 3.330205 3.384516 3.432030 3.472197 3.504982 3.530594 3.549320 3.561594 3.567917 3.568923 3.565944 3.563486 3.563486 3.617437 3.697940 3.835949 3.867922 3.867922 3.835451 3.835451 3.744262 3.744262 3.710772 3.688654 3.688654 3.695328 3.695328 3.650102 3.650102 3.650102 3.598398 3.598398 3.569835 3.569835 3.571651 3.571651 3.593707 3.593707 3.623133 3.623133 3.623133 3.651287
2.940294 2.940294 2.967361 2.986934 3.008777 3.008777 3.025623 3.050848 3.050848 3.070410 3.070410 3.087234 3.094969 3.102357 3.110451 3.110451 3.216990 3.286952 3.354653 3.416606 3.471334 3.518243 3.557235 3.588457 3.612180 3.628793 3.638777 3.642771 3.641911 3.639332 3.639332 3.669634 3.724463 3.807259 3.796712 3.796712 3.690433 3.690433 3.610905 3.610905 3.604406 3.632398 3.632398 3.674004 3.674004 3.680165 3.680165 3.680165 3.647431 3.647431 3.617833 3.617833 3.608697 3.608697 3.619062 3.619062 3.639195 3.639195 3.639195 3.660182
2.940159 2.940159 2.968138 2.986858 3.008617 3.008617 3.025532 3.050845 3.050845 3.070417 3.070417 3.087236 3.094971 3.102358 3.110814 3.110814 3.233724 3.311710 3.386665 3.455151 3.515843 3.568279 3.612410 3.648400 3.676513 3.697085 3.710533 3.717391 3.718504 3.715677 3.715677 3.729105 3.756331 3.740875 3.663713 3.663713 3.511878 3.511878 3.490733 3.490733 3.515020 3.583008 3.583008 3.648480 3.648480 3.693588 3.693588 3.693588 3.682387 3.682387 3.658942 3.658942 3.643613 3.643613 3.642872 3.642872 3.652311 3.652311 3.652311 3.664356
2.940293 2.940293 2.967360 2.986934 3.008777 3.008777 3.025623 3.050848 3.050848 3.070410 3.070410 3.087233 3.094970 3.102356 3.111312 3.111312 3.259982 3.346650 3.428300 3.502199 3.567488 3.624017 3.671939 3.711518 3.743059 3.766886 3.783353 3.792867 3.795901 3.792529 3.792529 3.790930 3.781170 3.602947 3.461026 3.461026 3.342411 3.342411 3.398834 3.398834 3.445882 3.539243 3.539243 3.620315 3.620315 3.694201 3.694201 3.694201 3.703613 3.703613 3.691171 3.691171 3.674664 3.674664 3.665016 3.665016 3.663342 3.663342 3.663342 3.665055
2.940701 2.940701 2.965014 2.987175 3.009257 3.009257 3.025892 3.050855 3.050855 3.070392 3.070392 3.087225 3.094965 3.102352 3.111994 3.111994 3.298098 3.394221 3.481982 3.560035 3.628361 3.687335 3.737431 3.779116 3.812800 3.838832 3.857535 3.869198 3.873686 3.867517 3.867517 3.842962 3.766450 3.376410 3.224293 3.224293 3.216240 3.216240 3.331810 3.331810 3.391131 3.498646 3.498646 3.590046 3.590046 3.684832 3.684832 3.684832 3.711871 3.711871 3.712370 3.712370 3.699029 3.699029 3.683579 3.683579 3.671439 3.671439 3.671439 3.662113
2.944143 2.944143 2.960316 2.987504 3.010012 3.010012 3.026296 3.050848 3.050848 3.070342 3.070342 3.087190 3.094931 3.102320 3.112906 3.112906 3.351695 3.457786 3.550731 3.631335 3.700801 3.760249 3.810612 3.852628 3.886862 3.913738 3.933578 3.946510 3.950858 3.932610 3.932610 3.851695 3.648866 3.103571 3.022874 3.022874 3.132894 3.132894 3.276513 3.276513 3.341393 3.456935 3.456935 3.555578 3.555578 3.665394 3.665394 3.665394 3.706371 3.706371 3.719347 3.719347 3.711816 3.711816 3.693724 3.693724 3.672716 3.672716 3.672716 3.652576
2.943006 2.943006 2.961104 2.987627 3.010969 3.010969 3.026828 3.050894 3.050894 3.070344 3.070344 3.087209 3.094956 3.102346 3.114229 3.114229 3.426714 3.542379 3.638681 3.719459 3.787555 3.845026 3.893356 3.933600 3.966506 3.992582 4.012168 4.024966 4.023632 3.957039 3.957039 3.735803 3.372854 2.876794 2.894370 2.894370 3.066519 3.066519 3.219923 3.219923 3.287369 3.408160 3.408160 3.512066 3.512066 3.632399 3.632399 3.632399 3.683657 3.683657 3.707089 3.707089 3.706071 3.706071 3.687696 3.687696 3.659877 3.659877 3.659877 3.630061
