simulation_files/asc/Velocity__x_205.0.asc
NCOLS        79
NROWS        79
XLLCENTER         -1.500000
YLLCENTER         -4.800000
CELLSIZE           0.100
NODATA_VALUE     -9999.0
[rows 0 to 25 of 79, columns 0 to 57 of 79]
-9999.000 -9999.000 -9999.000 -9999.000 -9999.000 -9999.000 -9999.000 -9999.000 -9999.000 -9999.000 -9999.000 -9999.000 -9999.000 -9999.000 -9999.000 -0.2072282E-02 -0.2154196E-02 0.9216901E-03 0.5742520E-02 0.1096665E-01 0.1541615E-01 0.1864301E-01 0.2057737E-01 0.2126963E-01 0.2087420E-01 0.1956233E-01 0.1743202E-01 0.1445518E-01 0.1009350E-01 0.4936584E-02 0.4936584E-02 -9999.000 -9999.000 -9999.000 -9999.000 -9999.000 -9999.000 -9999.000 -9999.000 -9999.000 -9999.000 -9999.000 -9999.000 -9999.000 -9999.000 -9999.000 -9999.000 -9999.000 -9999.000 -9999.000 -9999.000 -9999.000 -9999.000 -9999.000 -9999.000 -9999.000 -9999.000 -9999.000
-9999.000 -9999.000 -9999.000 -9999.000 -9999.000 -9999.000 -9999.000 -9999.000 -9999.000 -9999.000 -9999.000 -9999.000 -9999.000 -9999.000 -9999.000 -0.8251898E-03 0.2927917E-03 0.4377638E-02 0.1004458E-01 0.1601193E-01 0.2112447E-01 0.2488085E-01 0.2713776E-01 0.2788809E-01 0.2724406E-01 0.2535515E-01 0.2232605E-01 0.1816837E-01 0.1246918E-01 0.6080829E-02 0.6080829E-02 -9999.000 -9999.000 -9999.000 -9999.000 -9999.000 -9999.000 -9999.000 -9999.000 -9999.000 -9999.000 -9999.000 -9999.000 -9999.000 -9999.000 -9999.000 -9999.000 -9999.000 -9999.000 -9999.000 -9999.000 -9999.000 -9999.000 -9999.000 -9999.000 -9999.000 -9999.000 -9999.000
-9999.000 -9999.000 -9999.000 -9999.000 -9999.000 -9999.000 -9999.000 -9999.000 -9999.000 -9999.000 -9999.000 -9999.000 -9999.000 -9999.000 -9999.000 -0.4170288E-03 0.1195562E-02 0.5871981E-02 0.1210566E-01 0.1857304E-01 0.2408329E-01 0.2811756E-01 0.3052197E-01 0.3128144E-01 0.3050735E-01 0.2835358E-01 0.2493350E-01 0.2027049E-01 0.1395082E-01 0.6842067E-02 0.6842067E-02 -9999.000 -9999.000 -9999.000 -9999.000 -9999.000 -9999.000 -9999.000 -9999.000 -9999.000 -9999.000 -9999.000 -9999.000 -9999.000 -9999.000 -9999.000 -9999.000 -9999.000 -9999.000 -9999.000 -9999.000 -9999.000 -9999.000 -9999.000 -9999.000 -9999.000 -9999.000 -9999.000
-9999.000 -9999.000 -9999.000 -9999.000 -9999.000 -9999.000 -9999.000 -9999.000 -9999.000 -9999.000 -9999.000 -9999.000 -9999.000 -9999.000 -9999.000 -0.2294834E-03 0.1649368E-02 0.6687550E-02 0.1329022E-01 0.2009138E-01 0.2586764E-01 0.3009102E-01 0.3260477E-01 0.3339157E-01 0.3256614E-01 0.3028636E-01 0.2666838E-01 0.2173691E-01 0.1505496E-01 0.7437774E-02 0.7437774E-02 -9999.000 -9999.000 -9999.000 -9999.000 -9999.000 -9999.000 -9999.000 -9999.000 -9999.000 -9999.000 -9999.000 -9999.000 -9999.000 -9999.000 -9999.000 -9999.000 -9999.000 -9999.000 -9999.000 -9999.000 -9999.000 -9999.000 -9999.000 -9999.000 -9999.000 -9999.000 -9999.000
-9999.000 -9999.000 -9999.000 -9999.000 -9999.000 -9999.000 -9999.000 -9999.000 -9999.000 -9999.000 -9999.000 -9999.000 -9999.000 -9999.000 -9999.000 -0.1090648E-03 0.1962425E-02 0.7281319E-02 0.1417780E-01 0.2124523E-01 0.2723145E-01 0.3160623E-01 0.3421386E-01 0.3503741E-01 0.3419608E-01 0.3185062E-01 0.2811706E-01 0.2301564E-01 0.1607378E-01 0.8009067E-02 0.8009067E-02 -9999.000 -9999.000 -9999.000 -9999.000 -9999.000 -9999.000 -9999.000 -9999.000 -9999.000 -9999.000 -9999.000 -9999.000 -9999.000 -9999.000 -9999.000 -9999.000 -9999.000 -9999.000 -9999.000 -9999.000 -9999.000 -9999.000 -9999.000 -9999.000 -9999.000 -9999.000 -9999.000
-9999.000 -9999.000 -9999.000 -9999.000 -9999.000 -9999.000 -9999.000 -9999.000 -9999.000 -9999.000 -9999.000 -9999.000 -9999.000 -9999.000 -9999.000 0.4650201E-05 0.2259054E-02 0.7843898E-02 0.1501618E-01 0.2232917E-01 0.2850488E-01 0.3301575E-01 0.3571137E-01 0.3657603E-01 0.3573529E-01 0.3335241E-01 0.2954045E-01 0.2431305E-01 0.1715012E-01 0.8628617E-02 0.8628617E-02 -9999.000 -9999.000 -9999.000 -9999.000 -9999.000 -9999.000 -9999.000 -9999.000 -9999.000 -9999.000 -9999.000 -9999.000 -9999.000 -9999.000 -9999.000 -9999.000 -9999.000 -9999.000 -9999.000 -9999.000 -9999.000 -9999.000 -9999.000 -9999.000 -9999.000 -9999.000 -9999.000
-9999.000 -9999.000 -9999.000 -9999.000 -9999.000 -9999.000 -9999.000 -9999.000 -9999.000 -9999.000 -9999.000 -9999.000 -9999.000 -9999.000 -9999.000 0.1387717E-03 0.2595243E-02 0.8460112E-02 0.1591595E-01 0.2347500E-01 0.2983586E-01 0.3447874E-01 0.3726167E-01 0.3817165E-01 0.3734163E-01 0.3493760E-01 0.3106863E-01 0.2573766E-01 0.1836635E-01 0.9341780E-02 0.9341780E-02 -9999.000 -9999.000 -9999.000 -9999.000 -9999.000 -9999.000 -9999.000 -9999.000 -9999.000 -9999.000 -9999.000 -9999.000 -9999.000 -9999.000 -9999.000 -9999.000 -9999.000 -9999.000 -9999.000 -9999.000 -9999.000 -9999.000 -9999.000 -9999.000 -9999.000 -9999.000 -9999.000
-9999.000 -9999.000 -9999.000 -9999.000 -9999.000 -9999.000 -9999.000 -9999.000 -9999.000 -9999.000 -9999.000 -9999.000 -9999.000 -9999.000 -9999.000 0.3075212E-03 0.3000067E-02 0.9173567E-02 0.1693354E-01 0.2475002E-01 0.3130000E-01 0.3607701E-01 0.3895025E-01 0.3991081E-01 0.3910160E-01 0.3669052E-01 0.3278124E-01 0.2736328E-01 0.1978670E-01 0.1018736E-01 0.1018736E-01 -9999.000 -9999.000 -9999.000 -9999.000 -9999.000 -9999.000 -9999.000 -9999.000 -9999.000 -9999.000 -9999.000 -9999.000 -9999.000 -9999.000 -9999.000 -9999.000 -9999.000 -9999.000 -9999.000 -9999.000 -9999.000 -9999.000 -9999.000 -9999.000 -9999.000 -9999.000 -9999.000
-9999.000 -9999.000 -9999.000 -9999.000 -9999.000 -9999.000 -9999.000 -9999.000 -9999.000 -9999.000 -9999.000 -9999.000 -9999.000 -9999.000 -9999.000 0.5205585E-03 0.3492958E-02 0.1001367E-01 0.1810681E-01 0.2619904E-01 0.3294726E-01 0.3786466E-01 0.4083495E-01 0.4185485E-01 0.4107843E-01 0.3867670E-01 0.3474538E-01 0.2925818E-01 0.2147827E-01 0.1120829E-01 0.1120829E-01 -9999.000 -9999.000 -9999.000 -9999.000 -9999.000 -9999.000 -9999.000 -9999.000 -9999.000 -9999.000 -9999.000 -9999.000 -9999.000 -9999.000 -9999.000 -9999.000 -9999.000 -9999.000 -9999.000 -9999.000 -9999.000 -9999.000 -9999.000 -9999.000 -9999.000 -9999.000 -9999.000
-9999.000 -9999.000 -9999.000 -9999.000 -9999.000 -9999.000 -9999.000 -9999.000 -9999.000 -9999.000 -9999.000 -9999.000 -9999.000 -9999.000 -9999.000 0.7869489E-03 0.4092262E-02 0.1100719E-01 0.1946974E-01 0.2786213E-01 0.3482329E-01 0.3989184E-01 0.4297038E-01 0.4406219E-01 0.4333593E-01 0.4096478E-01 0.3703574E-01 0.3150284E-01 0.2352463E-01 0.1245996E-01 0.1245996E-01 -9999.000 -9999.000 -9999.000 -9999.000 -9999.000 -9999.000 -9999.000 -9999.000 -9999.000 -9999.000 -9999.000 -9999.000 -9999.000 -9999.000 -9999.000 -9999.000 -9999.000 -9999.000 -9999.000 -9999.000 -9999.000 -9999.000 -9999.000 -9999.000 -9999.000 -9999.000 -9999.000
-9999.000 -9999.000 -9999.000 -9999.000 -9999.000 -9999.000 -9999.000 -9999.000 -9999.000 -9999.000 -9999.000 -9999.000 -9999.000 -9999.000 -9999.000 0.1117123E-02 0.4818874E-02 0.1218501E-01 0.2106221E-01 0.2978677E-01 0.3698134E-01 0.4221769E-01 0.4542121E-01 0.4660361E-01 0.4595164E-01 0.4364112E-01 0.3974785E-01 0.3420321E-01 0.2603896E-01 0.1401875E-01 0.1401875E-01 -9999.000 -9999.000 -9999.000 -9999.000 -9999.000 -9999.000 -9999.000 -9999.000 -9999.000 -9999.000 -9999.000 -9999.000 -9999.000 -9999.000 -9999.000 -9999.000 -9999.000 -9999.000 -9999.000 -9999.000 -9999.000 -9999.000 -9999.000 -9999.000 -9999.000 -9999.000 -9999.000
-9999.000 -9999.000 -9999.000 -9999.000 -9999.000 -9999.000 -9999.000 -9999.000 -9999.000 -9999.000 -9999.000 -9999.000 -9999.000 -9999.000 -9999.000 0.1527581E-02 0.5707323E-02 0.1360050E-01 0.2295681E-01 0.3205122E-01 0.3950561E-01 0.4493194E-01 0.4828344E-01 0.4958222E-01 0.4903750E-01 0.4682861E-01 0.4301828E-01 0.3751081E-01 0.2918532E-01 0.1599507E-01 0.1599507E-01 -9999.000 -9999.000 -9999.000 -9999.000 -9999.000 -9999.000 -9999.000 -9999.000 -9999.000 -9999.000 -9999.000 -9999.000 -9999.000 -9999.000 -9999.000 -9999.000 -9999.000 -9999.000 -9999.000 -9999.000 -9999.000 -9999.000 -9999.000 -9999.000 -9999.000 -9999.000 -9999.000
-9999.000 -9999.000 -9999.000 -9999.000 -9999.000 -9999.000 -9999.000 -9999.000 -9999.000 -9999.000 -9999.000 -9999.000 -9999.000 -9999.000 -9999.000 0.2099987E-02 0.6932057E-02 0.1553289E-01 0.2550763E-01 0.3502155E-01 0.4273394E-01 0.4834890E-01 0.5184890E-01 0.5327079E-01 0.5285357E-01 0.5078080E-01 0.4710050E-01 0.4168545E-01 0.3322842E-01 0.1856299E-01 0.1856299E-01 -9999.000 -9999.000 -9999.000 -9999.000 -9999.000 -9999.000 -9999.000 -9999.000 -9999.000 -9999.000 -9999.000 -9999.000 -9999.000 -9999.000 -9999.000 -9999.000 -9999.000 -9999.000 -9999.000 -9999.000 -9999.000 -9999.000 -9999.000 -9999.000 -9999.000 -9999.000 -9999.000
-9999.000 -9999.000 -9999.000 -9999.000 -9999.000 -9999.000 -9999.000 -9999.000 -9999.000 -9999.000 -9999.000 -9999.000 -9999.000 -9999.000 -9999.000 0.4873247E-02 0.1283248E-01 0.2497932E-01 0.3660981E-01 0.4583500E-01 0.5286455E-01 0.5777716E-01 0.6057839E-01 0.6135738E-01 0.6040750E-01 0.5791641E-01 0.5390716E-01 0.4820224E-01 0.3924940E-01 0.2231632E-01 0.2231632E-01 -9999.000 -9999.000 -9999.000 -9999.000 -9999.000 -9999.000 -9999.000 -9999.000 -9999.000 -9999.000 -9999.000 -9999.000 -9999.000 -9999.000 -9999.000 -9999.000 -9999.000 -9999.000 -9999.000 -9999.000 -9999.000 -9999.000 -9999.000 -9999.000 -9999.000 -9999.000 -9999.000
-9999.000 -9999.000 -9999.000 -9999.000 -9999.000 -9999.000 -9999.000 -9999.000 -9999.000 -9999.000 -9999.000 -9999.000 -9999.000 -9999.000 -9999.000 0.1171115 0.1809682 0.2147124 0.2086972 0.1774172 0.1523680 0.1309522 0.1126427 0.9711500E-01 0.8406652E-01 0.7280911E-01 0.6271542E-01 0.5297817E-01 0.4136551E-01 0.1974743E-01 0.1974743E-01 -9999.000 -9999.000 -9999.000 -9999.000 -9999.000 -9999.000 -9999.000 -9999.000 -9999.000 -9999.000 -9999.000 -9999.000 -9999.000 -9999.000 -9999.000 -9999.000 -9999.000 -9999.000 -9999.000 -9999.000 -9999.000 -9999.000 -9999.000 -9999.000 -9999.000 -9999.000 -9999.000
2.936654 2.936654 2.915897 2.945065 2.962860 2.962860 2.965381 2.964931 2.964931 2.961022 2.961022 2.954836 2.951132 2.947107 2.943034 2.943034 3.111027 3.116222 3.117720 3.117617 3.089252 3.035938 2.958523 2.856491 2.728785 2.581542 2.416130 2.240579 2.077686 1.996905 1.996905 2.834333 3.016564 3.128899 3.158365 3.158365 3.201885 3.201885 3.203428 3.203428 3.171541 3.021326 3.021326 2.735888 2.735888 2.283018 2.283018 2.283018 2.234168 2.234168 2.251106 2.251106 2.294900 2.294900 2.345387 2.345387 2.393270 2.393270
2.961020 2.961020 2.946689 3.000708 3.025992 3.025992 3.040731 3.063691 3.063691 3.082746 3.082746 3.099321 3.106926 3.114166 3.121292 3.121292 3.244202 3.265119 3.281599 3.296224 3.303585 3.303786 3.295306 3.275292 3.240230 3.188918 3.119126 3.031074 2.930674 2.843378 2.843378 3.282266 3.444619 3.603893 3.648334 3.648334 3.702857 3.702857 3.715864 3.715864 3.702369 3.619314 3.619314 3.451272 3.451272 3.129395 3.129395 3.129395 3.073496 3.073496 3.091627 3.091627 3.137667 3.137667 3.190413 3.190413 3.240786 3.240786
2.967000 2.967000 2.947580 3.002728 3.025850 3.025850 3.041215 3.065046 3.065046 3.084742 3.084742 3.102032 3.110037 3.117698 3.125304 3.125304 3.233536 3.267762 3.296742 3.322234 3.342236 3.356703 3.365547 3.367965 3.362327 3.347631 3.322061 3.284514 3.237206 3.195600 3.195600 3.440134 3.597014 3.782500 3.838211 3.838211 3.901238 3.901238 3.904138 3.904138 3.881892 3.790166 3.790166 3.658664 3.658664 3.414814 3.414814 3.414814 3.348738 3.348738 3.352700 3.352700 3.388969 3.388969 3.435100 3.435100 3.480772 3.480772
2.971350 2.971350 2.947745 3.003416 3.024952 3.024952 3.040625 3.064879 3.064879 3.084659 3.084659 3.102006 3.110048 3.117745 3.125443 3.125443 3.223949 3.268933 3.309402 3.345245 3.375041 3.398378 3.415297 3.425773 3.429432 3.426210 3.415653 3.397437 3.373019 3.352305 3.352305 3.499189 3.636273 3.829389 3.891884 3.891884 3.955934 3.955934 3.937809 3.937809 3.901729 3.805307 3.805307 3.713074 3.713074 3.545437 3.545437 3.545437 3.477525 3.477525 3.466980 3.466980 3.492127 3.492127 3.531737 3.531737 3.573532 3.573532
2.974079 2.974079 2.944717 3.003753 3.024342 3.024342 3.040339 3.065047 3.065047 3.084849 3.084849 3.102129 3.110140 3.117812 3.125582 3.125582 3.219398 3.273238 3.323843 3.369270 3.408067 3.439549 3.463569 3.480181 3.489386 3.491438 3.486568 3.475147 3.458691 3.444220 3.444220 3.532295 3.643323 3.826375 3.887071 3.887071 3.932295 3.932295 3.881706 3.881706 3.836445 3.758613 3.758613 3.713564 3.713564 3.619099 3.619099 3.619099 3.559107 3.559107 3.536636 3.536636 3.548568 3.548568 3.579338 3.579338 3.615705 3.615705
2.975238 2.975238 2.945868 3.003741 3.023722 3.023722 3.039943 3.065015 3.065015 3.084864 3.084864 3.102128 3.110133 3.117798 3.125695 3.125695 3.220910 3.282605 3.342015 3.395933 3.442701 3.481508 3.512060 3.534359 3.548479 3.554693 3.553391 3.545166 3.531456 3.517389 3.517389 3.566260 3.648621 3.803145 3.848992 3.848992 3.847766 3.847766 3.766894 3.766894 3.729005 3.694793 3.694793 3.695902 3.695902 3.663758 3.663758 3.663758 3.619746 3.619746 3.591522 3.591522 3.590548 3.590548 3.610320 3.610320 3.639019 3.639019
2.971990 2.971990 2.949410 3.003784 3.023411 3.023411 3.039737 3.064975 3.064975 3.084805 3.084805 3.102045 3.110050 3.117722 3.125821 3.125821 3.229345 3.298614 3.365756 3.426933 3.480415 3.525395 3.561566 3.588895 3.607465 3.617504 3.619366 3.613605 3.601397 3.586333 3.586333 3.608331 3.661892 3.765662 3.777290 3.777290 3.708404 3.708404 3.630109 3.630109 3.617889 3.636064 3.636064 3.673703 3.673703 3.689777 3.689777 3.689777 3.666049 3.666049 3.639518 3.639518 3.629080 3.629080 3.637063 3.637063 3.656046 3.656046
2.971731 2.971731 2.950222 3.003625 3.023163 3.023163 3.039563 3.064955 3.064955 3.084855 3.084855 3.102115 3.110121 3.117789 3.126150 3.126150 3.245801 3.322853 3.396810 3.463906 3.522610 3.572303 3.612791 3.644100 3.666343 3.679707 3.684465 3.681045 3.670272 3.654333 3.654333 3.657522 3.682271 3.701616 3.655645 3.655645 3.533169 3.533169 3.505939 3.505939 3.525544 3.587054 3.587054 3.649771 3.649771 3.701517 3.701517 3.701517 3.698742 3.698742 3.680197 3.680197 3.665082 3.665082 3.662476 3.662476 3.670591 3.670591
2.971990 2.971990 2.949410 3.003784 3.023411 3.023411 3.039737 3.064974 3.064974 3.084805 3.084805 3.102045 3.110050 3.117722 3.126468 3.126468 3.271599 3.356948 3.436901 3.508479 3.570707 3.623373 3.666552 3.700424 3.725185 3.741026 3.748154 3.746851 3.737540 3.720796 3.720796 3.708923 3.700237 3.582705 3.471124 3.471124 3.361727 3.361727 3.410459 3.410459 3.454800 3.544436 3.544436 3.623651 3.623651 3.701769 3.701769 3.701769 3.718158 3.718158 3.711372 3.711372 3.696704 3.696704 3.686189 3.686189 3.683375 3.683375
2.975238 2.975238 2.945869 3.003742 3.023722 3.023722 3.039943 3.065015 3.065015 3.084863 3.084863 3.102128 3.110132 3.117797 3.127057 3.127057 3.309124 3.403198 3.488100 3.562403 3.626121 3.679680 3.723579 3.758252 3.784036 3.801167 3.809816 3.810122 3.801958 3.783065 3.783065 3.752568 3.691560 3.384713 3.246175 3.246175 3.231195 3.231195 3.342307 3.342307 3.400324 3.505758 3.505758 3.595906 3.595906 3.693320 3.693320 3.693320 3.725704 3.725704 3.731708 3.731708 3.721421 3.721421 3.706387 3.706387 3.693681 3.693681
2.974079 2.974079 2.944717 3.003753 3.024342 3.024342 3.040339 3.065047 3.065047 3.084848 3.084848 3.102129 3.110140 3.117812 3.127805 3.127805 3.361695 3.464409 3.552619 3.627336 3.690021 3.741999 3.784314 3.817727 3.842754 3.859704 3.868738 3.869831 3.861654 3.834425 3.834425 3.763900 3.605484 3.130753 3.044373 3.044373 3.145207 3.145207 3.287146 3.287146 3.351429 3.465827 3.465827 3.563715 3.563715 3.675264 3.675264 3.675264 3.720210 3.720210 3.738066 3.738066 3.734274 3.734274 3.717904 3.717904 3.697241 3.697241
