simulation_files/asc/Velocity__y_123.0.asc
NCOLS        79
NROWS        79
XLLCENTER         -1.500000
YLLCENTER         -4.800000
CELLSIZE           0.100
NODATA_VALUE     -9999.0
[rows 0 to 25 of 79, columns 0 to 58 of 79]
-9999.000 -9999.000 -9999.000 -9999.000 -9999.000 -9999.000 -9999.000 -9999.000 -9999.000 -9999.000 -9999.000 -9999.000 -9999.000 -9999.000 -9999.000 -0.1439508 -0.1427975 -0.1427360 -0.1428359 -0.1430168 -0.1432371 -0.1434664 -0.1436762 -0.1438561 -0.1440258 -0.1442475 -0.1446687 -0.1455973 -0.1475792 -0.1478319 -0.1478319 -9999.000 -9999.000 -9999.000 -9999.000 -9999.000 -9999.000 -9999.000 -9999.000 -9999.000 -9999.000 -9999.000 -9999.000 -9999.000 -9999.000 -9999.000 -9999.000 -9999.000 -9999.000 -9999.000 -9999.000 -9999.000 -9999.000 -9999.000 -9999.000 -9999.000 -9999.000 -9999.000 -9999.000
-9999.000 -9999.000 -9999.000 -9999.000 -9999.000 -9999.000 -9999.000 -9999.000 -9999.000 -9999.000 -9999.000 -9999.000 -9999.000 -9999.000 -9999.000 -0.1419501 -0.1395154 -0.1393714 -0.1395857 -0.1399884 -0.1404896 -0.1410230 -0.1415265 -0.1419797 -0.1424258 -0.1429998 -0.1440134 -0.1461066 -0.1503946 -0.1514674 -0.1514674 -9999.000 -9999.000 -9999.000 -9999.000 -9999.000 -9999.000 -9999.000 -9999.000 -9999.000 -9999.000 -9999.000 -9999.000 -9999.000 -9999.000 -9999.000 -9999.000 -9999.000 -9999.000 -9999.000 -9999.000 -9999.000 -9999.000 -9999.000 -9999.000 -9999.000 -9999.000 -9999.000 -9999.000
-9999.000 -9999.000 -9999.000 -9999.000 -9999.000 -9999.000 -9999.000 -9999.000 -9999.000 -9999.000 -9999.000 -9999.000 -9999.000 -9999.000 -9999.000 -0.1386914 -0.1348867 -0.1346573 -0.1350528 -0.1357984 -0.1367434 -0.1377752 -0.1387894 -0.1397498 -0.1407280 -0.1419439 -0.1439009 -0.1476180 -0.1548537 -0.1575143 -0.1575143 -9999.000 -9999.000 -9999.000 -9999.000 -9999.000 -9999.000 -9999.000 -9999.000 -9999.000 -9999.000 -9999.000 -9999.000 -9999.000 -9999.000 -9999.000 -9999.000 -9999.000 -9999.000 -9999.000 -9999.000 -9999.000 -9999.000 -9999.000 -9999.000 -9999.000 -9999.000 -9999.000 -9999.000
-9999.000 -9999.000 -9999.000 -9999.000 -9999.000 -9999.000 -9999.000 -9999.000 -9999.000 -9999.000 -9999.000 -9999.000 -9999.000 -9999.000 -9999.000 -0.1347514 -0.1296416 -0.1293565 -0.1299877 -0.1311530 -0.1326375 -0.1342789 -0.1359257 -0.1375216 -0.1391639 -0.1411585 -0.1442071 -0.1497297 -0.1601874 -0.1651068 -0.1651068 -9999.000 -9999.000 -9999.000 -9999.000 -9999.000 -9999.000 -9999.000 -9999.000 -9999.000 -9999.000 -9999.000 -9999.000 -9999.000 -9999.000 -9999.000 -9999.000 -9999.000 -9999.000 -9999.000 -9999.000 -9999.000 -9999.000 -9999.000 -9999.000 -9999.000 -9999.000 -9999.000 -9999.000
-9999.000 -9999.000 -9999.000 -9999.000 -9999.000 -9999.000 -9999.000 -9999.000 -9999.000 -9999.000 -9999.000 -9999.000 -9999.000 -9999.000 -9999.000 -0.1302761 -0.1239165 -0.1235977 -0.1245065 -0.1261506 -0.1282473 -0.1305800 -0.1329463 -0.1352655 -0.1376612 -0.1405291 -0.1447835 -0.1522761 -0.1662472 -0.1741711 -0.1741711 -9999.000 -9999.000 -9999.000 -9999.000 -9999.000 -9999.000 -9999.000 -9999.000 -9999.000 -9999.000 -9999.000 -9999.000 -9999.000 -9999.000 -9999.000 -9999.000 -9999.000 -9999.000 -9999.000 -9999.000 -9999.000 -9999.000 -9999.000 -9999.000 -9999.000 -9999.000 -9999.000 -9999.000
-9999.000 -9999.000 -9999.000 -9999.000 -9999.000 -9999.000 -9999.000 -9999.000 -9999.000 -9999.000 -9999.000 -9999.000 -9999.000 -9999.000 -9999.000 -0.1253369 -0.1177854 -0.1174500 -0.1186683 -0.1208372 -0.1236022 -0.1266885 -0.1298399 -0.1329470 -0.1361616 -0.1399765 -0.1455360 -0.1551631 -0.1729748 -0.1847793 -0.1847793 -9999.000 -9999.000 -9999.000 -9999.000 -9999.000 -9999.000 -9999.000 -9999.000 -9999.000 -9999.000 -9999.000 -9999.000 -9999.000 -9999.000 -9999.000 -9999.000 -9999.000 -9999.000 -9999.000 -9999.000 -9999.000 -9999.000 -9999.000 -9999.000 -9999.000 -9999.000 -9999.000 -9999.000
-9999.000 -9999.000 -9999.000 -9999.000 -9999.000 -9999.000 -9999.000 -9999.000 -9999.000 -9999.000 -9999.000 -9999.000 -9999.000 -9999.000 -9999.000 -0.1199526 -0.1112782 -0.1109418 -0.1124951 -0.1152262 -0.1187050 -0.1225956 -0.1265844 -0.1305296 -0.1346151 -0.1394392 -0.1463987 -0.1583357 -0.1803654 -0.1971213 -0.1971213 -9999.000 -9999.000 -9999.000 -9999.000 -9999.000 -9999.000 -9999.000 -9999.000 -9999.000 -9999.000 -9999.000 -9999.000 -9999.000 -9999.000 -9999.000 -9999.000 -9999.000 -9999.000 -9999.000 -9999.000 -9999.000 -9999.000 -9999.000 -9999.000 -9999.000 -9999.000 -9999.000 -9999.000
-9999.000 -9999.000 -9999.000 -9999.000 -9999.000 -9999.000 -9999.000 -9999.000 -9999.000 -9999.000 -9999.000 -9999.000 -9999.000 -9999.000 -9999.000 -0.1141045 -0.1043951 -0.1040733 -0.1059832 -0.1093083 -0.1135401 -0.1182780 -0.1231481 -0.1279721 -0.1329717 -0.1388610 -0.1473166 -0.1617571 -0.1884494 -0.2115057 -0.2115057 -9999.000 -9999.000 -9999.000 -9999.000 -9999.000 -9999.000 -9999.000 -9999.000 -9999.000 -9999.000 -9999.000 -9999.000 -9999.000 -9999.000 -9999.000 -9999.000 -9999.000 -9999.000 -9999.000 -9999.000 -9999.000 -9999.000 -9999.000 -9999.000 -9999.000 -9999.000 -9999.000 -9999.000
-9999.000 -9999.000 -9999.000 -9999.000 -9999.000 -9999.000 -9999.000 -9999.000 -9999.000 -9999.000 -9999.000 -9999.000 -9999.000 -9999.000 -9999.000 -0.1077459 -0.9711397E-01 -0.9682383E-01 -0.9910990E-01 -0.1030574 -0.1080768 -0.1136989 -0.1194878 -0.1252239 -0.1311738 -0.1381801 -0.1482322 -0.1653950 -0.1972792 -0.2283814 -0.2283814 -9999.000 -9999.000 -9999.000 -9999.000 -9999.000 -9999.000 -9999.000 -9999.000 -9999.000 -9999.000 -9999.000 -9999.000 -9999.000 -9999.000 -9999.000 -9999.000 -9999.000 -9999.000 -9999.000 -9999.000 -9999.000 -9999.000 -9999.000 -9999.000 -9999.000 -9999.000 -9999.000 -9999.000
-9999.000 -9999.000 -9999.000 -9999.000 -9999.000 -9999.000 -9999.000 -9999.000 -9999.000 -9999.000 -9999.000 -9999.000 -9999.000 -9999.000 -9999.000 -0.1008073 -0.8939420E-01 -0.8915579E-01 -0.9183625E-01 -0.9643193E-01 -0.1022690 -0.1088073 -0.1155460 -0.1222192 -0.1291476 -0.1373183 -0.1490728 -0.1692082 -0.2069207 -0.2483877 -0.2483877 -9999.000 -9999.000 -9999.000 -9999.000 -9999.000 -9999.000 -9999.000 -9999.000 -9999.000 -9999.000 -9999.000 -9999.000 -9999.000 -9999.000 -9999.000 -9999.000 -9999.000 -9999.000 -9999.000 -9999.000 -9999.000 -9999.000 -9999.000 -9999.000 -9999.000 -9999.000 -9999.000 -9999.000
-9999.000 -9999.000 -9999.000 -9999.000 -9999.000 -9999.000 -9999.000 -9999.000 -9999.000 -9999.000 -9999.000 -9999.000 -9999.000 -9999.000 -9999.000 -0.9319472E-01 -0.8117571E-01 -0.8101254E-01 -0.8410479E-01 -0.8937231E-01 -0.9605349E-01 -0.1035331 -0.1112444 -0.1188690 -0.1267936 -0.1361683 -0.1497353 -0.1731309 -0.2174437 -0.2724444 -0.2724444 -9999.000 -9999.000 -9999.000 -9999.000 -9999.000 -9999.000 -9999.000 -9999.000 -9999.000 -9999.000 -9999.000 -9999.000 -9999.000 -9999.000 -9999.000 -9999.000 -9999.000 -9999.000 -9999.000 -9999.000 -9999.000 -9999.000 -9999.000 -9999.000 -9999.000 -9999.000 -9999.000 -9999.000
-9999.000 -9999.000 -9999.000 -9999.000 -9999.000 -9999.000 -9999.000 -9999.000 -9999.000 -9999.000 -9999.000 -9999.000 -9999.000 -9999.000 -9999.000 -0.8478478E-01 -0.7237285E-01 -0.7231234E-01 -0.7583358E-01 -0.8179382E-01 -0.8934063E-01 -0.9777948E-01 -0.1064748 -0.1150488 -0.1239706 -0.1345754 -0.1500657 -0.1770505 -0.2289059 -0.3019144 -0.3019144 -9999.000 -9999.000 -9999.000 -9999.000 -9999.000 -9999.000 -9999.000 -9999.000 -9999.000 -9999.000 -9999.000 -9999.000 -9999.000 -9999.000 -9999.000 -9999.000 -9999.000 -9999.000 -9999.000 -9999.000 -9999.000 -9999.000 -9999.000 -9999.000 -9999.000 -9999.000 -9999.000 -9999.000
-9999.000 -9999.000 -9999.000 -9999.000 -9999.000 -9999.000 -9999.000 -9999.000 -9999.000 -9999.000 -9999.000 -9999.000 -9999.000 -9999.000 -9999.000 -0.7541122E-01 -0.6286253E-01 -0.6293534E-01 -0.6690199E-01 -0.7357328E-01 -0.8200055E-01 -0.9140482E-01 -0.1010789 -0.1105770 -0.1204705 -0.1323065 -0.1498228 -0.1807692 -0.2413230 -0.3389070 -0.3389070 -9999.000 -9999.000 -9999.000 -9999.000 -9999.000 -9999.000 -9999.000 -9999.000 -9999.000 -9999.000 -9999.000 -9999.000 -9999.000 -9999.000 -9999.000 -9999.000 -9999.000 -9999.000 -9999.000 -9999.000 -9999.000 -9999.000 -9999.000 -9999.000 -9999.000 -9999.000 -9999.000 -9999.000
-9999.000 -9999.000 -9999.000 -9999.000 -9999.000 -9999.000 -9999.000 -9999.000 -9999.000 -9999.000 -9999.000 -9999.000 -9999.000 -9999.000 -9999.000 -0.6479374E-01 -0.5243187E-01 -0.5268003E-01 -0.5711533E-01 -0.6451906E-01 -0.7383787E-01 -0.8420046E-01 -0.9482396E-01 -0.1051835 -0.1159785 -0.1290001 -0.1486133 -0.1839271 -0.2545978 -0.3868978 -0.3868978 -9999.000 -9999.000 -9999.000 -9999.000 -9999.000 -9999.000 -9999.000 -9999.000 -9999.000 -9999.000 -9999.000 -9999.000 -9999.000 -9999.000 -9999.000 -9999.000 -9999.000 -9999.000 -9999.000 -9999.000 -9999.000 -9999.000 -9999.000 -9999.000 -9999.000 -9999.000 -9999.000 -9999.000
-9999.000 -9999.000 -9999.000 -9999.000 -9999.000 -9999.000 -9999.000 -9999.000 -9999.000 -9999.000 -9999.000 -9999.000 -9999.000 -9999.000 -9999.000 -0.4569669E-01 -0.3799108E-01 -0.3997317E-01 -0.4598057E-01 -0.5487497E-01 -0.6556082E-01 -0.7713224E-01 -0.8878702E-01 -0.9996479E-01 -0.1115636 -0.1256682 -0.1473657 -0.1873302 -0.2694129 -0.4504271 -0.4504271 -9999.000 -9999.000 -9999.000 -9999.000 -9999.000 -9999.000 -9999.000 -9999.000 -9999.000 -9999.000 -9999.000 -9999.000 -9999.000 -9999.000 -9999.000 -9999.000 -9999.000 -9999.000 -9999.000 -9999.000 -9999.000 -9999.000 -9999.000 -9999.000 -9999.000 -9999.000 -9999.000 -9999.000
-0.2203894E-02 -0.2203894E-02 -0.5306434E-02 -0.5381903E-02 -0.5353150E-02 -0.5353150E-02 -0.5331136E-02 -0.5304414E-02 -0.5304414E-02 -0.5282146E-02 -0.5282146E-02 -0.5253523E-02 -0.5236670E-02 -0.5218507E-02 -0.5199351E-02 -0.5199351E-02 -0.4230746E-01 -0.4869569E-01 -0.5843249E-01 -0.7218143E-01 -0.8898649E-01 -0.1075354 -0.1264327 -0.1443494 -0.1612827 -0.1779954 -0.1974315 -0.2267448 -0.2829694 -0.4254203 -0.4254203 -0.2126870 -0.1014812 -0.2100533E-01 -0.1106343E-01 -0.1106343E-01 -0.2822373E-02 -0.2822373E-02 0.8128294E-02 0.8128294E-02 0.2673428E-02 -0.2715882E-01 -0.2715882E-01 -0.6723295E-02 -0.6723295E-02 0.9001180E-02 0.9001180E-02 0.9001180E-02 0.9181193E-02 0.9181193E-02 0.7768353E-02 0.7768353E-02 0.5644692E-02 0.5644692E-02 0.3460504E-02 0.3460504E-02 0.1544517E-02 0.1544517E-02 0.1544517E-02
-0.3371201E-02 -0.3371201E-02 -0.7866822E-02 -0.7676180E-02 -0.7559040E-02 -0.7559040E-02 -0.7495026E-02 -0.7454906E-02 -0.7454906E-02 -0.7446328E-02 -0.7446328E-02 -0.7427917E-02 -0.7413591E-02 -0.7396732E-02 -0.7378049E-02 -0.7378049E-02 -0.5702604E-01 -0.6930362E-01 -0.8504272E-01 -0.1062439 -0.1322968 -0.1617195 -0.1927291 -0.2234448 -0.2525538 -0.2790129 -0.3025303 -0.3242078 -0.3488148 -0.3869508 -0.3869508 -0.2425185 -0.1437679 -0.5267333E-01 -0.3451389E-01 -0.3451389E-01 -0.6521871E-02 -0.6521871E-02 0.3222150E-01 0.3222150E-01 0.3700248E-01 -0.1201046E-01 -0.1201046E-01 -0.2725594E-02 -0.2725594E-02 0.1591220E-01 0.1591220E-01 0.1591220E-01 0.1647784E-01 0.1647784E-01 0.1391087E-01 0.1391087E-01 0.9680070E-02 0.9680070E-02 0.5484656E-02 0.5484656E-02 0.2102572E-02 0.2102572E-02 0.2102572E-02
-0.2754444E-02 -0.2754444E-02 -0.6354754E-02 -0.6564721E-02 -0.6418116E-02 -0.6418116E-02 -0.6326716E-02 -0.6281761E-02 -0.6281761E-02 -0.6300880E-02 -0.6300880E-02 -0.6311183E-02 -0.6309275E-02 -0.6304257E-02 -0.6297061E-02 -0.6297061E-02 -0.5246379E-01 -0.7078967E-01 -0.9128300E-01 -0.1167849 -0.1476118 -0.1829081 -0.2213909 -0.2616314 -0.3017607 -0.3401381 -0.3751389 -0.4052592 -0.4298772 -0.4463804 -0.4463804 -0.3505339 -0.2638093 -0.1452757 -0.1037997 -0.1037997 -0.2364405E-01 -0.2364405E-01 0.6727323E-01 0.6727323E-01 0.9890984E-01 0.6606200E-01 0.6606200E-01 0.2917847E-01 0.2917847E-01 0.2304249E-01 0.2304249E-01 0.2304249E-01 0.1953880E-01 0.1953880E-01 0.1463468E-01 0.1463468E-01 0.8476422E-02 0.8476422E-02 0.2981776E-02 0.2981776E-02 -0.8197477E-03 -0.8197477E-03 -0.8197477E-03
-0.2158685E-02 -0.2158685E-02 -0.4936006E-02 -0.5341962E-02 -0.5187113E-02 -0.5187113E-02 -0.5077627E-02 -0.5015811E-02 -0.5015811E-02 -0.5036803E-02 -0.5036803E-02 -0.5051606E-02 -0.5051511E-02 -0.5047997E-02 -0.5042329E-02 -0.5042329E-02 -0.4560280E-01 -0.6891738E-01 -0.9396426E-01 -0.1230369 -0.1569493 -0.1954379 -0.2377201 -0.2827740 -0.3290752 -0.3750452 -0.4188779 -0.4585455 -0.4911526 -0.5111307 -0.5111307 -0.4461244 -0.3758032 -0.2471965 -0.1843199 -0.1843199 -0.4407534E-01 -0.4407534E-01 0.9828025E-01 0.9828025E-01 0.1490919 0.1502590 0.1502590 0.8262122E-01 0.8262122E-01 0.3448093E-01 0.3448093E-01 0.3448093E-01 0.2032224E-01 0.2032224E-01 0.1047636E-01 0.1047636E-01 0.2187299E-02 0.2187299E-02 -0.3976036E-02 -0.3976036E-02 -0.7336703E-02 -0.7336703E-02 -0.7336703E-02
-0.1590302E-02 -0.1590302E-02 -0.3615758E-02 -0.4062075E-02 -0.3925132E-02 -0.3925132E-02 -0.3819375E-02 -0.3754594E-02 -0.3754594E-02 -0.3773657E-02 -0.3773657E-02 -0.3788959E-02 -0.3789577E-02 -0.3787071E-02 -0.3782613E-02 -0.3782613E-02 -0.3963258E-01 -0.6712949E-01 -0.9705822E-01 -0.1302058 -0.1673166 -0.2084759 -0.2532990 -0.3011323 -0.3508736 -0.4012192 -0.4505409 -0.4967760 -0.5365866 -0.5636256 -0.5636256 -0.5257067 -0.4709822 -0.3339760 -0.2483000 -0.2483000 -0.5157959E-01 -0.5157959E-01 0.1208596 0.1208596 0.1783944 0.2056345 0.2056345 0.1376229 0.1376229 0.5035412E-01 0.5035412E-01 0.5035412E-01 0.2214658E-01 0.2214658E-01 0.5296760E-02 0.5296760E-02 -0.5824235E-02 -0.5824235E-02 -0.1257819E-01 -0.1257819E-01 -0.1509950E-01 -0.1509950E-01 -0.1509950E-01
-0.1045640E-02 -0.1045640E-02 -0.2369332E-02 -0.2735546E-02 -0.2634949E-02 -0.2634949E-02 -0.2552369E-02 -0.2499231E-02 -0.2499231E-02 -0.2513649E-02 -0.2513649E-02 -0.2526132E-02 -0.2526972E-02 -0.2525338E-02 -0.2522198E-02 -0.2522198E-02 -0.3556295E-01 -0.6665764E-01 -0.1017160 -0.1396583 -0.1806455 -0.2248281 -0.2720908 -0.3220857 -0.3740888 -0.4271064 -0.4797862 -0.5302612 -0.5753168 -0.6086288 -0.6086288 -0.5914317 -0.5476148 -0.3885127 -0.2759723 -0.2759723 -0.4147889E-01 -0.4147889E-01 0.1310557 0.1310557 0.1856579 0.2267625 0.2267625 0.1784431 0.1784431 0.6972172E-01 0.6972172E-01 0.6972172E-01 0.2670474E-01 0.2670474E-01 0.1252980E-02 0.1252980E-02 -0.1367798E-01 -0.1367798E-01 -0.2127218E-01 -0.2127218E-01 -0.2279783E-01 -0.2279783E-01 -0.2279783E-01
-0.5184705E-03 -0.5184705E-03 -0.1172430E-02 -0.1376293E-02 -0.1323317E-02 -0.1323317E-02 -0.1278206E-02 -0.1248369E-02 -0.1248369E-02 -0.1256096E-02 -0.1256096E-02 -0.1263049E-02 -0.1263619E-02 -0.1262876E-02 -0.1261280E-02 -0.1261280E-02 -0.3415103E-01 -0.6875631E-01 -0.1091145 -0.1524755 -0.1980896 -0.2458893 -0.2958824 -0.3479716 -0.4017765 -0.4566264 -0.5114729 -0.5647205 -0.6134486 -0.6513766 -0.6513766 -0.6469647 -0.6036869 -0.3970092 -0.2608294 -0.2608294 -0.2363555E-01 -0.2363555E-01 0.1270004 0.1270004 0.1747357 0.2215596 0.2215596 0.1978658 0.1978658 0.8925249E-01 0.8925249E-01 0.8925249E-01 0.3408447E-01 0.3408447E-01 -0.4513969E-03 -0.4513969E-03 -0.2003771E-01 -0.2003771E-01 -0.2887245E-01 -0.2887245E-01 -0.2945650E-01 -0.2945650E-01 -0.2945650E-01
-0.7643897E-07 -0.7643897E-07 -0.1311679E-06 -0.1928401E-06 -0.8833107E-08 -0.8833107E-08 -0.7461187E-07 -0.2005930E-08 -0.2005930E-08 0.1106681E-06 0.1106681E-06 0.3434493E-07 0.2508773E-07 0.5414545E-07 0.1091933E-06 0.1091933E-06 -0.3618023E-01 -0.7492210E-01 -0.1208865 -0.1701703 -0.2210625 -0.2730708 -0.3261738 -0.3804532 -0.4358414 -0.4920088 -0.5482467 -0.6032755 -0.6544538 -0.6947485 -0.6947485 -0.6923635 -0.6298250 -0.3565665 -0.2162557 -0.2162557 -0.1120016E-01 -0.1120016E-01 0.1111841 0.1111841 0.1521665 0.2004104 0.2004104 0.1970028 0.1970028 0.1044842 0.1044842 0.1044842 0.4283198E-01 0.4283198E-01 0.4751200E-03 0.4751200E-03 -0.2398525E-01 -0.2398525E-01 -0.3439578E-01 -0.3439578E-01 -0.3425699E-01 -0.3425699E-01 -0.3425699E-01
0.5182065E-03 0.5182065E-03 0.1172188E-02 0.1376164E-02 0.1323210E-02 0.1323210E-02 0.1278130E-02 0.1248411E-02 0.1248411E-02 0.1256249E-02 0.1256249E-02 0.1263082E-02 0.1263527E-02 0.1262957E-02 0.1261352E-02 0.1261352E-02 -0.4271327E-01 -0.8703052E-01 -0.1392643 -0.1949286 -0.2515711 -0.3082279 -0.3647402 -0.4212900 -0.4780758 -0.5351125 -0.5920655 -0.6480110 -0.7003775 -0.7388629 -0.7388629 -0.7187514 -0.6059365 -0.2871965 -0.1680085 -0.1680085 -0.9172946E-02 -0.9172946E-02 0.8905796E-01 0.8905796E-01 0.1244709 0.1714020 0.1714020 0.1812084 0.1812084 0.1117685 0.1117685 0.1117685 0.5053132E-01 0.5053132E-01 0.3458985E-02 0.3458985E-02 -0.2507397E-01 -0.2507397E-01 -0.3707758E-01 -0.3707758E-01 -0.3650726E-01 -0.3650726E-01 -0.3650726E-01
0.1045484E-02 0.1045484E-02 0.2369200E-02 0.2735519E-02 0.2634851E-02 0.2634851E-02 0.2552274E-02 0.2499331E-02 0.2499331E-02 0.2513735E-02 0.2513735E-02 0.2526156E-02 0.2526955E-02 0.2525314E-02 0.2522241E-02 0.2522241E-02 -0.5546455E-01 -0.1076526 -0.1673125 -0.2298520 -0.2924896 -0.3539450 -0.4139210 -0.4726504 -0.5305443 -0.5879382 -0.6448828 -0.7007974 -0.7524022 -0.7784032 -0.7784032 -0.7001075 -0.5166781 -0.2213219 -0.1329094 -0.1329094 -0.1382452E-01 -0.1382452E-01 0.6586003E-01 0.6586003E-01 0.9629146E-01 0.1395472 0.1395472 0.1561661 0.1561661 0.1095313 0.1095313 0.1095313 0.5473150E-01 0.5473150E-01 0.7299367E-02 0.7299367E-02 -0.2334236E-01 -0.2334236E-01 -0.3643139E-01 -0.3643139E-01 -0.3569491E-01 -0.3569491E-01 -0.3569491E-01
0.1590150E-02 0.1590150E-02 0.3615631E-02 0.4061976E-02 0.3925063E-02 0.3925063E-02 0.3819242E-02 0.3754677E-02 0.3754677E-02 0.3773759E-02 0.3773759E-02 0.3788996E-02 0.3789693E-02 0.3786959E-02 0.3782502E-02 0.3782502E-02 -0.7743360E-01 -0.1406826 -0.2094125 -0.2793525 -0.3479249 -0.4138840 -0.4769388 -0.5373955 -0.5958428 -0.6528944 -0.7089617 -0.7636191 -0.8099460 -0.7920548 -0.7920548 -0.5989256 -0.3895372 -0.1747539 -0.1113284 -0.1113284 -0.1930423E-01 -0.1930423E-01 0.4485452E-01 0.4485452E-01 0.7014898E-01 0.1076239 0.1076239 0.1262770 0.1262770 0.9834342E-01 0.9834342E-01 0.9834342E-01 0.5382459E-01 0.5382459E-01 0.1061763E-01 0.1061763E-01 -0.1923396E-01 -0.1923396E-01 -0.3231661E-01 -0.3231661E-01 -0.3157755E-01 -0.3157755E-01 -0.3157755E-01
