simulation_files/asc/Velocity__x_24.0.asc
NCOLS        79
NROWS        79
XLLCENTER         -1.500000
YLLCENTER         -4.800000
CELLSIZE           0.100
NODATA_VALUE     -9999.0
[rows 0 to 25 of 79, columns 0 to 57 of 79]
-9999.000 -9999.000 -9999.000 -9999.000 -9999.000 -9999.000 -9999.000 -9999.000 -9999.000 -9999.000 -9999.000 -9999.000 -9999.000 -9999.000 -9999.000 0.1191722E-02 0.2775828E-02 0.4484695E-02 0.5947057E-02 0.7086640E-02 0.7881088E-02 0.8322064E-02 0.8405639E-02 0.8128056E-02 0.7481706E-02 0.6449622E-02 0.4996264E-02 0.3050386E-02 0.5113333E-03 -0.5821749E-03 -0.5821749E-03 -9999.000 -9999.000 -9999.000 -9999.000 -9999.000 -9999.000 -9999.000 -9999.000 -9999.000 -9999.000 -9999.000 -9999.000 -9999.000 -9999.000 -9999.000 -9999.000 -9999.000 -9999.000 -9999.000 -9999.000 -9999.000 -9999.000 -9999.000 -9999.000 -9999.000 -9999.000 -9999.000
-9999.000 -9999.000 -9999.000 -9999.000 -9999.000 -9999.000 -9999.000 -9999.000 -9999.000 -9999.000 -9999.000 -9999.000 -9999.000 -9999.000 -9999.000 0.2082839E-02 0.5013309E-02 0.8428601E-02 0.1132713E-01 0.1359367E-01 0.1518527E-01 0.1608142E-01 0.1627173E-01 0.1575048E-01 0.1451376E-01 0.1255793E-01 0.9880085E-02 0.6482376E-02 0.2431323E-02 0.1421724E-03 0.1421724E-03 -9999.000 -9999.000 -9999.000 -9999.000 -9999.000 -9999.000 -9999.000 -9999.000 -9999.000 -9999.000 -9999.000 -9999.000 -9999.000 -9999.000 -9999.000 -9999.000 -9999.000 -9999.000 -9999.000 -9999.000 -9999.000 -9999.000 -9999.000 -9999.000 -9999.000 -9999.000 -9999.000
-9999.000 -9999.000 -9999.000 -9999.000 -9999.000 -9999.000 -9999.000 -9999.000 -9999.000 -9999.000 -9999.000 -9999.000 -9999.000 -9999.000 -9999.000 0.2928599E-02 0.7172025E-02 0.1228175E-01 0.1662633E-01 0.2003893E-01 0.2245414E-01 0.2383899E-01 0.2417665E-01 0.2346096E-01 0.2169423E-01 0.1888783E-01 0.1506629E-01 0.1027630E-01 0.4661335E-02 0.1068066E-02 0.1068066E-02 -9999.000 -9999.000 -9999.000 -9999.000 -9999.000 -9999.000 -9999.000 -9999.000 -9999.000 -9999.000 -9999.000 -9999.000 -9999.000 -9999.000 -9999.000 -9999.000 -9999.000 -9999.000 -9999.000 -9999.000 -9999.000 -9999.000 -9999.000 -9999.000 -9999.000 -9999.000 -9999.000
-9999.000 -9999.000 -9999.000 -9999.000 -9999.000 -9999.000 -9999.000 -9999.000 -9999.000 -9999.000 -9999.000 -9999.000 -9999.000 -9999.000 -9999.000 0.3795809E-02 0.9381359E-02 0.1621888E-01 0.2204926E-01 0.2664943E-01 0.2993145E-01 0.3184972E-01 0.3238050E-01 0.3151527E-01 0.2925927E-01 0.2563312E-01 0.2067815E-01 0.1446721E-01 0.7196630E-02 0.2161177E-02 0.2161177E-02 -9999.000 -9999.000 -9999.000 -9999.000 -9999.000 -9999.000 -9999.000 -9999.000 -9999.000 -9999.000 -9999.000 -9999.000 -9999.000 -9999.000 -9999.000 -9999.000 -9999.000 -9999.000 -9999.000 -9999.000 -9999.000 -9999.000 -9999.000 -9999.000 -9999.000 -9999.000 -9999.000
-9999.000 -9999.000 -9999.000 -9999.000 -9999.000 -9999.000 -9999.000 -9999.000 -9999.000 -9999.000 -9999.000 -9999.000 -9999.000 -9999.000 -9999.000 0.4741118E-02 0.1174343E-01 0.2037445E-01 0.2775672E-01 0.3360849E-01 0.3781878E-01 0.4032862E-01 0.4110522E-01 0.4013437E-01 0.3741838E-01 0.3297842E-01 0.2686174E-01 0.1915446E-01 0.1009397E-01 0.3439127E-02 0.3439127E-02 -9999.000 -9999.000 -9999.000 -9999.000 -9999.000 -9999.000 -9999.000 -9999.000 -9999.000 -9999.000 -9999.000 -9999.000 -9999.000 -9999.000 -9999.000 -9999.000 -9999.000 -9999.000 -9999.000 -9999.000 -9999.000 -9999.000 -9999.000 -9999.000 -9999.000 -9999.000 -9999.000
-9999.000 -9999.000 -9999.000 -9999.000 -9999.000 -9999.000 -9999.000 -9999.000 -9999.000 -9999.000 -9999.000 -9999.000 -9999.000 -9999.000 -9999.000 0.5824361E-02 0.1435970E-01 0.2487281E-01 0.3389468E-01 0.4108375E-01 0.4630404E-01 0.4948056E-01 0.5056808E-01 0.4954112E-01 0.4639142E-01 0.4113098E-01 0.3379991E-01 0.2448408E-01 0.1345068E-01 0.4945789E-02 0.4945789E-02 -9999.000 -9999.000 -9999.000 -9999.000 -9999.000 -9999.000 -9999.000 -9999.000 -9999.000 -9999.000 -9999.000 -9999.000 -9999.000 -9999.000 -9999.000 -9999.000 -9999.000 -9999.000 -9999.000 -9999.000 -9999.000 -9999.000 -9999.000 -9999.000 -9999.000 -9999.000 -9999.000
-9999.000 -9999.000 -9999.000 -9999.000 -9999.000 -9999.000 -9999.000 -9999.000 -9999.000 -9999.000 -9999.000 -9999.000 -9999.000 -9999.000 -9999.000 0.7115325E-02 0.1734295E-01 0.2984315E-01 0.4060934E-01 0.4924184E-01 0.5557572E-01 0.5951549E-01 0.6099747E-01 0.5997757E-01 0.5642718E-01 0.5033578E-01 0.4172068E-01 0.3064980E-01 0.1740249E-01 0.6746174E-02 0.6746174E-02 -9999.000 -9999.000 -9999.000 -9999.000 -9999.000 -9999.000 -9999.000 -9999.000 -9999.000 -9999.000 -9999.000 -9999.000 -9999.000 -9999.000 -9999.000 -9999.000 -9999.000 -9999.000 -9999.000 -9999.000 -9999.000 -9999.000 -9999.000 -9999.000 -9999.000 -9999.000 -9999.000
-9999.000 -9999.000 -9999.000 -9999.000 -9999.000 -9999.000 -9999.000 -9999.000 -9999.000 -9999.000 -9999.000 -9999.000 -9999.000 -9999.000 -9999.000 0.8694974E-02 0.2082137E-01 0.3542542E-01 0.4805291E-01 0.5825390E-01 0.6582918E-01 0.7065507E-01 0.7264126E-01 0.7171495E-01 0.6781413E-01 0.6088860E-01 0.5091095E-01 0.3790462E-01 0.2213345E-01 0.8930407E-02 0.8930407E-02 -9999.000 -9999.000 -9999.000 -9999.000 -9999.000 -9999.000 -9999.000 -9999.000 -9999.000 -9999.000 -9999.000 -9999.000 -9999.000 -9999.000 -9999.000 -9999.000 -9999.000 -9999.000 -9999.000 -9999.000 -9999.000 -9999.000 -9999.000 -9999.000 -9999.000 -9999.000 -9999.000
-9999.000 -9999.000 -9999.000 -9999.000 -9999.000 -9999.000 -9999.000 -9999.000 -9999.000 -9999.000 -9999.000 -9999.000 -9999.000 -9999.000 -9999.000 0.1065261E-01 0.2493455E-01 0.4176933E-01 0.5638428E-01 0.6829662E-01 0.7726729E-01 0.8313487E-01 0.8577138E-01 0.8506195E-01 0.8089384E-01 0.7315402E-01 0.6173844E-01 0.4658640E-01 0.2789873E-01 0.1162666E-01 0.1162666E-01 -9999.000 -9999.000 -9999.000 -9999.000 -9999.000 -9999.000 -9999.000 -9999.000 -9999.000 -9999.000 -9999.000 -9999.000 -9999.000 -9999.000 -9999.000 -9999.000 -9999.000 -9999.000 -9999.000 -9999.000 -9999.000 -9999.000 -9999.000 -9999.000 -9999.000 -9999.000 -9999.000
-9999.000 -9999.000 -9999.000 -9999.000 -9999.000 -9999.000 -9999.000 -9999.000 -9999.000 -9999.000 -9999.000 -9999.000 -9999.000 -9999.000 -9999.000 0.1307612E-01 0.2982148E-01 0.4902704E-01 0.6576535E-01 0.7955071E-01 0.9010080E-01 0.9720670E-01 0.1006897 0.1003764 0.9608123E-01 0.8759578E-01 0.7469381E-01 0.5716672E-01 0.3507132E-01 0.1502687E-01 0.1502687E-01 -9999.000 -9999.000 -9999.000 -9999.000 -9999.000 -9999.000 -9999.000 -9999.000 -9999.000 -9999.000 -9999.000 -9999.000 -9999.000 -9999.000 -9999.000 -9999.000 -9999.000 -9999.000 -9999.000 -9999.000 -9999.000 -9999.000 -9999.000 -9999.000 -9999.000 -9999.000 -9999.000
-9999.000 -9999.000 -9999.000 -9999.000 -9999.000 -9999.000 -9999.000 -9999.000 -9999.000 -9999.000 -9999.000 -9999.000 -9999.000 -9999.000 -9999.000 0.1603545E-01 0.3559642E-01 0.5733574E-01 0.7635152E-01 0.9219755E-01 0.1045499 0.1131444 0.1177398 0.1180863 0.1138984 0.1048301 0.9046505E-01 0.7034410E-01 0.4423484E-01 0.1944144E-01 0.1944144E-01 -9999.000 -9999.000 -9999.000 -9999.000 -9999.000 -9999.000 -9999.000 -9999.000 -9999.000 -9999.000 -9999.000 -9999.000 -9999.000 -9999.000 -9999.000 -9999.000 -9999.000 -9999.000 -9999.000 -9999.000 -9999.000 -9999.000 -9999.000 -9999.000 -9999.000 -9999.000 -9999.000
-9999.000 -9999.000 -9999.000 -9999.000 -9999.000 -9999.000 -9999.000 -9999.000 -9999.000 -9999.000 -9999.000 -9999.000 -9999.000 -9999.000 -9999.000 0.1955582E-01 0.4230955E-01 0.6678434E-01 0.8826976E-01 0.1064082 0.1208417 0.1312499 0.1373226 0.1387205 0.1350302 0.1257159 0.1100741 0.8722715E-01 0.5638270E-01 0.2542065E-01 0.2542065E-01 -9999.000 -9999.000 -9999.000 -9999.000 -9999.000 -9999.000 -9999.000 -9999.000 -9999.000 -9999.000 -9999.000 -9999.000 -9999.000 -9999.000 -9999.000 -9999.000 -9999.000 -9999.000 -9999.000 -9999.000 -9999.000 -9999.000 -9999.000 -9999.000 -9999.000 -9999.000 -9999.000
-9999.000 -9999.000 -9999.000 -9999.000 -9999.000 -9999.000 -9999.000 -9999.000 -9999.000 -9999.000 -9999.000 -9999.000 -9999.000 -9999.000 -9999.000 0.2358285E-01 0.4989145E-01 0.7735999E-01 0.1015764 0.1223139 0.1391950 0.1518521 0.1599134 0.1629508 0.1604090 0.1515105 0.1351391 0.1097249 0.7338697E-01 0.3405635E-01 0.3405635E-01 -9999.000 -9999.000 -9999.000 -9999.000 -9999.000 -9999.000 -9999.000 -9999.000 -9999.000 -9999.000 -9999.000 -9999.000 -9999.000 -9999.000 -9999.000 -9999.000 -9999.000 -9999.000 -9999.000 -9999.000 -9999.000 -9999.000 -9999.000 -9999.000 -9999.000 -9999.000 -9999.000
-9999.000 -9999.000 -9999.000 -9999.000 -9999.000 -9999.000 -9999.000 -9999.000 -9999.000 -9999.000 -9999.000 -9999.000 -9999.000 -9999.000 -9999.000 0.2802944E-01 0.5819954E-01 0.8899447E-01 0.1162982 0.1400381 0.1598436 0.1753297 0.1860969 0.1916647 0.1913650 0.1841747 0.1684513 0.1415321 0.9937669E-01 0.4796774E-01 0.4796774E-01 -9999.000 -9999.000 -9999.000 -9999.000 -9999.000 -9999.000 -9999.000 -9999.000 -9999.000 -9999.000 -9999.000 -9999.000 -9999.000 -9999.000 -9999.000 -9999.000 -9999.000 -9999.000 -9999.000 -9999.000 -9999.000 -9999.000 -9999.000 -9999.000 -9999.000 -9999.000 -9999.000
-9999.000 -9999.000 -9999.000 -9999.000 -9999.000 -9999.000 -9999.000 -9999.000 -9999.000 -9999.000 -9999.000 -9999.000 -9999.000 -9999.000 -9999.000 0.3925319E-01 0.7380828E-01 0.1080229 0.1378651 0.1639010 0.1860843 0.2041963 0.2179199 0.2268093 0.2301800 0.2268704 0.2147363 0.1895770 0.1429769 0.6970400E-01 0.6970400E-01 -9999.000 -9999.000 -9999.000 -9999.000 -9999.000 -9999.000 -9999.000 -9999.000 -9999.000 -9999.000 -9999.000 -9999.000 -9999.000 -9999.000 -9999.000 -9999.000 -9999.000 -9999.000 -9999.000 -9999.000 -9999.000 -9999.000 -9999.000 -9999.000 -9999.000 -9999.000 -9999.000
1.055626 1.055626 0.9764067 0.9168664 0.8912557 0.8912557 0.8674851 0.8221608 0.8221608 0.7751024 0.7751024 0.7183265 0.6815435 0.6347564 0.5731155 0.5731155 0.4471011 0.4032708 0.3668693 0.3394129 0.3207112 0.3095050 0.3040156 0.3024298 0.3033045 0.3059669 0.3111321 0.3222785 0.3493192 0.4053393 0.4053393 1.083757 1.321415 1.432518 1.393922 1.393922 0.4597425 0.4597425 0.9186709E-01 0.9186709E-01 0.5505574E-01 0.1131978 0.1131978 0.2196602 0.2196602 0.3560638 0.3560638 0.3560638 0.4437065 0.4437065 0.5168504 0.5168504 0.5770179 0.5770179 0.6266623 0.6266623 0.6816773 0.6816773
1.069796 1.069796 0.9896820 0.9382563 0.9162555 0.9162555 0.8957706 0.8557155 0.8557155 0.8118408 0.8118408 0.7583602 0.7264486 0.6908602 0.6522403 0.6522403 0.5861782 0.5538909 0.5201870 0.4873527 0.4576069 0.4327497 0.4139608 0.4018399 0.3967172 0.3992311 0.4112551 0.4375454 0.4894059 0.5887661 0.5887661 1.058028 1.233220 1.352396 1.368882 1.368882 1.191297 1.191297 0.8697906 0.8697906 0.8650202 0.8482758 0.8482758 0.8017421 0.8017421 0.8010469 0.8010469 0.8010469 0.8376185 0.8376185 0.8778036 0.8778036 0.9167919 0.9167919 0.9328662 0.9328662 0.9865323 0.9865323
1.075793 1.075793 0.9906189 0.9397039 0.9181591 0.9181591 0.8984084 0.8610384 0.8610384 0.8224415 0.8224415 0.7787523 0.7541781 0.7278608 0.7004633 0.7004633 0.6576237 0.6370157 0.6138501 0.5887813 0.5631812 0.5388706 0.5178573 0.5021381 0.4936622 0.4945669 0.5078243 0.5386083 0.5973625 0.7065535 0.7065535 1.070722 1.226140 1.345279 1.370302 1.370302 1.341207 1.341207 1.176549 1.176549 1.146908 1.118875 1.118875 1.081229 1.081229 1.041107 1.041107 1.041107 1.053178 1.053178 1.073335 1.073335 1.096360 1.096360 1.113999 1.113999 1.144670 1.144670
1.082218 1.082218 0.9918849 0.9412441 0.9200230 0.9200230 0.9008958 0.8659974 0.8659974 0.8320709 0.8320709 0.7962338 0.7770770 0.7571668 0.7369239 0.7369239 0.7078384 0.6946847 0.6795658 0.6623354 0.6435507 0.6243942 0.6065761 0.5922171 0.5837725 0.5840933 0.5967794 0.6271175 0.6844038 0.7884933 0.7884933 1.082072 1.225645 1.342914 1.369024 1.369024 1.362622 1.362622 1.274615 1.274615 1.243851 1.222672 1.222672 1.205916 1.205916 1.169371 1.169371 1.169371 1.170633 1.170633 1.180941 1.180941 1.195558 1.195558 1.208151 1.208151 1.228713 1.228713
1.089034 1.089034 0.9935798 0.9432379 0.9223514 0.9223514 0.9038945 0.8716244 0.8716244 0.8423153 0.8423153 0.8134778 0.7987890 0.7838944 0.7689567 0.7689567 0.7496428 0.7413417 0.7316362 0.7202341 0.7073306 0.6936365 0.6803989 0.6693977 0.6629364 0.6638859 0.6758999 0.7040403 0.7564709 0.8500516 0.8500516 1.090288 1.222803 1.331616 1.353415 1.353415 1.346718 1.346718 1.295583 1.295583 1.278984 1.275905 1.275905 1.278175 1.278175 1.255245 1.255245 1.255245 1.252404 1.252404 1.256799 1.256799 1.265805 1.265805 1.274715 1.274715 1.288670 1.288670
1.096039 1.096039 0.9956097 0.9455802 0.9250162 0.9250162 0.9072453 0.8777034 0.8777034 0.8530318 0.8530318 0.8308508 0.8202351 0.8097831 0.7993937 0.7993937 0.7881674 0.7832415 0.7770420 0.7694761 0.7607288 0.7513130 0.7421442 0.7346118 0.7306401 0.7327682 0.7443250 0.7698823 0.8165128 0.8984669 0.8984669 1.096003 1.215750 1.306469 1.320033 1.320033 1.313473 1.313473 1.296958 1.296958 1.296858 1.312246 1.312246 1.328366 1.328366 1.321149 1.321149 1.321149 1.318201 1.318201 1.318668 1.318668 1.322899 1.322899 1.328131 1.328131 1.336806 1.336806
1.102974 1.102974 0.9978700 0.9481494 0.9278734 0.9278734 0.9107714 0.8839763 0.8839763 0.8639413 0.8639413 0.8483104 0.8416812 0.8355777 0.8296325 0.8296325 0.8260657 0.8236641 0.8196402 0.8142785 0.8079735 0.8012588 0.7948939 0.7899691 0.7880147 0.7911208 0.8021193 0.8249549 0.8656701 0.9362936 0.9362936 1.097875 1.201144 1.264820 1.271161 1.271161 1.276700 1.276700 1.294101 1.294101 1.307394 1.337792 1.337792 1.364007 1.364007 1.371916 1.371916 1.371916 1.372164 1.372164 1.371104 1.371104 1.371632 1.371632 1.373228 1.373228 1.377271 1.377271
1.109542 1.109542 1.000251 0.9508254 0.9307895 0.9307895 0.9143145 0.8902133 0.8902133 0.8747634 0.8747634 0.8656878 0.8631485 0.8616392 0.8605495 0.8605495 0.8651364 0.8647043 0.8618478 0.8573537 0.8519633 0.8463758 0.8413315 0.8377272 0.8367489 0.8400214 0.8498172 0.8694088 0.9038996 0.9633972 0.9633972 1.091915 1.172226 1.208964 1.215483 1.215483 1.245772 1.245772 1.291217 1.291217 1.313845 1.355393 1.355393 1.389173 1.389173 1.410081 1.410081 1.410081 1.415505 1.415505 1.415374 1.415374 1.413797 1.413797 1.412243 1.412243 1.412151 1.412151
1.115426 1.115426 1.002641 0.9534920 0.9336428 0.9336428 0.9177373 0.8962079 0.8962079 0.8852165 0.8852165 0.8827167 0.8844849 0.8880869 0.8927950 0.8927950 0.9069872 0.9080303 0.9054094 0.9005744 0.8947152 0.8887829 0.8835769 0.8798639 0.8785108 0.8806533 0.8879436 0.9029527 0.9300284 0.9784881 0.9784881 1.075123 1.118120 1.147493 1.163151 1.163151 1.222535 1.222535 1.288556 1.288556 1.317442 1.367158 1.367158 1.406767 1.406767 1.438133 1.438133 1.438133 1.449274 1.449274 1.451871 1.451871 1.449960 1.449960 1.446212 1.446212 1.442602 1.442602
1.120302 1.120302 1.004933 0.9560357 0.9363237 0.9363237 0.9209199 0.9017757 0.9017757 0.8950120 0.8950120 0.8990242 0.9053454 0.9147722 0.9268339 0.9268339 0.9534184 0.9552677 0.9517880 0.9453306 0.9376372 0.9299582 0.9231702 0.9178996 0.9146310 0.9138684 0.9164516 0.9241267 0.9405990 0.9742844 0.9742844 1.033644 1.055667 1.093512 1.115817 1.115817 1.203764 1.203764 1.285585 1.285585 1.318855 1.374784 1.374784 1.419078 1.419078 1.458653 1.458653 1.458653 1.475048 1.475048 1.481169 1.481169 1.480326 1.480326 1.475527 1.475527 1.469208 1.469208
1.123860 1.123860 1.007024 0.9583525 0.9387380 0.9387380 0.9237638 0.9067522 0.9067522 0.9038581 0.9038581 0.9141261 0.9251475 0.9411423 0.9627430 0.9627430 1.006745 1.008238 1.002355 0.9926932 0.9816572 0.9708161 0.9610747 0.9528129 0.9458957 0.9397741 0.9339963 0.9293529 0.9294947 0.9421899 0.9421899 0.9675137 0.9850017 1.051256 1.092394 1.092394 1.188169 1.188169 1.284683 1.284683 1.320898 1.381135 1.381135 1.428812 1.428812 1.474261 1.474261 1.474261 1.494775 1.494775 1.504221 1.504221 1.505101 1.505101 1.500178 1.500178 1.492011 1.492011
