simulation_files/asc/Velocity__y_310.0.asc
NCOLS        79
NROWS        79
XLLCENTER         -1.500000
YLLCENTER         -4.800000
CELLSIZE           0.100
NODATA_VALUE     -9999.0
[rows 0 to 26 of 79, columns 0 to 58 of 79]
-9999.000 -9999.000 -9999.000 -9999.000 -9999.000 -9999.000 -9999.000 -9999.000 -9999.000 -9999.000 -9999.000 -9999.000 -9999.000 -9999.000 -9999.000 -0.9651985E-01 -0.9438755E-01 -0.9387939E-01 -0.9410761E-01 -0.9459028E-01 -0.9515163E-01 -0.9574700E-01 -0.9630371E-01 -0.9681059E-01 -0.9727100E-01 -0.9768264E-01 -0.9809213E-01 -0.9870186E-01 -0.1001235 -0.1014606 -0.1014606 -9999.000 -9999.000 -9999.000 -9999.000 -9999.000 -9999.000 -9999.000 -9999.000 -9999.000 -9999.000 -9999.000 -9999.000 -9999.000 -9999.000 -9999.000 -9999.000 -9999.000 -9999.000 -9999.000 -9999.000 -9999.000 -9999.000 -9999.000 -9999.000 -9999.000 -9999.000 -9999.000 -9999.000
-9999.000 -9999.000 -9999.000 -9999.000 -9999.000 -9999.000 -9999.000 -9999.000 -9999.000 -9999.000 -9999.000 -9999.000 -9999.000 -9999.000 -9999.000 -0.9534384E-01 -0.9095299E-01 -0.8988605E-01 -0.9041140E-01 -0.9151358E-01 -0.9281427E-01 -0.9421153E-01 -0.9554287E-01 -0.9677806E-01 -0.9791858E-01 -0.9895471E-01 -0.9998126E-01 -0.1014196 -0.1045455 -0.1077968 -0.1077968 -9999.000 -9999.000 -9999.000 -9999.000 -9999.000 -9999.000 -9999.000 -9999.000 -9999.000 -9999.000 -9999.000 -9999.000 -9999.000 -9999.000 -9999.000 -9999.000 -9999.000 -9999.000 -9999.000 -9999.000 -9999.000 -9999.000 -9999.000 -9999.000 -9999.000 -9999.000 -9999.000 -9999.000
-9999.000 -9999.000 -9999.000 -9999.000 -9999.000 -9999.000 -9999.000 -9999.000 -9999.000 -9999.000 -9999.000 -9999.000 -9999.000 -9999.000 -9999.000 -0.9281375E-01 -0.8606426E-01 -0.8439492E-01 -0.8534658E-01 -0.8729330E-01 -0.8961840E-01 -0.9214478E-01 -0.9459586E-01 -0.9691031E-01 -0.9907835E-01 -0.1010727 -0.1030361 -0.1056343 -0.1108975 -0.1168416 -0.1168416 -9999.000 -9999.000 -9999.000 -9999.000 -9999.000 -9999.000 -9999.000 -9999.000 -9999.000 -9999.000 -9999.000 -9999.000 -9999.000 -9999.000 -9999.000 -9999.000 -9999.000 -9999.000 -9999.000 -9999.000 -9999.000 -9999.000 -9999.000 -9999.000 -9999.000 -9999.000 -9999.000 -9999.000
-9999.000 -9999.000 -9999.000 -9999.000 -9999.000 -9999.000 -9999.000 -9999.000 -9999.000 -9999.000 -9999.000 -9999.000 -9999.000 -9999.000 -9999.000 -0.8962296E-01 -0.8061093E-01 -0.7836611E-01 -0.7980763E-01 -0.8268223E-01 -0.8612967E-01 -0.8989581E-01 -0.9358311E-01 -0.9709671E-01 -0.1004112 -0.1034760 -0.1064798 -0.1103410 -0.1178838 -0.1270456 -0.1270456 -9999.000 -9999.000 -9999.000 -9999.000 -9999.000 -9999.000 -9999.000 -9999.000 -9999.000 -9999.000 -9999.000 -9999.000 -9999.000 -9999.000 -9999.000 -9999.000 -9999.000 -9999.000 -9999.000 -9999.000 -9999.000 -9999.000 -9999.000 -9999.000 -9999.000 -9999.000 -9999.000 -9999.000
-9999.000 -9999.000 -9999.000 -9999.000 -9999.000 -9999.000 -9999.000 -9999.000 -9999.000 -9999.000 -9999.000 -9999.000 -9999.000 -9999.000 -9999.000 -0.8600173E-01 -0.7478271E-01 -0.7197385E-01 -0.7394651E-01 -0.7780293E-01 -0.8243448E-01 -0.8751047E-01 -0.9250533E-01 -0.9729078E-01 -0.1018238 -0.1060278 -0.1101386 -0.1153420 -0.1253083 -0.1382574 -0.1382574 -9999.000 -9999.000 -9999.000 -9999.000 -9999.000 -9999.000 -9999.000 -9999.000 -9999.000 -9999.000 -9999.000 -9999.000 -9999.000 -9999.000 -9999.000 -9999.000 -9999.000 -9999.000 -9999.000 -9999.000 -9999.000 -9999.000 -9999.000 -9999.000 -9999.000 -9999.000 -9999.000 -9999.000
-9999.000 -9999.000 -9999.000 -9999.000 -9999.000 -9999.000 -9999.000 -9999.000 -9999.000 -9999.000 -9999.000 -9999.000 -9999.000 -9999.000 -9999.000 -0.8203214E-01 -0.6865431E-01 -0.6529000E-01 -0.6782699E-01 -0.7270597E-01 -0.7856691E-01 -0.8500408E-01 -0.9135646E-01 -0.9746496E-01 -0.1032678 -0.1086595 -0.1139277 -0.1205447 -0.1330912 -0.1504930 -0.1504930 -9999.000 -9999.000 -9999.000 -9999.000 -9999.000 -9999.000 -9999.000 -9999.000 -9999.000 -9999.000 -9999.000 -9999.000 -9999.000 -9999.000 -9999.000 -9999.000 -9999.000 -9999.000 -9999.000 -9999.000 -9999.000 -9999.000 -9999.000 -9999.000 -9999.000 -9999.000 -9999.000 -9999.000
-9999.000 -9999.000 -9999.000 -9999.000 -9999.000 -9999.000 -9999.000 -9999.000 -9999.000 -9999.000 -9999.000 -9999.000 -9999.000 -9999.000 -9999.000 -0.7772709E-01 -0.6224551E-01 -0.5833675E-01 -0.6147000E-01 -0.6740720E-01 -0.7453550E-01 -0.8237691E-01 -0.9012680E-01 -0.9759907E-01 -0.1047131 -0.1113320 -0.1178005 -0.1259024 -0.1412072 -0.1638709 -0.1638709 -9999.000 -9999.000 -9999.000 -9999.000 -9999.000 -9999.000 -9999.000 -9999.000 -9999.000 -9999.000 -9999.000 -9999.000 -9999.000 -9999.000 -9999.000 -9999.000 -9999.000 -9999.000 -9999.000 -9999.000 -9999.000 -9999.000 -9999.000 -9999.000 -9999.000 -9999.000 -9999.000 -9999.000
-9999.000 -9999.000 -9999.000 -9999.000 -9999.000 -9999.000 -9999.000 -9999.000 -9999.000 -9999.000 -9999.000 -9999.000 -9999.000 -9999.000 -9999.000 -0.7306450E-01 -0.5554821E-01 -0.5111109E-01 -0.5487474E-01 -0.6190459E-01 -0.7033553E-01 -0.7962071E-01 -0.8880288E-01 -0.9767462E-01 -0.1061359 -0.1140157 -0.1217244 -0.1313862 -0.1496561 -0.1785873 -0.1785873 -9999.000 -9999.000 -9999.000 -9999.000 -9999.000 -9999.000 -9999.000 -9999.000 -9999.000 -9999.000 -9999.000 -9999.000 -9999.000 -9999.000 -9999.000 -9999.000 -9999.000 -9999.000 -9999.000 -9999.000 -9999.000 -9999.000 -9999.000 -9999.000 -9999.000 -9999.000 -9999.000 -9999.000
-9999.000 -9999.000 -9999.000 -9999.000 -9999.000 -9999.000 -9999.000 -9999.000 -9999.000 -9999.000 -9999.000 -9999.000 -9999.000 -9999.000 -9999.000 -0.6800280E-01 -0.4853907E-01 -0.4359584E-01 -0.4802809E-01 -0.5618586E-01 -0.6595310E-01 -0.7672053E-01 -0.8736598E-01 -0.9766948E-01 -0.1075109 -0.1166819 -0.1256687 -0.1369718 -0.1584480 -0.1949185 -0.1949185 -9999.000 -9999.000 -9999.000 -9999.000 -9999.000 -9999.000 -9999.000 -9999.000 -9999.000 -9999.000 -9999.000 -9999.000 -9999.000 -9999.000 -9999.000 -9999.000 -9999.000 -9999.000 -9999.000 -9999.000 -9999.000 -9999.000 -9999.000 -9999.000 -9999.000 -9999.000 -9999.000 -9999.000
-9999.000 -9999.000 -9999.000 -9999.000 -9999.000 -9999.000 -9999.000 -9999.000 -9999.000 -9999.000 -9999.000 -9999.000 -9999.000 -9999.000 -9999.000 -0.6248662E-01 -0.4118347E-01 -0.3576364E-01 -0.4090792E-01 -0.5022999E-01 -0.6136680E-01 -0.7365407E-01 -0.8579146E-01 -0.9755602E-01 -0.1088074 -0.1192959 -0.1295963 -0.1426303 -0.1675961 -0.2132381 -0.2132381 -9999.000 -9999.000 -9999.000 -9999.000 -9999.000 -9999.000 -9999.000 -9999.000 -9999.000 -9999.000 -9999.000 -9999.000 -9999.000 -9999.000 -9999.000 -9999.000 -9999.000 -9999.000 -9999.000 -9999.000 -9999.000 -9999.000 -9999.000 -9999.000 -9999.000 -9999.000 -9999.000 -9999.000
-9999.000 -9999.000 -9999.000 -9999.000 -9999.000 -9999.000 -9999.000 -9999.000 -9999.000 -9999.000 -9999.000 -9999.000 -9999.000 -9999.000 -9999.000 -0.5644801E-01 -0.3343619E-01 -0.2757731E-01 -0.3348267E-01 -0.4400749E-01 -0.5654700E-01 -0.7039135E-01 -0.8404548E-01 -0.9729720E-01 -0.1099847 -0.1218120 -0.1334586 -0.1483213 -0.1771099 -0.2340530 -0.2340530 -9999.000 -9999.000 -9999.000 -9999.000 -9999.000 -9999.000 -9999.000 -9999.000 -9999.000 -9999.000 -9999.000 -9999.000 -9999.000 -9999.000 -9999.000 -9999.000 -9999.000 -9999.000 -9999.000 -9999.000 -9999.000 -9999.000 -9999.000 -9999.000 -9999.000 -9999.000 -9999.000 -9999.000
-9999.000 -9999.000 -9999.000 -9999.000 -9999.000 -9999.000 -9999.000 -9999.000 -9999.000 -9999.000 -9999.000 -9999.000 -9999.000 -9999.000 -9999.000 -0.4980437E-01 -0.2523927E-01 -0.1898763E-01 -0.2571033E-01 -0.3747807E-01 -0.5145321E-01 -0.6689099E-01 -0.8208238E-01 -0.9684268E-01 -0.1109863 -0.1241664 -0.1371863 -0.1539844 -0.1869884 -0.2580636 -0.2580636 -9999.000 -9999.000 -9999.000 -9999.000 -9999.000 -9999.000 -9999.000 -9999.000 -9999.000 -9999.000 -9999.000 -9999.000 -9999.000 -9999.000 -9999.000 -9999.000 -9999.000 -9999.000 -9999.000 -9999.000 -9999.000 -9999.000 -9999.000 -9999.000 -9999.000 -9999.000 -9999.000 -9999.000
-9999.000 -9999.000 -9999.000 -9999.000 -9999.000 -9999.000 -9999.000 -9999.000 -9999.000 -9999.000 -9999.000 -9999.000 -9999.000 -9999.000 -9999.000 -0.4245304E-01 -0.1651711E-01 -0.9928423E-02 -0.1753300E-01 -0.3058607E-01 -0.4602894E-01 -0.6309525E-01 -0.7983780E-01 -0.9612138E-01 -0.1117331 -0.1262680 -0.1406784 -0.1595258 -0.1972086 -0.2862630 -0.2862630 -9999.000 -9999.000 -9999.000 -9999.000 -9999.000 -9999.000 -9999.000 -9999.000 -9999.000 -9999.000 -9999.000 -9999.000 -9999.000 -9999.000 -9999.000 -9999.000 -9999.000 -9999.000 -9999.000 -9999.000 -9999.000 -9999.000 -9999.000 -9999.000 -9999.000 -9999.000 -9999.000 -9999.000
-9999.000 -9999.000 -9999.000 -9999.000 -9999.000 -9999.000 -9999.000 -9999.000 -9999.000 -9999.000 -9999.000 -9999.000 -9999.000 -9999.000 -9999.000 -0.3410132E-01 -0.7069298E-02 -0.2714438E-03 -0.8879466E-02 -0.2327679E-01 -0.4022486E-01 -0.5895409E-01 -0.7725056E-01 -0.9505817E-01 -0.1121324 -0.1280013 -0.1437987 -0.1648108 -0.2077195 -0.3201357 -0.3201357 -9999.000 -9999.000 -9999.000 -9999.000 -9999.000 -9999.000 -9999.000 -9999.000 -9999.000 -9999.000 -9999.000 -9999.000 -9999.000 -9999.000 -9999.000 -9999.000 -9999.000 -9999.000 -9999.000 -9999.000 -9999.000 -9999.000 -9999.000 -9999.000 -9999.000 -9999.000 -9999.000 -9999.000
-9999.000 -9999.000 -9999.000 -9999.000 -9999.000 -9999.000 -9999.000 -9999.000 -9999.000 -9999.000 -9999.000 -9999.000 -9999.000 -9999.000 -9999.000 -0.1440569E-02 0.9936734E-02 0.8216937E-02 -0.4746358E-02 -0.2027809E-01 -0.3831398E-01 -0.5817075E-01 -0.7740669E-01 -0.9613498E-01 -0.1140989 -0.1307701 -0.1475033 -0.1703850 -0.2185937 -0.3595802 -0.3595802 -9999.000 -9999.000 -9999.000 -9999.000 -9999.000 -9999.000 -9999.000 -9999.000 -9999.000 -9999.000 -9999.000 -9999.000 -9999.000 -9999.000 -9999.000 -9999.000 -9999.000 -9999.000 -9999.000 -9999.000 -9999.000 -9999.000 -9999.000 -9999.000 -9999.000 -9999.000 -9999.000 -9999.000
-0.4340198E-02 -0.4340198E-02 -0.5017850E-02 -0.6914875E-02 -0.6469804E-02 -0.6469804E-02 -0.6329556E-02 -0.6281768E-02 -0.6281768E-02 -0.6268435E-02 -0.6268435E-02 -0.6242700E-02 -0.6226517E-02 -0.6209236E-02 -0.6193475E-02 -0.6193475E-02 0.1955401E-01 0.1370030E-01 -0.9581253E-03 -0.2121723E-01 -0.4600265E-01 -0.7411191E-01 -0.1037601 -0.1336622 -0.1627490 -0.1900297 -0.2152829 -0.2405438 -0.2742742 -0.3582030 -0.3582030 -0.1961682 -0.1039771 -0.3473504E-01 -0.2561495E-01 -0.2561495E-01 -0.1837762E-01 -0.1837762E-01 -0.5184943E-02 -0.5184943E-02 0.6008867E-02 0.2693496E-01 0.2693496E-01 -0.3097237E-02 -0.3097237E-02 -0.3275819E-02 -0.3275819E-02 -0.3275819E-02 0.1055411E-02 0.1055411E-02 0.1640554E-02 0.1640554E-02 0.5693718E-03 0.5693718E-03 -0.7960650E-03 -0.7960650E-03 -0.2061503E-02 -0.2061503E-02 -0.2061503E-02
-0.6673428E-02 -0.6673428E-02 -0.6787535E-02 -0.1006373E-01 -0.9221494E-02 -0.9221494E-02 -0.8926935E-02 -0.8840798E-02 -0.8840798E-02 -0.8835319E-02 -0.8835319E-02 -0.8812021E-02 -0.8798008E-02 -0.8784359E-02 -0.8782692E-02 -0.8782692E-02 0.1550856E-01 0.9812905E-02 -0.6232096E-02 -0.3203774E-01 -0.6559773E-01 -0.1050255 -0.1487104 -0.1946794 -0.2410834 -0.2862622 -0.3285338 -0.3661439 -0.3971430 -0.4211600 -0.4211600 -0.2833681 -0.1866596 -0.9522495E-01 -0.7702088E-01 -0.7702088E-01 -0.5178935E-01 -0.5178935E-01 -0.7170974E-02 -0.7170974E-02 0.2608830E-01 0.8683402E-01 0.8683402E-01 0.5264227E-01 0.5264227E-01 0.1110562E-01 0.1110562E-01 0.1110562E-01 0.6520757E-02 0.6520757E-02 0.2712622E-02 0.2712622E-02 -0.1310216E-02 -0.1310216E-02 -0.4887899E-02 -0.4887899E-02 -0.7633002E-02 -0.7633002E-02 -0.7633002E-02
-0.5506187E-02 -0.5506187E-02 -0.4697491E-02 -0.8617626E-02 -0.7919081E-02 -0.7919081E-02 -0.7573188E-02 -0.7473622E-02 -0.7473622E-02 -0.7490669E-02 -0.7490669E-02 -0.7481281E-02 -0.7476075E-02 -0.7473466E-02 -0.7501820E-02 -0.7501820E-02 0.8718960E-02 0.2668463E-02 -0.1379783E-01 -0.4025752E-01 -0.7526930E-01 -0.1172813 -0.1649478 -0.2167284 -0.2710382 -0.3263222 -0.3808697 -0.4326099 -0.4787099 -0.5116189 -0.5116189 -0.4208632 -0.3363113 -0.2206262 -0.1827888 -0.1827888 -0.1119694 -0.1119694 -0.6965731E-02 -0.6965731E-02 0.5862030E-01 0.1689775 0.1689775 0.1652554 0.1652554 0.5403760E-01 0.5403760E-01 0.5403760E-01 0.2089235E-01 0.2089235E-01 0.3483003E-02 0.3483003E-02 -0.7278529E-02 -0.7278529E-02 -0.1447647E-01 -0.1447647E-01 -0.1883488E-01 -0.1883488E-01 -0.1883488E-01
-0.4363505E-02 -0.4363505E-02 -0.3528677E-02 -0.6892645E-02 -0.6388925E-02 -0.6388925E-02 -0.6076216E-02 -0.5987165E-02 -0.5987165E-02 -0.6009990E-02 -0.6009990E-02 -0.5994866E-02 -0.5986474E-02 -0.5981126E-02 -0.6028143E-02 -0.6028143E-02 0.1619108E-02 -0.6500865E-02 -0.2445447E-01 -0.5189495E-01 -0.8776398E-01 -0.1307930 -0.1798192 -0.2336217 -0.2909495 -0.3505614 -0.4110810 -0.4707283 -0.5267790 -0.5716408 -0.5716408 -0.5266420 -0.4652594 -0.3506036 -0.2976770 -0.2976770 -0.1707166 -0.1707166 0.6072909E-02 0.6072909E-02 0.9831036E-01 0.2340379 0.2340379 0.2521463 0.2521463 0.1074451 0.1074451 0.1074451 0.4210250E-01 0.4210250E-01 0.5814462E-02 0.5814462E-02 -0.1473107E-01 -0.1473107E-01 -0.2665557E-01 -0.2665557E-01 -0.3264292E-01 -0.3264292E-01 -0.3264292E-01
-0.3250791E-02 -0.3250791E-02 -0.2960245E-02 -0.5046747E-02 -0.4796293E-02 -0.4796293E-02 -0.4576233E-02 -0.4502677E-02 -0.4502677E-02 -0.4518373E-02 -0.4518373E-02 -0.4500346E-02 -0.4490437E-02 -0.4483716E-02 -0.4555138E-02 -0.4555138E-02 -0.5793600E-02 -0.1760338E-01 -0.3844234E-01 -0.6795967E-01 -0.1053292 -0.1495304 -0.1995751 -0.2544608 -0.3131687 -0.3746873 -0.4379270 -0.5014836 -0.5630994 -0.6163838 -0.6163838 -0.6066147 -0.5696426 -0.4652265 -0.3966502 -0.3966502 -0.2017094 -0.2017094 0.3583178E-01 0.3583178E-01 0.1379724 0.2708267 0.2708267 0.2987217 0.2987217 0.1573769 0.1573769 0.1573769 0.6784800E-01 0.6784800E-01 0.1190736E-01 0.1190736E-01 -0.2041979E-01 -0.2041979E-01 -0.3826518E-01 -0.3826518E-01 -0.4626446E-01 -0.4626446E-01 -0.4626446E-01
-0.2155816E-02 -0.2155816E-02 -0.2119238E-02 -0.3298470E-02 -0.3189631E-02 -0.3189631E-02 -0.3054863E-02 -0.3006034E-02 -0.3006034E-02 -0.3016763E-02 -0.3016763E-02 -0.3000829E-02 -0.2992152E-02 -0.2986160E-02 -0.3092041E-02 -0.3092041E-02 -0.1392903E-01 -0.3094341E-01 -0.5617760E-01 -0.8909000E-01 -0.1289331 -0.1748792 -0.2261347 -0.2819188 -0.3414376 -0.4038865 -0.4683971 -0.5338634 -0.5984821 -0.6571841 -0.6571841 -0.6719868 -0.6554788 -0.5534597 -0.4588378 -0.4588378 -0.1884299 -0.1884299 0.7175025E-01 0.7175025E-01 0.1651004 0.2781977 0.2781977 0.3097738 0.3097738 0.1947703 0.1947703 0.1947703 0.9459529E-01 0.9459529E-01 0.2215600E-01 0.2215600E-01 -0.2265892E-01 -0.2265892E-01 -0.4750869E-01 -0.4750869E-01 -0.5810096E-01 -0.5810096E-01 -0.5810096E-01
-0.1074363E-02 -0.1074363E-02 -0.1102297E-02 -0.1628526E-02 -0.1590191E-02 -0.1590191E-02 -0.1526995E-02 -0.1503620E-02 -0.1503620E-02 -0.1509154E-02 -0.1509154E-02 -0.1499636E-02 -0.1494674E-02 -0.1491354E-02 -0.1644740E-02 -0.1644740E-02 -0.2345731E-01 -0.4721237E-01 -0.7843712E-01 -0.1161985 -0.1596775 -0.2081598 -0.2610383 -0.3177684 -0.3778130 -0.4406123 -0.5055350 -0.5717460 -0.6378266 -0.6997546 -0.6997546 -0.7305514 -0.7275485 -0.6004391 -0.4626312 -0.4626312 -0.1379496 -0.1379496 0.9678727E-01 0.9678727E-01 0.1713904 0.2622083 0.2622083 0.2957853 0.2957853 0.2151063 0.2151063 0.2151063 0.1178848 0.1178848 0.3529847E-01 0.3529847E-01 -0.2088782E-01 -0.2088782E-01 -0.5325610E-01 -0.5325610E-01 -0.6698333E-01 -0.6698333E-01 -0.6698333E-01
-0.2502343E-06 -0.2502343E-06 -0.9691674E-07 0.4883185E-07 0.8766261E-07 0.8766261E-07 -0.8581321E-08 -0.1487895E-06 -0.1487895E-06 -0.1335904E-06 -0.1335904E-06 -0.8460765E-07 0.7743455E-07 0.2079131E-07 -0.2174937E-03 -0.2174937E-03 -0.3536444E-01 -0.6758475E-01 -0.1065178 -0.1506718 -0.1990443 -0.2509672 -0.3060014 -0.3638432 -0.4242373 -0.4869126 -0.5515217 -0.6175241 -0.6838377 -0.7470143 -0.7470143 -0.7860644 -0.7846636 -0.5823777 -0.3973900 -0.3973900 -0.7913656E-01 -0.7913656E-01 0.1015578 0.1015578 0.1579263 0.2316992 0.2316992 0.2667165 0.2667165 0.2180649 0.2180649 0.2180649 0.1335631 0.1335631 0.4881211E-01 0.4881211E-01 -0.1555294E-01 -0.1555294E-01 -0.5489209E-01 -0.5489209E-01 -0.7196477E-01 -0.7196477E-01 -0.7196477E-01
0.1074135E-02 0.1074135E-02 0.1101944E-02 0.1628560E-02 0.1590302E-02 0.1590302E-02 0.1526985E-02 0.1503498E-02 0.1503498E-02 0.1508813E-02 0.1508813E-02 0.1499532E-02 0.1494656E-02 0.1491258E-02 0.1186361E-02 0.1186361E-02 -0.5113898E-01 -0.9393270E-01 -0.1424752 -0.1946200 -0.2491401 -0.3053961 -0.3631202 -0.4222594 -0.4828562 -0.5449576 -0.6085392 -0.6733844 -0.7386524 -0.8004978 -0.8004978 -0.8374758 -0.8129994 -0.4839430 -0.2872150 -0.2872150 -0.3880016E-01 -0.3880016E-01 0.8894625E-01 0.8894625E-01 0.1322111 0.1944748 0.1944748 0.2297750 0.2297750 0.2061297 0.2061297 0.2061297 0.1389822 0.1389822 0.5967286E-01 0.5967286E-01 -0.7952698E-02 -0.7952698E-02 -0.5233277E-01 -0.5233277E-01 -0.7234427E-01 -0.7234427E-01 -0.7234427E-01
0.2155734E-02 0.2155734E-02 0.2119082E-02 0.3298450E-02 0.3189739E-02 0.3189739E-02 0.3054672E-02 0.3005981E-02 0.3005981E-02 0.3016469E-02 0.3016469E-02 0.3000733E-02 0.2991975E-02 0.2985981E-02 0.2560698E-02 0.2560698E-02 -0.7313646E-01 -0.1292144 -0.1895007 -0.2512252 -0.3130100 -0.3743163 -0.4351011 -0.4955984 -0.5561691 -0.6171950 -0.6789939 -0.7416704 -0.8042674 -0.8597116 -0.8597116 -0.8727183 -0.7746059 -0.3353372 -0.1830206 -0.1830206 -0.2287186E-01 -0.2287186E-01 0.6770465E-01 0.6770465E-01 0.1022153 0.1557082 0.1557082 0.1894598 0.1894598 0.1829341 0.1829341 0.1829341 0.1335210 0.1335210 0.6528356E-01 0.6528356E-01 0.1189811E-03 0.1189811E-03 -0.4601238E-01 -0.4601238E-01 -0.6774720E-01 -0.6774720E-01 -0.6774720E-01
0.3250699E-02 0.3250699E-02 0.2960239E-02 0.5046665E-02 0.4796322E-02 0.4796322E-02 0.4576185E-02 0.4502485E-02 0.4502485E-02 0.4518166E-02 0.4518166E-02 0.4500277E-02 0.4490350E-02 0.4483664E-02 0.3892891E-02 0.3892891E-02 -0.1053074 -0.1782102 -0.2525829 -0.3253082 -0.3951223 -0.4617850 -0.5256099 -0.5871948 -0.6472565 -0.7065244 -0.7656612 -0.8249931 -0.8820484 -0.9166490 -0.9166490 -0.8497836 -0.6193553 -0.2038700 -0.1170602 -0.1170602 -0.2136708E-01 -0.2136708E-01 0.4527099E-01 0.4527099E-01 0.7306053E-01 0.1181298 0.1181298 0.1483537 0.1483537 0.1520864 0.1520864 0.1520864 0.1183021 0.1183021 0.6420143E-01 0.6420143E-01 0.6879075E-02 0.6879075E-02 -0.3678018E-01 -0.3678018E-01 -0.5822112E-01 -0.5822112E-01 -0.5822112E-01
0.4363347E-02 0.4363347E-02 0.3528757E-02 0.6892676E-02 0.6388975E-02 0.6388975E-02 0.6076308E-02 0.5987185E-02 0.5987185E-02 0.6009749E-02 0.6009749E-02 0.5994810E-02 0.5986518E-02 0.5981092E-02 0.5162381E-02 0.5162381E-02 -0.1547445 -0.2489902 -0.3397614 -0.4243632 -0.5022157 -0.5737487 -0.6398581 -0.7016294 -0.7601913 -0.8166349 -0.8719556 -0.9262434 -0.9694715 -0.9332922 -0.9332922 -0.6876647 -0.3719328 -0.1251784 -0.8451943E-01 -0.8451943E-01 -0.2332194E-01 -0.2332194E-01 0.2563290E-01 0.2563290E-01 0.4718004E-01 0.8305990E-01 0.8305990E-01 0.1080380 0.1080380 0.1167209 0.1167209 0.1167209 0.9554374E-01 0.9554374E-01 0.5641896E-01 0.5641896E-01 0.1107968E-01 0.1107968E-01 -0.2569272E-01 -0.2569272E-01 -0.4430985E-01 -0.4430985E-01 -0.4430985E-01
