simulation_files/asc/Velocity____75.0.asc
NCOLS        79
NROWS        79
XLLCENTER         -1.500000
YLLCENTER         -4.800000
CELLSIZE           0.100
NODATA_VALUE     -9999.0
[rows 0 to 26 of 79, columns 0 to 59 of 79]
-9999.000 -9999.000 -9999.000 -9999.000 -9999.000 -9999.000 -9999.000 -9999.000 -9999.000 -9999.000 -9999.000 -9999.000 -9999.000 -9999.000 -9999.000 0.2186124 0.2175462 0.2177310 0.2180129 0.2183114 0.2186223 0.2189562 0.2193300 0.2197670 0.2202970 0.2209630 0.2218308 0.2230099 0.2245547 0.2220023 0.2220023 -9999.000 -9999.000 -9999.000 -9999.000 -9999.000 -9999.000 -9999.000 -9999.000 -9999.000 -9999.000 -9999.000 -9999.000 -9999.000 -9999.000 -9999.000 -9999.000 -9999.000 -9999.000 -9999.000 -9999.000 -9999.000 -9999.000 -9999.000 -9999.000 -9999.000 -9999.000 -9999.000 -9999.000 -9999.000
-9999.000 -9999.000 -9999.000 -9999.000 -9999.000 -9999.000 -9999.000 -9999.000 -9999.000 -9999.000 -9999.000 -9999.000 -9999.000 -9999.000 -9999.000 0.2156174 0.2132367 0.2136039 0.2141876 0.2148115 0.2154604 0.2161509 0.2169162 0.2178027 0.2188752 0.2202278 0.2220069 0.2244451 0.2276361 0.2228256 0.2228256 -9999.000 -9999.000 -9999.000 -9999.000 -9999.000 -9999.000 -9999.000 -9999.000 -9999.000 -9999.000 -9999.000 -9999.000 -9999.000 -9999.000 -9999.000 -9999.000 -9999.000 -9999.000 -9999.000 -9999.000 -9999.000 -9999.000 -9999.000 -9999.000 -9999.000 -9999.000 -9999.000 -9999.000 -9999.000
-9999.000 -9999.000 -9999.000 -9999.000 -9999.000 -9999.000 -9999.000 -9999.000 -9999.000 -9999.000 -9999.000 -9999.000 -9999.000 -9999.000 -9999.000 0.2110576 0.2071927 0.2078098 0.2088403 0.2099820 0.2111991 0.2125133 0.2139774 0.2156700 0.2176998 0.2202222 0.2234686 0.2277846 0.2332366 0.2263436 0.2263436 -9999.000 -9999.000 -9999.000 -9999.000 -9999.000 -9999.000 -9999.000 -9999.000 -9999.000 -9999.000 -9999.000 -9999.000 -9999.000 -9999.000 -9999.000 -9999.000 -9999.000 -9999.000 -9999.000 -9999.000 -9999.000 -9999.000 -9999.000 -9999.000 -9999.000 -9999.000 -9999.000 -9999.000 -9999.000
-9999.000 -9999.000 -9999.000 -9999.000 -9999.000 -9999.000 -9999.000 -9999.000 -9999.000 -9999.000 -9999.000 -9999.000 -9999.000 -9999.000 -9999.000 0.2054195 0.2001083 0.2010504 0.2026393 0.2044382 0.2063882 0.2085148 0.2108897 0.2136231 0.2168691 0.2208467 0.2258755 0.2324248 0.2405431 0.2321161 0.2321161 -9999.000 -9999.000 -9999.000 -9999.000 -9999.000 -9999.000 -9999.000 -9999.000 -9999.000 -9999.000 -9999.000 -9999.000 -9999.000 -9999.000 -9999.000 -9999.000 -9999.000 -9999.000 -9999.000 -9999.000 -9999.000 -9999.000 -9999.000 -9999.000 -9999.000 -9999.000 -9999.000 -9999.000 -9999.000
-9999.000 -9999.000 -9999.000 -9999.000 -9999.000 -9999.000 -9999.000 -9999.000 -9999.000 -9999.000 -9999.000 -9999.000 -9999.000 -9999.000 -9999.000 0.1987728 0.1920991 0.1934411 0.1956913 0.1982716 0.2010973 0.2041965 0.2076607 0.2116337 0.2163187 0.2220054 0.2291142 0.2382579 0.2494904 0.2401451 0.2401451 -9999.000 -9999.000 -9999.000 -9999.000 -9999.000 -9999.000 -9999.000 -9999.000 -9999.000 -9999.000 -9999.000 -9999.000 -9999.000 -9999.000 -9999.000 -9999.000 -9999.000 -9999.000 -9999.000 -9999.000 -9999.000 -9999.000 -9999.000 -9999.000 -9999.000 -9999.000 -9999.000 -9999.000 -9999.000
-9999.000 -9999.000 -9999.000 -9999.000 -9999.000 -9999.000 -9999.000 -9999.000 -9999.000 -9999.000 -9999.000 -9999.000 -9999.000 -9999.000 -9999.000 0.1911315 0.1832393 0.1850602 0.1880692 0.1915446 0.1953738 0.1995877 0.2042988 0.2096880 0.2160149 0.2236505 0.2331362 0.2452592 0.2601223 0.2505865 0.2505865 -9999.000 -9999.000 -9999.000 -9999.000 -9999.000 -9999.000 -9999.000 -9999.000 -9999.000 -9999.000 -9999.000 -9999.000 -9999.000 -9999.000 -9999.000 -9999.000 -9999.000 -9999.000 -9999.000 -9999.000 -9999.000 -9999.000 -9999.000 -9999.000 -9999.000 -9999.000 -9999.000 -9999.000 -9999.000
-9999.000 -9999.000 -9999.000 -9999.000 -9999.000 -9999.000 -9999.000 -9999.000 -9999.000 -9999.000 -9999.000 -9999.000 -9999.000 -9999.000 -9999.000 0.1824591 0.1735675 0.1759569 0.1798223 0.1843024 0.1892554 0.1947151 0.2008175 0.2077864 0.2159469 0.2257682 0.2379392 0.2534667 0.2725742 0.2637457 0.2637457 -9999.000 -9999.000 -9999.000 -9999.000 -9999.000 -9999.000 -9999.000 -9999.000 -9999.000 -9999.000 -9999.000 -9999.000 -9999.000 -9999.000 -9999.000 -9999.000 -9999.000 -9999.000 -9999.000 -9999.000 -9999.000 -9999.000 -9999.000 -9999.000 -9999.000 -9999.000 -9999.000 -9999.000 -9999.000
-9999.000 -9999.000 -9999.000 -9999.000 -9999.000 -9999.000 -9999.000 -9999.000 -9999.000 -9999.000 -9999.000 -9999.000 -9999.000 -9999.000 -9999.000 0.1726744 0.1630944 0.1661602 0.1709874 0.1765843 0.1827797 0.1896116 0.1972429 0.2059472 0.2161277 0.2283733 0.2435580 0.2629716 0.2870698 0.2801023 0.2801023 -9999.000 -9999.000 -9999.000 -9999.000 -9999.000 -9999.000 -9999.000 -9999.000 -9999.000 -9999.000 -9999.000 -9999.000 -9999.000 -9999.000 -9999.000 -9999.000 -9999.000 -9999.000 -9999.000 -9999.000 -9999.000 -9999.000 -9999.000 -9999.000 -9999.000 -9999.000 -9999.000 -9999.000 -9999.000
-9999.000 -9999.000 -9999.000 -9999.000 -9999.000 -9999.000 -9999.000 -9999.000 -9999.000 -9999.000 -9999.000 -9999.000 -9999.000 -9999.000 -9999.000 0.1616567 0.1518082 0.1556872 0.1615977 0.1684349 0.1759980 0.1843302 0.1936256 0.2042163 0.2165997 0.2315127 0.2500649 0.2739189 0.3039326 0.3003710 0.3003710 -9999.000 -9999.000 -9999.000 -9999.000 -9999.000 -9999.000 -9999.000 -9999.000 -9999.000 -9999.000 -9999.000 -9999.000 -9999.000 -9999.000 -9999.000 -9999.000 -9999.000 -9999.000 -9999.000 -9999.000 -9999.000 -9999.000 -9999.000 -9999.000 -9999.000 -9999.000 -9999.000 -9999.000 -9999.000
-9999.000 -9999.000 -9999.000 -9999.000 -9999.000 -9999.000 -9999.000 -9999.000 -9999.000 -9999.000 -9999.000 -9999.000 -9999.000 -9999.000 -9999.000 0.1492497 0.1396790 0.1445516 0.1516967 0.1599200 0.1689919 0.1789613 0.1900589 0.2026855 0.2174518 0.2352791 0.2575800 0.2865163 0.3236096 0.3256180 0.3256180 -9999.000 -9999.000 -9999.000 -9999.000 -9999.000 -9999.000 -9999.000 -9999.000 -9999.000 -9999.000 -9999.000 -9999.000 -9999.000 -9999.000 -9999.000 -9999.000 -9999.000 -9999.000 -9999.000 -9999.000 -9999.000 -9999.000 -9999.000 -9999.000 -9999.000 -9999.000 -9999.000 -9999.000 -9999.000
-9999.000 -9999.000 -9999.000 -9999.000 -9999.000 -9999.000 -9999.000 -9999.000 -9999.000 -9999.000 -9999.000 -9999.000 -9999.000 -9999.000 -9999.000 0.1352624 0.1266643 0.1327766 0.1413577 0.1511529 0.1619035 0.1736664 0.1867147 0.2015290 0.2188545 0.2398418 0.2662956 0.3010565 0.3467123 0.3574775 0.3574775 -9999.000 -9999.000 -9999.000 -9999.000 -9999.000 -9999.000 -9999.000 -9999.000 -9999.000 -9999.000 -9999.000 -9999.000 -9999.000 -9999.000 -9999.000 -9999.000 -9999.000 -9999.000 -9999.000 -9999.000 -9999.000 -9999.000 -9999.000 -9999.000 -9999.000 -9999.000 -9999.000 -9999.000 -9999.000
-9999.000 -9999.000 -9999.000 -9999.000 -9999.000 -9999.000 -9999.000 -9999.000 -9999.000 -9999.000 -9999.000 -9999.000 -9999.000 -9999.000 -9999.000 0.1194717 0.1127206 0.1204234 0.1307251 0.1423431 0.1549916 0.1687403 0.1839110 0.2010743 0.2211328 0.2455165 0.2765361 0.3179638 0.3740867 0.3985759 0.3985759 -9999.000 -9999.000 -9999.000 -9999.000 -9999.000 -9999.000 -9999.000 -9999.000 -9999.000 -9999.000 -9999.000 -9999.000 -9999.000 -9999.000 -9999.000 -9999.000 -9999.000 -9999.000 -9999.000 -9999.000 -9999.000 -9999.000 -9999.000 -9999.000 -9999.000 -9999.000 -9999.000 -9999.000 -9999.000
-9999.000 -9999.000 -9999.000 -9999.000 -9999.000 -9999.000 -9999.000 -9999.000 -9999.000 -9999.000 -9999.000 -9999.000 -9999.000 -9999.000 -9999.000 0.1016272 0.9783968E-01 0.1076594 0.1201041 0.1339011 0.1487484 0.1647392 0.1822522 0.2019563 0.2249288 0.2529280 0.2889032 0.3379080 0.4069315 0.4534366 0.4534366 -9999.000 -9999.000 -9999.000 -9999.000 -9999.000 -9999.000 -9999.000 -9999.000 -9999.000 -9999.000 -9999.000 -9999.000 -9999.000 -9999.000 -9999.000 -9999.000 -9999.000 -9999.000 -9999.000 -9999.000 -9999.000 -9999.000 -9999.000 -9999.000 -9999.000 -9999.000 -9999.000 -9999.000 -9999.000
-9999.000 -9999.000 -9999.000 -9999.000 -9999.000 -9999.000 -9999.000 -9999.000 -9999.000 -9999.000 -9999.000 -9999.000 -9999.000 -9999.000 -9999.000 0.8142662E-01 0.8219069E-01 0.9503273E-01 0.1103150 0.1268372 0.1443241 0.1629231 0.1830871 0.2055898 0.2316879 0.2634982 0.3047346 0.3621692 0.4470693 0.5307159 0.5307159 -9999.000 -9999.000 -9999.000 -9999.000 -9999.000 -9999.000 -9999.000 -9999.000 -9999.000 -9999.000 -9999.000 -9999.000 -9999.000 -9999.000 -9999.000 -9999.000 -9999.000 -9999.000 -9999.000 -9999.000 -9999.000 -9999.000 -9999.000 -9999.000 -9999.000 -9999.000 -9999.000 -9999.000 -9999.000
-9999.000 -9999.000 -9999.000 -9999.000 -9999.000 -9999.000 -9999.000 -9999.000 -9999.000 -9999.000 -9999.000 -9999.000 -9999.000 -9999.000 -9999.000 0.5809949E-01 0.7457890E-01 0.9647078E-01 0.1175009 0.1377053 0.1575564 0.1777101 0.1989927 0.2224970 0.2498267 0.2836068 0.3285313 0.3936888 0.4970427 0.6477041 0.6477041 -9999.000 -9999.000 -9999.000 -9999.000 -9999.000 -9999.000 -9999.000 -9999.000 -9999.000 -9999.000 -9999.000 -9999.000 -9999.000 -9999.000 -9999.000 -9999.000 -9999.000 -9999.000 -9999.000 -9999.000 -9999.000 -9999.000 -9999.000 -9999.000 -9999.000 -9999.000 -9999.000 -9999.000 -9999.000
1.674954 1.674954 1.726710 1.764019 1.773012 1.773012 1.779231 1.786939 1.786939 1.790948 1.790948 1.792599 1.792740 1.693662 1.411936 1.411936 1.211353 1.146518 1.074215 0.9960777 0.9144503 0.8324803 0.7540761 0.6838483 0.6271506 0.5904260 0.5821946 0.6154624 0.7134846 0.9384580 0.9384580 1.590130 1.781842 1.832549 1.794512 1.794512 1.671441 1.671441 1.460022 1.460022 1.113642 0.9438298 0.9438298 0.9357575 0.9357575 0.9764875 0.9764875 0.9764875 1.026582 1.026582 1.071253 1.071253 1.109045 1.109045 1.153110 1.153110 1.180289 1.180289 1.180289 1.199582
1.689793 1.689793 1.747383 1.798469 1.815120 1.815120 1.829073 1.852273 1.852273 1.871704 1.871704 1.888671 1.896425 1.860890 1.586719 1.586719 1.461534 1.437362 1.405141 1.363896 1.313543 1.254888 1.189704 1.120936 1.053071 0.9927116 0.9494773 0.9375928 0.9790258 1.112604 1.112604 1.576932 1.732843 1.835312 1.849193 1.849193 1.827196 1.827196 1.730652 1.730652 1.540264 1.260597 1.260597 1.259943 1.259943 1.312759 1.312759 1.312759 1.366096 1.366096 1.414345 1.414345 1.442813 1.442813 1.497004 1.497004 1.530700 1.530700 1.530700 1.557272
1.693032 1.693032 1.749431 1.798932 1.815605 1.815605 1.829690 1.853258 1.853258 1.873119 1.873119 1.890581 1.898608 1.880385 1.646922 1.646922 1.520812 1.516155 1.507079 1.492000 1.470032 1.440900 1.405020 1.363692 1.319402 1.276289 1.240943 1.223837 1.242292 1.330464 1.330464 1.678609 1.819761 1.938074 1.964417 1.964417 1.965906 1.965906 1.904605 1.904605 1.801661 1.541553 1.541553 1.500588 1.500588 1.548001 1.548001 1.548001 1.595284 1.595284 1.636439 1.636439 1.668656 1.668656 1.707782 1.707782 1.736027 1.736027 1.736027 1.757615
1.695377 1.695377 1.751264 1.799002 1.815532 1.815532 1.829601 1.853222 1.853222 1.873128 1.873128 1.890611 1.898643 1.889921 1.704371 1.704371 1.552079 1.555910 1.557069 1.554341 1.547186 1.535394 1.519091 1.498898 1.476176 1.453392 1.434684 1.426884 1.441936 1.508160 1.508160 1.771607 1.892688 2.003060 2.026890 2.026890 2.031060 2.031060 1.993241 1.993241 1.941446 1.749957 1.749957 1.674331 1.674331 1.705959 1.705959 1.705959 1.746309 1.746309 1.782374 1.782374 1.811334 1.811334 1.842765 1.842765 1.867317 1.867317 1.867317 1.885723
1.697028 1.697028 1.752840 1.799068 1.815439 1.815439 1.829484 1.853166 1.853166 1.873120 1.873120 1.890615 1.898646 1.895941 1.765134 1.765134 1.580446 1.589918 1.596811 1.600166 1.600057 1.596828 1.590957 1.583113 1.574290 1.566061 1.560963 1.563108 1.579792 1.633428 1.633428 1.841633 1.940705 2.031155 2.046121 2.046121 2.043892 2.043892 2.026196 2.026196 2.006558 1.896411 1.896411 1.806881 1.806881 1.814028 1.814028 1.814028 1.848135 1.848135 1.880541 1.880541 1.907245 1.907245 1.933773 1.933773 1.955377 1.955377 1.955377 1.971423
1.698114 1.698114 1.754034 1.799133 1.815356 1.815356 1.829376 1.853112 1.853112 1.873113 1.873113 1.890622 1.898650 1.899764 1.817835 1.817835 1.610073 1.624938 1.636687 1.644123 1.647816 1.648647 1.647602 1.645738 1.644183 1.644245 1.647608 1.656506 1.674209 1.718428 1.718428 1.883824 1.961480 2.022336 2.026308 2.026308 2.022041 2.022041 2.027691 2.027691 2.029706 1.988035 1.988035 1.914535 1.914535 1.895669 1.895669 1.895669 1.921417 1.921417 1.949638 1.949638 1.974059 1.974059 1.996914 1.996914 2.015595 2.015595 2.015595 2.029354
1.698728 1.698728 1.754773 1.799182 1.815300 1.815300 1.829299 1.853074 1.853074 1.873109 1.873109 1.890627 1.898654 1.902182 1.850259 1.850259 1.641593 1.661478 1.678238 1.689469 1.696036 1.699173 1.700250 1.700747 1.702131 1.705828 1.713242 1.725341 1.741819 1.774170 1.774170 1.897623 1.952161 1.976973 1.973920 1.973920 1.981365 1.981365 2.013468 2.013468 2.030740 2.036531 2.036531 1.996145 1.996145 1.962568 1.962568 1.962568 1.978091 1.978091 2.000633 2.000633 2.021961 2.021961 2.041229 2.041229 2.056781 2.056781 2.056781 2.068111
1.698927 1.698927 1.755023 1.799201 1.815282 1.815282 1.829273 1.853060 1.853060 1.873109 1.873109 1.890629 1.898656 1.903704 1.872199 1.872199 1.679624 1.701779 1.723292 1.738097 1.747145 1.751899 1.753893 1.754870 1.756637 1.760941 1.769334 1.781673 1.791594 1.803466 1.803466 1.882871 1.908152 1.901522 1.901626 1.901626 1.935127 1.935127 1.992327 1.992327 2.020346 2.056206 2.056206 2.049979 2.049979 2.018536 2.018536 2.018536 2.024663 2.024663 2.040287 2.040287 2.057169 2.057169 2.072433 2.072433 2.084629 2.084629 2.084629 2.093413
1.698729 1.698729 1.754773 1.799182 1.815301 1.815301 1.829300 1.853074 1.853074 1.873110 1.873110 1.890628 1.898654 1.904660 1.886767 1.886767 1.731959 1.749016 1.773319 1.791168 1.802475 1.808477 1.810782 1.811310 1.812135 1.815295 1.822492 1.831709 1.826241 1.803307 1.803307 1.832767 1.825692 1.810396 1.824681 1.824681 1.890707 1.890707 1.968246 1.968246 2.003838 2.058579 2.058579 2.079402 2.079402 2.063223 2.063223 2.063223 2.063704 2.063704 2.072433 2.072433 2.083737 2.083737 2.094349 2.094349 2.102778 2.102778 2.102778 2.108840
1.698114 1.698114 1.754034 1.799133 1.815356 1.815356 1.829376 1.853112 1.853112 1.873113 1.873113 1.890622 1.898650 1.905256 1.896257 1.896257 1.795421 1.805844 1.830235 1.850158 1.863191 1.870019 1.872172 1.871637 1.870663 1.871537 1.876036 1.878129 1.840931 1.763475 1.763475 1.739515 1.710606 1.719910 1.753354 1.753354 1.850308 1.850308 1.943011 1.943011 1.984061 2.051033 2.051033 2.090774 2.090774 2.095488 2.095488 2.095488 2.095235 2.095235 2.098557 2.098557 2.103923 2.103923 2.109254 2.109254 2.113482 2.113482 2.113482 2.116678
1.697028 1.697028 1.752840 1.799068 1.815439 1.815439 1.829484 1.853165 1.853165 1.873120 1.873120 1.890615 1.898645 1.905627 1.902338 1.902338 1.865457 1.874843 1.897070 1.917030 1.930547 1.937426 1.938860 1.936734 1.933343 1.931146 1.931734 1.918976 1.814631 1.672406 1.672406 1.610544 1.585777 1.638428 1.685120 1.685120 1.812139 1.812139 1.916478 1.916478 1.961758 2.037240 2.037240 2.089782 2.089782 2.115102 2.115102 2.115102 2.118171 2.118171 2.118434 2.118434 2.118333 2.118333 2.118133 2.118133 2.117919 2.117919 2.117919 2.118248
1.695377 1.695377 1.751264 1.799001 1.815532 1.815532 1.829600 1.853221 1.853221 1.873129 1.873129 1.890612 1.898643 1.905858 1.906157 1.906157 1.940955 1.956681 1.976625 1.994264 2.006214 2.011740 2.011544 2.007191 2.000839 1.994980 1.990170 1.941587 1.708201 1.536410 1.536410 1.463409 1.465493 1.568380 1.633780 1.633780 1.777319 1.777319 1.891326 1.891326 1.939775 2.020950 2.020950 2.081760 2.081760 2.123899 2.123899 2.123899 2.132252 2.132252 2.131658 2.131658 2.127171 2.127171 2.121709 2.121709 2.117142 2.117142 2.117142 2.114774
