simulation_files/asc/Velocity__y_178.0.asc
NCOLS        79
NROWS        79
XLLCENTER         -1.500000
YLLCENTER         -4.800000
CELLSIZE           0.100
NODATA_VALUE     -9999.0
[rows 0 to 26 of 79, columns 0 to 58 of 79]
-9999.000 -9999.000 -9999.000 -9999.000 -9999.000 -9999.000 -9999.000 -9999.000 -9999.000 -9999.000 -9999.000 -9999.000 -9999.000 -9999.000 -9999.000 -0.9693696E-01 -0.9459600E-01 -0.9375416E-01 -0.9367236E-01 -0.9410971E-01 -0.9471408E-01 -0.9535807E-01 -0.9600472E-01 -0.9656954E-01 -0.9706779E-01 -0.9751520E-01 -0.9793976E-01 -0.9850437E-01 -0.9977881E-01 -0.1009983 -0.1009983 -9999.000 -9999.000 -9999.000 -9999.000 -9999.000 -9999.000 -9999.000 -9999.000 -9999.000 -9999.000 -9999.000 -9999.000 -9999.000 -9999.000 -9999.000 -9999.000 -9999.000 -9999.000 -9999.000 -9999.000 -9999.000 -9999.000 -9999.000 -9999.000 -9999.000 -9999.000 -9999.000 -9999.000
-9999.000 -9999.000 -9999.000 -9999.000 -9999.000 -9999.000 -9999.000 -9999.000 -9999.000 -9999.000 -9999.000 -9999.000 -9999.000 -9999.000 -9999.000 -0.9604585E-01 -0.9116718E-01 -0.8937468E-01 -0.8922381E-01 -0.9021505E-01 -0.9159878E-01 -0.9309503E-01 -0.9461647E-01 -0.9597525E-01 -0.9719684E-01 -0.9830848E-01 -0.9936450E-01 -0.1007028 -0.1035120 -0.1064985 -0.1064985 -9999.000 -9999.000 -9999.000 -9999.000 -9999.000 -9999.000 -9999.000 -9999.000 -9999.000 -9999.000 -9999.000 -9999.000 -9999.000 -9999.000 -9999.000 -9999.000 -9999.000 -9999.000 -9999.000 -9999.000 -9999.000 -9999.000 -9999.000 -9999.000 -9999.000 -9999.000 -9999.000 -9999.000
-9999.000 -9999.000 -9999.000 -9999.000 -9999.000 -9999.000 -9999.000 -9999.000 -9999.000 -9999.000 -9999.000 -9999.000 -9999.000 -9999.000 -9999.000 -0.9387397E-01 -0.8627303E-01 -0.8340371E-01 -0.8323319E-01 -0.8497667E-01 -0.8741985E-01 -0.9009713E-01 -0.9285137E-01 -0.9536427E-01 -0.9766214E-01 -0.9977622E-01 -0.1017821 -0.1042106 -0.1089521 -0.1144415 -0.1144415 -9999.000 -9999.000 -9999.000 -9999.000 -9999.000 -9999.000 -9999.000 -9999.000 -9999.000 -9999.000 -9999.000 -9999.000 -9999.000 -9999.000 -9999.000 -9999.000 -9999.000 -9999.000 -9999.000 -9999.000 -9999.000 -9999.000 -9999.000 -9999.000 -9999.000 -9999.000 -9999.000 -9999.000
-9999.000 -9999.000 -9999.000 -9999.000 -9999.000 -9999.000 -9999.000 -9999.000 -9999.000 -9999.000 -9999.000 -9999.000 -9999.000 -9999.000 -9999.000 -0.9113121E-01 -0.8085470E-01 -0.7691386E-01 -0.7676712E-01 -0.7934400E-01 -0.8294564E-01 -0.8691455E-01 -0.9102112E-01 -0.9480791E-01 -0.9830046E-01 -0.1015297 -0.1045879 -0.1082040 -0.1150053 -0.1234900 -0.1234900 -9999.000 -9999.000 -9999.000 -9999.000 -9999.000 -9999.000 -9999.000 -9999.000 -9999.000 -9999.000 -9999.000 -9999.000 -9999.000 -9999.000 -9999.000 -9999.000 -9999.000 -9999.000 -9999.000 -9999.000 -9999.000 -9999.000 -9999.000 -9999.000 -9999.000 -9999.000 -9999.000 -9999.000
-9999.000 -9999.000 -9999.000 -9999.000 -9999.000 -9999.000 -9999.000 -9999.000 -9999.000 -9999.000 -9999.000 -9999.000 -9999.000 -9999.000 -9999.000 -0.8804984E-01 -0.7509784E-01 -0.7007241E-01 -0.6996796E-01 -0.7343244E-01 -0.7825893E-01 -0.8359193E-01 -0.8912855E-01 -0.9426432E-01 -0.9902475E-01 -0.1034395 -0.1076164 -0.1124925 -0.1214779 -0.1334838 -0.1334838 -9999.000 -9999.000 -9999.000 -9999.000 -9999.000 -9999.000 -9999.000 -9999.000 -9999.000 -9999.000 -9999.000 -9999.000 -9999.000 -9999.000 -9999.000 -9999.000 -9999.000 -9999.000 -9999.000 -9999.000 -9999.000 -9999.000 -9999.000 -9999.000 -9999.000 -9999.000 -9999.000 -9999.000
-9999.000 -9999.000 -9999.000 -9999.000 -9999.000 -9999.000 -9999.000 -9999.000 -9999.000 -9999.000 -9999.000 -9999.000 -9999.000 -9999.000 -9999.000 -0.8472056E-01 -0.6907832E-01 -0.6294902E-01 -0.6289448E-01 -0.6728953E-01 -0.7339233E-01 -0.8014431E-01 -0.8716967E-01 -0.9370849E-01 -0.9978995E-01 -0.1054419 -0.1107877 -0.1169866 -0.1282888 -0.1444213 -0.1444213 -9999.000 -9999.000 -9999.000 -9999.000 -9999.000 -9999.000 -9999.000 -9999.000 -9999.000 -9999.000 -9999.000 -9999.000 -9999.000 -9999.000 -9999.000 -9999.000 -9999.000 -9999.000 -9999.000 -9999.000 -9999.000 -9999.000 -9999.000 -9999.000 -9999.000 -9999.000 -9999.000 -9999.000
-9999.000 -9999.000 -9999.000 -9999.000 -9999.000 -9999.000 -9999.000 -9999.000 -9999.000 -9999.000 -9999.000 -9999.000 -9999.000 -9999.000 -9999.000 -0.8116720E-01 -0.6281936E-01 -0.5556571E-01 -0.5556465E-01 -0.6092971E-01 -0.6835476E-01 -0.7657304E-01 -0.8513736E-01 -0.9312389E-01 -0.1005692 -0.1075013 -0.1140590 -0.1216415 -0.1354081 -0.1563937 -0.1563937 -9999.000 -9999.000 -9999.000 -9999.000 -9999.000 -9999.000 -9999.000 -9999.000 -9999.000 -9999.000 -9999.000 -9999.000 -9999.000 -9999.000 -9999.000 -9999.000 -9999.000 -9999.000 -9999.000 -9999.000 -9999.000 -9999.000 -9999.000 -9999.000 -9999.000 -9999.000 -9999.000 -9999.000
-9999.000 -9999.000 -9999.000 -9999.000 -9999.000 -9999.000 -9999.000 -9999.000 -9999.000 -9999.000 -9999.000 -9999.000 -9999.000 -9999.000 -9999.000 -0.7738046E-01 -0.5631702E-01 -0.4792045E-01 -0.4797563E-01 -0.5435118E-01 -0.6314292E-01 -0.7287173E-01 -0.8302180E-01 -0.9249523E-01 -0.1013423 -0.1095931 -0.1174021 -0.1264304 -0.1428303 -0.1695609 -0.1695609 -9999.000 -9999.000 -9999.000 -9999.000 -9999.000 -9999.000 -9999.000 -9999.000 -9999.000 -9999.000 -9999.000 -9999.000 -9999.000 -9999.000 -9999.000 -9999.000 -9999.000 -9999.000 -9999.000 -9999.000 -9999.000 -9999.000 -9999.000 -9999.000 -9999.000 -9999.000 -9999.000 -9999.000
-9999.000 -9999.000 -9999.000 -9999.000 -9999.000 -9999.000 -9999.000 -9999.000 -9999.000 -9999.000 -9999.000 -9999.000 -9999.000 -9999.000 -9999.000 -0.7333208E-01 -0.4955321E-01 -0.3999804E-01 -0.4011299E-01 -0.4754272E-01 -0.5774574E-01 -0.6902808E-01 -0.8080962E-01 -0.9180515E-01 -0.1020890 -0.1116943 -0.1207920 -0.1313317 -0.1505599 -0.1841483 -0.1841483 -9999.000 -9999.000 -9999.000 -9999.000 -9999.000 -9999.000 -9999.000 -9999.000 -9999.000 -9999.000 -9999.000 -9999.000 -9999.000 -9999.000 -9999.000 -9999.000 -9999.000 -9999.000 -9999.000 -9999.000 -9999.000 -9999.000 -9999.000 -9999.000 -9999.000 -9999.000 -9999.000 -9999.000
-9999.000 -9999.000 -9999.000 -9999.000 -9999.000 -9999.000 -9999.000 -9999.000 -9999.000 -9999.000 -9999.000 -9999.000 -9999.000 -9999.000 -9999.000 -0.6898066E-01 -0.4249901E-01 -0.3177397E-01 -0.3195439E-01 -0.4048604E-01 -0.5214629E-01 -0.6502490E-01 -0.7848262E-01 -0.9103290E-01 -0.1027855 -0.1137785 -0.1242000 -0.1363215 -0.1586035 -0.2004588 -0.2004588 -9999.000 -9999.000 -9999.000 -9999.000 -9999.000 -9999.000 -9999.000 -9999.000 -9999.000 -9999.000 -9999.000 -9999.000 -9999.000 -9999.000 -9999.000 -9999.000 -9999.000 -9999.000 -9999.000 -9999.000 -9999.000 -9999.000 -9999.000 -9999.000 -9999.000 -9999.000 -9999.000 -9999.000
-9999.000 -9999.000 -9999.000 -9999.000 -9999.000 -9999.000 -9999.000 -9999.000 -9999.000 -9999.000 -9999.000 -9999.000 -9999.000 -9999.000 -9999.000 -0.6427232E-01 -0.3511616E-01 -0.2321502E-01 -0.2346951E-01 -0.3315635E-01 -0.4632169E-01 -0.6083895E-01 -0.7601704E-01 -0.9015110E-01 -0.1034003 -0.1158112 -0.1275893 -0.1413674 -0.1669656 -0.2188995 -0.2188995 -9999.000 -9999.000 -9999.000 -9999.000 -9999.000 -9999.000 -9999.000 -9999.000 -9999.000 -9999.000 -9999.000 -9999.000 -9999.000 -9999.000 -9999.000 -9999.000 -9999.000 -9999.000 -9999.000 -9999.000 -9999.000 -9999.000 -9999.000 -9999.000 -9999.000 -9999.000 -9999.000 -9999.000
-9999.000 -9999.000 -9999.000 -9999.000 -9999.000 -9999.000 -9999.000 -9999.000 -9999.000 -9999.000 -9999.000 -9999.000 -9999.000 -9999.000 -9999.000 -0.5913950E-01 -0.2735491E-01 -0.1427710E-01 -0.1461842E-01 -0.2552047E-01 -0.4024092E-01 -0.5643839E-01 -0.7338069E-01 -0.8912238E-01 -0.1038914 -0.1177458 -0.1309083 -0.1464224 -0.1756429 -0.2400242 -0.2400242 -9999.000 -9999.000 -9999.000 -9999.000 -9999.000 -9999.000 -9999.000 -9999.000 -9999.000 -9999.000 -9999.000 -9999.000 -9999.000 -9999.000 -9999.000 -9999.000 -9999.000 -9999.000 -9999.000 -9999.000 -9999.000 -9999.000 -9999.000 -9999.000 -9999.000 -9999.000 -9999.000 -9999.000
-9999.000 -9999.000 -9999.000 -9999.000 -9999.000 -9999.000 -9999.000 -9999.000 -9999.000 -9999.000 -9999.000 -9999.000 -9999.000 -9999.000 -9999.000 -0.5349345E-01 -0.1914820E-01 -0.4900828E-02 -0.5348006E-02 -0.1753420E-01 -0.3386218E-01 -0.5178107E-01 -0.7052936E-01 -0.8789623E-01 -0.1042012 -0.1195172 -0.1340840 -0.1514170 -0.1846165 -0.2646036 -0.2646036 -9999.000 -9999.000 -9999.000 -9999.000 -9999.000 -9999.000 -9999.000 -9999.000 -9999.000 -9999.000 -9999.000 -9999.000 -9999.000 -9999.000 -9999.000 -9999.000 -9999.000 -9999.000 -9999.000 -9999.000 -9999.000 -9999.000 -9999.000 -9999.000 -9999.000 -9999.000 -9999.000 -9999.000
-9999.000 -9999.000 -9999.000 -9999.000 -9999.000 -9999.000 -9999.000 -9999.000 -9999.000 -9999.000 -9999.000 -9999.000 -9999.000 -9999.000 -9999.000 -0.4679789E-01 -0.1009370E-01 0.5154133E-02 0.4383387E-02 -0.9237736E-02 -0.2723593E-01 -0.4691313E-01 -0.6749722E-01 -0.8648480E-01 -0.1043190 -0.1210918 -0.1370601 -0.1562877 -0.1938790 -0.2937950 -0.2937950 -9999.000 -9999.000 -9999.000 -9999.000 -9999.000 -9999.000 -9999.000 -9999.000 -9999.000 -9999.000 -9999.000 -9999.000 -9999.000 -9999.000 -9999.000 -9999.000 -9999.000 -9999.000 -9999.000 -9999.000 -9999.000 -9999.000 -9999.000 -9999.000 -9999.000 -9999.000 -9999.000 -9999.000
-9999.000 -9999.000 -9999.000 -9999.000 -9999.000 -9999.000 -9999.000 -9999.000 -9999.000 -9999.000 -9999.000 -9999.000 -9999.000 -9999.000 -9999.000 -0.3990194E-02 0.1232881E-01 0.1576873E-01 0.7050588E-02 -0.9425118E-02 -0.2789489E-01 -0.4808360E-01 -0.6930817E-01 -0.8880396E-01 -0.1072064 -0.1246252 -0.1413149 -0.1619324 -0.2037357 -0.3272783 -0.3272783 -9999.000 -9999.000 -9999.000 -9999.000 -9999.000 -9999.000 -9999.000 -9999.000 -9999.000 -9999.000 -9999.000 -9999.000 -9999.000 -9999.000 -9999.000 -9999.000 -9999.000 -9999.000 -9999.000 -9999.000 -9999.000 -9999.000 -9999.000 -9999.000 -9999.000 -9999.000 -9999.000 -9999.000
-0.3698523E-02 -0.3698523E-02 -0.4948321E-02 -0.6538451E-02 -0.6398731E-02 -0.6398731E-02 -0.6346846E-02 -0.6325861E-02 -0.6325861E-02 -0.6313320E-02 -0.6313320E-02 -0.6288447E-02 -0.6272573E-02 -0.6255100E-02 -0.6236670E-02 -0.6236670E-02 0.2643950E-01 0.2263829E-01 0.9599696E-02 -0.1014425E-01 -0.3430163E-01 -0.6190895E-01 -0.9182820E-01 -0.1222361 -0.1520175 -0.1803365 -0.2066166 -0.2320676 -0.2637401 -0.3341321 -0.3341321 -0.1872074 -0.1016614 -0.3639523E-01 -0.2772683E-01 -0.2772683E-01 -0.2170429E-01 -0.2170429E-01 -0.1095082E-01 -0.1095082E-01 -0.8211782E-03 0.2405612E-01 0.2405612E-01 0.2661598E-01 0.2661598E-01 -0.3605331E-02 -0.3605331E-02 -0.3605331E-02 -0.5964602E-03 -0.5964602E-03 0.3261698E-03 0.3261698E-03 -0.3038772E-03 -0.3038772E-03 -0.1432781E-02 -0.1432781E-02 -0.2599960E-02 -0.2599960E-02 -0.2599960E-02
-0.4932257E-02 -0.4932257E-02 -0.7723641E-02 -0.9394329E-02 -0.9024657E-02 -0.9024657E-02 -0.8897692E-02 -0.8882464E-02 -0.8882464E-02 -0.8899011E-02 -0.8899011E-02 -0.8887446E-02 -0.8874943E-02 -0.8860357E-02 -0.8844162E-02 -0.8844162E-02 0.2145435E-01 0.1849039E-01 0.5103278E-02 -0.1784405E-01 -0.4929700E-01 -0.8726500E-01 -0.1298976 -0.1756779 -0.2226365 -0.2689599 -0.3130347 -0.3530696 -0.3868634 -0.4102096 -0.4102096 -0.2800217 -0.1876637 -0.9960669E-01 -0.8233814E-01 -0.8233814E-01 -0.6102834E-01 -0.6102834E-01 -0.2360395E-01 -0.2360395E-01 0.7129120E-02 0.7658219E-01 0.7658219E-01 0.9563801E-01 0.9563801E-01 0.2007501E-01 0.2007501E-01 0.2007501E-01 0.8112087E-02 0.8112087E-02 0.2119232E-02 0.2119232E-02 -0.2387418E-02 -0.2387418E-02 -0.6112053E-02 -0.6112053E-02 -0.8996335E-02 -0.8996335E-02 -0.8996335E-02
-0.2385865E-02 -0.2385865E-02 -0.7470962E-02 -0.8167635E-02 -0.7680449E-02 -0.7680449E-02 -0.7491702E-02 -0.7479506E-02 -0.7479506E-02 -0.7534293E-02 -0.7534293E-02 -0.7550683E-02 -0.7550169E-02 -0.7547523E-02 -0.7543590E-02 -0.7543590E-02 0.1347939E-01 0.1050208E-01 -0.3006910E-02 -0.2638318E-01 -0.5875439E-01 -0.9863210E-01 -0.1445004 -0.1950905 -0.2488652 -0.3042180 -0.3595460 -0.4129096 -0.4614710 -0.4990048 -0.4990048 -0.4149816 -0.3352216 -0.2255246 -0.1906481 -0.1906481 -0.1298849 -0.1298849 -0.3838659E-01 -0.3838659E-01 0.2447926E-01 0.1488733 0.1488733 0.1960677 0.1960677 0.8050238E-01 0.8050238E-01 0.8050238E-01 0.3230951E-01 0.3230951E-01 0.7182219E-02 0.7182219E-02 -0.6938106E-02 -0.6938106E-02 -0.1570239E-01 -0.1570239E-01 -0.2103008E-01 -0.2103008E-01 -0.2103008E-01
-0.9592110E-03 -0.9592110E-03 -0.6533402E-02 -0.6694277E-02 -0.6196295E-02 -0.6196295E-02 -0.5983998E-02 -0.5960633E-02 -0.5960633E-02 -0.6023298E-02 -0.6023298E-02 -0.6046837E-02 -0.6048640E-02 -0.6047659E-02 -0.6045345E-02 -0.6045345E-02 0.5573612E-02 0.5096425E-03 -0.1444919E-01 -0.3887013E-01 -0.7197634E-01 -0.1126083 -0.1595164 -0.2116129 -0.2677223 -0.3266003 -0.3869633 -0.4472140 -0.5048100 -0.5538285 -0.5538285 -0.5165632 -0.4607609 -0.3550544 -0.3080212 -0.3080212 -0.1994491 -0.1994491 -0.3807652E-01 -0.3807652E-01 0.5516152E-01 0.2109324 0.2109324 0.2704232 0.2704232 0.1451876 0.1451876 0.1451876 0.6408337E-01 0.6408337E-01 0.1573814E-01 0.1573814E-01 -0.1147692E-01 -0.1147692E-01 -0.2696656E-01 -0.2696656E-01 -0.3518078E-01 -0.3518078E-01 -0.3518078E-01
-0.6971919E-03 -0.6971919E-03 -0.4897631E-02 -0.5059409E-02 -0.4657348E-02 -0.4657348E-02 -0.4472283E-02 -0.4450688E-02 -0.4450688E-02 -0.4511884E-02 -0.4511884E-02 -0.4538618E-02 -0.4542206E-02 -0.4542822E-02 -0.4541630E-02 -0.4541630E-02 -0.2276317E-02 -0.1125501E-01 -0.2925614E-01 -0.5593230E-01 -0.9059012E-01 -0.1323088 -0.1800811 -0.2329824 -0.2900710 -0.3503611 -0.4128310 -0.4762358 -0.5385545 -0.5949091 -0.5949091 -0.5923437 -0.5616067 -0.4704613 -0.4123575 -0.4123575 -0.2437324 -0.2437324 -0.1347442E-01 -0.1347442E-01 0.9567863E-01 0.2509545 0.2509545 0.3084523 0.3084523 0.1976980 0.1976980 0.1976980 0.9784115E-01 0.9784115E-01 0.2849032E-01 0.2849032E-01 -0.1325306E-01 -0.1325306E-01 -0.3688489E-01 -0.3688489E-01 -0.4868492E-01 -0.4868492E-01 -0.4868492E-01
-0.4513622E-03 -0.4513622E-03 -0.3275825E-02 -0.3390884E-02 -0.3113449E-02 -0.3113449E-02 -0.2979022E-02 -0.2961779E-02 -0.2961779E-02 -0.3007309E-02 -0.3007309E-02 -0.3026213E-02 -0.3028597E-02 -0.3028947E-02 -0.3027849E-02 -0.3027849E-02 -0.1055364E-01 -0.2505811E-01 -0.4774772E-01 -0.7809694E-01 -0.1154081 -0.1589207 -0.2078562 -0.2614929 -0.3191178 -0.3799801 -0.4432798 -0.5080459 -0.5727089 -0.6334383 -0.6334383 -0.6544229 -0.6447595 -0.5635269 -0.4860065 -0.4860065 -0.2416958 -0.2416958 0.2773162E-01 0.2773162E-01 0.1317678 0.2639796 0.2639796 0.3143365 0.3143365 0.2308876 0.2308876 0.2308876 0.1285039 0.1285039 0.4460022E-01 0.4460022E-01 -0.1109504E-01 -0.1109504E-01 -0.4379953E-01 -0.4379953E-01 -0.5995244E-01 -0.5995244E-01 -0.5995244E-01
-0.2208311E-03 -0.2208311E-03 -0.1641898E-02 -0.1700375E-02 -0.1559384E-02 -0.1559384E-02 -0.1489060E-02 -0.1479296E-02 -0.1479296E-02 -0.1503530E-02 -0.1503530E-02 -0.1513060E-02 -0.1514503E-02 -0.1514527E-02 -0.1513812E-02 -0.1513812E-02 -0.2002317E-01 -0.4162178E-01 -0.7067154E-01 -0.1062190 -0.1474419 -0.1936555 -0.2442742 -0.2988011 -0.3567752 -0.4177107 -0.4810577 -0.5461103 -0.6116765 -0.6747348 -0.6747348 -0.7107210 -0.7157884 -0.6230329 -0.5077129 -0.5077129 -0.1918045 -0.1918045 0.6542113E-01 0.6542113E-01 0.1496679 0.2529751 0.2529751 0.2972551 0.2972551 0.2436455 0.2436455 0.2436455 0.1514797 0.1514797 0.6177697E-01 0.6177697E-01 -0.5073747E-02 -0.5073747E-02 -0.4682595E-01 -0.4682595E-01 -0.6787201E-01 -0.6787201E-01 -0.6787201E-01
0.1376252E-06 0.1376252E-06 0.7194615E-07 -0.6680128E-07 -0.1217520E-06 -0.1217520E-06 -0.4925620E-07 0.2300623E-06 0.2300623E-06 0.1701950E-06 0.1701950E-06 0.2572528E-06 0.2522966E-06 0.2075327E-06 -0.2796494E-07 -0.2796494E-07 -0.3175378E-01 -0.6217065E-01 -0.9932738E-01 -0.1416563 -0.1881108 -0.2380194 -0.2909537 -0.3466446 -0.4048990 -0.4655234 -0.5282615 -0.5927034 -0.6579959 -0.7215580 -0.7215580 -0.7652839 -0.7752858 -0.6265236 -0.4576491 -0.4576491 -0.1199737 -0.1199737 0.8368030E-01 0.8368030E-01 0.1458211 0.2257194 0.2257194 0.2663000 0.2663000 0.2385684 0.2385684 0.2385684 0.1635616 0.1635616 0.7684588E-01 0.7684588E-01 0.3669992E-02 0.3669992E-02 -0.4572680E-01 -0.4572680E-01 -0.7163225E-01 -0.7163225E-01 -0.7163225E-01
0.2211326E-03 0.2211326E-03 0.1641935E-02 0.1700132E-02 0.1559142E-02 0.1559142E-02 0.1488860E-02 0.1479635E-02 0.1479635E-02 0.1503862E-02 0.1503862E-02 0.1513876E-02 0.1514906E-02 0.1514788E-02 0.1514077E-02 0.1514077E-02 -0.4730551E-01 -0.8863439E-01 -0.1357956 -0.1865135 -0.2394840 -0.2940374 -0.3499002 -0.4070367 -0.4655335 -0.5255044 -0.5870128 -0.6499713 -0.7137870 -0.7755324 -0.7755324 -0.8181875 -0.8138920 -0.5476291 -0.3441508 -0.3441508 -0.6077215E-01 -0.6077215E-01 0.8061033E-01 0.8061033E-01 0.1260233 0.1903015 0.1903015 0.2283026 0.2283026 0.2198280 0.2198280 0.2198280 0.1636143 0.1636143 0.8672416E-01 0.8672416E-01 0.1320260E-01 0.1320260E-01 -0.4090039E-01 -0.4090039E-01 -0.7074006E-01 -0.7074006E-01 -0.7074006E-01
0.4515894E-03 0.4515894E-03 0.3275720E-02 0.3390681E-02 0.3113283E-02 0.3113283E-02 0.2978954E-02 0.2962003E-02 0.2962003E-02 0.3007801E-02 0.3007801E-02 0.3026796E-02 0.3029205E-02 0.3029112E-02 0.3028156E-02 0.3028156E-02 -0.6909913E-01 -0.1240334 -0.1833121 -0.2439936 -0.3046001 -0.3645412 -0.4237529 -0.4824692 -0.5410749 -0.5999995 -0.6596343 -0.7202057 -0.7810817 -0.8366063 -0.8366063 -0.8607853 -0.8005654 -0.3947493 -0.2165811 -0.2165811 -0.3003047E-01 -0.3003047E-01 0.6436753E-01 0.6436753E-01 0.9896879E-01 0.1525352 0.1525352 0.1875303 0.1875303 0.1915611 0.1915611 0.1915611 0.1523875 0.1523875 0.8928037E-01 0.8928037E-01 0.2129677E-01 0.2129677E-01 -0.3330163E-01 -0.3330163E-01 -0.6509858E-01 -0.6509858E-01 -0.6509858E-01
0.6973749E-03 0.6973749E-03 0.4897550E-02 0.5059197E-02 0.4657361E-02 0.4657361E-02 0.4472241E-02 0.4450917E-02 0.4450917E-02 0.4512385E-02 0.4512385E-02 0.4538762E-02 0.4542503E-02 0.4543010E-02 0.4541649E-02 0.4541649E-02 -0.1011558 -0.1732256 -0.2469351 -0.3189714 -0.3879577 -0.4535896 -0.5161473 -0.5762147 -0.6345145 -0.6918033 -0.7487950 -0.8059405 -0.8614078 -0.8982965 -0.8982965 -0.8588794 -0.6790462 -0.2327662 -0.1247516 -0.1247516 -0.2120220E-01 -0.2120220E-01 0.4400031E-01 0.4400031E-01 0.7112980E-01 0.1156193 0.1156193 0.1463649 0.1463649 0.1572045 0.1572045 0.1572045 0.1318613 0.1318613 0.8380414E-01 0.8380414E-01 0.2611042E-01 0.2611042E-01 -0.2417848E-01 -0.2417848E-01 -0.5503169E-01 -0.5503169E-01 -0.5503169E-01
0.9593812E-03 0.9593812E-03 0.6533382E-02 0.6694180E-02 0.6196131E-02 0.6196131E-02 0.5983891E-02 0.5960708E-02 0.5960708E-02 0.6023545E-02 0.6023545E-02 0.6046864E-02 0.6048704E-02 0.6047891E-02 0.6045506E-02 0.6045506E-02 -0.1506625 -0.2443854 -0.3348047 -0.4190290 -0.4963644 -0.5671728 -0.6323091 -0.6928359 -0.7498742 -0.8045231 -0.8578063 -0.9100243 -0.9531220 -0.9272516 -0.9272516 -0.7322544 -0.4374134 -0.1237831 -0.7819485E-01 -0.7819485E-01 -0.2104829E-01 -0.2104829E-01 0.2498373E-01 0.2498373E-01 0.4581371E-01 0.8103345E-01 0.8103345E-01 0.1061732 0.1061732 0.1194619 0.1194619 0.1194619 0.1045694 0.1045694 0.7098857E-01 0.7098857E-01 0.2668327E-01 0.2668327E-01 -0.1473420E-01 -0.1473420E-01 -0.4126089E-01 -0.4126089E-01 -0.4126089E-01
