simulation_files/asc/Velocity____266.0.asc
NCOLS        79
NROWS        79
XLLCENTER         -1.500000
YLLCENTER         -4.800000
CELLSIZE           0.100
NODATA_VALUE     -9999.0
[rows 0 to 26 of 79, columns 0 to 59 of 79]
-9999.000 -9999.000 -9999.000 -9999.000 -9999.000 -9999.000 -9999.000 -9999.000 -9999.000 -9999.000 -9999.000 -9999.000 -9999.000 -9999.000 -9999.000 0.9256226E-01 0.8979464E-01 0.8886857E-01 0.8901133E-01 0.8997537E-01 0.9117496E-01 0.9231742E-01 0.9328113E-01 0.9395177E-01 0.9439741E-01 0.9464803E-01 0.9477593E-01 0.9498452E-01 0.9586708E-01 0.9687434E-01 0.9687434E-01 -9999.000 -9999.000 -9999.000 -9999.000 -9999.000 -9999.000 -9999.000 -9999.000 -9999.000 -9999.000 -9999.000 -9999.000 -9999.000 -9999.000 -9999.000 -9999.000 -9999.000 -9999.000 -9999.000 -9999.000 -9999.000 -9999.000 -9999.000 -9999.000 -9999.000 -9999.000 -9999.000 -9999.000 -9999.000
-9999.000 -9999.000 -9999.000 -9999.000 -9999.000 -9999.000 -9999.000 -9999.000 -9999.000 -9999.000 -9999.000 -9999.000 -9999.000 -9999.000 -9999.000 0.9249067E-01 0.8676181E-01 0.8489540E-01 0.8523019E-01 0.8721128E-01 0.8966617E-01 0.9203919E-01 0.9410454E-01 0.9562023E-01 0.9670790E-01 0.9741542E-01 0.9788651E-01 0.9856626E-01 0.1007642 0.1035209 0.1035209 -9999.000 -9999.000 -9999.000 -9999.000 -9999.000 -9999.000 -9999.000 -9999.000 -9999.000 -9999.000 -9999.000 -9999.000 -9999.000 -9999.000 -9999.000 -9999.000 -9999.000 -9999.000 -9999.000 -9999.000 -9999.000 -9999.000 -9999.000 -9999.000 -9999.000 -9999.000 -9999.000 -9999.000 -9999.000
-9999.000 -9999.000 -9999.000 -9999.000 -9999.000 -9999.000 -9999.000 -9999.000 -9999.000 -9999.000 -9999.000 -9999.000 -9999.000 -9999.000 -9999.000 0.9130409E-01 0.8237574E-01 0.7938427E-01 0.7989473E-01 0.8300736E-01 0.8688922E-01 0.9070845E-01 0.9414525E-01 0.9682637E-01 0.9893671E-01 0.1005291 0.1018021 0.1034381 0.1075102 0.1128519 0.1128519 -9999.000 -9999.000 -9999.000 -9999.000 -9999.000 -9999.000 -9999.000 -9999.000 -9999.000 -9999.000 -9999.000 -9999.000 -9999.000 -9999.000 -9999.000 -9999.000 -9999.000 -9999.000 -9999.000 -9999.000 -9999.000 -9999.000 -9999.000 -9999.000 -9999.000 -9999.000 -9999.000 -9999.000 -9999.000
-9999.000 -9999.000 -9999.000 -9999.000 -9999.000 -9999.000 -9999.000 -9999.000 -9999.000 -9999.000 -9999.000 -9999.000 -9999.000 -9999.000 -9999.000 0.8954915E-01 0.7745879E-01 0.7333511E-01 0.7404121E-01 0.7830884E-01 0.8363525E-01 0.8893059E-01 0.9379911E-01 0.9773969E-01 0.1010039 0.1036381 0.1058832 0.1086511 0.1148005 0.1232651 0.1232651 -9999.000 -9999.000 -9999.000 -9999.000 -9999.000 -9999.000 -9999.000 -9999.000 -9999.000 -9999.000 -9999.000 -9999.000 -9999.000 -9999.000 -9999.000 -9999.000 -9999.000 -9999.000 -9999.000 -9999.000 -9999.000 -9999.000 -9999.000 -9999.000 -9999.000 -9999.000 -9999.000 -9999.000 -9999.000
-9999.000 -9999.000 -9999.000 -9999.000 -9999.000 -9999.000 -9999.000 -9999.000 -9999.000 -9999.000 -9999.000 -9999.000 -9999.000 -9999.000 -9999.000 0.8745144E-01 0.7219999E-01 0.6694759E-01 0.6789069E-01 0.7335135E-01 0.8014070E-01 0.8693074E-01 0.9326576E-01 0.9851773E-01 0.1030098 0.1067736 0.1100852 0.1140920 0.1224784 0.1346173 0.1346173 -9999.000 -9999.000 -9999.000 -9999.000 -9999.000 -9999.000 -9999.000 -9999.000 -9999.000 -9999.000 -9999.000 -9999.000 -9999.000 -9999.000 -9999.000 -9999.000 -9999.000 -9999.000 -9999.000 -9999.000 -9999.000 -9999.000 -9999.000 -9999.000 -9999.000 -9999.000 -9999.000 -9999.000 -9999.000
-9999.000 -9999.000 -9999.000 -9999.000 -9999.000 -9999.000 -9999.000 -9999.000 -9999.000 -9999.000 -9999.000 -9999.000 -9999.000 -9999.000 -9999.000 0.8508399E-01 0.6667193E-01 0.6031816E-01 0.6157122E-01 0.6827637E-01 0.7654426E-01 0.8483735E-01 0.9265828E-01 0.9924942E-01 0.1050148 0.1099608 0.1143975 0.1197180 0.1304891 0.1469279 0.1469279 -9999.000 -9999.000 -9999.000 -9999.000 -9999.000 -9999.000 -9999.000 -9999.000 -9999.000 -9999.000 -9999.000 -9999.000 -9999.000 -9999.000 -9999.000 -9999.000 -9999.000 -9999.000 -9999.000 -9999.000 -9999.000 -9999.000 -9999.000 -9999.000 -9999.000 -9999.000 -9999.000 -9999.000 -9999.000
-9999.000 -9999.000 -9999.000 -9999.000 -9999.000 -9999.000 -9999.000 -9999.000 -9999.000 -9999.000 -9999.000 -9999.000 -9999.000 -9999.000 -9999.000 0.8245108E-01 0.6089382E-01 0.5349972E-01 0.5517580E-01 0.6318282E-01 0.7293344E-01 0.8272494E-01 0.9203874E-01 0.9998309E-01 0.1070516 0.1132147 0.1188166 0.1255128 0.1388226 0.1603122 0.1603122 -9999.000 -9999.000 -9999.000 -9999.000 -9999.000 -9999.000 -9999.000 -9999.000 -9999.000 -9999.000 -9999.000 -9999.000 -9999.000 -9999.000 -9999.000 -9999.000 -9999.000 -9999.000 -9999.000 -9999.000 -9999.000 -9999.000 -9999.000 -9999.000 -9999.000 -9999.000 -9999.000 -9999.000 -9999.000
-9999.000 -9999.000 -9999.000 -9999.000 -9999.000 -9999.000 -9999.000 -9999.000 -9999.000 -9999.000 -9999.000 -9999.000 -9999.000 -9999.000 -9999.000 0.7952272E-01 0.5486076E-01 0.4653941E-01 0.4880683E-01 0.5816477E-01 0.6937721E-01 0.8064421E-01 0.9144536E-01 0.1007458 0.1091379 0.1165435 0.1233415 0.1314711 0.1474902 0.1749570 0.1749570 -9999.000 -9999.000 -9999.000 -9999.000 -9999.000 -9999.000 -9999.000 -9999.000 -9999.000 -9999.000 -9999.000 -9999.000 -9999.000 -9999.000 -9999.000 -9999.000 -9999.000 -9999.000 -9999.000 -9999.000 -9999.000 -9999.000 -9999.000 -9999.000 -9999.000 -9999.000 -9999.000 -9999.000 -9999.000
-9999.000 -9999.000 -9999.000 -9999.000 -9999.000 -9999.000 -9999.000 -9999.000 -9999.000 -9999.000 -9999.000 -9999.000 -9999.000 -9999.000 -9999.000 0.7624979E-01 0.4855825E-01 0.3951315E-01 0.4261988E-01 0.5333997E-01 0.6594809E-01 0.7864051E-01 0.9090840E-01 0.1015568 0.1112867 0.1199528 0.1279716 0.1375924 0.1565141 0.1911208 0.1911208 -9999.000 -9999.000 -9999.000 -9999.000 -9999.000 -9999.000 -9999.000 -9999.000 -9999.000 -9999.000 -9999.000 -9999.000 -9999.000 -9999.000 -9999.000 -9999.000 -9999.000 -9999.000 -9999.000 -9999.000 -9999.000 -9999.000 -9999.000 -9999.000 -9999.000 -9999.000 -9999.000 -9999.000 -9999.000
-9999.000 -9999.000 -9999.000 -9999.000 -9999.000 -9999.000 -9999.000 -9999.000 -9999.000 -9999.000 -9999.000 -9999.000 -9999.000 -9999.000 -9999.000 0.7256897E-01 0.4197297E-01 0.3258321E-01 0.3688802E-01 0.4887653E-01 0.6273536E-01 0.7676423E-01 0.9045982E-01 0.1024358 0.1135101 0.1234483 0.1327073 0.1438775 0.1659234 0.2091504 0.2091504 -9999.000 -9999.000 -9999.000 -9999.000 -9999.000 -9999.000 -9999.000 -9999.000 -9999.000 -9999.000 -9999.000 -9999.000 -9999.000 -9999.000 -9999.000 -9999.000 -9999.000 -9999.000 -9999.000 -9999.000 -9999.000 -9999.000 -9999.000 -9999.000 -9999.000 -9999.000 -9999.000 -9999.000 -9999.000
-9999.000 -9999.000 -9999.000 -9999.000 -9999.000 -9999.000 -9999.000 -9999.000 -9999.000 -9999.000 -9999.000 -9999.000 -9999.000 -9999.000 -9999.000 0.6840403E-01 0.3510801E-01 0.2613400E-01 0.3210240E-01 0.4502359E-01 0.5986060E-01 0.7508194E-01 0.9014013E-01 0.1034084 0.1158254 0.1270387 0.1375502 0.1503294 0.1757524 0.2295122 0.2295122 -9999.000 -9999.000 -9999.000 -9999.000 -9999.000 -9999.000 -9999.000 -9999.000 -9999.000 -9999.000 -9999.000 -9999.000 -9999.000 -9999.000 -9999.000 -9999.000 -9999.000 -9999.000 -9999.000 -9999.000 -9999.000 -9999.000 -9999.000 -9999.000 -9999.000 -9999.000 -9999.000 -9999.000 -9999.000
-9999.000 -9999.000 -9999.000 -9999.000 -9999.000 -9999.000 -9999.000 -9999.000 -9999.000 -9999.000 -9999.000 -9999.000 -9999.000 -9999.000 -9999.000 0.6366272E-01 0.2802024E-01 0.2109632E-01 0.2907433E-01 0.4213909E-01 0.5749210E-01 0.7368668E-01 0.9000840E-01 0.1045139 0.1182605 0.1307412 0.1425086 0.1569551 0.1860424 0.2528448 0.2528448 -9999.000 -9999.000 -9999.000 -9999.000 -9999.000 -9999.000 -9999.000 -9999.000 -9999.000 -9999.000 -9999.000 -9999.000 -9999.000 -9999.000 -9999.000 -9999.000 -9999.000 -9999.000 -9999.000 -9999.000 -9999.000 -9999.000 -9999.000 -9999.000 -9999.000 -9999.000 -9999.000 -9999.000 -9999.000
-9999.000 -9999.000 -9999.000 -9999.000 -9999.000 -9999.000 -9999.000 -9999.000 -9999.000 -9999.000 -9999.000 -9999.000 -9999.000 -9999.000 -9999.000 0.5822912E-01 0.2095728E-01 0.1935456E-01 0.2884421E-01 0.4072227E-01 0.5588813E-01 0.7273310E-01 0.9016842E-01 0.1058267 0.1208717 0.1345947 0.1476072 0.1637737 0.1968453 0.2800463 0.2800463 -9999.000 -9999.000 -9999.000 -9999.000 -9999.000 -9999.000 -9999.000 -9999.000 -9999.000 -9999.000 -9999.000 -9999.000 -9999.000 -9999.000 -9999.000 -9999.000 -9999.000 -9999.000 -9999.000 -9999.000 -9999.000 -9999.000 -9999.000 -9999.000 -9999.000 -9999.000 -9999.000 -9999.000 -9999.000
-9999.000 -9999.000 -9999.000 -9999.000 -9999.000 -9999.000 -9999.000 -9999.000 -9999.000 -9999.000 -9999.000 -9999.000 -9999.000 -9999.000 -9999.000 0.5146796E-01 0.1596830E-01 0.2495870E-01 0.3449004E-01 0.4348475E-01 0.5710282E-01 0.7371861E-01 0.9170792E-01 0.1081488 0.1242482 0.1390264 0.1531489 0.1709958 0.2083369 0.3125024 0.3125024 -9999.000 -9999.000 -9999.000 -9999.000 -9999.000 -9999.000 -9999.000 -9999.000 -9999.000 -9999.000 -9999.000 -9999.000 -9999.000 -9999.000 -9999.000 -9999.000 -9999.000 -9999.000 -9999.000 -9999.000 -9999.000 -9999.000 -9999.000 -9999.000 -9999.000 -9999.000 -9999.000 -9999.000 -9999.000
-9999.000 -9999.000 -9999.000 -9999.000 -9999.000 -9999.000 -9999.000 -9999.000 -9999.000 -9999.000 -9999.000 -9999.000 -9999.000 -9999.000 -9999.000 0.8105712E-01 0.1240935 0.1437074 0.1351416 0.1205011 0.1129716 0.1114805 0.1162105 0.1240931 0.1351068 0.1470714 0.1599574 0.1782272 0.2196441 0.3494756 0.3494756 -9999.000 -9999.000 -9999.000 -9999.000 -9999.000 -9999.000 -9999.000 -9999.000 -9999.000 -9999.000 -9999.000 -9999.000 -9999.000 -9999.000 -9999.000 -9999.000 -9999.000 -9999.000 -9999.000 -9999.000 -9999.000 -9999.000 -9999.000 -9999.000 -9999.000 -9999.000 -9999.000 -9999.000 -9999.000
2.821040 2.821040 2.809086 2.837296 2.855603 2.855603 2.858612 2.859135 2.859135 2.855849 2.855849 2.849985 2.846352 2.842358 2.838330 2.838330 2.972795 2.976679 2.977768 2.964211 2.926364 2.866569 2.784466 2.677608 2.551364 2.406034 2.245599 2.079579 1.933800 1.883257 1.883257 2.704455 2.876590 2.976648 3.001764 3.001764 3.035085 3.035085 3.017507 3.017507 2.973191 2.791120 2.791120 2.413461 2.413461 2.092937 2.092937 2.092937 2.077255 2.077255 2.109265 2.109265 2.157333 2.157333 2.207397 2.207397 2.252078 2.252078 2.252078 2.287356
2.843816 2.843816 2.837919 2.890970 2.916179 2.916179 2.931059 2.954323 2.954323 2.973366 2.973366 2.989611 2.996954 3.003882 3.010705 3.010705 3.110819 3.128870 3.144107 3.155218 3.160199 3.158589 3.148328 3.125986 3.090199 3.038289 2.968839 2.882734 2.786508 2.712443 2.712443 3.148490 3.301332 3.450846 3.491899 3.491899 3.538711 3.538711 3.539705 3.539705 3.518318 3.415970 3.415970 3.205203 3.205203 2.925126 2.925126 2.925126 2.906888 2.906888 2.940967 2.940967 2.992082 2.992082 3.044675 3.044675 3.092425 3.092425 3.092425 3.132324
2.849674 2.849674 2.836282 2.893247 2.916236 2.916236 2.931728 2.955713 2.955713 2.975292 2.975292 2.992196 2.999922 3.007263 3.014556 3.014556 3.104222 3.134296 3.160918 3.183718 3.201893 3.215590 3.224504 3.227348 3.223414 3.211004 3.188371 3.154679 3.112475 3.079890 3.079890 3.324145 3.470294 3.640937 3.691190 3.691190 3.742455 3.742455 3.731148 3.731148 3.701896 3.603821 3.603821 3.457119 3.457119 3.219362 3.219362 3.219362 3.184826 3.184826 3.206539 3.206539 3.249120 3.249120 3.295598 3.295598 3.338799 3.338799 3.338799 3.375360
2.854453 2.854453 2.834954 2.894584 2.915733 2.915733 2.931423 2.955698 2.955698 2.975295 2.975295 2.992198 2.999932 3.007282 3.014646 3.014646 3.097984 3.138158 3.175375 3.208257 3.235866 3.258133 3.275181 3.286794 3.293101 3.293803 3.288347 3.276425 3.259564 3.248942 3.248942 3.398535 3.527417 3.702128 3.755762 3.755762 3.799660 3.799660 3.763991 3.763991 3.724616 3.636334 3.636334 3.544145 3.544145 3.361133 3.361133 3.361133 3.312906 3.312906 3.320159 3.320159 3.353893 3.353893 3.395371 3.395371 3.435373 3.435373 3.435373 3.469520
2.858185 2.858185 2.835203 2.895600 2.915451 2.915451 2.931201 2.955691 2.955691 2.975291 2.975291 2.992180 2.999912 3.007261 3.014722 3.014722 3.096178 3.145034 3.191838 3.234060 3.270423 3.300554 3.324495 3.342299 3.354295 3.360762 3.361905 3.358111 3.350907 3.347933 3.347933 3.442712 3.549902 3.713189 3.760289 3.760289 3.773611 3.773611 3.706430 3.706430 3.665571 3.607344 3.607344 3.567937 3.567937 3.447713 3.447713 3.447713 3.393797 3.393797 3.385941 3.385941 3.408251 3.408251 3.442934 3.442934 3.478705 3.478705 3.478705 3.509713
2.860855 2.860855 2.835529 2.896344 2.915320 2.915320 2.931057 2.955695 2.955695 2.975301 2.975301 2.992183 2.999915 3.007267 3.014873 3.014873 3.099842 3.156628 3.212046 3.262686 3.307003 3.344423 3.374866 3.398425 3.415401 3.426194 3.431256 3.431238 3.427626 3.425896 3.425896 3.484611 3.567502 3.700043 3.724860 3.724860 3.681722 3.681722 3.598188 3.598188 3.572078 3.559684 3.559684 3.565460 3.565460 3.505715 3.505715 3.505715 3.456561 3.456561 3.437057 3.437057 3.446511 3.446511 3.472027 3.472027 3.501593 3.501593 3.501593 3.527966
2.862461 2.862461 2.835778 2.896788 2.915267 2.915267 2.930981 2.955710 2.955710 2.975330 2.975330 2.992226 2.999973 3.007343 3.015171 3.015171 3.109907 3.174515 3.237755 3.295822 3.347099 3.390959 3.427269 3.456116 3.477759 3.492574 3.501025 3.503770 3.502062 3.499693 3.499693 3.533333 3.590173 3.662918 3.642951 3.642951 3.536637 3.536637 3.476400 3.476400 3.477514 3.511518 3.511518 3.550853 3.550853 3.542476 3.542476 3.542476 3.506906 3.506906 3.482316 3.482316 3.479983 3.479983 3.494705 3.494705 3.516009 3.516009 3.516009 3.536006
2.862997 2.862997 2.835870 2.896935 2.915255 2.915255 2.930961 2.955724 2.955724 2.975355 2.975355 2.992261 3.000016 3.007394 3.015512 3.015512 3.127283 3.200064 3.270508 3.334993 3.392086 3.441282 3.482508 3.515890 3.541670 3.560183 3.571831 3.577170 3.577131 3.573931 3.573931 3.589042 3.616147 3.581308 3.497716 3.497716 3.367266 3.367266 3.368377 3.368377 3.397342 3.466890 3.466890 3.529180 3.529180 3.561459 3.561459 3.561459 3.544417 3.544417 3.521951 3.521951 3.511228 3.511228 3.514906 3.514906 3.526315 3.526315 3.526315 3.538244
2.862461 2.862461 2.835778 2.896788 2.915267 2.915267 2.930981 2.955711 2.955711 2.975331 2.975331 2.992226 2.999972 3.007343 3.015842 3.015842 3.153446 3.235052 3.312209 3.382071 3.443704 3.496915 3.541820 3.578659 3.607715 3.629300 3.643761 3.651525 3.653113 3.648768 3.648768 3.646613 3.631196 3.424641 3.291289 3.291289 3.214364 3.214364 3.286603 3.286603 3.334796 3.426517 3.426517 3.503912 3.503912 3.566805 3.566805 3.566805 3.569156 3.569156 3.554439 3.554439 3.540048 3.540048 3.533880 3.533880 3.534489 3.534489 3.534489 3.536908
2.860855 2.860855 2.835530 2.896343 2.915320 2.915320 2.931057 2.955695 2.955695 2.975302 2.975302 2.992183 2.999916 3.007268 3.016289 3.016289 3.190782 3.281935 3.365254 3.439301 3.503985 3.559640 3.606706 3.645613 3.676750 3.700451 3.717031 3.726780 3.729573 3.721715 3.721715 3.692442 3.598502 3.188397 3.068005 3.068005 3.103277 3.103277 3.223978 3.223978 3.282487 3.387067 3.387067 3.474803 3.474803 3.560323 3.560323 3.560323 3.580234 3.580234 3.576329 3.576329 3.562490 3.562490 3.548908 3.548908 3.538876 3.538876 3.538876 3.530996
2.858185 2.858185 2.835205 2.895600 2.915453 2.915453 2.931201 2.955691 2.955691 2.975291 2.975291 2.992181 2.999911 3.007260 3.017024 3.017024 3.243032 3.344202 3.432784 3.509468 3.575379 3.631584 3.678974 3.718251 3.749952 3.774482 3.792147 3.803066 3.805475 3.784230 3.784230 3.688913 3.452591 2.927445 2.892279 2.892279 3.026993 3.026993 3.169851 3.169851 3.233340 3.345673 3.345673 3.440796 3.440796 3.542637 3.542637 3.542637 3.576908 3.576908 3.584322 3.584322 3.574041 3.574041 3.555836 3.555836 3.536233 3.536233 3.536233 3.518053
2.854454 2.854454 2.834956 2.894585 2.915734 2.915734 2.931424 2.955698 2.955698 2.975294 2.975294 2.992199 2.999931 3.007282 3.018071 3.018071 3.315839 3.426607 3.518681 3.595714 3.660441 3.714847 3.760361 3.797999 3.828476 3.852278 3.869732 3.880476 3.876807 3.803861 3.803861 3.549672 3.148713 2.732320 2.780460 2.780460 2.960591 2.960591 3.112130 3.112130 3.178331 3.296123 3.296123 3.396780 3.396780 3.510217 3.510217 3.510217 3.555384 3.555384 3.572800 3.572800 3.567382 3.567382 3.546949 3.546949 3.519514 3.519514 3.519514 3.491940
