simulation_files/asc/Velocity__y_279.0.asc
NCOLS        79
NROWS        79
XLLCENTER         -1.500000
YLLCENTER         -4.800000
CELLSIZE           0.100
NODATA_VALUE     -9999.0
[rows 0 to 26 of 79, columns 0 to 58 of 79]
-9999.000 -9999.000 -9999.000 -9999.000 -9999.000 -9999.000 -9999.000 -9999.000 -9999.000 -9999.000 -9999.000 -9999.000 -9999.000 -9999.000 -9999.000 -0.9365650E-01 -0.9106875E-01 -0.9020112E-01 -0.9019472E-01 -0.9069787E-01 -0.9135633E-01 -0.9204861E-01 -0.9272102E-01 -0.9329884E-01 -0.9381958E-01 -0.9428286E-01 -0.9472671E-01 -0.9533849E-01 -0.9672392E-01 -0.9808398E-01 -0.9808398E-01 -9999.000 -9999.000 -9999.000 -9999.000 -9999.000 -9999.000 -9999.000 -9999.000 -9999.000 -9999.000 -9999.000 -9999.000 -9999.000 -9999.000 -9999.000 -9999.000 -9999.000 -9999.000 -9999.000 -9999.000 -9999.000 -9999.000 -9999.000 -9999.000 -9999.000 -9999.000 -9999.000 -9999.000
-9999.000 -9999.000 -9999.000 -9999.000 -9999.000 -9999.000 -9999.000 -9999.000 -9999.000 -9999.000 -9999.000 -9999.000 -9999.000 -9999.000 -9999.000 -0.9324685E-01 -0.8786421E-01 -0.8602259E-01 -0.8603945E-01 -0.8717822E-01 -0.8868454E-01 -0.9029142E-01 -0.9187623E-01 -0.9327115E-01 -0.9454927E-01 -0.9570301E-01 -0.9680845E-01 -0.9825490E-01 -0.1013066 -0.1045991 -0.1045991 -9999.000 -9999.000 -9999.000 -9999.000 -9999.000 -9999.000 -9999.000 -9999.000 -9999.000 -9999.000 -9999.000 -9999.000 -9999.000 -9999.000 -9999.000 -9999.000 -9999.000 -9999.000 -9999.000 -9999.000 -9999.000 -9999.000 -9999.000 -9999.000 -9999.000 -9999.000 -9999.000 -9999.000
-9999.000 -9999.000 -9999.000 -9999.000 -9999.000 -9999.000 -9999.000 -9999.000 -9999.000 -9999.000 -9999.000 -9999.000 -9999.000 -9999.000 -9999.000 -0.9164216E-01 -0.8326785E-01 -0.8033334E-01 -0.8044814E-01 -0.8243898E-01 -0.8508766E-01 -0.8795173E-01 -0.9081640E-01 -0.9339552E-01 -0.9579346E-01 -0.9798425E-01 -0.1000787 -0.1026903 -0.1078305 -0.1138220 -0.1138220 -9999.000 -9999.000 -9999.000 -9999.000 -9999.000 -9999.000 -9999.000 -9999.000 -9999.000 -9999.000 -9999.000 -9999.000 -9999.000 -9999.000 -9999.000 -9999.000 -9999.000 -9999.000 -9999.000 -9999.000 -9999.000 -9999.000 -9999.000 -9999.000 -9999.000 -9999.000 -9999.000 -9999.000
-9999.000 -9999.000 -9999.000 -9999.000 -9999.000 -9999.000 -9999.000 -9999.000 -9999.000 -9999.000 -9999.000 -9999.000 -9999.000 -9999.000 -9999.000 -0.8944105E-01 -0.7813419E-01 -0.7412165E-01 -0.7438931E-01 -0.7731513E-01 -0.8120285E-01 -0.8543124E-01 -0.8969103E-01 -0.9356950E-01 -0.9720293E-01 -0.1005404 -0.1037241 -0.1075989 -0.1149622 -0.1241583 -0.1241583 -9999.000 -9999.000 -9999.000 -9999.000 -9999.000 -9999.000 -9999.000 -9999.000 -9999.000 -9999.000 -9999.000 -9999.000 -9999.000 -9999.000 -9999.000 -9999.000 -9999.000 -9999.000 -9999.000 -9999.000 -9999.000 -9999.000 -9999.000 -9999.000 -9999.000 -9999.000 -9999.000 -9999.000
-9999.000 -9999.000 -9999.000 -9999.000 -9999.000 -9999.000 -9999.000 -9999.000 -9999.000 -9999.000 -9999.000 -9999.000 -9999.000 -9999.000 -9999.000 -0.8687066E-01 -0.7264834E-01 -0.6755669E-01 -0.6801069E-01 -0.7192675E-01 -0.7711563E-01 -0.8277659E-01 -0.8850261E-01 -0.9374873E-01 -0.9868777E-01 -0.1032380 -0.1075747 -0.1127871 -0.1225077 -0.1354562 -0.1354562 -9999.000 -9999.000 -9999.000 -9999.000 -9999.000 -9999.000 -9999.000 -9999.000 -9999.000 -9999.000 -9999.000 -9999.000 -9999.000 -9999.000 -9999.000 -9999.000 -9999.000 -9999.000 -9999.000 -9999.000 -9999.000 -9999.000 -9999.000 -9999.000 -9999.000 -9999.000 -9999.000 -9999.000
-9999.000 -9999.000 -9999.000 -9999.000 -9999.000 -9999.000 -9999.000 -9999.000 -9999.000 -9999.000 -9999.000 -9999.000 -9999.000 -9999.000 -9999.000 -0.8400584E-01 -0.6687831E-01 -0.6070477E-01 -0.6137224E-01 -0.6632324E-01 -0.7286009E-01 -0.8000325E-01 -0.8724779E-01 -0.9390811E-01 -0.1002022 -0.1060127 -0.1115503 -0.1181661 -0.1303903 -0.1477307 -0.1477307 -9999.000 -9999.000 -9999.000 -9999.000 -9999.000 -9999.000 -9999.000 -9999.000 -9999.000 -9999.000 -9999.000 -9999.000 -9999.000 -9999.000 -9999.000 -9999.000 -9999.000 -9999.000 -9999.000 -9999.000 -9999.000 -9999.000 -9999.000 -9999.000 -9999.000 -9999.000 -9999.000 -9999.000
-9999.000 -9999.000 -9999.000 -9999.000 -9999.000 -9999.000 -9999.000 -9999.000 -9999.000 -9999.000 -9999.000 -9999.000 -9999.000 -9999.000 -9999.000 -0.8085215E-01 -0.6083787E-01 -0.5358282E-01 -0.5449159E-01 -0.6052007E-01 -0.6844605E-01 -0.7711359E-01 -0.8591933E-01 -0.9403005E-01 -0.1017200 -0.1088290 -0.1156085 -0.1236929 -0.1385868 -0.1610953 -0.1610953 -9999.000 -9999.000 -9999.000 -9999.000 -9999.000 -9999.000 -9999.000 -9999.000 -9999.000 -9999.000 -9999.000 -9999.000 -9999.000 -9999.000 -9999.000 -9999.000 -9999.000 -9999.000 -9999.000 -9999.000 -9999.000 -9999.000 -9999.000 -9999.000 -9999.000 -9999.000 -9999.000 -9999.000
-9999.000 -9999.000 -9999.000 -9999.000 -9999.000 -9999.000 -9999.000 -9999.000 -9999.000 -9999.000 -9999.000 -9999.000 -9999.000 -9999.000 -9999.000 -0.7738135E-01 -0.5451429E-01 -0.4618438E-01 -0.4736650E-01 -0.5451646E-01 -0.6387025E-01 -0.7410140E-01 -0.8450724E-01 -0.9409837E-01 -0.1032198 -0.1116613 -0.1197199 -0.1293414 -0.1470971 -0.1757378 -0.1757378 -9999.000 -9999.000 -9999.000 -9999.000 -9999.000 -9999.000 -9999.000 -9999.000 -9999.000 -9999.000 -9999.000 -9999.000 -9999.000 -9999.000 -9999.000 -9999.000 -9999.000 -9999.000 -9999.000 -9999.000 -9999.000 -9999.000 -9999.000 -9999.000 -9999.000 -9999.000 -9999.000 -9999.000
-9999.000 -9999.000 -9999.000 -9999.000 -9999.000 -9999.000 -9999.000 -9999.000 -9999.000 -9999.000 -9999.000 -9999.000 -9999.000 -9999.000 -9999.000 -0.7354536E-01 -0.4788005E-01 -0.3848951E-01 -0.3998239E-01 -0.4830155E-01 -0.5912235E-01 -0.7095430E-01 -0.8299679E-01 -0.9409369E-01 -0.1046798 -0.1144839 -0.1238572 -0.1350895 -0.1559315 -0.1919195 -0.1919195 -9999.000 -9999.000 -9999.000 -9999.000 -9999.000 -9999.000 -9999.000 -9999.000 -9999.000 -9999.000 -9999.000 -9999.000 -9999.000 -9999.000 -9999.000 -9999.000 -9999.000 -9999.000 -9999.000 -9999.000 -9999.000 -9999.000 -9999.000 -9999.000 -9999.000 -9999.000 -9999.000 -9999.000
-9999.000 -9999.000 -9999.000 -9999.000 -9999.000 -9999.000 -9999.000 -9999.000 -9999.000 -9999.000 -9999.000 -9999.000 -9999.000 -9999.000 -9999.000 -0.6928191E-01 -0.4089687E-01 -0.3046870E-01 -0.3231740E-01 -0.4185814E-01 -0.5418500E-01 -0.6765459E-01 -0.8136836E-01 -0.9399208E-01 -0.1060733 -0.1172666 -0.1279878 -0.1409114 -0.1651019 -0.2099920 -0.2099920 -9999.000 -9999.000 -9999.000 -9999.000 -9999.000 -9999.000 -9999.000 -9999.000 -9999.000 -9999.000 -9999.000 -9999.000 -9999.000 -9999.000 -9999.000 -9999.000 -9999.000 -9999.000 -9999.000 -9999.000 -9999.000 -9999.000 -9999.000 -9999.000 -9999.000 -9999.000 -9999.000 -9999.000
-9999.000 -9999.000 -9999.000 -9999.000 -9999.000 -9999.000 -9999.000 -9999.000 -9999.000 -9999.000 -9999.000 -9999.000 -9999.000 -9999.000 -9999.000 -0.6451520E-01 -0.3351564E-01 -0.2208314E-01 -0.2434085E-01 -0.3516145E-01 -0.4903437E-01 -0.6417730E-01 -0.7959513E-01 -0.9376076E-01 -0.1073646 -0.1199692 -0.1320683 -0.1467703 -0.1746178 -0.2304284 -0.2304284 -9999.000 -9999.000 -9999.000 -9999.000 -9999.000 -9999.000 -9999.000 -9999.000 -9999.000 -9999.000 -9999.000 -9999.000 -9999.000 -9999.000 -9999.000 -9999.000 -9999.000 -9999.000 -9999.000 -9999.000 -9999.000 -9999.000 -9999.000 -9999.000 -9999.000 -9999.000 -9999.000 -9999.000
-9999.000 -9999.000 -9999.000 -9999.000 -9999.000 -9999.000 -9999.000 -9999.000 -9999.000 -9999.000 -9999.000 -9999.000 -9999.000 -9999.000 -9999.000 -0.5915389E-01 -0.2567509E-01 -0.1328193E-01 -0.1601159E-01 -0.2817668E-01 -0.4363647E-01 -0.6048751E-01 -0.7763975E-01 -0.9335563E-01 -0.1085050 -0.1225364 -0.1360372 -0.1526118 -0.1844782 -0.2538783 -0.2538783 -9999.000 -9999.000 -9999.000 -9999.000 -9999.000 -9999.000 -9999.000 -9999.000 -9999.000 -9999.000 -9999.000 -9999.000 -9999.000 -9999.000 -9999.000 -9999.000 -9999.000 -9999.000 -9999.000 -9999.000 -9999.000 -9999.000 -9999.000 -9999.000 -9999.000 -9999.000 -9999.000 -9999.000
-9999.000 -9999.000 -9999.000 -9999.000 -9999.000 -9999.000 -9999.000 -9999.000 -9999.000 -9999.000 -9999.000 -9999.000 -9999.000 -9999.000 -9999.000 -0.5308329E-01 -0.1729439E-01 -0.3997417E-02 -0.7273687E-02 -0.2085593E-01 -0.3794476E-01 -0.5653753E-01 -0.7545026E-01 -0.9271482E-01 -0.1094264 -0.1248883 -0.1398055 -0.1583519 -0.1946636 -0.2812549 -0.2812549 -9999.000 -9999.000 -9999.000 -9999.000 -9999.000 -9999.000 -9999.000 -9999.000 -9999.000 -9999.000 -9999.000 -9999.000 -9999.000 -9999.000 -9999.000 -9999.000 -9999.000 -9999.000 -9999.000 -9999.000 -9999.000 -9999.000 -9999.000 -9999.000 -9999.000 -9999.000 -9999.000 -9999.000
-9999.000 -9999.000 -9999.000 -9999.000 -9999.000 -9999.000 -9999.000 -9999.000 -9999.000 -9999.000 -9999.000 -9999.000 -9999.000 -9999.000 -9999.000 -0.4574354E-01 -0.7978902E-02 0.5984695E-02 0.1911700E-02 -0.1321555E-01 -0.3198468E-01 -0.5234968E-01 -0.7303686E-01 -0.9182507E-01 -0.1100950 -0.1269652 -0.1432888 -0.1639016 -0.2051567 -0.3139385 -0.3139385 -9999.000 -9999.000 -9999.000 -9999.000 -9999.000 -9999.000 -9999.000 -9999.000 -9999.000 -9999.000 -9999.000 -9999.000 -9999.000 -9999.000 -9999.000 -9999.000 -9999.000 -9999.000 -9999.000 -9999.000 -9999.000 -9999.000 -9999.000 -9999.000 -9999.000 -9999.000 -9999.000 -9999.000
-9999.000 -9999.000 -9999.000 -9999.000 -9999.000 -9999.000 -9999.000 -9999.000 -9999.000 -9999.000 -9999.000 -9999.000 -9999.000 -9999.000 -9999.000 -0.2923041E-02 0.1369485E-01 0.1553561E-01 0.3971083E-02 -0.1339747E-01 -0.3274999E-01 -0.5372865E-01 -0.7505967E-01 -0.9431395E-01 -0.1132502 -0.1307458 -0.1478300 -0.1700560 -0.2161784 -0.3517350 -0.3517350 -9999.000 -9999.000 -9999.000 -9999.000 -9999.000 -9999.000 -9999.000 -9999.000 -9999.000 -9999.000 -9999.000 -9999.000 -9999.000 -9999.000 -9999.000 -9999.000 -9999.000 -9999.000 -9999.000 -9999.000 -9999.000 -9999.000 -9999.000 -9999.000 -9999.000 -9999.000 -9999.000 -9999.000
-0.4294720E-02 -0.4294720E-02 -0.5064353E-02 -0.7031009E-02 -0.6596591E-02 -0.6596591E-02 -0.6454046E-02 -0.6389049E-02 -0.6389049E-02 -0.6365691E-02 -0.6365691E-02 -0.6335657E-02 -0.6318528E-02 -0.6300955E-02 -0.6286553E-02 -0.6286553E-02 0.2713552E-01 0.2185997E-01 0.6750257E-02 -0.1473053E-01 -0.4054393E-01 -0.6959385E-01 -0.1005072 -0.1314380 -0.1616349 -0.1900622 -0.2163291 -0.2421309 -0.2755125 -0.3545684 -0.3545684 -0.1965599 -0.1055554 -0.3646277E-01 -0.2725136E-01 -0.2725136E-01 -0.2025601E-01 -0.2025601E-01 -0.7628995E-02 -0.7628995E-02 0.3551632E-02 0.2713735E-01 0.2713735E-01 0.9860032E-02 0.9860032E-02 -0.3680805E-02 -0.3680805E-02 -0.3680805E-02 0.2175199E-03 0.2175199E-03 0.9415361E-03 0.9415361E-03 0.4434437E-04 0.4434437E-04 -0.1225541E-02 -0.1225541E-02 -0.2459589E-02 -0.2459589E-02 -0.2459589E-02
-0.6609584E-02 -0.6609584E-02 -0.6878754E-02 -0.1024360E-01 -0.9411427E-02 -0.9411427E-02 -0.9106080E-02 -0.8979517E-02 -0.8979517E-02 -0.8959944E-02 -0.8959944E-02 -0.8940912E-02 -0.8930086E-02 -0.8918596E-02 -0.8923915E-02 -0.8923915E-02 0.2223340E-01 0.1752955E-01 0.1893248E-02 -0.2379005E-01 -0.5783538E-01 -0.9809994E-01 -0.1427230 -0.1900698 -0.2379678 -0.2847987 -0.3288813 -0.3684141 -0.4013252 -0.4253416 -0.4253416 -0.2883203 -0.1915880 -0.9954876E-01 -0.8125492E-01 -0.8125492E-01 -0.5696679E-01 -0.5696679E-01 -0.1399115E-01 -0.1399115E-01 0.1936669E-01 0.8611167E-01 0.8611167E-01 0.7349938E-01 0.7349938E-01 0.1460716E-01 0.1460716E-01 0.1460716E-01 0.6798827E-02 0.6798827E-02 0.2043313E-02 0.2043313E-02 -0.2195133E-02 -0.2195133E-02 -0.5849889E-02 -0.5849889E-02 -0.8662452E-02 -0.8662452E-02 -0.8662452E-02
-0.5477323E-02 -0.5477323E-02 -0.4788967E-02 -0.8778778E-02 -0.8096145E-02 -0.8096145E-02 -0.7737498E-02 -0.7582513E-02 -0.7582513E-02 -0.7581911E-02 -0.7581911E-02 -0.7586329E-02 -0.7589295E-02 -0.7592068E-02 -0.7637583E-02 -0.7637583E-02 0.1392282E-01 0.9227368E-02 -0.6487965E-02 -0.3251103E-01 -0.6758887E-01 -0.1100529 -0.1583442 -0.2111062 -0.2665991 -0.3232690 -0.3794372 -0.4330572 -0.4812160 -0.5168676 -0.5168676 -0.4273385 -0.3432362 -0.2277750 -0.1903801 -0.1903801 -0.1221252 -0.1221252 -0.1977441E-01 -0.1977441E-01 0.4672908E-01 0.1663585 0.1663585 0.1841826 0.1841826 0.6554464E-01 0.6554464E-01 0.6554464E-01 0.2510662E-01 0.2510662E-01 0.4231479E-02 0.4231479E-02 -0.7992934E-02 -0.7992934E-02 -0.1587560E-01 -0.1587560E-01 -0.2062947E-01 -0.2062947E-01 -0.2062947E-01
-0.4375327E-02 -0.4375327E-02 -0.3586312E-02 -0.7030290E-02 -0.6547773E-02 -0.6547773E-02 -0.6222919E-02 -0.6075545E-02 -0.6075545E-02 -0.6076686E-02 -0.6076686E-02 -0.6075861E-02 -0.6076226E-02 -0.6077672E-02 -0.6152617E-02 -0.6152617E-02 0.5464260E-02 -0.1231321E-02 -0.1826059E-01 -0.4511063E-01 -0.8080684E-01 -0.1240411 -0.1734980 -0.2280214 -0.2862794 -0.3470061 -0.4088511 -0.4700889 -0.5280057 -0.5756741 -0.5756741 -0.5332062 -0.4730720 -0.3600562 -0.3085853 -0.3085853 -0.1864219 -0.1864219 -0.1112680E-01 -0.1112680E-01 0.8409560E-01 0.2314700 0.2314700 0.2672682 0.2672682 0.1249194 0.1249194 0.1249194 0.5090992E-01 0.5090992E-01 0.8885855E-02 0.8885855E-02 -0.1465793E-01 -0.1465793E-01 -0.2813150E-01 -0.2813150E-01 -0.3501491E-01 -0.3501491E-01 -0.3501491E-01
-0.3288957E-02 -0.3288957E-02 -0.2978744E-02 -0.5160045E-02 -0.4927706E-02 -0.4927706E-02 -0.4695085E-02 -0.4568986E-02 -0.4568986E-02 -0.4565316E-02 -0.4565316E-02 -0.4560999E-02 -0.4559804E-02 -0.4560210E-02 -0.4672088E-02 -0.4672088E-02 -0.3113735E-02 -0.1363028E-01 -0.3351809E-01 -0.6237522E-01 -0.9942393E-01 -0.1436459 -0.1939639 -0.2493869 -0.3088487 -0.3713015 -0.4356591 -0.5005620 -0.5638005 -0.6195887 -0.6195887 -0.6127957 -0.5778213 -0.4771661 -0.4116705 -0.4116705 -0.2229737 -0.2229737 0.1786427E-01 0.1786427E-01 0.1252862 0.2699094 0.2699094 0.3105159 0.3105159 0.1772736 0.1772736 0.1772736 0.8053622E-01 0.8053622E-01 0.1768417E-01 0.1768417E-01 -0.1905711E-01 -0.1905711E-01 -0.3946120E-01 -0.3946120E-01 -0.4900123E-01 -0.4900123E-01 -0.4900123E-01
-0.2198264E-02 -0.2198264E-02 -0.2117099E-02 -0.3379939E-02 -0.3283960E-02 -0.3283960E-02 -0.3138656E-02 -0.3051189E-02 -0.3051189E-02 -0.3048341E-02 -0.3048341E-02 -0.3044556E-02 -0.3043448E-02 -0.3043781E-02 -0.3205029E-02 -0.3205029E-02 -0.1225261E-01 -0.2822421E-01 -0.5260815E-01 -0.8488468E-01 -0.1243477 -0.1701924 -0.2215865 -0.2777480 -0.3378598 -0.4010878 -0.4665550 -0.5331825 -0.5992206 -0.6600896 -0.6600896 -0.6779184 -0.6640767 -0.5691143 -0.4796413 -0.4796413 -0.2130055 -0.2130055 0.5710953E-01 0.5710953E-01 0.1565500 0.2791791 0.2791791 0.3189846 0.3189846 0.2139690 0.2139690 0.2139690 0.1096897 0.1096897 0.3054623E-01 0.3054623E-01 -0.1966715E-01 -0.1966715E-01 -0.4808936E-01 -0.4808936E-01 -0.6096933E-01 -0.6096933E-01 -0.6096933E-01
-0.1101204E-02 -0.1101204E-02 -0.1096041E-02 -0.1671393E-02 -0.1639628E-02 -0.1639628E-02 -0.1570629E-02 -0.1526835E-02 -0.1526835E-02 -0.1526184E-02 -0.1526184E-02 -0.1524649E-02 -0.1523982E-02 -0.1524495E-02 -0.1751109E-02 -0.1751109E-02 -0.2265868E-01 -0.4569365E-01 -0.7627001E-01 -0.1135112 -0.1566407 -0.2049744 -0.2578999 -0.3148760 -0.3753607 -0.4387813 -0.5044994 -0.5716985 -0.6390125 -0.7028016 -0.7028016 -0.7365468 -0.7370494 -0.6221881 -0.4902572 -0.4902572 -0.1606615 -0.1606615 0.8773874E-01 0.8773874E-01 0.1673018 0.2644025 0.2644025 0.3029473 0.3029473 0.2316984 0.2316984 0.2316984 0.1336425 0.1336425 0.4574679E-01 0.4574679E-01 -0.1616249E-01 -0.1616249E-01 -0.5295600E-01 -0.5295600E-01 -0.6974880E-01 -0.6974880E-01 -0.6974880E-01
0.3886660E-07 0.3886660E-07 -0.1625894E-06 -0.1037381E-06 0.7971651E-07 0.7971651E-07 -0.6697611E-08 0.1454128E-06 0.1454128E-06 0.7475467E-07 0.7475467E-07 0.3304693E-07 0.4114234E-07 0.4693930E-07 -0.3144635E-03 -0.3144635E-03 -0.3536573E-01 -0.6723515E-01 -0.1057988 -0.1496289 -0.1977643 -0.2495684 -0.3046154 -0.3626142 -0.4233183 -0.4864597 -0.5516934 -0.6184994 -0.6858501 -0.7506135 -0.7506135 -0.7926108 -0.7962908 -0.6122122 -0.4285446 -0.4285446 -0.9496742E-01 -0.9496742E-01 0.9758577E-01 0.9758577E-01 0.1569858 0.2342792 0.2342792 0.2722321 0.2722321 0.2313860 0.2313860 0.2313860 0.1484505 0.1484505 0.6040865E-01 0.6040865E-01 -0.9280727E-02 -0.9280727E-02 -0.5357249E-01 -0.5357249E-01 -0.7441500E-01 -0.7441500E-01 -0.7441500E-01
0.1101321E-02 0.1101321E-02 0.1095965E-02 0.1671297E-02 0.1639588E-02 0.1639588E-02 0.1570763E-02 0.1527236E-02 0.1527236E-02 0.1526323E-02 0.1526323E-02 0.1524527E-02 0.1523932E-02 0.1524628E-02 0.1089515E-02 0.1089515E-02 -0.5191964E-01 -0.9476718E-01 -0.1432784 -0.1953607 -0.2498238 -0.3060591 -0.3638206 -0.4230759 -0.4838863 -0.5463142 -0.6103504 -0.6758049 -0.7419029 -0.8051145 -0.8051145 -0.8455088 -0.8295804 -0.5183418 -0.3133394 -0.3133394 -0.4661367E-01 -0.4661367E-01 0.8803631E-01 0.8803631E-01 0.1327707 0.1968638 0.1968638 0.2339659 0.2339659 0.2163254 0.2163254 0.2163254 0.1519749 0.1519749 0.7136166E-01 0.7136166E-01 -0.6016910E-03 -0.6016910E-03 -0.5003062E-01 -0.5003062E-01 -0.7432196E-01 -0.7432196E-01 -0.7432196E-01
0.2198222E-02 0.2198222E-02 0.2117106E-02 0.3379917E-02 0.3283828E-02 0.3283828E-02 0.3138640E-02 0.3051311E-02 0.3051311E-02 0.3048404E-02 0.3048404E-02 0.3044606E-02 0.3043385E-02 0.3043735E-02 0.2441619E-02 0.2441619E-02 -0.7474347E-01 -0.1313165 -0.1919578 -0.2539319 -0.3158916 -0.3773280 -0.4382249 -0.4988428 -0.5595682 -0.6208081 -0.6829051 -0.7459983 -0.8092350 -0.8659905 -0.8659905 -0.8844023 -0.8007973 -0.3631582 -0.1972940 -0.1972940 -0.2513725E-01 -0.2513725E-01 0.6806090E-01 0.6806090E-01 0.1031665 0.1576405 0.1576405 0.1925720 0.1925720 0.1904695 0.1904695 0.1904695 0.1441265 0.1441265 0.7607922E-01 0.7607922E-01 0.7851698E-02 0.7851698E-02 -0.4297268E-01 -0.4297268E-01 -0.6918247E-01 -0.6918247E-01 -0.6918247E-01
0.3288872E-02 0.3288872E-02 0.2978753E-02 0.5160118E-02 0.4927591E-02 0.4927591E-02 0.4695061E-02 0.4569048E-02 0.4569048E-02 0.4565286E-02 0.4565286E-02 0.4560988E-02 0.4559854E-02 0.4560152E-02 0.3726886E-02 0.3726886E-02 -0.1078779 -0.1817668 -0.2569254 -0.3302510 -0.4005064 -0.4674831 -0.5315281 -0.5932710 -0.6534609 -0.7128583 -0.7721569 -0.8317295 -0.8893366 -0.9257227 -0.9257227 -0.8696367 -0.6551254 -0.2162190 -0.1205513 -0.1205513 -0.2122108E-01 -0.2122108E-01 0.4585040E-01 0.4585040E-01 0.7387296E-01 0.1195372 0.1195372 0.1505714 0.1505714 0.1574611 0.1574611 0.1574611 0.1264357 0.1264357 0.7335758E-01 0.7335758E-01 0.1418703E-01 0.1418703E-01 -0.3343034E-01 -0.3343034E-01 -0.5913738E-01 -0.5913738E-01 -0.5913738E-01
0.4375413E-02 0.4375413E-02 0.3586344E-02 0.7030508E-02 0.6547858E-02 0.6547858E-02 0.6222894E-02 0.6075412E-02 0.6075412E-02 0.6076558E-02 0.6076558E-02 0.6075765E-02 0.6076133E-02 0.6077560E-02 0.4926098E-02 0.4926098E-02 -0.1585590 -0.2543520 -0.3463810 -0.4319567 -0.5105302 -0.5825723 -0.6490209 -0.7110022 -0.7696832 -0.8261905 -0.8815547 -0.9359455 -0.9800688 -0.9474023 -0.9474023 -0.7181402 -0.4025910 -0.1250236 -0.8280671E-01 -0.8280671E-01 -0.2265516E-01 -0.2265516E-01 0.2600121E-01 0.2600121E-01 0.4766708E-01 0.8393499E-01 0.8393499E-01 0.1094697 0.1094697 0.1203282 0.1203282 0.1203282 0.1013273 0.1013273 0.6346728E-01 0.6346728E-01 0.1720918E-01 0.1720918E-01 -0.2256069E-01 -0.2256069E-01 -0.4480954E-01 -0.4480954E-01 -0.4480954E-01
