simulation_files/asc/Velocity__x_288.0.asc
NCOLS        79
NROWS        79
XLLCENTER         -1.500000
YLLCENTER         -4.800000
CELLSIZE           0.100
NODATA_VALUE     -9999.0
[rows 0 to 25 of 79, columns 0 to 57 of 79]
-9999.000 -9999.000 -9999.000 -9999.000 -9999.000 -9999.000 -9999.000 -9999.000 -9999.000 -9999.000 -9999.000 -9999.000 -9999.000 -9999.000 -9999.000 -0.3350794E-03 0.1024160E-02 0.4638003E-02 0.8748310E-02 0.1244538E-01 0.1535095E-01 0.1735982E-01 0.1846956E-01 0.1875784E-01 0.1832143E-01 0.1723693E-01 0.1555145E-01 0.1314485E-01 0.9321879E-02 0.4579265E-02 0.4579265E-02 -9999.000 -9999.000 -9999.000 -9999.000 -9999.000 -9999.000 -9999.000 -9999.000 -9999.000 -9999.000 -9999.000 -9999.000 -9999.000 -9999.000 -9999.000 -9999.000 -9999.000 -9999.000 -9999.000 -9999.000 -9999.000 -9999.000 -9999.000 -9999.000 -9999.000 -9999.000 -9999.000
-9999.000 -9999.000 -9999.000 -9999.000 -9999.000 -9999.000 -9999.000 -9999.000 -9999.000 -9999.000 -9999.000 -9999.000 -9999.000 -9999.000 -9999.000 0.8917353E-03 0.3465030E-02 0.8187041E-02 0.1329960E-01 0.1790491E-01 0.2157702E-01 0.2414856E-01 0.2556449E-01 0.2586223E-01 0.2511352E-01 0.2338585E-01 0.2073359E-01 0.1707556E-01 0.1184631E-01 0.5800832E-02 0.5800832E-02 -9999.000 -9999.000 -9999.000 -9999.000 -9999.000 -9999.000 -9999.000 -9999.000 -9999.000 -9999.000 -9999.000 -9999.000 -9999.000 -9999.000 -9999.000 -9999.000 -9999.000 -9999.000 -9999.000 -9999.000 -9999.000 -9999.000 -9999.000 -9999.000 -9999.000 -9999.000 -9999.000
-9999.000 -9999.000 -9999.000 -9999.000 -9999.000 -9999.000 -9999.000 -9999.000 -9999.000 -9999.000 -9999.000 -9999.000 -9999.000 -9999.000 -9999.000 0.1425836E-02 0.4607179E-02 0.1000983E-01 0.1575129E-01 0.2089542E-01 0.2499225E-01 0.2785670E-01 0.2942084E-01 0.2971450E-01 0.2880809E-01 0.2677355E-01 0.2367627E-01 0.1944686E-01 0.1351456E-01 0.6655728E-02 0.6655728E-02 -9999.000 -9999.000 -9999.000 -9999.000 -9999.000 -9999.000 -9999.000 -9999.000 -9999.000 -9999.000 -9999.000 -9999.000 -9999.000 -9999.000 -9999.000 -9999.000 -9999.000 -9999.000 -9999.000 -9999.000 -9999.000 -9999.000 -9999.000 -9999.000 -9999.000 -9999.000 -9999.000
-9999.000 -9999.000 -9999.000 -9999.000 -9999.000 -9999.000 -9999.000 -9999.000 -9999.000 -9999.000 -9999.000 -9999.000 -9999.000 -9999.000 -9999.000 0.1733281E-02 0.5281091E-02 0.1111332E-01 0.1726120E-01 0.2275622E-01 0.2713214E-01 0.3019457E-01 0.3186896E-01 0.3218390E-01 0.3121056E-01 0.2902320E-01 0.2569195E-01 0.2114666E-01 0.1478694E-01 0.7338039E-02 0.7338039E-02 -9999.000 -9999.000 -9999.000 -9999.000 -9999.000 -9999.000 -9999.000 -9999.000 -9999.000 -9999.000 -9999.000 -9999.000 -9999.000 -9999.000 -9999.000 -9999.000 -9999.000 -9999.000 -9999.000 -9999.000 -9999.000 -9999.000 -9999.000 -9999.000 -9999.000 -9999.000 -9999.000
-9999.000 -9999.000 -9999.000 -9999.000 -9999.000 -9999.000 -9999.000 -9999.000 -9999.000 -9999.000 -9999.000 -9999.000 -9999.000 -9999.000 -9999.000 0.1957485E-02 0.5778208E-02 0.1193567E-01 0.1839418E-01 0.2415893E-01 0.2875220E-01 0.3197471E-01 0.3374822E-01 0.3410205E-01 0.3310787E-01 0.3084107E-01 0.2737349E-01 0.2262768E-01 0.1595841E-01 0.7990272E-02 0.7990272E-02 -9999.000 -9999.000 -9999.000 -9999.000 -9999.000 -9999.000 -9999.000 -9999.000 -9999.000 -9999.000 -9999.000 -9999.000 -9999.000 -9999.000 -9999.000 -9999.000 -9999.000 -9999.000 -9999.000 -9999.000 -9999.000 -9999.000 -9999.000 -9999.000 -9999.000 -9999.000 -9999.000
-9999.000 -9999.000 -9999.000 -9999.000 -9999.000 -9999.000 -9999.000 -9999.000 -9999.000 -9999.000 -9999.000 -9999.000 -9999.000 -9999.000 -9999.000 0.2161375E-02 0.6229058E-02 0.1267858E-01 0.1941460E-01 0.2541918E-01 0.3020767E-01 0.3357821E-01 0.3545056E-01 0.3585580E-01 0.3486728E-01 0.3255982E-01 0.2900590E-01 0.2411556E-01 0.1718616E-01 0.8692757E-02 0.8692757E-02 -9999.000 -9999.000 -9999.000 -9999.000 -9999.000 -9999.000 -9999.000 -9999.000 -9999.000 -9999.000 -9999.000 -9999.000 -9999.000 -9999.000 -9999.000 -9999.000 -9999.000 -9999.000 -9999.000 -9999.000 -9999.000 -9999.000 -9999.000 -9999.000 -9999.000 -9999.000 -9999.000
-9999.000 -9999.000 -9999.000 -9999.000 -9999.000 -9999.000 -9999.000 -9999.000 -9999.000 -9999.000 -9999.000 -9999.000 -9999.000 -9999.000 -9999.000 0.2375229E-02 0.6696728E-02 0.1343849E-01 0.2044831E-01 0.2668802E-01 0.3166883E-01 0.3518873E-01 0.3716632E-01 0.3763618E-01 0.3667252E-01 0.3434994E-01 0.3074001E-01 0.2573733E-01 0.1856624E-01 0.9497887E-02 0.9497887E-02 -9999.000 -9999.000 -9999.000 -9999.000 -9999.000 -9999.000 -9999.000 -9999.000 -9999.000 -9999.000 -9999.000 -9999.000 -9999.000 -9999.000 -9999.000 -9999.000 -9999.000 -9999.000 -9999.000 -9999.000 -9999.000 -9999.000 -9999.000 -9999.000 -9999.000 -9999.000 -9999.000
-9999.000 -9999.000 -9999.000 -9999.000 -9999.000 -9999.000 -9999.000 -9999.000 -9999.000 -9999.000 -9999.000 -9999.000 -9999.000 -9999.000 -9999.000 0.2615380E-02 0.7214019E-02 0.1426582E-01 0.2156154E-01 0.2804461E-01 0.3322561E-01 0.3690406E-01 0.3899856E-01 0.3954845E-01 0.3862910E-01 0.3631407E-01 0.3267425E-01 0.2758339E-01 0.2017749E-01 0.1045352E-01 0.1045352E-01 -9999.000 -9999.000 -9999.000 -9999.000 -9999.000 -9999.000 -9999.000 -9999.000 -9999.000 -9999.000 -9999.000 -9999.000 -9999.000 -9999.000 -9999.000 -9999.000 -9999.000 -9999.000 -9999.000 -9999.000 -9999.000 -9999.000 -9999.000 -9999.000 -9999.000 -9999.000 -9999.000
-9999.000 -9999.000 -9999.000 -9999.000 -9999.000 -9999.000 -9999.000 -9999.000 -9999.000 -9999.000 -9999.000 -9999.000 -9999.000 -9999.000 -9999.000 0.2891505E-02 0.7802241E-02 0.1519305E-01 0.2279642E-01 0.2953996E-01 0.3493651E-01 0.3878912E-01 0.4101758E-01 0.4166732E-01 0.4081555E-01 0.3853403E-01 0.3489240E-01 0.2973903E-01 0.2210269E-01 0.1161208E-01 0.1161208E-01 -9999.000 -9999.000 -9999.000 -9999.000 -9999.000 -9999.000 -9999.000 -9999.000 -9999.000 -9999.000 -9999.000 -9999.000 -9999.000 -9999.000 -9999.000 -9999.000 -9999.000 -9999.000 -9999.000 -9999.000 -9999.000 -9999.000 -9999.000 -9999.000 -9999.000 -9999.000 -9999.000
-9999.000 -9999.000 -9999.000 -9999.000 -9999.000 -9999.000 -9999.000 -9999.000 -9999.000 -9999.000 -9999.000 -9999.000 -9999.000 -9999.000 -9999.000 0.3212602E-02 0.8478857E-02 0.1624732E-01 0.2418878E-01 0.3121738E-01 0.3685150E-01 0.4090045E-01 0.4328641E-01 0.4406279E-01 0.4330868E-01 0.4109392E-01 0.3748690E-01 0.3230462E-01 0.2444615E-01 0.1304262E-01 0.1304262E-01 -9999.000 -9999.000 -9999.000 -9999.000 -9999.000 -9999.000 -9999.000 -9999.000 -9999.000 -9999.000 -9999.000 -9999.000 -9999.000 -9999.000 -9999.000 -9999.000 -9999.000 -9999.000 -9999.000 -9999.000 -9999.000 -9999.000 -9999.000 -9999.000 -9999.000 -9999.000 -9999.000
-9999.000 -9999.000 -9999.000 -9999.000 -9999.000 -9999.000 -9999.000 -9999.000 -9999.000 -9999.000 -9999.000 -9999.000 -9999.000 -9999.000 -9999.000 0.3587253E-02 0.9263188E-02 0.1745863E-01 0.2577804E-01 0.3312494E-01 0.3902713E-01 0.4330318E-01 0.4587857E-01 0.4681753E-01 0.4620178E-01 0.4409911E-01 0.4057660E-01 0.3541351E-01 0.2735069E-01 0.1484107E-01 0.1484107E-01 -9999.000 -9999.000 -9999.000 -9999.000 -9999.000 -9999.000 -9999.000 -9999.000 -9999.000 -9999.000 -9999.000 -9999.000 -9999.000 -9999.000 -9999.000 -9999.000 -9999.000 -9999.000 -9999.000 -9999.000 -9999.000 -9999.000 -9999.000 -9999.000 -9999.000 -9999.000 -9999.000
-9999.000 -9999.000 -9999.000 -9999.000 -9999.000 -9999.000 -9999.000 -9999.000 -9999.000 -9999.000 -9999.000 -9999.000 -9999.000 -9999.000 -9999.000 0.4027463E-02 0.1017984E-01 0.1886495E-01 0.2761527E-01 0.3532507E-01 0.4153723E-01 0.4608246E-01 0.4889165E-01 0.5004308E-01 0.4962181E-01 0.4769495E-01 0.4432838E-01 0.3925523E-01 0.3102403E-01 0.1714790E-01 0.1714790E-01 -9999.000 -9999.000 -9999.000 -9999.000 -9999.000 -9999.000 -9999.000 -9999.000 -9999.000 -9999.000 -9999.000 -9999.000 -9999.000 -9999.000 -9999.000 -9999.000 -9999.000 -9999.000 -9999.000 -9999.000 -9999.000 -9999.000 -9999.000 -9999.000 -9999.000 -9999.000 -9999.000
-9999.000 -9999.000 -9999.000 -9999.000 -9999.000 -9999.000 -9999.000 -9999.000 -9999.000 -9999.000 -9999.000 -9999.000 -9999.000 -9999.000 -9999.000 0.4550586E-02 0.1126642E-01 0.2052616E-01 0.2977929E-01 0.3791427E-01 0.4449464E-01 0.4936721E-01 0.5247154E-01 0.5390467E-01 0.5375734E-01 0.5209643E-01 0.4898915E-01 0.4411295E-01 0.3578043E-01 0.2017713E-01 0.2017713E-01 -9999.000 -9999.000 -9999.000 -9999.000 -9999.000 -9999.000 -9999.000 -9999.000 -9999.000 -9999.000 -9999.000 -9999.000 -9999.000 -9999.000 -9999.000 -9999.000 -9999.000 -9999.000 -9999.000 -9999.000 -9999.000 -9999.000 -9999.000 -9999.000 -9999.000 -9999.000 -9999.000
-9999.000 -9999.000 -9999.000 -9999.000 -9999.000 -9999.000 -9999.000 -9999.000 -9999.000 -9999.000 -9999.000 -9999.000 -9999.000 -9999.000 -9999.000 0.5632919E-02 0.1350968E-01 0.2386402E-01 0.3358182E-01 0.4211696E-01 0.4901017E-01 0.5414923E-01 0.5749954E-01 0.5919100E-01 0.5932564E-01 0.5797275E-01 0.5520250E-01 0.5062156E-01 0.4224772E-01 0.2435009E-01 0.2435009E-01 -9999.000 -9999.000 -9999.000 -9999.000 -9999.000 -9999.000 -9999.000 -9999.000 -9999.000 -9999.000 -9999.000 -9999.000 -9999.000 -9999.000 -9999.000 -9999.000 -9999.000 -9999.000 -9999.000 -9999.000 -9999.000 -9999.000 -9999.000 -9999.000 -9999.000 -9999.000 -9999.000
-9999.000 -9999.000 -9999.000 -9999.000 -9999.000 -9999.000 -9999.000 -9999.000 -9999.000 -9999.000 -9999.000 -9999.000 -9999.000 -9999.000 -9999.000 0.6674778E-01 0.1008495 0.1153015 0.1079277 0.1006154 0.9429868E-01 0.8818080E-01 0.8230213E-01 0.7673185E-01 0.7131416E-01 0.6592218E-01 0.6037968E-01 0.5398617E-01 0.4432841E-01 0.2191138E-01 0.2191138E-01 -9999.000 -9999.000 -9999.000 -9999.000 -9999.000 -9999.000 -9999.000 -9999.000 -9999.000 -9999.000 -9999.000 -9999.000 -9999.000 -9999.000 -9999.000 -9999.000 -9999.000 -9999.000 -9999.000 -9999.000 -9999.000 -9999.000 -9999.000 -9999.000 -9999.000 -9999.000 -9999.000
2.782933 2.782933 2.784426 2.800836 2.819797 2.819797 2.822703 2.823115 2.823115 2.820054 2.820054 2.814485 2.810990 2.807128 2.803163 2.803163 2.921329 2.924729 2.925752 2.906310 2.865319 2.802787 2.717375 2.608563 2.479937 2.332434 2.170206 2.002991 1.856124 1.797572 1.797572 2.646749 2.821978 2.919887 2.943605 2.943605 2.973517 2.973517 2.949980 2.949980 2.902263 2.711421 2.711421 2.293376 2.293376 2.032634 2.032634 2.032634 2.025412 2.025412 2.060751 2.060751 2.109456 2.109456 2.159152 2.159152 2.202918 2.202918
2.804284 2.804284 2.814182 2.853190 2.879168 2.879168 2.893959 2.916930 2.916930 2.935930 2.935930 2.952219 2.959591 2.966551 2.973349 2.973349 3.061730 3.078512 3.093284 3.102770 3.106431 3.102914 3.089558 3.063383 3.022611 2.964836 2.888978 2.796418 2.694362 2.620830 2.620830 3.079285 3.239602 3.391340 3.431855 3.431855 3.476692 3.476692 3.474567 3.474567 3.450832 3.342104 3.342104 3.113065 3.113065 2.859380 2.859380 2.859380 2.850465 2.850465 2.887790 2.887790 2.939601 2.939601 2.991863 2.991863 3.038790 3.038790
2.808870 2.808870 2.812190 2.854709 2.878789 2.878789 2.894408 2.918361 2.918361 2.937955 2.937955 2.954876 2.962607 2.969961 2.977209 2.977209 3.056884 3.084995 3.110588 3.132052 3.148932 3.160913 3.167144 3.166323 3.157404 3.138652 3.108462 3.066373 3.015676 2.978512 2.978512 3.242909 3.399283 3.577929 3.629243 3.629243 3.680520 3.680520 3.667840 3.667840 3.636689 3.533095 3.533095 3.377411 3.377411 3.154639 3.154639 3.154639 3.129738 3.129738 3.155481 3.155481 3.199051 3.199051 3.245185 3.245185 3.287484 3.287484
2.811850 2.811850 2.814135 2.854947 2.877637 2.877637 2.893699 2.918161 2.918161 2.937843 2.937843 2.954808 2.962569 2.969951 2.977275 2.977275 3.052071 3.089875 3.125566 3.156885 3.182819 3.203012 3.217168 3.224915 3.226114 3.220318 3.206950 3.185892 3.159242 3.141189 3.141189 3.303357 3.442678 3.629926 3.686972 3.686972 3.735283 3.735283 3.701241 3.701241 3.660561 3.567108 3.567108 3.469213 3.469213 3.295959 3.295959 3.295959 3.257115 3.257115 3.269342 3.269342 3.304690 3.304690 3.346075 3.346075 3.385258 3.385258
2.813250 2.813250 2.817450 2.854913 2.876776 2.876776 2.893205 2.918141 2.918141 2.937864 2.937864 2.954805 2.962560 2.969942 2.977344 2.977344 3.051392 3.097654 3.142541 3.182868 3.217122 3.244679 3.265265 3.278733 3.285195 3.284770 3.277586 3.264103 3.246254 3.233885 3.233885 3.334215 3.449784 3.627878 3.681213 3.681213 3.706199 3.706199 3.644723 3.644723 3.603245 3.540354 3.540354 3.496340 3.496340 3.382023 3.382023 3.382023 3.336470 3.336470 3.334115 3.334115 3.358751 3.358751 3.393760 3.393760 3.428912 3.428912
2.811474 2.811474 2.824038 2.855614 2.877049 2.877049 2.893759 2.919066 2.919066 2.938788 2.938788 2.955640 2.963347 2.970676 2.978135 2.978135 3.056360 3.110366 3.163461 3.211745 3.253398 3.287614 3.314065 3.332639 3.343456 3.346759 3.342898 3.332550 3.317474 3.304753 3.304753 3.363261 3.451441 3.600077 3.635195 3.635195 3.613567 3.613567 3.539252 3.539252 3.512909 3.496217 3.496217 3.497621 3.497621 3.440328 3.440328 3.440328 3.397863 3.397863 3.383745 3.383745 3.396024 3.396024 3.422313 3.422313 3.451546 3.451546
2.811368 2.811368 2.826850 2.855386 2.876622 2.876622 2.893515 2.919076 2.919076 2.938823 2.938823 2.955661 2.963364 2.970692 2.978313 2.978313 3.066767 3.128483 3.189039 3.244258 3.292269 3.332235 3.363832 3.386974 3.401754 3.408401 3.407271 3.398996 3.385018 3.370290 3.370290 3.399189 3.458131 3.550183 3.547148 3.547148 3.471733 3.471733 3.421371 3.421371 3.422165 3.451979 3.451979 3.487005 3.487005 3.478309 3.478309 3.478309 3.447402 3.447402 3.427466 3.427466 3.428056 3.428056 3.443890 3.443890 3.465184 3.465184
2.811333 2.811333 2.827780 2.855304 2.876477 2.876477 2.893429 2.919076 2.919076 2.938831 2.938831 2.955664 2.963367 2.970694 2.978545 2.978545 3.084196 3.153903 3.221201 3.282186 3.335225 3.379660 3.415286 3.442089 3.460177 3.469747 3.471087 3.464687 3.451587 3.434882 3.434882 3.441949 3.468985 3.463031 3.404685 3.404685 3.308871 3.308871 3.317758 3.317758 3.345878 3.411243 3.411243 3.469398 3.469398 3.499465 3.499465 3.499465 3.485042 3.485042 3.466049 3.466049 3.457892 3.457892 3.462795 3.462795 3.474467 3.474467
2.811368 2.811368 2.826850 2.855385 2.876622 2.876622 2.893515 2.919076 2.919076 2.938823 2.938823 2.955661 2.963365 2.970692 2.978862 2.978862 3.110157 3.188334 3.261656 3.327092 3.383608 3.430939 3.469131 3.498337 3.518732 3.530506 3.533882 3.529189 3.517001 3.498375 3.498375 3.486621 3.472312 3.312982 3.209656 3.209656 3.163441 3.163441 3.239632 3.239632 3.286498 3.374264 3.374264 3.447884 3.447884 3.507528 3.507528 3.507528 3.510727 3.510727 3.498089 3.498089 3.485450 3.485450 3.480363 3.480363 3.481418 3.481418
2.811473 2.811473 2.824039 2.855614 2.877048 2.877048 2.893758 2.919067 2.919067 2.938788 2.938788 2.955640 2.963347 2.970676 2.979287 2.979287 3.146852 3.233892 3.312290 3.380574 3.438687 3.487002 3.525969 3.555984 3.577354 3.590299 3.594998 3.591621 3.580099 3.558092 3.558092 3.521515 3.437814 3.093545 3.001754 3.001754 3.057863 3.057863 3.178953 3.178953 3.236068 3.337267 3.337267 3.421774 3.421774 3.503704 3.503704 3.503704 3.523143 3.523143 3.519944 3.519944 3.507041 3.507041 3.494124 3.494124 3.484581 3.484581
2.813251 2.813251 2.817449 2.854913 2.876776 2.876776 2.893205 2.918141 2.918141 2.937864 2.937864 2.954805 2.962562 2.969942 2.979221 2.979221 3.197092 3.292912 3.374882 3.443885 3.501280 3.548307 3.585945 3.614903 3.635658 3.648492 3.653560 3.650833 3.638878 3.606612 3.606612 3.516356 3.308242 2.852933 2.839961 2.839961 2.983756 2.983756 3.125582 3.125582 3.187914 3.297573 3.297573 3.390061 3.390061 3.488400 3.488400 3.488400 3.521339 3.521339 3.528280 3.528280 3.517960 3.517960 3.499865 3.499865 3.480689 3.480689
