simulation_files/asc/Velocity____180.0.asc
NCOLS        79
NROWS        79
XLLCENTER         -1.500000
YLLCENTER         -4.800000
CELLSIZE           0.100
NODATA_VALUE     -9999.0
[rows 0 to 26 of 79, columns 0 to 59 of 79]
-9999.000 -9999.000 -9999.000 -9999.000 -9999.000 -9999.000 -9999.000 -9999.000 -9999.000 -9999.000 -9999.000 -9999.000 -9999.000 -9999.000 -9999.000 0.9608632E-01 0.9360536E-01 0.9271909E-01 0.9276067E-01 0.9357239E-01 0.9462152E-01 0.9564129E-01 0.9652655E-01 0.9718122E-01 0.9761589E-01 0.9788390E-01 0.9804371E-01 0.9827517E-01 0.9913876E-01 0.1000668 0.1000668 -9999.000 -9999.000 -9999.000 -9999.000 -9999.000 -9999.000 -9999.000 -9999.000 -9999.000 -9999.000 -9999.000 -9999.000 -9999.000 -9999.000 -9999.000 -9999.000 -9999.000 -9999.000 -9999.000 -9999.000 -9999.000 -9999.000 -9999.000 -9999.000 -9999.000 -9999.000 -9999.000 -9999.000 -9999.000
-9999.000 -9999.000 -9999.000 -9999.000 -9999.000 -9999.000 -9999.000 -9999.000 -9999.000 -9999.000 -9999.000 -9999.000 -9999.000 -9999.000 -9999.000 0.9546112E-01 0.9031459E-01 0.8851708E-01 0.8865117E-01 0.9035420E-01 0.9254447E-01 0.9470160E-01 0.9662411E-01 0.9811050E-01 0.9916579E-01 0.9988693E-01 0.1003927 0.1010746 0.1031624 0.1056866 0.1056866 -9999.000 -9999.000 -9999.000 -9999.000 -9999.000 -9999.000 -9999.000 -9999.000 -9999.000 -9999.000 -9999.000 -9999.000 -9999.000 -9999.000 -9999.000 -9999.000 -9999.000 -9999.000 -9999.000 -9999.000 -9999.000 -9999.000 -9999.000 -9999.000 -9999.000 -9999.000 -9999.000 -9999.000 -9999.000
-9999.000 -9999.000 -9999.000 -9999.000 -9999.000 -9999.000 -9999.000 -9999.000 -9999.000 -9999.000 -9999.000 -9999.000 -9999.000 -9999.000 -9999.000 0.9361821E-01 0.8559117E-01 0.8270904E-01 0.8292045E-01 0.8563872E-01 0.8915627E-01 0.9267791E-01 0.9591205E-01 0.9854861E-01 0.1005860 0.1021596 0.1034320 0.1050041 0.1088239 0.1137365 0.1137365 -9999.000 -9999.000 -9999.000 -9999.000 -9999.000 -9999.000 -9999.000 -9999.000 -9999.000 -9999.000 -9999.000 -9999.000 -9999.000 -9999.000 -9999.000 -9999.000 -9999.000 -9999.000 -9999.000 -9999.000 -9999.000 -9999.000 -9999.000 -9999.000 -9999.000 -9999.000 -9999.000 -9999.000 -9999.000
-9999.000 -9999.000 -9999.000 -9999.000 -9999.000 -9999.000 -9999.000 -9999.000 -9999.000 -9999.000 -9999.000 -9999.000 -9999.000 -9999.000 -9999.000 0.9122471E-01 0.8034658E-01 0.7636722E-01 0.7667213E-01 0.8044134E-01 0.8532120E-01 0.9025215E-01 0.9486708E-01 0.9875284E-01 0.1019006 0.1044781 0.1066791 0.1093060 0.1150458 0.1228693 0.1228693 -9999.000 -9999.000 -9999.000 -9999.000 -9999.000 -9999.000 -9999.000 -9999.000 -9999.000 -9999.000 -9999.000 -9999.000 -9999.000 -9999.000 -9999.000 -9999.000 -9999.000 -9999.000 -9999.000 -9999.000 -9999.000 -9999.000 -9999.000 -9999.000 -9999.000 -9999.000 -9999.000 -9999.000 -9999.000
-9999.000 -9999.000 -9999.000 -9999.000 -9999.000 -9999.000 -9999.000 -9999.000 -9999.000 -9999.000 -9999.000 -9999.000 -9999.000 -9999.000 -9999.000 0.8851209E-01 0.7476953E-01 0.6968120E-01 0.7010615E-01 0.7497008E-01 0.8124392E-01 0.8761375E-01 0.9365184E-01 0.9884502E-01 0.1031776 0.1068468 0.1100706 0.1138553 0.1216648 0.1329318 0.1329318 -9999.000 -9999.000 -9999.000 -9999.000 -9999.000 -9999.000 -9999.000 -9999.000 -9999.000 -9999.000 -9999.000 -9999.000 -9999.000 -9999.000 -9999.000 -9999.000 -9999.000 -9999.000 -9999.000 -9999.000 -9999.000 -9999.000 -9999.000 -9999.000 -9999.000 -9999.000 -9999.000 -9999.000 -9999.000
-9999.000 -9999.000 -9999.000 -9999.000 -9999.000 -9999.000 -9999.000 -9999.000 -9999.000 -9999.000 -9999.000 -9999.000 -9999.000 -9999.000 -9999.000 0.8556908E-01 0.6893943E-01 0.6274505E-01 0.6333918E-01 0.6935348E-01 0.7704992E-01 0.8487725E-01 0.9236459E-01 0.9890085E-01 0.1044640 0.1092805 0.1135870 0.1186027 0.1286185 0.1439265 0.1439265 -9999.000 -9999.000 -9999.000 -9999.000 -9999.000 -9999.000 -9999.000 -9999.000 -9999.000 -9999.000 -9999.000 -9999.000 -9999.000 -9999.000 -9999.000 -9999.000 -9999.000 -9999.000 -9999.000 -9999.000 -9999.000 -9999.000 -9999.000 -9999.000 -9999.000 -9999.000 -9999.000 -9999.000 -9999.000
-9999.000 -9999.000 -9999.000 -9999.000 -9999.000 -9999.000 -9999.000 -9999.000 -9999.000 -9999.000 -9999.000 -9999.000 -9999.000 -9999.000 -9999.000 0.8241840E-01 0.6288259E-01 0.5560843E-01 0.5645359E-01 0.6368317E-01 0.7282211E-01 0.8211257E-01 0.9106223E-01 0.9896331E-01 0.1057870 0.1117895 0.1172215 0.1235275 0.1358898 0.1559471 0.1559471 -9999.000 -9999.000 -9999.000 -9999.000 -9999.000 -9999.000 -9999.000 -9999.000 -9999.000 -9999.000 -9999.000 -9999.000 -9999.000 -9999.000 -9999.000 -9999.000 -9999.000 -9999.000 -9999.000 -9999.000 -9999.000 -9999.000 -9999.000 -9999.000 -9999.000 -9999.000 -9999.000 -9999.000 -9999.000
-9999.000 -9999.000 -9999.000 -9999.000 -9999.000 -9999.000 -9999.000 -9999.000 -9999.000 -9999.000 -9999.000 -9999.000 -9999.000 -9999.000 -9999.000 0.7904944E-01 0.5660090E-01 0.4831011E-01 0.4953865E-01 0.5804889E-01 0.6862839E-01 0.7936911E-01 0.8978112E-01 0.9905840E-01 0.1071626 0.1143803 0.1209710 0.1286214 0.1434826 0.1691535 0.1691535 -9999.000 -9999.000 -9999.000 -9999.000 -9999.000 -9999.000 -9999.000 -9999.000 -9999.000 -9999.000 -9999.000 -9999.000 -9999.000 -9999.000 -9999.000 -9999.000 -9999.000 -9999.000 -9999.000 -9999.000 -9999.000 -9999.000 -9999.000 -9999.000 -9999.000 -9999.000 -9999.000 -9999.000 -9999.000
-9999.000 -9999.000 -9999.000 -9999.000 -9999.000 -9999.000 -9999.000 -9999.000 -9999.000 -9999.000 -9999.000 -9999.000 -9999.000 -9999.000 -9999.000 0.7543281E-01 0.5008502E-01 0.4090689E-01 0.4273234E-01 0.5256662E-01 0.6454261E-01 0.7669242E-01 0.8855095E-01 0.9920545E-01 0.1086020 0.1170574 0.1248341 0.1338813 0.1514121 0.1837706 0.1837706 -9999.000 -9999.000 -9999.000 -9999.000 -9999.000 -9999.000 -9999.000 -9999.000 -9999.000 -9999.000 -9999.000 -9999.000 -9999.000 -9999.000 -9999.000 -9999.000 -9999.000 -9999.000 -9999.000 -9999.000 -9999.000 -9999.000 -9999.000 -9999.000 -9999.000 -9999.000 -9999.000 -9999.000 -9999.000
-9999.000 -9999.000 -9999.000 -9999.000 -9999.000 -9999.000 -9999.000 -9999.000 -9999.000 -9999.000 -9999.000 -9999.000 -9999.000 -9999.000 -9999.000 0.7152630E-01 0.4332260E-01 0.3351897E-01 0.3629075E-01 0.4741106E-01 0.6065967E-01 0.7413506E-01 0.8740313E-01 0.9942388E-01 0.1101160 0.1198258 0.1288103 0.1393063 0.1596998 0.2001000 0.2001000 -9999.000 -9999.000 -9999.000 -9999.000 -9999.000 -9999.000 -9999.000 -9999.000 -9999.000 -9999.000 -9999.000 -9999.000 -9999.000 -9999.000 -9999.000 -9999.000 -9999.000 -9999.000 -9999.000 -9999.000 -9999.000 -9999.000 -9999.000 -9999.000 -9999.000 -9999.000 -9999.000 -9999.000 -9999.000
-9999.000 -9999.000 -9999.000 -9999.000 -9999.000 -9999.000 -9999.000 -9999.000 -9999.000 -9999.000 -9999.000 -9999.000 -9999.000 -9999.000 -9999.000 0.6727573E-01 0.3630866E-01 0.2643998E-01 0.3071260E-01 0.4285638E-01 0.5711183E-01 0.7176641E-01 0.8637784E-01 0.9973883E-01 0.1117198 0.1226933 0.1329014 0.1448975 0.1683717 0.2185462 0.2185462 -9999.000 -9999.000 -9999.000 -9999.000 -9999.000 -9999.000 -9999.000 -9999.000 -9999.000 -9999.000 -9999.000 -9999.000 -9999.000 -9999.000 -9999.000 -9999.000 -9999.000 -9999.000 -9999.000 -9999.000 -9999.000 -9999.000 -9999.000 -9999.000 -9999.000 -9999.000 -9999.000 -9999.000 -9999.000
-9999.000 -9999.000 -9999.000 -9999.000 -9999.000 -9999.000 -9999.000 -9999.000 -9999.000 -9999.000 -9999.000 -9999.000 -9999.000 -9999.000 -9999.000 0.6261299E-01 0.2906908E-01 0.2044578E-01 0.2691915E-01 0.3932262E-01 0.5408902E-01 0.6968443E-01 0.8553303E-01 0.1001878 0.1134376 0.1256754 0.1371136 0.1506588 0.1774588 0.2396601 0.2396601 -9999.000 -9999.000 -9999.000 -9999.000 -9999.000 -9999.000 -9999.000 -9999.000 -9999.000 -9999.000 -9999.000 -9999.000 -9999.000 -9999.000 -9999.000 -9999.000 -9999.000 -9999.000 -9999.000 -9999.000 -9999.000 -9999.000 -9999.000 -9999.000 -9999.000 -9999.000 -9999.000 -9999.000 -9999.000
-9999.000 -9999.000 -9999.000 -9999.000 -9999.000 -9999.000 -9999.000 -9999.000 -9999.000 -9999.000 -9999.000 -9999.000 -9999.000 -9999.000 -9999.000 0.5744754E-01 0.2174168E-01 0.1743459E-01 0.2622765E-01 0.3741387E-01 0.5187796E-01 0.6804725E-01 0.8496806E-01 0.1008397 0.1153176 0.1288050 0.1414663 0.1566034 0.1870002 0.2642080 0.2642080 -9999.000 -9999.000 -9999.000 -9999.000 -9999.000 -9999.000 -9999.000 -9999.000 -9999.000 -9999.000 -9999.000 -9999.000 -9999.000 -9999.000 -9999.000 -9999.000 -9999.000 -9999.000 -9999.000 -9999.000 -9999.000 -9999.000 -9999.000 -9999.000 -9999.000 -9999.000 -9999.000 -9999.000 -9999.000
-9999.000 -9999.000 -9999.000 -9999.000 -9999.000 -9999.000 -9999.000 -9999.000 -9999.000 -9999.000 -9999.000 -9999.000 -9999.000 -9999.000 -9999.000 0.5118187E-01 0.1569936E-01 0.2211658E-01 0.3191582E-01 0.3997719E-01 0.5259066E-01 0.6836110E-01 0.8575456E-01 0.1024647 0.1179141 0.1324774 0.1462347 0.1629169 0.1971456 0.2933646 0.2933646 -9999.000 -9999.000 -9999.000 -9999.000 -9999.000 -9999.000 -9999.000 -9999.000 -9999.000 -9999.000 -9999.000 -9999.000 -9999.000 -9999.000 -9999.000 -9999.000 -9999.000 -9999.000 -9999.000 -9999.000 -9999.000 -9999.000 -9999.000 -9999.000 -9999.000 -9999.000 -9999.000 -9999.000 -9999.000
-9999.000 -9999.000 -9999.000 -9999.000 -9999.000 -9999.000 -9999.000 -9999.000 -9999.000 -9999.000 -9999.000 -9999.000 -9999.000 -9999.000 -9999.000 0.7899840E-01 0.1216743 0.1427943 0.1361043 0.1197863 0.1109551 0.1079262 0.1112433 0.1187719 0.1286961 0.1402540 0.1526362 0.1695120 0.2072385 0.3263452 0.3263452 -9999.000 -9999.000 -9999.000 -9999.000 -9999.000 -9999.000 -9999.000 -9999.000 -9999.000 -9999.000 -9999.000 -9999.000 -9999.000 -9999.000 -9999.000 -9999.000 -9999.000 -9999.000 -9999.000 -9999.000 -9999.000 -9999.000 -9999.000 -9999.000 -9999.000 -9999.000 -9999.000 -9999.000 -9999.000
2.780612 2.780612 2.776966 2.833256 2.839207 2.839207 2.842054 2.843806 2.843806 2.842203 2.842203 2.838149 2.835408 2.832280 2.828816 2.828816 2.945688 2.948620 2.948931 2.939043 2.905375 2.850501 2.774013 2.674267 2.553118 2.413661 2.258300 2.095364 1.948498 1.889839 1.889839 2.674099 2.840900 2.941008 2.967028 2.967028 3.004217 3.004217 2.997881 2.997881 2.961835 2.805094 2.805094 2.515634 2.515634 2.108219 2.108219 2.108219 2.075289 2.075289 2.097897 2.097897 2.141156 2.141156 2.188787 2.188787 2.232585 2.232585 2.232585 2.268318
2.802408 2.802408 2.803822 2.882480 2.900048 2.900048 2.914325 2.938540 2.938540 2.959133 2.959133 2.977101 2.985309 2.993084 3.000477 3.000477 3.083937 3.099488 3.112832 3.123592 3.128858 3.128200 3.119689 3.100272 3.067582 3.019770 2.954998 2.873621 2.781278 2.701675 2.701675 3.114957 3.261516 3.407028 3.447640 3.447640 3.496019 3.496019 3.503063 3.503063 3.487014 3.399925 3.399925 3.228784 3.228784 2.923659 2.923659 2.923659 2.886887 2.886887 2.911393 2.911393 2.957638 2.957638 3.007860 3.007860 3.054593 3.054593 3.054593 3.094505
2.806627 2.806627 2.806957 2.882244 2.900209 2.900209 2.914936 2.939812 2.939812 2.961009 2.961009 2.979671 2.988264 2.996450 3.004279 3.004279 3.077073 3.103395 3.127490 3.149112 3.166887 3.180669 3.190078 3.194035 3.191374 3.180824 3.160641 3.129783 3.090226 3.055926 3.055926 3.282187 3.422504 3.588477 3.638234 3.638234 3.691993 3.691993 3.687508 3.687508 3.663087 3.573918 3.573918 3.446269 3.446269 3.205391 3.205391 3.205391 3.154853 3.154853 3.166519 3.166519 3.204043 3.204043 3.248184 3.248184 3.290482 3.290482 3.290482 3.327133
2.808831 2.808831 2.811589 2.881573 2.899712 2.899712 2.914718 2.939823 2.939823 2.961036 2.961036 2.979696 2.988294 2.996489 3.004329 3.004329 3.070516 3.105834 3.139968 3.171241 3.198199 3.220395 3.237738 3.250019 3.257070 3.258720 3.254476 3.243971 3.228415 3.216439 3.216439 3.353537 3.476324 3.646202 3.699893 3.699893 3.748807 3.748807 3.720921 3.720921 3.684677 3.598180 3.598180 3.513754 3.513754 3.338855 3.338855 3.338855 3.279637 3.279637 3.276911 3.276911 3.304815 3.304815 3.343479 3.343479 3.382431 3.382431 3.382431 3.416667
2.806992 2.806992 2.819445 2.881435 2.899729 2.899729 2.914987 2.940284 2.940284 2.961469 2.961469 2.980076 2.988654 2.996831 3.004655 3.004655 3.068509 3.111639 3.154886 3.195127 3.230571 3.260459 3.284596 3.302945 3.315614 3.322842 3.324829 3.321894 3.315340 3.311173 3.311173 3.396956 3.498099 3.657221 3.705927 3.705927 3.728062 3.728062 3.667530 3.667530 3.625832 3.562670 3.562670 3.525093 3.525093 3.417633 3.417633 3.417633 3.358839 3.358839 3.342503 3.342503 3.358420 3.358420 3.389619 3.389619 3.423997 3.423997 3.423997 3.454995
2.807141 2.807141 2.824033 2.880916 2.899341 2.899341 2.914814 2.940306 2.940306 2.961501 2.961501 2.980094 2.988668 2.996845 3.004669 3.004669 3.071396 3.121914 3.173443 3.221814 3.264950 3.301925 3.332428 3.356430 3.374066 3.385643 3.391541 3.392328 3.389281 3.386769 3.386769 3.439114 3.516561 3.647570 3.677100 3.677100 3.645047 3.645047 3.559582 3.559582 3.528668 3.508457 3.508457 3.514060 3.514060 3.467413 3.467413 3.467413 3.418758 3.418758 3.393583 3.393583 3.396887 3.396887 3.418422 3.418422 3.446216 3.446216 3.446216 3.472420
2.807227 2.807227 2.826771 2.880609 2.899094 2.899094 2.914699 2.940317 2.940317 2.961517 2.961517 2.980099 2.988671 2.996846 3.004671 3.004671 3.080245 3.138344 3.197500 3.253070 3.302911 3.346078 3.382243 3.411371 3.433597 3.449193 3.458537 3.462183 3.461200 3.458622 3.458622 3.488173 3.541097 3.619067 3.608012 3.608012 3.507535 3.507535 3.434684 3.434684 3.429372 3.456283 3.456283 3.494986 3.494986 3.497440 3.497440 3.497440 3.465762 3.465762 3.438771 3.438771 3.431532 3.431532 3.442193 3.442193 3.461413 3.461413 3.461413 3.481019
2.807254 2.807254 2.827680 2.880507 2.899011 2.899011 2.914659 2.940320 2.940320 2.961523 2.961523 2.980101 2.988672 2.996847 3.004671 3.004671 3.096128 3.162454 3.228771 3.290604 3.346038 3.394290 3.435126 3.468566 3.494766 3.513965 3.526492 3.532800 3.533666 3.530826 3.530826 3.544041 3.570354 3.553680 3.479831 3.479831 3.339059 3.339059 3.321969 3.321969 3.345510 3.409956 3.409956 3.471341 3.471341 3.511266 3.511266 3.511266 3.499468 3.499468 3.477503 3.477503 3.464011 3.464011 3.464189 3.464189 3.473471 3.473471 3.473471 3.484811
2.807226 2.807226 2.826771 2.880608 2.899094 2.899094 2.914698 2.940317 2.940317 2.961518 2.961518 2.980100 2.988671 2.996846 3.004670 3.004670 3.120582 3.196032 3.269150 3.336282 3.396075 3.448111 3.492375 3.529023 3.558275 3.580379 3.595615 3.604331 3.606942 3.603509 3.603509 3.602072 3.592357 3.419642 3.286345 3.286345 3.179855 3.179855 3.235534 3.235534 3.280324 3.368626 3.368626 3.444893 3.444893 3.512614 3.512614 3.512614 3.520172 3.520172 3.507993 3.507993 3.492863 3.492863 3.484464 3.484464 3.483336 3.483336 3.483336 3.485110
2.807140 2.807140 2.824033 2.880917 2.899340 2.899340 2.914814 2.940306 2.940306 2.961501 2.961501 2.980094 2.988668 2.996843 3.004668 3.004668 3.155932 3.241410 3.320892 3.392217 3.454952 3.509251 3.555454 3.593932 3.625025 3.649029 3.666213 3.676817 3.680689 3.674474 3.674474 3.650565 3.575542 3.202277 3.062524 3.062524 3.061323 3.061323 3.171934 3.171934 3.228227 3.329933 3.329933 3.416108 3.416108 3.504078 3.504078 3.504078 3.528368 3.528368 3.528033 3.528033 3.515378 3.515378 3.501199 3.501199 3.490179 3.490179 3.490179 3.481702
2.806991 2.806991 2.819446 2.881436 2.899729 2.899729 2.914987 2.940284 2.940284 2.961469 2.961469 2.980077 2.988654 2.996831 3.004656 3.004656 3.205745 3.301828 3.386859 3.460909 3.524841 3.579586 3.625956 3.664611 3.696058 3.720681 3.738760 3.750398 3.753999 3.736123 3.736123 3.657115 3.459047 2.943470 2.873654 2.873654 2.982270 2.982270 3.118997 3.118997 3.180581 3.289957 3.289957 3.383114 3.383114 3.485658 3.485658 3.485658 3.523274 3.523274 3.534539 3.534539 3.526936 3.526936 3.509892 3.509892 3.490395 3.490395 3.490395 3.471851
2.808831 2.808831 2.811589 2.881574 2.899712 2.899712 2.914718 2.939822 2.939822 2.961037 2.961037 2.979696 2.988294 2.996489 3.004329 3.004329 3.275460 3.381791 3.470678 3.545267 3.608083 3.661016 3.705435 3.742331 3.772400 3.796121 3.813805 3.825165 3.823284 3.759187 3.759187 3.543259 3.190719 2.731083 2.752498 2.752498 2.918301 2.918301 3.064401 3.064401 3.128512 3.242946 3.242946 3.341226 3.341226 3.454017 3.454017 3.454017 3.501531 3.501531 3.522614 3.522614 3.520851 3.520851 3.503175 3.503175 3.477087 3.477087 3.477087 3.449507
